iteration,job object,job ID,job Length,job ressource requirement,job enter time,job start time,job finish time,job waiting time,current time
1,<environment.Job instance at 0x7f549f6d1f50>,11,2,[3 9],12,35,37,23,35
1,<environment.Job instance at 0x7f549f6d1e10>,12,3,[6 3],13,36,39,23,35
1,<environment.Job instance at 0x7f549f6d50f0>,15,3,[10  2],16,39,42,23,35
1,<environment.Job instance at 0x7f549f6d5550>,17,3,[10  3],18,43,46,25,43
1,<environment.Job instance at 0x7f54a2775f00>,0,27,[9 1],1,1,28,0,1
1,<environment.Job instance at 0x7f549f6d5550>,2,3,[ 3 11],3,7,10,4,7
1,<environment.Job instance at 0x7f54a27757d0>,8,1,[5 7],9,10,11,1,9
1,<environment.Job instance at 0x7f54a27759b0>,10,24,[ 3 10],11,11,35,0,11
1,<environment.Job instance at 0x7f54a27752d0>,12,20,[9 1],13,28,48,15,19
1,<environment.Job instance at 0x7f54a29abfa0>,17,26,[5 4],18,35,61,17,32
1,<environment.Job instance at 0x7f54a29ab820>,18,22,[5 6],19,48,70,29,41
1,<environment.Job instance at 0x7f54a29a2190>,2,27,[ 3 13],3,3,30,0,3
1,<environment.Job instance at 0x7f54639caeb0>,10,20,[5 7],11,30,50,19,21
1,<environment.Job instance at 0x7f54639cad20>,8,20,[5 7],9,30,50,21,21
1,<environment.Job instance at 0x7f5463abfcd0>,23,3,[1 5],24,50,53,26,46
1,<environment.Job instance at 0x7f5463ec5f50>,6,2,[8 2],7,7,9,0,7
1,<environment.Job instance at 0x7f5463b37370>,9,3,[4 8],10,10,13,0,10
1,<environment.Job instance at 0x7f5463b37e10>,12,1,[10  1],13,13,14,0,13
1,<environment.Job instance at 0x7f5463b37eb0>,15,3,[5 5],16,18,21,2,18
1,<environment.Job instance at 0x7f5463b374b0>,16,22,[11  3],17,21,43,4,18
1,<environment.Job instance at 0x7f5463aa0c80>,20,3,[9 1],21,43,46,22,37
1,<environment.Job instance at 0x7f5463aa0230>,22,1,[ 5 10],23,43,44,20,37
1,<environment.Job instance at 0x7f5463aa0140>,24,1,[9 4],25,46,47,21,37
1,<environment.Job instance at 0x7f5463aa02d0>,25,25,[3 9],26,44,69,18,40
1,<environment.Job instance at 0x7f5463a9b230>,3,27,[5 3],4,4,31,0,4
1,<environment.Job instance at 0x7f5463aa01e0>,1,2,[12  1],2,31,33,29,7
1,<environment.Job instance at 0x7f5463db7640>,7,1,[1 6],8,8,9,0,8
1,<environment.Job instance at 0x7f5463db7780>,8,22,[9 2],9,9,31,0,9
1,<environment.Job instance at 0x7f5463db7870>,9,3,[ 4 12],10,33,36,23,30
1,<environment.Job instance at 0x7f5463db7d70>,18,28,[7 4],19,44,72,25,44
1,<environment.Job instance at 0x7f5463db7eb0>,19,1,[9 2],20,72,73,52,44
1,<environment.Job instance at 0x7f5463db7fa0>,20,2,[4 5],21,44,46,23,44
1,<environment.Job instance at 0x7f5463dd0140>,22,1,[3 8],23,46,47,23,44
1,<environment.Job instance at 0x7f549ed77500>,10,2,[8 3],11,11,13,0,11
1,<environment.Job instance at 0x7f549ed77050>,12,2,[14  5],13,13,15,0,13
1,<environment.Job instance at 0x7f549ed773c0>,13,21,[9 5],14,15,36,1,14
1,<environment.Job instance at 0x7f549ed77b90>,16,22,[6 1],17,19,41,2,19
1,<environment.Job instance at 0x7f549ed77870>,18,21,[5 1],19,36,57,17,28
1,<environment.Job instance at 0x7f549ed77a50>,19,1,[8 5],20,41,42,21,28
1,<environment.Job instance at 0x7f549ed77be0>,20,1,[9 5],21,42,43,21,28
1,<environment.Job instance at 0x7f549ed0c410>,2,27,[ 2 13],3,3,30,0,3
1,<environment.Job instance at 0x7f549f6bf050>,8,1,[12  5],9,30,31,21,22
1,<environment.Job instance at 0x7f549f6bf280>,5,18,[9 5],6,32,50,26,32
1,<environment.Job instance at 0x7f54a1da0820>,22,2,[9 3],23,50,52,27,32
1,<environment.Job instance at 0x7f5463e18b40>,24,3,[5 8],25,41,44,16,41
1,<environment.Job instance at 0x7f549f6cc9b0>,25,2,[2 6],26,44,46,18,41
1,<environment.Job instance at 0x7f549ee1c280>,0,1,[2 5],1,2,3,1,2
1,<environment.Job instance at 0x7f5463ce4870>,9,22,[1 6],10,10,32,0,10
1,<environment.Job instance at 0x7f549ee1c6e0>,11,25,[10  4],12,12,37,0,12
1,<environment.Job instance at 0x7f5463aec410>,14,22,[1 9],15,32,54,17,25
1,<environment.Job instance at 0x7f5463aff140>,22,2,[6 3],23,37,39,14,34
1,<environment.Job instance at 0x7f5463aff1e0>,23,24,[3 6],24,39,63,15,34
1,<environment.Job instance at 0x7f5463aff460>,25,20,[3 8],26,54,74,28,45
1,<environment.Job instance at 0x7f549ed23370>,3,27,[7 5],4,4,31,0,4
1,<environment.Job instance at 0x7f5463d088c0>,10,2,[9 4],11,31,33,20,11
1,<environment.Job instance at 0x7f5463d080a0>,14,3,[2 5],15,23,26,8,23
1,<environment.Job instance at 0x7f549fb14140>,15,25,[3 7],16,26,51,10,23
1,<environment.Job instance at 0x7f549ed4b690>,20,1,[ 4 12],21,51,52,30,36
1,<environment.Job instance at 0x7f549ed4b2d0>,21,1,[10  1],22,36,37,14,36
1,<environment.Job instance at 0x7f549ed4bd20>,23,1,[5 2],24,48,49,24,48
1,<environment.Job instance at 0x7f549ed4b190>,5,1,[12  4],6,6,7,0,6
1,<environment.Job instance at 0x7f549ec95eb0>,9,3,[8 5],10,11,14,1,11
1,<environment.Job instance at 0x7f549ec95e10>,12,27,[5 5],13,13,40,0,13
1,<environment.Job instance at 0x7f549fb771e0>,14,25,[1 7],15,15,40,0,15
1,<environment.Job instance at 0x7f54a1e1e050>,1,24,[1 9],2,2,26,0,2
1,<environment.Job instance at 0x7f5463f58140>,7,23,[10  4],8,8,31,0,8
1,<environment.Job instance at 0x7f5463d2ac30>,13,3,[ 5 13],14,31,34,17,25
1,<environment.Job instance at 0x7f5463da8e60>,17,1,[11  4],18,34,35,16,25
1,<environment.Job instance at 0x7f546379dcd0>,18,1,[5 3],19,26,27,7,25
1,<environment.Job instance at 0x7f546379deb0>,23,1,[8 5],24,45,46,21,45
1,<environment.Job instance at 0x7f54a1cbd3c0>,9,1,[8 3],10,10,11,0,10
1,<environment.Job instance at 0x7f54a1c9f190>,12,3,[4 9],13,13,16,0,13
1,<environment.Job instance at 0x7f54a1c9fe10>,22,2,[5 5],23,35,37,12,35
1,<environment.Job instance at 0x7f54a1c9feb0>,23,1,[7 1],24,35,36,11,35
1,<environment.Job instance at 0x7f54a1c9f320>,4,2,[9 2],5,7,9,2,7
1,<environment.Job instance at 0x7f549ee21fa0>,9,2,[ 4 10],10,10,12,0,10
1,<environment.Job instance at 0x7f549ee21d70>,14,24,[4 5],15,19,43,4,19
1,<environment.Job instance at 0x7f549ee21780>,20,2,[6 4],21,39,41,18,39
1,<environment.Job instance at 0x7f549ee21b40>,21,2,[3 5],22,39,41,17,39
1,<environment.Job instance at 0x7f5463d0c5f0>,9,21,[1 9],10,10,31,0,10
1,<environment.Job instance at 0x7f5463d0c370>,10,27,[6 4],11,11,38,0,11
1,<environment.Job instance at 0x7f549ec88c30>,18,22,[7 5],19,31,53,12,24
1,<environment.Job instance at 0x7f5463cf2690>,22,24,[1 6],23,31,55,8,28
1,<environment.Job instance at 0x7f5463d0caf0>,11,1,[11  4],12,53,54,41,44
1,<environment.Job instance at 0x7f54637b66e0>,2,1,[6 3],3,5,6,2,5
1,<environment.Job instance at 0x7f549edf4e10>,8,24,[4 7],9,9,33,0,9
1,<environment.Job instance at 0x7f549edb94b0>,16,2,[3 6],17,18,20,1,18
1,<environment.Job instance at 0x7f549edb97d0>,19,3,[14  1],20,33,36,13,28
1,<environment.Job instance at 0x7f549edb99b0>,20,20,[4 6],21,36,56,15,28
1,<environment.Job instance at 0x7f549edb9a50>,21,2,[8 4],22,28,30,6,28
1,<environment.Job instance at 0x7f549edb9aa0>,22,2,[8 4],23,30,32,7,28
1,<environment.Job instance at 0x7f549edb9af0>,9,1,[ 5 14],10,13,14,3,13
1,<environment.Job instance at 0x7f5463895b90>,14,3,[7 4],15,32,35,17,32
1,<environment.Job instance at 0x7f5463895d20>,15,2,[4 5],16,32,34,16,32
1,<environment.Job instance at 0x7f54637c8b40>,10,19,[4 5],11,15,34,4,15
1,<environment.Job instance at 0x7f549f9c5c30>,15,1,[5 8],16,31,32,15,31
1,<environment.Job instance at 0x7f549f9c5fa0>,17,2,[9 3],18,32,34,14,32
1,<environment.Job instance at 0x7f54a2346230>,19,1,[5 4],20,47,48,27,47
1,<environment.Job instance at 0x7f549f9c5eb0>,20,23,[9 4],21,47,70,26,47
1,<environment.Job instance at 0x7f546402c280>,3,24,[ 5 11],4,4,28,0,4
1,<environment.Job instance at 0x7f54a20393c0>,13,1,[10  5],14,29,30,15,29
1,<environment.Job instance at 0x7f54a1e47e10>,15,2,[8 3],16,34,36,18,34
1,<environment.Job instance at 0x7f54a1e47e60>,16,3,[ 5 10],17,34,37,17,34
1,<environment.Job instance at 0x7f549fa27550>,0,1,[8 1],1,3,4,2,3
1,<environment.Job instance at 0x7f549fa27870>,3,1,[12  4],4,4,5,0,4
1,<environment.Job instance at 0x7f549fa272d0>,7,20,[1 8],8,8,28,0,8
1,<environment.Job instance at 0x7f549fa27aa0>,11,21,[4 9],12,28,49,16,20
1,<environment.Job instance at 0x7f549fa279b0>,15,23,[8 4],16,20,43,4,20
1,<environment.Job instance at 0x7f5463bb2b90>,17,20,[5 7],18,49,69,31,40
1,<environment.Job instance at 0x7f549fa275f0>,10,2,[ 2 12],11,69,71,58,43
1,<environment.Job instance at 0x7f5463bb2870>,21,3,[2 6],22,43,46,21,43
1,<environment.Job instance at 0x7f5463bb29b0>,23,3,[8 3],24,46,49,22,44
1,<environment.Job instance at 0x7f5463bb26e0>,26,1,[7 4],27,49,50,22,47
1,<environment.Job instance at 0x7f549ed48050>,5,1,[ 2 10],6,7,8,1,7
1,<environment.Job instance at 0x7f54a1d66460>,8,2,[ 1 13],9,9,11,0,9
1,<environment.Job instance at 0x7f5463f62370>,10,28,[ 2 14],11,11,39,0,11
1,<environment.Job instance at 0x7f549ed48be0>,11,28,[5 1],12,17,45,5,17
1,<environment.Job instance at 0x7f54637ea500>,23,23,[7 4],24,39,62,15,33
1,<environment.Job instance at 0x7f509a9ebe60>,10,1,[7 3],11,17,18,6,17
1,<environment.Job instance at 0x7f509a9ebf50>,11,2,[3 9],12,17,19,5,17
1,<environment.Job instance at 0x7f509a9ebfa0>,12,3,[6 3],13,19,22,6,19
1,<environment.Job instance at 0x7f509a9ef320>,15,3,[10  2],16,29,32,13,29
1,<environment.Job instance at 0x7f509a9ef690>,20,1,[3 7],21,58,59,37,58
1,<environment.Job instance at 0x7f509a9ef6e0>,22,2,[12  3],23,59,61,36,59
1,<environment.Job instance at 0x7f50a1f6cc30>,0,24,[ 3 10],1,1,25,0,1
1,<environment.Job instance at 0x7f509a9ef6e0>,2,20,[9 1],3,3,23,0,3
1,<environment.Job instance at 0x7f50a1f74640>,7,26,[5 4],8,23,49,15,20
1,<environment.Job instance at 0x7f50a1f74f00>,8,22,[5 6],9,25,47,16,20
1,<environment.Job instance at 0x7f50a1f6c640>,6,3,[ 2 10],7,47,50,40,43
1,<environment.Job instance at 0x7f50a1e25050>,25,19,[14  4],26,50,69,24,49
1,<environment.Job instance at 0x7f50a1e25870>,30,3,[7 2],31,69,72,38,49
1,<environment.Job instance at 0x7f50a1e25370>,32,2,[2 5],33,69,71,36,56
1,<environment.Job instance at 0x7f50a1e256e0>,34,2,[4 7],35,69,71,34,57
1,<environment.Job instance at 0x7f5056d13aa0>,0,2,[5 6],1,2,4,1,2
1,<environment.Job instance at 0x7f5056d13870>,6,2,[9 1],7,7,9,0,7
1,<environment.Job instance at 0x7f5056d134b0>,7,3,[1 8],8,8,11,0,8
1,<environment.Job instance at 0x7f5056d0c640>,13,3,[2 9],14,15,18,1,15
1,<environment.Job instance at 0x7f5056d0c730>,22,2,[4 9],23,57,59,34,57
1,<environment.Job instance at 0x7f5056d92fa0>,3,1,[3 9],4,5,6,1,5
1,<environment.Job instance at 0x7f50571b6be0>,6,26,[9 1],7,7,33,0,7
1,<environment.Job instance at 0x7f505713d730>,11,3,[8 2],12,33,36,21,12
1,<environment.Job instance at 0x7f505713d910>,16,23,[5 8],17,17,40,0,17
1,<environment.Job instance at 0x7f505713d820>,21,2,[12  1],22,40,42,18,36
1,<environment.Job instance at 0x7f50572bcb40>,23,27,[5 3],24,42,69,18,40
1,<environment.Job instance at 0x7f50572bc1e0>,27,1,[1 6],28,45,46,17,45
1,<environment.Job instance at 0x7f50572bcf00>,28,22,[9 2],29,45,67,16,45
1,<environment.Job instance at 0x7f5056e6b820>,0,28,[7 3],1,1,29,0,1
1,<environment.Job instance at 0x7f505739c140>,15,2,[9 2],16,29,31,13,23
1,<environment.Job instance at 0x7f505739c500>,16,2,[5 1],17,23,25,6,23
1,<environment.Job instance at 0x7f505739c5a0>,17,1,[1 7],18,23,24,5,23
1,<environment.Job instance at 0x7f505739c370>,20,2,[8 3],21,31,33,10,30
1,<environment.Job instance at 0x7f505739c8c0>,21,19,[ 3 14],22,33,52,11,30
1,<environment.Job instance at 0x7f505739c960>,22,2,[14  5],23,52,54,29,30
1,<environment.Job instance at 0x7f505739c690>,23,21,[9 5],24,54,75,30,46
1,<environment.Job instance at 0x7f505739cd70>,26,22,[6 1],27,54,76,27,47
1,<environment.Job instance at 0x7f505739cf00>,2,27,[ 2 13],3,3,30,0,3
1,<environment.Job instance at 0x7f509a992fa0>,8,1,[12  5],9,30,31,21,23
1,<environment.Job instance at 0x7f50a16b8780>,24,3,[5 8],25,48,51,23,48
1,<environment.Job instance at 0x7f50a16b8960>,25,2,[2 6],26,48,50,22,48
1,<environment.Job instance at 0x7f50a16b8cd0>,28,2,[1 7],29,56,58,27,56
1,<environment.Job instance at 0x7f509ad19d20>,1,25,[10  4],2,2,27,0,2
1,<environment.Job instance at 0x7f509a9d4820>,4,22,[1 9],5,5,27,0,5
1,<environment.Job instance at 0x7f50a1526730>,13,24,[3 6],14,27,51,13,22
1,<environment.Job instance at 0x7f50a15260f0>,15,20,[3 8],16,27,47,11,22
1,<environment.Job instance at 0x7f50a1526410>,17,27,[9 5],18,47,74,29,45
1,<environment.Job instance at 0x7f50a1526fa0>,21,3,[10  4],22,74,77,52,48
1,<environment.Job instance at 0x7f50572d3550>,22,2,[6 4],23,51,53,28,48
1,<environment.Job instance at 0x7f505717ca50>,23,2,[ 3 14],24,77,79,53,50
1,<environment.Job instance at 0x7f50572d3870>,24,2,[1 9],25,53,55,28,50
1,<environment.Job instance at 0x7f50a1392fa0>,0,1,[ 4 12],1,2,3,1,2
1,<environment.Job instance at 0x7f509abe2d70>,1,1,[10  1],2,2,3,0,2
1,<environment.Job instance at 0x7f5056b6e050>,8,21,[9 5],9,9,30,0,9
1,<environment.Job instance at 0x7f5056b6e1e0>,9,3,[12  1],10,30,33,20,20
1,<environment.Job instance at 0x7f5056ba65f0>,13,2,[ 4 10],14,20,22,6,20
1,<environment.Job instance at 0x7f50570a8500>,18,3,[ 2 10],19,34,37,15,34
1,<environment.Job instance at 0x7f5057080dc0>,20,3,[9 1],21,35,38,14,35
1,<environment.Job instance at 0x7f50570a8eb0>,21,2,[5 6],22,37,39,15,35
1,<environment.Job instance at 0x7f50570828c0>,22,2,[3 5],23,38,40,15,36
1,<environment.Job instance at 0x7f50572a9d20>,25,24,[3 9],26,50,74,24,50
1,<environment.Job instance at 0x7f5056d13dc0>,1,24,[4 8],2,2,26,0,2
1,<environment.Job instance at 0x7f509ac26230>,11,1,[11  1],12,21,22,9,21
1,<environment.Job instance at 0x7f5056d13500>,5,19,[7 5],6,26,45,20,26
1,<environment.Job instance at 0x7f509ac264b0>,20,19,[2 7],21,29,48,8,29
1,<environment.Job instance at 0x7f509ac266e0>,21,24,[1 9],22,48,72,26,43
1,<environment.Job instance at 0x7f50a19b8190>,24,1,[2 5],25,45,46,20,44
1,<environment.Job instance at 0x7f50a19b80f0>,22,3,[ 3 10],23,72,75,49,46
1,<environment.Job instance at 0x7f50a19b8320>,27,23,[10  4],28,46,69,18,46
1,<environment.Job instance at 0x7f509a818820>,5,1,[8 1],6,6,7,0,6
1,<environment.Job instance at 0x7f50570dc870>,14,2,[10  3],15,20,22,5,20
1,<environment.Job instance at 0x7f50a13f8fa0>,2,3,[11  3],3,28,31,25,28
1,<environment.Job instance at 0x7f50a16da870>,19,1,[8 3],20,31,32,11,28
1,<environment.Job instance at 0x7f5056abc2d0>,21,3,[1 6],22,37,40,15,37
1,<environment.Job instance at 0x7f509a92a690>,22,3,[4 9],23,37,40,14,37
1,<environment.Job instance at 0x7f50a153d4b0>,30,1,[5 1],31,55,56,24,55
1,<environment.Job instance at 0x7f50a1492e10>,9,2,[ 4 10],10,10,12,0,10
1,<environment.Job instance at 0x7f50a1690d20>,10,1,[9 5],11,11,12,0,11
1,<environment.Job instance at 0x7f50a1690190>,14,24,[4 5],15,15,39,0,15
1,<environment.Job instance at 0x7f509a8858c0>,19,3,[5 9],20,33,36,13,33
1,<environment.Job instance at 0x7f509ab38eb0>,25,2,[2 9],26,48,50,22,48
1,<environment.Job instance at 0x7f509a86e460>,27,1,[3 6],28,53,54,25,53
1,<environment.Job instance at 0x7f50571763c0>,30,3,[10  4],31,53,56,22,53
1,<environment.Job instance at 0x7f5056e34d70>,0,27,[6 4],1,1,28,0,1
1,<environment.Job instance at 0x7f5057176960>,1,1,[11  4],2,28,29,26,8
1,<environment.Job instance at 0x7f5057340410>,8,22,[7 5],9,29,51,20,22
1,<environment.Job instance at 0x7f5057340870>,12,24,[1 6],13,22,46,9,22
1,<environment.Job instance at 0x7f5057340cd0>,19,2,[9 1],20,51,53,31,41
1,<environment.Job instance at 0x7f5057340640>,23,13,[5 1],24,54,67,30,54
1,<environment.Job instance at 0x7f5057365230>,24,3,[ 2 12],25,54,57,29,54
1,<environment.Job instance at 0x7f5057365280>,25,2,[3 5],26,57,59,31,54
1,<environment.Job instance at 0x7f5057365500>,27,2,[8 4],28,59,61,31,54
1,<environment.Job instance at 0x7f50571763c0>,2,15,[10  1],3,61,76,58,59
1,<environment.Job instance at 0x7f5057365780>,30,1,[9 4],31,76,77,45,59
1,<environment.Job instance at 0x7f50573658c0>,31,2,[ 3 14],32,67,69,35,59
1,<environment.Job instance at 0x7f5057340550>,0,20,[4 6],1,1,21,0,1
1,<environment.Job instance at 0x7f509a848820>,8,2,[13  3],9,21,23,12,16
1,<environment.Job instance at 0x7f5056e860a0>,18,20,[3 8],19,23,43,4,20
1,<environment.Job instance at 0x7f509ad15d70>,20,24,[10  4],21,31,55,10,31
1,<environment.Job instance at 0x7f509ad15500>,21,21,[4 7],22,43,64,21,35
1,<environment.Job instance at 0x7f509ad152d0>,24,1,[ 2 11],25,64,65,39,56
1,<environment.Job instance at 0x7f509ad151e0>,25,2,[4 7],26,56,58,30,56
1,<environment.Job instance at 0x7f509ad15fa0>,27,1,[2 6],28,58,59,30,56
1,<environment.Job instance at 0x7f509ad158c0>,29,19,[5 5],30,65,84,35,57
1,<environment.Job instance at 0x7f5056fa3c80>,2,1,[12  5],3,6,7,3,6
1,<environment.Job instance at 0x7f50570800f0>,15,1,[7 3],16,16,17,0,16
1,<environment.Job instance at 0x7f50570807d0>,17,2,[7 2],18,18,20,0,18
1,<environment.Job instance at 0x7f5057080460>,19,1,[5 7],20,20,21,0,20
1,<environment.Job instance at 0x7f509a890370>,21,3,[3 9],22,26,29,4,26
1,<environment.Job instance at 0x7f509a890410>,23,18,[5 5],24,35,53,11,35
1,<environment.Job instance at 0x7f509a890960>,27,2,[ 3 10],28,51,53,23,51
1,<environment.Job instance at 0x7f50a13932d0>,0,26,[4 9],1,1,27,0,1
1,<environment.Job instance at 0x7f50a161e370>,7,23,[5 3],8,8,31,0,8
1,<environment.Job instance at 0x7f50a161e820>,13,24,[ 5 11],14,27,51,13,22
1,<environment.Job instance at 0x7f50a13dc410>,3,1,[12  4],4,6,7,2,6
1,<environment.Job instance at 0x7f50a13dcc30>,7,20,[1 8],8,8,28,0,8
1,<environment.Job instance at 0x7f50a13dcaf0>,11,21,[4 9],12,28,49,16,20
1,<environment.Job instance at 0x7f50a1953aa0>,15,23,[8 4],16,20,43,4,20
1,<environment.Job instance at 0x7f5057279a50>,17,20,[5 7],18,49,69,31,40
1,<environment.Job instance at 0x7f50a1953a00>,10,2,[ 2 12],11,69,71,58,43
1,<environment.Job instance at 0x7f50a1445640>,0,28,[ 2 14],1,1,29,0,1
1,<environment.Job instance at 0x7f50a19cbdc0>,1,28,[5 1],2,2,30,0,2
1,<environment.Job instance at 0x7f50a1ced2d0>,13,23,[7 4],14,29,52,15,23
1,<environment.Job instance at 0x7f50a13e4f50>,23,3,[13  5],24,52,55,28,40
1,<environment.Job instance at 0x7f509add7050>,26,27,[5 2],27,55,82,28,53
1,<environment.Job instance at 0x7f50a159f640>,28,13,[1 5],29,55,68,26,55
1,<environment.Job instance at 0x7f5056f034b0>,5,21,[9 3],6,6,27,0,6
1,<environment.Job instance at 0x7f5057150a00>,7,25,[9 4],8,27,52,19,23
1,<environment.Job instance at 0x7f509aef6550>,19,28,[6 1],20,32,60,12,32
1,<environment.Job instance at 0x7f5056da6410>,16,18,[8 1],17,52,70,35,52
1,<environment.Job instance at 0x7f50a1541c80>,14,22,[4 9],15,20,42,5,20
1,<environment.Job instance at 0x7f50a15419b0>,15,1,[1 9],16,42,43,26,20
1,<environment.Job instance at 0x7f50a1541370>,16,21,[5 5],17,20,41,3,20
1,<environment.Job instance at 0x7f509aa2b0f0>,23,2,[13  2],24,42,44,18,42
1,<environment.Job instance at 0x7f509aa2b1e0>,25,25,[1 6],26,51,76,25,51
1,<environment.Job instance at 0x7f509aa2bfa0>,26,1,[5 5],27,51,52,24,51
1,<environment.Job instance at 0x7f509aa2b5f0>,30,27,[11  2],31,56,83,25,56
1,<environment.Job instance at 0x7f5056e7b820>,0,20,[9 3],1,1,21,0,1
1,<environment.Job instance at 0x7f509ad195f0>,8,26,[8 2],9,21,47,12,18
1,<environment.Job instance at 0x7f5056e7ba00>,7,1,[ 1 13],8,25,26,17,25
1,<environment.Job instance at 0x7f5056e7b960>,4,2,[6 1],5,26,28,21,25
1,<environment.Job instance at 0x7f50a13ae690>,18,3,[10  2],19,47,50,28,43
1,<environment.Job instance at 0x7f505700c320>,15,25,[ 3 14],16,50,75,34,46
1,<environment.Job instance at 0x7f509a92cfa0>,20,2,[4 6],21,46,48,25,46
1,<environment.Job instance at 0x7f505717df00>,21,3,[ 4 13],22,75,78,53,49
1,<environment.Job instance at 0x7f27fe25b730>,10,1,[7 3],11,17,18,6,17
1,<environment.Job instance at 0x7f27fe25b8c0>,11,2,[3 9],12,17,19,5,17
1,<environment.Job instance at 0x7f27fe25b960>,12,3,[6 3],13,20,23,7,20
1,<environment.Job instance at 0x7f27fe25bb90>,15,3,[10  2],16,37,40,21,37
1,<environment.Job instance at 0x7f27fe25beb0>,20,1,[3 7],21,59,60,38,59
1,<environment.Job instance at 0x7f27fe25bfa0>,21,3,[ 2 10],22,60,63,38,60
1,<environment.Job instance at 0x7f27fe25bf00>,22,2,[12  3],23,62,64,39,62
1,<environment.Job instance at 0x7f27fe25c140>,24,3,[5 9],25,64,67,39,64
1,<environment.Job instance at 0x7f27fe25c1e0>,25,3,[1 6],26,64,67,38,64
1,<environment.Job instance at 0x7f27fe25c190>,26,22,[2 9],27,67,89,40,64
1,<environment.Job instance at 0x7f27fe25c410>,28,2,[5 9],29,89,91,60,65
1,<environment.Job instance at 0x7f28057d1cd0>,8,19,[8 4],9,9,28,0,9
1,<environment.Job instance at 0x7f28057e4d70>,16,3,[5 6],17,18,21,1,18
1,<environment.Job instance at 0x7f28057da280>,20,3,[7 2],21,23,26,2,23
1,<environment.Job instance at 0x7f28057e4230>,15,19,[14  4],16,28,47,12,24
1,<environment.Job instance at 0x7f28057dec30>,25,23,[3 7],26,47,70,21,41
1,<environment.Job instance at 0x7f28057def50>,26,2,[4 8],27,47,49,20,41
1,<environment.Job instance at 0x7f28057de370>,29,2,[10  4],30,49,51,19,41
1,<environment.Job instance at 0x7f28057dec80>,31,1,[9 4],32,51,52,19,45
1,<environment.Job instance at 0x7f28057de690>,32,27,[ 3 13],33,70,97,37,68
1,<environment.Job instance at 0x7f27ba5f8410>,13,1,[5 6],14,15,16,1,15
1,<environment.Job instance at 0x7f27ba5f86e0>,21,3,[1 5],22,36,39,14,36
1,<environment.Job instance at 0x7f27ba5f8140>,22,1,[10  1],23,36,37,13,36
1,<environment.Job instance at 0x7f27ba5f8af0>,25,3,[5 5],26,42,45,16,42
1,<environment.Job instance at 0x7f27ba5f81e0>,26,22,[11  3],27,45,67,18,42
1,<environment.Job instance at 0x7f27ba5f8230>,30,3,[9 1],31,67,70,36,58
1,<environment.Job instance at 0x7f27ba6103c0>,32,1,[ 5 10],33,67,68,34,58
1,<environment.Job instance at 0x7f27ba610af0>,34,1,[9 4],35,70,71,35,67
1,<environment.Job instance at 0x7f27ba6107d0>,35,25,[3 9],36,68,93,32,67
1,<environment.Job instance at 0x7f27ba610230>,36,1,[7 4],37,71,72,34,67
1,<environment.Job instance at 0x7f27ba9ea050>,8,28,[7 4],9,10,38,1,10
1,<environment.Job instance at 0x7f27baa276e0>,14,28,[9 1],15,38,66,23,37
1,<environment.Job instance at 0x7f27ba5dcf00>,5,1,[ 4 10],6,7,8,1,7
1,<environment.Job instance at 0x7f27ba9464b0>,12,1,[13  3],13,24,25,11,24
1,<environment.Job instance at 0x7f27ba650be0>,3,3,[14  5],4,25,28,21,25
1,<environment.Job instance at 0x7f27ba946af0>,17,1,[4 8],18,28,29,10,25
1,<environment.Job instance at 0x7f27ba946d70>,21,2,[3 8],22,36,38,14,36
1,<environment.Job instance at 0x7f27ba946780>,22,27,[ 2 13],23,38,65,15,36
1,<environment.Job instance at 0x7f27ba946fa0>,24,1,[3 8],25,65,66,40,41
1,<environment.Job instance at 0x7f27ba959640>,28,1,[12  5],29,65,66,36,64
1,<environment.Job instance at 0x7f27ba9596e0>,29,1,[8 5],30,66,67,36,64
1,<environment.Job instance at 0x7f27fe018a00>,0,1,[2 5],1,1,2,0,1
1,<environment.Job instance at 0x7f27fe018410>,9,22,[1 6],10,10,32,0,10
1,<environment.Job instance at 0x7f27fe018820>,11,25,[10  4],12,12,37,0,12
1,<environment.Job instance at 0x7f27fe48c8c0>,14,22,[1 9],15,32,54,17,25
1,<environment.Job instance at 0x7f27ba4f03c0>,22,2,[6 3],23,43,45,20,43
1,<environment.Job instance at 0x7f27ba4f0aa0>,23,24,[3 6],24,45,69,21,43
1,<environment.Job instance at 0x7f27ba4f0a00>,25,20,[3 8],26,54,74,28,45
1,<environment.Job instance at 0x7f27ba4f0a50>,27,27,[9 5],28,69,96,41,67
1,<environment.Job instance at 0x7f27fe197050>,1,1,[10  1],2,2,3,0,2
1,<environment.Job instance at 0x7f27fe197a50>,0,1,[ 4 12],1,4,5,3,4
1,<environment.Job instance at 0x7f27ba71b550>,8,21,[9 5],9,9,30,0,9
1,<environment.Job instance at 0x7f27ba73f140>,9,3,[12  1],10,30,33,20,19
1,<environment.Job instance at 0x7f27ba73f5f0>,13,2,[ 4 10],14,19,21,5,19
1,<environment.Job instance at 0x7f27ba522c30>,18,3,[ 2 10],19,29,32,10,29
1,<environment.Job instance at 0x7f27ba522af0>,21,2,[5 6],22,36,38,14,36
1,<environment.Job instance at 0x7f27fe68c9b0>,25,24,[3 9],26,53,77,27,53
1,<environment.Job instance at 0x7f27ba576af0>,30,1,[2 9],31,77,78,46,67
1,<environment.Job instance at 0x7f27ba5762d0>,31,3,[9 3],32,67,70,35,67
1,<environment.Job instance at 0x7f2805669410>,1,1,[11  1],2,4,5,2,4
1,<environment.Job instance at 0x7f27bab2f640>,5,2,[7 5],6,6,8,0,6
1,<environment.Job instance at 0x7f27fe3882d0>,10,19,[2 7],11,11,30,0,11
1,<environment.Job instance at 0x7f27ba3ec320>,11,24,[1 9],12,30,54,18,25
1,<environment.Job instance at 0x7f27ba3ec190>,14,1,[2 5],15,26,27,11,26
1,<environment.Job instance at 0x7f27ba3ec780>,15,2,[9 3],16,26,28,10,26
1,<environment.Job instance at 0x7f27ba4a1f00>,17,23,[10  4],18,28,51,10,26
1,<environment.Job instance at 0x7f27bac1d230>,23,3,[ 5 13],24,54,57,30,51
1,<environment.Job instance at 0x7f27bac0df50>,27,1,[11  4],28,67,68,39,67
1,<environment.Job instance at 0x7f27bac0dd70>,28,1,[5 3],29,68,69,39,67
1,<environment.Job instance at 0x7f27ba55deb0>,10,1,[5 1],11,11,12,0,11
1,<environment.Job instance at 0x7f2804bfa550>,17,3,[12  4],18,28,31,10,28
1,<environment.Job instance at 0x7f2804bfaa50>,19,28,[1 8],20,30,58,10,30
1,<environment.Job instance at 0x7f2804bfa500>,22,3,[1 9],23,58,61,35,44
1,<environment.Job instance at 0x7f2804bfa050>,23,2,[6 5],24,44,46,20,44
1,<environment.Job instance at 0x7f2804bfafa0>,24,1,[7 3],25,46,47,21,44
1,<environment.Job instance at 0x7f27ba789c30>,19,23,[6 5],20,27,50,7,27
1,<environment.Job instance at 0x7f27ba6a33c0>,21,2,[5 7],22,34,36,12,34
1,<environment.Job instance at 0x7f27ba6a31e0>,23,1,[4 9],24,36,37,12,34
1,<environment.Job instance at 0x7f27fe171320>,26,2,[8 4],27,37,39,10,37
1,<environment.Job instance at 0x7f27ba9c4a50>,28,3,[3 9],29,39,42,10,39
1,<environment.Job instance at 0x7f2804e137d0>,29,21,[1 9],30,42,63,12,39
1,<environment.Job instance at 0x7f280502a7d0>,30,27,[6 4],31,50,77,19,48
1,<environment.Job instance at 0x7f2804e13b40>,31,1,[11  4],32,77,78,45,63
1,<environment.Job instance at 0x7f27bab0f190>,37,2,[ 2 10],38,65,67,27,65
1,<environment.Job instance at 0x7f27bab0f500>,2,1,[6 3],3,4,5,1,4
1,<environment.Job instance at 0x7f27ba3a8230>,8,24,[4 7],9,9,33,0,9
1,<environment.Job instance at 0x7f27ba46a730>,16,2,[3 6],17,19,21,2,19
1,<environment.Job instance at 0x7f27ba46a550>,18,2,[5 8],19,24,26,5,24
1,<environment.Job instance at 0x7f27fe529910>,19,3,[14  1],20,33,36,13,25
1,<environment.Job instance at 0x7f27fe529a00>,20,20,[4 6],21,36,56,15,27
1,<environment.Job instance at 0x7f27ba346410>,22,2,[8 4],23,27,29,4,27
1,<environment.Job instance at 0x7f27baad8b40>,7,27,[ 2 11],8,8,35,0,8
1,<environment.Job instance at 0x7f27baad8fa0>,12,1,[12  5],13,35,36,22,27
1,<environment.Job instance at 0x7f27baad8b90>,9,3,[11  2],10,36,39,26,34
1,<environment.Job instance at 0x7f27baabb780>,24,3,[ 3 10],25,37,40,12,37
1,<environment.Job instance at 0x7f27baabb870>,25,1,[7 3],26,39,40,13,37
1,<environment.Job instance at 0x7f27baabb910>,26,3,[5 4],27,40,43,13,38
1,<environment.Job instance at 0x7f27baabbe60>,27,2,[7 2],28,40,42,12,38
1,<environment.Job instance at 0x7f27baabbd70>,29,1,[5 7],30,46,47,16,46
1,<environment.Job instance at 0x7f27baaab140>,31,3,[3 9],32,51,54,19,51
1,<environment.Job instance at 0x7f27ba7fc2d0>,0,26,[4 9],1,1,27,0,1
1,<environment.Job instance at 0x7f27baabbeb0>,1,1,[6 5],2,3,4,1,3
1,<environment.Job instance at 0x7f27ba7fc1e0>,7,23,[5 3],8,8,31,0,8
1,<environment.Job instance at 0x7f27ba7fc910>,13,24,[ 5 11],14,27,51,13,22
1,<environment.Job instance at 0x7f27ba7fcaa0>,17,19,[1 5],18,51,70,33,41
1,<environment.Job instance at 0x7f27ba6bd820>,23,1,[10  5],24,60,61,36,60
1,<environment.Job instance at 0x7f27ba8014b0>,1,21,[4 9],2,2,23,0,2
1,<environment.Job instance at 0x7f27fe634820>,5,23,[8 4],6,6,29,0,6
1,<environment.Job instance at 0x7f27fe634b90>,7,20,[5 7],8,23,43,15,14
1,<environment.Job instance at 0x7f27fe35ab90>,16,1,[7 4],17,29,30,12,22
1,<environment.Job instance at 0x7f27ba801dc0>,0,2,[ 2 12],1,43,45,42,22
1,<environment.Job instance at 0x7f27fe35ad20>,18,3,[2 7],19,30,33,11,22
1,<environment.Job instance at 0x7f27fe35a0a0>,21,20,[ 5 13],22,45,65,23,36
1,<environment.Job instance at 0x7f27fe1c5f50>,30,24,[7 2],31,46,70,15,46
1,<environment.Job instance at 0x7f27fe1c5af0>,33,3,[10  3],34,70,73,36,61
1,<environment.Job instance at 0x7f27ba8549b0>,3,3,[13  5],4,6,9,2,6
1,<environment.Job instance at 0x7f27ba3af7d0>,6,27,[5 2],7,9,36,2,7
1,<environment.Job instance at 0x7f27ba3af6e0>,10,22,[2 5],11,11,33,0,11
1,<environment.Job instance at 0x7f27ba3ab910>,24,28,[4 5],25,31,59,6,31
1,<environment.Job instance at 0x7f27ba3ab1e0>,14,18,[10  2],15,36,54,21,34
1,<environment.Job instance at 0x7f27ba3aba50>,27,2,[ 5 13],28,59,61,31,43
1,<environment.Job instance at 0x7f27ba3abfa0>,29,1,[4 5],30,54,55,24,47
1,<environment.Job instance at 0x7f27ba3a62d0>,31,25,[10  1],32,55,80,23,51
1,<environment.Job instance at 0x7f27ba3a6370>,33,2,[5 1],34,61,63,27,59
1,<environment.Job instance at 0x7f27ba3a63c0>,3,24,[5 3],4,4,28,0,4
1,<environment.Job instance at 0x7f28051cc6e0>,5,1,[5 9],6,7,8,1,7
1,<environment.Job instance at 0x7f27ba70eb90>,11,28,[9 4],12,13,41,1,13
1,<environment.Job instance at 0x7f27ba711b90>,16,1,[6 3],17,28,29,11,26
1,<environment.Job instance at 0x7f27ba70e8c0>,7,2,[11  4],8,41,43,33,27
1,<environment.Job instance at 0x7f27ba711140>,18,19,[ 3 11],19,39,58,20,39
1,<environment.Job instance at 0x7f27baa38230>,26,21,[5 5],27,60,81,33,60
1,<environment.Job instance at 0x7f2804e2f7d0>,7,24,[5 9],8,8,32,0,8
1,<environment.Job instance at 0x7f27fe597960>,11,28,[3 6],12,12,40,0,12
1,<environment.Job instance at 0x7f27ba8b3320>,18,2,[4 6],19,32,34,13,28
1,<environment.Job instance at 0x7f27fe0e5820>,19,26,[2 6],20,34,60,14,31
1,<environment.Job instance at 0x7f27ba56b460>,20,20,[9 3],21,34,54,13,31
1,<environment.Job instance at 0x7f27fe604d20>,27,1,[ 1 13],28,60,61,32,58
1,<environment.Job instance at 0x7f2804f920a0>,28,26,[8 2],29,58,84,29,58
1,<environment.Job instance at 0x7f27bab11dc0>,31,1,[5 4],32,61,62,29,60
1,<environment.Job instance at 0x7f2804c727d0>,1,24,[14  3],2,2,26,0,2
1,<environment.Job instance at 0x7f27baa93780>,3,24,[10  2],4,26,50,22,21
1,<environment.Job instance at 0x7f27babe00f0>,4,2,[3 6],5,26,28,21,22
1,<environment.Job instance at 0x7f27ba63c0a0>,11,2,[1 9],12,22,24,10,22
1,<environment.Job instance at 0x7f27fe48fe10>,23,3,[ 4 10],24,56,59,32,56
1,<environment.Job instance at 0x7f27fe48fa50>,25,27,[4 5],26,56,83,30,56
1,<environment.Job instance at 0x7f27fe48fcd0>,26,1,[12  2],27,83,84,56,59
1,<environment.Job instance at 0x7f2804c5e320>,4,1,[13  5],5,8,9,3,8
1,<environment.Job instance at 0x7f2804c5e8c0>,6,1,[5 7],7,9,10,2,9
1,<environment.Job instance at 0x7f2804c5ed20>,10,25,[5 3],11,11,36,0,11
1,<environment.Job instance at 0x7f2804c5e410>,12,2,[3 7],13,13,15,0,13
1,<environment.Job instance at 0x7f27fe030050>,15,2,[8 1],16,16,18,0,16
1,<environment.Job instance at 0x7f27fe030640>,17,1,[ 4 10],18,25,26,7,25
1,<environment.Job instance at 0x7f27fe030690>,19,28,[3 9],20,26,54,6,25
1,<environment.Job instance at 0x7f27fe030f00>,22,23,[3 7],23,54,77,31,48
1,<environment.Job instance at 0x7f27fe030550>,23,3,[8 1],24,48,51,24,48
1,<environment.Job instance at 0x7f2804c867d0>,26,3,[ 5 14],27,77,80,50,65
1,<environment.Job instance at 0x7f27fe7385a0>,11,1,[6 3],12,12,13,0,12
1,<environment.Job instance at 0x7f2804e22730>,14,1,[4 8],15,15,16,0,15
1,<environment.Job instance at 0x7f27baaf56e0>,16,27,[2 9],17,17,44,0,17
1,<environment.Job instance at 0x7f27ba2ebe10>,21,1,[10  1],22,38,39,16,38
1,<environment.Job instance at 0x7f27fdfdc190>,22,22,[8 1],23,39,61,16,38
1,<environment.Job instance at 0x7f2804c53730>,25,3,[ 1 13],26,50,53,24,50
1,<environment.Job instance at 0x7f27ba5ce5a0>,26,2,[14  2],27,61,63,34,50
1,<environment.Job instance at 0x7f2805560e60>,29,2,[10  2],30,65,67,35,65
1,<environment.Job instance at 0x7f27fe62c280>,30,2,[14  4],31,67,69,36,65
1,<environment.Job instance at 0x7f27fe62c780>,31,27,[8 5],32,69,96,37,67
1,<environment.Job instance at 0x7f175d2b1870>,10,1,[7 3],11,30,31,19,30
1,<environment.Job instance at 0x7f175d2b1eb0>,20,1,[3 7],21,68,69,47,68
1,<environment.Job instance at 0x7f175d2b1f50>,21,3,[ 2 10],22,69,72,47,68
1,<environment.Job instance at 0x7f175d2b1f00>,22,2,[12  3],23,69,71,46,69
1,<environment.Job instance at 0x7f1762828500>,5,19,[14  4],6,10,29,4,10
1,<environment.Job instance at 0x7f1762831190>,15,23,[3 7],16,29,52,13,23
1,<environment.Job instance at 0x7f1762832140>,22,27,[ 3 13],23,52,79,29,50
1,<environment.Job instance at 0x7f1762835190>,30,20,[5 7],31,79,99,48,70
1,<environment.Job instance at 0x7f1762835c30>,28,20,[5 7],29,79,99,50,70
1,<environment.Job instance at 0x7f1717650dc0>,6,22,[11  3],7,7,29,0,7
1,<environment.Job instance at 0x7f171765b960>,15,25,[3 9],16,16,41,0,16
1,<environment.Job instance at 0x7f171765b7d0>,19,23,[2 8],20,41,64,21,35
1,<environment.Job instance at 0x7f171765b0a0>,12,1,[ 5 10],13,64,65,51,36
1,<environment.Job instance at 0x7f171765bdc0>,21,1,[5 1],22,36,37,14,36
1,<environment.Job instance at 0x7f171765be60>,22,2,[8 2],23,37,39,14,36
1,<environment.Job instance at 0x7f1717651be0>,23,1,[3 9],24,65,66,41,37
1,<environment.Job instance at 0x7f17176512d0>,26,26,[9 1],27,39,65,12,38
1,<environment.Job instance at 0x7f1717651460>,36,23,[5 8],37,72,95,35,72
1,<environment.Job instance at 0x7f1717665870>,41,2,[12  1],42,95,97,53,76
1,<environment.Job instance at 0x7f17175dd1e0>,0,28,[7 3],1,1,29,0,1
1,<environment.Job instance at 0x7f1717a02690>,9,1,[8 3],10,10,11,0,10
1,<environment.Job instance at 0x7f17174fb5f0>,11,3,[1 8],12,14,17,2,14
1,<environment.Job instance at 0x7f1717a02fa0>,15,2,[9 2],16,29,31,13,27
1,<environment.Job instance at 0x7f1717a029b0>,16,2,[5 1],17,27,29,10,27
1,<environment.Job instance at 0x7f1717a02320>,17,1,[1 7],18,27,28,9,27
1,<environment.Job instance at 0x7f1717a02640>,20,2,[8 3],21,31,33,10,28
1,<environment.Job instance at 0x7f1717a02870>,21,19,[ 3 14],22,33,52,11,29
1,<environment.Job instance at 0x7f1717a02050>,22,2,[14  5],23,52,54,29,29
1,<environment.Job instance at 0x7f1717a02dc0>,23,21,[9 5],24,54,75,30,46
1,<environment.Job instance at 0x7f1717a02e60>,26,22,[6 1],27,54,76,27,50
1,<environment.Job instance at 0x7f1717c710f0>,15,1,[5 7],16,16,17,0,16
1,<environment.Job instance at 0x7f1717c71910>,22,20,[7 3],23,55,75,32,55
1,<environment.Job instance at 0x7f1717c719b0>,23,1,[2 8],24,55,56,31,55
1,<environment.Job instance at 0x7f1717c715a0>,26,20,[6 2],27,55,75,28,55
1,<environment.Job instance at 0x7f1717c71dc0>,33,1,[2 8],34,71,72,37,71
1,<environment.Job instance at 0x7f175de00d70>,3,27,[7 5],4,4,31,0,4
1,<environment.Job instance at 0x7f175d4c6230>,14,3,[2 5],15,25,28,10,25
1,<environment.Job instance at 0x7f175d4c6f50>,15,25,[3 7],16,28,53,12,25
1,<environment.Job instance at 0x7f175d0fbe10>,19,3,[9 3],20,37,40,17,37
1,<environment.Job instance at 0x7f175d0fb9b0>,20,1,[ 4 12],21,53,54,32,37
1,<environment.Job instance at 0x7f175d0fb5f0>,21,1,[10  1],22,40,41,18,37
1,<environment.Job instance at 0x7f175d0fbc80>,23,1,[5 2],24,50,51,26,50
1,<environment.Job instance at 0x7f175d0fdaf0>,28,21,[9 5],29,78,99,49,78
1,<environment.Job instance at 0x7f175d0fd500>,29,3,[12  1],30,99,102,69,79
1,<environment.Job instance at 0x7f175d3abb40>,1,24,[4 8],2,2,26,0,2
1,<environment.Job instance at 0x7f171778ab90>,5,19,[7 5],6,6,25,0,6
1,<environment.Job instance at 0x7f175d57d820>,11,1,[11  1],12,25,26,13,19
1,<environment.Job instance at 0x7f175d57b5f0>,20,19,[2 7],21,26,45,5,23
1,<environment.Job instance at 0x7f1717a41320>,21,24,[1 9],22,45,69,23,40
1,<environment.Job instance at 0x7f1717b4f0f0>,24,1,[2 5],25,40,41,15,40
1,<environment.Job instance at 0x7f1717ab72d0>,27,23,[10  4],28,41,64,13,40
1,<environment.Job instance at 0x7f175d65a460>,33,3,[ 5 13],34,69,72,35,55
1,<environment.Job instance at 0x7f175d57b690>,16,18,[8 2],17,68,86,51,68
1,<environment.Job instance at 0x7f175d1df690>,37,1,[11  4],38,86,87,48,68
1,<environment.Job instance at 0x7f175d1df4b0>,38,1,[5 3],39,68,69,29,68
1,<environment.Job instance at 0x7f171769eeb0>,10,1,[5 1],11,11,12,0,11
1,<environment.Job instance at 0x7f171768e0a0>,12,2,[5 5],13,13,15,0,13
1,<environment.Job instance at 0x7f171768e7d0>,17,3,[12  4],18,26,29,8,26
1,<environment.Job instance at 0x7f171768ea00>,19,28,[1 8],20,34,62,14,34
1,<environment.Job instance at 0x7f171768e870>,24,1,[7 3],25,49,50,24,49
1,<environment.Job instance at 0x7f171768ef00>,29,3,[4 9],30,75,78,45,75
1,<environment.Job instance at 0x7f175d296910>,9,23,[6 5],10,10,33,0,10
1,<environment.Job instance at 0x7f175d296140>,8,2,[4 5],9,11,13,2,11
1,<environment.Job instance at 0x7f175d3825f0>,11,2,[5 7],12,13,15,1,12
1,<environment.Job instance at 0x7f175d296fa0>,12,1,[4 6],13,15,16,2,13
1,<environment.Job instance at 0x7f175d2bbc80>,13,1,[4 9],14,16,17,2,14
1,<environment.Job instance at 0x7f175d2bb910>,15,3,[9 2],16,17,20,1,16
1,<environment.Job instance at 0x7f175d2bb550>,16,2,[8 4],17,20,22,3,17
1,<environment.Job instance at 0x7f1717b09870>,17,3,[10  4],18,33,36,15,18
1,<environment.Job instance at 0x7f175d382320>,18,3,[3 9],19,22,25,3,19
1,<environment.Job instance at 0x7f1717b099b0>,19,21,[1 9],20,25,46,5,20
1,<environment.Job instance at 0x7f175d3075a0>,20,27,[6 4],21,36,63,15,34
1,<environment.Job instance at 0x7f1762441e10>,21,1,[11  4],22,63,64,41,36
1,<environment.Job instance at 0x7f175d0f2050>,28,22,[7 5],29,64,86,35,57
1,<environment.Job instance at 0x7f1717b763c0>,32,24,[1 6],33,58,82,25,58
1,<environment.Job instance at 0x7f1717add5f0>,0,20,[4 6],1,1,21,0,1
1,<environment.Job instance at 0x7f175d6a88c0>,7,1,[10  5],8,8,9,0,8
1,<environment.Job instance at 0x7f17179dc730>,8,2,[13  3],9,21,23,12,9
1,<environment.Job instance at 0x7f17179dc050>,9,1,[5 1],10,10,11,0,10
1,<environment.Job instance at 0x7f175d2f72d0>,18,20,[3 8],19,23,43,4,20
1,<environment.Job instance at 0x7f1717ba7f50>,20,24,[10  4],21,23,47,2,22
1,<environment.Job instance at 0x7f175d5c75f0>,21,21,[4 7],22,43,64,21,35
1,<environment.Job instance at 0x7f1717b51140>,24,1,[ 2 11],25,64,65,39,46
1,<environment.Job instance at 0x7f17177add70>,29,19,[5 5],30,65,84,35,55
1,<environment.Job instance at 0x7f171780f820>,33,3,[8 4],34,77,80,43,77
1,<environment.Job instance at 0x7f1717428780>,7,2,[ 3 10],8,8,10,0,8
1,<environment.Job instance at 0x7f1717428a50>,10,19,[4 5],11,11,30,0,11
1,<environment.Job instance at 0x7f1717428f00>,15,1,[5 8],16,30,31,14,30
1,<environment.Job instance at 0x7f1717428f50>,17,2,[9 3],18,36,38,18,36
1,<environment.Job instance at 0x7f1717424280>,20,23,[9 4],21,39,62,18,39
1,<environment.Job instance at 0x7f1717424320>,21,21,[8 2],22,62,83,40,54
1,<environment.Job instance at 0x7f17174240f0>,22,21,[5 7],23,54,75,31,54
1,<environment.Job instance at 0x7f175da375f0>,6,25,[6 3],7,7,32,0,7
1,<environment.Job instance at 0x7f171748b190>,14,1,[14  5],15,32,33,17,25
1,<environment.Job instance at 0x7f171748b050>,13,2,[14  3],14,33,35,19,29
1,<environment.Job instance at 0x7f17179de1e0>,19,1,[1 8],20,29,30,9,29
1,<environment.Job instance at 0x7f17179de0a0>,23,1,[12  4],24,35,36,11,29
1,<environment.Job instance at 0x7f17179de8c0>,27,20,[1 8],28,30,50,2,29
1,<environment.Job instance at 0x7f1717b51af0>,30,2,[ 2 12],31,50,52,19,41
1,<environment.Job instance at 0x7f1717b51140>,31,21,[4 9],32,52,73,20,44
1,<environment.Job instance at 0x7f1717b51f00>,34,3,[2 7],35,45,48,10,45
1,<environment.Job instance at 0x7f1717b510f0>,35,23,[8 4],36,52,75,16,46
1,<environment.Job instance at 0x7f1717b51820>,37,20,[5 7],38,73,93,35,64
1,<environment.Job instance at 0x7f1717aa7a00>,46,1,[7 4],47,75,76,28,72
1,<environment.Job instance at 0x7f175d163dc0>,0,28,[ 2 14],1,1,29,0,1
1,<environment.Job instance at 0x7f175d1636e0>,1,28,[5 1],2,2,30,0,2
1,<environment.Job instance at 0x7f171773e0f0>,13,23,[7 4],14,29,52,15,23
1,<environment.Job instance at 0x7f175dde18c0>,23,3,[13  5],24,52,55,28,39
1,<environment.Job instance at 0x7f175dde10f0>,24,3,[4 5],25,39,42,14,39
1,<environment.Job instance at 0x7f175dde10a0>,26,27,[5 2],27,55,82,28,53
1,<environment.Job instance at 0x7f17179ef2d0>,30,22,[2 5],31,69,91,38,69
1,<environment.Job instance at 0x7f17179ef050>,31,1,[8 4],32,69,70,37,69
1,<environment.Job instance at 0x7f1717401870>,36,1,[2 6],37,72,73,35,72
1,<environment.Job instance at 0x7f175d08cf50>,13,24,[5 3],14,18,42,4,18
1,<environment.Job instance at 0x7f175d08ce10>,15,1,[5 9],16,21,22,5,21
1,<environment.Job instance at 0x7f175d08c7d0>,17,2,[11  4],18,42,44,24,23
1,<environment.Job instance at 0x7f175d089050>,20,3,[8 3],21,34,37,13,34
1,<environment.Job instance at 0x7f175d089690>,21,28,[9 4],22,44,72,22,43
1,<environment.Job instance at 0x7f175d089370>,22,2,[3 6],23,43,45,20,43
1,<environment.Job instance at 0x7f175d088b40>,26,1,[6 3],27,62,63,35,62
1,<environment.Job instance at 0x7f1717c74aa0>,28,19,[ 3 11],29,70,89,41,70
1,<environment.Job instance at 0x7f1717c42050>,30,17,[10  1],31,77,94,46,77
1,<environment.Job instance at 0x7f175d7a58c0>,33,3,[8 2],34,94,97,60,78
1,<environment.Job instance at 0x7f175da00780>,7,24,[5 9],8,8,32,0,8
1,<environment.Job instance at 0x7f175d882910>,11,28,[3 6],12,12,40,0,12
1,<environment.Job instance at 0x7f175d0fa0f0>,18,2,[4 6],19,32,34,13,29
1,<environment.Job instance at 0x7f175d0fac80>,19,26,[2 6],20,34,60,14,31
1,<environment.Job instance at 0x7f175d0fa780>,20,20,[9 3],21,34,54,13,31
1,<environment.Job instance at 0x7f175d08d500>,27,1,[ 1 13],28,60,61,32,49
1,<environment.Job instance at 0x7f17177d05a0>,28,26,[8 2],29,54,80,25,51
1,<environment.Job instance at 0x7f1717628f50>,31,1,[5 4],32,54,55,22,54
1,<environment.Job instance at 0x7f1717628b40>,35,25,[ 3 14],36,80,105,44,76
1,<environment.Job instance at 0x7f175d9dbfa0>,13,3,[ 4 10],14,21,24,7,21
1,<environment.Job instance at 0x7f175d9db550>,15,27,[4 5],16,21,48,5,21
1,<environment.Job instance at 0x7f175d9db320>,16,1,[12  2],17,48,49,31,22
1,<environment.Job instance at 0x7f175d9dbe10>,18,2,[1 9],19,28,30,9,28
1,<environment.Job instance at 0x7f175d50c8c0>,26,25,[7 3],27,49,74,22,45
1,<environment.Job instance at 0x7f175d24a190>,30,26,[6 4],31,53,79,22,53
1,<environment.Job instance at 0x7f175d226730>,2,23,[3 7],3,3,26,0,3
1,<environment.Job instance at 0x7f1717a6e870>,13,1,[5 4],14,19,20,5,19
1,<environment.Job instance at 0x7f1717a6edc0>,15,1,[1 8],16,20,21,4,19
1,<environment.Job instance at 0x7f1717a6ea50>,6,3,[ 5 14],7,26,29,19,25
1,<environment.Job instance at 0x7f1717a5d9b0>,23,3,[5 3],24,45,48,21,45
1,<environment.Job instance at 0x7f1717a644b0>,25,1,[6 1],26,59,60,33,59
1,<environment.Job instance at 0x7f1717a5b190>,26,1,[ 5 10],27,59,60,32,59
1,<environment.Job instance at 0x7f17178842d0>,28,1,[1 9],29,60,61,31,60
1,<environment.Job instance at 0x7f175d26a780>,29,2,[13  4],30,60,62,30,60
1,<environment.Job instance at 0x7f175d261640>,30,2,[5 2],31,62,64,31,60
1,<environment.Job instance at 0x7f175d26a730>,32,1,[2 9],33,73,74,40,73
1,<environment.Job instance at 0x7f175d256d70>,33,20,[ 5 12],34,74,94,40,73
1,<environment.Job instance at 0x7f175d272be0>,36,1,[5 9],37,94,95,57,76
1,<environment.Job instance at 0x7f175d27f690>,37,2,[10  2],38,76,78,38,76
1,<environment.Job instance at 0x7f175d338dc0>,38,2,[8 5],39,94,96,55,76
1,<environment.Job instance at 0x7f175d293c30>,34,2,[ 5 11],35,96,98,61,76
1,<environment.Job instance at 0x7f175d6f39b0>,1,27,[8 5],2,2,29,0,2
1,<environment.Job instance at 0x7f17175ef410>,10,1,[5 2],11,19,20,8,19
1,<environment.Job instance at 0x7f175d6f32d0>,0,2,[14  4],1,29,31,28,19
1,<environment.Job instance at 0x7f1717a8c2d0>,13,26,[7 1],14,31,57,17,28
1,<environment.Job instance at 0x7f1717722460>,16,1,[7 3],17,38,39,21,38
1,<environment.Job instance at 0x7f1717722870>,21,2,[3 8],22,48,50,26,48
1,<environment.Job instance at 0x7f1717722230>,22,18,[9 1],23,57,75,34,50
1,<environment.Job instance at 0x7f175d03c780>,27,3,[1 8],28,66,69,38,66
1,<environment.Job instance at 0x7f175d4427d0>,28,3,[3 6],29,66,69,37,66
1,<environment.Job instance at 0x7f17173b93c0>,0,20,[ 4 10],1,1,21,0,1
1,<environment.Job instance at 0x7f17173b9460>,1,1,[ 3 10],2,21,22,19,4
1,<environment.Job instance at 0x7f175d783050>,6,24,[4 5],7,7,31,0,7
1,<environment.Job instance at 0x7f1717341640>,7,24,[4 8],8,22,46,14,17
1,<environment.Job instance at 0x7f175d6e1960>,22,23,[6 2],23,23,46,0,23
1,<environment.Job instance at 0x7f1717a127d0>,24,3,[ 1 12],25,51,54,26,51
1,<environment.Job instance at 0x7f175d9faf00>,31,1,[3 6],32,54,55,22,51
1,<environment.Job instance at 0x7f17175255a0>,33,1,[11  3],34,51,52,17,51
1,<environment.Job instance at 0x7f175d8a8b90>,35,28,[ 4 12],36,55,83,19,55
1,<environment.Job instance at 0x7f1717398cd0>,7,2,[10  2],8,8,10,0,8
1,<environment.Job instance at 0x7f1717c6e050>,13,3,[6 5],14,23,26,9,23
1,<environment.Job instance at 0x7f1717c6ea00>,14,19,[ 5 10],15,23,42,8,23
1,<environment.Job instance at 0x7f1717c6eb90>,17,27,[8 5],18,35,62,17,35
1,<environment.Job instance at 0x7f1717c6ecd0>,19,3,[ 1 12],20,62,65,42,41
1,<environment.Job instance at 0x7f175d26a870>,24,3,[13  1],25,62,65,37,58
1,<environment.Job instance at 0x7f175d26a5a0>,28,3,[1 7],29,69,72,40,69
1,<environment.Job instance at 0x7f175d26a500>,30,20,[8 5],31,69,89,38,69
1,<environment.Job instance at 0x7f175d26a5f0>,33,2,[6 2],34,78,80,44,78
1,<environment.Job instance at 0x7f7085d42820>,10,1,[7 3],11,16,17,5,16
1,<environment.Job instance at 0x7f7085d426e0>,11,2,[3 9],12,16,18,4,16
1,<environment.Job instance at 0x7f7085d42c30>,17,3,[10  3],18,39,42,21,39
1,<environment.Job instance at 0x7f7085d42eb0>,20,1,[3 7],21,75,76,54,75
1,<environment.Job instance at 0x7f7085d42dc0>,21,3,[ 2 10],22,76,79,54,75
1,<environment.Job instance at 0x7f7085d42f00>,22,2,[12  3],23,79,81,56,79
1,<environment.Job instance at 0x7f7085d46140>,24,3,[5 9],25,81,84,56,80
1,<environment.Job instance at 0x7f7085d461e0>,25,3,[1 6],26,80,83,54,80
1,<environment.Job instance at 0x7f7085d46050>,26,22,[2 9],27,84,106,57,80
1,<environment.Job instance at 0x7f708b17ab40>,5,23,[3 7],6,6,29,0,6
1,<environment.Job instance at 0x7f708b2c0a00>,9,2,[10  4],10,10,12,0,10
1,<environment.Job instance at 0x7f708b2b8be0>,12,27,[ 3 13],13,29,56,16,27
1,<environment.Job instance at 0x7f708b2c65f0>,18,20,[5 7],19,56,76,37,47
1,<environment.Job instance at 0x7f708b2c60f0>,20,20,[5 7],21,56,76,35,47
1,<environment.Job instance at 0x7f708b2cc5a0>,33,3,[1 5],34,76,79,42,73
1,<environment.Job instance at 0x7f708b2cc730>,36,2,[9 1],37,80,82,43,80
1,<environment.Job instance at 0x7f708b2cc320>,37,3,[1 8],38,80,83,42,80
1,<environment.Job instance at 0x7f70400e47d0>,6,26,[9 1],7,7,33,0,7
1,<environment.Job instance at 0x7f70400e4c80>,16,23,[5 8],17,17,40,0,17
1,<environment.Job instance at 0x7f70400e4d20>,21,2,[12  1],22,40,42,18,32
1,<environment.Job instance at 0x7f70400e4730>,23,27,[5 3],24,42,69,18,40
1,<environment.Job instance at 0x7f70400f2f00>,27,1,[1 6],28,49,50,21,49
1,<environment.Job instance at 0x7f70400f2b40>,28,22,[9 2],29,49,71,20,49
1,<environment.Job instance at 0x7f70400f2320>,29,3,[ 4 12],30,69,72,39,52
1,<environment.Job instance at 0x7f70404cc460>,0,1,[9 5],1,2,3,1,2
1,<environment.Job instance at 0x7f70404cc820>,4,1,[3 7],5,8,9,3,8
1,<environment.Job instance at 0x7f70404a81e0>,8,1,[ 5 14],9,9,10,0,9
1,<environment.Job instance at 0x7f70404a8280>,14,2,[1 7],15,17,19,2,17
1,<environment.Job instance at 0x7f70404a80f0>,15,1,[ 4 10],16,19,20,3,17
1,<environment.Job instance at 0x7f70404a8c30>,17,1,[9 4],18,25,26,7,25
1,<environment.Job instance at 0x7f70404a8910>,13,3,[14  5],14,26,29,12,25
1,<environment.Job instance at 0x7f70404a8eb0>,21,3,[3 6],22,29,32,7,27
1,<environment.Job instance at 0x7f70404a8b90>,22,1,[13  3],23,32,33,9,27
1,<environment.Job instance at 0x7f70404c1690>,25,1,[8 2],26,45,46,19,45
1,<environment.Job instance at 0x7f70404c1550>,27,1,[4 8],28,56,57,28,56
1,<environment.Job instance at 0x7f70404010a0>,31,2,[3 8],32,73,75,41,73
1,<environment.Job instance at 0x7f7040401af0>,32,27,[ 2 13],33,75,102,42,73
1,<environment.Job instance at 0x7f704010f320>,1,25,[10  4],2,2,27,0,2
1,<environment.Job instance at 0x7f70404015a0>,4,22,[1 9],5,5,27,0,5
1,<environment.Job instance at 0x7f704043c730>,15,20,[3 8],16,27,47,11,18
1,<environment.Job instance at 0x7f704043c550>,13,24,[3 6],14,27,51,13,22
1,<environment.Job instance at 0x7f704043c870>,17,27,[9 5],18,47,74,29,45
1,<environment.Job instance at 0x7f704043cd20>,23,2,[ 3 14],24,74,76,50,49
1,<environment.Job instance at 0x7f704043cfa0>,26,21,[6 1],27,51,72,24,49
1,<environment.Job instance at 0x7f704042f230>,29,1,[10  5],30,76,77,46,63
1,<environment.Job instance at 0x7f704042f370>,31,2,[7 4],32,77,79,45,63
1,<environment.Job instance at 0x7f704042f4b0>,33,18,[8 1],34,79,97,45,79
1,<environment.Job instance at 0x7f704042f550>,34,3,[ 3 12],35,79,82,44,79
1,<environment.Job instance at 0x7f704042f5f0>,35,27,[5 5],36,82,109,46,80
1,<environment.Job instance at 0x7f704042f690>,36,22,[2 8],37,82,104,45,80
1,<environment.Job instance at 0x7f70860fd320>,5,1,[12  4],6,6,7,0,6
1,<environment.Job instance at 0x7f70860fd140>,7,2,[5 2],8,11,13,3,11
1,<environment.Job instance at 0x7f70860fdc80>,6,2,[9 2],7,12,14,5,12
1,<environment.Job instance at 0x7f70860fddc0>,12,27,[5 5],13,13,40,0,13
1,<environment.Job instance at 0x7f70860fd910>,14,25,[1 7],15,15,40,0,15
1,<environment.Job instance at 0x7f7085b213c0>,26,27,[5 8],27,46,73,19,46
1,<environment.Job instance at 0x7f7085b21370>,29,1,[ 4 10],30,73,74,43,52
1,<environment.Job instance at 0x7f7085b21730>,30,1,[10  3],31,52,53,21,52
1,<environment.Job instance at 0x7f7085b21cd0>,31,24,[4 8],32,74,98,42,69
1,<environment.Job instance at 0x7f7085b21550>,32,3,[1 7],33,69,72,36,69
1,<environment.Job instance at 0x7f7085b219b0>,34,2,[4 8],35,98,100,63,71
1,<environment.Job instance at 0x7f7085b211e0>,35,19,[7 5],36,72,91,36,71
1,<environment.Job instance at 0x7f7085dbc460>,5,1,[8 1],6,6,7,0,6
1,<environment.Job instance at 0x7f7085f82eb0>,2,3,[11  3],3,19,22,16,19
1,<environment.Job instance at 0x7f70863375f0>,19,1,[8 3],20,29,30,9,29
1,<environment.Job instance at 0x7f7040432cd0>,21,3,[1 6],22,34,37,12,34
1,<environment.Job instance at 0x7f7086392550>,26,2,[ 3 10],27,50,52,23,50
1,<environment.Job instance at 0x7f70861093c0>,27,3,[5 1],28,50,53,22,50
1,<environment.Job instance at 0x7f7085b74c80>,30,1,[5 1],31,64,65,33,64
1,<environment.Job instance at 0x7f70864af140>,32,2,[5 5],33,65,67,32,65
1,<environment.Job instance at 0x7f70864af500>,33,1,[7 1],34,65,66,31,65
1,<environment.Job instance at 0x7f704060c690>,6,2,[5 5],7,7,9,0,7
1,<environment.Job instance at 0x7f70863700f0>,18,2,[4 5],19,27,29,8,27
1,<environment.Job instance at 0x7f7086370140>,19,23,[6 5],20,27,50,7,27
1,<environment.Job instance at 0x7f7086370320>,21,2,[5 7],22,31,33,9,31
1,<environment.Job instance at 0x7f7086370410>,23,1,[4 9],24,33,34,9,31
1,<environment.Job instance at 0x7f7086370a50>,27,3,[10  4],28,50,53,22,35
1,<environment.Job instance at 0x7f7086370960>,29,21,[1 9],30,37,58,7,37
1,<environment.Job instance at 0x7f7086370be0>,30,27,[6 4],31,53,80,22,51
1,<environment.Job instance at 0x7f7086370eb0>,31,1,[11  4],32,80,81,48,65
1,<environment.Job instance at 0x7f7086374640>,38,22,[7 5],39,81,103,42,74
1,<environment.Job instance at 0x7f7086374a00>,42,24,[1 6],43,77,101,34,77
1,<environment.Job instance at 0x7f703ff78550>,0,20,[4 6],1,1,21,0,1
1,<environment.Job instance at 0x7f703ff08230>,7,1,[10  5],8,11,12,3,11
1,<environment.Job instance at 0x7f703ff75910>,8,2,[13  3],9,21,23,12,18
1,<environment.Job instance at 0x7f7085fe83c0>,18,20,[3 8],19,23,43,4,23
1,<environment.Job instance at 0x7f7086779280>,20,24,[10  4],21,25,49,4,25
1,<environment.Job instance at 0x7f70864a5320>,21,21,[4 7],22,43,64,21,35
1,<environment.Job instance at 0x7f70864a5d70>,24,1,[ 2 11],25,64,65,39,47
1,<environment.Job instance at 0x7f7040344af0>,27,1,[2 6],28,49,50,21,47
1,<environment.Job instance at 0x7f703fef66e0>,29,19,[5 5],30,65,84,35,56
1,<environment.Job instance at 0x7f70867a99b0>,0,19,[4 5],1,3,22,2,3
1,<environment.Job instance at 0x7f70867a9190>,5,1,[5 8],6,6,7,0,6
1,<environment.Job instance at 0x7f70867a97d0>,7,2,[9 3],8,8,10,0,8
1,<environment.Job instance at 0x7f7040553d70>,9,1,[5 4],10,10,11,0,10
1,<environment.Job instance at 0x7f7085fabf50>,10,23,[9 4],11,11,34,0,11
1,<environment.Job instance at 0x7f7085f7eb40>,12,21,[5 7],13,22,43,9,14
1,<environment.Job instance at 0x7f7086651960>,18,28,[10  4],19,34,62,15,33
1,<environment.Job instance at 0x7f7085ce65f0>,23,18,[7 1],24,62,80,38,58
1,<environment.Job instance at 0x7f7086870b90>,27,3,[6 3],28,62,65,34,58
1,<environment.Job instance at 0x7f7086870b40>,29,1,[2 5],30,58,59,28,58
1,<environment.Job instance at 0x7f7040337af0>,30,26,[4 9],31,65,91,34,62
1,<environment.Job instance at 0x7f70402170a0>,37,23,[5 3],38,80,103,42,80
1,<environment.Job instance at 0x7f70406e0370>,0,1,[8 1],1,2,3,1,2
1,<environment.Job instance at 0x7f7040217dc0>,2,2,[3 6],3,3,5,0,3
1,<environment.Job instance at 0x7f70406e0230>,3,1,[12  4],4,4,5,0,4
1,<environment.Job instance at 0x7f70861ae280>,7,20,[1 8],8,8,28,0,8
1,<environment.Job instance at 0x7f70861aebe0>,11,21,[4 9],12,28,49,16,20
1,<environment.Job instance at 0x7f70861893c0>,15,23,[8 4],16,21,44,5,21
1,<environment.Job instance at 0x7f7086189500>,17,20,[5 7],18,49,69,31,40
1,<environment.Job instance at 0x7f7086189af0>,21,3,[2 6],22,46,49,24,46
1,<environment.Job instance at 0x7f7086189c30>,23,3,[8 3],24,49,52,25,49
1,<environment.Job instance at 0x7f7086189140>,10,2,[ 2 12],11,69,71,58,54
1,<environment.Job instance at 0x7f7086189cd0>,26,1,[7 4],27,54,55,27,54
1,<environment.Job instance at 0x7f70861b4050>,31,20,[ 5 13],32,71,91,39,64
1,<environment.Job instance at 0x7f70861b40a0>,32,1,[5 1],33,64,65,31,64
1,<environment.Job instance at 0x7f70861b42d0>,35,1,[6 4],36,91,92,55,77
1,<environment.Job instance at 0x7f70861b4370>,36,3,[6 1],37,78,81,41,78
1,<environment.Job instance at 0x7f70861b4410>,37,1,[5 1],38,81,82,43,78
1,<environment.Job instance at 0x7f70861b4550>,39,1,[8 1],40,82,83,42,79
1,<environment.Job instance at 0x7f70861b47d0>,40,24,[7 2],41,83,107,42,79
1,<environment.Job instance at 0x7f70865fd280>,0,22,[2 5],1,1,23,0,1
1,<environment.Job instance at 0x7f70865fdd20>,10,1,[ 2 10],11,11,12,0,11
1,<environment.Job instance at 0x7f7040632730>,12,1,[9 5],13,13,14,0,13
1,<environment.Job instance at 0x7f7085d177d0>,14,28,[4 5],15,15,43,0,15
1,<environment.Job instance at 0x7f7085d17410>,17,2,[ 5 13],18,43,45,25,18
1,<environment.Job instance at 0x7f70868159b0>,19,1,[4 5],20,20,21,0,20
1,<environment.Job instance at 0x7f7085d17230>,15,3,[9 2],16,22,25,6,22
1,<environment.Job instance at 0x7f70868155a0>,21,25,[10  1],22,25,50,3,22
1,<environment.Job instance at 0x7f70868151e0>,27,1,[2 6],28,45,46,17,43
1,<environment.Job instance at 0x7f7040389d20>,35,21,[9 3],36,83,104,47,83
1,<environment.Job instance at 0x7f708686fd20>,6,1,[ 4 10],7,7,8,0,7
1,<environment.Job instance at 0x7f703feecb40>,5,3,[10  4],6,10,13,4,10
1,<environment.Job instance at 0x7f7086642f00>,9,2,[5 8],10,11,13,1,11
1,<environment.Job instance at 0x7f708686f230>,14,22,[4 9],15,15,37,0,15
1,<environment.Job instance at 0x7f7085d1bdc0>,16,21,[5 5],17,17,38,0,17
1,<environment.Job instance at 0x7f7085d1b0a0>,23,2,[13  2],24,43,45,19,43
1,<environment.Job instance at 0x7f708641c2d0>,25,25,[1 6],26,45,70,19,45
1,<environment.Job instance at 0x7f708641cb90>,26,1,[5 5],27,45,46,18,45
1,<environment.Job instance at 0x7f708641c500>,28,3,[ 1 10],29,70,73,41,56
1,<environment.Job instance at 0x7f708641ce60>,29,3,[9 3],30,56,59,26,56
1,<environment.Job instance at 0x7f708641c8c0>,30,27,[11  2],31,59,86,28,57
1,<environment.Job instance at 0x7f708641ca00>,32,20,[ 5 10],33,86,106,53,77
1,<environment.Job instance at 0x7f70860ba3c0>,35,24,[8 3],36,86,110,50,81
1,<environment.Job instance at 0x7f7085d105a0>,5,19,[1 5],6,7,26,1,7
1,<environment.Job instance at 0x7f7085d109b0>,7,1,[10  2],8,8,9,0,8
1,<environment.Job instance at 0x7f7085d10eb0>,9,1,[9 4],10,10,11,0,10
1,<environment.Job instance at 0x7f7085d10910>,13,3,[3 9],14,15,18,1,15
1,<environment.Job instance at 0x7f7085cebe10>,14,27,[6 1],15,15,42,0,15
1,<environment.Job instance at 0x7f7085ceb500>,18,3,[3 8],19,27,30,8,27
1,<environment.Job instance at 0x7f7086651910>,10,18,[9 2],11,33,51,22,33
1,<environment.Job instance at 0x7f70866ec5f0>,21,24,[14  3],22,51,75,29,46
1,<environment.Job instance at 0x7f7085ceb410>,22,1,[1 8],23,46,47,23,46
1,<environment.Job instance at 0x7f70866fd4b0>,23,24,[10  2],24,75,99,51,70
1,<environment.Job instance at 0x7f703fece0f0>,36,1,[5 2],37,84,85,47,84
1,<environment.Job instance at 0x7f70406c15f0>,4,1,[13  5],5,5,6,0,5
1,<environment.Job instance at 0x7f7085ef6500>,9,3,[ 3 10],10,10,13,0,10
1,<environment.Job instance at 0x7f7085ef6870>,10,25,[5 3],11,11,36,0,11
1,<environment.Job instance at 0x7f7086432c80>,12,2,[3 7],13,13,15,0,13
1,<environment.Job instance at 0x7f703ff20d70>,17,1,[ 4 10],18,18,19,0,18
1,<environment.Job instance at 0x7f704019f1e0>,19,28,[3 9],20,26,54,6,26
1,<environment.Job instance at 0x7f7040080aa0>,22,23,[3 7],23,54,77,31,48
1,<environment.Job instance at 0x7f70406679b0>,26,3,[ 5 14],27,77,80,50,53
1,<environment.Job instance at 0x7f703ff75730>,33,1,[5 4],34,76,77,42,76
1,<environment.Job instance at 0x7f703ff75fa0>,34,3,[8 2],35,80,83,45,77
1,<environment.Job instance at 0x7f703ff75a00>,35,1,[1 8],36,80,81,44,77
1,<environment.Job instance at 0x7f703ff75500>,2,22,[8 1],3,3,25,0,3
1,<environment.Job instance at 0x7f70402366e0>,6,2,[14  2],7,34,36,27,34
1,<environment.Job instance at 0x7f70402369b0>,9,2,[10  2],10,36,38,26,34
1,<environment.Job instance at 0x7f70402365a0>,5,3,[ 1 13],6,35,38,29,35
1,<environment.Job instance at 0x7f7040236af0>,11,27,[8 5],12,38,65,26,36
1,<environment.Job instance at 0x7f70402363c0>,10,2,[14  4],11,65,67,54,43
1,<environment.Job instance at 0x7f7040236e10>,20,1,[5 2],21,56,57,35,56
1,<environment.Job instance at 0x7f703fd0cdc0>,0,20,[ 4 10],1,1,21,0,1
1,<environment.Job instance at 0x7f70401fa0a0>,6,24,[4 5],7,7,31,0,7
1,<environment.Job instance at 0x7f70401fa870>,7,24,[4 8],8,21,45,13,16
1,<environment.Job instance at 0x7f703ffbbb40>,22,23,[6 2],23,23,46,0,23
1,<environment.Job instance at 0x7f708614f2d0>,24,3,[ 1 12],25,52,55,27,52
1,<environment.Job instance at 0x7f7086144230>,33,1,[11  3],34,53,54,19,53
1,<environment.Job instance at 0x7f7085b78280>,35,28,[ 4 12],36,58,86,22,58
1,<environment.Job instance at 0x7f70406ba5f0>,39,1,[ 4 13],40,86,87,46,75
1,<environment.Job instance at 0x7f7086885320>,42,2,[3 5],43,87,89,44,75
1,<environment.Job instance at 0x7f70869dbf00>,4,19,[ 5 10],5,5,24,0,5
1,<environment.Job instance at 0x7f70869db8c0>,7,27,[8 5],8,8,35,0,8
1,<environment.Job instance at 0x7f703fd37870>,14,3,[13  1],15,35,38,20,32
1,<environment.Job instance at 0x7f7085acd230>,20,20,[8 5],21,38,58,17,33
1,<environment.Job instance at 0x7f7085e0d460>,25,25,[4 5],26,43,68,17,43
1,<environment.Job instance at 0x7f7085e0d190>,28,1,[ 4 14],29,68,69,39,43
1,<environment.Job instance at 0x7f70406ebc80>,9,3,[ 1 12],10,69,72,59,59
1,<environment.Job instance at 0x7f703ff72c80>,32,3,[5 8],33,59,62,26,59
1,<environment.Job instance at 0x7f703ff727d0>,34,2,[3 9],35,62,64,27,59
1,<environment.Job instance at 0x7f70861c8320>,35,1,[1 7],36,64,65,28,59
1,<environment.Job instance at 0x7f70861c8dc0>,37,1,[4 7],38,65,66,27,59
1,<environment.Job instance at 0x7f70867a96e0>,40,2,[13  2],41,69,71,28,63
1,<environment.Job instance at 0x7f70867a9c30>,44,1,[12  5],45,73,74,28,73
1,<environment.Job instance at 0x7f7040075550>,45,3,[3 9],46,73,76,27,73
1,<environment.Job instance at 0x7f7040075280>,47,26,[ 3 10],48,79,105,31,79
1,<environment.Job instance at 0x7f70406dd7d0>,5,3,[8 5],6,12,15,6,12
1,<environment.Job instance at 0x7f70406dd780>,14,2,[10  2],15,18,20,3,18
1,<environment.Job instance at 0x7f7040664f00>,18,2,[13  1],19,23,25,4,23
1,<environment.Job instance at 0x7f7040664e60>,21,26,[7 2],22,29,55,7,29
1,<environment.Job instance at 0x7f70400b8910>,30,2,[8 1],31,56,58,25,56
1,<environment.Job instance at 0x7f70400b83c0>,31,23,[5 9],32,56,79,24,56
1,<environment.Job instance at 0x7f70400b8410>,33,3,[ 1 14],34,79,82,45,79
1,<environment.Job instance at 0x7f70400b8780>,34,1,[ 2 10],35,82,83,47,81
1,<environment.Job instance at 0x7f70400b8e60>,37,22,[2 9],38,83,105,45,81
1,<environment.Job instance at 0x7f70860fa320>,6,25,[8 1],7,7,32,0,7
1,<environment.Job instance at 0x7f70860fa5a0>,10,2,[3 9],11,11,13,0,11
1,<environment.Job instance at 0x7f70868f1cd0>,14,28,[7 4],15,15,43,0,15
1,<environment.Job instance at 0x7f70868d75a0>,15,20,[7 2],16,32,52,16,23
1,<environment.Job instance at 0x7f703fed1e10>,24,19,[1 8],25,38,57,13,38
1,<environment.Job instance at 0x7f7085f30910>,29,3,[5 3],30,52,55,22,52
1,<environment.Job instance at 0x7f7085f30eb0>,31,3,[10  1],32,59,62,27,59
1,<environment.Job instance at 0x7f7085f30fa0>,33,20,[4 5],34,62,82,28,62
1,<environment.Job instance at 0x7f7085f30140>,34,2,[6 5],35,62,64,27,62
1,<environment.Job instance at 0x7f7085f306e0>,35,20,[5 5],36,62,82,26,62
1,<environment.Job instance at 0x7f70862bf0f0>,39,2,[1 6],40,87,89,47,87
1,<environment.Job instance at 0x7f7e56664690>,10,1,[7 3],11,22,23,11,22
1,<environment.Job instance at 0x7f7e56664870>,11,2,[3 9],12,22,24,10,22
1,<environment.Job instance at 0x7f7e566645f0>,15,3,[10  2],16,36,39,20,36
1,<environment.Job instance at 0x7f7e56664b40>,20,1,[3 7],21,63,64,42,63
1,<environment.Job instance at 0x7f7e56664e60>,22,2,[12  3],23,65,67,42,65
1,<environment.Job instance at 0x7f7e566680f0>,26,22,[2 9],27,69,91,42,69
1,<environment.Job instance at 0x7f7e56668780>,33,2,[5 3],34,93,95,59,93
1,<environment.Job instance at 0x7f7e566688c0>,34,3,[9 5],35,93,96,58,93
1,<environment.Job instance at 0x7f7e5da9c7d0>,2,27,[ 3 13],3,3,30,0,3
1,<environment.Job instance at 0x7f7e5da9c910>,8,20,[5 7],9,30,50,21,21
1,<environment.Job instance at 0x7f7e5dbe8f00>,18,3,[2 7],19,32,35,13,32
1,<environment.Job instance at 0x7f7e5dbe81e0>,20,2,[5 6],21,35,37,14,34
1,<environment.Job instance at 0x7f7e5dbe7c80>,23,3,[1 5],24,37,40,13,37
1,<environment.Job instance at 0x7f7e5dbe7fa0>,26,2,[9 1],27,53,55,26,53
1,<environment.Job instance at 0x7f7e5dbe7b90>,27,3,[1 8],28,53,56,25,53
1,<environment.Job instance at 0x7f7e5dbe7d70>,28,16,[7 1],29,55,71,26,55
1,<environment.Job instance at 0x7f7e5dbe7690>,31,2,[9 3],32,71,73,39,68
1,<environment.Job instance at 0x7f7e5dbee5a0>,32,3,[8 5],33,68,71,35,68
1,<environment.Job instance at 0x7f7e5dbee910>,33,3,[2 9],34,71,74,37,68
1,<environment.Job instance at 0x7f7e5dbe8c80>,21,18,[11  5],22,79,97,57,79
1,<environment.Job instance at 0x7f7e5dbee8c0>,36,18,[1 6],37,79,97,42,79
1,<environment.Job instance at 0x7f7e128b0c80>,3,27,[5 3],4,4,31,0,4
1,<environment.Job instance at 0x7f7e129d95a0>,1,2,[12  1],2,31,33,29,6
1,<environment.Job instance at 0x7f7e128b0690>,7,1,[1 6],8,8,9,0,8
1,<environment.Job instance at 0x7f7e128b0780>,8,22,[9 2],9,9,31,0,9
1,<environment.Job instance at 0x7f7e128b0370>,9,3,[ 4 12],10,33,36,23,23
1,<environment.Job instance at 0x7f7e128b2c30>,18,28,[7 4],19,39,67,20,39
1,<environment.Job instance at 0x7f7e128b25f0>,19,1,[9 2],20,67,68,47,39
1,<environment.Job instance at 0x7f7e128b2640>,20,2,[4 5],21,39,41,18,39
1,<environment.Job instance at 0x7f7e128b2550>,21,1,[8 3],22,41,42,19,39
1,<environment.Job instance at 0x7f7e128b2730>,22,1,[3 8],23,42,43,19,39
1,<environment.Job instance at 0x7f7e128b25a0>,24,28,[9 1],25,68,96,43,67
1,<environment.Job instance at 0x7f7e12915230>,27,1,[7 2],28,96,97,68,71
1,<environment.Job instance at 0x7f7e12fdf5f0>,4,1,[3 8],5,5,6,0,5
1,<environment.Job instance at 0x7f7e12fdf8c0>,2,27,[ 2 13],3,6,33,3,5
1,<environment.Job instance at 0x7f7e128f6a00>,8,1,[12  5],9,33,34,24,31
1,<environment.Job instance at 0x7f7e128f6eb0>,16,2,[6 5],17,34,36,17,32
1,<environment.Job instance at 0x7f7e129438c0>,28,2,[1 7],29,65,67,36,65
1,<environment.Job instance at 0x7f7e12e61640>,32,2,[6 1],33,80,82,47,80
1,<environment.Job instance at 0x7f7e56685320>,35,1,[5 7],36,89,90,53,89
1,<environment.Job instance at 0x7f7e56685a00>,36,2,[3 5],37,89,91,52,89
1,<environment.Job instance at 0x7f7e12a33af0>,1,3,[3 7],2,2,5,0,2
1,<environment.Job instance at 0x7f7e12d590f0>,3,27,[7 5],4,4,31,0,4
1,<environment.Job instance at 0x7f7e12d4fbe0>,15,25,[3 7],16,22,47,6,22
1,<environment.Job instance at 0x7f7e12d4fd70>,20,1,[ 4 12],21,47,48,26,36
1,<environment.Job instance at 0x7f7e12d600a0>,21,1,[10  1],22,37,38,15,37
1,<environment.Job instance at 0x7f7e12d605f0>,23,1,[5 2],24,39,40,15,39
1,<environment.Job instance at 0x7f7e12d609b0>,28,21,[9 5],29,66,87,37,66
1,<environment.Job instance at 0x7f7e12d605a0>,29,3,[12  1],30,87,90,57,66
1,<environment.Job instance at 0x7f7e12d60820>,31,1,[5 5],32,82,83,50,82
1,<environment.Job instance at 0x7f7e12d60cd0>,33,2,[ 4 10],34,83,85,49,82
1,<environment.Job instance at 0x7f7e12d60690>,34,2,[5 3],35,85,87,50,82
1,<environment.Job instance at 0x7f7e565280f0>,1,24,[1 9],2,2,26,0,2
1,<environment.Job instance at 0x7f7e56528870>,7,23,[10  4],8,8,31,0,8
1,<environment.Job instance at 0x7f7e56528c30>,0,19,[2 7],1,26,45,25,23
1,<environment.Job instance at 0x7f7e590aafa0>,17,1,[11  4],18,31,32,13,30
1,<environment.Job instance at 0x7f7e590aad70>,18,1,[5 3],19,32,33,13,30
1,<environment.Job instance at 0x7f7e590aa230>,13,3,[ 5 13],14,45,48,31,45
1,<environment.Job instance at 0x7f7e590aa640>,23,1,[8 5],24,48,49,24,47
1,<environment.Job instance at 0x7f7e590aa460>,25,24,[10  2],26,52,76,26,52
1,<environment.Job instance at 0x7f7e590aa1e0>,28,19,[1 6],29,70,89,41,70
1,<environment.Job instance at 0x7f7e590aa780>,29,27,[14  1],30,76,103,46,74
1,<environment.Job instance at 0x7f7e56544e60>,33,20,[5 7],34,103,123,69,94
1,<environment.Job instance at 0x7f7e565448c0>,32,2,[11  4],33,123,125,90,96
1,<environment.Job instance at 0x7f7e12b21550>,9,2,[ 4 10],10,10,12,0,10
1,<environment.Job instance at 0x7f7e5690cfa0>,10,1,[9 5],11,11,12,0,11
1,<environment.Job instance at 0x7f7e58dd1820>,14,24,[4 5],15,15,39,0,15
1,<environment.Job instance at 0x7f7e56428460>,25,2,[2 9],26,48,50,22,48
1,<environment.Job instance at 0x7f7e56a96fa0>,27,1,[3 6],28,54,55,26,54
1,<environment.Job instance at 0x7f7e56a96dc0>,30,3,[10  4],31,54,57,23,54
1,<environment.Job instance at 0x7f7e58de8410>,36,2,[5 5],37,79,81,42,79
1,<environment.Job instance at 0x7f7e58de8280>,37,1,[10  3],38,79,80,41,79
1,<environment.Job instance at 0x7f7e56acee60>,8,24,[4 7],9,9,33,0,9
1,<environment.Job instance at 0x7f7e56aa8640>,19,3,[14  1],20,33,36,13,23
1,<environment.Job instance at 0x7f7e56aa8870>,20,20,[4 6],21,36,56,15,27
1,<environment.Job instance at 0x7f7e56ac2050>,27,1,[10  5],28,56,57,28,56
1,<environment.Job instance at 0x7f7e56ac2280>,28,2,[13  3],29,57,59,28,56
1,<environment.Job instance at 0x7f7e56ac22d0>,29,1,[5 1],30,56,57,26,56
1,<environment.Job instance at 0x7f7e56ac26e0>,35,2,[6 3],36,83,85,47,83
1,<environment.Job instance at 0x7f7e56ac27d0>,37,3,[8 1],38,83,86,45,83
1,<environment.Job instance at 0x7f7e56ac28c0>,38,20,[3 8],39,85,105,46,83
1,<environment.Job instance at 0x7f7e56ac2af0>,40,24,[10  4],41,95,119,54,95
1,<environment.Job instance at 0x7f7e5929c960>,7,2,[ 3 10],8,8,10,0,8
1,<environment.Job instance at 0x7f7e5929caa0>,10,19,[4 5],11,11,30,0,11
1,<environment.Job instance at 0x7f7e12ded320>,11,3,[1 9],12,12,15,0,12
1,<environment.Job instance at 0x7f7e12ded910>,15,1,[5 8],16,25,26,9,25
1,<environment.Job instance at 0x7f7e56455e10>,17,2,[9 3],18,33,35,15,33
1,<environment.Job instance at 0x7f7e56634780>,19,1,[5 4],20,40,41,20,40
1,<environment.Job instance at 0x7f7e12d1d410>,20,23,[9 4],21,40,63,19,40
1,<environment.Job instance at 0x7f7e12f5faf0>,21,21,[8 2],22,63,84,41,55
1,<environment.Job instance at 0x7f7e58f5d7d0>,22,21,[5 7],23,55,76,32,55
1,<environment.Job instance at 0x7f7e58e55280>,28,28,[10  4],29,84,112,55,83
1,<environment.Job instance at 0x7f7e564560f0>,31,1,[7 3],32,83,84,51,83
1,<environment.Job instance at 0x7f7e566ba4b0>,0,1,[8 1],1,2,3,1,2
1,<environment.Job instance at 0x7f7e12d90a50>,2,2,[3 6],3,3,5,0,3
1,<environment.Job instance at 0x7f7e58c45370>,3,1,[12  4],4,4,5,0,4
1,<environment.Job instance at 0x7f7e56593640>,7,20,[1 8],8,8,28,0,8
1,<environment.Job instance at 0x7f7e565cc9b0>,11,21,[4 9],12,28,49,16,20
1,<environment.Job instance at 0x7f7e12ba9730>,15,23,[8 4],16,23,46,7,23
1,<environment.Job instance at 0x7f7e12afcfa0>,17,20,[5 7],18,49,69,31,40
1,<environment.Job instance at 0x7f7e12ba9410>,10,2,[ 2 12],11,69,71,58,45
1,<environment.Job instance at 0x7f7e591faf50>,31,20,[ 5 13],32,71,91,39,62
1,<environment.Job instance at 0x7f7e58c232d0>,40,24,[7 2],41,79,103,38,79
1,<environment.Job instance at 0x7f7e566525a0>,0,1,[ 2 10],1,1,2,0,1
1,<environment.Job instance at 0x7f7e128ffc30>,2,1,[9 5],3,4,5,1,4
1,<environment.Job instance at 0x7f7e56699230>,4,28,[4 5],5,5,33,0,5
1,<environment.Job instance at 0x7f7e56699870>,11,25,[10  1],12,12,37,0,12
1,<environment.Job instance at 0x7f7e566992d0>,7,2,[ 5 13],8,33,35,25,30
1,<environment.Job instance at 0x7f7e566c1190>,22,2,[1 7],23,40,42,17,40
1,<environment.Job instance at 0x7f7e566c1500>,25,21,[9 3],26,46,67,20,46
1,<environment.Job instance at 0x7f7e566c1690>,27,25,[9 4],28,67,92,39,63
1,<environment.Job instance at 0x7f7e566c1af0>,31,1,[5 5],32,63,64,31,63
1,<environment.Job instance at 0x7f7e566c1cd0>,35,2,[4 8],36,75,77,39,75
1,<environment.Job instance at 0x7f7e566c1f00>,37,2,[1 8],38,78,80,40,78
1,<environment.Job instance at 0x7f7e566c1eb0>,38,2,[10  5],39,92,94,53,78
1,<environment.Job instance at 0x7f7e566c1f50>,39,28,[6 1],40,94,122,54,93
1,<environment.Job instance at 0x7f7e566ab370>,43,1,[8 5],44,94,95,50,93
1,<environment.Job instance at 0x7f7e566ab410>,44,18,[5 5],45,95,113,50,93
1,<environment.Job instance at 0x7f7e565de410>,5,25,[1 6],6,6,31,0,6
1,<environment.Job instance at 0x7f7e12c35d70>,10,27,[11  2],11,11,38,0,11
1,<environment.Job instance at 0x7f7e12c355f0>,12,20,[ 5 10],13,38,58,25,29
1,<environment.Job instance at 0x7f7e56ade500>,15,24,[8 3],16,38,62,22,33
1,<environment.Job instance at 0x7f7e5689bd20>,27,24,[5 9],28,58,82,30,54
1,<environment.Job instance at 0x7f7e5689bf50>,31,28,[3 6],32,65,93,33,65
1,<environment.Job instance at 0x7f7e565ded20>,3,2,[13  2],4,93,95,89,72
1,<environment.Job instance at 0x7f7e58d4f3c0>,39,26,[2 6],40,92,118,52,92
1,<environment.Job instance at 0x7f7e58d4f190>,40,20,[9 3],41,95,115,54,92
1,<environment.Job instance at 0x7f7e566ba4b0>,15,27,[4 5],16,26,53,10,26
1,<environment.Job instance at 0x7f7e566ba320>,16,1,[12  2],17,53,54,36,26
1,<environment.Job instance at 0x7f7e12b21780>,26,25,[7 3],27,54,79,27,50
1,<environment.Job instance at 0x7f7e12b21d70>,30,26,[6 4],31,59,85,28,59
1,<environment.Job instance at 0x7f7e56a1fa50>,37,21,[9 4],38,89,110,51,89
1,<environment.Job instance at 0x7f7e56a1f820>,38,21,[5 1],39,89,110,50,89
1,<environment.Job instance at 0x7f7e12807320>,8,1,[1 9],9,9,10,0,9
1,<environment.Job instance at 0x7f7e56793b40>,10,2,[5 2],11,11,13,0,11
1,<environment.Job instance at 0x7f7e567936e0>,9,2,[13  4],10,14,16,4,14
1,<environment.Job instance at 0x7f7e56793410>,12,1,[2 9],13,14,15,1,14
1,<environment.Job instance at 0x7f7e56793550>,13,20,[ 5 12],14,16,36,2,14
1,<environment.Job instance at 0x7f7e56764820>,14,2,[ 5 11],15,36,38,21,35
1,<environment.Job instance at 0x7f7e566cb730>,21,2,[ 5 11],22,38,40,16,35
1,<environment.Job instance at 0x7f7e5906f2d0>,22,2,[5 3],23,35,37,12,35
1,<environment.Job instance at 0x7f7e56758230>,27,3,[9 4],28,40,43,12,40
1,<environment.Job instance at 0x7f7e56ab0e10>,32,15,[5 1],33,67,82,34,67
1,<environment.Job instance at 0x7f7e56a9e9b0>,33,3,[2 7],34,67,70,33,67
1,<environment.Job instance at 0x7f7e56ab03c0>,34,1,[4 6],35,67,68,32,67
1,<environment.Job instance at 0x7f7e56a37aa0>,35,3,[10  5],36,70,73,34,67
1,<environment.Job instance at 0x7f7e56a37190>,39,3,[6 2],40,89,92,49,89
1,<environment.Job instance at 0x7f7e12d90910>,9,19,[2 5],10,10,29,0,10
1,<environment.Job instance at 0x7f7e12d90690>,10,1,[2 5],11,11,12,0,11
1,<environment.Job instance at 0x7f7e12d90870>,13,1,[5 5],14,15,16,1,15
1,<environment.Job instance at 0x7f7e5690ce60>,15,2,[ 3 11],16,29,31,13,16
1,<environment.Job instance at 0x7f7e5690cd70>,17,1,[10  3],18,23,24,5,23
1,<environment.Job instance at 0x7f7e593198c0>,20,3,[8 1],21,40,43,19,40
1,<environment.Job instance at 0x7f7e58f01550>,22,3,[ 4 11],23,48,51,25,48
1,<environment.Job instance at 0x7f7e5656c370>,25,2,[9 1],26,52,54,26,52
1,<environment.Job instance at 0x7f7e12a4a4b0>,27,3,[5 2],28,65,68,37,65
1,<environment.Job instance at 0x7f7e59254f00>,28,24,[5 6],29,65,89,36,65
1,<environment.Job instance at 0x7f7e12a4ca00>,29,2,[1 7],30,65,67,35,65
1,<environment.Job instance at 0x7f7e12a4ccd0>,30,3,[ 3 12],31,89,92,58,66
1,<environment.Job instance at 0x7f7e12fa9870>,35,1,[4 9],36,96,97,60,96
1,<environment.Job instance at 0x7f7e5929f6e0>,37,2,[9 4],38,99,101,61,99
1,<environment.Job instance at 0x7f7e12a03500>,0,25,[6 2],1,1,26,0,1
1,<environment.Job instance at 0x7f7e58feb280>,10,25,[5 5],11,11,36,0,11
1,<environment.Job instance at 0x7f7e58feb460>,12,1,[1 7],13,13,14,0,13
1,<environment.Job instance at 0x7f7e12bf4af0>,13,3,[ 4 11],14,36,39,22,21
1,<environment.Job instance at 0x7f7e12bf43c0>,15,19,[2 8],16,39,58,23,29
1,<environment.Job instance at 0x7f7e12bf42d0>,18,3,[2 6],19,29,32,10,29
1,<environment.Job instance at 0x7f7e12bf4f00>,24,1,[2 9],25,58,59,33,45
1,<environment.Job instance at 0x7f7e12c2ac80>,27,2,[10  2],28,63,65,35,63
1,<environment.Job instance at 0x7f7e1301db40>,34,19,[ 5 10],35,97,116,62,97
1,<environment.Job instance at 0x7f7e56720b40>,6,1,[11  3],7,7,8,0,7
1,<environment.Job instance at 0x7f7e5673fd20>,15,3,[10  5],16,17,20,1,17
1,<environment.Job instance at 0x7f7e567261e0>,23,3,[4 7],24,52,55,28,52
1,<environment.Job instance at 0x7f7e56b45b90>,28,3,[4 7],29,80,83,51,80
1,<environment.Job instance at 0x7f7e56b45af0>,29,3,[4 8],30,80,83,50,80
1,<environment.Job instance at 0x7f7e56b45a00>,31,18,[7 1],32,85,103,53,85
1,<environment.Job instance at 0x7f7e12d80fa0>,34,2,[10  2],35,103,105,68,88
1,<environment.Job instance at 0x7f7e567308c0>,37,2,[9 2],38,105,107,67,96
1,<environment.Job instance at 0x7f7e56730c80>,38,2,[13  1],39,107,109,68,96
1,<environment.Job instance at 0x7f7e5663ce60>,1,23,[1 8],2,2,25,0,2
1,<environment.Job instance at 0x7f7e12d4f4b0>,16,25,[8 1],17,17,42,0,17
1,<environment.Job instance at 0x7f7e1279f910>,20,2,[3 9],21,28,30,7,28
1,<environment.Job instance at 0x7f7e12eab5a0>,24,28,[7 4],25,37,65,12,37
1,<environment.Job instance at 0x7f7e567f5cd0>,25,20,[7 2],26,42,62,16,37
1,<environment.Job instance at 0x7f7e12c4c820>,32,3,[8 4],33,77,80,44,77
1,<environment.Job instance at 0x7f7e12c4c8c0>,34,19,[1 8],35,77,96,42,77
1,<environment.Job instance at 0x7f7e58d10c80>,1,3,[2 9],2,7,10,5,7
1,<environment.Job instance at 0x7f7e565276e0>,13,2,[1 7],14,16,18,2,16
1,<environment.Job instance at 0x7f7e567ccd20>,17,3,[8 3],18,27,30,9,27
1,<environment.Job instance at 0x7f7e567cca00>,18,2,[1 7],19,27,29,8,27
1,<environment.Job instance at 0x7f7e567cc5a0>,21,1,[3 9],22,32,33,10,32
1,<environment.Job instance at 0x7f7e567ccbe0>,23,3,[6 1],24,44,47,20,44
1,<environment.Job instance at 0x7f7e5dc6dcd0>,25,2,[ 2 12],26,46,48,20,46
1,<environment.Job instance at 0x7f7e567ccaa0>,26,1,[3 9],27,48,49,21,46
1,<environment.Job instance at 0x7f7e12785230>,28,21,[2 5],29,62,83,33,62
1,<environment.Job instance at 0x7f7e12785c80>,29,23,[5 7],30,62,85,32,62
1,<environment.Job instance at 0x7f7e58f225f0>,33,25,[ 1 10],34,85,110,51,81
1,<environment.Job instance at 0x7f7e12b1f550>,3,3,[1 8],4,4,7,0,4
1,<environment.Job instance at 0x7f7e1298b8c0>,7,27,[4 8],8,8,35,0,8
1,<environment.Job instance at 0x7f7e5671a050>,12,1,[5 5],13,23,24,10,23
1,<environment.Job instance at 0x7f7e126d8a00>,8,20,[ 4 13],9,35,55,26,26
1,<environment.Job instance at 0x7f7e12f0ccd0>,23,2,[2 7],24,55,57,31,52
1,<environment.Job instance at 0x7f7e12f0c6e0>,28,2,[7 3],29,71,73,42,71
1,<environment.Job instance at 0x7f7e12beaa50>,31,3,[5 2],32,76,79,44,76
1,<environment.Job instance at 0x7f7e1277cf50>,35,1,[3 8],36,99,100,63,99
1,<environment.Job instance at 0x7f7e1277caa0>,37,2,[7 1],38,99,101,61,99
1,<environment.Job instance at 0x7f7e1277cbe0>,38,2,[5 5],39,99,101,60,99
1,<environment.Job instance at 0x7fc18e3d47d0>,10,1,[7 3],11,37,38,26,37
1,<environment.Job instance at 0x7fc18e3d4870>,11,2,[3 9],12,37,39,25,37
1,<environment.Job instance at 0x7fc18e3d4b40>,15,3,[10  2],16,41,44,25,41
1,<environment.Job instance at 0x7fc18e3d48c0>,17,3,[10  3],18,45,48,27,45
1,<environment.Job instance at 0x7fc18e3d4eb0>,20,1,[3 7],21,72,73,51,72
1,<environment.Job instance at 0x7fc18e3d4e60>,21,3,[ 2 10],22,73,76,51,72
1,<environment.Job instance at 0x7fc18e3d4dc0>,22,2,[12  3],23,72,74,49,72
1,<environment.Job instance at 0x7fc18e3d62d0>,26,22,[2 9],27,76,98,49,75
1,<environment.Job instance at 0x7fc18e3d6320>,33,2,[5 3],34,99,101,65,99
1,<environment.Job instance at 0x7fc18e3d66e0>,36,2,[5 1],37,108,110,71,108
1,<environment.Job instance at 0x7fc1939522d0>,0,20,[5 7],1,1,21,0,1
1,<environment.Job instance at 0x7fc193958500>,8,3,[2 7],9,11,14,2,11
1,<environment.Job instance at 0x7fc19395e320>,16,2,[9 1],17,30,32,13,30
1,<environment.Job instance at 0x7fc19395e140>,17,3,[1 8],18,30,33,12,30
1,<environment.Job instance at 0x7fc19395e280>,21,2,[9 3],22,49,51,27,49
1,<environment.Job instance at 0x7fc19395e370>,22,3,[8 5],23,51,54,28,49
1,<environment.Job instance at 0x7fc19395e550>,23,3,[2 9],24,49,52,25,49
1,<environment.Job instance at 0x7fc19380cbe0>,2,1,[3 8],3,3,4,0,3
1,<environment.Job instance at 0x7fc19380ce60>,4,28,[9 1],5,5,33,0,5
1,<environment.Job instance at 0x7fc1486f2140>,16,3,[7 5],17,33,36,16,23
1,<environment.Job instance at 0x7fc1486f2780>,20,28,[7 3],21,37,65,16,37
1,<environment.Job instance at 0x7fc1486f2640>,22,3,[3 9],23,43,46,20,43
1,<environment.Job instance at 0x7fc1486f27d0>,25,3,[6 4],26,57,60,31,57
1,<environment.Job instance at 0x7fc148623aa0>,29,1,[8 3],30,79,80,49,79
1,<environment.Job instance at 0x7fc1486234b0>,31,3,[1 8],32,82,85,50,82
1,<environment.Job instance at 0x7fc148623370>,35,2,[9 2],36,96,98,60,96
1,<environment.Job instance at 0x7fc148623190>,36,2,[5 1],37,96,98,59,96
1,<environment.Job instance at 0x7fc148623e60>,37,1,[1 7],38,96,97,58,96
1,<environment.Job instance at 0x7fc148b8aa50>,2,2,[6 1],3,4,6,1,4
1,<environment.Job instance at 0x7fc148b8aeb0>,5,1,[5 7],6,6,7,0,6
1,<environment.Job instance at 0x7fc148b56d20>,7,2,[9 1],8,10,12,2,10
1,<environment.Job instance at 0x7fc148b25f00>,12,20,[7 3],13,13,33,0,13
1,<environment.Job instance at 0x7fc148b250a0>,13,1,[2 8],14,14,15,0,14
1,<environment.Job instance at 0x7fc148b2d780>,16,20,[6 2],17,21,41,4,21
1,<environment.Job instance at 0x7fc148b2d0a0>,19,1,[4 6],20,33,34,13,26
1,<environment.Job instance at 0x7fc148b2d140>,20,1,[2 5],21,26,27,5,26
1,<environment.Job instance at 0x7fc148b2de60>,23,1,[2 8],24,27,28,3,26
1,<environment.Job instance at 0x7fc14888cd70>,1,16,[2 8],2,38,54,36,38
1,<environment.Job instance at 0x7fc148a95f00>,29,22,[1 6],30,54,76,24,54
1,<environment.Job instance at 0x7fc148a95190>,30,1,[5 1],31,54,55,23,54
1,<environment.Job instance at 0x7fc148a95c30>,31,25,[10  4],32,55,80,23,54
1,<environment.Job instance at 0x7fc148a950f0>,34,22,[1 9],35,76,98,41,69
1,<environment.Job instance at 0x7fc18e3db7d0>,42,2,[6 3],43,96,98,53,96
1,<environment.Job instance at 0x7fc18e3dba50>,43,24,[3 6],44,98,122,54,96
1,<environment.Job instance at 0x7fc148799910>,44,2,[4 8],45,98,100,53,96
1,<environment.Job instance at 0x7fc148799f00>,45,20,[3 8],46,100,120,54,96
1,<environment.Job instance at 0x7fc148799c80>,5,24,[3 9],6,6,30,0,6
1,<environment.Job instance at 0x7fc148ac47d0>,10,1,[2 9],11,30,31,19,16
1,<environment.Job instance at 0x7fc148ac4dc0>,15,1,[12  4],16,19,20,3,19
1,<environment.Job instance at 0x7fc148ada320>,18,2,[6 5],19,20,22,1,19
1,<environment.Job instance at 0x7fc148ada820>,22,27,[5 5],23,25,52,2,25
1,<environment.Job instance at 0x7fc148ada550>,24,25,[1 7],25,35,60,10,35
1,<environment.Job instance at 0x7fc148adae60>,30,2,[6 5],31,52,54,21,50
1,<environment.Job instance at 0x7fc148acf230>,36,27,[5 8],37,92,119,55,92
1,<environment.Job instance at 0x7fc148acf3c0>,37,3,[5 6],38,92,95,54,92
1,<environment.Job instance at 0x7fc148acf550>,39,1,[ 4 10],40,119,120,79,93
1,<environment.Job instance at 0x7fc148acf5f0>,40,1,[10  3],41,95,96,54,93
1,<environment.Job instance at 0x7fc148a62550>,9,1,[8 3],10,10,11,0,10
1,<environment.Job instance at 0x7fc148a62dc0>,11,3,[1 6],12,15,18,3,15
1,<environment.Job instance at 0x7fc148a62370>,12,3,[4 9],13,15,18,2,15
1,<environment.Job instance at 0x7fc148a626e0>,16,2,[ 3 10],17,45,47,28,45
1,<environment.Job instance at 0x7fc148a62b90>,17,3,[5 1],18,45,48,27,45
1,<environment.Job instance at 0x7fc148a62c30>,18,2,[5 4],19,45,47,26,45
1,<environment.Job instance at 0x7fc148a622d0>,20,1,[5 1],21,48,49,27,48
1,<environment.Job instance at 0x7fc148a6f780>,22,2,[5 5],23,56,58,33,56
1,<environment.Job instance at 0x7fc148a6f140>,23,1,[7 1],24,56,57,32,56
1,<environment.Job instance at 0x7fc191064820>,0,27,[6 4],1,1,28,0,1
1,<environment.Job instance at 0x7fc1910643c0>,1,1,[11  4],2,28,29,26,6
1,<environment.Job instance at 0x7fc191100550>,8,22,[7 5],9,29,51,20,22
1,<environment.Job instance at 0x7fc1911002d0>,12,24,[1 6],13,22,46,9,22
1,<environment.Job instance at 0x7fc148b4b460>,19,2,[9 1],20,51,53,31,40
1,<environment.Job instance at 0x7fc18e36d280>,22,3,[1 9],23,52,55,29,52
1,<environment.Job instance at 0x7fc190be8f50>,24,3,[ 2 12],25,55,58,30,53
1,<environment.Job instance at 0x7fc190f1f280>,25,2,[3 5],26,53,55,27,53
1,<environment.Job instance at 0x7fc18e586320>,27,2,[8 4],28,58,60,30,53
1,<environment.Job instance at 0x7fc18e586820>,30,1,[9 4],31,67,68,36,67
1,<environment.Job instance at 0x7fc148bf0b90>,31,2,[ 3 14],32,68,70,36,67
1,<environment.Job instance at 0x7fc193958050>,33,3,[10  3],34,70,73,36,70
1,<environment.Job instance at 0x7fc193958a50>,35,1,[8 4],36,73,74,37,70
1,<environment.Job instance at 0x7fc18e69bf00>,37,27,[9 3],38,83,110,45,83
1,<environment.Job instance at 0x7fc18e5827d0>,40,2,[2 7],41,101,103,60,101
1,<environment.Job instance at 0x7fc18e5825f0>,42,1,[6 3],43,103,104,60,101
1,<environment.Job instance at 0x7fc18e82e0f0>,4,2,[1 6],5,6,8,1,6
1,<environment.Job instance at 0x7fc18e82e3c0>,7,27,[ 2 11],8,8,35,0,8
1,<environment.Job instance at 0x7fc18e82e8c0>,12,1,[12  5],13,35,36,22,20
1,<environment.Job instance at 0x7fc18e82e1e0>,9,3,[11  2],10,25,28,15,25
1,<environment.Job instance at 0x7fc18e82c730>,25,1,[7 3],26,34,35,8,34
1,<environment.Job instance at 0x7fc18e82c5a0>,26,3,[5 4],27,36,39,9,36
1,<environment.Job instance at 0x7fc18e82c690>,27,2,[7 2],28,36,38,8,36
1,<environment.Job instance at 0x7fc18e82c6e0>,29,1,[5 7],30,46,47,16,46
1,<environment.Job instance at 0x7fc18e82c960>,31,3,[3 9],32,47,50,15,47
1,<environment.Job instance at 0x7fc18e82c1e0>,21,17,[2 7],22,67,84,45,67
1,<environment.Job instance at 0x7fc18e82d190>,37,2,[ 3 10],38,84,86,46,76
1,<environment.Job instance at 0x7fc18e82d050>,38,18,[1 5],39,78,96,39,78
1,<environment.Job instance at 0x7fc18e82d320>,40,19,[4 5],41,86,105,45,83
1,<environment.Job instance at 0x7fc18e82d640>,45,1,[5 8],46,107,108,61,107
1,<environment.Job instance at 0x7fc18e82db90>,47,2,[9 3],48,107,109,59,107
1,<environment.Job instance at 0x7fc18e3f24b0>,6,25,[6 3],7,7,32,0,7
1,<environment.Job instance at 0x7fc18e3f28c0>,8,2,[2 8],9,10,12,1,10
1,<environment.Job instance at 0x7fc148ba5dc0>,11,2,[3 8],12,12,14,0,12
1,<environment.Job instance at 0x7fc148ba5fa0>,12,1,[6 3],13,13,14,0,13
1,<environment.Job instance at 0x7fc1485dce60>,13,2,[14  3],14,32,34,18,15
1,<environment.Job instance at 0x7fc148ba5960>,14,1,[14  5],15,34,35,19,20
1,<environment.Job instance at 0x7fc190df1e60>,23,1,[12  4],24,35,36,11,24
1,<environment.Job instance at 0x7fc18e55f0f0>,27,20,[1 8],28,28,48,0,28
1,<environment.Job instance at 0x7fc148ba73c0>,30,2,[ 2 12],31,48,50,17,35
1,<environment.Job instance at 0x7fc148b8abe0>,31,21,[4 9],32,50,71,18,42
1,<environment.Job instance at 0x7fc18e3db690>,35,23,[8 4],36,50,73,14,44
1,<environment.Job instance at 0x7fc18e3db6e0>,37,20,[5 7],38,71,91,33,62
1,<environment.Job instance at 0x7fc18e13c460>,46,1,[7 4],47,73,74,26,73
1,<environment.Job instance at 0x7fc190bd2190>,51,20,[ 5 13],52,92,112,40,92
1,<environment.Job instance at 0x7fc14895b280>,57,1,[5 1],58,104,105,46,104
1,<environment.Job instance at 0x7fc148c4ab90>,59,1,[8 1],60,106,107,46,106
1,<environment.Job instance at 0x7fc148c4afa0>,60,24,[7 2],61,107,131,46,106
1,<environment.Job instance at 0x7fc14892baf0>,0,22,[2 5],1,1,23,0,1
1,<environment.Job instance at 0x7fc18e2ae1e0>,3,2,[ 4 10],4,5,7,1,5
1,<environment.Job instance at 0x7fc19394f6e0>,10,1,[ 2 10],11,11,12,0,11
1,<environment.Job instance at 0x7fc190cdccd0>,11,2,[1 5],12,12,14,0,12
1,<environment.Job instance at 0x7fc18e7e5910>,12,1,[9 5],13,13,14,0,13
1,<environment.Job instance at 0x7fc18e33cc80>,14,28,[4 5],15,15,43,0,15
1,<environment.Job instance at 0x7fc18e806b40>,17,2,[ 5 13],18,43,45,25,20
1,<environment.Job instance at 0x7fc1489ec550>,21,25,[10  1],22,23,48,1,22
1,<environment.Job instance at 0x7fc148baf640>,26,3,[5 1],27,48,51,21,48
1,<environment.Job instance at 0x7fc19356b550>,27,1,[2 6],28,48,49,20,48
1,<environment.Job instance at 0x7fc18e189f00>,32,2,[1 7],33,78,80,45,78
1,<environment.Job instance at 0x7fc18e3dd910>,4,18,[10  2],5,79,97,74,79
1,<environment.Job instance at 0x7fc14886c370>,35,21,[9 3],36,97,118,61,89
1,<environment.Job instance at 0x7fc18e884960>,5,25,[1 6],6,6,31,0,6
1,<environment.Job instance at 0x7fc18e884d20>,10,27,[11  2],11,11,38,0,11
1,<environment.Job instance at 0x7fc18e8482d0>,15,24,[8 3],16,38,62,22,33
1,<environment.Job instance at 0x7fc18e884fa0>,12,20,[ 5 10],13,38,58,25,33
1,<environment.Job instance at 0x7fc14886c1e0>,3,2,[13  2],4,63,65,59,63
1,<environment.Job instance at 0x7fc18e848910>,27,24,[5 9],28,65,89,37,63
1,<environment.Job instance at 0x7fc18e848b90>,31,28,[3 6],32,65,93,33,64
1,<environment.Job instance at 0x7fc18e85c640>,38,2,[4 6],39,92,94,53,92
1,<environment.Job instance at 0x7fc18e85c6e0>,39,26,[2 6],40,93,119,53,92
1,<environment.Job instance at 0x7fc18e85c7d0>,40,20,[9 3],41,93,113,52,92
1,<environment.Job instance at 0x7fc18e8de640>,3,3,[ 4 10],4,4,7,0,4
1,<environment.Job instance at 0x7fc18e8de4b0>,5,27,[4 5],6,6,33,0,6
1,<environment.Job instance at 0x7fc18e8dedc0>,6,1,[12  2],7,33,34,26,7
1,<environment.Job instance at 0x7fc18e8de410>,11,2,[ 5 10],12,12,14,0,12
1,<environment.Job instance at 0x7fc148cc0e60>,16,25,[7 3],17,34,59,17,30
1,<environment.Job instance at 0x7fc148cc0c30>,20,26,[6 4],21,34,60,13,31
1,<environment.Job instance at 0x7fc18e20daa0>,27,21,[9 4],28,59,80,31,51
1,<environment.Job instance at 0x7fc18e20db90>,28,21,[5 1],29,60,81,31,52
1,<environment.Job instance at 0x7fc190b414b0>,37,3,[ 1 10],38,68,71,30,68
1,<environment.Job instance at 0x7fc190b41a00>,38,2,[5 7],39,80,82,41,68
1,<environment.Job instance at 0x7fc190b41dc0>,39,20,[5 9],40,82,102,42,73
1,<environment.Job instance at 0x7fc190c83cd0>,43,3,[6 3],44,93,96,49,93
1,<environment.Job instance at 0x7fc190c7f0a0>,44,2,[10  4],45,96,98,51,93
1,<environment.Job instance at 0x7fc190c7f320>,45,3,[1 9],46,102,105,56,93
1,<environment.Job instance at 0x7fc190c7fe10>,46,2,[5 2],47,98,100,51,93
1,<environment.Job instance at 0x7fc190c7ffa0>,47,3,[1 6],48,100,103,52,94
1,<environment.Job instance at 0x7fc18e69cb40>,50,2,[6 1],51,103,105,52,95
1,<environment.Job instance at 0x7fc18e69c320>,4,1,[6 1],5,6,7,1,6
1,<environment.Job instance at 0x7fc18e1d9460>,1,2,[ 5 11],2,7,9,5,7
1,<environment.Job instance at 0x7fc18e1d9b90>,10,2,[8 2],11,11,13,0,11
1,<environment.Job instance at 0x7fc18e3d6320>,13,3,[2 7],14,14,17,0,14
1,<environment.Job instance at 0x7fc18e3d6d70>,14,1,[4 6],15,15,16,0,15
1,<environment.Job instance at 0x7fc18e3d62d0>,19,3,[6 2],20,33,36,13,33
1,<environment.Job instance at 0x7fc18e449be0>,23,3,[10  4],24,41,44,17,41
1,<environment.Job instance at 0x7fc18e4495a0>,24,1,[4 8],25,41,42,16,41
1,<environment.Job instance at 0x7fc18e4499b0>,26,27,[2 9],27,42,69,15,41
1,<environment.Job instance at 0x7fc1910a79b0>,32,22,[8 1],33,71,93,38,71
1,<environment.Job instance at 0x7fc1910a77d0>,35,3,[ 1 13],36,89,92,53,89
1,<environment.Job instance at 0x7fc1910a7b90>,36,2,[14  2],37,93,95,56,91
1,<environment.Job instance at 0x7fc1910a75a0>,39,2,[10  2],40,106,108,66,106
1,<environment.Job instance at 0x7fc1910a7640>,40,2,[14  4],41,108,110,67,106
1,<environment.Job instance at 0x7fc18e2916e0>,41,27,[8 5],42,110,137,68,108
1,<environment.Job instance at 0x7fc18e291aa0>,5,1,[4 9],6,6,7,0,6
1,<environment.Job instance at 0x7fc148854e10>,7,2,[9 4],8,9,11,1,9
1,<environment.Job instance at 0x7fc18e3cd690>,10,20,[ 4 10],11,12,32,1,12
1,<environment.Job instance at 0x7fc190a754b0>,16,24,[4 5],17,26,50,9,26
1,<environment.Job instance at 0x7fc190a80c30>,17,24,[4 8],18,32,56,14,27
1,<environment.Job instance at 0x7fc190a58e10>,23,1,[3 7],24,50,51,26,43
1,<environment.Job instance at 0x7fc18e8a6550>,0,3,[ 3 12],1,56,59,55,49
1,<environment.Job instance at 0x7fc18e5033c0>,31,2,[ 2 10],32,60,62,28,60
1,<environment.Job instance at 0x7fc190a5d460>,32,23,[6 2],33,60,83,27,60
1,<environment.Job instance at 0x7fc148783b40>,33,1,[9 4],34,62,63,28,60
1,<environment.Job instance at 0x7fc148795050>,34,3,[ 1 12],35,63,66,28,61
1,<environment.Job instance at 0x7fc148409aa0>,39,3,[4 5],40,75,78,35,75
1,<environment.Job instance at 0x7fc14876c690>,40,2,[1 5],41,75,77,34,75
1,<environment.Job instance at 0x7fc190b0e460>,41,1,[3 6],42,77,78,35,75
1,<environment.Job instance at 0x7fc190ecc230>,43,1,[11  3],44,83,84,39,80
1,<environment.Job instance at 0x7fc1488cb5a0>,45,28,[ 4 12],46,90,118,44,90
1,<environment.Job instance at 0x7fc1485d6c80>,1,1,[2 7],2,2,3,0,2
1,<environment.Job instance at 0x7fc1488cb410>,2,1,[1 8],3,5,6,2,5
1,<environment.Job instance at 0x7fc193804e10>,4,3,[13  1],5,6,9,1,6
1,<environment.Job instance at 0x7fc19105d780>,10,20,[8 5],11,11,31,0,11
1,<environment.Job instance at 0x7fc148a5e730>,15,25,[4 5],16,16,41,0,16
1,<environment.Job instance at 0x7fc1483e2be0>,18,1,[ 4 14],19,41,42,22,28
1,<environment.Job instance at 0x7fc1909d5dc0>,24,2,[3 9],25,31,33,6,31
1,<environment.Job instance at 0x7fc1487a3280>,25,1,[1 7],26,33,34,7,32
1,<environment.Job instance at 0x7fc1488d05f0>,27,1,[4 7],28,34,35,6,32
1,<environment.Job instance at 0x7fc1909d55a0>,29,2,[4 8],30,38,40,8,38
1,<environment.Job instance at 0x7fc1488d0500>,30,2,[13  2],31,42,44,11,42
1,<environment.Job instance at 0x7fc190a85410>,34,1,[12  5],35,48,49,13,48
1,<environment.Job instance at 0x7fc190a85be0>,35,3,[3 9],36,48,51,12,48
1,<environment.Job instance at 0x7fc190a85a50>,37,26,[ 3 10],38,55,81,17,55
1,<environment.Job instance at 0x7fc1910c4320>,42,1,[2 6],43,81,82,38,73
1,<environment.Job instance at 0x7fc148c78a00>,44,1,[7 3],45,73,74,28,73
1,<environment.Job instance at 0x7fc148c78230>,46,2,[5 9],47,81,83,34,75
1,<environment.Job instance at 0x7fc190a6e5a0>,47,2,[5 8],48,83,85,35,75
1,<environment.Job instance at 0x7fc190dd5230>,48,3,[6 2],49,77,80,28,77
1,<environment.Job instance at 0x7fc190dd5870>,49,2,[10  1],50,82,84,32,77
1,<environment.Job instance at 0x7fc1910c4550>,41,3,[12  2],42,85,88,43,85
1,<environment.Job instance at 0x7fc190a5cfa0>,52,1,[7 4],53,88,89,35,85
1,<environment.Job instance at 0x7fc190a5c780>,54,3,[14  3],55,96,99,41,96
1,<environment.Job instance at 0x7fc18e544960>,58,1,[2 8],59,105,106,46,105
1,<environment.Job instance at 0x7fc18e5445f0>,59,2,[6 3],60,105,107,45,105
1,<environment.Job instance at 0x7fc18e544280>,61,1,[5 3],62,105,106,43,105
1,<environment.Job instance at 0x7fc14886c1e0>,1,23,[5 9],2,2,25,0,2
1,<environment.Job instance at 0x7fc14835e6e0>,4,1,[ 2 10],5,25,26,20,6
1,<environment.Job instance at 0x7fc14835e280>,7,22,[2 9],8,26,48,18,19
1,<environment.Job instance at 0x7fc14835e3c0>,6,1,[ 3 13],7,48,49,41,31
1,<environment.Job instance at 0x7fc14835e690>,16,20,[8 2],17,36,56,19,36
1,<environment.Job instance at 0x7fc18e544410>,3,3,[ 1 14],4,56,59,52,39
1,<environment.Job instance at 0x7fc14850aaa0>,18,26,[2 5],19,59,85,40,56
1,<environment.Job instance at 0x7fc14850aa50>,19,1,[9 3],20,59,60,39,56
1,<environment.Job instance at 0x7fc14850a690>,24,1,[10  4],25,60,61,35,58
1,<environment.Job instance at 0x7fc14850a2d0>,26,24,[2 9],27,61,85,34,58
1,<environment.Job instance at 0x7fc14850ae10>,29,20,[ 3 11],30,85,105,55,76
1,<environment.Job instance at 0x7fc14850ac30>,30,1,[1 9],31,105,106,74,77
1,<environment.Job instance at 0x7fc14835f780>,38,2,[7 4],39,97,99,58,97
1,<environment.Job instance at 0x7fc14835f320>,39,2,[2 6],40,105,107,65,97
1,<environment.Job instance at 0x7fc14835fe60>,41,2,[6 3],42,100,102,58,100
1,<environment.Job instance at 0x7fc14835f460>,42,2,[2 8],43,106,108,63,100
1,<environment.Job instance at 0x7fc18e321730>,1,25,[1 6],2,2,27,0,2
1,<environment.Job instance at 0x7fc14835f5a0>,3,26,[10  4],4,4,30,0,4
1,<environment.Job instance at 0x7fc18e376230>,5,24,[4 7],6,27,51,21,22
1,<environment.Job instance at 0x7fc18e8fd640>,17,28,[7 2],18,30,58,12,30
1,<environment.Job instance at 0x7fc18e8feaf0>,19,27,[ 3 10],20,51,78,31,49
1,<environment.Job instance at 0x7fc18e8fe910>,22,26,[9 1],23,58,84,35,55
1,<environment.Job instance at 0x7fc18e8e50f0>,24,21,[10  5],25,84,105,59,76
1,<environment.Job instance at 0x7fc18e8dc280>,27,20,[10  2],28,108,128,80,108
1,<environment.Job instance at 0x7fc190a5e1e0>,1,21,[1 7],2,2,23,0,2
1,<environment.Job instance at 0x7fc18e8ed7d0>,2,1,[ 4 11],3,23,24,20,16
1,<environment.Job instance at 0x7fc148419140>,7,1,[7 1],8,16,17,8,16
1,<environment.Job instance at 0x7fc14849f5a0>,14,3,[ 1 12],15,24,27,9,20
1,<environment.Job instance at 0x7fc1483d2d20>,20,25,[6 2],21,25,50,4,25
1,<environment.Job instance at 0x7fc1483d29b0>,22,3,[14  1],23,50,53,27,25
1,<environment.Job instance at 0x7fc1483d2190>,23,1,[ 4 12],24,27,28,3,25
1,<environment.Job instance at 0x7fc1483d2b40>,24,21,[5 2],25,28,49,3,25
1,<environment.Job instance at 0x7fc190eea780>,33,3,[1 8],34,56,59,22,56
1,<environment.Job instance at 0x7fc18e4e8be0>,36,18,[1 8],37,73,91,36,73
1,<environment.Job instance at 0x7fc148bf1050>,37,27,[4 8],38,91,118,53,89
1,<environment.Job instance at 0x7fc18e8ba320>,42,1,[5 5],43,99,100,56,99
1,<environment.Job instance at 0x7fc18e837b90>,5,1,[8 4],6,6,7,0,6
1,<environment.Job instance at 0x7fc18e4335f0>,17,1,[1 9],18,36,37,18,36
1,<environment.Job instance at 0x7fc18e433910>,19,2,[10  5],20,36,38,16,36
1,<environment.Job instance at 0x7fc18e433190>,20,1,[5 8],21,37,38,16,36
1,<environment.Job instance at 0x7fc18e433b40>,22,26,[9 3],23,38,64,15,37
1,<environment.Job instance at 0x7fc148af89b0>,28,1,[5 9],29,68,69,39,68
1,<environment.Job instance at 0x7fc148af8730>,29,2,[ 1 10],30,69,71,39,68
1,<environment.Job instance at 0x7fc148af8500>,31,3,[4 6],32,75,78,43,75
1,<environment.Job instance at 0x7fc148af8fa0>,26,3,[12  4],27,83,86,56,83
1,<environment.Job instance at 0x7fc148af84b0>,37,22,[6 4],38,101,123,63,101
1,<environment.Job instance at 0x7fc1486d1d20>,0,1,[9 5],1,3,4,2,3
1,<environment.Job instance at 0x7fc18e887190>,10,3,[13  5],11,12,15,1,12
1,<environment.Job instance at 0x7fc18e35e230>,11,3,[6 4],12,15,18,3,13
1,<environment.Job instance at 0x7fc18e887be0>,14,1,[8 2],15,15,16,0,15
1,<environment.Job instance at 0x7fc148346b90>,15,3,[14  3],16,18,21,2,16
1,<environment.Job instance at 0x7fc148d119b0>,18,3,[ 2 10],19,24,27,5,24
1,<environment.Job instance at 0x7fc148d110f0>,19,1,[8 3],20,24,25,4,24
1,<environment.Job instance at 0x7fc148b05dc0>,24,1,[10  2],25,41,42,16,41
1,<environment.Job instance at 0x7fc148b05140>,25,27,[1 5],26,41,68,15,41
1,<environment.Job instance at 0x7fc18e84a910>,28,1,[4 7],29,54,55,25,54
1,<environment.Job instance at 0x7fc18e84a780>,29,3,[13  3],30,65,68,35,65
1,<environment.Job instance at 0x7fc18e84a730>,31,18,[7 3],32,72,90,40,72
1,<environment.Job instance at 0x7fc18e84ac30>,34,3,[5 1],35,72,75,37,72
1,<environment.Job instance at 0x7fc18e84a190>,36,1,[10  1],37,90,91,53,72
1,<environment.Job instance at 0x7fc18e878820>,41,21,[8 4],42,91,112,49,90
1,<environment.Job instance at 0x7fc18e878870>,43,3,[6 5],44,94,97,50,94
1,<environment.Job instance at 0x7fc18e878640>,44,3,[6 4],45,97,100,52,94
1,<environment.Job instance at 0x7fc18e878fa0>,45,18,[4 5],46,100,118,54,100
1,<environment.Job instance at 0x7fd14b8b11e0>,10,1,[7 3],11,28,29,17,28
1,<environment.Job instance at 0x7fd14b8b18c0>,11,2,[3 9],12,28,30,16,28
1,<environment.Job instance at 0x7fd14b8b13c0>,12,3,[6 3],13,29,32,16,29
1,<environment.Job instance at 0x7fd14b8b16e0>,15,3,[10  2],16,39,42,23,39
1,<environment.Job instance at 0x7fd14b8b1d20>,17,3,[10  3],18,42,45,24,41
1,<environment.Job instance at 0x7fd14b8b1eb0>,20,1,[3 7],21,83,84,62,83
1,<environment.Job instance at 0x7fd14b8b1f50>,21,3,[ 2 10],22,84,87,62,83
1,<environment.Job instance at 0x7fd14b8b1e10>,22,2,[12  3],23,83,85,60,83
1,<environment.Job instance at 0x7fd14b8b32d0>,26,22,[2 9],27,87,109,60,83
1,<environment.Job instance at 0x7fd14b8b3370>,27,2,[6 4],28,85,87,57,83
1,<environment.Job instance at 0x7fd14b8b3500>,30,1,[5 5],31,87,88,56,87
1,<environment.Job instance at 0x7fd14b8b3320>,33,2,[5 3],34,98,100,64,98
1,<environment.Job instance at 0x7fd14b8b3780>,34,3,[9 5],35,100,103,65,99
1,<environment.Job instance at 0x7fd14b8b38c0>,36,2,[5 1],37,111,113,74,111
1,<environment.Job instance at 0x7fd152e2cb40>,0,2,[5 6],1,3,5,2,3
1,<environment.Job instance at 0x7fd14b8b3b90>,3,3,[1 5],4,4,7,0,4
1,<environment.Job instance at 0x7fd152e2c550>,6,2,[9 1],7,7,9,0,7
1,<environment.Job instance at 0x7fd152e27780>,11,2,[9 3],12,12,14,0,12
1,<environment.Job instance at 0x7fd152e27500>,13,3,[2 9],14,14,17,0,14
1,<environment.Job instance at 0x7fd152e30e10>,19,3,[1 7],20,39,42,19,39
1,<environment.Job instance at 0x7fd152e307d0>,22,2,[4 9],23,49,51,26,49
1,<environment.Job instance at 0x7fd152e34730>,24,1,[7 1],25,61,62,36,61
1,<environment.Job instance at 0x7fd152e343c0>,27,3,[ 2 10],28,77,80,49,77
1,<environment.Job instance at 0x7fd152e34690>,29,3,[5 5],30,78,81,48,78
1,<environment.Job instance at 0x7fd152e34c30>,33,1,[5 6],34,93,94,59,93
1,<environment.Job instance at 0x7fd152e3a050>,34,2,[8 5],35,93,95,58,93
1,<environment.Job instance at 0x7fd152e3a1e0>,36,2,[8 2],37,95,97,58,93
1,<environment.Job instance at 0x7fd152e3a280>,39,3,[4 8],40,103,106,63,103
1,<environment.Job instance at 0x7fd152e3a370>,41,3,[1 5],42,108,111,66,108
1,<environment.Job instance at 0x7fd152e3a550>,42,1,[10  1],43,108,109,65,108
1,<environment.Job instance at 0x7fd107be3050>,0,28,[7 3],1,1,29,0,1
1,<environment.Job instance at 0x7fd107be3b40>,9,1,[8 3],10,10,11,0,10
1,<environment.Job instance at 0x7fd107c8e7d0>,15,2,[9 2],16,29,31,13,26
1,<environment.Job instance at 0x7fd107c8e190>,16,2,[5 1],17,26,28,9,26
1,<environment.Job instance at 0x7fd107c8ef50>,17,1,[1 7],18,26,27,8,26
1,<environment.Job instance at 0x7fd107c8e2d0>,20,2,[8 3],21,32,34,11,32
1,<environment.Job instance at 0x7fd107c8e5f0>,22,2,[14  5],23,40,42,17,40
1,<environment.Job instance at 0x7fd107b7c6e0>,23,21,[9 5],24,42,63,18,40
1,<environment.Job instance at 0x7fd107b7c550>,26,22,[6 1],27,56,78,29,56
1,<environment.Job instance at 0x7fd107c3b730>,28,21,[5 1],29,63,84,34,60
1,<environment.Job instance at 0x7fd107c3b9b0>,29,1,[8 5],30,78,79,48,60
1,<environment.Job instance at 0x7fd107c3baa0>,30,1,[9 5],31,79,80,48,60
1,<environment.Job instance at 0x7fd107c3b0f0>,34,1,[3 7],35,109,110,74,109
1,<environment.Job instance at 0x7fd107c3bb40>,35,2,[7 1],36,109,111,73,109
1,<environment.Job instance at 0x7fd107f59730>,1,25,[10  4],2,2,27,0,2
1,<environment.Job instance at 0x7fd107c83c30>,4,22,[1 9],5,5,27,0,5
1,<environment.Job instance at 0x7fd107ba3e60>,13,24,[3 6],14,27,51,13,22
1,<environment.Job instance at 0x7fd107ba3b90>,15,20,[3 8],16,27,47,11,22
1,<environment.Job instance at 0x7fd107ba33c0>,17,27,[9 5],18,47,74,29,45
1,<environment.Job instance at 0x7fd10802a7d0>,22,2,[6 4],23,51,53,28,45
1,<environment.Job instance at 0x7fd107ba3730>,24,2,[1 9],25,53,55,28,45
1,<environment.Job instance at 0x7fd10801d3c0>,26,21,[6 1],27,55,76,28,49
1,<environment.Job instance at 0x7fd10801d320>,29,1,[10  5],30,76,77,46,59
1,<environment.Job instance at 0x7fd10801daf0>,31,2,[7 4],32,74,76,42,61
1,<environment.Job instance at 0x7fd10802ac30>,23,2,[ 3 14],24,77,79,53,67
1,<environment.Job instance at 0x7fd10801d280>,35,27,[5 5],36,79,106,43,77
1,<environment.Job instance at 0x7fd10801d500>,36,22,[2 8],37,79,101,42,77
1,<environment.Job instance at 0x7fd10801d2d0>,37,20,[5 2],38,83,103,45,83
1,<environment.Job instance at 0x7fd10801dcd0>,34,3,[ 3 12],35,106,109,71,104
1,<environment.Job instance at 0x7fd10801d820>,41,3,[3 7],42,110,113,68,110
1,<environment.Job instance at 0x7fd10801dfa0>,43,27,[7 5],44,110,137,66,110
1,<environment.Job instance at 0x7fd107ba3320>,1,24,[4 8],2,2,26,0,2
1,<environment.Job instance at 0x7fd1521bbc80>,5,19,[7 5],6,6,25,0,6
1,<environment.Job instance at 0x7fd107fae5f0>,11,1,[11  1],12,25,26,13,24
1,<environment.Job instance at 0x7fd107faed70>,18,3,[9 1],19,26,29,7,24
1,<environment.Job instance at 0x7fd107faefa0>,20,19,[2 7],21,26,45,5,24
1,<environment.Job instance at 0x7fd107fae9b0>,21,24,[1 9],22,45,69,23,40
1,<environment.Job instance at 0x7fd107fac500>,24,1,[2 5],25,40,41,15,40
1,<environment.Job instance at 0x7fd107fac0f0>,27,23,[10  4],28,41,64,13,40
1,<environment.Job instance at 0x7fd107fac960>,33,3,[ 5 13],34,69,72,35,53
1,<environment.Job instance at 0x7fd107facbe0>,37,1,[11  4],38,64,65,26,64
1,<environment.Job instance at 0x7fd107facc80>,38,1,[5 3],39,65,66,26,64
1,<environment.Job instance at 0x7fd107fab3c0>,40,18,[4 6],41,72,90,31,72
1,<environment.Job instance at 0x7fd107fab820>,43,1,[8 5],44,96,97,52,96
1,<environment.Job instance at 0x7fd107fab960>,45,24,[10  2],46,97,121,51,96
1,<environment.Job instance at 0x7fd107fabb40>,48,19,[1 6],49,110,129,61,110
1,<environment.Job instance at 0x7fd107fabbe0>,49,27,[14  1],50,121,148,71,119
1,<environment.Job instance at 0x7fd14b9bb820>,10,1,[9 5],11,11,12,0,11
1,<environment.Job instance at 0x7fd14b9bb5a0>,14,24,[4 5],15,15,39,0,15
1,<environment.Job instance at 0x7fd107fd3370>,20,2,[6 4],21,31,33,10,31
1,<environment.Job instance at 0x7fd107fd3820>,25,2,[2 9],26,48,50,22,48
1,<environment.Job instance at 0x7fd107fb9870>,34,3,[7 4],35,89,92,54,89
1,<environment.Job instance at 0x7fd107fb9910>,36,2,[5 5],37,89,91,52,89
1,<environment.Job instance at 0x7fd1081732d0>,0,20,[4 6],1,1,21,0,1
1,<environment.Job instance at 0x7fd14b7d44b0>,7,1,[10  5],8,8,9,0,8
1,<environment.Job instance at 0x7fd107ca9cd0>,8,2,[13  3],9,21,23,12,11
1,<environment.Job instance at 0x7fd107bc41e0>,15,2,[6 3],16,16,18,0,16
1,<environment.Job instance at 0x7fd14bc8f640>,17,3,[8 1],18,18,21,0,18
1,<environment.Job instance at 0x7fd107bc4b90>,18,20,[3 8],19,23,43,4,19
1,<environment.Job instance at 0x7fd152bbbc80>,20,24,[10  4],21,25,49,4,25
1,<environment.Job instance at 0x7fd14ba3f320>,21,21,[4 7],22,43,64,21,35
1,<environment.Job instance at 0x7fd10815bf50>,24,1,[ 2 11],25,64,65,39,49
1,<environment.Job instance at 0x7fd14bb1fd70>,29,19,[5 5],30,65,84,35,55
1,<environment.Job instance at 0x7fd1522e8320>,33,3,[8 4],34,84,87,50,84
1,<environment.Job instance at 0x7fd15262be60>,39,1,[ 5 14],40,112,113,72,112
1,<environment.Job instance at 0x7fd15262beb0>,40,2,[5 1],41,112,114,71,112
1,<environment.Job instance at 0x7fd14bc6c8c0>,0,26,[4 9],1,1,27,0,1
1,<environment.Job instance at 0x7fd107a31960>,7,23,[5 3],8,8,31,0,8
1,<environment.Job instance at 0x7fd107a31dc0>,13,24,[ 5 11],14,27,51,13,22
1,<environment.Job instance at 0x7fd107a31820>,5,18,[1 8],6,51,69,45,49
1,<environment.Job instance at 0x7fd107a33640>,23,1,[10  5],24,64,65,40,64
1,<environment.Job instance at 0x7fd107a336e0>,25,2,[8 3],26,65,67,39,64
1,<environment.Job instance at 0x7fd107ee0820>,0,28,[ 2 14],1,1,29,0,1
1,<environment.Job instance at 0x7fd107a33910>,1,28,[5 1],2,2,30,0,2
1,<environment.Job instance at 0x7fd107ee0050>,13,23,[7 4],14,29,52,15,23
1,<environment.Job instance at 0x7fd1526ee230>,23,3,[13  5],24,52,55,28,37
1,<environment.Job instance at 0x7fd108106320>,26,27,[5 2],27,55,82,28,53
1,<environment.Job instance at 0x7fd14bd4c550>,30,22,[2 5],31,67,89,36,67
1,<environment.Job instance at 0x7fd14b8bcd20>,31,1,[8 4],32,67,68,35,67
1,<environment.Job instance at 0x7fd14bc92a00>,32,1,[2 5],33,68,69,35,67
1,<environment.Job instance at 0x7fd1080de140>,36,1,[2 6],37,74,75,37,74
1,<environment.Job instance at 0x7fd152349e60>,38,18,[5 8],39,89,107,50,89
1,<environment.Job instance at 0x7fd14b6fcf50>,40,1,[ 2 10],41,107,108,66,89
1,<environment.Job instance at 0x7fd15223ecd0>,41,2,[1 5],42,89,91,47,89
1,<environment.Job instance at 0x7fd14b6fc0a0>,42,1,[9 5],43,91,92,48,89
1,<environment.Job instance at 0x7fd14bb55af0>,44,28,[4 5],45,102,130,57,102
1,<environment.Job instance at 0x7fd14bb55050>,45,3,[9 2],46,108,111,62,102
1,<environment.Job instance at 0x7fd14b893280>,47,2,[ 5 13],48,130,132,82,103
1,<environment.Job instance at 0x7fd14b893550>,49,1,[4 5],50,117,118,67,117
1,<environment.Job instance at 0x7fd15222b0a0>,51,25,[10  1],52,118,143,66,117
1,<environment.Job instance at 0x7fd14b902fa0>,5,3,[10  4],6,9,12,3,9
1,<environment.Job instance at 0x7fd10816d190>,9,2,[5 8],10,10,12,0,10
1,<environment.Job instance at 0x7fd152597b90>,14,22,[4 9],15,15,37,0,15
1,<environment.Job instance at 0x7fd14b61fe60>,15,1,[1 9],16,37,38,21,16
1,<environment.Job instance at 0x7fd152597af0>,16,21,[5 5],17,17,38,0,17
1,<environment.Job instance at 0x7fd14b9c8230>,23,2,[13  2],24,39,41,15,39
1,<environment.Job instance at 0x7fd152a10f50>,25,25,[1 6],26,46,71,20,46
1,<environment.Job instance at 0x7fd1080de190>,26,1,[5 5],27,46,47,19,46
1,<environment.Job instance at 0x7fd14b909e10>,30,27,[11  2],31,57,84,26,57
1,<environment.Job instance at 0x7fd14bc12c80>,32,20,[ 5 10],33,84,104,51,75
1,<environment.Job instance at 0x7fd14bc125a0>,35,24,[8 3],36,84,108,48,79
1,<environment.Job instance at 0x7fd14bd13e60>,6,1,[5 2],7,7,8,0,7
1,<environment.Job instance at 0x7fd14bb4f7d0>,14,3,[10  2],15,19,22,4,19
1,<environment.Job instance at 0x7fd14bb4f870>,15,27,[4 5],16,19,46,3,19
1,<environment.Job instance at 0x7fd14bb4f410>,16,1,[12  2],17,46,47,29,21
1,<environment.Job instance at 0x7fd14bb4f8c0>,21,2,[ 5 10],22,41,43,19,41
1,<environment.Job instance at 0x7fd14bb4ff50>,23,3,[6 2],24,47,50,23,46
1,<environment.Job instance at 0x7fd14bb4fe60>,24,1,[7 4],25,47,48,22,46
1,<environment.Job instance at 0x7fd14bb4fe10>,25,3,[9 2],26,48,51,22,46
1,<environment.Job instance at 0x7fd14bd1c280>,26,25,[7 3],27,51,76,24,47
1,<environment.Job instance at 0x7fd14bd1c690>,30,26,[6 4],31,51,77,20,51
1,<environment.Job instance at 0x7fd14bd1c960>,34,1,[5 5],35,76,77,41,68
1,<environment.Job instance at 0x7fd14bd1c4b0>,37,21,[9 4],38,84,105,46,84
1,<environment.Job instance at 0x7fd14bd1cbe0>,38,21,[5 1],39,84,105,45,84
1,<environment.Job instance at 0x7fd14bd176e0>,47,3,[ 1 10],48,107,110,59,107
1,<environment.Job instance at 0x7fd14bd17730>,48,2,[5 7],49,110,112,61,107
1,<environment.Job instance at 0x7fd14bd178c0>,49,20,[5 9],50,112,132,62,107
1,<environment.Job instance at 0x7fd14bd17640>,1,2,[ 5 11],2,9,11,7,9
1,<environment.Job instance at 0x7fd14b9f7f00>,10,2,[8 2],11,11,13,0,11
1,<environment.Job instance at 0x7fd14b9f7eb0>,13,3,[2 7],14,14,17,0,14
1,<environment.Job instance at 0x7fd14b9f7500>,14,1,[4 6],15,15,16,0,15
1,<environment.Job instance at 0x7fd14b9f7dc0>,15,3,[10  5],16,16,19,0,16
1,<environment.Job instance at 0x7fd14b960f50>,21,1,[6 3],22,36,37,14,36
1,<environment.Job instance at 0x7fd14b960910>,23,3,[10  4],24,40,43,16,40
1,<environment.Job instance at 0x7fd14b960960>,24,1,[4 8],25,40,41,15,40
1,<environment.Job instance at 0x7fd15229ccd0>,26,27,[2 9],27,41,68,14,40
1,<environment.Job instance at 0x7fd15229cd70>,31,1,[10  1],32,66,67,34,66
1,<environment.Job instance at 0x7fd15229cc30>,32,22,[8 1],33,67,89,34,66
1,<environment.Job instance at 0x7fd15229cdc0>,35,3,[ 1 13],36,86,89,50,86
1,<environment.Job instance at 0x7fd107e24cd0>,36,2,[14  2],37,89,91,52,86
1,<environment.Job instance at 0x7fd107e242d0>,39,2,[10  2],40,96,98,56,96
1,<environment.Job instance at 0x7fd107e24a50>,40,2,[14  4],41,98,100,57,96
1,<environment.Job instance at 0x7fd14bdd27d0>,41,27,[8 5],42,100,127,58,98
1,<environment.Job instance at 0x7fd14bdd2730>,42,2,[10  3],43,127,129,84,100
1,<environment.Job instance at 0x7fd14bdd2d20>,43,1,[1 7],44,100,101,56,100
1,<environment.Job instance at 0x7fd14b8fa5f0>,0,20,[ 4 10],1,1,21,0,1
1,<environment.Job instance at 0x7fd14b8fa320>,6,24,[4 5],7,7,31,0,7
1,<environment.Job instance at 0x7fd14bd65870>,7,24,[4 8],8,21,45,13,16
1,<environment.Job instance at 0x7fd14b625690>,22,23,[6 2],23,23,46,0,23
1,<environment.Job instance at 0x7fd14b6256e0>,24,3,[ 1 12],25,50,53,25,50
1,<environment.Job instance at 0x7fd107c2f820>,30,2,[1 5],31,53,55,22,50
1,<environment.Job instance at 0x7fd107c2fdc0>,31,1,[3 6],32,53,54,21,50
1,<environment.Job instance at 0x7fd107c2f780>,33,1,[11  3],34,51,52,17,51
1,<environment.Job instance at 0x7fd107c2f8c0>,35,28,[ 4 12],36,60,88,24,60
1,<environment.Job instance at 0x7fd107c2f4b0>,39,1,[ 4 13],40,88,89,48,76
1,<environment.Job instance at 0x7fd107c2f550>,40,1,[7 5],41,89,90,48,76
1,<environment.Job instance at 0x7fd107c2f460>,42,2,[3 5],43,89,91,46,87
1,<environment.Job instance at 0x7fd152128280>,9,2,[4 8],10,10,12,0,10
1,<environment.Job instance at 0x7fd152154eb0>,7,1,[4 7],8,12,13,4,12
1,<environment.Job instance at 0x7fd15212aa50>,14,1,[12  5],15,16,17,1,16
1,<environment.Job instance at 0x7fd15212a550>,17,26,[ 3 10],18,18,44,0,18
1,<environment.Job instance at 0x7fd152151b40>,21,3,[12  2],22,33,36,11,33
1,<environment.Job instance at 0x7fd14b9e46e0>,22,1,[2 6],23,44,45,21,33
1,<environment.Job instance at 0x7fd15212a7d0>,24,1,[7 3],25,36,37,11,33
1,<environment.Job instance at 0x7fd107f84870>,26,2,[5 9],27,44,46,17,34
1,<environment.Job instance at 0x7fd152208eb0>,34,3,[14  3],35,50,53,15,50
1,<environment.Job instance at 0x7fd15218ab40>,38,1,[2 8],39,66,67,27,66
1,<environment.Job instance at 0x7fd14bd8a500>,39,2,[6 3],40,67,69,27,67
1,<environment.Job instance at 0x7fd152168e10>,41,1,[5 3],42,68,69,26,68
1,<environment.Job instance at 0x7fd152168f00>,43,3,[7 1],44,81,84,37,81
1,<environment.Job instance at 0x7fd1521681e0>,45,3,[ 1 10],46,83,86,37,83
1,<environment.Job instance at 0x7fd14bd9e9b0>,46,1,[11  3],47,84,85,37,83
1,<environment.Job instance at 0x7fd1521f80a0>,47,1,[8 4],48,85,86,37,83
1,<environment.Job instance at 0x7fd14bd9e280>,49,2,[3 9],50,92,94,42,92
1,<environment.Job instance at 0x7fd14b939870>,52,2,[8 5],53,109,111,56,109
1,<environment.Job instance at 0x7fd152128aa0>,10,2,[13  2],11,111,113,100,111
1,<environment.Job instance at 0x7fd107e96a50>,44,12,[7 1],45,116,128,71,116
1,<environment.Job instance at 0x7fd15279ae60>,0,1,[1 9],1,2,3,1,2
1,<environment.Job instance at 0x7fd107e96230>,2,1,[1 5],3,3,4,0,3
1,<environment.Job instance at 0x7fd152bb6c30>,8,2,[7 4],9,9,11,0,9
1,<environment.Job instance at 0x7fd1521739b0>,12,2,[2 8],13,13,15,0,13
1,<environment.Job instance at 0x7fd108184460>,15,2,[8 1],16,16,18,0,16
1,<environment.Job instance at 0x7fd107f1a230>,16,1,[ 3 11],17,17,18,0,17
1,<environment.Job instance at 0x7fd1081840a0>,18,1,[3 6],19,19,20,0,19
1,<environment.Job instance at 0x7fd152816f00>,21,23,[1 8],22,24,47,2,24
1,<environment.Job instance at 0x7fd152212a00>,27,1,[7 5],28,57,58,29,57
1,<environment.Job instance at 0x7fd1522120f0>,28,1,[10  1],29,58,59,29,57
1,<environment.Job instance at 0x7fd152212140>,29,3,[3 5],30,57,60,27,57
1,<environment.Job instance at 0x7fd152212460>,30,3,[ 2 10],31,59,62,28,57
1,<environment.Job instance at 0x7fd14b61bb90>,34,2,[1 5],35,72,74,37,72
1,<environment.Job instance at 0x7fd14b61beb0>,35,3,[9 4],36,72,75,36,72
1,<environment.Job instance at 0x7fd14b61baf0>,36,25,[8 1],37,75,100,38,72
1,<environment.Job instance at 0x7fd14b61baa0>,39,3,[7 4],40,81,84,41,81
1,<environment.Job instance at 0x7fd14b61b320>,40,2,[3 9],41,84,86,43,81
1,<environment.Job instance at 0x7fd14b61b460>,44,28,[7 4],45,92,120,47,92
1,<environment.Job instance at 0x7fd14b61bd70>,45,20,[7 2],46,100,120,54,92
1,<environment.Job instance at 0x7fd10783e910>,13,2,[1 7],14,23,25,9,23
1,<environment.Job instance at 0x7fd10799baa0>,18,2,[1 7],19,44,46,25,44
1,<environment.Job instance at 0x7fd10799ba50>,21,1,[3 9],22,46,47,24,44
1,<environment.Job instance at 0x7fd10799b7d0>,23,3,[6 1],24,46,49,22,46
1,<environment.Job instance at 0x7fd10799b190>,25,2,[ 2 12],26,55,57,29,55
1,<environment.Job instance at 0x7fd10799b230>,26,1,[3 9],27,57,58,30,55
1,<environment.Job instance at 0x7fd107892320>,28,21,[2 5],29,58,79,29,58
1,<environment.Job instance at 0x7fd1078921e0>,29,23,[5 7],30,58,81,28,58
1,<environment.Job instance at 0x7fd107892190>,32,2,[5 3],33,74,76,41,74
1,<environment.Job instance at 0x7fd107892410>,33,25,[ 1 10],34,81,106,47,77
1,<environment.Job instance at 0x7fd107892370>,38,1,[ 5 14],39,106,107,67,90
1,<environment.Job instance at 0x7fd107892d20>,39,1,[5 1],40,90,91,50,90
1,<environment.Job instance at 0x7fd1078922d0>,40,1,[2 9],41,107,108,66,90
1,<environment.Job instance at 0x7fd10783bbe0>,43,3,[3 6],44,108,111,64,108
1,<environment.Job instance at 0x7fd10783b550>,45,2,[5 7],46,113,115,67,113
1,<environment.Job instance at 0x7fd14b62c050>,8,2,[7 3],9,9,11,0,9
1,<environment.Job instance at 0x7fd14b633dc0>,15,1,[3 8],16,16,17,0,16
1,<environment.Job instance at 0x7fd14b633f00>,17,2,[7 1],18,24,26,6,24
1,<environment.Job instance at 0x7fd14b633fa0>,18,2,[5 5],19,24,26,5,24
1,<environment.Job instance at 0x7fd14b62c0f0>,6,18,[4 9],7,26,44,19,26
1,<environment.Job instance at 0x7fd14b633c80>,22,2,[6 4],23,38,40,15,38
1,<environment.Job instance at 0x7fd14b6335a0>,23,1,[5 3],24,40,41,16,38
1,<environment.Job instance at 0x7fd14b637d70>,24,18,[6 5],25,44,62,19,44
1,<environment.Job instance at 0x7fd14b6370f0>,25,1,[5 1],26,44,45,18,44
1,<environment.Job instance at 0x7fd14b6512d0>,30,1,[9 3],31,50,51,19,50
1,<environment.Job instance at 0x7fd14b651280>,31,1,[2 5],32,51,52,19,50
1,<environment.Job instance at 0x7fd1522c4730>,34,2,[7 3],35,56,58,21,56
1,<environment.Job instance at 0x7fd10783ad20>,37,1,[8 1],38,71,72,33,71
1,<environment.Job instance at 0x7fd14bc98410>,39,3,[9 5],40,74,77,34,74
1,<environment.Job instance at 0x7fd14bc10370>,40,2,[8 4],41,77,79,36,74
1,<environment.Job instance at 0x7fd14bc10730>,41,1,[3 9],42,74,75,32,74
1,<environment.Job instance at 0x7fd14bc989b0>,38,18,[6 5],39,79,97,40,79
1,<environment.Job instance at 0x7fd14bbf4a50>,46,21,[10  4],47,97,118,50,89
1,<environment.Job instance at 0x7fd14bbecb90>,54,2,[7 5],55,118,120,63,113
1,<environment.Job instance at 0x7fd14bbecf50>,55,23,[7 3],56,118,141,62,113
1,<environment.Job instance at 0x7fd14bbecaa0>,57,20,[8 3],58,120,140,62,115
1,<environment.Job instance at 0x7fd14b9fe500>,6,2,[5 1],7,7,9,0,7
1,<environment.Job instance at 0x7fd107e4a6e0>,7,20,[5 3],8,8,28,0,8
1,<environment.Job instance at 0x7fd107e4aa50>,8,3,[9 1],9,9,12,0,9
1,<environment.Job instance at 0x7fd14bdd7690>,14,1,[4 6],15,21,22,6,21
1,<environment.Job instance at 0x7fd152817910>,17,3,[5 6],18,36,39,18,36
1,<environment.Job instance at 0x7fd107968140>,23,1,[6 3],24,70,71,46,70
1,<environment.Job instance at 0x7fd108120550>,28,1,[1 6],29,86,87,57,86
1,<environment.Job instance at 0x7fd14ba04690>,30,1,[9 2],31,98,99,67,98
1,<environment.Job instance at 0x7fd14ba041e0>,31,2,[1 9],32,98,100,66,98
1,<environment.Job instance at 0x7fd14ba04be0>,32,1,[ 1 11],33,100,101,67,98
1,<environment.Job instance at 0x7fd14b7e2230>,5,1,[4 8],6,6,7,0,6
1,<environment.Job instance at 0x7fd152bfd280>,6,23,[ 1 13],7,7,30,0,7
1,<environment.Job instance at 0x7fd14bbd75f0>,13,1,[5 5],14,30,31,16,14
1,<environment.Job instance at 0x7fd14bbd7460>,14,24,[7 3],15,30,54,15,25
1,<environment.Job instance at 0x7fd14bbd7af0>,16,21,[5 3],17,31,52,14,26
1,<environment.Job instance at 0x7fd14bbd7960>,17,22,[1 9],18,31,53,13,26
1,<environment.Job instance at 0x7fd1522cb320>,25,27,[2 8],26,53,80,27,51
1,<environment.Job instance at 0x7fd1522cbeb0>,28,1,[9 4],29,54,55,25,51
1,<environment.Job instance at 0x7fd1522cb370>,29,1,[ 4 13],30,80,81,50,55
1,<environment.Job instance at 0x7fd152bfdeb0>,7,2,[ 2 11],8,81,83,73,56
1,<environment.Job instance at 0x7fd1522cb690>,31,1,[10  1],32,58,59,26,58
1,<environment.Job instance at 0x7fd1522cbbe0>,32,24,[5 7],33,83,107,50,78
1,<environment.Job instance at 0x7fd1522cbf50>,34,1,[4 6],35,78,79,43,78
1,<environment.Job instance at 0x7fd14bca3dc0>,37,1,[ 3 10],38,107,108,69,79
1,<environment.Job instance at 0x7fd14bca3320>,39,23,[6 1],40,79,102,39,79
1,<environment.Job instance at 0x7fd14bca3be0>,40,1,[11  4],41,107,108,66,97
1,<environment.Job instance at 0x7fd14bca3af0>,46,23,[ 2 10],47,108,131,61,102
1,<environment.Job instance at 0x7fd107d79aa0>,5,1,[ 4 14],6,12,13,6,12
1,<environment.Job instance at 0x7fd107d79410>,9,2,[5 3],10,15,17,5,15
1,<environment.Job instance at 0x7fd14bd7be10>,15,2,[10  4],16,17,19,1,17
1,<environment.Job instance at 0x7fd14b748f50>,17,1,[10  4],18,19,20,1,18
1,<environment.Job instance at 0x7fd14b748b90>,19,22,[14  5],20,20,42,0,20
1,<environment.Job instance at 0x7fd14b633cd0>,28,22,[10  4],29,42,64,13,35
1,<environment.Job instance at 0x7fd14b633c30>,31,21,[5 8],32,46,67,14,46
1,<environment.Job instance at 0x7fd107a8ebe0>,36,1,[7 5],37,64,65,27,58
1,<environment.Job instance at 0x7fd107a8ef50>,37,25,[6 5],38,65,90,27,61
1,<environment.Job instance at 0x7fd107ab60f0>,45,1,[1 9],46,82,83,36,82
1,<environment.Job instance at 0x7fd107ab65f0>,46,2,[1 9],47,83,85,36,82
1,<environment.Job instance at 0x7fd107ab6460>,48,25,[5 7],49,86,111,37,86
1,<environment.Job instance at 0x7fd107a95b90>,55,3,[5 3],56,109,112,53,109
1,<environment.Job instance at 0x7fee1dc3b3c0>,10,1,[7 3],11,18,19,7,18
1,<environment.Job instance at 0x7fee1dc3b8c0>,11,2,[3 9],12,18,20,6,18
1,<environment.Job instance at 0x7fee1dc3b730>,12,3,[6 3],13,19,22,6,19
1,<environment.Job instance at 0x7fee1dc3b690>,15,3,[10  2],16,35,38,19,35
1,<environment.Job instance at 0x7fee1dc3bbe0>,17,3,[10  3],18,38,41,20,38
1,<environment.Job instance at 0x7fee1dc3bfa0>,20,1,[3 7],21,62,63,41,62
1,<environment.Job instance at 0x7fee1dc3bd70>,22,2,[12  3],23,62,64,39,62
1,<environment.Job instance at 0x7fee1dc3f140>,24,3,[5 9],25,73,76,48,73
1,<environment.Job instance at 0x7fee1dc3f1e0>,25,3,[1 6],26,73,76,47,73
1,<environment.Job instance at 0x7fee1dc3f280>,26,22,[2 9],27,76,98,49,73
1,<environment.Job instance at 0x7fee1dc3fb40>,36,2,[5 1],37,103,105,66,103
1,<environment.Job instance at 0x7fee1dc3fc30>,40,1,[1 8],41,124,125,83,124
1,<environment.Job instance at 0x7fee25072370>,9,3,[1 7],10,10,13,0,10
1,<environment.Job instance at 0x7fee251b2500>,14,1,[7 1],15,17,18,2,17
1,<environment.Job instance at 0x7fee251c5910>,17,3,[ 2 10],18,31,34,13,31
1,<environment.Job instance at 0x7fee251c5230>,19,3,[5 5],20,35,38,15,35
1,<environment.Job instance at 0x7fee251c5140>,23,1,[5 6],24,47,48,23,47
1,<environment.Job instance at 0x7fee251c58c0>,24,2,[8 5],25,47,49,22,47
1,<environment.Job instance at 0x7fee251c57d0>,26,2,[8 2],27,50,52,23,50
1,<environment.Job instance at 0x7fee251c5280>,29,3,[4 8],30,60,63,30,60
1,<environment.Job instance at 0x7fee251bbcd0>,31,3,[1 5],32,71,74,39,71
1,<environment.Job instance at 0x7fee251bb280>,32,1,[10  1],33,71,72,38,71
1,<environment.Job instance at 0x7fee251bc780>,35,3,[5 5],36,84,87,48,84
1,<environment.Job instance at 0x7fee251bcc80>,36,22,[11  3],37,87,109,50,84
1,<environment.Job instance at 0x7fee251bc960>,40,3,[9 1],41,109,112,68,102
1,<environment.Job instance at 0x7fee251bc5a0>,42,1,[ 5 10],43,109,110,66,105
1,<environment.Job instance at 0x7fee251bf410>,44,1,[9 4],45,112,113,67,111
1,<environment.Job instance at 0x7fee251bf730>,45,25,[3 9],46,111,136,65,111
1,<environment.Job instance at 0x7fee251bfdc0>,46,1,[7 4],47,113,114,66,111
1,<environment.Job instance at 0x7fedd9ef2690>,0,2,[8 3],1,2,4,1,2
1,<environment.Job instance at 0x7fee251bf190>,3,21,[9 5],4,4,25,0,4
1,<environment.Job instance at 0x7fedd9ef2280>,6,22,[6 1],7,7,29,0,7
1,<environment.Job instance at 0x7fee251bfaf0>,2,2,[14  5],3,29,31,26,20
1,<environment.Job instance at 0x7fedd9f53410>,14,1,[3 7],15,25,26,10,23
1,<environment.Job instance at 0x7fee1e0dfb90>,1,19,[ 3 14],2,31,50,29,28
1,<environment.Job instance at 0x7fedd9f530f0>,18,1,[ 5 14],19,50,51,31,29
1,<environment.Job instance at 0x7fee1da8fdc0>,20,2,[10  1],21,36,38,15,36
1,<environment.Job instance at 0x7fedd9f53eb0>,22,2,[9 4],23,51,53,28,36
1,<environment.Job instance at 0x7fedd9e8c960>,23,3,[14  5],24,53,56,29,36
1,<environment.Job instance at 0x7fedd9e8caa0>,24,2,[1 7],25,51,53,26,36
1,<environment.Job instance at 0x7fedda0136e0>,25,1,[ 4 10],26,56,57,30,36
1,<environment.Job instance at 0x7fedda013eb0>,27,1,[9 4],28,56,57,28,39
1,<environment.Job instance at 0x7fee1ddb9f00>,32,1,[13  3],33,64,65,31,64
1,<environment.Job instance at 0x7fedd9ecf5a0>,35,1,[8 2],36,84,85,48,84
1,<environment.Job instance at 0x7fedd9fd7f50>,37,1,[4 8],38,90,91,52,90
1,<environment.Job instance at 0x7fedd9fd7fa0>,41,2,[3 8],42,108,110,66,108
1,<environment.Job instance at 0x7fedd9fd7af0>,42,27,[ 2 13],43,110,137,67,108
1,<environment.Job instance at 0x7fee1dcf5fa0>,5,27,[5 5],6,6,33,0,6
1,<environment.Job instance at 0x7fee1dcf58c0>,6,22,[2 8],7,7,29,0,7
1,<environment.Job instance at 0x7fee1e0da7d0>,13,27,[7 5],14,29,56,15,27
1,<environment.Job instance at 0x7fee1dcf5960>,4,3,[ 3 12],5,56,59,51,30
1,<environment.Job instance at 0x7fee1dde5550>,24,3,[2 5],25,59,62,34,59
1,<environment.Job instance at 0x7fedd9f3a7d0>,25,25,[3 7],26,59,84,33,59
1,<environment.Job instance at 0x7fedda39c6e0>,30,1,[ 4 12],31,84,85,53,77
1,<environment.Job instance at 0x7fedd9e82370>,33,1,[5 2],34,81,82,47,81
1,<environment.Job instance at 0x7fedda390f00>,38,21,[9 5],39,111,132,72,111
1,<environment.Job instance at 0x7fedda390eb0>,39,3,[12  1],40,132,135,92,126
1,<environment.Job instance at 0x7fedda390320>,41,1,[5 5],42,126,127,84,126
1,<environment.Job instance at 0x7fedda3f4f00>,43,2,[ 4 10],44,127,129,83,126
1,<environment.Job instance at 0x7fedd9fd0280>,5,24,[10  2],6,6,30,0,6
1,<environment.Job instance at 0x7fee1e0471e0>,9,27,[14  1],10,30,57,20,28
1,<environment.Job instance at 0x7fee1dbab9b0>,8,19,[1 6],9,30,49,21,30
1,<environment.Job instance at 0x7fee1da2bd70>,13,20,[5 7],14,57,77,43,48
1,<environment.Job instance at 0x7fee1da2b370>,12,2,[11  4],13,77,79,64,50
1,<environment.Job instance at 0x7fedda5390a0>,16,27,[4 5],17,57,84,40,55
1,<environment.Job instance at 0x7fedda526af0>,22,3,[11  3],23,79,82,56,77
1,<environment.Job instance at 0x7fee1da38140>,25,1,[8 1],26,82,83,56,80
1,<environment.Job instance at 0x7fee1da38a00>,28,2,[5 5],29,89,91,60,89
1,<environment.Job instance at 0x7fee1da38280>,29,1,[5 7],30,89,90,59,89
1,<environment.Job instance at 0x7fee1da38be0>,30,3,[1 6],31,90,93,59,89
1,<environment.Job instance at 0x7fee1da38b40>,32,3,[4 9],33,96,99,63,96
1,<environment.Job instance at 0x7fee1da3a460>,39,1,[8 3],40,129,130,89,129
1,<environment.Job instance at 0x7fee2044aaa0>,9,21,[1 9],10,10,31,0,10
1,<environment.Job instance at 0x7fee2044abe0>,10,27,[6 4],11,11,38,0,11
1,<environment.Job instance at 0x7fee2044a1e0>,11,1,[11  4],12,38,39,26,17
1,<environment.Job instance at 0x7fee20621d70>,18,22,[7 5],19,39,61,20,32
1,<environment.Job instance at 0x7fee206213c0>,21,2,[2 6],22,32,34,10,32
1,<environment.Job instance at 0x7fee20621e10>,22,24,[1 6],23,34,58,11,32
1,<environment.Job instance at 0x7fee1daec050>,29,2,[9 1],30,61,63,31,60
1,<environment.Job instance at 0x7fee1daecc80>,32,3,[1 9],33,72,75,39,72
1,<environment.Job instance at 0x7fee1daecaf0>,34,3,[ 2 12],35,75,78,40,73
1,<environment.Job instance at 0x7fee1daecb40>,37,2,[8 4],38,73,75,35,73
1,<environment.Job instance at 0x7fee1dae8e60>,40,1,[9 4],41,88,89,47,88
1,<environment.Job instance at 0x7fee1dae8460>,41,2,[ 3 14],42,89,91,47,88
1,<environment.Job instance at 0x7fee1dae80f0>,43,3,[10  3],44,91,94,47,89
1,<environment.Job instance at 0x7fee1dae8910>,44,3,[3 6],45,91,94,46,89
1,<environment.Job instance at 0x7fee1dae8aa0>,45,1,[8 4],46,94,95,48,89
1,<environment.Job instance at 0x7fee1dae8640>,47,27,[9 3],48,105,132,57,105
1,<environment.Job instance at 0x7fee1dae80a0>,50,2,[2 7],51,123,125,72,123
1,<environment.Job instance at 0x7fee1df94aa0>,2,1,[12  5],3,6,7,3,6
1,<environment.Job instance at 0x7fee1debaf50>,15,1,[7 3],16,16,17,0,16
1,<environment.Job instance at 0x7fee1debaeb0>,17,2,[7 2],18,18,20,0,18
1,<environment.Job instance at 0x7fee1def7c30>,21,3,[3 9],22,25,28,3,25
1,<environment.Job instance at 0x7fee1df0a690>,27,2,[ 3 10],28,52,54,24,52
1,<environment.Job instance at 0x7fedda487e10>,30,19,[4 5],31,70,89,39,70
1,<environment.Job instance at 0x7fee1dd4ba50>,31,3,[1 9],32,70,73,38,70
1,<environment.Job instance at 0x7fedd9e8c320>,35,1,[5 8],36,86,87,50,86
1,<environment.Job instance at 0x7fedd9e8caf0>,37,2,[9 3],38,92,94,54,92
1,<environment.Job instance at 0x7fee1db4ca50>,39,1,[5 4],40,92,93,52,92
1,<environment.Job instance at 0x7fee1db4c140>,40,23,[9 4],41,94,117,53,92
1,<environment.Job instance at 0x7fee1db4c690>,41,21,[8 2],42,117,138,75,109
1,<environment.Job instance at 0x7fee1db4c230>,42,21,[5 7],43,109,130,66,109
1,<environment.Job instance at 0x7fee208c0140>,1,21,[4 9],2,2,23,0,2
1,<environment.Job instance at 0x7fedda52c7d0>,5,23,[8 4],6,6,29,0,6
1,<environment.Job instance at 0x7fedda52c4b0>,7,20,[5 7],8,23,43,15,14
1,<environment.Job instance at 0x7fee1dac7960>,0,2,[ 2 12],1,43,45,42,32
1,<environment.Job instance at 0x7fedda522730>,16,1,[7 4],17,32,33,15,32
1,<environment.Job instance at 0x7fedda522870>,18,3,[2 7],19,36,39,17,36
1,<environment.Job instance at 0x7fedda522a50>,21,20,[ 5 13],22,45,65,23,38
1,<environment.Job instance at 0x7fedda522e10>,25,1,[6 4],26,65,66,39,48
1,<environment.Job instance at 0x7fedda522e60>,26,3,[6 1],27,48,51,21,48
1,<environment.Job instance at 0x7fedda522b40>,29,1,[8 1],30,51,52,21,51
1,<environment.Job instance at 0x7fedda515140>,30,24,[7 2],31,52,76,21,51
1,<environment.Job instance at 0x7fedda515190>,33,3,[10  3],34,76,79,42,63
1,<environment.Job instance at 0x7fedda515870>,36,19,[2 9],37,79,98,42,79
1,<environment.Job instance at 0x7fedda515aa0>,38,20,[ 1 10],39,98,118,59,89
1,<environment.Job instance at 0x7fedda5157d0>,42,2,[5 7],43,118,120,75,95
1,<environment.Job instance at 0x7fedda515fa0>,45,1,[ 2 10],46,120,121,74,111
1,<environment.Job instance at 0x7fedda53c690>,48,2,[ 1 13],49,121,123,72,114
1,<environment.Job instance at 0x7fedda53c730>,50,28,[ 2 14],51,128,156,77,128
1,<environment.Job instance at 0x7fedda53c6e0>,51,28,[5 1],52,128,156,76,128
1,<environment.Job instance at 0x7fee205c2be0>,3,1,[8 5],4,4,5,0,4
1,<environment.Job instance at 0x7fee1da7c780>,13,24,[5 3],14,14,38,0,14
1,<environment.Job instance at 0x7fee1da7c050>,15,1,[5 9],16,17,18,1,17
1,<environment.Job instance at 0x7fedda301b90>,17,2,[11  4],18,38,40,20,23
1,<environment.Job instance at 0x7fedda401af0>,20,3,[8 3],21,40,43,19,39
1,<environment.Job instance at 0x7fee202cfd20>,21,28,[9 4],22,43,71,21,42
1,<environment.Job instance at 0x7fee202cf500>,26,1,[6 3],27,60,61,33,60
1,<environment.Job instance at 0x7fee1db69410>,28,19,[ 3 11],29,62,81,33,62
1,<environment.Job instance at 0x7fee1de512d0>,27,17,[1 9],28,82,99,54,82
1,<environment.Job instance at 0x7fee20757190>,33,3,[8 2],34,91,94,57,91
1,<environment.Job instance at 0x7fee1da28050>,36,21,[5 5],37,94,115,57,94
1,<environment.Job instance at 0x7fedd9ebc190>,37,3,[1 9],38,99,102,61,95
1,<environment.Job instance at 0x7fee204eeaa0>,41,1,[4 5],42,117,118,75,117
1,<environment.Job instance at 0x7fee1e14f370>,42,3,[8 1],43,117,120,74,117
1,<environment.Job instance at 0x7fedd9f4e730>,0,2,[8 4],1,3,5,2,3
1,<environment.Job instance at 0x7fee204d0b90>,5,19,[1 5],6,7,26,1,7
1,<environment.Job instance at 0x7fedda1c5d70>,7,1,[10  2],8,8,9,0,8
1,<environment.Job instance at 0x7fee2506e780>,9,1,[9 4],10,10,11,0,10
1,<environment.Job instance at 0x7fee1dc93a00>,13,3,[3 9],14,14,17,0,14
1,<environment.Job instance at 0x7fedda4d8190>,14,27,[6 1],15,15,42,0,15
1,<environment.Job instance at 0x7fedda1c5910>,10,18,[9 2],11,34,52,23,34
1,<environment.Job instance at 0x7fee1dbeb780>,21,24,[14  3],22,52,76,30,47
1,<environment.Job instance at 0x7fedda2fc050>,23,24,[10  2],24,76,100,52,71
1,<environment.Job instance at 0x7fedda4129b0>,26,1,[9 2],27,100,101,73,72
1,<environment.Job instance at 0x7fedda4125f0>,27,1,[5 3],28,76,77,48,72
1,<environment.Job instance at 0x7fee1e04a820>,31,2,[1 9],32,74,76,42,74
1,<environment.Job instance at 0x7fee1e04aaf0>,34,3,[9 3],35,101,104,66,77
1,<environment.Job instance at 0x7fedd9edeaa0>,36,1,[5 2],37,82,83,45,82
1,<environment.Job instance at 0x7fedd9edefa0>,43,3,[ 4 10],44,125,128,81,125
1,<environment.Job instance at 0x7fedd9eded70>,44,3,[10  2],45,125,128,80,125
1,<environment.Job instance at 0x7fedd9ede230>,45,27,[4 5],46,128,155,82,126
1,<environment.Job instance at 0x7fedd9edecd0>,46,1,[12  2],47,155,156,108,127
1,<environment.Job instance at 0x7fedd9edeaf0>,47,18,[1 6],48,128,146,80,127
1,<environment.Job instance at 0x7fedd9ede780>,48,2,[1 9],49,146,148,97,127
1,<environment.Job instance at 0x7fee203694b0>,6,1,[ 5 10],7,7,8,0,7
1,<environment.Job instance at 0x7fedd9ede730>,5,1,[6 1],6,9,10,3,9
1,<environment.Job instance at 0x7fee20369730>,8,1,[1 9],9,10,11,1,10
1,<environment.Job instance at 0x7fee20369cd0>,12,1,[2 9],13,14,15,1,14
1,<environment.Job instance at 0x7fee20369aa0>,13,20,[ 5 12],14,15,35,1,14
1,<environment.Job instance at 0x7fee20369be0>,14,2,[ 5 11],15,35,37,20,27
1,<environment.Job instance at 0x7fee20369e60>,16,1,[5 9],17,37,38,20,27
1,<environment.Job instance at 0x7fee20365460>,21,2,[ 5 11],22,38,40,16,28
1,<environment.Job instance at 0x7fee20369910>,9,2,[13  4],10,40,42,30,31
1,<environment.Job instance at 0x7fee20365640>,24,1,[6 1],25,31,32,6,31
1,<environment.Job instance at 0x7fee20365a50>,27,3,[9 4],28,37,40,9,37
1,<environment.Job instance at 0x7fee203533c0>,34,1,[4 6],35,58,59,23,58
1,<environment.Job instance at 0x7fee20353730>,39,3,[6 2],40,82,85,42,82
1,<environment.Job instance at 0x7fee203537d0>,40,13,[1 5],41,86,99,45,86
1,<environment.Job instance at 0x7fee203532d0>,41,1,[6 3],42,86,87,44,86
1,<environment.Job instance at 0x7fee20353910>,43,3,[10  4],44,89,92,45,89
1,<environment.Job instance at 0x7fee20353b40>,44,1,[4 8],45,92,93,47,89
1,<environment.Job instance at 0x7fee203539b0>,46,27,[2 9],47,95,122,48,95
1,<environment.Job instance at 0x7fee20353e10>,51,1,[10  1],52,129,130,77,129
1,<environment.Job instance at 0x7fee20353eb0>,52,22,[8 1],53,130,152,77,129
1,<environment.Job instance at 0x7fee20368140>,5,1,[4 9],6,6,7,0,6
1,<environment.Job instance at 0x7fee20765fa0>,0,3,[ 3 12],1,9,12,8,9
1,<environment.Job instance at 0x7fedda24cbe0>,10,20,[ 4 10],11,12,32,1,11
1,<environment.Job instance at 0x7fedda24c820>,11,1,[ 3 10],12,32,33,20,12
1,<environment.Job instance at 0x7fee1dbcb780>,16,24,[4 5],17,24,48,7,24
1,<environment.Job instance at 0x7fedda1b3140>,17,24,[4 8],18,33,57,15,28
1,<environment.Job instance at 0x7fee1dffb910>,30,2,[7 5],31,65,67,34,65
1,<environment.Job instance at 0x7fee1dffb780>,31,2,[ 2 10],32,65,67,33,65
1,<environment.Job instance at 0x7fee1dffb870>,32,23,[6 2],33,67,90,34,65
1,<environment.Job instance at 0x7fee251b2be0>,34,3,[ 1 12],35,67,70,32,65
1,<environment.Job instance at 0x7fee1dab7dc0>,39,3,[4 5],40,84,87,44,84
1,<environment.Job instance at 0x7fee1dab7320>,40,2,[1 5],41,84,86,43,84
1,<environment.Job instance at 0x7fee1dab7370>,41,1,[3 6],42,86,87,44,84
1,<environment.Job instance at 0x7fede6321370>,43,1,[11  3],44,95,96,51,95
1,<environment.Job instance at 0x7fee1dab70a0>,45,28,[ 4 12],46,95,123,49,95
1,<environment.Job instance at 0x7fee1dde6190>,49,1,[ 4 13],50,125,126,75,125
1,<environment.Job instance at 0x7fee1dde6fa0>,50,1,[7 5],51,126,127,75,125
1,<environment.Job instance at 0x7fee1dde6f00>,52,2,[3 5],53,126,128,73,125
1,<environment.Job instance at 0x7fee1e0e00f0>,10,2,[13  2],11,14,16,3,14
1,<environment.Job instance at 0x7fee1e0e06e0>,14,1,[12  5],15,16,17,1,15
1,<environment.Job instance at 0x7fee1e09e3c0>,15,3,[3 9],16,16,19,0,16
1,<environment.Job instance at 0x7fee1e09e5a0>,17,26,[ 3 10],18,19,45,1,18
1,<environment.Job instance at 0x7fee1de44e60>,21,3,[12  2],22,29,32,7,29
1,<environment.Job instance at 0x7fee206e72d0>,24,1,[7 3],25,32,33,7,30
1,<environment.Job instance at 0x7fee206e7280>,26,2,[5 9],27,45,47,18,30
1,<environment.Job instance at 0x7fee206e7500>,27,2,[5 8],28,47,49,19,30
1,<environment.Job instance at 0x7fedda0f75a0>,34,3,[14  3],35,49,52,14,43
1,<environment.Job instance at 0x7fee1e102870>,37,3,[6 5],38,54,57,16,54
1,<environment.Job instance at 0x7fee1e102280>,38,1,[2 8],39,54,55,15,54
1,<environment.Job instance at 0x7fee1e102b90>,39,2,[6 3],40,55,57,15,54
1,<environment.Job instance at 0x7fee1e102d20>,41,1,[5 3],42,58,59,16,58
1,<environment.Job instance at 0x7fee1e102460>,43,3,[7 1],44,71,74,27,71
1,<environment.Job instance at 0x7fee1e102e60>,45,3,[ 1 10],46,78,81,32,78
1,<environment.Job instance at 0x7fee1e102780>,46,1,[11  3],47,78,79,31,78
1,<environment.Job instance at 0x7fee208ef690>,47,1,[8 4],48,79,80,31,78
1,<environment.Job instance at 0x7fee208efa50>,49,2,[3 9],50,83,85,33,83
1,<environment.Job instance at 0x7fee208efc30>,52,2,[8 5],53,99,101,46,99
1,<environment.Job instance at 0x7fee208ef5f0>,54,2,[8 5],55,102,104,47,102
1,<environment.Job instance at 0x7fee208efe60>,55,3,[10  5],56,104,107,48,102
1,<environment.Job instance at 0x7fee208ef5a0>,50,18,[9 3],51,107,125,56,104
1,<environment.Job instance at 0x7fedd9f028c0>,6,1,[ 3 11],7,8,9,1,8
1,<environment.Job instance at 0x7fedd9f02f00>,8,1,[3 6],9,9,10,0,9
1,<environment.Job instance at 0x7fedd9f02c80>,9,1,[9 1],10,10,11,0,10
1,<environment.Job instance at 0x7fedd9f281e0>,11,23,[1 8],12,12,35,0,12
1,<environment.Job instance at 0x7fedd9f28d20>,17,1,[7 5],18,36,37,18,36
1,<environment.Job instance at 0x7fedd9f28960>,19,3,[3 5],20,37,40,17,37
1,<environment.Job instance at 0x7fedd9f05690>,25,3,[9 4],26,52,55,26,52
1,<environment.Job instance at 0x7fedd9f1e2d0>,26,25,[8 1],27,55,80,28,52
1,<environment.Job instance at 0x7fedda505050>,30,2,[3 9],31,65,67,34,65
1,<environment.Job instance at 0x7fedda516550>,34,28,[7 4],35,79,107,44,79
1,<environment.Job instance at 0x7fedda507aa0>,35,20,[7 2],36,80,100,44,79
1,<environment.Job instance at 0x7fee1df4ceb0>,44,19,[1 8],45,107,126,62,107
1,<environment.Job instance at 0x7fedda345c80>,47,3,[6 1],48,125,128,77,125
1,<environment.Job instance at 0x7fedd9c7da50>,49,3,[5 3],50,125,128,75,125
1,<environment.Job instance at 0x7fedda434b90>,6,1,[3 9],7,8,9,1,8
1,<environment.Job instance at 0x7fee1dd3d7d0>,8,21,[2 5],9,9,30,0,9
1,<environment.Job instance at 0x7fee1dd3de60>,9,23,[5 7],10,10,33,0,10
1,<environment.Job instance at 0x7fedda508410>,13,25,[ 1 10],14,33,58,19,29
1,<environment.Job instance at 0x7fedda434d70>,5,2,[ 2 12],6,58,60,52,31
1,<environment.Job instance at 0x7fedd9e4f960>,18,1,[ 5 14],19,60,61,41,36
1,<environment.Job instance at 0x7fedda576d20>,19,1,[5 1],20,36,37,16,36
1,<environment.Job instance at 0x7fee25071870>,20,1,[2 9],21,61,62,40,36
1,<environment.Job instance at 0x7fee1def7050>,25,2,[5 7],26,62,64,36,47
1,<environment.Job instance at 0x7fedd9e4fb90>,17,19,[ 2 10],18,64,83,46,60
1,<environment.Job instance at 0x7fee2023fe60>,32,2,[4 5],33,73,75,40,73
1,<environment.Job instance at 0x7fee1dbb0870>,34,2,[8 4],35,80,82,45,80
1,<environment.Job instance at 0x7fee1dbb0820>,35,2,[11  4],36,82,84,46,80
1,<environment.Job instance at 0x7fedda3de820>,36,1,[6 4],37,84,85,47,80
1,<environment.Job instance at 0x7fedda3de6e0>,38,2,[6 3],39,84,86,45,80
1,<environment.Job instance at 0x7fedda3de7d0>,39,21,[7 2],40,85,106,45,80
1,<environment.Job instance at 0x7fee1e014140>,41,3,[ 1 10],42,92,95,50,92
1,<environment.Job instance at 0x7fee1e014460>,45,2,[8 4],46,109,111,63,109
1,<environment.Job instance at 0x7fee1e014320>,46,23,[ 5 12],47,111,134,64,109
1,<environment.Job instance at 0x7fee1e014b40>,47,21,[10  4],48,134,155,86,126
1,<environment.Job instance at 0x7fee1e135460>,51,21,[1 7],52,134,155,82,126
1,<environment.Job instance at 0x7fedda37e690>,0,1,[9 3],1,2,3,1,2
1,<environment.Job instance at 0x7fedd9c251e0>,7,1,[8 1],8,8,9,0,8
1,<environment.Job instance at 0x7fedd9d28d70>,11,1,[3 9],12,12,13,0,12
1,<environment.Job instance at 0x7fedd9d281e0>,12,1,[2 9],13,13,14,0,13
1,<environment.Job instance at 0x7fedd9d28f00>,16,21,[10  4],17,17,38,0,17
1,<environment.Job instance at 0x7fee1ded01e0>,19,2,[9 5],20,38,40,18,26
1,<environment.Job instance at 0x7fee1ded02d0>,20,1,[8 3],21,40,41,19,26
1,<environment.Job instance at 0x7fee1ded0410>,21,2,[10  3],22,41,43,19,26
1,<environment.Job instance at 0x7fedda098dc0>,24,2,[7 5],25,43,45,18,26
1,<environment.Job instance at 0x7fedda098820>,25,23,[7 3],26,43,66,17,37
1,<environment.Job instance at 0x7fedda098910>,27,20,[8 3],28,45,65,17,37
1,<environment.Job instance at 0x7fedda098960>,29,22,[9 1],30,66,88,36,59
1,<environment.Job instance at 0x7fedd9d15730>,41,2,[3 5],42,77,79,35,77
1,<environment.Job instance at 0x7fedd9d159b0>,47,1,[1 9],48,109,110,61,109
1,<environment.Job instance at 0x7fedd9d157d0>,49,2,[10  5],50,109,111,59,109
1,<environment.Job instance at 0x7fedd9d153c0>,50,1,[5 8],51,110,111,59,109
1,<environment.Job instance at 0x7fedd9d150a0>,52,26,[9 3],53,114,140,61,114
1,<environment.Job instance at 0x7fedda048b90>,54,3,[5 3],55,118,121,63,118
1,<environment.Job instance at 0x7fedda0485f0>,56,3,[12  4],57,140,143,83,127
1,<environment.Job instance at 0x7fee2070bb90>,2,24,[7 2],3,3,27,0,3
1,<environment.Job instance at 0x7fee1d9e75a0>,4,27,[5 1],5,5,32,0,5
1,<environment.Job instance at 0x7fee203f74b0>,5,1,[ 5 12],6,27,28,21,25
1,<environment.Job instance at 0x7fee203fcc80>,10,1,[9 5],11,28,29,17,27
1,<environment.Job instance at 0x7fee203fc230>,8,3,[13  2],9,32,35,23,27
1,<environment.Job instance at 0x7fee203fcbe0>,12,2,[7 3],13,29,31,16,27
1,<environment.Job instance at 0x7fee203fc780>,13,2,[8 4],14,35,37,21,27
1,<environment.Job instance at 0x7fee203d4a00>,18,3,[7 1],19,35,38,16,29
1,<environment.Job instance at 0x7fee203d4f50>,20,3,[13  5],21,42,45,21,42
1,<environment.Job instance at 0x7fee203d4fa0>,21,3,[6 4],22,45,48,23,42
1,<environment.Job instance at 0x7fee203d4140>,24,1,[8 2],25,53,54,28,53
1,<environment.Job instance at 0x7fee203e73c0>,25,3,[14  3],26,54,57,28,53
1,<environment.Job instance at 0x7fee203e7320>,27,18,[2 8],28,57,75,29,54
1,<environment.Job instance at 0x7fee203eabe0>,29,1,[8 3],30,57,58,27,54
1,<environment.Job instance at 0x7fee207868c0>,34,1,[10  2],35,72,73,37,72
1,<environment.Job instance at 0x7fee203344b0>,35,27,[1 5],36,72,99,36,72
1,<environment.Job instance at 0x7fee1dd9ad20>,37,2,[ 1 10],38,87,89,49,87
1,<environment.Job instance at 0x7fedd9bc74b0>,38,1,[4 7],39,89,90,50,87
1,<environment.Job instance at 0x7fee20786690>,39,3,[13  3],40,90,93,50,87
1,<environment.Job instance at 0x7fee1dd83050>,41,18,[7 3],42,99,117,57,99
1,<environment.Job instance at 0x7fee2079b8c0>,44,3,[5 1],45,101,104,56,101
1,<environment.Job instance at 0x7fedd9e060f0>,46,1,[10  1],47,117,118,70,105
1,<environment.Job instance at 0x7fedd9e06050>,45,12,[8 1],46,105,117,59,105
1,<environment.Job instance at 0x7fedd9e0faa0>,51,21,[8 4],52,118,139,66,118
1,<environment.Job instance at 0x7fee208f15a0>,1,2,[11  4],2,14,16,12,14
1,<environment.Job instance at 0x7fedda5ecf50>,2,3,[14  5],3,16,19,13,16
1,<environment.Job instance at 0x7fee20790320>,10,2,[3 9],11,19,21,8,16
1,<environment.Job instance at 0x7fedd9e0faa0>,11,1,[6 4],12,19,20,7,16
1,<environment.Job instance at 0x7fedd9dc66e0>,13,3,[7 5],14,20,23,6,16
1,<environment.Job instance at 0x7fee1de47780>,21,2,[ 1 10],22,42,44,20,42
1,<environment.Job instance at 0x7fee1de47550>,24,1,[6 3],25,56,57,31,56
1,<environment.Job instance at 0x7fee1de477d0>,26,26,[5 7],27,57,83,30,57
1,<environment.Job instance at 0x7fee1dfb2fa0>,30,1,[7 3],31,63,64,32,63
1,<environment.Job instance at 0x7fee1dfb2410>,33,3,[8 1],34,73,76,39,73
1,<environment.Job instance at 0x7fee2037e5a0>,36,3,[ 4 11],37,83,86,46,80
1,<environment.Job instance at 0x7fedda24ff50>,39,20,[3 9],40,86,106,46,85
1,<environment.Job instance at 0x7fedda24f140>,41,23,[8 4],42,89,112,47,89
1,<environment.Job instance at 0x7fee202ab0a0>,44,3,[11  3],45,112,115,67,106
1,<environment.Job instance at 0x7fee202ab820>,46,2,[ 2 12],47,112,114,65,106
1,<environment.Job instance at 0x7fee202ab0f0>,47,2,[1 9],48,106,108,58,106
1,<environment.Job instance at 0x7fee1e092e60>,49,1,[5 4],50,108,109,58,106
1,<environment.Job instance at 0x7fee1d9e7fa0>,54,3,[ 3 10],55,122,125,67,122
1,<environment.Job instance at 0x7fedda4833c0>,55,27,[6 2],56,122,149,66,122
1,<environment.Job instance at 0x7fee202405f0>,5,26,[14  3],6,6,32,0,6
1,<environment.Job instance at 0x7fee20240f00>,7,28,[6 3],8,32,60,24,31
1,<environment.Job instance at 0x7fedd9d101e0>,9,1,[2 6],10,32,33,22,31
1,<environment.Job instance at 0x7fee20240230>,11,19,[3 6],12,32,51,20,31
1,<environment.Job instance at 0x7fee20240320>,15,2,[8 4],16,51,53,35,31
1,<environment.Job instance at 0x7fedda5710f0>,16,2,[14  2],17,60,62,43,33
1,<environment.Job instance at 0x7fedda571f00>,17,3,[13  2],18,62,65,44,36
1,<environment.Job instance at 0x7fedda571f50>,18,1,[5 2],19,36,37,17,36
1,<environment.Job instance at 0x7fedda571a50>,20,1,[3 6],21,37,38,16,36
1,<environment.Job instance at 0x7fedda5713c0>,21,19,[3 9],22,65,84,43,55
1,<environment.Job instance at 0x7fedda571960>,24,2,[9 3],25,56,58,31,56
1,<environment.Job instance at 0x7fedda549910>,31,1,[1 6],32,81,82,49,81
1,<environment.Job instance at 0x7fedda549280>,32,25,[2 8],33,84,109,51,81
1,<environment.Job instance at 0x7fedda5491e0>,33,2,[ 4 10],34,109,111,75,82
1,<environment.Job instance at 0x7fedda54c780>,41,28,[1 5],42,104,132,62,104
1,<environment.Job instance at 0x7fedda54cdc0>,45,2,[1 7],46,119,121,73,119
1,<environment.Job instance at 0x7fee1daddd20>,2,22,[13  5],3,3,25,0,3
1,<environment.Job instance at 0x7fedd9c4f500>,3,28,[10  5],4,25,53,21,24
1,<environment.Job instance at 0x7fedd9c4fb90>,7,27,[3 7],8,25,52,17,24
1,<environment.Job instance at 0x7fee1def5f00>,16,27,[13  1],17,53,80,36,51
1,<environment.Job instance at 0x7fee20286c80>,25,25,[2 7],26,62,87,36,62
1,<environment.Job instance at 0x7fedd9bbfb90>,30,2,[10  4],31,83,85,52,83
1,<environment.Job instance at 0x7fedd9bbfaa0>,32,2,[4 8],33,92,94,59,92
1,<environment.Job instance at 0x7fee20334c80>,33,3,[10  2],34,93,96,59,93
1,<environment.Job instance at 0x7fee206a5820>,34,2,[9 1],35,96,98,61,93
1,<environment.Job instance at 0x7fee206a5690>,35,1,[7 1],36,98,99,62,93
1,<environment.Job instance at 0x7fee206a5730>,36,1,[6 4],37,96,97,59,93
1,<environment.Job instance at 0x7fee206a5e60>,38,2,[3 8],39,97,99,58,95
1,<environment.Job instance at 0x7fee2029f910>,41,1,[5 8],42,106,107,64,106
1,<environment.Job instance at 0x7fee2029fe10>,42,2,[8 4],43,106,108,63,106
1,<environment.Job instance at 0x7fee1daa9230>,43,2,[7 1],44,107,109,63,106
1,<environment.Job instance at 0x7fee1daa9a50>,45,1,[7 4],46,108,109,62,106
1,<environment.Job instance at 0x7fee1daa9b40>,46,1,[5 9],47,109,110,62,106
1,<environment.Job instance at 0x7fee1daa9640>,47,2,[5 5],48,109,111,61,107
1,<environment.Job instance at 0x7fee1daa9140>,51,26,[6 3],52,112,138,60,112
1,<environment.Job instance at 0x7fee1daab3c0>,54,1,[5 7],55,127,128,72,127
1,<environment.Job instance at 0x7fee1daab370>,55,3,[2 5],56,127,130,71,127
1,<environment.Job instance at 0x7f188b699820>,10,1,[7 3],11,24,25,13,24
1,<environment.Job instance at 0x7f188b699500>,11,2,[3 9],12,24,26,12,24
1,<environment.Job instance at 0x7f188b699a00>,12,3,[6 3],13,26,29,13,26
1,<environment.Job instance at 0x7f188b699be0>,20,1,[3 7],21,66,67,45,66
1,<environment.Job instance at 0x7f188b699c80>,22,2,[12  3],23,66,68,43,66
1,<environment.Job instance at 0x7f188b69b2d0>,24,3,[5 9],25,75,78,50,75
1,<environment.Job instance at 0x7f188b699fa0>,25,3,[1 6],26,75,78,49,75
1,<environment.Job instance at 0x7f188b69b410>,26,22,[2 9],27,78,100,51,75
1,<environment.Job instance at 0x7f188b69b370>,27,2,[6 4],28,78,80,50,77
1,<environment.Job instance at 0x7f188b69b870>,33,2,[5 3],34,96,98,62,96
1,<environment.Job instance at 0x7f188b69b640>,36,2,[5 1],37,101,103,64,101
1,<environment.Job instance at 0x7f188b69ba00>,40,1,[1 8],41,128,129,87,128
1,<environment.Job instance at 0x7f188b69bdc0>,43,28,[6 4],44,128,156,84,128
1,<environment.Job instance at 0x7f1892c0feb0>,13,1,[5 6],14,20,21,6,20
1,<environment.Job instance at 0x7f1892c22fa0>,19,3,[4 8],20,35,38,15,35
1,<environment.Job instance at 0x7f1892c220f0>,21,3,[1 5],22,35,38,13,35
1,<environment.Job instance at 0x7f1892c18b40>,25,3,[5 5],26,47,50,21,47
1,<environment.Job instance at 0x7f1892c18370>,26,22,[11  3],27,50,72,23,47
1,<environment.Job instance at 0x7f1892c18820>,30,3,[9 1],31,72,75,41,63
1,<environment.Job instance at 0x7f1892c18c30>,32,1,[ 5 10],33,72,73,39,63
1,<environment.Job instance at 0x7f1892c1c1e0>,34,1,[9 4],35,75,76,40,67
1,<environment.Job instance at 0x7f1892c1ce10>,35,25,[3 9],36,73,98,37,69
1,<environment.Job instance at 0x7f1892ad17d0>,39,23,[2 8],40,98,121,58,92
1,<environment.Job instance at 0x7f1892ad1050>,41,1,[5 1],42,92,93,50,92
1,<environment.Job instance at 0x7f1892ad18c0>,42,2,[8 2],43,93,95,50,92
1,<environment.Job instance at 0x7f1892ad12d0>,43,1,[3 9],44,121,122,77,93
1,<environment.Job instance at 0x7f1892ad16e0>,46,26,[9 1],47,103,129,56,103
1,<environment.Job instance at 0x7f1892ad0be0>,51,3,[8 2],52,129,132,77,122
1,<environment.Job instance at 0x7f184793b960>,5,1,[ 4 10],6,6,7,0,6
1,<environment.Job instance at 0x7f1892ad01e0>,7,1,[9 4],8,8,9,0,8
1,<environment.Job instance at 0x7f1892ad0280>,3,3,[14  5],4,10,13,6,10
1,<environment.Job instance at 0x7f1847a0beb0>,12,1,[13  3],13,14,15,1,14
1,<environment.Job instance at 0x7f18478e50f0>,15,1,[8 2],16,16,17,0,16
1,<environment.Job instance at 0x7f188b5218c0>,17,1,[4 8],18,18,19,0,18
1,<environment.Job instance at 0x7f18479a1960>,21,2,[3 8],22,32,34,10,32
1,<environment.Job instance at 0x7f188b51c690>,22,27,[ 2 13],23,34,61,11,32
1,<environment.Job instance at 0x7f188b8e54b0>,28,1,[12  5],29,61,62,32,51
1,<environment.Job instance at 0x7f188b8cfc80>,32,2,[7 1],33,67,69,34,67
1,<environment.Job instance at 0x7f188b4b5be0>,33,2,[3 5],34,67,69,33,67
1,<environment.Job instance at 0x7f188b4b5640>,35,2,[4 6],36,78,80,42,78
1,<environment.Job instance at 0x7f188b4b5c30>,36,2,[6 5],37,78,80,41,78
1,<environment.Job instance at 0x7f1847a17c80>,38,3,[5 1],39,81,84,42,81
1,<environment.Job instance at 0x7f188b51c1e0>,27,17,[7 5],28,81,98,53,81
1,<environment.Job instance at 0x7f1847a17460>,44,3,[5 8],45,112,115,67,112
1,<environment.Job instance at 0x7f1847a177d0>,45,2,[2 6],46,112,114,66,112
1,<environment.Job instance at 0x7f18478f7a00>,48,2,[1 7],49,127,129,78,127
1,<environment.Job instance at 0x7f18478f7320>,49,3,[8 4],50,127,130,77,127
1,<environment.Job instance at 0x7f18478f7be0>,51,16,[2 8],52,129,145,77,129
1,<environment.Job instance at 0x7f1847d46230>,1,1,[10  1],2,2,3,0,2
1,<environment.Job instance at 0x7f188b682b90>,0,1,[ 4 12],1,3,4,2,3
1,<environment.Job instance at 0x7f1847d923c0>,3,1,[5 2],4,4,5,0,4
1,<environment.Job instance at 0x7f188b8aa410>,8,21,[9 5],9,9,30,0,9
1,<environment.Job instance at 0x7f188b6e2550>,9,3,[12  1],10,30,33,20,20
1,<environment.Job instance at 0x7f188b6f0640>,13,2,[ 4 10],14,20,22,6,20
1,<environment.Job instance at 0x7f188b8fc230>,18,3,[ 2 10],19,23,26,4,23
1,<environment.Job instance at 0x7f188b761be0>,20,3,[9 1],21,33,36,12,33
1,<environment.Job instance at 0x7f188b51c500>,21,2,[5 6],22,33,35,11,33
1,<environment.Job instance at 0x7f188b6d3d20>,22,2,[3 5],23,35,37,12,33
1,<environment.Job instance at 0x7f188b6f8f50>,23,17,[1 8],24,37,54,13,37
1,<environment.Job instance at 0x7f188b68a780>,25,24,[3 9],26,54,78,28,49
1,<environment.Job instance at 0x7f188b68ac80>,27,3,[10  3],28,49,52,21,49
1,<environment.Job instance at 0x7f18929cbfa0>,30,1,[2 9],31,78,79,47,64
1,<environment.Job instance at 0x7f18929cbf50>,31,3,[9 3],32,64,67,32,64
1,<environment.Job instance at 0x7f188b529640>,32,17,[10  3],33,67,84,34,66
1,<environment.Job instance at 0x7f1847e05af0>,35,1,[12  4],36,84,85,48,66
1,<environment.Job instance at 0x7f1847e05c80>,36,2,[9 2],37,85,87,48,66
1,<environment.Job instance at 0x7f1847e36c80>,37,2,[5 2],38,79,81,41,66
1,<environment.Job instance at 0x7f1847e36460>,38,2,[6 5],39,85,87,46,66
1,<environment.Job instance at 0x7f1847e36dc0>,39,3,[8 5],40,87,90,47,66
1,<environment.Job instance at 0x7f1847e36be0>,42,27,[5 5],43,87,114,44,85
1,<environment.Job instance at 0x7f1847e360a0>,44,25,[1 7],45,92,117,47,92
1,<environment.Job instance at 0x7f1847e6cc30>,45,1,[3 6],46,114,115,68,92
1,<environment.Job instance at 0x7f1847a22eb0>,48,2,[7 3],49,105,107,56,105
1,<environment.Job instance at 0x7f1847e3c2d0>,50,2,[6 5],51,115,117,64,109
1,<environment.Job instance at 0x7f188b60ae60>,12,2,[5 5],13,13,15,0,13
1,<environment.Job instance at 0x7f188bae3dc0>,13,1,[7 1],14,14,15,0,14
1,<environment.Job instance at 0x7f188bae34b0>,17,3,[12  4],18,25,28,7,25
1,<environment.Job instance at 0x7f188bae1d20>,19,28,[1 8],20,25,53,5,25
1,<environment.Job instance at 0x7f188bae1b40>,21,13,[1 9],22,53,66,31,37
1,<environment.Job instance at 0x7f1848052d20>,22,3,[1 9],23,66,69,43,40
1,<environment.Job instance at 0x7f188b516370>,23,2,[6 5],24,40,42,16,40
1,<environment.Job instance at 0x7f188bafd870>,24,1,[7 3],25,42,43,17,40
1,<environment.Job instance at 0x7f188b617230>,35,24,[8 3],36,76,100,40,76
1,<environment.Job instance at 0x7f188baf4b40>,36,1,[4 7],37,77,78,40,77
1,<environment.Job instance at 0x7f188baf4aa0>,41,3,[5 9],42,107,110,65,107
1,<environment.Job instance at 0x7f189212eb90>,8,24,[4 7],9,9,33,0,9
1,<environment.Job instance at 0x7f1892329f00>,18,2,[5 8],19,23,25,4,23
1,<environment.Job instance at 0x7f1892329d70>,19,3,[14  1],20,33,36,13,25
1,<environment.Job instance at 0x7f1892329a00>,20,20,[4 6],21,36,56,15,27
1,<environment.Job instance at 0x7f18923290a0>,21,2,[8 4],22,27,29,5,27
1,<environment.Job instance at 0x7f188b5677d0>,26,3,[8 3],27,55,58,28,55
1,<environment.Job instance at 0x7f188b567140>,27,1,[10  5],28,58,59,30,55
1,<environment.Job instance at 0x7f188b5672d0>,28,2,[13  3],29,59,61,30,55
1,<environment.Job instance at 0x7f188b567a00>,29,1,[5 1],30,56,57,26,55
1,<environment.Job instance at 0x7f188b567280>,35,2,[6 3],36,84,86,48,84
1,<environment.Job instance at 0x7f188b567af0>,37,3,[8 1],38,84,87,46,84
1,<environment.Job instance at 0x7f188b567f00>,38,20,[3 8],39,86,106,47,84
1,<environment.Job instance at 0x7f1892334500>,40,24,[10  4],41,95,119,54,95
1,<environment.Job instance at 0x7f1892334870>,41,21,[4 7],42,106,127,64,98
1,<environment.Job instance at 0x7f1847b510f0>,0,26,[4 9],1,1,27,0,1
1,<environment.Job instance at 0x7f1847e33d20>,7,23,[5 3],8,8,31,0,8
1,<environment.Job instance at 0x7f188b5e5fa0>,13,24,[ 5 11],14,27,51,13,23
1,<environment.Job instance at 0x7f1891f95a00>,23,1,[10  5],24,64,65,40,64
1,<environment.Job instance at 0x7f1847f660a0>,25,2,[8 3],26,75,77,49,75
1,<environment.Job instance at 0x7f1847f660f0>,26,3,[ 5 10],27,75,78,48,75
1,<environment.Job instance at 0x7f184790a500>,6,27,[5 2],7,7,34,0,7
1,<environment.Job instance at 0x7f184790a910>,10,22,[2 5],11,17,39,6,17
1,<environment.Job instance at 0x7f1847f660f0>,3,3,[13  5],4,45,48,41,45
1,<environment.Job instance at 0x7f1847907140>,20,1,[ 2 10],21,45,46,24,45
1,<environment.Job instance at 0x7f18479071e0>,21,2,[1 5],22,46,48,24,45
1,<environment.Job instance at 0x7f1847907500>,22,1,[9 5],23,48,49,25,45
1,<environment.Job instance at 0x7f18479075a0>,24,28,[4 5],25,49,77,24,49
1,<environment.Job instance at 0x7f1847907640>,25,3,[9 2],26,49,52,23,49
1,<environment.Job instance at 0x7f1847907780>,27,2,[ 5 13],28,77,79,49,51
1,<environment.Job instance at 0x7f18479078c0>,29,1,[4 5],30,66,67,36,66
1,<environment.Job instance at 0x7f1847907a00>,31,25,[10  1],32,67,92,35,66
1,<environment.Job instance at 0x7f1847907b40>,33,2,[5 1],34,79,81,45,72
1,<environment.Job instance at 0x7f1847907d20>,36,3,[5 1],37,89,92,52,89
1,<environment.Job instance at 0x7f1847907dc0>,37,1,[2 6],38,92,93,54,89
1,<environment.Job instance at 0x7f1847916140>,42,2,[1 7],43,117,119,74,117
1,<environment.Job instance at 0x7f1847916410>,45,21,[9 3],46,131,152,85,131
1,<environment.Job instance at 0x7f18479165a0>,3,1,[2 6],4,4,5,0,4
1,<environment.Job instance at 0x7f188b5a9d70>,7,24,[5 9],8,8,32,0,8
1,<environment.Job instance at 0x7f188b5bd320>,11,28,[3 6],12,12,40,0,12
1,<environment.Job instance at 0x7f188b4562d0>,19,26,[2 6],20,32,58,12,29
1,<environment.Job instance at 0x7f188b8b1a50>,20,20,[9 3],21,32,52,11,29
1,<environment.Job instance at 0x7f1847f28550>,27,1,[ 1 13],28,58,59,30,57
1,<environment.Job instance at 0x7f188ba75410>,28,26,[8 2],29,57,83,28,57
1,<environment.Job instance at 0x7f1847bbb3c0>,31,1,[5 4],32,57,58,25,57
1,<environment.Job instance at 0x7f1847eb7370>,35,25,[ 3 14],36,83,108,47,83
1,<environment.Job instance at 0x7f188b5afb40>,40,2,[4 6],41,108,110,67,104
1,<environment.Job instance at 0x7f1847f4dcd0>,41,3,[ 4 13],42,110,113,68,106
1,<environment.Job instance at 0x7f188b7a3fa0>,44,27,[13  3],45,122,149,77,122
1,<environment.Job instance at 0x7f188b8d4500>,4,1,[13  5],5,6,7,1,6
1,<environment.Job instance at 0x7f189299ef50>,6,1,[5 7],7,8,9,1,8
1,<environment.Job instance at 0x7f189212cc80>,0,2,[6 1],1,8,10,7,8
1,<environment.Job instance at 0x7f1847c4f730>,10,25,[5 3],11,11,36,0,11
1,<environment.Job instance at 0x7f1891fd6aa0>,15,2,[8 1],16,17,19,1,17
1,<environment.Job instance at 0x7f1847da50a0>,17,1,[ 4 10],18,19,20,1,18
1,<environment.Job instance at 0x7f188b406a50>,19,28,[3 9],20,24,52,4,24
1,<environment.Job instance at 0x7f18929d3050>,22,23,[3 7],23,52,75,29,46
1,<environment.Job instance at 0x7f1847ee9550>,26,3,[ 5 14],27,86,89,59,86
1,<environment.Job instance at 0x7f1847ee9a50>,33,1,[5 4],34,89,90,55,87
1,<environment.Job instance at 0x7f1847ee9fa0>,35,1,[1 8],36,89,90,53,87
1,<environment.Job instance at 0x7f188b8a7280>,43,3,[5 3],44,123,126,79,123
1,<environment.Job instance at 0x7f1847b5a550>,46,1,[ 5 10],47,128,129,81,128
1,<environment.Job instance at 0x7f1847ee9050>,30,16,[1 7],31,129,145,98,128
1,<environment.Job instance at 0x7f1847f86d20>,48,1,[1 9],49,145,146,96,128
1,<environment.Job instance at 0x7f1847f86af0>,49,2,[13  4],50,129,131,79,128
1,<environment.Job instance at 0x7f1847f86460>,50,2,[5 2],51,131,133,80,128
1,<environment.Job instance at 0x7f1847f860f0>,52,1,[2 9],53,146,147,93,135
1,<environment.Job instance at 0x7f1847f86b40>,53,20,[ 5 12],54,147,167,93,138
1,<environment.Job instance at 0x7f18479c8dc0>,7,2,[5 2],8,8,10,0,8
1,<environment.Job instance at 0x7f18479c8fa0>,9,19,[2 5],10,10,29,0,10
1,<environment.Job instance at 0x7f18479b62d0>,13,1,[5 5],14,14,15,0,14
1,<environment.Job instance at 0x7f18479b65a0>,15,2,[ 3 11],16,29,31,13,16
1,<environment.Job instance at 0x7f18479b6730>,17,1,[10  3],18,22,23,4,22
1,<environment.Job instance at 0x7f18479b69b0>,20,3,[8 1],21,35,38,14,35
1,<environment.Job instance at 0x7f18479b6d20>,22,3,[ 4 11],23,39,42,16,39
1,<environment.Job instance at 0x7f18479b6cd0>,23,18,[9 2],24,47,65,23,47
1,<environment.Job instance at 0x7f18479b6eb0>,28,24,[5 6],29,56,80,27,56
1,<environment.Job instance at 0x7f18479a50a0>,29,2,[1 7],30,57,59,27,57
1,<environment.Job instance at 0x7f18479a5140>,30,3,[ 3 12],31,80,83,49,61
1,<environment.Job instance at 0x7f18479a5690>,35,1,[4 9],36,97,98,61,97
1,<environment.Job instance at 0x7f18479a5550>,37,2,[9 4],38,103,105,65,103
1,<environment.Job instance at 0x7f18479a5be0>,40,20,[ 4 10],41,118,138,77,118
1,<environment.Job instance at 0x7f18479a5e60>,44,2,[1 9],45,138,140,93,130
1,<environment.Job instance at 0x7f18479a5fa0>,46,24,[4 5],47,136,160,89,136
1,<environment.Job instance at 0x7f18479a5e10>,47,24,[4 8],48,140,164,92,136
1,<environment.Job instance at 0x7f18479a5f50>,48,3,[9 5],49,160,163,111,139
1,<environment.Job instance at 0x7f18479dc320>,52,2,[1 9],53,164,166,111,139
1,<environment.Job instance at 0x7f18479dc640>,53,1,[3 7],54,163,164,109,139
1,<environment.Job instance at 0x7f1847cb8320>,10,20,[8 5],11,13,33,2,13
1,<environment.Job instance at 0x7f18923807d0>,15,25,[4 5],16,17,42,1,17
1,<environment.Job instance at 0x7f18925ff0f0>,18,1,[ 4 14],19,42,43,23,30
1,<environment.Job instance at 0x7f1892494870>,22,3,[5 8],23,34,37,11,34
1,<environment.Job instance at 0x7f18924948c0>,24,2,[3 9],25,43,45,18,41
1,<environment.Job instance at 0x7f1892494be0>,27,1,[4 7],28,41,42,13,41
1,<environment.Job instance at 0x7f18479dc640>,4,3,[13  1],5,48,51,43,48
1,<environment.Job instance at 0x7f1892494280>,29,2,[4 8],30,51,53,21,48
1,<environment.Job instance at 0x7f188b406280>,30,2,[13  2],31,53,55,22,51
1,<environment.Job instance at 0x7f188b4060a0>,34,1,[12  5],35,55,56,20,53
1,<environment.Job instance at 0x7f188b4068c0>,35,3,[3 9],36,55,58,19,54
1,<environment.Job instance at 0x7f188b406af0>,37,26,[ 3 10],38,66,92,28,66
1,<environment.Job instance at 0x7f188b8d4be0>,41,3,[12  2],42,94,97,52,94
1,<environment.Job instance at 0x7f18925df190>,42,1,[2 6],43,94,95,51,94
1,<environment.Job instance at 0x7f188b4baa00>,44,1,[7 3],45,97,98,52,94
1,<environment.Job instance at 0x7f187707aeb0>,52,1,[7 4],53,97,98,44,95
1,<environment.Job instance at 0x7f1847cd4500>,54,3,[14  3],55,109,112,54,109
1,<environment.Job instance at 0x7f1847e95140>,57,3,[6 5],58,120,123,62,120
1,<environment.Job instance at 0x7f1847e95230>,58,1,[2 8],59,120,121,61,120
1,<environment.Job instance at 0x7f1847e95dc0>,59,2,[6 3],60,121,123,61,120
1,<environment.Job instance at 0x7f1847e95c30>,61,1,[5 3],62,124,125,62,124
1,<environment.Job instance at 0x7f188b406960>,32,18,[4 8],33,136,154,103,136
1,<environment.Job instance at 0x7f1892a7f460>,63,3,[7 1],64,136,139,72,136
1,<environment.Job instance at 0x7f188bb639b0>,65,3,[ 1 10],66,154,157,88,137
1,<environment.Job instance at 0x7f188bb63370>,66,1,[11  3],67,139,140,72,137
1,<environment.Job instance at 0x7f1847f0c140>,0,1,[1 9],1,1,2,0,1
1,<environment.Job instance at 0x7f1892532280>,16,1,[ 3 11],17,18,19,1,18
1,<environment.Job instance at 0x7f188b770460>,18,1,[3 6],19,19,20,0,19
1,<environment.Job instance at 0x7f188b770280>,21,23,[1 8],22,22,45,0,22
1,<environment.Job instance at 0x7f1847d83c30>,27,1,[7 5],28,43,44,15,43
1,<environment.Job instance at 0x7f1847d83730>,28,1,[10  1],29,44,45,15,43
1,<environment.Job instance at 0x7f1847d837d0>,29,3,[3 5],30,44,47,14,43
1,<environment.Job instance at 0x7f1847d835f0>,30,3,[ 2 10],31,45,48,14,43
1,<environment.Job instance at 0x7f1847d83910>,36,25,[8 1],37,65,90,28,65
1,<environment.Job instance at 0x7f188b9a9be0>,40,2,[3 9],41,76,78,35,76
1,<environment.Job instance at 0x7f188b9a95a0>,41,3,[4 5],42,76,79,34,76
1,<environment.Job instance at 0x7f188b82bcd0>,44,28,[7 4],45,90,118,45,90
1,<environment.Job instance at 0x7f188b82b3c0>,45,20,[7 2],46,90,110,44,90
1,<environment.Job instance at 0x7f188b82b320>,48,2,[7 1],49,110,112,61,104
1,<environment.Job instance at 0x7f18478a7230>,52,3,[8 4],53,121,124,68,121
1,<environment.Job instance at 0x7f18478a7d20>,54,19,[1 8],55,121,140,66,121
1,<environment.Job instance at 0x7f18478a7730>,59,3,[5 3],60,136,139,76,136
1,<environment.Job instance at 0x7f188b4d2af0>,8,21,[2 5],9,9,30,0,9
1,<environment.Job instance at 0x7f188b4d2820>,9,23,[5 7],10,10,33,0,10
1,<environment.Job instance at 0x7f188b4e6eb0>,13,25,[ 1 10],14,33,58,19,29
1,<environment.Job instance at 0x7f188b4d2640>,5,2,[ 2 12],6,58,60,52,31
1,<environment.Job instance at 0x7f188b4e6690>,18,1,[ 5 14],19,60,61,41,32
1,<environment.Job instance at 0x7f188b4e6cd0>,19,1,[5 1],20,32,33,12,32
1,<environment.Job instance at 0x7f188b4e6910>,20,1,[2 9],21,61,62,40,33
1,<environment.Job instance at 0x7f188b4cc3c0>,25,2,[5 7],26,62,64,36,43
1,<environment.Job instance at 0x7f188b49ba50>,32,2,[4 5],33,80,82,47,80
1,<environment.Job instance at 0x7f188b765d70>,34,2,[8 4],35,84,86,49,84
1,<environment.Job instance at 0x7f188b765550>,35,2,[11  4],36,86,88,50,84
1,<environment.Job instance at 0x7f188b49deb0>,36,1,[6 4],37,84,85,47,84
1,<environment.Job instance at 0x7f188b49d820>,38,2,[6 3],39,91,93,52,91
1,<environment.Job instance at 0x7f188b49d9b0>,39,21,[7 2],40,91,112,51,91
1,<environment.Job instance at 0x7f188b4a40f0>,41,3,[ 1 10],42,95,98,53,95
1,<environment.Job instance at 0x7f188b496320>,45,2,[8 4],46,111,113,65,111
1,<environment.Job instance at 0x7f184799cbe0>,46,23,[ 5 12],47,113,136,66,111
1,<environment.Job instance at 0x7f1847d61a50>,47,21,[10  4],48,136,157,88,128
1,<environment.Job instance at 0x7f1847a5eb90>,51,21,[1 7],52,136,157,84,128
1,<environment.Job instance at 0x7f188ba758c0>,6,21,[10  4],7,7,28,0,7
1,<environment.Job instance at 0x7f1847a77a50>,15,23,[7 3],16,28,51,12,22
1,<environment.Job instance at 0x7f1847e51a50>,17,20,[8 3],18,28,48,10,22
1,<environment.Job instance at 0x7f1847aa89b0>,19,22,[9 1],20,51,73,31,44
1,<environment.Job instance at 0x7f1847bf58c0>,30,3,[1 9],31,62,65,31,62
1,<environment.Job instance at 0x7f1847bf5dc0>,31,2,[3 5],32,62,64,30,62
1,<environment.Job instance at 0x7f1847bf5e10>,37,1,[1 9],38,92,93,54,92
1,<environment.Job instance at 0x7f1847bf5820>,38,3,[7 1],39,92,95,53,92
1,<environment.Job instance at 0x7f1847bf5f00>,39,2,[10  5],40,95,97,55,92
1,<environment.Job instance at 0x7f1847bf5b40>,40,1,[5 8],41,93,94,52,92
1,<environment.Job instance at 0x7f1847bf5870>,42,26,[9 3],43,97,123,54,94
1,<environment.Job instance at 0x7f188b8d39b0>,44,3,[5 3],45,102,105,57,102
1,<environment.Job instance at 0x7f188b8d3e10>,46,3,[12  4],47,123,126,76,107
1,<environment.Job instance at 0x7f18922476e0>,48,1,[5 9],49,116,117,67,116
1,<environment.Job instance at 0x7f18922471e0>,49,2,[ 1 10],50,117,119,67,116
1,<environment.Job instance at 0x7f1847887aa0>,51,3,[4 6],52,126,129,74,122
1,<environment.Job instance at 0x7f1847887960>,54,2,[ 4 10],55,135,137,80,135
1,<environment.Job instance at 0x7f18477c7050>,4,1,[8 2],5,6,7,1,6
1,<environment.Job instance at 0x7f18477c7190>,5,3,[14  3],6,7,10,1,7
1,<environment.Job instance at 0x7f18477c7aa0>,8,3,[ 2 10],9,10,13,1,9
1,<environment.Job instance at 0x7f18477c75a0>,9,1,[8 3],10,12,13,2,12
1,<environment.Job instance at 0x7f18477c74b0>,14,1,[10  2],15,15,16,0,15
1,<environment.Job instance at 0x7f18477c7d70>,15,27,[1 5],16,16,43,0,16
1,<environment.Job instance at 0x7f18477c7eb0>,17,2,[ 1 10],18,26,28,8,26
1,<environment.Job instance at 0x7f18477c7e10>,18,1,[4 7],19,28,29,9,26
1,<environment.Job instance at 0x7f18477c7280>,19,3,[13  3],20,29,32,9,29
1,<environment.Job instance at 0x7f1847ad1d20>,21,18,[7 3],22,43,61,21,43
1,<environment.Job instance at 0x7f1847ad18c0>,24,3,[5 1],25,47,50,22,47
1,<environment.Job instance at 0x7f1847ad1e10>,26,1,[10  1],27,61,62,34,49
1,<environment.Job instance at 0x7f189260d5f0>,0,3,[13  5],1,62,65,61,62
1,<environment.Job instance at 0x7f1847ad1dc0>,31,21,[8 4],32,65,86,33,62
1,<environment.Job instance at 0x7f1847ad1aa0>,34,3,[6 4],35,68,71,33,68
1,<environment.Job instance at 0x7f188b5bae60>,39,1,[1 7],40,91,92,51,91
1,<environment.Job instance at 0x7f188b5bacd0>,41,3,[4 7],42,91,94,49,91
1,<environment.Job instance at 0x7f188b5ba140>,42,3,[10  5],43,92,95,49,91
1,<environment.Job instance at 0x7f188b5ba690>,43,2,[4 5],44,94,96,50,91
1,<environment.Job instance at 0x7f188b5ba780>,44,20,[8 2],45,95,115,50,91
1,<environment.Job instance at 0x7f188b5bae10>,50,21,[10  5],51,115,136,64,107
1,<environment.Job instance at 0x7f18476f0af0>,55,1,[ 3 11],56,136,137,80,121
1,<environment.Job instance at 0x7f18476f0140>,58,2,[ 5 10],59,124,126,65,124
1,<environment.Job instance at 0x7f18476f0230>,61,2,[4 5],62,126,128,64,125
1,<environment.Job instance at 0x7f18476f0550>,63,2,[2 8],64,130,132,66,130
1,<environment.Job instance at 0x7f18476f0500>,64,3,[5 3],65,132,135,67,130
1,<environment.Job instance at 0x7f18476f0c80>,66,23,[ 1 13],67,137,160,70,131
1,<environment.Job instance at 0x7f1891f05aa0>,9,20,[3 9],10,10,30,0,10
1,<environment.Job instance at 0x7f188b79e140>,11,23,[8 4],12,12,35,0,12
1,<environment.Job instance at 0x7f1891f367d0>,6,3,[ 4 11],7,31,34,24,31
1,<environment.Job instance at 0x7f1891f14f50>,16,2,[ 2 12],17,35,37,18,32
1,<environment.Job instance at 0x7f1891f37cd0>,17,2,[1 9],18,37,39,19,32
1,<environment.Job instance at 0x7f1891f377d0>,19,1,[5 4],20,34,35,14,33
1,<environment.Job instance at 0x7f1891f16370>,20,1,[3 6],21,37,38,16,33
1,<environment.Job instance at 0x7f1891f37af0>,18,2,[7 4],19,38,40,19,36
1,<environment.Job instance at 0x7f1891f40410>,22,2,[6 2],23,38,40,15,36
1,<environment.Job instance at 0x7f1891f40fa0>,25,27,[6 2],26,40,67,14,38
1,<environment.Job instance at 0x7f1891f31050>,28,3,[ 3 12],29,45,48,16,45
1,<environment.Job instance at 0x7f1891f316e0>,31,2,[7 3],32,53,55,21,53
1,<environment.Job instance at 0x7f188b9fa500>,37,3,[6 1],38,71,74,33,71
1,<environment.Job instance at 0x7f1891f14640>,14,3,[11  3],15,74,77,59,71
1,<environment.Job instance at 0x7f188b49cd20>,42,3,[1 9],43,91,94,48,91
1,<environment.Job instance at 0x7f188b9fbb40>,43,1,[6 2],44,91,92,47,91
1,<environment.Job instance at 0x7f188b9f02d0>,44,2,[1 8],45,94,96,49,91
1,<environment.Job instance at 0x7f188ba09500>,45,1,[ 4 14],46,96,97,50,91
1,<environment.Job instance at 0x7f188ba09870>,46,3,[6 5],47,92,95,45,91
1,<environment.Job instance at 0x7f188ba09320>,48,2,[2 7],49,97,99,48,91
1,<environment.Job instance at 0x7f188ba090f0>,49,2,[5 3],50,97,99,47,91
1,<environment.Job instance at 0x7f188ba09af0>,50,1,[3 7],51,95,96,44,91
1,<environment.Job instance at 0x7f188ba092d0>,51,1,[4 6],52,99,100,47,91
1,<environment.Job instance at 0x7f188ba09960>,47,3,[1 9],48,99,102,51,91
1,<environment.Job instance at 0x7f188b9cfdc0>,54,18,[7 1],55,100,118,45,100
1,<environment.Job instance at 0x7f1847672af0>,55,2,[10  4],56,118,120,62,100
1,<environment.Job instance at 0x7f188b9cf190>,57,1,[10  4],58,120,121,62,100
1,<environment.Job instance at 0x7f188b9cf2d0>,58,1,[2 9],59,102,103,43,100
1,<environment.Job instance at 0x7f18479d15f0>,59,22,[14  5],60,121,143,61,114
1,<environment.Job instance at 0x7f18479d59b0>,67,1,[10  4],68,143,144,75,128
1,<environment.Job instance at 0x7f18479d5410>,68,22,[10  4],69,144,166,75,137
1,<environment.Job instance at 0x7f188b51c780>,1,28,[1 5],2,2,30,0,2
1,<environment.Job instance at 0x7f1847fd8b40>,9,2,[4 6],10,10,12,0,10
1,<environment.Job instance at 0x7f1847fd8e60>,10,27,[3 8],11,12,39,1,11
1,<environment.Job instance at 0x7f18929aae10>,14,19,[6 5],15,30,49,15,23
1,<environment.Job instance at 0x7f1892247b90>,20,20,[7 1],21,39,59,18,30
1,<environment.Job instance at 0x7f1847ad53c0>,21,1,[12  2],22,59,60,37,36
1,<environment.Job instance at 0x7f1847ad5870>,22,1,[9 3],23,60,61,37,36
1,<environment.Job instance at 0x7f1892083f00>,24,1,[10  3],25,61,62,36,37
1,<environment.Job instance at 0x7f18921091e0>,30,3,[2 6],31,44,47,13,44
1,<environment.Job instance at 0x7f1847697320>,33,2,[7 2],34,53,55,19,53
1,<environment.Job instance at 0x7f1847697af0>,36,3,[5 2],37,70,73,33,70
1,<environment.Job instance at 0x7f1847697500>,37,1,[10  1],38,70,71,32,70
1,<environment.Job instance at 0x7f18476974b0>,38,3,[2 5],39,71,74,32,70
1,<environment.Job instance at 0x7f1847697280>,39,1,[3 8],40,71,72,31,70
1,<environment.Job instance at 0x7f1847697e10>,40,23,[ 1 12],41,74,97,33,70
1,<environment.Job instance at 0x7f184788e0f0>,42,28,[1 7],43,97,125,54,96
1,<environment.Job instance at 0x7f184778bf50>,45,26,[ 4 10],46,125,151,79,122
1,<environment.Job instance at 0x7f188bae8b40>,1,26,[6 3],2,2,28,0,2
1,<environment.Job instance at 0x7f188b4b30f0>,7,1,[ 5 12],8,8,9,0,8
1,<environment.Job instance at 0x7f188b4b3fa0>,8,1,[ 2 10],9,9,10,0,9
1,<environment.Job instance at 0x7f188b4b3eb0>,9,3,[12  2],10,28,31,18,10
1,<environment.Job instance at 0x7f188b4b3a50>,5,3,[2 5],6,12,15,6,12
1,<environment.Job instance at 0x7f188b4b31e0>,11,3,[11  1],12,31,34,19,13
1,<environment.Job instance at 0x7f188b4b3a00>,13,1,[10  2],14,34,35,20,14
1,<environment.Job instance at 0x7f1892998780>,15,27,[8 5],16,35,62,19,33
1,<environment.Job instance at 0x7f1892998640>,16,22,[9 5],17,62,84,45,55
1,<environment.Job instance at 0x7f1892039a00>,18,24,[7 4],19,84,108,65,79
1,<environment.Job instance at 0x7f1892039d70>,20,1,[9 3],21,108,109,87,80
1,<environment.Job instance at 0x7f1892039c80>,22,1,[ 3 10],23,80,81,57,80
1,<environment.Job instance at 0x7f1892039fa0>,24,1,[5 4],25,81,82,56,80
1,<environment.Job instance at 0x7f1892039aa0>,29,2,[12  1],30,109,111,79,93
1,<environment.Job instance at 0x7f1892039be0>,31,24,[ 3 14],32,109,133,77,104
1,<environment.Job instance at 0x7f1847d58e60>,40,20,[9 2],41,133,153,92,128
1,<environment.Job instance at 0x7f1847ad0960>,0,3,[2 8],1,2,5,1,2
1,<environment.Job instance at 0x7f1847cf26e0>,5,25,[10  3],6,6,31,0,6
1,<environment.Job instance at 0x7f1847606c80>,6,2,[12  3],7,31,33,24,14
1,<environment.Job instance at 0x7f1847edec30>,17,2,[10  1],18,33,35,15,19
1,<environment.Job instance at 0x7f1847ede5a0>,20,24,[7 2],21,35,59,14,30
1,<environment.Job instance at 0x7f188b7b3e60>,14,3,[14  3],15,59,62,44,33
1,<environment.Job instance at 0x7f18920c6370>,22,25,[7 5],23,62,87,39,58
1,<environment.Job instance at 0x7f18920c63c0>,26,3,[12  5],27,94,97,67,94
1,<environment.Job instance at 0x7f18920c6190>,33,2,[5 6],34,98,100,64,98
1,<environment.Job instance at 0x7f18920c6a00>,35,3,[9 1],36,98,101,62,98
1,<environment.Job instance at 0x7f1847cd2e60>,34,18,[2 9],35,104,122,69,104
1,<environment.Job instance at 0x7f18478314b0>,41,3,[5 3],42,116,119,74,116
1,<environment.Job instance at 0x7f18478315f0>,42,24,[2 9],43,122,146,79,117
1,<environment.Job instance at 0x7f1847831460>,43,1,[9 4],44,119,120,75,117
1,<environment.Job instance at 0x7f1847831140>,45,2,[8 5],46,129,131,83,129
1,<environment.Job instance at 0x7f1847831910>,46,1,[5 3],47,131,132,84,129
1,<environment.Job instance at 0x7f1847831640>,48,1,[ 2 10],49,146,147,97,130
1,<environment.Job instance at 0x7fdcf7765820>,10,1,[7 3],11,25,26,14,25
1,<environment.Job instance at 0x7fdcf7765c30>,17,3,[10  3],18,50,53,32,50
1,<environment.Job instance at 0x7fdcf7765eb0>,20,1,[3 7],21,66,67,45,66
1,<environment.Job instance at 0x7fdcf7765e10>,22,2,[12  3],23,66,68,43,66
1,<environment.Job instance at 0x7fdcf7767190>,26,22,[2 9],27,74,96,47,74
1,<environment.Job instance at 0x7fdcf77670a0>,28,2,[5 9],29,96,98,67,75
1,<environment.Job instance at 0x7fdcf7767500>,30,1,[5 5],31,76,77,45,76
1,<environment.Job instance at 0x7fdcf77676e0>,33,2,[5 3],34,91,93,57,91
1,<environment.Job instance at 0x7fdcf7767960>,36,2,[5 1],37,104,106,67,104
1,<environment.Job instance at 0x7fdcf7767a00>,40,1,[1 8],41,128,129,87,128
1,<environment.Job instance at 0x7fdcf7767f00>,43,28,[6 4],44,132,160,88,132
1,<environment.Job instance at 0x7fdcf7767e60>,3,1,[5 6],4,4,5,0,4
1,<environment.Job instance at 0x7fdcfecdb410>,9,3,[4 8],10,10,13,0,10
1,<environment.Job instance at 0x7fdcfecdb0f0>,11,3,[1 5],12,12,15,0,12
1,<environment.Job instance at 0x7fdcfecdb6e0>,12,1,[10  1],13,13,14,0,13
1,<environment.Job instance at 0x7fdcfecee410>,15,3,[5 5],16,21,24,5,21
1,<environment.Job instance at 0x7fdcfecee230>,16,22,[11  3],17,24,46,7,21
1,<environment.Job instance at 0x7fdcfece4320>,22,1,[ 5 10],23,46,47,23,45
1,<environment.Job instance at 0x7fdcfece4e10>,24,1,[9 4],25,47,48,22,47
1,<environment.Job instance at 0x7fdcfece4820>,25,25,[3 9],26,47,72,21,47
1,<environment.Job instance at 0x7fdcfece4140>,26,1,[7 4],27,48,49,21,47
1,<environment.Job instance at 0x7fdcfece47d0>,29,23,[2 8],30,72,95,42,66
1,<environment.Job instance at 0x7fdcfecdfd70>,31,1,[5 1],32,66,67,34,66
1,<environment.Job instance at 0x7fdcfecdf6e0>,33,1,[3 9],34,95,96,61,67
1,<environment.Job instance at 0x7fdcfecdf280>,36,26,[9 1],37,76,102,39,76
1,<environment.Job instance at 0x7fdcfeb9d550>,46,23,[5 8],47,112,135,65,112
1,<environment.Job instance at 0x7fdcfeb9d280>,51,2,[12  1],52,135,137,83,123
1,<environment.Job instance at 0x7fdcfeb9d190>,53,27,[5 3],54,137,164,83,135
1,<environment.Job instance at 0x7fdcfeb9cc30>,57,1,[1 6],58,148,149,90,148
1,<environment.Job instance at 0x7fdcfeb9c780>,58,22,[9 2],59,148,170,89,148
1,<environment.Job instance at 0x7fdcb39cef50>,2,27,[ 2 13],3,7,34,4,7
1,<environment.Job instance at 0x7fdcb3a27a50>,8,1,[12  5],9,34,35,25,12
1,<environment.Job instance at 0x7fdcb3b13f50>,5,18,[9 5],6,35,53,29,32
1,<environment.Job instance at 0x7fdcb3a01370>,22,2,[9 3],23,53,55,30,44
1,<environment.Job instance at 0x7fdcf75f1640>,24,3,[5 8],25,45,48,20,45
1,<environment.Job instance at 0x7fdcf79c3d70>,25,2,[2 6],26,48,50,22,45
1,<environment.Job instance at 0x7fdcb3a7c230>,35,1,[5 7],36,92,93,56,92
1,<environment.Job instance at 0x7fdcb3a7c3c0>,36,2,[3 5],37,92,94,55,92
1,<environment.Job instance at 0x7fdcf7534cd0>,42,20,[7 3],43,120,140,77,120
1,<environment.Job instance at 0x7fdcb3a7caa0>,43,1,[2 8],44,120,121,76,120
1,<environment.Job instance at 0x7fdcb3a17910>,46,20,[6 2],47,123,143,76,123
1,<environment.Job instance at 0x7fdcb3a17f50>,49,1,[4 6],50,140,141,90,139
1,<environment.Job instance at 0x7fdcb3a17870>,50,1,[2 5],51,139,140,88,139
1,<environment.Job instance at 0x7fdcb3a17730>,53,1,[2 8],54,148,149,94,148
1,<environment.Job instance at 0x7fdcfeb9e1e0>,0,1,[2 9],1,2,3,1,2
1,<environment.Job instance at 0x7fdcf788fa50>,5,1,[12  4],6,10,11,4,10
1,<environment.Job instance at 0x7fdcfeb9ef50>,6,2,[9 2],7,11,13,4,11
1,<environment.Job instance at 0x7fdcf77c4eb0>,12,27,[5 5],13,13,40,0,13
1,<environment.Job instance at 0x7fdcf77c4a50>,14,25,[1 7],15,15,40,0,15
1,<environment.Job instance at 0x7fdcb3aae230>,26,27,[5 8],27,59,86,32,59
1,<environment.Job instance at 0x7fdcb39f1050>,29,1,[ 4 10],30,86,87,56,60
1,<environment.Job instance at 0x7fdcb39f1c80>,30,1,[10  3],31,60,61,29,60
1,<environment.Job instance at 0x7fdcb3a17a00>,31,24,[4 8],32,87,111,55,82
1,<environment.Job instance at 0x7fdcb3a17d70>,32,3,[1 7],33,82,85,49,82
1,<environment.Job instance at 0x7fdcb3a17e60>,33,3,[9 4],34,85,88,51,82
1,<environment.Job instance at 0x7fdcb3a17500>,35,19,[7 5],36,88,107,52,82
1,<environment.Job instance at 0x7fdcf78d08c0>,41,1,[11  1],42,107,108,65,99
1,<environment.Job instance at 0x7fdcb3a0e0f0>,48,3,[9 1],49,118,121,69,118
1,<environment.Job instance at 0x7fdcb3a0e320>,50,19,[2 7],51,120,139,69,120
1,<environment.Job instance at 0x7fdcb3b05550>,51,24,[1 9],52,139,163,87,134
1,<environment.Job instance at 0x7fdcb3ed9820>,54,1,[2 5],55,134,135,79,134
1,<environment.Job instance at 0x7fdcb3b3be10>,57,23,[10  4],58,136,159,78,136
1,<environment.Job instance at 0x7fdcf75caaa0>,9,2,[ 4 10],10,10,12,0,10
1,<environment.Job instance at 0x7fdcf75e26e0>,10,1,[9 5],11,11,12,0,11
1,<environment.Job instance at 0x7fdcb3e01af0>,14,24,[4 5],15,18,42,3,18
1,<environment.Job instance at 0x7fdcf7604320>,20,2,[6 4],21,37,39,16,37
1,<environment.Job instance at 0x7fdcf76041e0>,21,2,[3 5],22,37,39,15,37
1,<environment.Job instance at 0x7fdcf76018c0>,25,2,[2 9],26,51,53,25,51
1,<environment.Job instance at 0x7fdcf7601780>,27,1,[3 6],28,58,59,30,58
1,<environment.Job instance at 0x7fdcf7601640>,30,3,[10  4],31,65,68,34,65
1,<environment.Job instance at 0x7fdcf75d6b40>,36,2,[5 5],37,87,89,50,87
1,<environment.Job instance at 0x7fdcf75d65a0>,37,1,[10  3],38,87,88,49,87
1,<environment.Job instance at 0x7fdcf75de5f0>,48,2,[4 5],49,134,136,85,134
1,<environment.Job instance at 0x7fdcf75deb40>,49,23,[6 5],50,134,157,84,134
1,<environment.Job instance at 0x7fdcf75def50>,51,2,[5 7],52,148,150,96,148
1,<environment.Job instance at 0x7fdcf75de0a0>,52,1,[4 6],53,150,151,97,148
1,<environment.Job instance at 0x7fdcf75de4b0>,53,1,[4 9],54,151,152,97,148
1,<environment.Job instance at 0x7fdcfe3bbd70>,9,1,[ 5 14],10,11,12,1,11
1,<environment.Job instance at 0x7fdcf7721410>,10,2,[5 1],11,11,13,0,11
1,<environment.Job instance at 0x7fdcf7721370>,14,3,[7 4],15,30,33,15,30
1,<environment.Job instance at 0x7fdcf7721b40>,15,2,[4 5],16,30,32,14,30
1,<environment.Job instance at 0x7fdcfe3bbe60>,1,18,[4 8],2,33,51,31,33
1,<environment.Job instance at 0x7fdcf7721b90>,22,3,[4 8],23,62,65,39,62
1,<environment.Job instance at 0x7fdcf77192d0>,24,2,[1 6],25,69,71,44,69
1,<environment.Job instance at 0x7fdcf7719aa0>,26,1,[5 1],27,76,77,49,76
1,<environment.Job instance at 0x7fdcf77193c0>,27,27,[ 2 11],28,76,103,48,76
1,<environment.Job instance at 0x7fdcf7719780>,32,1,[12  5],33,103,104,70,94
1,<environment.Job instance at 0x7fdcf7719eb0>,29,3,[11  2],30,104,107,74,101
1,<environment.Job instance at 0x7fdcfe081550>,39,1,[8 2],40,107,108,67,105
1,<environment.Job instance at 0x7fdcfe081690>,44,3,[ 3 10],45,127,130,82,127
1,<environment.Job instance at 0x7fdcfe081280>,45,1,[7 3],46,127,128,81,127
1,<environment.Job instance at 0x7fdcfe0810a0>,46,3,[5 4],47,128,131,81,127
1,<environment.Job instance at 0x7fdcfe081aa0>,47,2,[7 2],48,130,132,82,127
1,<environment.Job instance at 0x7fdcfe081fa0>,49,1,[5 7],50,131,132,81,130
1,<environment.Job instance at 0x7fdcfe081b90>,51,3,[3 9],52,143,146,91,143
1,<environment.Job instance at 0x7fdcfe8eca50>,3,1,[12  4],4,6,7,2,6
1,<environment.Job instance at 0x7fdcb3a4abe0>,7,20,[1 8],8,8,28,0,8
1,<environment.Job instance at 0x7fdcb3a4a500>,11,21,[4 9],12,28,49,16,20
1,<environment.Job instance at 0x7fdcb3d3afa0>,15,23,[8 4],16,20,43,4,20
1,<environment.Job instance at 0x7fdcf7a0ce10>,17,20,[5 7],18,49,69,31,40
1,<environment.Job instance at 0x7fdcb3d3a050>,10,2,[ 2 12],11,69,71,58,42
1,<environment.Job instance at 0x7fdcfe900280>,21,3,[2 6],22,43,46,21,42
1,<environment.Job instance at 0x7fdcf7a34a00>,22,12,[6 1],23,46,58,23,42
1,<environment.Job instance at 0x7fdcb3c17730>,31,20,[ 5 13],32,71,91,39,62
1,<environment.Job instance at 0x7fdcf76bd460>,32,1,[5 1],33,62,63,29,62
1,<environment.Job instance at 0x7fdcf76bdaa0>,35,1,[6 4],36,68,69,32,68
1,<environment.Job instance at 0x7fdcfe53e190>,37,1,[5 1],38,69,70,31,68
1,<environment.Job instance at 0x7fdcfe53eaf0>,39,1,[8 1],40,69,70,29,68
1,<environment.Job instance at 0x7fdcfe53ed20>,40,24,[7 2],41,70,94,29,68
1,<environment.Job instance at 0x7fdcf78393c0>,46,19,[2 9],47,97,116,50,97
1,<environment.Job instance at 0x7fdcf7839c80>,48,20,[ 1 10],49,116,136,67,107
1,<environment.Job instance at 0x7fdcfe5c9410>,52,2,[5 7],53,136,138,83,116
1,<environment.Job instance at 0x7fdcf76fc7d0>,55,1,[ 2 10],56,138,139,82,134
1,<environment.Job instance at 0x7fdcf76fcc80>,58,2,[ 1 13],59,139,141,80,134
1,<environment.Job instance at 0x7fdcf76fc4b0>,60,28,[ 2 14],61,149,177,88,149
1,<environment.Job instance at 0x7fdcfe0248c0>,61,28,[5 1],62,149,177,87,149
1,<environment.Job instance at 0x7fdcb3c6f2d0>,3,24,[5 3],4,4,28,0,4
1,<environment.Job instance at 0x7fdcb40f2aa0>,7,2,[11  4],8,28,30,20,8
1,<environment.Job instance at 0x7fdcb40f2fa0>,11,28,[9 4],12,30,58,18,29
1,<environment.Job instance at 0x7fdcf77666e0>,23,3,[8 2],24,58,61,34,56
1,<environment.Job instance at 0x7fdcf7766820>,25,3,[5 3],26,68,71,42,68
1,<environment.Job instance at 0x7fdcf77668c0>,26,21,[5 5],27,68,89,41,68
1,<environment.Job instance at 0x7fdcf7766960>,27,3,[1 9],28,71,74,43,68
1,<environment.Job instance at 0x7fdcb410f1e0>,31,1,[4 5],32,93,94,61,93
1,<environment.Job instance at 0x7fdcb410f280>,32,3,[8 1],33,93,96,60,93
1,<environment.Job instance at 0x7fdcb410f370>,35,3,[10  4],36,101,104,65,101
1,<environment.Job instance at 0x7fdcb410f5f0>,36,1,[ 4 10],37,101,102,64,101
1,<environment.Job instance at 0x7fdcf77663c0>,18,19,[ 3 11],19,102,121,83,102
1,<environment.Job instance at 0x7fdcb410fc30>,44,22,[4 9],45,136,158,91,136
1,<environment.Job instance at 0x7fdcb410fcd0>,45,1,[1 9],46,158,159,112,136
1,<environment.Job instance at 0x7fdcb410fd70>,46,21,[5 5],47,136,157,89,136
1,<environment.Job instance at 0x7fdcfecee370>,15,27,[4 5],16,20,47,4,20
1,<environment.Job instance at 0x7fdcb3fbfaf0>,16,1,[12  2],17,47,48,30,27
1,<environment.Job instance at 0x7fdcf7a64c30>,18,2,[1 9],19,30,32,11,30
1,<environment.Job instance at 0x7fdcf7ab2c30>,21,2,[ 5 10],22,44,46,22,44
1,<environment.Job instance at 0x7fdcf7b29be0>,23,3,[6 2],24,50,53,26,50
1,<environment.Job instance at 0x7fdcf7b5b960>,24,1,[7 4],25,50,51,25,50
1,<environment.Job instance at 0x7fdcf7a610f0>,25,3,[9 2],26,51,54,25,50
1,<environment.Job instance at 0x7fdcf7a61190>,26,25,[7 3],27,54,79,27,50
1,<environment.Job instance at 0x7fdcfe2d0f50>,27,3,[8 1],28,54,57,26,50
1,<environment.Job instance at 0x7fdcf7a8a690>,30,26,[6 4],31,57,83,26,54
1,<environment.Job instance at 0x7fdcfdf63b90>,37,21,[9 4],38,81,102,43,81
1,<environment.Job instance at 0x7fdcf765a730>,38,21,[5 1],39,83,104,44,81
1,<environment.Job instance at 0x7fdcf7535e60>,43,1,[7 3],44,102,103,58,93
1,<environment.Job instance at 0x7fdcfe7465f0>,47,3,[ 1 10],48,111,114,63,111
1,<environment.Job instance at 0x7fdcfe7467d0>,48,2,[5 7],49,114,116,65,111
1,<environment.Job instance at 0x7fdcfe746b40>,49,20,[5 9],50,116,136,66,111
1,<environment.Job instance at 0x7fdcf79d90f0>,53,3,[6 3],54,132,135,78,132
1,<environment.Job instance at 0x7fdcf76f0eb0>,54,2,[10  4],55,135,137,80,132
1,<environment.Job instance at 0x7fdcf79d9c30>,55,3,[1 9],56,136,139,80,133
1,<environment.Job instance at 0x7fdcf797de10>,59,2,[6 1],60,140,142,80,140
1,<environment.Job instance at 0x7fdcf797d0a0>,60,2,[6 1],61,140,142,79,140
1,<environment.Job instance at 0x7fdcf797d2d0>,61,3,[7 4],62,142,145,80,140
1,<environment.Job instance at 0x7fdcb411c230>,2,22,[8 1],3,3,25,0,3
1,<environment.Job instance at 0x7fdcf775f690>,5,3,[ 1 13],6,14,17,8,14
1,<environment.Job instance at 0x7fdcfe4bb7d0>,6,2,[14  2],7,25,27,18,17
1,<environment.Job instance at 0x7fdcfe545690>,10,2,[14  4],11,27,29,16,17
1,<environment.Job instance at 0x7fdcb3d96eb0>,11,27,[8 5],12,29,56,17,27
1,<environment.Job instance at 0x7fdcf7a6f4b0>,20,1,[5 2],21,45,46,24,45
1,<environment.Job instance at 0x7fdcf798a140>,0,25,[6 2],1,1,26,0,1
1,<environment.Job instance at 0x7fdcb3e544b0>,10,25,[5 5],11,11,36,0,11
1,<environment.Job instance at 0x7fdcb3e54c30>,15,19,[2 8],16,26,45,10,26
1,<environment.Job instance at 0x7fdcb3e54780>,13,3,[ 4 11],14,45,48,31,37
1,<environment.Job instance at 0x7fdcb3e2b2d0>,24,1,[2 9],25,48,49,23,40
1,<environment.Job instance at 0x7fdcb3e2b500>,27,2,[10  2],28,58,60,30,58
1,<environment.Job instance at 0x7fdcb3e2bb90>,33,3,[6 5],34,86,89,52,86
1,<environment.Job instance at 0x7fdcb3e2bc30>,34,19,[ 5 10],35,86,105,51,86
1,<environment.Job instance at 0x7fdcb3e2be10>,37,27,[8 5],38,94,121,56,94
1,<environment.Job instance at 0x7fdcb3e2bd20>,39,3,[ 1 12],40,121,124,81,110
1,<environment.Job instance at 0x7fdcb3e51640>,44,3,[13  1],45,123,126,78,123
1,<environment.Job instance at 0x7fdcb3e516e0>,48,3,[1 7],49,133,136,84,133
1,<environment.Job instance at 0x7fdcb3e512d0>,49,3,[7 3],50,133,136,83,133
1,<environment.Job instance at 0x7fdcb3e517d0>,50,20,[8 5],51,136,156,85,133
1,<environment.Job instance at 0x7fdcb3e51910>,1,23,[5 9],2,2,25,0,2
1,<environment.Job instance at 0x7fdcb3f7ef50>,7,22,[2 9],8,25,47,17,18
1,<environment.Job instance at 0x7fdcb3f7edc0>,6,1,[ 3 13],7,47,48,40,20
1,<environment.Job instance at 0x7fdcb403caf0>,18,26,[2 5],19,48,74,29,45
1,<environment.Job instance at 0x7fdcb403ca50>,16,20,[8 2],17,45,65,28,45
1,<environment.Job instance at 0x7fdcb3ebcd70>,26,24,[2 9],27,65,89,38,60
1,<environment.Job instance at 0x7fdcfe4035f0>,29,20,[ 3 11],30,89,109,59,80
1,<environment.Job instance at 0x7fdcb3e51c80>,3,3,[ 1 14],4,109,112,105,109
1,<environment.Job instance at 0x7fdcb3fb2780>,46,1,[ 3 11],47,112,113,65,110
1,<environment.Job instance at 0x7fdcb3fb2280>,48,1,[3 6],49,113,114,64,111
1,<environment.Job instance at 0x7fdcb3fb2dc0>,49,1,[9 1],50,111,112,61,111
1,<environment.Job instance at 0x7fdcb3fb2c80>,51,23,[1 8],52,113,136,61,111
1,<environment.Job instance at 0x7fdcfe321b40>,13,2,[1 7],14,23,25,9,23
1,<environment.Job instance at 0x7fdcf78f0e60>,17,3,[8 3],18,37,40,19,37
1,<environment.Job instance at 0x7fdcf78f0d70>,18,2,[1 7],19,37,39,18,37
1,<environment.Job instance at 0x7fdcf78f04b0>,21,1,[3 9],22,43,44,21,43
1,<environment.Job instance at 0x7fdcf78f0780>,23,3,[6 1],24,54,57,30,54
1,<environment.Job instance at 0x7fdcb3dd1140>,25,2,[ 2 12],26,55,57,29,55
1,<environment.Job instance at 0x7fdcb3dd1c80>,26,1,[3 9],27,57,58,30,55
1,<environment.Job instance at 0x7fdcf7bcb6e0>,28,21,[2 5],29,57,78,28,57
1,<environment.Job instance at 0x7fdcf7bcbeb0>,29,23,[5 7],30,58,81,28,57
1,<environment.Job instance at 0x7fdcf7bcbd70>,33,25,[ 1 10],34,81,106,47,77
1,<environment.Job instance at 0x7fdcfe6eb500>,35,2,[5 2],36,77,79,41,77
1,<environment.Job instance at 0x7fdcf75c0f00>,37,19,[ 2 10],38,106,125,68,96
1,<environment.Job instance at 0x7fdcf75c07d0>,38,1,[ 5 14],39,125,126,86,97
1,<environment.Job instance at 0x7fdcf75c0c80>,39,1,[5 1],40,97,98,57,97
1,<environment.Job instance at 0x7fdcf75c0280>,40,1,[2 9],41,126,127,85,98
1,<environment.Job instance at 0x7fdcf75c0140>,43,3,[3 6],44,126,129,82,100
1,<environment.Job instance at 0x7fdcf75c0b40>,45,2,[5 7],46,127,129,81,103
1,<environment.Job instance at 0x7fdcf79c8960>,47,3,[10  5],48,110,113,62,110
1,<environment.Job instance at 0x7fdcf79c8c80>,48,18,[7 1],49,127,145,78,118
1,<environment.Job instance at 0x7fdcf79c8280>,52,2,[4 5],53,130,132,77,130
1,<environment.Job instance at 0x7fdcf79c8be0>,54,2,[8 4],55,143,145,88,143
1,<environment.Job instance at 0x7fdcf79c8d70>,55,2,[11  4],56,145,147,89,144
1,<environment.Job instance at 0x7fdcfdf5edc0>,56,1,[6 4],57,147,148,90,144
1,<environment.Job instance at 0x7fdcb3a90370>,0,1,[9 3],1,2,3,1,2
1,<environment.Job instance at 0x7fdcf76294b0>,11,1,[3 9],12,12,13,0,12
1,<environment.Job instance at 0x7fdcf7629690>,12,1,[2 9],13,13,14,0,13
1,<environment.Job instance at 0x7fdcf7629820>,16,21,[10  4],17,20,41,3,20
1,<environment.Job instance at 0x7fdcfe3ddd20>,25,23,[7 3],26,44,67,18,44
1,<environment.Job instance at 0x7fdcfe3dd690>,27,20,[8 3],28,46,66,18,46
1,<environment.Job instance at 0x7fdcfe3dd5f0>,29,22,[9 1],30,67,89,37,60
1,<environment.Job instance at 0x7fdcb3c17c80>,37,2,[4 5],38,72,74,34,72
1,<environment.Job instance at 0x7fdcf76158c0>,5,18,[4 9],6,78,96,72,78
1,<environment.Job instance at 0x7fdcf76ee280>,46,12,[1 5],47,110,122,63,110
1,<environment.Job instance at 0x7fdcf76e6640>,47,1,[1 9],48,110,111,62,110
1,<environment.Job instance at 0x7fdcf76e6410>,48,3,[7 1],49,110,113,61,110
1,<environment.Job instance at 0x7fdcf77d0d20>,49,2,[10  5],50,113,115,63,110
1,<environment.Job instance at 0x7fdcf77d04b0>,50,1,[5 8],51,111,112,60,110
1,<environment.Job instance at 0x7fdcf77d0230>,52,26,[9 3],53,115,141,62,112
1,<environment.Job instance at 0x7fdcf77d0f00>,54,3,[5 3],55,118,121,63,118
1,<environment.Job instance at 0x7fdcf7892f50>,56,3,[12  4],57,141,144,84,126
1,<environment.Job instance at 0x7fdcf76ca140>,58,1,[5 9],59,131,132,72,131
1,<environment.Job instance at 0x7fdcf76ca5f0>,59,2,[ 1 10],60,132,134,72,131
1,<environment.Job instance at 0x7fdcf7739140>,61,3,[4 6],62,144,147,82,139
1,<environment.Job instance at 0x7fdcb40f2820>,4,1,[8 2],5,5,6,0,5
1,<environment.Job instance at 0x7fdcfe4a7b40>,5,3,[14  3],6,8,11,2,8
1,<environment.Job instance at 0x7fdcb3fe1550>,8,3,[ 2 10],9,11,14,2,9
1,<environment.Job instance at 0x7fdcb3fe1870>,9,1,[8 3],10,11,12,1,10
1,<environment.Job instance at 0x7fdcb3fe14b0>,10,3,[8 1],11,12,15,1,11
1,<environment.Job instance at 0x7fdcb3fe11e0>,14,1,[10  2],15,15,16,0,15
1,<environment.Job instance at 0x7fdcb4107730>,15,27,[1 5],16,16,43,0,16
1,<environment.Job instance at 0x7fdcb4107dc0>,17,2,[ 1 10],18,27,29,9,27
1,<environment.Job instance at 0x7fdcb39521e0>,18,1,[4 7],19,29,30,10,27
1,<environment.Job instance at 0x7fdcb3952050>,19,3,[13  3],20,30,33,10,27
1,<environment.Job instance at 0x7fdcb3930870>,21,18,[7 3],22,47,65,25,47
1,<environment.Job instance at 0x7fdcf77160a0>,24,3,[5 1],25,53,56,28,53
1,<environment.Job instance at 0x7fdcfe203c80>,26,1,[10  1],27,65,66,38,55
1,<environment.Job instance at 0x7fdcf76c69b0>,31,21,[8 4],32,79,100,47,79
1,<environment.Job instance at 0x7fdcf76c64b0>,33,3,[6 5],34,91,94,57,91
1,<environment.Job instance at 0x7fdcb3850140>,34,3,[6 4],35,94,97,59,92
1,<environment.Job instance at 0x7fdcb3850370>,35,18,[4 5],36,97,115,61,97
1,<environment.Job instance at 0x7fdcb3850640>,39,1,[1 7],40,102,103,62,102
1,<environment.Job instance at 0x7fdcf79c3d20>,41,3,[4 7],42,103,106,61,103
1,<environment.Job instance at 0x7fdcf79c3d70>,42,3,[10  5],43,106,109,63,103
1,<environment.Job instance at 0x7fdcf79c3410>,43,2,[4 5],44,109,111,65,103
1,<environment.Job instance at 0x7fdcf79c3460>,44,20,[8 2],45,111,131,66,103
1,<environment.Job instance at 0x7fdcf79c3280>,46,2,[4 7],47,115,117,68,107
1,<environment.Job instance at 0x7fdcf79c3140>,47,2,[ 4 10],48,117,119,69,107
1,<environment.Job instance at 0x7fdcf79c3c30>,48,3,[8 2],49,131,134,82,107
1,<environment.Job instance at 0x7fdcf79c30f0>,50,21,[10  5],51,134,155,83,126
1,<environment.Job instance at 0x7fdcf79c33c0>,52,2,[5 5],53,126,128,73,126
1,<environment.Job instance at 0x7fdcf769da00>,53,19,[7 1],54,155,174,101,145
1,<environment.Job instance at 0x7fdcb4067dc0>,55,1,[ 3 11],56,155,156,99,145
1,<environment.Job instance at 0x7fdcb4067910>,56,2,[9 2],57,174,176,117,147
1,<environment.Job instance at 0x7fdcb40675a0>,57,2,[4 6],58,147,149,89,147
1,<environment.Job instance at 0x7fdcf7bd3af0>,63,2,[2 8],64,149,151,85,147
1,<environment.Job instance at 0x7fdcf7bd32d0>,64,3,[5 3],65,151,154,86,147
1,<environment.Job instance at 0x7fdcf79b5550>,1,23,[8 4],2,2,25,0,2
1,<environment.Job instance at 0x7fdcb37548c0>,6,2,[ 2 12],7,25,27,18,7
1,<environment.Job instance at 0x7fdcb3754d20>,7,2,[1 9],8,9,11,1,9
1,<environment.Job instance at 0x7fdcb36f25f0>,15,27,[6 2],16,19,46,3,19
1,<environment.Job instance at 0x7fdcb36f26e0>,18,3,[ 3 12],19,27,30,8,27
1,<environment.Job instance at 0x7fdcb3741870>,21,2,[7 3],22,37,39,15,37
1,<environment.Job instance at 0x7fdcb3754d70>,4,3,[11  3],5,46,49,41,43
1,<environment.Job instance at 0x7fdcb3741af0>,27,3,[6 1],28,58,61,30,58
1,<environment.Job instance at 0x7fdcb3741320>,33,1,[6 2],34,79,80,45,79
1,<environment.Job instance at 0x7fdcb3741fa0>,35,1,[ 4 14],36,80,81,44,79
1,<environment.Job instance at 0x7fdcb36fd640>,37,3,[1 9],38,81,84,43,79
1,<environment.Job instance at 0x7fdcb36fd730>,38,2,[2 7],39,84,86,45,79
1,<environment.Job instance at 0x7fdcb36fd320>,39,2,[5 3],40,81,83,41,79
1,<environment.Job instance at 0x7fdcb36fd1e0>,40,1,[3 7],41,79,80,38,79
1,<environment.Job instance at 0x7fdcb36fddc0>,41,1,[4 6],42,79,80,37,79
1,<environment.Job instance at 0x7fdcb36fdeb0>,43,2,[2 7],44,86,88,42,86
1,<environment.Job instance at 0x7fdcb36fd0a0>,44,18,[7 1],45,93,111,48,93
1,<environment.Job instance at 0x7fdcb36fea00>,47,1,[10  4],48,111,112,63,93
1,<environment.Job instance at 0x7fdcb36fe230>,48,1,[2 9],49,93,94,44,93
1,<environment.Job instance at 0x7fdcb36fe4b0>,49,22,[14  5],50,112,134,62,105
1,<environment.Job instance at 0x7fdcb3741d20>,31,18,[1 7],32,111,129,79,111
1,<environment.Job instance at 0x7fdcb3737870>,57,1,[10  4],58,134,135,76,123
1,<environment.Job instance at 0x7fdcb3737dc0>,58,22,[10  4],59,135,157,76,128
1,<environment.Job instance at 0x7fdcb3737f50>,61,21,[5 8],62,134,155,72,128
1,<environment.Job instance at 0x7fdcb37371e0>,65,3,[10  1],66,157,160,91,149
1,<environment.Job instance at 0x7fdcb3737e60>,66,1,[7 5],67,160,161,93,149
1,<environment.Job instance at 0x7fdcfe45da50>,0,20,[7 1],1,1,21,0,1
1,<environment.Job instance at 0x7fdcb3737e60>,2,1,[9 3],3,21,22,18,3
1,<environment.Job instance at 0x7fdcb3737aa0>,1,1,[12  2],2,22,23,20,9
1,<environment.Job instance at 0x7fdcfe196820>,16,3,[5 2],17,17,20,0,17
1,<environment.Job instance at 0x7fdcfe196f00>,17,1,[10  1],18,23,24,5,18
1,<environment.Job instance at 0x7fdcfe164140>,19,1,[3 8],20,20,21,0,20
1,<environment.Job instance at 0x7fdcfe1940a0>,20,23,[ 1 12],21,21,44,0,21
1,<environment.Job instance at 0x7fdcfe190820>,22,28,[1 7],23,44,72,21,43
1,<environment.Job instance at 0x7fdcf7a90910>,25,26,[ 4 10],26,72,98,46,69
1,<environment.Job instance at 0x7fdcfe451b90>,26,1,[7 2],27,69,70,42,69
1,<environment.Job instance at 0x7fdcf7678730>,29,22,[12  5],30,98,120,68,91
1,<environment.Job instance at 0x7fdcf7659460>,34,27,[3 7],35,98,125,63,96
1,<environment.Job instance at 0x7fdcfe09beb0>,47,2,[10  4],48,134,136,86,134
1,<environment.Job instance at 0x7fdcfe473cd0>,48,19,[5 8],49,134,153,85,134
1,<environment.Job instance at 0x7fdcfe473a50>,51,2,[8 5],52,147,149,95,147
1,<environment.Job instance at 0x7fdcfe32f910>,1,24,[ 3 14],2,2,26,0,2
1,<environment.Job instance at 0x7fdcb3bd92d0>,10,20,[9 2],11,26,46,15,17
1,<environment.Job instance at 0x7fdcb3da7550>,16,26,[ 4 10],17,26,52,9,23
1,<environment.Job instance at 0x7fdcb37b4500>,24,19,[1 7],25,52,71,27,50
1,<environment.Job instance at 0x7fdcfe321b40>,26,25,[ 3 12],27,71,96,44,67
1,<environment.Job instance at 0x7fdcb37b41e0>,21,3,[ 2 12],22,96,99,74,95
1,<environment.Job instance at 0x7fdcb3737e10>,28,1,[2 8],29,99,100,70,95
1,<environment.Job instance at 0x7fdcb3de9730>,29,1,[8 5],30,99,100,69,95
1,<environment.Job instance at 0x7fdcf7a0ce60>,30,1,[8 2],31,95,96,64,95
1,<environment.Job instance at 0x7fdcb3ec3140>,32,1,[1 9],33,100,101,67,96
1,<environment.Job instance at 0x7fdcfe3a2140>,34,25,[7 4],35,100,125,65,96
1,<environment.Job instance at 0x7fdcfe3a2460>,35,22,[9 2],36,125,147,89,118
1,<environment.Job instance at 0x7fdcb3923910>,36,28,[6 2],37,118,146,81,118
1,<environment.Job instance at 0x7fdcb39238c0>,40,1,[ 2 11],41,146,147,105,142
1,<environment.Job instance at 0x7fdcb3923820>,41,21,[7 2],42,147,168,105,142
1,<environment.Job instance at 0x7fdcb38989b0>,2,24,[2 9],3,3,27,0,3
1,<environment.Job instance at 0x7fdcf78a70f0>,19,20,[5 3],20,36,56,16,36
1,<environment.Job instance at 0x7fdcf78a7870>,20,2,[7 1],21,36,38,15,36
1,<environment.Job instance at 0x7fdcb3ad5960>,22,1,[ 1 10],23,39,40,16,39
1,<environment.Job instance at 0x7fdcb3ad5d70>,23,2,[ 4 10],24,40,42,16,39
1,<environment.Job instance at 0x7fdcb3ad5a00>,25,23,[1 8],26,51,74,25,51
1,<environment.Job instance at 0x7fdcf7b6f6e0>,32,3,[ 5 13],33,75,78,42,75
1,<environment.Job instance at 0x7fdcf7b6fa50>,34,18,[2 6],35,78,96,43,77
1,<environment.Job instance at 0x7fdcf7c7acd0>,36,1,[8 5],37,78,79,41,77
1,<environment.Job instance at 0x7fdcf7c7a780>,38,19,[3 9],39,89,108,50,89
1,<environment.Job instance at 0x7fdcb3865f00>,42,1,[10  2],43,106,107,63,106
1,<environment.Job instance at 0x7fdcb38653c0>,44,26,[8 5],45,107,133,62,106
1,<environment.Job instance at 0x7fdcb3865cd0>,46,2,[5 2],47,108,110,61,106
1,<environment.Job instance at 0x7fdcb3865e60>,48,2,[1 6],49,124,126,75,124
1,<environment.Job instance at 0x7fdcb38654b0>,50,22,[6 2],51,124,146,73,124
1,<environment.Job instance at 0x7fdcb3865c30>,52,3,[9 1],53,133,136,80,126
1,<environment.Job instance at 0x7fdcb38651e0>,53,24,[3 7],54,136,160,82,131
1,<environment.Job instance at 0x7fdcb3865280>,56,3,[4 7],57,146,149,89,142
1,<environment.Job instance at 0x7fdcb38658c0>,57,3,[5 6],58,142,145,84,142
1,<environment.Job instance at 0x7fdcf7a684b0>,58,1,[10  4],59,149,150,90,142
1,<environment.Job instance at 0x7fdcb3a3ac80>,8,27,[9 1],9,9,36,0,9
1,<environment.Job instance at 0x7fdcfe15e690>,12,22,[8 5],13,36,58,23,29
1,<environment.Job instance at 0x7fdcf7a9d690>,13,27,[6 5],14,29,56,15,29
1,<environment.Job instance at 0x7fdcb40992d0>,20,26,[4 5],21,56,82,35,53
1,<environment.Job instance at 0x7fdcb4099a00>,26,3,[2 6],27,80,83,53,80
1,<environment.Job instance at 0x7fdcb4099320>,29,23,[4 6],30,91,114,61,91
1,<environment.Job instance at 0x7fdcf76a7f00>,30,1,[ 2 14],31,114,115,83,91
1,<environment.Job instance at 0x7fdcb4099c30>,31,2,[8 5],32,91,93,59,91
1,<environment.Job instance at 0x7fdcf7b70aa0>,33,2,[5 8],34,93,95,59,91
1,<environment.Job instance at 0x7fdcf7b365a0>,41,2,[1 6],42,123,125,81,123
1,<environment.Job instance at 0x7fdcf7b39280>,46,1,[7 2],47,139,140,92,139
1,<environment.Job instance at 0x7fdcf7b39910>,47,25,[9 5],48,140,165,92,139
1,<environment.Job instance at 0x7fdcf7b399b0>,48,2,[ 1 13],49,165,167,116,139
1,<environment.Job instance at 0x7fdcf7b39140>,49,2,[5 8],50,139,141,89,139
1,<environment.Job instance at 0x7f75a6f30780>,10,1,[7 3],11,17,18,6,17
1,<environment.Job instance at 0x7f75a6f305a0>,11,2,[3 9],12,17,19,5,17
1,<environment.Job instance at 0x7f75a6f30730>,12,3,[6 3],13,19,22,6,19
1,<environment.Job instance at 0x7f75a6f30a00>,15,3,[10  2],16,31,34,15,31
1,<environment.Job instance at 0x7f75a6f30d20>,17,3,[10  3],18,41,44,23,41
1,<environment.Job instance at 0x7f75a6f30eb0>,20,1,[3 7],21,60,61,39,60
1,<environment.Job instance at 0x7f75a6f30f00>,21,3,[ 2 10],22,63,66,41,63
1,<environment.Job instance at 0x7f75a6f30e10>,22,2,[12  3],23,63,65,40,63
1,<environment.Job instance at 0x7f75a6f31140>,24,3,[5 9],25,66,69,41,63
1,<environment.Job instance at 0x7f75a6f311e0>,25,3,[1 6],26,66,69,40,63
1,<environment.Job instance at 0x7f75a6f31280>,26,22,[2 9],27,69,91,42,63
1,<environment.Job instance at 0x7f75a6f315a0>,30,1,[5 5],31,70,71,39,70
1,<environment.Job instance at 0x7f75a6f316e0>,33,2,[5 3],34,85,87,51,85
1,<environment.Job instance at 0x7f75a6f31a00>,36,2,[5 1],37,97,99,60,97
1,<environment.Job instance at 0x7f75a6f31c80>,40,1,[1 8],41,112,113,71,112
1,<environment.Job instance at 0x7f75a6f31be0>,39,18,[5 8],40,123,141,83,123
1,<environment.Job instance at 0x7f75a6f370a0>,43,28,[6 4],44,123,151,79,123
1,<environment.Job instance at 0x7f75a6f37730>,50,27,[9 1],51,141,168,90,139
1,<environment.Job instance at 0x7f75a6f376e0>,52,3,[ 3 11],53,151,154,98,143
1,<environment.Job instance at 0x7f75ae368870>,6,22,[11  3],7,7,29,0,7
1,<environment.Job instance at 0x7f75ae4ae870>,15,25,[3 9],16,16,41,0,16
1,<environment.Job instance at 0x7f75ae367410>,19,23,[2 8],20,41,64,21,35
1,<environment.Job instance at 0x7f75ae3697d0>,23,1,[3 9],24,64,65,40,36
1,<environment.Job instance at 0x7f75ae369410>,22,2,[8 2],23,36,38,13,36
1,<environment.Job instance at 0x7f75ae369870>,26,26,[9 1],27,39,65,12,39
1,<environment.Job instance at 0x7f75ae369d70>,33,3,[5 4],34,65,68,31,64
1,<environment.Job instance at 0x7f75ae4b4a50>,36,23,[5 8],37,82,105,45,82
1,<environment.Job instance at 0x7f75ae4b4780>,38,2,[ 3 10],39,105,107,66,83
1,<environment.Job instance at 0x7f75ae4b40f0>,39,1,[10  3],40,83,84,43,83
1,<environment.Job instance at 0x7f75ae4b3640>,40,2,[3 8],41,107,109,66,83
1,<environment.Job instance at 0x7f75ae4b3190>,41,2,[12  1],42,105,107,63,84
1,<environment.Job instance at 0x7f75ae4b3e60>,43,27,[5 3],44,107,134,63,105
1,<environment.Job instance at 0x7f75ae4b3be0>,48,22,[9 2],49,109,131,60,105
1,<environment.Job instance at 0x7f75ae4ba0a0>,49,3,[ 4 12],50,131,134,81,114
1,<environment.Job instance at 0x7f75ae4ba140>,58,28,[7 4],59,144,172,85,144
1,<environment.Job instance at 0x7f75ae4ba8c0>,59,1,[9 2],60,172,173,112,144
1,<environment.Job instance at 0x7f75ae4ba7d0>,60,2,[4 5],61,144,146,83,144
1,<environment.Job instance at 0x7f75ae4b0cd0>,61,1,[8 3],62,146,147,84,144
1,<environment.Job instance at 0x7f75ae4b0f00>,62,1,[3 8],63,147,148,84,144
1,<environment.Job instance at 0x7f75631f2780>,12,2,[6 1],13,13,15,0,13
1,<environment.Job instance at 0x7f75a6d8f050>,22,20,[7 3],23,47,67,24,47
1,<environment.Job instance at 0x7f75631cdc80>,23,1,[2 8],24,47,48,23,47
1,<environment.Job instance at 0x7f75a6d7b2d0>,26,20,[6 2],27,57,77,30,57
1,<environment.Job instance at 0x7f75a6dc0b40>,29,1,[4 6],30,75,76,45,75
1,<environment.Job instance at 0x7f75a73d8190>,30,1,[2 5],31,75,76,44,75
1,<environment.Job instance at 0x7f75a6d15f00>,33,1,[2 8],34,88,89,54,88
1,<environment.Job instance at 0x7f7563186c80>,39,22,[1 6],40,119,141,79,119
1,<environment.Job instance at 0x7f7563186730>,40,1,[5 1],41,119,120,78,119
1,<environment.Job instance at 0x7f7563186f00>,41,25,[10  4],42,120,145,78,119
1,<environment.Job instance at 0x7f75631867d0>,44,22,[1 9],45,141,163,96,134
1,<environment.Job instance at 0x7f75632e5190>,1,24,[4 8],2,2,26,0,2
1,<environment.Job instance at 0x7f75a9a755a0>,5,19,[7 5],6,6,25,0,6
1,<environment.Job instance at 0x7f7563306a00>,11,1,[11  1],12,25,26,13,21
1,<environment.Job instance at 0x7f75633a8050>,20,19,[2 7],21,27,46,6,27
1,<environment.Job instance at 0x7f75a707e0f0>,21,24,[1 9],22,46,70,24,41
1,<environment.Job instance at 0x7f75a70c2190>,22,3,[ 3 10],23,70,73,47,44
1,<environment.Job instance at 0x7f75a6ff8e60>,27,23,[10  4],28,44,67,16,44
1,<environment.Job instance at 0x7f75a7051b90>,33,3,[ 5 13],34,73,76,39,64
1,<environment.Job instance at 0x7f75a7040500>,19,18,[5 8],20,76,94,56,76
1,<environment.Job instance at 0x7f75633acd20>,37,1,[11  4],38,94,95,56,80
1,<environment.Job instance at 0x7f75631e80a0>,38,1,[5 3],39,80,81,41,80
1,<environment.Job instance at 0x7f75a7015550>,43,1,[8 5],44,111,112,67,111
1,<environment.Job instance at 0x7f75a7015be0>,45,24,[10  2],46,117,141,71,117
1,<environment.Job instance at 0x7f75a7015d20>,48,19,[1 6],49,135,154,86,135
1,<environment.Job instance at 0x7f75a7015410>,49,27,[14  1],50,141,168,91,139
1,<environment.Job instance at 0x7f75631bb7d0>,53,20,[5 7],54,168,188,114,159
1,<environment.Job instance at 0x7f75a733c2d0>,8,2,[4 5],9,9,11,0,9
1,<environment.Job instance at 0x7f75637cf6e0>,9,23,[6 5],10,10,33,0,10
1,<environment.Job instance at 0x7f75a7351320>,19,21,[1 9],20,20,41,0,20
1,<environment.Job instance at 0x7f75a7351780>,20,27,[6 4],21,33,60,12,31
1,<environment.Job instance at 0x7f75a7351140>,21,1,[11  4],22,60,61,38,41
1,<environment.Job instance at 0x7f75a7334b40>,28,22,[7 5],29,61,83,32,54
1,<environment.Job instance at 0x7f75a7334780>,32,24,[1 6],33,57,81,24,57
1,<environment.Job instance at 0x7f75a7328190>,35,3,[1 9],36,81,84,45,70
1,<environment.Job instance at 0x7f75a7328780>,39,2,[9 1],40,85,87,45,85
1,<environment.Job instance at 0x7f75a7328690>,42,3,[1 9],43,97,100,54,97
1,<environment.Job instance at 0x7f75a732a9b0>,44,3,[ 2 12],45,100,103,55,99
1,<environment.Job instance at 0x7f75a732a910>,45,2,[3 5],46,103,105,57,99
1,<environment.Job instance at 0x7f75a732aaa0>,47,2,[8 4],48,107,109,59,107
1,<environment.Job instance at 0x7f75a732a1e0>,50,1,[9 4],51,114,115,63,114
1,<environment.Job instance at 0x7f75a732a190>,51,2,[ 3 14],52,115,117,63,114
1,<environment.Job instance at 0x7f75a732a550>,53,3,[10  3],54,123,126,69,123
1,<environment.Job instance at 0x7f75a733ed20>,54,3,[3 6],55,123,126,68,123
1,<environment.Job instance at 0x7f75a733ba00>,55,1,[8 4],56,126,127,70,123
1,<environment.Job instance at 0x7f7563548eb0>,57,27,[9 3],58,127,154,69,127
1,<environment.Job instance at 0x7f756354e460>,62,1,[6 3],63,152,153,89,152
1,<environment.Job instance at 0x7f756389a3c0>,10,19,[4 5],11,13,32,2,13
1,<environment.Job instance at 0x7f756389aa00>,15,1,[5 8],16,28,29,12,28
1,<environment.Job instance at 0x7f756389a7d0>,17,2,[9 3],18,29,31,11,28
1,<environment.Job instance at 0x7f756389ab40>,19,1,[5 4],20,31,32,11,31
1,<environment.Job instance at 0x7f756389a640>,20,23,[9 4],21,32,55,11,31
1,<environment.Job instance at 0x7f756389aeb0>,21,21,[8 2],22,55,76,33,47
1,<environment.Job instance at 0x7f756389afa0>,22,21,[5 7],23,47,68,24,47
1,<environment.Job instance at 0x7f75a6ee8190>,28,28,[10  4],29,76,104,47,75
1,<environment.Job instance at 0x7f75a9913690>,39,1,[2 5],40,115,116,75,115
1,<environment.Job instance at 0x7f75a9913370>,40,26,[4 9],41,115,141,74,115
1,<environment.Job instance at 0x7f75a9913140>,47,23,[5 3],48,143,166,95,143
1,<environment.Job instance at 0x7f75a9b6ea50>,1,28,[5 1],2,2,30,0,2
1,<environment.Job instance at 0x7f75a6e809b0>,0,28,[ 2 14],1,2,30,1,2
1,<environment.Job instance at 0x7f75a6e857d0>,13,23,[7 4],14,30,53,16,24
1,<environment.Job instance at 0x7f756330d1e0>,20,2,[5 5],21,30,32,9,29
1,<environment.Job instance at 0x7f756357c5f0>,23,3,[13  5],24,53,56,29,43
1,<environment.Job instance at 0x7f756377e140>,26,27,[5 2],27,56,83,29,54
1,<environment.Job instance at 0x7f75a6fcb910>,30,22,[2 5],31,68,90,37,68
1,<environment.Job instance at 0x7f75a95fcdc0>,31,1,[8 4],32,68,69,36,68
1,<environment.Job instance at 0x7f75a9b8f820>,32,1,[2 5],33,69,70,36,68
1,<environment.Job instance at 0x7f75a6d8b0a0>,33,2,[ 4 10],34,83,85,49,68
1,<environment.Job instance at 0x7f75a6d8b910>,34,18,[10  2],35,88,106,53,88
1,<environment.Job instance at 0x7f75a6ff8960>,40,1,[ 2 10],41,93,94,52,93
1,<environment.Job instance at 0x7f75a6ff85a0>,44,28,[4 5],45,105,133,60,105
1,<environment.Job instance at 0x7f75a6ff86e0>,45,3,[9 2],46,106,109,60,105
1,<environment.Job instance at 0x7f75a6ff80a0>,47,2,[ 5 13],48,133,135,85,107
1,<environment.Job instance at 0x7f75a73d2460>,49,1,[4 5],50,121,122,71,121
1,<environment.Job instance at 0x7f75a73d2550>,51,25,[10  1],52,122,147,70,121
1,<environment.Job instance at 0x7f75a9a580f0>,56,3,[5 1],57,147,150,90,147
1,<environment.Job instance at 0x7f75637e0b90>,7,24,[5 9],8,8,32,0,8
1,<environment.Job instance at 0x7f75637eb2d0>,11,28,[3 6],12,12,40,0,12
1,<environment.Job instance at 0x7f75637eb690>,19,26,[2 6],20,32,58,12,29
1,<environment.Job instance at 0x7f75637eb960>,20,20,[9 3],21,32,52,11,29
1,<environment.Job instance at 0x7f75637ebeb0>,27,1,[ 1 13],28,58,59,30,44
1,<environment.Job instance at 0x7f75637ebf00>,28,26,[8 2],29,52,78,23,49
1,<environment.Job instance at 0x7f75637ea870>,35,25,[ 3 14],36,78,103,42,74
1,<environment.Job instance at 0x7f75637ea7d0>,40,2,[4 6],41,103,105,62,91
1,<environment.Job instance at 0x7f75637ea910>,41,3,[ 4 13],42,105,108,63,95
1,<environment.Job instance at 0x7f75637f1230>,44,27,[13  3],45,108,135,63,106
1,<environment.Job instance at 0x7f75637f1aa0>,55,19,[1 5],56,142,161,86,142
1,<environment.Job instance at 0x7f75637f1b40>,57,1,[10  2],58,145,146,87,145
1,<environment.Job instance at 0x7f75637f1050>,59,1,[9 4],60,158,159,98,158
1,<environment.Job instance at 0x7f75a6ccb8c0>,2,23,[3 7],3,3,26,0,3
1,<environment.Job instance at 0x7f75a96b3c30>,13,1,[5 4],14,27,28,13,27
1,<environment.Job instance at 0x7f75a96b3190>,15,1,[1 8],16,27,28,11,27
1,<environment.Job instance at 0x7f75a6ccb640>,6,3,[ 5 14],7,28,31,21,27
1,<environment.Job instance at 0x7f75a6eb1cd0>,23,3,[5 3],24,53,56,29,53
1,<environment.Job instance at 0x7f75637d80a0>,25,1,[6 1],26,53,54,27,53
1,<environment.Job instance at 0x7f75637d8190>,26,1,[ 5 10],27,54,55,27,53
1,<environment.Job instance at 0x7f75a9a8a550>,28,1,[1 9],29,66,67,37,66
1,<environment.Job instance at 0x7f75638902d0>,29,2,[13  4],30,67,69,37,67
1,<environment.Job instance at 0x7f75a972b320>,30,2,[5 2],31,69,71,38,67
1,<environment.Job instance at 0x7f75a972b460>,32,1,[2 9],33,67,68,34,67
1,<environment.Job instance at 0x7f75a72ebf50>,33,20,[ 5 12],34,69,89,35,67
1,<environment.Job instance at 0x7f75a7146fa0>,34,2,[ 5 11],35,89,91,54,79
1,<environment.Job instance at 0x7f75a9c20550>,36,1,[5 9],37,91,92,54,79
1,<environment.Job instance at 0x7f75a6f4b230>,41,2,[ 5 11],42,92,94,50,88
1,<environment.Job instance at 0x7f75a6f4bd70>,44,1,[6 1],45,103,104,58,103
1,<environment.Job instance at 0x7f75a6f4b690>,47,3,[9 4],48,104,107,56,104
1,<environment.Job instance at 0x7f75ae0c7c30>,50,2,[8 2],51,120,122,69,120
1,<environment.Job instance at 0x7f75a6e8c5a0>,53,3,[2 7],54,127,130,73,127
1,<environment.Job instance at 0x7f75adf50730>,54,1,[4 6],55,127,128,72,127
1,<environment.Job instance at 0x7f75a6e8cfa0>,55,3,[10  5],56,128,131,72,127
1,<environment.Job instance at 0x7f75635f41e0>,0,20,[ 4 10],1,1,21,0,1
1,<environment.Job instance at 0x7f75a99d9140>,6,24,[4 5],7,7,31,0,7
1,<environment.Job instance at 0x7f75a6ca7910>,7,24,[4 8],8,21,45,13,16
1,<environment.Job instance at 0x7f75634eacd0>,22,23,[6 2],23,24,47,1,24
1,<environment.Job instance at 0x7f75a6f887d0>,29,3,[4 5],30,47,50,17,47
1,<environment.Job instance at 0x7f75a734d870>,31,1,[3 6],32,47,48,15,47
1,<environment.Job instance at 0x7f75a96110a0>,24,3,[ 1 12],25,50,53,25,47
1,<environment.Job instance at 0x7f75a95db820>,33,1,[11  3],34,48,49,14,47
1,<environment.Job instance at 0x7f75a95dbb90>,35,28,[ 4 12],36,53,81,17,52
1,<environment.Job instance at 0x7f75a95dbe10>,39,1,[ 4 13],40,81,82,41,78
1,<environment.Job instance at 0x7f75a95dbdc0>,40,1,[7 5],41,82,83,41,78
1,<environment.Job instance at 0x7f75a6ffbf00>,47,2,[6 5],48,108,110,60,108
1,<environment.Job instance at 0x7f7563474960>,51,1,[6 2],52,126,127,74,126
1,<environment.Job instance at 0x7f7563278780>,55,24,[5 2],56,153,177,97,153
1,<environment.Job instance at 0x7f75ae368870>,58,1,[5 6],59,156,157,97,156
1,<environment.Job instance at 0x7f75ae3689b0>,59,1,[3 8],60,157,158,97,156
1,<environment.Job instance at 0x7f75637b34b0>,60,25,[6 2],61,157,182,96,156
1,<environment.Job instance at 0x7f75a6e23aa0>,7,1,[8 4],8,9,10,1,9
1,<environment.Job instance at 0x7f75a6e23960>,6,1,[11  3],7,11,12,4,11
1,<environment.Job instance at 0x7f75a6e23f00>,12,2,[8 5],13,13,15,0,13
1,<environment.Job instance at 0x7f75a6e23f50>,14,2,[8 5],15,15,17,0,15
1,<environment.Job instance at 0x7f75a6e25410>,19,17,[5 6],20,34,51,14,34
1,<environment.Job instance at 0x7f75a6e25730>,21,3,[6 5],22,34,37,12,34
1,<environment.Job instance at 0x7f75a6e256e0>,23,3,[4 7],24,47,50,23,47
1,<environment.Job instance at 0x7f75a6e25550>,25,3,[8 5],26,53,56,27,53
1,<environment.Job instance at 0x7f75a6e25d20>,28,3,[4 7],29,64,67,35,64
1,<environment.Job instance at 0x7f75a6e25fa0>,31,18,[7 1],32,77,95,45,77
1,<environment.Job instance at 0x7f75a6e3e3c0>,34,2,[10  2],35,95,97,60,82
1,<environment.Job instance at 0x7f75a6e3e4b0>,37,2,[9 2],38,97,99,59,91
1,<environment.Job instance at 0x7f75a6e3e550>,38,2,[13  1],39,99,101,60,91
1,<environment.Job instance at 0x7f75a6e3e730>,41,26,[7 2],42,101,127,59,98
1,<environment.Job instance at 0x7f75a6e3e870>,43,3,[8 2],44,109,112,65,109
1,<environment.Job instance at 0x7f75a6e3e9b0>,45,3,[9 4],46,127,130,81,109
1,<environment.Job instance at 0x7f75a6e3ed70>,50,2,[8 1],51,130,132,79,128
1,<environment.Job instance at 0x7f75a6e3ee10>,51,23,[5 9],52,128,151,76,128
1,<environment.Job instance at 0x7f75a6e48230>,53,3,[ 1 14],54,151,154,97,128
1,<environment.Job instance at 0x7f75a6e480a0>,54,1,[ 2 10],55,154,155,99,128
1,<environment.Job instance at 0x7f75a6e481e0>,56,1,[ 3 13],57,155,156,98,128
1,<environment.Job instance at 0x7f75a6e48410>,57,22,[2 9],58,156,178,98,149
1,<environment.Job instance at 0x7f75a6e488c0>,62,2,[5 4],63,149,151,86,149
1,<environment.Job instance at 0x7f75a737e960>,1,25,[1 6],2,2,27,0,2
1,<environment.Job instance at 0x7f75a6e48a50>,3,26,[10  4],4,4,30,0,4
1,<environment.Job instance at 0x7f75a6e9d050>,5,24,[4 7],6,27,51,21,22
1,<environment.Job instance at 0x7f75635b2370>,17,28,[7 2],18,30,58,12,29
1,<environment.Job instance at 0x7f75635b25f0>,22,26,[9 1],23,58,84,35,55
1,<environment.Job instance at 0x7f75635b2410>,19,27,[ 3 10],20,55,82,35,55
1,<environment.Job instance at 0x7f75a9620230>,27,20,[10  2],28,84,104,56,75
1,<environment.Job instance at 0x7f75a9620780>,26,3,[ 2 14],27,104,107,77,81
1,<environment.Job instance at 0x7f7563728640>,32,2,[4 9],33,82,84,49,81
1,<environment.Job instance at 0x7f75637286e0>,33,3,[8 4],34,107,110,73,81
1,<environment.Job instance at 0x7f7563728a50>,37,27,[9 4],38,110,137,72,108
1,<environment.Job instance at 0x7f75a7143b40>,43,1,[8 3],44,137,138,93,109
1,<environment.Job instance at 0x7f75632b38c0>,44,15,[10  1],45,140,155,95,140
1,<environment.Job instance at 0x7f75a6ed9cd0>,53,2,[1 7],54,140,142,86,140
1,<environment.Job instance at 0x7f75a6ed9a50>,57,3,[8 3],58,155,158,97,155
1,<environment.Job instance at 0x7f75a6ed99b0>,58,2,[1 7],59,155,157,96,155
1,<environment.Job instance at 0x7f75a6ed9b40>,54,18,[9 3],55,158,176,103,157
1,<environment.Job instance at 0x7f75a6ff3230>,8,2,[7 3],9,10,12,1,10
1,<environment.Job instance at 0x7f75a94fb7d0>,15,1,[3 8],16,16,17,0,16
1,<environment.Job instance at 0x7f75a9611410>,18,2,[5 5],19,19,21,0,19
1,<environment.Job instance at 0x7f75a6ff30a0>,6,18,[4 9],7,31,49,24,31
1,<environment.Job instance at 0x7f75a9611b90>,22,2,[6 4],23,31,33,8,31
1,<environment.Job instance at 0x7f75a6da9140>,30,1,[9 3],31,58,59,27,58
1,<environment.Job instance at 0x7f75a6da9500>,31,1,[2 5],32,58,59,26,58
1,<environment.Job instance at 0x7f75a6da9c80>,34,2,[7 3],35,59,61,24,59
1,<environment.Job instance at 0x7f75638f3550>,37,1,[8 1],38,72,73,34,72
1,<environment.Job instance at 0x7f75638f3e60>,39,3,[9 5],40,79,82,39,79
1,<environment.Job instance at 0x7f75638f3370>,40,2,[8 4],41,82,84,41,79
1,<environment.Job instance at 0x7f75638f33c0>,41,1,[3 9],42,79,80,37,79
1,<environment.Job instance at 0x7f75638f3a00>,42,1,[2 9],43,80,81,37,79
1,<environment.Job instance at 0x7f7563474730>,46,21,[10  4],47,96,117,49,96
1,<environment.Job instance at 0x7f75634746e0>,50,1,[8 3],51,117,118,66,110
1,<environment.Job instance at 0x7f7563474410>,51,2,[10  3],52,118,120,66,111
1,<environment.Job instance at 0x7f7563474be0>,54,2,[7 5],55,124,126,69,124
1,<environment.Job instance at 0x7f7563474280>,55,23,[7 3],56,124,147,68,124
1,<environment.Job instance at 0x7f75a6de0410>,57,20,[8 3],58,126,146,68,124
1,<environment.Job instance at 0x7f75a6de0aa0>,59,22,[9 1],60,147,169,87,140
1,<environment.Job instance at 0x7f75a96e57d0>,2,24,[7 2],3,3,27,0,3
1,<environment.Job instance at 0x7f75a9c01f50>,4,27,[5 1],5,5,32,0,5
1,<environment.Job instance at 0x7f75a97c9aa0>,8,3,[13  2],9,32,35,23,16
1,<environment.Job instance at 0x7f75631ea050>,10,1,[9 5],11,27,28,16,16
1,<environment.Job instance at 0x7f75a97c97d0>,5,1,[ 5 12],6,28,29,22,22
1,<environment.Job instance at 0x7f75631d2410>,20,3,[13  5],21,38,41,17,38
1,<environment.Job instance at 0x7f75631d2fa0>,21,3,[6 4],22,41,44,19,38
1,<environment.Job instance at 0x7f75a73e6370>,24,1,[8 2],25,47,48,22,47
1,<environment.Job instance at 0x7f75a7099f50>,25,3,[14  3],26,48,51,22,47
1,<environment.Job instance at 0x7f7563559b40>,28,3,[ 2 10],29,53,56,24,53
1,<environment.Job instance at 0x7f7563559050>,29,1,[8 3],30,53,54,23,53
1,<environment.Job instance at 0x7f75635593c0>,30,3,[8 1],31,54,57,23,53
1,<environment.Job instance at 0x7f7563776fa0>,27,18,[2 8],28,56,74,28,56
1,<environment.Job instance at 0x7f75631ef280>,34,1,[10  2],35,66,67,31,66
1,<environment.Job instance at 0x7f75631efe60>,35,27,[1 5],36,66,93,30,66
1,<environment.Job instance at 0x7f75a740abe0>,37,2,[ 1 10],38,74,76,36,69
1,<environment.Job instance at 0x7f75a7078640>,38,1,[4 7],39,76,77,37,69
1,<environment.Job instance at 0x7f75a7076b90>,39,3,[13  3],40,84,87,44,84
1,<environment.Job instance at 0x7f75632e66e0>,44,3,[5 1],45,102,105,57,102
1,<environment.Job instance at 0x7f7563565f50>,46,1,[10  1],47,102,103,55,102
1,<environment.Job instance at 0x7f756376c5f0>,51,21,[8 4],52,114,135,62,114
1,<environment.Job instance at 0x7f75a9a0a1e0>,59,1,[1 7],60,145,146,85,145
1,<environment.Job instance at 0x7f756376de60>,61,3,[4 7],62,145,148,83,145
1,<environment.Job instance at 0x7f756376da50>,63,2,[4 5],64,147,149,83,147
1,<environment.Job instance at 0x7f756376d9b0>,64,20,[8 2],65,148,168,83,147
1,<environment.Job instance at 0x7f756376d4b0>,66,2,[4 7],67,156,158,89,156
1,<environment.Job instance at 0x7f75a7172140>,67,2,[ 4 10],68,158,160,90,156
1,<environment.Job instance at 0x7f75a9ae0a00>,0,1,[7 3],1,2,3,1,2
1,<environment.Job instance at 0x7f75a9673b40>,9,20,[3 9],10,10,30,0,10
1,<environment.Job instance at 0x7f75630faaf0>,11,23,[8 4],12,12,35,0,12
1,<environment.Job instance at 0x7f75a6d8f3c0>,14,3,[11  3],15,35,38,20,28
1,<environment.Job instance at 0x7f75a6d8f140>,16,2,[ 2 12],17,35,37,18,28
1,<environment.Job instance at 0x7f75a6d8faa0>,17,2,[1 9],18,30,32,12,28
1,<environment.Job instance at 0x7f75a9673320>,6,3,[ 4 11],7,32,35,25,31
1,<environment.Job instance at 0x7f75a717aaa0>,25,27,[6 2],26,38,65,12,36
1,<environment.Job instance at 0x7f75a717a640>,24,3,[ 3 10],25,37,40,12,36
1,<environment.Job instance at 0x7f75a98c8e60>,28,3,[ 3 12],29,40,43,11,36
1,<environment.Job instance at 0x7f7562fde910>,42,3,[1 9],43,98,101,55,98
1,<environment.Job instance at 0x7f7562fdefa0>,43,1,[6 2],44,98,99,54,98
1,<environment.Job instance at 0x7f7562fde230>,44,2,[1 8],45,101,103,56,98
1,<environment.Job instance at 0x7f7562fdec30>,45,1,[ 4 14],46,103,104,57,98
1,<environment.Job instance at 0x7f7562fde6e0>,46,3,[6 5],47,99,102,52,98
1,<environment.Job instance at 0x7f75a70ded20>,48,2,[2 7],49,104,106,55,98
1,<environment.Job instance at 0x7f75a70de5a0>,49,2,[5 3],50,104,106,54,98
1,<environment.Job instance at 0x7f75a70de780>,50,1,[3 7],51,102,103,51,98
1,<environment.Job instance at 0x7f75a70de3c0>,51,1,[4 6],52,106,107,54,98
1,<environment.Job instance at 0x7f75a9a08c30>,47,3,[1 9],48,106,109,58,99
1,<environment.Job instance at 0x7f75637ea3c0>,53,2,[2 7],54,109,111,55,99
1,<environment.Job instance at 0x7f75637eab40>,58,1,[2 9],59,115,116,56,115
1,<environment.Job instance at 0x7f75631af1e0>,59,22,[14  5],60,116,138,56,115
1,<environment.Job instance at 0x7f75a6f49370>,67,1,[10  4],68,150,151,82,150
1,<environment.Job instance at 0x7f75a9bb5960>,68,22,[10  4],69,151,173,82,150
1,<environment.Job instance at 0x7f75a6e28690>,0,20,[7 1],1,1,21,0,1
1,<environment.Job instance at 0x7f756349a8c0>,4,1,[10  3],5,21,22,16,5
1,<environment.Job instance at 0x7f75a6e287d0>,1,1,[12  2],2,22,23,20,11
1,<environment.Job instance at 0x7f7562f25140>,17,1,[10  1],18,23,24,5,18
1,<environment.Job instance at 0x7f7562f25c80>,19,1,[3 8],20,20,21,0,20
1,<environment.Job instance at 0x7f7562f25820>,20,23,[ 1 12],21,21,44,0,21
1,<environment.Job instance at 0x7f7562f25f50>,22,28,[1 7],23,44,72,21,43
1,<environment.Job instance at 0x7f7562f25280>,25,26,[ 4 10],26,72,98,46,69
1,<environment.Job instance at 0x7f7562f25550>,29,22,[12  5],30,98,120,68,91
1,<environment.Job instance at 0x7f7562f2a0a0>,34,27,[3 7],35,98,125,63,96
1,<environment.Job instance at 0x7f75a9aa0550>,44,3,[1 9],45,125,128,80,121
1,<environment.Job instance at 0x7f75a9aa0fa0>,47,2,[10  4],48,134,136,86,134
1,<environment.Job instance at 0x7f75a9aa05f0>,48,19,[5 8],49,134,153,85,134
1,<environment.Job instance at 0x7f75a9aa0280>,51,2,[8 5],52,143,145,91,143
1,<environment.Job instance at 0x7f75a6db0410>,0,20,[9 2],1,1,21,0,1
1,<environment.Job instance at 0x7f756338eaa0>,6,26,[ 4 10],7,7,33,0,7
1,<environment.Job instance at 0x7f75a6db01e0>,11,3,[ 2 12],12,33,36,21,16
1,<environment.Job instance at 0x7f75633ac690>,14,19,[1 7],15,36,55,21,26
1,<environment.Job instance at 0x7f75633ac9b0>,16,25,[ 3 12],17,55,80,38,51
1,<environment.Job instance at 0x7f75633ae870>,24,25,[7 4],25,80,105,55,76
1,<environment.Job instance at 0x7f756338de60>,25,22,[9 2],26,105,127,79,98
1,<environment.Job instance at 0x7f756339a140>,26,28,[6 2],27,98,126,71,98
1,<environment.Job instance at 0x7f75630c4eb0>,31,21,[7 2],32,127,148,95,119
1,<environment.Job instance at 0x7f75633a16e0>,30,1,[ 2 11],31,126,127,95,122
1,<environment.Job instance at 0x7f75630ed320>,33,22,[10  1],34,148,170,114,141
1,<environment.Job instance at 0x7f75633b2a00>,39,3,[7 2],40,170,173,130,146
1,<environment.Job instance at 0x7f75635c04b0>,41,1,[3 6],42,148,149,106,148
1,<environment.Job instance at 0x7f7563862370>,2,1,[ 1 10],3,4,5,1,4
1,<environment.Job instance at 0x7f75a6f1e730>,5,23,[1 8],6,6,29,0,6
1,<environment.Job instance at 0x7f756322c410>,16,1,[8 5],17,27,28,10,27
1,<environment.Job instance at 0x7f756322caa0>,18,19,[3 9],19,29,48,10,27
1,<environment.Job instance at 0x7f75a9854a50>,12,3,[ 5 13],13,48,51,35,30
1,<environment.Job instance at 0x7f75ae368960>,22,1,[10  2],23,33,34,10,33
1,<environment.Job instance at 0x7f75ae3687d0>,24,26,[8 5],25,51,77,26,48
1,<environment.Job instance at 0x7f75a6dc75a0>,30,22,[6 2],31,50,72,19,50
1,<environment.Job instance at 0x7f75a9844410>,33,24,[3 7],34,72,96,38,67
1,<environment.Job instance at 0x7f75a951d910>,40,3,[ 4 10],41,96,99,55,83
1,<environment.Job instance at 0x7f75a951d0a0>,41,3,[14  4],42,99,102,57,83
1,<environment.Job instance at 0x7f75a951dfa0>,43,2,[5 4],44,94,96,50,94
1,<environment.Job instance at 0x7f75a951d5f0>,44,1,[10  5],45,96,97,51,94
1,<environment.Job instance at 0x7f75a7116e60>,47,2,[9 2],48,107,109,59,107
1,<environment.Job instance at 0x7f75a9742af0>,52,2,[2 8],53,124,126,71,124
1,<environment.Job instance at 0x7f75a97425f0>,54,1,[8 4],55,134,135,79,134
1,<environment.Job instance at 0x7f75a9742320>,55,25,[ 4 10],56,134,159,78,134
1,<environment.Job instance at 0x7f75ae2385a0>,0,1,[ 2 14],1,5,6,4,5
1,<environment.Job instance at 0x7f75630207d0>,16,1,[7 2],17,20,21,3,20
1,<environment.Job instance at 0x7f7563020e10>,17,25,[9 5],18,21,46,3,20
1,<environment.Job instance at 0x7f7563020eb0>,18,2,[ 1 13],19,46,48,27,23
1,<environment.Job instance at 0x7f7563020730>,23,1,[6 3],24,24,25,0,24
1,<environment.Job instance at 0x7f7563079960>,26,2,[6 3],27,27,29,0,27
1,<environment.Job instance at 0x7f7563079cd0>,34,2,[6 5],35,72,74,37,72
1,<environment.Job instance at 0x7f75630799b0>,37,2,[ 1 11],38,81,83,43,81
1,<environment.Job instance at 0x7f75630792d0>,38,27,[4 6],39,83,110,44,81
1,<environment.Job instance at 0x7f75a6f885f0>,45,1,[2 9],46,92,93,46,92
1,<environment.Job instance at 0x7f75a6f88230>,47,1,[5 4],48,93,94,45,92
1,<environment.Job instance at 0x7f75a6f88500>,49,3,[7 3],50,105,108,55,105
1,<environment.Job instance at 0x7f75a6f88e10>,50,2,[5 2],51,108,110,57,105
1,<environment.Job instance at 0x7f75a6f88b90>,54,2,[9 2],55,119,121,64,119
1,<environment.Job instance at 0x7f75a967d0f0>,58,1,[2 6],59,135,136,76,135
1,<environment.Job instance at 0x7f75a967dc30>,60,26,[ 5 14],61,149,175,88,149
1,<environment.Job instance at 0x7f75a98e1e10>,9,1,[5 5],10,10,11,0,10
1,<environment.Job instance at 0x7f75a98f6fa0>,12,1,[9 5],13,13,14,0,13
1,<environment.Job instance at 0x7f75a98f6b40>,15,2,[ 3 10],16,16,18,0,16
1,<environment.Job instance at 0x7f75a98f6f00>,20,1,[8 5],21,38,39,17,38
1,<environment.Job instance at 0x7f75a98fe190>,23,26,[9 5],24,40,66,16,40
1,<environment.Job instance at 0x7f75a98fef50>,26,3,[ 2 12],27,66,69,39,54
1,<environment.Job instance at 0x7f75a98fee60>,29,25,[4 9],30,69,94,39,65
1,<environment.Job instance at 0x7f75a98fe2d0>,30,2,[2 5],31,69,71,38,65
1,<environment.Job instance at 0x7f75a990d550>,33,2,[ 3 12],34,94,96,60,70
1,<environment.Job instance at 0x7f75a990d410>,35,1,[5 5],36,71,72,35,70
1,<environment.Job instance at 0x7f5bb4141820>,10,1,[7 3],11,27,28,16,27
1,<environment.Job instance at 0x7f5bb4141370>,11,2,[3 9],12,27,29,15,27
1,<environment.Job instance at 0x7f5bb4141910>,15,3,[10  2],16,44,47,28,44
1,<environment.Job instance at 0x7f5bb4141c80>,17,3,[10  3],18,47,50,29,47
1,<environment.Job instance at 0x7f5bb4141be0>,20,1,[3 7],21,72,73,51,72
1,<environment.Job instance at 0x7f5bb4141dc0>,22,2,[12  3],23,74,76,51,74
1,<environment.Job instance at 0x7f5bb41430a0>,26,22,[2 9],27,76,98,49,76
1,<environment.Job instance at 0x7f5bb41436e0>,33,2,[5 3],34,105,107,71,105
1,<environment.Job instance at 0x7f5bb4143780>,36,2,[5 1],37,108,110,71,108
1,<environment.Job instance at 0x7f5bb4143b40>,40,1,[1 8],41,128,129,87,128
1,<environment.Job instance at 0x7f5bb4143d20>,43,28,[6 4],44,137,165,93,137
1,<environment.Job instance at 0x7f5bb4148280>,47,1,[2 6],48,151,152,103,151
1,<environment.Job instance at 0x7f5bb4148230>,49,2,[1 9],50,163,165,113,163
1,<environment.Job instance at 0x7f5bb4148410>,50,27,[9 1],51,165,192,114,163
1,<environment.Job instance at 0x7f5b7053af50>,5,25,[3 9],6,6,31,0,6
1,<environment.Job instance at 0x7f5b7053a190>,9,23,[2 8],10,31,54,21,25
1,<environment.Job instance at 0x7f5b7053a690>,11,1,[5 1],12,25,26,13,25
1,<environment.Job instance at 0x7f5b705315f0>,16,26,[9 1],17,26,52,9,26
1,<environment.Job instance at 0x7f5b70533a50>,26,23,[5 8],27,54,77,27,48
1,<environment.Job instance at 0x7f5b7053cb90>,31,2,[12  1],32,52,54,20,49
1,<environment.Job instance at 0x7f5b7054df00>,33,27,[5 3],34,58,85,24,58
1,<environment.Job instance at 0x7f5b70552640>,37,1,[1 6],38,77,78,39,74
1,<environment.Job instance at 0x7f5b70552fa0>,38,22,[9 2],39,77,99,38,74
1,<environment.Job instance at 0x7f5b70552aa0>,39,3,[ 4 12],40,87,90,47,87
1,<environment.Job instance at 0x7f5b70629820>,48,28,[7 4],49,129,157,80,129
1,<environment.Job instance at 0x7f5b70629730>,49,1,[9 2],50,157,158,107,129
1,<environment.Job instance at 0x7f5b70629280>,51,1,[8 3],52,129,130,77,129
1,<environment.Job instance at 0x7f5b70629a00>,54,28,[9 1],55,158,186,103,157
1,<environment.Job instance at 0x7f5b706bcc80>,57,1,[7 2],58,186,187,128,161
1,<environment.Job instance at 0x7f5b7060b960>,2,20,[7 3],3,3,23,0,3
1,<environment.Job instance at 0x7f5b703b69b0>,6,20,[6 2],7,8,28,1,8
1,<environment.Job instance at 0x7f5b70400aa0>,7,2,[5 9],8,23,25,15,16
1,<environment.Job instance at 0x7f5b703aab90>,19,22,[1 6],20,25,47,5,23
1,<environment.Job instance at 0x7f5b7040deb0>,21,25,[10  4],22,28,53,6,24
1,<environment.Job instance at 0x7f5bb434aeb0>,24,22,[1 9],25,47,69,22,40
1,<environment.Job instance at 0x7f5bbb6bda00>,33,24,[3 6],34,64,88,30,64
1,<environment.Job instance at 0x7f5bbb6bd2d0>,34,2,[4 8],35,69,71,34,65
1,<environment.Job instance at 0x7f5bbb6bd550>,35,20,[3 8],36,71,91,35,65
1,<environment.Job instance at 0x7f5bbb6bd3c0>,37,27,[9 5],38,88,115,50,86
1,<environment.Job instance at 0x7f5b704715f0>,43,2,[ 3 14],44,115,117,71,90
1,<environment.Job instance at 0x7f5b70471a50>,46,21,[6 1],47,103,124,56,103
1,<environment.Job instance at 0x7f5b70471b90>,49,1,[10  5],50,124,125,74,114
1,<environment.Job instance at 0x7f5b704714b0>,51,2,[7 4],52,117,119,65,115
1,<environment.Job instance at 0x7f5b70471e10>,53,18,[8 1],54,127,145,73,127
1,<environment.Job instance at 0x7f5b70468cd0>,54,3,[ 3 12],55,127,130,72,127
1,<environment.Job instance at 0x7f5b70468140>,55,27,[5 5],56,130,157,74,128
1,<environment.Job instance at 0x7f5b70468320>,56,22,[2 8],57,130,152,73,128
1,<environment.Job instance at 0x7f5b70468a50>,57,20,[5 2],58,145,165,87,136
1,<environment.Job instance at 0x7f5b7039a0f0>,63,27,[7 5],64,157,184,93,157
1,<environment.Job instance at 0x7f5bb412a320>,7,1,[11  4],8,8,9,0,8
1,<environment.Job instance at 0x7f5bb412a2d0>,8,1,[5 3],9,9,10,0,9
1,<environment.Job instance at 0x7f5bb412a0a0>,3,3,[ 5 13],4,11,14,7,11
1,<environment.Job instance at 0x7f5bb412a7d0>,13,1,[8 5],14,17,18,3,17
1,<environment.Job instance at 0x7f5bb41abd70>,15,24,[10  2],16,19,43,3,19
1,<environment.Job instance at 0x7f5bb41ab640>,18,19,[1 6],19,34,53,15,34
1,<environment.Job instance at 0x7f5bb41ab820>,19,27,[14  1],20,43,70,23,41
1,<environment.Job instance at 0x7f5bb41a5780>,22,2,[11  4],23,70,72,47,64
1,<environment.Job instance at 0x7f5bb41a5230>,23,20,[5 7],24,72,92,48,64
1,<environment.Job instance at 0x7f5bb41a5370>,24,1,[5 7],25,72,73,47,64
1,<environment.Job instance at 0x7f5bb41a50f0>,26,27,[4 5],27,73,100,46,71
1,<environment.Job instance at 0x7f5bb41a5050>,32,3,[11  3],33,96,99,63,96
1,<environment.Job instance at 0x7f5bbb57aa00>,35,1,[8 1],36,99,100,63,96
1,<environment.Job instance at 0x7f5bbb57ad20>,37,2,[2 6],38,110,112,72,110
1,<environment.Job instance at 0x7f5bbb57a690>,38,2,[5 5],39,110,112,71,110
1,<environment.Job instance at 0x7f5bbb57a280>,40,3,[1 6],41,112,115,71,111
1,<environment.Job instance at 0x7f5bbb57a280>,4,3,[ 2 12],5,14,17,9,14
1,<environment.Job instance at 0x7f5bb45a93c0>,15,1,[8 4],16,17,18,1,16
1,<environment.Job instance at 0x7f5bb45a9e10>,17,27,[9 3],18,18,45,0,18
1,<environment.Job instance at 0x7f5b7083cdc0>,11,2,[ 3 14],12,45,47,33,37
1,<environment.Job instance at 0x7f5b70845eb0>,28,24,[4 7],29,50,74,21,50
1,<environment.Job instance at 0x7f5b7080ddc0>,36,2,[3 6],37,87,89,50,87
1,<environment.Job instance at 0x7f5bb3fc3a50>,38,2,[5 8],39,96,98,57,96
1,<environment.Job instance at 0x7f5b70748a00>,39,3,[14  1],40,98,101,58,97
1,<environment.Job instance at 0x7f5b707485a0>,40,20,[4 6],41,101,121,60,97
1,<environment.Job instance at 0x7f5bb3fbdaa0>,41,2,[8 4],42,101,103,59,97
1,<environment.Job instance at 0x7f5b70583190>,3,24,[ 5 11],4,4,28,0,4
1,<environment.Job instance at 0x7f5b70566aa0>,13,1,[10  5],14,28,29,14,25
1,<environment.Job instance at 0x7f5b70566c80>,21,3,[1 9],22,75,78,53,75
1,<environment.Job instance at 0x7f5b70566780>,22,3,[7 1],23,75,78,52,75
1,<environment.Job instance at 0x7f5b70566690>,23,22,[5 2],24,75,97,51,75
1,<environment.Job instance at 0x7f5b707fbfa0>,29,3,[10  5],30,103,106,73,103
1,<environment.Job instance at 0x7f5b707fb0f0>,31,2,[1 6],32,116,118,84,116
1,<environment.Job instance at 0x7f5b841b7410>,33,2,[3 5],34,124,126,90,124
1,<environment.Job instance at 0x7f5bb4920eb0>,36,25,[6 3],37,152,177,115,152
1,<environment.Job instance at 0x7f5bb49205f0>,38,2,[2 8],39,152,154,113,152
1,<environment.Job instance at 0x7f5bb4920870>,40,2,[5 4],41,158,160,117,158
1,<environment.Job instance at 0x7f5bb4041780>,41,2,[3 8],42,158,160,116,158
1,<environment.Job instance at 0x7f5bb4041140>,42,1,[6 3],43,160,161,117,158
1,<environment.Job instance at 0x7f5bb4041550>,43,2,[14  3],44,177,179,133,158
1,<environment.Job instance at 0x7f5bb40410a0>,44,1,[14  5],45,179,180,134,158
1,<environment.Job instance at 0x7f5bbb574230>,45,2,[ 2 10],46,161,163,115,158
1,<environment.Job instance at 0x7f5bbb5740a0>,46,2,[7 1],47,161,163,114,158
1,<environment.Job instance at 0x7f5bb4b6ba50>,49,1,[1 8],50,164,165,114,164
1,<environment.Job instance at 0x7f5bb4b6bcd0>,50,1,[8 1],51,164,165,113,164
1,<environment.Job instance at 0x7f5b7057ab90>,5,21,[9 3],6,6,27,0,6
1,<environment.Job instance at 0x7f5b7057af00>,7,25,[9 4],8,27,52,19,23
1,<environment.Job instance at 0x7f5bb4a41550>,19,28,[6 1],20,28,56,8,28
1,<environment.Job instance at 0x7f5b705f4c30>,23,1,[8 5],24,52,53,28,43
1,<environment.Job instance at 0x7f5bb48bc550>,25,3,[7 5],26,60,63,34,60
1,<environment.Job instance at 0x7f5bb452f4b0>,3,17,[5 9],4,72,89,68,72
1,<environment.Job instance at 0x7f5bb49fa640>,33,24,[5 3],34,85,109,51,85
1,<environment.Job instance at 0x7f5bb4be8d20>,35,1,[5 9],36,89,90,53,85
1,<environment.Job instance at 0x7f5bb49fa6e0>,37,2,[11  4],38,109,111,71,89
1,<environment.Job instance at 0x7f5bb49d6e10>,40,3,[8 3],41,98,101,57,98
1,<environment.Job instance at 0x7f5bb49d6c80>,41,28,[9 4],42,111,139,69,110
1,<environment.Job instance at 0x7f5bb40f3e60>,48,19,[ 3 11],49,129,148,80,129
1,<environment.Job instance at 0x7f5bb40f3be0>,53,3,[8 2],54,158,161,104,158
1,<environment.Job instance at 0x7f5b7054d4b0>,55,3,[5 3],56,164,167,108,164
1,<environment.Job instance at 0x7f5b7054d5a0>,56,21,[5 5],57,164,185,107,164
1,<environment.Job instance at 0x7f5bb4abbc30>,1,24,[14  3],2,2,26,0,2
1,<environment.Job instance at 0x7f5b70366e10>,23,3,[ 4 10],24,57,60,33,57
1,<environment.Job instance at 0x7f5b70366dc0>,24,3,[10  2],25,57,60,32,57
1,<environment.Job instance at 0x7f5b70366e60>,25,27,[4 5],26,60,87,34,58
1,<environment.Job instance at 0x7f5b7037e1e0>,26,1,[12  2],27,87,88,60,60
1,<environment.Job instance at 0x7f5b7037e050>,28,2,[1 9],29,60,62,31,60
1,<environment.Job instance at 0x7f5b7037e320>,31,2,[ 5 10],32,65,67,33,65
1,<environment.Job instance at 0x7f5b7037e500>,33,3,[6 2],34,70,73,36,70
1,<environment.Job instance at 0x7f5b7037e3c0>,34,1,[7 4],35,73,74,38,70
1,<environment.Job instance at 0x7f5b7037e460>,35,3,[9 2],36,74,77,38,70
1,<environment.Job instance at 0x7f5b7037e640>,36,25,[7 3],37,88,113,51,84
1,<environment.Job instance at 0x7f5b7037e8c0>,40,26,[6 4],41,88,114,47,85
1,<environment.Job instance at 0x7f5b7037ef00>,47,21,[9 4],48,113,134,65,108
1,<environment.Job instance at 0x7f5b7037efa0>,48,21,[5 1],49,114,135,65,108
1,<environment.Job instance at 0x7f5b7036d780>,57,3,[ 1 10],58,133,136,75,133
1,<environment.Job instance at 0x7f5b7036da50>,58,2,[5 7],59,136,138,77,133
1,<environment.Job instance at 0x7f5b7036d910>,59,20,[5 9],60,138,158,78,133
1,<environment.Job instance at 0x7f5b7036de60>,63,3,[6 3],64,160,163,96,160
1,<environment.Job instance at 0x7f5b7036dfa0>,64,2,[10  4],65,163,165,98,160
1,<environment.Job instance at 0x7f5b70354280>,65,3,[1 9],66,160,163,94,160
1,<environment.Job instance at 0x7f5b70354370>,66,2,[5 2],67,160,162,93,160
1,<environment.Job instance at 0x7f5b70354410>,67,3,[1 6],68,163,166,95,160
1,<environment.Job instance at 0x7f5b70354550>,69,2,[6 1],70,165,167,95,162
1,<environment.Job instance at 0x7f5b70354870>,70,2,[6 1],71,165,167,94,162
1,<environment.Job instance at 0x7f5b7036dc80>,62,18,[3 8],63,166,184,103,166
1,<environment.Job instance at 0x7f5bb45e58c0>,1,27,[8 5],2,2,29,0,2
1,<environment.Job instance at 0x7f5b709f0410>,0,2,[14  4],1,29,31,28,5
1,<environment.Job instance at 0x7f5bb42a43c0>,13,26,[7 1],14,31,57,17,28
1,<environment.Job instance at 0x7f5bb42cc640>,16,1,[7 3],17,34,35,17,34
1,<environment.Job instance at 0x7f5bb46ac5f0>,19,1,[7 1],20,49,50,29,49
1,<environment.Job instance at 0x7f5bb414fe10>,25,3,[6 4],26,68,71,42,68
1,<environment.Job instance at 0x7f5b703ef5f0>,27,3,[1 8],28,68,71,40,68
1,<environment.Job instance at 0x7f5bb48f8f50>,28,3,[3 6],29,71,74,42,68
1,<environment.Job instance at 0x7f5bb4a5b550>,33,2,[2 6],34,89,91,55,89
1,<environment.Job instance at 0x7f5bb47195a0>,34,18,[7 1],35,92,110,57,92
1,<environment.Job instance at 0x7f5b7095a550>,35,1,[7 3],36,92,93,56,92
1,<environment.Job instance at 0x7f5b70824a50>,37,2,[3 7],38,93,95,55,92
1,<environment.Job instance at 0x7f5bb48b2820>,39,25,[3 6],40,103,128,63,103
1,<environment.Job instance at 0x7f5bbb6c5500>,42,3,[2 8],43,124,127,81,124
1,<environment.Job instance at 0x7f5b70a3e550>,4,19,[ 5 10],5,5,24,0,5
1,<environment.Job instance at 0x7f5b701fd4b0>,7,27,[8 5],8,8,35,0,8
1,<environment.Job instance at 0x7f5b70a2bf00>,9,3,[ 1 12],10,35,38,25,33
1,<environment.Job instance at 0x7f5bb47045a0>,20,20,[8 5],21,38,58,17,38
1,<environment.Job instance at 0x7f5b7083a870>,25,25,[4 5],26,51,76,25,51
1,<environment.Job instance at 0x7f5bb44a8b40>,28,1,[ 4 14],29,76,77,47,59
1,<environment.Job instance at 0x7f5bb4836640>,14,3,[13  1],15,77,80,62,60
1,<environment.Job instance at 0x7f5bb43ebcd0>,34,2,[3 9],35,64,66,29,64
1,<environment.Job instance at 0x7f5bb45eaf00>,40,2,[13  2],41,80,82,39,70
1,<environment.Job instance at 0x7f5bb4b72af0>,44,1,[12  5],45,82,83,37,78
1,<environment.Job instance at 0x7f5bb4b72b90>,45,3,[3 9],46,82,85,36,78
1,<environment.Job instance at 0x7f5bb4b721e0>,47,26,[ 3 10],48,87,113,39,87
1,<environment.Job instance at 0x7f5b70a7e410>,52,1,[2 6],53,113,114,60,105
1,<environment.Job instance at 0x7f5bb40b3aa0>,55,3,[8 1],56,105,108,49,105
1,<environment.Job instance at 0x7f5bb40b3d20>,57,2,[5 8],58,113,115,55,106
1,<environment.Job instance at 0x7f5bb45a9050>,59,2,[10  1],60,108,110,48,106
1,<environment.Job instance at 0x7f5b70713c80>,62,1,[7 4],63,114,115,51,113
1,<environment.Job instance at 0x7f5bb44e1af0>,51,3,[12  2],52,116,119,64,116
1,<environment.Job instance at 0x7f5b7054d820>,64,3,[14  3],65,121,124,56,121
1,<environment.Job instance at 0x7f5bb45061e0>,68,1,[2 8],69,127,128,58,127
1,<environment.Job instance at 0x7f5bb48e54b0>,69,2,[6 3],70,127,129,57,127
1,<environment.Job instance at 0x7f5bb4506870>,71,1,[5 3],72,138,139,66,138
1,<environment.Job instance at 0x7f5b705bb9b0>,73,3,[7 1],74,143,146,69,143
1,<environment.Job instance at 0x7f5bb4d3db90>,75,3,[ 1 10],76,151,154,75,151
1,<environment.Job instance at 0x7f5bb4d3d730>,76,1,[11  3],77,151,152,74,151
1,<environment.Job instance at 0x7f5bb4d3d2d0>,77,1,[8 4],78,152,153,74,151
1,<environment.Job instance at 0x7f5bb47259b0>,1,23,[1 8],2,2,25,0,2
1,<environment.Job instance at 0x7f5bb407b8c0>,16,25,[8 1],17,19,44,2,19
1,<environment.Job instance at 0x7f5bb40a4550>,20,2,[3 9],21,34,36,13,34
1,<environment.Job instance at 0x7f5bb40a4820>,24,28,[7 4],25,36,64,11,35
1,<environment.Job instance at 0x7f5bb40a47d0>,25,20,[7 2],26,44,64,18,35
1,<environment.Job instance at 0x7f5bb40a4b40>,28,2,[7 1],29,64,66,35,52
1,<environment.Job instance at 0x7f5bb40a4dc0>,32,3,[8 4],33,65,68,32,65
1,<environment.Job instance at 0x7f5bb406a050>,34,19,[1 8],35,68,87,33,68
1,<environment.Job instance at 0x7f5bb406a5f0>,39,3,[5 3],40,88,91,48,88
1,<environment.Job instance at 0x7f5bb406a870>,43,20,[4 5],44,99,119,55,99
1,<environment.Job instance at 0x7f5bb406a9b0>,45,20,[5 5],46,101,121,55,101
1,<environment.Job instance at 0x7f5bb406ad70>,49,2,[1 6],50,120,122,70,120
1,<environment.Job instance at 0x7f5bb4091140>,54,2,[5 2],55,152,154,97,152
1,<environment.Job instance at 0x7f5bb40912d0>,55,3,[5 2],56,152,155,96,152
1,<environment.Job instance at 0x7f5bb4091370>,56,2,[14  1],57,155,157,98,152
1,<environment.Job instance at 0x7f5bb4091910>,61,25,[1 6],62,167,192,105,167
1,<environment.Job instance at 0x7f5bb44b3190>,1,21,[1 7],2,2,23,0,2
1,<environment.Job instance at 0x7f5bb4091820>,2,1,[ 4 11],3,23,24,20,15
1,<environment.Job instance at 0x7f5b7071a870>,14,3,[ 1 12],15,24,27,9,24
1,<environment.Job instance at 0x7f5b70a456e0>,20,25,[6 2],21,29,54,8,29
1,<environment.Job instance at 0x7f5b70935230>,23,1,[ 4 12],24,37,38,13,37
1,<environment.Job instance at 0x7f5b70935870>,24,21,[5 2],25,38,59,13,37
1,<environment.Job instance at 0x7f5b70a45f00>,22,3,[14  1],23,59,62,36,50
1,<environment.Job instance at 0x7f5bb4067050>,33,3,[1 8],34,55,58,21,55
1,<environment.Job instance at 0x7f5bb4067e10>,36,18,[1 8],37,70,88,33,70
1,<environment.Job instance at 0x7f5bb4067410>,37,27,[4 8],38,88,115,50,86
1,<environment.Job instance at 0x7f5bb4067d20>,38,20,[ 4 13],39,115,135,76,106
1,<environment.Job instance at 0x7f5bb4a41be0>,42,1,[5 5],43,106,107,63,106
1,<environment.Job instance at 0x7f5bb4a41f00>,53,2,[2 7],54,140,142,86,140
1,<environment.Job instance at 0x7f5bb4a413c0>,54,1,[1 7],55,140,141,85,140
1,<environment.Job instance at 0x7f5bb4a418c0>,55,3,[3 6],56,141,144,85,140
1,<environment.Job instance at 0x7f5bb4381190>,58,2,[7 3],59,157,159,98,157
1,<environment.Job instance at 0x7f5bb4381f50>,61,3,[5 2],62,163,166,101,163
1,<environment.Job instance at 0x7f5b7094fd70>,7,20,[5 3],8,8,28,0,8
1,<environment.Job instance at 0x7f5bb3f8ccd0>,14,1,[4 6],15,20,21,5,20
1,<environment.Job instance at 0x7f5bb4250370>,17,3,[5 6],18,36,39,18,36
1,<environment.Job instance at 0x7f5bb4c79dc0>,23,1,[6 3],24,67,68,43,67
1,<environment.Job instance at 0x7f5bb4c79960>,27,3,[6 1],28,86,89,58,86
1,<environment.Job instance at 0x7f5bb4c79910>,28,1,[1 6],29,86,87,57,86
1,<environment.Job instance at 0x7f5bb4c79a00>,30,1,[9 2],31,93,94,62,93
1,<environment.Job instance at 0x7f5bb4c79d70>,31,2,[1 9],32,93,95,61,93
1,<environment.Job instance at 0x7f5bb4c79230>,32,1,[ 1 11],33,95,96,62,93
1,<environment.Job instance at 0x7f5bb4c795f0>,33,3,[9 3],34,94,97,60,94
1,<environment.Job instance at 0x7f5bb4bc3410>,3,2,[7 1],4,7,9,3,7
1,<environment.Job instance at 0x7f5bb47f4aa0>,1,2,[11  4],2,12,14,10,12
1,<environment.Job instance at 0x7f5bb40946e0>,10,2,[3 9],11,12,14,1,12
1,<environment.Job instance at 0x7f5bb408f550>,17,3,[1 5],18,29,32,11,29
1,<environment.Job instance at 0x7f5bb4bc3af0>,2,3,[14  5],3,38,41,35,38
1,<environment.Job instance at 0x7f5bb469ec80>,21,2,[ 1 10],22,43,45,21,43
1,<environment.Job instance at 0x7f5b7098daf0>,24,1,[6 3],25,56,57,31,56
1,<environment.Job instance at 0x7f5bb46a9d20>,26,26,[5 7],27,68,94,41,68
1,<environment.Job instance at 0x7f5b7034beb0>,27,2,[1 6],28,68,70,40,68
1,<environment.Job instance at 0x7f5bb4b5dcd0>,30,1,[7 3],31,71,72,40,71
1,<environment.Job instance at 0x7f5b7037eb40>,39,20,[3 9],40,114,134,74,114
1,<environment.Job instance at 0x7f5b70a6a550>,41,23,[8 4],42,117,140,75,117
1,<environment.Job instance at 0x7f5bb47cc320>,44,3,[11  3],45,140,143,95,133
1,<environment.Job instance at 0x7f5bb4b410f0>,46,2,[ 2 12],47,146,148,99,146
1,<environment.Job instance at 0x7f5b70a18c30>,48,2,[7 4],49,148,150,99,146
1,<environment.Job instance at 0x7f5b70a181e0>,49,1,[5 4],50,148,149,98,146
1,<environment.Job instance at 0x7f5bb47cfcd0>,50,1,[3 6],51,148,149,97,146
1,<environment.Job instance at 0x7f5bb46874b0>,36,3,[ 4 11],37,157,160,120,157
1,<environment.Job instance at 0x7f5b70a1f460>,55,27,[6 2],56,158,185,102,158
1,<environment.Job instance at 0x7f5bb4199780>,1,28,[1 5],2,2,30,0,2
1,<environment.Job instance at 0x7f5bb46afe10>,9,2,[4 6],10,10,12,0,10
1,<environment.Job instance at 0x7f5bb46affa0>,10,27,[3 8],11,12,39,1,11
1,<environment.Job instance at 0x7f5bb465e690>,14,19,[6 5],15,30,49,15,26
1,<environment.Job instance at 0x7f5bb4a85af0>,20,20,[7 1],21,39,59,18,35
1,<environment.Job instance at 0x7f5bb4a852d0>,21,1,[12  2],22,59,60,37,48
1,<environment.Job instance at 0x7f5bb4807eb0>,24,1,[10  3],25,60,61,35,48
1,<environment.Job instance at 0x7f5bb439c690>,33,2,[7 2],34,62,64,28,62
1,<environment.Job instance at 0x7f5bb46b7410>,3,16,[10  1],4,64,80,60,63
1,<environment.Job instance at 0x7f5bb439c050>,36,3,[5 2],37,73,76,36,73
1,<environment.Job instance at 0x7f5bb439cd20>,37,1,[10  1],38,80,81,42,73
1,<environment.Job instance at 0x7f5bb439c550>,38,3,[2 5],39,76,79,37,73
1,<environment.Job instance at 0x7f5bb439c0a0>,39,1,[3 8],40,76,77,36,73
1,<environment.Job instance at 0x7f5bb439c370>,40,23,[ 1 12],41,79,102,38,73
1,<environment.Job instance at 0x7f5bb439c8c0>,42,28,[1 7],43,102,130,59,101
1,<environment.Job instance at 0x7f5bb4c525a0>,45,26,[ 4 10],46,130,156,84,127
1,<environment.Job instance at 0x7f5bb476db90>,49,22,[12  5],50,156,178,106,149
1,<environment.Job instance at 0x7f5b7090d690>,54,27,[3 7],55,156,183,101,154
1,<environment.Job instance at 0x7f5bb4a8b0a0>,1,24,[ 3 14],2,2,26,0,2
1,<environment.Job instance at 0x7f5b70130eb0>,10,20,[9 2],11,26,46,15,17
1,<environment.Job instance at 0x7f5b700cf690>,16,26,[ 4 10],17,26,52,9,23
1,<environment.Job instance at 0x7f5b700cf640>,21,3,[ 2 12],22,52,55,30,49
1,<environment.Job instance at 0x7f5b700cfbe0>,24,19,[1 7],25,55,74,30,50
1,<environment.Job instance at 0x7f5b700cf0a0>,26,25,[ 3 12],27,74,99,47,70
1,<environment.Job instance at 0x7f5b700c9230>,34,25,[7 4],35,99,124,64,95
1,<environment.Job instance at 0x7f5b700c9460>,35,22,[9 2],36,124,146,88,117
1,<environment.Job instance at 0x7f5b700c9730>,36,28,[6 2],37,117,145,80,117
1,<environment.Job instance at 0x7f5b700c9e60>,40,1,[ 2 11],41,145,146,104,125
1,<environment.Job instance at 0x7f5b7018e500>,41,21,[7 2],42,146,167,104,138
1,<environment.Job instance at 0x7f5b7018ec30>,43,22,[10  1],44,167,189,123,160
1,<environment.Job instance at 0x7f5b7018e460>,48,1,[8 1],49,164,165,115,164
1,<environment.Job instance at 0x7f5b7018e9b0>,2,1,[ 1 10],3,3,4,0,3
1,<environment.Job instance at 0x7f5b7018e6e0>,5,23,[1 8],6,6,29,0,6
1,<environment.Job instance at 0x7f5b7047ccd0>,12,3,[ 5 13],13,29,32,16,24
1,<environment.Job instance at 0x7f5b7047cd70>,16,1,[8 5],17,24,25,7,24
1,<environment.Job instance at 0x7f5b7047c140>,20,3,[2 6],21,32,35,11,28
1,<environment.Job instance at 0x7f5b7047c0a0>,18,19,[3 9],19,32,51,13,28
1,<environment.Job instance at 0x7f5b708e06e0>,24,26,[8 5],25,35,61,10,32
1,<environment.Job instance at 0x7f5b704675f0>,30,22,[6 2],31,51,73,20,44
1,<environment.Job instance at 0x7f5bbb441f00>,33,24,[3 7],34,61,85,27,56
1,<environment.Job instance at 0x7f5b70a89140>,38,1,[10  4],39,73,74,34,65
1,<environment.Job instance at 0x7f5b70aadc80>,40,3,[ 4 10],41,85,88,44,72
1,<environment.Job instance at 0x7f5b70482550>,41,3,[14  4],42,88,91,46,72
1,<environment.Job instance at 0x7f5b708ddaf0>,44,1,[10  5],45,82,83,37,82
1,<environment.Job instance at 0x7f5b70a95f50>,47,2,[9 2],48,98,100,50,98
1,<environment.Job instance at 0x7f5b70a95640>,49,3,[10  4],50,102,105,52,102
1,<environment.Job instance at 0x7f5b70a959b0>,52,2,[2 8],53,115,117,62,115
1,<environment.Job instance at 0x7f5b70a95280>,54,1,[8 4],55,127,128,72,127
1,<environment.Job instance at 0x7f5b70a95910>,55,25,[ 4 10],56,127,152,71,127
1,<environment.Job instance at 0x7f5b70a9a320>,60,1,[10  3],61,158,159,97,158
1,<environment.Job instance at 0x7f5b70a9a280>,61,3,[5 3],62,158,161,96,158
1,<environment.Job instance at 0x7f5b70a9ae10>,62,2,[3 7],63,159,161,96,158
1,<environment.Job instance at 0x7f5b70a9a870>,63,3,[5 5],64,159,162,95,159
1,<environment.Job instance at 0x7f5b70a9aaf0>,64,3,[4 6],65,161,164,96,159
1,<environment.Job instance at 0x7f5bb4c21dc0>,65,2,[5 8],66,162,164,96,160
1,<environment.Job instance at 0x7f5bb4b691e0>,6,1,[7 2],7,7,8,0,7
1,<environment.Job instance at 0x7f5bb4696550>,7,25,[9 5],8,8,33,0,8
1,<environment.Job instance at 0x7f5bb424c6e0>,8,2,[ 1 13],9,34,36,25,34
1,<environment.Job instance at 0x7f5b7034b280>,19,1,[8 4],20,36,37,16,34
1,<environment.Job instance at 0x7f5b70132780>,27,2,[ 1 11],28,57,59,29,57
1,<environment.Job instance at 0x7f5bb4212d20>,28,27,[4 6],29,59,86,30,57
1,<environment.Job instance at 0x7f5bb4df6690>,35,1,[2 9],36,73,74,37,73
1,<environment.Job instance at 0x7f5bb46a98c0>,46,3,[ 2 10],47,105,108,58,105
1,<environment.Job instance at 0x7f5bb46a9230>,48,1,[2 6],49,119,120,70,119
1,<environment.Job instance at 0x7f5bb4543820>,50,26,[ 5 14],51,127,153,76,127
1,<environment.Job instance at 0x7f5bb4543690>,53,27,[2 5],54,153,180,99,151
1,<environment.Job instance at 0x7f5bb441e1e0>,0,1,[8 5],1,2,3,1,2
1,<environment.Job instance at 0x7f5b70678280>,3,26,[9 5],4,4,30,0,4
1,<environment.Job instance at 0x7f5b70147500>,9,25,[4 9],10,10,35,0,10
1,<environment.Job instance at 0x7f5b70147c30>,13,2,[ 3 12],14,35,37,21,32
1,<environment.Job instance at 0x7f5bbb30e280>,6,3,[ 2 12],7,37,40,30,35
1,<environment.Job instance at 0x7f5b701479b0>,23,1,[9 4],24,41,42,17,41
1,<environment.Job instance at 0x7f5b701475a0>,24,19,[3 6],25,41,60,16,41
1,<environment.Job instance at 0x7f5b70147550>,22,3,[ 2 14],23,60,63,37,42
1,<environment.Job instance at 0x7f5b70147b40>,26,3,[3 5],27,42,45,15,42
1,<environment.Job instance at 0x7f5bb4226aa0>,28,2,[ 1 10],29,63,65,34,50
1,<environment.Job instance at 0x7f5b707b21e0>,33,3,[9 5],34,71,74,37,71
1,<environment.Job instance at 0x7f5b707b2370>,34,3,[5 4],35,71,74,36,71
1,<environment.Job instance at 0x7f5b707b2aa0>,37,2,[6 3],38,79,81,41,79
1,<environment.Job instance at 0x7f5b707b25a0>,40,3,[5 6],41,85,88,44,85
1,<environment.Job instance at 0x7f5b704eb410>,43,18,[8 4],44,98,116,54,98
1,<environment.Job instance at 0x7f5b704ebaf0>,44,2,[4 6],45,98,100,53,98
1,<environment.Job instance at 0x7f5b704eb280>,45,2,[ 2 10],46,100,102,54,98
1,<environment.Job instance at 0x7f5b704eb500>,52,1,[5 6],53,124,125,71,124
1,<environment.Job instance at 0x7f5b704ebb90>,53,1,[6 2],54,124,125,70,124
1,<environment.Job instance at 0x7f5b704eb230>,55,2,[ 2 10],56,136,138,80,136
1,<environment.Job instance at 0x7f5b704eba00>,56,2,[4 5],57,136,138,79,136
1,<environment.Job instance at 0x7f5b704eb0a0>,57,2,[10  1],58,138,140,80,136
1,<environment.Job instance at 0x7f5b704eb140>,58,2,[ 1 10],59,138,140,79,136
1,<environment.Job instance at 0x7f5b700da870>,12,1,[5 6],13,17,18,4,17
1,<environment.Job instance at 0x7f5b701e90a0>,14,3,[9 4],15,21,24,6,21
1,<environment.Job instance at 0x7f5b70971cd0>,16,1,[ 5 14],17,24,25,7,22
1,<environment.Job instance at 0x7f5bb4d3d960>,20,2,[10  1],21,37,39,16,37
1,<environment.Job instance at 0x7f5b701744b0>,25,3,[6 3],26,72,75,46,72
1,<environment.Job instance at 0x7f5b70174190>,26,18,[6 5],27,73,91,46,73
1,<environment.Job instance at 0x7f5b70174230>,29,1,[3 7],30,79,80,49,79
1,<environment.Job instance at 0x7f5b701746e0>,31,3,[6 5],32,83,86,51,83
1,<environment.Job instance at 0x7f5b70184c80>,33,22,[7 2],34,94,116,60,94
1,<environment.Job instance at 0x7f5b70184550>,36,2,[5 4],37,100,102,63,100
1,<environment.Job instance at 0x7f5b70184cd0>,39,3,[7 1],40,115,118,75,115
1,<environment.Job instance at 0x7f5b70186460>,40,1,[5 8],41,116,117,75,115
1,<environment.Job instance at 0x7f5b70186870>,42,3,[5 7],43,125,128,82,125
1,<environment.Job instance at 0x7f5b70186190>,45,2,[8 3],46,138,140,92,138
1,<environment.Job instance at 0x7ff201325820>,10,1,[7 3],11,18,19,7,18
1,<environment.Job instance at 0x7ff2013258c0>,11,2,[3 9],12,18,20,6,18
1,<environment.Job instance at 0x7ff201325910>,15,3,[10  2],16,32,35,16,32
1,<environment.Job instance at 0x7ff201325a50>,17,3,[10  3],18,42,45,24,42
1,<environment.Job instance at 0x7ff201325c30>,20,1,[3 7],21,60,61,39,60
1,<environment.Job instance at 0x7ff201325dc0>,22,2,[12  3],23,61,63,38,61
1,<environment.Job instance at 0x7ff201329190>,24,3,[5 9],25,68,71,43,68
1,<environment.Job instance at 0x7ff201329370>,26,22,[2 9],27,71,93,44,68
1,<environment.Job instance at 0x7ff201329a00>,36,2,[5 1],37,101,103,64,101
1,<environment.Job instance at 0x7ff201329c80>,40,1,[1 8],41,124,125,83,124
1,<environment.Job instance at 0x7ff20132c050>,43,28,[6 4],44,128,156,84,128
1,<environment.Job instance at 0x7ff20132c5f0>,49,2,[1 9],50,157,159,107,157
1,<environment.Job instance at 0x7ff20132c410>,50,27,[9 1],51,157,184,106,157
1,<environment.Job instance at 0x7ff1bb721e10>,6,26,[9 1],7,7,33,0,7
1,<environment.Job instance at 0x7ff1bb720d20>,11,3,[8 2],12,33,36,21,12
1,<environment.Job instance at 0x7ff1bb718e60>,16,23,[5 8],17,17,40,0,17
1,<environment.Job instance at 0x7ff1bb724910>,21,2,[12  1],22,40,42,18,31
1,<environment.Job instance at 0x7ff1bb724b90>,23,27,[5 3],24,42,69,18,40
1,<environment.Job instance at 0x7ff1bb719820>,27,1,[1 6],28,43,44,15,43
1,<environment.Job instance at 0x7ff1bb719b90>,28,22,[9 2],29,43,65,14,43
1,<environment.Job instance at 0x7ff1bb7aa0f0>,29,3,[ 4 12],30,65,68,35,54
1,<environment.Job instance at 0x7ff1bb7370f0>,38,28,[7 4],39,98,126,59,98
1,<environment.Job instance at 0x7ff1bb8654b0>,44,28,[9 1],45,126,154,81,125
1,<environment.Job instance at 0x7ff1bb959aa0>,47,1,[7 2],48,154,155,106,127
1,<environment.Job instance at 0x7ff1bb84bc30>,56,3,[7 5],57,171,174,114,171
1,<environment.Job instance at 0x7ff1bb894c80>,57,3,[4 9],58,171,174,113,171
1,<environment.Job instance at 0x7ff20689c0a0>,1,25,[10  4],2,2,27,0,2
1,<environment.Job instance at 0x7ff2010db460>,4,22,[1 9],5,5,27,0,5
1,<environment.Job instance at 0x7ff20183e230>,13,24,[3 6],14,27,51,13,22
1,<environment.Job instance at 0x7ff2010db140>,14,2,[4 8],15,27,29,12,22
1,<environment.Job instance at 0x7ff1bb56e730>,15,20,[3 8],16,29,49,13,22
1,<environment.Job instance at 0x7ff1bb59ae10>,17,27,[9 5],18,49,76,31,47
1,<environment.Job instance at 0x7ff2017c51e0>,23,2,[ 3 14],24,76,78,52,50
1,<environment.Job instance at 0x7ff2068a0eb0>,24,2,[1 9],25,51,53,26,50
1,<environment.Job instance at 0x7ff2010a12d0>,26,21,[6 1],27,53,74,26,51
1,<environment.Job instance at 0x7ff2010f1640>,29,1,[10  5],30,78,79,48,66
1,<environment.Job instance at 0x7ff2068a8190>,31,2,[7 4],32,79,81,47,69
1,<environment.Job instance at 0x7ff201102a00>,34,3,[ 3 12],35,81,84,46,77
1,<environment.Job instance at 0x7ff2067bc1e0>,35,27,[5 5],36,84,111,48,82
1,<environment.Job instance at 0x7ff2067bcaa0>,36,22,[2 8],37,84,106,47,82
1,<environment.Job instance at 0x7ff1bb5ebaf0>,41,3,[3 7],42,106,109,64,106
1,<environment.Job instance at 0x7ff1bb5eb280>,43,27,[7 5],44,112,139,68,112
1,<environment.Job instance at 0x7ff2068a61e0>,50,2,[9 4],51,142,144,91,142
1,<environment.Job instance at 0x7ff201522f50>,54,3,[2 5],55,158,161,103,158
1,<environment.Job instance at 0x7ff1bb57f4b0>,55,25,[3 7],56,158,183,102,158
1,<environment.Job instance at 0x7ff1bb65ef50>,60,1,[ 4 12],61,183,184,122,174
1,<environment.Job instance at 0x7ff1bb65ec30>,61,1,[10  1],62,174,175,112,174
1,<environment.Job instance at 0x7ff1bbbfc320>,5,1,[8 1],6,7,8,1,7
1,<environment.Job instance at 0x7ff1bbc00550>,9,1,[5 7],10,10,11,0,10
1,<environment.Job instance at 0x7ff2068a1c30>,2,3,[11  3],3,15,18,12,15
1,<environment.Job instance at 0x7ff1bb5e8820>,19,1,[8 3],20,23,24,3,23
1,<environment.Job instance at 0x7ff1bb5e8410>,21,3,[1 6],22,35,38,13,35
1,<environment.Job instance at 0x7ff201891640>,22,3,[4 9],23,36,39,13,36
1,<environment.Job instance at 0x7ff201891050>,26,2,[ 3 10],27,41,43,14,41
1,<environment.Job instance at 0x7ff201891960>,27,3,[5 1],28,41,44,13,41
1,<environment.Job instance at 0x7ff2018915f0>,28,2,[5 4],29,41,43,12,41
1,<environment.Job instance at 0x7ff201891f50>,30,1,[5 1],31,53,54,22,53
1,<environment.Job instance at 0x7ff201891c30>,32,2,[5 5],33,60,62,27,60
1,<environment.Job instance at 0x7ff201891a50>,33,1,[7 1],34,60,61,26,60
1,<environment.Job instance at 0x7ff2018915a0>,37,3,[12  4],38,106,109,68,106
1,<environment.Job instance at 0x7ff201778230>,39,28,[1 8],40,108,136,68,108
1,<environment.Job instance at 0x7ff201384cd0>,0,20,[4 6],1,1,21,0,1
1,<environment.Job instance at 0x7ff20129c780>,8,2,[13  3],9,21,23,12,14
1,<environment.Job instance at 0x7ff20177a780>,15,2,[6 3],16,16,18,0,16
1,<environment.Job instance at 0x7ff201773140>,18,20,[3 8],19,23,43,4,19
1,<environment.Job instance at 0x7ff2012c69b0>,20,24,[10  4],21,23,47,2,22
1,<environment.Job instance at 0x7ff1bba1b460>,21,21,[4 7],22,43,64,21,35
1,<environment.Job instance at 0x7ff20175f230>,24,1,[ 2 11],25,64,65,39,43
1,<environment.Job instance at 0x7ff20175f320>,25,2,[4 7],26,47,49,21,43
1,<environment.Job instance at 0x7ff201760460>,27,1,[2 6],28,50,51,22,50
1,<environment.Job instance at 0x7ff201760b90>,29,19,[5 5],30,65,84,35,55
1,<environment.Job instance at 0x7ff201190b40>,33,3,[8 4],34,78,81,44,78
1,<environment.Job instance at 0x7ff2011c9870>,38,18,[4 6],39,97,115,58,97
1,<environment.Job instance at 0x7ff2011c90a0>,39,1,[ 5 14],40,115,116,75,97
1,<environment.Job instance at 0x7ff2011c9fa0>,40,2,[5 1],41,97,99,56,97
1,<environment.Job instance at 0x7ff2012bdf00>,44,3,[7 4],45,117,120,72,117
1,<environment.Job instance at 0x7ff2011a2f00>,45,2,[4 5],46,117,119,71,117
1,<environment.Job instance at 0x7ff20172e640>,47,2,[7 4],48,132,134,84,132
1,<environment.Job instance at 0x7ff2017410f0>,54,2,[1 6],55,164,166,109,164
1,<environment.Job instance at 0x7ff1bbbe1640>,56,1,[5 1],57,178,179,121,178
1,<environment.Job instance at 0x7ff1bbbe1780>,57,27,[ 2 11],58,178,205,120,178
1,<environment.Job instance at 0x7ff1bb939910>,0,1,[8 1],1,1,2,0,1
1,<environment.Job instance at 0x7ff201186e60>,3,1,[12  4],4,4,5,0,4
1,<environment.Job instance at 0x7ff1bb907f00>,7,20,[1 8],8,8,28,0,8
1,<environment.Job instance at 0x7ff1bb907050>,11,21,[4 9],12,28,49,16,20
1,<environment.Job instance at 0x7ff201a3a280>,15,23,[8 4],16,20,43,4,20
1,<environment.Job instance at 0x7ff201a3ab90>,17,20,[5 7],18,49,69,31,40
1,<environment.Job instance at 0x7ff2010a39b0>,21,3,[2 6],22,43,46,21,43
1,<environment.Job instance at 0x7ff1bb907370>,10,2,[ 2 12],11,69,71,58,43
1,<environment.Job instance at 0x7ff2010a3320>,23,3,[8 3],24,46,49,22,43
1,<environment.Job instance at 0x7ff2010a3f00>,26,1,[7 4],27,49,50,22,43
1,<environment.Job instance at 0x7ff2011887d0>,28,3,[2 7],29,50,53,21,43
1,<environment.Job instance at 0x7ff1bbb79910>,31,20,[ 5 13],32,71,91,39,62
1,<environment.Job instance at 0x7ff1bbb79eb0>,32,1,[5 1],33,62,63,29,62
1,<environment.Job instance at 0x7ff1bbb796e0>,35,1,[6 4],36,66,67,30,66
1,<environment.Job instance at 0x7ff1bbb71f00>,39,1,[8 1],40,67,68,27,66
1,<environment.Job instance at 0x7ff1bbb71410>,40,24,[7 2],41,68,92,27,66
1,<environment.Job instance at 0x7ff1bbb59460>,43,3,[10  3],44,92,95,48,88
1,<environment.Job instance at 0x7ff1bbb590a0>,46,19,[2 9],47,96,115,49,96
1,<environment.Job instance at 0x7ff1bbb59d70>,47,1,[7 3],48,96,97,48,96
1,<environment.Job instance at 0x7ff1bbb59b90>,48,20,[ 1 10],49,115,135,66,106
1,<environment.Job instance at 0x7ff1bbb59870>,52,2,[5 7],53,135,137,82,108
1,<environment.Job instance at 0x7ff20125c870>,55,1,[ 2 10],56,137,138,81,120
1,<environment.Job instance at 0x7ff201297410>,58,2,[ 1 13],59,138,140,79,135
1,<environment.Job instance at 0x7ff1bb7cb960>,60,28,[ 2 14],61,151,179,90,151
1,<environment.Job instance at 0x7ff1bb7cb4b0>,61,28,[5 1],62,151,179,89,151
1,<environment.Job instance at 0x7ff20110c460>,68,2,[7 4],69,179,181,110,166
1,<environment.Job instance at 0x7ff20110cc30>,70,2,[10  5],71,181,183,110,166
1,<environment.Job instance at 0x7ff1bb7ce280>,73,23,[7 4],74,183,206,109,179
1,<environment.Job instance at 0x7ff201246be0>,6,1,[ 4 10],7,7,8,0,7
1,<environment.Job instance at 0x7ff1c6335820>,9,2,[5 8],10,10,12,0,10
1,<environment.Job instance at 0x7ff201acc5a0>,14,22,[4 9],15,15,37,0,15
1,<environment.Job instance at 0x7ff201accaf0>,15,1,[1 9],16,37,38,21,16
1,<environment.Job instance at 0x7ff201947640>,16,21,[5 5],17,17,38,0,17
1,<environment.Job instance at 0x7ff201a13a50>,23,2,[13  2],24,43,45,19,43
1,<environment.Job instance at 0x7ff20123ee60>,25,25,[1 6],26,44,69,18,44
1,<environment.Job instance at 0x7ff201ae3a50>,26,1,[5 5],27,45,46,18,44
1,<environment.Job instance at 0x7ff201e7f730>,28,3,[ 1 10],29,69,72,40,57
1,<environment.Job instance at 0x7ff1bb974280>,30,27,[11  2],31,58,85,27,58
1,<environment.Job instance at 0x7ff1bbab0e10>,32,20,[ 5 10],33,85,105,52,76
1,<environment.Job instance at 0x7ff1bba65dc0>,35,24,[8 3],36,85,109,49,80
1,<environment.Job instance at 0x7ff1bbb790f0>,47,24,[5 9],48,117,141,69,117
1,<environment.Job instance at 0x7ff1bbb79820>,51,28,[3 6],52,120,148,68,120
1,<environment.Job instance at 0x7ff2016e9690>,58,2,[4 6],59,156,158,97,156
1,<environment.Job instance at 0x7ff2016e9280>,59,26,[2 6],60,156,182,96,156
1,<environment.Job instance at 0x7ff2016e9c80>,60,20,[9 3],61,156,176,95,156
1,<environment.Job instance at 0x7ff2011fb730>,67,1,[ 1 13],68,182,183,114,175
1,<environment.Job instance at 0x7ff2011fb410>,68,26,[8 2],69,176,202,107,175
1,<environment.Job instance at 0x7ff1bbb26a00>,4,1,[13  5],5,7,8,2,7
1,<environment.Job instance at 0x7ff2011ceeb0>,10,25,[5 3],11,11,36,0,11
1,<environment.Job instance at 0x7ff2011cef00>,12,2,[3 7],13,13,15,0,13
1,<environment.Job instance at 0x7ff2011e9500>,17,1,[ 4 10],18,20,21,2,20
1,<environment.Job instance at 0x7ff2011e9640>,19,28,[3 9],20,26,54,6,26
1,<environment.Job instance at 0x7ff2011e9780>,22,23,[3 7],23,54,77,31,48
1,<environment.Job instance at 0x7ff2011e9a00>,23,3,[8 1],24,48,51,24,48
1,<environment.Job instance at 0x7ff2011e9e60>,26,3,[ 5 14],27,77,80,50,72
1,<environment.Job instance at 0x7ff2011e43c0>,33,1,[5 4],34,80,81,46,77
1,<environment.Job instance at 0x7ff2011e4500>,35,1,[1 8],36,80,81,44,77
1,<environment.Job instance at 0x7ff2011e46e0>,38,3,[ 4 10],39,97,100,58,97
1,<environment.Job instance at 0x7ff2011e4a00>,43,3,[5 3],44,119,122,75,119
1,<environment.Job instance at 0x7ff2011e4b40>,45,1,[6 1],46,122,123,76,122
1,<environment.Job instance at 0x7ff2011e4be0>,46,1,[ 5 10],47,122,123,75,122
1,<environment.Job instance at 0x7ff2011e4e60>,48,1,[1 9],49,127,128,78,127
1,<environment.Job instance at 0x7ff2011e4cd0>,49,2,[13  4],50,127,129,77,127
1,<environment.Job instance at 0x7ff2011eb140>,50,2,[5 2],51,129,131,78,127
1,<environment.Job instance at 0x7ff2011eb280>,52,1,[2 9],53,137,138,84,137
1,<environment.Job instance at 0x7ff2011eb320>,53,20,[ 5 12],54,138,158,84,137
1,<environment.Job instance at 0x7ff2011eb3c0>,54,2,[ 5 11],55,158,160,103,153
1,<environment.Job instance at 0x7ff2011eb500>,56,1,[5 9],57,160,161,103,155
1,<environment.Job instance at 0x7ff2011eb5a0>,57,2,[10  2],58,155,157,97,155
1,<environment.Job instance at 0x7ff2011eb640>,58,2,[8 5],59,160,162,101,155
1,<environment.Job instance at 0x7ff2011eb960>,61,2,[ 5 11],62,162,164,100,158
1,<environment.Job instance at 0x7ff2011eb0f0>,62,2,[5 3],63,158,160,95,158
1,<environment.Job instance at 0x7ff2011ebb40>,64,1,[6 1],65,168,169,103,168
1,<environment.Job instance at 0x7ff20662da50>,0,20,[ 4 10],1,1,21,0,1
1,<environment.Job instance at 0x7ff1bb887320>,6,24,[4 5],7,7,31,0,7
1,<environment.Job instance at 0x7ff1bb887550>,7,24,[4 8],8,21,45,13,16
1,<environment.Job instance at 0x7ff1bba95af0>,22,23,[6 2],23,27,50,4,27
1,<environment.Job instance at 0x7ff2017d9aa0>,24,3,[ 1 12],25,47,50,22,47
1,<environment.Job instance at 0x7ff1bb4ced70>,31,1,[3 6],32,50,51,18,47
1,<environment.Job instance at 0x7ff201e38f00>,33,1,[11  3],34,52,53,18,52
1,<environment.Job instance at 0x7ff2012e5fa0>,35,28,[ 4 12],36,57,85,21,57
1,<environment.Job instance at 0x7ff201724c80>,39,1,[ 4 13],40,85,86,45,81
1,<environment.Job instance at 0x7ff201e74780>,40,1,[7 5],41,86,87,45,81
1,<environment.Job instance at 0x7ff201b1cb90>,47,2,[6 5],48,119,121,71,119
1,<environment.Job instance at 0x7ff20197f7d0>,51,1,[6 2],52,130,131,78,130
1,<environment.Job instance at 0x7ff201aa85a0>,55,24,[5 2],56,150,174,94,150
1,<environment.Job instance at 0x7ff201aa8230>,58,1,[5 6],59,156,157,97,156
1,<environment.Job instance at 0x7ff201aa8140>,59,1,[3 8],60,157,158,97,156
1,<environment.Job instance at 0x7ff201aa8730>,60,25,[6 2],61,157,182,96,156
1,<environment.Job instance at 0x7ff201aa86e0>,62,2,[8 4],63,174,176,111,171
1,<environment.Job instance at 0x7ff201aa8cd0>,64,1,[5 9],65,176,177,111,172
1,<environment.Job instance at 0x7ff2064bce10>,8,3,[4 7],9,9,12,0,9
1,<environment.Job instance at 0x7ff201e39a00>,9,3,[4 8],10,10,13,0,10
1,<environment.Job instance at 0x7ff201599730>,17,2,[9 2],18,18,20,0,18
1,<environment.Job instance at 0x7ff201d0fcd0>,18,2,[13  1],19,20,22,1,19
1,<environment.Job instance at 0x7ff206673370>,21,26,[7 2],22,29,55,7,29
1,<environment.Job instance at 0x7ff1bbc203c0>,30,2,[8 1],31,63,65,32,63
1,<environment.Job instance at 0x7ff1bbc20370>,31,23,[5 9],32,63,86,31,63
1,<environment.Job instance at 0x7ff20153a1e0>,36,1,[ 3 13],37,86,87,49,70
1,<environment.Job instance at 0x7ff20153a8c0>,37,22,[2 9],38,87,109,49,80
1,<environment.Job instance at 0x7ff20153a230>,33,3,[ 1 14],34,109,112,75,87
1,<environment.Job instance at 0x7ff201aa09b0>,46,20,[8 2],47,112,132,65,103
1,<environment.Job instance at 0x7ff201aa0be0>,48,26,[2 5],49,112,138,63,109
1,<environment.Job instance at 0x7ff201689410>,56,24,[2 9],57,132,156,75,128
1,<environment.Job instance at 0x7ff1bb7e9550>,59,20,[ 3 11],60,156,176,96,148
1,<environment.Job instance at 0x7ff2014b01e0>,68,2,[7 4],69,173,175,104,173
1,<environment.Job instance at 0x7ff201ab8910>,71,2,[6 3],72,175,177,103,174
1,<environment.Job instance at 0x7ff201b23f50>,72,2,[2 8],73,176,178,103,174
1,<environment.Job instance at 0x7ff1bb7c2a50>,13,2,[1 7],14,14,16,0,14
1,<environment.Job instance at 0x7ff1bb7c2fa0>,18,2,[1 7],19,30,32,11,30
1,<environment.Job instance at 0x7ff1bb7c2aa0>,21,1,[3 9],22,43,44,21,43
1,<environment.Job instance at 0x7ff1bb7b1320>,23,3,[6 1],24,60,63,36,60
1,<environment.Job instance at 0x7ff1bb7b1460>,25,2,[ 2 12],26,61,63,35,61
1,<environment.Job instance at 0x7ff1bb7b10f0>,26,1,[3 9],27,63,64,36,61
1,<environment.Job instance at 0x7ff1bb7b10a0>,28,21,[2 5],29,74,95,45,74
1,<environment.Job instance at 0x7ff1bb7b1780>,29,23,[5 7],30,74,97,44,74
1,<environment.Job instance at 0x7ff1bb7b1c80>,33,25,[ 1 10],34,97,122,63,93
1,<environment.Job instance at 0x7ff1bb7b1fa0>,38,1,[ 5 14],39,122,123,83,108
1,<environment.Job instance at 0x7ff1bb7c9500>,43,3,[3 6],44,123,126,79,122
1,<environment.Job instance at 0x7ff1bb7c9550>,45,2,[5 7],46,124,126,78,124
1,<environment.Job instance at 0x7ff1bb7c95f0>,47,3,[10  5],48,134,137,86,134
1,<environment.Job instance at 0x7ff1bb7c9730>,48,18,[7 1],49,137,155,88,134
1,<environment.Job instance at 0x7ff1bb7b1f00>,41,18,[9 3],42,155,173,113,148
1,<environment.Job instance at 0x7ff1bb7c9690>,52,2,[4 5],53,148,150,95,148
1,<environment.Job instance at 0x7ff1bb7c9b90>,55,2,[11  4],56,173,175,117,162
1,<environment.Job instance at 0x7ff1bb7c9af0>,56,1,[6 4],57,162,163,105,162
1,<environment.Job instance at 0x7ff1bb7c9cd0>,58,2,[6 3],59,164,166,105,164
1,<environment.Job instance at 0x7ff1bb7c9d70>,59,21,[7 2],60,175,196,115,167
1,<environment.Job instance at 0x7ff1bb7dc3c0>,61,3,[ 1 10],62,172,175,110,172
1,<environment.Job instance at 0x7ff1bbbf1d20>,7,2,[4 5],8,9,11,1,9
1,<environment.Job instance at 0x7ff2012c2f00>,10,3,[1 9],11,11,14,0,11
1,<environment.Job instance at 0x7ff2064bceb0>,17,1,[1 9],18,34,35,16,34
1,<environment.Job instance at 0x7ff2064bce10>,18,3,[7 1],19,34,37,15,34
1,<environment.Job instance at 0x7ff201c86e10>,19,2,[10  5],20,37,39,17,34
1,<environment.Job instance at 0x7ff201c86fa0>,20,1,[5 8],21,35,36,14,34
1,<environment.Job instance at 0x7ff20110b410>,22,26,[9 3],23,39,65,16,36
1,<environment.Job instance at 0x7ff1bb8c3730>,28,1,[5 9],29,64,65,35,64
1,<environment.Job instance at 0x7ff1bb7be640>,29,2,[ 1 10],30,65,67,35,64
1,<environment.Job instance at 0x7ff1bb7be7d0>,31,3,[4 6],32,67,70,35,67
1,<environment.Job instance at 0x7ff20133fbe0>,26,3,[12  4],27,70,73,43,70
1,<environment.Job instance at 0x7ff2015409b0>,34,2,[ 4 10],35,74,76,39,74
1,<environment.Job instance at 0x7ff2015401e0>,37,22,[6 4],38,88,110,50,88
1,<environment.Job instance at 0x7ff2010d7820>,43,2,[10  3],44,110,112,66,109
1,<environment.Job instance at 0x7ff2010d7910>,45,3,[10  5],46,116,119,70,116
1,<environment.Job instance at 0x7ff2010d7230>,49,2,[5 2],50,135,137,85,135
1,<environment.Job instance at 0x7ff2010d7be0>,50,2,[1 6],51,135,137,84,135
1,<environment.Job instance at 0x7ff2010d7d70>,52,2,[9 5],53,135,137,82,135
1,<environment.Job instance at 0x7ff2010d7a50>,55,19,[10  1],56,153,172,97,153
1,<environment.Job instance at 0x7ff2010d7730>,58,23,[1 5],59,157,180,98,157
1,<environment.Job instance at 0x7ff2010d75a0>,59,2,[12  2],60,172,174,112,169
1,<environment.Job instance at 0x7ff2011a9f00>,6,23,[ 1 13],7,7,30,0,7
1,<environment.Job instance at 0x7ff2011a98c0>,7,2,[ 2 11],8,30,32,22,27
1,<environment.Job instance at 0x7ff2011b5230>,13,1,[5 5],14,32,33,18,27
1,<environment.Job instance at 0x7ff2011b5dc0>,14,24,[7 3],15,30,54,15,27
1,<environment.Job instance at 0x7ff2011b5eb0>,16,21,[5 3],17,33,54,16,27
1,<environment.Job instance at 0x7ff2011b5140>,17,22,[1 9],18,33,55,15,27
1,<environment.Job instance at 0x7ff2011b5e60>,25,27,[2 8],26,55,82,29,53
1,<environment.Job instance at 0x7ff1bbb0b050>,28,1,[9 4],29,55,56,26,55
1,<environment.Job instance at 0x7ff1bbb0b0a0>,29,1,[ 4 13],30,82,83,52,55
1,<environment.Job instance at 0x7ff201acd2d0>,31,1,[10  1],32,56,57,24,56
1,<environment.Job instance at 0x7ff201acd640>,32,24,[5 7],33,57,81,24,56
1,<environment.Job instance at 0x7ff201acda50>,37,1,[ 3 10],38,83,84,45,72
1,<environment.Job instance at 0x7ff201acd4b0>,39,23,[6 1],40,81,104,41,75
1,<environment.Job instance at 0x7ff201acd460>,40,1,[11  4],41,104,105,63,77
1,<environment.Job instance at 0x7ff201329410>,41,1,[5 7],42,84,85,42,77
1,<environment.Job instance at 0x7ff201329370>,45,12,[5 1],46,85,97,39,83
1,<environment.Job instance at 0x7ff201329b90>,46,23,[ 2 10],47,85,108,38,83
1,<environment.Job instance at 0x7ff201329460>,51,2,[11  4],52,105,107,53,104
1,<environment.Job instance at 0x7ff201329050>,52,3,[14  5],53,108,111,55,104
1,<environment.Job instance at 0x7ff1bb53b960>,60,2,[3 9],61,136,138,75,136
1,<environment.Job instance at 0x7ff1bb53bcd0>,61,1,[6 4],62,136,137,74,136
1,<environment.Job instance at 0x7ff1bb53bf00>,63,3,[7 5],64,140,143,76,140
1,<environment.Job instance at 0x7ff2011b5550>,24,19,[ 5 12],25,144,163,119,144
1,<environment.Job instance at 0x7ff2015a6050>,71,2,[ 1 10],72,168,170,96,168
1,<environment.Job instance at 0x7ff201bc2be0>,74,1,[6 3],75,178,179,103,178
1,<environment.Job instance at 0x7ff201e90870>,5,26,[14  3],6,6,32,0,6
1,<environment.Job instance at 0x7ff1bb779910>,7,28,[6 3],8,32,60,24,31
1,<environment.Job instance at 0x7ff201a9ddc0>,9,1,[2 6],10,32,33,22,31
1,<environment.Job instance at 0x7ff201ae35a0>,11,19,[3 6],12,32,51,20,31
1,<environment.Job instance at 0x7ff201e6cdc0>,16,2,[14  2],17,60,62,43,34
1,<environment.Job instance at 0x7ff201e840f0>,18,1,[5 2],19,34,35,15,34
1,<environment.Job instance at 0x7ff201e6cfa0>,17,3,[13  2],18,62,65,44,37
1,<environment.Job instance at 0x7ff201e8d4b0>,21,19,[3 9],22,65,84,43,55
1,<environment.Job instance at 0x7ff2019a9190>,31,1,[1 6],32,66,67,34,66
1,<environment.Job instance at 0x7ff201e97500>,32,25,[2 8],33,84,109,51,80
1,<environment.Job instance at 0x7ff2015e41e0>,41,28,[1 5],42,101,129,59,101
1,<environment.Job instance at 0x7ff2019cc0f0>,45,2,[1 7],46,118,120,72,118
1,<environment.Job instance at 0x7ff1bbb32500>,49,2,[4 6],50,134,136,84,134
1,<environment.Job instance at 0x7ff1bbb32a00>,50,27,[3 8],51,134,161,83,134
1,<environment.Job instance at 0x7ff1bb790eb0>,54,19,[6 5],55,167,186,112,167
1,<environment.Job instance at 0x7ff1bb9ac690>,1,26,[6 3],2,2,28,0,2
1,<environment.Job instance at 0x7ff2016a2050>,7,1,[ 5 12],8,8,9,0,8
1,<environment.Job instance at 0x7ff201594230>,8,1,[ 2 10],9,9,10,0,9
1,<environment.Job instance at 0x7ff2015948c0>,11,3,[11  1],12,28,31,16,12
1,<environment.Job instance at 0x7ff2016b1550>,13,1,[10  2],14,31,32,17,14
1,<environment.Job instance at 0x7ff1bb5256e0>,15,27,[8 5],16,32,59,16,30
1,<environment.Job instance at 0x7ff201212500>,16,22,[9 5],17,59,81,42,52
1,<environment.Job instance at 0x7ff2016e6910>,18,24,[7 4],19,81,105,62,76
1,<environment.Job instance at 0x7ff2015940f0>,9,3,[12  2],10,105,108,95,80
1,<environment.Job instance at 0x7ff2013b20f0>,20,1,[9 3],21,108,109,87,80
1,<environment.Job instance at 0x7ff201448a50>,24,1,[5 4],25,80,81,55,80
1,<environment.Job instance at 0x7ff1bb5de5a0>,29,2,[12  1],30,109,111,79,84
1,<environment.Job instance at 0x7ff1bb5de870>,31,24,[ 3 14],32,109,133,77,104
1,<environment.Job instance at 0x7ff1bb5685a0>,40,20,[9 2],41,133,153,92,124
1,<environment.Job instance at 0x7ff1bb71c0a0>,45,3,[3 8],46,146,149,100,146
1,<environment.Job instance at 0x7ff1bb71c0f0>,46,26,[ 4 10],47,149,175,102,146
1,<environment.Job instance at 0x7ff1bbcea7d0>,2,24,[2 9],3,3,27,0,3
1,<environment.Job instance at 0x7ff1bb892b90>,15,1,[5 5],16,17,18,1,17
1,<environment.Job instance at 0x7ff1bb892870>,19,20,[5 3],20,27,47,7,27
1,<environment.Job instance at 0x7ff1bb8920a0>,20,2,[7 1],21,27,29,6,27
1,<environment.Job instance at 0x7ff1bb892410>,22,1,[ 1 10],23,34,35,11,34
1,<environment.Job instance at 0x7ff1bb892f00>,23,2,[ 4 10],24,35,37,11,35
1,<environment.Job instance at 0x7ff201125280>,25,23,[1 8],26,38,61,12,38
1,<environment.Job instance at 0x7ff2011254b0>,30,1,[4 6],31,54,55,23,54
1,<environment.Job instance at 0x7ff201125b40>,31,1,[2 7],32,55,56,23,54
1,<environment.Job instance at 0x7ff201125870>,32,3,[ 5 13],33,61,64,28,59
1,<environment.Job instance at 0x7ff201125820>,34,18,[2 6],35,71,89,36,71
1,<environment.Job instance at 0x7ff201125640>,36,1,[8 5],37,71,72,34,71
1,<environment.Job instance at 0x7ff1bba68280>,38,19,[3 9],39,72,91,33,72
1,<environment.Job instance at 0x7ff1bba687d0>,42,1,[10  2],43,89,90,46,84
1,<environment.Job instance at 0x7ff1bba68320>,44,26,[8 5],45,90,116,45,87
1,<environment.Job instance at 0x7ff1bba686e0>,48,2,[1 6],49,101,103,52,101
1,<environment.Job instance at 0x7ff1bba68640>,49,3,[9 2],50,116,119,66,101
1,<environment.Job instance at 0x7ff1bba68730>,50,22,[6 2],51,101,123,50,101
1,<environment.Job instance at 0x7ff1bba68050>,53,24,[3 7],54,119,143,65,114
1,<environment.Job instance at 0x7ff1bba4bf00>,58,1,[10  4],59,123,124,64,123
1,<environment.Job instance at 0x7ff1bba4b550>,60,3,[ 4 10],61,143,146,82,138
1,<environment.Job instance at 0x7ff1bba4b2d0>,61,3,[14  4],62,146,149,84,138
1,<environment.Job instance at 0x7ff1bba4b5f0>,63,2,[5 4],64,139,141,75,139
1,<environment.Job instance at 0x7ff1bba4b780>,64,1,[10  5],65,141,142,76,139
1,<environment.Job instance at 0x7ff1bba4b7d0>,67,2,[9 2],68,155,157,87,155
1,<environment.Job instance at 0x7ff1bba4bfa0>,69,3,[10  4],70,157,160,87,157
1,<environment.Job instance at 0x7ff1bba4b820>,70,13,[1 6],71,157,170,86,157
1,<environment.Job instance at 0x7ff201750280>,72,2,[2 8],73,171,173,98,171
1,<environment.Job instance at 0x7ff1bba5f320>,0,1,[ 2 14],1,2,3,1,2
1,<environment.Job instance at 0x7ff1bb8e5d70>,16,1,[7 2],17,17,18,0,17
1,<environment.Job instance at 0x7ff1bb8ce3c0>,17,25,[9 5],18,18,43,0,18
1,<environment.Job instance at 0x7ff1bb8ceaf0>,18,2,[ 1 13],19,43,45,24,38
1,<environment.Job instance at 0x7ff201ec6320>,34,2,[6 5],35,69,71,34,69
1,<environment.Job instance at 0x7ff20128c0a0>,37,2,[ 1 11],38,72,74,34,72
1,<environment.Job instance at 0x7ff2013f6780>,38,27,[4 6],39,74,101,35,72
1,<environment.Job instance at 0x7ff1bb3935a0>,45,1,[2 9],46,83,84,37,83
1,<environment.Job instance at 0x7ff1bb9c9e10>,54,2,[9 2],55,113,115,58,113
1,<environment.Job instance at 0x7ff1bb9ddf50>,60,26,[ 5 14],61,147,173,86,147
1,<environment.Job instance at 0x7ff1bb9dd280>,63,27,[2 5],64,173,200,109,171
1,<environment.Job instance at 0x7ff2015805f0>,0,1,[8 5],1,1,2,0,1
1,<environment.Job instance at 0x7ff2019b4820>,3,26,[9 5],4,4,30,0,4
1,<environment.Job instance at 0x7ff1bbbdf230>,9,25,[4 9],10,10,35,0,10
1,<environment.Job instance at 0x7ff201d598c0>,13,2,[ 3 12],14,35,37,21,29
1,<environment.Job instance at 0x7ff1bb8f8aa0>,6,3,[ 2 12],7,37,40,30,34
1,<environment.Job instance at 0x7ff201b1ebe0>,22,3,[ 2 14],23,45,48,22,45
1,<environment.Job instance at 0x7ff2017bfeb0>,23,1,[9 4],24,48,49,24,45
1,<environment.Job instance at 0x7ff1bb4a61e0>,24,19,[3 6],25,48,67,23,45
1,<environment.Job instance at 0x7ff2020147d0>,28,2,[ 1 10],29,67,69,38,56
1,<environment.Job instance at 0x7ff20181f820>,33,3,[9 5],34,93,96,59,93
1,<environment.Job instance at 0x7ff2066250a0>,34,3,[5 4],35,94,97,59,94
1,<environment.Job instance at 0x7ff2066255a0>,37,2,[6 3],38,96,98,58,95
1,<environment.Job instance at 0x7ff201f08f00>,40,3,[5 6],41,110,113,69,110
1,<environment.Job instance at 0x7ff1bb3f0820>,44,2,[4 6],45,128,130,83,128
1,<environment.Job instance at 0x7ff1bb3f0a50>,45,2,[ 2 10],46,130,132,84,128
1,<environment.Job instance at 0x7ff1bb5b9780>,52,1,[5 6],53,162,163,109,162
1,<environment.Job instance at 0x7ff1bb5b9a50>,53,1,[6 2],54,162,163,108,162
1,<environment.Job instance at 0x7ff201d306e0>,55,2,[ 2 10],56,168,170,112,168
1,<environment.Job instance at 0x7ff201eb7b90>,56,2,[4 5],57,168,170,111,168
1,<environment.Job instance at 0x7ff201eb7d70>,57,2,[10  1],58,170,172,112,169
1,<environment.Job instance at 0x7ff1bb340140>,58,2,[ 1 10],59,170,172,111,169
1,<environment.Job instance at 0x7ff1bb861eb0>,6,1,[ 5 14],7,8,9,1,8
1,<environment.Job instance at 0x7ff1bb861460>,9,2,[10  4],10,10,12,0,10
1,<environment.Job instance at 0x7ff1bb861320>,10,2,[10  1],11,12,14,1,11
1,<environment.Job instance at 0x7ff201a1ab40>,19,1,[3 7],20,44,45,24,44
1,<environment.Job instance at 0x7ff201a1a690>,23,22,[7 2],24,61,83,37,61
1,<environment.Job instance at 0x7ff201a1a910>,26,2,[5 4],27,66,68,39,66
1,<environment.Job instance at 0x7ff201a1a460>,30,1,[5 8],31,83,84,52,83
1,<environment.Job instance at 0x7ff1bb3fe910>,35,2,[8 3],36,117,119,81,117
1,<environment.Job instance at 0x7ff1bb3fe690>,6,27,[4 9],7,7,34,0,7
1,<environment.Job instance at 0x7ff1bb54d050>,10,1,[ 4 10],11,34,35,23,11
1,<environment.Job instance at 0x7ff1bba29190>,14,3,[2 6],15,23,26,8,23
1,<environment.Job instance at 0x7ff1bba291e0>,16,24,[8 3],17,29,53,12,29
1,<environment.Job instance at 0x7ff1bb9f6550>,21,3,[ 3 11],22,67,70,45,67
1,<environment.Job instance at 0x7ff1bb317500>,23,2,[2 9],24,70,72,46,67
1,<environment.Job instance at 0x7ff2016841e0>,25,2,[1 8],26,72,74,46,68
1,<environment.Job instance at 0x7ff2013f9d20>,30,3,[4 6],31,77,80,46,77
1,<environment.Job instance at 0x7ff2013f9500>,31,18,[3 7],32,78,96,46,78
1,<environment.Job instance at 0x7ff2013f9280>,35,3,[8 4],36,105,108,69,105
1,<environment.Job instance at 0x7ff2013f9730>,36,1,[3 9],37,105,106,68,105
1,<environment.Job instance at 0x7fde3a431910>,15,3,[10  2],16,35,38,19,35
1,<environment.Job instance at 0x7fde3a431870>,17,3,[10  3],18,43,46,25,43
1,<environment.Job instance at 0x7fde3a431eb0>,20,1,[3 7],21,61,62,40,61
1,<environment.Job instance at 0x7fde3a431b90>,22,2,[12  3],23,62,64,39,62
1,<environment.Job instance at 0x7fde3a433370>,26,22,[2 9],27,66,88,39,66
1,<environment.Job instance at 0x7fde3a433b40>,36,2,[5 1],37,103,105,66,103
1,<environment.Job instance at 0x7fde3a433c80>,40,1,[1 8],41,123,124,82,123
1,<environment.Job instance at 0x7fde3a433f00>,43,28,[6 4],44,130,158,86,130
1,<environment.Job instance at 0x7fde3a437190>,46,3,[5 4],47,164,167,117,164
1,<environment.Job instance at 0x7fde3a437460>,47,1,[2 6],48,164,165,116,164
1,<environment.Job instance at 0x7fde3a4371e0>,49,2,[1 9],50,175,177,125,175
1,<environment.Job instance at 0x7fde3a4375a0>,50,27,[9 1],51,175,202,124,175
1,<environment.Job instance at 0x7fde3a4376e0>,52,3,[ 3 11],53,184,187,131,184
1,<environment.Job instance at 0x7fddf682cf00>,6,23,[5 8],7,7,30,0,7
1,<environment.Job instance at 0x7fddf682f370>,13,27,[5 3],14,14,41,0,14
1,<environment.Job instance at 0x7fddf682fc30>,11,2,[12  1],12,41,43,29,27
1,<environment.Job instance at 0x7fddf6830050>,17,1,[1 6],18,30,31,12,27
1,<environment.Job instance at 0x7fddf6830410>,18,22,[9 2],19,43,65,24,36
1,<environment.Job instance at 0x7fddf68302d0>,19,3,[ 4 12],20,53,56,33,53
1,<environment.Job instance at 0x7fddf682dcd0>,28,28,[7 4],29,68,96,39,68
1,<environment.Job instance at 0x7fddf682d640>,29,1,[9 2],30,96,97,66,69
1,<environment.Job instance at 0x7fddf683eb90>,32,1,[3 8],33,71,72,38,71
1,<environment.Job instance at 0x7fddf683efa0>,34,28,[9 1],35,97,125,62,96
1,<environment.Job instance at 0x7fddf6843b40>,37,1,[7 2],38,125,126,87,97
1,<environment.Job instance at 0x7fddf6a643c0>,46,3,[7 5],47,141,144,94,141
1,<environment.Job instance at 0x7fddf6977f00>,47,3,[4 9],48,141,144,93,141
1,<environment.Job instance at 0x7fddf691ac30>,50,28,[7 3],51,157,185,106,157
1,<environment.Job instance at 0x7fddf691aaa0>,52,3,[3 9],53,169,172,116,169
1,<environment.Job instance at 0x7fddf691a820>,55,3,[6 4],56,178,181,122,178
1,<environment.Job instance at 0x7fddf6977fa0>,48,18,[3 8],49,187,205,138,187
1,<environment.Job instance at 0x7fddf695c780>,59,1,[8 3],60,187,188,127,187
1,<environment.Job instance at 0x7fddf695c780>,6,21,[6 1],7,7,28,0,7
1,<environment.Job instance at 0x7fddf6683280>,9,1,[10  5],10,28,29,18,10
1,<environment.Job instance at 0x7fddf690eeb0>,3,2,[ 3 14],4,22,24,18,22
1,<environment.Job instance at 0x7fde3a8d55a0>,15,27,[5 5],16,24,51,8,22
1,<environment.Job instance at 0x7fde3a8d50f0>,16,22,[2 8],17,29,51,12,22
1,<environment.Job instance at 0x7fddf6683a50>,14,3,[ 3 12],15,51,54,36,50
1,<environment.Job instance at 0x7fde418672d0>,23,27,[7 5],24,54,81,30,52
1,<environment.Job instance at 0x7fddf668b5f0>,30,2,[9 4],31,81,83,50,68
1,<environment.Job instance at 0x7fddf66a7730>,34,3,[2 5],35,92,95,57,92
1,<environment.Job instance at 0x7fddf66a6320>,35,25,[3 7],36,92,117,56,92
1,<environment.Job instance at 0x7fddf66a6c30>,39,3,[9 3],40,105,108,65,105
1,<environment.Job instance at 0x7fddf66a6fa0>,40,1,[ 4 12],41,117,118,76,105
1,<environment.Job instance at 0x7fddf66a6690>,41,1,[10  1],42,108,109,66,105
1,<environment.Job instance at 0x7fddf66a5c80>,43,1,[5 2],44,112,113,68,112
1,<environment.Job instance at 0x7fddf66a5500>,48,21,[9 5],49,144,165,95,144
1,<environment.Job instance at 0x7fddf66a5230>,49,3,[12  1],50,165,168,115,155
1,<environment.Job instance at 0x7fddf66a5190>,51,1,[5 5],52,155,156,103,155
1,<environment.Job instance at 0x7fddf66f1370>,53,2,[ 4 10],54,156,158,102,156
1,<environment.Job instance at 0x7fde3a2913c0>,58,3,[ 2 10],59,179,182,120,179
1,<environment.Job instance at 0x7fde3a20a280>,60,3,[9 1],61,182,185,121,182
1,<environment.Job instance at 0x7fde3a2169b0>,61,2,[5 6],62,182,184,120,182
1,<environment.Job instance at 0x7fddf66fe9b0>,62,2,[3 5],63,184,186,121,182
1,<environment.Job instance at 0x7fddf6cc2dc0>,0,1,[5 1],1,2,3,1,2
1,<environment.Job instance at 0x7fde3a49baf0>,2,2,[5 5],3,3,5,0,3
1,<environment.Job instance at 0x7fde3a49b820>,3,1,[7 1],4,4,5,0,4
1,<environment.Job instance at 0x7fddf6bfe500>,7,3,[12  4],8,14,17,6,14
1,<environment.Job instance at 0x7fddf6bfe910>,9,28,[1 8],10,14,42,4,14
1,<environment.Job instance at 0x7fddf6bfe1e0>,14,1,[7 3],15,18,19,3,18
1,<environment.Job instance at 0x7fde3a7d5780>,23,3,[1 8],24,64,67,40,64
1,<environment.Job instance at 0x7fde3a7d5190>,24,3,[5 2],25,64,67,39,64
1,<environment.Job instance at 0x7fde3a7d5f50>,25,24,[8 3],26,64,88,38,64
1,<environment.Job instance at 0x7fde3cae7e60>,32,2,[7 4],33,81,83,48,81
1,<environment.Job instance at 0x7fde3cae7c80>,39,2,[ 4 10],40,115,117,75,115
1,<environment.Job instance at 0x7fde3cae77d0>,40,1,[9 5],41,115,116,74,115
1,<environment.Job instance at 0x7fde3cae7140>,44,24,[4 5],45,147,171,102,147
1,<environment.Job instance at 0x7fde3cae7cd0>,49,3,[5 9],50,164,167,114,164
1,<environment.Job instance at 0x7fddf6bc1f00>,55,2,[2 9],56,189,191,133,189
1,<environment.Job instance at 0x7fde3a702690>,5,2,[4 5],6,7,9,1,7
1,<environment.Job instance at 0x7fddf6a68f50>,7,2,[7 4],8,8,10,0,8
1,<environment.Job instance at 0x7fddf6a39be0>,14,2,[1 6],15,21,23,6,21
1,<environment.Job instance at 0x7fddf6a39f00>,16,1,[5 1],17,35,36,18,35
1,<environment.Job instance at 0x7fddf6a39f50>,17,27,[ 2 11],18,35,62,17,35
1,<environment.Job instance at 0x7fddf6b1bb40>,20,2,[3 9],21,62,64,41,51
1,<environment.Job instance at 0x7fddf6b33500>,22,1,[12  5],23,62,63,39,52
1,<environment.Job instance at 0x7fddf6b0b870>,27,3,[7 5],28,67,70,39,67
1,<environment.Job instance at 0x7fddf6a39960>,19,3,[11  2],20,70,73,50,68
1,<environment.Job instance at 0x7fde3a8703c0>,29,1,[8 2],30,68,69,38,68
1,<environment.Job instance at 0x7fddf6afe050>,34,3,[ 3 10],35,82,85,47,82
1,<environment.Job instance at 0x7fddf6b0db40>,35,1,[7 3],36,82,83,46,82
1,<environment.Job instance at 0x7fddf6b290f0>,37,2,[7 2],38,83,85,45,83
1,<environment.Job instance at 0x7fde3cf236e0>,39,1,[5 7],40,94,95,54,94
1,<environment.Job instance at 0x7fde3cf15730>,41,3,[3 9],42,95,98,53,94
1,<environment.Job instance at 0x7fddf6cf7d20>,47,2,[ 3 10],48,140,142,92,140
1,<environment.Job instance at 0x7fddf6a92690>,50,19,[4 5],51,144,163,93,144
1,<environment.Job instance at 0x7fde3cf0ab40>,51,3,[1 9],52,144,147,92,144
1,<environment.Job instance at 0x7fde3cef5190>,55,1,[5 8],56,170,171,114,170
1,<environment.Job instance at 0x7fde3a2a4cd0>,57,2,[9 3],58,170,172,112,170
1,<environment.Job instance at 0x7fde3a2a4320>,59,1,[5 4],60,173,174,113,173
1,<environment.Job instance at 0x7fde3a2a4640>,60,23,[9 4],61,173,196,112,173
1,<environment.Job instance at 0x7fde3a2a4c80>,61,21,[8 2],62,196,217,134,188
1,<environment.Job instance at 0x7fde3a2a4370>,62,21,[5 7],63,188,209,125,188
1,<environment.Job instance at 0x7fde3a2ce9b0>,5,1,[ 2 10],6,6,7,0,6
1,<environment.Job instance at 0x7fde3a562370>,8,2,[ 1 13],9,10,12,1,10
1,<environment.Job instance at 0x7fde3a5625f0>,10,28,[ 2 14],11,12,40,1,11
1,<environment.Job instance at 0x7fde3a5622d0>,11,28,[5 1],12,12,40,0,12
1,<environment.Job instance at 0x7fddf698f5f0>,23,23,[7 4],24,40,63,16,34
1,<environment.Job instance at 0x7fde3a958690>,30,2,[5 5],31,63,65,32,63
1,<environment.Job instance at 0x7fde3a9582d0>,33,3,[13  5],34,75,78,41,75
1,<environment.Job instance at 0x7fde3a958af0>,34,3,[4 5],35,78,81,43,75
1,<environment.Job instance at 0x7fde3a958dc0>,35,18,[7 5],36,82,100,46,82
1,<environment.Job instance at 0x7fde3a9586e0>,36,27,[5 2],37,82,109,45,82
1,<environment.Job instance at 0x7fde3a9583c0>,40,22,[2 5],41,94,116,53,94
1,<environment.Job instance at 0x7fddf691f0f0>,46,1,[2 6],47,109,110,62,109
1,<environment.Job instance at 0x7fde3a9585a0>,39,18,[ 2 10],40,120,138,80,120
1,<environment.Job instance at 0x7fddf691fa50>,54,28,[4 5],55,128,156,73,128
1,<environment.Job instance at 0x7fddf691f280>,57,2,[ 5 13],58,156,158,98,145
1,<environment.Job instance at 0x7fddf691f230>,59,1,[4 5],60,145,146,85,145
1,<environment.Job instance at 0x7fddf691f690>,61,25,[10  1],62,156,181,94,156
1,<environment.Job instance at 0x7fddf6703a50>,63,2,[5 1],64,161,163,97,161
1,<environment.Job instance at 0x7fddf6703cd0>,66,3,[5 1],67,172,175,105,172
1,<environment.Job instance at 0x7fddf67036e0>,67,1,[2 6],68,175,176,107,172
1,<environment.Job instance at 0x7fde3cb221e0>,0,20,[9 3],1,1,21,0,1
1,<environment.Job instance at 0x7fde3a388a50>,8,26,[8 2],9,21,47,12,18
1,<environment.Job instance at 0x7fddf68a15f0>,7,1,[ 1 13],8,24,25,16,24
1,<environment.Job instance at 0x7fddf69c1140>,15,25,[ 3 14],16,47,72,31,43
1,<environment.Job instance at 0x7fddf6cf1b90>,21,3,[ 4 13],22,72,75,50,61
1,<environment.Job instance at 0x7fde3cb6cc30>,24,27,[13  3],25,75,102,50,73
1,<environment.Job instance at 0x7fde3ce62140>,35,19,[1 5],36,96,115,60,96
1,<environment.Job instance at 0x7fde3ce620f0>,37,1,[10  2],38,102,103,64,101
1,<environment.Job instance at 0x7fde3ce629b0>,39,1,[9 4],40,113,114,73,113
1,<environment.Job instance at 0x7fde3a712dc0>,43,3,[3 9],44,134,137,90,134
1,<environment.Job instance at 0x7fde3a7124b0>,44,27,[6 1],45,134,161,89,134
1,<environment.Job instance at 0x7fde3a712500>,48,3,[3 8],49,147,150,98,147
1,<environment.Job instance at 0x7fde3cf53cd0>,51,24,[14  3],52,164,188,112,164
1,<environment.Job instance at 0x7fde3cb9e140>,53,24,[10  2],54,188,212,134,183
1,<environment.Job instance at 0x7fde3ccd6780>,0,2,[8 2],1,2,4,1,2
1,<environment.Job instance at 0x7fddf69e13c0>,11,1,[6 3],12,12,13,0,12
1,<environment.Job instance at 0x7fddf69e1690>,14,1,[4 8],15,16,17,1,16
1,<environment.Job instance at 0x7fddf69e1820>,16,27,[2 9],17,17,44,0,17
1,<environment.Job instance at 0x7fddf69e1f00>,22,22,[8 1],23,31,53,8,31
1,<environment.Job instance at 0x7fddf69e7140>,25,3,[ 1 13],26,46,49,20,46
1,<environment.Job instance at 0x7fddf69e7370>,26,2,[14  2],27,53,55,26,46
1,<environment.Job instance at 0x7fddf69e7550>,29,2,[10  2],30,61,63,31,61
1,<environment.Job instance at 0x7fddf69e75f0>,30,2,[14  4],31,63,65,32,61
1,<environment.Job instance at 0x7fddf69e7780>,31,27,[8 5],32,65,92,33,63
1,<environment.Job instance at 0x7fddf69e7910>,32,2,[10  3],33,92,94,59,65
1,<environment.Job instance at 0x7fddf69e7690>,33,1,[1 7],34,65,66,31,65
1,<environment.Job instance at 0x7fddf69e7b90>,36,3,[8 2],37,94,97,57,85
1,<environment.Job instance at 0x7fddf69e7c30>,37,18,[1 9],38,96,114,58,96
1,<environment.Job instance at 0x7fde3cbd7640>,4,1,[2 9],5,5,6,0,5
1,<environment.Job instance at 0x7fde3cbd7500>,0,2,[10  4],1,6,8,5,6
1,<environment.Job instance at 0x7fddf69e7c30>,7,2,[10  2],8,8,10,0,8
1,<environment.Job instance at 0x7fddf68ca870>,13,3,[6 5],14,27,30,13,27
1,<environment.Job instance at 0x7fddf68cacd0>,14,19,[ 5 10],15,27,46,12,27
1,<environment.Job instance at 0x7fddf69b36e0>,17,27,[8 5],18,36,63,18,36
1,<environment.Job instance at 0x7fde3a51be10>,19,3,[ 1 12],20,63,66,43,45
1,<environment.Job instance at 0x7fde3a43ad20>,21,1,[2 7],22,46,47,24,45
1,<environment.Job instance at 0x7fddf6d59320>,24,3,[13  1],25,63,66,38,57
1,<environment.Job instance at 0x7fde3a24f280>,28,3,[1 7],29,73,76,44,73
1,<environment.Job instance at 0x7fde3a4abe60>,30,20,[8 5],31,73,93,42,73
1,<environment.Job instance at 0x7fddf6c21190>,35,25,[4 5],36,92,117,56,92
1,<environment.Job instance at 0x7fde3a6f2f50>,36,2,[ 1 10],37,93,95,56,92
1,<environment.Job instance at 0x7fde3a6f2190>,38,1,[ 4 14],39,117,118,78,93
1,<environment.Job instance at 0x7fde3a6f29b0>,39,1,[5 6],40,95,96,55,93
1,<environment.Job instance at 0x7fde3ce4c190>,42,3,[5 8],43,99,102,56,99
1,<environment.Job instance at 0x7fde3a5dca50>,44,2,[3 9],45,102,104,57,99
1,<environment.Job instance at 0x7fddf6c13e60>,45,1,[1 7],46,104,105,58,99
1,<environment.Job instance at 0x7fddf6c13d70>,47,1,[4 7],48,105,106,57,99
1,<environment.Job instance at 0x7fddf6d55b40>,50,2,[13  2],51,118,120,67,106
1,<environment.Job instance at 0x7fddf6d55a00>,54,1,[12  5],55,120,121,65,119
1,<environment.Job instance at 0x7fddf6896960>,55,3,[3 9],56,120,123,64,119
1,<environment.Job instance at 0x7fde3cfe9eb0>,57,26,[ 3 10],58,132,158,74,132
1,<environment.Job instance at 0x7fde3d1211e0>,60,2,[5 4],61,144,146,83,144
1,<environment.Job instance at 0x7fde3d121050>,61,3,[12  2],62,146,149,84,144
1,<environment.Job instance at 0x7fde3d121e10>,62,1,[2 6],63,158,159,95,144
1,<environment.Job instance at 0x7fde3a44c3c0>,64,1,[7 3],65,149,150,84,144
1,<environment.Job instance at 0x7fde3a44c5f0>,66,2,[5 9],67,158,160,91,144
1,<environment.Job instance at 0x7fde3cbacaa0>,72,1,[7 4],73,156,157,83,156
1,<environment.Job instance at 0x7fde3cbacf00>,74,3,[14  3],75,161,164,86,161
1,<environment.Job instance at 0x7fde41840e60>,77,3,[6 5],78,176,179,98,176
1,<environment.Job instance at 0x7fde418409b0>,78,1,[2 8],79,176,177,97,176
1,<environment.Job instance at 0x7fde41840b90>,79,2,[6 3],80,177,179,97,176
1,<environment.Job instance at 0x7fde3a4cc320>,6,25,[8 1],7,7,32,0,7
1,<environment.Job instance at 0x7fddf6896140>,14,28,[7 4],15,15,43,0,15
1,<environment.Job instance at 0x7fde3ce6b370>,15,20,[7 2],16,32,52,16,23
1,<environment.Job instance at 0x7fde3a742370>,24,19,[1 8],25,40,59,15,40
1,<environment.Job instance at 0x7fde3d0bad20>,31,3,[10  1],32,59,62,27,59
1,<environment.Job instance at 0x7fde3d0ba280>,33,20,[4 5],34,59,79,25,59
1,<environment.Job instance at 0x7fddf6d222d0>,35,20,[5 5],36,62,82,26,59
1,<environment.Job instance at 0x7fddf68fc550>,44,2,[5 2],45,102,104,57,102
1,<environment.Job instance at 0x7fddf68fc5a0>,45,3,[5 2],46,102,105,56,102
1,<environment.Job instance at 0x7fddf68fc2d0>,46,2,[14  1],47,105,107,58,102
1,<environment.Job instance at 0x7fddf68665a0>,47,2,[5 5],48,102,104,54,102
1,<environment.Job instance at 0x7fddf69d6870>,50,3,[7 3],51,118,121,67,118
1,<environment.Job instance at 0x7fddf69d6280>,51,25,[1 6],52,118,143,66,118
1,<environment.Job instance at 0x7fde3a7ec640>,53,26,[10  4],54,125,151,71,125
1,<environment.Job instance at 0x7fde3a7ecd20>,55,24,[4 7],56,143,167,87,138
1,<environment.Job instance at 0x7fde3cf550f0>,62,1,[3 6],63,169,170,106,169
1,<environment.Job instance at 0x7fde3cf556e0>,63,2,[5 5],64,169,171,105,169
1,<environment.Job instance at 0x7fddf6999960>,65,3,[2 8],66,185,188,119,185
1,<environment.Job instance at 0x7fddf6999730>,67,28,[7 2],68,186,214,118,186
1,<environment.Job instance at 0x7fddf6a89050>,69,27,[ 3 10],70,188,215,118,187
1,<environment.Job instance at 0x7fddf6a89f50>,71,1,[7 2],72,214,215,142,189
1,<environment.Job instance at 0x7fde3a1e42d0>,3,3,[1 8],4,4,7,0,4
1,<environment.Job instance at 0x7fde3a1e4500>,7,27,[4 8],8,8,35,0,8
1,<environment.Job instance at 0x7fde3a259410>,12,1,[5 5],13,21,22,8,21
1,<environment.Job instance at 0x7fde3a259190>,8,20,[ 4 13],9,35,55,26,26
1,<environment.Job instance at 0x7fde3a259b40>,24,1,[1 7],25,55,56,30,51
1,<environment.Job instance at 0x7fde3a2645a0>,28,2,[7 3],29,63,65,34,63
1,<environment.Job instance at 0x7fde3a264a00>,35,1,[3 8],36,85,86,49,85
1,<environment.Job instance at 0x7fde3a264c30>,37,2,[7 1],38,88,90,50,88
1,<environment.Job instance at 0x7fde3a264b90>,38,2,[5 5],39,88,90,49,88
1,<environment.Job instance at 0x7fde3a264eb0>,42,2,[6 4],43,104,106,61,104
1,<environment.Job instance at 0x7fde3a264a50>,43,1,[5 3],44,104,105,60,104
1,<environment.Job instance at 0x7fde3a26a1e0>,45,1,[5 1],46,117,118,71,117
1,<environment.Job instance at 0x7fde3a26a370>,47,13,[6 1],48,120,133,72,120
1,<environment.Job instance at 0x7fde3a26a410>,48,3,[6 1],49,120,123,71,120
1,<environment.Job instance at 0x7fde3a26a550>,50,1,[9 3],51,123,124,72,123
1,<environment.Job instance at 0x7fde3a26a870>,51,1,[2 5],52,124,125,72,123
1,<environment.Job instance at 0x7fde3a26ab40>,54,2,[7 3],55,130,132,75,130
1,<environment.Job instance at 0x7fde3a26ac30>,57,1,[8 1],58,149,150,91,149
1,<environment.Job instance at 0x7fde3a26ae10>,59,3,[9 5],60,155,158,95,155
1,<environment.Job instance at 0x7fde3a26afa0>,60,2,[8 4],61,158,160,97,155
1,<environment.Job instance at 0x7fde3a26af50>,61,1,[3 9],62,155,156,93,155
1,<environment.Job instance at 0x7fde3a26aa00>,62,1,[2 9],63,156,157,93,155
1,<environment.Job instance at 0x7fde3a27f2d0>,63,18,[6 1],64,157,175,93,155
1,<environment.Job instance at 0x7fde3a27f1e0>,66,21,[10  4],67,175,196,108,171
1,<environment.Job instance at 0x7fde3a27f690>,69,2,[9 5],70,196,198,126,185
1,<environment.Job instance at 0x7fde3a27f230>,70,1,[8 3],71,198,199,127,185
1,<environment.Job instance at 0x7fde3a27f8c0>,71,2,[10  3],72,199,201,127,185
1,<environment.Job instance at 0x7fde3a27f9b0>,72,3,[ 4 10],73,185,188,112,185
1,<environment.Job instance at 0x7fde3a27f820>,74,2,[7 5],75,201,203,126,185
1,<environment.Job instance at 0x7fddf6adceb0>,0,1,[9 5],1,2,3,1,2
1,<environment.Job instance at 0x7fde3a27fb40>,2,2,[7 3],3,3,5,0,3
1,<environment.Job instance at 0x7fddf6a89730>,8,3,[7 1],9,9,12,0,9
1,<environment.Job instance at 0x7fddf6a896e0>,10,3,[13  5],11,12,15,1,12
1,<environment.Job instance at 0x7fde3a6e6230>,14,1,[8 2],15,19,20,4,19
1,<environment.Job instance at 0x7fde3a6e65f0>,15,3,[14  3],16,20,23,4,19
1,<environment.Job instance at 0x7fde3a6e6050>,18,3,[ 2 10],19,26,29,7,26
1,<environment.Job instance at 0x7fde3d0baf00>,19,1,[8 3],20,26,27,6,26
1,<environment.Job instance at 0x7fde3a54d6e0>,24,1,[10  2],25,44,45,19,44
1,<environment.Job instance at 0x7fde3a54d2d0>,25,27,[1 5],26,44,71,18,44
1,<environment.Job instance at 0x7fde3a54d140>,28,1,[4 7],29,47,48,18,47
1,<environment.Job instance at 0x7fde3a54dfa0>,29,3,[13  3],30,68,71,38,68
1,<environment.Job instance at 0x7fddf66d52d0>,31,18,[7 3],32,72,90,40,72
1,<environment.Job instance at 0x7fddf66d53c0>,34,3,[5 1],35,74,77,39,74
1,<environment.Job instance at 0x7fddf66d55f0>,36,1,[10  1],37,90,91,53,78
1,<environment.Job instance at 0x7fddf6c6b320>,41,21,[8 4],42,91,112,49,91
1,<environment.Job instance at 0x7fddf6c6b410>,43,3,[6 5],44,102,105,58,102
1,<environment.Job instance at 0x7fde3a488af0>,49,1,[1 7],50,120,121,70,120
1,<environment.Job instance at 0x7fddf6ada9b0>,51,3,[4 7],52,121,124,69,121
1,<environment.Job instance at 0x7fde3a488230>,52,3,[10  5],53,121,124,68,121
1,<environment.Job instance at 0x7fddf6ada0f0>,53,2,[4 5],54,124,126,70,121
1,<environment.Job instance at 0x7fde3a3fc410>,54,20,[8 2],55,124,144,69,121
1,<environment.Job instance at 0x7fde3a3fcb90>,56,2,[4 7],57,134,136,77,134
1,<environment.Job instance at 0x7fde3a3fc780>,57,2,[ 4 10],58,136,138,78,134
1,<environment.Job instance at 0x7fde3a3fce10>,58,3,[8 2],59,144,147,85,135
1,<environment.Job instance at 0x7fde3a3fcaf0>,60,21,[10  5],61,147,168,86,139
1,<environment.Job instance at 0x7fddf6bfb910>,61,2,[5 3],62,139,141,77,139
1,<environment.Job instance at 0x7fddf6bfbdc0>,62,2,[5 5],63,141,143,78,139
1,<environment.Job instance at 0x7fddf6bfbd20>,63,19,[7 1],64,168,187,104,158
1,<environment.Job instance at 0x7fddf6bfbfa0>,65,1,[ 3 11],66,168,169,102,158
1,<environment.Job instance at 0x7fddf6bfb140>,67,2,[4 6],68,158,160,90,158
1,<environment.Job instance at 0x7fddf6bfb7d0>,68,2,[ 5 10],69,160,162,91,158
1,<environment.Job instance at 0x7fde3a2ab8c0>,76,23,[ 1 13],77,169,192,92,163
1,<environment.Job instance at 0x7fde3a2ab190>,77,2,[ 2 11],78,192,194,114,186
1,<environment.Job instance at 0x7fddf6cb1c80>,83,1,[5 5],84,194,195,110,186
1,<environment.Job instance at 0x7fddf6cb1820>,84,24,[7 3],85,192,216,107,187
1,<environment.Job instance at 0x7fddf6cb14b0>,86,21,[5 3],87,195,216,108,187
1,<environment.Job instance at 0x7fddf6cb1cd0>,87,22,[1 9],88,195,217,107,189
1,<environment.Job instance at 0x7fde3cb6c820>,5,1,[ 4 14],6,8,9,2,8
1,<environment.Job instance at 0x7fddf6af5370>,17,1,[10  4],18,18,19,0,18
1,<environment.Job instance at 0x7fddf6af5460>,19,22,[14  5],20,20,42,0,20
1,<environment.Job instance at 0x7fddf6aac780>,27,1,[10  4],28,42,43,14,32
1,<environment.Job instance at 0x7fddf6aac280>,28,22,[10  4],29,43,65,14,36
1,<environment.Job instance at 0x7fddf6aacbe0>,31,21,[5 8],32,46,67,14,46
1,<environment.Job instance at 0x7fde3a61ddc0>,37,25,[6 5],38,65,90,27,61
1,<environment.Job instance at 0x7fde3a82c140>,42,2,[5 3],43,67,69,24,65
1,<environment.Job instance at 0x7fde3a82ccd0>,45,1,[1 9],46,80,81,34,80
1,<environment.Job instance at 0x7fde3a82c960>,46,2,[1 9],47,81,83,34,80
1,<environment.Job instance at 0x7fde3a82ce60>,48,25,[5 7],49,83,108,34,83
1,<environment.Job instance at 0x7fde3a82cbe0>,50,3,[5 1],51,99,102,48,99
1,<environment.Job instance at 0x7fde3a75c870>,52,3,[6 1],53,102,105,49,100
1,<environment.Job instance at 0x7fde3a75c960>,53,2,[1 5],54,100,102,46,100
1,<environment.Job instance at 0x7fde3a75caf0>,54,3,[7 2],55,105,108,50,100
1,<environment.Job instance at 0x7fddf6a54320>,56,1,[7 2],57,108,109,51,101
1,<environment.Job instance at 0x7fddf6a54c30>,58,3,[12  5],59,109,112,50,108
1,<environment.Job instance at 0x7fddf6a54870>,59,1,[8 4],60,108,109,48,108
1,<environment.Job instance at 0x7fde419b72d0>,62,18,[5 8],63,116,134,53,116
1,<environment.Job instance at 0x7fde3a561550>,64,3,[9 3],65,128,131,63,128
1,<environment.Job instance at 0x7fde3a561eb0>,65,26,[14  3],66,134,160,68,131
1,<environment.Job instance at 0x7fde3a561410>,67,28,[6 3],68,160,188,92,159
1,<environment.Job instance at 0x7fde3a561960>,68,2,[10  3],69,188,190,119,161
1,<environment.Job instance at 0x7fde3a5618c0>,69,1,[2 6],70,161,162,91,161
1,<environment.Job instance at 0x7fde3a561730>,71,19,[3 6],72,161,180,89,161
1,<environment.Job instance at 0x7fddf6ab5f00>,76,2,[14  2],77,190,192,113,169
1,<environment.Job instance at 0x7fddf6ab50a0>,77,3,[13  2],78,192,195,114,171
1,<environment.Job instance at 0x7fddf6ab53c0>,80,1,[3 6],81,171,172,90,171
1,<environment.Job instance at 0x7fddf6ab5b40>,81,19,[3 9],82,195,214,113,185
1,<environment.Job instance at 0x7fddf6ab5780>,84,2,[9 3],85,185,187,100,185
1,<environment.Job instance at 0x7fddf694d640>,0,19,[3 8],1,2,21,1,2
1,<environment.Job instance at 0x7fddf6ab5780>,3,28,[10  5],4,4,32,0,4
1,<environment.Job instance at 0x7fddf6ab5e60>,2,22,[13  5],3,32,54,29,25
1,<environment.Job instance at 0x7fde3cac0af0>,7,27,[3 7],8,54,81,46,52
1,<environment.Job instance at 0x7fddf646d370>,1,1,[ 5 10],2,81,82,79,53
1,<environment.Job instance at 0x7fde3cac0a00>,9,1,[1 5],10,53,54,43,53
1,<environment.Job instance at 0x7fde3cac0370>,11,2,[3 9],12,82,84,70,55
1,<environment.Job instance at 0x7fde3cac0f50>,13,3,[8 3],14,55,58,41,55
1,<environment.Job instance at 0x7fde3cace0f0>,16,27,[13  1],17,84,111,67,82
1,<environment.Job instance at 0x7fde3cace910>,20,1,[5 1],21,82,83,61,82
1,<environment.Job instance at 0x7fde3caeb140>,19,2,[5 5],20,82,84,62,82
1,<environment.Job instance at 0x7fde3cae1b90>,22,2,[8 3],23,111,113,88,84
1,<environment.Job instance at 0x7fde3cae1cd0>,24,3,[4 8],25,111,114,86,85
1,<environment.Job instance at 0x7fde3cac9dc0>,25,25,[2 7],26,85,110,59,85
1,<environment.Job instance at 0x7fde3cac9500>,30,2,[10  4],31,113,115,82,102
1,<environment.Job instance at 0x7fddf67a2050>,32,2,[4 8],33,114,116,81,113
1,<environment.Job instance at 0x7fddf67a2230>,33,3,[10  2],34,115,118,81,114
1,<environment.Job instance at 0x7fddf65e90a0>,35,1,[7 1],36,118,119,82,114
1,<environment.Job instance at 0x7fddf65e9820>,36,1,[6 4],37,118,119,81,115
1,<environment.Job instance at 0x7fddf67b3cd0>,38,2,[3 8],39,119,121,80,117
1,<environment.Job instance at 0x7fddf67b34b0>,39,3,[ 1 10],40,121,124,81,117
1,<environment.Job instance at 0x7fddf67b3870>,41,1,[5 8],42,127,128,85,127
1,<environment.Job instance at 0x7fddf67b32d0>,42,2,[8 4],43,127,129,84,127
1,<environment.Job instance at 0x7fddf6a3b870>,45,1,[7 4],46,129,130,83,129
1,<environment.Job instance at 0x7fddf69668c0>,46,1,[5 9],47,129,130,82,129
1,<environment.Job instance at 0x7fddf678dc30>,47,2,[5 5],48,130,132,82,129
1,<environment.Job instance at 0x7fddf67b1410>,48,3,[9 4],49,130,133,81,130
1,<environment.Job instance at 0x7fddf6a77140>,51,26,[6 3],52,132,158,80,131
1,<environment.Job instance at 0x7fde3a9006e0>,52,12,[7 5],53,134,146,81,134
1,<environment.Job instance at 0x7fde3cb08230>,54,1,[5 7],55,146,147,91,141
1,<environment.Job instance at 0x7fde3a5049b0>,55,3,[2 5],56,141,144,85,141
1,<environment.Job instance at 0x7fde3a504dc0>,57,1,[ 5 12],58,147,148,89,147
1,<environment.Job instance at 0x7fde3a504820>,58,1,[ 2 10],59,148,149,89,147
1,<environment.Job instance at 0x7fde3a504be0>,59,3,[12  2],60,158,161,98,147
1,<environment.Job instance at 0x7fde3a504960>,61,3,[11  1],62,161,164,99,160
1,<environment.Job instance at 0x7fde3a5047d0>,63,1,[10  2],64,164,165,100,162
1,<environment.Job instance at 0x7fddf65d0aa0>,64,2,[8 5],65,165,167,100,162
1,<environment.Job instance at 0x7fddf65d0550>,65,27,[8 5],66,167,194,101,165
1,<environment.Job instance at 0x7fddf6cebe60>,66,22,[9 5],67,194,216,127,187
1,<environment.Job instance at 0x7fde3cb21320>,5,25,[10  3],6,6,31,0,6
1,<environment.Job instance at 0x7fde3cb21a00>,6,2,[12  3],7,31,33,24,19
1,<environment.Job instance at 0x7fde3a59f460>,11,1,[8 4],12,33,34,21,19
1,<environment.Job instance at 0x7fde3a4cffa0>,12,2,[ 1 10],13,19,21,6,19
1,<environment.Job instance at 0x7fde3a4cf5a0>,15,2,[5 1],16,21,23,5,21
1,<environment.Job instance at 0x7fde3ce2a370>,16,2,[4 7],17,23,25,6,21
1,<environment.Job instance at 0x7fde3a4cf9b0>,14,3,[14  3],15,34,37,19,32
1,<environment.Job instance at 0x7fde3ce2a0a0>,20,24,[7 2],21,37,61,16,32
1,<environment.Job instance at 0x7fddf6cd8f00>,22,25,[7 5],23,37,62,14,33
1,<environment.Job instance at 0x7fddf66eab90>,33,2,[5 6],34,89,91,55,89
1,<environment.Job instance at 0x7fddf66ea280>,35,3,[9 1],36,93,96,57,93
1,<environment.Job instance at 0x7fddf66ea730>,37,18,[3 7],38,100,118,62,100
1,<environment.Job instance at 0x7fddf66ea050>,38,3,[ 3 10],39,118,121,79,100
1,<environment.Job instance at 0x7fde3d0f2370>,41,3,[5 3],42,112,115,70,112
1,<environment.Job instance at 0x7fde3d0f2a00>,42,24,[2 9],43,121,145,78,116
1,<environment.Job instance at 0x7fde3d0f2d70>,43,1,[9 4],44,116,117,72,116
1,<environment.Job instance at 0x7fddf6af5870>,26,3,[12  5],27,146,149,119,146
1,<environment.Job instance at 0x7fddf6948960>,53,3,[5 5],54,149,152,95,148
1,<environment.Job instance at 0x7fddf6ab2e60>,55,1,[5 5],56,150,151,94,150
1,<environment.Job instance at 0x7fddf6ab2320>,59,20,[5 3],60,178,198,118,178
1,<environment.Job instance at 0x7fddf6ab2c80>,60,2,[7 1],61,178,180,117,178
1,<environment.Job instance at 0x7fde3a557e10>,62,1,[ 1 10],63,178,179,115,178
1,<environment.Job instance at 0x7fde3a557230>,63,2,[ 4 10],64,180,182,116,178
1,<environment.Job instance at 0x7fde3a5573c0>,65,23,[1 8],66,188,211,122,188
1,<environment.Job instance at 0x7fddf651d550>,8,27,[9 1],9,9,36,0,9
1,<environment.Job instance at 0x7fddf651dc30>,10,2,[ 4 10],11,11,13,0,11
1,<environment.Job instance at 0x7fddf651d050>,12,22,[8 5],13,36,58,23,29
1,<environment.Job instance at 0x7fddf651dfa0>,13,27,[6 5],14,29,56,15,29
1,<environment.Job instance at 0x7fddf651d5f0>,15,26,[6 1],16,56,82,40,53
1,<environment.Job instance at 0x7fddf651d910>,14,3,[5 6],15,58,61,43,53
1,<environment.Job instance at 0x7fddf651d2d0>,20,26,[4 5],21,58,84,37,55
1,<environment.Job instance at 0x7fddf651d820>,24,1,[6 1],25,82,83,57,71
1,<environment.Job instance at 0x7fde3a8bd960>,29,23,[4 6],30,89,112,59,89
1,<environment.Job instance at 0x7fde3a8bdb90>,30,1,[ 2 14],31,112,113,81,89
1,<environment.Job instance at 0x7fde3a8bd820>,31,2,[8 5],32,89,91,57,89
1,<environment.Job instance at 0x7fde3a8bd550>,32,3,[3 5],33,91,94,58,89
1,<environment.Job instance at 0x7fde3a8bd190>,33,2,[5 8],34,94,96,60,89
1,<environment.Job instance at 0x7fde3ce0ee60>,37,1,[9 1],38,118,119,80,118
1,<environment.Job instance at 0x7fde3ce0ebe0>,40,3,[8 1],41,132,135,91,132
1,<environment.Job instance at 0x7fde3ce0e190>,41,2,[1 6],42,132,134,90,132
1,<environment.Job instance at 0x7fde3ce0efa0>,46,1,[7 2],47,149,150,102,149
1,<environment.Job instance at 0x7fde3ce0eaf0>,47,25,[9 5],48,150,175,102,149
1,<environment.Job instance at 0x7fde3ce0e690>,48,2,[ 1 13],49,175,177,126,150
1,<environment.Job instance at 0x7fde3ce0e5a0>,49,2,[5 8],50,150,152,100,150
1,<environment.Job instance at 0x7fde3ce0e550>,51,1,[2 5],52,162,163,110,162
1,<environment.Job instance at 0x7fde3ce0e5f0>,52,2,[3 7],53,163,165,110,162
1,<environment.Job instance at 0x7fddf6d60230>,56,2,[6 3],57,177,179,120,177
1,<environment.Job instance at 0x7fddf66baaa0>,9,1,[5 5],10,10,11,0,10
1,<environment.Job instance at 0x7fddf66ca500>,12,1,[9 5],13,13,14,0,13
1,<environment.Job instance at 0x7fddf66b9370>,19,2,[8 3],20,29,31,9,29
1,<environment.Job instance at 0x7fddf66b9320>,20,1,[8 5],21,31,32,10,29
1,<environment.Job instance at 0x7fddf66dc5a0>,21,2,[9 5],22,32,34,10,29
1,<environment.Job instance at 0x7fddf66dcd20>,23,26,[9 5],24,35,61,11,35
1,<environment.Job instance at 0x7fddf66dc3c0>,26,3,[ 2 12],27,70,73,43,70
1,<environment.Job instance at 0x7fddf66f1c80>,29,25,[4 9],30,73,98,43,70
1,<environment.Job instance at 0x7fddf68e75a0>,35,1,[5 5],36,80,81,44,80
1,<environment.Job instance at 0x7fddf68bd7d0>,33,2,[ 3 12],34,98,100,64,97
1,<environment.Job instance at 0x7fddf66d0460>,38,2,[2 5],39,100,102,61,97
1,<environment.Job instance at 0x7fde3ca536e0>,12,1,[5 6],13,21,22,8,21
1,<environment.Job instance at 0x7fde3cc2f870>,14,3,[9 4],15,25,28,10,25
1,<environment.Job instance at 0x7fde3ccec9b0>,16,1,[ 5 14],17,33,34,16,33
1,<environment.Job instance at 0x7fddf65137d0>,19,2,[10  4],20,37,39,17,37
1,<environment.Job instance at 0x7fddf68c6140>,20,2,[10  1],21,39,41,18,38
1,<environment.Job instance at 0x7fde3cb70280>,29,1,[3 7],30,86,87,56,86
1,<environment.Job instance at 0x7fddf65aaf50>,33,22,[7 2],34,107,129,73,107
1,<environment.Job instance at 0x7fddf65aa5f0>,34,3,[9 5],35,129,132,94,107
1,<environment.Job instance at 0x7fddf65aa0f0>,36,2,[5 4],37,111,113,74,111
1,<environment.Job instance at 0x7fde3a4880a0>,39,3,[7 1],40,120,123,80,120
1,<environment.Job instance at 0x7fde3a4885a0>,40,1,[5 8],41,123,124,82,120
1,<environment.Job instance at 0x7fde3a78d6e0>,6,27,[4 9],7,7,34,0,7
1,<environment.Job instance at 0x7fde3a78d640>,10,1,[ 4 10],11,34,35,23,11
1,<environment.Job instance at 0x7fde3cdf9f50>,16,24,[8 3],17,29,53,12,29
1,<environment.Job instance at 0x7fde3cdf96e0>,21,3,[ 3 11],22,58,61,36,58
1,<environment.Job instance at 0x7fde3cdf9d70>,23,2,[2 9],24,65,67,41,65
1,<environment.Job instance at 0x7fde3cdf9550>,25,2,[1 8],26,67,69,41,65
1,<environment.Job instance at 0x7fddf6583780>,30,3,[4 6],31,92,95,61,92
1,<environment.Job instance at 0x7fddf6583eb0>,31,18,[3 7],32,98,116,66,98
1,<environment.Job instance at 0x7fddf6583910>,35,3,[8 4],36,100,103,64,100
1,<environment.Job instance at 0x7fddf6583c30>,36,1,[3 9],37,116,117,79,100
1,<environment.Job instance at 0x7fde3a488be0>,1,28,[12  4],2,2,30,0,2
1,<environment.Job instance at 0x7fde3cf5b460>,4,25,[5 5],5,30,55,25,26
1,<environment.Job instance at 0x7fddf67cf4b0>,9,3,[4 5],10,30,33,20,26
1,<environment.Job instance at 0x7fddf6774050>,12,27,[6 2],13,30,57,17,28
1,<environment.Job instance at 0x7fde3a644690>,14,26,[8 4],15,55,81,40,52
1,<environment.Job instance at 0x7fde3cf040a0>,24,23,[6 3],25,72,95,47,72
1,<environment.Job instance at 0x7fde3cf047d0>,25,22,[6 3],26,81,103,55,74
1,<environment.Job instance at 0x7fde3cf04230>,33,28,[8 5],34,95,123,61,94
1,<environment.Job instance at 0x7fde3a8bdbe0>,37,3,[3 8],38,118,121,80,118
1,<environment.Job instance at 0x7fde3a8bdc30>,39,23,[2 9],40,121,144,81,118
1,<environment.Job instance at 0x7fde3a8bd1e0>,40,2,[5 5],41,123,125,82,120
1,<environment.Job instance at 0x7fde3a4c2640>,44,3,[8 3],45,134,137,89,134
1,<environment.Job instance at 0x7fde3a4c2c30>,45,3,[9 4],46,137,140,91,134
1,<environment.Job instance at 0x7febecf725a0>,1,22,[11  3],2,2,24,0,2
1,<environment.Job instance at 0x7febecf72460>,2,22,[4 8],3,3,25,0,3
1,<environment.Job instance at 0x7febe7b6d140>,12,26,[ 1 10],13,25,51,12,22
1,<environment.Job instance at 0x7febe7b6daa0>,23,27,[1 6],24,51,78,27,49
1,<environment.Job instance at 0x7febecfa47d0>,5,2,[ 3 10],6,6,8,0,6
1,<environment.Job instance at 0x7febecfa4a50>,10,3,[12  3],11,14,17,3,14
1,<environment.Job instance at 0x7febecfa44b0>,11,2,[4 5],12,17,19,5,14
1,<environment.Job instance at 0x7febecfa4690>,12,22,[6 4],13,17,39,4,14
1,<environment.Job instance at 0x7febecebf500>,15,20,[2 6],16,16,36,0,16
1,<environment.Job instance at 0x7febe7a66b40>,17,27,[ 1 10],18,36,63,18,34
1,<environment.Job instance at 0x7feba1f40870>,8,3,[10  4],9,9,12,0,9
1,<environment.Job instance at 0x7feba1f40af0>,9,1,[10  4],10,12,13,2,10
1,<environment.Job instance at 0x7feba1f403c0>,11,26,[ 5 10],12,12,38,0,12
1,<environment.Job instance at 0x7feba1f40910>,17,1,[1 5],18,28,29,10,28
1,<environment.Job instance at 0x7feba1e93870>,19,20,[2 6],20,38,58,18,29
1,<environment.Job instance at 0x7feba1e93fa0>,21,1,[2 6],22,38,39,16,30
1,<environment.Job instance at 0x7feba1f40500>,16,3,[ 1 12],17,58,61,41,37
1,<environment.Job instance at 0x7feba1f51eb0>,0,2,[3 8],1,2,4,1,2
1,<environment.Job instance at 0x7feba1f323c0>,3,3,[1 9],4,4,7,0,4
1,<environment.Job instance at 0x7feba1f327d0>,9,2,[4 9],10,11,13,1,11
1,<environment.Job instance at 0x7feba1f32d20>,10,3,[13  3],11,18,21,7,18
1,<environment.Job instance at 0x7feba22c7960>,16,2,[8 1],17,21,23,4,18
1,<environment.Job instance at 0x7feba1f40780>,18,19,[6 4],19,21,40,2,20
1,<environment.Job instance at 0x7feba1f38c80>,24,19,[6 1],25,27,46,2,27
1,<environment.Job instance at 0x7feba1f38910>,26,2,[11  5],27,46,48,19,34
1,<environment.Job instance at 0x7feba1f38f50>,27,21,[ 3 10],28,34,55,6,34
1,<environment.Job instance at 0x7feba1f38a00>,28,3,[14  4],29,55,58,26,47
1,<environment.Job instance at 0x7feba1f38f00>,30,1,[5 8],31,58,59,27,47
1,<environment.Job instance at 0x7feba2258d20>,4,3,[9 2],5,5,8,0,5
1,<environment.Job instance at 0x7feba2519af0>,12,2,[ 1 12],13,13,15,0,13
1,<environment.Job instance at 0x7feba2519780>,8,2,[13  1],9,16,18,7,16
1,<environment.Job instance at 0x7feba2508230>,18,1,[10  5],19,19,20,0,19
1,<environment.Job instance at 0x7feba2508280>,19,1,[ 2 10],20,20,21,0,20
1,<environment.Job instance at 0x7feba2519a00>,11,3,[13  5],12,34,37,22,34
1,<environment.Job instance at 0x7feba2508640>,22,1,[ 4 13],23,37,38,14,34
1,<environment.Job instance at 0x7feba2508820>,25,1,[3 8],26,40,41,14,40
1,<environment.Job instance at 0x7feba2217550>,1,27,[4 7],2,2,29,0,2
1,<environment.Job instance at 0x7feba2508780>,2,26,[8 4],3,3,29,0,3
1,<environment.Job instance at 0x7febea0a2b40>,22,1,[5 5],23,31,32,8,31
1,<environment.Job instance at 0x7febea0a2550>,23,23,[10  1],24,31,54,7,31
1,<environment.Job instance at 0x7febea0a2e10>,24,2,[8 5],25,54,56,29,31
1,<environment.Job instance at 0x7febea0a2190>,25,1,[8 1],26,56,57,30,31
1,<environment.Job instance at 0x7febea30f690>,2,25,[6 3],3,3,28,0,3
1,<environment.Job instance at 0x7febe7ed4960>,13,20,[2 6],14,14,34,0,14
1,<environment.Job instance at 0x7febea2e7460>,21,2,[1 7],22,28,30,6,25
1,<environment.Job instance at 0x7febea198a50>,22,3,[ 3 11],23,34,37,11,32
1,<environment.Job instance at 0x7feba1e06320>,27,1,[9 3],28,42,43,14,42
1,<environment.Job instance at 0x7febe7a5bd20>,10,27,[ 5 10],11,11,38,0,11
1,<environment.Job instance at 0x7febe7a88500>,16,25,[ 5 10],17,38,63,21,34
1,<environment.Job instance at 0x7feba24b67d0>,19,2,[8 2],20,34,36,14,34
1,<environment.Job instance at 0x7feba24b6370>,21,1,[ 4 10],22,63,64,41,35
1,<environment.Job instance at 0x7feba24b6230>,23,2,[5 7],24,64,66,40,37
1,<environment.Job instance at 0x7feba24b6910>,24,1,[3 8],25,64,65,39,37
1,<environment.Job instance at 0x7feba24b6af0>,22,3,[10  4],23,38,41,15,38
1,<environment.Job instance at 0x7feba24b6550>,27,1,[5 5],28,41,42,13,38
1,<environment.Job instance at 0x7feba24b03c0>,2,19,[8 2],3,3,22,0,3
1,<environment.Job instance at 0x7febecebdbe0>,5,3,[2 5],6,8,11,2,8
1,<environment.Job instance at 0x7febecebdb90>,7,2,[12  2],8,22,24,14,9
1,<environment.Job instance at 0x7febecebdfa0>,3,2,[ 2 14],4,24,26,20,24
1,<environment.Job instance at 0x7febecebdaa0>,6,2,[11  3],7,26,28,19,24
1,<environment.Job instance at 0x7febecebd7d0>,11,3,[7 3],12,28,31,16,25
1,<environment.Job instance at 0x7feba1db1b40>,12,2,[12  5],13,31,33,18,27
1,<environment.Job instance at 0x7feba1db1410>,13,1,[1 7],14,27,28,13,27
1,<environment.Job instance at 0x7feba1db1fa0>,14,1,[14  4],15,33,34,18,28
1,<environment.Job instance at 0x7feba1f33280>,16,3,[8 1],17,28,31,11,28
1,<environment.Job instance at 0x7feba1f33cd0>,17,2,[6 4],18,34,36,16,28
1,<environment.Job instance at 0x7febe7b5c7d0>,2,3,[ 4 10],3,7,10,4,7
1,<environment.Job instance at 0x7febe7e66870>,7,19,[14  4],8,10,29,2,10
1,<environment.Job instance at 0x7febea37b280>,11,3,[9 2],12,29,32,17,12
1,<environment.Job instance at 0x7febea37b5a0>,13,2,[9 1],14,32,34,18,14
1,<environment.Job instance at 0x7febea7e8410>,14,2,[1 8],15,15,17,0,15
1,<environment.Job instance at 0x7feba2523280>,16,25,[3 8],17,29,54,12,25
1,<environment.Job instance at 0x7feba2523140>,19,27,[9 3],20,34,61,14,32
1,<environment.Job instance at 0x7febea1f5a00>,22,24,[ 3 10],23,54,78,31,49
1,<environment.Job instance at 0x7feba208d9b0>,5,21,[2 5],6,6,27,0,6
1,<environment.Job instance at 0x7febea193230>,13,27,[1 8],14,14,41,0,14
1,<environment.Job instance at 0x7feba20d8c30>,12,1,[2 9],13,41,42,28,14
1,<environment.Job instance at 0x7feba20d8a50>,14,1,[5 8],15,42,43,27,16
1,<environment.Job instance at 0x7feba1d8ab40>,22,3,[ 1 10],23,43,46,20,31
1,<environment.Job instance at 0x7feba20740a0>,0,1,[6 3],1,1,2,0,1
1,<environment.Job instance at 0x7feba1c51aa0>,1,22,[ 1 10],2,2,24,0,2
1,<environment.Job instance at 0x7febe7b0ac80>,8,20,[6 2],9,9,29,0,9
1,<environment.Job instance at 0x7febe7b01e10>,23,2,[10  5],24,47,49,23,47
1,<environment.Job instance at 0x7febea1a0050>,3,1,[6 2],4,4,5,0,4
1,<environment.Job instance at 0x7febe7b01dc0>,4,2,[4 6],5,6,8,1,6
1,<environment.Job instance at 0x7febe7a1bc30>,11,1,[10  4],12,12,13,0,12
1,<environment.Job instance at 0x7febea362870>,16,23,[7 4],17,17,40,0,17
1,<environment.Job instance at 0x7feba21c9eb0>,17,1,[9 4],18,40,41,22,19
1,<environment.Job instance at 0x7febea1a0820>,7,3,[ 1 12],8,41,44,33,30
1,<environment.Job instance at 0x7feba21c9370>,23,20,[5 4],24,44,64,20,36
1,<environment.Job instance at 0x7feba21c9a50>,24,2,[10  3],25,41,43,16,36
1,<environment.Job instance at 0x7feba24904b0>,26,2,[3 9],27,36,38,9,36
1,<environment.Job instance at 0x7febe798c320>,1,19,[10  1],2,2,21,0,2
1,<environment.Job instance at 0x7feba1e14960>,6,25,[ 5 10],7,7,32,0,7
1,<environment.Job instance at 0x7feba1d5c230>,16,1,[2 6],17,32,33,15,19
1,<environment.Job instance at 0x7feba2392cd0>,25,16,[5 3],26,44,60,18,44
1,<environment.Job instance at 0x7feba2392820>,26,2,[13  5],27,60,62,33,44
1,<environment.Job instance at 0x7feba23920f0>,27,1,[9 5],28,44,45,16,44
1,<environment.Job instance at 0x7feba2274eb0>,0,1,[5 9],1,1,2,0,1
1,<environment.Job instance at 0x7febe7f6ae10>,8,1,[8 4],9,9,10,0,9
1,<environment.Job instance at 0x7febe7f6ac80>,10,2,[4 9],11,14,16,3,14
1,<environment.Job instance at 0x7febe7f84320>,14,1,[1 9],15,16,17,1,15
1,<environment.Job instance at 0x7febe7f84780>,17,3,[6 4],18,22,25,4,22
1,<environment.Job instance at 0x7febe7f845f0>,20,28,[5 6],21,40,68,19,40
1,<environment.Job instance at 0x7febe7f84960>,21,2,[2 6],22,40,42,18,40
1,<environment.Job instance at 0x7febe7f84af0>,22,3,[9 1],23,42,45,19,42
1,<environment.Job instance at 0x7febe80193c0>,7,2,[ 4 14],8,10,12,2,10
1,<environment.Job instance at 0x7febe8019410>,10,1,[5 4],11,12,13,1,11
1,<environment.Job instance at 0x7febe8019b40>,12,1,[2 7],13,13,14,0,13
1,<environment.Job instance at 0x7febe7c7b460>,14,2,[ 1 12],15,15,17,0,15
1,<environment.Job instance at 0x7feba2445f00>,17,2,[6 4],18,18,20,0,18
1,<environment.Job instance at 0x7feba2445c80>,20,25,[2 8],21,21,46,0,21
1,<environment.Job instance at 0x7febea49caf0>,0,2,[2 7],1,4,6,3,4
1,<environment.Job instance at 0x7feba219fcd0>,6,1,[5 7],7,7,8,0,7
1,<environment.Job instance at 0x7feba219fbe0>,8,2,[7 3],9,9,11,0,9
1,<environment.Job instance at 0x7feba219f8c0>,9,1,[5 6],10,10,11,0,10
1,<environment.Job instance at 0x7febea4cc410>,16,2,[7 3],17,27,29,10,27
1,<environment.Job instance at 0x7feba21a1460>,17,25,[9 4],18,29,54,11,27
1,<environment.Job instance at 0x7febe7b72460>,21,3,[ 4 12],22,54,57,32,35
1,<environment.Job instance at 0x7febe79983c0>,24,1,[8 1],25,54,55,29,48
1,<environment.Job instance at 0x7febea16f320>,5,3,[11  2],6,14,17,8,14
1,<environment.Job instance at 0x7feba1d4b320>,12,23,[7 1],13,20,43,7,20
1,<environment.Job instance at 0x7feba1d66c30>,13,2,[2 8],14,20,22,6,20
1,<environment.Job instance at 0x7febe79f6230>,15,3,[13  2],16,43,46,27,23
1,<environment.Job instance at 0x7feba23a63c0>,16,1,[9 4],17,46,47,29,23
1,<environment.Job instance at 0x7feba2379f50>,17,3,[3 8],18,24,27,6,24
1,<environment.Job instance at 0x7febe79f6050>,18,1,[13  4],19,47,48,28,24
1,<environment.Job instance at 0x7febea46fc30>,0,1,[8 1],1,1,2,0,1
1,<environment.Job instance at 0x7febea46f410>,4,22,[9 5],5,5,27,0,5
1,<environment.Job instance at 0x7febea46faa0>,5,3,[ 1 14],6,27,30,21,22
1,<environment.Job instance at 0x7febe7d65500>,17,2,[3 7],18,39,41,21,39
1,<environment.Job instance at 0x7febe7d65f00>,18,12,[10  1],19,42,54,23,42
1,<environment.Job instance at 0x7febe7d65e60>,19,21,[1 7],20,42,63,22,42
1,<environment.Job instance at 0x7febea12ff50>,0,1,[4 5],1,2,3,1,2
1,<environment.Job instance at 0x7febe7d653c0>,2,1,[6 3],3,3,4,0,3
1,<environment.Job instance at 0x7febe7d65e60>,4,1,[5 4],5,5,6,0,5
1,<environment.Job instance at 0x7feba1f32c80>,8,19,[7 1],9,9,28,0,9
1,<environment.Job instance at 0x7feba1ef85a0>,15,2,[10  5],16,28,30,12,16
1,<environment.Job instance at 0x7feba1ef8c30>,16,1,[2 5],17,17,18,0,17
1,<environment.Job instance at 0x7febea69f5a0>,20,27,[7 4],21,30,57,9,28
1,<environment.Job instance at 0x7febea41d7d0>,25,2,[ 1 12],26,57,59,31,36
1,<environment.Job instance at 0x7f2be3a615a0>,1,22,[11  3],2,2,24,0,2
1,<environment.Job instance at 0x7f2be3a61460>,2,22,[4 8],3,3,25,0,3
1,<environment.Job instance at 0x7f2bdc653c30>,12,26,[ 1 10],13,25,51,12,22
1,<environment.Job instance at 0x7f2bdc6577d0>,20,1,[7 5],21,33,34,12,33
1,<environment.Job instance at 0x7f2bdc657870>,21,1,[6 5],22,34,35,12,33
1,<environment.Job instance at 0x7f2bdc657b90>,22,1,[2 7],23,51,52,28,33
1,<environment.Job instance at 0x7f2bdc657d70>,23,27,[1 6],24,51,78,27,49
1,<environment.Job instance at 0x7f2bdc657e10>,28,23,[10  4],29,54,77,25,54
1,<environment.Job instance at 0x7f2be3bd7fa0>,2,22,[6 4],3,3,25,0,3
1,<environment.Job instance at 0x7f2be3bd7280>,5,20,[2 6],6,6,26,0,6
1,<environment.Job instance at 0x7f2be3bd58c0>,7,27,[ 1 10],8,26,53,18,24
1,<environment.Job instance at 0x7f2be3bdde10>,16,19,[4 8],17,53,72,36,43
1,<environment.Job instance at 0x7f2b98926af0>,0,2,[7 2],1,1,3,0,1
1,<environment.Job instance at 0x7f2be3bde820>,1,1,[2 6],2,2,3,0,2
1,<environment.Job instance at 0x7f2b98926f00>,5,21,[4 5],6,6,27,0,6
1,<environment.Job instance at 0x7f2b98926e60>,7,22,[4 5],8,8,30,0,8
1,<environment.Job instance at 0x7f2b98a4d4b0>,17,20,[9 2],18,27,47,9,18
1,<environment.Job instance at 0x7f2b98a1e870>,8,23,[ 2 14],9,47,70,38,41
1,<environment.Job instance at 0x7f2b989d3960>,0,1,[5 8],1,2,3,1,2
1,<environment.Job instance at 0x7f2b989d33c0>,5,2,[5 2],6,6,8,0,6
1,<environment.Job instance at 0x7f2b989d3460>,8,21,[9 4],9,9,30,0,9
1,<environment.Job instance at 0x7f2b988f0f50>,24,3,[9 2],25,44,47,19,44
1,<environment.Job instance at 0x7f2b98a2d500>,26,3,[2 8],27,46,49,19,46
1,<environment.Job instance at 0x7f2b98946190>,28,2,[13  1],29,47,49,18,46
1,<environment.Job instance at 0x7f2b98946cd0>,29,2,[10  4],30,49,51,19,46
1,<environment.Job instance at 0x7f2b98946e10>,31,3,[13  5],32,51,54,19,51
1,<environment.Job instance at 0x7f2b98946b40>,32,2,[ 1 12],33,54,56,21,51
1,<environment.Job instance at 0x7f2b98946690>,33,2,[5 6],34,56,58,22,51
1,<environment.Job instance at 0x7f2b989464b0>,35,2,[5 5],36,56,58,20,55
1,<environment.Job instance at 0x7f2b98946d20>,38,1,[10  5],39,58,59,19,56
1,<environment.Job instance at 0x7f2b98946eb0>,39,1,[ 2 10],40,58,59,18,56
1,<environment.Job instance at 0x7f2b98e215f0>,0,24,[ 1 10],1,1,25,0,1
1,<environment.Job instance at 0x7f2b98e215a0>,3,24,[7 4],4,4,28,0,4
1,<environment.Job instance at 0x7f2b98ff3d70>,12,26,[8 4],13,25,51,12,22
1,<environment.Job instance at 0x7f2b99006050>,11,27,[4 7],12,28,55,16,26
1,<environment.Job instance at 0x7f2b99006780>,20,25,[ 3 10],21,55,80,34,51
1,<environment.Job instance at 0x7f2b98ff2280>,32,1,[5 5],33,59,60,26,59
1,<environment.Job instance at 0x7f2b98ff2320>,33,23,[10  1],34,60,83,26,59
1,<environment.Job instance at 0x7f2b98ff24b0>,2,25,[6 3],3,3,28,0,3
1,<environment.Job instance at 0x7f2bdf3783c0>,10,1,[ 1 10],11,11,12,0,11
1,<environment.Job instance at 0x7f2bdf20e280>,12,1,[5 9],13,13,14,0,13
1,<environment.Job instance at 0x7f2bdca7a500>,13,20,[2 6],14,14,34,0,14
1,<environment.Job instance at 0x7f2bdca7a5f0>,17,1,[8 5],18,28,29,10,24
1,<environment.Job instance at 0x7f2bdede6e60>,18,2,[2 6],19,24,26,5,24
1,<environment.Job instance at 0x7f2bdede66e0>,21,2,[1 7],22,30,32,8,30
1,<environment.Job instance at 0x7f2bdc9ec1e0>,22,3,[ 3 11],23,35,38,12,35
1,<environment.Job instance at 0x7f2bdc9ecaa0>,27,1,[9 3],28,40,41,12,40
1,<environment.Job instance at 0x7f2bdc9ecaf0>,30,24,[2 8],31,52,76,21,52
1,<environment.Job instance at 0x7f2bdc9eccd0>,31,24,[9 1],32,52,76,20,52
1,<environment.Job instance at 0x7f2b98a0f7d0>,0,27,[ 5 10],1,1,28,0,1
1,<environment.Job instance at 0x7f2bdf15f320>,6,25,[ 5 10],7,28,53,21,24
1,<environment.Job instance at 0x7f2b98c1f870>,31,3,[9 4],32,54,57,22,54
1,<environment.Job instance at 0x7f2bdc589780>,32,1,[7 4],33,57,58,24,54
1,<environment.Job instance at 0x7f2bdc589320>,33,2,[9 2],34,58,60,24,54
1,<environment.Job instance at 0x7f2bdc589a50>,35,2,[ 4 11],36,58,60,22,58
1,<environment.Job instance at 0x7f2b98b6e320>,12,1,[ 5 10],13,13,14,0,13
1,<environment.Job instance at 0x7f2b9881a910>,13,1,[ 5 12],14,14,15,0,14
1,<environment.Job instance at 0x7f2b98b6ec80>,14,21,[7 2],15,15,36,0,15
1,<environment.Job instance at 0x7f2b98c32690>,24,3,[14  4],25,42,45,17,42
1,<environment.Job instance at 0x7f2b98c32410>,25,2,[5 5],26,45,47,19,42
1,<environment.Job instance at 0x7f2b98b92190>,26,2,[13  4],27,47,49,20,42
1,<environment.Job instance at 0x7f2b98b92050>,27,3,[3 5],28,49,52,21,42
1,<environment.Job instance at 0x7f2b98b989b0>,29,27,[1 5],30,45,72,15,45
1,<environment.Job instance at 0x7f2b98b98550>,30,1,[5 1],31,45,46,14,45
1,<environment.Job instance at 0x7f2b98b98e10>,31,3,[9 3],32,49,52,17,45
1,<environment.Job instance at 0x7f2b98b98d70>,32,3,[ 4 10],33,52,55,19,46
1,<environment.Job instance at 0x7f2b98b98690>,34,3,[6 1],35,55,58,20,46
1,<environment.Job instance at 0x7f2bdc45d140>,0,19,[6 3],1,4,23,3,4
1,<environment.Job instance at 0x7f2be3956460>,15,2,[14  5],16,23,25,7,18
1,<environment.Job instance at 0x7f2bdec48870>,20,1,[6 3],21,29,30,8,29
1,<environment.Job instance at 0x7f2bdec48f00>,25,21,[2 5],26,47,68,21,47
1,<environment.Job instance at 0x7f2bdec48b90>,26,1,[7 2],27,47,48,20,47
1,<environment.Job instance at 0x7f2bdec48780>,27,2,[2 6],28,47,49,19,47
1,<environment.Job instance at 0x7f2bdc850730>,7,3,[7 1],8,9,12,1,9
1,<environment.Job instance at 0x7f2bdca42a00>,9,27,[ 5 10],10,10,37,0,10
1,<environment.Job instance at 0x7f2bdca42d20>,11,22,[ 1 10],12,37,59,25,30
1,<environment.Job instance at 0x7f2bdf17adc0>,18,20,[6 2],19,38,58,19,38
1,<environment.Job instance at 0x7f2b98729c30>,3,1,[6 2],4,4,5,0,4
1,<environment.Job instance at 0x7f2bdf17a500>,4,2,[4 6],5,6,8,1,6
1,<environment.Job instance at 0x7f2b98d6deb0>,7,3,[ 1 12],8,8,11,0,8
1,<environment.Job instance at 0x7f2b98ee4050>,16,23,[7 4],17,17,40,0,17
1,<environment.Job instance at 0x7f2bdee55780>,23,20,[5 4],24,28,48,4,28
1,<environment.Job instance at 0x7f2bded4d370>,31,2,[5 1],32,46,48,14,46
1,<environment.Job instance at 0x7f2bded4d5f0>,33,1,[7 2],34,50,51,16,50
1,<environment.Job instance at 0x7f2b98ff6e60>,1,1,[4 6],2,4,5,2,4
1,<environment.Job instance at 0x7f2bded4d910>,4,2,[ 2 10],5,5,7,0,5
1,<environment.Job instance at 0x7f2bdec5c230>,5,1,[9 5],6,6,7,0,6
1,<environment.Job instance at 0x7f2bdec5c370>,6,1,[2 6],7,7,8,0,7
1,<environment.Job instance at 0x7f2bdec5cc30>,16,2,[13  5],17,33,35,16,33
1,<environment.Job instance at 0x7f2bdec5ccd0>,17,1,[9 5],18,35,36,17,33
1,<environment.Job instance at 0x7f2bdec5cfa0>,20,26,[6 3],21,37,63,16,37
1,<environment.Job instance at 0x7f2bdec62050>,23,2,[6 3],24,52,54,28,52
1,<environment.Job instance at 0x7f2bdec62280>,24,1,[9 4],25,54,55,29,52
1,<environment.Job instance at 0x7f2bdec62230>,25,23,[7 1],26,55,78,29,52
1,<environment.Job instance at 0x7f2bdec621e0>,26,1,[4 9],27,63,64,36,52
1,<environment.Job instance at 0x7f2bdec62370>,28,2,[8 5],29,64,66,35,52
1,<environment.Job instance at 0x7f2bdec624b0>,30,3,[2 7],31,55,58,24,53
1,<environment.Job instance at 0x7f2bdec5ca00>,0,28,[5 6],1,1,29,0,1
1,<environment.Job instance at 0x7f2bdc535050>,5,23,[5 3],6,6,29,0,6
1,<environment.Job instance at 0x7f2bdc535aa0>,3,28,[ 1 11],4,29,57,25,28
1,<environment.Job instance at 0x7f2b98ed7820>,0,1,[4 8],1,2,3,1,2
1,<environment.Job instance at 0x7f2b98ed7eb0>,8,1,[ 3 12],9,10,11,1,10
1,<environment.Job instance at 0x7f2b98ed7730>,14,20,[9 5],15,15,35,0,15
1,<environment.Job instance at 0x7f2bdc4d10f0>,18,2,[8 5],19,43,45,24,43
1,<environment.Job instance at 0x7f2bdc4d1be0>,20,2,[2 7],21,43,45,22,43
1,<environment.Job instance at 0x7f2b98c53c30>,21,1,[10  4],22,45,46,23,43
1,<environment.Job instance at 0x7f2b98c53c80>,22,3,[3 8],23,45,48,22,43
1,<environment.Job instance at 0x7f2b98ebee60>,5,23,[8 2],6,6,29,0,6
1,<environment.Job instance at 0x7f2bdefaf320>,7,1,[8 3],8,29,30,21,8
1,<environment.Job instance at 0x7f2bdefafa00>,14,3,[8 2],15,30,33,15,17
1,<environment.Job instance at 0x7f2bdefafa50>,16,3,[8 5],17,33,36,16,24
1,<environment.Job instance at 0x7f2bdefaf910>,15,3,[11  2],16,36,39,20,27
1,<environment.Job instance at 0x7f2bdefaffa0>,22,23,[7 1],23,50,73,27,50
1,<environment.Job instance at 0x7f2bdefaff50>,23,2,[2 8],24,50,52,26,50
1,<environment.Job instance at 0x7f2bdefaff50>,4,22,[9 5],5,5,27,0,5
1,<environment.Job instance at 0x7f2bdc444730>,5,3,[ 1 14],6,29,32,23,29
1,<environment.Job instance at 0x7f2bdc444f00>,17,2,[3 7],18,42,44,24,42
1,<environment.Job instance at 0x7f2bdc4440a0>,18,12,[10  1],19,44,56,25,44
1,<environment.Job instance at 0x7f2b98c05f50>,19,21,[1 7],20,44,65,24,44
1,<environment.Job instance at 0x7f2b98c05d20>,21,2,[5 5],22,57,59,35,57
1,<environment.Job instance at 0x7f2b98743910>,10,27,[7 4],11,11,38,0,11
1,<environment.Job instance at 0x7f2b987431e0>,15,2,[ 1 12],16,38,40,22,31
1,<environment.Job instance at 0x7f2b98c00fa0>,20,25,[ 1 14],21,45,70,24,45
1,<environment.Job instance at 0x7f2b98c00af0>,2,19,[8 3],3,3,22,0,3
1,<environment.Job instance at 0x7f2b98915c30>,6,23,[5 5],7,7,30,0,7
1,<environment.Job instance at 0x7f2b988170a0>,9,25,[7 3],10,22,47,12,18
1,<environment.Job instance at 0x7f2bdca8f780>,10,1,[12  5],11,47,48,36,28
1,<environment.Job instance at 0x7f2b98ae70f0>,19,3,[7 1],20,31,34,11,31
1,<environment.Job instance at 0x7f2b98ade690>,20,2,[8 5],21,34,36,13,31
1,<environment.Job instance at 0x7f2b98ae7410>,21,3,[ 3 11],22,36,39,14,31
1,<environment.Job instance at 0x7f2b98ae7d70>,26,1,[ 3 10],27,46,47,19,46
1,<environment.Job instance at 0x7f2b98ae7230>,29,2,[3 7],30,57,59,27,57
1,<environment.Job instance at 0x7f2b98ae7b90>,31,1,[4 7],32,59,60,27,59
1,<environment.Job instance at 0x7f2b98af5960>,32,19,[6 2],33,59,78,26,59
1,<environment.Job instance at 0x7f2b98af5f00>,33,3,[1 8],34,60,63,26,59
1,<environment.Job instance at 0x7f2b98af56e0>,34,1,[1 7],35,63,64,28,59
1,<environment.Job instance at 0x7f2bdc4f8d70>,3,1,[5 5],4,4,5,0,4
1,<environment.Job instance at 0x7f2bdc4f8e60>,4,22,[5 8],5,5,27,0,5
1,<environment.Job instance at 0x7f2bdf111eb0>,12,1,[10  2],13,13,14,0,13
1,<environment.Job instance at 0x7f2bdf158370>,13,1,[2 9],14,27,28,13,14
1,<environment.Job instance at 0x7f2bded94190>,14,1,[10  4],15,15,16,0,15
1,<environment.Job instance at 0x7f2bded94320>,16,1,[1 8],17,28,29,11,17
1,<environment.Job instance at 0x7f2bded940a0>,17,3,[4 5],18,18,21,0,18
1,<environment.Job instance at 0x7f2b98840b90>,20,2,[ 4 14],21,29,31,8,22
1,<environment.Job instance at 0x7f2b98840870>,22,2,[1 5],23,23,25,0,23
1,<environment.Job instance at 0x7f2bdc456730>,25,3,[10  2],26,26,29,0,26
1,<environment.Job instance at 0x7f2bdc456e60>,27,2,[9 1],28,37,39,9,37
1,<environment.Job instance at 0x7f2bdc456320>,28,2,[ 2 10],29,37,39,8,37
1,<environment.Job instance at 0x7f2bdc4561e0>,32,1,[3 9],33,55,56,22,55
1,<environment.Job instance at 0x7f2b98840d20>,19,18,[1 9],20,56,74,36,56
1,<environment.Job instance at 0x7f2be3bd0820>,35,1,[5 6],36,56,57,20,56
1,<environment.Job instance at 0x7f2b98d92fa0>,10,25,[9 4],11,11,36,0,11
1,<environment.Job instance at 0x7f2bdc72ab40>,14,28,[ 5 10],15,15,43,0,15
1,<environment.Job instance at 0x7f2b98d925a0>,17,27,[2 9],18,43,70,25,41
1,<environment.Job instance at 0x7fa1e7a762d0>,1,22,[11  3],2,2,24,0,2
1,<environment.Job instance at 0x7fa1e7a76050>,2,22,[4 8],3,3,25,0,3
1,<environment.Job instance at 0x7fa1e06668c0>,12,26,[ 1 10],13,25,51,12,22
1,<environment.Job instance at 0x7fa1e0666eb0>,18,3,[4 7],19,51,54,32,25
1,<environment.Job instance at 0x7fa1e0666f00>,20,1,[7 5],21,25,26,4,25
1,<environment.Job instance at 0x7fa1e0666b90>,21,1,[6 5],22,26,27,4,25
1,<environment.Job instance at 0x7fa1e06672d0>,22,1,[2 7],23,51,52,28,25
1,<environment.Job instance at 0x7fa1e0667460>,23,27,[1 6],24,52,79,28,50
1,<environment.Job instance at 0x7fa1e0667aa0>,28,23,[10  4],29,54,77,25,53
1,<environment.Job instance at 0x7fa1e7a9e7d0>,6,19,[4 8],7,7,26,0,7
1,<environment.Job instance at 0x7fa1e7be4550>,13,20,[7 1],14,15,35,1,15
1,<environment.Job instance at 0x7fa1e7bdcbe0>,17,3,[10  5],18,35,38,17,32
1,<environment.Job instance at 0x7fa1e7bdcaf0>,18,2,[7 4],19,32,34,13,32
1,<environment.Job instance at 0x7fa1e7a9f0f0>,21,3,[1 8],22,33,36,11,33
1,<environment.Job instance at 0x7fa1e7a9f870>,22,20,[1 5],23,36,56,13,33
1,<environment.Job instance at 0x7fa1e7a9f780>,23,2,[6 1],24,38,40,14,33
1,<environment.Job instance at 0x7fa1e7a9f690>,26,2,[1 8],27,48,50,21,48
1,<environment.Job instance at 0x7fa1e7a9f910>,27,2,[ 5 11],28,56,58,28,48
1,<environment.Job instance at 0x7fa1e7a9f4b0>,28,2,[5 2],29,48,50,19,48
1,<environment.Job instance at 0x7fa19c9880a0>,7,1,[ 1 14],8,8,9,0,8
1,<environment.Job instance at 0x7fa19c988280>,8,1,[4 6],9,9,10,0,9
1,<environment.Job instance at 0x7fa19c988b90>,10,2,[3 8],11,12,14,1,12
1,<environment.Job instance at 0x7fa19c9a46e0>,13,3,[1 9],14,18,21,4,18
1,<environment.Job instance at 0x7fa19c98d7d0>,19,2,[4 9],20,29,31,9,29
1,<environment.Job instance at 0x7fa19c988690>,5,3,[ 4 13],6,31,34,25,29
1,<environment.Job instance at 0x7fa19c98d050>,22,3,[3 7],23,37,40,14,37
1,<environment.Job instance at 0x7fa19c98d8c0>,26,2,[8 1],27,46,48,19,46
1,<environment.Job instance at 0x7fa19c98deb0>,28,19,[6 4],29,46,65,17,46
1,<environment.Job instance at 0x7fa19c98d0f0>,32,1,[6 4],33,50,51,17,50
1,<environment.Job instance at 0x7fa19c968e60>,3,2,[5 6],4,4,6,0,4
1,<environment.Job instance at 0x7fa19ca6bcd0>,2,2,[ 1 12],3,8,10,5,8
1,<environment.Job instance at 0x7fa19c968640>,7,3,[1 5],8,10,13,2,9
1,<environment.Job instance at 0x7fa19c98d0f0>,5,2,[5 5],6,10,12,4,9
1,<environment.Job instance at 0x7fa19c968690>,9,1,[ 2 10],10,12,13,2,11
1,<environment.Job instance at 0x7fa19ca6bd70>,1,3,[13  5],2,13,16,11,12
1,<environment.Job instance at 0x7fa19c968460>,12,1,[ 4 13],13,16,17,3,13
1,<environment.Job instance at 0x7fa19c8bb2d0>,15,1,[3 8],16,17,18,1,16
1,<environment.Job instance at 0x7fa19c8bb050>,21,1,[8 3],22,29,30,7,29
1,<environment.Job instance at 0x7fa19c8bb690>,22,20,[1 7],23,29,49,6,29
1,<environment.Job instance at 0x7fa19c8bb7d0>,23,1,[ 4 10],24,49,50,25,29
1,<environment.Job instance at 0x7fa19c8bb820>,24,3,[4 7],25,30,33,5,29
1,<environment.Job instance at 0x7fa19c8bb8c0>,25,1,[10  1],26,30,31,4,29
1,<environment.Job instance at 0x7fa19c8bb460>,26,19,[2 7],27,50,69,23,40
1,<environment.Job instance at 0x7fa19ca3c500>,30,24,[ 1 10],31,69,93,38,64
1,<environment.Job instance at 0x7fa19ca3c550>,33,24,[7 4],34,64,88,30,64
1,<environment.Job instance at 0x7fa19cf94d70>,0,2,[ 5 10],1,2,4,1,2
1,<environment.Job instance at 0x7fa19c8bbdc0>,2,2,[2 6],3,4,6,1,3
1,<environment.Job instance at 0x7fa19cf94aa0>,3,2,[7 3],4,4,6,0,4
1,<environment.Job instance at 0x7fa19cd5c500>,9,28,[5 3],10,10,38,0,10
1,<environment.Job instance at 0x7fa19cd5c730>,11,2,[1 5],12,12,14,0,12
1,<environment.Job instance at 0x7fa19cd5c960>,14,2,[7 4],15,15,17,0,15
1,<environment.Job instance at 0x7fa19cd58320>,22,25,[6 3],23,30,55,7,30
1,<environment.Job instance at 0x7fa19cd585a0>,26,2,[5 5],27,46,48,19,46
1,<environment.Job instance at 0x7fa1e3256730>,10,27,[ 5 10],11,11,38,0,11
1,<environment.Job instance at 0x7fa1e2bd2190>,16,25,[ 5 10],17,38,63,21,34
1,<environment.Job instance at 0x7fa1e2daae60>,34,1,[7 4],35,59,60,24,59
1,<environment.Job instance at 0x7fa19ce8eaf0>,14,21,[7 2],15,15,36,0,15
1,<environment.Job instance at 0x7fa1e2deab90>,13,1,[ 5 12],14,16,17,2,16
1,<environment.Job instance at 0x7fa1e0584b40>,16,3,[ 3 10],17,17,20,0,17
1,<environment.Job instance at 0x7fa19cfacf00>,24,3,[14  4],25,40,43,15,40
1,<environment.Job instance at 0x7fa1e0818e10>,25,2,[5 5],26,43,45,17,40
1,<environment.Job instance at 0x7fa19cfac3c0>,26,2,[13  4],27,45,47,18,40
1,<environment.Job instance at 0x7fa1e0818960>,27,3,[3 5],28,47,50,19,40
1,<environment.Job instance at 0x7fa1e059f7d0>,29,27,[1 5],30,52,79,22,52
1,<environment.Job instance at 0x7fa1e059f910>,30,1,[5 1],31,52,53,21,52
1,<environment.Job instance at 0x7fa1e059faa0>,31,3,[9 3],32,52,55,20,52
1,<environment.Job instance at 0x7fa1e059f3c0>,32,3,[ 4 10],33,55,58,22,52
1,<environment.Job instance at 0x7fa1e059f5f0>,34,3,[6 1],35,58,61,23,54
1,<environment.Job instance at 0x7fa1e06419b0>,0,19,[1 5],1,3,22,2,3
1,<environment.Job instance at 0x7fa19d012780>,5,2,[14  5],6,20,22,14,20
1,<environment.Job instance at 0x7fa19d012e60>,15,21,[2 5],16,22,43,6,20
1,<environment.Job instance at 0x7fa19d00c410>,19,19,[9 1],20,26,45,6,26
1,<environment.Job instance at 0x7fa19d00c780>,23,27,[1 8],24,30,57,6,30
1,<environment.Job instance at 0x7fa19d00cc80>,27,2,[2 8],28,57,59,29,45
1,<environment.Job instance at 0x7fa1e0a27aa0>,1,18,[2 9],2,59,77,57,49
1,<environment.Job instance at 0x7fa19d0001e0>,30,3,[1 7],31,49,52,18,49
1,<environment.Job instance at 0x7fa19c950af0>,13,2,[10  5],14,25,27,11,25
1,<environment.Job instance at 0x7fa1e0750fa0>,18,21,[5 8],19,38,59,19,38
1,<environment.Job instance at 0x7fa19c90f870>,21,28,[2 8],22,59,87,37,58
1,<environment.Job instance at 0x7fa1e07f1a00>,23,27,[9 3],24,65,92,41,65
1,<environment.Job instance at 0x7fa1e07acf50>,5,20,[4 7],6,6,26,0,6
1,<environment.Job instance at 0x7fa1e0a41460>,6,21,[6 5],7,7,28,0,7
1,<environment.Job instance at 0x7fa19ce446e0>,11,27,[5 1],12,12,39,0,12
1,<environment.Job instance at 0x7fa19c8b07d0>,12,21,[1 6],13,26,47,13,18
1,<environment.Job instance at 0x7fa1e053c460>,16,25,[8 3],17,28,53,11,24
1,<environment.Job instance at 0x7fa19cf53d70>,21,19,[10  1],22,53,72,31,43
1,<environment.Job instance at 0x7fa1e30215f0>,22,2,[5 8],23,47,49,24,43
1,<environment.Job instance at 0x7fa19cd89b90>,26,25,[ 5 10],27,49,74,22,45
1,<environment.Job instance at 0x7fa1e0464140>,27,1,[3 6],28,45,46,17,45
1,<environment.Job instance at 0x7fa19cc26780>,30,1,[4 6],31,74,75,43,47
1,<environment.Job instance at 0x7fa1e0b14780>,31,1,[4 6],32,74,75,42,47
1,<environment.Job instance at 0x7fa1e08a59b0>,34,2,[ 2 10],35,75,77,40,66
1,<environment.Job instance at 0x7fa1e0729cd0>,35,1,[9 5],36,72,73,36,66
1,<environment.Job instance at 0x7fa1e0729230>,36,1,[2 6],37,77,78,40,66
1,<environment.Job instance at 0x7fa1e064f190>,0,1,[5 9],1,2,3,1,2
1,<environment.Job instance at 0x7fa19c96cd20>,8,1,[8 4],9,9,10,0,9
1,<environment.Job instance at 0x7fa1e30d6af0>,9,3,[7 4],10,10,13,0,10
1,<environment.Job instance at 0x7fa1e07c7460>,10,2,[4 9],11,11,13,0,11
1,<environment.Job instance at 0x7fa1e07ada50>,14,1,[1 9],15,15,16,0,15
1,<environment.Job instance at 0x7fa1e2f67eb0>,17,3,[6 4],18,25,28,7,25
1,<environment.Job instance at 0x7fa1e2fe0320>,20,28,[5 6],21,43,71,22,43
1,<environment.Job instance at 0x7fa1e2fe0050>,21,2,[2 6],22,43,45,21,43
1,<environment.Job instance at 0x7fa1e07c6410>,22,3,[9 1],23,45,48,22,43
1,<environment.Job instance at 0x7fa19cb89dc0>,0,25,[2 8],1,1,26,0,1
1,<environment.Job instance at 0x7fa19cb893c0>,5,1,[10  1],6,6,7,0,6
1,<environment.Job instance at 0x7fa19cb89eb0>,9,2,[13  5],10,10,12,0,10
1,<environment.Job instance at 0x7fa19cb89690>,10,1,[4 8],11,26,27,15,11
1,<environment.Job instance at 0x7fa19cb89410>,12,3,[5 2],13,13,16,0,13
1,<environment.Job instance at 0x7fa19cb89f50>,13,2,[2 5],14,14,16,0,14
1,<environment.Job instance at 0x7fa19cb89870>,4,3,[ 3 14],5,27,30,22,18
1,<environment.Job instance at 0x7fa1e30d6e10>,18,1,[ 3 12],19,30,31,11,28
1,<environment.Job instance at 0x7fa1e30d6d70>,20,2,[5 6],21,32,34,11,32
1,<environment.Job instance at 0x7fa1e30c91e0>,24,20,[9 5],25,50,70,25,50
1,<environment.Job instance at 0x7fa1e2e62e60>,5,23,[8 2],6,6,29,0,6
1,<environment.Job instance at 0x7fa19cfbe7d0>,15,3,[11  2],16,29,32,13,18
1,<environment.Job instance at 0x7fa19cf53d20>,21,17,[3 7],22,43,60,21,43
1,<environment.Job instance at 0x7fa1e774b370>,22,23,[7 1],23,43,66,20,43
1,<environment.Job instance at 0x7fa19c85a8c0>,23,2,[2 8],24,60,62,36,43
1,<environment.Job instance at 0x7fa19c77fbe0>,25,3,[13  2],26,66,69,40,52
1,<environment.Job instance at 0x7fa1e318f960>,26,1,[9 4],27,69,70,42,52
1,<environment.Job instance at 0x7fa1b018f870>,27,3,[3 8],28,62,65,34,52
1,<environment.Job instance at 0x7fa19c6d70a0>,28,1,[13  4],29,70,71,41,52
1,<environment.Job instance at 0x7fa19cd110a0>,7,2,[3 7],8,8,10,0,8
1,<environment.Job instance at 0x7fa19c9136e0>,9,21,[1 7],10,11,32,1,11
1,<environment.Job instance at 0x7fa19cfa6eb0>,20,2,[8 1],21,48,50,27,48
1,<environment.Job instance at 0x7fa1e3216050>,21,1,[9 4],22,50,51,28,48
1,<environment.Job instance at 0x7fa19cb6d190>,23,2,[1 7],24,53,55,29,53
1,<environment.Job instance at 0x7fa1e3216410>,24,2,[1 6],25,53,55,28,53
1,<environment.Job instance at 0x7fa1e3216eb0>,26,3,[9 2],27,67,70,40,67
1,<environment.Job instance at 0x7fa1e3310c80>,0,25,[ 1 14],1,2,27,1,2
1,<environment.Job instance at 0x7fa1e3216eb0>,4,19,[9 1],5,21,40,16,21
1,<environment.Job instance at 0x7fa1e33109b0>,3,1,[ 4 13],4,27,28,23,24
1,<environment.Job instance at 0x7fa19cfbd460>,15,1,[5 2],16,28,29,12,27
1,<environment.Job instance at 0x7fa19cfbd4b0>,16,3,[8 3],17,40,43,23,27
1,<environment.Job instance at 0x7fa19cfbd820>,21,2,[6 2],22,38,40,16,38
1,<environment.Job instance at 0x7fa19cfbd910>,23,2,[2 7],24,40,42,16,39
1,<environment.Job instance at 0x7fa19cfbdc30>,24,1,[9 2],25,43,44,18,39
1,<environment.Job instance at 0x7fa19cfbd730>,18,3,[11  1],19,44,47,25,41
1,<environment.Job instance at 0x7fa19cfbdeb0>,27,22,[6 1],28,47,69,19,41
1,<environment.Job instance at 0x7fa19cfc6be0>,5,3,[ 4 11],6,49,52,43,49
1,<environment.Job instance at 0x7fa19cfca320>,32,2,[8 2],33,55,57,22,55
1,<environment.Job instance at 0x7fa19cfca370>,33,2,[8 1],34,57,59,23,56
1,<environment.Job instance at 0x7fa19cfca460>,34,1,[ 3 10],35,59,60,24,56
1,<environment.Job instance at 0x7fa1e2c44050>,5,3,[14  4],6,7,10,1,7
1,<environment.Job instance at 0x7fa1e2c44aa0>,11,2,[11  4],12,14,16,2,14
1,<environment.Job instance at 0x7fa19c9bcc30>,18,22,[ 1 13],19,33,55,14,33
1,<environment.Job instance at 0x7fa19c9bc7d0>,19,3,[2 9],20,55,58,35,33
1,<environment.Job instance at 0x7fa19c9bc320>,20,3,[9 2],21,33,36,12,33
1,<environment.Job instance at 0x7fa19c9bc460>,27,1,[9 1],28,54,55,26,54
1,<environment.Job instance at 0x7fa19c9bc9b0>,28,2,[11  2],29,55,57,26,54
1,<environment.Job instance at 0x7fa1e32e86e0>,29,23,[4 9],30,58,81,28,54
1,<environment.Job instance at 0x7fa1e085e190>,0,1,[4 8],1,1,2,0,1
1,<environment.Job instance at 0x7fa1e31850f0>,5,20,[10  3],6,6,26,0,6
1,<environment.Job instance at 0x7fa19cfc5d70>,16,2,[ 5 12],17,22,24,5,22
1,<environment.Job instance at 0x7fa1e053c5a0>,17,23,[6 1],18,26,49,8,22
1,<environment.Job instance at 0x7fa1e0b60230>,23,3,[2 6],24,24,27,0,24
1,<environment.Job instance at 0x7fa1e07715a0>,24,2,[9 2],25,27,29,2,25
1,<environment.Job instance at 0x7fa1e2cc0dc0>,30,25,[9 4],31,49,74,18,49
1,<environment.Job instance at 0x7fa1e2f72b90>,33,3,[3 9],34,62,65,28,62
1,<environment.Job instance at 0x7fa1e2f721e0>,34,28,[ 5 10],35,65,93,30,64
1,<environment.Job instance at 0x7fa1e2f72500>,4,19,[2 5],5,6,25,1,6
1,<environment.Job instance at 0x7fa1e0b80640>,13,23,[1 7],14,14,37,0,14
1,<environment.Job instance at 0x7fa1e0b806e0>,14,22,[1 8],15,25,47,10,18
1,<environment.Job instance at 0x7fa1e0b80f00>,22,26,[1 5],23,37,63,14,34
1,<environment.Job instance at 0x7fa1e0b872d0>,26,1,[9 3],27,47,48,20,47
1,<environment.Job instance at 0x7fa1e0b873c0>,28,3,[5 8],29,57,60,28,57
1,<environment.Job instance at 0x7fa1e0b870a0>,29,2,[3 9],30,60,62,30,57
1,<environment.Job instance at 0x7fa1e0b87870>,32,22,[5 3],33,69,91,36,69
1,<environment.Job instance at 0x7fa1e0b87910>,33,1,[8 4],34,69,70,35,69
1,<environment.Job instance at 0x7fa1e2ba9b40>,5,3,[3 8],6,7,10,1,7
1,<environment.Job instance at 0x7fa1e08a8d20>,8,1,[8 3],9,9,10,0,9
1,<environment.Job instance at 0x7fa1e2bd8550>,11,2,[5 4],12,12,14,0,12
1,<environment.Job instance at 0x7fa1e2bd8780>,13,3,[ 2 10],14,16,19,2,16
1,<environment.Job instance at 0x7fa1e2bd8cd0>,16,2,[ 2 10],17,30,32,13,30
1,<environment.Job instance at 0x7fa1e07c6e10>,19,3,[10  4],20,41,44,21,41
1,<environment.Job instance at 0x7fa1e0a499b0>,21,3,[13  1],22,48,51,26,48
1,<environment.Job instance at 0x7fa1e0a49c30>,22,3,[3 7],23,51,54,28,48
1,<environment.Job instance at 0x7fa1e2dcd230>,23,3,[5 4],24,51,54,27,48
1,<environment.Job instance at 0x7fa1e04a56e0>,27,1,[ 5 10],28,60,61,32,60
1,<environment.Job instance at 0x7fa1e0686c80>,29,2,[1 9],30,61,63,31,60
1,<environment.Job instance at 0x7fa19cb860a0>,0,24,[10  5],1,1,25,0,1
1,<environment.Job instance at 0x7fa19cb92e10>,8,27,[5 1],9,14,41,5,14
1,<environment.Job instance at 0x7fa19cb92f00>,10,1,[2 7],11,25,26,14,19
1,<environment.Job instance at 0x7fa19c7f3280>,14,2,[10  3],15,26,28,11,26
1,<environment.Job instance at 0x7fa19c7f3500>,15,1,[5 2],16,28,29,12,26
1,<environment.Job instance at 0x7fa19cfa8370>,17,2,[5 5],18,34,36,16,34
1,<environment.Job instance at 0x7fa19cfa8be0>,18,27,[1 7],19,34,61,15,34
1,<environment.Job instance at 0x7fa19cb865a0>,1,3,[ 4 12],2,67,70,65,67
1,<environment.Job instance at 0x7fa1e2ff15a0>,24,1,[2 5],25,70,71,45,68
1,<environment.Job instance at 0x7fa1e08a4640>,26,1,[14  4],27,71,72,44,68
1,<environment.Job instance at 0x7fa19cc96eb0>,28,1,[1 5],29,70,71,41,68
1,<environment.Job instance at 0x7f6b488862d0>,1,22,[11  3],2,2,24,0,2
1,<environment.Job instance at 0x7f6b488ca780>,2,22,[4 8],3,3,25,0,3
1,<environment.Job instance at 0x7f6b41476910>,12,26,[ 1 10],13,25,51,12,22
1,<environment.Job instance at 0x7f6b41476a50>,20,1,[7 5],21,31,32,10,31
1,<environment.Job instance at 0x7f6b41477230>,21,1,[6 5],22,32,33,10,31
1,<environment.Job instance at 0x7f6b41477410>,22,1,[2 7],23,51,52,28,31
1,<environment.Job instance at 0x7f6b41477280>,23,27,[1 6],24,51,78,27,49
1,<environment.Job instance at 0x7f6b41477910>,28,23,[10  4],29,56,79,27,56
1,<environment.Job instance at 0x7f6b41477e60>,34,24,[1 8],35,78,102,43,73
1,<environment.Job instance at 0x7f6b41477eb0>,3,20,[7 1],4,4,24,0,4
1,<environment.Job instance at 0x7f6b488ae230>,10,2,[9 3],11,24,26,13,11
1,<environment.Job instance at 0x7f6b488aecd0>,12,20,[1 5],13,13,33,0,13
1,<environment.Job instance at 0x7f6b489f49b0>,16,2,[1 8],17,17,19,0,17
1,<environment.Job instance at 0x7f6b489f4e10>,17,2,[ 5 11],18,33,35,15,18
1,<environment.Job instance at 0x7f6afd772870>,6,2,[8 1],7,7,9,0,7
1,<environment.Job instance at 0x7f6b489fab40>,7,2,[10  2],8,9,11,1,9
1,<environment.Job instance at 0x7f6afd772f00>,8,19,[6 4],9,11,30,2,10
1,<environment.Job instance at 0x7f6afd76f0f0>,14,19,[6 1],15,16,35,1,16
1,<environment.Job instance at 0x7f6afd76fa50>,16,2,[11  5],17,35,37,18,22
1,<environment.Job instance at 0x7f6afd76fb40>,17,21,[ 3 10],18,22,43,4,22
1,<environment.Job instance at 0x7f6afd76f780>,18,3,[14  4],19,43,46,24,38
1,<environment.Job instance at 0x7f6afd7690a0>,26,1,[5 9],27,46,47,19,42
1,<environment.Job instance at 0x7f6afd769dc0>,27,1,[2 9],28,47,48,19,42
1,<environment.Job instance at 0x7f6afd769780>,28,21,[9 4],29,46,67,17,42
1,<environment.Job instance at 0x7f6afd769410>,32,3,[10  2],33,67,70,34,65
1,<environment.Job instance at 0x7f6afd769730>,33,2,[8 3],34,70,72,36,65
1,<environment.Job instance at 0x7f6afd763780>,35,1,[6 2],36,70,71,34,70
1,<environment.Job instance at 0x7f6afd763b90>,37,1,[9 1],38,77,78,39,77
1,<environment.Job instance at 0x7f6afd7720f0>,0,3,[13  3],1,78,81,77,77
1,<environment.Job instance at 0x7f6afd763230>,39,2,[9 4],40,81,83,41,77
1,<environment.Job instance at 0x7f6afdc2ab40>,0,24,[ 1 10],1,1,25,0,1
1,<environment.Job instance at 0x7f6afd763230>,3,24,[7 4],4,4,28,0,4
1,<environment.Job instance at 0x7f6afdbe27d0>,11,27,[4 7],12,25,52,13,23
1,<environment.Job instance at 0x7f6afdbe20a0>,12,26,[8 4],13,28,54,15,25
1,<environment.Job instance at 0x7f6afdc48140>,20,25,[ 3 10],21,52,77,31,48
1,<environment.Job instance at 0x7f6afdc4ba00>,29,3,[4 7],30,77,80,47,72
1,<environment.Job instance at 0x7f6afd870960>,32,1,[5 5],33,76,77,43,76
1,<environment.Job instance at 0x7f6afd870640>,33,23,[10  1],34,77,100,43,76
1,<environment.Job instance at 0x7f6afdbddcd0>,2,3,[ 3 11],3,7,10,4,7
1,<environment.Job instance at 0x7f6afdb70960>,7,1,[9 3],8,8,9,0,8
1,<environment.Job instance at 0x7f6afdb70c80>,10,24,[2 8],11,11,35,0,11
1,<environment.Job instance at 0x7f6afdb70d70>,11,24,[9 1],12,12,36,0,12
1,<environment.Job instance at 0x7f6afdb70eb0>,13,24,[10  5],14,36,60,22,31
1,<environment.Job instance at 0x7f6afdb70f50>,14,23,[10  2],15,60,83,45,54
1,<environment.Job instance at 0x7f6afdb5f5a0>,3,2,[ 2 14],4,6,8,2,6
1,<environment.Job instance at 0x7f6afdb13320>,6,2,[11  3],7,8,10,1,7
1,<environment.Job instance at 0x7f6b43a98230>,7,2,[12  2],8,10,12,2,8
1,<environment.Job instance at 0x7f6b43a98d70>,12,2,[12  5],13,13,15,0,13
1,<environment.Job instance at 0x7f6b43a98e10>,14,1,[14  4],15,15,16,0,15
1,<environment.Job instance at 0x7f6b43a98d20>,16,3,[8 1],17,17,20,0,17
1,<environment.Job instance at 0x7f6b43a981e0>,17,2,[6 4],18,18,20,0,18
1,<environment.Job instance at 0x7f6afdd24050>,24,2,[2 5],25,38,40,13,38
1,<environment.Job instance at 0x7f6afdd24230>,26,1,[3 8],27,41,42,14,41
1,<environment.Job instance at 0x7f6afdd248c0>,28,1,[2 8],29,42,43,13,41
1,<environment.Job instance at 0x7f6afdd24aa0>,32,1,[ 5 10],33,58,59,25,58
1,<environment.Job instance at 0x7f6afdd24460>,33,1,[ 5 12],34,59,60,25,58
1,<environment.Job instance at 0x7f6afdd24370>,34,21,[7 2],35,58,79,23,58
1,<environment.Job instance at 0x7f6afdd24b90>,36,3,[ 3 10],37,68,71,31,68
1,<environment.Job instance at 0x7f6afdd242d0>,37,2,[10  4],38,79,81,41,68
1,<environment.Job instance at 0x7f6b43be3a00>,0,19,[6 3],1,3,22,2,3
1,<environment.Job instance at 0x7f6afda9ba00>,10,19,[1 5],11,12,31,1,12
1,<environment.Job instance at 0x7f6afd920370>,15,2,[14  5],16,22,24,6,19
1,<environment.Job instance at 0x7f6afdb69500>,25,21,[2 5],26,39,60,13,39
1,<environment.Job instance at 0x7f6b43bb9c80>,26,1,[7 2],27,39,40,12,39
1,<environment.Job instance at 0x7f6afdb69780>,27,2,[2 6],28,39,41,11,39
1,<environment.Job instance at 0x7f6b43f37c30>,29,19,[9 1],30,54,73,24,54
1,<environment.Job instance at 0x7f6b43d6f190>,32,1,[2 9],33,54,55,21,54
1,<environment.Job instance at 0x7f6b43d6fd20>,33,27,[1 8],34,55,82,21,54
1,<environment.Job instance at 0x7f6b43d6fb90>,34,1,[5 8],35,82,83,47,54
1,<environment.Job instance at 0x7f6b43b07be0>,37,2,[2 8],38,83,85,45,68
1,<environment.Job instance at 0x7f6b43b075a0>,38,3,[5 9],39,85,88,46,68
1,<environment.Job instance at 0x7f6afdcd93c0>,13,2,[10  5],14,26,28,12,26
1,<environment.Job instance at 0x7f6afdcd9730>,18,21,[5 8],19,46,67,27,46
1,<environment.Job instance at 0x7f6afdcd9910>,21,28,[2 8],22,67,95,45,66
1,<environment.Job instance at 0x7f6afdcd9a50>,23,27,[9 3],24,66,93,42,66
1,<environment.Job instance at 0x7f6afdcfc5f0>,1,27,[5 1],2,2,29,0,2
1,<environment.Job instance at 0x7f6afdcd9aa0>,2,21,[1 6],3,3,24,0,3
1,<environment.Job instance at 0x7f6afd945aa0>,6,25,[8 3],7,7,32,0,7
1,<environment.Job instance at 0x7f6b41261460>,16,25,[ 5 10],17,29,54,12,25
1,<environment.Job instance at 0x7f6b41315eb0>,20,1,[4 6],21,54,55,33,26
1,<environment.Job instance at 0x7f6b43abbf50>,21,1,[4 6],22,54,55,32,26
1,<environment.Job instance at 0x7f6afd945050>,11,19,[10  1],12,32,51,20,29
1,<environment.Job instance at 0x7f6b412aafa0>,24,2,[ 2 10],25,55,57,30,39
1,<environment.Job instance at 0x7f6afd70d1e0>,25,1,[9 5],26,51,52,25,39
1,<environment.Job instance at 0x7f6b412ea1e0>,32,3,[9 5],33,59,62,26,59
1,<environment.Job instance at 0x7f6b41836a00>,0,28,[5 6],1,1,29,0,1
1,<environment.Job instance at 0x7f6afda32190>,5,23,[5 3],6,6,29,0,6
1,<environment.Job instance at 0x7f6afda320a0>,3,28,[ 1 11],4,29,57,25,28
1,<environment.Job instance at 0x7f6afdb11a50>,24,1,[1 6],25,64,65,39,64
1,<environment.Job instance at 0x7f6b415e8640>,6,1,[5 7],7,7,8,0,7
1,<environment.Job instance at 0x7f6b415e88c0>,9,1,[5 6],10,10,11,0,10
1,<environment.Job instance at 0x7f6b415e8e10>,16,2,[7 3],17,26,28,9,26
1,<environment.Job instance at 0x7f6b415e8fa0>,17,25,[9 4],18,28,53,10,26
1,<environment.Job instance at 0x7f6b415ba640>,24,1,[8 1],25,53,54,28,47
1,<environment.Job instance at 0x7f6b415ba230>,21,3,[ 4 12],22,53,56,31,52
1,<environment.Job instance at 0x7f6b415bab90>,29,2,[9 5],30,63,65,33,63
1,<environment.Job instance at 0x7f6b415bad70>,30,1,[8 5],31,65,66,34,63
1,<environment.Job instance at 0x7f6b415bae10>,32,2,[5 7],33,74,76,41,74
1,<environment.Job instance at 0x7f6b415baf50>,34,25,[7 4],35,75,100,40,75
1,<environment.Job instance at 0x7f6b415bafa0>,35,3,[1 6],36,76,79,40,75
1,<environment.Job instance at 0x7f6b415badc0>,36,22,[ 4 10],37,79,101,42,75
1,<environment.Job instance at 0x7f6b415b8af0>,1,23,[ 3 13],2,2,25,0,2
1,<environment.Job instance at 0x7f6afdb7f2d0>,10,20,[9 5],11,25,45,14,16
1,<environment.Job instance at 0x7f6afdb7f500>,8,18,[5 8],9,47,65,38,47
1,<environment.Job instance at 0x7f6b413ce960>,24,22,[9 5],25,47,69,22,47
1,<environment.Job instance at 0x7f6b413ceb90>,25,3,[ 1 14],26,69,72,43,65
1,<environment.Job instance at 0x7f6b43e93af0>,29,3,[10  2],30,72,75,42,65
1,<environment.Job instance at 0x7f6b43f495f0>,6,1,[2 5],7,7,8,0,7
1,<environment.Job instance at 0x7f6b412c2870>,10,27,[7 4],11,11,38,0,11
1,<environment.Job instance at 0x7f6b412c24b0>,15,2,[ 1 12],16,38,40,22,17
1,<environment.Job instance at 0x7f6b415d22d0>,20,25,[ 1 14],21,40,65,19,36
1,<environment.Job instance at 0x7f6b415d20a0>,23,1,[ 4 13],24,65,66,41,63
1,<environment.Job instance at 0x7f6b415d2f50>,24,19,[9 1],25,63,82,38,63
1,<environment.Job instance at 0x7f6b41510e10>,30,1,[2 6],31,71,72,40,71
1,<environment.Job instance at 0x7f6b41510140>,25,3,[ 4 11],26,72,75,46,71
1,<environment.Job instance at 0x7f6b43f9ae60>,3,3,[1 6],4,4,7,0,4
1,<environment.Job instance at 0x7f6b41832aa0>,1,3,[ 3 11],2,13,16,11,13
1,<environment.Job instance at 0x7f6afdaf4eb0>,11,1,[4 7],12,16,17,4,13
1,<environment.Job instance at 0x7f6afdaf4e60>,12,19,[6 2],13,13,32,0,13
1,<environment.Job instance at 0x7f6afdaee730>,15,3,[14  4],16,32,35,16,18
1,<environment.Job instance at 0x7f6afdacb230>,21,2,[11  4],22,37,39,15,37
1,<environment.Job instance at 0x7f6b416b3aa0>,22,2,[6 3],23,39,41,16,37
1,<environment.Job instance at 0x7f6afdacb280>,25,3,[3 9],26,45,48,19,45
1,<environment.Job instance at 0x7f6afdae6050>,26,18,[3 6],27,47,65,20,47
1,<environment.Job instance at 0x7f6b439c8910>,28,22,[ 1 13],29,65,87,36,58
1,<environment.Job instance at 0x7f6afd480050>,0,1,[4 8],1,2,3,1,2
1,<environment.Job instance at 0x7f6afd9e37d0>,5,20,[10  3],6,6,26,0,6
1,<environment.Job instance at 0x7f6afdabae10>,17,23,[6 1],18,26,49,8,20
1,<environment.Job instance at 0x7f6afd9576e0>,16,2,[ 5 12],17,22,24,5,22
1,<environment.Job instance at 0x7f6b439c4910>,24,2,[9 2],25,26,28,1,25
1,<environment.Job instance at 0x7f6b439c4d70>,22,17,[5 1],23,28,45,5,28
1,<environment.Job instance at 0x7f6afdcc1640>,30,25,[9 4],31,45,70,14,41
1,<environment.Job instance at 0x7f6afdcc1550>,34,28,[ 5 10],35,58,86,23,58
1,<environment.Job instance at 0x7f6afdcc1f50>,35,1,[ 1 10],36,86,87,50,58
1,<environment.Job instance at 0x7f6afdcc1be0>,3,23,[1 7],4,4,27,0,4
1,<environment.Job instance at 0x7f6afdcc12d0>,4,22,[1 8],5,5,27,0,5
1,<environment.Job instance at 0x7f6afde29be0>,12,26,[1 5],13,27,53,14,24
1,<environment.Job instance at 0x7f6afde29140>,16,1,[9 3],17,27,28,10,26
1,<environment.Job instance at 0x7f6afde29460>,19,2,[3 9],20,30,32,10,30
1,<environment.Job instance at 0x7f6afde29640>,22,22,[5 3],23,41,63,18,41
1,<environment.Job instance at 0x7f6afde29f50>,23,1,[8 4],24,41,42,17,41
1,<environment.Job instance at 0x7f6afde29dc0>,25,1,[8 5],26,43,44,17,43
1,<environment.Job instance at 0x7f6afde29d70>,27,24,[2 8],28,53,77,25,48
1,<environment.Job instance at 0x7f6afd6a8910>,33,26,[1 8],34,77,103,43,74
1,<environment.Job instance at 0x7f6afdda3960>,1,3,[13  1],2,6,9,4,6
1,<environment.Job instance at 0x7f6b4199cdc0>,7,1,[ 5 10],8,9,10,1,8
1,<environment.Job instance at 0x7f6b4198c3c0>,15,1,[ 3 12],16,17,18,1,17
1,<environment.Job instance at 0x7f6b4198c5f0>,16,3,[10  3],17,17,20,0,17
1,<environment.Job instance at 0x7f6b4198cbe0>,18,3,[ 5 12],19,27,30,8,27
1,<environment.Job instance at 0x7f6b41991af0>,20,2,[5 4],21,34,36,13,34
1,<environment.Job instance at 0x7f6afd967f50>,25,22,[5 2],26,50,72,24,50
1,<environment.Job instance at 0x7f6b417940a0>,26,1,[11  1],27,72,73,45,51
1,<environment.Job instance at 0x7f6b41794a50>,27,2,[2 6],28,51,53,23,51
1,<environment.Job instance at 0x7f6afd96e460>,31,28,[7 5],32,73,101,41,72
1,<environment.Job instance at 0x7f6afdb680f0>,33,2,[14  5],34,101,103,67,75
1,<environment.Job instance at 0x7f6b43c06be0>,34,26,[7 1],35,75,101,40,75
1,<environment.Job instance at 0x7f6afdc90050>,3,2,[ 3 10],4,4,6,0,4
1,<environment.Job instance at 0x7f6afde297d0>,9,2,[ 3 10],10,10,12,0,10
1,<environment.Job instance at 0x7f6b415c4cd0>,11,2,[6 2],12,12,14,0,12
1,<environment.Job instance at 0x7f6afdae6af0>,13,1,[5 5],14,14,15,0,14
1,<environment.Job instance at 0x7f6afd86f6e0>,18,3,[6 2],19,40,43,21,40
1,<environment.Job instance at 0x7f6b41624c80>,19,1,[6 1],20,40,41,20,40
1,<environment.Job instance at 0x7f6afd86f320>,17,18,[5 9],18,56,74,38,56
1,<environment.Job instance at 0x7f6afd5df0a0>,23,3,[ 2 10],24,74,77,50,56
1,<environment.Job instance at 0x7f6b43c5e500>,26,3,[1 8],27,77,80,50,68
1,<environment.Job instance at 0x7f6b43c5ef50>,27,1,[3 5],28,68,69,40,68
1,<environment.Job instance at 0x7f6afd5dfeb0>,28,25,[5 5],29,69,94,40,68
1,<environment.Job instance at 0x7f6afd49ef50>,29,2,[5 1],30,68,70,38,68
1,<environment.Job instance at 0x7f6afd6728c0>,2,1,[ 3 10],3,4,5,1,4
1,<environment.Job instance at 0x7f6b43f70550>,4,1,[2 5],5,5,6,0,5
1,<environment.Job instance at 0x7f6afd6725a0>,9,2,[1 8],10,10,12,0,10
1,<environment.Job instance at 0x7f6afd6726e0>,1,3,[ 3 11],2,12,15,10,12
1,<environment.Job instance at 0x7f6afd672910>,0,2,[7 1],1,14,16,13,14
1,<environment.Job instance at 0x7f6b43ad2be0>,13,3,[6 1],14,15,18,1,14
1,<environment.Job instance at 0x7f6b43ad22d0>,14,26,[10  2],15,18,44,3,15
1,<environment.Job instance at 0x7f6b43ad2140>,20,1,[7 1],21,44,45,23,21
1,<environment.Job instance at 0x7f6b41586780>,21,2,[2 6],22,22,24,0,22
1,<environment.Job instance at 0x7f6b41586230>,22,20,[5 2],23,24,44,1,24
1,<environment.Job instance at 0x7f6afd6fc780>,36,20,[4 9],37,44,64,7,41
1,<environment.Job instance at 0x7f6afd784550>,41,2,[ 2 13],42,64,66,22,59
1,<environment.Job instance at 0x7f6afd7848c0>,43,21,[5 7],44,66,87,22,59
1,<environment.Job instance at 0x7f6afd784190>,46,2,[8 3],47,70,72,23,70
1,<environment.Job instance at 0x7f6afd784410>,48,2,[12  1],49,87,89,38,73
1,<environment.Job instance at 0x7f6b41557550>,0,22,[1 9],1,1,23,0,1
1,<environment.Job instance at 0x7f6b415573c0>,2,2,[5 7],3,23,25,20,3
1,<environment.Job instance at 0x7f6b41557230>,3,1,[5 6],4,5,6,1,5
1,<environment.Job instance at 0x7f6afd88e1e0>,8,2,[ 4 12],9,25,27,16,10
1,<environment.Job instance at 0x7f6afd7d1af0>,10,3,[ 4 10],11,27,30,16,11
1,<environment.Job instance at 0x7f6afdd5e6e0>,13,26,[2 9],14,30,56,16,27
1,<environment.Job instance at 0x7f6afd77f140>,17,3,[4 9],18,56,59,38,30
1,<environment.Job instance at 0x7f6b41607960>,19,3,[3 5],20,30,33,10,30
1,<environment.Job instance at 0x7f6afd78d140>,20,3,[2 6],21,33,36,12,30
1,<environment.Job instance at 0x7f6afd7b78c0>,25,3,[5 5],26,50,53,24,50
1,<environment.Job instance at 0x7f6afd7b7050>,26,1,[5 3],27,53,54,26,50
1,<environment.Job instance at 0x7f6afd7b7eb0>,30,1,[1 7],31,59,60,28,57
1,<environment.Job instance at 0x7f6b41217fa0>,32,2,[1 9],33,61,63,28,61
1,<environment.Job instance at 0x7f6b411f2e10>,33,2,[6 3],34,61,63,27,61
1,<environment.Job instance at 0x7f6b411f2960>,36,1,[6 3],37,70,71,33,70
1,<environment.Job instance at 0x7f6b41212410>,37,1,[5 4],38,70,71,32,70
1,<environment.Job instance at 0x7f6b41212550>,39,1,[3 5],40,72,73,32,72
1,<environment.Job instance at 0x7f6b41212c80>,40,1,[4 9],41,72,73,31,72
1,<environment.Job instance at 0x7f383c7302d0>,1,22,[11  3],2,2,24,0,2
1,<environment.Job instance at 0x7f38353209b0>,12,26,[ 1 10],13,13,39,0,13
1,<environment.Job instance at 0x7f38353205f0>,6,20,[6 1],7,26,46,19,26
1,<environment.Job instance at 0x7f3835320fa0>,20,1,[7 5],21,42,43,21,42
1,<environment.Job instance at 0x7f3835320f50>,21,1,[6 5],22,43,44,21,42
1,<environment.Job instance at 0x7f3835321140>,22,1,[2 7],23,42,43,19,42
1,<environment.Job instance at 0x7f38353211e0>,23,27,[1 6],24,43,70,19,42
1,<environment.Job instance at 0x7f38353215f0>,28,23,[10  4],29,61,84,32,61
1,<environment.Job instance at 0x7f3835321cd0>,34,24,[1 8],35,77,101,42,77
1,<environment.Job instance at 0x7f3835321c80>,37,2,[2 6],38,84,86,46,80
1,<environment.Job instance at 0x7f3835321f50>,38,2,[ 1 10],39,101,103,62,80
1,<environment.Job instance at 0x7f383c7588c0>,2,20,[1 5],3,4,24,1,4
1,<environment.Job instance at 0x7f383c758cd0>,7,2,[ 5 11],8,24,26,16,10
1,<environment.Job instance at 0x7f383c896b90>,18,3,[10  4],19,30,33,11,30
1,<environment.Job instance at 0x7f383c896f00>,19,1,[10  4],20,33,34,13,30
1,<environment.Job instance at 0x7f383c8a4410>,20,3,[6 5],21,34,37,13,30
1,<environment.Job instance at 0x7f383c8a4500>,21,26,[ 5 10],22,30,56,8,30
1,<environment.Job instance at 0x7f383c8a45f0>,26,3,[ 1 12],27,56,59,29,52
1,<environment.Job instance at 0x7f383c8a4e10>,29,20,[2 6],30,59,79,29,52
1,<environment.Job instance at 0x7f383c8aa4b0>,32,3,[ 4 12],33,79,82,46,57
1,<environment.Job instance at 0x7f383c8aa460>,34,1,[8 4],35,72,73,37,72
1,<environment.Job instance at 0x7f383c8aa5f0>,35,21,[4 5],36,82,103,46,74
1,<environment.Job instance at 0x7f383c8aa1e0>,37,22,[4 5],38,82,104,44,75
1,<environment.Job instance at 0x7f37f16d0f50>,0,1,[5 8],1,2,3,1,2
1,<environment.Job instance at 0x7f37f16d0f00>,8,21,[9 4],9,9,30,0,9
1,<environment.Job instance at 0x7f37f16e2be0>,17,1,[9 1],18,30,31,12,21
1,<environment.Job instance at 0x7f37f16c2780>,24,3,[9 2],25,39,42,14,39
1,<environment.Job instance at 0x7f37f16c2f50>,26,3,[2 8],27,52,55,25,52
1,<environment.Job instance at 0x7f37f16c25f0>,27,1,[2 8],28,55,56,27,52
1,<environment.Job instance at 0x7f37f16c2910>,28,2,[13  1],29,56,58,27,56
1,<environment.Job instance at 0x7f37f16c2140>,29,2,[10  4],30,58,60,28,56
1,<environment.Job instance at 0x7f37f16c2500>,31,3,[13  5],32,60,63,28,60
1,<environment.Job instance at 0x7f37f16c2820>,32,2,[ 1 12],33,63,65,30,61
1,<environment.Job instance at 0x7f37f16c26e0>,35,2,[5 5],36,65,67,29,61
1,<environment.Job instance at 0x7f37f16c2870>,37,3,[1 5],38,66,69,28,66
1,<environment.Job instance at 0x7f37f16c2640>,38,1,[10  5],39,67,68,28,66
1,<environment.Job instance at 0x7f37f16c2550>,39,1,[ 2 10],40,68,69,28,66
1,<environment.Job instance at 0x7f37f16c2a50>,42,1,[ 4 13],43,83,84,40,83
1,<environment.Job instance at 0x7f37f16c2a50>,3,23,[10  1],4,4,27,0,4
1,<environment.Job instance at 0x7f37f1a79690>,6,28,[6 5],7,27,55,20,26
1,<environment.Job instance at 0x7f37f1c4d820>,16,1,[2 7],17,28,29,11,28
1,<environment.Job instance at 0x7f37f1c4d5f0>,19,28,[5 3],20,32,60,12,32
1,<environment.Job instance at 0x7f37f1c4da50>,24,2,[7 4],25,55,57,30,37
1,<environment.Job instance at 0x7f37f1a72640>,28,1,[2 7],29,52,53,23,52
1,<environment.Job instance at 0x7f37f171ae60>,31,3,[4 5],32,68,71,36,68
1,<environment.Job instance at 0x7f37f1be7690>,32,25,[6 3],33,68,93,35,68
1,<environment.Job instance at 0x7f37f1be7820>,36,2,[5 5],37,83,85,46,83
1,<environment.Job instance at 0x7f37f17db9b0>,0,27,[ 5 10],1,1,28,0,1
1,<environment.Job instance at 0x7f37f1a10320>,6,25,[ 5 10],7,28,53,21,24
1,<environment.Job instance at 0x7f37f1a1b0a0>,9,2,[8 2],10,24,26,14,24
1,<environment.Job instance at 0x7f37f1a078c0>,31,3,[9 4],32,46,49,14,46
1,<environment.Job instance at 0x7f37f1a07960>,32,1,[7 4],33,49,50,16,46
1,<environment.Job instance at 0x7f37f1a07a00>,33,2,[9 2],34,50,52,16,46
1,<environment.Job instance at 0x7f37f1a076e0>,34,17,[7 2],35,53,70,18,53
1,<environment.Job instance at 0x7f37f1a07b40>,35,2,[ 4 11],36,53,55,17,53
1,<environment.Job instance at 0x7f37f1a07dc0>,38,1,[2 6],39,65,66,26,65
1,<environment.Job instance at 0x7f37f1a07f50>,40,2,[10  2],41,70,72,29,69
1,<environment.Job instance at 0x7f37f1a07fa0>,42,19,[8 2],43,72,91,29,70
1,<environment.Job instance at 0x7f37f1a0a050>,43,2,[ 2 14],44,91,93,47,73
1,<environment.Job instance at 0x7f37f1a0a5a0>,45,3,[2 5],46,73,76,27,73
1,<environment.Job instance at 0x7f37f1a0a870>,46,2,[11  3],47,93,95,46,73
1,<environment.Job instance at 0x7f37f1a0a960>,47,2,[12  2],48,95,97,47,73
1,<environment.Job instance at 0x7f38354caf50>,0,1,[5 1],1,2,3,1,2
1,<environment.Job instance at 0x7f3837890c30>,13,2,[9 1],14,14,16,0,14
1,<environment.Job instance at 0x7f38354cb050>,16,25,[3 8],17,17,42,0,17
1,<environment.Job instance at 0x7f383582a960>,19,27,[9 3],20,21,48,1,21
1,<environment.Job instance at 0x7f383582aeb0>,22,24,[ 3 10],23,42,66,19,37
1,<environment.Job instance at 0x7f38354cb3c0>,18,3,[ 5 14],19,66,69,47,43
1,<environment.Job instance at 0x7f383582a870>,28,27,[1 7],29,69,96,40,67
1,<environment.Job instance at 0x7f383582a550>,30,19,[6 3],31,69,88,38,67
1,<environment.Job instance at 0x7f3835102460>,39,1,[10  3],40,88,89,48,88
1,<environment.Job instance at 0x7f3835102320>,40,19,[1 5],41,88,107,47,88
1,<environment.Job instance at 0x7f3837bb5730>,4,1,[5 7],5,5,6,0,5
1,<environment.Job instance at 0x7f37f1915640>,6,2,[2 9],7,8,10,1,8
1,<environment.Job instance at 0x7f3837bb5960>,9,27,[ 5 10],10,10,37,0,10
1,<environment.Job instance at 0x7f37f1c3eeb0>,11,22,[ 1 10],12,37,59,25,30
1,<environment.Job instance at 0x7f37f1a9b460>,18,20,[6 2],19,39,59,20,39
1,<environment.Job instance at 0x7f3837f09320>,0,2,[ 5 11],1,59,61,58,58
1,<environment.Job instance at 0x7f38379c1500>,25,17,[7 1],26,62,79,36,62
1,<environment.Job instance at 0x7f38355883c0>,32,18,[5 5],33,85,103,52,85
1,<environment.Job instance at 0x7f3835588eb0>,33,2,[10  5],34,85,87,51,85
1,<environment.Job instance at 0x7f37f1925a50>,5,20,[4 7],6,6,26,0,6
1,<environment.Job instance at 0x7f37f1b9e5f0>,6,21,[6 5],7,7,28,0,7
1,<environment.Job instance at 0x7f37f1b9ea00>,11,27,[5 1],12,12,39,0,12
1,<environment.Job instance at 0x7f37f1b9edc0>,16,25,[8 3],17,28,53,11,24
1,<environment.Job instance at 0x7f37f1b9b320>,21,19,[10  1],22,57,76,35,57
1,<environment.Job instance at 0x7f37f1b9b5f0>,26,25,[ 5 10],27,66,91,39,66
1,<environment.Job instance at 0x7f37f1b9bb40>,34,2,[ 2 10],35,91,93,56,85
1,<environment.Job instance at 0x7f37f1b9bbe0>,35,1,[9 5],36,85,86,49,85
1,<environment.Job instance at 0x7f37f1b9beb0>,36,1,[2 6],37,93,94,56,86
1,<environment.Job instance at 0x7f37f17129b0>,0,28,[5 6],1,1,29,0,1
1,<environment.Job instance at 0x7f37f16fbb40>,5,23,[5 3],6,6,29,0,6
1,<environment.Job instance at 0x7f37f17123c0>,3,28,[ 1 11],4,29,57,25,28
1,<environment.Job instance at 0x7f38352a18c0>,24,1,[1 6],25,77,78,52,77
1,<environment.Job instance at 0x7f383516e4b0>,7,25,[9 4],8,8,33,0,8
1,<environment.Job instance at 0x7f37f161cfa0>,14,1,[8 1],15,33,34,18,28
1,<environment.Job instance at 0x7f37f161c9b0>,11,3,[ 4 12],12,33,36,21,30
1,<environment.Job instance at 0x7f37f1c046e0>,22,2,[5 7],23,52,54,29,52
1,<environment.Job instance at 0x7f37f1badf50>,24,25,[7 4],25,57,82,32,57
1,<environment.Job instance at 0x7f3837e2da00>,25,3,[1 6],26,57,60,31,57
1,<environment.Job instance at 0x7f383c8aa0f0>,26,22,[ 4 10],27,60,82,33,57
1,<environment.Job instance at 0x7f37f1a24910>,4,22,[9 5],5,5,27,0,5
1,<environment.Job instance at 0x7f37f1a245a0>,5,3,[ 1 14],6,27,30,21,24
1,<environment.Job instance at 0x7f37f1a1a0f0>,12,3,[10  5],13,30,33,17,25
1,<environment.Job instance at 0x7f37f1a1a500>,17,2,[3 7],18,40,42,22,40
1,<environment.Job instance at 0x7f37f1a1a640>,19,21,[1 7],20,45,66,25,45
1,<environment.Job instance at 0x7f37f1a1a780>,21,2,[5 5],22,59,61,37,59
1,<environment.Job instance at 0x7f37f1a1a8c0>,23,2,[8 4],24,63,65,39,63
1,<environment.Job instance at 0x7f37f1a1aaa0>,24,1,[10  4],25,65,66,40,63
1,<environment.Job instance at 0x7f37f18ecdc0>,0,1,[2 6],1,1,2,0,1
1,<environment.Job instance at 0x7f37f18ec910>,5,1,[5 2],6,6,7,0,6
1,<environment.Job instance at 0x7f37f18eceb0>,8,3,[11  1],9,10,13,1,10
1,<environment.Job instance at 0x7f37f18ecc80>,14,1,[9 2],15,15,16,0,15
1,<environment.Job instance at 0x7f38355a9460>,17,22,[6 1],18,18,40,0,18
1,<environment.Job instance at 0x7f38352ce730>,22,2,[8 2],23,29,31,6,29
1,<environment.Job instance at 0x7f37f1837c80>,23,2,[8 1],24,31,33,7,29
1,<environment.Job instance at 0x7f37f18375f0>,24,1,[ 3 10],25,33,34,8,29
1,<environment.Job instance at 0x7f37f1778be0>,29,2,[3 7],30,55,57,25,55
1,<environment.Job instance at 0x7f37f1778aa0>,32,19,[8 3],33,72,91,39,72
1,<environment.Job instance at 0x7f37f17789b0>,35,1,[7 1],36,89,90,53,89
1,<environment.Job instance at 0x7f37f1778f00>,36,23,[5 5],37,90,113,53,89
1,<environment.Job instance at 0x7f38352d5d70>,37,1,[2 6],38,90,91,52,89
1,<environment.Job instance at 0x7f38352d5280>,39,25,[7 3],40,91,116,51,89
1,<environment.Job instance at 0x7f38351d4500>,40,1,[12  5],41,116,117,75,89
1,<environment.Job instance at 0x7f37f1973be0>,4,22,[5 8],5,5,27,0,5
1,<environment.Job instance at 0x7f37f1a13c30>,14,1,[10  4],15,15,16,0,15
1,<environment.Job instance at 0x7f37f1a13870>,20,2,[ 4 14],21,27,29,6,26
1,<environment.Job instance at 0x7f37f1853a50>,22,2,[1 5],23,29,31,6,28
1,<environment.Job instance at 0x7f37f1564370>,7,18,[9 4],8,35,53,27,35
1,<environment.Job instance at 0x7f37f1853b40>,25,3,[10  2],26,53,56,27,35
1,<environment.Job instance at 0x7f37f1853eb0>,27,2,[9 1],28,56,58,28,41
1,<environment.Job instance at 0x7f38352c2a50>,28,2,[ 2 10],29,41,43,12,41
1,<environment.Job instance at 0x7f37f1a13410>,19,18,[1 9],20,57,75,37,57
1,<environment.Job instance at 0x7f38352c2280>,32,1,[3 9],33,75,76,42,57
1,<environment.Job instance at 0x7f38352c25a0>,35,1,[5 6],36,58,59,22,58
1,<environment.Job instance at 0x7f38352c2320>,39,2,[10  3],40,70,72,30,70
1,<environment.Job instance at 0x7f38378f8c30>,40,1,[4 8],41,76,77,35,70
1,<environment.Job instance at 0x7f38356de500>,42,3,[5 8],43,78,81,35,78
1,<environment.Job instance at 0x7f38356ded20>,2,22,[5 4],3,3,25,0,3
1,<environment.Job instance at 0x7f3837bcb5f0>,14,2,[9 5],15,20,22,5,20
1,<environment.Job instance at 0x7f3837a31550>,17,26,[10  5],18,27,53,9,27
1,<environment.Job instance at 0x7f3837a31910>,22,3,[1 7],23,43,46,20,43
1,<environment.Job instance at 0x7f3837a36050>,24,19,[2 5],25,51,70,26,51
1,<environment.Job instance at 0x7f383538d280>,27,1,[3 8],28,65,66,37,65
1,<environment.Job instance at 0x7f3837c82780>,29,3,[6 1],30,69,72,39,69
1,<environment.Job instance at 0x7f37f1736c30>,30,2,[2 6],31,69,71,38,69
1,<environment.Job instance at 0x7f3837c825a0>,31,2,[7 1],32,70,72,38,69
1,<environment.Job instance at 0x7f3837c856e0>,32,3,[6 1],33,72,75,39,69
1,<environment.Job instance at 0x7f37f17496e0>,33,23,[1 7],34,71,94,37,69
1,<environment.Job instance at 0x7f37f1736d70>,34,22,[1 8],35,75,97,40,69
1,<environment.Job instance at 0x7f37f195e140>,8,1,[8 3],9,9,10,0,9
1,<environment.Job instance at 0x7f383512ff50>,11,2,[5 4],12,12,14,0,12
1,<environment.Job instance at 0x7f37f1648e10>,13,3,[ 2 10],14,16,19,2,16
1,<environment.Job instance at 0x7f3837e12af0>,16,2,[ 2 10],17,30,32,13,30
1,<environment.Job instance at 0x7f38355240f0>,21,3,[13  1],22,55,58,33,55
1,<environment.Job instance at 0x7f3837998410>,22,3,[3 7],23,58,61,35,55
1,<environment.Job instance at 0x7f38378d8a00>,23,3,[5 4],24,58,61,34,55
1,<environment.Job instance at 0x7f383528a690>,29,2,[1 9],30,67,69,37,67
1,<environment.Job instance at 0x7f383528a870>,31,2,[10  4],32,76,78,44,76
1,<environment.Job instance at 0x7f383528a280>,35,1,[ 3 12],36,89,90,53,89
1,<environment.Job instance at 0x7f38353da320>,36,3,[10  3],37,89,92,52,89
1,<environment.Job instance at 0x7f37f13fdaa0>,4,1,[2 5],5,5,6,0,5
1,<environment.Job instance at 0x7f37f1ac9870>,8,1,[1 5],9,9,10,0,9
1,<environment.Job instance at 0x7f37f1ac9230>,6,1,[14  4],7,12,13,5,12
1,<environment.Job instance at 0x7f37f1ac97d0>,12,2,[3 7],13,13,15,0,13
1,<environment.Job instance at 0x7f37f19834b0>,19,2,[ 3 10],20,24,26,4,24
1,<environment.Job instance at 0x7f3835457fa0>,21,2,[6 2],22,34,36,12,34
1,<environment.Job instance at 0x7f3835457f00>,23,1,[5 5],24,36,37,12,36
1,<environment.Job instance at 0x7f37f1983d70>,17,18,[ 5 10],18,66,84,48,66
1,<environment.Job instance at 0x7f3835457eb0>,33,3,[ 2 10],34,87,90,53,87
1,<environment.Job instance at 0x7f38354575a0>,30,17,[8 2],31,87,104,56,87
1,<environment.Job instance at 0x7f3835457a50>,36,3,[1 8],37,90,93,53,87
1,<environment.Job instance at 0x7f3835457d70>,37,1,[3 5],38,90,91,52,87
1,<environment.Job instance at 0x7f38354570a0>,38,25,[5 5],39,91,116,52,87
1,<environment.Job instance at 0x7f38352156e0>,1,3,[ 3 11],2,11,14,9,11
1,<environment.Job instance at 0x7f383798a190>,14,26,[10  2],15,15,41,0,15
1,<environment.Job instance at 0x7f383798a410>,18,3,[2 8],19,19,22,0,19
1,<environment.Job instance at 0x7f3837c82d20>,19,2,[4 5],20,22,24,2,20
1,<environment.Job instance at 0x7f3837992690>,20,1,[7 1],21,41,42,20,21
1,<environment.Job instance at 0x7f3837992f50>,21,2,[2 6],22,24,26,2,22
1,<environment.Job instance at 0x7f383798afa0>,22,20,[5 2],23,26,46,3,23
1,<environment.Job instance at 0x7f383796ceb0>,31,3,[2 9],32,42,45,10,42
1,<environment.Job instance at 0x7f3837991550>,36,20,[4 9],37,48,68,11,48
1,<environment.Job instance at 0x7f38352759b0>,42,1,[5 5],43,65,66,22,65
1,<environment.Job instance at 0x7f3835275460>,43,21,[5 7],44,68,89,24,65
1,<environment.Job instance at 0x7f3835258690>,41,2,[ 2 13],42,89,91,47,86
1,<environment.Job instance at 0x7f3835275140>,3,26,[2 9],4,4,30,0,4
1,<environment.Job instance at 0x7f3837dca0a0>,20,1,[1 7],21,30,31,9,26
1,<environment.Job instance at 0x7f3837dca280>,22,2,[1 9],23,31,33,8,26
1,<environment.Job instance at 0x7f3837dcacd0>,23,2,[6 3],24,26,28,2,26
1,<environment.Job instance at 0x7f3835580960>,26,1,[6 3],27,40,41,13,40
1,<environment.Job instance at 0x7f37f19018c0>,27,1,[5 4],28,40,41,12,40
1,<environment.Job instance at 0x7f37f1901d70>,25,13,[2 6],26,42,55,16,42
1,<environment.Job instance at 0x7f3837a5f730>,29,1,[3 5],30,42,43,12,42
1,<environment.Job instance at 0x7f3837a5fdc0>,30,1,[4 9],31,43,44,12,42
1,<environment.Job instance at 0x7f3837a5f780>,32,18,[7 3],33,58,76,25,58
1,<environment.Job instance at 0x7f3837a5fe60>,34,2,[7 3],35,58,60,23,58
1,<environment.Job instance at 0x7f37f1945460>,38,2,[1 6],39,78,80,39,78
1,<environment.Job instance at 0x7f37f1945f50>,39,23,[5 5],40,78,101,38,78
1,<environment.Job instance at 0x7f3837ff8f00>,4,26,[7 4],5,5,31,0,5
1,<environment.Job instance at 0x7f3837ff8af0>,5,1,[12  3],6,31,32,25,9
1,<environment.Job instance at 0x7f38378e08c0>,13,1,[10  5],14,32,33,18,14
1,<environment.Job instance at 0x7f383c753140>,16,2,[3 5],17,17,19,0,17
1,<environment.Job instance at 0x7f383c7535a0>,17,1,[5 1],18,18,19,0,18
1,<environment.Job instance at 0x7f383c753c30>,19,2,[6 3],20,21,23,1,21
1,<environment.Job instance at 0x7f383c753550>,23,1,[7 3],24,35,36,11,35
1,<environment.Job instance at 0x7f383c753cd0>,24,3,[3 7],25,35,38,10,35
1,<environment.Job instance at 0x7f383c753dc0>,26,1,[3 9],27,38,39,11,38
1,<environment.Job instance at 0x7f37f1b7aaa0>,27,19,[4 7],28,39,58,11,38
1,<environment.Job instance at 0x7f37f1b7aaf0>,28,3,[9 1],29,38,41,9,38
1,<environment.Job instance at 0x7f37f1b7a1e0>,29,15,[6 1],30,42,57,12,42
1,<environment.Job instance at 0x7f37f1b7a230>,31,3,[2 8],32,57,60,25,50
1,<environment.Job instance at 0x7f37f1b7a410>,33,13,[5 1],34,58,71,24,51
1,<environment.Job instance at 0x7f37f1b7a870>,34,16,[6 3],35,66,82,31,66
1,<environment.Job instance at 0x7f37f1b7ac80>,35,1,[5 7],36,71,72,35,66
1,<environment.Job instance at 0x7f37f1c36870>,40,2,[3 9],41,83,85,42,83
1,<environment.Job instance at 0x7f37f1c36190>,41,3,[1 7],42,85,88,43,83
1,<environment.Job instance at 0x7f37f1c36500>,42,22,[6 2],43,83,105,40,83
1,<environment.Job instance at 0x7f3837caf690>,5,2,[ 5 10],6,6,8,0,6
1,<environment.Job instance at 0x7f38378a6f50>,7,2,[8 3],8,8,10,0,8
1,<environment.Job instance at 0x7f3837cc8dc0>,12,1,[5 8],13,13,14,0,13
1,<environment.Job instance at 0x7f383518eb90>,13,1,[6 3],14,14,15,0,14
1,<environment.Job instance at 0x7f383519f780>,14,3,[6 1],15,15,18,0,15
1,<environment.Job instance at 0x7f383537f1e0>,15,1,[10  4],16,18,19,2,16
1,<environment.Job instance at 0x7f3837caeb40>,17,3,[10  1],18,23,26,5,23
1,<environment.Job instance at 0x7f3837cae9b0>,19,1,[6 1],20,26,27,6,25
1,<environment.Job instance at 0x7f3837c9f870>,21,1,[6 1],22,37,38,15,37
1,<environment.Job instance at 0x7f3837c9f460>,22,2,[ 4 10],23,37,39,14,37
1,<environment.Job instance at 0x7f3837c9f5f0>,23,2,[4 7],24,39,41,15,37
1,<environment.Job instance at 0x7f3837c8d7d0>,25,23,[7 4],26,44,67,18,44
1,<environment.Job instance at 0x7f3837a991e0>,26,23,[5 6],27,44,67,17,44
1,<environment.Job instance at 0x7f3837c9ff00>,28,25,[ 5 10],29,67,92,38,63
1,<environment.Job instance at 0x7f37f1c74230>,34,1,[9 2],35,80,81,45,80
1,<environment.Job instance at 0x7fd5443192d0>,1,22,[11  3],2,2,24,0,2
1,<environment.Job instance at 0x7fd544319050>,2,22,[4 8],3,3,25,0,3
1,<environment.Job instance at 0x7fd53cf093c0>,6,20,[6 1],7,24,44,17,15
1,<environment.Job instance at 0x7fd53cf09780>,12,26,[ 1 10],13,25,51,12,22
1,<environment.Job instance at 0x7fd53cf09fa0>,20,1,[7 5],21,44,45,23,25
1,<environment.Job instance at 0x7fd53cf09af0>,21,1,[6 5],22,45,46,23,25
1,<environment.Job instance at 0x7fd53cf0a280>,22,1,[2 7],23,51,52,28,25
1,<environment.Job instance at 0x7fd53cf0a410>,23,27,[1 6],24,51,78,27,49
1,<environment.Job instance at 0x7fd53cf0a460>,26,3,[3 7],27,52,55,25,49
1,<environment.Job instance at 0x7fd53cf0aaa0>,28,23,[10  4],29,55,78,26,49
1,<environment.Job instance at 0x7fd53cf0ad20>,32,3,[5 1],33,51,54,18,51
1,<environment.Job instance at 0x7fd53cf0ae60>,34,24,[1 8],35,78,102,43,73
1,<environment.Job instance at 0x7fd53cf0af00>,37,2,[2 6],38,78,80,40,73
1,<environment.Job instance at 0x7fd53cf0e140>,38,2,[ 1 10],39,102,104,63,75
1,<environment.Job instance at 0x7fd53cf0e1e0>,39,2,[5 6],40,80,82,40,75
1,<environment.Job instance at 0x7fd53cf0e320>,41,1,[5 2],42,82,83,40,80
1,<environment.Job instance at 0x7fd53cf0e3c0>,42,2,[4 6],43,83,85,40,80
1,<environment.Job instance at 0x7fd53cf0e500>,44,3,[5 5],45,85,88,40,85
1,<environment.Job instance at 0x7fd544480be0>,10,3,[6 5],11,11,14,0,11
1,<environment.Job instance at 0x7fd544480c80>,11,26,[ 5 10],12,12,38,0,12
1,<environment.Job instance at 0x7fd5444932d0>,16,3,[ 1 12],17,38,41,21,24
1,<environment.Job instance at 0x7fd544493280>,19,20,[2 6],20,41,61,21,32
1,<environment.Job instance at 0x7fd544493140>,22,3,[ 4 12],23,61,64,38,46
1,<environment.Job instance at 0x7fd544489e10>,24,1,[8 4],25,46,47,21,46
1,<environment.Job instance at 0x7fd544489690>,25,21,[4 5],26,64,85,38,56
1,<environment.Job instance at 0x7fd5444897d0>,27,22,[4 5],28,64,86,36,57
1,<environment.Job instance at 0x7fd54448d500>,28,23,[ 2 14],29,86,109,57,80
1,<environment.Job instance at 0x7fd4f92e6050>,9,2,[10  4],10,21,23,11,21
1,<environment.Job instance at 0x7fd4f91e70a0>,11,3,[13  5],12,23,26,11,22
1,<environment.Job instance at 0x7fd4f92e17d0>,8,2,[13  1],9,26,28,17,24
1,<environment.Job instance at 0x7fd4f91e7c30>,12,2,[ 1 12],13,26,28,13,25
1,<environment.Job instance at 0x7fd4f91e7b90>,18,1,[10  5],19,28,29,9,25
1,<environment.Job instance at 0x7fd4f91e7b40>,22,1,[ 4 13],23,29,30,6,28
1,<environment.Job instance at 0x7fd4f9240140>,25,1,[3 8],26,36,37,10,36
1,<environment.Job instance at 0x7fd4f92cb870>,32,20,[1 7],33,66,86,33,66
1,<environment.Job instance at 0x7fd4f92cb460>,36,19,[2 7],37,67,86,30,67
1,<environment.Job instance at 0x7fd4f92cbb40>,40,24,[ 1 10],41,86,110,45,81
1,<environment.Job instance at 0x7fd4f92cb2d0>,43,24,[7 4],44,86,110,42,82
1,<environment.Job instance at 0x7fd4f91fe550>,2,25,[6 3],3,3,28,0,3
1,<environment.Job instance at 0x7fd4f92ffa50>,12,1,[5 9],13,13,14,0,13
1,<environment.Job instance at 0x7fd4f92ff320>,13,20,[2 6],14,14,34,0,14
1,<environment.Job instance at 0x7fd4f92ff140>,22,3,[ 3 11],23,34,37,11,30
1,<environment.Job instance at 0x7fd4f92f71e0>,27,1,[9 3],28,43,44,15,43
1,<environment.Job instance at 0x7fd4f919b960>,30,24,[2 8],31,58,82,27,58
1,<environment.Job instance at 0x7fd4f919b370>,31,24,[9 1],32,58,82,26,58
1,<environment.Job instance at 0x7fd4f919b690>,33,24,[10  5],34,82,106,48,77
1,<environment.Job instance at 0x7fd4f956f0a0>,2,19,[8 2],3,5,24,2,5
1,<environment.Job instance at 0x7fd4f95f7730>,7,2,[12  2],8,24,26,16,17
1,<environment.Job instance at 0x7fd4f95f7460>,6,2,[11  3],7,26,28,19,25
1,<environment.Job instance at 0x7fd4f95f7a50>,12,2,[12  5],13,34,36,21,34
1,<environment.Job instance at 0x7fd4f95f7af0>,13,1,[1 7],14,34,35,20,34
1,<environment.Job instance at 0x7fd4f95f7b90>,14,1,[14  4],15,36,37,21,36
1,<environment.Job instance at 0x7fd4f95f7cd0>,16,3,[8 1],17,37,40,20,37
1,<environment.Job instance at 0x7fd4f95f7e10>,17,2,[6 4],18,37,39,19,37
1,<environment.Job instance at 0x7fd4f963ec80>,3,2,[ 2 14],4,40,42,36,40
1,<environment.Job instance at 0x7fd4f95f7e60>,18,14,[4 6],19,44,58,25,44
1,<environment.Job instance at 0x7fd4f960d280>,24,2,[2 5],25,44,46,19,44
1,<environment.Job instance at 0x7fd4f960d500>,26,1,[3 8],27,54,55,27,54
1,<environment.Job instance at 0x7fd4f960d5a0>,27,3,[10  2],28,55,58,27,54
1,<environment.Job instance at 0x7fd4f960d640>,28,1,[2 8],29,58,59,29,54
1,<environment.Job instance at 0x7fd4f960d6e0>,29,1,[ 3 10],30,59,60,29,54
1,<environment.Job instance at 0x7fd4f960d8c0>,32,1,[ 5 10],33,67,68,34,67
1,<environment.Job instance at 0x7fd4f960d960>,33,1,[ 5 12],34,68,69,34,67
1,<environment.Job instance at 0x7fd4f960daf0>,34,21,[7 2],35,67,88,32,67
1,<environment.Job instance at 0x7fd541b314b0>,5,21,[2 5],6,6,27,0,6
1,<environment.Job instance at 0x7fd541b31d70>,13,27,[1 8],14,14,41,0,14
1,<environment.Job instance at 0x7fd541b31280>,14,1,[5 8],15,41,42,26,17
1,<environment.Job instance at 0x7fd541b315f0>,9,19,[9 1],10,20,39,10,20
1,<environment.Job instance at 0x7fd53d02a7d0>,22,3,[ 1 10],23,42,45,19,23
1,<environment.Job instance at 0x7fd53d1c5870>,27,22,[1 7],28,48,70,20,48
1,<environment.Job instance at 0x7fd53d1c5410>,28,2,[5 7],29,48,50,19,48
1,<environment.Job instance at 0x7fd53d1c5aa0>,32,1,[9 3],33,69,70,36,69
1,<environment.Job instance at 0x7fd541bf8a00>,33,3,[ 3 14],34,70,73,36,69
1,<environment.Job instance at 0x7fd541bf8280>,35,25,[6 3],36,73,98,37,69
1,<environment.Job instance at 0x7fd541bf8780>,36,2,[5 1],37,69,71,32,69
1,<environment.Job instance at 0x7fd541bf8f50>,37,2,[4 5],38,73,75,35,69
1,<environment.Job instance at 0x7fd53cd898c0>,40,2,[ 5 11],41,82,84,41,82
1,<environment.Job instance at 0x7fd53cee8230>,3,1,[6 2],4,5,6,1,5
1,<environment.Job instance at 0x7fd53cdc0910>,4,2,[4 6],5,6,8,1,6
1,<environment.Job instance at 0x7fd5414c8870>,7,3,[ 1 12],8,8,11,0,8
1,<environment.Job instance at 0x7fd53cea5460>,16,23,[7 4],17,17,40,0,17
1,<environment.Job instance at 0x7fd54155ffa0>,17,1,[9 4],18,40,41,22,18
1,<environment.Job instance at 0x7fd54160cdc0>,23,20,[5 4],24,30,50,6,30
1,<environment.Job instance at 0x7fd54160cc30>,26,2,[3 9],27,41,43,14,30
1,<environment.Job instance at 0x7fd54193f5f0>,29,1,[ 2 10],30,43,44,13,32
1,<environment.Job instance at 0x7fd5419b3f00>,33,1,[7 2],34,45,46,11,45
1,<environment.Job instance at 0x7fd5419b3d20>,35,20,[4 7],36,59,79,23,59
1,<environment.Job instance at 0x7fd5419b3370>,36,21,[6 5],37,59,80,22,59
1,<environment.Job instance at 0x7fd4f92cc3c0>,41,27,[5 1],42,74,101,32,74
1,<environment.Job instance at 0x7fd4f92cceb0>,42,21,[1 6],43,79,100,36,74
1,<environment.Job instance at 0x7fd4f93595f0>,46,25,[8 3],47,91,116,44,91
1,<environment.Job instance at 0x7fd5416b1d20>,3,3,[9 2],4,7,10,3,7
1,<environment.Job instance at 0x7fd4f94ccdc0>,8,1,[8 4],9,10,11,1,9
1,<environment.Job instance at 0x7fd4f94ccfa0>,10,2,[4 9],11,11,13,0,11
1,<environment.Job instance at 0x7fd4f94ae2d0>,14,1,[1 9],15,17,18,2,17
1,<environment.Job instance at 0x7fd4f94ae780>,20,28,[5 6],21,50,78,29,50
1,<environment.Job instance at 0x7fd4f94ae6e0>,23,28,[ 1 11],24,78,106,54,77
1,<environment.Job instance at 0x7fd4f94aecd0>,25,23,[5 3],26,77,100,51,77
1,<environment.Job instance at 0x7fd5415e20a0>,6,1,[5 7],7,7,8,0,7
1,<environment.Job instance at 0x7fd4f91a4e60>,9,1,[5 6],10,10,11,0,10
1,<environment.Job instance at 0x7fd4f95cbf50>,16,2,[7 3],17,24,26,7,24
1,<environment.Job instance at 0x7fd4f98c9f50>,17,25,[9 4],18,26,51,8,24
1,<environment.Job instance at 0x7fd4f97dfcd0>,18,2,[2 7],19,24,26,5,24
1,<environment.Job instance at 0x7fd4f97df640>,19,2,[4 6],20,26,28,6,24
1,<environment.Job instance at 0x7fd53d2eb3c0>,21,3,[ 4 12],22,51,54,29,30
1,<environment.Job instance at 0x7fd4f909e7d0>,24,1,[8 1],25,51,52,26,40
1,<environment.Job instance at 0x7fd53d065640>,29,2,[9 5],30,57,59,27,57
1,<environment.Job instance at 0x7fd53d065500>,30,1,[8 5],31,59,60,28,57
1,<environment.Job instance at 0x7fd53d0650f0>,32,2,[5 7],33,63,65,30,63
1,<environment.Job instance at 0x7fd4f9521aa0>,34,25,[7 4],35,68,93,33,68
1,<environment.Job instance at 0x7fd53cda0f00>,36,22,[ 4 10],37,68,90,31,68
1,<environment.Job instance at 0x7fd53cdf1b90>,40,3,[7 3],41,90,93,49,85
1,<environment.Job instance at 0x7fd4f95b9410>,4,22,[9 5],5,5,27,0,5
1,<environment.Job instance at 0x7fd4f962cb90>,5,3,[ 1 14],6,27,30,21,16
1,<environment.Job instance at 0x7fd5418800a0>,17,2,[3 7],18,41,43,23,41
1,<environment.Job instance at 0x7fd53d358870>,19,21,[1 7],20,51,72,31,51
1,<environment.Job instance at 0x7fd5418d3910>,24,1,[10  4],25,70,71,45,70
1,<environment.Job instance at 0x7fd5416c83c0>,30,2,[8 1],31,97,99,66,97
1,<environment.Job instance at 0x7fd541bcaaa0>,31,1,[9 4],32,99,100,67,97
1,<environment.Job instance at 0x7fd53cdbd370>,4,1,[9 2],5,6,7,1,6
1,<environment.Job instance at 0x7fd5419cf2d0>,7,22,[6 1],8,8,30,0,8
1,<environment.Job instance at 0x7fd541bcaaa0>,5,3,[9 1],6,11,14,5,11
1,<environment.Job instance at 0x7fd5419cf780>,12,2,[8 2],13,14,16,1,13
1,<environment.Job instance at 0x7fd5419cfa50>,13,2,[8 1],14,16,18,2,14
1,<environment.Job instance at 0x7fd5419cfaf0>,14,1,[ 3 10],15,18,19,3,15
1,<environment.Job instance at 0x7fd5419cfeb0>,19,2,[3 7],20,25,27,5,25
1,<environment.Job instance at 0x7fd5419e60a0>,22,19,[8 3],23,40,59,17,40
1,<environment.Job instance at 0x7fd5419e6690>,25,1,[7 1],26,58,59,32,58
1,<environment.Job instance at 0x7fd5419e6460>,26,23,[5 5],27,59,82,32,58
1,<environment.Job instance at 0x7fd5419e67d0>,29,25,[7 3],30,73,98,43,73
1,<environment.Job instance at 0x7fd5419e6870>,30,1,[12  5],31,98,99,67,82
1,<environment.Job instance at 0x7fd5419e6e10>,39,3,[7 1],40,93,96,53,93
1,<environment.Job instance at 0x7fd5419fb320>,41,3,[ 3 11],42,99,102,57,95
1,<environment.Job instance at 0x7fd5419fb1e0>,2,2,[1 5],3,5,7,2,5
1,<environment.Job instance at 0x7fd53cf429b0>,15,1,[5 6],16,26,27,10,26
1,<environment.Job instance at 0x7fd53cf422d0>,19,2,[10  3],20,26,28,6,26
1,<environment.Job instance at 0x7fd53cf42730>,20,1,[4 8],21,27,28,6,26
1,<environment.Job instance at 0x7fd53cf42dc0>,22,3,[5 8],23,39,42,16,39
1,<environment.Job instance at 0x7fd54179e780>,0,2,[ 4 14],1,42,44,41,39
1,<environment.Job instance at 0x7fd5417025f0>,25,20,[10  3],26,44,64,18,39
1,<environment.Job instance at 0x7fd5417020f0>,28,1,[9 5],29,40,41,11,40
1,<environment.Job instance at 0x7fd541702aa0>,29,1,[7 3],30,41,42,11,40
1,<environment.Job instance at 0x7fd541702dc0>,30,2,[9 4],31,64,66,33,42
1,<environment.Job instance at 0x7fd541702230>,31,1,[3 8],32,44,45,12,42
1,<environment.Job instance at 0x7fd5417023c0>,33,3,[9 5],34,66,69,32,52
1,<environment.Job instance at 0x7fd53ceeccd0>,36,2,[ 5 12],37,69,71,32,65
1,<environment.Job instance at 0x7fd53ceeca50>,37,23,[6 1],38,65,88,27,65
1,<environment.Job instance at 0x7fd53ceec5a0>,38,3,[9 2],39,71,74,32,65
1,<environment.Job instance at 0x7fd5414c10f0>,39,2,[4 5],40,74,76,34,65
1,<environment.Job instance at 0x7fd5414c15a0>,40,1,[10  3],41,88,89,47,65
1,<environment.Job instance at 0x7fd53d2b4320>,43,3,[2 6],44,74,77,30,67
1,<environment.Job instance at 0x7fd53d2b48c0>,44,2,[9 2],45,77,79,32,67
1,<environment.Job instance at 0x7fd53cf42910>,9,18,[2 9],10,91,109,81,91
1,<environment.Job instance at 0x7fd4f908dd20>,50,25,[9 4],51,95,120,44,95
1,<environment.Job instance at 0x7fd53cd54780>,3,23,[1 7],4,4,27,0,4
1,<environment.Job instance at 0x7fd53d156e60>,4,22,[1 8],5,5,27,0,5
1,<environment.Job instance at 0x7fd5418f3f50>,21,12,[8 2],22,31,43,9,31
1,<environment.Job instance at 0x7fd5418f3d20>,22,22,[5 3],23,31,53,8,31
1,<environment.Job instance at 0x7fd5418f3eb0>,23,1,[8 4],24,43,44,19,31
1,<environment.Job instance at 0x7fd5418f35f0>,25,1,[8 5],26,44,45,18,38
1,<environment.Job instance at 0x7fd5418f38c0>,26,3,[2 5],27,40,43,13,40
1,<environment.Job instance at 0x7fd5418f3f00>,27,24,[2 8],28,45,69,17,40
1,<environment.Job instance at 0x7fd53ce3ad20>,33,26,[1 8],34,70,96,36,70
1,<environment.Job instance at 0x7fd53d376dc0>,37,3,[7 5],38,73,76,35,73
1,<environment.Job instance at 0x7fd53d3765a0>,38,2,[5 3],39,76,78,37,73
1,<environment.Job instance at 0x7fd53d376f00>,41,23,[9 4],42,82,105,40,82
1,<environment.Job instance at 0x7fd53d376320>,45,2,[1 9],46,98,100,52,98
1,<environment.Job instance at 0x7fd5416286e0>,47,1,[ 1 10],48,100,101,52,99
1,<environment.Job instance at 0x7fd5416285a0>,49,1,[6 4],50,101,102,51,99
1,<environment.Job instance at 0x7fd541716e10>,5,22,[5 2],6,6,28,0,6
1,<environment.Job instance at 0x7fd54170e3c0>,6,1,[11  1],7,28,29,21,8
1,<environment.Job instance at 0x7fd541700960>,11,28,[7 5],12,29,57,17,28
1,<environment.Job instance at 0x7fd541700190>,14,26,[7 1],15,31,57,16,31
1,<environment.Job instance at 0x7fd541700b90>,13,2,[14  5],14,57,59,43,53
1,<environment.Job instance at 0x7fd4f927cf00>,30,24,[10  5],31,81,105,50,81
1,<environment.Job instance at 0x7fd53cc8caf0>,0,22,[4 6],1,1,23,0,1
1,<environment.Job instance at 0x7fd53cd3fc30>,6,1,[6 4],7,7,8,0,7
1,<environment.Job instance at 0x7fd4f981e370>,13,2,[8 3],14,14,16,0,14
1,<environment.Job instance at 0x7fd53cea2eb0>,19,1,[ 4 14],20,23,24,3,21
1,<environment.Job instance at 0x7fd53cea2af0>,21,1,[5 5],22,34,35,12,34
1,<environment.Job instance at 0x7fd4f9144960>,25,1,[ 5 13],26,55,56,29,55
1,<environment.Job instance at 0x7fd4f9144cd0>,26,1,[8 5],27,56,57,29,55
1,<environment.Job instance at 0x7fd4f91449b0>,27,3,[3 6],28,56,59,28,55
1,<environment.Job instance at 0x7fd4f91447d0>,28,2,[2 9],29,57,59,28,55
1,<environment.Job instance at 0x7fd4f91441e0>,31,22,[2 9],32,69,91,37,69
1,<environment.Job instance at 0x7fd4f9144460>,32,2,[5 5],33,69,71,36,69
1,<environment.Job instance at 0x7fd4f91446e0>,33,3,[ 5 11],34,91,94,57,69
1,<environment.Job instance at 0x7fd4f98a2190>,34,1,[9 1],35,71,72,36,69
1,<environment.Job instance at 0x7fd4f9144aa0>,37,2,[9 2],38,91,93,53,91
1,<environment.Job instance at 0x7fd53ccee050>,38,1,[5 5],39,94,95,55,91
1,<environment.Job instance at 0x7fd541bac6e0>,40,2,[7 1],41,93,95,52,92
1,<environment.Job instance at 0x7fd541bac9b0>,41,3,[ 3 11],42,95,98,53,92
1,<environment.Job instance at 0x7fd541bacaf0>,42,1,[ 3 10],43,98,99,55,92
1,<environment.Job instance at 0x7fd541baca00>,44,1,[2 5],45,98,99,53,96
1,<environment.Job instance at 0x7fd541bacf50>,45,3,[10  1],46,99,102,53,96
1,<environment.Job instance at 0x7fd541bacaa0>,46,3,[2 5],47,99,102,52,96
1,<environment.Job instance at 0x7fd53d01b500>,0,26,[9 4],1,1,27,0,1
1,<environment.Job instance at 0x7fd4f8f0cd20>,8,24,[8 3],9,27,51,18,22
1,<environment.Job instance at 0x7fd4f8f0c4b0>,13,2,[1 5],14,22,24,8,22
1,<environment.Job instance at 0x7fd4f8f0c820>,19,19,[2 9],20,26,45,6,26
1,<environment.Job instance at 0x7fd4f8f0c690>,20,22,[1 9],21,45,67,24,38
1,<environment.Job instance at 0x7fd4f987ec30>,28,2,[ 4 12],29,67,69,38,53
1,<environment.Job instance at 0x7fd4f987e5a0>,33,26,[2 9],34,69,95,35,66
1,<environment.Job instance at 0x7fd4f8ef2820>,39,3,[3 5],40,89,92,49,89
1,<environment.Job instance at 0x7fd53cfd75a0>,1,23,[7 5],2,2,25,0,2
1,<environment.Job instance at 0x7fd4f8ef2d70>,2,28,[8 2],3,3,31,0,3
1,<environment.Job instance at 0x7fd53ce60370>,3,22,[5 4],4,25,47,21,18
1,<environment.Job instance at 0x7fd53cf055f0>,14,2,[1 7],15,25,27,10,18
1,<environment.Job instance at 0x7fd53cef8aa0>,24,26,[7 4],25,31,57,6,28
1,<environment.Job instance at 0x7fd53cef8be0>,25,1,[12  3],26,57,58,31,34
1,<environment.Job instance at 0x7fd53cef80a0>,32,3,[9 3],33,58,61,25,46
1,<environment.Job instance at 0x7fd4f91555f0>,33,1,[10  5],34,61,62,27,46
1,<environment.Job instance at 0x7fd53cc8b5a0>,35,3,[5 6],36,47,50,11,47
1,<environment.Job instance at 0x7fd4f92431e0>,37,1,[5 1],38,50,51,12,47
1,<environment.Job instance at 0x7fd4f982f7d0>,39,2,[6 3],40,63,65,23,63
1,<environment.Job instance at 0x7fd4f982f500>,41,16,[8 1],42,64,80,22,64
1,<environment.Job instance at 0x7fd4f982a2d0>,43,1,[7 3],44,77,78,33,77
1,<environment.Job instance at 0x7fd4f982a460>,44,3,[3 7],45,78,81,33,77
1,<environment.Job instance at 0x7fd4f983b2d0>,46,1,[3 9],47,81,82,34,80
1,<environment.Job instance at 0x7fd4f983bf00>,47,19,[4 7],48,82,101,34,80
1,<environment.Job instance at 0x7fd4f983b0f0>,48,3,[9 1],49,80,83,31,80
1,<environment.Job instance at 0x7fd4f983b320>,51,3,[2 8],52,92,95,40,92
1,<environment.Job instance at 0x7fd5419d1d20>,0,20,[5 8],1,1,21,0,1
1,<environment.Job instance at 0x7fd544257780>,10,21,[5 2],11,11,32,0,11
1,<environment.Job instance at 0x7fd4f930aa00>,17,2,[8 3],18,25,27,7,25
1,<environment.Job instance at 0x7fd541b8e960>,22,1,[5 8],23,53,54,30,53
1,<environment.Job instance at 0x7fd541b8ea00>,23,1,[6 3],24,53,54,29,53
1,<environment.Job instance at 0x7fd4f96cec30>,25,1,[10  4],26,54,55,28,53
1,<environment.Job instance at 0x7fd4f96ce960>,29,1,[6 1],30,56,57,26,56
1,<environment.Job instance at 0x7fd4f96ce410>,31,1,[6 1],32,64,65,32,64
1,<environment.Job instance at 0x7fd4f96ce7d0>,32,2,[ 4 10],33,64,66,31,64
1,<environment.Job instance at 0x7fd4f96cefa0>,33,2,[4 7],34,66,68,32,64
1,<environment.Job instance at 0x7fd4f96cedc0>,35,23,[7 4],36,77,100,41,77
1,<environment.Job instance at 0x7fd5416b9190>,36,23,[5 6],37,77,100,40,77
1,<environment.Job instance at 0x7fd5416b97d0>,38,25,[ 5 10],39,100,125,61,96
1,<environment.Job instance at 0x7fd4f9398d20>,4,1,[ 1 11],5,5,6,0,5
1,<environment.Job instance at 0x7fd4f9392b40>,7,1,[6 4],8,9,10,1,9
1,<environment.Job instance at 0x7fd4f9398c30>,6,1,[1 9],7,15,16,8,15
1,<environment.Job instance at 0x7fd4f93920a0>,5,1,[ 3 14],6,16,17,10,15
1,<environment.Job instance at 0x7fd4f9392320>,12,28,[5 1],13,15,43,2,15
1,<environment.Job instance at 0x7fd4f93925a0>,13,2,[1 9],14,17,19,3,15
1,<environment.Job instance at 0x7fd4f9392550>,17,1,[6 2],18,26,27,8,26
1,<environment.Job instance at 0x7fd4f9392410>,18,3,[1 7],19,26,29,7,26
1,<environment.Job instance at 0x7fd53d2503c0>,22,1,[6 3],23,41,42,18,41
1,<environment.Job instance at 0x7fd53d250cd0>,23,2,[4 5],24,41,43,17,41
1,<environment.Job instance at 0x7fd53d2501e0>,24,23,[2 9],25,42,65,17,41
1,<environment.Job instance at 0x7fd53d2508c0>,26,3,[14  4],27,65,68,38,48
1,<environment.Job instance at 0x7fd53d250410>,34,2,[6 1],35,87,89,52,87
1,<environment.Job instance at 0x7fd53d250370>,35,3,[7 2],36,87,90,51,87
1,<environment.Job instance at 0x7fd53d3fcc30>,36,1,[10  5],37,90,91,53,87
1,<environment.Job instance at 0x7fd53d3fc190>,38,26,[2 5],39,90,116,51,90
1,<environment.Job instance at 0x7fd53d3fc5f0>,39,28,[4 8],40,91,119,51,90
1,<environment.Job instance at 0x7fd541a01870>,1,24,[2 6],2,2,26,0,2
1,<environment.Job instance at 0x7fd5419fa780>,5,3,[1 5],6,6,9,0,6
1,<environment.Job instance at 0x7fd5419fa730>,13,21,[5 4],14,14,35,0,14
1,<environment.Job instance at 0x7fd4f922be10>,20,2,[1 8],21,29,31,8,29
1,<environment.Job instance at 0x7fd4f922b9b0>,23,1,[ 4 10],24,31,32,7,31
1,<environment.Job instance at 0x7fd4f922b050>,24,24,[5 8],25,32,56,7,31
1,<environment.Job instance at 0x7fd4f922bd70>,26,24,[10  2],27,35,59,8,31
1,<environment.Job instance at 0x7fd4f97ea5a0>,30,2,[14  3],31,59,61,28,47
1,<environment.Job instance at 0x7fd53cc810a0>,31,1,[3 9],32,56,57,24,47
1,<environment.Job instance at 0x7fd53cc81410>,34,18,[1 8],35,59,77,24,59
1,<environment.Job instance at 0x7fd53cc81140>,35,1,[5 9],36,77,78,41,59
1,<environment.Job instance at 0x7fd53cc81eb0>,36,23,[9 5],37,61,84,24,59
1,<environment.Job instance at 0x7fd53cc81460>,40,1,[ 5 10],41,78,79,37,78
1,<environment.Job instance at 0x7fd541a2d370>,44,1,[3 8],45,86,87,41,86
1,<environment.Job instance at 0x7fd53ce91640>,48,3,[9 3],49,96,99,47,96
1,<environment.Job instance at 0x7fd53ce915f0>,49,1,[13  5],50,99,100,49,96
1,<environment.Job instance at 0x7fd53ce91320>,50,1,[4 5],51,96,97,45,96
1,<environment.Job instance at 0x7fd53ce91550>,51,2,[4 7],52,97,99,45,96
1,<environment.Job instance at 0x7fe845f4f2d0>,1,22,[11  3],2,2,24,0,2
1,<environment.Job instance at 0x7fe83eb3f960>,12,26,[ 1 10],13,13,39,0,13
1,<environment.Job instance at 0x7fe83eb3feb0>,16,16,[3 5],17,24,40,7,24
1,<environment.Job instance at 0x7fe83eb3fe60>,17,3,[4 9],18,39,42,21,24
1,<environment.Job instance at 0x7fe83eb3ff00>,18,3,[4 7],19,42,45,23,24
1,<environment.Job instance at 0x7fe83eb3fd20>,20,1,[7 5],21,40,41,19,25
1,<environment.Job instance at 0x7fe83eb40230>,21,1,[6 5],22,41,42,19,25
1,<environment.Job instance at 0x7fe83eb401e0>,22,1,[2 7],23,42,43,19,25
1,<environment.Job instance at 0x7fe83eb40280>,23,27,[1 6],24,43,70,19,41
1,<environment.Job instance at 0x7fe83eb40910>,26,3,[3 7],27,45,48,18,44
1,<environment.Job instance at 0x7fe83eb40aa0>,28,23,[10  4],29,52,75,23,52
1,<environment.Job instance at 0x7fe83eb40e60>,34,24,[1 8],35,70,94,35,65
1,<environment.Job instance at 0x7fe83eb40f00>,37,2,[2 6],38,75,77,37,73
1,<environment.Job instance at 0x7fe83eb44140>,38,2,[ 1 10],39,94,96,55,73
1,<environment.Job instance at 0x7fe83eb441e0>,39,2,[5 6],40,77,79,37,73
1,<environment.Job instance at 0x7fe83eb443c0>,41,1,[5 2],42,87,88,45,87
1,<environment.Job instance at 0x7fe83eb44550>,42,2,[4 6],43,88,90,45,87
1,<environment.Job instance at 0x7fe83eb447d0>,44,3,[5 5],45,90,93,45,88
1,<environment.Job instance at 0x7fe83eb44910>,1,26,[ 5 10],2,2,28,0,2
1,<environment.Job instance at 0x7fe8460c9230>,9,20,[2 6],10,28,48,18,19
1,<environment.Job instance at 0x7fe8460bff00>,15,21,[4 5],16,19,40,3,19
1,<environment.Job instance at 0x7fe8460bf6e0>,17,22,[4 5],18,40,62,22,33
1,<environment.Job instance at 0x7fe8460bf140>,18,23,[ 2 14],19,62,85,43,56
1,<environment.Job instance at 0x7fe8460c9690>,6,3,[ 1 12],7,85,88,78,82
1,<environment.Job instance at 0x7fe8460c0c30>,26,1,[9 3],27,85,86,58,82
1,<environment.Job instance at 0x7fe8460c0870>,27,20,[9 2],28,86,106,58,82
1,<environment.Job instance at 0x7fe8460c9550>,12,3,[ 4 12],13,88,91,75,86
1,<environment.Job instance at 0x7fe7faebb410>,2,1,[ 4 13],3,3,4,0,3
1,<environment.Job instance at 0x7fe7fadef8c0>,11,1,[8 3],12,13,14,1,13
1,<environment.Job instance at 0x7fe7fadef1e0>,12,20,[1 7],13,13,33,0,13
1,<environment.Job instance at 0x7fe7fadef3c0>,13,1,[ 4 10],14,33,34,19,14
1,<environment.Job instance at 0x7fe7fadef140>,15,1,[10  1],16,16,17,0,16
1,<environment.Job instance at 0x7fe7fadef9b0>,16,19,[2 7],17,34,53,17,24
1,<environment.Job instance at 0x7fe7fadefa00>,20,24,[ 1 10],21,53,77,32,48
1,<environment.Job instance at 0x7fe7fadefaa0>,23,24,[7 4],24,48,72,24,48
1,<environment.Job instance at 0x7fe7fae53b40>,31,27,[4 7],32,77,104,45,75
1,<environment.Job instance at 0x7fe7fae53be0>,32,26,[8 4],33,75,101,42,75
1,<environment.Job instance at 0x7fe7fae539b0>,40,25,[ 3 10],41,104,129,63,100
1,<environment.Job instance at 0x7fe7fadf2410>,41,1,[ 2 10],42,129,130,87,101
1,<environment.Job instance at 0x7fe7fb40a230>,0,24,[2 8],1,1,25,0,1
1,<environment.Job instance at 0x7fe7fb40af00>,1,24,[9 1],2,2,26,0,2
1,<environment.Job instance at 0x7fe7fb40a0a0>,3,24,[10  5],4,26,50,22,21
1,<environment.Job instance at 0x7fe7fb40ad70>,4,23,[10  2],5,50,73,45,44
1,<environment.Job instance at 0x7fe7fb2d7730>,18,2,[5 7],19,47,49,28,47
1,<environment.Job instance at 0x7fe7fb4088c0>,21,2,[6 3],22,73,75,51,60
1,<environment.Job instance at 0x7fe7fb4080a0>,22,12,[8 1],23,73,85,50,61
1,<environment.Job instance at 0x7fe7fb408d70>,23,1,[1 7],24,61,62,37,61
1,<environment.Job instance at 0x7fe7fadc62d0>,25,3,[9 4],26,85,88,59,64
1,<environment.Job instance at 0x7fe7fadc6820>,28,2,[9 4],29,88,90,59,81
1,<environment.Job instance at 0x7fe7fadc6780>,29,3,[ 2 10],30,81,84,51,81
1,<environment.Job instance at 0x7fe7fadc6640>,30,27,[ 5 10],31,84,111,53,82
1,<environment.Job instance at 0x7fe7fadc6b90>,36,25,[ 5 10],37,111,136,74,107
1,<environment.Job instance at 0x7fe83f0d0fa0>,5,2,[5 5],6,7,9,1,7
1,<environment.Job instance at 0x7fe7fb22c410>,6,2,[13  4],7,9,11,2,9
1,<environment.Job instance at 0x7fe7fb22cbe0>,9,27,[1 5],10,10,37,0,10
1,<environment.Job instance at 0x7fe7fb22cb90>,12,3,[ 4 10],13,27,30,14,27
1,<environment.Job instance at 0x7fe7fb22c0a0>,4,3,[14  4],5,30,33,25,30
1,<environment.Job instance at 0x7fe7fb239aa0>,24,2,[1 8],25,77,79,52,77
1,<environment.Job instance at 0x7fe83f5c75a0>,1,22,[ 1 10],2,2,24,0,2
1,<environment.Job instance at 0x7fe83f817e10>,20,15,[1 6],21,27,42,6,27
1,<environment.Job instance at 0x7fe83f8177d0>,23,2,[10  5],24,39,41,15,39
1,<environment.Job instance at 0x7fe83f8174b0>,26,3,[8 1],27,55,58,28,55
1,<environment.Job instance at 0x7fe83f817c80>,28,21,[5 8],29,65,86,36,65
1,<environment.Job instance at 0x7fe83e9894b0>,31,28,[2 8],32,86,114,54,85
1,<environment.Job instance at 0x7fe83e989d70>,33,27,[9 3],34,88,115,54,88
1,<environment.Job instance at 0x7fe7fb19a960>,1,1,[4 6],2,3,4,1,3
1,<environment.Job instance at 0x7fe7fb313050>,5,1,[9 5],6,6,7,0,6
1,<environment.Job instance at 0x7fe83ee3bf50>,6,1,[2 6],7,8,9,1,8
1,<environment.Job instance at 0x7fe805b4f820>,4,2,[ 2 10],5,13,15,8,13
1,<environment.Job instance at 0x7fe83f1618c0>,12,3,[9 5],13,13,16,0,13
1,<environment.Job instance at 0x7fe83f19aa50>,16,2,[13  5],17,25,27,8,25
1,<environment.Job instance at 0x7fe7fb417f00>,17,1,[9 5],18,27,28,9,26
1,<environment.Job instance at 0x7fe7fb416a00>,20,26,[6 3],21,31,57,10,31
1,<environment.Job instance at 0x7fe83f1615f0>,8,18,[1 9],9,35,53,26,35
1,<environment.Job instance at 0x7fe83ee60870>,23,2,[6 3],24,35,37,11,35
1,<environment.Job instance at 0x7fe83f2ac5f0>,24,1,[9 4],25,53,54,28,35
1,<environment.Job instance at 0x7fe83ee60320>,25,23,[7 1],26,54,77,28,48
1,<environment.Job instance at 0x7fe83f5d2140>,26,1,[4 9],27,57,58,30,48
1,<environment.Job instance at 0x7fe83e905e10>,28,2,[8 5],29,58,60,29,49
1,<environment.Job instance at 0x7fe83f66e050>,38,1,[ 3 14],39,100,101,61,100
1,<environment.Job instance at 0x7fe83ec0ae10>,39,2,[5 6],40,101,103,61,100
1,<environment.Job instance at 0x7fe83ec0a9b0>,40,1,[5 9],41,101,102,60,100
1,<environment.Job instance at 0x7fe83ec0af50>,41,3,[8 4],42,102,105,60,100
1,<environment.Job instance at 0x7fe83ec0a6e0>,42,3,[5 2],43,103,106,60,100
1,<environment.Job instance at 0x7fe83ec0a780>,43,3,[9 2],44,105,108,61,100
1,<environment.Job instance at 0x7fe83ec4f280>,0,25,[2 8],1,1,26,0,1
1,<environment.Job instance at 0x7fe83f6840f0>,5,1,[10  1],6,6,7,0,6
1,<environment.Job instance at 0x7fe83f684230>,9,2,[13  5],10,12,14,2,12
1,<environment.Job instance at 0x7fe83f684910>,13,2,[2 5],14,14,16,0,14
1,<environment.Job instance at 0x7fe83ec4f370>,4,3,[ 3 14],5,26,29,21,23
1,<environment.Job instance at 0x7fe83f684be0>,17,3,[8 5],18,29,32,11,26
1,<environment.Job instance at 0x7fe83f684c80>,18,1,[ 3 12],19,32,33,13,26
1,<environment.Job instance at 0x7fe83f684dc0>,20,2,[5 6],21,41,43,20,41
1,<environment.Job instance at 0x7fe83f681320>,24,20,[9 5],25,59,79,34,59
1,<environment.Job instance at 0x7fe83f6815f0>,28,2,[8 5],29,79,81,50,74
1,<environment.Job instance at 0x7fe83f681870>,30,2,[2 7],31,85,87,54,85
1,<environment.Job instance at 0x7fe83f681730>,31,1,[10  4],32,85,86,53,85
1,<environment.Job instance at 0x7fe83f6819b0>,32,3,[3 8],33,86,89,53,85
1,<environment.Job instance at 0x7fe83f681820>,33,17,[10  5],34,91,108,57,91
1,<environment.Job instance at 0x7fe83f681a00>,36,1,[5 7],37,91,92,54,91
1,<environment.Job instance at 0x7fe83f681d70>,38,2,[7 3],39,108,110,69,98
1,<environment.Job instance at 0x7fe83f681e10>,39,1,[5 6],40,98,99,58,98
1,<environment.Job instance at 0x7fe83f6b45a0>,1,23,[ 3 13],2,2,25,0,2
1,<environment.Job instance at 0x7fe7fb0d29b0>,10,20,[9 5],11,25,45,14,16
1,<environment.Job instance at 0x7fe83eb186e0>,24,22,[9 5],25,50,72,25,50
1,<environment.Job instance at 0x7fe83eb182d0>,25,3,[ 1 14],26,72,75,46,50
1,<environment.Job instance at 0x7fe83f288cd0>,29,3,[10  2],30,75,78,45,65
1,<environment.Job instance at 0x7fe83ec94820>,32,3,[10  5],33,83,86,50,83
1,<environment.Job instance at 0x7fe83f286f50>,0,1,[2 6],1,2,3,1,2
1,<environment.Job instance at 0x7fe7fb280370>,17,22,[6 1],18,18,40,0,18
1,<environment.Job instance at 0x7fe83f11c0a0>,8,3,[11  1],9,40,43,31,19
1,<environment.Job instance at 0x7fe7fb420320>,22,2,[8 2],23,27,29,4,27
1,<environment.Job instance at 0x7fe7fb27dc30>,23,2,[8 1],24,29,31,5,27
1,<environment.Job instance at 0x7fe83e8adb90>,24,1,[ 3 10],25,31,32,6,27
1,<environment.Job instance at 0x7fe83e9d6550>,29,2,[3 7],30,52,54,22,52
1,<environment.Job instance at 0x7fe83ebf9e10>,32,19,[8 3],33,70,89,37,70
1,<environment.Job instance at 0x7fe83ebf9eb0>,35,1,[7 1],36,83,84,47,83
1,<environment.Job instance at 0x7fe83ebf9dc0>,36,23,[5 5],37,84,107,47,83
1,<environment.Job instance at 0x7fe83e94a960>,39,25,[7 3],40,89,114,49,88
1,<environment.Job instance at 0x7fe83e94a1e0>,40,1,[12  5],41,114,115,73,90
1,<environment.Job instance at 0x7fe83e94aa50>,42,1,[5 2],43,107,108,64,96
1,<environment.Job instance at 0x7fe7fb4f4b90>,8,2,[ 2 10],9,9,11,0,9
1,<environment.Job instance at 0x7fe83ebf9e60>,7,2,[9 1],8,10,12,2,10
1,<environment.Job instance at 0x7fe7fb1fd5f0>,0,2,[ 4 14],1,12,14,11,12
1,<environment.Job instance at 0x7fe7fb4f4c80>,12,1,[3 9],13,14,15,1,13
1,<environment.Job instance at 0x7fe7fb4ea280>,15,1,[5 6],16,16,17,0,16
1,<environment.Job instance at 0x7fe7fb4ea1e0>,18,3,[6 3],19,26,29,7,26
1,<environment.Job instance at 0x7fe7fb4ea460>,19,2,[10  3],20,29,31,9,26
1,<environment.Job instance at 0x7fe7fb4ea550>,20,1,[4 8],21,26,27,5,26
1,<environment.Job instance at 0x7fe7fb4eaaa0>,25,20,[10  3],26,44,64,18,44
1,<environment.Job instance at 0x7fe7fb4eabe0>,27,3,[8 3],28,64,67,36,45
1,<environment.Job instance at 0x7fe7fb4eae10>,28,1,[9 5],29,67,68,38,45
1,<environment.Job instance at 0x7fe7fb4ead70>,29,1,[7 3],30,64,65,34,45
1,<environment.Job instance at 0x7fe7fb4ce0a0>,30,2,[9 4],31,68,70,37,45
1,<environment.Job instance at 0x7fe7fb4ce1e0>,31,1,[3 8],32,45,46,13,45
1,<environment.Job instance at 0x7fe7fb4ce410>,36,2,[ 5 12],37,62,64,25,62
1,<environment.Job instance at 0x7fe7fb4ce4b0>,37,23,[6 1],38,65,88,27,62
1,<environment.Job instance at 0x7fe7fb4ce870>,43,3,[2 6],44,79,82,35,79
1,<environment.Job instance at 0x7fe7fb4d0410>,50,25,[9 4],51,107,132,56,107
1,<environment.Job instance at 0x7fe83f1a81e0>,2,26,[1 5],3,3,29,0,3
1,<environment.Job instance at 0x7fe82a2e47d0>,12,22,[5 3],13,13,35,0,13
1,<environment.Job instance at 0x7fe7fad1db40>,13,1,[8 4],14,14,15,0,14
1,<environment.Job instance at 0x7fe7fb278500>,15,1,[8 5],16,16,17,0,16
1,<environment.Job instance at 0x7fe7fb2789b0>,17,24,[2 8],18,29,53,11,24
1,<environment.Job instance at 0x7fe7fb278fa0>,18,2,[5 7],19,24,26,5,24
1,<environment.Job instance at 0x7fe846ec2e10>,23,26,[1 8],24,53,79,29,50
1,<environment.Job instance at 0x7fe83f2a69b0>,31,23,[9 4],32,68,91,36,68
1,<environment.Job instance at 0x7fe8460bbaf0>,37,1,[ 1 10],38,84,85,46,84
1,<environment.Job instance at 0x7fe8460bb7d0>,39,1,[6 4],40,87,88,47,87
1,<environment.Job instance at 0x7fe83ec499b0>,0,2,[1 9],1,4,6,3,4
1,<environment.Job instance at 0x7fe83ecf79b0>,4,3,[1 6],5,5,8,0,5
1,<environment.Job instance at 0x7fe83ea05190>,6,1,[7 1],7,7,8,0,7
1,<environment.Job instance at 0x7fe83eaf7320>,10,24,[10  5],11,11,35,0,11
1,<environment.Job instance at 0x7fe83eaf70f0>,11,3,[ 4 12],12,39,42,27,39
1,<environment.Job instance at 0x7fe7fb1565a0>,18,27,[5 1],19,58,85,39,58
1,<environment.Job instance at 0x7fe7fb1564b0>,20,1,[2 7],21,60,61,39,60
1,<environment.Job instance at 0x7fe7fb156640>,21,2,[ 1 10],22,61,63,39,60
1,<environment.Job instance at 0x7fe7fb156dc0>,22,3,[2 6],23,63,66,40,60
1,<environment.Job instance at 0x7fe7fb1561e0>,24,2,[10  3],25,69,71,44,69
1,<environment.Job instance at 0x7fe7fb156410>,25,1,[5 2],26,71,72,45,69
1,<environment.Job instance at 0x7fe7fb156960>,27,2,[5 5],28,75,77,47,75
1,<environment.Job instance at 0x7fe7fb156460>,28,27,[1 7],29,75,102,46,75
1,<environment.Job instance at 0x7fe83e93f4b0>,30,3,[5 7],31,96,99,65,96
1,<environment.Job instance at 0x7fe83e93f730>,31,3,[7 4],32,99,102,67,96
1,<environment.Job instance at 0x7fe83e93fa00>,32,3,[1 5],33,102,105,69,96
1,<environment.Job instance at 0x7fe83e93ff50>,33,2,[5 6],34,102,104,68,96
1,<environment.Job instance at 0x7fe83e93f140>,34,1,[2 5],35,104,105,69,96
1,<environment.Job instance at 0x7fe83e93fc30>,36,1,[14  4],37,105,106,68,103
1,<environment.Job instance at 0x7fe7faba79b0>,1,22,[2 9],2,2,24,0,2
1,<environment.Job instance at 0x7fe7fac5b0f0>,3,3,[ 5 11],4,24,27,20,20
1,<environment.Job instance at 0x7fe83ea5f4b0>,19,2,[1 8],20,27,29,7,20
1,<environment.Job instance at 0x7fe7fb3bdbe0>,11,3,[ 3 11],12,29,32,17,26
1,<environment.Job instance at 0x7fe7fb3b4960>,23,3,[6 1],24,32,35,8,32
1,<environment.Job instance at 0x7fe7fb3b4690>,24,26,[10  2],25,35,61,10,32
1,<environment.Job instance at 0x7fe7fb3a1cd0>,32,20,[5 2],33,44,64,11,44
1,<environment.Job instance at 0x7fe83f651f50>,36,1,[5 5],37,61,62,24,58
1,<environment.Job instance at 0x7fe83f1e5c30>,39,1,[5 1],40,67,68,27,67
1,<environment.Job instance at 0x7fe83f80ea50>,40,2,[10  1],41,67,69,26,67
1,<environment.Job instance at 0x7fe83f14e460>,44,3,[2 8],45,72,75,27,72
1,<environment.Job instance at 0x7fe83f14eaf0>,46,20,[4 9],47,75,95,28,72
1,<environment.Job instance at 0x7fe83f14e910>,47,2,[5 7],48,72,74,24,72
1,<environment.Job instance at 0x7fe83f14e0a0>,49,1,[6 3],50,79,80,29,79
1,<environment.Job instance at 0x7fe83f14ef50>,51,2,[ 2 13],52,95,97,43,87
1,<environment.Job instance at 0x7fe83f24b190>,52,1,[5 5],53,87,88,34,87
1,<environment.Job instance at 0x7fe83f660280>,53,21,[5 7],54,97,118,43,89
1,<environment.Job instance at 0x7fe83ebdbe10>,56,2,[8 3],57,104,106,47,104
1,<environment.Job instance at 0x7fe83f0759b0>,58,2,[12  1],59,118,120,59,105
1,<environment.Job instance at 0x7fe83e9f2f50>,0,3,[2 6],1,1,4,0,1
1,<environment.Job instance at 0x7fe83e9e91e0>,10,1,[1 7],11,11,12,0,11
1,<environment.Job instance at 0x7fe7fb3460f0>,16,1,[6 3],17,17,18,0,17
1,<environment.Job instance at 0x7fe83f5d7c30>,17,1,[5 4],18,21,22,3,21
1,<environment.Job instance at 0x7fe7faec2e10>,19,1,[3 5],20,22,23,2,22
1,<environment.Job instance at 0x7fe83f5d7190>,20,1,[4 9],21,22,23,1,22
1,<environment.Job instance at 0x7fe83e8ef460>,24,2,[7 3],25,33,35,8,33
1,<environment.Job instance at 0x7fe83eff0960>,3,18,[1 8],4,33,51,29,33
1,<environment.Job instance at 0x7fe7faf1ceb0>,28,2,[1 6],29,35,37,6,35
1,<environment.Job instance at 0x7fe83efe3b40>,29,23,[5 5],30,37,60,7,35
1,<environment.Job instance at 0x7fe83ed36320>,35,24,[7 5],36,66,90,30,66
1,<environment.Job instance at 0x7fe83ed36f00>,38,2,[5 5],39,77,79,38,77
1,<environment.Job instance at 0x7fe83ed367d0>,41,2,[4 8],42,80,82,38,80
1,<environment.Job instance at 0x7fe83ed363c0>,37,3,[ 2 13],38,90,93,52,81
1,<environment.Job instance at 0x7fe83f338b90>,44,3,[9 3],45,93,96,48,81
1,<environment.Job instance at 0x7fe7fabd23c0>,48,3,[10  1],49,96,99,47,95
1,<environment.Job instance at 0x7fe7fabd2280>,50,1,[13  2],51,107,108,56,107
1,<environment.Job instance at 0x7fe7fab20d70>,10,2,[3 9],11,11,13,0,11
1,<environment.Job instance at 0x7fe7fab201e0>,12,22,[6 2],13,13,35,0,13
1,<environment.Job instance at 0x7fe7fab20050>,14,23,[6 5],15,18,41,3,18
1,<environment.Job instance at 0x7fe7faac9e10>,19,3,[8 1],20,35,38,15,28
1,<environment.Job instance at 0x7fe7faac90a0>,20,2,[2 7],21,28,30,7,28
1,<environment.Job instance at 0x7fe7faac9e60>,23,21,[7 4],24,46,67,22,46
1,<environment.Job instance at 0x7fe7faac9960>,24,2,[ 4 10],25,46,48,21,46
1,<environment.Job instance at 0x7fe7faac9190>,26,1,[3 5],27,62,63,35,62
1,<environment.Job instance at 0x7fe7fb0f5280>,29,1,[9 1],30,67,68,37,62
1,<environment.Job instance at 0x7fe7fb0f5f50>,30,26,[5 7],31,63,89,32,62
1,<environment.Job instance at 0x7fe7fb0f5230>,34,20,[5 9],35,89,109,54,80
1,<environment.Job instance at 0x7fe7fb0f5eb0>,39,27,[5 9],40,109,136,69,107
1,<environment.Job instance at 0x7fe83eb8a140>,3,20,[5 2],4,4,24,0,4
1,<environment.Job instance at 0x7fe7fb41efa0>,10,2,[ 4 14],11,24,26,13,15
1,<environment.Job instance at 0x7fe83f1d4140>,7,2,[ 5 11],8,17,19,9,17
1,<environment.Job instance at 0x7fe7fb42c910>,19,2,[6 4],20,20,22,0,20
1,<environment.Job instance at 0x7fe7fb41c0f0>,20,25,[8 3],21,26,51,5,22
1,<environment.Job instance at 0x7fe7fb42c8c0>,21,27,[8 1],22,51,78,29,49
1,<environment.Job instance at 0x7fe7fb428230>,27,27,[2 6],28,49,76,21,49
1,<environment.Job instance at 0x7fe7fb1ff5a0>,37,26,[ 5 10],38,76,102,38,73
1,<environment.Job instance at 0x7fe7fb178e60>,39,1,[12  4],40,102,103,62,88
1,<environment.Job instance at 0x7fe83f519d70>,44,1,[ 1 11],45,102,103,57,99
1,<environment.Job instance at 0x7fe83f519aa0>,45,1,[ 3 14],46,103,104,57,99
1,<environment.Job instance at 0x7fe7faf820f0>,51,18,[5 5],52,104,122,52,104
1,<environment.Job instance at 0x7fe7faf82730>,52,28,[5 1],53,104,132,51,104
1,<environment.Job instance at 0x7fe7faf82c80>,53,2,[1 9],54,104,106,50,104
1,<environment.Job instance at 0x7fe83eecca50>,55,3,[8 5],56,122,125,66,104
1,<environment.Job instance at 0x7fe7fae05b40>,57,1,[6 2],58,125,126,67,104
1,<environment.Job instance at 0x7fe7faffca00>,6,20,[10  4],7,7,27,0,7
1,<environment.Job instance at 0x7fe83ede0c80>,23,24,[9 2],24,27,51,3,24
1,<environment.Job instance at 0x7fe7fb002d70>,26,1,[1 6],27,29,30,2,29
1,<environment.Job instance at 0x7fe7fb0029b0>,28,2,[ 2 10],29,30,32,1,29
1,<environment.Job instance at 0x7fe7fb3a11e0>,31,24,[2 6],32,46,70,14,46
1,<environment.Job instance at 0x7fe7fb3a1a50>,34,3,[2 5],35,59,62,24,59
1,<environment.Job instance at 0x7fe7fb3a1500>,35,3,[1 5],36,62,65,26,59
1,<environment.Job instance at 0x7fe7fb3a1410>,37,3,[3 5],38,75,78,37,75
1,<environment.Job instance at 0x7fe7faac9910>,42,1,[2 8],43,89,90,46,89
1,<environment.Job instance at 0x7fe7faac9b40>,43,21,[5 4],44,89,110,45,89
1,<environment.Job instance at 0x7fe83f0bfbe0>,47,2,[10  5],48,105,107,57,105
1,<environment.Job instance at 0x7fe83f0bf960>,48,3,[10  4],49,107,110,58,105
1,<environment.Job instance at 0x7fe83efb6f50>,8,1,[10  4],9,11,12,2,11
1,<environment.Job instance at 0x7fe83efb61e0>,14,28,[4 7],15,17,45,2,17
1,<environment.Job instance at 0x7fe83efb6c30>,16,2,[9 4],17,18,20,1,18
1,<environment.Job instance at 0x7fe83efb6cd0>,17,3,[7 3],18,20,23,2,18
1,<environment.Job instance at 0x7fe7faad20f0>,20,24,[9 4],21,30,54,9,30
1,<environment.Job instance at 0x7fe7faad2820>,22,2,[ 3 10],23,45,47,22,43
1,<environment.Job instance at 0x7fe7faad2230>,23,2,[12  3],24,54,56,30,43
1,<environment.Job instance at 0x7fe7faad2730>,26,18,[10  1],27,85,103,58,85
1,<environment.Job instance at 0x7fe7faad2aa0>,32,1,[7 3],33,103,104,70,85
1,<environment.Job instance at 0x7fe83f805780>,17,1,[3 6],18,18,19,0,18
1,<environment.Job instance at 0x7fe83f8055a0>,18,2,[7 1],19,19,21,0,19
1,<environment.Job instance at 0x7fe83f2b1370>,20,2,[ 2 12],21,28,30,7,28
1,<environment.Job instance at 0x7fe7fb43fe60>,29,2,[10  4],30,61,63,31,61
1,<environment.Job instance at 0x7fe83ec74410>,35,1,[14  5],36,88,89,52,88
1,<environment.Job instance at 0x7fe83ec74fa0>,37,2,[ 5 12],38,91,93,53,91
1,<environment.Job instance at 0x7fe83ec74eb0>,38,3,[9 4],39,93,96,54,91
1,<environment.Job instance at 0x7fe83ec74640>,39,20,[7 2],40,96,116,56,91
1,<environment.Job instance at 0x7f64d18f72d0>,1,22,[11  3],2,2,24,0,2
1,<environment.Job instance at 0x7f64d1980d70>,2,22,[4 8],3,3,25,0,3
1,<environment.Job instance at 0x7f64ca4e79b0>,12,26,[ 1 10],13,25,51,12,22
1,<environment.Job instance at 0x7f64ca4e7e60>,18,3,[4 7],19,51,54,32,27
1,<environment.Job instance at 0x7f64ca4e7fa0>,20,1,[7 5],21,34,35,13,34
1,<environment.Job instance at 0x7f64ca4e91e0>,22,1,[2 7],23,51,52,28,34
1,<environment.Job instance at 0x7f64ca4e9050>,23,27,[1 6],24,52,79,28,50
1,<environment.Job instance at 0x7f64ca4e9820>,28,23,[10  4],29,54,77,25,51
1,<environment.Job instance at 0x7f64ca4e9f00>,34,24,[1 8],35,77,101,42,72
1,<environment.Job instance at 0x7f64ca4e9eb0>,37,2,[2 6],38,79,81,41,79
1,<environment.Job instance at 0x7f64ca4ec140>,38,2,[ 1 10],39,101,103,62,79
1,<environment.Job instance at 0x7f64ca4ec1e0>,39,2,[5 6],40,81,83,41,79
1,<environment.Job instance at 0x7f64ca4ec320>,41,1,[5 2],42,83,84,41,83
1,<environment.Job instance at 0x7f64ca4ec3c0>,42,2,[4 6],43,84,86,41,83
1,<environment.Job instance at 0x7f64ca4e7c80>,15,18,[2 8],16,103,121,87,92
1,<environment.Job instance at 0x7f64ca4ec500>,44,3,[5 5],45,92,95,47,92
1,<environment.Job instance at 0x7f64d191e460>,5,21,[4 5],6,6,27,0,6
1,<environment.Job instance at 0x7f64d191edc0>,7,22,[4 5],8,8,30,0,8
1,<environment.Job instance at 0x7f64d1a71730>,17,20,[9 2],18,27,47,9,18
1,<environment.Job instance at 0x7f64d191e690>,8,23,[ 2 14],9,47,70,38,41
1,<environment.Job instance at 0x7f64d1a63af0>,2,3,[ 4 12],3,70,73,67,69
1,<environment.Job instance at 0x7f64d1a67f00>,22,3,[4 7],23,74,77,51,74
1,<environment.Job instance at 0x7f64d1a67320>,24,2,[2 7],25,81,83,56,81
1,<environment.Job instance at 0x7f64d1a67230>,25,3,[ 4 13],26,83,86,57,81
1,<environment.Job instance at 0x7f64d1a67e10>,27,1,[ 1 14],28,86,87,58,82
1,<environment.Job instance at 0x7f64d1a677d0>,30,2,[3 8],31,87,89,56,87
1,<environment.Job instance at 0x7f64d1a6b4b0>,33,3,[1 9],34,101,104,67,101
1,<environment.Job instance at 0x7f64d1a6ba50>,35,1,[9 1],36,104,105,68,104
1,<environment.Job instance at 0x7f64d1a6bb40>,36,1,[6 3],37,104,105,67,104
1,<environment.Job instance at 0x7f64d1a6be10>,37,3,[4 5],38,105,108,67,104
1,<environment.Job instance at 0x7f64d1a6b190>,39,2,[4 9],40,118,120,78,118
1,<environment.Job instance at 0x7f64d1a6baf0>,40,3,[13  3],41,120,123,79,118
1,<environment.Job instance at 0x7f64d191fc30>,42,3,[3 7],43,123,126,80,119
1,<environment.Job instance at 0x7f64d191fa00>,44,3,[6 4],45,123,126,78,119
1,<environment.Job instance at 0x7f64868e19b0>,0,24,[ 1 10],1,1,25,0,1
1,<environment.Job instance at 0x7f64868e1aa0>,3,24,[7 4],4,4,28,0,4
1,<environment.Job instance at 0x7f64868e6960>,11,27,[4 7],12,25,52,13,23
1,<environment.Job instance at 0x7f64868e60f0>,12,26,[8 4],13,28,54,15,25
1,<environment.Job instance at 0x7f64868e6230>,20,25,[ 3 10],21,52,77,31,48
1,<environment.Job instance at 0x7f64868e6fa0>,21,1,[ 2 10],22,77,78,55,49
1,<environment.Job instance at 0x7f64868e6460>,22,1,[3 9],23,78,79,55,50
1,<environment.Job instance at 0x7f64868e6640>,23,2,[4 7],24,79,81,55,52
1,<environment.Job instance at 0x7f64868e1a00>,5,3,[12  3],6,54,57,48,52
1,<environment.Job instance at 0x7f64868e55a0>,25,2,[1 5],26,57,59,31,52
1,<environment.Job instance at 0x7f64868e5e60>,32,1,[5 5],33,59,60,26,52
1,<environment.Job instance at 0x7f64868e5280>,33,23,[10  1],34,60,83,26,54
1,<environment.Job instance at 0x7f64868e52d0>,36,28,[6 5],37,83,111,46,82
1,<environment.Job instance at 0x7f64868e5780>,39,2,[10  2],40,111,113,71,84
1,<environment.Job instance at 0x7f64868e55f0>,40,2,[ 5 10],41,84,86,43,84
1,<environment.Job instance at 0x7f64868c97d0>,42,2,[2 6],43,86,88,43,84
1,<environment.Job instance at 0x7f64868c9640>,43,2,[7 3],44,86,88,42,84
1,<environment.Job instance at 0x7f64868c9a50>,46,1,[2 7],47,100,101,53,100
1,<environment.Job instance at 0x7f64868c96e0>,49,28,[5 3],50,101,129,51,101
1,<environment.Job instance at 0x7f64868c98c0>,50,18,[6 1],51,115,133,64,115
1,<environment.Job instance at 0x7f64868c9dc0>,51,2,[1 5],52,115,117,63,115
1,<environment.Job instance at 0x7f648681b780>,54,2,[7 4],55,129,131,74,117
1,<environment.Job instance at 0x7f64ca5af780>,0,27,[ 5 10],1,1,28,0,1
1,<environment.Job instance at 0x7f64ca7b02d0>,6,25,[ 5 10],7,28,53,21,24
1,<environment.Job instance at 0x7f64ca637410>,11,1,[ 4 10],12,53,54,41,25
1,<environment.Job instance at 0x7f6486c891e0>,24,1,[7 4],25,28,29,3,28
1,<environment.Job instance at 0x7f6486781cd0>,31,3,[9 4],32,53,56,21,53
1,<environment.Job instance at 0x7f6486781730>,32,1,[7 4],33,56,57,23,53
1,<environment.Job instance at 0x7f6486857cd0>,35,2,[ 4 11],36,66,68,30,66
1,<environment.Job instance at 0x7f6486857a50>,38,1,[2 6],39,79,80,40,79
1,<environment.Job instance at 0x7f6486857af0>,40,2,[10  2],41,84,86,43,84
1,<environment.Job instance at 0x7f64868575f0>,42,19,[8 2],43,86,105,43,86
1,<environment.Job instance at 0x7f6486857690>,43,2,[ 2 14],44,105,107,61,86
1,<environment.Job instance at 0x7f6486857b90>,45,3,[2 5],46,97,100,51,97
1,<environment.Job instance at 0x7f6486857190>,46,2,[11  3],47,107,109,60,97
1,<environment.Job instance at 0x7f6486857280>,47,2,[12  2],48,109,111,61,97
1,<environment.Job instance at 0x7f64868168c0>,52,2,[12  5],53,114,116,61,114
1,<environment.Job instance at 0x7f6486e1e5a0>,53,1,[1 7],54,114,115,60,114
1,<environment.Job instance at 0x7f6486e1e690>,54,1,[14  4],55,116,117,61,114
1,<environment.Job instance at 0x7f64ca2d01e0>,9,1,[10  3],10,10,11,0,10
1,<environment.Job instance at 0x7f6486de4140>,14,2,[7 5],15,18,20,3,18
1,<environment.Job instance at 0x7f6486de4a00>,15,2,[14  5],16,20,22,4,18
1,<environment.Job instance at 0x7f64ca905780>,20,1,[6 3],21,34,35,13,34
1,<environment.Job instance at 0x7f64ca90d8c0>,24,12,[6 4],25,50,62,25,50
1,<environment.Job instance at 0x7f64ca90d820>,25,21,[2 5],26,50,71,24,50
1,<environment.Job instance at 0x7f64ca90d230>,26,1,[7 2],27,50,51,23,50
1,<environment.Job instance at 0x7f6486ea00a0>,27,2,[2 6],28,51,53,23,50
1,<environment.Job instance at 0x7f64ca8d9aa0>,29,19,[9 1],30,62,81,32,52
1,<environment.Job instance at 0x7f64ca8d9f00>,32,1,[2 9],33,63,64,30,63
1,<environment.Job instance at 0x7f64ca8d9b40>,33,27,[1 8],34,64,91,30,63
1,<environment.Job instance at 0x7f64ca9080a0>,40,3,[1 7],41,82,85,41,82
1,<environment.Job instance at 0x7f64ca9083c0>,41,18,[8 4],42,85,103,43,84
1,<environment.Job instance at 0x7f64ca918fa0>,47,22,[1 7],48,112,134,64,112
1,<environment.Job instance at 0x7f64ca9188c0>,48,2,[5 7],49,112,114,63,112
1,<environment.Job instance at 0x7f64cef21640>,16,23,[7 4],17,17,40,0,17
1,<environment.Job instance at 0x7f64ca39aeb0>,23,20,[5 4],24,39,59,15,39
1,<environment.Job instance at 0x7f64cef21460>,7,3,[ 1 12],8,59,62,51,48
1,<environment.Job instance at 0x7f64ca39a230>,33,1,[7 2],34,56,57,22,56
1,<environment.Job instance at 0x7f64ca9810a0>,35,20,[4 7],36,62,82,26,59
1,<environment.Job instance at 0x7f64ca981cd0>,36,21,[6 5],37,62,83,25,59
1,<environment.Job instance at 0x7f64ca9811e0>,41,27,[5 1],42,84,111,42,84
1,<environment.Job instance at 0x7f64ca981a00>,42,21,[1 6],43,84,105,41,84
1,<environment.Job instance at 0x7f6486c27e10>,46,25,[8 3],47,95,120,48,95
1,<environment.Job instance at 0x7f64cf0410a0>,0,28,[5 6],1,1,29,0,1
1,<environment.Job instance at 0x7f648695ce60>,5,23,[5 3],6,6,29,0,6
1,<environment.Job instance at 0x7f64cf041820>,3,28,[ 1 11],4,29,57,25,28
1,<environment.Job instance at 0x7f64ca84ef50>,14,1,[6 1],15,29,30,14,28
1,<environment.Job instance at 0x7f64ca6cd5f0>,24,1,[1 6],25,63,64,38,63
1,<environment.Job instance at 0x7f64ca776910>,23,18,[ 1 10],24,64,82,40,63
1,<environment.Job instance at 0x7f64ca487690>,28,3,[7 1],29,79,82,50,79
1,<environment.Job instance at 0x7f64ca4879b0>,29,1,[7 3],30,79,80,49,79
1,<environment.Job instance at 0x7f64cea75f00>,31,1,[9 5],32,82,83,50,79
1,<environment.Job instance at 0x7f6486b2ed70>,32,2,[ 2 10],33,82,84,49,79
1,<environment.Job instance at 0x7f6486b2e780>,34,2,[4 6],35,92,94,57,92
1,<environment.Job instance at 0x7f6486b2e730>,35,2,[10  5],36,92,94,56,92
1,<environment.Job instance at 0x7f64ca763c30>,36,1,[5 7],37,94,95,57,92
1,<environment.Job instance at 0x7f64ca763820>,37,2,[ 4 14],38,95,97,57,92
1,<environment.Job instance at 0x7f6486e1bcd0>,40,1,[5 4],41,109,110,68,109
1,<environment.Job instance at 0x7f6486e1be60>,42,1,[2 7],43,111,112,68,111
1,<environment.Job instance at 0x7f6486d38780>,5,23,[8 2],6,6,29,0,6
1,<environment.Job instance at 0x7f6486d46140>,15,3,[11  2],16,29,32,13,18
1,<environment.Job instance at 0x7f6486d46640>,22,23,[7 1],23,56,79,33,56
1,<environment.Job instance at 0x7f6486d46910>,23,2,[2 8],24,56,58,32,56
1,<environment.Job instance at 0x7f6486d46870>,25,3,[13  2],26,79,82,53,56
1,<environment.Job instance at 0x7f6486d46aa0>,26,1,[9 4],27,82,83,55,56
1,<environment.Job instance at 0x7f6486d46c30>,27,3,[3 8],28,58,61,30,56
1,<environment.Job instance at 0x7f6486d46cd0>,28,1,[13  4],29,83,84,54,56
1,<environment.Job instance at 0x7f6486d46d20>,34,2,[5 2],35,102,104,67,102
1,<environment.Job instance at 0x7f6486d46eb0>,35,3,[5 1],36,102,105,66,102
1,<environment.Job instance at 0x7f6486d3a370>,37,2,[2 9],38,102,104,64,102
1,<environment.Job instance at 0x7f6486d3a410>,38,2,[8 3],39,104,106,65,102
1,<environment.Job instance at 0x7f6486d3a640>,41,23,[ 3 13],42,117,140,75,117
1,<environment.Job instance at 0x7f64cebd2fa0>,10,27,[7 4],11,11,38,0,11
1,<environment.Job instance at 0x7f64cea6d320>,15,2,[ 1 12],16,38,40,22,17
1,<environment.Job instance at 0x7f64cec2be60>,20,25,[ 1 14],21,40,65,19,37
1,<environment.Job instance at 0x7f6486cf87d0>,23,1,[ 4 13],24,65,66,41,51
1,<environment.Job instance at 0x7f6486cf8eb0>,24,19,[9 1],25,51,70,26,51
1,<environment.Job instance at 0x7f6486ddd7d0>,26,2,[8 3],27,70,72,43,67
1,<environment.Job instance at 0x7f6486cf85a0>,25,3,[ 4 11],26,70,73,44,70
1,<environment.Job instance at 0x7f6486cf81e0>,30,1,[2 6],31,73,74,42,70
1,<environment.Job instance at 0x7f64ca7d0fa0>,35,1,[5 2],36,97,98,61,97
1,<environment.Job instance at 0x7f64ca7d0eb0>,36,3,[8 3],37,97,100,60,97
1,<environment.Job instance at 0x7f64ca721fa0>,38,3,[11  1],39,100,103,61,98
1,<environment.Job instance at 0x7f6486e66af0>,39,2,[3 7],40,98,100,58,98
1,<environment.Job instance at 0x7f6486c22140>,40,2,[9 1],41,103,105,62,98
1,<environment.Job instance at 0x7f64ca721460>,41,2,[6 2],42,103,105,61,98
1,<environment.Job instance at 0x7f64ca2df550>,43,2,[2 7],44,100,102,56,99
1,<environment.Job instance at 0x7f64cead4af0>,44,1,[9 2],45,105,106,60,99
1,<environment.Job instance at 0x7f64cefb3870>,45,3,[9 1],46,106,109,60,99
1,<environment.Job instance at 0x7f64cead4cd0>,47,22,[6 1],48,105,127,57,99
1,<environment.Job instance at 0x7f6486cbcd20>,0,2,[7 4],1,1,3,0,1
1,<environment.Job instance at 0x7f64ca7e96e0>,4,22,[5 8],5,5,27,0,5
1,<environment.Job instance at 0x7f64ca7e56e0>,12,1,[10  2],13,14,15,1,14
1,<environment.Job instance at 0x7f64cf19c320>,20,2,[ 4 14],21,29,31,8,29
1,<environment.Job instance at 0x7f64ca956eb0>,22,2,[1 5],23,31,33,8,29
1,<environment.Job instance at 0x7f6486cf9eb0>,25,3,[10  2],26,31,34,5,29
1,<environment.Job instance at 0x7f64ceb21a00>,27,2,[9 1],28,36,38,8,36
1,<environment.Job instance at 0x7f64ceb217d0>,28,2,[ 2 10],29,36,38,7,36
1,<environment.Job instance at 0x7f6486da56e0>,30,18,[5 5],31,42,60,11,42
1,<environment.Job instance at 0x7f6486da5fa0>,32,1,[3 9],33,50,51,17,50
1,<environment.Job instance at 0x7f6486da5460>,35,1,[5 6],36,66,67,30,66
1,<environment.Job instance at 0x7f64cece3320>,37,3,[9 4],38,71,74,33,71
1,<environment.Job instance at 0x7f64cece3140>,39,2,[10  3],40,74,76,34,71
1,<environment.Job instance at 0x7f64cece3f00>,40,1,[4 8],41,71,72,30,71
1,<environment.Job instance at 0x7f64cece3550>,42,3,[5 8],43,86,89,43,86
1,<environment.Job instance at 0x7f64cea75730>,45,20,[10  3],46,89,109,43,89
1,<environment.Job instance at 0x7f64cea75c30>,47,3,[8 3],48,109,112,61,90
1,<environment.Job instance at 0x7f6486d69b90>,48,1,[9 5],49,112,113,63,90
1,<environment.Job instance at 0x7f6486d69b40>,49,1,[7 3],50,109,110,59,90
1,<environment.Job instance at 0x7f6486ddfc30>,50,2,[9 4],51,113,115,62,90
1,<environment.Job instance at 0x7f6486ddf140>,51,1,[3 8],52,90,91,38,90
1,<environment.Job instance at 0x7f64ca724eb0>,53,3,[9 5],54,115,118,61,99
1,<environment.Job instance at 0x7f64ca721050>,56,2,[ 5 12],57,118,120,61,117
1,<environment.Job instance at 0x7f64ca7213c0>,57,23,[6 1],58,117,140,59,117
1,<environment.Job instance at 0x7f64ca721b40>,58,3,[9 2],59,120,123,61,117
1,<environment.Job instance at 0x7f64ca721500>,59,2,[4 5],60,123,125,63,117
1,<environment.Job instance at 0x7f64ca70ab40>,60,1,[10  3],61,140,141,79,117
1,<environment.Job instance at 0x7f64cee84d20>,64,2,[9 2],65,125,127,60,118
1,<environment.Job instance at 0x7f64866c1e10>,0,2,[2 6],1,1,3,0,1
1,<environment.Job instance at 0x7f64866c1230>,3,23,[1 7],4,4,27,0,4
1,<environment.Job instance at 0x7f6486b6ae10>,4,22,[1 8],5,5,27,0,5
1,<environment.Job instance at 0x7f6486b3c730>,12,26,[1 5],13,27,53,14,24
1,<environment.Job instance at 0x7f6486b3c960>,16,1,[9 3],17,27,28,10,25
1,<environment.Job instance at 0x7f6486b3cb40>,19,2,[3 9],20,28,30,8,27
1,<environment.Job instance at 0x7f6486b3cd20>,22,22,[5 3],23,37,59,14,37
1,<environment.Job instance at 0x7f6486b3cdc0>,23,1,[8 4],24,37,38,13,37
1,<environment.Job instance at 0x7f6486b64190>,25,1,[8 5],26,43,44,17,43
1,<environment.Job instance at 0x7f6486b64370>,27,24,[2 8],28,53,77,25,48
1,<environment.Job instance at 0x7f6486b64730>,33,26,[1 8],34,77,103,43,74
1,<environment.Job instance at 0x7f6486b64be0>,38,2,[5 3],39,88,90,49,88
1,<environment.Job instance at 0x7f6486b64eb0>,40,1,[3 5],41,103,104,62,103
1,<environment.Job instance at 0x7f6486b64f50>,41,23,[9 4],42,103,126,61,103
1,<environment.Job instance at 0x7f6486b552d0>,43,3,[9 4],44,126,129,82,104
1,<environment.Job instance at 0x7f6486b55320>,0,2,[1 9],1,2,4,1,2
1,<environment.Job instance at 0x7f6486d23550>,6,1,[7 1],7,7,8,0,7
1,<environment.Job instance at 0x7f6486d23910>,10,24,[10  5],11,11,35,0,11
1,<environment.Job instance at 0x7f648691edc0>,11,3,[ 4 12],12,35,38,23,32
1,<environment.Job instance at 0x7f6486b4f8c0>,18,27,[5 1],19,50,77,31,50
1,<environment.Job instance at 0x7f6486b4ff50>,20,1,[2 7],21,52,53,31,52
1,<environment.Job instance at 0x7f6486b4f9b0>,25,1,[5 2],26,58,59,32,58
1,<environment.Job instance at 0x7f6486b4f870>,27,2,[5 5],28,62,64,34,62
1,<environment.Job instance at 0x7f6486b4f500>,28,27,[1 7],29,62,89,33,62
1,<environment.Job instance at 0x7f64ca982a50>,30,3,[5 7],31,73,76,42,73
1,<environment.Job instance at 0x7f64ca9820f0>,31,3,[7 4],32,76,79,44,74
1,<environment.Job instance at 0x7f64ca982cd0>,33,2,[5 6],34,79,81,45,74
1,<environment.Job instance at 0x7f64ca8ecaf0>,34,1,[2 5],35,81,82,46,74
1,<environment.Job instance at 0x7f64ca8ecc80>,36,1,[14  4],37,84,85,47,84
1,<environment.Job instance at 0x7f64ca3d3d20>,1,3,[ 3 11],2,9,12,7,9
1,<environment.Job instance at 0x7f64ca508e60>,14,26,[10  2],15,15,41,0,15
1,<environment.Job instance at 0x7f6486c10960>,22,20,[5 2],23,23,43,0,23
1,<environment.Job instance at 0x7f64ca25c5a0>,32,3,[10  3],33,41,44,8,36
1,<environment.Job instance at 0x7f64ca25ceb0>,34,3,[2 8],35,43,46,8,37
1,<environment.Job instance at 0x7f64ca25cfa0>,35,13,[5 1],36,44,57,8,44
1,<environment.Job instance at 0x7f64ca699e10>,36,20,[4 9],37,46,66,9,44
1,<environment.Job instance at 0x7f64ca6991e0>,42,1,[5 5],43,55,56,12,55
1,<environment.Job instance at 0x7f64ca699870>,43,21,[5 7],44,66,87,22,58
1,<environment.Job instance at 0x7f64ca699780>,41,2,[ 2 13],42,87,89,45,68
1,<environment.Job instance at 0x7f64ca337e10>,46,2,[8 3],47,68,70,21,68
1,<environment.Job instance at 0x7f64ca337640>,48,2,[12  1],49,87,89,38,68
1,<environment.Job instance at 0x7f64ca337f00>,49,27,[ 5 11],50,89,116,39,87
1,<environment.Job instance at 0x7f64ca337cd0>,52,19,[4 7],53,116,135,63,106
1,<environment.Job instance at 0x7f64ca3374b0>,53,25,[9 3],54,106,131,52,106
1,<environment.Job instance at 0x7f6486692a00>,0,1,[4 9],1,2,3,1,2
1,<environment.Job instance at 0x7f64ca42beb0>,9,23,[5 5],10,10,33,0,10
1,<environment.Job instance at 0x7f64ca42b820>,15,24,[7 5],16,17,41,1,17
1,<environment.Job instance at 0x7f64ca42b3c0>,18,2,[5 5],19,33,35,14,32
1,<environment.Job instance at 0x7f64ced962d0>,19,3,[5 2],20,35,38,15,35
1,<environment.Job instance at 0x7f64ca430eb0>,17,3,[ 2 13],18,41,44,23,35
1,<environment.Job instance at 0x7f64864fe320>,28,3,[10  1],29,49,52,20,49
1,<environment.Job instance at 0x7f64864fec30>,30,1,[13  2],31,52,53,21,52
1,<environment.Job instance at 0x7f6486b226e0>,33,1,[ 2 13],34,67,68,33,67
1,<environment.Job instance at 0x7f64ca2620a0>,35,19,[8 1],36,68,87,32,68
1,<environment.Job instance at 0x7f64cee3d5a0>,36,1,[ 4 11],37,68,69,31,68
1,<environment.Job instance at 0x7f64ca25fe60>,39,2,[10  5],40,87,89,47,80
1,<environment.Job instance at 0x7f64ca420050>,41,23,[7 5],42,89,112,47,83
1,<environment.Job instance at 0x7f64d191db40>,42,28,[8 2],43,89,117,46,88
1,<environment.Job instance at 0x7f64865ba780>,43,22,[5 4],44,112,134,68,105
1,<environment.Job instance at 0x7f6486916820>,58,1,[1 6],59,114,115,55,114
1,<environment.Job instance at 0x7f64cefbe9b0>,60,2,[2 6],61,115,117,54,115
1,<environment.Job instance at 0x7f64cefbed70>,62,2,[2 8],63,117,119,54,115
1,<environment.Job instance at 0x7f6486b2edc0>,0,26,[5 7],1,1,27,0,1
1,<environment.Job instance at 0x7f6486b2e820>,4,20,[5 9],5,27,47,22,18
1,<environment.Job instance at 0x7f64ca50b1e0>,9,27,[5 9],10,47,74,37,45
1,<environment.Job instance at 0x7f64ca50bb90>,10,1,[8 1],11,45,46,34,45
1,<environment.Job instance at 0x7f64ca8a6f50>,12,26,[ 1 10],13,74,100,61,71
1,<environment.Job instance at 0x7f64ca8a6640>,13,28,[3 5],14,71,99,57,71
1,<environment.Job instance at 0x7f64ca4db9b0>,18,1,[9 2],19,99,100,80,71
1,<environment.Job instance at 0x7f64cea6d730>,20,20,[5 8],21,100,120,79,91
1,<environment.Job instance at 0x7f6486ab9d20>,30,21,[5 2],31,105,126,74,105
1,<environment.Job instance at 0x7f6486cbde10>,3,1,[9 3],4,4,5,0,4
1,<environment.Job instance at 0x7f64864c3cd0>,4,1,[ 1 11],5,5,6,0,5
1,<environment.Job instance at 0x7f6486d49fa0>,6,1,[1 9],7,7,8,0,7
1,<environment.Job instance at 0x7f64864ceaf0>,5,1,[ 3 14],6,8,9,2,8
1,<environment.Job instance at 0x7f64864cee60>,7,1,[6 4],8,9,10,1,8
1,<environment.Job instance at 0x7f64864cee10>,12,28,[5 1],13,13,41,0,13
1,<environment.Job instance at 0x7f64865d1a50>,13,2,[1 9],14,14,16,0,14
1,<environment.Job instance at 0x7f64865d1960>,15,3,[8 5],16,16,19,0,16
1,<environment.Job instance at 0x7f64865d1370>,17,1,[6 2],18,19,20,1,19
1,<environment.Job instance at 0x7f64865d1e60>,18,3,[1 7],19,19,22,0,19
1,<environment.Job instance at 0x7f64865967d0>,22,1,[6 3],23,40,41,17,40
1,<environment.Job instance at 0x7f6486596820>,23,2,[4 5],24,40,42,16,40
1,<environment.Job instance at 0x7f6486596af0>,24,23,[2 9],25,41,64,16,40
1,<environment.Job instance at 0x7f6486596140>,26,3,[14  4],27,64,67,37,51
1,<environment.Job instance at 0x7f64865969b0>,28,2,[10  1],29,51,53,22,51
1,<environment.Job instance at 0x7f648646ecd0>,34,2,[6 1],35,86,88,51,86
1,<environment.Job instance at 0x7f648646e550>,35,3,[7 2],36,86,89,50,86
1,<environment.Job instance at 0x7f648646e140>,36,1,[10  5],37,89,90,52,86
1,<environment.Job instance at 0x7f648646e690>,38,26,[2 5],39,86,112,47,86
1,<environment.Job instance at 0x7f648646e4b0>,39,28,[4 8],40,90,118,50,89
1,<environment.Job instance at 0x7f648646e960>,40,28,[1 5],41,112,140,71,111
1,<environment.Job instance at 0x7f648646ef00>,46,22,[7 4],47,118,140,71,111
1,<environment.Job instance at 0x7f6486e18820>,4,24,[5 8],5,5,29,0,5
1,<environment.Job instance at 0x7f6486e18730>,3,1,[ 4 10],4,29,30,25,5
1,<environment.Job instance at 0x7f648646ef00>,6,24,[10  2],7,7,31,0,7
1,<environment.Job instance at 0x7f64869bf820>,16,23,[9 5],17,31,54,14,25
1,<environment.Job instance at 0x7f64869bfaa0>,18,2,[6 2],19,31,33,12,28
1,<environment.Job instance at 0x7f64869bf410>,20,1,[ 5 10],21,30,31,9,28
1,<environment.Job instance at 0x7f64869ea0f0>,21,3,[10  5],22,54,57,32,28
1,<environment.Job instance at 0x7f64869bfa00>,17,18,[1 8],18,36,54,18,36
1,<environment.Job instance at 0x7f64869c79b0>,27,3,[8 5],28,57,60,29,52
1,<environment.Job instance at 0x7f64869c7690>,28,3,[9 3],29,60,63,31,53
1,<environment.Job instance at 0x7f64ca80ca50>,29,1,[13  5],30,63,64,33,53
1,<environment.Job instance at 0x7f64ca7ef640>,30,1,[4 5],31,54,55,23,53
1,<environment.Job instance at 0x7f64ca7ef280>,31,2,[4 7],32,55,57,23,53
1,<environment.Job instance at 0x7f64869c2e10>,10,2,[14  3],11,64,66,53,57
1,<environment.Job instance at 0x7f64ca7ef460>,33,27,[5 6],34,66,93,32,64
1,<environment.Job instance at 0x7f64ca7e1c80>,35,1,[9 2],36,66,67,30,64
1,<environment.Job instance at 0x7f64ca812a50>,38,25,[11  1],39,93,118,54,89
1,<environment.Job instance at 0x7f6486a78f00>,44,27,[3 8],45,92,119,47,92
1,<environment.Job instance at 0x7f64868e6690>,6,21,[10  2],7,7,28,0,7
1,<environment.Job instance at 0x7f64864d5eb0>,20,25,[ 4 10],21,28,53,7,28
1,<environment.Job instance at 0x7f64ca849280>,21,22,[9 1],22,28,50,6,28
1,<environment.Job instance at 0x7f64cedf3e10>,26,18,[10  3],27,50,68,23,48
1,<environment.Job instance at 0x7f6486972a00>,27,19,[ 2 10],28,53,72,25,48
1,<environment.Job instance at 0x7f64869721e0>,32,1,[3 7],33,72,73,39,60
1,<environment.Job instance at 0x7f64cec58730>,25,18,[2 9],26,73,91,47,69
1,<environment.Job instance at 0x7f6486972dc0>,35,1,[8 4],36,69,70,33,69
1,<environment.Job instance at 0x7f64865dcd20>,36,2,[5 2],37,70,72,33,69
1,<environment.Job instance at 0x7f64865dca00>,42,2,[5 5],43,90,92,47,90
1,<environment.Job instance at 0x7f64869640a0>,43,1,[3 5],44,91,92,47,90
1,<environment.Job instance at 0x7f64864e3640>,44,2,[6 5],45,91,93,46,90
1,<environment.Job instance at 0x7f64ca8c42d0>,45,1,[ 4 10],46,92,93,46,90
1,<environment.Job instance at 0x7f6486964320>,47,3,[1 7],48,109,112,61,109
1,<environment.Job instance at 0x7f648679acd0>,48,2,[3 7],49,109,111,60,109
1,<environment.Job instance at 0x7f648679ab40>,49,28,[4 8],50,111,139,61,110
1,<environment.Job instance at 0x7f64864f8aa0>,52,3,[5 5],53,112,115,59,111
1,<environment.Job instance at 0x7f64864f87d0>,54,1,[10  2],55,115,116,60,113
1,<environment.Job instance at 0x7f6486d049b0>,3,19,[3 9],4,4,23,0,4
1,<environment.Job instance at 0x7f64867ec870>,0,1,[13  1],1,23,24,22,9
1,<environment.Job instance at 0x7f6486d04500>,11,20,[10  2],12,24,44,12,15
1,<environment.Job instance at 0x7f648665ea00>,26,2,[10  3],27,59,61,32,59
1,<environment.Job instance at 0x7f648665e280>,27,20,[1 5],28,59,79,31,59
1,<environment.Job instance at 0x7f648665ec80>,28,27,[6 3],29,61,88,32,59
1,<environment.Job instance at 0x7f648665e5f0>,29,27,[3 5],30,59,86,29,59
1,<environment.Job instance at 0x7f6486562a50>,32,2,[12  2],33,88,90,55,85
1,<environment.Job instance at 0x7f64865622d0>,35,1,[9 5],36,90,91,54,90
1,<environment.Job instance at 0x7f6486562690>,38,1,[ 2 10],39,100,101,61,100
1,<environment.Job instance at 0x7f6486562820>,40,23,[5 8],41,109,132,68,109
1,<environment.Job instance at 0x7f6486562460>,43,1,[ 4 10],44,132,133,88,118
1,<environment.Job instance at 0x7f64cea40190>,2,22,[ 4 11],3,3,25,0,3
1,<environment.Job instance at 0x7f64ca991b40>,14,22,[7 4],15,23,45,8,23
1,<environment.Job instance at 0x7f64cf04dfa0>,13,3,[ 3 14],14,45,48,31,37
1,<environment.Job instance at 0x7f64869904b0>,19,2,[9 5],20,48,50,28,37
1,<environment.Job instance at 0x7f6486990cd0>,20,20,[ 3 10],21,48,68,27,39
1,<environment.Job instance at 0x7f64869901e0>,21,3,[7 4],22,39,42,17,39
1,<environment.Job instance at 0x7f6486990dc0>,26,2,[1 9],27,68,70,41,45
1,<environment.Job instance at 0x7f64866c2690>,28,2,[10  3],29,52,54,23,52
1,<environment.Job instance at 0x7f64cec53550>,30,1,[6 3],31,64,65,33,64
1,<environment.Job instance at 0x7f64cec533c0>,31,1,[6 5],32,65,66,33,64
1,<environment.Job instance at 0x7f64cec530a0>,33,1,[3 8],34,70,71,36,64
1,<environment.Job instance at 0x7f64cec535a0>,34,1,[10  1],35,66,67,31,64
1,<environment.Job instance at 0x7f64cecf90a0>,37,1,[12  4],38,69,70,31,69
1,<environment.Job instance at 0x7f64cecf98c0>,40,1,[10  2],41,83,84,42,83
1,<environment.Job instance at 0x7f404fbec2d0>,1,22,[11  3],2,2,24,0,2
1,<environment.Job instance at 0x7f404fbec190>,2,22,[4 8],3,3,25,0,3
1,<environment.Job instance at 0x7f40487dda00>,12,26,[ 1 10],13,25,51,12,22
1,<environment.Job instance at 0x7f40487dddc0>,20,1,[7 5],21,33,34,12,33
1,<environment.Job instance at 0x7f40487ddbe0>,21,1,[6 5],22,34,35,12,33
1,<environment.Job instance at 0x7f40487e1370>,22,1,[2 7],23,51,52,28,33
1,<environment.Job instance at 0x7f40487e1050>,23,27,[1 6],24,51,78,27,49
1,<environment.Job instance at 0x7f40487e15f0>,28,23,[10  4],29,52,75,23,51
1,<environment.Job instance at 0x7f40487e1b40>,34,24,[1 8],35,75,99,40,70
1,<environment.Job instance at 0x7f40487e1f00>,37,2,[2 6],38,78,80,40,77
1,<environment.Job instance at 0x7f40487e2140>,38,2,[ 1 10],39,99,101,60,77
1,<environment.Job instance at 0x7f40487e21e0>,39,2,[5 6],40,80,82,40,77
1,<environment.Job instance at 0x7f40487e2320>,41,1,[5 2],42,82,83,40,82
1,<environment.Job instance at 0x7f40487e23c0>,42,2,[4 6],43,83,85,40,82
1,<environment.Job instance at 0x7f40487e26e0>,47,2,[6 5],48,109,111,61,109
1,<environment.Job instance at 0x7f40487e2d20>,51,3,[1 5],52,125,128,73,125
1,<environment.Job instance at 0x7f40487e2c80>,52,1,[8 5],53,125,126,72,125
1,<environment.Job instance at 0x7f404fd530f0>,7,20,[9 2],8,8,28,0,8
1,<environment.Job instance at 0x7f404fd669b0>,14,2,[2 7],15,25,27,10,25
1,<environment.Job instance at 0x7f404fd660f0>,15,3,[ 4 13],16,28,31,12,28
1,<environment.Job instance at 0x7f404fd66280>,17,1,[ 1 14],18,31,32,13,30
1,<environment.Job instance at 0x7f404fd5c190>,20,2,[3 8],21,39,41,18,39
1,<environment.Job instance at 0x7f404fd5c4b0>,23,3,[1 9],24,51,54,27,51
1,<environment.Job instance at 0x7f404fd5c7d0>,25,1,[9 1],26,60,61,34,60
1,<environment.Job instance at 0x7f404fd604b0>,26,1,[6 3],27,60,61,33,60
1,<environment.Job instance at 0x7f404fd60370>,29,2,[4 9],30,67,69,37,67
1,<environment.Job instance at 0x7f404fd60320>,30,3,[13  3],31,71,74,40,71
1,<environment.Job instance at 0x7f404fc148c0>,32,3,[3 7],33,75,78,42,75
1,<environment.Job instance at 0x7f404fc14280>,37,2,[10  2],38,83,85,45,83
1,<environment.Job instance at 0x7f404fc147d0>,38,19,[6 4],39,85,104,46,83
1,<environment.Job instance at 0x7f404fc146e0>,40,2,[9 5],41,92,94,51,92
1,<environment.Job instance at 0x7f404fc14960>,41,2,[5 5],42,94,96,52,93
1,<environment.Job instance at 0x7f404fd5f9b0>,46,2,[11  5],47,118,120,71,118
1,<environment.Job instance at 0x7f404fd5ffa0>,47,21,[ 3 10],48,118,139,70,118
1,<environment.Job instance at 0x7f4004ec3c80>,0,25,[ 3 10],1,1,26,0,1
1,<environment.Job instance at 0x7f404fbeb960>,13,23,[10  1],14,14,37,0,14
1,<environment.Job instance at 0x7f4004a76140>,16,28,[6 5],17,37,65,20,36
1,<environment.Job instance at 0x7f404861eb90>,26,1,[2 7],27,36,37,9,36
1,<environment.Job instance at 0x7f4048a29050>,29,28,[5 3],30,37,65,7,36
1,<environment.Job instance at 0x7f4004b518c0>,31,2,[1 5],32,45,47,13,45
1,<environment.Job instance at 0x7f4004b04c30>,34,2,[7 4],35,65,67,30,48
1,<environment.Job instance at 0x7f4004a2e4b0>,38,1,[2 7],39,61,62,22,61
1,<environment.Job instance at 0x7f4004a2edc0>,41,3,[4 5],42,76,79,34,76
1,<environment.Job instance at 0x7f4004a2e1e0>,42,25,[6 3],43,76,101,33,76
1,<environment.Job instance at 0x7f4004a2e410>,43,2,[5 1],44,76,78,32,76
1,<environment.Job instance at 0x7f4004a915a0>,46,2,[5 5],47,88,90,41,88
1,<environment.Job instance at 0x7f4004b075a0>,17,18,[5 9],18,98,116,80,98
1,<environment.Job instance at 0x7f4004a91c80>,50,1,[ 1 10],51,116,117,65,98
1,<environment.Job instance at 0x7f4004a916e0>,52,1,[5 9],53,117,118,64,106
1,<environment.Job instance at 0x7f4048a02b90>,53,20,[2 6],54,117,137,63,108
1,<environment.Job instance at 0x7f4004a91730>,55,3,[5 2],56,109,112,53,109
1,<environment.Job instance at 0x7f4048543140>,57,1,[8 5],58,112,113,54,110
1,<environment.Job instance at 0x7f4048669cd0>,58,2,[2 6],59,113,115,54,111
1,<environment.Job instance at 0x7f4004a3bb40>,61,2,[1 7],62,123,125,61,123
1,<environment.Job instance at 0x7f4004a3bd20>,62,3,[ 3 11],63,137,140,74,123
1,<environment.Job instance at 0x7f4004a93550>,63,3,[2 5],64,125,128,61,123
1,<environment.Job instance at 0x7f4048c1e320>,5,2,[ 4 11],6,8,10,2,8
1,<environment.Job instance at 0x7f40488161e0>,8,1,[2 6],9,10,11,1,9
1,<environment.Job instance at 0x7f404efdbe10>,10,2,[10  2],11,11,13,0,11
1,<environment.Job instance at 0x7f404f16f870>,12,19,[8 2],13,13,32,0,13
1,<environment.Job instance at 0x7f4004f9d5f0>,13,2,[ 2 14],14,32,34,18,15
1,<environment.Job instance at 0x7f4048847780>,16,2,[11  3],17,34,36,17,17
1,<environment.Job instance at 0x7f4048897780>,17,2,[12  2],18,36,38,18,19
1,<environment.Job instance at 0x7f4004f7db90>,22,2,[12  5],23,38,40,15,27
1,<environment.Job instance at 0x7f4004a707d0>,23,1,[1 7],24,27,28,3,27
1,<environment.Job instance at 0x7f404884b4b0>,24,1,[14  4],25,40,41,15,28
1,<environment.Job instance at 0x7f404f612c30>,34,2,[2 5],35,61,63,26,61
1,<environment.Job instance at 0x7f40488475f0>,20,18,[3 5],21,65,83,44,65
1,<environment.Job instance at 0x7f404fd62280>,36,1,[3 8],37,65,66,28,65
1,<environment.Job instance at 0x7f404f612be0>,37,3,[10  2],38,66,69,28,65
1,<environment.Job instance at 0x7f404f612dc0>,38,1,[2 8],39,66,67,27,65
1,<environment.Job instance at 0x7f4048993d70>,39,1,[ 3 10],40,69,70,29,65
1,<environment.Job instance at 0x7f4004adfa50>,42,1,[ 5 10],43,73,74,30,73
1,<environment.Job instance at 0x7f4004a7f910>,43,1,[ 5 12],44,83,84,39,73
1,<environment.Job instance at 0x7f4004a7f230>,44,21,[7 2],45,74,95,29,73
1,<environment.Job instance at 0x7f4004bb8b90>,51,14,[1 5],52,99,113,47,99
1,<environment.Job instance at 0x7f4004fb32d0>,54,3,[14  4],55,114,117,59,114
1,<environment.Job instance at 0x7f4004fb3140>,55,2,[5 5],56,117,119,61,115
1,<environment.Job instance at 0x7f4004fb3820>,56,2,[13  4],57,119,121,62,116
1,<environment.Job instance at 0x7f4004aef1e0>,59,27,[1 5],60,124,151,64,124
1,<environment.Job instance at 0x7f4048817730>,62,3,[ 4 10],63,124,127,61,124
1,<environment.Job instance at 0x7f4048c19320>,7,22,[1 7],8,8,30,0,8
1,<environment.Job instance at 0x7f40050c0be0>,15,25,[6 3],16,16,41,0,16
1,<environment.Job instance at 0x7f40050c3cd0>,20,2,[ 5 11],21,31,33,10,31
1,<environment.Job instance at 0x7f404f58dcd0>,13,3,[ 3 14],14,41,44,27,32
1,<environment.Job instance at 0x7f404f588a00>,26,2,[2 9],27,60,62,33,60
1,<environment.Job instance at 0x7f404f5885a0>,27,3,[7 1],28,60,63,32,60
1,<environment.Job instance at 0x7f404f588820>,29,27,[ 5 10],30,62,89,32,62
1,<environment.Job instance at 0x7f404f588aa0>,30,1,[6 3],31,63,64,32,62
1,<environment.Job instance at 0x7f404f5880a0>,31,22,[ 1 10],32,89,111,57,82
1,<environment.Job instance at 0x7f404f586460>,34,2,[2 5],35,82,84,47,82
1,<environment.Job instance at 0x7f404f586c80>,38,20,[6 2],39,84,104,45,82
1,<environment.Job instance at 0x7f404f5864b0>,41,1,[8 5],42,104,105,62,97
1,<environment.Job instance at 0x7f404f5857d0>,43,2,[5 5],44,106,108,62,106
1,<environment.Job instance at 0x7f404f0eef00>,1,19,[10  1],2,2,21,0,2
1,<environment.Job instance at 0x7f404f0e6fa0>,6,25,[ 5 10],7,7,32,0,7
1,<environment.Job instance at 0x7f404f0f7550>,26,2,[13  5],27,34,36,7,34
1,<environment.Job instance at 0x7f404f0f7500>,27,1,[9 5],28,36,37,8,34
1,<environment.Job instance at 0x7f404f0f7280>,30,26,[6 3],31,52,78,21,52
1,<environment.Job instance at 0x7f404f0f7eb0>,33,2,[6 3],34,64,66,30,64
1,<environment.Job instance at 0x7f404f0f7640>,34,1,[9 4],35,66,67,31,64
1,<environment.Job instance at 0x7f404f542e60>,35,23,[7 1],36,67,90,31,64
1,<environment.Job instance at 0x7f404f542d20>,36,1,[4 9],37,78,79,41,64
1,<environment.Job instance at 0x7f404f5421e0>,38,2,[8 5],39,79,81,40,74
1,<environment.Job instance at 0x7f404f542b40>,40,3,[2 7],41,74,77,33,74
1,<environment.Job instance at 0x7f404f542410>,45,18,[10  3],46,101,119,55,101
1,<environment.Job instance at 0x7f404f542870>,48,1,[ 3 14],49,123,124,74,123
1,<environment.Job instance at 0x7f404f542370>,49,2,[5 6],50,124,126,74,123
1,<environment.Job instance at 0x7f404f5429b0>,50,1,[5 9],51,124,125,73,123
1,<environment.Job instance at 0x7f404f67d550>,0,1,[4 8],1,2,3,1,2
1,<environment.Job instance at 0x7f404f641960>,8,1,[ 3 12],9,9,10,0,9
1,<environment.Job instance at 0x7f404f5d2e60>,14,20,[9 5],15,15,35,0,15
1,<environment.Job instance at 0x7f40488b4550>,18,2,[8 5],19,40,42,21,40
1,<environment.Job instance at 0x7f40488b4f00>,20,2,[2 7],21,41,43,20,41
1,<environment.Job instance at 0x7f404f741f50>,21,1,[10  4],22,42,43,20,41
1,<environment.Job instance at 0x7f404f326730>,22,3,[3 8],23,43,46,20,42
1,<environment.Job instance at 0x7f404f326140>,26,1,[5 7],27,70,71,43,70
1,<environment.Job instance at 0x7f4048b35c80>,28,2,[7 3],29,71,73,42,71
1,<environment.Job instance at 0x7f4048b35500>,29,1,[5 6],30,71,72,41,71
1,<environment.Job instance at 0x7f404efdea50>,36,2,[7 3],37,106,108,69,106
1,<environment.Job instance at 0x7f404efdefa0>,37,25,[9 4],38,108,133,70,106
1,<environment.Job instance at 0x7f404efdef00>,41,3,[ 4 12],42,133,136,91,124
1,<environment.Job instance at 0x7f4004bdfeb0>,7,2,[3 7],8,8,10,0,8
1,<environment.Job instance at 0x7f4004bcb140>,9,21,[1 7],10,10,31,0,10
1,<environment.Job instance at 0x7f4004bdfa50>,13,2,[8 4],14,20,22,6,20
1,<environment.Job instance at 0x7f4004bcb6e0>,14,1,[10  4],15,22,23,7,20
1,<environment.Job instance at 0x7f4004bcbb40>,20,2,[8 1],21,42,44,21,42
1,<environment.Job instance at 0x7f4004bcbc80>,21,1,[9 4],22,44,45,22,42
1,<environment.Job instance at 0x7f4004bcbbe0>,23,2,[1 7],24,52,54,28,52
1,<environment.Job instance at 0x7f4004bcbd20>,24,2,[1 6],25,52,54,27,52
1,<environment.Job instance at 0x7f4004bcbf00>,26,3,[9 2],27,59,62,32,59
1,<environment.Job instance at 0x7f4004bb70f0>,28,1,[8 2],29,68,69,39,68
1,<environment.Job instance at 0x7f4004bb7050>,29,3,[2 6],30,68,71,38,68
1,<environment.Job instance at 0x7f4004bb7370>,31,1,[9 4],32,70,71,38,70
1,<environment.Job instance at 0x7f4004bb72d0>,32,2,[2 7],33,71,73,38,70
1,<environment.Job instance at 0x7f4004bb75a0>,35,2,[3 7],36,85,87,49,85
1,<environment.Job instance at 0x7f4004bb7640>,36,1,[11  2],37,85,86,48,85
1,<environment.Job instance at 0x7f4004bb7af0>,40,1,[4 5],41,110,111,69,110
1,<environment.Job instance at 0x7f4004bb7e60>,42,1,[6 3],43,116,117,73,116
1,<environment.Job instance at 0x7f4004bb7c80>,43,3,[1 6],44,116,119,72,116
1,<environment.Job instance at 0x7f4004bb7fa0>,44,1,[5 4],45,116,117,71,116
1,<environment.Job instance at 0x7f404f599e10>,3,3,[1 6],4,4,7,0,4
1,<environment.Job instance at 0x7f4004bd4050>,1,3,[ 3 11],2,10,13,8,10
1,<environment.Job instance at 0x7f404f7b9640>,9,2,[3 7],10,13,15,3,11
1,<environment.Job instance at 0x7f404f7b9fa0>,11,1,[4 7],12,13,14,1,12
1,<environment.Job instance at 0x7f404f0e7d70>,12,19,[6 2],13,14,33,1,13
1,<environment.Job instance at 0x7f40486cd9b0>,14,1,[1 7],15,15,16,0,15
1,<environment.Job instance at 0x7f4048543e10>,15,3,[14  4],16,33,36,17,17
1,<environment.Job instance at 0x7f404f5dca00>,21,2,[11  4],22,36,38,14,30
1,<environment.Job instance at 0x7f404f0aa500>,28,22,[ 1 13],29,63,85,34,63
1,<environment.Job instance at 0x7f404f386dc0>,32,3,[10  3],33,85,88,52,73
1,<environment.Job instance at 0x7f4004d3b500>,37,1,[9 1],38,94,95,56,94
1,<environment.Job instance at 0x7f404f177e60>,38,2,[11  2],39,95,97,56,94
1,<environment.Job instance at 0x7f40050b5f50>,39,23,[4 9],40,94,117,54,94
1,<environment.Job instance at 0x7f40050b5fa0>,40,2,[7 4],41,97,99,56,94
1,<environment.Job instance at 0x7f404f22f5a0>,44,22,[5 8],45,117,139,72,113
1,<environment.Job instance at 0x7f4004d03910>,2,22,[5 4],3,3,25,0,3
1,<environment.Job instance at 0x7f4004db2550>,14,2,[9 5],15,20,22,5,20
1,<environment.Job instance at 0x7f404f1f4d70>,17,26,[10  5],18,26,52,8,26
1,<environment.Job instance at 0x7f40489cb410>,24,19,[2 5],25,46,65,21,46
1,<environment.Job instance at 0x7f40489cb370>,27,1,[3 8],28,62,63,34,62
1,<environment.Job instance at 0x7f404f7b5a50>,28,12,[1 9],29,63,75,34,62
1,<environment.Job instance at 0x7f404f7b5af0>,29,3,[6 1],30,62,65,32,62
1,<environment.Job instance at 0x7f4004c183c0>,30,2,[2 6],31,65,67,34,62
1,<environment.Job instance at 0x7f4004c18f50>,31,2,[7 1],32,67,69,35,62
1,<environment.Job instance at 0x7f4004c18460>,32,3,[6 1],33,67,70,34,62
1,<environment.Job instance at 0x7f4004c18410>,33,23,[1 7],34,75,98,41,69
1,<environment.Job instance at 0x7f4004c181e0>,34,22,[1 8],35,75,97,40,69
1,<environment.Job instance at 0x7f4004c18780>,36,1,[6 4],37,71,72,34,71
1,<environment.Job instance at 0x7f4004c185a0>,41,3,[1 8],42,97,100,55,97
1,<environment.Job instance at 0x7f4004b71c30>,42,26,[1 5],43,98,124,55,97
1,<environment.Job instance at 0x7f4004b713c0>,46,1,[9 3],47,113,114,66,113
1,<environment.Job instance at 0x7f4004b71fa0>,48,3,[5 8],49,121,124,72,121
1,<environment.Job instance at 0x7f404f1287d0>,49,2,[3 9],50,124,126,74,121
1,<environment.Job instance at 0x7f404f024870>,5,22,[5 2],6,6,28,0,6
1,<environment.Job instance at 0x7f4004ac18c0>,6,1,[11  1],7,28,29,21,11
1,<environment.Job instance at 0x7f4048bc0e10>,11,28,[7 5],12,29,57,17,28
1,<environment.Job instance at 0x7f404881b0a0>,14,26,[7 1],15,29,55,14,29
1,<environment.Job instance at 0x7f4048bab190>,13,2,[14  5],14,57,59,43,48
1,<environment.Job instance at 0x7f4004ae7230>,26,1,[7 1],27,55,56,28,48
1,<environment.Job instance at 0x7f4004b08050>,30,24,[10  5],31,61,85,30,61
1,<environment.Job instance at 0x7f4004b08c30>,31,3,[ 4 12],32,94,97,62,94
1,<environment.Job instance at 0x7f40488d57d0>,1,22,[2 9],2,2,24,0,2
1,<environment.Job instance at 0x7f40488d5f00>,12,1,[ 3 10],13,24,25,11,13
1,<environment.Job instance at 0x7f4004bfcf50>,16,3,[2 5],17,19,22,2,19
1,<environment.Job instance at 0x7f40488d5b90>,3,3,[ 5 11],4,25,28,21,21
1,<environment.Job instance at 0x7f4004bfcbe0>,19,2,[1 8],20,28,30,8,28
1,<environment.Job instance at 0x7f40488d5af0>,11,3,[ 3 11],12,30,33,18,28
1,<environment.Job instance at 0x7f4004bfc9b0>,24,26,[10  2],25,32,58,7,32
1,<environment.Job instance at 0x7f4004c4f8c0>,32,20,[5 2],33,47,67,14,47
1,<environment.Job instance at 0x7f4004c4f280>,36,1,[5 5],37,58,59,21,58
1,<environment.Job instance at 0x7f4004c4f5a0>,39,1,[5 1],40,70,71,30,70
1,<environment.Job instance at 0x7f4004c4f960>,40,2,[10  1],41,70,72,29,70
1,<environment.Job instance at 0x7f4004c4fcd0>,41,3,[2 9],42,71,74,29,70
1,<environment.Job instance at 0x7f4004bfd910>,46,20,[4 9],47,83,103,36,83
1,<environment.Job instance at 0x7f4004bfd500>,51,2,[ 2 13],52,103,105,51,89
1,<environment.Job instance at 0x7f4004bfd730>,52,1,[5 5],53,89,90,36,89
1,<environment.Job instance at 0x7f4004bfd6e0>,53,21,[5 7],54,105,126,51,97
1,<environment.Job instance at 0x7f4004bfd9b0>,58,2,[12  1],59,126,128,67,115
1,<environment.Job instance at 0x7f4004bfd370>,59,27,[ 5 11],60,128,155,68,126
1,<environment.Job instance at 0x7f404892b2d0>,8,2,[1 6],9,9,11,0,9
1,<environment.Job instance at 0x7f4004e39550>,9,23,[5 5],10,10,33,0,10
1,<environment.Job instance at 0x7f404f5bb4b0>,15,24,[7 5],16,16,40,0,16
1,<environment.Job instance at 0x7f404f5bb5a0>,17,3,[ 2 13],18,40,43,22,35
1,<environment.Job instance at 0x7f40048f2730>,25,2,[7 1],26,35,37,9,35
1,<environment.Job instance at 0x7f404f641230>,28,3,[10  1],29,50,53,21,50
1,<environment.Job instance at 0x7f4048b93aa0>,30,1,[13  2],31,54,55,23,54
1,<environment.Job instance at 0x7f40486d86e0>,33,1,[ 2 13],34,69,70,35,69
1,<environment.Job instance at 0x7f40486d8870>,34,2,[ 4 10],35,70,72,35,69
1,<environment.Job instance at 0x7f404f386b90>,35,19,[8 1],36,69,88,33,69
1,<environment.Job instance at 0x7f404f386690>,36,1,[ 4 11],37,72,73,35,69
1,<environment.Job instance at 0x7f404f386f00>,38,3,[2 6],39,83,86,44,83
1,<environment.Job instance at 0x7f404f386d70>,39,2,[10  5],40,88,90,48,83
1,<environment.Job instance at 0x7f404f386eb0>,40,2,[4 6],41,83,85,42,83
1,<environment.Job instance at 0x7f404f386a00>,41,23,[7 5],42,90,113,48,84
1,<environment.Job instance at 0x7f404f386190>,42,28,[8 2],43,90,118,47,89
1,<environment.Job instance at 0x7f404f386e10>,43,22,[5 4],44,113,135,69,106
1,<environment.Job instance at 0x7f404f386e60>,47,1,[3 5],48,118,119,70,106
1,<environment.Job instance at 0x7f404f7300f0>,55,1,[2 5],56,115,116,59,115
1,<environment.Job instance at 0x7f404f537280>,57,3,[9 2],58,120,123,62,120
1,<environment.Job instance at 0x7f4004833230>,58,1,[1 6],59,120,121,61,120
1,<environment.Job instance at 0x7f40050d8a50>,61,3,[5 8],62,123,126,61,121
1,<environment.Job instance at 0x7f404f4aa6e0>,0,1,[8 1],1,1,2,0,1
1,<environment.Job instance at 0x7f40050d8c30>,2,26,[ 1 10],3,3,29,0,3
1,<environment.Job instance at 0x7f40488e6050>,10,20,[5 8],11,29,49,18,20
1,<environment.Job instance at 0x7f40050257d0>,20,21,[5 2],21,37,58,16,37
1,<environment.Job instance at 0x7f4004819640>,23,2,[9 4],24,51,53,27,51
1,<environment.Job instance at 0x7f4004819870>,25,2,[ 5 10],26,53,55,27,53
1,<environment.Job instance at 0x7f4004819a50>,27,2,[8 3],28,56,58,28,56
1,<environment.Job instance at 0x7f4005025b90>,24,18,[3 8],25,73,91,48,73
1,<environment.Job instance at 0x7f4004819c30>,32,1,[5 8],33,91,92,58,73
1,<environment.Job instance at 0x7f404f330f50>,33,1,[6 3],34,73,74,39,73
1,<environment.Job instance at 0x7f404f3304b0>,35,1,[10  4],36,74,75,38,73
1,<environment.Job instance at 0x7f404f330640>,37,3,[10  1],38,79,82,41,79
1,<environment.Job instance at 0x7f404f330b40>,39,1,[6 1],40,87,88,47,87
1,<environment.Job instance at 0x7f404f330a50>,41,1,[6 1],42,90,91,48,90
1,<environment.Job instance at 0x7f404f3305f0>,42,2,[ 4 10],43,92,94,49,90
1,<environment.Job instance at 0x7f404f3306e0>,43,2,[4 7],44,94,96,50,90
1,<environment.Job instance at 0x7f404f330eb0>,44,18,[6 3],45,96,114,51,96
1,<environment.Job instance at 0x7f404f330500>,45,23,[7 4],46,96,119,50,96
1,<environment.Job instance at 0x7f404f330f00>,46,23,[5 6],47,114,137,67,108
1,<environment.Job instance at 0x7f4048991b90>,4,23,[2 9],5,5,28,0,5
1,<environment.Job instance at 0x7f40485645a0>,6,3,[14  4],7,28,31,21,26
1,<environment.Job instance at 0x7f4004b23af0>,18,26,[2 5],19,31,57,12,30
1,<environment.Job instance at 0x7f404889b690>,19,28,[4 8],20,31,59,11,30
1,<environment.Job instance at 0x7f40051146e0>,20,28,[1 5],21,57,85,36,56
1,<environment.Job instance at 0x7f4004b53c80>,26,22,[7 4],27,59,81,32,56
1,<environment.Job instance at 0x7f4004b53be0>,27,28,[ 1 10],28,81,109,53,80
1,<environment.Job instance at 0x7f4004b53aa0>,30,1,[ 5 10],31,109,110,78,84
1,<environment.Job instance at 0x7f4004b48e60>,46,1,[5 1],47,116,117,69,116
1,<environment.Job instance at 0x7f404f063b40>,3,27,[5 6],4,4,31,0,4
1,<environment.Job instance at 0x7f404f063500>,8,25,[11  1],9,31,56,22,27
1,<environment.Job instance at 0x7f4048caf140>,14,27,[3 8],15,27,54,12,27
1,<environment.Job instance at 0x7f4048caf960>,25,27,[4 6],26,64,91,38,64
1,<environment.Job instance at 0x7f4048cafaf0>,27,1,[1 7],28,68,69,40,68
1,<environment.Job instance at 0x7f4048c9aeb0>,31,2,[5 3],32,79,81,47,79
1,<environment.Job instance at 0x7f4048c9ae10>,32,1,[5 5],33,79,80,46,79
1,<environment.Job instance at 0x7f4048c9a870>,34,2,[9 3],35,83,85,48,83
1,<environment.Job instance at 0x7f4048c9a4b0>,35,3,[2 6],36,83,86,47,83
1,<environment.Job instance at 0x7f4048c9af50>,37,3,[6 3],38,94,97,56,94
1,<environment.Job instance at 0x7f4048c9a910>,38,1,[10  4],39,97,98,58,94
1,<environment.Job instance at 0x7f404efdd5f0>,44,28,[4 7],45,129,157,84,129
1,<environment.Job instance at 0x7f404f180cd0>,9,28,[4 8],10,10,38,0,10
1,<environment.Job instance at 0x7f4048bab280>,22,1,[1 5],23,23,24,0,23
1,<environment.Job instance at 0x7f40487ef7d0>,27,1,[3 6],28,37,38,9,37
1,<environment.Job instance at 0x7f40487efe60>,28,2,[7 1],29,39,41,10,39
1,<environment.Job instance at 0x7f4048772b90>,30,2,[ 2 12],31,40,42,9,40
1,<environment.Job instance at 0x7f4048a50190>,39,2,[10  4],40,98,100,58,98
1,<environment.Job instance at 0x7f4048a50690>,41,2,[10  3],42,100,102,58,99
1,<environment.Job instance at 0x7f4004f94aa0>,45,1,[14  5],46,114,115,68,114
1,<environment.Job instance at 0x7f404f3effa0>,47,2,[ 5 12],48,123,125,75,123
1,<environment.Job instance at 0x7f4004f944b0>,48,3,[9 4],49,125,128,76,124
1,<environment.Job instance at 0x7f40049a1190>,49,20,[7 2],50,128,148,78,124
1,<environment.Job instance at 0x7f4048820230>,18,28,[9 5],19,19,47,0,19
1,<environment.Job instance at 0x7f4048820410>,20,1,[11  1],21,47,48,26,28
1,<environment.Job instance at 0x7f4048820500>,21,1,[10  5],22,48,49,26,28
1,<environment.Job instance at 0x7f4048820550>,22,2,[1 8],23,28,30,5,28
1,<environment.Job instance at 0x7f4048820640>,23,3,[9 3],24,49,52,25,29
1,<environment.Job instance at 0x7f40488205a0>,24,2,[6 2],25,30,32,5,29
1,<environment.Job instance at 0x7f4048820820>,26,22,[4 9],27,32,54,5,29
1,<environment.Job instance at 0x7f40488472d0>,33,1,[2 6],34,52,53,18,49
1,<environment.Job instance at 0x7f40488473c0>,36,3,[5 3],37,53,56,16,52
1,<environment.Job instance at 0x7f40488475f0>,37,1,[ 2 12],38,54,55,16,52
1,<environment.Job instance at 0x7f4048847690>,38,1,[5 8],39,55,56,16,52
1,<environment.Job instance at 0x7f4048847730>,39,3,[ 2 10],40,56,59,16,52
1,<environment.Job instance at 0x7f4048847c30>,43,13,[3 7],44,71,84,27,71
1,<environment.Job instance at 0x7f4048847cd0>,44,1,[8 1],45,71,72,26,71
1,<environment.Job instance at 0x7f4048847d70>,45,1,[10  4],46,72,73,26,71
1,<environment.Job instance at 0x7f4048847f50>,48,18,[10  5],49,87,105,38,87
1,<environment.Job instance at 0x7f4048847d20>,49,2,[7 1],50,105,107,55,87
1,<environment.Job instance at 0x7f404883b1e0>,51,23,[9 2],52,107,130,55,101
1,<environment.Job instance at 0x7f404883b5a0>,52,1,[ 3 10],53,102,103,49,102
1,<environment.Job instance at 0x7f404883b780>,54,2,[2 5],55,103,105,48,103
1,<environment.Job instance at 0x7f404883b910>,55,25,[ 2 11],56,105,130,49,103
1,<environment.Job instance at 0x7f40487c3730>,0,1,[7 5],1,2,3,1,2
1,<environment.Job instance at 0x7f404883b8c0>,1,1,[12  1],2,5,6,3,5
1,<environment.Job instance at 0x7f4005153af0>,5,2,[4 7],6,6,8,0,6
1,<environment.Job instance at 0x7f404883b7d0>,3,3,[ 3 12],4,13,16,9,13
1,<environment.Job instance at 0x7f4048ccc050>,13,23,[5 6],14,16,39,2,14
1,<environment.Job instance at 0x7f404f9a5320>,20,2,[13  2],21,39,41,18,38
1,<environment.Job instance at 0x7f40485635f0>,21,2,[8 2],22,41,43,19,38
1,<environment.Job instance at 0x7f400518abe0>,23,1,[14  1],24,43,44,19,38
1,<environment.Job instance at 0x7f400518aa00>,24,1,[9 2],25,38,39,13,38
1,<environment.Job instance at 0x7f4048b49be0>,25,2,[5 1],26,41,43,15,38
1,<environment.Job instance at 0x7f40489f56e0>,30,1,[4 8],31,64,65,33,64
1,<environment.Job instance at 0x7f404f482550>,32,1,[2 5],33,69,70,36,69
1,<environment.Job instance at 0x7f4004fcb4b0>,33,1,[5 6],34,69,70,35,69
1,<environment.Job instance at 0x7f4004fcb9b0>,34,3,[6 1],35,69,72,34,69
1,<environment.Job instance at 0x7f404f4491e0>,38,2,[ 4 11],39,94,96,55,94
1,<environment.Job instance at 0x7f4004b71af0>,42,2,[ 1 14],43,110,112,67,110
1,<environment.Job instance at 0x7f4004b71190>,43,1,[5 6],44,112,113,68,110
1,<environment.Job instance at 0x7f4004b71910>,44,24,[4 8],45,112,136,67,110
1,<environment.Job instance at 0x7f404f497460>,46,23,[9 2],47,123,146,76,123
1,<environment.Job instance at 0x7f4004916730>,5,27,[4 6],6,6,33,0,6
1,<environment.Job instance at 0x7f4004916460>,6,1,[6 2],7,8,9,1,8
1,<environment.Job instance at 0x7f40048271e0>,9,24,[9 1],10,10,34,0,10
1,<environment.Job instance at 0x7f400490aaa0>,18,1,[ 2 12],19,33,34,14,30
1,<environment.Job instance at 0x7f4004ba2910>,24,1,[3 6],25,47,48,22,47
1,<environment.Job instance at 0x7f404f4b0af0>,25,1,[5 2],26,47,48,21,47
1,<environment.Job instance at 0x7f404f0eac30>,28,1,[9 2],29,55,56,26,55
1,<environment.Job instance at 0x7f4005062a00>,30,1,[8 5],31,60,61,29,60
1,<environment.Job instance at 0x7f4005062780>,31,23,[5 2],32,60,83,28,60
1,<environment.Job instance at 0x7f4005062370>,33,28,[10  4],34,73,101,39,73
1,<environment.Job instance at 0x7f4004c849b0>,36,1,[1 9],37,83,84,46,78
1,<environment.Job instance at 0x7f404f4ed280>,40,1,[5 2],41,98,99,57,98
1,<environment.Job instance at 0x7f404f4ed7d0>,41,3,[ 1 10],42,99,102,57,98
1,<environment.Job instance at 0x7f404f4edb90>,42,2,[4 7],43,102,104,59,98
1,<environment.Job instance at 0x7f404f4ed0a0>,45,3,[ 4 10],46,109,112,63,109
1,<environment.Job instance at 0x7f404f4ed190>,46,18,[10  3],47,109,127,62,109
1,<environment.Job instance at 0x7f404f4ed4b0>,47,1,[1 5],48,112,113,64,109
1,<environment.Job instance at 0x7f404f4edbe0>,48,12,[1 5],49,112,124,63,111
1,<environment.Job instance at 0x7f404f4ed140>,49,12,[8 1],50,127,139,77,112
1,<environment.Job instance at 0x7f400501d3c0>,51,19,[10  5],52,139,158,87,129
1,<environment.Job instance at 0x7ff9341e22d0>,1,22,[11  3],2,2,24,0,2
1,<environment.Job instance at 0x7ff9342265a0>,2,22,[4 8],3,3,25,0,3
1,<environment.Job instance at 0x7ff92edd29b0>,12,26,[ 1 10],13,25,51,12,22
1,<environment.Job instance at 0x7ff92edd4370>,23,27,[1 6],24,51,78,27,49
1,<environment.Job instance at 0x7ff92edd4050>,22,1,[2 7],23,51,52,28,49
1,<environment.Job instance at 0x7ff92edd4730>,28,23,[10  4],29,59,82,30,59
1,<environment.Job instance at 0x7ff92edd4960>,34,24,[1 8],35,78,102,43,73
1,<environment.Job instance at 0x7ff92edd4f50>,38,2,[ 1 10],39,102,104,63,81
1,<environment.Job instance at 0x7ff92edd4fa0>,41,1,[5 2],42,86,87,44,86
1,<environment.Job instance at 0x7ff92edd7230>,42,2,[4 6],43,87,89,44,86
1,<environment.Job instance at 0x7ff92edd7280>,44,3,[5 5],45,98,101,53,98
1,<environment.Job instance at 0x7ff92edd76e0>,47,2,[6 5],48,108,110,60,108
1,<environment.Job instance at 0x7ff92edd7b90>,51,3,[1 5],52,131,134,79,131
1,<environment.Job instance at 0x7ff92edd7c30>,52,1,[8 5],53,131,132,78,131
1,<environment.Job instance at 0x7ff9343490a0>,7,1,[ 1 14],8,10,11,2,10
1,<environment.Job instance at 0x7ff934349fa0>,8,1,[4 6],9,11,12,2,10
1,<environment.Job instance at 0x7ff934350280>,5,3,[ 4 13],6,12,15,6,11
1,<environment.Job instance at 0x7ff93420a3c0>,15,1,[9 1],16,16,17,0,16
1,<environment.Job instance at 0x7ff93420a690>,16,1,[6 3],17,17,18,0,17
1,<environment.Job instance at 0x7ff934348f50>,20,3,[13  3],21,39,42,18,39
1,<environment.Job instance at 0x7ff934209460>,22,3,[3 7],23,42,45,19,39
1,<environment.Job instance at 0x7ff934209370>,24,3,[6 4],25,44,47,19,44
1,<environment.Job instance at 0x7ff93435c5a0>,28,19,[6 4],29,45,64,16,45
1,<environment.Job instance at 0x7ff93435c730>,31,2,[5 5],32,47,49,15,46
1,<environment.Job instance at 0x7ff93435cd70>,32,1,[6 4],33,49,50,16,46
1,<environment.Job instance at 0x7ff93435ce10>,34,19,[6 1],35,60,79,25,60
1,<environment.Job instance at 0x7ff93435c3c0>,36,2,[11  5],37,79,81,42,62
1,<environment.Job instance at 0x7ff93435c7d0>,37,21,[ 3 10],38,62,83,24,62
1,<environment.Job instance at 0x7ff934355a50>,45,2,[5 2],46,94,96,48,94
1,<environment.Job instance at 0x7ff9343521e0>,46,1,[5 9],47,94,95,47,94
1,<environment.Job instance at 0x7ff934352230>,47,1,[2 9],48,95,96,47,94
1,<environment.Job instance at 0x7ff934352d70>,48,21,[9 4],49,96,117,47,94
1,<environment.Job instance at 0x7ff9343526e0>,55,1,[6 2],56,125,126,69,125
1,<environment.Job instance at 0x7ff93434efa0>,57,1,[9 1],58,133,134,75,133
1,<environment.Job instance at 0x7ff93435c550>,38,3,[14  4],39,134,137,95,133
1,<environment.Job instance at 0x7ff93434eaf0>,9,28,[5 3],10,10,38,0,10
1,<environment.Job instance at 0x7ff8e9031280>,21,3,[4 5],22,36,39,14,36
1,<environment.Job instance at 0x7ff92ec155f0>,22,25,[6 3],23,36,61,13,36
1,<environment.Job instance at 0x7ff8e9025690>,23,2,[5 1],24,38,40,14,36
1,<environment.Job instance at 0x7ff92eba22d0>,26,2,[5 5],27,52,54,25,52
1,<environment.Job instance at 0x7ff92f0109b0>,30,1,[ 1 10],31,76,77,45,76
1,<environment.Job instance at 0x7ff92eb41910>,32,1,[5 9],33,80,81,47,80
1,<environment.Job instance at 0x7ff92eb3e320>,33,20,[2 6],34,80,100,46,80
1,<environment.Job instance at 0x7ff8e917ad70>,35,3,[5 2],36,81,84,45,80
1,<environment.Job instance at 0x7ff8e91893c0>,37,1,[8 5],38,84,85,46,84
1,<environment.Job instance at 0x7ff8e91891e0>,41,2,[1 7],42,95,97,53,95
1,<environment.Job instance at 0x7ff8e9189640>,42,3,[ 3 11],43,100,103,57,97
1,<environment.Job instance at 0x7ff8e9189320>,47,1,[9 3],48,120,121,72,120
1,<environment.Job instance at 0x7ff8e905a640>,50,24,[2 8],51,137,161,86,137
1,<environment.Job instance at 0x7ff8e905a410>,51,24,[9 1],52,137,161,85,137
1,<environment.Job instance at 0x7ff92f118e60>,4,2,[2 5],5,5,7,0,5
1,<environment.Job instance at 0x7ff92f1185a0>,7,3,[10  2],8,8,11,0,8
1,<environment.Job instance at 0x7ff8e901f3c0>,8,1,[2 8],9,9,10,0,9
1,<environment.Job instance at 0x7ff92ee2a690>,9,1,[ 3 10],10,10,11,0,10
1,<environment.Job instance at 0x7ff8e955e550>,6,1,[3 8],7,11,12,4,11
1,<environment.Job instance at 0x7ff92ec22870>,12,1,[ 5 10],13,13,14,0,13
1,<environment.Job instance at 0x7ff92ee058c0>,13,1,[ 5 12],14,14,15,0,14
1,<environment.Job instance at 0x7ff8e908ff50>,14,21,[7 2],15,15,36,0,15
1,<environment.Job instance at 0x7ff92ee28fa0>,24,3,[14  4],25,47,50,22,47
1,<environment.Job instance at 0x7ff8e902b9b0>,25,2,[5 5],26,50,52,24,47
1,<environment.Job instance at 0x7ff8e91d3730>,26,2,[13  4],27,52,54,25,47
1,<environment.Job instance at 0x7ff8e9596730>,29,27,[1 5],30,61,88,31,61
1,<environment.Job instance at 0x7ff8e9596820>,31,3,[9 3],32,61,64,29,61
1,<environment.Job instance at 0x7ff8e9126c80>,46,25,[3 8],47,128,153,81,128
1,<environment.Job instance at 0x7ff92ed55af0>,12,18,[5 5],13,20,38,7,20
1,<environment.Job instance at 0x7ff92f202a50>,13,2,[10  5],14,20,22,6,20
1,<environment.Job instance at 0x7ff92f22faf0>,16,3,[8 1],17,26,29,9,26
1,<environment.Job instance at 0x7ff92f8b87d0>,18,21,[5 8],19,35,56,16,35
1,<environment.Job instance at 0x7ff92f215190>,21,28,[2 8],22,56,84,34,55
1,<environment.Job instance at 0x7ff92f223dc0>,23,27,[9 3],24,58,85,34,58
1,<environment.Job instance at 0x7ff92f22c280>,26,28,[1 7],27,84,112,57,83
1,<environment.Job instance at 0x7ff92f22dfa0>,29,2,[ 4 11],30,112,114,82,88
1,<environment.Job instance at 0x7ff92f22de60>,36,28,[9 2],37,88,116,51,88
1,<environment.Job instance at 0x7ff92f22d8c0>,34,3,[11  1],35,116,119,81,115
1,<environment.Job instance at 0x7ff92f243d20>,47,3,[ 1 12],48,119,122,71,119
1,<environment.Job instance at 0x7ff92f23f320>,51,1,[10  4],52,122,123,70,120
1,<environment.Job instance at 0x7ff8e94d7aa0>,0,1,[5 9],1,1,2,0,1
1,<environment.Job instance at 0x7ff92f813c80>,8,1,[8 4],9,10,11,1,10
1,<environment.Job instance at 0x7ff92f813e10>,14,1,[1 9],15,15,16,0,15
1,<environment.Job instance at 0x7ff92f813140>,17,3,[6 4],18,21,24,3,21
1,<environment.Job instance at 0x7ff92f828280>,19,18,[9 5],20,31,49,11,31
1,<environment.Job instance at 0x7ff92f828e60>,20,28,[5 6],21,31,59,10,31
1,<environment.Job instance at 0x7ff92f828be0>,23,28,[ 1 11],24,59,87,35,58
1,<environment.Job instance at 0x7ff92f8283c0>,25,23,[5 3],26,58,81,32,58
1,<environment.Job instance at 0x7ff92f34faf0>,28,1,[6 1],29,83,84,54,83
1,<environment.Job instance at 0x7ff8e9104eb0>,5,23,[8 2],6,6,29,0,6
1,<environment.Job instance at 0x7ff8e9277730>,14,3,[8 2],15,29,32,14,15
1,<environment.Job instance at 0x7ff8e9277140>,15,3,[11  2],16,32,35,16,16
1,<environment.Job instance at 0x7ff8e92775f0>,16,3,[8 5],17,35,38,18,17
1,<environment.Job instance at 0x7ff92f4d55a0>,22,23,[7 1],23,56,79,33,56
1,<environment.Job instance at 0x7ff8e9658780>,23,2,[2 8],24,56,58,32,56
1,<environment.Job instance at 0x7ff8e961e460>,25,3,[13  2],26,79,82,53,61
1,<environment.Job instance at 0x7ff92ec862d0>,26,1,[9 4],27,82,83,55,61
1,<environment.Job instance at 0x7ff92ed655a0>,27,3,[3 8],28,61,64,33,61
1,<environment.Job instance at 0x7ff8e92d40f0>,28,1,[13  4],29,83,84,54,61
1,<environment.Job instance at 0x7ff92f41e190>,34,2,[5 2],35,100,102,65,100
1,<environment.Job instance at 0x7ff92ed3b870>,37,2,[2 9],38,108,110,70,108
1,<environment.Job instance at 0x7ff92ed3b550>,38,2,[8 3],39,108,110,69,108
1,<environment.Job instance at 0x7ff92ed3b690>,41,23,[ 3 13],42,122,145,80,122
1,<environment.Job instance at 0x7ff92eba4190>,0,25,[ 1 14],1,2,27,1,2
1,<environment.Job instance at 0x7ff92eba4e60>,3,1,[ 4 13],4,27,28,23,16
1,<environment.Job instance at 0x7ff92f4dc500>,6,2,[8 3],7,28,30,21,17
1,<environment.Job instance at 0x7ff92f4dc730>,10,1,[2 6],11,28,29,17,18
1,<environment.Job instance at 0x7ff8e91ab140>,4,19,[9 1],5,30,49,25,25
1,<environment.Job instance at 0x7ff92f4dcf00>,18,3,[11  1],19,49,52,30,34
1,<environment.Job instance at 0x7ff92f4dcd20>,19,2,[3 7],20,34,36,14,34
1,<environment.Job instance at 0x7ff92f4dcfa0>,20,2,[9 1],21,52,54,31,34
1,<environment.Job instance at 0x7ff92f4e1190>,21,2,[6 2],22,36,38,14,34
1,<environment.Job instance at 0x7ff92f4e1640>,25,3,[9 1],26,54,57,28,40
1,<environment.Job instance at 0x7ff92f4e1780>,27,22,[6 1],28,52,74,24,45
1,<environment.Job instance at 0x7ff92f4dc460>,5,3,[ 4 11],6,57,60,51,53
1,<environment.Job instance at 0x7ff92f4e1a50>,32,2,[8 2],33,60,62,27,53
1,<environment.Job instance at 0x7ff92f4e1c30>,34,1,[ 3 10],35,62,63,27,55
1,<environment.Job instance at 0x7ff92f4e4500>,39,2,[3 7],40,78,80,38,78
1,<environment.Job instance at 0x7ff92f4e4870>,42,19,[8 3],43,94,113,51,94
1,<environment.Job instance at 0x7ff92f4e4aa0>,45,1,[7 1],46,109,110,63,109
1,<environment.Job instance at 0x7ff92f4e4a00>,46,23,[5 5],47,110,133,63,109
1,<environment.Job instance at 0x7ff92f4e4730>,47,1,[2 6],48,110,111,62,109
1,<environment.Job instance at 0x7ff92f4e4c80>,49,25,[7 3],50,120,145,70,120
1,<environment.Job instance at 0x7ff92f4e4cd0>,50,1,[12  5],51,145,146,94,131
1,<environment.Job instance at 0x7ff92f4e4640>,5,20,[10  3],6,6,26,0,6
1,<environment.Job instance at 0x7ff92effa230>,17,23,[6 1],18,26,49,8,20
1,<environment.Job instance at 0x7ff92effad20>,16,2,[ 5 12],17,22,24,5,22
1,<environment.Job instance at 0x7ff8e95ca0a0>,18,3,[9 2],19,29,32,10,29
1,<environment.Job instance at 0x7ff92f4624b0>,30,25,[9 4],31,50,75,19,50
1,<environment.Job instance at 0x7ff92f8d27d0>,33,3,[3 9],34,52,55,18,52
1,<environment.Job instance at 0x7ff92ecc9730>,34,28,[ 5 10],35,55,83,20,54
1,<environment.Job instance at 0x7ff8e9543550>,37,27,[2 9],38,83,110,45,81
1,<environment.Job instance at 0x7ff9343a68c0>,38,26,[4 9],39,110,136,71,107
1,<environment.Job instance at 0x7ff8e94e7410>,49,3,[6 1],50,121,124,71,121
1,<environment.Job instance at 0x7ff92f3c2be0>,52,22,[5 4],53,121,143,68,121
1,<environment.Job instance at 0x7ff8e922d280>,8,1,[8 3],9,9,10,0,9
1,<environment.Job instance at 0x7ff8e922d870>,5,3,[3 8],6,10,13,4,10
1,<environment.Job instance at 0x7ff92f154690>,11,2,[5 4],12,12,14,0,12
1,<environment.Job instance at 0x7ff8e967a410>,13,3,[ 2 10],14,14,17,0,14
1,<environment.Job instance at 0x7ff92ef7cf00>,16,2,[ 2 10],17,19,21,2,19
1,<environment.Job instance at 0x7ff8e91a8e10>,19,3,[10  4],20,33,36,13,33
1,<environment.Job instance at 0x7ff92ec6ba50>,21,3,[13  1],22,42,45,20,42
1,<environment.Job instance at 0x7ff8e91ae870>,0,18,[3 6],1,51,69,50,51
1,<environment.Job instance at 0x7ff92ec56a00>,27,1,[ 5 10],28,69,70,41,54
1,<environment.Job instance at 0x7ff8e9532be0>,29,2,[1 9],30,54,56,24,54
1,<environment.Job instance at 0x7ff92edeb1e0>,31,2,[10  4],32,67,69,35,67
1,<environment.Job instance at 0x7ff92edebeb0>,35,1,[ 3 12],36,72,73,36,72
1,<environment.Job instance at 0x7ff92edeb7d0>,36,3,[10  3],37,72,75,35,72
1,<environment.Job instance at 0x7ff8e9682820>,38,3,[ 5 12],39,82,85,43,82
1,<environment.Job instance at 0x7ff8e9682460>,40,2,[5 4],41,85,87,44,83
1,<environment.Job instance at 0x7ff933ddaeb0>,45,22,[5 2],46,99,121,53,99
1,<environment.Job instance at 0x7ff933ddaf00>,46,1,[11  1],47,121,122,74,99
1,<environment.Job instance at 0x7ff933ddaf50>,47,2,[2 6],48,99,101,51,99
1,<environment.Job instance at 0x7ff92f2d5c80>,49,3,[7 2],50,109,112,59,109
1,<environment.Job instance at 0x7ff92f2d5a00>,51,28,[7 5],52,122,150,70,121
1,<environment.Job instance at 0x7ff8e961e870>,53,2,[14  5],54,150,152,96,127
1,<environment.Job instance at 0x7ff92f86d050>,0,22,[4 6],1,1,23,0,1
1,<environment.Job instance at 0x7ff92f517fa0>,11,2,[5 4],12,13,15,1,13
1,<environment.Job instance at 0x7ff92f546500>,16,3,[1 8],17,17,20,0,17
1,<environment.Job instance at 0x7ff92f546b40>,19,1,[ 4 14],20,23,24,3,20
1,<environment.Job instance at 0x7ff92f546dc0>,21,1,[5 5],22,29,30,7,29
1,<environment.Job instance at 0x7ff92f546be0>,25,1,[ 5 13],26,53,54,27,53
1,<environment.Job instance at 0x7ff92f546cd0>,26,1,[8 5],27,54,55,27,53
1,<environment.Job instance at 0x7ff92f546870>,27,3,[3 6],28,54,57,26,54
1,<environment.Job instance at 0x7ff92f526280>,28,2,[2 9],29,55,57,26,54
1,<environment.Job instance at 0x7ff92f5265a0>,31,22,[2 9],32,68,90,36,68
1,<environment.Job instance at 0x7ff92f5266e0>,33,3,[ 5 11],34,90,93,56,89
1,<environment.Job instance at 0x7ff92f526780>,34,1,[9 1],35,89,90,54,89
1,<environment.Job instance at 0x7ff92f526960>,37,2,[9 2],38,90,92,52,89
1,<environment.Job instance at 0x7ff92f526be0>,40,2,[7 1],41,99,101,58,99
1,<environment.Job instance at 0x7ff92f526c80>,41,3,[ 3 11],42,99,102,57,99
1,<environment.Job instance at 0x7ff92f526d20>,42,1,[ 3 10],43,102,103,59,99
1,<environment.Job instance at 0x7ff92f526e60>,44,1,[2 5],45,102,103,57,99
1,<environment.Job instance at 0x7ff92f526b40>,46,3,[2 5],47,103,106,56,100
1,<environment.Job instance at 0x7ff92f5211e0>,0,3,[2 6],1,4,7,3,4
1,<environment.Job instance at 0x7ff92f1035f0>,13,2,[6 3],14,15,17,1,15
1,<environment.Job instance at 0x7ff92f103c30>,16,1,[6 3],17,17,18,0,17
1,<environment.Job instance at 0x7ff92f38d0f0>,17,1,[5 4],18,18,19,0,18
1,<environment.Job instance at 0x7ff8e91f6140>,19,1,[3 5],20,20,21,0,20
1,<environment.Job instance at 0x7ff8e91f66e0>,20,1,[4 9],21,21,22,0,21
1,<environment.Job instance at 0x7ff92f0e2f00>,24,2,[7 3],25,30,32,5,30
1,<environment.Job instance at 0x7ff92f40ca50>,3,18,[1 8],4,43,61,39,43
1,<environment.Job instance at 0x7ff92f0e2550>,28,2,[1 6],29,43,45,14,43
1,<environment.Job instance at 0x7ff92edc6370>,29,23,[5 5],30,45,68,15,43
1,<environment.Job instance at 0x7ff92f441dc0>,35,24,[7 5],36,75,99,39,75
1,<environment.Job instance at 0x7ff92f441a50>,37,3,[ 2 13],38,99,102,61,75
1,<environment.Job instance at 0x7ff92f441e10>,38,2,[5 5],39,75,77,36,75
1,<environment.Job instance at 0x7ff92f441910>,41,2,[4 8],42,86,88,44,86
1,<environment.Job instance at 0x7ff92f037320>,48,3,[10  1],49,109,112,60,109
1,<environment.Job instance at 0x7ff92f037e10>,50,1,[13  2],51,120,121,69,120
1,<environment.Job instance at 0x7ff92f0375a0>,53,1,[ 2 13],54,138,139,84,138
1,<environment.Job instance at 0x7ff92f037eb0>,55,19,[8 1],56,138,157,82,138
1,<environment.Job instance at 0x7ff92f103d70>,0,26,[5 7],1,1,27,0,1
1,<environment.Job instance at 0x7ff8e95270f0>,4,20,[5 9],5,27,47,22,18
1,<environment.Job instance at 0x7ff8e95272d0>,9,27,[5 9],10,47,74,37,45
1,<environment.Job instance at 0x7ff92f85a140>,12,26,[ 1 10],13,74,100,61,71
1,<environment.Job instance at 0x7ff92f85a6e0>,13,28,[3 5],14,71,99,57,71
1,<environment.Job instance at 0x7ff92f85aa50>,20,20,[5 8],21,100,120,79,91
1,<environment.Job instance at 0x7ff92f5d0c80>,30,21,[5 2],31,108,129,77,108
1,<environment.Job instance at 0x7ff92f5d0d70>,33,2,[9 4],34,121,123,87,121
1,<environment.Job instance at 0x7ff92f5d0b40>,35,2,[ 5 10],36,123,125,87,122
1,<environment.Job instance at 0x7ff92f5d06e0>,37,2,[8 3],38,134,136,96,134
1,<environment.Job instance at 0x7ff92f5d0cd0>,39,3,[ 4 10],40,136,139,96,136
1,<environment.Job instance at 0x7ff92ee89f00>,4,23,[2 9],5,5,28,0,5
1,<environment.Job instance at 0x7ff8e8fd2910>,16,1,[10  5],17,24,25,7,24
1,<environment.Job instance at 0x7ff8e8fd24b0>,18,26,[2 5],19,25,51,6,24
1,<environment.Job instance at 0x7ff92f3078c0>,19,28,[4 8],20,28,56,8,27
1,<environment.Job instance at 0x7ff8e8fd2cd0>,20,28,[1 5],21,51,79,30,50
1,<environment.Job instance at 0x7ff8e8fcc1e0>,21,1,[9 5],22,56,57,34,50
1,<environment.Job instance at 0x7ff8e8f97960>,24,2,[8 1],25,50,52,25,50
1,<environment.Job instance at 0x7ff92f2d6690>,25,1,[4 6],26,57,58,31,50
1,<environment.Job instance at 0x7ff92f3084b0>,26,22,[7 4],27,57,79,30,50
1,<environment.Job instance at 0x7ff92f308eb0>,27,28,[ 1 10],28,79,107,51,78
1,<environment.Job instance at 0x7ff8e8f879b0>,39,1,[8 3],40,101,102,61,101
1,<environment.Job instance at 0x7ff8e8f87c30>,41,1,[9 1],42,102,103,60,101
1,<environment.Job instance at 0x7ff92ed1b500>,43,3,[9 5],44,108,111,64,108
1,<environment.Job instance at 0x7ff92f8bb4b0>,46,1,[5 1],47,121,122,74,121
1,<environment.Job instance at 0x7ff8e8fa1d20>,6,3,[14  4],7,128,131,121,128
1,<environment.Job instance at 0x7ff8e906b0f0>,51,2,[5 2],52,136,138,84,136
1,<environment.Job instance at 0x7ff8e955b7d0>,4,27,[3 8],5,5,32,0,5
1,<environment.Job instance at 0x7ff8e8faf3c0>,15,27,[4 6],16,33,60,17,33
1,<environment.Job instance at 0x7ff92eef3870>,17,1,[1 7],18,41,42,23,41
1,<environment.Job instance at 0x7ff92ec1b0a0>,21,2,[5 3],22,57,59,35,57
1,<environment.Job instance at 0x7ff92ec1bc30>,22,1,[5 5],23,57,58,34,57
1,<environment.Job instance at 0x7ff92f8f1a50>,24,2,[9 3],25,59,61,34,57
1,<environment.Job instance at 0x7ff92f8f1be0>,25,3,[2 6],26,58,61,32,58
1,<environment.Job instance at 0x7ff92f288f00>,28,1,[10  4],29,69,70,40,69
1,<environment.Job instance at 0x7ff92f288730>,34,28,[4 7],35,102,130,67,102
1,<environment.Job instance at 0x7ff92ee0b370>,36,2,[9 4],37,113,115,76,113
1,<environment.Job instance at 0x7ff92ee0b910>,40,24,[9 4],41,128,152,87,128
1,<environment.Job instance at 0x7ff92eb8f230>,0,1,[6 1],1,2,3,1,2
1,<environment.Job instance at 0x7ff8e9299640>,7,1,[3 6],8,8,9,0,8
1,<environment.Job instance at 0x7ff8e9299280>,8,2,[7 1],9,10,12,1,10
1,<environment.Job instance at 0x7ff8e9299050>,10,2,[ 2 12],11,11,13,0,11
1,<environment.Job instance at 0x7ff8e9299730>,19,2,[10  4],20,48,50,28,48
1,<environment.Job instance at 0x7ff8e9299140>,21,2,[10  3],22,61,63,39,61
1,<environment.Job instance at 0x7ff8e929ddc0>,25,1,[14  5],26,75,76,49,75
1,<environment.Job instance at 0x7ff8e929da00>,27,2,[ 5 12],28,88,90,60,88
1,<environment.Job instance at 0x7ff8e929dd70>,29,20,[7 2],30,91,111,61,91
1,<environment.Job instance at 0x7ff8e929d0f0>,34,1,[5 9],35,113,114,78,113
1,<environment.Job instance at 0x7ff8e929d410>,35,2,[ 2 12],36,114,116,78,113
1,<environment.Job instance at 0x7ff8e929dcd0>,38,22,[ 3 10],39,120,142,81,120
1,<environment.Job instance at 0x7ff92f25c410>,1,1,[7 3],2,3,4,1,3
1,<environment.Job instance at 0x7ff8e9468aa0>,7,1,[ 2 12],8,9,10,1,9
1,<environment.Job instance at 0x7ff8e945c5a0>,14,1,[8 1],15,15,16,0,15
1,<environment.Job instance at 0x7ff8e945c500>,15,1,[10  4],16,16,17,0,16
1,<environment.Job instance at 0x7ff8e945cdc0>,19,2,[7 1],20,26,28,6,26
1,<environment.Job instance at 0x7ff8e947caa0>,21,23,[9 2],22,31,54,9,31
1,<environment.Job instance at 0x7ff8e8fe7780>,25,25,[ 2 11],26,40,65,14,40
1,<environment.Job instance at 0x7ff8e8e405f0>,35,2,[3 6],36,87,89,51,87
1,<environment.Job instance at 0x7ff92ed631e0>,41,1,[1 8],42,124,125,82,124
1,<environment.Job instance at 0x7ff92ed635f0>,42,22,[ 4 11],43,125,147,82,124
1,<environment.Job instance at 0x7ff8e961e050>,4,24,[4 8],5,5,29,0,5
1,<environment.Job instance at 0x7ff8e8fe9190>,6,23,[9 2],7,7,30,0,7
1,<environment.Job instance at 0x7ff92eefc550>,9,27,[ 5 10],10,29,56,19,27
1,<environment.Job instance at 0x7ff8e8fd0960>,10,28,[8 5],11,30,58,19,29
1,<environment.Job instance at 0x7ff92f655dc0>,2,2,[ 1 14],3,73,75,70,73
1,<environment.Job instance at 0x7ff9340dd6e0>,17,2,[2 5],18,76,78,58,76
1,<environment.Job instance at 0x7ff9340e8190>,19,2,[3 7],20,76,78,56,76
1,<environment.Job instance at 0x7ff8e8ec4aa0>,25,3,[4 8],26,105,108,79,105
1,<environment.Job instance at 0x7ff8e8ec4780>,26,3,[9 4],27,105,108,78,105
1,<environment.Job instance at 0x7ff8e8ec41e0>,30,21,[9 2],31,123,144,92,123
1,<environment.Job instance at 0x7ff8e8f5baa0>,1,19,[10  5],2,2,21,0,2
1,<environment.Job instance at 0x7ff92f4ccfa0>,14,1,[3 7],15,16,17,1,16
1,<environment.Job instance at 0x7ff92f4cc5a0>,15,2,[ 5 10],16,17,19,1,16
1,<environment.Job instance at 0x7ff92f4cc050>,17,2,[2 8],18,19,21,1,18
1,<environment.Job instance at 0x7ff92f4cc910>,21,3,[8 1],22,34,37,12,34
1,<environment.Job instance at 0x7ff92f4cc230>,23,1,[10  2],24,40,41,16,40
1,<environment.Job instance at 0x7ff92f4cc8c0>,24,24,[5 9],25,40,64,15,40
1,<environment.Job instance at 0x7ff8e9217640>,26,28,[9 5],27,45,73,18,45
1,<environment.Job instance at 0x7ff8e9217230>,25,18,[1 6],26,74,92,48,74
1,<environment.Job instance at 0x7ff8e92170a0>,34,2,[6 2],35,75,77,40,75
1,<environment.Job instance at 0x7ff8e9217a50>,36,3,[9 4],37,77,80,40,75
1,<environment.Job instance at 0x7ff8e9217410>,37,1,[8 4],38,75,76,37,75
1,<environment.Job instance at 0x7ff92f771460>,38,2,[4 8],39,80,82,41,75
1,<environment.Job instance at 0x7ff92f771c30>,40,3,[10  5],41,82,85,41,76
1,<environment.Job instance at 0x7ff92f7715f0>,42,1,[2 9],43,85,86,42,84
1,<environment.Job instance at 0x7ff92f771370>,43,18,[2 6],44,86,104,42,85
1,<environment.Job instance at 0x7ff92f771230>,45,1,[8 2],46,88,89,42,88
1,<environment.Job instance at 0x7ff92f771d20>,46,1,[2 8],47,92,93,45,88
1,<environment.Job instance at 0x7ff92eb53aa0>,50,3,[1 9],51,111,114,60,111
1,<environment.Job instance at 0x7ff92eb53a50>,52,19,[1 5],53,114,133,61,114
1,<environment.Job instance at 0x7ff92eb53140>,53,2,[1 7],54,114,116,60,114
1,<environment.Job instance at 0x7ff8e8d43410>,0,27,[7 2],1,1,28,0,1
1,<environment.Job instance at 0x7ff8e8d43c30>,1,26,[ 5 11],2,2,28,0,2
1,<environment.Job instance at 0x7ff92f4357d0>,19,2,[ 1 11],20,28,30,8,27
1,<environment.Job instance at 0x7ff92f435dc0>,23,2,[9 5],24,33,35,9,33
1,<environment.Job instance at 0x7ff92f435640>,24,2,[1 6],25,33,35,8,33
1,<environment.Job instance at 0x7ff92f3eb6e0>,28,21,[5 3],29,48,69,19,48
1,<environment.Job instance at 0x7ff92f3eb9b0>,29,2,[6 5],30,48,50,18,48
1,<environment.Job instance at 0x7ff92f3eb320>,30,1,[1 7],31,48,49,17,48
1,<environment.Job instance at 0x7ff92f518a50>,32,1,[4 6],33,49,50,16,48
1,<environment.Job instance at 0x7ff92f5180f0>,33,24,[10  4],34,50,74,16,48
1,<environment.Job instance at 0x7ff92f54b9b0>,37,2,[ 3 11],38,72,74,34,72
1,<environment.Job instance at 0x7ff92f54baa0>,41,21,[2 7],42,74,95,32,72
1,<environment.Job instance at 0x7ff92ec57230>,50,1,[5 9],51,130,131,79,130
1,<environment.Job instance at 0x7ff92ec57870>,51,1,[2 5],52,130,131,78,130
1,<environment.Job instance at 0x7ff92ec57be0>,53,1,[ 3 10],54,131,132,77,131
1,<environment.Job instance at 0x7ff92f532690>,55,25,[8 3],56,131,156,75,131
1,<environment.Job instance at 0x7f9a51b822d0>,1,22,[11  3],2,2,24,0,2
1,<environment.Job instance at 0x7f9a51b82190>,2,22,[4 8],3,3,25,0,3
1,<environment.Job instance at 0x7f9a4c772640>,12,26,[ 1 10],13,25,51,12,22
1,<environment.Job instance at 0x7f9a4c772fa0>,20,1,[7 5],21,27,28,6,27
1,<environment.Job instance at 0x7f9a4c7744b0>,23,27,[1 6],24,51,78,27,49
1,<environment.Job instance at 0x7f9a4c7746e0>,26,3,[3 7],27,51,54,24,50
1,<environment.Job instance at 0x7f9a4c774820>,28,23,[10  4],29,54,77,25,51
1,<environment.Job instance at 0x7f9a4c774e60>,34,24,[1 8],35,77,101,42,72
1,<environment.Job instance at 0x7f9a4c777140>,38,2,[ 1 10],39,101,103,62,75
1,<environment.Job instance at 0x7f9a4c777b90>,51,3,[1 5],52,134,137,82,134
1,<environment.Job instance at 0x7f9a4c777e60>,52,1,[8 5],53,134,135,81,134
1,<environment.Job instance at 0x7f9a4c78bd70>,0,2,[3 8],1,2,4,1,2
1,<environment.Job instance at 0x7f9a51baac80>,6,1,[6 3],7,7,8,0,7
1,<environment.Job instance at 0x7f9a51baa190>,10,3,[13  3],11,11,14,0,11
1,<environment.Job instance at 0x7f9a51ba9690>,16,2,[8 1],17,18,20,1,18
1,<environment.Job instance at 0x7f9a51cf6410>,18,19,[6 4],19,19,38,0,19
1,<environment.Job instance at 0x7f9a51cf5b90>,24,19,[6 1],25,27,46,2,27
1,<environment.Job instance at 0x7f9a51cf5230>,26,2,[11  5],27,46,48,19,28
1,<environment.Job instance at 0x7f9a51cf5280>,27,21,[ 3 10],28,28,49,0,28
1,<environment.Job instance at 0x7f9a51cfc4b0>,28,3,[14  4],29,49,52,20,46
1,<environment.Job instance at 0x7f9a51cfc550>,36,1,[5 9],37,56,57,19,56
1,<environment.Job instance at 0x7f9a51cfc280>,37,1,[2 9],38,57,58,19,56
1,<environment.Job instance at 0x7f9a51cfcd70>,38,21,[9 4],39,56,77,17,56
1,<environment.Job instance at 0x7f9a51cf2280>,42,3,[10  2],43,77,80,34,76
1,<environment.Job instance at 0x7f9a51cf2370>,43,2,[8 3],44,80,82,36,76
1,<environment.Job instance at 0x7f9a51cf2eb0>,45,1,[6 2],46,80,81,34,79
1,<environment.Job instance at 0x7f9a51ceec30>,47,1,[9 1],48,87,88,39,87
1,<environment.Job instance at 0x7f9a51cee050>,49,2,[9 4],50,95,97,45,95
1,<environment.Job instance at 0x7f9a51cfbaf0>,56,3,[2 8],57,131,134,74,131
1,<environment.Job instance at 0x7f9a51cfb3c0>,57,1,[2 8],58,134,135,76,131
1,<environment.Job instance at 0x7f9a51cfbf50>,58,2,[13  1],59,131,133,72,131
1,<environment.Job instance at 0x7f9a51cfbcd0>,59,2,[10  4],60,133,135,73,131
1,<environment.Job instance at 0x7f9a51cfb780>,61,3,[13  5],62,136,139,74,136
1,<environment.Job instance at 0x7f9a51cfbfa0>,62,2,[ 1 12],63,139,141,76,136
1,<environment.Job instance at 0x7f9a4f08c690>,2,25,[6 3],3,3,28,0,3
1,<environment.Job instance at 0x7f9a070fef00>,12,1,[5 9],13,13,14,0,13
1,<environment.Job instance at 0x7f9a4c9645a0>,13,20,[2 6],14,14,34,0,14
1,<environment.Job instance at 0x7f9a06a8ac80>,21,2,[1 7],22,30,32,8,30
1,<environment.Job instance at 0x7f9a06a8a6e0>,22,3,[ 3 11],23,37,40,14,37
1,<environment.Job instance at 0x7f9a4c9c8d70>,27,1,[9 3],28,46,47,18,46
1,<environment.Job instance at 0x7f9a06b013c0>,30,24,[2 8],31,58,82,27,58
1,<environment.Job instance at 0x7f9a4c548410>,31,24,[9 1],32,58,82,26,58
1,<environment.Job instance at 0x7f9a06b01820>,33,24,[10  5],34,82,106,48,77
1,<environment.Job instance at 0x7f9a06b01690>,34,23,[10  2],35,106,129,71,100
1,<environment.Job instance at 0x7f9a06a99910>,46,1,[2 6],47,133,134,86,133
1,<environment.Job instance at 0x7f9a06a99d70>,48,2,[5 7],49,133,135,84,133
1,<environment.Job instance at 0x7f9a4c838d20>,7,19,[14  4],8,16,35,8,16
1,<environment.Job instance at 0x7f9a4c82cf00>,16,25,[3 8],17,35,60,18,31
1,<environment.Job instance at 0x7f9a4c7fcf00>,19,27,[9 3],20,35,62,15,33
1,<environment.Job instance at 0x7f9a4c89cc30>,22,24,[ 3 10],23,60,84,37,55
1,<environment.Job instance at 0x7f9a06f09d20>,28,27,[1 7],29,84,111,55,82
1,<environment.Job instance at 0x7f9a069d6410>,36,3,[9 3],37,101,104,64,101
1,<environment.Job instance at 0x7f9a069d6c30>,39,1,[10  3],40,113,114,73,113
1,<environment.Job instance at 0x7f9a069d6d70>,40,19,[1 5],41,113,132,72,113
1,<environment.Job instance at 0x7f9a4ee37230>,18,3,[ 5 14],19,132,135,113,126
1,<environment.Job instance at 0x7f9a06b9cf50>,44,2,[7 5],45,135,137,90,131
1,<environment.Job instance at 0x7f9a06b9c280>,45,2,[14  5],46,137,139,91,133
1,<environment.Job instance at 0x7f9a06e20b90>,50,1,[6 3],51,145,146,94,145
1,<environment.Job instance at 0x7f9a06b17f50>,52,15,[5 1],53,146,161,93,146
1,<environment.Job instance at 0x7f9a06c38dc0>,3,1,[6 2],4,5,6,1,5
1,<environment.Job instance at 0x7f9a518eda50>,4,2,[4 6],5,5,7,0,5
1,<environment.Job instance at 0x7f9a4c5f7cd0>,7,3,[ 1 12],8,8,11,0,8
1,<environment.Job instance at 0x7f9a4cbb8910>,16,23,[7 4],17,17,40,0,17
1,<environment.Job instance at 0x7f9a4c614500>,23,20,[5 4],24,31,51,7,31
1,<environment.Job instance at 0x7f9a4c6146e0>,31,2,[5 1],32,48,50,16,48
1,<environment.Job instance at 0x7f9a4c613780>,33,1,[7 2],34,55,56,21,55
1,<environment.Job instance at 0x7f9a4c6135a0>,35,20,[4 7],36,64,84,28,64
1,<environment.Job instance at 0x7f9a4c613410>,36,21,[6 5],37,64,85,27,64
1,<environment.Job instance at 0x7f9a4c610e10>,41,27,[5 1],42,84,111,42,84
1,<environment.Job instance at 0x7f9a4c610d20>,42,21,[1 6],43,84,105,41,84
1,<environment.Job instance at 0x7f9a4c610af0>,46,25,[8 3],47,93,118,46,93
1,<environment.Job instance at 0x7f9a4c756fa0>,7,2,[ 4 14],8,11,13,3,11
1,<environment.Job instance at 0x7f9a4c756190>,10,1,[5 4],11,13,14,2,12
1,<environment.Job instance at 0x7f9a4c756780>,12,1,[2 7],13,13,14,0,13
1,<environment.Job instance at 0x7f9a4c756e60>,14,2,[ 1 12],15,15,17,0,15
1,<environment.Job instance at 0x7f9a4c756be0>,20,25,[2 8],21,25,50,4,25
1,<environment.Job instance at 0x7f9a4ee475f0>,24,3,[ 3 14],25,50,53,25,47
1,<environment.Job instance at 0x7f9a4ee470f0>,25,1,[10  1],26,47,48,21,47
1,<environment.Job instance at 0x7f9a4cbf0730>,29,2,[13  5],30,76,78,46,76
1,<environment.Job instance at 0x7f9a4cbf0aa0>,30,1,[4 8],31,78,79,47,76
1,<environment.Job instance at 0x7f9a4cbf0c80>,32,3,[5 2],33,78,81,45,77
1,<environment.Job instance at 0x7f9a4cbf0780>,33,2,[2 5],34,77,79,43,77
1,<environment.Job instance at 0x7f9a4ee38690>,37,3,[8 5],38,105,108,67,105
1,<environment.Job instance at 0x7f9a4ee38320>,38,1,[ 3 12],39,108,109,69,105
1,<environment.Job instance at 0x7f9a4ee38820>,40,2,[5 6],41,109,111,68,107
1,<environment.Job instance at 0x7f9a4ee38fa0>,42,18,[5 1],43,121,139,78,121
1,<environment.Job instance at 0x7f9a4ee38190>,44,20,[9 5],45,121,141,76,121
1,<environment.Job instance at 0x7f9a4c7a5870>,0,1,[8 1],1,3,4,2,3
1,<environment.Job instance at 0x7f9a06ee3230>,4,22,[9 5],5,5,27,0,5
1,<environment.Job instance at 0x7f9a06f7db40>,5,3,[ 1 14],6,28,31,22,28
1,<environment.Job instance at 0x7f9a4c9f1be0>,17,2,[3 7],18,41,43,23,41
1,<environment.Job instance at 0x7f9a4c7f7e60>,19,21,[1 7],20,48,69,28,48
1,<environment.Job instance at 0x7f9a4ed03640>,23,2,[8 4],24,73,75,49,73
1,<environment.Job instance at 0x7f9a4ed03690>,24,1,[10  4],25,75,76,50,73
1,<environment.Job instance at 0x7f9a06f933c0>,30,2,[8 1],31,100,102,69,100
1,<environment.Job instance at 0x7f9a4c779be0>,31,1,[9 4],32,102,103,70,100
1,<environment.Job instance at 0x7f9a4ed83320>,33,2,[1 7],34,106,108,72,106
1,<environment.Job instance at 0x7f9a4ed83af0>,34,2,[1 6],35,106,108,71,106
1,<environment.Job instance at 0x7f9a4c69deb0>,36,3,[9 2],37,116,119,79,116
1,<environment.Job instance at 0x7f9a4c69d820>,38,1,[8 2],39,121,122,82,121
1,<environment.Job instance at 0x7f9a4c69dc30>,39,3,[2 6],40,121,124,81,121
1,<environment.Job instance at 0x7f9a4c69d2d0>,42,2,[2 7],43,124,126,81,124
1,<environment.Job instance at 0x7f9a4c81ac80>,11,12,[ 1 13],12,126,138,114,124
1,<environment.Job instance at 0x7f9a4c6d0230>,45,2,[3 7],46,138,140,92,134
1,<environment.Job instance at 0x7f9a4c6d0370>,46,1,[11  2],47,134,135,87,134
1,<environment.Job instance at 0x7f9a4c6d0140>,50,1,[4 5],51,148,149,97,148
1,<environment.Job instance at 0x7f9a4c6d0c30>,51,16,[5 3],52,148,164,96,148
1,<environment.Job instance at 0x7f9a4c6d0500>,52,1,[6 3],53,148,149,95,148
1,<environment.Job instance at 0x7f9a4c6d01e0>,53,3,[1 6],54,149,152,95,148
1,<environment.Job instance at 0x7f9a4c6d0dc0>,54,1,[5 4],55,149,150,94,148
1,<environment.Job instance at 0x7f9a4ef2e500>,5,3,[14  4],6,7,10,1,7
1,<environment.Job instance at 0x7f9a4ef2eb40>,12,2,[6 3],13,13,15,0,13
1,<environment.Job instance at 0x7f9a4ef2e7d0>,11,2,[11  4],12,20,22,8,20
1,<environment.Job instance at 0x7f9a4ef2efa0>,18,22,[ 1 13],19,25,47,6,25
1,<environment.Job instance at 0x7f9a4ef18aa0>,27,1,[9 1],28,60,61,32,60
1,<environment.Job instance at 0x7f9a4ef18b90>,28,2,[11  2],29,61,63,32,60
1,<environment.Job instance at 0x7f9a4ef18d20>,29,23,[4 9],30,60,83,30,60
1,<environment.Job instance at 0x7f9a4ef18fa0>,33,1,[5 5],34,80,81,46,80
1,<environment.Job instance at 0x7f9a4ef18f50>,34,22,[5 8],35,83,105,48,80
1,<environment.Job instance at 0x7f9a4ef223c0>,39,3,[4 5],40,106,109,66,106
1,<environment.Job instance at 0x7f9a4ef225a0>,42,1,[10  2],43,109,110,66,109
1,<environment.Job instance at 0x7f9a4ef22640>,43,1,[2 9],44,109,110,65,109
1,<environment.Job instance at 0x7f9a4ef225f0>,44,1,[10  4],45,110,111,65,109
1,<environment.Job instance at 0x7f9a4ef22910>,46,1,[1 8],47,110,111,63,109
1,<environment.Job instance at 0x7f9a4ef22c80>,50,2,[ 4 14],51,129,131,78,129
1,<environment.Job instance at 0x7f9a4ef22dc0>,52,2,[1 5],53,138,140,85,138
1,<environment.Job instance at 0x7f9a4ef22fa0>,55,3,[10  2],56,145,148,89,145
1,<environment.Job instance at 0x7f9a4ef22be0>,49,18,[1 9],50,149,167,99,149
1,<environment.Job instance at 0x7f9a4ef22730>,3,23,[1 7],4,4,27,0,4
1,<environment.Job instance at 0x7f9a4c74da50>,4,22,[1 8],5,5,27,0,5
1,<environment.Job instance at 0x7f9a4c6da190>,12,26,[1 5],13,27,53,14,24
1,<environment.Job instance at 0x7f9a4c71e4b0>,16,1,[9 3],17,27,28,10,26
1,<environment.Job instance at 0x7f9a06f96cd0>,18,3,[5 8],19,28,31,9,26
1,<environment.Job instance at 0x7f9a4edef5f0>,19,2,[3 9],20,31,33,11,26
1,<environment.Job instance at 0x7f9a4f1ddc80>,22,22,[5 3],23,40,62,17,40
1,<environment.Job instance at 0x7f9a4ca2e9b0>,23,1,[8 4],24,40,41,16,40
1,<environment.Job instance at 0x7f9a4f1d8c30>,25,1,[8 5],26,42,43,16,42
1,<environment.Job instance at 0x7f9a4c61d190>,26,3,[2 5],27,43,46,16,42
1,<environment.Job instance at 0x7f9a4f3f7730>,27,24,[2 8],28,53,77,25,48
1,<environment.Job instance at 0x7f9a4f21ac30>,9,17,[9 1],10,67,84,57,67
1,<environment.Job instance at 0x7f9a06a6db90>,33,26,[1 8],34,77,103,43,74
1,<environment.Job instance at 0x7f9a4c78b190>,41,23,[9 4],42,84,107,42,83
1,<environment.Job instance at 0x7f9a4c69d5a0>,47,1,[ 1 10],48,112,113,64,112
1,<environment.Job instance at 0x7f9a51cfbe60>,49,1,[6 4],50,112,113,62,112
1,<environment.Job instance at 0x7f9a51cfb960>,51,14,[3 5],52,113,127,61,113
1,<environment.Job instance at 0x7f9a4eedf820>,53,12,[4 5],54,113,125,59,113
1,<environment.Job instance at 0x7f9a4ed5fd20>,54,3,[3 9],55,125,128,70,113
1,<environment.Job instance at 0x7f9a4ed5faa0>,58,3,[5 9],59,131,134,72,131
1,<environment.Job instance at 0x7f9a4ed5f870>,59,1,[10  2],60,131,132,71,131
1,<environment.Job instance at 0x7f9a4ed5f960>,61,2,[4 9],62,136,138,74,136
1,<environment.Job instance at 0x7f9a4ed5f550>,65,3,[3 8],66,148,151,82,148
1,<environment.Job instance at 0x7f9a4cc07730>,6,1,[14  4],7,7,8,0,7
1,<environment.Job instance at 0x7f9a4c5d0d70>,4,1,[2 5],5,9,10,4,9
1,<environment.Job instance at 0x7f9a06a74190>,8,1,[1 5],9,9,10,0,9
1,<environment.Job instance at 0x7f9a4cb85e60>,13,2,[ 3 10],14,15,17,1,15
1,<environment.Job instance at 0x7f9a06e34910>,19,2,[ 3 10],20,22,24,2,22
1,<environment.Job instance at 0x7f9a4c71bb90>,21,2,[6 2],22,33,35,11,33
1,<environment.Job instance at 0x7f9a4cc67aa0>,23,1,[5 5],24,34,35,10,34
1,<environment.Job instance at 0x7f9a06a740f0>,11,17,[9 4],12,35,52,23,34
1,<environment.Job instance at 0x7f9a06bc99b0>,26,18,[ 2 10],27,51,69,24,51
1,<environment.Job instance at 0x7f9a4f3f7960>,33,3,[ 2 10],34,85,88,51,85
1,<environment.Job instance at 0x7f9a4c5484b0>,36,3,[1 8],37,88,91,51,85
1,<environment.Job instance at 0x7f9a4c5488c0>,37,1,[3 5],38,85,86,47,85
1,<environment.Job instance at 0x7f9a4c548410>,38,25,[5 5],39,86,111,47,85
1,<environment.Job instance at 0x7f9a4c548820>,39,2,[5 1],40,88,90,48,85
1,<environment.Job instance at 0x7f9a06c24780>,0,26,[9 4],1,1,27,0,1
1,<environment.Job instance at 0x7f9a4f2593c0>,8,24,[8 3],9,27,51,18,22
1,<environment.Job instance at 0x7f9a4f259780>,16,3,[4 5],17,29,32,12,29
1,<environment.Job instance at 0x7f9a4f2598c0>,18,2,[6 4],19,36,38,17,36
1,<environment.Job instance at 0x7f9a4f259960>,19,19,[2 9],20,38,57,18,36
1,<environment.Job instance at 0x7f9a4f259a00>,20,22,[1 9],21,57,79,36,50
1,<environment.Job instance at 0x7f9a4f259f50>,23,1,[5 6],24,51,52,27,50
1,<environment.Job instance at 0x7f9a4f2720f0>,26,2,[1 8],27,79,81,52,52
1,<environment.Job instance at 0x7f9a4f2722d0>,28,2,[ 4 12],29,81,83,52,60
1,<environment.Job instance at 0x7f9a4f272820>,33,26,[2 9],34,83,109,49,83
1,<environment.Job instance at 0x7f9a4f272cd0>,39,3,[3 5],40,101,104,61,101
1,<environment.Job instance at 0x7f9a4f272a50>,43,18,[1 8],44,117,135,73,117
1,<environment.Job instance at 0x7f9a4f241280>,45,3,[5 5],46,127,130,81,127
1,<environment.Job instance at 0x7f9a4f241320>,46,1,[5 3],47,130,131,83,127
1,<environment.Job instance at 0x7f9a4f241460>,48,3,[10  4],49,140,143,91,140
1,<environment.Job instance at 0x7f9a4f241820>,50,1,[1 7],51,143,144,92,143
1,<environment.Job instance at 0x7f9a4f2417d0>,51,12,[5 1],52,145,157,93,145
1,<environment.Job instance at 0x7f9a4f241b40>,52,2,[1 9],53,145,147,92,145
1,<environment.Job instance at 0x7f9a4f241550>,53,2,[6 3],54,145,147,91,145
1,<environment.Job instance at 0x7f9a4f241c30>,56,1,[6 3],57,147,148,90,147
1,<environment.Job instance at 0x7f9a4f241cd0>,57,1,[5 4],58,148,149,90,147
1,<environment.Job instance at 0x7f9a4cb2faa0>,10,2,[3 9],11,12,14,1,12
1,<environment.Job instance at 0x7f9a4cb2faf0>,12,22,[6 2],13,13,35,0,13
1,<environment.Job instance at 0x7f9a4cb2fa50>,14,23,[6 5],15,17,40,2,17
1,<environment.Job instance at 0x7f9a4cb2f3c0>,15,1,[9 4],16,35,36,19,17
1,<environment.Job instance at 0x7f9a4cb2feb0>,16,3,[ 4 10],17,36,39,19,17
1,<environment.Job instance at 0x7f9a4c70dcd0>,23,21,[7 4],24,39,60,15,36
1,<environment.Job instance at 0x7f9a4c70deb0>,24,2,[ 4 10],25,40,42,15,36
1,<environment.Job instance at 0x7f9a51b80fa0>,30,26,[5 7],31,42,68,11,41
1,<environment.Job instance at 0x7f9a4c71b370>,34,20,[5 9],35,68,88,33,59
1,<environment.Job instance at 0x7f9a4c71b460>,36,1,[7 3],37,60,61,23,59
1,<environment.Job instance at 0x7f9a06f516e0>,39,27,[5 9],40,88,115,48,86
1,<environment.Job instance at 0x7f9a06f51870>,42,26,[ 1 10],43,115,141,72,112
1,<environment.Job instance at 0x7f9a06f51aa0>,43,28,[3 5],44,112,140,68,112
1,<environment.Job instance at 0x7f9a06e340a0>,48,1,[9 2],49,140,141,91,113
1,<environment.Job instance at 0x7f9a06e341e0>,50,20,[5 8],51,141,161,90,132
1,<environment.Job instance at 0x7f9a06e34be0>,54,1,[1 7],55,141,142,86,133
1,<environment.Job instance at 0x7f9a4eedcf50>,60,21,[5 2],61,148,169,87,148
1,<environment.Job instance at 0x7f9a51ac0b90>,4,1,[ 1 11],5,5,6,0,5
1,<environment.Job instance at 0x7f9a4eedc960>,5,1,[ 3 14],6,6,7,0,6
1,<environment.Job instance at 0x7f9a51ac0140>,3,1,[9 3],4,7,8,3,6
1,<environment.Job instance at 0x7f9a4c77a9b0>,7,1,[6 4],8,8,9,0,8
1,<environment.Job instance at 0x7f9a4eedcf50>,6,1,[1 9],7,9,10,2,9
1,<environment.Job instance at 0x7f9a4c77ab90>,8,3,[6 2],9,9,12,0,9
1,<environment.Job instance at 0x7f9a4c77a5f0>,12,28,[5 1],13,13,41,0,13
1,<environment.Job instance at 0x7f9a4c77a140>,13,2,[1 9],14,14,16,0,14
1,<environment.Job instance at 0x7f9a4c77a690>,15,3,[8 5],16,16,19,0,16
1,<environment.Job instance at 0x7f9a4c77a050>,17,1,[6 2],18,19,20,1,18
1,<environment.Job instance at 0x7f9a4c7a5320>,18,3,[1 7],19,19,22,0,19
1,<environment.Job instance at 0x7f9a4c7a52d0>,22,1,[6 3],23,23,24,0,23
1,<environment.Job instance at 0x7f9a4c7a5c30>,23,2,[4 5],24,24,26,0,24
1,<environment.Job instance at 0x7f9a4c85c050>,24,23,[2 9],25,25,48,0,25
1,<environment.Job instance at 0x7f9a4c85c2d0>,28,2,[10  1],29,41,43,12,37
1,<environment.Job instance at 0x7f9a4c85ccd0>,29,13,[6 1],30,45,58,15,45
1,<environment.Job instance at 0x7f9a4c85cbe0>,26,3,[14  4],27,58,61,31,57
1,<environment.Job instance at 0x7f9a4c85c550>,34,2,[6 1],35,65,67,30,65
1,<environment.Job instance at 0x7f9a4c85caa0>,35,3,[7 2],36,65,68,29,65
1,<environment.Job instance at 0x7f9a06b50fa0>,36,1,[10  5],37,68,69,31,65
1,<environment.Job instance at 0x7f9a06b503c0>,37,3,[10  3],38,69,72,31,65
1,<environment.Job instance at 0x7f9a4eeadd70>,38,26,[2 5],39,65,91,26,65
1,<environment.Job instance at 0x7f9a4eeadaf0>,39,28,[4 8],40,72,100,32,71
1,<environment.Job instance at 0x7f9a4eeadcd0>,40,28,[1 5],41,91,119,50,90
1,<environment.Job instance at 0x7f9a4eead8c0>,45,1,[4 6],46,100,101,54,90
1,<environment.Job instance at 0x7f9a4eead1e0>,46,22,[7 4],47,100,122,53,93
1,<environment.Job instance at 0x7f9a4eead690>,47,28,[ 1 10],48,119,147,71,118
1,<environment.Job instance at 0x7f9a4c6d0a50>,50,1,[ 5 10],51,147,148,96,119
1,<environment.Job instance at 0x7f9a4c6d0730>,55,2,[8 2],56,123,125,67,123
1,<environment.Job instance at 0x7f9a4c6d0dc0>,56,1,[10  4],57,125,126,68,123
1,<environment.Job instance at 0x7f9a4c6d0780>,59,1,[8 3],60,128,129,68,128
1,<environment.Job instance at 0x7f9a4c6d0cd0>,60,2,[ 4 10],61,148,150,87,128
1,<environment.Job instance at 0x7f9a4c6d00a0>,61,1,[9 1],62,129,130,67,128
1,<environment.Job instance at 0x7f9a4c58c3c0>,63,3,[9 5],64,130,133,66,129
1,<environment.Job instance at 0x7f9a4c6de1e0>,66,1,[5 1],67,143,144,76,143
1,<environment.Job instance at 0x7f9a4c6deb90>,3,27,[5 6],4,4,31,0,4
1,<environment.Job instance at 0x7f9a0690ecd0>,8,25,[11  1],9,31,56,22,27
1,<environment.Job instance at 0x7f9a0691ec30>,14,27,[3 8],15,27,54,12,27
1,<environment.Job instance at 0x7f9a4cc30a00>,25,27,[4 6],26,60,87,34,60
1,<environment.Job instance at 0x7f9a4ca5bf50>,27,1,[1 7],28,75,76,47,75
1,<environment.Job instance at 0x7f9a069c8e10>,31,2,[5 3],32,92,94,60,92
1,<environment.Job instance at 0x7f9a4ee41460>,32,1,[5 5],33,92,93,59,92
1,<environment.Job instance at 0x7f9a069e0b40>,35,3,[2 6],36,102,105,66,102
1,<environment.Job instance at 0x7f9a069337d0>,38,1,[10  4],39,102,103,63,102
1,<environment.Job instance at 0x7f9a4c98d280>,44,28,[4 7],45,129,157,84,129
1,<environment.Job instance at 0x7f9a4c4fad70>,46,2,[9 4],47,139,141,92,139
1,<environment.Job instance at 0x7f9a069d5eb0>,47,3,[7 3],48,141,144,93,140
1,<environment.Job instance at 0x7f9a4c8788c0>,0,1,[6 1],1,2,3,1,2
1,<environment.Job instance at 0x7f9a4ee8c0a0>,9,2,[5 1],10,10,12,0,10
1,<environment.Job instance at 0x7f9a06d5d8c0>,10,2,[ 2 12],11,18,20,7,18
1,<environment.Job instance at 0x7f9a06d5d780>,19,2,[10  4],20,42,44,22,42
1,<environment.Job instance at 0x7f9a4cacbeb0>,21,2,[10  3],22,52,54,30,52
1,<environment.Job instance at 0x7f9a06dba320>,23,12,[3 6],24,63,75,39,63
1,<environment.Job instance at 0x7f9a06dcb1e0>,25,1,[14  5],26,75,76,49,63
1,<environment.Job instance at 0x7f9a06dcbc80>,27,2,[ 5 12],28,76,78,48,72
1,<environment.Job instance at 0x7f9a4f49ac80>,29,20,[7 2],30,76,96,46,72
1,<environment.Job instance at 0x7f9a0707c1e0>,34,1,[5 9],35,89,90,54,89
1,<environment.Job instance at 0x7f9a0707ceb0>,35,2,[ 2 12],36,90,92,54,89
1,<environment.Job instance at 0x7f9a0707c3c0>,36,2,[10  2],37,96,98,59,89
1,<environment.Job instance at 0x7f9a0707cf50>,38,22,[ 3 10],39,103,125,64,103
1,<environment.Job instance at 0x7f9a0707cb40>,44,19,[3 7],45,130,149,85,130
1,<environment.Job instance at 0x7f9a07089190>,46,1,[6 5],47,141,142,94,141
1,<environment.Job instance at 0x7f9a07089eb0>,47,23,[3 5],48,142,165,94,141
1,<environment.Job instance at 0x7f9a067f0b40>,4,1,[8 1],5,5,6,0,5
1,<environment.Job instance at 0x7f9a067f0af0>,5,1,[10  4],6,6,7,0,6
1,<environment.Job instance at 0x7f9a06761a50>,9,2,[7 1],10,10,12,0,10
1,<environment.Job instance at 0x7f9a067f07d0>,11,23,[9 2],12,21,44,9,21
1,<environment.Job instance at 0x7f9a067610a0>,15,25,[ 2 11],16,21,46,5,21
1,<environment.Job instance at 0x7f9a066ff9b0>,22,3,[10  5],23,52,55,29,52
1,<environment.Job instance at 0x7f9a066ff410>,25,2,[3 6],26,62,64,36,62
1,<environment.Job instance at 0x7f9a066ffcd0>,28,2,[4 9],29,75,77,46,75
1,<environment.Job instance at 0x7f9a066ffdc0>,31,1,[1 8],32,107,108,75,107
1,<environment.Job instance at 0x7f9a066ffa00>,32,22,[ 4 11],33,108,130,75,107
1,<environment.Job instance at 0x7f9a4ed6cc80>,10,21,[9 2],11,12,33,1,12
1,<environment.Job instance at 0x7f9a4ed5cfa0>,16,26,[3 5],17,20,46,3,20
1,<environment.Job instance at 0x7f9a4ed5c640>,17,24,[9 4],18,33,57,15,28
1,<environment.Job instance at 0x7f9a4ed35f00>,22,3,[8 3],23,57,60,34,45
1,<environment.Job instance at 0x7f9a06edef00>,26,3,[9 1],27,60,63,33,56
1,<environment.Job instance at 0x7f9a4c8904b0>,27,3,[7 3],28,57,60,29,56
1,<environment.Job instance at 0x7f9a0707ad20>,28,1,[12  1],29,63,64,34,56
1,<environment.Job instance at 0x7f9a06cdbf50>,29,2,[7 2],30,64,66,34,56
1,<environment.Job instance at 0x7f9a4c559140>,30,1,[5 5],31,56,57,25,56
1,<environment.Job instance at 0x7f9a4ed364b0>,31,2,[2 5],32,60,62,28,56
1,<environment.Job instance at 0x7f9a070b2f00>,34,1,[7 2],35,73,74,38,73
1,<environment.Job instance at 0x7f9a070a1410>,35,1,[6 4],36,73,74,37,73
1,<environment.Job instance at 0x7f9a070ac730>,36,1,[6 5],37,74,75,37,73
1,<environment.Job instance at 0x7f9a4cac6cd0>,38,3,[1 5],39,74,77,35,74
1,<environment.Job instance at 0x7f9a070ace60>,40,2,[6 2],41,74,76,33,74
1,<environment.Job instance at 0x7f9a4cabb550>,42,2,[8 5],43,90,92,47,90
1,<environment.Job instance at 0x7f9a4cabb7d0>,43,24,[5 1],44,90,114,46,90
1,<environment.Job instance at 0x7f9a4cabb050>,44,1,[6 5],45,92,93,47,90
1,<environment.Job instance at 0x7f9a070a8460>,45,22,[5 4],46,93,115,47,90
1,<environment.Job instance at 0x7f9a4c57e370>,46,28,[8 5],47,114,142,67,113
1,<environment.Job instance at 0x7f9a4c56a280>,51,2,[2 5],52,113,115,61,113
1,<environment.Job instance at 0x7f9a4c56a5a0>,53,3,[1 5],54,115,118,61,113
1,<environment.Job instance at 0x7f9a4c56ab40>,54,25,[9 4],55,142,167,87,138
1,<environment.Job instance at 0x7f9a4c56ac80>,55,2,[ 5 10],56,138,140,82,138
1,<environment.Job instance at 0x7f9a4c5925a0>,57,1,[5 2],58,140,141,82,138
1,<environment.Job instance at 0x7f9a07025730>,6,3,[9 4],7,7,10,0,7
1,<environment.Job instance at 0x7f9a07025dc0>,7,1,[8 4],8,10,11,2,8
1,<environment.Job instance at 0x7f9a07025460>,8,2,[4 8],9,9,11,0,9
1,<environment.Job instance at 0x7f9a4f29d5f0>,12,1,[2 9],13,14,15,1,14
1,<environment.Job instance at 0x7f9a0703f0f0>,15,1,[8 2],16,18,19,2,18
1,<environment.Job instance at 0x7f9a069af280>,16,1,[2 8],17,18,19,1,18
1,<environment.Job instance at 0x7f9a06753960>,20,3,[1 9],21,30,33,9,30
1,<environment.Job instance at 0x7f9a4f455e10>,22,19,[1 5],23,32,51,9,32
1,<environment.Job instance at 0x7f9a4f455aa0>,23,2,[1 7],24,33,35,9,32
1,<environment.Job instance at 0x7f9a06ba8190>,33,23,[5 6],34,82,105,48,82
1,<environment.Job instance at 0x7f9a06ba80f0>,36,2,[10  5],37,83,85,46,83
1,<environment.Job instance at 0x7f9a06ba8be0>,38,28,[3 8],39,91,119,52,91
1,<environment.Job instance at 0x7f9a4ca09be0>,41,2,[8 4],42,107,109,65,107
1,<environment.Job instance at 0x7f9a4ca09320>,43,23,[5 7],44,109,132,65,108
1,<environment.Job instance at 0x7f9a4ca099b0>,44,28,[8 5],45,119,147,74,118
1,<environment.Job instance at 0x7f9a4ca09b90>,45,1,[10  5],46,147,148,101,119
1,<environment.Job instance at 0x7f9a4ca09190>,46,23,[3 7],47,132,155,85,126
1,<environment.Job instance at 0x7f9a4f1486e0>,1,21,[2 7],2,2,23,0,2
1,<environment.Job instance at 0x7f9a4c95ec80>,13,1,[ 3 10],14,23,24,9,23
1,<environment.Job instance at 0x7f9a4c95ebe0>,15,25,[8 3],16,23,48,7,23
1,<environment.Job instance at 0x7f9a4c95e3c0>,16,2,[ 1 10],17,24,26,7,23
1,<environment.Job instance at 0x7f9a06b6ae10>,19,1,[7 1],20,37,38,17,37
1,<environment.Job instance at 0x7f9a06b6aaa0>,21,2,[9 4],22,48,50,26,37
1,<environment.Job instance at 0x7f9a06b6ad70>,22,1,[2 7],23,38,39,15,37
1,<environment.Job instance at 0x7f9a06b6a910>,23,1,[4 8],24,39,40,15,37
1,<environment.Job instance at 0x7f9a06b6a5a0>,24,1,[5 4],25,38,39,13,37
1,<environment.Job instance at 0x7f9a06b6a320>,25,3,[7 4],26,40,43,14,37
1,<environment.Job instance at 0x7f9a06b6a410>,26,19,[4 6],27,43,62,16,37
1,<environment.Job instance at 0x7f9a06b6a640>,29,21,[ 5 10],30,62,83,32,54
1,<environment.Job instance at 0x7f9a06b6abe0>,32,3,[6 5],33,54,57,21,54
1,<environment.Job instance at 0x7f9a06b6a230>,33,21,[5 5],34,57,78,23,54
1,<environment.Job instance at 0x7f9a4c9ae0a0>,42,3,[5 5],43,85,88,42,85
1,<environment.Job instance at 0x7f9a4c9ae8c0>,43,27,[4 6],44,85,112,41,85
1,<environment.Job instance at 0x7f9a4c9ae460>,47,2,[3 5],48,103,105,55,103
1,<environment.Job instance at 0x7f9a4c9ae9b0>,50,3,[ 1 14],51,117,120,66,117
1,<environment.Job instance at 0x7f9a4f0e07d0>,54,1,[ 2 11],55,130,131,75,130
1,<environment.Job instance at 0x7f9a4c9aeb40>,45,17,[10  2],46,132,149,86,132
1,<environment.Job instance at 0x7f9a4f0e09b0>,57,28,[8 2],58,149,177,91,148
1,<environment.Job instance at 0x7f9a4f0e0690>,58,22,[5 8],59,148,170,89,148
1,<environment.Job instance at 0x7f9a4c70e410>,6,2,[2 7],7,7,9,0,7
1,<environment.Job instance at 0x7f9a06763af0>,7,2,[9 3],8,10,12,2,10
1,<environment.Job instance at 0x7f9a4f29f640>,10,2,[6 2],11,11,13,0,11
1,<environment.Job instance at 0x7f9a4f29f320>,11,26,[3 8],12,12,38,0,12
1,<environment.Job instance at 0x7f9a4ed865f0>,16,2,[ 3 10],17,38,40,21,18
1,<environment.Job instance at 0x7f9a4ed86320>,17,1,[4 7],18,18,19,0,18
1,<environment.Job instance at 0x7f9a4cb69aa0>,18,1,[5 3],19,20,21,1,20
1,<environment.Job instance at 0x7f9a4ed868c0>,19,2,[ 1 14],20,40,42,20,21
1,<environment.Job instance at 0x7f9a066dffa0>,24,24,[ 3 10],25,42,66,17,37
1,<environment.Job instance at 0x7f9a066df1e0>,28,24,[10  5],29,42,66,13,39
1,<environment.Job instance at 0x7f9a4eebc280>,33,19,[5 5],34,66,85,32,56
1,<environment.Job instance at 0x7f9a066dfb40>,23,18,[2 9],24,75,93,51,75
1,<environment.Job instance at 0x7f9a4eecee10>,43,20,[1 7],44,98,118,54,98
1,<environment.Job instance at 0x7f9a4eecec80>,45,3,[ 4 13],46,118,121,72,98
1,<environment.Job instance at 0x7f9a4eece960>,46,28,[2 6],47,121,149,74,120
1,<environment.Job instance at 0x7f9a4eece1e0>,49,26,[10  1],50,120,146,70,120
1,<environment.Job instance at 0x7f9a4eeefc30>,56,2,[3 7],57,143,145,86,143
1,<environment.Job instance at 0x7f4f19ff42d0>,1,22,[11  3],2,2,24,0,2
1,<environment.Job instance at 0x7f4f19ff4190>,2,22,[4 8],3,3,25,0,3
1,<environment.Job instance at 0x7f4f12be55f0>,12,26,[ 1 10],13,25,51,12,22
1,<environment.Job instance at 0x7f4f12be53c0>,7,1,[5 4],8,24,25,16,22
1,<environment.Job instance at 0x7f4f12be5dc0>,17,3,[4 9],18,51,54,33,25
1,<environment.Job instance at 0x7f4f12be5fa0>,20,1,[7 5],21,34,35,13,34
1,<environment.Job instance at 0x7f4f12be5af0>,21,1,[6 5],22,35,36,13,34
1,<environment.Job instance at 0x7f4f12be7370>,22,1,[2 7],23,54,55,31,34
1,<environment.Job instance at 0x7f4f12be7460>,23,27,[1 6],24,51,78,27,49
1,<environment.Job instance at 0x7f4f12be75a0>,26,3,[3 7],27,55,58,28,50
1,<environment.Job instance at 0x7f4f12be7910>,28,23,[10  4],29,58,81,29,54
1,<environment.Job instance at 0x7f4f12be79b0>,32,3,[5 1],33,78,81,45,56
1,<environment.Job instance at 0x7f4f12be7f00>,34,24,[1 8],35,81,105,46,76
1,<environment.Job instance at 0x7f4f12bea140>,38,2,[ 1 10],39,105,107,66,78
1,<environment.Job instance at 0x7f4f12bea1e0>,39,2,[5 6],40,81,83,41,78
1,<environment.Job instance at 0x7f4f12bea320>,41,1,[5 2],42,83,84,41,82
1,<environment.Job instance at 0x7f4f12bea3c0>,42,2,[4 6],43,84,86,41,82
1,<environment.Job instance at 0x7f4f12bea500>,44,3,[5 5],45,86,89,41,86
1,<environment.Job instance at 0x7f4f12bea6e0>,47,2,[6 5],48,103,105,55,103
1,<environment.Job instance at 0x7f4f12bea8c0>,49,16,[2 5],50,110,126,60,110
1,<environment.Job instance at 0x7f4f1a160500>,6,2,[8 1],7,7,9,0,7
1,<environment.Job instance at 0x7f4f1a01b460>,7,2,[10  2],8,9,11,1,8
1,<environment.Job instance at 0x7f4f1a01be10>,8,19,[6 4],9,11,30,2,11
1,<environment.Job instance at 0x7f4f1a16e1e0>,17,21,[ 3 10],18,22,43,4,22
1,<environment.Job instance at 0x7f4f1a16ed70>,16,2,[11  5],17,30,32,13,29
1,<environment.Job instance at 0x7f4f1a164280>,23,2,[7 3],24,46,48,22,46
1,<environment.Job instance at 0x7f4f1a164140>,24,3,[4 6],25,47,50,22,47
1,<environment.Job instance at 0x7f4f1a164cd0>,25,2,[5 2],26,48,50,22,47
1,<environment.Job instance at 0x7f4f1a164320>,26,1,[5 9],27,50,51,23,47
1,<environment.Job instance at 0x7f4f1a164f00>,27,1,[2 9],28,51,52,23,47
1,<environment.Job instance at 0x7f4f1a164820>,28,21,[9 4],29,50,71,21,47
1,<environment.Job instance at 0x7f4f1a16e8c0>,18,3,[14  4],19,71,74,52,48
1,<environment.Job instance at 0x7f4f1a168c80>,35,1,[6 2],36,62,63,26,62
1,<environment.Job instance at 0x7f4f1a168500>,37,1,[9 1],38,74,75,36,72
1,<environment.Job instance at 0x7f4f1a01cbe0>,39,2,[9 4],40,78,80,38,78
1,<environment.Job instance at 0x7f4f12c00690>,0,3,[13  3],1,81,84,80,81
1,<environment.Job instance at 0x7f4f1a167c80>,48,2,[13  1],49,110,112,61,110
1,<environment.Job instance at 0x7f4f12b0cd20>,51,3,[13  5],52,115,118,63,115
1,<environment.Job instance at 0x7f4f12a8d6e0>,52,2,[ 1 12],53,118,120,65,115
1,<environment.Job instance at 0x7f4f1a167280>,55,2,[5 5],56,126,128,70,126
1,<environment.Job instance at 0x7f4f1a07baa0>,57,3,[1 5],58,127,130,69,127
1,<environment.Job instance at 0x7f4f1a07b6e0>,58,1,[10  5],59,128,129,69,127
1,<environment.Job instance at 0x7f4f1a07b1e0>,59,1,[ 2 10],60,129,130,69,127
1,<environment.Job instance at 0x7f4f1a16d730>,62,1,[ 4 13],63,138,139,75,138
1,<environment.Job instance at 0x7f4f1a16d190>,2,3,[ 3 11],3,8,11,5,8
1,<environment.Job instance at 0x7f4eceefc4b0>,7,1,[9 3],8,8,9,0,8
1,<environment.Job instance at 0x7f4eceefc500>,10,24,[2 8],11,11,35,0,11
1,<environment.Job instance at 0x7f4eceefccd0>,11,24,[9 1],12,12,36,0,12
1,<environment.Job instance at 0x7f4ecef67870>,13,24,[10  5],14,36,60,22,31
1,<environment.Job instance at 0x7f4eceefc7d0>,14,23,[10  2],15,60,83,45,54
1,<environment.Job instance at 0x7f4ecee9d8c0>,28,2,[5 7],29,80,82,51,80
1,<environment.Job instance at 0x7f4f130885a0>,31,2,[6 3],32,95,97,63,95
1,<environment.Job instance at 0x7f4f12a7b320>,33,1,[1 7],34,98,99,64,98
1,<environment.Job instance at 0x7f4ecef0b410>,38,2,[9 4],39,128,130,89,128
1,<environment.Job instance at 0x7f4ecef0b190>,39,3,[ 2 10],40,128,131,88,128
1,<environment.Job instance at 0x7f4ecef0bc80>,40,27,[ 5 10],41,131,158,90,129
1,<environment.Job instance at 0x7f4ecee43c80>,46,25,[ 5 10],47,158,183,111,154
1,<environment.Job instance at 0x7f4f12d35780>,0,19,[6 3],1,1,20,0,1
1,<environment.Job instance at 0x7f4f199c3e10>,10,19,[1 5],11,11,30,0,11
1,<environment.Job instance at 0x7f4f12a38870>,15,2,[14  5],16,20,22,4,16
1,<environment.Job instance at 0x7f4f12d181e0>,18,3,[5 8],19,23,26,4,23
1,<environment.Job instance at 0x7f4f12d19fa0>,20,1,[6 3],21,26,27,5,25
1,<environment.Job instance at 0x7f4ecf3a88c0>,25,21,[2 5],26,40,61,14,40
1,<environment.Job instance at 0x7f4ecf3a8780>,26,1,[7 2],27,40,41,13,40
1,<environment.Job instance at 0x7f4ecf3a8820>,27,2,[2 6],28,40,42,12,40
1,<environment.Job instance at 0x7f4ecf2a63c0>,29,19,[9 1],30,54,73,24,54
1,<environment.Job instance at 0x7f4ecf2a6640>,32,1,[2 9],33,56,57,23,56
1,<environment.Job instance at 0x7f4ecf2a6e10>,33,27,[1 8],34,57,84,23,56
1,<environment.Job instance at 0x7f4ecf2a6b40>,34,1,[5 8],35,84,85,49,59
1,<environment.Job instance at 0x7f4ecee97640>,42,3,[ 1 10],43,93,96,50,93
1,<environment.Job instance at 0x7f4f12ccaf00>,47,22,[1 7],48,117,139,69,117
1,<environment.Job instance at 0x7f4ecef89370>,48,2,[5 7],49,117,119,68,117
1,<environment.Job instance at 0x7f4ecef897d0>,52,1,[9 3],53,132,133,79,132
1,<environment.Job instance at 0x7f4ecf39e0f0>,53,3,[ 3 14],54,139,142,85,132
1,<environment.Job instance at 0x7f4ecee81370>,55,25,[6 3],56,142,167,86,139
1,<environment.Job instance at 0x7f4ecee81960>,56,2,[5 1],57,139,141,82,139
1,<environment.Job instance at 0x7f4ecee81460>,57,2,[4 5],58,142,144,84,139
1,<environment.Job instance at 0x7f4f193f30a0>,60,2,[ 5 11],61,149,151,88,149
1,<environment.Job instance at 0x7f4f12fecbe0>,1,27,[5 1],2,2,29,0,2
1,<environment.Job instance at 0x7f4ecf389280>,2,21,[1 6],3,3,24,0,3
1,<environment.Job instance at 0x7f4ecf498cd0>,6,25,[8 3],7,7,32,0,7
1,<environment.Job instance at 0x7f4ecf1efaf0>,11,19,[10  1],12,32,51,20,25
1,<environment.Job instance at 0x7f4ecf2263c0>,16,25,[ 5 10],17,29,54,12,25
1,<environment.Job instance at 0x7f4ecf1ff320>,24,2,[ 2 10],25,54,56,29,40
1,<environment.Job instance at 0x7f4ecf208e60>,25,1,[9 5],26,51,52,25,40
1,<environment.Job instance at 0x7f4ecf208b40>,26,1,[2 6],27,56,57,29,40
1,<environment.Job instance at 0x7f4ecf1ff1e0>,28,18,[1 9],29,56,74,27,45
1,<environment.Job instance at 0x7f4ecf208500>,31,2,[9 5],32,60,62,28,60
1,<environment.Job instance at 0x7f4ecf20e0f0>,36,2,[13  5],37,85,87,48,85
1,<environment.Job instance at 0x7f4ecf20e050>,37,1,[9 5],38,87,88,49,85
1,<environment.Job instance at 0x7f4ecf20e3c0>,40,26,[6 3],41,92,118,51,92
1,<environment.Job instance at 0x7f4ecf1fd4b0>,43,2,[6 3],44,105,107,61,105
1,<environment.Job instance at 0x7f4ecf1fdbe0>,44,1,[9 4],45,107,108,62,105
1,<environment.Job instance at 0x7f4ecf1fdc80>,45,23,[7 1],46,108,131,62,105
1,<environment.Job instance at 0x7f4ecf1fda00>,48,2,[8 5],49,118,120,69,106
1,<environment.Job instance at 0x7f4ecf1fd7d0>,50,3,[2 7],51,120,123,69,118
1,<environment.Job instance at 0x7f4ecf1ff0a0>,22,18,[5 9],23,133,151,110,133
1,<environment.Job instance at 0x7f4f1304b5f0>,58,1,[ 3 14],59,157,158,98,157
1,<environment.Job instance at 0x7f4f13030460>,59,2,[5 6],60,158,160,98,157
1,<environment.Job instance at 0x7f4f130248c0>,60,1,[5 9],61,158,159,97,157
1,<environment.Job instance at 0x7f4f1302e280>,61,3,[8 4],62,159,162,97,157
1,<environment.Job instance at 0x7f4f13039be0>,62,3,[5 2],63,160,163,97,157
1,<environment.Job instance at 0x7f4ecf20a190>,63,3,[9 2],64,162,165,98,157
1,<environment.Job instance at 0x7f4f129cf6e0>,1,1,[10  4],2,2,3,0,2
1,<environment.Job instance at 0x7f4f129cf7d0>,0,2,[2 7],1,4,6,3,4
1,<environment.Job instance at 0x7f4f198725a0>,6,1,[5 7],7,7,8,0,7
1,<environment.Job instance at 0x7f4f19872fa0>,8,2,[7 3],9,9,11,0,9
1,<environment.Job instance at 0x7f4f19872eb0>,9,1,[5 6],10,10,11,0,10
1,<environment.Job instance at 0x7f4ecf30b410>,16,2,[7 3],17,23,25,6,23
1,<environment.Job instance at 0x7f4ecf30bf50>,17,25,[9 4],18,25,50,7,23
1,<environment.Job instance at 0x7f4ecf30b9b0>,18,2,[2 7],19,23,25,4,23
1,<environment.Job instance at 0x7f4ecf30b050>,21,3,[ 4 12],22,50,53,28,32
1,<environment.Job instance at 0x7f4ecf30b370>,24,1,[8 1],25,50,51,25,42
1,<environment.Job instance at 0x7f4ecf31db40>,29,2,[9 5],30,62,64,32,62
1,<environment.Job instance at 0x7f4ecf31d960>,30,1,[8 5],31,64,65,33,62
1,<environment.Job instance at 0x7f4ecf31d9b0>,31,18,[9 3],32,65,83,33,65
1,<environment.Job instance at 0x7f4ecf31d500>,32,2,[5 7],33,65,67,32,65
1,<environment.Job instance at 0x7f4ecf31d460>,34,25,[7 4],35,83,108,48,79
1,<environment.Job instance at 0x7f4ecf31dcd0>,35,3,[1 6],36,79,82,43,79
1,<environment.Job instance at 0x7f4ecf31df50>,36,22,[ 4 10],37,82,104,45,79
1,<environment.Job instance at 0x7f4ecf31d780>,37,1,[5 7],38,104,105,66,79
1,<environment.Job instance at 0x7f4f12bc9910>,44,3,[3 5],45,106,109,61,106
1,<environment.Job instance at 0x7f4f12bc9690>,45,23,[8 2],46,108,131,62,106
1,<environment.Job instance at 0x7f4f12bc9d20>,47,1,[8 3],48,131,132,83,107
1,<environment.Job instance at 0x7f4f12bc9b90>,48,1,[ 1 10],49,109,110,60,107
1,<environment.Job instance at 0x7f4f12bc9c30>,49,2,[3 6],50,107,109,57,107
1,<environment.Job instance at 0x7f4f12bc9f00>,54,3,[8 2],55,150,153,95,150
1,<environment.Job instance at 0x7f4f12bc9dc0>,55,3,[11  2],56,153,156,97,152
1,<environment.Job instance at 0x7f4f12bc9780>,56,3,[8 5],57,156,159,99,152
1,<environment.Job instance at 0x7f4ecf475d70>,6,1,[2 5],7,7,8,0,7
1,<environment.Job instance at 0x7f4ecf1647d0>,10,27,[7 4],11,11,38,0,11
1,<environment.Job instance at 0x7f4f1961cc80>,15,2,[ 1 12],16,38,40,22,19
1,<environment.Job instance at 0x7f4ecf1708c0>,20,25,[ 1 14],21,41,66,20,41
1,<environment.Job instance at 0x7f4ecf33c500>,24,19,[9 1],25,60,79,35,60
1,<environment.Job instance at 0x7f4ecf33c6e0>,23,1,[ 4 13],24,68,69,44,68
1,<environment.Job instance at 0x7f4ecf387910>,25,3,[ 4 11],26,73,76,47,73
1,<environment.Job instance at 0x7f4ecf29d500>,30,1,[2 6],31,76,77,45,73
1,<environment.Job instance at 0x7f4ecf22cbe0>,35,1,[5 2],36,101,102,65,101
1,<environment.Job instance at 0x7f4f12adbcd0>,36,3,[8 3],37,101,104,64,101
1,<environment.Job instance at 0x7f4f12adbc80>,38,3,[11  1],39,104,107,65,102
1,<environment.Job instance at 0x7f4f12adbf50>,39,2,[3 7],40,102,104,62,102
1,<environment.Job instance at 0x7f4f193e69b0>,40,2,[9 1],41,107,109,66,102
1,<environment.Job instance at 0x7f4f193e6eb0>,41,2,[6 2],42,107,109,65,102
1,<environment.Job instance at 0x7f4f195fc320>,44,1,[9 2],45,109,110,64,104
1,<environment.Job instance at 0x7f4f195fc6e0>,47,22,[6 1],48,116,138,68,116
1,<environment.Job instance at 0x7f4f195fc230>,52,2,[8 2],53,132,134,79,132
1,<environment.Job instance at 0x7f4f195fcd70>,53,2,[8 1],54,134,136,80,132
1,<environment.Job instance at 0x7f4f195fc690>,54,1,[ 3 10],55,136,137,81,132
1,<environment.Job instance at 0x7f4f194efd20>,0,1,[4 8],1,1,2,0,1
1,<environment.Job instance at 0x7f4f194ef230>,5,20,[10  3],6,6,26,0,6
1,<environment.Job instance at 0x7f4ecf4cf5f0>,16,2,[ 5 12],17,17,19,0,17
1,<environment.Job instance at 0x7f4ecf4cf690>,17,23,[6 1],18,26,49,8,20
1,<environment.Job instance at 0x7f4ecf4cf960>,19,2,[4 5],20,21,23,1,21
1,<environment.Job instance at 0x7f4ecf4cfb90>,20,1,[10  3],21,49,50,28,21
1,<environment.Job instance at 0x7f4ecf4cfdc0>,23,3,[2 6],24,24,27,0,24
1,<environment.Job instance at 0x7f4ecf4cfe60>,24,2,[9 2],25,27,29,2,25
1,<environment.Job instance at 0x7f4ecf4c94b0>,30,25,[9 4],31,52,77,21,52
1,<environment.Job instance at 0x7f4ecf4c99b0>,34,28,[ 5 10],35,62,90,27,62
1,<environment.Job instance at 0x7f4ecf4c9c30>,37,27,[2 9],38,90,117,52,88
1,<environment.Job instance at 0x7f4ecf4c9cd0>,38,26,[4 9],39,117,143,78,114
1,<environment.Job instance at 0x7f4ecf4c9d70>,39,1,[10  5],40,114,115,74,114
1,<environment.Job instance at 0x7f4ecf4c9dc0>,42,2,[ 2 10],43,143,145,100,116
1,<environment.Job instance at 0x7f4ecf4e0370>,47,3,[5 6],48,119,122,71,119
1,<environment.Job instance at 0x7f4ecf4e0410>,48,19,[2 7],49,145,164,96,135
1,<environment.Job instance at 0x7f4ecf4e0780>,52,22,[5 4],53,135,157,82,135
1,<environment.Job instance at 0x7f4f1956ea50>,7,1,[ 5 10],8,8,9,0,8
1,<environment.Job instance at 0x7f4f19602c30>,1,3,[13  1],2,9,12,7,9
1,<environment.Job instance at 0x7f4f19b49370>,9,2,[1 9],10,10,12,0,10
1,<environment.Job instance at 0x7f4ecf2cb230>,11,2,[10  4],12,12,14,0,12
1,<environment.Job instance at 0x7f4f1956e2d0>,15,1,[ 3 12],16,18,19,2,18
1,<environment.Job instance at 0x7f4f19526780>,18,3,[ 5 12],19,21,24,2,21
1,<environment.Job instance at 0x7f4f12f43d20>,20,2,[5 4],21,29,31,8,29
1,<environment.Job instance at 0x7f4f19b34050>,23,14,[1 6],24,35,49,11,35
1,<environment.Job instance at 0x7f4f12cf0190>,25,22,[5 2],26,45,67,19,45
1,<environment.Job instance at 0x7f4ecf1e1af0>,26,1,[11  1],27,67,68,40,47
1,<environment.Job instance at 0x7f4ecf0c0410>,31,28,[7 5],32,68,96,36,67
1,<environment.Job instance at 0x7f4f1a01c2d0>,34,26,[7 1],35,80,106,45,80
1,<environment.Job instance at 0x7f4eceec9d70>,33,2,[14  5],34,106,108,72,94
1,<environment.Job instance at 0x7f4f19583c30>,38,1,[5 1],39,96,97,57,94
1,<environment.Job instance at 0x7f4f19583960>,40,2,[1 9],41,95,97,54,95
1,<environment.Job instance at 0x7f4f12e43870>,46,1,[7 1],47,113,114,66,113
1,<environment.Job instance at 0x7f4f12cbcc30>,50,24,[10  5],51,134,158,83,134
1,<environment.Job instance at 0x7f4f12b234b0>,2,1,[ 3 10],3,3,4,0,3
1,<environment.Job instance at 0x7f4f12b232d0>,5,3,[10  1],6,11,14,5,11
1,<environment.Job instance at 0x7f4f1a15b640>,1,3,[ 3 11],2,13,16,11,13
1,<environment.Job instance at 0x7f4f12b58960>,13,3,[6 1],14,14,17,0,14
1,<environment.Job instance at 0x7f4f195fff00>,14,26,[10  2],15,17,43,2,15
1,<environment.Job instance at 0x7f4f12fbdbe0>,22,20,[5 2],23,23,43,0,23
1,<environment.Job instance at 0x7f4f19450d20>,26,1,[5 5],27,43,44,16,33
1,<environment.Job instance at 0x7f4ecf4c4b90>,31,3,[2 9],32,43,46,11,40
1,<environment.Job instance at 0x7f4ecf4c4140>,36,20,[4 9],37,51,71,14,51
1,<environment.Job instance at 0x7f4ecf509d20>,37,2,[5 7],38,71,73,33,51
1,<environment.Job instance at 0x7f4ecf509a00>,39,1,[6 3],40,57,58,17,57
1,<environment.Job instance at 0x7f4ecf589320>,41,2,[ 2 13],42,73,75,31,57
1,<environment.Job instance at 0x7f4ecf509cd0>,43,21,[5 7],44,75,96,31,67
1,<environment.Job instance at 0x7f4f12a5af00>,46,2,[8 3],47,71,73,24,71
1,<environment.Job instance at 0x7f4f13032280>,48,2,[12  1],49,96,98,47,88
1,<environment.Job instance at 0x7f4f13032140>,49,27,[ 5 11],50,98,125,48,96
1,<environment.Job instance at 0x7f4ecf41aaa0>,53,25,[9 3],54,101,126,47,101
1,<environment.Job instance at 0x7f4ecf42ff00>,56,19,[9 4],57,126,145,69,121
1,<environment.Job instance at 0x7f4eceef79b0>,52,19,[4 7],53,125,144,72,121
1,<environment.Job instance at 0x7f4f130e28c0>,60,26,[9 4],61,145,171,84,142
1,<environment.Job instance at 0x7f4f199914b0>,1,23,[7 5],2,2,25,0,2
1,<environment.Job instance at 0x7f4ecf57b230>,2,28,[8 2],3,3,31,0,3
1,<environment.Job instance at 0x7f4eced77d70>,24,26,[7 4],25,25,51,0,25
1,<environment.Job instance at 0x7f4eced77e10>,25,1,[12  3],26,51,52,25,31
1,<environment.Job instance at 0x7f4eced6c5f0>,33,1,[10  5],34,52,53,18,46
1,<environment.Job instance at 0x7f4eced77b90>,23,18,[4 9],24,52,70,28,48
1,<environment.Job instance at 0x7f4eced6ce10>,43,1,[7 3],44,77,78,33,77
1,<environment.Job instance at 0x7f4eced6ca50>,44,3,[3 7],45,77,80,32,77
1,<environment.Job instance at 0x7f4eced7d2d0>,46,1,[3 9],47,94,95,47,94
1,<environment.Job instance at 0x7f4eced7d460>,47,19,[4 7],48,95,114,47,94
1,<environment.Job instance at 0x7f4eced7d690>,51,3,[2 8],52,96,99,44,96
1,<environment.Job instance at 0x7f4eced7d870>,53,13,[5 1],54,113,126,59,113
1,<environment.Job instance at 0x7f4eced7dcd0>,55,1,[5 7],56,113,114,57,113
1,<environment.Job instance at 0x7f4eced7deb0>,60,2,[3 9],61,136,138,75,136
1,<environment.Job instance at 0x7f4eced7dc30>,61,3,[1 7],62,138,141,76,136
1,<environment.Job instance at 0x7f4eced8f0a0>,62,22,[6 2],63,136,158,73,136
1,<environment.Job instance at 0x7f4eced8f230>,64,23,[6 5],65,142,165,77,142
1,<environment.Job instance at 0x7f4eced8f2d0>,65,1,[9 4],66,158,159,92,142
1,<environment.Job instance at 0x7f4eced8f5f0>,70,2,[2 7],71,154,156,83,154
1,<environment.Job instance at 0x7f4f1299f550>,3,20,[5 2],4,4,24,0,4
1,<environment.Job instance at 0x7f4f1299fb40>,7,2,[ 5 11],8,18,20,10,18
1,<environment.Job instance at 0x7f4f1a15a9b0>,19,2,[6 4],20,27,29,7,27
1,<environment.Job instance at 0x7f4ecee11460>,20,25,[8 3],21,27,52,6,27
1,<environment.Job instance at 0x7f4f12975050>,21,27,[8 1],22,52,79,30,50
1,<environment.Job instance at 0x7f4f195cf690>,22,1,[7 5],23,50,51,27,50
1,<environment.Job instance at 0x7f4f195cf4b0>,24,2,[1 8],25,51,53,26,51
1,<environment.Job instance at 0x7f4f12d8f780>,27,27,[2 6],28,52,79,24,51
1,<environment.Job instance at 0x7f4f12d8fc30>,30,3,[ 2 10],31,79,82,48,54
1,<environment.Job instance at 0x7f4ecedfa280>,37,26,[ 5 10],38,82,108,44,79
1,<environment.Job instance at 0x7f4ecedfaeb0>,39,1,[12  4],40,108,109,68,88
1,<environment.Job instance at 0x7f4f1299faa0>,10,2,[ 4 14],11,109,111,98,89
1,<environment.Job instance at 0x7f4ecedfad70>,43,1,[9 3],44,100,101,56,100
1,<environment.Job instance at 0x7f4ecedfa870>,44,1,[ 1 11],45,108,109,63,100
1,<environment.Job instance at 0x7f4ecedfac80>,45,1,[ 3 14],46,111,112,65,101
1,<environment.Job instance at 0x7f4ecedfae10>,46,1,[1 9],47,112,113,65,101
1,<environment.Job instance at 0x7f4ecedfa140>,49,18,[5 5],50,112,130,62,111
1,<environment.Job instance at 0x7f4f130a6b90>,52,28,[5 1],53,111,139,58,111
1,<environment.Job instance at 0x7f4f1a01caa0>,55,3,[8 5],56,130,133,74,113
1,<environment.Job instance at 0x7f4f19496c30>,57,1,[6 2],58,133,134,75,118
1,<environment.Job instance at 0x7f4f12b68640>,64,23,[2 9],65,149,172,84,149
1,<environment.Job instance at 0x7f4f130b5910>,0,2,[1 8],1,1,3,0,1
1,<environment.Job instance at 0x7f4f12a79820>,4,24,[5 8],5,5,29,0,5
1,<environment.Job instance at 0x7f4f12a795a0>,6,24,[10  2],7,7,31,0,7
1,<environment.Job instance at 0x7f4f130301e0>,16,23,[9 5],17,31,54,14,25
1,<environment.Job instance at 0x7f4f130305a0>,20,1,[ 5 10],21,29,30,8,27
1,<environment.Job instance at 0x7f4ecf463780>,10,2,[14  3],11,54,56,43,31
1,<environment.Job instance at 0x7f4f13030be0>,24,1,[3 8],25,31,32,6,31
1,<environment.Job instance at 0x7f4ecf1dd550>,29,1,[13  5],30,56,57,26,37
1,<environment.Job instance at 0x7f4ecf1dd280>,30,1,[4 5],31,37,38,6,37
1,<environment.Job instance at 0x7f4ecf17cb40>,31,2,[4 7],32,38,40,6,38
1,<environment.Job instance at 0x7f4ecf17c780>,33,27,[5 6],34,57,84,23,55
1,<environment.Job instance at 0x7f4ecf4bba00>,37,2,[4 9],38,57,59,19,57
1,<environment.Job instance at 0x7f4ecf4bb460>,38,25,[11  1],39,84,109,45,80
1,<environment.Job instance at 0x7f4ecf1c65a0>,44,27,[3 8],45,84,111,39,84
1,<environment.Job instance at 0x7f4eceda9aa0>,55,27,[4 6],56,134,161,78,134
1,<environment.Job instance at 0x7f4f12fe3320>,57,1,[1 7],58,138,139,80,138
1,<environment.Job instance at 0x7f4f12cf01e0>,9,28,[4 8],10,10,38,0,10
1,<environment.Job instance at 0x7f4ecede5910>,23,1,[7 1],24,25,26,1,25
1,<environment.Job instance at 0x7f4f12a7f0a0>,27,1,[3 6],28,34,35,6,34
1,<environment.Job instance at 0x7f4ecedccbe0>,30,2,[ 2 12],31,38,40,7,38
1,<environment.Job instance at 0x7f4eceeef960>,39,2,[10  4],40,92,94,52,92
1,<environment.Job instance at 0x7f4f12b29eb0>,41,2,[10  3],42,104,106,62,104
1,<environment.Job instance at 0x7f4f12b299b0>,45,1,[14  5],46,114,115,68,114
1,<environment.Job instance at 0x7f4f12b29af0>,47,2,[ 5 12],48,122,124,74,122
1,<environment.Job instance at 0x7f4ecece7c80>,48,3,[9 4],49,124,127,75,124
1,<environment.Job instance at 0x7f4f12b29f00>,49,20,[7 2],50,127,147,77,124
1,<environment.Job instance at 0x7f4f12a4c460>,54,1,[5 9],55,152,153,97,152
1,<environment.Job instance at 0x7f4f19688af0>,55,2,[ 2 12],56,153,155,97,152
1,<environment.Job instance at 0x7f4ecf182dc0>,56,2,[10  2],57,152,154,95,152
1,<environment.Job instance at 0x7f4ecf182870>,58,22,[ 3 10],59,159,181,100,159
1,<environment.Job instance at 0x7f4ecee1c3c0>,7,1,[ 2 12],8,8,9,0,8
1,<environment.Job instance at 0x7f4f198ca370>,3,1,[2 6],4,9,10,5,9
1,<environment.Job instance at 0x7f4eced62cd0>,15,1,[10  4],16,16,17,0,16
1,<environment.Job instance at 0x7f4ecf02c870>,19,2,[7 1],20,20,22,0,20
1,<environment.Job instance at 0x7f4ecf45a1e0>,21,23,[9 2],22,26,49,4,26
1,<environment.Job instance at 0x7f4ecf5893c0>,24,2,[2 5],25,35,37,10,35
1,<environment.Job instance at 0x7f4ecf02cb40>,25,25,[ 2 11],26,37,62,11,35
1,<environment.Job instance at 0x7f4f195afd70>,32,3,[10  5],33,66,69,33,66
1,<environment.Job instance at 0x7f4f12d74190>,35,2,[3 6],36,80,82,44,80
1,<environment.Job instance at 0x7f4f12d74410>,38,2,[4 9],39,95,97,56,95
1,<environment.Job instance at 0x7f4f12d74370>,41,1,[1 8],42,113,114,71,113
1,<environment.Job instance at 0x7f4f12d74e60>,42,22,[ 4 11],43,114,136,71,113
1,<environment.Job instance at 0x7f4f12b89190>,4,2,[3 9],5,5,7,0,5
1,<environment.Job instance at 0x7f4f12b89f00>,5,3,[4 8],6,7,10,1,6
1,<environment.Job instance at 0x7f4f12b89aa0>,10,21,[9 2],11,11,32,0,11
1,<environment.Job instance at 0x7f4f12b89140>,12,2,[9 2],13,32,34,19,13
1,<environment.Job instance at 0x7f4f12b89550>,15,3,[8 2],16,34,37,18,24
1,<environment.Job instance at 0x7f4f12b89af0>,16,26,[3 5],17,24,50,7,24
1,<environment.Job instance at 0x7f4f1980bf00>,17,24,[9 4],18,37,61,19,32
1,<environment.Job instance at 0x7f4f1980bb90>,23,2,[8 5],24,61,63,37,44
1,<environment.Job instance at 0x7f4f1980b6e0>,22,3,[8 3],23,63,66,40,44
1,<environment.Job instance at 0x7f4f1980b690>,26,3,[9 1],27,66,69,39,45
1,<environment.Job instance at 0x7f4f1980b2d0>,28,1,[12  1],29,69,70,40,46
1,<environment.Job instance at 0x7f4f1980b140>,29,2,[7 2],30,61,63,31,46
1,<environment.Job instance at 0x7f4f1983df00>,30,1,[5 5],31,50,51,19,46
1,<environment.Job instance at 0x7f4f1983dbe0>,31,2,[2 5],32,46,48,14,46
1,<environment.Job instance at 0x7f4f1983d370>,34,1,[7 2],35,63,64,28,60
1,<environment.Job instance at 0x7f4f1983d460>,35,1,[6 4],36,60,61,24,60
1,<environment.Job instance at 0x7f4f1983dcd0>,36,1,[6 5],37,64,65,27,60
1,<environment.Job instance at 0x7f4f1983d3c0>,38,3,[1 5],39,70,73,31,70
1,<environment.Job instance at 0x7f4f1983d2d0>,40,2,[6 2],41,70,72,29,70
1,<environment.Job instance at 0x7f4f1983daa0>,42,2,[8 5],43,75,77,32,75
1,<environment.Job instance at 0x7f4f1983dc30>,43,24,[5 1],44,75,99,31,75
1,<environment.Job instance at 0x7f4ecebcd140>,44,1,[6 5],45,77,78,32,75
1,<environment.Job instance at 0x7f4ecebcd320>,45,22,[5 4],46,78,100,32,75
1,<environment.Job instance at 0x7f4ecebd17d0>,46,28,[8 5],47,99,127,52,98
1,<environment.Job instance at 0x7f4ecebd15f0>,48,2,[5 4],49,100,102,51,98
1,<environment.Job instance at 0x7f4ecebd1d70>,49,1,[9 5],50,127,128,77,99
1,<environment.Job instance at 0x7f4ecebd1410>,54,25,[9 4],55,128,153,73,124
1,<environment.Job instance at 0x7f4ecedab960>,63,2,[ 2 13],64,153,155,89,153
1,<environment.Job instance at 0x7f4ecedab730>,66,1,[9 2],67,154,155,87,154
1,<environment.Job instance at 0x7f4ecebd7a50>,70,1,[10  3],71,159,160,88,159
1,<environment.Job instance at 0x7f4ecebd7960>,71,2,[2 5],72,159,161,87,159
1,<environment.Job instance at 0x7f4ecebd7f00>,73,1,[8 5],74,160,161,86,159
1,<environment.Job instance at 0x7f4ecebd7af0>,74,1,[3 7],75,159,160,84,159
1,<environment.Job instance at 0x7f4ecebd72d0>,75,27,[4 6],76,161,188,85,159
1,<environment.Job instance at 0x7f4ecebd75f0>,76,1,[6 2],77,161,162,84,159
1,<environment.Job instance at 0x7f4eceb6cdc0>,5,1,[8 2],6,6,7,0,6
1,<environment.Job instance at 0x7f4f129c7230>,6,1,[2 8],7,7,8,0,7
1,<environment.Job instance at 0x7f4f19891050>,10,3,[1 9],11,11,14,0,11
1,<environment.Job instance at 0x7f4f19891690>,12,19,[1 5],13,13,32,0,13
1,<environment.Job instance at 0x7f4f1298ebe0>,13,2,[1 7],14,14,16,0,14
1,<environment.Job instance at 0x7f4f12999370>,23,23,[5 6],24,52,75,28,52
1,<environment.Job instance at 0x7f4f1299ae60>,26,2,[10  5],27,57,59,30,57
1,<environment.Job instance at 0x7f4f193fb190>,28,28,[3 8],29,65,93,36,65
1,<environment.Job instance at 0x7f4f12b6b230>,31,2,[8 4],32,77,79,45,77
1,<environment.Job instance at 0x7f4f193d1fa0>,32,2,[10  2],33,79,81,46,77
1,<environment.Job instance at 0x7f4f193cc0f0>,33,23,[5 7],34,81,104,47,77
1,<environment.Job instance at 0x7f4f193cc050>,34,28,[8 5],35,93,121,58,92
1,<environment.Job instance at 0x7f4f193e2f50>,36,23,[3 7],37,104,127,67,98
1,<environment.Job instance at 0x7f4f193e2b90>,37,24,[2 9],38,127,151,89,122
1,<environment.Job instance at 0x7f4f12b54eb0>,39,22,[5 3],40,122,144,82,122
1,<environment.Job instance at 0x7f4f12b56870>,42,23,[13  5],43,144,167,101,138
1,<environment.Job instance at 0x7f4f12b56cd0>,44,20,[1 9],45,151,171,106,142
1,<environment.Job instance at 0x7f4eceee0e60>,4,1,[5 4],5,5,6,0,5
1,<environment.Job instance at 0x7f4ecf4be2d0>,8,1,[3 8],9,9,10,0,9
1,<environment.Job instance at 0x7f4ecf4be8c0>,5,3,[7 4],6,9,12,3,9
1,<environment.Job instance at 0x7f4ecf4b4dc0>,9,21,[ 5 10],10,10,31,0,10
1,<environment.Job instance at 0x7f4f12952e10>,12,3,[6 5],13,13,16,0,13
1,<environment.Job instance at 0x7f4f12952c30>,13,21,[5 5],14,16,37,2,14
1,<environment.Job instance at 0x7f4ecefea190>,23,27,[4 6],24,31,58,7,29
1,<environment.Job instance at 0x7f4ecf4be370>,6,19,[4 6],7,37,56,30,35
1,<environment.Job instance at 0x7f4ecefea460>,31,1,[10  3],32,63,64,31,63
1,<environment.Job instance at 0x7f4ecefea140>,32,1,[10  1],33,64,65,31,63
1,<environment.Job instance at 0x7f4ecefea5a0>,34,1,[ 2 11],35,66,67,31,66
1,<environment.Job instance at 0x7f4ecf22b9b0>,37,28,[8 2],38,81,109,43,81
1,<environment.Job instance at 0x7f4ecf22b280>,38,22,[5 8],39,81,103,42,81
1,<environment.Job instance at 0x7f4ecf22be10>,41,28,[ 3 10],42,103,131,61,102
1,<environment.Job instance at 0x7f4ecefeaa50>,30,3,[ 1 14],31,131,134,100,129
1,<environment.Job instance at 0x7f4f12cdfaa0>,54,2,[ 3 10],55,134,136,79,134
1,<environment.Job instance at 0x7f4ecedcc5a0>,55,2,[4 5],56,134,136,78,134
1,<environment.Job instance at 0x7f4ecf2e8640>,59,2,[6 5],60,151,153,91,151
1,<environment.Job instance at 0x7f4ecf2e8f00>,60,1,[10  5],61,153,154,92,151
1,<environment.Job instance at 0x7f4ecf2e8410>,62,1,[1 8],63,159,160,96,159
1,<environment.Job instance at 0x7f4ecf4f6a50>,63,1,[3 7],64,159,160,95,159
1,<environment.Job instance at 0x7f4ecf4f6780>,1,1,[8 1],2,2,3,0,2
1,<environment.Job instance at 0x7f4ecf30e960>,3,19,[5 5],4,9,28,5,9
1,<environment.Job instance at 0x7f4ecf30e050>,13,20,[1 7],14,14,34,0,14
1,<environment.Job instance at 0x7f4ecef6dcd0>,16,28,[2 6],17,28,56,11,27
1,<environment.Job instance at 0x7f4ecef6d9b0>,18,3,[8 3],19,37,40,18,37
1,<environment.Job instance at 0x7f4ecef6d280>,19,26,[10  1],20,40,66,20,37
1,<environment.Job instance at 0x7f4ecf113820>,31,2,[10  4],32,86,88,54,86
1,<environment.Job instance at 0x7f4ecef6d7d0>,15,3,[ 4 13],16,88,91,72,88
1,<environment.Job instance at 0x7f4ecf113b90>,35,3,[2 8],36,92,95,56,92
1,<environment.Job instance at 0x7f4ecf113730>,36,2,[ 1 10],37,95,97,58,92
1,<environment.Job instance at 0x7f4f12fba190>,37,2,[2 8],38,97,99,59,93
1,<environment.Job instance at 0x7f4f12fbaa50>,38,26,[5 7],39,97,123,58,94
1,<environment.Job instance at 0x7f4f12fbaa00>,39,28,[ 4 10],40,123,151,83,122
1,<environment.Job instance at 0x7f4f12fba370>,42,2,[ 4 11],43,151,153,108,147
1,<environment.Job instance at 0x7f4f12fbaf00>,45,23,[ 3 10],46,153,176,107,147
1,<environment.Job instance at 0x7f4f12f74c80>,8,24,[7 5],9,9,33,0,9
1,<environment.Job instance at 0x7f4f193cc3c0>,11,21,[5 3],12,12,33,0,12
1,<environment.Job instance at 0x7f4f12e763c0>,25,1,[8 1],26,34,35,8,34
1,<environment.Job instance at 0x7f4ecf3a90f0>,27,25,[4 6],28,38,63,10,38
1,<environment.Job instance at 0x7f4f130be690>,30,1,[5 1],31,52,53,21,52
1,<environment.Job instance at 0x7f4f130bec30>,31,23,[10  1],32,53,76,21,52
1,<environment.Job instance at 0x7f4f130beaa0>,33,26,[10  2],34,76,102,42,73
1,<environment.Job instance at 0x7f4f130be730>,34,3,[ 3 12],35,81,84,46,81
1,<environment.Job instance at 0x7f4ecef935f0>,41,24,[4 8],42,84,108,42,84
1,<environment.Job instance at 0x7f4ecef93820>,43,2,[12  5],44,108,110,64,105
1,<environment.Job instance at 0x7f4ecef932d0>,47,1,[3 8],48,108,109,60,106
1,<environment.Job instance at 0x7f4ecef93c30>,49,1,[3 7],50,106,107,56,106
1,<environment.Job instance at 0x7f4ecef95a00>,50,2,[1 7],51,109,111,58,106
1,<environment.Job instance at 0x7f4ecef95f50>,52,22,[10  1],53,110,132,57,106
1,<environment.Job instance at 0x7f4ecef733c0>,54,23,[ 5 10],55,111,134,56,106
1,<environment.Job instance at 0x7f4ecef73d70>,56,1,[9 5],57,132,133,75,126
1,<environment.Job instance at 0x7f4ecef737d0>,58,3,[8 2],59,133,136,74,126
1,<environment.Job instance at 0x7f4ecef73460>,59,23,[1 5],60,134,157,74,128
1,<environment.Job instance at 0x7f4ecef73a00>,62,1,[8 3],63,138,139,75,138
1,<environment.Job instance at 0x7f4ecef73320>,63,25,[10  1],64,139,164,75,138
1,<environment.Job instance at 0x7f4ecef73140>,65,28,[1 7],66,147,175,81,147
1,<environment.Job instance at 0x7f33470fb2d0>,1,22,[11  3],2,2,24,0,2
1,<environment.Job instance at 0x7f3347184780>,2,22,[4 8],3,3,25,0,3
1,<environment.Job instance at 0x7f333fcec870>,12,26,[ 1 10],13,25,51,12,22
1,<environment.Job instance at 0x7f333fcee460>,23,27,[1 6],24,51,78,27,49
1,<environment.Job instance at 0x7f333fcecfa0>,20,1,[7 5],21,49,50,28,49
1,<environment.Job instance at 0x7f333fcee8c0>,28,23,[10  4],29,57,80,28,57
1,<environment.Job instance at 0x7f333fceee60>,34,24,[1 8],35,78,102,43,73
1,<environment.Job instance at 0x7f333fcf1320>,41,1,[5 2],42,94,95,52,94
1,<environment.Job instance at 0x7f333fcf1be0>,51,3,[1 5],52,151,154,99,151
1,<environment.Job instance at 0x7f333fcf1d70>,52,1,[8 5],53,151,152,98,151
1,<environment.Job instance at 0x7f333fd08dc0>,0,2,[9 5],1,4,6,3,4
1,<environment.Job instance at 0x7f3347123230>,4,19,[6 1],5,5,24,0,5
1,<environment.Job instance at 0x7f33471236e0>,7,21,[ 3 10],8,9,30,1,9
1,<environment.Job instance at 0x7f3347123cd0>,6,2,[11  5],7,24,26,17,15
1,<environment.Job instance at 0x7f3347124460>,18,21,[9 4],19,26,47,7,19
1,<environment.Job instance at 0x7f33471240a0>,27,1,[9 1],28,47,48,19,42
1,<environment.Job instance at 0x7f3347123b40>,8,3,[14  4],9,48,51,39,48
1,<environment.Job instance at 0x7f334726ee60>,34,3,[9 2],35,70,73,35,70
1,<environment.Job instance at 0x7f334726ea00>,36,3,[2 8],37,72,75,35,72
1,<environment.Job instance at 0x7f334726efa0>,37,1,[2 8],38,75,76,37,72
1,<environment.Job instance at 0x7f334726ed70>,38,2,[13  1],39,73,75,34,72
1,<environment.Job instance at 0x7f334726e370>,41,3,[13  5],42,76,79,34,76
1,<environment.Job instance at 0x7f3347275050>,42,2,[ 1 12],43,79,81,36,77
1,<environment.Job instance at 0x7f3347275820>,45,2,[5 5],46,89,91,43,89
1,<environment.Job instance at 0x7f33472756e0>,48,1,[10  5],49,89,90,40,89
1,<environment.Job instance at 0x7f33472757d0>,49,1,[ 2 10],50,90,91,40,89
1,<environment.Job instance at 0x7f3347275550>,52,1,[ 4 13],53,105,106,52,105
1,<environment.Job instance at 0x7f334726b230>,55,1,[3 8],56,126,127,70,126
1,<environment.Job instance at 0x7f3347267690>,61,1,[8 3],62,159,160,97,159
1,<environment.Job instance at 0x7f3347267e60>,62,20,[1 7],63,159,179,96,159
1,<environment.Job instance at 0x7f3347267550>,63,1,[ 4 10],64,179,180,115,159
1,<environment.Job instance at 0x7f3347267500>,65,1,[10  1],66,161,162,95,161
1,<environment.Job instance at 0x7f32fbf3fdc0>,8,2,[5 7],9,9,11,0,9
1,<environment.Job instance at 0x7f333fb4d0f0>,13,1,[1 7],14,14,15,0,14
1,<environment.Job instance at 0x7f3346629f50>,15,3,[9 4],16,16,19,0,16
1,<environment.Job instance at 0x7f333fef10a0>,18,2,[9 4],19,22,24,3,22
1,<environment.Job instance at 0x7f333fa63370>,20,27,[ 5 10],21,23,50,2,23
1,<environment.Job instance at 0x7f333fed7370>,26,25,[ 5 10],27,50,75,23,46
1,<environment.Job instance at 0x7f32fc012fa0>,31,1,[ 4 10],32,75,76,43,61
1,<environment.Job instance at 0x7f32fc012820>,32,3,[10  4],33,63,66,30,63
1,<environment.Job instance at 0x7f32fc0669b0>,37,1,[5 5],38,66,67,28,64
1,<environment.Job instance at 0x7f32fc006a00>,44,1,[7 4],45,75,76,30,75
1,<environment.Job instance at 0x7f32fbf41730>,46,3,[6 3],47,81,84,34,81
1,<environment.Job instance at 0x7f32fbf4a4b0>,49,3,[5 5],50,94,97,44,94
1,<environment.Job instance at 0x7f32fbf4ac80>,51,3,[9 4],52,104,107,52,104
1,<environment.Job instance at 0x7f32fbf4a230>,52,1,[7 4],53,107,108,54,104
1,<environment.Job instance at 0x7f32fbf4a9b0>,53,2,[9 2],54,108,110,54,104
1,<environment.Job instance at 0x7f32fbf4aa50>,55,2,[ 4 11],56,111,113,55,111
1,<environment.Job instance at 0x7f32fbf4acd0>,58,1,[2 6],59,128,129,69,128
1,<environment.Job instance at 0x7f333fa6beb0>,60,2,[10  2],61,130,132,69,130
1,<environment.Job instance at 0x7f333fa598c0>,62,19,[8 2],63,140,159,77,140
1,<environment.Job instance at 0x7f333fa59870>,63,2,[ 2 14],64,159,161,95,140
1,<environment.Job instance at 0x7f333fb83af0>,65,3,[2 5],66,140,143,74,140
1,<environment.Job instance at 0x7f333fb83500>,66,2,[11  3],67,161,163,94,140
1,<environment.Job instance at 0x7f333fb83640>,67,2,[12  2],68,163,165,95,140
1,<environment.Job instance at 0x7f333fb836e0>,70,18,[3 5],71,161,179,90,161
1,<environment.Job instance at 0x7f333fb83730>,71,3,[7 3],72,165,168,93,161
1,<environment.Job instance at 0x7f333fb83b40>,72,2,[12  5],73,168,170,95,161
1,<environment.Job instance at 0x7f333fb835a0>,73,1,[1 7],74,161,162,87,161
1,<environment.Job instance at 0x7f333fb83550>,74,1,[14  4],75,179,180,104,161
1,<environment.Job instance at 0x7f333fb83a00>,76,3,[8 1],77,170,173,93,162
1,<environment.Job instance at 0x7f333fb83320>,77,2,[6 4],78,173,175,95,163
1,<environment.Job instance at 0x7f32fbf83370>,3,27,[1 8],4,4,31,0,4
1,<environment.Job instance at 0x7f32fc5f3460>,17,22,[1 7],18,18,40,0,18
1,<environment.Job instance at 0x7f32fbfea9b0>,22,1,[9 3],23,39,40,16,39
1,<environment.Job instance at 0x7f32fbfeaaa0>,23,3,[ 3 14],24,41,44,17,41
1,<environment.Job instance at 0x7f32fbfead20>,25,25,[6 3],26,47,72,21,47
1,<environment.Job instance at 0x7f32fbfea500>,26,2,[5 1],27,47,49,20,47
1,<environment.Job instance at 0x7f32fbfea820>,27,2,[4 5],28,47,49,19,47
1,<environment.Job instance at 0x7f32fbf3dc80>,30,2,[ 5 11],31,54,56,23,54
1,<environment.Job instance at 0x7f32fbf3d0f0>,34,1,[5 7],35,70,71,35,70
1,<environment.Job instance at 0x7f32fbf3de10>,36,2,[2 9],37,83,85,46,83
1,<environment.Job instance at 0x7f32fbf3df50>,37,3,[7 1],38,84,87,46,84
1,<environment.Job instance at 0x7f32fbf3d9b0>,39,27,[ 5 10],40,87,114,47,87
1,<environment.Job instance at 0x7f32fbf3dcd0>,41,22,[ 1 10],42,114,136,72,107
1,<environment.Job instance at 0x7f334726eb90>,48,20,[6 2],49,115,135,66,115
1,<environment.Job instance at 0x7f32fbf728c0>,0,26,[6 3],1,1,27,0,1
1,<environment.Job instance at 0x7f32fc328fa0>,5,23,[7 1],6,6,29,0,6
1,<environment.Job instance at 0x7f32fc2fa190>,18,1,[ 3 14],19,35,36,16,35
1,<environment.Job instance at 0x7f32fc302370>,19,2,[5 6],20,36,38,16,35
1,<environment.Job instance at 0x7f32fc2fa730>,20,1,[5 9],21,36,37,15,35
1,<environment.Job instance at 0x7f3346a6d140>,21,3,[8 4],22,37,40,15,35
1,<environment.Job instance at 0x7f32fc2f25a0>,23,3,[9 2],24,40,43,16,37
1,<environment.Job instance at 0x7f32fc3b9690>,28,1,[8 4],29,63,64,34,63
1,<environment.Job instance at 0x7f333fc7d820>,30,2,[4 9],31,63,65,32,63
1,<environment.Job instance at 0x7f32fc125140>,5,3,[11  2],6,6,9,0,6
1,<environment.Job instance at 0x7f33468c0af0>,12,23,[7 1],13,21,44,8,21
1,<environment.Job instance at 0x7f33468c00a0>,13,2,[2 8],14,21,23,7,21
1,<environment.Job instance at 0x7f33468c0050>,15,3,[13  2],16,44,47,28,24
1,<environment.Job instance at 0x7f33468c05a0>,16,1,[9 4],17,47,48,30,24
1,<environment.Job instance at 0x7f33468c0b90>,17,3,[3 8],18,24,27,6,24
1,<environment.Job instance at 0x7f32fc4745f0>,18,1,[13  4],19,48,49,29,24
1,<environment.Job instance at 0x7f32fc4740a0>,23,16,[8 2],24,53,69,29,53
1,<environment.Job instance at 0x7f334726e6e0>,24,2,[5 2],25,53,55,28,53
1,<environment.Job instance at 0x7f334726ea00>,25,3,[5 1],26,55,58,29,53
1,<environment.Job instance at 0x7f334726ee60>,27,2,[2 9],28,69,71,41,69
1,<environment.Job instance at 0x7f334726e2d0>,28,2,[8 3],29,69,71,40,69
1,<environment.Job instance at 0x7f334726e690>,30,15,[9 1],31,71,86,40,71
1,<environment.Job instance at 0x7f333ff2a5a0>,31,23,[ 3 13],32,71,94,39,71
1,<environment.Job instance at 0x7f333ff2a410>,36,2,[7 2],37,98,100,61,98
1,<environment.Job instance at 0x7f333ff2a2d0>,39,1,[9 4],40,118,119,78,118
1,<environment.Job instance at 0x7f333ff2a320>,40,20,[9 5],41,119,139,78,118
1,<environment.Job instance at 0x7f32fc1e0e60>,45,2,[10  5],46,139,141,93,121
1,<environment.Job instance at 0x7f32fc1e0f00>,46,2,[6 4],47,121,123,74,121
1,<environment.Job instance at 0x7f32fc26bfa0>,49,2,[10  2],50,141,143,91,132
1,<environment.Job instance at 0x7f32fc26b0a0>,50,1,[8 1],51,143,144,92,132
1,<environment.Job instance at 0x7f33400c8230>,54,22,[9 5],55,156,178,101,156
1,<environment.Job instance at 0x7f33400c86e0>,55,3,[ 1 14],56,178,181,122,156
1,<environment.Job instance at 0x7f333fc46460>,5,1,[7 1],6,6,7,0,6
1,<environment.Job instance at 0x7f333fc46050>,6,23,[5 5],7,7,30,0,7
1,<environment.Job instance at 0x7f333fc2b0f0>,7,1,[2 6],8,8,9,0,8
1,<environment.Job instance at 0x7f32fc1c6230>,9,25,[7 3],10,10,35,0,10
1,<environment.Job instance at 0x7f32fc193280>,10,1,[12  5],11,35,36,24,19
1,<environment.Job instance at 0x7f334678a640>,19,3,[7 1],20,36,39,16,36
1,<environment.Job instance at 0x7f32fc0cc690>,20,2,[8 5],21,36,38,15,36
1,<environment.Job instance at 0x7f333fe1ff50>,21,3,[ 3 11],22,38,41,16,36
1,<environment.Job instance at 0x7f32fc4f6780>,23,3,[1 6],24,41,44,17,40
1,<environment.Job instance at 0x7f32fbfae1e0>,26,1,[ 3 10],27,54,55,27,54
1,<environment.Job instance at 0x7f333fd94f00>,29,2,[3 7],30,69,71,39,69
1,<environment.Job instance at 0x7f333fd94640>,31,1,[4 7],32,81,82,49,81
1,<environment.Job instance at 0x7f333fd94c30>,32,19,[6 2],33,81,100,48,81
1,<environment.Job instance at 0x7f333fd94f50>,33,3,[1 8],34,82,85,48,81
1,<environment.Job instance at 0x7f333fd94b90>,34,1,[1 7],35,85,86,50,81
1,<environment.Job instance at 0x7f333fd94780>,35,3,[14  4],36,100,103,64,81
1,<environment.Job instance at 0x7f33400c80f0>,41,2,[11  4],42,113,115,71,113
1,<environment.Job instance at 0x7f33400c8500>,42,2,[6 3],43,115,117,72,113
1,<environment.Job instance at 0x7f33400c83c0>,45,3,[3 9],46,128,131,82,128
1,<environment.Job instance at 0x7f32fc35a0a0>,48,22,[ 1 13],49,147,169,98,147
1,<environment.Job instance at 0x7f32fc0cb0f0>,4,19,[2 5],5,6,25,1,6
1,<environment.Job instance at 0x7f32fbebfe10>,10,2,[2 6],11,11,13,0,11
1,<environment.Job instance at 0x7f32fbebfd70>,12,3,[6 1],13,13,16,0,13
1,<environment.Job instance at 0x7f32fbebffa0>,13,23,[1 7],14,14,37,0,14
1,<environment.Job instance at 0x7f32fbebc1e0>,14,22,[1 8],15,25,47,10,18
1,<environment.Job instance at 0x7f32fbebc820>,22,26,[1 5],23,37,63,14,34
1,<environment.Job instance at 0x7f32fbebcc80>,26,1,[9 3],27,48,49,21,48
1,<environment.Job instance at 0x7f32fbebcf00>,28,3,[5 8],29,59,62,30,59
1,<environment.Job instance at 0x7f32fbee4410>,32,22,[5 3],33,72,94,39,72
1,<environment.Job instance at 0x7f32fbee44b0>,33,1,[8 4],34,72,73,38,72
1,<environment.Job instance at 0x7f32fbee46e0>,35,1,[8 5],36,78,79,42,78
1,<environment.Job instance at 0x7f32fbee4780>,37,24,[2 8],38,79,103,41,78
1,<environment.Job instance at 0x7f32fbee4aa0>,42,15,[1 6],43,103,118,60,103
1,<environment.Job instance at 0x7f32fbee4b40>,43,26,[1 8],44,103,129,59,103
1,<environment.Job instance at 0x7f32fbee4500>,47,3,[7 5],48,127,130,79,127
1,<environment.Job instance at 0x7f32fbee4fa0>,48,2,[5 3],49,129,131,80,127
1,<environment.Job instance at 0x7f32fbeb6140>,50,1,[3 5],51,129,130,78,127
1,<environment.Job instance at 0x7f32fbeb6050>,51,23,[9 4],52,130,153,78,127
1,<environment.Job instance at 0x7f32fbeb63c0>,55,2,[1 9],56,140,142,84,140
1,<environment.Job instance at 0x7f32fbeb6730>,57,1,[ 1 10],58,146,147,88,146
1,<environment.Job instance at 0x7f32fbeb6a00>,59,1,[6 4],60,147,148,87,146
1,<environment.Job instance at 0x7f32fbeb6b90>,64,3,[3 9],65,163,166,98,163
1,<environment.Job instance at 0x7f32fbeb6aa0>,65,2,[10  1],66,163,165,97,163
1,<environment.Job instance at 0x7f32fbeb6d20>,66,3,[ 1 10],67,166,169,99,163
1,<environment.Job instance at 0x7f333fb7cbe0>,9,2,[ 3 10],10,11,13,1,11
1,<environment.Job instance at 0x7f32fbf72e10>,13,1,[5 5],14,22,23,8,22
1,<environment.Job instance at 0x7f33464df8c0>,17,18,[5 9],18,44,62,26,44
1,<environment.Job instance at 0x7f333fad2f00>,19,1,[6 1],20,44,45,24,44
1,<environment.Job instance at 0x7f32fc4d0190>,23,3,[ 2 10],24,71,74,47,71
1,<environment.Job instance at 0x7f33401bc410>,26,3,[1 8],27,74,77,47,72
1,<environment.Job instance at 0x7f33401bc780>,27,1,[3 5],28,72,73,44,72
1,<environment.Job instance at 0x7f333fa6afa0>,28,25,[5 5],29,73,98,44,72
1,<environment.Job instance at 0x7f32fc1af910>,29,2,[5 1],30,74,76,44,72
1,<environment.Job instance at 0x7f333fb3a050>,40,22,[4 6],41,144,166,103,144
1,<environment.Job instance at 0x7f3346c7caa0>,3,26,[2 9],4,4,30,0,4
1,<environment.Job instance at 0x7f32fc1e5f50>,10,3,[2 6],11,11,14,0,11
1,<environment.Job instance at 0x7f333fbcf410>,16,1,[5 3],17,28,29,11,28
1,<environment.Job instance at 0x7f3346a40730>,22,2,[1 9],23,44,46,21,44
1,<environment.Job instance at 0x7f333fafa960>,27,1,[5 4],28,50,51,22,50
1,<environment.Job instance at 0x7f333fa65a50>,29,1,[3 5],30,57,58,27,57
1,<environment.Job instance at 0x7f333fe9ad70>,30,1,[4 9],31,57,58,26,57
1,<environment.Job instance at 0x7f32fc1e50a0>,13,18,[1 8],14,59,77,45,59
1,<environment.Job instance at 0x7f32fc3a5d70>,32,18,[7 3],33,92,110,59,92
1,<environment.Job instance at 0x7f33468ab140>,38,2,[1 6],39,92,94,53,92
1,<environment.Job instance at 0x7f33468abd70>,39,23,[5 5],40,92,115,52,92
1,<environment.Job instance at 0x7f33468abe60>,45,24,[7 5],46,113,137,67,113
1,<environment.Job instance at 0x7f33468bc500>,48,2,[5 5],49,135,137,86,135
1,<environment.Job instance at 0x7f32fc0cca00>,49,3,[5 2],50,137,140,87,136
1,<environment.Job instance at 0x7f33468a8c30>,51,2,[4 8],52,137,139,85,136
1,<environment.Job instance at 0x7f33468bc320>,47,3,[ 2 13],48,139,142,91,137
1,<environment.Job instance at 0x7f32fc5888c0>,55,2,[7 1],56,140,142,84,137
1,<environment.Job instance at 0x7f3340086640>,58,3,[10  1],59,143,146,84,143
1,<environment.Job instance at 0x7f32fc3ae280>,60,1,[13  2],61,154,155,93,154
1,<environment.Job instance at 0x7f333fb08c30>,0,20,[5 8],1,1,21,0,1
1,<environment.Job instance at 0x7f32fc61cd20>,10,21,[5 2],11,11,32,0,11
1,<environment.Job instance at 0x7f32fc60daa0>,22,1,[5 8],23,34,35,11,34
1,<environment.Job instance at 0x7f32fc60db40>,23,1,[6 3],24,34,35,10,34
1,<environment.Job instance at 0x7f32fc60dbe0>,24,3,[6 1],25,35,38,10,34
1,<environment.Job instance at 0x7f32fc60dc80>,25,1,[10  4],26,38,39,12,34
1,<environment.Job instance at 0x7f32fc60dfa0>,29,1,[6 1],30,49,50,19,49
1,<environment.Job instance at 0x7f32fc60d730>,31,1,[6 1],32,49,50,17,49
1,<environment.Job instance at 0x7f32fc60d820>,32,2,[ 4 10],33,50,52,17,49
1,<environment.Job instance at 0x7f32fc6060f0>,33,2,[4 7],34,52,54,18,49
1,<environment.Job instance at 0x7f32fc606410>,35,23,[7 4],36,64,87,28,64
1,<environment.Job instance at 0x7f32fc6065f0>,36,23,[5 6],37,64,87,27,64
1,<environment.Job instance at 0x7f32fc606a00>,38,25,[ 5 10],39,87,112,48,83
1,<environment.Job instance at 0x7f32fc606dc0>,44,1,[9 2],45,106,107,61,106
1,<environment.Job instance at 0x7f32fc606f00>,46,2,[4 6],47,115,117,68,115
1,<environment.Job instance at 0x7f32fc606870>,47,26,[ 2 10],48,117,143,69,115
1,<environment.Job instance at 0x7f32fc60c960>,56,1,[5 8],57,152,153,95,152
1,<environment.Job instance at 0x7f32fc60cb40>,59,1,[8 4],60,156,157,96,156
1,<environment.Job instance at 0x7f32fc60cc80>,61,2,[1 9],62,160,162,98,160
1,<environment.Job instance at 0x7f32fc60cd20>,62,1,[7 2],63,160,161,97,160
1,<environment.Job instance at 0x7f32fc60c230>,63,20,[5 2],64,160,180,96,160
1,<environment.Job instance at 0x7f32fc4b3190>,6,20,[10  4],7,7,27,0,7
1,<environment.Job instance at 0x7f33468eb410>,19,2,[5 5],20,22,24,2,22
1,<environment.Job instance at 0x7f333fca17d0>,23,24,[9 2],24,27,51,3,24
1,<environment.Job instance at 0x7f333fca10a0>,25,3,[ 4 10],26,32,35,6,32
1,<environment.Job instance at 0x7f3346c521e0>,28,2,[ 2 10],29,35,37,6,33
1,<environment.Job instance at 0x7f333fd4b5a0>,31,24,[2 6],32,43,67,11,43
1,<environment.Job instance at 0x7f333ffae1e0>,34,3,[2 5],35,56,59,21,56
1,<environment.Job instance at 0x7f32fc2a0370>,35,3,[1 5],36,59,62,23,57
1,<environment.Job instance at 0x7f32fc2a0f50>,37,3,[3 5],38,63,66,25,63
1,<environment.Job instance at 0x7f32fc415eb0>,38,3,[6 4],39,63,66,24,63
1,<environment.Job instance at 0x7f32fc415230>,40,3,[ 5 10],41,73,76,32,73
1,<environment.Job instance at 0x7f32fc415960>,42,1,[2 8],43,76,77,33,73
1,<environment.Job instance at 0x7f32fc21f690>,43,21,[5 4],44,73,94,29,73
1,<environment.Job instance at 0x7f32fc21fc30>,47,2,[10  5],48,94,96,46,94
1,<environment.Job instance at 0x7f32fc21f7d0>,48,3,[10  4],49,96,99,47,94
1,<environment.Job instance at 0x7f32fc21fc80>,50,2,[1 8],51,102,104,51,102
1,<environment.Job instance at 0x7f32fc21f3c0>,53,1,[ 4 10],54,114,115,60,114
1,<environment.Job instance at 0x7f32fc21fb90>,54,24,[5 8],55,115,139,60,114
1,<environment.Job instance at 0x7f32fc21f320>,56,24,[10  2],57,114,138,57,114
1,<environment.Job instance at 0x7f333fe713c0>,60,2,[14  3],61,139,141,78,137
1,<environment.Job instance at 0x7f333fe71690>,61,1,[3 9],62,141,142,79,137
1,<environment.Job instance at 0x7f32fc307f00>,65,1,[5 9],66,149,150,83,149
1,<environment.Job instance at 0x7f32fc307140>,66,23,[9 5],67,149,172,82,149
1,<environment.Job instance at 0x7f32fc307550>,70,1,[ 5 10],71,163,164,92,163
1,<environment.Job instance at 0x7f33400a8230>,6,21,[10  2],7,7,28,0,7
1,<environment.Job instance at 0x7f333fa63960>,19,3,[1 6],20,27,30,7,27
1,<environment.Job instance at 0x7f333fa63a50>,20,25,[ 4 10],21,30,55,9,27
1,<environment.Job instance at 0x7f333fa63190>,21,22,[9 1],22,28,50,6,27
1,<environment.Job instance at 0x7f3346ccd7d0>,27,19,[ 2 10],28,56,75,28,56
1,<environment.Job instance at 0x7f32fc08caf0>,26,18,[10  3],27,56,74,29,56
1,<environment.Job instance at 0x7f3346ccd190>,31,3,[1 5],32,74,77,42,56
1,<environment.Job instance at 0x7f3346ccdc80>,32,1,[3 7],33,75,76,42,56
1,<environment.Job instance at 0x7f32fc319280>,35,1,[8 4],36,77,78,41,77
1,<environment.Job instance at 0x7f32fc319550>,36,2,[5 2],37,77,79,40,77
1,<environment.Job instance at 0x7f333fb82780>,42,2,[5 5],43,105,107,62,105
1,<environment.Job instance at 0x7f333fb82230>,43,1,[3 5],44,105,106,61,105
1,<environment.Job instance at 0x7f333fb822d0>,44,2,[6 5],45,105,107,60,105
1,<environment.Job instance at 0x7f333fb82f50>,45,1,[ 4 10],46,107,108,61,105
1,<environment.Job instance at 0x7f333fb82c80>,47,3,[1 7],48,109,112,61,109
1,<environment.Job instance at 0x7f32fc13e690>,48,2,[3 7],49,109,111,60,109
1,<environment.Job instance at 0x7f32fc13e320>,49,28,[4 8],50,111,139,61,110
1,<environment.Job instance at 0x7f32fc13e280>,52,3,[5 5],53,115,118,62,115
1,<environment.Job instance at 0x7f32fc13e910>,53,3,[ 3 10],54,139,142,85,115
1,<environment.Job instance at 0x7f32fc13e2d0>,54,1,[10  2],55,118,119,63,115
1,<environment.Job instance at 0x7f32fc13ed70>,56,2,[4 9],57,142,144,85,128
1,<environment.Job instance at 0x7f32fc6ad2d0>,60,1,[6 1],61,141,142,80,141
1,<environment.Job instance at 0x7f32fc6ad230>,62,1,[1 5],63,142,143,79,142
1,<environment.Job instance at 0x7f32fc6ad780>,63,1,[7 1],64,142,143,78,142
1,<environment.Job instance at 0x7f32fc6ad190>,3,1,[6 1],4,4,5,0,4
1,<environment.Job instance at 0x7f333fbeeaf0>,13,3,[6 1],14,15,18,1,15
1,<environment.Job instance at 0x7f333fbee9b0>,16,3,[9 5],17,17,20,0,17
1,<environment.Job instance at 0x7f32fc35e230>,18,28,[9 5],19,20,48,1,19
1,<environment.Job instance at 0x7f333fbee780>,20,1,[11  1],21,48,49,27,22
1,<environment.Job instance at 0x7f32fc34e0a0>,26,22,[4 9],27,27,49,0,27
1,<environment.Job instance at 0x7f32fc196be0>,33,1,[2 6],34,49,50,15,44
1,<environment.Job instance at 0x7f3346a73c30>,36,3,[5 3],37,49,52,12,47
1,<environment.Job instance at 0x7f32fc345f00>,37,1,[ 2 12],38,50,51,12,47
1,<environment.Job instance at 0x7f3340066e10>,38,1,[5 8],39,51,52,12,47
1,<environment.Job instance at 0x7f3346663d70>,40,15,[8 2],41,60,75,19,60
1,<environment.Job instance at 0x7f333fcb2050>,44,1,[8 1],45,75,76,30,72
1,<environment.Job instance at 0x7f333fcb2640>,45,1,[10  4],46,76,77,30,72
1,<environment.Job instance at 0x7f33465cfa50>,49,2,[7 1],50,94,96,44,94
1,<environment.Job instance at 0x7f333fcaa7d0>,51,23,[9 2],52,104,127,52,104
1,<environment.Job instance at 0x7f333fcaa370>,52,1,[ 3 10],53,104,105,51,104
1,<environment.Job instance at 0x7f333fcaab90>,54,2,[2 5],55,110,112,55,110
1,<environment.Job instance at 0x7f333fcaa140>,55,25,[ 2 11],56,112,137,56,110
1,<environment.Job instance at 0x7f32fc22de60>,62,3,[10  5],63,138,141,75,138
1,<environment.Job instance at 0x7f32fc22dd20>,65,2,[3 6],66,153,155,87,153
1,<environment.Job instance at 0x7f32fc22d410>,68,2,[4 9],69,166,168,97,166
1,<environment.Job instance at 0x7f33468a8b90>,4,24,[4 8],5,5,29,0,5
1,<environment.Job instance at 0x7f334003ab90>,6,23,[9 2],7,7,30,0,7
1,<environment.Job instance at 0x7f32fc56daf0>,9,27,[ 5 10],10,29,56,19,27
1,<environment.Job instance at 0x7f32fc39f0f0>,10,28,[8 5],11,30,58,19,29
1,<environment.Job instance at 0x7f32fc22db90>,2,2,[ 1 14],3,58,60,55,48
1,<environment.Job instance at 0x7f33468f94b0>,17,2,[2 5],18,56,58,38,53
1,<environment.Job instance at 0x7f32fbf9c190>,24,2,[3 9],25,84,86,59,84
1,<environment.Job instance at 0x7f32fbfa4280>,25,3,[4 8],26,86,89,60,84
1,<environment.Job instance at 0x7f32fbf74e60>,26,3,[9 4],27,84,87,57,84
1,<environment.Job instance at 0x7f32fc0a0460>,28,18,[4 7],29,87,105,58,86
1,<environment.Job instance at 0x7f32fc5eee60>,30,21,[9 2],31,99,120,68,99
1,<environment.Job instance at 0x7f32fc5ee1e0>,32,2,[9 2],33,120,122,87,101
1,<environment.Job instance at 0x7f32fc127460>,36,26,[3 5],37,105,131,68,102
1,<environment.Job instance at 0x7f32fc127320>,37,24,[9 4],38,122,146,84,117
1,<environment.Job instance at 0x7f33401a9a50>,46,3,[9 1],47,152,155,105,152
1,<environment.Job instance at 0x7f33401a9eb0>,47,3,[7 3],48,155,158,107,152
1,<environment.Job instance at 0x7f33401a9550>,48,1,[12  1],49,158,159,109,152
1,<environment.Job instance at 0x7f33401a94b0>,49,2,[7 2],50,155,157,105,152
1,<environment.Job instance at 0x7f33401a9f50>,50,1,[5 5],51,152,153,101,152
1,<environment.Job instance at 0x7f33401a9280>,51,2,[2 5],52,153,155,101,152
1,<environment.Job instance at 0x7f33401a98c0>,54,1,[7 2],55,162,163,107,162
1,<environment.Job instance at 0x7f32fbee9780>,55,1,[6 4],56,162,163,106,162
1,<environment.Job instance at 0x7f32fbee9d20>,56,1,[6 5],57,163,164,106,162
1,<environment.Job instance at 0x7f32fbee90f0>,58,3,[1 5],59,169,172,110,169
1,<environment.Job instance at 0x7f33466d7820>,59,14,[1 5],60,169,183,109,169
1,<environment.Job instance at 0x7f32fbee98c0>,60,2,[6 2],61,169,171,108,169
1,<environment.Job instance at 0x7f32fbcc7550>,12,1,[2 9],13,14,15,1,14
1,<environment.Job instance at 0x7f32fbcc7e10>,10,3,[10  5],11,15,18,4,15
1,<environment.Job instance at 0x7f32fbd46f50>,15,1,[8 2],16,18,19,2,16
1,<environment.Job instance at 0x7f32fbd46960>,16,1,[2 8],17,17,18,0,17
1,<environment.Job instance at 0x7f333fdddc30>,20,3,[1 9],21,27,30,6,27
1,<environment.Job instance at 0x7f333fddd190>,22,19,[1 5],23,27,46,4,27
1,<environment.Job instance at 0x7f333fddd1e0>,23,2,[1 7],24,30,32,6,27
1,<environment.Job instance at 0x7f32fbcdfd70>,33,23,[5 6],34,73,96,39,73
1,<environment.Job instance at 0x7f32fbcdf5f0>,36,2,[10  5],37,84,86,47,84
1,<environment.Job instance at 0x7f32fbcdf1e0>,38,28,[3 8],39,87,115,48,87
1,<environment.Job instance at 0x7f32fbcdf190>,41,2,[8 4],42,96,98,54,95
1,<environment.Job instance at 0x7f32fbcdfaa0>,42,2,[10  2],43,98,100,55,95
1,<environment.Job instance at 0x7f32fbf14f00>,43,23,[5 7],44,100,123,56,95
1,<environment.Job instance at 0x7f32fbf144b0>,44,28,[8 5],45,115,143,70,114
1,<environment.Job instance at 0x7f32fbf14910>,46,23,[3 7],47,123,146,76,117
1,<environment.Job instance at 0x7f32fbf14be0>,47,24,[2 9],48,146,170,98,141
1,<environment.Job instance at 0x7f32fbf14730>,49,22,[5 3],50,143,165,93,141
1,<environment.Job instance at 0x7f32fbf14870>,52,23,[13  5],53,165,188,112,159
1,<environment.Job instance at 0x7f333fe25c80>,9,21,[ 5 10],10,10,31,0,10
1,<environment.Job instance at 0x7f333fe26960>,13,21,[5 5],14,14,35,0,14
1,<environment.Job instance at 0x7f33465b3500>,23,27,[4 6],24,31,58,7,29
1,<environment.Job instance at 0x7f33465d64b0>,30,3,[ 1 14],31,58,61,27,58
1,<environment.Job instance at 0x7f333fd8a050>,31,1,[10  3],32,61,62,29,58
1,<environment.Job instance at 0x7f333fd625f0>,32,1,[10  1],33,58,59,25,58
1,<environment.Job instance at 0x7f33465bda00>,34,1,[ 2 11],35,64,65,29,64
1,<environment.Job instance at 0x7f333fe25550>,11,18,[1 9],12,65,83,53,64
1,<environment.Job instance at 0x7f32fbff1870>,37,28,[8 2],38,64,92,26,64
1,<environment.Job instance at 0x7f32fbfb5af0>,38,22,[5 8],39,83,105,44,76
1,<environment.Job instance at 0x7f32fbfef7d0>,41,28,[ 3 10],42,105,133,63,104
1,<environment.Job instance at 0x7f3340059fa0>,48,1,[8 5],49,104,105,55,104
1,<environment.Job instance at 0x7f334004f3c0>,54,2,[ 3 10],55,135,137,80,135
1,<environment.Job instance at 0x7f33400375a0>,60,1,[10  5],61,151,152,90,151
1,<environment.Job instance at 0x7f3340037820>,62,1,[1 8],63,153,154,90,153
1,<environment.Job instance at 0x7f32fbdeba00>,63,1,[3 7],64,153,154,89,153
1,<environment.Job instance at 0x7f3340051a50>,66,21,[8 5],67,165,186,98,165
1,<environment.Job instance at 0x7f32fbdee1e0>,3,20,[1 7],4,4,24,0,4
1,<environment.Job instance at 0x7f3346d0b870>,6,28,[2 6],7,7,35,0,7
1,<environment.Job instance at 0x7f334726f3c0>,9,26,[10  1],10,10,36,0,10
1,<environment.Job instance at 0x7f333fc3e280>,21,2,[10  4],22,36,38,14,35
1,<environment.Job instance at 0x7f333fc7d690>,5,3,[ 4 13],6,38,41,32,37
1,<environment.Job instance at 0x7f32fc130690>,27,2,[2 8],28,51,53,23,51
1,<environment.Job instance at 0x7f32fc1305f0>,28,26,[5 7],29,51,77,22,51
1,<environment.Job instance at 0x7f32fc3a5be0>,29,28,[ 4 10],30,77,105,47,76
1,<environment.Job instance at 0x7f333fdaf460>,32,2,[ 4 11],33,105,107,72,101
1,<environment.Job instance at 0x7f32fbd2f9b0>,35,23,[ 3 10],36,107,130,71,101
1,<environment.Job instance at 0x7f32fbd2f8c0>,43,1,[7 2],44,116,117,72,116
1,<environment.Job instance at 0x7f32fbd2fe10>,45,3,[3 9],46,130,133,84,125
1,<environment.Job instance at 0x7f32fbd2f5a0>,46,1,[8 2],47,125,126,78,125
1,<environment.Job instance at 0x7f32fbd2f5f0>,47,18,[10  1],48,126,144,78,126
1,<environment.Job instance at 0x7f334671e690>,50,23,[7 1],51,144,167,93,141
1,<environment.Job instance at 0x7f32fc120370>,54,1,[1 8],55,143,144,88,143
1,<environment.Job instance at 0x7f32fc120af0>,55,21,[5 2],56,144,165,88,143
1,<environment.Job instance at 0x7f33469b74b0>,60,1,[10  1],61,167,168,106,162
1,<environment.Job instance at 0x7f333fdfda50>,7,25,[4 6],8,8,33,0,8
1,<environment.Job instance at 0x7f334681da00>,10,1,[5 1],11,11,12,0,11
1,<environment.Job instance at 0x7f334681d550>,11,23,[10  1],12,12,35,0,12
1,<environment.Job instance at 0x7f334681d370>,13,26,[10  2],14,35,61,21,32
1,<environment.Job instance at 0x7f334681ddc0>,19,1,[3 8],20,35,36,15,35
1,<environment.Job instance at 0x7f334681daf0>,21,24,[4 8],22,39,63,17,39
1,<environment.Job instance at 0x7f334681da50>,24,1,[7 5],25,61,62,36,56
1,<environment.Job instance at 0x7f32fbcc1500>,27,1,[3 8],28,72,73,44,72
1,<environment.Job instance at 0x7f334681d2d0>,14,3,[ 3 12],15,107,110,92,107
1,<environment.Job instance at 0x7f32fbcc10a0>,32,22,[10  1],33,108,130,75,108
1,<environment.Job instance at 0x7f32fc2fc690>,34,23,[ 5 10],35,110,133,75,108
1,<environment.Job instance at 0x7f334681de10>,23,2,[12  5],24,133,135,109,133
1,<environment.Job instance at 0x7f32fc2fcaf0>,36,1,[9 5],37,135,136,98,133
1,<environment.Job instance at 0x7f32fc2fc8c0>,38,3,[8 2],39,136,139,97,134
1,<environment.Job instance at 0x7f32fc2fc640>,39,23,[1 5],40,134,157,94,134
1,<environment.Job instance at 0x7f32fc2fcbe0>,42,1,[8 3],43,139,140,96,138
1,<environment.Job instance at 0x7f32fc2fcb40>,43,25,[10  1],44,140,165,96,138
1,<environment.Job instance at 0x7f32fc2fcf50>,45,28,[1 7],46,140,168,94,140
1,<environment.Job instance at 0x7f32fbf998c0>,1,1,[5 3],2,2,3,0,2
1,<environment.Job instance at 0x7f32fc5b4eb0>,11,3,[7 5],12,24,27,12,24
1,<environment.Job instance at 0x7f32fc5b4910>,12,3,[8 5],13,24,27,11,24
1,<environment.Job instance at 0x7f32fc5ede60>,13,3,[6 4],14,27,30,13,24
1,<environment.Job instance at 0x7f32fc5ed6e0>,14,2,[7 5],15,27,29,12,24
1,<environment.Job instance at 0x7f32fc5ed960>,16,3,[1 8],17,29,32,12,24
1,<environment.Job instance at 0x7f32fbf99b90>,0,3,[ 3 14],1,33,36,32,33
1,<environment.Job instance at 0x7f32fc5eddc0>,21,2,[3 5],22,36,38,14,33
1,<environment.Job instance at 0x7f32fc5ed3c0>,22,3,[2 8],23,36,39,13,34
1,<environment.Job instance at 0x7f32fc5c2d20>,25,1,[5 5],26,54,55,28,54
1,<environment.Job instance at 0x7f32fc5c2550>,27,25,[1 7],28,55,80,27,55
1,<environment.Job instance at 0x7f32fc5c2410>,28,19,[5 8],29,55,74,26,55
1,<environment.Job instance at 0x7f32fc5c2af0>,31,2,[ 5 11],32,80,82,48,74
1,<environment.Job instance at 0x7f32fc5d0190>,35,3,[ 3 11],36,88,91,52,88
1,<environment.Job instance at 0x7f32fc5d05f0>,36,1,[ 4 10],37,91,92,54,88
1,<environment.Job instance at 0x7f32fc5d0e60>,38,3,[5 3],39,89,92,50,89
1,<environment.Job instance at 0x7f32fc5d0a00>,39,2,[5 9],40,92,94,52,89
1,<environment.Job instance at 0x7f32fc5d0cd0>,42,20,[ 1 10],43,99,119,56,99
1,<environment.Job instance at 0x7f32fc5d0550>,46,19,[4 8],47,119,138,72,111
1,<environment.Job instance at 0x7f32fc5d0d20>,47,2,[14  5],48,138,140,90,119
1,<environment.Job instance at 0x7f334666d280>,53,3,[ 2 10],54,140,143,86,134
1,<environment.Job instance at 0x7f3346689d70>,55,1,[ 5 13],56,143,144,87,135
1,<environment.Job instance at 0x7f3346689be0>,56,27,[6 1],57,140,167,83,138
1,<environment.Job instance at 0x7f3346689640>,61,3,[5 4],62,150,153,88,150
1,<environment.Job instance at 0x7f3346689780>,62,1,[5 3],63,153,154,90,150
1,<environment.Job instance at 0x7f3346689550>,64,23,[5 9],65,155,178,90,155
1,<environment.Job instance at 0x7f333ff62230>,67,23,[6 2],68,167,190,99,161
1,<environment.Job instance at 0x7fec0d8f02d0>,1,22,[11  3],2,2,24,0,2
1,<environment.Job instance at 0x7fec0d8f0050>,2,22,[4 8],3,3,25,0,3
1,<environment.Job instance at 0x7fec064e0a00>,12,26,[ 1 10],13,25,51,12,22
1,<environment.Job instance at 0x7fec064e0f00>,20,1,[7 5],21,38,39,17,38
1,<environment.Job instance at 0x7fec064e09b0>,21,1,[6 5],22,39,40,17,38
1,<environment.Job instance at 0x7fec064e1370>,23,27,[1 6],24,51,78,27,49
1,<environment.Job instance at 0x7fec064e1640>,28,23,[10  4],29,61,84,32,61
1,<environment.Job instance at 0x7fec064e1cd0>,34,24,[1 8],35,78,102,43,75
1,<environment.Job instance at 0x7fec064e1eb0>,37,2,[2 6],38,84,86,46,79
1,<environment.Job instance at 0x7fec064e1a00>,38,2,[ 1 10],39,102,104,63,80
1,<environment.Job instance at 0x7fec064e70f0>,39,2,[5 6],40,86,88,46,81
1,<environment.Job instance at 0x7fec064e7320>,41,1,[5 2],42,90,91,48,90
1,<environment.Job instance at 0x7fec064e7500>,44,3,[5 5],45,98,101,53,98
1,<environment.Job instance at 0x7fec064e76e0>,47,2,[6 5],48,116,118,68,116
1,<environment.Job instance at 0x7fec064e7c80>,52,1,[8 5],53,133,134,80,133
1,<environment.Job instance at 0x7fec064fd280>,0,1,[5 8],1,4,5,3,4
1,<environment.Job instance at 0x7fec064e7d20>,7,1,[2 9],8,8,9,0,8
1,<environment.Job instance at 0x7febc28d1370>,8,21,[9 4],9,9,30,0,9
1,<environment.Job instance at 0x7febc28de870>,17,1,[9 1],18,30,31,12,18
1,<environment.Job instance at 0x7febc28db820>,19,2,[9 4],20,31,33,11,20
1,<environment.Job instance at 0x7febc28dba00>,24,3,[9 2],25,46,49,21,46
1,<environment.Job instance at 0x7febc28dbc80>,26,3,[2 8],27,49,52,22,49
1,<environment.Job instance at 0x7febc28d3c30>,27,1,[2 8],28,52,53,24,49
1,<environment.Job instance at 0x7febc28d3af0>,28,2,[13  1],29,49,51,20,49
1,<environment.Job instance at 0x7febc28d3960>,29,2,[10  4],30,51,53,21,49
1,<environment.Job instance at 0x7febc28d37d0>,31,3,[13  5],32,53,56,21,52
1,<environment.Job instance at 0x7febc28d3910>,32,2,[ 1 12],33,56,58,23,52
1,<environment.Job instance at 0x7febc28d3a50>,33,2,[5 6],34,58,60,24,52
1,<environment.Job instance at 0x7febc28dc870>,35,2,[5 5],36,58,60,22,53
1,<environment.Job instance at 0x7febc28e88c0>,37,3,[1 5],38,61,64,23,61
1,<environment.Job instance at 0x7febc28dcd70>,38,1,[10  5],39,61,62,22,61
1,<environment.Job instance at 0x7febc28dc230>,39,1,[ 2 10],40,62,63,22,61
1,<environment.Job instance at 0x7febc28ecb40>,41,18,[2 8],42,63,81,21,62
1,<environment.Job instance at 0x7febc28ec7d0>,42,1,[ 4 13],43,81,82,38,62
1,<environment.Job instance at 0x7febc28ec690>,45,1,[3 8],46,82,83,36,78
1,<environment.Job instance at 0x7febc29c7050>,51,1,[8 3],52,116,117,64,116
1,<environment.Job instance at 0x7febc29c70a0>,52,20,[1 7],53,116,136,63,116
1,<environment.Job instance at 0x7febc29c7460>,53,1,[ 4 10],54,136,137,82,116
1,<environment.Job instance at 0x7febc29c7820>,55,1,[10  1],56,118,119,62,118
1,<environment.Job instance at 0x7febc2a64b40>,56,19,[2 7],57,137,156,80,127
1,<environment.Job instance at 0x7febc29b0640>,59,2,[5 8],60,127,129,67,127
1,<environment.Job instance at 0x7febc29b0140>,60,24,[ 1 10],61,156,180,95,151
1,<environment.Job instance at 0x7febc29b0910>,63,24,[7 4],64,151,175,87,151
1,<environment.Job instance at 0x7febc2ab9230>,65,3,[12  3],66,177,180,111,177
1,<environment.Job instance at 0x7febc29bce60>,71,27,[4 7],72,180,207,108,178
1,<environment.Job instance at 0x7febc29bca50>,72,26,[8 4],73,180,206,107,178
1,<environment.Job instance at 0x7fec08cb6b90>,0,27,[ 5 10],1,1,28,0,1
1,<environment.Job instance at 0x7febc2803eb0>,6,25,[ 5 10],7,28,53,21,24
1,<environment.Job instance at 0x7febc2738960>,23,2,[5 5],24,30,32,6,30
1,<environment.Job instance at 0x7fec0d932c30>,29,3,[5 5],30,53,56,23,53
1,<environment.Job instance at 0x7febc2821730>,32,1,[7 4],33,54,55,21,54
1,<environment.Job instance at 0x7febc2821e10>,33,2,[9 2],34,55,57,21,54
1,<environment.Job instance at 0x7febc2821640>,35,2,[ 4 11],36,73,75,37,73
1,<environment.Job instance at 0x7febc28215f0>,42,19,[8 2],43,87,106,44,87
1,<environment.Job instance at 0x7febc2821820>,43,2,[ 2 14],44,106,108,62,104
1,<environment.Job instance at 0x7febc2778b40>,45,3,[2 5],46,108,111,62,104
1,<environment.Job instance at 0x7fec069a2eb0>,46,2,[11  3],47,108,110,61,104
1,<environment.Job instance at 0x7febc2778be0>,47,2,[12  2],48,110,112,62,104
1,<environment.Job instance at 0x7febc278d1e0>,51,3,[7 3],52,120,123,68,120
1,<environment.Job instance at 0x7fec066d5af0>,52,2,[12  5],53,123,125,70,120
1,<environment.Job instance at 0x7febc278eeb0>,53,1,[1 7],54,120,121,66,120
1,<environment.Job instance at 0x7febc27b90f0>,54,1,[14  4],55,125,126,70,120
1,<environment.Job instance at 0x7fec062ba690>,57,2,[6 4],58,136,138,78,136
1,<environment.Job instance at 0x7fec062b5640>,64,2,[2 5],65,161,163,96,161
1,<environment.Job instance at 0x7fec062b5aa0>,66,1,[3 8],67,170,171,103,170
1,<environment.Job instance at 0x7fec062b56e0>,68,1,[2 8],69,171,172,102,170
1,<environment.Job instance at 0x7fec062b49b0>,69,1,[ 3 10],70,172,173,102,170
1,<environment.Job instance at 0x7fec062b4b90>,72,1,[ 5 10],73,178,179,105,178
1,<environment.Job instance at 0x7fec062521e0>,73,1,[ 5 12],74,179,180,105,178
1,<environment.Job instance at 0x7fec06250690>,74,21,[7 2],75,178,199,103,178
1,<environment.Job instance at 0x7fec069515a0>,0,2,[ 5 11],1,3,5,2,3
1,<environment.Job instance at 0x7fec08b9b460>,9,27,[ 5 10],10,10,37,0,10
1,<environment.Job instance at 0x7fec08b9beb0>,11,22,[ 1 10],12,37,59,25,30
1,<environment.Job instance at 0x7febc2db71e0>,18,20,[6 2],19,47,67,28,47
1,<environment.Job instance at 0x7fec06821500>,38,21,[5 8],39,106,127,67,106
1,<environment.Job instance at 0x7fec06821af0>,41,28,[2 8],42,127,155,85,126
1,<environment.Job instance at 0x7fec068218c0>,43,27,[9 3],44,133,160,89,133
1,<environment.Job instance at 0x7fec06821780>,46,28,[1 7],47,155,183,108,154
1,<environment.Job instance at 0x7fec068e8d20>,48,1,[5 7],49,160,161,111,154
1,<environment.Job instance at 0x7fec068e8230>,49,2,[ 4 11],50,183,185,133,167
1,<environment.Job instance at 0x7fec0651a7d0>,0,28,[5 6],1,1,29,0,1
1,<environment.Job instance at 0x7fec06370cd0>,5,23,[5 3],6,6,29,0,6
1,<environment.Job instance at 0x7febc2abab40>,3,28,[ 1 11],4,29,57,25,28
1,<environment.Job instance at 0x7fec0633f4b0>,1,2,[2 6],2,57,59,55,30
1,<environment.Job instance at 0x7fec063742d0>,19,1,[10  3],20,48,49,28,48
1,<environment.Job instance at 0x7fec062e00f0>,20,16,[5 1],21,56,72,35,56
1,<environment.Job instance at 0x7fec062d15a0>,24,1,[1 6],25,67,68,42,67
1,<environment.Job instance at 0x7fec062d3550>,27,18,[10  5],28,86,104,58,86
1,<environment.Job instance at 0x7fec062d7cd0>,31,1,[9 5],32,104,105,72,97
1,<environment.Job instance at 0x7fec06301690>,32,2,[ 2 10],33,97,99,64,97
1,<environment.Job instance at 0x7febc2b23960>,35,2,[10  5],36,105,107,69,99
1,<environment.Job instance at 0x7febc2bb8550>,36,1,[5 7],37,99,100,62,99
1,<environment.Job instance at 0x7fec0692a1e0>,37,2,[ 4 14],38,107,109,69,100
1,<environment.Job instance at 0x7febc2bb80a0>,39,17,[9 4],40,109,126,69,108
1,<environment.Job instance at 0x7febc2891050>,40,1,[5 4],41,109,110,68,108
1,<environment.Job instance at 0x7febc2bc77d0>,41,18,[4 8],42,111,129,69,111
1,<environment.Job instance at 0x7fec0646d0a0>,44,2,[ 1 12],45,129,131,84,125
1,<environment.Job instance at 0x7febc2bbe410>,47,2,[6 4],48,126,128,78,126
1,<environment.Job instance at 0x7febc2babf00>,50,25,[2 8],51,140,165,89,140
1,<environment.Job instance at 0x7febc2e95410>,54,3,[ 3 14],55,168,171,113,168
1,<environment.Job instance at 0x7febc2bab640>,55,1,[10  1],56,168,169,112,168
1,<environment.Job instance at 0x7febc2cee8c0>,0,1,[8 1],1,1,2,0,1
1,<environment.Job instance at 0x7febc2ceed20>,4,22,[9 5],5,5,27,0,5
1,<environment.Job instance at 0x7febc2ceec80>,5,3,[ 1 14],6,27,30,21,16
1,<environment.Job instance at 0x7fec0d4e8f50>,17,2,[3 7],18,44,46,26,44
1,<environment.Job instance at 0x7fec0d4e8c30>,19,21,[1 7],20,49,70,29,49
1,<environment.Job instance at 0x7fec0d4e8f00>,23,2,[8 4],24,64,66,40,64
1,<environment.Job instance at 0x7fec0d4e8a50>,24,1,[10  4],25,66,67,41,64
1,<environment.Job instance at 0x7febc29c40a0>,27,17,[8 2],28,76,93,48,76
1,<environment.Job instance at 0x7febc29c4af0>,30,2,[8 1],31,93,95,62,92
1,<environment.Job instance at 0x7febc29c41e0>,31,1,[9 4],32,95,96,63,92
1,<environment.Job instance at 0x7febc29c4280>,33,2,[1 7],34,96,98,62,96
1,<environment.Job instance at 0x7febc29c4690>,34,2,[1 6],35,96,98,61,96
1,<environment.Job instance at 0x7febc2982550>,38,1,[8 2],39,115,116,76,115
1,<environment.Job instance at 0x7febc2982c80>,41,1,[9 4],42,118,119,76,118
1,<environment.Job instance at 0x7febc29826e0>,42,2,[2 7],43,118,120,75,118
1,<environment.Job instance at 0x7febc29827d0>,45,2,[3 7],46,172,174,126,172
1,<environment.Job instance at 0x7febc29825a0>,46,1,[11  2],47,174,175,127,174
1,<environment.Job instance at 0x7fec08c28a00>,4,22,[5 8],5,5,27,0,5
1,<environment.Job instance at 0x7febc28f67d0>,13,1,[2 9],14,27,28,13,14
1,<environment.Job instance at 0x7febc2bcef00>,14,1,[10  4],15,15,16,0,15
1,<environment.Job instance at 0x7fec0659a410>,20,2,[ 4 14],21,28,30,7,27
1,<environment.Job instance at 0x7fec0659a6e0>,25,3,[10  2],26,37,40,11,37
1,<environment.Job instance at 0x7fec064073c0>,27,2,[9 1],28,40,42,12,40
1,<environment.Job instance at 0x7fec0d8efa00>,32,1,[3 9],33,60,61,27,60
1,<environment.Job instance at 0x7febc2c56b90>,33,18,[5 2],34,60,78,26,60
1,<environment.Job instance at 0x7fec08c23af0>,35,1,[5 6],36,64,65,28,64
1,<environment.Job instance at 0x7fec062a7b90>,37,3,[9 4],38,75,78,37,75
1,<environment.Job instance at 0x7fec062a7410>,38,3,[6 3],39,78,81,39,75
1,<environment.Job instance at 0x7fec062a7690>,39,2,[10  3],40,81,83,41,75
1,<environment.Job instance at 0x7febc2988e10>,40,1,[4 8],41,78,79,37,75
1,<environment.Job instance at 0x7febc2988410>,41,13,[9 1],42,83,96,41,82
1,<environment.Job instance at 0x7fec08a2e7d0>,45,20,[10  3],46,96,116,50,93
1,<environment.Job instance at 0x7fec08a2e690>,47,3,[8 3],48,116,119,68,96
1,<environment.Job instance at 0x7fec08a2e820>,48,1,[9 5],49,119,120,70,96
1,<environment.Job instance at 0x7febc2a9a910>,49,1,[7 3],50,116,117,66,96
1,<environment.Job instance at 0x7fec08a2ecd0>,50,2,[9 4],51,120,122,69,96
1,<environment.Job instance at 0x7fec08a2ef00>,51,1,[3 8],52,96,97,44,96
1,<environment.Job instance at 0x7fec06250f00>,56,2,[ 5 12],57,113,115,56,113
1,<environment.Job instance at 0x7fec06250820>,57,23,[6 1],58,117,140,59,113
1,<environment.Job instance at 0x7fec0907eeb0>,60,1,[10  3],61,140,141,79,116
1,<environment.Job instance at 0x7fec0907e9b0>,63,3,[2 6],64,127,130,63,127
1,<environment.Job instance at 0x7fec06385af0>,64,2,[9 2],65,130,132,65,127
1,<environment.Job instance at 0x7fec0d91a410>,52,18,[9 2],53,141,159,88,131
1,<environment.Job instance at 0x7fec066d82d0>,70,25,[9 4],71,159,184,88,155
1,<environment.Job instance at 0x7febc2e03140>,74,28,[ 5 10],75,156,184,81,156
1,<environment.Job instance at 0x7fec066d86e0>,5,3,[3 8],6,7,10,1,7
1,<environment.Job instance at 0x7febc26b0d70>,8,1,[8 3],9,9,10,0,9
1,<environment.Job instance at 0x7febc26b0fa0>,11,2,[5 4],12,13,15,1,13
1,<environment.Job instance at 0x7febc26c5230>,13,3,[ 2 10],14,15,18,1,15
1,<environment.Job instance at 0x7febc26c5500>,16,2,[ 2 10],17,26,28,9,26
1,<environment.Job instance at 0x7febc26c5410>,19,3,[10  4],20,39,42,19,39
1,<environment.Job instance at 0x7febc26c5960>,21,3,[13  1],22,42,45,20,39
1,<environment.Job instance at 0x7febc26c5820>,22,3,[3 7],23,45,48,22,40
1,<environment.Job instance at 0x7febc26c5460>,15,15,[1 6],16,45,60,29,45
1,<environment.Job instance at 0x7febc26c5e60>,27,1,[ 5 10],28,60,61,32,51
1,<environment.Job instance at 0x7febc26c5eb0>,29,2,[1 9],30,51,53,21,51
1,<environment.Job instance at 0x7febc26c5cd0>,31,2,[10  4],32,57,59,25,57
1,<environment.Job instance at 0x7febc26bf2d0>,35,1,[ 3 12],36,69,70,33,69
1,<environment.Job instance at 0x7febc26bf370>,36,3,[10  3],37,69,72,32,69
1,<environment.Job instance at 0x7febc26bf4b0>,38,3,[ 5 12],39,73,76,34,73
1,<environment.Job instance at 0x7febc26bfa50>,40,2,[5 4],41,83,85,42,83
1,<environment.Job instance at 0x7febc26bfc30>,45,22,[5 2],46,99,121,53,99
1,<environment.Job instance at 0x7febc26bfeb0>,46,1,[11  1],47,121,122,74,99
1,<environment.Job instance at 0x7febc26bfe10>,47,2,[2 6],48,99,101,51,99
1,<environment.Job instance at 0x7febc26b6280>,49,3,[7 2],50,104,107,54,104
1,<environment.Job instance at 0x7febc26b6370>,51,28,[7 5],52,122,150,70,121
1,<environment.Job instance at 0x7febc26b6640>,53,2,[14  5],54,150,152,96,123
1,<environment.Job instance at 0x7febc26b6730>,54,26,[7 1],55,123,149,68,123
1,<environment.Job instance at 0x7febc26b6cd0>,63,3,[6 1],64,152,155,88,151
1,<environment.Job instance at 0x7febc26b6c30>,64,3,[1 6],65,151,154,86,151
1,<environment.Job instance at 0x7febc26be140>,66,1,[7 1],67,156,157,89,156
1,<environment.Job instance at 0x7febc26be5f0>,70,24,[10  5],71,176,200,105,176
1,<environment.Job instance at 0x7febc287b5a0>,1,3,[ 3 11],2,13,16,11,13
1,<environment.Job instance at 0x7fec06692f00>,14,26,[10  2],15,15,41,0,15
1,<environment.Job instance at 0x7febc2c51140>,13,3,[6 1],14,41,44,27,17
1,<environment.Job instance at 0x7fec0da69cd0>,19,2,[4 5],20,20,22,0,20
1,<environment.Job instance at 0x7fec06406cd0>,20,1,[7 1],21,41,42,20,21
1,<environment.Job instance at 0x7fec064062d0>,21,2,[2 6],22,22,24,0,22
1,<environment.Job instance at 0x7fec06406fa0>,22,20,[5 2],23,42,62,19,33
1,<environment.Job instance at 0x7fec08b90320>,26,1,[5 5],27,34,35,7,34
1,<environment.Job instance at 0x7fec06427640>,36,20,[4 9],37,42,62,5,38
1,<environment.Job instance at 0x7febc2c21820>,41,2,[ 2 13],42,62,64,20,62
1,<environment.Job instance at 0x7febc2c21910>,42,1,[5 5],43,64,65,21,62
1,<environment.Job instance at 0x7febc2c89d20>,43,21,[5 7],44,64,85,20,62
1,<environment.Job instance at 0x7fec063d6050>,46,2,[8 3],47,70,72,23,70
1,<environment.Job instance at 0x7fec063d64b0>,48,2,[12  1],49,85,87,36,71
1,<environment.Job instance at 0x7fec063d65a0>,49,27,[ 5 11],50,87,114,37,85
1,<environment.Job instance at 0x7fec063d6550>,52,19,[4 7],53,114,133,61,104
1,<environment.Job instance at 0x7fec063d6230>,53,25,[9 3],54,104,129,50,104
1,<environment.Job instance at 0x7fec063d6910>,60,26,[9 4],61,129,155,68,126
1,<environment.Job instance at 0x7fec08facf50>,67,1,[6 4],68,155,156,87,155
1,<environment.Job instance at 0x7fec08fac140>,68,24,[8 3],69,155,179,86,155
1,<environment.Job instance at 0x7febc2a260a0>,4,26,[7 4],5,5,31,0,5
1,<environment.Job instance at 0x7febc29b4aa0>,5,1,[12  3],6,31,32,25,6
1,<environment.Job instance at 0x7fec0637b0f0>,13,1,[10  5],14,32,33,18,14
1,<environment.Job instance at 0x7febc2afa460>,15,3,[5 6],16,16,19,0,16
1,<environment.Job instance at 0x7fec0d919550>,19,2,[6 3],20,20,22,0,20
1,<environment.Job instance at 0x7febc2ca1190>,23,1,[7 3],24,24,25,0,24
1,<environment.Job instance at 0x7fec063e0730>,24,3,[3 7],25,25,28,0,25
1,<environment.Job instance at 0x7fec08b71320>,26,1,[3 9],27,28,29,1,27
1,<environment.Job instance at 0x7fec06692410>,27,19,[4 7],28,32,51,4,28
1,<environment.Job instance at 0x7fec06692780>,31,3,[2 8],32,44,47,12,44
1,<environment.Job instance at 0x7fec06692910>,35,1,[5 7],36,57,58,21,57
1,<environment.Job instance at 0x7febc2972960>,40,2,[3 9],41,89,91,48,89
1,<environment.Job instance at 0x7febc29724b0>,42,22,[6 2],43,89,111,46,89
1,<environment.Job instance at 0x7febc2972af0>,44,23,[6 5],45,93,116,48,93
1,<environment.Job instance at 0x7fec06975320>,53,21,[7 4],54,123,144,69,123
1,<environment.Job instance at 0x7febc2a47cd0>,54,2,[ 4 10],55,125,127,70,125
1,<environment.Job instance at 0x7febc2a47910>,56,1,[3 5],57,144,145,87,144
1,<environment.Job instance at 0x7febc2a47960>,57,3,[5 5],58,145,148,87,145
1,<environment.Job instance at 0x7febc2b62a50>,58,1,[5 1],59,145,146,86,145
1,<environment.Job instance at 0x7febc2b629b0>,59,1,[9 1],60,146,147,86,145
1,<environment.Job instance at 0x7febc2b62fa0>,60,26,[5 7],61,147,173,86,145
1,<environment.Job instance at 0x7fec06295f50>,64,20,[5 9],65,173,193,108,164
1,<environment.Job instance at 0x7febc2b13280>,5,1,[ 3 14],6,6,7,0,6
1,<environment.Job instance at 0x7fec0698c910>,6,1,[1 9],7,10,11,3,10
1,<environment.Job instance at 0x7febc2b13c30>,4,1,[ 1 11],5,11,12,6,11
1,<environment.Job instance at 0x7fec0698ceb0>,12,28,[5 1],13,13,41,0,13
1,<environment.Job instance at 0x7fec06977050>,13,2,[1 9],14,14,16,0,14
1,<environment.Job instance at 0x7fec06977140>,14,17,[6 1],15,16,33,1,16
1,<environment.Job instance at 0x7fec06977280>,15,3,[8 5],16,33,36,17,16
1,<environment.Job instance at 0x7fec06977460>,17,1,[6 2],18,36,37,18,18
1,<environment.Job instance at 0x7fec06977640>,18,3,[1 7],19,19,22,0,19
1,<environment.Job instance at 0x7fec06977be0>,22,1,[6 3],23,37,38,14,27
1,<environment.Job instance at 0x7fec06977c80>,23,2,[4 5],24,27,29,3,27
1,<environment.Job instance at 0x7fec06977b40>,24,23,[2 9],25,29,52,4,27
1,<environment.Job instance at 0x7fec06977d70>,26,3,[14  4],27,52,55,25,35
1,<environment.Job instance at 0x7fec06954690>,34,2,[6 1],35,73,75,38,73
1,<environment.Job instance at 0x7fec06954a00>,35,3,[7 2],36,73,76,37,73
1,<environment.Job instance at 0x7fec06954820>,36,1,[10  5],37,76,77,39,73
1,<environment.Job instance at 0x7fec06954780>,37,3,[10  3],38,77,80,39,73
1,<environment.Job instance at 0x7fec06954a50>,38,26,[2 5],39,73,99,34,73
1,<environment.Job instance at 0x7fec06954af0>,39,28,[4 8],40,80,108,40,79
1,<environment.Job instance at 0x7fec06954910>,40,28,[1 5],41,99,127,58,98
1,<environment.Job instance at 0x7fec06954cd0>,41,1,[9 5],42,108,109,66,98
1,<environment.Job instance at 0x7fec06954eb0>,45,1,[4 6],46,109,110,63,98
1,<environment.Job instance at 0x7fec0696a190>,46,22,[7 4],47,109,131,62,102
1,<environment.Job instance at 0x7fec0696a0a0>,47,28,[ 1 10],48,127,155,79,126
1,<environment.Job instance at 0x7fec0696a370>,50,1,[ 5 10],51,155,156,104,127
1,<environment.Job instance at 0x7fec0696a410>,51,1,[9 3],52,131,132,79,127
1,<environment.Job instance at 0x7fec0696a4b0>,52,1,[1 7],53,156,157,103,128
1,<environment.Job instance at 0x7fec0696a550>,53,1,[5 4],54,132,133,78,128
1,<environment.Job instance at 0x7fec0696a690>,55,2,[8 2],56,134,136,78,134
1,<environment.Job instance at 0x7fec0696a730>,56,1,[10  4],57,136,137,79,134
1,<environment.Job instance at 0x7fec0696aa00>,57,3,[9 4],58,137,140,79,134
1,<environment.Job instance at 0x7fec0696a050>,59,1,[8 3],60,140,141,80,136
1,<environment.Job instance at 0x7fec0696ac30>,60,2,[ 4 10],61,157,159,96,136
1,<environment.Job instance at 0x7fec0696ab40>,61,1,[9 1],62,141,142,79,136
1,<environment.Job instance at 0x7fec0696acd0>,62,18,[7 2],63,142,160,79,141
1,<environment.Job instance at 0x7fec0696ad70>,63,3,[9 5],64,160,163,96,141
1,<environment.Job instance at 0x7fec0696af50>,66,1,[5 1],67,149,150,82,149
1,<environment.Job instance at 0x7febc2db6500>,8,1,[10  4],9,9,10,0,9
1,<environment.Job instance at 0x7febc2ba09b0>,14,28,[4 7],15,15,43,0,15
1,<environment.Job instance at 0x7febc2a38550>,16,2,[9 4],17,22,24,5,22
1,<environment.Job instance at 0x7febc2a383c0>,20,24,[9 4],21,38,62,17,38
1,<environment.Job instance at 0x7febc2a387d0>,22,2,[ 3 10],23,45,47,22,45
1,<environment.Job instance at 0x7febc2a38820>,23,2,[12  3],24,62,64,38,51
1,<environment.Job instance at 0x7fec068325f0>,32,1,[7 3],33,94,95,61,94
1,<environment.Job instance at 0x7fec06832c30>,39,3,[5 2],40,133,136,93,133
1,<environment.Job instance at 0x7fec068320a0>,40,1,[6 3],41,133,134,92,133
1,<environment.Job instance at 0x7fec06832d70>,41,2,[ 3 10],42,133,135,91,133
1,<environment.Job instance at 0x7fec06832410>,42,2,[6 4],43,135,137,92,133
1,<environment.Job instance at 0x7febc2ab75f0>,45,2,[9 3],46,145,147,99,145
1,<environment.Job instance at 0x7febc2ab7280>,47,22,[10  4],48,159,181,111,159
1,<environment.Job instance at 0x7febc2ab7f50>,48,21,[7 1],49,181,202,132,173
1,<environment.Job instance at 0x7febc2ab7500>,52,21,[5 3],53,173,194,120,173
1,<environment.Job instance at 0x7febc25fbf00>,0,1,[13  1],1,1,2,0,1
1,<environment.Job instance at 0x7febc25fbeb0>,3,19,[3 9],4,5,24,1,5
1,<environment.Job instance at 0x7febc2abcdc0>,11,20,[10  2],12,12,32,0,12
1,<environment.Job instance at 0x7febc2c56910>,19,1,[10  2],20,34,35,14,34
1,<environment.Job instance at 0x7febc2c56460>,22,1,[1 9],23,39,40,16,39
1,<environment.Job instance at 0x7fec08efd190>,26,2,[10  3],27,60,62,33,60
1,<environment.Job instance at 0x7fec08efd960>,27,20,[1 5],28,60,80,32,60
1,<environment.Job instance at 0x7fec08efdaf0>,28,27,[6 3],29,62,89,33,60
1,<environment.Job instance at 0x7fec08efdc30>,29,27,[3 5],30,60,87,30,60
1,<environment.Job instance at 0x7febc2c569b0>,18,3,[13  1],19,89,92,70,89
1,<environment.Job instance at 0x7fec08efdf50>,32,2,[12  2],33,92,94,59,90
1,<environment.Job instance at 0x7febc2a1b4b0>,35,1,[9 5],36,94,95,58,90
1,<environment.Job instance at 0x7fec0902f140>,40,23,[5 8],41,94,117,53,90
1,<environment.Job instance at 0x7fec0902f5a0>,43,1,[ 4 10],44,117,118,73,102
1,<environment.Job instance at 0x7fec0902f190>,45,1,[7 2],46,115,116,69,115
1,<environment.Job instance at 0x7febc2a51d20>,53,1,[6 1],54,156,157,102,156
1,<environment.Job instance at 0x7febc2a513c0>,54,3,[6 2],55,156,159,101,156
1,<environment.Job instance at 0x7febc2db6af0>,55,2,[1 9],56,156,158,100,156
1,<environment.Job instance at 0x7febc2db60f0>,57,2,[ 1 10],58,158,160,100,158
1,<environment.Job instance at 0x7febc2db6d20>,58,1,[7 4],59,159,160,100,158
1,<environment.Job instance at 0x7febc2db6140>,59,1,[2 5],60,160,161,100,158
1,<environment.Job instance at 0x7febc2db6190>,60,18,[6 1],61,160,178,99,160
1,<environment.Job instance at 0x7febc2db65f0>,61,3,[7 4],62,160,163,98,160
1,<environment.Job instance at 0x7fec065195f0>,63,3,[6 1],64,172,175,108,172
1,<environment.Job instance at 0x7febc2a6cb40>,4,1,[3 8],5,5,6,0,5
1,<environment.Job instance at 0x7fec06519f00>,1,1,[12  1],2,7,8,5,7
1,<environment.Job instance at 0x7fec08ab9500>,3,3,[ 3 12],4,13,16,9,13
1,<environment.Job instance at 0x7febc2704aa0>,13,23,[5 6],14,16,39,2,14
1,<environment.Job instance at 0x7febc2711140>,15,2,[3 8],16,16,18,0,16
1,<environment.Job instance at 0x7fec08b26190>,20,2,[13  2],21,39,41,18,27
1,<environment.Job instance at 0x7febc271a0f0>,21,2,[8 2],22,27,29,5,27
1,<environment.Job instance at 0x7febc271a410>,23,1,[14  1],24,41,42,17,36
1,<environment.Job instance at 0x7febc271a4b0>,24,1,[9 2],25,36,37,11,36
1,<environment.Job instance at 0x7febc271a5f0>,25,2,[5 1],26,37,39,11,36
1,<environment.Job instance at 0x7fec069be370>,26,3,[6 3],27,42,45,15,36
1,<environment.Job instance at 0x7fec08b52eb0>,30,1,[4 8],31,54,55,23,54
1,<environment.Job instance at 0x7fec08b52e60>,32,1,[2 5],33,58,59,25,58
1,<environment.Job instance at 0x7fec08ed1050>,33,1,[5 6],34,58,59,24,58
1,<environment.Job instance at 0x7febc2aeb9b0>,34,3,[6 1],35,58,61,23,58
1,<environment.Job instance at 0x7febc297e0f0>,37,18,[10  3],38,80,98,42,80
1,<environment.Job instance at 0x7febc297ed70>,38,2,[ 4 11],39,80,82,41,80
1,<environment.Job instance at 0x7febc297ea00>,42,2,[ 1 14],43,100,102,57,100
1,<environment.Job instance at 0x7fec0da69410>,43,1,[5 6],44,102,103,58,100
1,<environment.Job instance at 0x7febc2680d70>,44,24,[4 8],45,102,126,57,100
1,<environment.Job instance at 0x7febc28ffdc0>,46,23,[9 2],47,103,126,56,100
1,<environment.Job instance at 0x7febc28ff140>,49,27,[ 5 10],50,126,153,76,124
1,<environment.Job instance at 0x7febc28ffc80>,50,28,[8 5],51,126,154,75,125
1,<environment.Job instance at 0x7febc2d15640>,57,2,[2 5],58,164,166,106,164
1,<environment.Job instance at 0x7febc2905d70>,59,2,[3 7],60,164,166,104,164
1,<environment.Job instance at 0x7fec0d7eb820>,1,19,[10  5],2,2,21,0,2
1,<environment.Job instance at 0x7febc287d870>,14,1,[3 7],15,15,16,0,15
1,<environment.Job instance at 0x7fec062cdc80>,15,2,[ 5 10],16,17,19,1,17
1,<environment.Job instance at 0x7fec09201500>,17,2,[2 8],18,19,21,1,18
1,<environment.Job instance at 0x7febc287d7d0>,11,18,[4 5],12,26,44,14,26
1,<environment.Job instance at 0x7febc26d6870>,21,3,[8 1],22,26,29,4,26
1,<environment.Job instance at 0x7febc26d65f0>,23,1,[10  2],24,39,40,15,39
1,<environment.Job instance at 0x7fec064151e0>,24,24,[5 9],25,40,64,15,39
1,<environment.Job instance at 0x7fec08ac62d0>,26,28,[9 5],27,46,74,19,46
1,<environment.Job instance at 0x7fec08c9ea50>,34,2,[6 2],35,84,86,49,84
1,<environment.Job instance at 0x7fec08c9e280>,36,3,[9 4],37,84,87,47,84
1,<environment.Job instance at 0x7fec08c9e640>,37,1,[8 4],38,87,88,49,84
1,<environment.Job instance at 0x7fec08c9e820>,38,2,[4 8],39,86,88,47,84
1,<environment.Job instance at 0x7febc2c198c0>,42,1,[2 9],43,96,97,53,96
1,<environment.Job instance at 0x7febc2c19c30>,45,1,[8 2],46,110,111,64,110
1,<environment.Job instance at 0x7febc2c19640>,46,1,[2 8],47,110,111,63,110
1,<environment.Job instance at 0x7fec067ad410>,50,3,[1 9],51,125,128,74,125
1,<environment.Job instance at 0x7fec067adbe0>,52,19,[1 5],53,128,147,75,128
1,<environment.Job instance at 0x7fec067ad2d0>,53,2,[1 7],54,128,130,74,128
1,<environment.Job instance at 0x7fec08bffe10>,57,12,[1 7],58,148,160,90,148
1,<environment.Job instance at 0x7fec068a31e0>,60,12,[3 6],61,163,175,102,163
1,<environment.Job instance at 0x7fec068a3320>,63,23,[5 6],64,169,192,105,169
1,<environment.Job instance at 0x7fec06255640>,66,2,[10  5],67,175,177,108,174
1,<environment.Job instance at 0x7fec0903f410>,0,2,[1 7],1,1,3,0,1
1,<environment.Job instance at 0x7fec063ebfa0>,1,21,[2 7],2,2,23,0,2
1,<environment.Job instance at 0x7febc2d1f910>,10,1,[5 9],11,23,24,12,11
1,<environment.Job instance at 0x7febc2585460>,13,1,[ 3 10],14,24,25,10,22
1,<environment.Job instance at 0x7febc2585af0>,15,25,[8 3],16,23,48,7,23
1,<environment.Job instance at 0x7febc25854b0>,19,1,[7 1],20,38,39,18,38
1,<environment.Job instance at 0x7febc2585820>,21,2,[9 4],22,48,50,26,38
1,<environment.Job instance at 0x7febc2539b40>,23,1,[4 8],24,39,40,15,38
1,<environment.Job instance at 0x7febc2539820>,26,19,[4 6],27,40,59,13,39
1,<environment.Job instance at 0x7febc25397d0>,28,1,[3 8],29,55,56,26,55
1,<environment.Job instance at 0x7febc25395a0>,29,21,[ 5 10],30,59,80,29,55
1,<environment.Job instance at 0x7febc2539550>,30,3,[9 5],31,56,59,25,55
1,<environment.Job instance at 0x7febc2539730>,33,21,[5 5],34,59,80,25,57
1,<environment.Job instance at 0x7fec06402910>,42,3,[5 5],43,96,99,53,96
1,<environment.Job instance at 0x7fec06402c30>,43,27,[4 6],44,96,123,52,96
1,<environment.Job instance at 0x7fec06a085f0>,47,2,[3 5],48,108,110,60,108
1,<environment.Job instance at 0x7fec06a08eb0>,51,1,[10  3],52,124,125,72,124
1,<environment.Job instance at 0x7fec06a08820>,52,1,[10  1],53,125,126,72,125
1,<environment.Job instance at 0x7fec06a08280>,54,1,[ 2 11],55,141,142,86,141
1,<environment.Job instance at 0x7fec06a08f50>,57,28,[8 2],58,153,181,95,153
1,<environment.Job instance at 0x7fec06a084b0>,58,22,[5 8],59,153,175,94,153
1,<environment.Job instance at 0x7fec08b249b0>,61,28,[ 3 10],62,175,203,113,174
1,<environment.Job instance at 0x7fec0652ffa0>,2,2,[9 1],3,3,5,0,3
1,<environment.Job instance at 0x7fec08b24140>,3,19,[5 5],4,5,24,1,5
1,<environment.Job instance at 0x7fec0697b8c0>,13,20,[1 7],14,14,34,0,14
1,<environment.Job instance at 0x7fec0697b280>,16,28,[2 6],17,26,54,9,26
1,<environment.Job instance at 0x7fec0697bfa0>,15,3,[ 4 13],16,54,57,38,28
1,<environment.Job instance at 0x7fec06962690>,18,3,[8 3],19,34,37,15,28
1,<environment.Job instance at 0x7fec06962960>,19,26,[10  1],20,37,63,17,34
1,<environment.Job instance at 0x7febc2c170f0>,31,2,[10  4],32,71,73,39,71
1,<environment.Job instance at 0x7febc2c17aa0>,36,2,[ 1 10],37,85,87,48,85
1,<environment.Job instance at 0x7fec065a93c0>,37,2,[2 8],38,87,89,49,85
1,<environment.Job instance at 0x7fec065a9870>,38,26,[5 7],39,87,113,48,85
1,<environment.Job instance at 0x7fec065b9550>,39,28,[ 4 10],40,113,141,73,112
1,<environment.Job instance at 0x7fec065ab550>,42,2,[ 4 11],43,141,143,98,134
1,<environment.Job instance at 0x7febc2e23820>,45,23,[ 3 10],46,143,166,97,137
1,<environment.Job instance at 0x7fec065ae230>,48,1,[ 1 10],49,166,167,117,138
1,<environment.Job instance at 0x7fec065ae0f0>,49,2,[1 5],50,138,140,88,138
1,<environment.Job instance at 0x7febc28452d0>,53,1,[7 2],54,162,163,108,162
1,<environment.Job instance at 0x7fec065bda00>,55,3,[3 9],56,167,170,111,162
1,<environment.Job instance at 0x7fec065bd140>,56,1,[8 2],57,163,164,106,162
1,<environment.Job instance at 0x7fec065bdbe0>,57,18,[10  1],58,167,185,109,167
1,<environment.Job instance at 0x7fec065bdd20>,60,23,[7 1],61,185,208,124,179
1,<environment.Job instance at 0x7fec065bd5a0>,61,17,[1 7],62,179,196,117,179
1,<environment.Job instance at 0x7febc2ba1cd0>,7,25,[4 6],8,8,33,0,8
1,<environment.Job instance at 0x7febc2be00f0>,10,1,[5 1],11,11,12,0,11
1,<environment.Job instance at 0x7fec08dd1320>,11,23,[10  1],12,12,35,0,12
1,<environment.Job instance at 0x7fec063d2c30>,13,26,[10  2],14,35,61,21,32
1,<environment.Job instance at 0x7fec067c3eb0>,21,24,[4 8],22,48,72,26,48
1,<environment.Job instance at 0x7febc2cf8910>,14,3,[ 3 12],15,72,75,57,53
1,<environment.Job instance at 0x7febc2dbba50>,23,2,[12  5],24,75,77,51,57
1,<environment.Job instance at 0x7fec067e2f50>,24,1,[7 5],25,61,62,36,57
1,<environment.Job instance at 0x7fec06263780>,32,22,[10  1],33,77,99,44,70
1,<environment.Job instance at 0x7fec06263d20>,34,23,[ 5 10],35,77,100,42,71
1,<environment.Job instance at 0x7fec062e0550>,39,23,[1 5],40,99,122,59,93
1,<environment.Job instance at 0x7fec062e05f0>,42,1,[8 3],43,103,104,60,103
1,<environment.Job instance at 0x7fec062e0b90>,43,25,[10  1],44,104,129,60,103
1,<environment.Job instance at 0x7fec062e0b40>,45,28,[1 7],46,118,146,72,118
1,<environment.Job instance at 0x7fec063124b0>,49,3,[5 8],50,151,154,101,151
1,<environment.Job instance at 0x7febc275cb40>,52,2,[ 5 10],53,166,168,113,166
1,<environment.Job instance at 0x7fec08acd960>,12,3,[2 8],13,16,19,3,16
1,<environment.Job instance at 0x7febc2500f50>,15,1,[5 5],16,16,17,0,16
1,<environment.Job instance at 0x7febc2500e60>,17,25,[1 7],18,18,43,0,18
1,<environment.Job instance at 0x7febc2500460>,18,19,[5 8],19,19,38,0,19
1,<environment.Job instance at 0x7fec06a02c80>,21,2,[ 5 11],22,43,45,21,23
1,<environment.Job instance at 0x7fec06a025f0>,26,1,[ 4 10],27,45,46,18,36
1,<environment.Job instance at 0x7fec06a022d0>,25,3,[ 3 11],26,46,49,20,44
1,<environment.Job instance at 0x7fec06a02050>,28,3,[5 3],29,46,49,17,46
1,<environment.Job instance at 0x7fec06a02f00>,29,2,[5 9],30,49,51,19,46
1,<environment.Job instance at 0x7fec06a02af0>,32,20,[ 1 10],33,52,72,19,52
1,<environment.Job instance at 0x7febc2956780>,36,19,[4 8],37,72,91,35,62
1,<environment.Job instance at 0x7febc2956690>,37,2,[14  5],38,93,95,55,93
1,<environment.Job instance at 0x7febc2956c80>,43,3,[ 2 10],44,98,101,54,98
1,<environment.Job instance at 0x7febc2956050>,44,2,[8 5],45,98,100,53,98
1,<environment.Job instance at 0x7febc2956f50>,45,1,[ 5 13],46,101,102,55,98
1,<environment.Job instance at 0x7febc2956230>,46,27,[6 1],47,100,127,53,98
1,<environment.Job instance at 0x7fec0679ae60>,51,3,[5 4],52,114,117,62,114
1,<environment.Job instance at 0x7fec0679a050>,52,1,[5 3],53,117,118,64,114
1,<environment.Job instance at 0x7fec0679a730>,54,23,[5 9],55,121,144,66,121
1,<environment.Job instance at 0x7fec0679a550>,57,23,[6 2],58,127,150,69,126
1,<environment.Job instance at 0x7fec0679ae10>,59,1,[7 3],60,144,145,84,137
1,<environment.Job instance at 0x7fec0679a230>,60,26,[6 1],61,145,171,84,142
1,<environment.Job instance at 0x7febc26c17d0>,67,2,[10  5],68,171,173,103,168
1,<environment.Job instance at 0x7febc26c1b40>,68,2,[7 5],69,168,170,99,168
1,<environment.Job instance at 0x7fec08c318c0>,6,24,[1 8],7,7,31,0,7
1,<environment.Job instance at 0x7fec08f66aa0>,18,1,[5 3],19,38,39,19,38
1,<environment.Job instance at 0x7fec08f66b40>,19,27,[10  2],20,38,65,18,38
1,<environment.Job instance at 0x7fec08f66b90>,21,23,[11  3],22,65,88,43,59
1,<environment.Job instance at 0x7febc2d8a730>,27,1,[4 8],28,68,69,40,68
1,<environment.Job instance at 0x7fec08f66730>,24,18,[10  1],25,88,106,63,84
1,<environment.Job instance at 0x7febc2d8afa0>,31,2,[5 2],32,88,90,56,84
1,<environment.Job instance at 0x7febc2d8aa00>,34,3,[9 3],35,106,109,71,99
1,<environment.Job instance at 0x7fec08ef8eb0>,45,22,[11  3],46,155,177,109,155
1,<environment.Job instance at 0x7fec08ef8af0>,46,1,[ 5 12],47,177,178,130,165
1,<environment.Job instance at 0x7fec08ef85f0>,48,28,[11  3],49,178,206,129,177
1,<environment.Job instance at 0x7fec08ef8a50>,49,1,[5 4],50,206,207,156,178
1,<environment.Job instance at 0x7fec08ef8190>,50,1,[7 1],51,206,207,155,178
1,<environment.Job instance at 0x7fc2906782d0>,1,22,[11  3],2,2,24,0,2
1,<environment.Job instance at 0x7fc2906bcd70>,2,22,[4 8],3,3,25,0,3
1,<environment.Job instance at 0x7fc289268410>,6,20,[6 1],7,24,44,17,16
1,<environment.Job instance at 0x7fc2892685f0>,7,1,[5 4],8,24,25,16,16
1,<environment.Job instance at 0x7fc289268780>,12,26,[ 1 10],13,25,51,12,22
1,<environment.Job instance at 0x7fc28926c370>,23,27,[1 6],24,51,78,27,49
1,<environment.Job instance at 0x7fc28926c9b0>,26,3,[3 7],27,51,54,24,49
1,<environment.Job instance at 0x7fc28926ca50>,28,23,[10  4],29,54,77,25,54
1,<environment.Job instance at 0x7fc28926ce60>,34,24,[1 8],35,77,101,42,72
1,<environment.Job instance at 0x7fc28926d140>,38,2,[ 1 10],39,101,103,62,83
1,<environment.Job instance at 0x7fc28926d1e0>,39,2,[5 6],40,83,85,43,83
1,<environment.Job instance at 0x7fc28926d320>,41,1,[5 2],42,95,96,53,95
1,<environment.Job instance at 0x7fc28926d3c0>,42,2,[4 6],43,96,98,53,96
1,<environment.Job instance at 0x7fc28926d500>,44,3,[5 5],45,101,104,56,101
1,<environment.Job instance at 0x7fc28926d6e0>,47,2,[6 5],48,119,121,71,119
1,<environment.Job instance at 0x7fc28926dbe0>,51,3,[1 5],52,139,142,87,139
1,<environment.Job instance at 0x7fc28926dc30>,52,1,[8 5],53,139,140,86,139
1,<environment.Job instance at 0x7fc2456399b0>,7,1,[9 1],8,8,9,0,8
1,<environment.Job instance at 0x7fc2456594b0>,9,2,[9 4],10,10,12,0,10
1,<environment.Job instance at 0x7fc245662370>,14,3,[9 2],15,19,22,4,19
1,<environment.Job instance at 0x7fc2456620f0>,16,3,[2 8],17,25,28,8,25
1,<environment.Job instance at 0x7fc245662050>,17,1,[2 8],18,28,29,10,25
1,<environment.Job instance at 0x7fc245662fa0>,18,2,[13  1],19,25,27,6,25
1,<environment.Job instance at 0x7fc2456635f0>,19,2,[10  4],20,27,29,7,25
1,<environment.Job instance at 0x7fc245663280>,21,3,[13  5],22,29,32,7,25
1,<environment.Job instance at 0x7fc245663410>,22,2,[ 1 12],23,32,34,9,25
1,<environment.Job instance at 0x7fc245667370>,25,2,[5 5],26,34,36,8,34
1,<environment.Job instance at 0x7fc245666f50>,27,3,[1 5],28,41,44,13,41
1,<environment.Job instance at 0x7fc2456664b0>,28,1,[10  5],29,41,42,12,41
1,<environment.Job instance at 0x7fc2456669b0>,29,1,[ 2 10],30,42,43,12,41
1,<environment.Job instance at 0x7fc2456660f0>,32,1,[ 4 13],33,53,54,20,53
1,<environment.Job instance at 0x7fc245666cd0>,35,1,[3 8],36,68,69,32,68
1,<environment.Job instance at 0x7fc24565b6e0>,41,1,[8 3],42,98,99,56,98
1,<environment.Job instance at 0x7fc24565b320>,42,20,[1 7],43,98,118,55,98
1,<environment.Job instance at 0x7fc245675e60>,43,1,[ 4 10],44,118,119,74,98
1,<environment.Job instance at 0x7fc2456750f0>,46,19,[2 7],47,119,138,72,109
1,<environment.Job instance at 0x7fc24567af50>,50,24,[ 1 10],51,138,162,87,133
1,<environment.Job instance at 0x7fc2457a8910>,53,24,[7 4],54,133,157,79,133
1,<environment.Job instance at 0x7fc24578f410>,55,3,[12  3],56,157,160,101,157
1,<environment.Job instance at 0x7fc245751be0>,61,27,[4 7],62,162,189,100,160
1,<environment.Job instance at 0x7fc245751af0>,62,26,[8 4],63,160,186,97,160
1,<environment.Job instance at 0x7fc24579b640>,69,1,[5 4],70,186,187,116,186
1,<environment.Job instance at 0x7fc2457dd5a0>,70,25,[ 3 10],71,189,214,118,186
1,<environment.Job instance at 0x7fc2457dd500>,71,1,[ 2 10],72,214,215,142,186
1,<environment.Job instance at 0x7fc2457360a0>,72,1,[3 9],73,215,216,142,187
1,<environment.Job instance at 0x7fc2907e6140>,12,1,[7 4],13,13,14,0,13
1,<environment.Job instance at 0x7fc2454c1820>,15,2,[ 4 11],16,19,21,3,19
1,<environment.Job instance at 0x7fc2592de460>,18,1,[2 6],19,33,34,14,33
1,<environment.Job instance at 0x7fc2906a15a0>,22,19,[8 2],23,33,52,10,33
1,<environment.Job instance at 0x7fc2906a1a00>,23,2,[ 2 14],24,52,54,28,33
1,<environment.Job instance at 0x7fc245516370>,25,3,[2 5],26,46,49,20,46
1,<environment.Job instance at 0x7fc28b81fb40>,26,2,[11  3],27,54,56,27,46
1,<environment.Job instance at 0x7fc245521460>,27,2,[12  2],28,56,58,28,46
1,<environment.Job instance at 0x7fc28971d640>,31,3,[7 3],32,65,68,33,65
1,<environment.Job instance at 0x7fc289798a50>,32,2,[12  5],33,68,70,35,65
1,<environment.Job instance at 0x7fc24550c550>,33,1,[1 7],34,65,66,31,65
1,<environment.Job instance at 0x7fc24550c640>,34,1,[14  4],35,70,71,35,65
1,<environment.Job instance at 0x7fc24550ce60>,37,2,[6 4],38,75,77,37,75
1,<environment.Job instance at 0x7fc28901dbe0>,30,18,[3 5],31,82,100,51,82
1,<environment.Job instance at 0x7fc24550e230>,44,2,[2 5],45,113,115,68,113
1,<environment.Job instance at 0x7fc24550e280>,46,1,[3 8],47,113,114,66,113
1,<environment.Job instance at 0x7fc2456668c0>,48,1,[2 8],49,116,117,67,116
1,<environment.Job instance at 0x7fc245666fa0>,49,1,[ 3 10],50,117,118,67,116
1,<environment.Job instance at 0x7fc24559d820>,52,1,[ 5 10],53,131,132,78,131
1,<environment.Job instance at 0x7fc24559daf0>,53,1,[ 5 12],54,132,133,78,131
1,<environment.Job instance at 0x7fc24559d780>,54,21,[7 2],55,131,152,76,131
1,<environment.Job instance at 0x7fc24559d910>,57,2,[10  4],58,152,154,94,134
1,<environment.Job instance at 0x7fc245550730>,64,3,[14  4],65,175,178,110,175
1,<environment.Job instance at 0x7fc2894711e0>,66,2,[13  4],67,178,180,111,176
1,<environment.Job instance at 0x7fc28970c320>,69,27,[1 5],70,189,216,119,189
1,<environment.Job instance at 0x7fc28970c780>,70,1,[5 1],71,189,190,118,189
1,<environment.Job instance at 0x7fc2892d6730>,8,21,[5 8],9,9,30,0,9
1,<environment.Job instance at 0x7fc2892d6aa0>,11,28,[2 8],12,30,58,18,29
1,<environment.Job instance at 0x7fc2892d6190>,13,27,[9 3],14,29,56,15,29
1,<environment.Job instance at 0x7fc2892d6410>,16,28,[1 7],17,56,84,39,55
1,<environment.Job instance at 0x7fc2892d66e0>,18,1,[5 7],19,58,59,39,55
1,<environment.Job instance at 0x7fc2892518c0>,20,3,[4 8],21,59,62,38,55
1,<environment.Job instance at 0x7fc289251eb0>,23,2,[ 4 10],24,84,86,60,59
1,<environment.Job instance at 0x7fc289251be0>,24,3,[11  1],25,62,65,37,59
1,<environment.Job instance at 0x7fc289251d70>,25,1,[8 2],26,65,66,39,59
1,<environment.Job instance at 0x7fc2892515a0>,26,28,[9 2],27,66,94,39,65
1,<environment.Job instance at 0x7fc289251fa0>,33,1,[6 2],34,65,66,31,65
1,<environment.Job instance at 0x7fc2892d6910>,19,2,[ 4 11],20,86,88,66,86
1,<environment.Job instance at 0x7fc28924d4b0>,41,1,[10  4],42,94,95,52,86
1,<environment.Job instance at 0x7fc28924d460>,43,3,[6 2],44,89,92,45,89
1,<environment.Job instance at 0x7fc28924d0f0>,37,3,[ 1 12],38,95,98,57,92
1,<environment.Job instance at 0x7fc28924d0a0>,46,23,[7 4],47,98,121,51,92
1,<environment.Job instance at 0x7fc2892ccbe0>,53,20,[5 4],54,115,135,61,115
1,<environment.Job instance at 0x7fc2892cc0a0>,59,1,[ 2 10],60,121,122,61,121
1,<environment.Job instance at 0x7fc245b3feb0>,63,1,[7 2],64,135,136,71,135
1,<environment.Job instance at 0x7fc245b3fa50>,65,20,[4 7],66,136,156,70,136
1,<environment.Job instance at 0x7fc2896791e0>,66,21,[6 5],67,136,157,69,136
1,<environment.Job instance at 0x7fc289679a50>,71,27,[5 1],72,161,188,89,161
1,<environment.Job instance at 0x7fc289679960>,72,21,[1 6],73,161,182,88,161
1,<environment.Job instance at 0x7fc289679f00>,76,25,[8 3],77,178,203,101,178
1,<environment.Job instance at 0x7fc28960c190>,4,2,[ 1 12],5,12,14,7,12
1,<environment.Job instance at 0x7fc28bd51dc0>,10,25,[2 8],11,14,39,3,12
1,<environment.Job instance at 0x7fc2896a9410>,15,1,[10  1],16,31,32,15,31
1,<environment.Job instance at 0x7fc28bd355f0>,14,3,[ 3 14],15,39,42,24,37
1,<environment.Job instance at 0x7fc2896a9910>,19,2,[13  5],20,37,39,17,37
1,<environment.Job instance at 0x7fc2896a94b0>,20,1,[4 8],21,42,43,21,37
1,<environment.Job instance at 0x7fc28bd4ec30>,27,3,[8 5],28,71,74,43,71
1,<environment.Job instance at 0x7fc28969fb90>,28,1,[ 3 12],29,74,75,45,71
1,<environment.Job instance at 0x7fc2896a7be0>,30,2,[5 6],31,82,84,51,82
1,<environment.Job instance at 0x7fc2455faf00>,32,18,[5 1],33,82,100,49,82
1,<environment.Job instance at 0x7fc28969e3c0>,34,20,[9 5],35,97,117,62,97
1,<environment.Job instance at 0x7fc28bbe20f0>,38,2,[8 5],39,117,119,78,117
1,<environment.Job instance at 0x7fc24594d5a0>,40,2,[2 7],41,126,128,85,126
1,<environment.Job instance at 0x7fc24594d410>,41,1,[10  4],42,126,127,84,126
1,<environment.Job instance at 0x7fc24562e230>,42,3,[3 8],43,127,130,84,126
1,<environment.Job instance at 0x7fc245b21460>,46,1,[5 7],47,152,153,105,152
1,<environment.Job instance at 0x7fc289068c80>,49,1,[5 6],50,157,158,107,157
1,<environment.Job instance at 0x7fc2455a2730>,8,19,[7 1],9,9,28,0,9
1,<environment.Job instance at 0x7fc2890aef00>,16,1,[2 5],17,17,18,0,17
1,<environment.Job instance at 0x7fc2890ae500>,20,27,[7 4],21,21,48,0,21
1,<environment.Job instance at 0x7fc2907e3460>,25,2,[ 1 12],26,48,50,22,30
1,<environment.Job instance at 0x7fc2455354b0>,30,25,[ 1 14],31,50,75,19,46
1,<environment.Job instance at 0x7fc2455352d0>,33,1,[ 4 13],34,75,76,41,70
1,<environment.Job instance at 0x7fc245535cd0>,34,19,[9 1],35,70,89,35,70
1,<environment.Job instance at 0x7fc245535960>,35,3,[ 4 11],36,76,79,40,75
1,<environment.Job instance at 0x7fc289776960>,36,2,[8 3],37,89,91,52,75
1,<environment.Job instance at 0x7fc289776be0>,40,1,[2 6],41,79,80,38,77
1,<environment.Job instance at 0x7fc24574d2d0>,45,1,[5 2],46,108,109,62,108
1,<environment.Job instance at 0x7fc24574d0a0>,46,3,[8 3],47,108,111,61,108
1,<environment.Job instance at 0x7fc24574dcd0>,48,3,[11  1],49,111,114,62,110
1,<environment.Job instance at 0x7fc24574db40>,53,2,[2 7],54,116,118,62,116
1,<environment.Job instance at 0x7fc24574d8c0>,54,1,[9 2],55,116,117,61,116
1,<environment.Job instance at 0x7fc24574dd70>,55,3,[9 1],56,117,120,61,117
1,<environment.Job instance at 0x7fc24574d7d0>,57,22,[6 1],58,126,148,68,126
1,<environment.Job instance at 0x7fc24574de10>,62,2,[8 2],63,149,151,86,149
1,<environment.Job instance at 0x7fc2894d7af0>,63,2,[8 1],64,151,153,87,149
1,<environment.Job instance at 0x7fc2894d72d0>,64,1,[ 3 10],65,149,150,84,149
1,<environment.Job instance at 0x7fc2894d78c0>,69,2,[3 7],70,175,177,105,175
1,<environment.Job instance at 0x7fc2894d76e0>,72,19,[8 3],73,189,208,116,189
1,<environment.Job instance at 0x7fc245b3e960>,0,1,[10  3],1,1,2,0,1
1,<environment.Job instance at 0x7fc2459b2550>,10,25,[9 4],11,11,36,0,11
1,<environment.Job instance at 0x7fc2459b22d0>,14,28,[ 5 10],15,15,43,0,15
1,<environment.Job instance at 0x7fc2459aad20>,17,27,[2 9],18,43,70,25,41
1,<environment.Job instance at 0x7fc28b96ab40>,18,26,[4 9],19,70,96,51,67
1,<environment.Job instance at 0x7fc2459aa4b0>,19,1,[10  5],20,67,68,47,67
1,<environment.Job instance at 0x7fc24592e550>,22,2,[ 2 10],23,96,98,73,69
1,<environment.Job instance at 0x7fc289218c30>,23,3,[1 6],24,69,72,45,69
1,<environment.Job instance at 0x7fc28968e7d0>,31,2,[6 2],32,77,79,45,77
1,<environment.Job instance at 0x7fc28968ef00>,32,22,[5 4],33,77,99,44,77
1,<environment.Job instance at 0x7fc28926dc30>,28,19,[2 7],29,98,117,69,88
1,<environment.Job instance at 0x7fc289253b90>,44,2,[9 5],45,126,128,81,126
1,<environment.Job instance at 0x7fc2459b2280>,6,18,[ 2 10],7,126,144,119,126
1,<environment.Job instance at 0x7fc289253c80>,47,26,[10  5],48,128,154,80,126
1,<environment.Job instance at 0x7fc289253960>,50,18,[4 5],51,153,171,102,153
1,<environment.Job instance at 0x7fc289515b90>,54,19,[2 5],55,154,173,99,153
1,<environment.Job instance at 0x7fc245923be0>,63,23,[1 7],64,171,194,107,165
1,<environment.Job instance at 0x7fc289698a00>,64,22,[1 8],65,173,195,108,166
1,<environment.Job instance at 0x7fc28bd87640>,0,24,[10  5],1,1,25,0,1
1,<environment.Job instance at 0x7fc289395140>,8,27,[5 1],9,27,54,18,27
1,<environment.Job instance at 0x7fc289395280>,10,1,[2 7],11,28,29,17,28
1,<environment.Job instance at 0x7fc289395320>,11,2,[ 1 10],12,29,31,17,28
1,<environment.Job instance at 0x7fc289395500>,14,2,[10  3],15,36,38,21,36
1,<environment.Job instance at 0x7fc2893955a0>,15,1,[5 2],16,38,39,22,36
1,<environment.Job instance at 0x7fc2893958c0>,18,27,[1 7],19,38,65,19,38
1,<environment.Job instance at 0x7fc245a41d20>,1,3,[ 4 12],2,65,68,63,40
1,<environment.Job instance at 0x7fc289395af0>,21,3,[7 4],22,41,44,19,41
1,<environment.Job instance at 0x7fc289395aa0>,22,3,[1 5],23,44,47,21,41
1,<environment.Job instance at 0x7fc289395a00>,23,2,[5 6],24,47,49,23,42
1,<environment.Job instance at 0x7fc289395be0>,24,1,[2 5],25,49,50,24,42
1,<environment.Job instance at 0x7fc289395d20>,26,1,[14  4],27,58,59,31,58
1,<environment.Job instance at 0x7fc289395e60>,28,1,[1 5],29,59,60,30,58
1,<environment.Job instance at 0x7fc2893720f0>,32,2,[3 7],33,83,85,50,83
1,<environment.Job instance at 0x7fc2893723c0>,33,2,[ 3 10],34,85,87,51,83
1,<environment.Job instance at 0x7fc289372500>,35,14,[6 1],36,90,104,54,90
1,<environment.Job instance at 0x7fc2893727d0>,38,15,[1 8],39,103,118,64,103
1,<environment.Job instance at 0x7fc289372b90>,39,2,[ 3 10],40,118,120,78,103
1,<environment.Job instance at 0x7fc289372fa0>,41,2,[6 2],42,114,116,72,114
1,<environment.Job instance at 0x7fc28936a190>,43,1,[5 5],44,116,117,72,116
1,<environment.Job instance at 0x7fc28936a550>,48,3,[6 2],49,151,154,102,151
1,<environment.Job instance at 0x7fc28936a500>,49,1,[6 1],50,151,152,101,151
1,<environment.Job instance at 0x7fc28936a5a0>,50,17,[8 2],51,158,175,107,158
1,<environment.Job instance at 0x7fc28936a780>,53,3,[ 2 10],54,165,168,111,165
1,<environment.Job instance at 0x7fc28936a460>,56,3,[1 8],57,174,177,117,174
1,<environment.Job instance at 0x7fc28936aa00>,57,1,[3 5],58,174,175,116,174
1,<environment.Job instance at 0x7fc28936aeb0>,58,25,[5 5],59,175,200,116,174
1,<environment.Job instance at 0x7fc28936ae60>,59,2,[5 1],60,175,177,115,174
1,<environment.Job instance at 0x7fc28bb13960>,0,22,[1 9],1,1,23,0,1
1,<environment.Job instance at 0x7fc245ac5e10>,8,2,[ 4 12],9,23,25,14,14
1,<environment.Job instance at 0x7fc245b74b40>,13,26,[2 9],14,25,51,11,22
1,<environment.Job instance at 0x7fc2456c5410>,25,3,[5 5],26,51,54,25,51
1,<environment.Job instance at 0x7fc2893fa8c0>,26,1,[5 3],27,51,52,24,51
1,<environment.Job instance at 0x7fc24557d0f0>,28,3,[10  4],29,63,66,34,63
1,<environment.Job instance at 0x7fc2891cb550>,30,1,[1 7],31,65,66,34,65
1,<environment.Job instance at 0x7fc245ab69b0>,32,2,[1 9],33,66,68,33,65
1,<environment.Job instance at 0x7fc245ab6640>,33,2,[6 3],34,66,68,32,65
1,<environment.Job instance at 0x7fc28ba5ff00>,36,1,[6 3],37,77,78,40,77
1,<environment.Job instance at 0x7fc28ba5ff50>,37,1,[5 4],38,77,78,39,77
1,<environment.Job instance at 0x7fc28919d870>,39,1,[3 5],40,80,81,40,80
1,<environment.Job instance at 0x7fc2891b1eb0>,40,1,[4 9],41,80,81,39,80
1,<environment.Job instance at 0x7fc289594d70>,44,2,[7 3],45,97,99,52,97
1,<environment.Job instance at 0x7fc2891b5d70>,48,2,[1 6],49,121,123,72,121
1,<environment.Job instance at 0x7fc2891b5be0>,49,23,[5 5],50,121,144,71,121
1,<environment.Job instance at 0x7fc28944e780>,55,24,[7 5],56,141,165,85,141
1,<environment.Job instance at 0x7fc28944ee10>,57,3,[ 2 13],58,165,168,107,141
1,<environment.Job instance at 0x7fc28944ea50>,58,2,[5 5],59,144,146,85,141
1,<environment.Job instance at 0x7fc2891a7b90>,59,3,[5 2],60,146,149,86,141
1,<environment.Job instance at 0x7fc24560d230>,61,2,[4 8],62,152,154,90,152
1,<environment.Job instance at 0x7fc2891a7eb0>,63,3,[5 6],64,155,158,91,155
1,<environment.Job instance at 0x7fc2456ec500>,64,3,[9 3],65,168,171,103,155
1,<environment.Job instance at 0x7fc2456ecfa0>,65,2,[7 1],66,158,160,92,155
1,<environment.Job instance at 0x7fc2456eceb0>,68,3,[10  1],69,171,174,102,168
1,<environment.Job instance at 0x7fc28b840e10>,70,1,[13  2],71,174,175,103,170
1,<environment.Job instance at 0x7fc28b840b90>,73,1,[ 2 13],74,187,188,113,187
1,<environment.Job instance at 0x7fc28b840eb0>,74,2,[ 4 10],75,188,190,113,187
1,<environment.Job instance at 0x7fc28b840fa0>,75,19,[8 1],76,187,206,111,187
1,<environment.Job instance at 0x7fc245a59dc0>,76,1,[ 4 11],77,190,191,113,187
1,<environment.Job instance at 0x7fc245a597d0>,78,3,[2 6],79,191,194,112,187
1,<environment.Job instance at 0x7fc245a595f0>,79,2,[10  5],80,206,208,126,188
1,<environment.Job instance at 0x7fc2907e4550>,80,2,[4 6],81,191,193,110,188
1,<environment.Job instance at 0x7fc28b7eeaf0>,0,21,[5 2],1,1,22,0,1
1,<environment.Job instance at 0x7fc245baf8c0>,5,2,[ 5 10],6,7,9,1,7
1,<environment.Job instance at 0x7fc2894f1550>,9,3,[ 4 10],10,12,15,2,12
1,<environment.Job instance at 0x7fc24592cf00>,12,1,[5 8],13,15,16,2,13
1,<environment.Job instance at 0x7fc2890c8fa0>,13,1,[6 3],14,14,15,0,14
1,<environment.Job instance at 0x7fc245bafaf0>,14,3,[6 1],15,16,19,1,15
1,<environment.Job instance at 0x7fc289317e60>,15,1,[10  4],16,19,20,3,16
1,<environment.Job instance at 0x7fc2893174b0>,17,3,[10  1],18,20,23,2,18
1,<environment.Job instance at 0x7fc245b45af0>,19,1,[6 1],20,23,24,3,20
1,<environment.Job instance at 0x7fc2890c8050>,21,1,[6 1],22,23,24,1,22
1,<environment.Job instance at 0x7fc245846e10>,22,2,[ 4 10],23,24,26,1,23
1,<environment.Job instance at 0x7fc245846f00>,23,2,[4 7],24,26,28,2,24
1,<environment.Job instance at 0x7fc289483230>,25,23,[7 4],26,34,57,8,34
1,<environment.Job instance at 0x7fc245a09d20>,26,23,[5 6],27,34,57,7,34
1,<environment.Job instance at 0x7fc2892a1230>,28,25,[ 5 10],29,57,82,28,53
1,<environment.Job instance at 0x7fc2896f91e0>,37,26,[ 2 10],38,82,108,44,79
1,<environment.Job instance at 0x7fc2895af910>,42,2,[5 1],43,100,102,57,100
1,<environment.Job instance at 0x7fc2895af500>,45,12,[5 1],46,117,129,71,117
1,<environment.Job instance at 0x7fc2895af2d0>,46,1,[5 8],47,117,118,70,117
1,<environment.Job instance at 0x7fc2895af410>,47,3,[9 3],48,118,121,70,117
1,<environment.Job instance at 0x7fc245b1a640>,49,1,[8 4],50,121,122,71,118
1,<environment.Job instance at 0x7fc245b1af00>,51,2,[1 9],52,119,121,67,119
1,<environment.Job instance at 0x7fc245b1a730>,52,1,[7 2],53,122,123,69,119
1,<environment.Job instance at 0x7fc245b1aeb0>,53,20,[5 2],54,123,143,69,119
1,<environment.Job instance at 0x7fc289526d20>,56,1,[6 2],57,132,133,75,132
1,<environment.Job instance at 0x7fc289526780>,57,2,[ 5 11],58,133,135,75,132
1,<environment.Job instance at 0x7fc2893edc30>,1,24,[2 6],2,2,26,0,2
1,<environment.Job instance at 0x7fc24554ce60>,13,21,[5 4],14,14,35,0,14
1,<environment.Job instance at 0x7fc245550780>,20,2,[1 8],21,26,28,5,26
1,<environment.Job instance at 0x7fc245550690>,23,1,[ 4 10],24,38,39,14,38
1,<environment.Job instance at 0x7fc245550a00>,24,24,[5 8],25,39,63,14,38
1,<environment.Job instance at 0x7fc245550870>,25,1,[1 5],26,38,39,12,38
1,<environment.Job instance at 0x7fc245550b90>,26,24,[10  2],27,39,63,12,38
1,<environment.Job instance at 0x7fc245550fa0>,30,2,[14  3],31,63,65,32,61
1,<environment.Job instance at 0x7fc245550b40>,31,1,[3 9],32,65,66,33,61
1,<environment.Job instance at 0x7fc245541320>,35,1,[5 9],36,69,70,33,69
1,<environment.Job instance at 0x7fc2455413c0>,36,23,[9 5],37,69,92,32,69
1,<environment.Job instance at 0x7fc2455414b0>,38,2,[6 2],39,75,77,36,75
1,<environment.Job instance at 0x7fc245541870>,40,1,[ 5 10],41,86,87,45,86
1,<environment.Job instance at 0x7fc245541a00>,41,3,[10  5],42,92,95,50,86
1,<environment.Job instance at 0x7fc245541960>,44,1,[3 8],45,93,94,48,93
1,<environment.Job instance at 0x7fc245541820>,47,3,[8 5],48,106,109,58,106
1,<environment.Job instance at 0x7fc245541d70>,48,3,[9 3],49,109,112,60,106
1,<environment.Job instance at 0x7fc245541f50>,49,1,[13  5],50,112,113,62,106
1,<environment.Job instance at 0x7fc245541eb0>,50,1,[4 5],51,106,107,55,106
1,<environment.Job instance at 0x7fc24556d280>,51,2,[4 7],52,107,109,55,106
1,<environment.Job instance at 0x7fc24556d3c0>,53,27,[5 6],54,119,146,65,119
1,<environment.Job instance at 0x7fc24556d460>,54,2,[5 3],55,119,121,64,119
1,<environment.Job instance at 0x7fc24556d500>,55,1,[9 2],56,121,122,65,119
1,<environment.Job instance at 0x7fc24556d640>,57,2,[4 9],58,122,124,64,122
1,<environment.Job instance at 0x7fc24556d6e0>,58,25,[11  1],59,146,171,87,142
1,<environment.Job instance at 0x7fc24556dd20>,64,27,[3 8],65,150,177,85,150
1,<environment.Job instance at 0x7fc245551460>,4,1,[10  2],5,10,11,5,10
1,<environment.Job instance at 0x7fc28bf7fc30>,10,1,[6 1],11,11,12,0,11
1,<environment.Job instance at 0x7fc28bf7fdc0>,12,1,[1 5],13,15,16,2,15
1,<environment.Job instance at 0x7fc2458c2820>,17,1,[3 6],18,19,20,1,19
1,<environment.Job instance at 0x7fc245b4b2d0>,20,2,[ 2 12],21,26,28,5,26
1,<environment.Job instance at 0x7fc290570050>,29,2,[10  4],30,70,72,40,70
1,<environment.Job instance at 0x7fc2458ab460>,35,1,[14  5],36,100,101,64,100
1,<environment.Job instance at 0x7fc2891ddb90>,37,2,[ 5 12],38,108,110,70,108
1,<environment.Job instance at 0x7fc2891dde60>,39,20,[7 2],40,109,129,69,109
1,<environment.Job instance at 0x7fc2891dd7d0>,44,1,[5 9],45,132,133,87,132
1,<environment.Job instance at 0x7fc2891dde10>,45,2,[ 2 12],46,133,135,87,132
1,<environment.Job instance at 0x7fc2891dd780>,46,2,[10  2],47,132,134,85,132
1,<environment.Job instance at 0x7fc28bcc2c30>,48,22,[ 3 10],49,135,157,86,132
1,<environment.Job instance at 0x7fc28bc17550>,54,19,[3 7],55,172,191,117,172
1,<environment.Job instance at 0x7fc28bc179b0>,56,1,[6 5],57,173,174,116,173
1,<environment.Job instance at 0x7fc28bc17050>,57,23,[3 5],58,174,197,116,173
1,<environment.Job instance at 0x7fc28bc17190>,2,22,[ 4 11],3,3,25,0,3
1,<environment.Job instance at 0x7fc2459fc3c0>,14,22,[7 4],15,30,52,15,30
1,<environment.Job instance at 0x7fc2459fc550>,13,3,[ 3 14],14,52,55,38,49
1,<environment.Job instance at 0x7fc2459fc690>,19,2,[9 5],20,55,57,35,49
1,<environment.Job instance at 0x7fc2459fccd0>,20,20,[ 3 10],21,55,75,34,49
1,<environment.Job instance at 0x7fc2905737d0>,28,2,[10  3],29,67,69,38,67
1,<environment.Job instance at 0x7fc28926c640>,30,1,[6 3],31,84,85,53,84
1,<environment.Job instance at 0x7fc28926ca50>,31,1,[6 5],32,84,85,52,84
1,<environment.Job instance at 0x7fc28926cf00>,33,1,[3 8],34,86,87,52,86
1,<environment.Job instance at 0x7fc28926c3c0>,34,1,[10  1],35,86,87,51,86
1,<environment.Job instance at 0x7fc28926c690>,35,3,[5 5],36,87,90,51,86
1,<environment.Job instance at 0x7fc28926c280>,37,1,[12  4],38,90,91,52,89
1,<environment.Job instance at 0x7fc28bf45c30>,40,1,[10  2],41,107,108,66,107
1,<environment.Job instance at 0x7fc288fe5be0>,0,1,[10  3],1,4,5,3,4
1,<environment.Job instance at 0x7fc245848aa0>,1,2,[2 5],2,5,7,3,5
1,<environment.Job instance at 0x7fc2455d45f0>,5,27,[4 6],6,6,33,0,6
1,<environment.Job instance at 0x7fc2455d4aa0>,9,24,[9 1],10,10,34,0,10
1,<environment.Job instance at 0x7fc2455d5730>,18,1,[ 2 12],19,33,34,14,21
1,<environment.Job instance at 0x7fc2897719b0>,24,1,[3 6],25,37,38,12,37
1,<environment.Job instance at 0x7fc289771cd0>,25,1,[5 2],26,37,38,11,37
1,<environment.Job instance at 0x7fc288fd75a0>,28,1,[9 2],29,50,51,21,50
1,<environment.Job instance at 0x7fc288fd79b0>,30,1,[8 5],31,63,64,32,63
1,<environment.Job instance at 0x7fc24552a230>,31,23,[5 2],32,63,86,31,63
1,<environment.Job instance at 0x7fc28bd80320>,33,28,[10  4],34,65,93,31,65
1,<environment.Job instance at 0x7fc28900ca00>,40,1,[5 2],41,94,95,53,94
1,<environment.Job instance at 0x7fc28900cc80>,41,3,[ 1 10],42,94,97,52,94
1,<environment.Job instance at 0x7fc28bf37be0>,42,2,[4 7],43,97,99,54,94
1,<environment.Job instance at 0x7fc245bd00f0>,45,3,[ 4 10],46,110,113,64,110
1,<environment.Job instance at 0x7fc28bee0410>,46,18,[10  3],47,111,129,64,111
1,<environment.Job instance at 0x7fc28bee0640>,47,1,[1 5],48,113,114,65,111
1,<environment.Job instance at 0x7fc28bda6230>,51,19,[10  5],52,129,148,77,123
1,<environment.Job instance at 0x7fc28bda6280>,52,2,[10  5],53,148,150,95,123
1,<environment.Job instance at 0x7fc28bda6410>,53,1,[2 5],54,123,124,69,123
1,<environment.Job instance at 0x7fc28bda6aa0>,54,2,[2 7],55,123,125,68,123
1,<environment.Job instance at 0x7fc28bef9780>,58,2,[1 9],59,136,138,77,136
1,<environment.Job instance at 0x7fc2456b3960>,61,18,[4 5],62,155,173,93,155
1,<environment.Job instance at 0x7fc28bd8be10>,64,1,[3 7],65,157,158,92,157
1,<environment.Job instance at 0x7fc28bd8b5f0>,65,2,[ 5 10],66,158,160,92,157
1,<environment.Job instance at 0x7fc2893a3280>,67,2,[2 8],68,164,166,96,164
1,<environment.Job instance at 0x7fc2893a3690>,71,3,[8 1],72,181,184,109,181
1,<environment.Job instance at 0x7fc245289140>,0,27,[7 2],1,1,28,0,1
1,<environment.Job instance at 0x7fc2893a3e10>,1,26,[ 5 11],2,2,28,0,2
1,<environment.Job instance at 0x7fc2454fd8c0>,19,2,[ 1 11],20,28,30,8,20
1,<environment.Job instance at 0x7fc245b545f0>,23,2,[9 5],24,33,35,9,33
1,<environment.Job instance at 0x7fc289537640>,24,2,[1 6],25,33,35,8,33
1,<environment.Job instance at 0x7fc28b9d95f0>,28,21,[5 3],29,40,61,11,40
1,<environment.Job instance at 0x7fc28b840af0>,29,2,[6 5],30,40,42,10,40
1,<environment.Job instance at 0x7fc28b9d9fa0>,30,1,[1 7],31,40,41,9,40
1,<environment.Job instance at 0x7fc28b9d9640>,32,1,[4 6],33,41,42,8,40
1,<environment.Job instance at 0x7fc28b9d91e0>,33,24,[10  4],34,42,66,8,40
1,<environment.Job instance at 0x7fc245ac85f0>,37,2,[ 3 11],38,61,63,23,58
1,<environment.Job instance at 0x7fc245ac8280>,41,21,[2 7],42,63,84,21,58
1,<environment.Job instance at 0x7fc28b7a6be0>,50,1,[5 9],51,105,106,54,105
1,<environment.Job instance at 0x7fc28b7a60f0>,51,1,[2 5],52,105,106,53,105
1,<environment.Job instance at 0x7fc289685a50>,53,1,[ 3 10],54,112,113,58,112
1,<environment.Job instance at 0x7fc2896855a0>,55,25,[8 3],56,112,137,56,112
1,<environment.Job instance at 0x7fc2896854b0>,56,2,[ 1 10],57,113,115,56,112
1,<environment.Job instance at 0x7fc245258320>,11,26,[3 8],12,12,38,0,12
1,<environment.Job instance at 0x7fc2452580f0>,19,2,[ 1 14],20,38,40,18,32
1,<environment.Job instance at 0x7fc28b912af0>,24,24,[ 3 10],25,40,64,15,35
1,<environment.Job instance at 0x7fc28b912b90>,28,24,[10  5],29,49,73,20,49
1,<environment.Job instance at 0x7fc245268be0>,33,19,[5 5],34,64,83,30,54
1,<environment.Job instance at 0x7fc2451f0690>,42,12,[1 5],43,101,113,58,101
1,<environment.Job instance at 0x7fc2451f0550>,43,20,[1 7],44,101,121,57,101
1,<environment.Job instance at 0x7fc2451f0460>,45,3,[ 4 13],46,121,124,75,107
1,<environment.Job instance at 0x7fc2451f0d70>,46,28,[2 6],47,124,152,77,123
1,<environment.Job instance at 0x7fc2451f0c30>,48,3,[8 3],49,124,127,75,123
1,<environment.Job instance at 0x7fc2451f0780>,49,26,[10  1],50,127,153,77,124
1,<environment.Job instance at 0x7fc2453330a0>,53,3,[9 2],54,153,156,99,130
1,<environment.Job instance at 0x7fc245333690>,54,2,[8 3],55,156,158,101,130
1,<environment.Job instance at 0x7fc245333d70>,56,2,[3 7],57,141,143,84,141
1,<environment.Job instance at 0x7fc245333fa0>,58,3,[7 4],59,156,159,97,144
1,<environment.Job instance at 0x7fc28b904730>,61,2,[10  4],62,162,164,100,162
1,<environment.Job instance at 0x7fc28b9046e0>,65,3,[2 8],66,169,172,103,169
1,<environment.Job instance at 0x7fc28b9040f0>,66,2,[ 1 10],67,172,174,105,169
1,<environment.Job instance at 0x7fc28b9045a0>,67,2,[2 8],68,174,176,106,169
1,<environment.Job instance at 0x7fc28b904280>,68,26,[5 7],69,174,200,105,171
1,<environment.Job instance at 0x7fc24533e870>,5,2,[10  1],6,6,8,0,6
1,<environment.Job instance at 0x7fc245833cd0>,6,1,[ 3 10],7,7,8,0,7
1,<environment.Job instance at 0x7fc245833d20>,8,24,[7 5],9,9,33,0,9
1,<environment.Job instance at 0x7fc289386b40>,11,21,[5 3],12,12,33,0,12
1,<environment.Job instance at 0x7fc28937f1e0>,27,25,[4 6],28,36,61,8,36
1,<environment.Job instance at 0x7fc28937f820>,30,1,[5 1],31,48,49,17,48
1,<environment.Job instance at 0x7fc28937f140>,31,23,[10  1],32,49,72,17,48
1,<environment.Job instance at 0x7fc28937f640>,33,26,[10  2],34,72,98,38,69
1,<environment.Job instance at 0x7fc2458b8d70>,37,1,[3 5],38,92,93,54,92
1,<environment.Job instance at 0x7fc24589d0a0>,38,3,[10  1],39,98,101,59,92
1,<environment.Job instance at 0x7fc28b8d75f0>,39,1,[3 8],40,93,94,53,92
1,<environment.Job instance at 0x7fc28bc76640>,41,24,[4 8],42,95,119,53,95
1,<environment.Job instance at 0x7fc24548e500>,43,2,[12  5],44,119,121,75,105
1,<environment.Job instance at 0x7fc28bc76a00>,44,1,[7 5],45,105,106,60,105
1,<environment.Job instance at 0x7fc289229e10>,47,1,[3 8],48,119,120,71,115
1,<environment.Job instance at 0x7fc245a8e500>,52,22,[10  1],53,121,143,68,118
1,<environment.Job instance at 0x7fc245a8e3c0>,54,23,[ 5 10],55,121,144,66,118
1,<environment.Job instance at 0x7fc28937f320>,34,3,[ 3 12],35,146,149,111,146
1,<environment.Job instance at 0x7fc245a8e5f0>,56,1,[9 5],57,149,150,92,146
1,<environment.Job instance at 0x7fc245a8ed20>,59,23,[1 5],60,149,172,89,146
1,<environment.Job instance at 0x7fc245a94f50>,62,1,[8 3],63,150,151,87,149
1,<environment.Job instance at 0x7fc245a94140>,63,25,[10  1],64,151,176,87,149
1,<environment.Job instance at 0x7fc245aa97d0>,65,28,[1 7],66,156,184,90,156
1,<environment.Job instance at 0x7fc29027fb90>,9,3,[4 8],10,13,16,3,13
1,<environment.Job instance at 0x7fc2453bd910>,11,3,[7 5],12,18,21,6,18
1,<environment.Job instance at 0x7fc2895392d0>,0,3,[ 3 14],1,21,24,20,21
1,<environment.Job instance at 0x7fc245a12780>,16,3,[1 8],17,24,27,7,21
1,<environment.Job instance at 0x7fc28b7a55f0>,18,3,[2 7],19,31,34,12,31
1,<environment.Job instance at 0x7fc2458b7fa0>,21,2,[3 5],22,38,40,16,38
1,<environment.Job instance at 0x7fc289627050>,25,1,[5 5],26,44,45,18,44
1,<environment.Job instance at 0x7fc24572a3c0>,27,25,[1 7],28,52,77,24,52
1,<environment.Job instance at 0x7fc2895a9500>,28,19,[5 8],29,52,71,23,52
1,<environment.Job instance at 0x7fc2894b9e10>,31,2,[ 5 11],32,77,79,45,69
1,<environment.Job instance at 0x7fc2451f5370>,35,3,[ 3 11],36,79,82,43,76
1,<environment.Job instance at 0x7fc2893d0640>,39,2,[5 9],40,82,84,42,77
1,<environment.Job instance at 0x7fc2893d0690>,42,20,[ 1 10],43,90,110,47,90
1,<environment.Job instance at 0x7fc28901b500>,46,19,[4 8],47,110,129,63,100
1,<environment.Job instance at 0x7fc245510140>,47,2,[14  5],48,100,102,52,100
1,<environment.Job instance at 0x7fc2455106e0>,50,2,[5 8],51,129,131,78,113
1,<environment.Job instance at 0x7fc245510c30>,51,2,[9 2],52,113,115,61,113
1,<environment.Job instance at 0x7fc245b0a550>,53,3,[ 2 10],54,131,134,77,121
1,<environment.Job instance at 0x7fc245b0a690>,55,1,[ 5 13],56,134,135,78,121
1,<environment.Job instance at 0x7fc245b0a820>,56,27,[6 1],57,121,148,64,121
1,<environment.Job instance at 0x7fc28b8f9fa0>,61,3,[5 4],62,137,140,75,137
1,<environment.Job instance at 0x7fc28bd8b820>,62,1,[5 3],63,140,141,77,137
1,<environment.Job instance at 0x7fc2893f9e60>,64,23,[5 9],65,150,173,85,150
1,<environment.Job instance at 0x7fc2893f9780>,67,23,[6 2],68,153,176,85,153
1,<environment.Job instance at 0x7fc28b9da2d0>,70,26,[6 1],71,173,199,102,170
1,<environment.Job instance at 0x7fc2452d76e0>,6,24,[1 8],7,7,31,0,7
1,<environment.Job instance at 0x7fc28bb26190>,18,1,[5 3],19,35,36,16,35
1,<environment.Job instance at 0x7fc28bb26aa0>,19,27,[10  2],20,35,62,15,35
1,<environment.Job instance at 0x7fc28bb268c0>,21,23,[11  3],22,62,85,40,56
1,<environment.Job instance at 0x7fc245329e10>,24,18,[10  1],25,95,113,70,95
1,<environment.Job instance at 0x7fc245329eb0>,34,3,[9 3],35,113,116,78,95
1,<environment.Job instance at 0x7fc28965e8c0>,42,2,[3 5],43,124,126,81,124
1,<environment.Job instance at 0x7fc28965ed70>,45,22,[11  3],46,136,158,90,136
1,<environment.Job instance at 0x7fc28965e0a0>,46,1,[ 5 12],47,158,159,111,156
1,<environment.Job instance at 0x7fc28965ee60>,48,28,[11  3],49,159,187,110,158
1,<environment.Job instance at 0x7fc245261960>,62,2,[8 5],63,187,189,124,177
1,<environment.Job instance at 0x7fc245261320>,63,27,[5 1],64,187,214,123,185
1,<environment.Job instance at 0x7fc245261b90>,64,2,[1 8],65,185,187,120,185
1,<environment.Job instance at 0x7fc245261910>,66,23,[2 9],67,187,210,120,185
1,<environment.Job instance at 0x7fc245261f00>,67,1,[ 1 13],68,210,211,142,187
1,<environment.Job instance at 0x7fc29069fa50>,70,2,[5 5],71,189,191,118,187
1,<environment.Job instance at 0x7fc28bb7f870>,0,1,[7 1],1,1,2,0,1
1,<environment.Job instance at 0x7fc2895c6d20>,9,21,[4 6],10,10,31,0,10
1,<environment.Job instance at 0x7fc245b5b9b0>,12,2,[1 9],13,18,20,5,18
1,<environment.Job instance at 0x7fc28b8406e0>,10,3,[ 1 12],11,37,40,26,37
1,<environment.Job instance at 0x7fc24518d5a0>,16,21,[ 3 14],17,40,61,23,37
1,<environment.Job instance at 0x7fc24518daf0>,18,25,[8 3],19,61,86,42,57
1,<environment.Job instance at 0x7fc28bb05690>,22,26,[5 3],23,61,87,38,58
1,<environment.Job instance at 0x7fc28bb05b40>,24,24,[ 4 13],25,87,111,62,82
1,<environment.Job instance at 0x7fc28bb05820>,25,2,[ 4 14],26,111,113,85,109
1,<environment.Job instance at 0x7fc28bb05af0>,26,19,[3 6],27,113,132,86,109
1,<environment.Job instance at 0x7fc28bb059b0>,29,24,[5 6],30,113,137,83,109
1,<environment.Job instance at 0x7fc2456b5230>,37,3,[6 4],38,140,143,102,140
1,<environment.Job instance at 0x7fc2454eb9b0>,39,3,[5 1],40,140,143,100,140
1,<environment.Job instance at 0x7fc2454eb050>,40,3,[8 3],41,143,146,102,142
1,<environment.Job instance at 0x7fc2454eb6e0>,42,2,[10  1],43,146,148,103,145
1,<environment.Job instance at 0x7fc2454ebfa0>,43,22,[5 3],44,145,167,101,145
1,<environment.Job instance at 0x7fc2454eb5a0>,44,3,[5 5],45,148,151,103,145
1,<environment.Job instance at 0x7fc2454eb0f0>,46,3,[1 7],47,151,154,104,151
1,<environment.Job instance at 0x7fc2454eb1e0>,48,1,[6 1],49,156,157,107,156
1,<environment.Job instance at 0x7fc2454ebe10>,50,20,[6 3],51,157,177,106,156
1,<environment.Job instance at 0x7fc2454eb320>,51,27,[8 3],52,167,194,115,165
1,<environment.Job instance at 0x7fc2454eb190>,52,3,[ 5 13],53,194,197,141,179
1,<environment.Job instance at 0x7fc2454eb460>,53,1,[ 3 11],54,180,181,126,180
1,<environment.Job instance at 0x7fc24560eeb0>,59,1,[4 7],60,181,182,121,181
1,<environment.Job instance at 0x7fc24560e5f0>,62,2,[3 7],63,182,184,119,182
1,<environment.Job instance at 0x7fc2455f9d70>,65,2,[7 4],66,184,186,118,182
1,<environment.Job instance at 0x7f5867c0ffa0>,10,1,[7 3],11,35,36,24,35
1,<environment.Job instance at 0x7f5867c0fe60>,11,2,[3 9],12,35,37,23,35
1,<environment.Job instance at 0x7f5867c0ff00>,12,3,[6 3],13,36,39,23,35
1,<environment.Job instance at 0x7f5867c131e0>,15,3,[10  2],16,39,42,23,35
1,<environment.Job instance at 0x7f5867c13500>,17,3,[10  3],18,43,46,25,43
1,<environment.Job instance at 0x7f586af652d0>,0,27,[9 1],1,1,28,0,1
1,<environment.Job instance at 0x7f5867c13500>,2,3,[ 3 11],3,7,10,4,7
1,<environment.Job instance at 0x7f586af66af0>,8,1,[5 7],9,10,11,1,9
1,<environment.Job instance at 0x7f586af66370>,10,24,[ 3 10],11,11,35,0,11
1,<environment.Job instance at 0x7f586af66050>,12,20,[9 1],13,28,48,15,19
1,<environment.Job instance at 0x7f586af66730>,17,26,[5 4],18,35,61,17,32
1,<environment.Job instance at 0x7f586b19a050>,18,22,[5 6],19,48,70,29,41
1,<environment.Job instance at 0x7f586b191960>,2,27,[ 3 13],3,3,30,0,3
1,<environment.Job instance at 0x7f581ff3eeb0>,10,20,[5 7],11,30,50,19,21
1,<environment.Job instance at 0x7f581ff3e190>,8,20,[5 7],9,30,50,21,21
1,<environment.Job instance at 0x7f581ff3edc0>,23,3,[1 5],24,50,53,26,46
1,<environment.Job instance at 0x7f581ff3eaf0>,6,2,[8 2],7,7,9,0,7
1,<environment.Job instance at 0x7f581ffa5230>,9,3,[4 8],10,10,13,0,10
1,<environment.Job instance at 0x7f581ffa5960>,12,1,[10  1],13,13,14,0,13
1,<environment.Job instance at 0x7f581ffa5410>,15,3,[5 5],16,18,21,2,18
1,<environment.Job instance at 0x7f581ffa5c80>,16,22,[11  3],17,21,43,4,18
1,<environment.Job instance at 0x7f581ffa59b0>,20,3,[9 1],21,43,46,22,37
1,<environment.Job instance at 0x7f58202bd690>,22,1,[ 5 10],23,43,44,20,37
1,<environment.Job instance at 0x7f58202bd230>,24,1,[9 4],25,46,47,21,37
1,<environment.Job instance at 0x7f5820081eb0>,25,25,[3 9],26,44,69,18,40
1,<environment.Job instance at 0x7f58202c73c0>,3,27,[5 3],4,4,31,0,4
1,<environment.Job instance at 0x7f58203bd230>,1,2,[12  1],2,31,33,29,7
1,<environment.Job instance at 0x7f58205b95f0>,7,1,[1 6],8,8,9,0,8
1,<environment.Job instance at 0x7f58205b9730>,8,22,[9 2],9,9,31,0,9
1,<environment.Job instance at 0x7f58205b9820>,9,3,[ 4 12],10,33,36,23,30
1,<environment.Job instance at 0x7f58205b9d20>,18,28,[7 4],19,44,72,25,44
1,<environment.Job instance at 0x7f58205b9e60>,19,1,[9 2],20,72,73,52,44
1,<environment.Job instance at 0x7f58205b9eb0>,20,2,[4 5],21,44,46,23,44
1,<environment.Job instance at 0x7f58205b9f00>,22,1,[3 8],23,46,47,23,44
1,<environment.Job instance at 0x7f58682355a0>,10,2,[8 3],11,11,13,0,11
1,<environment.Job instance at 0x7f5867a42a50>,12,2,[14  5],13,13,15,0,13
1,<environment.Job instance at 0x7f5867a42f00>,13,21,[9 5],14,15,36,1,14
1,<environment.Job instance at 0x7f5867a42be0>,16,22,[6 1],17,19,41,2,19
1,<environment.Job instance at 0x7f5867a42870>,18,21,[5 1],19,36,57,17,28
1,<environment.Job instance at 0x7f5867a42320>,19,1,[8 5],20,41,42,21,28
1,<environment.Job instance at 0x7f5867a42e60>,20,1,[9 5],21,42,43,21,28
1,<environment.Job instance at 0x7f58200697d0>,2,27,[ 2 13],3,3,30,0,3
1,<environment.Job instance at 0x7f5867b811e0>,8,1,[12  5],9,30,31,21,22
1,<environment.Job instance at 0x7f5867b81d70>,5,18,[9 5],6,32,50,26,32
1,<environment.Job instance at 0x7f58204e3f50>,22,2,[9 3],23,50,52,27,32
1,<environment.Job instance at 0x7f582005b730>,24,3,[5 8],25,41,44,16,41
1,<environment.Job instance at 0x7f58200cc280>,25,2,[2 6],26,44,46,18,41
1,<environment.Job instance at 0x7f581fe62190>,0,1,[2 5],1,2,3,1,2
1,<environment.Job instance at 0x7f58680a3d70>,9,22,[1 6],10,10,32,0,10
1,<environment.Job instance at 0x7f5867b3c640>,11,25,[10  4],12,12,37,0,12
1,<environment.Job instance at 0x7f5867b389b0>,14,22,[1 9],15,32,54,17,25
1,<environment.Job instance at 0x7f581fd93af0>,22,2,[6 3],23,37,39,14,34
1,<environment.Job instance at 0x7f58682e79b0>,23,24,[3 6],24,39,63,15,34
1,<environment.Job instance at 0x7f58682e7550>,25,20,[3 8],26,54,74,28,45
1,<environment.Job instance at 0x7f58682f9d70>,3,27,[7 5],4,4,31,0,4
1,<environment.Job instance at 0x7f586842bd70>,10,2,[9 4],11,31,33,20,11
1,<environment.Job instance at 0x7f586842b730>,14,3,[2 5],15,23,26,8,23
1,<environment.Job instance at 0x7f586842b190>,15,25,[3 7],16,26,51,10,23
1,<environment.Job instance at 0x7f586af41230>,20,1,[ 4 12],21,51,52,30,36
1,<environment.Job instance at 0x7f586af41410>,21,1,[10  1],22,36,37,14,36
1,<environment.Job instance at 0x7f586af41280>,23,1,[5 2],24,48,49,24,48
1,<environment.Job instance at 0x7f58201dc280>,5,1,[12  4],6,6,7,0,6
1,<environment.Job instance at 0x7f58201dcc80>,9,3,[8 5],10,11,14,1,11
1,<environment.Job instance at 0x7f58680b0c80>,12,27,[5 5],13,13,40,0,13
1,<environment.Job instance at 0x7f58680b0870>,14,25,[1 7],15,15,40,0,15
1,<environment.Job instance at 0x7f5867fd7a00>,1,24,[1 9],2,2,26,0,2
1,<environment.Job instance at 0x7f5867b38a00>,7,23,[10  4],8,8,31,0,8
1,<environment.Job instance at 0x7f5820423eb0>,13,3,[ 5 13],14,31,34,17,25
1,<environment.Job instance at 0x7f58679cdf00>,17,1,[11  4],18,34,35,16,25
1,<environment.Job instance at 0x7f581fcf6500>,18,1,[5 3],19,26,27,7,25
1,<environment.Job instance at 0x7f581fcf65a0>,23,1,[8 5],24,45,46,21,45
1,<environment.Job instance at 0x7f581fe5afa0>,9,1,[8 3],10,10,11,0,10
1,<environment.Job instance at 0x7f581fe68140>,12,3,[4 9],13,13,16,0,13
1,<environment.Job instance at 0x7f581fe68dc0>,22,2,[5 5],23,35,37,12,35
1,<environment.Job instance at 0x7f581fe68e60>,23,1,[7 1],24,35,36,11,35
1,<environment.Job instance at 0x7f586823a6e0>,4,2,[9 2],5,7,9,2,7
1,<environment.Job instance at 0x7f5868743910>,9,2,[ 4 10],10,10,12,0,10
1,<environment.Job instance at 0x7f5868743230>,14,24,[4 5],15,19,43,4,19
1,<environment.Job instance at 0x7f5868743780>,20,2,[6 4],21,39,41,18,39
1,<environment.Job instance at 0x7f5868743730>,21,2,[3 5],22,39,41,17,39
1,<environment.Job instance at 0x7f581fcfd140>,9,21,[1 9],10,10,31,0,10
1,<environment.Job instance at 0x7f581fcfd500>,10,27,[6 4],11,11,38,0,11
1,<environment.Job instance at 0x7f5867b14640>,18,22,[7 5],19,31,53,12,24
1,<environment.Job instance at 0x7f5867b14aa0>,22,24,[1 6],23,31,55,8,28
1,<environment.Job instance at 0x7f5867b146e0>,11,1,[11  4],12,53,54,41,44
1,<environment.Job instance at 0x7f586802b870>,2,1,[6 3],3,5,6,2,5
1,<environment.Job instance at 0x7f586816edc0>,8,24,[4 7],9,9,33,0,9
1,<environment.Job instance at 0x7f5868183460>,16,2,[3 6],17,18,20,1,18
1,<environment.Job instance at 0x7f5868183780>,19,3,[14  1],20,33,36,13,28
1,<environment.Job instance at 0x7f5868183960>,20,20,[4 6],21,36,56,15,28
1,<environment.Job instance at 0x7f5868183a00>,21,2,[8 4],22,28,30,6,28
1,<environment.Job instance at 0x7f5868183a50>,22,2,[8 4],23,30,32,7,28
1,<environment.Job instance at 0x7f5868183aa0>,9,1,[ 5 14],10,13,14,3,13
1,<environment.Job instance at 0x7f58203092d0>,14,3,[7 4],15,32,35,17,32
1,<environment.Job instance at 0x7f5820309870>,15,2,[4 5],16,32,34,16,32
1,<environment.Job instance at 0x7f5867a16320>,10,19,[4 5],11,15,34,4,15
1,<environment.Job instance at 0x7f5867e347d0>,15,1,[5 8],16,31,32,15,31
1,<environment.Job instance at 0x7f58203a2320>,17,2,[9 3],18,32,34,14,32
1,<environment.Job instance at 0x7f58204e4320>,19,1,[5 4],20,47,48,27,47
1,<environment.Job instance at 0x7f58204eca50>,20,23,[9 4],21,47,70,26,47
1,<environment.Job instance at 0x7f58204ec8c0>,3,24,[ 5 11],4,4,28,0,4
1,<environment.Job instance at 0x7f58681d0910>,13,1,[10  5],14,29,30,15,29
1,<environment.Job instance at 0x7f581ff29c80>,15,2,[8 3],16,34,36,18,34
1,<environment.Job instance at 0x7f58200f5960>,16,3,[ 5 10],17,34,37,17,34
1,<environment.Job instance at 0x7f5867e00500>,0,1,[8 1],1,3,4,2,3
1,<environment.Job instance at 0x7f5867e00730>,3,1,[12  4],4,4,5,0,4
1,<environment.Job instance at 0x7f5867e00960>,7,20,[1 8],8,8,28,0,8
1,<environment.Job instance at 0x7f5867e00be0>,11,21,[4 9],12,28,49,16,20
1,<environment.Job instance at 0x7f5867d32730>,15,23,[8 4],16,20,43,4,20
1,<environment.Job instance at 0x7f5867d32640>,17,20,[5 7],18,49,69,31,40
1,<environment.Job instance at 0x7f5867e00c30>,10,2,[ 2 12],11,69,71,58,43
1,<environment.Job instance at 0x7f58681fb6e0>,21,3,[2 6],22,43,46,21,43
1,<environment.Job instance at 0x7f58681fb9b0>,23,3,[8 3],24,46,49,22,44
1,<environment.Job instance at 0x7f58681fb640>,26,1,[7 4],27,49,50,22,47
1,<environment.Job instance at 0x7f5820366370>,5,1,[ 2 10],6,7,8,1,7
1,<environment.Job instance at 0x7f58683a25f0>,8,2,[ 1 13],9,9,11,0,9
1,<environment.Job instance at 0x7f5820366a00>,10,28,[ 2 14],11,11,39,0,11
1,<environment.Job instance at 0x7f581ffd6c80>,11,28,[5 1],12,17,45,5,17
1,<environment.Job instance at 0x7f5820506050>,23,23,[7 4],24,39,62,15,33
1,<environment.Job instance at 0x7fc5c153ae60>,10,1,[7 3],11,17,18,6,17
1,<environment.Job instance at 0x7fc5c153af50>,11,2,[3 9],12,17,19,5,17
1,<environment.Job instance at 0x7fc5c153afa0>,12,3,[6 3],13,19,22,6,19
1,<environment.Job instance at 0x7fc5c153e320>,15,3,[10  2],16,29,32,13,29
1,<environment.Job instance at 0x7fc5c153e690>,20,1,[3 7],21,58,59,37,58
1,<environment.Job instance at 0x7fc5c153e6e0>,22,2,[12  3],23,59,61,36,59
1,<environment.Job instance at 0x7fc5c8ac48c0>,0,24,[ 3 10],1,1,25,0,1
1,<environment.Job instance at 0x7fc5c153e6e0>,2,20,[9 1],3,3,23,0,3
1,<environment.Job instance at 0x7fc5c8abf050>,7,26,[5 4],8,23,49,15,20
1,<environment.Job instance at 0x7fc5c8abfa50>,8,22,[5 6],9,25,47,16,20
1,<environment.Job instance at 0x7fc5c8abf3c0>,6,3,[ 2 10],7,47,50,40,43
1,<environment.Job instance at 0x7fc5c8975370>,25,19,[14  4],26,50,69,24,49
1,<environment.Job instance at 0x7fc5c8975960>,30,3,[7 2],31,69,72,38,49
1,<environment.Job instance at 0x7fc5c8ab93c0>,32,2,[2 5],33,69,71,36,56
1,<environment.Job instance at 0x7fc5c8ab92d0>,34,2,[4 7],35,69,71,34,57
1,<environment.Job instance at 0x7fc57d930a50>,0,2,[5 6],1,2,4,1,2
1,<environment.Job instance at 0x7fc57d930320>,6,2,[9 1],7,7,9,0,7
1,<environment.Job instance at 0x7fc57d930be0>,7,3,[1 8],8,8,11,0,8
1,<environment.Job instance at 0x7fc57d868280>,13,3,[2 9],14,15,18,1,15
1,<environment.Job instance at 0x7fc57d8680f0>,22,2,[4 9],23,57,59,34,57
1,<environment.Job instance at 0x7fc5c8abf500>,3,1,[3 9],4,5,6,1,5
1,<environment.Job instance at 0x7fc5c8abf1e0>,6,26,[9 1],7,7,33,0,7
1,<environment.Job instance at 0x7fc57dbe9eb0>,11,3,[8 2],12,33,36,21,12
1,<environment.Job instance at 0x7fc57d839500>,16,23,[5 8],17,17,40,0,17
1,<environment.Job instance at 0x7fc57d839c30>,21,2,[12  1],22,40,42,18,36
1,<environment.Job instance at 0x7fc57d839b90>,23,27,[5 3],24,42,69,18,40
1,<environment.Job instance at 0x7fc5c15460f0>,27,1,[1 6],28,45,46,17,45
1,<environment.Job instance at 0x7fc5c1546910>,28,22,[9 2],29,45,67,16,45
1,<environment.Job instance at 0x7fc57d7e8eb0>,0,28,[7 3],1,1,29,0,1
1,<environment.Job instance at 0x7fc57dc3e140>,15,2,[9 2],16,29,31,13,23
1,<environment.Job instance at 0x7fc57dc3e550>,16,2,[5 1],17,23,25,6,23
1,<environment.Job instance at 0x7fc57dc3e5f0>,17,1,[1 7],18,23,24,5,23
1,<environment.Job instance at 0x7fc57dc3e3c0>,20,2,[8 3],21,31,33,10,30
1,<environment.Job instance at 0x7fc57dc3e910>,21,19,[ 3 14],22,33,52,11,30
1,<environment.Job instance at 0x7fc57dc3e9b0>,22,2,[14  5],23,52,54,29,30
1,<environment.Job instance at 0x7fc57dc3e6e0>,23,21,[9 5],24,54,75,30,46
1,<environment.Job instance at 0x7fc57dc3edc0>,26,22,[6 1],27,54,76,27,47
1,<environment.Job instance at 0x7fc57dc3ef50>,2,27,[ 2 13],3,3,30,0,3
1,<environment.Job instance at 0x7fc5c1647550>,8,1,[12  5],9,30,31,21,23
1,<environment.Job instance at 0x7fc5c16a7d20>,24,3,[5 8],25,48,51,23,48
1,<environment.Job instance at 0x7fc5c16a7190>,25,2,[2 6],26,48,50,22,48
1,<environment.Job instance at 0x7fc57ddf0500>,28,2,[1 7],29,56,58,27,56
1,<environment.Job instance at 0x7fc5c145b5a0>,1,25,[10  4],2,2,27,0,2
1,<environment.Job instance at 0x7fc5c13b2960>,4,22,[1 9],5,5,27,0,5
1,<environment.Job instance at 0x7fc5c1989140>,13,24,[3 6],14,27,51,13,22
1,<environment.Job instance at 0x7fc57ddeab40>,15,20,[3 8],16,27,47,11,22
1,<environment.Job instance at 0x7fc57ddeac30>,17,27,[9 5],18,47,74,29,45
1,<environment.Job instance at 0x7fc57db7b5a0>,21,3,[10  4],22,74,77,52,48
1,<environment.Job instance at 0x7fc57ddea9b0>,22,2,[6 4],23,51,53,28,48
1,<environment.Job instance at 0x7fc5c3b69460>,23,2,[ 3 14],24,77,79,53,50
1,<environment.Job instance at 0x7fc5c177a9b0>,24,2,[1 9],25,53,55,28,50
1,<environment.Job instance at 0x7fc5c19ec7d0>,0,1,[ 4 12],1,2,3,1,2
1,<environment.Job instance at 0x7fc57de0e640>,1,1,[10  1],2,2,3,0,2
1,<environment.Job instance at 0x7fc57dd8e8c0>,8,21,[9 5],9,9,30,0,9
1,<environment.Job instance at 0x7fc5c1365550>,9,3,[12  1],10,30,33,20,20
1,<environment.Job instance at 0x7fc57db54f00>,13,2,[ 4 10],14,20,22,6,20
1,<environment.Job instance at 0x7fc57db65b40>,18,3,[ 2 10],19,34,37,15,34
1,<environment.Job instance at 0x7fc5c19681e0>,20,3,[9 1],21,35,38,14,35
1,<environment.Job instance at 0x7fc57db71a00>,21,2,[5 6],22,37,39,15,35
1,<environment.Job instance at 0x7fc5c146d7d0>,22,2,[3 5],23,38,40,15,36
1,<environment.Job instance at 0x7fc57da55050>,25,24,[3 9],26,50,74,24,50
1,<environment.Job instance at 0x7fc57dc18c80>,1,24,[4 8],2,2,26,0,2
1,<environment.Job instance at 0x7fc57dc18050>,11,1,[11  1],12,21,22,9,21
1,<environment.Job instance at 0x7fc57da4a910>,5,19,[7 5],6,26,45,20,26
1,<environment.Job instance at 0x7fc57dd10230>,20,19,[2 7],21,29,48,8,29
1,<environment.Job instance at 0x7fc57dd10eb0>,21,24,[1 9],22,48,72,26,43
1,<environment.Job instance at 0x7fc57dd10960>,24,1,[2 5],25,45,46,20,44
1,<environment.Job instance at 0x7fc57dd10f50>,22,3,[ 3 10],23,72,75,49,46
1,<environment.Job instance at 0x7fc57dd10280>,27,23,[10  4],28,46,69,18,46
1,<environment.Job instance at 0x7fc5c140ee60>,5,1,[8 1],6,6,7,0,6
1,<environment.Job instance at 0x7fc57de684b0>,14,2,[10  3],15,20,22,5,20
1,<environment.Job instance at 0x7fc5c18064b0>,2,3,[11  3],3,28,31,25,28
1,<environment.Job instance at 0x7fc5c8948460>,19,1,[8 3],20,31,32,11,28
1,<environment.Job instance at 0x7fc5c3ff7910>,21,3,[1 6],22,37,40,15,37
1,<environment.Job instance at 0x7fc57db43410>,22,3,[4 9],23,37,40,14,37
1,<environment.Job instance at 0x7fc5c3aa5870>,30,1,[5 1],31,55,56,24,55
1,<environment.Job instance at 0x7fc57def8e60>,9,2,[ 4 10],10,10,12,0,10
1,<environment.Job instance at 0x7fc5c17f9be0>,10,1,[9 5],11,11,12,0,11
1,<environment.Job instance at 0x7fc5c3e45f50>,14,24,[4 5],15,15,39,0,15
1,<environment.Job instance at 0x7fc57d624b40>,19,3,[5 9],20,33,36,13,33
1,<environment.Job instance at 0x7fc5c1886af0>,25,2,[2 9],26,48,50,22,48
1,<environment.Job instance at 0x7fc5c1886cd0>,27,1,[3 6],28,53,54,25,53
1,<environment.Job instance at 0x7fc5c3dd1af0>,30,3,[10  4],31,53,56,22,53
1,<environment.Job instance at 0x7fc57d93b320>,0,27,[6 4],1,1,28,0,1
1,<environment.Job instance at 0x7fc57d93bcd0>,1,1,[11  4],2,28,29,26,8
1,<environment.Job instance at 0x7fc5c3f2d410>,8,22,[7 5],9,29,51,20,22
1,<environment.Job instance at 0x7fc5c3f2d870>,12,24,[1 6],13,22,46,9,22
1,<environment.Job instance at 0x7fc5c3f2dcd0>,19,2,[9 1],20,51,53,31,41
1,<environment.Job instance at 0x7fc5c3f2d640>,23,13,[5 1],24,54,67,30,54
1,<environment.Job instance at 0x7fc5c3f34230>,24,3,[ 2 12],25,54,57,29,54
1,<environment.Job instance at 0x7fc5c3f34280>,25,2,[3 5],26,57,59,31,54
1,<environment.Job instance at 0x7fc5c3f34500>,27,2,[8 4],28,59,61,31,54
1,<environment.Job instance at 0x7fc5c3dd1af0>,2,15,[10  1],3,61,76,58,59
1,<environment.Job instance at 0x7fc5c3f34780>,30,1,[9 4],31,76,77,45,59
1,<environment.Job instance at 0x7fc5c3f348c0>,31,2,[ 3 14],32,67,69,35,59
1,<environment.Job instance at 0x7fc5c3f2d460>,0,20,[4 6],1,1,21,0,1
1,<environment.Job instance at 0x7fc57da54af0>,8,2,[13  3],9,21,23,12,16
1,<environment.Job instance at 0x7fc5c191d460>,18,20,[3 8],19,23,43,4,20
1,<environment.Job instance at 0x7fc5c191d550>,20,24,[10  4],21,31,55,10,31
1,<environment.Job instance at 0x7fc5c191d190>,21,21,[4 7],22,43,64,21,35
1,<environment.Job instance at 0x7fc5c191dc80>,24,1,[ 2 11],25,64,65,39,56
1,<environment.Job instance at 0x7fc5c191d370>,25,2,[4 7],26,56,58,30,56
1,<environment.Job instance at 0x7fc5c180f8c0>,27,1,[2 6],28,58,59,30,56
1,<environment.Job instance at 0x7fc5c180f960>,29,19,[5 5],30,65,84,35,57
1,<environment.Job instance at 0x7fc5c180fa50>,2,1,[12  5],3,6,7,3,6
1,<environment.Job instance at 0x7fc5c3e3ec80>,15,1,[7 3],16,16,17,0,16
1,<environment.Job instance at 0x7fc5c3e3e0a0>,17,2,[7 2],18,18,20,0,18
1,<environment.Job instance at 0x7fc57dedff50>,19,1,[5 7],20,20,21,0,20
1,<environment.Job instance at 0x7fc57dedf0f0>,21,3,[3 9],22,26,29,4,26
1,<environment.Job instance at 0x7fc57dedfd20>,23,18,[5 5],24,35,53,11,35
1,<environment.Job instance at 0x7fc57dedfc30>,27,2,[ 3 10],28,51,53,23,51
1,<environment.Job instance at 0x7fc5c1311b90>,0,26,[4 9],1,1,27,0,1
1,<environment.Job instance at 0x7fc57d618370>,7,23,[5 3],8,8,31,0,8
1,<environment.Job instance at 0x7fc57d618820>,13,24,[ 5 11],14,27,51,13,22
1,<environment.Job instance at 0x7fc57de26b40>,3,1,[12  4],4,6,7,2,6
1,<environment.Job instance at 0x7fc57d7115f0>,7,20,[1 8],8,8,28,0,8
1,<environment.Job instance at 0x7fc57d711730>,11,21,[4 9],12,28,49,16,20
1,<environment.Job instance at 0x7fc57db2c960>,15,23,[8 4],16,20,43,4,20
1,<environment.Job instance at 0x7fc5c3aa9d70>,17,20,[5 7],18,49,69,31,40
1,<environment.Job instance at 0x7fc57d711dc0>,10,2,[ 2 12],11,69,71,58,43
1,<environment.Job instance at 0x7fc5c887fe10>,0,28,[ 2 14],1,1,29,0,1
1,<environment.Job instance at 0x7fc5c139d5f0>,1,28,[5 1],2,2,30,0,2
1,<environment.Job instance at 0x7fc5c400be10>,13,23,[7 4],14,29,52,15,23
1,<environment.Job instance at 0x7fc5c143b460>,23,3,[13  5],24,52,55,28,40
1,<environment.Job instance at 0x7fc5c149aeb0>,26,27,[5 2],27,55,82,28,53
1,<environment.Job instance at 0x7fc57d5c9f00>,28,13,[1 5],29,55,68,26,55
1,<environment.Job instance at 0x7fc57d5c9f00>,5,21,[9 3],6,6,27,0,6
1,<environment.Job instance at 0x7fc5c17d3a00>,7,25,[9 4],8,27,52,19,23
1,<environment.Job instance at 0x7fc5c150de10>,19,28,[6 1],20,32,60,12,32
1,<environment.Job instance at 0x7fc5c136b370>,16,18,[8 1],17,52,70,35,52
1,<environment.Job instance at 0x7fc5c189a320>,14,22,[4 9],15,20,42,5,20
1,<environment.Job instance at 0x7fc5c189a410>,15,1,[1 9],16,42,43,26,20
1,<environment.Job instance at 0x7fc5c189aaf0>,16,21,[5 5],17,20,41,3,20
1,<environment.Job instance at 0x7fc57de71c80>,23,2,[13  2],24,42,44,18,42
1,<environment.Job instance at 0x7fc57de71190>,25,25,[1 6],26,51,76,25,51
1,<environment.Job instance at 0x7fc57de71230>,26,1,[5 5],27,51,52,24,51
1,<environment.Job instance at 0x7fc57de718c0>,30,27,[11  2],31,56,83,25,56
1,<environment.Job instance at 0x7fc57de3a730>,0,20,[9 3],1,1,21,0,1
1,<environment.Job instance at 0x7fc5c16a7c80>,8,26,[8 2],9,21,47,12,18
1,<environment.Job instance at 0x7fc57de3a3c0>,7,1,[ 1 13],8,25,26,17,25
1,<environment.Job instance at 0x7fc5c17a4d20>,4,2,[6 1],5,26,28,21,25
1,<environment.Job instance at 0x7fc5c3de02d0>,18,3,[10  2],19,47,50,28,43
1,<environment.Job instance at 0x7fc5c1787fa0>,15,25,[ 3 14],16,50,75,34,46
1,<environment.Job instance at 0x7fc5c18f9a00>,20,2,[4 6],21,46,48,25,46
1,<environment.Job instance at 0x7fc57dcf1460>,21,3,[ 4 13],22,75,78,53,49
1,<environment.Job instance at 0x7fb2fad1d730>,10,1,[7 3],11,17,18,6,17
1,<environment.Job instance at 0x7fb2fad1d8c0>,11,2,[3 9],12,17,19,5,17
1,<environment.Job instance at 0x7fb2fad1d960>,12,3,[6 3],13,20,23,7,20
1,<environment.Job instance at 0x7fb2fad1db90>,15,3,[10  2],16,37,40,21,37
1,<environment.Job instance at 0x7fb2fad1deb0>,20,1,[3 7],21,59,60,38,59
1,<environment.Job instance at 0x7fb2fad1dfa0>,21,3,[ 2 10],22,60,63,38,60
1,<environment.Job instance at 0x7fb2fad1df00>,22,2,[12  3],23,62,64,39,62
1,<environment.Job instance at 0x7fb2fad1e140>,24,3,[5 9],25,64,67,39,64
1,<environment.Job instance at 0x7fb2fad1e1e0>,25,3,[1 6],26,64,67,38,64
1,<environment.Job instance at 0x7fb2fad1e190>,26,22,[2 9],27,67,89,40,64
1,<environment.Job instance at 0x7fb2fad1e410>,28,2,[5 9],29,89,91,60,65
1,<environment.Job instance at 0x7fb302293cd0>,8,19,[8 4],9,9,28,0,9
1,<environment.Job instance at 0x7fb3022a6140>,16,3,[5 6],17,18,21,1,18
1,<environment.Job instance at 0x7fb30229c6e0>,20,3,[7 2],21,23,26,2,23
1,<environment.Job instance at 0x7fb3022a6730>,15,19,[14  4],16,28,47,12,24
1,<environment.Job instance at 0x7fb3022a0c30>,25,23,[3 7],26,47,70,21,41
1,<environment.Job instance at 0x7fb3022a0e10>,26,2,[4 8],27,47,49,20,41
1,<environment.Job instance at 0x7fb3022a04b0>,29,2,[10  4],30,49,51,19,41
1,<environment.Job instance at 0x7fb3022a0af0>,31,1,[9 4],32,51,52,19,45
1,<environment.Job instance at 0x7fb3022a0c80>,32,27,[ 3 13],33,70,97,37,68
1,<environment.Job instance at 0x7fb2b710f780>,13,1,[5 6],14,15,16,1,15
1,<environment.Job instance at 0x7fb2b710fd70>,21,3,[1 5],22,36,39,14,36
1,<environment.Job instance at 0x7fb2b710ff50>,22,1,[10  1],23,36,37,13,36
1,<environment.Job instance at 0x7fb2b701f7d0>,25,3,[5 5],26,42,45,16,42
1,<environment.Job instance at 0x7fb2b701f140>,26,22,[11  3],27,45,67,18,42
1,<environment.Job instance at 0x7fb2b701f820>,30,3,[9 1],31,67,70,36,58
1,<environment.Job instance at 0x7fb2b701f280>,32,1,[ 5 10],33,67,68,34,58
1,<environment.Job instance at 0x7fb2b701fbe0>,34,1,[9 4],35,70,71,35,67
1,<environment.Job instance at 0x7fb2b701fa00>,35,25,[3 9],36,68,93,32,67
1,<environment.Job instance at 0x7fb2b7019aa0>,36,1,[7 4],37,71,72,34,67
1,<environment.Job instance at 0x7fb2b70f25a0>,8,28,[7 4],9,10,38,1,10
1,<environment.Job instance at 0x7fb2b74e9b90>,14,28,[9 1],15,38,66,23,37
1,<environment.Job instance at 0x7fb2b701eaa0>,5,1,[ 4 10],6,7,8,1,7
1,<environment.Job instance at 0x7fb2b7408460>,12,1,[13  3],13,24,25,11,24
1,<environment.Job instance at 0x7fb2b74d60f0>,3,3,[14  5],4,25,28,21,25
1,<environment.Job instance at 0x7fb2b7408aa0>,17,1,[4 8],18,28,29,10,25
1,<environment.Job instance at 0x7fb2b7408d20>,21,2,[3 8],22,36,38,14,36
1,<environment.Job instance at 0x7fb2b7408730>,22,27,[ 2 13],23,38,65,15,36
1,<environment.Job instance at 0x7fb2b7408f00>,24,1,[3 8],25,65,66,40,41
1,<environment.Job instance at 0x7fb2b74025f0>,28,1,[12  5],29,65,66,36,64
1,<environment.Job instance at 0x7fb2b7402690>,29,1,[8 5],30,66,67,36,64
1,<environment.Job instance at 0x7fb301ca5190>,0,1,[2 5],1,1,2,0,1
1,<environment.Job instance at 0x7fb301c77410>,9,22,[1 6],10,10,32,0,10
1,<environment.Job instance at 0x7fb301c77c30>,11,25,[10  4],12,12,37,0,12
1,<environment.Job instance at 0x7fb2fab8d6e0>,14,22,[1 9],15,32,54,17,25
1,<environment.Job instance at 0x7fb2fab8dbe0>,22,2,[6 3],23,43,45,20,43
1,<environment.Job instance at 0x7fb2fab8d190>,23,24,[3 6],24,45,69,21,43
1,<environment.Job instance at 0x7fb2b7573780>,25,20,[3 8],26,54,74,28,45
1,<environment.Job instance at 0x7fb2b7573d20>,27,27,[9 5],28,69,96,41,67
1,<environment.Job instance at 0x7fb3017dc6e0>,1,1,[10  1],2,2,3,0,2
1,<environment.Job instance at 0x7fb3017dc140>,0,1,[ 4 12],1,4,5,3,4
1,<environment.Job instance at 0x7fb301767a00>,8,21,[9 5],9,9,30,0,9
1,<environment.Job instance at 0x7fb301767d20>,9,3,[12  1],10,30,33,20,19
1,<environment.Job instance at 0x7fb2b757e910>,13,2,[ 4 10],14,19,21,5,19
1,<environment.Job instance at 0x7fb3016192d0>,18,3,[ 2 10],19,29,32,10,29
1,<environment.Job instance at 0x7fb3015986e0>,21,2,[5 6],22,36,38,14,36
1,<environment.Job instance at 0x7fb2b71dda50>,25,24,[3 9],26,53,77,27,53
1,<environment.Job instance at 0x7fb2fafede10>,30,1,[2 9],31,77,78,46,67
1,<environment.Job instance at 0x7fb2fac83230>,31,3,[9 3],32,67,70,35,67
1,<environment.Job instance at 0x7fb2fb099e60>,1,1,[11  1],2,4,5,2,4
1,<environment.Job instance at 0x7fb2fac6ad20>,5,2,[7 5],6,6,8,0,6
1,<environment.Job instance at 0x7fb2b721aa00>,10,19,[2 7],11,11,30,0,11
1,<environment.Job instance at 0x7fb3017196e0>,11,24,[1 9],12,30,54,18,25
1,<environment.Job instance at 0x7fb301712f50>,14,1,[2 5],15,26,27,11,26
1,<environment.Job instance at 0x7fb301712b40>,15,2,[9 3],16,26,28,10,26
1,<environment.Job instance at 0x7fb2b72cdbe0>,17,23,[10  4],18,28,51,10,26
1,<environment.Job instance at 0x7fb2b72cd8c0>,23,3,[ 5 13],24,54,57,30,51
1,<environment.Job instance at 0x7fb2b72cd140>,27,1,[11  4],28,67,68,39,67
1,<environment.Job instance at 0x7fb2b71f15a0>,28,1,[5 3],29,68,69,39,67
1,<environment.Job instance at 0x7fb3017c2050>,10,1,[5 1],11,11,12,0,11
1,<environment.Job instance at 0x7fb301bfb230>,17,3,[12  4],18,28,31,10,28
1,<environment.Job instance at 0x7fb301bfb0f0>,19,28,[1 8],20,30,58,10,30
1,<environment.Job instance at 0x7fb301bfb9b0>,22,3,[1 9],23,58,61,35,44
1,<environment.Job instance at 0x7fb301bfbcd0>,23,2,[6 5],24,44,46,20,44
1,<environment.Job instance at 0x7fb301bfbf50>,24,1,[7 3],25,46,47,21,44
1,<environment.Job instance at 0x7fb2b7660fa0>,19,23,[6 5],20,27,50,7,27
1,<environment.Job instance at 0x7fb2fae23fa0>,21,2,[5 7],22,34,36,12,34
1,<environment.Job instance at 0x7fb2faad3870>,23,1,[4 9],24,36,37,12,34
1,<environment.Job instance at 0x7fb301a33640>,26,2,[8 4],27,37,39,10,37
1,<environment.Job instance at 0x7fb301ac05a0>,28,3,[3 9],29,39,42,10,39
1,<environment.Job instance at 0x7fb2fad64910>,29,21,[1 9],30,42,63,12,39
1,<environment.Job instance at 0x7fb2b722ed70>,30,27,[6 4],31,50,77,19,48
1,<environment.Job instance at 0x7fb2b722e4b0>,31,1,[11  4],32,77,78,45,63
1,<environment.Job instance at 0x7fb2b7614230>,37,2,[ 2 10],38,65,67,27,65
1,<environment.Job instance at 0x7fb2b6ec5050>,2,1,[6 3],3,4,5,1,4
1,<environment.Job instance at 0x7fb3019b6910>,8,24,[4 7],9,9,33,0,9
1,<environment.Job instance at 0x7fb2faed3280>,16,2,[3 6],17,19,21,2,19
1,<environment.Job instance at 0x7fb2fb226230>,18,2,[5 8],19,24,26,5,24
1,<environment.Job instance at 0x7fb2fad0e820>,19,3,[14  1],20,33,36,13,25
1,<environment.Job instance at 0x7fb2b72e4eb0>,20,20,[4 6],21,36,56,15,27
1,<environment.Job instance at 0x7fb2b6e06a50>,22,2,[8 4],23,27,29,4,27
1,<environment.Job instance at 0x7fb2b6ed0b40>,7,27,[ 2 11],8,8,35,0,8
1,<environment.Job instance at 0x7fb2b6ed0fa0>,12,1,[12  5],13,35,36,22,27
1,<environment.Job instance at 0x7fb2b6ed0b90>,9,3,[11  2],10,36,39,26,34
1,<environment.Job instance at 0x7fb2b6ede780>,24,3,[ 3 10],25,37,40,12,37
1,<environment.Job instance at 0x7fb2b6ede870>,25,1,[7 3],26,39,40,13,37
1,<environment.Job instance at 0x7fb2b6ede910>,26,3,[5 4],27,40,43,13,38
1,<environment.Job instance at 0x7fb2b6edee60>,27,2,[7 2],28,40,42,12,38
1,<environment.Job instance at 0x7fb2b6eded70>,29,1,[5 7],30,46,47,16,46
1,<environment.Job instance at 0x7fb2b6ed6140>,31,3,[3 9],32,51,54,19,51
1,<environment.Job instance at 0x7fb2b7309d70>,0,26,[4 9],1,1,27,0,1
1,<environment.Job instance at 0x7fb2b6edeeb0>,1,1,[6 5],2,3,4,1,3
1,<environment.Job instance at 0x7fb2b7309e60>,7,23,[5 3],8,8,31,0,8
1,<environment.Job instance at 0x7fb301a98460>,13,24,[ 5 11],14,27,51,13,22
1,<environment.Job instance at 0x7fb301a98730>,17,19,[1 5],18,51,70,33,41
1,<environment.Job instance at 0x7fb301707690>,23,1,[10  5],24,60,61,36,60
1,<environment.Job instance at 0x7fb2fab93b90>,1,21,[4 9],2,2,23,0,2
1,<environment.Job instance at 0x7fb2b762df00>,5,23,[8 4],6,6,29,0,6
1,<environment.Job instance at 0x7fb2b762ddc0>,7,20,[5 7],8,23,43,15,14
1,<environment.Job instance at 0x7fb2b6e0cf00>,16,1,[7 4],17,29,30,12,22
1,<environment.Job instance at 0x7fb2fab936e0>,0,2,[ 2 12],1,43,45,42,22
1,<environment.Job instance at 0x7fb2b6e0c640>,18,3,[2 7],19,30,33,11,22
1,<environment.Job instance at 0x7fb2fac042d0>,21,20,[ 5 13],22,45,65,23,36
1,<environment.Job instance at 0x7fb2fac04b90>,30,24,[7 2],31,46,70,15,46
1,<environment.Job instance at 0x7fb2b7318280>,33,3,[10  3],34,70,73,36,61
1,<environment.Job instance at 0x7fb2b733f8c0>,3,3,[13  5],4,6,9,2,6
1,<environment.Job instance at 0x7fb2b7075820>,6,27,[5 2],7,9,36,2,7
1,<environment.Job instance at 0x7fb2b7075730>,10,22,[2 5],11,11,33,0,11
1,<environment.Job instance at 0x7fb2b7067960>,24,28,[4 5],25,31,59,6,31
1,<environment.Job instance at 0x7fb2b7067230>,14,18,[10  2],15,36,54,21,34
1,<environment.Job instance at 0x7fb2b7067aa0>,27,2,[ 5 13],28,59,61,31,43
1,<environment.Job instance at 0x7fb2b7067f00>,29,1,[4 5],30,54,55,24,47
1,<environment.Job instance at 0x7fb2b709a320>,31,25,[10  1],32,55,80,23,51
1,<environment.Job instance at 0x7fb2b709a3c0>,33,2,[5 1],34,61,63,27,59
1,<environment.Job instance at 0x7fb2b709a410>,3,24,[5 3],4,4,28,0,4
1,<environment.Job instance at 0x7fb2b726a9b0>,5,1,[5 9],6,7,8,1,7
1,<environment.Job instance at 0x7fb2b726ab90>,11,28,[9 4],12,13,41,1,13
1,<environment.Job instance at 0x7fb301a01690>,16,1,[6 3],17,28,29,11,26
1,<environment.Job instance at 0x7fb2b726a690>,7,2,[11  4],8,41,43,33,27
1,<environment.Job instance at 0x7fb301a01d70>,18,19,[ 3 11],19,39,58,20,39
1,<environment.Job instance at 0x7fb301b063c0>,26,21,[5 5],27,60,81,33,60
1,<environment.Job instance at 0x7fb3018e4460>,7,24,[5 9],8,8,32,0,8
1,<environment.Job instance at 0x7fb3015b9b40>,11,28,[3 6],12,12,40,0,12
1,<environment.Job instance at 0x7fb2fae8ba50>,18,2,[4 6],19,32,34,13,28
1,<environment.Job instance at 0x7fb3015b9050>,19,26,[2 6],20,34,60,14,31
1,<environment.Job instance at 0x7fb2b7453aa0>,20,20,[9 3],21,34,54,13,31
1,<environment.Job instance at 0x7fb301cbe640>,27,1,[ 1 13],28,60,61,32,58
1,<environment.Job instance at 0x7fb301b79410>,28,26,[8 2],29,58,84,29,58
1,<environment.Job instance at 0x7fb2faebf9b0>,31,1,[5 4],32,61,62,29,60
1,<environment.Job instance at 0x7fb301c9c3c0>,1,24,[14  3],2,2,26,0,2
1,<environment.Job instance at 0x7fb2b73520a0>,3,24,[10  2],4,26,50,22,21
1,<environment.Job instance at 0x7fb3016bbe10>,4,2,[3 6],5,26,28,21,22
1,<environment.Job instance at 0x7fb2fb09ea50>,11,2,[1 9],12,22,24,10,22
1,<environment.Job instance at 0x7fb2b6def230>,23,3,[ 4 10],24,56,59,32,56
1,<environment.Job instance at 0x7fb2b6def8c0>,25,27,[4 5],26,56,83,30,56
1,<environment.Job instance at 0x7fb2b6defa50>,26,1,[12  2],27,83,84,56,59
1,<environment.Job instance at 0x7fb2fab65820>,4,1,[13  5],5,8,9,3,8
1,<environment.Job instance at 0x7fb2fab65dc0>,6,1,[5 7],7,9,10,2,9
1,<environment.Job instance at 0x7fb2fac48be0>,10,25,[5 3],11,11,36,0,11
1,<environment.Job instance at 0x7fb2fac48730>,12,2,[3 7],13,13,15,0,13
1,<environment.Job instance at 0x7fb2fac487d0>,15,2,[8 1],16,16,18,0,16
1,<environment.Job instance at 0x7fb3018e7eb0>,17,1,[ 4 10],18,25,26,7,25
1,<environment.Job instance at 0x7fb3018e77d0>,19,28,[3 9],20,26,54,6,25
1,<environment.Job instance at 0x7fb3018e70a0>,22,23,[3 7],23,54,77,31,48
1,<environment.Job instance at 0x7fb3018e7e60>,23,3,[8 1],24,48,51,24,48
1,<environment.Job instance at 0x7fb2b711b0f0>,26,3,[ 5 14],27,77,80,50,65
1,<environment.Job instance at 0x7fb3019d0730>,11,1,[6 3],12,12,13,0,12
1,<environment.Job instance at 0x7fb2facaae10>,14,1,[4 8],15,15,16,0,15
1,<environment.Job instance at 0x7fb2b762d780>,16,27,[2 9],17,17,44,0,17
1,<environment.Job instance at 0x7fb2fb230e10>,21,1,[10  1],22,38,39,16,38
1,<environment.Job instance at 0x7fb2fb2309b0>,22,22,[8 1],23,39,61,16,38
1,<environment.Job instance at 0x7fb30229c140>,25,3,[ 1 13],26,50,53,24,50
1,<environment.Job instance at 0x7fb2fafc25a0>,26,2,[14  2],27,61,63,34,50
1,<environment.Job instance at 0x7fb2b71ae3c0>,29,2,[10  2],30,65,67,35,65
1,<environment.Job instance at 0x7fb2b71aee10>,30,2,[14  4],31,67,69,36,65
1,<environment.Job instance at 0x7fb2b71aeb90>,31,27,[8 5],32,69,96,37,67
1,<environment.Job instance at 0x7f93a446d870>,10,1,[7 3],11,30,31,19,30
1,<environment.Job instance at 0x7f93a446deb0>,20,1,[3 7],21,68,69,47,68
1,<environment.Job instance at 0x7f93a446df50>,21,3,[ 2 10],22,69,72,47,68
1,<environment.Job instance at 0x7f93a446df00>,22,2,[12  3],23,69,71,46,69
1,<environment.Job instance at 0x7f93a99f7050>,5,19,[14  4],6,10,29,4,10
1,<environment.Job instance at 0x7f93a99ed690>,15,23,[3 7],16,29,52,13,23
1,<environment.Job instance at 0x7f93a99f1b40>,22,27,[ 3 13],23,52,79,29,50
1,<environment.Job instance at 0x7f93a98a5aa0>,30,20,[5 7],31,79,99,48,70
1,<environment.Job instance at 0x7f93a98a5e10>,28,20,[5 7],29,79,99,50,70
1,<environment.Job instance at 0x7f935e85e2d0>,6,22,[11  3],7,7,29,0,7
1,<environment.Job instance at 0x7f935e848b90>,15,25,[3 9],16,16,41,0,16
1,<environment.Job instance at 0x7f935e848820>,19,23,[2 8],20,41,64,21,35
1,<environment.Job instance at 0x7f935e85ea50>,12,1,[ 5 10],13,64,65,51,36
1,<environment.Job instance at 0x7f935e848e60>,21,1,[5 1],22,36,37,14,36
1,<environment.Job instance at 0x7f935e848370>,22,2,[8 2],23,37,39,14,36
1,<environment.Job instance at 0x7f935e848690>,23,1,[3 9],24,65,66,41,37
1,<environment.Job instance at 0x7f935e848780>,26,26,[9 1],27,39,65,12,38
1,<environment.Job instance at 0x7f935e8654b0>,36,23,[5 8],37,72,95,35,72
1,<environment.Job instance at 0x7f935e865690>,41,2,[12  1],42,95,97,53,76
1,<environment.Job instance at 0x7f935e866730>,0,28,[7 3],1,1,29,0,1
1,<environment.Job instance at 0x7f935eb26e60>,9,1,[8 3],10,10,11,0,10
1,<environment.Job instance at 0x7f935e8411e0>,11,3,[1 8],12,14,17,2,14
1,<environment.Job instance at 0x7f935eb26be0>,15,2,[9 2],16,29,31,13,27
1,<environment.Job instance at 0x7f935eb26af0>,16,2,[5 1],17,27,29,10,27
1,<environment.Job instance at 0x7f935eb26870>,17,1,[1 7],18,27,28,9,27
1,<environment.Job instance at 0x7f935ec5bd70>,20,2,[8 3],21,31,33,10,28
1,<environment.Job instance at 0x7f935ec5b140>,21,19,[ 3 14],22,33,52,11,29
1,<environment.Job instance at 0x7f935ec5b5a0>,22,2,[14  5],23,52,54,29,29
1,<environment.Job instance at 0x7f935ec5b320>,23,21,[9 5],24,54,75,30,46
1,<environment.Job instance at 0x7f935e839230>,26,22,[6 1],27,54,76,27,50
1,<environment.Job instance at 0x7f935ee2d0f0>,15,1,[5 7],16,16,17,0,16
1,<environment.Job instance at 0x7f935ee2d910>,22,20,[7 3],23,55,75,32,55
1,<environment.Job instance at 0x7f935ee2d9b0>,23,1,[2 8],24,55,56,31,55
1,<environment.Job instance at 0x7f935ee2d5a0>,26,20,[6 2],27,55,75,28,55
1,<environment.Job instance at 0x7f935ee2ddc0>,33,1,[2 8],34,71,72,37,71
1,<environment.Job instance at 0x7f93a45ebdc0>,3,27,[7 5],4,4,31,0,4
1,<environment.Job instance at 0x7f93a47dafa0>,14,3,[2 5],15,25,28,10,25
1,<environment.Job instance at 0x7f93a47da730>,15,25,[3 7],16,28,53,12,25
1,<environment.Job instance at 0x7f93a47dabe0>,19,3,[9 3],20,37,40,17,37
1,<environment.Job instance at 0x7f93a47daf50>,20,1,[ 4 12],21,53,54,32,37
1,<environment.Job instance at 0x7f93a47da960>,21,1,[10  1],22,40,41,18,37
1,<environment.Job instance at 0x7f93a47dab40>,23,1,[5 2],24,50,51,26,50
1,<environment.Job instance at 0x7f93a45a1730>,28,21,[9 5],29,78,99,49,78
1,<environment.Job instance at 0x7f93a6f155f0>,29,3,[12  1],30,99,102,69,79
1,<environment.Job instance at 0x7f93a4507be0>,1,24,[4 8],2,2,26,0,2
1,<environment.Job instance at 0x7f935e990050>,5,19,[7 5],6,6,25,0,6
1,<environment.Job instance at 0x7f93a491a370>,11,1,[11  1],12,25,26,13,19
1,<environment.Job instance at 0x7f935e71d7d0>,20,19,[2 7],21,26,45,5,23
1,<environment.Job instance at 0x7f935ecce3c0>,21,24,[1 9],22,45,69,23,40
1,<environment.Job instance at 0x7f93a45d0960>,24,1,[2 5],25,40,41,15,40
1,<environment.Job instance at 0x7f93a44a6500>,27,23,[10  4],28,41,64,13,40
1,<environment.Job instance at 0x7f93a44012d0>,33,3,[ 5 13],34,69,72,35,55
1,<environment.Job instance at 0x7f93a4544e60>,16,18,[8 2],17,68,86,51,68
1,<environment.Job instance at 0x7f93a4401c80>,37,1,[11  4],38,86,87,48,68
1,<environment.Job instance at 0x7f93a44015a0>,38,1,[5 3],39,68,69,29,68
1,<environment.Job instance at 0x7f935e9abeb0>,10,1,[5 1],11,11,12,0,11
1,<environment.Job instance at 0x7f935e9a30a0>,12,2,[5 5],13,13,15,0,13
1,<environment.Job instance at 0x7f935e9a37d0>,17,3,[12  4],18,26,29,8,26
1,<environment.Job instance at 0x7f935e9a3a00>,19,28,[1 8],20,34,62,14,34
1,<environment.Job instance at 0x7f935e9a3870>,24,1,[7 3],25,49,50,24,49
1,<environment.Job instance at 0x7f935e9a3f00>,29,3,[4 9],30,75,78,45,75
1,<environment.Job instance at 0x7f93a6fa8230>,9,23,[6 5],10,10,33,0,10
1,<environment.Job instance at 0x7f93a6fa8e10>,8,2,[4 5],9,11,13,2,11
1,<environment.Job instance at 0x7f935e70de10>,11,2,[5 7],12,13,15,1,12
1,<environment.Job instance at 0x7f935e70ddc0>,12,1,[4 6],13,15,16,2,13
1,<environment.Job instance at 0x7f93a445e1e0>,13,1,[4 9],14,16,17,2,14
1,<environment.Job instance at 0x7f93a42a1280>,15,3,[9 2],16,17,20,1,16
1,<environment.Job instance at 0x7f93a42a19b0>,16,2,[8 4],17,20,22,3,17
1,<environment.Job instance at 0x7f93a42a16e0>,17,3,[10  4],18,33,36,15,18
1,<environment.Job instance at 0x7f93a42a1960>,18,3,[3 9],19,22,25,3,19
1,<environment.Job instance at 0x7f93a42b2f50>,19,21,[1 9],20,25,46,5,20
1,<environment.Job instance at 0x7f93a4564cd0>,20,27,[6 4],21,36,63,15,34
1,<environment.Job instance at 0x7f93a445eb90>,21,1,[11  4],22,63,64,41,36
1,<environment.Job instance at 0x7f93a6c24370>,28,22,[7 5],29,64,86,35,57
1,<environment.Job instance at 0x7f935ea80f50>,32,24,[1 6],33,58,82,25,58
1,<environment.Job instance at 0x7f935eb8c780>,0,20,[4 6],1,1,21,0,1
1,<environment.Job instance at 0x7f93a4934dc0>,7,1,[10  5],8,8,9,0,8
1,<environment.Job instance at 0x7f93a6ac8730>,8,2,[13  3],9,21,23,12,9
1,<environment.Job instance at 0x7f935ecfffa0>,9,1,[5 1],10,10,11,0,10
1,<environment.Job instance at 0x7f935ede40a0>,18,20,[3 8],19,23,43,4,20
1,<environment.Job instance at 0x7f93a43fd730>,20,24,[10  4],21,23,47,2,22
1,<environment.Job instance at 0x7f93a43fdd70>,21,21,[4 7],22,43,64,21,35
1,<environment.Job instance at 0x7f93a4847f50>,24,1,[ 2 11],25,64,65,39,46
1,<environment.Job instance at 0x7f93a48ffc80>,29,19,[5 5],30,65,84,35,55
1,<environment.Job instance at 0x7f93a44d1690>,33,3,[8 4],34,77,80,43,77
1,<environment.Job instance at 0x7f935e78a780>,7,2,[ 3 10],8,8,10,0,8
1,<environment.Job instance at 0x7f935e78aa50>,10,19,[4 5],11,11,30,0,11
1,<environment.Job instance at 0x7f935e78af00>,15,1,[5 8],16,30,31,14,30
1,<environment.Job instance at 0x7f935e78af50>,17,2,[9 3],18,36,38,18,36
1,<environment.Job instance at 0x7f935e77c280>,20,23,[9 4],21,39,62,18,39
1,<environment.Job instance at 0x7f935e77c320>,21,21,[8 2],22,62,83,40,54
1,<environment.Job instance at 0x7f935e77c0f0>,22,21,[5 7],23,54,75,31,54
1,<environment.Job instance at 0x7f93a6b344b0>,6,25,[6 3],7,7,32,0,7
1,<environment.Job instance at 0x7f93a46a6e10>,14,1,[14  5],15,32,33,17,25
1,<environment.Job instance at 0x7f93a46a6370>,13,2,[14  3],14,33,35,19,29
1,<environment.Job instance at 0x7f93a46a65f0>,19,1,[1 8],20,29,30,9,29
1,<environment.Job instance at 0x7f93a6d06140>,23,1,[12  4],24,35,36,11,29
1,<environment.Job instance at 0x7f93a6d06870>,27,20,[1 8],28,30,50,2,29
1,<environment.Job instance at 0x7f93a4507820>,30,2,[ 2 12],31,50,52,19,41
1,<environment.Job instance at 0x7f93a4507500>,31,21,[4 9],32,52,73,20,44
1,<environment.Job instance at 0x7f93a45075f0>,34,3,[2 7],35,45,48,10,45
1,<environment.Job instance at 0x7f93a4507eb0>,35,23,[8 4],36,52,75,16,46
1,<environment.Job instance at 0x7f93a4507b90>,37,20,[5 7],38,73,93,35,64
1,<environment.Job instance at 0x7f93a6e65dc0>,46,1,[7 4],47,75,76,28,72
1,<environment.Job instance at 0x7f93a4724af0>,0,28,[ 2 14],1,1,29,0,1
1,<environment.Job instance at 0x7f93a71210f0>,1,28,[5 1],2,2,30,0,2
1,<environment.Job instance at 0x7f93a6c15cd0>,13,23,[7 4],14,29,52,15,23
1,<environment.Job instance at 0x7f93a4735cd0>,23,3,[13  5],24,52,55,28,39
1,<environment.Job instance at 0x7f93a4735140>,24,3,[4 5],25,39,42,14,39
1,<environment.Job instance at 0x7f93a421e820>,26,27,[5 2],27,55,82,28,53
1,<environment.Job instance at 0x7f93a421eeb0>,30,22,[2 5],31,69,91,38,69
1,<environment.Job instance at 0x7f93a421e460>,31,1,[8 4],32,69,70,37,69
1,<environment.Job instance at 0x7f93a6d7c2d0>,36,1,[2 6],37,72,73,35,72
1,<environment.Job instance at 0x7f93a6a88f50>,13,24,[5 3],14,18,42,4,18
1,<environment.Job instance at 0x7f93a6a889b0>,15,1,[5 9],16,21,22,5,21
1,<environment.Job instance at 0x7f93a6a88c80>,17,2,[11  4],18,42,44,24,23
1,<environment.Job instance at 0x7f93a6a9f410>,20,3,[8 3],21,34,37,13,34
1,<environment.Job instance at 0x7f935e74e050>,21,28,[9 4],22,44,72,22,43
1,<environment.Job instance at 0x7f93a6a9f370>,22,2,[3 6],23,43,45,20,43
1,<environment.Job instance at 0x7f93a6cf0af0>,26,1,[6 3],27,62,63,35,62
1,<environment.Job instance at 0x7f93a4982730>,28,19,[ 3 11],29,70,89,41,70
1,<environment.Job instance at 0x7f935e88eeb0>,30,17,[10  1],31,77,94,46,77
1,<environment.Job instance at 0x7f93a4991140>,33,3,[8 2],34,94,97,60,78
1,<environment.Job instance at 0x7f93a6e69d70>,7,24,[5 9],8,8,32,0,8
1,<environment.Job instance at 0x7f93a977f140>,11,28,[3 6],12,12,40,0,12
1,<environment.Job instance at 0x7f935ec23fa0>,18,2,[4 6],19,32,34,13,29
1,<environment.Job instance at 0x7f935ec23780>,19,26,[2 6],20,34,60,14,31
1,<environment.Job instance at 0x7f935ec23e10>,20,20,[9 3],21,34,54,13,31
1,<environment.Job instance at 0x7f935ee2da50>,27,1,[ 1 13],28,60,61,32,49
1,<environment.Job instance at 0x7f935ee0f8c0>,28,26,[8 2],29,54,80,25,51
1,<environment.Job instance at 0x7f935e6b5320>,31,1,[5 4],32,54,55,22,54
1,<environment.Job instance at 0x7f93a6bd0d70>,35,25,[ 3 14],36,80,105,44,76
1,<environment.Job instance at 0x7f935e453730>,13,3,[ 4 10],14,21,24,7,21
1,<environment.Job instance at 0x7f935e453af0>,15,27,[4 5],16,21,48,5,21
1,<environment.Job instance at 0x7f935e4537d0>,16,1,[12  2],17,48,49,31,22
1,<environment.Job instance at 0x7f935e453050>,18,2,[1 9],19,28,30,9,28
1,<environment.Job instance at 0x7f935e453f50>,26,25,[7 3],27,49,74,22,45
1,<environment.Job instance at 0x7f935e46c780>,30,26,[6 4],31,53,79,22,53
1,<environment.Job instance at 0x7f935e445910>,2,23,[3 7],3,3,26,0,3
1,<environment.Job instance at 0x7f93a49535f0>,13,1,[5 4],14,19,20,5,19
1,<environment.Job instance at 0x7f93a4940d70>,15,1,[1 8],16,20,21,4,19
1,<environment.Job instance at 0x7f93a4939a50>,6,3,[ 5 14],7,26,29,19,25
1,<environment.Job instance at 0x7f93a48bb050>,23,3,[5 3],24,45,48,21,45
1,<environment.Job instance at 0x7f93a4921eb0>,25,1,[6 1],26,59,60,33,59
1,<environment.Job instance at 0x7f93a4921aa0>,26,1,[ 5 10],27,59,60,32,59
1,<environment.Job instance at 0x7f93a47dc320>,28,1,[1 9],29,60,61,31,60
1,<environment.Job instance at 0x7f93a4342870>,29,2,[13  4],30,60,62,30,60
1,<environment.Job instance at 0x7f93a43424b0>,30,2,[5 2],31,62,64,31,60
1,<environment.Job instance at 0x7f935e93ad20>,32,1,[2 9],33,73,74,40,73
1,<environment.Job instance at 0x7f935e5703c0>,33,20,[ 5 12],34,74,94,40,73
1,<environment.Job instance at 0x7f935e964f00>,36,1,[5 9],37,94,95,57,76
1,<environment.Job instance at 0x7f935e970550>,37,2,[10  2],38,76,78,38,76
1,<environment.Job instance at 0x7f93a6c285a0>,38,2,[8 5],39,94,96,55,76
1,<environment.Job instance at 0x7f93a6c11230>,34,2,[ 5 11],35,96,98,61,76
1,<environment.Job instance at 0x7f93a4461820>,1,27,[8 5],2,2,29,0,2
1,<environment.Job instance at 0x7f935e583a50>,10,1,[5 2],11,19,20,8,19
1,<environment.Job instance at 0x7f93a98a7b90>,0,2,[14  4],1,29,31,28,19
1,<environment.Job instance at 0x7f935e583960>,13,26,[7 1],14,31,57,17,28
1,<environment.Job instance at 0x7f935e583f50>,16,1,[7 3],17,38,39,21,38
1,<environment.Job instance at 0x7f935ecaa500>,21,2,[3 8],22,48,50,26,48
1,<environment.Job instance at 0x7f935ecaac30>,22,18,[9 1],23,57,75,34,50
1,<environment.Job instance at 0x7f935ecaad70>,27,3,[1 8],28,66,69,38,66
1,<environment.Job instance at 0x7f935e875a00>,28,3,[3 6],29,66,69,37,66
1,<environment.Job instance at 0x7f93a6bb02d0>,0,20,[ 4 10],1,1,21,0,1
1,<environment.Job instance at 0x7f93a6f971e0>,1,1,[ 3 10],2,21,22,19,4
1,<environment.Job instance at 0x7f93a960e190>,6,24,[4 5],7,7,31,0,7
1,<environment.Job instance at 0x7f935e829960>,7,24,[4 8],8,22,46,14,17
1,<environment.Job instance at 0x7f935ea72be0>,22,23,[6 2],23,23,46,0,23
1,<environment.Job instance at 0x7f935e688aa0>,24,3,[ 1 12],25,51,54,26,51
1,<environment.Job instance at 0x7f935ea5c050>,31,1,[3 6],32,54,55,22,51
1,<environment.Job instance at 0x7f93a42be4b0>,33,1,[11  3],34,51,52,17,51
1,<environment.Job instance at 0x7f93a47225a0>,35,28,[ 4 12],36,55,83,19,55
1,<environment.Job instance at 0x7f93a494c8c0>,7,2,[10  2],8,8,10,0,8
1,<environment.Job instance at 0x7f935eb629b0>,13,3,[6 5],14,23,26,9,23
1,<environment.Job instance at 0x7f935eb622d0>,14,19,[ 5 10],15,23,42,8,23
1,<environment.Job instance at 0x7f935eb62460>,17,27,[8 5],18,35,62,17,35
1,<environment.Job instance at 0x7f935eb62e10>,19,3,[ 1 12],20,62,65,42,41
1,<environment.Job instance at 0x7f93a48261e0>,24,3,[13  1],25,62,65,37,58
1,<environment.Job instance at 0x7f93a48269b0>,28,3,[1 7],29,69,72,40,69
1,<environment.Job instance at 0x7f93a48263c0>,30,20,[8 5],31,69,89,38,69
1,<environment.Job instance at 0x7f93a4826190>,33,2,[6 2],34,78,80,44,78
1,<environment.Job instance at 0x7f6463bad820>,10,1,[7 3],11,16,17,5,16
1,<environment.Job instance at 0x7f6463bad6e0>,11,2,[3 9],12,16,18,4,16
1,<environment.Job instance at 0x7f6463badc30>,17,3,[10  3],18,39,42,21,39
1,<environment.Job instance at 0x7f6463badeb0>,20,1,[3 7],21,75,76,54,75
1,<environment.Job instance at 0x7f6463baddc0>,21,3,[ 2 10],22,76,79,54,75
1,<environment.Job instance at 0x7f6463badf00>,22,2,[12  3],23,79,81,56,79
1,<environment.Job instance at 0x7f6463bb1140>,24,3,[5 9],25,81,84,56,80
1,<environment.Job instance at 0x7f6463bb11e0>,25,3,[1 6],26,80,83,54,80
1,<environment.Job instance at 0x7f6463bb1050>,26,22,[2 9],27,84,106,57,80
1,<environment.Job instance at 0x7f646afe3e10>,5,23,[3 7],6,6,29,0,6
1,<environment.Job instance at 0x7f646b123be0>,9,2,[10  4],10,10,12,0,10
1,<environment.Job instance at 0x7f646b12c4b0>,12,27,[ 3 13],13,29,56,16,27
1,<environment.Job instance at 0x7f646b12c690>,18,20,[5 7],19,56,76,37,47
1,<environment.Job instance at 0x7f646b130dc0>,20,20,[5 7],21,56,76,35,47
1,<environment.Job instance at 0x7f646b136230>,33,3,[1 5],34,76,79,42,73
1,<environment.Job instance at 0x7f646b136e10>,36,2,[9 1],37,80,82,43,80
1,<environment.Job instance at 0x7f646b1366e0>,37,3,[1 8],38,80,83,42,80
1,<environment.Job instance at 0x7f641ffa30f0>,6,26,[9 1],7,7,33,0,7
1,<environment.Job instance at 0x7f641ffa3f00>,16,23,[5 8],17,17,40,0,17
1,<environment.Job instance at 0x7f641fea8a00>,21,2,[12  1],22,40,42,18,32
1,<environment.Job instance at 0x7f641fea8eb0>,23,27,[5 3],24,42,69,18,40
1,<environment.Job instance at 0x7f641fea8500>,27,1,[1 6],28,49,50,21,49
1,<environment.Job instance at 0x7f641fea8140>,28,22,[9 2],29,49,71,20,49
1,<environment.Job instance at 0x7f641fea8af0>,29,3,[ 4 12],30,69,72,39,52
1,<environment.Job instance at 0x7f64204c3dc0>,0,1,[9 5],1,2,3,1,2
1,<environment.Job instance at 0x7f64204c3e60>,4,1,[3 7],5,8,9,3,8
1,<environment.Job instance at 0x7f641ffc49b0>,8,1,[ 5 14],9,9,10,0,9
1,<environment.Job instance at 0x7f641ffc4cd0>,14,2,[1 7],15,17,19,2,17
1,<environment.Job instance at 0x7f641ffc4730>,15,1,[ 4 10],16,19,20,3,17
1,<environment.Job instance at 0x7f64205276e0>,17,1,[9 4],18,25,26,7,25
1,<environment.Job instance at 0x7f641ffc45f0>,13,3,[14  5],14,26,29,12,25
1,<environment.Job instance at 0x7f6420527410>,21,3,[3 6],22,29,32,7,27
1,<environment.Job instance at 0x7f64203aadc0>,22,1,[13  3],23,32,33,9,27
1,<environment.Job instance at 0x7f64203aabe0>,25,1,[8 2],26,45,46,19,45
1,<environment.Job instance at 0x7f64203a6050>,27,1,[4 8],28,56,57,28,56
1,<environment.Job instance at 0x7f64202de8c0>,31,2,[3 8],32,73,75,41,73
1,<environment.Job instance at 0x7f642052b730>,32,27,[ 2 13],33,75,102,42,73
1,<environment.Job instance at 0x7f641ff6d410>,1,25,[10  4],2,2,27,0,2
1,<environment.Job instance at 0x7f642052b8c0>,4,22,[1 9],5,5,27,0,5
1,<environment.Job instance at 0x7f64202a5730>,15,20,[3 8],16,27,47,11,18
1,<environment.Job instance at 0x7f64202a5550>,13,24,[3 6],14,27,51,13,22
1,<environment.Job instance at 0x7f64202a5870>,17,27,[9 5],18,47,74,29,45
1,<environment.Job instance at 0x7f64202a5d20>,23,2,[ 3 14],24,74,76,50,49
1,<environment.Job instance at 0x7f64202a5fa0>,26,21,[6 1],27,51,72,24,49
1,<environment.Job instance at 0x7f64202b2230>,29,1,[10  5],30,76,77,46,63
1,<environment.Job instance at 0x7f64202b2370>,31,2,[7 4],32,77,79,45,63
1,<environment.Job instance at 0x7f64202b24b0>,33,18,[8 1],34,79,97,45,79
1,<environment.Job instance at 0x7f64202b2550>,34,3,[ 3 12],35,79,82,44,79
1,<environment.Job instance at 0x7f64202b25f0>,35,27,[5 5],36,82,109,46,80
1,<environment.Job instance at 0x7f64202b2690>,36,22,[2 8],37,82,104,45,80
1,<environment.Job instance at 0x7f6463cd7c80>,5,1,[12  4],6,6,7,0,6
1,<environment.Job instance at 0x7f6463cd7e60>,7,2,[5 2],8,11,13,3,11
1,<environment.Job instance at 0x7f646afe03c0>,6,2,[9 2],7,12,14,5,12
1,<environment.Job instance at 0x7f646ab11d20>,12,27,[5 5],13,13,40,0,13
1,<environment.Job instance at 0x7f646ab118c0>,14,25,[1 7],15,15,40,0,15
1,<environment.Job instance at 0x7f64202decd0>,26,27,[5 8],27,46,73,19,46
1,<environment.Job instance at 0x7f64202de820>,29,1,[ 4 10],30,73,74,43,52
1,<environment.Job instance at 0x7f64202def50>,30,1,[10  3],31,52,53,21,52
1,<environment.Job instance at 0x7f64202de8c0>,31,24,[4 8],32,74,98,42,69
1,<environment.Job instance at 0x7f64202deaf0>,32,3,[1 7],33,69,72,36,69
1,<environment.Job instance at 0x7f646ab7e500>,34,2,[4 8],35,98,100,63,71
1,<environment.Job instance at 0x7f646ab7e4b0>,35,19,[7 5],36,72,91,36,71
1,<environment.Job instance at 0x7f6463cd00a0>,5,1,[8 1],6,6,7,0,6
1,<environment.Job instance at 0x7f646afdfd20>,2,3,[11  3],3,19,22,16,19
1,<environment.Job instance at 0x7f6463e66a50>,19,1,[8 3],20,29,30,9,29
1,<environment.Job instance at 0x7f6463cb3780>,21,3,[1 6],22,34,37,12,34
1,<environment.Job instance at 0x7f6463cb31e0>,26,2,[ 3 10],27,50,52,23,50
1,<environment.Job instance at 0x7f642019f230>,27,3,[5 1],28,50,53,22,50
1,<environment.Job instance at 0x7f646a4b7eb0>,30,1,[5 1],31,64,65,33,64
1,<environment.Job instance at 0x7f6463e54be0>,32,2,[5 5],33,65,67,32,65
1,<environment.Job instance at 0x7f6463e54c80>,33,1,[7 1],34,65,66,31,65
1,<environment.Job instance at 0x7f6463ffc370>,6,2,[5 5],7,7,9,0,7
1,<environment.Job instance at 0x7f641feac0f0>,18,2,[4 5],19,27,29,8,27
1,<environment.Job instance at 0x7f641feac140>,19,23,[6 5],20,27,50,7,27
1,<environment.Job instance at 0x7f641feac320>,21,2,[5 7],22,31,33,9,31
1,<environment.Job instance at 0x7f641feac410>,23,1,[4 9],24,33,34,9,31
1,<environment.Job instance at 0x7f641feaca50>,27,3,[10  4],28,50,53,22,35
1,<environment.Job instance at 0x7f641feac960>,29,21,[1 9],30,37,58,7,37
1,<environment.Job instance at 0x7f641feacbe0>,30,27,[6 4],31,53,80,22,51
1,<environment.Job instance at 0x7f641feaceb0>,31,1,[11  4],32,80,81,48,65
1,<environment.Job instance at 0x7f641fea2640>,38,22,[7 5],39,81,103,42,74
1,<environment.Job instance at 0x7f641fea2a00>,42,24,[1 6],43,77,101,34,77
1,<environment.Job instance at 0x7f646aeb2e10>,0,20,[4 6],1,1,21,0,1
1,<environment.Job instance at 0x7f64203c20f0>,7,1,[10  5],8,11,12,3,11
1,<environment.Job instance at 0x7f641fd5b5f0>,8,2,[13  3],9,21,23,12,18
1,<environment.Job instance at 0x7f641fd3ca00>,18,20,[3 8],19,23,43,4,23
1,<environment.Job instance at 0x7f646aae2c30>,20,24,[10  4],21,25,49,4,25
1,<environment.Job instance at 0x7f646aae2410>,21,21,[4 7],22,43,64,21,35
1,<environment.Job instance at 0x7f64204b6690>,24,1,[ 2 11],25,64,65,39,47
1,<environment.Job instance at 0x7f646aae23c0>,27,1,[2 6],28,49,50,21,47
1,<environment.Job instance at 0x7f646a803e60>,29,19,[5 5],30,65,84,35,56
1,<environment.Job instance at 0x7f64639bd780>,0,19,[4 5],1,3,22,2,3
1,<environment.Job instance at 0x7f646aeb2e10>,5,1,[5 8],6,6,7,0,6
1,<environment.Job instance at 0x7f64201d9fa0>,7,2,[9 3],8,8,10,0,8
1,<environment.Job instance at 0x7f6420285280>,9,1,[5 4],10,10,11,0,10
1,<environment.Job instance at 0x7f6420095f50>,10,23,[9 4],11,11,34,0,11
1,<environment.Job instance at 0x7f6463dcd550>,12,21,[5 7],13,22,43,9,14
1,<environment.Job instance at 0x7f64204a2d70>,18,28,[10  4],19,34,62,15,33
1,<environment.Job instance at 0x7f642044e230>,23,18,[7 1],24,62,80,38,58
1,<environment.Job instance at 0x7f642017d050>,27,3,[6 3],28,62,65,34,58
1,<environment.Job instance at 0x7f6463a29b40>,29,1,[2 5],30,58,59,28,58
1,<environment.Job instance at 0x7f6463a29230>,30,26,[4 9],31,65,91,34,62
1,<environment.Job instance at 0x7f64204db730>,37,23,[5 3],38,80,103,42,80
1,<environment.Job instance at 0x7f6463957af0>,0,1,[8 1],1,2,3,1,2
1,<environment.Job instance at 0x7f64204dbc30>,2,2,[3 6],3,3,5,0,3
1,<environment.Job instance at 0x7f64639575f0>,3,1,[12  4],4,4,5,0,4
1,<environment.Job instance at 0x7f6463f88e10>,7,20,[1 8],8,8,28,0,8
1,<environment.Job instance at 0x7f6463f88fa0>,11,21,[4 9],12,28,49,16,20
1,<environment.Job instance at 0x7f6463f723c0>,15,23,[8 4],16,21,44,5,21
1,<environment.Job instance at 0x7f6463f72500>,17,20,[5 7],18,49,69,31,40
1,<environment.Job instance at 0x7f6463f72af0>,21,3,[2 6],22,46,49,24,46
1,<environment.Job instance at 0x7f6463f72c30>,23,3,[8 3],24,49,52,25,49
1,<environment.Job instance at 0x7f6463f72140>,10,2,[ 2 12],11,69,71,58,54
1,<environment.Job instance at 0x7f6463f72cd0>,26,1,[7 4],27,54,55,27,54
1,<environment.Job instance at 0x7f6463f95050>,31,20,[ 5 13],32,71,91,39,64
1,<environment.Job instance at 0x7f6463f950a0>,32,1,[5 1],33,64,65,31,64
1,<environment.Job instance at 0x7f6463f952d0>,35,1,[6 4],36,91,92,55,77
1,<environment.Job instance at 0x7f6463f95370>,36,3,[6 1],37,78,81,41,78
1,<environment.Job instance at 0x7f6463f95410>,37,1,[5 1],38,81,82,43,78
1,<environment.Job instance at 0x7f6463f95550>,39,1,[8 1],40,82,83,42,79
1,<environment.Job instance at 0x7f6463f957d0>,40,24,[7 2],41,83,107,42,79
1,<environment.Job instance at 0x7f64201fc370>,0,22,[2 5],1,1,23,0,1
1,<environment.Job instance at 0x7f6463e630f0>,10,1,[ 2 10],11,11,12,0,11
1,<environment.Job instance at 0x7f6463e63c80>,12,1,[9 5],13,13,14,0,13
1,<environment.Job instance at 0x7f6463e63140>,14,28,[4 5],15,15,43,0,15
1,<environment.Job instance at 0x7f64202529b0>,17,2,[ 5 13],18,43,45,25,18
1,<environment.Job instance at 0x7f6420252230>,19,1,[4 5],20,20,21,0,20
1,<environment.Job instance at 0x7f6420252dc0>,15,3,[9 2],16,22,25,6,22
1,<environment.Job instance at 0x7f64202525f0>,21,25,[10  1],22,25,50,3,22
1,<environment.Job instance at 0x7f6420252320>,27,1,[2 6],28,45,46,17,43
1,<environment.Job instance at 0x7f646ad4d140>,35,21,[9 3],36,83,104,47,83
1,<environment.Job instance at 0x7f6463ca2460>,6,1,[ 4 10],7,7,8,0,7
1,<environment.Job instance at 0x7f646ad4d050>,5,3,[10  4],6,10,13,4,10
1,<environment.Job instance at 0x7f6463ca2960>,9,2,[5 8],10,11,13,1,11
1,<environment.Job instance at 0x7f646405c870>,14,22,[4 9],15,15,37,0,15
1,<environment.Job instance at 0x7f646405c910>,16,21,[5 5],17,17,38,0,17
1,<environment.Job instance at 0x7f646a75b370>,23,2,[13  2],24,43,45,19,43
1,<environment.Job instance at 0x7f646a75b910>,25,25,[1 6],26,45,70,19,45
1,<environment.Job instance at 0x7f646a75bf50>,26,1,[5 5],27,45,46,18,45
1,<environment.Job instance at 0x7f646a75b410>,28,3,[ 1 10],29,70,73,41,56
1,<environment.Job instance at 0x7f646a75b1e0>,29,3,[9 3],30,56,59,26,56
1,<environment.Job instance at 0x7f646a75be10>,30,27,[11  2],31,59,86,28,57
1,<environment.Job instance at 0x7f6463cbc0a0>,32,20,[ 5 10],33,86,106,53,77
1,<environment.Job instance at 0x7f6463cbc5a0>,35,24,[8 3],36,86,110,50,81
1,<environment.Job instance at 0x7f6464011730>,5,19,[1 5],6,7,26,1,7
1,<environment.Job instance at 0x7f6464011a50>,7,1,[10  2],8,8,9,0,8
1,<environment.Job instance at 0x7f6464011b90>,9,1,[9 4],10,10,11,0,10
1,<environment.Job instance at 0x7f6463fe5e10>,13,3,[3 9],14,15,18,1,15
1,<environment.Job instance at 0x7f6463fe50a0>,14,27,[6 1],15,15,42,0,15
1,<environment.Job instance at 0x7f6463fe51e0>,18,3,[3 8],19,27,30,8,27
1,<environment.Job instance at 0x7f6464011e60>,10,18,[9 2],11,33,51,22,33
1,<environment.Job instance at 0x7f6464010f50>,21,24,[14  3],22,51,75,29,46
1,<environment.Job instance at 0x7f646a490050>,22,1,[1 8],23,46,47,23,46
1,<environment.Job instance at 0x7f646a4901e0>,23,24,[10  2],24,75,99,51,70
1,<environment.Job instance at 0x7f641fbd0eb0>,36,1,[5 2],37,84,85,47,84
1,<environment.Job instance at 0x7f6463d3e280>,4,1,[13  5],5,5,6,0,5
1,<environment.Job instance at 0x7f641fe80aa0>,9,3,[ 3 10],10,10,13,0,10
1,<environment.Job instance at 0x7f64639cc4b0>,10,25,[5 3],11,11,36,0,11
1,<environment.Job instance at 0x7f64201c2c30>,12,2,[3 7],13,13,15,0,13
1,<environment.Job instance at 0x7f6463dc8500>,17,1,[ 4 10],18,18,19,0,18
1,<environment.Job instance at 0x7f6463dc8a50>,19,28,[3 9],20,26,54,6,26
1,<environment.Job instance at 0x7f646a5ff050>,22,23,[3 7],23,54,77,31,48
1,<environment.Job instance at 0x7f6463adc280>,26,3,[ 5 14],27,77,80,50,53
1,<environment.Job instance at 0x7f6463adca50>,33,1,[5 4],34,76,77,42,76
1,<environment.Job instance at 0x7f641fc4bfa0>,34,3,[8 2],35,80,83,45,77
1,<environment.Job instance at 0x7f641fc4b3c0>,35,1,[1 8],36,80,81,44,77
1,<environment.Job instance at 0x7f64204e4c80>,2,22,[8 1],3,3,25,0,3
1,<environment.Job instance at 0x7f641fb33b90>,6,2,[14  2],7,34,36,27,34
1,<environment.Job instance at 0x7f641fb93460>,9,2,[10  2],10,36,38,26,34
1,<environment.Job instance at 0x7f641fb33780>,5,3,[ 1 13],6,35,38,29,35
1,<environment.Job instance at 0x7f641fb93780>,11,27,[8 5],12,38,65,26,36
1,<environment.Job instance at 0x7f641fb93550>,10,2,[14  4],11,65,67,54,43
1,<environment.Job instance at 0x7f641fb93870>,20,1,[5 2],21,56,57,35,56
1,<environment.Job instance at 0x7f641fb92a00>,0,20,[ 4 10],1,1,21,0,1
1,<environment.Job instance at 0x7f641ff098c0>,6,24,[4 5],7,7,31,0,7
1,<environment.Job instance at 0x7f641ff09aa0>,7,24,[4 8],8,21,45,13,16
1,<environment.Job instance at 0x7f641ff31640>,22,23,[6 2],23,23,46,0,23
1,<environment.Job instance at 0x7f641ff07cd0>,24,3,[ 1 12],25,52,55,27,52
1,<environment.Job instance at 0x7f641ff2f6e0>,33,1,[11  3],34,53,54,19,53
1,<environment.Job instance at 0x7f641fb934b0>,35,28,[ 4 12],36,58,86,22,58
1,<environment.Job instance at 0x7f6463b3a0f0>,39,1,[ 4 13],40,86,87,46,75
1,<environment.Job instance at 0x7f6463b51d70>,42,2,[3 5],43,87,89,44,75
1,<environment.Job instance at 0x7f6463b8f1e0>,4,19,[ 5 10],5,5,24,0,5
1,<environment.Job instance at 0x7f6463fb6d20>,7,27,[8 5],8,8,35,0,8
1,<environment.Job instance at 0x7f642003a640>,14,3,[13  1],15,35,38,20,32
1,<environment.Job instance at 0x7f6463d61b40>,20,20,[8 5],21,38,58,17,33
1,<environment.Job instance at 0x7f646a64b4b0>,25,25,[4 5],26,43,68,17,43
1,<environment.Job instance at 0x7f641fe40050>,28,1,[ 4 14],29,68,69,39,43
1,<environment.Job instance at 0x7f6463fc5320>,9,3,[ 1 12],10,69,72,59,59
1,<environment.Job instance at 0x7f641fe40a00>,32,3,[5 8],33,59,62,26,59
1,<environment.Job instance at 0x7f641fe40cd0>,34,2,[3 9],35,62,64,27,59
1,<environment.Job instance at 0x7f641fd8a550>,35,1,[1 7],36,64,65,28,59
1,<environment.Job instance at 0x7f641fd8a5f0>,37,1,[4 7],38,65,66,27,59
1,<environment.Job instance at 0x7f641fd8ac30>,40,2,[13  2],41,69,71,28,63
1,<environment.Job instance at 0x7f646a88e5a0>,44,1,[12  5],45,73,74,28,73
1,<environment.Job instance at 0x7f642044e320>,45,3,[3 9],46,73,76,27,73
1,<environment.Job instance at 0x7f642044e8c0>,47,26,[ 3 10],48,79,105,31,79
1,<environment.Job instance at 0x7f646a9e4050>,5,3,[8 5],6,12,15,6,12
1,<environment.Job instance at 0x7f641fdf8500>,14,2,[10  2],15,18,20,3,18
1,<environment.Job instance at 0x7f641fdf89b0>,18,2,[13  1],19,23,25,4,23
1,<environment.Job instance at 0x7f641fdf82d0>,21,26,[7 2],22,29,55,7,29
1,<environment.Job instance at 0x7f646ab791e0>,30,2,[8 1],31,56,58,25,56
1,<environment.Job instance at 0x7f646ab799b0>,31,23,[5 9],32,56,79,24,56
1,<environment.Job instance at 0x7f646ab79190>,33,3,[ 1 14],34,79,82,45,79
1,<environment.Job instance at 0x7f646ab796e0>,34,1,[ 2 10],35,82,83,47,81
1,<environment.Job instance at 0x7f646ab790a0>,37,22,[2 9],38,83,105,45,81
1,<environment.Job instance at 0x7f646aad9410>,6,25,[8 1],7,7,32,0,7
1,<environment.Job instance at 0x7f646397fd20>,10,2,[3 9],11,11,13,0,11
1,<environment.Job instance at 0x7f646a45fd70>,14,28,[7 4],15,15,43,0,15
1,<environment.Job instance at 0x7f646a45f140>,15,20,[7 2],16,32,52,16,23
1,<environment.Job instance at 0x7f646a46cc80>,24,19,[1 8],25,38,57,13,38
1,<environment.Job instance at 0x7f646a900690>,29,3,[5 3],30,52,55,22,52
1,<environment.Job instance at 0x7f646a900cd0>,31,3,[10  1],32,59,62,27,59
1,<environment.Job instance at 0x7f646a900230>,33,20,[4 5],34,62,82,28,62
1,<environment.Job instance at 0x7f646a640280>,34,2,[6 5],35,62,64,27,62
1,<environment.Job instance at 0x7f646a463d70>,35,20,[5 5],36,62,82,26,62
1,<environment.Job instance at 0x7f646a4638c0>,39,2,[1 6],40,87,89,47,87
1,<environment.Job instance at 0x7fea5fc8e690>,10,1,[7 3],11,22,23,11,22
1,<environment.Job instance at 0x7fea5fc8e870>,11,2,[3 9],12,22,24,10,22
1,<environment.Job instance at 0x7fea5fc8e5f0>,15,3,[10  2],16,36,39,20,36
1,<environment.Job instance at 0x7fea5fc8eb40>,20,1,[3 7],21,63,64,42,63
1,<environment.Job instance at 0x7fea5fc8ee60>,22,2,[12  3],23,65,67,42,65
1,<environment.Job instance at 0x7fea5fc920f0>,26,22,[2 9],27,69,91,42,69
1,<environment.Job instance at 0x7fea5fc92780>,33,2,[5 3],34,93,95,59,93
1,<environment.Job instance at 0x7fea5fc928c0>,34,3,[9 5],35,93,96,58,93
1,<environment.Job instance at 0x7fea670c5c30>,2,27,[ 3 13],3,3,30,0,3
1,<environment.Job instance at 0x7fea670c57d0>,8,20,[5 7],9,30,50,21,21
1,<environment.Job instance at 0x7fea6720bd70>,18,3,[2 7],19,32,35,13,32
1,<environment.Job instance at 0x7fea67203af0>,20,2,[5 6],21,35,37,14,34
1,<environment.Job instance at 0x7fea26c7bc80>,23,3,[1 5],24,37,40,13,37
1,<environment.Job instance at 0x7fea672115f0>,26,2,[9 1],27,53,55,26,53
1,<environment.Job instance at 0x7fea67211d70>,27,3,[1 8],28,53,56,25,53
1,<environment.Job instance at 0x7fea67210640>,28,16,[7 1],29,55,71,26,55
1,<environment.Job instance at 0x7fea67210190>,31,2,[9 3],32,71,73,39,68
1,<environment.Job instance at 0x7fea67210230>,32,3,[8 5],33,68,71,35,68
1,<environment.Job instance at 0x7fea67210370>,33,3,[2 9],34,71,74,37,68
1,<environment.Job instance at 0x7fea67211730>,21,18,[11  5],22,79,97,57,79
1,<environment.Job instance at 0x7fea67217910>,36,18,[1 6],37,79,97,42,79
1,<environment.Job instance at 0x7fea1c02f190>,3,27,[5 3],4,4,31,0,4
1,<environment.Job instance at 0x7fea1bf93500>,1,2,[12  1],2,31,33,29,6
1,<environment.Job instance at 0x7fea1c02f5a0>,7,1,[1 6],8,8,9,0,8
1,<environment.Job instance at 0x7fea1c02f550>,8,22,[9 2],9,9,31,0,9
1,<environment.Job instance at 0x7fea1c02f640>,9,3,[ 4 12],10,33,36,23,23
1,<environment.Job instance at 0x7fea1c02f500>,18,28,[7 4],19,39,67,20,39
1,<environment.Job instance at 0x7fea1c02ffa0>,19,1,[9 2],20,67,68,47,39
1,<environment.Job instance at 0x7fea1c02faf0>,20,2,[4 5],21,39,41,18,39
1,<environment.Job instance at 0x7fea1c02f780>,21,1,[8 3],22,41,42,19,39
1,<environment.Job instance at 0x7fea1c02f050>,22,1,[3 8],23,42,43,19,39
1,<environment.Job instance at 0x7fea1bf14460>,24,28,[9 1],25,68,96,43,67
1,<environment.Job instance at 0x7fea1bf145a0>,27,1,[7 2],28,96,97,68,71
1,<environment.Job instance at 0x7fea1c442640>,4,1,[3 8],5,5,6,0,5
1,<environment.Job instance at 0x7fea1c089320>,2,27,[ 2 13],3,6,33,3,5
1,<environment.Job instance at 0x7fea1c3f78c0>,8,1,[12  5],9,33,34,24,31
1,<environment.Job instance at 0x7fea1c3f7910>,16,2,[6 5],17,34,36,17,32
1,<environment.Job instance at 0x7fea1c14c0a0>,28,2,[1 7],29,65,67,36,65
1,<environment.Job instance at 0x7fea1c065c30>,32,2,[6 1],33,80,82,47,80
1,<environment.Job instance at 0x7fea1c065d70>,35,1,[5 7],36,89,90,53,89
1,<environment.Job instance at 0x7fea1c0655f0>,36,2,[3 5],37,89,91,52,89
1,<environment.Job instance at 0x7fea1c089280>,1,3,[3 7],2,2,5,0,2
1,<environment.Job instance at 0x7fea1c41e0a0>,3,27,[7 5],4,4,31,0,4
1,<environment.Job instance at 0x7fea1c385b90>,15,25,[3 7],16,22,47,6,22
1,<environment.Job instance at 0x7fea1c385d20>,20,1,[ 4 12],21,47,48,26,36
1,<environment.Job instance at 0x7fea1c3855f0>,21,1,[10  1],22,37,38,15,37
1,<environment.Job instance at 0x7fea1c3905a0>,23,1,[5 2],24,39,40,15,39
1,<environment.Job instance at 0x7fea1c390960>,28,21,[9 5],29,66,87,37,66
1,<environment.Job instance at 0x7fea1c390550>,29,3,[12  1],30,87,90,57,66
1,<environment.Job instance at 0x7fea1c3907d0>,31,1,[5 5],32,82,83,50,82
1,<environment.Job instance at 0x7fea1c390c80>,33,2,[ 4 10],34,83,85,49,82
1,<environment.Job instance at 0x7fea1c390640>,34,2,[5 3],35,85,87,50,82
1,<environment.Job instance at 0x7fea5fffac80>,1,24,[1 9],2,2,26,0,2
1,<environment.Job instance at 0x7fea5fa005f0>,7,23,[10  4],8,8,31,0,8
1,<environment.Job instance at 0x7fea5fffaf50>,0,19,[2 7],1,26,45,25,23
1,<environment.Job instance at 0x7fea5ffb33c0>,17,1,[11  4],18,31,32,13,30
1,<environment.Job instance at 0x7fea5ffb35a0>,18,1,[5 3],19,32,33,13,30
1,<environment.Job instance at 0x7fea5fa001e0>,13,3,[ 5 13],14,45,48,31,45
1,<environment.Job instance at 0x7fea1c1cce60>,23,1,[8 5],24,48,49,24,47
1,<environment.Job instance at 0x7fea1c1cc820>,25,24,[10  2],26,52,76,26,52
1,<environment.Job instance at 0x7fea1c1435f0>,28,19,[1 6],29,70,89,41,70
1,<environment.Job instance at 0x7fea1c143a50>,29,27,[14  1],30,76,103,46,74
1,<environment.Job instance at 0x7fea1c143b40>,33,20,[5 7],34,103,123,69,94
1,<environment.Job instance at 0x7fea1c143140>,32,2,[11  4],33,123,125,90,96
1,<environment.Job instance at 0x7fea1c21fd20>,9,2,[ 4 10],10,10,12,0,10
1,<environment.Job instance at 0x7fea1c1a3320>,10,1,[9 5],11,11,12,0,11
1,<environment.Job instance at 0x7fea1c33b690>,14,24,[4 5],15,15,39,0,15
1,<environment.Job instance at 0x7fea1c12e6e0>,25,2,[2 9],26,48,50,22,48
1,<environment.Job instance at 0x7fea1c12eb40>,27,1,[3 6],28,54,55,26,54
1,<environment.Job instance at 0x7fea5faf48c0>,30,3,[10  4],31,54,57,23,54
1,<environment.Job instance at 0x7fea66b66eb0>,36,2,[5 5],37,79,81,42,79
1,<environment.Job instance at 0x7fea66b66190>,37,1,[10  3],38,79,80,41,79
1,<environment.Job instance at 0x7fea1c598e60>,8,24,[4 7],9,9,33,0,9
1,<environment.Job instance at 0x7fea1c59b640>,19,3,[14  1],20,33,36,13,23
1,<environment.Job instance at 0x7fea1c59b870>,20,20,[4 6],21,36,56,15,27
1,<environment.Job instance at 0x7fea600ae050>,27,1,[10  5],28,56,57,28,56
1,<environment.Job instance at 0x7fea600ae280>,28,2,[13  3],29,57,59,28,56
1,<environment.Job instance at 0x7fea600ae2d0>,29,1,[5 1],30,56,57,26,56
1,<environment.Job instance at 0x7fea600ae6e0>,35,2,[6 3],36,83,85,47,83
1,<environment.Job instance at 0x7fea600ae7d0>,37,3,[8 1],38,83,86,45,83
1,<environment.Job instance at 0x7fea600ae8c0>,38,20,[3 8],39,85,105,46,83
1,<environment.Job instance at 0x7fea600aeaf0>,40,24,[10  4],41,95,119,54,95
1,<environment.Job instance at 0x7fea5fb488c0>,7,2,[ 3 10],8,8,10,0,8
1,<environment.Job instance at 0x7fea6000feb0>,10,19,[4 5],11,11,30,0,11
1,<environment.Job instance at 0x7fea1bf37fa0>,11,3,[1 9],12,12,15,0,12
1,<environment.Job instance at 0x7fea666e0f00>,15,1,[5 8],16,25,26,9,25
1,<environment.Job instance at 0x7fea666e03c0>,17,2,[9 3],18,33,35,15,33
1,<environment.Job instance at 0x7fea5faec820>,19,1,[5 4],20,40,41,20,40
1,<environment.Job instance at 0x7fea1c3e2910>,20,23,[9 4],21,40,63,19,40
1,<environment.Job instance at 0x7fea1c53e140>,21,21,[8 2],22,63,84,41,55
1,<environment.Job instance at 0x7fea666e0820>,22,21,[5 7],23,55,76,32,55
1,<environment.Job instance at 0x7fea60035f00>,28,28,[10  4],29,84,112,55,83
1,<environment.Job instance at 0x7fea669c1be0>,31,1,[7 3],32,83,84,51,83
1,<environment.Job instance at 0x7fea6008a690>,0,1,[8 1],1,2,3,1,2
1,<environment.Job instance at 0x7fea6008a3c0>,2,2,[3 6],3,3,5,0,3
1,<environment.Job instance at 0x7fea5fc28410>,3,1,[12  4],4,4,5,0,4
1,<environment.Job instance at 0x7fea66a67820>,7,20,[1 8],8,8,28,0,8
1,<environment.Job instance at 0x7fea66a67460>,11,21,[4 9],12,28,49,16,20
1,<environment.Job instance at 0x7fea669421e0>,15,23,[8 4],16,23,46,7,23
1,<environment.Job instance at 0x7fea669420a0>,17,20,[5 7],18,49,69,31,40
1,<environment.Job instance at 0x7fea66a67410>,10,2,[ 2 12],11,69,71,58,45
1,<environment.Job instance at 0x7fea66b33aa0>,31,20,[ 5 13],32,71,91,39,62
1,<environment.Job instance at 0x7fea1c25a5f0>,40,24,[7 2],41,79,103,38,79
1,<environment.Job instance at 0x7fea5feae500>,0,1,[ 2 10],1,1,2,0,1
1,<environment.Job instance at 0x7fea1c40f870>,2,1,[9 5],3,4,5,1,4
1,<environment.Job instance at 0x7fea1c214230>,4,28,[4 5],5,5,33,0,5
1,<environment.Job instance at 0x7fea1c214870>,11,25,[10  1],12,12,37,0,12
1,<environment.Job instance at 0x7fea1c2142d0>,7,2,[ 5 13],8,33,35,25,30
1,<environment.Job instance at 0x7fea1c215190>,22,2,[1 7],23,40,42,17,40
1,<environment.Job instance at 0x7fea1c215500>,25,21,[9 3],26,46,67,20,46
1,<environment.Job instance at 0x7fea1c215690>,27,25,[9 4],28,67,92,39,63
1,<environment.Job instance at 0x7fea1c215af0>,31,1,[5 5],32,63,64,31,63
1,<environment.Job instance at 0x7fea1c215cd0>,35,2,[4 8],36,75,77,39,75
1,<environment.Job instance at 0x7fea1c215f00>,37,2,[1 8],38,78,80,40,78
1,<environment.Job instance at 0x7fea1c215eb0>,38,2,[10  5],39,92,94,53,78
1,<environment.Job instance at 0x7fea1c215f50>,39,28,[6 1],40,94,122,54,93
1,<environment.Job instance at 0x7fea1c240370>,43,1,[8 5],44,94,95,50,93
1,<environment.Job instance at 0x7fea1c240410>,44,18,[5 5],45,95,113,50,93
1,<environment.Job instance at 0x7fea669e5be0>,5,25,[1 6],6,6,31,0,6
1,<environment.Job instance at 0x7fea6673b320>,10,27,[11  2],11,11,38,0,11
1,<environment.Job instance at 0x7fea5fcf2b90>,12,20,[ 5 10],13,38,58,25,29
1,<environment.Job instance at 0x7fea5fcf2370>,15,24,[8 3],16,38,62,22,33
1,<environment.Job instance at 0x7fea1bf2a780>,27,24,[5 9],28,58,82,30,54
1,<environment.Job instance at 0x7fea1bf2aaa0>,31,28,[3 6],32,65,93,33,65
1,<environment.Job instance at 0x7fea669e58c0>,3,2,[13  2],4,93,95,89,72
1,<environment.Job instance at 0x7fea5fff4280>,39,26,[2 6],40,92,118,52,92
1,<environment.Job instance at 0x7fea5fff40a0>,40,20,[9 3],41,95,115,54,92
1,<environment.Job instance at 0x7fea1c251f00>,15,27,[4 5],16,26,53,10,26
1,<environment.Job instance at 0x7fea5fa570a0>,16,1,[12  2],17,53,54,36,26
1,<environment.Job instance at 0x7fea6009a5a0>,26,25,[7 3],27,54,79,27,50
1,<environment.Job instance at 0x7fea6697c460>,30,26,[6 4],31,59,85,28,59
1,<environment.Job instance at 0x7fea1bf39140>,37,21,[9 4],38,89,110,51,89
1,<environment.Job instance at 0x7fea1bf39550>,38,21,[5 1],39,89,110,50,89
1,<environment.Job instance at 0x7fea5ff8fe10>,8,1,[1 9],9,9,10,0,9
1,<environment.Job instance at 0x7fea5ff5d500>,10,2,[5 2],11,11,13,0,11
1,<environment.Job instance at 0x7fea5ff5d410>,9,2,[13  4],10,14,16,4,14
1,<environment.Job instance at 0x7fea5ff5d0f0>,12,1,[2 9],13,14,15,1,14
1,<environment.Job instance at 0x7fea5ff45960>,13,20,[ 5 12],14,16,36,2,14
1,<environment.Job instance at 0x7fea5ff45eb0>,14,2,[ 5 11],15,36,38,21,35
1,<environment.Job instance at 0x7fea5ff4df00>,21,2,[ 5 11],22,38,40,16,35
1,<environment.Job instance at 0x7fea5ff4de60>,22,2,[5 3],23,35,37,12,35
1,<environment.Job instance at 0x7fea5ff7c7d0>,27,3,[9 4],28,40,43,12,40
1,<environment.Job instance at 0x7fea6688f140>,32,15,[5 1],33,67,82,34,67
1,<environment.Job instance at 0x7fea1c1c6f50>,33,3,[2 7],34,67,70,33,67
1,<environment.Job instance at 0x7fea1be51d20>,34,1,[4 6],35,67,68,32,67
1,<environment.Job instance at 0x7fea1be51280>,35,3,[10  5],36,70,73,34,67
1,<environment.Job instance at 0x7fea5fdd4500>,39,3,[6 2],40,89,92,49,89
1,<environment.Job instance at 0x7fea66658640>,9,19,[2 5],10,10,29,0,10
1,<environment.Job instance at 0x7fea66658fa0>,10,1,[2 5],11,11,12,0,11
1,<environment.Job instance at 0x7fea1beeea50>,13,1,[5 5],14,15,16,1,15
1,<environment.Job instance at 0x7fea1c5be230>,15,2,[ 3 11],16,29,31,13,16
1,<environment.Job instance at 0x7fea1c097690>,17,1,[10  3],18,23,24,5,23
1,<environment.Job instance at 0x7fea666e0d70>,20,3,[8 1],21,40,43,19,40
1,<environment.Job instance at 0x7fea1be273c0>,22,3,[ 4 11],23,48,51,25,48
1,<environment.Job instance at 0x7fea5ff1d9b0>,25,2,[9 1],26,52,54,26,52
1,<environment.Job instance at 0x7fea5ff1dc30>,27,3,[5 2],28,65,68,37,65
1,<environment.Job instance at 0x7fea66bd1140>,28,24,[5 6],29,65,89,36,65
1,<environment.Job instance at 0x7fea66bd1f00>,29,2,[1 7],30,65,67,35,65
1,<environment.Job instance at 0x7fea5fc941e0>,30,3,[ 3 12],31,89,92,58,66
1,<environment.Job instance at 0x7fea66974820>,35,1,[4 9],36,96,97,60,96
1,<environment.Job instance at 0x7fea66974d20>,37,2,[9 4],38,99,101,61,99
1,<environment.Job instance at 0x7fea1c465320>,0,25,[6 2],1,1,26,0,1
1,<environment.Job instance at 0x7fea1bc75870>,10,25,[5 5],11,11,36,0,11
1,<environment.Job instance at 0x7fea1bc75320>,12,1,[1 7],13,13,14,0,13
1,<environment.Job instance at 0x7fea1bc75230>,13,3,[ 4 11],14,36,39,22,21
1,<environment.Job instance at 0x7fea1bc75be0>,15,19,[2 8],16,39,58,23,29
1,<environment.Job instance at 0x7fea1bc75370>,18,3,[2 6],19,29,32,10,29
1,<environment.Job instance at 0x7fea1bc75f00>,24,1,[2 9],25,58,59,33,45
1,<environment.Job instance at 0x7fea1c5d8410>,27,2,[10  2],28,63,65,35,63
1,<environment.Job instance at 0x7fea1c5d84b0>,34,19,[ 5 10],35,97,116,62,97
1,<environment.Job instance at 0x7fea5fc0ec30>,6,1,[11  3],7,7,8,0,7
1,<environment.Job instance at 0x7fea5fc06cd0>,15,3,[10  5],16,17,20,1,17
1,<environment.Job instance at 0x7fea1c0395f0>,23,3,[4 7],24,52,55,28,52
1,<environment.Job instance at 0x7fea1bd593c0>,28,3,[4 7],29,80,83,51,80
1,<environment.Job instance at 0x7fea5fb02910>,29,3,[4 8],30,80,83,50,80
1,<environment.Job instance at 0x7fea1c394550>,31,18,[7 1],32,85,103,53,85
1,<environment.Job instance at 0x7fea5fc08870>,34,2,[10  2],35,103,105,68,88
1,<environment.Job instance at 0x7fea5fc08370>,37,2,[9 2],38,105,107,67,96
1,<environment.Job instance at 0x7fea5fc08b90>,38,2,[13  1],39,107,109,68,96
1,<environment.Job instance at 0x7fea1bcd4870>,1,23,[1 8],2,2,25,0,2
1,<environment.Job instance at 0x7fea1bc165a0>,16,25,[8 1],17,17,42,0,17
1,<environment.Job instance at 0x7fea5fa97eb0>,20,2,[3 9],21,28,30,7,28
1,<environment.Job instance at 0x7fea5fbdab40>,24,28,[7 4],25,37,65,12,37
1,<environment.Job instance at 0x7fea5fbe4a00>,25,20,[7 2],26,42,62,16,37
1,<environment.Job instance at 0x7fea5fc01870>,32,3,[8 4],33,77,80,44,77
1,<environment.Job instance at 0x7fea5ff320a0>,34,19,[1 8],35,77,96,42,77
1,<environment.Job instance at 0x7fea1bcd9190>,1,3,[2 9],2,7,10,5,7
1,<environment.Job instance at 0x7fea5fa08640>,13,2,[1 7],14,16,18,2,16
1,<environment.Job instance at 0x7fea5fa08dc0>,17,3,[8 3],18,27,30,9,27
1,<environment.Job instance at 0x7fea5fa08550>,18,2,[1 7],19,27,29,8,27
1,<environment.Job instance at 0x7fea5fa08280>,21,1,[3 9],22,32,33,10,32
1,<environment.Job instance at 0x7fea666c4460>,23,3,[6 1],24,44,47,20,44
1,<environment.Job instance at 0x7fea666c4a50>,25,2,[ 2 12],26,46,48,20,46
1,<environment.Job instance at 0x7fea666c49b0>,26,1,[3 9],27,48,49,21,46
1,<environment.Job instance at 0x7fea666c4730>,28,21,[2 5],29,62,83,33,62
1,<environment.Job instance at 0x7fea666c44b0>,29,23,[5 7],30,62,85,32,62
1,<environment.Job instance at 0x7fea666c4140>,33,25,[ 1 10],34,85,110,51,81
1,<environment.Job instance at 0x7fea66aa1fa0>,3,3,[1 8],4,4,7,0,4
1,<environment.Job instance at 0x7fea66732410>,7,27,[4 8],8,8,35,0,8
1,<environment.Job instance at 0x7fea1bc8b2d0>,12,1,[5 5],13,23,24,10,23
1,<environment.Job instance at 0x7fea1c0c85a0>,8,20,[ 4 13],9,35,55,26,26
1,<environment.Job instance at 0x7fea1c2a23c0>,23,2,[2 7],24,55,57,31,52
1,<environment.Job instance at 0x7fea66a3ed20>,28,2,[7 3],29,71,73,42,71
1,<environment.Job instance at 0x7fea66a3e910>,31,3,[5 2],32,76,79,44,76
1,<environment.Job instance at 0x7fea1c3e1280>,35,1,[3 8],36,99,100,63,99
1,<environment.Job instance at 0x7fea1c3e1140>,37,2,[7 1],38,99,101,61,99
1,<environment.Job instance at 0x7fea1c3e1aa0>,38,2,[5 5],39,99,101,60,99
1,<environment.Job instance at 0x7f3a5bd8e7d0>,10,1,[7 3],11,37,38,26,37
1,<environment.Job instance at 0x7f3a5bd8e870>,11,2,[3 9],12,37,39,25,37
1,<environment.Job instance at 0x7f3a5bd8eb40>,15,3,[10  2],16,41,44,25,41
1,<environment.Job instance at 0x7f3a5bd8e8c0>,17,3,[10  3],18,45,48,27,45
1,<environment.Job instance at 0x7f3a5bd8eeb0>,20,1,[3 7],21,72,73,51,72
1,<environment.Job instance at 0x7f3a5bd8ee60>,21,3,[ 2 10],22,73,76,51,72
1,<environment.Job instance at 0x7f3a5bd8edc0>,22,2,[12  3],23,72,74,49,72
1,<environment.Job instance at 0x7f3a5bd902d0>,26,22,[2 9],27,76,98,49,75
1,<environment.Job instance at 0x7f3a5bd90320>,33,2,[5 3],34,99,101,65,99
1,<environment.Job instance at 0x7f3a5bd906e0>,36,2,[5 1],37,108,110,71,108
1,<environment.Job instance at 0x7f3a631c5c30>,0,20,[5 7],1,1,21,0,1
1,<environment.Job instance at 0x7f3a631c53c0>,8,3,[2 7],9,11,14,2,11
1,<environment.Job instance at 0x7f3a63303be0>,16,2,[9 1],17,30,32,13,30
1,<environment.Job instance at 0x7f3a63303af0>,17,3,[1 8],18,30,33,12,30
1,<environment.Job instance at 0x7f3a63311c30>,21,2,[9 3],22,49,51,27,49
1,<environment.Job instance at 0x7f3a63311f50>,22,3,[8 5],23,51,54,28,49
1,<environment.Job instance at 0x7f3a633115f0>,23,3,[2 9],24,49,52,25,49
1,<environment.Job instance at 0x7f3a63311690>,2,1,[3 8],3,3,4,0,3
1,<environment.Job instance at 0x7f3a18085eb0>,4,28,[9 1],5,5,33,0,5
1,<environment.Job instance at 0x7f3a18081a50>,16,3,[7 5],17,33,36,16,23
1,<environment.Job instance at 0x7f3a1807deb0>,20,28,[7 3],21,37,65,16,37
1,<environment.Job instance at 0x7f3a1807dd70>,22,3,[3 9],23,43,46,20,43
1,<environment.Job instance at 0x7f3a1807d500>,25,3,[6 4],26,57,60,31,57
1,<environment.Job instance at 0x7f3a180d1d20>,29,1,[8 3],30,79,80,49,79
1,<environment.Job instance at 0x7f3a180d1230>,31,3,[1 8],32,82,85,50,82
1,<environment.Job instance at 0x7f3a180d1370>,35,2,[9 2],36,96,98,60,96
1,<environment.Job instance at 0x7f3a180d1190>,36,2,[5 1],37,96,98,59,96
1,<environment.Job instance at 0x7f3a180cf5f0>,37,1,[1 7],38,96,97,58,96
1,<environment.Job instance at 0x7f3a1844c780>,2,2,[6 1],3,4,6,1,4
1,<environment.Job instance at 0x7f3a1844ca00>,5,1,[5 7],6,6,7,0,6
1,<environment.Job instance at 0x7f3a186c2050>,7,2,[9 1],8,10,12,2,10
1,<environment.Job instance at 0x7f3a186be280>,12,20,[7 3],13,13,33,0,13
1,<environment.Job instance at 0x7f3a186be9b0>,13,1,[2 8],14,14,15,0,14
1,<environment.Job instance at 0x7f3a186be960>,16,20,[6 2],17,21,41,4,21
1,<environment.Job instance at 0x7f3a186beeb0>,19,1,[4 6],20,33,34,13,26
1,<environment.Job instance at 0x7f3a186be190>,20,1,[2 5],21,26,27,5,26
1,<environment.Job instance at 0x7f3a1844e820>,23,1,[2 8],24,27,28,3,26
1,<environment.Job instance at 0x7f3a1844cfa0>,1,16,[2 8],2,38,54,36,38
1,<environment.Job instance at 0x7f3a18164aa0>,29,22,[1 6],30,54,76,24,54
1,<environment.Job instance at 0x7f3a18164fa0>,30,1,[5 1],31,54,55,23,54
1,<environment.Job instance at 0x7f3a181648c0>,31,25,[10  4],32,55,80,23,54
1,<environment.Job instance at 0x7f3a18164910>,34,22,[1 9],35,76,98,41,69
1,<environment.Job instance at 0x7f3a18014640>,42,2,[6 3],43,96,98,53,96
1,<environment.Job instance at 0x7f3a18014320>,43,24,[3 6],44,98,122,54,96
1,<environment.Job instance at 0x7f3a18014b90>,44,2,[4 8],45,98,100,53,96
1,<environment.Job instance at 0x7f3a18014be0>,45,20,[3 8],46,100,120,54,96
1,<environment.Job instance at 0x7f3a18014af0>,5,24,[3 9],6,6,30,0,6
1,<environment.Job instance at 0x7f3a18486eb0>,10,1,[2 9],11,30,31,19,16
1,<environment.Job instance at 0x7f3a1848c410>,15,1,[12  4],16,19,20,3,19
1,<environment.Job instance at 0x7f3a1848c910>,18,2,[6 5],19,20,22,1,19
1,<environment.Job instance at 0x7f3a1848ce10>,22,27,[5 5],23,25,52,2,25
1,<environment.Job instance at 0x7f3a1848cb40>,24,25,[1 7],25,35,60,10,35
1,<environment.Job instance at 0x7f3a184924b0>,30,2,[6 5],31,52,54,21,50
1,<environment.Job instance at 0x7f3a184927d0>,36,27,[5 8],37,92,119,55,92
1,<environment.Job instance at 0x7f3a184929b0>,37,3,[5 6],38,92,95,54,92
1,<environment.Job instance at 0x7f3a18492b40>,39,1,[ 4 10],40,119,120,79,93
1,<environment.Job instance at 0x7f3a18492be0>,40,1,[10  3],41,95,96,54,93
1,<environment.Job instance at 0x7f3a1835a780>,9,1,[8 3],10,10,11,0,10
1,<environment.Job instance at 0x7f3a1835a820>,11,3,[1 6],12,15,18,3,15
1,<environment.Job instance at 0x7f3a1835aa50>,12,3,[4 9],13,15,18,2,15
1,<environment.Job instance at 0x7f3a5bf19190>,16,2,[ 3 10],17,45,47,28,45
1,<environment.Job instance at 0x7f3a5bf19910>,17,3,[5 1],18,45,48,27,45
1,<environment.Job instance at 0x7f3a5bf199b0>,18,2,[5 4],19,45,47,26,45
1,<environment.Job instance at 0x7f3a5bf19550>,20,1,[5 1],21,48,49,27,48
1,<environment.Job instance at 0x7f3a62c33550>,22,2,[5 5],23,56,58,33,56
1,<environment.Job instance at 0x7f3a62c339b0>,23,1,[7 1],24,56,57,32,56
1,<environment.Job instance at 0x7f3a631c6e10>,0,27,[6 4],1,1,28,0,1
1,<environment.Job instance at 0x7f3a62c33be0>,1,1,[11  4],2,28,29,26,6
1,<environment.Job instance at 0x7f3a18291050>,8,22,[7 5],9,29,51,20,22
1,<environment.Job instance at 0x7f3a18504be0>,12,24,[1 6],13,22,46,9,22
1,<environment.Job instance at 0x7f3a18201e10>,19,2,[9 1],20,51,53,31,40
1,<environment.Job instance at 0x7f3a182890a0>,22,3,[1 9],23,52,55,29,52
1,<environment.Job instance at 0x7f3a62650820>,24,3,[ 2 12],25,55,58,30,53
1,<environment.Job instance at 0x7f3a62650af0>,25,2,[3 5],26,53,55,27,53
1,<environment.Job instance at 0x7f3a17fe9140>,27,2,[8 4],28,58,60,30,53
1,<environment.Job instance at 0x7f3a17fe9500>,30,1,[9 4],31,67,68,36,67
1,<environment.Job instance at 0x7f3a627e5320>,31,2,[ 3 14],32,68,70,36,67
1,<environment.Job instance at 0x7f3a5bf42730>,33,3,[10  3],34,70,73,36,70
1,<environment.Job instance at 0x7f3a627226e0>,35,1,[8 4],36,73,74,37,70
1,<environment.Job instance at 0x7f3a627221e0>,37,27,[9 3],38,83,110,45,83
1,<environment.Job instance at 0x7f3a6293b640>,40,2,[2 7],41,101,103,60,101
1,<environment.Job instance at 0x7f3a6293b690>,42,1,[6 3],43,103,104,60,101
1,<environment.Job instance at 0x7f3a5bd5b0f0>,4,2,[1 6],5,6,8,1,6
1,<environment.Job instance at 0x7f3a5bd5b3c0>,7,27,[ 2 11],8,8,35,0,8
1,<environment.Job instance at 0x7f3a5bd5b8c0>,12,1,[12  5],13,35,36,22,20
1,<environment.Job instance at 0x7f3a5bd5b1e0>,9,3,[11  2],10,25,28,15,25
1,<environment.Job instance at 0x7f3a5bd3e730>,25,1,[7 3],26,34,35,8,34
1,<environment.Job instance at 0x7f3a5bd3e5a0>,26,3,[5 4],27,36,39,9,36
1,<environment.Job instance at 0x7f3a5bd3e690>,27,2,[7 2],28,36,38,8,36
1,<environment.Job instance at 0x7f3a5bd3e6e0>,29,1,[5 7],30,46,47,16,46
1,<environment.Job instance at 0x7f3a5bd3e960>,31,3,[3 9],32,47,50,15,47
1,<environment.Job instance at 0x7f3a5bd3e1e0>,21,17,[2 7],22,67,84,45,67
1,<environment.Job instance at 0x7f3a5bd5a190>,37,2,[ 3 10],38,84,86,46,76
1,<environment.Job instance at 0x7f3a5bd5a050>,38,18,[1 5],39,78,96,39,78
1,<environment.Job instance at 0x7f3a5bd5a320>,40,19,[4 5],41,86,105,45,83
1,<environment.Job instance at 0x7f3a5bd5a640>,45,1,[5 8],46,107,108,61,107
1,<environment.Job instance at 0x7f3a5bd5ab90>,47,2,[9 3],48,107,109,59,107
1,<environment.Job instance at 0x7f3a1835ceb0>,6,25,[6 3],7,7,32,0,7
1,<environment.Job instance at 0x7f3a5bcd20a0>,8,2,[2 8],9,10,12,1,10
1,<environment.Job instance at 0x7f3a5bcd26e0>,11,2,[3 8],12,12,14,0,12
1,<environment.Job instance at 0x7f3a5bcd24b0>,12,1,[6 3],13,13,14,0,13
1,<environment.Job instance at 0x7f3a186cd140>,13,2,[14  3],14,32,34,18,15
1,<environment.Job instance at 0x7f3a5bcd2370>,14,1,[14  5],15,34,35,19,20
1,<environment.Job instance at 0x7f3a5bca3c80>,23,1,[12  4],24,35,36,11,24
1,<environment.Job instance at 0x7f3a62d16960>,27,20,[1 8],28,28,48,0,28
1,<environment.Job instance at 0x7f3a18028dc0>,30,2,[ 2 12],31,48,50,17,35
1,<environment.Job instance at 0x7f3a1810b6e0>,31,21,[4 9],32,50,71,18,42
1,<environment.Job instance at 0x7f3a5bd86a00>,35,23,[8 4],36,50,73,14,44
1,<environment.Job instance at 0x7f3a5bd86a50>,37,20,[5 7],38,71,91,33,62
1,<environment.Job instance at 0x7f3a62cf21e0>,46,1,[7 4],47,73,74,26,73
1,<environment.Job instance at 0x7f3a1857e1e0>,51,20,[ 5 13],52,92,112,40,92
1,<environment.Job instance at 0x7f3a1857e190>,57,1,[5 1],58,104,105,46,104
1,<environment.Job instance at 0x7f3a1857e280>,59,1,[8 1],60,106,107,46,106
1,<environment.Job instance at 0x7f3a1857e230>,60,24,[7 2],61,107,131,46,106
1,<environment.Job instance at 0x7f3a1810bf00>,0,22,[2 5],1,1,23,0,1
1,<environment.Job instance at 0x7f3a62773500>,3,2,[ 4 10],4,5,7,1,5
1,<environment.Job instance at 0x7f3a5c22f6e0>,10,1,[ 2 10],11,11,12,0,11
1,<environment.Job instance at 0x7f3a180bc3c0>,11,2,[1 5],12,12,14,0,12
1,<environment.Job instance at 0x7f3a180bc370>,12,1,[9 5],13,13,14,0,13
1,<environment.Job instance at 0x7f3a5bf1e2d0>,14,28,[4 5],15,15,43,0,15
1,<environment.Job instance at 0x7f3a18693fa0>,17,2,[ 5 13],18,43,45,25,20
1,<environment.Job instance at 0x7f3a18622730>,21,25,[10  1],22,23,48,1,22
1,<environment.Job instance at 0x7f3a5bc533c0>,26,3,[5 1],27,48,51,21,48
1,<environment.Job instance at 0x7f3a5bc53280>,27,1,[2 6],28,48,49,20,48
1,<environment.Job instance at 0x7f3a5c1b3c30>,32,2,[1 7],33,78,80,45,78
1,<environment.Job instance at 0x7f3a62ae6dc0>,4,18,[10  2],5,79,97,74,79
1,<environment.Job instance at 0x7f3a18504a00>,35,21,[9 3],36,97,118,61,89
1,<environment.Job instance at 0x7f3a6279b960>,5,25,[1 6],6,6,31,0,6
1,<environment.Job instance at 0x7f3a6279bd20>,10,27,[11  2],11,11,38,0,11
1,<environment.Job instance at 0x7f3a187002d0>,15,24,[8 3],16,38,62,22,33
1,<environment.Job instance at 0x7f3a6279bfa0>,12,20,[ 5 10],13,38,58,25,33
1,<environment.Job instance at 0x7f3a18504190>,3,2,[13  2],4,63,65,59,63
1,<environment.Job instance at 0x7f3a18700910>,27,24,[5 9],28,65,89,37,63
1,<environment.Job instance at 0x7f3a18700b90>,31,28,[3 6],32,65,93,33,64
1,<environment.Job instance at 0x7f3a186de640>,38,2,[4 6],39,92,94,53,92
1,<environment.Job instance at 0x7f3a186de6e0>,39,26,[2 6],40,93,119,53,92
1,<environment.Job instance at 0x7f3a186de7d0>,40,20,[9 3],41,93,113,52,92
1,<environment.Job instance at 0x7f3a627c1140>,3,3,[ 4 10],4,4,7,0,4
1,<environment.Job instance at 0x7f3a627c1d20>,5,27,[4 5],6,6,33,0,6
1,<environment.Job instance at 0x7f3a627c1a00>,6,1,[12  2],7,33,34,26,7
1,<environment.Job instance at 0x7f3a62c3a190>,11,2,[ 5 10],12,12,14,0,12
1,<environment.Job instance at 0x7f3a185f9dc0>,16,25,[7 3],17,34,59,17,30
1,<environment.Job instance at 0x7f3a21a39f50>,20,26,[6 4],21,34,60,13,31
1,<environment.Job instance at 0x7f3a5bd0a410>,27,21,[9 4],28,59,80,31,51
1,<environment.Job instance at 0x7f3a5bd0a0a0>,28,21,[5 1],29,60,81,31,52
1,<environment.Job instance at 0x7f3a63308320>,37,3,[ 1 10],38,68,71,30,68
1,<environment.Job instance at 0x7f3a63308870>,38,2,[5 7],39,80,82,41,68
1,<environment.Job instance at 0x7f3a63308fa0>,39,20,[5 9],40,82,102,42,73
1,<environment.Job instance at 0x7f3a180d3820>,43,3,[6 3],44,93,96,49,93
1,<environment.Job instance at 0x7f3a180d3780>,44,2,[10  4],45,96,98,51,93
1,<environment.Job instance at 0x7f3a180d3190>,45,3,[1 9],46,102,105,56,93
1,<environment.Job instance at 0x7f3a180d31e0>,46,2,[5 2],47,98,100,51,93
1,<environment.Job instance at 0x7f3a180d3f50>,47,3,[1 6],48,100,103,52,94
1,<environment.Job instance at 0x7f3a180d30a0>,50,2,[6 1],51,103,105,52,95
1,<environment.Job instance at 0x7f3a5bf404b0>,4,1,[6 1],5,6,7,1,6
1,<environment.Job instance at 0x7f3a62b62aa0>,1,2,[ 5 11],2,7,9,5,7
1,<environment.Job instance at 0x7f3a5bd6b9b0>,10,2,[8 2],11,11,13,0,11
1,<environment.Job instance at 0x7f3a5bd6bb40>,13,3,[2 7],14,14,17,0,14
1,<environment.Job instance at 0x7f3a5bd6baf0>,14,1,[4 6],15,15,16,0,15
1,<environment.Job instance at 0x7f3a5be18c80>,19,3,[6 2],20,33,36,13,33
1,<environment.Job instance at 0x7f3a5be18410>,23,3,[10  4],24,41,44,17,41
1,<environment.Job instance at 0x7f3a1849b870>,24,1,[4 8],25,41,42,16,41
1,<environment.Job instance at 0x7f3a1849b6e0>,26,27,[2 9],27,42,69,15,41
1,<environment.Job instance at 0x7f3a1849b8c0>,32,22,[8 1],33,71,93,38,71
1,<environment.Job instance at 0x7f3a5bdf8500>,35,3,[ 1 13],36,89,92,53,89
1,<environment.Job instance at 0x7f3a5bdf8aa0>,36,2,[14  2],37,93,95,56,91
1,<environment.Job instance at 0x7f3a5bdf8d20>,39,2,[10  2],40,106,108,66,106
1,<environment.Job instance at 0x7f3a5bdf8460>,40,2,[14  4],41,108,110,67,106
1,<environment.Job instance at 0x7f3a5c278fa0>,41,27,[8 5],42,110,137,68,108
1,<environment.Job instance at 0x7f3a5c278230>,5,1,[4 9],6,6,7,0,6
1,<environment.Job instance at 0x7f3a1819d730>,7,2,[9 4],8,9,11,1,9
1,<environment.Job instance at 0x7f3a1819d8c0>,10,20,[ 4 10],11,12,32,1,12
1,<environment.Job instance at 0x7f3a62a75640>,16,24,[4 5],17,26,50,9,26
1,<environment.Job instance at 0x7f3a181a8b40>,17,24,[4 8],18,32,56,14,27
1,<environment.Job instance at 0x7f3a181d1230>,23,1,[3 7],24,50,51,26,43
1,<environment.Job instance at 0x7f3a17e33fa0>,0,3,[ 3 12],1,56,59,55,49
1,<environment.Job instance at 0x7f3a5bdf7e60>,31,2,[ 2 10],32,60,62,28,60
1,<environment.Job instance at 0x7f3a5bdf7e10>,32,23,[6 2],33,60,83,27,60
1,<environment.Job instance at 0x7f3a5bd596e0>,33,1,[9 4],34,62,63,28,60
1,<environment.Job instance at 0x7f3a5bd592d0>,34,3,[ 1 12],35,63,66,28,61
1,<environment.Job instance at 0x7f3a1825a870>,39,3,[4 5],40,75,78,35,75
1,<environment.Job instance at 0x7f3a183c20a0>,40,2,[1 5],41,75,77,34,75
1,<environment.Job instance at 0x7f3a183c2140>,41,1,[3 6],42,77,78,35,75
1,<environment.Job instance at 0x7f3a626df460>,43,1,[11  3],44,83,84,39,80
1,<environment.Job instance at 0x7f3a5bc2d820>,45,28,[ 4 12],46,90,118,44,90
1,<environment.Job instance at 0x7f3a5bd38f50>,1,1,[2 7],2,2,3,0,2
1,<environment.Job instance at 0x7f3a17f8b0f0>,2,1,[1 8],3,5,6,2,5
1,<environment.Job instance at 0x7f3a626dcaa0>,4,3,[13  1],5,6,9,1,6
1,<environment.Job instance at 0x7f3a5bfcffa0>,10,20,[8 5],11,11,31,0,11
1,<environment.Job instance at 0x7f3a5bc20230>,15,25,[4 5],16,16,41,0,16
1,<environment.Job instance at 0x7f3a18561e60>,18,1,[ 4 14],19,41,42,22,28
1,<environment.Job instance at 0x7f3a62a2a320>,24,2,[3 9],25,31,33,6,31
1,<environment.Job instance at 0x7f3a62a2a0f0>,25,1,[1 7],26,33,34,7,32
1,<environment.Job instance at 0x7f3a185bba50>,27,1,[4 7],28,34,35,6,32
1,<environment.Job instance at 0x7f3a184ee320>,29,2,[4 8],30,38,40,8,38
1,<environment.Job instance at 0x7f3a62bee7d0>,30,2,[13  2],31,42,44,11,42
1,<environment.Job instance at 0x7f3a62bee910>,34,1,[12  5],35,48,49,13,48
1,<environment.Job instance at 0x7f3a62beeb90>,35,3,[3 9],36,48,51,12,48
1,<environment.Job instance at 0x7f3a62bee0f0>,37,26,[ 3 10],38,55,81,17,55
1,<environment.Job instance at 0x7f3a5c2381e0>,42,1,[2 6],43,81,82,38,73
1,<environment.Job instance at 0x7f3a5c2385a0>,44,1,[7 3],45,73,74,28,73
1,<environment.Job instance at 0x7f3a5bb850a0>,46,2,[5 9],47,81,83,34,75
1,<environment.Job instance at 0x7f3a5bb854b0>,47,2,[5 8],48,83,85,35,75
1,<environment.Job instance at 0x7f3a181780f0>,48,3,[6 2],49,77,80,28,77
1,<environment.Job instance at 0x7f3a18178460>,49,2,[10  1],50,82,84,32,77
1,<environment.Job instance at 0x7f3a5c238f50>,41,3,[12  2],42,85,88,43,85
1,<environment.Job instance at 0x7f3a5bd62a50>,52,1,[7 4],53,88,89,35,85
1,<environment.Job instance at 0x7f3a62bb66e0>,54,3,[14  3],55,96,99,41,96
1,<environment.Job instance at 0x7f3a62bb6f00>,58,1,[2 8],59,105,106,46,105
1,<environment.Job instance at 0x7f3a62bb6550>,59,2,[6 3],60,105,107,45,105
1,<environment.Job instance at 0x7f3a17efef00>,61,1,[5 3],62,105,106,43,105
1,<environment.Job instance at 0x7f3a17ebeb90>,1,23,[5 9],2,2,25,0,2
1,<environment.Job instance at 0x7f3a17ebe870>,4,1,[ 2 10],5,25,26,20,6
1,<environment.Job instance at 0x7f3a17ebe410>,7,22,[2 9],8,26,48,18,19
1,<environment.Job instance at 0x7f3a17ebe3c0>,6,1,[ 3 13],7,48,49,41,31
1,<environment.Job instance at 0x7f3a17ebe0a0>,16,20,[8 2],17,36,56,19,36
1,<environment.Job instance at 0x7f3a17efe960>,3,3,[ 1 14],4,56,59,52,39
1,<environment.Job instance at 0x7f3a17ebef00>,18,26,[2 5],19,59,85,40,56
1,<environment.Job instance at 0x7f3a17d76a50>,19,1,[9 3],20,59,60,39,56
1,<environment.Job instance at 0x7f3a17d76c30>,24,1,[10  4],25,60,61,35,58
1,<environment.Job instance at 0x7f3a17d76cd0>,26,24,[2 9],27,61,85,34,58
1,<environment.Job instance at 0x7f3a17d76140>,29,20,[ 3 11],30,85,105,55,76
1,<environment.Job instance at 0x7f3a17d76550>,30,1,[1 9],31,105,106,74,77
1,<environment.Job instance at 0x7f3a17d6e230>,38,2,[7 4],39,97,99,58,97
1,<environment.Job instance at 0x7f3a17d6ef00>,39,2,[2 6],40,105,107,65,97
1,<environment.Job instance at 0x7f3a17d6e410>,41,2,[6 3],42,100,102,58,100
1,<environment.Job instance at 0x7f3a17d6ef50>,42,2,[2 8],43,106,108,63,100
1,<environment.Job instance at 0x7f3a5bd2ee60>,1,25,[1 6],2,2,27,0,2
1,<environment.Job instance at 0x7f3a17d6ea00>,3,26,[10  4],4,4,30,0,4
1,<environment.Job instance at 0x7f3a5bb85a50>,5,24,[4 7],6,27,51,21,22
1,<environment.Job instance at 0x7f3a5bbb0af0>,17,28,[7 2],18,30,58,12,30
1,<environment.Job instance at 0x7f3a5bbb0cd0>,19,27,[ 3 10],20,51,78,31,49
1,<environment.Job instance at 0x7f3a184f9230>,22,26,[9 1],23,58,84,35,55
1,<environment.Job instance at 0x7f3a5bba6c30>,24,21,[10  5],25,84,105,59,76
1,<environment.Job instance at 0x7f3a5bba6be0>,27,20,[10  2],28,108,128,80,108
1,<environment.Job instance at 0x7f3a62cf3dc0>,1,21,[1 7],2,2,23,0,2
1,<environment.Job instance at 0x7f3a5bba67d0>,2,1,[ 4 11],3,23,24,20,16
1,<environment.Job instance at 0x7f3a1872f0f0>,7,1,[7 1],8,16,17,8,16
1,<environment.Job instance at 0x7f3a186c2410>,14,3,[ 1 12],15,24,27,9,20
1,<environment.Job instance at 0x7f3a1848d820>,20,25,[6 2],21,25,50,4,25
1,<environment.Job instance at 0x7f3a5c0d5e10>,22,3,[14  1],23,50,53,27,25
1,<environment.Job instance at 0x7f3a181c2a50>,23,1,[ 4 12],24,27,28,3,25
1,<environment.Job instance at 0x7f3a181c2190>,24,21,[5 2],25,28,49,3,25
1,<environment.Job instance at 0x7f3a17d98a00>,33,3,[1 8],34,56,59,22,56
1,<environment.Job instance at 0x7f3a17d98050>,36,18,[1 8],37,73,91,36,73
1,<environment.Job instance at 0x7f3a17d98140>,37,27,[4 8],38,91,118,53,89
1,<environment.Job instance at 0x7f3a181bf5a0>,42,1,[5 5],43,99,100,56,99
1,<environment.Job instance at 0x7f3a5bb68e10>,5,1,[8 4],6,6,7,0,6
1,<environment.Job instance at 0x7f3a5be90aa0>,17,1,[1 9],18,36,37,18,36
1,<environment.Job instance at 0x7f3a5be90460>,19,2,[10  5],20,36,38,16,36
1,<environment.Job instance at 0x7f3a5be90140>,20,1,[5 8],21,37,38,16,36
1,<environment.Job instance at 0x7f3a5be90410>,22,26,[9 3],23,38,64,15,37
1,<environment.Job instance at 0x7f3a5c18ecd0>,28,1,[5 9],29,68,69,39,68
1,<environment.Job instance at 0x7f3a5c18e2d0>,29,2,[ 1 10],30,69,71,39,68
1,<environment.Job instance at 0x7f3a5c18e550>,31,3,[4 6],32,75,78,43,75
1,<environment.Job instance at 0x7f3a625c9c30>,26,3,[12  4],27,83,86,56,83
1,<environment.Job instance at 0x7f3a5beecf00>,37,22,[6 4],38,101,123,63,101
1,<environment.Job instance at 0x7f3a182784b0>,0,1,[9 5],1,3,4,2,3
1,<environment.Job instance at 0x7f3a17f7cd20>,10,3,[13  5],11,12,15,1,12
1,<environment.Job instance at 0x7f3a17f7c0a0>,11,3,[6 4],12,15,18,3,13
1,<environment.Job instance at 0x7f3a5c21b370>,14,1,[8 2],15,15,16,0,15
1,<environment.Job instance at 0x7f3a5c21b460>,15,3,[14  3],16,18,21,2,16
1,<environment.Job instance at 0x7f3a5c21b0a0>,18,3,[ 2 10],19,24,27,5,24
1,<environment.Job instance at 0x7f3a184df9b0>,19,1,[8 3],20,24,25,4,24
1,<environment.Job instance at 0x7f3a5bb895a0>,24,1,[10  2],25,41,42,16,41
1,<environment.Job instance at 0x7f3a5bb89820>,25,27,[1 5],26,41,68,15,41
1,<environment.Job instance at 0x7f3a5bb89cd0>,28,1,[4 7],29,54,55,25,54
1,<environment.Job instance at 0x7f3a5bb89410>,29,3,[13  3],30,65,68,35,65
1,<environment.Job instance at 0x7f3a1819ab90>,31,18,[7 3],32,72,90,40,72
1,<environment.Job instance at 0x7f3a5c1d5f00>,34,3,[5 1],35,72,75,37,72
1,<environment.Job instance at 0x7f3a5c1d5870>,36,1,[10  1],37,90,91,53,72
1,<environment.Job instance at 0x7f3a5c1cd870>,41,21,[8 4],42,91,112,49,90
1,<environment.Job instance at 0x7f3a5c1cd820>,43,3,[6 5],44,94,97,50,94
1,<environment.Job instance at 0x7f3a5c1cd1e0>,44,3,[6 4],45,97,100,52,94
1,<environment.Job instance at 0x7f3a5c1cd0a0>,45,18,[4 5],46,100,118,54,100
1,<environment.Job instance at 0x7f2b0ac8d1e0>,10,1,[7 3],11,28,29,17,28
1,<environment.Job instance at 0x7f2b0ac8d8c0>,11,2,[3 9],12,28,30,16,28
1,<environment.Job instance at 0x7f2b0ac8d3c0>,12,3,[6 3],13,29,32,16,29
1,<environment.Job instance at 0x7f2b0ac8d6e0>,15,3,[10  2],16,39,42,23,39
1,<environment.Job instance at 0x7f2b0ac8dd20>,17,3,[10  3],18,42,45,24,41
1,<environment.Job instance at 0x7f2b0ac8deb0>,20,1,[3 7],21,83,84,62,83
1,<environment.Job instance at 0x7f2b0ac8df50>,21,3,[ 2 10],22,84,87,62,83
1,<environment.Job instance at 0x7f2b0ac8de10>,22,2,[12  3],23,83,85,60,83
1,<environment.Job instance at 0x7f2b0ac8f2d0>,26,22,[2 9],27,87,109,60,83
1,<environment.Job instance at 0x7f2b0ac8f370>,27,2,[6 4],28,85,87,57,83
1,<environment.Job instance at 0x7f2b0ac8f500>,30,1,[5 5],31,87,88,56,87
1,<environment.Job instance at 0x7f2b0ac8f320>,33,2,[5 3],34,98,100,64,98
1,<environment.Job instance at 0x7f2b0ac8f780>,34,3,[9 5],35,100,103,65,99
1,<environment.Job instance at 0x7f2b0ac8f8c0>,36,2,[5 1],37,111,113,74,111
1,<environment.Job instance at 0x7f2b12209f00>,0,2,[5 6],1,3,5,2,3
1,<environment.Job instance at 0x7f2b0ac8fb90>,3,3,[1 5],4,4,7,0,4
1,<environment.Job instance at 0x7f2b0ac8fa00>,6,2,[9 1],7,7,9,0,7
1,<environment.Job instance at 0x7f2b12204910>,11,2,[9 3],12,12,14,0,12
1,<environment.Job instance at 0x7f2b12204be0>,13,3,[2 9],14,14,17,0,14
1,<environment.Job instance at 0x7f2b12217230>,19,3,[1 7],20,39,42,19,39
1,<environment.Job instance at 0x7f2b12217e10>,22,2,[4 9],23,49,51,26,49
1,<environment.Job instance at 0x7f2b12217370>,24,1,[7 1],25,61,62,36,61
1,<environment.Job instance at 0x7f2b1220d6e0>,27,3,[ 2 10],28,77,80,49,77
1,<environment.Job instance at 0x7f2b1220d370>,29,3,[5 5],30,78,81,48,78
1,<environment.Job instance at 0x7f2b1220d690>,33,1,[5 6],34,93,94,59,93
1,<environment.Job instance at 0x7f2b1220d140>,34,2,[8 5],35,93,95,58,93
1,<environment.Job instance at 0x7f2b12211780>,36,2,[8 2],37,95,97,58,93
1,<environment.Job instance at 0x7f2b12211190>,39,3,[4 8],40,103,106,63,103
1,<environment.Job instance at 0x7f2b12211320>,41,3,[1 5],42,108,111,66,108
1,<environment.Job instance at 0x7f2b120c5af0>,42,1,[10  1],43,108,109,65,108
1,<environment.Job instance at 0x7f2ac700cdc0>,0,28,[7 3],1,1,29,0,1
1,<environment.Job instance at 0x7f2ac6f41780>,9,1,[8 3],10,10,11,0,10
1,<environment.Job instance at 0x7f2ac6f41a50>,15,2,[9 2],16,29,31,13,26
1,<environment.Job instance at 0x7f2b12296870>,16,2,[5 1],17,26,28,9,26
1,<environment.Job instance at 0x7f2ac6f41d20>,17,1,[1 7],18,26,27,8,26
1,<environment.Job instance at 0x7f2ac6f415a0>,20,2,[8 3],21,32,34,11,32
1,<environment.Job instance at 0x7f2ac70048c0>,22,2,[14  5],23,40,42,17,40
1,<environment.Job instance at 0x7f2ac70049b0>,23,21,[9 5],24,42,63,18,40
1,<environment.Job instance at 0x7f2ac6fa4550>,26,22,[6 1],27,56,78,29,56
1,<environment.Job instance at 0x7f2ac6fa4820>,28,21,[5 1],29,63,84,34,60
1,<environment.Job instance at 0x7f2ac6fa42d0>,29,1,[8 5],30,78,79,48,60
1,<environment.Job instance at 0x7f2ac6fa4e10>,30,1,[9 5],31,79,80,48,60
1,<environment.Job instance at 0x7f2ac6fa4aa0>,34,1,[3 7],35,109,110,74,109
1,<environment.Job instance at 0x7f2ac6fa4640>,35,2,[7 1],36,109,111,73,109
1,<environment.Job instance at 0x7f2ac6f8b5a0>,1,25,[10  4],2,2,27,0,2
1,<environment.Job instance at 0x7f2ac734bf50>,4,22,[1 9],5,5,27,0,5
1,<environment.Job instance at 0x7f2ac7060b90>,13,24,[3 6],14,27,51,13,22
1,<environment.Job instance at 0x7f2ac6f15b90>,15,20,[3 8],16,27,47,11,22
1,<environment.Job instance at 0x7f2ac6f155f0>,17,27,[9 5],18,47,74,29,45
1,<environment.Job instance at 0x7f2ac6f15780>,22,2,[6 4],23,51,53,28,45
1,<environment.Job instance at 0x7f2ac6f154b0>,24,2,[1 9],25,53,55,28,45
1,<environment.Job instance at 0x7f2ac6f15550>,26,21,[6 1],27,55,76,28,49
1,<environment.Job instance at 0x7f2ac6f15e60>,29,1,[10  5],30,76,77,46,59
1,<environment.Job instance at 0x7f2ac6f15410>,31,2,[7 4],32,74,76,42,61
1,<environment.Job instance at 0x7f2ac6f15690>,23,2,[ 3 14],24,77,79,53,67
1,<environment.Job instance at 0x7f2ac7350870>,35,27,[5 5],36,79,106,43,77
1,<environment.Job instance at 0x7f2ac7350e10>,36,22,[2 8],37,79,101,42,77
1,<environment.Job instance at 0x7f2ac7350460>,37,20,[5 2],38,83,103,45,83
1,<environment.Job instance at 0x7f2ac7350c80>,34,3,[ 3 12],35,106,109,71,104
1,<environment.Job instance at 0x7f2ac73504b0>,41,3,[3 7],42,110,113,68,110
1,<environment.Job instance at 0x7f2ac7350a00>,43,27,[7 5],44,110,137,66,110
1,<environment.Job instance at 0x7f2ac7060cd0>,1,24,[4 8],2,2,26,0,2
1,<environment.Job instance at 0x7f2b0ade94b0>,5,19,[7 5],6,6,25,0,6
1,<environment.Job instance at 0x7f2ac738b5a0>,11,1,[11  1],12,25,26,13,24
1,<environment.Job instance at 0x7f2ac738bd20>,18,3,[9 1],19,26,29,7,24
1,<environment.Job instance at 0x7f2ac738bd70>,20,19,[2 7],21,26,45,5,24
1,<environment.Job instance at 0x7f2ac738b960>,21,24,[1 9],22,45,69,23,40
1,<environment.Job instance at 0x7f2ac73894b0>,24,1,[2 5],25,40,41,15,40
1,<environment.Job instance at 0x7f2ac73891e0>,27,23,[10  4],28,41,64,13,40
1,<environment.Job instance at 0x7f2ac7389910>,33,3,[ 5 13],34,69,72,35,53
1,<environment.Job instance at 0x7f2ac7389b90>,37,1,[11  4],38,64,65,26,64
1,<environment.Job instance at 0x7f2ac7389c30>,38,1,[5 3],39,65,66,26,64
1,<environment.Job instance at 0x7f2ac737a370>,40,18,[4 6],41,72,90,31,72
1,<environment.Job instance at 0x7f2ac737a7d0>,43,1,[8 5],44,96,97,52,96
1,<environment.Job instance at 0x7f2ac737a910>,45,24,[10  2],46,97,121,51,96
1,<environment.Job instance at 0x7f2ac737aaf0>,48,19,[1 6],49,110,129,61,110
1,<environment.Job instance at 0x7f2ac737ab90>,49,27,[14  1],50,121,148,71,119
1,<environment.Job instance at 0x7f2b0ad61050>,10,1,[9 5],11,11,12,0,11
1,<environment.Job instance at 0x7f2b0f8b55f0>,14,24,[4 5],15,15,39,0,15
1,<environment.Job instance at 0x7f2b0aae1910>,20,2,[6 4],21,31,33,10,31
1,<environment.Job instance at 0x7f2b0aae11e0>,25,2,[2 9],26,48,50,22,48
1,<environment.Job instance at 0x7f2b0aae1e60>,34,3,[7 4],35,89,92,54,89
1,<environment.Job instance at 0x7f2b0aacd3c0>,36,2,[5 5],37,89,91,52,89
1,<environment.Job instance at 0x7f2b0f5222d0>,0,20,[4 6],1,1,21,0,1
1,<environment.Job instance at 0x7f2b0afa30f0>,7,1,[10  5],8,8,9,0,8
1,<environment.Job instance at 0x7f2ac70d47d0>,8,2,[13  3],9,21,23,12,11
1,<environment.Job instance at 0x7f2b0aac5780>,15,2,[6 3],16,16,18,0,16
1,<environment.Job instance at 0x7f2ac714e8c0>,17,3,[8 1],18,18,21,0,18
1,<environment.Job instance at 0x7f2ac714ef00>,18,20,[3 8],19,23,43,4,19
1,<environment.Job instance at 0x7f2b0aac5c30>,20,24,[10  4],21,25,49,4,25
1,<environment.Job instance at 0x7f2b0afe6aa0>,21,21,[4 7],22,43,64,21,35
1,<environment.Job instance at 0x7f2b0ab173c0>,24,1,[ 2 11],25,64,65,39,49
1,<environment.Job instance at 0x7f2ac7261460>,29,19,[5 5],30,65,84,35,55
1,<environment.Job instance at 0x7f2b0ab19c80>,33,3,[8 4],34,84,87,50,84
1,<environment.Job instance at 0x7f2b0aad0370>,39,1,[ 5 14],40,112,113,72,112
1,<environment.Job instance at 0x7f2b0aad00a0>,40,2,[5 1],41,112,114,71,112
1,<environment.Job instance at 0x7f2b0f36f870>,0,26,[4 9],1,1,27,0,1
1,<environment.Job instance at 0x7f2ac6fd5730>,7,23,[5 3],8,8,31,0,8
1,<environment.Job instance at 0x7f2ac6fd5dc0>,13,24,[ 5 11],14,27,51,13,22
1,<environment.Job instance at 0x7f2ac6fd55f0>,5,18,[1 8],6,51,69,45,49
1,<environment.Job instance at 0x7f2ac6fe8410>,23,1,[10  5],24,64,65,40,64
1,<environment.Job instance at 0x7f2ac6fe84b0>,25,2,[8 3],26,65,67,39,64
1,<environment.Job instance at 0x7f2ac72d4f50>,0,28,[ 2 14],1,1,29,0,1
1,<environment.Job instance at 0x7f2ac6fe86e0>,1,28,[5 1],2,2,30,0,2
1,<environment.Job instance at 0x7f2b0ab17960>,13,23,[7 4],14,29,52,15,23
1,<environment.Job instance at 0x7f2ac75445f0>,23,3,[13  5],24,52,55,28,37
1,<environment.Job instance at 0x7f2ac759b780>,26,27,[5 2],27,55,82,28,53
1,<environment.Job instance at 0x7f2ac75c8460>,30,22,[2 5],31,67,89,36,67
1,<environment.Job instance at 0x7f2ac7191820>,31,1,[8 4],32,67,68,35,67
1,<environment.Job instance at 0x7f2ac75c7eb0>,32,1,[2 5],33,68,69,35,67
1,<environment.Job instance at 0x7f2b0ad8da50>,36,1,[2 6],37,74,75,37,74
1,<environment.Job instance at 0x7f2b0ab65460>,38,18,[5 8],39,89,107,50,89
1,<environment.Job instance at 0x7f2ac74a2500>,40,1,[ 2 10],41,107,108,66,89
1,<environment.Job instance at 0x7f2ac727a190>,41,2,[1 5],42,89,91,47,89
1,<environment.Job instance at 0x7f2ac727a1e0>,42,1,[9 5],43,91,92,48,89
1,<environment.Job instance at 0x7f2b0ade9230>,44,28,[4 5],45,102,130,57,102
1,<environment.Job instance at 0x7f2b0ade9f50>,45,3,[9 2],46,108,111,62,102
1,<environment.Job instance at 0x7f2b0ade9500>,47,2,[ 5 13],48,130,132,82,103
1,<environment.Job instance at 0x7f2ac72f7730>,49,1,[4 5],50,117,118,67,117
1,<environment.Job instance at 0x7f2ac72f7b40>,51,25,[10  1],52,118,143,66,117
1,<environment.Job instance at 0x7f2b0b1350a0>,5,3,[10  4],6,9,12,3,9
1,<environment.Job instance at 0x7f2b0f64ff50>,9,2,[5 8],10,10,12,0,10
1,<environment.Job instance at 0x7f2ac730ceb0>,14,22,[4 9],15,15,37,0,15
1,<environment.Job instance at 0x7f2ac730c140>,15,1,[1 9],16,37,38,21,16
1,<environment.Job instance at 0x7f2ac7330960>,16,21,[5 5],17,17,38,0,17
1,<environment.Job instance at 0x7f2b0f77dfa0>,23,2,[13  2],24,39,41,15,39
1,<environment.Job instance at 0x7f2ac7022780>,25,25,[1 6],26,46,71,20,46
1,<environment.Job instance at 0x7f2ac7022640>,26,1,[5 5],27,46,47,19,46
1,<environment.Job instance at 0x7f2b0f3c7500>,30,27,[11  2],31,57,84,26,57
1,<environment.Job instance at 0x7f2b120c1280>,32,20,[ 5 10],33,84,104,51,75
1,<environment.Job instance at 0x7f2b120c1820>,35,24,[8 3],36,84,108,48,79
1,<environment.Job instance at 0x7f2b0aa05e60>,6,1,[5 2],7,7,8,0,7
1,<environment.Job instance at 0x7f2b0afe97d0>,14,3,[10  2],15,19,22,4,19
1,<environment.Job instance at 0x7f2b0afe9870>,15,27,[4 5],16,19,46,3,19
1,<environment.Job instance at 0x7f2b0afe9410>,16,1,[12  2],17,46,47,29,21
1,<environment.Job instance at 0x7f2b0afe98c0>,21,2,[ 5 10],22,41,43,19,41
1,<environment.Job instance at 0x7f2b0afe9f50>,23,3,[6 2],24,47,50,23,46
1,<environment.Job instance at 0x7f2b0afe9e60>,24,1,[7 4],25,47,48,22,46
1,<environment.Job instance at 0x7f2b0afe9e10>,25,3,[9 2],26,48,51,22,46
1,<environment.Job instance at 0x7f2b0a9f7280>,26,25,[7 3],27,51,76,24,47
1,<environment.Job instance at 0x7f2b0a9f7690>,30,26,[6 4],31,51,77,20,51
1,<environment.Job instance at 0x7f2b0a9f7960>,34,1,[5 5],35,76,77,41,68
1,<environment.Job instance at 0x7f2b0a9f74b0>,37,21,[9 4],38,84,105,46,84
1,<environment.Job instance at 0x7f2b0a9f7be0>,38,21,[5 1],39,84,105,45,84
1,<environment.Job instance at 0x7f2b0a9ff6e0>,47,3,[ 1 10],48,107,110,59,107
1,<environment.Job instance at 0x7f2b0a9ff730>,48,2,[5 7],49,110,112,61,107
1,<environment.Job instance at 0x7f2b0a9ff8c0>,49,20,[5 9],50,112,132,62,107
1,<environment.Job instance at 0x7f2b11fdb5a0>,1,2,[ 5 11],2,9,11,7,9
1,<environment.Job instance at 0x7f2b0afdb7d0>,10,2,[8 2],11,11,13,0,11
1,<environment.Job instance at 0x7f2b0abf2140>,13,3,[2 7],14,14,17,0,14
1,<environment.Job instance at 0x7f2b0abf2e10>,14,1,[4 6],15,15,16,0,15
1,<environment.Job instance at 0x7f2b0b19bf50>,15,3,[10  5],16,16,19,0,16
1,<environment.Job instance at 0x7f2b0f25ed20>,21,1,[6 3],22,36,37,14,36
1,<environment.Job instance at 0x7f2b0f25e8c0>,23,3,[10  4],24,40,43,16,40
1,<environment.Job instance at 0x7f2b0f25e690>,24,1,[4 8],25,40,41,15,40
1,<environment.Job instance at 0x7f2b0f25ee10>,26,27,[2 9],27,41,68,14,40
1,<environment.Job instance at 0x7f2ac73fa640>,31,1,[10  1],32,66,67,34,66
1,<environment.Job instance at 0x7f2ac73fa280>,32,22,[8 1],33,67,89,34,66
1,<environment.Job instance at 0x7f2ac73fa870>,35,3,[ 1 13],36,86,89,50,86
1,<environment.Job instance at 0x7f2ac73fa780>,36,2,[14  2],37,89,91,52,86
1,<environment.Job instance at 0x7f2ac6d64d70>,39,2,[10  2],40,96,98,56,96
1,<environment.Job instance at 0x7f2ac6d64eb0>,40,2,[14  4],41,98,100,57,96
1,<environment.Job instance at 0x7f2ac6d645a0>,41,27,[8 5],42,100,127,58,98
1,<environment.Job instance at 0x7f2ac6d64af0>,42,2,[10  3],43,127,129,84,100
1,<environment.Job instance at 0x7f2b0f532410>,43,1,[1 7],44,100,101,56,100
1,<environment.Job instance at 0x7f2b0ac17d20>,0,20,[ 4 10],1,1,21,0,1
1,<environment.Job instance at 0x7f2b0ac98910>,6,24,[4 5],7,7,31,0,7
1,<environment.Job instance at 0x7f2b0ac98f00>,7,24,[4 8],8,21,45,13,16
1,<environment.Job instance at 0x7f2b0f2a51e0>,22,23,[6 2],23,23,46,0,23
1,<environment.Job instance at 0x7f2b0f2a5870>,24,3,[ 1 12],25,50,53,25,50
1,<environment.Job instance at 0x7f2b0f2a5d20>,30,2,[1 5],31,53,55,22,50
1,<environment.Job instance at 0x7f2b0f2a50f0>,31,1,[3 6],32,53,54,21,50
1,<environment.Job instance at 0x7f2b0f2a5a00>,33,1,[11  3],34,51,52,17,51
1,<environment.Job instance at 0x7f2b0f2a54b0>,35,28,[ 4 12],36,60,88,24,60
1,<environment.Job instance at 0x7f2ac746eb40>,39,1,[ 4 13],40,88,89,48,76
1,<environment.Job instance at 0x7f2ac746e370>,40,1,[7 5],41,89,90,48,76
1,<environment.Job instance at 0x7f2ac746e5f0>,42,2,[3 5],43,89,91,46,87
1,<environment.Job instance at 0x7f2b0aef7c30>,9,2,[4 8],10,10,12,0,10
1,<environment.Job instance at 0x7f2ac761de10>,7,1,[4 7],8,12,13,4,12
1,<environment.Job instance at 0x7f2ac7622640>,14,1,[12  5],15,16,17,1,16
1,<environment.Job instance at 0x7f2ac76227d0>,17,26,[ 3 10],18,18,44,0,18
1,<environment.Job instance at 0x7f2b0aa9bbe0>,21,3,[12  2],22,33,36,11,33
1,<environment.Job instance at 0x7f2b0aaa7960>,22,1,[2 6],23,44,45,21,33
1,<environment.Job instance at 0x7f2ac6cbd690>,24,1,[7 3],25,36,37,11,33
1,<environment.Job instance at 0x7f2ac75e35a0>,26,2,[5 9],27,44,46,17,34
1,<environment.Job instance at 0x7f2ac6df1b90>,34,3,[14  3],35,50,53,15,50
1,<environment.Job instance at 0x7f2b0f37efa0>,38,1,[2 8],39,66,67,27,66
1,<environment.Job instance at 0x7f2b0f27ea50>,39,2,[6 3],40,67,69,27,67
1,<environment.Job instance at 0x7f2b0f27e0f0>,41,1,[5 3],42,68,69,26,68
1,<environment.Job instance at 0x7f2b0f95cd20>,43,3,[7 1],44,81,84,37,81
1,<environment.Job instance at 0x7f2ac75d5640>,45,3,[ 1 10],46,83,86,37,83
1,<environment.Job instance at 0x7f2ac75d5870>,46,1,[11  3],47,84,85,37,83
1,<environment.Job instance at 0x7f2ac75d53c0>,47,1,[8 4],48,85,86,37,83
1,<environment.Job instance at 0x7f2ac75d5140>,49,2,[3 9],50,92,94,42,92
1,<environment.Job instance at 0x7f2b0f5ddf00>,52,2,[8 5],53,109,111,56,109
1,<environment.Job instance at 0x7f2ac7627050>,10,2,[13  2],11,111,113,100,111
1,<environment.Job instance at 0x7f2b0f24d4b0>,44,12,[7 1],45,116,128,71,116
1,<environment.Job instance at 0x7f2ac6fa1230>,0,1,[1 9],1,2,3,1,2
1,<environment.Job instance at 0x7f2ac705fd70>,2,1,[1 5],3,3,4,0,3
1,<environment.Job instance at 0x7f2ac71f5910>,8,2,[7 4],9,9,11,0,9
1,<environment.Job instance at 0x7f2ac73e8690>,12,2,[2 8],13,13,15,0,13
1,<environment.Job instance at 0x7f2b0b048230>,15,2,[8 1],16,16,18,0,16
1,<environment.Job instance at 0x7f2b0b031910>,16,1,[ 3 11],17,17,18,0,17
1,<environment.Job instance at 0x7f2b0f79a960>,18,1,[3 6],19,19,20,0,19
1,<environment.Job instance at 0x7f2ac720a320>,21,23,[1 8],22,24,47,2,24
1,<environment.Job instance at 0x7f2ac7603730>,27,1,[7 5],28,57,58,29,57
1,<environment.Job instance at 0x7f2b0f941aa0>,28,1,[10  1],29,58,59,29,57
1,<environment.Job instance at 0x7f2b0afd42d0>,29,3,[3 5],30,57,60,27,57
1,<environment.Job instance at 0x7f2b0afd47d0>,30,3,[ 2 10],31,59,62,28,57
1,<environment.Job instance at 0x7f2ac700f0f0>,34,2,[1 5],35,72,74,37,72
1,<environment.Job instance at 0x7f2ac700fb40>,35,3,[9 4],36,72,75,36,72
1,<environment.Job instance at 0x7f2ac700fc80>,36,25,[8 1],37,75,100,38,72
1,<environment.Job instance at 0x7f2ac700f550>,39,3,[7 4],40,81,84,41,81
1,<environment.Job instance at 0x7f2ac700f1e0>,40,2,[3 9],41,84,86,43,81
1,<environment.Job instance at 0x7f2ac700f0a0>,44,28,[7 4],45,92,120,47,92
1,<environment.Job instance at 0x7f2ac700f050>,45,20,[7 2],46,100,120,54,92
1,<environment.Job instance at 0x7f2ac6cd9730>,13,2,[1 7],14,23,25,9,23
1,<environment.Job instance at 0x7f2ac6c19550>,18,2,[1 7],19,44,46,25,44
1,<environment.Job instance at 0x7f2ac6c19b40>,21,1,[3 9],22,46,47,24,44
1,<environment.Job instance at 0x7f2ac6c19050>,23,3,[6 1],24,46,49,22,46
1,<environment.Job instance at 0x7f2ac6c19c30>,25,2,[ 2 12],26,55,57,29,55
1,<environment.Job instance at 0x7f2ac6c19230>,26,1,[3 9],27,57,58,30,55
1,<environment.Job instance at 0x7f2ac6d2a730>,28,21,[2 5],29,58,79,29,58
1,<environment.Job instance at 0x7f2ac6d2af00>,29,23,[5 7],30,58,81,28,58
1,<environment.Job instance at 0x7f2ac6d2ac80>,32,2,[5 3],33,74,76,41,74
1,<environment.Job instance at 0x7f2ac6d2af50>,33,25,[ 1 10],34,81,106,47,77
1,<environment.Job instance at 0x7f2ac6d2a050>,38,1,[ 5 14],39,106,107,67,90
1,<environment.Job instance at 0x7f2ac6d2a230>,39,1,[5 1],40,90,91,50,90
1,<environment.Job instance at 0x7f2ac6d2a5f0>,40,1,[2 9],41,107,108,66,90
1,<environment.Job instance at 0x7f2ac6d2a500>,43,3,[3 6],44,108,111,64,108
1,<environment.Job instance at 0x7f2ac6d14500>,45,2,[5 7],46,113,115,67,113
1,<environment.Job instance at 0x7f2ac6fd5dc0>,8,2,[7 3],9,9,11,0,9
1,<environment.Job instance at 0x7f2ac6ff7820>,15,1,[3 8],16,16,17,0,16
1,<environment.Job instance at 0x7f2ac6ff7910>,17,2,[7 1],18,24,26,6,24
1,<environment.Job instance at 0x7f2ac6ff78c0>,18,2,[5 5],19,24,26,5,24
1,<environment.Job instance at 0x7f2b0f3e52d0>,6,18,[4 9],7,26,44,19,26
1,<environment.Job instance at 0x7f2ac6ff7d20>,22,2,[6 4],23,38,40,15,38
1,<environment.Job instance at 0x7f2b0f66fa00>,23,1,[5 3],24,40,41,16,38
1,<environment.Job instance at 0x7f2ac6fe39b0>,24,18,[6 5],25,44,62,19,44
1,<environment.Job instance at 0x7f2ac6fe3b90>,25,1,[5 1],26,44,45,18,44
1,<environment.Job instance at 0x7f2b0f40ea50>,30,1,[9 3],31,50,51,19,50
1,<environment.Job instance at 0x7f2ac7320870>,31,1,[2 5],32,51,52,19,50
1,<environment.Job instance at 0x7f2ac6fe16e0>,34,2,[7 3],35,56,58,21,56
1,<environment.Job instance at 0x7f2ac6fe1050>,37,1,[8 1],38,71,72,33,71
1,<environment.Job instance at 0x7f2ac74505f0>,39,3,[9 5],40,74,77,34,74
1,<environment.Job instance at 0x7f2ac7315500>,40,2,[8 4],41,77,79,36,74
1,<environment.Job instance at 0x7f2ac708eb40>,41,1,[3 9],42,74,75,32,74
1,<environment.Job instance at 0x7f2ac70822d0>,38,18,[6 5],39,79,97,40,79
1,<environment.Job instance at 0x7f2ac7091190>,46,21,[10  4],47,97,118,50,89
1,<environment.Job instance at 0x7f2ac70601e0>,54,2,[7 5],55,118,120,63,113
1,<environment.Job instance at 0x7f2ac7060140>,55,23,[7 3],56,118,141,62,113
1,<environment.Job instance at 0x7f2ac7380a50>,57,20,[8 3],58,120,140,62,115
1,<environment.Job instance at 0x7f2ac75099b0>,6,2,[5 1],7,7,9,0,7
1,<environment.Job instance at 0x7f2b0f8ec8c0>,7,20,[5 3],8,8,28,0,8
1,<environment.Job instance at 0x7f2b0adb0460>,8,3,[9 1],9,9,12,0,9
1,<environment.Job instance at 0x7f2ac6dadb40>,14,1,[4 6],15,21,22,6,21
1,<environment.Job instance at 0x7f2ac6d49f00>,17,3,[5 6],18,36,39,18,36
1,<environment.Job instance at 0x7f2b0f271b90>,23,1,[6 3],24,70,71,46,70
1,<environment.Job instance at 0x7f2b0ac2a9b0>,28,1,[1 6],29,86,87,57,86
1,<environment.Job instance at 0x7f2b0aedf7d0>,30,1,[9 2],31,98,99,67,98
1,<environment.Job instance at 0x7f2ac73890f0>,31,2,[1 9],32,98,100,66,98
1,<environment.Job instance at 0x7f2b0aedf460>,32,1,[ 1 11],33,100,101,67,98
1,<environment.Job instance at 0x7f2ac6c184b0>,5,1,[4 8],6,6,7,0,6
1,<environment.Job instance at 0x7f2ac6c18b40>,6,23,[ 1 13],7,7,30,0,7
1,<environment.Job instance at 0x7f2b0aedd190>,13,1,[5 5],14,30,31,16,14
1,<environment.Job instance at 0x7f2b0aedd500>,14,24,[7 3],15,30,54,15,25
1,<environment.Job instance at 0x7f2b0aedd140>,16,21,[5 3],17,31,52,14,26
1,<environment.Job instance at 0x7f2b0aeddb40>,17,22,[1 9],18,31,53,13,26
1,<environment.Job instance at 0x7f2b0aedd6e0>,25,27,[2 8],26,53,80,27,51
1,<environment.Job instance at 0x7f2b0f36fc30>,28,1,[9 4],29,54,55,25,51
1,<environment.Job instance at 0x7f2b0f36f370>,29,1,[ 4 13],30,80,81,50,55
1,<environment.Job instance at 0x7f2ac6c18cd0>,7,2,[ 2 11],8,81,83,73,56
1,<environment.Job instance at 0x7f2b0f36f7d0>,31,1,[10  1],32,58,59,26,58
1,<environment.Job instance at 0x7f2b0f36fa00>,32,24,[5 7],33,83,107,50,78
1,<environment.Job instance at 0x7f2b0f36fe60>,34,1,[4 6],35,78,79,43,78
1,<environment.Job instance at 0x7f2b0f36f0a0>,37,1,[ 3 10],38,107,108,69,79
1,<environment.Job instance at 0x7f2ac6d8ccd0>,39,23,[6 1],40,79,102,39,79
1,<environment.Job instance at 0x7f2ac6d8c050>,40,1,[11  4],41,107,108,66,97
1,<environment.Job instance at 0x7f2ac6d8ca00>,46,23,[ 2 10],47,108,131,61,102
1,<environment.Job instance at 0x7f2ac6c9a4b0>,5,1,[ 4 14],6,12,13,6,12
1,<environment.Job instance at 0x7f2ac6c9a730>,9,2,[5 3],10,15,17,5,15
1,<environment.Job instance at 0x7f2ac74121e0>,15,2,[10  4],16,17,19,1,17
1,<environment.Job instance at 0x7f2ac6dce640>,17,1,[10  4],18,19,20,1,18
1,<environment.Job instance at 0x7f2ac6dcebe0>,19,22,[14  5],20,20,42,0,20
1,<environment.Job instance at 0x7f2b0f2d21e0>,28,22,[10  4],29,42,64,13,35
1,<environment.Job instance at 0x7f2ac758e050>,31,21,[5 8],32,46,67,14,46
1,<environment.Job instance at 0x7f2ac758e280>,36,1,[7 5],37,64,65,27,58
1,<environment.Job instance at 0x7f2ac758f640>,37,25,[6 5],38,65,90,27,61
1,<environment.Job instance at 0x7f2ac758fe60>,45,1,[1 9],46,82,83,36,82
1,<environment.Job instance at 0x7f2ac758f690>,46,2,[1 9],47,83,85,36,82
1,<environment.Job instance at 0x7f2ac758fc80>,48,25,[5 7],49,86,111,37,86
1,<environment.Job instance at 0x7f2b0adf40f0>,55,3,[5 3],56,109,112,53,109
1,<environment.Job instance at 0x7f73490b23c0>,10,1,[7 3],11,18,19,7,18
1,<environment.Job instance at 0x7f73490b28c0>,11,2,[3 9],12,18,20,6,18
1,<environment.Job instance at 0x7f73490b2730>,12,3,[6 3],13,19,22,6,19
1,<environment.Job instance at 0x7f73490b2690>,15,3,[10  2],16,35,38,19,35
1,<environment.Job instance at 0x7f73490b2be0>,17,3,[10  3],18,38,41,20,38
1,<environment.Job instance at 0x7f73490b2fa0>,20,1,[3 7],21,62,63,41,62
1,<environment.Job instance at 0x7f73490b2d70>,22,2,[12  3],23,62,64,39,62
1,<environment.Job instance at 0x7f73490b6140>,24,3,[5 9],25,73,76,48,73
1,<environment.Job instance at 0x7f73490b61e0>,25,3,[1 6],26,73,76,47,73
1,<environment.Job instance at 0x7f73490b6280>,26,22,[2 9],27,76,98,49,73
1,<environment.Job instance at 0x7f73490b6b40>,36,2,[5 1],37,103,105,66,103
1,<environment.Job instance at 0x7f73490b6c30>,40,1,[1 8],41,124,125,83,124
1,<environment.Job instance at 0x7f734c238eb0>,9,3,[1 7],10,10,13,0,10
1,<environment.Job instance at 0x7f734c385b40>,14,1,[7 1],15,17,18,2,17
1,<environment.Job instance at 0x7f734c384af0>,17,3,[ 2 10],18,31,34,13,31
1,<environment.Job instance at 0x7f734c384a00>,19,3,[5 5],20,35,38,15,35
1,<environment.Job instance at 0x7f734c384a50>,23,1,[5 6],24,47,48,23,47
1,<environment.Job instance at 0x7f734c384280>,24,2,[8 5],25,47,49,22,47
1,<environment.Job instance at 0x7f734c384370>,26,2,[8 2],27,50,52,23,50
1,<environment.Job instance at 0x7f734c38b0a0>,29,3,[4 8],30,60,63,30,60
1,<environment.Job instance at 0x7f734c38bd70>,31,3,[1 5],32,71,74,39,71
1,<environment.Job instance at 0x7f734c38b910>,32,1,[10  1],33,71,72,38,71
1,<environment.Job instance at 0x7f734c38b6e0>,35,3,[5 5],36,84,87,48,84
1,<environment.Job instance at 0x7f734c37c780>,36,22,[11  3],37,87,109,50,84
1,<environment.Job instance at 0x7f734c37c460>,40,3,[9 1],41,109,112,68,102
1,<environment.Job instance at 0x7f734c37c910>,42,1,[ 5 10],43,109,110,66,105
1,<environment.Job instance at 0x7f734c3816e0>,44,1,[9 4],45,112,113,67,111
1,<environment.Job instance at 0x7f734c3811e0>,45,25,[3 9],46,111,136,65,111
1,<environment.Job instance at 0x7f734c3814b0>,46,1,[7 4],47,113,114,66,111
1,<environment.Job instance at 0x7f73035610a0>,0,2,[8 3],1,2,4,1,2
1,<environment.Job instance at 0x7f734c381eb0>,3,21,[9 5],4,4,25,0,4
1,<environment.Job instance at 0x7f73033c49b0>,6,22,[6 1],7,7,29,0,7
1,<environment.Job instance at 0x7f734c3817d0>,2,2,[14  5],3,29,31,26,20
1,<environment.Job instance at 0x7f73033bb730>,14,1,[3 7],15,25,26,10,23
1,<environment.Job instance at 0x7f7303561550>,1,19,[ 3 14],2,31,50,29,28
1,<environment.Job instance at 0x7f73033bbfa0>,18,1,[ 5 14],19,50,51,31,29
1,<environment.Job instance at 0x7f73033bb9b0>,20,2,[10  1],21,36,38,15,36
1,<environment.Job instance at 0x7f73495555a0>,22,2,[9 4],23,51,53,28,36
1,<environment.Job instance at 0x7f7303354e60>,23,3,[14  5],24,53,56,29,36
1,<environment.Job instance at 0x7f7303352b90>,24,2,[1 7],25,51,53,26,36
1,<environment.Job instance at 0x7f7348eee050>,25,1,[ 4 10],26,56,57,30,36
1,<environment.Job instance at 0x7f73033892d0>,27,1,[9 4],28,56,57,28,39
1,<environment.Job instance at 0x7f73034af5f0>,32,1,[13  3],33,64,65,31,64
1,<environment.Job instance at 0x7f73034afa00>,35,1,[8 2],36,84,85,48,84
1,<environment.Job instance at 0x7f73033afdc0>,37,1,[4 8],38,90,91,52,90
1,<environment.Job instance at 0x7f734c238230>,41,2,[3 8],42,108,110,66,108
1,<environment.Job instance at 0x7f734c238550>,42,27,[ 2 13],43,110,137,67,108
1,<environment.Job instance at 0x7f734bbe0140>,5,27,[5 5],6,6,33,0,6
1,<environment.Job instance at 0x7f730348ffa0>,6,22,[2 8],7,7,29,0,7
1,<environment.Job instance at 0x7f7349103d70>,13,27,[7 5],14,29,56,15,27
1,<environment.Job instance at 0x7f734bbe01e0>,4,3,[ 3 12],5,56,59,51,30
1,<environment.Job instance at 0x7f730352ce10>,24,3,[2 5],25,59,62,34,59
1,<environment.Job instance at 0x7f73033bb820>,25,25,[3 7],26,59,84,33,59
1,<environment.Job instance at 0x7f734c23a190>,30,1,[ 4 12],31,84,85,53,77
1,<environment.Job instance at 0x7f734c23a7d0>,33,1,[5 2],34,81,82,47,81
1,<environment.Job instance at 0x7f730334b320>,38,21,[9 5],39,111,132,72,111
1,<environment.Job instance at 0x7f730334b500>,39,3,[12  1],40,132,135,92,126
1,<environment.Job instance at 0x7f730334bf00>,41,1,[5 5],42,126,127,84,126
1,<environment.Job instance at 0x7f730334b550>,43,2,[ 4 10],44,127,129,83,126
1,<environment.Job instance at 0x7f734bbf79b0>,5,24,[10  2],6,6,30,0,6
1,<environment.Job instance at 0x7f734950e2d0>,9,27,[14  1],10,30,57,20,28
1,<environment.Job instance at 0x7f7303783230>,8,19,[1 6],9,30,49,21,30
1,<environment.Job instance at 0x7f7303725140>,13,20,[5 7],14,57,77,43,48
1,<environment.Job instance at 0x7f7348ed4eb0>,12,2,[11  4],13,77,79,64,50
1,<environment.Job instance at 0x7f73037258c0>,16,27,[4 5],17,57,84,40,55
1,<environment.Job instance at 0x7f7303705640>,22,3,[11  3],23,79,82,56,77
1,<environment.Job instance at 0x7f7303a5f820>,25,1,[8 1],26,82,83,56,80
1,<environment.Job instance at 0x7f7303a5faa0>,28,2,[5 5],29,89,91,60,89
1,<environment.Job instance at 0x7f7303a5fc80>,29,1,[5 7],30,89,90,59,89
1,<environment.Job instance at 0x7f7303a5fbe0>,30,3,[1 6],31,90,93,59,89
1,<environment.Job instance at 0x7f7303a5f320>,32,3,[4 9],33,96,99,63,96
1,<environment.Job instance at 0x7f7303a676e0>,39,1,[8 3],40,129,130,89,129
1,<environment.Job instance at 0x7f734bb57050>,9,21,[1 9],10,10,31,0,10
1,<environment.Job instance at 0x7f734bb579b0>,10,27,[6 4],11,11,38,0,11
1,<environment.Job instance at 0x7f734bb57a50>,11,1,[11  4],12,38,39,26,17
1,<environment.Job instance at 0x7f734bbc29b0>,18,22,[7 5],19,39,61,20,32
1,<environment.Job instance at 0x7f734bbc20f0>,21,2,[2 6],22,32,34,10,32
1,<environment.Job instance at 0x7f734bbc51e0>,22,24,[1 6],23,34,58,11,32
1,<environment.Job instance at 0x7f734bbc55a0>,29,2,[9 1],30,61,63,31,60
1,<environment.Job instance at 0x7f734bbc5820>,32,3,[1 9],33,72,75,39,72
1,<environment.Job instance at 0x7f734bbc5af0>,34,3,[ 2 12],35,75,78,40,73
1,<environment.Job instance at 0x7f734bbc5d20>,37,2,[8 4],38,73,75,35,73
1,<environment.Job instance at 0x7f7349561e60>,40,1,[9 4],41,88,89,47,88
1,<environment.Job instance at 0x7f73495613c0>,41,2,[ 3 14],42,89,91,47,88
1,<environment.Job instance at 0x7f73495610f0>,43,3,[10  3],44,91,94,47,89
1,<environment.Job instance at 0x7f7349561a50>,44,3,[3 6],45,91,94,46,89
1,<environment.Job instance at 0x7f7349561500>,45,1,[8 4],46,94,95,48,89
1,<environment.Job instance at 0x7f7349561910>,47,27,[9 3],48,105,132,57,105
1,<environment.Job instance at 0x7f7349561960>,50,2,[2 7],51,123,125,72,123
1,<environment.Job instance at 0x7f734914ff50>,2,1,[12  5],3,6,7,3,6
1,<environment.Job instance at 0x7f7303961050>,15,1,[7 3],16,16,17,0,16
1,<environment.Job instance at 0x7f7348f97190>,17,2,[7 2],18,18,20,0,18
1,<environment.Job instance at 0x7f734b6862d0>,21,3,[3 9],22,25,28,3,25
1,<environment.Job instance at 0x7f730390a5a0>,27,2,[ 3 10],28,52,54,24,52
1,<environment.Job instance at 0x7f7348fe0f50>,30,19,[4 5],31,70,89,39,70
1,<environment.Job instance at 0x7f7348fe05f0>,31,3,[1 9],32,70,73,38,70
1,<environment.Job instance at 0x7f7348f89140>,35,1,[5 8],36,86,87,50,86
1,<environment.Job instance at 0x7f734917ad20>,37,2,[9 3],38,92,94,54,92
1,<environment.Job instance at 0x7f73033680f0>,39,1,[5 4],40,92,93,52,92
1,<environment.Job instance at 0x7f73033681e0>,40,23,[9 4],41,94,117,53,92
1,<environment.Job instance at 0x7f7303368460>,41,21,[8 2],42,117,138,75,109
1,<environment.Job instance at 0x7f73033685f0>,42,21,[5 7],43,109,130,66,109
1,<environment.Job instance at 0x7f734bd42af0>,1,21,[4 9],2,2,23,0,2
1,<environment.Job instance at 0x7f7303484050>,5,23,[8 4],6,6,29,0,6
1,<environment.Job instance at 0x7f7303484d70>,7,20,[5 7],8,23,43,15,14
1,<environment.Job instance at 0x7f734946f690>,0,2,[ 2 12],1,43,45,42,32
1,<environment.Job instance at 0x7f73034ab730>,16,1,[7 4],17,32,33,15,32
1,<environment.Job instance at 0x7f73034ab870>,18,3,[2 7],19,36,39,17,36
1,<environment.Job instance at 0x7f73034aba50>,21,20,[ 5 13],22,45,65,23,38
1,<environment.Job instance at 0x7f73034abe10>,25,1,[6 4],26,65,66,39,48
1,<environment.Job instance at 0x7f73034abe60>,26,3,[6 1],27,48,51,21,48
1,<environment.Job instance at 0x7f73034abb40>,29,1,[8 1],30,51,52,21,51
1,<environment.Job instance at 0x7f73034a6140>,30,24,[7 2],31,52,76,21,51
1,<environment.Job instance at 0x7f73034a6190>,33,3,[10  3],34,76,79,42,63
1,<environment.Job instance at 0x7f73034a6870>,36,19,[2 9],37,79,98,42,79
1,<environment.Job instance at 0x7f73034a6aa0>,38,20,[ 1 10],39,98,118,59,89
1,<environment.Job instance at 0x7f73034a67d0>,42,2,[5 7],43,118,120,75,95
1,<environment.Job instance at 0x7f73034a6fa0>,45,1,[ 2 10],46,120,121,74,111
1,<environment.Job instance at 0x7f7303478690>,48,2,[ 1 13],49,121,123,72,114
1,<environment.Job instance at 0x7f7303478730>,50,28,[ 2 14],51,128,156,77,128
1,<environment.Job instance at 0x7f73034786e0>,51,28,[5 1],52,128,156,76,128
1,<environment.Job instance at 0x7f730348ecd0>,3,1,[8 5],4,4,5,0,4
1,<environment.Job instance at 0x7f734b671c80>,13,24,[5 3],14,14,38,0,14
1,<environment.Job instance at 0x7f734b671d20>,15,1,[5 9],16,17,18,1,17
1,<environment.Job instance at 0x7f730384dbe0>,17,2,[11  4],18,38,40,20,23
1,<environment.Job instance at 0x7f730384d460>,20,3,[8 3],21,40,43,19,39
1,<environment.Job instance at 0x7f730384daf0>,21,28,[9 4],22,43,71,21,42
1,<environment.Job instance at 0x7f7303667d20>,26,1,[6 3],27,60,61,33,60
1,<environment.Job instance at 0x7f7348ff8140>,28,19,[ 3 11],29,62,81,33,62
1,<environment.Job instance at 0x7f7303667370>,27,17,[1 9],28,82,99,54,82
1,<environment.Job instance at 0x7f73035aac30>,33,3,[8 2],34,91,94,57,91
1,<environment.Job instance at 0x7f73493c25a0>,36,21,[5 5],37,94,115,57,94
1,<environment.Job instance at 0x7f730392db40>,37,3,[1 9],38,99,102,61,95
1,<environment.Job instance at 0x7f73035832d0>,41,1,[4 5],42,117,118,75,117
1,<environment.Job instance at 0x7f7348f99dc0>,42,3,[8 1],43,117,120,74,117
1,<environment.Job instance at 0x7f7303508d70>,0,2,[8 4],1,3,5,2,3
1,<environment.Job instance at 0x7f7348eb0d70>,5,19,[1 5],6,7,26,1,7
1,<environment.Job instance at 0x7f7303199d70>,7,1,[10  2],8,8,9,0,8
1,<environment.Job instance at 0x7f73039724b0>,9,1,[9 4],10,10,11,0,10
1,<environment.Job instance at 0x7f7303972d20>,13,3,[3 9],14,14,17,0,14
1,<environment.Job instance at 0x7f7303972a00>,14,27,[6 1],15,15,42,0,15
1,<environment.Job instance at 0x7f7303972140>,10,18,[9 2],11,34,52,23,34
1,<environment.Job instance at 0x7f73494be730>,21,24,[14  3],22,52,76,30,47
1,<environment.Job instance at 0x7f734b6e3a00>,23,24,[10  2],24,76,100,52,71
1,<environment.Job instance at 0x7f7348ed4910>,26,1,[9 2],27,100,101,73,72
1,<environment.Job instance at 0x7f734914cbe0>,27,1,[5 3],28,76,77,48,72
1,<environment.Job instance at 0x7f7348e3a910>,31,2,[1 9],32,74,76,42,74
1,<environment.Job instance at 0x7f7349382a50>,34,3,[9 3],35,101,104,66,77
1,<environment.Job instance at 0x7f734953d320>,36,1,[5 2],37,82,83,45,82
1,<environment.Job instance at 0x7f734953d0f0>,43,3,[ 4 10],44,125,128,81,125
1,<environment.Job instance at 0x7f734953d5a0>,44,3,[10  2],45,125,128,80,125
1,<environment.Job instance at 0x7f734953daa0>,45,27,[4 5],46,128,155,82,126
1,<environment.Job instance at 0x7f73490ecf50>,46,1,[12  2],47,155,156,108,127
1,<environment.Job instance at 0x7f73490ec4b0>,47,18,[1 6],48,128,146,80,127
1,<environment.Job instance at 0x7f73490ecdc0>,48,2,[1 9],49,146,148,97,127
1,<environment.Job instance at 0x7f73039394b0>,6,1,[ 5 10],7,7,8,0,7
1,<environment.Job instance at 0x7f73490ec9b0>,5,1,[6 1],6,9,10,3,9
1,<environment.Job instance at 0x7f7303939730>,8,1,[1 9],9,10,11,1,10
1,<environment.Job instance at 0x7f7303939cd0>,12,1,[2 9],13,14,15,1,14
1,<environment.Job instance at 0x7f7303939aa0>,13,20,[ 5 12],14,15,35,1,14
1,<environment.Job instance at 0x7f7303939be0>,14,2,[ 5 11],15,35,37,20,27
1,<environment.Job instance at 0x7f7303939e60>,16,1,[5 9],17,37,38,20,27
1,<environment.Job instance at 0x7f730394f460>,21,2,[ 5 11],22,38,40,16,28
1,<environment.Job instance at 0x7f7303939910>,9,2,[13  4],10,40,42,30,31
1,<environment.Job instance at 0x7f730394f640>,24,1,[6 1],25,31,32,6,31
1,<environment.Job instance at 0x7f730394fa50>,27,3,[9 4],28,37,40,9,37
1,<environment.Job instance at 0x7f73039563c0>,34,1,[4 6],35,58,59,23,58
1,<environment.Job instance at 0x7f7303956730>,39,3,[6 2],40,82,85,42,82
1,<environment.Job instance at 0x7f73039567d0>,40,13,[1 5],41,86,99,45,86
1,<environment.Job instance at 0x7f73039562d0>,41,1,[6 3],42,86,87,44,86
1,<environment.Job instance at 0x7f7303956910>,43,3,[10  4],44,89,92,45,89
1,<environment.Job instance at 0x7f7303956b40>,44,1,[4 8],45,92,93,47,89
1,<environment.Job instance at 0x7f73039569b0>,46,27,[2 9],47,95,122,48,95
1,<environment.Job instance at 0x7f7303956e10>,51,1,[10  1],52,129,130,77,129
1,<environment.Job instance at 0x7f7303956eb0>,52,22,[8 1],53,130,152,77,129
1,<environment.Job instance at 0x7f7303963140>,5,1,[4 9],6,6,7,0,6
1,<environment.Job instance at 0x7f734c113780>,0,3,[ 3 12],1,9,12,8,9
1,<environment.Job instance at 0x7f734c37dc30>,10,20,[ 4 10],11,12,32,1,11
1,<environment.Job instance at 0x7f734c37d960>,11,1,[ 3 10],12,32,33,20,12
1,<environment.Job instance at 0x7f73032a91e0>,16,24,[4 5],17,24,48,7,24
1,<environment.Job instance at 0x7f73032a9320>,17,24,[4 8],18,33,57,15,28
1,<environment.Job instance at 0x7f73493ee1e0>,30,2,[7 5],31,65,67,34,65
1,<environment.Job instance at 0x7f730337afa0>,31,2,[ 2 10],32,65,67,33,65
1,<environment.Job instance at 0x7f730337a230>,32,23,[6 2],33,67,90,34,65
1,<environment.Job instance at 0x7f730337aaa0>,34,3,[ 1 12],35,67,70,32,65
1,<environment.Job instance at 0x7f734c109c80>,39,3,[4 5],40,84,87,44,84
1,<environment.Job instance at 0x7f734c109500>,40,2,[1 5],41,84,86,43,84
1,<environment.Job instance at 0x7f734c109c30>,41,1,[3 6],42,86,87,44,84
1,<environment.Job instance at 0x7f73039a4d20>,43,1,[11  3],44,95,96,51,95
1,<environment.Job instance at 0x7f73039a43c0>,45,28,[ 4 12],46,95,123,49,95
1,<environment.Job instance at 0x7f73039a40a0>,49,1,[ 4 13],50,125,126,75,125
1,<environment.Job instance at 0x7f73039a4fa0>,50,1,[7 5],51,126,127,75,125
1,<environment.Job instance at 0x7f73039a4320>,52,2,[3 5],53,126,128,73,125
1,<environment.Job instance at 0x7f734b9c9fa0>,10,2,[13  2],11,14,16,3,14
1,<environment.Job instance at 0x7f734b9c9820>,14,1,[12  5],15,16,17,1,15
1,<environment.Job instance at 0x7f734b9c9410>,15,3,[3 9],16,16,19,0,16
1,<environment.Job instance at 0x7f734bd64870>,17,26,[ 3 10],18,19,45,1,18
1,<environment.Job instance at 0x7f734bd64640>,21,3,[12  2],22,29,32,7,29
1,<environment.Job instance at 0x7f73037954b0>,24,1,[7 3],25,32,33,7,30
1,<environment.Job instance at 0x7f7303795fa0>,26,2,[5 9],27,45,47,18,30
1,<environment.Job instance at 0x7f7303795c80>,27,2,[5 8],28,47,49,19,30
1,<environment.Job instance at 0x7f734b675500>,34,3,[14  3],35,49,52,14,43
1,<environment.Job instance at 0x7f734b675910>,37,3,[6 5],38,54,57,16,54
1,<environment.Job instance at 0x7f734b675730>,38,1,[2 8],39,54,55,15,54
1,<environment.Job instance at 0x7f734b6752d0>,39,2,[6 3],40,55,57,15,54
1,<environment.Job instance at 0x7f734b675cd0>,41,1,[5 3],42,58,59,16,58
1,<environment.Job instance at 0x7f734b675320>,43,3,[7 1],44,71,74,27,71
1,<environment.Job instance at 0x7f734b6757d0>,45,3,[ 1 10],46,78,81,32,78
1,<environment.Job instance at 0x7f734b675640>,46,1,[11  3],47,78,79,31,78
1,<environment.Job instance at 0x7f73495d82d0>,47,1,[8 4],48,79,80,31,78
1,<environment.Job instance at 0x7f73495d89b0>,49,2,[3 9],50,83,85,33,83
1,<environment.Job instance at 0x7f73495d8190>,52,2,[8 5],53,99,101,46,99
1,<environment.Job instance at 0x7f73038774b0>,54,2,[8 5],55,102,104,47,102
1,<environment.Job instance at 0x7f7303877910>,55,3,[10  5],56,104,107,48,102
1,<environment.Job instance at 0x7f73495d80f0>,50,18,[9 3],51,107,125,56,104
1,<environment.Job instance at 0x7f73034b28c0>,6,1,[ 3 11],7,8,9,1,8
1,<environment.Job instance at 0x7f73034b2f50>,8,1,[3 6],9,9,10,0,9
1,<environment.Job instance at 0x7f73034b2a00>,9,1,[9 1],10,10,11,0,10
1,<environment.Job instance at 0x7f73034a4190>,11,23,[1 8],12,12,35,0,12
1,<environment.Job instance at 0x7f73034a49b0>,17,1,[7 5],18,36,37,18,36
1,<environment.Job instance at 0x7f7303498d70>,19,3,[3 5],20,37,40,17,37
1,<environment.Job instance at 0x7f730349d870>,25,3,[9 4],26,52,55,26,52
1,<environment.Job instance at 0x7f730349d050>,26,25,[8 1],27,55,80,28,52
1,<environment.Job instance at 0x7f73038cb910>,30,2,[3 9],31,65,67,34,65
1,<environment.Job instance at 0x7f734946c5a0>,34,28,[7 4],35,79,107,44,79
1,<environment.Job instance at 0x7f734946c0f0>,35,20,[7 2],36,80,100,44,79
1,<environment.Job instance at 0x7f730350aaf0>,44,19,[1 8],45,107,126,62,107
1,<environment.Job instance at 0x7f73038b82d0>,47,3,[6 1],48,125,128,77,125
1,<environment.Job instance at 0x7f7303602d20>,49,3,[5 3],50,125,128,75,125
1,<environment.Job instance at 0x7f73035965f0>,6,1,[3 9],7,8,9,1,8
1,<environment.Job instance at 0x7f734b6f10f0>,8,21,[2 5],9,9,30,0,9
1,<environment.Job instance at 0x7f73038c90f0>,9,23,[5 7],10,10,33,0,10
1,<environment.Job instance at 0x7f734c10c5a0>,13,25,[ 1 10],14,33,58,19,29
1,<environment.Job instance at 0x7f7303207af0>,5,2,[ 2 12],6,58,60,52,31
1,<environment.Job instance at 0x7f7303724460>,18,1,[ 5 14],19,60,61,41,36
1,<environment.Job instance at 0x7f7303724870>,19,1,[5 1],20,36,37,16,36
1,<environment.Job instance at 0x7f7303724500>,20,1,[2 9],21,61,62,40,36
1,<environment.Job instance at 0x7f734b888370>,25,2,[5 7],26,62,64,36,47
1,<environment.Job instance at 0x7f7303724b90>,17,19,[ 2 10],18,64,83,46,60
1,<environment.Job instance at 0x7f73039ffcd0>,32,2,[4 5],33,73,75,40,73
1,<environment.Job instance at 0x7f73039ff410>,34,2,[8 4],35,80,82,45,80
1,<environment.Job instance at 0x7f73039ffbe0>,35,2,[11  4],36,82,84,46,80
1,<environment.Job instance at 0x7f73039ffaf0>,36,1,[6 4],37,84,85,47,80
1,<environment.Job instance at 0x7f730347b1e0>,38,2,[6 3],39,84,86,45,80
1,<environment.Job instance at 0x7f73032df5a0>,39,21,[7 2],40,85,106,45,80
1,<environment.Job instance at 0x7f73032df140>,41,3,[ 1 10],42,92,95,50,92
1,<environment.Job instance at 0x7f7303a2a0f0>,45,2,[8 4],46,109,111,63,109
1,<environment.Job instance at 0x7f7303606820>,46,23,[ 5 12],47,111,134,64,109
1,<environment.Job instance at 0x7f73036063c0>,47,21,[10  4],48,134,155,86,126
1,<environment.Job instance at 0x7f7303606a00>,51,21,[1 7],52,134,155,82,126
1,<environment.Job instance at 0x7f7349473410>,0,1,[9 3],1,2,3,1,2
1,<environment.Job instance at 0x7f73030b7a50>,7,1,[8 1],8,8,9,0,8
1,<environment.Job instance at 0x7f73030b7c30>,11,1,[3 9],12,12,13,0,12
1,<environment.Job instance at 0x7f730303c9b0>,12,1,[2 9],13,13,14,0,13
1,<environment.Job instance at 0x7f730303c4b0>,16,21,[10  4],17,17,38,0,17
1,<environment.Job instance at 0x7f730303c500>,19,2,[9 5],20,38,40,18,26
1,<environment.Job instance at 0x7f730303c410>,20,1,[8 3],21,40,41,19,26
1,<environment.Job instance at 0x7f730303c730>,21,2,[10  3],22,41,43,19,26
1,<environment.Job instance at 0x7f730303f4b0>,24,2,[7 5],25,43,45,18,26
1,<environment.Job instance at 0x7f730303fc30>,25,23,[7 3],26,43,66,17,37
1,<environment.Job instance at 0x7f730303f410>,27,20,[8 3],28,45,65,17,37
1,<environment.Job instance at 0x7f730303f460>,29,22,[9 1],30,66,88,36,59
1,<environment.Job instance at 0x7f730303d0f0>,41,2,[3 5],42,77,79,35,77
1,<environment.Job instance at 0x7f730303e050>,47,1,[1 9],48,109,110,61,109
1,<environment.Job instance at 0x7f730303e5a0>,49,2,[10  5],50,109,111,59,109
1,<environment.Job instance at 0x7f730303e1e0>,50,1,[5 8],51,110,111,59,109
1,<environment.Job instance at 0x7f730303e280>,52,26,[9 3],53,114,140,61,114
1,<environment.Job instance at 0x7f730303eeb0>,54,3,[5 3],55,118,121,63,118
1,<environment.Job instance at 0x7f730303e3c0>,56,3,[12  4],57,140,143,83,127
1,<environment.Job instance at 0x7f73037ee4b0>,2,24,[7 2],3,3,27,0,3
1,<environment.Job instance at 0x7f734c3846e0>,4,27,[5 1],5,5,32,0,5
1,<environment.Job instance at 0x7f73491605f0>,5,1,[ 5 12],6,27,28,21,25
1,<environment.Job instance at 0x7f7349143aa0>,10,1,[9 5],11,28,29,17,27
1,<environment.Job instance at 0x7f7349143960>,8,3,[13  2],9,32,35,23,27
1,<environment.Job instance at 0x7f7349143dc0>,12,2,[7 3],13,29,31,16,27
1,<environment.Job instance at 0x7f7349143fa0>,13,2,[8 4],14,35,37,21,27
1,<environment.Job instance at 0x7f7349136690>,18,3,[7 1],19,35,38,16,29
1,<environment.Job instance at 0x7f7349136af0>,20,3,[13  5],21,42,45,21,42
1,<environment.Job instance at 0x7f7349136960>,21,3,[6 4],22,45,48,23,42
1,<environment.Job instance at 0x7f7349128f50>,24,1,[8 2],25,53,54,28,53
1,<environment.Job instance at 0x7f7349128320>,25,3,[14  3],26,54,57,28,53
1,<environment.Job instance at 0x7f734bb1e6e0>,27,18,[2 8],28,57,75,29,54
1,<environment.Job instance at 0x7f734913ebe0>,29,1,[8 3],30,57,58,27,54
1,<environment.Job instance at 0x7f734bae8500>,34,1,[10  2],35,72,73,37,72
1,<environment.Job instance at 0x7f734bafce10>,35,27,[1 5],36,72,99,36,72
1,<environment.Job instance at 0x7f73031f7190>,37,2,[ 1 10],38,87,89,49,87
1,<environment.Job instance at 0x7f73034b2d70>,38,1,[4 7],39,89,90,50,87
1,<environment.Job instance at 0x7f734b8640f0>,39,3,[13  3],40,90,93,50,87
1,<environment.Job instance at 0x7f734bb10190>,41,18,[7 3],42,99,117,57,99
1,<environment.Job instance at 0x7f734901e820>,44,3,[5 1],45,101,104,56,101
1,<environment.Job instance at 0x7f734b840500>,46,1,[10  1],47,117,118,70,105
1,<environment.Job instance at 0x7f734b8408c0>,45,12,[8 1],46,105,117,59,105
1,<environment.Job instance at 0x7f734b835780>,51,21,[8 4],52,118,139,66,118
1,<environment.Job instance at 0x7f734bd377d0>,1,2,[11  4],2,14,16,12,14
1,<environment.Job instance at 0x7f734bd37eb0>,2,3,[14  5],3,16,19,13,16
1,<environment.Job instance at 0x7f734b835370>,10,2,[3 9],11,19,21,8,16
1,<environment.Job instance at 0x7f734bbd1d70>,11,1,[6 4],12,19,20,7,16
1,<environment.Job instance at 0x7f7349028b90>,13,3,[7 5],14,20,23,6,16
1,<environment.Job instance at 0x7f7348f8d050>,21,2,[ 1 10],22,42,44,20,42
1,<environment.Job instance at 0x7f7348e69730>,24,1,[6 3],25,56,57,31,56
1,<environment.Job instance at 0x7f7348e69550>,26,26,[5 7],27,57,83,30,57
1,<environment.Job instance at 0x7f7348e80730>,30,1,[7 3],31,63,64,32,63
1,<environment.Job instance at 0x7f7348e80140>,33,3,[8 1],34,73,76,39,73
1,<environment.Job instance at 0x7f7348e80370>,36,3,[ 4 11],37,83,86,46,80
1,<environment.Job instance at 0x7f73036c1320>,39,20,[3 9],40,86,106,46,85
1,<environment.Job instance at 0x7f73036c1aa0>,41,23,[8 4],42,89,112,47,89
1,<environment.Job instance at 0x7f73036c1640>,44,3,[11  3],45,112,115,67,106
1,<environment.Job instance at 0x7f73036c15a0>,46,2,[ 2 12],47,112,114,65,106
1,<environment.Job instance at 0x7f73036c1870>,47,2,[1 9],48,106,108,58,106
1,<environment.Job instance at 0x7f73036c15f0>,49,1,[5 4],50,108,109,58,106
1,<environment.Job instance at 0x7f73036c9870>,54,3,[ 3 10],55,122,125,67,122
1,<environment.Job instance at 0x7f734952d190>,55,27,[6 2],56,122,149,66,122
1,<environment.Job instance at 0x7f73036ca3c0>,5,26,[14  3],6,6,32,0,6
1,<environment.Job instance at 0x7f734b776b40>,7,28,[6 3],8,32,60,24,31
1,<environment.Job instance at 0x7f73036ca8c0>,9,1,[2 6],10,32,33,22,31
1,<environment.Job instance at 0x7f734b776280>,11,19,[3 6],12,32,51,20,31
1,<environment.Job instance at 0x7f734b776fa0>,15,2,[8 4],16,51,53,35,31
1,<environment.Job instance at 0x7f734b776cd0>,16,2,[14  2],17,60,62,43,33
1,<environment.Job instance at 0x7f734b776d20>,17,3,[13  2],18,62,65,44,36
1,<environment.Job instance at 0x7f734b776730>,18,1,[5 2],19,36,37,17,36
1,<environment.Job instance at 0x7f734b776af0>,20,1,[3 6],21,37,38,16,36
1,<environment.Job instance at 0x7f734b7765f0>,21,19,[3 9],22,65,84,43,55
1,<environment.Job instance at 0x7f734b776370>,24,2,[9 3],25,56,58,31,56
1,<environment.Job instance at 0x7f734937a500>,31,1,[1 6],32,81,82,49,81
1,<environment.Job instance at 0x7f734937ac80>,32,25,[2 8],33,84,109,51,81
1,<environment.Job instance at 0x7f734926a5f0>,33,2,[ 4 10],34,109,111,75,82
1,<environment.Job instance at 0x7f73033708c0>,41,28,[1 5],42,104,132,62,104
1,<environment.Job instance at 0x7f7303370910>,45,2,[1 7],46,119,121,73,119
1,<environment.Job instance at 0x7f7349032230>,2,22,[13  5],3,3,25,0,3
1,<environment.Job instance at 0x7f734bf982d0>,3,28,[10  5],4,25,53,21,24
1,<environment.Job instance at 0x7f7349051370>,7,27,[3 7],8,25,52,17,24
1,<environment.Job instance at 0x7f73490519b0>,16,27,[13  1],17,53,80,36,51
1,<environment.Job instance at 0x7f7303704550>,25,25,[2 7],26,62,87,36,62
1,<environment.Job instance at 0x7f730358df50>,30,2,[10  4],31,83,85,52,83
1,<environment.Job instance at 0x7f730358d320>,32,2,[4 8],33,92,94,59,92
1,<environment.Job instance at 0x7f730358d140>,33,3,[10  2],34,93,96,59,93
1,<environment.Job instance at 0x7f730358d050>,34,2,[9 1],35,96,98,61,93
1,<environment.Job instance at 0x7f7302fe9550>,35,1,[7 1],36,98,99,62,93
1,<environment.Job instance at 0x7f7302fe9910>,36,1,[6 4],37,96,97,59,93
1,<environment.Job instance at 0x7f7302fe9d20>,38,2,[3 8],39,97,99,58,95
1,<environment.Job instance at 0x7f7303805d20>,41,1,[5 8],42,106,107,64,106
1,<environment.Job instance at 0x7f7303805960>,42,2,[8 4],43,106,108,63,106
1,<environment.Job instance at 0x7f7303805910>,43,2,[7 1],44,107,109,63,106
1,<environment.Job instance at 0x7f7303805c80>,45,1,[7 4],46,108,109,62,106
1,<environment.Job instance at 0x7f73038059b0>,46,1,[5 9],47,109,110,62,106
1,<environment.Job instance at 0x7f73038050a0>,47,2,[5 5],48,109,111,61,107
1,<environment.Job instance at 0x7f7303805b40>,51,26,[6 3],52,112,138,60,112
1,<environment.Job instance at 0x7f730382a280>,54,1,[5 7],55,127,128,72,127
1,<environment.Job instance at 0x7f730382a2d0>,55,3,[2 5],56,127,130,71,127
1,<environment.Job instance at 0x7f91635ed820>,10,1,[7 3],11,24,25,13,24
1,<environment.Job instance at 0x7f91635ed500>,11,2,[3 9],12,24,26,12,24
1,<environment.Job instance at 0x7f91635eda00>,12,3,[6 3],13,26,29,13,26
1,<environment.Job instance at 0x7f91635edbe0>,20,1,[3 7],21,66,67,45,66
1,<environment.Job instance at 0x7f91635edc80>,22,2,[12  3],23,66,68,43,66
1,<environment.Job instance at 0x7f91635ef2d0>,24,3,[5 9],25,75,78,50,75
1,<environment.Job instance at 0x7f91635edfa0>,25,3,[1 6],26,75,78,49,75
1,<environment.Job instance at 0x7f91635ef410>,26,22,[2 9],27,78,100,51,75
1,<environment.Job instance at 0x7f91635ef370>,27,2,[6 4],28,78,80,50,77
1,<environment.Job instance at 0x7f91635ef870>,33,2,[5 3],34,96,98,62,96
1,<environment.Job instance at 0x7f91635ef640>,36,2,[5 1],37,101,103,64,101
1,<environment.Job instance at 0x7f91635efa00>,40,1,[1 8],41,128,129,87,128
1,<environment.Job instance at 0x7f91635efdc0>,43,28,[6 4],44,128,156,84,128
1,<environment.Job instance at 0x7f916ab64f50>,13,1,[5 6],14,20,21,6,20
1,<environment.Job instance at 0x7f916ab77410>,19,3,[4 8],20,35,38,15,35
1,<environment.Job instance at 0x7f916ab6d1e0>,21,3,[1 5],22,35,38,13,35
1,<environment.Job instance at 0x7f916ab6db40>,25,3,[5 5],26,47,50,21,47
1,<environment.Job instance at 0x7f916ab6de10>,26,22,[11  3],27,50,72,23,47
1,<environment.Job instance at 0x7f916ab6d690>,30,3,[9 1],31,72,75,41,63
1,<environment.Job instance at 0x7f916ab6e1e0>,32,1,[ 5 10],33,72,73,39,63
1,<environment.Job instance at 0x7f916ab6e910>,34,1,[9 4],35,75,76,40,67
1,<environment.Job instance at 0x7f916ab71370>,35,25,[3 9],36,73,98,37,69
1,<environment.Job instance at 0x7f916ab71a50>,39,23,[2 8],40,98,121,58,92
1,<environment.Job instance at 0x7f916ab71320>,41,1,[5 1],42,92,93,50,92
1,<environment.Job instance at 0x7f916ab71190>,42,2,[8 2],43,93,95,50,92
1,<environment.Job instance at 0x7f916ab71af0>,43,1,[3 9],44,121,122,77,93
1,<environment.Job instance at 0x7f916aa25af0>,46,26,[9 1],47,103,129,56,103
1,<environment.Job instance at 0x7f916aa25d20>,51,3,[8 2],52,129,132,77,122
1,<environment.Job instance at 0x7f911f96c5a0>,5,1,[ 4 10],6,6,7,0,6
1,<environment.Job instance at 0x7f911f96c960>,7,1,[9 4],8,8,9,0,8
1,<environment.Job instance at 0x7f916aa25f50>,3,3,[14  5],4,10,13,6,10
1,<environment.Job instance at 0x7f911f88a550>,12,1,[13  3],13,14,15,1,14
1,<environment.Job instance at 0x7f911f8a5f50>,15,1,[8 2],16,16,17,0,16
1,<environment.Job instance at 0x7f916377b550>,17,1,[4 8],18,18,19,0,18
1,<environment.Job instance at 0x7f91634700f0>,21,2,[3 8],22,32,34,10,32
1,<environment.Job instance at 0x7f911f9154b0>,22,27,[ 2 13],23,34,61,11,32
1,<environment.Job instance at 0x7f91633be870>,28,1,[12  5],29,61,62,32,51
1,<environment.Job instance at 0x7f91633bc460>,32,2,[7 1],33,67,69,34,67
1,<environment.Job instance at 0x7f911f927f50>,33,2,[3 5],34,67,69,33,67
1,<environment.Job instance at 0x7f911f9277d0>,35,2,[4 6],36,78,80,42,78
1,<environment.Job instance at 0x7f911f927c30>,36,2,[6 5],37,78,80,41,78
1,<environment.Job instance at 0x7f911f927500>,38,3,[5 1],39,81,84,42,81
1,<environment.Job instance at 0x7f916347ffa0>,27,17,[7 5],28,81,98,53,81
1,<environment.Job instance at 0x7f911f9cee10>,44,3,[5 8],45,112,115,67,112
1,<environment.Job instance at 0x7f911f9cef00>,45,2,[2 6],46,112,114,66,112
1,<environment.Job instance at 0x7f911f9cecd0>,48,2,[1 7],49,127,129,78,127
1,<environment.Job instance at 0x7f9163355910>,49,3,[8 4],50,127,130,77,127
1,<environment.Job instance at 0x7f911f841dc0>,51,16,[2 8],52,129,145,77,129
1,<environment.Job instance at 0x7f9165ea8370>,1,1,[10  1],2,2,3,0,2
1,<environment.Job instance at 0x7f911fce7c80>,0,1,[ 4 12],1,3,4,2,3
1,<environment.Job instance at 0x7f911fce78c0>,3,1,[5 2],4,4,5,0,4
1,<environment.Job instance at 0x7f911fd4dc30>,8,21,[9 5],9,9,30,0,9
1,<environment.Job instance at 0x7f9163a3db90>,9,3,[12  1],10,30,33,20,20
1,<environment.Job instance at 0x7f9163a3de60>,13,2,[ 4 10],14,20,22,6,20
1,<environment.Job instance at 0x7f9163a8ce60>,18,3,[ 2 10],19,23,26,4,23
1,<environment.Job instance at 0x7f911febb0f0>,20,3,[9 1],21,33,36,12,33
1,<environment.Job instance at 0x7f911f8925f0>,21,2,[5 6],22,33,35,11,33
1,<environment.Job instance at 0x7f9163627eb0>,22,2,[3 5],23,35,37,12,33
1,<environment.Job instance at 0x7f911f879230>,23,17,[1 8],24,37,54,13,37
1,<environment.Job instance at 0x7f916377e460>,25,24,[3 9],26,54,78,28,49
1,<environment.Job instance at 0x7f916370d190>,27,3,[10  3],28,49,52,21,49
1,<environment.Job instance at 0x7f91639a95a0>,30,1,[2 9],31,78,79,47,64
1,<environment.Job instance at 0x7f91639a98c0>,31,3,[9 3],32,64,67,32,64
1,<environment.Job instance at 0x7f911fd91a50>,32,17,[10  3],33,67,84,34,66
1,<environment.Job instance at 0x7f911f8915a0>,35,1,[12  4],36,84,85,48,66
1,<environment.Job instance at 0x7f91635afc30>,36,2,[9 2],37,85,87,48,66
1,<environment.Job instance at 0x7f911f852c80>,37,2,[5 2],38,79,81,41,66
1,<environment.Job instance at 0x7f911f852780>,38,2,[6 5],39,85,87,46,66
1,<environment.Job instance at 0x7f911f852870>,39,3,[8 5],40,87,90,47,66
1,<environment.Job instance at 0x7f911f852b40>,42,27,[5 5],43,87,114,44,85
1,<environment.Job instance at 0x7f914ede2820>,44,25,[1 7],45,92,117,47,92
1,<environment.Job instance at 0x7f914ede2190>,45,1,[3 6],46,114,115,68,92
1,<environment.Job instance at 0x7f911f915b90>,48,2,[7 3],49,105,107,56,105
1,<environment.Job instance at 0x7f911f915230>,50,2,[6 5],51,115,117,64,109
1,<environment.Job instance at 0x7f9163a03370>,12,2,[5 5],13,13,15,0,13
1,<environment.Job instance at 0x7f9163a13550>,13,1,[7 1],14,14,15,0,14
1,<environment.Job instance at 0x7f91639e1690>,17,3,[12  4],18,25,28,7,25
1,<environment.Job instance at 0x7f9163562730>,19,28,[1 8],20,25,53,5,25
1,<environment.Job instance at 0x7f9163562a50>,21,13,[1 9],22,53,66,31,37
1,<environment.Job instance at 0x7f916345f640>,22,3,[1 9],23,66,69,43,40
1,<environment.Job instance at 0x7f91635708c0>,23,2,[6 5],24,40,42,16,40
1,<environment.Job instance at 0x7f91635616e0>,24,1,[7 3],25,42,43,17,40
1,<environment.Job instance at 0x7f91639ede60>,35,24,[8 3],36,76,100,40,76
1,<environment.Job instance at 0x7f9163571b40>,36,1,[4 7],37,77,78,40,77
1,<environment.Job instance at 0x7f91639e7d70>,41,3,[5 9],42,107,110,65,107
1,<environment.Job instance at 0x7f91661280f0>,8,24,[4 7],9,9,33,0,9
1,<environment.Job instance at 0x7f9165fb37d0>,18,2,[5 8],19,23,25,4,23
1,<environment.Job instance at 0x7f9165fb3aa0>,19,3,[14  1],20,33,36,13,25
1,<environment.Job instance at 0x7f9165fb38c0>,20,20,[4 6],21,36,56,15,27
1,<environment.Job instance at 0x7f9165fb3c30>,21,2,[8 4],22,27,29,5,27
1,<environment.Job instance at 0x7f911fca2320>,26,3,[8 3],27,55,58,28,55
1,<environment.Job instance at 0x7f911fca20f0>,27,1,[10  5],28,58,59,30,55
1,<environment.Job instance at 0x7f911fca2960>,28,2,[13  3],29,59,61,30,55
1,<environment.Job instance at 0x7f911fca24b0>,29,1,[5 1],30,56,57,26,55
1,<environment.Job instance at 0x7f911fca2500>,35,2,[6 3],36,84,86,48,84
1,<environment.Job instance at 0x7f911fca2eb0>,37,3,[8 1],38,84,87,46,84
1,<environment.Job instance at 0x7f911fca2370>,38,20,[3 8],39,86,106,47,84
1,<environment.Job instance at 0x7f9165fcf820>,40,24,[10  4],41,95,119,54,95
1,<environment.Job instance at 0x7f9165fcfe10>,41,21,[4 7],42,106,127,64,98
1,<environment.Job instance at 0x7f91661a5b90>,0,26,[4 9],1,1,27,0,1
1,<environment.Job instance at 0x7f9166175f50>,7,23,[5 3],8,8,31,0,8
1,<environment.Job instance at 0x7f916627d410>,13,24,[ 5 11],14,27,51,13,23
1,<environment.Job instance at 0x7f916398d690>,23,1,[10  5],24,64,65,40,64
1,<environment.Job instance at 0x7f916371e9b0>,25,2,[8 3],26,75,77,49,75
1,<environment.Job instance at 0x7f911fdb60f0>,26,3,[ 5 10],27,75,78,48,75
1,<environment.Job instance at 0x7f911fb1f500>,6,27,[5 2],7,7,34,0,7
1,<environment.Job instance at 0x7f911fb1f910>,10,22,[2 5],11,17,39,6,17
1,<environment.Job instance at 0x7f911fdb60f0>,3,3,[13  5],4,45,48,41,45
1,<environment.Job instance at 0x7f911fb2c140>,20,1,[ 2 10],21,45,46,24,45
1,<environment.Job instance at 0x7f911fb2c1e0>,21,2,[1 5],22,46,48,24,45
1,<environment.Job instance at 0x7f911fb2c500>,22,1,[9 5],23,48,49,25,45
1,<environment.Job instance at 0x7f911fb2c5a0>,24,28,[4 5],25,49,77,24,49
1,<environment.Job instance at 0x7f911fb2c640>,25,3,[9 2],26,49,52,23,49
1,<environment.Job instance at 0x7f911fb2c780>,27,2,[ 5 13],28,77,79,49,51
1,<environment.Job instance at 0x7f911fb2c8c0>,29,1,[4 5],30,66,67,36,66
1,<environment.Job instance at 0x7f911fb2ca00>,31,25,[10  1],32,67,92,35,66
1,<environment.Job instance at 0x7f911fb2cb40>,33,2,[5 1],34,79,81,45,72
1,<environment.Job instance at 0x7f911fb2cd20>,36,3,[5 1],37,89,92,52,89
1,<environment.Job instance at 0x7f911fb2cdc0>,37,1,[2 6],38,92,93,54,89
1,<environment.Job instance at 0x7f911fb2f140>,42,2,[1 7],43,117,119,74,117
1,<environment.Job instance at 0x7f911fb2f410>,45,21,[9 3],46,131,152,85,131
1,<environment.Job instance at 0x7f911fb2f5a0>,3,1,[2 6],4,4,5,0,4
1,<environment.Job instance at 0x7f91662ca050>,7,24,[5 9],8,8,32,0,8
1,<environment.Job instance at 0x7f911f9ae820>,11,28,[3 6],12,12,40,0,12
1,<environment.Job instance at 0x7f911fe408c0>,19,26,[2 6],20,32,58,12,29
1,<environment.Job instance at 0x7f911fe40c80>,20,20,[9 3],21,32,52,11,29
1,<environment.Job instance at 0x7f911fd40460>,27,1,[ 1 13],28,58,59,30,57
1,<environment.Job instance at 0x7f91660b6280>,28,26,[8 2],29,57,83,28,57
1,<environment.Job instance at 0x7f91660221e0>,31,1,[5 4],32,57,58,25,57
1,<environment.Job instance at 0x7f9163aa7f00>,35,25,[ 3 14],36,83,108,47,83
1,<environment.Job instance at 0x7f911fcb4370>,40,2,[4 6],41,108,110,67,104
1,<environment.Job instance at 0x7f911fd38b90>,41,3,[ 4 13],42,110,113,68,106
1,<environment.Job instance at 0x7f911fc28dc0>,44,27,[13  3],45,122,149,77,122
1,<environment.Job instance at 0x7f911f946960>,4,1,[13  5],5,6,7,1,6
1,<environment.Job instance at 0x7f911f946b90>,6,1,[5 7],7,8,9,1,8
1,<environment.Job instance at 0x7f9163688730>,0,2,[6 1],1,8,10,7,8
1,<environment.Job instance at 0x7f91636452d0>,10,25,[5 3],11,11,36,0,11
1,<environment.Job instance at 0x7f911fa92820>,15,2,[8 1],16,17,19,1,17
1,<environment.Job instance at 0x7f916609d2d0>,17,1,[ 4 10],18,19,20,1,18
1,<environment.Job instance at 0x7f9165dd5500>,19,28,[3 9],20,24,52,4,24
1,<environment.Job instance at 0x7f9165dd58c0>,22,23,[3 7],23,52,75,29,46
1,<environment.Job instance at 0x7f911fc4b1e0>,26,3,[ 5 14],27,86,89,59,86
1,<environment.Job instance at 0x7f9166085b40>,33,1,[5 4],34,89,90,55,87
1,<environment.Job instance at 0x7f91660856e0>,35,1,[1 8],36,89,90,53,87
1,<environment.Job instance at 0x7f916611d820>,43,3,[5 3],44,123,126,79,123
1,<environment.Job instance at 0x7f916611dbe0>,46,1,[ 5 10],47,128,129,81,128
1,<environment.Job instance at 0x7f91633bfe60>,30,16,[1 7],31,129,145,98,128
1,<environment.Job instance at 0x7f916611dc30>,48,1,[1 9],49,145,146,96,128
1,<environment.Job instance at 0x7f916611d5f0>,49,2,[13  4],50,129,131,79,128
1,<environment.Job instance at 0x7f9163620410>,50,2,[5 2],51,131,133,80,128
1,<environment.Job instance at 0x7f9163620b40>,52,1,[2 9],53,146,147,93,135
1,<environment.Job instance at 0x7f9166091780>,53,20,[ 5 12],54,147,167,93,138
1,<environment.Job instance at 0x7f9163a48dc0>,7,2,[5 2],8,8,10,0,8
1,<environment.Job instance at 0x7f9163a48fa0>,9,19,[2 5],10,10,29,0,10
1,<environment.Job instance at 0x7f9163a512d0>,13,1,[5 5],14,14,15,0,14
1,<environment.Job instance at 0x7f9163a515a0>,15,2,[ 3 11],16,29,31,13,16
1,<environment.Job instance at 0x7f9163a51730>,17,1,[10  3],18,22,23,4,22
1,<environment.Job instance at 0x7f9163a519b0>,20,3,[8 1],21,35,38,14,35
1,<environment.Job instance at 0x7f9163a51d20>,22,3,[ 4 11],23,39,42,16,39
1,<environment.Job instance at 0x7f9163a51cd0>,23,18,[9 2],24,47,65,23,47
1,<environment.Job instance at 0x7f9163a51eb0>,28,24,[5 6],29,56,80,27,56
1,<environment.Job instance at 0x7f9163a2c0a0>,29,2,[1 7],30,57,59,27,57
1,<environment.Job instance at 0x7f9163a2c140>,30,3,[ 3 12],31,80,83,49,61
1,<environment.Job instance at 0x7f9163a2c690>,35,1,[4 9],36,97,98,61,97
1,<environment.Job instance at 0x7f9163a2c550>,37,2,[9 4],38,103,105,65,103
1,<environment.Job instance at 0x7f9163a2cbe0>,40,20,[ 4 10],41,118,138,77,118
1,<environment.Job instance at 0x7f9163a2ce60>,44,2,[1 9],45,138,140,93,130
1,<environment.Job instance at 0x7f9163a2cfa0>,46,24,[4 5],47,136,160,89,136
1,<environment.Job instance at 0x7f9163a2ce10>,47,24,[4 8],48,140,164,92,136
1,<environment.Job instance at 0x7f9163a2cf50>,48,3,[9 5],49,160,163,111,139
1,<environment.Job instance at 0x7f9163a2b320>,52,2,[1 9],53,164,166,111,139
1,<environment.Job instance at 0x7f9163a2b640>,53,1,[3 7],54,163,164,109,139
1,<environment.Job instance at 0x7f916375bd70>,10,20,[8 5],11,13,33,2,13
1,<environment.Job instance at 0x7f916375b960>,15,25,[4 5],16,17,42,1,17
1,<environment.Job instance at 0x7f916384d5a0>,18,1,[ 4 14],19,42,43,23,30
1,<environment.Job instance at 0x7f916384d9b0>,22,3,[5 8],23,34,37,11,34
1,<environment.Job instance at 0x7f916384d5f0>,24,2,[3 9],25,43,45,18,41
1,<environment.Job instance at 0x7f916384d820>,27,1,[4 7],28,41,42,13,41
1,<environment.Job instance at 0x7f9163a2b640>,4,3,[13  1],5,48,51,43,48
1,<environment.Job instance at 0x7f916384de60>,29,2,[4 8],30,51,53,21,48
1,<environment.Job instance at 0x7f916384dfa0>,30,2,[13  2],31,53,55,22,51
1,<environment.Job instance at 0x7f911f893460>,34,1,[12  5],35,55,56,20,53
1,<environment.Job instance at 0x7f911f893190>,35,3,[3 9],36,55,58,19,54
1,<environment.Job instance at 0x7f911f8939b0>,37,26,[ 3 10],38,66,92,28,66
1,<environment.Job instance at 0x7f911f893140>,41,3,[12  2],42,94,97,52,94
1,<environment.Job instance at 0x7f911f7b6c30>,42,1,[2 6],43,94,95,51,94
1,<environment.Job instance at 0x7f911f7b6550>,44,1,[7 3],45,97,98,52,94
1,<environment.Job instance at 0x7f911fc7f7d0>,52,1,[7 4],53,97,98,44,95
1,<environment.Job instance at 0x7f911fc59cd0>,54,3,[14  3],55,109,112,54,109
1,<environment.Job instance at 0x7f911fc595a0>,57,3,[6 5],58,120,123,62,120
1,<environment.Job instance at 0x7f911fc59550>,58,1,[2 8],59,120,121,61,120
1,<environment.Job instance at 0x7f911fc59f50>,59,2,[6 3],60,121,123,61,120
1,<environment.Job instance at 0x7f911f944e10>,61,1,[5 3],62,124,125,62,124
1,<environment.Job instance at 0x7f911f893500>,32,18,[4 8],33,136,154,103,136
1,<environment.Job instance at 0x7f911f944c80>,63,3,[7 1],64,136,139,72,136
1,<environment.Job instance at 0x7f9165fa8d70>,65,3,[ 1 10],66,154,157,88,137
1,<environment.Job instance at 0x7f911ff74050>,66,1,[11  3],67,139,140,72,137
1,<environment.Job instance at 0x7f916379f0f0>,0,1,[1 9],1,1,2,0,1
1,<environment.Job instance at 0x7f916aa21e60>,16,1,[ 3 11],17,18,19,1,18
1,<environment.Job instance at 0x7f916aa21a50>,18,1,[3 6],19,19,20,0,19
1,<environment.Job instance at 0x7f91633a9a50>,21,23,[1 8],22,22,45,0,22
1,<environment.Job instance at 0x7f91633a97d0>,27,1,[7 5],28,43,44,15,43
1,<environment.Job instance at 0x7f91633a9280>,28,1,[10  1],29,44,45,15,43
1,<environment.Job instance at 0x7f91633a9b90>,29,3,[3 5],30,44,47,14,43
1,<environment.Job instance at 0x7f91633a9190>,30,3,[ 2 10],31,45,48,14,43
1,<environment.Job instance at 0x7f91638bcd20>,36,25,[8 1],37,65,90,28,65
1,<environment.Job instance at 0x7f91638bc690>,40,2,[3 9],41,76,78,35,76
1,<environment.Job instance at 0x7f91638bcf50>,41,3,[4 5],42,76,79,34,76
1,<environment.Job instance at 0x7f9165dc7960>,44,28,[7 4],45,90,118,45,90
1,<environment.Job instance at 0x7f9165dc7690>,45,20,[7 2],46,90,110,44,90
1,<environment.Job instance at 0x7f9165dc7f00>,48,2,[7 1],49,110,112,61,104
1,<environment.Job instance at 0x7f9165dc73c0>,52,3,[8 4],53,121,124,68,121
1,<environment.Job instance at 0x7f9165dc7eb0>,54,19,[1 8],55,121,140,66,121
1,<environment.Job instance at 0x7f911f9c95f0>,59,3,[5 3],60,136,139,76,136
1,<environment.Job instance at 0x7f911f9d3d20>,8,21,[2 5],9,9,30,0,9
1,<environment.Job instance at 0x7f911f9d3af0>,9,23,[5 7],10,10,33,0,10
1,<environment.Job instance at 0x7f9163725690>,13,25,[ 1 10],14,33,58,19,29
1,<environment.Job instance at 0x7f911f9d3a50>,5,2,[ 2 12],6,58,60,52,31
1,<environment.Job instance at 0x7f91637454b0>,18,1,[ 5 14],19,60,61,41,32
1,<environment.Job instance at 0x7f91637254b0>,19,1,[5 1],20,32,33,12,32
1,<environment.Job instance at 0x7f911f9dd0a0>,20,1,[2 9],21,61,62,40,33
1,<environment.Job instance at 0x7f911f9ec8c0>,25,2,[5 7],26,62,64,36,43
1,<environment.Job instance at 0x7f91633f4e60>,32,2,[4 5],33,80,82,47,80
1,<environment.Job instance at 0x7f91637545f0>,34,2,[8 4],35,84,86,49,84
1,<environment.Job instance at 0x7f911fa73910>,35,2,[11  4],36,86,88,50,84
1,<environment.Job instance at 0x7f91633f7050>,36,1,[6 4],37,84,85,47,84
1,<environment.Job instance at 0x7f911f7e6500>,38,2,[6 3],39,91,93,52,91
1,<environment.Job instance at 0x7f911f7cd910>,39,21,[7 2],40,91,112,51,91
1,<environment.Job instance at 0x7f911f7cda50>,41,3,[ 1 10],42,95,98,53,95
1,<environment.Job instance at 0x7f911fb4dc80>,45,2,[8 4],46,111,113,65,111
1,<environment.Job instance at 0x7f911fb4d190>,46,23,[ 5 12],47,113,136,66,111
1,<environment.Job instance at 0x7f91633d6910>,47,21,[10  4],48,136,157,88,128
1,<environment.Job instance at 0x7f9165f59870>,51,21,[1 7],52,136,157,84,128
1,<environment.Job instance at 0x7f9163565be0>,6,21,[10  4],7,7,28,0,7
1,<environment.Job instance at 0x7f911fe2dcd0>,15,23,[7 3],16,28,51,12,22
1,<environment.Job instance at 0x7f9166039d20>,17,20,[8 3],18,28,48,10,22
1,<environment.Job instance at 0x7f91639179b0>,19,22,[9 1],20,51,73,31,44
1,<environment.Job instance at 0x7f911f6b9320>,30,3,[1 9],31,62,65,31,62
1,<environment.Job instance at 0x7f911f6b9550>,31,2,[3 5],32,62,64,30,62
1,<environment.Job instance at 0x7f911f6b9d70>,37,1,[1 9],38,92,93,54,92
1,<environment.Job instance at 0x7f911f6b94b0>,38,3,[7 1],39,92,95,53,92
1,<environment.Job instance at 0x7f911f6b9820>,39,2,[10  5],40,95,97,55,92
1,<environment.Job instance at 0x7f911f6b9960>,40,1,[5 8],41,93,94,52,92
1,<environment.Job instance at 0x7f911f6b9460>,42,26,[9 3],43,97,123,54,94
1,<environment.Job instance at 0x7f911f7192d0>,44,3,[5 3],45,102,105,57,102
1,<environment.Job instance at 0x7f911f719550>,46,3,[12  4],47,123,126,76,107
1,<environment.Job instance at 0x7f911fec8050>,48,1,[5 9],49,116,117,67,116
1,<environment.Job instance at 0x7f911fec8870>,49,2,[ 1 10],50,117,119,67,116
1,<environment.Job instance at 0x7f911f776dc0>,51,3,[4 6],52,126,129,74,122
1,<environment.Job instance at 0x7f911f7768c0>,54,2,[ 4 10],55,135,137,80,135
1,<environment.Job instance at 0x7f91634cd870>,4,1,[8 2],5,6,7,1,6
1,<environment.Job instance at 0x7f91634cdcd0>,5,3,[14  3],6,7,10,1,7
1,<environment.Job instance at 0x7f914ede2190>,8,3,[ 2 10],9,10,13,1,9
1,<environment.Job instance at 0x7f91634cd1e0>,9,1,[8 3],10,12,13,2,12
1,<environment.Job instance at 0x7f91637f9d70>,14,1,[10  2],15,15,16,0,15
1,<environment.Job instance at 0x7f91637f9960>,15,27,[1 5],16,16,43,0,16
1,<environment.Job instance at 0x7f91637f9460>,17,2,[ 1 10],18,26,28,8,26
1,<environment.Job instance at 0x7f91637f9410>,18,1,[4 7],19,28,29,9,26
1,<environment.Job instance at 0x7f91637f9a50>,19,3,[13  3],20,29,32,9,29
1,<environment.Job instance at 0x7f91637f9780>,21,18,[7 3],22,43,61,21,43
1,<environment.Job instance at 0x7f916a8f3500>,24,3,[5 1],25,47,50,22,47
1,<environment.Job instance at 0x7f91633e8eb0>,26,1,[10  1],27,61,62,34,49
1,<environment.Job instance at 0x7f916aa26550>,0,3,[13  5],1,62,65,61,62
1,<environment.Job instance at 0x7f91633e8320>,31,21,[8 4],32,65,86,33,62
1,<environment.Job instance at 0x7f91633e8370>,34,3,[6 4],35,68,71,33,68
1,<environment.Job instance at 0x7f911fc97c30>,39,1,[1 7],40,91,92,51,91
1,<environment.Job instance at 0x7f911fc97a00>,41,3,[4 7],42,91,94,49,91
1,<environment.Job instance at 0x7f911fc97280>,42,3,[10  5],43,92,95,49,91
1,<environment.Job instance at 0x7f911fc97960>,43,2,[4 5],44,94,96,50,91
1,<environment.Job instance at 0x7f911fc976e0>,44,20,[8 2],45,95,115,50,91
1,<environment.Job instance at 0x7f91638c6c30>,50,21,[10  5],51,115,136,64,107
1,<environment.Job instance at 0x7f91638c6280>,55,1,[ 3 11],56,136,137,80,121
1,<environment.Job instance at 0x7f91638c69b0>,58,2,[ 5 10],59,124,126,65,124
1,<environment.Job instance at 0x7f9166088b40>,61,2,[4 5],62,126,128,64,125
1,<environment.Job instance at 0x7f916ab64d20>,63,2,[2 8],64,130,132,66,130
1,<environment.Job instance at 0x7f916ab64640>,64,3,[5 3],65,132,135,67,130
1,<environment.Job instance at 0x7f916ab64960>,66,23,[ 1 13],67,137,160,70,131
1,<environment.Job instance at 0x7f911f8725f0>,9,20,[3 9],10,10,30,0,10
1,<environment.Job instance at 0x7f9165caad20>,11,23,[8 4],12,12,35,0,12
1,<environment.Job instance at 0x7f91634eff50>,6,3,[ 4 11],7,31,34,24,31
1,<environment.Job instance at 0x7f9165caedc0>,16,2,[ 2 12],17,35,37,18,32
1,<environment.Job instance at 0x7f9165cae820>,17,2,[1 9],18,37,39,19,32
1,<environment.Job instance at 0x7f9165caef00>,19,1,[5 4],20,34,35,14,33
1,<environment.Job instance at 0x7f9165cae0f0>,20,1,[3 6],21,37,38,16,33
1,<environment.Job instance at 0x7f9165caefa0>,18,2,[7 4],19,38,40,19,36
1,<environment.Job instance at 0x7f9165cbcd20>,22,2,[6 2],23,38,40,15,36
1,<environment.Job instance at 0x7f9165cbcf50>,25,27,[6 2],26,40,67,14,38
1,<environment.Job instance at 0x7f9165cdcf00>,28,3,[ 3 12],29,45,48,16,45
1,<environment.Job instance at 0x7f9165ccf4b0>,31,2,[7 3],32,53,55,21,53
1,<environment.Job instance at 0x7f911fe89d20>,37,3,[6 1],38,71,74,33,71
1,<environment.Job instance at 0x7f9165cae460>,14,3,[11  3],15,74,77,59,71
1,<environment.Job instance at 0x7f91635f5c30>,42,3,[1 9],43,91,94,48,91
1,<environment.Job instance at 0x7f91635f5dc0>,43,1,[6 2],44,91,92,47,91
1,<environment.Job instance at 0x7f911fe96e60>,44,2,[1 8],45,94,96,49,91
1,<environment.Job instance at 0x7f911fd2efa0>,45,1,[ 4 14],46,96,97,50,91
1,<environment.Job instance at 0x7f911fd2e140>,46,3,[6 5],47,92,95,45,91
1,<environment.Job instance at 0x7f911fd2e280>,48,2,[2 7],49,97,99,48,91
1,<environment.Job instance at 0x7f911fd2e5a0>,49,2,[5 3],50,97,99,47,91
1,<environment.Job instance at 0x7f911fd2e3c0>,50,1,[3 7],51,95,96,44,91
1,<environment.Job instance at 0x7f911fd2eb90>,51,1,[4 6],52,99,100,47,91
1,<environment.Job instance at 0x7f911fd2e370>,47,3,[1 9],48,99,102,51,91
1,<environment.Job instance at 0x7f911fd14b40>,54,18,[7 1],55,100,118,45,100
1,<environment.Job instance at 0x7f911fd14370>,55,2,[10  4],56,118,120,62,100
1,<environment.Job instance at 0x7f911fd14a50>,57,1,[10  4],58,120,121,62,100
1,<environment.Job instance at 0x7f911fd33dc0>,58,1,[2 9],59,102,103,43,100
1,<environment.Job instance at 0x7f9165fd9050>,59,22,[14  5],60,121,143,61,114
1,<environment.Job instance at 0x7f9165ff0730>,67,1,[10  4],68,143,144,75,128
1,<environment.Job instance at 0x7f9165ff0f00>,68,22,[10  4],69,144,166,75,137
1,<environment.Job instance at 0x7f911f8b70a0>,1,28,[1 5],2,2,30,0,2
1,<environment.Job instance at 0x7f911f5f3320>,9,2,[4 6],10,10,12,0,10
1,<environment.Job instance at 0x7f911f5f3aa0>,10,27,[3 8],11,12,39,1,11
1,<environment.Job instance at 0x7f911fa90a00>,14,19,[6 5],15,30,49,15,23
1,<environment.Job instance at 0x7f916367aa50>,20,20,[7 1],21,39,59,18,30
1,<environment.Job instance at 0x7f9163a053c0>,21,1,[12  2],22,59,60,37,36
1,<environment.Job instance at 0x7f911fde5690>,22,1,[9 3],23,60,61,37,36
1,<environment.Job instance at 0x7f9165c1d2d0>,24,1,[10  3],25,61,62,36,37
1,<environment.Job instance at 0x7f91660e3460>,30,3,[2 6],31,44,47,13,44
1,<environment.Job instance at 0x7f91660e32d0>,33,2,[7 2],34,53,55,19,53
1,<environment.Job instance at 0x7f911f7f7f00>,36,3,[5 2],37,70,73,33,70
1,<environment.Job instance at 0x7f91660bc910>,37,1,[10  1],38,70,71,32,70
1,<environment.Job instance at 0x7f91660bc280>,38,3,[2 5],39,71,74,32,70
1,<environment.Job instance at 0x7f91660bc690>,39,1,[3 8],40,71,72,31,70
1,<environment.Job instance at 0x7f91660bce10>,40,23,[ 1 12],41,74,97,33,70
1,<environment.Job instance at 0x7f916631e500>,42,28,[1 7],43,97,125,54,96
1,<environment.Job instance at 0x7f9166073e10>,45,26,[ 4 10],46,125,151,79,122
1,<environment.Job instance at 0x7f916354bcd0>,1,26,[6 3],2,2,28,0,2
1,<environment.Job instance at 0x7f9166130690>,7,1,[ 5 12],8,8,9,0,8
1,<environment.Job instance at 0x7f9166130910>,8,1,[ 2 10],9,9,10,0,9
1,<environment.Job instance at 0x7f91661300a0>,9,3,[12  2],10,28,31,18,10
1,<environment.Job instance at 0x7f9166130dc0>,5,3,[2 5],6,12,15,6,12
1,<environment.Job instance at 0x7f9166130730>,11,3,[11  1],12,31,34,19,13
1,<environment.Job instance at 0x7f9166130190>,13,1,[10  2],14,34,35,20,14
1,<environment.Job instance at 0x7f911f71c280>,15,27,[8 5],16,35,62,19,33
1,<environment.Job instance at 0x7f911f71c870>,16,22,[9 5],17,62,84,45,55
1,<environment.Job instance at 0x7f911f71cdc0>,18,24,[7 4],19,84,108,65,79
1,<environment.Job instance at 0x7f911f71c370>,20,1,[9 3],21,108,109,87,80
1,<environment.Job instance at 0x7f9166283320>,22,1,[ 3 10],23,80,81,57,80
1,<environment.Job instance at 0x7f91662830a0>,24,1,[5 4],25,81,82,56,80
1,<environment.Job instance at 0x7f911fb88cd0>,29,2,[12  1],30,109,111,79,93
1,<environment.Job instance at 0x7f911fb88550>,31,24,[ 3 14],32,109,133,77,104
1,<environment.Job instance at 0x7f911f6f8cd0>,40,20,[9 2],41,133,153,92,128
1,<environment.Job instance at 0x7f911f4f7e10>,0,3,[2 8],1,2,5,1,2
1,<environment.Job instance at 0x7f916628ccd0>,5,25,[10  3],6,6,31,0,6
1,<environment.Job instance at 0x7f911fda7550>,6,2,[12  3],7,31,33,24,14
1,<environment.Job instance at 0x7f911fbb5050>,17,2,[10  1],18,33,35,15,19
1,<environment.Job instance at 0x7f911fbb5370>,20,24,[7 2],21,35,59,14,30
1,<environment.Job instance at 0x7f911fbb5550>,14,3,[14  3],15,59,62,44,33
1,<environment.Job instance at 0x7f91639d2870>,22,25,[7 5],23,62,87,39,58
1,<environment.Job instance at 0x7f911f84e410>,26,3,[12  5],27,94,97,67,94
1,<environment.Job instance at 0x7f911f6d0a50>,33,2,[5 6],34,98,100,64,98
1,<environment.Job instance at 0x7f911f6d0be0>,35,3,[9 1],36,98,101,62,98
1,<environment.Job instance at 0x7f911f6d0b40>,34,18,[2 9],35,104,122,69,104
1,<environment.Job instance at 0x7f911fa24cd0>,41,3,[5 3],42,116,119,74,116
1,<environment.Job instance at 0x7f911fa24be0>,42,24,[2 9],43,122,146,79,117
1,<environment.Job instance at 0x7f911fa24c80>,43,1,[9 4],44,119,120,75,117
1,<environment.Job instance at 0x7f911fa24a00>,45,2,[8 5],46,129,131,83,129
1,<environment.Job instance at 0x7f911fa24820>,46,1,[5 3],47,131,132,84,129
1,<environment.Job instance at 0x7f911fa24230>,48,1,[ 2 10],49,146,147,97,130
1,<environment.Job instance at 0x7f9fa7a91820>,10,1,[7 3],11,25,26,14,25
1,<environment.Job instance at 0x7f9fa7a91c30>,17,3,[10  3],18,50,53,32,50
1,<environment.Job instance at 0x7f9fa7a91eb0>,20,1,[3 7],21,66,67,45,66
1,<environment.Job instance at 0x7f9fa7a91e10>,22,2,[12  3],23,66,68,43,66
1,<environment.Job instance at 0x7f9fa7a93190>,26,22,[2 9],27,74,96,47,74
1,<environment.Job instance at 0x7f9fa7a930a0>,28,2,[5 9],29,96,98,67,75
1,<environment.Job instance at 0x7f9fa7a93500>,30,1,[5 5],31,76,77,45,76
1,<environment.Job instance at 0x7f9fa7a936e0>,33,2,[5 3],34,91,93,57,91
1,<environment.Job instance at 0x7f9fa7a93960>,36,2,[5 1],37,104,106,67,104
1,<environment.Job instance at 0x7f9fa7a93a00>,40,1,[1 8],41,128,129,87,128
1,<environment.Job instance at 0x7f9fa7a93f00>,43,28,[6 4],44,132,160,88,132
1,<environment.Job instance at 0x7f9fadf79eb0>,3,1,[5 6],4,4,5,0,4
1,<environment.Job instance at 0x7f9fad00c410>,9,3,[4 8],10,10,13,0,10
1,<environment.Job instance at 0x7f9facec71e0>,11,3,[1 5],12,12,15,0,12
1,<environment.Job instance at 0x7f9facec7eb0>,12,1,[10  1],13,13,14,0,13
1,<environment.Job instance at 0x7f9fad007500>,15,3,[5 5],16,21,24,5,21
1,<environment.Job instance at 0x7f9fad007640>,16,22,[11  3],17,24,46,7,21
1,<environment.Job instance at 0x7f9fad01ad70>,22,1,[ 5 10],23,46,47,23,45
1,<environment.Job instance at 0x7f9fad01a7d0>,24,1,[9 4],25,47,48,22,47
1,<environment.Job instance at 0x7f9fad01a0f0>,25,25,[3 9],26,47,72,21,47
1,<environment.Job instance at 0x7f9fad01a230>,26,1,[7 4],27,48,49,21,47
1,<environment.Job instance at 0x7f9fad01a9b0>,29,23,[2 8],30,72,95,42,66
1,<environment.Job instance at 0x7f9fad010d70>,31,1,[5 1],32,66,67,34,66
1,<environment.Job instance at 0x7f9fad010370>,33,1,[3 9],34,95,96,61,67
1,<environment.Job instance at 0x7f9fad0101e0>,36,26,[9 1],37,76,102,39,76
1,<environment.Job instance at 0x7f9facec9cd0>,46,23,[5 8],47,112,135,65,112
1,<environment.Job instance at 0x7f9fad014f50>,51,2,[12  1],52,135,137,83,123
1,<environment.Job instance at 0x7f9fad014af0>,53,27,[5 3],54,137,164,83,135
1,<environment.Job instance at 0x7f9facec85a0>,57,1,[1 6],58,148,149,90,148
1,<environment.Job instance at 0x7f9facec8780>,58,22,[9 2],59,148,170,89,148
1,<environment.Job instance at 0x7f9f61d305f0>,2,27,[ 2 13],3,7,34,4,7
1,<environment.Job instance at 0x7f9f61d2d500>,8,1,[12  5],9,34,35,25,12
1,<environment.Job instance at 0x7f9f61d300a0>,5,18,[9 5],6,35,53,29,32
1,<environment.Job instance at 0x7f9f61cfa780>,22,2,[9 3],23,53,55,30,44
1,<environment.Job instance at 0x7f9fa7cc7d20>,24,3,[5 8],25,45,48,20,45
1,<environment.Job instance at 0x7f9fa7863fa0>,25,2,[2 6],26,48,50,22,45
1,<environment.Job instance at 0x7f9f61d36550>,35,1,[5 7],36,92,93,56,92
1,<environment.Job instance at 0x7f9f61d368c0>,36,2,[3 5],37,92,94,55,92
1,<environment.Job instance at 0x7f9f61cdb960>,42,20,[7 3],43,120,140,77,120
1,<environment.Job instance at 0x7f9f61cdb1e0>,43,1,[2 8],44,120,121,76,120
1,<environment.Job instance at 0x7f9f61cdb410>,46,20,[6 2],47,123,143,76,123
1,<environment.Job instance at 0x7f9f61cdb2d0>,49,1,[4 6],50,140,141,90,139
1,<environment.Job instance at 0x7f9f61cdb640>,50,1,[2 5],51,139,140,88,139
1,<environment.Job instance at 0x7f9fa7cf4690>,53,1,[2 8],54,148,149,94,148
1,<environment.Job instance at 0x7f9f62393960>,0,1,[2 9],1,2,3,1,2
1,<environment.Job instance at 0x7f9fa7ba08c0>,5,1,[12  4],6,10,11,4,10
1,<environment.Job instance at 0x7f9fa7ba0fa0>,6,2,[9 2],7,11,13,4,11
1,<environment.Job instance at 0x7f9fa7c01f00>,12,27,[5 5],13,13,40,0,13
1,<environment.Job instance at 0x7f9f62233d20>,14,25,[1 7],15,15,40,0,15
1,<environment.Job instance at 0x7f9f61d35f00>,26,27,[5 8],27,59,86,32,59
1,<environment.Job instance at 0x7f9f61d353c0>,29,1,[ 4 10],30,86,87,56,60
1,<environment.Job instance at 0x7f9facec9c30>,30,1,[10  3],31,60,61,29,60
1,<environment.Job instance at 0x7f9facec9c80>,31,24,[4 8],32,87,111,55,82
1,<environment.Job instance at 0x7f9facec9640>,32,3,[1 7],33,82,85,49,82
1,<environment.Job instance at 0x7f9facec9d20>,33,3,[9 4],34,85,88,51,82
1,<environment.Job instance at 0x7f9facec9aa0>,35,19,[7 5],36,88,107,52,82
1,<environment.Job instance at 0x7f9facec9190>,41,1,[11  1],42,107,108,65,99
1,<environment.Job instance at 0x7f9f61de42d0>,48,3,[9 1],49,118,121,69,118
1,<environment.Job instance at 0x7f9f61d31b40>,50,19,[2 7],51,120,139,69,120
1,<environment.Job instance at 0x7f9f61d85c30>,51,24,[1 9],52,139,163,87,134
1,<environment.Job instance at 0x7f9f61d3a8c0>,54,1,[2 5],55,134,135,79,134
1,<environment.Job instance at 0x7f9f61ce44b0>,57,23,[10  4],58,136,159,78,136
1,<environment.Job instance at 0x7f9fa7eb0aa0>,9,2,[ 4 10],10,10,12,0,10
1,<environment.Job instance at 0x7f9fa7eb0cd0>,10,1,[9 5],11,11,12,0,11
1,<environment.Job instance at 0x7f9f6244a640>,14,24,[4 5],15,18,42,3,18
1,<environment.Job instance at 0x7f9fa7e92320>,20,2,[6 4],21,37,39,16,37
1,<environment.Job instance at 0x7f9fa7e926e0>,21,2,[3 5],22,37,39,15,37
1,<environment.Job instance at 0x7f9fa7e89d20>,25,2,[2 9],26,51,53,25,51
1,<environment.Job instance at 0x7f9fa7e898c0>,27,1,[3 6],28,58,59,30,58
1,<environment.Job instance at 0x7f9fa7e89280>,30,3,[10  4],31,65,68,34,65
1,<environment.Job instance at 0x7f9fa7e94960>,36,2,[5 5],37,87,89,50,87
1,<environment.Job instance at 0x7f9fa7e94be0>,37,1,[10  3],38,87,88,49,87
1,<environment.Job instance at 0x7f9fa7e96d70>,48,2,[4 5],49,134,136,85,134
1,<environment.Job instance at 0x7f9fa7e96960>,49,23,[6 5],50,134,157,84,134
1,<environment.Job instance at 0x7f9fa7e96870>,51,2,[5 7],52,148,150,96,148
1,<environment.Job instance at 0x7f9fa7e960a0>,52,1,[4 6],53,150,151,97,148
1,<environment.Job instance at 0x7f9fa7e96f50>,53,1,[4 9],54,151,152,97,148
1,<environment.Job instance at 0x7f9fac72cd20>,9,1,[ 5 14],10,11,12,1,11
1,<environment.Job instance at 0x7f9fac3b35f0>,10,2,[5 1],11,11,13,0,11
1,<environment.Job instance at 0x7f9fac3b38c0>,14,3,[7 4],15,30,33,15,30
1,<environment.Job instance at 0x7f9fac3b36e0>,15,2,[4 5],16,30,32,14,30
1,<environment.Job instance at 0x7f9fac72c370>,1,18,[4 8],2,33,51,31,33
1,<environment.Job instance at 0x7f9fac3b3dc0>,22,3,[4 8],23,62,65,39,62
1,<environment.Job instance at 0x7f9fac3b3d20>,24,2,[1 6],25,69,71,44,69
1,<environment.Job instance at 0x7f9fac3b3b90>,26,1,[5 1],27,76,77,49,76
1,<environment.Job instance at 0x7f9fac3b31e0>,27,27,[ 2 11],28,76,103,48,76
1,<environment.Job instance at 0x7f9fa7d5b500>,32,1,[12  5],33,103,104,70,94
1,<environment.Job instance at 0x7f9fac3b3190>,29,3,[11  2],30,104,107,74,101
1,<environment.Job instance at 0x7f9fa7d5b230>,39,1,[8 2],40,107,108,67,105
1,<environment.Job instance at 0x7f9fa7d5b050>,44,3,[ 3 10],45,127,130,82,127
1,<environment.Job instance at 0x7f9fac7d3140>,45,1,[7 3],46,127,128,81,127
1,<environment.Job instance at 0x7f9fac7d3640>,46,3,[5 4],47,128,131,81,127
1,<environment.Job instance at 0x7f9fac7d30a0>,47,2,[7 2],48,130,132,82,127
1,<environment.Job instance at 0x7f9fac7d3320>,49,1,[5 7],50,131,132,81,130
1,<environment.Job instance at 0x7f9fac7d38c0>,51,3,[3 9],52,143,146,91,143
1,<environment.Job instance at 0x7f9fa7d051e0>,3,1,[12  4],4,6,7,2,6
1,<environment.Job instance at 0x7f9fa7ac4550>,7,20,[1 8],8,8,28,0,8
1,<environment.Job instance at 0x7f9fa7ac4e10>,11,21,[4 9],12,28,49,16,20
1,<environment.Job instance at 0x7f9fa7b7b140>,15,23,[8 4],16,20,43,4,20
1,<environment.Job instance at 0x7f9fa7b7b5a0>,17,20,[5 7],18,49,69,31,40
1,<environment.Job instance at 0x7f9fa7b7ba50>,10,2,[ 2 12],11,69,71,58,42
1,<environment.Job instance at 0x7f9fac32efa0>,21,3,[2 6],22,43,46,21,42
1,<environment.Job instance at 0x7f9fa7dde140>,22,12,[6 1],23,46,58,23,42
1,<environment.Job instance at 0x7f9f6201cdc0>,31,20,[ 5 13],32,71,91,39,62
1,<environment.Job instance at 0x7f9f6201c870>,32,1,[5 1],33,62,63,29,62
1,<environment.Job instance at 0x7f9f621fb140>,35,1,[6 4],36,68,69,32,68
1,<environment.Job instance at 0x7f9f621fb690>,37,1,[5 1],38,69,70,31,68
1,<environment.Job instance at 0x7f9f621fb460>,39,1,[8 1],40,69,70,29,68
1,<environment.Job instance at 0x7f9f621fbaa0>,40,24,[7 2],41,70,94,29,68
1,<environment.Job instance at 0x7f9f61efa2d0>,46,19,[2 9],47,97,116,50,97
1,<environment.Job instance at 0x7f9f61ed7780>,48,20,[ 1 10],49,116,136,67,107
1,<environment.Job instance at 0x7f9f61edb9b0>,52,2,[5 7],53,136,138,83,116
1,<environment.Job instance at 0x7f9f61edbb90>,55,1,[ 2 10],56,138,139,82,134
1,<environment.Job instance at 0x7f9f622105a0>,58,2,[ 1 13],59,139,141,80,134
1,<environment.Job instance at 0x7f9f62210c80>,60,28,[ 2 14],61,149,177,88,149
1,<environment.Job instance at 0x7f9f622101e0>,61,28,[5 1],62,149,177,87,149
1,<environment.Job instance at 0x7f9fac354370>,3,24,[5 3],4,4,28,0,4
1,<environment.Job instance at 0x7f9f6208ce10>,7,2,[11  4],8,28,30,20,8
1,<environment.Job instance at 0x7f9f6208c910>,11,28,[9 4],12,30,58,18,29
1,<environment.Job instance at 0x7f9fa7a926e0>,23,3,[8 2],24,58,61,34,56
1,<environment.Job instance at 0x7f9fa7a92820>,25,3,[5 3],26,68,71,42,68
1,<environment.Job instance at 0x7f9fa7a928c0>,26,21,[5 5],27,68,89,41,68
1,<environment.Job instance at 0x7f9fa7a92960>,27,3,[1 9],28,71,74,43,68
1,<environment.Job instance at 0x7f9f620601e0>,31,1,[4 5],32,93,94,61,93
1,<environment.Job instance at 0x7f9f62060280>,32,3,[8 1],33,93,96,60,93
1,<environment.Job instance at 0x7f9f62060370>,35,3,[10  4],36,101,104,65,101
1,<environment.Job instance at 0x7f9f620605f0>,36,1,[ 4 10],37,101,102,64,101
1,<environment.Job instance at 0x7f9fa7a923c0>,18,19,[ 3 11],19,102,121,83,102
1,<environment.Job instance at 0x7f9f62060c30>,44,22,[4 9],45,136,158,91,136
1,<environment.Job instance at 0x7f9f62060cd0>,45,1,[1 9],46,158,159,112,136
1,<environment.Job instance at 0x7f9f62060d70>,46,21,[5 5],47,136,157,89,136
1,<environment.Job instance at 0x7f9f61f41e60>,15,27,[4 5],16,20,47,4,20
1,<environment.Job instance at 0x7f9fa79bab90>,16,1,[12  2],17,47,48,30,27
1,<environment.Job instance at 0x7f9f61f55280>,18,2,[1 9],19,30,32,11,30
1,<environment.Job instance at 0x7f9fa797bfa0>,21,2,[ 5 10],22,44,46,22,44
1,<environment.Job instance at 0x7f9fac54fe60>,23,3,[6 2],24,50,53,26,50
1,<environment.Job instance at 0x7f9fac54f8c0>,24,1,[7 4],25,50,51,25,50
1,<environment.Job instance at 0x7f9fac54f410>,25,3,[9 2],26,51,54,25,50
1,<environment.Job instance at 0x7f9fac54f460>,26,25,[7 3],27,54,79,27,50
1,<environment.Job instance at 0x7f9fa7bb1b90>,27,3,[8 1],28,54,57,26,50
1,<environment.Job instance at 0x7f9fa78c6870>,30,26,[6 4],31,57,83,26,54
1,<environment.Job instance at 0x7f9f622cec80>,37,21,[9 4],38,81,102,43,81
1,<environment.Job instance at 0x7f9fac4cad20>,38,21,[5 1],39,83,104,44,81
1,<environment.Job instance at 0x7f9fac73a0a0>,43,1,[7 3],44,102,103,58,93
1,<environment.Job instance at 0x7f9fa7a82be0>,47,3,[ 1 10],48,111,114,63,111
1,<environment.Job instance at 0x7f9fa7a823c0>,48,2,[5 7],49,114,116,65,111
1,<environment.Job instance at 0x7f9f622c2910>,49,20,[5 9],50,116,136,66,111
1,<environment.Job instance at 0x7f9f62333cd0>,53,3,[6 3],54,132,135,78,132
1,<environment.Job instance at 0x7f9fac7ec730>,54,2,[10  4],55,135,137,80,132
1,<environment.Job instance at 0x7f9f61ffaeb0>,55,3,[1 9],56,136,139,80,133
1,<environment.Job instance at 0x7f9f61ffa6e0>,59,2,[6 1],60,140,142,80,140
1,<environment.Job instance at 0x7f9f61ffa050>,60,2,[6 1],61,140,142,79,140
1,<environment.Job instance at 0x7f9f61ffa640>,61,3,[7 4],62,142,145,80,140
1,<environment.Job instance at 0x7f9f620882d0>,2,22,[8 1],3,3,25,0,3
1,<environment.Job instance at 0x7f9f623278c0>,5,3,[ 1 13],6,14,17,8,14
1,<environment.Job instance at 0x7f9f62371b40>,6,2,[14  2],7,25,27,18,17
1,<environment.Job instance at 0x7f9f62371050>,10,2,[14  4],11,27,29,16,17
1,<environment.Job instance at 0x7f9f61eee6e0>,11,27,[8 5],12,29,56,17,27
1,<environment.Job instance at 0x7f9f6237d4b0>,20,1,[5 2],21,45,46,24,45
1,<environment.Job instance at 0x7f9fac6d5d20>,0,25,[6 2],1,1,26,0,1
1,<environment.Job instance at 0x7f9f623aa4b0>,10,25,[5 5],11,11,36,0,11
1,<environment.Job instance at 0x7f9f623aac30>,15,19,[2 8],16,26,45,10,26
1,<environment.Job instance at 0x7f9f623aa780>,13,3,[ 4 11],14,45,48,31,37
1,<environment.Job instance at 0x7f9f623a92d0>,24,1,[2 9],25,48,49,23,40
1,<environment.Job instance at 0x7f9f623a9500>,27,2,[10  2],28,58,60,30,58
1,<environment.Job instance at 0x7f9f623a9b90>,33,3,[6 5],34,86,89,52,86
1,<environment.Job instance at 0x7f9f623a9c30>,34,19,[ 5 10],35,86,105,51,86
1,<environment.Job instance at 0x7f9f623a9e10>,37,27,[8 5],38,94,121,56,94
1,<environment.Job instance at 0x7f9f623a9d20>,39,3,[ 1 12],40,121,124,81,110
1,<environment.Job instance at 0x7f9f623b7640>,44,3,[13  1],45,123,126,78,123
1,<environment.Job instance at 0x7f9f623b76e0>,48,3,[1 7],49,133,136,84,133
1,<environment.Job instance at 0x7f9f623b72d0>,49,3,[7 3],50,133,136,83,133
1,<environment.Job instance at 0x7f9f623b77d0>,50,20,[8 5],51,136,156,85,133
1,<environment.Job instance at 0x7f9f623b7910>,1,23,[5 9],2,2,25,0,2
1,<environment.Job instance at 0x7f9f61d2d0f0>,7,22,[2 9],8,25,47,17,18
1,<environment.Job instance at 0x7f9f61d2d1e0>,6,1,[ 3 13],7,47,48,40,20
1,<environment.Job instance at 0x7f9fac42ceb0>,18,26,[2 5],19,48,74,29,45
1,<environment.Job instance at 0x7f9fac42ce60>,16,20,[8 2],17,45,65,28,45
1,<environment.Job instance at 0x7f9f61e9ea50>,26,24,[2 9],27,65,89,38,60
1,<environment.Job instance at 0x7f9f61e9e5a0>,29,20,[ 3 11],30,89,109,59,80
1,<environment.Job instance at 0x7f9f623b7c80>,3,3,[ 1 14],4,109,112,105,109
1,<environment.Job instance at 0x7f9fa7942c80>,46,1,[ 3 11],47,112,113,65,110
1,<environment.Job instance at 0x7f9fa7e68eb0>,48,1,[3 6],49,113,114,64,111
1,<environment.Job instance at 0x7f9fa7e68c80>,49,1,[9 1],50,111,112,61,111
1,<environment.Job instance at 0x7f9fa7bc22d0>,51,23,[1 8],52,113,136,61,111
1,<environment.Job instance at 0x7f9fa79420a0>,13,2,[1 7],14,23,25,9,23
1,<environment.Job instance at 0x7f9fa79420f0>,17,3,[8 3],18,37,40,19,37
1,<environment.Job instance at 0x7f9f62006f50>,18,2,[1 7],19,37,39,18,37
1,<environment.Job instance at 0x7f9f62006500>,21,1,[3 9],22,43,44,21,43
1,<environment.Job instance at 0x7f9f62006910>,23,3,[6 1],24,54,57,30,54
1,<environment.Job instance at 0x7f9fac5daa00>,25,2,[ 2 12],26,55,57,29,55
1,<environment.Job instance at 0x7f9fac5da7d0>,26,1,[3 9],27,57,58,30,55
1,<environment.Job instance at 0x7f9fac5dadc0>,28,21,[2 5],29,57,78,28,57
1,<environment.Job instance at 0x7f9fac5da3c0>,29,23,[5 7],30,58,81,28,57
1,<environment.Job instance at 0x7f9fac5da6e0>,33,25,[ 1 10],34,81,106,47,77
1,<environment.Job instance at 0x7f9fa7b160a0>,35,2,[5 2],36,77,79,41,77
1,<environment.Job instance at 0x7f9fa7b167d0>,37,19,[ 2 10],38,106,125,68,96
1,<environment.Job instance at 0x7f9fa7b16d20>,38,1,[ 5 14],39,125,126,86,97
1,<environment.Job instance at 0x7f9fa7b164b0>,39,1,[5 1],40,97,98,57,97
1,<environment.Job instance at 0x7f9fa7b16e60>,40,1,[2 9],41,126,127,85,98
1,<environment.Job instance at 0x7f9fa7a47e10>,43,3,[3 6],44,126,129,82,100
1,<environment.Job instance at 0x7f9fa7a473c0>,45,2,[5 7],46,127,129,81,103
1,<environment.Job instance at 0x7f9fa7a47aa0>,47,3,[10  5],48,110,113,62,110
1,<environment.Job instance at 0x7f9fa7a47c30>,48,18,[7 1],49,127,145,78,118
1,<environment.Job instance at 0x7f9fa7a474b0>,52,2,[4 5],53,130,132,77,130
1,<environment.Job instance at 0x7f9f62156b40>,54,2,[8 4],55,143,145,88,143
1,<environment.Job instance at 0x7f9f62156460>,55,2,[11  4],56,145,147,89,144
1,<environment.Job instance at 0x7f9f62156910>,56,1,[6 4],57,147,148,90,144
1,<environment.Job instance at 0x7f9fac51fe10>,0,1,[9 3],1,2,3,1,2
1,<environment.Job instance at 0x7f9f623d4e10>,11,1,[3 9],12,12,13,0,12
1,<environment.Job instance at 0x7f9f623d4e60>,12,1,[2 9],13,13,14,0,13
1,<environment.Job instance at 0x7f9f623d2f50>,16,21,[10  4],17,20,41,3,20
1,<environment.Job instance at 0x7f9f61e8caf0>,25,23,[7 3],26,44,67,18,44
1,<environment.Job instance at 0x7f9f61e75b40>,27,20,[8 3],28,46,66,18,46
1,<environment.Job instance at 0x7f9f61e75460>,29,22,[9 1],30,67,89,37,60
1,<environment.Job instance at 0x7f9f6239b2d0>,37,2,[4 5],38,72,74,34,72
1,<environment.Job instance at 0x7f9f6239e550>,5,18,[4 9],6,78,96,72,78
1,<environment.Job instance at 0x7f9f620ad640>,46,12,[1 5],47,110,122,63,110
1,<environment.Job instance at 0x7f9f620ad460>,47,1,[1 9],48,110,111,62,110
1,<environment.Job instance at 0x7f9fa79e08c0>,48,3,[7 1],49,110,113,61,110
1,<environment.Job instance at 0x7f9fa79e0500>,49,2,[10  5],50,113,115,63,110
1,<environment.Job instance at 0x7f9fa79e0f00>,50,1,[5 8],51,111,112,60,110
1,<environment.Job instance at 0x7f9fa79e09b0>,52,26,[9 3],53,115,141,62,112
1,<environment.Job instance at 0x7f9fa79e0cd0>,54,3,[5 3],55,118,121,63,118
1,<environment.Job instance at 0x7f9fa7ea7f00>,56,3,[12  4],57,141,144,84,126
1,<environment.Job instance at 0x7f9f622bbd20>,58,1,[5 9],59,131,132,72,131
1,<environment.Job instance at 0x7f9fa7ed5b40>,59,2,[ 1 10],60,132,134,72,131
1,<environment.Job instance at 0x7f9fac544be0>,61,3,[4 6],62,144,147,82,139
1,<environment.Job instance at 0x7f9f62098a00>,4,1,[8 2],5,5,6,0,5
1,<environment.Job instance at 0x7f9fa7e68a00>,5,3,[14  3],6,8,11,2,8
1,<environment.Job instance at 0x7f9fac5fc460>,8,3,[ 2 10],9,11,14,2,9
1,<environment.Job instance at 0x7f9fac5fceb0>,9,1,[8 3],10,11,12,1,10
1,<environment.Job instance at 0x7f9fac524780>,10,3,[8 1],11,12,15,1,11
1,<environment.Job instance at 0x7f9f61f49230>,14,1,[10  2],15,15,16,0,15
1,<environment.Job instance at 0x7f9f61e6aa50>,15,27,[1 5],16,16,43,0,16
1,<environment.Job instance at 0x7f9fa7bbb730>,17,2,[ 1 10],18,27,29,9,27
1,<environment.Job instance at 0x7f9f61f24b40>,18,1,[4 7],19,29,30,10,27
1,<environment.Job instance at 0x7f9fac28ae60>,19,3,[13  3],20,30,33,10,27
1,<environment.Job instance at 0x7f9fa78db640>,21,18,[7 3],22,47,65,25,47
1,<environment.Job instance at 0x7f9fac2b1b90>,24,3,[5 1],25,53,56,28,53
1,<environment.Job instance at 0x7f9fa7a27c80>,26,1,[10  1],27,65,66,38,55
1,<environment.Job instance at 0x7f9fa7a276e0>,31,21,[8 4],32,79,100,47,79
1,<environment.Job instance at 0x7f9f62389140>,33,3,[6 5],34,91,94,57,91
1,<environment.Job instance at 0x7f9f62389aa0>,34,3,[6 4],35,94,97,59,92
1,<environment.Job instance at 0x7f9f62389a50>,35,18,[4 5],36,97,115,61,97
1,<environment.Job instance at 0x7f9f61fdad70>,39,1,[1 7],40,102,103,62,102
1,<environment.Job instance at 0x7f9f61ee30a0>,41,3,[4 7],42,103,106,61,103
1,<environment.Job instance at 0x7f9f61ee37d0>,42,3,[10  5],43,106,109,63,103
1,<environment.Job instance at 0x7f9f61ee3dc0>,43,2,[4 5],44,109,111,65,103
1,<environment.Job instance at 0x7f9f61ee3370>,44,20,[8 2],45,111,131,66,103
1,<environment.Job instance at 0x7f9f61ee3640>,46,2,[4 7],47,115,117,68,107
1,<environment.Job instance at 0x7f9f61ee3e60>,47,2,[ 4 10],48,117,119,69,107
1,<environment.Job instance at 0x7f9f61ee3a50>,48,3,[8 2],49,131,134,82,107
1,<environment.Job instance at 0x7f9f622d45a0>,50,21,[10  5],51,134,155,83,126
1,<environment.Job instance at 0x7f9f622d4d20>,52,2,[5 5],53,126,128,73,126
1,<environment.Job instance at 0x7f9f622d4780>,53,19,[7 1],54,155,174,101,145
1,<environment.Job instance at 0x7f9fa78b9910>,55,1,[ 3 11],56,155,156,99,145
1,<environment.Job instance at 0x7f9fa78b9190>,56,2,[9 2],57,174,176,117,147
1,<environment.Job instance at 0x7f9fa78b92d0>,57,2,[4 6],58,147,149,89,147
1,<environment.Job instance at 0x7f9fa7bba640>,63,2,[2 8],64,149,151,85,147
1,<environment.Job instance at 0x7f9fa7862eb0>,64,3,[5 3],65,151,154,86,147
1,<environment.Job instance at 0x7f9f61e19b40>,1,23,[8 4],2,2,25,0,2
1,<environment.Job instance at 0x7f9f61a790f0>,6,2,[ 2 12],7,25,27,18,7
1,<environment.Job instance at 0x7f9f61a79d70>,7,2,[1 9],8,9,11,1,9
1,<environment.Job instance at 0x7f9fa7e285a0>,15,27,[6 2],16,19,46,3,19
1,<environment.Job instance at 0x7f9fa7e28140>,18,3,[ 3 12],19,27,30,8,27
1,<environment.Job instance at 0x7f9fa7e283c0>,21,2,[7 3],22,37,39,15,37
1,<environment.Job instance at 0x7f9f61a79e60>,4,3,[11  3],5,46,49,41,43
1,<environment.Job instance at 0x7f9f61a7da00>,27,3,[6 1],28,58,61,30,58
1,<environment.Job instance at 0x7f9f61a7d140>,33,1,[6 2],34,79,80,45,79
1,<environment.Job instance at 0x7f9f61a7d730>,35,1,[ 4 14],36,80,81,44,79
1,<environment.Job instance at 0x7f9f61a7d500>,37,3,[1 9],38,81,84,43,79
1,<environment.Job instance at 0x7f9f61a7d2d0>,38,2,[2 7],39,84,86,45,79
1,<environment.Job instance at 0x7f9f61a7d050>,39,2,[5 3],40,81,83,41,79
1,<environment.Job instance at 0x7f9f61a7d280>,40,1,[3 7],41,79,80,38,79
1,<environment.Job instance at 0x7f9f61a6d0a0>,41,1,[4 6],42,79,80,37,79
1,<environment.Job instance at 0x7f9f61a6de60>,43,2,[2 7],44,86,88,42,86
1,<environment.Job instance at 0x7f9f61a6d460>,44,18,[7 1],45,93,111,48,93
1,<environment.Job instance at 0x7f9f61a6db90>,47,1,[10  4],48,111,112,63,93
1,<environment.Job instance at 0x7f9f61a6d370>,48,1,[2 9],49,93,94,44,93
1,<environment.Job instance at 0x7f9f61a6df50>,49,22,[14  5],50,112,134,62,105
1,<environment.Job instance at 0x7f9f61a7d320>,31,18,[1 7],32,111,129,79,111
1,<environment.Job instance at 0x7f9f61a6d320>,57,1,[10  4],58,134,135,76,123
1,<environment.Job instance at 0x7f9f61a1e640>,58,22,[10  4],59,135,157,76,128
1,<environment.Job instance at 0x7f9f61a1e460>,61,21,[5 8],62,134,155,72,128
1,<environment.Job instance at 0x7f9f61a1e9b0>,65,3,[10  1],66,157,160,91,149
1,<environment.Job instance at 0x7f9f61a1e280>,66,1,[7 5],67,160,161,93,149
1,<environment.Job instance at 0x7f9fa789e230>,0,20,[7 1],1,1,21,0,1
1,<environment.Job instance at 0x7f9f61a1e280>,2,1,[9 3],3,21,22,18,3
1,<environment.Job instance at 0x7f9f61a1e0f0>,1,1,[12  2],2,22,23,20,9
1,<environment.Job instance at 0x7f9fac40ce10>,16,3,[5 2],17,17,20,0,17
1,<environment.Job instance at 0x7f9fac40c460>,17,1,[10  1],18,23,24,5,18
1,<environment.Job instance at 0x7f9fac41d6e0>,19,1,[3 8],20,20,21,0,20
1,<environment.Job instance at 0x7f9fac413140>,20,23,[ 1 12],21,21,44,0,21
1,<environment.Job instance at 0x7f9fac413b90>,22,28,[1 7],23,44,72,21,43
1,<environment.Job instance at 0x7f9fac4370a0>,25,26,[ 4 10],26,72,98,46,69
1,<environment.Job instance at 0x7f9fa7bffd70>,26,1,[7 2],27,69,70,42,69
1,<environment.Job instance at 0x7f9fa7bdd230>,29,22,[12  5],30,98,120,68,91
1,<environment.Job instance at 0x7f9fa7be8af0>,34,27,[3 7],35,98,125,63,96
1,<environment.Job instance at 0x7f9fa7b42910>,47,2,[10  4],48,134,136,86,134
1,<environment.Job instance at 0x7f9fa7b42820>,48,19,[5 8],49,134,153,85,134
1,<environment.Job instance at 0x7f9fac34ca50>,51,2,[8 5],52,147,149,95,147
1,<environment.Job instance at 0x7f9f61b235f0>,1,24,[ 3 14],2,2,26,0,2
1,<environment.Job instance at 0x7f9fac42c230>,10,20,[9 2],11,26,46,15,17
1,<environment.Job instance at 0x7f9f620a7820>,16,26,[ 4 10],17,26,52,9,23
1,<environment.Job instance at 0x7f9fa7f13cd0>,24,19,[1 7],25,52,71,27,50
1,<environment.Job instance at 0x7f9fa7cac910>,26,25,[ 3 12],27,71,96,44,67
1,<environment.Job instance at 0x7f9fac6d5d20>,21,3,[ 2 12],22,96,99,74,95
1,<environment.Job instance at 0x7f9fac31fc30>,28,1,[2 8],29,99,100,70,95
1,<environment.Job instance at 0x7f9fa79e06e0>,29,1,[8 5],30,99,100,69,95
1,<environment.Job instance at 0x7f9fa787b280>,30,1,[8 2],31,95,96,64,95
1,<environment.Job instance at 0x7f9fa79e0500>,32,1,[1 9],33,100,101,67,96
1,<environment.Job instance at 0x7f9fa79e0050>,34,25,[7 4],35,100,125,65,96
1,<environment.Job instance at 0x7f9fa79e0730>,35,22,[9 2],36,125,147,89,118
1,<environment.Job instance at 0x7f9fa79e0cd0>,36,28,[6 2],37,118,146,81,118
1,<environment.Job instance at 0x7f9fa79e0870>,40,1,[ 2 11],41,146,147,105,142
1,<environment.Job instance at 0x7f9fa79e0d70>,41,21,[7 2],42,147,168,105,142
1,<environment.Job instance at 0x7f9fac31f320>,2,24,[2 9],3,3,27,0,3
1,<environment.Job instance at 0x7f9f61e3aa50>,19,20,[5 3],20,36,56,16,36
1,<environment.Job instance at 0x7f9f61e3ab90>,20,2,[7 1],21,36,38,15,36
1,<environment.Job instance at 0x7f9f61e3ae10>,22,1,[ 1 10],23,39,40,16,39
1,<environment.Job instance at 0x7f9f61e3ad20>,23,2,[ 4 10],24,40,42,16,39
1,<environment.Job instance at 0x7f9f61e3a910>,25,23,[1 8],26,51,74,25,51
1,<environment.Job instance at 0x7f9f61e84140>,32,3,[ 5 13],33,75,78,42,75
1,<environment.Job instance at 0x7f9f61e840a0>,34,18,[2 6],35,78,96,43,77
1,<environment.Job instance at 0x7f9f61e84690>,36,1,[8 5],37,78,79,41,77
1,<environment.Job instance at 0x7f9f61e843c0>,38,19,[3 9],39,89,108,50,89
1,<environment.Job instance at 0x7f9f61e84d20>,42,1,[10  2],43,106,107,63,106
1,<environment.Job instance at 0x7f9f61e84eb0>,44,26,[8 5],45,107,133,62,106
1,<environment.Job instance at 0x7f9fa78aa910>,46,2,[5 2],47,108,110,61,106
1,<environment.Job instance at 0x7f9fa78aa230>,48,2,[1 6],49,124,126,75,124
1,<environment.Job instance at 0x7f9fa78aad70>,50,22,[6 2],51,124,146,73,124
1,<environment.Job instance at 0x7f9fa78aa460>,52,3,[9 1],53,133,136,80,126
1,<environment.Job instance at 0x7f9fa78aa280>,53,24,[3 7],54,136,160,82,131
1,<environment.Job instance at 0x7f9fa78aa5f0>,56,3,[4 7],57,146,149,89,142
1,<environment.Job instance at 0x7f9fa78aa140>,57,3,[5 6],58,142,145,84,142
1,<environment.Job instance at 0x7f9fa78aaa50>,58,1,[10  4],59,149,150,90,142
1,<environment.Job instance at 0x7f9fa79f7af0>,8,27,[9 1],9,9,36,0,9
1,<environment.Job instance at 0x7f9fac328280>,12,22,[8 5],13,36,58,23,29
1,<environment.Job instance at 0x7f9fa7fbb370>,13,27,[6 5],14,29,56,15,29
1,<environment.Job instance at 0x7f9f61a89c30>,20,26,[4 5],21,56,82,35,53
1,<environment.Job instance at 0x7f9f61fe6f50>,26,3,[2 6],27,80,83,53,80
1,<environment.Job instance at 0x7f9fac706c30>,29,23,[4 6],30,91,114,61,91
1,<environment.Job instance at 0x7f9fac706370>,30,1,[ 2 14],31,114,115,83,91
1,<environment.Job instance at 0x7f9fac706f00>,31,2,[8 5],32,91,93,59,91
1,<environment.Job instance at 0x7f9fac706910>,33,2,[5 8],34,93,95,59,91
1,<environment.Job instance at 0x7f9fa7faf320>,41,2,[1 6],42,123,125,81,123
1,<environment.Job instance at 0x7f9fa7faf050>,46,1,[7 2],47,139,140,92,139
1,<environment.Job instance at 0x7f9fa7faf0f0>,47,25,[9 5],48,140,165,92,139
1,<environment.Job instance at 0x7f9fa7f82e10>,48,2,[ 1 13],49,165,167,116,139
1,<environment.Job instance at 0x7f9fa7f82e60>,49,2,[5 8],50,139,141,89,139
1,<environment.Job instance at 0x7f75c7084780>,10,1,[7 3],11,17,18,6,17
1,<environment.Job instance at 0x7f75c70845a0>,11,2,[3 9],12,17,19,5,17
1,<environment.Job instance at 0x7f75c7084730>,12,3,[6 3],13,19,22,6,19
1,<environment.Job instance at 0x7f75c7084a00>,15,3,[10  2],16,31,34,15,31
1,<environment.Job instance at 0x7f75c7084d20>,17,3,[10  3],18,41,44,23,41
1,<environment.Job instance at 0x7f75c7084eb0>,20,1,[3 7],21,60,61,39,60
1,<environment.Job instance at 0x7f75c7084f00>,21,3,[ 2 10],22,63,66,41,63
1,<environment.Job instance at 0x7f75c7084e10>,22,2,[12  3],23,63,65,40,63
1,<environment.Job instance at 0x7f75c7085140>,24,3,[5 9],25,66,69,41,63
1,<environment.Job instance at 0x7f75c70851e0>,25,3,[1 6],26,66,69,40,63
1,<environment.Job instance at 0x7f75c7085280>,26,22,[2 9],27,69,91,42,63
1,<environment.Job instance at 0x7f75c70855a0>,30,1,[5 5],31,70,71,39,70
1,<environment.Job instance at 0x7f75c70856e0>,33,2,[5 3],34,85,87,51,85
1,<environment.Job instance at 0x7f75c7085a00>,36,2,[5 1],37,97,99,60,97
1,<environment.Job instance at 0x7f75c7085c80>,40,1,[1 8],41,112,113,71,112
1,<environment.Job instance at 0x7f75c7085be0>,39,18,[5 8],40,123,141,83,123
1,<environment.Job instance at 0x7f75c708b0a0>,43,28,[6 4],44,123,151,79,123
1,<environment.Job instance at 0x7f75c708b730>,50,27,[9 1],51,141,168,90,139
1,<environment.Job instance at 0x7f75c708b6e0>,52,3,[ 3 11],53,151,154,98,143
1,<environment.Job instance at 0x7f75ce4bc410>,6,22,[11  3],7,7,29,0,7
1,<environment.Job instance at 0x7f75ce6025a0>,15,25,[3 9],16,16,41,0,16
1,<environment.Job instance at 0x7f75ce608a50>,19,23,[2 8],20,41,64,21,35
1,<environment.Job instance at 0x7f75ce608320>,23,1,[3 9],24,64,65,40,36
1,<environment.Job instance at 0x7f75ce608af0>,22,2,[8 2],23,36,38,13,36
1,<environment.Job instance at 0x7f75ce607640>,26,26,[9 1],27,39,65,12,39
1,<environment.Job instance at 0x7f75ce607d70>,33,3,[5 4],34,65,68,31,64
1,<environment.Job instance at 0x7f75ce60e320>,36,23,[5 8],37,82,105,45,82
1,<environment.Job instance at 0x7f75ce60e730>,38,2,[ 3 10],39,105,107,66,83
1,<environment.Job instance at 0x7f75ce60e280>,39,1,[10  3],40,83,84,43,83
1,<environment.Job instance at 0x7f75ce604b40>,40,2,[3 8],41,107,109,66,83
1,<environment.Job instance at 0x7f75ce604140>,41,2,[12  1],42,105,107,63,84
1,<environment.Job instance at 0x7f75ce6046e0>,43,27,[5 3],44,107,134,63,105
1,<environment.Job instance at 0x7f75ce6047d0>,48,22,[9 2],49,109,131,60,105
1,<environment.Job instance at 0x7f75ce600f00>,49,3,[ 4 12],50,131,134,81,114
1,<environment.Job instance at 0x7f75ce51b0f0>,58,28,[7 4],59,144,172,85,144
1,<environment.Job instance at 0x7f75ce51b690>,59,1,[9 2],60,172,173,112,144
1,<environment.Job instance at 0x7f75ce51ba50>,60,2,[4 5],61,144,146,83,144
1,<environment.Job instance at 0x7f75ce51b2d0>,61,1,[8 3],62,146,147,84,144
1,<environment.Job instance at 0x7f75ce51b3c0>,62,1,[3 8],63,147,148,84,144
1,<environment.Job instance at 0x7f75833462d0>,12,2,[6 1],13,13,15,0,13
1,<environment.Job instance at 0x7f75c72e3370>,22,20,[7 3],23,47,67,24,47
1,<environment.Job instance at 0x7f75c7205320>,23,1,[2 8],24,47,48,23,47
1,<environment.Job instance at 0x7f758332eaf0>,26,20,[6 2],27,57,77,30,57
1,<environment.Job instance at 0x7f75c6ee27d0>,29,1,[4 6],30,75,76,45,75
1,<environment.Job instance at 0x7f75c6ee2870>,30,1,[2 5],31,75,76,44,75
1,<environment.Job instance at 0x7f758333de60>,33,1,[2 8],34,88,89,54,88
1,<environment.Job instance at 0x7f758339f2d0>,39,22,[1 6],40,119,141,79,119
1,<environment.Job instance at 0x7f758339f1e0>,40,1,[5 1],41,119,120,78,119
1,<environment.Job instance at 0x7f75832d9d70>,41,25,[10  4],42,120,145,78,119
1,<environment.Job instance at 0x7f75832d94b0>,44,22,[1 9],45,141,163,96,134
1,<environment.Job instance at 0x7f75c74f53c0>,1,24,[4 8],2,2,26,0,2
1,<environment.Job instance at 0x7f75c72e4eb0>,5,19,[7 5],6,6,25,0,6
1,<environment.Job instance at 0x7f758333cf50>,11,1,[11  1],12,25,26,13,21
1,<environment.Job instance at 0x7f758398d640>,20,19,[2 7],21,27,46,6,27
1,<environment.Job instance at 0x7f75832d8460>,21,24,[1 9],22,46,70,24,41
1,<environment.Job instance at 0x7f758381e320>,22,3,[ 3 10],23,70,73,47,44
1,<environment.Job instance at 0x7f75c706de60>,27,23,[10  4],28,44,67,16,44
1,<environment.Job instance at 0x7f75c702d190>,33,3,[ 5 13],34,73,76,39,64
1,<environment.Job instance at 0x7f758373e190>,19,18,[5 8],20,76,94,56,76
1,<environment.Job instance at 0x7f75833269b0>,37,1,[11  4],38,94,95,56,80
1,<environment.Job instance at 0x7f75838175a0>,38,1,[5 3],39,80,81,41,80
1,<environment.Job instance at 0x7f75832edf50>,43,1,[8 5],44,111,112,67,111
1,<environment.Job instance at 0x7f758336ab90>,45,24,[10  2],46,117,141,71,117
1,<environment.Job instance at 0x7f758336a5a0>,48,19,[1 6],49,135,154,86,135
1,<environment.Job instance at 0x7f758336ae10>,49,27,[14  1],50,141,168,91,139
1,<environment.Job instance at 0x7f758336a410>,53,20,[5 7],54,168,188,114,159
1,<environment.Job instance at 0x7f75c70dcc80>,8,2,[4 5],9,9,11,0,9
1,<environment.Job instance at 0x7f7583742550>,9,23,[6 5],10,10,33,0,10
1,<environment.Job instance at 0x7f75836981e0>,19,21,[1 9],20,20,41,0,20
1,<environment.Job instance at 0x7f75836985a0>,20,27,[6 4],21,33,60,12,31
1,<environment.Job instance at 0x7f75836980a0>,21,1,[11  4],22,60,61,38,41
1,<environment.Job instance at 0x7f75836a7460>,28,22,[7 5],29,61,83,32,54
1,<environment.Job instance at 0x7f75836a7640>,32,24,[1 6],33,57,81,24,57
1,<environment.Job instance at 0x7f75836ae0f0>,35,3,[1 9],36,81,84,45,70
1,<environment.Job instance at 0x7f75836aeaa0>,39,2,[9 1],40,85,87,45,85
1,<environment.Job instance at 0x7f75836ae690>,42,3,[1 9],43,97,100,54,97
1,<environment.Job instance at 0x7f758368bc30>,44,3,[ 2 12],45,100,103,55,99
1,<environment.Job instance at 0x7f758368bdc0>,45,2,[3 5],46,103,105,57,99
1,<environment.Job instance at 0x7f758368b550>,47,2,[8 4],48,107,109,59,107
1,<environment.Job instance at 0x7f758368b1e0>,50,1,[9 4],51,114,115,63,114
1,<environment.Job instance at 0x7f758368b190>,51,2,[ 3 14],52,115,117,63,114
1,<environment.Job instance at 0x7f758368baa0>,53,3,[10  3],54,123,126,69,123
1,<environment.Job instance at 0x7f75836bd1e0>,54,3,[3 6],55,123,126,68,123
1,<environment.Job instance at 0x7f75836bdf00>,55,1,[8 4],56,126,127,70,123
1,<environment.Job instance at 0x7f75836aba50>,57,27,[9 3],58,127,154,69,127
1,<environment.Job instance at 0x7f75c74aff00>,62,1,[6 3],63,152,153,89,152
1,<environment.Job instance at 0x7f75c73455a0>,10,19,[4 5],11,13,32,2,13
1,<environment.Job instance at 0x7f75c7345370>,15,1,[5 8],16,28,29,12,28
1,<environment.Job instance at 0x7f75c73450a0>,17,2,[9 3],18,29,31,11,28
1,<environment.Job instance at 0x7f75c705c140>,19,1,[5 4],20,31,32,11,31
1,<environment.Job instance at 0x7f75c705cfa0>,20,23,[9 4],21,32,55,11,31
1,<environment.Job instance at 0x7f75c705c690>,21,21,[8 2],22,55,76,33,47
1,<environment.Job instance at 0x7f75c705c460>,22,21,[5 7],23,47,68,24,47
1,<environment.Job instance at 0x7f75c705c6e0>,28,28,[10  4],29,76,104,47,75
1,<environment.Job instance at 0x7f75839f2320>,39,1,[2 5],40,115,116,75,115
1,<environment.Job instance at 0x7f75839f2b90>,40,26,[4 9],41,115,141,74,115
1,<environment.Job instance at 0x7f75839f2230>,47,23,[5 3],48,143,166,95,143
1,<environment.Job instance at 0x7f75cbaa1870>,1,28,[5 1],2,2,30,0,2
1,<environment.Job instance at 0x7f75cbaa15a0>,0,28,[ 2 14],1,2,30,1,2
1,<environment.Job instance at 0x7f75834e77d0>,13,23,[7 4],14,30,53,16,24
1,<environment.Job instance at 0x7f75c6fe0910>,20,2,[5 5],21,30,32,9,29
1,<environment.Job instance at 0x7f75cbba7960>,23,3,[13  5],24,53,56,29,43
1,<environment.Job instance at 0x7f758351cbe0>,26,27,[5 2],27,56,83,29,54
1,<environment.Job instance at 0x7f75c6ff5730>,30,22,[2 5],31,68,90,37,68
1,<environment.Job instance at 0x7f75c6ec6dc0>,31,1,[8 4],32,68,69,36,68
1,<environment.Job instance at 0x7f75839b7e10>,32,1,[2 5],33,69,70,36,68
1,<environment.Job instance at 0x7f75c7236730>,33,2,[ 4 10],34,83,85,49,68
1,<environment.Job instance at 0x7f75c72367d0>,34,18,[10  2],35,88,106,53,88
1,<environment.Job instance at 0x7f7583799aa0>,40,1,[ 2 10],41,93,94,52,93
1,<environment.Job instance at 0x7f75c6fa10a0>,44,28,[4 5],45,105,133,60,105
1,<environment.Job instance at 0x7f75c6fa1050>,45,3,[9 2],46,106,109,60,105
1,<environment.Job instance at 0x7f75c6fa1a50>,47,2,[ 5 13],48,133,135,85,107
1,<environment.Job instance at 0x7f75c6fa12d0>,49,1,[4 5],50,121,122,71,121
1,<environment.Job instance at 0x7f75c6fa1910>,51,25,[10  1],52,122,147,70,121
1,<environment.Job instance at 0x7f758367e280>,56,3,[5 1],57,147,150,90,147
1,<environment.Job instance at 0x7f758324b960>,7,24,[5 9],8,8,32,0,8
1,<environment.Job instance at 0x7f758324beb0>,11,28,[3 6],12,12,40,0,12
1,<environment.Job instance at 0x7f758325f460>,19,26,[2 6],20,32,58,12,29
1,<environment.Job instance at 0x7f758325f730>,20,20,[9 3],21,32,52,11,29
1,<environment.Job instance at 0x7f758325feb0>,27,1,[ 1 13],28,58,59,30,44
1,<environment.Job instance at 0x7f758325ffa0>,28,26,[8 2],29,52,78,23,49
1,<environment.Job instance at 0x7f7583271640>,35,25,[ 3 14],36,78,103,42,74
1,<environment.Job instance at 0x7f75832715a0>,40,2,[4 6],41,103,105,62,91
1,<environment.Job instance at 0x7f75832716e0>,41,3,[ 4 13],42,105,108,63,95
1,<environment.Job instance at 0x7f7583271d70>,44,27,[13  3],45,108,135,63,106
1,<environment.Job instance at 0x7f758324c870>,55,19,[1 5],56,142,161,86,142
1,<environment.Job instance at 0x7f758324c910>,57,1,[10  2],58,145,146,87,145
1,<environment.Job instance at 0x7f758324c0f0>,59,1,[9 4],60,158,159,98,158
1,<environment.Job instance at 0x7f75cb92f280>,2,23,[3 7],3,3,26,0,3
1,<environment.Job instance at 0x7f758366e690>,13,1,[5 4],14,27,28,13,27
1,<environment.Job instance at 0x7f758366e370>,15,1,[1 8],16,27,28,11,27
1,<environment.Job instance at 0x7f75cb5e20a0>,6,3,[ 5 14],7,28,31,21,27
1,<environment.Job instance at 0x7f75c70460a0>,23,3,[5 3],24,53,56,29,53
1,<environment.Job instance at 0x7f75c7152230>,25,1,[6 1],26,53,54,27,53
1,<environment.Job instance at 0x7f75c6df1dc0>,26,1,[ 5 10],27,54,55,27,53
1,<environment.Job instance at 0x7f75836f4e10>,28,1,[1 9],29,66,67,37,66
1,<environment.Job instance at 0x7f75c72da0a0>,29,2,[13  4],30,67,69,37,67
1,<environment.Job instance at 0x7f75c71220a0>,30,2,[5 2],31,69,71,38,67
1,<environment.Job instance at 0x7f75c6f24a00>,32,1,[2 9],33,67,68,34,67
1,<environment.Job instance at 0x7f7583931c30>,33,20,[ 5 12],34,69,89,35,67
1,<environment.Job instance at 0x7f7583931960>,34,2,[ 5 11],35,89,91,54,79
1,<environment.Job instance at 0x7f7583604780>,36,1,[5 9],37,91,92,54,79
1,<environment.Job instance at 0x7f758377e140>,41,2,[ 5 11],42,92,94,50,88
1,<environment.Job instance at 0x7f7583776a00>,44,1,[6 1],45,103,104,58,103
1,<environment.Job instance at 0x7f75837762d0>,47,3,[9 4],48,104,107,56,104
1,<environment.Job instance at 0x7f75c7592b40>,50,2,[8 2],51,120,122,69,120
1,<environment.Job instance at 0x7f7583709690>,53,3,[2 7],54,127,130,73,127
1,<environment.Job instance at 0x7f75837095f0>,54,1,[4 6],55,127,128,72,127
1,<environment.Job instance at 0x7f75837090a0>,55,3,[10  5],56,128,131,72,127
1,<environment.Job instance at 0x7f75cb806230>,0,20,[ 4 10],1,1,21,0,1
1,<environment.Job instance at 0x7f75cb806140>,6,24,[4 5],7,7,31,0,7
1,<environment.Job instance at 0x7f75c7546370>,7,24,[4 8],8,21,45,13,16
1,<environment.Job instance at 0x7f758397c140>,22,23,[6 2],23,24,47,1,24
1,<environment.Job instance at 0x7f75c6fffe60>,29,3,[4 5],30,47,50,17,47
1,<environment.Job instance at 0x7f75838d3be0>,31,1,[3 6],32,47,48,15,47
1,<environment.Job instance at 0x7f75c717e230>,24,3,[ 1 12],25,50,53,25,47
1,<environment.Job instance at 0x7f75c6fd4a50>,33,1,[11  3],34,48,49,14,47
1,<environment.Job instance at 0x7f75c6fd4d20>,35,28,[ 4 12],36,53,81,17,52
1,<environment.Job instance at 0x7f75c6fd4460>,39,1,[ 4 13],40,81,82,41,78
1,<environment.Job instance at 0x7f75c6fd4f50>,40,1,[7 5],41,82,83,41,78
1,<environment.Job instance at 0x7f7583744820>,47,2,[6 5],48,108,110,60,108
1,<environment.Job instance at 0x7f75c703f2d0>,51,1,[6 2],52,126,127,74,126
1,<environment.Job instance at 0x7f7583275af0>,55,24,[5 2],56,153,177,97,153
1,<environment.Job instance at 0x7f7583275730>,58,1,[5 6],59,156,157,97,156
1,<environment.Job instance at 0x7f75832759b0>,59,1,[3 8],60,157,158,97,156
1,<environment.Job instance at 0x7f7583275c30>,60,25,[6 2],61,157,182,96,156
1,<environment.Job instance at 0x7f75838c7aa0>,7,1,[8 4],8,9,10,1,9
1,<environment.Job instance at 0x7f75838c7960>,6,1,[11  3],7,11,12,4,11
1,<environment.Job instance at 0x7f75838c7f00>,12,2,[8 5],13,13,15,0,13
1,<environment.Job instance at 0x7f75838c7f50>,14,2,[8 5],15,15,17,0,15
1,<environment.Job instance at 0x7f75838bb410>,19,17,[5 6],20,34,51,14,34
1,<environment.Job instance at 0x7f75838bb730>,21,3,[6 5],22,34,37,12,34
1,<environment.Job instance at 0x7f75838bb6e0>,23,3,[4 7],24,47,50,23,47
1,<environment.Job instance at 0x7f75838bb550>,25,3,[8 5],26,53,56,27,53
1,<environment.Job instance at 0x7f75838bbd20>,28,3,[4 7],29,64,67,35,64
1,<environment.Job instance at 0x7f75838bbfa0>,31,18,[7 1],32,77,95,45,77
1,<environment.Job instance at 0x7f758388b3c0>,34,2,[10  2],35,95,97,60,82
1,<environment.Job instance at 0x7f758388b4b0>,37,2,[9 2],38,97,99,59,91
1,<environment.Job instance at 0x7f758388b550>,38,2,[13  1],39,99,101,60,91
1,<environment.Job instance at 0x7f758388b730>,41,26,[7 2],42,101,127,59,98
1,<environment.Job instance at 0x7f758388b870>,43,3,[8 2],44,109,112,65,109
1,<environment.Job instance at 0x7f758388b9b0>,45,3,[9 4],46,127,130,81,109
1,<environment.Job instance at 0x7f758388bd70>,50,2,[8 1],51,130,132,79,128
1,<environment.Job instance at 0x7f758388be10>,51,23,[5 9],52,128,151,76,128
1,<environment.Job instance at 0x7f75838a2230>,53,3,[ 1 14],54,151,154,97,128
1,<environment.Job instance at 0x7f75838a20a0>,54,1,[ 2 10],55,154,155,99,128
1,<environment.Job instance at 0x7f75838a21e0>,56,1,[ 3 13],57,155,156,98,128
1,<environment.Job instance at 0x7f75838a2410>,57,22,[2 9],58,156,178,98,149
1,<environment.Job instance at 0x7f75838a28c0>,62,2,[5 4],63,149,151,86,149
1,<environment.Job instance at 0x7f75cbb4fb40>,1,25,[1 6],2,2,27,0,2
1,<environment.Job instance at 0x7f75838a2a50>,3,26,[10  4],4,4,30,0,4
1,<environment.Job instance at 0x7f75cbb4f370>,5,24,[4 7],6,27,51,21,22
1,<environment.Job instance at 0x7f75c6e158c0>,17,28,[7 2],18,30,58,12,29
1,<environment.Job instance at 0x7f75c6def5a0>,22,26,[9 1],23,58,84,35,55
1,<environment.Job instance at 0x7f75c6e15140>,19,27,[ 3 10],20,55,82,35,55
1,<environment.Job instance at 0x7f758351c320>,27,20,[10  2],28,84,104,56,75
1,<environment.Job instance at 0x7f758351c0f0>,26,3,[ 2 14],27,104,107,77,81
1,<environment.Job instance at 0x7f75cb730500>,32,2,[4 9],33,82,84,49,81
1,<environment.Job instance at 0x7f75cb730dc0>,33,3,[8 4],34,107,110,73,81
1,<environment.Job instance at 0x7f75cb730910>,37,27,[9 4],38,110,137,72,108
1,<environment.Job instance at 0x7f7583656910>,43,1,[8 3],44,137,138,93,109
1,<environment.Job instance at 0x7f7583656320>,44,15,[10  1],45,140,155,95,140
1,<environment.Job instance at 0x7f7583275320>,53,2,[1 7],54,140,142,86,140
1,<environment.Job instance at 0x7f758372e820>,57,3,[8 3],58,155,158,97,155
1,<environment.Job instance at 0x7f758372e5a0>,58,2,[1 7],59,155,157,96,155
1,<environment.Job instance at 0x7f7583275be0>,54,18,[9 3],55,158,176,103,157
1,<environment.Job instance at 0x7f7583443cd0>,8,2,[7 3],9,10,12,1,10
1,<environment.Job instance at 0x7f75c7325dc0>,15,1,[3 8],16,16,17,0,16
1,<environment.Job instance at 0x7f75c7325f50>,18,2,[5 5],19,19,21,0,19
1,<environment.Job instance at 0x7f7583443640>,6,18,[4 9],7,31,49,24,31
1,<environment.Job instance at 0x7f75838520f0>,22,2,[6 4],23,31,33,8,31
1,<environment.Job instance at 0x7f75835ecb40>,30,1,[9 3],31,58,59,27,58
1,<environment.Job instance at 0x7f75835ec5a0>,31,1,[2 5],32,58,59,26,58
1,<environment.Job instance at 0x7f75cb88be10>,34,2,[7 3],35,59,61,24,59
1,<environment.Job instance at 0x7f75cb88b410>,37,1,[8 1],38,72,73,34,72
1,<environment.Job instance at 0x7f75cb88bb40>,39,3,[9 5],40,79,82,39,79
1,<environment.Job instance at 0x7f75cb88b0a0>,40,2,[8 4],41,82,84,41,79
1,<environment.Job instance at 0x7f75cb88b280>,41,1,[3 9],42,79,80,37,79
1,<environment.Job instance at 0x7f75cb88beb0>,42,1,[2 9],43,80,81,37,79
1,<environment.Job instance at 0x7f75832a1fa0>,46,21,[10  4],47,96,117,49,96
1,<environment.Job instance at 0x7f75832a1320>,50,1,[8 3],51,117,118,66,110
1,<environment.Job instance at 0x7f75832a19b0>,51,2,[10  3],52,118,120,66,111
1,<environment.Job instance at 0x7f75832a1f50>,54,2,[7 5],55,124,126,69,124
1,<environment.Job instance at 0x7f75832a1870>,55,23,[7 3],56,124,147,68,124
1,<environment.Job instance at 0x7f7583384050>,57,20,[8 3],58,126,146,68,124
1,<environment.Job instance at 0x7f75833844b0>,59,22,[9 1],60,147,169,87,140
1,<environment.Job instance at 0x7f7583261960>,2,24,[7 2],3,3,27,0,3
1,<environment.Job instance at 0x7f7583261f00>,4,27,[5 1],5,5,32,0,5
1,<environment.Job instance at 0x7f7583795f00>,8,3,[13  2],9,32,35,23,16
1,<environment.Job instance at 0x7f75837a60a0>,10,1,[9 5],11,27,28,16,16
1,<environment.Job instance at 0x7f7583795d20>,5,1,[ 5 12],6,28,29,22,22
1,<environment.Job instance at 0x7f75834174b0>,20,3,[13  5],21,38,41,17,38
1,<environment.Job instance at 0x7f7583417b90>,21,3,[6 4],22,41,44,19,38
1,<environment.Job instance at 0x7f75834175f0>,24,1,[8 2],25,47,48,22,47
1,<environment.Job instance at 0x7f75837c9230>,25,3,[14  3],26,48,51,22,47
1,<environment.Job instance at 0x7f75837c9f00>,28,3,[ 2 10],29,53,56,24,53
1,<environment.Job instance at 0x7f75837c9fa0>,29,1,[8 3],30,53,54,23,53
1,<environment.Job instance at 0x7f75cbb7d500>,30,3,[8 1],31,54,57,23,53
1,<environment.Job instance at 0x7f75837c9d20>,27,18,[2 8],28,56,74,28,56
1,<environment.Job instance at 0x7f75cbb7d9b0>,34,1,[10  2],35,66,67,31,66
1,<environment.Job instance at 0x7f75c6eb11e0>,35,27,[1 5],36,66,93,30,66
1,<environment.Job instance at 0x7f75837caf00>,37,2,[ 1 10],38,74,76,36,69
1,<environment.Job instance at 0x7f75837ca410>,38,1,[4 7],39,76,77,37,69
1,<environment.Job instance at 0x7f75c6e2a550>,39,3,[13  3],40,84,87,44,84
1,<environment.Job instance at 0x7f75c6e8d730>,44,3,[5 1],45,102,105,57,102
1,<environment.Job instance at 0x7f7583390c80>,46,1,[10  1],47,102,103,55,102
1,<environment.Job instance at 0x7f75c6e31550>,51,21,[8 4],52,114,135,62,114
1,<environment.Job instance at 0x7f75839f4370>,59,1,[1 7],60,145,146,85,145
1,<environment.Job instance at 0x7f75839ec640>,61,3,[4 7],62,145,148,83,145
1,<environment.Job instance at 0x7f75839ec050>,63,2,[4 5],64,147,149,83,147
1,<environment.Job instance at 0x7f75839ec0f0>,64,20,[8 2],65,148,168,83,147
1,<environment.Job instance at 0x7f75839eceb0>,66,2,[4 7],67,156,158,89,156
1,<environment.Job instance at 0x7f75839ec730>,67,2,[ 4 10],68,158,160,90,156
1,<environment.Job instance at 0x7f75832d83c0>,0,1,[7 3],1,2,3,1,2
1,<environment.Job instance at 0x7f75832e9c80>,9,20,[3 9],10,10,30,0,10
1,<environment.Job instance at 0x7f75832e9af0>,11,23,[8 4],12,12,35,0,12
1,<environment.Job instance at 0x7f75c75a6190>,14,3,[11  3],15,35,38,20,28
1,<environment.Job instance at 0x7f75832e9d20>,16,2,[ 2 12],17,35,37,18,28
1,<environment.Job instance at 0x7f75cb7e4550>,17,2,[1 9],18,30,32,12,28
1,<environment.Job instance at 0x7f75c734dfa0>,6,3,[ 4 11],7,32,35,25,31
1,<environment.Job instance at 0x7f75836bd780>,25,27,[6 2],26,38,65,12,36
1,<environment.Job instance at 0x7f75836bda50>,24,3,[ 3 10],25,37,40,12,36
1,<environment.Job instance at 0x7f75c717e050>,28,3,[ 3 12],29,40,43,11,36
1,<environment.Job instance at 0x7f75cba7df50>,42,3,[1 9],43,98,101,55,98
1,<environment.Job instance at 0x7f75cba7d1e0>,43,1,[6 2],44,98,99,54,98
1,<environment.Job instance at 0x7f75cba7dc80>,44,2,[1 8],45,101,103,56,98
1,<environment.Job instance at 0x7f75cba7da50>,45,1,[ 4 14],46,103,104,57,98
1,<environment.Job instance at 0x7f75cba7d500>,46,3,[6 5],47,99,102,52,98
1,<environment.Job instance at 0x7f75ce38c5a0>,48,2,[2 7],49,104,106,55,98
1,<environment.Job instance at 0x7f75cba7dd20>,49,2,[5 3],50,104,106,54,98
1,<environment.Job instance at 0x7f75cba7d230>,50,1,[3 7],51,102,103,51,98
1,<environment.Job instance at 0x7f75cba7d5f0>,51,1,[4 6],52,106,107,54,98
1,<environment.Job instance at 0x7f75cba7d280>,47,3,[1 9],48,106,109,58,99
1,<environment.Job instance at 0x7f75c71a54b0>,53,2,[2 7],54,109,111,55,99
1,<environment.Job instance at 0x7f75c700f9b0>,58,1,[2 9],59,115,116,56,115
1,<environment.Job instance at 0x7f7583575f50>,59,22,[14  5],60,116,138,56,115
1,<environment.Job instance at 0x7f75c6fef780>,67,1,[10  4],68,150,151,82,150
1,<environment.Job instance at 0x7f75cb93db90>,68,22,[10  4],69,151,173,82,150
1,<environment.Job instance at 0x7f7583a47820>,0,20,[7 1],1,1,21,0,1
1,<environment.Job instance at 0x7f75c7049550>,4,1,[10  3],5,21,22,16,5
1,<environment.Job instance at 0x7f7583a475f0>,1,1,[12  2],2,22,23,20,11
1,<environment.Job instance at 0x7f7583162370>,17,1,[10  1],18,23,24,5,18
1,<environment.Job instance at 0x7f7583162b90>,19,1,[3 8],20,20,21,0,20
1,<environment.Job instance at 0x7f75831624b0>,20,23,[ 1 12],21,21,44,0,21
1,<environment.Job instance at 0x7f75831622d0>,22,28,[1 7],23,44,72,21,43
1,<environment.Job instance at 0x7f7583162230>,25,26,[ 4 10],26,72,98,46,69
1,<environment.Job instance at 0x7f7583162640>,29,22,[12  5],30,98,120,68,91
1,<environment.Job instance at 0x7f7583162910>,34,27,[3 7],35,98,125,63,96
1,<environment.Job instance at 0x7f75c7066d20>,44,3,[1 9],45,125,128,80,121
1,<environment.Job instance at 0x7f75c70667d0>,47,2,[10  4],48,134,136,86,134
1,<environment.Job instance at 0x7f75c7066d70>,48,19,[5 8],49,134,153,85,134
1,<environment.Job instance at 0x7f75c70660f0>,51,2,[8 5],52,143,145,91,143
1,<environment.Job instance at 0x7f75c7054b90>,0,20,[9 2],1,1,21,0,1
1,<environment.Job instance at 0x7f75c7584fa0>,6,26,[ 4 10],7,7,33,0,7
1,<environment.Job instance at 0x7f75c7584dc0>,11,3,[ 2 12],12,33,36,21,16
1,<environment.Job instance at 0x7f75c75b3500>,14,19,[1 7],15,36,55,21,26
1,<environment.Job instance at 0x7f75c75b3c80>,16,25,[ 3 12],17,55,80,38,51
1,<environment.Job instance at 0x7f75c75ad280>,24,25,[7 4],25,80,105,55,76
1,<environment.Job instance at 0x7f75c75ade10>,25,22,[9 2],26,105,127,79,98
1,<environment.Job instance at 0x7f758349f870>,26,28,[6 2],27,98,126,71,98
1,<environment.Job instance at 0x7f75834a3910>,31,21,[7 2],32,127,148,95,119
1,<environment.Job instance at 0x7f75c757d730>,30,1,[ 2 11],31,126,127,95,122
1,<environment.Job instance at 0x7f75834a3b90>,33,22,[10  1],34,148,170,114,141
1,<environment.Job instance at 0x7f75834c03c0>,39,3,[7 2],40,170,173,130,146
1,<environment.Job instance at 0x7f75834bc2d0>,41,1,[3 6],42,148,149,106,148
1,<environment.Job instance at 0x7f75c6fd50a0>,2,1,[ 1 10],3,4,5,1,4
1,<environment.Job instance at 0x7f75c70575f0>,5,23,[1 8],6,6,29,0,6
1,<environment.Job instance at 0x7f7583787320>,16,1,[8 5],17,27,28,10,27
1,<environment.Job instance at 0x7f75c7197320>,18,19,[3 9],19,29,48,10,27
1,<environment.Job instance at 0x7f75c6f85190>,12,3,[ 5 13],13,48,51,35,30
1,<environment.Job instance at 0x7f758316e5a0>,22,1,[10  2],23,33,34,10,33
1,<environment.Job instance at 0x7f758393ca00>,24,26,[8 5],25,51,77,26,48
1,<environment.Job instance at 0x7f758393caa0>,30,22,[6 2],31,50,72,19,50
1,<environment.Job instance at 0x7f758393c5f0>,33,24,[3 7],34,72,96,38,67
1,<environment.Job instance at 0x7f75cb9fe870>,40,3,[ 4 10],41,96,99,55,83
1,<environment.Job instance at 0x7f75cb9fe7d0>,41,3,[14  4],42,99,102,57,83
1,<environment.Job instance at 0x7f75cb9fe3c0>,43,2,[5 4],44,94,96,50,94
1,<environment.Job instance at 0x7f75cb9fe460>,44,1,[10  5],45,96,97,51,94
1,<environment.Job instance at 0x7f7583186f00>,47,2,[9 2],48,107,109,59,107
1,<environment.Job instance at 0x7f75cb647190>,52,2,[2 8],53,124,126,71,124
1,<environment.Job instance at 0x7f75cb929c80>,54,1,[8 4],55,134,135,79,134
1,<environment.Job instance at 0x7f75cb929550>,55,25,[ 4 10],56,134,159,78,134
1,<environment.Job instance at 0x7f75c7023780>,0,1,[ 2 14],1,5,6,4,5
1,<environment.Job instance at 0x7f75cb5e4e10>,16,1,[7 2],17,20,21,3,20
1,<environment.Job instance at 0x7f75cb5e47d0>,17,25,[9 5],18,21,46,3,20
1,<environment.Job instance at 0x7f75cb5e4eb0>,18,2,[ 1 13],19,46,48,27,23
1,<environment.Job instance at 0x7f75cb5e4230>,23,1,[6 3],24,24,25,0,24
1,<environment.Job instance at 0x7f75838b5460>,26,2,[6 3],27,27,29,0,27
1,<environment.Job instance at 0x7f75c6e9d1e0>,34,2,[6 5],35,72,74,37,72
1,<environment.Job instance at 0x7f75c6e9d410>,37,2,[ 1 11],38,81,83,43,81
1,<environment.Job instance at 0x7f75c6e9dd70>,38,27,[4 6],39,83,110,44,81
1,<environment.Job instance at 0x7f75c6e9d280>,45,1,[2 9],46,92,93,46,92
1,<environment.Job instance at 0x7f75833802d0>,47,1,[5 4],48,93,94,45,92
1,<environment.Job instance at 0x7f75833805a0>,49,3,[7 3],50,105,108,55,105
1,<environment.Job instance at 0x7f7583380a50>,50,2,[5 2],51,108,110,57,105
1,<environment.Job instance at 0x7f7583380c80>,54,2,[9 2],55,119,121,64,119
1,<environment.Job instance at 0x7f7583380b40>,58,1,[2 6],59,135,136,76,135
1,<environment.Job instance at 0x7f75833801e0>,60,26,[ 5 14],61,149,175,88,149
1,<environment.Job instance at 0x7f75835f6eb0>,9,1,[5 5],10,10,11,0,10
1,<environment.Job instance at 0x7f75835f69b0>,12,1,[9 5],13,13,14,0,13
1,<environment.Job instance at 0x7f75835f6460>,15,2,[ 3 10],16,16,18,0,16
1,<environment.Job instance at 0x7f75835f0a00>,20,1,[8 5],21,38,39,17,38
1,<environment.Job instance at 0x7f75835f0280>,23,26,[9 5],24,40,66,16,40
1,<environment.Job instance at 0x7f75835f09b0>,26,3,[ 2 12],27,66,69,39,54
1,<environment.Job instance at 0x7f75835f08c0>,29,25,[4 9],30,69,94,39,65
1,<environment.Job instance at 0x7f75835f0820>,30,2,[2 5],31,69,71,38,65
1,<environment.Job instance at 0x7f75835cb5a0>,33,2,[ 3 12],34,94,96,60,70
1,<environment.Job instance at 0x7f75835cbb90>,35,1,[5 5],36,71,72,35,70
1,<environment.Job instance at 0x7f5066f43820>,10,1,[7 3],11,27,28,16,27
1,<environment.Job instance at 0x7f5066f43370>,11,2,[3 9],12,27,29,15,27
1,<environment.Job instance at 0x7f5066f43910>,15,3,[10  2],16,44,47,28,44
1,<environment.Job instance at 0x7f5066f43c80>,17,3,[10  3],18,47,50,29,47
1,<environment.Job instance at 0x7f5066f43be0>,20,1,[3 7],21,72,73,51,72
1,<environment.Job instance at 0x7f5066f43dc0>,22,2,[12  3],23,74,76,51,74
1,<environment.Job instance at 0x7f5066f450a0>,26,22,[2 9],27,76,98,49,76
1,<environment.Job instance at 0x7f5066f456e0>,33,2,[5 3],34,105,107,71,105
1,<environment.Job instance at 0x7f5066f45780>,36,2,[5 1],37,108,110,71,108
1,<environment.Job instance at 0x7f5066f45b40>,40,1,[1 8],41,128,129,87,128
1,<environment.Job instance at 0x7f5066f45d20>,43,28,[6 4],44,137,165,93,137
1,<environment.Job instance at 0x7f5066f4a280>,47,1,[2 6],48,151,152,103,151
1,<environment.Job instance at 0x7f5066f4a230>,49,2,[1 9],50,163,165,113,163
1,<environment.Job instance at 0x7f5066f4a410>,50,27,[9 1],51,165,192,114,163
1,<environment.Job instance at 0x7f50233a1eb0>,5,25,[3 9],6,6,31,0,6
1,<environment.Job instance at 0x7f50233c0780>,9,23,[2 8],10,31,54,21,25
1,<environment.Job instance at 0x7f5023354640>,11,1,[5 1],12,25,26,13,25
1,<environment.Job instance at 0x7f5023430140>,16,26,[9 1],17,26,52,9,26
1,<environment.Job instance at 0x7f5023468910>,26,23,[5 8],27,54,77,27,48
1,<environment.Job instance at 0x7f502341fcd0>,31,2,[12  1],32,52,54,20,49
1,<environment.Job instance at 0x7f502341feb0>,33,27,[5 3],34,58,85,24,58
1,<environment.Job instance at 0x7f502341f910>,37,1,[1 6],38,77,78,39,74
1,<environment.Job instance at 0x7f502340dfa0>,38,22,[9 2],39,77,99,38,74
1,<environment.Job instance at 0x7f50234c21e0>,39,3,[ 4 12],40,87,90,47,87
1,<environment.Job instance at 0x7f5023427280>,48,28,[7 4],49,129,157,80,129
1,<environment.Job instance at 0x7f5023410fa0>,49,1,[9 2],50,157,158,107,129
1,<environment.Job instance at 0x7f5023410820>,51,1,[8 3],52,129,130,77,129
1,<environment.Job instance at 0x7f5023410c30>,54,28,[9 1],55,158,186,103,157
1,<environment.Job instance at 0x7f5023410b40>,57,1,[7 2],58,186,187,128,161
1,<environment.Job instance at 0x7f5023482190>,2,20,[7 3],3,3,23,0,3
1,<environment.Job instance at 0x7f502319bb90>,6,20,[6 2],7,8,28,1,8
1,<environment.Job instance at 0x7f502326a3c0>,7,2,[5 9],8,23,25,15,16
1,<environment.Job instance at 0x7f50231accd0>,19,22,[1 6],20,25,47,5,23
1,<environment.Job instance at 0x7f5023283eb0>,21,25,[10  4],22,28,53,6,24
1,<environment.Job instance at 0x7f506740e4b0>,24,22,[1 9],25,47,69,22,40
1,<environment.Job instance at 0x7f50231f1370>,33,24,[3 6],34,64,88,30,64
1,<environment.Job instance at 0x7f50231f1e60>,34,2,[4 8],35,69,71,34,65
1,<environment.Job instance at 0x7f50231f1af0>,35,20,[3 8],36,71,91,35,65
1,<environment.Job instance at 0x7f50231f1f50>,37,27,[9 5],38,88,115,50,86
1,<environment.Job instance at 0x7f50231f0c80>,43,2,[ 3 14],44,115,117,71,90
1,<environment.Job instance at 0x7f50231f0dc0>,46,21,[6 1],47,103,124,56,103
1,<environment.Job instance at 0x7f50231f0780>,49,1,[10  5],50,124,125,74,114
1,<environment.Job instance at 0x7f50231f0460>,51,2,[7 4],52,117,119,65,115
1,<environment.Job instance at 0x7f50231f0d20>,53,18,[8 1],54,127,145,73,127
1,<environment.Job instance at 0x7f502318bfa0>,54,3,[ 3 12],55,127,130,72,127
1,<environment.Job instance at 0x7f5066d89af0>,55,27,[5 5],56,130,157,74,128
1,<environment.Job instance at 0x7f5066d1cb40>,56,22,[2 8],57,130,152,73,128
1,<environment.Job instance at 0x7f5023194410>,57,20,[5 2],58,145,165,87,136
1,<environment.Job instance at 0x7f50231fa230>,63,27,[7 5],64,157,184,93,157
1,<environment.Job instance at 0x7f506709f0f0>,7,1,[11  4],8,8,9,0,8
1,<environment.Job instance at 0x7f506709f910>,8,1,[5 3],9,9,10,0,9
1,<environment.Job instance at 0x7f506709f320>,3,3,[ 5 13],4,11,14,7,11
1,<environment.Job instance at 0x7f506709f870>,13,1,[8 5],14,17,18,3,17
1,<environment.Job instance at 0x7f502369cd20>,15,24,[10  2],16,19,43,3,19
1,<environment.Job instance at 0x7f502369cf50>,18,19,[1 6],19,34,53,15,34
1,<environment.Job instance at 0x7f502369c190>,19,27,[14  1],20,43,70,23,41
1,<environment.Job instance at 0x7f502369c4b0>,22,2,[11  4],23,70,72,47,64
1,<environment.Job instance at 0x7f502369c780>,23,20,[5 7],24,72,92,48,64
1,<environment.Job instance at 0x7f502369c320>,24,1,[5 7],25,72,73,47,64
1,<environment.Job instance at 0x7f502369c500>,26,27,[4 5],27,73,100,46,71
1,<environment.Job instance at 0x7f5023881050>,32,3,[11  3],33,96,99,63,96
1,<environment.Job instance at 0x7f5023881b40>,35,1,[8 1],36,99,100,63,96
1,<environment.Job instance at 0x7f50238811e0>,37,2,[2 6],38,110,112,72,110
1,<environment.Job instance at 0x7f5023289550>,38,2,[5 5],39,110,112,71,110
1,<environment.Job instance at 0x7f5023289280>,40,3,[1 6],41,112,115,71,111
1,<environment.Job instance at 0x7f5023289280>,4,3,[ 2 12],5,14,17,9,14
1,<environment.Job instance at 0x7f5066de5320>,15,1,[8 4],16,17,18,1,16
1,<environment.Job instance at 0x7f5066de55f0>,17,27,[9 3],18,18,45,0,18
1,<environment.Job instance at 0x7f5023577870>,11,2,[ 3 14],12,45,47,33,37
1,<environment.Job instance at 0x7f5023552410>,28,24,[4 7],29,50,74,21,50
1,<environment.Job instance at 0x7f5066d3b8c0>,36,2,[3 6],37,87,89,50,87
1,<environment.Job instance at 0x7f5066d3e910>,38,2,[5 8],39,96,98,57,96
1,<environment.Job instance at 0x7f506735ab90>,39,3,[14  1],40,98,101,58,97
1,<environment.Job instance at 0x7f5066d3e640>,40,20,[4 6],41,101,121,60,97
1,<environment.Job instance at 0x7f506735a500>,41,2,[8 4],42,101,103,59,97
1,<environment.Job instance at 0x7f5067460cd0>,3,24,[ 5 11],4,4,28,0,4
1,<environment.Job instance at 0x7f50674601e0>,13,1,[10  5],14,28,29,14,25
1,<environment.Job instance at 0x7f5023488870>,21,3,[1 9],22,75,78,53,75
1,<environment.Job instance at 0x7f5023488050>,22,3,[7 1],23,75,78,52,75
1,<environment.Job instance at 0x7f5023488cd0>,23,22,[5 2],24,75,97,51,75
1,<environment.Job instance at 0x7f502322a460>,29,3,[10  5],30,103,106,73,103
1,<environment.Job instance at 0x7f502322aa00>,31,2,[1 6],32,116,118,84,116
1,<environment.Job instance at 0x7f502322a9b0>,33,2,[3 5],34,124,126,90,124
1,<environment.Job instance at 0x7f502322a5f0>,36,25,[6 3],37,152,177,115,152
1,<environment.Job instance at 0x7f502322a230>,38,2,[2 8],39,152,154,113,152
1,<environment.Job instance at 0x7f5069c1b8c0>,40,2,[5 4],41,158,160,117,158
1,<environment.Job instance at 0x7f5069c1b730>,41,2,[3 8],42,158,160,116,158
1,<environment.Job instance at 0x7f5069c1b820>,42,1,[6 3],43,160,161,117,158
1,<environment.Job instance at 0x7f5069c1bc30>,43,2,[14  3],44,177,179,133,158
1,<environment.Job instance at 0x7f5069c1b190>,44,1,[14  5],45,179,180,134,158
1,<environment.Job instance at 0x7f5069c1bb90>,45,2,[ 2 10],46,161,163,115,158
1,<environment.Job instance at 0x7f5069c1bf50>,46,2,[7 1],47,161,163,114,158
1,<environment.Job instance at 0x7f50234e9a00>,49,1,[1 8],50,164,165,114,164
1,<environment.Job instance at 0x7f50234e9910>,50,1,[8 1],51,164,165,113,164
1,<environment.Job instance at 0x7f5069585b90>,5,21,[9 3],6,6,27,0,6
1,<environment.Job instance at 0x7f502358d280>,7,25,[9 4],8,27,52,19,23
1,<environment.Job instance at 0x7f50237e5e60>,19,28,[6 1],20,28,56,8,28
1,<environment.Job instance at 0x7f502339ecd0>,23,1,[8 5],24,52,53,28,43
1,<environment.Job instance at 0x7f50699ca870>,25,3,[7 5],26,60,63,34,60
1,<environment.Job instance at 0x7f50671b8e60>,3,17,[5 9],4,72,89,68,72
1,<environment.Job instance at 0x7f5066f4faf0>,33,24,[5 3],34,85,109,51,85
1,<environment.Job instance at 0x7f5066f4f0a0>,35,1,[5 9],36,89,90,53,85
1,<environment.Job instance at 0x7f5066f4fb40>,37,2,[11  4],38,109,111,71,89
1,<environment.Job instance at 0x7f5066ffd320>,40,3,[8 3],41,98,101,57,98
1,<environment.Job instance at 0x7f5066ffd140>,41,28,[9 4],42,111,139,69,110
1,<environment.Job instance at 0x7f5069bfb5f0>,48,19,[ 3 11],49,129,148,80,129
1,<environment.Job instance at 0x7f5069bfb640>,53,3,[8 2],54,158,161,104,158
1,<environment.Job instance at 0x7f5069bfbe60>,55,3,[5 3],56,164,167,108,164
1,<environment.Job instance at 0x7f50672f2050>,56,21,[5 5],57,164,185,107,164
1,<environment.Job instance at 0x7f502358bdc0>,1,24,[14  3],2,2,26,0,2
1,<environment.Job instance at 0x7f50233f2be0>,23,3,[ 4 10],24,57,60,33,57
1,<environment.Job instance at 0x7f50233f2b90>,24,3,[10  2],25,57,60,32,57
1,<environment.Job instance at 0x7f50233f2c30>,25,27,[4 5],26,60,87,34,58
1,<environment.Job instance at 0x7f50233f2fa0>,26,1,[12  2],27,87,88,60,60
1,<environment.Job instance at 0x7f50233f2e10>,28,2,[1 9],29,60,62,31,60
1,<environment.Job instance at 0x7f50233e90a0>,31,2,[ 5 10],32,65,67,33,65
1,<environment.Job instance at 0x7f50233e92d0>,33,3,[6 2],34,70,73,36,70
1,<environment.Job instance at 0x7f50233e9190>,34,1,[7 4],35,73,74,38,70
1,<environment.Job instance at 0x7f50233e9230>,35,3,[9 2],36,74,77,38,70
1,<environment.Job instance at 0x7f50233e9410>,36,25,[7 3],37,88,113,51,84
1,<environment.Job instance at 0x7f50233e9690>,40,26,[6 4],41,88,114,47,85
1,<environment.Job instance at 0x7f50233e9c30>,47,21,[9 4],48,113,134,65,108
1,<environment.Job instance at 0x7f50233e9cd0>,48,21,[5 1],49,114,135,65,108
1,<environment.Job instance at 0x7f50233f4550>,57,3,[ 1 10],58,133,136,75,133
1,<environment.Job instance at 0x7f50233f4820>,58,2,[5 7],59,136,138,77,133
1,<environment.Job instance at 0x7f50233f46e0>,59,20,[5 9],60,138,158,78,133
1,<environment.Job instance at 0x7f50233f4c30>,63,3,[6 3],64,160,163,96,160
1,<environment.Job instance at 0x7f50233f4cd0>,64,2,[10  4],65,163,165,98,160
1,<environment.Job instance at 0x7f50233f4f00>,65,3,[1 9],66,160,163,94,160
1,<environment.Job instance at 0x7f50233f49b0>,66,2,[5 2],67,160,162,93,160
1,<environment.Job instance at 0x7f50233f4f50>,67,3,[1 6],68,163,166,95,160
1,<environment.Job instance at 0x7f50233ce320>,69,2,[6 1],70,165,167,95,162
1,<environment.Job instance at 0x7f50233ce640>,70,2,[6 1],71,165,167,94,162
1,<environment.Job instance at 0x7f50233f4a50>,62,18,[3 8],63,166,184,103,166
1,<environment.Job instance at 0x7f5066ec8690>,1,27,[8 5],2,2,29,0,2
1,<environment.Job instance at 0x7f5066ec8f00>,0,2,[14  4],1,29,31,28,5
1,<environment.Job instance at 0x7f50234ecf00>,13,26,[7 1],14,31,57,17,28
1,<environment.Job instance at 0x7f50695304b0>,16,1,[7 3],17,34,35,17,34
1,<environment.Job instance at 0x7f5069530190>,19,1,[7 1],20,49,50,29,49
1,<environment.Job instance at 0x7f5066ec2370>,25,3,[6 4],26,68,71,42,68
1,<environment.Job instance at 0x7f5066ec2230>,27,3,[1 8],28,68,71,40,68
1,<environment.Job instance at 0x7f5069533410>,28,3,[3 6],29,71,74,42,68
1,<environment.Job instance at 0x7f5069521c30>,33,2,[2 6],34,89,91,55,89
1,<environment.Job instance at 0x7f50697d8910>,34,18,[7 1],35,92,110,57,92
1,<environment.Job instance at 0x7f50234dab90>,35,1,[7 3],36,92,93,56,92
1,<environment.Job instance at 0x7f5069497960>,37,2,[3 7],38,93,95,55,92
1,<environment.Job instance at 0x7f50699184b0>,39,25,[3 6],40,103,128,63,103
1,<environment.Job instance at 0x7f50694a1550>,42,3,[2 8],43,124,127,81,124
1,<environment.Job instance at 0x7f5067451320>,4,19,[ 5 10],5,5,24,0,5
1,<environment.Job instance at 0x7f50694a1550>,7,27,[8 5],8,8,35,0,8
1,<environment.Job instance at 0x7f5066cc5050>,9,3,[ 1 12],10,35,38,25,33
1,<environment.Job instance at 0x7f502381a190>,20,20,[8 5],21,38,58,17,38
1,<environment.Job instance at 0x7f5069845550>,25,25,[4 5],26,51,76,25,51
1,<environment.Job instance at 0x7f5069845a00>,28,1,[ 4 14],29,76,77,47,59
1,<environment.Job instance at 0x7f506985ac30>,14,3,[13  1],15,77,80,62,60
1,<environment.Job instance at 0x7f50234b7550>,34,2,[3 9],35,64,66,29,64
1,<environment.Job instance at 0x7f50238db1e0>,40,2,[13  2],41,80,82,39,70
1,<environment.Job instance at 0x7f50671631e0>,44,1,[12  5],45,82,83,37,78
1,<environment.Job instance at 0x7f5067163190>,45,3,[3 9],46,82,85,36,78
1,<environment.Job instance at 0x7f5067163c80>,47,26,[ 3 10],48,87,113,39,87
1,<environment.Job instance at 0x7f5067163780>,52,1,[2 6],53,113,114,60,105
1,<environment.Job instance at 0x7f506959d6e0>,55,3,[8 1],56,105,108,49,105
1,<environment.Job instance at 0x7f5066d47410>,57,2,[5 8],58,113,115,55,106
1,<environment.Job instance at 0x7f50696b48c0>,59,2,[10  1],60,108,110,48,106
1,<environment.Job instance at 0x7f50671c2c80>,62,1,[7 4],63,114,115,51,113
1,<environment.Job instance at 0x7f50671635a0>,51,3,[12  2],52,116,119,64,116
1,<environment.Job instance at 0x7f50694d10f0>,64,3,[14  3],65,121,124,56,121
1,<environment.Job instance at 0x7f50230cd730>,68,1,[2 8],69,127,128,58,127
1,<environment.Job instance at 0x7f50230cd460>,69,2,[6 3],70,127,129,57,127
1,<environment.Job instance at 0x7f50672defa0>,71,1,[5 3],72,138,139,66,138
1,<environment.Job instance at 0x7f5069620aa0>,73,3,[7 1],74,143,146,69,143
1,<environment.Job instance at 0x7f5066f4cf50>,75,3,[ 1 10],76,151,154,75,151
1,<environment.Job instance at 0x7f50697229b0>,76,1,[11  3],77,151,152,74,151
1,<environment.Job instance at 0x7f5069722a00>,77,1,[8 4],78,152,153,74,151
1,<environment.Job instance at 0x7f506715ea50>,1,23,[1 8],2,2,25,0,2
1,<environment.Job instance at 0x7f50233478c0>,16,25,[8 1],17,19,44,2,19
1,<environment.Job instance at 0x7f502332d550>,20,2,[3 9],21,34,36,13,34
1,<environment.Job instance at 0x7f502332d820>,24,28,[7 4],25,36,64,11,35
1,<environment.Job instance at 0x7f502332d7d0>,25,20,[7 2],26,44,64,18,35
1,<environment.Job instance at 0x7f502332db40>,28,2,[7 1],29,64,66,35,52
1,<environment.Job instance at 0x7f502332ddc0>,32,3,[8 4],33,65,68,32,65
1,<environment.Job instance at 0x7f5023323050>,34,19,[1 8],35,68,87,33,68
1,<environment.Job instance at 0x7f50233235f0>,39,3,[5 3],40,88,91,48,88
1,<environment.Job instance at 0x7f5023323870>,43,20,[4 5],44,99,119,55,99
1,<environment.Job instance at 0x7f50233239b0>,45,20,[5 5],46,101,121,55,101
1,<environment.Job instance at 0x7f5023323d70>,49,2,[1 6],50,120,122,70,120
1,<environment.Job instance at 0x7f502330c140>,54,2,[5 2],55,152,154,97,152
1,<environment.Job instance at 0x7f502330c2d0>,55,3,[5 2],56,152,155,96,152
1,<environment.Job instance at 0x7f502330c370>,56,2,[14  1],57,155,157,98,152
1,<environment.Job instance at 0x7f502330c910>,61,25,[1 6],62,167,192,105,167
1,<environment.Job instance at 0x7f506701ae10>,1,21,[1 7],2,2,23,0,2
1,<environment.Job instance at 0x7f502330c820>,2,1,[ 4 11],3,23,24,20,15
1,<environment.Job instance at 0x7f5066e97a50>,14,3,[ 1 12],15,24,27,9,24
1,<environment.Job instance at 0x7f5066f0b410>,20,25,[6 2],21,29,54,8,29
1,<environment.Job instance at 0x7f5066f0beb0>,23,1,[ 4 12],24,37,38,13,37
1,<environment.Job instance at 0x7f5066f0b7d0>,24,21,[5 2],25,38,59,13,37
1,<environment.Job instance at 0x7f5066f0baf0>,22,3,[14  1],23,59,62,36,50
1,<environment.Job instance at 0x7f502381a190>,33,3,[1 8],34,55,58,21,55
1,<environment.Job instance at 0x7f5066e3fb90>,36,18,[1 8],37,70,88,33,70
1,<environment.Job instance at 0x7f5067153be0>,37,27,[4 8],38,88,115,50,86
1,<environment.Job instance at 0x7f5067153870>,38,20,[ 4 13],39,115,135,76,106
1,<environment.Job instance at 0x7f50238010a0>,42,1,[5 5],43,106,107,63,106
1,<environment.Job instance at 0x7f50671c2b90>,53,2,[2 7],54,140,142,86,140
1,<environment.Job instance at 0x7f506731ea00>,54,1,[1 7],55,140,141,85,140
1,<environment.Job instance at 0x7f506731e550>,55,3,[3 6],56,141,144,85,140
1,<environment.Job instance at 0x7f50698a4280>,58,2,[7 3],59,157,159,98,157
1,<environment.Job instance at 0x7f50698a4690>,61,3,[5 2],62,163,166,101,163
1,<environment.Job instance at 0x7f50670ceaa0>,7,20,[5 3],8,8,28,0,8
1,<environment.Job instance at 0x7f50235a3370>,14,1,[4 6],15,20,21,5,20
1,<environment.Job instance at 0x7f5066f45500>,17,3,[5 6],18,36,39,18,36
1,<environment.Job instance at 0x7f50233211e0>,23,1,[6 3],24,67,68,43,67
1,<environment.Job instance at 0x7f5023321a50>,27,3,[6 1],28,86,89,58,86
1,<environment.Job instance at 0x7f5023321280>,28,1,[1 6],29,86,87,57,86
1,<environment.Job instance at 0x7f5023321410>,30,1,[9 2],31,93,94,62,93
1,<environment.Job instance at 0x7f5023321d70>,31,2,[1 9],32,93,95,61,93
1,<environment.Job instance at 0x7f50233219b0>,32,1,[ 1 11],33,95,96,62,93
1,<environment.Job instance at 0x7f5023321870>,33,3,[9 3],34,94,97,60,94
1,<environment.Job instance at 0x7f5067449820>,3,2,[7 1],4,7,9,3,7
1,<environment.Job instance at 0x7f502381b780>,1,2,[11  4],2,12,14,10,12
1,<environment.Job instance at 0x7f5067324640>,10,2,[3 9],11,12,14,1,12
1,<environment.Job instance at 0x7f5067220550>,17,3,[1 5],18,29,32,11,29
1,<environment.Job instance at 0x7f5067449280>,2,3,[14  5],3,38,41,35,38
1,<environment.Job instance at 0x7f506721bcd0>,21,2,[ 1 10],22,43,45,21,43
1,<environment.Job instance at 0x7f506721e640>,24,1,[6 3],25,56,57,31,56
1,<environment.Job instance at 0x7f506721e0a0>,26,26,[5 7],27,68,94,41,68
1,<environment.Job instance at 0x7f506721eaf0>,27,2,[1 6],28,68,70,40,68
1,<environment.Job instance at 0x7f506721e6e0>,30,1,[7 3],31,71,72,40,71
1,<environment.Job instance at 0x7f50231fb870>,39,20,[3 9],40,114,134,74,114
1,<environment.Job instance at 0x7f50234b0690>,41,23,[8 4],42,117,140,75,117
1,<environment.Job instance at 0x7f506961b5f0>,44,3,[11  3],45,140,143,95,133
1,<environment.Job instance at 0x7f5069953be0>,46,2,[ 2 12],47,146,148,99,146
1,<environment.Job instance at 0x7f50234c18c0>,48,2,[7 4],49,148,150,99,146
1,<environment.Job instance at 0x7f5023788fa0>,49,1,[5 4],50,148,149,98,146
1,<environment.Job instance at 0x7f50234c1b90>,50,1,[3 6],51,148,149,97,146
1,<environment.Job instance at 0x7f50231d06e0>,36,3,[ 4 11],37,157,160,120,157
1,<environment.Job instance at 0x7f50235f4370>,55,27,[6 2],56,158,185,102,158
1,<environment.Job instance at 0x7f50236a87d0>,1,28,[1 5],2,2,30,0,2
1,<environment.Job instance at 0x7f506722c2d0>,9,2,[4 6],10,10,12,0,10
1,<environment.Job instance at 0x7f5069517f50>,10,27,[3 8],11,12,39,1,11
1,<environment.Job instance at 0x7f506960b9b0>,14,19,[6 5],15,30,49,15,26
1,<environment.Job instance at 0x7f502346c230>,20,20,[7 1],21,39,59,18,35
1,<environment.Job instance at 0x7f50696d09b0>,21,1,[12  2],22,59,60,37,48
1,<environment.Job instance at 0x7f502308b190>,24,1,[10  3],25,60,61,35,48
1,<environment.Job instance at 0x7f50696ebe60>,33,2,[7 2],34,62,64,28,62
1,<environment.Job instance at 0x7f506722c9b0>,3,16,[10  1],4,64,80,60,63
1,<environment.Job instance at 0x7f50696ebc80>,36,3,[5 2],37,73,76,36,73
1,<environment.Job instance at 0x7f50696eb500>,37,1,[10  1],38,80,81,42,73
1,<environment.Job instance at 0x7f50696eb870>,38,3,[2 5],39,76,79,37,73
1,<environment.Job instance at 0x7f50696eb910>,39,1,[3 8],40,76,77,36,73
1,<environment.Job instance at 0x7f50696eb6e0>,40,23,[ 1 12],41,79,102,38,73
1,<environment.Job instance at 0x7f5023349960>,42,28,[1 7],43,102,130,59,101
1,<environment.Job instance at 0x7f502351f4b0>,45,26,[ 4 10],46,130,156,84,127
1,<environment.Job instance at 0x7f502351ffa0>,49,22,[12  5],50,156,178,106,149
1,<environment.Job instance at 0x7f5023495f00>,54,27,[3 7],55,156,183,101,154
1,<environment.Job instance at 0x7f506987beb0>,1,24,[ 3 14],2,2,26,0,2
1,<environment.Job instance at 0x7f50234dedc0>,10,20,[9 2],11,26,46,15,17
1,<environment.Job instance at 0x7f50234dec30>,16,26,[ 4 10],17,26,52,9,23
1,<environment.Job instance at 0x7f5022f33e60>,21,3,[ 2 12],22,52,55,30,49
1,<environment.Job instance at 0x7f5022f33f00>,24,19,[1 7],25,55,74,30,50
1,<environment.Job instance at 0x7f5022f33a00>,26,25,[ 3 12],27,74,99,47,70
1,<environment.Job instance at 0x7f5022f33aa0>,34,25,[7 4],35,99,124,64,95
1,<environment.Job instance at 0x7f5022f33780>,35,22,[9 2],36,124,146,88,117
1,<environment.Job instance at 0x7f5022f333c0>,36,28,[6 2],37,117,145,80,117
1,<environment.Job instance at 0x7f5022ed0190>,40,1,[ 2 11],41,145,146,104,125
1,<environment.Job instance at 0x7f5022ed0f50>,41,21,[7 2],42,146,167,104,138
1,<environment.Job instance at 0x7f5022ed0320>,43,22,[10  1],44,167,189,123,160
1,<environment.Job instance at 0x7f5022ed0c80>,48,1,[8 1],49,164,165,115,164
1,<environment.Job instance at 0x7f5022ed0aa0>,2,1,[ 1 10],3,3,4,0,3
1,<environment.Job instance at 0x7f5022ed0690>,5,23,[1 8],6,6,29,0,6
1,<environment.Job instance at 0x7f5023243960>,12,3,[ 5 13],13,29,32,16,24
1,<environment.Job instance at 0x7f5023243b40>,16,1,[8 5],17,24,25,7,24
1,<environment.Job instance at 0x7f5023243d20>,20,3,[2 6],21,32,35,11,28
1,<environment.Job instance at 0x7f5023243eb0>,18,19,[3 9],19,32,51,13,28
1,<environment.Job instance at 0x7f502325a730>,24,26,[8 5],25,35,61,10,32
1,<environment.Job instance at 0x7f502341c730>,30,22,[6 2],31,51,73,20,44
1,<environment.Job instance at 0x7f5066f4d8c0>,33,24,[3 7],34,61,85,27,56
1,<environment.Job instance at 0x7f5066f56f00>,38,1,[10  4],39,73,74,34,65
1,<environment.Job instance at 0x7f5066f56b90>,40,3,[ 4 10],41,85,88,44,72
1,<environment.Job instance at 0x7f5066f35500>,41,3,[14  4],42,88,91,46,72
1,<environment.Job instance at 0x7f5066f35e60>,44,1,[10  5],45,82,83,37,82
1,<environment.Job instance at 0x7f5066f35410>,47,2,[9 2],48,98,100,50,98
1,<environment.Job instance at 0x7f5066f35190>,49,3,[10  4],50,102,105,52,102
1,<environment.Job instance at 0x7f5066f4b870>,52,2,[2 8],53,115,117,62,115
1,<environment.Job instance at 0x7f5066f4baa0>,54,1,[8 4],55,127,128,72,127
1,<environment.Job instance at 0x7f5066f4b4b0>,55,25,[ 4 10],56,127,152,71,127
1,<environment.Job instance at 0x7f502300b230>,60,1,[10  3],61,158,159,97,158
1,<environment.Job instance at 0x7f502300b730>,61,3,[5 3],62,158,161,96,158
1,<environment.Job instance at 0x7f502300b780>,62,2,[3 7],63,159,161,96,158
1,<environment.Job instance at 0x7f502300b6e0>,63,3,[5 5],64,159,162,95,159
1,<environment.Job instance at 0x7f502300bc30>,64,3,[4 6],65,161,164,96,159
1,<environment.Job instance at 0x7f502301da00>,65,2,[5 8],66,162,164,96,160
1,<environment.Job instance at 0x7f506700ed20>,6,1,[7 2],7,7,8,0,7
1,<environment.Job instance at 0x7f506700e320>,7,25,[9 5],8,8,33,0,8
1,<environment.Job instance at 0x7f5066ed12d0>,8,2,[ 1 13],9,34,36,25,34
1,<environment.Job instance at 0x7f50235c9780>,19,1,[8 4],20,36,37,16,34
1,<environment.Job instance at 0x7f5023104140>,27,2,[ 1 11],28,57,59,29,57
1,<environment.Job instance at 0x7f50231041e0>,28,27,[4 6],29,59,86,30,57
1,<environment.Job instance at 0x7f5069676a00>,35,1,[2 9],36,73,74,37,73
1,<environment.Job instance at 0x7f506df51230>,46,3,[ 2 10],47,105,108,58,105
1,<environment.Job instance at 0x7f5066ebb5f0>,48,1,[2 6],49,119,120,70,119
1,<environment.Job instance at 0x7f5066ebbfa0>,50,26,[ 5 14],51,127,153,76,127
1,<environment.Job instance at 0x7f5066ebb3c0>,53,27,[2 5],54,153,180,99,151
1,<environment.Job instance at 0x7f5066d25e60>,0,1,[8 5],1,2,3,1,2
1,<environment.Job instance at 0x7f5066d252d0>,3,26,[9 5],4,4,30,0,4
1,<environment.Job instance at 0x7f50673880a0>,9,25,[4 9],10,10,35,0,10
1,<environment.Job instance at 0x7f50673886e0>,13,2,[ 3 12],14,35,37,21,32
1,<environment.Job instance at 0x7f5067388320>,6,3,[ 2 12],7,37,40,30,35
1,<environment.Job instance at 0x7f5067388500>,23,1,[9 4],24,41,42,17,41
1,<environment.Job instance at 0x7f5067388be0>,24,19,[3 6],25,41,60,16,41
1,<environment.Job instance at 0x7f5067388c80>,22,3,[ 2 14],23,60,63,37,42
1,<environment.Job instance at 0x7f50673889b0>,26,3,[3 5],27,42,45,15,42
1,<environment.Job instance at 0x7f502378f4b0>,28,2,[ 1 10],29,63,65,34,50
1,<environment.Job instance at 0x7f502378f5a0>,33,3,[9 5],34,71,74,37,71
1,<environment.Job instance at 0x7f502378f190>,34,3,[5 4],35,71,74,36,71
1,<environment.Job instance at 0x7f502378f410>,37,2,[6 3],38,79,81,41,79
1,<environment.Job instance at 0x7f506e3533c0>,40,3,[5 6],41,85,88,44,85
1,<environment.Job instance at 0x7f5023363d70>,43,18,[8 4],44,98,116,54,98
1,<environment.Job instance at 0x7f50233631e0>,44,2,[4 6],45,98,100,53,98
1,<environment.Job instance at 0x7f5023363fa0>,45,2,[ 2 10],46,100,102,54,98
1,<environment.Job instance at 0x7f5023363e10>,52,1,[5 6],53,124,125,71,124
1,<environment.Job instance at 0x7f50233638c0>,53,1,[6 2],54,124,125,70,124
1,<environment.Job instance at 0x7f5066f44c80>,55,2,[ 2 10],56,136,138,80,136
1,<environment.Job instance at 0x7f5066f44640>,56,2,[4 5],57,136,138,79,136
1,<environment.Job instance at 0x7f5066f44500>,57,2,[10  1],58,138,140,80,136
1,<environment.Job instance at 0x7f5066f44e60>,58,2,[ 1 10],59,138,140,79,136
1,<environment.Job instance at 0x7f50696595a0>,12,1,[5 6],13,17,18,4,17
1,<environment.Job instance at 0x7f5023741640>,14,3,[9 4],15,21,24,6,21
1,<environment.Job instance at 0x7f50695fd0f0>,16,1,[ 5 14],17,24,25,7,22
1,<environment.Job instance at 0x7f50696e5050>,20,2,[10  1],21,37,39,16,37
1,<environment.Job instance at 0x7f5066db9d20>,25,3,[6 3],26,72,75,46,72
1,<environment.Job instance at 0x7f5066db91e0>,26,18,[6 5],27,73,91,46,73
1,<environment.Job instance at 0x7f5066dd7280>,29,1,[3 7],30,79,80,49,79
1,<environment.Job instance at 0x7f5066dd76e0>,31,3,[6 5],32,83,86,51,83
1,<environment.Job instance at 0x7f5066dd7870>,33,22,[7 2],34,94,116,60,94
1,<environment.Job instance at 0x7f5066ddbf00>,36,2,[5 4],37,100,102,63,100
1,<environment.Job instance at 0x7f5066dae190>,39,3,[7 1],40,115,118,75,115
1,<environment.Job instance at 0x7f5066dae5a0>,40,1,[5 8],41,116,117,75,115
1,<environment.Job instance at 0x7f5066dae3c0>,42,3,[5 7],43,125,128,82,125
1,<environment.Job instance at 0x7f5066daef50>,45,2,[8 3],46,138,140,92,138
1,<environment.Job instance at 0x7ff810538820>,10,1,[7 3],11,18,19,7,18
1,<environment.Job instance at 0x7ff8105388c0>,11,2,[3 9],12,18,20,6,18
1,<environment.Job instance at 0x7ff810538910>,15,3,[10  2],16,32,35,16,32
1,<environment.Job instance at 0x7ff810538a50>,17,3,[10  3],18,42,45,24,42
1,<environment.Job instance at 0x7ff810538c30>,20,1,[3 7],21,60,61,39,60
1,<environment.Job instance at 0x7ff810538dc0>,22,2,[12  3],23,61,63,38,61
1,<environment.Job instance at 0x7ff81053c190>,24,3,[5 9],25,68,71,43,68
1,<environment.Job instance at 0x7ff81053c370>,26,22,[2 9],27,71,93,44,68
1,<environment.Job instance at 0x7ff81053ca00>,36,2,[5 1],37,101,103,64,101
1,<environment.Job instance at 0x7ff81053cc80>,40,1,[1 8],41,124,125,83,124
1,<environment.Job instance at 0x7ff81053f050>,43,28,[6 4],44,128,156,84,128
1,<environment.Job instance at 0x7ff81053f5f0>,49,2,[1 9],50,157,159,107,157
1,<environment.Job instance at 0x7ff81053f410>,50,27,[9 1],51,157,184,106,157
1,<environment.Job instance at 0x7ff7cc9333c0>,6,26,[9 1],7,7,33,0,7
1,<environment.Job instance at 0x7ff7cc929730>,11,3,[8 2],12,33,36,21,12
1,<environment.Job instance at 0x7ff7cc936730>,16,23,[5 8],17,17,40,0,17
1,<environment.Job instance at 0x7ff7cc92b500>,21,2,[12  1],22,40,42,18,31
1,<environment.Job instance at 0x7ff7cc92bb40>,23,27,[5 3],24,42,69,18,40
1,<environment.Job instance at 0x7ff7cc92b0f0>,27,1,[1 6],28,43,44,15,43
1,<environment.Job instance at 0x7ff7cc934780>,28,22,[9 2],29,43,65,14,43
1,<environment.Job instance at 0x7ff7cc985320>,29,3,[ 4 12],30,65,68,35,54
1,<environment.Job instance at 0x7ff7cc94a370>,38,28,[7 4],39,98,126,59,98
1,<environment.Job instance at 0x7ff7cca78c30>,44,28,[9 1],45,126,154,81,125
1,<environment.Job instance at 0x7ff7cca21c30>,47,1,[7 2],48,154,155,106,127
1,<environment.Job instance at 0x7ff7cca63050>,56,3,[7 5],57,171,174,114,171
1,<environment.Job instance at 0x7ff7cca63820>,57,3,[4 9],58,171,174,113,171
1,<environment.Job instance at 0x7ff7cca15fa0>,1,25,[10  4],2,2,27,0,2
1,<environment.Job instance at 0x7ff7cc7ad9b0>,4,22,[1 9],5,5,27,0,5
1,<environment.Job instance at 0x7ff7cc7f6e60>,13,24,[3 6],14,27,51,13,22
1,<environment.Job instance at 0x7ff7cc7f6910>,14,2,[4 8],15,27,29,12,22
1,<environment.Job instance at 0x7ff7cc7f6190>,15,20,[3 8],16,29,49,13,22
1,<environment.Job instance at 0x7ff7cc7f6aa0>,17,27,[9 5],18,49,76,31,47
1,<environment.Job instance at 0x7ff81037f5f0>,23,2,[ 3 14],24,76,78,52,50
1,<environment.Job instance at 0x7ff8109e16e0>,24,2,[1 9],25,51,53,26,50
1,<environment.Job instance at 0x7ff810aa4be0>,26,21,[6 1],27,53,74,26,51
1,<environment.Job instance at 0x7ff810a8d5a0>,29,1,[10  5],30,78,79,48,66
1,<environment.Job instance at 0x7ff817abe140>,31,2,[7 4],32,79,81,47,69
1,<environment.Job instance at 0x7ff8103ce280>,34,3,[ 3 12],35,81,84,46,77
1,<environment.Job instance at 0x7ff817abb690>,35,27,[5 5],36,84,111,48,82
1,<environment.Job instance at 0x7ff817abb190>,36,22,[2 8],37,84,106,47,82
1,<environment.Job instance at 0x7ff81792a5a0>,41,3,[3 7],42,106,109,64,106
1,<environment.Job instance at 0x7ff7cc8795a0>,43,27,[7 5],44,112,139,68,112
1,<environment.Job instance at 0x7ff7cc7927d0>,50,2,[9 4],51,142,144,91,142
1,<environment.Job instance at 0x7ff7cc792e10>,54,3,[2 5],55,158,161,103,158
1,<environment.Job instance at 0x7ff810a9a370>,55,25,[3 7],56,158,183,102,158
1,<environment.Job instance at 0x7ff810a32910>,60,1,[ 4 12],61,183,184,122,174
1,<environment.Job instance at 0x7ff8102eff50>,61,1,[10  1],62,174,175,112,174
1,<environment.Job instance at 0x7ff8109dc230>,5,1,[8 1],6,7,8,1,7
1,<environment.Job instance at 0x7ff8109dc5f0>,9,1,[5 7],10,10,11,0,10
1,<environment.Job instance at 0x7ff8109dca50>,2,3,[11  3],3,15,18,12,15
1,<environment.Job instance at 0x7ff810acf6e0>,19,1,[8 3],20,23,24,3,23
1,<environment.Job instance at 0x7ff810acf820>,21,3,[1 6],22,35,38,13,35
1,<environment.Job instance at 0x7ff810acf3c0>,22,3,[4 9],23,36,39,13,36
1,<environment.Job instance at 0x7ff810834500>,26,2,[ 3 10],27,41,43,14,41
1,<environment.Job instance at 0x7ff8108342d0>,27,3,[5 1],28,41,44,13,41
1,<environment.Job instance at 0x7ff810834370>,28,2,[5 4],29,41,43,12,41
1,<environment.Job instance at 0x7ff810834d70>,30,1,[5 1],31,53,54,22,53
1,<environment.Job instance at 0x7ff810834a50>,32,2,[5 5],33,60,62,27,60
1,<environment.Job instance at 0x7ff810834780>,33,1,[7 1],34,60,61,26,60
1,<environment.Job instance at 0x7ff810834aa0>,37,3,[12  4],38,106,109,68,106
1,<environment.Job instance at 0x7ff810834be0>,39,28,[1 8],40,108,136,68,108
1,<environment.Job instance at 0x7ff7cce79f50>,0,20,[4 6],1,1,21,0,1
1,<environment.Job instance at 0x7ff810333910>,8,2,[13  3],9,21,23,12,14
1,<environment.Job instance at 0x7ff7ccc2eb90>,15,2,[6 3],16,16,18,0,16
1,<environment.Job instance at 0x7ff81034c140>,18,20,[3 8],19,23,43,4,19
1,<environment.Job instance at 0x7ff7ccc2ecd0>,20,24,[10  4],21,23,47,2,22
1,<environment.Job instance at 0x7ff81034cb40>,21,21,[4 7],22,43,64,21,35
1,<environment.Job instance at 0x7ff8103260a0>,24,1,[ 2 11],25,64,65,39,43
1,<environment.Job instance at 0x7ff810352c80>,25,2,[4 7],26,47,49,21,43
1,<environment.Job instance at 0x7ff7ccbde140>,27,1,[2 6],28,50,51,22,50
1,<environment.Job instance at 0x7ff810336be0>,29,19,[5 5],30,65,84,35,55
1,<environment.Job instance at 0x7ff8110298c0>,33,3,[8 4],34,78,81,44,78
1,<environment.Job instance at 0x7ff811031dc0>,38,18,[4 6],39,97,115,58,97
1,<environment.Job instance at 0x7ff811031f00>,39,1,[ 5 14],40,115,116,75,97
1,<environment.Job instance at 0x7ff811031a00>,40,2,[5 1],41,97,99,56,97
1,<environment.Job instance at 0x7ff810329960>,44,3,[7 4],45,117,120,72,117
1,<environment.Job instance at 0x7ff8103290a0>,45,2,[4 5],46,117,119,71,117
1,<environment.Job instance at 0x7ff8103a5230>,47,2,[7 4],48,132,134,84,132
1,<environment.Job instance at 0x7ff8103c9730>,54,2,[1 6],55,164,166,109,164
1,<environment.Job instance at 0x7ff8104d6be0>,56,1,[5 1],57,178,179,121,178
1,<environment.Job instance at 0x7ff8104cc820>,57,27,[ 2 11],58,178,205,120,178
1,<environment.Job instance at 0x7ff810352c30>,0,1,[8 1],1,1,2,0,1
1,<environment.Job instance at 0x7ff810a89b40>,3,1,[12  4],4,4,5,0,4
1,<environment.Job instance at 0x7ff810a893c0>,7,20,[1 8],8,8,28,0,8
1,<environment.Job instance at 0x7ff810a89050>,11,21,[4 9],12,28,49,16,20
1,<environment.Job instance at 0x7ff810a89f50>,15,23,[8 4],16,20,43,4,20
1,<environment.Job instance at 0x7ff810a89b90>,17,20,[5 7],18,49,69,31,40
1,<environment.Job instance at 0x7ff810a47870>,21,3,[2 6],22,43,46,21,43
1,<environment.Job instance at 0x7ff810a89960>,10,2,[ 2 12],11,69,71,58,43
1,<environment.Job instance at 0x7ff810a47410>,23,3,[8 3],24,46,49,22,43
1,<environment.Job instance at 0x7ff810a47d70>,26,1,[7 4],27,49,50,22,43
1,<environment.Job instance at 0x7ff810a47a50>,28,3,[2 7],29,50,53,21,43
1,<environment.Job instance at 0x7ff810a47af0>,31,20,[ 5 13],32,71,91,39,62
1,<environment.Job instance at 0x7ff810a47aa0>,32,1,[5 1],33,62,63,29,62
1,<environment.Job instance at 0x7ff810a47b90>,35,1,[6 4],36,66,67,30,66
1,<environment.Job instance at 0x7ff810a08e60>,39,1,[8 1],40,67,68,27,66
1,<environment.Job instance at 0x7ff810a08f50>,40,24,[7 2],41,68,92,27,66
1,<environment.Job instance at 0x7ff8102ff640>,43,3,[10  3],44,92,95,48,88
1,<environment.Job instance at 0x7ff8102ffe10>,46,19,[2 9],47,96,115,49,96
1,<environment.Job instance at 0x7ff8102ffbe0>,47,1,[7 3],48,96,97,48,96
1,<environment.Job instance at 0x7ff8102ffe60>,48,20,[ 1 10],49,115,135,66,106
1,<environment.Job instance at 0x7ff7cca1d6e0>,52,2,[5 7],53,135,137,82,108
1,<environment.Job instance at 0x7ff7cca1d0f0>,55,1,[ 2 10],56,137,138,81,120
1,<environment.Job instance at 0x7ff7cca1d4b0>,58,2,[ 1 13],59,138,140,79,135
1,<environment.Job instance at 0x7ff7cca1df50>,60,28,[ 2 14],61,151,179,90,151
1,<environment.Job instance at 0x7ff7cca1d690>,61,28,[5 1],62,151,179,89,151
1,<environment.Job instance at 0x7ff8102b47d0>,68,2,[7 4],69,179,181,110,166
1,<environment.Job instance at 0x7ff81091f460>,70,2,[10  5],71,181,183,110,166
1,<environment.Job instance at 0x7ff81091f780>,73,23,[7 4],74,183,206,109,179
1,<environment.Job instance at 0x7ff7ccdb3460>,6,1,[ 4 10],7,7,8,0,7
1,<environment.Job instance at 0x7ff810963a50>,9,2,[5 8],10,10,12,0,10
1,<environment.Job instance at 0x7ff810c4e500>,14,22,[4 9],15,15,37,0,15
1,<environment.Job instance at 0x7ff8106ea960>,15,1,[1 9],16,37,38,21,16
1,<environment.Job instance at 0x7ff81091daf0>,16,21,[5 5],17,17,38,0,17
1,<environment.Job instance at 0x7ff8104c2050>,23,2,[13  2],24,43,45,19,43
1,<environment.Job instance at 0x7ff7cc869eb0>,25,25,[1 6],26,44,69,18,44
1,<environment.Job instance at 0x7ff810804c30>,26,1,[5 5],27,45,46,18,44
1,<environment.Job instance at 0x7ff7ccb3b500>,28,3,[ 1 10],29,69,72,40,57
1,<environment.Job instance at 0x7ff810d33230>,30,27,[11  2],31,58,85,27,58
1,<environment.Job instance at 0x7ff7ccbfedc0>,32,20,[ 5 10],33,85,105,52,76
1,<environment.Job instance at 0x7ff810686eb0>,35,24,[8 3],36,85,109,49,80
1,<environment.Job instance at 0x7ff810615af0>,47,24,[5 9],48,117,141,69,117
1,<environment.Job instance at 0x7ff810615d20>,51,28,[3 6],52,120,148,68,120
1,<environment.Job instance at 0x7ff81088b500>,58,2,[4 6],59,156,158,97,156
1,<environment.Job instance at 0x7ff81088b140>,59,26,[2 6],60,156,182,96,156
1,<environment.Job instance at 0x7ff81088ba00>,60,20,[9 3],61,156,176,95,156
1,<environment.Job instance at 0x7ff8107d5a00>,67,1,[ 1 13],68,182,183,114,175
1,<environment.Job instance at 0x7ff8107d5c80>,68,26,[8 2],69,176,202,107,175
1,<environment.Job instance at 0x7ff8106bd5a0>,4,1,[13  5],5,7,8,2,7
1,<environment.Job instance at 0x7ff7cc779eb0>,10,25,[5 3],11,11,36,0,11
1,<environment.Job instance at 0x7ff7cc779f00>,12,2,[3 7],13,13,15,0,13
1,<environment.Job instance at 0x7ff7cc75f500>,17,1,[ 4 10],18,20,21,2,20
1,<environment.Job instance at 0x7ff7cc75f640>,19,28,[3 9],20,26,54,6,26
1,<environment.Job instance at 0x7ff7cc75f780>,22,23,[3 7],23,54,77,31,48
1,<environment.Job instance at 0x7ff7cc75fa00>,23,3,[8 1],24,48,51,24,48
1,<environment.Job instance at 0x7ff7cc75fe60>,26,3,[ 5 14],27,77,80,50,72
1,<environment.Job instance at 0x7ff7cc7533c0>,33,1,[5 4],34,80,81,46,77
1,<environment.Job instance at 0x7ff7cc753500>,35,1,[1 8],36,80,81,44,77
1,<environment.Job instance at 0x7ff7cc7536e0>,38,3,[ 4 10],39,97,100,58,97
1,<environment.Job instance at 0x7ff7cc753a00>,43,3,[5 3],44,119,122,75,119
1,<environment.Job instance at 0x7ff7cc753b40>,45,1,[6 1],46,122,123,76,122
1,<environment.Job instance at 0x7ff7cc753be0>,46,1,[ 5 10],47,122,123,75,122
1,<environment.Job instance at 0x7ff7cc753e60>,48,1,[1 9],49,127,128,78,127
1,<environment.Job instance at 0x7ff7cc753cd0>,49,2,[13  4],50,127,129,77,127
1,<environment.Job instance at 0x7ff7cc74f140>,50,2,[5 2],51,129,131,78,127
1,<environment.Job instance at 0x7ff7cc74f280>,52,1,[2 9],53,137,138,84,137
1,<environment.Job instance at 0x7ff7cc74f320>,53,20,[ 5 12],54,138,158,84,137
1,<environment.Job instance at 0x7ff7cc74f3c0>,54,2,[ 5 11],55,158,160,103,153
1,<environment.Job instance at 0x7ff7cc74f500>,56,1,[5 9],57,160,161,103,155
1,<environment.Job instance at 0x7ff7cc74f5a0>,57,2,[10  2],58,155,157,97,155
1,<environment.Job instance at 0x7ff7cc74f640>,58,2,[8 5],59,160,162,101,155
1,<environment.Job instance at 0x7ff7cc74f960>,61,2,[ 5 11],62,162,164,100,158
1,<environment.Job instance at 0x7ff7cc74f0f0>,62,2,[5 3],63,158,160,95,158
1,<environment.Job instance at 0x7ff7cc74fb40>,64,1,[6 1],65,168,169,103,168
1,<environment.Job instance at 0x7ff810c9f2d0>,0,20,[ 4 10],1,1,21,0,1
1,<environment.Job instance at 0x7ff81062cf50>,6,24,[4 5],7,7,31,0,7
1,<environment.Job instance at 0x7ff81062ce10>,7,24,[4 8],8,21,45,13,16
1,<environment.Job instance at 0x7ff8107c60a0>,22,23,[6 2],23,27,50,4,27
1,<environment.Job instance at 0x7ff8108ddc30>,24,3,[ 1 12],25,47,50,22,47
1,<environment.Job instance at 0x7ff7ccc63eb0>,31,1,[3 6],32,50,51,18,47
1,<environment.Job instance at 0x7ff8111d3b90>,33,1,[11  3],34,52,53,18,52
1,<environment.Job instance at 0x7ff810e254b0>,35,28,[ 4 12],36,57,85,21,57
1,<environment.Job instance at 0x7ff8110ec780>,39,1,[ 4 13],40,85,86,45,81
1,<environment.Job instance at 0x7ff8110ecb40>,40,1,[7 5],41,86,87,45,81
1,<environment.Job instance at 0x7ff7cc9940f0>,47,2,[6 5],48,119,121,71,119
1,<environment.Job instance at 0x7ff7cc9943c0>,51,1,[6 2],52,130,131,78,130
1,<environment.Job instance at 0x7ff810659280>,55,24,[5 2],56,150,174,94,150
1,<environment.Job instance at 0x7ff810659e10>,58,1,[5 6],59,156,157,97,156
1,<environment.Job instance at 0x7ff810659c30>,59,1,[3 8],60,157,158,97,156
1,<environment.Job instance at 0x7ff810659a00>,60,25,[6 2],61,157,182,96,156
1,<environment.Job instance at 0x7ff810659820>,62,2,[8 4],63,174,176,111,171
1,<environment.Job instance at 0x7ff810659b90>,64,1,[5 9],65,176,177,111,172
1,<environment.Job instance at 0x7ff810b21280>,8,3,[4 7],9,9,12,0,9
1,<environment.Job instance at 0x7ff7cc9da640>,9,3,[4 8],10,10,13,0,10
1,<environment.Job instance at 0x7ff7ccbfabe0>,17,2,[9 2],18,18,20,0,18
1,<environment.Job instance at 0x7ff7ccbfa960>,18,2,[13  1],19,20,22,1,19
1,<environment.Job instance at 0x7ff810ea7500>,21,26,[7 2],22,29,55,7,29
1,<environment.Job instance at 0x7ff8105a6dc0>,30,2,[8 1],31,63,65,32,63
1,<environment.Job instance at 0x7ff8105a6e10>,31,23,[5 9],32,63,86,31,63
1,<environment.Job instance at 0x7ff8105a6500>,36,1,[ 3 13],37,86,87,49,70
1,<environment.Job instance at 0x7ff8105a65f0>,37,22,[2 9],38,87,109,49,80
1,<environment.Job instance at 0x7ff8105a6a50>,33,3,[ 1 14],34,109,112,75,87
1,<environment.Job instance at 0x7ff810e3af50>,46,20,[8 2],47,112,132,65,103
1,<environment.Job instance at 0x7ff810e3abe0>,48,26,[2 5],49,112,138,63,109
1,<environment.Job instance at 0x7ff8102f1d70>,56,24,[2 9],57,132,156,75,128
1,<environment.Job instance at 0x7ff8102f1f00>,59,20,[ 3 11],60,156,176,96,148
1,<environment.Job instance at 0x7ff8107d51e0>,68,2,[7 4],69,173,175,104,173
1,<environment.Job instance at 0x7ff7cca0e5f0>,71,2,[6 3],72,175,177,103,174
1,<environment.Job instance at 0x7ff810615dc0>,72,2,[2 8],73,176,178,103,174
1,<environment.Job instance at 0x7ff810bbea50>,13,2,[1 7],14,14,16,0,14
1,<environment.Job instance at 0x7ff810bbefa0>,18,2,[1 7],19,30,32,11,30
1,<environment.Job instance at 0x7ff810bbeaa0>,21,1,[3 9],22,43,44,21,43
1,<environment.Job instance at 0x7ff810bd4320>,23,3,[6 1],24,60,63,36,60
1,<environment.Job instance at 0x7ff810bd4460>,25,2,[ 2 12],26,61,63,35,61
1,<environment.Job instance at 0x7ff810bd40f0>,26,1,[3 9],27,63,64,36,61
1,<environment.Job instance at 0x7ff810bd40a0>,28,21,[2 5],29,74,95,45,74
1,<environment.Job instance at 0x7ff810bd4780>,29,23,[5 7],30,74,97,44,74
1,<environment.Job instance at 0x7ff810bd4c80>,33,25,[ 1 10],34,97,122,63,93
1,<environment.Job instance at 0x7ff810bd4fa0>,38,1,[ 5 14],39,122,123,83,108
1,<environment.Job instance at 0x7ff810be0500>,43,3,[3 6],44,123,126,79,122
1,<environment.Job instance at 0x7ff810be0550>,45,2,[5 7],46,124,126,78,124
1,<environment.Job instance at 0x7ff810be05f0>,47,3,[10  5],48,134,137,86,134
1,<environment.Job instance at 0x7ff810be0730>,48,18,[7 1],49,137,155,88,134
1,<environment.Job instance at 0x7ff810bd4f00>,41,18,[9 3],42,155,173,113,148
1,<environment.Job instance at 0x7ff810be0690>,52,2,[4 5],53,148,150,95,148
1,<environment.Job instance at 0x7ff810be0b90>,55,2,[11  4],56,173,175,117,162
1,<environment.Job instance at 0x7ff810be0af0>,56,1,[6 4],57,162,163,105,162
1,<environment.Job instance at 0x7ff810be0cd0>,58,2,[6 3],59,164,166,105,164
1,<environment.Job instance at 0x7ff810be0d70>,59,21,[7 2],60,175,196,115,167
1,<environment.Job instance at 0x7ff810bd63c0>,61,3,[ 1 10],62,172,175,110,172
1,<environment.Job instance at 0x7ff81074d410>,7,2,[4 5],8,9,11,1,9
1,<environment.Job instance at 0x7ff81074d500>,10,3,[1 9],11,11,14,0,11
1,<environment.Job instance at 0x7ff81074d640>,17,1,[1 9],18,34,35,16,34
1,<environment.Job instance at 0x7ff81074dd70>,18,3,[7 1],19,34,37,15,34
1,<environment.Job instance at 0x7ff7ccbb9230>,19,2,[10  5],20,37,39,17,34
1,<environment.Job instance at 0x7ff7ccbb9be0>,20,1,[5 8],21,35,36,14,34
1,<environment.Job instance at 0x7ff7ccbb9190>,22,26,[9 3],23,39,65,16,36
1,<environment.Job instance at 0x7ff7ccbb9820>,28,1,[5 9],29,64,65,35,64
1,<environment.Job instance at 0x7ff7ccbb96e0>,29,2,[ 1 10],30,65,67,35,64
1,<environment.Job instance at 0x7ff7ccbb95a0>,31,3,[4 6],32,67,70,35,67
1,<environment.Job instance at 0x7ff7ccbb9500>,26,3,[12  4],27,70,73,43,70
1,<environment.Job instance at 0x7ff7cc77e230>,34,2,[ 4 10],35,74,76,39,74
1,<environment.Job instance at 0x7ff810868780>,37,22,[6 4],38,88,110,50,88
1,<environment.Job instance at 0x7ff810868140>,43,2,[10  3],44,110,112,66,109
1,<environment.Job instance at 0x7ff8108681e0>,45,3,[10  5],46,116,119,70,116
1,<environment.Job instance at 0x7ff810be8280>,49,2,[5 2],50,135,137,85,135
1,<environment.Job instance at 0x7ff810be8b90>,50,2,[1 6],51,135,137,84,135
1,<environment.Job instance at 0x7ff7cc75ad70>,52,2,[9 5],53,135,137,82,135
1,<environment.Job instance at 0x7ff7cc75a4b0>,55,19,[10  1],56,153,172,97,153
1,<environment.Job instance at 0x7ff817aaef50>,58,23,[1 5],59,157,180,98,157
1,<environment.Job instance at 0x7ff810e39a00>,59,2,[12  2],60,172,174,112,169
1,<environment.Job instance at 0x7ff8112289b0>,6,23,[ 1 13],7,7,30,0,7
1,<environment.Job instance at 0x7ff811228d20>,7,2,[ 2 11],8,30,32,22,27
1,<environment.Job instance at 0x7ff810ab83c0>,13,1,[5 5],14,32,33,18,27
1,<environment.Job instance at 0x7ff810ab86e0>,14,24,[7 3],15,30,54,15,27
1,<environment.Job instance at 0x7ff810ab8a00>,16,21,[5 3],17,33,54,16,27
1,<environment.Job instance at 0x7ff810ab89b0>,17,22,[1 9],18,33,55,15,27
1,<environment.Job instance at 0x7ff8108ba9b0>,25,27,[2 8],26,55,82,29,53
1,<environment.Job instance at 0x7ff8102bc280>,28,1,[9 4],29,55,56,26,55
1,<environment.Job instance at 0x7ff8102bcbe0>,29,1,[ 4 13],30,82,83,52,55
1,<environment.Job instance at 0x7ff8102bc960>,31,1,[10  1],32,56,57,24,56
1,<environment.Job instance at 0x7ff8110d6910>,32,24,[5 7],33,57,81,24,56
1,<environment.Job instance at 0x7ff8110d6730>,37,1,[ 3 10],38,83,84,45,72
1,<environment.Job instance at 0x7ff8110d6050>,39,23,[6 1],40,81,104,41,75
1,<environment.Job instance at 0x7ff8110d61e0>,40,1,[11  4],41,104,105,63,77
1,<environment.Job instance at 0x7ff8110d60f0>,41,1,[5 7],42,84,85,42,77
1,<environment.Job instance at 0x7ff8107742d0>,45,12,[5 1],46,85,97,39,83
1,<environment.Job instance at 0x7ff810774eb0>,46,23,[ 2 10],47,85,108,38,83
1,<environment.Job instance at 0x7ff810658d70>,51,2,[11  4],52,105,107,53,104
1,<environment.Job instance at 0x7ff8106581e0>,52,3,[14  5],53,108,111,55,104
1,<environment.Job instance at 0x7ff8103b79b0>,60,2,[3 9],61,136,138,75,136
1,<environment.Job instance at 0x7ff8103b7a50>,61,1,[6 4],62,136,137,74,136
1,<environment.Job instance at 0x7ff8103b7d20>,63,3,[7 5],64,140,143,76,140
1,<environment.Job instance at 0x7ff8108ba910>,24,19,[ 5 12],25,144,163,119,144
1,<environment.Job instance at 0x7ff8104f1c80>,71,2,[ 1 10],72,168,170,96,168
1,<environment.Job instance at 0x7ff8104f15f0>,74,1,[6 3],75,178,179,103,178
1,<environment.Job instance at 0x7ff8104d0820>,5,26,[14  3],6,6,32,0,6
1,<environment.Job instance at 0x7ff8104d9f00>,7,28,[6 3],8,32,60,24,31
1,<environment.Job instance at 0x7ff8104d9e60>,9,1,[2 6],10,32,33,22,31
1,<environment.Job instance at 0x7ff810d3efa0>,11,19,[3 6],12,32,51,20,31
1,<environment.Job instance at 0x7ff8104bd1e0>,16,2,[14  2],17,60,62,43,34
1,<environment.Job instance at 0x7ff8104bd5a0>,18,1,[5 2],19,34,35,15,34
1,<environment.Job instance at 0x7ff8104bd460>,17,3,[13  2],18,62,65,44,37
1,<environment.Job instance at 0x7ff8104bdb90>,21,19,[3 9],22,65,84,43,55
1,<environment.Job instance at 0x7ff81049ab40>,31,1,[1 6],32,66,67,34,66
1,<environment.Job instance at 0x7ff810608cd0>,32,25,[2 8],33,84,109,51,80
1,<environment.Job instance at 0x7ff810fd0870>,41,28,[1 5],42,101,129,59,101
1,<environment.Job instance at 0x7ff7ccdb2a50>,45,2,[1 7],46,118,120,72,118
1,<environment.Job instance at 0x7ff8102e6e60>,49,2,[4 6],50,134,136,84,134
1,<environment.Job instance at 0x7ff8102e6d20>,50,27,[3 8],51,134,161,83,134
1,<environment.Job instance at 0x7ff7cce04fa0>,54,19,[6 5],55,167,186,112,167
1,<environment.Job instance at 0x7ff810b47500>,1,26,[6 3],2,2,28,0,2
1,<environment.Job instance at 0x7ff7ccc4d050>,7,1,[ 5 12],8,8,9,0,8
1,<environment.Job instance at 0x7ff817885eb0>,8,1,[ 2 10],9,9,10,0,9
1,<environment.Job instance at 0x7ff817885550>,11,3,[11  1],12,28,31,16,12
1,<environment.Job instance at 0x7ff7ccdede10>,13,1,[10  2],14,31,32,17,14
1,<environment.Job instance at 0x7ff810f186e0>,15,27,[8 5],16,32,59,16,30
1,<environment.Job instance at 0x7ff810f83960>,16,22,[9 5],17,59,81,42,52
1,<environment.Job instance at 0x7ff7ccac4050>,18,24,[7 4],19,81,105,62,76
1,<environment.Job instance at 0x7ff810c91370>,9,3,[12  2],10,105,108,95,80
1,<environment.Job instance at 0x7ff7ccac4190>,20,1,[9 3],21,108,109,87,80
1,<environment.Job instance at 0x7ff7ccac43c0>,24,1,[5 4],25,80,81,55,80
1,<environment.Job instance at 0x7ff810b74050>,29,2,[12  1],30,109,111,79,84
1,<environment.Job instance at 0x7ff81030e8c0>,31,24,[ 3 14],32,109,133,77,104
1,<environment.Job instance at 0x7ff810ccb690>,40,20,[9 2],41,133,153,92,124
1,<environment.Job instance at 0x7ff8102b6c80>,45,3,[3 8],46,146,149,100,146
1,<environment.Job instance at 0x7ff8102b6280>,46,26,[ 4 10],47,149,175,102,146
1,<environment.Job instance at 0x7ff8103ae3c0>,2,24,[2 9],3,3,27,0,3
1,<environment.Job instance at 0x7ff7cc5a0960>,15,1,[5 5],16,17,18,1,17
1,<environment.Job instance at 0x7ff7cc5a09b0>,19,20,[5 3],20,27,47,7,27
1,<environment.Job instance at 0x7ff7cc5a0b90>,20,2,[7 1],21,27,29,6,27
1,<environment.Job instance at 0x7ff7cc5a0cd0>,22,1,[ 1 10],23,34,35,11,34
1,<environment.Job instance at 0x7ff7cc5a08c0>,23,2,[ 4 10],24,35,37,11,35
1,<environment.Job instance at 0x7ff7cc5977d0>,25,23,[1 8],26,38,61,12,38
1,<environment.Job instance at 0x7ff7cc597550>,30,1,[4 6],31,54,55,23,54
1,<environment.Job instance at 0x7ff7cc5978c0>,31,1,[2 7],32,55,56,23,54
1,<environment.Job instance at 0x7ff7cc597870>,32,3,[ 5 13],33,61,64,28,59
1,<environment.Job instance at 0x7ff7cc5979b0>,34,18,[2 6],35,71,89,36,71
1,<environment.Job instance at 0x7ff7cc5975a0>,36,1,[8 5],37,71,72,34,71
1,<environment.Job instance at 0x7ff7cc628e10>,38,19,[3 9],39,72,91,33,72
1,<environment.Job instance at 0x7ff7cc628dc0>,42,1,[10  2],43,89,90,46,84
1,<environment.Job instance at 0x7ff7cc628190>,44,26,[8 5],45,90,116,45,87
1,<environment.Job instance at 0x7ff7cc628fa0>,48,2,[1 6],49,101,103,52,101
1,<environment.Job instance at 0x7ff7cc628d20>,49,3,[9 2],50,116,119,66,101
1,<environment.Job instance at 0x7ff7cc628be0>,50,22,[6 2],51,101,123,50,101
1,<environment.Job instance at 0x7ff7cc6288c0>,53,24,[3 7],54,119,143,65,114
1,<environment.Job instance at 0x7ff8109d7780>,58,1,[10  4],59,123,124,64,123
1,<environment.Job instance at 0x7ff8109d72d0>,60,3,[ 4 10],61,143,146,82,138
1,<environment.Job instance at 0x7ff8109d7f00>,61,3,[14  4],62,146,149,84,138
1,<environment.Job instance at 0x7ff8109d7af0>,63,2,[5 4],64,139,141,75,139
1,<environment.Job instance at 0x7ff8109d7c30>,64,1,[10  5],65,141,142,76,139
1,<environment.Job instance at 0x7ff8109d7cd0>,67,2,[9 2],68,155,157,87,155
1,<environment.Job instance at 0x7ff8109b4500>,69,3,[10  4],70,157,160,87,157
1,<environment.Job instance at 0x7ff8109b4910>,70,13,[1 6],71,157,170,86,157
1,<environment.Job instance at 0x7ff8109b4a50>,72,2,[2 8],73,171,173,98,171
1,<environment.Job instance at 0x7ff7cc8bc0a0>,0,1,[ 2 14],1,2,3,1,2
1,<environment.Job instance at 0x7ff810382d20>,16,1,[7 2],17,17,18,0,17
1,<environment.Job instance at 0x7ff810382f50>,17,25,[9 5],18,18,43,0,18
1,<environment.Job instance at 0x7ff810382460>,18,2,[ 1 13],19,43,45,24,38
1,<environment.Job instance at 0x7ff7ccdf1550>,34,2,[6 5],35,69,71,34,69
1,<environment.Job instance at 0x7ff7cc77db90>,37,2,[ 1 11],38,72,74,34,72
1,<environment.Job instance at 0x7ff810f011e0>,38,27,[4 6],39,74,101,35,72
1,<environment.Job instance at 0x7ff81082a410>,45,1,[2 9],46,83,84,37,83
1,<environment.Job instance at 0x7ff7ccd89780>,54,2,[9 2],55,113,115,58,113
1,<environment.Job instance at 0x7ff810540460>,60,26,[ 5 14],61,147,173,86,147
1,<environment.Job instance at 0x7ff810550a00>,63,27,[2 5],64,173,200,109,171
1,<environment.Job instance at 0x7ff8109d7780>,0,1,[8 5],1,1,2,0,1
1,<environment.Job instance at 0x7ff8109d77d0>,3,26,[9 5],4,4,30,0,4
1,<environment.Job instance at 0x7ff81051df00>,9,25,[4 9],10,10,35,0,10
1,<environment.Job instance at 0x7ff810fdf550>,13,2,[ 3 12],14,35,37,21,29
1,<environment.Job instance at 0x7ff81051d5a0>,6,3,[ 2 12],7,37,40,30,34
1,<environment.Job instance at 0x7ff810d17f50>,22,3,[ 2 14],23,45,48,22,45
1,<environment.Job instance at 0x7ff7cccbb960>,23,1,[9 4],24,48,49,24,45
1,<environment.Job instance at 0x7ff810310f00>,24,19,[3 6],25,48,67,23,45
1,<environment.Job instance at 0x7ff810941050>,28,2,[ 1 10],29,67,69,38,56
1,<environment.Job instance at 0x7ff7cc805f00>,33,3,[9 5],34,93,96,59,93
1,<environment.Job instance at 0x7ff8109410f0>,34,3,[5 4],35,94,97,59,94
1,<environment.Job instance at 0x7ff81092c550>,37,2,[6 3],38,96,98,58,95
1,<environment.Job instance at 0x7ff81092c5a0>,40,3,[5 6],41,110,113,69,110
1,<environment.Job instance at 0x7ff81092cfa0>,44,2,[4 6],45,128,130,83,128
1,<environment.Job instance at 0x7ff810d35a00>,45,2,[ 2 10],46,130,132,84,128
1,<environment.Job instance at 0x7ff8104e7870>,52,1,[5 6],53,162,163,109,162
1,<environment.Job instance at 0x7ff810c15730>,53,1,[6 2],54,162,163,108,162
1,<environment.Job instance at 0x7ff810c15820>,55,2,[ 2 10],56,168,170,112,168
1,<environment.Job instance at 0x7ff810c15690>,56,2,[4 5],57,168,170,111,168
1,<environment.Job instance at 0x7ff810c15410>,57,2,[10  1],58,170,172,112,169
1,<environment.Job instance at 0x7ff810b7b640>,58,2,[ 1 10],59,170,172,111,169
1,<environment.Job instance at 0x7ff7cc7dc0a0>,6,1,[ 5 14],7,8,9,1,8
1,<environment.Job instance at 0x7ff7cc7dcb90>,9,2,[10  4],10,10,12,0,10
1,<environment.Job instance at 0x7ff7cc7dcbe0>,10,2,[10  1],11,12,14,1,11
1,<environment.Job instance at 0x7ff7cc5b7a50>,19,1,[3 7],20,44,45,24,44
1,<environment.Job instance at 0x7ff7cc5b7f50>,23,22,[7 2],24,61,83,37,61
1,<environment.Job instance at 0x7ff7cc5b7780>,26,2,[5 4],27,66,68,39,66
1,<environment.Job instance at 0x7ff7cc5b74b0>,30,1,[5 8],31,83,84,52,83
1,<environment.Job instance at 0x7ff8103b0b40>,35,2,[8 3],36,117,119,81,117
1,<environment.Job instance at 0x7ff8109365a0>,6,27,[4 9],7,7,34,0,7
1,<environment.Job instance at 0x7ff810f99a00>,10,1,[ 4 10],11,34,35,23,11
1,<environment.Job instance at 0x7ff7cc759c80>,14,3,[2 6],15,23,26,8,23
1,<environment.Job instance at 0x7ff7cc9e0410>,16,24,[8 3],17,29,53,12,29
1,<environment.Job instance at 0x7ff810969af0>,21,3,[ 3 11],22,67,70,45,67
1,<environment.Job instance at 0x7ff7cca3a500>,23,2,[2 9],24,70,72,46,67
1,<environment.Job instance at 0x7ff7cca3aaa0>,25,2,[1 8],26,72,74,46,68
1,<environment.Job instance at 0x7ff7cca3a140>,30,3,[4 6],31,77,80,46,77
1,<environment.Job instance at 0x7ff7cca3a640>,31,18,[3 7],32,78,96,46,78
1,<environment.Job instance at 0x7ff7cc43f140>,35,3,[8 4],36,105,108,69,105
1,<environment.Job instance at 0x7ff7cc43faa0>,36,1,[3 9],37,105,106,68,105
1,<environment.Job instance at 0x7f1003d3c910>,15,3,[10  2],16,35,38,19,35
1,<environment.Job instance at 0x7f1003d3c870>,17,3,[10  3],18,43,46,25,43
1,<environment.Job instance at 0x7f1003d3ceb0>,20,1,[3 7],21,61,62,40,61
1,<environment.Job instance at 0x7f1003d3cb90>,22,2,[12  3],23,62,64,39,62
1,<environment.Job instance at 0x7f1003d3e370>,26,22,[2 9],27,66,88,39,66
1,<environment.Job instance at 0x7f1003d3eb40>,36,2,[5 1],37,103,105,66,103
1,<environment.Job instance at 0x7f1003d3ec80>,40,1,[1 8],41,123,124,82,123
1,<environment.Job instance at 0x7f1003d3ef00>,43,28,[6 4],44,130,158,86,130
1,<environment.Job instance at 0x7f1003d42190>,46,3,[5 4],47,164,167,117,164
1,<environment.Job instance at 0x7f1003d42460>,47,1,[2 6],48,164,165,116,164
1,<environment.Job instance at 0x7f1003d421e0>,49,2,[1 9],50,175,177,125,175
1,<environment.Job instance at 0x7f1003d425a0>,50,27,[9 1],51,175,202,124,175
1,<environment.Job instance at 0x7f1003d426e0>,52,3,[ 3 11],53,184,187,131,184
1,<environment.Job instance at 0x7f1003d426e0>,6,23,[5 8],7,7,30,0,7
1,<environment.Job instance at 0x7f0fc013af00>,13,27,[5 3],14,14,41,0,14
1,<environment.Job instance at 0x7f0fc013aaf0>,11,2,[12  1],12,41,43,29,27
1,<environment.Job instance at 0x7f0fc012faa0>,17,1,[1 6],18,30,31,12,27
1,<environment.Job instance at 0x7f0fc012f370>,18,22,[9 2],19,43,65,24,36
1,<environment.Job instance at 0x7f0fc012f280>,19,3,[ 4 12],20,53,56,33,53
1,<environment.Job instance at 0x7f0fc0138cd0>,28,28,[7 4],29,68,96,39,68
1,<environment.Job instance at 0x7f0fc0149230>,29,1,[9 2],30,96,97,66,69
1,<environment.Job instance at 0x7f0fc014eb40>,32,1,[3 8],33,71,72,38,71
1,<environment.Job instance at 0x7f0fc0150190>,34,28,[9 1],35,97,125,62,96
1,<environment.Job instance at 0x7f0fc02b8f00>,37,1,[7 2],38,125,126,87,97
1,<environment.Job instance at 0x7f0fc0225d20>,46,3,[7 5],47,141,144,94,141
1,<environment.Job instance at 0x7f0fc02257d0>,47,3,[4 9],48,141,144,93,141
1,<environment.Job instance at 0x7f0fc0225870>,50,28,[7 3],51,157,185,106,157
1,<environment.Job instance at 0x7f0fc02251e0>,52,3,[3 9],53,169,172,116,169
1,<environment.Job instance at 0x7f0fc0219fa0>,55,3,[6 4],56,178,181,122,178
1,<environment.Job instance at 0x7f0fc02256e0>,48,18,[3 8],49,187,205,138,187
1,<environment.Job instance at 0x7f0fc0219dc0>,59,1,[8 3],60,187,188,127,187
1,<environment.Job instance at 0x7f0fbfffd550>,6,21,[6 1],7,7,28,0,7
1,<environment.Job instance at 0x7f0fbff95690>,9,1,[10  5],10,28,29,18,10
1,<environment.Job instance at 0x7f0fc0219a00>,3,2,[ 3 14],4,22,24,18,22
1,<environment.Job instance at 0x7f0fbff97500>,15,27,[5 5],16,24,51,8,22
1,<environment.Job instance at 0x7f10041f5960>,16,22,[2 8],17,29,51,12,22
1,<environment.Job instance at 0x7f100b2bf280>,14,3,[ 3 12],15,51,54,36,50
1,<environment.Job instance at 0x7f1003ab2230>,23,27,[7 5],24,54,81,30,52
1,<environment.Job instance at 0x7f100420d820>,30,2,[9 4],31,81,83,50,68
1,<environment.Job instance at 0x7f1003ec76e0>,34,3,[2 5],35,92,95,57,92
1,<environment.Job instance at 0x7f0fc0002140>,35,25,[3 7],36,92,117,56,92
1,<environment.Job instance at 0x7f0fc0002410>,39,3,[9 3],40,105,108,65,105
1,<environment.Job instance at 0x7f0fc0002eb0>,40,1,[ 4 12],41,117,118,76,105
1,<environment.Job instance at 0x7f0fc0002b40>,41,1,[10  1],42,108,109,66,105
1,<environment.Job instance at 0x7f0fc0002910>,43,1,[5 2],44,112,113,68,112
1,<environment.Job instance at 0x7f100b2c0a50>,48,21,[9 5],49,144,165,95,144
1,<environment.Job instance at 0x7f100b2c0dc0>,49,3,[12  1],50,165,168,115,155
1,<environment.Job instance at 0x7f100b2c5d20>,51,1,[5 5],52,155,156,103,155
1,<environment.Job instance at 0x7f0fc0003d20>,53,2,[ 4 10],54,156,158,102,156
1,<environment.Job instance at 0x7f1003b3f8c0>,58,3,[ 2 10],59,179,182,120,179
1,<environment.Job instance at 0x7f1003b3fd20>,60,3,[9 1],61,182,185,121,182
1,<environment.Job instance at 0x7f1003b3f730>,61,2,[5 6],62,182,184,120,182
1,<environment.Job instance at 0x7f1003b3f370>,62,2,[3 5],63,184,186,121,182
1,<environment.Job instance at 0x7f1003f48f50>,0,1,[5 1],1,2,3,1,2
1,<environment.Job instance at 0x7f1003f486e0>,2,2,[5 5],3,3,5,0,3
1,<environment.Job instance at 0x7f100418c690>,3,1,[7 1],4,4,5,0,4
1,<environment.Job instance at 0x7f100418cb90>,7,3,[12  4],8,14,17,6,14
1,<environment.Job instance at 0x7f100409b5a0>,9,28,[1 8],10,14,42,4,14
1,<environment.Job instance at 0x7f100409b320>,14,1,[7 3],15,18,19,3,18
1,<environment.Job instance at 0x7f0fc06164b0>,23,3,[1 8],24,64,67,40,64
1,<environment.Job instance at 0x7f0fc06169b0>,24,3,[5 2],25,64,67,39,64
1,<environment.Job instance at 0x7f0fc0616d70>,25,24,[8 3],26,64,88,38,64
1,<environment.Job instance at 0x7f0fc0616e60>,32,2,[7 4],33,81,83,48,81
1,<environment.Job instance at 0x7f1003eac2d0>,39,2,[ 4 10],40,115,117,75,115
1,<environment.Job instance at 0x7f1003eac460>,40,1,[9 5],41,115,116,74,115
1,<environment.Job instance at 0x7f1003eac960>,44,24,[4 5],45,147,171,102,147
1,<environment.Job instance at 0x7f1003eacf00>,49,3,[5 9],50,164,167,114,164
1,<environment.Job instance at 0x7f1006477500>,55,2,[2 9],56,189,191,133,189
1,<environment.Job instance at 0x7f0fc0442cd0>,5,2,[4 5],6,7,9,1,7
1,<environment.Job instance at 0x7f0fc0434af0>,7,2,[7 4],8,8,10,0,8
1,<environment.Job instance at 0x7f100417d690>,14,2,[1 6],15,21,23,6,21
1,<environment.Job instance at 0x7f100417d050>,16,1,[5 1],17,35,36,18,35
1,<environment.Job instance at 0x7f100417dfa0>,17,27,[ 2 11],18,35,62,17,35
1,<environment.Job instance at 0x7f100418a050>,20,2,[3 9],21,62,64,41,51
1,<environment.Job instance at 0x7f100418ac80>,22,1,[12  5],23,62,63,39,52
1,<environment.Job instance at 0x7f100417af50>,27,3,[7 5],28,67,70,39,67
1,<environment.Job instance at 0x7f100418a3c0>,19,3,[11  2],20,70,73,50,68
1,<environment.Job instance at 0x7f100417a6e0>,29,1,[8 2],30,68,69,38,68
1,<environment.Job instance at 0x7f1004179730>,34,3,[ 3 10],35,82,85,47,82
1,<environment.Job instance at 0x7f100681a550>,35,1,[7 3],36,82,83,46,82
1,<environment.Job instance at 0x7f1006803460>,37,2,[7 2],38,83,85,45,83
1,<environment.Job instance at 0x7f0fc0345c80>,39,1,[5 7],40,94,95,54,94
1,<environment.Job instance at 0x7f1006803320>,41,3,[3 9],42,95,98,53,94
1,<environment.Job instance at 0x7f100681d410>,47,2,[ 3 10],48,140,142,92,140
1,<environment.Job instance at 0x7f1003cb4640>,50,19,[4 5],51,144,163,93,144
1,<environment.Job instance at 0x7f0fc03c6b40>,51,3,[1 9],52,144,147,92,144
1,<environment.Job instance at 0x7f100683d280>,55,1,[5 8],56,170,171,114,170
1,<environment.Job instance at 0x7f100683d780>,57,2,[9 3],58,170,172,112,170
1,<environment.Job instance at 0x7f1003bbc910>,59,1,[5 4],60,173,174,113,173
1,<environment.Job instance at 0x7f1003bd1a00>,60,23,[9 4],61,173,196,112,173
1,<environment.Job instance at 0x7f1003b2bf50>,61,21,[8 2],62,196,217,134,188
1,<environment.Job instance at 0x7f0fc00db500>,62,21,[5 7],63,188,209,125,188
1,<environment.Job instance at 0x7f1003b48410>,5,1,[ 2 10],6,6,7,0,6
1,<environment.Job instance at 0x7f1003aadbe0>,8,2,[ 1 13],9,10,12,1,10
1,<environment.Job instance at 0x7f1003aad4b0>,10,28,[ 2 14],11,12,40,1,11
1,<environment.Job instance at 0x7f1003aad640>,11,28,[5 1],12,12,40,0,12
1,<environment.Job instance at 0x7f0fc02785f0>,23,23,[7 4],24,40,63,16,34
1,<environment.Job instance at 0x7f10069c5280>,30,2,[5 5],31,63,65,32,63
1,<environment.Job instance at 0x7f10069c5780>,33,3,[13  5],34,75,78,41,75
1,<environment.Job instance at 0x7f10069c55a0>,34,3,[4 5],35,78,81,43,75
1,<environment.Job instance at 0x7f10069c5230>,35,18,[7 5],36,82,100,46,82
1,<environment.Job instance at 0x7f10069c50f0>,36,27,[5 2],37,82,109,45,82
1,<environment.Job instance at 0x7f10069c5f50>,40,22,[2 5],41,94,116,53,94
1,<environment.Job instance at 0x7f1003f897d0>,46,1,[2 6],47,109,110,62,109
1,<environment.Job instance at 0x7f10069c54b0>,39,18,[ 2 10],40,120,138,80,120
1,<environment.Job instance at 0x7f1003f89dc0>,54,28,[4 5],55,128,156,73,128
1,<environment.Job instance at 0x7f1003f892d0>,57,2,[ 5 13],58,156,158,98,145
1,<environment.Job instance at 0x7f0fc031ab40>,59,1,[4 5],60,145,146,85,145
1,<environment.Job instance at 0x7f0fc031a960>,61,25,[10  1],62,156,181,94,156
1,<environment.Job instance at 0x7f0fc031adc0>,63,2,[5 1],64,161,163,97,161
1,<environment.Job instance at 0x7f0fc031a500>,66,3,[5 1],67,172,175,105,172
1,<environment.Job instance at 0x7f0fc031a870>,67,1,[2 6],68,175,176,107,172
1,<environment.Job instance at 0x7f1003fe1fa0>,0,20,[9 3],1,1,21,0,1
1,<environment.Job instance at 0x7f1003fe12d0>,8,26,[8 2],9,21,47,12,18
1,<environment.Job instance at 0x7f10067e7cd0>,7,1,[ 1 13],8,24,25,16,24
1,<environment.Job instance at 0x7f10040432d0>,15,25,[ 3 14],16,47,72,31,43
1,<environment.Job instance at 0x7f10040b91e0>,21,3,[ 4 13],22,72,75,50,61
1,<environment.Job instance at 0x7f1003ffadc0>,24,27,[13  3],25,75,102,50,73
1,<environment.Job instance at 0x7f0fc0613b90>,35,19,[1 5],36,96,115,60,96
1,<environment.Job instance at 0x7f0fc0613dc0>,37,1,[10  2],38,102,103,64,101
1,<environment.Job instance at 0x7f0fc033ac80>,39,1,[9 4],40,113,114,73,113
1,<environment.Job instance at 0x7f0fc033acd0>,43,3,[3 9],44,134,137,90,134
1,<environment.Job instance at 0x7f0fc033a190>,44,27,[6 1],45,134,161,89,134
1,<environment.Job instance at 0x7f0fc01f7870>,48,3,[3 8],49,147,150,98,147
1,<environment.Job instance at 0x7f0fc0390be0>,51,24,[14  3],52,164,188,112,164
1,<environment.Job instance at 0x7f1006310a50>,53,24,[10  2],54,188,212,134,183
1,<environment.Job instance at 0x7f1003f77140>,0,2,[8 2],1,2,4,1,2
1,<environment.Job instance at 0x7f0fbff293c0>,11,1,[6 3],12,12,13,0,12
1,<environment.Job instance at 0x7f0fbff29690>,14,1,[4 8],15,16,17,1,16
1,<environment.Job instance at 0x7f0fbff29820>,16,27,[2 9],17,17,44,0,17
1,<environment.Job instance at 0x7f0fbff29f00>,22,22,[8 1],23,31,53,8,31
1,<environment.Job instance at 0x7f0fbff15140>,25,3,[ 1 13],26,46,49,20,46
1,<environment.Job instance at 0x7f0fbff15370>,26,2,[14  2],27,53,55,26,46
1,<environment.Job instance at 0x7f0fbff15550>,29,2,[10  2],30,61,63,31,61
1,<environment.Job instance at 0x7f0fbff155f0>,30,2,[14  4],31,63,65,32,61
1,<environment.Job instance at 0x7f0fbff15780>,31,27,[8 5],32,65,92,33,63
1,<environment.Job instance at 0x7f0fbff15910>,32,2,[10  3],33,92,94,59,65
1,<environment.Job instance at 0x7f0fbff15690>,33,1,[1 7],34,65,66,31,65
1,<environment.Job instance at 0x7f0fbff15b90>,36,3,[8 2],37,94,97,57,85
1,<environment.Job instance at 0x7f0fbff15c30>,37,18,[1 9],38,96,114,58,96
1,<environment.Job instance at 0x7f0fc0531aa0>,4,1,[2 9],5,5,6,0,5
1,<environment.Job instance at 0x7f0fc0447050>,0,2,[10  4],1,6,8,5,6
1,<environment.Job instance at 0x7f0fc0531e60>,7,2,[10  2],8,8,10,0,8
1,<environment.Job instance at 0x7f0fc02e46e0>,13,3,[6 5],14,27,30,13,27
1,<environment.Job instance at 0x7f0fc0473cd0>,14,19,[ 5 10],15,27,46,12,27
1,<environment.Job instance at 0x7f0fc0473a00>,17,27,[8 5],18,36,63,18,36
1,<environment.Job instance at 0x7f0fc019d280>,19,3,[ 1 12],20,63,66,43,45
1,<environment.Job instance at 0x7f0fc019d7d0>,21,1,[2 7],22,46,47,24,45
1,<environment.Job instance at 0x7f0fc0425190>,24,3,[13  1],25,63,66,38,57
1,<environment.Job instance at 0x7f100402baf0>,28,3,[1 7],29,73,76,44,73
1,<environment.Job instance at 0x7f1003bb15f0>,30,20,[8 5],31,73,93,42,73
1,<environment.Job instance at 0x7f0fc01c9410>,35,25,[4 5],36,92,117,56,92
1,<environment.Job instance at 0x7f10069cca50>,36,2,[ 1 10],37,93,95,56,92
1,<environment.Job instance at 0x7f1003d0feb0>,38,1,[ 4 14],39,117,118,78,93
1,<environment.Job instance at 0x7f0fc0596c80>,39,1,[5 6],40,95,96,55,93
1,<environment.Job instance at 0x7f0fc0233140>,42,3,[5 8],43,99,102,56,99
1,<environment.Job instance at 0x7f10068ce0a0>,44,2,[3 9],45,102,104,57,99
1,<environment.Job instance at 0x7f1006803280>,45,1,[1 7],46,104,105,58,99
1,<environment.Job instance at 0x7f0fbffdc0f0>,47,1,[4 7],48,105,106,57,99
1,<environment.Job instance at 0x7f0fbffdc2d0>,50,2,[13  2],51,118,120,67,106
1,<environment.Job instance at 0x7f0fbffdca00>,54,1,[12  5],55,120,121,65,119
1,<environment.Job instance at 0x7f0fbffdc8c0>,55,3,[3 9],56,120,123,64,119
1,<environment.Job instance at 0x7f1006660eb0>,57,26,[ 3 10],58,132,158,74,132
1,<environment.Job instance at 0x7f0fc00e9c80>,60,2,[5 4],61,144,146,83,144
1,<environment.Job instance at 0x7f0fc00e99b0>,61,3,[12  2],62,146,149,84,144
1,<environment.Job instance at 0x7f0fc00e91e0>,62,1,[2 6],63,158,159,95,144
1,<environment.Job instance at 0x7f0fc00e9050>,64,1,[7 3],65,149,150,84,144
1,<environment.Job instance at 0x7f0fc00e9dc0>,66,2,[5 9],67,158,160,91,144
1,<environment.Job instance at 0x7f0fc00e90f0>,72,1,[7 4],73,156,157,83,156
1,<environment.Job instance at 0x7f1003bacc80>,74,3,[14  3],75,161,164,86,161
1,<environment.Job instance at 0x7f1003bac0f0>,77,3,[6 5],78,176,179,98,176
1,<environment.Job instance at 0x7f1003bac780>,78,1,[2 8],79,176,177,97,176
1,<environment.Job instance at 0x7f1003bac960>,79,2,[6 3],80,177,179,97,176
1,<environment.Job instance at 0x7f10041cd2d0>,6,25,[8 1],7,7,32,0,7
1,<environment.Job instance at 0x7f10067089b0>,14,28,[7 4],15,15,43,0,15
1,<environment.Job instance at 0x7f1006708780>,15,20,[7 2],16,32,52,16,23
1,<environment.Job instance at 0x7f10067080f0>,24,19,[1 8],25,40,59,15,40
1,<environment.Job instance at 0x7f10062c2320>,31,3,[10  1],32,59,62,27,59
1,<environment.Job instance at 0x7f100b04ed20>,33,20,[4 5],34,59,79,25,59
1,<environment.Job instance at 0x7f1003b95410>,35,20,[5 5],36,62,82,26,59
1,<environment.Job instance at 0x7f1003c7bc30>,44,2,[5 2],45,102,104,57,102
1,<environment.Job instance at 0x7f1003c7baa0>,45,3,[5 2],46,102,105,56,102
1,<environment.Job instance at 0x7f1003c7b550>,46,2,[14  1],47,105,107,58,102
1,<environment.Job instance at 0x7f1003c7b730>,47,2,[5 5],48,102,104,54,102
1,<environment.Job instance at 0x7f1003dd6fa0>,50,3,[7 3],51,118,121,67,118
1,<environment.Job instance at 0x7f1003c7b190>,51,25,[1 6],52,118,143,66,118
1,<environment.Job instance at 0x7f0fc052cf00>,53,26,[10  4],54,125,151,71,125
1,<environment.Job instance at 0x7f0fc052cd70>,55,24,[4 7],56,143,167,87,138
1,<environment.Job instance at 0x7f0fc04d07d0>,62,1,[3 6],63,169,170,106,169
1,<environment.Job instance at 0x7f0fc04d0f50>,63,2,[5 5],64,169,171,105,169
1,<environment.Job instance at 0x7f10040522d0>,65,3,[2 8],66,185,188,119,185
1,<environment.Job instance at 0x7f1004052370>,67,28,[7 2],68,186,214,118,186
1,<environment.Job instance at 0x7f1003f8d320>,69,27,[ 3 10],70,188,215,118,187
1,<environment.Job instance at 0x7f1003f8da00>,71,1,[7 2],72,214,215,142,189
1,<environment.Job instance at 0x7f0fc00d5c30>,3,3,[1 8],4,4,7,0,4
1,<environment.Job instance at 0x7f0fc00d55a0>,7,27,[4 8],8,8,35,0,8
1,<environment.Job instance at 0x7f1006466410>,12,1,[5 5],13,21,22,8,21
1,<environment.Job instance at 0x7f1006466190>,8,20,[ 4 13],9,35,55,26,26
1,<environment.Job instance at 0x7f1006466b40>,24,1,[1 7],25,55,56,30,51
1,<environment.Job instance at 0x7f0fbff9d5a0>,28,2,[7 3],29,63,65,34,63
1,<environment.Job instance at 0x7f0fbff9da00>,35,1,[3 8],36,85,86,49,85
1,<environment.Job instance at 0x7f0fbff9dc30>,37,2,[7 1],38,88,90,50,88
1,<environment.Job instance at 0x7f0fbff9db90>,38,2,[5 5],39,88,90,49,88
1,<environment.Job instance at 0x7f0fbff9deb0>,42,2,[6 4],43,104,106,61,104
1,<environment.Job instance at 0x7f0fbff9da50>,43,1,[5 3],44,104,105,60,104
1,<environment.Job instance at 0x7f0fbff911e0>,45,1,[5 1],46,117,118,71,117
1,<environment.Job instance at 0x7f0fbff91370>,47,13,[6 1],48,120,133,72,120
1,<environment.Job instance at 0x7f0fbff91410>,48,3,[6 1],49,120,123,71,120
1,<environment.Job instance at 0x7f0fbff91550>,50,1,[9 3],51,123,124,72,123
1,<environment.Job instance at 0x7f0fbff91870>,51,1,[2 5],52,124,125,72,123
1,<environment.Job instance at 0x7f0fbff91b40>,54,2,[7 3],55,130,132,75,130
1,<environment.Job instance at 0x7f0fbff91c30>,57,1,[8 1],58,149,150,91,149
1,<environment.Job instance at 0x7f0fbff91e10>,59,3,[9 5],60,155,158,95,155
1,<environment.Job instance at 0x7f0fbff91fa0>,60,2,[8 4],61,158,160,97,155
1,<environment.Job instance at 0x7f0fbff91f50>,61,1,[3 9],62,155,156,93,155
1,<environment.Job instance at 0x7f0fbff91a00>,62,1,[2 9],63,156,157,93,155
1,<environment.Job instance at 0x7f0fbffa72d0>,63,18,[6 1],64,157,175,93,155
1,<environment.Job instance at 0x7f0fbffa71e0>,66,21,[10  4],67,175,196,108,171
1,<environment.Job instance at 0x7f0fbffa7690>,69,2,[9 5],70,196,198,126,185
1,<environment.Job instance at 0x7f0fbffa7230>,70,1,[8 3],71,198,199,127,185
1,<environment.Job instance at 0x7f0fbffa78c0>,71,2,[10  3],72,199,201,127,185
1,<environment.Job instance at 0x7f0fbffa79b0>,72,3,[ 4 10],73,185,188,112,185
1,<environment.Job instance at 0x7f0fbffa7820>,74,2,[7 5],75,201,203,126,185
1,<environment.Job instance at 0x7f0fbfecb2d0>,0,1,[9 5],1,2,3,1,2
1,<environment.Job instance at 0x7f0fbffa7b40>,2,2,[7 3],3,3,5,0,3
1,<environment.Job instance at 0x7f0fbfecb910>,8,3,[7 1],9,9,12,0,9
1,<environment.Job instance at 0x7f100b052370>,10,3,[13  5],11,12,15,1,12
1,<environment.Job instance at 0x7f100b044af0>,14,1,[8 2],15,19,20,4,19
1,<environment.Job instance at 0x7f100b044e60>,15,3,[14  3],16,20,23,4,19
1,<environment.Job instance at 0x7f1006331fa0>,18,3,[ 2 10],19,26,29,7,26
1,<environment.Job instance at 0x7f10040e0320>,19,1,[8 3],20,26,27,6,26
1,<environment.Job instance at 0x7f10040e0460>,24,1,[10  2],25,44,45,19,44
1,<environment.Job instance at 0x7f10040e09b0>,25,27,[1 5],26,44,71,18,44
1,<environment.Job instance at 0x7f0fc04cc230>,28,1,[4 7],29,47,48,18,47
1,<environment.Job instance at 0x7f0fc04cc5f0>,29,3,[13  3],30,68,71,38,68
1,<environment.Job instance at 0x7f0fc0618c30>,31,18,[7 3],32,72,90,40,72
1,<environment.Job instance at 0x7f0fc0618820>,34,3,[5 1],35,74,77,39,74
1,<environment.Job instance at 0x7f0fc06186e0>,36,1,[10  1],37,90,91,53,78
1,<environment.Job instance at 0x7f0fc06181e0>,41,21,[8 4],42,91,112,49,91
1,<environment.Job instance at 0x7f0fc06185f0>,43,3,[6 5],44,102,105,58,102
1,<environment.Job instance at 0x7f10040d7320>,49,1,[1 7],50,120,121,70,120
1,<environment.Job instance at 0x7f1006a6d690>,51,3,[4 7],52,121,124,69,121
1,<environment.Job instance at 0x7f1006a6d0a0>,52,3,[10  5],53,121,124,68,121
1,<environment.Job instance at 0x7f1006a6d0f0>,53,2,[4 5],54,124,126,70,121
1,<environment.Job instance at 0x7f1006a6d5f0>,54,20,[8 2],55,124,144,69,121
1,<environment.Job instance at 0x7f1006a6d7d0>,56,2,[4 7],57,134,136,77,134
1,<environment.Job instance at 0x7f1006a6d460>,57,2,[ 4 10],58,136,138,78,134
1,<environment.Job instance at 0x7f1006a6daa0>,58,3,[8 2],59,144,147,85,135
1,<environment.Job instance at 0x7f1006a6d5a0>,60,21,[10  5],61,147,168,86,139
1,<environment.Job instance at 0x7f0fc02a48c0>,61,2,[5 3],62,139,141,77,139
1,<environment.Job instance at 0x7f0fc02a4a50>,62,2,[5 5],63,141,143,78,139
1,<environment.Job instance at 0x7f0fc02a4aa0>,63,19,[7 1],64,168,187,104,158
1,<environment.Job instance at 0x7f0fc02a45f0>,65,1,[ 3 11],66,168,169,102,158
1,<environment.Job instance at 0x7f1003fcdf50>,67,2,[4 6],68,158,160,90,158
1,<environment.Job instance at 0x7f1003fcd500>,68,2,[ 5 10],69,160,162,91,158
1,<environment.Job instance at 0x7f100685efa0>,76,23,[ 1 13],77,169,192,92,163
1,<environment.Job instance at 0x7f100685e550>,77,2,[ 2 11],78,192,194,114,186
1,<environment.Job instance at 0x7f1003d421e0>,83,1,[5 5],84,194,195,110,186
1,<environment.Job instance at 0x7f1003d42b40>,84,24,[7 3],85,192,216,107,187
1,<environment.Job instance at 0x7f1003d42190>,86,21,[5 3],87,195,216,108,187
1,<environment.Job instance at 0x7f1003d42500>,87,22,[1 9],88,195,217,107,189
1,<environment.Job instance at 0x7f10040626e0>,5,1,[ 4 14],6,8,9,2,8
1,<environment.Job instance at 0x7f0fc01f06e0>,17,1,[10  4],18,18,19,0,18
1,<environment.Job instance at 0x7f1003ce82d0>,19,22,[14  5],20,20,42,0,20
1,<environment.Job instance at 0x7f10063e4f50>,27,1,[10  4],28,42,43,14,32
1,<environment.Job instance at 0x7f10063e46e0>,28,22,[10  4],29,43,65,14,36
1,<environment.Job instance at 0x7f10063e4780>,31,21,[5 8],32,46,67,14,46
1,<environment.Job instance at 0x7f10067d9d20>,37,25,[6 5],38,65,90,27,61
1,<environment.Job instance at 0x7f0fc014efa0>,42,2,[5 3],43,67,69,24,65
1,<environment.Job instance at 0x7f0fc014e3c0>,45,1,[1 9],46,80,81,34,80
1,<environment.Job instance at 0x7f0fc014eaf0>,46,2,[1 9],47,81,83,34,80
1,<environment.Job instance at 0x7f0fc014e230>,48,25,[5 7],49,83,108,34,83
1,<environment.Job instance at 0x7f0fc014e820>,50,3,[5 1],51,99,102,48,99
1,<environment.Job instance at 0x7f0fc014eaa0>,52,3,[6 1],53,102,105,49,100
1,<environment.Job instance at 0x7f0fc014ea50>,53,2,[1 5],54,100,102,46,100
1,<environment.Job instance at 0x7f0fc04ccbe0>,54,3,[7 2],55,105,108,50,100
1,<environment.Job instance at 0x7f0fc04cc370>,56,1,[7 2],57,108,109,51,101
1,<environment.Job instance at 0x7f0fc04cc0f0>,58,3,[12  5],59,109,112,50,108
1,<environment.Job instance at 0x7f0fc04ccaa0>,59,1,[8 4],60,108,109,48,108
1,<environment.Job instance at 0x7f0fc04ccf00>,62,18,[5 8],63,116,134,53,116
1,<environment.Job instance at 0x7f0fc0357870>,64,3,[9 3],65,128,131,63,128
1,<environment.Job instance at 0x7f0fc0357410>,65,26,[14  3],66,134,160,68,131
1,<environment.Job instance at 0x7f1006547e60>,67,28,[6 3],68,160,188,92,159
1,<environment.Job instance at 0x7f10065473c0>,68,2,[10  3],69,188,190,119,161
1,<environment.Job instance at 0x7f10065472d0>,69,1,[2 6],70,161,162,91,161
1,<environment.Job instance at 0x7f1006547140>,71,19,[3 6],72,161,180,89,161
1,<environment.Job instance at 0x7f10065474b0>,76,2,[14  2],77,190,192,113,169
1,<environment.Job instance at 0x7f1006547fa0>,77,3,[13  2],78,192,195,114,171
1,<environment.Job instance at 0x7f1003d0f320>,80,1,[3 6],81,171,172,90,171
1,<environment.Job instance at 0x7f1003d0fb90>,81,19,[3 9],82,195,214,113,185
1,<environment.Job instance at 0x7f10062a8be0>,84,2,[9 3],85,185,187,100,185
1,<environment.Job instance at 0x7f0fc0399870>,0,19,[3 8],1,2,21,1,2
1,<environment.Job instance at 0x7f10062a8be0>,3,28,[10  5],4,4,32,0,4
1,<environment.Job instance at 0x7f10062a8500>,2,22,[13  5],3,32,54,29,25
1,<environment.Job instance at 0x7f10040b8c80>,7,27,[3 7],8,54,81,46,52
1,<environment.Job instance at 0x7f0fbfe72fa0>,1,1,[ 5 10],2,81,82,79,53
1,<environment.Job instance at 0x7f10040b88c0>,9,1,[1 5],10,53,54,43,53
1,<environment.Job instance at 0x7f1003da5f00>,11,2,[3 9],12,82,84,70,55
1,<environment.Job instance at 0x7f1003da5be0>,13,3,[8 3],14,55,58,41,55
1,<environment.Job instance at 0x7f1003da5690>,16,27,[13  1],17,84,111,67,82
1,<environment.Job instance at 0x7f1003d8c7d0>,20,1,[5 1],21,82,83,61,82
1,<environment.Job instance at 0x7f1003da55f0>,19,2,[5 5],20,82,84,62,82
1,<environment.Job instance at 0x7f1003d8c3c0>,22,2,[8 3],23,111,113,88,84
1,<environment.Job instance at 0x7f1003d8cfa0>,24,3,[4 8],25,111,114,86,85
1,<environment.Job instance at 0x7f1003aab5a0>,25,25,[2 7],26,85,110,59,85
1,<environment.Job instance at 0x7f1003d73460>,30,2,[10  4],31,113,115,82,102
1,<environment.Job instance at 0x7f1003acd0f0>,32,2,[4 8],33,114,116,81,113
1,<environment.Job instance at 0x7f0fc02a5730>,33,3,[10  2],34,115,118,81,114
1,<environment.Job instance at 0x7f0fc05f51e0>,35,1,[7 1],36,118,119,82,114
1,<environment.Job instance at 0x7f0fc0293f50>,36,1,[6 4],37,118,119,81,115
1,<environment.Job instance at 0x7f1003ac4fa0>,38,2,[3 8],39,119,121,80,117
1,<environment.Job instance at 0x7f1003ac4cd0>,39,3,[ 1 10],40,121,124,81,117
1,<environment.Job instance at 0x7f1003ac4690>,41,1,[5 8],42,127,128,85,127
1,<environment.Job instance at 0x7f0fc00045a0>,42,2,[8 4],43,127,129,84,127
1,<environment.Job instance at 0x7f100637f140>,45,1,[7 4],46,129,130,83,129
1,<environment.Job instance at 0x7f100637f960>,46,1,[5 9],47,129,130,82,129
1,<environment.Job instance at 0x7f100637ff00>,47,2,[5 5],48,130,132,82,129
1,<environment.Job instance at 0x7f0fc05e6eb0>,48,3,[9 4],49,130,133,81,130
1,<environment.Job instance at 0x7f100637b870>,51,26,[6 3],52,132,158,80,131
1,<environment.Job instance at 0x7f0fc0352910>,52,12,[7 5],53,134,146,81,134
1,<environment.Job instance at 0x7f0fc02b2780>,54,1,[5 7],55,146,147,91,141
1,<environment.Job instance at 0x7f1006330320>,55,3,[2 5],56,141,144,85,141
1,<environment.Job instance at 0x7f1006330370>,57,1,[ 5 12],58,147,148,89,147
1,<environment.Job instance at 0x7f10063309b0>,58,1,[ 2 10],59,148,149,89,147
1,<environment.Job instance at 0x7f1006330d20>,59,3,[12  2],60,158,161,98,147
1,<environment.Job instance at 0x7f0fc001e0a0>,61,3,[11  1],62,161,164,99,160
1,<environment.Job instance at 0x7f0fc001e460>,63,1,[10  2],64,164,165,100,162
1,<environment.Job instance at 0x7f0fc001e640>,64,2,[8 5],65,165,167,100,162
1,<environment.Job instance at 0x7f0fc030dc30>,65,27,[8 5],66,167,194,101,165
1,<environment.Job instance at 0x7f0fc030df50>,66,22,[9 5],67,194,216,127,187
1,<environment.Job instance at 0x7f0fc062bdc0>,5,25,[10  3],6,6,31,0,6
1,<environment.Job instance at 0x7f0fc0681b90>,6,2,[12  3],7,31,33,24,19
1,<environment.Job instance at 0x7f1003c768c0>,11,1,[8 4],12,33,34,21,19
1,<environment.Job instance at 0x7f1003c76280>,12,2,[ 1 10],13,19,21,6,19
1,<environment.Job instance at 0x7f1003c76410>,15,2,[5 1],16,21,23,5,21
1,<environment.Job instance at 0x7f1003c76730>,16,2,[4 7],17,23,25,6,21
1,<environment.Job instance at 0x7f1003c76050>,14,3,[14  3],15,34,37,19,32
1,<environment.Job instance at 0x7f0fc02c90f0>,20,24,[7 2],21,37,61,16,32
1,<environment.Job instance at 0x7f0fbffbe050>,22,25,[7 5],23,37,62,14,33
1,<environment.Job instance at 0x7f1006775c80>,33,2,[5 6],34,89,91,55,89
1,<environment.Job instance at 0x7f1003f755f0>,35,3,[9 1],36,93,96,57,93
1,<environment.Job instance at 0x7f1003f756e0>,37,18,[3 7],38,100,118,62,100
1,<environment.Job instance at 0x7f0fc0556af0>,38,3,[ 3 10],39,118,121,79,100
1,<environment.Job instance at 0x7f0fc0556be0>,41,3,[5 3],42,112,115,70,112
1,<environment.Job instance at 0x7f0fc0556410>,42,24,[2 9],43,121,145,78,116
1,<environment.Job instance at 0x7f0fc0556640>,43,1,[9 4],44,116,117,72,116
1,<environment.Job instance at 0x7f0fbffd80f0>,26,3,[12  5],27,146,149,119,146
1,<environment.Job instance at 0x7f0fc0556230>,53,3,[5 5],54,149,152,95,148
1,<environment.Job instance at 0x7f0fc03eeaa0>,55,1,[5 5],56,150,151,94,150
1,<environment.Job instance at 0x7f1003b843c0>,59,20,[5 3],60,178,198,118,178
1,<environment.Job instance at 0x7f1003b84af0>,60,2,[7 1],61,178,180,117,178
1,<environment.Job instance at 0x7f1003ec1370>,62,1,[ 1 10],63,178,179,115,178
1,<environment.Job instance at 0x7f1003ec1af0>,63,2,[ 4 10],64,180,182,116,178
1,<environment.Job instance at 0x7f1003ec1d70>,65,23,[1 8],66,188,211,122,188
1,<environment.Job instance at 0x7f0fbfd4dd70>,8,27,[9 1],9,9,36,0,9
1,<environment.Job instance at 0x7f0fbfd4d3c0>,10,2,[ 4 10],11,11,13,0,11
1,<environment.Job instance at 0x7f0fbfd4daf0>,12,22,[8 5],13,36,58,23,29
1,<environment.Job instance at 0x7f0fbfd4d230>,13,27,[6 5],14,29,56,15,29
1,<environment.Job instance at 0x7f0fbfd4df50>,15,26,[6 1],16,56,82,40,53
1,<environment.Job instance at 0x7f0fbfd4d320>,14,3,[5 6],15,58,61,43,53
1,<environment.Job instance at 0x7f0fbfd4d4b0>,20,26,[4 5],21,58,84,37,55
1,<environment.Job instance at 0x7f0fbfd4dfa0>,24,1,[6 1],25,82,83,57,71
1,<environment.Job instance at 0x7f0fbfe3db90>,29,23,[4 6],30,89,112,59,89
1,<environment.Job instance at 0x7f0fbfe3d7d0>,30,1,[ 2 14],31,112,113,81,89
1,<environment.Job instance at 0x7f0fbfe3de10>,31,2,[8 5],32,89,91,57,89
1,<environment.Job instance at 0x7f0fbfe3d9b0>,32,3,[3 5],33,91,94,58,89
1,<environment.Job instance at 0x7f0fbfe3dfa0>,33,2,[5 8],34,94,96,60,89
1,<environment.Job instance at 0x7f0fbfe3df50>,37,1,[9 1],38,118,119,80,118
1,<environment.Job instance at 0x7f0fbfe3d500>,40,3,[8 1],41,132,135,91,132
1,<environment.Job instance at 0x7f0fbfe3d780>,41,2,[1 6],42,132,134,90,132
1,<environment.Job instance at 0x7f0fbfe3deb0>,46,1,[7 2],47,149,150,102,149
1,<environment.Job instance at 0x7f0fbfe30b40>,47,25,[9 5],48,150,175,102,149
1,<environment.Job instance at 0x7f0fbfe30f00>,48,2,[ 1 13],49,175,177,126,150
1,<environment.Job instance at 0x7f0fbfe302d0>,49,2,[5 8],50,150,152,100,150
1,<environment.Job instance at 0x7f0fbfe30a00>,51,1,[2 5],52,162,163,110,162
1,<environment.Job instance at 0x7f0fbfe30eb0>,52,2,[3 7],53,163,165,110,162
1,<environment.Job instance at 0x7f0fbfe30fa0>,56,2,[6 3],57,177,179,120,177
1,<environment.Job instance at 0x7f0fc0640730>,9,1,[5 5],10,10,11,0,10
1,<environment.Job instance at 0x7f0fc060dc80>,12,1,[9 5],13,13,14,0,13
1,<environment.Job instance at 0x7f0fc062ab90>,19,2,[8 3],20,29,31,9,29
1,<environment.Job instance at 0x7f0fc062afa0>,20,1,[8 5],21,31,32,10,29
1,<environment.Job instance at 0x7f0fc0625280>,21,2,[9 5],22,32,34,10,29
1,<environment.Job instance at 0x7f0fc06253c0>,23,26,[9 5],24,35,61,11,35
1,<environment.Job instance at 0x7f0fc06250a0>,26,3,[ 2 12],27,70,73,43,70
1,<environment.Job instance at 0x7f10064661e0>,29,25,[4 9],30,73,98,43,70
1,<environment.Job instance at 0x7f0fc0545d20>,35,1,[5 5],36,80,81,44,80
1,<environment.Job instance at 0x7f0fc00f68c0>,33,2,[ 3 12],34,98,100,64,97
1,<environment.Job instance at 0x7f0fc054bc80>,38,2,[2 5],39,100,102,61,97
1,<environment.Job instance at 0x7f1003d276e0>,12,1,[5 6],13,21,22,8,21
1,<environment.Job instance at 0x7f0fc01c9640>,14,3,[9 4],15,25,28,10,25
1,<environment.Job instance at 0x7f0fc01c94b0>,16,1,[ 5 14],17,33,34,16,33
1,<environment.Job instance at 0x7f0fc066bdc0>,19,2,[10  4],20,37,39,17,37
1,<environment.Job instance at 0x7f0fc066b6e0>,20,2,[10  1],21,39,41,18,38
1,<environment.Job instance at 0x7f1003f34460>,29,1,[3 7],30,86,87,56,86
1,<environment.Job instance at 0x7f0fc02cce10>,33,22,[7 2],34,107,129,73,107
1,<environment.Job instance at 0x7f1004033aa0>,34,3,[9 5],35,129,132,94,107
1,<environment.Job instance at 0x7f10040334b0>,36,2,[5 4],37,111,113,74,111
1,<environment.Job instance at 0x7f1004033050>,39,3,[7 1],40,120,123,80,120
1,<environment.Job instance at 0x7f1004033b90>,40,1,[5 8],41,123,124,82,120
1,<environment.Job instance at 0x7f1003aabcd0>,6,27,[4 9],7,7,34,0,7
1,<environment.Job instance at 0x7f1003aabf00>,10,1,[ 4 10],11,34,35,23,11
1,<environment.Job instance at 0x7f1003cc9550>,16,24,[8 3],17,29,53,12,29
1,<environment.Job instance at 0x7f1003cc92d0>,21,3,[ 3 11],22,58,61,36,58
1,<environment.Job instance at 0x7f1003cc9b90>,23,2,[2 9],24,65,67,41,65
1,<environment.Job instance at 0x7f1003cc9050>,25,2,[1 8],26,67,69,41,65
1,<environment.Job instance at 0x7f1003cc9a50>,30,3,[4 6],31,92,95,61,92
1,<environment.Job instance at 0x7f1003cc93c0>,31,18,[3 7],32,98,116,66,98
1,<environment.Job instance at 0x7f0fbfe645a0>,35,3,[8 4],36,100,103,64,100
1,<environment.Job instance at 0x7f0fbfe64780>,36,1,[3 9],37,116,117,79,100
1,<environment.Job instance at 0x7f1004254050>,1,28,[12  4],2,2,30,0,2
1,<environment.Job instance at 0x7f1004164af0>,4,25,[5 5],5,30,55,25,26
1,<environment.Job instance at 0x7f100627d5f0>,9,3,[4 5],10,30,33,20,26
1,<environment.Job instance at 0x7f0fbfd80820>,12,27,[6 2],13,30,57,17,28
1,<environment.Job instance at 0x7f1003d936e0>,14,26,[8 4],15,55,81,40,52
1,<environment.Job instance at 0x7f0fc0686410>,24,23,[6 3],25,72,95,47,72
1,<environment.Job instance at 0x7f0fc0686640>,25,22,[6 3],26,81,103,55,74
1,<environment.Job instance at 0x7f1003ccadc0>,33,28,[8 5],34,95,123,61,94
1,<environment.Job instance at 0x7f1006688870>,37,3,[3 8],38,118,121,80,118
1,<environment.Job instance at 0x7f0fc0284820>,39,23,[2 9],40,121,144,81,118
1,<environment.Job instance at 0x7f10040f8a00>,40,2,[5 5],41,123,125,82,120
1,<environment.Job instance at 0x7f1003ff4b90>,44,3,[8 3],45,134,137,89,134
1,<environment.Job instance at 0x7f1003ff4a50>,45,3,[9 4],46,137,140,91,134
