iteration,job object,job ID,job Length,job ressource requirement,job enter time,job start time,job finish time,job waiting time,current time
1,<environment.Job instance at 0x7f549f6d1d20>,7,14,[5 1],8,25,39,17,10
1,<environment.Job instance at 0x7f549f6d50a0>,13,13,[1 8],14,35,48,21,35
1,<environment.Job instance at 0x7f549f6d5140>,14,12,[3 7],15,48,60,33,35
1,<environment.Job instance at 0x7f549f6d5410>,16,12,[1 8],17,60,72,43,43
1,<environment.Job instance at 0x7f54a2775a50>,7,3,[8 4],8,8,11,0,8
1,<environment.Job instance at 0x7f54a2775190>,11,2,[9 2],12,12,14,0,12
1,<environment.Job instance at 0x7f549ee60be0>,13,15,[1 5],14,19,34,5,19
1,<environment.Job instance at 0x7f54a29ab640>,14,12,[6 1],15,19,31,4,19
1,<environment.Job instance at 0x7f54a29ab910>,19,13,[7 2],20,41,54,21,41
1,<environment.Job instance at 0x7f54a29a2c30>,21,1,[8 2],22,54,55,32,41
1,<environment.Job instance at 0x7f54a29a25f0>,22,14,[9 1],23,55,69,32,41
1,<environment.Job instance at 0x7f54a29a2780>,23,3,[10  4],24,69,72,45,43
1,<environment.Job instance at 0x7f54a29a2aa0>,26,13,[1 5],27,43,56,16,43
1,<environment.Job instance at 0x7f54a29a2dc0>,24,1,[6 2],25,72,73,47,46
1,<environment.Job instance at 0x7f54639c9500>,1,1,[9 4],2,2,3,0,2
1,<environment.Job instance at 0x7f54a29a2dc0>,4,17,[5 4],5,5,22,0,5
1,<environment.Job instance at 0x7f54639caa50>,3,17,[5 6],4,7,24,3,7
1,<environment.Job instance at 0x7f5463a089b0>,14,12,[6 1],15,24,36,9,21
1,<environment.Job instance at 0x7f54639c9190>,0,18,[7 5],1,36,54,35,25
1,<environment.Job instance at 0x7f5463a08be0>,16,15,[9 2],17,54,69,37,40
1,<environment.Job instance at 0x7f5463ec54b0>,0,13,[2 6],1,7,20,6,7
1,<environment.Job instance at 0x7f5463b37780>,5,14,[3 8],6,20,34,14,17
1,<environment.Job instance at 0x7f5463ec50f0>,1,16,[1 9],2,34,50,32,21
1,<environment.Job instance at 0x7f5463aa0c30>,19,16,[3 5],20,50,66,30,37
1,<environment.Job instance at 0x7f5463aa0690>,21,14,[5 3],22,50,64,28,37
1,<environment.Job instance at 0x7f5463db7a00>,12,17,[10  4],13,26,43,13,26
1,<environment.Job instance at 0x7f5463db7b40>,14,13,[5 9],15,43,56,28,27
1,<environment.Job instance at 0x7f5463db7f50>,21,1,[8 3],22,56,57,34,44
1,<environment.Job instance at 0x7f5463dd0320>,23,15,[5 6],24,57,72,33,44
1,<environment.Job instance at 0x7f54a212f050>,1,3,[1 8],2,2,5,0,2
1,<environment.Job instance at 0x7f5463dd0230>,2,13,[2 5],3,5,18,2,3
1,<environment.Job instance at 0x7f54a212f370>,3,14,[3 5],4,5,19,1,4
1,<environment.Job instance at 0x7f54a212fa50>,4,17,[1 9],5,19,36,14,19
1,<environment.Job instance at 0x7f549ed77eb0>,17,14,[3 5],18,36,50,18,21
1,<environment.Job instance at 0x7f549f74aa00>,1,2,[3 8],2,2,4,0,2
1,<environment.Job instance at 0x7f549f74a960>,0,17,[4 5],1,4,21,3,3
1,<environment.Job instance at 0x7f5463b5eaf0>,4,1,[3 8],5,21,22,16,5
1,<environment.Job instance at 0x7f5463b5eb40>,3,13,[8 3],4,22,35,18,6
1,<environment.Job instance at 0x7f549ed875a0>,12,2,[7 1],13,35,37,22,15
1,<environment.Job instance at 0x7f54a1dbebe0>,15,2,[4 6],16,37,39,21,22
1,<environment.Job instance at 0x7f54a1dbeb90>,16,2,[6 5],17,39,41,22,22
1,<environment.Job instance at 0x7f5463f488c0>,18,3,[5 1],19,41,44,22,23
1,<environment.Job instance at 0x7f549ed0ce60>,7,17,[7 5],8,44,61,36,32
1,<environment.Job instance at 0x7f549f808c30>,26,15,[6 2],27,61,76,34,47
1,<environment.Job instance at 0x7f549ed0ccd0>,1,14,[3 6],2,4,18,2,4
1,<environment.Job instance at 0x7f54a1d23230>,2,15,[7 3],3,8,23,5,8
1,<environment.Job instance at 0x7f54639c88c0>,8,16,[3 6],9,18,34,9,12
1,<environment.Job instance at 0x7f5463af9d20>,15,12,[2 5],16,34,46,18,17
1,<environment.Job instance at 0x7f5463aeceb0>,13,12,[8 5],14,34,46,20,18
1,<environment.Job instance at 0x7f5463aff8c0>,24,2,[4 8],25,46,48,21,34
1,<environment.Job instance at 0x7f5463aff280>,26,15,[4 9],27,48,63,21,45
1,<environment.Job instance at 0x7f549ed23230>,5,12,[4 7],6,7,19,1,7
1,<environment.Job instance at 0x7f5463d08eb0>,9,17,[5 1],10,10,27,0,10
1,<environment.Job instance at 0x7f5463d08e10>,8,14,[2 7],9,19,33,10,12
1,<environment.Job instance at 0x7f5463d083c0>,12,13,[8 1],13,27,40,14,14
1,<environment.Job instance at 0x7f549fb140a0>,16,13,[1 6],17,33,46,16,24
1,<environment.Job instance at 0x7f5463d08410>,11,18,[5 7],12,46,64,34,36
1,<environment.Job instance at 0x7f549ed4b500>,19,3,[9 3],20,40,43,20,36
1,<environment.Job instance at 0x7f549ed4b190>,22,13,[3 9],23,64,77,41,48
1,<environment.Job instance at 0x7f54a1f7e500>,0,1,[2 9],1,3,4,2,3
1,<environment.Job instance at 0x7f549ed4b0a0>,1,3,[9 3],2,4,7,2,4
1,<environment.Job instance at 0x7f549f727d20>,6,2,[9 2],7,7,9,0,7
1,<environment.Job instance at 0x7f549ec95cd0>,7,2,[5 2],8,9,11,1,8
1,<environment.Job instance at 0x7f549ec95f00>,8,2,[6 5],9,11,13,2,9
1,<environment.Job instance at 0x7f549f727410>,10,13,[3 8],11,14,27,3,14
1,<environment.Job instance at 0x7f549ed4b9b0>,3,13,[9 5],4,27,40,23,15
1,<environment.Job instance at 0x7f549ec95fa0>,17,13,[6 5],18,40,53,22,25
1,<environment.Job instance at 0x7f549fa21320>,21,14,[1 9],22,53,67,31,39
1,<environment.Job instance at 0x7f5464029e60>,2,3,[ 3 10],3,3,6,0,3
1,<environment.Job instance at 0x7f5463e3dfa0>,3,15,[6 5],4,6,21,2,6
1,<environment.Job instance at 0x7f549fa21320>,6,14,[7 5],7,21,35,14,7
1,<environment.Job instance at 0x7f5463f58c80>,8,14,[3 8],9,35,49,26,25
1,<environment.Job instance at 0x7f549f9587d0>,15,16,[4 5],16,49,65,33,36
1,<environment.Job instance at 0x7f54a21730f0>,21,15,[3 5],22,49,64,27,37
1,<environment.Job instance at 0x7f54a1cbdc80>,6,16,[2 6],7,8,24,1,8
1,<environment.Job instance at 0x7f54a1cbd5a0>,8,14,[6 4],9,9,23,0,9
1,<environment.Job instance at 0x7f54a1cbd140>,14,14,[7 5],15,24,38,9,15
1,<environment.Job instance at 0x7f54a1c9fa00>,19,14,[9 5],20,38,52,18,26
1,<environment.Job instance at 0x7f54a1c9f3c0>,13,18,[ 1 10],14,52,70,38,46
1,<environment.Job instance at 0x7f549f833050>,1,3,[5 9],2,3,6,1,3
1,<environment.Job instance at 0x7f549f8685f0>,3,3,[5 5],4,6,9,2,4
1,<environment.Job instance at 0x7f549ee21230>,8,17,[2 6],9,9,26,0,9
1,<environment.Job instance at 0x7f549f868f00>,5,13,[3 9],6,26,39,20,11
1,<environment.Job instance at 0x7f549ee21a50>,15,13,[8 5],16,39,52,23,25
1,<environment.Job instance at 0x7f549ee210a0>,17,14,[2 5],18,39,53,21,36
1,<environment.Job instance at 0x7f549ee21870>,18,16,[6 5],19,52,68,33,39
1,<environment.Job instance at 0x7f549f7e4a50>,22,15,[2 5],23,53,68,30,40
1,<environment.Job instance at 0x7f54a1c9f500>,1,2,[5 7],2,2,4,0,2
1,<environment.Job instance at 0x7f549f7e4b40>,2,1,[4 6],3,4,5,1,3
1,<environment.Job instance at 0x7f5463d0c550>,3,1,[4 9],4,5,6,1,4
1,<environment.Job instance at 0x7f5463d0cb40>,5,3,[9 2],6,8,11,2,8
1,<environment.Job instance at 0x7f5463d0c640>,8,3,[3 9],9,11,14,2,10
1,<environment.Job instance at 0x7f5463d0ca00>,7,3,[10  4],8,15,18,7,15
1,<environment.Job instance at 0x7f5463d0c140>,0,17,[2 6],1,18,35,17,16
1,<environment.Job instance at 0x7f549ec88820>,17,2,[ 2 10],18,35,37,17,21
1,<environment.Job instance at 0x7f549ec88550>,15,3,[10  4],16,37,40,21,26
1,<environment.Job instance at 0x7f5463cf20a0>,19,16,[5 3],20,40,56,20,28
1,<environment.Job instance at 0x7f549ec88410>,16,14,[1 7],17,40,54,23,29
1,<environment.Job instance at 0x7f5463cf2460>,23,16,[8 5],24,56,72,32,44
1,<environment.Job instance at 0x7f549eddd050>,1,12,[1 8],2,4,16,2,4
1,<environment.Job instance at 0x7f54637b6730>,4,17,[5 1],5,5,22,0,5
1,<environment.Job instance at 0x7f5463d0c050>,3,16,[5 3],4,16,32,12,10
1,<environment.Job instance at 0x7f549edf4fa0>,10,13,[5 3],11,22,35,11,11
1,<environment.Job instance at 0x7f549edb9140>,11,3,[5 2],12,32,35,20,12
1,<environment.Job instance at 0x7f549edf4f50>,9,12,[4 6],10,35,47,25,18
1,<environment.Job instance at 0x7f549edb9780>,18,2,[5 8],19,47,49,28,24
1,<environment.Job instance at 0x7f549edb9320>,15,16,[9 4],16,49,65,33,37
1,<environment.Job instance at 0x7f5463d7a320>,3,3,[8 4],4,6,9,2,6
1,<environment.Job instance at 0x7f549edd4910>,2,15,[4 8],3,9,24,6,8
1,<environment.Job instance at 0x7f5463895280>,8,18,[4 6],9,24,42,15,13
1,<environment.Job instance at 0x7f5463895e10>,13,13,[7 4],14,42,55,28,32
1,<environment.Job instance at 0x7f5463895140>,12,16,[3 8],13,55,71,42,43
1,<environment.Job instance at 0x7f5464070640>,1,3,[3 9],2,2,5,0,2
1,<environment.Job instance at 0x7f5464070be0>,4,16,[5 5],5,6,22,1,6
1,<environment.Job instance at 0x7f5463dae6e0>,6,13,[3 9],7,22,35,15,15
1,<environment.Job instance at 0x7f5464070460>,13,12,[2 6],14,35,47,21,20
1,<environment.Job instance at 0x7f5463e18c80>,16,13,[5 5],17,47,60,30,32
1,<environment.Job instance at 0x7f5463e771e0>,4,13,[2 6],5,5,18,0,5
1,<environment.Job instance at 0x7f549f9c5eb0>,6,18,[7 4],7,11,29,4,11
1,<environment.Job instance at 0x7f549ec441e0>,8,14,[1 7],9,29,43,20,19
1,<environment.Job instance at 0x7f549ec446e0>,12,14,[3 9],13,43,57,30,29
1,<environment.Job instance at 0x7f549fa27e10>,8,3,[6 1],9,9,12,0,9
1,<environment.Job instance at 0x7f549fa27370>,13,16,[8 1],14,20,36,6,20
1,<environment.Job instance at 0x7f5463c5d140>,5,18,[9 2],6,44,62,38,44
1,<environment.Job instance at 0x7f5463bb2370>,25,16,[10  5],26,62,78,36,49
1,<environment.Job instance at 0x7f546379f460>,1,18,[3 8],2,5,23,3,5
1,<environment.Job instance at 0x7f54639fe960>,12,3,[1 8],13,23,26,10,13
1,<environment.Job instance at 0x7f54639fe7d0>,13,12,[3 8],14,26,38,12,14
1,<environment.Job instance at 0x7f5463d90410>,15,15,[3 5],16,38,53,22,24
1,<environment.Job instance at 0x7f5463877370>,25,12,[2 8],26,53,65,27,36
1,<environment.Job instance at 0x7f50a1df8460>,4,18,[10  4],5,8,26,3,8
1,<environment.Job instance at 0x7f50a1df82d0>,3,18,[ 3 10],4,26,44,22,16
1,<environment.Job instance at 0x7f509a9ef190>,14,12,[3 7],15,44,56,29,29
1,<environment.Job instance at 0x7f509a9ef550>,17,3,[10  3],18,56,59,38,42
1,<environment.Job instance at 0x7f509a9ef0a0>,18,16,[8 5],19,59,75,40,46
1,<environment.Job instance at 0x7f509a9ef5a0>,21,3,[ 2 10],22,75,78,53,58
1,<environment.Job instance at 0x7f509a9ef910>,1,2,[9 2],2,3,5,1,3
1,<environment.Job instance at 0x7f50a1f6c4b0>,3,15,[1 5],4,4,19,0,4
1,<environment.Job instance at 0x7f50a1f6c550>,5,13,[3 5],6,7,20,1,7
1,<environment.Job instance at 0x7f50a1f74f50>,11,1,[8 2],12,20,21,8,20
1,<environment.Job instance at 0x7f50a1f6c500>,4,12,[6 1],5,21,33,16,20
1,<environment.Job instance at 0x7f50a1f74c30>,14,1,[6 2],15,33,34,18,20
1,<environment.Job instance at 0x7f50a1f74d20>,15,3,[6 4],16,34,37,18,20
1,<environment.Job instance at 0x7f50a1f75870>,16,13,[1 5],17,20,33,3,20
1,<environment.Job instance at 0x7f50a1f74dc0>,13,3,[10  4],14,37,40,23,21
1,<environment.Job instance at 0x7f50a1f755a0>,18,19,[8 4],19,40,59,21,32
1,<environment.Job instance at 0x7f50a1e259b0>,28,12,[3 5],29,59,71,30,45
1,<environment.Job instance at 0x7f50a1e25230>,33,12,[4 9],34,71,83,37,57
1,<environment.Job instance at 0x7f5056d13b40>,9,14,[8 1],10,10,24,0,10
1,<environment.Job instance at 0x7f5056d137d0>,4,15,[9 1],5,24,39,19,11
1,<environment.Job instance at 0x7f5056d13f50>,10,16,[9 3],11,39,55,28,26
1,<environment.Job instance at 0x7f5056d0c9b0>,14,15,[10  5],15,55,70,40,45
1,<environment.Job instance at 0x7f5056d0cdc0>,21,16,[5 4],22,70,86,48,57
1,<environment.Job instance at 0x7f5056d92eb0>,1,1,[5 1],2,2,3,0,2
1,<environment.Job instance at 0x7f5056d83050>,2,2,[8 2],3,4,6,1,4
1,<environment.Job instance at 0x7f50571b6460>,4,12,[5 7],5,6,18,1,5
1,<environment.Job instance at 0x7f5056d92f00>,0,12,[2 5],1,18,30,17,9
1,<environment.Job instance at 0x7f505713d140>,8,14,[8 5],9,18,32,9,14
1,<environment.Job instance at 0x7f505713dfa0>,17,3,[4 9],18,32,35,14,18
1,<environment.Job instance at 0x7f505713dd70>,18,2,[ 3 10],19,35,37,16,20
1,<environment.Job instance at 0x7f505713d0a0>,19,1,[10  3],20,37,38,17,20
1,<environment.Job instance at 0x7f505713dcd0>,14,17,[10  5],15,38,55,23,26
1,<environment.Job instance at 0x7f50572bcdc0>,22,14,[9 2],23,55,69,32,41
1,<environment.Job instance at 0x7f505738ca00>,4,15,[9 5],5,5,20,0,5
1,<environment.Job instance at 0x7f505738cbe0>,6,17,[2 6],7,20,37,13,13
1,<environment.Job instance at 0x7f5056e6bf00>,7,16,[2 8],8,37,53,29,24
1,<environment.Job instance at 0x7f505739cc80>,24,18,[10  2],25,53,71,28,46
1,<environment.Job instance at 0x7f505713da50>,1,2,[3 8],2,2,4,0,2
1,<environment.Job instance at 0x7f509a992640>,0,17,[4 5],1,5,22,4,5
1,<environment.Job instance at 0x7f509a992230>,3,13,[8 3],4,22,35,18,7
1,<environment.Job instance at 0x7f509a992d20>,7,17,[7 5],8,35,52,27,23
1,<environment.Job instance at 0x7f509a8d05a0>,20,14,[ 3 10],21,52,66,31,40
1,<environment.Job instance at 0x7f509a8d0730>,22,2,[9 3],23,66,68,43,40
1,<environment.Job instance at 0x7f50a16b8fa0>,26,15,[6 2],27,68,83,41,54
1,<environment.Job instance at 0x7f509a8d0b40>,19,17,[4 8],20,68,85,48,56
1,<environment.Job instance at 0x7f509a7931e0>,0,1,[5 1],1,1,2,0,1
1,<environment.Job instance at 0x7f50570a65a0>,2,2,[1 5],3,4,6,1,4
1,<environment.Job instance at 0x7f509a9d4320>,5,12,[2 5],6,6,18,0,6
1,<environment.Job instance at 0x7f50a127faa0>,6,3,[2 7],7,18,21,11,7
1,<environment.Job instance at 0x7f50a185a640>,3,12,[8 5],4,21,33,17,8
1,<environment.Job instance at 0x7f509a9d4d70>,9,18,[ 2 10],10,50,68,40,50
1,<environment.Job instance at 0x7f50a13920f0>,3,1,[5 2],4,4,5,0,4
1,<environment.Job instance at 0x7f5056b6e730>,6,13,[8 4],7,8,21,1,8
1,<environment.Job instance at 0x7f5056b6e410>,11,1,[5 5],12,21,22,9,20
1,<environment.Job instance at 0x7f509a9d4d70>,2,13,[3 9],3,22,35,19,20
1,<environment.Job instance at 0x7f50572a2410>,15,15,[5 7],16,35,50,19,24
1,<environment.Job instance at 0x7f505729e8c0>,10,17,[9 4],11,50,67,39,41
1,<environment.Job instance at 0x7f5056f16cd0>,27,3,[10  3],28,67,70,39,53
1,<environment.Job instance at 0x7f5056d13050>,0,1,[10  3],1,3,4,2,3
1,<environment.Job instance at 0x7f5056f16b90>,2,3,[1 7],3,4,7,1,4
1,<environment.Job instance at 0x7f5056d13910>,4,2,[4 8],5,7,9,2,6
1,<environment.Job instance at 0x7f509ac265a0>,6,14,[8 1],7,9,23,2,7
1,<environment.Job instance at 0x7f5056d13820>,3,3,[9 4],4,23,26,19,8
1,<environment.Job instance at 0x7f509ac26e60>,8,1,[2 5],9,9,10,0,9
1,<environment.Job instance at 0x7f509ac26fa0>,15,2,[7 5],16,26,28,10,21
1,<environment.Job instance at 0x7f509ac26e10>,7,12,[10  4],8,28,40,20,22
1,<environment.Job instance at 0x7f509ac26eb0>,17,18,[6 2],18,40,58,22,29
1,<environment.Job instance at 0x7f50a19b8280>,23,15,[6 5],24,58,73,34,44
1,<environment.Job instance at 0x7f509ac261e0>,1,12,[5 9],2,3,15,1,3
1,<environment.Job instance at 0x7f509ac49640>,3,18,[6 1],4,15,33,11,4
1,<environment.Job instance at 0x7f509a818190>,4,12,[4 7],5,15,27,10,6
1,<environment.Job instance at 0x7f509a823910>,16,16,[2 6],17,27,43,10,26
1,<environment.Job instance at 0x7f50a17a74b0>,18,14,[6 4],19,33,47,14,28
1,<environment.Job instance at 0x7f50a148b280>,23,18,[ 1 10],24,47,65,23,40
1,<environment.Job instance at 0x7f50a17b8b90>,24,14,[7 5],25,65,79,40,50
1,<environment.Job instance at 0x7f50572c64b0>,0,18,[8 1],1,3,21,2,3
1,<environment.Job instance at 0x7f50572c6d70>,2,2,[7 4],3,21,23,18,4
1,<environment.Job instance at 0x7f50a14924b0>,5,13,[3 9],6,23,36,17,8
1,<environment.Job instance at 0x7f509ab5a370>,16,13,[3 9],17,36,49,19,20
1,<environment.Job instance at 0x7f5056ac05f0>,20,2,[6 4],21,49,51,28,33
1,<environment.Job instance at 0x7f509ae029b0>,21,2,[3 5],22,49,51,27,33
1,<environment.Job instance at 0x7f509ae02870>,22,15,[2 5],23,51,66,28,37
1,<environment.Job instance at 0x7f5056b06af0>,26,15,[9 1],27,66,81,39,53
1,<environment.Job instance at 0x7f509ab68140>,28,13,[6 1],29,53,66,24,53
1,<environment.Job instance at 0x7f509a86e190>,29,13,[1 8],30,66,79,36,53
1,<environment.Job instance at 0x7f5057340230>,4,13,[1 8],5,23,36,18,23
1,<environment.Job instance at 0x7f5057340a50>,15,3,[1 9],16,36,39,20,24
1,<environment.Job instance at 0x7f5057340af0>,16,15,[10  4],17,39,54,22,26
1,<environment.Job instance at 0x7f50573409b0>,14,16,[9 4],15,54,70,39,41
1,<environment.Job instance at 0x7f5057340e10>,21,12,[5 6],22,70,82,48,53
1,<environment.Job instance at 0x7f5057365460>,26,12,[1 5],27,54,66,27,54
1,<environment.Job instance at 0x7f5057340c80>,1,2,[8 4],2,2,4,0,2
1,<environment.Job instance at 0x7f509a848320>,6,3,[8 3],7,16,19,9,16
1,<environment.Job instance at 0x7f5056e86320>,14,12,[9 1],15,19,31,4,17
1,<environment.Job instance at 0x7f5056e86e10>,15,2,[6 3],16,31,33,15,17
1,<environment.Job instance at 0x7f5056e868c0>,16,13,[4 7],17,31,44,14,17
1,<environment.Job instance at 0x7f5056e86690>,17,3,[8 1],18,44,47,26,20
1,<environment.Job instance at 0x7f509ad15820>,23,15,[4 9],24,47,62,23,35
1,<environment.Job instance at 0x7f509a7c8c80>,1,2,[7 1],2,2,4,0,2
1,<environment.Job instance at 0x7f509a7c8d70>,0,2,[3 9],1,4,6,3,4
1,<environment.Job instance at 0x7f5056fa36e0>,6,14,[6 4],7,7,21,0,7
1,<environment.Job instance at 0x7f5056fa3d20>,9,1,[8 2],10,21,22,11,10
1,<environment.Job instance at 0x7f5057080690>,14,3,[ 3 10],15,22,25,7,15
1,<environment.Job instance at 0x7f5057080370>,16,3,[5 4],17,25,28,8,17
1,<environment.Job instance at 0x7f50570801e0>,13,12,[7 4],14,28,40,14,19
1,<environment.Job instance at 0x7f5056fa3690>,8,17,[3 7],9,40,57,31,28
1,<environment.Job instance at 0x7f5057080be0>,12,17,[6 4],13,57,74,44,46
1,<environment.Job instance at 0x7f509a8901e0>,28,18,[1 5],29,57,75,28,51
1,<environment.Job instance at 0x7f509a890f50>,1,1,[6 5],2,2,3,0,2
1,<environment.Job instance at 0x7f5057080820>,3,14,[3 6],4,5,19,1,5
1,<environment.Job instance at 0x7f50a161e3c0>,9,15,[5 7],10,19,34,9,10
1,<environment.Job instance at 0x7f50a161e960>,14,13,[2 6],15,34,47,19,23
1,<environment.Job instance at 0x7f50a161e910>,16,18,[7 4],17,34,52,17,29
1,<environment.Job instance at 0x7f50a161ea00>,17,19,[1 5],18,47,66,29,37
1,<environment.Job instance at 0x7f50a161eb40>,19,18,[6 4],20,52,70,32,44
1,<environment.Job instance at 0x7f50a161eb40>,2,2,[3 6],3,3,5,0,3
1,<environment.Job instance at 0x7f50a13dcaa0>,6,3,[5 8],7,7,10,0,7
1,<environment.Job instance at 0x7f50a13dc280>,8,3,[6 1],9,10,13,1,9
1,<environment.Job instance at 0x7f50a1953d70>,9,3,[8 2],10,13,16,3,10
1,<environment.Job instance at 0x7f50a19536e0>,14,3,[2 7],15,20,23,5,20
1,<environment.Job instance at 0x7f50a1953870>,13,16,[8 1],14,21,37,7,21
1,<environment.Job instance at 0x7f5057279d20>,19,18,[6 1],20,37,55,17,27
1,<environment.Job instance at 0x7f5057279500>,21,3,[2 6],22,40,43,18,40
1,<environment.Job instance at 0x7f5057279b40>,18,16,[4 8],19,44,60,25,44
1,<environment.Job instance at 0x7f5057279190>,26,1,[7 4],27,60,61,33,44
1,<environment.Job instance at 0x7f5057279640>,28,3,[2 7],29,61,64,32,47
1,<environment.Job instance at 0x7f5057279410>,20,15,[2 8],21,64,79,43,53
1,<environment.Job instance at 0x7f50a1445c30>,2,3,[1 8],3,3,6,0,3
1,<environment.Job instance at 0x7f509aef91e0>,3,12,[3 8],4,6,18,2,5
1,<environment.Job instance at 0x7f5057256320>,5,15,[3 5],6,18,33,12,6
1,<environment.Job instance at 0x7f5057256410>,6,3,[7 4],7,18,21,11,7
1,<environment.Job instance at 0x7f50a12dca50>,9,2,[5 1],10,10,12,0,10
1,<environment.Job instance at 0x7f509a82a050>,10,2,[10  5],11,33,35,22,11
1,<environment.Job instance at 0x7f50a1cedc30>,11,3,[9 1],12,35,38,23,12
1,<environment.Job instance at 0x7f5057221960>,16,12,[9 5],17,38,50,21,23
1,<environment.Job instance at 0x7f509a82c640>,21,14,[9 4],22,50,64,28,36
1,<environment.Job instance at 0x7f5057221190>,17,17,[10  4],18,64,81,46,53
1,<environment.Job instance at 0x7f50a16d1370>,1,15,[5 4],2,2,17,0,2
1,<environment.Job instance at 0x7f50571500a0>,6,15,[3 5],7,7,22,0,7
1,<environment.Job instance at 0x7f5056dcaa00>,8,2,[7 5],9,23,25,14,23
1,<environment.Job instance at 0x7f5056f23aa0>,3,17,[5 9],4,25,42,21,23
1,<environment.Job instance at 0x7f505714ffa0>,11,1,[5 5],12,42,43,30,23
1,<environment.Job instance at 0x7f5057149780>,14,17,[1 9],15,43,60,28,31
1,<environment.Job instance at 0x7f509aef6190>,21,13,[7 4],22,60,73,38,45
1,<environment.Job instance at 0x7f509aef65f0>,23,1,[8 5],24,73,74,49,47
1,<environment.Job instance at 0x7f509aa3ea00>,1,1,[4 5],2,2,3,0,2
1,<environment.Job instance at 0x7f509aa3ec80>,2,3,[8 1],3,3,6,0,3
1,<environment.Job instance at 0x7f50a1541d20>,10,15,[5 3],11,12,27,1,12
1,<environment.Job instance at 0x7f50a1541e60>,11,18,[4 7],12,12,30,0,12
1,<environment.Job instance at 0x7f50a1541cd0>,8,17,[9 5],9,30,47,21,20
1,<environment.Job instance at 0x7f50a15410f0>,18,2,[3 6],19,47,49,28,26
1,<environment.Job instance at 0x7f50a1541960>,20,15,[5 5],21,49,64,28,35
1,<environment.Job instance at 0x7f509aa2b2d0>,24,15,[10  2],25,64,79,39,51
1,<environment.Job instance at 0x7f509aa2b370>,28,3,[ 1 10],29,79,82,50,55
1,<environment.Job instance at 0x7f509aa2bd20>,29,3,[9 3],30,82,85,52,56
1,<environment.Job instance at 0x7f5056e7b910>,3,16,[2 6],4,5,21,1,5
1,<environment.Job instance at 0x7f5056e7bfa0>,5,17,[5 3],6,6,23,0,6
1,<environment.Job instance at 0x7f5056e7b370>,6,12,[2 7],7,21,33,14,19
1,<environment.Job instance at 0x7f509ad19fa0>,12,16,[9 2],13,33,49,20,21
1,<environment.Job instance at 0x7f505700c3c0>,19,17,[5 7],20,49,66,29,46
1,<environment.Job instance at 0x7f28056f3d70>,3,18,[ 3 10],4,7,25,3,7
1,<environment.Job instance at 0x7f280566a050>,4,18,[10  4],5,25,43,20,14
1,<environment.Job instance at 0x7f27fe25b640>,8,17,[ 2 10],9,43,60,34,37
1,<environment.Job instance at 0x7f27fe25bbe0>,18,16,[8 5],19,60,76,41,49
1,<environment.Job instance at 0x7f27fe25c3c0>,27,2,[6 4],28,76,78,48,64
1,<environment.Job instance at 0x7f27fe25b3c0>,9,17,[ 4 10],10,78,95,68,66
1,<environment.Job instance at 0x7f27fe262960>,1,1,[8 2],2,3,4,1,3
1,<environment.Job instance at 0x7f27fe25c730>,3,3,[10  4],4,4,7,0,4
1,<environment.Job instance at 0x7f28057d66e0>,4,1,[6 2],5,7,8,2,5
1,<environment.Job instance at 0x7f27c3f124b0>,5,3,[6 4],6,8,11,2,6
1,<environment.Job instance at 0x7f2805691690>,6,13,[1 5],7,7,20,0,7
1,<environment.Job instance at 0x7f2805691460>,7,15,[4 7],8,20,35,12,9
1,<environment.Job instance at 0x7f28057e43c0>,18,12,[3 5],19,35,47,16,20
1,<environment.Job instance at 0x7f28057e48c0>,19,13,[7 2],20,35,48,15,23
1,<environment.Job instance at 0x7f28057da230>,22,2,[2 5],23,47,49,24,24
1,<environment.Job instance at 0x7f28057dee60>,24,2,[4 7],25,49,51,24,34
1,<environment.Job instance at 0x7f28057da690>,23,12,[4 9],24,51,63,27,41
1,<environment.Job instance at 0x7f2805692780>,34,17,[5 4],35,68,85,33,68
1,<environment.Job instance at 0x7f28056927d0>,36,12,[2 6],37,68,80,31,68
1,<environment.Job instance at 0x7f27ba7d4190>,1,16,[5 4],2,4,20,2,4
1,<environment.Job instance at 0x7f27ba59a5a0>,4,1,[7 1],5,20,21,15,5
1,<environment.Job instance at 0x7f27ba59a2d0>,5,15,[6 2],6,21,36,15,8
1,<environment.Job instance at 0x7f27ba5a7d20>,10,13,[2 6],11,13,26,2,13
1,<environment.Job instance at 0x7f27ba5f8190>,17,17,[3 8],18,26,43,8,19
1,<environment.Job instance at 0x7f27ba5f8870>,20,12,[6 3],21,43,55,22,36
1,<environment.Job instance at 0x7f27ba5a7870>,11,16,[1 9],12,55,71,43,42
1,<environment.Job instance at 0x7f27ba5f8640>,29,16,[3 5],30,71,87,41,58
1,<environment.Job instance at 0x7f27ba5f8910>,31,14,[5 3],32,71,85,39,58
1,<environment.Job instance at 0x7f27ba9ea690>,3,12,[5 1],4,5,17,1,5
1,<environment.Job instance at 0x7f27ba9eacd0>,5,17,[8 1],6,17,34,11,6
1,<environment.Job instance at 0x7f27baa27b90>,13,15,[5 6],14,34,49,20,25
1,<environment.Job instance at 0x7f27ba9eaa50>,0,17,[2 9],1,49,66,48,37
1,<environment.Job instance at 0x7f27baa27d20>,19,12,[5 4],20,66,78,46,49
1,<environment.Job instance at 0x7f27baa27eb0>,21,13,[3 6],22,66,79,44,58
1,<environment.Job instance at 0x7f27baa27a00>,22,16,[8 5],23,79,95,56,66
1,<environment.Job instance at 0x7f27ba5dc780>,2,2,[9 4],3,3,5,0,3
1,<environment.Job instance at 0x7f27ba5dc0a0>,0,2,[10  1],1,5,7,4,4
1,<environment.Job instance at 0x7f27ba634af0>,1,16,[6 2],2,7,23,5,4
1,<environment.Job instance at 0x7f27ba9465f0>,9,14,[5 7],10,23,37,13,10
1,<environment.Job instance at 0x7f27ba9469b0>,15,1,[8 2],16,37,38,21,25
1,<environment.Job instance at 0x7f27ba946b90>,18,15,[2 5],19,37,52,18,26
1,<environment.Job instance at 0x7f27ba946690>,10,13,[7 4],11,38,51,27,36
1,<environment.Job instance at 0x7f27ba946eb0>,23,13,[8 3],24,51,64,27,41
1,<environment.Job instance at 0x7f27ba959320>,26,15,[7 3],27,64,79,37,50
1,<environment.Job instance at 0x7f27ba959820>,30,14,[2 8],31,79,93,48,64
1,<environment.Job instance at 0x7f27ba959820>,2,15,[7 3],3,4,19,1,4
1,<environment.Job instance at 0x7f27fe0182d0>,5,16,[2 6],6,7,23,1,7
1,<environment.Job instance at 0x7f27fe48ceb0>,13,12,[8 5],14,23,35,9,14
1,<environment.Job instance at 0x7f27fe018aa0>,8,16,[3 6],9,36,52,27,36
1,<environment.Job instance at 0x7f27fe48cf00>,20,17,[7 1],21,41,58,20,41
1,<environment.Job instance at 0x7f27ba4f0780>,24,2,[4 8],25,58,60,33,43
1,<environment.Job instance at 0x7f27ba4f0c30>,26,15,[4 9],27,60,75,33,50
1,<environment.Job instance at 0x7f27fe48c780>,21,18,[3 8],22,75,93,53,67
1,<environment.Job instance at 0x7f27fe197cd0>,7,14,[9 1],8,8,22,0,8
1,<environment.Job instance at 0x7f27fe0189b0>,11,1,[5 5],12,22,23,10,19
1,<environment.Job instance at 0x7f27ba73fcd0>,12,12,[8 5],13,23,35,10,19
1,<environment.Job instance at 0x7f27ba6b59b0>,16,13,[7 1],17,35,48,18,20
1,<environment.Job instance at 0x7f27fe1978c0>,5,16,[10  5],6,48,64,42,36
1,<environment.Job instance at 0x7f27ba71b820>,10,17,[9 4],11,64,81,53,53
1,<environment.Job instance at 0x7f27ba7147d0>,27,3,[10  3],28,81,84,53,55
1,<environment.Job instance at 0x7f2805262af0>,28,12,[ 2 10],29,84,96,55,67
1,<environment.Job instance at 0x7f2804fd5780>,2,17,[2 5],3,8,25,5,8
1,<environment.Job instance at 0x7f2804ee2280>,7,18,[6 2],8,26,44,18,26
1,<environment.Job instance at 0x7f27bac1d7d0>,19,3,[3 6],20,34,37,14,34
1,<environment.Job instance at 0x7f27bac1d190>,20,3,[7 3],21,44,47,23,34
1,<environment.Job instance at 0x7f27bac1d280>,18,14,[3 8],19,47,61,28,36
1,<environment.Job instance at 0x7f27bac1d5f0>,21,17,[5 7],22,61,78,39,50
1,<environment.Job instance at 0x7f27bac0deb0>,25,16,[4 5],26,78,94,52,67
1,<environment.Job instance at 0x7f27ba55d3c0>,1,3,[1 6],2,2,5,0,2
1,<environment.Job instance at 0x7f27bac0d230>,2,3,[4 9],3,5,8,2,3
1,<environment.Job instance at 0x7f2804bfa2d0>,9,14,[9 5],10,12,26,2,12
1,<environment.Job instance at 0x7f2804bfa9b0>,15,17,[ 5 10],16,26,43,10,16
1,<environment.Job instance at 0x7f2804bfa4b0>,18,16,[9 2],19,43,59,24,30
1,<environment.Job instance at 0x7f2804bfa640>,21,13,[1 9],22,59,72,37,44
1,<environment.Job instance at 0x7f2804d00730>,27,17,[3 8],28,72,89,44,60
1,<environment.Job instance at 0x7f27fe01f0a0>,3,15,[6 1],4,5,20,1,5
1,<environment.Job instance at 0x7f27fe2b47d0>,0,3,[10  4],1,20,23,19,7
1,<environment.Job instance at 0x7f27fe2b4cd0>,2,13,[ 5 10],3,23,36,20,11
1,<environment.Job instance at 0x7f2804bebcd0>,13,3,[8 1],14,36,39,22,15
1,<environment.Job instance at 0x7f2804bebd20>,12,2,[7 3],13,39,41,26,16
1,<environment.Job instance at 0x7f2804bebc80>,14,15,[7 3],15,41,56,26,27
1,<environment.Job instance at 0x7f27ba6a3e10>,22,1,[4 6],23,56,57,33,34
1,<environment.Job instance at 0x7f2804fae370>,24,12,[3 5],25,39,51,14,37
1,<environment.Job instance at 0x7f27ba9700a0>,27,3,[10  4],28,57,60,29,48
1,<environment.Job instance at 0x7f2804e134b0>,32,15,[10  1],33,60,75,27,57
1,<environment.Job instance at 0x7f2804f91c80>,35,3,[10  4],36,75,78,39,63
1,<environment.Job instance at 0x7f2804ecc7d0>,1,12,[1 8],2,3,15,1,3
1,<environment.Job instance at 0x7f27fe022b40>,3,16,[5 3],4,15,31,11,5
1,<environment.Job instance at 0x7f27ba343910>,10,13,[5 3],11,15,28,4,13
1,<environment.Job instance at 0x7f27fe2bb3c0>,15,16,[9 4],16,31,47,15,19
1,<environment.Job instance at 0x7f27ba91fcd0>,24,16,[4 5],25,47,63,22,42
1,<environment.Job instance at 0x7f27fe037960>,1,16,[5 7],2,4,20,2,4
1,<environment.Job instance at 0x7f27baad8a00>,6,1,[5 1],7,7,8,0,7
1,<environment.Job instance at 0x7f27baad8c30>,8,3,[2 6],9,20,23,11,9
1,<environment.Job instance at 0x7f27baad8f00>,14,13,[5 3],15,22,35,7,22
1,<environment.Job instance at 0x7f27baabb460>,17,3,[7 5],18,35,38,17,27
1,<environment.Job instance at 0x7f27baabb230>,19,1,[8 2],20,38,39,18,27
1,<environment.Job instance at 0x7f27baabb4b0>,20,13,[5 3],21,39,52,18,28
1,<environment.Job instance at 0x7f27baabb3c0>,18,17,[3 7],19,39,56,20,28
1,<environment.Job instance at 0x7f27baabb140>,15,12,[8 5],16,56,68,40,46
1,<environment.Job instance at 0x7f27baabb820>,22,17,[6 4],23,68,85,45,56
1,<environment.Job instance at 0x7f27ba7fc320>,6,13,[9 3],7,7,20,0,7
1,<environment.Job instance at 0x7f27ba7fc190>,5,18,[1 8],6,20,38,14,9
1,<environment.Job instance at 0x7f27ba7fceb0>,9,15,[5 7],10,38,53,28,26
1,<environment.Job instance at 0x7f27ba7fc500>,19,18,[6 4],20,53,71,33,49
1,<environment.Job instance at 0x7f27ba7fc410>,15,14,[ 1 10],16,71,85,55,57
1,<environment.Job instance at 0x7f27ba6bd190>,2,3,[5 9],3,3,6,0,3
1,<environment.Job instance at 0x7f27ba6bd820>,4,3,[2 7],5,18,21,13,18
1,<environment.Job instance at 0x7f27fe6345f0>,12,12,[6 1],13,20,32,7,20
1,<environment.Job instance at 0x7f27fe634d70>,13,3,[8 3],14,32,35,18,20
1,<environment.Job instance at 0x7f27fe634910>,15,16,[10  5],16,35,51,19,22
1,<environment.Job instance at 0x7f27fe35a5a0>,19,18,[2 7],20,51,69,31,42
1,<environment.Job instance at 0x7f27fe1c5f00>,27,1,[5 1],28,51,52,23,42
1,<environment.Job instance at 0x7f27fe634550>,8,16,[4 8],9,69,85,60,57
1,<environment.Job instance at 0x7f27fe1c5b90>,4,3,[4 5],5,6,9,1,6
1,<environment.Job instance at 0x7f27ba820fa0>,1,14,[9 4],2,9,23,7,8
1,<environment.Job instance at 0x7f27ba3afbe0>,9,18,[ 2 10],10,23,41,13,13
1,<environment.Job instance at 0x7f27ba3ab410>,17,15,[5 8],18,41,56,23,29
1,<environment.Job instance at 0x7f27ba3ab7d0>,22,1,[9 5],23,56,57,33,29
1,<environment.Job instance at 0x7f27ba3abd20>,28,15,[5 8],29,57,72,28,47
1,<environment.Job instance at 0x7f27ba3a63c0>,34,13,[ 5 10],35,72,85,37,62
1,<environment.Job instance at 0x7f27ba3b3b90>,0,13,[2 6],1,2,15,1,2
1,<environment.Job instance at 0x7f28051cc640>,4,15,[5 6],5,15,30,10,8
1,<environment.Job instance at 0x7f27ba3b3cd0>,1,13,[10  4],2,30,43,28,15
1,<environment.Job instance at 0x7f27ba7115f0>,15,15,[3 9],16,43,58,27,29
1,<environment.Job instance at 0x7f27ba711050>,21,14,[5 8],22,58,72,36,47
1,<environment.Job instance at 0x7f27ba711d20>,24,17,[7 2],25,72,89,47,60
1,<environment.Job instance at 0x7f2805100410>,1,16,[3 9],2,7,23,5,7
1,<environment.Job instance at 0x7f27ba640500>,8,14,[6 4],9,23,37,14,9
1,<environment.Job instance at 0x7f27ba8b3820>,15,16,[7 3],16,37,53,21,25
1,<environment.Job instance at 0x7f27fe017aa0>,22,14,[9 2],23,53,67,30,46
1,<environment.Job instance at 0x7f2804e2fb90>,4,13,[2 7],5,67,80,62,54
1,<environment.Job instance at 0x7f27fe61cd20>,25,17,[5 3],26,67,84,41,60
1,<environment.Job instance at 0x7f27bab11050>,2,1,[1 8],3,3,4,0,3
1,<environment.Job instance at 0x7f27ba9bab90>,10,18,[6 4],11,22,40,11,22
1,<environment.Job instance at 0x7f27fe54fbe0>,18,13,[8 5],19,40,53,21,25
1,<environment.Job instance at 0x7f27fe2b35f0>,15,16,[7 3],16,53,69,37,45
1,<environment.Job instance at 0x7f27fe5738c0>,22,16,[5 4],23,69,85,46,56
1,<environment.Job instance at 0x7f27fe48f4b0>,27,18,[1 6],28,61,79,33,61
1,<environment.Job instance at 0x7f2804c5e280>,0,2,[6 1],1,2,4,1,2
1,<environment.Job instance at 0x7f2804c5e6e0>,3,12,[5 4],4,5,17,1,5
1,<environment.Job instance at 0x7f2804c5e690>,8,14,[ 1 10],9,17,31,8,13
1,<environment.Job instance at 0x7f2804c5eaf0>,13,13,[5 6],14,31,44,17,25
1,<environment.Job instance at 0x7f27fe030140>,20,3,[ 4 10],21,44,47,23,26
1,<environment.Job instance at 0x7f2804c86cd0>,25,14,[7 2],26,48,62,22,48
1,<environment.Job instance at 0x7f27fe030870>,18,16,[10  3],19,62,78,43,57
1,<environment.Job instance at 0x7f27fe030a50>,24,17,[2 7],25,78,95,53,67
1,<environment.Job instance at 0x7f27fe5a08c0>,0,2,[8 2],1,4,6,3,4
1,<environment.Job instance at 0x7f27fe5a0c30>,7,15,[10  4],8,9,24,1,9
1,<environment.Job instance at 0x7f27fe5a00f0>,2,15,[5 1],3,24,39,21,11
1,<environment.Job instance at 0x7f27ba37a5a0>,15,13,[5 4],16,24,37,8,16
1,<environment.Job instance at 0x7f27ba987910>,17,15,[2 6],18,37,52,19,25
1,<environment.Job instance at 0x7f2804e22870>,20,13,[2 8],21,52,65,31,38
1,<environment.Job instance at 0x7f27fdfdc960>,24,13,[5 8],25,65,78,40,50
1,<environment.Job instance at 0x7f27baa6db90>,28,16,[9 1],29,78,94,49,65
1,<environment.Job instance at 0x7f27fe5a7f00>,32,2,[10  3],33,94,96,61,67
1,<environment.Job instance at 0x7f27fe5a7af0>,33,1,[1 7],34,78,79,44,67
1,<environment.Job instance at 0x7f17627054b0>,3,18,[ 3 10],4,7,25,3,7
1,<environment.Job instance at 0x7f175d2b1550>,7,14,[5 1],8,25,39,17,10
1,<environment.Job instance at 0x7f1762705780>,4,18,[10  4],5,39,57,34,30
1,<environment.Job instance at 0x7f175d2b1b40>,15,3,[10  2],16,57,60,41,46
1,<environment.Job instance at 0x7f175d2b1780>,16,12,[1 8],17,60,72,43,47
1,<environment.Job instance at 0x7f17626c10f0>,0,18,[ 2 10],1,72,90,71,68
1,<environment.Job instance at 0x7f175d2b1f00>,2,3,[10  1],3,4,7,1,4
1,<environment.Job instance at 0x7f1762828be0>,4,12,[3 5],5,7,19,2,5
1,<environment.Job instance at 0x7f176283b1e0>,10,3,[7 2],11,11,14,0,11
1,<environment.Job instance at 0x7f176283b140>,11,16,[5 8],12,19,35,7,12
1,<environment.Job instance at 0x7f176283be10>,12,2,[2 5],13,14,16,1,13
1,<environment.Job instance at 0x7f176283b0f0>,13,12,[4 9],14,35,47,21,23
1,<environment.Job instance at 0x7f1762831f00>,16,2,[4 8],17,47,49,30,23
1,<environment.Job instance at 0x7f1762835370>,24,17,[5 4],25,52,69,27,52
1,<environment.Job instance at 0x7f1762831c30>,18,12,[10  1],19,69,81,50,54
1,<environment.Job instance at 0x7f1762835c80>,32,2,[4 8],33,81,83,48,58
1,<environment.Job instance at 0x7f1762835af0>,33,3,[1 6],34,60,63,26,60
1,<environment.Job instance at 0x7f17626e9c80>,36,15,[9 2],37,83,98,46,73
1,<environment.Job instance at 0x7f1717650910>,1,3,[1 5],2,2,5,0,2
1,<environment.Job instance at 0x7f17626e9230>,2,1,[10  1],3,5,6,2,3
1,<environment.Job instance at 0x7f17176502d0>,3,15,[4 8],4,6,21,2,5
1,<environment.Job instance at 0x7f1717650190>,7,18,[5 2],8,8,26,0,8
1,<environment.Job instance at 0x7f1717650140>,0,12,[6 3],1,26,38,25,10
1,<environment.Job instance at 0x7f171765bd70>,13,12,[1 7],14,21,33,7,14
1,<environment.Job instance at 0x7f1717651eb0>,24,12,[5 7],25,38,50,13,38
1,<environment.Job instance at 0x7f171765b730>,18,14,[4 7],19,50,64,31,38
1,<environment.Job instance at 0x7f1717651820>,30,18,[5 1],31,49,67,18,49
1,<environment.Job instance at 0x7f1717650aa0>,8,18,[4 6],9,64,82,55,53
1,<environment.Job instance at 0x7f1717651190>,32,14,[8 4],33,82,96,49,72
1,<environment.Job instance at 0x7f1717665870>,2,3,[3 9],3,3,6,0,3
1,<environment.Job instance at 0x7f17174fb690>,3,18,[1 6],4,9,27,5,9
1,<environment.Job instance at 0x7f17174fb230>,7,16,[2 8],8,27,43,19,15
1,<environment.Job instance at 0x7f1717a02280>,8,12,[9 2],9,43,55,34,27
1,<environment.Job instance at 0x7f1717a02140>,19,12,[1 8],20,43,55,23,28
1,<environment.Job instance at 0x7f17174fbbe0>,6,17,[2 6],7,55,72,48,50
1,<environment.Job instance at 0x7f17175dddc0>,1,16,[7 4],2,61,77,59,61
1,<environment.Job instance at 0x7f1717558190>,32,17,[8 2],33,77,94,44,67
1,<environment.Job instance at 0x7f1717c60910>,6,15,[6 2],7,8,23,1,8
1,<environment.Job instance at 0x7f1717c60e10>,12,2,[6 1],13,23,25,10,13
1,<environment.Job instance at 0x7f1717c60f50>,13,13,[2 5],14,14,27,0,14
1,<environment.Job instance at 0x7f1717c60c80>,11,16,[2 8],12,27,43,15,15
1,<environment.Job instance at 0x7f1717c71190>,16,2,[3 5],17,25,27,8,17
1,<environment.Job instance at 0x7f1717c71230>,17,2,[9 1],18,43,45,25,18
1,<environment.Job instance at 0x7f1717c71730>,19,16,[1 7],20,43,59,23,32
1,<environment.Job instance at 0x7f1717c71af0>,25,17,[6 3],26,55,72,29,55
1,<environment.Job instance at 0x7f1717c71640>,27,2,[5 9],28,72,74,44,56
1,<environment.Job instance at 0x7f1717c71b40>,28,17,[2 8],29,74,91,45,62
1,<environment.Job instance at 0x7f1717c59230>,34,12,[2 9],35,91,103,56,78
1,<environment.Job instance at 0x7f175de000a0>,1,3,[3 7],2,4,7,2,4
1,<environment.Job instance at 0x7f175de004b0>,2,17,[4 6],3,7,24,4,4
1,<environment.Job instance at 0x7f175d4c68c0>,6,13,[8 3],7,24,37,17,8
1,<environment.Job instance at 0x7f175de00050>,5,12,[4 7],6,37,49,31,20
1,<environment.Job instance at 0x7f175d4c67d0>,7,13,[4 6],8,49,62,41,34
1,<environment.Job instance at 0x7f175d4c6640>,13,16,[3 5],14,62,78,48,50
1,<environment.Job instance at 0x7f175d0fb2d0>,22,13,[3 9],23,78,91,55,65
1,<environment.Job instance at 0x7f175d0fd960>,25,16,[10  5],26,91,107,65,78
1,<environment.Job instance at 0x7f175d0e8410>,31,1,[5 5],32,107,108,75,79
1,<environment.Job instance at 0x7f175d3ab2d0>,0,1,[10  3],1,3,4,2,3
1,<environment.Job instance at 0x7f175d821fa0>,4,2,[4 8],5,5,7,0,5
1,<environment.Job instance at 0x7f171778adc0>,3,3,[9 4],4,7,10,3,5
1,<environment.Job instance at 0x7f1717719b90>,6,14,[8 1],7,10,24,3,10
1,<environment.Job instance at 0x7f1717719a50>,7,12,[10  4],8,24,36,16,11
1,<environment.Job instance at 0x7f175d57b730>,13,14,[8 2],14,36,50,22,21
1,<environment.Job instance at 0x7f171776f690>,25,2,[9 3],26,50,52,24,40
1,<environment.Job instance at 0x7f175d0e8a00>,26,14,[7 5],27,52,66,25,40
1,<environment.Job instance at 0x7f1717747aa0>,12,17,[2 5],13,52,69,39,40
1,<environment.Job instance at 0x7f175da345a0>,32,12,[3 8],33,69,81,36,55
1,<environment.Job instance at 0x7f175d65a780>,35,16,[4 5],36,81,97,45,68
1,<environment.Job instance at 0x7f17177474b0>,2,3,[4 9],3,3,6,0,3
1,<environment.Job instance at 0x7f171769ed20>,9,14,[9 5],10,13,27,3,13
1,<environment.Job instance at 0x7f171768e320>,13,1,[7 1],14,27,28,13,14
1,<environment.Job instance at 0x7f175d41cb40>,3,18,[ 1 10],4,28,46,24,17
1,<environment.Job instance at 0x7f171768e960>,18,16,[9 2],19,46,62,27,34
1,<environment.Job instance at 0x7f171768eb40>,21,13,[1 9],22,62,75,40,49
1,<environment.Job instance at 0x7f171768e780>,16,17,[ 1 10],17,75,92,58,65
1,<environment.Job instance at 0x7f1717680190>,30,13,[10  4],31,92,105,61,76
1,<environment.Job instance at 0x7f1717543be0>,1,2,[2 9],2,2,4,0,2
1,<environment.Job instance at 0x7f1717680050>,2,2,[7 3],3,4,6,1,4
1,<environment.Job instance at 0x7f1717543500>,4,15,[7 3],5,6,21,1,5
1,<environment.Job instance at 0x7f175d296cd0>,10,17,[2 6],11,36,53,25,36
1,<environment.Job instance at 0x7f175d296eb0>,7,15,[10  1],8,53,68,45,40
1,<environment.Job instance at 0x7f175d3d4230>,33,16,[8 5],34,68,84,34,58
1,<environment.Job instance at 0x7f175dddfb40>,35,3,[1 9],36,84,87,48,61
1,<environment.Job instance at 0x7f175d2cbf50>,36,15,[10  4],37,87,102,50,74
1,<environment.Job instance at 0x7f175d2cb280>,2,2,[8 4],3,3,5,0,3
1,<environment.Job instance at 0x7f17176bc690>,1,2,[8 4],2,5,7,3,4
1,<environment.Job instance at 0x7f175d388230>,13,15,[5 5],14,15,30,1,15
1,<environment.Job instance at 0x7f175d676be0>,16,13,[4 7],17,30,43,13,20
1,<environment.Job instance at 0x7f175d129fa0>,25,2,[4 7],26,46,48,20,46
1,<environment.Job instance at 0x7f175d23c500>,26,18,[6 3],27,46,64,19,46
1,<environment.Job instance at 0x7f17177adf00>,30,15,[10  4],31,64,79,33,55
1,<environment.Job instance at 0x7f175d276410>,34,14,[3 8],35,79,93,44,78
1,<environment.Job instance at 0x7f175da530f0>,1,3,[3 9],2,2,5,0,2
1,<environment.Job instance at 0x7f1717428960>,9,18,[9 5],10,10,28,0,10
1,<environment.Job instance at 0x7f1717428c30>,12,13,[9 4],13,28,41,15,13
1,<environment.Job instance at 0x7f1717428e60>,14,16,[2 7],15,41,57,26,30
1,<environment.Job instance at 0x7f1717428eb0>,18,16,[8 3],19,41,57,22,39
1,<environment.Job instance at 0x7f175d99fe60>,0,14,[ 2 10],1,57,71,56,54
1,<environment.Job instance at 0x7f1717424410>,26,2,[5 9],27,71,73,44,57
1,<environment.Job instance at 0x7f175dac3730>,2,15,[5 9],3,3,18,0,3
1,<environment.Job instance at 0x7f175dac34b0>,1,2,[1 6],2,18,20,16,5
1,<environment.Job instance at 0x7f17179de780>,16,2,[7 1],17,29,31,12,29
1,<environment.Job instance at 0x7f17179de0f0>,18,16,[7 2],19,31,47,12,29
1,<environment.Job instance at 0x7f17179de190>,17,18,[3 8],18,29,47,11,29
1,<environment.Job instance at 0x7f175dac33c0>,0,16,[ 2 10],1,47,63,46,46
1,<environment.Job instance at 0x7f175d42fb40>,40,15,[2 8],41,64,79,23,64
1,<environment.Job instance at 0x7f175d42fc30>,42,12,[6 1],43,66,78,23,66
1,<environment.Job instance at 0x7f175d42f1e0>,43,3,[8 3],44,79,82,35,66
1,<environment.Job instance at 0x7f17179dee10>,25,18,[9 2],26,82,100,56,71
1,<environment.Job instance at 0x7f175d252b40>,2,3,[1 8],3,3,6,0,3
1,<environment.Job instance at 0x7f17177f09b0>,3,12,[3 8],4,6,18,2,4
1,<environment.Job instance at 0x7f17177f0b40>,4,3,[1 5],5,18,21,13,5
1,<environment.Job instance at 0x7f17177f0190>,5,15,[3 5],6,18,33,12,6
1,<environment.Job instance at 0x7f171773ed20>,10,2,[10  5],11,33,35,22,11
1,<environment.Job instance at 0x7f171773e4b0>,9,2,[5 1],10,13,15,3,13
1,<environment.Job instance at 0x7f1717aa7a00>,8,2,[7 4],9,21,23,12,16
1,<environment.Job instance at 0x7f171773ed70>,12,13,[9 1],13,35,48,22,23
1,<environment.Job instance at 0x7f171773e500>,16,12,[9 5],17,48,60,31,33
1,<environment.Job instance at 0x7f171773e730>,17,17,[10  4],18,60,77,42,48
1,<environment.Job instance at 0x7f17179ef6e0>,28,13,[1 5],29,77,90,48,63
1,<environment.Job instance at 0x7f175dde1960>,25,18,[7 5],26,77,95,51,69
1,<environment.Job instance at 0x7f176244de60>,1,13,[7 4],2,4,17,2,4
1,<environment.Job instance at 0x7f175d05dcd0>,4,18,[5 5],5,17,35,12,6
1,<environment.Job instance at 0x7f175d3af4b0>,12,15,[8 4],13,35,50,22,21
1,<environment.Job instance at 0x7f175d08c960>,16,17,[2 5],17,23,40,6,23
1,<environment.Job instance at 0x7f175d08c550>,19,13,[6 4],20,50,63,30,34
1,<environment.Job instance at 0x7f175d0891e0>,24,12,[9 1],25,63,75,38,46
1,<environment.Job instance at 0x7f175d08c6e0>,11,13,[10  4],12,75,88,63,62
1,<environment.Job instance at 0x7f1717689050>,29,18,[7 5],30,88,106,58,77
1,<environment.Job instance at 0x7f1717ab2c30>,1,16,[3 9],2,3,19,1,3
1,<environment.Job instance at 0x7f1717c1c550>,6,18,[6 4],7,19,37,12,8
1,<environment.Job instance at 0x7f175dc01aa0>,10,2,[1 6],11,19,21,8,12
1,<environment.Job instance at 0x7f17175d2280>,13,2,[2 7],14,37,39,23,19
1,<environment.Job instance at 0x7f175da00fa0>,8,14,[6 4],9,39,53,30,26
1,<environment.Job instance at 0x7f175d0fa140>,22,14,[9 2],23,53,67,30,39
1,<environment.Job instance at 0x7f175d08d410>,24,2,[6 1],25,67,69,42,40
1,<environment.Job instance at 0x7f17179b3a50>,17,16,[1 8],18,53,69,35,41
1,<environment.Job instance at 0x7f17177d0c30>,30,13,[4 6],31,69,82,38,54
1,<environment.Job instance at 0x7f1717bf3910>,25,17,[5 3],26,69,86,43,58
1,<environment.Job instance at 0x7f1717628460>,34,13,[2 8],35,86,99,51,71
1,<environment.Job instance at 0x7f171766ab90>,1,2,[1 9],2,2,4,0,2
1,<environment.Job instance at 0x7f175d7e0410>,2,3,[10  4],3,4,7,1,3
1,<environment.Job instance at 0x7f175dd11190>,3,13,[8 4],4,7,20,3,4
1,<environment.Job instance at 0x7f175dd11c80>,4,3,[9 3],5,20,23,15,5
1,<environment.Job instance at 0x7f175dd11f00>,8,13,[8 5],9,23,36,14,9
1,<environment.Job instance at 0x7f175d9dbbe0>,9,13,[8 2],10,36,49,26,21
1,<environment.Job instance at 0x7f175d9db500>,17,18,[1 6],18,36,54,18,28
1,<environment.Job instance at 0x7f175d50c960>,22,14,[7 3],23,49,63,26,34
1,<environment.Job instance at 0x7f175d50ccd0>,24,1,[7 4],25,63,64,38,36
1,<environment.Job instance at 0x7f175d50c7d0>,29,18,[6 2],30,64,82,34,53
1,<environment.Job instance at 0x7f175d24a7d0>,33,14,[ 4 10],34,82,96,48,69
1,<environment.Job instance at 0x7f17173ae460>,3,3,[8 1],4,5,8,1,5
1,<environment.Job instance at 0x7f1717a6e370>,5,14,[7 2],6,8,22,2,6
1,<environment.Job instance at 0x7f1717a6eb40>,12,17,[6 4],13,22,39,9,19
1,<environment.Job instance at 0x7f1717a4ee10>,16,15,[5 6],17,39,54,22,25
1,<environment.Job instance at 0x7f17173ae3c0>,4,17,[2 7],5,54,71,49,42
1,<environment.Job instance at 0x7f1717a6eaa0>,8,17,[6 5],9,71,88,62,60
1,<environment.Job instance at 0x7f1717a5daf0>,20,15,[1 8],21,88,103,67,74
1,<environment.Job instance at 0x7f1717b93050>,31,15,[5 2],32,88,103,56,76
1,<environment.Job instance at 0x7f175d2560a0>,2,2,[10  3],3,3,5,0,3
1,<environment.Job instance at 0x7f17175ef1e0>,9,14,[2 8],10,19,33,9,19
1,<environment.Job instance at 0x7f175d293c30>,5,14,[1 7],6,33,47,27,19
1,<environment.Job instance at 0x7f17177225f0>,15,18,[5 6],16,47,65,31,38
1,<environment.Job instance at 0x7f17177225a0>,18,12,[ 1 10],19,65,77,46,48
1,<environment.Job instance at 0x7f175d87ca50>,24,15,[2 7],25,77,92,52,63
1,<environment.Job instance at 0x7f175d089500>,29,12,[5 8],30,92,104,62,77
1,<environment.Job instance at 0x7f175d089500>,2,16,[6 1],3,3,19,0,3
1,<environment.Job instance at 0x7f171787c410>,4,2,[1 9],5,6,8,1,6
1,<environment.Job instance at 0x7f171787c690>,5,14,[5 4],6,19,33,13,17
1,<environment.Job instance at 0x7f175d5b4aa0>,11,12,[3 5],12,19,31,7,19
1,<environment.Job instance at 0x7f175df366e0>,17,18,[6 1],18,33,51,15,23
1,<environment.Job instance at 0x7f175d9a1320>,26,17,[1 6],27,38,55,11,38
1,<environment.Job instance at 0x7f1717b8ce10>,27,13,[9 4],28,51,64,23,42
1,<environment.Job instance at 0x7f175dd648c0>,30,2,[1 5],31,55,57,24,51
1,<environment.Job instance at 0x7f175d9fa320>,34,14,[ 5 10],35,64,78,29,55
1,<environment.Job instance at 0x7f175d8a8d20>,37,15,[4 8],38,78,93,40,65
1,<environment.Job instance at 0x7f1717398c30>,2,16,[2 8],3,7,23,4,7
1,<environment.Job instance at 0x7f1717398320>,3,12,[3 9],4,23,35,19,10
1,<environment.Job instance at 0x7f1717398f50>,11,12,[8 1],12,35,47,23,19
1,<environment.Job instance at 0x7f1717398f00>,9,17,[ 1 10],10,47,64,37,35
1,<environment.Job instance at 0x7f1717c6e280>,16,15,[3 9],17,64,79,47,52
1,<environment.Job instance at 0x7f175d26a550>,26,13,[ 2 10],27,79,92,52,63
1,<environment.Job instance at 0x7f175d26a7d0>,29,3,[7 3],30,92,95,62,69
1,<environment.Job instance at 0x7f175d26aaf0>,31,12,[5 3],32,95,107,63,78
1,<environment.Job instance at 0x7f708b152140>,0,18,[ 2 10],1,7,25,6,7
1,<environment.Job instance at 0x7f708b196d70>,3,18,[ 3 10],4,25,43,21,14
1,<environment.Job instance at 0x7f7085d42b40>,14,12,[3 7],15,43,55,28,36
1,<environment.Job instance at 0x7f7085d42cd0>,16,12,[1 8],17,55,67,38,38
1,<environment.Job instance at 0x7f7085d42780>,9,17,[ 4 10],10,75,92,65,75
1,<environment.Job instance at 0x7f7085d460f0>,27,2,[6 4],28,92,94,64,80
1,<environment.Job instance at 0x7f7085d465f0>,29,13,[1 6],30,92,105,62,80
1,<environment.Job instance at 0x7f708b17a3c0>,0,3,[7 2],1,3,6,2,3
1,<environment.Job instance at 0x7f7085d4be10>,1,16,[5 8],2,10,26,8,10
1,<environment.Job instance at 0x7f7085d46320>,3,12,[4 9],4,27,39,23,27
1,<environment.Job instance at 0x7f708b2c6c30>,16,12,[2 6],17,39,51,22,27
1,<environment.Job instance at 0x7f708b2b8a00>,10,18,[7 5],11,51,69,40,47
1,<environment.Job instance at 0x7f708b2c57d0>,25,14,[9 1],26,69,83,43,55
1,<environment.Job instance at 0x7f708b2ccf00>,29,16,[1 8],30,69,85,39,57
1,<environment.Job instance at 0x7f708b2c6370>,13,17,[5 6],14,85,102,71,73
1,<environment.Job instance at 0x7f708b2ccfa0>,35,15,[5 3],36,85,100,49,80
1,<environment.Job instance at 0x7f708b2cc1e0>,38,16,[7 1],39,102,118,63,89
1,<environment.Job instance at 0x7f70401105a0>,1,1,[5 1],2,2,3,0,2
1,<environment.Job instance at 0x7f708b2cce10>,2,2,[8 2],3,3,5,0,3
1,<environment.Job instance at 0x7f7040110f50>,3,1,[3 9],4,5,6,1,4
1,<environment.Job instance at 0x7f7040110b40>,4,12,[5 7],5,6,18,1,5
1,<environment.Job instance at 0x7f70400e4690>,7,2,[9 3],8,18,20,10,9
1,<environment.Job instance at 0x7f70400e48c0>,10,18,[5 1],11,20,38,9,11
1,<environment.Job instance at 0x7f70400e4140>,11,3,[8 2],12,38,41,26,14
1,<environment.Job instance at 0x7f70400e4640>,17,3,[4 9],18,21,24,3,21
1,<environment.Job instance at 0x7f70400e4eb0>,18,2,[ 3 10],19,41,43,22,24
1,<environment.Job instance at 0x7f70400e4320>,19,1,[10  3],20,43,44,23,26
1,<environment.Job instance at 0x7f70400e4b90>,14,17,[10  5],15,44,61,29,40
1,<environment.Job instance at 0x7f70400f2d70>,26,13,[5 1],27,61,74,34,49
1,<environment.Job instance at 0x7f70400f2af0>,25,17,[5 9],26,61,78,35,57
1,<environment.Job instance at 0x7f70400f2c30>,30,17,[2 9],31,78,95,47,70
1,<environment.Job instance at 0x7f70400f2140>,35,17,[8 1],36,78,95,42,75
1,<environment.Job instance at 0x7f70400f2230>,36,16,[7 2],37,95,111,58,82
1,<environment.Job instance at 0x7f70400f2230>,3,18,[7 5],4,5,23,1,5
1,<environment.Job instance at 0x7f70404a8be0>,11,16,[6 2],12,23,39,11,17
1,<environment.Job instance at 0x7f70404a8a50>,16,13,[3 6],17,25,38,8,25
1,<environment.Job instance at 0x7f70404a8d70>,20,13,[7 4],21,39,52,18,26
1,<environment.Job instance at 0x7f70404a88c0>,23,18,[9 2],24,52,70,28,45
1,<environment.Job instance at 0x7f70404c1410>,28,15,[2 5],29,70,85,41,56
1,<environment.Job instance at 0x7f7040401b90>,29,15,[7 4],30,70,85,40,56
1,<environment.Job instance at 0x7f70400f2190>,2,17,[8 2],3,85,102,82,78
1,<environment.Job instance at 0x7f70404010f0>,33,13,[8 3],34,102,115,68,86
1,<environment.Job instance at 0x7f704013b320>,2,2,[1 5],3,5,7,2,5
1,<environment.Job instance at 0x7f704042c050>,5,12,[2 5],6,6,18,0,6
1,<environment.Job instance at 0x7f704042c820>,6,3,[2 7],7,18,21,11,7
1,<environment.Job instance at 0x7f704042c6e0>,7,13,[ 1 10],8,21,34,13,8
1,<environment.Job instance at 0x7f704043c910>,18,14,[3 6],19,45,59,26,45
1,<environment.Job instance at 0x7f704043ca00>,21,3,[10  4],22,59,62,37,45
1,<environment.Job instance at 0x7f704043c500>,16,15,[4 9],17,62,77,45,49
1,<environment.Job instance at 0x7f704042f2d0>,30,12,[1 5],31,77,89,46,63
1,<environment.Job instance at 0x7f704042f410>,32,17,[9 1],33,77,94,44,67
1,<environment.Job instance at 0x7f7086437b40>,0,1,[2 9],1,1,2,0,1
1,<environment.Job instance at 0x7f704043c1e0>,1,3,[9 3],2,3,6,1,3
1,<environment.Job instance at 0x7f70864370f0>,4,15,[ 1 10],5,8,23,3,8
1,<environment.Job instance at 0x7f7086437d20>,3,13,[9 5],4,23,36,19,14
1,<environment.Job instance at 0x7f70860fd3c0>,15,1,[3 6],16,36,37,20,16
1,<environment.Job instance at 0x7f7085b894b0>,16,15,[ 5 10],17,37,52,20,23
1,<environment.Job instance at 0x7f7085f9d320>,19,14,[2 6],20,52,66,32,37
1,<environment.Job instance at 0x7f7085b214b0>,24,17,[7 4],25,52,69,27,46
1,<environment.Job instance at 0x7f7085f9d370>,22,12,[4 9],23,69,81,46,52
1,<environment.Job instance at 0x7f70403e9e60>,36,14,[8 1],37,81,95,44,71
1,<environment.Job instance at 0x7f70403e90a0>,38,1,[2 5],39,81,82,42,75
1,<environment.Job instance at 0x7f7085b21320>,28,12,[5 6],29,95,107,66,78
1,<environment.Job instance at 0x7f7085f82280>,1,12,[5 9],2,3,15,1,3
1,<environment.Job instance at 0x7f7086a73730>,3,18,[6 1],4,15,33,11,6
1,<environment.Job instance at 0x7f70869cb870>,10,3,[1 6],11,15,18,4,11
1,<environment.Job instance at 0x7f708688d320>,12,3,[4 9],13,18,21,5,15
1,<environment.Job instance at 0x7f708688da00>,13,12,[ 2 10],14,33,45,19,16
1,<environment.Job instance at 0x7f7040660870>,17,18,[3 6],18,45,63,27,34
1,<environment.Job instance at 0x7f7086392cd0>,24,14,[7 5],25,63,77,38,50
1,<environment.Job instance at 0x7f7086392820>,25,12,[6 1],26,50,62,24,50
1,<environment.Job instance at 0x7f7085b74b90>,28,2,[5 4],29,77,79,48,50
1,<environment.Job instance at 0x7f70401f0640>,29,14,[9 5],30,79,93,49,64
1,<environment.Job instance at 0x7f704060ca00>,35,17,[ 5 10],36,93,110,57,86
1,<environment.Job instance at 0x7f704060ca00>,5,3,[9 4],6,7,10,1,7
1,<environment.Job instance at 0x7f7085b7c050>,1,13,[6 5],2,10,23,8,7
1,<environment.Job instance at 0x7f7086377870>,8,17,[7 2],9,23,40,14,11
1,<environment.Job instance at 0x7f7086377d20>,14,15,[7 3],15,40,55,25,26
1,<environment.Job instance at 0x7f7086370230>,20,17,[2 6],21,31,48,10,31
1,<environment.Job instance at 0x7f7086370550>,24,12,[3 5],25,48,60,23,34
1,<environment.Job instance at 0x7f70863708c0>,28,3,[3 9],29,60,63,31,37
1,<environment.Job instance at 0x7f7086370f00>,32,15,[10  1],33,63,78,30,57
1,<environment.Job instance at 0x7f70863747d0>,37,2,[ 2 10],38,78,80,40,65
1,<environment.Job instance at 0x7f70863745f0>,39,16,[5 3],40,80,96,40,76
1,<environment.Job instance at 0x7f7086374050>,36,14,[1 7],37,80,94,43,77
1,<environment.Job instance at 0x7f7085c4f3c0>,2,13,[ 5 10],3,96,109,93,80
1,<environment.Job instance at 0x7f7086374b90>,1,2,[8 4],2,2,4,0,2
1,<environment.Job instance at 0x7f7086374be0>,4,16,[4 5],5,5,21,0,5
1,<environment.Job instance at 0x7f70405fa230>,16,13,[4 7],17,23,36,6,23
1,<environment.Job instance at 0x7f7085e672d0>,19,13,[7 4],20,37,50,17,37
1,<environment.Job instance at 0x7f7040390d20>,26,18,[6 3],27,50,68,23,47
1,<environment.Job instance at 0x7f7085d1db40>,30,15,[10  4],31,68,83,37,57
1,<environment.Job instance at 0x7f7085d1dc80>,32,15,[4 8],33,83,98,50,71
1,<environment.Job instance at 0x7f7085d1d780>,35,12,[10  1],36,98,110,62,81
1,<environment.Job instance at 0x7f7040553870>,8,16,[8 3],9,9,25,0,9
1,<environment.Job instance at 0x7f7040553500>,11,21,[8 2],12,25,46,13,17
1,<environment.Job instance at 0x7f70867a9280>,4,16,[2 7],5,34,50,29,34
1,<environment.Job instance at 0x7f70867a9fa0>,2,13,[9 4],3,50,63,47,38
1,<environment.Job instance at 0x7f708671feb0>,25,12,[7 1],26,63,75,37,49
1,<environment.Job instance at 0x7f708679cbe0>,31,1,[6 5],32,75,76,43,62
1,<environment.Job instance at 0x7f70868700f0>,26,18,[8 3],27,76,94,49,65
1,<environment.Job instance at 0x7f708679c4b0>,34,2,[9 3],35,94,96,59,77
1,<environment.Job instance at 0x7f70402173c0>,36,13,[9 3],37,96,109,59,80
1,<environment.Job instance at 0x7f70861895a0>,18,16,[4 8],19,45,61,26,45
1,<environment.Job instance at 0x7f7086189b90>,22,12,[6 1],23,49,61,26,49
1,<environment.Job instance at 0x7f7086189910>,20,15,[2 8],21,61,76,40,50
1,<environment.Job instance at 0x7f7086189a50>,25,16,[10  5],26,76,92,50,64
1,<environment.Job instance at 0x7f70861b4230>,34,13,[8 2],35,92,105,57,77
1,<environment.Job instance at 0x7f70861b44b0>,38,13,[2 5],39,92,105,53,79
1,<environment.Job instance at 0x7f70861b4870>,1,1,[8 4],2,2,3,0,2
1,<environment.Job instance at 0x7f70865fdaa0>,2,1,[2 5],3,3,4,0,3
1,<environment.Job instance at 0x7f70861b4a00>,5,3,[5 6],6,6,9,0,6
1,<environment.Job instance at 0x7f70865fdb90>,6,1,[2 6],7,9,10,2,7
1,<environment.Job instance at 0x7f70865fd1e0>,7,15,[5 8],8,10,25,2,8
1,<environment.Job instance at 0x7f70865fd6e0>,8,18,[5 8],9,25,43,16,14
1,<environment.Job instance at 0x7f70868157d0>,20,13,[5 6],21,43,56,22,29
1,<environment.Job instance at 0x7f70868150a0>,25,15,[8 1],26,56,71,30,43
1,<environment.Job instance at 0x7f7040389140>,29,15,[6 2],30,71,86,41,57
1,<environment.Job instance at 0x7f7040389a00>,31,15,[5 4],32,86,101,54,74
1,<environment.Job instance at 0x7f70865fd500>,9,17,[2 6],10,83,100,73,83
1,<environment.Job instance at 0x7f7040389b90>,36,15,[3 5],37,100,115,63,86
1,<environment.Job instance at 0x7f7085d17320>,1,1,[4 5],2,4,5,2,4
1,<environment.Job instance at 0x7f708686fa00>,4,16,[7 4],5,8,24,3,8
1,<environment.Job instance at 0x7f7086642eb0>,8,17,[9 5],9,24,41,15,12
1,<environment.Job instance at 0x7f7085d1b910>,20,15,[5 5],21,41,56,20,28
1,<environment.Job instance at 0x7f708686f730>,3,15,[3 9],4,56,71,52,42
1,<environment.Job instance at 0x7f708641c320>,31,3,[1 8],32,71,74,39,57
1,<environment.Job instance at 0x7f7085d1b190>,24,15,[10  2],25,74,89,49,60
1,<environment.Job instance at 0x7f70860ba870>,36,14,[6 4],37,89,103,52,81
1,<environment.Job instance at 0x7f708664eb40>,4,13,[10  5],5,5,18,0,5
1,<environment.Job instance at 0x7f7085d10a50>,6,13,[5 7],7,18,31,11,12
1,<environment.Job instance at 0x7f7086651190>,11,12,[4 7],12,31,43,19,16
1,<environment.Job instance at 0x7f7085cebf50>,17,12,[1 6],18,43,55,25,27
1,<environment.Job instance at 0x7f70866515a0>,12,17,[9 4],13,43,60,30,32
1,<environment.Job instance at 0x7f703fd4f0f0>,30,18,[6 4],31,71,89,40,71
1,<environment.Job instance at 0x7f703fd4f730>,31,2,[1 9],32,89,91,57,71
1,<environment.Job instance at 0x7f703fd53550>,33,13,[8 4],34,91,104,57,79
1,<environment.Job instance at 0x7f708b2cc910>,6,1,[5 7],7,7,8,0,7
1,<environment.Job instance at 0x7f703fece0f0>,3,12,[5 4],4,9,21,5,9
1,<environment.Job instance at 0x7f70401f1f50>,13,13,[5 6],14,14,27,0,14
1,<environment.Job instance at 0x7f70401f14b0>,15,2,[8 1],16,27,29,11,16
1,<environment.Job instance at 0x7f703ff209b0>,16,13,[8 1],17,29,42,12,17
1,<environment.Job instance at 0x7f708b17a870>,20,3,[ 4 10],21,42,45,21,26
1,<environment.Job instance at 0x7f704019f0a0>,18,16,[10  3],19,48,64,29,48
1,<environment.Job instance at 0x7f708b2cc460>,8,14,[ 1 10],9,64,78,55,52
1,<environment.Job instance at 0x7f703ff75370>,28,17,[6 5],29,78,95,49,66
1,<environment.Job instance at 0x7f703ff75460>,36,15,[5 6],37,95,110,58,81
1,<environment.Job instance at 0x7f708678bf00>,1,1,[10  1],2,2,3,0,2
1,<environment.Job instance at 0x7f70402365f0>,15,14,[1 7],16,45,59,29,45
1,<environment.Job instance at 0x7f7040236370>,19,14,[2 8],20,59,73,39,56
1,<environment.Job instance at 0x7f7040236e10>,2,16,[6 1],3,6,22,3,6
1,<environment.Job instance at 0x7f70401fa1e0>,10,2,[3 5],11,16,18,5,16
1,<environment.Job instance at 0x7f7085fbcf50>,11,12,[3 5],12,18,30,6,16
1,<environment.Job instance at 0x7f70401faa00>,12,2,[1 9],13,30,32,17,16
1,<environment.Job instance at 0x7f7040208190>,16,16,[4 9],17,32,48,15,20
1,<environment.Job instance at 0x7f70401e9d20>,20,2,[7 5],21,22,24,1,21
1,<environment.Job instance at 0x7f70401caf00>,23,1,[9 4],24,48,49,24,24
1,<environment.Job instance at 0x7f70402086e0>,18,14,[5 4],19,49,63,30,40
1,<environment.Job instance at 0x7f7086171690>,28,13,[4 8],29,63,76,34,50
1,<environment.Job instance at 0x7f7086896aa0>,34,14,[ 5 10],35,76,90,41,61
1,<environment.Job instance at 0x7f70868858c0>,41,12,[5 6],42,90,102,48,75
1,<environment.Job instance at 0x7f703fd45f00>,1,12,[8 1],2,2,14,0,2
1,<environment.Job instance at 0x7f70406ac320>,2,13,[5 3],3,14,27,11,4
1,<environment.Job instance at 0x7f70406eb4b0>,8,12,[5 4],9,14,26,5,9
1,<environment.Job instance at 0x7f704056d690>,6,15,[3 9],7,27,42,20,13
1,<environment.Job instance at 0x7f7085acd1e0>,21,12,[5 3],22,42,54,20,38
1,<environment.Job instance at 0x7f70869db3c0>,0,15,[8 4],1,54,69,53,43
1,<environment.Job instance at 0x7f70861c8410>,33,14,[6 2],34,69,83,35,59
1,<environment.Job instance at 0x7f703ff72aa0>,31,15,[3 7],32,69,84,37,59
1,<environment.Job instance at 0x7f70867a94b0>,42,18,[4 8],43,84,102,41,73
1,<environment.Job instance at 0x7f70406ddd20>,4,13,[10  1],5,7,20,2,7
1,<environment.Job instance at 0x7f70406dd3c0>,11,18,[7 1],12,20,38,8,12
1,<environment.Job instance at 0x7f70406dd230>,15,16,[3 5],16,20,36,4,18
1,<environment.Job instance at 0x7f7040664b90>,16,14,[6 2],17,38,52,21,23
1,<environment.Job instance at 0x7f7040664f50>,22,17,[1 5],23,36,53,13,29
1,<environment.Job instance at 0x7f7040664be0>,23,3,[8 2],24,52,55,28,31
1,<environment.Job instance at 0x7f7040664c80>,25,3,[9 4],26,55,58,29,42
1,<environment.Job instance at 0x7f7040664870>,26,12,[5 3],27,58,70,31,42
1,<environment.Job instance at 0x7f70406dd960>,6,15,[4 6],7,58,73,51,56
1,<environment.Job instance at 0x7f70400b8dc0>,32,14,[5 2],33,70,84,37,56
1,<environment.Job instance at 0x7f70406648c0>,28,15,[10  2],29,84,99,55,79
1,<environment.Job instance at 0x7f70406f7140>,2,14,[6 2],3,4,18,1,4
1,<environment.Job instance at 0x7f7040576cd0>,4,2,[1 5],5,8,10,3,8
1,<environment.Job instance at 0x7f7040581dc0>,8,12,[6 3],9,18,30,9,9
1,<environment.Job instance at 0x7f70868dbcd0>,17,17,[5 6],18,30,47,12,23
1,<environment.Job instance at 0x7f703fed1780>,18,2,[7 1],19,47,49,28,23
1,<environment.Job instance at 0x7f703fed1cd0>,19,17,[5 2],20,30,47,10,23
1,<environment.Job instance at 0x7f703fed1e60>,22,3,[8 4],23,49,52,26,31
1,<environment.Job instance at 0x7f70868f1410>,16,14,[10  3],17,52,66,35,38
1,<environment.Job instance at 0x7f703fed1460>,27,3,[6 1],28,66,69,38,46
1,<environment.Job instance at 0x7f703fed1af0>,23,15,[2 7],24,66,81,42,52
1,<environment.Job instance at 0x7f7085f30b40>,32,12,[7 3],33,69,81,36,62
1,<environment.Job instance at 0x7f7086860d70>,26,17,[8 4],27,81,98,54,71
1,<environment.Job instance at 0x7f70862bf2d0>,38,18,[1 5],39,87,105,48,87
1,<environment.Job instance at 0x7f7085f30b90>,36,18,[7 3],37,98,116,61,89
1,<environment.Job instance at 0x7f7e56664230>,5,13,[5 9],6,6,19,0,6
1,<environment.Job instance at 0x7f7e56664370>,7,14,[5 1],8,10,24,2,10
1,<environment.Job instance at 0x7f7e5da73f00>,3,18,[ 3 10],4,24,42,20,13
1,<environment.Job instance at 0x7f7e566646e0>,12,3,[6 3],13,42,45,29,23
1,<environment.Job instance at 0x7f7e56664a50>,13,13,[1 8],14,45,58,31,32
1,<environment.Job instance at 0x7f7e56664820>,17,3,[10  3],18,58,61,40,46
1,<environment.Job instance at 0x7f7e56664cd0>,18,16,[8 5],19,61,77,42,49
1,<environment.Job instance at 0x7f7e56664d20>,21,3,[ 2 10],22,77,80,55,64
1,<environment.Job instance at 0x7f7e56668190>,23,18,[5 2],24,80,98,56,69
1,<environment.Job instance at 0x7f7e56668140>,25,3,[1 6],26,80,83,54,69
1,<environment.Job instance at 0x7f7e56668460>,29,13,[1 6],30,83,96,53,71
1,<environment.Job instance at 0x7f7e566680a0>,32,17,[9 3],33,98,115,65,93
1,<environment.Job instance at 0x7f7e5da9ca00>,1,1,[9 4],2,2,3,0,2
1,<environment.Job instance at 0x7f7e5da9cc80>,0,18,[7 5],1,3,21,2,3
1,<environment.Job instance at 0x7f7e5da9b690>,14,12,[6 1],15,22,34,7,22
1,<environment.Job instance at 0x7f7e5da9cb40>,7,3,[7 4],8,34,37,26,22
1,<environment.Job instance at 0x7f7e5da9b460>,15,14,[9 1],16,37,51,21,22
1,<environment.Job instance at 0x7f7e5dbe8410>,19,16,[1 8],20,37,53,17,34
1,<environment.Job instance at 0x7f7e5da9bdc0>,16,15,[9 2],17,51,66,34,37
1,<environment.Job instance at 0x7f7e5dbe7a00>,25,15,[5 3],26,66,81,40,53
1,<environment.Job instance at 0x7f7e5dbe7370>,30,16,[9 3],31,81,97,50,68
1,<environment.Job instance at 0x7f7e128b0a00>,6,13,[5 1],7,7,20,0,7
1,<environment.Job instance at 0x7f7e129d9af0>,2,14,[9 2],3,23,37,20,23
1,<environment.Job instance at 0x7f7e128b0460>,14,13,[5 9],15,37,50,22,23
1,<environment.Job instance at 0x7f7e128b0550>,12,17,[10  4],13,50,67,37,39
1,<environment.Job instance at 0x7f7e5dbee2d0>,5,17,[5 9],6,67,84,61,67
1,<environment.Job instance at 0x7f7e129157d0>,26,15,[ 5 10],27,84,99,57,82
1,<environment.Job instance at 0x7f7e12915a00>,31,13,[3 6],32,99,112,67,83
1,<environment.Job instance at 0x7f7e12915730>,33,12,[3 8],34,112,124,78,97
1,<environment.Job instance at 0x7f7e12fdfa50>,1,2,[3 8],2,3,5,1,3
1,<environment.Job instance at 0x7f7e128f60a0>,3,13,[8 3],4,5,18,1,5
1,<environment.Job instance at 0x7f7e128f6550>,5,18,[9 5],6,18,36,12,7
1,<environment.Job instance at 0x7f7e128f61e0>,15,2,[4 6],16,36,38,20,31
1,<environment.Job instance at 0x7f7e128f64b0>,17,14,[7 1],18,38,52,20,31
1,<environment.Job instance at 0x7f7e128f68c0>,18,3,[5 1],19,52,55,33,31
1,<environment.Job instance at 0x7f7e128f6780>,6,15,[7 3],7,55,70,48,43
1,<environment.Job instance at 0x7f7e12f7e410>,20,14,[ 3 10],21,70,84,49,55
1,<environment.Job instance at 0x7f7e12943b40>,29,3,[8 4],30,84,87,54,65
1,<environment.Job instance at 0x7f7e12943c30>,30,13,[ 4 10],31,87,100,56,71
1,<environment.Job instance at 0x7f7e12e61b40>,31,16,[2 8],32,100,116,68,89
1,<environment.Job instance at 0x7f7e12e66550>,2,17,[4 6],3,3,20,0,3
1,<environment.Job instance at 0x7f7e12ad8e60>,0,16,[1 9],1,20,36,19,13
1,<environment.Job instance at 0x7f7e12d4fa50>,12,13,[8 1],13,20,33,7,16
1,<environment.Job instance at 0x7f7e12d4faa0>,14,3,[2 5],15,36,39,21,22
1,<environment.Job instance at 0x7f7e12d4fb40>,13,16,[3 5],14,36,52,22,23
1,<environment.Job instance at 0x7f7e12d4ff00>,17,14,[10  3],18,52,66,34,39
1,<environment.Job instance at 0x7f7e12d600f0>,22,13,[3 9],23,66,79,43,56
1,<environment.Job instance at 0x7f7e12d60780>,27,14,[9 1],28,79,93,51,66
1,<environment.Job instance at 0x7f7e12d60af0>,30,17,[9 4],31,93,110,62,82
1,<environment.Job instance at 0x7f7e12d4feb0>,18,13,[8 2],19,110,123,91,94
1,<environment.Job instance at 0x7f7e565285a0>,2,3,[ 3 10],3,3,6,0,3
1,<environment.Job instance at 0x7f7e56528190>,3,15,[6 5],4,6,21,2,5
1,<environment.Job instance at 0x7f7e56528af0>,11,17,[5 7],12,29,46,17,29
1,<environment.Job instance at 0x7f7e590aaaa0>,15,16,[4 5],16,46,62,30,33
1,<environment.Job instance at 0x7f7e56528640>,8,14,[3 8],9,62,76,53,47
1,<environment.Job instance at 0x7f7e590aa8c0>,26,14,[ 5 10],27,76,90,49,63
1,<environment.Job instance at 0x7f7e565440f0>,30,1,[6 5],31,90,91,59,74
1,<environment.Job instance at 0x7f7e56544370>,31,14,[5 4],32,91,105,59,76
1,<environment.Job instance at 0x7f7e590aab90>,20,18,[4 6],21,91,109,70,83
1,<environment.Job instance at 0x7f7e58c23910>,1,3,[5 9],2,2,5,0,2
1,<environment.Job instance at 0x7f7e58c23640>,0,18,[8 1],1,5,23,4,3
1,<environment.Job instance at 0x7f7e12b21910>,7,17,[3 5],8,23,40,15,13
1,<environment.Job instance at 0x7f7e5690cd70>,16,13,[3 9],17,40,53,23,24
1,<environment.Job instance at 0x7f7e12bacb40>,18,16,[6 5],19,24,40,5,24
1,<environment.Job instance at 0x7f7e5672ad70>,23,14,[4 8],24,53,67,29,38
1,<environment.Job instance at 0x7f7e565978c0>,24,16,[9 2],25,67,83,42,54
1,<environment.Job instance at 0x7f7e56a96410>,29,13,[1 8],30,67,80,37,54
1,<environment.Job instance at 0x7f7e12f955f0>,32,13,[ 5 10],33,83,96,50,71
1,<environment.Job instance at 0x7f7e58de8d70>,34,3,[7 4],35,96,99,61,79
1,<environment.Job instance at 0x7f7e56428d20>,26,15,[9 1],27,99,114,72,86
1,<environment.Job instance at 0x7f7e58de8910>,2,1,[6 3],3,3,4,0,3
1,<environment.Job instance at 0x7f7e58e47690>,3,16,[5 3],4,4,20,0,4
1,<environment.Job instance at 0x7f7e56aceaa0>,4,17,[5 1],5,7,24,2,7
1,<environment.Job instance at 0x7f7e56aced70>,7,12,[7 2],8,24,36,16,8
1,<environment.Job instance at 0x7f7e56aa84b0>,16,2,[3 6],17,21,23,4,21
1,<environment.Job instance at 0x7f7e56aa85f0>,17,15,[4 6],18,36,51,18,22
1,<environment.Job instance at 0x7f7e56aa89b0>,21,2,[8 4],22,51,53,29,27
1,<environment.Job instance at 0x7f7e56aa8dc0>,24,16,[4 5],25,53,69,28,42
1,<environment.Job instance at 0x7f7e56aa8c30>,26,3,[8 3],27,69,72,42,56
1,<environment.Job instance at 0x7f7e56ac20a0>,30,12,[1 7],31,69,81,38,56
1,<environment.Job instance at 0x7f7e56ac2460>,31,3,[6 4],32,56,59,24,56
1,<environment.Job instance at 0x7f7e56ac23c0>,32,17,[ 2 10],33,81,98,48,70
1,<environment.Job instance at 0x7f7e56ac2640>,36,13,[4 7],37,98,111,61,83
1,<environment.Job instance at 0x7f7e56ac2a50>,39,13,[7 4],40,111,124,71,95
1,<environment.Job instance at 0x7f7e58d2e460>,1,3,[3 9],2,2,5,0,2
1,<environment.Job instance at 0x7f7e5929c140>,4,16,[5 5],5,5,21,0,5
1,<environment.Job instance at 0x7f7e5929c5f0>,6,13,[3 9],7,21,34,14,13
1,<environment.Job instance at 0x7f7e12dedc30>,13,12,[2 6],14,34,46,20,19
1,<environment.Job instance at 0x7f7e12ded960>,16,13,[5 5],17,46,59,29,33
1,<environment.Job instance at 0x7f7e56440500>,0,14,[ 2 10],1,59,73,58,55
1,<environment.Job instance at 0x7f7e58e558c0>,27,2,[10  3],28,73,75,45,60
1,<environment.Job instance at 0x7f7e58e596e0>,33,18,[7 1],34,83,101,49,83
1,<environment.Job instance at 0x7f7e12dd7aa0>,34,14,[9 1],35,101,115,66,86
1,<environment.Job instance at 0x7f7e58c45cd0>,4,3,[4 5],5,6,9,1,6
1,<environment.Job instance at 0x7f7e58c45500>,9,3,[8 2],10,10,13,0,10
1,<environment.Job instance at 0x7f7e56601370>,19,18,[6 1],20,40,58,20,40
1,<environment.Job instance at 0x7f7e12b29b90>,20,15,[2 8],21,40,55,19,40
1,<environment.Job instance at 0x7f7e56a41640>,13,16,[8 1],14,58,74,44,45
1,<environment.Job instance at 0x7f7e591fa640>,27,16,[1 7],28,55,71,27,50
1,<environment.Job instance at 0x7f7e591fa050>,30,15,[4 7],31,74,89,43,60
1,<environment.Job instance at 0x7f7e58c234b0>,34,13,[8 2],35,89,102,54,79
1,<environment.Job instance at 0x7f7e58c23eb0>,36,3,[6 1],37,79,82,42,79
1,<environment.Job instance at 0x7f7e58c231e0>,37,1,[5 1],38,82,83,44,79
1,<environment.Job instance at 0x7f7e58c23460>,38,13,[2 5],39,89,102,50,79
1,<environment.Job instance at 0x7f7e58c230a0>,41,12,[3 7],42,102,114,60,85
1,<environment.Job instance at 0x7f7e58c23e10>,43,3,[10  3],44,114,117,70,92
1,<environment.Job instance at 0x7f7e56699320>,5,3,[9 2],6,8,11,2,8
1,<environment.Job instance at 0x7f7e56699550>,8,15,[5 8],9,13,28,4,13
1,<environment.Job instance at 0x7f7e56699a50>,13,2,[5 1],14,14,16,0,14
1,<environment.Job instance at 0x7f7e58c23e10>,3,14,[ 5 10],4,28,42,24,15
1,<environment.Job instance at 0x7f7e56699fa0>,20,16,[7 5],21,42,58,21,31
1,<environment.Job instance at 0x7f7e56699e10>,21,15,[5 4],22,58,73,36,45
1,<environment.Job instance at 0x7f7e566c14b0>,24,17,[2 5],25,46,63,21,46
1,<environment.Job instance at 0x7f7e566c1820>,28,2,[7 5],29,73,75,44,63
1,<environment.Job instance at 0x7f7e56699960>,12,12,[10  4],13,75,87,62,63
1,<environment.Job instance at 0x7f7e566c1c30>,34,17,[1 9],35,87,104,52,75
1,<environment.Job instance at 0x7f7e566c1d70>,36,18,[8 1],37,87,105,50,78
1,<environment.Job instance at 0x7f7e566c1230>,23,17,[5 9],24,105,122,81,93
1,<environment.Job instance at 0x7f7e566ab640>,2,12,[ 1 10],3,3,15,0,3
1,<environment.Job instance at 0x7f7e566c6c80>,0,15,[5 5],1,15,30,14,12
1,<environment.Job instance at 0x7f7e56ade730>,16,14,[6 4],17,33,47,16,33
1,<environment.Job instance at 0x7f7e56adea00>,17,12,[5 9],18,47,59,29,35
1,<environment.Job instance at 0x7f7e5689ba50>,24,13,[2 7],25,59,72,34,44
1,<environment.Job instance at 0x7f7e5689b640>,28,14,[6 4],29,72,86,43,64
1,<environment.Job instance at 0x7f7e566ab500>,4,15,[10  2],5,86,101,81,74
1,<environment.Job instance at 0x7f7e58d4f460>,41,15,[8 4],42,101,116,59,92
1,<environment.Job instance at 0x7f7e58d4f370>,43,16,[2 6],44,101,117,57,95
1,<environment.Job instance at 0x7f7e5da565a0>,1,2,[1 9],2,2,4,0,2
1,<environment.Job instance at 0x7f7e58bef640>,2,3,[10  4],3,4,7,1,3
1,<environment.Job instance at 0x7f7e58bef8c0>,3,13,[8 4],4,7,20,3,5
1,<environment.Job instance at 0x7f7e58bef820>,5,16,[7 3],6,20,36,14,7
1,<environment.Job instance at 0x7f7e566ba190>,13,3,[ 4 10],14,36,39,22,26
1,<environment.Job instance at 0x7f7e566bae60>,14,3,[10  2],15,39,42,24,26
1,<environment.Job instance at 0x7f7e58befc80>,8,13,[8 5],9,42,55,33,26
1,<environment.Job instance at 0x7f7e566baf00>,22,14,[7 3],23,55,69,32,43
1,<environment.Job instance at 0x7f7e12b21280>,28,3,[10  4],29,69,72,40,50
1,<environment.Job instance at 0x7f7e12b21e10>,31,1,[2 5],32,59,60,27,59
1,<environment.Job instance at 0x7f7e56a1fa00>,32,13,[ 3 10],33,72,85,39,59
1,<environment.Job instance at 0x7f7e56a1f5a0>,33,14,[ 4 10],34,85,99,51,73
1,<environment.Job instance at 0x7f7e566bab90>,20,17,[9 2],21,99,116,78,89
1,<environment.Job instance at 0x7f7e566a9230>,1,16,[5 5],2,3,19,1,3
1,<environment.Job instance at 0x7f7e59292be0>,0,15,[1 8],1,19,34,18,14
1,<environment.Job instance at 0x7f7e5677fa00>,23,18,[4 5],24,35,53,11,35
1,<environment.Job instance at 0x7f7e5906f370>,24,1,[6 1],25,35,36,10,35
1,<environment.Job instance at 0x7f7e568ce0f0>,25,15,[1 5],26,36,51,10,35
1,<environment.Job instance at 0x7f7e56779f00>,26,16,[5 6],27,53,69,26,40
1,<environment.Job instance at 0x7f7e567647d0>,15,16,[10  3],16,69,85,53,58
1,<environment.Job instance at 0x7f7e5677f0a0>,31,16,[4 6],32,85,101,53,72
1,<environment.Job instance at 0x7f7e12b60c30>,5,17,[1 7],6,6,23,0,6
1,<environment.Job instance at 0x7f7e126d0460>,0,13,[5 8],1,23,36,22,11
1,<environment.Job instance at 0x7f7e12d90a50>,12,3,[4 6],13,36,39,23,16
1,<environment.Job instance at 0x7f7e59319c30>,18,13,[6 2],19,36,49,17,26
1,<environment.Job instance at 0x7f7e5690c050>,16,15,[ 3 10],17,49,64,32,38
1,<environment.Job instance at 0x7f7e12f8eaa0>,21,12,[5 8],22,64,76,42,47
1,<environment.Job instance at 0x7f7e12f8ecd0>,23,18,[9 2],24,76,94,52,65
1,<environment.Job instance at 0x7f7e12fa9eb0>,33,14,[3 6],34,94,108,60,89
1,<environment.Job instance at 0x7f7e5656cb90>,26,16,[5 9],27,108,124,81,96
1,<environment.Job instance at 0x7f7e5929f6e0>,2,2,[8 4],3,3,5,0,3
1,<environment.Job instance at 0x7f7e58febc80>,3,3,[10  2],4,5,8,1,4
1,<environment.Job instance at 0x7f7e58feb4b0>,4,1,[5 9],5,8,9,3,5
1,<environment.Job instance at 0x7f7e58feb410>,5,14,[4 8],6,9,23,3,9
1,<environment.Job instance at 0x7f7e12bf4fa0>,16,16,[ 1 10],17,29,45,12,29
1,<environment.Job instance at 0x7f7e12bf4230>,22,16,[2 8],23,45,61,22,34
1,<environment.Job instance at 0x7f7e12bf4910>,19,15,[ 5 10],20,61,76,41,50
1,<environment.Job instance at 0x7f7e12c2ab40>,26,15,[5 9],27,76,91,49,64
1,<environment.Job instance at 0x7f7e12c2a9b0>,30,15,[8 4],31,91,106,60,85
1,<environment.Job instance at 0x7f7e1301df00>,31,12,[8 1],32,106,118,74,89
1,<environment.Job instance at 0x7f7e56440320>,1,1,[5 3],2,2,3,0,2
1,<environment.Job instance at 0x7f7e1301d460>,2,17,[5 7],3,7,24,4,7
1,<environment.Job instance at 0x7f7e1265d2d0>,5,3,[ 1 10],6,24,27,18,13
1,<environment.Job instance at 0x7f7e5673f1e0>,12,2,[8 5],13,27,29,14,15
1,<environment.Job instance at 0x7f7e56720d70>,10,18,[9 3],11,29,47,18,18
1,<environment.Job instance at 0x7f7e5673fbe0>,18,16,[8 4],19,47,63,28,34
1,<environment.Job instance at 0x7f7e567200a0>,11,17,[9 4],12,63,80,51,51
1,<environment.Job instance at 0x7f7e12d7bd70>,24,13,[10  1],25,80,93,55,65
1,<environment.Job instance at 0x7f7e56b2af00>,27,13,[7 1],28,93,106,65,80
1,<environment.Job instance at 0x7f7e56b45aa0>,30,12,[3 8],31,93,105,62,82
1,<environment.Job instance at 0x7f7e56b4dbe0>,35,16,[3 5],36,105,121,69,93
1,<environment.Job instance at 0x7f7e5663cf50>,0,12,[9 4],1,5,17,4,5
1,<environment.Job instance at 0x7f7e5663cb40>,4,17,[3 5],5,17,34,12,12
1,<environment.Job instance at 0x7f7e12ab1370>,13,13,[6 5],14,17,30,3,17
1,<environment.Job instance at 0x7f7e12c9ac30>,14,2,[1 5],15,30,32,15,17
1,<environment.Job instance at 0x7f7e12ab1b90>,15,3,[9 4],16,34,37,18,17
1,<environment.Job instance at 0x7f7e5929c690>,11,13,[5 8],12,37,50,25,21
1,<environment.Job instance at 0x7f7e1279fc30>,23,16,[9 5],24,50,66,26,37
1,<environment.Job instance at 0x7f7e592f7aa0>,28,2,[7 1],29,66,68,37,60
1,<environment.Job instance at 0x7f7e592f7dc0>,29,17,[5 2],30,68,85,38,60
1,<environment.Job instance at 0x7f7e12c4c0a0>,30,14,[6 1],31,85,99,54,70
1,<environment.Job instance at 0x7f7e12c4cd70>,33,15,[2 7],34,77,92,43,77
1,<environment.Job instance at 0x7f7e12c4ca50>,36,17,[8 4],37,99,116,62,90
1,<environment.Job instance at 0x7f7e58d10aa0>,0,15,[2 8],1,3,18,2,3
1,<environment.Job instance at 0x7f7e56527190>,6,14,[2 6],7,18,32,11,7
1,<environment.Job instance at 0x7f7e56527e60>,9,17,[5 4],10,18,35,8,16
1,<environment.Job instance at 0x7f7e56527aa0>,11,12,[2 8],12,35,47,23,22
1,<environment.Job instance at 0x7f7e567cce10>,16,14,[6 2],17,35,49,18,27
1,<environment.Job instance at 0x7f7e567cc4b0>,19,14,[4 7],20,47,61,27,32
1,<environment.Job instance at 0x7f7e567cc9b0>,24,14,[5 6],25,61,75,36,46
1,<environment.Job instance at 0x7f7e56527780>,4,15,[10  1],5,75,90,70,62
1,<environment.Job instance at 0x7f7e58f227d0>,35,2,[5 2],36,90,92,54,81
1,<environment.Job instance at 0x7f7e12785b40>,27,17,[ 5 10],28,92,109,64,81
1,<environment.Job instance at 0x7f7e126d8410>,6,18,[1 8],7,7,25,0,7
1,<environment.Job instance at 0x7f7e125cd550>,9,12,[10  1],10,25,37,15,11
1,<environment.Job instance at 0x7f7e1298baa0>,10,15,[8 5],11,37,52,26,23
1,<environment.Job instance at 0x7f7e12f0c640>,16,2,[6 5],17,52,54,35,34
1,<environment.Job instance at 0x7f7e12f0c280>,20,1,[10  3],21,54,55,33,35
1,<environment.Job instance at 0x7f7e12b1faf0>,0,16,[5 9],1,55,71,54,44
1,<environment.Job instance at 0x7f7e12f0c0a0>,25,3,[3 6],26,71,74,45,52
1,<environment.Job instance at 0x7f7e12f0c4b0>,21,17,[7 1],22,71,88,49,59
1,<environment.Job instance at 0x7f7e12f0caa0>,29,13,[9 3],30,88,101,58,75
1,<environment.Job instance at 0x7f7e12f0cd20>,26,18,[4 9],27,101,119,74,90
1,<environment.Job instance at 0x7fc1937e41e0>,0,18,[ 2 10],1,8,26,7,8
1,<environment.Job instance at 0x7fc18e3d43c0>,7,14,[5 1],8,26,40,18,13
1,<environment.Job instance at 0x7fc18e3d4730>,9,17,[ 4 10],10,40,57,30,37
1,<environment.Job instance at 0x7fc18e3d4aa0>,14,12,[3 7],15,57,69,42,41
1,<environment.Job instance at 0x7fc18e3d4cd0>,18,16,[8 5],19,69,85,50,59
1,<environment.Job instance at 0x7fc18e3d4fa0>,23,18,[5 2],24,85,103,61,75
1,<environment.Job instance at 0x7fc18e3d6190>,29,13,[1 6],30,85,98,55,76
1,<environment.Job instance at 0x7fc18e3d6690>,32,17,[9 3],33,103,120,70,99
1,<environment.Job instance at 0x7fc18e3d6a50>,37,14,[5 5],38,120,134,82,108
1,<environment.Job instance at 0x7fc18e3d6a50>,2,2,[4 8],3,4,6,1,4
1,<environment.Job instance at 0x7fc193952a00>,4,12,[6 1],5,5,17,0,5
1,<environment.Job instance at 0x7fc1939525a0>,5,14,[9 1],6,17,31,11,6
1,<environment.Job instance at 0x7fc19395e410>,13,3,[1 5],14,15,18,1,15
1,<environment.Job instance at 0x7fc19395e5a0>,14,15,[9 1],15,31,46,16,20
1,<environment.Job instance at 0x7fc19395e8c0>,18,16,[7 1],19,46,62,27,34
1,<environment.Job instance at 0x7fc19395e050>,20,16,[9 3],21,62,78,41,49
1,<environment.Job instance at 0x7fc1533e8a00>,1,1,[8 3],2,4,5,2,4
1,<environment.Job instance at 0x7fc1486221e0>,5,17,[3 5],6,6,23,0,6
1,<environment.Job instance at 0x7fc148622050>,13,12,[3 8],14,23,35,9,14
1,<environment.Job instance at 0x7fc1486220f0>,14,14,[8 5],15,35,49,20,23
1,<environment.Job instance at 0x7fc1486223c0>,12,16,[8 5],13,49,65,36,37
1,<environment.Job instance at 0x7fc148622eb0>,6,15,[ 5 10],7,65,80,58,55
1,<environment.Job instance at 0x7fc1486f2320>,18,18,[3 8],19,80,98,61,72
1,<environment.Job instance at 0x7fc1948bdf00>,28,12,[9 2],29,98,110,69,82
1,<environment.Job instance at 0x7fc1486f2e60>,24,15,[9 5],25,110,125,85,96
1,<environment.Job instance at 0x7fc148b8ae60>,3,13,[2 5],4,7,20,3,7
1,<environment.Job instance at 0x7fc148b567d0>,8,14,[10  4],9,20,34,11,11
1,<environment.Job instance at 0x7fc148b25050>,9,16,[1 7],10,34,50,24,21
1,<environment.Job instance at 0x7fc148b2dc80>,22,15,[7 3],23,34,49,11,26
1,<environment.Job instance at 0x7fc148b2d500>,24,12,[2 9],25,50,62,25,37
1,<environment.Job instance at 0x7fc148b2d370>,18,17,[2 8],19,62,79,43,50
1,<environment.Job instance at 0x7fc148a95cd0>,33,12,[8 5],34,79,91,45,62
1,<environment.Job instance at 0x7fc148a7ecd0>,37,13,[ 1 10],38,91,104,53,79
1,<environment.Job instance at 0x7fc18e3db410>,40,17,[7 1],41,104,121,63,92
1,<environment.Job instance at 0x7fc148ae3e60>,41,18,[3 8],42,104,122,62,96
1,<environment.Job instance at 0x7fc1486d1820>,1,2,[5 6],2,2,4,0,2
1,<environment.Job instance at 0x7fc18e530a00>,3,17,[1 8],4,6,23,2,6
1,<environment.Job instance at 0x7fc148ac45a0>,6,17,[9 1],7,9,26,2,9
1,<environment.Job instance at 0x7fc148ac4960>,9,16,[1 8],10,23,39,13,12
1,<environment.Job instance at 0x7fc148ada3c0>,20,13,[3 8],21,39,52,18,25
1,<environment.Job instance at 0x7fc148ac4820>,8,12,[ 2 10],9,52,64,43,35
1,<environment.Job instance at 0x7fc148adadc0>,29,14,[2 6],30,64,78,34,49
1,<environment.Job instance at 0x7fc148adabe0>,32,12,[4 9],33,78,90,45,63
1,<environment.Job instance at 0x7fc148ac4aa0>,12,17,[10  3],13,90,107,77,79
1,<environment.Job instance at 0x7fc148acf460>,35,14,[7 3],36,107,121,71,92
1,<environment.Job instance at 0x7fc148a62960>,13,18,[ 1 10],14,45,63,31,45
1,<environment.Job instance at 0x7fc148a62730>,19,14,[9 5],20,63,77,43,48
1,<environment.Job instance at 0x7fc191064370>,3,13,[7 5],4,6,19,2,6
1,<environment.Job instance at 0x7fc191064550>,2,15,[10  1],3,22,37,19,22
1,<environment.Job instance at 0x7fc191100780>,15,3,[1 9],16,37,40,21,25
1,<environment.Job instance at 0x7fc191100cd0>,14,16,[9 4],15,40,56,25,27
1,<environment.Job instance at 0x7fc18e86fd20>,17,13,[ 4 10],18,56,69,38,44
1,<environment.Job instance at 0x7fc190be8be0>,23,13,[5 1],24,69,82,45,53
1,<environment.Job instance at 0x7fc18e44e9b0>,26,12,[1 5],27,69,81,42,53
1,<environment.Job instance at 0x7fc1909e6820>,32,15,[6 2],33,82,97,49,68
1,<environment.Job instance at 0x7fc18e28d7d0>,34,3,[3 6],35,81,84,46,70
1,<environment.Job instance at 0x7fc18e606190>,29,17,[1 9],30,97,114,67,86
1,<environment.Job instance at 0x7fc18e582690>,41,12,[1 8],42,114,126,72,101
1,<environment.Job instance at 0x7fc1910c3910>,1,16,[5 7],2,2,18,0,2
1,<environment.Job instance at 0x7fc18e82e780>,11,2,[7 1],12,18,20,6,12
1,<environment.Job instance at 0x7fc14866eb40>,5,14,[4 6],6,20,34,14,12
1,<environment.Job instance at 0x7fc18e82ea00>,15,12,[8 5],16,34,46,18,18
1,<environment.Job instance at 0x7fc18e82ef50>,19,1,[8 2],20,46,47,26,20
1,<environment.Job instance at 0x7fc18e82c0f0>,20,13,[5 3],21,21,34,0,21
1,<environment.Job instance at 0x7fc18e82c550>,23,12,[7 4],24,47,59,23,34
1,<environment.Job instance at 0x7fc18e82c5f0>,24,3,[ 3 10],25,59,62,34,34
1,<environment.Job instance at 0x7fc18e82c8c0>,30,14,[ 2 10],31,62,76,31,47
1,<environment.Job instance at 0x7fc18e82ccd0>,33,18,[5 5],34,76,94,42,65
1,<environment.Job instance at 0x7fc18e82cf00>,34,16,[5 5],35,76,92,41,65
1,<environment.Job instance at 0x7fc18e82cfa0>,35,17,[ 3 10],36,94,111,58,83
1,<environment.Job instance at 0x7fc18e82d500>,43,12,[2 6],44,111,123,67,97
1,<environment.Job instance at 0x7fc18e82d9b0>,46,13,[5 5],47,123,136,76,107
1,<environment.Job instance at 0x7fc18e835870>,1,2,[1 6],2,2,4,0,2
1,<environment.Job instance at 0x7fc18e3f2aa0>,4,14,[6 4],5,5,19,0,5
1,<environment.Job instance at 0x7fc18e530820>,15,2,[ 2 10],16,19,21,3,16
1,<environment.Job instance at 0x7fc1489ea640>,20,1,[8 1],21,22,23,1,22
1,<environment.Job instance at 0x7fc1489623c0>,22,2,[3 6],23,23,25,0,23
1,<environment.Job instance at 0x7fc148bc1910>,24,3,[4 5],25,25,28,0,25
1,<environment.Job instance at 0x7fc18e3f2140>,9,12,[9 4],10,28,40,18,26
1,<environment.Job instance at 0x7fc18e55fb40>,26,3,[5 8],27,40,43,13,27
1,<environment.Job instance at 0x7fc18e3dbf50>,34,3,[2 7],35,43,46,8,42
1,<environment.Job instance at 0x7fc18e835780>,0,16,[ 2 10],1,46,62,45,44
1,<environment.Job instance at 0x7fc18e285d20>,39,18,[6 1],40,62,80,22,62
1,<environment.Job instance at 0x7fc18e520a00>,41,3,[2 6],42,65,68,23,65
1,<environment.Job instance at 0x7fc18e3dbaf0>,36,12,[3 9],37,68,80,31,67
1,<environment.Job instance at 0x7fc1488754b0>,43,3,[8 3],44,80,83,36,67
1,<environment.Job instance at 0x7fc148875b40>,42,12,[6 1],43,83,95,40,67
1,<environment.Job instance at 0x7fc18e13c820>,47,16,[1 7],48,80,96,32,75
1,<environment.Job instance at 0x7fc18e13c190>,49,18,[2 7],50,96,114,46,86
1,<environment.Job instance at 0x7fc190bd20f0>,52,1,[5 1],53,98,99,45,98
1,<environment.Job instance at 0x7fc190bd2910>,53,16,[9 4],54,114,130,60,103
1,<environment.Job instance at 0x7fc190bd2c30>,55,1,[6 4],56,130,131,74,104
1,<environment.Job instance at 0x7fc14895b370>,56,3,[6 1],57,104,107,47,104
1,<environment.Job instance at 0x7fc14892bb40>,1,1,[8 4],2,2,3,0,2
1,<environment.Job instance at 0x7fc14892baa0>,2,1,[2 5],3,3,4,0,3
1,<environment.Job instance at 0x7fc18e7928c0>,8,18,[5 8],9,14,32,5,14
1,<environment.Job instance at 0x7fc18e285d20>,16,17,[3 5],17,32,49,15,22
1,<environment.Job instance at 0x7fc1489dfc30>,22,12,[10  4],23,49,61,26,34
1,<environment.Job instance at 0x7fc18e7e5280>,13,14,[ 5 10],14,61,75,47,48
1,<environment.Job instance at 0x7fc18e7dd460>,29,15,[6 2],30,75,90,45,61
1,<environment.Job instance at 0x7fc18e7dd190>,30,16,[7 5],31,90,106,59,78
1,<environment.Job instance at 0x7fc148882320>,1,3,[8 5],2,2,5,0,2
1,<environment.Job instance at 0x7fc14886c320>,2,12,[ 1 10],3,11,23,8,11
1,<environment.Job instance at 0x7fc18e884c30>,8,3,[ 1 10],9,23,26,14,11
1,<environment.Job instance at 0x7fc18e884c80>,9,3,[9 3],10,26,29,16,11
1,<environment.Job instance at 0x7fc18e8849b0>,11,3,[1 8],12,29,32,17,12
1,<environment.Job instance at 0x7fc148c858c0>,0,15,[5 5],1,33,48,32,33
1,<environment.Job instance at 0x7fc18e848190>,18,2,[6 3],19,48,50,29,33
1,<environment.Job instance at 0x7fc18e8484b0>,20,12,[5 6],21,50,62,29,33
1,<environment.Job instance at 0x7fc18e848280>,17,12,[5 9],18,62,74,44,45
1,<environment.Job instance at 0x7fc18e848870>,26,18,[6 4],27,74,92,47,64
1,<environment.Job instance at 0x7fc18e85c500>,36,12,[8 4],37,92,104,55,80
1,<environment.Job instance at 0x7fc18e85c5a0>,37,16,[1 8],38,104,120,66,92
1,<environment.Job instance at 0x7fc18e85c870>,42,14,[9 2],43,104,118,61,96
1,<environment.Job instance at 0x7fc18e85ccd0>,45,17,[5 3],46,120,137,74,108
1,<environment.Job instance at 0x7fc18e8de820>,2,16,[5 4],3,8,24,5,8
1,<environment.Job instance at 0x7fc18e455f00>,9,14,[5 1],10,10,24,0,10
1,<environment.Job instance at 0x7fc148cc0320>,14,1,[7 4],15,24,25,9,15
1,<environment.Job instance at 0x7fc18e4556e0>,10,17,[9 2],11,31,48,20,31
1,<environment.Job instance at 0x7fc148cc00a0>,24,1,[5 5],25,48,49,23,33
1,<environment.Job instance at 0x7fc18e20de60>,25,14,[5 7],26,49,63,23,37
1,<environment.Job instance at 0x7fc18e20dfa0>,30,2,[5 4],31,63,65,32,52
1,<environment.Job instance at 0x7fc148cc0aa0>,23,14,[ 4 10],24,65,79,41,52
1,<environment.Job instance at 0x7fc18e20da00>,26,16,[9 2],27,79,95,52,68
1,<environment.Job instance at 0x7fc190c830f0>,41,14,[10  1],42,95,109,53,84
1,<environment.Job instance at 0x7fc190c7fc80>,48,12,[3 9],49,109,121,60,95
1,<environment.Job instance at 0x7fc18e1d9870>,5,15,[1 5],6,9,24,3,9
1,<environment.Job instance at 0x7fc18e3d6a50>,12,15,[5 1],13,13,28,0,13
1,<environment.Job instance at 0x7fc18e3d6c80>,15,3,[10  5],16,28,31,12,16
1,<environment.Job instance at 0x7fc18e1d9820>,0,13,[10  1],1,31,44,30,17
1,<environment.Job instance at 0x7fc18e69c230>,3,18,[4 5],4,44,62,40,33
1,<environment.Job instance at 0x7fc18e3d6730>,20,13,[1 5],21,44,57,23,33
1,<environment.Job instance at 0x7fc18e4498c0>,25,13,[5 4],26,57,70,31,41
1,<environment.Job instance at 0x7fc18e449190>,27,15,[2 6],28,62,77,34,53
1,<environment.Job instance at 0x7fc18e449140>,28,18,[ 5 10],29,77,95,48,66
1,<environment.Job instance at 0x7fc1910a7870>,31,1,[10  1],32,95,96,63,71
1,<environment.Job instance at 0x7fc18e449730>,29,18,[10  2],30,96,114,66,89
1,<environment.Job instance at 0x7fc18e3d6820>,17,15,[10  4],18,114,129,96,106
1,<environment.Job instance at 0x7fc18e8a66e0>,3,14,[3 6],4,5,19,1,5
1,<environment.Job instance at 0x7fc18e2916e0>,6,14,[4 7],7,19,33,12,12
1,<environment.Job instance at 0x7fc148854dc0>,11,1,[ 3 10],12,33,34,21,14
1,<environment.Job instance at 0x7fc190a80280>,12,16,[6 1],13,15,31,2,15
1,<environment.Job instance at 0x7fc148854aa0>,8,12,[10  3],9,34,46,25,19
1,<environment.Job instance at 0x7fc190a801e0>,13,14,[ 4 10],14,46,60,32,32
1,<environment.Job instance at 0x7fc14858df00>,24,3,[8 5],25,60,63,35,44
1,<environment.Job instance at 0x7fc18e4d39b0>,27,18,[6 1],28,63,81,35,52
1,<environment.Job instance at 0x7fc148563280>,26,16,[4 9],27,67,83,40,67
1,<environment.Job instance at 0x7fc1484091e0>,37,13,[9 4],38,83,96,45,71
1,<environment.Job instance at 0x7fc148409730>,38,13,[4 8],39,96,109,57,80
1,<environment.Job instance at 0x7fc190a58f00>,28,14,[5 4],29,109,123,80,94
1,<environment.Job instance at 0x7fc18e433460>,8,3,[1 7],9,9,12,0,9
1,<environment.Job instance at 0x7fc19105d550>,13,2,[6 2],14,14,16,0,14
1,<environment.Job instance at 0x7fc1486df190>,0,13,[8 3],1,16,29,15,15
1,<environment.Job instance at 0x7fc148bef140>,16,2,[ 1 10],17,29,31,12,17
1,<environment.Job instance at 0x7fc18e425870>,17,3,[2 7],18,18,21,0,18
1,<environment.Job instance at 0x7fc148befd20>,14,16,[5 8],15,31,47,16,24
1,<environment.Job instance at 0x7fc18e564730>,21,15,[3 7],22,47,62,25,38
1,<environment.Job instance at 0x7fc18e82cd70>,6,13,[ 2 10],7,62,75,55,48
1,<environment.Job instance at 0x7fc190a85d20>,38,12,[10  4],39,75,87,36,62
1,<environment.Job instance at 0x7fc190a85af0>,33,15,[ 2 10],34,87,102,53,73
1,<environment.Job instance at 0x7fc190a5c190>,50,12,[2 5],51,102,114,51,85
1,<environment.Job instance at 0x7fc190a5ca00>,51,17,[7 4],52,102,119,50,90
1,<environment.Job instance at 0x7fc18e544230>,60,15,[5 5],61,119,134,58,105
1,<environment.Job instance at 0x7fc14835ec30>,5,3,[8 5],6,19,22,13,19
1,<environment.Job instance at 0x7fc14835e460>,9,3,[ 4 10],10,22,25,12,20
1,<environment.Job instance at 0x7fc14835e050>,10,13,[5 8],11,25,38,14,24
1,<environment.Job instance at 0x7fc18e544280>,2,14,[5 2],3,29,43,26,29
1,<environment.Job instance at 0x7fc14835efa0>,17,16,[8 4],18,56,72,38,56
1,<environment.Job instance at 0x7fc14850a1e0>,25,2,[8 4],26,72,74,46,58
1,<environment.Job instance at 0x7fc14835ebe0>,11,16,[5 2],12,74,90,62,61
1,<environment.Job instance at 0x7fc14850a9b0>,23,12,[8 2],24,90,102,66,77
1,<environment.Job instance at 0x7fc14835f9b0>,34,2,[3 6],35,77,79,42,77
1,<environment.Job instance at 0x7fc14835fc80>,35,15,[9 1],36,102,117,66,89
1,<environment.Job instance at 0x7fc14835f0a0>,40,15,[1 8],41,100,115,59,100
1,<environment.Job instance at 0x7fc14835f5a0>,37,16,[8 4],38,117,133,79,105
1,<environment.Job instance at 0x7fc18e8e2370>,0,3,[7 3],1,5,8,4,5
1,<environment.Job instance at 0x7fc18e376820>,7,15,[1 8],8,22,37,14,22
1,<environment.Job instance at 0x7fc18e8db780>,6,12,[6 2],7,22,34,15,22
1,<environment.Job instance at 0x7fc18e8e25f0>,4,17,[5 5],5,37,54,32,25
1,<environment.Job instance at 0x7fc18e8fd050>,11,15,[10  4],12,76,91,64,76
1,<environment.Job instance at 0x7fc18e8fdc80>,16,14,[9 2],17,108,122,91,108
1,<environment.Job instance at 0x7fc190a5e910>,4,3,[ 3 10],5,5,8,0,5
1,<environment.Job instance at 0x7fc190a5ef00>,0,13,[6 3],1,8,21,7,5
1,<environment.Job instance at 0x7fc18e8dc280>,3,14,[6 4],4,21,35,17,6
1,<environment.Job instance at 0x7fc148651460>,15,3,[ 1 10],16,35,38,19,20
1,<environment.Job instance at 0x7fc14861f0a0>,16,3,[3 9],17,38,41,21,21
1,<environment.Job instance at 0x7fc148651320>,17,13,[ 5 10],18,41,54,23,25
1,<environment.Job instance at 0x7fc18e748960>,13,15,[2 8],14,54,69,40,40
1,<environment.Job instance at 0x7fc190eea140>,27,16,[1 7],28,69,85,41,56
1,<environment.Job instance at 0x7fc14876cb40>,39,12,[10  1],40,99,111,59,99
1,<environment.Job instance at 0x7fc18e8babe0>,40,15,[8 5],41,111,126,70,99
1,<environment.Job instance at 0x7fc190c8fd20>,0,2,[9 2],1,1,3,0,1
1,<environment.Job instance at 0x7fc18e837b40>,9,16,[8 4],10,12,28,2,12
1,<environment.Job instance at 0x7fc18e837910>,13,16,[5 9],14,28,44,14,17
1,<environment.Job instance at 0x7fc18e837460>,8,18,[5 9],9,44,62,35,36
1,<environment.Job instance at 0x7fc18e433550>,23,12,[8 2],24,62,74,38,45
1,<environment.Job instance at 0x7fc18e433f50>,25,15,[8 3],26,74,89,48,60
1,<environment.Job instance at 0x7fc148af8050>,30,14,[5 3],31,89,103,58,75
1,<environment.Job instance at 0x7fc148af8460>,32,12,[9 4],33,103,115,70,91
1,<environment.Job instance at 0x7fc148af8dc0>,38,13,[7 2],39,115,128,76,102
1,<environment.Job instance at 0x7fc148af8d20>,39,2,[1 6],40,102,104,62,102
1,<environment.Job instance at 0x7fc18e8ba640>,1,16,[1 7],2,115,131,113,105
1,<environment.Job instance at 0x7fc1486e38c0>,1,18,[5 6],2,5,23,3,5
1,<environment.Job instance at 0x7fc148341190>,9,14,[2 7],10,23,37,13,14
1,<environment.Job instance at 0x7fc18e887f00>,12,16,[3 7],13,37,53,24,24
1,<environment.Job instance at 0x7fc148d11500>,22,16,[6 4],23,53,69,30,41
1,<environment.Job instance at 0x7fc148d118c0>,23,12,[10  2],24,69,81,45,54
1,<environment.Job instance at 0x7fc18e84a320>,30,15,[8 4],31,81,96,50,69
1,<environment.Job instance at 0x7fc18e84a500>,38,12,[10  1],39,96,108,57,82
1,<environment.Job instance at 0x7fc18e84a7d0>,37,15,[ 3 10],38,108,123,70,94
1,<environment.Job instance at 0x7fd152cc00a0>,2,12,[5 4],3,3,15,0,3
1,<environment.Job instance at 0x7fd14b8b1230>,5,13,[5 9],6,15,28,9,6
1,<environment.Job instance at 0x7fd14b8b1690>,8,17,[ 2 10],9,28,45,19,17
1,<environment.Job instance at 0x7fd14b8b1a00>,13,13,[1 8],14,45,58,31,30
1,<environment.Job instance at 0x7fd14b8b1a50>,16,12,[1 8],17,58,70,41,41
1,<environment.Job instance at 0x7fd14b8b1820>,23,18,[5 2],24,83,101,59,83
1,<environment.Job instance at 0x7fd14b8b3550>,29,13,[1 6],30,87,100,57,87
1,<environment.Job instance at 0x7fd14b8b35a0>,31,17,[4 9],32,101,118,69,93
1,<environment.Job instance at 0x7fd14b8b3820>,35,16,[8 1],36,118,134,82,111
1,<environment.Job instance at 0x7fd14b8b3a00>,38,12,[3 6],39,134,146,95,118
1,<environment.Job instance at 0x7fd14b8b3a00>,5,15,[5 3],6,9,24,3,9
1,<environment.Job instance at 0x7fd152ce7cd0>,9,14,[8 1],10,24,38,14,11
1,<environment.Job instance at 0x7fd111576230>,10,16,[9 3],11,38,54,27,26
1,<environment.Job instance at 0x7fd152e306e0>,18,14,[5 1],19,54,68,35,39
1,<environment.Job instance at 0x7fd152e30820>,20,17,[3 8],21,54,71,33,42
1,<environment.Job instance at 0x7fd152e30eb0>,23,16,[6 4],24,71,87,47,61
1,<environment.Job instance at 0x7fd152e34190>,28,12,[3 9],29,87,99,58,77
1,<environment.Job instance at 0x7fd152e34c80>,31,16,[1 9],32,99,115,67,86
1,<environment.Job instance at 0x7fd152e3a2d0>,38,16,[3 9],39,115,131,76,103
1,<environment.Job instance at 0x7fd152ce8e60>,43,15,[4 8],44,131,146,87,117
1,<environment.Job instance at 0x7fd152ce8e60>,2,3,[3 9],3,4,7,1,4
1,<environment.Job instance at 0x7fd107be39b0>,6,17,[2 6],7,7,24,0,7
1,<environment.Job instance at 0x7fd107be3a00>,7,16,[2 8],8,24,40,16,12
1,<environment.Job instance at 0x7fd107be3eb0>,11,3,[1 8],12,40,43,28,15
1,<environment.Job instance at 0x7fd107be3fa0>,13,14,[3 5],14,43,57,29,31
1,<environment.Job instance at 0x7fd107be3f50>,14,17,[1 9],15,57,74,42,53
1,<environment.Job instance at 0x7fd107b7c460>,27,14,[3 5],28,74,88,46,60
1,<environment.Job instance at 0x7fd107c3be60>,36,14,[5 4],37,116,130,79,116
1,<environment.Job instance at 0x7fd107f592d0>,0,1,[5 1],1,5,6,4,5
1,<environment.Job instance at 0x7fd107ba3b40>,6,3,[2 7],7,7,10,0,7
1,<environment.Job instance at 0x7fd107c3b820>,2,2,[1 5],3,10,12,7,8
1,<environment.Job instance at 0x7fd107c83cd0>,8,3,[4 7],9,12,15,3,9
1,<environment.Job instance at 0x7fd107ba3050>,9,18,[ 2 10],10,15,33,5,10
1,<environment.Job instance at 0x7fd107ba3a00>,19,3,[9 2],20,45,48,25,45
1,<environment.Job instance at 0x7fd107ba38c0>,21,3,[10  4],22,48,51,26,45
1,<environment.Job instance at 0x7fd107c3be60>,3,12,[8 5],4,51,63,47,45
1,<environment.Job instance at 0x7fd10801ddc0>,27,13,[4 9],28,63,76,35,49
1,<environment.Job instance at 0x7fd10801d9b0>,28,12,[8 2],29,76,88,47,59
1,<environment.Job instance at 0x7fd10801d960>,32,17,[9 1],33,88,105,55,76
1,<environment.Job instance at 0x7fd10801d460>,42,17,[4 6],43,110,127,67,110
1,<environment.Job instance at 0x7fd107ba3f50>,11,18,[3 8],12,127,145,115,116
1,<environment.Job instance at 0x7fd107ca2aa0>,2,3,[1 7],3,4,7,1,4
1,<environment.Job instance at 0x7fd107fae140>,4,2,[4 8],5,7,9,2,5
1,<environment.Job instance at 0x7fd107ba3f50>,3,3,[9 4],4,9,12,5,5
1,<environment.Job instance at 0x7fd107fae3c0>,6,14,[8 1],7,12,26,5,8
1,<environment.Job instance at 0x7fd107fae500>,8,1,[2 5],9,12,13,3,9
1,<environment.Job instance at 0x7fd107fae960>,14,2,[4 9],15,26,28,11,15
1,<environment.Job instance at 0x7fd107faeb40>,15,2,[7 5],16,28,30,12,16
1,<environment.Job instance at 0x7fd107faec80>,16,18,[8 2],17,30,48,13,24
1,<environment.Job instance at 0x7fd107faed20>,17,18,[6 2],18,48,66,30,40
1,<environment.Job instance at 0x7fd107fac780>,30,3,[7 3],31,66,69,35,40
1,<environment.Job instance at 0x7fd107fac640>,28,14,[3 8],29,48,62,19,43
1,<environment.Job instance at 0x7fd107fac820>,31,17,[5 7],32,69,86,37,58
1,<environment.Job instance at 0x7fd107faca00>,34,13,[1 9],35,86,99,51,72
1,<environment.Job instance at 0x7fd107faee60>,19,18,[5 8],20,99,117,79,96
1,<environment.Job instance at 0x7fd107fab870>,44,15,[5 7],45,117,132,72,103
1,<environment.Job instance at 0x7fd107fabc30>,50,1,[6 5],51,132,133,81,119
1,<environment.Job instance at 0x7fd107fae730>,10,14,[ 4 10],11,133,147,122,119
1,<environment.Job instance at 0x7fd1520c3e60>,2,2,[7 4],3,3,5,0,3
1,<environment.Job instance at 0x7fd107fae730>,3,3,[5 5],4,5,8,1,4
1,<environment.Job instance at 0x7fd1520c3320>,5,13,[3 9],6,9,22,3,9
1,<environment.Job instance at 0x7fd14b9bb370>,9,2,[ 4 10],10,22,24,12,10
1,<environment.Job instance at 0x7fd14b9bbfa0>,7,17,[3 5],8,24,41,16,14
1,<environment.Job instance at 0x7fd107fd3c30>,16,13,[3 9],17,41,54,24,25
1,<environment.Job instance at 0x7fd107fd33c0>,17,14,[2 5],18,25,39,7,25
1,<environment.Job instance at 0x7fd107fd3e10>,19,3,[5 9],20,54,57,34,31
1,<environment.Job instance at 0x7fd107fd3910>,23,14,[4 8],24,57,71,33,43
1,<environment.Job instance at 0x7fd107fd37d0>,26,15,[9 1],27,71,86,44,58
1,<environment.Job instance at 0x7fd107fb90f0>,30,3,[10  4],31,86,89,55,61
1,<environment.Job instance at 0x7fd107fb9230>,31,13,[6 5],32,89,102,57,73
1,<environment.Job instance at 0x7fd107fb9960>,33,15,[6 1],34,102,117,68,89
1,<environment.Job instance at 0x7fd107fd80f0>,37,1,[10  3],38,117,118,79,89
1,<environment.Job instance at 0x7fd107fb95a0>,35,3,[9 4],36,118,121,82,93
1,<environment.Job instance at 0x7fd107fd85a0>,40,15,[5 6],41,121,136,80,111
1,<environment.Job instance at 0x7fd14bc8feb0>,14,12,[9 1],15,15,27,0,15
1,<environment.Job instance at 0x7fd107bc4dc0>,16,13,[4 7],17,27,40,10,18
1,<environment.Job instance at 0x7fd107d40370>,19,13,[7 4],20,40,53,20,25
1,<environment.Job instance at 0x7fd108052550>,23,15,[4 9],24,53,68,29,39
1,<environment.Job instance at 0x7fd15260b0a0>,30,15,[10  4],31,68,83,37,56
1,<environment.Job instance at 0x7fd15262b870>,34,14,[3 8],35,85,99,50,85
1,<environment.Job instance at 0x7fd15262b6e0>,35,12,[10  1],36,99,111,63,90
1,<environment.Job instance at 0x7fd15262bc30>,37,14,[ 4 10],38,111,125,73,98
1,<environment.Job instance at 0x7fd15262bdc0>,38,18,[4 6],39,125,143,86,114
1,<environment.Job instance at 0x7fd15262b0f0>,1,1,[6 5],2,2,3,0,2
1,<environment.Job instance at 0x7fd107a31a50>,10,14,[1 5],11,11,25,0,11
1,<environment.Job instance at 0x7fd107a31be0>,9,15,[5 7],10,25,40,15,13
1,<environment.Job instance at 0x7fd107a31f50>,14,13,[2 6],15,40,53,25,34
1,<environment.Job instance at 0x7fd107a31d70>,16,18,[7 4],17,40,58,23,39
1,<environment.Job instance at 0x7fd107a33280>,17,19,[1 5],18,53,72,35,44
1,<environment.Job instance at 0x7fd107a330f0>,19,18,[6 4],20,58,76,38,51
1,<environment.Job instance at 0x7fd107a33500>,21,13,[6 3],22,76,89,54,60
1,<environment.Job instance at 0x7fd107a33780>,26,3,[ 5 10],27,89,92,62,64
1,<environment.Job instance at 0x7fd107ee05a0>,2,3,[1 8],3,3,6,0,3
1,<environment.Job instance at 0x7fd107a33780>,4,3,[1 5],5,6,9,1,5
1,<environment.Job instance at 0x7fd107ee0af0>,3,12,[3 8],4,9,21,5,5
1,<environment.Job instance at 0x7fd107ac5960>,7,13,[9 1],8,21,34,13,8
1,<environment.Job instance at 0x7fd107add2d0>,16,12,[9 5],17,34,46,17,23
1,<environment.Job instance at 0x7fd107add9b0>,20,2,[5 5],21,46,48,25,24
1,<environment.Job instance at 0x7fd107abbc30>,14,13,[4 8],15,48,61,33,34
1,<environment.Job instance at 0x7fd107f6d4b0>,25,18,[7 5],26,61,79,35,51
1,<environment.Job instance at 0x7fd152252550>,28,13,[1 5],29,61,74,32,54
1,<environment.Job instance at 0x7fd1523fe550>,21,14,[9 4],22,79,93,57,67
1,<environment.Job instance at 0x7fd107f9d0a0>,35,3,[5 6],36,93,96,57,74
1,<environment.Job instance at 0x7fd1522965a0>,17,17,[10  4],18,96,113,78,84
1,<environment.Job instance at 0x7fd14b893c30>,46,17,[3 5],47,113,130,66,102
1,<environment.Job instance at 0x7fd14b893910>,50,13,[5 6],51,130,143,79,117
1,<environment.Job instance at 0x7fd152efd0f0>,1,1,[4 5],2,2,3,0,2
1,<environment.Job instance at 0x7fd14b902a00>,2,3,[8 1],3,3,6,0,3
1,<environment.Job instance at 0x7fd14b9028c0>,4,16,[7 4],5,7,23,2,7
1,<environment.Job instance at 0x7fd107bf8f50>,10,15,[5 3],11,23,38,12,11
1,<environment.Job instance at 0x7fd152597960>,12,14,[4 6],13,23,37,10,15
1,<environment.Job instance at 0x7fd14bd04dc0>,19,15,[3 9],20,38,53,18,24
1,<environment.Job instance at 0x7fd14b9a92d0>,21,3,[8 5],22,53,56,31,29
1,<environment.Job instance at 0x7fd152170f50>,22,12,[ 1 10],23,56,68,33,39
1,<environment.Job instance at 0x7fd14b9a91e0>,27,15,[6 2],28,68,83,40,54
1,<environment.Job instance at 0x7fd14b87ff50>,29,3,[9 3],30,83,86,53,57
1,<environment.Job instance at 0x7fd14b909820>,31,3,[1 8],32,68,71,36,57
1,<environment.Job instance at 0x7fd14bc12190>,33,3,[3 8],34,75,78,41,75
1,<environment.Job instance at 0x7fd107bf8050>,13,17,[9 1],14,86,103,72,79
1,<environment.Job instance at 0x7fd14bc120a0>,38,2,[6 3],39,103,105,64,80
1,<environment.Job instance at 0x7fd14bc120f0>,37,12,[5 9],38,105,117,67,89
1,<environment.Job instance at 0x7fd1522cbc80>,43,1,[2 6],44,103,104,59,94
1,<environment.Job instance at 0x7fd1522cbd70>,44,13,[2 7],45,117,130,72,101
1,<environment.Job instance at 0x7fd14b99ba00>,3,13,[8 4],4,6,19,2,6
1,<environment.Job instance at 0x7fd14bb4f140>,7,13,[10  4],8,19,32,11,9
1,<environment.Job instance at 0x7fd14bb4f3c0>,9,13,[8 2],10,32,45,22,18
1,<environment.Job instance at 0x7fd14bb4faf0>,18,2,[1 9],19,45,47,26,30
1,<environment.Job instance at 0x7fd14bb4fc30>,19,14,[5 1],20,45,59,25,30
1,<environment.Job instance at 0x7fd14bb4f230>,17,18,[1 6],18,47,65,29,41
1,<environment.Job instance at 0x7fd14bb4ffa0>,22,14,[7 3],23,59,73,36,46
1,<environment.Job instance at 0x7fd14bd1c3c0>,28,3,[10  4],29,73,76,44,48
1,<environment.Job instance at 0x7fd14bd1c0f0>,31,1,[2 5],32,65,66,33,51
1,<environment.Job instance at 0x7fd14bd1c820>,32,13,[ 3 10],33,76,89,43,61
1,<environment.Job instance at 0x7fd14bd1ca00>,35,14,[5 7],36,89,103,53,77
1,<environment.Job instance at 0x7fd14bd1cfa0>,42,12,[1 9],43,103,115,60,95
1,<environment.Job instance at 0x7fd14bd1caa0>,36,16,[9 2],37,115,131,78,106
1,<environment.Job instance at 0x7fd14bd175f0>,3,18,[4 5],4,4,22,0,4
1,<environment.Job instance at 0x7fd14b9f7e60>,7,3,[9 4],8,22,25,14,9
1,<environment.Job instance at 0x7fd1527f2aa0>,6,16,[5 6],7,25,41,18,18
1,<environment.Job instance at 0x7fd14b9f7b90>,19,3,[6 2],20,41,44,21,27
1,<environment.Job instance at 0x7fd14b960be0>,20,13,[1 5],21,41,54,20,36
1,<environment.Job instance at 0x7fd15229c820>,25,13,[5 4],26,44,57,18,40
1,<environment.Job instance at 0x7fd15229c4b0>,27,15,[2 6],28,54,69,26,41
1,<environment.Job instance at 0x7fd15229c690>,28,18,[ 5 10],29,69,87,40,58
1,<environment.Job instance at 0x7fd15229c370>,29,18,[10  2],30,87,105,57,86
1,<environment.Job instance at 0x7fd14b9f7c30>,18,16,[ 5 10],19,105,121,86,93
1,<environment.Job instance at 0x7fd14b8fa6e0>,1,1,[ 3 10],2,2,3,0,2
1,<environment.Job instance at 0x7fd14b8fa460>,2,16,[6 1],3,6,22,3,6
1,<environment.Job instance at 0x7fd14bd65190>,12,2,[1 9],13,16,18,3,16
1,<environment.Job instance at 0x7fd14bd65140>,13,1,[3 7],14,18,19,4,16
1,<environment.Job instance at 0x7fd14bd65910>,14,3,[8 5],15,22,25,7,16
1,<environment.Job instance at 0x7fd14b93bb90>,15,2,[9 5],16,25,27,9,16
1,<environment.Job instance at 0x7fd14b93b780>,16,16,[4 9],17,27,43,10,19
1,<environment.Job instance at 0x7fd14b93b410>,17,18,[6 1],18,27,45,9,24
1,<environment.Job instance at 0x7fd14b93bd20>,19,15,[6 4],20,45,60,25,34
1,<environment.Job instance at 0x7fd107c2f5f0>,28,13,[4 8],29,60,73,31,48
1,<environment.Job instance at 0x7fd107c2f0a0>,34,14,[ 5 10],35,73,87,38,61
1,<environment.Job instance at 0x7fd107c2fd20>,36,16,[4 8],37,87,103,50,76
1,<environment.Job instance at 0x7fd107c2f870>,41,12,[5 6],42,103,115,61,87
1,<environment.Job instance at 0x7fd107c2f6e0>,32,18,[6 5],33,115,133,82,106
1,<environment.Job instance at 0x7fd107b4ce60>,45,14,[3 8],46,133,147,87,118
1,<environment.Job instance at 0x7fd14b6f9820>,1,15,[3 7],2,2,17,0,2
1,<environment.Job instance at 0x7fd1524f2820>,3,14,[6 2],4,4,18,0,4
1,<environment.Job instance at 0x7fd152154b40>,6,2,[5 3],7,18,20,11,10
1,<environment.Job instance at 0x7fd152154190>,8,12,[6 4],9,20,32,11,13
1,<environment.Job instance at 0x7fd15212a820>,15,3,[3 9],16,32,35,16,17
1,<environment.Job instance at 0x7fd15212a3c0>,18,12,[10  4],19,35,47,16,19
1,<environment.Job instance at 0x7fd152123050>,20,2,[5 4],21,47,49,26,29
1,<environment.Job instance at 0x7fd14b9fdd20>,23,3,[6 1],24,49,52,25,33
1,<environment.Job instance at 0x7fd1521518c0>,25,3,[8 1],26,52,55,26,34
1,<environment.Job instance at 0x7fd152123370>,19,12,[5 8],20,55,67,35,38
1,<environment.Job instance at 0x7fd10810eeb0>,35,13,[7 4],36,67,80,31,56
1,<environment.Job instance at 0x7fd14bd8a870>,40,15,[5 5],41,80,95,39,68
1,<environment.Job instance at 0x7fd14b91cb40>,31,17,[7 4],32,95,112,63,83
1,<environment.Job instance at 0x7fd152168690>,42,17,[5 7],43,112,129,69,103
1,<environment.Job instance at 0x7fd14b9391e0>,54,2,[8 5],55,129,131,74,114
1,<environment.Job instance at 0x7fd107ea2460>,55,3,[10  5],56,131,134,75,114
1,<environment.Job instance at 0x7fd1078e07d0>,1,16,[8 4],2,4,20,2,4
1,<environment.Job instance at 0x7fd107e96a50>,4,2,[3 6],5,20,22,15,5
1,<environment.Job instance at 0x7fd152470640>,5,15,[9 1],6,22,37,16,8
1,<environment.Job instance at 0x7fd152173690>,14,14,[5 3],15,37,51,22,24
1,<environment.Job instance at 0x7fd1527eaf50>,20,12,[9 4],21,51,63,30,34
1,<environment.Job instance at 0x7fd14bd6e4b0>,7,16,[8 4],8,63,79,55,50
1,<environment.Job instance at 0x7fd107e8e230>,31,13,[5 8],32,79,92,47,63
1,<environment.Job instance at 0x7fd107e8ee60>,33,13,[6 5],34,92,105,58,76
1,<environment.Job instance at 0x7fd152173fa0>,13,13,[10  3],14,105,118,91,92
1,<environment.Job instance at 0x7fd107b050f0>,47,17,[5 6],48,118,135,70,106
1,<environment.Job instance at 0x7fd10783e1e0>,4,15,[10  1],5,5,20,0,5
1,<environment.Job instance at 0x7fd10783e280>,5,15,[8 4],6,20,35,14,9
1,<environment.Job instance at 0x7fd10799b870>,10,16,[1 6],11,20,36,9,11
1,<environment.Job instance at 0x7fd10783e320>,9,17,[5 4],10,35,52,25,23
1,<environment.Job instance at 0x7fd107ff07d0>,2,18,[2 5],3,36,54,33,27
1,<environment.Job instance at 0x7fd10799ba00>,19,14,[4 7],20,54,68,34,44
1,<environment.Job instance at 0x7fd10799bbe0>,12,15,[10  3],13,68,83,55,55
1,<environment.Job instance at 0x7fd10799be60>,15,16,[3 8],16,83,99,67,74
1,<environment.Job instance at 0x7fd1078926e0>,30,15,[3 7],31,99,114,68,85
1,<environment.Job instance at 0x7fd107892b90>,42,14,[5 5],43,114,128,71,108
1,<environment.Job instance at 0x7fd10783ba50>,44,13,[4 7],45,128,141,83,113
1,<environment.Job instance at 0x7fd14b639190>,0,1,[10  3],1,2,3,1,2
1,<environment.Job instance at 0x7fd14bc9adc0>,1,17,[7 1],2,3,20,1,3
1,<environment.Job instance at 0x7fd14b639410>,3,2,[2 7],4,4,6,0,4
1,<environment.Job instance at 0x7fd14b62c410>,4,1,[1 7],5,6,7,1,5
1,<environment.Job instance at 0x7fd14b62ce10>,5,3,[3 6],6,7,10,1,6
1,<environment.Job instance at 0x7fd14b62caf0>,10,12,[2 6],11,12,24,1,12
1,<environment.Job instance at 0x7fd14b62cc80>,11,3,[5 2],12,20,23,8,14
1,<environment.Job instance at 0x7fd14b633640>,14,13,[8 1],15,23,36,8,15
1,<environment.Job instance at 0x7fd14b62c4b0>,12,16,[8 1],13,36,52,23,24
1,<environment.Job instance at 0x7fd14b633aa0>,21,14,[7 5],22,52,66,30,38
1,<environment.Job instance at 0x7fd14b651820>,28,3,[6 1],29,66,69,37,44
1,<environment.Job instance at 0x7fd14b633d20>,19,17,[3 5],20,52,69,32,50
1,<environment.Job instance at 0x7fd10783ac30>,33,13,[2 7],34,69,82,35,56
1,<environment.Job instance at 0x7fd1522b1640>,35,18,[4 9],36,82,100,46,71
1,<environment.Job instance at 0x7fd14bc95320>,36,14,[8 5],37,100,114,63,87
1,<environment.Job instance at 0x7fd14bbf46e0>,48,14,[5 5],49,114,128,65,101
1,<environment.Job instance at 0x7fd14b831370>,0,2,[4 7],1,2,4,1,2
1,<environment.Job instance at 0x7fd14bbdc0a0>,1,17,[8 4],2,5,22,3,5
1,<environment.Job instance at 0x7fd14bb59c30>,3,18,[10  4],4,22,40,18,18
1,<environment.Job instance at 0x7fd14b7e2b40>,13,16,[1 9],14,40,56,26,35
1,<environment.Job instance at 0x7fd152817e10>,18,13,[7 4],19,56,69,37,45
1,<environment.Job instance at 0x7fd14b831820>,4,14,[ 4 10],5,69,83,64,54
1,<environment.Job instance at 0x7fd1079680a0>,22,15,[6 2],23,83,98,60,70
1,<environment.Job instance at 0x7fd107e194b0>,26,12,[7 4],27,98,110,71,85
1,<environment.Job instance at 0x7fd107e8feb0>,27,3,[6 1],28,110,113,82,85
1,<environment.Job instance at 0x7fd14ba04eb0>,33,3,[9 3],34,113,116,79,98
1,<environment.Job instance at 0x7fd14b7e29b0>,15,15,[2 8],16,116,131,100,108
1,<environment.Job instance at 0x7fd107d13500>,0,3,[3 7],1,3,6,2,3
1,<environment.Job instance at 0x7fd107d138c0>,3,2,[2 8],4,6,8,2,6
1,<environment.Job instance at 0x7fd107d13320>,4,3,[5 3],5,8,11,3,7
1,<environment.Job instance at 0x7fd14bbd7910>,19,1,[ 4 10],20,30,31,10,30
1,<environment.Job instance at 0x7fd14bbd7b40>,20,12,[10  5],21,34,46,13,34
1,<environment.Job instance at 0x7fd14bbd7820>,12,17,[4 9],13,46,63,33,37
1,<environment.Job instance at 0x7fd14bbd70a0>,22,2,[6 5],23,63,65,40,39
1,<environment.Job instance at 0x7fd1522cbc30>,27,15,[5 5],28,65,80,37,51
1,<environment.Job instance at 0x7fd1522cb780>,35,2,[4 5],36,78,80,42,78
1,<environment.Job instance at 0x7fd14bbd7870>,23,17,[8 3],24,80,97,56,79
1,<environment.Job instance at 0x7fd14bca32d0>,41,1,[5 7],42,97,98,55,79
1,<environment.Job instance at 0x7fd14bca37d0>,42,18,[ 3 10],43,98,116,55,90
1,<environment.Job instance at 0x7fd14bca30a0>,43,16,[8 1],44,116,132,72,104
1,<environment.Job instance at 0x7fd107e35be0>,1,18,[1 7],2,6,24,4,6
1,<environment.Job instance at 0x7fd107d79dc0>,7,3,[1 9],8,24,27,16,8
1,<environment.Job instance at 0x7fd107d79870>,8,2,[2 7],9,27,29,18,11
1,<environment.Job instance at 0x7fd14bc51fa0>,11,1,[4 6],12,29,30,17,12
1,<environment.Job instance at 0x7fd14bc51be0>,12,13,[5 8],13,30,43,17,15
1,<environment.Job instance at 0x7fd15213f2d0>,20,12,[9 3],21,43,55,22,26
1,<environment.Job instance at 0x7fd14b6331e0>,27,1,[10  4],28,55,56,27,35
1,<environment.Job instance at 0x7fd14b633af0>,29,12,[3 8],30,56,68,26,40
1,<environment.Job instance at 0x7fd14b633690>,30,18,[1 7],31,68,86,37,58
1,<environment.Job instance at 0x7fd107a8e140>,39,1,[9 5],40,86,87,46,61
1,<environment.Job instance at 0x7fd107ab6cd0>,40,16,[8 3],41,68,84,27,63
1,<environment.Job instance at 0x7fd107ab6780>,44,15,[10  3],45,87,102,42,82
1,<environment.Job instance at 0x7fd107ab6730>,47,13,[5 6],48,102,115,54,86
1,<environment.Job instance at 0x7fd107ab6690>,51,14,[4 6],52,115,129,63,108
1,<environment.Job instance at 0x7fee2504b190>,4,18,[10  4],5,7,25,2,7
1,<environment.Job instance at 0x7fee1dc3b640>,8,17,[ 2 10],9,25,42,16,14
1,<environment.Job instance at 0x7fee1dc3bb40>,14,12,[3 7],15,42,54,27,35
1,<environment.Job instance at 0x7fee1dc3b870>,16,12,[1 8],17,54,66,37,37
1,<environment.Job instance at 0x7fee1dc3b960>,13,13,[1 8],14,66,79,52,62
1,<environment.Job instance at 0x7fee1dc3f0f0>,27,2,[6 4],28,79,81,51,73
1,<environment.Job instance at 0x7fee1dc3f050>,30,1,[5 5],31,81,82,50,73
1,<environment.Job instance at 0x7fee1dc3f500>,31,17,[4 9],32,82,99,50,73
1,<environment.Job instance at 0x7fee250d4dc0>,3,18,[ 3 10],4,101,119,97,101
1,<environment.Job instance at 0x7fee1dc3fcd0>,37,14,[5 5],38,119,133,81,108
1,<environment.Job instance at 0x7fee1dc3ff00>,41,14,[6 1],42,133,147,91,124
1,<environment.Job instance at 0x7fee1dc3fe10>,2,3,[8 5],3,3,6,0,3
1,<environment.Job instance at 0x7fee251c10f0>,3,3,[2 9],4,6,9,2,4
1,<environment.Job instance at 0x7fee251b1af0>,4,15,[10  5],5,9,24,4,5
1,<environment.Job instance at 0x7fee251b2910>,11,16,[5 4],12,24,40,12,12
1,<environment.Job instance at 0x7fee251b2f50>,15,15,[6 2],16,40,55,24,31
1,<environment.Job instance at 0x7fee251c5190>,20,13,[2 6],21,36,49,15,36
1,<environment.Job instance at 0x7fee251c51e0>,21,16,[1 9],22,55,71,33,43
1,<environment.Job instance at 0x7fee251c53c0>,27,17,[3 8],28,71,88,43,60
1,<environment.Job instance at 0x7fee251bbfa0>,33,15,[4 8],34,88,103,54,76
1,<environment.Job instance at 0x7fee251c56e0>,28,16,[3 9],29,103,119,74,91
1,<environment.Job instance at 0x7fee251bca50>,41,14,[5 3],42,119,133,77,105
1,<environment.Job instance at 0x7fee251bcd70>,43,12,[1 7],44,119,131,75,111
1,<environment.Job instance at 0x7fee251bf190>,48,14,[4 7],49,131,145,82,116
1,<environment.Job instance at 0x7fedd9ef2190>,9,1,[8 5],10,14,15,4,14
1,<environment.Job instance at 0x7fedd9f63eb0>,10,1,[9 5],11,15,16,4,14
1,<environment.Job instance at 0x7fedd9ef2eb0>,4,18,[10  2],5,21,39,16,21
1,<environment.Job instance at 0x7fedd9f63d70>,15,2,[7 1],16,39,41,23,23
1,<environment.Job instance at 0x7fedd9f536e0>,17,14,[4 7],18,41,55,23,29
1,<environment.Job instance at 0x7fee1e106640>,21,16,[6 2],22,41,57,19,36
1,<environment.Job instance at 0x7fee1dacb870>,26,13,[3 6],27,55,68,28,39
1,<environment.Job instance at 0x7fedd9f631e0>,13,18,[7 5],14,68,86,54,57
1,<environment.Job instance at 0x7fedd9f4afa0>,31,3,[3 6],32,86,89,54,63
1,<environment.Job instance at 0x7fedd9f4efa0>,29,14,[5 7],30,89,103,59,79
1,<environment.Job instance at 0x7fedd9ecf460>,36,16,[5 7],37,103,119,66,90
1,<environment.Job instance at 0x7fedd9fd7780>,40,17,[4 5],41,119,136,78,108
1,<environment.Job instance at 0x7fedd9fd7190>,44,1,[3 8],45,136,137,91,115
1,<environment.Job instance at 0x7fedd9fd7e10>,46,15,[7 3],47,137,152,90,127
1,<environment.Job instance at 0x7fedda249370>,1,2,[7 4],2,2,4,0,2
1,<environment.Job instance at 0x7fedda249870>,0,12,[1 5],1,7,19,6,7
1,<environment.Job instance at 0x7fee1dcf5a50>,7,20,[5 2],8,8,28,0,8
1,<environment.Job instance at 0x7fee206c1820>,2,17,[9 1],3,28,45,25,16
1,<environment.Job instance at 0x7fee1da88230>,16,13,[8 3],17,45,58,28,30
1,<environment.Job instance at 0x7fee202f65f0>,18,14,[2 7],19,45,59,26,45
1,<environment.Job instance at 0x7fee1da88960>,17,13,[4 6],18,59,72,41,45
1,<environment.Job instance at 0x7fee1dde53c0>,23,16,[3 5],24,72,88,48,59
1,<environment.Job instance at 0x7fee202f6870>,21,18,[5 7],22,88,106,66,77
1,<environment.Job instance at 0x7fedd9e828c0>,32,13,[3 9],33,106,119,73,90
1,<environment.Job instance at 0x7fedda390c30>,36,13,[8 4],37,119,132,82,104
1,<environment.Job instance at 0x7fedda390fa0>,40,17,[9 4],41,132,149,91,126
1,<environment.Job instance at 0x7fedda3f4eb0>,44,2,[5 3],45,149,151,104,126
1,<environment.Job instance at 0x7fee207c06e0>,1,15,[3 5],2,2,17,0,2
1,<environment.Job instance at 0x7fedda2567d0>,4,15,[5 7],5,55,70,50,55
1,<environment.Job instance at 0x7fedda5331e0>,6,14,[ 5 10],7,70,84,63,56
1,<environment.Job instance at 0x7fedda298dc0>,23,18,[6 1],24,84,102,60,77
1,<environment.Job instance at 0x7fee1da2e690>,20,14,[8 4],21,102,116,81,89
1,<environment.Job instance at 0x7fee1da38730>,26,14,[10  4],27,116,130,89,102
1,<environment.Job instance at 0x7fee1da3a730>,36,16,[2 6],37,130,146,93,118
1,<environment.Job instance at 0x7fee2044ad70>,1,2,[5 7],2,3,5,1,3
1,<environment.Job instance at 0x7fee2044af50>,3,1,[4 9],4,5,6,1,4
1,<environment.Job instance at 0x7fee2044a960>,4,12,[3 5],5,6,18,1,6
1,<environment.Job instance at 0x7fee2044a3c0>,6,2,[8 4],7,18,20,11,7
1,<environment.Job instance at 0x7fee20621550>,17,2,[ 2 10],18,20,22,2,18
1,<environment.Job instance at 0x7fee206215f0>,16,14,[1 7],17,22,36,5,18
1,<environment.Job instance at 0x7fee2044a050>,0,17,[2 6],1,36,53,35,33
1,<environment.Job instance at 0x7fee20621960>,25,3,[1 9],26,53,56,27,33
1,<environment.Job instance at 0x7fee20621320>,12,15,[10  1],13,56,71,43,43
1,<environment.Job instance at 0x7fee20621dc0>,24,16,[9 4],25,71,87,46,60
1,<environment.Job instance at 0x7fee1daec730>,35,2,[3 5],36,87,89,51,73
1,<environment.Job instance at 0x7fee1daec6e0>,36,12,[1 5],37,73,85,36,73
1,<environment.Job instance at 0x7fee1daec9b0>,38,14,[9 1],39,89,103,50,74
1,<environment.Job instance at 0x7fee1dae8410>,42,15,[6 2],43,103,118,60,89
1,<environment.Job instance at 0x7fee1dae8b40>,48,18,[6 5],49,118,136,69,108
1,<environment.Job instance at 0x7fee1dbab870>,4,13,[5 3],5,6,19,1,6
1,<environment.Job instance at 0x7fee1df5d9b0>,7,3,[7 5],8,19,22,11,8
1,<environment.Job instance at 0x7fee1df240a0>,8,17,[3 7],9,22,39,13,13
1,<environment.Job instance at 0x7fee2023cfa0>,14,3,[ 3 10],15,39,42,24,19
1,<environment.Job instance at 0x7fee2023ca50>,13,12,[7 4],14,42,54,28,25
1,<environment.Job instance at 0x7fee2089a410>,20,14,[ 2 10],21,54,68,33,43
1,<environment.Job instance at 0x7fedda386960>,26,13,[3 9],27,68,81,41,52
1,<environment.Job instance at 0x7fee1df00050>,28,18,[1 5],29,81,99,52,70
1,<environment.Job instance at 0x7fee1db75dc0>,33,12,[2 6],34,99,111,65,82
1,<environment.Job instance at 0x7fee1df5d410>,6,14,[6 4],7,86,100,79,86
1,<environment.Job instance at 0x7fee1db75f50>,36,13,[5 5],37,111,124,74,109
1,<environment.Job instance at 0x7fee1db4cf00>,43,1,[10  1],44,124,125,80,110
1,<environment.Job instance at 0x7fee1db4cd20>,46,2,[5 9],47,125,127,78,111
1,<environment.Job instance at 0x7fee1db4c500>,47,2,[10  3],48,127,129,79,115
1,<environment.Job instance at 0x7fee206e6910>,4,3,[2 7],5,14,17,9,14
1,<environment.Job instance at 0x7fedda5221e0>,12,12,[6 1],13,27,39,14,27
1,<environment.Job instance at 0x7fedda52c230>,6,12,[3 9],7,36,48,29,36
1,<environment.Job instance at 0x7fedda522690>,15,16,[10  5],16,48,64,32,38
1,<environment.Job instance at 0x7fedda522d20>,24,13,[8 2],25,64,77,39,48
1,<environment.Job instance at 0x7fedda522c30>,28,13,[2 5],29,64,77,35,51
1,<environment.Job instance at 0x7fedda5229b0>,20,15,[4 7],21,77,92,56,63
1,<environment.Job instance at 0x7fedda522b90>,23,16,[9 4],24,92,108,68,79
1,<environment.Job instance at 0x7fedda515320>,32,15,[ 2 10],33,108,123,75,95
1,<environment.Job instance at 0x7fedda53c0f0>,46,16,[1 6],47,123,139,76,114
1,<environment.Job instance at 0x7fedda53c370>,47,15,[7 4],48,123,138,75,114
1,<environment.Job instance at 0x7fedda522910>,19,18,[2 7],20,139,157,119,128
1,<environment.Job instance at 0x7fee205c2820>,8,18,[5 3],9,11,29,2,11
1,<environment.Job instance at 0x7fee205c2410>,9,12,[4 6],10,12,24,2,12
1,<environment.Job instance at 0x7fee205c2d70>,11,13,[10  4],12,29,42,17,13
1,<environment.Job instance at 0x7fee1dbd6c30>,16,17,[2 5],17,42,59,25,30
1,<environment.Job instance at 0x7fee1dbd6050>,14,15,[5 6],15,59,74,44,46
1,<environment.Job instance at 0x7fedda4f49b0>,25,15,[3 9],26,74,89,48,60
1,<environment.Job instance at 0x7fee205ba910>,30,17,[10  1],31,89,106,58,78
1,<environment.Job instance at 0x7fedda5407d0>,31,14,[5 8],32,106,120,74,91
1,<environment.Job instance at 0x7fedd9ebc730>,38,13,[4 6],39,120,133,81,105
1,<environment.Job instance at 0x7fee204eea50>,40,12,[7 4],41,133,145,92,117
1,<environment.Job instance at 0x7fee1dc93780>,11,12,[4 7],12,12,24,0,12
1,<environment.Job instance at 0x7fedda4f92d0>,12,17,[9 4],13,24,41,11,13
1,<environment.Job instance at 0x7fee203c3410>,4,13,[10  5],5,41,54,36,31
1,<environment.Job instance at 0x7fee1da38500>,20,12,[4 8],21,54,66,33,39
1,<environment.Job instance at 0x7fee1dae05a0>,25,3,[2 8],26,71,74,45,71
1,<environment.Job instance at 0x7fee1e04a7d0>,30,18,[6 4],31,74,92,43,74
1,<environment.Job instance at 0x7fee1e04a780>,33,13,[8 4],34,92,105,58,77
1,<environment.Job instance at 0x7fee1e04abe0>,35,16,[7 3],36,105,121,69,93
1,<environment.Job instance at 0x7fedd9ede2d0>,39,13,[8 2],40,121,134,81,105
1,<environment.Job instance at 0x7fee1dee0c80>,3,16,[3 8],4,134,150,130,125
1,<environment.Job instance at 0x7fee1dbebeb0>,1,16,[5 5],2,3,19,1,3
1,<environment.Job instance at 0x7fedda27a0f0>,0,15,[1 8],1,19,34,18,16
1,<environment.Job instance at 0x7fee20365320>,19,17,[9 4],20,34,51,14,28
1,<environment.Job instance at 0x7fee20365d70>,28,13,[8 2],29,51,64,22,38
1,<environment.Job instance at 0x7fee20365f00>,30,2,[8 2],31,64,66,33,55
1,<environment.Job instance at 0x7fee20365eb0>,31,16,[4 6],32,66,82,34,58
1,<environment.Job instance at 0x7fedda27a460>,4,14,[ 3 10],5,82,96,77,67
1,<environment.Job instance at 0x7fee203536e0>,37,15,[10  4],38,96,111,58,82
1,<environment.Job instance at 0x7fee20353a50>,45,13,[5 4],46,111,124,65,95
1,<environment.Job instance at 0x7fee20353b90>,47,15,[2 6],48,111,126,63,99
1,<environment.Job instance at 0x7fee20353d70>,50,13,[2 8],51,129,142,78,129
1,<environment.Job instance at 0x7fee20765640>,3,14,[3 6],4,5,19,1,5
1,<environment.Job instance at 0x7fee20765050>,6,14,[4 7],7,19,33,12,9
1,<environment.Job instance at 0x7fee20765550>,4,16,[8 2],5,33,49,28,21
1,<environment.Job instance at 0x7fedda1b32d0>,21,12,[3 5],22,49,61,27,35
1,<environment.Job instance at 0x7fee1dffbd70>,27,18,[6 1],28,49,67,21,48
1,<environment.Job instance at 0x7fee1dffbeb0>,28,14,[5 4],29,67,81,38,53
1,<environment.Job instance at 0x7fee1dbcba50>,13,14,[ 4 10],14,81,95,67,66
1,<environment.Job instance at 0x7fee1dab7b40>,38,13,[4 8],39,95,108,56,84
1,<environment.Job instance at 0x7fee1dab7230>,44,14,[ 5 10],45,108,122,63,95
1,<environment.Job instance at 0x7fedda24cb90>,9,13,[10  4],10,122,135,112,106
1,<environment.Job instance at 0x7fee207657d0>,1,17,[5 8],2,135,152,133,125
1,<environment.Job instance at 0x7fee1ddcb6e0>,1,15,[3 7],2,2,17,0,2
1,<environment.Job instance at 0x7fee1dde6af0>,2,3,[5 8],3,17,20,14,3
1,<environment.Job instance at 0x7fee1ded78c0>,3,14,[6 2],4,20,34,16,5
1,<environment.Job instance at 0x7fee1e0e09b0>,7,1,[4 7],8,20,21,12,9
1,<environment.Job instance at 0x7fee1e09edc0>,16,13,[6 4],17,34,47,17,20
1,<environment.Job instance at 0x7fee206e7b90>,25,3,[8 1],26,47,50,21,30
1,<environment.Job instance at 0x7fee1de44410>,22,1,[2 6],23,30,31,7,30
1,<environment.Job instance at 0x7fee206e79b0>,29,2,[10  1],30,50,52,20,30
1,<environment.Job instance at 0x7fee206e7960>,28,3,[6 2],29,52,55,23,31
1,<environment.Job instance at 0x7fedda0f73c0>,30,12,[2 5],31,31,43,0,31
1,<environment.Job instance at 0x7fedda0f7280>,31,17,[7 4],32,55,72,23,43
1,<environment.Job instance at 0x7fee1e102410>,40,15,[5 5],41,72,87,31,58
1,<environment.Job instance at 0x7fee1e102690>,44,12,[7 1],45,87,99,42,78
1,<environment.Job instance at 0x7fee1e0e0d70>,13,15,[ 2 10],14,99,114,85,85
1,<environment.Job instance at 0x7fee208ef550>,51,17,[9 4],52,114,131,62,102
1,<environment.Job instance at 0x7fee1e0e0be0>,12,18,[4 8],13,131,149,118,120
1,<environment.Job instance at 0x7fedd9e0e370>,1,2,[6 3],2,2,4,0,2
1,<environment.Job instance at 0x7fedd9f02b90>,7,14,[4 7],8,16,30,8,16
1,<environment.Job instance at 0x7fedd9f02cd0>,14,17,[3 5],15,30,47,15,20
1,<environment.Job instance at 0x7fedd9f054b0>,20,3,[ 2 10],21,47,50,26,37
1,<environment.Job instance at 0x7fedd9f40050>,21,13,[5 8],22,50,63,28,48
1,<environment.Job instance at 0x7fedd9f05e10>,22,14,[6 2],23,63,77,40,50
1,<environment.Job instance at 0x7fedd9f05550>,24,2,[1 5],25,63,65,38,50
1,<environment.Job instance at 0x7fee206c33c0>,3,13,[10  3],4,77,90,73,61
1,<environment.Job instance at 0x7fedd9f28eb0>,13,16,[ 5 10],14,90,106,76,79
1,<environment.Job instance at 0x7fedda5076e0>,36,14,[10  3],37,106,120,69,91
1,<environment.Job instance at 0x7fedda516050>,33,16,[9 5],34,120,136,86,107
1,<environment.Job instance at 0x7fedda4840f0>,41,17,[9 3],42,136,153,94,125
1,<environment.Job instance at 0x7fedda3cbeb0>,1,1,[3 9],2,2,3,0,2
1,<environment.Job instance at 0x7fee2023c230>,0,14,[1 7],1,4,18,3,4
1,<environment.Job instance at 0x7fedda434190>,4,14,[5 6],5,18,32,13,10
1,<environment.Job instance at 0x7fedda508d20>,12,2,[5 3],13,13,15,0,13
1,<environment.Job instance at 0x7fedda5086e0>,15,2,[5 2],16,29,31,13,29
1,<environment.Job instance at 0x7fedda508190>,14,14,[5 3],15,36,50,21,36
1,<environment.Job instance at 0x7fedda434f00>,7,17,[ 5 10],8,50,67,42,42
1,<environment.Job instance at 0x7fee1def78c0>,26,14,[9 3],27,67,81,40,57
1,<environment.Job instance at 0x7fee1def7af0>,22,14,[5 5],23,81,95,58,69
1,<environment.Job instance at 0x7fee2023fe10>,33,13,[10  4],34,95,108,61,80
1,<environment.Job instance at 0x7fedda3de190>,37,15,[8 5],38,108,123,70,100
1,<environment.Job instance at 0x7fedda37e0a0>,1,1,[2 5],2,3,4,1,3
1,<environment.Job instance at 0x7fedd9c25190>,8,18,[6 5],9,14,32,5,14
1,<environment.Job instance at 0x7fee1e135640>,2,17,[3 5],3,17,34,14,17
1,<environment.Job instance at 0x7fedd9d28c30>,14,16,[1 6],15,34,50,19,21
1,<environment.Job instance at 0x7fedda098eb0>,22,3,[ 4 10],23,50,53,27,26
1,<environment.Job instance at 0x7fedda098f50>,23,15,[8 2],24,34,49,10,26
1,<environment.Job instance at 0x7fedda0981e0>,31,16,[1 7],32,59,75,27,59
1,<environment.Job instance at 0x7fedda098230>,33,3,[5 2],34,59,62,25,59
1,<environment.Job instance at 0x7fedda0982d0>,34,12,[ 1 10],35,75,87,40,60
1,<environment.Job instance at 0x7fedd9d15aa0>,39,16,[8 4],40,87,103,47,76
1,<environment.Job instance at 0x7fedd9d15050>,44,16,[3 5],45,103,119,58,97
1,<environment.Job instance at 0x7fedd9d15d70>,45,15,[ 3 10],46,119,134,73,109
1,<environment.Job instance at 0x7fedda048f00>,53,12,[8 2],54,134,146,80,118
1,<environment.Job instance at 0x7fedda04feb0>,0,2,[1 7],1,4,6,3,4
1,<environment.Job instance at 0x7fee203fc0a0>,7,2,[7 5],8,8,10,0,8
1,<environment.Job instance at 0x7fee203fcd20>,9,12,[4 7],10,27,39,17,27
1,<environment.Job instance at 0x7fedda0485f0>,6,13,[4 9],7,39,52,32,29
1,<environment.Job instance at 0x7fee203fc140>,14,14,[ 4 10],15,52,66,37,42
1,<environment.Job instance at 0x7fee203d4d20>,22,16,[3 7],23,66,82,43,53
1,<environment.Job instance at 0x7fee1dda96e0>,32,16,[6 4],33,82,98,49,71
1,<environment.Job instance at 0x7fee1dd83eb0>,40,15,[8 4],41,98,113,57,87
1,<environment.Job instance at 0x7fedd9e158c0>,42,17,[1 7],43,113,130,70,101
1,<environment.Job instance at 0x7fedd9d62500>,48,12,[10  1],49,130,142,81,115
1,<environment.Job instance at 0x7fedda5ecd70>,3,2,[7 1],4,13,15,9,13
1,<environment.Job instance at 0x7fee24d4cd20>,6,3,[4 7],7,15,18,8,14
1,<environment.Job instance at 0x7fedda4b0230>,7,17,[5 6],8,18,35,10,16
1,<environment.Job instance at 0x7fedd9dc6cd0>,15,14,[6 3],16,35,49,19,20
1,<environment.Job instance at 0x7fee208d4640>,17,3,[1 5],18,35,38,17,20
1,<environment.Job instance at 0x7fee1de47dc0>,19,12,[7 4],20,49,61,29,32
1,<environment.Job instance at 0x7fee1de475f0>,22,14,[5 3],23,61,75,38,46
1,<environment.Job instance at 0x7fee1de47410>,20,18,[5 6],21,61,79,40,57
1,<environment.Job instance at 0x7fee1de476e0>,23,13,[10  5],24,79,92,55,63
1,<environment.Job instance at 0x7fee2037e6e0>,34,14,[5 2],35,92,106,57,79
1,<environment.Job instance at 0x7fee2037eaa0>,35,3,[4 7],36,92,95,56,79
1,<environment.Job instance at 0x7fedda24faa0>,38,12,[5 3],39,95,107,56,85
1,<environment.Job instance at 0x7fedda24ff00>,42,17,[3 6],43,106,123,63,94
1,<environment.Job instance at 0x7fee202ab8c0>,43,14,[5 4],44,107,121,63,95
1,<environment.Job instance at 0x7fee202aba00>,51,17,[7 4],52,121,138,69,111
1,<environment.Job instance at 0x7fee1de47050>,25,15,[10  4],26,138,153,112,124
1,<environment.Job instance at 0x7fedd9c7de10>,1,14,[8 5],2,2,16,0,2
1,<environment.Job instance at 0x7fedd9d106e0>,4,3,[9 3],5,16,19,11,5
1,<environment.Job instance at 0x7fee1de47be0>,2,18,[5 8],3,19,37,16,8
1,<environment.Job instance at 0x7fee20240eb0>,13,13,[1 7],14,55,68,41,55
1,<environment.Job instance at 0x7fedda5717d0>,23,13,[2 7],24,68,81,44,56
1,<environment.Job instance at 0x7fedda571c30>,19,17,[8 2],20,59,76,39,59
1,<environment.Job instance at 0x7fedda5495f0>,28,13,[5 5],29,81,94,52,65
1,<environment.Job instance at 0x7fedda549e60>,30,13,[1 6],31,94,107,63,81
1,<environment.Job instance at 0x7fedda549050>,35,16,[6 1],36,100,116,64,100
1,<environment.Job instance at 0x7fedda54c370>,38,16,[6 1],39,116,132,77,104
1,<environment.Job instance at 0x7fee20240e10>,14,18,[1 9],15,107,125,92,104
1,<environment.Job instance at 0x7fedda549b40>,26,17,[4 9],27,125,142,98,114
1,<environment.Job instance at 0x7fedda54c7d0>,46,15,[3 5],47,142,157,95,129
1,<environment.Job instance at 0x7fee1dadddc0>,1,1,[ 5 10],2,2,3,0,2
1,<environment.Job instance at 0x7fee1daddfa0>,0,19,[3 8],1,24,43,23,24
1,<environment.Job instance at 0x7fedd9c4fc80>,13,3,[8 3],14,43,46,29,27
1,<environment.Job instance at 0x7fee1def5870>,14,17,[5 2],15,46,63,31,34
1,<environment.Job instance at 0x7fee1def5e10>,17,3,[5 9],18,63,66,45,51
1,<environment.Job instance at 0x7fee1dc7d280>,20,1,[5 1],21,52,53,31,52
1,<environment.Job instance at 0x7fedd9c4ffa0>,5,15,[5 5],6,66,81,60,54
1,<environment.Job instance at 0x7fedd9bbffa0>,26,15,[9 2],27,81,96,54,68
1,<environment.Job instance at 0x7fedd9c4f190>,6,14,[1 8],7,81,95,74,70
1,<environment.Job instance at 0x7fee1dadd230>,4,16,[4 6],5,96,112,91,83
1,<environment.Job instance at 0x7fee206a5280>,37,12,[7 2],38,112,124,74,95
1,<environment.Job instance at 0x7fee1daa9780>,48,3,[9 4],49,124,127,75,107
1,<environment.Job instance at 0x7fee1daa9050>,49,12,[2 9],50,127,139,77,110
1,<environment.Job instance at 0x7fedd9bbf050>,28,17,[7 4],29,139,156,110,127
1,<environment.Job instance at 0x7f1892aecd70>,5,13,[5 9],6,6,19,0,6
1,<environment.Job instance at 0x7f188b6992d0>,7,14,[5 1],8,8,22,0,8
1,<environment.Job instance at 0x7f188b699550>,8,17,[ 2 10],9,22,39,13,12
1,<environment.Job instance at 0x7f188b699280>,4,18,[10  4],5,44,62,39,44
1,<environment.Job instance at 0x7f188b699c30>,16,12,[1 8],17,62,74,45,47
1,<environment.Job instance at 0x7f188b699aa0>,18,16,[8 5],19,74,90,55,66
1,<environment.Job instance at 0x7f188b69b3c0>,29,13,[1 6],30,90,103,60,77
1,<environment.Job instance at 0x7f188b69b7d0>,32,17,[9 3],33,96,113,63,96
1,<environment.Job instance at 0x7f188b69b820>,35,16,[8 1],36,113,129,77,101
1,<environment.Job instance at 0x7f188b69bb90>,38,12,[3 6],39,129,141,90,112
1,<environment.Job instance at 0x7f188b69bc80>,42,14,[8 4],43,141,155,98,128
1,<environment.Job instance at 0x7f188b6ae0f0>,1,16,[5 4],2,3,19,1,3
1,<environment.Job instance at 0x7f188b69bdc0>,3,16,[6 4],4,19,35,15,6
1,<environment.Job instance at 0x7f1892c0f0f0>,10,13,[2 6],11,20,33,9,20
1,<environment.Job instance at 0x7f1892c0ff50>,15,14,[3 8],16,35,49,19,20
1,<environment.Job instance at 0x7f1892c0fc80>,12,16,[6 2],13,35,51,22,35
1,<environment.Job instance at 0x7f1892c22550>,22,1,[10  1],23,51,52,28,35
1,<environment.Job instance at 0x7f1892c227d0>,20,12,[6 3],21,52,64,31,35
1,<environment.Job instance at 0x7f1892c18280>,24,13,[1 9],25,64,77,39,48
1,<environment.Job instance at 0x7f1892c18e10>,31,14,[5 3],32,77,91,45,63
1,<environment.Job instance at 0x7f1892c1cf00>,33,12,[1 7],34,77,89,43,67
1,<environment.Job instance at 0x7f1892ad1690>,38,14,[4 7],39,89,103,50,80
1,<environment.Job instance at 0x7f1892ad1500>,37,13,[ 4 10],38,103,116,65,94
1,<environment.Job instance at 0x7f1892ad1f00>,47,2,[9 3],48,116,118,68,103
1,<environment.Job instance at 0x7f1892ad1e10>,48,14,[8 5],49,118,132,69,104
1,<environment.Job instance at 0x7f1892ad0460>,50,18,[5 1],51,132,150,81,121
1,<environment.Job instance at 0x7f1892c18f00>,28,18,[4 6],29,132,150,103,123
1,<environment.Job instance at 0x7f1892ad0910>,53,3,[5 4],54,150,153,96,124
1,<environment.Job instance at 0x7f184793bb40>,0,2,[10  1],1,4,6,3,4
1,<environment.Job instance at 0x7f1847a0bfa0>,9,14,[5 7],10,16,30,6,16
1,<environment.Job instance at 0x7f184793bd70>,1,16,[6 2],2,30,46,28,17
1,<environment.Job instance at 0x7f18478e5fa0>,20,17,[4 5],21,32,49,11,32
1,<environment.Job instance at 0x7f188b8c1230>,23,13,[8 3],24,49,62,25,37
1,<environment.Job instance at 0x7f18478e51e0>,16,16,[5 7],17,62,78,45,49
1,<environment.Job instance at 0x7f188ba57460>,29,1,[8 5],30,78,79,48,51
1,<environment.Job instance at 0x7f188bb3d0f0>,31,15,[10  3],32,79,94,47,67
1,<environment.Job instance at 0x7f1847a17960>,37,14,[7 1],38,94,108,56,81
1,<environment.Job instance at 0x7f188b8b4690>,25,18,[9 5],26,108,126,82,97
1,<environment.Job instance at 0x7f1847a175a0>,46,15,[6 2],47,126,141,79,112
1,<environment.Job instance at 0x7f1847a17d70>,40,14,[ 3 10],41,141,155,100,127
1,<environment.Job instance at 0x7f18478f77d0>,2,13,[3 9],3,16,29,13,16
1,<environment.Job instance at 0x7f1892475690>,11,1,[5 5],12,29,30,17,16
1,<environment.Job instance at 0x7f188b8fc5a0>,14,2,[5 3],15,29,31,14,20
1,<environment.Job instance at 0x7f18923e1c30>,10,17,[9 4],11,31,48,20,21
1,<environment.Job instance at 0x7f1847e52050>,12,12,[8 5],13,48,60,35,33
1,<environment.Job instance at 0x7f188b68a960>,26,17,[9 1],27,60,77,33,49
1,<environment.Job instance at 0x7f184798ca50>,29,16,[1 8],30,64,80,34,64
1,<environment.Job instance at 0x7f188b529050>,33,13,[9 5],34,80,93,46,66
1,<environment.Job instance at 0x7f188b529d70>,34,15,[ 1 10],35,93,108,58,80
1,<environment.Job instance at 0x7f1847a22d70>,46,15,[ 5 10],47,108,123,61,94
1,<environment.Job instance at 0x7f1847e3c820>,49,14,[2 6],50,123,137,73,109
1,<environment.Job instance at 0x7f1847a17190>,52,12,[4 9],53,137,149,84,120
1,<environment.Job instance at 0x7f1847e3cc30>,53,18,[4 8],54,149,167,95,139
1,<environment.Job instance at 0x7f1847c6a8c0>,1,3,[1 6],2,2,5,0,2
1,<environment.Job instance at 0x7f1847a17eb0>,3,18,[ 1 10],4,5,23,1,4
1,<environment.Job instance at 0x7f184801e460>,4,14,[7 5],5,23,37,18,9
1,<environment.Job instance at 0x7f188b50e0f0>,18,16,[9 2],19,37,53,18,25
1,<environment.Job instance at 0x7f1848052820>,20,12,[7 2],21,53,65,32,36
1,<environment.Job instance at 0x7f188bafd550>,27,17,[3 8],28,53,70,25,43
1,<environment.Job instance at 0x7f188bad2f50>,16,17,[ 1 10],17,70,87,53,59
1,<environment.Job instance at 0x7f188bafdeb0>,32,17,[2 5],33,87,104,54,75
1,<environment.Job instance at 0x7f188baf41e0>,39,14,[4 9],40,104,118,64,94
1,<environment.Job instance at 0x7f188baf4820>,40,18,[8 1],41,118,136,77,107
1,<environment.Job instance at 0x7f188baf5640>,46,18,[9 4],47,136,154,89,125
1,<environment.Job instance at 0x7f1847cb1960>,0,2,[2 7],1,1,3,0,1
1,<environment.Job instance at 0x7f18923951e0>,3,16,[5 3],4,4,20,0,4
1,<environment.Job instance at 0x7f1847cb1870>,2,1,[6 3],3,20,21,17,4
1,<environment.Job instance at 0x7f189212ec80>,10,13,[5 3],11,21,34,10,13
1,<environment.Job instance at 0x7f189212e050>,9,12,[4 6],10,13,25,3,13
1,<environment.Job instance at 0x7f189212e8c0>,16,2,[3 6],17,25,27,8,23
1,<environment.Job instance at 0x7f189212ec30>,5,15,[ 1 10],6,34,49,28,23
1,<environment.Job instance at 0x7f1892329640>,22,2,[8 4],23,49,51,26,27
1,<environment.Job instance at 0x7f189212e0a0>,15,16,[9 4],16,51,67,35,39
1,<environment.Job instance at 0x7f188b5676e0>,30,12,[1 7],31,67,79,36,56
1,<environment.Job instance at 0x7f188b567b40>,33,15,[5 5],34,79,94,45,75
1,<environment.Job instance at 0x7f188b567780>,36,13,[4 7],37,94,107,57,84
1,<environment.Job instance at 0x7f1892334f50>,39,13,[7 4],40,107,120,67,95
1,<environment.Job instance at 0x7f1847e85370>,3,14,[3 6],4,4,18,0,4
1,<environment.Job instance at 0x7f1847e33eb0>,9,15,[5 7],10,18,33,8,10
1,<environment.Job instance at 0x7f188b5e53c0>,14,13,[2 6],15,33,46,18,23
1,<environment.Job instance at 0x7f1847d5eaf0>,15,14,[ 1 10],16,46,60,30,33
1,<environment.Job instance at 0x7f1847d5eb90>,18,14,[1 7],19,60,74,41,46
1,<environment.Job instance at 0x7f188b967a50>,21,13,[6 3],22,64,77,42,64
1,<environment.Job instance at 0x7f1847a71f50>,22,14,[3 9],23,77,91,54,64
1,<environment.Job instance at 0x7f189237faf0>,1,14,[9 4],2,8,22,6,8
1,<environment.Job instance at 0x7f184790a820>,8,13,[1 5],9,9,22,0,9
1,<environment.Job instance at 0x7f1847f3df00>,2,13,[2 9],3,22,35,19,22
1,<environment.Job instance at 0x7f184790abe0>,15,3,[5 6],16,35,38,19,22
1,<environment.Job instance at 0x7f184790aeb0>,19,17,[2 6],20,45,62,25,45
1,<environment.Job instance at 0x7f18479074b0>,23,14,[ 5 10],24,62,76,38,49
1,<environment.Job instance at 0x7f1847907960>,30,13,[5 6],31,76,89,45,66
1,<environment.Job instance at 0x7f1847907aa0>,32,12,[10  4],33,89,101,56,72
1,<environment.Job instance at 0x7f1847907c80>,35,15,[8 1],36,101,116,65,88
1,<environment.Job instance at 0x7f1847907fa0>,39,15,[6 2],40,116,131,76,103
1,<environment.Job instance at 0x7f1847907f00>,41,15,[5 4],42,131,146,89,117
1,<environment.Job instance at 0x7f1847916280>,44,17,[2 5],45,131,148,86,131
1,<environment.Job instance at 0x7f1847916870>,46,15,[3 5],47,146,161,99,133
1,<environment.Job instance at 0x7f188b5a9730>,9,3,[1 7],10,10,13,0,10
1,<environment.Job instance at 0x7f1891f95320>,4,13,[2 7],5,13,26,8,10
1,<environment.Job instance at 0x7f188b456b90>,14,3,[10  5],15,26,29,11,15
1,<environment.Job instance at 0x7f188b5a9190>,8,14,[6 4],9,29,43,20,15
1,<environment.Job instance at 0x7f188b456fa0>,16,12,[8 4],17,43,55,26,29
1,<environment.Job instance at 0x7f1891f95960>,6,18,[6 4],7,55,73,48,45
1,<environment.Job instance at 0x7f1892628b90>,26,12,[2 7],27,73,85,46,57
1,<environment.Job instance at 0x7f1847f46140>,30,13,[4 6],31,57,70,26,57
1,<environment.Job instance at 0x7f1847ecab90>,25,17,[5 3],26,73,90,47,62
1,<environment.Job instance at 0x7f188b793730>,34,13,[2 8],35,90,103,55,83
1,<environment.Job instance at 0x7f188b5a1f00>,36,17,[3 7],37,103,120,66,92
1,<environment.Job instance at 0x7f188b99a640>,39,17,[5 7],40,122,139,82,122
1,<environment.Job instance at 0x7f1892828f00>,43,14,[ 2 10],44,139,153,95,127
1,<environment.Job instance at 0x7f189212c730>,1,3,[7 4],2,2,5,0,2
1,<environment.Job instance at 0x7f189299ef00>,7,15,[3 6],8,12,27,4,12
1,<environment.Job instance at 0x7f1847c4f3c0>,13,13,[5 6],14,27,40,13,14
1,<environment.Job instance at 0x7f1891fd6e60>,14,13,[3 6],15,40,53,25,24
1,<environment.Job instance at 0x7f1892549640>,23,3,[8 1],24,53,56,29,46
1,<environment.Job instance at 0x7f1892485b40>,25,14,[7 2],26,56,70,30,46
1,<environment.Job instance at 0x7f1847ee9d70>,27,16,[5 4],28,70,86,42,58
1,<environment.Job instance at 0x7f1847ee94b0>,28,17,[6 5],29,86,103,57,84
1,<environment.Job instance at 0x7f1847ee9b90>,34,3,[8 2],35,103,106,68,87
1,<environment.Job instance at 0x7f188b8a7aa0>,36,15,[5 6],37,106,121,69,92
1,<environment.Job instance at 0x7f188b8a77d0>,38,3,[ 4 10],39,121,124,82,96
1,<environment.Job instance at 0x7f188b8a78c0>,40,15,[1 8],41,124,139,83,111
1,<environment.Job instance at 0x7f188b8a7410>,44,14,[ 3 10],45,139,153,94,128
1,<environment.Job instance at 0x7f18479c8c80>,6,16,[1 5],7,9,25,2,9
1,<environment.Job instance at 0x7f1847f86b40>,4,17,[8 5],5,11,28,6,11
1,<environment.Job instance at 0x7f18479c8e10>,10,1,[2 5],11,25,26,14,12
1,<environment.Job instance at 0x7f18479b6280>,12,3,[4 6],13,28,31,15,13
1,<environment.Job instance at 0x7f18479b6190>,11,12,[7 2],12,31,43,19,15
1,<environment.Job instance at 0x7f18479b6870>,18,13,[6 2],19,43,56,24,27
1,<environment.Job instance at 0x7f18479b6a50>,21,12,[5 8],22,56,68,34,39
1,<environment.Job instance at 0x7f18479b6e10>,26,16,[5 9],27,68,84,41,56
1,<environment.Job instance at 0x7f18479b6370>,14,18,[ 4 10],15,96,114,81,96
1,<environment.Job instance at 0x7f18479a5370>,34,16,[8 2],35,114,130,79,103
1,<environment.Job instance at 0x7f18479a5960>,39,13,[10  4],40,130,143,90,118
1,<environment.Job instance at 0x7f18479a5a50>,42,16,[6 1],43,143,159,100,130
1,<environment.Job instance at 0x7f1847ce1820>,1,1,[2 7],2,2,3,0,2
1,<environment.Job instance at 0x7f18479dc550>,2,1,[1 8],3,3,4,0,3
1,<environment.Job instance at 0x7f1847ce1640>,5,15,[10  1],6,13,28,7,13
1,<environment.Job instance at 0x7f1847ce1780>,0,13,[8 3],1,28,41,27,14
1,<environment.Job instance at 0x7f1847ce17d0>,9,3,[7 3],10,41,44,31,17
1,<environment.Job instance at 0x7f18925fff00>,16,2,[ 1 10],17,44,46,27,19
1,<environment.Job instance at 0x7f1892494cd0>,21,15,[3 7],22,46,61,24,32
1,<environment.Job instance at 0x7f1892494910>,26,2,[5 3],27,46,48,19,41
1,<environment.Job instance at 0x7f18924940a0>,20,18,[3 5],21,61,79,40,52
1,<environment.Job instance at 0x7f188b406b90>,38,12,[10  4],39,79,91,40,66
1,<environment.Job instance at 0x7f188b406d20>,39,12,[5 8],40,91,103,51,75
1,<environment.Job instance at 0x7f188b51cdc0>,51,17,[7 4],52,103,120,51,95
1,<environment.Job instance at 0x7f1847cd4280>,55,13,[7 4],56,120,133,64,109
1,<environment.Job instance at 0x7f1847e950f0>,56,16,[3 8],57,133,149,76,120
1,<environment.Job instance at 0x7f188bb63a50>,68,12,[7 5],69,149,161,80,139
1,<environment.Job instance at 0x7f1892b2caa0>,2,1,[1 5],3,3,4,0,3
1,<environment.Job instance at 0x7f1847f0c370>,3,12,[6 5],4,4,16,0,4
1,<environment.Job instance at 0x7f1847f0ca50>,7,16,[8 4],8,16,32,8,9
1,<environment.Job instance at 0x7f1892532e10>,14,14,[5 3],15,32,46,17,17
1,<environment.Job instance at 0x7f1892532fa0>,17,14,[4 7],18,32,46,14,22
1,<environment.Job instance at 0x7f188b770230>,20,12,[9 4],21,46,58,25,30
1,<environment.Job instance at 0x7f1892532d70>,13,13,[10  3],14,58,71,44,43
1,<environment.Job instance at 0x7f1847d83230>,31,13,[5 8],32,71,84,39,55
1,<environment.Job instance at 0x7f1847d833c0>,33,13,[6 5],34,84,97,50,68
1,<environment.Job instance at 0x7f188b9a95f0>,39,3,[7 4],40,97,100,57,76
1,<environment.Job instance at 0x7f188b9a9d70>,42,3,[10  3],43,100,103,57,78
1,<environment.Job instance at 0x7f188b82b730>,43,16,[9 5],44,103,119,59,93
1,<environment.Job instance at 0x7f188b82bc80>,47,17,[5 6],48,119,136,71,107
1,<environment.Job instance at 0x7f188b82b280>,49,17,[5 2],50,119,136,69,119
1,<environment.Job instance at 0x7f18478a78c0>,56,17,[8 4],57,136,153,79,124
1,<environment.Job instance at 0x7f18478a7f50>,58,12,[ 1 10],59,153,165,94,136
1,<environment.Job instance at 0x7f18478a7690>,61,3,[10  1],62,165,168,103,139
1,<environment.Job instance at 0x7f18479a5aa0>,1,1,[3 9],2,2,3,0,2
1,<environment.Job instance at 0x7f188b4d23c0>,4,14,[5 6],5,5,19,0,5
1,<environment.Job instance at 0x7f188bb75190>,0,14,[1 7],1,19,33,18,10
1,<environment.Job instance at 0x7f188b4e6550>,12,2,[5 3],13,13,15,0,13
1,<environment.Job instance at 0x7f188b4e6870>,17,19,[ 2 10],18,41,60,23,41
1,<environment.Job instance at 0x7f188b4c1190>,26,14,[9 3],27,60,74,33,46
1,<environment.Job instance at 0x7f188bb7c370>,29,14,[1 8],30,74,88,44,63
1,<environment.Job instance at 0x7f188b4dc4b0>,28,18,[7 1],29,74,92,45,68
1,<environment.Job instance at 0x7f188bb76e60>,33,13,[10  4],34,92,105,58,84
1,<environment.Job instance at 0x7f188bb72fa0>,31,12,[4 6],32,105,117,73,91
1,<environment.Job instance at 0x7f1847a4ea00>,42,16,[8 1],43,117,133,74,105
1,<environment.Job instance at 0x7f1847a5e050>,50,13,[6 3],51,133,146,82,128
1,<environment.Job instance at 0x7f1847dc9d70>,1,1,[3 9],2,2,3,0,2
1,<environment.Job instance at 0x7f1892acbbe0>,0,2,[8 4],1,4,6,3,4
1,<environment.Job instance at 0x7f1847a5eb90>,3,18,[6 1],4,6,24,2,6
1,<environment.Job instance at 0x7f1847b0deb0>,8,14,[5 5],9,24,38,15,9
1,<environment.Job instance at 0x7f1847cc3910>,5,16,[10  1],6,44,60,38,44
1,<environment.Job instance at 0x7f1847dae460>,27,2,[4 5],28,60,62,32,46
1,<environment.Job instance at 0x7f1847dae140>,24,12,[ 1 10],25,62,74,37,51
1,<environment.Job instance at 0x7f1847bf5500>,32,16,[4 7],33,74,90,41,63
1,<environment.Job instance at 0x7f1847bf5e60>,34,16,[3 5],35,90,106,55,78
1,<environment.Job instance at 0x7f1847bf5cd0>,35,15,[ 3 10],36,106,121,70,92
1,<environment.Job instance at 0x7f1847bf5050>,36,12,[1 5],37,92,104,55,92
1,<environment.Job instance at 0x7f188b8d3050>,45,15,[8 3],46,121,136,75,107
1,<environment.Job instance at 0x7f1892247af0>,50,14,[5 3],51,136,150,85,122
1,<environment.Job instance at 0x7f1847887dc0>,53,14,[5 9],54,150,164,96,135
1,<environment.Job instance at 0x7f18477c7a00>,6,14,[7 3],7,9,23,2,9
1,<environment.Job instance at 0x7f18477c7af0>,10,3,[8 1],11,23,26,12,11
1,<environment.Job instance at 0x7f189260d6e0>,3,15,[9 4],4,26,41,22,13
1,<environment.Job instance at 0x7f18477c7f00>,20,15,[8 4],21,41,56,20,30
1,<environment.Job instance at 0x7f1847ad1500>,22,17,[1 7],23,56,73,33,47
1,<environment.Job instance at 0x7f1847ad1280>,25,12,[8 1],26,56,68,30,49
1,<environment.Job instance at 0x7f1847ad10a0>,28,12,[10  1],29,73,85,44,57
1,<environment.Job instance at 0x7f1847ad1190>,33,3,[6 5],34,85,88,51,68
1,<environment.Job instance at 0x7f188b5ba9b0>,36,12,[2 8],37,88,100,51,71
1,<environment.Job instance at 0x7f188b5ba960>,38,12,[1 5],39,100,112,61,91
1,<environment.Job instance at 0x7f1847ad1550>,32,16,[1 7],33,112,128,79,99
1,<environment.Job instance at 0x7f188b5bad70>,49,13,[2 6],50,128,141,78,117
1,<environment.Job instance at 0x7f188b5babe0>,53,19,[7 1],54,119,138,65,119
1,<environment.Job instance at 0x7f1847ad17d0>,35,18,[4 5],36,141,159,105,130
1,<environment.Job instance at 0x7f1847f109b0>,0,1,[7 3],1,1,2,0,1
1,<environment.Job instance at 0x7f188b5badc0>,2,13,[6 3],3,3,16,0,3
1,<environment.Job instance at 0x7f1891f36d70>,3,3,[8 1],4,16,19,12,4
1,<environment.Job instance at 0x7f1891f05780>,4,14,[5 2],5,19,33,14,5
1,<environment.Job instance at 0x7f188b485d20>,13,14,[5 4],14,19,33,5,14
1,<environment.Job instance at 0x7f1891f160a0>,21,17,[7 4],22,36,53,14,36
1,<environment.Job instance at 0x7f1891f40910>,24,3,[ 3 10],25,53,56,28,36
1,<environment.Job instance at 0x7f1891f40dc0>,26,2,[9 1],27,56,58,29,38
1,<environment.Job instance at 0x7f1891f40c80>,23,16,[1 9],24,56,72,32,45
1,<environment.Job instance at 0x7f188b7c8820>,32,13,[6 1],33,58,71,25,54
1,<environment.Job instance at 0x7f1891f31730>,33,15,[5 2],34,72,87,38,58
1,<environment.Job instance at 0x7f188b9fad20>,36,12,[7 2],37,87,99,50,71
1,<environment.Job instance at 0x7f188b9fbeb0>,40,12,[5 7],41,99,111,58,87
1,<environment.Job instance at 0x7f188b9fb280>,38,18,[5 3],39,99,117,60,91
1,<environment.Job instance at 0x7f188b9cf690>,53,2,[2 7],54,91,93,37,91
1,<environment.Job instance at 0x7f18479d1780>,60,12,[9 3],61,117,129,56,114
1,<environment.Job instance at 0x7f1891f312d0>,27,15,[10  5],28,129,144,101,116
1,<environment.Job instance at 0x7f18479d5a00>,66,13,[7 3],67,144,157,77,128
1,<environment.Job instance at 0x7f18479d53c0>,2,2,[3 8],3,3,5,0,3
1,<environment.Job instance at 0x7f1847acff00>,5,2,[1 7],6,6,8,0,6
1,<environment.Job instance at 0x7f1847f5deb0>,6,15,[3 5],7,8,23,1,7
1,<environment.Job instance at 0x7f1847acf820>,7,14,[9 1],8,23,37,15,11
1,<environment.Job instance at 0x7f1847fd8eb0>,16,3,[5 6],17,37,40,20,26
1,<environment.Job instance at 0x7f1847fd8f50>,17,13,[7 4],18,40,53,22,26
1,<environment.Job instance at 0x7f188b472aa0>,25,3,[4 6],26,53,56,27,37
1,<environment.Job instance at 0x7f188b4725a0>,27,3,[6 5],28,56,59,28,39
1,<environment.Job instance at 0x7f188b61bf50>,28,12,[6 1],29,59,71,30,42
1,<environment.Job instance at 0x7f18479d5730>,4,17,[4 8],5,59,76,54,47
1,<environment.Job instance at 0x7f1847697780>,34,17,[4 5],35,76,93,41,70
1,<environment.Job instance at 0x7f18929aaf00>,15,18,[4 5],16,81,99,65,81
1,<environment.Job instance at 0x7f184778b870>,44,18,[7 5],45,100,118,55,100
1,<environment.Job instance at 0x7f188b4b34b0>,4,1,[5 7],5,6,7,1,6
1,<environment.Job instance at 0x7f188b4b3190>,6,17,[10  5],7,13,30,6,13
1,<environment.Job instance at 0x7f1892039910>,21,14,[10  4],22,80,94,58,80
1,<environment.Job instance at 0x7f1892039820>,26,2,[7 5],27,94,96,67,80
1,<environment.Job instance at 0x7f1892039370>,25,2,[5 4],26,96,98,70,80
1,<environment.Job instance at 0x7f1847ed6190>,3,17,[10  5],4,98,115,94,96
1,<environment.Job instance at 0x7f1892039690>,32,2,[10  2],33,115,117,82,104
1,<environment.Job instance at 0x7f1847d582d0>,36,1,[1 6],37,117,118,80,105
1,<environment.Job instance at 0x7f1847d584b0>,37,15,[3 5],38,118,133,80,105
1,<environment.Job instance at 0x7f188b79e780>,4,17,[1 5],5,5,22,0,5
1,<environment.Job instance at 0x7f1847606050>,8,16,[5 9],9,22,38,13,10
1,<environment.Job instance at 0x7f188b7ba370>,7,12,[5 5],8,10,22,2,10
1,<environment.Job instance at 0x7f1892242dc0>,15,2,[5 1],16,22,24,6,16
1,<environment.Job instance at 0x7f1892242050>,13,14,[2 7],14,38,52,24,25
1,<environment.Job instance at 0x7f18920c6690>,23,17,[2 5],24,58,75,34,58
1,<environment.Job instance at 0x7f18920c6320>,25,14,[3 5],26,62,76,36,62
1,<environment.Job instance at 0x7f18920c66e0>,24,17,[2 6],25,76,93,51,68
1,<environment.Job instance at 0x7f18920c60f0>,31,12,[10  5],32,98,110,66,98
1,<environment.Job instance at 0x7f18920c6730>,32,16,[5 8],33,110,126,77,99
1,<environment.Job instance at 0x7f1847831af0>,38,3,[ 3 10],39,126,129,87,104
1,<environment.Job instance at 0x7f1847831a00>,40,13,[9 4],41,129,142,88,116
1,<environment.Job instance at 0x7f1847831f50>,47,16,[5 7],48,142,158,94,130
1,<environment.Job instance at 0x7fdcfebb85a0>,3,18,[ 3 10],4,4,22,0,4
1,<environment.Job instance at 0x7fdcf7765460>,7,14,[5 1],8,22,36,14,8
1,<environment.Job instance at 0x7fdcf7765230>,4,18,[10  4],5,36,54,31,25
1,<environment.Job instance at 0x7fdcf7765870>,14,12,[3 7],15,54,66,39,37
1,<environment.Job instance at 0x7fdcf7765d70>,18,16,[8 5],19,66,82,47,53
1,<environment.Job instance at 0x7fdcf7765f50>,21,3,[ 2 10],22,82,85,60,66
1,<environment.Job instance at 0x7fdcf7765b90>,23,18,[5 2],24,85,103,61,74
1,<environment.Job instance at 0x7fdcf7767320>,25,3,[1 6],26,85,88,59,74
1,<environment.Job instance at 0x7fdcf7767460>,29,13,[1 6],30,88,101,58,76
1,<environment.Job instance at 0x7fdcf7767640>,32,17,[9 3],33,103,120,70,91
1,<environment.Job instance at 0x7fdcf7767140>,34,3,[9 5],35,120,123,85,94
1,<environment.Job instance at 0x7fdcf7767be0>,37,14,[5 5],38,123,137,85,108
1,<environment.Job instance at 0x7fdcf7767c30>,39,18,[5 8],40,137,155,97,128
1,<environment.Job instance at 0x7fdcf777ceb0>,0,13,[2 6],1,6,19,5,6
1,<environment.Job instance at 0x7fdcbf1685f0>,5,14,[3 8],6,19,33,13,15
1,<environment.Job instance at 0x7fdcfeb9be10>,7,17,[3 8],8,33,50,25,23
1,<environment.Job instance at 0x7fdcfeceee10>,19,16,[3 5],20,50,66,30,38
1,<environment.Job instance at 0x7fdcfecee7d0>,21,14,[5 3],22,50,64,28,48
1,<environment.Job instance at 0x7fdcfece4c30>,28,14,[4 7],29,66,80,37,51
1,<environment.Job instance at 0x7fdcfecdfa50>,34,12,[5 7],35,80,92,45,69
1,<environment.Job instance at 0x7fdcfecdf3c0>,37,2,[9 3],38,92,94,54,76
1,<environment.Job instance at 0x7fdcfece8410>,38,14,[8 5],39,94,108,55,79
1,<environment.Job instance at 0x7fdcfece8b40>,40,18,[5 1],41,108,126,67,98
1,<environment.Job instance at 0x7fdcfece83c0>,43,3,[5 4],44,108,111,64,108
1,<environment.Job instance at 0x7fdcf7767910>,1,16,[1 9],2,111,127,109,110
1,<environment.Job instance at 0x7fdcfece4370>,27,13,[ 4 10],28,127,140,99,112
1,<environment.Job instance at 0x7fdcfeb9d370>,50,2,[3 8],51,140,142,89,116
1,<environment.Job instance at 0x7fdcfecdff00>,35,17,[10  5],36,142,159,106,131
1,<environment.Job instance at 0x7fdcfeb9dd20>,55,17,[5 9],56,159,176,103,148
1,<environment.Job instance at 0x7fdcf75f8410>,3,13,[8 3],4,4,17,0,4
1,<environment.Job instance at 0x7fdcb3a271e0>,7,17,[7 5],8,17,34,9,8
1,<environment.Job instance at 0x7fdcf753ac30>,15,2,[4 6],16,34,36,18,16
1,<environment.Job instance at 0x7fdcfeb738c0>,16,2,[6 5],17,36,38,19,17
1,<environment.Job instance at 0x7fdcf74d7e10>,17,14,[7 1],18,38,52,20,25
1,<environment.Job instance at 0x7fdcf75c2870>,14,16,[8 3],15,52,68,37,44
1,<environment.Job instance at 0x7fdcb3d3ad20>,26,15,[6 2],27,68,83,41,56
1,<environment.Job instance at 0x7fdcb3a01960>,28,2,[1 7],29,62,64,33,62
1,<environment.Job instance at 0x7fdcf78df0a0>,29,3,[8 4],30,83,86,53,63
1,<environment.Job instance at 0x7fdcb3a01320>,20,14,[ 3 10],21,86,100,65,71
1,<environment.Job instance at 0x7fdcb3a7c460>,37,2,[9 1],38,100,102,62,93
1,<environment.Job instance at 0x7fdcf74d5eb0>,31,16,[2 8],32,102,118,70,93
1,<environment.Job instance at 0x7fdcb3a7ca50>,39,16,[1 7],40,118,134,78,105
1,<environment.Job instance at 0x7fdcb3a7c870>,41,15,[3 5],42,134,149,92,120
1,<environment.Job instance at 0x7fdcb3a174b0>,45,17,[6 3],46,123,140,77,123
1,<environment.Job instance at 0x7fdcb3a17e10>,51,14,[3 6],52,149,163,97,145
1,<environment.Job instance at 0x7fdcb3a179b0>,52,15,[7 3],53,148,163,95,148
1,<environment.Job instance at 0x7fdcb3d91dc0>,1,3,[9 3],2,3,6,1,3
1,<environment.Job instance at 0x7fdcf788f320>,3,13,[9 5],4,6,19,2,4
1,<environment.Job instance at 0x7fdcfe4a85a0>,2,17,[10  3],3,19,36,16,15
1,<environment.Job instance at 0x7fdcb403d140>,17,13,[6 5],18,36,49,18,20
1,<environment.Job instance at 0x7fdcb3b9d730>,19,14,[2 6],20,49,63,29,36
1,<environment.Job instance at 0x7fdcf78b1190>,24,17,[7 4],25,50,67,25,50
1,<environment.Job instance at 0x7fdcb3ed5e10>,25,14,[7 3],26,67,81,41,59
1,<environment.Job instance at 0x7fdcb40971e0>,22,12,[4 9],23,82,94,59,82
1,<environment.Job instance at 0x7fdcf78d0b40>,37,12,[10  4],38,94,106,56,82
1,<environment.Job instance at 0x7fdcf78d0a50>,36,14,[8 1],37,106,120,69,100
1,<environment.Job instance at 0x7fdcb3a0e9b0>,44,2,[4 9],45,120,122,75,100
1,<environment.Job instance at 0x7fdcb3a0e550>,45,2,[7 5],46,122,124,76,100
1,<environment.Job instance at 0x7fdcb3a0e050>,43,14,[8 2],44,124,138,80,109
1,<environment.Job instance at 0x7fdcf782d9b0>,55,2,[9 3],56,138,140,82,135
1,<environment.Job instance at 0x7fdcb3a0ed70>,47,18,[6 2],48,140,158,92,136
1,<environment.Job instance at 0x7fdcb3b05dc0>,56,14,[7 5],57,158,172,101,145
1,<environment.Job instance at 0x7fdcb3e55f00>,1,3,[5 9],2,2,5,0,2
1,<environment.Job instance at 0x7fdcb3ba2eb0>,2,2,[7 4],3,5,7,2,3
1,<environment.Job instance at 0x7fdcb3d7a780>,3,3,[5 5],4,7,10,3,4
1,<environment.Job instance at 0x7fdcf75d9a50>,5,13,[3 9],6,10,23,4,9
1,<environment.Job instance at 0x7fdcb40edcd0>,6,18,[9 4],7,23,41,16,13
1,<environment.Job instance at 0x7fdcb3e01d20>,15,13,[8 5],16,41,54,25,26
1,<environment.Job instance at 0x7fdcb4116280>,17,14,[2 5],18,41,55,23,26
1,<environment.Job instance at 0x7fdcb41161e0>,18,16,[6 5],19,54,70,35,43
1,<environment.Job instance at 0x7fdcf7604460>,22,15,[2 5],23,55,70,32,47
1,<environment.Job instance at 0x7fdcb4106af0>,13,17,[5 3],14,70,87,56,58
1,<environment.Job instance at 0x7fdcf7601960>,31,13,[6 5],32,87,100,55,71
1,<environment.Job instance at 0x7fdcf7601d20>,33,15,[6 1],34,100,115,66,87
1,<environment.Job instance at 0x7fdcf75d6820>,38,17,[7 2],39,115,132,76,105
1,<environment.Job instance at 0x7fdcf75d61e0>,44,15,[7 3],45,132,147,87,120
1,<environment.Job instance at 0x7fdcf75deeb0>,46,14,[5 4],47,147,161,100,134
1,<environment.Job instance at 0x7fdcf75de870>,50,17,[2 6],51,148,165,97,148
1,<environment.Job instance at 0x7fdcf75d0a50>,56,2,[8 4],57,161,163,104,149
1,<environment.Job instance at 0x7fdcfe3bb960>,2,15,[4 8],3,7,22,4,7
1,<environment.Job instance at 0x7fdcfe3bb780>,5,12,[10  1],6,22,34,16,11
1,<environment.Job instance at 0x7fdcf7721050>,12,16,[3 8],13,34,50,21,21
1,<environment.Job instance at 0x7fdcf7721550>,17,2,[7 4],18,50,52,32,34
1,<environment.Job instance at 0x7fdcf77216e0>,16,18,[10  2],17,52,70,35,42
1,<environment.Job instance at 0x7fdcfe3bba00>,7,14,[ 4 10],8,70,84,62,56
1,<environment.Job instance at 0x7fdcf7719c30>,23,13,[5 5],24,84,97,60,69
1,<environment.Job instance at 0x7fdcfe3bb730>,8,18,[4 6],9,97,115,88,88
1,<environment.Job instance at 0x7fdcf7719fa0>,33,3,[10  3],34,115,118,81,99
1,<environment.Job instance at 0x7fdcf7719410>,36,14,[6 4],37,101,115,64,101
1,<environment.Job instance at 0x7fdcf7719d20>,35,12,[8 5],36,118,130,82,105
1,<environment.Job instance at 0x7fdcf7721c30>,20,16,[ 3 10],21,130,146,109,117
1,<environment.Job instance at 0x7fdcfe081dc0>,48,12,[ 4 10],49,146,158,97,130
1,<environment.Job instance at 0x7fdcfe081460>,41,17,[2 7],42,158,175,116,146
1,<environment.Job instance at 0x7fdcb39cecd0>,2,2,[3 6],3,3,5,0,3
1,<environment.Job instance at 0x7fdcb4089af0>,4,3,[4 5],5,7,10,2,7
1,<environment.Job instance at 0x7fdcb3a4a5f0>,6,3,[5 8],7,10,13,3,7
1,<environment.Job instance at 0x7fdcb3d3a140>,8,3,[6 1],9,13,16,4,9
1,<environment.Job instance at 0x7fdcb3d3a9b0>,9,3,[8 2],10,16,19,6,10
1,<environment.Job instance at 0x7fdcf7a9d0a0>,12,3,[5 9],13,20,23,7,20
1,<environment.Job instance at 0x7fdcb3d3a5f0>,13,16,[8 1],14,23,39,9,20
1,<environment.Job instance at 0x7fdcf7a0c640>,16,12,[3 9],17,39,51,22,29
1,<environment.Job instance at 0x7fdcf7675a50>,19,18,[6 1],20,42,60,22,42
1,<environment.Job instance at 0x7fdcf7c67d70>,20,15,[2 8],21,51,66,30,45
1,<environment.Job instance at 0x7fdcf799f460>,30,15,[4 7],31,66,81,35,55
1,<environment.Job instance at 0x7fdcf784acd0>,33,16,[9 4],34,81,97,47,68
1,<environment.Job instance at 0x7fdcb3c17960>,29,18,[2 7],30,97,115,67,90
1,<environment.Job instance at 0x7fdcf7839500>,44,17,[8 1],45,97,114,52,92
1,<environment.Job instance at 0x7fdcf7839b90>,47,1,[7 3],48,114,115,66,97
1,<environment.Job instance at 0x7fdcf7839910>,49,18,[2 7],50,115,133,65,107
1,<environment.Job instance at 0x7fdcf766ebe0>,53,14,[ 4 10],54,133,147,79,127
1,<environment.Job instance at 0x7fdcfe5c93c0>,54,15,[4 8],55,147,162,92,134
1,<environment.Job instance at 0x7fdcfe6eb0f0>,1,13,[10  4],2,2,15,0,2
1,<environment.Job instance at 0x7fdcb40f29b0>,4,15,[5 6],5,15,30,10,9
1,<environment.Job instance at 0x7fdcf7766140>,14,12,[9 1],15,30,42,15,29
1,<environment.Job instance at 0x7fdcb40f2d70>,8,12,[9 3],9,42,54,33,29
1,<environment.Job instance at 0x7fdcf7766460>,19,18,[7 5],20,54,72,34,43
1,<environment.Job instance at 0x7fdcf7766640>,22,13,[7 2],23,72,85,49,56
1,<environment.Job instance at 0x7fdcf7766a00>,28,13,[4 6],29,85,98,56,70
1,<environment.Job instance at 0x7fdcb410f0a0>,30,12,[7 4],31,98,110,67,93
1,<environment.Job instance at 0x7fdcf7766d20>,29,15,[10  2],30,110,125,80,97
1,<environment.Job instance at 0x7fdcb410f460>,38,17,[9 5],39,125,142,86,115
1,<environment.Job instance at 0x7fdcb410fa50>,42,14,[4 6],43,142,156,99,127
1,<environment.Job instance at 0x7fdcb410faa0>,43,17,[9 1],44,156,173,112,146
1,<environment.Job instance at 0x7fdcf78fc4b0>,1,2,[1 9],2,2,4,0,2
1,<environment.Job instance at 0x7fdcf78fc2d0>,0,18,[6 4],1,5,23,4,5
1,<environment.Job instance at 0x7fdcf7b554b0>,4,3,[9 3],5,23,26,18,5
1,<environment.Job instance at 0x7fdcf7b551e0>,6,1,[5 2],7,26,27,19,7
1,<environment.Job instance at 0x7fdcb3fbf5a0>,8,13,[8 5],9,27,40,18,13
1,<environment.Job instance at 0x7fdcb3fbfa00>,13,3,[ 4 10],14,40,43,26,20
1,<environment.Job instance at 0x7fdcb3fbfbe0>,14,3,[10  2],15,43,46,28,20
1,<environment.Job instance at 0x7fdcb3fbf410>,7,13,[10  4],8,46,59,38,30
1,<environment.Job instance at 0x7fdcf7a64eb0>,19,14,[5 1],20,59,73,39,44
1,<environment.Job instance at 0x7fdcf7715500>,28,3,[10  4],29,73,76,44,50
1,<environment.Job instance at 0x7fdcf7a8aaa0>,31,1,[2 5],32,59,60,27,54
1,<environment.Job instance at 0x7fdcf7980dc0>,32,13,[ 3 10],33,76,89,43,60
1,<environment.Job instance at 0x7fdcf79802d0>,35,14,[5 7],36,89,103,53,74
1,<environment.Job instance at 0x7fdcf7839230>,29,18,[6 2],30,103,121,73,92
1,<environment.Job instance at 0x7fdcf7b25230>,44,2,[2 5],45,103,105,58,93
1,<environment.Job instance at 0x7fdcfe746500>,46,18,[5 5],47,121,139,74,111
1,<environment.Job instance at 0x7fdcf7a8fa50>,51,14,[10  1],52,139,153,87,125
1,<environment.Job instance at 0x7fdcf79d9f50>,56,2,[5 2],57,133,135,76,133
1,<environment.Job instance at 0x7fdcf76f0af0>,57,3,[1 6],58,153,156,95,134
1,<environment.Job instance at 0x7fdcf797d690>,58,12,[3 9],59,156,168,97,140
1,<environment.Job instance at 0x7fdcb3f3e3c0>,1,1,[10  1],2,2,3,0,2
1,<environment.Job instance at 0x7fdcb3f3e230>,0,13,[2 8],1,4,17,3,4
1,<environment.Job instance at 0x7fdcb3d96870>,12,2,[10  3],13,27,29,14,27
1,<environment.Job instance at 0x7fdcf7a6fc30>,15,14,[1 7],16,29,43,13,27
1,<environment.Job instance at 0x7fdcf79d9eb0>,17,18,[1 9],18,43,61,25,33
1,<environment.Job instance at 0x7fdcf7a6f4b0>,2,2,[8 4],3,3,5,0,3
1,<environment.Job instance at 0x7fdcf798a870>,3,3,[10  2],4,5,8,1,4
1,<environment.Job instance at 0x7fdcb3e54190>,4,1,[5 9],5,8,9,3,5
1,<environment.Job instance at 0x7fdcb3e54320>,5,14,[4 8],6,9,23,3,9
1,<environment.Job instance at 0x7fdcf7b205f0>,1,17,[9 4],2,23,40,21,14
1,<environment.Job instance at 0x7fdcb3e54550>,8,18,[10  4],9,40,58,31,37
1,<environment.Job instance at 0x7fdcb3e54be0>,21,17,[ 2 10],22,58,75,36,52
1,<environment.Job instance at 0x7fdcb3e2b190>,22,16,[2 8],23,75,91,52,62
1,<environment.Job instance at 0x7fdcb3e2b9b0>,30,15,[8 4],31,91,106,60,81
1,<environment.Job instance at 0x7fdcb3e2b960>,36,15,[3 9],37,106,121,69,94
1,<environment.Job instance at 0x7fdcb3e51280>,40,13,[8 3],41,121,134,80,110
1,<environment.Job instance at 0x7fdcb3e513c0>,45,15,[10  1],46,134,149,88,123
1,<environment.Job instance at 0x7fdcb3e51820>,47,12,[6 5],48,149,161,101,132
1,<environment.Job instance at 0x7fdcb3e51b90>,52,3,[5 8],53,161,164,108,142
1,<environment.Job instance at 0x7fdcb3e51c80>,53,2,[6 2],54,164,166,110,142
1,<environment.Job instance at 0x7fdcb3f7e8c0>,5,3,[8 5],6,7,10,1,7
1,<environment.Job instance at 0x7fdcfe1be960>,10,13,[5 8],11,20,33,9,20
1,<environment.Job instance at 0x7fdcfe1be230>,11,16,[5 2],12,21,37,9,21
1,<environment.Job instance at 0x7fdcb403c6e0>,14,12,[7 5],15,37,49,22,22
1,<environment.Job instance at 0x7fdcb3ebcf00>,23,12,[8 2],24,49,61,25,45
1,<environment.Job instance at 0x7fdcb3ebc050>,25,2,[8 4],26,61,63,35,46
1,<environment.Job instance at 0x7fdcb403c8c0>,13,15,[ 3 10],14,67,82,53,67
1,<environment.Job instance at 0x7fdcfe32f140>,20,15,[10  5],21,82,97,61,79
1,<environment.Job instance at 0x7fdcfe4033c0>,32,1,[1 5],33,97,98,64,81
1,<environment.Job instance at 0x7fdcfe403910>,33,12,[6 5],34,97,109,63,81
1,<environment.Job instance at 0x7fdcb40ef820>,42,2,[2 8],43,109,111,66,109
1,<environment.Job instance at 0x7fdcb40eff00>,44,14,[5 3],45,111,125,66,109
1,<environment.Job instance at 0x7fdcb3fb2e10>,47,14,[4 7],48,111,125,63,111
1,<environment.Job instance at 0x7fdcb3fb2e60>,50,12,[9 4],51,125,137,74,111
1,<environment.Job instance at 0x7fdcb3fb27d0>,52,14,[3 7],53,137,151,84,123
1,<environment.Job instance at 0x7fdcb40ef140>,37,16,[8 4],38,151,167,113,144
1,<environment.Job instance at 0x7fdcf76afd70>,1,3,[2 9],2,2,5,0,2
1,<environment.Job instance at 0x7fdcb40ef730>,2,18,[2 5],3,6,24,3,6
1,<environment.Job instance at 0x7fdcfeb73910>,5,15,[8 4],6,11,26,5,11
1,<environment.Job instance at 0x7fdcb400bd70>,10,16,[1 6],11,24,40,13,12
1,<environment.Job instance at 0x7fdcfe321190>,12,15,[10  3],13,40,55,27,26
1,<environment.Job instance at 0x7fdcf78f06e0>,19,14,[4 7],20,55,69,35,43
1,<environment.Job instance at 0x7fdcb3dd1640>,24,14,[5 6],25,69,83,44,55
1,<environment.Job instance at 0x7fdcf7bcb910>,31,13,[1 7],32,83,96,51,72
1,<environment.Job instance at 0x7fdcf7bcb460>,32,2,[5 3],33,72,74,39,72
1,<environment.Job instance at 0x7fdcf76afbe0>,0,15,[2 8],1,96,111,95,85
1,<environment.Job instance at 0x7fdcf75c0d70>,42,14,[5 5],43,111,125,68,98
1,<environment.Job instance at 0x7fdcf75c0640>,46,14,[9 3],47,125,139,78,110
1,<environment.Job instance at 0x7fdcb3dd1500>,27,17,[ 5 10],28,139,156,111,129
1,<environment.Job instance at 0x7fdcb3cda9b0>,1,1,[2 5],2,2,3,0,2
1,<environment.Job instance at 0x7fdcb3a90460>,3,13,[2 7],4,5,18,1,5
1,<environment.Job instance at 0x7fdcf76156e0>,6,14,[8 5],7,18,32,11,7
1,<environment.Job instance at 0x7fdcf7615be0>,14,16,[1 6],15,32,48,17,23
1,<environment.Job instance at 0x7fdcf7629af0>,18,14,[5 5],19,48,62,29,34
1,<environment.Job instance at 0x7fdcfe3cf7d0>,24,2,[7 5],25,62,64,37,44
1,<environment.Job instance at 0x7fdcfe400e60>,26,2,[ 2 10],27,64,66,37,46
1,<environment.Job instance at 0x7fdcfe3dd280>,28,1,[9 5],29,66,67,37,46
1,<environment.Job instance at 0x7fdcf7615e10>,8,18,[6 5],9,67,85,58,61
1,<environment.Job instance at 0x7fdcf76290f0>,15,16,[10  1],16,85,101,69,72
1,<environment.Job instance at 0x7fdcfe0f7280>,38,18,[5 9],39,101,119,62,92
1,<environment.Job instance at 0x7fdcb3bd74b0>,44,16,[3 5],45,119,135,74,106
1,<environment.Job instance at 0x7fdcf77d0b40>,51,12,[7 5],52,119,131,67,110
1,<environment.Job instance at 0x7fdcf77d0a50>,53,12,[8 2],54,135,147,81,118
1,<environment.Job instance at 0x7fdcf7892410>,57,13,[9 2],58,147,160,89,131
1,<environment.Job instance at 0x7fdcf77395a0>,62,12,[9 4],63,160,172,97,144
1,<environment.Job instance at 0x7fdcfe4a7550>,6,14,[7 3],7,7,21,0,7
1,<environment.Job instance at 0x7fdcf77395a0>,3,15,[9 4],4,21,36,17,13
1,<environment.Job instance at 0x7fdcb3fe1f00>,7,18,[2 8],8,36,54,28,28
1,<environment.Job instance at 0x7fdcb3fdc140>,12,16,[6 4],13,54,70,41,53
1,<environment.Job instance at 0x7fdcf77166e0>,22,17,[1 7],23,70,87,47,58
1,<environment.Job instance at 0x7fdcfe203d20>,27,15,[ 3 10],28,87,102,59,79
1,<environment.Job instance at 0x7fdcf76c6e60>,32,16,[1 7],33,102,118,69,91
1,<environment.Job instance at 0x7fdcf79c3be0>,40,15,[6 1],41,103,118,62,103
1,<environment.Job instance at 0x7fdcf79c36e0>,45,14,[4 9],46,118,132,72,107
1,<environment.Job instance at 0x7fdcf769d050>,54,12,[9 5],55,145,157,90,145
1,<environment.Job instance at 0x7fdcf7bd3d70>,62,16,[9 2],63,157,173,94,147
1,<environment.Job instance at 0x7fdcb37544b0>,2,17,[3 6],3,12,29,9,12
1,<environment.Job instance at 0x7fdcb36f2820>,9,1,[5 4],10,15,16,5,15
1,<environment.Job instance at 0x7fdcb36f2e10>,10,1,[3 6],11,29,30,18,16
1,<environment.Job instance at 0x7fdcb36f2500>,14,3,[ 3 10],15,30,33,15,19
1,<environment.Job instance at 0x7fdcb36f2d20>,13,16,[1 9],14,33,49,19,27
1,<environment.Job instance at 0x7fdcb37419b0>,20,17,[8 2],21,49,66,28,37
1,<environment.Job instance at 0x7fdcb37411e0>,23,15,[5 2],24,66,81,42,53
1,<environment.Job instance at 0x7fdcb37414b0>,28,18,[5 3],29,66,84,37,60
1,<environment.Job instance at 0x7fdcb37418c0>,30,12,[5 7],31,81,93,50,71
1,<environment.Job instance at 0x7fdcb36f2be0>,17,15,[10  5],18,93,108,75,79
1,<environment.Job instance at 0x7fdcb3741aa0>,25,14,[9 4],26,108,122,82,93
1,<environment.Job instance at 0x7fdcb3754aa0>,11,17,[7 4],12,122,139,110,110
1,<environment.Job instance at 0x7fdcb3737280>,56,13,[7 3],57,139,152,82,123
1,<environment.Job instance at 0x7fdcb3737960>,60,18,[1 7],61,139,157,78,128
1,<environment.Job instance at 0x7fdcb36fe3c0>,54,18,[ 4 10],55,157,175,102,149
1,<environment.Job instance at 0x7fdcb4116aa0>,3,12,[6 3],4,6,18,2,6
1,<environment.Job instance at 0x7fdcfe171640>,6,14,[8 2],7,18,32,11,12
1,<environment.Job instance at 0x7fdcf7678af0>,28,12,[8 2],29,69,81,40,69
1,<environment.Job instance at 0x7fdcfe171d20>,9,16,[1 8],10,91,107,81,91
1,<environment.Job instance at 0x7fdcfe190500>,21,13,[ 3 10],22,107,120,85,91
1,<environment.Job instance at 0x7fdcfe57ae10>,42,18,[5 5],43,120,138,77,109
1,<environment.Job instance at 0x7fdcb37e8460>,36,15,[9 4],37,138,153,101,126
1,<environment.Job instance at 0x7fdcfe473640>,49,12,[10  3],50,153,165,103,140
1,<environment.Job instance at 0x7fdcfe32f8c0>,0,14,[2 7],1,3,17,2,3
1,<environment.Job instance at 0x7fdcf7c6ea00>,3,1,[3 5],4,17,18,13,4
1,<environment.Job instance at 0x7fdcb3a90eb0>,4,3,[10  1],5,18,21,13,5
1,<environment.Job instance at 0x7fdcb3a90460>,5,1,[10  4],6,21,22,15,6
1,<environment.Job instance at 0x7fdcb3f35b90>,2,2,[10  2],3,22,24,19,6
1,<environment.Job instance at 0x7fdcf79530f0>,7,15,[3 5],8,24,39,16,10
1,<environment.Job instance at 0x7fdcf7b02960>,15,3,[3 8],16,39,42,23,22
1,<environment.Job instance at 0x7fdcb3da7c30>,14,15,[9 1],15,42,57,27,28
1,<environment.Job instance at 0x7fdcf7b02aa0>,18,3,[6 2],19,28,31,9,28
1,<environment.Job instance at 0x7fdcb3e606e0>,20,13,[1 5],21,42,55,21,29
1,<environment.Job instance at 0x7fdcfe321280>,23,13,[2 7],24,57,70,33,50
1,<environment.Job instance at 0x7fdcfe744c30>,17,12,[3 5],18,70,82,52,59
1,<environment.Job instance at 0x7fdcb3923460>,37,3,[7 1],38,118,121,80,118
1,<environment.Job instance at 0x7fdcb3923320>,39,3,[5 8],40,121,124,81,118
1,<environment.Job instance at 0x7fdcb3898460>,3,1,[9 4],4,4,5,0,4
1,<environment.Job instance at 0x7fdcb3898fa0>,0,13,[9 4],1,8,21,7,8
1,<environment.Job instance at 0x7fdcb3898be0>,7,16,[5 7],8,21,37,13,10
1,<environment.Job instance at 0x7fdcf78a7280>,16,15,[5 5],17,37,52,20,27
1,<environment.Job instance at 0x7fdcf78a7c80>,18,16,[7 3],19,52,68,33,39
1,<environment.Job instance at 0x7fdcb3ad5140>,26,3,[3 8],27,68,71,41,52
1,<environment.Job instance at 0x7fdcb3ad57d0>,24,14,[10  2],25,71,85,46,60
1,<environment.Job instance at 0x7fdcf7b6fcd0>,33,14,[8 4],34,85,99,51,75
1,<environment.Job instance at 0x7fdcf7b6f410>,35,18,[4 6],36,99,117,63,89
1,<environment.Job instance at 0x7fdcf7c7afa0>,37,18,[3 5],38,117,135,79,106
1,<environment.Job instance at 0x7fdcf78a7c30>,10,16,[9 3],11,135,151,124,124
1,<environment.Job instance at 0x7fdcb3865230>,49,3,[9 2],50,151,154,101,125
1,<environment.Job instance at 0x7fdcb3865dc0>,51,13,[ 5 10],52,154,167,102,139
1,<environment.Job instance at 0x7fdcb3a3a5a0>,1,3,[8 3],2,2,5,0,2
1,<environment.Job instance at 0x7fdcf7a68a00>,2,14,[2 7],3,4,18,1,4
1,<environment.Job instance at 0x7fdcb3a3a3c0>,4,13,[1 5],5,18,31,13,5
1,<environment.Job instance at 0x7fdcf7c6cd20>,5,18,[8 1],6,6,24,0,6
1,<environment.Job instance at 0x7fdcf7a9d7d0>,15,26,[6 1],16,29,55,13,29
1,<environment.Job instance at 0x7fdcf7a9d370>,14,3,[5 6],15,55,58,40,36
1,<environment.Job instance at 0x7fdcf7685690>,17,15,[7 3],18,58,73,40,44
1,<environment.Job instance at 0x7fdcb40997d0>,23,17,[9 1],24,73,90,49,61
1,<environment.Job instance at 0x7fdcf7a684b0>,3,17,[10  2],4,90,107,86,79
1,<environment.Job instance at 0x7fdcf7b70f50>,34,17,[7 5],35,107,124,72,95
1,<environment.Job instance at 0x7fdcf7b70190>,35,13,[7 1],36,124,137,88,110
1,<environment.Job instance at 0x7fdcf7b36050>,36,14,[ 4 10],37,137,151,100,124
1,<environment.Job instance at 0x7fdcf7b39eb0>,44,15,[9 3],45,151,166,106,137
1,<environment.Job instance at 0x7f75ae3401e0>,0,18,[ 2 10],1,7,25,6,7
1,<environment.Job instance at 0x7f75ae340190>,4,18,[10  4],5,25,43,20,14
1,<environment.Job instance at 0x7f75a6f30af0>,14,12,[3 7],15,43,55,28,31
1,<environment.Job instance at 0x7f75a6f30d70>,18,16,[8 5],19,55,71,36,43
1,<environment.Job instance at 0x7f75a6f310a0>,23,18,[5 2],24,71,89,47,63
1,<environment.Job instance at 0x7f75a6f31190>,29,13,[1 6],30,71,84,41,70
1,<environment.Job instance at 0x7f75a6f318c0>,32,17,[9 3],33,89,106,56,85
1,<environment.Job instance at 0x7f75ae33ffa0>,3,18,[ 3 10],4,106,124,102,97
1,<environment.Job instance at 0x7f75a6f31b40>,38,12,[3 6],39,124,136,85,107
1,<environment.Job instance at 0x7f75a6f31f50>,41,14,[6 1],42,124,138,82,123
1,<environment.Job instance at 0x7f75a6f31dc0>,42,14,[8 4],43,138,152,95,126
1,<environment.Job instance at 0x7f75a6f37230>,48,13,[6 1],49,152,165,103,138
1,<environment.Job instance at 0x7f75a6f37460>,49,2,[1 9],50,152,154,102,138
1,<environment.Job instance at 0x7f75a6f4bb90>,1,3,[1 5],2,2,5,0,2
1,<environment.Job instance at 0x7f75a6f37870>,2,1,[10  1],3,5,6,2,3
1,<environment.Job instance at 0x7f75ae3682d0>,3,15,[4 8],4,6,21,2,4
1,<environment.Job instance at 0x7f75a6f4bc80>,0,12,[6 3],1,21,33,20,7
1,<environment.Job instance at 0x7f75ae368960>,8,18,[4 6],9,21,39,12,11
1,<environment.Job instance at 0x7f75ae4ae910>,12,1,[ 5 10],13,39,40,26,13
1,<environment.Job instance at 0x7f75ae368a50>,9,16,[3 5],10,40,56,30,35
1,<environment.Job instance at 0x7f75ae369960>,24,12,[5 7],25,56,68,31,39
1,<environment.Job instance at 0x7f75ae3698c0>,28,14,[8 5],29,68,82,39,54
1,<environment.Job instance at 0x7f75ae369910>,25,17,[10  5],26,82,99,56,70
1,<environment.Job instance at 0x7f75ae4b37d0>,42,14,[9 2],43,99,113,56,88
1,<environment.Job instance at 0x7f75ae3695f0>,30,18,[5 1],31,113,131,82,105
1,<environment.Job instance at 0x7f75ae4b3230>,45,17,[5 9],46,113,130,67,105
1,<environment.Job instance at 0x7f75ae4ba5f0>,50,17,[2 9],51,130,147,79,118
1,<environment.Job instance at 0x7f75ae4ba320>,53,12,[5 1],54,131,143,77,118
1,<environment.Job instance at 0x7f75ae4ba3c0>,55,17,[8 1],56,143,160,87,131
1,<environment.Job instance at 0x7f75ae367320>,17,13,[ 4 10],18,160,173,142,144
1,<environment.Job instance at 0x7f75ae4b04b0>,63,15,[5 6],64,173,188,109,159
1,<environment.Job instance at 0x7f756324bc30>,10,13,[ 4 10],11,12,25,1,12
1,<environment.Job instance at 0x7f756324be10>,11,16,[2 8],12,25,41,13,15
1,<environment.Job instance at 0x7f75a7125640>,16,2,[3 5],17,41,43,24,17
1,<environment.Job instance at 0x7f75631f2050>,17,2,[9 1],18,43,45,25,18
1,<environment.Job instance at 0x7f75a70aa8c0>,19,16,[1 7],20,43,59,23,31
1,<environment.Job instance at 0x7f75631cddc0>,21,15,[3 5],22,59,74,37,47
1,<environment.Job instance at 0x7f75a73eedc0>,25,17,[6 3],26,57,74,31,57
1,<environment.Job instance at 0x7f75a6ca2fa0>,31,14,[3 6],32,75,89,43,75
1,<environment.Job instance at 0x7f75632d9780>,34,12,[2 9],35,89,101,54,88
1,<environment.Job instance at 0x7f7563186960>,37,16,[ 3 10],38,117,133,79,117
1,<environment.Job instance at 0x7f7563186870>,42,2,[1 5],43,133,135,90,120
1,<environment.Job instance at 0x7f75631866e0>,43,12,[8 5],44,133,145,89,122
1,<environment.Job instance at 0x7f7563239af0>,46,3,[2 7],47,145,148,98,134
1,<environment.Job instance at 0x7f75632393c0>,47,13,[ 1 10],48,148,161,100,135
1,<environment.Job instance at 0x7f7563239c30>,50,17,[7 1],51,161,178,110,154
1,<environment.Job instance at 0x7f75a98290a0>,2,3,[1 7],3,4,7,1,4
1,<environment.Job instance at 0x7f75a99b6370>,8,1,[2 5],9,9,10,0,9
1,<environment.Job instance at 0x7f75a73cffa0>,9,3,[4 8],10,10,13,0,10
1,<environment.Job instance at 0x7f75a96c3f00>,13,14,[8 2],14,21,35,7,21
1,<environment.Job instance at 0x7f75a73cf550>,12,17,[2 5],13,21,38,8,21
1,<environment.Job instance at 0x7f75a73cf820>,10,14,[ 4 10],11,38,52,27,27
1,<environment.Job instance at 0x7f75632e0cd0>,23,15,[6 5],24,52,67,28,44
1,<environment.Job instance at 0x7f75636d5a00>,28,14,[3 8],29,67,81,38,52
1,<environment.Job instance at 0x7f75a7051eb0>,32,12,[3 8],33,81,93,48,64
1,<environment.Job instance at 0x7f75633ac190>,35,16,[4 5],36,93,109,57,80
1,<environment.Job instance at 0x7f75631e87d0>,39,17,[ 5 10],40,109,126,69,99
1,<environment.Job instance at 0x7f75633ac320>,34,13,[1 9],35,126,139,91,111
1,<environment.Job instance at 0x7f75a9a5d5f0>,7,12,[10  4],8,139,151,131,122
1,<environment.Job instance at 0x7f75631dad70>,50,1,[6 5],51,151,152,100,139
1,<environment.Job instance at 0x7f75a7015a00>,47,18,[1 7],48,152,170,104,141
1,<environment.Job instance at 0x7f7563192eb0>,2,2,[7 3],3,3,5,0,3
1,<environment.Job instance at 0x7f75a7041320>,3,3,[8 1],4,5,8,1,4
1,<environment.Job instance at 0x7f75a9a22500>,4,15,[7 3],5,8,23,3,5
1,<environment.Job instance at 0x7f75637d5460>,10,17,[2 6],11,11,28,0,11
1,<environment.Job instance at 0x7f75a9a223c0>,6,14,[5 4],7,23,37,16,16
1,<environment.Job instance at 0x7f75637dd690>,17,3,[10  4],18,37,40,19,33
1,<environment.Job instance at 0x7f75a73513c0>,23,13,[7 5],24,40,53,16,40
1,<environment.Job instance at 0x7f75a7334f00>,29,16,[5 3],30,54,70,24,54
1,<environment.Job instance at 0x7f75a7334460>,31,2,[2 6],32,57,59,25,57
1,<environment.Job instance at 0x7f75a7334c80>,24,13,[1 8],25,70,83,45,57
1,<environment.Job instance at 0x7f75a7334320>,34,16,[9 4],35,83,99,48,70
1,<environment.Job instance at 0x7f75a7328be0>,36,15,[10  4],37,99,114,62,85
1,<environment.Job instance at 0x7f75a7328410>,41,12,[5 6],42,114,126,72,97
1,<environment.Job instance at 0x7f75a7328e60>,37,13,[ 4 10],38,126,139,88,114
1,<environment.Job instance at 0x7f75a732a690>,49,17,[1 9],50,139,156,89,127
1,<environment.Job instance at 0x7f75635480a0>,58,18,[6 5],59,156,174,97,145
1,<environment.Job instance at 0x7f75a6d39370>,1,3,[3 9],2,2,5,0,2
1,<environment.Job instance at 0x7f756389ad20>,8,18,[1 5],9,13,31,4,13
1,<environment.Job instance at 0x7f756389a910>,12,13,[9 4],13,15,28,2,15
1,<environment.Job instance at 0x7f756389a6e0>,13,12,[2 6],14,31,43,17,21
1,<environment.Job instance at 0x7f756389a190>,16,13,[5 5],17,43,56,26,28
1,<environment.Job instance at 0x7f75a6d39190>,0,14,[ 2 10],1,56,70,55,47
1,<environment.Job instance at 0x7f756389a2d0>,25,18,[5 5],26,78,96,52,78
1,<environment.Job instance at 0x7f75a6ee8370>,34,14,[9 1],35,96,110,61,83
1,<environment.Job instance at 0x7f756389a280>,24,17,[9 2],25,110,127,85,101
1,<environment.Job instance at 0x7f75a9913af0>,41,1,[6 5],42,127,128,85,115
1,<environment.Job instance at 0x7f75638a7500>,5,17,[ 3 10],6,128,145,122,117
1,<environment.Job instance at 0x7f75a99139b0>,45,18,[1 8],46,145,163,99,135
1,<environment.Job instance at 0x7f75a9913f50>,48,16,[9 4],49,163,179,114,150
1,<environment.Job instance at 0x7f75a9913b40>,50,14,[1 5],51,163,177,112,157
1,<environment.Job instance at 0x7f75a6e6cc80>,3,12,[3 8],4,4,16,0,4
1,<environment.Job instance at 0x7f75a6e6c140>,4,3,[1 5],5,16,19,11,5
1,<environment.Job instance at 0x7f75a6e6cfa0>,5,15,[3 5],6,16,31,10,6
1,<environment.Job instance at 0x7f756348ca50>,15,12,[2 8],16,31,43,15,24
1,<environment.Job instance at 0x7f756348cb40>,16,12,[9 5],17,43,55,26,29
1,<environment.Job instance at 0x7f756330dd20>,19,15,[2 6],20,55,70,35,42
1,<environment.Job instance at 0x7f756357ce60>,24,3,[4 5],25,70,73,45,44
1,<environment.Job instance at 0x7f75a6e85eb0>,7,13,[9 1],8,73,86,65,61
1,<environment.Job instance at 0x7f75a6fcb870>,28,13,[1 5],29,70,83,41,61
1,<environment.Job instance at 0x7f756377eeb0>,25,18,[7 5],26,86,104,60,75
1,<environment.Job instance at 0x7f75a6ff89b0>,38,18,[5 8],39,104,122,65,93
1,<environment.Job instance at 0x7f75a6ff8780>,43,14,[ 5 10],44,122,136,78,107
1,<environment.Job instance at 0x7f75a73d23c0>,50,13,[5 6],51,136,149,85,121
1,<environment.Job instance at 0x7f75a73d2320>,53,2,[5 1],54,136,138,82,133
1,<environment.Job instance at 0x7f75a73d2aa0>,54,13,[ 5 10],55,149,162,94,135
1,<environment.Job instance at 0x7f75a9a58410>,57,1,[2 6],58,162,163,104,147
1,<environment.Job instance at 0x7f75a6ff8870>,46,17,[3 5],47,163,180,116,152
1,<environment.Job instance at 0x7f75a982da00>,58,18,[5 5],59,163,181,104,152
1,<environment.Job instance at 0x7f75a731bb40>,1,16,[3 9],2,2,18,0,2
1,<environment.Job instance at 0x7f75a982da00>,6,18,[6 4],7,18,36,11,7
1,<environment.Job instance at 0x7f75637eb230>,10,2,[1 6],11,18,20,7,13
1,<environment.Job instance at 0x7f75637eb550>,14,3,[10  5],15,36,39,21,15
1,<environment.Job instance at 0x7f75637eb500>,13,2,[2 7],14,39,41,25,15
1,<environment.Job instance at 0x7f75637e0f50>,9,3,[1 7],10,41,44,31,16
1,<environment.Job instance at 0x7f75637eb6e0>,15,16,[7 3],16,39,55,23,26
1,<environment.Job instance at 0x7f75637ebb40>,23,16,[2 6],24,44,60,20,42
1,<environment.Job instance at 0x7f75637ebc80>,25,17,[5 3],26,55,72,29,43
1,<environment.Job instance at 0x7f75637ebdc0>,26,12,[2 7],27,60,72,33,54
1,<environment.Job instance at 0x7f75637ea690>,32,16,[9 2],33,72,88,39,59
1,<environment.Job instance at 0x7f75637eba00>,21,15,[8 4],22,88,103,66,74
1,<environment.Job instance at 0x7f75637ea9b0>,37,12,[1 6],38,74,86,36,74
1,<environment.Job instance at 0x7f75637ea820>,36,17,[3 7],37,103,120,66,95
1,<environment.Job instance at 0x7f75637f12d0>,45,2,[3 9],46,120,122,74,106
1,<environment.Job instance at 0x7f75637f14b0>,48,3,[9 5],49,122,125,73,110
1,<environment.Job instance at 0x7f75637eae60>,43,14,[ 2 10],44,125,139,81,111
1,<environment.Job instance at 0x7f75637eac30>,42,18,[7 4],43,139,157,96,128
1,<environment.Job instance at 0x7f75637f1960>,56,13,[5 7],57,157,170,100,145
1,<environment.Job instance at 0x7f75637f1eb0>,60,18,[9 2],61,170,188,109,159
1,<environment.Job instance at 0x7f75a6ccba50>,5,14,[7 2],6,6,20,0,6
1,<environment.Job instance at 0x7f75a6ccbd20>,1,2,[2 9],2,20,22,18,7
1,<environment.Job instance at 0x7f756333e690>,7,16,[5 4],8,22,38,14,10
1,<environment.Job instance at 0x7f756333ec30>,9,18,[5 1],10,27,45,17,27
1,<environment.Job instance at 0x7f75a96b3780>,16,15,[5 6],17,38,53,21,28
1,<environment.Job instance at 0x7f75a99cc0f0>,21,16,[5 5],22,53,69,31,41
1,<environment.Job instance at 0x7f75a9c02b90>,22,18,[2 5],23,53,71,30,53
1,<environment.Job instance at 0x7f75a95200f0>,31,15,[5 2],32,69,84,37,67
1,<environment.Job instance at 0x7f756333e5a0>,10,16,[1 7],11,79,95,68,79
1,<environment.Job instance at 0x7f75a6f30190>,40,13,[10  1],41,95,108,54,86
1,<environment.Job instance at 0x7f75a6f4b370>,46,16,[5 6],47,108,124,61,103
1,<environment.Job instance at 0x7f75a6f4bcd0>,48,13,[8 2],49,124,137,75,109
1,<environment.Job instance at 0x7f75a6c95780>,51,16,[4 6],52,137,153,85,126
1,<environment.Job instance at 0x7f75a6c951e0>,52,15,[5 1],53,137,152,84,127
1,<environment.Job instance at 0x7f75635f4280>,1,1,[ 3 10],2,2,3,0,2
1,<environment.Job instance at 0x7f75a6d8f460>,2,16,[6 1],3,6,22,3,6
1,<environment.Job instance at 0x7f75a9a6b4b0>,10,2,[3 5],11,16,18,5,16
1,<environment.Job instance at 0x7f75a9a085f0>,11,12,[3 5],12,18,30,6,16
1,<environment.Job instance at 0x7f75635ade60>,16,16,[4 9],17,30,46,13,18
1,<environment.Job instance at 0x7f75631be370>,20,2,[7 5],21,24,26,3,24
1,<environment.Job instance at 0x7f756388f9b0>,23,1,[9 4],24,46,47,22,24
1,<environment.Job instance at 0x7f75a6f889b0>,27,13,[9 4],28,47,60,19,42
1,<environment.Job instance at 0x7f75a94b0c30>,19,15,[6 4],20,60,75,40,47
1,<environment.Job instance at 0x7f75a6f88d70>,30,2,[1 5],31,49,51,18,49
1,<environment.Job instance at 0x7f75a95db230>,34,14,[ 5 10],35,75,89,40,60
1,<environment.Job instance at 0x7f75a95db7d0>,38,15,[1 6],39,89,104,50,78
1,<environment.Job instance at 0x7f75a95dba50>,36,16,[4 8],37,104,120,67,92
1,<environment.Job instance at 0x7f75a95db500>,46,17,[4 6],47,120,137,73,108
1,<environment.Job instance at 0x7f75a94c1370>,49,3,[2 7],50,137,140,87,122
1,<environment.Job instance at 0x7f75a94c1820>,50,15,[4 7],51,140,155,89,126
1,<environment.Job instance at 0x7f7563278230>,53,15,[8 4],54,155,170,101,141
1,<environment.Job instance at 0x7f7563278c80>,56,12,[3 5],57,170,182,113,156
1,<environment.Job instance at 0x7f75a9ae43c0>,1,1,[5 3],2,2,3,0,2
1,<environment.Job instance at 0x7f75a94b6410>,2,17,[5 7],3,4,21,1,4
1,<environment.Job instance at 0x7f75635485a0>,4,12,[7 1],5,21,33,16,7
1,<environment.Job instance at 0x7f75a6e254b0>,17,14,[5 6],18,33,47,15,18
1,<environment.Job instance at 0x7f75a6e25690>,18,16,[8 4],19,47,63,28,34
1,<environment.Job instance at 0x7f75a6e25910>,24,13,[10  1],25,63,76,38,53
1,<environment.Job instance at 0x7f75a6e23e10>,11,17,[9 4],12,76,93,64,64
1,<environment.Job instance at 0x7f75a6e25f50>,32,15,[6 2],33,93,108,60,79
1,<environment.Job instance at 0x7f75a6e25280>,16,17,[4 8],17,93,110,76,82
1,<environment.Job instance at 0x7f75a6e3e410>,39,14,[7 3],40,110,124,70,95
1,<environment.Job instance at 0x7f75a6e3e7d0>,42,17,[1 5],43,110,127,67,109
1,<environment.Job instance at 0x7f75a6e3e5f0>,46,12,[5 3],47,124,136,77,110
1,<environment.Job instance at 0x7f75a6e3ec80>,49,13,[4 7],50,128,141,78,128
1,<environment.Job instance at 0x7f75a6e3ecd0>,52,14,[5 2],53,136,150,83,128
1,<environment.Job instance at 0x7f75a6e482d0>,55,3,[8 5],56,150,153,94,128
1,<environment.Job instance at 0x7f75a6e484b0>,61,16,[5 2],62,153,169,91,149
1,<environment.Job instance at 0x7f75a6e48820>,63,15,[ 3 10],64,169,184,105,156
1,<environment.Job instance at 0x7f75a737edc0>,0,3,[7 3],1,2,5,1,2
1,<environment.Job instance at 0x7f75a6e9d370>,4,17,[5 5],5,5,22,0,5
1,<environment.Job instance at 0x7f75a6e9d3c0>,6,12,[6 2],7,22,34,15,10
1,<environment.Job instance at 0x7f75a97eba00>,12,1,[3 6],13,22,23,9,22
1,<environment.Job instance at 0x7f75635b2e10>,15,3,[2 8],16,23,26,7,22
1,<environment.Job instance at 0x7f75635b2460>,13,2,[5 5],14,34,36,20,22
1,<environment.Job instance at 0x7f75635b2820>,18,3,[4 5],19,29,32,10,29
1,<environment.Job instance at 0x7f75635b2dc0>,16,14,[9 2],17,36,50,19,29
1,<environment.Job instance at 0x7f75a9620320>,25,17,[9 3],26,55,72,29,55
1,<environment.Job instance at 0x7f75a97ebd70>,10,12,[10  4],11,72,84,61,58
1,<environment.Job instance at 0x7f7563728500>,30,3,[8 5],31,84,87,53,81
1,<environment.Job instance at 0x7f75637281e0>,36,14,[8 3],37,87,101,50,83
1,<environment.Job instance at 0x7f75a9620c30>,28,14,[1 9],29,108,122,79,108
1,<environment.Job instance at 0x7f75637282d0>,40,15,[2 8],41,122,137,81,111
1,<environment.Job instance at 0x7f75632b31e0>,46,14,[2 6],47,137,151,90,123
1,<environment.Job instance at 0x7f75632b3cd0>,47,15,[6 2],48,123,138,75,123
1,<environment.Job instance at 0x7f75632b3f50>,45,15,[8 4],46,138,153,92,124
1,<environment.Job instance at 0x7f75a6ed9190>,50,16,[1 6],51,151,167,100,140
1,<environment.Job instance at 0x7f75a6ed9550>,55,16,[3 8],56,167,183,111,155
1,<environment.Job instance at 0x7f75a6ed9d70>,56,14,[6 2],57,155,169,98,155
1,<environment.Job instance at 0x7f75a6ff3190>,0,1,[10  3],1,2,3,1,2
1,<environment.Job instance at 0x7f75a6ff3c30>,1,17,[7 1],2,3,20,1,3
1,<environment.Job instance at 0x7f75a6ff3a00>,3,2,[2 7],4,4,6,0,4
1,<environment.Job instance at 0x7f75a6ff3820>,4,1,[1 7],5,6,7,1,5
1,<environment.Job instance at 0x7f75a6ff3960>,5,3,[3 6],6,7,10,1,6
1,<environment.Job instance at 0x7f75a6ff3730>,9,13,[9 3],10,20,33,10,12
1,<environment.Job instance at 0x7f75a94fb6e0>,14,13,[8 1],15,33,46,18,18
1,<environment.Job instance at 0x7f75a9611c80>,23,1,[5 3],24,46,47,22,31
1,<environment.Job instance at 0x7f75a6da9af0>,24,18,[6 5],25,47,65,22,36
1,<environment.Job instance at 0x7f75a6da9410>,28,3,[6 1],29,65,68,36,45
1,<environment.Job instance at 0x7f75a6da9eb0>,26,17,[5 1],27,68,85,41,58
1,<environment.Job instance at 0x7f75a6da91e0>,29,16,[5 5],30,68,84,38,59
1,<environment.Job instance at 0x7f75638f3d70>,36,14,[8 5],37,85,99,48,72
1,<environment.Job instance at 0x7f75638f38c0>,43,18,[6 1],44,99,117,55,89
1,<environment.Job instance at 0x7f75638f3640>,44,16,[1 6],45,99,115,54,89
1,<environment.Job instance at 0x7f75a6da9320>,35,18,[4 9],36,115,133,79,105
1,<environment.Job instance at 0x7f7563474e60>,49,2,[9 5],50,133,135,83,110
1,<environment.Job instance at 0x7f7563474910>,52,3,[ 4 10],53,135,138,82,112
1,<environment.Job instance at 0x7f7563474a50>,53,15,[8 2],54,138,153,84,124
1,<environment.Job instance at 0x7f75a6de05f0>,60,2,[9 2],61,153,155,92,140
1,<environment.Job instance at 0x7f75a6de0190>,61,16,[1 7],62,140,156,78,140
1,<environment.Job instance at 0x7f75a6de04b0>,64,12,[ 1 10],65,156,168,91,140
1,<environment.Job instance at 0x7f7563041820>,1,15,[6 1],2,2,17,0,2
1,<environment.Job instance at 0x7f75631ea460>,12,2,[7 3],13,22,24,9,22
1,<environment.Job instance at 0x7f75631eacd0>,13,2,[8 4],14,24,26,10,22
1,<environment.Job instance at 0x7f75a9c01280>,6,13,[4 9],7,26,39,19,22
1,<environment.Job instance at 0x7f75631ea550>,15,16,[6 5],16,39,55,23,26
1,<environment.Job instance at 0x7f75631d20f0>,19,14,[2 7],20,55,69,35,46
1,<environment.Job instance at 0x7f75631b7f50>,26,14,[7 3],27,55,69,28,51
1,<environment.Job instance at 0x7f75a740d820>,22,16,[3 7],23,69,85,46,57
1,<environment.Job instance at 0x7f75631ef460>,33,12,[10  2],34,85,97,51,69
1,<environment.Job instance at 0x7f75a70766e0>,40,15,[8 4],41,97,112,56,84
1,<environment.Job instance at 0x7f75635685f0>,43,14,[7 2],44,112,126,68,102
1,<environment.Job instance at 0x7f75631eaaa0>,17,18,[3 8],18,112,130,94,102
1,<environment.Job instance at 0x7f75a9706d70>,49,12,[4 6],50,130,142,80,114
1,<environment.Job instance at 0x7f756376ca50>,50,17,[5 2],51,126,143,75,114
1,<environment.Job instance at 0x7f75a972d690>,45,12,[8 1],46,143,155,97,127
1,<environment.Job instance at 0x7f756376cc30>,52,16,[1 7],53,142,158,89,136
1,<environment.Job instance at 0x7f75a9a0a0f0>,58,12,[1 5],59,158,170,99,145
1,<environment.Job instance at 0x7f756376dbe0>,60,15,[6 1],61,155,170,94,145
1,<environment.Job instance at 0x7f75a9a11b90>,47,15,[ 3 10],48,170,185,122,156
1,<environment.Job instance at 0x7f75ae368c80>,1,12,[7 1],2,2,14,0,2
1,<environment.Job instance at 0x7f75a9673d70>,4,14,[5 2],5,14,28,9,5
1,<environment.Job instance at 0x7f75630fa780>,13,14,[5 4],14,15,29,1,15
1,<environment.Job instance at 0x7f75a6d8f960>,19,1,[5 4],20,28,29,8,28
1,<environment.Job instance at 0x7f7563783b40>,15,14,[8 2],16,29,43,13,28
1,<environment.Job instance at 0x7f75a717a140>,22,2,[6 2],23,43,45,20,28
1,<environment.Job instance at 0x7f75a71197d0>,10,16,[4 9],11,45,61,34,32
1,<environment.Job instance at 0x7f75a717aaf0>,23,16,[1 9],24,61,77,37,48
1,<environment.Job instance at 0x7f75a6e26500>,33,15,[5 2],34,77,92,43,63
1,<environment.Job instance at 0x7f7562fded20>,37,3,[6 1],38,74,77,36,74
1,<environment.Job instance at 0x7f7562fdeb40>,38,18,[5 3],39,80,98,41,80
1,<environment.Job instance at 0x7f7562fde8c0>,39,12,[9 5],40,98,110,58,82
1,<environment.Job instance at 0x7f75a71c3af0>,21,17,[7 4],22,110,127,88,98
1,<environment.Job instance at 0x7f75637ea230>,55,2,[10  4],56,127,129,71,103
1,<environment.Job instance at 0x7f75a71cd7d0>,27,15,[10  5],28,129,144,101,115
1,<environment.Job instance at 0x7f75637ea9b0>,54,18,[7 1],55,144,162,89,135
1,<environment.Job instance at 0x7f75a6f49460>,65,12,[10  4],66,162,174,96,147
1,<environment.Job instance at 0x7f756349a140>,3,12,[6 3],4,9,21,5,9
1,<environment.Job instance at 0x7f756349abe0>,8,12,[6 1],9,21,33,12,12
1,<environment.Job instance at 0x7f756349a0a0>,14,17,[4 5],15,19,36,4,19
1,<environment.Job instance at 0x7f7562f25410>,18,3,[2 5],19,33,36,14,20
1,<environment.Job instance at 0x7f7562f254b0>,23,16,[5 5],24,43,59,19,43
1,<environment.Job instance at 0x7f7562f25190>,24,18,[7 5],25,69,87,44,69
1,<environment.Job instance at 0x7f756349ae60>,9,16,[1 8],10,91,107,81,91
1,<environment.Job instance at 0x7f756349a500>,11,17,[ 3 10],12,107,124,95,96
1,<environment.Job instance at 0x7f7562f2a050>,38,1,[7 1],39,97,98,58,97
1,<environment.Job instance at 0x7f7562f2a460>,40,1,[2 9],41,124,125,83,97
1,<environment.Job instance at 0x7f7562f255f0>,32,14,[1 7],33,125,139,92,110
1,<environment.Job instance at 0x7f75a9aa0dc0>,43,16,[9 3],44,129,145,85,129
1,<environment.Job instance at 0x7f75a9aa08c0>,42,18,[5 5],43,145,163,102,134
1,<environment.Job instance at 0x7f75a9aa0a00>,49,12,[10  3],50,163,175,113,148
1,<environment.Job instance at 0x7f75a9aa0780>,2,17,[4 7],3,4,21,1,4
1,<environment.Job instance at 0x7f756338ee60>,7,12,[3 5],8,21,33,13,8
1,<environment.Job instance at 0x7f756338efa0>,8,3,[6 2],9,9,12,0,9
1,<environment.Job instance at 0x7f756338e5a0>,9,17,[7 1],10,21,38,11,10
1,<environment.Job instance at 0x7f75633ac910>,12,14,[5 6],13,38,52,25,25
1,<environment.Job instance at 0x7f75633ac730>,17,17,[7 2],18,52,69,34,51
1,<environment.Job instance at 0x7f75633ac140>,20,1,[8 2],21,69,70,48,51
1,<environment.Job instance at 0x7f75633acfa0>,19,1,[8 5],20,70,71,50,51
1,<environment.Job instance at 0x7f75633ae1e0>,21,3,[5 9],22,71,74,49,51
1,<environment.Job instance at 0x7f75633ae460>,22,1,[1 9],23,98,99,75,98
1,<environment.Job instance at 0x7f75630e6190>,28,19,[2 5],29,99,118,70,98
1,<environment.Job instance at 0x7f75a739e460>,34,2,[8 2],35,141,143,106,141
1,<environment.Job instance at 0x7f75a7384190>,35,14,[7 2],36,143,157,107,141
1,<environment.Job instance at 0x7f75633b2be0>,38,1,[8 1],39,157,158,118,146
1,<environment.Job instance at 0x7f75a6db0500>,3,18,[2 9],4,157,175,153,148
1,<environment.Job instance at 0x7f756368cf00>,0,2,[7 1],1,2,4,1,2
1,<environment.Job instance at 0x7f7562f5c460>,1,17,[4 6],2,5,22,3,5
1,<environment.Job instance at 0x7f75a712fd20>,7,3,[3 5],8,22,25,14,8
1,<environment.Job instance at 0x7f756322c280>,17,18,[3 5],18,27,45,9,27
1,<environment.Job instance at 0x7f75a9854eb0>,14,18,[2 6],15,45,63,30,34
1,<environment.Job instance at 0x7f75a6dc7a50>,25,12,[9 4],26,63,75,37,48
1,<environment.Job instance at 0x7f75a6dc7cd0>,31,13,[ 5 10],32,75,88,43,67
1,<environment.Job instance at 0x7f75a951d280>,36,3,[4 7],37,88,91,51,76
1,<environment.Job instance at 0x7f75a951db90>,37,3,[5 6],38,91,94,53,76
1,<environment.Job instance at 0x7f75a951d370>,35,18,[7 3],36,94,112,58,83
1,<environment.Job instance at 0x7f75a951dbe0>,45,18,[6 3],46,112,130,66,107
1,<environment.Job instance at 0x7f75a951df50>,39,18,[3 7],40,107,125,67,107
1,<environment.Job instance at 0x7f75a7116cd0>,49,3,[10  4],50,130,133,80,107
1,<environment.Job instance at 0x7f75a9742be0>,50,13,[1 6],51,133,146,82,117
1,<environment.Job instance at 0x7f75a97426e0>,53,15,[5 6],54,146,161,92,134
1,<environment.Job instance at 0x7f75a9742dc0>,51,18,[10  3],52,161,179,109,151
1,<environment.Job instance at 0x7f75ae238050>,1,2,[8 5],2,4,6,2,4
1,<environment.Job instance at 0x7f75a952b0a0>,4,17,[7 5],5,6,23,1,5
1,<environment.Job instance at 0x7f7563020960>,10,3,[8 1],11,23,26,12,11
1,<environment.Job instance at 0x7f75630205a0>,13,16,[1 8],14,23,39,9,15
1,<environment.Job instance at 0x7f75a990bf00>,5,13,[7 1],6,26,39,20,20
1,<environment.Job instance at 0x7f75a952b460>,6,14,[ 4 10],7,39,53,32,24
1,<environment.Job instance at 0x7f7563079640>,27,12,[5 6],28,53,65,25,36
1,<environment.Job instance at 0x7f7563079140>,31,14,[9 1],32,65,79,33,58
1,<environment.Job instance at 0x7f7563020aa0>,12,16,[2 9],13,79,95,66,71
1,<environment.Job instance at 0x7f7563079a00>,35,14,[6 2],36,95,109,59,80
1,<environment.Job instance at 0x7f75a6f88d70>,43,12,[10  3],44,109,121,65,92
1,<environment.Job instance at 0x7f75a6f88aa0>,51,18,[1 6],52,121,139,69,110
1,<environment.Job instance at 0x7f75a6f88190>,56,3,[ 2 10],57,139,142,82,135
1,<environment.Job instance at 0x7f75a6f88820>,57,16,[3 5],58,142,158,84,135
1,<environment.Job instance at 0x7f75a6f88d20>,55,18,[5 8],56,158,176,102,149
1,<environment.Job instance at 0x7f75a98e1be0>,1,3,[5 4],2,2,5,0,2
1,<environment.Job instance at 0x7f75a98e1500>,2,3,[ 4 10],3,5,8,2,3
1,<environment.Job instance at 0x7f75a98e10f0>,3,12,[3 7],4,8,20,4,4
1,<environment.Job instance at 0x7f75a98e1af0>,4,3,[1 6],5,20,23,15,6
1,<environment.Job instance at 0x7f75a98e15f0>,5,3,[2 8],6,23,26,17,7
1,<environment.Job instance at 0x7f75a98e1cd0>,7,17,[2 8],8,26,43,18,15
1,<environment.Job instance at 0x7f75a98e1460>,8,14,[4 8],9,43,57,34,38
1,<environment.Job instance at 0x7f75a98e1fa0>,0,18,[6 2],1,40,58,39,40
1,<environment.Job instance at 0x7f75a98fed20>,22,15,[4 5],23,57,72,34,48
1,<environment.Job instance at 0x7f75a990dcd0>,34,3,[5 3],35,70,73,35,70
1,<environment.Job instance at 0x7f75a990da50>,36,13,[ 1 10],37,73,86,36,70
1,<environment.Job instance at 0x7f75a990d820>,37,18,[7 4],38,86,104,48,75
1,<environment.Job instance at 0x7f75a990d690>,38,2,[2 5],39,86,88,47,75
1,<environment.Job instance at 0x7f756343f6e0>,40,14,[10  2],41,104,118,63,93
1,<environment.Job instance at 0x7f5bbb5da780>,4,18,[10  4],5,6,24,1,6
1,<environment.Job instance at 0x7f5bb4141550>,7,14,[5 1],8,24,38,16,9
1,<environment.Job instance at 0x7f5bb41417d0>,9,17,[ 4 10],10,38,55,28,27
1,<environment.Job instance at 0x7f5bb4141a50>,16,12,[1 8],17,55,67,38,46
1,<environment.Job instance at 0x7f5bb4141c30>,18,16,[8 5],19,67,83,48,55
1,<environment.Job instance at 0x7f5bb4141f00>,23,18,[5 2],24,83,101,59,76
1,<environment.Job instance at 0x7f5bb41435f0>,29,13,[1 6],30,83,96,53,79
1,<environment.Job instance at 0x7f5bb41431e0>,31,17,[4 9],32,102,119,70,102
1,<environment.Job instance at 0x7f5bb41438c0>,35,16,[8 1],36,119,135,83,108
1,<environment.Job instance at 0x7f5bb4143a00>,38,12,[3 6],39,135,147,96,122
1,<environment.Job instance at 0x7f5bb4143be0>,41,14,[6 1],42,135,149,93,128
1,<environment.Job instance at 0x7f5bb4143c80>,42,14,[8 4],43,149,163,106,137
1,<environment.Job instance at 0x7f5bb4148050>,45,16,[6 2],46,163,179,117,151
1,<environment.Job instance at 0x7f5bb415f3c0>,0,3,[9 1],1,3,6,2,3
1,<environment.Job instance at 0x7f5bb41432d0>,1,14,[5 3],2,6,20,4,6
1,<environment.Job instance at 0x7f5b7053beb0>,3,12,[1 7],4,6,18,2,6
1,<environment.Job instance at 0x7f5bb4148690>,8,14,[4 7],9,26,40,17,26
1,<environment.Job instance at 0x7f5b7053ad70>,7,13,[ 4 10],8,40,53,32,26
1,<environment.Job instance at 0x7f5b7053e5f0>,21,3,[8 2],22,53,56,31,28
1,<environment.Job instance at 0x7f5b7053e690>,22,14,[8 4],23,56,70,33,42
1,<environment.Job instance at 0x7f5b7053c690>,29,1,[10  3],30,70,71,40,48
1,<environment.Job instance at 0x7f5b705aa8c0>,30,2,[3 8],31,71,73,40,48
1,<environment.Job instance at 0x7f5b7053e370>,19,17,[9 2],20,73,90,53,61
1,<environment.Job instance at 0x7f5b70552f00>,36,13,[5 1],37,90,103,53,74
1,<environment.Job instance at 0x7f5b7062e190>,40,17,[2 9],41,90,107,49,89
1,<environment.Job instance at 0x7f5b70531f00>,15,17,[10  5],16,107,124,91,96
1,<environment.Job instance at 0x7f5b70553140>,45,17,[8 1],46,124,141,78,112
1,<environment.Job instance at 0x7f5b70680280>,42,17,[10  4],43,141,158,98,129
1,<environment.Job instance at 0x7f5b7053e9b0>,25,16,[ 3 10],26,161,177,135,161
1,<environment.Job instance at 0x7f5b706bc050>,56,15,[ 5 10],57,177,192,120,168
1,<environment.Job instance at 0x7f5b70532280>,1,15,[3 5],2,2,17,0,2
1,<environment.Job instance at 0x7f5b703b6780>,3,1,[2 8],4,17,18,13,4
1,<environment.Job instance at 0x7f5b703b6910>,5,17,[6 3],6,18,35,12,8
1,<environment.Job instance at 0x7f5b703aabe0>,15,16,[2 6],16,19,35,3,19
1,<environment.Job instance at 0x7f5bb4332820>,16,15,[10  5],17,35,50,18,23
1,<environment.Job instance at 0x7f5b7039bf50>,25,12,[2 5],26,50,62,24,40
1,<environment.Job instance at 0x7f5bb3ebe140>,28,3,[4 7],29,62,65,33,48
1,<environment.Job instance at 0x7f5bb3f16280>,8,17,[2 8],9,65,82,56,54
1,<environment.Job instance at 0x7f5bbb6c5a50>,30,17,[7 1],31,65,82,34,56
1,<environment.Job instance at 0x7f5b7039be60>,27,13,[ 1 10],28,82,95,54,71
1,<environment.Job instance at 0x7f5b70471f00>,39,3,[9 2],40,95,98,55,86
1,<environment.Job instance at 0x7f5bbb6bde60>,36,15,[4 9],37,98,113,61,88
1,<environment.Job instance at 0x7f5b704719b0>,40,18,[4 8],41,113,131,72,103
1,<environment.Job instance at 0x7f5bb3fa1cd0>,50,12,[1 5],51,131,143,80,115
1,<environment.Job instance at 0x7f5bb3f1a230>,52,17,[9 1],53,131,148,78,125
1,<environment.Job instance at 0x7f5b7039a050>,59,17,[2 6],60,148,165,88,136
1,<environment.Job instance at 0x7f5b7039af50>,61,3,[3 7],62,165,168,103,142
1,<environment.Job instance at 0x7f5b7039a410>,62,17,[4 6],63,168,185,105,157
1,<environment.Job instance at 0x7f5bb3f09c30>,65,12,[4 7],66,185,197,119,169
1,<environment.Job instance at 0x7f5b7071be60>,0,3,[7 3],1,8,11,7,8
1,<environment.Job instance at 0x7f5bb3f45320>,1,17,[5 7],2,11,28,9,10
1,<environment.Job instance at 0x7f5bb41abaf0>,10,18,[4 6],11,28,46,17,17
1,<environment.Job instance at 0x7f5bb41ab3c0>,16,14,[ 5 10],17,46,60,29,31
1,<environment.Job instance at 0x7f5bb41ab550>,17,18,[1 7],18,60,78,42,49
1,<environment.Job instance at 0x7f5bb41ab140>,21,14,[5 4],22,78,92,56,64
1,<environment.Job instance at 0x7f5bb41a56e0>,30,14,[8 4],31,92,106,61,89
1,<environment.Job instance at 0x7f5bb41a5dc0>,33,18,[6 1],34,106,124,72,96
1,<environment.Job instance at 0x7f5bb41a57d0>,34,12,[4 7],35,106,118,71,96
1,<environment.Job instance at 0x7f5b707981e0>,1,12,[5 6],2,4,16,2,4
1,<environment.Job instance at 0x7f5bb43fdf00>,5,2,[3 5],6,16,18,10,6
1,<environment.Job instance at 0x7f5bb45b1f00>,7,2,[8 4],8,18,20,10,9
1,<environment.Job instance at 0x7f5bb45b1190>,9,17,[1 9],10,20,37,10,16
1,<environment.Job instance at 0x7f5bb47ce640>,0,14,[1 8],1,37,51,36,25
1,<environment.Job instance at 0x7f5b7081c550>,24,17,[5 1],25,38,55,13,38
1,<environment.Job instance at 0x7f5bb45a98c0>,23,16,[5 3],24,51,67,27,38
1,<environment.Job instance at 0x7f5b707522d0>,27,12,[7 2],28,67,79,39,50
1,<environment.Job instance at 0x7f5b708455a0>,30,13,[5 3],31,79,92,48,64
1,<environment.Job instance at 0x7f5bb3fe5140>,31,3,[5 2],32,64,67,32,64
1,<environment.Job instance at 0x7f5b7080d370>,33,3,[4 7],34,79,82,45,69
1,<environment.Job instance at 0x7f5bb3fe5cd0>,32,17,[9 4],33,92,109,59,80
1,<environment.Job instance at 0x7f5b70af0730>,37,15,[4 6],38,109,124,71,96
1,<environment.Job instance at 0x7f5b70a3cd70>,5,14,[ 1 10],6,6,20,0,6
1,<environment.Job instance at 0x7f5b70a3c140>,4,13,[2 6],5,20,33,15,8
1,<environment.Job instance at 0x7f5b70a3ca00>,9,18,[6 4],10,20,38,10,19
1,<environment.Job instance at 0x7f5b705660a0>,12,14,[3 9],13,38,52,25,26
1,<environment.Job instance at 0x7f5b705660f0>,18,15,[7 3],19,52,67,33,40
1,<environment.Job instance at 0x7f5bb40bcaf0>,24,18,[5 6],25,79,97,54,79
1,<environment.Job instance at 0x7f5b707fb960>,26,13,[8 2],27,97,110,70,92
1,<environment.Job instance at 0x7f5b707fb780>,27,13,[4 5],28,110,123,82,97
1,<environment.Job instance at 0x7f5bb4416370>,32,15,[5 9],33,124,139,91,124
1,<environment.Job instance at 0x7f5bb49202d0>,37,2,[6 3],38,152,154,114,152
1,<environment.Job instance at 0x7f5bb4920e10>,39,12,[9 4],40,158,170,118,158
1,<environment.Job instance at 0x7f5bbb5744b0>,47,18,[3 8],48,170,188,122,160
1,<environment.Job instance at 0x7f5bbb158870>,1,15,[5 4],2,2,17,0,2
1,<environment.Job instance at 0x7f5bb4af0910>,2,2,[1 7],3,17,19,14,3
1,<environment.Job instance at 0x7f5bb4487eb0>,0,16,[7 5],1,19,35,18,6
1,<environment.Job instance at 0x7f5b7057aaf0>,6,15,[3 5],7,25,40,18,25
1,<environment.Job instance at 0x7f5b705d2640>,12,16,[9 4],13,40,56,27,27
1,<environment.Job instance at 0x7f5b705f4aa0>,21,13,[7 4],22,56,69,34,41
1,<environment.Job instance at 0x7f5bb3f44730>,24,18,[5 5],25,69,87,44,60
1,<environment.Job instance at 0x7f5bbb595aa0>,29,12,[4 6],30,87,99,57,72
1,<environment.Job instance at 0x7f5bb4b8d870>,28,18,[5 3],29,72,90,43,72
1,<environment.Job instance at 0x7f5bb49faeb0>,32,15,[8 4],33,99,114,66,85
1,<environment.Job instance at 0x7f5bb49fa1e0>,36,17,[2 5],37,99,116,62,89
1,<environment.Job instance at 0x7f5bb49faa50>,39,13,[6 4],40,114,127,74,98
1,<environment.Job instance at 0x7f5bb49d6280>,42,2,[3 6],43,116,118,73,110
1,<environment.Job instance at 0x7f5bb44a85a0>,44,12,[9 1],45,127,139,82,118
1,<environment.Job instance at 0x7f5bb421eaa0>,14,17,[1 9],15,127,144,112,121
1,<environment.Job instance at 0x7f5b708431e0>,31,13,[10  4],32,144,157,112,129
1,<environment.Job instance at 0x7f5bb40f3e10>,51,14,[5 8],52,157,171,105,146
1,<environment.Job instance at 0x7f5bb40f3960>,52,13,[7 2],53,171,184,118,158
1,<environment.Job instance at 0x7f5b7054dd20>,2,1,[1 8],3,3,4,0,3
1,<environment.Job instance at 0x7f5bbb252780>,3,24,[10  2],4,4,28,0,4
1,<environment.Job instance at 0x7f5b70373eb0>,7,1,[5 3],8,28,29,20,8
1,<environment.Job instance at 0x7f5bbb252910>,0,12,[4 8],1,29,41,28,13
1,<environment.Job instance at 0x7f5b70366a00>,19,13,[8 2],20,41,54,21,26
1,<environment.Job instance at 0x7f5b703667d0>,15,16,[7 3],16,54,70,38,42
1,<environment.Job instance at 0x7f5b7037e190>,29,14,[5 1],30,70,84,40,60
1,<environment.Job instance at 0x7f5b70373e60>,8,18,[5 9],9,70,88,61,65
1,<environment.Job instance at 0x7f5b7037e780>,38,3,[10  4],39,88,91,49,84
1,<environment.Job instance at 0x7f5b7037e820>,39,18,[6 2],40,91,109,51,84
1,<environment.Job instance at 0x7f5b7037e960>,43,14,[ 4 10],44,109,123,65,94
1,<environment.Job instance at 0x7f5b7037ec30>,45,14,[5 7],46,123,137,77,108
1,<environment.Job instance at 0x7f5b7036d280>,53,1,[7 3],54,137,138,83,120
1,<environment.Job instance at 0x7f5b7036d4b0>,54,2,[2 5],55,137,139,82,120
1,<environment.Job instance at 0x7f5b7036d5f0>,55,16,[4 9],56,139,155,83,126
1,<environment.Job instance at 0x7f5b7037edc0>,46,16,[9 2],47,155,171,108,142
1,<environment.Job instance at 0x7f5b7037e280>,30,17,[9 2],31,171,188,140,160
1,<environment.Job instance at 0x7f5b7036df50>,2,2,[10  3],3,4,6,1,4
1,<environment.Job instance at 0x7f5b7036dc80>,3,1,[1 7],4,6,7,2,4
1,<environment.Job instance at 0x7f5b709f0af0>,5,14,[1 7],6,7,21,1,7
1,<environment.Job instance at 0x7f5bbb57bd20>,14,17,[10  5],15,28,45,13,28
1,<environment.Job instance at 0x7f5b709866e0>,18,12,[ 1 10],19,49,61,30,49
1,<environment.Job instance at 0x7f5b70839f00>,20,3,[5 1],21,61,64,40,49
1,<environment.Job instance at 0x7f5bb40ea500>,21,2,[3 8],22,61,63,39,49
1,<environment.Job instance at 0x7f5bb465e320>,22,18,[9 1],23,64,82,41,53
1,<environment.Job instance at 0x7f5bb46ac460>,24,15,[2 7],25,82,97,57,68
1,<environment.Job instance at 0x7f5bb4063870>,26,13,[1 6],27,68,81,41,68
1,<environment.Job instance at 0x7f5bb4722b40>,31,3,[10  1],32,97,100,65,85
1,<environment.Job instance at 0x7f5bb4a49b90>,32,18,[1 9],33,100,118,67,89
1,<environment.Job instance at 0x7f5bb48b25a0>,40,13,[5 8],41,118,131,77,107
1,<environment.Job instance at 0x7f5bb4041410>,1,12,[8 1],2,2,14,0,2
1,<environment.Job instance at 0x7f5b70a3ef00>,2,13,[5 3],3,14,27,11,3
1,<environment.Job instance at 0x7f5b70800640>,5,3,[9 1],6,27,30,21,6
1,<environment.Job instance at 0x7f5b701fdc30>,6,15,[3 9],7,30,45,23,17
1,<environment.Job instance at 0x7f5b70993e60>,18,3,[1 7],19,45,48,26,38
1,<environment.Job instance at 0x7f5bb3fa5b90>,19,3,[7 3],20,45,48,25,38
1,<environment.Job instance at 0x7f5bb4c47370>,21,12,[5 3],22,48,60,26,38
1,<environment.Job instance at 0x7f5b7083a7d0>,24,16,[5 8],25,60,76,35,51
1,<environment.Job instance at 0x7f5bb43eb730>,33,14,[6 2],34,76,90,42,62
1,<environment.Job instance at 0x7f5bb43eb780>,36,2,[5 3],37,90,92,53,64
1,<environment.Job instance at 0x7f5bb45ea4b0>,37,1,[4 7],38,76,77,38,64
1,<environment.Job instance at 0x7f5bb44a8c30>,31,15,[3 7],32,77,92,45,69
1,<environment.Job instance at 0x7f5bb4253640>,43,15,[ 2 10],44,92,107,48,78
1,<environment.Job instance at 0x7f5bb4b72280>,48,12,[10  4],49,107,119,58,90
1,<environment.Job instance at 0x7f5b70a7ee60>,54,1,[7 3],55,119,120,64,105
1,<environment.Job instance at 0x7f5bb40b3910>,56,2,[5 9],57,120,122,63,105
1,<environment.Job instance at 0x7f5bb45a99b0>,58,3,[6 2],59,122,125,63,106
1,<environment.Job instance at 0x7f5bb45a9be0>,60,12,[2 5],61,122,134,61,107
1,<environment.Job instance at 0x7f5bb48577d0>,61,17,[7 4],62,125,142,63,113
1,<environment.Job instance at 0x7f5bb45065a0>,65,13,[7 4],66,142,155,76,127
1,<environment.Job instance at 0x7f5bb4df7690>,72,17,[5 7],73,155,172,82,143
1,<environment.Job instance at 0x7f5bb4d3de60>,78,12,[7 5],79,172,184,93,162
1,<environment.Job instance at 0x7f5bb4b24550>,2,14,[3 7],3,3,17,0,3
1,<environment.Job instance at 0x7f5bb45dbb40>,0,12,[9 4],1,17,29,16,5
1,<environment.Job instance at 0x7f5bb407beb0>,13,13,[6 5],14,29,42,15,16
1,<environment.Job instance at 0x7f5bb4857aa0>,4,17,[3 5],5,32,49,27,32
1,<environment.Job instance at 0x7f5bb40a45a0>,19,3,[7 4],20,42,45,22,34
1,<environment.Job instance at 0x7f5bb40a40a0>,18,12,[6 3],19,45,57,26,34
1,<environment.Job instance at 0x7f5bb40a44b0>,23,16,[9 5],24,57,73,33,44
1,<environment.Job instance at 0x7f5bb40a4910>,29,17,[5 2],30,73,90,43,61
1,<environment.Job instance at 0x7f5bb40a4a00>,27,17,[5 6],28,73,90,45,61
1,<environment.Job instance at 0x7f5bb40a4b90>,31,17,[9 3],32,90,107,58,78
1,<environment.Job instance at 0x7f5bb406a690>,40,13,[8 4],41,107,120,66,93
1,<environment.Job instance at 0x7f5bb406a640>,36,17,[8 4],37,120,137,83,108
1,<environment.Job instance at 0x7f5bb406afa0>,50,16,[ 2 10],51,137,153,86,124
1,<environment.Job instance at 0x7f5bb40910a0>,52,15,[5 5],53,153,168,100,142
1,<environment.Job instance at 0x7f5bb40914b0>,58,13,[8 5],59,168,181,109,152
1,<environment.Job instance at 0x7f5bb4091550>,59,15,[4 6],60,181,196,121,167
1,<environment.Job instance at 0x7f5bb44b3960>,0,13,[6 3],1,11,24,10,11
1,<environment.Job instance at 0x7f5bb44b3870>,7,1,[7 1],8,24,25,16,11
1,<environment.Job instance at 0x7f5bb44b3500>,9,14,[2 5],10,11,25,1,11
1,<environment.Job instance at 0x7f5bb44b3f00>,8,1,[1 5],9,25,26,16,11
1,<environment.Job instance at 0x7f5bb44b3b90>,5,12,[10  3],6,26,38,20,13
1,<environment.Job instance at 0x7f5b7071ac80>,15,3,[ 1 10],16,38,41,22,16
1,<environment.Job instance at 0x7f5b70a45690>,18,16,[6 5],19,41,57,22,29
1,<environment.Job instance at 0x7f5b7071aa00>,13,15,[2 8],14,57,72,43,48
1,<environment.Job instance at 0x7f5bb4067640>,32,14,[10  5],33,72,86,39,59
1,<environment.Job instance at 0x7f5bb4067460>,40,15,[8 5],41,106,121,65,106
1,<environment.Job instance at 0x7f5bb4a415a0>,41,3,[9 2],42,121,124,79,106
1,<environment.Job instance at 0x7f5bb4a411e0>,44,3,[10  5],45,124,127,79,111
1,<environment.Job instance at 0x7f5bb4a41af0>,45,3,[6 3],46,127,130,81,111
1,<environment.Job instance at 0x7f5bb4a416e0>,46,2,[6 5],47,130,132,83,111
1,<environment.Job instance at 0x7f5bb4a414b0>,47,2,[9 5],48,132,134,84,111
1,<environment.Job instance at 0x7f5bb4a41b40>,48,18,[6 4],49,134,152,85,123
1,<environment.Job instance at 0x7f5bb4a41aa0>,52,15,[9 5],53,152,167,99,141
1,<environment.Job instance at 0x7f5bb4a41690>,57,18,[5 3],58,167,185,109,157
1,<environment.Job instance at 0x7f5bb43810a0>,60,12,[2 6],61,167,179,106,163
1,<environment.Job instance at 0x7f5bbb2bca50>,1,17,[8 4],2,5,22,3,5
1,<environment.Job instance at 0x7f5bb4c47230>,4,14,[ 4 10],5,22,36,17,9
1,<environment.Job instance at 0x7f5bb3f8cfa0>,15,15,[2 8],16,36,51,20,25
1,<environment.Job instance at 0x7f5bb4250960>,18,13,[7 4],19,51,64,32,37
1,<environment.Job instance at 0x7f5bb45adf50>,20,17,[1 7],21,64,81,43,52
1,<environment.Job instance at 0x7f5bb4c79aa0>,21,13,[8 2],22,64,77,42,52
1,<environment.Job instance at 0x7f5bb3f8c4b0>,13,16,[1 9],14,81,97,67,69
1,<environment.Job instance at 0x7f5bb4c790a0>,26,12,[7 4],27,97,109,70,86
1,<environment.Job instance at 0x7f5bb4c797d0>,29,13,[ 1 10],30,109,122,79,93
1,<environment.Job instance at 0x7f5bb4c79f50>,6,3,[4 7],7,11,14,4,11
1,<environment.Job instance at 0x7f5bb4079eb0>,8,15,[3 5],9,14,29,5,12
1,<environment.Job instance at 0x7f5bb4094960>,11,1,[6 4],12,14,15,2,12
1,<environment.Job instance at 0x7f5bb408fd70>,12,15,[8 3],13,29,44,16,16
1,<environment.Job instance at 0x7f5bb408fe10>,15,14,[6 3],16,44,58,28,29
1,<environment.Job instance at 0x7f5bb4079f00>,5,13,[9 1],6,58,71,52,43
1,<environment.Job instance at 0x7f5bb469e050>,22,14,[5 3],23,71,85,48,56
1,<environment.Job instance at 0x7f5bb408feb0>,20,18,[5 6],21,71,89,50,68
1,<environment.Job instance at 0x7f5bb46a04b0>,28,3,[10  2],29,89,92,60,71
1,<environment.Job instance at 0x7f5bb4687870>,31,12,[7 1],32,92,104,60,76
1,<environment.Job instance at 0x7f5bb4687640>,33,3,[8 1],34,104,107,70,82
1,<environment.Job instance at 0x7f5bb4687be0>,34,14,[5 2],35,107,121,72,92
1,<environment.Job instance at 0x7f5b7037e1e0>,38,12,[5 3],39,114,126,75,114
1,<environment.Job instance at 0x7f5b709a87d0>,42,17,[3 6],43,124,141,81,124
1,<environment.Job instance at 0x7f5b70a6a2d0>,43,14,[5 4],44,126,140,82,126
1,<environment.Job instance at 0x7f5b70a1f1e0>,54,3,[ 3 10],55,158,161,103,158
1,<environment.Job instance at 0x7f5b707d2230>,53,16,[1 9],54,161,177,107,158
1,<environment.Job instance at 0x7f5b70a1fb90>,2,2,[3 8],3,3,5,0,3
1,<environment.Job instance at 0x7f5b705c0b40>,7,14,[9 1],8,8,22,0,8
1,<environment.Job instance at 0x7f5b705c04b0>,12,12,[7 2],13,22,34,9,20
1,<environment.Job instance at 0x7f5bb4bed0a0>,13,3,[ 3 10],14,34,37,20,20
1,<environment.Job instance at 0x7f5bb42090f0>,16,3,[5 6],17,37,40,20,28
1,<environment.Job instance at 0x7f5bb487c370>,17,13,[7 4],18,40,53,22,28
1,<environment.Job instance at 0x7f5bb3f71d20>,18,1,[7 4],19,53,54,34,30
1,<environment.Job instance at 0x7f5bb4a85460>,22,1,[9 3],23,54,55,31,48
1,<environment.Job instance at 0x7f5bb4807af0>,25,3,[4 6],26,55,58,29,48
1,<environment.Job instance at 0x7f5b707d2230>,4,17,[4 8],5,58,75,53,48
1,<environment.Job instance at 0x7f5bb439c140>,30,3,[2 6],31,75,78,44,62
1,<environment.Job instance at 0x7f5bb439c280>,28,12,[6 1],29,62,74,33,62
1,<environment.Job instance at 0x7f5bb439ce60>,32,12,[3 6],33,78,90,45,62
1,<environment.Job instance at 0x7f5bb439c7d0>,31,17,[ 3 10],32,90,107,58,78
1,<environment.Job instance at 0x7f5bb439cb40>,34,17,[4 5],35,107,124,72,105
1,<environment.Job instance at 0x7f5bb4c527d0>,44,18,[7 5],45,131,149,86,131
1,<environment.Job instance at 0x7f5bb476dfa0>,48,12,[8 2],49,149,161,100,140
1,<environment.Job instance at 0x7f5b7090daa0>,57,17,[8 2],58,161,178,103,156
1,<environment.Job instance at 0x7f5b70289500>,58,1,[7 1],59,178,179,119,156
1,<environment.Job instance at 0x7f5b7090d640>,59,2,[1 8],60,158,160,98,158
1,<environment.Job instance at 0x7f5b7090de60>,60,1,[2 9],61,178,179,117,160
1,<environment.Job instance at 0x7f5b7057dbe0>,61,15,[6 1],62,179,194,117,165
1,<environment.Job instance at 0x7f5b70130aa0>,3,1,[3 5],4,4,5,0,4
1,<environment.Job instance at 0x7f5b701301e0>,4,3,[10  1],5,5,8,0,5
1,<environment.Job instance at 0x7f5b701300f0>,5,1,[10  4],6,8,9,2,6
1,<environment.Job instance at 0x7f5bb4a8ba00>,0,14,[2 7],1,9,23,8,9
1,<environment.Job instance at 0x7f5b70130820>,6,1,[1 6],7,23,24,16,10
1,<environment.Job instance at 0x7f5b701308c0>,12,17,[4 7],13,24,41,11,17
1,<environment.Job instance at 0x7f5b700cf370>,15,3,[3 8],16,41,44,25,17
1,<environment.Job instance at 0x7f5b700cfd70>,13,18,[2 9],14,44,62,30,33
1,<environment.Job instance at 0x7f5b700cf910>,22,14,[5 6],23,62,76,39,50
1,<environment.Job instance at 0x7f5b700cfdc0>,27,17,[7 2],28,76,93,48,70
1,<environment.Job instance at 0x7f5b700c9fa0>,37,3,[7 1],38,117,120,79,117
1,<environment.Job instance at 0x7f5b700c9640>,38,19,[2 5],39,117,136,78,117
1,<environment.Job instance at 0x7f5b7018e910>,46,18,[10  3],47,162,180,115,162
1,<environment.Job instance at 0x7f5b7018e6e0>,49,3,[7 2],50,180,183,130,164
1,<environment.Job instance at 0x7f5b70a7bf50>,1,17,[4 6],2,4,21,2,4
1,<environment.Job instance at 0x7f5b705d4d70>,3,2,[ 4 10],4,21,23,17,6
1,<environment.Job instance at 0x7f5b7044ba00>,6,3,[3 8],7,23,26,16,8
1,<environment.Job instance at 0x7f5b7044bbe0>,4,14,[10  2],5,26,40,21,11
1,<environment.Job instance at 0x7f5b7047c280>,11,1,[2 7],12,40,41,28,12
1,<environment.Job instance at 0x7f5b7047c640>,17,18,[3 5],18,41,59,23,30
1,<environment.Job instance at 0x7f5b7045c140>,23,17,[6 4],24,41,58,17,32
1,<environment.Job instance at 0x7f5bb4059500>,32,3,[9 1],33,59,62,26,45
1,<environment.Job instance at 0x7f5b7047cf50>,15,18,[4 6],16,62,80,46,56
1,<environment.Job instance at 0x7f5b70aa8690>,36,3,[4 7],37,80,83,43,65
1,<environment.Job instance at 0x7f5b70a89730>,39,18,[3 7],40,83,101,43,72
1,<environment.Job instance at 0x7f5b708dd5f0>,45,18,[6 3],46,89,107,43,89
1,<environment.Job instance at 0x7f5b70a95eb0>,48,18,[5 8],49,107,125,58,102
1,<environment.Job instance at 0x7f5b7045ce10>,21,18,[1 8],22,125,143,103,115
1,<environment.Job instance at 0x7f5b70a9af00>,56,13,[9 3],57,143,156,86,127
1,<environment.Job instance at 0x7f5b70a9ad20>,58,15,[4 6],59,156,171,97,142
1,<environment.Job instance at 0x7f5bb4c21f50>,66,18,[6 4],67,160,178,93,160
1,<environment.Job instance at 0x7f5bbb575b90>,1,2,[1 6],2,2,4,0,2
1,<environment.Job instance at 0x7f5bb4c21550>,3,16,[1 8],4,18,34,14,18
1,<environment.Job instance at 0x7f5bb4696f50>,12,2,[3 7],13,34,36,21,18
1,<environment.Job instance at 0x7f5b70454e60>,13,1,[6 3],14,34,35,20,18
1,<environment.Job instance at 0x7f5b70454730>,14,13,[5 6],15,36,49,21,20
1,<environment.Job instance at 0x7f5b702d7410>,20,14,[1 8],21,49,63,28,35
1,<environment.Job instance at 0x7f5b702d7500>,21,14,[9 1],22,49,63,27,37
1,<environment.Job instance at 0x7f5b70132a00>,26,18,[2 5],27,63,81,36,55
1,<environment.Job instance at 0x7f5b706dfc30>,29,2,[5 9],30,81,83,51,57
1,<environment.Job instance at 0x7f5b706dfa00>,30,2,[5 1],31,63,65,32,57
1,<environment.Job instance at 0x7f5b706dfc80>,31,1,[10  5],32,83,84,51,57
1,<environment.Job instance at 0x7f5b706dfa50>,32,3,[1 6],33,84,87,51,58
1,<environment.Job instance at 0x7f5bb424d320>,23,15,[4 9],24,87,102,63,73
1,<environment.Job instance at 0x7f5bb4df6910>,41,18,[1 6],42,102,120,60,94
1,<environment.Job instance at 0x7f5bb4df66e0>,42,17,[5 2],43,102,119,59,98
1,<environment.Job instance at 0x7f5bb4df6730>,44,2,[9 2],45,119,121,74,101
1,<environment.Job instance at 0x7f5bb4df6f00>,38,13,[4 6],39,121,134,82,105
1,<environment.Job instance at 0x7f5bb4543b40>,49,18,[5 6],50,134,152,84,127
1,<environment.Job instance at 0x7f5bb4543370>,51,15,[2 9],52,152,167,100,139
1,<environment.Job instance at 0x7f5b7070a0f0>,56,16,[4 6],57,167,183,110,154
1,<environment.Job instance at 0x7f5bb441ed20>,1,2,[9 5],2,2,4,0,2
1,<environment.Job instance at 0x7f5bb441e460>,4,2,[9 4],5,5,7,0,5
1,<environment.Job instance at 0x7f5bbb30e0f0>,5,2,[2 8],6,7,9,1,6
1,<environment.Job instance at 0x7f5b70678910>,2,15,[4 5],3,9,24,6,8
1,<environment.Job instance at 0x7f5bbb30e960>,7,14,[5 1],8,17,31,9,17
1,<environment.Job instance at 0x7f5b70147190>,10,2,[2 5],11,26,28,15,26
1,<environment.Job instance at 0x7f5b70147050>,12,16,[ 5 10],13,32,48,19,32
1,<environment.Job instance at 0x7f5b70147e10>,20,14,[10  2],21,48,62,27,35
1,<environment.Job instance at 0x7f5bb4226640>,27,13,[2 9],28,62,75,34,50
1,<environment.Job instance at 0x7f5b70147870>,25,17,[5 3],26,75,92,49,65
1,<environment.Job instance at 0x7f5b707b2f50>,31,16,[3 6],32,75,91,43,65
1,<environment.Job instance at 0x7f5b707b24b0>,36,16,[6 2],37,92,108,55,79
1,<environment.Job instance at 0x7f5b707b2f00>,38,14,[3 7],39,91,105,52,79
1,<environment.Job instance at 0x7f5b7094ccd0>,41,15,[5 5],42,108,123,66,94
1,<environment.Job instance at 0x7f5b704eb050>,42,16,[3 5],43,105,121,62,94
1,<environment.Job instance at 0x7f5b704eb5a0>,47,13,[9 3],48,123,136,75,107
1,<environment.Job instance at 0x7f5b704eb2d0>,50,15,[2 7],51,136,151,85,124
1,<environment.Job instance at 0x7f5b704eb8c0>,54,13,[5 6],55,151,164,96,136
1,<environment.Job instance at 0x7f5bb4cebf50>,1,1,[10  3],2,2,3,0,2
1,<environment.Job instance at 0x7f5b704eb320>,2,2,[3 8],3,4,6,1,4
1,<environment.Job instance at 0x7f5bb47bdeb0>,9,16,[3 8],10,17,33,7,17
1,<environment.Job instance at 0x7f5b701e9050>,13,15,[6 1],14,21,36,7,21
1,<environment.Job instance at 0x7f5b70971320>,15,14,[4 7],16,33,47,17,22
1,<environment.Job instance at 0x7f5bb4425820>,6,16,[ 2 10],7,47,63,40,37
1,<environment.Job instance at 0x7f5bb470f910>,11,18,[4 9],12,63,81,51,53
1,<environment.Job instance at 0x7f5bb44257d0>,4,16,[10  5],5,81,97,76,72
1,<environment.Job instance at 0x7f5b70174320>,27,14,[10  5],28,97,111,69,83
1,<environment.Job instance at 0x7f5b701847d0>,32,16,[5 8],33,111,127,78,100
1,<environment.Job instance at 0x7f5b70184780>,37,12,[4 6],38,127,139,89,115
1,<environment.Job instance at 0x7f5b70186280>,43,15,[5 5],44,139,154,95,136
1,<environment.Job instance at 0x7f5bb44771e0>,46,18,[5 5],47,139,157,92,138
1,<environment.Job instance at 0x7f5b70186230>,47,18,[9 5],48,157,175,109,146
1,<environment.Job instance at 0x7ff206735140>,0,18,[ 2 10],1,8,26,7,8
1,<environment.Job instance at 0x7ff2067bed70>,3,18,[ 3 10],4,26,44,22,18
1,<environment.Job instance at 0x7ff201325960>,12,3,[6 3],13,44,47,31,18
1,<environment.Job instance at 0x7ff201325730>,13,13,[1 8],14,47,60,33,32
1,<environment.Job instance at 0x7ff201325e60>,18,16,[8 5],19,60,76,41,47
1,<environment.Job instance at 0x7ff201325fa0>,21,3,[ 2 10],22,76,79,54,61
1,<environment.Job instance at 0x7ff2013290a0>,23,18,[5 2],24,79,97,55,68
1,<environment.Job instance at 0x7ff201329460>,29,13,[1 6],30,79,92,49,70
1,<environment.Job instance at 0x7ff2013298c0>,32,17,[9 3],33,97,114,64,89
1,<environment.Job instance at 0x7ff2013296e0>,35,16,[8 1],36,114,130,78,101
1,<environment.Job instance at 0x7ff201329be0>,39,18,[5 8],40,130,148,90,124
1,<environment.Job instance at 0x7ff201325550>,8,17,[ 2 10],9,148,165,139,137
1,<environment.Job instance at 0x7ff20132c460>,48,13,[6 1],49,165,178,116,157
1,<environment.Job instance at 0x7ff201329f00>,1,1,[5 1],2,2,3,0,2
1,<environment.Job instance at 0x7ff201343780>,0,12,[2 5],1,3,15,2,3
1,<environment.Job instance at 0x7ff1bb720e10>,8,14,[8 5],9,9,23,0,9
1,<environment.Job instance at 0x7ff1bb720fa0>,9,17,[9 2],10,23,40,13,13
1,<environment.Job instance at 0x7ff1bb724f00>,18,2,[ 3 10],19,40,42,21,19
1,<environment.Job instance at 0x7ff1bb7182d0>,17,3,[4 9],18,42,45,24,24
1,<environment.Job instance at 0x7ff1bb724410>,22,14,[9 2],23,45,59,22,40
1,<environment.Job instance at 0x7ff1bb719550>,26,13,[5 1],27,59,72,32,43
1,<environment.Job instance at 0x7ff1bb7183c0>,14,17,[10  5],15,72,89,57,61
1,<environment.Job instance at 0x7ff1bb78f910>,32,17,[10  4],33,89,106,56,77
1,<environment.Job instance at 0x7ff1bb732e60>,35,17,[8 1],36,106,123,70,97
1,<environment.Job instance at 0x7ff201343690>,5,17,[10  5],6,123,140,117,111
1,<environment.Job instance at 0x7ff1bb865370>,46,15,[ 5 10],47,140,155,93,127
1,<environment.Job instance at 0x7ff1bb80ea50>,50,15,[7 4],51,155,170,104,143
1,<environment.Job instance at 0x7ff1bb7a0d20>,30,17,[2 9],31,170,187,139,158
1,<environment.Job instance at 0x7ff1bb80e230>,55,12,[2 6],56,187,199,131,171
1,<environment.Job instance at 0x7ff20689c910>,0,1,[5 1],1,1,2,0,1
1,<environment.Job instance at 0x7ff20689ceb0>,3,12,[8 5],4,4,16,0,4
1,<environment.Job instance at 0x7ff2010db410>,6,3,[2 7],7,16,19,9,7
1,<environment.Job instance at 0x7ff2068a99b0>,5,12,[2 5],6,22,34,16,22
1,<environment.Job instance at 0x7ff1bb5e6410>,20,18,[4 8],21,47,65,26,47
1,<environment.Job instance at 0x7ff1bb56e1e0>,16,15,[4 9],17,65,80,48,51
1,<environment.Job instance at 0x7ff2010db8c0>,7,13,[ 1 10],8,80,93,72,66
1,<environment.Job instance at 0x7ff20109d190>,27,13,[4 9],28,93,106,65,77
1,<environment.Job instance at 0x7ff2011bfb40>,37,20,[5 2],38,106,126,68,97
1,<environment.Job instance at 0x7ff1bb5ebfa0>,39,17,[2 6],40,106,123,66,101
1,<environment.Job instance at 0x7ff1bb5ebaa0>,42,17,[4 6],43,123,140,80,112
1,<environment.Job instance at 0x7ff1bb5eb7d0>,46,13,[8 3],47,140,153,93,124
1,<environment.Job instance at 0x7ff2010fdb90>,51,18,[5 7],52,153,171,101,142
1,<environment.Job instance at 0x7ff20185a3c0>,53,16,[3 5],54,171,187,117,158
1,<environment.Job instance at 0x7ff1bb65e1e0>,58,13,[8 2],59,187,200,128,171
1,<environment.Job instance at 0x7ff1bb65ee60>,59,3,[9 3],60,200,203,140,174
1,<environment.Job instance at 0x7ff2068a1320>,1,12,[5 9],2,7,19,5,7
1,<environment.Job instance at 0x7ff1bbc00b90>,8,2,[5 5],9,19,21,10,9
1,<environment.Job instance at 0x7ff1bbc007d0>,10,3,[1 6],11,21,24,10,11
1,<environment.Job instance at 0x7ff1bbbfcc30>,6,14,[10  4],7,24,38,17,16
1,<environment.Job instance at 0x7ff1bb5e85f0>,13,12,[ 2 10],14,38,50,24,23
1,<environment.Job instance at 0x7ff201891e10>,24,14,[7 5],25,50,64,25,37
1,<environment.Job instance at 0x7ff201891eb0>,29,14,[9 5],30,64,78,34,53
1,<environment.Job instance at 0x7ff201891690>,35,17,[ 5 10],36,92,109,56,92
1,<environment.Job instance at 0x7ff201891730>,38,16,[9 2],39,109,125,70,108
1,<environment.Job instance at 0x7ff201778a00>,41,13,[1 9],42,125,138,83,111
1,<environment.Job instance at 0x7ff201778780>,46,14,[9 2],47,138,152,91,124
1,<environment.Job instance at 0x7ff201384c80>,4,16,[4 5],5,7,23,2,7
1,<environment.Job instance at 0x7ff1bba1d320>,14,12,[9 1],15,23,35,8,17
1,<environment.Job instance at 0x7ff20177a320>,17,3,[8 1],18,35,38,17,18
1,<environment.Job instance at 0x7ff20177a550>,16,13,[4 7],17,38,51,21,22
1,<environment.Job instance at 0x7ff20119e0a0>,26,18,[6 3],27,50,68,23,50
1,<environment.Job instance at 0x7ff1bb932be0>,30,15,[10  4],31,68,83,37,58
1,<environment.Job instance at 0x7ff1bb9427d0>,34,14,[3 8],35,83,97,48,79
1,<environment.Job instance at 0x7ff201195c80>,35,12,[10  1],36,97,109,61,85
1,<environment.Job instance at 0x7ff2012c7b90>,37,14,[ 4 10],38,109,123,71,96
1,<environment.Job instance at 0x7ff20177f320>,42,16,[3 8],43,123,139,80,117
1,<environment.Job instance at 0x7ff1bb9a3870>,48,17,[9 5],49,139,156,90,132
1,<environment.Job instance at 0x7ff20113b460>,46,18,[10  2],47,156,174,109,145
1,<environment.Job instance at 0x7ff2011c72d0>,51,16,[5 7],52,174,190,122,161
1,<environment.Job instance at 0x7ff1bb939c80>,2,2,[3 6],3,3,5,0,3
1,<environment.Job instance at 0x7ff1bb907780>,4,3,[4 5],5,5,8,0,5
1,<environment.Job instance at 0x7ff1bb907be0>,9,3,[8 2],10,10,13,0,10
1,<environment.Job instance at 0x7ff1bb907a00>,5,18,[9 2],6,13,31,7,11
1,<environment.Job instance at 0x7ff1bb9074b0>,12,3,[5 9],13,31,34,18,20
1,<environment.Job instance at 0x7ff201a3a320>,14,3,[2 7],15,34,37,19,20
1,<environment.Job instance at 0x7ff201a3ad20>,16,12,[3 9],17,37,49,20,27
1,<environment.Job instance at 0x7ff201188e60>,27,16,[1 7],28,49,65,21,43
1,<environment.Job instance at 0x7ff2010a3b90>,20,15,[2 8],21,65,80,44,52
1,<environment.Job instance at 0x7ff1bbb79a50>,34,13,[8 2],35,66,79,31,66
1,<environment.Job instance at 0x7ff1bbb716e0>,38,13,[2 5],39,80,93,41,66
1,<environment.Job instance at 0x7ff201188870>,29,18,[2 7],30,93,111,63,88
1,<environment.Job instance at 0x7ff1bbb59780>,44,17,[8 1],45,96,113,51,96
1,<environment.Job instance at 0x7ff1bbb59820>,50,3,[5 3],51,113,116,62,106
1,<environment.Job instance at 0x7ff1bbb59aa0>,51,18,[3 8],52,116,134,64,106
1,<environment.Job instance at 0x7ff1bbb595f0>,54,15,[4 8],55,134,149,79,120
1,<environment.Job instance at 0x7ff20125cbe0>,57,15,[7 4],58,149,164,91,135
1,<environment.Job instance at 0x7ff1bb7cbd20>,62,3,[1 8],63,164,167,101,152
1,<environment.Job instance at 0x7ff1bb7cbcd0>,63,12,[3 8],64,167,179,103,152
1,<environment.Job instance at 0x7ff1bb7cbbe0>,64,3,[1 5],65,154,157,89,154
1,<environment.Job instance at 0x7ff20110ca50>,67,13,[9 1],68,179,192,111,166
1,<environment.Job instance at 0x7ff20110c910>,69,2,[5 1],70,166,168,96,166
1,<environment.Job instance at 0x7ff1bb7ce730>,71,3,[9 1],72,192,195,120,168
1,<environment.Job instance at 0x7ff201299190>,1,1,[4 5],2,3,4,1,3
1,<environment.Job instance at 0x7ff1bb7ce190>,4,16,[7 4],5,7,23,2,7
1,<environment.Job instance at 0x7ff20124c5a0>,8,17,[9 5],9,23,40,14,14
1,<environment.Job instance at 0x7ff201d2a870>,20,15,[5 5],21,40,55,19,26
1,<environment.Job instance at 0x7ff2016e0410>,24,15,[10  2],25,55,70,30,44
1,<environment.Job instance at 0x7ff2012802d0>,19,15,[3 9],20,70,85,50,57
1,<environment.Job instance at 0x7ff201a138c0>,22,12,[ 1 10],23,85,97,62,80
1,<environment.Job instance at 0x7ff1bba65780>,37,12,[5 9],38,97,109,59,80
1,<environment.Job instance at 0x7ff2018f98c0>,29,3,[9 3],30,109,112,79,86
1,<environment.Job instance at 0x7ff201edd3c0>,44,13,[2 7],45,112,125,67,96
1,<environment.Job instance at 0x7ff1bbb79960>,48,14,[6 4],49,125,139,76,120
1,<environment.Job instance at 0x7ff20124c410>,11,18,[4 7],12,139,157,127,134
1,<environment.Job instance at 0x7ff206637d70>,56,12,[8 4],57,157,169,100,143
1,<environment.Job instance at 0x7ff1bbb79780>,55,16,[7 3],56,169,185,113,156
1,<environment.Job instance at 0x7ff1bb8c3fa0>,63,16,[2 6],64,170,186,106,170
1,<environment.Job instance at 0x7ff1bb8c3af0>,64,2,[6 1],65,185,187,120,170
1,<environment.Job instance at 0x7ff2011fb0f0>,65,17,[5 3],66,187,204,121,175
1,<environment.Job instance at 0x7ff2011fb3c0>,66,12,[2 7],67,186,198,119,175
1,<environment.Job instance at 0x7ff2011fba00>,1,3,[7 4],2,6,9,4,6
1,<environment.Job instance at 0x7ff2011ce910>,5,13,[9 1],6,9,22,3,7
1,<environment.Job instance at 0x7ff1bbb266e0>,3,12,[5 4],4,22,34,18,9
1,<environment.Job instance at 0x7ff2011e94b0>,15,2,[8 1],16,34,36,18,16
1,<environment.Job instance at 0x7ff2011e95f0>,16,13,[8 1],17,36,49,19,20
1,<environment.Job instance at 0x7ff2011e99b0>,20,3,[ 4 10],21,49,52,28,27
1,<environment.Job instance at 0x7ff2011e9960>,21,2,[2 9],22,34,36,12,27
1,<environment.Job instance at 0x7ff2011e9aa0>,24,17,[2 7],25,52,69,27,48
1,<environment.Job instance at 0x7ff2011fb1e0>,2,18,[3 7],3,69,87,66,59
1,<environment.Job instance at 0x7ff2011e4280>,31,12,[2 6],32,87,99,55,74
1,<environment.Job instance at 0x7ff2011e4320>,32,17,[6 4],33,87,104,54,77
1,<environment.Job instance at 0x7ff2011e4780>,39,12,[3 9],40,104,116,64,100
1,<environment.Job instance at 0x7ff2011e4820>,40,15,[1 8],41,116,131,75,103
1,<environment.Job instance at 0x7ff2011e48c0>,41,16,[5 5],42,131,147,89,119
1,<environment.Job instance at 0x7ff2011e4960>,42,18,[2 5],43,131,149,88,122
1,<environment.Job instance at 0x7ff2011eb1e0>,51,15,[5 2],52,147,162,95,137
1,<environment.Job instance at 0x7ff2011eb460>,55,16,[10  3],56,162,178,106,155
1,<environment.Job instance at 0x7ff2011ebaa0>,63,18,[4 5],64,178,196,114,168
1,<environment.Job instance at 0x7ff2019b4d20>,2,16,[6 1],3,7,23,4,7
1,<environment.Job instance at 0x7ff1bbc00f50>,9,3,[5 4],10,23,26,13,16
1,<environment.Job instance at 0x7ff1bbc00b90>,11,12,[3 5],12,16,28,4,16
1,<environment.Job instance at 0x7ff2011eba00>,3,14,[ 4 10],4,28,42,24,18
1,<environment.Job instance at 0x7ff1bba182d0>,18,14,[5 4],19,42,56,23,27
1,<environment.Job instance at 0x7ff201ae4b90>,27,13,[9 4],28,56,69,28,46
1,<environment.Job instance at 0x7ff2017516e0>,29,3,[4 5],30,47,50,17,47
1,<environment.Job instance at 0x7ff1bb9e0140>,16,16,[4 9],17,69,85,52,60
1,<environment.Job instance at 0x7ff1bb97aa50>,32,18,[6 5],33,85,103,52,84
1,<environment.Job instance at 0x7ff201b1cb40>,41,12,[5 6],42,103,115,61,92
1,<environment.Job instance at 0x7ff201b1cc80>,45,14,[3 8],46,115,129,69,106
1,<environment.Job instance at 0x7ff20116c690>,34,14,[ 5 10],35,129,143,94,119
1,<environment.Job instance at 0x7ff20138ff50>,50,15,[4 7],51,143,158,92,130
1,<environment.Job instance at 0x7ff201aa8c80>,53,15,[8 4],54,158,173,104,149
1,<environment.Job instance at 0x7ff201aa8e60>,56,12,[3 5],57,173,185,116,156
1,<environment.Job instance at 0x7ff201aa82d0>,63,3,[10  2],64,185,188,121,172
1,<environment.Job instance at 0x7ff201aa8640>,65,14,[4 8],66,188,202,122,176
1,<environment.Job instance at 0x7ff2012744b0>,0,15,[3 7],1,11,26,10,11
1,<environment.Job instance at 0x7ff1bb7bedc0>,7,13,[7 1],8,14,27,6,14
1,<environment.Job instance at 0x7ff201e39370>,14,2,[10  2],15,27,29,12,15
1,<environment.Job instance at 0x7ff201e39690>,10,12,[3 8],11,29,41,18,15
1,<environment.Job instance at 0x7ff1bb97b2d0>,16,14,[6 2],17,29,43,12,17
1,<environment.Job instance at 0x7ff201d2ac30>,19,14,[7 3],20,43,57,23,29
1,<environment.Job instance at 0x7ff201b04190>,26,12,[5 3],27,57,69,30,45
1,<environment.Job instance at 0x7ff201acc2d0>,27,15,[6 1],28,69,84,41,55
1,<environment.Job instance at 0x7ff1bbbe0d70>,24,18,[4 8],25,69,87,44,69
1,<environment.Job instance at 0x7ff20153a780>,35,3,[8 5],36,87,90,51,69
1,<environment.Job instance at 0x7ff20153a5a0>,41,16,[5 2],42,90,106,48,86
1,<environment.Job instance at 0x7ff20153a320>,44,12,[7 5],45,106,118,61,91
1,<environment.Job instance at 0x7ff201accb40>,28,15,[10  2],29,118,133,89,109
1,<environment.Job instance at 0x7ff201a68a50>,52,12,[8 2],53,133,145,80,119
1,<environment.Job instance at 0x7ff201a68f50>,50,15,[10  5],51,145,160,94,135
1,<environment.Job instance at 0x7ff1bb7e9730>,60,1,[1 9],61,160,161,99,148
1,<environment.Job instance at 0x7ff1bb73b730>,61,16,[8 4],62,161,177,99,148
1,<environment.Job instance at 0x7ff1bb9e4960>,65,15,[9 1],66,177,192,111,163
1,<environment.Job instance at 0x7ff2014b0690>,70,15,[1 8],71,177,192,106,173
1,<environment.Job instance at 0x7ff201b23500>,73,13,[10  3],74,192,205,118,178
1,<environment.Job instance at 0x7ff201540370>,3,1,[8 3],4,4,5,0,4
1,<environment.Job instance at 0x7ff1bb7c2370>,6,14,[2 6],7,8,22,1,8
1,<environment.Job instance at 0x7ff201b23500>,5,15,[8 4],6,10,25,4,10
1,<environment.Job instance at 0x7ff1bb7c2780>,10,16,[1 6],11,22,38,11,12
1,<environment.Job instance at 0x7ff1bb7c25f0>,9,17,[5 4],10,25,42,15,13
1,<environment.Job instance at 0x7ff1bb7c2dc0>,15,16,[3 8],16,42,58,26,29
1,<environment.Job instance at 0x7ff1bb7c2e60>,16,14,[6 2],17,42,56,25,30
1,<environment.Job instance at 0x7ff1bb7c2be0>,20,14,[1 7],21,58,72,37,43
1,<environment.Job instance at 0x7ff1bb7b13c0>,24,14,[5 6],25,72,86,47,61
1,<environment.Job instance at 0x7ff1bb7b1a50>,30,15,[3 7],31,86,101,55,76
1,<environment.Job instance at 0x7ff1bb7b1d20>,34,14,[5 3],35,93,107,58,93
1,<environment.Job instance at 0x7ff1bb7b1dc0>,35,2,[5 2],36,101,103,65,93
1,<environment.Job instance at 0x7ff1bb7c2a00>,12,15,[10  3],13,107,122,94,99
1,<environment.Job instance at 0x7ff1bb7b1aa0>,39,1,[5 1],40,122,123,82,108
1,<environment.Job instance at 0x7ff1bb7b1410>,27,17,[ 5 10],28,123,140,95,111
1,<environment.Job instance at 0x7ff1bb7c94b0>,44,13,[4 7],45,140,153,95,124
1,<environment.Job instance at 0x7ff1bb7c97d0>,49,14,[1 8],50,153,167,103,142
1,<environment.Job instance at 0x7ff1bb7c99b0>,53,13,[10  4],54,167,180,113,151
1,<environment.Job instance at 0x7ff1bb7c9eb0>,60,13,[4 9],61,180,193,119,172
1,<environment.Job instance at 0x7ff2019f1b40>,11,2,[3 5],12,12,14,0,12
1,<environment.Job instance at 0x7ff1bb7dc320>,1,16,[1 7],2,14,30,12,12
1,<environment.Job instance at 0x7ff2019f1370>,13,16,[5 9],14,30,46,16,24
1,<environment.Job instance at 0x7ff2019f11e0>,14,16,[3 5],15,46,62,31,34
1,<environment.Job instance at 0x7ff20110bf00>,21,12,[7 5],22,46,58,24,38
1,<environment.Job instance at 0x7ff20133ffa0>,25,15,[8 3],26,62,77,36,51
1,<environment.Job instance at 0x7ff1bb7be370>,30,14,[5 3],31,77,91,46,67
1,<environment.Job instance at 0x7ff1bbbf1960>,8,18,[5 9],9,91,109,82,81
1,<environment.Job instance at 0x7ff2015406e0>,38,13,[7 2],39,109,122,70,97
1,<environment.Job instance at 0x7ff201540640>,41,12,[4 6],42,122,134,80,108
1,<environment.Job instance at 0x7ff201540550>,35,18,[6 4],36,122,140,86,116
1,<environment.Job instance at 0x7ff2010d7c80>,44,17,[9 5],45,140,157,95,135
1,<environment.Job instance at 0x7ff2010d7280>,53,12,[ 4 10],54,157,169,103,143
1,<environment.Job instance at 0x7ff2010d7140>,56,14,[2 9],57,169,183,112,157
1,<environment.Job instance at 0x7ff201d0f8c0>,61,17,[8 4],62,183,200,121,171
1,<environment.Job instance at 0x7ff2064bc7d0>,1,2,[4 5],2,2,4,0,2
1,<environment.Job instance at 0x7ff2011a9e10>,5,1,[4 8],6,6,7,0,6
1,<environment.Job instance at 0x7ff201e4fa00>,2,16,[9 2],3,7,23,4,7
1,<environment.Job instance at 0x7ff2011a9730>,10,3,[8 2],11,23,26,12,18
1,<environment.Job instance at 0x7ff2011b52d0>,15,13,[7 2],16,27,40,11,27
1,<environment.Job instance at 0x7ff2011b5690>,20,12,[10  5],21,40,52,19,27
1,<environment.Job instance at 0x7ff2011b50a0>,22,2,[6 5],23,52,54,29,34
1,<environment.Job instance at 0x7ff2011b5410>,11,15,[9 3],12,54,69,42,44
1,<environment.Job instance at 0x7ff1bbb0bdc0>,30,14,[1 9],31,69,83,38,56
1,<environment.Job instance at 0x7ff201acdc80>,33,3,[4 8],34,83,86,49,57
1,<environment.Job instance at 0x7ff2011b5500>,18,16,[1 7],19,86,102,67,77
1,<environment.Job instance at 0x7ff2013290f0>,43,16,[8 1],44,86,102,42,77
1,<environment.Job instance at 0x7ff201329320>,47,3,[ 2 10],48,102,105,54,86
1,<environment.Job instance at 0x7ff2013296e0>,48,3,[10  5],49,105,108,56,86
1,<environment.Job instance at 0x7ff2011b53c0>,12,17,[4 9],13,108,125,95,99
1,<environment.Job instance at 0x7ff1bbb26730>,55,13,[9 1],56,125,138,69,113
1,<environment.Job instance at 0x7ff1bb53b690>,58,15,[3 5],59,138,153,79,125
1,<environment.Job instance at 0x7ff1bb53ba00>,62,15,[8 3],63,153,168,90,140
1,<environment.Job instance at 0x7ff2015a6460>,66,13,[2 7],67,156,169,89,156
1,<environment.Job instance at 0x7ff2015a6dc0>,68,14,[2 8],69,169,183,100,156
1,<environment.Job instance at 0x7ff2015a6cd0>,65,14,[6 3],66,183,197,117,168
1,<environment.Job instance at 0x7ff1bba9be10>,1,14,[8 5],2,2,16,0,2
1,<environment.Job instance at 0x7ff201bc2b40>,2,18,[5 8],3,16,34,13,6
1,<environment.Job instance at 0x7ff1bb779aa0>,6,3,[10  1],7,34,37,27,8
1,<environment.Job instance at 0x7ff201e6c870>,19,17,[8 2],20,37,54,17,37
1,<environment.Job instance at 0x7ff201e8d8c0>,24,2,[9 3],25,54,56,29,43
1,<environment.Job instance at 0x7ff201ae3690>,0,14,[7 5],1,56,70,55,44
1,<environment.Job instance at 0x7ff201d59cd0>,27,12,[5 6],28,70,82,42,53
1,<environment.Job instance at 0x7ff201e93e60>,30,13,[1 6],31,82,95,51,66
1,<environment.Job instance at 0x7ff2019bdd20>,35,16,[6 1],36,84,100,48,84
1,<environment.Job instance at 0x7ff201d70c80>,36,13,[5 7],37,100,113,63,85
1,<environment.Job instance at 0x7ff2017425a0>,37,3,[7 4],38,113,116,75,87
1,<environment.Job instance at 0x7ff201d58460>,39,13,[5 2],40,100,113,60,88
1,<environment.Job instance at 0x7ff2019cc870>,42,2,[3 8],43,116,118,73,101
1,<environment.Job instance at 0x7ff1bbca7cd0>,43,16,[10  1],44,118,134,74,105
1,<environment.Job instance at 0x7ff1bbb324b0>,46,15,[3 5],47,134,149,87,124
1,<environment.Job instance at 0x7ff1bbb327d0>,48,14,[4 7],49,149,163,100,134
1,<environment.Job instance at 0x7ff1bb7905a0>,55,18,[4 5],56,169,187,113,169
1,<environment.Job instance at 0x7ff201594320>,10,14,[5 1],11,11,25,0,11
1,<environment.Job instance at 0x7ff2016b1690>,14,2,[8 5],15,25,27,10,15
1,<environment.Job instance at 0x7ff2016e6b40>,17,17,[5 5],18,53,70,35,53
1,<environment.Job instance at 0x7ff2015945f0>,12,17,[4 9],13,80,97,67,80
1,<environment.Job instance at 0x7ff2015132d0>,25,2,[5 4],26,97,99,71,80
1,<environment.Job instance at 0x7ff1bb5de5f0>,30,14,[2 7],31,99,113,68,88
1,<environment.Job instance at 0x7ff2019c10f0>,37,15,[3 5],38,113,128,75,107
1,<environment.Job instance at 0x7ff1bb53c230>,39,13,[3 8],40,128,141,88,112
1,<environment.Job instance at 0x7ff1bb71cdc0>,42,17,[4 7],43,141,158,98,131
1,<environment.Job instance at 0x7ff1bb71caf0>,44,15,[9 1],45,158,173,113,144
1,<environment.Job instance at 0x7ff1bb71c5f0>,47,12,[3 5],48,173,185,125,156
1,<environment.Job instance at 0x7ff201fdaa50>,1,3,[5 3],2,2,5,0,2
1,<environment.Job instance at 0x7ff1bbcea460>,3,1,[9 4],4,5,6,1,4
1,<environment.Job instance at 0x7ff1bbcea4b0>,7,16,[5 7],8,8,24,0,8
1,<environment.Job instance at 0x7ff1bb892eb0>,14,13,[7 4],15,24,37,9,16
1,<environment.Job instance at 0x7ff1bbcea0f0>,4,15,[ 5 10],5,37,52,32,27
1,<environment.Job instance at 0x7ff201125fa0>,24,14,[10  2],25,52,66,27,38
1,<environment.Job instance at 0x7ff1bbceabe0>,10,16,[9 3],11,66,82,55,53
1,<environment.Job instance at 0x7ff201125370>,33,14,[8 4],34,82,96,48,68
1,<environment.Job instance at 0x7ff1bba68b90>,39,12,[1 5],40,76,88,36,76
1,<environment.Job instance at 0x7ff1bb8920f0>,17,16,[5 9],18,96,112,78,84
1,<environment.Job instance at 0x7ff1bba68910>,46,2,[5 2],47,112,114,65,89
1,<environment.Job instance at 0x7ff201125550>,37,18,[3 5],38,112,130,74,101
1,<environment.Job instance at 0x7ff1bba68500>,52,3,[9 1],53,130,133,77,104
1,<environment.Job instance at 0x7ff1bba68a50>,41,18,[1 8],42,130,148,88,121
1,<environment.Job instance at 0x7ff1bba4b190>,57,3,[5 6],58,148,151,90,123
1,<environment.Job instance at 0x7ff1bba4beb0>,65,18,[6 3],66,151,169,85,140
1,<environment.Job instance at 0x7ff1bba4bc30>,54,16,[10  1],55,169,185,114,157
1,<environment.Job instance at 0x7ff1bb9aaeb0>,1,2,[8 5],2,2,4,0,2
1,<environment.Job instance at 0x7ff1bba5f050>,2,3,[3 5],3,5,8,2,5
1,<environment.Job instance at 0x7ff201750c30>,4,17,[7 5],5,5,22,0,5
1,<environment.Job instance at 0x7ff1bb8e5dc0>,12,16,[2 9],13,22,38,9,15
1,<environment.Job instance at 0x7ff1bb8b7140>,5,13,[7 1],6,22,35,16,20
1,<environment.Job instance at 0x7ff1bb8e5aa0>,15,15,[4 8],16,38,53,22,25
1,<environment.Job instance at 0x7ff1bb8e5f00>,14,15,[9 3],15,53,68,38,47
1,<environment.Job instance at 0x7ff201ec66e0>,32,13,[8 3],33,68,81,35,55
1,<environment.Job instance at 0x7ff201ec6c30>,35,14,[6 2],36,81,95,45,69
1,<environment.Job instance at 0x7ff201ec6280>,36,18,[2 5],37,70,88,33,70
1,<environment.Job instance at 0x7ff201292dc0>,42,3,[1 6],43,88,91,45,72
1,<environment.Job instance at 0x7ff1bb8ce410>,20,15,[2 9],21,95,110,74,82
1,<environment.Job instance at 0x7ff201292b40>,46,3,[1 5],47,91,94,44,85
1,<environment.Job instance at 0x7ff1bb9c3410>,51,18,[1 6],52,110,128,58,99
1,<environment.Job instance at 0x7ff1bb9c9d70>,52,17,[5 2],53,110,127,57,100
1,<environment.Job instance at 0x7ff1bb719f50>,55,18,[5 8],56,128,146,72,117
1,<environment.Job instance at 0x7ff201292230>,44,14,[10  2],45,147,161,102,147
1,<environment.Job instance at 0x7ff1bb9ddeb0>,65,16,[2 7],66,176,192,110,176
1,<environment.Job instance at 0x7ff1bb9dd7d0>,1,2,[9 5],2,5,7,3,5
1,<environment.Job instance at 0x7ff201cec820>,5,2,[2 8],6,7,9,1,6
1,<environment.Job instance at 0x7ff1bb9ddeb0>,2,15,[4 5],3,22,37,19,22
1,<environment.Job instance at 0x7ff1bb7c2d20>,18,2,[2 5],19,34,36,15,34
1,<environment.Job instance at 0x7ff201d59190>,17,18,[7 4],18,37,55,19,36
1,<environment.Job instance at 0x7ff201bdeb40>,25,17,[5 3],26,55,72,29,45
1,<environment.Job instance at 0x7ff202014e10>,26,3,[3 5],27,45,48,18,45
1,<environment.Job instance at 0x7ff2012fdc30>,27,13,[2 9],28,72,85,44,56
1,<environment.Job instance at 0x7ff20181f960>,31,16,[3 6],32,85,101,53,79
1,<environment.Job instance at 0x7ff206625b90>,36,16,[6 2],37,95,111,58,95
1,<environment.Job instance at 0x7ff201f08b40>,38,14,[3 7],39,101,115,62,96
1,<environment.Job instance at 0x7ff201f08c30>,39,12,[3 8],40,115,127,75,110
1,<environment.Job instance at 0x7ff1bb7d4dc0>,47,13,[9 3],48,147,160,99,147
1,<environment.Job instance at 0x7ff1bb5b9370>,48,15,[7 4],49,160,175,111,149
1,<environment.Job instance at 0x7ff1bb5b9e10>,51,12,[5 8],52,175,187,123,162
1,<environment.Job instance at 0x7ff1bb8617d0>,4,3,[9 4],5,5,8,0,5
1,<environment.Job instance at 0x7ff1bb861cd0>,11,14,[4 7],12,13,27,1,13
1,<environment.Job instance at 0x7ff1bb861e10>,8,13,[9 1],9,27,40,18,14
1,<environment.Job instance at 0x7ff1bb861fa0>,15,3,[6 3],16,24,27,8,24
1,<environment.Job instance at 0x7ff201a1a4b0>,16,18,[6 5],17,40,58,23,31
1,<environment.Job instance at 0x7ff201a1aaa0>,20,13,[1 7],21,58,71,37,46
1,<environment.Job instance at 0x7ff201a1a7d0>,22,16,[5 8],23,71,87,48,61
1,<environment.Job instance at 0x7ff201a1aaf0>,27,12,[4 6],28,87,99,59,78
1,<environment.Job instance at 0x7ff201a1a960>,29,3,[7 1],30,99,102,69,83
1,<environment.Job instance at 0x7ff201a1a6e0>,17,14,[10  5],18,110,124,92,110
1,<environment.Job instance at 0x7ff1bb3feb40>,36,18,[5 5],37,124,142,87,120
1,<environment.Job instance at 0x7ff1bb3fe820>,4,3,[5 5],5,5,8,0,5
1,<environment.Job instance at 0x7ff201716870>,5,18,[3 5],6,8,26,2,8
1,<environment.Job instance at 0x7ff201ed5730>,3,15,[3 5],4,12,27,8,12
1,<environment.Job instance at 0x7ff201ed5d70>,2,14,[ 1 10],3,27,41,24,12
1,<environment.Job instance at 0x7ff201716460>,12,16,[4 9],13,41,57,28,29
1,<environment.Job instance at 0x7ff1bb54d550>,11,18,[8 3],12,57,75,45,47
1,<environment.Job instance at 0x7ff1bb9f69b0>,20,14,[6 2],21,75,89,54,61
1,<environment.Job instance at 0x7ff1bb3176e0>,24,18,[1 6],25,68,86,43,68
1,<environment.Job instance at 0x7ff201684fa0>,27,13,[4 5],28,86,99,58,70
1,<environment.Job instance at 0x7ff2013f9aa0>,28,16,[6 3],29,89,105,60,76
1,<environment.Job instance at 0x7ff2013f9f50>,33,14,[5 1],34,105,119,71,95
1,<environment.Job instance at 0x7ff2013f9b90>,34,15,[8 1],35,119,134,84,105
1,<environment.Job instance at 0x7ff1bb2f79b0>,39,12,[6 3],40,134,146,94,117
1,<environment.Job instance at 0x7ff1bb2f7b40>,41,15,[ 4 10],42,146,161,104,132
1,<environment.Job instance at 0x7fde41885d70>,4,18,[10  4],5,8,26,3,8
1,<environment.Job instance at 0x7fde418854b0>,3,18,[ 3 10],4,26,44,22,23
1,<environment.Job instance at 0x7fde3a4316e0>,13,13,[1 8],14,44,57,30,33
1,<environment.Job instance at 0x7fde3a431c30>,18,16,[8 5],19,57,73,38,44
1,<environment.Job instance at 0x7fde3a431d70>,21,3,[ 2 10],22,73,76,51,62
1,<environment.Job instance at 0x7fde3a431f00>,23,18,[5 2],24,76,94,52,65
1,<environment.Job instance at 0x7fde3a433320>,27,2,[6 4],28,94,96,66,67
1,<environment.Job instance at 0x7fde3a433460>,29,13,[1 6],30,76,89,46,69
1,<environment.Job instance at 0x7fde3a4335a0>,31,17,[4 9],32,96,113,64,85
1,<environment.Job instance at 0x7fde3a4332d0>,33,2,[5 3],34,89,91,55,87
1,<environment.Job instance at 0x7fde3a433820>,34,3,[9 5],35,113,116,78,87
1,<environment.Job instance at 0x7fde3a433b90>,35,16,[8 1],36,116,132,80,103
1,<environment.Job instance at 0x7fde3a433be0>,39,18,[5 8],40,132,150,92,123
1,<environment.Job instance at 0x7fddf682c870>,2,14,[8 4],3,4,18,1,4
1,<environment.Job instance at 0x7fddf682c0a0>,0,18,[5 1],1,18,36,17,7
1,<environment.Job instance at 0x7fde3a437870>,5,16,[ 3 10],6,40,56,34,40
1,<environment.Job instance at 0x7fddf68244b0>,22,17,[10  4],23,56,73,33,44
1,<environment.Job instance at 0x7fddf682fa50>,15,17,[5 9],16,73,90,57,62
1,<environment.Job instance at 0x7fddf68af320>,31,1,[8 3],32,90,91,58,71
1,<environment.Job instance at 0x7fddf6890c30>,33,15,[5 6],34,91,106,57,78
1,<environment.Job instance at 0x7fddf68434b0>,36,15,[ 5 10],37,106,121,69,96
1,<environment.Job instance at 0x7fddf698f5f0>,39,12,[5 4],40,121,133,81,108
1,<environment.Job instance at 0x7fddf682d4b0>,27,18,[ 1 10],28,133,151,105,122
1,<environment.Job instance at 0x7fddf69b1f50>,44,14,[8 5],45,151,165,106,137
1,<environment.Job instance at 0x7fde3a4376e0>,4,17,[10  5],5,165,182,160,156
1,<environment.Job instance at 0x7fddf691ab90>,51,16,[7 4],52,182,198,130,169
1,<environment.Job instance at 0x7fddf694d5a0>,56,17,[2 6],57,182,199,125,180
1,<environment.Job instance at 0x7fddf695c550>,58,12,[9 2],59,199,211,140,187
1,<environment.Job instance at 0x7fddf680b0a0>,1,3,[10  4],2,4,7,2,4
1,<environment.Job instance at 0x7fde419a8910>,4,2,[1 9],5,7,9,2,6
1,<environment.Job instance at 0x7fde419a8b40>,8,12,[8 2],9,11,23,2,11
1,<environment.Job instance at 0x7fddf66837d0>,11,2,[7 4],12,23,25,11,19
1,<environment.Job instance at 0x7fddf680be10>,0,18,[4 8],1,25,43,24,22
1,<environment.Job instance at 0x7fddf6683320>,17,20,[5 2],18,42,62,24,42
1,<environment.Job instance at 0x7fddf66f6d70>,19,17,[2 6],20,47,64,27,47
1,<environment.Job instance at 0x7fde3a8fcc80>,20,16,[1 9],21,64,80,43,53
1,<environment.Job instance at 0x7fde3a623e60>,22,17,[4 6],23,80,97,57,68
1,<environment.Job instance at 0x7fddf668b280>,29,17,[5 1],30,68,85,38,68
1,<environment.Job instance at 0x7fddf66a77d0>,32,13,[8 1],33,97,110,64,81
1,<environment.Job instance at 0x7fddf66a6960>,36,13,[1 6],37,97,110,60,94
1,<environment.Job instance at 0x7fddf668b1e0>,31,18,[5 7],32,110,128,78,99
1,<environment.Job instance at 0x7fddf66a5b40>,42,13,[3 9],43,128,141,85,112
1,<environment.Job instance at 0x7fde3a5b6960>,37,14,[10  3],38,141,155,103,127
1,<environment.Job instance at 0x7fddf66a5780>,47,14,[9 1],48,155,169,107,144
1,<environment.Job instance at 0x7fddf66f13c0>,52,12,[8 5],53,169,181,116,156
1,<environment.Job instance at 0x7fde3a27df00>,56,13,[7 1],57,181,194,124,165
1,<environment.Job instance at 0x7fde3a291f50>,57,16,[2 6],58,181,197,123,179
1,<environment.Job instance at 0x7fde3a49bdc0>,5,17,[ 5 10],6,16,33,10,16
1,<environment.Job instance at 0x7fddf6bfe0a0>,15,3,[7 2],16,33,36,17,21
1,<environment.Job instance at 0x7fde3a7d50f0>,16,14,[9 2],17,36,50,19,24
1,<environment.Job instance at 0x7fde3a7d55f0>,17,17,[3 8],18,50,67,32,38
1,<environment.Job instance at 0x7fde3a7d5410>,21,15,[1 9],22,67,82,45,54
1,<environment.Job instance at 0x7fde3a7d5050>,26,1,[4 7],27,82,83,55,65
1,<environment.Job instance at 0x7fde3a7d5f00>,27,1,[7 4],28,83,84,55,65
1,<environment.Job instance at 0x7fde3a7d5a50>,28,17,[2 7],29,84,101,55,72
1,<environment.Job instance at 0x7fde3a7d5cd0>,30,18,[8 1],31,84,102,53,80
1,<environment.Job instance at 0x7fde3cae7050>,33,3,[5 5],34,102,105,68,81
1,<environment.Job instance at 0x7fde3cae7d70>,34,2,[9 2],35,105,107,70,81
1,<environment.Job instance at 0x7fde3cae7280>,35,13,[3 9],36,107,120,71,93
1,<environment.Job instance at 0x7fde3cae7d20>,37,17,[3 5],38,120,137,82,109
1,<environment.Job instance at 0x7fde3cae7c30>,36,18,[9 4],37,137,155,100,128
1,<environment.Job instance at 0x7fde3cae7780>,45,13,[8 5],46,155,168,109,150
1,<environment.Job instance at 0x7fde3cae7eb0>,46,13,[3 9],47,168,181,121,157
1,<environment.Job instance at 0x7fde3cae7b40>,50,2,[6 4],51,181,183,130,164
1,<environment.Job instance at 0x7fddf6bc18c0>,51,2,[3 5],52,181,183,129,164
1,<environment.Job instance at 0x7fddf6bc1280>,52,15,[2 5],53,183,198,130,169
1,<environment.Job instance at 0x7fddf6bc1d70>,54,16,[9 2],55,198,214,143,189
1,<environment.Job instance at 0x7fddf6bc1f00>,2,16,[3 8],3,10,26,7,10
1,<environment.Job instance at 0x7fddf6a68050>,8,17,[9 5],9,26,43,17,14
1,<environment.Job instance at 0x7fddf6a39e10>,18,3,[2 6],19,43,46,24,38
1,<environment.Job instance at 0x7fddf6b33aa0>,21,2,[7 1],22,51,53,29,51
1,<environment.Job instance at 0x7fddf6b33b90>,23,3,[10  3],24,53,56,29,52
1,<environment.Job instance at 0x7fddf6b0b780>,24,13,[5 3],25,56,69,31,53
1,<environment.Job instance at 0x7fddf6b0b500>,25,12,[8 5],26,69,81,43,55
1,<environment.Job instance at 0x7fddf6b00af0>,26,14,[6 4],27,81,95,54,67
1,<environment.Job instance at 0x7fddf6b29640>,33,12,[7 4],34,95,107,61,82
1,<environment.Job instance at 0x7fde3cf23be0>,40,14,[ 2 10],41,107,121,66,94
1,<environment.Job instance at 0x7fddf6b0bdc0>,28,17,[3 7],29,121,138,92,110
1,<environment.Job instance at 0x7fde3cf15910>,44,16,[5 5],45,138,154,93,127
1,<environment.Job instance at 0x7fddf6b32500>,48,18,[1 5],49,141,159,92,141
1,<environment.Job instance at 0x7fddf6a91050>,49,18,[9 5],50,154,172,104,144
1,<environment.Job instance at 0x7fde3cef5870>,53,12,[2 6],54,172,184,118,155
1,<environment.Job instance at 0x7fde3cef5c80>,56,13,[5 5],57,184,197,127,170
1,<environment.Job instance at 0x7fddf687baf0>,0,3,[5 3],1,3,6,2,3
1,<environment.Job instance at 0x7fddf68a1960>,3,14,[ 4 10],4,6,20,2,6
1,<environment.Job instance at 0x7fddf68a1640>,6,16,[1 6],7,20,36,13,11
1,<environment.Job instance at 0x7fde3a282a50>,15,15,[3 5],16,36,51,20,23
1,<environment.Job instance at 0x7fde3a282050>,19,2,[5 1],20,23,25,3,23
1,<environment.Job instance at 0x7fddf68a1690>,7,15,[7 4],8,25,40,17,25
1,<environment.Job instance at 0x7fde3a331e60>,25,12,[2 8],26,51,63,25,37
1,<environment.Job instance at 0x7fde3a331780>,26,12,[9 5],27,63,75,36,47
1,<environment.Job instance at 0x7fde3a958d20>,29,15,[2 6],30,75,90,45,63
1,<environment.Job instance at 0x7fde3a958500>,31,14,[9 4],32,90,104,58,75
1,<environment.Job instance at 0x7fde3a958140>,38,13,[1 5],39,93,106,54,93
1,<environment.Job instance at 0x7fde3a282370>,17,13,[9 1],18,104,117,86,94
1,<environment.Job instance at 0x7fde3a958a00>,41,1,[8 4],42,117,118,75,94
1,<environment.Job instance at 0x7fddf691fa00>,43,2,[ 4 10],44,118,120,74,94
1,<environment.Job instance at 0x7fde3a331e10>,27,17,[10  4],28,120,137,92,108
1,<environment.Job instance at 0x7fddf691fd70>,49,17,[2 6],50,137,154,87,126
1,<environment.Job instance at 0x7fddf691f4b0>,55,3,[9 2],56,154,157,98,130
1,<environment.Job instance at 0x7fddf691f460>,56,17,[3 5],57,157,174,100,145
1,<environment.Job instance at 0x7fddf691f1e0>,62,12,[10  4],63,174,186,111,161
1,<environment.Job instance at 0x7fddf6703140>,65,15,[8 1],66,186,201,120,172
1,<environment.Job instance at 0x7fddf67039b0>,69,15,[6 2],70,201,216,131,187
1,<environment.Job instance at 0x7fddf687e640>,2,14,[9 2],3,3,17,0,3
1,<environment.Job instance at 0x7fde3a753cd0>,3,16,[2 6],4,17,33,13,6
1,<environment.Job instance at 0x7fde3a388f00>,12,16,[9 2],13,33,49,20,22
1,<environment.Job instance at 0x7fddf69c10f0>,16,17,[3 7],17,49,66,32,43
1,<environment.Job instance at 0x7fddf6bd0870>,22,18,[7 4],23,66,84,43,61
1,<environment.Job instance at 0x7fddf683e280>,26,2,[5 7],27,84,86,57,73
1,<environment.Job instance at 0x7fddf69c15f0>,14,13,[2 8],15,86,99,71,73
1,<environment.Job instance at 0x7fddf6ae5730>,30,2,[8 4],31,99,101,68,73
1,<environment.Job instance at 0x7fddf6ae5190>,29,15,[3 9],30,101,116,71,89
1,<environment.Job instance at 0x7fde3ce623c0>,36,13,[5 7],37,116,129,79,101
1,<environment.Job instance at 0x7fde3ce62dc0>,38,16,[3 8],39,129,145,90,118
1,<environment.Job instance at 0x7fde3ce624b0>,40,18,[9 2],41,145,163,104,134
1,<environment.Job instance at 0x7fde3ce62780>,34,13,[10  5],35,163,176,128,147
1,<environment.Job instance at 0x7fde3a712280>,47,12,[1 6],48,147,159,99,147
1,<environment.Job instance at 0x7fde3a712fa0>,49,16,[10  5],50,176,192,126,164
1,<environment.Job instance at 0x7fde3cbb4aa0>,56,1,[9 2],57,192,193,135,183
1,<environment.Job instance at 0x7fde3a712cd0>,42,17,[9 4],43,193,210,150,183
1,<environment.Job instance at 0x7fddf69bbf00>,7,15,[10  4],8,9,24,1,9
1,<environment.Job instance at 0x7fddf69e11e0>,10,13,[1 5],11,24,37,13,11
1,<environment.Job instance at 0x7fddf69e15f0>,13,3,[10  4],14,37,40,23,15
1,<environment.Job instance at 0x7fddf69e1500>,15,13,[5 4],16,24,37,8,17
1,<environment.Job instance at 0x7fddf69e1b40>,17,15,[2 6],18,40,55,22,26
1,<environment.Job instance at 0x7fddf69e1e60>,21,1,[10  1],22,55,56,33,31
1,<environment.Job instance at 0x7fddf69e1af0>,18,18,[ 5 10],19,56,74,37,45
1,<environment.Job instance at 0x7fddf69e1eb0>,20,13,[2 8],21,74,87,53,58
1,<environment.Job instance at 0x7fddf69e7af0>,35,14,[1 7],36,87,101,51,85
1,<environment.Job instance at 0x7fde3cbd7230>,2,16,[2 8],3,10,26,7,10
1,<environment.Job instance at 0x7fde3ce375f0>,6,15,[5 9],7,26,41,19,13
1,<environment.Job instance at 0x7fde3cbdf410>,10,15,[8 4],11,41,56,30,27
1,<environment.Job instance at 0x7fddf6aa6870>,16,15,[3 9],17,56,71,39,43
1,<environment.Job instance at 0x7fde3cbdf500>,9,17,[ 1 10],10,71,88,61,59
1,<environment.Job instance at 0x7fde3cc198c0>,27,12,[6 5],28,88,100,60,73
1,<environment.Job instance at 0x7fddf6c90230>,32,3,[5 8],33,100,103,67,79
1,<environment.Job instance at 0x7fddf6c21910>,34,16,[5 8],35,103,119,68,92
1,<environment.Job instance at 0x7fddf6c135f0>,46,2,[5 3],47,119,121,72,99
1,<environment.Job instance at 0x7fddf6c13640>,48,12,[6 4],49,121,133,72,104
1,<environment.Job instance at 0x7fddf6d55d20>,51,13,[3 5],52,119,132,67,108
1,<environment.Job instance at 0x7fde3cc194b0>,25,15,[10  1],26,133,148,107,119
1,<environment.Job instance at 0x7fddf6896190>,56,13,[6 4],57,148,161,91,132
1,<environment.Job instance at 0x7fde3cafd190>,59,12,[5 8],60,161,173,101,144
1,<environment.Job instance at 0x7fde3cafd6e0>,58,12,[10  4],59,173,185,114,156
1,<environment.Job instance at 0x7fde3cbac6e0>,75,13,[7 4],76,185,198,109,169
1,<environment.Job instance at 0x7fde3a7f05a0>,0,3,[ 2 10],1,3,6,2,3
1,<environment.Job instance at 0x7fde3a7f0b90>,1,13,[5 8],2,6,19,4,4
1,<environment.Job instance at 0x7fde3a4cc500>,5,3,[9 4],6,19,22,13,6
1,<environment.Job instance at 0x7fddf6621f00>,3,13,[6 5],4,22,35,18,10
1,<environment.Job instance at 0x7fde3a4cc2d0>,10,2,[3 9],11,35,37,24,11
1,<environment.Job instance at 0x7fde3cb2aeb0>,11,3,[4 5],12,22,25,10,13
1,<environment.Job instance at 0x7fddf6896280>,19,17,[5 2],20,37,54,17,25
1,<environment.Job instance at 0x7fde41861dc0>,17,17,[5 6],18,40,57,22,40
1,<environment.Job instance at 0x7fde3a7421e0>,23,15,[2 7],24,57,72,33,43
1,<environment.Job instance at 0x7fde3a691140>,25,3,[9 3],26,72,75,46,47
1,<environment.Job instance at 0x7fde3cd55fa0>,27,3,[6 1],28,57,60,29,47
1,<environment.Job instance at 0x7fde3cd55730>,29,3,[5 3],30,54,57,24,54
1,<environment.Job instance at 0x7fde3d0baf00>,30,13,[8 4],31,75,88,44,59
1,<environment.Job instance at 0x7fde3d0babe0>,32,12,[7 3],33,60,72,27,59
1,<environment.Job instance at 0x7fddf6d22be0>,36,18,[7 3],37,88,106,51,77
1,<environment.Job instance at 0x7fddf68fc370>,41,18,[3 9],42,106,124,64,95
1,<environment.Job instance at 0x7fddf68fc4b0>,48,13,[8 5],49,124,137,75,108
1,<environment.Job instance at 0x7fde3a4a6dc0>,21,17,[9 3],22,137,154,115,125
1,<environment.Job instance at 0x7fddf66d5640>,56,12,[6 2],57,154,166,97,138
1,<environment.Job instance at 0x7fddf66d5f00>,57,15,[1 8],58,154,169,96,140
1,<environment.Job instance at 0x7fde3a7ec3c0>,54,17,[5 5],55,169,186,114,158
1,<environment.Job instance at 0x7fddf6999fa0>,66,14,[9 2],67,186,200,119,186
1,<environment.Job instance at 0x7fddf6a89730>,68,3,[4 5],69,200,203,131,187
1,<environment.Job instance at 0x7fddf6a89370>,70,13,[3 7],71,203,216,132,189
1,<environment.Job instance at 0x7fde3a290f50>,4,17,[4 9],5,8,25,3,8
1,<environment.Job instance at 0x7fde3a4ffbe0>,0,16,[5 9],1,25,41,24,13
1,<environment.Job instance at 0x7fde3a259730>,14,3,[10  5],15,41,44,26,26
1,<environment.Job instance at 0x7fde3a259960>,17,2,[9 5],18,44,46,26,26
1,<environment.Job instance at 0x7fde3a259aa0>,18,18,[6 4],19,46,64,27,36
1,<environment.Job instance at 0x7fde3a259e60>,22,15,[9 5],23,64,79,41,51
1,<environment.Job instance at 0x7fde3a259140>,6,18,[1 8],7,79,97,72,68
1,<environment.Job instance at 0x7fde3a264730>,32,16,[8 1],33,79,95,46,78
1,<environment.Job instance at 0x7fde3a264640>,29,13,[9 3],30,97,110,67,85
1,<environment.Job instance at 0x7fde3a264050>,26,18,[4 9],27,110,128,83,102
1,<environment.Job instance at 0x7fde3a26a0f0>,44,18,[6 5],45,128,146,83,117
1,<environment.Job instance at 0x7fde3a26a910>,52,17,[3 5],53,128,145,75,123
1,<environment.Job instance at 0x7fde3a26aaa0>,53,13,[2 7],54,146,159,92,130
1,<environment.Job instance at 0x7fde3a26ab90>,56,14,[8 5],57,159,173,102,149
1,<environment.Job instance at 0x7fde3a26aaf0>,55,18,[4 9],56,173,191,117,163
1,<environment.Job instance at 0x7fde3a27f3c0>,64,16,[1 6],65,191,207,126,183
1,<environment.Job instance at 0x7fde3a27fa50>,73,15,[8 2],74,191,206,117,185
1,<environment.Job instance at 0x7fde3a6e6820>,11,3,[6 4],12,12,15,0,12
1,<environment.Job instance at 0x7fddf6a89690>,6,15,[1 6],7,17,32,10,17
1,<environment.Job instance at 0x7fde3a6e6d20>,13,15,[9 4],14,19,34,5,19
1,<environment.Job instance at 0x7fde3a27f820>,4,14,[ 4 10],5,34,48,29,19
1,<environment.Job instance at 0x7fddf6a89c80>,5,16,[6 5],6,48,64,42,36
1,<environment.Job instance at 0x7fde3d0babe0>,23,12,[10  2],24,64,76,40,47
1,<environment.Job instance at 0x7fde3a54da00>,30,15,[8 4],31,76,91,45,63
1,<environment.Job instance at 0x7fddf66d5410>,35,12,[8 1],36,91,103,55,78
1,<environment.Job instance at 0x7fddf66d5af0>,38,12,[10  1],39,103,115,64,86
1,<environment.Job instance at 0x7fddf6c6b780>,42,16,[1 7],43,115,131,72,102
1,<environment.Job instance at 0x7fde3a4881e0>,47,18,[2 7],48,131,149,83,120
1,<environment.Job instance at 0x7fde3a3fcf50>,59,13,[2 6],60,149,162,89,135
1,<environment.Job instance at 0x7fddf6bfbcd0>,64,12,[9 5],65,162,174,97,158
1,<environment.Job instance at 0x7fddf6bfbf00>,69,2,[9 2],70,174,176,104,158
1,<environment.Job instance at 0x7fddf6949460>,73,2,[2 8],74,176,178,102,158
1,<environment.Job instance at 0x7fde3a2ab0a0>,74,3,[5 3],75,158,161,83,158
1,<environment.Job instance at 0x7fde3a2abd70>,75,1,[4 8],76,178,179,102,158
1,<environment.Job instance at 0x7fddf6a89aa0>,7,18,[3 8],8,179,197,171,168
1,<environment.Job instance at 0x7fddf6a87690>,79,2,[9 5],80,197,199,117,171
1,<environment.Job instance at 0x7fddf6a87f00>,80,3,[8 2],81,199,202,118,173
1,<environment.Job instance at 0x7fddf6cb11e0>,85,13,[7 2],86,202,215,116,187
1,<environment.Job instance at 0x7fde3a6e68c0>,17,18,[2 8],18,199,217,181,189
1,<environment.Job instance at 0x7fde3cb6c9b0>,1,18,[1 7],2,3,21,1,3
1,<environment.Job instance at 0x7fde3cb6c7d0>,3,1,[6 2],4,4,5,0,4
1,<environment.Job instance at 0x7fde3cb6ceb0>,4,2,[1 8],5,21,23,16,5
1,<environment.Job instance at 0x7fde3cb6cd70>,8,2,[2 7],9,23,25,14,11
1,<environment.Job instance at 0x7fddf6af5820>,11,1,[4 6],12,25,26,13,12
1,<environment.Job instance at 0x7fddf6af5b90>,15,2,[10  4],16,26,28,10,16
1,<environment.Job instance at 0x7fde3cb6ccd0>,0,12,[5 7],1,28,40,27,21
1,<environment.Job instance at 0x7fddf6ac5a50>,21,1,[ 5 10],22,40,41,18,22
1,<environment.Job instance at 0x7fddf6ac5fa0>,20,12,[9 3],21,41,53,20,25
1,<environment.Job instance at 0x7fddf6ac57d0>,26,13,[7 3],27,53,66,26,38
1,<environment.Job instance at 0x7fde3a61d280>,33,2,[1 5],34,47,49,13,47
1,<environment.Job instance at 0x7fddf6aac1e0>,30,18,[1 7],31,51,69,20,51
1,<environment.Job instance at 0x7fde3a82c870>,39,1,[9 5],40,69,70,29,61
1,<environment.Job instance at 0x7fde3a82c0f0>,40,16,[8 3],41,70,86,29,61
1,<environment.Job instance at 0x7fde3a82c640>,43,13,[ 4 10],44,86,99,42,76
1,<environment.Job instance at 0x7fde3a82c3c0>,47,13,[5 6],48,99,112,51,83
1,<environment.Job instance at 0x7fde3a75c500>,51,14,[4 6],52,112,126,60,100
1,<environment.Job instance at 0x7fddf6a54410>,57,16,[6 3],58,112,128,54,108
1,<environment.Job instance at 0x7fde419b7140>,61,14,[8 5],62,128,142,66,116
1,<environment.Job instance at 0x7fddf66c90f0>,72,2,[1 7],73,161,163,88,161
1,<environment.Job instance at 0x7fddf66c9050>,73,13,[1 7],74,163,176,89,161
1,<environment.Job instance at 0x7fddf66c9230>,74,18,[1 9],75,176,194,101,168
1,<environment.Job instance at 0x7fddf6ab50f0>,83,13,[2 7],84,194,207,110,185
1,<environment.Job instance at 0x7fddf6cdd3c0>,5,15,[5 5],6,53,68,47,53
1,<environment.Job instance at 0x7fde3cacefa0>,18,18,[2 5],19,82,100,63,82
1,<environment.Job instance at 0x7fde3cac0140>,12,16,[7 5],13,86,102,73,86
1,<environment.Job instance at 0x7fde3cac0aa0>,10,12,[7 4],11,102,114,91,86
1,<environment.Job instance at 0x7fde3cac90a0>,28,17,[7 4],29,114,131,85,102
1,<environment.Job instance at 0x7fddf65e9460>,37,12,[7 2],38,131,143,93,117
1,<environment.Job instance at 0x7fde3cf6d410>,31,14,[ 2 10],32,143,157,111,131
1,<environment.Job instance at 0x7fde3cf71c30>,49,12,[2 9],50,157,169,107,141
1,<environment.Job instance at 0x7fde3cace3c0>,21,18,[ 5 10],22,169,187,147,162
1,<environment.Job instance at 0x7fddf68e62d0>,67,17,[5 5],68,187,204,119,187
1,<environment.Job instance at 0x7fde3cac23c0>,2,13,[8 4],3,5,18,2,5
1,<environment.Job instance at 0x7fde417c6b40>,1,17,[5 5],2,18,35,16,8
1,<environment.Job instance at 0x7fddf68e62d0>,7,12,[5 5],8,18,30,10,18
1,<environment.Job instance at 0x7fde3d0902d0>,18,14,[8 5],19,35,49,16,23
1,<environment.Job instance at 0x7fde3cb21be0>,9,14,[8 1],10,49,63,39,34
1,<environment.Job instance at 0x7fde3cce0730>,24,17,[2 6],25,49,66,24,37
1,<environment.Job instance at 0x7fde3d090460>,21,12,[5 6],22,66,78,44,54
1,<environment.Job instance at 0x7fddf69b9500>,27,16,[ 2 10],28,78,94,50,68
1,<environment.Job instance at 0x7fde3d059370>,31,12,[10  5],32,94,106,62,84
1,<environment.Job instance at 0x7fde3d059190>,30,15,[ 3 10],31,106,121,75,93
1,<environment.Job instance at 0x7fddf66ea0a0>,39,12,[8 3],40,121,133,81,104
1,<environment.Job instance at 0x7fde3d0f23c0>,45,2,[8 5],46,133,135,87,131
1,<environment.Job instance at 0x7fde3d0f2500>,46,1,[5 3],47,135,136,88,131
1,<environment.Job instance at 0x7fde3a6a65f0>,47,16,[5 7],48,135,151,87,131
1,<environment.Job instance at 0x7fde3d0f2960>,48,1,[ 2 10],49,151,152,102,131
1,<environment.Job instance at 0x7fddf6ce0a00>,50,16,[9 3],51,152,168,101,146
1,<environment.Job instance at 0x7fde3a59f190>,8,16,[5 9],9,168,184,159,156
1,<environment.Job instance at 0x7fddf6ab2050>,61,17,[4 6],62,184,201,122,178
1,<environment.Job instance at 0x7fddf6ab27d0>,57,16,[5 9],58,201,217,143,188
1,<environment.Job instance at 0x7fddf6aaad70>,1,3,[8 3],2,2,5,0,2
1,<environment.Job instance at 0x7fde3cdf45a0>,2,14,[2 7],3,4,18,1,4
1,<environment.Job instance at 0x7fddf691af50>,4,13,[1 5],5,18,31,13,6
1,<environment.Job instance at 0x7fde3cdf4f50>,0,13,[6 4],1,29,42,28,29
1,<environment.Job instance at 0x7fddf651d320>,18,15,[5 7],19,54,69,35,54
1,<environment.Job instance at 0x7fddf651d0f0>,16,16,[10  2],17,69,85,52,58
1,<environment.Job instance at 0x7fddf651da00>,25,18,[8 2],26,85,103,59,74
1,<environment.Job instance at 0x7fde3a8bd320>,28,15,[7 5],29,103,118,74,89
1,<environment.Job instance at 0x7fde3cdf4730>,3,17,[10  2],4,118,135,114,106
1,<environment.Job instance at 0x7fde3ce0ecd0>,38,12,[5 3],39,135,147,96,122
1,<environment.Job instance at 0x7fde3ce0e7d0>,42,16,[2 9],43,147,163,104,135
1,<environment.Job instance at 0x7fde3ce0eb90>,45,15,[4 8],46,163,178,117,149
1,<environment.Job instance at 0x7fddf6d607d0>,53,1,[6 3],54,178,179,124,162
1,<environment.Job instance at 0x7fddf6d60d20>,54,13,[5 6],55,179,192,124,163
1,<environment.Job instance at 0x7fddf6d606e0>,57,12,[5 6],58,192,204,134,177
1,<environment.Job instance at 0x7fddf64b24b0>,0,18,[6 2],1,2,20,1,2
1,<environment.Job instance at 0x7fde3ca43190>,1,3,[5 4],2,20,23,18,2
1,<environment.Job instance at 0x7fddf66baf00>,6,13,[9 2],7,23,36,16,10
1,<environment.Job instance at 0x7fddf66ca550>,13,16,[1 7],14,23,39,9,14
1,<environment.Job instance at 0x7fddf66bad20>,10,13,[9 1],11,36,49,25,23
1,<environment.Job instance at 0x7fddf66dc320>,22,15,[4 5],23,49,64,26,35
1,<environment.Job instance at 0x7fddf66ba8c0>,8,14,[4 8],9,64,78,55,51
1,<environment.Job instance at 0x7fddf67c7e10>,31,16,[1 8],32,78,94,46,70
1,<environment.Job instance at 0x7fddf67a4550>,34,3,[5 3],35,94,97,59,80
1,<environment.Job instance at 0x7fddf66d08c0>,36,13,[ 1 10],37,97,110,60,86
1,<environment.Job instance at 0x7fde3cbe1640>,40,14,[10  2],41,110,124,69,98
1,<environment.Job instance at 0x7fde3a8ab0a0>,1,1,[10  3],2,2,3,0,2
1,<environment.Job instance at 0x7fde3cbe1fa0>,2,2,[3 8],3,3,5,0,3
1,<environment.Job instance at 0x7fde3a82c370>,3,1,[5 2],4,4,5,0,4
1,<environment.Job instance at 0x7fde3ca53c30>,8,13,[1 5],9,9,22,0,9
1,<environment.Job instance at 0x7fde3cc2f8c0>,9,16,[3 8],10,22,38,12,10
1,<environment.Job instance at 0x7fde3cc2f780>,10,15,[7 3],11,38,53,27,25
1,<environment.Job instance at 0x7fde3cdfbf50>,18,13,[9 1],19,53,66,34,37
1,<environment.Job instance at 0x7fddf6a52dc0>,0,14,[ 1 10],1,66,80,65,51
1,<environment.Job instance at 0x7fde3ca68190>,24,17,[5 4],25,80,97,55,68
1,<environment.Job instance at 0x7fde3cb70730>,27,14,[10  5],28,97,111,69,83
1,<environment.Job instance at 0x7fde3cb70410>,30,13,[1 7],31,111,124,80,96
1,<environment.Job instance at 0x7fde3a488d20>,35,16,[7 2],36,111,127,75,110
1,<environment.Job instance at 0x7fde3a4880f0>,38,14,[ 5 10],39,127,141,88,118
1,<environment.Job instance at 0x7fddf65aa050>,32,16,[5 8],33,141,157,108,133
1,<environment.Job instance at 0x7fde3a488960>,44,13,[ 2 10],45,157,170,112,142
1,<environment.Job instance at 0x7fde3a488aa0>,47,18,[9 5],48,170,188,122,160
1,<environment.Job instance at 0x7fde3a78d5f0>,1,15,[9 1],2,2,17,0,2
1,<environment.Job instance at 0x7fde3a78d690>,2,14,[ 1 10],3,17,31,14,4
1,<environment.Job instance at 0x7fde3a78d870>,8,15,[2 9],9,31,46,22,20
1,<environment.Job instance at 0x7fde3cdf9eb0>,13,12,[5 7],14,46,58,32,29
1,<environment.Job instance at 0x7fde3a78dd70>,11,18,[8 3],12,58,76,46,47
1,<environment.Job instance at 0x7fde3cdf90a0>,22,16,[6 1],23,76,92,53,65
1,<environment.Job instance at 0x7fde3cdf9cd0>,27,13,[4 5],28,76,89,48,74
1,<environment.Job instance at 0x7fde3cdf92d0>,28,16,[6 3],29,92,108,63,79
1,<environment.Job instance at 0x7fddf6583280>,29,18,[4 9],30,108,126,78,99
1,<environment.Job instance at 0x7fddf65832d0>,33,14,[5 1],34,108,122,74,99
1,<environment.Job instance at 0x7fddf65839b0>,39,12,[6 3],40,126,138,86,109
1,<environment.Job instance at 0x7fddf6583370>,42,18,[4 6],43,137,155,94,137
1,<environment.Job instance at 0x7fde3a4885f0>,2,3,[5 9],3,3,6,0,3
1,<environment.Job instance at 0x7fde3a488c30>,3,3,[5 4],4,6,9,2,4
1,<environment.Job instance at 0x7fddf67cf640>,8,14,[6 2],9,26,40,17,26
1,<environment.Job instance at 0x7fddf6c5c6e0>,15,16,[8 3],16,52,68,36,52
1,<environment.Job instance at 0x7fde3a644fa0>,13,13,[7 3],14,68,81,54,52
1,<environment.Job instance at 0x7fde3a5dc050>,18,16,[2 8],19,81,97,62,71
1,<environment.Job instance at 0x7fde3cf042d0>,26,2,[8 5],27,97,99,70,74
1,<environment.Job instance at 0x7fde3cf04aa0>,28,3,[ 3 10],29,99,102,70,75
1,<environment.Job instance at 0x7fde3cf04f00>,30,12,[2 8],31,102,114,71,85
1,<environment.Job instance at 0x7fde3cf04050>,31,18,[8 2],32,102,120,70,92
1,<environment.Job instance at 0x7fde3a8bd0a0>,35,16,[ 5 10],36,120,136,84,107
1,<environment.Job instance at 0x7fddf6d7ee10>,21,17,[4 8],22,136,153,114,124
1,<environment.Job instance at 0x7fde3a4c2b90>,46,13,[ 2 10],47,153,166,106,137
1,<environment.Job instance at 0x7febecf724b0>,0,13,[9 3],1,3,16,2,3
1,<environment.Job instance at 0x7febecf723c0>,3,3,[4 8],4,16,19,12,4
1,<environment.Job instance at 0x7febe7b68b40>,4,14,[1 6],5,19,33,14,5
1,<environment.Job instance at 0x7febe7b68c30>,5,2,[1 5],6,6,8,0,6
1,<environment.Job instance at 0x7febe7b68d20>,6,20,[6 1],7,16,36,9,7
1,<environment.Job instance at 0x7febe7b68e10>,7,1,[5 4],8,36,37,28,8
1,<environment.Job instance at 0x7febe7b6d3c0>,14,13,[7 3],15,37,50,22,22
1,<environment.Job instance at 0x7febe7b6d500>,16,16,[3 5],17,33,49,16,22
1,<environment.Job instance at 0x7febe7b68d70>,10,12,[3 7],11,49,61,38,34
1,<environment.Job instance at 0x7febecf72370>,1,3,[1 5],2,3,6,1,3
1,<environment.Job instance at 0x7febecfa4230>,8,14,[2 7],9,9,23,0,9
1,<environment.Job instance at 0x7febecfa4140>,9,17,[1 6],10,23,40,13,13
1,<environment.Job instance at 0x7febecebf460>,13,3,[5 9],14,40,43,26,14
1,<environment.Job instance at 0x7febecebf1e0>,16,3,[7 4],17,23,26,6,17
1,<environment.Job instance at 0x7febe7afa460>,18,2,[ 3 10],19,43,45,24,34
1,<environment.Job instance at 0x7febecfa4f50>,7,18,[2 8],8,45,63,37,34
1,<environment.Job instance at 0x7febed0f30a0>,24,14,[5 1],25,45,59,20,34
1,<environment.Job instance at 0x7feba1f59a50>,0,18,[2 7],1,7,25,6,7
1,<environment.Job instance at 0x7feba1f40460>,10,3,[6 5],11,25,28,14,12
1,<environment.Job instance at 0x7feba1f40a00>,13,15,[6 1],14,28,43,14,14
1,<environment.Job instance at 0x7feba1f40640>,14,14,[2 5],15,25,39,10,15
1,<environment.Job instance at 0x7feba1f59cd0>,2,16,[3 9],3,39,55,36,27
1,<environment.Job instance at 0x7feba1f32dc0>,2,14,[1 8],3,3,17,0,3
1,<environment.Job instance at 0x7feba1f329b0>,11,15,[1 7],12,17,32,5,13
1,<environment.Job instance at 0x7feba1f40140>,19,14,[3 6],20,32,46,12,20
1,<environment.Job instance at 0x7feba1f513c0>,1,15,[10  4],2,46,61,44,34
1,<environment.Job instance at 0x7feba2258a50>,2,14,[2 7],3,6,20,3,6
1,<environment.Job instance at 0x7feba1f03dc0>,1,14,[1 6],2,20,34,18,6
1,<environment.Job instance at 0x7feba25199b0>,10,3,[5 6],11,34,37,23,12
1,<environment.Job instance at 0x7feba2508550>,21,18,[2 8],22,37,55,15,34
1,<environment.Job instance at 0x7feba2519eb0>,16,12,[ 3 10],17,55,67,38,40
1,<environment.Job instance at 0x7feba2217460>,0,3,[7 3],1,3,6,2,3
1,<environment.Job instance at 0x7feba2508870>,3,12,[9 1],4,6,18,2,4
1,<environment.Job instance at 0x7febed0ef640>,4,14,[5 5],5,18,32,13,5
1,<environment.Job instance at 0x7febea18b0a0>,7,17,[5 2],8,18,35,10,8
1,<environment.Job instance at 0x7febea18beb0>,11,1,[ 2 10],12,35,36,23,16
1,<environment.Job instance at 0x7febea18b4b0>,15,2,[1 5],16,32,34,16,17
1,<environment.Job instance at 0x7febea0a2f00>,16,3,[8 4],17,36,39,19,18
1,<environment.Job instance at 0x7febea18b190>,14,12,[7 2],15,39,51,24,22
1,<environment.Job instance at 0x7febea0a2aa0>,18,15,[3 6],19,39,54,20,25
1,<environment.Job instance at 0x7febea5a27d0>,1,3,[4 5],2,2,5,0,2
1,<environment.Job instance at 0x7febea4bdaa0>,5,13,[6 4],6,6,19,0,6
1,<environment.Job instance at 0x7febe7b51410>,4,17,[9 4],5,19,36,14,8
1,<environment.Job instance at 0x7febea2c6eb0>,14,15,[5 1],15,36,51,21,23
1,<environment.Job instance at 0x7febea2c6e60>,8,17,[3 6],9,36,53,27,25
1,<environment.Job instance at 0x7feba1e93cd0>,24,12,[5 9],25,53,65,28,41
1,<environment.Job instance at 0x7febecea70f0>,1,2,[6 3],2,2,4,0,2
1,<environment.Job instance at 0x7febea897af0>,2,12,[8 1],3,4,16,1,3
1,<environment.Job instance at 0x7febe79709b0>,3,1,[1 7],4,4,5,0,4
1,<environment.Job instance at 0x7feba1f3baa0>,4,18,[3 6],5,16,34,11,7
1,<environment.Job instance at 0x7febea17af50>,15,3,[3 8],16,34,37,18,19
1,<environment.Job instance at 0x7febe7a88b90>,18,18,[1 5],19,37,55,18,34
1,<environment.Job instance at 0x7febe7a5b1e0>,11,17,[7 5],12,37,54,25,35
1,<environment.Job instance at 0x7feba24b6a50>,26,3,[2 8],27,55,58,28,38
1,<environment.Job instance at 0x7feba24b0d70>,31,3,[1 6],32,58,61,26,38
1,<environment.Job instance at 0x7feba1e1e370>,0,14,[8 3],1,58,72,57,47
1,<environment.Job instance at 0x7feba24b0320>,0,2,[10  2],1,2,4,1,2
1,<environment.Job instance at 0x7febea59f960>,18,14,[4 6],19,30,44,11,30
1,<environment.Job instance at 0x7feba24b07d0>,1,17,[2 6],2,44,61,42,37
1,<environment.Job instance at 0x7febea59f370>,22,12,[5 5],23,61,73,38,45
1,<environment.Job instance at 0x7febe7b5cf50>,0,1,[5 1],1,1,2,0,1
1,<environment.Job instance at 0x7febea37b960>,10,12,[8 5],11,11,23,0,11
1,<environment.Job instance at 0x7febea37b0a0>,15,16,[6 3],16,23,39,7,16
1,<environment.Job instance at 0x7febea7e8b40>,17,2,[2 8],18,39,41,21,27
1,<environment.Job instance at 0x7febe79b0960>,20,15,[7 5],21,41,56,20,32
1,<environment.Job instance at 0x7feba237df00>,23,1,[3 5],24,49,50,25,49
1,<environment.Job instance at 0x7feba1c44230>,2,15,[5 1],3,3,18,0,3
1,<environment.Job instance at 0x7febe7927c30>,3,18,[5 9],4,8,26,4,8
1,<environment.Job instance at 0x7febea1939b0>,10,12,[2 5],11,26,38,15,11
1,<environment.Job instance at 0x7febe7e3b550>,1,13,[5 3],2,26,39,24,12
1,<environment.Job instance at 0x7febe7b53f50>,11,16,[6 5],12,39,55,27,26
1,<environment.Job instance at 0x7febea48e460>,19,13,[5 9],20,55,68,35,39
1,<environment.Job instance at 0x7febe7aeb870>,2,18,[5 1],3,3,21,0,3
1,<environment.Job instance at 0x7febe7b0a4b0>,4,2,[2 5],5,6,8,1,6
1,<environment.Job instance at 0x7febe7b0a2d0>,7,13,[7 3],8,21,34,13,8
1,<environment.Job instance at 0x7febe7b010f0>,10,14,[3 6],11,19,33,8,19
1,<environment.Job instance at 0x7febe7b019b0>,19,14,[10  1],20,34,48,14,20
1,<environment.Job instance at 0x7febe7b01b90>,21,14,[10  4],22,48,62,26,33
1,<environment.Job instance at 0x7febea1a0fa0>,1,13,[1 7],2,10,23,8,10
1,<environment.Job instance at 0x7febe7a1bdc0>,9,3,[5 1],10,10,13,0,10
1,<environment.Job instance at 0x7febe7a1b140>,10,14,[6 4],11,23,37,12,11
1,<environment.Job instance at 0x7febea362aa0>,13,3,[6 2],14,15,18,1,15
1,<environment.Job instance at 0x7feba21c9dc0>,20,15,[9 4],21,37,52,16,36
1,<environment.Job instance at 0x7feba21c9960>,18,17,[5 5],19,52,69,33,41
1,<environment.Job instance at 0x7feba1e14e10>,2,2,[5 8],3,3,5,0,3
1,<environment.Job instance at 0x7feba1e14aa0>,3,12,[4 6],4,5,17,1,4
1,<environment.Job instance at 0x7feba1e142d0>,4,3,[6 4],5,5,8,0,5
1,<environment.Job instance at 0x7feba1e14820>,5,13,[2 6],6,17,30,11,14
1,<environment.Job instance at 0x7feba1d5cd70>,14,2,[ 2 10],15,30,32,15,15
1,<environment.Job instance at 0x7feba1d5c780>,15,1,[9 5],16,32,33,16,16
1,<environment.Job instance at 0x7feba1d5c280>,17,17,[5 2],18,33,50,15,21
1,<environment.Job instance at 0x7feba2392320>,23,12,[6 2],24,50,62,26,33
1,<environment.Job instance at 0x7feba2392d70>,28,14,[9 4],29,62,76,33,47
1,<environment.Job instance at 0x7feba2392f50>,1,3,[8 4],2,2,5,0,2
1,<environment.Job instance at 0x7feba2392d70>,2,3,[5 2],3,5,8,2,5
1,<environment.Job instance at 0x7febe7f44d70>,3,3,[9 2],4,8,11,4,6
1,<environment.Job instance at 0x7febe7f6ac30>,6,17,[5 5],7,11,28,4,7
1,<environment.Job instance at 0x7febe7f6af00>,9,3,[7 4],10,28,31,18,11
1,<environment.Job instance at 0x7febe7f84190>,12,17,[1 6],13,28,45,15,17
1,<environment.Job instance at 0x7febe7f6aeb0>,13,16,[4 9],14,45,61,31,34
1,<environment.Job instance at 0x7febe7f6e690>,1,1,[9 5],2,2,3,0,2
1,<environment.Job instance at 0x7febe7f84be0>,2,2,[ 2 10],3,4,6,1,4
1,<environment.Job instance at 0x7febe80196e0>,11,18,[4 8],12,17,35,5,17
1,<environment.Job instance at 0x7feba24459b0>,19,14,[9 5],20,35,49,15,20
1,<environment.Job instance at 0x7febe8019af0>,9,17,[9 4],10,49,66,39,37
1,<environment.Job instance at 0x7febea28f410>,2,3,[3 8],3,3,6,0,3
1,<environment.Job instance at 0x7febe8007820>,11,16,[2 7],12,14,30,2,14
1,<environment.Job instance at 0x7febe7c1c5f0>,14,13,[5 4],15,30,43,15,15
1,<environment.Job instance at 0x7febe7c1c4b0>,13,13,[6 5],14,43,56,29,27
1,<environment.Job instance at 0x7febe7d10c80>,22,17,[1 7],23,56,73,33,48
1,<environment.Job instance at 0x7febe7a4c0f0>,1,15,[9 5],2,2,17,0,2
1,<environment.Job instance at 0x7febe7998460>,2,14,[9 1],3,17,31,14,3
1,<environment.Job instance at 0x7febea16f460>,11,17,[3 7],12,31,48,19,20
1,<environment.Job instance at 0x7febe79e3320>,19,13,[ 2 10],20,48,61,28,32
1,<environment.Job instance at 0x7febe79e3c30>,21,15,[7 5],22,61,76,39,47
1,<environment.Job instance at 0x7febea123dc0>,2,17,[1 9],3,3,20,0,3
1,<environment.Job instance at 0x7febea46f730>,3,14,[5 5],4,20,34,16,5
1,<environment.Job instance at 0x7feba2155640>,13,15,[4 9],14,34,49,20,22
1,<environment.Job instance at 0x7febea46f370>,1,18,[3 7],2,49,67,47,39
1,<environment.Job instance at 0x7febea12f870>,3,3,[1 6],4,4,7,0,4
1,<environment.Job instance at 0x7febea12f410>,1,16,[5 3],2,4,20,2,4
1,<environment.Job instance at 0x7feba1f320a0>,6,3,[6 2],7,20,23,13,8
1,<environment.Job instance at 0x7feba1f32690>,9,2,[5 4],10,10,12,0,10
1,<environment.Job instance at 0x7feba1f32730>,10,18,[9 2],11,23,41,12,15
1,<environment.Job instance at 0x7febe807ca00>,19,18,[1 5],20,28,46,8,28
1,<environment.Job instance at 0x7febe7ae0230>,23,15,[4 8],24,46,61,22,36
1,<environment.Job instance at 0x7febe7dd5d70>,26,13,[9 5],27,61,74,34,45
1,<environment.Job instance at 0x7f2bdc6539b0>,3,3,[4 8],4,5,8,1,5
1,<environment.Job instance at 0x7f2be3a614b0>,0,13,[9 3],1,8,21,7,5
1,<environment.Job instance at 0x7f2bdc653910>,5,2,[1 5],6,8,10,2,6
1,<environment.Job instance at 0x7f2bdc653e60>,10,12,[3 7],11,21,33,10,11
1,<environment.Job instance at 0x7f2be3a613c0>,4,14,[1 6],5,33,47,28,22
1,<environment.Job instance at 0x7f2bdc657410>,14,13,[7 3],15,22,35,7,22
1,<environment.Job instance at 0x7f2bdc657cd0>,24,18,[2 6],25,49,67,24,49
1,<environment.Job instance at 0x7f2bdc657f00>,27,15,[8 4],28,54,69,26,54
1,<environment.Job instance at 0x7f2bdc657d20>,29,12,[5 4],30,69,81,39,55
1,<environment.Job instance at 0x7f2bdc657730>,19,14,[3 5],20,69,83,49,59
1,<environment.Job instance at 0x7f2bdc65a0a0>,3,3,[5 9],4,7,10,3,7
1,<environment.Job instance at 0x7f2be3bdd8c0>,14,14,[5 1],15,24,38,9,24
1,<environment.Job instance at 0x7f2be3bde690>,20,14,[2 6],21,58,72,37,58
1,<environment.Job instance at 0x7f2b98a1e320>,12,13,[ 5 10],13,13,26,0,13
1,<environment.Job instance at 0x7f2b98a1e730>,14,3,[5 6],15,26,29,11,15
1,<environment.Job instance at 0x7f2b98a1e0a0>,16,1,[9 3],17,29,30,12,17
1,<environment.Job instance at 0x7f2b98a1e6e0>,15,14,[ 2 10],16,30,44,14,21
1,<environment.Job instance at 0x7f2be3bda640>,1,13,[8 5],2,4,17,2,4
1,<environment.Job instance at 0x7f2b989d3be0>,4,3,[4 6],5,17,20,12,6
1,<environment.Job instance at 0x7f2b989d37d0>,6,1,[5 9],7,20,21,13,8
1,<environment.Job instance at 0x7f2b989d3820>,2,14,[2 9],3,21,35,18,11
1,<environment.Job instance at 0x7f2b988f0190>,15,1,[6 2],16,17,18,1,17
1,<environment.Job instance at 0x7f2b988f0500>,17,1,[9 1],18,35,36,17,19
1,<environment.Job instance at 0x7f2b988f0910>,20,13,[10  5],21,36,49,15,21
1,<environment.Job instance at 0x7f2b988f0280>,22,14,[2 7],23,49,63,26,34
1,<environment.Job instance at 0x7f2b98946050>,27,1,[2 8],28,63,64,35,46
1,<environment.Job instance at 0x7f2b98946b90>,30,3,[5 6],31,64,67,33,47
1,<environment.Job instance at 0x7f2b98a2df50>,25,14,[10  2],26,67,81,41,55
1,<environment.Job instance at 0x7f2b98946280>,37,3,[1 5],38,81,84,43,56
1,<environment.Job instance at 0x7f2b989465f0>,1,2,[9 5],2,2,4,0,2
1,<environment.Job instance at 0x7f2b98ff3a50>,4,16,[7 5],5,6,22,1,6
1,<environment.Job instance at 0x7f2b990063c0>,14,14,[5 5],15,26,40,11,26
1,<environment.Job instance at 0x7f2b990065a0>,17,17,[5 2],18,26,43,8,26
1,<environment.Job instance at 0x7f2b99006320>,13,12,[9 1],14,52,64,38,52
1,<environment.Job instance at 0x7f2b99006d70>,26,3,[8 4],27,64,67,37,52
1,<environment.Job instance at 0x7f2b98ff20a0>,29,3,[4 7],30,67,70,37,52
1,<environment.Job instance at 0x7f2b98ff2140>,30,17,[2 6],31,70,87,39,58
1,<environment.Job instance at 0x7f2bdca18190>,1,3,[4 5],2,2,5,0,2
1,<environment.Job instance at 0x7f2bdf1a1140>,3,2,[5 1],4,4,6,0,4
1,<environment.Job instance at 0x7f2bdf378a00>,7,13,[1 9],8,11,24,3,11
1,<environment.Job instance at 0x7f2bdf1a1640>,4,17,[9 4],5,24,41,19,12
1,<environment.Job instance at 0x7f2bdca7a5a0>,14,15,[5 1],15,41,56,26,28
1,<environment.Job instance at 0x7f2b98ff2320>,8,17,[3 6],9,41,58,32,31
1,<environment.Job instance at 0x7f2bdc9ec9b0>,28,15,[7 5],29,58,73,29,44
1,<environment.Job instance at 0x7f2bdc9ec320>,32,3,[7 1],33,73,76,40,52
1,<environment.Job instance at 0x7f2bdc925730>,2,12,[3 8],3,3,15,0,3
1,<environment.Job instance at 0x7f2b98a0f500>,3,3,[4 8],4,15,18,11,4
1,<environment.Job instance at 0x7f2bdf15c370>,4,15,[4 6],5,18,33,13,5
1,<environment.Job instance at 0x7f2b98ab8230>,10,2,[1 7],11,33,35,22,24
1,<environment.Job instance at 0x7f2b98ab8a50>,14,1,[3 8],15,35,36,20,24
1,<environment.Job instance at 0x7f2bdc975a50>,17,1,[5 5],18,36,37,18,24
1,<environment.Job instance at 0x7f2bdcaf75f0>,19,3,[7 2],20,33,36,13,24
1,<environment.Job instance at 0x7f2bdc56d0a0>,20,14,[7 5],21,37,51,16,24
1,<environment.Job instance at 0x7f2bdebd8d20>,23,2,[5 5],24,51,53,27,25
1,<environment.Job instance at 0x7f2bdc56de10>,21,3,[1 6],22,53,56,31,28
1,<environment.Job instance at 0x7f2b98c1f4b0>,27,12,[5 8],28,56,68,28,40
1,<environment.Job instance at 0x7f2b98c1f780>,28,14,[7 5],29,68,82,39,54
1,<environment.Job instance at 0x7f2bdc65a3c0>,1,12,[5 5],2,2,14,0,2
1,<environment.Job instance at 0x7f2bdc5895a0>,2,12,[5 5],3,3,15,0,3
1,<environment.Job instance at 0x7f2b9881a7d0>,5,14,[7 4],6,15,29,9,7
1,<environment.Job instance at 0x7f2bdc589a50>,6,1,[3 8],7,29,30,22,7
1,<environment.Job instance at 0x7f2bdc547a00>,11,13,[4 5],12,30,43,18,15
1,<environment.Job instance at 0x7f2bdc4b2f00>,21,14,[1 5],22,30,44,8,28
1,<environment.Job instance at 0x7f2b98b747d0>,15,12,[ 1 10],16,44,56,28,29
1,<environment.Job instance at 0x7f2b98c320f0>,23,14,[2 7],24,56,70,32,42
1,<environment.Job instance at 0x7f2b98b98f50>,33,3,[8 4],34,70,73,36,46
1,<environment.Job instance at 0x7f2bdc45d730>,1,13,[5 5],2,5,18,3,5
1,<environment.Job instance at 0x7f2bdc45df00>,5,3,[1 5],6,6,9,0,6
1,<environment.Job instance at 0x7f2bdc45d5f0>,6,3,[9 3],7,18,21,11,7
1,<environment.Job instance at 0x7f2bdc45d9b0>,7,13,[6 4],8,21,34,13,8
1,<environment.Job instance at 0x7f2be3956730>,13,13,[6 5],14,34,47,20,18
1,<environment.Job instance at 0x7f2bdec481e0>,21,13,[5 3],22,47,60,25,31
1,<environment.Job instance at 0x7f2bdec483c0>,22,15,[5 1],23,47,62,24,38
1,<environment.Job instance at 0x7f2bdec484b0>,24,12,[6 4],25,62,74,37,47
1,<environment.Job instance at 0x7f2bdecb5910>,2,16,[9 2],3,8,24,5,8
1,<environment.Job instance at 0x7f2bdf163050>,15,3,[6 5],16,33,36,17,33
1,<environment.Job instance at 0x7f2bdf17af00>,17,13,[7 3],18,36,49,18,36
1,<environment.Job instance at 0x7f2bdf370780>,22,15,[1 6],23,47,62,24,47
1,<environment.Job instance at 0x7f2bdc84ff50>,24,12,[4 6],25,62,74,37,50
1,<environment.Job instance at 0x7f2bdf120410>,0,3,[9 5],1,9,12,8,9
1,<environment.Job instance at 0x7f2b9873f140>,1,13,[1 7],2,12,25,10,11
1,<environment.Job instance at 0x7f2bdc8c0be0>,9,3,[5 1],10,12,15,2,12
1,<environment.Job instance at 0x7f2bdc46f370>,11,1,[10  4],12,25,26,13,13
1,<environment.Job instance at 0x7f2bdf11fe10>,13,3,[6 2],14,15,18,1,14
1,<environment.Job instance at 0x7f2b98e06050>,12,3,[6 4],13,26,29,13,15
1,<environment.Job instance at 0x7f2b98b0b870>,2,13,[4 8],3,29,42,26,17
1,<environment.Job instance at 0x7f2b9876fa00>,19,14,[3 7],20,42,56,22,28
1,<environment.Job instance at 0x7f2bdefd5c80>,27,2,[7 2],28,42,44,14,33
1,<environment.Job instance at 0x7f2bded4d3c0>,29,1,[ 2 10],30,56,57,26,34
1,<environment.Job instance at 0x7f2b9876f9b0>,20,15,[9 4],21,57,72,36,46
1,<environment.Job instance at 0x7f2bdec5c460>,7,17,[5 2],8,10,27,2,10
1,<environment.Job instance at 0x7f2bdec5c910>,13,12,[6 2],14,27,39,13,14
1,<environment.Job instance at 0x7f2bdec5cf00>,18,14,[9 4],19,39,53,20,33
1,<environment.Job instance at 0x7f2bdec5c640>,10,15,[3 9],11,53,68,42,52
1,<environment.Job instance at 0x7f2bdec62190>,29,14,[6 1],30,53,67,23,53
1,<environment.Job instance at 0x7f2b98ce9640>,2,18,[5 9],3,68,86,65,57
1,<environment.Job instance at 0x7f2bdec5cd20>,2,3,[9 1],3,4,7,1,4
1,<environment.Job instance at 0x7f2be3bd23c0>,9,15,[5 2],10,28,43,18,28
1,<environment.Job instance at 0x7f2be37b2fa0>,13,3,[5 8],14,32,35,18,32
1,<environment.Job instance at 0x7f2be3bd20a0>,14,1,[6 1],15,43,44,28,32
1,<environment.Job instance at 0x7f2be3bd25a0>,7,16,[ 5 10],8,44,60,36,33
1,<environment.Job instance at 0x7f2bdc535550>,4,17,[6 5],5,60,77,55,49
1,<environment.Job instance at 0x7f2b98ed7dc0>,1,16,[ 4 10],2,6,22,4,6
1,<environment.Job instance at 0x7f2b98ed71e0>,12,18,[5 1],13,22,40,9,15
1,<environment.Job instance at 0x7f2bdc4d1410>,15,17,[7 4],16,40,57,24,29
1,<environment.Job instance at 0x7f2bdc4d1190>,17,14,[5 5],18,57,71,39,43
1,<environment.Job instance at 0x7f2b98ebe5a0>,4,3,[3 5],5,11,14,6,11
1,<environment.Job instance at 0x7f2bdefaf5f0>,10,16,[5 9],11,14,30,3,12
1,<environment.Job instance at 0x7f2bdefaf6e0>,11,15,[9 5],12,30,45,18,17
1,<environment.Job instance at 0x7f2bdefaf820>,17,12,[5 4],18,45,57,27,28
1,<environment.Job instance at 0x7f2bdefafe60>,19,16,[ 4 10],20,57,73,37,44
1,<environment.Job instance at 0x7f2bdc444870>,8,16,[1 6],9,13,29,4,13
1,<environment.Job instance at 0x7f2bdc444690>,7,16,[5 8],8,29,45,21,16
1,<environment.Job instance at 0x7f2bdc444e60>,14,14,[10  4],15,45,59,30,31
1,<environment.Job instance at 0x7f2bdc444b40>,16,12,[9 4],17,59,71,42,42
1,<environment.Job instance at 0x7f2b98f98550>,1,1,[2 7],2,2,3,0,2
1,<environment.Job instance at 0x7f2bdc7aa690>,2,2,[4 5],3,3,5,0,3
1,<environment.Job instance at 0x7f2b98f98050>,0,18,[9 2],1,5,23,4,5
1,<environment.Job instance at 0x7f2bdc9a4b90>,6,1,[2 5],7,23,24,16,8
1,<environment.Job instance at 0x7f2b98743c80>,11,12,[6 3],12,23,35,11,14
1,<environment.Job instance at 0x7f2bdc463a00>,17,18,[6 2],18,35,53,17,32
1,<environment.Job instance at 0x7f2b98adf2d0>,16,13,[9 5],17,53,66,36,38
1,<environment.Job instance at 0x7f2b98915230>,0,17,[8 4],1,1,18,0,1
1,<environment.Job instance at 0x7f2b98915460>,3,13,[8 3],4,18,31,14,4
1,<environment.Job instance at 0x7f2bdc80aa00>,14,17,[4 7],15,31,48,16,21
1,<environment.Job instance at 0x7f2b98ade370>,18,12,[5 1],19,31,43,12,31
1,<environment.Job instance at 0x7f2bdca97140>,11,13,[5 2],12,43,56,31,32
1,<environment.Job instance at 0x7f2b98ae77d0>,23,3,[1 6],24,48,51,24,32
1,<environment.Job instance at 0x7f2b98ade0f0>,17,14,[2 6],18,51,65,33,39
1,<environment.Job instance at 0x7f2bdc80a780>,13,17,[6 4],14,56,73,42,50
1,<environment.Job instance at 0x7f2b98ae7af0>,22,14,[10  1],23,73,87,50,59
1,<environment.Job instance at 0x7f2bdc4f8f00>,5,16,[6 5],6,9,25,3,9
1,<environment.Job instance at 0x7f2bdc4f8cd0>,6,12,[ 1 10],7,25,37,18,13
1,<environment.Job instance at 0x7f2b98840960>,18,14,[7 2],19,37,51,18,22
1,<environment.Job instance at 0x7f2bdc4f89b0>,8,15,[1 8],9,37,52,28,24
1,<environment.Job instance at 0x7f2bdc456050>,26,14,[7 5],27,52,66,25,37
1,<environment.Job instance at 0x7f2bdc4567d0>,30,18,[5 5],31,66,84,35,55
1,<environment.Job instance at 0x7f2bdc456640>,33,18,[5 2],34,66,84,32,56
1,<environment.Job instance at 0x7f2bdf0742d0>,1,14,[1 5],2,6,20,4,6
1,<environment.Job instance at 0x7f2bdf0741e0>,9,14,[8 5],10,10,24,0,10
1,<environment.Job instance at 0x7f2bdf074f50>,5,12,[8 3],6,24,36,18,13
1,<environment.Job instance at 0x7f2bdc72a500>,13,3,[3 9],14,36,39,22,14
1,<environment.Job instance at 0x7f2b98d92190>,15,1,[ 1 10],16,39,40,23,16
1,<environment.Job instance at 0x7fa1e0666230>,3,3,[4 8],4,4,7,0,4
1,<environment.Job instance at 0x7fa1e0666190>,4,14,[1 6],5,7,21,2,6
1,<environment.Job instance at 0x7fa1e06664b0>,6,20,[6 1],7,7,27,0,7
1,<environment.Job instance at 0x7fa1e06667d0>,11,15,[4 8],12,21,36,9,12
1,<environment.Job instance at 0x7fa1e0666c30>,14,13,[7 3],15,36,49,21,22
1,<environment.Job instance at 0x7fa1e0666d70>,16,16,[3 5],17,36,52,19,23
1,<environment.Job instance at 0x7fa1e0666cd0>,15,18,[2 8],16,52,70,36,50
1,<environment.Job instance at 0x7fa1e0667a00>,27,15,[8 4],28,70,85,42,57
1,<environment.Job instance at 0x7fa1e0667230>,24,18,[2 6],25,70,88,45,67
1,<environment.Job instance at 0x7fa1e7bdd640>,1,2,[5 1],2,2,4,0,2
1,<environment.Job instance at 0x7fa1e06673c0>,2,2,[5 9],3,6,8,3,6
1,<environment.Job instance at 0x7fa1e7a9ecd0>,7,13,[8 5],8,8,21,0,8
1,<environment.Job instance at 0x7fa1e7a9ed20>,8,12,[10  2],9,21,33,12,10
1,<environment.Job instance at 0x7fa1e7a9e6e0>,9,13,[9 4],10,33,46,23,22
1,<environment.Job instance at 0x7fa1e7bdcd20>,19,14,[5 3],20,46,60,26,32
1,<environment.Job instance at 0x7fa1e7bdcb90>,20,2,[9 3],21,60,62,39,33
1,<environment.Job instance at 0x7fa1e7a9f500>,24,3,[4 5],25,46,49,21,33
1,<environment.Job instance at 0x7fa1e7be4280>,14,18,[3 7],15,62,80,47,51
1,<environment.Job instance at 0x7fa1e7a9f140>,30,18,[2 7],31,80,98,49,69
1,<environment.Job instance at 0x7fa19c9885f0>,1,13,[5 6],2,3,16,1,3
1,<environment.Job instance at 0x7fa19c988500>,11,15,[10  4],12,18,33,6,18
1,<environment.Job instance at 0x7fa19c9a40a0>,14,14,[8 4],15,33,47,18,18
1,<environment.Job instance at 0x7fa19c9a43c0>,12,14,[1 8],13,47,61,34,37
1,<environment.Job instance at 0x7fa19c98dcd0>,23,15,[5 2],24,47,62,23,38
1,<environment.Job instance at 0x7fa19c98d960>,29,14,[3 6],30,61,75,31,50
1,<environment.Job instance at 0x7fa19c968a50>,6,12,[ 3 10],7,17,29,10,17
1,<environment.Job instance at 0x7fa19c8bbe10>,16,14,[10  1],17,29,43,12,18
1,<environment.Job instance at 0x7fa19c8bb1e0>,18,15,[7 5],19,43,58,24,29
1,<environment.Job instance at 0x7fa19ca3cdc0>,29,2,[5 8],30,58,60,28,45
1,<environment.Job instance at 0x7fa19ca3cb40>,32,2,[9 3],33,64,66,31,64
1,<environment.Job instance at 0x7fa19c8bbc30>,14,16,[9 4],15,66,82,51,64
1,<environment.Job instance at 0x7fa19cd5c280>,6,1,[2 7],7,7,8,0,7
1,<environment.Job instance at 0x7fa19cd5c140>,8,13,[8 5],9,9,22,0,9
1,<environment.Job instance at 0x7fa19cd5c780>,13,3,[9 5],14,22,25,8,15
1,<environment.Job instance at 0x7fa19cd5c640>,10,18,[6 1],11,25,43,14,16
1,<environment.Job instance at 0x7fa19cd5cb40>,16,1,[7 3],17,43,44,26,17
1,<environment.Job instance at 0x7fa19cd5cd20>,20,15,[8 2],21,44,59,23,30
1,<environment.Job instance at 0x7fa19cd58500>,25,13,[6 4],26,59,72,33,46
1,<environment.Job instance at 0x7fa19cd585f0>,27,13,[1 9],28,72,85,44,58
1,<environment.Job instance at 0x7fa1e081ad20>,1,2,[6 3],2,2,4,0,2
1,<environment.Job instance at 0x7fa19cd58050>,2,12,[8 1],3,4,16,1,4
1,<environment.Job instance at 0x7fa19cd58550>,3,1,[1 7],4,5,6,1,5
1,<environment.Job instance at 0x7fa1e081aaa0>,0,14,[8 3],1,16,30,15,8
1,<environment.Job instance at 0x7fa1e0424870>,8,2,[9 4],9,30,32,21,11
1,<environment.Job instance at 0x7fa1e0424280>,9,3,[ 2 10],10,32,35,22,15
1,<environment.Job instance at 0x7fa1e3256230>,11,17,[7 5],12,35,52,23,23
1,<environment.Job instance at 0x7fa1e07f4e10>,25,13,[5 5],26,52,65,26,40
1,<environment.Job instance at 0x7fa1e2bd20f0>,14,15,[4 6],15,65,80,50,51
1,<environment.Job instance at 0x7fa1e2daabe0>,33,2,[5 5],34,59,61,25,59
1,<environment.Job instance at 0x7fa1e2daa2d0>,36,3,[6 3],37,65,68,28,63
1,<environment.Job instance at 0x7fa1e2daa050>,30,14,[7 5],31,80,94,49,67
1,<environment.Job instance at 0x7fa1e072ecd0>,1,12,[5 5],2,2,14,0,2
1,<environment.Job instance at 0x7fa1e09822d0>,2,12,[5 5],3,3,15,0,3
1,<environment.Job instance at 0x7fa1e2c31b40>,3,13,[4 9],4,15,28,11,5
1,<environment.Job instance at 0x7fa19cf283c0>,12,1,[ 5 10],13,28,29,15,13
1,<environment.Job instance at 0x7fa1e2c31aa0>,7,3,[10  2],8,29,32,21,13
1,<environment.Job instance at 0x7fa1e04e7cd0>,17,2,[10  4],18,32,34,14,18
1,<environment.Job instance at 0x7fa1e331e5a0>,19,14,[5 7],20,34,48,14,21
1,<environment.Job instance at 0x7fa19cb715f0>,20,18,[4 7],21,48,66,27,40
1,<environment.Job instance at 0x7fa1e059f2d0>,33,3,[8 4],34,66,69,32,53
1,<environment.Job instance at 0x7fa1e05d28c0>,23,14,[2 7],24,69,83,45,57
1,<environment.Job instance at 0x7fa19cf28370>,3,13,[6 5],4,4,17,0,4
1,<environment.Job instance at 0x7fa1e0641f00>,4,2,[7 5],5,17,19,12,5
1,<environment.Job instance at 0x7fa19d012af0>,8,3,[5 8],9,19,22,10,11
1,<environment.Job instance at 0x7fa19d012c30>,9,15,[9 5],10,22,37,12,12
1,<environment.Job instance at 0x7fa19d00c3c0>,18,14,[5 9],19,37,51,18,26
1,<environment.Job instance at 0x7fa19d00c870>,21,16,[6 5],22,51,67,29,38
1,<environment.Job instance at 0x7fa19d00cfa0>,29,13,[5 9],30,67,80,37,53
1,<environment.Job instance at 0x7fa19d0003c0>,35,13,[10  4],36,80,93,44,67
1,<environment.Job instance at 0x7fa1e337dbe0>,1,1,[8 5],2,2,3,0,2
1,<environment.Job instance at 0x7fa1e7bef500>,4,12,[4 6],5,6,18,1,6
1,<environment.Job instance at 0x7fa1e060d460>,10,15,[1 6],11,18,33,7,11
1,<environment.Job instance at 0x7fa1e7bef8c0>,0,14,[3 6],1,33,47,32,18
1,<environment.Job instance at 0x7fa19c950d20>,14,12,[8 4],15,47,59,32,31
1,<environment.Job instance at 0x7fa1e07f1190>,15,15,[7 4],16,32,47,16,32
1,<environment.Job instance at 0x7fa1e07f1230>,19,17,[7 2],20,59,76,39,48
1,<environment.Job instance at 0x7fa1e07f8f00>,22,18,[5 1],23,76,94,53,65
1,<environment.Job instance at 0x7fa19cef9050>,25,2,[4 7],26,76,78,50,65
1,<environment.Job instance at 0x7fa1e2dc6870>,1,2,[5 1],2,2,4,0,2
1,<environment.Job instance at 0x7fa1e332baa0>,2,14,[6 5],3,4,18,1,3
1,<environment.Job instance at 0x7fa1e2dc6500>,3,1,[7 2],4,18,19,14,4
1,<environment.Job instance at 0x7fa1e07ac820>,4,15,[10  3],5,19,34,14,7
1,<environment.Job instance at 0x7fa19ce44fa0>,13,17,[8 5],14,34,51,20,24
1,<environment.Job instance at 0x7fa1e05d4af0>,20,16,[9 2],21,51,67,30,38
1,<environment.Job instance at 0x7fa1e0b70d20>,24,3,[6 4],25,67,70,42,44
1,<environment.Job instance at 0x7fa1e0b08af0>,28,3,[8 2],29,70,73,41,45
1,<environment.Job instance at 0x7fa1e7afd1e0>,32,18,[5 9],33,73,91,40,62
1,<environment.Job instance at 0x7fa1e0729730>,2,3,[5 2],3,3,6,0,3
1,<environment.Job instance at 0x7fa1e067e5a0>,1,3,[8 4],2,6,9,4,4
1,<environment.Job instance at 0x7fa1e058d780>,12,17,[1 6],13,15,32,2,15
1,<environment.Job instance at 0x7fa19cda0d20>,6,17,[5 5],7,32,49,25,25
1,<environment.Job instance at 0x7fa19c951550>,18,15,[3 6],19,49,64,30,35
1,<environment.Job instance at 0x7fa19cb89cd0>,7,15,[ 5 10],8,8,23,0,8
1,<environment.Job instance at 0x7fa19cb89230>,6,12,[6 3],7,23,35,16,9
1,<environment.Job instance at 0x7fa1e30d69b0>,15,16,[4 6],16,23,39,7,18
1,<environment.Job instance at 0x7fa1e30d6500>,16,18,[9 4],17,39,57,22,28
1,<environment.Job instance at 0x7fa1e30d6c30>,21,13,[2 8],22,57,70,35,42
1,<environment.Job instance at 0x7fa1e30c9230>,25,17,[7 4],26,70,87,44,59
1,<environment.Job instance at 0x7fa1e7bdf730>,2,18,[5 8],3,5,23,2,5
1,<environment.Job instance at 0x7fa1e2e623c0>,6,16,[6 1],7,23,39,16,10
1,<environment.Job instance at 0x7fa19cfbef00>,16,3,[8 5],17,39,42,22,19
1,<environment.Job instance at 0x7fa19c745910>,18,14,[8 1],19,42,56,23,35
1,<environment.Job instance at 0x7fa19c7fe190>,10,16,[5 9],11,56,72,45,43
1,<environment.Job instance at 0x7fa19cdfbd20>,20,18,[5 8],21,72,90,51,62
1,<environment.Job instance at 0x7fa19cda8410>,8,12,[10  1],9,11,23,2,11
1,<environment.Job instance at 0x7fa19cd11aa0>,6,12,[9 4],7,23,35,16,11
1,<environment.Job instance at 0x7fa1e2ee7eb0>,13,2,[8 4],14,35,37,21,22
1,<environment.Job instance at 0x7fa1e09d7780>,14,1,[10  4],15,37,38,22,22
1,<environment.Job instance at 0x7fa1e07a3910>,15,12,[5 9],16,38,50,22,23
1,<environment.Job instance at 0x7fa19cf14820>,17,17,[8 2],18,50,67,32,38
1,<environment.Job instance at 0x7fa19c833050>,22,15,[2 9],23,67,82,44,53
1,<environment.Job instance at 0x7fa1e3153aa0>,1,14,[9 5],2,3,17,1,3
1,<environment.Job instance at 0x7fa19cfc6cd0>,7,3,[2 8],8,17,20,9,11
1,<environment.Job instance at 0x7fa19c77faa0>,2,15,[7 3],3,20,35,17,15
1,<environment.Job instance at 0x7fa19cfc6fa0>,10,1,[2 6],11,24,25,13,24
1,<environment.Job instance at 0x7fa19cfbd2d0>,13,13,[3 7],14,27,40,13,27
1,<environment.Job instance at 0x7fa19cfc6c80>,12,16,[1 7],13,40,56,27,37
1,<environment.Job instance at 0x7fa19cfbd190>,17,16,[7 2],18,39,55,21,39
1,<environment.Job instance at 0x7fa19cfbdcd0>,28,15,[7 1],29,55,70,26,41
1,<environment.Job instance at 0x7fa19cfbd960>,22,14,[9 3],23,70,84,47,55
1,<environment.Job instance at 0x7fa1e097e500>,1,1,[4 7],2,2,3,0,2
1,<environment.Job instance at 0x7fa19cfca190>,2,19,[6 2],3,4,23,1,4
1,<environment.Job instance at 0x7fa1e2c44a00>,12,2,[6 3],13,23,25,10,13
1,<environment.Job instance at 0x7fa1e2c44b90>,13,16,[3 8],14,25,41,11,15
1,<environment.Job instance at 0x7fa1e2c44b40>,15,3,[3 9],16,41,44,25,16
1,<environment.Job instance at 0x7fa19c9bc2d0>,21,3,[2 9],22,44,47,22,33
1,<environment.Job instance at 0x7fa19c9bc8c0>,22,3,[10  3],23,47,50,24,34
1,<environment.Job instance at 0x7fa19c9bcbe0>,24,15,[3 5],25,50,65,25,38
1,<environment.Job instance at 0x7fa1e2c44870>,8,18,[ 4 10],9,65,83,56,54
1,<environment.Job instance at 0x7fa1e3185b40>,1,13,[9 1],2,6,19,4,6
1,<environment.Job instance at 0x7fa19c8feb90>,7,3,[8 3],8,19,22,11,10
1,<environment.Job instance at 0x7fa19cca1e10>,13,3,[9 5],14,22,25,8,14
1,<environment.Job instance at 0x7fa19ccdbaa0>,15,14,[6 3],16,25,39,9,16
1,<environment.Job instance at 0x7fa19ccdbd20>,14,14,[5 9],15,39,53,24,27
1,<environment.Job instance at 0x7fa1e09d4b40>,22,17,[5 1],23,39,56,16,32
1,<environment.Job instance at 0x7fa1e08da4b0>,27,17,[5 5],28,53,70,25,49
1,<environment.Job instance at 0x7fa1e3185690>,4,15,[10  2],5,70,85,65,56
1,<environment.Job instance at 0x7fa19cb69910>,2,3,[1 7],3,3,6,0,3
1,<environment.Job instance at 0x7fa1e0563e10>,1,18,[4 9],2,8,26,6,8
1,<environment.Job instance at 0x7fa1e2c98eb0>,8,12,[1 9],9,26,38,17,10
1,<environment.Job instance at 0x7fa19cb69960>,0,18,[4 5],1,38,56,37,27
1,<environment.Job instance at 0x7fa1e0b80e10>,24,15,[5 3],25,45,60,20,45
1,<environment.Job instance at 0x7fa1e0b87230>,25,15,[8 3],26,60,75,34,47
1,<environment.Job instance at 0x7fa1e0b87730>,30,13,[10  5],31,75,88,44,60
1,<environment.Job instance at 0x7fa1e0b7e910>,1,2,[4 9],2,2,4,0,2
1,<environment.Job instance at 0x7fa1e08a81e0>,7,13,[7 1],8,9,22,1,9
1,<environment.Job instance at 0x7fa19c80ed70>,9,12,[4 8],10,22,34,12,11
1,<environment.Job instance at 0x7fa1e2bd8190>,10,14,[1 9],11,34,48,23,23
1,<environment.Job instance at 0x7fa1e2bd8dc0>,15,15,[1 6],16,48,63,32,34
1,<environment.Job instance at 0x7fa19cb25eb0>,20,14,[3 5],21,63,77,42,48
1,<environment.Job instance at 0x7fa1e2dcd910>,26,12,[5 6],27,77,89,50,60
1,<environment.Job instance at 0x7fa1e04a50a0>,28,12,[6 1],29,60,72,31,60
1,<environment.Job instance at 0x7fa19cb869b0>,7,18,[6 4],8,14,32,6,14
1,<environment.Job instance at 0x7fa19cb92eb0>,9,15,[9 3],10,32,47,22,18
1,<environment.Job instance at 0x7fa1e3355320>,12,3,[2 6],13,20,23,7,20
1,<environment.Job instance at 0x7fa19c7f33c0>,16,15,[4 7],17,47,62,30,34
1,<environment.Job instance at 0x7fa1e0686c80>,2,15,[ 2 10],3,68,83,65,68
1,<environment.Job instance at 0x7fa1e30050f0>,29,13,[4 5],30,83,96,53,69
1,<environment.Job instance at 0x7f6b488860f0>,0,13,[9 3],1,4,17,3,4
1,<environment.Job instance at 0x7f6b41476190>,4,14,[1 6],5,5,19,0,5
1,<environment.Job instance at 0x7f6b41476410>,5,2,[1 5],6,19,21,13,6
1,<environment.Job instance at 0x7f6b414763c0>,6,20,[6 1],7,17,37,10,8
1,<environment.Job instance at 0x7f6b41476230>,3,3,[4 8],4,21,24,17,9
1,<environment.Job instance at 0x7f6b488860a0>,7,1,[5 4],8,37,38,29,12
1,<environment.Job instance at 0x7f6b41476640>,8,13,[5 5],9,37,50,28,22
1,<environment.Job instance at 0x7f6b41476eb0>,16,16,[3 5],17,49,65,32,49
1,<environment.Job instance at 0x7f6b41477550>,26,3,[3 7],27,65,68,38,51
1,<environment.Job instance at 0x7f6b41477870>,27,15,[8 4],28,68,83,40,56
1,<environment.Job instance at 0x7f6b41477aa0>,32,3,[5 1],33,63,66,30,63
1,<environment.Job instance at 0x7f6b41477dc0>,33,14,[5 5],34,83,97,49,68
1,<environment.Job instance at 0x7f6b4147a0a0>,1,15,[5 9],2,4,19,2,4
1,<environment.Job instance at 0x7f6b488ae780>,9,14,[5 3],10,19,33,9,10
1,<environment.Job instance at 0x7f6b41477fa0>,4,18,[3 7],5,21,39,16,21
1,<environment.Job instance at 0x7f6b489ed640>,5,17,[3 9],6,39,56,33,28
1,<environment.Job instance at 0x7f6b489ecbe0>,20,18,[2 7],21,56,74,35,45
1,<environment.Job instance at 0x7f6b489fa500>,24,15,[1 9],25,74,89,49,61
1,<environment.Job instance at 0x7f6afd772d20>,3,15,[5 2],4,7,22,3,7
1,<environment.Job instance at 0x7f6afd772500>,10,2,[9 5],11,22,24,11,11
1,<environment.Job instance at 0x7f6afd76f320>,19,14,[2 6],20,39,53,19,39
1,<environment.Job instance at 0x7f6afd76f0a0>,22,14,[2 9],23,53,67,30,41
1,<environment.Job instance at 0x7f6afd76feb0>,23,2,[7 3],24,41,43,17,41
1,<environment.Job instance at 0x7f6afd76faa0>,15,16,[ 2 10],16,67,83,51,54
1,<environment.Job instance at 0x7f6afd769f00>,34,12,[3 8],35,83,95,48,70
1,<environment.Job instance at 0x7f6afd763820>,1,2,[9 5],2,2,4,0,2
1,<environment.Job instance at 0x7f6afdc2a410>,2,2,[9 3],3,5,7,2,5
1,<environment.Job instance at 0x7f6afdbe26e0>,14,14,[5 5],15,36,50,21,36
1,<environment.Job instance at 0x7f6afdc2aa00>,6,16,[7 4],7,50,66,43,41
1,<environment.Job instance at 0x7f6afdbe2b40>,19,1,[5 4],20,41,42,21,41
1,<environment.Job instance at 0x7f6b43a27f50>,25,2,[1 5],26,62,64,36,62
1,<environment.Job instance at 0x7f6afdc2af50>,4,16,[7 5],5,66,82,61,62
1,<environment.Job instance at 0x7f6afdc48960>,26,3,[8 4],27,82,85,55,62
1,<environment.Job instance at 0x7f6afdc48730>,24,12,[7 2],25,85,97,60,70
1,<environment.Job instance at 0x7f6afdc4b7d0>,28,15,[3 6],29,85,100,56,71
1,<environment.Job instance at 0x7f6b48886140>,34,2,[8 5],35,100,102,65,78
1,<environment.Job instance at 0x7f6afd8520a0>,1,2,[1 7],2,2,4,0,2
1,<environment.Job instance at 0x7f6afdbdd870>,3,3,[2 5],4,5,8,1,5
1,<environment.Job instance at 0x7f6afdc100a0>,4,12,[5 9],5,9,21,4,9
1,<environment.Job instance at 0x7f6afdb70aa0>,8,15,[7 5],9,21,36,12,13
1,<environment.Job instance at 0x7f6afdb5f0a0>,16,16,[ 5 10],17,70,86,53,70
1,<environment.Job instance at 0x7f6afdb5f5a0>,24,14,[1 5],25,86,100,61,71
1,<environment.Job instance at 0x7f6afdb13870>,0,2,[10  2],1,3,5,2,3
1,<environment.Job instance at 0x7f6afdb13b90>,5,3,[2 5],6,7,10,1,7
1,<environment.Job instance at 0x7f6b43a98820>,8,14,[ 2 10],9,12,26,3,12
1,<environment.Job instance at 0x7f6b43a98e60>,18,14,[4 6],19,26,40,7,20
1,<environment.Job instance at 0x7f6b43a98780>,20,13,[5 6],21,40,53,19,27
1,<environment.Job instance at 0x7f6afdd24e10>,25,14,[7 4],26,53,67,27,41
1,<environment.Job instance at 0x7f6afdd24870>,31,13,[4 5],32,67,80,35,58
1,<environment.Job instance at 0x7f6afdd24190>,38,16,[6 3],39,68,84,29,68
1,<environment.Job instance at 0x7f6b43efd1e0>,39,14,[5 7],40,84,98,44,70
1,<environment.Job instance at 0x7f6afdb3a960>,7,13,[6 4],8,8,21,0,8
1,<environment.Job instance at 0x7f6b41712500>,6,3,[9 3],7,21,24,14,9
1,<environment.Job instance at 0x7f6b43fa1960>,9,1,[10  3],10,24,25,14,10
1,<environment.Job instance at 0x7f6afdd45190>,14,2,[7 5],15,25,27,10,16
1,<environment.Job instance at 0x7f6afdd45cd0>,17,18,[5 1],18,27,45,9,19
1,<environment.Job instance at 0x7f6afd9dbe60>,18,3,[5 8],19,27,30,8,20
1,<environment.Job instance at 0x7f6afda9b6e0>,11,18,[2 9],12,30,48,18,20
1,<environment.Job instance at 0x7f6afdc6dcd0>,20,1,[6 3],21,48,49,27,21
1,<environment.Job instance at 0x7f6b412b1f00>,22,15,[5 1],23,49,64,26,35
1,<environment.Job instance at 0x7f6afda78b90>,23,18,[5 9],24,49,67,25,39
1,<environment.Job instance at 0x7f6b43d6feb0>,30,12,[2 5],31,67,79,36,54
1,<environment.Job instance at 0x7f6b43d6fd70>,31,16,[6 5],32,67,83,35,54
1,<environment.Job instance at 0x7f6b43b07050>,35,12,[2 9],36,83,95,47,68
1,<environment.Job instance at 0x7f6b4124ef00>,1,1,[8 5],2,2,3,0,2
1,<environment.Job instance at 0x7f6b43b07aa0>,2,15,[1 6],3,3,18,0,3
1,<environment.Job instance at 0x7f6b43bc9550>,3,2,[5 5],4,18,20,14,4
1,<environment.Job instance at 0x7f6afdcf4b90>,5,17,[7 1],6,20,37,14,8
1,<environment.Job instance at 0x7f6afdcf4d20>,7,18,[1 7],8,20,38,12,10
1,<environment.Job instance at 0x7f6afdcd90f0>,11,14,[10  4],12,38,52,26,26
1,<environment.Job instance at 0x7f6afdcd9500>,15,15,[7 4],16,52,67,36,38
1,<environment.Job instance at 0x7f6afdcd9870>,20,12,[8 1],21,67,79,46,52
1,<environment.Job instance at 0x7f6afdcd9af0>,24,12,[6 5],25,79,91,54,68
1,<environment.Job instance at 0x7f6afd637cd0>,3,17,[8 5],4,4,21,0,4
1,<environment.Job instance at 0x7f6afdcfcf00>,0,15,[4 5],1,21,36,20,8
1,<environment.Job instance at 0x7f6afdcd9b90>,5,16,[4 5],6,21,37,15,19
1,<environment.Job instance at 0x7f6afd945370>,13,12,[4 6],14,37,49,23,21
1,<environment.Job instance at 0x7f6afd5f9960>,14,3,[6 4],15,36,39,21,21
1,<environment.Job instance at 0x7f6b412aa140>,18,3,[8 2],19,49,52,30,25
1,<environment.Job instance at 0x7f6b412aaaa0>,23,16,[6 5],24,52,68,28,40
1,<environment.Job instance at 0x7f6afdbac190>,30,15,[3 9],31,68,83,37,56
1,<environment.Job instance at 0x7f6b415fb8c0>,33,12,[6 2],34,83,95,49,67
1,<environment.Job instance at 0x7f6b487bb640>,2,3,[9 1],3,5,8,2,5
1,<environment.Job instance at 0x7f6b41836550>,1,2,[2 6],2,8,10,6,7
1,<environment.Job instance at 0x7f6b439c7640>,9,15,[5 2],10,10,25,0,10
1,<environment.Job instance at 0x7f6afdb3b140>,12,16,[9 4],13,25,41,12,18
1,<environment.Job instance at 0x7f6afd8c33c0>,15,3,[1 5],16,18,21,2,18
1,<environment.Job instance at 0x7f6afda32870>,7,16,[ 5 10],8,41,57,33,28
1,<environment.Job instance at 0x7f6afd6c1960>,19,1,[10  3],20,57,58,37,33
1,<environment.Job instance at 0x7f6b415fbf50>,16,15,[9 5],17,58,73,41,45
1,<environment.Job instance at 0x7f6afdbac6e0>,23,18,[ 1 10],24,73,91,49,64
1,<environment.Job instance at 0x7f6b4132a460>,25,12,[8 1],26,91,103,65,74
1,<environment.Job instance at 0x7f6b4132a960>,1,1,[10  4],2,3,4,1,3
1,<environment.Job instance at 0x7f6b415e8550>,4,17,[3 6],5,9,26,4,9
1,<environment.Job instance at 0x7f6b415e8910>,11,16,[2 7],12,26,42,14,13
1,<environment.Job instance at 0x7f6b415e8d20>,13,13,[6 5],14,42,55,28,26
1,<environment.Job instance at 0x7f6b415e8780>,7,16,[1 5],8,42,58,34,30
1,<environment.Job instance at 0x7f6b415e8dc0>,15,15,[9 1],16,55,70,39,46
1,<environment.Job instance at 0x7f6b415ba2d0>,22,17,[1 7],23,58,75,35,47
1,<environment.Job instance at 0x7f6b415ba370>,23,17,[6 4],24,75,92,51,63
1,<environment.Job instance at 0x7f6b415ba5f0>,25,16,[1 6],26,75,91,49,63
1,<environment.Job instance at 0x7f6b415baeb0>,33,12,[4 9],34,92,104,58,75
1,<environment.Job instance at 0x7f6b415b8be0>,0,15,[9 1],1,3,18,2,3
1,<environment.Job instance at 0x7f6b487819b0>,3,16,[ 4 10],4,18,34,14,5
1,<environment.Job instance at 0x7f6afdb7f0a0>,12,2,[5 6],13,34,36,21,22
1,<environment.Job instance at 0x7f6b487811e0>,5,13,[4 7],6,36,49,30,22
1,<environment.Job instance at 0x7f6afdbe6d70>,19,2,[10  2],20,49,51,29,29
1,<environment.Job instance at 0x7f6afdbe6820>,14,15,[7 5],15,51,66,36,37
1,<environment.Job instance at 0x7f6b413cec80>,26,13,[3 7],27,66,79,39,53
1,<environment.Job instance at 0x7f6afdbe6140>,17,15,[ 1 10],18,79,94,61,79
1,<environment.Job instance at 0x7f6b48a00690>,1,1,[2 7],2,2,3,0,2
1,<environment.Job instance at 0x7f6b48a002d0>,3,14,[5 5],4,4,18,0,4
1,<environment.Job instance at 0x7f6b43f49820>,4,12,[7 4],5,18,30,13,6
1,<environment.Job instance at 0x7f6b412c27d0>,14,12,[1 8],15,30,42,15,17
1,<environment.Job instance at 0x7f6b412c2dc0>,17,18,[6 2],18,30,48,12,24
1,<environment.Job instance at 0x7f6b412c2f50>,13,15,[4 8],14,42,57,28,28
1,<environment.Job instance at 0x7f6b412c2460>,12,16,[10  2],13,57,73,44,44
1,<environment.Job instance at 0x7f6b415d2e60>,21,14,[9 5],22,73,87,51,63
1,<environment.Job instance at 0x7f6b41510c30>,31,13,[9 4],32,87,100,55,71
1,<environment.Job instance at 0x7f6b41510dc0>,4,15,[8 1],5,7,22,2,7
1,<environment.Job instance at 0x7f6b41510140>,6,1,[ 3 10],7,22,23,15,13
1,<environment.Job instance at 0x7f6afdaf46e0>,9,2,[3 7],10,23,25,13,14
1,<environment.Job instance at 0x7f6afdaf4870>,13,3,[1 8],14,14,17,0,14
1,<environment.Job instance at 0x7f6b43f9a230>,2,14,[10  1],3,25,39,22,18
1,<environment.Job instance at 0x7f6afdaee550>,19,13,[7 2],20,39,52,19,29
1,<environment.Job instance at 0x7f6afdaeee10>,20,14,[2 6],21,39,53,18,37
1,<environment.Job instance at 0x7f6afdad2cd0>,8,15,[ 4 10],9,53,68,44,44
1,<environment.Job instance at 0x7f6b439c8e60>,27,18,[5 5],28,68,86,40,57
1,<environment.Job instance at 0x7f6afda148c0>,32,3,[10  3],33,86,89,53,60
1,<environment.Job instance at 0x7f6afda144b0>,33,18,[4 5],34,68,86,34,64
1,<environment.Job instance at 0x7f6afdad2f50>,7,15,[3 9],8,89,104,81,76
1,<environment.Job instance at 0x7f6afdaf4190>,2,3,[5 8],3,3,6,0,3
1,<environment.Job instance at 0x7f6afdc5caf0>,6,12,[3 5],7,7,19,0,7
1,<environment.Job instance at 0x7f6b43d67140>,8,1,[9 5],9,19,20,10,9
1,<environment.Job instance at 0x7f6b4143ee60>,10,2,[9 4],11,20,22,9,11
1,<environment.Job instance at 0x7f6afd957190>,13,3,[9 5],14,22,25,8,14
1,<environment.Job instance at 0x7f6afd9570f0>,14,14,[5 9],15,25,39,10,16
1,<environment.Job instance at 0x7f6b4142ce60>,18,3,[9 2],19,39,42,20,20
1,<environment.Job instance at 0x7f6b4133e230>,20,1,[10  3],21,42,43,21,21
1,<environment.Job instance at 0x7f6afd746fa0>,23,3,[2 6],24,43,46,19,24
1,<environment.Job instance at 0x7f6b41539370>,25,12,[8 3],26,43,55,17,26
1,<environment.Job instance at 0x7f6afdcc10a0>,29,14,[8 5],30,55,69,25,41
1,<environment.Job instance at 0x7f6afdcc1140>,31,15,[7 3],32,69,84,37,55
1,<environment.Job instance at 0x7f6afdcc1be0>,33,3,[3 9],34,84,87,50,60
1,<environment.Job instance at 0x7f6b43ad0c30>,2,3,[6 1],3,3,6,0,3
1,<environment.Job instance at 0x7f6b43ad0410>,0,2,[2 6],1,4,6,3,4
1,<environment.Job instance at 0x7f6afd6965f0>,6,1,[6 4],7,7,8,0,7
1,<environment.Job instance at 0x7f6afd696690>,7,2,[3 8],8,8,10,0,8
1,<environment.Job instance at 0x7f6afd696aa0>,5,18,[ 2 10],6,10,28,4,10
1,<environment.Job instance at 0x7f6afd696370>,10,16,[4 8],11,29,45,18,29
1,<environment.Job instance at 0x7f6afde29c30>,17,12,[9 2],18,45,57,27,29
1,<environment.Job instance at 0x7f6afde29730>,20,13,[10  5],21,57,70,36,41
1,<environment.Job instance at 0x7f6afde29af0>,26,3,[2 5],27,70,73,43,44
1,<environment.Job instance at 0x7f6afde29a00>,28,2,[5 7],29,73,75,44,48
1,<environment.Job instance at 0x7f6afd6a8690>,30,12,[ 5 10],31,75,87,44,61
1,<environment.Job instance at 0x7f6afd6a8d70>,34,13,[1 9],35,87,100,52,74
1,<environment.Job instance at 0x7f6b4199cbe0>,6,12,[5 6],7,7,19,0,7
1,<environment.Job instance at 0x7f6b4199cb40>,8,12,[6 1],9,19,31,10,9
1,<environment.Job instance at 0x7f6b4198c500>,10,15,[6 2],11,31,46,20,17
1,<environment.Job instance at 0x7f6b4198cc30>,14,16,[8 5],15,46,62,31,34
1,<environment.Job instance at 0x7f6b4196ef50>,24,16,[7 3],25,62,78,37,50
1,<environment.Job instance at 0x7f6b41785780>,29,3,[7 2],30,78,81,48,55
1,<environment.Job instance at 0x7f6b4196e500>,22,16,[9 3],23,81,97,58,69
1,<environment.Job instance at 0x7f6afd5aca50>,4,14,[9 5],5,8,22,3,8
1,<environment.Job instance at 0x7f6b489f6f00>,8,15,[1 8],9,22,37,13,13
1,<environment.Job instance at 0x7f6afd9a3f00>,15,14,[8 4],16,37,51,21,25
1,<environment.Job instance at 0x7f6b43f70960>,1,17,[9 4],2,51,68,49,40
1,<environment.Job instance at 0x7f6afd5df410>,22,16,[6 2],23,68,84,45,56
1,<environment.Job instance at 0x7f6afdb10e60>,24,15,[2 5],25,68,83,43,56
1,<environment.Job instance at 0x7f6b43f70be0>,0,17,[5 9],1,84,101,83,75
1,<environment.Job instance at 0x7f6b43ad2e60>,10,12,[10  4],11,11,23,0,11
1,<environment.Job instance at 0x7f6b43ad2320>,11,12,[4 5],12,23,35,11,13
1,<environment.Job instance at 0x7f6b43ad2b90>,15,3,[4 8],16,35,38,19,16
1,<environment.Job instance at 0x7f6b43ad2280>,19,2,[4 5],20,23,25,3,20
1,<environment.Job instance at 0x7f6b41586820>,24,12,[3 9],25,38,50,13,25
1,<environment.Job instance at 0x7f6b41586aa0>,25,15,[5 1],26,27,42,1,27
1,<environment.Job instance at 0x7f6b415865f0>,30,2,[10  1],31,50,52,19,32
1,<environment.Job instance at 0x7f6afd6fc910>,33,15,[8 4],34,52,67,18,39
1,<environment.Job instance at 0x7f6afd6fc190>,40,16,[6 2],41,67,83,26,54
1,<environment.Job instance at 0x7f6b43ad2910>,16,16,[ 5 10],17,83,99,66,70
1,<environment.Job instance at 0x7f6b41557730>,4,13,[10  5],5,8,21,3,8
1,<environment.Job instance at 0x7f6b416070a0>,15,17,[1 8],16,27,44,11,27
1,<environment.Job instance at 0x7f6b43e708c0>,7,17,[1 7],8,44,61,36,33
1,<environment.Job instance at 0x7f6afd7b7550>,23,18,[1 8],24,61,79,37,50
1,<environment.Job instance at 0x7f6b416da0f0>,28,3,[10  4],29,79,82,50,55
1,<environment.Job instance at 0x7f6b41217140>,31,12,[5 1],32,61,73,29,61
1,<environment.Job instance at 0x7f6afd7b7820>,24,13,[2 8],25,82,95,57,72
1,<environment.Job instance at 0x7f383c730050>,2,22,[4 8],3,3,25,0,3
1,<environment.Job instance at 0x7f3835320640>,10,12,[3 7],11,25,37,14,12
1,<environment.Job instance at 0x7f3835320b90>,14,13,[7 3],15,25,38,10,21
1,<environment.Job instance at 0x7f3835320730>,11,15,[4 8],12,38,53,26,25
1,<environment.Job instance at 0x7f3835320e60>,19,14,[3 5],20,53,67,33,42
1,<environment.Job instance at 0x7f3835321410>,25,12,[ 5 10],26,67,79,41,55
1,<environment.Job instance at 0x7f3835321730>,30,14,[5 2],31,79,93,48,66
1,<environment.Job instance at 0x7f3835321820>,29,12,[5 4],30,79,91,49,67
1,<environment.Job instance at 0x7f3835321b40>,35,15,[9 5],36,93,108,57,80
1,<environment.Job instance at 0x7f3835324280>,1,3,[1 8],2,4,7,2,4
1,<environment.Job instance at 0x7f383c758d70>,5,15,[5 7],6,11,26,5,11
1,<environment.Job instance at 0x7f383c758dc0>,8,2,[5 2],9,13,15,4,13
1,<environment.Job instance at 0x7f383c89ee10>,14,15,[1 9],15,26,41,11,15
1,<environment.Job instance at 0x7f383c758b40>,11,18,[ 1 10],12,41,59,29,30
1,<environment.Job instance at 0x7f383c8a4690>,25,16,[7 5],26,59,75,33,46
1,<environment.Job instance at 0x7f383c8aa820>,36,3,[ 5 10],37,75,78,38,74
1,<environment.Job instance at 0x7f37f16d05f0>,1,13,[8 5],2,4,17,2,4
1,<environment.Job instance at 0x7f37f16d0dc0>,5,2,[5 2],6,17,19,11,6
1,<environment.Job instance at 0x7f37f16d0820>,6,1,[5 9],7,19,20,12,7
1,<environment.Job instance at 0x7f37f16d01e0>,7,1,[2 9],8,20,21,12,8
1,<environment.Job instance at 0x7f37f16d03c0>,9,12,[9 3],10,21,33,11,11
1,<environment.Job instance at 0x7f37f16d04b0>,12,3,[10  2],13,33,36,20,13
1,<environment.Job instance at 0x7f37f16e2b40>,15,1,[6 2],16,36,37,20,16
1,<environment.Job instance at 0x7f37f16e2690>,19,2,[9 4],20,37,39,17,21
1,<environment.Job instance at 0x7f37f16e24b0>,20,13,[10  5],21,39,52,18,24
1,<environment.Job instance at 0x7f37f16e2780>,16,14,[5 5],17,52,66,35,37
1,<environment.Job instance at 0x7f37f16c2f00>,25,14,[10  2],26,66,80,40,52
1,<environment.Job instance at 0x7f37f16c2aa0>,36,12,[ 3 10],37,80,92,43,66
1,<environment.Job instance at 0x7f37f16e2500>,23,14,[7 5],24,92,106,68,83
1,<environment.Job instance at 0x7f37f16c29b0>,1,15,[8 4],2,3,18,1,3
1,<environment.Job instance at 0x7f37f1a79780>,4,2,[8 5],5,18,20,13,6
1,<environment.Job instance at 0x7f37f1a79b90>,9,2,[10  2],10,26,28,16,26
1,<environment.Job instance at 0x7f37f1a79640>,10,2,[ 5 10],11,28,30,17,26
1,<environment.Job instance at 0x7f37f1a79a50>,7,18,[5 9],8,30,48,22,28
1,<environment.Job instance at 0x7f37f1c4d780>,18,13,[8 5],19,48,61,29,32
1,<environment.Job instance at 0x7f37f1c4d0f0>,22,18,[8 2],23,61,79,38,50
1,<environment.Job instance at 0x7f37f1a725a0>,29,16,[9 4],30,79,95,49,67
1,<environment.Job instance at 0x7f37f1be7d20>,34,17,[9 4],35,95,112,60,83
1,<environment.Job instance at 0x7f37f1c4d410>,2,12,[3 8],3,5,17,2,5
1,<environment.Job instance at 0x7f37f1a10d20>,5,3,[3 8],6,17,20,11,6
1,<environment.Job instance at 0x7f37f1a1b140>,10,2,[1 7],11,25,27,14,25
1,<environment.Job instance at 0x7f37f1a107d0>,7,15,[5 3],8,25,40,17,25
1,<environment.Job instance at 0x7f37f1a1b280>,12,3,[10  4],13,40,43,27,25
1,<environment.Job instance at 0x7f37f1a1b3c0>,14,1,[3 8],15,43,44,28,25
1,<environment.Job instance at 0x7f37f1a1b320>,13,2,[5 7],14,27,29,13,25
1,<environment.Job instance at 0x7f37f1a1b5a0>,17,1,[5 5],18,29,30,11,25
1,<environment.Job instance at 0x7f37f1a1b460>,15,13,[5 5],16,44,57,28,29
1,<environment.Job instance at 0x7f37f1a1b960>,23,2,[5 5],24,30,32,6,30
1,<environment.Job instance at 0x7f37f1a07370>,27,12,[5 8],28,57,69,29,44
1,<environment.Job instance at 0x7f37f1a073c0>,29,3,[5 5],30,44,47,14,44
1,<environment.Job instance at 0x7f37f1a07be0>,36,12,[8 3],37,69,81,32,53
1,<environment.Job instance at 0x7f37f1a07eb0>,39,17,[8 1],40,81,98,41,69
1,<environment.Job instance at 0x7f37f1a07e60>,41,17,[2 6],42,70,87,28,70
1,<environment.Job instance at 0x7f37f1a07820>,37,15,[2 9],38,87,102,49,73
1,<environment.Job instance at 0x7f38354cadc0>,4,3,[6 1],5,7,10,2,7
1,<environment.Job instance at 0x7f37f1a0a7d0>,3,3,[8 4],4,10,13,6,7
1,<environment.Job instance at 0x7f3837890d70>,6,18,[4 6],7,13,31,6,10
1,<environment.Job instance at 0x7f3837890fa0>,12,18,[6 3],13,13,31,0,13
1,<environment.Job instance at 0x7f3837890230>,11,3,[9 2],12,31,34,19,17
1,<environment.Job instance at 0x7f38354cb0f0>,15,16,[6 3],16,34,50,18,21
1,<environment.Job instance at 0x7f383582a690>,21,3,[ 4 10],22,50,53,28,37
1,<environment.Job instance at 0x7f383582aaa0>,23,1,[3 5],24,37,38,13,37
1,<environment.Job instance at 0x7f383582aa50>,24,17,[8 5],25,53,70,28,41
1,<environment.Job instance at 0x7f383582a6e0>,26,2,[3 8],27,70,72,43,43
1,<environment.Job instance at 0x7f383582a7d0>,32,2,[9 3],33,72,74,39,67
1,<environment.Job instance at 0x7f383582a9b0>,33,12,[1 8],34,74,86,40,67
1,<environment.Job instance at 0x7f383582a190>,34,16,[10  3],35,86,102,51,74
1,<environment.Job instance at 0x7f38355e7690>,38,14,[10  3],39,102,116,63,88
1,<environment.Job instance at 0x7f3837bb5f00>,3,15,[6 3],4,6,21,2,6
1,<environment.Job instance at 0x7f37f1915780>,7,3,[7 1],8,21,24,13,8
1,<environment.Job instance at 0x7f37f1c3e3c0>,12,18,[5 1],13,30,48,17,30
1,<environment.Job instance at 0x7f37f1a9b0f0>,20,14,[3 6],21,45,59,24,45
1,<environment.Job instance at 0x7f37f17703c0>,22,15,[1 6],23,59,74,36,48
1,<environment.Job instance at 0x7f3837f09e10>,1,14,[5 8],2,74,88,72,61
1,<environment.Job instance at 0x7f37f1c3e780>,8,17,[10  3],9,88,105,79,76
1,<environment.Job instance at 0x7f3837bc38c0>,2,14,[6 5],3,3,17,0,3
1,<environment.Job instance at 0x7f3835588eb0>,3,1,[7 2],4,17,18,13,4
1,<environment.Job instance at 0x7f37f1b9e500>,4,15,[10  3],5,18,33,13,7
1,<environment.Job instance at 0x7f37f1b9ecd0>,14,3,[6 1],15,33,36,18,20
1,<environment.Job instance at 0x7f37f1b9eaa0>,15,16,[4 5],16,33,49,17,20
1,<environment.Job instance at 0x7f37f1b9eb90>,13,17,[8 5],14,49,66,35,38
1,<environment.Job instance at 0x7f37f1b9e8c0>,9,17,[5 9],10,66,83,56,57
1,<environment.Job instance at 0x7f37f1b9b780>,28,3,[8 2],29,83,86,54,66
1,<environment.Job instance at 0x7f37f1b9b8c0>,30,1,[4 6],31,86,87,55,69
1,<environment.Job instance at 0x7f37f1b9b370>,20,16,[9 2],21,87,103,66,76
1,<environment.Job instance at 0x7f37f1b9be10>,1,2,[2 6],2,3,5,1,3
1,<environment.Job instance at 0x7f37f1b9beb0>,2,3,[9 1],3,28,31,25,28
1,<environment.Job instance at 0x7f37f1712050>,4,17,[6 5],5,31,48,26,29
1,<environment.Job instance at 0x7f3837a83280>,16,15,[9 5],17,48,63,31,35
1,<environment.Job instance at 0x7f37f16fb870>,12,16,[9 4],13,63,79,50,52
1,<environment.Job instance at 0x7f38378a6870>,21,16,[ 2 10],22,79,95,57,68
1,<environment.Job instance at 0x7f38378ab960>,25,12,[8 1],26,95,107,69,81
1,<environment.Job instance at 0x7f3835296320>,1,16,[2 7],2,2,18,0,2
1,<environment.Job instance at 0x7f37f183da50>,3,13,[6 5],4,18,31,14,4
1,<environment.Job instance at 0x7f37f1b9ac30>,9,2,[4 6],10,31,33,21,10
1,<environment.Job instance at 0x7f38357de5a0>,5,15,[9 1],6,33,48,27,28
1,<environment.Job instance at 0x7f37f161ca50>,15,16,[1 6],16,33,49,17,28
1,<environment.Job instance at 0x7f38357deb90>,2,15,[3 8],3,49,64,46,37
1,<environment.Job instance at 0x7f3835679640>,19,2,[9 5],20,64,66,44,44
1,<environment.Job instance at 0x7f383563c230>,20,1,[8 5],21,66,67,45,44
1,<environment.Job instance at 0x7f37f1bd8e60>,18,14,[5 4],19,67,81,48,52
1,<environment.Job instance at 0x7f37f18ef690>,27,1,[5 7],28,81,82,53,64
1,<environment.Job instance at 0x7f37f1be7aa0>,10,16,[2 8],11,82,98,71,70
1,<environment.Job instance at 0x7f3837db1d20>,30,3,[7 3],31,98,101,67,75
1,<environment.Job instance at 0x7f37f19e3410>,28,16,[2 7],29,98,114,69,86
1,<environment.Job instance at 0x7f37f1a24960>,8,16,[1 6],9,11,27,2,11
1,<environment.Job instance at 0x7f37f1a247d0>,7,16,[5 8],8,27,43,19,25
1,<environment.Job instance at 0x7f37f1a1a320>,14,14,[10  4],15,43,57,28,29
1,<environment.Job instance at 0x7f37f1a1a460>,16,12,[9 4],17,57,69,40,40
1,<environment.Job instance at 0x7f37f1a1a6e0>,20,16,[9 2],21,69,85,48,59
1,<environment.Job instance at 0x7f37f1a1ac80>,25,12,[5 9],26,85,97,59,70
1,<environment.Job instance at 0x7f37f1a1adc0>,27,17,[8 2],28,97,114,69,88
1,<environment.Job instance at 0x7f37f18ec230>,3,13,[3 7],4,10,23,6,10
1,<environment.Job instance at 0x7f37f18ec1e0>,10,2,[9 1],11,23,25,12,11
1,<environment.Job instance at 0x7f37f18ec410>,13,2,[2 7],14,25,27,11,14
1,<environment.Job instance at 0x7f37f18ec870>,4,15,[6 4],5,27,42,22,18
1,<environment.Job instance at 0x7f38352ce6e0>,18,15,[7 1],19,42,57,23,29
1,<environment.Job instance at 0x7f38352ce1e0>,19,14,[3 8],20,42,56,22,29
1,<environment.Job instance at 0x7f37f1837d20>,26,12,[7 5],27,57,69,30,40
1,<environment.Job instance at 0x7f3837bcf1e0>,28,14,[6 3],29,69,83,40,55
1,<environment.Job instance at 0x7f37f1837aa0>,25,17,[10  3],26,83,100,57,72
1,<environment.Job instance at 0x7f37f1778320>,34,17,[8 5],35,100,117,65,89
1,<environment.Job instance at 0x7f37f1872050>,0,2,[7 4],1,2,4,1,2
1,<environment.Job instance at 0x7f37f1872910>,1,16,[6 5],2,4,20,2,3
1,<environment.Job instance at 0x7f37f1973b40>,5,16,[6 5],6,20,36,14,7
1,<environment.Job instance at 0x7f37f1a13320>,18,14,[7 2],19,36,50,17,23
1,<environment.Job instance at 0x7f37f1853870>,21,14,[6 1],22,50,64,28,35
1,<environment.Job instance at 0x7f37f1853be0>,24,17,[3 7],25,41,58,16,41
1,<environment.Job instance at 0x7f37f1853370>,23,14,[4 8],24,58,72,34,50
1,<environment.Job instance at 0x7f38352c2500>,33,18,[5 2],34,64,82,30,58
1,<environment.Job instance at 0x7f38352c2f00>,34,16,[7 5],35,82,98,47,70
1,<environment.Job instance at 0x7f38378f8640>,41,13,[9 1],42,98,111,56,86
1,<environment.Job instance at 0x7f3835490d20>,3,3,[7 2],4,4,7,0,4
1,<environment.Job instance at 0x7f3837a35280>,4,13,[5 8],5,7,20,2,5
1,<environment.Job instance at 0x7f3837a35730>,5,13,[5 5],6,20,33,14,6
1,<environment.Job instance at 0x7f3837a35640>,6,18,[1 5],7,20,38,13,20
1,<environment.Job instance at 0x7f3837a317d0>,15,15,[5 4],16,33,48,17,24
1,<environment.Job instance at 0x7f3837a31e10>,13,16,[1 5],14,38,54,24,28
1,<environment.Job instance at 0x7f3837a5f4b0>,20,18,[4 5],21,48,66,27,39
1,<environment.Job instance at 0x7f3837e1ad20>,23,13,[9 3],24,66,79,42,51
1,<environment.Job instance at 0x7f38353676e0>,26,14,[5 4],27,79,93,52,65
1,<environment.Job instance at 0x7f3837a59be0>,35,18,[ 2 10],36,93,111,57,86
1,<environment.Job instance at 0x7f3837a31eb0>,3,13,[6 4],4,4,17,0,4
1,<environment.Job instance at 0x7f38378a6dc0>,5,3,[3 8],6,17,20,11,7
1,<environment.Job instance at 0x7f38378a6aa0>,6,16,[2 7],7,20,36,13,11
1,<environment.Job instance at 0x7f37f17db460>,2,16,[1 9],3,36,52,33,23
1,<environment.Job instance at 0x7f37f195e820>,15,15,[1 6],16,52,67,36,38
1,<environment.Job instance at 0x7f37f190a0a0>,19,3,[10  4],20,67,70,47,46
1,<environment.Job instance at 0x7f37f190a5a0>,20,14,[3 5],21,70,84,49,55
1,<environment.Job instance at 0x7f38378d8be0>,24,12,[7 2],25,55,67,30,55
1,<environment.Job instance at 0x7f3837998730>,26,12,[5 6],27,84,96,57,67
1,<environment.Job instance at 0x7f383528adc0>,28,12,[6 1],29,70,82,41,67
1,<environment.Job instance at 0x7f383528aaa0>,32,16,[5 3],33,82,98,49,77
1,<environment.Job instance at 0x7f383528a190>,33,16,[9 5],34,98,114,64,86
1,<environment.Job instance at 0x7f38355ff5f0>,2,3,[1 5],3,3,6,0,3
1,<environment.Job instance at 0x7f38355ff730>,1,3,[7 4],2,3,6,1,3
1,<environment.Job instance at 0x7f38355ff7d0>,3,2,[5 6],4,6,8,2,5
1,<environment.Job instance at 0x7f37f1ac9550>,11,17,[9 4],12,15,32,3,15
1,<environment.Job instance at 0x7f37f1983a00>,16,16,[3 8],17,32,48,15,19
1,<environment.Job instance at 0x7f37f1983780>,20,13,[7 3],21,48,61,27,34
1,<environment.Job instance at 0x7f3835457320>,24,18,[ 2 10],25,61,79,36,52
1,<environment.Job instance at 0x7f3835457370>,28,3,[6 2],29,79,82,50,66
1,<environment.Job instance at 0x7f3835457e10>,26,18,[ 2 10],27,82,100,55,76
1,<environment.Job instance at 0x7f3835457be0>,32,16,[6 2],33,100,116,67,87
1,<environment.Job instance at 0x7f3835457f50>,34,15,[2 5],35,100,115,65,87
1,<environment.Job instance at 0x7f3837a012d0>,0,2,[7 1],1,3,5,2,3
1,<environment.Job instance at 0x7f3835167cd0>,2,1,[ 3 10],3,5,6,2,3
1,<environment.Job instance at 0x7f383797b1e0>,7,13,[5 5],8,8,21,0,8
1,<environment.Job instance at 0x7f383797b9b0>,11,12,[4 5],12,12,24,0,12
1,<environment.Job instance at 0x7f383797b820>,6,3,[2 5],7,21,24,14,13
1,<environment.Job instance at 0x7f383798ab40>,13,3,[6 1],14,24,27,10,14
1,<environment.Job instance at 0x7f383797bc30>,12,18,[ 5 10],13,27,45,14,17
1,<environment.Job instance at 0x7f3837991410>,33,15,[8 4],34,45,60,11,43
1,<environment.Job instance at 0x7f37f13a1fa0>,3,12,[5 8],4,60,72,56,48
1,<environment.Job instance at 0x7f3835271e60>,35,13,[5 1],36,60,73,24,54
1,<environment.Job instance at 0x7f3835258550>,40,16,[6 2],41,73,89,32,60
1,<environment.Job instance at 0x7f3835275e10>,45,17,[4 9],46,89,106,43,86
1,<environment.Job instance at 0x7f3837a59e10>,7,3,[4 9],8,8,11,0,8
1,<environment.Job instance at 0x7f37f1b8b870>,9,3,[3 5],10,11,14,1,10
1,<environment.Job instance at 0x7f37f1990960>,10,3,[2 6],11,14,17,3,11
1,<environment.Job instance at 0x7f37f12ff0a0>,1,16,[2 6],2,17,33,15,12
1,<environment.Job instance at 0x7f3837e0ea50>,2,17,[8 1],3,14,31,11,13
1,<environment.Job instance at 0x7f37f16b58c0>,14,13,[2 8],15,33,46,18,17
1,<environment.Job instance at 0x7f383792faf0>,16,1,[5 3],17,31,32,14,17
1,<environment.Job instance at 0x7f37f1a8b8c0>,18,3,[10  4],19,46,49,27,20
1,<environment.Job instance at 0x7f3835621460>,21,12,[5 1],22,32,44,10,26
1,<environment.Job instance at 0x7f3837c1e690>,24,16,[5 3],25,49,65,24,37
1,<environment.Job instance at 0x7f3837a5faa0>,31,12,[7 4],32,65,77,33,50
1,<environment.Job instance at 0x7f3837a5f4b0>,33,13,[4 7],34,77,90,43,62
1,<environment.Job instance at 0x7f3837a5fb90>,37,16,[3 5],38,90,106,52,78
1,<environment.Job instance at 0x7f3837ff8eb0>,2,2,[2 8],3,5,7,2,5
1,<environment.Job instance at 0x7f38378e0640>,12,3,[9 3],13,14,17,1,14
1,<environment.Job instance at 0x7f383c7530f0>,20,13,[8 3],21,21,34,0,21
1,<environment.Job instance at 0x7f383c753d70>,21,16,[8 1],22,34,50,12,22
1,<environment.Job instance at 0x7f38378e0eb0>,14,17,[10  4],15,50,67,35,38
1,<environment.Job instance at 0x7f37f1b7a5f0>,32,12,[10  3],33,67,79,34,50
1,<environment.Job instance at 0x7f37f1b7a500>,37,18,[7 1],38,79,97,41,68
1,<environment.Job instance at 0x7f37f1c365a0>,39,15,[9 3],40,97,112,57,83
1,<environment.Job instance at 0x7f38378a6c80>,0,21,[5 2],1,1,22,0,1
1,<environment.Job instance at 0x7f3837b08500>,6,14,[3 9],7,22,36,15,9
1,<environment.Job instance at 0x7f3837a2c820>,4,18,[3 8],5,36,54,31,25
1,<environment.Job instance at 0x7f3837c9f550>,24,18,[6 3],25,54,72,29,44
1,<environment.Job instance at 0x7f37f1c74190>,29,15,[5 3],30,72,87,42,63
1,<environment.Job instance at 0x7f37f1c74550>,30,17,[6 4],31,87,104,56,75
1,<environment.Job instance at 0x7fd53cf09230>,3,3,[4 8],4,4,7,0,4
1,<environment.Job instance at 0x7fd53cf09190>,4,14,[1 6],5,7,21,2,6
1,<environment.Job instance at 0x7fd544319140>,0,13,[9 3],1,7,20,6,6
1,<environment.Job instance at 0x7fd53cf095a0>,7,1,[5 4],8,20,21,12,15
1,<environment.Job instance at 0x7fd53cf096e0>,11,15,[4 8],12,22,37,10,22
1,<environment.Job instance at 0x7fd53cf09dc0>,17,3,[4 9],18,37,40,19,23
1,<environment.Job instance at 0x7fd53cf09e60>,18,3,[4 7],19,40,43,21,25
1,<environment.Job instance at 0x7fd53cf0a3c0>,24,18,[2 6],25,49,67,24,49
1,<environment.Job instance at 0x7fd53cf0aa00>,27,15,[8 4],28,49,64,21,49
1,<environment.Job instance at 0x7fd53cf0abe0>,30,14,[5 2],31,64,78,33,50
1,<environment.Job instance at 0x7fd53cf0adc0>,33,14,[5 5],34,67,81,33,54
1,<environment.Job instance at 0x7fd53cf0afa0>,35,15,[9 5],36,81,96,45,73
1,<environment.Job instance at 0x7fd53cf0e460>,43,18,[5 5],44,96,114,52,85
1,<environment.Job instance at 0x7fd54447ff50>,2,16,[3 9],3,6,22,3,6
1,<environment.Job instance at 0x7fd544480780>,8,3,[10  4],9,22,25,13,10
1,<environment.Job instance at 0x7fd544480fa0>,9,1,[10  4],10,25,26,15,10
1,<environment.Job instance at 0x7fd54447fa00>,0,18,[2 7],1,26,44,25,15
1,<environment.Job instance at 0x7fd5444935f0>,13,15,[6 1],14,26,41,12,15
1,<environment.Job instance at 0x7fd544493190>,17,1,[1 5],18,44,45,26,24
1,<environment.Job instance at 0x7fd544493d70>,15,16,[7 5],16,44,60,28,32
1,<environment.Job instance at 0x7fd544489eb0>,26,3,[ 5 10],27,60,63,33,56
1,<environment.Job instance at 0x7fd54448df00>,29,2,[1 8],30,80,82,50,80
1,<environment.Job instance at 0x7fd54448ddc0>,31,1,[3 9],32,82,83,50,80
1,<environment.Job instance at 0x7fd53cf0e820>,1,18,[ 1 10],2,84,102,82,84
1,<environment.Job instance at 0x7fd544341c80>,35,14,[ 2 10],36,102,116,66,88
1,<environment.Job instance at 0x7fd544341c30>,36,1,[9 3],37,116,117,79,89
1,<environment.Job instance at 0x7fd4f92e6960>,1,14,[1 6],2,2,16,0,2
1,<environment.Job instance at 0x7fd544341780>,2,14,[2 7],3,16,30,13,4
1,<environment.Job instance at 0x7fd4f91e7f50>,19,1,[ 2 10],20,30,31,10,25
1,<environment.Job instance at 0x7fd4f91e7e60>,20,18,[4 5],21,31,49,10,28
1,<environment.Job instance at 0x7fd4f9240410>,24,16,[9 4],25,49,65,24,36
1,<environment.Job instance at 0x7fd4f91e7410>,16,12,[ 3 10],17,65,77,48,48
1,<environment.Job instance at 0x7fd4f9240cd0>,30,13,[7 4],31,77,90,46,66
1,<environment.Job instance at 0x7fd4f92cb820>,35,1,[10  1],36,90,91,54,67
1,<environment.Job instance at 0x7fd4f9240be0>,28,15,[7 5],29,91,106,62,79
1,<environment.Job instance at 0x7fd4f92cb3c0>,42,2,[9 3],43,106,108,63,82
1,<environment.Job instance at 0x7fd4f92cb0f0>,38,18,[6 3],39,108,126,69,99
1,<environment.Job instance at 0x7fd4f91fe0f0>,3,2,[5 1],4,4,6,0,4
1,<environment.Job instance at 0x7fd4f91fe8c0>,7,13,[1 9],8,8,21,0,8
1,<environment.Job instance at 0x7fd4f91fe640>,0,15,[8 2],1,21,36,20,15
1,<environment.Job instance at 0x7fd4f92ffb40>,15,3,[5 2],16,36,39,20,16
1,<environment.Job instance at 0x7fd4f92ffaa0>,14,15,[5 1],15,36,51,21,22
1,<environment.Job instance at 0x7fd4f91fed20>,8,17,[3 6],9,39,56,30,34
1,<environment.Job instance at 0x7fd4f92f7640>,26,15,[2 7],27,56,71,29,43
1,<environment.Job instance at 0x7fd50cf7f410>,28,15,[7 5],29,71,86,42,58
1,<environment.Job instance at 0x7fd4f919b7d0>,5,3,[2 5],6,7,10,1,7
1,<environment.Job instance at 0x7fd4f919b690>,8,14,[ 2 10],9,25,39,16,25
1,<environment.Job instance at 0x7fd4f95f7f00>,19,15,[10  2],20,40,55,20,40
1,<environment.Job instance at 0x7fd4f95f7fa0>,20,13,[5 6],21,55,68,34,41
1,<environment.Job instance at 0x7fd4f960d4b0>,25,14,[7 4],26,68,82,42,54
1,<environment.Job instance at 0x7fd4f960d820>,31,13,[4 5],32,82,95,50,67
1,<environment.Job instance at 0x7fd4f960db40>,36,3,[ 3 10],37,95,98,58,69
1,<environment.Job instance at 0x7fd4f960da00>,38,16,[6 3],39,98,114,59,86
1,<environment.Job instance at 0x7fd4f95f31e0>,41,14,[1 5],42,98,112,56,97
1,<environment.Job instance at 0x7fd541b31370>,1,13,[5 3],2,5,18,3,5
1,<environment.Job instance at 0x7fd541b31780>,6,1,[7 2],7,18,19,11,7
1,<environment.Job instance at 0x7fd541b311e0>,7,2,[2 6],8,8,10,0,8
1,<environment.Job instance at 0x7fd541b31230>,8,14,[5 9],9,19,33,10,10
1,<environment.Job instance at 0x7fd53d21fb90>,17,2,[2 8],18,33,35,15,19
1,<environment.Job instance at 0x7fd53d21f5f0>,18,3,[5 9],19,35,38,16,20
1,<environment.Job instance at 0x7fd53d21ffa0>,15,12,[2 9],16,38,50,22,23
1,<environment.Job instance at 0x7fd53d02a3c0>,23,3,[7 3],24,50,53,26,24
1,<environment.Job instance at 0x7fd53d02a2d0>,21,18,[8 4],22,53,71,31,42
1,<environment.Job instance at 0x7fd53d21fd20>,16,14,[3 9],17,71,85,54,56
1,<environment.Job instance at 0x7fd53d1c51e0>,29,15,[7 1],30,71,86,41,69
1,<environment.Job instance at 0x7fd541bf8d70>,34,14,[7 1],35,86,100,51,76
1,<environment.Job instance at 0x7fd53cd89500>,41,14,[5 8],42,100,114,58,85
1,<environment.Job instance at 0x7fd53cee8140>,1,13,[1 7],2,9,22,7,9
1,<environment.Job instance at 0x7fd4f971b870>,9,3,[5 1],10,10,13,0,10
1,<environment.Job instance at 0x7fd4f95c9cd0>,10,14,[6 4],11,22,36,11,11
1,<environment.Job instance at 0x7fd544244320>,11,1,[10  4],12,36,37,24,12
1,<environment.Job instance at 0x7fd544244910>,12,3,[6 4],13,37,40,24,13
1,<environment.Job instance at 0x7fd5416abd70>,13,3,[6 2],14,14,17,0,14
1,<environment.Job instance at 0x7fd5419b5230>,20,15,[9 4],21,40,55,19,27
1,<environment.Job instance at 0x7fd4f927e6e0>,22,13,[1 5],23,37,50,14,30
1,<environment.Job instance at 0x7fd5417bc370>,18,17,[5 5],19,55,72,36,43
1,<environment.Job instance at 0x7fd5419b35a0>,31,2,[5 1],32,55,57,23,43
1,<environment.Job instance at 0x7fd53d3b9050>,14,15,[9 1],15,72,87,57,59
1,<environment.Job instance at 0x7fd5419b33c0>,38,1,[ 3 10],39,87,88,48,62
1,<environment.Job instance at 0x7fd5419b3b40>,34,15,[10  3],35,88,103,53,74
1,<environment.Job instance at 0x7fd4f9359780>,44,3,[6 1],45,103,106,58,90
1,<environment.Job instance at 0x7fd4f9359be0>,45,16,[4 5],46,103,119,57,91
1,<environment.Job instance at 0x7fd53ce10730>,1,3,[8 4],2,2,5,0,2
1,<environment.Job instance at 0x7fd4f94cceb0>,9,3,[7 4],10,12,15,2,12
1,<environment.Job instance at 0x7fd4f94ccc80>,7,13,[8 2],8,17,30,9,17
1,<environment.Job instance at 0x7fd4f94ae0f0>,13,16,[4 9],14,30,46,16,18
1,<environment.Job instance at 0x7fd4f94ae870>,18,15,[3 6],19,46,61,27,32
1,<environment.Job instance at 0x7fd4f94ae910>,19,18,[9 5],20,61,79,41,50
1,<environment.Job instance at 0x7fd4f94ccd20>,12,17,[1 6],13,79,96,66,77
1,<environment.Job instance at 0x7fd4f94aefa0>,29,15,[5 2],30,87,102,57,87
1,<environment.Job instance at 0x7fd5415e8c30>,1,1,[10  4],2,4,5,2,4
1,<environment.Job instance at 0x7fd53cec1be0>,2,3,[3 8],3,5,8,2,4
1,<environment.Job instance at 0x7fd53cec1690>,3,17,[10  5],4,11,28,7,11
1,<environment.Job instance at 0x7fd4f91a4eb0>,11,16,[2 7],12,28,44,16,15
1,<environment.Job instance at 0x7fd5415e2730>,12,15,[3 8],13,44,59,31,30
1,<environment.Job instance at 0x7fd4f90aa4b0>,15,15,[9 1],16,59,74,43,46
1,<environment.Job instance at 0x7fd5416fa230>,22,17,[1 7],23,59,76,36,48
1,<environment.Job instance at 0x7fd4f97dfdc0>,20,16,[2 8],21,76,92,55,63
1,<environment.Job instance at 0x7fd53d15f8c0>,38,16,[2 7],39,92,108,53,79
1,<environment.Job instance at 0x7fd53d15f190>,41,13,[ 3 10],42,108,121,66,95
1,<environment.Job instance at 0x7fd4f959d050>,0,1,[8 1],1,1,2,0,1
1,<environment.Job instance at 0x7fd4f95b9190>,3,14,[5 5],4,7,21,3,7
1,<environment.Job instance at 0x7fd53cd59190>,7,16,[5 8],8,21,37,13,8
1,<environment.Job instance at 0x7fd5415b9460>,13,15,[4 9],14,37,52,23,24
1,<environment.Job instance at 0x7fd5415b9f50>,16,12,[9 4],17,52,64,35,41
1,<environment.Job instance at 0x7fd541995410>,18,12,[10  1],19,64,76,45,51
1,<environment.Job instance at 0x7fd4f959deb0>,2,17,[1 9],3,76,93,73,70
1,<environment.Job instance at 0x7fd5418d3e10>,26,12,[6 4],27,93,105,66,76
1,<environment.Job instance at 0x7fd541829af0>,28,17,[1 6],29,93,110,64,91
1,<environment.Job instance at 0x7fd5418290a0>,29,17,[9 2],30,105,122,75,97
1,<environment.Job instance at 0x7fd53cdbd780>,0,2,[9 1],1,3,5,2,3
1,<environment.Job instance at 0x7fd541bcaeb0>,3,2,[2 7],4,5,7,1,4
1,<environment.Job instance at 0x7fd5419cf4b0>,8,15,[7 1],9,12,27,3,12
1,<environment.Job instance at 0x7fd5419cfcd0>,16,12,[7 5],17,27,39,10,17
1,<environment.Job instance at 0x7fd5419cff50>,18,14,[6 3],19,39,53,20,25
1,<environment.Job instance at 0x7fd5419cfe60>,17,16,[8 4],18,53,69,35,40
1,<environment.Job instance at 0x7fd5419e6190>,23,13,[8 3],24,69,82,45,58
1,<environment.Job instance at 0x7fd5419e66e0>,28,14,[9 5],29,82,96,53,77
1,<environment.Job instance at 0x7fd5419e6780>,31,13,[5 2],32,96,109,64,85
1,<environment.Job instance at 0x7fd5419e6a50>,34,17,[4 7],35,96,113,61,87
1,<environment.Job instance at 0x7fd5419e6cd0>,38,12,[5 1],39,109,121,70,93
1,<environment.Job instance at 0x7fd54179ea50>,1,14,[6 1],2,2,16,0,2
1,<environment.Job instance at 0x7fd5419fb320>,3,14,[4 8],4,7,21,3,7
1,<environment.Job instance at 0x7fd54179e230>,8,2,[ 2 10],9,21,23,12,9
1,<environment.Job instance at 0x7fd54179e370>,6,14,[7 5],7,23,37,16,10
1,<environment.Job instance at 0x7fd53cf420f0>,14,16,[7 5],15,37,53,22,26
1,<environment.Job instance at 0x7fd53cf42820>,21,13,[9 1],22,53,66,31,39
1,<environment.Job instance at 0x7fd5417024b0>,26,12,[3 5],27,39,51,12,39
1,<environment.Job instance at 0x7fd53cf42500>,11,14,[ 1 10],12,66,80,54,52
1,<environment.Job instance at 0x7fd53ceec370>,35,14,[6 3],36,80,94,44,65
1,<environment.Job instance at 0x7fd5414c11e0>,41,14,[1 5],42,80,94,38,67
1,<environment.Job instance at 0x7fd53cf42d20>,24,15,[10  2],25,94,109,69,82
1,<environment.Job instance at 0x7fd53d2b47d0>,48,14,[9 5],49,109,123,60,95
1,<environment.Job instance at 0x7fd53cd54410>,0,2,[2 6],1,4,6,3,4
1,<environment.Job instance at 0x7fd53cd54dc0>,5,18,[ 2 10],6,6,24,0,6
1,<environment.Job instance at 0x7fd5419b2640>,6,1,[6 4],7,24,25,17,7
1,<environment.Job instance at 0x7fd5419b2b90>,14,15,[5 3],15,25,40,10,15
1,<environment.Job instance at 0x7fd5419b2500>,15,15,[8 3],16,40,55,24,26
1,<environment.Job instance at 0x7fd5418f3d70>,20,13,[10  5],21,55,68,34,45
1,<environment.Job instance at 0x7fd53ce3a0a0>,31,16,[4 9],32,68,84,36,55
1,<environment.Job instance at 0x7fd53ce3a8c0>,34,13,[1 9],35,84,97,49,72
1,<environment.Job instance at 0x7fd53ce3afa0>,30,12,[ 5 10],31,97,109,66,82
1,<environment.Job instance at 0x7fd53d376690>,43,3,[9 4],44,109,112,65,84
1,<environment.Job instance at 0x7fd53d376370>,46,16,[9 3],47,112,128,65,99
1,<environment.Job instance at 0x7fd53d323e60>,3,14,[1 6],4,4,18,0,4
1,<environment.Job instance at 0x7fd4f962cfa0>,0,2,[5 4],1,5,7,4,5
1,<environment.Job instance at 0x7fd5415ed1e0>,1,12,[2 5],2,18,30,16,9
1,<environment.Job instance at 0x7fd5417004b0>,12,14,[6 1],13,28,42,15,28
1,<environment.Job instance at 0x7fd54170e0f0>,8,13,[5 7],9,42,55,33,33
1,<environment.Job instance at 0x7fd541700640>,19,2,[7 4],20,55,57,35,43
1,<environment.Job instance at 0x7fd5416fd370>,20,2,[1 9],21,57,59,36,43
1,<environment.Job instance at 0x7fd541711370>,23,3,[6 1],24,57,60,33,54
1,<environment.Job instance at 0x7fd541700eb0>,15,18,[10  4],16,60,78,44,54
1,<environment.Job instance at 0x7fd5417110f0>,25,16,[2 7],26,78,94,52,65
1,<environment.Job instance at 0x7fd53d2bae10>,29,15,[6 5],30,94,109,64,81
1,<environment.Job instance at 0x7fd4f927cf00>,3,14,[4 8],4,5,19,1,5
1,<environment.Job instance at 0x7fd53cd3f050>,7,2,[9 5],8,19,21,11,9
1,<environment.Job instance at 0x7fd53cd3faa0>,8,12,[10  5],9,21,33,12,15
1,<environment.Job instance at 0x7fd53cd3f690>,5,17,[3 9],6,33,50,27,21
1,<environment.Job instance at 0x7fd53cd3fa50>,4,18,[10  2],5,50,68,45,39
1,<environment.Job instance at 0x7fd4f9144820>,24,15,[3 7],25,68,83,43,55
1,<environment.Job instance at 0x7fd4f9144c30>,30,15,[1 6],31,83,98,52,69
1,<environment.Job instance at 0x7fd53ccee640>,39,18,[7 2],40,92,110,52,92
1,<environment.Job instance at 0x7fd541bac780>,43,12,[5 8],44,110,122,66,96
1,<environment.Job instance at 0x7fd53d01beb0>,1,14,[2 7],2,3,17,1,3
1,<environment.Job instance at 0x7fd53d01bf00>,2,3,[5 1],3,4,7,1,4
1,<environment.Job instance at 0x7fd4f8f0c550>,4,1,[7 2],5,7,8,2,6
1,<environment.Job instance at 0x7fd4f8f0cb90>,6,16,[5 2],7,8,24,1,8
1,<environment.Job instance at 0x7fd4f8f0cf00>,11,3,[6 5],12,24,27,12,22
1,<environment.Job instance at 0x7fd4f8f0c5a0>,10,3,[ 4 10],11,27,30,16,22
1,<environment.Job instance at 0x7fd4f8f0c9b0>,16,3,[4 5],17,22,25,5,22
1,<environment.Job instance at 0x7fd4f8f0c960>,12,15,[ 3 10],13,30,45,17,25
1,<environment.Job instance at 0x7fd4f8ee70a0>,24,13,[10  5],25,45,58,20,38
1,<environment.Job instance at 0x7fd4f987ed20>,26,2,[1 8],27,58,60,31,41
1,<environment.Job instance at 0x7fd4f987edc0>,27,17,[1 7],28,60,77,32,49
1,<environment.Job instance at 0x7fd4f987e500>,30,3,[ 4 10],31,77,80,46,56
1,<environment.Job instance at 0x7fd4f987ef50>,32,17,[8 1],33,60,77,27,60
1,<environment.Job instance at 0x7fd4f987e0f0>,34,13,[2 5],35,80,93,45,67
1,<environment.Job instance at 0x7fd4f987e460>,35,17,[1 8],36,93,110,57,81
1,<environment.Job instance at 0x7fd4f8ef2d70>,40,3,[2 6],41,110,113,69,89
1,<environment.Job instance at 0x7fd53cdfbbe0>,0,2,[4 6],1,2,4,1,2
1,<environment.Job instance at 0x7fd53cf1ad20>,7,1,[3 5],8,18,19,10,18
1,<environment.Job instance at 0x7fd53cf1adc0>,8,2,[5 7],9,19,21,10,18
1,<environment.Job instance at 0x7fd53cf1af00>,12,3,[6 2],13,21,24,8,18
1,<environment.Job instance at 0x7fd53cf1a8c0>,9,2,[2 5],10,21,23,11,18
1,<environment.Job instance at 0x7fd53cf05280>,15,1,[2 5],16,18,19,2,18
1,<environment.Job instance at 0x7fd5414780a0>,17,3,[9 2],18,24,27,6,18
1,<environment.Job instance at 0x7fd5414781e0>,18,1,[1 6],19,23,24,4,19
1,<environment.Job instance at 0x7fd53cf1a820>,10,16,[1 5],11,24,40,13,19
1,<environment.Job instance at 0x7fd5414688c0>,19,3,[5 2],20,27,30,7,20
1,<environment.Job instance at 0x7fd541471370>,20,2,[2 6],21,40,42,19,21
1,<environment.Job instance at 0x7fd5414717d0>,21,3,[5 8],22,42,45,20,22
1,<environment.Job instance at 0x7fd53cef8d20>,26,2,[5 5],27,34,36,7,34
1,<environment.Job instance at 0x7fd4f90d4780>,28,16,[1 8],29,45,61,16,34
1,<environment.Job instance at 0x7fd53cef8820>,31,13,[5 5],32,61,74,29,46
1,<environment.Job instance at 0x7fd4f92438c0>,36,2,[3 5],37,61,63,24,47
1,<environment.Job instance at 0x7fd53cef8780>,23,18,[4 9],24,74,92,50,63
1,<environment.Job instance at 0x7fd4f9844aa0>,34,17,[10  4],35,92,109,57,80
1,<environment.Job instance at 0x7fd4f983be60>,52,12,[10  3],53,109,121,56,92
1,<environment.Job instance at 0x7fd4f983b3c0>,1,2,[10  5],2,2,4,0,2
1,<environment.Job instance at 0x7fd4f9204280>,3,2,[3 6],4,4,6,0,4
1,<environment.Job instance at 0x7fd53ce8b5a0>,4,1,[1 7],5,7,8,2,7
1,<environment.Job instance at 0x7fd53ce8bc30>,8,14,[7 5],9,11,25,2,11
1,<environment.Job instance at 0x7fd5418f9050>,11,12,[7 5],12,25,37,13,12
1,<environment.Job instance at 0x7fd53d2e6eb0>,14,18,[3 8],15,37,55,22,26
1,<environment.Job instance at 0x7fd4f8f1fbe0>,24,3,[6 1],25,53,56,28,53
1,<environment.Job instance at 0x7fd4f96ceaa0>,26,12,[9 1],27,56,68,29,53
1,<environment.Job instance at 0x7fd4f96cebe0>,27,3,[10  1],28,68,71,40,53
1,<environment.Job instance at 0x7fd4f96ce1e0>,28,14,[7 3],29,71,85,42,56
1,<environment.Job instance at 0x7fd4f96cee10>,34,18,[6 3],35,85,103,50,77
1,<environment.Job instance at 0x7fd4f959af50>,40,17,[6 4],41,103,120,62,96
1,<environment.Job instance at 0x7fd4f9398410>,1,17,[3 6],2,2,19,0,2
1,<environment.Job instance at 0x7fd4f9392690>,11,18,[5 5],12,19,37,7,15
1,<environment.Job instance at 0x7fd4f9392fa0>,14,17,[6 1],15,37,54,22,26
1,<environment.Job instance at 0x7fd4f93921e0>,16,17,[3 7],17,41,58,24,41
1,<environment.Job instance at 0x7fd53d250730>,25,18,[5 3],26,54,72,28,43
1,<environment.Job instance at 0x7fd53d250460>,27,15,[5 1],28,58,73,30,48
1,<environment.Job instance at 0x7fd53d250f00>,30,12,[ 4 10],31,73,85,42,58
1,<environment.Job instance at 0x7fd53d250500>,32,16,[9 2],33,85,101,52,72
1,<environment.Job instance at 0x7fd53d3fc4b0>,37,3,[10  3],38,101,104,63,90
1,<environment.Job instance at 0x7fd541a010a0>,0,12,[9 2],1,5,17,4,5
1,<environment.Job instance at 0x7fd5419fafa0>,11,13,[3 5],12,17,30,5,12
1,<environment.Job instance at 0x7fd5419fa230>,12,1,[2 8],13,30,31,17,13
1,<environment.Job instance at 0x7fd4f922bcd0>,16,12,[10  3],17,31,43,14,17
1,<environment.Job instance at 0x7fd4f922b870>,19,14,[5 9],20,43,57,23,31
1,<environment.Job instance at 0x7fd4f97ea730>,28,1,[2 6],29,57,58,28,47
1,<environment.Job instance at 0x7fd4f97eaa00>,29,12,[1 5],30,58,70,28,47
1,<environment.Job instance at 0x7fd53cc816e0>,32,13,[3 6],33,70,83,37,59
1,<environment.Job instance at 0x7fd53cc81a50>,39,17,[6 3],40,78,95,38,78
1,<environment.Job instance at 0x7fd5419fa500>,9,16,[ 1 10],10,95,111,85,84
1,<environment.Job instance at 0x7fd541a2d410>,46,13,[4 6],47,111,124,64,96
1,<environment.Job instance at 0x7fe83eb3f230>,3,3,[4 8],4,4,7,0,4
1,<environment.Job instance at 0x7fe845f4f0f0>,5,2,[1 5],6,7,9,1,6
1,<environment.Job instance at 0x7fe83eb3f190>,4,14,[1 6],5,9,23,4,6
1,<environment.Job instance at 0x7fe83eb3f3c0>,6,20,[6 1],7,7,27,0,7
1,<environment.Job instance at 0x7fe83eb3f640>,7,1,[5 4],8,27,28,19,8
1,<environment.Job instance at 0x7fe83eb3f6e0>,10,12,[3 7],11,28,40,17,11
1,<environment.Job instance at 0x7fe83eb3f820>,14,13,[7 3],15,28,41,13,15
1,<environment.Job instance at 0x7fe83eb3ff50>,19,14,[3 5],20,40,54,20,25
1,<environment.Job instance at 0x7fe83eb40960>,25,12,[ 5 10],26,54,66,28,43
1,<environment.Job instance at 0x7fe83eb40a00>,27,15,[8 4],28,66,81,38,52
1,<environment.Job instance at 0x7fe83eb40c80>,31,14,[2 5],32,66,80,34,55
1,<environment.Job instance at 0x7fe83eb40d20>,32,3,[5 1],33,81,84,48,55
1,<environment.Job instance at 0x7fe83eb40fa0>,35,15,[9 5],36,84,99,48,70
1,<environment.Job instance at 0x7fe83eb44370>,43,18,[5 5],44,99,117,55,88
1,<environment.Job instance at 0x7fe83eb3fb40>,13,18,[ 4 10],14,117,135,103,109
1,<environment.Job instance at 0x7fe8460b6410>,0,3,[6 5],1,1,4,0,1
1,<environment.Job instance at 0x7fe8460b6960>,5,16,[7 5],6,9,25,3,9
1,<environment.Job instance at 0x7fe8460bfb40>,16,3,[ 5 10],17,34,37,17,34
1,<environment.Job instance at 0x7fe8460c06e0>,20,15,[8 3],21,56,71,35,56
1,<environment.Job instance at 0x7fe8460c05a0>,24,3,[5 6],25,82,85,57,82
1,<environment.Job instance at 0x7fe8460c0e60>,30,16,[2 8],31,88,104,57,88
1,<environment.Job instance at 0x7fe8460c0550>,31,13,[5 6],32,104,117,72,88
1,<environment.Job instance at 0x7fe8460babe0>,4,16,[9 4],5,9,25,4,9
1,<environment.Job instance at 0x7fe7faebb5f0>,8,15,[7 5],9,25,40,16,11
1,<environment.Job instance at 0x7fe7fadefc80>,14,3,[4 7],15,40,43,25,15
1,<environment.Job instance at 0x7fe7fadefb40>,17,3,[1 6],18,43,46,25,24
1,<environment.Job instance at 0x7fe7fadefcd0>,19,2,[5 8],20,46,48,26,27
1,<environment.Job instance at 0x7fe7faebb0a0>,7,16,[9 2],8,48,64,40,48
1,<environment.Job instance at 0x7fe7fadef730>,22,2,[9 3],23,64,66,41,51
1,<environment.Job instance at 0x7fe7fae530a0>,24,16,[7 5],25,66,82,41,59
1,<environment.Job instance at 0x7fe7fae533c0>,29,3,[5 1],30,82,85,52,62
1,<environment.Job instance at 0x7fe7fae532d0>,30,3,[7 3],31,85,88,54,64
1,<environment.Job instance at 0x7fe7fae53820>,34,14,[5 5],35,88,102,53,87
1,<environment.Job instance at 0x7fe7fae53320>,36,3,[9 1],37,102,105,65,92
1,<environment.Job instance at 0x7fe7fae534b0>,37,17,[5 2],38,105,122,67,93
1,<environment.Job instance at 0x7fe846f7d9b0>,38,18,[4 5],39,105,123,66,95
1,<environment.Job instance at 0x7fe7fae53640>,39,1,[5 4],40,95,96,55,95
1,<environment.Job instance at 0x7fe7fadf2690>,42,1,[3 9],43,123,124,80,101
1,<environment.Job instance at 0x7fe7fadf2d20>,43,2,[4 7],44,124,126,80,101
1,<environment.Job instance at 0x7fe7fadf2230>,45,2,[1 5],46,103,105,57,103
1,<environment.Job instance at 0x7fe7fb2b6780>,7,1,[4 5],8,22,23,14,22
1,<environment.Job instance at 0x7fe7fb40a5a0>,2,3,[7 1],3,44,47,41,44
1,<environment.Job instance at 0x7fe7fb2d7c30>,14,14,[1 5],15,44,58,29,44
1,<environment.Job instance at 0x7fe7fb2d70a0>,15,12,[ 4 10],16,58,70,42,47
1,<environment.Job instance at 0x7fe7fb408550>,20,14,[8 3],21,70,84,49,60
1,<environment.Job instance at 0x7fe7fadc6550>,26,16,[9 2],27,84,100,57,73
1,<environment.Job instance at 0x7fe7fadc6f50>,31,17,[7 5],32,100,117,68,88
1,<environment.Job instance at 0x7fe7fadc6af0>,34,15,[4 6],35,117,132,82,104
1,<environment.Job instance at 0x7fe7fadc64b0>,37,15,[5 3],38,117,132,79,108
1,<environment.Job instance at 0x7fe83e9ca6e0>,1,14,[1 5],2,2,16,0,2
1,<environment.Job instance at 0x7fe7fb22c190>,11,3,[9 3],12,17,20,5,17
1,<environment.Job instance at 0x7fe7fb239140>,13,3,[8 4],14,20,23,6,18
1,<environment.Job instance at 0x7fe7fb239280>,16,18,[4 6],17,30,48,13,30
1,<environment.Job instance at 0x7fe7fb2398c0>,21,3,[9 2],22,64,67,42,64
1,<environment.Job instance at 0x7fe83f5c7640>,0,1,[6 3],1,2,3,1,2
1,<environment.Job instance at 0x7fe7fb239aa0>,2,18,[5 1],3,3,21,0,3
1,<environment.Job instance at 0x7fe7fafa0320>,5,3,[6 5],6,21,24,15,6
1,<environment.Job instance at 0x7fe7fafa0410>,7,13,[7 3],8,24,37,16,10
1,<environment.Job instance at 0x7fe845f72a50>,10,14,[3 6],11,24,38,13,12
1,<environment.Job instance at 0x7fe845f72780>,19,14,[10  1],20,38,52,18,27
1,<environment.Job instance at 0x7fe83f817f00>,21,14,[10  4],22,52,66,30,39
1,<environment.Job instance at 0x7fe83f817fa0>,25,15,[7 4],26,66,81,40,55
1,<environment.Job instance at 0x7fe83f817320>,22,18,[5 5],23,81,99,58,73
1,<environment.Job instance at 0x7fe83e989e10>,29,17,[7 2],30,99,116,69,88
1,<environment.Job instance at 0x7fe83e989fa0>,35,2,[4 7],36,116,118,80,94
1,<environment.Job instance at 0x7fe83f037af0>,0,1,[4 6],1,4,5,3,4
1,<environment.Job instance at 0x7fe7faf93780>,7,17,[5 2],8,10,27,2,10
1,<environment.Job instance at 0x7fe83ead8780>,11,2,[9 5],12,27,29,15,12
1,<environment.Job instance at 0x7fe7fb2dab40>,10,15,[3 9],11,29,44,18,16
1,<environment.Job instance at 0x7fe7fb089dc0>,15,16,[5 3],16,44,60,28,31
1,<environment.Job instance at 0x7fe83ee60be0>,29,14,[6 1],30,60,74,30,50
1,<environment.Job instance at 0x7fe83e905780>,27,17,[4 9],28,60,77,32,53
1,<environment.Job instance at 0x7fe83e8ade10>,32,14,[3 9],33,77,91,44,64
1,<environment.Job instance at 0x7fe83e8add20>,34,14,[7 4],35,91,105,56,76
1,<environment.Job instance at 0x7fe83f66ed20>,37,18,[3 6],38,100,118,62,100
1,<environment.Job instance at 0x7fe83e8ad050>,31,17,[10  4],32,118,135,86,106
1,<environment.Job instance at 0x7fe83e8ad050>,2,18,[9 4],3,6,24,3,6
1,<environment.Job instance at 0x7fe83e8adaa0>,1,13,[5 8],2,24,37,22,8
1,<environment.Job instance at 0x7fe83f684a50>,15,16,[4 6],16,37,53,21,24
1,<environment.Job instance at 0x7fe83f6847d0>,11,16,[ 4 10],12,53,69,41,41
1,<environment.Job instance at 0x7fe83f684d20>,19,16,[2 8],20,69,85,49,59
1,<environment.Job instance at 0x7fe83f6813c0>,27,14,[5 5],28,85,99,57,74
1,<environment.Job instance at 0x7fe83f6817d0>,29,12,[5 7],30,99,111,69,85
1,<environment.Job instance at 0x7fe83f681aa0>,37,16,[1 5],38,111,127,73,98
1,<environment.Job instance at 0x7fe83f681eb0>,40,13,[9 3],41,111,124,70,98
1,<environment.Job instance at 0x7fe83f6b4960>,0,15,[9 1],1,2,17,1,2
1,<environment.Job instance at 0x7fe83f681f50>,2,13,[6 5],3,17,30,14,5
1,<environment.Job instance at 0x7fe83f008dc0>,6,2,[7 2],7,30,32,23,7
1,<environment.Job instance at 0x7fe7fb359910>,14,15,[7 5],15,32,47,17,20
1,<environment.Job instance at 0x7fe83f11c5f0>,22,17,[1 9],23,47,64,24,38
1,<environment.Job instance at 0x7fe83f11c6e0>,23,14,[5 5],24,64,78,40,50
1,<environment.Job instance at 0x7fe83f288500>,27,16,[5 8],28,78,94,50,65
1,<environment.Job instance at 0x7fe83f6980f0>,3,16,[ 4 10],4,94,110,90,83
1,<environment.Job instance at 0x7fe83f200cd0>,33,15,[4 9],34,110,125,76,98
1,<environment.Job instance at 0x7fe83f286e10>,1,13,[9 4],2,4,17,2,4
1,<environment.Job instance at 0x7fe7fb4418c0>,7,16,[7 2],8,17,33,9,8
1,<environment.Job instance at 0x7fe83ec40b90>,18,15,[7 1],19,33,48,14,21
1,<environment.Job instance at 0x7fe7fb420cd0>,19,14,[3 8],20,27,41,7,27
1,<environment.Job instance at 0x7fe7fac8e550>,12,14,[9 3],13,48,62,35,33
1,<environment.Job instance at 0x7fe83eae03c0>,27,16,[8 4],28,62,78,34,50
1,<environment.Job instance at 0x7fe83e9d65f0>,30,17,[8 4],31,78,95,47,66
1,<environment.Job instance at 0x7fe83ebf95a0>,34,17,[8 5],35,95,112,60,83
1,<environment.Job instance at 0x7fe83e94a820>,41,13,[5 2],42,112,125,70,96
1,<environment.Job instance at 0x7fe7fb4f47d0>,6,14,[7 5],7,8,22,1,8
1,<environment.Job instance at 0x7fe7fb4f4dc0>,10,18,[5 5],11,22,40,11,14
1,<environment.Job instance at 0x7fe7fb4ea410>,17,3,[9 4],18,40,43,22,26
1,<environment.Job instance at 0x7fe7fb4ea5f0>,21,13,[9 1],22,43,56,21,28
1,<environment.Job instance at 0x7fe7fb4ea0a0>,14,16,[7 5],15,56,72,41,44
1,<environment.Job instance at 0x7fe7fb4eac30>,26,12,[3 5],27,56,68,29,54
1,<environment.Job instance at 0x7fe7fb4ea7d0>,24,15,[10  2],25,72,87,47,58
1,<environment.Job instance at 0x7fe7fb4ce550>,38,3,[9 2],39,87,90,48,64
1,<environment.Job instance at 0x7fe7fb4ce690>,40,1,[10  3],41,90,91,49,64
1,<environment.Job instance at 0x7fe7fb4ced20>,44,2,[9 2],45,91,93,46,79
1,<environment.Job instance at 0x7fe7fb4ced70>,45,12,[8 3],46,93,105,47,79
1,<environment.Job instance at 0x7fe7fb4f4e60>,11,14,[ 1 10],12,105,119,93,92
1,<environment.Job instance at 0x7fe7fb4d0460>,49,14,[8 5],50,119,133,69,107
1,<environment.Job instance at 0x7fe7fb4cec30>,1,3,[1 8],2,3,6,1,3
1,<environment.Job instance at 0x7fe83f812780>,5,15,[8 3],6,7,22,1,7
1,<environment.Job instance at 0x7fe7fad1d8c0>,14,15,[4 7],15,22,37,7,15
1,<environment.Job instance at 0x7fe83e8f29b0>,11,12,[8 2],12,37,49,25,24
1,<environment.Job instance at 0x7fe7fad1d500>,10,13,[10  5],11,49,62,38,35
1,<environment.Job instance at 0x7fe7fb278190>,21,16,[4 9],22,62,78,40,50
1,<environment.Job instance at 0x7fe83eda4730>,26,18,[7 1],27,78,96,51,68
1,<environment.Job instance at 0x7fe8460bbf00>,35,2,[1 9],36,84,86,48,84
1,<environment.Job instance at 0x7fe8460c6fa0>,36,16,[9 3],37,96,112,59,84
1,<environment.Job instance at 0x7fe7fb1c6780>,40,17,[4 7],41,112,129,71,100
1,<environment.Job instance at 0x7fe83ecf7960>,2,18,[3 6],3,9,27,6,9
1,<environment.Job instance at 0x7fe83eaf7eb0>,9,15,[6 5],10,40,55,30,40
1,<environment.Job instance at 0x7fe83ec49e60>,1,18,[4 9],2,55,73,53,51
1,<environment.Job instance at 0x7fe7fb156c80>,19,15,[9 3],20,73,88,53,60
1,<environment.Job instance at 0x7fe7fb156780>,26,15,[4 7],27,88,103,61,75
1,<environment.Job instance at 0x7fe83e93f190>,2,2,[5 5],3,3,5,0,3
1,<environment.Job instance at 0x7fe83f3dcfa0>,10,2,[7 1],11,11,13,0,11
1,<environment.Job instance at 0x7fe7fb3abaa0>,6,13,[4 5],7,14,27,7,14
1,<environment.Job instance at 0x7fe7fb3bdd20>,13,12,[5 8],14,27,39,13,16
1,<environment.Job instance at 0x7fe83f235780>,21,12,[4 5],22,39,51,17,26
1,<environment.Job instance at 0x7fe83f1d40a0>,25,3,[4 8],26,51,54,25,32
1,<environment.Job instance at 0x7fe7fb3b40a0>,17,13,[5 5],18,54,67,36,40
1,<environment.Job instance at 0x7fe7fb3ab5f0>,5,16,[8 5],6,67,83,61,54
1,<environment.Job instance at 0x7fe83f1e5d20>,38,3,[2 5],39,67,70,28,67
1,<environment.Job instance at 0x7fe845b5f690>,42,3,[10  3],43,83,86,40,71
1,<environment.Job instance at 0x7fe7fb3b9230>,43,15,[8 4],44,86,101,42,72
1,<environment.Job instance at 0x7fe83f159140>,26,16,[ 5 10],27,101,117,74,91
1,<environment.Job instance at 0x7fe83f075be0>,57,13,[7 4],58,117,130,59,105
1,<environment.Job instance at 0x7fe83f0759b0>,2,18,[6 4],3,3,21,0,3
1,<environment.Job instance at 0x7fe83ee74cd0>,8,3,[10  4],9,21,24,12,9
1,<environment.Job instance at 0x7fe83e9e9b40>,9,15,[8 4],10,24,39,14,12
1,<environment.Job instance at 0x7fe83e8ef910>,21,12,[7 4],22,39,51,17,22
1,<environment.Job instance at 0x7fe7faf2daa0>,15,13,[2 6],16,26,39,10,26
1,<environment.Job instance at 0x7fe7fb4f9b90>,27,16,[3 5],28,39,55,11,35
1,<environment.Job instance at 0x7fe83eaf7690>,30,17,[8 3],31,55,72,24,43
1,<environment.Job instance at 0x7fe83e8ef1e0>,25,16,[5 7],26,72,88,46,60
1,<environment.Job instance at 0x7fe7faec2960>,22,18,[7 3],23,88,106,65,77
1,<environment.Job instance at 0x7fe83f338cd0>,46,13,[ 1 10],47,106,119,59,91
1,<environment.Job instance at 0x7fe83ed36cd0>,34,17,[5 6],35,119,136,84,107
1,<environment.Job instance at 0x7fe7fb4a20a0>,1,3,[2 8],2,2,5,0,2
1,<environment.Job instance at 0x7fe7fb4a20f0>,2,12,[10  3],3,5,17,2,5
1,<environment.Job instance at 0x7fe7fb4a2b40>,7,18,[7 1],8,17,35,9,10
1,<environment.Job instance at 0x7fe7fab205f0>,16,3,[ 4 10],17,35,38,18,20
1,<environment.Job instance at 0x7fe7faac9410>,17,2,[5 8],18,38,40,20,20
1,<environment.Job instance at 0x7fe7fab20460>,9,15,[9 3],10,40,55,30,28
1,<environment.Job instance at 0x7fe7faac91e0>,18,12,[ 3 10],19,62,74,43,62
1,<environment.Job instance at 0x7fe7faac98c0>,27,3,[5 5],28,74,77,46,62
1,<environment.Job instance at 0x7fe7fb0f5b90>,28,1,[5 1],29,74,75,45,62
1,<environment.Job instance at 0x7fe7fb0f5370>,33,15,[10  1],34,77,92,43,64
1,<environment.Job instance at 0x7fe7fb0f5e60>,36,1,[7 3],37,92,93,55,80
1,<environment.Job instance at 0x7fe7fb0f5690>,37,15,[1 7],38,92,107,54,80
1,<environment.Job instance at 0x7fe83eb0c0f0>,1,2,[1 9],2,2,4,0,2
1,<environment.Job instance at 0x7fe7fb0f5550>,2,1,[7 2],3,4,5,1,3
1,<environment.Job instance at 0x7fe83eadcdc0>,0,12,[6 1],1,7,19,6,7
1,<environment.Job instance at 0x7fe7fb41e410>,9,14,[8 5],10,19,33,9,11
1,<environment.Job instance at 0x7fe7fb41ef00>,14,12,[9 4],15,33,45,18,16
1,<environment.Job instance at 0x7fe7fb42c140>,22,1,[7 5],23,49,50,26,49
1,<environment.Job instance at 0x7fe7fb42c370>,23,2,[ 3 10],24,50,52,26,49
1,<environment.Job instance at 0x7fe7fb428280>,28,1,[10  4],29,52,53,23,49
1,<environment.Job instance at 0x7fe7fb43be10>,30,3,[ 2 10],31,53,56,22,49
1,<environment.Job instance at 0x7fe7fb43baa0>,32,13,[9 4],33,56,69,23,49
1,<environment.Job instance at 0x7fe7fb17e0f0>,36,14,[10  1],37,69,83,32,55
1,<environment.Job instance at 0x7fe7fabd9b40>,4,12,[ 4 10],5,87,99,82,87
1,<environment.Job instance at 0x7fe7fb0d90a0>,40,17,[4 8],41,99,116,58,90
1,<environment.Job instance at 0x7fe83f51a2d0>,41,17,[3 6],42,116,133,74,104
1,<environment.Job instance at 0x7fe7faf82410>,54,17,[6 1],55,104,121,49,104
1,<environment.Job instance at 0x7fe7fac74eb0>,2,13,[1 7],3,4,17,1,4
1,<environment.Job instance at 0x7fe7fac74690>,3,15,[3 5],4,17,32,13,8
1,<environment.Job instance at 0x7fe7fb0c98c0>,9,13,[3 6],10,32,45,22,16
1,<environment.Job instance at 0x7fe7fab690f0>,18,12,[6 2],19,20,32,1,20
1,<environment.Job instance at 0x7fe7fb002460>,24,13,[6 5],25,45,58,20,29
1,<environment.Job instance at 0x7fe7fafc7690>,22,17,[5 5],23,58,75,35,46
1,<environment.Job instance at 0x7fe7fb3a1910>,33,13,[7 3],34,75,88,41,59
1,<environment.Job instance at 0x7fe7fb3a1280>,36,15,[6 4],37,88,103,51,74
1,<environment.Job instance at 0x7fe7fb3a1460>,32,15,[4 9],33,103,118,70,91
1,<environment.Job instance at 0x7fe7fafc7280>,20,16,[8 2],21,118,134,97,105
1,<environment.Job instance at 0x7fe83f18fc30>,1,2,[5 3],2,2,4,0,2
1,<environment.Job instance at 0x7fe83f826730>,2,1,[5 5],3,3,4,0,3
1,<environment.Job instance at 0x7fe83f826d70>,3,12,[9 4],4,5,17,1,5
1,<environment.Job instance at 0x7fe83f8260a0>,5,3,[2 6],6,17,20,11,6
1,<environment.Job instance at 0x7fe83efb6c80>,6,15,[5 2],7,17,32,10,7
1,<environment.Job instance at 0x7fe83efb6690>,15,13,[ 3 10],16,32,45,16,17
1,<environment.Job instance at 0x7fe83efb66e0>,11,13,[ 1 10],12,45,58,33,30
1,<environment.Job instance at 0x7fe7faad2910>,24,14,[3 7],25,58,72,33,43
1,<environment.Job instance at 0x7fe7faad2b90>,21,17,[5 4],22,72,89,50,61
1,<environment.Job instance at 0x7fe7faad2960>,28,16,[7 1],29,89,105,60,77
1,<environment.Job instance at 0x7fe7faad2e60>,30,17,[3 8],31,89,106,58,85
1,<environment.Job instance at 0x7fe7faad2500>,33,17,[7 3],34,106,123,72,94
1,<environment.Job instance at 0x7fe7faad21e0>,35,12,[5 5],36,123,135,87,106
1,<environment.Job instance at 0x7fe83ed9b5a0>,1,13,[8 2],2,3,16,1,3
1,<environment.Job instance at 0x7fe7faad21e0>,3,3,[ 3 10],4,16,19,12,4
1,<environment.Job instance at 0x7fe83eeab410>,4,1,[10  2],5,19,20,14,5
1,<environment.Job instance at 0x7fe83eeab640>,5,18,[7 4],6,20,38,14,10
1,<environment.Job instance at 0x7fe83f805c30>,19,2,[5 1],20,38,40,18,20
1,<environment.Job instance at 0x7fe7faac8c30>,15,17,[4 6],16,38,55,22,28
1,<environment.Job instance at 0x7fe7faef15a0>,24,15,[7 5],25,55,70,30,43
1,<environment.Job instance at 0x7fe7faef1af0>,26,15,[5 5],27,70,85,43,57
1,<environment.Job instance at 0x7fe7faef1eb0>,27,17,[9 4],28,85,102,57,75
1,<environment.Job instance at 0x7fe83ec743c0>,33,12,[3 6],34,102,114,68,88
1,<environment.Job instance at 0x7fe83ec740a0>,40,16,[1 9],41,114,130,73,107
1,<environment.Job instance at 0x7f64ca4e7230>,3,3,[4 8],4,4,7,0,4
1,<environment.Job instance at 0x7f64d18f70f0>,0,13,[9 3],1,7,20,6,5
1,<environment.Job instance at 0x7f64ca4e7410>,5,2,[1 5],6,7,9,1,6
1,<environment.Job instance at 0x7f64ca4e7640>,8,13,[5 5],9,20,33,11,9
1,<environment.Job instance at 0x7f64ca4e7be0>,14,13,[7 3],15,33,46,18,22
1,<environment.Job instance at 0x7f64ca4e78c0>,10,12,[3 7],11,33,45,22,23
1,<environment.Job instance at 0x7f64ca4e7f00>,19,14,[3 5],20,45,59,25,34
1,<environment.Job instance at 0x7f64ca4e7d20>,16,16,[3 5],17,50,66,33,50
1,<environment.Job instance at 0x7f64ca4e93c0>,25,12,[ 5 10],26,66,78,40,51
1,<environment.Job instance at 0x7f64ca4e9b90>,32,3,[5 1],33,62,65,29,62
1,<environment.Job instance at 0x7f64ca4e9c30>,33,14,[5 5],34,78,92,44,64
1,<environment.Job instance at 0x7f64ca4e9fa0>,35,15,[9 5],36,92,107,56,79
1,<environment.Job instance at 0x7f64ca4ec5a0>,45,13,[6 5],46,107,120,61,95
1,<environment.Job instance at 0x7f64ca4ec780>,48,15,[10  1],49,120,135,71,108
1,<environment.Job instance at 0x7f64ca4e9190>,1,1,[2 6],2,4,5,2,4
1,<environment.Job instance at 0x7f64d191eeb0>,6,3,[ 5 10],7,13,16,6,13
1,<environment.Job instance at 0x7f64d1a715a0>,14,3,[5 6],15,16,19,1,16
1,<environment.Job instance at 0x7f64d1a715f0>,15,14,[ 2 10],16,19,33,3,16
1,<environment.Job instance at 0x7f64d1a67370>,21,13,[5 6],22,74,87,52,74
1,<environment.Job instance at 0x7f64d1a67cd0>,26,17,[1 7],27,87,104,60,81
1,<environment.Job instance at 0x7f64d1a67690>,31,15,[10  4],32,104,119,72,90
1,<environment.Job instance at 0x7f64d1a6b730>,34,14,[8 4],35,119,133,84,104
1,<environment.Job instance at 0x7f64d1a6b690>,41,15,[1 7],42,133,148,91,119
1,<environment.Job instance at 0x7f64d191f780>,43,15,[5 2],44,133,148,89,119
1,<environment.Job instance at 0x7f64d191fa00>,2,2,[9 3],3,3,5,0,3
1,<environment.Job instance at 0x7f64868e6b40>,8,18,[4 6],9,11,29,2,11
1,<environment.Job instance at 0x7f64868e68c0>,10,3,[7 3],11,29,32,18,25
1,<environment.Job instance at 0x7f64868e6280>,13,12,[9 1],14,32,44,18,25
1,<environment.Job instance at 0x7f64868e6320>,18,18,[4 5],19,44,62,25,33
1,<environment.Job instance at 0x7f64868e6e60>,17,17,[5 2],18,52,69,34,52
1,<environment.Job instance at 0x7f64868e5410>,28,15,[3 6],29,62,77,33,52
1,<environment.Job instance at 0x7f64868e5fa0>,34,2,[8 5],35,77,79,42,54
1,<environment.Job instance at 0x7f64868e56e0>,35,1,[8 1],36,79,80,43,54
1,<environment.Job instance at 0x7f64868e67d0>,6,16,[7 4],7,82,98,75,82
1,<environment.Job instance at 0x7f64868e5370>,27,13,[9 2],28,98,111,70,84
1,<environment.Job instance at 0x7f64868e5e10>,37,18,[5 9],38,111,129,73,100
1,<environment.Job instance at 0x7f648681b640>,53,3,[9 5],54,129,132,75,117
1,<environment.Job instance at 0x7f64ca5fae60>,2,12,[3 8],3,5,17,2,5
1,<environment.Job instance at 0x7f64ceb0f9b0>,5,3,[3 8],6,17,20,11,6
1,<environment.Job instance at 0x7f64ceb0f780>,9,2,[8 2],10,24,26,14,24
1,<environment.Job instance at 0x7f64ca5af280>,7,15,[5 3],8,26,41,18,25
1,<environment.Job instance at 0x7f64ca637b90>,13,2,[5 7],14,26,28,12,25
1,<environment.Job instance at 0x7f64ca637cd0>,16,3,[2 8],17,41,44,24,25
1,<environment.Job instance at 0x7f64ca51a410>,21,3,[1 6],22,28,31,6,26
1,<environment.Job instance at 0x7f64ca652460>,17,1,[5 5],18,31,32,13,26
1,<environment.Job instance at 0x7f64ca5aae10>,23,2,[5 5],24,32,34,8,26
1,<environment.Job instance at 0x7f6486910aa0>,26,3,[6 3],27,44,47,17,34
1,<environment.Job instance at 0x7f64ca5afd70>,1,17,[7 5],2,47,64,45,35
1,<environment.Job instance at 0x7f64ca538320>,4,15,[4 6],5,64,79,59,50
1,<environment.Job instance at 0x7f6486781eb0>,33,2,[9 2],34,79,81,45,53
1,<environment.Job instance at 0x7f6486857c80>,36,12,[8 3],37,81,93,44,67
1,<environment.Job instance at 0x7f6486857c30>,37,15,[2 9],38,93,108,55,79
1,<environment.Job instance at 0x7f64867815a0>,30,18,[9 5],31,108,126,77,97
1,<environment.Job instance at 0x7f64868573c0>,49,17,[9 1],50,126,143,76,114
1,<environment.Job instance at 0x7f64d191e690>,0,19,[6 3],1,1,20,0,1
1,<environment.Job instance at 0x7f6486c5f4b0>,3,12,[1 8],4,20,32,16,4
1,<environment.Job instance at 0x7f6486de43c0>,13,13,[6 5],14,32,45,18,18
1,<environment.Job instance at 0x7f64ca353af0>,18,3,[5 8],19,45,48,26,34
1,<environment.Job instance at 0x7f6486dcd8c0>,19,15,[9 5],20,48,63,28,34
1,<environment.Job instance at 0x7f64ca2d0be0>,4,16,[10  3],5,63,79,58,50
1,<environment.Job instance at 0x7f64ca8d96e0>,28,14,[5 9],29,79,93,50,68
1,<environment.Job instance at 0x7f64ca8d93c0>,35,12,[2 9],36,93,105,57,76
1,<environment.Job instance at 0x7f64ca908320>,42,3,[ 1 10],43,105,108,62,84
1,<environment.Job instance at 0x7f64ca918640>,43,3,[7 3],44,108,111,64,85
1,<environment.Job instance at 0x7f64ca9186e0>,45,13,[10  4],46,111,124,65,100
1,<environment.Job instance at 0x7f64ca918320>,46,16,[5 5],47,124,140,77,112
1,<environment.Job instance at 0x7f64cedfba50>,3,1,[6 2],4,5,6,1,5
1,<environment.Job instance at 0x7f64cedfb5a0>,4,2,[4 6],5,6,8,1,6
1,<environment.Job instance at 0x7f64cedfb1e0>,2,13,[4 8],3,8,21,5,8
1,<environment.Job instance at 0x7f64cef21eb0>,9,3,[5 1],10,10,13,0,10
1,<environment.Job instance at 0x7f64cef21be0>,10,14,[6 4],11,21,35,10,13
1,<environment.Job instance at 0x7f64cef21870>,14,15,[9 1],15,35,50,20,24
1,<environment.Job instance at 0x7f64ca39a050>,18,17,[5 5],19,50,67,31,39
1,<environment.Job instance at 0x7f64ca39a140>,28,3,[10  4],29,67,70,38,46
1,<environment.Job instance at 0x7f64ca39afa0>,20,15,[9 4],21,70,85,49,56
1,<environment.Job instance at 0x7f64ca981f00>,37,13,[9 4],38,85,98,47,69
1,<environment.Job instance at 0x7f64ca9818c0>,40,15,[4 5],41,98,113,57,84
1,<environment.Job instance at 0x7f6486c274b0>,45,16,[4 5],46,98,114,52,95
1,<environment.Job instance at 0x7f64ca9815a0>,39,17,[5 9],40,114,131,74,102
1,<environment.Job instance at 0x7f64cf097a50>,2,3,[9 1],3,3,6,0,3
1,<environment.Job instance at 0x7f64cf041a00>,4,17,[6 5],5,11,28,6,11
1,<environment.Job instance at 0x7f64ca84eb40>,11,14,[7 1],12,28,42,16,15
1,<environment.Job instance at 0x7f64ca84e190>,13,3,[5 8],14,42,45,28,28
1,<environment.Job instance at 0x7f64ca84ea50>,12,16,[9 4],13,45,61,32,34
1,<environment.Job instance at 0x7f64cecbd910>,21,16,[ 2 10],22,61,77,39,48
1,<environment.Job instance at 0x7f64ca509aa0>,25,12,[8 1],26,77,89,51,63
1,<environment.Job instance at 0x7f64cece3320>,27,18,[10  5],28,89,107,61,79
1,<environment.Job instance at 0x7f64ceab8820>,38,14,[1 7],39,107,121,68,92
1,<environment.Job instance at 0x7f6486d278c0>,41,18,[4 8],42,121,139,79,111
1,<environment.Job instance at 0x7f6486b913c0>,0,3,[7 3],1,2,5,1,2
1,<environment.Job instance at 0x7f6486d387d0>,6,16,[6 1],7,7,23,0,7
1,<environment.Job instance at 0x7f6486d38e10>,12,14,[9 1],13,23,37,10,13
1,<environment.Job instance at 0x7f6486d38cd0>,10,16,[5 9],11,37,53,26,34
1,<environment.Job instance at 0x7f6486d46550>,20,18,[5 8],21,53,71,32,42
1,<environment.Job instance at 0x7f6486d46780>,24,14,[10  1],25,71,85,46,56
1,<environment.Job instance at 0x7f6486d46960>,29,13,[ 2 10],30,85,98,55,69
1,<environment.Job instance at 0x7f6486d46320>,21,17,[3 7],22,98,115,76,86
1,<environment.Job instance at 0x7f6486d46f00>,33,16,[8 2],34,115,131,81,102
1,<environment.Job instance at 0x7f6486d3a190>,40,15,[9 1],41,131,146,90,117
1,<environment.Job instance at 0x7f6486d24550>,1,1,[2 7],2,2,3,0,2
1,<environment.Job instance at 0x7f6486d3a5a0>,2,2,[4 5],3,3,5,0,3
1,<environment.Job instance at 0x7f64869d7500>,3,14,[5 5],4,4,18,0,4
1,<environment.Job instance at 0x7f64869d7f50>,4,12,[7 4],5,18,30,13,5
1,<environment.Job instance at 0x7f64ceabfa50>,14,12,[1 8],15,30,42,15,15
1,<environment.Job instance at 0x7f6486c1c320>,17,18,[6 2],18,30,48,12,24
1,<environment.Job instance at 0x7f64ceabf9b0>,13,15,[4 8],14,42,57,28,28
1,<environment.Job instance at 0x7f64cec2beb0>,21,14,[9 5],22,57,71,35,42
1,<environment.Job instance at 0x7f64cea64c30>,18,14,[ 4 10],19,71,85,52,67
1,<environment.Job instance at 0x7f64cef8bdc0>,31,13,[9 4],32,85,98,53,72
1,<environment.Job instance at 0x7f64cec47370>,33,13,[3 7],34,98,111,64,84
1,<environment.Job instance at 0x7f64cec470f0>,34,15,[6 4],35,111,126,76,97
1,<environment.Job instance at 0x7f64cead40f0>,48,15,[7 1],49,126,141,77,113
1,<environment.Job instance at 0x7f6486cbc780>,1,16,[6 5],2,5,21,3,5
1,<environment.Job instance at 0x7f64ca7e9cd0>,7,18,[9 4],8,21,39,13,11
1,<environment.Job instance at 0x7f64ca956690>,21,14,[6 1],22,39,53,17,29
1,<environment.Job instance at 0x7f64ca97d0f0>,23,14,[4 8],24,39,53,15,29
1,<environment.Job instance at 0x7f64cef2bf50>,6,12,[ 1 10],7,53,65,46,36
1,<environment.Job instance at 0x7f6486da5dc0>,31,14,[ 1 10],32,65,79,33,50
1,<environment.Job instance at 0x7f6486da5730>,34,16,[7 5],35,79,95,44,66
1,<environment.Job instance at 0x7f6486da5640>,33,18,[5 2],34,95,113,61,84
1,<environment.Job instance at 0x7f6486b0c050>,46,12,[3 5],47,90,102,43,90
1,<environment.Job instance at 0x7f64cea75f00>,44,15,[10  2],45,113,128,68,99
1,<environment.Job instance at 0x7f64cee84e60>,61,14,[1 5],62,128,142,66,117
1,<environment.Job instance at 0x7f64cee84f50>,62,17,[5 1],63,128,145,65,118
1,<environment.Job instance at 0x7f64866edbe0>,1,2,[7 1],2,3,5,1,3
1,<environment.Job instance at 0x7f6486b6af00>,6,1,[6 4],7,7,8,0,7
1,<environment.Job instance at 0x7f6486b3c1e0>,7,2,[3 8],8,9,11,1,9
1,<environment.Job instance at 0x7f6486b3c370>,9,17,[9 1],10,11,28,1,10
1,<environment.Job instance at 0x7f6486b3c3c0>,11,3,[1 8],12,12,15,0,12
1,<environment.Job instance at 0x7f6486b3ca00>,17,12,[9 2],18,28,40,10,25
1,<environment.Job instance at 0x7f6486b3caa0>,18,3,[5 8],19,40,43,21,27
1,<environment.Job instance at 0x7f6486b3cbe0>,20,13,[10  5],21,43,56,22,27
1,<environment.Job instance at 0x7f6486b3cfa0>,24,15,[4 7],25,56,71,31,43
1,<environment.Job instance at 0x7f6486b644b0>,30,12,[ 5 10],31,71,83,40,59
1,<environment.Job instance at 0x7f6486b64690>,32,15,[1 6],33,83,98,50,72
1,<environment.Job instance at 0x7f6486b647d0>,34,13,[1 9],35,98,111,63,83
1,<environment.Job instance at 0x7f6486b64910>,36,18,[7 1],37,88,106,51,88
1,<environment.Job instance at 0x7f6486b64fa0>,42,13,[1 9],43,111,124,68,104
1,<environment.Job instance at 0x7f6486b550f0>,44,14,[2 7],45,124,138,79,109
1,<environment.Job instance at 0x7f6486b554b0>,1,18,[4 9],2,8,26,6,8
1,<environment.Job instance at 0x7f648691e190>,9,15,[6 5],10,26,41,16,15
1,<environment.Job instance at 0x7f648691e0f0>,12,15,[ 2 10],13,41,56,28,32
1,<environment.Job instance at 0x7f648691e960>,14,17,[10  3],15,56,73,41,52
1,<environment.Job instance at 0x7f6486b4f730>,24,2,[10  3],25,73,75,48,58
1,<environment.Job instance at 0x7f6486b4fbe0>,26,15,[4 7],27,75,90,48,62
1,<environment.Job instance at 0x7f6486dc4690>,9,2,[1 8],10,10,12,0,10
1,<environment.Job instance at 0x7f6486dc4aa0>,10,12,[10  4],11,13,25,2,13
1,<environment.Job instance at 0x7f64ca5080a0>,15,3,[4 8],16,25,28,9,16
1,<environment.Job instance at 0x7f64ca5089b0>,16,16,[ 5 10],17,28,44,11,18
1,<environment.Job instance at 0x7f6486c10aa0>,18,3,[2 8],19,44,47,25,19
1,<environment.Job instance at 0x7f6486c10eb0>,19,2,[4 5],20,47,49,27,20
1,<environment.Job instance at 0x7f6486c10c30>,20,1,[7 1],21,44,45,23,21
1,<environment.Job instance at 0x7f6486dc42d0>,7,13,[5 5],8,47,60,39,31
1,<environment.Job instance at 0x7f64ca41d780>,26,1,[5 5],27,49,50,22,31
1,<environment.Job instance at 0x7f64ca41d820>,28,3,[2 5],29,50,53,21,36
1,<environment.Job instance at 0x7f64ca41dbe0>,30,2,[10  1],31,60,62,29,36
1,<environment.Job instance at 0x7f64ca41de60>,31,3,[2 9],32,62,65,30,36
1,<environment.Job instance at 0x7f64ca6995a0>,37,2,[5 7],38,65,67,27,44
1,<environment.Job instance at 0x7f64ca699e60>,39,1,[6 3],40,67,68,27,51
1,<environment.Job instance at 0x7f64ca6996e0>,40,16,[6 2],41,68,84,27,55
1,<environment.Job instance at 0x7f64ca337280>,47,13,[7 4],48,84,97,36,68
1,<environment.Job instance at 0x7f64ca337fa0>,51,16,[5 7],52,97,113,45,87
1,<environment.Job instance at 0x7f64ca337d70>,54,1,[6 5],55,113,114,58,106
1,<environment.Job instance at 0x7f64ca79eaf0>,55,13,[6 4],56,114,127,58,109
1,<environment.Job instance at 0x7f64ca79ed20>,57,18,[4 7],58,127,145,69,116
1,<environment.Job instance at 0x7f64ca79e500>,3,13,[4 7],4,4,17,0,4
1,<environment.Job instance at 0x7f64ca42d190>,5,16,[5 7],6,17,33,11,6
1,<environment.Job instance at 0x7f64ca42b050>,11,12,[7 5],12,33,45,21,17
1,<environment.Job instance at 0x7f64ca429050>,20,14,[6 1],21,45,59,24,35
1,<environment.Job instance at 0x7f64ca26e280>,22,17,[3 8],23,45,62,22,35
1,<environment.Job instance at 0x7f64ca436af0>,23,3,[5 6],24,62,65,38,37
1,<environment.Job instance at 0x7f64ceb02d20>,29,15,[8 4],30,65,80,35,52
1,<environment.Job instance at 0x7f6486af6fa0>,32,16,[6 3],33,80,96,47,67
1,<environment.Job instance at 0x7f6486a1a3c0>,38,3,[2 6],39,78,81,39,78
1,<environment.Job instance at 0x7f64ca42b7d0>,13,13,[10  3],14,96,109,82,88
1,<environment.Job instance at 0x7f6486e1fc80>,44,1,[7 5],45,109,110,64,88
1,<environment.Job instance at 0x7f6486b11e10>,51,17,[6 5],52,110,127,58,105
1,<environment.Job instance at 0x7f64d18d9500>,52,3,[6 2],53,127,130,74,105
1,<environment.Job instance at 0x7f64ceb01eb0>,50,16,[1 5],51,109,125,58,105
1,<environment.Job instance at 0x7f64ca90a820>,56,16,[3 6],57,127,143,70,114
1,<environment.Job instance at 0x7f64cefbed70>,2,2,[7 5],3,3,5,0,3
1,<environment.Job instance at 0x7f64ca8a6e10>,15,16,[10  2],16,71,87,55,71
1,<environment.Job instance at 0x7f64ca33dfa0>,17,12,[4 7],18,87,99,69,71
1,<environment.Job instance at 0x7f6486e560a0>,22,1,[9 4],23,99,100,76,91
1,<environment.Job instance at 0x7f6486965820>,23,2,[3 6],24,100,102,76,91
1,<environment.Job instance at 0x7f6486e1ad70>,24,1,[1 7],25,102,103,77,91
1,<environment.Job instance at 0x7f64cedd8d20>,25,2,[1 8],26,103,105,77,91
1,<environment.Job instance at 0x7f64cec477d0>,27,14,[8 3],28,105,119,77,91
1,<environment.Job instance at 0x7f6486ab92d0>,31,12,[7 5],32,119,131,87,106
1,<environment.Job instance at 0x7f64864ced70>,10,16,[5 4],11,12,28,1,12
1,<environment.Job instance at 0x7f64ca3f7e60>,1,17,[3 6],2,16,33,14,16
1,<environment.Job instance at 0x7f64865d1320>,16,17,[3 7],17,33,50,16,22
1,<environment.Job instance at 0x7f64864cef50>,11,18,[5 5],12,50,68,38,40
1,<environment.Job instance at 0x7f64865965f0>,29,13,[6 1],30,68,81,38,53
1,<environment.Job instance at 0x7f648646e8c0>,31,17,[6 1],32,81,98,49,69
1,<environment.Job instance at 0x7f648646ec80>,33,15,[5 8],34,98,113,64,85
1,<environment.Job instance at 0x7f64868ac690>,0,2,[1 8],1,5,7,4,5
1,<environment.Job instance at 0x7f64864e98c0>,5,1,[1 5],6,7,8,1,6
1,<environment.Job instance at 0x7f6486d48410>,1,12,[4 6],2,8,20,6,6
1,<environment.Job instance at 0x7f64869c2af0>,8,1,[2 6],9,20,21,11,9
1,<environment.Job instance at 0x7f64869c2050>,7,18,[3 8],8,21,39,13,10
1,<environment.Job instance at 0x7f64869c28c0>,9,12,[1 5],10,39,51,29,28
1,<environment.Job instance at 0x7f64869bf5f0>,19,17,[6 3],20,39,56,19,28
1,<environment.Job instance at 0x7f64869bf5a0>,23,17,[10  3],24,56,73,32,46
1,<environment.Job instance at 0x7f64ca7ef050>,32,17,[6 3],33,73,90,40,64
1,<environment.Job instance at 0x7f6486d63140>,40,3,[7 1],41,90,93,49,89
1,<environment.Job instance at 0x7f64869bfb40>,14,18,[1 8],15,90,108,75,89
1,<environment.Job instance at 0x7f64ca85baf0>,43,13,[6 5],44,108,121,64,92
1,<environment.Job instance at 0x7f6486d393c0>,47,18,[4 5],48,115,133,67,115
1,<environment.Job instance at 0x7f6486d39b40>,51,15,[4 9],52,133,148,81,119
1,<environment.Job instance at 0x7f64ca92d0f0>,1,2,[2 7],2,2,4,0,2
1,<environment.Job instance at 0x7f6486d398c0>,2,13,[2 6],3,4,17,1,3
1,<environment.Job instance at 0x7f64ca262910>,3,17,[6 4],4,4,21,0,4
1,<environment.Job instance at 0x7f64868e6140>,4,2,[2 5],5,17,19,12,5
1,<environment.Job instance at 0x7f64868e6a00>,5,3,[ 4 10],6,21,24,15,6
1,<environment.Job instance at 0x7f64868e6dc0>,7,15,[5 1],8,24,39,16,10
1,<environment.Job instance at 0x7f64cf146140>,10,13,[1 5],11,24,37,13,11
1,<environment.Job instance at 0x7f64864bd7d0>,11,3,[7 5],12,39,42,27,14
1,<environment.Job instance at 0x7f64cefbbcd0>,16,14,[ 2 10],17,42,56,25,28
1,<environment.Job instance at 0x7f64ca69fb90>,14,16,[8 4],15,56,72,41,43
1,<environment.Job instance at 0x7f6486972cd0>,29,17,[1 5],30,57,74,27,57
1,<environment.Job instance at 0x7f64d1b426e0>,12,15,[3 8],13,74,89,61,60
1,<environment.Job instance at 0x7f64865dc820>,38,15,[2 6],39,89,104,50,75
1,<environment.Job instance at 0x7f64865dc370>,40,17,[6 1],41,90,107,49,90
1,<environment.Job instance at 0x7f64865dcc30>,41,14,[4 8],42,104,118,62,90
1,<environment.Job instance at 0x7f648679a9b0>,50,13,[1 8],51,118,131,67,111
1,<environment.Job instance at 0x7f64864f8910>,51,13,[8 2],52,118,131,66,111
1,<environment.Job instance at 0x7f6486d04230>,7,14,[5 6],8,9,23,1,9
1,<environment.Job instance at 0x7f6486bab4b0>,8,12,[7 2],9,23,35,14,9
1,<environment.Job instance at 0x7f64867ec370>,1,16,[1 7],2,23,39,21,15
1,<environment.Job instance at 0x7f6486bab0f0>,9,18,[5 3],10,35,53,25,25
1,<environment.Job instance at 0x7f6486babbe0>,15,15,[2 6],16,39,54,23,29
1,<environment.Job instance at 0x7f6486bab820>,21,3,[10  1],22,54,57,32,41
1,<environment.Job instance at 0x7f64ca38aa00>,24,12,[4 5],25,57,69,32,42
1,<environment.Job instance at 0x7f648665efa0>,30,13,[4 7],31,79,92,48,79
1,<environment.Job instance at 0x7f6486562e10>,33,13,[3 7],34,92,105,58,86
1,<environment.Job instance at 0x7f64865627d0>,37,17,[4 9],38,105,122,67,100
1,<environment.Job instance at 0x7f6486562cd0>,39,13,[10  2],40,122,135,82,111
1,<environment.Job instance at 0x7f64cea407d0>,3,13,[8 4],4,5,18,1,5
1,<environment.Job instance at 0x7f64cf19b050>,5,2,[5 6],6,18,20,12,6
1,<environment.Job instance at 0x7f64cef2e3c0>,0,18,[3 7],1,20,38,19,11
1,<environment.Job instance at 0x7f64864520f0>,16,17,[5 8],17,38,55,21,26
1,<environment.Job instance at 0x7f6486452280>,17,16,[5 1],18,27,43,9,27
1,<environment.Job instance at 0x7f6486990c80>,23,3,[9 3],24,55,58,31,40
1,<environment.Job instance at 0x7f6486990280>,24,16,[9 5],25,58,74,33,45
1,<environment.Job instance at 0x7f64866c2320>,29,18,[1 9],30,74,92,44,64
1,<environment.Job instance at 0x7f64cecf9320>,38,17,[3 8],39,92,109,53,80
1,<environment.Job instance at 0x7f64cecf9c30>,41,12,[6 4],42,109,121,67,92
1,<environment.Job instance at 0x7f404fbec1e0>,0,13,[9 3],1,3,16,2,3
1,<environment.Job instance at 0x7f404fbec0f0>,3,3,[4 8],4,16,19,12,4
1,<environment.Job instance at 0x7f40487dd3c0>,4,14,[1 6],5,19,33,14,5
1,<environment.Job instance at 0x7f40487dd4b0>,5,2,[1 5],6,6,8,0,6
1,<environment.Job instance at 0x7f40487dd5a0>,6,20,[6 1],7,16,36,9,7
1,<environment.Job instance at 0x7f40487dd8c0>,10,12,[3 7],11,33,45,22,22
1,<environment.Job instance at 0x7f40487ddf50>,18,3,[4 7],19,45,48,26,31
1,<environment.Job instance at 0x7f40487ddf00>,19,14,[3 5],20,48,62,28,33
1,<environment.Job instance at 0x7f40487dd870>,11,15,[4 8],12,62,77,50,49
1,<environment.Job instance at 0x7f40487e18c0>,30,14,[5 2],31,59,73,28,59
1,<environment.Job instance at 0x7f40487e1a00>,31,14,[2 5],32,77,91,45,63
1,<environment.Job instance at 0x7f40487e1e60>,33,14,[5 5],34,77,91,43,63
1,<environment.Job instance at 0x7f40487e1fa0>,35,15,[9 5],36,91,106,55,77
1,<environment.Job instance at 0x7f40487e2500>,44,3,[5 5],45,106,109,61,91
1,<environment.Job instance at 0x7f40487e25a0>,45,13,[6 5],46,109,122,63,93
1,<environment.Job instance at 0x7f40487e2780>,48,15,[10  1],49,122,137,73,110
1,<environment.Job instance at 0x7f40487e2b90>,53,17,[5 7],54,137,154,83,125
1,<environment.Job instance at 0x7f40487e2eb0>,2,13,[ 5 10],3,4,17,1,4
1,<environment.Job instance at 0x7f404fd53fa0>,4,3,[5 6],5,17,20,12,5
1,<environment.Job instance at 0x7f404fd53be0>,5,14,[ 2 10],6,20,34,14,9
1,<environment.Job instance at 0x7f404fd66780>,12,3,[4 7],13,34,37,21,13
1,<environment.Job instance at 0x7f404fd66460>,10,16,[2 8],11,37,53,26,25
1,<environment.Job instance at 0x7f404fd5ce60>,19,12,[4 9],20,53,65,33,39
1,<environment.Job instance at 0x7f404fd5cf00>,22,14,[1 8],23,65,79,42,50
1,<environment.Job instance at 0x7f404fd60dc0>,27,3,[4 5],28,79,82,51,60
1,<environment.Job instance at 0x7f404fd60e10>,28,14,[9 5],29,82,96,53,67
1,<environment.Job instance at 0x7f40487e2b90>,3,16,[ 3 10],4,96,112,92,83
1,<environment.Job instance at 0x7f404fc14820>,43,18,[6 5],44,112,130,68,101
1,<environment.Job instance at 0x7f404fd5fa00>,1,1,[ 2 10],2,2,3,0,2
1,<environment.Job instance at 0x7f4004ec3b40>,2,1,[3 9],3,3,4,0,3
1,<environment.Job instance at 0x7f4004a2f8c0>,3,2,[4 7],4,6,8,2,6
1,<environment.Job instance at 0x7f4004a2b230>,6,3,[8 4],7,8,11,1,7
1,<environment.Job instance at 0x7f404fd5ffa0>,4,12,[7 2],5,12,24,7,12
1,<environment.Job instance at 0x7f403418ac30>,12,1,[5 5],13,24,25,11,13
1,<environment.Job instance at 0x7f4004a2b640>,7,13,[9 2],8,25,38,17,14
1,<environment.Job instance at 0x7f4004a2f140>,8,15,[3 6],9,38,53,29,36
1,<environment.Job instance at 0x7f4004a761e0>,18,13,[5 1],19,38,51,19,36
1,<environment.Job instance at 0x7f4004b51190>,30,18,[6 1],31,51,69,20,45
1,<environment.Job instance at 0x7f4048a13c80>,35,17,[4 6],36,53,70,17,51
1,<environment.Job instance at 0x7f4004afecd0>,36,1,[7 3],37,70,71,33,51
1,<environment.Job instance at 0x7f4004b51460>,32,18,[8 2],33,71,89,38,61
1,<environment.Job instance at 0x7f4004a2e780>,40,15,[8 2],41,89,104,48,76
1,<environment.Job instance at 0x7f4004a91820>,45,13,[6 4],46,104,117,58,88
1,<environment.Job instance at 0x7f4004a91aa0>,48,17,[3 6],49,104,121,55,92
1,<environment.Job instance at 0x7f4004a917d0>,49,15,[ 5 10],50,121,136,71,109
1,<environment.Job instance at 0x7f4004a910a0>,56,3,[ 5 10],57,136,139,79,110
1,<environment.Job instance at 0x7f40489d7be0>,60,12,[9 2],61,139,151,78,123
1,<environment.Job instance at 0x7f4004f4ec30>,1,3,[9 4],2,2,5,0,2
1,<environment.Job instance at 0x7f4004a930f0>,2,1,[7 4],3,5,6,2,3
1,<environment.Job instance at 0x7f4004f7e0f0>,3,2,[9 2],4,6,8,2,4
1,<environment.Job instance at 0x7f4048c1e5a0>,4,17,[7 2],5,8,25,3,5
1,<environment.Job instance at 0x7f4048c1ef00>,11,17,[2 6],12,12,29,0,12
1,<environment.Job instance at 0x7f4004a7b5f0>,19,17,[9 1],20,29,46,9,22
1,<environment.Job instance at 0x7f4048847e60>,21,3,[7 3],22,46,49,24,27
1,<environment.Job instance at 0x7f4004abfc30>,27,2,[6 4],28,49,51,21,29
1,<environment.Job instance at 0x7f4004abf820>,28,14,[4 6],29,49,63,20,34
1,<environment.Job instance at 0x7f404f670a50>,30,13,[5 6],31,63,76,32,47
1,<environment.Job instance at 0x7f404f670d20>,33,13,[4 9],34,76,89,42,60
1,<environment.Job instance at 0x7f4004adf0a0>,41,13,[4 5],42,89,102,47,73
1,<environment.Job instance at 0x7f4004a91280>,48,16,[6 3],49,89,105,40,85
1,<environment.Job instance at 0x7f40487ecc80>,49,14,[5 7],50,105,119,55,92
1,<environment.Job instance at 0x7f4004a91c80>,50,18,[4 7],51,119,137,68,108
1,<environment.Job instance at 0x7f4004aef870>,58,15,[8 5],59,137,152,78,124
1,<environment.Job instance at 0x7f4004adb960>,0,3,[1 7],1,1,4,0,1
1,<environment.Job instance at 0x7f4048817780>,2,3,[ 1 10],3,4,7,1,4
1,<environment.Job instance at 0x7f4048817280>,1,18,[8 4],2,9,27,7,9
1,<environment.Job instance at 0x7f40485f5960>,12,1,[9 3],13,27,28,14,13
1,<environment.Job instance at 0x7f4048c190f0>,6,16,[5 5],7,28,44,21,15
1,<environment.Job instance at 0x7f404f57ba50>,16,2,[5 1],17,28,30,11,17
1,<environment.Job instance at 0x7f404f551e10>,18,16,[8 5],19,44,60,25,31
1,<environment.Job instance at 0x7f404f588500>,23,15,[6 3],24,60,75,36,48
1,<environment.Job instance at 0x7f40050c39b0>,22,16,[9 2],23,75,91,52,62
1,<environment.Job instance at 0x7f404f586a50>,35,3,[6 5],36,91,94,55,82
1,<environment.Job instance at 0x7f404f586870>,37,13,[7 3],38,94,107,56,82
1,<environment.Job instance at 0x7f40485c3b40>,5,13,[10  4],6,107,120,101,93
1,<environment.Job instance at 0x7f404f586e10>,42,15,[1 6],43,120,135,77,106
1,<environment.Job instance at 0x7f404f586eb0>,40,14,[3 6],41,135,149,94,120
1,<environment.Job instance at 0x7f404f0ee9b0>,2,2,[5 8],3,3,5,0,3
1,<environment.Job instance at 0x7f404f0ee780>,0,16,[9 2],1,5,21,4,4
1,<environment.Job instance at 0x7f404f0e6d70>,7,1,[3 6],8,21,22,13,8
1,<environment.Job instance at 0x7f404f4c4230>,8,3,[8 2],9,22,25,13,9
1,<environment.Job instance at 0x7f404f4c4190>,9,3,[ 5 10],10,25,28,15,10
1,<environment.Job instance at 0x7f404f4c4b90>,10,1,[4 6],11,28,29,17,11
1,<environment.Job instance at 0x7f404f4c40f0>,11,1,[4 6],12,29,30,17,12
1,<environment.Job instance at 0x7f404f0ee0a0>,5,13,[2 6],6,30,43,24,15
1,<environment.Job instance at 0x7f404f4c4d70>,15,1,[9 5],16,43,44,27,16
1,<environment.Job instance at 0x7f404f4c42d0>,16,1,[2 6],17,22,23,5,17
1,<environment.Job instance at 0x7f404f4c46e0>,14,2,[ 2 10],15,44,46,29,21
1,<environment.Job instance at 0x7f404f4c4a00>,19,15,[6 3],20,28,43,8,21
1,<environment.Job instance at 0x7f4048c5b780>,23,12,[6 2],24,46,58,22,30
1,<environment.Job instance at 0x7f404f0f78c0>,28,14,[9 4],29,58,72,29,43
1,<environment.Job instance at 0x7f404f0f7fa0>,31,14,[4 6],32,72,86,40,57
1,<environment.Job instance at 0x7f404f4c4aa0>,20,15,[3 9],21,86,101,65,74
1,<environment.Job instance at 0x7f404f542460>,42,14,[3 9],43,101,115,58,87
1,<environment.Job instance at 0x7f404f542cd0>,44,14,[7 4],45,115,129,70,101
1,<environment.Job instance at 0x7f404f4c45f0>,18,18,[1 9],19,129,147,110,121
1,<environment.Job instance at 0x7f404f0f93c0>,53,3,[9 2],54,147,150,93,123
1,<environment.Job instance at 0x7f404f17e1e0>,2,3,[5 2],3,4,7,1,4
1,<environment.Job instance at 0x7f4004fc9190>,7,3,[8 5],8,10,13,2,10
1,<environment.Job instance at 0x7f404f6419b0>,6,18,[9 4],7,13,31,6,13
1,<environment.Job instance at 0x7f4004ef23c0>,15,17,[7 4],16,31,48,15,20
1,<environment.Job instance at 0x7f40488b4fa0>,17,14,[5 5],18,48,62,30,40
1,<environment.Job instance at 0x7f404f67d730>,1,16,[ 4 10],2,62,78,60,52
1,<environment.Job instance at 0x7f4048b35910>,27,16,[1 5],28,78,94,50,71
1,<environment.Job instance at 0x7f4048b35dc0>,30,13,[9 3],31,78,91,47,72
1,<environment.Job instance at 0x7f4048b35140>,31,16,[2 7],32,94,110,62,84
1,<environment.Job instance at 0x7f4048b354b0>,33,13,[6 5],34,110,123,76,97
1,<environment.Job instance at 0x7f404efde780>,38,2,[2 7],39,123,125,84,106
1,<environment.Job instance at 0x7f404efde140>,35,15,[9 1],36,125,140,89,115
1,<environment.Job instance at 0x7f4048ccf1e0>,42,17,[1 7],43,125,142,82,125
1,<environment.Job instance at 0x7f4004bdfbe0>,6,12,[9 4],7,7,19,0,7
1,<environment.Job instance at 0x7f4048907410>,5,12,[ 3 10],6,19,31,13,11
1,<environment.Job instance at 0x7f4004bcb5f0>,15,12,[5 9],16,31,43,15,20
1,<environment.Job instance at 0x7f4004bcb500>,16,12,[6 4],17,43,55,26,30
1,<environment.Job instance at 0x7f4004bcb0f0>,10,16,[9 2],11,55,71,44,42
1,<environment.Job instance at 0x7f4004bcb820>,19,17,[9 2],20,71,88,51,59
1,<environment.Job instance at 0x7f4004bb7460>,33,18,[ 2 10],34,88,106,54,80
1,<environment.Job instance at 0x7f4004bb71e0>,37,17,[7 4],38,106,123,68,94
1,<environment.Job instance at 0x7f4004bb7780>,39,16,[10  5],40,123,139,83,110
1,<environment.Job instance at 0x7f404f599780>,2,14,[10  1],3,7,21,4,7
1,<environment.Job instance at 0x7f404f7b9410>,10,18,[5 4],11,21,39,10,11
1,<environment.Job instance at 0x7f404f0e7a50>,13,3,[1 8],14,39,42,25,14
1,<environment.Job instance at 0x7f40487421e0>,19,13,[7 2],20,39,52,19,25
1,<environment.Job instance at 0x7f4048556d20>,20,14,[2 6],21,42,56,21,27
1,<environment.Job instance at 0x7f4048b9b500>,24,16,[9 2],25,56,72,31,46
1,<environment.Job instance at 0x7f4048b90960>,26,18,[3 6],27,72,90,45,61
1,<environment.Job instance at 0x7f4048717370>,34,15,[3 5],35,90,105,55,77
1,<environment.Job instance at 0x7f4004d3be60>,36,18,[3 9],37,105,123,68,94
1,<environment.Job instance at 0x7f404f5380f0>,18,18,[ 4 10],19,123,141,104,113
1,<environment.Job instance at 0x7f404f22fa50>,46,12,[ 1 10],47,141,153,94,124
1,<environment.Job instance at 0x7f4004d03aa0>,1,2,[6 2],2,3,5,1,3
1,<environment.Job instance at 0x7f404f00d7d0>,5,13,[5 5],6,6,19,0,6
1,<environment.Job instance at 0x7f404f00da00>,4,13,[5 8],5,19,32,14,7
1,<environment.Job instance at 0x7f404f00dd20>,9,13,[4 8],10,32,45,22,19
1,<environment.Job instance at 0x7f4004e53460>,8,17,[7 5],9,45,62,36,33
1,<environment.Job instance at 0x7f40487c6460>,22,3,[1 7],23,62,65,39,45
1,<environment.Job instance at 0x7f404f1f4460>,23,13,[9 3],24,62,75,38,46
1,<environment.Job instance at 0x7f40487d7d70>,26,14,[5 4],27,75,89,48,62
1,<environment.Job instance at 0x7f404f1f4910>,19,16,[5 6],20,75,91,55,71
1,<environment.Job instance at 0x7f4048b3e870>,25,14,[ 3 10],26,91,105,65,86
1,<environment.Job instance at 0x7f4004c18820>,35,18,[ 2 10],36,105,123,69,97
1,<environment.Job instance at 0x7f4004b71820>,45,15,[8 3],46,123,138,77,113
1,<environment.Job instance at 0x7f4004b71aa0>,47,12,[9 2],48,138,150,90,121
1,<environment.Job instance at 0x7f404f07acd0>,1,12,[2 5],2,2,14,0,2
1,<environment.Job instance at 0x7f404f0242d0>,2,16,[9 3],3,14,30,11,4
1,<environment.Job instance at 0x7f4004ac10f0>,8,13,[5 7],9,30,43,21,29
1,<environment.Job instance at 0x7f404f127fa0>,3,14,[1 6],4,43,57,39,29
1,<environment.Job instance at 0x7f404f3ef3c0>,22,18,[3 6],23,57,75,34,48
1,<environment.Job instance at 0x7f4004b08370>,29,15,[6 5],30,75,90,45,61
1,<environment.Job instance at 0x7f4004b08d70>,33,18,[6 3],34,95,113,61,95
1,<environment.Job instance at 0x7f4004b08870>,34,17,[10  3],35,113,130,78,101
1,<environment.Job instance at 0x7f40488d5960>,2,2,[5 5],3,3,5,0,3
1,<environment.Job instance at 0x7f40488d5b40>,0,15,[1 6],1,10,25,9,10
1,<environment.Job instance at 0x7f40488d5c80>,10,2,[7 1],11,11,13,0,11
1,<environment.Job instance at 0x7f4004bfc820>,14,1,[2 5],15,25,26,10,16
1,<environment.Job instance at 0x7f4004bfc6e0>,17,13,[5 5],18,28,41,10,28
1,<environment.Job instance at 0x7f4004bfc050>,20,12,[10  4],21,41,53,20,30
1,<environment.Job instance at 0x7f4004bfce60>,21,12,[4 5],22,53,65,31,38
1,<environment.Job instance at 0x7f4004c4f410>,30,1,[7 1],31,65,66,34,46
1,<environment.Job instance at 0x7f4004c4faf0>,33,14,[1 8],34,65,79,31,51
1,<environment.Job instance at 0x7f4004c4f460>,35,15,[5 1],36,66,81,30,58
1,<environment.Job instance at 0x7f4004c4feb0>,42,3,[10  3],43,81,84,38,72
1,<environment.Job instance at 0x7f4004c4f7d0>,43,15,[8 4],44,84,99,40,74
1,<environment.Job instance at 0x7f4004bfdd20>,48,12,[1 6],49,84,96,35,83
1,<environment.Job instance at 0x7f4004bfdc30>,49,1,[6 3],50,99,100,49,83
1,<environment.Job instance at 0x7f4004bfdeb0>,50,16,[6 2],51,100,116,49,87
1,<environment.Job instance at 0x7f4004bfcc30>,26,16,[ 5 10],27,116,132,89,105
1,<environment.Job instance at 0x7f4004bfd050>,56,2,[8 3],57,132,134,75,105
1,<environment.Job instance at 0x7f4004bebeb0>,60,13,[10  1],61,134,147,73,126
1,<environment.Job instance at 0x7f4004f7e9b0>,1,12,[7 4],2,2,14,0,2
1,<environment.Job instance at 0x7f404892b460>,7,16,[3 5],8,8,24,0,8
1,<environment.Job instance at 0x7f404f558910>,2,18,[7 3],3,14,32,11,11
1,<environment.Job instance at 0x7f404892be60>,11,12,[7 5],12,32,44,20,15
1,<environment.Job instance at 0x7f400485f410>,20,14,[6 1],21,44,58,23,32
1,<environment.Job instance at 0x7f400483cc30>,23,3,[5 6],24,58,61,34,35
1,<environment.Job instance at 0x7f40048f2a50>,24,3,[9 3],25,61,64,36,35
1,<environment.Job instance at 0x7f4004859af0>,13,13,[10  3],14,64,77,50,50
1,<environment.Job instance at 0x7f404879a230>,14,17,[5 6],15,77,94,62,66
1,<environment.Job instance at 0x7f404f386460>,46,3,[1 8],47,106,109,59,106
1,<environment.Job instance at 0x7f4048a96410>,49,2,[2 5],50,109,111,59,106
1,<environment.Job instance at 0x7f4048a96d70>,51,17,[6 5],52,109,126,57,108
1,<environment.Job instance at 0x7f40048e2b90>,22,17,[3 8],23,126,143,103,115
1,<environment.Job instance at 0x7f4048a18410>,3,28,[3 5],4,10,38,6,10
1,<environment.Job instance at 0x7f4005092b90>,11,2,[10  5],12,38,40,26,12
1,<environment.Job instance at 0x7f404f533190>,12,1,[9 4],13,40,41,27,14
1,<environment.Job instance at 0x7f4004917fa0>,1,12,[8 3],2,41,53,39,27
1,<environment.Job instance at 0x7f4004947050>,21,12,[7 5],22,53,65,31,37
1,<environment.Job instance at 0x7f400494c5f0>,16,18,[3 5],17,53,71,36,51
1,<environment.Job instance at 0x7f40048190a0>,26,14,[3 9],27,71,85,44,56
1,<environment.Job instance at 0x7f4004819230>,29,3,[ 4 10],30,85,88,55,66
1,<environment.Job instance at 0x7f4004819550>,30,14,[5 5],31,88,102,57,73
1,<environment.Job instance at 0x7f404f330820>,34,3,[6 1],35,73,76,38,73
1,<environment.Job instance at 0x7f404f330870>,38,14,[7 3],39,102,116,63,87
1,<environment.Job instance at 0x7f4048bfa0a0>,7,15,[5 1],8,9,24,1,9
1,<environment.Job instance at 0x7f4004fbed70>,11,17,[6 1],12,24,41,12,13
1,<environment.Job instance at 0x7f4004b23870>,15,3,[7 2],16,41,44,25,26
1,<environment.Job instance at 0x7f4004b36c30>,24,2,[8 1],25,56,58,31,56
1,<environment.Job instance at 0x7f40050edcd0>,12,16,[9 2],13,85,101,72,85
1,<environment.Job instance at 0x7f4048991550>,0,14,[7 4],1,101,115,100,87
1,<environment.Job instance at 0x7f4004b485a0>,39,1,[8 3],40,115,116,75,92
1,<environment.Job instance at 0x7f4004b36f00>,23,13,[10  1],24,116,129,92,100
1,<environment.Job instance at 0x7f4004b48c80>,45,16,[2 7],46,129,145,83,116
1,<environment.Job instance at 0x7f4004ea95a0>,0,1,[4 5],1,1,2,0,1
1,<environment.Job instance at 0x7f4004ea9e10>,1,2,[4 7],2,5,7,3,5
1,<environment.Job instance at 0x7f404f063910>,5,1,[9 2],6,7,8,1,7
1,<environment.Job instance at 0x7f4048caf370>,11,12,[10  1],12,27,39,15,27
1,<environment.Job instance at 0x7f4048cafdc0>,16,3,[1 5],17,39,42,22,27
1,<environment.Job instance at 0x7f4048cafa50>,17,18,[4 5],18,39,57,21,29
1,<environment.Job instance at 0x7f4048caf8c0>,18,15,[5 4],19,42,57,23,29
1,<environment.Job instance at 0x7f4048caf550>,13,13,[6 5],14,57,70,43,41
1,<environment.Job instance at 0x7f4048caf230>,23,18,[1 8],24,70,88,46,62
1,<environment.Job instance at 0x7f4048c9adc0>,28,12,[4 8],29,88,100,59,71
1,<environment.Job instance at 0x7f4048c9aaf0>,29,17,[7 1],30,71,88,41,71
1,<environment.Job instance at 0x7f4048c9ab40>,33,12,[9 4],34,100,112,66,83
1,<environment.Job instance at 0x7f4048c9a190>,39,13,[4 9],40,112,125,72,97
1,<environment.Job instance at 0x7f4048c9a050>,30,16,[10  3],31,125,141,94,112
1,<environment.Job instance at 0x7f4048c9a0f0>,42,17,[3 8],43,141,158,98,129
1,<environment.Job instance at 0x7f404f1847d0>,1,14,[4 8],2,6,20,4,6
1,<environment.Job instance at 0x7f404f213d20>,0,17,[6 1],1,13,30,12,13
1,<environment.Job instance at 0x7f404f22cd20>,17,2,[9 2],18,30,32,12,18
1,<environment.Job instance at 0x7f404f242b90>,18,13,[5 4],19,32,45,13,20
1,<environment.Job instance at 0x7f4004bb7410>,15,18,[7 4],16,45,63,29,37
1,<environment.Job instance at 0x7f404858ce60>,25,17,[4 6],26,63,80,37,55
1,<environment.Job instance at 0x7f404f095dc0>,34,15,[7 5],35,80,95,45,69
1,<environment.Job instance at 0x7f404f095aa0>,36,15,[5 5],37,95,110,58,81
1,<environment.Job instance at 0x7f40487ef500>,32,17,[ 1 10],33,110,127,77,98
1,<environment.Job instance at 0x7f4048a50370>,42,16,[2 8],43,127,143,84,114
1,<environment.Job instance at 0x7f40489ced20>,1,14,[9 3],2,2,16,0,2
1,<environment.Job instance at 0x7f4048ca4be0>,0,12,[8 3],1,16,28,15,2
1,<environment.Job instance at 0x7f4048823550>,6,13,[ 5 10],7,28,41,21,12
1,<environment.Job instance at 0x7f4048820280>,19,15,[2 5],20,41,56,21,29
1,<environment.Job instance at 0x7f40488208c0>,28,14,[5 6],29,56,70,27,41
1,<environment.Job instance at 0x7f40488470f0>,35,14,[8 2],36,70,84,34,56
1,<environment.Job instance at 0x7f4048847b90>,42,15,[9 5],43,84,99,41,70
1,<environment.Job instance at 0x7f4048847b40>,46,16,[ 5 10],47,99,115,52,87
1,<environment.Job instance at 0x7f4048847a00>,50,17,[6 4],51,115,132,64,103
1,<environment.Job instance at 0x7f404883b230>,57,3,[8 4],58,132,135,74,111
1,<environment.Job instance at 0x7f404883b6e0>,56,15,[7 3],57,135,150,78,124
1,<environment.Job instance at 0x7f404883b500>,2,2,[7 5],3,4,6,1,4
1,<environment.Job instance at 0x7f4005153730>,9,18,[2 7],10,16,34,6,16
1,<environment.Job instance at 0x7f4048c83730>,17,13,[5 5],18,34,47,16,19
1,<environment.Job instance at 0x7f4004c81960>,22,14,[9 2],23,47,61,24,38
1,<environment.Job instance at 0x7f4048b493c0>,27,14,[10  2],28,61,75,33,48
1,<environment.Job instance at 0x7f4005153960>,6,14,[4 9],7,75,89,68,64
1,<environment.Job instance at 0x7f4004fcba00>,35,16,[3 7],36,89,105,53,76
1,<environment.Job instance at 0x7f4005153230>,7,17,[10  4],8,105,122,97,94
1,<environment.Job instance at 0x7f40489f5050>,31,17,[9 4],32,122,139,90,110
1,<environment.Job instance at 0x7f4004a225a0>,37,18,[10  3],38,139,157,101,128
1,<environment.Job instance at 0x7f404fe35f50>,0,1,[10  3],1,1,2,0,1
1,<environment.Job instance at 0x7f404f4e7960>,2,2,[3 9],3,3,5,0,3
1,<environment.Job instance at 0x7f4004916e60>,1,2,[2 5],2,5,7,3,5
1,<environment.Job instance at 0x7f40049161e0>,4,1,[3 7],5,7,8,2,6
1,<environment.Job instance at 0x7f4004916960>,7,17,[2 8],8,12,29,4,12
1,<environment.Job instance at 0x7f4004a22910>,15,14,[5 5],16,29,43,13,16
1,<environment.Job instance at 0x7f40488ff460>,13,15,[4 8],14,43,58,29,30
1,<environment.Job instance at 0x7f400490a050>,23,17,[7 4],24,58,75,34,47
1,<environment.Job instance at 0x7f40050626e0>,29,13,[5 3],30,75,88,45,60
1,<environment.Job instance at 0x7f4004c84c80>,37,17,[9 5],38,88,105,50,78
1,<environment.Job instance at 0x7f4004c84780>,39,14,[ 1 10],40,105,119,65,98
1,<environment.Job instance at 0x7f404f05c050>,12,16,[ 1 10],13,119,135,106,109
1,<environment.Job instance at 0x7ff92edd2230>,3,3,[4 8],4,4,7,0,4
1,<environment.Job instance at 0x7ff92edd2190>,4,14,[1 6],5,7,21,2,5
1,<environment.Job instance at 0x7ff92edd2410>,5,2,[1 5],6,21,23,15,6
1,<environment.Job instance at 0x7ff92edd23c0>,6,20,[6 1],7,7,27,0,7
1,<environment.Job instance at 0x7ff92edd22d0>,7,1,[5 4],8,27,28,19,9
1,<environment.Job instance at 0x7ff92edd2be0>,14,13,[7 3],15,28,41,13,22
1,<environment.Job instance at 0x7ff92edd2c80>,15,18,[2 8],16,41,59,25,30
1,<environment.Job instance at 0x7ff9341e20a0>,8,13,[5 5],9,59,72,50,44
1,<environment.Job instance at 0x7ff92edd4550>,25,12,[ 5 10],26,72,84,46,59
1,<environment.Job instance at 0x7ff92edd4af0>,31,14,[2 5],32,84,98,52,70
1,<environment.Job instance at 0x7ff92edd4c30>,33,14,[5 5],34,84,98,50,73
1,<environment.Job instance at 0x7ff92edd4a00>,39,2,[5 6],40,98,100,58,81
1,<environment.Job instance at 0x7ff92edd4d70>,35,15,[9 5],36,100,115,64,86
1,<environment.Job instance at 0x7ff92edd7050>,43,18,[5 5],44,115,133,71,104
1,<environment.Job instance at 0x7ff92edd2b40>,13,18,[ 4 10],14,133,151,119,127
1,<environment.Job instance at 0x7ff92edd4190>,1,13,[5 6],2,2,15,0,2
1,<environment.Job instance at 0x7ff934350d70>,2,3,[4 7],3,15,18,12,3
1,<environment.Job instance at 0x7ff93420a1e0>,14,14,[8 4],15,18,32,3,15
1,<environment.Job instance at 0x7ff93420aa50>,17,3,[4 5],18,32,35,14,18
1,<environment.Job instance at 0x7ff934349d20>,6,17,[1 7],7,35,52,28,25
1,<environment.Job instance at 0x7ff93435c690>,26,2,[8 1],27,44,46,17,44
1,<environment.Job instance at 0x7ff93435c4b0>,27,2,[10  2],28,52,54,24,45
1,<environment.Job instance at 0x7ff92edeb1e0>,0,16,[2 8],1,54,70,53,45
1,<environment.Job instance at 0x7ff93435c870>,30,2,[9 5],31,70,72,39,46
1,<environment.Job instance at 0x7ff93435c910>,29,14,[3 6],30,72,86,42,58
1,<environment.Job instance at 0x7ff93420aaf0>,11,15,[10  4],12,86,101,74,73
1,<environment.Job instance at 0x7ff934356a50>,41,13,[8 5],42,101,114,59,86
1,<environment.Job instance at 0x7ff934356190>,43,2,[7 3],44,114,116,70,93
1,<environment.Job instance at 0x7ff934355af0>,44,3,[4 6],45,116,119,71,93
1,<environment.Job instance at 0x7ff934352f00>,49,12,[9 3],50,119,131,69,104
1,<environment.Job instance at 0x7ff9343527d0>,51,17,[10  2],52,131,148,79,120
1,<environment.Job instance at 0x7ff93434ea00>,56,14,[5 5],57,148,162,91,133
1,<environment.Job instance at 0x7ff92eba7370>,2,2,[2 6],3,5,7,2,5
1,<environment.Job instance at 0x7ff8e90dfe60>,6,1,[2 7],7,7,8,0,7
1,<environment.Job instance at 0x7ff8e9026f00>,11,2,[1 5],12,12,14,0,12
1,<environment.Job instance at 0x7ff8e914b0f0>,8,13,[8 5],9,13,26,4,13
1,<environment.Job instance at 0x7ff8e9026b90>,14,2,[7 4],15,26,28,11,16
1,<environment.Job instance at 0x7ff8e9031910>,15,17,[4 6],16,28,45,12,17
1,<environment.Job instance at 0x7ff8e914b320>,4,15,[10  4],5,45,60,40,31
1,<environment.Job instance at 0x7ff8e9026e60>,12,18,[8 2],13,60,78,47,52
1,<environment.Job instance at 0x7ff92f4c7870>,28,17,[3 6],29,78,95,49,66
1,<environment.Job instance at 0x7ff92eb413c0>,31,14,[8 2],32,95,109,63,80
1,<environment.Job instance at 0x7ff8e917a0f0>,34,15,[5 1],35,80,95,45,80
1,<environment.Job instance at 0x7ff8e9189050>,36,3,[ 5 10],37,109,112,72,83
1,<environment.Job instance at 0x7ff8e9189aa0>,38,2,[2 6],39,95,97,56,84
1,<environment.Job instance at 0x7ff8e9189d70>,40,12,[9 2],41,112,124,71,95
1,<environment.Job instance at 0x7ff8e9189dc0>,43,3,[2 5],44,97,100,53,97
1,<environment.Job instance at 0x7ff8e9189fa0>,45,12,[2 6],46,124,136,78,107
1,<environment.Job instance at 0x7ff8e91895a0>,48,15,[7 5],49,136,151,87,122
1,<environment.Job instance at 0x7ff92f95abe0>,11,13,[4 5],12,12,25,0,12
1,<environment.Job instance at 0x7ff8e901fd70>,10,16,[10  2],11,25,41,14,21
1,<environment.Job instance at 0x7ff92eed8e60>,19,14,[5 7],20,41,55,21,30
1,<environment.Job instance at 0x7ff92ecc5fa0>,21,14,[1 5],22,55,69,33,40
1,<environment.Job instance at 0x7ff92ec23f50>,18,16,[6 3],19,55,71,36,43
1,<environment.Job instance at 0x7ff8e9072f00>,27,3,[3 5],28,69,72,41,47
1,<environment.Job instance at 0x7ff92ec23730>,20,18,[4 7],21,72,90,51,66
1,<environment.Job instance at 0x7ff8e9189640>,36,18,[4 6],37,90,108,53,80
1,<environment.Job instance at 0x7ff8e95aa7d0>,0,13,[5 6],1,108,121,107,100
1,<environment.Job instance at 0x7ff8e91893c0>,42,18,[6 3],43,121,139,78,117
1,<environment.Job instance at 0x7ff92f5258c0>,1,1,[8 5],2,2,3,0,2
1,<environment.Job instance at 0x7ff8e90caf50>,2,15,[1 6],3,9,24,6,9
1,<environment.Job instance at 0x7ff8e94b8190>,9,14,[10  1],10,24,38,14,10
1,<environment.Job instance at 0x7ff92f1cb140>,14,12,[8 4],15,38,50,23,21
1,<environment.Job instance at 0x7ff92f8c3500>,17,14,[6 2],18,50,64,32,35
1,<environment.Job instance at 0x7ff92f225320>,20,12,[8 1],21,64,76,43,47
1,<environment.Job instance at 0x7ff92f223e10>,24,12,[6 5],25,76,88,51,59
1,<environment.Job instance at 0x7ff92f22c0a0>,27,12,[ 4 10],28,88,100,60,88
1,<environment.Job instance at 0x7ff92f22d960>,32,3,[9 1],33,100,103,67,88
1,<environment.Job instance at 0x7ff92f22d280>,33,2,[ 4 10],34,103,105,69,88
1,<environment.Job instance at 0x7ff92f22daa0>,35,1,[8 2],36,105,106,69,88
1,<environment.Job instance at 0x7ff92f22d140>,37,2,[8 4],38,106,108,68,88
1,<environment.Job instance at 0x7ff92f22db40>,38,1,[6 3],39,108,109,69,88
1,<environment.Job instance at 0x7ff92f22d1e0>,39,17,[1 5],40,105,122,65,93
1,<environment.Job instance at 0x7ff92f2436e0>,42,13,[4 8],43,122,135,79,106
1,<environment.Job instance at 0x7ff92f243190>,43,1,[6 2],44,109,110,65,106
1,<environment.Job instance at 0x7ff92f2432d0>,44,2,[4 6],45,135,137,90,108
1,<environment.Job instance at 0x7ff92f243d70>,50,14,[6 4],51,135,149,84,120
1,<environment.Job instance at 0x7ff92f83f280>,1,3,[8 4],2,2,5,0,2
1,<environment.Job instance at 0x7ff92f813dc0>,6,17,[5 5],7,7,24,0,7
1,<environment.Job instance at 0x7ff92f813cd0>,9,3,[7 4],10,24,27,14,10
1,<environment.Job instance at 0x7ff92f83ffa0>,3,3,[9 2],4,27,30,23,12
1,<environment.Job instance at 0x7ff92f813410>,12,17,[1 6],13,24,41,11,18
1,<environment.Job instance at 0x7ff92f828d70>,18,15,[3 6],19,41,56,22,28
1,<environment.Job instance at 0x7ff92f813c30>,4,18,[4 7],5,68,86,63,68
1,<environment.Job instance at 0x7ff92f34fc30>,3,13,[1 7],4,8,21,4,8
1,<environment.Job instance at 0x7ff8e91abeb0>,8,1,[ 1 10],9,21,22,12,9
1,<environment.Job instance at 0x7ff8e91abc30>,9,2,[3 6],10,22,24,12,10
1,<environment.Job instance at 0x7ff92edd7690>,1,13,[ 3 10],2,24,37,22,13
1,<environment.Job instance at 0x7ff8e9277d70>,17,12,[5 4],18,37,49,19,24
1,<environment.Job instance at 0x7ff8e921b5f0>,11,15,[9 5],12,49,64,37,39
1,<environment.Job instance at 0x7ff8e9104230>,2,18,[5 8],3,64,82,61,56
1,<environment.Job instance at 0x7ff92f08e370>,29,13,[ 2 10],30,82,95,52,67
1,<environment.Job instance at 0x7ff92f08e910>,31,15,[7 5],32,95,110,63,84
1,<environment.Job instance at 0x7ff92f39dbe0>,33,16,[8 2],34,110,126,76,100
1,<environment.Job instance at 0x7ff92ed3b460>,39,15,[5 6],40,126,141,86,116
1,<environment.Job instance at 0x7ff92ed3b410>,42,13,[6 5],43,141,154,98,127
1,<environment.Job instance at 0x7ff92f73aaf0>,1,14,[9 5],2,3,17,1,3
1,<environment.Job instance at 0x7ff92f4dc690>,9,15,[8 5],10,18,33,8,18
1,<environment.Job instance at 0x7ff92f4dc5f0>,8,13,[3 7],9,33,46,24,19
1,<environment.Job instance at 0x7ff92f4dc870>,12,16,[1 7],13,46,62,33,35
1,<environment.Job instance at 0x7ff92f4e11e0>,22,14,[9 3],23,46,60,23,39
1,<environment.Job instance at 0x7ff92f4dce10>,17,16,[7 2],18,60,76,42,50
1,<environment.Job instance at 0x7ff92f4e1960>,30,12,[5 9],31,76,88,45,59
1,<environment.Job instance at 0x7ff92f4e4280>,37,16,[8 4],38,88,104,50,77
1,<environment.Job instance at 0x7ff92f4e1a00>,31,18,[5 9],32,104,122,72,93
1,<environment.Job instance at 0x7ff92f4e4910>,43,13,[8 3],44,122,135,78,106
1,<environment.Job instance at 0x7ff92f4e4be0>,48,14,[9 5],49,135,149,86,120
1,<environment.Job instance at 0x7ff92f4e4640>,40,17,[8 4],41,149,166,108,139
1,<environment.Job instance at 0x7ff92ed93500>,1,13,[9 1],2,4,17,2,4
1,<environment.Job instance at 0x7ff92ee31b40>,4,15,[10  2],5,17,32,12,8
1,<environment.Job instance at 0x7ff8e95ca7d0>,9,1,[7 3],10,32,33,22,10
1,<environment.Job instance at 0x7ff92ee312d0>,10,2,[9 4],11,33,35,22,11
1,<environment.Job instance at 0x7ff92edd4910>,11,1,[3 8],12,35,36,23,12
1,<environment.Job instance at 0x7ff92eb3c7d0>,14,14,[5 9],15,36,50,21,21
1,<environment.Job instance at 0x7ff92f5c7960>,22,17,[5 1],23,35,52,12,29
1,<environment.Job instance at 0x7ff92edd4320>,15,14,[6 3],16,52,66,36,37
1,<environment.Job instance at 0x7ff8e94e9a50>,28,14,[9 5],29,66,80,37,51
1,<environment.Job instance at 0x7ff92f462780>,31,15,[7 3],32,80,95,48,66
1,<environment.Job instance at 0x7ff92ef7cf50>,41,14,[8 4],42,107,121,65,107
1,<environment.Job instance at 0x7ff92f2b49b0>,26,18,[ 2 10],27,121,139,94,110
1,<environment.Job instance at 0x7ff8e94e7870>,48,19,[2 7],49,139,158,90,129
1,<environment.Job instance at 0x7ff92ef40dc0>,1,2,[4 9],2,3,5,1,3
1,<environment.Job instance at 0x7ff8e91ae730>,2,16,[1 9],3,5,21,2,3
1,<environment.Job instance at 0x7ff8e922d550>,7,13,[7 1],8,11,24,3,11
1,<environment.Job instance at 0x7ff92f87c140>,12,12,[1 7],13,21,33,8,13
1,<environment.Job instance at 0x7ff92f591280>,15,15,[1 6],16,33,48,17,19
1,<environment.Job instance at 0x7ff92ec6a6e0>,18,13,[3 6],19,48,61,29,33
1,<environment.Job instance at 0x7ff92f4c25a0>,22,3,[3 7],23,61,64,38,42
1,<environment.Job instance at 0x7ff8e9336be0>,24,12,[7 2],25,43,55,18,43
1,<environment.Job instance at 0x7ff8e9336640>,25,17,[ 5 10],26,64,81,38,54
1,<environment.Job instance at 0x7ff92edeba50>,30,15,[6 2],31,81,96,50,67
1,<environment.Job instance at 0x7ff92f024820>,6,16,[2 7],7,81,97,74,72
1,<environment.Job instance at 0x7ff8e9682e10>,39,16,[6 2],40,96,112,56,83
1,<environment.Job instance at 0x7ff8e9682e60>,41,12,[2 5],42,97,109,55,89
1,<environment.Job instance at 0x7ff933dda960>,43,14,[1 6],44,109,123,65,97
1,<environment.Job instance at 0x7ff933ddae10>,44,16,[7 3],45,112,128,67,99
1,<environment.Job instance at 0x7ff8e9682a00>,42,16,[9 3],43,128,144,85,118
1,<environment.Job instance at 0x7ff8e961e870>,3,14,[4 8],4,5,19,1,5
1,<environment.Job instance at 0x7ff92f517c80>,8,12,[10  5],9,19,31,10,15
1,<environment.Job instance at 0x7ff92f5464b0>,14,13,[9 1],15,31,44,16,17
1,<environment.Job instance at 0x7ff92f546af0>,20,14,[ 3 10],21,44,58,23,29
1,<environment.Job instance at 0x7ff92f546f00>,23,14,[9 2],24,58,72,34,45
1,<environment.Job instance at 0x7ff92f5262d0>,29,15,[4 9],30,72,87,42,59
1,<environment.Job instance at 0x7ff92f526820>,35,16,[8 5],36,89,105,53,89
1,<environment.Job instance at 0x7ff92f526dc0>,43,12,[5 8],44,105,117,61,99
1,<environment.Job instance at 0x7ff92f526eb0>,45,3,[10  1],46,117,120,71,100
1,<environment.Job instance at 0x7ff92f526f50>,47,13,[5 5],48,120,133,72,104
1,<environment.Job instance at 0x7ff92f40c5a0>,2,18,[6 4],3,6,24,3,6
1,<environment.Job instance at 0x7ff92f103410>,10,1,[1 7],11,24,25,13,11
1,<environment.Job instance at 0x7ff92f103730>,9,15,[8 4],10,25,40,15,11
1,<environment.Job instance at 0x7ff92f103af0>,12,2,[1 9],13,40,42,27,13
1,<environment.Job instance at 0x7ff92f103a50>,15,13,[2 6],16,25,38,9,17
1,<environment.Job instance at 0x7ff92f0e2690>,21,12,[7 4],22,42,54,20,30
1,<environment.Job instance at 0x7ff92f0e2280>,25,16,[5 7],26,54,70,28,41
1,<environment.Job instance at 0x7ff92f4415f0>,31,12,[7 5],32,70,82,38,58
1,<environment.Job instance at 0x7ff92f0e2960>,27,16,[3 5],28,70,86,42,68
1,<environment.Job instance at 0x7ff92f4410f0>,34,17,[5 6],35,86,103,51,75
1,<environment.Job instance at 0x7ff92f441f50>,33,13,[10  3],34,103,116,69,91
1,<environment.Job instance at 0x7ff92f441fa0>,42,17,[3 8],43,116,133,73,109
1,<environment.Job instance at 0x7ff92f037f00>,49,15,[8 4],50,133,148,83,120
1,<environment.Job instance at 0x7ff92f037640>,47,14,[9 3],48,148,162,100,137
1,<environment.Job instance at 0x7ff8e95276e0>,5,3,[6 1],6,18,21,12,18
1,<environment.Job instance at 0x7ff92f103820>,1,16,[ 2 10],2,71,87,69,71
1,<environment.Job instance at 0x7ff92f85adc0>,16,2,[5 6],17,87,89,70,71
1,<environment.Job instance at 0x7ff92f85a370>,19,12,[ 5 10],20,89,101,69,72
1,<environment.Job instance at 0x7ff92f5d08c0>,22,1,[9 4],23,101,102,78,91
1,<environment.Job instance at 0x7ff92f5d0730>,24,1,[1 7],25,102,103,77,91
1,<environment.Job instance at 0x7ff92f5d0be0>,25,2,[1 8],26,103,105,77,91
1,<environment.Job instance at 0x7ff92f85a7d0>,21,2,[10  5],22,105,107,83,92
1,<environment.Job instance at 0x7ff92f5d0870>,26,18,[3 5],27,107,125,80,97
1,<environment.Job instance at 0x7ff92f5d0aa0>,28,14,[7 5],29,108,122,79,108
1,<environment.Job instance at 0x7ff92f5d0550>,31,12,[7 5],32,122,134,90,110
1,<environment.Job instance at 0x7ff8e9527550>,7,15,[1 7],8,134,149,126,121
1,<environment.Job instance at 0x7ff92f5d05a0>,36,14,[3 9],37,149,163,112,134
1,<environment.Job instance at 0x7ff92ee89dc0>,0,14,[7 4],1,6,20,5,6
1,<environment.Job instance at 0x7ff8e93816e0>,11,17,[6 1],12,20,37,8,20
1,<environment.Job instance at 0x7ff8e8fd27d0>,13,15,[5 8],14,37,52,23,23
1,<environment.Job instance at 0x7ff8e8fd20a0>,12,16,[9 2],13,97,113,84,97
1,<environment.Job instance at 0x7ff92f8a1870>,37,3,[9 4],38,113,116,75,99
1,<environment.Job instance at 0x7ff92f8a19b0>,38,14,[9 3],39,116,130,77,101
1,<environment.Job instance at 0x7ff8e8f97050>,23,13,[10  1],24,130,143,106,115
1,<environment.Job instance at 0x7ff8e8fd0be0>,48,12,[3 8],49,143,155,94,128
1,<environment.Job instance at 0x7ff8e906ba00>,52,13,[1 7],53,155,168,102,139
1,<environment.Job instance at 0x7ff92f22c820>,0,3,[7 1],1,2,5,1,2
1,<environment.Job instance at 0x7ff92eb75870>,6,3,[1 5],7,7,10,0,7
1,<environment.Job instance at 0x7ff92f22c2d0>,1,12,[10  1],2,10,22,8,8
1,<environment.Job instance at 0x7ff8e955b5f0>,8,15,[5 4],9,22,37,13,9
1,<environment.Job instance at 0x7ff933ddad20>,12,13,[1 8],13,37,50,24,21
1,<environment.Job instance at 0x7ff8e906b9b0>,2,16,[7 1],3,37,53,34,33
1,<environment.Job instance at 0x7ff8e8faf2d0>,14,17,[3 6],15,50,67,35,41
1,<environment.Job instance at 0x7ff92ed47780>,19,17,[7 1],20,53,70,33,48
1,<environment.Job instance at 0x7ff92f8f1cd0>,23,12,[9 4],24,70,82,46,57
1,<environment.Job instance at 0x7ff92f8f10a0>,26,15,[5 2],27,82,97,55,69
1,<environment.Job instance at 0x7ff8e8faf230>,11,15,[4 9],12,97,112,85,86
1,<environment.Job instance at 0x7ff92ed47a50>,20,16,[10  3],21,112,128,91,101
1,<environment.Job instance at 0x7ff92f288780>,33,14,[4 9],34,128,142,94,113
1,<environment.Job instance at 0x7ff92ee0b460>,38,14,[10  3],39,142,156,103,128
1,<environment.Job instance at 0x7ff92ee0beb0>,42,2,[ 3 10],43,156,158,113,134
1,<environment.Job instance at 0x7ff92ee0b0a0>,2,1,[1 5],3,3,4,0,3
1,<environment.Job instance at 0x7ff92eb8f730>,3,1,[7 1],4,5,6,1,5
1,<environment.Job instance at 0x7ff8e9299eb0>,9,2,[5 1],10,10,12,0,10
1,<environment.Job instance at 0x7ff8e9299370>,13,14,[5 4],14,14,28,0,14
1,<environment.Job instance at 0x7ff8e9299960>,14,15,[7 5],15,28,43,13,17
1,<environment.Job instance at 0x7ff8e9299e10>,16,15,[5 5],17,43,58,26,32
1,<environment.Job instance at 0x7ff8e9299aa0>,18,12,[3 7],19,58,70,39,48
1,<environment.Job instance at 0x7ff8e929deb0>,22,16,[2 8],23,70,86,47,66
1,<environment.Job instance at 0x7ff8e929d8c0>,23,12,[3 6],24,86,98,62,69
1,<environment.Job instance at 0x7ff8e929de10>,28,3,[9 4],29,98,101,69,91
1,<environment.Job instance at 0x7ff8e9299e60>,12,17,[ 1 10],13,101,118,88,99
1,<environment.Job instance at 0x7ff8e929d0a0>,32,16,[5 3],33,118,134,85,105
1,<environment.Job instance at 0x7ff8e929df50>,33,15,[9 4],34,134,149,100,120
1,<environment.Job instance at 0x7ff8e929d230>,41,14,[ 5 10],42,149,163,107,137
1,<environment.Job instance at 0x7ff92eef2870>,3,1,[2 6],4,5,6,1,5
1,<environment.Job instance at 0x7ff8e9468280>,5,14,[8 2],6,6,20,0,6
1,<environment.Job instance at 0x7ff8e94688c0>,6,3,[5 3],7,20,23,13,7
1,<environment.Job instance at 0x7ff8e9471320>,9,3,[ 2 10],10,23,26,13,11
1,<environment.Job instance at 0x7ff8e945c6e0>,16,16,[ 5 10],17,26,42,9,18
1,<environment.Job instance at 0x7ff8e945cc30>,17,13,[10  3],18,42,55,24,31
1,<environment.Job instance at 0x7ff8e8fe7eb0>,26,15,[7 3],27,55,70,28,41
1,<environment.Job instance at 0x7ff8e9485cd0>,28,3,[4 6],29,70,73,41,46
1,<environment.Job instance at 0x7ff8e94855f0>,29,15,[ 5 10],30,73,88,43,62
1,<environment.Job instance at 0x7ff92f3b57d0>,32,3,[10  5],33,88,91,55,74
1,<environment.Job instance at 0x7ff8e947cf00>,20,17,[6 4],21,91,108,70,81
1,<environment.Job instance at 0x7ff8e8ff35f0>,36,12,[5 9],37,108,120,71,96
1,<environment.Job instance at 0x7ff92ed6edc0>,38,2,[4 9],39,120,122,81,106
1,<environment.Job instance at 0x7ff92f456370>,37,12,[ 4 10],38,122,134,84,108
1,<environment.Job instance at 0x7ff92ed63cd0>,40,18,[3 7],41,134,152,93,124
1,<environment.Job instance at 0x7ff8e8dd8af0>,2,18,[7 3],3,134,152,131,124
1,<environment.Job instance at 0x7ff92eb83a00>,1,16,[1 7],2,3,19,1,3
1,<environment.Job instance at 0x7ff8e96c3d70>,3,1,[5 6],4,19,20,15,5
1,<environment.Job instance at 0x7ff92f028c30>,5,12,[4 8],6,20,32,14,7
1,<environment.Job instance at 0x7ff8e8fe9af0>,7,18,[3 6],8,42,60,34,42
1,<environment.Job instance at 0x7ff92eefc690>,8,14,[10  1],9,76,90,67,76
1,<environment.Job instance at 0x7ff9340dd500>,18,14,[ 1 10],19,90,104,71,76
1,<environment.Job instance at 0x7ff92eebfeb0>,21,16,[4 7],22,104,120,82,92
1,<environment.Job instance at 0x7ff8e8ec45f0>,27,12,[6 5],28,120,132,92,105
1,<environment.Job instance at 0x7ff8e8ec4370>,28,18,[4 7],29,132,150,103,123
1,<environment.Job instance at 0x7ff92f7b4b40>,2,2,[10  5],3,3,5,0,3
1,<environment.Job instance at 0x7ff92f7b4960>,4,2,[2 7],5,5,7,0,5
1,<environment.Job instance at 0x7ff92f7b49b0>,5,3,[6 5],6,7,10,1,6
1,<environment.Job instance at 0x7ff93434eb40>,9,17,[2 5],10,10,27,0,10
1,<environment.Job instance at 0x7ff93434e6e0>,11,18,[4 5],12,16,34,4,16
1,<environment.Job instance at 0x7ff92f4cc7d0>,18,12,[2 6],19,34,46,15,19
1,<environment.Job instance at 0x7ff92f4cce10>,20,15,[5 5],21,46,61,25,34
1,<environment.Job instance at 0x7ff93434e690>,10,13,[ 2 10],11,61,74,50,45
1,<environment.Job instance at 0x7ff8e9217b40>,27,13,[1 7],28,74,87,46,60
1,<environment.Job instance at 0x7ff92f4ccd70>,22,14,[4 6],23,87,101,64,75
1,<environment.Job instance at 0x7ff92f771f50>,44,13,[1 6],45,101,114,56,88
1,<environment.Job instance at 0x7ff8e9217050>,35,15,[2 7],36,114,129,78,100
1,<environment.Job instance at 0x7ff92f771a50>,48,13,[5 2],49,114,127,65,114
1,<environment.Job instance at 0x7ff92f4ccc80>,16,18,[3 7],17,129,147,112,118
1,<environment.Job instance at 0x7ff92eb53af0>,54,13,[2 5],55,147,160,92,133
1,<environment.Job instance at 0x7ff8e8d43140>,2,17,[7 2],3,4,21,1,4
1,<environment.Job instance at 0x7ff8e8d43be0>,4,2,[2 7],5,5,7,0,5
1,<environment.Job instance at 0x7ff8e9000d20>,3,1,[5 3],4,21,22,17,6
1,<environment.Job instance at 0x7ff92f4ae820>,6,13,[3 5],7,7,20,0,7
1,<environment.Job instance at 0x7ff92f4ae0f0>,7,2,[8 4],8,22,24,14,8
1,<environment.Job instance at 0x7ff92ed1efa0>,12,15,[6 1],13,24,39,11,17
1,<environment.Job instance at 0x7ff8e8f52be0>,10,1,[ 5 10],11,39,40,28,17
1,<environment.Job instance at 0x7ff8e9439320>,14,13,[2 9],15,24,37,9,20
1,<environment.Job instance at 0x7ff92f4356e0>,21,17,[4 8],22,40,57,18,33
1,<environment.Job instance at 0x7ff92f435cd0>,25,3,[5 7],26,57,60,31,35
1,<environment.Job instance at 0x7ff92f435f50>,26,13,[5 1],27,40,53,13,36
1,<environment.Job instance at 0x7ff92f518910>,31,3,[2 7],32,60,63,28,48
1,<environment.Job instance at 0x7ff92f518960>,34,3,[10  3],35,63,66,28,51
1,<environment.Job instance at 0x7ff92f518cd0>,35,2,[6 3],36,60,62,24,52
1,<environment.Job instance at 0x7ff92f54bd70>,42,17,[7 2],43,72,89,29,72
1,<environment.Job instance at 0x7ff92f54b820>,44,13,[2 8],45,73,86,28,73
1,<environment.Job instance at 0x7ff92f54b8c0>,45,17,[6 3],46,89,106,43,77
1,<environment.Job instance at 0x7ff92f54b5f0>,47,14,[9 4],48,106,120,58,92
1,<environment.Job instance at 0x7ff92ec572d0>,52,18,[3 8],53,131,149,78,131
1,<environment.Job instance at 0x7ff92f532f00>,54,12,[7 2],55,131,143,76,131
1,<environment.Job instance at 0x7f9a4c772230>,3,3,[4 8],4,4,7,0,4
1,<environment.Job instance at 0x7f9a4c772190>,4,14,[1 6],5,7,21,2,6
1,<environment.Job instance at 0x7f9a4c7724b0>,6,20,[6 1],7,7,27,0,7
1,<environment.Job instance at 0x7f9a4c7723c0>,7,1,[5 4],8,27,28,19,8
1,<environment.Job instance at 0x7f9a4c772730>,8,13,[5 5],9,27,40,18,11
1,<environment.Job instance at 0x7f9a4c772d20>,16,16,[3 5],17,28,44,11,23
1,<environment.Job instance at 0x7f9a4c772e60>,18,3,[4 7],19,23,26,4,23
1,<environment.Job instance at 0x7f9a4c772f00>,19,14,[3 5],20,40,54,20,27
1,<environment.Job instance at 0x7f9a4c772aa0>,21,1,[6 5],22,44,45,22,27
1,<environment.Job instance at 0x7f9a4c774690>,24,18,[2 6],25,54,72,29,49
1,<environment.Job instance at 0x7f9a4c774aa0>,27,15,[8 4],28,54,69,26,51
1,<environment.Job instance at 0x7f9a4c774730>,25,12,[ 5 10],26,72,84,46,60
1,<environment.Job instance at 0x7f9a4c772c80>,15,18,[2 8],16,84,102,68,73
1,<environment.Job instance at 0x7f9a4c777320>,41,1,[5 2],42,87,88,45,87
1,<environment.Job instance at 0x7f9a4c7773c0>,42,2,[4 6],43,102,104,59,87
1,<environment.Job instance at 0x7f9a4c777460>,43,18,[5 5],44,104,122,60,93
1,<environment.Job instance at 0x7f9a4c777500>,44,3,[5 5],45,104,107,59,93
1,<environment.Job instance at 0x7f9a4c777280>,40,15,[10  3],41,122,137,81,108
1,<environment.Job instance at 0x7f9a4c7778c0>,49,16,[2 5],50,137,153,87,126
1,<environment.Job instance at 0x7f9a4c779230>,53,17,[5 7],54,153,170,99,142
1,<environment.Job instance at 0x7f9a51ce96e0>,5,1,[9 1],6,7,8,1,7
1,<environment.Job instance at 0x7f9a51baa2d0>,4,14,[8 4],5,8,22,3,8
1,<environment.Job instance at 0x7f9a4c779190>,2,14,[1 8],3,22,36,19,9
1,<environment.Job instance at 0x7f9a51baa280>,7,3,[4 5],8,36,39,28,12
1,<environment.Job instance at 0x7f9a51baaeb0>,9,2,[4 9],10,39,41,29,15
1,<environment.Job instance at 0x7f9a51cf5af0>,22,1,[6 4],23,36,37,13,23
1,<environment.Job instance at 0x7f9a4c78bc80>,1,15,[10  4],2,41,56,39,27
1,<environment.Job instance at 0x7f9a51cf5c80>,23,18,[6 5],24,56,74,32,45
1,<environment.Job instance at 0x7f9a51baa7d0>,8,14,[9 5],9,74,88,65,67
1,<environment.Job instance at 0x7f9a51cfce10>,32,14,[2 9],33,88,102,55,76
1,<environment.Job instance at 0x7f9a51ceeb40>,46,14,[5 5],47,102,116,55,87
1,<environment.Job instance at 0x7f9a51ceeaf0>,50,13,[10  5],51,116,129,65,102
1,<environment.Job instance at 0x7f9a4c714c30>,52,14,[2 7],53,129,143,76,115
1,<environment.Job instance at 0x7f9a51c09aa0>,54,3,[9 2],55,143,146,88,123
1,<environment.Job instance at 0x7f9a51c092d0>,55,14,[10  2],56,146,160,90,131
1,<environment.Job instance at 0x7f9a51cfb9b0>,60,3,[5 6],61,160,163,99,134
1,<environment.Job instance at 0x7f9a51cfbd70>,63,2,[5 6],64,163,165,99,136
1,<environment.Job instance at 0x7f9a51cfbb40>,65,2,[5 5],66,165,167,99,139
1,<environment.Job instance at 0x7f9a06a7c870>,1,3,[4 5],2,3,6,1,3
1,<environment.Job instance at 0x7f9a51cfbb40>,3,2,[5 1],4,4,6,0,4
1,<environment.Job instance at 0x7f9a06b17dc0>,4,17,[9 4],5,6,23,1,6
1,<environment.Job instance at 0x7f9a06a7c960>,0,15,[8 2],1,23,38,22,10
1,<environment.Job instance at 0x7f9a06a13d70>,11,14,[8 2],12,38,52,26,23
1,<environment.Job instance at 0x7f9a06a2d460>,14,15,[5 1],15,52,67,37,38
1,<environment.Job instance at 0x7f9a4c4e2870>,25,12,[2 6],26,38,50,12,38
1,<environment.Job instance at 0x7f9a069c6730>,28,15,[7 5],29,67,82,38,53
1,<environment.Job instance at 0x7f9a06b17730>,8,17,[3 6],9,100,117,91,100
1,<environment.Job instance at 0x7f9a06a99dc0>,40,15,[7 1],41,100,115,59,100
1,<environment.Job instance at 0x7f9a06a999b0>,39,13,[4 6],40,117,130,77,103
1,<environment.Job instance at 0x7f9a06a99f00>,44,14,[1 5],45,130,144,85,119
1,<environment.Job instance at 0x7f9a06a99e10>,41,17,[10  3],42,144,161,102,133
1,<environment.Job instance at 0x7f9a06a99640>,50,14,[8 3],51,161,175,110,146
1,<environment.Job instance at 0x7f9a4c604690>,1,3,[9 3],2,4,7,2,4
1,<environment.Job instance at 0x7f9a4c838730>,6,18,[4 6],7,7,25,0,7
1,<environment.Job instance at 0x7f9a4c9bce10>,10,12,[8 5],11,25,37,14,11
1,<environment.Job instance at 0x7f9a06f4c0a0>,15,16,[6 3],16,37,53,21,31
1,<environment.Job instance at 0x7f9a06abcfa0>,24,17,[8 5],25,60,77,35,60
1,<environment.Job instance at 0x7f9a06b725f0>,30,19,[6 3],31,84,103,53,84
1,<environment.Job instance at 0x7f9a06ee71e0>,32,2,[9 3],33,103,105,70,87
1,<environment.Job instance at 0x7f9a069d6190>,33,12,[1 8],34,105,117,71,88
1,<environment.Job instance at 0x7f9a069d6730>,37,13,[6 4],38,117,130,79,101
1,<environment.Job instance at 0x7f9a06b9c0f0>,43,13,[6 5],44,130,143,86,129
1,<environment.Job instance at 0x7f9a06b9cd70>,46,3,[2 7],47,143,146,96,133
1,<environment.Job instance at 0x7f9a06b9cfa0>,47,18,[5 1],48,143,161,95,135
1,<environment.Job instance at 0x7f9a069d6690>,41,18,[2 9],42,146,164,104,145
1,<environment.Job instance at 0x7f9a06dbfcd0>,1,13,[1 7],2,10,23,8,10
1,<environment.Job instance at 0x7f9a06dbbbe0>,12,3,[6 4],13,23,26,10,13
1,<environment.Job instance at 0x7f9a4c6f8be0>,14,15,[9 1],15,26,41,11,15
1,<environment.Job instance at 0x7f9a4c606d70>,19,14,[3 7],20,41,55,21,29
1,<environment.Job instance at 0x7f9a4c606190>,21,3,[5 5],22,55,58,33,30
1,<environment.Job instance at 0x7f9a4c6141e0>,24,2,[10  3],25,58,60,33,32
1,<environment.Job instance at 0x7f9a4c6145a0>,26,2,[3 9],27,60,62,33,34
1,<environment.Job instance at 0x7f9a4cb829b0>,10,14,[6 4],11,62,76,51,48
1,<environment.Job instance at 0x7f9a4c613dc0>,32,14,[6 5],33,76,90,43,64
1,<environment.Job instance at 0x7f9a4c613c80>,34,15,[10  3],35,90,105,55,76
1,<environment.Job instance at 0x7f9a4c6109b0>,43,17,[8 5],44,105,122,61,93
1,<environment.Job instance at 0x7f9a06d8a190>,1,1,[9 5],2,2,3,0,2
1,<environment.Job instance at 0x7f9a4c61c780>,2,2,[ 2 10],3,3,5,0,3
1,<environment.Job instance at 0x7f9a4c61caf0>,3,15,[7 2],4,5,20,1,4
1,<environment.Job instance at 0x7f9a4c61c500>,4,2,[4 6],5,20,22,15,5
1,<environment.Job instance at 0x7f9a4c61cc80>,5,2,[10  5],6,22,24,16,6
1,<environment.Job instance at 0x7f9a4c61cfa0>,6,1,[5 7],7,24,25,17,7
1,<environment.Job instance at 0x7f9a4c756280>,13,15,[10  4],14,25,40,11,17
1,<environment.Job instance at 0x7f9a4c756370>,19,14,[9 5],20,40,54,20,25
1,<environment.Job instance at 0x7f9a4c7567d0>,11,18,[4 8],12,54,72,42,47
1,<environment.Job instance at 0x7f9a4cbf0140>,26,12,[6 3],27,72,84,45,55
1,<environment.Job instance at 0x7f9a4cbf00a0>,31,16,[ 4 10],32,84,100,52,77
1,<environment.Job instance at 0x7f9a4cbf03c0>,34,15,[ 2 10],35,100,115,65,87
1,<environment.Job instance at 0x7f9a4ee38be0>,36,18,[9 4],37,115,133,78,105
1,<environment.Job instance at 0x7f9a4ee38370>,35,16,[4 6],36,133,149,97,121
1,<environment.Job instance at 0x7f9a4ee38f00>,43,18,[ 5 10],44,149,167,105,138
1,<environment.Job instance at 0x7f9a06f7da00>,3,14,[5 5],4,5,19,1,5
1,<environment.Job instance at 0x7f9a4cb5efa0>,9,3,[10  2],10,19,22,9,12
1,<environment.Job instance at 0x7f9a1a29b870>,1,18,[3 7],2,22,40,20,12
1,<environment.Job instance at 0x7f9a4c81a730>,12,3,[10  5],13,40,43,27,24
1,<environment.Job instance at 0x7f9a4c81a8c0>,13,15,[4 9],14,43,58,29,29
1,<environment.Job instance at 0x7f9a4c81a370>,16,12,[9 4],17,58,70,41,41
1,<environment.Job instance at 0x7f9a4c7f7960>,20,16,[9 2],21,70,86,49,58
1,<environment.Job instance at 0x7f9a4c810d70>,25,12,[5 9],26,86,98,60,73
1,<environment.Job instance at 0x7f9a4f4a1910>,27,17,[8 2],28,98,115,70,87
1,<environment.Job instance at 0x7f9a4c91cf00>,32,15,[2 9],33,115,130,82,106
1,<environment.Job instance at 0x7f9a4c69d050>,37,16,[3 5],38,130,146,92,121
1,<environment.Job instance at 0x7f9a4c69ddc0>,40,13,[6 4],41,130,143,89,124
1,<environment.Job instance at 0x7f9a4c6d0780>,47,17,[7 4],48,143,160,95,135
1,<environment.Job instance at 0x7f9a4c6d0460>,49,16,[10  5],50,160,176,110,148
1,<environment.Job instance at 0x7f9a4ca83690>,1,1,[4 7],2,2,3,0,2
1,<environment.Job instance at 0x7f9a4c6d0e60>,2,19,[6 2],3,3,22,0,3
1,<environment.Job instance at 0x7f9a4c924050>,3,3,[1 8],4,4,7,0,4
1,<environment.Job instance at 0x7f9a4ef2e820>,9,13,[7 2],10,22,35,12,10
1,<environment.Job instance at 0x7f9a4ef2ee60>,16,18,[3 6],17,20,38,3,20
1,<environment.Job instance at 0x7f9a4ef2eaa0>,13,16,[3 8],14,38,54,24,25
1,<environment.Job instance at 0x7f9a4ef18500>,22,3,[10  3],23,54,57,31,28
1,<environment.Job instance at 0x7f9a4ef2e5f0>,8,18,[ 4 10],9,57,75,48,46
1,<environment.Job instance at 0x7f9a4ef18e60>,31,16,[6 5],32,75,91,43,62
1,<environment.Job instance at 0x7f9a4ef18c30>,35,16,[6 5],36,91,107,55,80
1,<environment.Job instance at 0x7f9a4ef18730>,26,18,[3 9],27,107,125,80,96
1,<environment.Job instance at 0x7f9a4ef22500>,41,13,[5 2],42,125,138,83,109
1,<environment.Job instance at 0x7f9a4ef228c0>,45,3,[5 7],46,125,128,79,109
1,<environment.Job instance at 0x7f9a4ef22280>,37,18,[9 4],38,138,156,100,129
1,<environment.Job instance at 0x7f9a4ef22f00>,54,17,[3 7],55,156,173,101,145
1,<environment.Job instance at 0x7f9a4c74d780>,1,2,[7 1],2,2,4,0,2
1,<environment.Job instance at 0x7f9a4c74db90>,0,2,[2 6],1,5,7,4,5
1,<environment.Job instance at 0x7f9a4f21a280>,5,18,[ 2 10],6,7,25,1,6
1,<environment.Job instance at 0x7f9a4c6da320>,7,2,[3 8],8,25,27,17,8
1,<environment.Job instance at 0x7f9a4c6da910>,11,3,[1 8],12,27,30,15,24
1,<environment.Job instance at 0x7f9a06f87690>,15,15,[8 3],16,30,45,14,26
1,<environment.Job instance at 0x7f9a06f96aa0>,17,12,[9 2],18,45,57,27,34
1,<environment.Job instance at 0x7f9a4edef460>,20,13,[10  5],21,57,70,36,42
1,<environment.Job instance at 0x7f9a06a5d640>,30,12,[ 5 10],31,70,82,39,54
1,<environment.Job instance at 0x7f9a06adcaf0>,31,16,[4 9],32,82,98,50,74
1,<environment.Job instance at 0x7f9a06e20fa0>,34,13,[1 9],35,98,111,63,83
1,<environment.Job instance at 0x7f9a4c69d190>,44,14,[2 7],45,111,125,66,99
1,<environment.Job instance at 0x7f9a51cfb640>,48,16,[5 1],49,112,128,63,112
1,<environment.Job instance at 0x7f9a51cfb780>,50,17,[4 7],51,125,142,74,113
1,<environment.Job instance at 0x7f9a51cfb8c0>,52,14,[6 3],53,128,142,75,113
1,<environment.Job instance at 0x7f9a4ed5faf0>,56,3,[ 1 10],57,142,145,85,116
1,<environment.Job instance at 0x7f9a4ed5fd70>,60,18,[3 6],61,145,163,84,136
1,<environment.Job instance at 0x7f9a4ed5f460>,63,13,[6 4],64,147,160,83,147
1,<environment.Job instance at 0x7f9a4ed5fb90>,64,12,[10  3],65,163,175,98,148
1,<environment.Job instance at 0x7f9a4ed5f910>,2,3,[1 5],3,4,7,1,4
1,<environment.Job instance at 0x7f9a4ed5f550>,3,2,[5 6],4,8,10,4,8
1,<environment.Job instance at 0x7f9a4c5d01e0>,5,13,[3 7],6,10,23,4,9
1,<environment.Job instance at 0x7f9a4c570550>,9,13,[4 5],10,23,36,13,11
1,<environment.Job instance at 0x7f9a4cb85eb0>,18,15,[1 8],19,36,51,17,22
1,<environment.Job instance at 0x7f9a4c70dc30>,22,12,[10  2],23,51,63,28,34
1,<environment.Job instance at 0x7f9a4c570960>,10,17,[5 9],11,63,80,52,51
1,<environment.Job instance at 0x7f9a4c903c30>,30,17,[8 2],31,80,97,49,69
1,<environment.Job instance at 0x7f9a06c954b0>,34,15,[2 5],35,85,100,50,85
1,<environment.Job instance at 0x7f9a4ef140a0>,31,14,[4 9],32,100,114,68,86
1,<environment.Job instance at 0x7f9a4c601780>,24,18,[ 2 10],25,114,132,89,104
1,<environment.Job instance at 0x7f9a4c843190>,44,14,[7 4],45,132,146,87,117
1,<environment.Job instance at 0x7f9a4c843d70>,46,15,[2 7],47,146,161,99,132
1,<environment.Job instance at 0x7f9a4cb69870>,48,17,[2 7],49,161,178,112,149
1,<environment.Job instance at 0x7f9a4cb69870>,2,3,[5 1],3,3,6,0,3
1,<environment.Job instance at 0x7f9a4f259050>,6,16,[5 2],7,22,38,15,22
1,<environment.Job instance at 0x7f9a4f2594b0>,11,3,[6 5],12,38,41,26,22
1,<environment.Job instance at 0x7f9a4f259460>,12,15,[ 3 10],13,41,56,28,29
1,<environment.Job instance at 0x7f9a4f259aa0>,21,1,[5 1],22,56,57,34,50
1,<environment.Job instance at 0x7f9a4f259e60>,22,2,[5 7],23,56,58,33,50
1,<environment.Job instance at 0x7f9a4f2721e0>,25,14,[10  1],26,58,72,32,52
1,<environment.Job instance at 0x7f9a4f272190>,27,17,[1 7],28,72,89,44,60
1,<environment.Job instance at 0x7f9a4f2725f0>,30,3,[ 4 10],31,89,92,58,66
1,<environment.Job instance at 0x7f9a4f272410>,31,16,[2 6],32,92,108,60,79
1,<environment.Job instance at 0x7f9a4f2724b0>,32,17,[8 1],33,92,109,59,83
1,<environment.Job instance at 0x7f9a4f272690>,35,17,[1 8],36,108,125,72,96
1,<environment.Job instance at 0x7f9a4f272d70>,40,3,[2 6],41,125,128,84,101
1,<environment.Job instance at 0x7f9a4f272c80>,42,18,[6 4],43,125,143,82,116
1,<environment.Job instance at 0x7f9a4f2413c0>,47,12,[2 5],48,140,152,92,140
1,<environment.Job instance at 0x7f9a4f241780>,54,16,[5 3],55,147,163,92,147
1,<environment.Job instance at 0x7f9a4cb674b0>,1,3,[2 8],2,2,5,0,2
1,<environment.Job instance at 0x7f9a4f241e60>,2,12,[10  3],3,5,17,2,3
1,<environment.Job instance at 0x7f9a4cb67460>,3,13,[5 1],4,17,30,13,5
1,<environment.Job instance at 0x7f9a4cb2fbe0>,11,3,[1 7],12,17,20,5,13
1,<environment.Job instance at 0x7f9a4cb2f870>,9,15,[9 3],10,30,45,20,17
1,<environment.Job instance at 0x7f9a4c70d0a0>,22,17,[1 6],23,36,53,13,36
1,<environment.Job instance at 0x7f9a0701d0f0>,26,1,[3 5],27,53,54,26,41
1,<environment.Job instance at 0x7f9a0701db40>,27,3,[5 5],28,53,56,25,41
1,<environment.Job instance at 0x7f9a0701d8c0>,28,1,[5 1],29,45,46,16,41
1,<environment.Job instance at 0x7f9a0701d2d0>,29,1,[9 1],30,46,47,16,41
1,<environment.Job instance at 0x7f9a4cb2f2d0>,13,16,[4 9],14,56,72,42,43
1,<environment.Job instance at 0x7f9a4c71bf50>,37,15,[1 7],38,72,87,34,59
1,<environment.Job instance at 0x7f9a06f51460>,40,1,[8 1],41,86,87,45,86
1,<environment.Job instance at 0x7f9a06f51fa0>,41,12,[8 3],42,87,99,45,86
1,<environment.Job instance at 0x7f9a06e34c30>,45,16,[10  2],46,113,129,67,113
1,<environment.Job instance at 0x7f9a06e347d0>,46,2,[5 6],47,129,131,82,113
1,<environment.Job instance at 0x7f9a06e34230>,49,12,[ 5 10],50,131,143,81,114
1,<environment.Job instance at 0x7f9a06e34aa0>,55,2,[1 8],56,143,145,87,133
1,<environment.Job instance at 0x7f9a06e34370>,56,18,[3 5],57,145,163,88,134
1,<environment.Job instance at 0x7f9a06e34460>,58,14,[7 5],59,145,159,86,134
1,<environment.Job instance at 0x7f9a4c77a0a0>,14,17,[6 1],15,15,32,0,15
1,<environment.Job instance at 0x7f9a51ac0be0>,0,17,[4 8],1,20,37,19,20
1,<environment.Job instance at 0x7f9a4c7a5190>,20,14,[7 4],21,37,51,16,22
1,<environment.Job instance at 0x7f9a4c85cd70>,27,15,[5 1],28,51,66,23,37
1,<environment.Job instance at 0x7f9a4c85cc30>,31,17,[6 1],32,66,83,34,54
1,<environment.Job instance at 0x7f9a51ac0050>,2,17,[ 4 10],3,119,136,116,119
1,<environment.Job instance at 0x7f9a4c6d0b90>,57,3,[9 4],58,136,139,78,123
1,<environment.Job instance at 0x7f9a4c6d0d70>,58,14,[9 3],59,139,153,80,128
1,<environment.Job instance at 0x7f9a4c58c6e0>,64,16,[5 8],65,153,169,88,143
1,<environment.Job instance at 0x7f9a4c8f0140>,0,1,[4 5],1,2,3,1,2
1,<environment.Job instance at 0x7f9a4c9d2c80>,1,2,[4 7],2,3,5,1,2
1,<environment.Job instance at 0x7f9a0690eaa0>,4,2,[5 3],5,5,7,0,5
1,<environment.Job instance at 0x7f9a0690ebe0>,5,1,[9 2],6,7,8,1,6
1,<environment.Job instance at 0x7f9a0691e690>,12,16,[7 1],13,27,43,14,27
1,<environment.Job instance at 0x7f9a4c6de1e0>,2,17,[6 3],3,43,60,40,32
1,<environment.Job instance at 0x7f9a0691eaf0>,17,18,[4 5],18,43,61,25,43
1,<environment.Job instance at 0x7f9a06904370>,22,13,[1 8],23,61,74,38,45
1,<environment.Job instance at 0x7f9a06904050>,21,15,[4 9],22,74,89,52,60
1,<environment.Job instance at 0x7f9a06c9d1e0>,28,12,[4 8],29,89,101,60,75
1,<environment.Job instance at 0x7f9a069040f0>,23,18,[1 8],24,101,119,77,92
1,<environment.Job instance at 0x7f9a06e667d0>,33,12,[9 4],34,119,131,85,102
1,<environment.Job instance at 0x7f9a06cb2820>,36,15,[5 2],37,102,117,65,102
1,<environment.Job instance at 0x7f9a4ee9cc80>,41,13,[ 1 10],42,131,144,89,115
1,<environment.Job instance at 0x7f9a06933640>,43,14,[4 9],44,144,158,100,129
1,<environment.Job instance at 0x7f9a069d56e0>,48,14,[10  3],49,158,172,109,144
1,<environment.Job instance at 0x7f9a069d56e0>,3,1,[7 1],4,5,6,1,5
1,<environment.Job instance at 0x7f9a06f04230>,6,15,[10  5],7,18,33,11,18
1,<environment.Job instance at 0x7f9a06d5d2d0>,14,15,[7 5],15,33,48,18,20
1,<environment.Job instance at 0x7f9a11760c80>,16,15,[5 5],17,48,63,31,36
1,<environment.Job instance at 0x7f9a5190ee60>,20,18,[2 9],21,63,81,42,52
1,<environment.Job instance at 0x7f9a06dcb500>,28,3,[9 4],29,81,84,52,72
1,<environment.Job instance at 0x7f9a06d5de10>,13,14,[5 4],14,84,98,70,76
1,<environment.Job instance at 0x7f9a0707c320>,32,16,[5 3],33,87,103,54,87
1,<environment.Job instance at 0x7f9a0707c5f0>,33,15,[9 4],34,103,118,69,89
1,<environment.Job instance at 0x7f9a0707c550>,39,12,[7 5],40,118,130,78,103
1,<environment.Job instance at 0x7f9a0707c0f0>,41,14,[ 5 10],42,130,144,88,115
1,<environment.Job instance at 0x7f9a0707c500>,43,14,[5 7],44,144,158,100,130
1,<environment.Job instance at 0x7f9a06f92f00>,48,16,[1 9],49,158,174,109,146
1,<environment.Job instance at 0x7f9a067618c0>,8,18,[10  5],9,9,27,0,9
1,<environment.Job instance at 0x7f9a06761730>,10,17,[6 4],11,27,44,16,21
1,<environment.Job instance at 0x7f9a06761910>,17,3,[8 4],18,44,47,26,35
1,<environment.Job instance at 0x7f9a06761550>,18,3,[4 6],19,35,38,16,35
1,<environment.Job instance at 0x7f9a06761b40>,19,15,[ 5 10],20,47,62,27,36
1,<environment.Job instance at 0x7f9a06b7ab40>,1,16,[4 9],2,62,78,60,50
1,<environment.Job instance at 0x7f9a06761140>,21,12,[7 5],22,78,90,56,61
1,<environment.Job instance at 0x7f9a066ffb90>,26,12,[5 9],27,90,102,63,73
1,<environment.Job instance at 0x7f9a06761500>,6,16,[ 5 10],7,107,123,100,107
1,<environment.Job instance at 0x7f9a06702af0>,34,3,[7 5],35,123,126,88,107
1,<environment.Job instance at 0x7f9a066ffb40>,30,18,[3 7],31,126,144,95,115
1,<environment.Job instance at 0x7f9a4ef10640>,1,16,[4 7],2,2,18,0,2
1,<environment.Job instance at 0x7f9a4ed6cb90>,9,15,[7 2],10,18,33,8,12
1,<environment.Job instance at 0x7f9a06702410>,3,13,[ 4 10],4,33,46,29,17
1,<environment.Job instance at 0x7f9a4ed5caa0>,19,13,[4 7],20,46,59,26,33
1,<environment.Job instance at 0x7f9a4ed5c4b0>,20,15,[1 8],21,59,74,38,45
1,<environment.Job instance at 0x7f9a4ed36870>,32,13,[9 5],33,74,87,41,62
1,<environment.Job instance at 0x7f9a070b28c0>,33,12,[ 3 10],34,87,99,53,74
1,<environment.Job instance at 0x7f9a4c56a2d0>,52,13,[8 1],53,113,126,60,113
1,<environment.Job instance at 0x7f9a4cabb820>,41,16,[1 8],42,138,154,96,138
1,<environment.Job instance at 0x7f9a4c582370>,59,14,[8 1],60,144,158,84,144
1,<environment.Job instance at 0x7f9a06cd9050>,60,14,[9 4],61,158,172,97,146
1,<environment.Job instance at 0x7f9a4cb33e60>,2,17,[4 8],3,10,27,7,10
1,<environment.Job instance at 0x7f9a07025e60>,10,3,[10  5],11,27,30,16,11
1,<environment.Job instance at 0x7f9a4f29d050>,14,13,[1 6],15,30,43,15,18
1,<environment.Job instance at 0x7f9a4eeb6d70>,18,13,[5 2],19,30,43,11,19
1,<environment.Job instance at 0x7f9a4f29dcd0>,11,14,[1 7],12,43,57,31,30
1,<environment.Job instance at 0x7f9a4f29daa0>,13,18,[2 6],14,57,75,43,50
1,<environment.Job instance at 0x7f9a069af640>,17,18,[3 8],18,75,93,57,65
1,<environment.Job instance at 0x7f9a0705baf0>,31,14,[7 4],32,93,107,61,78
1,<environment.Job instance at 0x7f9a06ba84b0>,35,14,[1 5],36,93,107,57,83
1,<environment.Job instance at 0x7f9a06ba8550>,37,12,[6 5],38,107,119,69,91
1,<environment.Job instance at 0x7f9a4f1482d0>,0,2,[1 7],1,4,6,3,4
1,<environment.Job instance at 0x7f9a4c95eb90>,2,17,[7 2],3,6,23,3,6
1,<environment.Job instance at 0x7f9a4c95ea00>,7,14,[9 4],8,23,37,15,11
1,<environment.Job instance at 0x7f9a4c95ef00>,14,12,[7 2],15,37,49,22,23
1,<environment.Job instance at 0x7f9a4c95e2d0>,4,13,[2 8],5,37,50,32,23
1,<environment.Job instance at 0x7f9a06b6a460>,20,16,[5 1],21,49,65,28,37
1,<environment.Job instance at 0x7f9a4c95e460>,12,18,[3 8],13,50,68,37,40
1,<environment.Job instance at 0x7f9a06b6a3c0>,30,3,[9 5],31,68,71,37,54
1,<environment.Job instance at 0x7f9a4f2b36e0>,35,3,[1 8],36,71,74,35,54
1,<environment.Job instance at 0x7f9a4c9ae870>,37,16,[6 5],38,74,90,36,61
1,<environment.Job instance at 0x7f9a4c9ae5f0>,39,12,[ 5 10],40,90,102,50,77
1,<environment.Job instance at 0x7f9a4c9ae780>,41,12,[7 5],42,102,114,60,85
1,<environment.Job instance at 0x7f9a4c9aedc0>,44,14,[3 5],45,102,116,57,90
1,<environment.Job instance at 0x7f9a4c9aec30>,46,16,[ 5 10],47,116,132,69,103
1,<environment.Job instance at 0x7f9a4c9ae410>,48,14,[5 1],49,132,146,83,117
1,<environment.Job instance at 0x7f9a4f0e0cd0>,55,13,[6 4],56,146,159,90,130
1,<environment.Job instance at 0x7f9a4f0e0640>,59,15,[8 3],60,159,174,99,148
1,<environment.Job instance at 0x7f9a06cbff50>,1,14,[5 8],2,3,17,1,3
1,<environment.Job instance at 0x7f9a4c8cea50>,8,3,[5 6],9,17,20,8,9
1,<environment.Job instance at 0x7f9a51857050>,0,16,[7 5],1,20,36,19,12
1,<environment.Job instance at 0x7f9a4f29f2d0>,12,1,[4 5],13,36,37,23,13
1,<environment.Job instance at 0x7f9a4c602910>,14,2,[7 1],15,37,39,22,16
1,<environment.Job instance at 0x7f9a4c602cd0>,15,15,[3 5],16,20,35,4,16
1,<environment.Job instance at 0x7f9a4c6e6550>,20,3,[5 6],21,39,42,18,23
1,<environment.Job instance at 0x7f9a066dfcd0>,22,13,[4 8],23,42,55,19,37
1,<environment.Job instance at 0x7f9a066dfc30>,26,13,[4 5],27,55,68,28,39
1,<environment.Job instance at 0x7f9a066df460>,30,3,[4 8],31,68,71,37,51
1,<environment.Job instance at 0x7f9a066dfa50>,31,1,[8 1],32,71,72,39,51
1,<environment.Job instance at 0x7f9a4eebce60>,34,16,[1 7],35,71,87,36,59
1,<environment.Job instance at 0x7f9a4eebcf00>,37,13,[4 7],38,87,100,49,74
1,<environment.Job instance at 0x7f9a4eebc460>,39,13,[3 7],40,100,113,60,86
1,<environment.Job instance at 0x7f9a4eece820>,42,12,[1 5],43,113,125,70,98
1,<environment.Job instance at 0x7f9a4eebc550>,41,14,[5 4],42,113,127,71,98
1,<environment.Job instance at 0x7f9a4eeceaa0>,48,3,[8 3],49,127,130,78,120
1,<environment.Job instance at 0x7f9a4eeceeb0>,50,14,[6 3],51,130,144,79,122
1,<environment.Job instance at 0x7f9a4eece5f0>,52,14,[2 8],53,144,158,91,129
1,<environment.Job instance at 0x7f9a4eece370>,53,3,[9 2],54,158,161,104,132
1,<environment.Job instance at 0x7f9a4eece230>,54,2,[8 3],55,161,163,106,134
1,<environment.Job instance at 0x7f4f12be5230>,3,3,[4 8],4,4,7,0,4
1,<environment.Job instance at 0x7f4f19ff41e0>,0,13,[9 3],1,7,20,6,6
1,<environment.Job instance at 0x7f4f12be55a0>,8,13,[5 5],9,20,33,11,12
1,<environment.Job instance at 0x7f4f12be5190>,4,14,[1 6],5,33,47,28,22
1,<environment.Job instance at 0x7f4f12be5f00>,19,14,[3 5],20,47,61,27,34
1,<environment.Job instance at 0x7f4f12be5d20>,16,16,[3 5],17,50,66,33,50
1,<environment.Job instance at 0x7f4f12be76e0>,29,12,[5 4],30,61,73,31,54
1,<environment.Job instance at 0x7f4f12be7af0>,31,14,[2 5],32,66,80,34,56
1,<environment.Job instance at 0x7f4f12be7c30>,33,14,[5 5],34,73,87,39,58
1,<environment.Job instance at 0x7f4f12be74b0>,25,12,[ 5 10],26,87,99,61,76
1,<environment.Job instance at 0x7f4f12bea280>,40,15,[10  3],41,99,114,58,85
1,<environment.Job instance at 0x7f4f12bea460>,43,18,[5 5],44,114,132,70,103
1,<environment.Job instance at 0x7f4f12be5b40>,13,18,[ 4 10],14,132,150,118,123
1,<environment.Job instance at 0x7f4f12bead20>,3,15,[5 2],4,6,21,2,6
1,<environment.Job instance at 0x7f4f12beae10>,4,3,[6 4],5,21,24,16,8
1,<environment.Job instance at 0x7f4f1a15beb0>,12,1,[6 4],13,24,25,11,13
1,<environment.Job instance at 0x7f4f1a01b690>,9,14,[3 6],10,13,27,3,13
1,<environment.Job instance at 0x7f4f1a16e5f0>,14,19,[6 1],15,25,44,10,17
1,<environment.Job instance at 0x7f4f1a16e3c0>,21,13,[8 5],22,44,57,22,30
1,<environment.Job instance at 0x7f4f1a16e9b0>,22,14,[2 9],23,57,71,34,46
1,<environment.Job instance at 0x7f4f1a16e910>,13,18,[6 5],14,71,89,57,60
1,<environment.Job instance at 0x7f4f1a168f50>,31,17,[10  2],32,89,106,57,78
1,<environment.Job instance at 0x7f4f1a01c7d0>,42,14,[2 7],43,106,120,63,98
1,<environment.Job instance at 0x7f4f1a01c410>,44,3,[9 2],45,120,123,75,102
1,<environment.Job instance at 0x7f4f1a01c910>,45,14,[10  2],46,123,137,77,108
1,<environment.Job instance at 0x7f4f1a167e10>,56,12,[ 3 10],57,137,149,80,127
1,<environment.Job instance at 0x7f4f1a16df50>,60,18,[4 5],61,149,167,88,138
1,<environment.Job instance at 0x7f4f129b9be0>,1,2,[1 7],2,2,4,0,2
1,<environment.Job instance at 0x7f4f12956d20>,5,12,[2 6],6,9,21,3,9
1,<environment.Job instance at 0x7f4f129b94b0>,0,12,[9 2],1,21,33,20,12
1,<environment.Job instance at 0x7f4f129af4b0>,20,15,[7 1],21,54,69,33,54
1,<environment.Job instance at 0x7f4ecef678c0>,19,13,[4 6],20,69,82,49,54
1,<environment.Job instance at 0x7f4f12f1d5a0>,22,13,[1 6],23,54,67,31,54
1,<environment.Job instance at 0x7f4f12ddf730>,24,14,[1 5],25,82,96,57,67
1,<environment.Job instance at 0x7f4f12de23c0>,26,1,[2 6],27,96,97,69,71
1,<environment.Job instance at 0x7f4f12fa73c0>,25,12,[ 4 10],26,97,109,71,80
1,<environment.Job instance at 0x7f4ecee9d7d0>,30,14,[8 3],31,109,123,78,95
1,<environment.Job instance at 0x7f4f13086320>,21,17,[10  3],22,123,140,101,114
1,<environment.Job instance at 0x7f4f12e43e10>,37,16,[9 4],38,140,156,102,128
1,<environment.Job instance at 0x7f4ecee43690>,43,3,[4 8],44,156,159,112,147
1,<environment.Job instance at 0x7f4ecee43780>,44,15,[4 6],45,159,174,114,147
1,<environment.Job instance at 0x7f4ecee43d70>,47,15,[5 3],48,159,174,111,155
1,<environment.Job instance at 0x7f4ecee43d70>,2,2,[9 3],3,3,5,0,3
1,<environment.Job instance at 0x7f4f12d350a0>,3,12,[1 8],4,5,17,1,5
1,<environment.Job instance at 0x7f4f199c39b0>,7,13,[6 4],8,17,30,9,8
1,<environment.Job instance at 0x7f4f12bce500>,9,1,[10  3],10,30,31,20,11
1,<environment.Job instance at 0x7f4f12d18500>,14,2,[7 5],15,31,33,16,15
1,<environment.Job instance at 0x7f4ecf4be870>,16,3,[2 7],17,33,36,16,17
1,<environment.Job instance at 0x7f4f12cf5460>,17,18,[5 1],18,33,51,15,23
1,<environment.Job instance at 0x7f4f12f360a0>,11,18,[2 9],12,36,54,24,25
1,<environment.Job instance at 0x7f4f12cf5dc0>,19,15,[9 5],20,54,69,34,40
1,<environment.Job instance at 0x7f4ecf2a6960>,28,14,[5 9],29,69,83,40,54
1,<environment.Job instance at 0x7f4ecf2a6f50>,35,12,[2 9],36,83,95,47,66
1,<environment.Job instance at 0x7f4ecf2a6e60>,38,3,[5 9],39,95,98,56,71
1,<environment.Job instance at 0x7f4ecee36d70>,23,18,[5 9],24,98,116,74,88
1,<environment.Job instance at 0x7f4ecf2a6dc0>,36,14,[3 9],37,116,130,79,103
1,<environment.Job instance at 0x7f4f12cca410>,46,16,[5 5],47,130,146,83,117
1,<environment.Job instance at 0x7f4f1a160500>,50,14,[6 4],51,146,160,95,132
1,<environment.Job instance at 0x7f4f193f37d0>,59,18,[7 5],60,160,178,100,149
1,<environment.Job instance at 0x7f4ecef2e8c0>,0,15,[4 5],1,7,22,6,7
1,<environment.Job instance at 0x7f4ecef3bf00>,3,17,[8 5],4,22,39,18,10
1,<environment.Job instance at 0x7f4ecf224b90>,12,2,[5 8],13,39,41,26,13
1,<environment.Job instance at 0x7f4ecf226280>,13,12,[4 6],14,41,53,27,24
1,<environment.Job instance at 0x7f4ecf1ff6e0>,23,16,[6 5],24,53,69,29,40
1,<environment.Job instance at 0x7f4ecf4aff00>,9,18,[7 3],10,69,87,59,60
1,<environment.Job instance at 0x7f4ecf4afaa0>,8,16,[ 5 10],9,87,103,78,78
1,<environment.Job instance at 0x7f4ecf20efa0>,38,14,[9 4],39,103,117,64,91
1,<environment.Job instance at 0x7f4ecf1fdb90>,46,1,[4 9],47,117,118,70,105
1,<environment.Job instance at 0x7f4ecf20ec80>,34,17,[9 5],35,118,135,83,106
1,<environment.Job instance at 0x7f4ecf1ecaa0>,52,14,[3 9],53,135,149,82,122
1,<environment.Job instance at 0x7f4ecf1f29b0>,54,14,[7 4],55,149,163,94,135
1,<environment.Job instance at 0x7f4ecf1ec910>,55,18,[10  3],56,163,181,107,154
1,<environment.Job instance at 0x7f4f19872910>,2,3,[3 8],3,3,6,0,3
1,<environment.Job instance at 0x7f4f19921410>,10,13,[9 3],11,11,24,0,11
1,<environment.Job instance at 0x7f4f19921190>,13,13,[6 5],14,24,37,10,15
1,<environment.Job instance at 0x7f4ecf30b6e0>,15,15,[9 1],16,37,52,21,23
1,<environment.Job instance at 0x7f4ecf30bb90>,22,17,[1 7],23,37,54,14,32
1,<environment.Job instance at 0x7f4ecf30be10>,23,17,[6 4],24,54,71,30,42
1,<environment.Job instance at 0x7f4ecf30bb40>,25,16,[1 6],26,54,70,28,42
1,<environment.Job instance at 0x7f4f198725f0>,3,17,[10  5],4,71,88,67,61
1,<environment.Job instance at 0x7f4ecf31dc30>,33,12,[4 9],34,88,100,54,79
1,<environment.Job instance at 0x7f4f12bc9b40>,41,13,[ 3 10],42,100,113,58,85
1,<environment.Job instance at 0x7f4f12bc9f50>,43,13,[1 7],44,113,126,69,106
1,<environment.Job instance at 0x7f4f12bc9370>,46,16,[6 1],47,113,129,66,107
1,<environment.Job instance at 0x7f4ecf31d910>,39,16,[ 3 10],40,129,145,89,123
1,<environment.Job instance at 0x7f4f1994f500>,57,12,[5 4],58,156,168,98,156
1,<environment.Job instance at 0x7f4f129597d0>,3,14,[5 5],4,4,18,0,4
1,<environment.Job instance at 0x7f4ecf296370>,4,12,[7 4],5,18,30,13,5
1,<environment.Job instance at 0x7f4f19692730>,5,2,[10  5],6,30,32,24,6
1,<environment.Job instance at 0x7f4ecf170dc0>,14,12,[1 8],15,32,44,17,16
1,<environment.Job instance at 0x7f4ecf170af0>,17,18,[6 2],18,40,58,22,40
1,<environment.Job instance at 0x7f4ecf37b820>,13,15,[4 8],14,44,59,30,41
1,<environment.Job instance at 0x7f4ecf170140>,19,13,[7 5],20,59,72,39,43
1,<environment.Job instance at 0x7f4ecf170690>,22,15,[7 3],23,72,87,49,59
1,<environment.Job instance at 0x7f4ecf506e60>,29,15,[8 5],30,87,102,57,73
1,<environment.Job instance at 0x7f4f199efaf0>,33,13,[3 7],34,102,115,68,86
1,<environment.Job instance at 0x7f4f12adb320>,37,16,[7 2],38,102,118,64,102
1,<environment.Job instance at 0x7f4f199ef280>,32,16,[1 7],33,115,131,82,103
1,<environment.Job instance at 0x7f4f195fc7d0>,45,3,[9 1],46,118,121,72,104
1,<environment.Job instance at 0x7f4f195fc780>,48,15,[7 1],49,121,136,72,117
1,<environment.Job instance at 0x7f4f195fc4b0>,49,14,[3 8],50,131,145,81,117
1,<environment.Job instance at 0x7f4f195fc3c0>,50,12,[5 9],51,145,157,94,128
1,<environment.Job instance at 0x7f4f195fc870>,55,17,[10  3],56,157,174,101,145
1,<environment.Job instance at 0x7f4f195fceb0>,2,3,[5 8],3,4,7,1,4
1,<environment.Job instance at 0x7f4ecf4d4d20>,7,3,[8 3],8,9,12,1,9
1,<environment.Job instance at 0x7f4ecf4d4b40>,8,1,[9 5],9,12,13,3,10
1,<environment.Job instance at 0x7f4ecf4d4e10>,12,18,[9 2],13,13,31,0,13
1,<environment.Job instance at 0x7f4ecf4cf500>,15,14,[6 3],16,31,45,15,17
1,<environment.Job instance at 0x7f4ecf4cfbe0>,22,17,[5 1],23,45,62,22,33
1,<environment.Job instance at 0x7f4ecf4c9280>,27,17,[5 5],28,45,62,17,36
1,<environment.Job instance at 0x7f4ecf4c93c0>,29,14,[8 5],30,62,76,32,52
1,<environment.Job instance at 0x7f4ecf4c95a0>,31,15,[7 3],32,76,91,44,62
1,<environment.Job instance at 0x7f4ecf4c9f00>,43,3,[1 6],44,116,119,72,116
1,<environment.Job instance at 0x7f4ecf4c9b40>,36,13,[5 9],37,119,132,82,116
1,<environment.Job instance at 0x7f4ecf4e0230>,45,3,[10  3],46,132,135,86,116
1,<environment.Job instance at 0x7f4ecf4e06e0>,53,3,[7 2],54,135,138,81,135
1,<environment.Job instance at 0x7f4ecf4e08c0>,55,13,[5 5],56,138,151,82,135
1,<environment.Job instance at 0x7f4ecf4e0a00>,56,18,[1 5],57,142,160,85,142
1,<environment.Job instance at 0x7f4ecf4c9fa0>,44,16,[8 1],45,151,167,106,151
1,<environment.Job instance at 0x7f4ecf4e0be0>,59,13,[4 8],60,167,180,107,151
1,<environment.Job instance at 0x7f4eceebbf50>,10,15,[6 2],11,11,26,0,11
1,<environment.Job instance at 0x7f4ecf2cb910>,12,16,[5 3],13,26,42,13,13
1,<environment.Job instance at 0x7f4f194a5dc0>,0,14,[3 5],1,19,33,18,19
1,<environment.Job instance at 0x7f4ecf2cbeb0>,14,16,[8 5],15,42,58,27,29
1,<environment.Job instance at 0x7f4f1958fc30>,22,16,[9 3],23,58,74,35,45
1,<environment.Job instance at 0x7f4f12fc2410>,29,3,[7 2],30,74,77,44,52
1,<environment.Job instance at 0x7f4f19b34b90>,24,16,[7 3],25,77,93,52,66
1,<environment.Job instance at 0x7f4f195820f0>,17,14,[ 5 10],18,93,107,75,80
1,<environment.Job instance at 0x7f4f195837d0>,39,2,[7 4],40,107,109,67,94
1,<environment.Job instance at 0x7f4ecf4e0c80>,5,17,[ 5 10],6,109,126,103,101
1,<environment.Job instance at 0x7f4f12e43aa0>,45,16,[2 7],46,126,142,80,113
1,<environment.Job instance at 0x7f4eceec9e10>,35,18,[10  4],36,142,160,106,134
1,<environment.Job instance at 0x7f4ecee854b0>,6,3,[2 5],7,8,11,1,8
1,<environment.Job instance at 0x7f4f195fc500>,12,18,[ 5 10],13,15,33,2,15
1,<environment.Job instance at 0x7f4f12fbdf00>,21,2,[2 6],22,33,35,11,22
1,<environment.Job instance at 0x7f4f13018fa0>,16,16,[ 5 10],17,35,51,18,22
1,<environment.Job instance at 0x7f4f1967d5f0>,28,3,[2 5],29,51,54,22,36
1,<environment.Job instance at 0x7f4ecf3c9a00>,24,12,[3 9],25,54,66,29,37
1,<environment.Job instance at 0x7f4ecf3c9af0>,23,14,[1 8],24,66,80,42,51
1,<environment.Job instance at 0x7f4ecf4c4cd0>,35,13,[5 1],36,57,70,21,57
1,<environment.Job instance at 0x7f4ecf509af0>,40,16,[6 2],41,70,86,29,57
1,<environment.Job instance at 0x7f4ecf2366e0>,47,13,[7 4],48,86,99,38,74
1,<environment.Job instance at 0x7f4ecf41aa00>,51,16,[5 7],52,99,115,47,97
1,<environment.Job instance at 0x7f4f12a5ac30>,44,14,[10  4],45,115,129,70,101
1,<environment.Job instance at 0x7f4ecf42ff50>,54,1,[6 5],55,129,130,74,102
1,<environment.Job instance at 0x7f4ecf41a0f0>,50,13,[10  1],51,130,143,79,116
1,<environment.Job instance at 0x7f4f193ea3c0>,57,18,[4 7],58,145,163,87,145
1,<environment.Job instance at 0x7f4ecf57b5a0>,66,16,[5 2],67,147,163,80,147
1,<environment.Job instance at 0x7f4ecf57bd70>,67,1,[6 4],68,163,164,95,147
1,<environment.Job instance at 0x7f4f12d08870>,0,2,[4 6],1,3,5,2,3
1,<environment.Job instance at 0x7f4eced80b40>,7,1,[3 5],8,8,9,0,8
1,<environment.Job instance at 0x7f4eced80d70>,10,16,[1 5],11,12,28,1,12
1,<environment.Job instance at 0x7f4eced80af0>,9,2,[2 5],10,12,14,2,12
1,<environment.Job instance at 0x7f4f12d08e60>,4,1,[7 5],5,14,15,9,13
1,<environment.Job instance at 0x7f4eced77050>,14,2,[1 7],15,28,30,13,15
1,<environment.Job instance at 0x7f4eced77460>,15,1,[2 5],16,16,17,0,16
1,<environment.Job instance at 0x7f4eced80c80>,11,17,[6 5],12,30,47,18,18
1,<environment.Job instance at 0x7f4eced6c190>,29,12,[9 3],30,47,59,17,34
1,<environment.Job instance at 0x7f4eced6c500>,31,13,[5 5],32,59,72,27,46
1,<environment.Job instance at 0x7f4eced6c6e0>,32,3,[9 3],33,72,75,39,46
1,<environment.Job instance at 0x7f4eced6c960>,36,2,[3 5],37,59,61,22,48
1,<environment.Job instance at 0x7f4eced6cb90>,39,2,[6 3],40,75,77,35,55
1,<environment.Job instance at 0x7f4eced6cc30>,40,13,[8 3],41,77,90,36,61
1,<environment.Job instance at 0x7f4eced6ccd0>,41,16,[8 1],42,90,106,48,77
1,<environment.Job instance at 0x7f4eced80a00>,5,17,[ 4 10],6,106,123,100,94
1,<environment.Job instance at 0x7f4eced7daa0>,54,16,[6 3],55,123,139,68,113
1,<environment.Job instance at 0x7f4eced7dd70>,58,16,[10  3],59,139,155,80,128
1,<environment.Job instance at 0x7f4eced8f140>,63,16,[4 9],64,155,171,91,142
1,<environment.Job instance at 0x7f4eced8f550>,69,3,[8 1],70,171,174,101,154
1,<environment.Job instance at 0x7f4eced8f870>,71,12,[1 7],72,171,183,99,154
1,<environment.Job instance at 0x7f4f19d80be0>,1,2,[1 9],2,2,4,0,2
1,<environment.Job instance at 0x7f4f19d80500>,0,12,[6 1],1,5,17,4,5
1,<environment.Job instance at 0x7f4f1299ffa0>,5,15,[8 2],6,17,32,11,14
1,<environment.Job instance at 0x7f4f1299feb0>,14,12,[9 4],15,32,44,17,19
1,<environment.Job instance at 0x7f4ecef43190>,17,3,[1 7],18,22,25,4,22
1,<environment.Job instance at 0x7f4f12d8fd20>,28,1,[10  4],29,51,52,22,51
1,<environment.Job instance at 0x7f4f12d8f9b0>,29,18,[5 2],30,52,70,22,51
1,<environment.Job instance at 0x7f4ecedfaf50>,31,2,[8 5],32,70,72,38,54
1,<environment.Job instance at 0x7f4ecedfa690>,32,13,[9 4],33,72,85,39,62
1,<environment.Job instance at 0x7f4ecedfa460>,36,14,[10  1],37,85,99,48,74
1,<environment.Job instance at 0x7f4ecedfadc0>,38,14,[3 7],39,99,113,60,88
1,<environment.Job instance at 0x7f4ecedfa9b0>,47,1,[6 4],48,113,114,65,101
1,<environment.Job instance at 0x7f4ecedfa3c0>,48,3,[6 2],49,101,104,52,101
1,<environment.Job instance at 0x7f4ecedfa410>,41,17,[3 6],42,113,130,71,101
1,<environment.Job instance at 0x7f4ecf2b0c30>,50,16,[5 4],51,114,130,63,102
1,<environment.Job instance at 0x7f4f1a01c410>,56,17,[3 7],57,130,147,73,118
1,<environment.Job instance at 0x7f4ecf48d550>,60,14,[7 4],61,147,161,86,133
1,<environment.Job instance at 0x7f4ecedfa500>,40,17,[4 8],41,161,178,120,149
1,<environment.Job instance at 0x7f4ecf463d70>,7,18,[3 8],8,8,26,0,8
1,<environment.Job instance at 0x7f4ecf4636e0>,9,12,[1 5],10,26,38,16,10
1,<environment.Job instance at 0x7f4f13030690>,13,17,[7 2],14,14,31,0,14
1,<environment.Job instance at 0x7f4f13030730>,21,3,[10  5],22,38,41,16,27
1,<environment.Job instance at 0x7f4f13030500>,17,18,[1 8],18,41,59,23,31
1,<environment.Job instance at 0x7f4f13030960>,26,13,[4 6],27,59,72,32,43
1,<environment.Job instance at 0x7f4ecf17c870>,32,17,[6 3],33,80,97,47,80
1,<environment.Job instance at 0x7f4ecf4bbd20>,39,2,[1 6],40,80,82,40,80
1,<environment.Job instance at 0x7f4ecf4bb3c0>,40,3,[7 1],41,97,100,56,80
1,<environment.Job instance at 0x7f4ecf1c65f0>,43,13,[6 5],44,100,113,56,84
1,<environment.Job instance at 0x7f4ecf1c6730>,46,3,[1 5],47,86,89,39,86
1,<environment.Job instance at 0x7f4ecee01820>,49,17,[7 5],50,113,130,63,101
1,<environment.Job instance at 0x7f4ecee01320>,51,15,[4 9],52,130,145,78,125
1,<environment.Job instance at 0x7f4eceda9d70>,53,18,[1 8],54,145,163,91,134
1,<environment.Job instance at 0x7f4f12fe3b40>,58,12,[4 8],59,163,175,104,147
1,<environment.Job instance at 0x7f4f12fe30a0>,4,2,[6 5],5,5,7,0,5
1,<environment.Job instance at 0x7f4f12cf0c80>,5,1,[ 4 10],6,7,8,1,6
1,<environment.Job instance at 0x7f4f12cf0af0>,8,2,[3 7],9,9,11,0,9
1,<environment.Job instance at 0x7f4f129dfe10>,0,17,[6 1],1,11,28,10,11
1,<environment.Job instance at 0x7f4f12cf0500>,11,13,[8 2],12,28,41,16,12
1,<environment.Job instance at 0x7f4f12cf0230>,13,3,[ 3 10],14,41,44,27,20
1,<environment.Job instance at 0x7f4ecedd10f0>,17,2,[9 2],18,44,46,26,21
1,<environment.Job instance at 0x7f4ecede5f50>,20,1,[6 1],21,46,47,25,21
1,<environment.Job instance at 0x7f4ecf2bc910>,22,1,[1 5],23,23,24,0,23
1,<environment.Job instance at 0x7f4ecf3342d0>,26,15,[10  5],27,47,62,20,34
1,<environment.Job instance at 0x7f4f12a523c0>,25,17,[4 6],26,62,79,36,55
1,<environment.Job instance at 0x7f4f12cd9280>,33,14,[5 4],34,62,76,28,58
1,<environment.Job instance at 0x7f4f194d0f00>,35,15,[7 1],36,79,94,43,66
1,<environment.Job instance at 0x7f4f19b2ec30>,37,17,[9 4],38,94,111,56,82
1,<environment.Job instance at 0x7f4eceeef370>,40,18,[2 9],41,111,129,70,104
1,<environment.Job instance at 0x7f4f12b29dc0>,43,12,[3 6],44,129,141,85,114
1,<environment.Job instance at 0x7f4ecf27db90>,51,12,[6 3],52,147,159,95,147
1,<environment.Job instance at 0x7f4f12a4cd20>,53,15,[9 4],54,159,174,105,152
1,<environment.Job instance at 0x7f4ecf182c80>,57,12,[ 2 10],58,174,186,116,159
1,<environment.Job instance at 0x7f4f198caaa0>,0,1,[2 9],1,4,5,3,4
1,<environment.Job instance at 0x7f4f198caf00>,2,18,[7 3],3,5,23,2,5
1,<environment.Job instance at 0x7f4eced6ceb0>,13,13,[3 7],14,14,27,0,14
1,<environment.Job instance at 0x7f4eced620a0>,10,15,[8 2],11,27,42,16,17
1,<environment.Job instance at 0x7f4ecee230f0>,17,13,[10  3],18,42,55,24,26
1,<environment.Job instance at 0x7f4f129ee4b0>,26,15,[7 3],27,55,70,28,43
1,<environment.Job instance at 0x7f4ecf5896e0>,23,13,[8 4],24,70,83,46,54
1,<environment.Job instance at 0x7f4ecf501b90>,31,12,[7 5],32,83,95,51,66
1,<environment.Job instance at 0x7f4f195af550>,34,14,[5 5],35,95,109,60,80
1,<environment.Job instance at 0x7f4ecf5010a0>,29,15,[ 5 10],30,109,124,79,96
1,<environment.Job instance at 0x7f4f12d74140>,40,18,[3 7],41,124,142,83,113
1,<environment.Job instance at 0x7f4ecf02cc80>,18,18,[10  5],19,142,160,123,142
1,<environment.Job instance at 0x7f4f12a47aa0>,1,16,[4 7],2,4,20,2,4
1,<environment.Job instance at 0x7f4f12b898c0>,8,18,[4 7],9,20,38,11,11
1,<environment.Job instance at 0x7f4f12b89690>,14,15,[3 5],15,38,53,23,24
1,<environment.Job instance at 0x7f4f12b89500>,9,15,[7 2],10,40,55,30,40
1,<environment.Job instance at 0x7f4f1980ba50>,21,14,[6 4],22,55,69,33,44
1,<environment.Job instance at 0x7f4f1980b370>,24,17,[3 5],25,53,70,28,44
1,<environment.Job instance at 0x7f4f1983deb0>,33,12,[ 3 10],34,70,82,36,60
1,<environment.Job instance at 0x7f4f1983d280>,37,17,[8 4],38,82,99,44,70
1,<environment.Job instance at 0x7f4ecebd1190>,52,13,[8 1],53,99,112,46,99
1,<environment.Job instance at 0x7f4ecebd1cd0>,50,18,[5 8],51,124,142,73,124
1,<environment.Job instance at 0x7f4ecebd1be0>,57,1,[5 2],58,124,125,66,124
1,<environment.Job instance at 0x7f4ecebd1a50>,59,14,[8 1],60,142,156,82,128
1,<environment.Job instance at 0x7f4ecedab6e0>,61,17,[6 2],62,156,173,94,145
1,<environment.Job instance at 0x7f4ecedab780>,67,13,[2 7],68,155,168,87,155
1,<environment.Job instance at 0x7f4ecedabaf0>,69,15,[10  5],70,173,188,103,159
1,<environment.Job instance at 0x7f4eceb6cbe0>,0,3,[10  5],1,8,11,7,8
1,<environment.Job instance at 0x7f4ecebd70a0>,3,18,[2 6],4,14,32,10,14
1,<environment.Job instance at 0x7f4f129c7c80>,14,13,[2 5],15,32,45,17,19
1,<environment.Job instance at 0x7f4f1298efa0>,17,12,[1 7],18,45,57,27,30
1,<environment.Job instance at 0x7f4f1298ec80>,18,16,[8 1],19,36,52,17,36
1,<environment.Job instance at 0x7f4f1298e050>,20,12,[3 6],21,57,69,36,40
1,<environment.Job instance at 0x7f4f1298e500>,21,14,[7 4],22,57,71,35,42
1,<environment.Job instance at 0x7f4f12993550>,24,15,[5 2],25,71,86,46,57
1,<environment.Job instance at 0x7f4f12999f50>,25,14,[1 5],26,69,83,43,57
1,<environment.Job instance at 0x7f4f1298ee60>,15,16,[ 4 10],16,86,102,70,73
1,<environment.Job instance at 0x7f4f129c7d70>,9,15,[10  3],10,102,117,92,92
1,<environment.Job instance at 0x7f4f193cc1e0>,35,1,[10  5],36,122,123,86,122
1,<environment.Job instance at 0x7f4f193cc500>,40,15,[7 4],41,123,138,82,122
1,<environment.Job instance at 0x7f4f12b56320>,45,16,[6 3],46,142,158,96,142
1,<environment.Job instance at 0x7f4eceee0e60>,29,16,[ 5 10],30,158,174,128,152
1,<environment.Job instance at 0x7f4f1299a410>,2,1,[2 7],3,3,4,0,3
1,<environment.Job instance at 0x7f4f195ffeb0>,3,1,[4 8],4,5,6,1,5
1,<environment.Job instance at 0x7f4f1a01d690>,0,16,[5 1],1,10,26,9,10
1,<environment.Job instance at 0x7f4f12a534b0>,20,18,[9 1],21,26,44,5,21
1,<environment.Job instance at 0x7f4ececd4820>,21,12,[7 5],22,44,56,22,29
1,<environment.Job instance at 0x7f4ecefeae10>,28,14,[5 1],29,56,70,27,43
1,<environment.Job instance at 0x7f4ecf4b40f0>,11,18,[1 9],12,63,81,51,63
1,<environment.Job instance at 0x7f4ecefeabe0>,33,13,[8 5],34,81,94,47,66
1,<environment.Job instance at 0x7f4ecf22ba50>,36,16,[4 8],37,94,110,57,81
1,<environment.Job instance at 0x7f4ecefea2d0>,25,17,[10  2],26,110,127,84,102
1,<environment.Job instance at 0x7f4f12cdf870>,48,1,[8 5],49,127,128,78,120
1,<environment.Job instance at 0x7f4f12cdffa0>,49,17,[6 3],50,128,145,78,126
1,<environment.Job instance at 0x7f4ecefead20>,26,16,[ 5 10],27,145,161,118,133
1,<environment.Job instance at 0x7f4ecedcc370>,58,14,[6 1],59,161,175,102,151
1,<environment.Job instance at 0x7f4f19b2b050>,0,3,[4 8],1,1,4,0,1
1,<environment.Job instance at 0x7f4ecf4f6a50>,4,16,[1 7],5,10,26,5,10
1,<environment.Job instance at 0x7f4ecef6d4b0>,12,12,[1 5],13,26,38,13,14
1,<environment.Job instance at 0x7f4ecf30ed20>,8,15,[4 7],9,38,53,29,25
1,<environment.Job instance at 0x7f4ecef6d460>,14,14,[9 2],15,53,67,38,38
1,<environment.Job instance at 0x7f4ecef6de60>,23,3,[9 2],24,67,70,43,51
1,<environment.Job instance at 0x7f4f1a23f320>,24,2,[8 3],25,70,72,45,51
1,<environment.Job instance at 0x7f4ecf113eb0>,25,16,[7 4],26,72,88,46,59
1,<environment.Job instance at 0x7f4ecf113690>,29,18,[7 3],30,88,106,58,79
1,<environment.Job instance at 0x7f4ecf113d20>,33,15,[7 1],34,106,121,72,92
1,<environment.Job instance at 0x7f4f12fbaf50>,47,12,[6 5],48,147,159,99,147
1,<environment.Job instance at 0x7f4f12fba820>,50,18,[5 7],51,159,177,108,148
1,<environment.Job instance at 0x7f4eceb4f410>,2,18,[3 8],3,10,28,7,10
1,<environment.Job instance at 0x7f4ecefb1140>,10,13,[5 6],11,28,41,17,12
1,<environment.Job instance at 0x7f4f19452820>,15,2,[10  4],16,41,43,25,18
1,<environment.Job instance at 0x7f4f12e76e10>,18,3,[9 1],19,43,46,24,19
1,<environment.Job instance at 0x7f4f12e769b0>,21,2,[5 5],22,46,48,24,24
1,<environment.Job instance at 0x7f4f12e764b0>,22,3,[6 3],23,48,51,25,24
1,<environment.Job instance at 0x7f4f12e76690>,24,13,[8 4],25,51,64,26,38
1,<environment.Job instance at 0x7f4f130be2d0>,29,12,[2 8],30,64,76,34,52
1,<environment.Job instance at 0x7f4f130bea00>,32,14,[5 8],33,76,90,43,62
1,<environment.Job instance at 0x7f4ecef936e0>,40,16,[6 1],41,90,106,49,84
1,<environment.Job instance at 0x7f4eceb4f7d0>,1,18,[2 8],2,90,108,88,84
1,<environment.Job instance at 0x7f4f130be190>,36,16,[ 1 10],37,108,124,71,106
1,<environment.Job instance at 0x7f4ecef95f00>,53,2,[5 4],54,124,126,70,106
1,<environment.Job instance at 0x7f4ecef73b40>,57,18,[3 8],58,126,144,68,126
1,<environment.Job instance at 0x7f4ecef73a50>,60,18,[5 4],61,144,162,83,134
1,<environment.Job instance at 0x7f4ecef735f0>,64,13,[2 9],65,162,175,97,147
1,<environment.Job instance at 0x7f33470fb0f0>,0,13,[9 3],1,3,16,2,3
1,<environment.Job instance at 0x7f33470fb0a0>,3,3,[4 8],4,16,19,12,4
1,<environment.Job instance at 0x7f333fcec230>,5,2,[1 5],6,6,8,0,6
1,<environment.Job instance at 0x7f333fcec3c0>,4,14,[1 6],5,19,33,14,6
1,<environment.Job instance at 0x7f333fcec690>,7,1,[5 4],8,19,20,11,8
1,<environment.Job instance at 0x7f333fcec780>,8,13,[5 5],9,33,46,24,22
1,<environment.Job instance at 0x7f333fcecd20>,16,16,[3 5],17,33,49,16,23
1,<environment.Job instance at 0x7f333fcecf00>,19,14,[3 5],20,46,60,26,32
1,<environment.Job instance at 0x7f333fcee190>,22,1,[2 7],23,60,61,37,32
1,<environment.Job instance at 0x7f333fcee640>,26,3,[3 7],27,61,64,34,49
1,<environment.Job instance at 0x7f333fcee780>,27,15,[8 4],28,64,79,36,57
1,<environment.Job instance at 0x7f333fceebe0>,33,14,[5 5],34,79,93,45,66
1,<environment.Job instance at 0x7f333fcee4b0>,24,18,[2 6],25,93,111,68,86
1,<environment.Job instance at 0x7f333fcf13c0>,42,2,[4 6],43,111,113,68,94
1,<environment.Job instance at 0x7f333fcf1460>,43,18,[5 5],44,113,131,69,102
1,<environment.Job instance at 0x7f333fcecb40>,13,18,[ 4 10],14,131,149,117,120
1,<environment.Job instance at 0x7f333fcf1a00>,49,16,[2 5],50,149,165,99,136
1,<environment.Job instance at 0x7f333fcf1d20>,53,17,[5 7],54,165,182,111,153
1,<environment.Job instance at 0x7f333fcf1d20>,3,18,[6 5],4,7,25,3,7
1,<environment.Job instance at 0x7f33472698c0>,13,2,[7 3],14,25,27,11,14
1,<environment.Job instance at 0x7f33472695a0>,14,3,[4 6],15,27,30,12,15
1,<environment.Job instance at 0x7f3347261be0>,15,2,[5 2],16,27,29,11,17
1,<environment.Job instance at 0x7f3347124550>,17,1,[2 9],18,30,31,12,18
1,<environment.Job instance at 0x7f3347124dc0>,19,12,[9 3],20,31,43,11,20
1,<environment.Job instance at 0x7f3347124be0>,23,2,[8 3],24,43,45,19,31
1,<environment.Job instance at 0x7f3347124e10>,24,12,[3 8],25,45,57,20,31
1,<environment.Job instance at 0x7f3347124cd0>,25,1,[6 2],26,45,46,19,31
1,<environment.Job instance at 0x7f3347124190>,26,14,[5 5],27,57,71,30,42
1,<environment.Job instance at 0x7f334726faf0>,32,14,[2 7],33,71,85,38,56
1,<environment.Job instance at 0x7f334726eaf0>,35,14,[10  2],36,85,99,49,71
1,<environment.Job instance at 0x7f334726e230>,40,3,[5 6],41,99,102,58,74
1,<environment.Job instance at 0x7f3347275910>,44,16,[7 2],45,102,118,57,89
1,<environment.Job instance at 0x7f3347275230>,47,3,[1 5],48,102,105,54,89
1,<environment.Job instance at 0x7f33472759b0>,51,18,[2 8],52,105,123,53,105
1,<environment.Job instance at 0x7f334726b140>,54,16,[9 4],55,126,142,71,126
1,<environment.Job instance at 0x7f33471244b0>,21,17,[10  2],22,142,159,120,131
1,<environment.Job instance at 0x7f334726b7d0>,58,15,[7 5],59,159,174,100,145
1,<environment.Job instance at 0x7f3347267f00>,60,13,[7 4],61,174,187,113,159
1,<environment.Job instance at 0x7f333fc16aa0>,67,3,[1 6],68,174,177,106,161
1,<environment.Job instance at 0x7f32fbfa4690>,1,17,[10  3],2,5,22,3,5
1,<environment.Job instance at 0x7f32fbf9e3c0>,9,16,[5 4],10,22,38,12,13
1,<environment.Job instance at 0x7f32fc05ec80>,14,18,[3 6],15,22,40,7,18
1,<environment.Job instance at 0x7f32fbf40a00>,17,16,[9 4],18,40,56,22,28
1,<environment.Job instance at 0x7f32fbff4140>,24,15,[4 6],25,56,71,31,42
1,<environment.Job instance at 0x7f333feddd20>,27,15,[5 3],28,56,71,28,46
1,<environment.Job instance at 0x7f32fbfa3d20>,30,2,[1 7],31,71,73,40,60
1,<environment.Job instance at 0x7f32fc0660f0>,35,13,[5 5],36,73,86,37,63
1,<environment.Job instance at 0x7f32fc066190>,36,3,[2 8],37,86,89,49,64
1,<environment.Job instance at 0x7f32fbff7d20>,38,2,[6 3],39,71,73,32,64
1,<environment.Job instance at 0x7f32fbff7a50>,41,3,[1 6],42,89,92,47,66
1,<environment.Job instance at 0x7f32fbff41e0>,22,12,[3 8],23,92,104,69,75
1,<environment.Job instance at 0x7f32fbff7910>,43,2,[5 5],44,75,77,31,75
1,<environment.Job instance at 0x7f32fbf9ed20>,5,12,[ 4 10],6,104,116,98,88
1,<environment.Job instance at 0x7f32fc006cd0>,45,16,[10  4],46,116,132,70,104
1,<environment.Job instance at 0x7f32fbf4adc0>,56,12,[8 3],57,132,144,75,118
1,<environment.Job instance at 0x7f32fbf4a410>,57,15,[2 9],58,144,159,86,130
1,<environment.Job instance at 0x7f32fbf4a730>,50,18,[9 5],51,159,177,108,150
1,<environment.Job instance at 0x7f333fb830a0>,75,13,[ 1 10],76,177,190,101,162
1,<environment.Job instance at 0x7f32fc33c690>,1,16,[6 5],2,2,18,0,2
1,<environment.Job instance at 0x7f32fbf83500>,0,12,[2 5],1,10,22,9,10
1,<environment.Job instance at 0x7f32fbf83d20>,10,3,[1 7],11,22,25,11,11
1,<environment.Job instance at 0x7f32fbf83050>,9,13,[5 9],10,25,38,15,12
1,<environment.Job instance at 0x7f32fc5f3140>,19,15,[7 1],20,38,53,18,25
1,<environment.Job instance at 0x7f32fc5f3c30>,15,13,[10  4],16,53,66,37,39
1,<environment.Job instance at 0x7f32fc5f30a0>,16,16,[5 5],17,66,82,49,54
1,<environment.Job instance at 0x7f32fbf3d5f0>,28,16,[8 5],29,82,98,53,70
1,<environment.Job instance at 0x7f32fbf3d6e0>,35,18,[7 5],36,98,116,62,87
1,<environment.Job instance at 0x7f32fbf3dd20>,42,18,[5 1],43,116,134,73,107
1,<environment.Job instance at 0x7f32fbf3db40>,45,3,[6 5],46,134,137,88,108
1,<environment.Job instance at 0x7f334726e190>,50,14,[3 6],51,120,134,69,120
1,<environment.Job instance at 0x7f334726e6e0>,53,2,[5 5],54,137,139,83,121
1,<environment.Job instance at 0x7f334726e230>,54,12,[4 6],55,139,151,84,124
1,<environment.Job instance at 0x7f32fbf3d2d0>,32,16,[9 2],33,151,167,118,140
1,<environment.Job instance at 0x7f32fbf3d1e0>,29,18,[7 5],30,167,185,137,157
1,<environment.Job instance at 0x7f33470fabe0>,1,14,[4 6],2,8,22,6,8
1,<environment.Job instance at 0x7f32fc328eb0>,10,3,[2 7],11,22,25,11,12
1,<environment.Job instance at 0x7f32fc3280a0>,9,14,[6 1],10,12,26,2,12
1,<environment.Job instance at 0x7f32fc2fa7d0>,12,14,[3 9],13,25,39,12,13
1,<environment.Job instance at 0x7f32fc2fa9b0>,15,18,[10  3],16,39,57,23,28
1,<environment.Job instance at 0x7f32fc3048c0>,24,18,[4 7],25,57,75,32,46
1,<environment.Job instance at 0x7f32fc3055a0>,26,17,[5 5],27,75,92,48,63
1,<environment.Job instance at 0x7f3346a88c80>,32,17,[1 6],33,92,109,59,92
1,<environment.Job instance at 0x7f32fc3212d0>,33,16,[4 9],34,109,125,75,102
1,<environment.Job instance at 0x7f32fbfa46e0>,1,15,[9 5],2,2,17,0,2
1,<environment.Job instance at 0x7f32fc125cd0>,4,3,[8 2],5,17,20,12,7
1,<environment.Job instance at 0x7f333fb3e6e0>,7,12,[5 4],8,20,32,12,10
1,<environment.Job instance at 0x7f33468c0aa0>,11,17,[3 7],12,32,49,20,21
1,<environment.Job instance at 0x7f33468c0f00>,10,18,[5 8],11,49,67,38,38
1,<environment.Job instance at 0x7f32fc474a50>,20,15,[4 9],21,67,82,46,53
1,<environment.Job instance at 0x7f334726eeb0>,29,15,[5 6],30,82,97,52,69
1,<environment.Job instance at 0x7f333ff2a960>,32,13,[6 5],33,97,110,64,81
1,<environment.Job instance at 0x7f333ff2aa00>,33,16,[ 4 10],34,110,126,76,97
1,<environment.Job instance at 0x7f333ff2ae60>,38,18,[5 8],39,126,144,87,118
1,<environment.Job instance at 0x7f333fb3e8c0>,9,16,[ 4 10],10,144,160,134,132
1,<environment.Job instance at 0x7f32fc26b960>,47,15,[ 1 10],48,160,175,112,148
1,<environment.Job instance at 0x7f33400c8870>,56,13,[3 7],57,175,188,118,160
1,<environment.Job instance at 0x7f333fc46f00>,1,14,[ 5 10],2,5,19,3,5
1,<environment.Job instance at 0x7f32fc1c6370>,8,14,[9 5],9,19,33,10,10
1,<environment.Job instance at 0x7f333fc46370>,4,17,[8 5],5,33,50,28,22
1,<environment.Job instance at 0x7f32fc339870>,18,12,[5 1],19,50,62,31,36
1,<environment.Job instance at 0x7f3346a39960>,24,15,[8 1],25,62,77,37,49
1,<environment.Job instance at 0x7f32fc2538c0>,22,14,[10  1],23,77,91,54,62
1,<environment.Job instance at 0x7f32fc2e5be0>,13,17,[6 4],14,91,108,77,81
1,<environment.Job instance at 0x7f333fd94fa0>,30,18,[5 4],31,108,126,77,99
1,<environment.Job instance at 0x7f33400c88c0>,40,14,[2 6],41,113,127,72,113
1,<environment.Job instance at 0x7f33400c8c80>,43,16,[3 8],44,127,143,83,115
1,<environment.Job instance at 0x7f33400c8fa0>,46,18,[3 6],47,143,161,96,140
1,<environment.Job instance at 0x7f33401b6370>,49,3,[2 9],50,161,164,111,148
1,<environment.Job instance at 0x7f33401b65f0>,50,3,[9 2],51,164,167,113,148
1,<environment.Job instance at 0x7f32fc460b40>,52,3,[10  3],53,167,170,114,149
1,<environment.Job instance at 0x7f3346554eb0>,54,15,[3 5],55,170,185,115,158
1,<environment.Job instance at 0x7f32fc485af0>,0,18,[4 5],1,6,24,5,6
1,<environment.Job instance at 0x7f32fbebf8c0>,6,14,[5 4],7,13,27,6,13
1,<environment.Job instance at 0x7f32fbebc9b0>,19,17,[9 1],20,27,44,7,21
1,<environment.Job instance at 0x7f32fbebcaa0>,23,17,[ 4 10],24,44,61,20,35
1,<environment.Job instance at 0x7f32fbebcbe0>,25,15,[8 3],26,61,76,35,48
1,<environment.Job instance at 0x7f32fbebc7d0>,20,16,[4 8],21,76,92,55,66
1,<environment.Job instance at 0x7f32fbee42d0>,34,15,[4 7],35,92,107,57,78
1,<environment.Job instance at 0x7f3340188960>,1,18,[4 9],2,107,125,105,99
1,<environment.Job instance at 0x7f32fbee4be0>,44,13,[1 9],45,125,138,80,109
1,<environment.Job instance at 0x7f32fbee4e10>,46,18,[7 1],47,127,145,80,127
1,<environment.Job instance at 0x7f32fbee4a00>,41,16,[4 9],42,145,161,103,133
1,<environment.Job instance at 0x7f32fbeb6320>,54,14,[2 7],55,161,175,106,146
1,<environment.Job instance at 0x7f32fbeb6690>,58,16,[5 1],59,146,162,87,146
1,<environment.Job instance at 0x7f32fbeb6a50>,61,14,[3 5],62,175,189,113,160
1,<environment.Job instance at 0x7f32fbeb6820>,63,12,[4 5],64,175,187,111,163
1,<environment.Job instance at 0x7f32fc1f6640>,0,17,[5 9],1,5,22,4,5
1,<environment.Job instance at 0x7f333fb7ceb0>,8,15,[1 8],9,22,37,13,11
1,<environment.Job instance at 0x7f32fbeb6d20>,6,16,[3 8],7,37,53,30,24
1,<environment.Job instance at 0x7f32fc1f6e10>,1,17,[9 4],2,53,70,51,43
1,<environment.Job instance at 0x7f32fc3d6730>,21,14,[4 9],22,70,84,48,59
1,<environment.Job instance at 0x7f333fb25730>,22,16,[6 2],23,84,100,61,71
1,<environment.Job instance at 0x7f334677b780>,24,15,[2 5],25,84,99,59,71
1,<environment.Job instance at 0x7f32fc48edc0>,12,12,[10  2],13,100,112,87,85
1,<environment.Job instance at 0x7f33400b54b0>,34,14,[7 4],35,112,126,77,100
1,<environment.Job instance at 0x7f32fc48e320>,14,18,[ 2 10],15,126,144,111,115
1,<environment.Job instance at 0x7f32fc1bb460>,38,17,[2 7],39,144,161,105,136
1,<environment.Job instance at 0x7f333fb3ae60>,41,2,[1 8],42,161,163,119,145
1,<environment.Job instance at 0x7f32fc5a66e0>,37,16,[3 5],38,163,179,125,151
1,<environment.Job instance at 0x7f333fb3a5a0>,42,18,[5 6],43,179,197,136,169
1,<environment.Job instance at 0x7f333ff4b410>,2,17,[8 1],3,6,23,3,6
1,<environment.Job instance at 0x7f32fc0ec460>,8,14,[1 6],9,9,23,0,9
1,<environment.Job instance at 0x7f32fc1e5410>,12,18,[6 4],13,23,41,10,14
1,<environment.Job instance at 0x7f333fb3a5a0>,5,17,[1 8],6,41,58,35,29
1,<environment.Job instance at 0x7f3346a40e10>,19,15,[8 4],20,58,73,38,44
1,<environment.Job instance at 0x7f32fc118960>,26,1,[6 3],27,73,74,46,50
1,<environment.Job instance at 0x7f334008f870>,28,18,[5 6],29,74,92,45,63
1,<environment.Job instance at 0x7f32fc3a5eb0>,34,2,[7 3],35,92,94,57,71
1,<environment.Job instance at 0x7f33468abd20>,35,16,[5 7],36,94,110,58,83
1,<environment.Job instance at 0x7f33468ab500>,37,16,[3 5],38,110,126,72,98
1,<environment.Job instance at 0x7f33468ab5a0>,42,12,[5 4],43,110,122,67,98
1,<environment.Job instance at 0x7f33468ab0f0>,43,13,[10  3],44,126,139,82,113
1,<environment.Job instance at 0x7f33468a8b90>,50,14,[6 1],51,139,153,88,136
1,<environment.Job instance at 0x7f32fc588fa0>,54,3,[9 3],55,153,156,98,137
1,<environment.Job instance at 0x7f33400869b0>,57,14,[9 3],58,156,170,98,143
1,<environment.Job instance at 0x7f334678ae10>,61,15,[3 9],62,170,185,108,156
1,<environment.Job instance at 0x7f334678ad20>,1,2,[10  5],2,2,4,0,2
1,<environment.Job instance at 0x7f333fb08190>,3,2,[3 6],4,4,6,0,4
1,<environment.Job instance at 0x7f32fc61ca50>,8,14,[7 5],9,9,23,0,9
1,<environment.Job instance at 0x7f32fc61ce10>,11,12,[7 5],12,23,35,11,13
1,<environment.Job instance at 0x7f32fc60d190>,15,2,[ 5 10],16,35,37,19,16
1,<environment.Job instance at 0x7f32fc61c7d0>,6,18,[3 5],7,16,34,9,16
1,<environment.Job instance at 0x7f32fc60d7d0>,20,14,[5 5],21,37,51,16,27
1,<environment.Job instance at 0x7f32fc60dd20>,26,12,[9 1],27,51,63,24,37
1,<environment.Job instance at 0x7f32fc60de10>,27,3,[10  1],28,63,66,35,37
1,<environment.Job instance at 0x7f32fc60de60>,30,12,[3 8],31,66,78,35,49
1,<environment.Job instance at 0x7f32fc606500>,37,16,[2 6],38,78,94,40,65
1,<environment.Job instance at 0x7f32fc606b40>,40,17,[6 4],41,83,100,42,83
1,<environment.Job instance at 0x7f32fc606550>,34,18,[6 3],35,100,118,65,91
1,<environment.Job instance at 0x7f32fc606d20>,43,17,[5 1],44,118,135,74,106
1,<environment.Job instance at 0x7f32fc606eb0>,48,14,[3 8],49,118,132,69,115
1,<environment.Job instance at 0x7f32fc60c4b0>,49,3,[2 9],50,132,135,82,115
1,<environment.Job instance at 0x7f32fc60c5a0>,50,13,[6 5],51,135,148,84,119
1,<environment.Job instance at 0x7f32fc60c6e0>,52,2,[5 1],53,148,150,95,133
1,<environment.Job instance at 0x7f32fc606c80>,42,18,[9 5],43,150,168,107,139
1,<environment.Job instance at 0x7f32fc60caa0>,58,15,[6 1],59,168,183,109,156
1,<environment.Job instance at 0x7f32fc60cf50>,64,12,[ 4 10],65,183,195,118,169
1,<environment.Job instance at 0x7f32fc60cf50>,3,15,[3 5],4,4,19,0,4
1,<environment.Job instance at 0x7f32fc60ce10>,2,13,[1 7],3,19,32,16,8
1,<environment.Job instance at 0x7f32fc4b3320>,7,2,[10  1],8,32,34,24,8
1,<environment.Job instance at 0x7f32fc4b30a0>,0,13,[8 2],1,19,32,18,8
1,<environment.Job instance at 0x7f33468ebaa0>,13,2,[1 9],14,34,36,20,15
1,<environment.Job instance at 0x7f32fc4b3550>,9,13,[3 6],10,36,49,26,20
1,<environment.Job instance at 0x7f33468eb9b0>,21,12,[9 4],22,49,61,27,32
1,<environment.Job instance at 0x7f33468eba00>,20,16,[8 2],21,61,77,40,49
1,<environment.Job instance at 0x7f333ffae370>,36,15,[6 4],37,77,92,40,63
1,<environment.Job instance at 0x7f32fc415cd0>,41,13,[3 5],42,77,90,35,73
1,<environment.Job instance at 0x7f32fc4155a0>,39,16,[ 1 10],40,92,108,52,79
1,<environment.Job instance at 0x7f333fd4b460>,29,15,[10  5],30,108,123,78,94
1,<environment.Job instance at 0x7f32fc21f4b0>,51,12,[4 6],52,123,135,71,106
1,<environment.Job instance at 0x7f32fc21f050>,55,1,[1 5],56,135,136,79,114
1,<environment.Job instance at 0x7f33468eb500>,15,17,[5 8],16,136,153,120,126
1,<environment.Job instance at 0x7f333fe715a0>,63,17,[7 2],64,153,170,89,145
1,<environment.Job instance at 0x7f333fe71eb0>,62,13,[3 6],63,153,166,90,149
1,<environment.Job instance at 0x7f32fc21f6e0>,52,18,[10  3],53,170,188,117,160
1,<environment.Job instance at 0x7f32fc570280>,1,2,[2 7],2,2,4,0,2
1,<environment.Job instance at 0x7f32fc3074b0>,2,13,[2 6],3,4,17,1,3
1,<environment.Job instance at 0x7f3346b36e10>,3,17,[6 4],4,5,22,1,5
1,<environment.Job instance at 0x7f3346b360a0>,5,3,[ 4 10],6,22,25,16,6
1,<environment.Job instance at 0x7f33400a86e0>,7,15,[5 1],8,25,40,17,11
1,<environment.Job instance at 0x7f3346acbaa0>,18,14,[6 4],19,40,54,21,27
1,<environment.Job instance at 0x7f333fa63b40>,23,1,[6 5],24,54,55,30,36
1,<environment.Job instance at 0x7f33400a8cd0>,12,15,[3 8],13,55,70,42,45
1,<environment.Job instance at 0x7f3346acbaf0>,16,14,[ 2 10],17,70,84,53,56
1,<environment.Job instance at 0x7f3346ccd460>,28,13,[5 2],29,56,69,27,56
1,<environment.Job instance at 0x7f32fc319f50>,37,17,[ 5 10],38,84,101,46,78
1,<environment.Job instance at 0x7f32fc319730>,39,16,[5 5],40,101,117,61,97
1,<environment.Job instance at 0x7f32fc3194b0>,41,14,[4 8],42,117,131,75,105
1,<environment.Job instance at 0x7f32fc13e1e0>,50,13,[1 8],51,131,144,80,115
1,<environment.Job instance at 0x7f32fc13e050>,51,13,[8 2],52,131,144,79,115
1,<environment.Job instance at 0x7f32fc13e460>,57,2,[9 2],58,144,146,86,129
1,<environment.Job instance at 0x7f32fc13e410>,58,13,[5 4],59,146,159,87,135
1,<environment.Job instance at 0x7f32fc13edc0>,59,17,[4 6],60,146,163,86,141
1,<environment.Job instance at 0x7f32fc503d20>,2,14,[ 3 10],3,3,17,0,3
1,<environment.Job instance at 0x7f333fbedb40>,6,13,[ 5 10],7,17,30,10,7
1,<environment.Job instance at 0x7f32fbcf7230>,1,14,[9 3],2,30,44,28,16
1,<environment.Job instance at 0x7f32fc6ad780>,12,16,[1 7],13,30,46,17,24
1,<environment.Job instance at 0x7f32fc503d70>,0,12,[8 3],1,44,56,43,28
1,<environment.Job instance at 0x7f32fc4a1870>,34,3,[6 2],35,56,59,21,44
1,<environment.Job instance at 0x7f333fbee640>,17,15,[10  1],18,59,74,41,47
1,<environment.Job instance at 0x7f33465a08c0>,35,14,[8 2],36,74,88,38,59
1,<environment.Job instance at 0x7f33466736e0>,43,13,[3 7],44,88,101,44,72
1,<environment.Job instance at 0x7f32fc197870>,28,14,[5 6],29,101,115,72,90
1,<environment.Job instance at 0x7f33466730a0>,41,16,[4 9],42,115,131,73,104
1,<environment.Job instance at 0x7f333fcaa190>,56,15,[7 3],57,131,146,74,120
1,<environment.Job instance at 0x7f32fc22deb0>,59,15,[ 5 10],60,146,161,86,133
1,<environment.Job instance at 0x7f333fbeee10>,15,18,[2 9],16,161,179,145,153
1,<environment.Job instance at 0x7f32fc22d820>,66,12,[5 9],67,179,191,112,162
1,<environment.Job instance at 0x7f32fc3c4190>,1,16,[1 7],2,2,18,0,2
1,<environment.Job instance at 0x7f334003a5a0>,5,12,[4 8],6,18,30,12,9
1,<environment.Job instance at 0x7f32fc39f320>,11,16,[6 2],12,39,55,27,39
1,<environment.Job instance at 0x7f3346c21be0>,16,17,[9 4],17,55,72,38,53
1,<environment.Job instance at 0x7f32fbf9c280>,19,2,[3 7],20,53,55,33,53
1,<environment.Job instance at 0x7f32fbf9c9b0>,20,13,[ 4 10],21,72,85,51,57
1,<environment.Job instance at 0x7f32fbf9c780>,21,16,[4 7],22,85,101,63,75
1,<environment.Job instance at 0x7f3346913b90>,27,12,[6 5],28,101,113,73,84
1,<environment.Job instance at 0x7f32fbf9cc80>,23,13,[ 4 10],24,113,126,89,99
1,<environment.Job instance at 0x7f334000e230>,31,3,[8 3],32,126,129,94,102
1,<environment.Job instance at 0x7f3346785f00>,40,15,[1 8],41,129,144,88,119
1,<environment.Job instance at 0x7f3346785500>,42,3,[8 3],43,144,147,101,134
1,<environment.Job instance at 0x7f33401a95f0>,44,17,[3 5],45,147,164,102,136
1,<environment.Job instance at 0x7f33401a90f0>,52,13,[9 5],53,164,177,111,152
1,<environment.Job instance at 0x7f33401a9cd0>,53,12,[ 3 10],54,177,189,123,162
1,<environment.Job instance at 0x7f333fc21730>,0,3,[5 6],1,2,5,1,2
1,<environment.Job instance at 0x7f32fbcc78c0>,4,2,[6 2],5,5,7,0,5
1,<environment.Job instance at 0x7f32fbcc7640>,5,15,[2 7],6,6,21,0,6
1,<environment.Job instance at 0x7f32fbcc7eb0>,7,1,[8 4],8,21,22,13,8
1,<environment.Job instance at 0x7f32fbcc7140>,8,2,[4 8],9,22,24,13,9
1,<environment.Job instance at 0x7f32fbcc7f50>,9,12,[1 7],10,24,36,14,11
1,<environment.Job instance at 0x7f333fddda50>,21,17,[9 5],22,36,53,14,27
1,<environment.Job instance at 0x7f32fbcc7e60>,13,18,[2 6],14,53,71,39,42
1,<environment.Job instance at 0x7f32fbcdf230>,27,12,[1 7],28,71,83,43,54
1,<environment.Job instance at 0x7f32fbcdfb90>,28,16,[8 1],29,54,70,25,54
1,<environment.Job instance at 0x7f32fbcdf460>,30,12,[3 6],31,83,95,52,67
1,<environment.Job instance at 0x7f32fbcdf4b0>,31,14,[7 4],32,83,97,51,68
1,<environment.Job instance at 0x7f32fbcdf8c0>,35,14,[1 5],36,95,109,59,84
1,<environment.Job instance at 0x7f32fbcdf820>,37,12,[6 5],38,97,109,59,87
1,<environment.Job instance at 0x7f333fddd370>,19,15,[10  3],20,109,124,89,95
1,<environment.Job instance at 0x7f32fbcdfa50>,40,13,[2 9],41,142,155,101,142
1,<environment.Job instance at 0x7f32fbf14a50>,51,2,[2 8],52,155,157,103,142
1,<environment.Job instance at 0x7f32fbf14a00>,50,15,[7 4],51,159,174,108,159
1,<environment.Job instance at 0x7f32fbf14c30>,55,16,[6 3],56,174,190,118,161
1,<environment.Job instance at 0x7f32fbf14f50>,2,1,[2 7],3,3,4,0,3
1,<environment.Job instance at 0x7f33400d4cd0>,3,1,[4 8],4,4,5,0,4
1,<environment.Job instance at 0x7f333fe250a0>,5,3,[7 4],6,6,9,0,6
1,<environment.Job instance at 0x7f32fc2fe960>,0,16,[5 1],1,9,25,8,7
1,<environment.Job instance at 0x7f333fe25e60>,6,19,[4 6],7,13,32,6,13
1,<environment.Job instance at 0x7f333fe26820>,14,3,[7 2],15,32,35,17,15
1,<environment.Job instance at 0x7f333fe25aa0>,15,3,[1 8],16,32,35,16,16
1,<environment.Job instance at 0x7f333fe26d20>,18,12,[9 5],19,35,47,16,19
1,<environment.Job instance at 0x7f333fe431e0>,22,3,[5 5],23,47,50,24,26
1,<environment.Job instance at 0x7f333fe266e0>,19,12,[ 5 10],20,50,62,30,33
1,<environment.Job instance at 0x7f333fe26be0>,20,18,[9 1],21,62,80,41,55
1,<environment.Job instance at 0x7f33465ccc80>,35,13,[6 4],36,80,93,44,64
1,<environment.Job instance at 0x7f32fbfb5dc0>,39,15,[8 3],40,93,108,53,79
1,<environment.Job instance at 0x7f32fbfb9870>,47,18,[7 1],48,108,126,60,104
1,<environment.Job instance at 0x7f32fbfb98c0>,45,18,[5 9],46,126,144,80,121
1,<environment.Job instance at 0x7f32fc4ca5a0>,36,16,[4 8],37,144,160,107,135
1,<environment.Job instance at 0x7f334004f460>,58,14,[6 1],59,151,165,92,151
1,<environment.Job instance at 0x7f333fe43960>,25,17,[10  2],26,165,182,139,153
1,<environment.Job instance at 0x7f3340051aa0>,65,12,[6 2],66,182,194,116,165
1,<environment.Job instance at 0x7f33400511e0>,67,14,[1 5],68,182,196,114,167
1,<environment.Job instance at 0x7f32fbd511e0>,1,14,[5 4],2,2,16,0,2
1,<environment.Job instance at 0x7f32fc103c80>,2,12,[1 5],3,3,15,0,3
1,<environment.Job instance at 0x7f333fc7d460>,4,14,[9 2],5,16,30,11,11
1,<environment.Job instance at 0x7f333fbf1c30>,15,16,[7 4],16,30,46,14,19
1,<environment.Job instance at 0x7f32fbdeb4b0>,18,3,[7 4],19,46,49,27,34
1,<environment.Job instance at 0x7f32fc2fb3c0>,20,14,[5 3],21,49,63,28,35
1,<environment.Job instance at 0x7f33466ef0f0>,24,13,[5 9],25,63,76,38,49
1,<environment.Job instance at 0x7f333fdaf2d0>,30,13,[5 2],31,76,89,45,76
1,<environment.Job instance at 0x7f333fdbf370>,0,17,[9 5],1,89,106,88,80
1,<environment.Job instance at 0x7f32fbd2f780>,37,12,[6 5],38,106,118,68,101
1,<environment.Job instance at 0x7f32fbd2f140>,38,1,[ 1 10],39,118,119,79,101
1,<environment.Job instance at 0x7f32fbd2f1e0>,40,18,[5 7],41,119,137,78,108
1,<environment.Job instance at 0x7f334726f9b0>,11,16,[9 2],12,137,153,125,125
1,<environment.Job instance at 0x7f334671efa0>,49,17,[2 7],50,153,170,103,141
1,<environment.Job instance at 0x7f32fc120e10>,53,14,[7 3],54,153,167,99,143
1,<environment.Job instance at 0x7f32fc5e0b40>,57,13,[6 5],58,170,183,112,155
1,<environment.Job instance at 0x7f32fc5e0eb0>,59,14,[2 5],60,170,184,110,162
1,<environment.Job instance at 0x7f32fc21f910>,1,2,[5 5],2,2,4,0,2
1,<environment.Job instance at 0x7f32fbf9ca50>,2,3,[6 3],3,4,7,1,3
1,<environment.Job instance at 0x7f333fdfd820>,3,3,[10  2],4,7,10,3,4
1,<environment.Job instance at 0x7f333fdfd5a0>,4,13,[8 4],5,10,23,5,6
1,<environment.Job instance at 0x7f333fdfd730>,8,17,[ 2 10],9,32,49,23,32
1,<environment.Job instance at 0x7f32fbf9c230>,0,18,[ 4 10],1,49,67,48,42
1,<environment.Job instance at 0x7f334681dcd0>,22,17,[5 8],23,67,84,44,56
1,<environment.Job instance at 0x7f32fbcc1f50>,26,15,[6 2],27,84,99,57,72
1,<environment.Job instance at 0x7f32fc2fc500>,40,18,[5 4],41,135,153,94,135
1,<environment.Job instance at 0x7f32fc2fc460>,44,13,[2 9],45,153,166,108,140
1,<environment.Job instance at 0x7f32fc5b45f0>,2,17,[2 8],3,8,25,5,8
1,<environment.Job instance at 0x7f32fc5b4730>,6,17,[5 4],7,25,42,18,20
1,<environment.Job instance at 0x7f32fc5b4f00>,8,17,[5 1],9,24,41,15,24
1,<environment.Job instance at 0x7f32fc5edaa0>,18,3,[2 7],19,42,45,23,24
1,<environment.Job instance at 0x7f32fbf99d20>,3,16,[7 5],4,45,61,41,32
1,<environment.Job instance at 0x7f32fc5b4870>,7,16,[ 2 10],8,61,77,53,54
1,<environment.Job instance at 0x7f32fc5ed7d0>,23,12,[10  4],24,77,89,53,61
1,<environment.Job instance at 0x7f32fc5c2e60>,26,14,[3 5],27,89,103,62,75
1,<environment.Job instance at 0x7f32fc5edcd0>,20,18,[5 8],21,103,121,82,92
1,<environment.Job instance at 0x7f32fc5d0780>,43,3,[10  5],44,121,124,77,99
1,<environment.Job instance at 0x7f32fc5d09b0>,44,1,[ 4 10],45,124,125,79,99
1,<environment.Job instance at 0x7f32fc5d0b90>,45,3,[5 6],46,125,128,79,99
1,<environment.Job instance at 0x7f32fc5d0f50>,41,17,[9 3],42,128,145,86,119
1,<environment.Job instance at 0x7f32fc5d0230>,34,18,[10  3],35,145,163,110,134
1,<environment.Job instance at 0x7f33466895f0>,60,16,[6 5],61,163,179,102,150
1,<environment.Job instance at 0x7f33466896e0>,63,16,[3 5],64,163,179,99,155
1,<environment.Job instance at 0x7f32fc5d06e0>,40,15,[ 4 10],41,179,194,138,165
1,<environment.Job instance at 0x7fec0d8f0140>,0,13,[9 3],1,4,17,3,4
1,<environment.Job instance at 0x7fec064e0230>,3,3,[4 8],4,17,20,13,5
1,<environment.Job instance at 0x7fec064e0190>,4,14,[1 6],5,20,34,15,5
1,<environment.Job instance at 0x7fec0d8f0190>,5,2,[1 5],6,6,8,0,6
1,<environment.Job instance at 0x7fec064e03c0>,7,1,[5 4],8,20,21,12,8
1,<environment.Job instance at 0x7fec064e0870>,10,12,[3 7],11,34,46,23,23
1,<environment.Job instance at 0x7fec064e0eb0>,18,3,[4 7],19,46,49,27,30
1,<environment.Job instance at 0x7fec064e0f50>,19,14,[3 5],20,49,63,29,38
1,<environment.Job instance at 0x7fec064e1500>,25,12,[ 5 10],26,63,75,37,49
1,<environment.Job instance at 0x7fec064e16e0>,29,12,[5 4],30,75,87,45,61
1,<environment.Job instance at 0x7fec064e1960>,30,14,[5 2],31,75,89,44,63
1,<environment.Job instance at 0x7fec064e1b90>,32,3,[5 1],33,87,90,54,64
1,<environment.Job instance at 0x7fec064e1af0>,31,14,[2 5],32,89,103,57,75
1,<environment.Job instance at 0x7fec064e1c30>,33,14,[5 5],34,90,104,56,76
1,<environment.Job instance at 0x7fec064e1c80>,35,15,[9 5],36,104,119,68,90
1,<environment.Job instance at 0x7fec064e75a0>,45,13,[6 5],46,119,132,73,103
1,<environment.Job instance at 0x7fec064e7780>,48,15,[10  1],49,132,147,83,118
1,<environment.Job instance at 0x7fec064e7be0>,51,3,[1 5],52,147,150,95,133
1,<environment.Job instance at 0x7fec064e7d20>,53,17,[5 7],54,150,167,96,138
1,<environment.Job instance at 0x7fec064e7cd0>,4,3,[4 6],5,5,8,0,5
1,<environment.Job instance at 0x7febc28da3c0>,5,2,[5 2],6,6,8,0,6
1,<environment.Job instance at 0x7febc28d1af0>,6,1,[5 9],7,8,9,1,8
1,<environment.Job instance at 0x7fec064fd460>,1,13,[8 5],2,10,23,8,10
1,<environment.Job instance at 0x7febc28d1410>,9,12,[9 3],10,23,35,13,12
1,<environment.Job instance at 0x7fec064fd320>,2,14,[2 9],3,35,49,32,21
1,<environment.Job instance at 0x7febc28dbcd0>,22,14,[2 7],23,49,63,26,34
1,<environment.Job instance at 0x7febc28db1e0>,21,14,[1 6],22,63,77,41,49
1,<environment.Job instance at 0x7febc28dcaf0>,34,16,[7 2],35,53,69,18,53
1,<environment.Job instance at 0x7febc28dce10>,36,12,[ 3 10],37,77,89,40,60
1,<environment.Job instance at 0x7febc28db780>,25,14,[10  2],26,89,103,63,75
1,<environment.Job instance at 0x7febc2a0ea50>,46,14,[10  1],47,103,117,56,91
1,<environment.Job instance at 0x7febc28f3870>,48,15,[7 5],49,117,132,68,104
1,<environment.Job instance at 0x7febc2b99690>,50,13,[7 4],51,132,145,81,116
1,<environment.Job instance at 0x7febc29b0370>,64,16,[7 5],65,151,167,86,151
1,<environment.Job instance at 0x7febc29b0780>,66,16,[7 4],67,167,183,100,155
1,<environment.Job instance at 0x7febc2803460>,10,2,[1 7],11,24,26,13,24
1,<environment.Job instance at 0x7febc2803fa0>,11,1,[ 4 10],12,26,27,14,24
1,<environment.Job instance at 0x7febc2803190>,7,15,[5 3],8,27,42,19,24
1,<environment.Job instance at 0x7fec0d918640>,15,13,[5 5],16,27,40,11,25
1,<environment.Job instance at 0x7febc28030f0>,4,15,[4 6],5,40,55,35,30
1,<environment.Job instance at 0x7fec062b37d0>,26,3,[6 3],27,42,45,15,39
1,<environment.Job instance at 0x7febc29bca50>,2,12,[3 8],3,55,67,52,39
1,<environment.Job instance at 0x7fec0672a690>,28,14,[7 5],29,67,81,38,53
1,<environment.Job instance at 0x7febc2821b40>,34,17,[7 2],35,81,98,46,69
1,<environment.Job instance at 0x7febc2bd9d70>,40,2,[10  2],41,98,100,57,83
1,<environment.Job instance at 0x7fec062b3820>,25,16,[10  4],26,100,116,74,87
1,<environment.Job instance at 0x7febc2821780>,41,17,[2 6],42,116,133,74,106
1,<environment.Job instance at 0x7febc2778c80>,48,14,[ 2 10],49,133,147,84,120
1,<environment.Job instance at 0x7febc27b95a0>,56,3,[8 1],57,147,150,90,136
1,<environment.Job instance at 0x7febc27b9e60>,55,13,[ 1 10],56,150,163,94,136
1,<environment.Job instance at 0x7febc27b9460>,58,14,[4 6],59,163,177,104,148
1,<environment.Job instance at 0x7fec0625c690>,63,13,[4 9],64,177,190,113,170
1,<environment.Job instance at 0x7fec062ba190>,59,15,[10  2],60,190,205,130,178
1,<environment.Job instance at 0x7fec06951730>,5,18,[7 5],6,7,25,1,7
1,<environment.Job instance at 0x7fec069518c0>,3,15,[6 3],4,25,40,21,12
1,<environment.Job instance at 0x7fec08b9b410>,16,3,[8 2],17,40,43,23,30
1,<environment.Job instance at 0x7febc2db7d70>,22,15,[1 6],23,41,56,18,41
1,<environment.Job instance at 0x7fec065c5eb0>,25,17,[7 1],26,47,64,21,47
1,<environment.Job instance at 0x7febc2db72d0>,19,15,[ 1 10],20,64,79,44,50
1,<environment.Job instance at 0x7fec068217d0>,30,15,[1 6],31,79,94,48,65
1,<environment.Job instance at 0x7fec06821140>,32,18,[5 5],33,94,112,61,83
1,<environment.Job instance at 0x7fec06821280>,35,15,[7 4],36,112,127,76,98
1,<environment.Job instance at 0x7fec06821f50>,39,17,[7 2],40,127,144,87,115
1,<environment.Job instance at 0x7fec06821b90>,42,18,[5 1],43,144,162,101,133
1,<environment.Job instance at 0x7fec065c5fa0>,24,12,[4 6],25,165,177,140,165
1,<environment.Job instance at 0x7fec068e8910>,51,1,[10  2],52,177,178,125,167
1,<environment.Job instance at 0x7fec062c56e0>,9,15,[5 2],10,30,45,20,30
1,<environment.Job instance at 0x7fec068e8820>,2,3,[9 1],3,45,48,42,30
1,<environment.Job instance at 0x7fec062c5eb0>,13,3,[5 8],14,30,33,16,30
1,<environment.Job instance at 0x7fec062c5640>,17,14,[4 7],18,48,62,30,34
1,<environment.Job instance at 0x7fec062c5190>,7,16,[ 5 10],8,62,78,54,58
1,<environment.Job instance at 0x7fec062d10f0>,23,18,[ 1 10],24,78,96,54,67
1,<environment.Job instance at 0x7fec06374910>,21,16,[ 2 10],22,96,112,74,85
1,<environment.Job instance at 0x7febc2e902d0>,33,15,[7 2],34,112,127,78,98
1,<environment.Job instance at 0x7febc2bb8c30>,38,14,[1 7],39,112,126,73,100
1,<environment.Job instance at 0x7fec068d45f0>,42,1,[2 7],43,126,127,83,111
1,<environment.Job instance at 0x7fec0646dcd0>,43,15,[10  4],44,127,142,83,122
1,<environment.Job instance at 0x7fec06456230>,48,14,[8 3],49,142,156,93,127
1,<environment.Job instance at 0x7fec06456c80>,51,13,[5 8],52,156,169,104,140
1,<environment.Job instance at 0x7fec062ff960>,52,18,[9 4],53,169,187,116,159
1,<environment.Job instance at 0x7febc2e955f0>,56,12,[6 3],57,187,199,130,170
1,<environment.Job instance at 0x7febc2cee500>,3,14,[5 5],4,12,26,8,12
1,<environment.Job instance at 0x7febc2ceef00>,9,3,[10  2],10,26,29,16,13
1,<environment.Job instance at 0x7febc2ceeaf0>,8,16,[1 6],9,29,45,20,16
1,<environment.Job instance at 0x7febc2cee640>,7,16,[5 8],8,45,61,37,32
1,<environment.Job instance at 0x7fec063f9be0>,16,12,[9 4],17,61,73,44,44
1,<environment.Job instance at 0x7fec0d4e8fa0>,20,16,[9 2],21,73,89,52,60
1,<environment.Job instance at 0x7febc29c4f00>,25,12,[5 9],26,89,101,63,72
1,<environment.Job instance at 0x7febc29c4a00>,29,17,[9 2],30,101,118,71,92
1,<environment.Job instance at 0x7febc2ceea00>,1,18,[3 7],2,118,136,116,109
1,<environment.Job instance at 0x7febc2982050>,44,17,[8 3],45,171,188,126,171
1,<environment.Job instance at 0x7fec08f26730>,1,16,[6 5],2,3,19,1,3
1,<environment.Job instance at 0x7febc29b4690>,7,18,[9 4],8,19,37,11,9
1,<environment.Job instance at 0x7fec08ff6f00>,6,12,[ 1 10],7,37,49,30,23
1,<environment.Job instance at 0x7fec0637b050>,11,13,[5 2],12,49,62,37,37
1,<environment.Job instance at 0x7fec08a6b8c0>,24,17,[3 7],25,49,66,24,40
1,<environment.Job instance at 0x7febc2919190>,18,14,[7 2],19,62,76,43,47
1,<environment.Job instance at 0x7febc2c56410>,34,16,[7 5],35,76,92,41,64
1,<environment.Job instance at 0x7fec06407320>,30,18,[5 5],31,92,110,61,81
1,<environment.Job instance at 0x7fec08a2efa0>,46,12,[3 5],47,96,108,49,96
1,<environment.Job instance at 0x7fec06295b40>,29,18,[2 9],30,110,128,80,99
1,<environment.Job instance at 0x7fec06250af0>,55,14,[6 3],56,128,142,72,113
1,<environment.Job instance at 0x7fec0907e460>,61,14,[1 5],62,128,142,66,116
1,<environment.Job instance at 0x7fec06385280>,65,12,[8 3],66,142,154,76,128
1,<environment.Job instance at 0x7fec090d0a50>,68,14,[9 5],69,154,168,85,140
1,<environment.Job instance at 0x7fec066d8e10>,71,15,[7 3],72,168,183,96,155
1,<environment.Job instance at 0x7fec066d8b90>,72,17,[1 5],73,155,172,82,155
1,<environment.Job instance at 0x7febc2a1bfa0>,75,1,[ 1 10],76,183,184,107,163
1,<environment.Job instance at 0x7febc2abf910>,1,2,[4 9],2,3,5,1,3
1,<environment.Job instance at 0x7fec067bffa0>,2,16,[1 9],3,10,26,7,10
1,<environment.Job instance at 0x7febc26b0c30>,7,13,[7 1],8,13,26,5,13
1,<environment.Job instance at 0x7febc26b0f00>,12,12,[1 7],13,26,38,13,13
1,<environment.Job instance at 0x7febc26b09b0>,6,16,[2 7],7,38,54,31,26
1,<environment.Job instance at 0x7febc26c58c0>,20,14,[3 5],21,54,68,33,39
1,<environment.Job instance at 0x7febc26c5e10>,26,12,[5 6],27,68,80,41,51
1,<environment.Job instance at 0x7febc26c5d70>,28,12,[6 1],29,51,63,22,51
1,<environment.Job instance at 0x7febc26bf0f0>,32,16,[5 3],33,63,79,30,61
1,<environment.Job instance at 0x7febc26c5140>,14,17,[10  5],15,80,97,65,69
1,<environment.Job instance at 0x7febc26bf410>,37,14,[ 5 10],38,97,111,59,83
1,<environment.Job instance at 0x7febc26bf960>,44,16,[7 3],45,111,127,66,99
1,<environment.Job instance at 0x7febc26bf7d0>,39,16,[6 2],40,127,143,87,114
1,<environment.Job instance at 0x7febc26bf190>,33,16,[9 5],34,143,159,109,132
1,<environment.Job instance at 0x7febc26b6a50>,58,1,[5 1],59,159,160,100,134
1,<environment.Job instance at 0x7febc26b6a00>,59,2,[7 4],60,160,162,100,134
1,<environment.Job instance at 0x7febc26b67d0>,55,18,[10  4],56,162,180,106,151
1,<environment.Job instance at 0x7febc26c5be0>,25,17,[ 5 10],26,180,197,154,169
1,<environment.Job instance at 0x7febc26be5f0>,3,12,[5 8],4,4,16,0,4
1,<environment.Job instance at 0x7febc287be10>,5,3,[10  1],6,16,19,10,9
1,<environment.Job instance at 0x7fec08ce9c30>,11,12,[4 5],12,19,31,7,12
1,<environment.Job instance at 0x7fec062fc3c0>,15,3,[4 8],16,31,34,15,18
1,<environment.Job instance at 0x7fec06847730>,17,12,[6 2],18,19,31,1,18
1,<environment.Job instance at 0x7fec06367730>,24,12,[3 9],25,34,46,9,34
1,<environment.Job instance at 0x7fec064061e0>,25,15,[5 1],26,34,49,8,34
1,<environment.Job instance at 0x7fec08b90dc0>,28,3,[2 5],29,46,49,17,34
1,<environment.Job instance at 0x7fec0d5f18c0>,33,15,[8 4],34,49,64,15,35
1,<environment.Job instance at 0x7fec08cefe60>,38,12,[1 6],39,49,61,10,48
1,<environment.Job instance at 0x7febc2c214b0>,40,16,[6 2],41,64,80,23,52
1,<environment.Job instance at 0x7febc2a4f6e0>,16,16,[ 5 10],17,80,96,63,70
1,<environment.Job instance at 0x7fec063d67d0>,50,13,[10  1],51,96,109,45,85
1,<environment.Job instance at 0x7fec063d6780>,51,16,[5 7],52,109,125,57,104
1,<environment.Job instance at 0x7fec063d6d70>,57,18,[4 7],58,125,143,67,118
1,<environment.Job instance at 0x7fec063d6b90>,59,2,[5 9],60,143,145,83,119
1,<environment.Job instance at 0x7fec08facb90>,63,18,[10  5],64,145,163,81,134
1,<environment.Job instance at 0x7fec08fac460>,66,16,[5 2],67,163,179,96,155
1,<environment.Job instance at 0x7fec08faca00>,69,14,[3 5],70,163,177,93,155
1,<environment.Job instance at 0x7fec0671b5a0>,72,15,[ 3 10],73,179,194,106,171
1,<environment.Job instance at 0x7febc2a26460>,2,2,[2 8],3,6,8,3,6
1,<environment.Job instance at 0x7fec0637b690>,12,3,[9 3],13,13,16,0,13
1,<environment.Job instance at 0x7fec0637be10>,10,3,[8 4],11,16,19,5,15
1,<environment.Job instance at 0x7fec0637bcd0>,9,12,[9 3],10,19,31,9,16
1,<environment.Job instance at 0x7fec067d7370>,17,1,[5 1],18,31,32,13,19
1,<environment.Job instance at 0x7fec062c65f0>,16,2,[3 5],17,31,33,14,19
1,<environment.Job instance at 0x7fec06367410>,21,16,[8 1],22,33,49,11,22
1,<environment.Job instance at 0x7febc29b4d20>,8,16,[1 8],9,33,49,24,23
1,<environment.Job instance at 0x7febc2aa3050>,3,18,[4 9],4,49,67,45,44
1,<environment.Job instance at 0x7fec06692e10>,33,13,[5 1],34,57,70,23,57
1,<environment.Job instance at 0x7fec06692230>,34,16,[6 3],35,70,86,35,57
1,<environment.Job instance at 0x7febc2972b40>,38,16,[10  3],39,86,102,47,74
1,<environment.Job instance at 0x7febc2972190>,39,15,[9 3],40,102,117,62,89
1,<environment.Job instance at 0x7febc2972a50>,45,1,[9 4],46,117,118,71,94
1,<environment.Job instance at 0x7fec067a8460>,46,3,[ 4 10],47,118,121,71,94
1,<environment.Job instance at 0x7fec06975d20>,51,12,[1 7],52,121,133,69,107
1,<environment.Job instance at 0x7fec064ed690>,61,16,[ 2 10],62,148,164,86,148
1,<environment.Job instance at 0x7fec064ed820>,63,15,[10  1],64,164,179,100,155
1,<environment.Job instance at 0x7fec0698cdc0>,9,18,[5 5],10,21,39,11,21
1,<environment.Job instance at 0x7fec06977370>,16,17,[3 7],17,39,56,22,27
1,<environment.Job instance at 0x7fec06977e60>,25,18,[5 3],26,28,46,2,28
1,<environment.Job instance at 0x7fec06954230>,27,15,[5 1],28,46,61,18,35
1,<environment.Job instance at 0x7fec06954410>,30,12,[ 4 10],31,61,73,30,46
1,<environment.Job instance at 0x7fec06954550>,32,16,[9 2],33,73,89,40,60
1,<environment.Job instance at 0x7fec06954d70>,42,3,[5 9],43,98,101,55,98
1,<environment.Job instance at 0x7fec06954d20>,43,13,[10  1],44,101,114,57,98
1,<environment.Job instance at 0x7fec0696a2d0>,49,15,[3 6],50,127,142,77,127
1,<environment.Job instance at 0x7fec0696a910>,58,14,[9 3],59,142,156,83,136
1,<environment.Job instance at 0x7fec0696ae10>,64,16,[5 8],65,156,172,91,144
1,<environment.Job instance at 0x7fec0696ae60>,67,12,[10  4],68,172,184,104,155
1,<environment.Job instance at 0x7fec06977a50>,21,17,[ 4 10],22,184,201,162,178
1,<environment.Job instance at 0x7fec069662d0>,71,2,[5 2],72,201,203,129,178
1,<environment.Job instance at 0x7fec08c9f6e0>,1,2,[5 3],2,2,4,0,2
1,<environment.Job instance at 0x7fec08c9fc80>,3,12,[9 4],4,5,17,1,5
1,<environment.Job instance at 0x7febc2978fa0>,5,3,[2 6],6,17,20,11,6
1,<environment.Job instance at 0x7febc2978eb0>,6,15,[5 2],7,17,32,10,7
1,<environment.Job instance at 0x7febc2db61e0>,7,3,[6 3],8,32,35,24,8
1,<environment.Job instance at 0x7febc2ba0050>,13,14,[4 9],14,35,49,21,22
1,<environment.Job instance at 0x7febc2ba05f0>,12,17,[3 8],13,49,66,36,38
1,<environment.Job instance at 0x7febc2a38c30>,24,14,[3 7],25,66,80,41,54
1,<environment.Job instance at 0x7febc2a386e0>,27,12,[3 7],28,80,92,52,63
1,<environment.Job instance at 0x7febc2a38910>,28,16,[7 1],29,63,79,34,63
1,<environment.Job instance at 0x7fec06832dc0>,30,17,[3 8],31,92,109,61,81
1,<environment.Job instance at 0x7febc2a38280>,26,18,[10  1],27,109,127,82,98
1,<environment.Job instance at 0x7fec068325a0>,35,12,[5 5],36,127,139,91,112
1,<environment.Job instance at 0x7fec068323c0>,33,17,[7 3],34,139,156,105,127
1,<environment.Job instance at 0x7fec06832780>,37,18,[3 9],38,156,174,118,145
1,<environment.Job instance at 0x7fec08c9f8c0>,0,16,[10  3],1,174,190,173,173
1,<environment.Job instance at 0x7fec0647b910>,2,3,[9 2],3,3,6,0,3
1,<environment.Job instance at 0x7febc27acf00>,8,12,[7 2],9,9,21,0,9
1,<environment.Job instance at 0x7fec0647b320>,1,16,[1 7],2,14,30,12,14
1,<environment.Job instance at 0x7febc2c56a00>,14,14,[ 3 10],15,30,44,15,16
1,<environment.Job instance at 0x7febc27ac820>,6,12,[3 9],7,44,56,37,33
1,<environment.Job instance at 0x7febc2c56be0>,21,3,[10  1],22,56,59,34,39
1,<environment.Job instance at 0x7fec08efd410>,23,17,[6 1],24,59,76,35,47
1,<environment.Job instance at 0x7fec08efd5a0>,24,12,[4 5],25,59,71,34,48
1,<environment.Job instance at 0x7febc2c56cd0>,17,18,[1 8],18,71,89,53,60
1,<environment.Job instance at 0x7fec08efd730>,33,13,[3 7],34,90,103,56,90
1,<environment.Job instance at 0x7febc2a1be60>,39,13,[10  2],40,103,116,63,90
1,<environment.Job instance at 0x7fec0902f500>,41,12,[8 5],42,116,128,74,99
1,<environment.Job instance at 0x7febc2a1b640>,34,15,[7 4],35,128,143,93,115
1,<environment.Job instance at 0x7fec0902f640>,44,18,[3 5],45,128,146,83,119
1,<environment.Job instance at 0x7febc2a51c80>,49,13,[10  2],50,146,159,96,130
1,<environment.Job instance at 0x7febc2a51f50>,51,14,[9 3],52,159,173,107,144
1,<environment.Job instance at 0x7febc2db6dc0>,56,13,[ 5 10],57,173,186,116,158
1,<environment.Job instance at 0x7fec06519550>,64,18,[2 5],65,186,204,121,175
1,<environment.Job instance at 0x7febc2a6c7d0>,0,1,[7 5],1,1,2,0,1
1,<environment.Job instance at 0x7febc27040a0>,11,13,[4 5],12,13,26,1,13
1,<environment.Job instance at 0x7febc27077d0>,6,14,[4 9],7,26,40,19,15
1,<environment.Job instance at 0x7febc26ee410>,16,16,[10  2],17,40,56,23,27
1,<environment.Job instance at 0x7fec08efecd0>,27,14,[10  2],28,56,70,28,43
1,<environment.Job instance at 0x7fec0699dc30>,31,17,[9 4],32,70,87,38,58
1,<environment.Job instance at 0x7fec069a9460>,36,13,[9 1],37,87,100,50,74
1,<environment.Job instance at 0x7fec069a0be0>,39,13,[2 8],40,100,113,60,84
1,<environment.Job instance at 0x7febc2b57b40>,45,12,[4 8],46,113,125,67,100
1,<environment.Job instance at 0x7febc26ee3c0>,19,17,[10  1],20,125,142,105,117
1,<environment.Job instance at 0x7febc29a61e0>,7,17,[10  4],8,142,159,134,130
1,<environment.Job instance at 0x7febc28ff8c0>,51,16,[6 2],52,159,175,107,147
1,<environment.Job instance at 0x7febc2d156e0>,55,14,[ 2 10],56,175,189,119,164
1,<environment.Job instance at 0x7febc26c2410>,2,2,[10  5],3,4,6,1,4
1,<environment.Job instance at 0x7fec09170fa0>,4,2,[2 7],5,6,8,1,5
1,<environment.Job instance at 0x7fec09170190>,5,3,[6 5],6,8,11,2,6
1,<environment.Job instance at 0x7febc287d690>,9,17,[2 5],10,10,27,0,10
1,<environment.Job instance at 0x7febc287d730>,10,13,[ 2 10],11,27,40,16,11
1,<environment.Job instance at 0x7fec09065cd0>,20,15,[5 5],21,40,55,19,26
1,<environment.Job instance at 0x7fec06797050>,16,18,[3 7],17,55,73,38,46
1,<environment.Job instance at 0x7fec08fd8320>,30,3,[5 6],31,73,76,42,61
1,<environment.Job instance at 0x7fec08c9e4b0>,32,17,[4 8],33,76,93,43,66
1,<environment.Job instance at 0x7fec08c9ef00>,35,15,[2 7],36,93,108,57,84
1,<environment.Job instance at 0x7febc2c197d0>,40,3,[10  5],41,108,111,67,85
1,<environment.Job instance at 0x7fec06415730>,22,14,[4 6],23,111,125,88,97
1,<environment.Job instance at 0x7fec08fd8690>,31,18,[9 3],32,125,143,93,114
1,<environment.Job instance at 0x7febc2c19910>,44,13,[1 6],45,125,138,80,125
1,<environment.Job instance at 0x7fec09170460>,7,13,[ 1 10],8,143,156,135,130
1,<environment.Job instance at 0x7fec067ade10>,51,17,[9 5],52,156,173,104,145
1,<environment.Job instance at 0x7fec08e6c820>,49,15,[10  3],50,173,188,123,159
1,<environment.Job instance at 0x7fec062555f0>,64,15,[5 2],65,188,203,123,174
1,<environment.Job instance at 0x7fec063ebcd0>,3,14,[7 2],4,5,19,1,5
1,<environment.Job instance at 0x7febc2d1f1e0>,8,18,[8 3],9,19,37,10,9
1,<environment.Job instance at 0x7febc2585dc0>,14,12,[7 2],15,37,49,22,23
1,<environment.Job instance at 0x7febc2585f50>,12,18,[3 8],13,37,55,24,32
1,<environment.Job instance at 0x7febc2585730>,20,16,[5 1],21,49,65,28,38
1,<environment.Job instance at 0x7febc2539eb0>,24,1,[5 4],25,55,56,30,38
1,<environment.Job instance at 0x7febc2539e10>,25,3,[7 4],26,65,68,39,39
1,<environment.Job instance at 0x7febc25857d0>,17,13,[ 5 10],18,68,81,50,56
1,<environment.Job instance at 0x7fec08af3b40>,35,3,[1 8],36,60,63,24,60
1,<environment.Job instance at 0x7febc2539140>,37,16,[6 5],38,81,97,43,68
1,<environment.Job instance at 0x7fec06402dc0>,39,12,[ 5 10],40,97,109,57,83
1,<environment.Job instance at 0x7fec064028c0>,41,12,[7 5],42,109,121,67,96
1,<environment.Job instance at 0x7fec06402fa0>,44,14,[3 5],45,109,123,64,98
1,<environment.Job instance at 0x7fec06a08aa0>,48,14,[5 1],49,121,135,72,110
1,<environment.Job instance at 0x7fec064023c0>,46,16,[ 5 10],47,135,151,88,124
1,<environment.Job instance at 0x7fec06a08320>,55,13,[6 4],56,151,164,95,142
1,<environment.Job instance at 0x7fec06a083c0>,56,16,[4 8],57,164,180,107,159
1,<environment.Job instance at 0x7febc29842d0>,1,1,[8 1],2,3,4,1,3
1,<environment.Job instance at 0x7fec0697b6e0>,9,13,[3 7],10,11,24,1,11
1,<environment.Job instance at 0x7fec069675a0>,8,15,[4 7],9,24,39,15,13
1,<environment.Job instance at 0x7fec069629b0>,17,15,[3 7],18,39,54,21,34
1,<environment.Job instance at 0x7fec069625a0>,20,14,[6 3],21,37,51,16,37
1,<environment.Job instance at 0x7febc2c1c320>,22,14,[2 8],23,54,68,31,42
1,<environment.Job instance at 0x7febc2c1c280>,25,16,[7 4],26,68,84,42,55
1,<environment.Job instance at 0x7febc2c17640>,30,14,[5 3],31,84,98,53,71
1,<environment.Job instance at 0x7febc2c12780>,33,15,[7 1],34,98,113,64,85
1,<environment.Job instance at 0x7fec08bed690>,35,3,[2 8],36,98,101,62,85
1,<environment.Job instance at 0x7febc2c1c1e0>,21,16,[9 2],22,134,150,112,134
1,<environment.Job instance at 0x7fec08c0f140>,43,13,[9 5],44,150,163,106,137
1,<environment.Job instance at 0x7febc28453c0>,51,14,[1 9],52,163,177,111,148
1,<environment.Job instance at 0x7febc2845b40>,52,14,[5 8],53,177,191,124,162
1,<environment.Job instance at 0x7fec065bdb90>,54,12,[ 2 10],55,191,203,136,175
1,<environment.Job instance at 0x7fec069f52d0>,1,2,[5 5],2,2,4,0,2
1,<environment.Job instance at 0x7febc282b2d0>,2,3,[6 3],3,4,7,1,3
1,<environment.Job instance at 0x7febc2ba17d0>,3,3,[10  2],4,7,10,3,4
1,<environment.Job instance at 0x7febc2ba1af0>,4,13,[8 4],5,10,23,5,6
1,<environment.Job instance at 0x7fec08af86e0>,6,17,[10  3],7,23,40,16,12
1,<environment.Job instance at 0x7fec067e2d20>,26,15,[6 2],27,58,73,31,58
1,<environment.Job instance at 0x7febc25ba320>,22,17,[5 8],23,73,90,50,66
1,<environment.Job instance at 0x7fec0695abe0>,0,18,[ 4 10],1,90,108,89,79
1,<environment.Job instance at 0x7fec062e0910>,36,1,[9 5],37,108,109,71,80
1,<environment.Job instance at 0x7fec062e01e0>,38,3,[8 2],39,109,112,70,91
1,<environment.Job instance at 0x7fec062e0460>,40,18,[5 4],41,112,130,71,102
1,<environment.Job instance at 0x7fec062e0960>,44,13,[2 9],45,130,143,85,118
1,<environment.Job instance at 0x7fec062e00f0>,48,13,[1 5],49,151,164,102,151
1,<environment.Job instance at 0x7fec069eee10>,53,18,[5 4],54,166,184,112,166
1,<environment.Job instance at 0x7fec069ee230>,54,16,[10  1],55,184,200,129,171
1,<environment.Job instance at 0x7fec063dd550>,0,16,[9 1],1,2,18,1,2
1,<environment.Job instance at 0x7fec069ee230>,2,3,[8 5],3,18,21,15,10
1,<environment.Job instance at 0x7fec08acd910>,7,14,[5 1],8,21,35,13,12
1,<environment.Job instance at 0x7fec08acd370>,11,2,[3 5],12,21,23,9,12
1,<environment.Job instance at 0x7febc2500a50>,16,14,[3 5],17,23,37,6,18
1,<environment.Job instance at 0x7febc2500730>,19,16,[7 4],20,35,51,15,22
1,<environment.Job instance at 0x7fec06a02230>,20,1,[5 2],21,51,52,30,29
1,<environment.Job instance at 0x7febc25007d0>,13,12,[10  4],14,52,64,38,36
1,<environment.Job instance at 0x7fec06a02e10>,31,17,[9 3],32,64,81,32,52
1,<environment.Job instance at 0x7fec06a02780>,34,1,[ 4 10],35,81,82,46,54
1,<environment.Job instance at 0x7febc2956280>,39,17,[4 9],40,93,110,53,93
1,<environment.Job instance at 0x7fec06a02dc0>,30,15,[ 4 10],31,110,125,79,98
1,<environment.Job instance at 0x7fec06a02f50>,23,14,[2 9],24,125,139,101,114
1,<environment.Job instance at 0x7fec0679ad20>,56,13,[1 5],57,139,152,82,126
1,<environment.Job instance at 0x7fec0679a370>,58,15,[5 6],59,152,167,93,142
1,<environment.Job instance at 0x7febc26c1c80>,64,14,[5 7],65,167,181,102,152
1,<environment.Job instance at 0x7febc26c1280>,65,14,[9 1],66,181,195,115,166
1,<environment.Job instance at 0x7febc26c15f0>,69,13,[2 5],70,195,208,125,179
1,<environment.Job instance at 0x7febc27556e0>,2,1,[2 8],3,3,4,0,3
1,<environment.Job instance at 0x7fec068fbb40>,3,3,[4 8],4,4,7,0,4
1,<environment.Job instance at 0x7febc27d3b40>,4,14,[7 3],5,7,21,2,5
1,<environment.Job instance at 0x7febc27d34b0>,5,3,[3 6],6,7,10,1,6
1,<environment.Job instance at 0x7febc2aa0e10>,7,14,[7 1],8,21,35,13,9
1,<environment.Job instance at 0x7fec09090230>,13,2,[2 6],14,15,17,1,15
1,<environment.Job instance at 0x7fec08f66d70>,15,12,[4 5],16,35,47,19,19
1,<environment.Job instance at 0x7fec090900a0>,12,18,[7 1],13,47,65,34,38
1,<environment.Job instance at 0x7fec08f66050>,22,1,[5 5],23,65,66,42,59
1,<environment.Job instance at 0x7fec08f66820>,14,13,[ 2 10],15,66,79,51,60
1,<environment.Job instance at 0x7fec08f660a0>,26,18,[7 3],27,79,97,52,68
1,<environment.Job instance at 0x7febc23f15a0>,8,14,[9 1],9,97,111,88,84
1,<environment.Job instance at 0x7febc2d8a9b0>,33,16,[ 2 10],34,111,127,77,99
1,<environment.Job instance at 0x7febc2d8a230>,28,18,[5 7],29,127,145,98,116
1,<environment.Job instance at 0x7fec08eee280>,38,13,[8 3],39,145,158,106,132
1,<environment.Job instance at 0x7fec08eee370>,41,13,[7 1],42,158,171,116,146
1,<environment.Job instance at 0x7fec08ef8b40>,44,13,[6 4],45,171,184,126,155
1,<environment.Job instance at 0x7fec08ef8dc0>,51,17,[4 8],52,184,201,132,178
1,<environment.Job instance at 0x7fc289268230>,3,3,[4 8],4,4,7,0,4
1,<environment.Job instance at 0x7fc289268640>,8,13,[5 5],9,13,26,4,13
1,<environment.Job instance at 0x7fc289268820>,14,13,[7 3],15,26,39,11,22
1,<environment.Job instance at 0x7fc289268d70>,16,16,[3 5],17,25,41,8,25
1,<environment.Job instance at 0x7fc289268f00>,19,14,[3 5],20,39,53,19,25
1,<environment.Job instance at 0x7fc2892686e0>,11,15,[4 8],12,53,68,41,49
1,<environment.Job instance at 0x7fc28926caa0>,27,15,[8 4],28,68,83,40,54
1,<environment.Job instance at 0x7fc28926cdc0>,33,14,[5 5],34,83,97,49,68
1,<environment.Job instance at 0x7fc28926cfa0>,35,15,[9 5],36,97,112,61,83
1,<environment.Job instance at 0x7fc28926d460>,43,18,[5 5],44,112,130,68,101
1,<environment.Job instance at 0x7fc2892688c0>,13,18,[ 4 10],14,130,148,116,119
1,<environment.Job instance at 0x7fc28926d7d0>,49,16,[2 5],50,148,164,98,135
1,<environment.Job instance at 0x7fc245659320>,6,14,[5 5],7,8,22,1,8
1,<environment.Job instance at 0x7fc245662cd0>,12,14,[2 7],13,22,36,9,14
1,<environment.Job instance at 0x7fc245662230>,15,14,[10  2],16,36,50,20,25
1,<environment.Job instance at 0x7fc245662aa0>,10,13,[10  5],11,50,63,39,34
1,<environment.Job instance at 0x7fc245666910>,30,18,[4 5],31,63,81,32,52
1,<environment.Job instance at 0x7fc245666b90>,34,16,[9 4],35,81,97,46,68
1,<environment.Job instance at 0x7fc24565b1e0>,38,15,[7 5],39,97,112,58,84
1,<environment.Job instance at 0x7fc24565beb0>,39,13,[6 3],40,112,125,72,96
1,<environment.Job instance at 0x7fc245675a50>,45,1,[10  1],46,125,126,79,100
1,<environment.Job instance at 0x7fc24567a5a0>,47,3,[1 6],48,112,115,64,109
1,<environment.Job instance at 0x7fc24567afa0>,49,2,[5 8],50,126,128,76,115
1,<environment.Job instance at 0x7fc24567ae60>,51,2,[9 5],52,133,135,81,133
1,<environment.Job instance at 0x7fc2457a8870>,52,2,[9 3],53,135,137,82,133
1,<environment.Job instance at 0x7fc24572fcd0>,56,16,[7 4],57,157,173,100,157
1,<environment.Job instance at 0x7fc24589b550>,60,3,[7 3],61,173,176,112,158
1,<environment.Job instance at 0x7fc2892855f0>,0,18,[10  3],1,176,194,175,165
1,<environment.Job instance at 0x7fc245751190>,66,3,[9 1],67,194,197,127,177
1,<environment.Job instance at 0x7fc2457510a0>,67,17,[5 2],68,197,214,129,185
1,<environment.Job instance at 0x7fc24579b320>,68,18,[4 5],69,197,215,128,186
1,<environment.Job instance at 0x7fc2906a07d0>,1,3,[1 6],2,2,5,0,2
1,<environment.Job instance at 0x7fc2907e8fa0>,8,14,[7 5],9,12,26,3,12
1,<environment.Job instance at 0x7fc2454c1230>,14,17,[7 2],15,26,43,11,15
1,<environment.Job instance at 0x7fc28906a3c0>,19,17,[8 1],20,43,60,23,33
1,<environment.Job instance at 0x7fc28906a6e0>,20,2,[10  2],21,60,62,39,33
1,<environment.Job instance at 0x7fc2454c17d0>,21,17,[2 6],22,33,50,11,33
1,<environment.Job instance at 0x7fc2454c1280>,17,15,[2 9],18,62,77,44,49
1,<environment.Job instance at 0x7fc28903e280>,29,17,[9 1],30,77,94,47,65
1,<environment.Job instance at 0x7fc24550c500>,36,3,[8 1],37,94,97,57,75
1,<environment.Job instance at 0x7fc24550e870>,38,14,[4 6],39,97,111,58,82
1,<environment.Job instance at 0x7fc24550ec30>,41,12,[5 5],42,111,123,69,97
1,<environment.Job instance at 0x7fc24550cc30>,35,13,[ 1 10],36,123,136,87,113
1,<environment.Job instance at 0x7fc24550ebe0>,45,14,[7 4],46,136,150,90,124
1,<environment.Job instance at 0x7fc24559dd20>,51,13,[4 5],52,150,163,98,134
1,<environment.Job instance at 0x7fc24559d9b0>,58,16,[6 3],59,150,166,91,139
1,<environment.Job instance at 0x7fc2894b55f0>,59,14,[5 7],60,166,180,106,153
1,<environment.Job instance at 0x7fc28944e960>,60,18,[4 7],61,180,198,119,171
1,<environment.Job instance at 0x7fc24587f870>,0,15,[1 6],1,6,21,5,6
1,<environment.Job instance at 0x7fc2892d63c0>,7,14,[6 2],8,13,27,5,13
1,<environment.Job instance at 0x7fc2892d6460>,10,12,[8 1],11,29,41,18,29
1,<environment.Job instance at 0x7fc2892d67d0>,15,2,[4 7],16,41,43,25,29
1,<environment.Job instance at 0x7fc2890428c0>,1,14,[10  4],2,55,69,53,55
1,<environment.Job instance at 0x7fc289251a00>,21,1,[10  2],22,69,70,47,55
1,<environment.Job instance at 0x7fc2892515f0>,27,2,[8 4],28,70,72,42,65
1,<environment.Job instance at 0x7fc289251050>,28,1,[6 3],29,72,73,43,65
1,<environment.Job instance at 0x7fc289251140>,29,17,[1 5],30,70,87,40,65
1,<environment.Job instance at 0x7fc24587f690>,2,18,[5 5],3,73,91,70,65
1,<environment.Job instance at 0x7fc28924d870>,36,12,[7 1],37,91,103,54,74
1,<environment.Job instance at 0x7fc28924de60>,40,14,[6 4],41,103,117,62,91
1,<environment.Job instance at 0x7fc28924dcd0>,44,15,[9 1],45,117,132,72,105
1,<environment.Job instance at 0x7fc28924d3c0>,52,13,[1 5],53,115,128,62,115
1,<environment.Job instance at 0x7fc2892cc550>,57,2,[7 2],58,132,134,74,118
1,<environment.Job instance at 0x7fc28924dfa0>,50,15,[9 4],51,134,149,83,122
1,<environment.Job instance at 0x7fc2892cc190>,62,14,[6 5],63,149,163,86,135
1,<environment.Job instance at 0x7fc2892d6b90>,17,12,[ 4 10],18,163,175,145,147
1,<environment.Job instance at 0x7fc289679140>,70,15,[4 5],71,175,190,104,161
1,<environment.Job instance at 0x7fc289679730>,75,16,[4 5],76,178,194,102,178
1,<environment.Job instance at 0x7fc28960ca50>,0,1,[5 4],1,1,2,0,1
1,<environment.Job instance at 0x7fc289679280>,2,1,[2 7],3,3,4,0,3
1,<environment.Job instance at 0x7fc28bd4adc0>,12,18,[9 4],13,13,31,0,13
1,<environment.Job instance at 0x7fc28bd51f00>,11,13,[5 8],12,31,44,19,15
1,<environment.Job instance at 0x7fc28bd35a50>,6,15,[ 5 10],7,44,59,37,37
1,<environment.Job instance at 0x7fc2896a95f0>,18,17,[5 7],19,59,76,40,47
1,<environment.Job instance at 0x7fc28bd4e8c0>,25,16,[4 6],26,76,92,50,65
1,<environment.Job instance at 0x7fc28969f8c0>,29,16,[2 8],30,92,108,62,82
1,<environment.Job instance at 0x7fc28bd4e500>,26,18,[9 4],27,108,126,81,97
1,<environment.Job instance at 0x7fc28906d550>,37,14,[5 5],38,126,140,88,117
1,<environment.Job instance at 0x7fc289666190>,39,12,[5 7],40,140,152,100,126
1,<environment.Job instance at 0x7fc289089910>,44,17,[3 6],45,152,169,107,140
1,<environment.Job instance at 0x7fc245b17550>,47,16,[1 5],48,169,185,121,157
1,<environment.Job instance at 0x7fc2890685f0>,50,13,[9 3],51,169,182,118,163
1,<environment.Job instance at 0x7fc2890681e0>,52,15,[3 8],53,185,200,132,177
1,<environment.Job instance at 0x7fc2890690a0>,54,13,[5 4],55,200,213,145,188
1,<environment.Job instance at 0x7fc2890690a0>,2,1,[6 3],3,3,4,0,3
1,<environment.Job instance at 0x7fc2455a2f50>,3,3,[1 6],4,4,7,0,4
1,<environment.Job instance at 0x7fc2455a2690>,4,1,[5 4],5,5,6,0,5
1,<environment.Job instance at 0x7fc2890ecfa0>,1,16,[5 3],2,8,24,6,8
1,<environment.Job instance at 0x7fc2455a23c0>,13,14,[5 5],14,14,28,0,14
1,<environment.Job instance at 0x7fc2455a2460>,10,18,[9 2],11,28,46,17,22
1,<environment.Job instance at 0x7fc2907e3b90>,24,12,[1 8],25,30,42,5,30
1,<environment.Job instance at 0x7fc245535d70>,26,13,[9 5],27,46,59,19,30
1,<environment.Job instance at 0x7fc245535320>,28,14,[ 4 10],29,59,73,30,46
1,<environment.Job instance at 0x7fc2455353c0>,32,15,[7 3],33,73,88,40,62
1,<environment.Job instance at 0x7fc289776eb0>,37,3,[2 8],38,88,91,50,75
1,<environment.Job instance at 0x7fc289776b90>,39,15,[8 5],40,91,106,51,77
1,<environment.Job instance at 0x7fc289776c30>,42,16,[1 7],43,106,122,63,94
1,<environment.Job instance at 0x7fc2897761e0>,44,15,[6 4],45,122,137,77,108
1,<environment.Job instance at 0x7fc24574d190>,49,2,[3 7],50,137,139,87,110
1,<environment.Job instance at 0x7fc24574d1e0>,50,2,[9 1],51,110,112,59,110
1,<environment.Job instance at 0x7fc24574d500>,51,2,[6 2],52,112,114,60,110
1,<environment.Job instance at 0x7fc24574dc30>,56,16,[4 9],57,139,155,82,126
1,<environment.Job instance at 0x7fc24574d460>,60,12,[5 9],61,155,167,94,141
1,<environment.Job instance at 0x7fc2894d7550>,65,17,[10  3],66,167,184,101,155
1,<environment.Job instance at 0x7fc2894d7140>,67,16,[8 4],68,184,200,116,171
1,<environment.Job instance at 0x7fc2894d7320>,70,17,[8 4],71,200,217,129,189
1,<environment.Job instance at 0x7fc2894d76e0>,2,17,[5 1],3,3,20,0,3
1,<environment.Job instance at 0x7fc2456b5320>,3,3,[2 6],4,4,7,0,4
1,<environment.Job instance at 0x7fc2459b2dc0>,7,17,[5 5],8,9,26,1,9
1,<environment.Job instance at 0x7fc2894d77d0>,1,14,[1 5],2,20,34,18,11
1,<environment.Job instance at 0x7fc289726a00>,5,12,[8 3],6,26,38,20,13
1,<environment.Job instance at 0x7fc2459b2be0>,11,15,[7 3],12,38,53,26,24
1,<environment.Job instance at 0x7fc28ba56a50>,20,18,[5 4],21,69,87,48,69
1,<environment.Job instance at 0x7fc24592e730>,21,14,[8 4],22,87,101,65,72
1,<environment.Job instance at 0x7fc28bb23730>,35,13,[5 5],36,101,114,65,89
1,<environment.Job instance at 0x7fc28b9d96e0>,39,13,[4 8],40,114,127,74,98
1,<environment.Job instance at 0x7fc28b9d9b90>,41,16,[2 5],42,127,143,85,114
1,<environment.Job instance at 0x7fc28b9d9280>,42,15,[2 5],43,127,142,84,114
1,<environment.Job instance at 0x7fc2459aa280>,16,13,[5 9],17,143,156,126,127
1,<environment.Job instance at 0x7fc289253230>,48,2,[7 5],49,156,158,107,130
1,<environment.Job instance at 0x7fc28b9d9140>,40,17,[10  1],41,158,175,117,146
1,<environment.Job instance at 0x7fc245a415a0>,58,12,[1 9],59,175,187,116,158
1,<environment.Job instance at 0x7fc245923d70>,61,2,[7 1],62,175,177,113,159
1,<environment.Job instance at 0x7fc289698d70>,66,1,[6 4],67,187,188,120,177
1,<environment.Job instance at 0x7fc28bd0f550>,67,2,[3 8],68,188,190,120,178
1,<environment.Job instance at 0x7fc245a41320>,55,14,[ 3 10],56,190,204,134,178
1,<environment.Job instance at 0x7fc28bd87eb0>,3,18,[6 3],4,19,37,15,19
1,<environment.Job instance at 0x7fc2893951e0>,9,15,[9 3],10,37,52,27,28
1,<environment.Job instance at 0x7fc289395640>,16,15,[4 7],17,52,67,35,38
1,<environment.Job instance at 0x7fc245a41320>,2,15,[ 2 10],3,67,82,64,58
1,<environment.Job instance at 0x7fc289395eb0>,29,13,[4 5],30,82,95,52,66
1,<environment.Job instance at 0x7fc289372280>,31,17,[9 4],32,95,112,63,83
1,<environment.Job instance at 0x7fc289372820>,36,16,[3 8],37,112,128,75,102
1,<environment.Job instance at 0x7fc289372cd0>,40,13,[7 3],41,128,141,87,114
1,<environment.Job instance at 0x7fc28936a140>,44,18,[ 2 10],45,141,159,96,134
1,<environment.Job instance at 0x7fc28936a050>,47,18,[5 9],48,159,177,111,151
1,<environment.Job instance at 0x7fc28936a6e0>,52,16,[6 2],53,177,193,124,165
1,<environment.Job instance at 0x7fc28936a8c0>,54,15,[2 5],55,177,192,122,165
1,<environment.Job instance at 0x7fc28936ae60>,5,14,[10  1],6,9,23,3,9
1,<environment.Job instance at 0x7fc245b74af0>,11,16,[2 6],12,23,39,11,22
1,<environment.Job instance at 0x7fc245b74f00>,12,17,[8 1],13,23,40,10,23
1,<environment.Job instance at 0x7fc245b74e60>,18,14,[1 6],19,39,53,20,25
1,<environment.Job instance at 0x7fc2892c72d0>,22,18,[6 4],23,40,58,17,35
1,<environment.Job instance at 0x7fc2903dbc30>,23,18,[1 8],24,58,76,34,50
1,<environment.Job instance at 0x7fc28b7f6d20>,27,12,[2 5],28,76,88,48,63
1,<environment.Job instance at 0x7fc245ab6b90>,34,16,[5 3],35,76,92,41,67
1,<environment.Job instance at 0x7fc245ab6870>,35,13,[2 6],36,88,101,52,77
1,<environment.Job instance at 0x7fc245924640>,41,12,[7 4],42,92,104,50,90
1,<environment.Job instance at 0x7fc28919d280>,42,18,[7 3],43,104,122,61,94
1,<environment.Job instance at 0x7fc245717820>,38,18,[5 6],39,122,140,83,111
1,<environment.Job instance at 0x7fc289285b40>,50,17,[8 3],51,140,157,89,129
1,<environment.Job instance at 0x7fc245abb9b0>,53,13,[10  3],54,157,170,103,141
1,<environment.Job instance at 0x7fc28b7e8320>,56,15,[1 5],57,141,156,84,141
1,<environment.Job instance at 0x7fc2456ec0f0>,66,13,[ 1 10],67,170,183,103,155
1,<environment.Job instance at 0x7fc2456ec0a0>,67,14,[9 3],68,183,197,115,168
1,<environment.Job instance at 0x7fc28b840050>,71,15,[3 9],72,197,212,125,183
1,<environment.Job instance at 0x7fc245a59c30>,77,15,[6 1],78,197,212,119,187
1,<environment.Job instance at 0x7fc28bf1ad70>,8,13,[5 9],9,10,23,1,10
1,<environment.Job instance at 0x7fc289317aa0>,16,12,[9 1],17,23,35,6,17
1,<environment.Job instance at 0x7fc289317730>,18,14,[7 3],19,35,49,16,20
1,<environment.Job instance at 0x7fc245bebaf0>,24,18,[6 3],25,49,67,24,38
1,<environment.Job instance at 0x7fc245beb780>,27,16,[2 6],28,53,69,25,53
1,<environment.Job instance at 0x7fc2896404b0>,29,15,[5 3],30,67,82,37,57
1,<environment.Job instance at 0x7fc2896f9550>,33,17,[5 1],34,69,86,35,68
1,<environment.Job instance at 0x7fc2896f9410>,34,1,[9 2],35,86,87,51,68
1,<environment.Job instance at 0x7fc2896f9f00>,35,15,[9 5],36,87,102,51,73
1,<environment.Job instance at 0x7fc2895aff00>,40,13,[6 5],41,102,115,61,88
1,<environment.Job instance at 0x7fc245bafb40>,4,18,[3 8],5,115,133,110,105
1,<environment.Job instance at 0x7fc245b1a0a0>,48,15,[6 1],49,118,133,69,118
1,<environment.Job instance at 0x7fc245b1a4b0>,50,12,[6 1],51,133,145,82,118
1,<environment.Job instance at 0x7fc245b1a230>,55,15,[8 2],56,145,160,89,132
1,<environment.Job instance at 0x7fc24554c820>,6,15,[6 4],7,8,23,1,8
1,<environment.Job instance at 0x7fc24554c910>,10,3,[ 5 10],11,23,26,12,11
1,<environment.Job instance at 0x7fc289205d20>,7,3,[3 5],8,16,19,8,16
1,<environment.Job instance at 0x7fc245abf870>,2,15,[4 9],3,26,41,23,17
1,<environment.Job instance at 0x7fc245550820>,21,12,[4 6],22,41,53,19,27
1,<environment.Job instance at 0x7fc245550550>,19,14,[5 9],20,53,67,33,38
1,<environment.Job instance at 0x7fc245550d70>,28,1,[2 6],29,67,68,38,44
1,<environment.Job instance at 0x7fc245550f00>,29,12,[1 5],30,68,80,38,51
1,<environment.Job instance at 0x7fc245550e60>,33,17,[7 2],34,67,84,33,61
1,<environment.Job instance at 0x7fc245541280>,34,18,[1 8],35,80,98,45,69
1,<environment.Job instance at 0x7fc2455418c0>,39,17,[6 3],40,98,115,58,86
1,<environment.Job instance at 0x7fc245541aa0>,42,18,[1 6],43,98,116,55,93
1,<environment.Job instance at 0x7fc245541af0>,45,16,[7 4],46,115,131,69,104
1,<environment.Job instance at 0x7fc24556d320>,52,17,[6 3],53,131,148,78,119
1,<environment.Job instance at 0x7fc245541b40>,43,17,[10  3],44,148,165,104,142
1,<environment.Job instance at 0x7fc24556dc80>,63,13,[6 5],64,165,178,101,150
1,<environment.Job instance at 0x7fc245551050>,69,17,[7 5],70,178,195,108,166
1,<environment.Job instance at 0x7fc2455513c0>,71,15,[4 9],72,195,210,123,181
1,<environment.Job instance at 0x7fc2895af730>,6,2,[4 9],7,7,9,0,7
1,<environment.Job instance at 0x7fc2895af910>,9,17,[4 6],10,10,27,0,10
1,<environment.Job instance at 0x7fc2894da7d0>,11,15,[5 1],12,14,29,2,14
1,<environment.Job instance at 0x7fc2895afb90>,5,18,[7 4],6,29,47,23,19
1,<environment.Job instance at 0x7fc245b4b3c0>,22,17,[ 1 10],23,47,64,24,35
1,<environment.Job instance at 0x7fc245b4b640>,25,15,[7 1],26,64,79,38,50
1,<environment.Job instance at 0x7fc2458c2a50>,16,15,[10  5],17,79,94,62,67
1,<environment.Job instance at 0x7fc245b4b280>,27,17,[9 4],28,94,111,66,83
1,<environment.Job instance at 0x7fc290570140>,34,14,[7 2],35,111,125,76,100
1,<environment.Job instance at 0x7fc28b96e550>,0,13,[1 8],1,111,124,110,106
1,<environment.Job instance at 0x7fc290570fa0>,30,18,[2 9],31,125,143,94,117
1,<environment.Job instance at 0x7fc2891ddc80>,43,15,[9 4],44,143,158,99,132
1,<environment.Job instance at 0x7fc28bcc2be0>,49,12,[7 5],50,158,170,108,141
1,<environment.Job instance at 0x7fc28bcc23c0>,52,17,[5 8],53,170,187,117,159
1,<environment.Job instance at 0x7fc28bcc2c80>,53,14,[5 7],54,187,201,133,172
1,<environment.Job instance at 0x7fc28906dc80>,1,1,[1 8],2,2,3,0,2
1,<environment.Job instance at 0x7fc28906d1e0>,3,13,[8 4],4,4,17,0,4
1,<environment.Job instance at 0x7fc28906d280>,4,3,[7 5],5,17,20,12,5
1,<environment.Job instance at 0x7fc28906d5a0>,0,18,[3 7],1,20,38,19,11
1,<environment.Job instance at 0x7fc2459fc410>,12,18,[1 5],13,38,56,25,30
1,<environment.Job instance at 0x7fc2459fc5a0>,16,17,[5 8],17,56,73,39,49
1,<environment.Job instance at 0x7fc290573d70>,27,15,[4 6],28,73,88,45,67
1,<environment.Job instance at 0x7fc28926cc80>,32,13,[5 1],33,86,99,53,86
1,<environment.Job instance at 0x7fc28926c500>,36,14,[ 3 10],37,99,113,62,89
1,<environment.Job instance at 0x7fc28bf45d20>,39,14,[5 4],40,113,127,73,107
1,<environment.Job instance at 0x7fc28bf454b0>,4,1,[3 7],5,7,8,2,7
1,<environment.Job instance at 0x7fc28bf457d0>,6,1,[6 2],7,8,9,1,8
1,<environment.Job instance at 0x7fc2455d44b0>,8,18,[5 5],9,11,29,2,11
1,<environment.Job instance at 0x7fc2897974b0>,16,2,[10  3],17,29,31,12,17
1,<environment.Job instance at 0x7fc2455d4910>,11,18,[8 2],12,31,49,19,21
1,<environment.Job instance at 0x7fc2455d56e0>,14,2,[1 7],15,31,33,16,22
1,<environment.Job instance at 0x7fc2455d5870>,12,16,[ 1 10],13,49,65,36,37
1,<environment.Job instance at 0x7fc288fd75f0>,27,14,[6 2],28,65,79,37,50
1,<environment.Job instance at 0x7fc2455dfcd0>,20,15,[10  4],21,79,94,58,65
1,<environment.Job instance at 0x7fc2455c4230>,19,17,[9 4],20,94,111,74,82
1,<environment.Job instance at 0x7fc245bcacd0>,43,15,[5 6],44,111,126,67,101
1,<environment.Job instance at 0x7fc28900c190>,48,12,[1 5],49,126,138,77,111
1,<environment.Job instance at 0x7fc28bda6a50>,49,12,[8 1],50,126,138,76,111
1,<environment.Job instance at 0x7fc28bda60a0>,50,14,[5 6],51,138,152,87,123
1,<environment.Job instance at 0x7fc245522280>,57,13,[ 1 10],58,152,165,94,136
1,<environment.Job instance at 0x7fc2456b3eb0>,60,13,[ 2 10],61,165,178,104,152
1,<environment.Job instance at 0x7fc2893a35f0>,68,12,[2 6],69,178,190,109,165
1,<environment.Job instance at 0x7fc2893a3640>,69,18,[6 5],70,190,208,120,181
1,<environment.Job instance at 0x7fc2893a3690>,3,1,[5 3],4,4,5,0,4
1,<environment.Job instance at 0x7fc28973e1e0>,2,17,[7 2],3,5,22,2,4
1,<environment.Job instance at 0x7fc28b7e5230>,4,2,[2 7],5,6,8,1,6
1,<environment.Job instance at 0x7fc28b8331e0>,6,13,[3 5],7,8,21,1,7
1,<environment.Job instance at 0x7fc28b8330f0>,7,2,[8 4],8,22,24,14,8
1,<environment.Job instance at 0x7fc2458ccdc0>,13,13,[6 3],14,24,37,10,14
1,<environment.Job instance at 0x7fc289054be0>,18,1,[3 6],19,21,22,2,19
1,<environment.Job instance at 0x7fc2454fd550>,21,17,[4 8],22,37,54,15,28
1,<environment.Job instance at 0x7fc289484dc0>,26,13,[5 1],27,37,50,10,37
1,<environment.Job instance at 0x7fc28b840820>,27,15,[1 9],28,54,69,26,40
1,<environment.Job instance at 0x7fc289626280>,43,14,[7 2],44,69,83,25,64
1,<environment.Job instance at 0x7fc289626910>,45,17,[6 3],46,83,100,37,71
1,<environment.Job instance at 0x7fc2896b9b90>,47,14,[9 4],48,100,114,52,87
1,<environment.Job instance at 0x7fc2896b9eb0>,49,16,[ 4 10],50,114,130,64,105
1,<environment.Job instance at 0x7fc28b89f410>,57,13,[ 5 10],58,130,143,72,123
1,<environment.Job instance at 0x7fc2891655f0>,1,14,[5 8],2,7,21,5,7
1,<environment.Job instance at 0x7fc2896d99b0>,4,3,[5 5],5,21,24,16,7
1,<environment.Job instance at 0x7fc2452585f0>,16,2,[ 3 10],17,24,26,7,19
1,<environment.Job instance at 0x7fc245258b40>,9,17,[10  4],10,31,48,21,31
1,<environment.Job instance at 0x7fc28b912a00>,25,13,[8 2],26,48,61,22,35
1,<environment.Job instance at 0x7fc28b912aa0>,27,17,[7 5],28,61,78,33,49
1,<environment.Job instance at 0x7fc245268eb0>,35,3,[3 5],36,61,64,25,59
1,<environment.Job instance at 0x7fc28b912c30>,22,13,[4 8],23,78,91,55,63
1,<environment.Job instance at 0x7fc28b912be0>,23,18,[2 9],24,91,109,67,86
1,<environment.Job instance at 0x7fc2451f0af0>,39,13,[3 7],40,109,122,69,93
1,<environment.Job instance at 0x7fc2451f0500>,44,14,[9 2],45,122,136,77,107
1,<environment.Job instance at 0x7fc2453335a0>,51,16,[9 2],52,136,152,84,124
1,<environment.Job instance at 0x7fc245333370>,55,16,[7 4],56,152,168,96,141
1,<environment.Job instance at 0x7fc2451f0f00>,40,17,[9 5],41,168,185,127,159
1,<environment.Job instance at 0x7fc28b9043c0>,64,13,[5 9],65,185,198,120,169
1,<environment.Job instance at 0x7fc289386280>,9,14,[9 5],10,11,25,1,11
1,<environment.Job instance at 0x7fc2893860f0>,12,3,[8 1],13,25,28,12,13
1,<environment.Job instance at 0x7fc2893869b0>,14,15,[1 5],15,15,30,0,15
1,<environment.Job instance at 0x7fc2457ee0a0>,19,3,[4 9],20,30,33,10,20
1,<environment.Job instance at 0x7fc28b8dc500>,21,2,[5 5],22,28,30,6,23
1,<environment.Job instance at 0x7fc24533eeb0>,2,18,[3 8],3,33,51,30,23
1,<environment.Job instance at 0x7fc2457c9550>,23,3,[10  2],24,51,54,27,26
1,<environment.Job instance at 0x7fc28936fc30>,13,18,[5 6],14,54,72,40,43
1,<environment.Job instance at 0x7fc289241320>,26,17,[10  3],27,72,89,45,69
1,<environment.Job instance at 0x7fc289396c30>,1,18,[2 8],2,92,110,90,92
1,<environment.Job instance at 0x7fc2890ecb40>,36,16,[ 1 10],37,111,127,74,111
1,<environment.Job instance at 0x7fc28937f500>,28,17,[ 2 10],29,127,144,98,117
1,<environment.Job instance at 0x7fc289219730>,49,1,[3 7],50,144,145,94,117
1,<environment.Job instance at 0x7fc245a8ec80>,53,2,[5 4],54,145,147,91,118
1,<environment.Job instance at 0x7fc245a8e410>,58,3,[8 2],59,147,150,88,146
1,<environment.Job instance at 0x7fc245a8e230>,60,18,[5 4],61,150,168,89,147
1,<environment.Job instance at 0x7fc245a949b0>,64,13,[2 9],65,168,181,103,156
1,<environment.Job instance at 0x7fc245a8e050>,57,18,[3 8],58,183,201,125,183
1,<environment.Job instance at 0x7fc245926690>,2,17,[2 8],3,13,30,10,13
1,<environment.Job instance at 0x7fc245a8e050>,3,16,[7 5],4,30,46,26,17
1,<environment.Job instance at 0x7fc2453bdf50>,12,3,[8 5],13,46,49,33,20
1,<environment.Job instance at 0x7fc2907e8a50>,20,18,[5 8],21,49,67,28,38
1,<environment.Job instance at 0x7fc28938b410>,17,14,[5 1],18,49,63,31,44
1,<environment.Job instance at 0x7fc2892166e0>,26,14,[3 5],27,67,81,40,52
1,<environment.Job instance at 0x7fc24572a0f0>,29,16,[7 4],30,67,83,37,59
1,<environment.Job instance at 0x7fc289255500>,10,16,[9 1],11,83,99,72,70
1,<environment.Job instance at 0x7fc2893d0190>,38,3,[5 3],39,99,102,60,77
1,<environment.Job instance at 0x7fc245366730>,7,16,[ 2 10],8,102,118,94,90
1,<environment.Job instance at 0x7fc2893d0f50>,40,15,[ 4 10],41,118,133,77,105
1,<environment.Job instance at 0x7fc2893d0e60>,41,17,[9 3],42,133,150,91,121
1,<environment.Job instance at 0x7fc28b8f91e0>,60,16,[6 5],61,150,166,89,137
1,<environment.Job instance at 0x7fc2893f9b40>,65,16,[1 6],66,166,182,100,153
1,<environment.Job instance at 0x7fc245510e60>,49,17,[4 9],50,182,199,132,171
1,<environment.Job instance at 0x7fc2451f5500>,34,18,[10  3],35,199,217,164,188
1,<environment.Job instance at 0x7fc2452d7780>,1,1,[2 7],2,2,3,0,2
1,<environment.Job instance at 0x7fc2452d72d0>,2,1,[2 8],3,3,4,0,3
1,<environment.Job instance at 0x7fc2452d7280>,3,3,[4 8],4,5,8,1,5
1,<environment.Job instance at 0x7fc2893d0eb0>,4,14,[7 3],5,8,22,3,5
1,<environment.Job instance at 0x7fc2452d7190>,5,3,[3 6],6,8,11,2,7
1,<environment.Job instance at 0x7fc2452d75a0>,7,14,[7 1],8,22,36,14,9
1,<environment.Job instance at 0x7fc28bb266e0>,15,12,[4 5],16,36,48,20,20
1,<environment.Job instance at 0x7fc28bb26d20>,16,15,[4 6],17,48,63,31,35
1,<environment.Job instance at 0x7fc245329910>,23,17,[6 2],24,56,73,32,56
1,<environment.Job instance at 0x7fc2452d70f0>,11,14,[ 2 10],12,73,87,61,59
1,<environment.Job instance at 0x7fc245329410>,27,1,[4 8],28,65,66,37,65
1,<environment.Job instance at 0x7fc245329af0>,25,13,[10  1],26,87,100,61,76
1,<environment.Job instance at 0x7fc245329dc0>,31,2,[5 2],32,100,102,68,82
1,<environment.Job instance at 0x7fc245329690>,32,13,[10  1],33,102,115,69,91
1,<environment.Job instance at 0x7fc2453296e0>,29,18,[8 1],30,115,133,85,104
1,<environment.Job instance at 0x7fc245329460>,39,14,[2 6],40,115,129,75,110
1,<environment.Job instance at 0x7fc28965ec80>,40,12,[5 4],41,133,145,92,116
1,<environment.Job instance at 0x7fc28965eaf0>,43,13,[8 3],44,145,158,101,136
1,<environment.Job instance at 0x7fc2453294b0>,36,17,[10  5],37,158,175,121,158
1,<environment.Job instance at 0x7fc28965e6e0>,52,16,[7 3],53,175,191,122,163
1,<environment.Job instance at 0x7fc245261500>,58,12,[2 6],59,175,187,116,164
1,<environment.Job instance at 0x7fc245261d20>,65,15,[1 7],66,187,202,121,185
1,<environment.Job instance at 0x7fc29069f3c0>,69,2,[10  5],70,202,204,132,187
1,<environment.Job instance at 0x7fc250278820>,2,3,[10  2],3,5,8,2,5
1,<environment.Job instance at 0x7fc245a11280>,4,2,[ 5 10],5,8,10,3,8
1,<environment.Job instance at 0x7fc2895c6780>,7,3,[8 2],8,10,13,2,8
1,<environment.Job instance at 0x7fc2456660a0>,1,3,[7 3],2,13,16,11,8
1,<environment.Job instance at 0x7fc245a117d0>,3,18,[5 6],4,16,34,12,8
1,<environment.Job instance at 0x7fc2459ea2d0>,14,13,[8 5],15,35,48,20,35
1,<environment.Job instance at 0x7fc24518deb0>,17,3,[2 7],18,48,51,30,37
1,<environment.Job instance at 0x7fc289356f00>,19,1,[5 1],20,57,58,37,57
1,<environment.Job instance at 0x7fc2459ea7d0>,15,15,[2 7],16,58,73,42,58
1,<environment.Job instance at 0x7fc28bb05b90>,27,12,[7 2],28,109,121,81,109
1,<environment.Job instance at 0x7fc28bb05a50>,31,2,[5 7],32,121,123,89,110
1,<environment.Job instance at 0x7fc28bb05910>,32,17,[1 8],33,123,140,90,111
1,<environment.Job instance at 0x7fc28b840e10>,11,18,[1 5],12,140,158,128,131
1,<environment.Job instance at 0x7fc2454eb7d0>,38,16,[3 5],39,140,156,101,140
1,<environment.Job instance at 0x7fc2454eb870>,45,15,[7 2],46,156,171,110,151
1,<environment.Job instance at 0x7fc2454ebcd0>,49,18,[2 5],50,158,176,108,156
1,<environment.Job instance at 0x7fc24560e820>,56,2,[6 1],57,181,183,124,181
1,<environment.Job instance at 0x7fc24560ee10>,58,2,[5 5],59,183,185,124,181
1,<environment.Job instance at 0x7fc24560e0f0>,60,3,[10  1],61,185,188,124,182
1,<environment.Job instance at 0x7fc24560e5a0>,61,2,[9 3],62,188,190,126,182
1,<environment.Job instance at 0x7fc24560ebe0>,63,3,[9 1],64,190,193,126,182
1,<environment.Job instance at 0x7fc2455f9f50>,66,15,[3 7],67,193,208,126,182
1,<environment.Job instance at 0x7fc2455f9c80>,68,15,[5 2],69,193,208,124,182
1,<environment.Job instance at 0x7fc2455f9c30>,69,3,[9 2],70,208,211,138,182
1,<environment.Job instance at 0x7f586b019460>,4,18,[10  4],5,7,25,2,7
1,<environment.Job instance at 0x7f5867c0fcd0>,7,14,[5 1],8,25,39,17,10
1,<environment.Job instance at 0x7f5867c0fb40>,13,13,[1 8],14,35,48,21,35
1,<environment.Job instance at 0x7f5867c130f0>,14,12,[3 7],15,48,60,33,35
1,<environment.Job instance at 0x7f5867c133c0>,16,12,[1 8],17,60,72,43,43
1,<environment.Job instance at 0x7f586af66460>,7,3,[8 4],8,8,11,0,8
1,<environment.Job instance at 0x7f586af66960>,11,2,[9 2],12,12,14,0,12
1,<environment.Job instance at 0x7f5867ba01e0>,13,15,[1 5],14,19,34,5,19
1,<environment.Job instance at 0x7f586af661e0>,14,12,[6 1],15,19,31,4,19
1,<environment.Job instance at 0x7f586b19a7d0>,19,13,[7 2],20,41,54,21,41
1,<environment.Job instance at 0x7f586b19a1e0>,21,1,[8 2],22,54,55,32,41
1,<environment.Job instance at 0x7f586b19af00>,22,14,[9 1],23,55,69,32,41
1,<environment.Job instance at 0x7f586b19a5a0>,23,3,[10  4],24,69,72,45,43
1,<environment.Job instance at 0x7f586b1911e0>,26,13,[1 5],27,43,56,16,43
1,<environment.Job instance at 0x7f586b19a960>,24,1,[6 2],25,72,73,47,46
1,<environment.Job instance at 0x7f581ff11460>,1,1,[9 4],2,2,3,0,2
1,<environment.Job instance at 0x7f586b19a960>,4,17,[5 4],5,5,22,0,5
1,<environment.Job instance at 0x7f581ff11b40>,3,17,[5 6],4,7,24,3,7
1,<environment.Job instance at 0x7f581ff3e500>,14,12,[6 1],15,24,36,9,21
1,<environment.Job instance at 0x7f581ff11fa0>,0,18,[7 5],1,36,54,35,25
1,<environment.Job instance at 0x7f581ff3e050>,16,15,[9 2],17,54,69,37,40
1,<environment.Job instance at 0x7f582003a910>,0,13,[2 6],1,7,20,6,7
1,<environment.Job instance at 0x7f582003a140>,5,14,[3 8],6,20,34,14,17
1,<environment.Job instance at 0x7f581ff3e320>,1,16,[1 9],2,34,50,32,21
1,<environment.Job instance at 0x7f581ffa5d20>,19,16,[3 5],20,50,66,30,37
1,<environment.Job instance at 0x7f581ffa5cd0>,21,14,[5 3],22,50,64,28,37
1,<environment.Job instance at 0x7f58205b99b0>,12,17,[10  4],13,26,43,13,26
1,<environment.Job instance at 0x7f58205b9af0>,14,13,[5 9],15,43,56,28,27
1,<environment.Job instance at 0x7f58205b9c30>,21,1,[8 3],22,56,57,34,44
1,<environment.Job instance at 0x7f58205b32d0>,23,15,[5 6],24,57,72,33,44
1,<environment.Job instance at 0x7f58679f0f50>,1,3,[1 8],2,2,5,0,2
1,<environment.Job instance at 0x7f58205b31e0>,2,13,[2 5],3,5,18,2,3
1,<environment.Job instance at 0x7f58679f0a50>,3,14,[3 5],4,5,19,1,4
1,<environment.Job instance at 0x7f58679f0c80>,4,17,[1 9],5,19,36,14,19
1,<environment.Job instance at 0x7f5867a42500>,17,14,[3 5],18,36,50,18,21
1,<environment.Job instance at 0x7f5820069fa0>,1,2,[3 8],2,2,4,0,2
1,<environment.Job instance at 0x7f5820069550>,0,17,[4 5],1,4,21,3,3
1,<environment.Job instance at 0x7f58684320a0>,4,1,[3 8],5,21,22,16,5
1,<environment.Job instance at 0x7f5868432c80>,3,13,[8 3],4,22,35,18,6
1,<environment.Job instance at 0x7f58202b2b40>,12,2,[7 1],13,35,37,22,15
1,<environment.Job instance at 0x7f58681da8c0>,15,2,[4 6],16,37,39,21,22
1,<environment.Job instance at 0x7f5867e93500>,16,2,[6 5],17,39,41,22,22
1,<environment.Job instance at 0x7f5867fd39b0>,18,3,[5 1],19,41,44,22,23
1,<environment.Job instance at 0x7f5820069f00>,7,17,[7 5],8,44,61,36,32
1,<environment.Job instance at 0x7f58200cce60>,26,15,[6 2],27,61,76,34,47
1,<environment.Job instance at 0x7f5867f73050>,1,14,[3 6],2,4,18,2,4
1,<environment.Job instance at 0x7f5820546140>,2,15,[7 3],3,8,23,5,8
1,<environment.Job instance at 0x7f5867b3cd20>,8,16,[3 6],9,18,34,9,12
1,<environment.Job instance at 0x7f5867b68820>,15,12,[2 5],16,34,46,18,17
1,<environment.Job instance at 0x7f5867b38410>,13,12,[8 5],14,34,46,20,18
1,<environment.Job instance at 0x7f58682e7870>,24,2,[4 8],25,46,48,21,34
1,<environment.Job instance at 0x7f58682e7910>,26,15,[4 9],27,48,63,21,45
1,<environment.Job instance at 0x7f5867a5bfa0>,5,12,[4 7],6,7,19,1,7
1,<environment.Job instance at 0x7f586842b780>,9,17,[5 1],10,10,27,0,10
1,<environment.Job instance at 0x7f586842b370>,8,14,[2 7],9,19,33,10,12
1,<environment.Job instance at 0x7f586842bf50>,12,13,[8 1],13,27,40,14,14
1,<environment.Job instance at 0x7f586842bd20>,16,13,[1 6],17,33,46,16,24
1,<environment.Job instance at 0x7f586842b910>,11,18,[5 7],12,46,64,34,36
1,<environment.Job instance at 0x7f586af41780>,19,3,[9 3],20,40,43,20,36
1,<environment.Job instance at 0x7f586af41870>,22,13,[3 9],23,64,77,41,48
1,<environment.Job instance at 0x7f58201dc870>,0,1,[2 9],1,3,4,2,3
1,<environment.Job instance at 0x7f58201dc910>,1,3,[9 3],2,4,7,2,4
1,<environment.Job instance at 0x7f58201dc780>,6,2,[9 2],7,7,9,0,7
1,<environment.Job instance at 0x7f581fe75d70>,7,2,[5 2],8,9,11,1,8
1,<environment.Job instance at 0x7f58201dce60>,8,2,[6 5],9,11,13,2,9
1,<environment.Job instance at 0x7f581fe757d0>,10,13,[3 8],11,14,27,3,14
1,<environment.Job instance at 0x7f58201dc320>,3,13,[9 5],4,27,40,23,15
1,<environment.Job instance at 0x7f5867a595f0>,17,13,[6 5],18,40,53,22,25
1,<environment.Job instance at 0x7f58200f8910>,21,14,[1 9],22,53,67,31,39
1,<environment.Job instance at 0x7f582059b820>,2,3,[ 3 10],3,3,6,0,3
1,<environment.Job instance at 0x7f582059b190>,3,15,[6 5],4,6,21,2,6
1,<environment.Job instance at 0x7f582059b780>,6,14,[7 5],7,21,35,14,7
1,<environment.Job instance at 0x7f5867b38a50>,8,14,[3 8],9,35,49,26,25
1,<environment.Job instance at 0x7f5820423690>,15,16,[4 5],16,49,65,33,36
1,<environment.Job instance at 0x7f581fcf6e10>,21,15,[3 5],22,49,64,27,37
1,<environment.Job instance at 0x7f581fe5abe0>,6,16,[2 6],7,8,24,1,8
1,<environment.Job instance at 0x7f581fe5ae60>,8,14,[6 4],9,9,23,0,9
1,<environment.Job instance at 0x7f581fe5adc0>,14,14,[7 5],15,24,38,9,15
1,<environment.Job instance at 0x7f581fe689b0>,19,14,[9 5],20,38,52,18,26
1,<environment.Job instance at 0x7f581fe68370>,13,18,[ 1 10],14,52,70,38,46
1,<environment.Job instance at 0x7f5868336eb0>,1,3,[5 9],2,3,6,1,3
1,<environment.Job instance at 0x7f581fe68370>,3,3,[5 5],4,6,9,2,4
1,<environment.Job instance at 0x7f586823ad70>,8,17,[2 6],9,9,26,0,9
1,<environment.Job instance at 0x7f581fe682d0>,5,13,[3 9],6,26,39,20,11
1,<environment.Job instance at 0x7f58687433c0>,15,13,[8 5],16,39,52,23,25
1,<environment.Job instance at 0x7f5868743050>,17,14,[2 5],18,39,53,21,36
1,<environment.Job instance at 0x7f58687437d0>,18,16,[6 5],19,52,68,33,39
1,<environment.Job instance at 0x7f58687430f0>,22,15,[2 5],23,53,68,30,40
1,<environment.Job instance at 0x7f5867c826e0>,1,2,[5 7],2,2,4,0,2
1,<environment.Job instance at 0x7f5868743280>,2,1,[4 6],3,4,5,1,3
1,<environment.Job instance at 0x7f581fcfd9b0>,3,1,[4 9],4,5,6,1,4
1,<environment.Job instance at 0x7f581fcfd780>,5,3,[9 2],6,8,11,2,8
1,<environment.Job instance at 0x7f581fcfd910>,8,3,[3 9],9,11,14,2,10
1,<environment.Job instance at 0x7f581fcfdeb0>,7,3,[10  4],8,15,18,7,15
1,<environment.Job instance at 0x7f5867c82c30>,0,17,[2 6],1,18,35,17,16
1,<environment.Job instance at 0x7f5867b143c0>,17,2,[ 2 10],18,35,37,17,21
1,<environment.Job instance at 0x7f5867b14140>,15,3,[10  4],16,37,40,21,26
1,<environment.Job instance at 0x7f5867b145f0>,19,16,[5 3],20,40,56,20,28
1,<environment.Job instance at 0x7f5867b14a50>,16,14,[1 7],17,40,54,23,29
1,<environment.Job instance at 0x7f5867b14e10>,23,16,[8 5],24,56,72,32,44
1,<environment.Job instance at 0x7f58682adb90>,1,12,[1 8],2,4,16,2,4
1,<environment.Job instance at 0x7f5867ebf730>,4,17,[5 1],5,5,22,0,5
1,<environment.Job instance at 0x7f5867b149b0>,3,16,[5 3],4,16,32,12,10
1,<environment.Job instance at 0x7f586816ed20>,10,13,[5 3],11,22,35,11,11
1,<environment.Job instance at 0x7f5868183140>,11,3,[5 2],12,32,35,20,12
1,<environment.Job instance at 0x7f586816ef00>,9,12,[4 6],10,35,47,25,18
1,<environment.Job instance at 0x7f5868183730>,18,2,[5 8],19,47,49,28,24
1,<environment.Job instance at 0x7f58681832d0>,15,16,[9 4],16,49,65,33,37
1,<environment.Job instance at 0x7f5820309b40>,3,3,[8 4],4,6,9,2,6
1,<environment.Job instance at 0x7f5820466690>,2,15,[4 8],3,9,24,6,8
1,<environment.Job instance at 0x7f5820309500>,8,18,[4 6],9,24,42,15,13
1,<environment.Job instance at 0x7f5820309be0>,13,13,[7 4],14,42,55,28,32
1,<environment.Job instance at 0x7f5820309320>,12,16,[3 8],13,55,71,42,43
1,<environment.Job instance at 0x7f5867bccb90>,1,3,[3 9],2,2,5,0,2
1,<environment.Job instance at 0x7f5868190870>,4,16,[5 5],5,6,22,1,6
1,<environment.Job instance at 0x7f5867dbc4b0>,6,13,[3 9],7,22,35,15,15
1,<environment.Job instance at 0x7f58203a2820>,13,12,[2 6],14,35,47,21,20
1,<environment.Job instance at 0x7f58203a2280>,16,13,[5 5],17,47,60,30,32
1,<environment.Job instance at 0x7f58686fd690>,4,13,[2 6],5,5,18,0,5
1,<environment.Job instance at 0x7f58204eca50>,6,18,[7 4],7,11,29,4,11
1,<environment.Job instance at 0x7f5867c827d0>,8,14,[1 7],9,29,43,20,19
1,<environment.Job instance at 0x7f5867c82780>,12,14,[3 9],13,43,57,30,29
1,<environment.Job instance at 0x7f5867e00190>,8,3,[6 1],9,9,12,0,9
1,<environment.Job instance at 0x7f5867e005a0>,13,16,[8 1],14,20,36,6,20
1,<environment.Job instance at 0x7f5867e000a0>,5,18,[9 2],6,44,62,38,44
1,<environment.Job instance at 0x7f58681fb370>,25,16,[10  5],26,62,78,36,49
1,<environment.Job instance at 0x7f5867f771e0>,1,18,[3 8],2,5,23,3,5
1,<environment.Job instance at 0x7f581ffd6cd0>,12,3,[1 8],13,23,26,10,13
1,<environment.Job instance at 0x7f5867a1a910>,13,12,[3 8],14,26,38,12,14
1,<environment.Job instance at 0x7f5820590aa0>,15,15,[3 5],16,38,53,22,24
1,<environment.Job instance at 0x7f586841dbe0>,25,12,[2 8],26,53,65,27,36
1,<environment.Job instance at 0x7fc5c8948460>,4,18,[10  4],5,8,26,3,8
1,<environment.Job instance at 0x7fc5c89482d0>,3,18,[ 3 10],4,26,44,22,16
1,<environment.Job instance at 0x7fc5c153e190>,14,12,[3 7],15,44,56,29,29
1,<environment.Job instance at 0x7fc5c153e550>,17,3,[10  3],18,56,59,38,42
1,<environment.Job instance at 0x7fc5c153e0a0>,18,16,[8 5],19,59,75,40,46
1,<environment.Job instance at 0x7fc5c153e5a0>,21,3,[ 2 10],22,75,78,53,58
1,<environment.Job instance at 0x7fc5c153e910>,1,2,[9 2],2,3,5,1,3
1,<environment.Job instance at 0x7fc5c8ac4dc0>,3,15,[1 5],4,4,19,0,4
1,<environment.Job instance at 0x7fc5c8abfe60>,5,13,[3 5],6,7,20,1,7
1,<environment.Job instance at 0x7fc5c8abff00>,11,1,[8 2],12,20,21,8,20
1,<environment.Job instance at 0x7fc5c8abfd70>,4,12,[6 1],5,21,33,16,20
1,<environment.Job instance at 0x7fc5c8abc410>,14,1,[6 2],15,33,34,18,20
1,<environment.Job instance at 0x7fc5c8abc0f0>,15,3,[6 4],16,34,37,18,20
1,<environment.Job instance at 0x7fc5c8abc730>,16,13,[1 5],17,20,33,3,20
1,<environment.Job instance at 0x7fc5c8abfaf0>,13,3,[10  4],14,37,40,23,21
1,<environment.Job instance at 0x7fc5c8abcbe0>,18,19,[8 4],19,40,59,21,32
1,<environment.Job instance at 0x7fc5c89758c0>,28,12,[3 5],29,59,71,30,45
1,<environment.Job instance at 0x7fc5c8ab98c0>,33,12,[4 9],34,71,83,37,57
1,<environment.Job instance at 0x7fc57d930280>,9,14,[8 1],10,10,24,0,10
1,<environment.Job instance at 0x7fc57d930780>,4,15,[9 1],5,24,39,19,11
1,<environment.Job instance at 0x7fc57d9301e0>,10,16,[9 3],11,39,55,28,26
1,<environment.Job instance at 0x7fc57d868af0>,14,15,[10  5],15,55,70,40,45
1,<environment.Job instance at 0x7fc57d8686e0>,21,16,[5 4],22,70,86,48,57
1,<environment.Job instance at 0x7fc57d8f9b90>,1,1,[5 1],2,2,3,0,2
1,<environment.Job instance at 0x7fc5c8abf780>,2,2,[8 2],3,4,6,1,4
1,<environment.Job instance at 0x7fc5c8abf640>,4,12,[5 7],5,6,18,1,5
1,<environment.Job instance at 0x7fc5c8abf4b0>,0,12,[2 5],1,18,30,17,9
1,<environment.Job instance at 0x7fc57dbe9550>,8,14,[8 5],9,18,32,9,14
1,<environment.Job instance at 0x7fc57d839320>,17,3,[4 9],18,32,35,14,18
1,<environment.Job instance at 0x7fc57d8392d0>,18,2,[ 3 10],19,35,37,16,20
1,<environment.Job instance at 0x7fc57d839cd0>,19,1,[10  3],20,37,38,17,20
1,<environment.Job instance at 0x7fc57dd25640>,14,17,[10  5],15,38,55,23,26
1,<environment.Job instance at 0x7fc57d8398c0>,22,14,[9 2],23,55,69,32,41
1,<environment.Job instance at 0x7fc57dc230a0>,4,15,[9 5],5,5,20,0,5
1,<environment.Job instance at 0x7fc57dc23fa0>,6,17,[2 6],7,20,37,13,13
1,<environment.Job instance at 0x7fc57d7e8410>,7,16,[2 8],8,37,53,29,24
1,<environment.Job instance at 0x7fc57dc3ecd0>,24,18,[10  2],25,53,71,28,46
1,<environment.Job instance at 0x7fc57dde3140>,1,2,[3 8],2,2,4,0,2
1,<environment.Job instance at 0x7fc57dde3c30>,0,17,[4 5],1,5,22,4,5
1,<environment.Job instance at 0x7fc57dde3e60>,3,13,[8 3],4,22,35,18,7
1,<environment.Job instance at 0x7fc5c1647c80>,7,17,[7 5],8,35,52,27,23
1,<environment.Job instance at 0x7fc5c16a7f50>,20,14,[ 3 10],21,52,66,31,40
1,<environment.Job instance at 0x7fc5c16a7690>,22,2,[9 3],23,66,68,43,40
1,<environment.Job instance at 0x7fc57ddf0050>,26,15,[6 2],27,68,83,41,54
1,<environment.Job instance at 0x7fc5c16a7a00>,19,17,[4 8],20,68,85,48,56
1,<environment.Job instance at 0x7fc5c145bc80>,0,1,[5 1],1,1,2,0,1
1,<environment.Job instance at 0x7fc5c145ba00>,2,2,[1 5],3,4,6,1,4
1,<environment.Job instance at 0x7fc5c145bb90>,5,12,[2 5],6,6,18,0,6
1,<environment.Job instance at 0x7fc5c165b1e0>,6,3,[2 7],7,18,21,11,7
1,<environment.Job instance at 0x7fc5c145be10>,3,12,[8 5],4,21,33,17,8
1,<environment.Job instance at 0x7fc5c165b780>,9,18,[ 2 10],10,50,68,40,50
1,<environment.Job instance at 0x7fc5c19ec0a0>,3,1,[5 2],4,4,5,0,4
1,<environment.Job instance at 0x7fc57da64fa0>,6,13,[8 4],7,8,21,1,8
1,<environment.Job instance at 0x7fc57dcd2780>,11,1,[5 5],12,21,22,9,20
1,<environment.Job instance at 0x7fc5c165b780>,2,13,[3 9],3,22,35,19,20
1,<environment.Job instance at 0x7fc57db54550>,15,15,[5 7],16,35,50,19,24
1,<environment.Job instance at 0x7fc5c3c2d140>,10,17,[9 4],11,50,67,39,41
1,<environment.Job instance at 0x7fc57da4a910>,27,3,[10  3],28,67,70,39,53
1,<environment.Job instance at 0x7fc57dc18be0>,0,1,[10  3],1,3,4,2,3
1,<environment.Job instance at 0x7fc57da4ae10>,2,3,[1 7],3,4,7,1,4
1,<environment.Job instance at 0x7fc57dc18a50>,4,2,[4 8],5,7,9,2,6
1,<environment.Job instance at 0x7fc57dc181e0>,6,14,[8 1],7,9,23,2,7
1,<environment.Job instance at 0x7fc57dc18370>,3,3,[9 4],4,23,26,19,8
1,<environment.Job instance at 0x7fc57dc18e60>,8,1,[2 5],9,9,10,0,9
1,<environment.Job instance at 0x7fc57dc18c30>,15,2,[7 5],16,26,28,10,21
1,<environment.Job instance at 0x7fc57dc186e0>,7,12,[10  4],8,28,40,20,22
1,<environment.Job instance at 0x7fc57dd10aa0>,17,18,[6 2],18,40,58,22,29
1,<environment.Job instance at 0x7fc57dd10910>,23,15,[6 5],24,58,73,34,44
1,<environment.Job instance at 0x7fc5c1806410>,1,12,[5 9],2,3,15,1,3
1,<environment.Job instance at 0x7fc5c1806690>,3,18,[6 1],4,15,33,11,4
1,<environment.Job instance at 0x7fc5c18063c0>,4,12,[4 7],5,15,27,10,6
1,<environment.Job instance at 0x7fc57d661280>,16,16,[2 6],17,27,43,10,26
1,<environment.Job instance at 0x7fc5c191d320>,18,14,[6 4],19,33,47,14,28
1,<environment.Job instance at 0x7fc57db439b0>,23,18,[ 1 10],24,47,65,23,40
1,<environment.Job instance at 0x7fc5c146fa00>,24,14,[7 5],25,65,79,40,50
1,<environment.Job instance at 0x7fc5c13155a0>,0,18,[8 1],1,3,21,2,3
1,<environment.Job instance at 0x7fc57dbdc410>,2,2,[7 4],3,21,23,18,4
1,<environment.Job instance at 0x7fc5c1523820>,5,13,[3 9],6,23,36,17,8
1,<environment.Job instance at 0x7fc57d6240f0>,16,13,[3 9],17,36,49,19,20
1,<environment.Job instance at 0x7fc5c41f0b90>,20,2,[6 4],21,49,51,28,33
1,<environment.Job instance at 0x7fc57d624410>,21,2,[3 5],22,49,51,27,33
1,<environment.Job instance at 0x7fc57d624780>,22,15,[2 5],23,51,66,28,37
1,<environment.Job instance at 0x7fc57da48f50>,26,15,[9 1],27,66,81,39,53
1,<environment.Job instance at 0x7fc5c1886d20>,28,13,[6 1],29,53,66,24,53
1,<environment.Job instance at 0x7fc5c3dd1cd0>,29,13,[1 8],30,66,79,36,53
1,<environment.Job instance at 0x7fc5c3f2d230>,4,13,[1 8],5,23,36,18,23
1,<environment.Job instance at 0x7fc5c3f2da50>,15,3,[1 9],16,36,39,20,24
1,<environment.Job instance at 0x7fc5c3f2daf0>,16,15,[10  4],17,39,54,22,26
1,<environment.Job instance at 0x7fc5c3f2d9b0>,14,16,[9 4],15,54,70,39,41
1,<environment.Job instance at 0x7fc5c3f2de10>,21,12,[5 6],22,70,82,48,53
1,<environment.Job instance at 0x7fc5c3f34460>,26,12,[1 5],27,54,66,27,54
1,<environment.Job instance at 0x7fc5c3f2dc80>,1,2,[8 4],2,2,4,0,2
1,<environment.Job instance at 0x7fc57da54d20>,6,3,[8 3],7,16,19,9,16
1,<environment.Job instance at 0x7fc5c191d870>,14,12,[9 1],15,19,31,4,17
1,<environment.Job instance at 0x7fc5c191d5f0>,15,2,[6 3],16,31,33,15,17
1,<environment.Job instance at 0x7fc5c191d410>,16,13,[4 7],17,31,44,14,17
1,<environment.Job instance at 0x7fc5c191dc30>,17,3,[8 1],18,44,47,26,20
1,<environment.Job instance at 0x7fc5c191d4b0>,23,15,[4 9],24,47,62,23,35
1,<environment.Job instance at 0x7fc5c3f34d70>,1,2,[7 1],2,2,4,0,2
1,<environment.Job instance at 0x7fc57de68eb0>,0,2,[3 9],1,4,6,3,4
1,<environment.Job instance at 0x7fc5c192e870>,6,14,[6 4],7,7,21,0,7
1,<environment.Job instance at 0x7fc5c192eaf0>,9,1,[8 2],10,21,22,11,10
1,<environment.Job instance at 0x7fc5c3e3ee60>,14,3,[ 3 10],15,22,25,7,15
1,<environment.Job instance at 0x7fc5c3e3e2d0>,16,3,[5 4],17,25,28,8,17
1,<environment.Job instance at 0x7fc5c3e3e460>,13,12,[7 4],14,28,40,14,19
1,<environment.Job instance at 0x7fc5c3e3e5f0>,8,17,[3 7],9,40,57,31,28
1,<environment.Job instance at 0x7fc5c3e3e500>,12,17,[6 4],13,57,74,44,46
1,<environment.Job instance at 0x7fc57dedffa0>,28,18,[1 5],29,57,75,28,51
1,<environment.Job instance at 0x7fc57dedf410>,1,1,[6 5],2,2,3,0,2
1,<environment.Job instance at 0x7fc5c3e3ec30>,3,14,[3 6],4,5,19,1,5
1,<environment.Job instance at 0x7fc57d6183c0>,9,15,[5 7],10,19,34,9,10
1,<environment.Job instance at 0x7fc57d618960>,14,13,[2 6],15,34,47,19,23
1,<environment.Job instance at 0x7fc57d618910>,16,18,[7 4],17,34,52,17,29
1,<environment.Job instance at 0x7fc57d618a00>,17,19,[1 5],18,47,66,29,37
1,<environment.Job instance at 0x7fc57d618b40>,19,18,[6 4],20,52,70,32,44
1,<environment.Job instance at 0x7fc57d618b40>,2,2,[3 6],3,3,5,0,3
1,<environment.Job instance at 0x7fc57d711cd0>,6,3,[5 8],7,7,10,0,7
1,<environment.Job instance at 0x7fc57de260f0>,8,3,[6 1],9,10,13,1,9
1,<environment.Job instance at 0x7fc5c3c9acd0>,9,3,[8 2],10,13,16,3,10
1,<environment.Job instance at 0x7fc57db2c460>,14,3,[2 7],15,20,23,5,20
1,<environment.Job instance at 0x7fc57db2c8c0>,13,16,[8 1],14,21,37,7,21
1,<environment.Job instance at 0x7fc5c3aa9d20>,19,18,[6 1],20,37,55,17,27
1,<environment.Job instance at 0x7fc5c14255f0>,21,3,[2 6],22,40,43,18,40
1,<environment.Job instance at 0x7fc5c3aa92d0>,18,16,[4 8],19,44,60,25,44
1,<environment.Job instance at 0x7fc5c16ad690>,26,1,[7 4],27,60,61,33,44
1,<environment.Job instance at 0x7fc5c139d5a0>,28,3,[2 7],29,61,64,32,47
1,<environment.Job instance at 0x7fc5c3aa95f0>,20,15,[2 8],21,64,79,43,53
1,<environment.Job instance at 0x7fc57d8b7eb0>,2,3,[1 8],3,3,6,0,3
1,<environment.Job instance at 0x7fc57dea65f0>,3,12,[3 8],4,6,18,2,5
1,<environment.Job instance at 0x7fc57d8b7d70>,5,15,[3 5],6,18,33,12,6
1,<environment.Job instance at 0x7fc57dea68c0>,6,3,[7 4],7,18,21,11,7
1,<environment.Job instance at 0x7fc57de60230>,9,2,[5 1],10,10,12,0,10
1,<environment.Job instance at 0x7fc57de60e60>,10,2,[10  5],11,33,35,22,11
1,<environment.Job instance at 0x7fc5c1871820>,11,3,[9 1],12,35,38,23,12
1,<environment.Job instance at 0x7fc5c3e343c0>,16,12,[9 5],17,38,50,21,23
1,<environment.Job instance at 0x7fc5c41c3cd0>,21,14,[9 4],22,50,64,28,36
1,<environment.Job instance at 0x7fc5c3e34d20>,17,17,[10  4],18,64,81,46,53
1,<environment.Job instance at 0x7fc5c14fb870>,1,15,[5 4],2,2,17,0,2
1,<environment.Job instance at 0x7fc57ddfac30>,6,15,[3 5],7,7,22,0,7
1,<environment.Job instance at 0x7fc5c17d39b0>,8,2,[7 5],9,23,25,14,23
1,<environment.Job instance at 0x7fc5c14600f0>,3,17,[5 9],4,25,42,21,23
1,<environment.Job instance at 0x7fc5c17d5190>,11,1,[5 5],12,42,43,30,23
1,<environment.Job instance at 0x7fc5c1756d20>,14,17,[1 9],15,43,60,28,31
1,<environment.Job instance at 0x7fc5c17c8550>,21,13,[7 4],22,60,73,38,45
1,<environment.Job instance at 0x7fc5c17c8230>,23,1,[8 5],24,73,74,49,47
1,<environment.Job instance at 0x7fc57d969fa0>,1,1,[4 5],2,2,3,0,2
1,<environment.Job instance at 0x7fc57d969aa0>,2,3,[8 1],3,3,6,0,3
1,<environment.Job instance at 0x7fc5c189a730>,10,15,[5 3],11,12,27,1,12
1,<environment.Job instance at 0x7fc5c189a230>,11,18,[4 7],12,12,30,0,12
1,<environment.Job instance at 0x7fc57d969870>,8,17,[9 5],9,30,47,21,20
1,<environment.Job instance at 0x7fc5c189a370>,18,2,[3 6],19,47,49,28,26
1,<environment.Job instance at 0x7fc5c189ad70>,20,15,[5 5],21,49,64,28,35
1,<environment.Job instance at 0x7fc57de712d0>,24,15,[10  2],25,64,79,39,51
1,<environment.Job instance at 0x7fc57de71460>,28,3,[ 1 10],29,79,82,50,55
1,<environment.Job instance at 0x7fc57de71f50>,29,3,[9 3],30,82,85,52,56
1,<environment.Job instance at 0x7fc57de3abe0>,3,16,[2 6],4,5,21,1,5
1,<environment.Job instance at 0x7fc57de3a960>,5,17,[5 3],6,6,23,0,6
1,<environment.Job instance at 0x7fc57de3acd0>,6,12,[2 7],7,21,33,14,19
1,<environment.Job instance at 0x7fc5c1787a00>,12,16,[9 2],13,33,49,20,21
1,<environment.Job instance at 0x7fc57da4d7d0>,19,17,[5 7],20,49,66,29,46
1,<environment.Job instance at 0x7fb3021b5d70>,3,18,[ 3 10],4,7,25,3,7
1,<environment.Job instance at 0x7fb30212c050>,4,18,[10  4],5,25,43,20,14
1,<environment.Job instance at 0x7fb2fad1d640>,8,17,[ 2 10],9,43,60,34,37
1,<environment.Job instance at 0x7fb2fad1dbe0>,18,16,[8 5],19,60,76,41,49
1,<environment.Job instance at 0x7fb2fad1e3c0>,27,2,[6 4],28,76,78,48,64
1,<environment.Job instance at 0x7fb2fad1d3c0>,9,17,[ 4 10],10,78,95,68,66
1,<environment.Job instance at 0x7fb2fad24960>,1,1,[8 2],2,3,4,1,3
1,<environment.Job instance at 0x7fb2fad1e730>,3,3,[10  4],4,4,7,0,4
1,<environment.Job instance at 0x7fb3022986e0>,4,1,[6 2],5,7,8,2,5
1,<environment.Job instance at 0x7fb2c1a20960>,5,3,[6 4],6,8,11,2,6
1,<environment.Job instance at 0x7fb302153410>,6,13,[1 5],7,7,20,0,7
1,<environment.Job instance at 0x7fb302153460>,7,15,[4 7],8,20,35,12,9
1,<environment.Job instance at 0x7fb3022a67d0>,18,12,[3 5],19,35,47,16,20
1,<environment.Job instance at 0x7fb30229c1e0>,19,13,[7 2],20,35,48,15,23
1,<environment.Job instance at 0x7fb30229cb40>,22,2,[2 5],23,47,49,24,24
1,<environment.Job instance at 0x7fb3022a0e60>,24,2,[4 7],25,49,51,24,34
1,<environment.Job instance at 0x7fb30229c690>,23,12,[4 9],24,51,63,27,41
1,<environment.Job instance at 0x7fb302154780>,34,17,[5 4],35,68,85,33,68
1,<environment.Job instance at 0x7fb302154230>,36,12,[2 6],37,68,80,31,68
1,<environment.Job instance at 0x7fb2b70d2370>,1,16,[5 4],2,4,20,2,4
1,<environment.Job instance at 0x7fb302154230>,4,1,[7 1],5,20,21,15,5
1,<environment.Job instance at 0x7fb2b70d2960>,5,15,[6 2],6,21,36,15,8
1,<environment.Job instance at 0x7fb2b710f870>,10,13,[2 6],11,13,26,2,13
1,<environment.Job instance at 0x7fb2b710fc30>,17,17,[3 8],18,26,43,8,19
1,<environment.Job instance at 0x7fb2b710f640>,20,12,[6 3],21,43,55,22,36
1,<environment.Job instance at 0x7fb2b710f910>,11,16,[1 9],12,55,71,43,42
1,<environment.Job instance at 0x7fb2b701feb0>,29,16,[3 5],30,71,87,41,58
1,<environment.Job instance at 0x7fb2b701fe10>,31,14,[5 3],32,71,85,39,58
1,<environment.Job instance at 0x7fb2b70f2640>,3,12,[5 1],4,5,17,1,5
1,<environment.Job instance at 0x7fb2b70f2460>,5,17,[8 1],6,17,34,11,6
1,<environment.Job instance at 0x7fb2b74e9f00>,13,15,[5 6],14,34,49,20,25
1,<environment.Job instance at 0x7fb2b7006960>,0,17,[2 9],1,49,66,48,37
1,<environment.Job instance at 0x7fb2b74d6320>,19,12,[5 4],20,66,78,46,49
1,<environment.Job instance at 0x7fb2b74d6a00>,21,13,[3 6],22,66,79,44,58
1,<environment.Job instance at 0x7fb2b74d6f00>,22,16,[8 5],23,79,95,56,66
1,<environment.Job instance at 0x7fb2b701e460>,2,2,[9 4],3,3,5,0,3
1,<environment.Job instance at 0x7fb2b701eaf0>,0,2,[10  1],1,5,7,4,4
1,<environment.Job instance at 0x7fb2b7009500>,1,16,[6 2],2,7,23,5,4
1,<environment.Job instance at 0x7fb2b74085a0>,9,14,[5 7],10,23,37,13,10
1,<environment.Job instance at 0x7fb2b7408960>,15,1,[8 2],16,37,38,21,25
1,<environment.Job instance at 0x7fb2b7408b40>,18,15,[2 5],19,37,52,18,26
1,<environment.Job instance at 0x7fb2b7408640>,10,13,[7 4],11,38,51,27,36
1,<environment.Job instance at 0x7fb2b7408e60>,23,13,[8 3],24,51,64,27,41
1,<environment.Job instance at 0x7fb2b74022d0>,26,15,[7 3],27,64,79,37,50
1,<environment.Job instance at 0x7fb2b74027d0>,30,14,[2 8],31,79,93,48,64
1,<environment.Job instance at 0x7fb2b74027d0>,2,15,[7 3],3,4,19,1,4
1,<environment.Job instance at 0x7fb301c77370>,5,16,[2 6],6,7,23,1,7
1,<environment.Job instance at 0x7fb2fab8d0f0>,13,12,[8 5],14,23,35,9,14
1,<environment.Job instance at 0x7fb301c77910>,8,16,[3 6],9,36,52,27,36
1,<environment.Job instance at 0x7fb2fab8d960>,20,17,[7 1],21,41,58,20,41
1,<environment.Job instance at 0x7fb2fb1cce60>,24,2,[4 8],25,58,60,33,43
1,<environment.Job instance at 0x7fb2b75733c0>,26,15,[4 9],27,60,75,33,50
1,<environment.Job instance at 0x7fb2fab8db90>,21,18,[3 8],22,75,93,53,67
1,<environment.Job instance at 0x7fb2b713c4b0>,7,14,[9 1],8,8,22,0,8
1,<environment.Job instance at 0x7fb301767230>,11,1,[5 5],12,22,23,10,19
1,<environment.Job instance at 0x7fb3017678c0>,12,12,[8 5],13,23,35,10,19
1,<environment.Job instance at 0x7fb30162a870>,16,13,[7 1],17,35,48,18,20
1,<environment.Job instance at 0x7fb2b6f65870>,5,16,[10  5],6,48,64,42,36
1,<environment.Job instance at 0x7fb2b713c690>,10,17,[9 4],11,64,81,53,53
1,<environment.Job instance at 0x7fb30187cdc0>,27,3,[10  3],28,81,84,53,55
1,<environment.Job instance at 0x7fb301c77550>,28,12,[ 2 10],29,84,96,55,67
1,<environment.Job instance at 0x7fb2fac6a0a0>,2,17,[2 5],3,8,25,5,8
1,<environment.Job instance at 0x7fb2b7201410>,7,18,[6 2],8,26,44,18,26
1,<environment.Job instance at 0x7fb2b72cdaa0>,19,3,[3 6],20,34,37,14,34
1,<environment.Job instance at 0x7fb2b72cda00>,20,3,[7 3],21,44,47,23,34
1,<environment.Job instance at 0x7fb2b72cdeb0>,18,14,[3 8],19,47,61,28,36
1,<environment.Job instance at 0x7fb2b72cdf50>,21,17,[5 7],22,61,78,39,50
1,<environment.Job instance at 0x7fb2b72cd320>,25,16,[4 5],26,78,94,52,67
1,<environment.Job instance at 0x7fb3017c2730>,1,3,[1 6],2,2,5,0,2
1,<environment.Job instance at 0x7fb3017c2d20>,2,3,[4 9],3,5,8,2,3
1,<environment.Job instance at 0x7fb3017c2a00>,9,14,[9 5],10,12,26,2,12
1,<environment.Job instance at 0x7fb301bfb7d0>,15,17,[ 5 10],16,26,43,10,16
1,<environment.Job instance at 0x7fb301bfbf00>,18,16,[9 2],19,43,59,24,30
1,<environment.Job instance at 0x7fb301bfb690>,21,13,[1 9],22,59,72,37,44
1,<environment.Job instance at 0x7fb301bfb5f0>,27,17,[3 8],28,72,89,44,60
1,<environment.Job instance at 0x7fb2fb11ee10>,3,15,[6 1],4,5,20,1,5
1,<environment.Job instance at 0x7fb3019c2fa0>,0,3,[10  4],1,20,23,19,7
1,<environment.Job instance at 0x7fb2fb11ecd0>,2,13,[ 5 10],3,23,36,20,11
1,<environment.Job instance at 0x7fb2facf3230>,13,3,[8 1],14,36,39,22,15
1,<environment.Job instance at 0x7fb2facf3d70>,12,2,[7 3],13,39,41,26,16
1,<environment.Job instance at 0x7fb2facf3b40>,14,15,[7 3],15,41,56,26,27
1,<environment.Job instance at 0x7fb2fac15b40>,22,1,[4 6],23,56,57,33,34
1,<environment.Job instance at 0x7fb2faad3190>,24,12,[3 5],25,39,51,14,37
1,<environment.Job instance at 0x7fb2b71ac0a0>,27,3,[10  4],28,57,60,29,48
1,<environment.Job instance at 0x7fb2b722e190>,32,15,[10  1],33,60,75,27,57
1,<environment.Job instance at 0x7fb2b7355f00>,35,3,[10  4],36,75,78,39,63
1,<environment.Job instance at 0x7fb301a77730>,1,12,[1 8],2,3,15,1,3
1,<environment.Job instance at 0x7fb2b754c2d0>,3,16,[5 3],4,15,31,11,5
1,<environment.Job instance at 0x7fb2b701f780>,10,13,[5 3],11,15,28,4,13
1,<environment.Job instance at 0x7fb2b7323b40>,15,16,[9 4],16,31,47,15,19
1,<environment.Job instance at 0x7fb3016235a0>,24,16,[4 5],25,47,63,22,42
1,<environment.Job instance at 0x7fb301c08e10>,1,16,[5 7],2,4,20,2,4
1,<environment.Job instance at 0x7fb2b6ed0a00>,6,1,[5 1],7,7,8,0,7
1,<environment.Job instance at 0x7fb2b6ed0c30>,8,3,[2 6],9,20,23,11,9
1,<environment.Job instance at 0x7fb2b6ed0f00>,14,13,[5 3],15,22,35,7,22
1,<environment.Job instance at 0x7fb2b6ede460>,17,3,[7 5],18,35,38,17,27
1,<environment.Job instance at 0x7fb2b6ede230>,19,1,[8 2],20,38,39,18,27
1,<environment.Job instance at 0x7fb2b6ede4b0>,20,13,[5 3],21,39,52,18,28
1,<environment.Job instance at 0x7fb2b6ede3c0>,18,17,[3 7],19,39,56,20,28
1,<environment.Job instance at 0x7fb2b6ede140>,15,12,[8 5],16,56,68,40,46
1,<environment.Job instance at 0x7fb2b6ede820>,22,17,[6 4],23,68,85,45,56
1,<environment.Job instance at 0x7fb2b7309c80>,6,13,[9 3],7,7,20,0,7
1,<environment.Job instance at 0x7fb2b73099b0>,5,18,[1 8],6,20,38,14,9
1,<environment.Job instance at 0x7fb301a98af0>,9,15,[5 7],10,38,53,28,26
1,<environment.Job instance at 0x7fb301a98eb0>,19,18,[6 4],20,53,71,33,49
1,<environment.Job instance at 0x7fb301a98910>,15,14,[ 1 10],16,71,85,55,57
1,<environment.Job instance at 0x7fb2b762d5f0>,2,3,[5 9],3,3,6,0,3
1,<environment.Job instance at 0x7fb2fab937d0>,4,3,[2 7],5,18,21,13,18
1,<environment.Job instance at 0x7fb2b6e0c370>,12,12,[6 1],13,20,32,7,20
1,<environment.Job instance at 0x7fb2b6e0cdc0>,13,3,[8 3],14,32,35,18,20
1,<environment.Job instance at 0x7fb2b6e0c8c0>,15,16,[10  5],16,35,51,19,22
1,<environment.Job instance at 0x7fb2fac04aa0>,19,18,[2 7],20,51,69,31,42
1,<environment.Job instance at 0x7fb2fac045a0>,27,1,[5 1],28,51,52,23,42
1,<environment.Job instance at 0x7fb2b6e0c910>,8,16,[4 8],9,69,85,60,57
1,<environment.Job instance at 0x7fb2b73180f0>,4,3,[4 5],5,6,9,1,6
1,<environment.Job instance at 0x7fb2fac04190>,1,14,[9 4],2,9,23,7,8
1,<environment.Job instance at 0x7fb2b7075c30>,9,18,[ 2 10],10,23,41,13,13
1,<environment.Job instance at 0x7fb2b7067460>,17,15,[5 8],18,41,56,23,29
1,<environment.Job instance at 0x7fb2b7067820>,22,1,[9 5],23,56,57,33,29
1,<environment.Job instance at 0x7fb2b7067d70>,28,15,[5 8],29,57,72,28,47
1,<environment.Job instance at 0x7fb2b709a410>,34,13,[ 5 10],35,72,85,37,62
1,<environment.Job instance at 0x7fb2faaf4370>,0,13,[2 6],1,2,15,1,2
1,<environment.Job instance at 0x7fb2b726a050>,4,15,[5 6],5,15,30,10,8
1,<environment.Job instance at 0x7fb2faaf47d0>,1,13,[10  4],2,30,43,28,15
1,<environment.Job instance at 0x7fb301a01a00>,15,15,[3 9],16,43,58,27,29
1,<environment.Job instance at 0x7fb301b06eb0>,21,14,[5 8],22,58,72,36,47
1,<environment.Job instance at 0x7fb301b06550>,24,17,[7 2],25,72,89,47,60
1,<environment.Job instance at 0x7fb2b7067c30>,1,16,[3 9],2,7,23,5,7
1,<environment.Job instance at 0x7fb3018e4500>,8,14,[6 4],9,23,37,14,9
1,<environment.Job instance at 0x7fb301cb5dc0>,15,16,[7 3],16,37,53,21,25
1,<environment.Job instance at 0x7fb301514140>,22,14,[9 2],23,53,67,30,46
1,<environment.Job instance at 0x7fb2fafb8460>,4,13,[2 7],5,67,80,62,54
1,<environment.Job instance at 0x7fb301cbe230>,25,17,[5 3],26,67,84,41,60
1,<environment.Job instance at 0x7fb3016bb640>,2,1,[1 8],3,3,4,0,3
1,<environment.Job instance at 0x7fb3017e1b90>,10,18,[6 4],11,22,40,11,22
1,<environment.Job instance at 0x7fb2b75fca00>,18,13,[8 5],19,40,53,21,25
1,<environment.Job instance at 0x7fb2b7619870>,15,16,[7 3],16,53,69,37,45
1,<environment.Job instance at 0x7fb3017d39b0>,22,16,[5 4],23,69,85,46,56
1,<environment.Job instance at 0x7fb2b6defb90>,27,18,[1 6],28,61,79,33,61
1,<environment.Job instance at 0x7fb2fab65050>,0,2,[6 1],1,2,4,1,2
1,<environment.Job instance at 0x7fb2fab651e0>,3,12,[5 4],4,5,17,1,5
1,<environment.Job instance at 0x7fb2fac48870>,8,14,[ 1 10],9,17,31,8,13
1,<environment.Job instance at 0x7fb2fac485a0>,13,13,[5 6],14,31,44,17,25
1,<environment.Job instance at 0x7fb3018e7c80>,20,3,[ 4 10],21,44,47,23,26
1,<environment.Job instance at 0x7fb2b711b500>,25,14,[7 2],26,48,62,22,48
1,<environment.Job instance at 0x7fb3018e7370>,18,16,[10  3],19,62,78,43,57
1,<environment.Job instance at 0x7fb3018e7050>,24,17,[2 7],25,78,95,53,67
1,<environment.Job instance at 0x7fb2b6f247d0>,0,2,[8 2],1,4,6,3,4
1,<environment.Job instance at 0x7fb2b6f246e0>,7,15,[10  4],8,9,24,1,9
1,<environment.Job instance at 0x7fb2b6f24f50>,2,15,[5 1],3,24,39,21,11
1,<environment.Job instance at 0x7fb2b71f8870>,15,13,[5 4],16,24,37,8,16
1,<environment.Job instance at 0x7fb301c826e0>,17,15,[2 6],18,37,52,19,25
1,<environment.Job instance at 0x7fb3019d0230>,20,13,[2 8],21,52,65,31,38
1,<environment.Job instance at 0x7fb30229cd70>,24,13,[5 8],25,65,78,40,50
1,<environment.Job instance at 0x7fb2b71ae0f0>,28,16,[9 1],29,78,94,49,65
1,<environment.Job instance at 0x7fb2b71ae5a0>,32,2,[10  3],33,94,96,61,67
1,<environment.Job instance at 0x7fb2b71ae050>,33,1,[1 7],34,78,79,44,67
1,<environment.Job instance at 0x7f93a98c14b0>,3,18,[ 3 10],4,7,25,3,7
1,<environment.Job instance at 0x7f93a446d550>,7,14,[5 1],8,25,39,17,10
1,<environment.Job instance at 0x7f93a98c1780>,4,18,[10  4],5,39,57,34,30
1,<environment.Job instance at 0x7f93a446db40>,15,3,[10  2],16,57,60,41,46
1,<environment.Job instance at 0x7f93a446d780>,16,12,[1 8],17,60,72,43,47
1,<environment.Job instance at 0x7f93a987d0f0>,0,18,[ 2 10],1,72,90,71,68
1,<environment.Job instance at 0x7f93a446df00>,2,3,[10  1],3,4,7,1,4
1,<environment.Job instance at 0x7f93a99f75f0>,4,12,[3 5],5,7,19,2,5
1,<environment.Job instance at 0x7f93a99f7550>,10,3,[7 2],11,11,14,0,11
1,<environment.Job instance at 0x7f93a99f76e0>,11,16,[5 8],12,19,35,7,12
1,<environment.Job instance at 0x7f93a99ed1e0>,12,2,[2 5],13,14,16,1,13
1,<environment.Job instance at 0x7f93a99edcd0>,13,12,[4 9],14,35,47,21,23
1,<environment.Job instance at 0x7f93a99edc30>,16,2,[4 8],17,47,49,30,23
1,<environment.Job instance at 0x7f93a98a5690>,24,17,[5 4],25,52,69,27,52
1,<environment.Job instance at 0x7f93a99f1370>,18,12,[10  1],19,69,81,50,54
1,<environment.Job instance at 0x7f93a98a5f50>,32,2,[4 8],33,81,83,48,58
1,<environment.Job instance at 0x7f93a98a5870>,33,3,[1 6],34,60,63,26,60
1,<environment.Job instance at 0x7f93a99f0af0>,36,15,[9 2],37,83,98,46,73
1,<environment.Job instance at 0x7f935e85efa0>,1,3,[1 5],2,2,5,0,2
1,<environment.Job instance at 0x7f93a99f0230>,2,1,[10  1],3,5,6,2,3
1,<environment.Job instance at 0x7f935e85e0f0>,3,15,[4 8],4,6,21,2,5
1,<environment.Job instance at 0x7f935e85e050>,7,18,[5 2],8,8,26,0,8
1,<environment.Job instance at 0x7f935e85e3c0>,0,12,[6 3],1,26,38,25,10
1,<environment.Job instance at 0x7f935e8488c0>,13,12,[1 7],14,21,33,7,14
1,<environment.Job instance at 0x7f935e848730>,24,12,[5 7],25,38,50,13,38
1,<environment.Job instance at 0x7f935e848f50>,18,14,[4 7],19,50,64,31,38
1,<environment.Job instance at 0x7f935e865e60>,30,18,[5 1],31,49,67,18,49
1,<environment.Job instance at 0x7f935e85e8c0>,8,18,[4 6],9,64,82,55,53
1,<environment.Job instance at 0x7f935e865550>,32,14,[8 4],33,82,96,49,72
1,<environment.Job instance at 0x7f935e865690>,2,3,[3 9],3,3,6,0,3
1,<environment.Job instance at 0x7f935e8413c0>,3,18,[1 6],4,9,27,5,9
1,<environment.Job instance at 0x7f935eb26a00>,7,16,[2 8],8,27,43,19,15
1,<environment.Job instance at 0x7f935eb26690>,8,12,[9 2],9,43,55,34,27
1,<environment.Job instance at 0x7f935ec5b550>,19,12,[1 8],20,43,55,23,28
1,<environment.Job instance at 0x7f935e841190>,6,17,[2 6],7,55,72,48,50
1,<environment.Job instance at 0x7f935e866820>,1,16,[7 4],2,61,77,59,61
1,<environment.Job instance at 0x7f935e839dc0>,32,17,[8 2],33,77,94,44,67
1,<environment.Job instance at 0x7f935ee11910>,6,15,[6 2],7,8,23,1,8
1,<environment.Job instance at 0x7f935ee11e10>,12,2,[6 1],13,23,25,10,13
1,<environment.Job instance at 0x7f935ee11f50>,13,13,[2 5],14,14,27,0,14
1,<environment.Job instance at 0x7f935ee11c80>,11,16,[2 8],12,27,43,15,15
1,<environment.Job instance at 0x7f935ee2d190>,16,2,[3 5],17,25,27,8,17
1,<environment.Job instance at 0x7f935ee2d230>,17,2,[9 1],18,43,45,25,18
1,<environment.Job instance at 0x7f935ee2d730>,19,16,[1 7],20,43,59,23,32
1,<environment.Job instance at 0x7f935ee2daf0>,25,17,[6 3],26,55,72,29,55
1,<environment.Job instance at 0x7f935ee2d640>,27,2,[5 9],28,72,74,44,56
1,<environment.Job instance at 0x7f935ee2db40>,28,17,[2 8],29,74,91,45,62
1,<environment.Job instance at 0x7f935ee0f230>,34,12,[2 9],35,91,103,56,78
1,<environment.Job instance at 0x7f93a69e0dc0>,1,3,[3 7],2,4,7,2,4
1,<environment.Job instance at 0x7f93a45eb780>,2,17,[4 6],3,7,24,4,4
1,<environment.Job instance at 0x7f93a45eb140>,6,13,[8 3],7,24,37,17,8
1,<environment.Job instance at 0x7f935ee0f230>,5,12,[4 7],6,37,49,31,20
1,<environment.Job instance at 0x7f93a45ebb90>,7,13,[4 6],8,49,62,41,34
1,<environment.Job instance at 0x7f93a4724550>,13,16,[3 5],14,62,78,48,50
1,<environment.Job instance at 0x7f93a47da8c0>,22,13,[3 9],23,78,91,55,65
1,<environment.Job instance at 0x7f93a45a1e60>,25,16,[10  5],26,91,107,65,78
1,<environment.Job instance at 0x7f93a6f15be0>,31,1,[5 5],32,107,108,75,79
1,<environment.Job instance at 0x7f93a4507960>,0,1,[10  3],1,3,4,2,3
1,<environment.Job instance at 0x7f93a6acae10>,4,2,[4 8],5,5,7,0,5
1,<environment.Job instance at 0x7f93a6aca370>,3,3,[9 4],4,7,10,3,5
1,<environment.Job instance at 0x7f93a6aca960>,6,14,[8 1],7,10,24,3,10
1,<environment.Job instance at 0x7f93a6aca0a0>,7,12,[10  4],8,24,36,16,11
1,<environment.Job instance at 0x7f93a473d820>,13,14,[8 2],14,36,50,22,21
1,<environment.Job instance at 0x7f93a4250eb0>,25,2,[9 3],26,50,52,24,40
1,<environment.Job instance at 0x7f93a6ac8870>,26,14,[7 5],27,52,66,25,40
1,<environment.Job instance at 0x7f93a491abe0>,12,17,[2 5],13,52,69,39,40
1,<environment.Job instance at 0x7f93a4401230>,32,12,[3 8],33,69,81,36,55
1,<environment.Job instance at 0x7f93a4401dc0>,35,16,[4 5],36,81,97,45,68
1,<environment.Job instance at 0x7f93a473d1e0>,2,3,[4 9],3,3,6,0,3
1,<environment.Job instance at 0x7f935e9abd20>,9,14,[9 5],10,13,27,3,13
1,<environment.Job instance at 0x7f935e9a3320>,13,1,[7 1],14,27,28,13,14
1,<environment.Job instance at 0x7f93a47341e0>,3,18,[ 1 10],4,28,46,24,17
1,<environment.Job instance at 0x7f935e9a3960>,18,16,[9 2],19,46,62,27,34
1,<environment.Job instance at 0x7f935e9a3b40>,21,13,[1 9],22,62,75,40,49
1,<environment.Job instance at 0x7f935e9a3780>,16,17,[ 1 10],17,75,92,58,65
1,<environment.Job instance at 0x7f935e99a190>,30,13,[10  4],31,92,105,61,76
1,<environment.Job instance at 0x7f935e5db1e0>,1,2,[2 9],2,2,4,0,2
1,<environment.Job instance at 0x7f935e99a050>,2,2,[7 3],3,4,6,1,4
1,<environment.Job instance at 0x7f935e5db230>,4,15,[7 3],5,6,21,1,5
1,<environment.Job instance at 0x7f93a6fa8550>,10,17,[2 6],11,36,53,25,36
1,<environment.Job instance at 0x7f93a6fa8fa0>,7,15,[10  1],8,53,68,45,40
1,<environment.Job instance at 0x7f935ea80aa0>,33,16,[8 5],34,68,84,34,58
1,<environment.Job instance at 0x7f935ea808c0>,35,3,[1 9],36,84,87,48,61
1,<environment.Job instance at 0x7f93a98ccb90>,36,15,[10  4],37,87,102,50,74
1,<environment.Job instance at 0x7f93a44f7730>,2,2,[8 4],3,3,5,0,3
1,<environment.Job instance at 0x7f93a44f7c80>,1,2,[8 4],2,5,7,3,4
1,<environment.Job instance at 0x7f93a4316d20>,13,15,[5 5],14,15,30,1,15
1,<environment.Job instance at 0x7f93a48ba690>,16,13,[4 7],17,30,43,13,20
1,<environment.Job instance at 0x7f93a491cfa0>,25,2,[4 7],26,46,48,20,46
1,<environment.Job instance at 0x7f93a43d78c0>,26,18,[6 3],27,46,64,19,46
1,<environment.Job instance at 0x7f93a48ffa00>,30,15,[10  4],31,64,79,33,55
1,<environment.Job instance at 0x7f93a44d15a0>,34,14,[3 8],35,79,93,44,78
1,<environment.Job instance at 0x7f935ecaa280>,1,3,[3 9],2,2,5,0,2
1,<environment.Job instance at 0x7f935e78a960>,9,18,[9 5],10,10,28,0,10
1,<environment.Job instance at 0x7f935e78ac30>,12,13,[9 4],13,28,41,15,13
1,<environment.Job instance at 0x7f935e78ae60>,14,16,[2 7],15,41,57,26,30
1,<environment.Job instance at 0x7f935e78aeb0>,18,16,[8 3],19,41,57,22,39
1,<environment.Job instance at 0x7f93a477ebe0>,0,14,[ 2 10],1,57,71,56,54
1,<environment.Job instance at 0x7f935e77c410>,26,2,[5 9],27,71,73,44,57
1,<environment.Job instance at 0x7f93a6b34780>,2,15,[5 9],3,3,18,0,3
1,<environment.Job instance at 0x7f93a6b345f0>,1,2,[1 6],2,18,20,16,5
1,<environment.Job instance at 0x7f93a46a69b0>,16,2,[7 1],17,29,31,12,29
1,<environment.Job instance at 0x7f93a46a6320>,18,16,[7 2],19,31,47,12,29
1,<environment.Job instance at 0x7f93a46a6910>,17,18,[3 8],18,29,47,11,29
1,<environment.Job instance at 0x7f93a6b34870>,0,16,[ 2 10],1,47,63,46,46
1,<environment.Job instance at 0x7f93a4507aa0>,40,15,[2 8],41,64,79,23,64
1,<environment.Job instance at 0x7f93a45070f0>,42,12,[6 1],43,66,78,23,66
1,<environment.Job instance at 0x7f93a4507410>,43,3,[8 3],44,79,82,35,66
1,<environment.Job instance at 0x7f93a6d06af0>,25,18,[9 2],26,82,100,56,71
1,<environment.Job instance at 0x7f93a7121730>,2,3,[1 8],3,3,6,0,3
1,<environment.Job instance at 0x7f93a7121140>,3,12,[3 8],4,6,18,2,4
1,<environment.Job instance at 0x7f93a7121690>,4,3,[1 5],5,18,21,13,5
1,<environment.Job instance at 0x7f93a7121550>,5,15,[3 5],6,18,33,12,6
1,<environment.Job instance at 0x7f93a6c15b90>,10,2,[10  5],11,33,35,22,11
1,<environment.Job instance at 0x7f935e8dd0f0>,9,2,[5 1],10,13,15,3,13
1,<environment.Job instance at 0x7f93a7121a00>,8,2,[7 4],9,21,23,12,16
1,<environment.Job instance at 0x7f93a6c15be0>,12,13,[9 1],13,35,48,22,23
1,<environment.Job instance at 0x7f93a6c15140>,16,12,[9 5],17,48,60,31,33
1,<environment.Job instance at 0x7f93a6c15820>,17,17,[10  4],18,60,77,42,48
1,<environment.Job instance at 0x7f93a421e5f0>,28,13,[1 5],29,77,90,48,63
1,<environment.Job instance at 0x7f93a4735d70>,25,18,[7 5],26,77,95,51,69
1,<environment.Job instance at 0x7f93a4461870>,1,13,[7 4],2,4,17,2,4
1,<environment.Job instance at 0x7f93a6a6c910>,4,18,[5 5],5,17,35,12,6
1,<environment.Job instance at 0x7f93a6a98be0>,12,15,[8 4],13,35,50,22,21
1,<environment.Job instance at 0x7f93a6a88820>,16,17,[2 5],17,23,40,6,23
1,<environment.Job instance at 0x7f93a6a88b40>,19,13,[6 4],20,50,63,30,34
1,<environment.Job instance at 0x7f93a6a9f2d0>,24,12,[9 1],25,63,75,38,46
1,<environment.Job instance at 0x7f93a6a88190>,11,13,[10  4],12,75,88,63,62
1,<environment.Job instance at 0x7f93a42a1640>,29,18,[7 5],30,88,106,58,77
1,<environment.Job instance at 0x7f93a7121780>,1,16,[3 9],2,3,19,1,3
1,<environment.Job instance at 0x7f93a6e69af0>,6,18,[6 4],7,19,37,12,8
1,<environment.Job instance at 0x7f93a977fb40>,10,2,[1 6],11,19,21,8,12
1,<environment.Job instance at 0x7f93a47293c0>,13,2,[2 7],14,37,39,23,19
1,<environment.Job instance at 0x7f93a6e695a0>,8,14,[6 4],9,39,53,30,26
1,<environment.Job instance at 0x7f93a44db410>,22,14,[9 2],23,53,67,30,39
1,<environment.Job instance at 0x7f935ee0fa00>,24,2,[6 1],25,67,69,42,40
1,<environment.Job instance at 0x7f935ec23e60>,17,16,[1 8],18,53,69,35,41
1,<environment.Job instance at 0x7f93a48b4050>,30,13,[4 6],31,69,82,38,54
1,<environment.Job instance at 0x7f935ee0f910>,25,17,[5 3],26,69,86,43,58
1,<environment.Job instance at 0x7f93a976d460>,34,13,[2 8],35,86,99,51,71
1,<environment.Job instance at 0x7f93a6dced70>,1,2,[1 9],2,2,4,0,2
1,<environment.Job instance at 0x7f93a6b618c0>,2,3,[10  4],3,4,7,1,3
1,<environment.Job instance at 0x7f935e524be0>,3,13,[8 4],4,7,20,3,4
1,<environment.Job instance at 0x7f935e524af0>,4,3,[9 3],5,20,23,15,5
1,<environment.Job instance at 0x7f935e524690>,8,13,[8 5],9,23,36,14,9
1,<environment.Job instance at 0x7f935e524230>,9,13,[8 2],10,36,49,26,21
1,<environment.Job instance at 0x7f935e453820>,17,18,[1 6],18,36,54,18,28
1,<environment.Job instance at 0x7f935e453910>,22,14,[7 3],23,49,63,26,34
1,<environment.Job instance at 0x7f935e453280>,24,1,[7 4],25,63,64,38,36
1,<environment.Job instance at 0x7f935e46c550>,29,18,[6 2],30,64,82,34,53
1,<environment.Job instance at 0x7f935e46cf00>,33,14,[ 4 10],34,82,96,48,69
1,<environment.Job instance at 0x7f935e46c7d0>,3,3,[8 1],4,5,8,1,5
1,<environment.Job instance at 0x7f93a49397d0>,5,14,[7 2],6,8,22,2,6
1,<environment.Job instance at 0x7f93a4939c80>,12,17,[6 4],13,22,39,9,19
1,<environment.Job instance at 0x7f93a4940c30>,16,15,[5 6],17,39,54,22,25
1,<environment.Job instance at 0x7f935e46cd20>,4,17,[2 7],5,54,71,49,42
1,<environment.Job instance at 0x7f93a4939cd0>,8,17,[6 5],9,71,88,62,60
1,<environment.Job instance at 0x7f93a494c4b0>,20,15,[1 8],21,88,103,67,74
1,<environment.Job instance at 0x7f93a47c6c30>,31,15,[5 2],32,88,103,56,76
1,<environment.Job instance at 0x7f93a715c5f0>,2,2,[10  3],3,3,5,0,3
1,<environment.Job instance at 0x7f935e583fa0>,9,14,[2 8],10,19,33,9,19
1,<environment.Job instance at 0x7f93a6c11230>,5,14,[1 7],6,33,47,27,19
1,<environment.Job instance at 0x7f93a4783820>,15,18,[5 6],16,47,65,31,38
1,<environment.Job instance at 0x7f93a424d4b0>,18,12,[ 1 10],19,65,77,46,48
1,<environment.Job instance at 0x7f935ecaa320>,24,15,[2 7],25,77,92,52,63
1,<environment.Job instance at 0x7f93a4847e60>,29,12,[5 8],30,92,104,62,77
1,<environment.Job instance at 0x7f93a4847e60>,2,16,[6 1],3,3,19,0,3
1,<environment.Job instance at 0x7f93a6bf1a50>,4,2,[1 9],5,6,8,1,6
1,<environment.Job instance at 0x7f935e92dc80>,5,14,[5 4],6,19,33,13,17
1,<environment.Job instance at 0x7f935e41abe0>,11,12,[3 5],12,19,31,7,19
1,<environment.Job instance at 0x7f935e77c0a0>,17,18,[6 1],18,33,51,15,23
1,<environment.Job instance at 0x7f93a43203c0>,26,17,[1 6],27,38,55,11,38
1,<environment.Job instance at 0x7f93a98c1a00>,27,13,[9 4],28,51,64,23,42
1,<environment.Job instance at 0x7f93a42bef00>,30,2,[1 5],31,55,57,24,51
1,<environment.Job instance at 0x7f93a4722960>,34,14,[ 5 10],35,64,78,29,55
1,<environment.Job instance at 0x7f93a46c3cd0>,37,15,[4 8],38,78,93,40,65
1,<environment.Job instance at 0x7f93a4395a00>,2,16,[2 8],3,7,23,4,7
1,<environment.Job instance at 0x7f93a4395140>,3,12,[3 9],4,23,35,19,10
1,<environment.Job instance at 0x7f93a494c780>,11,12,[8 1],12,35,47,23,19
1,<environment.Job instance at 0x7f93a494cbe0>,9,17,[ 1 10],10,47,64,37,35
1,<environment.Job instance at 0x7f935eb623c0>,16,15,[3 9],17,64,79,47,52
1,<environment.Job instance at 0x7f93a4826d20>,26,13,[ 2 10],27,79,92,52,63
1,<environment.Job instance at 0x7f93a4826f50>,29,3,[7 3],30,92,95,62,69
1,<environment.Job instance at 0x7f93a4826870>,31,12,[5 3],32,95,107,63,78
1,<environment.Job instance at 0x7f646afbc140>,0,18,[ 2 10],1,7,25,6,7
1,<environment.Job instance at 0x7f646b000d70>,3,18,[ 3 10],4,25,43,21,14
1,<environment.Job instance at 0x7f6463badb40>,14,12,[3 7],15,43,55,28,36
1,<environment.Job instance at 0x7f6463badcd0>,16,12,[1 8],17,55,67,38,38
1,<environment.Job instance at 0x7f6463bad780>,9,17,[ 4 10],10,75,92,65,75
1,<environment.Job instance at 0x7f6463bb10f0>,27,2,[6 4],28,92,94,64,80
1,<environment.Job instance at 0x7f6463bb15f0>,29,13,[1 6],30,92,105,62,80
1,<environment.Job instance at 0x7f646b128fa0>,0,3,[7 2],1,3,6,2,3
1,<environment.Job instance at 0x7f6463bb6e10>,1,16,[5 8],2,10,26,8,10
1,<environment.Job instance at 0x7f646b1286e0>,3,12,[4 9],4,27,39,23,27
1,<environment.Job instance at 0x7f646b12c7d0>,16,12,[2 6],17,39,51,22,27
1,<environment.Job instance at 0x7f646b123640>,10,18,[7 5],11,51,69,40,47
1,<environment.Job instance at 0x7f646b130e10>,25,14,[9 1],26,69,83,43,55
1,<environment.Job instance at 0x7f646b136f00>,29,16,[1 8],30,69,85,39,57
1,<environment.Job instance at 0x7f646b12ce10>,13,17,[5 6],14,85,102,71,73
1,<environment.Job instance at 0x7f646b136140>,35,15,[5 3],36,85,100,49,80
1,<environment.Job instance at 0x7f646b1367d0>,38,16,[7 1],39,102,118,63,89
1,<environment.Job instance at 0x7f641feedaa0>,1,1,[5 1],2,2,3,0,2
1,<environment.Job instance at 0x7f646b1363c0>,2,2,[8 2],3,3,5,0,3
1,<environment.Job instance at 0x7f641ffa3b90>,3,1,[3 9],4,5,6,1,4
1,<environment.Job instance at 0x7f641ffa30a0>,4,12,[5 7],5,6,18,1,5
1,<environment.Job instance at 0x7f641ffa3140>,7,2,[9 3],8,18,20,10,9
1,<environment.Job instance at 0x7f641ffa3960>,10,18,[5 1],11,20,38,9,11
1,<environment.Job instance at 0x7f641ffa3230>,11,3,[8 2],12,38,41,26,14
1,<environment.Job instance at 0x7f641ffa3af0>,17,3,[4 9],18,21,24,3,21
1,<environment.Job instance at 0x7f641ffa3c80>,18,2,[ 3 10],19,41,43,22,24
1,<environment.Job instance at 0x7f641ffa33c0>,19,1,[10  3],20,43,44,23,26
1,<environment.Job instance at 0x7f641ffa3370>,14,17,[10  5],15,44,61,29,40
1,<environment.Job instance at 0x7f641fea8aa0>,26,13,[5 1],27,61,74,34,49
1,<environment.Job instance at 0x7f641fea8cd0>,25,17,[5 9],26,61,78,35,57
1,<environment.Job instance at 0x7f641fea8370>,30,17,[2 9],31,78,95,47,70
1,<environment.Job instance at 0x7f641fea5410>,35,17,[8 1],36,78,95,42,75
1,<environment.Job instance at 0x7f641fea5050>,36,16,[7 2],37,95,111,58,82
1,<environment.Job instance at 0x7f64204c3f00>,3,18,[7 5],4,5,23,1,5
1,<environment.Job instance at 0x7f641ffc4690>,11,16,[6 2],12,23,39,11,17
1,<environment.Job instance at 0x7f641ffc44b0>,16,13,[3 6],17,25,38,8,25
1,<environment.Job instance at 0x7f64205277d0>,20,13,[7 4],21,39,52,18,26
1,<environment.Job instance at 0x7f64203aaeb0>,23,18,[9 2],24,52,70,28,45
1,<environment.Job instance at 0x7f64203a6730>,28,15,[2 5],29,70,85,41,56
1,<environment.Job instance at 0x7f64202de820>,29,15,[7 4],30,70,85,40,56
1,<environment.Job instance at 0x7f64204c3870>,2,17,[8 2],3,85,102,82,78
1,<environment.Job instance at 0x7f642052b410>,33,13,[8 3],34,102,115,68,86
1,<environment.Job instance at 0x7f6420291050>,2,2,[1 5],3,5,7,2,5
1,<environment.Job instance at 0x7f642029b6e0>,5,12,[2 5],6,6,18,0,6
1,<environment.Job instance at 0x7f642029ba00>,6,3,[2 7],7,18,21,11,7
1,<environment.Job instance at 0x7f642029b280>,7,13,[ 1 10],8,21,34,13,8
1,<environment.Job instance at 0x7f64202a5910>,18,14,[3 6],19,45,59,26,45
1,<environment.Job instance at 0x7f64202a5a00>,21,3,[10  4],22,59,62,37,45
1,<environment.Job instance at 0x7f64202a5500>,16,15,[4 9],17,62,77,45,49
1,<environment.Job instance at 0x7f64202b22d0>,30,12,[1 5],31,77,89,46,63
1,<environment.Job instance at 0x7f64202b2410>,32,17,[9 1],33,77,94,44,67
1,<environment.Job instance at 0x7f6463cd7f50>,0,1,[2 9],1,1,2,0,1
1,<environment.Job instance at 0x7f64202a51e0>,1,3,[9 3],2,3,6,1,3
1,<environment.Job instance at 0x7f6463cd7960>,4,15,[ 1 10],5,8,23,3,8
1,<environment.Job instance at 0x7f6463cd7280>,3,13,[9 5],4,23,36,19,14
1,<environment.Job instance at 0x7f646ab11690>,15,1,[3 6],16,36,37,20,16
1,<environment.Job instance at 0x7f641ffa3cd0>,16,15,[ 5 10],17,37,52,20,23
1,<environment.Job instance at 0x7f641ffa3e10>,19,14,[2 6],20,52,66,32,37
1,<environment.Job instance at 0x7f642030b780>,24,17,[7 4],25,52,69,27,46
1,<environment.Job instance at 0x7f642030b370>,22,12,[4 9],23,69,81,46,52
1,<environment.Job instance at 0x7f646ab7e230>,36,14,[8 1],37,81,95,44,71
1,<environment.Job instance at 0x7f646ab7ea00>,38,1,[2 5],39,81,82,42,75
1,<environment.Job instance at 0x7f64202de6e0>,28,12,[5 6],29,95,107,66,78
1,<environment.Job instance at 0x7f646afdf320>,1,12,[5 9],2,3,15,1,3
1,<environment.Job instance at 0x7f642005ac30>,3,18,[6 1],4,15,33,11,6
1,<environment.Job instance at 0x7f6463ef3230>,10,3,[1 6],11,15,18,4,11
1,<environment.Job instance at 0x7f646a46edc0>,12,3,[4 9],13,18,21,5,15
1,<environment.Job instance at 0x7f6463be75f0>,13,12,[ 2 10],14,33,45,19,16
1,<environment.Job instance at 0x7f6420370c30>,17,18,[3 6],18,45,63,27,34
1,<environment.Job instance at 0x7f6463cb3cd0>,24,14,[7 5],25,63,77,38,50
1,<environment.Job instance at 0x7f64203613c0>,25,12,[6 1],26,50,62,24,50
1,<environment.Job instance at 0x7f6463e63730>,28,2,[5 4],29,77,79,48,50
1,<environment.Job instance at 0x7f64201688c0>,29,14,[9 5],30,79,93,49,64
1,<environment.Job instance at 0x7f6463e54b40>,35,17,[ 5 10],36,93,110,57,86
1,<environment.Job instance at 0x7f6463e54b40>,5,3,[9 4],6,7,10,1,7
1,<environment.Job instance at 0x7f642026e370>,1,13,[6 5],2,10,23,8,7
1,<environment.Job instance at 0x7f641fe85870>,8,17,[7 2],9,23,40,14,11
1,<environment.Job instance at 0x7f641fe85d20>,14,15,[7 3],15,40,55,25,26
1,<environment.Job instance at 0x7f641feac230>,20,17,[2 6],21,31,48,10,31
1,<environment.Job instance at 0x7f641feac550>,24,12,[3 5],25,48,60,23,34
1,<environment.Job instance at 0x7f641feac8c0>,28,3,[3 9],29,60,63,31,37
1,<environment.Job instance at 0x7f641feacf00>,32,15,[10  1],33,63,78,30,57
1,<environment.Job instance at 0x7f641fea27d0>,37,2,[ 2 10],38,78,80,40,65
1,<environment.Job instance at 0x7f641fea25f0>,39,16,[5 3],40,80,96,40,76
1,<environment.Job instance at 0x7f641fea2050>,36,14,[1 7],37,80,94,43,77
1,<environment.Job instance at 0x7f64202635a0>,2,13,[ 5 10],3,96,109,93,80
1,<environment.Job instance at 0x7f641fea2b90>,1,2,[8 4],2,2,4,0,2
1,<environment.Job instance at 0x7f641fea2be0>,4,16,[4 5],5,5,21,0,5
1,<environment.Job instance at 0x7f64204cf4b0>,16,13,[4 7],17,23,36,6,23
1,<environment.Job instance at 0x7f6420542e60>,19,13,[7 4],20,37,50,17,37
1,<environment.Job instance at 0x7f6420559dc0>,26,18,[6 3],27,50,68,23,47
1,<environment.Job instance at 0x7f646a4b8410>,30,15,[10  4],31,68,83,37,57
1,<environment.Job instance at 0x7f641ff49c80>,32,15,[4 8],33,83,98,50,71
1,<environment.Job instance at 0x7f6420443370>,35,12,[10  1],36,98,110,62,81
1,<environment.Job instance at 0x7f64202855f0>,8,16,[8 3],9,9,25,0,9
1,<environment.Job instance at 0x7f6420285c80>,11,21,[8 2],12,25,46,13,17
1,<environment.Job instance at 0x7f6463dcdc30>,4,16,[2 7],5,34,50,29,34
1,<environment.Job instance at 0x7f6463e59500>,2,13,[9 4],3,50,63,47,38
1,<environment.Job instance at 0x7f6420312cd0>,25,12,[7 1],26,63,75,37,49
1,<environment.Job instance at 0x7f6463a297d0>,31,1,[6 5],32,75,76,43,62
1,<environment.Job instance at 0x7f6420033eb0>,26,18,[8 3],27,76,94,49,65
1,<environment.Job instance at 0x7f64639f9d70>,34,2,[9 3],35,94,96,59,77
1,<environment.Job instance at 0x7f64204db460>,36,13,[9 3],37,96,109,59,80
1,<environment.Job instance at 0x7f6463f725a0>,18,16,[4 8],19,45,61,26,45
1,<environment.Job instance at 0x7f6463f72b90>,22,12,[6 1],23,49,61,26,49
1,<environment.Job instance at 0x7f6463f72910>,20,15,[2 8],21,61,76,40,50
1,<environment.Job instance at 0x7f6463f72a50>,25,16,[10  5],26,76,92,50,64
1,<environment.Job instance at 0x7f6463f95230>,34,13,[8 2],35,92,105,57,77
1,<environment.Job instance at 0x7f6463f954b0>,38,13,[2 5],39,92,105,53,79
1,<environment.Job instance at 0x7f6463f95870>,1,1,[8 4],2,2,3,0,2
1,<environment.Job instance at 0x7f64201fcc80>,2,1,[2 5],3,3,4,0,3
1,<environment.Job instance at 0x7f6463f95a00>,5,3,[5 6],6,6,9,0,6
1,<environment.Job instance at 0x7f64201fcbe0>,6,1,[2 6],7,9,10,2,7
1,<environment.Job instance at 0x7f6463e63780>,7,15,[5 8],8,10,25,2,8
1,<environment.Job instance at 0x7f6463e633c0>,8,18,[5 8],9,25,43,16,14
1,<environment.Job instance at 0x7f6420252960>,20,13,[5 6],21,43,56,22,29
1,<environment.Job instance at 0x7f6420252d20>,25,15,[8 1],26,56,71,30,43
1,<environment.Job instance at 0x7f646a54d3c0>,29,15,[6 2],30,71,86,41,57
1,<environment.Job instance at 0x7f646a54d2d0>,31,15,[5 4],32,86,101,54,74
1,<environment.Job instance at 0x7f64201fcb40>,9,17,[2 6],10,83,100,73,83
1,<environment.Job instance at 0x7f646ad4d050>,36,15,[3 5],37,100,115,63,86
1,<environment.Job instance at 0x7f6463ca2e10>,1,1,[4 5],2,4,5,2,4
1,<environment.Job instance at 0x7f6463ca2410>,4,16,[7 4],5,8,24,3,8
1,<environment.Job instance at 0x7f6463ca2be0>,8,17,[9 5],9,24,41,15,12
1,<environment.Job instance at 0x7f646a75b0f0>,20,15,[5 5],21,41,56,20,28
1,<environment.Job instance at 0x7f64201316e0>,3,15,[3 9],4,56,71,52,42
1,<environment.Job instance at 0x7f646a75b3c0>,31,3,[1 8],32,71,74,39,57
1,<environment.Job instance at 0x7f646a75bcd0>,24,15,[10  2],25,74,89,49,60
1,<environment.Job instance at 0x7f6463cbc190>,36,14,[6 4],37,89,103,52,81
1,<environment.Job instance at 0x7f64201f2780>,4,13,[10  5],5,5,18,0,5
1,<environment.Job instance at 0x7f64640117d0>,6,13,[5 7],7,18,31,11,12
1,<environment.Job instance at 0x7f6463fe5cd0>,11,12,[4 7],12,31,43,19,16
1,<environment.Job instance at 0x7f6463fe5d70>,17,12,[1 6],18,43,55,25,27
1,<environment.Job instance at 0x7f6464011eb0>,12,17,[9 4],13,43,60,30,32
1,<environment.Job instance at 0x7f646a482d20>,30,18,[6 4],31,71,89,40,71
1,<environment.Job instance at 0x7f646a482d70>,31,2,[1 9],32,89,91,57,71
1,<environment.Job instance at 0x7f641fbd03c0>,33,13,[8 4],34,91,104,57,79
1,<environment.Job instance at 0x7f6463fb46e0>,6,1,[5 7],7,7,8,0,7
1,<environment.Job instance at 0x7f641fbd0eb0>,3,12,[5 4],4,9,21,5,9
1,<environment.Job instance at 0x7f6463fdc1e0>,13,13,[5 6],14,14,27,0,14
1,<environment.Job instance at 0x7f6463dc8320>,15,2,[8 1],16,27,29,11,16
1,<environment.Job instance at 0x7f6463dc8af0>,16,13,[8 1],17,29,42,12,17
1,<environment.Job instance at 0x7f6463dc83c0>,20,3,[ 4 10],21,42,45,21,26
1,<environment.Job instance at 0x7f6463dc87d0>,18,16,[10  3],19,48,64,29,48
1,<environment.Job instance at 0x7f64201e0140>,8,14,[ 1 10],9,64,78,55,52
1,<environment.Job instance at 0x7f6463adcfa0>,28,17,[6 5],29,78,95,49,66
1,<environment.Job instance at 0x7f641fc4be60>,36,15,[5 6],37,95,110,58,81
1,<environment.Job instance at 0x7f6420029320>,1,1,[10  1],2,2,3,0,2
1,<environment.Job instance at 0x7f641fb93be0>,15,14,[1 7],16,45,59,29,45
1,<environment.Job instance at 0x7f641fb93230>,19,14,[2 8],20,59,73,39,56
1,<environment.Job instance at 0x7f641fb92500>,2,16,[6 1],3,6,22,3,6
1,<environment.Job instance at 0x7f641ff09be0>,10,2,[3 5],11,16,18,5,16
1,<environment.Job instance at 0x7f641ff099b0>,11,12,[3 5],12,18,30,6,16
1,<environment.Job instance at 0x7f641ff287d0>,12,2,[1 9],13,30,32,17,16
1,<environment.Job instance at 0x7f6463c3a500>,16,16,[4 9],17,32,48,15,20
1,<environment.Job instance at 0x7f64200aed20>,20,2,[7 5],21,22,24,1,21
1,<environment.Job instance at 0x7f641ff31aa0>,23,1,[9 4],24,48,49,24,24
1,<environment.Job instance at 0x7f641ff285f0>,18,14,[5 4],19,49,63,30,40
1,<environment.Job instance at 0x7f6463b3d320>,28,13,[4 8],29,63,76,34,50
1,<environment.Job instance at 0x7f6463b132d0>,34,14,[ 5 10],35,76,90,41,61
1,<environment.Job instance at 0x7f646a8985f0>,41,12,[5 6],42,90,102,48,75
1,<environment.Job instance at 0x7f641fbb26e0>,1,12,[8 1],2,2,14,0,2
1,<environment.Job instance at 0x7f6463b51460>,2,13,[5 3],3,14,27,11,4
1,<environment.Job instance at 0x7f6463fc5d70>,8,12,[5 4],9,14,26,5,9
1,<environment.Job instance at 0x7f6463fb6c30>,6,15,[3 9],7,27,42,20,13
1,<environment.Job instance at 0x7f6463d61050>,21,12,[5 3],22,42,54,20,38
1,<environment.Job instance at 0x7f6420539e10>,0,15,[8 4],1,54,69,53,43
1,<environment.Job instance at 0x7f641fd8aaf0>,33,14,[6 2],34,69,83,35,59
1,<environment.Job instance at 0x7f641fe40d70>,31,15,[3 7],32,69,84,37,59
1,<environment.Job instance at 0x7f641fd8a9b0>,42,18,[4 8],43,84,102,41,73
1,<environment.Job instance at 0x7f646a9e4910>,4,13,[10  1],5,7,20,2,7
1,<environment.Job instance at 0x7f641fdf8320>,11,18,[7 1],12,20,38,8,12
1,<environment.Job instance at 0x7f641fdf8050>,15,16,[3 5],16,20,36,4,18
1,<environment.Job instance at 0x7f641fdf8550>,16,14,[6 2],17,38,52,21,23
1,<environment.Job instance at 0x7f641fdf8c30>,22,17,[1 5],23,36,53,13,29
1,<environment.Job instance at 0x7f641fdf85f0>,23,3,[8 2],24,52,55,28,31
1,<environment.Job instance at 0x7f641fdf8eb0>,25,3,[9 4],26,55,58,29,42
1,<environment.Job instance at 0x7f641fdf8910>,26,12,[5 3],27,58,70,31,42
1,<environment.Job instance at 0x7f646a9e4320>,6,15,[4 6],7,58,73,51,56
1,<environment.Job instance at 0x7f646ab79c80>,32,14,[5 2],33,70,84,37,56
1,<environment.Job instance at 0x7f646ab79f50>,28,15,[10  2],29,84,99,55,79
1,<environment.Job instance at 0x7f64200ee0a0>,2,14,[6 2],3,4,18,1,4
1,<environment.Job instance at 0x7f641fd9ff50>,4,2,[1 5],5,8,10,3,8
1,<environment.Job instance at 0x7f646397fe10>,8,12,[6 3],9,18,30,9,9
1,<environment.Job instance at 0x7f646a906f00>,17,17,[5 6],18,30,47,12,23
1,<environment.Job instance at 0x7f646a906a00>,18,2,[7 1],19,47,49,28,23
1,<environment.Job instance at 0x7f646a906140>,19,17,[5 2],20,30,47,10,23
1,<environment.Job instance at 0x7f646a906dc0>,22,3,[8 4],23,49,52,26,31
1,<environment.Job instance at 0x7f646a45f410>,16,14,[10  3],17,52,66,35,38
1,<environment.Job instance at 0x7f646a46c550>,27,3,[6 1],28,66,69,38,46
1,<environment.Job instance at 0x7f646a46ca50>,23,15,[2 7],24,66,81,42,52
1,<environment.Job instance at 0x7f646a900d70>,32,12,[7 3],33,69,81,36,62
1,<environment.Job instance at 0x7f646a46c140>,26,17,[8 4],27,81,98,54,71
1,<environment.Job instance at 0x7f6463955050>,38,18,[1 5],39,87,105,48,87
1,<environment.Job instance at 0x7f646a4635a0>,36,18,[7 3],37,98,116,61,89
1,<environment.Job instance at 0x7fea5fc8e230>,5,13,[5 9],6,6,19,0,6
1,<environment.Job instance at 0x7fea5fc8e370>,7,14,[5 1],8,10,24,2,10
1,<environment.Job instance at 0x7fea6709cf00>,3,18,[ 3 10],4,24,42,20,13
1,<environment.Job instance at 0x7fea5fc8e6e0>,12,3,[6 3],13,42,45,29,23
1,<environment.Job instance at 0x7fea5fc8ea50>,13,13,[1 8],14,45,58,31,32
1,<environment.Job instance at 0x7fea5fc8e820>,17,3,[10  3],18,58,61,40,46
1,<environment.Job instance at 0x7fea5fc8ecd0>,18,16,[8 5],19,61,77,42,49
1,<environment.Job instance at 0x7fea5fc8ed20>,21,3,[ 2 10],22,77,80,55,64
1,<environment.Job instance at 0x7fea5fc92190>,23,18,[5 2],24,80,98,56,69
1,<environment.Job instance at 0x7fea5fc92140>,25,3,[1 6],26,80,83,54,69
1,<environment.Job instance at 0x7fea5fc92460>,29,13,[1 6],30,83,96,53,71
1,<environment.Job instance at 0x7fea5fc920a0>,32,17,[9 3],33,98,115,65,93
1,<environment.Job instance at 0x7fea670c58c0>,1,1,[9 4],2,2,3,0,2
1,<environment.Job instance at 0x7fea670c52d0>,0,18,[7 5],1,3,21,2,3
1,<environment.Job instance at 0x7fea6720b410>,14,12,[6 1],15,22,34,7,22
1,<environment.Job instance at 0x7fea670c5dc0>,7,3,[7 4],8,34,37,26,22
1,<environment.Job instance at 0x7fea6720bb40>,15,14,[9 1],16,37,51,21,22
1,<environment.Job instance at 0x7fea6720be10>,19,16,[1 8],20,37,53,17,34
1,<environment.Job instance at 0x7fea6720b820>,16,15,[9 2],17,51,66,34,37
1,<environment.Job instance at 0x7fea67211e10>,25,15,[5 3],26,66,81,40,53
1,<environment.Job instance at 0x7fea67210780>,30,16,[9 3],31,81,97,50,68
1,<environment.Job instance at 0x7fea1c02fb40>,6,13,[5 1],7,7,20,0,7
1,<environment.Job instance at 0x7fea1bf93140>,2,14,[9 2],3,23,37,20,23
1,<environment.Job instance at 0x7fea1c02f9b0>,14,13,[5 9],15,37,50,22,23
1,<environment.Job instance at 0x7fea1c02fa00>,12,17,[10  4],13,50,67,37,39
1,<environment.Job instance at 0x7fea672174b0>,5,17,[5 9],6,67,84,61,67
1,<environment.Job instance at 0x7fea1bf14af0>,26,15,[ 5 10],27,84,99,57,82
1,<environment.Job instance at 0x7fea1bf14c80>,31,13,[3 6],32,99,112,67,83
1,<environment.Job instance at 0x7fea1bfd2230>,33,12,[3 8],34,112,124,78,97
1,<environment.Job instance at 0x7fea1c089230>,1,2,[3 8],2,3,5,1,3
1,<environment.Job instance at 0x7fea1c442d70>,3,13,[8 3],4,5,18,1,5
1,<environment.Job instance at 0x7fea1c4420f0>,5,18,[9 5],6,18,36,12,7
1,<environment.Job instance at 0x7fea1c3f7cd0>,15,2,[4 6],16,36,38,20,31
1,<environment.Job instance at 0x7fea1c3f7dc0>,17,14,[7 1],18,38,52,20,31
1,<environment.Job instance at 0x7fea1c5abe60>,18,3,[5 1],19,52,55,33,31
1,<environment.Job instance at 0x7fea1c3f7820>,6,15,[7 3],7,55,70,48,43
1,<environment.Job instance at 0x7fea1c5ab5a0>,20,14,[ 3 10],21,70,84,49,55
1,<environment.Job instance at 0x7fea1c14cdc0>,29,3,[8 4],30,84,87,54,65
1,<environment.Job instance at 0x7fea1c065dc0>,30,13,[ 4 10],31,87,100,56,71
1,<environment.Job instance at 0x7fea1c0659b0>,31,16,[2 8],32,100,116,68,89
1,<environment.Job instance at 0x7fea1c065a50>,2,17,[4 6],3,3,20,0,3
1,<environment.Job instance at 0x7fea1c41ebe0>,0,16,[1 9],1,20,36,19,13
1,<environment.Job instance at 0x7fea1c385a00>,12,13,[8 1],13,20,33,7,16
1,<environment.Job instance at 0x7fea1c385a50>,14,3,[2 5],15,36,39,21,22
1,<environment.Job instance at 0x7fea1c385af0>,13,16,[3 5],14,36,52,22,23
1,<environment.Job instance at 0x7fea1c385eb0>,17,14,[10  3],18,52,66,34,39
1,<environment.Job instance at 0x7fea1c3901e0>,22,13,[3 9],23,66,79,43,56
1,<environment.Job instance at 0x7fea1c390730>,27,14,[9 1],28,79,93,51,66
1,<environment.Job instance at 0x7fea1c390aa0>,30,17,[9 4],31,93,110,62,82
1,<environment.Job instance at 0x7fea1c385e60>,18,13,[8 2],19,110,123,91,94
1,<environment.Job instance at 0x7fea6006a2d0>,2,3,[ 3 10],3,3,6,0,3
1,<environment.Job instance at 0x7fea6006a910>,3,15,[6 5],4,6,21,2,5
1,<environment.Job instance at 0x7fea5fa00640>,11,17,[5 7],12,29,46,17,29
1,<environment.Job instance at 0x7fea5fa00fa0>,15,16,[4 5],16,46,62,30,33
1,<environment.Job instance at 0x7fea5fa00140>,8,14,[3 8],9,62,76,53,47
1,<environment.Job instance at 0x7fea1c143230>,26,14,[ 5 10],27,76,90,49,63
1,<environment.Job instance at 0x7fea1c1439b0>,30,1,[6 5],31,90,91,59,74
1,<environment.Job instance at 0x7fea1c143eb0>,31,14,[5 4],32,91,105,59,76
1,<environment.Job instance at 0x7fea1c1cc0a0>,20,18,[4 6],21,91,109,70,83
1,<environment.Job instance at 0x7fea1c0e28c0>,1,3,[5 9],2,2,5,0,2
1,<environment.Job instance at 0x7fea1c0e2f00>,0,18,[8 1],1,5,23,4,3
1,<environment.Job instance at 0x7fea5fced7d0>,7,17,[3 5],8,23,40,15,13
1,<environment.Job instance at 0x7fea1c13c4b0>,16,13,[3 9],17,40,53,23,24
1,<environment.Job instance at 0x7fea1c13cd70>,18,16,[6 5],19,24,40,5,24
1,<environment.Job instance at 0x7fea1c0a86e0>,23,14,[4 8],24,53,67,29,38
1,<environment.Job instance at 0x7fea66a67910>,24,16,[9 2],25,67,83,42,54
1,<environment.Job instance at 0x7fea1c5be0a0>,29,13,[1 8],30,67,80,37,54
1,<environment.Job instance at 0x7fea666307d0>,32,13,[ 5 10],33,83,96,50,71
1,<environment.Job instance at 0x7fea66b66460>,34,3,[7 4],35,96,99,61,79
1,<environment.Job instance at 0x7fea5fa38dc0>,26,15,[9 1],27,99,114,72,86
1,<environment.Job instance at 0x7fea66b66780>,2,1,[6 3],3,3,4,0,3
1,<environment.Job instance at 0x7fea669d6500>,3,16,[5 3],4,4,20,0,4
1,<environment.Job instance at 0x7fea1c598aa0>,4,17,[5 1],5,7,24,2,7
1,<environment.Job instance at 0x7fea1c598d70>,7,12,[7 2],8,24,36,16,8
1,<environment.Job instance at 0x7fea1c59b4b0>,16,2,[3 6],17,21,23,4,21
1,<environment.Job instance at 0x7fea1c59b5f0>,17,15,[4 6],18,36,51,18,22
1,<environment.Job instance at 0x7fea1c59b9b0>,21,2,[8 4],22,51,53,29,27
1,<environment.Job instance at 0x7fea1c59bdc0>,24,16,[4 5],25,53,69,28,42
1,<environment.Job instance at 0x7fea1c59bc30>,26,3,[8 3],27,69,72,42,56
1,<environment.Job instance at 0x7fea600ae0a0>,30,12,[1 7],31,69,81,38,56
1,<environment.Job instance at 0x7fea600ae460>,31,3,[6 4],32,56,59,24,56
1,<environment.Job instance at 0x7fea600ae3c0>,32,17,[ 2 10],33,81,98,48,70
1,<environment.Job instance at 0x7fea600ae640>,36,13,[4 7],37,98,111,61,83
1,<environment.Job instance at 0x7fea600aea50>,39,13,[7 4],40,111,124,71,95
1,<environment.Job instance at 0x7fea66647780>,1,3,[3 9],2,2,5,0,2
1,<environment.Job instance at 0x7fea5fb48690>,4,16,[5 5],5,5,21,0,5
1,<environment.Job instance at 0x7fea5fb48e60>,6,13,[3 9],7,21,34,14,13
1,<environment.Job instance at 0x7fea666e0c30>,13,12,[2 6],14,34,46,20,19
1,<environment.Job instance at 0x7fea666e0c80>,16,13,[5 5],17,46,59,29,33
1,<environment.Job instance at 0x7fea5fb48550>,0,14,[ 2 10],1,59,73,58,55
1,<environment.Job instance at 0x7fea6694a820>,27,2,[10  3],28,73,75,45,60
1,<environment.Job instance at 0x7fea5ff29fa0>,33,18,[7 1],34,83,101,49,83
1,<environment.Job instance at 0x7fea5fc06640>,34,14,[9 1],35,101,115,66,86
1,<environment.Job instance at 0x7fea1c560050>,4,3,[4 5],5,6,9,1,6
1,<environment.Job instance at 0x7fea66a67be0>,9,3,[8 2],10,10,13,0,10
1,<environment.Job instance at 0x7fea667f1b90>,19,18,[6 1],20,40,58,20,40
1,<environment.Job instance at 0x7fea5ff4b3c0>,20,15,[2 8],21,40,55,19,40
1,<environment.Job instance at 0x7fea66942aa0>,13,16,[8 1],14,58,74,44,45
1,<environment.Job instance at 0x7fea66647230>,27,16,[1 7],28,55,71,27,50
1,<environment.Job instance at 0x7fea66b33af0>,30,15,[4 7],31,74,89,43,60
1,<environment.Job instance at 0x7fea5fe39050>,34,13,[8 2],35,89,102,54,79
1,<environment.Job instance at 0x7fea5fe393c0>,36,3,[6 1],37,79,82,42,79
1,<environment.Job instance at 0x7fea5fe39280>,37,1,[5 1],38,82,83,44,79
1,<environment.Job instance at 0x7fea5fe39d70>,38,13,[2 5],39,89,102,50,79
1,<environment.Job instance at 0x7fea1c25a6e0>,41,12,[3 7],42,102,114,60,85
1,<environment.Job instance at 0x7fea1c25a8c0>,43,3,[10  3],44,114,117,70,92
1,<environment.Job instance at 0x7fea1c214320>,5,3,[9 2],6,8,11,2,8
1,<environment.Job instance at 0x7fea1c214550>,8,15,[5 8],9,13,28,4,13
1,<environment.Job instance at 0x7fea1c214a50>,13,2,[5 1],14,14,16,0,14
1,<environment.Job instance at 0x7fea1c25a8c0>,3,14,[ 5 10],4,28,42,24,15
1,<environment.Job instance at 0x7fea1c214fa0>,20,16,[7 5],21,42,58,21,31
1,<environment.Job instance at 0x7fea1c214e10>,21,15,[5 4],22,58,73,36,45
1,<environment.Job instance at 0x7fea1c2154b0>,24,17,[2 5],25,46,63,21,46
1,<environment.Job instance at 0x7fea1c215820>,28,2,[7 5],29,73,75,44,63
1,<environment.Job instance at 0x7fea1c214960>,12,12,[10  4],13,75,87,62,63
1,<environment.Job instance at 0x7fea1c215c30>,34,17,[1 9],35,87,104,52,75
1,<environment.Job instance at 0x7fea1c215d70>,36,18,[8 1],37,87,105,50,78
1,<environment.Job instance at 0x7fea1c215230>,23,17,[5 9],24,105,122,81,93
1,<environment.Job instance at 0x7fea1c240640>,2,12,[ 1 10],3,3,15,0,3
1,<environment.Job instance at 0x7fea1c1cac30>,0,15,[5 5],1,15,30,14,12
1,<environment.Job instance at 0x7fea5fcf20a0>,16,14,[6 4],17,33,47,16,33
1,<environment.Job instance at 0x7fea5fcf2320>,17,12,[5 9],18,47,59,29,35
1,<environment.Job instance at 0x7fea5fcf2aa0>,24,13,[2 7],25,59,72,34,44
1,<environment.Job instance at 0x7fea1bf2a140>,28,14,[6 4],29,72,86,43,64
1,<environment.Job instance at 0x7fea1c240500>,4,15,[10  2],5,86,101,81,74
1,<environment.Job instance at 0x7fea5fff4c30>,41,15,[8 4],42,101,116,59,92
1,<environment.Job instance at 0x7fea5fff4910>,43,16,[2 6],44,101,117,57,95
1,<environment.Job instance at 0x7fea1c3f7280>,1,2,[1 9],2,2,4,0,2
1,<environment.Job instance at 0x7fea6685e3c0>,2,3,[10  4],3,4,7,1,3
1,<environment.Job instance at 0x7fea66adca50>,3,13,[8 4],4,7,20,3,5
1,<environment.Job instance at 0x7fea66adc140>,5,16,[7 3],6,20,36,14,7
1,<environment.Job instance at 0x7fea1c251500>,13,3,[ 4 10],14,36,39,22,26
1,<environment.Job instance at 0x7fea5fa57280>,14,3,[10  2],15,39,42,24,26
1,<environment.Job instance at 0x7fea1c251af0>,8,13,[8 5],9,42,55,33,26
1,<environment.Job instance at 0x7fea6009a3c0>,22,14,[7 3],23,55,69,32,43
1,<environment.Job instance at 0x7fea6697c3c0>,28,3,[10  4],29,69,72,40,50
1,<environment.Job instance at 0x7fea6697cbe0>,31,1,[2 5],32,59,60,27,59
1,<environment.Job instance at 0x7fea6697c2d0>,32,13,[ 3 10],33,72,85,39,59
1,<environment.Job instance at 0x7fea6697caa0>,33,14,[ 4 10],34,85,99,51,73
1,<environment.Job instance at 0x7fea6009a4b0>,20,17,[9 2],21,99,116,78,89
1,<environment.Job instance at 0x7fea60031be0>,1,16,[5 5],2,3,19,1,3
1,<environment.Job instance at 0x7fea5fd45dc0>,0,15,[1 8],1,19,34,18,14
1,<environment.Job instance at 0x7fea5ff4d410>,23,18,[4 5],24,35,53,11,35
1,<environment.Job instance at 0x7fea5ff4d230>,24,1,[6 1],25,35,36,10,35
1,<environment.Job instance at 0x7fea1be4c730>,25,15,[1 5],26,36,51,10,35
1,<environment.Job instance at 0x7fea5ff7ceb0>,26,16,[5 6],27,53,69,26,40
1,<environment.Job instance at 0x7fea5ff45af0>,15,16,[10  3],16,69,85,53,58
1,<environment.Job instance at 0x7fea6688f5a0>,31,16,[4 6],32,85,101,53,72
1,<environment.Job instance at 0x7fea66658aa0>,5,17,[1 7],6,6,23,0,6
1,<environment.Job instance at 0x7fea1c14b820>,0,13,[5 8],1,23,36,22,11
1,<environment.Job instance at 0x7fea1c454fa0>,12,3,[4 6],13,36,39,23,16
1,<environment.Job instance at 0x7fea600dee10>,18,13,[6 2],19,36,49,17,26
1,<environment.Job instance at 0x7fea1c0973c0>,16,15,[ 3 10],17,49,64,32,38
1,<environment.Job instance at 0x7fea6003c190>,21,12,[5 8],22,64,76,42,47
1,<environment.Job instance at 0x7fea6699a960>,23,18,[9 2],24,76,94,52,65
1,<environment.Job instance at 0x7fea669743c0>,33,14,[3 6],34,94,108,60,89
1,<environment.Job instance at 0x7fea5ff1d640>,26,16,[5 9],27,108,124,81,96
1,<environment.Job instance at 0x7fea66974d20>,2,2,[8 4],3,3,5,0,3
1,<environment.Job instance at 0x7fea1bda6eb0>,3,3,[10  2],4,5,8,1,4
1,<environment.Job instance at 0x7fea1bda6960>,4,1,[5 9],5,8,9,3,5
1,<environment.Job instance at 0x7fea1bda6e10>,5,14,[4 8],6,9,23,3,9
1,<environment.Job instance at 0x7fea1bc75050>,16,16,[ 1 10],17,29,45,12,29
1,<environment.Job instance at 0x7fea1bc755f0>,22,16,[2 8],23,45,61,22,34
1,<environment.Job instance at 0x7fea1bc75780>,19,15,[ 5 10],20,61,76,41,50
1,<environment.Job instance at 0x7fea1c5d8320>,26,15,[5 9],27,76,91,49,64
1,<environment.Job instance at 0x7fea1c5d80f0>,30,15,[8 4],31,91,106,60,85
1,<environment.Job instance at 0x7fea1c5d8c30>,31,12,[8 1],32,106,118,74,89
1,<environment.Job instance at 0x7fea5fa4cbe0>,1,1,[5 3],2,2,3,0,2
1,<environment.Job instance at 0x7fea1c611050>,2,17,[5 7],3,7,24,4,7
1,<environment.Job instance at 0x7fea1bc5ff00>,5,3,[ 1 10],6,24,27,18,13
1,<environment.Job instance at 0x7fea1c2a2280>,12,2,[8 5],13,27,29,14,15
1,<environment.Job instance at 0x7fea5fc0ee60>,10,18,[9 3],11,29,47,18,18
1,<environment.Job instance at 0x7fea5fc0c690>,18,16,[8 4],19,47,63,28,34
1,<environment.Job instance at 0x7fea1c2a2370>,11,17,[9 4],12,63,80,51,51
1,<environment.Job instance at 0x7fea1c357a50>,24,13,[10  1],25,80,93,55,65
1,<environment.Job instance at 0x7fea1c365f50>,27,13,[7 1],28,93,106,65,80
1,<environment.Job instance at 0x7fea1bd19050>,30,12,[3 8],31,93,105,62,82
1,<environment.Job instance at 0x7fea5fc08be0>,35,16,[3 5],36,105,121,69,93
1,<environment.Job instance at 0x7fea1c2f8050>,0,12,[9 4],1,5,17,4,5
1,<environment.Job instance at 0x7fea1c48e370>,4,17,[3 5],5,17,34,12,12
1,<environment.Job instance at 0x7fea1c3ecbe0>,13,13,[6 5],14,17,30,3,17
1,<environment.Job instance at 0x7fea1be963c0>,14,2,[1 5],15,30,32,15,17
1,<environment.Job instance at 0x7fea66936050>,15,3,[9 4],16,34,37,18,17
1,<environment.Job instance at 0x7fea66936e10>,11,13,[5 8],12,37,50,25,21
1,<environment.Job instance at 0x7fea6709d0a0>,23,16,[9 5],24,50,66,26,37
1,<environment.Job instance at 0x7fea5fbe45a0>,28,2,[7 1],29,66,68,37,60
1,<environment.Job instance at 0x7fea66944910>,29,17,[5 2],30,68,85,38,60
1,<environment.Job instance at 0x7fea5fc01730>,30,14,[6 1],31,85,99,54,70
1,<environment.Job instance at 0x7fea5ff32370>,33,15,[2 7],34,77,92,43,77
1,<environment.Job instance at 0x7fea5ff32e10>,36,17,[8 4],37,99,116,62,90
1,<environment.Job instance at 0x7fea1bd6e4b0>,0,15,[2 8],1,3,18,2,3
1,<environment.Job instance at 0x7fea1bd6eaf0>,6,14,[2 6],7,18,32,11,7
1,<environment.Job instance at 0x7fea1bd6e780>,9,17,[5 4],10,18,35,8,16
1,<environment.Job instance at 0x7fea5fa08cd0>,11,12,[2 8],12,35,47,23,22
1,<environment.Job instance at 0x7fea5fa08230>,16,14,[6 2],17,35,49,18,27
1,<environment.Job instance at 0x7fea5fa08960>,19,14,[4 7],20,47,61,27,32
1,<environment.Job instance at 0x7fea666c4b90>,24,14,[5 6],25,61,75,36,46
1,<environment.Job instance at 0x7fea1bd6e5f0>,4,15,[10  1],5,75,90,70,62
1,<environment.Job instance at 0x7fea66bf4c30>,35,2,[5 2],36,90,92,54,81
1,<environment.Job instance at 0x7fea666c4320>,27,17,[ 5 10],28,92,109,64,81
1,<environment.Job instance at 0x7fea66732cd0>,6,18,[1 8],7,7,25,0,7
1,<environment.Job instance at 0x7fea1c0c8690>,9,12,[10  1],10,25,37,15,11
1,<environment.Job instance at 0x7fea5fc0de60>,10,15,[8 5],11,37,52,26,23
1,<environment.Job instance at 0x7fea1be7f320>,16,2,[6 5],17,52,54,35,34
1,<environment.Job instance at 0x7fea1bc0d5a0>,20,1,[10  3],21,54,55,33,35
1,<environment.Job instance at 0x7fea66aa1690>,0,16,[5 9],1,55,71,54,44
1,<environment.Job instance at 0x7fea5fc77780>,25,3,[3 6],26,71,74,45,52
1,<environment.Job instance at 0x7fea1bc0d910>,21,17,[7 1],22,71,88,49,59
1,<environment.Job instance at 0x7fea66a3eaf0>,29,13,[9 3],30,88,101,58,75
1,<environment.Job instance at 0x7fea5fc80aa0>,26,18,[4 9],27,101,119,74,90
1,<environment.Job instance at 0x7f3a6319d1e0>,0,18,[ 2 10],1,8,26,7,8
1,<environment.Job instance at 0x7f3a5bd8e3c0>,7,14,[5 1],8,26,40,18,13
1,<environment.Job instance at 0x7f3a5bd8e730>,9,17,[ 4 10],10,40,57,30,37
1,<environment.Job instance at 0x7f3a5bd8eaa0>,14,12,[3 7],15,57,69,42,41
1,<environment.Job instance at 0x7f3a5bd8ecd0>,18,16,[8 5],19,69,85,50,59
1,<environment.Job instance at 0x7f3a5bd8efa0>,23,18,[5 2],24,85,103,61,75
1,<environment.Job instance at 0x7f3a5bd90190>,29,13,[1 6],30,85,98,55,76
1,<environment.Job instance at 0x7f3a5bd90690>,32,17,[9 3],33,103,120,70,99
1,<environment.Job instance at 0x7f3a5bd90a50>,37,14,[5 5],38,120,134,82,108
1,<environment.Job instance at 0x7f3a5bd90a50>,2,2,[4 8],3,4,6,1,4
1,<environment.Job instance at 0x7f3a631c5eb0>,4,12,[6 1],5,5,17,0,5
1,<environment.Job instance at 0x7f3a631c55f0>,5,14,[9 1],6,17,31,11,6
1,<environment.Job instance at 0x7f3a6330b820>,13,3,[1 5],14,15,18,1,15
1,<environment.Job instance at 0x7f3a6330b5a0>,14,15,[9 1],15,31,46,16,20
1,<environment.Job instance at 0x7f3a633114b0>,18,16,[7 1],19,46,62,27,34
1,<environment.Job instance at 0x7f3a63311410>,20,16,[9 3],21,62,78,41,49
1,<environment.Job instance at 0x7f3a18088d20>,1,1,[8 3],2,4,5,2,4
1,<environment.Job instance at 0x7f3a18085b90>,5,17,[3 5],6,6,23,0,6
1,<environment.Job instance at 0x7f3a18081f50>,13,12,[3 8],14,23,35,9,14
1,<environment.Job instance at 0x7f3a180813c0>,14,14,[8 5],15,35,49,20,23
1,<environment.Job instance at 0x7f3a180816e0>,12,16,[8 5],13,49,65,36,37
1,<environment.Job instance at 0x7f3a18085910>,6,15,[ 5 10],7,65,80,58,55
1,<environment.Job instance at 0x7f3a18081eb0>,18,18,[3 8],19,80,98,61,72
1,<environment.Job instance at 0x7f3a180d1e10>,28,12,[9 2],29,98,110,69,82
1,<environment.Job instance at 0x7f3a1807d410>,24,15,[9 5],25,110,125,85,96
1,<environment.Job instance at 0x7f3a1844c640>,3,13,[2 5],4,7,20,3,7
1,<environment.Job instance at 0x7f3a186c2e10>,8,14,[10  4],9,20,34,11,11
1,<environment.Job instance at 0x7f3a1844cf00>,9,16,[1 7],10,34,50,24,21
1,<environment.Job instance at 0x7f3a1844eaa0>,22,15,[7 3],23,34,49,11,26
1,<environment.Job instance at 0x7f3a1844e0f0>,24,12,[2 9],25,50,62,25,37
1,<environment.Job instance at 0x7f3a186be820>,18,17,[2 8],19,62,79,43,50
1,<environment.Job instance at 0x7f3a18164230>,33,12,[8 5],34,79,91,45,62
1,<environment.Job instance at 0x7f3a184375a0>,37,13,[ 1 10],38,91,104,53,79
1,<environment.Job instance at 0x7f3a180146e0>,40,17,[7 1],41,104,121,63,92
1,<environment.Job instance at 0x7f3a18014aa0>,41,18,[3 8],42,104,122,62,96
1,<environment.Job instance at 0x7f3a1818a280>,1,2,[5 6],2,2,4,0,2
1,<environment.Job instance at 0x7f3a5bede690>,3,17,[1 8],4,6,23,2,6
1,<environment.Job instance at 0x7f3a18486b90>,6,17,[9 1],7,9,26,2,9
1,<environment.Job instance at 0x7f3a18486f50>,9,16,[1 8],10,23,39,13,12
1,<environment.Job instance at 0x7f3a1848c9b0>,20,13,[3 8],21,39,52,18,25
1,<environment.Job instance at 0x7f3a18486e10>,8,12,[ 2 10],9,52,64,43,35
1,<environment.Job instance at 0x7f3a18492410>,29,14,[2 6],30,64,78,34,49
1,<environment.Job instance at 0x7f3a18492230>,32,12,[4 9],33,78,90,45,63
1,<environment.Job instance at 0x7f3a1848c0f0>,12,17,[10  3],13,90,107,77,79
1,<environment.Job instance at 0x7f3a18492a50>,35,14,[7 3],36,107,121,71,92
1,<environment.Job instance at 0x7f3a1835abe0>,13,18,[ 1 10],14,45,63,31,45
1,<environment.Job instance at 0x7f3a5bf196e0>,19,14,[9 5],20,63,77,43,48
1,<environment.Job instance at 0x7f3a631c6af0>,3,13,[7 5],4,6,19,2,6
1,<environment.Job instance at 0x7f3a62c33d20>,2,15,[10  1],3,22,37,19,22
1,<environment.Job instance at 0x7f3a18504e10>,15,3,[1 9],16,37,40,21,25
1,<environment.Job instance at 0x7f3a18545c80>,14,16,[9 4],15,40,56,25,27
1,<environment.Job instance at 0x7f3a186253c0>,17,13,[ 4 10],18,56,69,38,44
1,<environment.Job instance at 0x7f3a182de7d0>,23,13,[5 1],24,69,82,45,53
1,<environment.Job instance at 0x7f3a185c3aa0>,26,12,[1 5],27,69,81,42,53
1,<environment.Job instance at 0x7f3a627e56e0>,32,15,[6 2],33,82,97,49,68
1,<environment.Job instance at 0x7f3a5bf423c0>,34,3,[3 6],35,81,84,46,70
1,<environment.Job instance at 0x7f3a17fe9dc0>,29,17,[1 9],30,97,114,67,86
1,<environment.Job instance at 0x7f3a6293beb0>,41,12,[1 8],42,114,126,72,101
1,<environment.Job instance at 0x7f3a1835a500>,1,16,[5 7],2,2,18,0,2
1,<environment.Job instance at 0x7f3a5bd5b780>,11,2,[7 1],12,18,20,6,12
1,<environment.Job instance at 0x7f3a5bcec960>,5,14,[4 6],6,20,34,14,12
1,<environment.Job instance at 0x7f3a5bd5ba00>,15,12,[8 5],16,34,46,18,18
1,<environment.Job instance at 0x7f3a5bd5bf50>,19,1,[8 2],20,46,47,26,20
1,<environment.Job instance at 0x7f3a5bd3e0f0>,20,13,[5 3],21,21,34,0,21
1,<environment.Job instance at 0x7f3a5bd3e550>,23,12,[7 4],24,47,59,23,34
1,<environment.Job instance at 0x7f3a5bd3e5f0>,24,3,[ 3 10],25,59,62,34,34
1,<environment.Job instance at 0x7f3a5bd3e8c0>,30,14,[ 2 10],31,62,76,31,47
1,<environment.Job instance at 0x7f3a5bd3ecd0>,33,18,[5 5],34,76,94,42,65
1,<environment.Job instance at 0x7f3a5bd3ef00>,34,16,[5 5],35,76,92,41,65
1,<environment.Job instance at 0x7f3a5bd3efa0>,35,17,[ 3 10],36,94,111,58,83
1,<environment.Job instance at 0x7f3a5bd5a500>,43,12,[2 6],44,111,123,67,97
1,<environment.Job instance at 0x7f3a5bd5a9b0>,46,13,[5 5],47,123,136,76,107
1,<environment.Job instance at 0x7f3a18164910>,1,2,[1 6],2,2,4,0,2
1,<environment.Job instance at 0x7f3a62725050>,4,14,[6 4],5,5,19,0,5
1,<environment.Job instance at 0x7f3a18586fa0>,15,2,[ 2 10],16,19,21,3,16
1,<environment.Job instance at 0x7f3a631bda50>,20,1,[8 1],21,22,23,1,22
1,<environment.Job instance at 0x7f3a5be5f500>,22,2,[3 6],23,23,25,0,23
1,<environment.Job instance at 0x7f3a182d7c30>,24,3,[4 5],25,25,28,0,25
1,<environment.Job instance at 0x7f3a18164b40>,9,12,[9 4],10,28,40,18,26
1,<environment.Job instance at 0x7f3a5bca3b40>,26,3,[5 8],27,40,43,13,27
1,<environment.Job instance at 0x7f3a5bd860a0>,34,3,[2 7],35,43,46,8,42
1,<environment.Job instance at 0x7f3a181645f0>,0,16,[ 2 10],1,46,62,45,44
1,<environment.Job instance at 0x7f3a5bd86aa0>,39,18,[6 1],40,62,80,22,62
1,<environment.Job instance at 0x7f3a186a3af0>,41,3,[2 6],42,65,68,23,65
1,<environment.Job instance at 0x7f3a5bd86730>,36,12,[3 9],37,68,80,31,67
1,<environment.Job instance at 0x7f3a5c21ff00>,43,3,[8 3],44,80,83,36,67
1,<environment.Job instance at 0x7f3a5c21f0f0>,42,12,[6 1],43,83,95,40,67
1,<environment.Job instance at 0x7f3a62cf2a50>,47,16,[1 7],48,80,96,32,75
1,<environment.Job instance at 0x7f3a1857e410>,49,18,[2 7],50,96,114,46,86
1,<environment.Job instance at 0x7f3a1857e0a0>,52,1,[5 1],53,98,99,45,98
1,<environment.Job instance at 0x7f3a1857e320>,53,16,[9 4],54,114,130,60,103
1,<environment.Job instance at 0x7f3a1857e640>,55,1,[6 4],56,130,131,74,104
1,<environment.Job instance at 0x7f3a1857efa0>,56,3,[6 1],57,104,107,47,104
1,<environment.Job instance at 0x7f3a62c66500>,1,1,[8 4],2,2,3,0,2
1,<environment.Job instance at 0x7f3a1810bbe0>,2,1,[2 5],3,3,4,0,3
1,<environment.Job instance at 0x7f3a5c0728c0>,8,18,[5 8],9,14,32,5,14
1,<environment.Job instance at 0x7f3a180bccd0>,16,17,[3 5],17,32,49,15,22
1,<environment.Job instance at 0x7f3a62818fa0>,22,12,[10  4],23,49,61,26,34
1,<environment.Job instance at 0x7f3a180bc820>,13,14,[ 5 10],14,61,75,47,48
1,<environment.Job instance at 0x7f3a62b4f370>,29,15,[6 2],30,75,90,45,61
1,<environment.Job instance at 0x7f3a5c1b3370>,30,16,[7 5],31,90,106,59,78
1,<environment.Job instance at 0x7f3a5bb59b90>,1,3,[8 5],2,2,5,0,2
1,<environment.Job instance at 0x7f3a18504320>,2,12,[ 1 10],3,11,23,8,11
1,<environment.Job instance at 0x7f3a6279bc30>,8,3,[ 1 10],9,23,26,14,11
1,<environment.Job instance at 0x7f3a6279bc80>,9,3,[9 3],10,26,29,16,11
1,<environment.Job instance at 0x7f3a6279b9b0>,11,3,[1 8],12,29,32,17,12
1,<environment.Job instance at 0x7f3a5c0c6cd0>,0,15,[5 5],1,33,48,32,33
1,<environment.Job instance at 0x7f3a18700190>,18,2,[6 3],19,48,50,29,33
1,<environment.Job instance at 0x7f3a187004b0>,20,12,[5 6],21,50,62,29,33
1,<environment.Job instance at 0x7f3a18700280>,17,12,[5 9],18,62,74,44,45
1,<environment.Job instance at 0x7f3a18700870>,26,18,[6 4],27,74,92,47,64
1,<environment.Job instance at 0x7f3a186de500>,36,12,[8 4],37,92,104,55,80
1,<environment.Job instance at 0x7f3a186de5a0>,37,16,[1 8],38,104,120,66,92
1,<environment.Job instance at 0x7f3a186de870>,42,14,[9 2],43,104,118,61,96
1,<environment.Job instance at 0x7f3a186decd0>,45,17,[5 3],46,120,137,74,108
1,<environment.Job instance at 0x7f3a627c1320>,2,16,[5 4],3,8,24,5,8
1,<environment.Job instance at 0x7f3a62aaaaa0>,9,14,[5 1],10,10,24,0,10
1,<environment.Job instance at 0x7f3a185f90f0>,14,1,[7 4],15,24,25,9,15
1,<environment.Job instance at 0x7f3a62c3a1e0>,10,17,[9 2],11,31,48,20,31
1,<environment.Job instance at 0x7f3a185f9eb0>,24,1,[5 5],25,48,49,23,33
1,<environment.Job instance at 0x7f3a627c05a0>,25,14,[5 7],26,49,63,23,37
1,<environment.Job instance at 0x7f3a5bd0a050>,30,2,[5 4],31,63,65,32,52
1,<environment.Job instance at 0x7f3a23d2d910>,23,14,[ 4 10],24,65,79,41,52
1,<environment.Job instance at 0x7f3a627c0d70>,26,16,[9 2],27,79,95,52,68
1,<environment.Job instance at 0x7f3a63308a00>,41,14,[10  1],42,95,109,53,84
1,<environment.Job instance at 0x7f3a180d3d70>,48,12,[3 9],49,109,121,60,95
1,<environment.Job instance at 0x7f3a5bf40e10>,5,15,[1 5],6,9,24,3,9
1,<environment.Job instance at 0x7f3a5bd6b050>,12,15,[5 1],13,13,28,0,13
1,<environment.Job instance at 0x7f3a5bd6b140>,15,3,[10  5],16,28,31,12,16
1,<environment.Job instance at 0x7f3a5bc63690>,0,13,[10  1],1,31,44,30,17
1,<environment.Job instance at 0x7f3a5bb713c0>,3,18,[4 5],4,44,62,40,33
1,<environment.Job instance at 0x7f3a5be18730>,20,13,[1 5],21,44,57,23,33
1,<environment.Job instance at 0x7f3a1849b460>,25,13,[5 4],26,57,70,31,41
1,<environment.Job instance at 0x7f3a1849bfa0>,27,15,[2 6],28,62,77,34,53
1,<environment.Job instance at 0x7f3a1849b190>,28,18,[ 5 10],29,77,95,48,66
1,<environment.Job instance at 0x7f3a1849b910>,31,1,[10  1],32,95,96,63,71
1,<environment.Job instance at 0x7f3a1849baf0>,29,18,[10  2],30,96,114,66,89
1,<environment.Job instance at 0x7f3a5be18870>,17,15,[10  4],18,114,129,96,106
1,<environment.Job instance at 0x7f3a5bd6d690>,3,14,[3 6],4,5,19,1,5
1,<environment.Job instance at 0x7f3a5c278fa0>,6,14,[4 7],7,19,33,12,12
1,<environment.Job instance at 0x7f3a1819d910>,11,1,[ 3 10],12,33,34,21,14
1,<environment.Job instance at 0x7f3a1819db40>,12,16,[6 1],13,15,31,2,15
1,<environment.Job instance at 0x7f3a1819d230>,8,12,[10  3],9,34,46,25,19
1,<environment.Job instance at 0x7f3a5bda0500>,13,14,[ 4 10],14,46,60,32,32
1,<environment.Job instance at 0x7f3a182577d0>,24,3,[8 5],25,60,63,35,44
1,<environment.Job instance at 0x7f3a181c2e10>,27,18,[6 1],28,63,81,35,52
1,<environment.Job instance at 0x7f3a1826ec80>,26,16,[4 9],27,67,83,40,67
1,<environment.Job instance at 0x7f3a5bdc3460>,37,13,[9 4],38,83,96,45,71
1,<environment.Job instance at 0x7f3a18283f00>,38,13,[4 8],39,96,109,57,80
1,<environment.Job instance at 0x7f3a1826e960>,28,14,[5 4],29,109,123,80,94
1,<environment.Job instance at 0x7f3a5bfcf500>,8,3,[1 7],9,9,12,0,9
1,<environment.Job instance at 0x7f3a62bd44b0>,13,2,[6 2],14,14,16,0,14
1,<environment.Job instance at 0x7f3a626dcd70>,0,13,[8 3],1,16,29,15,15
1,<environment.Job instance at 0x7f3a62cd96e0>,16,2,[ 1 10],17,29,31,12,17
1,<environment.Job instance at 0x7f3a185616e0>,17,3,[2 7],18,18,21,0,18
1,<environment.Job instance at 0x7f3a5bfcf370>,14,16,[5 8],15,31,47,16,24
1,<environment.Job instance at 0x7f3a5c17da50>,21,15,[3 7],22,47,62,25,38
1,<environment.Job instance at 0x7f3a18546280>,6,13,[ 2 10],7,62,75,55,48
1,<environment.Job instance at 0x7f3a5c2388c0>,38,12,[10  4],39,75,87,36,62
1,<environment.Job instance at 0x7f3a62bee140>,33,15,[ 2 10],34,87,102,53,73
1,<environment.Job instance at 0x7f3a5bb85820>,50,12,[2 5],51,102,114,51,85
1,<environment.Job instance at 0x7f3a5bd62640>,51,17,[7 4],52,102,119,50,90
1,<environment.Job instance at 0x7f3a17efecd0>,60,15,[5 5],61,119,134,58,105
1,<environment.Job instance at 0x7f3a17ebe7d0>,5,3,[8 5],6,19,22,13,19
1,<environment.Job instance at 0x7f3a17ebe280>,9,3,[ 4 10],10,22,25,12,20
1,<environment.Job instance at 0x7f3a17ebefa0>,10,13,[5 8],11,25,38,14,24
1,<environment.Job instance at 0x7f3a17efef00>,2,14,[5 2],3,29,43,26,29
1,<environment.Job instance at 0x7f3a17ebe050>,17,16,[8 4],18,56,72,38,56
1,<environment.Job instance at 0x7f3a17d76230>,25,2,[8 4],26,72,74,46,58
1,<environment.Job instance at 0x7f3a17ebe910>,11,16,[5 2],12,74,90,62,61
1,<environment.Job instance at 0x7f3a17d76320>,23,12,[8 2],24,90,102,66,77
1,<environment.Job instance at 0x7f3a17d76b90>,34,2,[3 6],35,77,79,42,77
1,<environment.Job instance at 0x7f3a17d762d0>,35,15,[9 1],36,102,117,66,89
1,<environment.Job instance at 0x7f3a17d6e280>,40,15,[1 8],41,100,115,59,100
1,<environment.Job instance at 0x7f3a17d6ea00>,37,16,[8 4],38,117,133,79,105
1,<environment.Job instance at 0x7f3a62721a50>,0,3,[7 3],1,5,8,4,5
1,<environment.Job instance at 0x7f3a5bb7a8c0>,7,15,[1 8],8,22,37,14,22
1,<environment.Job instance at 0x7f3a17d173c0>,6,12,[6 2],7,22,34,15,22
1,<environment.Job instance at 0x7f3a5bb7a690>,4,17,[5 5],5,37,54,32,25
1,<environment.Job instance at 0x7f3a5bb89280>,11,15,[10  4],12,76,91,64,76
1,<environment.Job instance at 0x7f3a5bb89d70>,16,14,[9 2],17,108,122,91,108
1,<environment.Job instance at 0x7f3a5bd0c640>,4,3,[ 3 10],5,5,8,0,5
1,<environment.Job instance at 0x7f3a5bd0c2d0>,0,13,[6 3],1,8,21,7,5
1,<environment.Job instance at 0x7f3a5bba6be0>,3,14,[6 4],4,21,35,17,6
1,<environment.Job instance at 0x7f3a186c2550>,15,3,[ 1 10],16,35,38,19,20
1,<environment.Job instance at 0x7f3a628e1af0>,16,3,[3 9],17,38,41,21,21
1,<environment.Job instance at 0x7f3a628e18c0>,17,13,[ 5 10],18,41,54,23,25
1,<environment.Job instance at 0x7f3a1872ff00>,13,15,[2 8],14,54,69,40,40
1,<environment.Job instance at 0x7f3a6261b5f0>,27,16,[1 7],28,69,85,41,56
1,<environment.Job instance at 0x7f3a17d98910>,39,12,[10  1],40,99,111,59,99
1,<environment.Job instance at 0x7f3a17d98960>,40,15,[8 5],41,111,126,70,99
1,<environment.Job instance at 0x7f3a6274d0a0>,0,2,[9 2],1,1,3,0,1
1,<environment.Job instance at 0x7f3a5bb68c30>,9,16,[8 4],10,12,28,2,12
1,<environment.Job instance at 0x7f3a5be90e60>,13,16,[5 9],14,28,44,14,17
1,<environment.Job instance at 0x7f3a5bb685a0>,8,18,[5 9],9,44,62,35,36
1,<environment.Job instance at 0x7f3a5be90550>,23,12,[8 2],24,62,74,38,45
1,<environment.Job instance at 0x7f3a625c9050>,25,15,[8 3],26,74,89,48,60
1,<environment.Job instance at 0x7f3a5c18ee60>,30,14,[5 3],31,89,103,58,75
1,<environment.Job instance at 0x7f3a5c18ebe0>,32,12,[9 4],33,103,115,70,91
1,<environment.Job instance at 0x7f3a5beec910>,38,13,[7 2],39,115,128,76,102
1,<environment.Job instance at 0x7f3a5beecb90>,39,2,[1 6],40,102,104,62,102
1,<environment.Job instance at 0x7f3a181bf230>,1,16,[1 7],2,115,131,113,105
1,<environment.Job instance at 0x7f3a628c1d70>,1,18,[5 6],2,5,23,3,5
1,<environment.Job instance at 0x7f3a17f7c140>,9,14,[2 7],10,23,37,13,14
1,<environment.Job instance at 0x7f3a5c21b5f0>,12,16,[3 7],13,37,53,24,24
1,<environment.Job instance at 0x7f3a181e8230>,22,16,[6 4],23,53,69,30,41
1,<environment.Job instance at 0x7f3a181e8be0>,23,12,[10  2],24,69,81,45,54
1,<environment.Job instance at 0x7f3a5bb89e60>,30,15,[8 4],31,81,96,50,69
1,<environment.Job instance at 0x7f3a5c1d5140>,38,12,[10  1],39,96,108,57,82
1,<environment.Job instance at 0x7f3a5c1d5dc0>,37,15,[ 3 10],38,108,123,70,94
1,<environment.Job instance at 0x7f2b1209d0a0>,2,12,[5 4],3,3,15,0,3
1,<environment.Job instance at 0x7f2b0ac8d230>,5,13,[5 9],6,15,28,9,6
1,<environment.Job instance at 0x7f2b0ac8d690>,8,17,[ 2 10],9,28,45,19,17
1,<environment.Job instance at 0x7f2b0ac8da00>,13,13,[1 8],14,45,58,31,30
1,<environment.Job instance at 0x7f2b0ac8da50>,16,12,[1 8],17,58,70,41,41
1,<environment.Job instance at 0x7f2b0ac8d820>,23,18,[5 2],24,83,101,59,83
1,<environment.Job instance at 0x7f2b0ac8f550>,29,13,[1 6],30,87,100,57,87
1,<environment.Job instance at 0x7f2b0ac8f5a0>,31,17,[4 9],32,101,118,69,93
1,<environment.Job instance at 0x7f2b0ac8f820>,35,16,[8 1],36,118,134,82,111
1,<environment.Job instance at 0x7f2b0ac8fa00>,38,12,[3 6],39,134,146,95,118
1,<environment.Job instance at 0x7f2b12209a50>,5,15,[5 3],6,9,24,3,9
1,<environment.Job instance at 0x7f2b12203be0>,9,14,[8 1],10,24,38,14,11
1,<environment.Job instance at 0x7f2b12203f00>,10,16,[9 3],11,38,54,27,26
1,<environment.Job instance at 0x7f2b12217190>,18,14,[5 1],19,54,68,35,39
1,<environment.Job instance at 0x7f2b12217780>,20,17,[3 8],21,54,71,33,42
1,<environment.Job instance at 0x7f2b122172d0>,23,16,[6 4],24,71,87,47,61
1,<environment.Job instance at 0x7f2b1220d280>,28,12,[3 9],29,87,99,58,77
1,<environment.Job instance at 0x7f2b1220dd70>,31,16,[1 9],32,99,115,67,86
1,<environment.Job instance at 0x7f2b12211b40>,38,16,[3 9],39,115,131,76,103
1,<environment.Job instance at 0x7f2b120c5c30>,43,15,[4 8],44,131,146,87,117
1,<environment.Job instance at 0x7f2b120c5c30>,2,3,[3 9],3,4,7,1,4
1,<environment.Job instance at 0x7f2ac6f41410>,6,17,[2 6],7,7,24,0,7
1,<environment.Job instance at 0x7f2ac6f415f0>,7,16,[2 8],8,24,40,16,12
1,<environment.Job instance at 0x7f2ac6f41230>,11,3,[1 8],12,40,43,28,15
1,<environment.Job instance at 0x7f2ac6f41460>,13,14,[3 5],14,43,57,29,31
1,<environment.Job instance at 0x7f2ac6f41be0>,14,17,[1 9],15,57,74,42,53
1,<environment.Job instance at 0x7f2ac6fa44b0>,27,14,[3 5],28,74,88,46,60
1,<environment.Job instance at 0x7f2ac6fa4910>,36,14,[5 4],37,116,130,79,116
1,<environment.Job instance at 0x7f2ac6f8b0a0>,0,1,[5 1],1,5,6,4,5
1,<environment.Job instance at 0x7f2ac734b730>,6,3,[2 7],7,7,10,0,7
1,<environment.Job instance at 0x7f2ac6f8b140>,2,2,[1 5],3,10,12,7,8
1,<environment.Job instance at 0x7f2ac734ba50>,8,3,[4 7],9,12,15,3,9
1,<environment.Job instance at 0x7f2ac7060f00>,9,18,[ 2 10],10,15,33,5,10
1,<environment.Job instance at 0x7f2ac6f15870>,19,3,[9 2],20,45,48,25,45
1,<environment.Job instance at 0x7f2ac6f15d20>,21,3,[10  4],22,48,51,26,45
1,<environment.Job instance at 0x7f2ac6f8b8c0>,3,12,[8 5],4,51,63,47,45
1,<environment.Job instance at 0x7f2ac6f15960>,27,13,[4 9],28,63,76,35,49
1,<environment.Job instance at 0x7f2ac6f158c0>,28,12,[8 2],29,76,88,47,59
1,<environment.Job instance at 0x7f2ac6f15eb0>,32,17,[9 1],33,88,105,55,76
1,<environment.Job instance at 0x7f2ac7350c30>,42,17,[4 6],43,110,127,67,110
1,<environment.Job instance at 0x7f2ac70601e0>,11,18,[3 8],12,127,145,115,116
1,<environment.Job instance at 0x7f2ac7384fa0>,2,3,[1 7],3,4,7,1,4
1,<environment.Job instance at 0x7f2ac738b0f0>,4,2,[4 8],5,7,9,2,5
1,<environment.Job instance at 0x7f2b0ade90a0>,3,3,[9 4],4,9,12,5,5
1,<environment.Job instance at 0x7f2ac738b370>,6,14,[8 1],7,12,26,5,8
1,<environment.Job instance at 0x7f2ac738b4b0>,8,1,[2 5],9,12,13,3,9
1,<environment.Job instance at 0x7f2ac738b910>,14,2,[4 9],15,26,28,11,15
1,<environment.Job instance at 0x7f2ac738baf0>,15,2,[7 5],16,28,30,12,16
1,<environment.Job instance at 0x7f2ac738bc30>,16,18,[8 2],17,30,48,13,24
1,<environment.Job instance at 0x7f2ac738bcd0>,17,18,[6 2],18,48,66,30,40
1,<environment.Job instance at 0x7f2ac7389730>,30,3,[7 3],31,66,69,35,40
1,<environment.Job instance at 0x7f2ac73895f0>,28,14,[3 8],29,48,62,19,43
1,<environment.Job instance at 0x7f2ac73897d0>,31,17,[5 7],32,69,86,37,58
1,<environment.Job instance at 0x7f2ac73899b0>,34,13,[1 9],35,86,99,51,72
1,<environment.Job instance at 0x7f2ac738be10>,19,18,[5 8],20,99,117,79,96
1,<environment.Job instance at 0x7f2ac737a820>,44,15,[5 7],45,117,132,72,103
1,<environment.Job instance at 0x7f2ac737abe0>,50,1,[6 5],51,132,133,81,119
1,<environment.Job instance at 0x7f2ac738b6e0>,10,14,[ 4 10],11,133,147,122,119
1,<environment.Job instance at 0x7f2b0f97c7d0>,2,2,[7 4],3,3,5,0,3
1,<environment.Job instance at 0x7f2ac738b6e0>,3,3,[5 5],4,5,8,1,4
1,<environment.Job instance at 0x7f2b0ad61910>,5,13,[3 9],6,9,22,3,9
1,<environment.Job instance at 0x7f2b0ad61780>,9,2,[ 4 10],10,22,24,12,10
1,<environment.Job instance at 0x7f2b0ad61c30>,7,17,[3 5],8,24,41,16,14
1,<environment.Job instance at 0x7f2b0f36e0a0>,16,13,[3 9],17,41,54,24,25
1,<environment.Job instance at 0x7f2b0f36eb40>,17,14,[2 5],18,25,39,7,25
1,<environment.Job instance at 0x7f2b0f36e320>,19,3,[5 9],20,54,57,34,31
1,<environment.Job instance at 0x7f2b0aae1be0>,23,14,[4 8],24,57,71,33,43
1,<environment.Job instance at 0x7f2b0aae1500>,26,15,[9 1],27,71,86,44,58
1,<environment.Job instance at 0x7f2b0aae1fa0>,30,3,[10  4],31,86,89,55,61
1,<environment.Job instance at 0x7f2b0aae1f50>,31,13,[6 5],32,89,102,57,73
1,<environment.Job instance at 0x7f2b0aae78c0>,33,15,[6 1],34,102,117,68,89
1,<environment.Job instance at 0x7f2b0aacd230>,37,1,[10  3],38,117,118,79,89
1,<environment.Job instance at 0x7f2b0aae75f0>,35,3,[9 4],36,118,121,82,93
1,<environment.Job instance at 0x7f2b0aacd190>,40,15,[5 6],41,121,136,80,111
1,<environment.Job instance at 0x7f2b0ac786e0>,14,12,[9 1],15,15,27,0,15
1,<environment.Job instance at 0x7f2b0ac78960>,16,13,[4 7],17,27,40,10,18
1,<environment.Job instance at 0x7f2ac742ff50>,19,13,[7 4],20,40,53,20,25
1,<environment.Job instance at 0x7f2b0ad5b910>,23,15,[4 9],24,53,68,29,39
1,<environment.Job instance at 0x7f2ac7261280>,30,15,[10  4],31,68,83,37,56
1,<environment.Job instance at 0x7f2b0ab192d0>,34,14,[3 8],35,85,99,50,85
1,<environment.Job instance at 0x7f2b0ab19b40>,35,12,[10  1],36,99,111,63,90
1,<environment.Job instance at 0x7f2b0ab19c30>,37,14,[ 4 10],38,111,125,73,98
1,<environment.Job instance at 0x7f2b0aad00f0>,38,18,[4 6],39,125,143,86,114
1,<environment.Job instance at 0x7f2b0aad0e60>,1,1,[6 5],2,2,3,0,2
1,<environment.Job instance at 0x7f2ac6fd5820>,10,14,[1 5],11,11,25,0,11
1,<environment.Job instance at 0x7f2ac6fd59b0>,9,15,[5 7],10,25,40,15,13
1,<environment.Job instance at 0x7f2ac6fd5e10>,14,13,[2 6],15,40,53,25,34
1,<environment.Job instance at 0x7f2ac6fd5b40>,16,18,[7 4],17,40,58,23,39
1,<environment.Job instance at 0x7f2ac6fd5f00>,17,19,[1 5],18,53,72,35,44
1,<environment.Job instance at 0x7f2ac6fd5f50>,19,18,[6 4],20,58,76,38,51
1,<environment.Job instance at 0x7f2ac6fe82d0>,21,13,[6 3],22,76,89,54,60
1,<environment.Job instance at 0x7f2ac6fe8550>,26,3,[ 5 10],27,89,92,62,64
1,<environment.Job instance at 0x7f2b0b135a00>,2,3,[1 8],3,3,6,0,3
1,<environment.Job instance at 0x7f2ac72d4e10>,4,3,[1 5],5,6,9,1,5
1,<environment.Job instance at 0x7f2ac6fe8550>,3,12,[3 8],4,9,21,5,5
1,<environment.Job instance at 0x7f2b0ac76050>,7,13,[9 1],8,21,34,13,8
1,<environment.Job instance at 0x7f2b0ac76b40>,16,12,[9 5],17,34,46,17,23
1,<environment.Job instance at 0x7f2b0aef1f50>,20,2,[5 5],21,46,48,25,24
1,<environment.Job instance at 0x7f2ac7513870>,14,13,[4 8],15,48,61,33,34
1,<environment.Job instance at 0x7f2b0b0f01e0>,25,18,[7 5],26,61,79,35,51
1,<environment.Job instance at 0x7f2ac75cfc30>,28,13,[1 5],29,61,74,32,54
1,<environment.Job instance at 0x7f2ac7029690>,21,14,[9 4],22,79,93,57,67
1,<environment.Job instance at 0x7f2b11fbd7d0>,35,3,[5 6],36,93,96,57,74
1,<environment.Job instance at 0x7f2ac7029460>,17,17,[10  4],18,96,113,78,84
1,<environment.Job instance at 0x7f2b0ade9780>,46,17,[3 5],47,113,130,66,102
1,<environment.Job instance at 0x7f2ac72f7460>,50,13,[5 6],51,130,143,79,117
1,<environment.Job instance at 0x7f2b0f58b6e0>,1,1,[4 5],2,2,3,0,2
1,<environment.Job instance at 0x7f2ac72f71e0>,2,3,[8 1],3,3,6,0,3
1,<environment.Job instance at 0x7f2ac72f7b40>,4,16,[7 4],5,7,23,2,7
1,<environment.Job instance at 0x7f2b0f64fc30>,10,15,[5 3],11,23,38,12,11
1,<environment.Job instance at 0x7f2ac730c230>,12,14,[4 6],13,23,37,10,15
1,<environment.Job instance at 0x7f2ac70315a0>,19,15,[3 9],20,38,53,18,24
1,<environment.Job instance at 0x7f2ac7215d70>,21,3,[8 5],22,53,56,31,29
1,<environment.Job instance at 0x7f2b0ab16dc0>,22,12,[ 1 10],23,56,68,33,39
1,<environment.Job instance at 0x7f2b0f3c7dc0>,27,15,[6 2],28,68,83,40,54
1,<environment.Job instance at 0x7f2b0f3c71e0>,29,3,[9 3],30,83,86,53,57
1,<environment.Job instance at 0x7f2b120c1aa0>,31,3,[1 8],32,68,71,36,57
1,<environment.Job instance at 0x7f2b120c1230>,33,3,[3 8],34,75,78,41,75
1,<environment.Job instance at 0x7f2ac730c7d0>,13,17,[9 1],14,86,103,72,79
1,<environment.Job instance at 0x7f2b0ab20aa0>,38,2,[6 3],39,103,105,64,80
1,<environment.Job instance at 0x7f2b0ab201e0>,37,12,[5 9],38,105,117,67,89
1,<environment.Job instance at 0x7f2b0ab20cd0>,43,1,[2 6],44,103,104,59,94
1,<environment.Job instance at 0x7f2b0ab20a00>,44,13,[2 7],45,117,130,72,101
1,<environment.Job instance at 0x7f2b0f734dc0>,3,13,[8 4],4,6,19,2,6
1,<environment.Job instance at 0x7f2b0afe9140>,7,13,[10  4],8,19,32,11,9
1,<environment.Job instance at 0x7f2b0afe93c0>,9,13,[8 2],10,32,45,22,18
1,<environment.Job instance at 0x7f2b0afe9af0>,18,2,[1 9],19,45,47,26,30
1,<environment.Job instance at 0x7f2b0afe9c30>,19,14,[5 1],20,45,59,25,30
1,<environment.Job instance at 0x7f2b0afe9230>,17,18,[1 6],18,47,65,29,41
1,<environment.Job instance at 0x7f2b0afe9fa0>,22,14,[7 3],23,59,73,36,46
1,<environment.Job instance at 0x7f2b0a9f73c0>,28,3,[10  4],29,73,76,44,48
1,<environment.Job instance at 0x7f2b0a9f70f0>,31,1,[2 5],32,65,66,33,51
1,<environment.Job instance at 0x7f2b0a9f7820>,32,13,[ 3 10],33,76,89,43,61
1,<environment.Job instance at 0x7f2b0a9f7a00>,35,14,[5 7],36,89,103,53,77
1,<environment.Job instance at 0x7f2b0a9f7fa0>,42,12,[1 9],43,103,115,60,95
1,<environment.Job instance at 0x7f2b0a9f7aa0>,36,16,[9 2],37,115,131,78,106
1,<environment.Job instance at 0x7f2b11fdb820>,3,18,[4 5],4,4,22,0,4
1,<environment.Job instance at 0x7f2b0a9ff8c0>,7,3,[9 4],8,22,25,14,9
1,<environment.Job instance at 0x7f2b1220ec30>,6,16,[5 6],7,25,41,18,18
1,<environment.Job instance at 0x7f2b0ac48fa0>,19,3,[6 2],20,41,44,21,27
1,<environment.Job instance at 0x7f2b0ac48cd0>,20,13,[1 5],21,41,54,20,36
1,<environment.Job instance at 0x7f2b0f25e0a0>,25,13,[5 4],26,44,57,18,40
1,<environment.Job instance at 0x7f2b0f25e3c0>,27,15,[2 6],28,54,69,26,41
1,<environment.Job instance at 0x7f2b0f25e820>,28,18,[ 5 10],29,69,87,40,58
1,<environment.Job instance at 0x7f2b0f25e320>,29,18,[10  2],30,87,105,57,86
1,<environment.Job instance at 0x7f2b0ac48690>,18,16,[ 5 10],19,105,121,86,93
1,<environment.Job instance at 0x7f2b0ac17370>,1,1,[ 3 10],2,2,3,0,2
1,<environment.Job instance at 0x7f2b0ac98820>,2,16,[6 1],3,6,22,3,6
1,<environment.Job instance at 0x7f2b0f58afa0>,12,2,[1 9],13,16,18,3,16
1,<environment.Job instance at 0x7f2b0f58a640>,13,1,[3 7],14,18,19,4,16
1,<environment.Job instance at 0x7f2b0f58acd0>,14,3,[8 5],15,22,25,7,16
1,<environment.Job instance at 0x7f2b0f58a0f0>,15,2,[9 5],16,25,27,9,16
1,<environment.Job instance at 0x7f2b0f58a730>,16,16,[4 9],17,27,43,10,19
1,<environment.Job instance at 0x7f2b0f58ac80>,17,18,[6 1],18,27,45,9,24
1,<environment.Job instance at 0x7f2b0f58a820>,19,15,[6 4],20,45,60,25,34
1,<environment.Job instance at 0x7f2b0f2a5be0>,28,13,[4 8],29,60,73,31,48
1,<environment.Job instance at 0x7f2b0f2a5690>,34,14,[ 5 10],35,73,87,38,61
1,<environment.Job instance at 0x7f2ac746ea00>,36,16,[4 8],37,87,103,50,76
1,<environment.Job instance at 0x7f2ac746e780>,41,12,[5 6],42,103,115,61,87
1,<environment.Job instance at 0x7f2b0f2a5f50>,32,18,[6 5],33,115,133,82,106
1,<environment.Job instance at 0x7f2ac746e140>,45,14,[3 8],46,133,147,87,118
1,<environment.Job instance at 0x7f2ac760bdc0>,1,15,[3 7],2,2,17,0,2
1,<environment.Job instance at 0x7f2b0f646be0>,3,14,[6 2],4,4,18,0,4
1,<environment.Job instance at 0x7f2ac746e320>,6,2,[5 3],7,18,20,11,10
1,<environment.Job instance at 0x7f2b0aef7500>,8,12,[6 4],9,20,32,11,13
1,<environment.Job instance at 0x7f2ac7622a50>,15,3,[3 9],16,32,35,16,17
1,<environment.Job instance at 0x7f2ac7622820>,18,12,[10  4],19,35,47,16,19
1,<environment.Job instance at 0x7f2b0aa980f0>,20,2,[5 4],21,47,49,26,29
1,<environment.Job instance at 0x7f2b0aaa7aa0>,23,3,[6 1],24,49,52,25,33
1,<environment.Job instance at 0x7f2b0aaa7500>,25,3,[8 1],26,52,55,26,34
1,<environment.Job instance at 0x7f2b0aa98050>,19,12,[5 8],20,55,67,35,38
1,<environment.Job instance at 0x7f2b0aa787d0>,35,13,[7 4],36,67,80,31,56
1,<environment.Job instance at 0x7f2b0aa78050>,40,15,[5 5],41,80,95,39,68
1,<environment.Job instance at 0x7f2ac6fc5af0>,31,17,[7 4],32,95,112,63,83
1,<environment.Job instance at 0x7f2b0f95c7d0>,42,17,[5 7],43,112,129,69,103
1,<environment.Job instance at 0x7f2b0f5ddaf0>,54,2,[8 5],55,129,131,74,114
1,<environment.Job instance at 0x7f2b0f2567d0>,55,3,[10  5],56,131,134,75,114
1,<environment.Job instance at 0x7f2ac6cfdaa0>,1,16,[8 4],2,4,20,2,4
1,<environment.Job instance at 0x7f2ac7637870>,4,2,[3 6],5,20,22,15,5
1,<environment.Job instance at 0x7f2b0aae4960>,5,15,[9 1],6,22,37,16,8
1,<environment.Job instance at 0x7f2ac71f59b0>,14,14,[5 3],15,37,51,22,24
1,<environment.Job instance at 0x7f2ac720a960>,20,12,[9 4],21,51,63,30,34
1,<environment.Job instance at 0x7f2ac71f5d20>,7,16,[8 4],8,63,79,55,50
1,<environment.Job instance at 0x7f2b0afd4370>,31,13,[5 8],32,79,92,47,63
1,<environment.Job instance at 0x7f2b0afd4cd0>,33,13,[6 5],34,92,105,58,76
1,<environment.Job instance at 0x7f2ac73e88c0>,13,13,[10  3],14,105,118,91,92
1,<environment.Job instance at 0x7f2ac700fcd0>,47,17,[5 6],48,118,135,70,106
1,<environment.Job instance at 0x7f2ac6cd91e0>,4,15,[10  1],5,5,20,0,5
1,<environment.Job instance at 0x7f2ac6cd9f00>,5,15,[8 4],6,20,35,14,9
1,<environment.Job instance at 0x7f2ac6cd95f0>,10,16,[1 6],11,20,36,9,11
1,<environment.Job instance at 0x7f2ac6cd9960>,9,17,[5 4],10,35,52,25,23
1,<environment.Job instance at 0x7f2ac6cd9b90>,2,18,[2 5],3,36,54,33,27
1,<environment.Job instance at 0x7f2ac6c19910>,19,14,[4 7],20,54,68,34,44
1,<environment.Job instance at 0x7f2ac6cd9190>,12,15,[10  3],13,68,83,55,55
1,<environment.Job instance at 0x7f2ac6cd9820>,15,16,[3 8],16,83,99,67,74
1,<environment.Job instance at 0x7f2ac6d2a1e0>,30,15,[3 7],31,99,114,68,85
1,<environment.Job instance at 0x7f2ac6d2a0f0>,42,14,[5 5],43,114,128,71,108
1,<environment.Job instance at 0x7f2ac6d2a7d0>,44,13,[4 7],45,128,141,83,113
1,<environment.Job instance at 0x7f2ac6da3d20>,0,1,[10  3],1,2,3,1,2
1,<environment.Job instance at 0x7f2ac75c5af0>,1,17,[7 1],2,3,20,1,3
1,<environment.Job instance at 0x7f2ac6da38c0>,3,2,[2 7],4,4,6,0,4
1,<environment.Job instance at 0x7f2ac6fd54b0>,4,1,[1 7],5,6,7,1,5
1,<environment.Job instance at 0x7f2ac6fd5f00>,5,3,[3 6],6,7,10,1,6
1,<environment.Job instance at 0x7f2ac6fd5e60>,10,12,[2 6],11,12,24,1,12
1,<environment.Job instance at 0x7f2b0f654500>,11,3,[5 2],12,20,23,8,14
1,<environment.Job instance at 0x7f2ac6ff75f0>,14,13,[8 1],15,23,36,8,15
1,<environment.Job instance at 0x7f2b0f403c30>,12,16,[8 1],13,36,52,23,24
1,<environment.Job instance at 0x7f2ac6ff7e10>,21,14,[7 5],22,52,66,30,38
1,<environment.Job instance at 0x7f2ac7441410>,28,3,[6 1],29,66,69,37,44
1,<environment.Job instance at 0x7f2ac6ff7af0>,19,17,[3 5],20,52,69,32,50
1,<environment.Job instance at 0x7f2ac6fdee60>,33,13,[2 7],34,69,82,35,56
1,<environment.Job instance at 0x7f2ac6fe18c0>,35,18,[4 9],36,82,100,46,71
1,<environment.Job instance at 0x7f2ac6fe10a0>,36,14,[8 5],37,100,114,63,87
1,<environment.Job instance at 0x7f2ac7091910>,48,14,[5 5],49,114,128,65,101
1,<environment.Job instance at 0x7f2ac6cd96e0>,0,2,[4 7],1,2,4,1,2
1,<environment.Job instance at 0x7f2ac6cd9a50>,1,17,[8 4],2,5,22,3,5
1,<environment.Job instance at 0x7f2ac70604b0>,3,18,[10  4],4,22,40,18,18
1,<environment.Job instance at 0x7f2ac6dad5f0>,13,16,[1 9],14,40,56,26,35
1,<environment.Job instance at 0x7f2ac6e72910>,18,13,[7 4],19,56,69,37,45
1,<environment.Job instance at 0x7f2b0ac00a50>,4,14,[ 4 10],5,69,83,64,54
1,<environment.Job instance at 0x7f2ac7210d70>,22,15,[6 2],23,83,98,60,70
1,<environment.Job instance at 0x7f2b0ac2a960>,26,12,[7 4],27,98,110,71,85
1,<environment.Job instance at 0x7f2ac6e959b0>,27,3,[6 1],28,110,113,82,85
1,<environment.Job instance at 0x7f2ac7389280>,33,3,[9 3],34,113,116,79,98
1,<environment.Job instance at 0x7f2ac6d554b0>,15,15,[2 8],16,116,131,100,108
1,<environment.Job instance at 0x7f2ac731e4b0>,0,3,[3 7],1,3,6,2,3
1,<environment.Job instance at 0x7f2ac6dad370>,3,2,[2 8],4,6,8,2,6
1,<environment.Job instance at 0x7f2ac6c181e0>,4,3,[5 3],5,8,11,3,7
1,<environment.Job instance at 0x7f2b0aeddaf0>,19,1,[ 4 10],20,30,31,10,30
1,<environment.Job instance at 0x7f2b0aedde60>,20,12,[10  5],21,34,46,13,34
1,<environment.Job instance at 0x7f2b0aedd960>,12,17,[4 9],13,46,63,33,37
1,<environment.Job instance at 0x7f2b0aeddf50>,22,2,[6 5],23,63,65,40,39
1,<environment.Job instance at 0x7f2b0f36f8c0>,27,15,[5 5],28,65,80,37,51
1,<environment.Job instance at 0x7f2b0f36fd70>,35,2,[4 5],36,78,80,42,78
1,<environment.Job instance at 0x7f2b0aeddc30>,23,17,[8 3],24,80,97,56,79
1,<environment.Job instance at 0x7f2ac6d8c8c0>,41,1,[5 7],42,97,98,55,79
1,<environment.Job instance at 0x7f2ac6d8cdc0>,42,18,[ 3 10],43,98,116,55,90
1,<environment.Job instance at 0x7f2ac6d8c320>,43,16,[8 1],44,116,132,72,104
1,<environment.Job instance at 0x7f2b0af76fa0>,1,18,[1 7],2,6,24,4,6
1,<environment.Job instance at 0x7f2b0f710910>,7,3,[1 9],8,24,27,16,8
1,<environment.Job instance at 0x7f2b0f710140>,8,2,[2 7],9,27,29,18,11
1,<environment.Job instance at 0x7f2b0f710410>,11,1,[4 6],12,29,30,17,12
1,<environment.Job instance at 0x7f2b0f7106e0>,12,13,[5 8],13,30,43,17,15
1,<environment.Job instance at 0x7f2ac71dabe0>,20,12,[9 3],21,43,55,22,26
1,<environment.Job instance at 0x7f2ac706c3c0>,27,1,[10  4],28,55,56,27,35
1,<environment.Job instance at 0x7f2b0f2d2fa0>,29,12,[3 8],30,56,68,26,40
1,<environment.Job instance at 0x7f2ac758e2d0>,30,18,[1 7],31,68,86,37,58
1,<environment.Job instance at 0x7f2ac758f730>,39,1,[9 5],40,86,87,46,61
1,<environment.Job instance at 0x7f2ac758faa0>,40,16,[8 3],41,68,84,27,63
1,<environment.Job instance at 0x7f2ac758f050>,44,15,[10  3],45,87,102,42,82
1,<environment.Job instance at 0x7f2ac758f190>,47,13,[5 6],48,102,115,54,86
1,<environment.Job instance at 0x7f2b0adf4a50>,51,14,[4 6],52,115,129,63,108
1,<environment.Job instance at 0x7f734c211190>,4,18,[10  4],5,7,25,2,7
1,<environment.Job instance at 0x7f73490b2640>,8,17,[ 2 10],9,25,42,16,14
1,<environment.Job instance at 0x7f73490b2b40>,14,12,[3 7],15,42,54,27,35
1,<environment.Job instance at 0x7f73490b2870>,16,12,[1 8],17,54,66,37,37
1,<environment.Job instance at 0x7f73490b2960>,13,13,[1 8],14,66,79,52,62
1,<environment.Job instance at 0x7f73490b60f0>,27,2,[6 4],28,79,81,51,73
1,<environment.Job instance at 0x7f73490b6050>,30,1,[5 5],31,81,82,50,73
1,<environment.Job instance at 0x7f73490b6500>,31,17,[4 9],32,82,99,50,73
1,<environment.Job instance at 0x7f734c29adc0>,3,18,[ 3 10],4,101,119,97,101
1,<environment.Job instance at 0x7f73490b6cd0>,37,14,[5 5],38,119,133,81,108
1,<environment.Job instance at 0x7f73490b6f00>,41,14,[6 1],42,133,147,91,124
1,<environment.Job instance at 0x7f73490b6e10>,2,3,[8 5],3,3,6,0,3
1,<environment.Job instance at 0x7f734c239820>,3,3,[2 9],4,6,9,2,4
1,<environment.Job instance at 0x7f73490b6f00>,4,15,[10  5],5,9,24,4,5
1,<environment.Job instance at 0x7f734c385730>,11,16,[5 4],12,24,40,12,12
1,<environment.Job instance at 0x7f734c385190>,15,15,[6 2],16,40,55,24,31
1,<environment.Job instance at 0x7f734c3849b0>,20,13,[2 6],21,36,49,15,36
1,<environment.Job instance at 0x7f734c384fa0>,21,16,[1 9],22,55,71,33,43
1,<environment.Job instance at 0x7f734c384be0>,27,17,[3 8],28,71,88,43,60
1,<environment.Job instance at 0x7f734c38b820>,33,15,[4 8],34,88,103,54,76
1,<environment.Job instance at 0x7f734c38b870>,28,16,[3 9],29,103,119,74,91
1,<environment.Job instance at 0x7f734c37c320>,41,14,[5 3],42,119,133,77,105
1,<environment.Job instance at 0x7f734c37cc30>,43,12,[1 7],44,119,131,75,111
1,<environment.Job instance at 0x7f734c381eb0>,48,14,[4 7],49,131,145,82,116
1,<environment.Job instance at 0x7f7303368fa0>,9,1,[8 5],10,14,15,4,14
1,<environment.Job instance at 0x7f7303368050>,10,1,[9 5],11,15,16,4,14
1,<environment.Job instance at 0x7f7303318730>,4,18,[10  2],5,21,39,16,21
1,<environment.Job instance at 0x7f7348f3e410>,15,2,[7 1],16,39,41,23,23
1,<environment.Job instance at 0x7f73033bbe60>,17,14,[4 7],18,41,55,23,29
1,<environment.Job instance at 0x7f7303431730>,21,16,[6 2],22,41,57,19,36
1,<environment.Job instance at 0x7f7349557280>,26,13,[3 6],27,55,68,28,39
1,<environment.Job instance at 0x7f7348f3edc0>,13,18,[7 5],14,68,86,54,57
1,<environment.Job instance at 0x7f73034afd70>,31,3,[3 6],32,86,89,54,63
1,<environment.Job instance at 0x7f7348e820f0>,29,14,[5 7],30,89,103,59,79
1,<environment.Job instance at 0x7f73033af0f0>,36,16,[5 7],37,103,119,66,90
1,<environment.Job instance at 0x7f73033af140>,40,17,[4 5],41,119,136,78,108
1,<environment.Job instance at 0x7f734c2380f0>,44,1,[3 8],45,136,137,91,115
1,<environment.Job instance at 0x7f7348f3f5f0>,46,15,[7 3],47,137,152,90,127
1,<environment.Job instance at 0x7f7348f0d1e0>,1,2,[7 4],2,2,4,0,2
1,<environment.Job instance at 0x7f7348f0d320>,0,12,[1 5],1,7,19,6,7
1,<environment.Job instance at 0x7f734911ce10>,7,20,[5 2],8,8,28,0,8
1,<environment.Job instance at 0x7f734bbe00a0>,2,17,[9 1],3,28,45,25,16
1,<environment.Job instance at 0x7f73491dc870>,16,13,[8 3],17,45,58,28,30
1,<environment.Job instance at 0x7f73038125f0>,18,14,[2 7],19,45,59,26,45
1,<environment.Job instance at 0x7f7349103eb0>,17,13,[4 6],18,59,72,41,45
1,<environment.Job instance at 0x7f734913c140>,23,16,[3 5],24,72,88,48,59
1,<environment.Job instance at 0x7f7348f31d70>,21,18,[5 7],22,88,106,66,77
1,<environment.Job instance at 0x7f734c23aa00>,32,13,[3 9],33,106,119,73,90
1,<environment.Job instance at 0x7f730334b4b0>,36,13,[8 4],37,119,132,82,104
1,<environment.Job instance at 0x7f730334b230>,40,17,[9 4],41,132,149,91,126
1,<environment.Job instance at 0x7f730334b3c0>,44,2,[5 3],45,149,151,104,126
1,<environment.Job instance at 0x7f734b8a0320>,1,15,[3 5],2,2,17,0,2
1,<environment.Job instance at 0x7f7303783320>,4,15,[5 7],5,55,70,50,55
1,<environment.Job instance at 0x7f73037831e0>,6,14,[ 5 10],7,70,84,63,56
1,<environment.Job instance at 0x7f7303a6db90>,23,18,[6 1],24,84,102,60,77
1,<environment.Job instance at 0x7f7303a39500>,20,14,[8 4],21,102,116,81,89
1,<environment.Job instance at 0x7f7303a5f140>,26,14,[10  4],27,116,130,89,102
1,<environment.Job instance at 0x7f7303a67640>,36,16,[2 6],37,130,146,93,118
1,<environment.Job instance at 0x7f734bb576e0>,1,2,[5 7],2,3,5,1,3
1,<environment.Job instance at 0x7f734bb57c80>,3,1,[4 9],4,5,6,1,4
1,<environment.Job instance at 0x7f734bb570a0>,4,12,[3 5],5,6,18,1,6
1,<environment.Job instance at 0x7f734bb57640>,6,2,[8 4],7,18,20,11,7
1,<environment.Job instance at 0x7f734bbc2b40>,17,2,[ 2 10],18,20,22,2,18
1,<environment.Job instance at 0x7f734bbc2fa0>,16,14,[1 7],17,22,36,5,18
1,<environment.Job instance at 0x7f734bb57280>,0,17,[2 6],1,36,53,35,33
1,<environment.Job instance at 0x7f734bbc5410>,25,3,[1 9],26,53,56,27,33
1,<environment.Job instance at 0x7f734bb57410>,12,15,[10  1],13,56,71,43,43
1,<environment.Job instance at 0x7f734bbc5d70>,24,16,[9 4],25,71,87,46,60
1,<environment.Job instance at 0x7f734bbc5320>,35,2,[3 5],36,87,89,51,73
1,<environment.Job instance at 0x7f734bbc5050>,36,12,[1 5],37,73,85,36,73
1,<environment.Job instance at 0x7f7349561410>,38,14,[9 1],39,89,103,50,74
1,<environment.Job instance at 0x7f73495619b0>,42,15,[6 2],43,103,118,60,89
1,<environment.Job instance at 0x7f7349561230>,48,18,[6 5],49,118,136,69,108
1,<environment.Job instance at 0x7f734914faa0>,4,13,[5 3],5,6,19,1,6
1,<environment.Job instance at 0x7f734914fbe0>,7,3,[7 5],8,19,22,11,8
1,<environment.Job instance at 0x7f73034951e0>,8,17,[3 7],9,22,39,13,13
1,<environment.Job instance at 0x7f7303832af0>,14,3,[ 3 10],15,39,42,24,19
1,<environment.Job instance at 0x7f734b793960>,13,12,[7 4],14,42,54,28,25
1,<environment.Job instance at 0x7f734c2354b0>,20,14,[ 2 10],21,54,68,33,43
1,<environment.Job instance at 0x7f734bafe4b0>,26,13,[3 9],27,68,81,41,52
1,<environment.Job instance at 0x7f730390a460>,28,18,[1 5],29,81,99,52,70
1,<environment.Job instance at 0x7f7348f899b0>,33,12,[2 6],34,99,111,65,82
1,<environment.Job instance at 0x7f734914f9b0>,6,14,[6 4],7,86,100,79,86
1,<environment.Job instance at 0x7f7348f895a0>,36,13,[5 5],37,111,124,74,109
1,<environment.Job instance at 0x7f734c113500>,43,1,[10  1],44,124,125,80,110
1,<environment.Job instance at 0x7f7349109aa0>,46,2,[5 9],47,125,127,78,111
1,<environment.Job instance at 0x7f7349109230>,47,2,[10  3],48,127,129,79,115
1,<environment.Job instance at 0x7f734946f870>,4,3,[2 7],5,14,17,9,14
1,<environment.Job instance at 0x7f73034ab1e0>,12,12,[6 1],13,27,39,14,27
1,<environment.Job instance at 0x7f7303484d20>,6,12,[3 9],7,36,48,29,36
1,<environment.Job instance at 0x7f73034ab690>,15,16,[10  5],16,48,64,32,38
1,<environment.Job instance at 0x7f73034abd20>,24,13,[8 2],25,64,77,39,48
1,<environment.Job instance at 0x7f73034abc30>,28,13,[2 5],29,64,77,35,51
1,<environment.Job instance at 0x7f73034ab9b0>,20,15,[4 7],21,77,92,56,63
1,<environment.Job instance at 0x7f73034abb90>,23,16,[9 4],24,92,108,68,79
1,<environment.Job instance at 0x7f73034a6320>,32,15,[ 2 10],33,108,123,75,95
1,<environment.Job instance at 0x7f73034780f0>,46,16,[1 6],47,123,139,76,114
1,<environment.Job instance at 0x7f7303478370>,47,15,[7 4],48,123,138,75,114
1,<environment.Job instance at 0x7f73034ab910>,19,18,[2 7],20,139,157,119,128
1,<environment.Job instance at 0x7f7303650690>,8,18,[5 3],9,11,29,2,11
1,<environment.Job instance at 0x7f7349096d20>,9,12,[4 6],10,12,24,2,12
1,<environment.Job instance at 0x7f734b671af0>,11,13,[10  4],12,29,42,17,13
1,<environment.Job instance at 0x7f730384db90>,16,17,[2 5],17,42,59,25,30
1,<environment.Job instance at 0x7f734b671b90>,14,15,[5 6],15,59,74,44,46
1,<environment.Job instance at 0x7f7303667aa0>,25,15,[3 9],26,74,89,48,60
1,<environment.Job instance at 0x7f734c378b40>,30,17,[10  1],31,89,106,58,78
1,<environment.Job instance at 0x7f7303638870>,31,14,[5 8],32,106,120,74,91
1,<environment.Job instance at 0x7f73039612d0>,38,13,[4 6],39,120,133,81,105
1,<environment.Job instance at 0x7f73038af140>,40,12,[7 4],41,133,145,92,117
1,<environment.Job instance at 0x7f7303972730>,11,12,[4 7],12,12,24,0,12
1,<environment.Job instance at 0x7f7303972960>,12,17,[9 4],13,24,41,11,13
1,<environment.Job instance at 0x7f734b69b230>,4,13,[10  5],5,41,54,36,31
1,<environment.Job instance at 0x7f73036fea50>,20,12,[4 8],21,54,66,33,39
1,<environment.Job instance at 0x7f7349026be0>,25,3,[2 8],26,71,74,45,71
1,<environment.Job instance at 0x7f7348ed4780>,30,18,[6 4],31,74,92,43,74
1,<environment.Job instance at 0x7f7349382820>,33,13,[8 4],34,92,105,58,77
1,<environment.Job instance at 0x7f7303945230>,35,16,[7 3],36,105,121,69,93
1,<environment.Job instance at 0x7f734953d460>,39,13,[8 2],40,121,134,81,105
1,<environment.Job instance at 0x7f7348eb0190>,3,16,[3 8],4,134,150,130,125
1,<environment.Job instance at 0x7f730383a190>,1,16,[5 5],2,3,19,1,3
1,<environment.Job instance at 0x7f734bb737d0>,0,15,[1 8],1,19,34,18,16
1,<environment.Job instance at 0x7f730394f320>,19,17,[9 4],20,34,51,14,28
1,<environment.Job instance at 0x7f730394fd70>,28,13,[8 2],29,51,64,22,38
1,<environment.Job instance at 0x7f730394ff00>,30,2,[8 2],31,64,66,33,55
1,<environment.Job instance at 0x7f730394feb0>,31,16,[4 6],32,66,82,34,58
1,<environment.Job instance at 0x7f734bb730f0>,4,14,[ 3 10],5,82,96,77,67
1,<environment.Job instance at 0x7f73039566e0>,37,15,[10  4],38,96,111,58,82
1,<environment.Job instance at 0x7f7303956a50>,45,13,[5 4],46,111,124,65,95
1,<environment.Job instance at 0x7f7303956b90>,47,15,[2 6],48,111,126,63,99
1,<environment.Job instance at 0x7f7303956d70>,50,13,[2 8],51,129,142,78,129
1,<environment.Job instance at 0x7f734c1135a0>,3,14,[3 6],4,5,19,1,5
1,<environment.Job instance at 0x7f734c113870>,6,14,[4 7],7,19,33,12,9
1,<environment.Job instance at 0x7f734c113190>,4,16,[8 2],5,33,49,28,21
1,<environment.Job instance at 0x7f73032a9f00>,21,12,[3 5],22,49,61,27,35
1,<environment.Job instance at 0x7f73493eebe0>,27,18,[6 1],28,49,67,21,48
1,<environment.Job instance at 0x7f73493eedc0>,28,14,[5 4],29,67,81,38,53
1,<environment.Job instance at 0x7f734c37da50>,13,14,[ 4 10],14,81,95,67,66
1,<environment.Job instance at 0x7f734c109910>,38,13,[4 8],39,95,108,56,84
1,<environment.Job instance at 0x7f73039a4640>,44,14,[ 5 10],45,108,122,63,95
1,<environment.Job instance at 0x7f734c113c30>,9,13,[10  4],10,122,135,112,106
1,<environment.Job instance at 0x7f734c113f50>,1,17,[5 8],2,135,152,133,125
1,<environment.Job instance at 0x7f734c37d690>,1,15,[3 7],2,2,17,0,2
1,<environment.Job instance at 0x7f73039a4690>,2,3,[5 8],3,17,20,14,3
1,<environment.Job instance at 0x7f73493c7280>,3,14,[6 2],4,20,34,16,5
1,<environment.Job instance at 0x7f73493c7820>,7,1,[4 7],8,20,21,12,9
1,<environment.Job instance at 0x7f734b9c9f00>,16,13,[6 4],17,34,47,17,20
1,<environment.Job instance at 0x7f73037950f0>,25,3,[8 1],26,47,50,21,30
1,<environment.Job instance at 0x7f7303795780>,22,1,[2 6],23,30,31,7,30
1,<environment.Job instance at 0x7f7348fbb870>,29,2,[10  1],30,50,52,20,30
1,<environment.Job instance at 0x7f7303795730>,28,3,[6 2],29,52,55,23,31
1,<environment.Job instance at 0x7f7348fbb460>,30,12,[2 5],31,31,43,0,31
1,<environment.Job instance at 0x7f734b6754b0>,31,17,[7 4],32,55,72,23,43
1,<environment.Job instance at 0x7f734b6751e0>,40,15,[5 5],41,72,87,31,58
1,<environment.Job instance at 0x7f734b6750a0>,44,12,[7 1],45,87,99,42,78
1,<environment.Job instance at 0x7f734b9c92d0>,13,15,[ 2 10],14,99,114,85,85
1,<environment.Job instance at 0x7f73495d8c80>,51,17,[9 4],52,114,131,62,102
1,<environment.Job instance at 0x7f734b9c9320>,12,18,[4 8],13,131,149,118,120
1,<environment.Job instance at 0x7f7303207a50>,1,2,[6 3],2,2,4,0,2
1,<environment.Job instance at 0x7f73034b2be0>,7,14,[4 7],8,16,30,8,16
1,<environment.Job instance at 0x7f73034b2dc0>,14,17,[3 5],15,30,47,15,20
1,<environment.Job instance at 0x7f7303498f00>,20,3,[ 2 10],21,47,50,26,37
1,<environment.Job instance at 0x7f73034982d0>,21,13,[5 8],22,50,63,28,48
1,<environment.Job instance at 0x7f73034983c0>,22,14,[6 2],23,63,77,40,50
1,<environment.Job instance at 0x7f730349da00>,24,2,[1 5],25,63,65,38,50
1,<environment.Job instance at 0x7f7303877c30>,3,13,[10  3],4,77,90,73,61
1,<environment.Job instance at 0x7f73034a4f50>,13,16,[ 5 10],14,90,106,76,79
1,<environment.Job instance at 0x7f7348fc68c0>,36,14,[10  3],37,106,120,69,91
1,<environment.Job instance at 0x7f73038c0fa0>,33,16,[9 5],34,120,136,86,107
1,<environment.Job instance at 0x7f73038c6aa0>,41,17,[9 3],42,136,153,94,125
1,<environment.Job instance at 0x7f734c255aa0>,1,1,[3 9],2,2,3,0,2
1,<environment.Job instance at 0x7f734bc62dc0>,0,14,[1 7],1,4,18,3,4
1,<environment.Job instance at 0x7f7303710370>,4,14,[5 6],5,18,32,13,10
1,<environment.Job instance at 0x7f734c10c460>,12,2,[5 3],13,13,15,0,13
1,<environment.Job instance at 0x7f734c10c140>,15,2,[5 2],16,29,31,13,29
1,<environment.Job instance at 0x7f7348fe5140>,14,14,[5 3],15,36,50,21,36
1,<environment.Job instance at 0x7f734b6f1140>,7,17,[ 5 10],8,50,67,42,42
1,<environment.Job instance at 0x7f73494e3f50>,26,14,[9 3],27,67,81,40,57
1,<environment.Job instance at 0x7f73037245f0>,22,14,[5 5],23,81,95,58,69
1,<environment.Job instance at 0x7f73039ff460>,33,13,[10  4],34,95,108,61,80
1,<environment.Job instance at 0x7f73039ffe10>,37,15,[8 5],38,108,123,70,100
1,<environment.Job instance at 0x7f73494735f0>,1,1,[2 5],2,3,4,1,3
1,<environment.Job instance at 0x7f73030b78c0>,8,18,[6 5],9,14,32,5,14
1,<environment.Job instance at 0x7f73030b7be0>,2,17,[3 5],3,17,34,14,17
1,<environment.Job instance at 0x7f730303c0f0>,14,16,[1 6],15,34,50,19,21
1,<environment.Job instance at 0x7f730303c5f0>,22,3,[ 4 10],23,50,53,27,26
1,<environment.Job instance at 0x7f730303c3c0>,23,15,[8 2],24,34,49,10,26
1,<environment.Job instance at 0x7f730303f960>,31,16,[1 7],32,59,75,27,59
1,<environment.Job instance at 0x7f730303d190>,33,3,[5 2],34,59,62,25,59
1,<environment.Job instance at 0x7f730303d7d0>,34,12,[ 1 10],35,75,87,40,60
1,<environment.Job instance at 0x7f730303d3c0>,39,16,[8 4],40,87,103,47,76
1,<environment.Job instance at 0x7f730303e960>,44,16,[3 5],45,103,119,58,97
1,<environment.Job instance at 0x7f730303ef00>,45,15,[ 3 10],46,119,134,73,109
1,<environment.Job instance at 0x7f730303ec80>,53,12,[8 2],54,134,146,80,118
1,<environment.Job instance at 0x7f734b9fe4b0>,0,2,[1 7],1,4,6,3,4
1,<environment.Job instance at 0x7f730303e3c0>,7,2,[7 5],8,8,10,0,8
1,<environment.Job instance at 0x7f7349143a00>,9,12,[4 7],10,27,39,17,27
1,<environment.Job instance at 0x7f7349160c30>,6,13,[4 9],7,39,52,32,29
1,<environment.Job instance at 0x7f7349143190>,14,14,[ 4 10],15,52,66,37,42
1,<environment.Job instance at 0x7f7349136550>,22,16,[3 7],23,66,82,43,53
1,<environment.Job instance at 0x7f734bae6190>,32,16,[6 4],33,82,98,49,71
1,<environment.Job instance at 0x7f734bb104b0>,40,15,[8 4],41,98,113,57,87
1,<environment.Job instance at 0x7f734baf5500>,42,17,[1 7],43,113,130,70,101
1,<environment.Job instance at 0x7f734b840730>,48,12,[10  1],49,130,142,81,115
1,<environment.Job instance at 0x7f734bd37460>,3,2,[7 1],4,13,15,9,13
1,<environment.Job instance at 0x7f7303554230>,6,3,[4 7],7,15,18,8,14
1,<environment.Job instance at 0x7f7303554870>,7,17,[5 6],8,18,35,10,16
1,<environment.Job instance at 0x7f73036e9a50>,15,14,[6 3],16,35,49,19,20
1,<environment.Job instance at 0x7f73034a6730>,17,3,[1 5],18,35,38,17,20
1,<environment.Job instance at 0x7f734b80e3c0>,19,12,[7 4],20,49,61,29,32
1,<environment.Job instance at 0x7f734b80ef00>,22,14,[5 3],23,61,75,38,46
1,<environment.Job instance at 0x7f7348f8d9b0>,20,18,[5 6],21,61,79,40,57
1,<environment.Job instance at 0x7f734b80ed20>,23,13,[10  5],24,79,92,55,63
1,<environment.Job instance at 0x7f7348e80780>,34,14,[5 2],35,92,106,57,79
1,<environment.Job instance at 0x7f7348e80410>,35,3,[4 7],36,92,95,56,79
1,<environment.Job instance at 0x7f7348e80820>,38,12,[5 3],39,95,107,56,85
1,<environment.Job instance at 0x7f73036c1280>,42,17,[3 6],43,106,123,63,94
1,<environment.Job instance at 0x7f73036c1690>,43,14,[5 4],44,107,121,63,95
1,<environment.Job instance at 0x7f73036c1fa0>,51,17,[7 4],52,121,138,69,111
1,<environment.Job instance at 0x7f7348e698c0>,25,15,[10  4],26,138,153,112,124
1,<environment.Job instance at 0x7f73037736e0>,1,14,[8 5],2,2,16,0,2
1,<environment.Job instance at 0x7f73036ca730>,4,3,[9 3],5,16,19,11,5
1,<environment.Job instance at 0x7f73036ca690>,2,18,[5 8],3,19,37,16,8
1,<environment.Job instance at 0x7f734b7760f0>,13,13,[1 7],14,55,68,41,55
1,<environment.Job instance at 0x7f734b7764b0>,23,13,[2 7],24,68,81,44,56
1,<environment.Job instance at 0x7f734b776be0>,19,17,[8 2],20,59,76,39,59
1,<environment.Job instance at 0x7f734937abe0>,28,13,[5 5],29,81,94,52,65
1,<environment.Job instance at 0x7f734937a9b0>,30,13,[1 6],31,94,107,63,81
1,<environment.Job instance at 0x7f734926ac80>,35,16,[6 1],36,100,116,64,100
1,<environment.Job instance at 0x7f734926a7d0>,38,16,[6 1],39,116,132,77,104
1,<environment.Job instance at 0x7f734b7762d0>,14,18,[1 9],15,107,125,92,104
1,<environment.Job instance at 0x7f734937a550>,26,17,[4 9],27,125,142,98,114
1,<environment.Job instance at 0x7f73033700a0>,46,15,[3 5],47,142,157,95,129
1,<environment.Job instance at 0x7f73491361e0>,1,1,[ 5 10],2,2,3,0,2
1,<environment.Job instance at 0x7f7349136af0>,0,19,[3 8],1,24,43,23,24
1,<environment.Job instance at 0x7f734b8358c0>,13,3,[8 3],14,43,46,29,27
1,<environment.Job instance at 0x7f7349051be0>,14,17,[5 2],15,46,63,31,34
1,<environment.Job instance at 0x7f73035863c0>,17,3,[5 9],18,63,66,45,51
1,<environment.Job instance at 0x7f7303549be0>,20,1,[5 1],21,52,53,31,52
1,<environment.Job instance at 0x7f730339c1e0>,5,15,[5 5],6,66,81,60,54
1,<environment.Job instance at 0x7f730358d7d0>,26,15,[9 2],27,81,96,54,68
1,<environment.Job instance at 0x7f730339c730>,6,14,[1 8],7,81,95,74,70
1,<environment.Job instance at 0x7f7349032280>,4,16,[4 6],5,96,112,91,83
1,<environment.Job instance at 0x7f7302fe90a0>,37,12,[7 2],38,112,124,74,95
1,<environment.Job instance at 0x7f7303805e60>,48,3,[9 4],49,124,127,75,107
1,<environment.Job instance at 0x7f7303805370>,49,12,[2 9],50,127,139,77,110
1,<environment.Job instance at 0x7f730358d370>,28,17,[7 4],29,139,156,110,127
1,<environment.Job instance at 0x7f916aa41d70>,5,13,[5 9],6,6,19,0,6
1,<environment.Job instance at 0x7f91635ed2d0>,7,14,[5 1],8,8,22,0,8
1,<environment.Job instance at 0x7f91635ed550>,8,17,[ 2 10],9,22,39,13,12
1,<environment.Job instance at 0x7f91635ed280>,4,18,[10  4],5,44,62,39,44
1,<environment.Job instance at 0x7f91635edc30>,16,12,[1 8],17,62,74,45,47
1,<environment.Job instance at 0x7f91635edaa0>,18,16,[8 5],19,74,90,55,66
1,<environment.Job instance at 0x7f91635ef3c0>,29,13,[1 6],30,90,103,60,77
1,<environment.Job instance at 0x7f91635ef7d0>,32,17,[9 3],33,96,113,63,96
1,<environment.Job instance at 0x7f91635ef820>,35,16,[8 1],36,113,129,77,101
1,<environment.Job instance at 0x7f91635efb90>,38,12,[3 6],39,129,141,90,112
1,<environment.Job instance at 0x7f91635efc80>,42,14,[8 4],43,141,155,98,128
1,<environment.Job instance at 0x7f91636020f0>,1,16,[5 4],2,3,19,1,3
1,<environment.Job instance at 0x7f91635efdc0>,3,16,[6 4],4,19,35,15,6
1,<environment.Job instance at 0x7f916ab64640>,10,13,[2 6],11,20,33,9,20
1,<environment.Job instance at 0x7f916ab770a0>,15,14,[3 8],16,35,49,19,20
1,<environment.Job instance at 0x7f916ab64d20>,12,16,[6 2],13,35,51,22,35
1,<environment.Job instance at 0x7f916ab6d230>,22,1,[10  1],23,51,52,28,35
1,<environment.Job instance at 0x7f916ab77550>,20,12,[6 3],21,52,64,31,35
1,<environment.Job instance at 0x7f916ab6dcd0>,24,13,[1 9],25,64,77,39,48
1,<environment.Job instance at 0x7f916ab6e780>,31,14,[5 3],32,77,91,45,63
1,<environment.Job instance at 0x7f916ab6e370>,33,12,[1 7],34,77,89,43,67
1,<environment.Job instance at 0x7f916ab71b40>,38,14,[4 7],39,89,103,50,80
1,<environment.Job instance at 0x7f916ab71dc0>,37,13,[ 4 10],38,103,116,65,94
1,<environment.Job instance at 0x7f916aa251e0>,47,2,[9 3],48,116,118,68,103
1,<environment.Job instance at 0x7f916aa25690>,48,14,[8 5],49,118,132,69,104
1,<environment.Job instance at 0x7f916aa25aa0>,50,18,[5 1],51,132,150,81,121
1,<environment.Job instance at 0x7f916ab6d7d0>,28,18,[4 6],29,132,150,103,123
1,<environment.Job instance at 0x7f916aa25a50>,53,3,[5 4],54,150,153,96,124
1,<environment.Job instance at 0x7f911f96ce60>,0,2,[10  1],1,4,6,3,4
1,<environment.Job instance at 0x7f911f8c7690>,9,14,[5 7],10,16,30,6,16
1,<environment.Job instance at 0x7f9163a8f140>,1,16,[6 2],2,30,46,28,17
1,<environment.Job instance at 0x7f911f966050>,20,17,[4 5],21,32,49,11,32
1,<environment.Job instance at 0x7f911f8a5cd0>,23,13,[8 3],24,49,62,25,37
1,<environment.Job instance at 0x7f911f8a5640>,16,16,[5 7],17,62,78,45,49
1,<environment.Job instance at 0x7f916384c5a0>,29,1,[8 5],30,78,79,48,51
1,<environment.Job instance at 0x7f91637ede10>,31,15,[10  3],32,79,94,47,67
1,<environment.Job instance at 0x7f911f927550>,37,14,[7 1],38,94,108,56,81
1,<environment.Job instance at 0x7f911f8931e0>,25,18,[9 5],26,108,126,82,97
1,<environment.Job instance at 0x7f911f9cebe0>,46,15,[6 2],47,126,141,79,112
1,<environment.Job instance at 0x7f916aa4c690>,40,14,[ 3 10],41,141,155,100,127
1,<environment.Job instance at 0x7f911f875e10>,2,13,[3 9],3,16,29,13,16
1,<environment.Job instance at 0x7f911f8fad20>,11,1,[5 5],12,29,30,17,16
1,<environment.Job instance at 0x7f9165beef00>,14,2,[5 3],15,29,31,14,20
1,<environment.Job instance at 0x7f911fd4df50>,10,17,[9 4],11,31,48,20,21
1,<environment.Job instance at 0x7f9163a3d0f0>,12,12,[8 5],13,48,60,35,33
1,<environment.Job instance at 0x7f916377eeb0>,26,17,[9 1],27,60,77,33,49
1,<environment.Job instance at 0x7f912bcd3370>,29,16,[1 8],30,64,80,34,64
1,<environment.Job instance at 0x7f9133663190>,33,13,[9 5],34,80,93,46,66
1,<environment.Job instance at 0x7f911f891730>,34,15,[ 1 10],35,93,108,58,80
1,<environment.Job instance at 0x7f911f915a00>,46,15,[ 5 10],47,108,123,61,94
1,<environment.Job instance at 0x7f911f915e60>,49,14,[2 6],50,123,137,73,109
1,<environment.Job instance at 0x7f911f9155f0>,52,12,[4 9],53,137,149,84,120
1,<environment.Job instance at 0x7f911f915370>,53,18,[4 8],54,149,167,95,139
1,<environment.Job instance at 0x7f911ff24870>,1,3,[1 6],2,2,5,0,2
1,<environment.Job instance at 0x7f911f9157d0>,3,18,[ 1 10],4,5,23,1,4
1,<environment.Job instance at 0x7f911f88d960>,4,14,[7 5],5,23,37,18,9
1,<environment.Job instance at 0x7f916346f910>,18,16,[9 2],19,37,53,18,25
1,<environment.Job instance at 0x7f916345fdc0>,20,12,[7 2],21,53,65,32,36
1,<environment.Job instance at 0x7f91639ed820>,27,17,[3 8],28,53,70,25,43
1,<environment.Job instance at 0x7f9163a0af00>,16,17,[ 1 10],17,70,87,53,59
1,<environment.Job instance at 0x7f91639eda00>,32,17,[2 5],33,87,104,54,75
1,<environment.Job instance at 0x7f91639e70f0>,39,14,[4 9],40,104,118,64,94
1,<environment.Job instance at 0x7f91639e7910>,40,18,[8 1],41,118,136,77,107
1,<environment.Job instance at 0x7f9163a02f00>,46,18,[9 4],47,136,154,89,125
1,<environment.Job instance at 0x7f911fbfd8c0>,0,2,[2 7],1,1,3,0,1
1,<environment.Job instance at 0x7f9166128be0>,3,16,[5 3],4,4,20,0,4
1,<environment.Job instance at 0x7f911fbfd7d0>,2,1,[6 3],3,20,21,17,4
1,<environment.Job instance at 0x7f9166128320>,10,13,[5 3],11,21,34,10,13
1,<environment.Job instance at 0x7f91661284b0>,9,12,[4 6],10,13,25,3,13
1,<environment.Job instance at 0x7f9165fb3500>,16,2,[3 6],17,25,27,8,23
1,<environment.Job instance at 0x7f9166128640>,5,15,[ 1 10],6,34,49,28,23
1,<environment.Job instance at 0x7f9165fb35a0>,22,2,[8 4],23,49,51,26,27
1,<environment.Job instance at 0x7f9165fb31e0>,15,16,[9 4],16,51,67,35,39
1,<environment.Job instance at 0x7f911fca2aa0>,30,12,[1 7],31,67,79,36,56
1,<environment.Job instance at 0x7f911fca2230>,33,15,[5 5],34,79,94,45,75
1,<environment.Job instance at 0x7f911fca25a0>,36,13,[4 7],37,94,107,57,84
1,<environment.Job instance at 0x7f9165fcf6e0>,39,13,[7 4],40,107,120,67,95
1,<environment.Job instance at 0x7f91661a5870>,3,14,[3 6],4,4,18,0,4
1,<environment.Job instance at 0x7f9166175410>,9,15,[5 7],10,18,33,8,10
1,<environment.Job instance at 0x7f9166269a50>,14,13,[2 6],15,33,46,18,23
1,<environment.Job instance at 0x7f916627d460>,15,14,[ 1 10],16,46,60,30,33
1,<environment.Job instance at 0x7f911fd3e370>,18,14,[1 7],19,60,74,41,46
1,<environment.Job instance at 0x7f916627d5f0>,21,13,[6 3],22,64,77,42,64
1,<environment.Job instance at 0x7f9165b6d460>,22,14,[3 9],23,77,91,54,64
1,<environment.Job instance at 0x7f916a92c500>,1,14,[9 4],2,8,22,6,8
1,<environment.Job instance at 0x7f911fb1f820>,8,13,[1 5],9,9,22,0,9
1,<environment.Job instance at 0x7f911fdb65a0>,2,13,[2 9],3,22,35,19,22
1,<environment.Job instance at 0x7f911fb1fbe0>,15,3,[5 6],16,35,38,19,22
1,<environment.Job instance at 0x7f911fb1feb0>,19,17,[2 6],20,45,62,25,45
1,<environment.Job instance at 0x7f911fb2c4b0>,23,14,[ 5 10],24,62,76,38,49
1,<environment.Job instance at 0x7f911fb2c960>,30,13,[5 6],31,76,89,45,66
1,<environment.Job instance at 0x7f911fb2caa0>,32,12,[10  4],33,89,101,56,72
1,<environment.Job instance at 0x7f911fb2cc80>,35,15,[8 1],36,101,116,65,88
1,<environment.Job instance at 0x7f911fb2cfa0>,39,15,[6 2],40,116,131,76,103
1,<environment.Job instance at 0x7f911fb2cf00>,41,15,[5 4],42,131,146,89,117
1,<environment.Job instance at 0x7f911fb2f280>,44,17,[2 5],45,131,148,86,131
1,<environment.Job instance at 0x7f911fb2f870>,46,15,[3 5],47,146,161,99,133
1,<environment.Job instance at 0x7f91635595a0>,9,3,[1 7],10,10,13,0,10
1,<environment.Job instance at 0x7f91635c3b90>,4,13,[2 7],5,13,26,8,10
1,<environment.Job instance at 0x7f911f9ae0f0>,14,3,[10  5],15,26,29,11,15
1,<environment.Job instance at 0x7f91662ca780>,8,14,[6 4],9,29,43,20,15
1,<environment.Job instance at 0x7f911f9ae320>,16,12,[8 4],17,43,55,26,29
1,<environment.Job instance at 0x7f91662caaf0>,6,18,[6 4],7,55,73,48,45
1,<environment.Job instance at 0x7f911f9cd9b0>,26,12,[2 7],27,73,85,46,57
1,<environment.Job instance at 0x7f911fd62b90>,30,13,[4 6],31,57,70,26,57
1,<environment.Job instance at 0x7f91635a03c0>,25,17,[5 3],26,73,90,47,62
1,<environment.Job instance at 0x7f9163aa7be0>,34,13,[2 8],35,90,103,55,83
1,<environment.Job instance at 0x7f9163aa7b40>,36,17,[3 7],37,103,120,66,92
1,<environment.Job instance at 0x7f911fd38fa0>,39,17,[5 7],40,122,139,82,122
1,<environment.Job instance at 0x7f911f96d5a0>,43,14,[ 2 10],44,139,153,95,127
1,<environment.Job instance at 0x7f916abc6500>,1,3,[7 4],2,2,5,0,2
1,<environment.Job instance at 0x7f911fd25280>,7,15,[3 6],8,12,27,4,12
1,<environment.Job instance at 0x7f9165ba5820>,13,13,[5 6],14,27,40,13,14
1,<environment.Job instance at 0x7f9163645780>,14,13,[3 6],15,40,53,25,24
1,<environment.Job instance at 0x7f911fa52690>,23,3,[8 1],24,53,56,29,46
1,<environment.Job instance at 0x7f91660e7910>,25,14,[7 2],26,56,70,30,46
1,<environment.Job instance at 0x7f91662caf00>,27,16,[5 4],28,70,86,42,58
1,<environment.Job instance at 0x7f91633bf4b0>,28,17,[6 5],29,86,103,57,84
1,<environment.Job instance at 0x7f9166085e60>,34,3,[8 2],35,103,106,68,87
1,<environment.Job instance at 0x7f9166085550>,36,15,[5 6],37,106,121,69,92
1,<environment.Job instance at 0x7f9166085d70>,38,3,[ 4 10],39,121,124,82,96
1,<environment.Job instance at 0x7f916611d0a0>,40,15,[1 8],41,124,139,83,111
1,<environment.Job instance at 0x7f916611d460>,44,14,[ 3 10],45,139,153,94,128
1,<environment.Job instance at 0x7f9163a48c80>,6,16,[1 5],7,9,25,2,9
1,<environment.Job instance at 0x7f9166091780>,4,17,[8 5],5,11,28,6,11
1,<environment.Job instance at 0x7f9163a48e10>,10,1,[2 5],11,25,26,14,12
1,<environment.Job instance at 0x7f9163a51280>,12,3,[4 6],13,28,31,15,13
1,<environment.Job instance at 0x7f9163a51190>,11,12,[7 2],12,31,43,19,15
1,<environment.Job instance at 0x7f9163a51870>,18,13,[6 2],19,43,56,24,27
1,<environment.Job instance at 0x7f9163a51a50>,21,12,[5 8],22,56,68,34,39
1,<environment.Job instance at 0x7f9163a51e10>,26,16,[5 9],27,68,84,41,56
1,<environment.Job instance at 0x7f9163a51370>,14,18,[ 4 10],15,96,114,81,96
1,<environment.Job instance at 0x7f9163a2c370>,34,16,[8 2],35,114,130,79,103
1,<environment.Job instance at 0x7f9163a2c960>,39,13,[10  4],40,130,143,90,118
1,<environment.Job instance at 0x7f9163a2ca50>,42,16,[6 1],43,143,159,100,130
1,<environment.Job instance at 0x7f911fb72280>,1,1,[2 7],2,2,3,0,2
1,<environment.Job instance at 0x7f9163a2b550>,2,1,[1 8],3,3,4,0,3
1,<environment.Job instance at 0x7f916375b8c0>,5,15,[10  1],6,13,28,7,13
1,<environment.Job instance at 0x7f911fb72320>,0,13,[8 3],1,28,41,27,14
1,<environment.Job instance at 0x7f916375b140>,9,3,[7 3],10,41,44,31,17
1,<environment.Job instance at 0x7f9163a02320>,16,2,[ 1 10],17,44,46,27,19
1,<environment.Job instance at 0x7f916384d410>,21,15,[3 7],22,46,61,24,32
1,<environment.Job instance at 0x7f916384d190>,26,2,[5 3],27,46,48,19,41
1,<environment.Job instance at 0x7f916384d7d0>,20,18,[3 5],21,61,79,40,52
1,<environment.Job instance at 0x7f911f893820>,38,12,[10  4],39,79,91,40,66
1,<environment.Job instance at 0x7f911f8930a0>,39,12,[5 8],40,91,103,51,75
1,<environment.Job instance at 0x7f911fc7f730>,51,17,[7 4],52,103,120,51,95
1,<environment.Job instance at 0x7f911fc592d0>,55,13,[7 4],56,120,133,64,109
1,<environment.Job instance at 0x7f911fc59320>,56,16,[3 8],57,133,149,76,120
1,<environment.Job instance at 0x7f911ff74320>,68,12,[7 5],69,149,161,80,139
1,<environment.Job instance at 0x7f916a920fa0>,2,1,[1 5],3,3,4,0,3
1,<environment.Job instance at 0x7f916379f140>,3,12,[6 5],4,4,16,0,4
1,<environment.Job instance at 0x7f916379f3c0>,7,16,[8 4],8,16,32,8,9
1,<environment.Job instance at 0x7f916aa210a0>,14,14,[5 3],15,32,46,17,17
1,<environment.Job instance at 0x7f916aa216e0>,17,14,[4 7],18,32,46,14,22
1,<environment.Job instance at 0x7f91633a9c80>,20,12,[9 4],21,46,58,25,30
1,<environment.Job instance at 0x7f916aa215a0>,13,13,[10  3],14,58,71,44,43
1,<environment.Job instance at 0x7f91638bcd70>,31,13,[5 8],32,71,84,39,55
1,<environment.Job instance at 0x7f91638bc780>,33,13,[6 5],34,84,97,50,68
1,<environment.Job instance at 0x7f91638bc140>,39,3,[7 4],40,97,100,57,76
1,<environment.Job instance at 0x7f91638bc320>,42,3,[10  3],43,100,103,57,78
1,<environment.Job instance at 0x7f9165dc7410>,43,16,[9 5],44,103,119,59,93
1,<environment.Job instance at 0x7f9165dc7cd0>,47,17,[5 6],48,119,136,71,107
1,<environment.Job instance at 0x7f9165dc78c0>,49,17,[5 2],50,119,136,69,119
1,<environment.Job instance at 0x7f9165dc7370>,56,17,[8 4],57,136,153,79,124
1,<environment.Job instance at 0x7f9165dc7780>,58,12,[ 1 10],59,153,165,94,136
1,<environment.Job instance at 0x7f911f9c9280>,61,3,[10  1],62,165,168,103,139
1,<environment.Job instance at 0x7f911fd25af0>,1,1,[3 9],2,2,3,0,2
1,<environment.Job instance at 0x7f911f9d3690>,4,14,[5 6],5,5,19,0,5
1,<environment.Job instance at 0x7f911f960190>,0,14,[1 7],1,19,33,18,10
1,<environment.Job instance at 0x7f9163725e10>,12,2,[5 3],13,13,15,0,13
1,<environment.Job instance at 0x7f9163725a50>,17,19,[ 2 10],18,41,60,23,41
1,<environment.Job instance at 0x7f9165f958c0>,26,14,[9 3],27,60,74,33,46
1,<environment.Job instance at 0x7f911f7bc6e0>,29,14,[1 8],30,74,88,44,63
1,<environment.Job instance at 0x7f911f7eeb40>,28,18,[7 1],29,74,92,45,68
1,<environment.Job instance at 0x7f91637544b0>,33,13,[10  4],34,92,105,58,84
1,<environment.Job instance at 0x7f916a60d730>,31,12,[4 6],32,105,117,73,91
1,<environment.Job instance at 0x7f916399d640>,42,16,[8 1],43,117,133,74,105
1,<environment.Job instance at 0x7f9165f59e60>,50,13,[6 3],51,133,146,82,128
1,<environment.Job instance at 0x7f91637f1c80>,1,1,[3 9],2,2,3,0,2
1,<environment.Job instance at 0x7f91636b5960>,0,2,[8 4],1,4,6,3,4
1,<environment.Job instance at 0x7f9165f59870>,3,18,[6 1],4,6,24,2,6
1,<environment.Job instance at 0x7f911f8c0aa0>,8,14,[5 5],9,24,38,15,9
1,<environment.Job instance at 0x7f91633cd1e0>,5,16,[10  1],6,44,60,38,44
1,<environment.Job instance at 0x7f9163a88e10>,27,2,[4 5],28,60,62,32,46
1,<environment.Job instance at 0x7f916376e8c0>,24,12,[ 1 10],25,62,74,37,51
1,<environment.Job instance at 0x7f911f6b9e10>,32,16,[4 7],33,74,90,41,63
1,<environment.Job instance at 0x7f911f6b9c80>,34,16,[3 5],35,90,106,55,78
1,<environment.Job instance at 0x7f911f6b9690>,35,15,[ 3 10],36,106,121,70,92
1,<environment.Job instance at 0x7f911f6b9f50>,36,12,[1 5],37,92,104,55,92
1,<environment.Job instance at 0x7f911f7190a0>,45,15,[8 3],46,121,136,75,107
1,<environment.Job instance at 0x7f911fec8c80>,50,14,[5 3],51,136,150,85,122
1,<environment.Job instance at 0x7f911f776d70>,53,14,[5 9],54,150,164,96,135
1,<environment.Job instance at 0x7f914ede2280>,6,14,[7 3],7,9,23,2,9
1,<environment.Job instance at 0x7f91637f9dc0>,10,3,[8 1],11,23,26,12,11
1,<environment.Job instance at 0x7f916aa26cd0>,3,15,[9 4],4,26,41,22,13
1,<environment.Job instance at 0x7f91637f90a0>,20,15,[8 4],21,41,56,20,30
1,<environment.Job instance at 0x7f91637f97d0>,22,17,[1 7],23,56,73,33,47
1,<environment.Job instance at 0x7f916a8f3e60>,25,12,[8 1],26,56,68,30,49
1,<environment.Job instance at 0x7f91633e8be0>,28,12,[10  1],29,73,85,44,57
1,<environment.Job instance at 0x7f91633e80a0>,33,3,[6 5],34,85,88,51,68
1,<environment.Job instance at 0x7f911fc97640>,36,12,[2 8],37,88,100,51,71
1,<environment.Job instance at 0x7f911fc97f00>,38,12,[1 5],39,100,112,61,91
1,<environment.Job instance at 0x7f91633e8280>,32,16,[1 7],33,112,128,79,99
1,<environment.Job instance at 0x7f911ffafe60>,49,13,[2 6],50,128,141,78,117
1,<environment.Job instance at 0x7f91638c6a50>,53,19,[7 1],54,119,138,65,119
1,<environment.Job instance at 0x7f911fc97500>,35,18,[4 5],36,141,159,105,130
1,<environment.Job instance at 0x7f911f6045f0>,0,1,[7 3],1,1,2,0,1
1,<environment.Job instance at 0x7f911ffaf640>,2,13,[6 3],3,3,16,0,3
1,<environment.Job instance at 0x7f911fe61b90>,3,3,[8 1],4,16,19,12,4
1,<environment.Job instance at 0x7f9165caa230>,4,14,[5 2],5,19,33,14,5
1,<environment.Job instance at 0x7f9165cae640>,13,14,[5 4],14,19,33,5,14
1,<environment.Job instance at 0x7f9165cae280>,21,17,[7 4],22,36,53,14,36
1,<environment.Job instance at 0x7f9165cbcc80>,24,3,[ 3 10],25,53,56,28,36
1,<environment.Job instance at 0x7f9165cdc640>,26,2,[9 1],27,56,58,29,38
1,<environment.Job instance at 0x7f9165cbc820>,23,16,[1 9],24,56,72,32,45
1,<environment.Job instance at 0x7f911feb1550>,32,13,[6 1],33,58,71,25,54
1,<environment.Job instance at 0x7f916335fdc0>,33,15,[5 2],34,72,87,38,58
1,<environment.Job instance at 0x7f9163a06f00>,36,12,[7 2],37,87,99,50,71
1,<environment.Job instance at 0x7f91635e0960>,40,12,[5 7],41,99,111,58,87
1,<environment.Job instance at 0x7f9163a09c80>,38,18,[5 3],39,99,117,60,91
1,<environment.Job instance at 0x7f911fd14f00>,53,2,[2 7],54,91,93,37,91
1,<environment.Job instance at 0x7f9165fd97d0>,60,12,[9 3],61,117,129,56,114
1,<environment.Job instance at 0x7f9165cdc370>,27,15,[10  5],28,129,144,101,116
1,<environment.Job instance at 0x7f9165fd9d70>,66,13,[7 3],67,144,157,77,128
1,<environment.Job instance at 0x7f9165ff0550>,2,2,[3 8],3,3,5,0,3
1,<environment.Job instance at 0x7f9165ff0140>,5,2,[1 7],6,6,8,0,6
1,<environment.Job instance at 0x7f9165d03190>,6,15,[3 5],7,8,23,1,7
1,<environment.Job instance at 0x7f911f5f3910>,7,14,[9 1],8,23,37,15,11
1,<environment.Job instance at 0x7f911ff5d190>,16,3,[5 6],17,37,40,20,26
1,<environment.Job instance at 0x7f91636fed20>,17,13,[7 4],18,40,53,22,26
1,<environment.Job instance at 0x7f9165c1d4b0>,25,3,[4 6],26,53,56,27,37
1,<environment.Job instance at 0x7f9163778b40>,27,3,[6 5],28,56,59,28,39
1,<environment.Job instance at 0x7f9165c1deb0>,28,12,[6 1],29,59,71,30,42
1,<environment.Job instance at 0x7f916a928820>,4,17,[4 8],5,59,76,54,47
1,<environment.Job instance at 0x7f91660e3870>,34,17,[4 5],35,76,93,41,70
1,<environment.Job instance at 0x7f911f5f3280>,15,18,[4 5],16,81,99,65,81
1,<environment.Job instance at 0x7f9166073d20>,44,18,[7 5],45,100,118,55,100
1,<environment.Job instance at 0x7f9166130af0>,4,1,[5 7],5,6,7,1,6
1,<environment.Job instance at 0x7f9166130780>,6,17,[10  5],7,13,30,6,13
1,<environment.Job instance at 0x7f9166283910>,21,14,[10  4],22,80,94,58,80
1,<environment.Job instance at 0x7f911fb880f0>,26,2,[7 5],27,94,96,67,80
1,<environment.Job instance at 0x7f9166283be0>,25,2,[5 4],26,96,98,70,80
1,<environment.Job instance at 0x7f916354ba00>,3,17,[10  5],4,98,115,94,96
1,<environment.Job instance at 0x7f911fb88a00>,32,2,[10  2],33,115,117,82,104
1,<environment.Job instance at 0x7f911fb88f00>,36,1,[1 6],37,117,118,80,105
1,<environment.Job instance at 0x7f911fb88730>,37,15,[3 5],38,118,133,80,105
1,<environment.Job instance at 0x7f911fe88a00>,4,17,[1 5],5,5,22,0,5
1,<environment.Job instance at 0x7f911f57c5f0>,8,16,[5 9],9,22,38,13,10
1,<environment.Job instance at 0x7f916628c140>,7,12,[5 5],8,10,22,2,10
1,<environment.Job instance at 0x7f911fbb5960>,15,2,[5 1],16,22,24,6,16
1,<environment.Job instance at 0x7f9163aa6b40>,13,14,[2 7],14,38,52,24,25
1,<environment.Job instance at 0x7f91639d2190>,23,17,[2 5],24,58,75,34,58
1,<environment.Job instance at 0x7f911f84edc0>,25,14,[3 5],26,62,76,36,62
1,<environment.Job instance at 0x7f91639d2550>,24,17,[2 6],25,76,93,51,68
1,<environment.Job instance at 0x7f911fd8ffa0>,31,12,[10  5],32,98,110,66,98
1,<environment.Job instance at 0x7f911f6d05f0>,32,16,[5 8],33,110,126,77,99
1,<environment.Job instance at 0x7f911f6d05a0>,38,3,[ 3 10],39,126,129,87,104
1,<environment.Job instance at 0x7f911fa245f0>,40,13,[9 4],41,129,142,88,116
1,<environment.Job instance at 0x7f911fa241e0>,47,16,[5 7],48,142,158,94,130
1,<environment.Job instance at 0x7f9facee45a0>,3,18,[ 3 10],4,4,22,0,4
1,<environment.Job instance at 0x7f9fa7a91460>,7,14,[5 1],8,22,36,14,8
1,<environment.Job instance at 0x7f9fa7a91230>,4,18,[10  4],5,36,54,31,25
1,<environment.Job instance at 0x7f9fa7a91870>,14,12,[3 7],15,54,66,39,37
1,<environment.Job instance at 0x7f9fa7a91d70>,18,16,[8 5],19,66,82,47,53
1,<environment.Job instance at 0x7f9fa7a91f50>,21,3,[ 2 10],22,82,85,60,66
1,<environment.Job instance at 0x7f9fa7a91b90>,23,18,[5 2],24,85,103,61,74
1,<environment.Job instance at 0x7f9fa7a93320>,25,3,[1 6],26,85,88,59,74
1,<environment.Job instance at 0x7f9fa7a93460>,29,13,[1 6],30,88,101,58,76
1,<environment.Job instance at 0x7f9fa7a93640>,32,17,[9 3],33,103,120,70,91
1,<environment.Job instance at 0x7f9fa7a93140>,34,3,[9 5],35,120,123,85,94
1,<environment.Job instance at 0x7f9fa7a93be0>,37,14,[5 5],38,123,137,85,108
1,<environment.Job instance at 0x7f9fa7a93c30>,39,18,[5 8],40,137,155,97,128
1,<environment.Job instance at 0x7f9fa7aa8e60>,0,13,[2 6],1,6,19,5,6
1,<environment.Job instance at 0x7f9fad00ca00>,5,14,[3 8],6,19,33,13,15
1,<environment.Job instance at 0x7f9fad00cb40>,7,17,[3 8],8,33,50,25,23
1,<environment.Job instance at 0x7f9fad007f50>,19,16,[3 5],20,50,66,30,38
1,<environment.Job instance at 0x7f9fad01a730>,21,14,[5 3],22,50,64,28,48
1,<environment.Job instance at 0x7f9fad01a6e0>,28,14,[4 7],29,66,80,37,51
1,<environment.Job instance at 0x7f9fad010230>,34,12,[5 7],35,80,92,45,69
1,<environment.Job instance at 0x7f9fad010690>,37,2,[9 3],38,92,94,54,76
1,<environment.Job instance at 0x7f9facec9730>,38,14,[8 5],39,94,108,55,79
1,<environment.Job instance at 0x7f9facec9050>,40,18,[5 1],41,108,126,67,98
1,<environment.Job instance at 0x7f9facec96e0>,43,3,[5 4],44,108,111,64,108
1,<environment.Job instance at 0x7f9fa7a93910>,1,16,[1 9],2,111,127,109,110
1,<environment.Job instance at 0x7f9fad01ae10>,27,13,[ 4 10],28,127,140,99,112
1,<environment.Job instance at 0x7f9fad014e10>,50,2,[3 8],51,140,142,89,116
1,<environment.Job instance at 0x7f9fad010c30>,35,17,[10  5],36,142,159,106,131
1,<environment.Job instance at 0x7f9fad0143c0>,55,17,[5 9],56,159,176,103,148
1,<environment.Job instance at 0x7f9facec8c30>,3,13,[8 3],4,4,17,0,4
1,<environment.Job instance at 0x7f9f61d2d730>,7,17,[7 5],8,17,34,9,8
1,<environment.Job instance at 0x7f9f61cfa730>,15,2,[4 6],16,34,36,18,16
1,<environment.Job instance at 0x7f9f61cfa320>,16,2,[6 5],17,36,38,19,17
1,<environment.Job instance at 0x7f9f61cf4870>,17,14,[7 1],18,38,52,20,25
1,<environment.Job instance at 0x7f9f61d2deb0>,14,16,[8 3],15,52,68,37,44
1,<environment.Job instance at 0x7f9fa7f4eb90>,26,15,[6 2],27,68,83,41,56
1,<environment.Job instance at 0x7f9fa7863230>,28,2,[1 7],29,62,64,33,62
1,<environment.Job instance at 0x7f9fa7ce1370>,29,3,[8 4],30,83,86,53,63
1,<environment.Job instance at 0x7f9f61cf4e60>,20,14,[ 3 10],21,86,100,65,71
1,<environment.Job instance at 0x7f9f61d36cd0>,37,2,[9 1],38,100,102,62,93
1,<environment.Job instance at 0x7f9f61cef780>,31,16,[2 8],32,102,118,70,93
1,<environment.Job instance at 0x7f9f61d36b90>,39,16,[1 7],40,118,134,78,105
1,<environment.Job instance at 0x7f9f61cdba50>,41,15,[3 5],42,134,149,92,120
1,<environment.Job instance at 0x7f9f61cdb370>,45,17,[6 3],46,123,140,77,123
1,<environment.Job instance at 0x7f9f61cdbd20>,51,14,[3 6],52,149,163,97,145
1,<environment.Job instance at 0x7f9f61cdb5a0>,52,15,[7 3],53,148,163,95,148
1,<environment.Job instance at 0x7f9fac8635a0>,1,3,[9 3],2,3,6,1,3
1,<environment.Job instance at 0x7f9fa7a4c820>,3,13,[9 5],4,6,19,2,4
1,<environment.Job instance at 0x7f9f61e17c30>,2,17,[10  3],3,19,36,16,15
1,<environment.Job instance at 0x7f9f61ce3b90>,17,13,[6 5],18,36,49,18,20
1,<environment.Job instance at 0x7f9f61d33640>,19,14,[2 6],20,49,63,29,36
1,<environment.Job instance at 0x7f9fad007e10>,24,17,[7 4],25,50,67,25,50
1,<environment.Job instance at 0x7f9f61ce5500>,25,14,[7 3],26,67,81,41,59
1,<environment.Job instance at 0x7f9fad00ca50>,22,12,[4 9],23,82,94,59,82
1,<environment.Job instance at 0x7f9facec99b0>,37,12,[10  4],38,94,106,56,82
1,<environment.Job instance at 0x7f9facec9280>,36,14,[8 1],37,106,120,69,100
1,<environment.Job instance at 0x7f9fad014c80>,44,2,[4 9],45,120,122,75,100
1,<environment.Job instance at 0x7f9fad014b40>,45,2,[7 5],46,122,124,76,100
1,<environment.Job instance at 0x7f9facec95f0>,43,14,[8 2],44,124,138,80,109
1,<environment.Job instance at 0x7f9f61d3a820>,55,2,[9 3],56,138,140,82,135
1,<environment.Job instance at 0x7f9fad014320>,47,18,[6 2],48,140,158,92,136
1,<environment.Job instance at 0x7f9f61d3a960>,56,14,[7 5],57,158,172,101,145
1,<environment.Job instance at 0x7f9f62069c30>,1,3,[5 9],2,2,5,0,2
1,<environment.Job instance at 0x7f9f61cefb40>,2,2,[7 4],3,5,7,2,3
1,<environment.Job instance at 0x7f9fa7929280>,3,3,[5 5],4,7,10,3,4
1,<environment.Job instance at 0x7f9f6238a4b0>,5,13,[3 9],6,10,23,4,9
1,<environment.Job instance at 0x7f9f61cefa00>,6,18,[9 4],7,23,41,16,13
1,<environment.Job instance at 0x7f9fa7e9d320>,15,13,[8 5],16,41,54,25,26
1,<environment.Job instance at 0x7f9fa7e9d5a0>,17,14,[2 5],18,41,55,23,26
1,<environment.Job instance at 0x7f9f62389eb0>,18,16,[6 5],19,54,70,35,43
1,<environment.Job instance at 0x7f9fa7e92820>,22,15,[2 5],23,55,70,32,47
1,<environment.Job instance at 0x7f9fa7e9d410>,13,17,[5 3],14,70,87,56,58
1,<environment.Job instance at 0x7f9fa7e89460>,31,13,[6 5],32,87,100,55,71
1,<environment.Job instance at 0x7f9fa7e89780>,33,15,[6 1],34,100,115,66,87
1,<environment.Job instance at 0x7f9fa7e94e60>,38,17,[7 2],39,115,132,76,105
1,<environment.Job instance at 0x7f9fa7e941e0>,44,15,[7 3],45,132,147,87,120
1,<environment.Job instance at 0x7f9fa7e96910>,46,14,[5 4],47,147,161,100,134
1,<environment.Job instance at 0x7f9fa7e96af0>,50,17,[2 6],51,148,165,97,148
1,<environment.Job instance at 0x7f9fa7e86a50>,56,2,[8 4],57,161,163,104,149
1,<environment.Job instance at 0x7f9fac72c0a0>,2,15,[4 8],3,7,22,4,7
1,<environment.Job instance at 0x7f9fac72cc80>,5,12,[10  1],6,22,34,16,11
1,<environment.Job instance at 0x7f9fac3b30f0>,12,16,[3 8],13,34,50,21,21
1,<environment.Job instance at 0x7f9fac3b3370>,17,2,[7 4],18,50,52,32,34
1,<environment.Job instance at 0x7f9fac3b3960>,16,18,[10  2],17,52,70,35,42
1,<environment.Job instance at 0x7f9fac72ccd0>,7,14,[ 4 10],8,70,84,62,56
1,<environment.Job instance at 0x7f9fac3b3af0>,23,13,[5 5],24,84,97,60,69
1,<environment.Job instance at 0x7f9fac72cfa0>,8,18,[4 6],9,97,115,88,88
1,<environment.Job instance at 0x7f9fa7d5bf00>,33,3,[10  3],34,115,118,81,99
1,<environment.Job instance at 0x7f9fa7d5b320>,36,14,[6 4],37,101,115,64,101
1,<environment.Job instance at 0x7f9fa7d5be60>,35,12,[8 5],36,118,130,82,105
1,<environment.Job instance at 0x7f9fac3b3500>,20,16,[ 3 10],21,130,146,109,117
1,<environment.Job instance at 0x7f9fac7d33c0>,48,12,[ 4 10],49,146,158,97,130
1,<environment.Job instance at 0x7f9fa7d5b780>,41,17,[2 7],42,158,175,116,146
1,<environment.Job instance at 0x7f9fa7d5b780>,2,2,[3 6],3,3,5,0,3
1,<environment.Job instance at 0x7f9fac431a00>,4,3,[4 5],5,7,10,2,7
1,<environment.Job instance at 0x7f9fa7ac47d0>,6,3,[5 8],7,10,13,3,7
1,<environment.Job instance at 0x7f9fa7b7baa0>,8,3,[6 1],9,13,16,4,9
1,<environment.Job instance at 0x7f9fa7b7b0f0>,9,3,[8 2],10,16,19,6,10
1,<environment.Job instance at 0x7f9fa7b7b320>,12,3,[5 9],13,20,23,7,20
1,<environment.Job instance at 0x7f9fa7b7ba00>,13,16,[8 1],14,23,39,9,20
1,<environment.Job instance at 0x7f9fa7b7b730>,16,12,[3 9],17,39,51,22,29
1,<environment.Job instance at 0x7f9fa7d47b40>,19,18,[6 1],20,42,60,22,42
1,<environment.Job instance at 0x7f9fac8ecfa0>,20,15,[2 8],21,51,66,30,45
1,<environment.Job instance at 0x7f9fa7c3f690>,30,15,[4 7],31,66,81,35,55
1,<environment.Job instance at 0x7f9f6201cc80>,33,16,[9 4],34,81,97,47,68
1,<environment.Job instance at 0x7f9f62303780>,29,18,[2 7],30,97,115,67,90
1,<environment.Job instance at 0x7f9f61efa5a0>,44,17,[8 1],45,97,114,52,92
1,<environment.Job instance at 0x7f9f62149c80>,47,1,[7 3],48,114,115,66,97
1,<environment.Job instance at 0x7f9f61ed7dc0>,49,18,[2 7],50,115,133,65,107
1,<environment.Job instance at 0x7f9f61edb4b0>,53,14,[ 4 10],54,133,147,79,127
1,<environment.Job instance at 0x7f9f61edbd20>,54,15,[4 8],55,147,162,92,134
1,<environment.Job instance at 0x7f9f6208a730>,1,13,[10  4],2,2,15,0,2
1,<environment.Job instance at 0x7f9f6208c820>,4,15,[5 6],5,15,30,10,9
1,<environment.Job instance at 0x7f9fa7a92140>,14,12,[9 1],15,30,42,15,29
1,<environment.Job instance at 0x7f9f6208c7d0>,8,12,[9 3],9,42,54,33,29
1,<environment.Job instance at 0x7f9fa7a92460>,19,18,[7 5],20,54,72,34,43
1,<environment.Job instance at 0x7f9fa7a92640>,22,13,[7 2],23,72,85,49,56
1,<environment.Job instance at 0x7f9fa7a92a00>,28,13,[4 6],29,85,98,56,70
1,<environment.Job instance at 0x7f9f620600a0>,30,12,[7 4],31,98,110,67,93
1,<environment.Job instance at 0x7f9fa7a92d20>,29,15,[10  2],30,110,125,80,97
1,<environment.Job instance at 0x7f9f62060460>,38,17,[9 5],39,125,142,86,115
1,<environment.Job instance at 0x7f9f62060a50>,42,14,[4 6],43,142,156,99,127
1,<environment.Job instance at 0x7f9f62060aa0>,43,17,[9 1],44,156,173,112,146
1,<environment.Job instance at 0x7f9fa79e9370>,1,2,[1 9],2,2,4,0,2
1,<environment.Job instance at 0x7f9fa79fd320>,0,18,[6 4],1,5,23,4,5
1,<environment.Job instance at 0x7f9fa79e96e0>,4,3,[9 3],5,23,26,18,5
1,<environment.Job instance at 0x7f9fa79ba140>,6,1,[5 2],7,26,27,19,7
1,<environment.Job instance at 0x7f9fa79ba910>,8,13,[8 5],9,27,40,18,13
1,<environment.Job instance at 0x7f9fac4d7320>,13,3,[ 4 10],14,40,43,26,20
1,<environment.Job instance at 0x7f9fac4d7460>,14,3,[10  2],15,43,46,28,20
1,<environment.Job instance at 0x7f9fa79bafa0>,7,13,[10  4],8,46,59,38,30
1,<environment.Job instance at 0x7f9fa7f760a0>,19,14,[5 1],20,59,73,39,44
1,<environment.Job instance at 0x7f9fac665820>,28,3,[10  4],29,73,76,44,50
1,<environment.Job instance at 0x7f9f61e4b2d0>,31,1,[2 5],32,59,60,27,54
1,<environment.Job instance at 0x7f9fa78c64b0>,32,13,[ 3 10],33,76,89,43,60
1,<environment.Job instance at 0x7f9fa77fac80>,35,14,[5 7],36,89,103,53,74
1,<environment.Job instance at 0x7f9fac2f8870>,29,18,[6 2],30,103,121,73,92
1,<environment.Job instance at 0x7f9fac52a2d0>,44,2,[2 5],45,103,105,58,93
1,<environment.Job instance at 0x7f9fa7a827d0>,46,18,[5 5],47,121,139,74,111
1,<environment.Job instance at 0x7f9f62333b90>,51,14,[10  1],52,139,153,87,125
1,<environment.Job instance at 0x7f9f61ffa370>,56,2,[5 2],57,133,135,76,133
1,<environment.Job instance at 0x7f9f61ffae10>,57,3,[1 6],58,153,156,95,134
1,<environment.Job instance at 0x7f9f61ffa870>,58,12,[3 9],59,156,168,97,140
1,<environment.Job instance at 0x7f9fa79e9410>,1,1,[10  1],2,2,3,0,2
1,<environment.Job instance at 0x7f9fa79e9c80>,0,13,[2 8],1,4,17,3,4
1,<environment.Job instance at 0x7f9f62371910>,12,2,[10  3],13,27,29,14,27
1,<environment.Job instance at 0x7f9f61eba320>,15,14,[1 7],16,29,43,13,27
1,<environment.Job instance at 0x7f9fa79f5e60>,17,18,[1 9],18,43,61,25,33
1,<environment.Job instance at 0x7f9f6237d4b0>,2,2,[8 4],3,3,5,0,3
1,<environment.Job instance at 0x7f9fac6d5410>,3,3,[10  2],4,5,8,1,4
1,<environment.Job instance at 0x7f9f623aa190>,4,1,[5 9],5,8,9,3,5
1,<environment.Job instance at 0x7f9f623aa320>,5,14,[4 8],6,9,23,3,9
1,<environment.Job instance at 0x7f9f6237d780>,1,17,[9 4],2,23,40,21,14
1,<environment.Job instance at 0x7f9f623aa550>,8,18,[10  4],9,40,58,31,37
1,<environment.Job instance at 0x7f9f623aabe0>,21,17,[ 2 10],22,58,75,36,52
1,<environment.Job instance at 0x7f9f623a9190>,22,16,[2 8],23,75,91,52,62
1,<environment.Job instance at 0x7f9f623a99b0>,30,15,[8 4],31,91,106,60,81
1,<environment.Job instance at 0x7f9f623a9960>,36,15,[3 9],37,106,121,69,94
1,<environment.Job instance at 0x7f9f623b7280>,40,13,[8 3],41,121,134,80,110
1,<environment.Job instance at 0x7f9f623b73c0>,45,15,[10  1],46,134,149,88,123
1,<environment.Job instance at 0x7f9f623b7820>,47,12,[6 5],48,149,161,101,132
1,<environment.Job instance at 0x7f9f623b7b90>,52,3,[5 8],53,161,164,108,142
1,<environment.Job instance at 0x7f9f623b7c80>,53,2,[6 2],54,164,166,110,142
1,<environment.Job instance at 0x7f9f61d2d280>,5,3,[8 5],6,7,10,1,7
1,<environment.Job instance at 0x7f9f61d2d320>,10,13,[5 8],11,20,33,9,20
1,<environment.Job instance at 0x7f9f61d2d730>,11,16,[5 2],12,21,37,9,21
1,<environment.Job instance at 0x7f9fac42c140>,14,12,[7 5],15,37,49,22,22
1,<environment.Job instance at 0x7f9fa7b1eb40>,23,12,[8 2],24,49,61,25,45
1,<environment.Job instance at 0x7f9fa7b1e7d0>,25,2,[8 4],26,61,63,35,46
1,<environment.Job instance at 0x7f9f61d2d190>,13,15,[ 3 10],14,67,82,53,67
1,<environment.Job instance at 0x7f9fac42c780>,20,15,[10  5],21,82,97,61,79
1,<environment.Job instance at 0x7f9f61e9e0f0>,32,1,[1 5],33,97,98,64,81
1,<environment.Job instance at 0x7f9f61e9eeb0>,33,12,[6 5],34,97,109,63,81
1,<environment.Job instance at 0x7f9fa7b12280>,42,2,[2 8],43,109,111,66,109
1,<environment.Job instance at 0x7f9fa79424b0>,44,14,[5 3],45,111,125,66,109
1,<environment.Job instance at 0x7f9fa79421e0>,47,14,[4 7],48,111,125,63,111
1,<environment.Job instance at 0x7f9fa7e68050>,50,12,[9 4],51,125,137,74,111
1,<environment.Job instance at 0x7f9facd8dcd0>,52,14,[3 7],53,137,151,84,123
1,<environment.Job instance at 0x7f9f61e9e8c0>,37,16,[8 4],38,151,167,113,144
1,<environment.Job instance at 0x7f9fa7f5b4b0>,1,3,[2 9],2,2,5,0,2
1,<environment.Job instance at 0x7f9fa7b12460>,2,18,[2 5],3,6,24,3,6
1,<environment.Job instance at 0x7f9fa7f5bc80>,5,15,[8 4],6,11,26,5,11
1,<environment.Job instance at 0x7f9fa7942910>,10,16,[1 6],11,24,40,13,12
1,<environment.Job instance at 0x7f9fa7942640>,12,15,[10  3],13,40,55,27,26
1,<environment.Job instance at 0x7f9f62006460>,19,14,[4 7],20,55,69,35,43
1,<environment.Job instance at 0x7f9f62006be0>,24,14,[5 6],25,69,83,44,55
1,<environment.Job instance at 0x7f9fac5da730>,31,13,[1 7],32,83,96,51,72
1,<environment.Job instance at 0x7f9fac5da780>,32,2,[5 3],33,72,74,39,72
1,<environment.Job instance at 0x7f9fa7f5b960>,0,15,[2 8],1,96,111,95,85
1,<environment.Job instance at 0x7f9fa7a47500>,42,14,[5 5],43,111,125,68,98
1,<environment.Job instance at 0x7f9fa7a47780>,46,14,[9 3],47,125,139,78,110
1,<environment.Job instance at 0x7f9fac5da9b0>,27,17,[ 5 10],28,139,156,111,129
1,<environment.Job instance at 0x7f9f61a5e1e0>,1,1,[2 5],2,2,3,0,2
1,<environment.Job instance at 0x7f9fac51feb0>,3,13,[2 7],4,5,18,1,5
1,<environment.Job instance at 0x7f9f6239e500>,6,14,[8 5],7,18,32,11,7
1,<environment.Job instance at 0x7f9f623d4c30>,14,16,[1 6],15,32,48,17,23
1,<environment.Job instance at 0x7f9f623d2870>,18,14,[5 5],19,48,62,29,34
1,<environment.Job instance at 0x7f9f61e8c690>,24,2,[7 5],25,62,64,37,44
1,<environment.Job instance at 0x7f9f61e75cd0>,26,2,[ 2 10],27,64,66,37,46
1,<environment.Job instance at 0x7f9f61e75d20>,28,1,[9 5],29,66,67,37,46
1,<environment.Job instance at 0x7f9f623d46e0>,8,18,[6 5],9,67,85,58,61
1,<environment.Job instance at 0x7f9f623d2e10>,15,16,[10  1],16,85,101,69,72
1,<environment.Job instance at 0x7f9f6239b870>,38,18,[5 9],39,101,119,62,92
1,<environment.Job instance at 0x7f9f620c7050>,44,16,[3 5],45,119,135,74,106
1,<environment.Job instance at 0x7f9fa79e04b0>,51,12,[7 5],52,119,131,67,110
1,<environment.Job instance at 0x7f9fa79e0550>,53,12,[8 2],54,135,147,81,118
1,<environment.Job instance at 0x7f9f622bba50>,57,13,[9 2],58,147,160,89,131
1,<environment.Job instance at 0x7f9fac544910>,62,12,[9 4],63,160,172,97,144
1,<environment.Job instance at 0x7f9fa7e68b40>,6,14,[7 3],7,7,21,0,7
1,<environment.Job instance at 0x7f9fac544910>,3,15,[9 4],4,21,36,17,13
1,<environment.Job instance at 0x7f9fa7e686e0>,7,18,[2 8],8,36,54,28,28
1,<environment.Job instance at 0x7f9f61f49b40>,12,16,[6 4],13,54,70,41,53
1,<environment.Job instance at 0x7f9fa78db0f0>,22,17,[1 7],23,70,87,47,58
1,<environment.Job instance at 0x7f9fa7a270a0>,27,15,[ 3 10],28,87,102,59,79
1,<environment.Job instance at 0x7f9f62389050>,32,16,[1 7],33,102,118,69,91
1,<environment.Job instance at 0x7f9f61ee3960>,40,15,[6 1],41,103,118,62,103
1,<environment.Job instance at 0x7f9f61ee3320>,45,14,[4 9],46,118,132,72,107
1,<environment.Job instance at 0x7f9fa78b97d0>,54,12,[9 5],55,145,157,90,145
1,<environment.Job instance at 0x7f9fa78b9460>,62,16,[9 2],63,157,173,94,147
1,<environment.Job instance at 0x7f9f623190a0>,2,17,[3 6],3,12,29,9,12
1,<environment.Job instance at 0x7f9fa7e28d70>,9,1,[5 4],10,15,16,5,15
1,<environment.Job instance at 0x7f9fa7e28460>,10,1,[3 6],11,29,30,18,16
1,<environment.Job instance at 0x7f9fa7e28a00>,14,3,[ 3 10],15,30,33,15,19
1,<environment.Job instance at 0x7f9fa7e28500>,13,16,[1 9],14,33,49,19,27
1,<environment.Job instance at 0x7f9fa7e28aa0>,20,17,[8 2],21,49,66,28,37
1,<environment.Job instance at 0x7f9f61a7dc80>,23,15,[5 2],24,66,81,42,53
1,<environment.Job instance at 0x7f9f61a7d690>,28,18,[5 3],29,66,84,37,60
1,<environment.Job instance at 0x7f9f61a7d4b0>,30,12,[5 7],31,81,93,50,71
1,<environment.Job instance at 0x7f9fa7e28640>,17,15,[10  5],18,93,108,75,79
1,<environment.Job instance at 0x7f9f61a7dd70>,25,14,[9 4],26,108,122,82,93
1,<environment.Job instance at 0x7f9fa7e28230>,11,17,[7 4],12,122,139,110,110
1,<environment.Job instance at 0x7f9f61a6ddc0>,56,13,[7 3],57,139,152,82,123
1,<environment.Job instance at 0x7f9f61a1e230>,60,18,[1 7],61,139,157,78,128
1,<environment.Job instance at 0x7f9f61a6d3c0>,54,18,[ 4 10],55,157,175,102,149
1,<environment.Job instance at 0x7f9fa789e0f0>,3,12,[6 3],4,6,18,2,6
1,<environment.Job instance at 0x7f9fac403f00>,6,14,[8 2],7,18,32,11,12
1,<environment.Job instance at 0x7f9fa7bdd9b0>,28,12,[8 2],29,69,81,40,69
1,<environment.Job instance at 0x7f9fac403be0>,9,16,[1 8],10,91,107,81,91
1,<environment.Job instance at 0x7f9fac41d2d0>,21,13,[ 3 10],22,107,120,85,91
1,<environment.Job instance at 0x7f9fa7b2f140>,42,18,[5 5],43,120,138,77,109
1,<environment.Job instance at 0x7f9fa7be82d0>,36,15,[9 4],37,138,153,101,126
1,<environment.Job instance at 0x7f9fa7b423c0>,49,12,[10  3],50,153,165,103,140
1,<environment.Job instance at 0x7f9f61b23370>,0,14,[2 7],1,3,17,2,3
1,<environment.Job instance at 0x7f9fac803cd0>,3,1,[3 5],4,17,18,13,4
1,<environment.Job instance at 0x7f9fa7c47fa0>,4,3,[10  1],5,18,21,13,5
1,<environment.Job instance at 0x7f9fac42c6e0>,5,1,[10  4],6,21,22,15,6
1,<environment.Job instance at 0x7f9fac34ccd0>,2,2,[10  2],3,22,24,19,6
1,<environment.Job instance at 0x7f9fac42cc80>,7,15,[3 5],8,24,39,16,10
1,<environment.Job instance at 0x7f9fac7ad910>,15,3,[3 8],16,39,42,23,22
1,<environment.Job instance at 0x7f9f620a7dc0>,14,15,[9 1],15,42,57,27,28
1,<environment.Job instance at 0x7f9fac2f9320>,18,3,[6 2],19,28,31,9,28
1,<environment.Job instance at 0x7f9fac6554b0>,20,13,[1 5],21,42,55,21,29
1,<environment.Job instance at 0x7f9fa7cac780>,23,13,[2 7],24,57,70,33,50
1,<environment.Job instance at 0x7f9fac7ad140>,17,12,[3 5],18,70,82,52,59
1,<environment.Job instance at 0x7f9fa79e0f50>,37,3,[7 1],38,118,121,80,118
1,<environment.Job instance at 0x7f9fa79e0e60>,39,3,[5 8],40,121,124,81,118
1,<environment.Job instance at 0x7f9fa7e2b4b0>,3,1,[9 4],4,4,5,0,4
1,<environment.Job instance at 0x7f9fa7e2bd70>,0,13,[9 4],1,8,21,7,8
1,<environment.Job instance at 0x7f9f61c2d460>,7,16,[5 7],8,21,37,13,10
1,<environment.Job instance at 0x7f9f61e3af00>,16,15,[5 5],17,37,52,20,27
1,<environment.Job instance at 0x7f9f61e3a1e0>,18,16,[7 3],19,52,68,33,39
1,<environment.Job instance at 0x7f9f61e3a3c0>,26,3,[3 8],27,68,71,41,52
1,<environment.Job instance at 0x7f9f61e3a230>,24,14,[10  2],25,71,85,46,60
1,<environment.Job instance at 0x7f9f61e84960>,33,14,[8 4],34,85,99,51,75
1,<environment.Job instance at 0x7f9f61e844b0>,35,18,[4 6],36,99,117,63,89
1,<environment.Job instance at 0x7f9f61e84640>,37,18,[3 5],38,117,135,79,106
1,<environment.Job instance at 0x7f9f61c2da00>,10,16,[9 3],11,135,151,124,124
1,<environment.Job instance at 0x7f9fa78aa500>,49,3,[9 2],50,151,154,101,125
1,<environment.Job instance at 0x7f9fa78aa410>,51,13,[ 5 10],52,154,167,102,139
1,<environment.Job instance at 0x7f9f61dbf5a0>,1,3,[8 3],2,2,5,0,2
1,<environment.Job instance at 0x7f9fac328d70>,2,14,[2 7],3,4,18,1,4
1,<environment.Job instance at 0x7f9fac328b40>,4,13,[1 5],5,18,31,13,5
1,<environment.Job instance at 0x7f9fac73d640>,5,18,[8 1],6,6,24,0,6
1,<environment.Job instance at 0x7f9f6224b960>,15,26,[6 1],16,29,55,13,29
1,<environment.Job instance at 0x7f9fa7fbbc30>,14,3,[5 6],15,55,58,40,36
1,<environment.Job instance at 0x7f9fa7824fa0>,17,15,[7 3],18,58,73,40,44
1,<environment.Job instance at 0x7f9f61a893c0>,23,17,[9 1],24,73,90,49,61
1,<environment.Job instance at 0x7f9fac4abf00>,3,17,[10  2],4,90,107,86,79
1,<environment.Job instance at 0x7f9fac706d70>,34,17,[7 5],35,107,124,72,95
1,<environment.Job instance at 0x7f9fac706050>,35,13,[7 1],36,124,137,88,110
1,<environment.Job instance at 0x7f9fac852be0>,36,14,[ 4 10],37,137,151,100,124
1,<environment.Job instance at 0x7f9fa7faf190>,44,15,[9 3],45,151,166,106,137
1,<environment.Job instance at 0x7f75ce4941e0>,0,18,[ 2 10],1,7,25,6,7
1,<environment.Job instance at 0x7f75ce494190>,4,18,[10  4],5,25,43,20,14
1,<environment.Job instance at 0x7f75c7084af0>,14,12,[3 7],15,43,55,28,31
1,<environment.Job instance at 0x7f75c7084d70>,18,16,[8 5],19,55,71,36,43
1,<environment.Job instance at 0x7f75c70850a0>,23,18,[5 2],24,71,89,47,63
1,<environment.Job instance at 0x7f75c7085190>,29,13,[1 6],30,71,84,41,70
1,<environment.Job instance at 0x7f75c70858c0>,32,17,[9 3],33,89,106,56,85
1,<environment.Job instance at 0x7f75ce493fa0>,3,18,[ 3 10],4,106,124,102,97
1,<environment.Job instance at 0x7f75c7085b40>,38,12,[3 6],39,124,136,85,107
1,<environment.Job instance at 0x7f75c7085f50>,41,14,[6 1],42,124,138,82,123
1,<environment.Job instance at 0x7f75c7085dc0>,42,14,[8 4],43,138,152,95,126
1,<environment.Job instance at 0x7f75c708b230>,48,13,[6 1],49,152,165,103,138
1,<environment.Job instance at 0x7f75c708b460>,49,2,[1 9],50,152,154,102,138
1,<environment.Job instance at 0x7f75c709fd70>,1,3,[1 5],2,2,5,0,2
1,<environment.Job instance at 0x7f75c708b870>,2,1,[10  1],3,5,6,2,3
1,<environment.Job instance at 0x7f75ce4bce60>,3,15,[4 8],4,6,21,2,4
1,<environment.Job instance at 0x7f75c709fb90>,0,12,[6 3],1,21,33,20,7
1,<environment.Job instance at 0x7f75ce4bce10>,8,18,[4 6],9,21,39,12,11
1,<environment.Job instance at 0x7f75ce602d20>,12,1,[ 5 10],13,39,40,26,13
1,<environment.Job instance at 0x7f75ce4bc820>,9,16,[3 5],10,40,56,30,35
1,<environment.Job instance at 0x7f75ce6083c0>,24,12,[5 7],25,56,68,31,39
1,<environment.Job instance at 0x7f75ce607690>,28,14,[8 5],29,68,82,39,54
1,<environment.Job instance at 0x7f75ce608e10>,25,17,[10  5],26,82,99,56,70
1,<environment.Job instance at 0x7f75ce604190>,42,14,[9 2],43,99,113,56,88
1,<environment.Job instance at 0x7f75ce6079b0>,30,18,[5 1],31,113,131,82,105
1,<environment.Job instance at 0x7f75ce604e10>,45,17,[5 9],46,113,130,67,105
1,<environment.Job instance at 0x7f75ce600690>,50,17,[2 9],51,130,147,79,118
1,<environment.Job instance at 0x7f75ce600af0>,53,12,[5 1],54,131,143,77,118
1,<environment.Job instance at 0x7f75c6f2d0f0>,55,17,[8 1],56,143,160,87,131
1,<environment.Job instance at 0x7f75ce608730>,17,13,[ 4 10],18,160,173,142,144
1,<environment.Job instance at 0x7f75ce60daf0>,63,15,[5 6],64,173,188,109,159
1,<environment.Job instance at 0x7f75c729a550>,10,13,[ 4 10],11,12,25,1,12
1,<environment.Job instance at 0x7f75833468c0>,11,16,[2 8],12,25,41,13,15
1,<environment.Job instance at 0x7f758332b230>,16,2,[3 5],17,41,43,24,17
1,<environment.Job instance at 0x7f758332b050>,17,2,[9 1],18,43,45,25,18
1,<environment.Job instance at 0x7f758332bcd0>,19,16,[1 7],20,43,59,23,31
1,<environment.Job instance at 0x7f75c6e57f00>,21,15,[3 5],22,59,74,37,47
1,<environment.Job instance at 0x7f758332ed70>,25,17,[6 3],26,57,74,31,57
1,<environment.Job instance at 0x7f75c6e5b870>,31,14,[3 6],32,75,89,43,75
1,<environment.Job instance at 0x7f758333d2d0>,34,12,[2 9],35,89,101,54,88
1,<environment.Job instance at 0x7f758339fe10>,37,16,[ 3 10],38,117,133,79,117
1,<environment.Job instance at 0x7f75832d9e10>,42,2,[1 5],43,133,135,90,120
1,<environment.Job instance at 0x7f75832d97d0>,43,12,[8 5],44,133,145,89,122
1,<environment.Job instance at 0x7f75832d95a0>,46,3,[2 7],47,145,148,98,134
1,<environment.Job instance at 0x7f75832d9320>,47,13,[ 1 10],48,148,161,100,135
1,<environment.Job instance at 0x7f75832d9910>,50,17,[7 1],51,161,178,110,154
1,<environment.Job instance at 0x7f75832d9aa0>,2,3,[1 7],3,4,7,1,4
1,<environment.Job instance at 0x7f75cb776d20>,8,1,[2 5],9,9,10,0,9
1,<environment.Job instance at 0x7f75cb734820>,9,3,[4 8],10,10,13,0,10
1,<environment.Job instance at 0x7f75c7046a50>,13,14,[8 2],14,21,35,7,21
1,<environment.Job instance at 0x7f75cb5c1370>,12,17,[2 5],13,21,38,8,21
1,<environment.Job instance at 0x7f758333c640>,10,14,[ 4 10],11,38,52,27,27
1,<environment.Job instance at 0x7f75cb5f0780>,23,15,[6 5],24,52,67,28,44
1,<environment.Job instance at 0x7f75c706db90>,28,14,[3 8],29,67,81,38,52
1,<environment.Job instance at 0x7f75cbc84460>,32,12,[3 8],33,81,93,48,64
1,<environment.Job instance at 0x7f75c702d910>,35,16,[4 5],36,93,109,57,80
1,<environment.Job instance at 0x7f7583549550>,39,17,[ 5 10],40,109,126,69,99
1,<environment.Job instance at 0x7f75c702dd70>,34,13,[1 9],35,126,139,91,111
1,<environment.Job instance at 0x7f75cb7766e0>,7,12,[10  4],8,139,151,131,122
1,<environment.Job instance at 0x7f758336a550>,50,1,[6 5],51,151,152,100,139
1,<environment.Job instance at 0x7f758336ac80>,47,18,[1 7],48,152,170,104,141
1,<environment.Job instance at 0x7f75832da5f0>,2,2,[7 3],3,3,5,0,3
1,<environment.Job instance at 0x7f75cbb68190>,3,3,[8 1],4,5,8,1,4
1,<environment.Job instance at 0x7f75c70dc190>,4,15,[7 3],5,8,23,3,5
1,<environment.Job instance at 0x7f75836bf230>,10,17,[2 6],11,11,28,0,11
1,<environment.Job instance at 0x7f75836c42d0>,6,14,[5 4],7,23,37,16,16
1,<environment.Job instance at 0x7f75836a0640>,17,3,[10  4],18,37,40,19,33
1,<environment.Job instance at 0x7f75836988c0>,23,13,[7 5],24,40,53,16,40
1,<environment.Job instance at 0x7f75836a7280>,29,16,[5 3],30,54,70,24,54
1,<environment.Job instance at 0x7f75836a7500>,31,2,[2 6],32,57,59,25,57
1,<environment.Job instance at 0x7f75836a7a00>,24,13,[1 8],25,70,83,45,57
1,<environment.Job instance at 0x7f75836a7c80>,34,16,[9 4],35,83,99,48,70
1,<environment.Job instance at 0x7f75836ae960>,36,15,[10  4],37,99,114,62,85
1,<environment.Job instance at 0x7f75836ae410>,41,12,[5 6],42,114,126,72,97
1,<environment.Job instance at 0x7f75836aebe0>,37,13,[ 4 10],38,126,139,88,114
1,<environment.Job instance at 0x7f758368bf50>,49,17,[1 9],50,139,156,89,127
1,<environment.Job instance at 0x7f75c747b8c0>,58,18,[6 5],59,156,174,97,145
1,<environment.Job instance at 0x7f75c6ea4230>,1,3,[3 9],2,2,5,0,2
1,<environment.Job instance at 0x7f75c7345dc0>,8,18,[1 5],9,13,31,4,13
1,<environment.Job instance at 0x7f75c7345550>,12,13,[9 4],13,15,28,2,15
1,<environment.Job instance at 0x7f75c7345050>,13,12,[2 6],14,31,43,17,21
1,<environment.Job instance at 0x7f75c73452d0>,16,13,[5 5],17,43,56,26,28
1,<environment.Job instance at 0x7f75c6ea4320>,0,14,[ 2 10],1,56,70,55,47
1,<environment.Job instance at 0x7f75c705ceb0>,25,18,[5 5],26,78,96,52,78
1,<environment.Job instance at 0x7f75839f2780>,34,14,[9 1],35,96,110,61,83
1,<environment.Job instance at 0x7f75c705c730>,24,17,[9 2],25,110,127,85,101
1,<environment.Job instance at 0x7f75839f2f00>,41,1,[6 5],42,127,128,85,115
1,<environment.Job instance at 0x7f75cbb33c80>,5,17,[ 3 10],6,128,145,122,117
1,<environment.Job instance at 0x7f75839f2aa0>,45,18,[1 8],46,145,163,99,135
1,<environment.Job instance at 0x7f75839f29b0>,48,16,[9 4],49,163,179,114,150
1,<environment.Job instance at 0x7f75cb6a8a50>,50,14,[1 5],51,163,177,112,157
1,<environment.Job instance at 0x7f75c715b9b0>,3,12,[3 8],4,4,16,0,4
1,<environment.Job instance at 0x7f75c715b730>,4,3,[1 5],5,16,19,11,5
1,<environment.Job instance at 0x7f75c715bcd0>,5,15,[3 5],6,16,31,10,6
1,<environment.Job instance at 0x7f75834e7dc0>,15,12,[2 8],16,31,43,15,24
1,<environment.Job instance at 0x7f758360fa50>,16,12,[9 5],17,43,55,26,29
1,<environment.Job instance at 0x7f75834e7190>,19,15,[2 6],20,55,70,35,42
1,<environment.Job instance at 0x7f75cb73b5f0>,24,3,[4 5],25,70,73,45,44
1,<environment.Job instance at 0x7f75c715b550>,7,13,[9 1],8,73,86,65,61
1,<environment.Job instance at 0x7f758352a4b0>,28,13,[1 5],29,70,83,41,61
1,<environment.Job instance at 0x7f75c6fafc80>,25,18,[7 5],26,86,104,60,75
1,<environment.Job instance at 0x7f7583799c30>,38,18,[5 8],39,104,122,65,93
1,<environment.Job instance at 0x7f7583799960>,43,14,[ 5 10],44,122,136,78,107
1,<environment.Job instance at 0x7f75c6fa1dc0>,50,13,[5 6],51,136,149,85,121
1,<environment.Job instance at 0x7f75c6fa15a0>,53,2,[5 1],54,136,138,82,133
1,<environment.Job instance at 0x7f758367e870>,54,13,[ 5 10],55,149,162,94,135
1,<environment.Job instance at 0x7f758367eaa0>,57,1,[2 6],58,162,163,104,147
1,<environment.Job instance at 0x7f75c6fa10f0>,46,17,[3 5],47,163,180,116,152
1,<environment.Job instance at 0x7f758367e690>,58,18,[5 5],59,163,181,104,152
1,<environment.Job instance at 0x7f75ce396c30>,1,16,[3 9],2,2,18,0,2
1,<environment.Job instance at 0x7f758367e690>,6,18,[6 4],7,18,36,11,7
1,<environment.Job instance at 0x7f758324bfa0>,10,2,[1 6],11,18,20,7,13
1,<environment.Job instance at 0x7f758324bd20>,14,3,[10  5],15,36,39,21,15
1,<environment.Job instance at 0x7f758325f0a0>,13,2,[2 7],14,39,41,25,15
1,<environment.Job instance at 0x7f758324bf00>,9,3,[1 7],10,41,44,31,16
1,<environment.Job instance at 0x7f758325f4b0>,15,16,[7 3],16,39,55,23,26
1,<environment.Job instance at 0x7f758325f910>,23,16,[2 6],24,44,60,20,42
1,<environment.Job instance at 0x7f758325fa50>,25,17,[5 3],26,55,72,29,43
1,<environment.Job instance at 0x7f758325fb90>,26,12,[2 7],27,60,72,33,54
1,<environment.Job instance at 0x7f7583271460>,32,16,[9 2],33,72,88,39,59
1,<environment.Job instance at 0x7f758325f7d0>,21,15,[8 4],22,88,103,66,74
1,<environment.Job instance at 0x7f7583271780>,37,12,[1 6],38,74,86,36,74
1,<environment.Job instance at 0x7f75832715f0>,36,17,[3 7],37,103,120,66,95
1,<environment.Job instance at 0x7f7583271e10>,45,2,[3 9],46,120,122,74,106
1,<environment.Job instance at 0x7f758324c280>,48,3,[9 5],49,122,125,73,110
1,<environment.Job instance at 0x7f7583271c30>,43,14,[ 2 10],44,125,139,81,111
1,<environment.Job instance at 0x7f7583271a00>,42,18,[7 4],43,139,157,96,128
1,<environment.Job instance at 0x7f758324c730>,56,13,[5 7],57,157,170,100,145
1,<environment.Job instance at 0x7f758324cdc0>,60,18,[9 2],61,170,188,109,159
1,<environment.Job instance at 0x7f75cb92f0a0>,5,14,[7 2],6,6,20,0,6
1,<environment.Job instance at 0x7f75cb92f730>,1,2,[2 9],2,20,22,18,7
1,<environment.Job instance at 0x7f75cb5e23c0>,7,16,[5 4],8,22,38,14,10
1,<environment.Job instance at 0x7f75cb5e2d20>,9,18,[5 1],10,27,45,17,27
1,<environment.Job instance at 0x7f758366ee10>,16,15,[5 6],17,38,53,21,28
1,<environment.Job instance at 0x7f758380f190>,21,16,[5 5],22,53,69,31,41
1,<environment.Job instance at 0x7f75c7046e60>,22,18,[2 5],23,53,71,30,53
1,<environment.Job instance at 0x7f75c6ea0a00>,31,15,[5 2],32,69,84,37,67
1,<environment.Job instance at 0x7f758367c050>,10,16,[1 7],11,79,95,68,79
1,<environment.Job instance at 0x7f758377ef00>,40,13,[10  1],41,95,108,54,86
1,<environment.Job instance at 0x7f7583776f50>,46,16,[5 6],47,108,124,61,103
1,<environment.Job instance at 0x7f75c7592410>,48,13,[8 2],49,124,137,75,109
1,<environment.Job instance at 0x7f75cb8060f0>,51,16,[4 6],52,137,153,85,126
1,<environment.Job instance at 0x7f75cb806f50>,52,15,[5 1],53,137,152,84,127
1,<environment.Job instance at 0x7f75c751a870>,1,1,[ 3 10],2,2,3,0,2
1,<environment.Job instance at 0x7f75cb806fa0>,2,16,[6 1],3,6,22,3,6
1,<environment.Job instance at 0x7f75c74440f0>,10,2,[3 5],11,16,18,5,16
1,<environment.Job instance at 0x7f75c7444b40>,11,12,[3 5],12,18,30,6,16
1,<environment.Job instance at 0x7f7583713960>,16,16,[4 9],17,30,46,13,18
1,<environment.Job instance at 0x7f75c6df2d20>,20,2,[7 5],21,24,26,3,24
1,<environment.Job instance at 0x7f758386c500>,23,1,[9 4],24,46,47,22,24
1,<environment.Job instance at 0x7f75cb817190>,27,13,[9 4],28,47,60,19,42
1,<environment.Job instance at 0x7f758397c9b0>,19,15,[6 4],20,60,75,40,47
1,<environment.Job instance at 0x7f75838d3230>,30,2,[1 5],31,49,51,18,49
1,<environment.Job instance at 0x7f75c6fd43c0>,34,14,[ 5 10],35,75,89,40,60
1,<environment.Job instance at 0x7f75c6fd4690>,38,15,[1 6],39,89,104,50,78
1,<environment.Job instance at 0x7f75c6fd4b40>,36,16,[4 8],37,104,120,67,92
1,<environment.Job instance at 0x7f75c701ad70>,46,17,[4 6],47,120,137,73,108
1,<environment.Job instance at 0x7f75c703f0f0>,49,3,[2 7],50,137,140,87,122
1,<environment.Job instance at 0x7f75c703f7d0>,50,15,[4 7],51,140,155,89,126
1,<environment.Job instance at 0x7f7583464280>,53,15,[8 4],54,155,170,101,141
1,<environment.Job instance at 0x7f7583587370>,56,12,[3 5],57,170,182,113,156
1,<environment.Job instance at 0x7f75835b1fa0>,1,1,[5 3],2,2,3,0,2
1,<environment.Job instance at 0x7f75835739b0>,2,17,[5 7],3,4,21,1,4
1,<environment.Job instance at 0x7f758397bd70>,4,12,[7 1],5,21,33,16,7
1,<environment.Job instance at 0x7f75838bb4b0>,17,14,[5 6],18,33,47,15,18
1,<environment.Job instance at 0x7f75838bb690>,18,16,[8 4],19,47,63,28,34
1,<environment.Job instance at 0x7f75838bb910>,24,13,[10  1],25,63,76,38,53
1,<environment.Job instance at 0x7f75838c7e10>,11,17,[9 4],12,76,93,64,64
1,<environment.Job instance at 0x7f75838bbf50>,32,15,[6 2],33,93,108,60,79
1,<environment.Job instance at 0x7f75838bb280>,16,17,[4 8],17,93,110,76,82
1,<environment.Job instance at 0x7f758388b410>,39,14,[7 3],40,110,124,70,95
1,<environment.Job instance at 0x7f758388b7d0>,42,17,[1 5],43,110,127,67,109
1,<environment.Job instance at 0x7f758388b5f0>,46,12,[5 3],47,124,136,77,110
1,<environment.Job instance at 0x7f758388bc80>,49,13,[4 7],50,128,141,78,128
1,<environment.Job instance at 0x7f758388bcd0>,52,14,[5 2],53,136,150,83,128
1,<environment.Job instance at 0x7f75838a22d0>,55,3,[8 5],56,150,153,94,128
1,<environment.Job instance at 0x7f75838a24b0>,61,16,[5 2],62,153,169,91,149
1,<environment.Job instance at 0x7f75838a2820>,63,15,[ 3 10],64,169,184,105,156
1,<environment.Job instance at 0x7f75cbb4fd20>,0,3,[7 3],1,2,5,1,2
1,<environment.Job instance at 0x7f75cbb4feb0>,4,17,[5 5],5,5,22,0,5
1,<environment.Job instance at 0x7f75cbb4f050>,6,12,[6 2],7,22,34,15,10
1,<environment.Job instance at 0x7f75c6e152d0>,12,1,[3 6],13,22,23,9,22
1,<environment.Job instance at 0x7f75c6e15820>,15,3,[2 8],16,23,26,7,22
1,<environment.Job instance at 0x7f75c6e15370>,13,2,[5 5],14,34,36,20,22
1,<environment.Job instance at 0x7f75c6e15730>,18,3,[4 5],19,29,32,10,29
1,<environment.Job instance at 0x7f75c6e155f0>,16,14,[9 2],17,36,50,19,29
1,<environment.Job instance at 0x7f75c6defeb0>,25,17,[9 3],26,55,72,29,55
1,<environment.Job instance at 0x7f75c6e15fa0>,10,12,[10  4],11,72,84,61,58
1,<environment.Job instance at 0x7f75cb730550>,30,3,[8 5],31,84,87,53,81
1,<environment.Job instance at 0x7f75cb7309b0>,36,14,[8 3],37,87,101,50,83
1,<environment.Job instance at 0x7f758374dfa0>,28,14,[1 9],29,108,122,79,108
1,<environment.Job instance at 0x7f7583656b40>,40,15,[2 8],41,122,137,81,111
1,<environment.Job instance at 0x7f7583656e10>,46,14,[2 6],47,137,151,90,123
1,<environment.Job instance at 0x7f75ce1692d0>,47,15,[6 2],48,123,138,75,123
1,<environment.Job instance at 0x7f75ce1694b0>,45,15,[8 4],46,138,153,92,124
1,<environment.Job instance at 0x7f7583275f50>,50,16,[1 6],51,151,167,100,140
1,<environment.Job instance at 0x7f758372e960>,55,16,[3 8],56,167,183,111,155
1,<environment.Job instance at 0x7f758372e7d0>,56,14,[6 2],57,155,169,98,155
1,<environment.Job instance at 0x7f75833127d0>,0,1,[10  3],1,2,3,1,2
1,<environment.Job instance at 0x7f75833125a0>,1,17,[7 1],2,3,20,1,3
1,<environment.Job instance at 0x7f7583443140>,3,2,[2 7],4,4,6,0,4
1,<environment.Job instance at 0x7f7583443f00>,4,1,[1 7],5,6,7,1,5
1,<environment.Job instance at 0x7f7583443550>,5,3,[3 6],6,7,10,1,6
1,<environment.Job instance at 0x7f7583443af0>,9,13,[9 3],10,20,33,10,12
1,<environment.Job instance at 0x7f7583443a00>,14,13,[8 1],15,33,46,18,18
1,<environment.Job instance at 0x7f7583852a00>,23,1,[5 3],24,46,47,22,31
1,<environment.Job instance at 0x7f7583852140>,24,18,[6 5],25,47,65,22,36
1,<environment.Job instance at 0x7f75835eceb0>,28,3,[6 1],29,65,68,36,45
1,<environment.Job instance at 0x7f75835ecdc0>,26,17,[5 1],27,68,85,41,58
1,<environment.Job instance at 0x7f75835ec0f0>,29,16,[5 5],30,68,84,38,59
1,<environment.Job instance at 0x7f75cb88bc80>,36,14,[8 5],37,85,99,48,72
1,<environment.Job instance at 0x7f75cb88bf50>,43,18,[6 1],44,99,117,55,89
1,<environment.Job instance at 0x7f75cb88ba50>,44,16,[1 6],45,99,115,54,89
1,<environment.Job instance at 0x7f75cb88b780>,35,18,[4 9],36,115,133,79,105
1,<environment.Job instance at 0x7f75832a1af0>,49,2,[9 5],50,133,135,83,110
1,<environment.Job instance at 0x7f75832a1e60>,52,3,[ 4 10],53,135,138,82,112
1,<environment.Job instance at 0x7f75832a1aa0>,53,15,[8 2],54,138,153,84,124
1,<environment.Job instance at 0x7f7583384960>,60,2,[9 2],61,153,155,92,140
1,<environment.Job instance at 0x7f7583384640>,61,16,[1 7],62,140,156,78,140
1,<environment.Job instance at 0x7f7583384be0>,64,12,[ 1 10],65,156,168,91,140
1,<environment.Job instance at 0x7f7583184f00>,1,15,[6 1],2,2,17,0,2
1,<environment.Job instance at 0x7f75837a64b0>,12,2,[7 3],13,22,24,9,22
1,<environment.Job instance at 0x7f75837a6cd0>,13,2,[8 4],14,24,26,10,22
1,<environment.Job instance at 0x7f75c6ee46e0>,6,13,[4 9],7,26,39,19,22
1,<environment.Job instance at 0x7f75837a68c0>,15,16,[6 5],16,39,55,23,26
1,<environment.Job instance at 0x7f7583a012d0>,19,14,[2 7],20,55,69,35,46
1,<environment.Job instance at 0x7f75837c9050>,26,14,[7 3],27,55,69,28,51
1,<environment.Job instance at 0x7f75cb6f5cd0>,22,16,[3 7],23,69,85,46,57
1,<environment.Job instance at 0x7f75cbb7d2d0>,33,12,[10  2],34,85,97,51,69
1,<environment.Job instance at 0x7f75c6f795a0>,40,15,[8 4],41,97,112,56,84
1,<environment.Job instance at 0x7f75c6ed34b0>,43,14,[7 2],44,112,126,68,102
1,<environment.Job instance at 0x7f75837a69b0>,17,18,[3 8],18,112,130,94,102
1,<environment.Job instance at 0x7f75c6e31820>,49,12,[4 6],50,130,142,80,114
1,<environment.Job instance at 0x7f75c6e31960>,50,17,[5 2],51,126,143,75,114
1,<environment.Job instance at 0x7f75c6f74190>,45,12,[8 1],46,143,155,97,127
1,<environment.Job instance at 0x7f75c6e315f0>,52,16,[1 7],53,142,158,89,136
1,<environment.Job instance at 0x7f75839f4280>,58,12,[1 5],59,158,170,99,145
1,<environment.Job instance at 0x7f75839f4410>,60,15,[6 1],61,155,170,94,145
1,<environment.Job instance at 0x7f75c6e31c30>,47,15,[ 3 10],48,170,185,122,156
1,<environment.Job instance at 0x7f75c6fe2500>,1,12,[7 1],2,2,14,0,2
1,<environment.Job instance at 0x7f75c734d0f0>,4,14,[5 2],5,14,28,9,5
1,<environment.Job instance at 0x7f75832e9320>,13,14,[5 4],14,15,29,1,15
1,<environment.Job instance at 0x7f7583324780>,19,1,[5 4],20,28,29,8,28
1,<environment.Job instance at 0x7f75832e9190>,15,14,[8 2],16,29,43,13,28
1,<environment.Job instance at 0x7f75836bd140>,22,2,[6 2],23,43,45,20,28
1,<environment.Job instance at 0x7f75832e9780>,10,16,[4 9],11,45,61,34,32
1,<environment.Job instance at 0x7f75832f3a00>,23,16,[1 9],24,61,77,37,48
1,<environment.Job instance at 0x7f7583551730>,33,15,[5 2],34,77,92,43,63
1,<environment.Job instance at 0x7f75cba7de10>,37,3,[6 1],38,74,77,36,74
1,<environment.Job instance at 0x7f75cba7dd70>,38,18,[5 3],39,80,98,41,80
1,<environment.Job instance at 0x7f75cba7d7d0>,39,12,[9 5],40,98,110,58,82
1,<environment.Job instance at 0x7f75833247d0>,21,17,[7 4],22,110,127,88,98
1,<environment.Job instance at 0x7f75c700f820>,55,2,[10  4],56,127,129,71,103
1,<environment.Job instance at 0x7f75c6eef1e0>,27,15,[10  5],28,129,144,101,115
1,<environment.Job instance at 0x7f75c700f500>,54,18,[7 1],55,144,162,89,135
1,<environment.Job instance at 0x7f75c6fefaf0>,65,12,[10  4],66,162,174,96,147
1,<environment.Job instance at 0x7f75c7049910>,3,12,[6 3],4,9,21,5,9
1,<environment.Job instance at 0x7f75c7049fa0>,8,12,[6 1],9,21,33,12,12
1,<environment.Job instance at 0x7f758337d5a0>,14,17,[4 5],15,19,36,4,19
1,<environment.Job instance at 0x7f7583162c30>,18,3,[2 5],19,33,36,14,20
1,<environment.Job instance at 0x7f75831628c0>,23,16,[5 5],24,43,59,19,43
1,<environment.Job instance at 0x7f7583162f00>,24,18,[7 5],25,69,87,44,69
1,<environment.Job instance at 0x7f75c7049730>,9,16,[1 8],10,91,107,81,91
1,<environment.Job instance at 0x7f758337d230>,11,17,[ 3 10],12,107,124,95,96
1,<environment.Job instance at 0x7f75c7066140>,38,1,[7 1],39,97,98,58,97
1,<environment.Job instance at 0x7f75c7066c30>,40,1,[2 9],41,124,125,83,97
1,<environment.Job instance at 0x7f7583162be0>,32,14,[1 7],33,125,139,92,110
1,<environment.Job instance at 0x7f75c70664b0>,43,16,[9 3],44,129,145,85,129
1,<environment.Job instance at 0x7f75c70663c0>,42,18,[5 5],43,145,163,102,134
1,<environment.Job instance at 0x7f75c7066780>,49,12,[10  3],50,163,175,113,148
1,<environment.Job instance at 0x7f75c7066870>,2,17,[4 7],3,4,21,1,4
1,<environment.Job instance at 0x7f75c7584b40>,7,12,[3 5],8,21,33,13,8
1,<environment.Job instance at 0x7f75c7584aa0>,8,3,[6 2],9,9,12,0,9
1,<environment.Job instance at 0x7f75c7584780>,9,17,[7 1],10,21,38,11,10
1,<environment.Job instance at 0x7f75c75b3820>,12,14,[5 6],13,38,52,25,25
1,<environment.Job instance at 0x7f75c75b3780>,17,17,[7 2],18,52,69,34,51
1,<environment.Job instance at 0x7f75c7597eb0>,20,1,[8 2],21,69,70,48,51
1,<environment.Job instance at 0x7f75c75b3cd0>,19,1,[8 5],20,70,71,50,51
1,<environment.Job instance at 0x7f75c7597aa0>,21,3,[5 9],22,71,74,49,51
1,<environment.Job instance at 0x7f75c7597550>,22,1,[1 9],23,98,99,75,98
1,<environment.Job instance at 0x7f75c757da00>,28,19,[2 5],29,99,118,70,98
1,<environment.Job instance at 0x7f75834a3140>,34,2,[8 2],35,141,143,106,141
1,<environment.Job instance at 0x7f75834a3aa0>,35,14,[7 2],36,143,157,107,141
1,<environment.Job instance at 0x7f75834a7c80>,38,1,[8 1],39,157,158,118,146
1,<environment.Job instance at 0x7f75c7054140>,3,18,[2 9],4,157,175,153,148
1,<environment.Job instance at 0x7f75c6fd5780>,0,2,[7 1],1,2,4,1,2
1,<environment.Job instance at 0x7f75c6fd54b0>,1,17,[4 6],2,5,22,3,5
1,<environment.Job instance at 0x7f758300e0a0>,7,3,[3 5],8,22,25,14,8
1,<environment.Job instance at 0x7f7583a35e10>,17,18,[3 5],18,27,45,9,27
1,<environment.Job instance at 0x7f758300e5a0>,14,18,[2 6],15,45,63,30,34
1,<environment.Job instance at 0x7f758393cf00>,25,12,[9 4],26,63,75,37,48
1,<environment.Job instance at 0x7f758393c640>,31,13,[ 5 10],32,75,88,43,67
1,<environment.Job instance at 0x7f75cbbf2730>,36,3,[4 7],37,88,91,51,76
1,<environment.Job instance at 0x7f75cbbf25f0>,37,3,[5 6],38,91,94,53,76
1,<environment.Job instance at 0x7f75cbbf23c0>,35,18,[7 3],36,94,112,58,83
1,<environment.Job instance at 0x7f75831863c0>,45,18,[6 3],46,112,130,66,107
1,<environment.Job instance at 0x7f75cb9fea00>,39,18,[3 7],40,107,125,67,107
1,<environment.Job instance at 0x7f75c70db690>,49,3,[10  4],50,130,133,80,107
1,<environment.Job instance at 0x7f75cb647690>,50,13,[1 6],51,133,146,82,117
1,<environment.Job instance at 0x7f75cb929690>,53,15,[5 6],54,146,161,92,134
1,<environment.Job instance at 0x7f75cb6474b0>,51,18,[10  3],52,161,179,109,151
1,<environment.Job instance at 0x7f75c7023d20>,1,2,[8 5],2,4,6,2,4
1,<environment.Job instance at 0x7f75c713e050>,4,17,[7 5],5,6,23,1,5
1,<environment.Job instance at 0x7f75c713e910>,10,3,[8 1],11,23,26,12,11
1,<environment.Job instance at 0x7f75cb5e4550>,13,16,[1 8],14,23,39,9,15
1,<environment.Job instance at 0x7f75c713ebe0>,5,13,[7 1],6,26,39,20,20
1,<environment.Job instance at 0x7f75c713e190>,6,14,[ 4 10],7,39,53,32,24
1,<environment.Job instance at 0x7f75838b57d0>,27,12,[5 6],28,53,65,25,36
1,<environment.Job instance at 0x7f75838b54b0>,31,14,[9 1],32,65,79,33,58
1,<environment.Job instance at 0x7f75cb5e4780>,12,16,[2 9],13,79,95,66,71
1,<environment.Job instance at 0x7f75c6e9dfa0>,35,14,[6 2],36,95,109,59,80
1,<environment.Job instance at 0x7f75c6e9d5f0>,43,12,[10  3],44,109,121,65,92
1,<environment.Job instance at 0x7f75833800a0>,51,18,[1 6],52,121,139,69,110
1,<environment.Job instance at 0x7f7583380140>,56,3,[ 2 10],57,139,142,82,135
1,<environment.Job instance at 0x7f75833806e0>,57,16,[3 5],58,142,158,84,135
1,<environment.Job instance at 0x7f75833808c0>,55,18,[5 8],56,158,176,102,149
1,<environment.Job instance at 0x7f758371cf50>,1,3,[5 4],2,2,5,0,2
1,<environment.Job instance at 0x7f75836075a0>,2,3,[ 4 10],3,5,8,2,3
1,<environment.Job instance at 0x7f7583607050>,3,12,[3 7],4,8,20,4,4
1,<environment.Job instance at 0x7f758371c730>,4,3,[1 6],5,20,23,15,6
1,<environment.Job instance at 0x7f7583607690>,5,3,[2 8],6,23,26,17,7
1,<environment.Job instance at 0x7f75835f6b90>,7,17,[2 8],8,26,43,18,15
1,<environment.Job instance at 0x7f75835f6d70>,8,14,[4 8],9,43,57,34,38
1,<environment.Job instance at 0x7f758371c320>,0,18,[6 2],1,40,58,39,40
1,<environment.Job instance at 0x7f75835f0a50>,22,15,[4 5],23,57,72,34,48
1,<environment.Job instance at 0x7f75835cb0a0>,34,3,[5 3],35,70,73,35,70
1,<environment.Job instance at 0x7f75835cb5f0>,36,13,[ 1 10],37,73,86,36,70
1,<environment.Job instance at 0x7f75835cbd20>,37,18,[7 4],38,86,104,48,75
1,<environment.Job instance at 0x7f75835cb280>,38,2,[2 5],39,86,88,47,75
1,<environment.Job instance at 0x7f75cb5f36e0>,40,14,[10  2],41,104,118,63,93
1,<environment.Job instance at 0x7f506e3dc780>,4,18,[10  4],5,6,24,1,6
1,<environment.Job instance at 0x7f5066f43550>,7,14,[5 1],8,24,38,16,9
1,<environment.Job instance at 0x7f5066f437d0>,9,17,[ 4 10],10,38,55,28,27
1,<environment.Job instance at 0x7f5066f43a50>,16,12,[1 8],17,55,67,38,46
1,<environment.Job instance at 0x7f5066f43c30>,18,16,[8 5],19,67,83,48,55
1,<environment.Job instance at 0x7f5066f43f00>,23,18,[5 2],24,83,101,59,76
1,<environment.Job instance at 0x7f5066f455f0>,29,13,[1 6],30,83,96,53,79
1,<environment.Job instance at 0x7f5066f451e0>,31,17,[4 9],32,102,119,70,102
1,<environment.Job instance at 0x7f5066f458c0>,35,16,[8 1],36,119,135,83,108
1,<environment.Job instance at 0x7f5066f45a00>,38,12,[3 6],39,135,147,96,122
1,<environment.Job instance at 0x7f5066f45be0>,41,14,[6 1],42,135,149,93,128
1,<environment.Job instance at 0x7f5066f45c80>,42,14,[8 4],43,149,163,106,137
1,<environment.Job instance at 0x7f5066f4a050>,45,16,[6 2],46,163,179,117,151
1,<environment.Job instance at 0x7f5066f613c0>,0,3,[9 1],1,3,6,2,3
1,<environment.Job instance at 0x7f5066f61320>,1,14,[5 3],2,6,20,4,6
1,<environment.Job instance at 0x7f5066f4a500>,3,12,[1 7],4,6,18,2,6
1,<environment.Job instance at 0x7f502333ef50>,8,14,[4 7],9,26,40,17,26
1,<environment.Job instance at 0x7f50233ac8c0>,7,13,[ 4 10],8,40,53,32,26
1,<environment.Job instance at 0x7f502354f0f0>,21,3,[8 2],22,53,56,31,28
1,<environment.Job instance at 0x7f50234884b0>,22,14,[8 4],23,56,70,33,42
1,<environment.Job instance at 0x7f502341fb40>,29,1,[10  3],30,70,71,40,48
1,<environment.Job instance at 0x7f502341fc30>,30,2,[3 8],31,71,73,40,48
1,<environment.Job instance at 0x7f50234aab90>,19,17,[9 2],20,73,90,53,61
1,<environment.Job instance at 0x7f502351b820>,36,13,[5 1],37,90,103,53,74
1,<environment.Job instance at 0x7f502340d960>,40,17,[2 9],41,90,107,49,89
1,<environment.Job instance at 0x7f5023502e10>,15,17,[10  5],16,107,124,91,96
1,<environment.Job instance at 0x7f5023427550>,45,17,[8 1],46,124,141,78,112
1,<environment.Job instance at 0x7f502340d500>,42,17,[10  4],43,141,158,98,129
1,<environment.Job instance at 0x7f5023488e10>,25,16,[ 3 10],26,161,177,135,161
1,<environment.Job instance at 0x7f5023410e60>,56,15,[ 5 10],57,177,192,120,168
1,<environment.Job instance at 0x7f502319b690>,1,15,[3 5],2,2,17,0,2
1,<environment.Job instance at 0x7f502319baa0>,3,1,[2 8],4,17,18,13,4
1,<environment.Job instance at 0x7f502326a6e0>,5,17,[6 3],6,18,35,12,8
1,<environment.Job instance at 0x7f502326aaf0>,15,16,[2 6],16,19,35,3,19
1,<environment.Job instance at 0x7f50231ac2d0>,16,15,[10  5],17,35,50,18,23
1,<environment.Job instance at 0x7f5066cc0230>,25,12,[2 5],26,50,62,24,40
1,<environment.Job instance at 0x7f5066cc03c0>,28,3,[4 7],29,62,65,33,48
1,<environment.Job instance at 0x7f502326a2d0>,8,17,[2 8],9,65,82,56,54
1,<environment.Job instance at 0x7f50232730a0>,30,17,[7 1],31,65,82,34,56
1,<environment.Job instance at 0x7f5066d96550>,27,13,[ 1 10],28,82,95,54,71
1,<environment.Job instance at 0x7f50231f1d70>,39,3,[9 2],40,95,98,55,86
1,<environment.Job instance at 0x7f50231f10a0>,36,15,[4 9],37,98,113,61,88
1,<environment.Job instance at 0x7f50231f09b0>,40,18,[4 8],41,113,131,72,103
1,<environment.Job instance at 0x7f50231f03c0>,50,12,[1 5],51,131,143,80,115
1,<environment.Job instance at 0x7f5066d1c410>,52,17,[9 1],53,131,148,78,125
1,<environment.Job instance at 0x7f5023194e60>,59,17,[2 6],60,148,165,88,136
1,<environment.Job instance at 0x7f5023194f50>,61,3,[3 7],62,165,168,103,142
1,<environment.Job instance at 0x7f506e4bf3c0>,62,17,[4 6],63,168,185,105,157
1,<environment.Job instance at 0x7f50231fa500>,65,12,[4 7],66,185,197,119,169
1,<environment.Job instance at 0x7f506709f280>,0,3,[7 3],1,8,11,7,8
1,<environment.Job instance at 0x7f506709fdc0>,1,17,[5 7],2,11,28,9,10
1,<environment.Job instance at 0x7f506709ffa0>,10,18,[4 6],11,28,46,17,17
1,<environment.Job instance at 0x7f502369cf00>,16,14,[ 5 10],17,46,60,29,31
1,<environment.Job instance at 0x7f502369c6e0>,17,18,[1 7],18,60,78,42,49
1,<environment.Job instance at 0x7f502369c370>,21,14,[5 4],22,78,92,56,64
1,<environment.Job instance at 0x7f5023881370>,30,14,[8 4],31,92,106,61,89
1,<environment.Job instance at 0x7f5023881780>,33,18,[6 1],34,106,124,72,96
1,<environment.Job instance at 0x7f5023881410>,34,12,[4 7],35,106,118,71,96
1,<environment.Job instance at 0x7f502363b7d0>,1,12,[5 6],2,4,16,2,4
1,<environment.Job instance at 0x7f5066dc02d0>,5,2,[3 5],6,16,18,10,6
1,<environment.Job instance at 0x7f5023577af0>,7,2,[8 4],8,18,20,10,9
1,<environment.Job instance at 0x7f50235779b0>,9,17,[1 9],10,20,37,10,16
1,<environment.Job instance at 0x7f506960c4b0>,0,14,[1 8],1,37,51,36,25
1,<environment.Job instance at 0x7f50235626e0>,24,17,[5 1],25,38,55,13,38
1,<environment.Job instance at 0x7f50235819b0>,23,16,[5 3],24,51,67,27,38
1,<environment.Job instance at 0x7f5067394370>,27,12,[7 2],28,67,79,39,50
1,<environment.Job instance at 0x7f5023562140>,30,13,[5 3],31,79,92,48,64
1,<environment.Job instance at 0x7f506737d140>,31,3,[5 2],32,64,67,32,64
1,<environment.Job instance at 0x7f5067393b90>,33,3,[4 7],34,79,82,45,69
1,<environment.Job instance at 0x7f5067393b40>,32,17,[9 4],33,92,109,59,80
1,<environment.Job instance at 0x7f5023574e10>,37,15,[4 6],38,109,124,71,96
1,<environment.Job instance at 0x7f5067460a50>,5,14,[ 1 10],6,6,20,0,6
1,<environment.Job instance at 0x7f5066d4e7d0>,4,13,[2 6],5,20,33,15,8
1,<environment.Job instance at 0x7f5067460dc0>,9,18,[6 4],10,20,38,10,19
1,<environment.Job instance at 0x7f5067460500>,12,14,[3 9],13,38,52,25,26
1,<environment.Job instance at 0x7f5023488fa0>,18,15,[7 3],19,52,67,33,40
1,<environment.Job instance at 0x7f50234883c0>,24,18,[5 6],25,79,97,54,79
1,<environment.Job instance at 0x7f502322aeb0>,26,13,[8 2],27,97,110,70,92
1,<environment.Job instance at 0x7f502322a6e0>,27,13,[4 5],28,110,123,82,97
1,<environment.Job instance at 0x7f502322a410>,32,15,[5 9],33,124,139,91,124
1,<environment.Job instance at 0x7f502322ae10>,37,2,[6 3],38,152,154,114,152
1,<environment.Job instance at 0x7f502322abe0>,39,12,[9 4],40,158,170,118,158
1,<environment.Job instance at 0x7f5069c1bc80>,47,18,[3 8],48,170,188,122,160
1,<environment.Job instance at 0x7f50674423c0>,1,15,[5 4],2,2,17,0,2
1,<environment.Job instance at 0x7f5023722190>,2,2,[1 7],3,17,19,14,3
1,<environment.Job instance at 0x7f5067442640>,0,16,[7 5],1,19,35,18,6
1,<environment.Job instance at 0x7f502339a6e0>,6,15,[3 5],7,25,40,18,25
1,<environment.Job instance at 0x7f50233db320>,12,16,[9 4],13,40,56,27,27
1,<environment.Job instance at 0x7f50238035a0>,21,13,[7 4],22,56,69,34,41
1,<environment.Job instance at 0x7f5066f4c500>,24,18,[5 5],25,69,87,44,60
1,<environment.Job instance at 0x7f5069506140>,29,12,[4 6],30,87,99,57,72
1,<environment.Job instance at 0x7f502351b780>,28,18,[5 3],29,72,90,43,72
1,<environment.Job instance at 0x7f5069c12870>,32,15,[8 4],33,99,114,66,85
1,<environment.Job instance at 0x7f5066f4f7d0>,36,17,[2 5],37,99,116,62,89
1,<environment.Job instance at 0x7f5066ffd370>,39,13,[6 4],40,114,127,74,98
1,<environment.Job instance at 0x7f5066ffd2d0>,42,2,[3 6],43,116,118,73,110
1,<environment.Job instance at 0x7f5069bfbfa0>,44,12,[9 1],45,127,139,82,118
1,<environment.Job instance at 0x7f5023482960>,14,17,[1 9],15,127,144,112,121
1,<environment.Job instance at 0x7f5069c12370>,31,13,[10  4],32,144,157,112,129
1,<environment.Job instance at 0x7f5069bfb3c0>,51,14,[5 8],52,157,171,105,146
1,<environment.Job instance at 0x7f5069bfb2d0>,52,13,[7 2],53,171,184,118,158
1,<environment.Job instance at 0x7f50672f2320>,2,1,[1 8],3,3,4,0,3
1,<environment.Job instance at 0x7f50698ee050>,3,24,[10  2],4,4,28,0,4
1,<environment.Job instance at 0x7f50233f9c30>,7,1,[5 3],8,28,29,20,8
1,<environment.Job instance at 0x7f50698eef50>,0,12,[4 8],1,29,41,28,13
1,<environment.Job instance at 0x7f50233f27d0>,19,13,[8 2],20,41,54,21,26
1,<environment.Job instance at 0x7f50233f25a0>,15,16,[7 3],16,54,70,38,42
1,<environment.Job instance at 0x7f50233f2eb0>,29,14,[5 1],30,70,84,40,60
1,<environment.Job instance at 0x7f50233f9e60>,8,18,[5 9],9,70,88,61,65
1,<environment.Job instance at 0x7f50233e9550>,38,3,[10  4],39,88,91,49,84
1,<environment.Job instance at 0x7f50233e95f0>,39,18,[6 2],40,91,109,51,84
1,<environment.Job instance at 0x7f50233e9730>,43,14,[ 4 10],44,109,123,65,94
1,<environment.Job instance at 0x7f50233e9a00>,45,14,[5 7],46,123,137,77,108
1,<environment.Job instance at 0x7f50233f4050>,53,1,[7 3],54,137,138,83,120
1,<environment.Job instance at 0x7f50233f4280>,54,2,[2 5],55,137,139,82,120
1,<environment.Job instance at 0x7f50233f43c0>,55,16,[4 9],56,139,155,83,126
1,<environment.Job instance at 0x7f50233e9b90>,46,16,[9 2],47,155,171,108,142
1,<environment.Job instance at 0x7f50233e9050>,30,17,[9 2],31,171,188,140,160
1,<environment.Job instance at 0x7f50233f4d20>,2,2,[10  3],3,4,6,1,4
1,<environment.Job instance at 0x7f50233f4a50>,3,1,[1 7],4,6,7,2,4
1,<environment.Job instance at 0x7f5067305960>,5,14,[1 7],6,7,21,1,7
1,<environment.Job instance at 0x7f5023541e60>,14,17,[10  5],15,28,45,13,28
1,<environment.Job instance at 0x7f50232f0820>,18,12,[ 1 10],19,49,61,30,49
1,<environment.Job instance at 0x7f5023866af0>,20,3,[5 1],21,61,64,40,49
1,<environment.Job instance at 0x7f5066ec22d0>,21,2,[3 8],22,61,63,39,49
1,<environment.Job instance at 0x7f5066ec21e0>,22,18,[9 1],23,64,82,41,53
1,<environment.Job instance at 0x7f5066ec2190>,24,15,[2 7],25,82,97,57,68
1,<environment.Job instance at 0x7f5069842f50>,26,13,[1 6],27,68,81,41,68
1,<environment.Job instance at 0x7f5066ec2140>,31,3,[10  1],32,97,100,65,85
1,<environment.Job instance at 0x7f5023833a00>,32,18,[1 9],33,100,118,67,89
1,<environment.Job instance at 0x7f5069918cd0>,40,13,[5 8],41,118,131,77,107
1,<environment.Job instance at 0x7f5069bfbd20>,1,12,[8 1],2,2,14,0,2
1,<environment.Job instance at 0x7f50694a1aa0>,2,13,[5 3],3,14,27,11,3
1,<environment.Job instance at 0x7f5067451c30>,5,3,[9 1],6,27,30,21,6
1,<environment.Job instance at 0x7f5067451280>,6,15,[3 9],7,30,45,23,17
1,<environment.Job instance at 0x7f50670d1960>,18,3,[1 7],19,45,48,26,38
1,<environment.Job instance at 0x7f50670d1550>,19,3,[7 3],20,45,48,25,38
1,<environment.Job instance at 0x7f502381acd0>,21,12,[5 3],22,48,60,26,38
1,<environment.Job instance at 0x7f5069738f00>,24,16,[5 8],25,60,76,35,51
1,<environment.Job instance at 0x7f5067063a00>,33,14,[6 2],34,76,90,42,62
1,<environment.Job instance at 0x7f50699166e0>,36,2,[5 3],37,90,92,53,64
1,<environment.Job instance at 0x7f5069916b90>,37,1,[4 7],38,76,77,38,64
1,<environment.Job instance at 0x7f50235c58c0>,31,15,[3 7],32,77,92,45,69
1,<environment.Job instance at 0x7f5067163cd0>,43,15,[ 2 10],44,92,107,48,78
1,<environment.Job instance at 0x7f50671635f0>,48,12,[10  4],49,107,119,58,90
1,<environment.Job instance at 0x7f506959df00>,54,1,[7 3],55,119,120,64,105
1,<environment.Job instance at 0x7f5066d47e10>,56,2,[5 9],57,120,122,63,105
1,<environment.Job instance at 0x7f5066d47190>,58,3,[6 2],59,122,125,63,106
1,<environment.Job instance at 0x7f506997a820>,60,12,[2 5],61,122,134,61,107
1,<environment.Job instance at 0x7f50671c2b90>,61,17,[7 4],62,125,142,63,113
1,<environment.Job instance at 0x7f50694d1c30>,65,13,[7 4],66,142,155,76,127
1,<environment.Job instance at 0x7f50672de0a0>,72,17,[5 7],73,155,172,82,143
1,<environment.Job instance at 0x7f5023406190>,78,12,[7 5],79,172,184,93,162
1,<environment.Job instance at 0x7f50694d1140>,2,14,[3 7],3,3,17,0,3
1,<environment.Job instance at 0x7f5066e9a0a0>,0,12,[9 4],1,17,29,16,5
1,<environment.Job instance at 0x7f5023347eb0>,13,13,[6 5],14,29,42,15,16
1,<environment.Job instance at 0x7f50694d1730>,4,17,[3 5],5,32,49,27,32
1,<environment.Job instance at 0x7f502332d5a0>,19,3,[7 4],20,42,45,22,34
1,<environment.Job instance at 0x7f502332d0a0>,18,12,[6 3],19,45,57,26,34
1,<environment.Job instance at 0x7f502332d4b0>,23,16,[9 5],24,57,73,33,44
1,<environment.Job instance at 0x7f502332d910>,29,17,[5 2],30,73,90,43,61
1,<environment.Job instance at 0x7f502332da00>,27,17,[5 6],28,73,90,45,61
1,<environment.Job instance at 0x7f502332db90>,31,17,[9 3],32,90,107,58,78
1,<environment.Job instance at 0x7f5023323690>,40,13,[8 4],41,107,120,66,93
1,<environment.Job instance at 0x7f5023323640>,36,17,[8 4],37,120,137,83,108
1,<environment.Job instance at 0x7f5023323fa0>,50,16,[ 2 10],51,137,153,86,124
1,<environment.Job instance at 0x7f502330c0a0>,52,15,[5 5],53,153,168,100,142
1,<environment.Job instance at 0x7f502330c4b0>,58,13,[8 5],59,168,181,109,152
1,<environment.Job instance at 0x7f502330c550>,59,15,[4 6],60,181,196,121,167
1,<environment.Job instance at 0x7f506701a410>,0,13,[6 3],1,11,24,10,11
1,<environment.Job instance at 0x7f506e3a2690>,7,1,[7 1],8,24,25,16,11
1,<environment.Job instance at 0x7f5069738320>,9,14,[2 5],10,11,25,1,11
1,<environment.Job instance at 0x7f506701a6e0>,8,1,[1 5],9,25,26,16,11
1,<environment.Job instance at 0x7f506701a280>,5,12,[10  3],6,26,38,20,13
1,<environment.Job instance at 0x7f5066e97af0>,15,3,[ 1 10],16,38,41,22,16
1,<environment.Job instance at 0x7f5066f0b960>,18,16,[6 5],19,41,57,22,29
1,<environment.Job instance at 0x7f5066e97280>,13,15,[2 8],14,57,72,43,48
1,<environment.Job instance at 0x7f502381ab40>,32,14,[10  5],33,72,86,39,59
1,<environment.Job instance at 0x7f5023801eb0>,40,15,[8 5],41,106,121,65,106
1,<environment.Job instance at 0x7f50238017d0>,41,3,[9 2],42,121,124,79,106
1,<environment.Job instance at 0x7f5023801a00>,44,3,[10  5],45,124,127,79,111
1,<environment.Job instance at 0x7f5023801780>,45,3,[6 3],46,127,130,81,111
1,<environment.Job instance at 0x7f5023801190>,46,2,[6 5],47,130,132,83,111
1,<environment.Job instance at 0x7f50671c2b40>,47,2,[9 5],48,132,134,84,111
1,<environment.Job instance at 0x7f50671c2780>,48,18,[6 4],49,134,152,85,123
1,<environment.Job instance at 0x7f50671c2640>,52,15,[9 5],53,152,167,99,141
1,<environment.Job instance at 0x7f50698a4be0>,57,18,[5 3],58,167,185,109,157
1,<environment.Job instance at 0x7f50698a4870>,60,12,[2 6],61,167,179,106,163
1,<environment.Job instance at 0x7f5069a971e0>,1,17,[8 4],2,5,22,3,5
1,<environment.Job instance at 0x7f50670cec80>,4,14,[ 4 10],5,22,36,17,9
1,<environment.Job instance at 0x7f50235a30a0>,15,15,[2 8],16,36,51,20,25
1,<environment.Job instance at 0x7f5066f45e60>,18,13,[7 4],19,51,64,32,37
1,<environment.Job instance at 0x7f5066f45640>,20,17,[1 7],21,64,81,43,52
1,<environment.Job instance at 0x7f5023321550>,21,13,[8 2],22,64,77,42,52
1,<environment.Job instance at 0x7f50235a3aa0>,13,16,[1 9],14,81,97,67,69
1,<environment.Job instance at 0x7f5023321aa0>,26,12,[7 4],27,97,109,70,86
1,<environment.Job instance at 0x7f5023321e10>,29,13,[ 1 10],30,109,122,79,93
1,<environment.Job instance at 0x7f5069c74050>,6,3,[4 7],7,11,14,4,11
1,<environment.Job instance at 0x7f5023321e60>,8,15,[3 5],9,14,29,5,12
1,<environment.Job instance at 0x7f5067324960>,11,1,[6 4],12,14,15,2,12
1,<environment.Job instance at 0x7f5067220a50>,12,15,[8 3],13,29,44,16,16
1,<environment.Job instance at 0x7f5067220d70>,15,14,[6 3],16,44,58,28,29
1,<environment.Job instance at 0x7f50672289b0>,5,13,[9 1],6,58,71,52,43
1,<environment.Job instance at 0x7f506721b5f0>,22,14,[5 3],23,71,85,48,56
1,<environment.Job instance at 0x7f5067220c30>,20,18,[5 6],21,71,89,50,68
1,<environment.Job instance at 0x7f506721e410>,28,3,[10  2],29,89,92,60,71
1,<environment.Job instance at 0x7f506722d190>,31,12,[7 1],32,92,104,60,76
1,<environment.Job instance at 0x7f506722daa0>,33,3,[8 1],34,104,107,70,82
1,<environment.Job instance at 0x7f506722dd20>,34,14,[5 2],35,107,121,72,92
1,<environment.Job instance at 0x7f506961b870>,38,12,[5 3],39,114,126,75,114
1,<environment.Job instance at 0x7f5066ede870>,42,17,[3 6],43,124,141,81,124
1,<environment.Job instance at 0x7f506994fdc0>,43,14,[5 4],44,126,140,82,126
1,<environment.Job instance at 0x7f50235f4d70>,54,3,[ 3 10],55,158,161,103,158
1,<environment.Job instance at 0x7f50698f4d70>,53,16,[1 9],54,161,177,107,158
1,<environment.Job instance at 0x7f50235f4910>,2,2,[3 8],3,3,5,0,3
1,<environment.Job instance at 0x7f506722c8c0>,7,14,[9 1],8,8,22,0,8
1,<environment.Job instance at 0x7f50695174b0>,12,12,[7 2],13,22,34,9,20
1,<environment.Job instance at 0x7f5022f870f0>,13,3,[ 3 10],14,34,37,20,20
1,<environment.Job instance at 0x7f5023576a50>,16,3,[5 6],17,37,40,20,28
1,<environment.Job instance at 0x7f506955b820>,17,13,[7 4],18,40,53,22,28
1,<environment.Job instance at 0x7f506723a780>,18,1,[7 4],19,53,54,34,30
1,<environment.Job instance at 0x7f502346c960>,22,1,[9 3],23,54,55,31,48
1,<environment.Job instance at 0x7f502308bc30>,25,3,[4 6],26,55,58,29,48
1,<environment.Job instance at 0x7f50698f4d70>,4,17,[4 8],5,58,75,53,48
1,<environment.Job instance at 0x7f50696ebf00>,30,3,[2 6],31,75,78,44,62
1,<environment.Job instance at 0x7f502308bfa0>,28,12,[6 1],29,62,74,33,62
1,<environment.Job instance at 0x7f5066e06410>,32,12,[3 6],33,78,90,45,62
1,<environment.Job instance at 0x7f50696eb780>,31,17,[ 3 10],32,90,107,58,78
1,<environment.Job instance at 0x7f50696ebc30>,34,17,[4 5],35,107,124,72,105
1,<environment.Job instance at 0x7f502351fe60>,44,18,[7 5],45,131,149,86,131
1,<environment.Job instance at 0x7f502351f0a0>,48,12,[8 2],49,149,161,100,140
1,<environment.Job instance at 0x7f5023495280>,57,17,[8 2],58,161,178,103,156
1,<environment.Job instance at 0x7f5023495aa0>,58,1,[7 1],59,178,179,119,156
1,<environment.Job instance at 0x7f50234957d0>,59,2,[1 8],60,158,160,98,158
1,<environment.Job instance at 0x7f502313cd20>,60,1,[2 9],61,178,179,117,160
1,<environment.Job instance at 0x7f502313c550>,61,15,[6 1],62,179,194,117,165
1,<environment.Job instance at 0x7f5022faa140>,3,1,[3 5],4,4,5,0,4
1,<environment.Job instance at 0x7f5022faa1e0>,4,3,[10  1],5,5,8,0,5
1,<environment.Job instance at 0x7f5022faa6e0>,5,1,[10  4],6,8,9,2,6
1,<environment.Job instance at 0x7f506987b320>,0,14,[2 7],1,9,23,8,9
1,<environment.Job instance at 0x7f5022faab90>,6,1,[1 6],7,23,24,16,10
1,<environment.Job instance at 0x7f50234de960>,12,17,[4 7],13,24,41,11,17
1,<environment.Job instance at 0x7f50234de280>,15,3,[3 8],16,41,44,25,17
1,<environment.Job instance at 0x7f50234deb90>,13,18,[2 9],14,44,62,30,33
1,<environment.Job instance at 0x7f5022f33dc0>,22,14,[5 6],23,62,76,39,50
1,<environment.Job instance at 0x7f5022f33eb0>,27,17,[7 2],28,76,93,48,70
1,<environment.Job instance at 0x7f5022f33050>,37,3,[7 1],38,117,120,79,117
1,<environment.Job instance at 0x7f5022f33b40>,38,19,[2 5],39,117,136,78,117
1,<environment.Job instance at 0x7f5022ed0dc0>,46,18,[10  3],47,162,180,115,162
1,<environment.Job instance at 0x7f5022ed0690>,49,3,[7 2],50,180,183,130,164
1,<environment.Job instance at 0x7f5022f5a640>,1,17,[4 6],2,4,21,2,4
1,<environment.Job instance at 0x7f5023087d20>,3,2,[ 4 10],4,21,23,17,6
1,<environment.Job instance at 0x7f50232721e0>,6,3,[3 8],7,23,26,16,8
1,<environment.Job instance at 0x7f5023087820>,4,14,[10  2],5,26,40,21,11
1,<environment.Job instance at 0x7f5023272910>,11,1,[2 7],12,40,41,28,12
1,<environment.Job instance at 0x7f5023243be0>,17,18,[3 5],18,41,59,23,30
1,<environment.Job instance at 0x7f502325aa00>,23,17,[6 4],24,41,58,17,32
1,<environment.Job instance at 0x7f5066f523c0>,32,3,[9 1],33,59,62,26,45
1,<environment.Job instance at 0x7f50232436e0>,15,18,[4 6],16,62,80,46,56
1,<environment.Job instance at 0x7f5066f25140>,36,3,[4 7],37,80,83,43,65
1,<environment.Job instance at 0x7f5066f560a0>,39,18,[3 7],40,83,101,43,72
1,<environment.Job instance at 0x7f5066f35b90>,45,18,[6 3],46,89,107,43,89
1,<environment.Job instance at 0x7f5066f350f0>,48,18,[5 8],49,107,125,58,102
1,<environment.Job instance at 0x7f5023243190>,21,18,[1 8],22,125,143,103,115
1,<environment.Job instance at 0x7f5066f4ba00>,56,13,[9 3],57,143,156,86,127
1,<environment.Job instance at 0x7f502300b550>,58,15,[4 6],59,156,171,97,142
1,<environment.Job instance at 0x7f502301d8c0>,66,18,[6 4],67,160,178,93,160
1,<environment.Job instance at 0x7f5067259d70>,1,2,[1 6],2,2,4,0,2
1,<environment.Job instance at 0x7f502301d4b0>,3,16,[1 8],4,18,34,14,18
1,<environment.Job instance at 0x7f502332d550>,12,2,[3 7],13,34,36,21,18
1,<environment.Job instance at 0x7f5066eb0550>,13,1,[6 3],14,34,35,20,18
1,<environment.Job instance at 0x7f5069545c30>,14,13,[5 6],15,36,49,21,20
1,<environment.Job instance at 0x7f502330bb90>,20,14,[1 8],21,49,63,28,35
1,<environment.Job instance at 0x7f502330ba50>,21,14,[9 1],22,49,63,27,37
1,<environment.Job instance at 0x7f5069567320>,26,18,[2 5],27,63,81,36,55
1,<environment.Job instance at 0x7f5069567690>,29,2,[5 9],30,81,83,51,57
1,<environment.Job instance at 0x7f5069676500>,30,2,[5 1],31,63,65,32,57
1,<environment.Job instance at 0x7f5069676d20>,31,1,[10  5],32,83,84,51,57
1,<environment.Job instance at 0x7f5069676b90>,32,3,[1 6],33,84,87,51,58
1,<environment.Job instance at 0x7f50696ddc30>,23,15,[4 9],24,87,102,63,73
1,<environment.Job instance at 0x7f506722daa0>,41,18,[1 6],42,102,120,60,94
1,<environment.Job instance at 0x7f506722db90>,42,17,[5 2],43,102,119,59,98
1,<environment.Job instance at 0x7f5023479a00>,44,2,[9 2],45,119,121,74,101
1,<environment.Job instance at 0x7f5069943be0>,38,13,[4 6],39,121,134,82,105
1,<environment.Job instance at 0x7f5066ebbbe0>,49,18,[5 6],50,134,152,84,127
1,<environment.Job instance at 0x7f5066ebbc80>,51,15,[2 9],52,152,167,100,139
1,<environment.Job instance at 0x7f50671634b0>,56,16,[4 6],57,167,183,110,154
1,<environment.Job instance at 0x7f5066d25d20>,1,2,[9 5],2,2,4,0,2
1,<environment.Job instance at 0x7f5066d25460>,4,2,[9 4],5,5,7,0,5
1,<environment.Job instance at 0x7f5066d259b0>,5,2,[2 8],6,7,9,1,6
1,<environment.Job instance at 0x7f5066d25eb0>,2,15,[4 5],3,9,24,6,8
1,<environment.Job instance at 0x7f5066d255a0>,7,14,[5 1],8,17,31,9,17
1,<environment.Job instance at 0x7f5067388190>,10,2,[2 5],11,26,28,15,26
1,<environment.Job instance at 0x7f5067388e60>,12,16,[ 5 10],13,32,48,19,32
1,<environment.Job instance at 0x7f5067388b90>,20,14,[10  2],21,48,62,27,35
1,<environment.Job instance at 0x7f502378fc80>,27,13,[2 9],28,62,75,34,50
1,<environment.Job instance at 0x7f506973f820>,25,17,[5 3],26,75,92,49,65
1,<environment.Job instance at 0x7f502378f280>,31,16,[3 6],32,75,91,43,65
1,<environment.Job instance at 0x7f502378f730>,36,16,[6 2],37,92,108,55,79
1,<environment.Job instance at 0x7f502378f0a0>,38,14,[3 7],39,91,105,52,79
1,<environment.Job instance at 0x7f506e3530f0>,41,15,[5 5],42,108,123,66,94
1,<environment.Job instance at 0x7f50233636e0>,42,16,[3 5],43,105,121,62,94
1,<environment.Job instance at 0x7f5023363190>,47,13,[9 3],48,123,136,75,107
1,<environment.Job instance at 0x7f5023363b40>,50,15,[2 7],51,136,151,85,124
1,<environment.Job instance at 0x7f5023363460>,54,13,[5 6],55,151,164,96,136
1,<environment.Job instance at 0x7f5066cf4e10>,1,1,[10  3],2,2,3,0,2
1,<environment.Job instance at 0x7f50234fabe0>,2,2,[3 8],3,4,6,1,4
1,<environment.Job instance at 0x7f5067001500>,9,16,[3 8],10,17,33,7,17
1,<environment.Job instance at 0x7f5069659820>,13,15,[6 1],14,21,36,7,21
1,<environment.Job instance at 0x7f5023272be0>,15,14,[4 7],16,33,47,17,22
1,<environment.Job instance at 0x7f5069659730>,6,16,[ 2 10],7,47,63,40,37
1,<environment.Job instance at 0x7f5069659780>,11,18,[4 9],12,63,81,51,53
1,<environment.Job instance at 0x7f50671f2c30>,4,16,[10  5],5,81,97,76,72
1,<environment.Job instance at 0x7f5066dd7eb0>,27,14,[10  5],28,97,111,69,83
1,<environment.Job instance at 0x7f5066dd7820>,32,16,[5 8],33,111,127,78,100
1,<environment.Job instance at 0x7f5066daee60>,37,12,[4 6],38,127,139,89,115
1,<environment.Job instance at 0x7f5066daef00>,43,15,[5 5],44,139,154,95,136
1,<environment.Job instance at 0x7f5066dad6e0>,46,18,[5 5],47,139,157,92,138
1,<environment.Job instance at 0x7f5066daebe0>,47,18,[9 5],48,157,175,109,146
1,<environment.Job instance at 0x7ff817948140>,0,18,[ 2 10],1,8,26,7,8
1,<environment.Job instance at 0x7ff8179d1d70>,3,18,[ 3 10],4,26,44,22,18
1,<environment.Job instance at 0x7ff810538960>,12,3,[6 3],13,44,47,31,18
1,<environment.Job instance at 0x7ff810538730>,13,13,[1 8],14,47,60,33,32
1,<environment.Job instance at 0x7ff810538e60>,18,16,[8 5],19,60,76,41,47
1,<environment.Job instance at 0x7ff810538fa0>,21,3,[ 2 10],22,76,79,54,61
1,<environment.Job instance at 0x7ff81053c0a0>,23,18,[5 2],24,79,97,55,68
1,<environment.Job instance at 0x7ff81053c460>,29,13,[1 6],30,79,92,49,70
1,<environment.Job instance at 0x7ff81053c8c0>,32,17,[9 3],33,97,114,64,89
1,<environment.Job instance at 0x7ff81053c6e0>,35,16,[8 1],36,114,130,78,101
1,<environment.Job instance at 0x7ff81053cbe0>,39,18,[5 8],40,130,148,90,124
1,<environment.Job instance at 0x7ff810538550>,8,17,[ 2 10],9,148,165,139,137
1,<environment.Job instance at 0x7ff81053f460>,48,13,[6 1],49,165,178,116,157
1,<environment.Job instance at 0x7ff8105565a0>,1,1,[5 1],2,2,3,0,2
1,<environment.Job instance at 0x7ff810556690>,0,12,[2 5],1,3,15,2,3
1,<environment.Job instance at 0x7ff7cc933e10>,8,14,[8 5],9,9,23,0,9
1,<environment.Job instance at 0x7ff7cc933f50>,9,17,[9 2],10,23,40,13,13
1,<environment.Job instance at 0x7ff7cc936050>,18,2,[ 3 10],19,40,42,21,19
1,<environment.Job instance at 0x7ff7cc9364b0>,17,3,[4 9],18,42,45,24,24
1,<environment.Job instance at 0x7ff7cc92b6e0>,22,14,[9 2],23,45,59,22,40
1,<environment.Job instance at 0x7ff7cc92b280>,26,13,[5 1],27,59,72,32,43
1,<environment.Job instance at 0x7ff7cc936e10>,14,17,[10  5],15,72,89,57,61
1,<environment.Job instance at 0x7ff7cc934190>,32,17,[10  4],33,89,106,56,77
1,<environment.Job instance at 0x7ff7cc945b90>,35,17,[8 1],36,106,123,70,97
1,<environment.Job instance at 0x7ff7cc933870>,5,17,[10  5],6,123,140,117,111
1,<environment.Job instance at 0x7ff7ccb6ce60>,46,15,[ 5 10],47,140,155,93,127
1,<environment.Job instance at 0x7ff7cca21820>,50,15,[7 4],51,155,170,104,143
1,<environment.Job instance at 0x7ff7cc9a2960>,30,17,[2 9],31,170,187,139,158
1,<environment.Job instance at 0x7ff7cca21230>,55,12,[2 6],56,187,199,131,171
1,<environment.Job instance at 0x7ff7cc79bd20>,0,1,[5 1],1,1,2,0,1
1,<environment.Job instance at 0x7ff7cca63820>,3,12,[8 5],4,4,16,0,4
1,<environment.Job instance at 0x7ff7cc7ad820>,6,3,[2 7],7,16,19,9,7
1,<environment.Job instance at 0x7ff7cc7ad0a0>,5,12,[2 5],6,22,34,16,22
1,<environment.Job instance at 0x7ff7cc8fef50>,20,18,[4 8],21,47,65,26,47
1,<environment.Job instance at 0x7ff817ab4280>,16,15,[4 9],17,65,80,48,51
1,<environment.Job instance at 0x7ff7cc7ad2d0>,7,13,[ 1 10],8,80,93,72,66
1,<environment.Job instance at 0x7ff8103206e0>,27,13,[4 9],28,93,106,65,77
1,<environment.Job instance at 0x7ff817abb370>,37,20,[5 2],38,106,126,68,97
1,<environment.Job instance at 0x7ff817abb7d0>,39,17,[2 6],40,106,123,66,101
1,<environment.Job instance at 0x7ff81792a0a0>,42,17,[4 6],43,123,140,80,112
1,<environment.Job instance at 0x7ff7cc879f50>,46,13,[8 3],47,140,153,93,124
1,<environment.Job instance at 0x7ff8102ffd20>,51,18,[5 7],52,153,171,101,142
1,<environment.Job instance at 0x7ff7cc792190>,53,16,[3 5],54,171,187,117,158
1,<environment.Job instance at 0x7ff7cc7fefa0>,58,13,[8 2],59,187,200,128,171
1,<environment.Job instance at 0x7ff8102ef0f0>,59,3,[9 3],60,200,203,140,174
1,<environment.Job instance at 0x7ff7cccae0a0>,1,12,[5 9],2,7,19,5,7
1,<environment.Job instance at 0x7ff8109dcd70>,8,2,[5 5],9,19,21,10,9
1,<environment.Job instance at 0x7ff8109dc370>,10,3,[1 6],11,21,24,10,11
1,<environment.Job instance at 0x7ff8109dc050>,6,14,[10  4],7,24,38,17,16
1,<environment.Job instance at 0x7ff8109dc280>,13,12,[ 2 10],14,38,50,24,23
1,<environment.Job instance at 0x7ff810834c80>,24,14,[7 5],25,50,64,25,37
1,<environment.Job instance at 0x7ff810834e60>,29,14,[9 5],30,64,78,34,53
1,<environment.Job instance at 0x7ff8108346e0>,35,17,[ 5 10],36,92,109,56,92
1,<environment.Job instance at 0x7ff810834b90>,38,16,[9 2],39,109,125,70,108
1,<environment.Job instance at 0x7ff7cc7f90a0>,41,13,[1 9],42,125,138,83,111
1,<environment.Job instance at 0x7ff7cc7f9eb0>,46,14,[9 2],47,138,152,91,124
1,<environment.Job instance at 0x7ff7cce79960>,4,16,[4 5],5,7,23,2,7
1,<environment.Job instance at 0x7ff8103334b0>,14,12,[9 1],15,23,35,8,17
1,<environment.Job instance at 0x7ff81034cd20>,17,3,[8 1],18,35,38,17,18
1,<environment.Job instance at 0x7ff81034c5a0>,16,13,[4 7],17,38,51,21,22
1,<environment.Job instance at 0x7ff8103261e0>,26,18,[6 3],27,50,68,23,50
1,<environment.Job instance at 0x7ff8103368c0>,30,15,[10  4],31,68,83,37,58
1,<environment.Job instance at 0x7ff7ccb5d5f0>,34,14,[3 8],35,83,97,48,79
1,<environment.Job instance at 0x7ff810337cd0>,35,12,[10  1],36,97,109,61,85
1,<environment.Job instance at 0x7ff810529550>,37,14,[ 4 10],38,109,123,71,96
1,<environment.Job instance at 0x7ff811031280>,42,16,[3 8],43,123,139,80,117
1,<environment.Job instance at 0x7ff8103a5460>,48,17,[9 5],49,139,156,90,132
1,<environment.Job instance at 0x7ff8103a5c30>,46,18,[10  2],47,156,174,109,145
1,<environment.Job instance at 0x7ff8103c9960>,51,16,[5 7],52,174,190,122,161
1,<environment.Job instance at 0x7ff8103ab5f0>,2,2,[3 6],3,3,5,0,3
1,<environment.Job instance at 0x7ff810a890f0>,4,3,[4 5],5,5,8,0,5
1,<environment.Job instance at 0x7ff810a89500>,9,3,[8 2],10,10,13,0,10
1,<environment.Job instance at 0x7ff810a89eb0>,5,18,[9 2],6,13,31,7,11
1,<environment.Job instance at 0x7ff810a897d0>,12,3,[5 9],13,31,34,18,20
1,<environment.Job instance at 0x7ff810a89be0>,14,3,[2 7],15,34,37,19,20
1,<environment.Job instance at 0x7ff810a89d70>,16,12,[3 9],17,37,49,20,27
1,<environment.Job instance at 0x7ff810a47b40>,27,16,[1 7],28,49,65,21,43
1,<environment.Job instance at 0x7ff810a47320>,20,15,[2 8],21,65,80,44,52
1,<environment.Job instance at 0x7ff810a47910>,34,13,[8 2],35,66,79,31,66
1,<environment.Job instance at 0x7ff810a08b40>,38,13,[2 5],39,80,93,41,66
1,<environment.Job instance at 0x7ff810a47f50>,29,18,[2 7],30,93,111,63,88
1,<environment.Job instance at 0x7ff8102ff190>,44,17,[8 1],45,96,113,51,96
1,<environment.Job instance at 0x7ff7cca1d8c0>,50,3,[5 3],51,113,116,62,106
1,<environment.Job instance at 0x7ff7cca1dcd0>,51,18,[3 8],52,116,134,64,106
1,<environment.Job instance at 0x7ff7cca1d960>,54,15,[4 8],55,134,149,79,120
1,<environment.Job instance at 0x7ff7cca1d640>,57,15,[7 4],58,149,164,91,135
1,<environment.Job instance at 0x7ff8102b4f00>,62,3,[1 8],63,164,167,101,152
1,<environment.Job instance at 0x7ff8102b4af0>,63,12,[3 8],64,167,179,103,152
1,<environment.Job instance at 0x7ff8102b4820>,64,3,[1 5],65,154,157,89,154
1,<environment.Job instance at 0x7ff8102b4d70>,67,13,[9 1],68,179,192,111,166
1,<environment.Job instance at 0x7ff8102b49b0>,69,2,[5 1],70,166,168,96,166
1,<environment.Job instance at 0x7ff81091fe10>,71,3,[9 1],72,192,195,120,168
1,<environment.Job instance at 0x7ff810417e60>,1,1,[4 5],2,3,4,1,3
1,<environment.Job instance at 0x7ff7ccd11730>,4,16,[7 4],5,7,23,2,7
1,<environment.Job instance at 0x7ff810963410>,8,17,[9 5],9,23,40,14,14
1,<environment.Job instance at 0x7ff7ccabde10>,20,15,[5 5],21,40,55,19,26
1,<environment.Job instance at 0x7ff8104c27d0>,24,15,[10  2],25,55,70,30,44
1,<environment.Job instance at 0x7ff8103041e0>,19,15,[3 9],20,70,85,50,57
1,<environment.Job instance at 0x7ff8110dbc30>,22,12,[ 1 10],23,85,97,62,80
1,<environment.Job instance at 0x7ff810686190>,37,12,[5 9],38,97,109,59,80
1,<environment.Job instance at 0x7ff7ccb3bf50>,29,3,[9 3],30,109,112,79,86
1,<environment.Job instance at 0x7ff810615690>,44,13,[2 7],45,112,125,67,96
1,<environment.Job instance at 0x7ff8106155a0>,48,14,[6 4],49,125,139,76,120
1,<environment.Job instance at 0x7ff810963cd0>,11,18,[4 7],12,139,157,127,134
1,<environment.Job instance at 0x7ff7cc9ec190>,56,12,[8 4],57,157,169,100,143
1,<environment.Job instance at 0x7ff810615fa0>,55,16,[7 3],56,169,185,113,156
1,<environment.Job instance at 0x7ff7cc81dc80>,63,16,[2 6],64,170,186,106,170
1,<environment.Job instance at 0x7ff7cc81d9b0>,64,2,[6 1],65,185,187,120,170
1,<environment.Job instance at 0x7ff7cc81df00>,65,17,[5 3],66,187,204,121,175
1,<environment.Job instance at 0x7ff8107d57d0>,66,12,[2 7],67,186,198,119,175
1,<environment.Job instance at 0x7ff8107d5dc0>,1,3,[7 4],2,6,9,4,6
1,<environment.Job instance at 0x7ff7cc779910>,5,13,[9 1],6,9,22,3,7
1,<environment.Job instance at 0x7ff8106bd320>,3,12,[5 4],4,22,34,18,9
1,<environment.Job instance at 0x7ff7cc75f4b0>,15,2,[8 1],16,34,36,18,16
1,<environment.Job instance at 0x7ff7cc75f5f0>,16,13,[8 1],17,36,49,19,20
1,<environment.Job instance at 0x7ff7cc75f9b0>,20,3,[ 4 10],21,49,52,28,27
1,<environment.Job instance at 0x7ff7cc75f960>,21,2,[2 9],22,34,36,12,27
1,<environment.Job instance at 0x7ff7cc75faa0>,24,17,[2 7],25,52,69,27,48
1,<environment.Job instance at 0x7ff8107d5f00>,2,18,[3 7],3,69,87,66,59
1,<environment.Job instance at 0x7ff7cc753280>,31,12,[2 6],32,87,99,55,74
1,<environment.Job instance at 0x7ff7cc753320>,32,17,[6 4],33,87,104,54,77
1,<environment.Job instance at 0x7ff7cc753780>,39,12,[3 9],40,104,116,64,100
1,<environment.Job instance at 0x7ff7cc753820>,40,15,[1 8],41,116,131,75,103
1,<environment.Job instance at 0x7ff7cc7538c0>,41,16,[5 5],42,131,147,89,119
1,<environment.Job instance at 0x7ff7cc753960>,42,18,[2 5],43,131,149,88,122
1,<environment.Job instance at 0x7ff7cc74f1e0>,51,15,[5 2],52,147,162,95,137
1,<environment.Job instance at 0x7ff7cc74f460>,55,16,[10  3],56,162,178,106,155
1,<environment.Job instance at 0x7ff7cc74faa0>,63,18,[4 5],64,178,196,114,168
1,<environment.Job instance at 0x7ff810c9fe60>,2,16,[6 1],3,7,23,4,7
1,<environment.Job instance at 0x7ff81062caa0>,9,3,[5 4],10,23,26,13,16
1,<environment.Job instance at 0x7ff7ccc7cfa0>,11,12,[3 5],12,16,28,4,16
1,<environment.Job instance at 0x7ff7cc74fa00>,3,14,[ 4 10],4,28,42,24,18
1,<environment.Job instance at 0x7ff7cccfc780>,18,14,[5 4],19,42,56,23,27
1,<environment.Job instance at 0x7ff7ccbd62d0>,27,13,[9 4],28,56,69,28,46
1,<environment.Job instance at 0x7ff810327320>,29,3,[4 5],30,47,50,17,47
1,<environment.Job instance at 0x7ff7cc7b28c0>,16,16,[4 9],17,69,85,52,60
1,<environment.Job instance at 0x7ff81053fa50>,32,18,[6 5],33,85,103,52,84
1,<environment.Job instance at 0x7ff8110ec5f0>,41,12,[5 6],42,103,115,61,92
1,<environment.Job instance at 0x7ff7ccc77b40>,45,14,[3 8],46,115,129,69,106
1,<environment.Job instance at 0x7ff81053fbe0>,34,14,[ 5 10],35,129,143,94,119
1,<environment.Job instance at 0x7ff7ccd89910>,50,15,[4 7],51,143,158,92,130
1,<environment.Job instance at 0x7ff810659050>,53,15,[8 4],54,158,173,104,149
1,<environment.Job instance at 0x7ff8106592d0>,56,12,[3 5],57,173,185,116,156
1,<environment.Job instance at 0x7ff8106591e0>,63,3,[10  2],64,185,188,121,172
1,<environment.Job instance at 0x7ff810659d70>,65,14,[4 8],66,188,202,122,176
1,<environment.Job instance at 0x7ff8105e0230>,0,15,[3 7],1,11,26,10,11
1,<environment.Job instance at 0x7ff7ccc37a50>,7,13,[7 1],8,14,27,6,14
1,<environment.Job instance at 0x7ff810848a50>,14,2,[10  2],15,27,29,12,15
1,<environment.Job instance at 0x7ff7ccbd60f0>,10,12,[3 8],11,29,41,18,15
1,<environment.Job instance at 0x7ff7ccadd780>,16,14,[6 2],17,29,43,12,17
1,<environment.Job instance at 0x7ff810ea76e0>,19,14,[7 3],20,43,57,23,29
1,<environment.Job instance at 0x7ff810530820>,26,12,[5 3],27,57,69,30,45
1,<environment.Job instance at 0x7ff810530c80>,27,15,[6 1],28,69,84,41,55
1,<environment.Job instance at 0x7ff8105304b0>,24,18,[4 8],25,69,87,44,69
1,<environment.Job instance at 0x7ff8105a6c80>,35,3,[8 5],36,87,90,51,69
1,<environment.Job instance at 0x7ff8105a6050>,41,16,[5 2],42,90,106,48,86
1,<environment.Job instance at 0x7ff810e25c80>,44,12,[7 5],45,106,118,61,91
1,<environment.Job instance at 0x7ff810530730>,28,15,[10  2],29,118,133,89,109
1,<environment.Job instance at 0x7ff810d26690>,52,12,[8 2],53,133,145,80,119
1,<environment.Job instance at 0x7ff810e3ac80>,50,15,[10  5],51,145,160,94,135
1,<environment.Job instance at 0x7ff8102f1a00>,60,1,[1 9],61,160,161,99,148
1,<environment.Job instance at 0x7ff8102f1cd0>,61,16,[8 4],62,161,177,99,148
1,<environment.Job instance at 0x7ff8107d55a0>,65,15,[9 1],66,177,192,111,163
1,<environment.Job instance at 0x7ff7ccdc3c30>,70,15,[1 8],71,177,192,106,173
1,<environment.Job instance at 0x7ff7cca0ea50>,73,13,[10  3],74,192,205,118,178
1,<environment.Job instance at 0x7ff81063ebe0>,3,1,[8 3],4,4,5,0,4
1,<environment.Job instance at 0x7ff810bbe370>,6,14,[2 6],7,8,22,1,8
1,<environment.Job instance at 0x7ff7cca0ea50>,5,15,[8 4],6,10,25,4,10
1,<environment.Job instance at 0x7ff810bbe780>,10,16,[1 6],11,22,38,11,12
1,<environment.Job instance at 0x7ff810bbe5f0>,9,17,[5 4],10,25,42,15,13
1,<environment.Job instance at 0x7ff810bbedc0>,15,16,[3 8],16,42,58,26,29
1,<environment.Job instance at 0x7ff810bbee60>,16,14,[6 2],17,42,56,25,30
1,<environment.Job instance at 0x7ff810bbebe0>,20,14,[1 7],21,58,72,37,43
1,<environment.Job instance at 0x7ff810bd43c0>,24,14,[5 6],25,72,86,47,61
1,<environment.Job instance at 0x7ff810bd4a50>,30,15,[3 7],31,86,101,55,76
1,<environment.Job instance at 0x7ff810bd4d20>,34,14,[5 3],35,93,107,58,93
1,<environment.Job instance at 0x7ff810bd4dc0>,35,2,[5 2],36,101,103,65,93
1,<environment.Job instance at 0x7ff810bbea00>,12,15,[10  3],13,107,122,94,99
1,<environment.Job instance at 0x7ff810bd4aa0>,39,1,[5 1],40,122,123,82,108
1,<environment.Job instance at 0x7ff810bd4410>,27,17,[ 5 10],28,123,140,95,111
1,<environment.Job instance at 0x7ff810be04b0>,44,13,[4 7],45,140,153,95,124
1,<environment.Job instance at 0x7ff810be07d0>,49,14,[1 8],50,153,167,103,142
1,<environment.Job instance at 0x7ff810be09b0>,53,13,[10  4],54,167,180,113,151
1,<environment.Job instance at 0x7ff810be0eb0>,60,13,[4 9],61,180,193,119,172
1,<environment.Job instance at 0x7ff81074da50>,11,2,[3 5],12,12,14,0,12
1,<environment.Job instance at 0x7ff810bd6320>,1,16,[1 7],2,14,30,12,12
1,<environment.Job instance at 0x7ff81074d8c0>,13,16,[5 9],14,30,46,16,24
1,<environment.Job instance at 0x7ff7d61e4f50>,14,16,[3 5],15,46,62,31,34
1,<environment.Job instance at 0x7ff7ccbb9410>,21,12,[7 5],22,46,58,24,38
1,<environment.Job instance at 0x7ff7ccbb9d20>,25,15,[8 3],26,62,77,36,51
1,<environment.Job instance at 0x7ff7ccbb93c0>,30,14,[5 3],31,77,91,46,67
1,<environment.Job instance at 0x7ff81074d460>,8,18,[5 9],9,91,109,82,81
1,<environment.Job instance at 0x7ff810868d20>,38,13,[7 2],39,109,122,70,97
1,<environment.Job instance at 0x7ff810868870>,41,12,[4 6],42,122,134,80,108
1,<environment.Job instance at 0x7ff7cc77ee10>,35,18,[6 4],36,122,140,86,116
1,<environment.Job instance at 0x7ff810868aa0>,44,17,[9 5],45,140,157,95,135
1,<environment.Job instance at 0x7ff7cc75a370>,53,12,[ 4 10],54,157,169,103,143
1,<environment.Job instance at 0x7ff7cc75ad20>,56,14,[2 9],57,169,183,112,157
1,<environment.Job instance at 0x7ff8105a2410>,61,17,[8 4],62,183,200,121,171
1,<environment.Job instance at 0x7ff810be0960>,1,2,[4 5],2,2,4,0,2
1,<environment.Job instance at 0x7ff8112286e0>,5,1,[4 8],6,6,7,0,6
1,<environment.Job instance at 0x7ff811228460>,2,16,[9 2],3,7,23,4,7
1,<environment.Job instance at 0x7ff810ab8910>,10,3,[8 2],11,23,26,12,18
1,<environment.Job instance at 0x7ff810ab8500>,15,13,[7 2],16,27,40,11,27
1,<environment.Job instance at 0x7ff8108ba7d0>,20,12,[10  5],21,40,52,19,27
1,<environment.Job instance at 0x7ff8108bae60>,22,2,[6 5],23,52,54,29,34
1,<environment.Job instance at 0x7ff810ab8fa0>,11,15,[9 3],12,54,69,42,44
1,<environment.Job instance at 0x7ff8102bc2d0>,30,14,[1 9],31,69,83,38,56
1,<environment.Job instance at 0x7ff8110d6dc0>,33,3,[4 8],34,83,86,49,57
1,<environment.Job instance at 0x7ff8108ba320>,18,16,[1 7],19,86,102,67,77
1,<environment.Job instance at 0x7ff810774af0>,43,16,[8 1],44,86,102,42,77
1,<environment.Job instance at 0x7ff810774690>,47,3,[ 2 10],48,102,105,54,86
1,<environment.Job instance at 0x7ff810774140>,48,3,[10  5],49,105,108,56,86
1,<environment.Job instance at 0x7ff810ab80a0>,12,17,[4 9],13,108,125,95,99
1,<environment.Job instance at 0x7ff8106585f0>,55,13,[9 1],56,125,138,69,113
1,<environment.Job instance at 0x7ff8103b71e0>,58,15,[3 5],59,138,153,79,125
1,<environment.Job instance at 0x7ff8103b7fa0>,62,15,[8 3],63,153,168,90,140
1,<environment.Job instance at 0x7ff8104f15a0>,66,13,[2 7],67,156,169,89,156
1,<environment.Job instance at 0x7ff8104f1140>,68,14,[2 8],69,169,183,100,156
1,<environment.Job instance at 0x7ff8104f1820>,65,14,[6 3],66,183,197,117,168
1,<environment.Job instance at 0x7ff81787c780>,1,14,[8 5],2,2,16,0,2
1,<environment.Job instance at 0x7ff8110dbf00>,2,18,[5 8],3,16,34,13,6
1,<environment.Job instance at 0x7ff810b7abe0>,6,3,[10  1],7,34,37,27,8
1,<environment.Job instance at 0x7ff8104bdbe0>,19,17,[8 2],20,37,54,17,37
1,<environment.Job instance at 0x7ff8104dadc0>,24,2,[9 3],25,54,56,29,43
1,<environment.Job instance at 0x7ff810b7af00>,0,14,[7 5],1,56,70,55,44
1,<environment.Job instance at 0x7ff810f4f3c0>,27,12,[5 6],28,70,82,42,53
1,<environment.Job instance at 0x7ff8104777d0>,30,13,[1 6],31,82,95,51,66
1,<environment.Job instance at 0x7ff810f4b7d0>,35,16,[6 1],36,84,100,48,84
1,<environment.Job instance at 0x7ff810f317d0>,36,13,[5 7],37,100,113,63,85
1,<environment.Job instance at 0x7ff810490f00>,37,3,[7 4],38,113,116,75,87
1,<environment.Job instance at 0x7ff8105cd8c0>,39,13,[5 2],40,100,113,60,88
1,<environment.Job instance at 0x7ff7cc6162d0>,42,2,[3 8],43,116,118,73,101
1,<environment.Job instance at 0x7ff7cce29f00>,43,16,[10  1],44,118,134,74,105
1,<environment.Job instance at 0x7ff7cc8d60f0>,46,15,[3 5],47,134,149,87,124
1,<environment.Job instance at 0x7ff8102e66e0>,48,14,[4 7],49,149,163,100,134
1,<environment.Job instance at 0x7ff7cce040a0>,55,18,[4 5],56,169,187,113,169
1,<environment.Job instance at 0x7ff810baa0f0>,10,14,[5 1],11,11,25,0,11
1,<environment.Job instance at 0x7ff7ccded370>,14,2,[8 5],15,25,27,10,15
1,<environment.Job instance at 0x7ff7ccac4140>,17,17,[5 5],18,53,70,35,53
1,<environment.Job instance at 0x7ff7ccded230>,12,17,[4 9],13,80,97,67,80
1,<environment.Job instance at 0x7ff7ccac42d0>,25,2,[5 4],26,97,99,71,80
1,<environment.Job instance at 0x7ff81030e500>,30,14,[2 7],31,99,113,68,88
1,<environment.Job instance at 0x7ff810ccb320>,37,15,[3 5],38,113,128,75,107
1,<environment.Job instance at 0x7ff810ccb230>,39,13,[3 8],40,128,141,88,112
1,<environment.Job instance at 0x7ff8108d6f50>,42,17,[4 7],43,141,158,98,131
1,<environment.Job instance at 0x7ff8108d67d0>,44,15,[9 1],45,158,173,113,144
1,<environment.Job instance at 0x7ff8102b65a0>,47,12,[3 5],48,173,185,125,156
1,<environment.Job instance at 0x7ff8103ae140>,1,3,[5 3],2,2,5,0,2
1,<environment.Job instance at 0x7ff8103ae460>,3,1,[9 4],4,5,6,1,4
1,<environment.Job instance at 0x7ff8103aeaf0>,7,16,[5 7],8,8,24,0,8
1,<environment.Job instance at 0x7ff7cc5a0c30>,14,13,[7 4],15,24,37,9,16
1,<environment.Job instance at 0x7ff8103ae780>,4,15,[ 5 10],5,37,52,32,27
1,<environment.Job instance at 0x7ff7cc5a0d70>,24,14,[10  2],25,52,66,27,38
1,<environment.Job instance at 0x7ff8103aed20>,10,16,[9 3],11,66,82,55,53
1,<environment.Job instance at 0x7ff7cc597c30>,33,14,[8 4],34,82,96,48,68
1,<environment.Job instance at 0x7ff7cc628370>,39,12,[1 5],40,76,88,36,76
1,<environment.Job instance at 0x7ff7cc5a0be0>,17,16,[5 9],18,96,112,78,84
1,<environment.Job instance at 0x7ff7cc628140>,46,2,[5 2],47,112,114,65,89
1,<environment.Job instance at 0x7ff7cc597a50>,37,18,[3 5],38,112,130,74,101
1,<environment.Job instance at 0x7ff7cc628f00>,52,3,[9 1],53,130,133,77,104
1,<environment.Job instance at 0x7ff7cc628aa0>,41,18,[1 8],42,130,148,88,121
1,<environment.Job instance at 0x7ff8109d70f0>,57,3,[5 6],58,148,151,90,123
1,<environment.Job instance at 0x7ff8109d7a50>,65,18,[6 3],66,151,169,85,140
1,<environment.Job instance at 0x7ff7cc628320>,54,16,[10  1],55,169,185,114,157
1,<environment.Job instance at 0x7ff7cc7ba1e0>,1,2,[8 5],2,2,4,0,2
1,<environment.Job instance at 0x7ff8109b4a50>,2,3,[3 5],3,5,8,2,5
1,<environment.Job instance at 0x7ff7cc8bc320>,4,17,[7 5],5,5,22,0,5
1,<environment.Job instance at 0x7ff810382b40>,12,16,[2 9],13,22,38,9,15
1,<environment.Job instance at 0x7ff810375410>,5,13,[7 1],6,22,35,16,20
1,<environment.Job instance at 0x7ff810382820>,15,15,[4 8],16,38,53,22,25
1,<environment.Job instance at 0x7ff810382aa0>,14,15,[9 3],15,53,68,38,47
1,<environment.Job instance at 0x7ff810ef6cd0>,32,13,[8 3],33,68,81,35,55
1,<environment.Job instance at 0x7ff810ef6320>,35,14,[6 2],36,81,95,45,69
1,<environment.Job instance at 0x7ff810ef6af0>,36,18,[2 5],37,70,88,33,70
1,<environment.Job instance at 0x7ff81082aa00>,42,3,[1 6],43,88,91,45,72
1,<environment.Job instance at 0x7ff810392f50>,20,15,[2 9],21,95,110,74,82
1,<environment.Job instance at 0x7ff81082a1e0>,46,3,[1 5],47,91,94,44,85
1,<environment.Job instance at 0x7ff7ccd89870>,51,18,[1 6],52,110,128,58,99
1,<environment.Job instance at 0x7ff7ccd89910>,52,17,[5 2],53,110,127,57,100
1,<environment.Job instance at 0x7ff7ccd892d0>,55,18,[5 8],56,128,146,72,117
1,<environment.Job instance at 0x7ff81082a690>,44,14,[10  2],45,147,161,102,147
1,<environment.Job instance at 0x7ff81053aeb0>,65,16,[2 7],66,176,192,110,176
1,<environment.Job instance at 0x7ff81053a1e0>,1,2,[9 5],2,5,7,3,5
1,<environment.Job instance at 0x7ff8108b02d0>,5,2,[2 8],6,7,9,1,6
1,<environment.Job instance at 0x7ff81053aeb0>,2,15,[4 5],3,22,37,19,22
1,<environment.Job instance at 0x7ff8107a1e60>,18,2,[2 5],19,34,36,15,34
1,<environment.Job instance at 0x7ff810552500>,17,18,[7 4],18,37,55,19,36
1,<environment.Job instance at 0x7ff810310c80>,25,17,[5 3],26,55,72,29,45
1,<environment.Job instance at 0x7ff810941910>,26,3,[3 5],27,45,48,18,45
1,<environment.Job instance at 0x7ff810941410>,27,13,[2 9],28,72,85,44,56
1,<environment.Job instance at 0x7ff810941370>,31,16,[3 6],32,85,101,53,79
1,<environment.Job instance at 0x7ff81092c640>,36,16,[6 2],37,95,111,58,95
1,<environment.Job instance at 0x7ff81092c1e0>,38,14,[3 7],39,101,115,62,96
1,<environment.Job instance at 0x7ff81092ceb0>,39,12,[3 8],40,115,127,75,110
1,<environment.Job instance at 0x7ff810d35190>,47,13,[9 3],48,147,160,99,147
1,<environment.Job instance at 0x7ff81787fa50>,48,15,[7 4],49,160,175,111,149
1,<environment.Job instance at 0x7ff8104e7af0>,51,12,[5 8],52,175,187,123,162
1,<environment.Job instance at 0x7ff7cc7dc640>,4,3,[9 4],5,5,8,0,5
1,<environment.Job instance at 0x7ff7cc7dc1e0>,11,14,[4 7],12,13,27,1,13
1,<environment.Job instance at 0x7ff7cc7dc370>,8,13,[9 1],9,27,40,18,14
1,<environment.Job instance at 0x7ff7cc7dc410>,15,3,[6 3],16,24,27,8,24
1,<environment.Job instance at 0x7ff7cc7dc280>,16,18,[6 5],17,40,58,23,31
1,<environment.Job instance at 0x7ff7cc5b7b40>,20,13,[1 7],21,58,71,37,46
1,<environment.Job instance at 0x7ff7cc5b7550>,22,16,[5 8],23,71,87,48,61
1,<environment.Job instance at 0x7ff7cc5b70f0>,27,12,[4 6],28,87,99,59,78
1,<environment.Job instance at 0x7ff7cc5b7960>,29,3,[7 1],30,99,102,69,83
1,<environment.Job instance at 0x7ff7cc7dcf50>,17,14,[10  5],18,110,124,92,110
1,<environment.Job instance at 0x7ff8103b0be0>,36,18,[5 5],37,124,142,87,120
1,<environment.Job instance at 0x7ff810936af0>,4,3,[5 5],5,5,8,0,5
1,<environment.Job instance at 0x7ff7cc535640>,5,18,[3 5],6,8,26,2,8
1,<environment.Job instance at 0x7ff810497f50>,3,15,[3 5],4,12,27,8,12
1,<environment.Job instance at 0x7ff810497870>,2,14,[ 1 10],3,27,41,24,12
1,<environment.Job instance at 0x7ff7cce02320>,12,16,[4 9],13,41,57,28,29
1,<environment.Job instance at 0x7ff7cc921cd0>,11,18,[8 3],12,57,75,45,47
1,<environment.Job instance at 0x7ff7cc840140>,20,14,[6 2],21,75,89,54,61
1,<environment.Job instance at 0x7ff7cca3abe0>,24,18,[1 6],25,68,86,43,68
1,<environment.Job instance at 0x7ff7cca3a0f0>,27,13,[4 5],28,86,99,58,70
1,<environment.Job instance at 0x7ff7cca3ad70>,28,16,[6 3],29,89,105,60,76
1,<environment.Job instance at 0x7ff7cc43f1e0>,33,14,[5 1],34,105,119,71,95
1,<environment.Job instance at 0x7ff7cc43f5f0>,34,15,[8 1],35,119,134,84,105
1,<environment.Job instance at 0x7ff81058b050>,39,12,[6 3],40,134,146,94,117
1,<environment.Job instance at 0x7ff81058beb0>,41,15,[ 4 10],42,146,161,104,132
1,<environment.Job instance at 0x7f100b190d70>,4,18,[10  4],5,8,26,3,8
1,<environment.Job instance at 0x7f100b1904b0>,3,18,[ 3 10],4,26,44,22,23
1,<environment.Job instance at 0x7f1003d3c6e0>,13,13,[1 8],14,44,57,30,33
1,<environment.Job instance at 0x7f1003d3cc30>,18,16,[8 5],19,57,73,38,44
1,<environment.Job instance at 0x7f1003d3cd70>,21,3,[ 2 10],22,73,76,51,62
1,<environment.Job instance at 0x7f1003d3cf00>,23,18,[5 2],24,76,94,52,65
1,<environment.Job instance at 0x7f1003d3e320>,27,2,[6 4],28,94,96,66,67
1,<environment.Job instance at 0x7f1003d3e460>,29,13,[1 6],30,76,89,46,69
1,<environment.Job instance at 0x7f1003d3e5a0>,31,17,[4 9],32,96,113,64,85
1,<environment.Job instance at 0x7f1003d3e2d0>,33,2,[5 3],34,89,91,55,87
1,<environment.Job instance at 0x7f1003d3e820>,34,3,[9 5],35,113,116,78,87
1,<environment.Job instance at 0x7f1003d3eb90>,35,16,[8 1],36,116,132,80,103
1,<environment.Job instance at 0x7f1003d3ebe0>,39,18,[5 8],40,132,150,92,123
1,<environment.Job instance at 0x7f1003d5a780>,2,14,[8 4],3,4,18,1,4
1,<environment.Job instance at 0x7f1003d5a870>,0,18,[5 1],1,18,36,17,7
1,<environment.Job instance at 0x7f0fc01365a0>,5,16,[ 3 10],6,40,56,34,40
1,<environment.Job instance at 0x7f0fc012f7d0>,22,17,[10  4],23,56,73,33,44
1,<environment.Job instance at 0x7f0fc012f500>,15,17,[5 9],16,73,90,57,62
1,<environment.Job instance at 0x7f0fc014e6e0>,31,1,[8 3],32,90,91,58,71
1,<environment.Job instance at 0x7f0fc014e4b0>,33,15,[5 6],34,91,106,57,78
1,<environment.Job instance at 0x7f0fc027c960>,36,15,[ 5 10],37,106,121,69,96
1,<environment.Job instance at 0x7f0fc0392c30>,39,12,[5 4],40,121,133,81,108
1,<environment.Job instance at 0x7f0fc018a780>,27,18,[ 1 10],28,133,151,105,122
1,<environment.Job instance at 0x7f0fc0225c30>,44,14,[8 5],45,151,165,106,137
1,<environment.Job instance at 0x7f0fc01366e0>,4,17,[10  5],5,165,182,160,156
1,<environment.Job instance at 0x7f0fc02254b0>,51,16,[7 4],52,182,198,130,169
1,<environment.Job instance at 0x7f0fc0219e10>,56,17,[2 6],57,182,199,125,180
1,<environment.Job instance at 0x7f0fc0219be0>,58,12,[9 2],59,199,211,140,187
1,<environment.Job instance at 0x7f1003ac08c0>,1,3,[10  4],2,4,7,2,4
1,<environment.Job instance at 0x7f0fbfffd820>,4,2,[1 9],5,7,9,2,6
1,<environment.Job instance at 0x7f0fbfffd960>,8,12,[8 2],9,11,23,2,11
1,<environment.Job instance at 0x7f100c17ac80>,11,2,[7 4],12,23,25,11,19
1,<environment.Job instance at 0x7f0fc000e8c0>,0,18,[4 8],1,25,43,24,22
1,<environment.Job instance at 0x7f0fc0110820>,17,20,[5 2],18,42,62,24,42
1,<environment.Job instance at 0x7f0fc00646e0>,19,17,[2 6],20,47,64,27,47
1,<environment.Job instance at 0x7f0fc0064780>,20,16,[1 9],21,64,80,43,53
1,<environment.Job instance at 0x7f1003ab8690>,22,17,[4 6],23,80,97,57,68
1,<environment.Job instance at 0x7f100b2b3780>,29,17,[5 1],30,68,85,38,68
1,<environment.Job instance at 0x7f100420d0a0>,32,13,[8 1],33,97,110,64,81
1,<environment.Job instance at 0x7f100420d370>,36,13,[1 6],37,97,110,60,94
1,<environment.Job instance at 0x7f1003ad0f50>,31,18,[5 7],32,110,128,78,99
1,<environment.Job instance at 0x7f0fc0002d20>,42,13,[3 9],43,128,141,85,112
1,<environment.Job instance at 0x7f0fc0002af0>,37,14,[10  3],38,141,155,103,127
1,<environment.Job instance at 0x7f100b2c0c30>,47,14,[9 1],48,155,169,107,144
1,<environment.Job instance at 0x7f0fc0003460>,52,12,[8 5],53,169,181,116,156
1,<environment.Job instance at 0x7f1003b3ff00>,56,13,[7 1],57,181,194,124,165
1,<environment.Job instance at 0x7f1003b3fb40>,57,16,[2 6],58,181,197,123,179
1,<environment.Job instance at 0x7f1003b3f370>,5,17,[ 5 10],6,16,33,10,16
1,<environment.Job instance at 0x7f100409b410>,15,3,[7 2],16,33,36,17,21
1,<environment.Job instance at 0x7f100409bd20>,16,14,[9 2],17,36,50,19,24
1,<environment.Job instance at 0x7f100409b460>,17,17,[3 8],18,50,67,32,38
1,<environment.Job instance at 0x7f100409beb0>,21,15,[1 9],22,67,82,45,54
1,<environment.Job instance at 0x7f0fc0616460>,26,1,[4 7],27,82,83,55,65
1,<environment.Job instance at 0x7f0fc0616370>,27,1,[7 4],28,83,84,55,65
1,<environment.Job instance at 0x7f0fc0616c80>,28,17,[2 7],29,84,101,55,72
1,<environment.Job instance at 0x7f0fc06161e0>,30,18,[8 1],31,84,102,53,80
1,<environment.Job instance at 0x7f1003eac320>,33,3,[5 5],34,102,105,68,81
1,<environment.Job instance at 0x7f1003eacaa0>,34,2,[9 2],35,105,107,70,81
1,<environment.Job instance at 0x7f1003eacdc0>,35,13,[3 9],36,107,120,71,93
1,<environment.Job instance at 0x7f1003eac9b0>,37,17,[3 5],38,120,137,82,109
1,<environment.Job instance at 0x7f1003eac410>,36,18,[9 4],37,137,155,100,128
1,<environment.Job instance at 0x7f1003eac7d0>,45,13,[8 5],46,155,168,109,150
1,<environment.Job instance at 0x7f1003eac4b0>,46,13,[3 9],47,168,181,121,157
1,<environment.Job instance at 0x7f1003eaca50>,50,2,[6 4],51,181,183,130,164
1,<environment.Job instance at 0x7f1003eaceb0>,51,2,[3 5],52,181,183,129,164
1,<environment.Job instance at 0x7f1003eacc80>,52,15,[2 5],53,183,198,130,169
1,<environment.Job instance at 0x7f1006477d70>,54,16,[9 2],55,198,214,143,189
1,<environment.Job instance at 0x7f1006477500>,2,16,[3 8],3,10,26,7,10
1,<environment.Job instance at 0x7f0fc0442dc0>,8,17,[9 5],9,26,43,17,14
1,<environment.Job instance at 0x7f100417d960>,18,3,[2 6],19,43,46,24,38
1,<environment.Job instance at 0x7f100418a820>,21,2,[7 1],22,51,53,29,51
1,<environment.Job instance at 0x7f10041ad9b0>,23,3,[10  3],24,53,56,29,52
1,<environment.Job instance at 0x7f10041addc0>,24,13,[5 3],25,56,69,31,53
1,<environment.Job instance at 0x7f10041adc30>,25,12,[8 5],26,69,81,43,55
1,<environment.Job instance at 0x7f10041ad870>,26,14,[6 4],27,81,95,54,67
1,<environment.Job instance at 0x7f1006802050>,33,12,[7 4],34,95,107,61,82
1,<environment.Job instance at 0x7f10068030a0>,40,14,[ 2 10],41,107,121,66,94
1,<environment.Job instance at 0x7f100417a500>,28,17,[3 7],29,121,138,92,110
1,<environment.Job instance at 0x7f0fc0355140>,44,16,[5 5],45,138,154,93,127
1,<environment.Job instance at 0x7f1003cb4af0>,48,18,[1 5],49,141,159,92,141
1,<environment.Job instance at 0x7f1004196fa0>,49,18,[9 5],50,154,172,104,144
1,<environment.Job instance at 0x7f100683d0f0>,53,12,[2 6],54,172,184,118,155
1,<environment.Job instance at 0x7f100683d370>,56,13,[5 5],57,184,197,127,170
1,<environment.Job instance at 0x7f1003b48870>,0,3,[5 3],1,3,6,2,3
1,<environment.Job instance at 0x7f1003b48960>,3,14,[ 4 10],4,6,20,2,6
1,<environment.Job instance at 0x7f1003aadc80>,6,16,[1 6],7,20,36,13,11
1,<environment.Job instance at 0x7f0fc0278820>,15,15,[3 5],16,36,51,20,23
1,<environment.Job instance at 0x7f0fc0278780>,19,2,[5 1],20,23,25,3,23
1,<environment.Job instance at 0x7f1003aad780>,7,15,[7 4],8,25,40,17,25
1,<environment.Job instance at 0x7f0fc0278a00>,25,12,[2 8],26,51,63,25,37
1,<environment.Job instance at 0x7f0fc0278140>,26,12,[9 5],27,63,75,36,47
1,<environment.Job instance at 0x7f10069c55f0>,29,15,[2 6],30,75,90,45,63
1,<environment.Job instance at 0x7f10069c5c80>,31,14,[9 4],32,90,104,58,75
1,<environment.Job instance at 0x7f10069c5fa0>,38,13,[1 5],39,93,106,54,93
1,<environment.Job instance at 0x7f0fc0278fa0>,17,13,[9 1],18,104,117,86,94
1,<environment.Job instance at 0x7f10069c5e10>,41,1,[8 4],42,117,118,75,94
1,<environment.Job instance at 0x7f1003f899b0>,43,2,[ 4 10],44,118,120,74,94
1,<environment.Job instance at 0x7f0fc0278a50>,27,17,[10  4],28,120,137,92,108
1,<environment.Job instance at 0x7f1003f89fa0>,49,17,[2 6],50,137,154,87,126
1,<environment.Job instance at 0x7f1003f89b40>,55,3,[9 2],56,154,157,98,130
1,<environment.Job instance at 0x7f1003f89b90>,56,17,[3 5],57,157,174,100,145
1,<environment.Job instance at 0x7f0fc031a690>,62,12,[10  4],63,174,186,111,161
1,<environment.Job instance at 0x7f0fc031a410>,65,15,[8 1],66,186,201,120,172
1,<environment.Job instance at 0x7f0fc031a730>,69,15,[6 2],70,201,216,131,187
1,<environment.Job instance at 0x7f0fc031a730>,2,14,[9 2],3,3,17,0,3
1,<environment.Job instance at 0x7f1003fe1cd0>,3,16,[2 6],4,17,33,13,6
1,<environment.Job instance at 0x7f1004043500>,12,16,[9 2],13,33,49,20,22
1,<environment.Job instance at 0x7f1004043d70>,16,17,[3 7],17,49,66,32,43
1,<environment.Job instance at 0x7f1006771910>,22,18,[7 4],23,66,84,43,61
1,<environment.Job instance at 0x7f0fc0319500>,26,2,[5 7],27,84,86,57,73
1,<environment.Job instance at 0x7f1004043870>,14,13,[2 8],15,86,99,71,73
1,<environment.Job instance at 0x7f0fc06136e0>,30,2,[8 4],31,99,101,68,73
1,<environment.Job instance at 0x7f0fc05fd870>,29,15,[3 9],30,101,116,71,89
1,<environment.Job instance at 0x7f0fc0613d70>,36,13,[5 7],37,116,129,79,101
1,<environment.Job instance at 0x7f0fc033a460>,38,16,[3 8],39,129,145,90,118
1,<environment.Job instance at 0x7f0fc033a780>,40,18,[9 2],41,145,163,104,134
1,<environment.Job instance at 0x7f0fc0613f00>,34,13,[10  5],35,163,176,128,147
1,<environment.Job instance at 0x7f0fc01f7f00>,47,12,[1 6],48,147,159,99,147
1,<environment.Job instance at 0x7f0fc01f7280>,49,16,[10  5],50,176,192,126,164
1,<environment.Job instance at 0x7f0fc016fbe0>,56,1,[9 2],57,192,193,135,183
1,<environment.Job instance at 0x7f0fc033ad20>,42,17,[9 4],43,193,210,150,183
1,<environment.Job instance at 0x7f0fbff25f00>,7,15,[10  4],8,9,24,1,9
1,<environment.Job instance at 0x7f0fbff291e0>,10,13,[1 5],11,24,37,13,11
1,<environment.Job instance at 0x7f0fbff295f0>,13,3,[10  4],14,37,40,23,15
1,<environment.Job instance at 0x7f0fbff29500>,15,13,[5 4],16,24,37,8,17
1,<environment.Job instance at 0x7f0fbff29b40>,17,15,[2 6],18,40,55,22,26
1,<environment.Job instance at 0x7f0fbff29e60>,21,1,[10  1],22,55,56,33,31
1,<environment.Job instance at 0x7f0fbff29af0>,18,18,[ 5 10],19,56,74,37,45
1,<environment.Job instance at 0x7f0fbff29eb0>,20,13,[2 8],21,74,87,53,58
1,<environment.Job instance at 0x7f0fbff15af0>,35,14,[1 7],36,87,101,51,85
1,<environment.Job instance at 0x7f0fc0531730>,2,16,[2 8],3,10,26,7,10
1,<environment.Job instance at 0x7f0fc0531af0>,6,15,[5 9],7,26,41,19,13
1,<environment.Job instance at 0x7f0fbff15c30>,10,15,[8 4],11,41,56,30,27
1,<environment.Job instance at 0x7f0fc018a140>,16,15,[3 9],17,56,71,39,43
1,<environment.Job instance at 0x7f0fc03987d0>,9,17,[ 1 10],10,71,88,61,59
1,<environment.Job instance at 0x7f0fc0425410>,27,12,[6 5],28,88,100,60,73
1,<environment.Job instance at 0x7f0fc020caf0>,32,3,[5 8],33,100,103,67,79
1,<environment.Job instance at 0x7f0fc04703c0>,34,16,[5 8],35,103,119,68,92
1,<environment.Job instance at 0x7f1006803d20>,46,2,[5 3],47,119,121,72,99
1,<environment.Job instance at 0x7f0fbffdcc80>,48,12,[6 4],49,121,133,72,104
1,<environment.Job instance at 0x7f0fbffdcfa0>,51,13,[3 5],52,119,132,67,108
1,<environment.Job instance at 0x7f0fc0425c30>,25,15,[10  1],26,133,148,107,119
1,<environment.Job instance at 0x7f1006660f00>,56,13,[6 4],57,148,161,91,132
1,<environment.Job instance at 0x7f0fc00e95a0>,59,12,[5 8],60,161,173,101,144
1,<environment.Job instance at 0x7f1006660230>,58,12,[10  4],59,173,185,114,156
1,<environment.Job instance at 0x7f1003bac910>,75,13,[7 4],76,185,198,109,169
1,<environment.Job instance at 0x7f100b16f230>,0,3,[ 2 10],1,3,6,2,3
1,<environment.Job instance at 0x7f1003db6af0>,1,13,[5 8],2,6,19,4,4
1,<environment.Job instance at 0x7f1003b42e10>,5,3,[9 4],6,19,22,13,6
1,<environment.Job instance at 0x7f1003bac960>,3,13,[6 5],4,22,35,18,10
1,<environment.Job instance at 0x7f10067db3c0>,10,2,[3 9],11,35,37,24,11
1,<environment.Job instance at 0x7f0fc06a1190>,11,3,[4 5],12,22,25,10,13
1,<environment.Job instance at 0x7f10067085a0>,19,17,[5 2],20,37,54,17,25
1,<environment.Job instance at 0x7f1006708460>,17,17,[5 6],18,40,57,22,40
1,<environment.Job instance at 0x7f10067082d0>,23,15,[2 7],24,57,72,33,43
1,<environment.Job instance at 0x7f10066b69b0>,25,3,[9 3],26,72,75,46,47
1,<environment.Job instance at 0x7f1003fb8230>,27,3,[6 1],28,57,60,29,47
1,<environment.Job instance at 0x7f1003b95050>,29,3,[5 3],30,54,57,24,54
1,<environment.Job instance at 0x7f1003b179b0>,30,13,[8 4],31,75,88,44,59
1,<environment.Job instance at 0x7f1003b17aa0>,32,12,[7 3],33,60,72,27,59
1,<environment.Job instance at 0x7f100b04e5a0>,36,18,[7 3],37,88,106,51,77
1,<environment.Job instance at 0x7f1003c76320>,41,18,[3 9],42,106,124,64,95
1,<environment.Job instance at 0x7f1003c7b2d0>,48,13,[8 5],49,124,137,75,108
1,<environment.Job instance at 0x7f0fc067a230>,21,17,[9 3],22,137,154,115,125
1,<environment.Job instance at 0x7f0fc052c7d0>,56,12,[6 2],57,154,166,97,138
1,<environment.Job instance at 0x7f1006852c80>,57,15,[1 8],58,154,169,96,140
1,<environment.Job instance at 0x7f0fc052c820>,54,17,[5 5],55,169,186,114,158
1,<environment.Job instance at 0x7f1004052640>,66,14,[9 2],67,186,200,119,186
1,<environment.Job instance at 0x7f1003f8d3c0>,68,3,[4 5],69,200,203,131,187
1,<environment.Job instance at 0x7f1003f8d190>,70,13,[3 7],71,203,216,132,189
1,<environment.Job instance at 0x7f100644df50>,4,17,[4 9],5,8,25,3,8
1,<environment.Job instance at 0x7f0fc00d5140>,0,16,[5 9],1,25,41,24,13
1,<environment.Job instance at 0x7f1006466730>,14,3,[10  5],15,41,44,26,26
1,<environment.Job instance at 0x7f1006466960>,17,2,[9 5],18,44,46,26,26
1,<environment.Job instance at 0x7f1006466aa0>,18,18,[6 4],19,46,64,27,36
1,<environment.Job instance at 0x7f1006466e60>,22,15,[9 5],23,64,79,41,51
1,<environment.Job instance at 0x7f1006466140>,6,18,[1 8],7,79,97,72,68
1,<environment.Job instance at 0x7f0fbff9d730>,32,16,[8 1],33,79,95,46,78
1,<environment.Job instance at 0x7f0fbff9d640>,29,13,[9 3],30,97,110,67,85
1,<environment.Job instance at 0x7f0fbff9d050>,26,18,[4 9],27,110,128,83,102
1,<environment.Job instance at 0x7f0fbff910f0>,44,18,[6 5],45,128,146,83,117
1,<environment.Job instance at 0x7f0fbff91910>,52,17,[3 5],53,128,145,75,123
1,<environment.Job instance at 0x7f0fbff91aa0>,53,13,[2 7],54,146,159,92,130
1,<environment.Job instance at 0x7f0fbff91b90>,56,14,[8 5],57,159,173,102,149
1,<environment.Job instance at 0x7f0fbff91af0>,55,18,[4 9],56,173,191,117,163
1,<environment.Job instance at 0x7f0fbffa73c0>,64,16,[1 6],65,191,207,126,183
1,<environment.Job instance at 0x7f0fbffa7a50>,73,15,[8 2],74,191,206,117,185
1,<environment.Job instance at 0x7f100b0449b0>,11,3,[6 4],12,12,15,0,12
1,<environment.Job instance at 0x7f0fbfecbb40>,6,15,[1 6],7,17,32,10,17
1,<environment.Job instance at 0x7f100b044410>,13,15,[9 4],14,19,34,5,19
1,<environment.Job instance at 0x7f0fbffa7820>,4,14,[ 4 10],5,34,48,29,19
1,<environment.Job instance at 0x7f0fbfecb0a0>,5,16,[6 5],6,48,64,42,36
1,<environment.Job instance at 0x7f10040e0c30>,23,12,[10  2],24,64,76,40,47
1,<environment.Job instance at 0x7f0fc0618dc0>,30,15,[8 4],31,76,91,45,63
1,<environment.Job instance at 0x7f0fc0618e60>,35,12,[8 1],36,91,103,55,78
1,<environment.Job instance at 0x7f0fc0618d20>,38,12,[10  1],39,103,115,64,86
1,<environment.Job instance at 0x7f0fc06189b0>,42,16,[1 7],43,115,131,72,102
1,<environment.Job instance at 0x7f10040d7050>,47,18,[2 7],48,131,149,83,120
1,<environment.Job instance at 0x7f1006a6d9b0>,59,13,[2 6],60,149,162,89,135
1,<environment.Job instance at 0x7f0fc02a40a0>,64,12,[9 5],65,162,174,97,158
1,<environment.Job instance at 0x7f1003fcdaa0>,69,2,[9 2],70,174,176,104,158
1,<environment.Job instance at 0x7f1003fcd7d0>,73,2,[2 8],74,176,178,102,158
1,<environment.Job instance at 0x7f100685e320>,74,3,[5 3],75,158,161,83,158
1,<environment.Job instance at 0x7f100685e230>,75,1,[4 8],76,178,179,102,158
1,<environment.Job instance at 0x7f100b052230>,7,18,[3 8],8,179,197,171,168
1,<environment.Job instance at 0x7f1003d42e60>,79,2,[9 5],80,197,199,117,171
1,<environment.Job instance at 0x7f1003d42a50>,80,3,[8 2],81,199,202,118,173
1,<environment.Job instance at 0x7f1003d420f0>,85,13,[7 2],86,202,215,116,187
1,<environment.Job instance at 0x7f1006331f00>,17,18,[2 8],18,199,217,181,189
1,<environment.Job instance at 0x7f0fbff9d230>,1,18,[1 7],2,3,21,1,3
1,<environment.Job instance at 0x7f1003d42500>,3,1,[6 2],4,4,5,0,4
1,<environment.Job instance at 0x7f1004062d20>,4,2,[1 8],5,21,23,16,5
1,<environment.Job instance at 0x7f1004062370>,8,2,[2 7],9,23,25,14,11
1,<environment.Job instance at 0x7f0fc05fbeb0>,11,1,[4 6],12,25,26,13,12
1,<environment.Job instance at 0x7f0fc01f0d70>,15,2,[10  4],16,26,28,10,16
1,<environment.Job instance at 0x7f0fc0618140>,0,12,[5 7],1,28,40,27,21
1,<environment.Job instance at 0x7f1003ce83c0>,21,1,[ 5 10],22,40,41,18,22
1,<environment.Job instance at 0x7f1003ce87d0>,20,12,[9 3],21,41,53,20,25
1,<environment.Job instance at 0x7f10063e4cd0>,26,13,[7 3],27,53,66,26,38
1,<environment.Job instance at 0x7f10063e4550>,33,2,[1 5],34,47,49,13,47
1,<environment.Job instance at 0x7f10063e4640>,30,18,[1 7],31,51,69,20,51
1,<environment.Job instance at 0x7f10067d9a50>,39,1,[9 5],40,69,70,29,61
1,<environment.Job instance at 0x7f10067d9be0>,40,16,[8 3],41,70,86,29,61
1,<environment.Job instance at 0x7f0fc014e280>,43,13,[ 4 10],44,86,99,42,76
1,<environment.Job instance at 0x7f0fc014e0a0>,47,13,[5 6],48,99,112,51,83
1,<environment.Job instance at 0x7f0fc014ec30>,51,14,[4 6],52,112,126,60,100
1,<environment.Job instance at 0x7f0fc04cc190>,57,16,[6 3],58,112,128,54,108
1,<environment.Job instance at 0x7f0fc04ccf50>,61,14,[8 5],62,128,142,66,116
1,<environment.Job instance at 0x7f1006547cd0>,72,2,[1 7],73,161,163,88,161
1,<environment.Job instance at 0x7f1006547aa0>,73,13,[1 7],74,163,176,89,161
1,<environment.Job instance at 0x7f1006547d70>,74,18,[1 9],75,176,194,101,168
1,<environment.Job instance at 0x7f0fc0390d70>,83,13,[2 7],84,194,207,110,185
1,<environment.Job instance at 0x7f0fbffc0dc0>,5,15,[5 5],6,53,68,47,53
1,<environment.Job instance at 0x7f1003da5820>,18,18,[2 5],19,82,100,63,82
1,<environment.Job instance at 0x7f1003da5a00>,12,16,[7 5],13,86,102,73,86
1,<environment.Job instance at 0x7f1003da52d0>,10,12,[7 4],11,102,114,91,86
1,<environment.Job instance at 0x7f1003d73500>,28,17,[7 4],29,114,131,85,102
1,<environment.Job instance at 0x7f0fc05e8cd0>,37,12,[7 2],38,131,143,93,117
1,<environment.Job instance at 0x7f1003acd230>,31,14,[ 2 10],32,143,157,111,131
1,<environment.Job instance at 0x7f0fc05e6820>,49,12,[2 9],50,157,169,107,141
1,<environment.Job instance at 0x7f1003d8c910>,21,18,[ 5 10],22,169,187,147,162
1,<environment.Job instance at 0x7f0fc030d690>,67,17,[5 5],68,187,204,119,187
1,<environment.Job instance at 0x7f1003dbdaf0>,2,13,[8 4],3,5,18,2,5
1,<environment.Job instance at 0x7f100b2c5960>,1,17,[5 5],2,18,35,16,8
1,<environment.Job instance at 0x7f0fc030d690>,7,12,[5 5],8,18,30,10,18
1,<environment.Job instance at 0x7f1003c76fa0>,18,14,[8 5],19,35,49,16,23
1,<environment.Job instance at 0x7f0fc06813c0>,9,14,[8 1],10,49,63,39,34
1,<environment.Job instance at 0x7f0fc01763c0>,24,17,[2 6],25,49,66,24,37
1,<environment.Job instance at 0x7f0fbff25fa0>,21,12,[5 6],22,66,78,44,54
1,<environment.Job instance at 0x7f100b2b7b90>,27,16,[ 2 10],28,78,94,50,68
1,<environment.Job instance at 0x7f1006775410>,31,12,[10  5],32,94,106,62,84
1,<environment.Job instance at 0x7f0fc0476c80>,30,15,[ 3 10],31,106,121,75,93
1,<environment.Job instance at 0x7f0fc0556eb0>,39,12,[8 3],40,121,133,81,104
1,<environment.Job instance at 0x7f0fc0556190>,45,2,[8 5],46,133,135,87,131
1,<environment.Job instance at 0x7f0fc05560f0>,46,1,[5 3],47,135,136,88,131
1,<environment.Job instance at 0x7f0fc05562d0>,47,16,[5 7],48,135,151,87,131
1,<environment.Job instance at 0x7f0fc05561e0>,48,1,[ 2 10],49,151,152,102,131
1,<environment.Job instance at 0x7f0fc0556c30>,50,16,[9 3],51,152,168,101,146
1,<environment.Job instance at 0x7f0fc06814b0>,8,16,[5 9],9,168,184,159,156
1,<environment.Job instance at 0x7f1003b847d0>,61,17,[4 6],62,184,201,122,178
1,<environment.Job instance at 0x7f0fc03ee6e0>,57,16,[5 9],58,201,217,143,188
1,<environment.Job instance at 0x7f10064c38c0>,1,3,[8 3],2,2,5,0,2
1,<environment.Job instance at 0x7f1003be4d20>,2,14,[2 7],3,4,18,1,4
1,<environment.Job instance at 0x7f1003be48c0>,4,13,[1 5],5,18,31,13,6
1,<environment.Job instance at 0x7f10064c3f50>,0,13,[6 4],1,29,42,28,29
1,<environment.Job instance at 0x7f0fbfd4dcd0>,18,15,[5 7],19,54,69,35,54
1,<environment.Job instance at 0x7f0fbfd4da50>,16,16,[10  2],17,69,85,52,58
1,<environment.Job instance at 0x7f0fbfe3d370>,25,18,[8 2],26,85,103,59,74
1,<environment.Job instance at 0x7f0fbfe3d910>,28,15,[7 5],29,103,118,74,89
1,<environment.Job instance at 0x7f10064c3eb0>,3,17,[10  2],4,118,135,114,106
1,<environment.Job instance at 0x7f0fbfe3df00>,38,12,[5 3],39,135,147,96,122
1,<environment.Job instance at 0x7f0fbfe3d960>,42,16,[2 9],43,147,163,104,135
1,<environment.Job instance at 0x7f0fbfe3d870>,45,15,[4 8],46,163,178,117,149
1,<environment.Job instance at 0x7f0fbfe30d70>,53,1,[6 3],54,178,179,124,162
1,<environment.Job instance at 0x7f0fbfe305a0>,54,13,[5 6],55,179,192,124,163
1,<environment.Job instance at 0x7f0fbfe30690>,57,12,[5 6],58,192,204,134,177
1,<environment.Job instance at 0x7f1003c2f7d0>,0,18,[6 2],1,2,20,1,2
1,<environment.Job instance at 0x7f10067a4230>,1,3,[5 4],2,20,23,18,2
1,<environment.Job instance at 0x7f0fc0640f00>,6,13,[9 2],7,23,36,16,10
1,<environment.Job instance at 0x7f0fc060d3c0>,13,16,[1 7],14,23,39,9,14
1,<environment.Job instance at 0x7f0fc0640820>,10,13,[9 1],11,36,49,25,23
1,<environment.Job instance at 0x7f0fc0625640>,22,15,[4 5],23,49,64,26,35
1,<environment.Job instance at 0x7f0fc06408c0>,8,14,[4 8],9,64,78,55,51
1,<environment.Job instance at 0x7f1006466780>,31,16,[1 8],32,78,94,46,70
1,<environment.Job instance at 0x7f0fc00fc230>,34,3,[5 3],35,94,97,59,80
1,<environment.Job instance at 0x7f0fc0545730>,36,13,[ 1 10],37,97,110,60,86
1,<environment.Job instance at 0x7f1006440fa0>,40,14,[10  2],41,110,124,69,98
1,<environment.Job instance at 0x7f0fbfd40aa0>,1,1,[10  3],2,2,3,0,2
1,<environment.Job instance at 0x7f0fc0547af0>,2,2,[3 8],3,3,5,0,3
1,<environment.Job instance at 0x7f0fbfe28b40>,3,1,[5 2],4,4,5,0,4
1,<environment.Job instance at 0x7f1003d274b0>,8,13,[1 5],9,9,22,0,9
1,<environment.Job instance at 0x7f1003d27c80>,9,16,[3 8],10,22,38,12,10
1,<environment.Job instance at 0x7f1003d27eb0>,10,15,[7 3],11,38,53,27,25
1,<environment.Job instance at 0x7f0fc0518b90>,18,13,[9 1],19,53,66,34,37
1,<environment.Job instance at 0x7f0fbff03b90>,0,14,[ 1 10],1,66,80,65,51
1,<environment.Job instance at 0x7f0fc0335dc0>,24,17,[5 4],25,80,97,55,68
1,<environment.Job instance at 0x7f0fc00e3960>,27,14,[10  5],28,97,111,69,83
1,<environment.Job instance at 0x7f1003f34f50>,30,13,[1 7],31,111,124,80,96
1,<environment.Job instance at 0x7f1004033b40>,35,16,[7 2],36,111,127,75,110
1,<environment.Job instance at 0x7f1004033780>,38,14,[ 5 10],39,127,141,88,118
1,<environment.Job instance at 0x7f0fc02cc050>,32,16,[5 8],33,141,157,108,133
1,<environment.Job instance at 0x7f1006629fa0>,44,13,[ 2 10],45,157,170,112,142
1,<environment.Job instance at 0x7f10066290f0>,47,18,[9 5],48,170,188,122,160
1,<environment.Job instance at 0x7f1003b57140>,1,15,[9 1],2,2,17,0,2
1,<environment.Job instance at 0x7f1006629870>,2,14,[ 1 10],3,17,31,14,4
1,<environment.Job instance at 0x7f1003aab050>,8,15,[2 9],9,31,46,22,20
1,<environment.Job instance at 0x7f1003aab140>,13,12,[5 7],14,46,58,32,29
1,<environment.Job instance at 0x7f1003aabd70>,11,18,[8 3],12,58,76,46,47
1,<environment.Job instance at 0x7f1003cc9820>,22,16,[6 1],23,76,92,53,65
1,<environment.Job instance at 0x7f1003cc9eb0>,27,13,[4 5],28,76,89,48,74
1,<environment.Job instance at 0x7f1003cc9960>,28,16,[6 3],29,92,108,63,79
1,<environment.Job instance at 0x7f1003cc9640>,29,18,[4 9],30,108,126,78,99
1,<environment.Job instance at 0x7f0fbfe64eb0>,33,14,[5 1],34,108,122,74,99
1,<environment.Job instance at 0x7f0fbfe640a0>,39,12,[6 3],40,126,138,86,109
1,<environment.Job instance at 0x7f0fbfe64320>,42,18,[4 6],43,137,155,94,137
1,<environment.Job instance at 0x7f0fc006e780>,2,3,[5 9],3,3,6,0,3
1,<environment.Job instance at 0x7f1004192b90>,3,3,[5 4],4,6,9,2,4
1,<environment.Job instance at 0x7f100627d9b0>,8,14,[6 2],9,26,40,17,26
1,<environment.Job instance at 0x7f1003d93690>,15,16,[8 3],16,52,68,36,52
1,<environment.Job instance at 0x7f10062b90a0>,13,13,[7 3],14,68,81,54,52
1,<environment.Job instance at 0x7f0fc0686c30>,18,16,[2 8],19,81,97,62,71
1,<environment.Job instance at 0x7f1003fd62d0>,26,2,[8 5],27,97,99,70,74
1,<environment.Job instance at 0x7f1003cca500>,28,3,[ 3 10],29,99,102,70,75
1,<environment.Job instance at 0x7f1003cca4b0>,30,12,[2 8],31,102,114,71,85
1,<environment.Job instance at 0x7f1003cca370>,31,18,[8 2],32,102,120,70,92
1,<environment.Job instance at 0x7f1006688d70>,35,16,[ 5 10],36,120,136,84,107
1,<environment.Job instance at 0x7f0fc0686730>,21,17,[4 8],22,136,153,114,124
1,<environment.Job instance at 0x7f1003ff4cd0>,46,13,[ 2 10],47,153,166,106,137
