iteration,job object,job ID,job Length,job ressource requirement,job enter time,job start time,job finish time,job waiting time,current time
1,<environment.Job instance at 0x152ba3a502d0>,7,3,[5 1],10,16,19,6,16
1,<environment.Job instance at 0x152ba196f1e0>,9,2,[5 1],14,14,16,0,14
1,<environment.Job instance at 0x152ba196faa0>,8,16,[9 1],13,16,32,3,16
1,<environment.Job instance at 0x152ba19706e0>,3,2,[8 2],5,6,8,1,6
1,<environment.Job instance at 0x152ba0670140>,6,1,[ 1 10],9,12,13,3,12
1,<environment.Job instance at 0x152ba06707d0>,10,2,[2 5],13,13,15,0,13
1,<environment.Job instance at 0x152ba0670410>,9,1,[2 9],12,13,14,1,13
1,<environment.Job instance at 0x152ba06753c0>,5,1,[7 2],12,12,13,0,12
1,<environment.Job instance at 0x152ba06b0a00>,2,1,[1 8],8,15,16,7,15
1,<environment.Job instance at 0x152ba4168e60>,1,2,[2 5],4,7,9,3,7
1,<environment.Job instance at 0x152ba4168500>,5,3,[9 1],8,13,16,5,13
1,<environment.Job instance at 0x152ba4168690>,2,18,[ 1 10],5,18,36,13,18
1,<environment.Job instance at 0x152b9ec6e2d0>,1,1,[6 1],4,8,9,4,8
1,<environment.Job instance at 0x152ba1ef6d20>,4,2,[1 9],8,8,10,0,8
1,<environment.Job instance at 0x152ba12e17d0>,6,1,[ 1 10],9,9,10,0,9
1,<environment.Job instance at 0x152ba2b34e60>,2,1,[1 8],8,14,15,6,14
1,<environment.Job instance at 0x152b9da7deb0>,8,2,[2 8],11,11,13,0,11
1,<environment.Job instance at 0x152b9da81050>,1,1,[ 1 10],7,9,10,2,9
1,<environment.Job instance at 0x152ba2deaaa0>,1,2,[2 5],4,7,9,3,7
1,<environment.Job instance at 0x152b9ed79f00>,10,3,[2 6],14,32,35,18,32
1,<environment.Job instance at 0x152ba47c8f50>,1,1,[6 1],4,5,6,1,5
1,<environment.Job instance at 0x152b9dd260f0>,2,2,[2 7],4,4,6,0,4
1,<environment.Job instance at 0x152b9f6eb780>,10,2,[2 5],13,15,17,2,15
1,<environment.Job instance at 0x152ba3c597d0>,2,1,[1 8],8,8,9,0,8
1,<environment.Job instance at 0x152ba4f7ef00>,5,1,[7 2],12,17,18,5,17
1,<environment.Job instance at 0x152ba5662690>,4,1,[8 1],10,41,42,31,41
1,<environment.Job instance at 0x152ba0e257d0>,3,2,[1 7],6,9,11,3,9
1,<environment.Job instance at 0x152ba0e25aa0>,5,3,[9 1],8,11,14,3,11
1,<environment.Job instance at 0x152ba0ac49b0>,9,22,[8 2],13,18,40,5,18
1,<environment.Job instance at 0x152ba492d320>,1,1,[6 1],4,4,5,0,4
1,<environment.Job instance at 0x152ba5d91eb0>,2,2,[2 7],4,4,6,0,4
1,<environment.Job instance at 0x152ba36a8190>,3,2,[8 2],5,6,8,1,6
1,<environment.Job instance at 0x152ba36cef50>,8,2,[2 8],11,12,14,1,12
1,<environment.Job instance at 0x152ba36ce3c0>,5,1,[8 1],8,14,15,6,14
1,<environment.Job instance at 0x152ba5c84640>,2,1,[1 8],8,9,10,1,9
1,<environment.Job instance at 0x152ba5c84190>,1,1,[ 1 10],7,10,11,3,10
1,<environment.Job instance at 0x152ba5c84d70>,3,16,[10  1],9,10,26,1,10
1,<environment.Job instance at 0x152ba5624870>,1,2,[2 5],4,6,8,2,6
1,<environment.Job instance at 0x152ba5624f50>,5,3,[9 1],8,48,51,40,48
1,<environment.Job instance at 0x152b9e891b40>,8,21,[7 1],12,12,33,0,12
1,<environment.Job instance at 0x152b9e891230>,9,22,[8 2],13,241,263,228,241
1,<environment.Job instance at 0x152ba3394190>,6,3,[1 8],11,12,15,1,12
1,<environment.Job instance at 0x152b9eeddfa0>,0,3,[10  2],2,4,7,2,4
1,<environment.Job instance at 0x152ba4caaaf0>,2,2,[2 7],4,4,6,0,4
1,<environment.Job instance at 0x152ba4caa320>,3,2,[8 2],5,8,10,3,8
1,<environment.Job instance at 0x152b9e02e460>,7,3,[1 6],10,11,14,1,11
1,<environment.Job instance at 0x152ba302f4b0>,3,2,[1 7],6,6,8,0,6
1,<environment.Job instance at 0x152b9ea36f00>,5,3,[9 1],8,9,12,1,9
1,<environment.Job instance at 0x152b9f804410>,9,22,[8 2],13,607,629,594,607
1,<environment.Job instance at 0x152ba274b5f0>,2,2,[2 7],4,4,6,0,4
1,<environment.Job instance at 0x152ba53f1960>,3,2,[8 2],5,5,7,0,5
1,<environment.Job instance at 0x152ba5b8c5a0>,8,21,[7 1],12,12,33,0,12
1,<environment.Job instance at 0x152ba0440b40>,2,2,[2 7],4,5,7,1,5
1,<environment.Job instance at 0x152ba0440730>,3,2,[8 2],5,6,8,1,6
1,<environment.Job instance at 0x152b9f4cfc30>,8,2,[2 8],11,11,13,0,11
1,<environment.Job instance at 0x152ba058a8c0>,9,1,[2 9],12,13,14,1,12
1,<environment.Job instance at 0x152b9fcf2a00>,2,1,[1 7],3,3,4,0,3
1,<environment.Job instance at 0x152ba473db90>,7,3,[8 1],11,12,15,1,12
1,<environment.Job instance at 0x152ba473df00>,9,22,[8 2],13,15,37,2,14
1,<environment.Job instance at 0x152ba0649370>,1,13,[1 5],2,47,60,45,47
1,<environment.Job instance at 0x152b9e259730>,2,2,[2 7],4,4,6,0,4
1,<environment.Job instance at 0x152b9f808320>,3,2,[8 2],5,5,7,0,5
1,<environment.Job instance at 0x152ba417a5a0>,6,1,[ 1 10],9,10,11,1,10
1,<environment.Job instance at 0x152b9f6c3460>,9,1,[2 9],12,12,13,0,12
1,<environment.Job instance at 0x152ba1db73c0>,1,1,[ 1 10],7,9,10,2,9
1,<environment.Job instance at 0x152ba5e0a140>,4,1,[8 1],10,10,11,0,10
1,<environment.Job instance at 0x152ba5e0a410>,5,1,[7 2],12,16,17,4,16
1,<environment.Job instance at 0x152ba11c40f0>,1,2,[2 5],4,4,6,0,4
1,<environment.Job instance at 0x152ba7cde320>,1,13,[1 5],2,219,232,217,219
1,<environment.Job instance at 0x152ba284dc30>,1,1,[6 1],4,13,14,9,13
1,<environment.Job instance at 0x152ba27ebf50>,0,3,[10  2],2,4,7,2,4
1,<environment.Job instance at 0x152ba27eb730>,2,2,[2 7],4,4,6,0,4
1,<environment.Job instance at 0x152ba27eb690>,3,2,[8 2],5,8,10,3,8
1,<environment.Job instance at 0x152ba1f4de60>,9,1,[2 9],12,20,21,8,20
1,<environment.Job instance at 0x152b9e717f50>,2,1,[1 8],8,10,11,2,10
1,<environment.Job instance at 0x152b9ec68640>,2,1,[1 7],3,3,4,0,3
1,<environment.Job instance at 0x152ba3a20af0>,3,14,[6 2],5,14,28,9,14
1,<environment.Job instance at 0x152babc9d0a0>,0,20,[ 1 10],2,10,30,8,10
1,<environment.Job instance at 0x152b9fa1c6e0>,3,2,[8 2],5,5,7,0,5
1,<environment.Job instance at 0x152baabb41e0>,6,1,[ 1 10],9,9,10,0,9
1,<environment.Job instance at 0x152b9e95abe0>,10,2,[2 5],13,13,15,0,13
1,<environment.Job instance at 0x152b9e95a5f0>,9,1,[2 9],12,13,14,1,13
1,<environment.Job instance at 0x152ba7cda500>,11,1,[1 7],14,14,15,0,14
1,<environment.Job instance at 0x152ba22f5b90>,1,1,[ 1 10],7,7,8,0,7
1,<environment.Job instance at 0x152ba08eb730>,4,1,[8 1],10,10,11,0,10
1,<environment.Job instance at 0x152b9f4da5a0>,3,2,[1 7],6,6,8,0,6
1,<environment.Job instance at 0x152ba27dda50>,9,22,[8 2],13,123,145,110,123
1,<environment.Job instance at 0x152ba2592730>,4,2,[1 9],8,8,10,0,8
1,<environment.Job instance at 0x152ba5b0edc0>,1,3,[1 6],3,3,6,0,3
1,<environment.Job instance at 0x152ba75eb140>,8,2,[2 8],11,11,13,0,11
1,<environment.Job instance at 0x152ba7a4c5f0>,2,1,[1 8],8,8,9,0,8
1,<environment.Job instance at 0x152ba46c5690>,6,2,[10  1],14,16,18,2,16
1,<environment.Job instance at 0x152ba3554e10>,3,2,[1 7],6,6,8,0,6
1,<environment.Job instance at 0x152ba327d140>,4,2,[6 1],7,7,9,0,7
1,<environment.Job instance at 0x152ba31e5d70>,9,2,[ 2 10],12,12,14,0,12
1,<environment.Job instance at 0x152ba223dd20>,8,21,[7 1],12,12,33,0,12
1,<environment.Job instance at 0x152ba223d7d0>,9,22,[8 2],13,18,40,5,18
1,<environment.Job instance at 0x152ba9801410>,0,20,[ 1 10],2,6,26,4,6
1,<environment.Job instance at 0x152ba9831410>,2,2,[2 7],4,4,6,0,4
1,<environment.Job instance at 0x152ba98310f0>,1,3,[1 6],3,4,7,1,4
1,<environment.Job instance at 0x152ba98eac30>,0,3,[10  2],2,7,10,5,7
1,<environment.Job instance at 0x152baac3efa0>,7,3,[1 6],10,10,13,0,10
1,<environment.Job instance at 0x152baac3ef00>,10,2,[2 5],13,13,15,0,13
1,<environment.Job instance at 0x152baac3e3c0>,11,1,[1 7],14,14,15,0,14
1,<environment.Job instance at 0x152ba98b87d0>,2,1,[1 8],8,9,10,1,9
1,<environment.Job instance at 0x152b9ec6e460>,1,1,[ 1 10],7,11,12,4,11
1,<environment.Job instance at 0x152ba0a174b0>,4,1,[8 1],10,12,13,2,12
1,<environment.Job instance at 0x152ba599d8c0>,6,2,[10  1],14,15,17,1,15
1,<environment.Job instance at 0x152ba4dc2410>,10,3,[7 2],14,48,51,34,48
1,<environment.Job instance at 0x152ba4fc0500>,1,13,[1 5],2,13,26,11,13
1,<environment.Job instance at 0x152ba0cbf7d0>,8,21,[7 1],12,174,195,162,174
1,<environment.Job instance at 0x152baa5e1960>,0,20,[ 1 10],2,11,31,9,11
1,<environment.Job instance at 0x152ba0531e60>,2,2,[2 7],4,4,6,0,4
1,<environment.Job instance at 0x152ba0cbbaf0>,3,2,[8 2],5,5,7,0,5
1,<environment.Job instance at 0x152ba5c9e730>,1,1,[ 1 10],7,8,9,1,8
1,<environment.Job instance at 0x152ba514f410>,10,3,[2 6],14,14,17,0,14
1,<environment.Job instance at 0x152b9f877dc0>,4,17,[1 7],7,23,40,16,23
1,<environment.Job instance at 0x152ba3c4edc0>,2,2,[2 7],4,4,6,0,4
1,<environment.Job instance at 0x152ba0a3f500>,3,2,[8 2],5,5,7,0,5
1,<environment.Job instance at 0x152ba3c4eaa0>,11,1,[1 7],14,14,15,0,14
1,<environment.Job instance at 0x152ba2b4a4b0>,9,22,[8 2],13,13,35,0,13
1,<environment.Job instance at 0x152ba4e66c30>,0,3,[10  2],2,7,10,5,7
1,<environment.Job instance at 0x152baa5fbc80>,8,2,[2 8],11,11,13,0,11
1,<environment.Job instance at 0x152baa5fb5a0>,9,1,[2 9],12,13,14,1,13
1,<environment.Job instance at 0x152baa5fb2d0>,11,1,[1 7],14,17,18,3,17
1,<environment.Job instance at 0x151ff0393aa0>,9,2,[ 2 10],12,12,14,0,12
1,<environment.Job instance at 0x151ff0055f00>,12,3,[6 2],16,17,20,1,17
1,<environment.Job instance at 0x151ff0055b40>,14,1,[1 7],18,18,19,0,18
1,<environment.Job instance at 0x151ff0055640>,11,28,[1 9],15,20,48,5,20
1,<environment.Job instance at 0x151ff00552d0>,17,3,[6 1],23,23,26,0,23
1,<environment.Job instance at 0x151ff0055910>,19,3,[8 1],26,26,29,0,26
1,<environment.Job instance at 0x151ff008b910>,20,21,[7 1],27,29,50,2,28
1,<environment.Job instance at 0x151fef983690>,32,16,[9 1],43,50,66,7,49
1,<environment.Job instance at 0x151ff006e050>,37,2,[2 7],49,53,55,4,53
1,<environment.Job instance at 0x151ff0092910>,21,22,[8 2],28,66,88,38,66
1,<environment.Job instance at 0x151ff3532d20>,6,2,[2 5],8,8,10,0,8
1,<environment.Job instance at 0x151ff9a1c730>,12,16,[10  1],19,20,36,1,20
1,<environment.Job instance at 0x151ff8f27280>,23,2,[1 5],39,41,43,2,41
1,<environment.Job instance at 0x151ff9b08820>,26,2,[2 7],43,43,45,0,43
1,<environment.Job instance at 0x151ff9b08af0>,27,2,[9 2],44,45,47,1,45
1,<environment.Job instance at 0x151ff9a185f0>,29,1,[1 5],48,48,49,0,48
1,<environment.Job instance at 0x151ff8f64dc0>,20,2,[12  2],35,224,226,189,224
1,<environment.Job instance at 0x151ff8f27050>,25,18,[1 7],41,307,325,266,307
1,<environment.Job instance at 0x151ff91ad960>,2,2,[1 6],3,3,5,0,3
1,<environment.Job instance at 0x151ff27c87d0>,5,2,[1 5],8,8,10,0,8
1,<environment.Job instance at 0x151ff91adaf0>,0,1,[10  2],1,8,9,7,8
1,<environment.Job instance at 0x151ff247daf0>,0,2,[6 1],2,3,5,1,3
1,<environment.Job instance at 0x151ff247da00>,2,1,[1 8],4,7,8,3,7
1,<environment.Job instance at 0x151fef5d48c0>,8,3,[1 7],12,12,15,0,12
1,<environment.Job instance at 0x151fef94ce10>,9,2,[2 8],13,13,15,0,13
1,<environment.Job instance at 0x151fef5d47d0>,4,13,[12  2],8,34,47,26,34
1,<environment.Job instance at 0x151fef2f6910>,20,1,[5 2],31,47,48,16,34
1,<environment.Job instance at 0x151fef53bcd0>,21,1,[1 6],32,34,35,2,34
1,<environment.Job instance at 0x15203c2165f0>,18,12,[10  2],29,47,59,18,36
1,<environment.Job instance at 0x151ff8ee4cd0>,27,2,[5 1],39,48,50,9,39
1,<environment.Job instance at 0x151ff32244b0>,31,27,[5 2],43,50,77,7,48
1,<environment.Job instance at 0x151ff35a27d0>,22,14,[12  1],33,1692,1706,1659,1692
1,<environment.Job instance at 0x151fef7ffd20>,6,26,[2 5],18,18,44,0,18
1,<environment.Job instance at 0x151fef7ff910>,11,1,[8 2],24,39,40,15,39
1,<environment.Job instance at 0x151fef7ff3c0>,13,26,[2 9],26,40,66,14,39
1,<environment.Job instance at 0x151ff9b48dc0>,19,22,[2 7],35,66,88,31,62
1,<environment.Job instance at 0x151ff9b48af0>,16,3,[1 6],32,89,92,57,89
1,<environment.Job instance at 0x151ff3221b90>,2,3,[11  1],3,103,106,100,103
1,<environment.Job instance at 0x151ff2438d70>,1,2,[1 5],2,2,4,0,2
1,<environment.Job instance at 0x151fef202500>,18,2,[1 5],29,29,31,0,29
1,<environment.Job instance at 0x151fef659a50>,29,2,[12  1],42,44,46,2,44
1,<environment.Job instance at 0x151ff2693d70>,0,1,[8 1],1,2,3,1,2
1,<environment.Job instance at 0x151fef84ce60>,13,15,[6 1],19,34,49,15,34
1,<environment.Job instance at 0x151ff005cb90>,26,2,[6 2],37,37,39,0,37
1,<environment.Job instance at 0x151ff2479730>,31,3,[13  2],42,49,52,7,45
1,<environment.Job instance at 0x151ff2479be0>,32,2,[8 1],43,45,47,2,45
1,<environment.Job instance at 0x151ff24793c0>,34,14,[6 1],45,52,66,7,52
1,<environment.Job instance at 0x151fef847dc0>,0,25,[2 6],1,1,26,0,1
1,<environment.Job instance at 0x151fef2fa550>,16,2,[10  1],28,28,30,0,28
1,<environment.Job instance at 0x151fef17c5a0>,17,1,[12  2],30,37,38,7,37
1,<environment.Job instance at 0x151ff8e600f0>,27,1,[8 1],43,43,44,0,43
1,<environment.Job instance at 0x151fef1b80a0>,28,22,[1 7],44,48,70,4,48
1,<environment.Job instance at 0x151fef1de410>,13,1,[ 1 13],25,70,71,45,53
1,<environment.Job instance at 0x151fef25ba00>,20,3,[5 1],34,62,65,28,62
1,<environment.Job instance at 0x151fef25be60>,2,1,[1 8],4,7,8,3,7
1,<environment.Job instance at 0x151ff0c080a0>,20,2,[8 2],29,30,32,1,30
1,<environment.Job instance at 0x151ff37b4b90>,8,1,[5 2],12,30,31,18,30
1,<environment.Job instance at 0x151ffb4ead20>,24,1,[13  1],33,41,42,8,41
1,<environment.Job instance at 0x151fef80d5f0>,25,22,[7 2],35,42,64,7,41
1,<environment.Job instance at 0x151feedfcaa0>,2,2,[2 7],3,3,5,0,3
1,<environment.Job instance at 0x151ffbd67960>,3,3,[1 8],4,5,8,1,5
1,<environment.Job instance at 0x151ff9bc57d0>,1,2,[5 2],2,5,7,3,5
1,<environment.Job instance at 0x151fef77f6e0>,6,1,[9 2],8,8,9,0,8
1,<environment.Job instance at 0x151ff37e2f00>,7,2,[ 1 10],9,9,11,0,9
1,<environment.Job instance at 0x151ff9a9ed20>,8,3,[2 7],10,11,14,1,10
1,<environment.Job instance at 0x151ff9a9eaf0>,9,26,[10  1],11,11,37,0,11
1,<environment.Job instance at 0x151ff9a9e690>,12,3,[6 2],15,37,40,22,29
1,<environment.Job instance at 0x151ff9a9e730>,13,2,[1 6],17,33,35,16,33
1,<environment.Job instance at 0x151ff9a9e410>,10,3,[ 2 12],12,42,45,30,42
1,<environment.Job instance at 0x151ff31fe190>,14,1,[12  1],18,42,43,24,42
1,<environment.Job instance at 0x151ff31fe9b0>,16,1,[7 1],23,43,44,20,42
1,<environment.Job instance at 0x151ff30875f0>,18,1,[5 2],25,43,44,18,42
1,<environment.Job instance at 0x151ff30877d0>,21,14,[10  2],28,54,68,26,54
1,<environment.Job instance at 0x151ff3087d20>,19,14,[10  2],26,77,91,51,77
1,<environment.Job instance at 0x151feeeaa550>,4,2,[5 2],8,8,10,0,8
1,<environment.Job instance at 0x151feeeaa640>,6,1,[10  1],10,10,11,0,10
1,<environment.Job instance at 0x151feeeaac30>,9,2,[2 9],14,14,16,0,14
1,<environment.Job instance at 0x151ff8f5adc0>,16,1,[2 8],27,27,28,0,27
1,<environment.Job instance at 0x151ff9aefc30>,26,2,[1 6],42,42,44,0,42
1,<environment.Job instance at 0x151ff8dea2d0>,0,1,[10  2],1,4,5,3,4
1,<environment.Job instance at 0x151ff8dea550>,3,1,[8 1],6,6,7,0,6
1,<environment.Job instance at 0x151feef6bb40>,18,16,[ 2 10],33,56,72,23,56
1,<environment.Job instance at 0x151feef5fd20>,2,2,[8 1],3,3,5,0,3
1,<environment.Job instance at 0x151feef5f6e0>,3,1,[5 2],5,6,7,1,6
1,<environment.Job instance at 0x151ff2327c30>,1,1,[1 5],2,7,8,5,7
1,<environment.Job instance at 0x151ff23276e0>,5,2,[1 9],9,9,11,0,9
1,<environment.Job instance at 0x151feef5f7d0>,0,2,[8 2],1,11,13,10,11
1,<environment.Job instance at 0x151fef852f50>,26,1,[6 1],40,40,41,0,40
1,<environment.Job instance at 0x151ff0128280>,28,16,[1 8],43,49,65,6,49
1,<environment.Job instance at 0x151ff8f81820>,33,15,[1 5],49,49,64,0,49
1,<environment.Job instance at 0x151fef8a44b0>,32,14,[1 9],48,65,79,17,64
1,<environment.Job instance at 0x151feebde870>,2,1,[6 2],4,4,5,0,4
1,<environment.Job instance at 0x151ff2402a50>,6,1,[2 9],10,10,11,0,10
1,<environment.Job instance at 0x151ff2402320>,7,1,[2 9],11,11,12,0,11
1,<environment.Job instance at 0x151fef6ae9b0>,25,24,[1 8],40,55,79,15,55
1,<environment.Job instance at 0x151fef6aebe0>,31,3,[ 1 14],47,2160,2163,2113,2160
1,<environment.Job instance at 0x151feeb6d6e0>,3,3,[8 1],6,6,9,0,6
1,<environment.Job instance at 0x151feeb6d370>,2,1,[11  1],4,9,10,5,6
1,<environment.Job instance at 0x151feefbf4b0>,16,1,[7 2],24,24,25,0,24
1,<environment.Job instance at 0x151ff2ffa0f0>,8,2,[10  1],9,13,15,4,13
1,<environment.Job instance at 0x151ff2520c80>,6,2,[11  2],7,15,17,8,14
1,<environment.Job instance at 0x151ff2401640>,21,2,[2 6],24,79,81,55,79
1,<environment.Job instance at 0x151feef2d3c0>,10,2,[10  2],17,19,21,2,19
1,<environment.Job instance at 0x151feef2d0a0>,11,2,[ 2 14],18,21,23,3,19
1,<environment.Job instance at 0x151feef2d280>,12,2,[10  1],20,22,24,2,22
1,<environment.Job instance at 0x151feef2d730>,13,1,[ 2 10],22,23,24,1,22
1,<environment.Job instance at 0x151fef1cc960>,14,1,[10  2],24,24,25,0,24
1,<environment.Job instance at 0x151ff0be4e60>,5,13,[ 2 12],10,25,38,15,25
1,<environment.Job instance at 0x151fef42e0a0>,20,12,[9 2],30,34,46,4,34
1,<environment.Job instance at 0x151ffbd5c820>,22,16,[7 1],33,46,62,13,36
1,<environment.Job instance at 0x151fef1cce10>,15,16,[7 1],25,71,87,46,71
1,<environment.Job instance at 0x151fef4ff460>,8,3,[ 2 13],14,17,20,3,17
1,<environment.Job instance at 0x151fef4ff5a0>,10,2,[7 1],19,19,21,0,19
1,<environment.Job instance at 0x151ff2479a50>,12,1,[6 1],23,27,28,4,27
1,<environment.Job instance at 0x151fef4ffaa0>,13,1,[7 2],24,28,29,4,28
1,<environment.Job instance at 0x151fef2eaf50>,14,2,[ 1 10],25,29,31,4,29
1,<environment.Job instance at 0x151ff31f9f50>,16,1,[2 6],27,46,47,19,46
1,<environment.Job instance at 0x151ff9b68230>,17,3,[1 7],28,46,49,18,46
1,<environment.Job instance at 0x151ff484adc0>,18,1,[8 2],30,46,47,16,46
1,<environment.Job instance at 0x151ff8ea8500>,19,2,[2 8],32,47,49,15,47
1,<environment.Job instance at 0x151ff22c4910>,20,1,[5 2],35,49,50,14,47
1,<environment.Job instance at 0x151ff0c16500>,11,17,[8 1],22,49,66,27,47
1,<environment.Job instance at 0x151fef4ff4b0>,22,2,[10  2],41,66,68,25,49
1,<environment.Job instance at 0x151fef739640>,24,1,[9 1],44,68,69,24,49
1,<environment.Job instance at 0x151fef739a00>,25,3,[2 7],45,49,52,4,49
1,<environment.Job instance at 0x151fef739230>,26,2,[ 2 10],46,52,54,6,49
1,<environment.Job instance at 0x151fef4ffeb0>,6,1,[14  2],12,265,266,253,265
1,<environment.Job instance at 0x151ff31e4c30>,18,23,[6 1],23,27,50,4,27
1,<environment.Job instance at 0x151ff231faa0>,23,3,[11  1],28,101,104,73,101
1,<environment.Job instance at 0x151ff31e4aa0>,15,3,[10  1],19,104,107,85,102
1,<environment.Job instance at 0x151ff3489870>,15,2,[5 1],20,20,22,0,20
1,<environment.Job instance at 0x151ff3489410>,16,3,[ 2 12],21,27,30,6,27
1,<environment.Job instance at 0x151feefc8230>,23,2,[ 2 10],32,32,34,0,32
1,<environment.Job instance at 0x151ff9ab8870>,34,12,[2 5],46,46,58,0,46
1,<environment.Job instance at 0x151b9f9ae690>,13,13,[1 5],17,17,30,0,17
1,<environment.Job instance at 0x151b9f9ae910>,14,1,[1 7],18,18,19,0,18
1,<environment.Job instance at 0x151b9f98a870>,21,22,[8 2],28,28,50,0,28
1,<environment.Job instance at 0x151b9f995780>,24,20,[ 1 10],32,41,61,9,41
1,<environment.Job instance at 0x151b9f284410>,31,3,[8 1],42,50,53,8,42
1,<environment.Job instance at 0x151b9f284cd0>,32,16,[9 1],43,53,69,10,45
1,<environment.Job instance at 0x151b9f2825f0>,41,1,[ 1 10],54,61,62,7,55
1,<environment.Job instance at 0x151b9f2823c0>,43,2,[2 8],56,62,64,6,56
1,<environment.Job instance at 0x151ba931ea50>,4,1,[8 1],10,10,11,0,10
1,<environment.Job instance at 0x151ba9410dc0>,11,2,[12  2],25,87,89,62,87
1,<environment.Job instance at 0x151b9f1a90f0>,34,13,[9 1],52,57,70,5,57
1,<environment.Job instance at 0x151b9f1a90a0>,36,16,[6 1],57,88,104,31,88
1,<environment.Job instance at 0x151ba939e0f0>,11,27,[5 2],13,13,40,0,13
1,<environment.Job instance at 0x151ba57bb370>,17,2,[2 5],21,21,23,0,21
1,<environment.Job instance at 0x151b9ea82cd0>,19,3,[11  1],23,40,43,17,31
1,<environment.Job instance at 0x151ba1be07d0>,2,14,[12  1],3,43,57,40,42
1,<environment.Job instance at 0x151ba939e550>,16,2,[ 2 10],20,46,48,26,46
1,<environment.Job instance at 0x151bab6f2320>,22,18,[ 1 10],37,48,66,11,46
1,<environment.Job instance at 0x151bab6503c0>,29,25,[1 8],45,66,91,21,62
1,<environment.Job instance at 0x151b9f23ed20>,34,2,[1 6],53,66,68,13,62
1,<environment.Job instance at 0x151b9f23e690>,36,22,[2 7],55,68,90,13,62
1,<environment.Job instance at 0x151ba1c332d0>,30,1,[6 2],47,47,48,0,47
1,<environment.Job instance at 0x151ba1c330a0>,34,2,[1 8],51,54,56,3,54
1,<environment.Job instance at 0x151ba1c330f0>,35,2,[12  1],52,54,56,2,54
1,<environment.Job instance at 0x151ba1c33140>,39,17,[1 9],56,56,73,0,56
1,<environment.Job instance at 0x151ba1cb3fa0>,0,1,[8 1],1,2,3,1,2
1,<environment.Job instance at 0x151ba1157280>,15,2,[6 1],22,32,34,10,32
1,<environment.Job instance at 0x151ba29bfd70>,31,3,[13  2],42,76,79,34,76
1,<environment.Job instance at 0x151ba9395cd0>,21,26,[1 7],30,76,102,46,76
1,<environment.Job instance at 0x151ba2e5b6e0>,20,3,[1 9],29,119,122,90,119
1,<environment.Job instance at 0x151b9f0ad6e0>,8,2,[1 5],16,24,26,8,24
1,<environment.Job instance at 0x151ba8703c30>,7,1,[ 1 13],15,26,27,11,25
1,<environment.Job instance at 0x151ba1e767d0>,11,1,[12  2],20,25,26,5,25
1,<environment.Job instance at 0x151b9ece2370>,22,22,[1 7],34,36,58,2,36
1,<environment.Job instance at 0x151ba1d51410>,31,1,[2 8],51,51,52,0,51
1,<environment.Job instance at 0x151ba1d51140>,32,1,[5 2],52,52,53,0,52
1,<environment.Job instance at 0x151ba1d51eb0>,34,3,[8 1],55,55,58,0,55
1,<environment.Job instance at 0x151bab67c640>,36,13,[5 1],59,131,144,72,131
1,<environment.Job instance at 0x151b9eb5a0a0>,8,1,[7 2],11,11,12,0,11
1,<environment.Job instance at 0x151b9f2865f0>,2,12,[1 8],3,12,24,9,12
1,<environment.Job instance at 0x151b9eb5a640>,10,1,[13  1],13,15,16,2,15
1,<environment.Job instance at 0x151b9eb5afa0>,12,1,[2 7],16,16,17,0,16
1,<environment.Job instance at 0x151b9eeda690>,13,3,[10  2],17,17,20,0,17
1,<environment.Job instance at 0x151b9eb5a320>,9,15,[7 2],12,24,39,12,24
1,<environment.Job instance at 0x151b9ed53410>,17,3,[7 1],25,42,45,17,42
1,<environment.Job instance at 0x151b9f1f8320>,28,1,[9 2],38,45,46,7,42
1,<environment.Job instance at 0x151b9ebf9500>,29,2,[ 1 10],39,42,44,3,42
1,<environment.Job instance at 0x151b9f1f80a0>,30,3,[2 7],40,44,47,4,42
1,<environment.Job instance at 0x151ba93959b0>,19,15,[7 1],27,50,65,23,50
1,<environment.Job instance at 0x151ba1149820>,32,3,[ 2 12],42,54,57,12,54
1,<environment.Job instance at 0x151ba1d9b140>,34,3,[6 2],45,55,58,10,55
1,<environment.Job instance at 0x151ba1d9bc30>,35,2,[1 6],47,57,59,10,55
1,<environment.Job instance at 0x151ba1d9b960>,36,1,[12  1],48,65,66,17,55
1,<environment.Job instance at 0x151ba1d9b8c0>,37,18,[2 8],49,67,85,18,67
1,<environment.Job instance at 0x151b9eaa9230>,42,1,[2 5],57,69,70,12,69
1,<environment.Job instance at 0x151b9ebf9410>,27,16,[8 1],37,192,208,155,192
1,<environment.Job instance at 0x151b9e529190>,2,2,[2 7],4,4,6,0,4
1,<environment.Job instance at 0x151b9ebf3500>,5,2,[6 1],9,9,11,0,9
1,<environment.Job instance at 0x151b9effcbe0>,8,1,[7 1],12,17,18,5,17
1,<environment.Job instance at 0x151b9f132be0>,19,1,[10  2],29,29,30,0,29
1,<environment.Job instance at 0x151b9fa6fd20>,20,1,[10  1],30,30,31,0,30
1,<environment.Job instance at 0x151b9e7f57d0>,1,2,[1 6],2,2,4,0,2
1,<environment.Job instance at 0x151ba2e8a870>,2,2,[1 6],3,4,6,1,4
1,<environment.Job instance at 0x151b9f2033c0>,3,3,[6 2],4,4,7,0,4
1,<environment.Job instance at 0x151ba1c817d0>,6,1,[2 8],8,8,9,0,8
1,<environment.Job instance at 0x151ba1c81640>,5,3,[6 2],7,8,11,1,8
1,<environment.Job instance at 0x151b9f1be230>,8,1,[10  2],11,11,12,0,11
1,<environment.Job instance at 0x151b9f1bebe0>,10,3,[2 7],15,15,18,0,15
1,<environment.Job instance at 0x151ba2e8a320>,0,1,[7 1],1,17,18,16,17
1,<environment.Job instance at 0x151ba1f524b0>,24,2,[2 6],40,40,42,0,40
1,<environment.Job instance at 0x151ba1f52140>,25,2,[2 5],42,42,44,0,42
1,<environment.Job instance at 0x151ba57bb0f0>,20,17,[2 5],33,43,60,10,43
1,<environment.Job instance at 0x151b9e7f4690>,2,2,[8 1],3,3,5,0,3
1,<environment.Job instance at 0x151b9e7f46e0>,5,2,[1 9],9,9,11,0,9
1,<environment.Job instance at 0x151b9ecb7e60>,21,1,[ 2 10],32,33,34,1,33
1,<environment.Job instance at 0x151ba1c69f00>,22,2,[5 2],35,38,40,3,38
1,<environment.Job instance at 0x151ba9717d70>,15,16,[10  2],22,41,57,19,41
1,<environment.Job instance at 0x151babaf81e0>,33,15,[1 5],49,59,74,10,59
1,<environment.Job instance at 0x151b9eda9c80>,36,1,[6 2],54,59,60,5,59
1,<environment.Job instance at 0x151b9eda9d70>,37,2,[6 1],55,59,61,4,59
1,<environment.Job instance at 0x151b9eda9be0>,38,3,[8 1],57,60,63,3,59
1,<environment.Job instance at 0x151b9eda9690>,39,1,[1 9],59,61,62,2,59
1,<environment.Job instance at 0x151b9eda9410>,34,1,[1 5],52,63,64,11,63
1,<environment.Job instance at 0x151b9e7f4eb0>,4,12,[13  2],6,1951,1963,1945,1951
1,<environment.Job instance at 0x151b9e779780>,7,17,[8 2],13,36,53,23,36
1,<environment.Job instance at 0x151b9e8f32d0>,25,3,[1 8],42,43,46,1,43
1,<environment.Job instance at 0x151b9e8f3690>,26,2,[10  2],43,53,55,10,43
1,<environment.Job instance at 0x151b9e8f3fa0>,27,1,[11  1],44,55,56,11,44
1,<environment.Job instance at 0x151b9e8f3960>,28,3,[8 1],46,56,59,10,46
1,<environment.Job instance at 0x151b9e8f36e0>,24,3,[ 1 14],37,56,59,19,56
1,<environment.Job instance at 0x151b9e8f3460>,33,3,[1 8],52,59,62,7,56
1,<environment.Job instance at 0x151b9f9cd1e0>,34,2,[5 1],53,59,61,6,56
1,<environment.Job instance at 0x151b9f9cd8c0>,35,2,[2 9],54,62,64,8,56
1,<environment.Job instance at 0x151b9f9cd3c0>,36,2,[2 8],55,64,66,9,56
1,<environment.Job instance at 0x151b9e8f3c30>,32,3,[6 1],50,82,85,32,82
1,<environment.Job instance at 0x151b9e8c1a00>,0,2,[8 1],1,1,3,0,1
1,<environment.Job instance at 0x151b9e84f230>,3,3,[2 7],6,6,9,0,6
1,<environment.Job instance at 0x151b9ece3f00>,18,1,[1 7],24,24,25,0,24
1,<environment.Job instance at 0x151ba1157e10>,20,2,[5 2],26,28,30,2,28
1,<environment.Job instance at 0x151ba86efb40>,19,3,[1 6],25,28,31,3,28
1,<environment.Job instance at 0x151ba1f355a0>,15,16,[5 1],19,31,47,12,31
1,<environment.Job instance at 0x151b9e9d5230>,23,3,[2 8],30,31,34,1,31
1,<environment.Job instance at 0x151b9ea8b3c0>,28,3,[2 6],35,35,38,0,35
1,<environment.Job instance at 0x151b9e886780>,30,2,[11  2],37,47,49,10,37
1,<environment.Job instance at 0x151b9f4c54b0>,31,2,[1 9],38,38,40,0,38
1,<environment.Job instance at 0x151ba931e820>,33,1,[9 1],40,40,41,0,40
1,<environment.Job instance at 0x151bab7ef370>,34,1,[8 1],41,41,42,0,41
1,<environment.Job instance at 0x151ba2e499b0>,35,1,[1 5],42,42,43,0,42
1,<environment.Job instance at 0x151b9ea8b6e0>,25,17,[ 1 14],32,49,66,17,48
1,<environment.Job instance at 0x151ba2b4a640>,40,15,[9 2],49,66,81,17,53
1,<environment.Job instance at 0x151b9ee3e0a0>,45,2,[2 6],54,66,68,12,54
1,<environment.Job instance at 0x151ba2b22500>,6,2,[10  2],12,12,14,0,12
1,<environment.Job instance at 0x151ba1f1c460>,8,1,[6 1],18,18,19,0,18
1,<environment.Job instance at 0x151b9fa2e730>,9,2,[7 1],19,19,21,0,19
1,<environment.Job instance at 0x151b9e999460>,10,1,[1 8],20,20,21,0,20
1,<environment.Job instance at 0x151b9ea8bb40>,2,1,[7 1],7,21,22,14,21
1,<environment.Job instance at 0x151b9e9e6a50>,12,15,[1 9],23,23,38,0,23
1,<environment.Job instance at 0x151b9e999c30>,13,2,[ 1 10],25,38,40,13,25
1,<environment.Job instance at 0x151b9f189be0>,14,3,[5 1],26,26,29,0,26
1,<environment.Job instance at 0x151ba2947230>,15,2,[5 2],27,27,29,0,27
1,<environment.Job instance at 0x151b9f198190>,16,13,[ 2 12],30,40,53,10,35
1,<environment.Job instance at 0x151b9f13f230>,22,2,[ 2 14],38,53,55,15,38
1,<environment.Job instance at 0x151b9eb275f0>,29,1,[5 2],48,55,56,7,53
1,<environment.Job instance at 0x151b9eb27780>,28,12,[5 1],47,53,65,6,53
1,<environment.Job instance at 0x151ba1cf3af0>,35,1,[9 2],55,59,60,4,59
1,<environment.Job instance at 0x151ba1cf3e60>,36,3,[6 1],57,63,66,6,63
1,<environment.Job instance at 0x151ba1cf3280>,37,1,[ 1 10],58,63,64,5,63
1,<environment.Job instance at 0x151b9f167b90>,11,2,[2 5],18,18,20,0,18
1,<environment.Job instance at 0x151b9efd88c0>,15,1,[8 2],23,26,27,3,26
1,<environment.Job instance at 0x151b9f167f00>,16,3,[ 2 13],24,30,33,6,30
1,<environment.Job instance at 0x151ba87990a0>,27,2,[2 8],42,42,44,0,42
1,<environment.Job instance at 0x151ba4121910>,31,1,[1 8],52,53,54,1,53
1,<environment.Job instance at 0x151bab681b40>,32,1,[9 1],54,54,55,0,54
1,<environment.Job instance at 0x151bab681730>,33,3,[2 7],55,55,58,0,55
1,<environment.Job instance at 0x151b9e6ab0f0>,14,1,[14  2],22,202,203,180,202
1,<environment.Job instance at 0x151b9efc0b40>,7,22,[9 1],11,11,33,0,11
1,<environment.Job instance at 0x151ba87f5370>,15,3,[10  1],19,33,36,14,21
1,<environment.Job instance at 0x151b9ea7eb90>,17,2,[2 5],22,24,26,2,24
1,<environment.Job instance at 0x151ba8ab7870>,13,18,[8 2],17,36,54,19,34
1,<environment.Job instance at 0x151b9e80c0a0>,23,3,[11  1],28,54,57,26,34
1,<environment.Job instance at 0x151b9e80cb90>,24,2,[8 2],29,57,59,28,34
1,<environment.Job instance at 0x151b9ef4b3c0>,26,2,[8 2],32,59,61,27,48
1,<environment.Job instance at 0x151ba28f7fa0>,28,1,[1 8],35,48,49,13,48
1,<environment.Job instance at 0x151b9ee7e550>,31,1,[2 6],43,49,50,6,48
1,<environment.Job instance at 0x151ba28f7820>,32,1,[2 7],45,49,50,4,48
1,<environment.Job instance at 0x151ba86bf2d0>,33,1,[7 1],46,50,51,4,48
1,<environment.Job instance at 0x151ba28f7280>,34,3,[6 2],48,51,54,3,48
1,<environment.Job instance at 0x151ba86bf500>,35,2,[2 6],50,54,56,4,50
1,<environment.Job instance at 0x151ba94ebf50>,10,15,[ 1 12],14,65,80,51,65
1,<environment.Job instance at 0x151ba1e32460>,38,2,[10  2],53,65,67,12,65
1,<environment.Job instance at 0x151b9ea3ed70>,39,3,[10  1],54,67,70,13,66
1,<environment.Job instance at 0x151b9e501500>,42,2,[1 9],58,80,82,22,66
1,<environment.Job instance at 0x151ba1bfe4b0>,37,17,[9 1],52,81,98,29,81
1,<environment.Job instance at 0x151ba8ab70f0>,14,18,[1 9],18,337,355,319,337
1,<environment.Job instance at 0x151ba1ddfcd0>,9,2,[1 5],12,12,14,0,12
1,<environment.Job instance at 0x151b9e889e10>,10,16,[7 1],14,31,47,17,31
1,<environment.Job instance at 0x151b9f268aa0>,13,2,[1 9],19,31,33,12,31
1,<environment.Job instance at 0x151b9e8895f0>,14,1,[2 9],21,33,34,12,31
1,<environment.Job instance at 0x151b9e8896e0>,15,2,[ 2 10],22,34,36,12,31
1,<environment.Job instance at 0x151b9f1c9c80>,21,1,[2 6],29,47,48,18,47
1,<environment.Job instance at 0x151b9f1c9230>,23,2,[ 1 10],31,51,53,20,51
1,<environment.Job instance at 0x151b9e9b27d0>,25,14,[7 2],35,52,66,17,52
1,<environment.Job instance at 0x151b9f1c9a50>,26,12,[2 5],36,66,78,30,66
1,<environment.Job instance at 0x151b9e7b0b90>,27,1,[1 5],38,66,67,28,66
1,<environment.Job instance at 0x151b9eedec80>,29,15,[5 1],41,79,94,38,79
1,<environment.Job instance at 0x151ba1dfab40>,32,12,[7 2],44,81,93,37,81
1,<environment.Job instance at 0x151ba1da5280>,34,12,[2 6],46,90,102,44,90
1,<environment.Job instance at 0x151ba8753690>,42,3,[ 1 10],55,102,105,47,90
1,<environment.Job instance at 0x151b9e889050>,8,3,[ 2 12],11,105,108,94,100
1,<environment.Job instance at 0x151b9e5e3870>,40,2,[14  1],53,102,104,49,102
1,<environment.Job instance at 0x151ba8753a00>,45,1,[12  2],58,104,105,46,104
1,<environment.Job instance at 0x151b9ebcfeb0>,1,1,[2 9],3,3,4,0,3
1,<environment.Job instance at 0x151ba57a1230>,3,1,[1 5],9,10,11,1,10
1,<environment.Job instance at 0x151b9ebcf870>,4,2,[6 2],10,10,12,0,10
1,<environment.Job instance at 0x151b9ebcf730>,2,2,[8 2],6,20,22,14,20
1,<environment.Job instance at 0x151b9ebcf320>,9,2,[2 5],21,21,23,0,21
1,<environment.Job instance at 0x151b9ebcf780>,10,12,[9 1],22,22,34,0,22
1,<environment.Job instance at 0x151babaeae60>,11,2,[6 2],23,23,25,0,23
1,<environment.Job instance at 0x151ba1c228c0>,14,15,[8 1],27,34,49,7,28
1,<environment.Job instance at 0x151b9edbfe60>,18,20,[14  1],33,49,69,16,40
1,<environment.Job instance at 0x151b9efd8aa0>,27,16,[2 5],44,79,95,35,79
1,<environment.Job instance at 0x151b9eb23780>,34,2,[10  1],52,88,90,36,88
1,<environment.Job instance at 0x151b9eb23cd0>,35,3,[2 5],53,94,97,41,94
1,<environment.Job instance at 0x151b9eb23b40>,36,3,[5 1],54,98,101,44,98
1,<environment.Job instance at 0x151b9eb23be0>,37,1,[9 2],58,98,99,40,98
1,<environment.Job instance at 0x151ba1f25af0>,33,3,[ 1 12],51,144,147,93,144
1,<environment.Job instance at 0x151b9e6c3960>,2,2,[ 1 11],5,5,7,0,5
1,<environment.Job instance at 0x151b9e6c3320>,9,27,[1 5],15,20,47,5,20
1,<environment.Job instance at 0x151b9eeefd20>,18,3,[9 2],29,86,89,57,86
1,<environment.Job instance at 0x151b9e7290f0>,35,3,[1 9],50,86,89,36,86
1,<environment.Job instance at 0x151b9e729f00>,36,3,[1 6],54,89,92,35,86
1,<environment.Job instance at 0x151b9eeef4b0>,16,3,[14  2],26,89,92,63,86
1,<environment.Job instance at 0x151b9e729be0>,39,18,[1 9],57,92,110,35,88
1,<environment.Job instance at 0x151b9e729b90>,40,16,[2 9],58,129,145,71,129
1,<environment.Job instance at 0x151b9e90be60>,10,3,[ 1 14],12,52,55,40,52
1,<environment.Job instance at 0x151b9ecbe5a0>,20,2,[1 9],25,55,57,30,52
1,<environment.Job instance at 0x151ba866d1e0>,21,2,[10  2],26,55,57,29,52
1,<environment.Job instance at 0x151b9ecbe410>,22,2,[ 1 10],27,57,59,30,52
1,<environment.Job instance at 0x151ba866d460>,23,1,[5 2],30,57,58,27,52
1,<environment.Job instance at 0x151ba935f460>,30,3,[2 7],42,59,62,17,58
1,<environment.Job instance at 0x151ba2b07870>,31,2,[8 1],43,58,60,15,58
1,<environment.Job instance at 0x151ba2b07be0>,32,25,[ 1 10],44,62,87,18,58
1,<environment.Job instance at 0x151b9e45f0a0>,33,2,[1 9],46,87,89,41,60
1,<environment.Job instance at 0x151b9ebd2910>,34,3,[1 6],47,87,90,40,77
1,<environment.Job instance at 0x147564d18c80>,14,1,[1 7],18,23,24,5,23
1,<environment.Job instance at 0x147564ce0c30>,11,28,[1 9],15,27,55,12,27
1,<environment.Job instance at 0x147564d29870>,20,21,[7 1],27,27,48,0,27
1,<environment.Job instance at 0x147564ce6a00>,18,1,[5 2],25,117,118,92,117
1,<environment.Job instance at 0x147564621550>,2,2,[2 7],5,5,7,0,5
1,<environment.Job instance at 0x147567ecaf50>,6,2,[12  2],15,20,22,5,20
1,<environment.Job instance at 0x147567ecacd0>,9,2,[1 5],19,40,42,21,40
1,<environment.Job instance at 0x147571e40f50>,39,16,[1 9],66,68,84,2,68
1,<environment.Job instance at 0x147566f950a0>,2,2,[9 1],6,6,8,0,6
1,<environment.Job instance at 0x1475650185f0>,11,2,[7 2],21,21,23,0,21
1,<environment.Job instance at 0x147563fa87d0>,19,13,[9 1],32,39,52,7,39
1,<environment.Job instance at 0x14757013caa0>,24,1,[5 2],41,41,42,0,41
1,<environment.Job instance at 0x1475a0170460>,25,1,[1 6],42,42,43,0,42
1,<environment.Job instance at 0x147563fa5550>,23,18,[2 5],40,43,61,3,43
1,<environment.Job instance at 0x14757279ba00>,28,1,[1 8],45,47,48,2,47
1,<environment.Job instance at 0x14757279bc80>,29,1,[1 9],46,48,49,2,47
1,<environment.Job instance at 0x14757279b370>,30,3,[ 1 10],47,52,55,5,47
1,<environment.Job instance at 0x14757279b460>,31,2,[5 1],49,55,57,6,49
1,<environment.Job instance at 0x1475727a0f00>,34,1,[ 1 10],52,57,58,5,52
1,<environment.Job instance at 0x1475727a0be0>,35,27,[5 2],53,58,85,5,57
1,<environment.Job instance at 0x147571a012d0>,43,3,[11  1],63,85,88,22,78
1,<environment.Job instance at 0x14757279bd70>,26,14,[12  1],43,184,198,141,184
1,<environment.Job instance at 0x1475645b0c80>,1,26,[2 5],8,8,34,0,8
1,<environment.Job instance at 0x147567d2e500>,8,26,[2 9],16,27,53,11,27
1,<environment.Job instance at 0x147567d2ef00>,12,2,[1 6],23,56,58,33,56
1,<environment.Job instance at 0x147566502a00>,30,2,[1 8],51,56,58,5,56
1,<environment.Job instance at 0x14756812d3c0>,39,1,[1 5],64,64,65,0,64
1,<environment.Job instance at 0x147566502fa0>,31,1,[1 6],52,94,95,42,94
1,<environment.Job instance at 0x147566f7f7d0>,7,2,[7 1],10,14,16,4,14
1,<environment.Job instance at 0x1475644b3500>,10,3,[9 2],13,16,19,3,14
1,<environment.Job instance at 0x147564548b90>,9,2,[12  1],12,19,21,7,17
1,<environment.Job instance at 0x1475644b3370>,14,2,[5 1],17,23,25,6,23
1,<environment.Job instance at 0x1475644be0f0>,17,13,[5 2],22,26,39,4,26
1,<environment.Job instance at 0x1475644befa0>,18,18,[6 2],23,38,56,15,38
1,<environment.Job instance at 0x1475a00ba1e0>,37,26,[1 7],50,51,77,1,51
1,<environment.Job instance at 0x1475a0166550>,50,14,[6 1],65,155,169,90,155
1,<environment.Job instance at 0x147567159aa0>,51,1,[8 2],66,157,158,91,157
1,<environment.Job instance at 0x1475671597d0>,52,3,[10  1],67,169,172,102,165
1,<environment.Job instance at 0x147567159690>,53,15,[7 2],69,504,519,435,504
1,<environment.Job instance at 0x1475a01668c0>,47,3,[13  2],62,801,804,739,801
1,<environment.Job instance at 0x1475644f02d0>,0,25,[2 6],1,1,26,0,1
1,<environment.Job instance at 0x147563e89410>,17,1,[12  2],30,46,47,16,46
1,<environment.Job instance at 0x1475727a0500>,13,1,[ 1 13],25,48,49,23,48
1,<environment.Job instance at 0x147563e89140>,18,3,[2 5],32,49,52,17,48
1,<environment.Job instance at 0x147567c846e0>,28,22,[1 7],44,49,71,5,49
1,<environment.Job instance at 0x1475a00863c0>,35,15,[10  1],58,62,77,4,62
1,<environment.Job instance at 0x147567dfe730>,25,3,[5 2],41,71,74,30,62
1,<environment.Job instance at 0x14756815fd20>,12,1,[2 7],16,20,21,4,20
1,<environment.Job instance at 0x147564078a50>,13,3,[10  2],17,20,23,3,20
1,<environment.Job instance at 0x14756815f500>,14,14,[ 1 10],19,24,38,5,24
1,<environment.Job instance at 0x147564df9320>,26,22,[9 1],35,36,58,1,36
1,<environment.Job instance at 0x147567d17c80>,32,3,[ 2 12],42,51,54,9,51
1,<environment.Job instance at 0x1475700a0c80>,27,16,[8 1],37,58,74,21,52
1,<environment.Job instance at 0x147567d17140>,36,1,[12  1],48,74,75,26,56
1,<environment.Job instance at 0x147567d17f50>,37,18,[2 8],49,69,87,20,69
1,<environment.Job instance at 0x147567d17550>,31,26,[10  1],41,86,112,45,86
1,<environment.Job instance at 0x147571a06fa0>,10,1,[13  1],13,169,170,156,169
1,<environment.Job instance at 0x147563e62370>,7,1,[2 9],12,14,15,2,14
1,<environment.Job instance at 0x147567dd7f50>,38,1,[2 8],58,78,79,20,78
1,<environment.Job instance at 0x147563f925a0>,10,3,[7 2],18,18,21,0,18
1,<environment.Job instance at 0x147563f92500>,11,2,[2 6],20,20,22,0,20
1,<environment.Job instance at 0x1475640dad70>,12,2,[2 5],22,22,24,0,22
1,<environment.Job instance at 0x147563c256e0>,0,12,[1 5],2,23,35,21,23
1,<environment.Job instance at 0x14756456ab40>,14,1,[1 9],26,26,27,0,26
1,<environment.Job instance at 0x1475640da550>,15,18,[7 1],27,27,45,0,27
1,<environment.Job instance at 0x1475670a7b90>,16,1,[1 7],28,28,29,0,28
1,<environment.Job instance at 0x147571b2aeb0>,17,3,[8 1],30,35,38,5,30
1,<environment.Job instance at 0x147571b7b050>,18,3,[2 5],32,32,35,0,32
1,<environment.Job instance at 0x147564d77eb0>,19,13,[1 9],34,38,51,4,36
1,<environment.Job instance at 0x147564506410>,21,1,[1 9],37,51,52,14,37
1,<environment.Job instance at 0x147564080140>,22,3,[ 1 10],38,52,55,14,38
1,<environment.Job instance at 0x1475640804b0>,23,3,[ 1 10],40,55,58,15,40
1,<environment.Job instance at 0x147564080a00>,24,2,[8 2],41,45,47,4,41
1,<environment.Job instance at 0x147567ce9640>,25,1,[1 5],42,42,43,0,42
1,<environment.Job instance at 0x147567054190>,26,2,[8 1],43,47,49,4,43
1,<environment.Job instance at 0x147567054370>,27,1,[5 2],45,45,46,0,45
1,<environment.Job instance at 0x147567054910>,28,12,[13  2],46,52,64,6,52
1,<environment.Job instance at 0x14756412d3c0>,32,3,[9 1],53,64,67,11,53
1,<environment.Job instance at 0x147563f92140>,8,14,[9 2],14,67,81,53,55
1,<environment.Job instance at 0x147563f11f50>,38,20,[5 1],61,64,84,3,62
1,<environment.Job instance at 0x147563e09b40>,43,15,[8 1],69,81,96,12,77
1,<environment.Job instance at 0x14757079b780>,18,1,[1 9],29,29,30,0,29
1,<environment.Job instance at 0x14757000fcd0>,38,24,[1 8],60,70,94,10,70
1,<environment.Job instance at 0x14757000f550>,44,3,[ 1 14],67,105,108,38,105
1,<environment.Job instance at 0x14756396d3c0>,2,1,[11  1],4,5,6,1,5
1,<environment.Job instance at 0x147570182e10>,1,2,[10  2],3,7,9,4,7
1,<environment.Job instance at 0x147564179b90>,11,2,[2 8],15,15,17,0,15
1,<environment.Job instance at 0x147563feaa00>,38,13,[1 6],51,56,69,5,56
1,<environment.Job instance at 0x14756717a9b0>,35,16,[8 1],48,67,83,19,67
1,<environment.Job instance at 0x1475643748c0>,45,2,[1 9],58,69,71,11,69
1,<environment.Job instance at 0x14756416b050>,46,2,[10  1],59,83,85,24,69
1,<environment.Job instance at 0x1475707cdd20>,47,1,[9 1],60,85,86,25,70
1,<environment.Job instance at 0x1475707cd410>,48,1,[8 1],61,86,87,25,71
1,<environment.Job instance at 0x14756416b320>,49,1,[1 5],62,71,72,9,71
1,<environment.Job instance at 0x14756406d2d0>,50,3,[9 1],63,87,90,24,71
1,<environment.Job instance at 0x14756406deb0>,52,3,[8 2],66,90,93,24,75
1,<environment.Job instance at 0x14756406da50>,54,15,[9 2],69,107,122,38,107
1,<environment.Job instance at 0x1475643741e0>,44,2,[11  2],57,143,145,86,143
1,<environment.Job instance at 0x147563c7cd70>,5,1,[2 9],7,7,8,0,7
1,<environment.Job instance at 0x147563c4c9b0>,27,2,[5 2],46,74,76,28,74
1,<environment.Job instance at 0x147563c4ce10>,29,2,[ 2 14],48,76,78,28,74
1,<environment.Job instance at 0x147563c4c820>,34,12,[10  1],56,77,89,21,77
1,<environment.Job instance at 0x1475727136e0>,38,12,[9 2],60,89,101,29,89
1,<environment.Job instance at 0x147572713a50>,40,16,[7 1],63,101,117,38,97
1,<environment.Job instance at 0x147563c5f050>,23,13,[ 2 12],40,106,119,66,106
1,<environment.Job instance at 0x1475707c0780>,2,20,[ 2 10],4,12,32,8,12
1,<environment.Job instance at 0x147563a571e0>,14,1,[14  2],22,33,34,11,33
1,<environment.Job instance at 0x147563e67320>,16,3,[ 2 13],24,63,66,39,63
1,<environment.Job instance at 0x147564c992d0>,15,1,[8 2],23,63,64,40,63
1,<environment.Job instance at 0x1475a0a4ac80>,20,1,[6 1],33,64,65,31,63
1,<environment.Job instance at 0x1475a0092320>,21,1,[7 2],34,65,66,31,63
1,<environment.Job instance at 0x1475a00925f0>,22,2,[ 1 10],35,66,68,31,63
1,<environment.Job instance at 0x1475a0092f50>,35,18,[8 1],58,74,92,16,74
1,<environment.Job instance at 0x147563b02280>,0,22,[9 1],1,3,25,2,3
1,<environment.Job instance at 0x14756454e780>,8,3,[10  1],9,25,28,16,9
1,<environment.Job instance at 0x14756454e7d0>,11,23,[6 1],13,36,59,23,36
1,<environment.Job instance at 0x147566f59280>,16,3,[11  1],18,74,77,56,74
1,<environment.Job instance at 0x1475670b9870>,22,1,[8 2],26,77,78,51,74
1,<environment.Job instance at 0x147572728b40>,24,1,[2 6],33,74,75,41,74
1,<environment.Job instance at 0x1475670b9c80>,25,1,[2 7],35,74,75,39,74
1,<environment.Job instance at 0x14756393bcd0>,28,2,[2 6],40,75,77,35,74
1,<environment.Job instance at 0x147567edd320>,26,1,[7 1],36,81,82,45,81
1,<environment.Job instance at 0x1475707b50f0>,38,2,[2 8],52,96,98,44,96
1,<environment.Job instance at 0x1475707b5c80>,39,3,[8 1],53,96,99,43,96
1,<environment.Job instance at 0x1475a00781e0>,10,2,[2 5],12,102,104,90,102
1,<environment.Job instance at 0x147563854fa0>,46,2,[1 5],62,106,108,44,106
1,<environment.Job instance at 0x1475640f8460>,16,17,[5 2],22,26,43,4,26
1,<environment.Job instance at 0x147563f11550>,26,2,[14  1],33,43,45,10,36
1,<environment.Job instance at 0x1475670928c0>,27,22,[6 2],34,95,117,61,95
1,<environment.Job instance at 0x147563869a50>,32,2,[1 6],39,106,108,67,106
1,<environment.Job instance at 0x147563869370>,33,3,[10  1],40,117,120,77,108
1,<environment.Job instance at 0x1475700bde60>,35,1,[2 9],43,109,110,66,109
1,<environment.Job instance at 0x1475700bd3c0>,37,1,[1 5],49,110,111,61,109
1,<environment.Job instance at 0x1475700bdcd0>,38,2,[6 2],50,109,111,59,109
1,<environment.Job instance at 0x1475700bdf50>,39,2,[5 1],52,111,113,59,109
1,<environment.Job instance at 0x1475700bdaa0>,43,2,[2 5],61,123,125,62,123
1,<environment.Job instance at 0x147563869c80>,31,1,[12  2],38,133,134,95,133
1,<environment.Job instance at 0x1475700bd320>,42,14,[1 6],60,133,147,73,133
1,<environment.Job instance at 0x1475700bd500>,44,12,[9 1],62,163,175,101,163
1,<environment.Job instance at 0x147567cc9af0>,0,20,[14  1],3,6,26,3,6
1,<environment.Job instance at 0x1475664f1e10>,15,3,[ 1 12],21,22,25,1,22
1,<environment.Job instance at 0x147571a9d1e0>,19,1,[9 2],28,31,32,3,31
1,<environment.Job instance at 0x147563e27050>,23,2,[ 1 11],35,35,37,0,35
1,<environment.Job instance at 0x147567065fa0>,27,1,[ 1 10],40,40,41,0,40
1,<environment.Job instance at 0x1475641edb40>,30,27,[1 5],45,45,72,0,45
1,<environment.Job instance at 0x14756588dbe0>,39,3,[9 2],59,70,73,11,70
1,<environment.Job instance at 0x14757079b910>,43,3,[6 2],63,188,191,125,188
1,<environment.Job instance at 0x14757079b230>,44,3,[7 1],64,191,194,127,191
1,<environment.Job instance at 0x14756428aaf0>,33,14,[ 1 11],50,374,388,324,374
1,<environment.Job instance at 0x1475643b1320>,46,1,[8 1],66,374,375,308,374
1,<environment.Job instance at 0x14757079b0a0>,47,1,[1 5],67,388,389,321,375
1,<environment.Job instance at 0x14757079bd20>,48,1,[ 1 10],69,388,389,319,377
1,<environment.Job instance at 0x14757079b4b0>,45,17,[1 7],65,492,509,427,492
1,<environment.Job instance at 0x147567225dc0>,37,3,[14  2],56,1016,1019,960,1016
1,<environment.Job instance at 0x14756444a320>,3,2,[5 2],5,6,8,1,6
1,<environment.Job instance at 0x147563c1d6e0>,7,3,[1 9],10,10,13,0,10
1,<environment.Job instance at 0x147567e8f410>,9,3,[2 5],15,16,19,1,16
1,<environment.Job instance at 0x147567e8fe10>,10,27,[ 2 10],16,17,44,1,17
1,<environment.Job instance at 0x147565050c30>,24,3,[ 1 14],32,144,147,112,144
1,<environment.Job instance at 0x147563832af0>,43,27,[5 1],59,157,184,98,157
1,<environment.Job instance at 0x147563832460>,47,2,[1 9],66,161,163,95,161
1,<environment.Job instance at 0x147564374140>,19,3,[1 9],27,175,178,148,175
1,<environment.Job instance at 0x147564c93870>,2,1,[1 8],7,7,8,0,7
1,<environment.Job instance at 0x147564166cd0>,3,2,[9 1],8,8,10,0,8
1,<environment.Job instance at 0x147564166fa0>,6,23,[2 9],13,13,36,0,13
1,<environment.Job instance at 0x14756417a5f0>,18,2,[1 6],29,31,33,2,31
1,<environment.Job instance at 0x1475637f7230>,19,3,[1 9],31,36,39,5,32
1,<environment.Job instance at 0x1475a01582d0>,20,1,[10  1],32,33,34,1,33
1,<environment.Job instance at 0x1475637ab8c0>,21,3,[5 1],33,34,37,1,33
1,<environment.Job instance at 0x147563848dc0>,23,3,[ 2 10],35,610,613,575,610
1,<environment.Job instance at 0x147567e76aa0>,24,1,[ 1 12],37,903,904,866,903
1,<environment.Job instance at 0x147567e76a50>,25,1,[ 1 10],38,904,905,866,903
1,<environment.Job instance at 0x147563896a00>,28,3,[1 9],42,905,908,863,903
1,<environment.Job instance at 0x147564166280>,7,14,[ 1 13],14,908,922,894,906
1,<environment.Job instance at 0x147564166690>,16,18,[6 2],27,906,924,879,906
1,<environment.Job instance at 0x147563896910>,34,18,[5 2],50,922,940,872,914
1,<environment.Job instance at 0x14756431f5a0>,40,3,[8 2],57,924,927,867,914
1,<environment.Job instance at 0x147564460410>,47,1,[13  2],65,940,941,875,936
1,<environment.Job instance at 0x1475644605f0>,50,18,[1 8],69,938,956,869,938
1,<environment.Job instance at 0x1475644cc550>,5,1,[1 8],7,7,8,0,7
1,<environment.Job instance at 0x1475644ccd70>,6,1,[8 1],8,8,9,0,8
1,<environment.Job instance at 0x1475644cc370>,8,2,[1 6],10,12,14,2,12
1,<environment.Job instance at 0x147563fe9b40>,25,2,[8 2],33,33,35,0,33
1,<environment.Job instance at 0x147563fe9cd0>,26,1,[2 7],35,39,40,4,39
1,<environment.Job instance at 0x147563fe9780>,23,22,[10  1],30,40,62,10,40
1,<environment.Job instance at 0x147563fe9d70>,27,1,[1 8],36,48,49,12,48
1,<environment.Job instance at 0x1475645a0d70>,38,1,[9 2],51,62,63,11,51
1,<environment.Job instance at 0x147563cdc8c0>,52,3,[6 2],67,67,70,0,67
1,<environment.Job instance at 0x147563cdc190>,42,18,[ 2 11],56,658,676,602,658
1,<environment.Job instance at 0x147563911460>,4,2,[2 5],11,11,13,0,11
1,<environment.Job instance at 0x147563b80550>,13,27,[9 2],23,23,50,0,23
1,<environment.Job instance at 0x147563b80320>,15,2,[2 9],26,30,32,4,30
1,<environment.Job instance at 0x1475641876e0>,18,2,[10  1],32,50,52,18,32
1,<environment.Job instance at 0x147564d08d70>,19,3,[9 2],33,52,55,19,34
1,<environment.Job instance at 0x147563b80190>,16,12,[8 1],29,55,67,26,39
1,<environment.Job instance at 0x147563b54eb0>,21,1,[7 2],36,55,56,19,39
1,<environment.Job instance at 0x1475643b1960>,22,3,[ 1 12],39,39,42,0,39
1,<environment.Job instance at 0x147564314140>,29,20,[9 1],55,67,87,12,58
1,<environment.Job instance at 0x147572730410>,30,1,[9 1],56,87,88,31,60
1,<environment.Job instance at 0x1475a0158d20>,31,1,[2 9],58,67,68,9,67
1,<environment.Job instance at 0x147567d785a0>,32,1,[1 7],59,68,69,9,68
1,<environment.Job instance at 0x147563911870>,9,17,[9 1],17,88,105,71,80
1,<environment.Job instance at 0x147563911640>,10,27,[5 1],18,95,122,77,95
1,<environment.Job instance at 0x1503f1a66780>,11,28,[1 9],15,15,43,0,15
1,<environment.Job instance at 0x1503f1a49550>,21,22,[8 2],28,34,56,6,34
1,<environment.Job instance at 0x1503f1a3ba00>,20,21,[7 1],27,49,70,22,49
1,<environment.Job instance at 0x1503f1a37780>,38,2,[8 2],50,56,58,6,55
1,<environment.Job instance at 0x1503f1a37370>,39,14,[2 5],51,58,72,7,58
1,<environment.Job instance at 0x1503f1328230>,43,2,[2 8],56,58,60,2,58
1,<environment.Job instance at 0x1503f13280a0>,44,1,[2 9],57,60,61,3,58
1,<environment.Job instance at 0x1503f1328140>,45,2,[2 5],58,61,63,3,59
1,<environment.Job instance at 0x1503f1a605a0>,46,1,[1 7],59,63,64,4,59
1,<environment.Job instance at 0x1503f1a60e10>,47,14,[5 1],60,65,79,5,65
1,<environment.Job instance at 0x1503f132a690>,32,16,[9 1],43,72,88,29,69
1,<environment.Job instance at 0x1503f1593d70>,56,18,[1 7],79,79,97,0,79
1,<environment.Job instance at 0x1503f1a62910>,16,17,[1 7],22,218,235,196,218
1,<environment.Job instance at 0x1503ff3c11e0>,5,2,[7 2],10,11,13,1,11
1,<environment.Job instance at 0x1503fe8d6460>,7,2,[2 7],13,13,15,0,13
1,<environment.Job instance at 0x1503f13430a0>,8,2,[9 2],14,14,16,0,14
1,<environment.Job instance at 0x1503f1a4d280>,1,2,[12  2],5,18,20,13,18
1,<environment.Job instance at 0x1503fe8445a0>,15,1,[8 1],27,27,28,0,27
1,<environment.Job instance at 0x1503ff7b0dc0>,10,1,[1 5],18,48,49,30,48
1,<environment.Job instance at 0x1503feb65780>,27,2,[1 5],45,87,89,42,87
1,<environment.Job instance at 0x1503ff4b7820>,47,1,[9 2],79,89,90,10,89
1,<environment.Job instance at 0x1503feb649b0>,46,13,[12  2],78,275,288,197,275
1,<environment.Job instance at 0x1503f106b6e0>,2,2,[2 8],3,3,5,0,3
1,<environment.Job instance at 0x1503ff3cefa0>,0,2,[7 2],1,8,10,7,8
1,<environment.Job instance at 0x1503ff4eaa50>,9,3,[10  2],15,17,20,2,17
1,<environment.Job instance at 0x1503f0ee1230>,22,3,[6 2],31,31,34,0,31
1,<environment.Job instance at 0x1503f41788c0>,23,1,[ 1 10],32,32,33,0,32
1,<environment.Job instance at 0x1503f4178780>,15,14,[12  1],23,38,52,15,38
1,<environment.Job instance at 0x1503f1d5f640>,28,2,[8 2],38,52,54,14,38
1,<environment.Job instance at 0x1503f1d5f8c0>,29,2,[ 2 10],40,40,42,0,40
1,<environment.Job instance at 0x1503f49cc870>,30,2,[2 5],41,42,44,1,41
1,<environment.Job instance at 0x1503f49ccb90>,31,1,[1 5],42,42,43,0,42
1,<environment.Job instance at 0x1503f49cc1e0>,32,3,[11  1],43,54,57,11,43
1,<environment.Job instance at 0x1503f49ccaf0>,33,12,[2 6],44,44,56,0,44
1,<environment.Job instance at 0x1503f49cc230>,34,3,[2 6],45,52,55,7,45
1,<environment.Job instance at 0x1503f1d5faf0>,27,3,[ 1 10],37,57,60,20,57
1,<environment.Job instance at 0x1503f3c5d6e0>,36,26,[2 5],58,59,85,1,59
1,<environment.Job instance at 0x1503f3c5d410>,37,3,[9 2],59,60,63,1,59
1,<environment.Job instance at 0x1503f3e12eb0>,39,2,[5 2],61,63,65,2,61
1,<environment.Job instance at 0x1503ff586410>,40,3,[6 1],63,63,66,0,63
1,<environment.Job instance at 0x1503ff586460>,41,1,[8 2],64,66,67,2,64
1,<environment.Job instance at 0x15043d7d7a50>,42,25,[1 8],65,65,90,0,65
1,<environment.Job instance at 0x1503f0cfd410>,43,26,[2 9],66,90,116,24,87
1,<environment.Job instance at 0x1503f3d17500>,18,2,[2 7],31,31,33,0,31
1,<environment.Job instance at 0x1503f1a259b0>,37,27,[5 1],54,54,81,0,54
1,<environment.Job instance at 0x1503f1a250f0>,35,2,[12  1],52,81,83,29,62
1,<environment.Job instance at 0x1503f1a25410>,40,2,[5 1],57,132,134,75,132
1,<environment.Job instance at 0x1503f0b791e0>,55,15,[6 1],79,133,148,54,133
1,<environment.Job instance at 0x1503f0fbebe0>,3,3,[2 6],4,5,8,1,5
1,<environment.Job instance at 0x1503f3d34aa0>,5,1,[9 1],8,8,9,0,8
1,<environment.Job instance at 0x1503f0e4d6e0>,7,26,[1 7],10,10,36,0,10
1,<environment.Job instance at 0x1503ff5300a0>,22,3,[10  1],27,42,45,15,42
1,<environment.Job instance at 0x1503ff530140>,23,15,[7 2],29,140,155,111,140
1,<environment.Job instance at 0x15043ce6d960>,25,2,[2 8],32,146,148,114,146
1,<environment.Job instance at 0x15043ce6d8c0>,27,3,[10  2],34,155,158,121,149
1,<environment.Job instance at 0x15043ce6d500>,28,3,[2 5],36,150,153,114,150
1,<environment.Job instance at 0x1503f3e79be0>,29,3,[2 5],39,150,153,111,150
1,<environment.Job instance at 0x1503f3e792d0>,30,17,[1 7],42,160,177,118,160
1,<environment.Job instance at 0x1503f3f1c8c0>,31,1,[1 5],46,168,169,122,168
1,<environment.Job instance at 0x1503f3f1cb90>,32,2,[5 1],49,172,174,123,172
1,<environment.Job instance at 0x1503f3f1ce60>,33,1,[1 7],50,172,173,122,172
1,<environment.Job instance at 0x1503f3f1c230>,34,12,[6 1],51,176,188,125,176
1,<environment.Job instance at 0x1503f3f1c050>,35,12,[1 8],52,177,189,125,176
1,<environment.Job instance at 0x1503f3f1ccd0>,36,3,[1 6],54,176,179,122,176
1,<environment.Job instance at 0x1503f3f1c780>,37,1,[ 1 13],55,189,190,134,178
1,<environment.Job instance at 0x1503f3f1ca50>,38,2,[1 5],56,181,183,125,181
1,<environment.Job instance at 0x1503f3f1c4b0>,39,16,[1 7],57,190,206,133,190
1,<environment.Job instance at 0x1503f3f1cd70>,40,2,[10  1],58,201,203,143,201
1,<environment.Job instance at 0x1503f1a06aa0>,41,1,[12  2],60,204,205,144,204
1,<environment.Job instance at 0x1503f1a06dc0>,42,3,[2 5],62,204,207,142,204
1,<environment.Job instance at 0x1503ff3eab90>,43,3,[1 7],63,206,209,143,204
1,<environment.Job instance at 0x1503ff3ea870>,44,3,[5 1],64,205,208,141,204
1,<environment.Job instance at 0x1503ff3ea960>,45,1,[8 1],65,207,208,142,205
1,<environment.Job instance at 0x1503ff3ea640>,46,1,[9 1],66,208,209,142,205
1,<environment.Job instance at 0x1503ff3ea2d0>,47,18,[1 8],67,210,228,143,210
1,<environment.Job instance at 0x1503ff3eac80>,48,17,[10  1],68,262,279,194,262
1,<environment.Job instance at 0x1503f4ba41e0>,49,3,[5 2],71,264,267,193,264
1,<environment.Job instance at 0x1503f4ba4320>,50,1,[6 1],72,279,280,207,265
1,<environment.Job instance at 0x1503f4ba4d20>,51,1,[8 1],73,279,280,206,268
1,<environment.Job instance at 0x1503f3d01b90>,52,22,[1 7],74,268,290,194,268
1,<environment.Job instance at 0x1503f3d01230>,53,13,[9 2],77,401,414,324,401
1,<environment.Job instance at 0x1503f3cef230>,17,3,[13  2],22,428,431,406,428
1,<environment.Job instance at 0x1503f3ddd0a0>,21,15,[10  2],30,41,56,11,41
1,<environment.Job instance at 0x1504442fc0f0>,25,22,[7 2],35,56,78,21,49
1,<environment.Job instance at 0x1503fe71f8c0>,35,2,[6 1],49,74,76,25,74
1,<environment.Job instance at 0x1503f3dc7730>,40,22,[9 1],55,78,100,23,74
1,<environment.Job instance at 0x1504442fc140>,24,1,[13  1],33,100,101,67,82
1,<environment.Job instance at 0x1503f3ff45a0>,50,1,[12  1],68,101,102,33,91
1,<environment.Job instance at 0x1503f3ff4640>,45,26,[10  1],61,110,136,49,110
1,<environment.Job instance at 0x1503f3ff4f00>,46,3,[ 2 12],62,245,248,183,245
1,<environment.Job instance at 0x1503f0ad26e0>,5,2,[6 1],9,9,11,0,9
1,<environment.Job instance at 0x1503fe94e050>,30,1,[2 8],47,47,48,0,47
1,<environment.Job instance at 0x1503f0b57a50>,37,2,[6 1],59,59,61,0,59
1,<environment.Job instance at 0x1503f0cfca50>,45,1,[2 8],68,68,69,0,68
1,<environment.Job instance at 0x1503f411ea00>,31,2,[7 2],50,90,92,40,90
1,<environment.Job instance at 0x1503f12dd140>,9,17,[9 1],17,47,64,30,47
1,<environment.Job instance at 0x1503f0c5d0a0>,35,3,[9 2],57,64,67,7,60
1,<environment.Job instance at 0x1503f0c5db90>,36,3,[8 1],58,67,70,9,67
1,<environment.Job instance at 0x1503f0c5da00>,34,14,[8 2],56,70,84,14,70
1,<environment.Job instance at 0x1503f0e15140>,49,3,[1 8],79,79,82,0,79
1,<environment.Job instance at 0x1503f1581960>,39,16,[10  2],62,225,241,163,225
1,<environment.Job instance at 0x1503f1581fa0>,3,3,[9 1],5,9,12,4,9
1,<environment.Job instance at 0x1503f0db94b0>,6,15,[1 5],9,12,27,3,12
1,<environment.Job instance at 0x1503f3cdc3c0>,8,3,[10  1],13,13,16,0,13
1,<environment.Job instance at 0x1503f3cdcc30>,9,1,[6 2],14,16,17,2,14
1,<environment.Job instance at 0x1503f0db9c80>,10,2,[6 1],15,17,19,2,17
1,<environment.Job instance at 0x1503ff558a00>,11,3,[8 1],17,17,20,0,17
1,<environment.Job instance at 0x1503ff558960>,13,1,[2 9],20,20,21,0,20
1,<environment.Job instance at 0x1503ff558be0>,14,1,[2 9],21,21,22,0,21
1,<environment.Job instance at 0x1503ff558230>,12,1,[1 9],19,24,25,5,24
1,<environment.Job instance at 0x1503fd4c6140>,16,2,[1 7],25,25,27,0,25
1,<environment.Job instance at 0x1503ff558d20>,17,1,[2 7],26,27,28,1,26
1,<environment.Job instance at 0x1503ff558f00>,18,2,[1 9],27,28,30,1,27
1,<environment.Job instance at 0x1503f0f62460>,19,16,[2 5],28,31,47,3,31
1,<environment.Job instance at 0x1503f12b7e60>,21,17,[8 2],33,45,62,12,45
1,<environment.Job instance at 0x1503f0b21eb0>,32,24,[1 8],50,52,76,2,52
1,<environment.Job instance at 0x1503f3d8ceb0>,34,1,[8 1],53,62,63,9,55
1,<environment.Job instance at 0x1503f0b21f50>,35,2,[8 2],54,63,65,9,61
1,<environment.Job instance at 0x1503fe78cdc0>,39,3,[1 8],62,82,85,20,82
1,<environment.Job instance at 0x1503ff53f870>,40,2,[10  2],63,82,84,19,82
1,<environment.Job instance at 0x1503f4ef8460>,41,1,[11  1],64,86,87,22,86
1,<environment.Job instance at 0x1503f15810f0>,4,17,[10  2],6,123,140,117,123
1,<environment.Job instance at 0x1503f4ef8370>,43,17,[2 8],67,128,145,61,128
1,<environment.Job instance at 0x1503f0c9e3c0>,45,3,[9 1],69,140,143,71,129
1,<environment.Job instance at 0x1503f4ef82d0>,46,3,[6 1],70,143,146,73,140
1,<environment.Job instance at 0x1503f0c9eb40>,47,3,[1 8],72,145,148,73,144
1,<environment.Job instance at 0x1503feb7e8c0>,48,2,[5 1],73,145,147,72,145
1,<environment.Job instance at 0x1503feb7ef00>,49,2,[2 9],74,148,150,74,145
1,<environment.Job instance at 0x1503f4b0f6e0>,50,2,[2 8],75,150,152,75,145
1,<environment.Job instance at 0x1503f4b0f820>,51,1,[2 6],77,146,147,69,145
1,<environment.Job instance at 0x1503ff53fb90>,38,3,[ 1 14],57,354,357,297,354
1,<environment.Job instance at 0x1503fc079730>,9,3,[1 5],12,12,15,0,12
1,<environment.Job instance at 0x15043ce2e550>,11,2,[2 6],14,14,16,0,14
1,<environment.Job instance at 0x1503f1b17aa0>,13,1,[ 2 10],16,16,17,0,16
1,<environment.Job instance at 0x1503f1b17410>,12,1,[9 1],15,18,19,3,18
1,<environment.Job instance at 0x1503f4a5d730>,14,2,[1 8],18,18,20,0,18
1,<environment.Job instance at 0x1503f3222320>,26,2,[1 5],33,33,35,0,33
1,<environment.Job instance at 0x1503f3cefa50>,21,16,[8 1],28,34,50,6,34
1,<environment.Job instance at 0x1503f0ea85a0>,30,2,[11  2],37,50,52,13,44
1,<environment.Job instance at 0x1503f10ce6e0>,31,2,[1 9],38,44,46,6,44
1,<environment.Job instance at 0x1503fc076d20>,39,12,[2 9],47,56,68,9,56
1,<environment.Job instance at 0x1503fc076820>,40,15,[9 2],49,59,74,10,59
1,<environment.Job instance at 0x1503fc076b90>,41,15,[7 2],50,74,89,24,60
1,<environment.Job instance at 0x1503ff42d0f0>,47,1,[2 9],57,68,69,11,60
1,<environment.Job instance at 0x1503ff42d730>,48,16,[6 1],58,69,85,11,60
1,<environment.Job instance at 0x1503f0a749b0>,25,17,[ 1 14],32,1572,1589,1540,1572
1,<environment.Job instance at 0x1503f1273be0>,11,2,[ 2 14],18,18,20,0,18
1,<environment.Job instance at 0x1503fe831e60>,14,1,[10  2],24,25,26,1,25
1,<environment.Job instance at 0x1503f129f8c0>,13,1,[ 2 10],22,41,42,19,41
1,<environment.Job instance at 0x1503f12d1be0>,21,16,[1 6],31,42,58,11,41
1,<environment.Job instance at 0x1503f0b0a190>,23,3,[6 2],34,41,44,7,41
1,<environment.Job instance at 0x1503ff3cedc0>,30,20,[ 2 10],44,58,78,14,49
1,<environment.Job instance at 0x1503f1238be0>,32,12,[1 5],46,76,88,30,76
1,<environment.Job instance at 0x1503f0d4cb40>,5,13,[ 2 12],10,88,101,78,79
1,<environment.Job instance at 0x1503f1086a00>,38,12,[8 2],57,79,91,22,79
1,<environment.Job instance at 0x1503f1086a50>,41,2,[1 9],61,101,103,40,79
1,<environment.Job instance at 0x1503f1086be0>,42,1,[14  2],62,101,102,39,80
1,<environment.Job instance at 0x1503f10865a0>,43,1,[8 2],63,91,92,28,80
1,<environment.Job instance at 0x1503f1086fa0>,44,3,[ 2 13],64,103,106,39,89
1,<environment.Job instance at 0x1503f1086d70>,45,2,[7 1],66,92,94,26,89
1,<environment.Job instance at 0x1503f12d16e0>,22,16,[7 1],33,103,119,70,103
1,<environment.Job instance at 0x1503f3f30be0>,18,22,[9 1],31,33,55,2,33
1,<environment.Job instance at 0x1503f4b661e0>,26,3,[10  1],39,55,58,16,49
1,<environment.Job instance at 0x1503f4b66aa0>,27,17,[1 9],41,58,75,17,58
1,<environment.Job instance at 0x1503f4b66eb0>,28,2,[2 5],42,58,60,16,58
1,<environment.Job instance at 0x1503f4b66550>,29,23,[6 1],43,58,81,15,58
1,<environment.Job instance at 0x1503f4b66be0>,30,2,[2 6],44,75,77,31,63
1,<environment.Job instance at 0x1503f4b66910>,34,3,[11  1],48,81,84,33,75
1,<environment.Job instance at 0x1503f4b66870>,35,2,[8 2],49,77,79,28,75
1,<environment.Job instance at 0x1503f4b8bc30>,37,2,[8 2],52,79,81,27,78
1,<environment.Job instance at 0x1503f4b8b0f0>,40,1,[8 2],56,84,85,28,78
1,<environment.Job instance at 0x1503f07f8190>,44,1,[7 1],66,84,85,18,78
1,<environment.Job instance at 0x1503f07f84b0>,46,2,[2 6],70,81,83,11,78
1,<environment.Job instance at 0x1503f4b660a0>,23,18,[8 1],36,85,103,49,81
1,<environment.Job instance at 0x1503f07f8e10>,47,14,[1 8],71,95,109,24,95
1,<environment.Job instance at 0x1503f07f85f0>,50,3,[10  1],74,103,106,29,97
1,<environment.Job instance at 0x1503f07f85a0>,51,2,[ 1 10],76,109,111,33,98
1,<environment.Job instance at 0x1503f103d050>,53,2,[1 9],78,111,113,33,101
1,<environment.Job instance at 0x1503f103d640>,54,3,[2 8],79,113,116,34,104
1,<environment.Job instance at 0x1503f4b663c0>,25,18,[1 9],38,116,134,78,105
1,<environment.Job instance at 0x1503f3f307d0>,2,3,[8 1],3,3,6,0,3
1,<environment.Job instance at 0x1503f4b5cfa0>,6,2,[2 9],9,9,11,0,9
1,<environment.Job instance at 0x1503f112cb90>,8,3,[ 2 12],11,12,15,1,12
1,<environment.Job instance at 0x1503f112c1e0>,13,2,[1 9],19,20,22,1,20
1,<environment.Job instance at 0x1503f0a17eb0>,14,1,[2 9],21,22,23,1,21
1,<environment.Job instance at 0x1503f112c6e0>,15,2,[ 2 10],22,23,25,1,22
1,<environment.Job instance at 0x1503f3fcf500>,30,17,[5 2],42,44,61,2,44
1,<environment.Job instance at 0x1503f0d4b500>,35,13,[5 1],47,53,66,6,53
1,<environment.Job instance at 0x1503f4b83690>,39,1,[5 2],52,53,54,1,53
1,<environment.Job instance at 0x1503f4b83c30>,40,2,[14  1],53,66,68,13,53
1,<environment.Job instance at 0x1503fe7d9c30>,41,22,[6 2],54,68,90,14,61
1,<environment.Job instance at 0x1503fe7d9d20>,46,2,[1 6],59,62,64,3,62
1,<environment.Job instance at 0x1503fe7d91e0>,47,3,[10  1],60,90,93,30,64
1,<environment.Job instance at 0x1503f0da2550>,48,3,[6 2],62,68,71,6,64
1,<environment.Job instance at 0x1503f059af50>,49,1,[2 9],63,64,65,1,64
1,<environment.Job instance at 0x1503f059ae10>,50,2,[8 2],66,71,73,5,66
1,<environment.Job instance at 0x1503f059adc0>,51,1,[1 5],69,69,70,0,69
1,<environment.Job instance at 0x1503f059a410>,52,2,[6 2],70,73,75,3,70
1,<environment.Job instance at 0x1503f059a1e0>,53,2,[5 1],72,75,77,3,72
1,<environment.Job instance at 0x1503f059abe0>,54,13,[10  2],74,93,106,19,80
1,<environment.Job instance at 0x1503fe7d9e60>,45,1,[12  2],58,123,124,65,123
1,<environment.Job instance at 0x1503f09326e0>,4,21,[2 5],5,6,27,1,6
1,<environment.Job instance at 0x1503f1360460>,9,20,[14  1],13,27,47,14,26
1,<environment.Job instance at 0x1503f4b9e3c0>,25,2,[10  1],32,47,49,15,46
1,<environment.Job instance at 0x1503f4b9e9b0>,26,3,[2 5],33,49,52,16,49
1,<environment.Job instance at 0x1503f1300050>,24,3,[ 1 12],31,64,67,33,64
1,<environment.Job instance at 0x1503f4bbe370>,32,2,[ 1 11],45,67,69,22,67
1,<environment.Job instance at 0x1503f0bd2f50>,39,27,[1 5],55,69,96,14,69
1,<environment.Job instance at 0x1503f10e3f00>,42,14,[ 1 11],60,103,117,43,103
1,<environment.Job instance at 0x1503f10e3e10>,46,3,[14  2],66,110,113,44,110
1,<environment.Job instance at 0x1503f4bbe2d0>,28,1,[9 2],38,117,118,79,117
1,<environment.Job instance at 0x1503fe854c80>,1,1,[8 1],3,3,4,0,3
1,<environment.Job instance at 0x1503fe854870>,2,1,[9 1],4,4,5,0,4
1,<environment.Job instance at 0x1503fe854d70>,0,2,[6 1],2,6,8,4,6
1,<environment.Job instance at 0x1503f4e71960>,10,27,[ 2 10],16,22,49,6,22
1,<environment.Job instance at 0x1503f0ad9e60>,24,3,[ 1 14],32,49,52,17,47
1,<environment.Job instance at 0x1503f099c960>,25,1,[2 9],34,52,53,18,47
1,<environment.Job instance at 0x1503f0a04eb0>,26,1,[1 8],36,53,54,17,47
1,<environment.Job instance at 0x1503f06f6690>,14,2,[2 7],21,62,64,41,62
1,<environment.Job instance at 0x1503fe94fa50>,37,1,[5 2],50,62,63,12,62
1,<environment.Job instance at 0x1503fe94f6e0>,39,1,[9 1],52,63,64,11,62
1,<environment.Job instance at 0x1503fe94fe10>,40,2,[2 5],53,62,64,9,62
1,<environment.Job instance at 0x1503fe94f0a0>,41,1,[10  1],55,64,65,9,62
1,<environment.Job instance at 0x1503f3f1f460>,42,1,[5 2],57,64,65,7,62
1,<environment.Job instance at 0x1503ff4b5550>,43,27,[5 1],59,65,92,6,63
1,<environment.Job instance at 0x1503f4a1ad20>,45,2,[8 1],63,65,67,2,63
1,<environment.Job instance at 0x1503f4a1aaf0>,46,25,[ 1 10],64,65,90,1,65
1,<environment.Job instance at 0x1503f1d65a00>,1,23,[2 9],3,3,26,0,3
1,<environment.Job instance at 0x1503f4f03f00>,9,2,[ 1 10],12,26,28,14,18
1,<environment.Job instance at 0x1503f4f03d20>,10,2,[1 5],14,18,20,4,18
1,<environment.Job instance at 0x1503f4f030a0>,4,24,[8 1],6,26,50,20,26
1,<environment.Job instance at 0x1503f4a1acd0>,15,1,[10  1],22,50,51,28,26
1,<environment.Job instance at 0x1503ff4b84b0>,16,3,[5 1],23,38,41,15,38
1,<environment.Job instance at 0x1503f4f26c30>,20,1,[ 1 10],28,39,40,11,39
1,<environment.Job instance at 0x1503f408a5f0>,21,18,[1 9],29,49,67,20,49
1,<environment.Job instance at 0x1503f408a050>,22,12,[1 9],31,67,79,36,67
1,<environment.Job instance at 0x1503f408a1e0>,23,3,[1 9],32,79,82,47,69
1,<environment.Job instance at 0x1503ff456f50>,24,18,[5 2],33,145,163,112,145
1,<environment.Job instance at 0x1503ff4568c0>,25,3,[9 2],34,153,156,119,153
1,<environment.Job instance at 0x1503ff456780>,26,3,[8 2],36,159,162,123,159
1,<environment.Job instance at 0x1503ff456a00>,27,17,[2 7],38,191,208,153,191
1,<environment.Job instance at 0x1503ff456aa0>,28,2,[1 6],39,202,204,163,202
1,<environment.Job instance at 0x1503ff4563c0>,29,18,[5 2],40,278,296,238,278
1,<environment.Job instance at 0x1503ff456c30>,30,1,[6 2],41,285,286,244,285
1,<environment.Job instance at 0x1503ff456190>,31,2,[1 7],43,287,289,244,287
1,<environment.Job instance at 0x1503f04e5b40>,32,17,[5 1],44,299,316,255,299
1,<environment.Job instance at 0x1503f04e50a0>,33,2,[2 8],45,301,303,256,301
1,<environment.Job instance at 0x1503f04e5910>,34,1,[6 1],46,307,308,261,307
1,<environment.Job instance at 0x1503f04e56e0>,35,3,[8 2],47,309,312,262,309
1,<environment.Job instance at 0x1503f04e55f0>,36,17,[1 8],48,329,346,281,329
1,<environment.Job instance at 0x1503f04e5f50>,37,18,[8 1],49,561,579,512,561
1,<environment.Job instance at 0x1503fc02c500>,38,1,[5 2],51,567,568,516,567
1,<environment.Job instance at 0x1503f04e5730>,39,13,[1 9],52,582,595,530,582
1,<environment.Job instance at 0x1503fe7fd280>,40,15,[2 9],53,595,610,542,593
1,<environment.Job instance at 0x1503f04e5f00>,41,2,[2 6],54,605,607,551,605
1,<environment.Job instance at 0x1503f40a2140>,42,1,[13  2],55,607,608,552,605
1,<environment.Job instance at 0x1503f0ca3230>,43,3,[2 6],57,608,611,551,607
1,<environment.Job instance at 0x1503f0ca3af0>,44,17,[14  2],58,633,650,575,633
1,<environment.Job instance at 0x1503f058f820>,45,18,[1 8],59,640,658,581,640
1,<environment.Job instance at 0x1503f058ff50>,46,1,[1 6],60,650,651,590,648
1,<environment.Job instance at 0x1503ff4f2640>,2,14,[ 1 13],4,658,672,654,654
1,<environment.Job instance at 0x1503f3ea6a00>,50,2,[9 2],65,666,668,601,666
1,<environment.Job instance at 0x1503f40a2a50>,47,16,[1 7],61,672,688,611,667
1,<environment.Job instance at 0x1503f1a95c80>,53,1,[8 1],68,675,676,607,675
1,<environment.Job instance at 0x1503f40d5190>,51,2,[7 1],66,688,690,622,688
1,<environment.Job instance at 0x1503f1a95410>,55,2,[1 6],70,692,694,622,692
1,<environment.Job instance at 0x1503f1a95230>,56,2,[7 2],72,694,696,622,694
1,<environment.Job instance at 0x1503f1a95a50>,57,1,[ 2 10],73,697,698,624,697
1,<environment.Job instance at 0x1503f1a95eb0>,59,2,[2 6],77,702,704,625,702
1,<environment.Job instance at 0x1503f1a957d0>,54,18,[10  1],69,707,725,638,707
1,<environment.Job instance at 0x1503f401f4b0>,19,1,[ 1 12],27,719,720,692,719
1,<environment.Job instance at 0x15043d717eb0>,1,1,[7 2],2,2,3,0,2
1,<environment.Job instance at 0x1503f3e18f00>,2,1,[1 9],3,4,5,1,4
1,<environment.Job instance at 0x15043d717f00>,3,1,[1 8],4,5,6,1,4
1,<environment.Job instance at 0x1503f402b1e0>,7,22,[10  1],10,10,32,0,10
1,<environment.Job instance at 0x1503f10532d0>,22,1,[9 2],31,32,33,1,31
1,<environment.Job instance at 0x1503ff4f7140>,20,2,[6 1],27,35,37,8,35
1,<environment.Job instance at 0x1503f053a0a0>,29,25,[2 5],40,42,67,2,42
1,<environment.Job instance at 0x1503fe8c2fa0>,26,18,[ 2 11],36,86,104,50,86
1,<environment.Job instance at 0x1503f3f18f50>,49,17,[9 1],67,89,106,22,89
1,<environment.Job instance at 0x1503f3f188c0>,53,27,[9 2],73,106,133,33,104
1,<environment.Job instance at 0x1503fd4e2960>,39,3,[1 7],50,127,130,77,127
1,<environment.Job instance at 0x1503f3f6b7d0>,3,1,[7 2],6,6,7,0,6
1,<environment.Job instance at 0x1503f0656230>,0,2,[10  1],2,16,18,14,16
1,<environment.Job instance at 0x1503f3f6b410>,9,1,[2 5],19,21,22,2,21
1,<environment.Job instance at 0x1503f3f6b960>,10,22,[9 2],20,21,43,1,21
1,<environment.Job instance at 0x1503f0b11140>,11,20,[9 1],25,43,63,18,34
1,<environment.Job instance at 0x1503f3f6b190>,14,1,[1 7],29,64,65,35,64
1,<environment.Job instance at 0x1503f3f6bb90>,5,13,[9 2],14,71,84,57,71
1,<environment.Job instance at 0x1503f49ca780>,17,2,[2 5],33,71,73,38,71
1,<environment.Job instance at 0x1503f0719cd0>,18,3,[2 6],34,71,74,37,71
1,<environment.Job instance at 0x1503f0e675a0>,19,15,[1 6],36,74,89,38,74
1,<environment.Job instance at 0x1503ff4d2500>,25,1,[2 6],44,74,75,30,74
1,<environment.Job instance at 0x1503f3e917d0>,26,2,[ 2 10],45,89,91,44,74
1,<environment.Job instance at 0x1503ff4d2e10>,24,3,[1 6],43,119,122,76,119
1,<environment.Job instance at 0x1503f10eedc0>,28,2,[10  1],48,124,126,76,124
1,<environment.Job instance at 0x1503f10eeb90>,27,16,[9 2],46,352,368,306,352
1,<environment.Job instance at 0x1503f10ee640>,30,3,[5 1],50,354,357,304,354
1,<environment.Job instance at 0x1503f10eea50>,31,1,[9 1],51,368,369,317,354
1,<environment.Job instance at 0x1503fe8742d0>,32,1,[2 7],53,357,358,304,354
1,<environment.Job instance at 0x1503f49ae910>,33,2,[8 1],54,369,371,315,355
1,<environment.Job instance at 0x1503f49aea00>,34,3,[9 2],55,371,374,316,357
1,<environment.Job instance at 0x1503f49ae500>,41,15,[7 2],63,408,423,345,408
1,<environment.Job instance at 0x1503f11df550>,44,19,[9 2],70,633,652,563,633
1,<environment.Job instance at 0x1503f12aacd0>,48,1,[1 7],74,638,639,564,638
1,<environment.Job instance at 0x1503f12aa320>,50,1,[ 1 11],76,641,642,565,641
1,<environment.Job instance at 0x1503f4161b90>,52,2,[2 6],79,643,645,564,643
1,<environment.Job instance at 0x1503f3f6bfa0>,4,3,[ 1 12],9,891,894,882,891
1,<environment.Job instance at 0x1503f0756550>,15,18,[2 6],30,935,953,905,935
1,<environment.Job instance at 0x1503f0ed26e0>,16,18,[2 7],25,47,65,22,47
1,<environment.Job instance at 0x1503f0ed2e10>,19,3,[1 7],28,56,59,28,56
1,<environment.Job instance at 0x1503f0ed27d0>,20,1,[2 6],29,65,66,36,65
1,<environment.Job instance at 0x1503f0ed2230>,22,2,[2 6],31,66,68,35,66
1,<environment.Job instance at 0x1503f0ed2820>,24,1,[7 2],34,73,74,39,73
1,<environment.Job instance at 0x1503f0ed2d20>,25,2,[2 6],35,77,79,42,77
1,<environment.Job instance at 0x1503f0ed2870>,26,1,[10  1],36,87,88,51,87
1,<environment.Job instance at 0x1503f114d910>,28,3,[ 2 13],38,93,96,55,93
1,<environment.Job instance at 0x1503f114d870>,29,14,[6 1],39,105,119,66,105
1,<environment.Job instance at 0x1503f114d500>,30,1,[1 5],40,109,110,69,109
1,<environment.Job instance at 0x1503f114d820>,31,2,[2 5],41,109,111,68,109
1,<environment.Job instance at 0x1503f114dfa0>,32,3,[8 2],42,112,115,70,112
1,<environment.Job instance at 0x1503f0ed2f00>,13,17,[14  2],22,119,136,97,118
1,<environment.Job instance at 0x1503f0eb2230>,40,26,[ 1 10],50,124,150,74,124
1,<environment.Job instance at 0x1503f0eb2190>,51,26,[7 2],64,136,162,72,133
1,<environment.Job instance at 0x1503f0eb28c0>,48,18,[7 1],59,168,186,109,168
1,<environment.Job instance at 0x1503f0eb28c0>,2,19,[1 5],5,12,31,7,12
1,<environment.Job instance at 0x1503f4bcad70>,27,1,[ 1 11],40,65,66,25,65
1,<environment.Job instance at 0x1503f3ebc690>,25,3,[8 1],38,80,83,42,80
1,<environment.Job instance at 0x1503f0c025a0>,46,26,[9 1],72,83,109,11,80
1,<environment.Job instance at 0x1503f3e18780>,50,1,[ 2 13],77,84,85,7,84
1,<environment.Job instance at 0x1503f499da00>,24,1,[11  1],37,178,179,141,178
1,<environment.Job instance at 0x146230874e60>,11,28,[1 9],15,29,57,14,29
1,<environment.Job instance at 0x146230874410>,14,1,[1 7],18,57,58,39,29
1,<environment.Job instance at 0x1462308cda50>,20,21,[7 1],27,29,50,2,29
1,<environment.Job instance at 0x14623014c280>,35,3,[10  2],47,50,53,3,50
1,<environment.Job instance at 0x1462303c8730>,37,2,[2 7],49,57,59,8,50
1,<environment.Job instance at 0x14623014cd70>,32,16,[9 1],43,55,71,12,55
1,<environment.Job instance at 0x14623014bb90>,39,14,[2 5],51,64,78,13,64
1,<environment.Job instance at 0x1462303b2730>,50,1,[1 8],68,68,69,0,68
1,<environment.Job instance at 0x1462303c7d20>,54,2,[10  1],74,74,76,0,74
1,<environment.Job instance at 0x1462303c4730>,59,2,[12  2],85,85,87,0,85
1,<environment.Job instance at 0x1462303c70f0>,56,18,[1 7],79,87,105,8,87
1,<environment.Job instance at 0x14623085d640>,1,2,[2 7],3,13,15,10,13
1,<environment.Job instance at 0x1462399760f0>,9,1,[8 1],17,17,18,0,17
1,<environment.Job instance at 0x14623a1e90f0>,43,2,[7 2],71,74,76,3,74
1,<environment.Job instance at 0x14623a1e9460>,42,14,[5 1],70,79,93,9,79
1,<environment.Job instance at 0x146239979af0>,40,13,[12  2],68,93,106,25,90
1,<environment.Job instance at 0x14622f9dcaf0>,4,1,[1 8],5,5,6,0,5
1,<environment.Job instance at 0x14622f9dc640>,6,3,[ 1 10],7,7,10,0,7
1,<environment.Job instance at 0x146232e2ce10>,9,3,[6 2],11,11,14,0,11
1,<environment.Job instance at 0x14622fa69dc0>,10,1,[ 1 10],12,12,13,0,12
1,<environment.Job instance at 0x1462337f1e60>,0,1,[5 2],1,13,14,12,13
1,<environment.Job instance at 0x14622fa69e10>,12,3,[1 8],14,14,17,0,14
1,<environment.Job instance at 0x146233940190>,2,14,[12  1],3,18,32,15,18
1,<environment.Job instance at 0x14622fb9fb40>,18,1,[1 5],22,22,23,0,22
1,<environment.Job instance at 0x1462308957d0>,19,3,[11  1],23,32,35,9,23
1,<environment.Job instance at 0x146232ef6d20>,20,12,[2 6],24,24,36,0,24
1,<environment.Job instance at 0x146232ac61e0>,21,3,[2 6],25,32,35,7,25
1,<environment.Job instance at 0x14622f9f7230>,23,26,[2 5],38,38,64,0,38
1,<environment.Job instance at 0x146232ee5230>,24,3,[9 2],39,39,42,0,39
1,<environment.Job instance at 0x146232ee57d0>,25,1,[10  1],40,42,43,2,40
1,<environment.Job instance at 0x14622f9c9910>,27,3,[6 1],43,43,46,0,43
1,<environment.Job instance at 0x14622f9d1230>,28,1,[8 2],44,46,47,2,44
1,<environment.Job instance at 0x14622fba7dc0>,30,26,[2 9],46,49,75,3,49
1,<environment.Job instance at 0x14622fb338c0>,39,18,[2 8],59,83,101,24,83
1,<environment.Job instance at 0x14622fba7c80>,31,15,[7 2],49,98,113,49,98
1,<environment.Job instance at 0x14622f9cee60>,54,3,[10  2],83,288,291,205,288
1,<environment.Job instance at 0x14622f9d05a0>,44,13,[2 9],65,505,518,440,505
1,<environment.Job instance at 0x146232e2c050>,19,27,[5 1],24,29,56,5,29
1,<environment.Job instance at 0x146232ae65f0>,22,2,[5 1],27,47,49,20,47
1,<environment.Job instance at 0x146230939b40>,23,1,[6 1],29,53,54,24,53
1,<environment.Job instance at 0x146232e2c690>,24,1,[8 1],31,54,55,23,53
1,<environment.Job instance at 0x146235002640>,25,13,[5 2],32,82,95,50,82
1,<environment.Job instance at 0x14622f9fb7d0>,4,17,[1 7],6,158,175,152,158
1,<environment.Job instance at 0x1462745d0410>,28,1,[6 2],38,175,176,137,175
1,<environment.Job instance at 0x146233da4960>,17,2,[12  1],22,213,215,191,213
1,<environment.Job instance at 0x146233da2280>,29,15,[2 7],39,213,228,174,213
1,<environment.Job instance at 0x14622fa370f0>,45,26,[1 7],60,214,240,154,214
1,<environment.Job instance at 0x146274555b90>,50,2,[6 2],67,235,237,168,235
1,<environment.Job instance at 0x14623a22fb90>,56,2,[8 1],73,239,241,166,239
1,<environment.Job instance at 0x14623a2426e0>,57,14,[ 2 10],74,244,258,170,244
1,<environment.Job instance at 0x146232e2cb90>,26,18,[6 2],33,277,295,244,277
1,<environment.Job instance at 0x14623a244500>,62,25,[2 6],81,296,321,215,296
1,<environment.Job instance at 0x14623969c7d0>,63,2,[2 8],82,297,299,215,297
1,<environment.Job instance at 0x14627402d320>,64,2,[1 5],83,306,308,223,306
1,<environment.Job instance at 0x1462395a5230>,65,3,[10  2],84,312,315,228,312
1,<environment.Job instance at 0x14623a3862d0>,66,3,[2 5],86,315,318,229,315
1,<environment.Job instance at 0x14623a386be0>,67,3,[2 5],89,318,321,229,315
1,<environment.Job instance at 0x1462395a5b90>,58,14,[6 1],75,333,347,258,333
1,<environment.Job instance at 0x146232ac6d70>,55,3,[13  2],72,353,356,281,353
1,<environment.Job instance at 0x1462339ebeb0>,8,2,[1 5],16,17,19,1,17
1,<environment.Job instance at 0x146232ae6cd0>,10,2,[10  1],18,19,21,1,19
1,<environment.Job instance at 0x146232ae6f00>,11,1,[12  2],20,21,22,1,21
1,<environment.Job instance at 0x146232ae6d20>,12,3,[2 5],22,24,27,2,24
1,<environment.Job instance at 0x146232ae6140>,14,3,[5 1],24,25,28,1,25
1,<environment.Job instance at 0x146232b1ff50>,15,1,[8 1],25,25,26,0,25
1,<environment.Job instance at 0x146232b1f370>,16,1,[9 1],26,27,28,1,27
1,<environment.Job instance at 0x1462339ebf00>,7,1,[ 1 13],15,27,28,12,27
1,<environment.Job instance at 0x146232b13e10>,20,1,[6 1],32,32,33,0,32
1,<environment.Job instance at 0x146232b13af0>,21,1,[8 1],33,33,34,0,33
1,<environment.Job instance at 0x146232ae6780>,13,3,[1 7],23,48,51,25,48
1,<environment.Job instance at 0x1462399ab500>,31,1,[2 8],51,51,52,0,51
1,<environment.Job instance at 0x14623997e280>,34,3,[8 1],55,55,58,0,55
1,<environment.Job instance at 0x1462399a37d0>,39,2,[9 2],62,140,142,78,140
1,<environment.Job instance at 0x14623998aaf0>,22,22,[1 7],34,157,179,123,157
1,<environment.Job instance at 0x1462399a30f0>,48,1,[13  1],73,284,285,211,284
1,<environment.Job instance at 0x1462399a30f0>,3,3,[1 8],4,4,7,0,4
1,<environment.Job instance at 0x1462313bf140>,4,22,[9 1],5,5,27,0,5
1,<environment.Job instance at 0x1462313bff50>,9,26,[10  1],11,27,53,16,24
1,<environment.Job instance at 0x1462313bf7d0>,10,3,[ 2 12],12,45,48,33,45
1,<environment.Job instance at 0x146239564f00>,30,2,[2 6],41,51,53,10,51
1,<environment.Job instance at 0x146239564b40>,34,1,[1 7],45,62,63,17,62
1,<environment.Job instance at 0x146239539280>,41,2,[5 2],58,87,89,29,87
1,<environment.Job instance at 0x1462395399b0>,42,1,[10  2],59,87,88,28,87
1,<environment.Job instance at 0x146239564910>,29,18,[10  2],40,88,106,48,87
1,<environment.Job instance at 0x1462313bf3c0>,12,3,[6 2],15,106,109,91,87
1,<environment.Job instance at 0x1462339d0c30>,47,3,[9 2],66,106,109,40,87
1,<environment.Job instance at 0x1462339d0910>,46,2,[2 9],64,89,91,25,89
1,<environment.Job instance at 0x146230b6c4b0>,49,1,[1 5],69,91,92,22,89
1,<environment.Job instance at 0x146230b6c960>,50,12,[10  1],71,109,121,38,95
1,<environment.Job instance at 0x146230b6c280>,51,15,[5 2],73,124,139,51,124
1,<environment.Job instance at 0x146233c36eb0>,56,17,[1 6],83,153,170,70,153
1,<environment.Job instance at 0x146233c360f0>,57,1,[2 9],84,170,171,86,170
1,<environment.Job instance at 0x146233c36870>,58,2,[8 1],86,172,174,86,172
1,<environment.Job instance at 0x146233c36140>,59,2,[9 2],88,174,176,86,172
1,<environment.Job instance at 0x146233c36460>,60,2,[6 1],89,174,176,85,174
1,<environment.Job instance at 0x146230b6c410>,55,14,[10  1],81,177,191,96,177
1,<environment.Job instance at 0x1462313bfaf0>,14,1,[12  1],18,197,198,179,197
1,<environment.Job instance at 0x146232a87690>,11,1,[8 1],16,22,23,6,22
1,<environment.Job instance at 0x1462338a4af0>,16,2,[1 9],26,26,28,0,26
1,<environment.Job instance at 0x1462395e6690>,17,1,[1 8],27,28,29,1,27
1,<environment.Job instance at 0x1462399809b0>,28,18,[7 1],47,56,74,9,56
1,<environment.Job instance at 0x1462300c8690>,41,12,[13  2],66,74,86,8,73
1,<environment.Job instance at 0x14623201b730>,47,14,[8 2],76,86,100,10,77
1,<environment.Job instance at 0x146232bf8af0>,51,20,[5 1],81,86,106,5,82
1,<environment.Job instance at 0x146233888910>,54,2,[2 7],85,85,87,0,85
1,<environment.Job instance at 0x1462338884b0>,55,2,[10  1],87,100,102,13,87
1,<environment.Job instance at 0x1462338145f0>,29,1,[2 7],46,58,59,12,58
1,<environment.Job instance at 0x1462745d0cd0>,37,1,[10  1],59,59,60,0,59
1,<environment.Job instance at 0x1462396806e0>,38,24,[1 8],60,60,84,0,60
1,<environment.Job instance at 0x1462745d0d20>,33,18,[7 1],51,87,105,36,87
1,<environment.Job instance at 0x146233919730>,45,3,[1 8],72,93,96,21,93
1,<environment.Job instance at 0x14627402d0f0>,46,2,[10  2],73,105,107,32,93
1,<environment.Job instance at 0x14627402d460>,47,1,[11  1],74,107,108,33,93
1,<environment.Job instance at 0x14627402d050>,48,3,[8 1],76,96,99,20,95
1,<environment.Job instance at 0x146239693460>,49,17,[2 8],77,101,118,24,101
1,<environment.Job instance at 0x14622fb103c0>,53,3,[1 8],82,118,121,36,111
1,<environment.Job instance at 0x14622fb10960>,54,2,[5 1],83,112,114,29,112
1,<environment.Job instance at 0x14622fb10190>,55,2,[2 9],84,121,123,37,112
1,<environment.Job instance at 0x14622fb105a0>,56,2,[2 8],85,123,125,38,115
1,<environment.Job instance at 0x14622fb10b90>,57,1,[2 6],87,118,119,31,118
1,<environment.Job instance at 0x146233919460>,44,3,[ 1 14],67,135,138,68,135
1,<environment.Job instance at 0x146239693a00>,52,3,[6 1],80,145,148,65,145
1,<environment.Job instance at 0x14622fba57d0>,1,1,[2 9],3,4,5,1,4
1,<environment.Job instance at 0x14622fba52d0>,2,1,[7 2],4,4,5,0,4
1,<environment.Job instance at 0x14622fe588c0>,4,1,[10  1],7,7,8,0,7
1,<environment.Job instance at 0x14622f931500>,24,13,[1 6],31,32,45,1,32
1,<environment.Job instance at 0x14622fc828c0>,26,2,[1 5],33,33,35,0,33
1,<environment.Job instance at 0x146285cbdeb0>,27,12,[1 9],34,35,47,1,35
1,<environment.Job instance at 0x14623953b0f0>,29,3,[10  2],36,45,48,9,36
1,<environment.Job instance at 0x146232c52410>,30,2,[11  2],37,48,50,11,38
1,<environment.Job instance at 0x146232c52050>,32,2,[10  1],39,50,52,11,39
1,<environment.Job instance at 0x1462337bae10>,34,1,[8 1],41,52,53,11,41
1,<environment.Job instance at 0x1462337ba6e0>,36,3,[9 1],43,53,56,10,43
1,<environment.Job instance at 0x14623999a050>,41,15,[7 2],50,56,71,6,55
1,<environment.Job instance at 0x1462382daeb0>,50,3,[10  2],65,71,74,6,71
1,<environment.Job instance at 0x1462382dad70>,51,1,[7 1],67,74,75,7,71
1,<environment.Job instance at 0x1462382da280>,56,12,[8 1],74,76,88,2,76
1,<environment.Job instance at 0x14622fa86460>,59,1,[1 8],80,80,81,0,80
1,<environment.Job instance at 0x1462382da0a0>,53,14,[9 2],69,88,102,19,87
1,<environment.Job instance at 0x14622fa86dc0>,63,3,[5 1],86,87,90,1,87
1,<environment.Job instance at 0x14622fa86280>,64,2,[5 2],87,90,92,3,87
1,<environment.Job instance at 0x1462399870a0>,18,1,[1 7],24,295,296,271,295
1,<environment.Job instance at 0x14622f3e4960>,4,2,[10  2],7,7,9,0,7
1,<environment.Job instance at 0x14622f985f00>,8,1,[10  2],14,14,15,0,14
1,<environment.Job instance at 0x146232e6c550>,5,2,[ 2 14],8,17,19,9,17
1,<environment.Job instance at 0x14623999a190>,12,1,[5 2],18,19,20,1,19
1,<environment.Job instance at 0x146239975960>,14,12,[9 2],20,20,32,0,20
1,<environment.Job instance at 0x14627401e230>,15,16,[1 6],21,21,37,0,21
1,<environment.Job instance at 0x1462740d26e0>,16,16,[7 1],23,32,48,9,23
1,<environment.Job instance at 0x1462337f5fa0>,17,3,[6 2],24,32,35,8,24
1,<environment.Job instance at 0x146232bf8a00>,18,1,[9 2],25,48,49,23,25
1,<environment.Job instance at 0x14622fe82a00>,19,3,[6 1],27,35,38,8,27
1,<environment.Job instance at 0x14622fe820a0>,20,1,[ 1 10],28,37,38,9,28
1,<environment.Job instance at 0x14623391e780>,21,1,[8 2],30,38,39,8,30
1,<environment.Job instance at 0x14622fcebb40>,24,20,[ 2 10],34,39,59,5,36
1,<environment.Job instance at 0x1462338a2730>,30,2,[2 5],42,49,51,7,42
1,<environment.Job instance at 0x1462395490a0>,36,1,[14  2],52,59,60,7,52
1,<environment.Job instance at 0x14622fe6a190>,38,3,[ 2 13],54,60,63,6,58
1,<environment.Job instance at 0x146232c68eb0>,39,2,[7 1],56,60,62,4,58
1,<environment.Job instance at 0x14623a242c30>,40,2,[7 1],59,62,64,3,59
1,<environment.Job instance at 0x14622fc6f280>,41,17,[8 1],62,63,80,1,62
1,<environment.Job instance at 0x14622fc6fdc0>,42,1,[6 1],63,64,65,1,63
1,<environment.Job instance at 0x14622fc6fd20>,43,1,[7 2],64,65,66,1,64
1,<environment.Job instance at 0x14622fc6fe60>,44,2,[ 1 10],65,66,68,1,65
1,<environment.Job instance at 0x14622fc6f9b0>,45,13,[10  2],66,80,93,14,66
1,<environment.Job instance at 0x14622fc6fd70>,46,1,[2 6],67,68,69,1,67
1,<environment.Job instance at 0x146232ac8d70>,47,3,[1 7],68,68,71,0,68
1,<environment.Job instance at 0x1462313db0a0>,48,1,[8 2],70,93,94,23,70
1,<environment.Job instance at 0x14623011fb40>,49,2,[2 8],72,72,74,0,72
1,<environment.Job instance at 0x14623011fe60>,50,1,[5 2],75,75,76,0,75
1,<environment.Job instance at 0x14627430b320>,51,18,[1 9],80,235,253,155,235
1,<environment.Job instance at 0x1462300c7690>,32,12,[8 2],47,245,257,198,245
1,<environment.Job instance at 0x14622fa875a0>,26,12,[1 5],36,281,293,245,281
1,<environment.Job instance at 0x14622f7c3370>,0,2,[9 2],1,3,5,2,3
1,<environment.Job instance at 0x146232c610a0>,7,22,[9 1],11,11,33,0,11
1,<environment.Job instance at 0x146232edb230>,10,15,[ 1 12],14,33,48,19,33
1,<environment.Job instance at 0x14622ff124b0>,23,3,[11  1],28,43,46,15,43
1,<environment.Job instance at 0x14622ff12820>,24,2,[8 2],29,46,48,17,43
1,<environment.Job instance at 0x146232edb550>,12,18,[8 1],16,48,66,32,46
1,<environment.Job instance at 0x146232bc6f00>,33,1,[7 1],46,48,49,2,46
1,<environment.Job instance at 0x146232d3aaf0>,38,2,[10  2],53,66,68,13,53
1,<environment.Job instance at 0x146232d3a7d0>,40,2,[ 1 10],56,56,58,0,56
1,<environment.Job instance at 0x146232d3ab40>,41,3,[2 6],57,58,61,1,57
1,<environment.Job instance at 0x14627402d4b0>,43,3,[2 8],59,59,62,0,59
1,<environment.Job instance at 0x14627402d550>,44,1,[1 7],61,62,63,1,61
1,<environment.Job instance at 0x146232d39410>,45,2,[2 8],62,63,65,1,62
1,<environment.Job instance at 0x146232d398c0>,47,2,[2 6],64,64,66,0,64
1,<environment.Job instance at 0x146232d3acd0>,37,17,[9 1],52,75,92,23,75
1,<environment.Job instance at 0x146232d325a0>,53,2,[1 5],72,88,90,16,88
1,<environment.Job instance at 0x146232edb280>,14,18,[1 9],18,122,140,104,122
1,<environment.Job instance at 0x146232d32eb0>,55,3,[ 2 10],75,140,143,65,122
1,<environment.Job instance at 0x146232d32b40>,54,16,[7 1],74,190,206,116,190
1,<environment.Job instance at 0x146232d32dc0>,57,2,[1 9],79,232,234,153,232
1,<environment.Job instance at 0x146232d32d70>,58,1,[2 9],81,257,258,176,257
1,<environment.Job instance at 0x146232d32050>,59,2,[ 2 10],82,284,286,202,284
1,<environment.Job instance at 0x146232d32690>,60,3,[2 9],83,331,334,248,331
1,<environment.Job instance at 0x146232d32910>,56,19,[10  1],77,814,833,737,814
1,<environment.Job instance at 0x146232d32c80>,62,3,[10  2],86,835,838,749,835
1,<environment.Job instance at 0x146232d32fa0>,64,2,[8 1],88,888,890,800,888
1,<environment.Job instance at 0x146232d32c30>,65,1,[2 6],89,889,890,800,889
1,<environment.Job instance at 0x146232d32730>,52,3,[ 2 12],71,2637,2640,2566,2637
1,<environment.Job instance at 0x146285cc9140>,0,2,[ 1 10],1,5,7,4,5
1,<environment.Job instance at 0x146285cc97d0>,4,1,[1 5],8,8,9,0,8
1,<environment.Job instance at 0x14622fe8a8c0>,18,22,[6 2],24,26,48,2,26
1,<environment.Job instance at 0x146233a280f0>,21,2,[2 9],27,30,32,3,30
1,<environment.Job instance at 0x146233a28280>,22,1,[12  2],28,48,49,20,33
1,<environment.Job instance at 0x146232cf63c0>,23,2,[1 6],29,35,37,6,35
1,<environment.Job instance at 0x1462337f8d20>,24,3,[10  1],30,49,52,19,35
1,<environment.Job instance at 0x1462337f80a0>,25,3,[6 2],32,42,45,10,42
1,<environment.Job instance at 0x14623a2add70>,27,2,[8 2],36,45,47,9,42
1,<environment.Job instance at 0x14623a2ad460>,28,1,[1 5],39,42,43,3,42
1,<environment.Job instance at 0x14623a2d55a0>,29,2,[6 2],40,52,54,12,42
1,<environment.Job instance at 0x1462301095a0>,30,2,[5 1],42,49,51,7,42
1,<environment.Job instance at 0x14622fca3f50>,26,1,[2 9],33,51,52,18,49
1,<environment.Job instance at 0x146232ba4dc0>,32,3,[8 2],47,54,57,7,54
1,<environment.Job instance at 0x146232d09870>,33,14,[1 6],50,70,84,20,70
1,<environment.Job instance at 0x14622fcd5730>,34,2,[2 5],51,72,74,21,72
1,<environment.Job instance at 0x14622fcd57d0>,35,12,[9 1],52,74,86,22,74
1,<environment.Job instance at 0x14622fcd5a50>,36,2,[6 2],53,84,86,31,82
1,<environment.Job instance at 0x14622fcd5eb0>,37,2,[1 8],54,86,88,32,86
1,<environment.Job instance at 0x14622f98f460>,38,21,[2 5],55,86,107,31,86
1,<environment.Job instance at 0x14622f98faa0>,39,15,[8 1],57,109,124,52,109
1,<environment.Job instance at 0x14622f98f8c0>,40,12,[2 8],58,132,144,74,132
1,<environment.Job instance at 0x14622f98f640>,41,2,[10  2],59,132,134,73,132
1,<environment.Job instance at 0x14622f98f7d0>,42,3,[2 7],60,136,139,76,136
1,<environment.Job instance at 0x14622f98ffa0>,43,20,[14  1],63,144,164,81,136
1,<environment.Job instance at 0x146232ba4320>,31,13,[10  2],44,164,177,120,158
1,<environment.Job instance at 0x14622f98fb40>,45,2,[1 7],65,158,160,93,158
1,<environment.Job instance at 0x14622f98f140>,46,3,[8 1],66,177,180,111,158
1,<environment.Job instance at 0x14622f98f910>,47,2,[2 5],69,164,166,95,158
1,<environment.Job instance at 0x146232b9e2d0>,48,1,[10  2],70,180,181,110,161
1,<environment.Job instance at 0x146232b9edc0>,49,3,[2 8],71,164,167,93,162
1,<environment.Job instance at 0x14622fe6a460>,50,3,[6 1],72,177,180,105,163
1,<environment.Job instance at 0x14622fe6a690>,51,14,[2 9],73,180,194,107,171
1,<environment.Job instance at 0x14623010e640>,53,1,[1 9],76,171,172,95,171
1,<environment.Job instance at 0x14622fe6a6e0>,54,3,[7 2],77,181,184,104,177
1,<environment.Job instance at 0x14623010e3c0>,55,1,[1 7],78,178,179,100,178
1,<environment.Job instance at 0x14622fbe96e0>,56,1,[8 2],79,184,185,105,180
1,<environment.Job instance at 0x14622fbe9640>,57,3,[ 1 10],80,194,197,114,180
1,<environment.Job instance at 0x14622fbe9730>,58,3,[ 1 12],81,197,200,116,187
1,<environment.Job instance at 0x14622fbe9190>,59,2,[10  1],82,187,189,105,187
1,<environment.Job instance at 0x14622fbfcb40>,60,3,[2 5],83,190,193,107,190
1,<environment.Job instance at 0x14622fbfc960>,61,3,[5 1],84,190,193,106,190
1,<environment.Job instance at 0x1462308d40f0>,62,1,[9 2],88,193,194,105,191
1,<environment.Job instance at 0x1462840e9dc0>,17,2,[14  1],23,253,255,230,253
1,<environment.Job instance at 0x1462339921e0>,3,2,[7 2],7,7,9,0,7
1,<environment.Job instance at 0x146232e37410>,6,1,[ 1 10],10,10,11,0,10
1,<environment.Job instance at 0x1462339929b0>,0,3,[7 1],2,13,16,11,13
1,<environment.Job instance at 0x146232e379b0>,8,3,[2 6],12,41,44,29,41
1,<environment.Job instance at 0x146232e37050>,9,27,[1 5],15,44,71,29,44
1,<environment.Job instance at 0x146232e376e0>,10,2,[2 5],17,70,72,53,70
1,<environment.Job instance at 0x146232e372d0>,11,2,[8 2],18,72,74,54,72
1,<environment.Job instance at 0x146232e37320>,4,17,[9 1],8,1490,1507,1482,1490
1,<environment.Job instance at 0x146232e37820>,14,3,[2 6],23,1500,1503,1477,1500
1,<environment.Job instance at 0x146232e37730>,12,14,[ 1 11],20,1658,1672,1638,1658
1,<environment.Job instance at 0x146232e37460>,16,3,[14  2],26,1672,1675,1646,1672
1,<environment.Job instance at 0x146232e37230>,17,2,[8 2],28,1676,1678,1648,1676
1,<environment.Job instance at 0x146232e37140>,15,18,[9 1],25,1678,1696,1653,1677
1,<environment.Job instance at 0x146232e37f00>,19,16,[1 7],30,1689,1705,1659,1689
1,<environment.Job instance at 0x146232e37e60>,22,3,[6 2],33,1703,1706,1670,1703
1,<environment.Job instance at 0x146232e37aa0>,23,3,[7 1],34,1703,1706,1669,1703
1,<environment.Job instance at 0x146232e371e0>,24,17,[1 7],35,1707,1724,1672,1707
1,<environment.Job instance at 0x146232e370f0>,25,1,[8 1],36,1719,1720,1683,1719
1,<environment.Job instance at 0x14622ffe2820>,26,1,[1 5],37,1723,1724,1686,1723
1,<environment.Job instance at 0x14622ffe2aa0>,27,1,[ 1 10],39,1724,1725,1685,1723
1,<environment.Job instance at 0x14622ffe28c0>,28,2,[6 1],42,1723,1725,1681,1723
1,<environment.Job instance at 0x14622ffe2fa0>,29,1,[8 1],43,1724,1725,1681,1723
1,<environment.Job instance at 0x14622ffe2690>,30,1,[9 1],44,1725,1726,1681,1723
1,<environment.Job instance at 0x14622ffe2730>,31,2,[5 2],45,1725,1727,1680,1723
1,<environment.Job instance at 0x14622ffe21e0>,32,3,[5 2],47,1726,1729,1679,1724
1,<environment.Job instance at 0x14622ffe2910>,33,13,[7 2],48,1751,1764,1703,1751
1,<environment.Job instance at 0x14622ffe29b0>,34,12,[2 8],49,1766,1778,1717,1766
1,<environment.Job instance at 0x14622ffe26e0>,35,3,[1 9],50,1778,1781,1728,1774
1,<environment.Job instance at 0x14622ffe23c0>,36,3,[1 6],54,1782,1785,1728,1782
1,<environment.Job instance at 0x14622ffe2b40>,37,3,[2 5],55,1783,1786,1728,1783
1,<environment.Job instance at 0x14622ffe2e60>,38,27,[ 2 10],56,1785,1812,1729,1783
1,<environment.Job instance at 0x14622ffe27d0>,39,18,[1 9],57,1812,1830,1755,1809
1,<environment.Job instance at 0x146233992230>,2,2,[ 1 11],5,1834,1836,1829,1834
1,<environment.Job instance at 0x146232e37f50>,20,13,[5 1],31,1834,1847,1803,1834
1,<environment.Job instance at 0x14622ffe2d70>,44,2,[1 5],64,1836,1838,1772,1834
1,<environment.Job instance at 0x14622ffe2050>,46,19,[2 5],66,1836,1855,1770,1834
1,<environment.Job instance at 0x146232e218c0>,52,3,[ 1 14],72,1855,1858,1783,1837
1,<environment.Job instance at 0x146232e215f0>,53,1,[2 9],74,1838,1839,1764,1838
1,<environment.Job instance at 0x146232e58b40>,57,3,[8 2],79,1839,1842,1760,1838
1,<environment.Job instance at 0x146232e58780>,58,12,[6 2],81,1842,1854,1761,1841
1,<environment.Job instance at 0x146232e58c80>,59,16,[1 5],82,1858,1874,1776,1845
1,<environment.Job instance at 0x146232e58910>,63,2,[10  2],86,1858,1860,1772,1845
1,<environment.Job instance at 0x146232e58320>,64,2,[ 1 10],87,1860,1862,1773,1845
1,<environment.Job instance at 0x146232e58640>,62,2,[1 9],85,1878,1880,1793,1878
1,<environment.Job instance at 0x14622f8156e0>,3,1,[10  1],5,5,6,0,5
1,<environment.Job instance at 0x14622f834f50>,2,2,[2 5],3,6,8,3,6
1,<environment.Job instance at 0x146232e37dc0>,5,27,[5 1],9,9,36,0,9
1,<environment.Job instance at 0x1462841005a0>,8,25,[ 1 10],14,31,56,17,31
1,<environment.Job instance at 0x14622fe71dc0>,21,24,[8 1],36,36,60,0,36
1,<environment.Job instance at 0x146233802140>,36,1,[ 1 12],57,69,70,12,69
1,<environment.Job instance at 0x14623668b320>,54,18,[8 1],79,109,127,30,109
1,<environment.Job instance at 0x146232dc0500>,59,1,[13  2],85,130,131,45,130
1,<environment.Job instance at 0x1462745a4730>,11,17,[10  2],16,24,41,8,24
1,<environment.Job instance at 0x146239593d20>,17,1,[7 2],22,41,42,19,37
1,<environment.Job instance at 0x1462313e21e0>,24,20,[9 2],31,42,62,11,38
1,<environment.Job instance at 0x14623975b6e0>,25,2,[8 2],33,62,64,29,38
1,<environment.Job instance at 0x146230006870>,33,2,[ 1 10],42,42,44,0,42
1,<environment.Job instance at 0x146230018370>,40,1,[6 2],53,53,54,0,53
1,<environment.Job instance at 0x146230018d20>,41,3,[ 2 10],55,55,58,0,55
1,<environment.Job instance at 0x146230018730>,38,1,[9 2],51,64,65,13,56
1,<environment.Job instance at 0x14622fd2d0f0>,43,2,[8 2],58,65,67,7,58
1,<environment.Job instance at 0x146239766cd0>,44,1,[7 2],59,62,63,3,59
1,<environment.Job instance at 0x146230015050>,45,25,[2 5],60,63,88,3,60
1,<environment.Job instance at 0x146230015af0>,47,17,[7 1],62,71,88,9,71
1,<environment.Job instance at 0x14622fd44b90>,23,22,[10  1],30,88,110,58,82
1,<environment.Job instance at 0x1462396dd190>,61,16,[8 1],83,110,126,27,97
1,<environment.Job instance at 0x14622fd2db90>,42,18,[ 2 11],56,1867,1885,1811,1867
1,<environment.Job instance at 0x146233975a00>,1,27,[9 2],3,3,30,0,3
1,<environment.Job instance at 0x14623a2646e0>,12,1,[1 8],25,29,30,4,29
1,<environment.Job instance at 0x146232ca3e60>,4,12,[8 1],9,30,42,21,30
1,<environment.Job instance at 0x146232c63230>,16,22,[9 2],30,43,65,13,43
1,<environment.Job instance at 0x146232c633c0>,17,20,[9 1],35,65,85,30,58
1,<environment.Job instance at 0x14622fb68280>,34,2,[10  1],58,85,87,27,84
1,<environment.Job instance at 0x146232021a00>,39,2,[8 1],64,87,89,23,85
1,<environment.Job instance at 0x146232cf0140>,10,3,[ 1 12],19,110,113,91,110
1,<environment.Job instance at 0x14622f766050>,43,1,[2 9],69,113,114,44,110
1,<environment.Job instance at 0x146239549fa0>,45,1,[1 9],71,114,115,43,110
1,<environment.Job instance at 0x14622f790410>,56,1,[ 1 11],86,215,216,129,215
1,<environment.Job instance at 0x146232cf0a00>,13,14,[7 1],26,421,435,395,421
1,<environment.Job instance at 0x146232ec8d20>,2,2,[7 1],8,8,10,0,8
1,<environment.Job instance at 0x1462745a23c0>,10,12,[1 9],18,19,31,1,19
1,<environment.Job instance at 0x14623016b4b0>,15,3,[ 1 10],24,31,34,7,24
1,<environment.Job instance at 0x146232ec8730>,3,14,[5 1],9,27,41,18,27
1,<environment.Job instance at 0x146232b96730>,17,1,[6 1],26,27,28,1,27
1,<environment.Job instance at 0x14622f4a2960>,14,16,[5 2],23,29,45,6,29
1,<environment.Job instance at 0x146236681af0>,21,3,[2 9],30,34,37,4,30
1,<environment.Job instance at 0x14622fbe7e10>,22,2,[2 6],31,37,39,6,31
1,<environment.Job instance at 0x14622fbe7500>,23,1,[2 6],32,37,38,5,32
1,<environment.Job instance at 0x14622fa67730>,24,1,[7 2],34,41,42,7,34
1,<environment.Job instance at 0x14622f6b7820>,25,2,[2 6],35,38,40,3,35
1,<environment.Job instance at 0x14622f6b7e10>,26,1,[10  1],36,42,43,6,36
1,<environment.Job instance at 0x14622f6b7730>,27,3,[8 2],37,43,46,6,37
1,<environment.Job instance at 0x14623a2b70a0>,28,3,[ 2 13],38,45,48,7,38
1,<environment.Job instance at 0x146232ee71e0>,20,1,[2 6],29,39,40,10,39
1,<environment.Job instance at 0x146233985960>,31,2,[2 5],41,43,45,2,41
1,<environment.Job instance at 0x1462339857d0>,30,1,[1 5],40,41,42,1,41
1,<environment.Job instance at 0x146233985870>,34,13,[5 2],44,46,59,2,45
1,<environment.Job instance at 0x14623a25c4b0>,36,17,[6 1],46,48,65,2,46
1,<environment.Job instance at 0x14622fc44140>,37,3,[7 1],47,59,62,12,47
1,<environment.Job instance at 0x1462301676e0>,38,2,[5 1],48,62,64,14,48
1,<environment.Job instance at 0x1462308b20a0>,40,26,[ 1 10],50,50,76,0,50
1,<environment.Job instance at 0x14622fe9efa0>,43,1,[6 1],54,64,65,10,62
1,<environment.Job instance at 0x14622fe9ecd0>,44,17,[1 5],55,65,82,10,63
1,<environment.Job instance at 0x14622fe9e3c0>,45,3,[10  2],56,76,79,20,64
1,<environment.Job instance at 0x14622fe9e0a0>,46,3,[9 1],57,79,82,22,64
1,<environment.Job instance at 0x14622fe9e730>,47,1,[2 9],58,79,80,21,64
1,<environment.Job instance at 0x14622f9e4be0>,50,2,[ 2 10],63,82,84,19,68
1,<environment.Job instance at 0x14622fc04320>,51,26,[7 2],64,82,108,18,79
1,<environment.Job instance at 0x1462300558c0>,53,3,[1 5],67,84,87,17,79
1,<environment.Job instance at 0x14622f40b8c0>,55,2,[ 1 10],69,87,89,18,79
1,<environment.Job instance at 0x14622f40b9b0>,56,1,[ 2 10],71,89,90,18,79
1,<environment.Job instance at 0x146232e12a50>,58,1,[2 5],73,80,81,7,79
1,<environment.Job instance at 0x1462301607d0>,59,3,[8 1],74,90,93,16,79
1,<environment.Job instance at 0x14622f7b2500>,62,1,[8 2],82,93,94,11,82
1,<environment.Job instance at 0x14622fa30280>,63,19,[1 5],85,94,113,9,85
1,<environment.Job instance at 0x14622fa30cd0>,64,1,[9 2],86,108,109,22,86
1,<environment.Job instance at 0x14622fa305a0>,65,2,[1 8],88,94,96,6,88
1,<environment.Job instance at 0x146232c8a7d0>,21,1,[ 1 11],30,47,48,17,47
1,<environment.Job instance at 0x14623a25a2d0>,24,1,[1 5],35,48,49,13,47
1,<environment.Job instance at 0x14622fd39c30>,28,2,[1 9],39,51,53,12,51
1,<environment.Job instance at 0x1462395e2550>,18,1,[11  1],27,52,53,25,52
1,<environment.Job instance at 0x1462300e40f0>,32,2,[2 7],45,53,55,8,53
1,<environment.Job instance at 0x146232bc4a50>,33,1,[2 5],46,53,54,7,53
1,<environment.Job instance at 0x14623a2f8690>,37,12,[8 1],53,61,73,8,61
1,<environment.Job instance at 0x14622f6bb050>,40,26,[9 1],62,73,99,11,70
1,<environment.Job instance at 0x14622f56d410>,44,1,[ 2 13],67,96,97,29,96
1,<environment.Job instance at 0x1462395b27d0>,48,12,[ 2 11],73,1361,1373,1288,1361
1,<environment.Job instance at 0x14623017b5f0>,5,16,[8 2],10,16,32,6,16
1,<environment.Job instance at 0x146232efd500>,13,14,[8 2],19,32,46,13,20
1,<environment.Job instance at 0x14623388e0f0>,15,1,[10  2],21,46,47,25,25
1,<environment.Job instance at 0x14622fc6e050>,18,23,[1 8],26,27,50,1,27
1,<environment.Job instance at 0x14622ff16cd0>,34,19,[1 5],53,61,80,8,61
1,<environment.Job instance at 0x14622fc5b190>,36,18,[7 2],56,72,90,16,72
1,<environment.Job instance at 0x14622fc5b730>,38,2,[9 2],59,90,92,31,73
1,<environment.Job instance at 0x14622f841320>,40,1,[6 1],63,73,74,10,73
1,<environment.Job instance at 0x14622f841aa0>,43,2,[ 2 14],69,92,94,23,76
1,<environment.Job instance at 0x14622f8410a0>,45,1,[8 1],71,80,81,9,76
1,<environment.Job instance at 0x1462840dd910>,57,3,[9 2],88,94,97,6,91
1,<environment.Job instance at 0x146232b1fe60>,58,3,[1 7],89,94,97,5,91
1,<environment.Job instance at 0x14622ff16820>,31,2,[13  1],47,127,129,80,127
1,<environment.Job instance at 0x146233854320>,0,1,[2 7],3,4,5,1,4
1,<environment.Job instance at 0x146233844910>,17,2,[ 1 10],30,30,32,0,30
1,<environment.Job instance at 0x14622f977140>,25,2,[5 2],41,41,43,0,41
1,<environment.Job instance at 0x14622f977370>,26,2,[6 1],42,42,44,0,42
1,<environment.Job instance at 0x14622f9775a0>,27,1,[1 9],43,43,44,0,43
1,<environment.Job instance at 0x14622f9777d0>,28,1,[7 1],44,44,45,0,44
1,<environment.Job instance at 0x146233841d70>,34,2,[2 9],52,52,54,0,52
1,<environment.Job instance at 0x146233841aa0>,35,2,[1 9],53,54,56,1,53
1,<environment.Job instance at 0x146233841f00>,36,18,[8 1],54,59,77,5,59
1,<environment.Job instance at 0x146233841550>,40,2,[7 1],58,72,74,14,72
1,<environment.Job instance at 0x146232d045a0>,45,1,[1 8],68,75,76,7,75
1,<environment.Job instance at 0x146233844820>,22,27,[9 1],35,77,104,42,75
1,<environment.Job instance at 0x146232d04fa0>,47,1,[8 1],71,104,105,33,76
1,<environment.Job instance at 0x146232d041e0>,48,1,[5 2],73,76,77,3,76
1,<environment.Job instance at 0x146232d04aa0>,49,1,[9 2],75,105,106,30,77
1,<environment.Job instance at 0x146232d04730>,50,1,[ 1 14],76,77,78,1,77
1,<environment.Job instance at 0x146232d04320>,51,2,[1 7],77,78,80,1,77
1,<environment.Job instance at 0x14622f961a50>,52,1,[9 1],79,106,107,27,79
1,<environment.Job instance at 0x146232d04eb0>,41,3,[ 2 12],64,93,96,29,93
1,<environment.Job instance at 0x14622f961d70>,57,2,[2 7],84,96,98,12,93
1,<environment.Job instance at 0x14622f961280>,58,2,[2 9],85,98,100,13,93
1,<environment.Job instance at 0x14622f961e10>,55,25,[5 1],82,640,665,558,640
1,<environment.Job instance at 0x14a0cf84ce60>,11,28,[1 9],15,22,50,7,22
1,<environment.Job instance at 0x14a0cf82f960>,17,3,[6 1],23,23,26,0,23
1,<environment.Job instance at 0x14a0cf8312d0>,20,21,[7 1],27,27,48,0,27
1,<environment.Job instance at 0x14a0cf8309b0>,21,22,[8 2],28,48,70,20,41
1,<environment.Job instance at 0x14a0cf387190>,53,1,[7 2],72,72,73,0,72
1,<environment.Job instance at 0x14a0cf3876e0>,54,2,[10  1],74,74,76,0,74
1,<environment.Job instance at 0x14a0cf387d70>,55,2,[2 7],75,75,77,0,75
1,<environment.Job instance at 0x14a0cf39ce10>,59,2,[12  2],85,87,89,2,87
1,<environment.Job instance at 0x14a0cf12a460>,64,18,[1 7],91,100,118,9,100
1,<environment.Job instance at 0x14a0cf7f3be0>,2,2,[1 6],3,4,6,1,4
1,<environment.Job instance at 0x14a0cf7f33c0>,3,2,[2 6],6,6,8,0,6
1,<environment.Job instance at 0x14a0dd2916e0>,5,2,[1 5],8,8,10,0,8
1,<environment.Job instance at 0x14a0dd291820>,8,2,[10  2],13,13,15,0,13
1,<environment.Job instance at 0x14a0cf830a50>,1,1,[8 1],2,17,18,15,17
1,<environment.Job instance at 0x14a0dc657f00>,9,3,[8 1],17,18,21,1,18
1,<environment.Job instance at 0x14a0dc657960>,10,3,[10  1],19,21,24,2,21
1,<environment.Job instance at 0x14a0dc657550>,12,12,[1 7],21,21,33,0,21
1,<environment.Job instance at 0x14a0dc6565a0>,16,2,[1 5],25,25,27,0,25
1,<environment.Job instance at 0x14a0dd1de4b0>,17,3,[2 5],27,27,30,0,27
1,<environment.Job instance at 0x14a0dd2c9e10>,18,3,[8 1],28,28,31,0,28
1,<environment.Job instance at 0x14a0dd2c9870>,19,3,[1 6],29,30,33,1,29
1,<environment.Job instance at 0x14a0dc657190>,13,16,[1 7],22,36,52,14,36
1,<environment.Job instance at 0x14a0dc96bfa0>,29,2,[9 1],46,46,48,0,46
1,<environment.Job instance at 0x14a0dd2c3230>,30,3,[2 9],48,52,55,4,48
1,<environment.Job instance at 0x14a0dc5d6550>,31,2,[6 1],52,52,54,0,52
1,<environment.Job instance at 0x14a0dc5d6c30>,32,15,[9 2],53,54,69,1,53
1,<environment.Job instance at 0x14a0dc676a00>,37,14,[5 1],60,68,82,8,68
1,<environment.Job instance at 0x14a0dd2cf640>,43,3,[9 1],67,69,72,2,68
1,<environment.Job instance at 0x14a0dd2cfe10>,44,3,[2 7],68,72,75,4,68
1,<environment.Job instance at 0x14a0dc6c2140>,45,2,[ 2 10],70,75,77,5,70
1,<environment.Job instance at 0x14a0dc6a9f50>,47,3,[10  2],75,77,80,2,75
1,<environment.Job instance at 0x14a0dc6be140>,48,16,[6 1],77,80,96,3,77
1,<environment.Job instance at 0x14a0dd1d7e60>,50,18,[2 5],80,83,101,3,83
1,<environment.Job instance at 0x14a0dc567be0>,35,13,[12  2],58,101,114,43,101
1,<environment.Job instance at 0x14a0dc98fd20>,62,27,[5 2],93,114,141,21,112
1,<environment.Job instance at 0x14a0dc98feb0>,53,14,[12  1],83,355,369,272,355
1,<environment.Job instance at 0x14a0dc97c0a0>,1,1,[1 5],2,3,4,1,3
1,<environment.Job instance at 0x14a0dc97c5a0>,2,3,[11  1],3,3,6,0,3
1,<environment.Job instance at 0x14a0cf7cab90>,4,3,[2 6],5,5,8,0,5
1,<environment.Job instance at 0x14a0cea8b7d0>,0,2,[2 5],1,8,10,7,8
1,<environment.Job instance at 0x14a0cea60eb0>,6,26,[2 5],18,18,44,0,18
1,<environment.Job instance at 0x14a0ce9a5960>,19,22,[2 7],35,43,65,8,43
1,<environment.Job instance at 0x14a0ce9e3550>,31,2,[1 5],52,52,54,0,52
1,<environment.Job instance at 0x14a0cead6a50>,21,2,[2 8],38,121,123,83,121
1,<environment.Job instance at 0x14a0ce9ee640>,61,27,[5 1],94,121,148,27,121
1,<environment.Job instance at 0x14a0ce9a4910>,12,25,[1 8],25,151,176,126,151
1,<environment.Job instance at 0x14a0cf87caa0>,59,2,[12  1],92,173,175,81,173
1,<environment.Job instance at 0x14a0dc685e60>,0,1,[8 1],1,3,4,2,3
1,<environment.Job instance at 0x14a0dc6859b0>,3,14,[10  1],6,6,20,0,6
1,<environment.Job instance at 0x14a0dc6858c0>,2,18,[6 2],3,23,41,20,23
1,<environment.Job instance at 0x14a0dc5345a0>,20,3,[1 9],29,29,32,0,29
1,<environment.Job instance at 0x14a0dc534960>,21,26,[1 7],30,32,58,2,30
1,<environment.Job instance at 0x14a0dc0afa50>,29,3,[6 2],40,40,43,0,40
1,<environment.Job instance at 0x14a0dc081320>,32,2,[8 1],43,44,46,1,44
1,<environment.Job instance at 0x14a0dc081a50>,33,14,[ 2 10],44,58,72,14,54
1,<environment.Job instance at 0x14a0cf8bcc30>,35,1,[8 2],46,181,182,135,181
1,<environment.Job instance at 0x14a0dc081af0>,36,3,[10  1],47,182,185,135,181
1,<environment.Job instance at 0x14a0cea600a0>,37,15,[7 2],49,189,204,140,189
1,<environment.Job instance at 0x14a0dc081e60>,38,25,[2 6],51,190,215,139,190
1,<environment.Job instance at 0x14a0dc081640>,34,14,[6 1],45,204,218,159,204
1,<environment.Job instance at 0x14a0dc0810f0>,40,2,[1 5],53,204,206,151,204
1,<environment.Job instance at 0x14a0d1d5afa0>,41,3,[10  2],54,218,221,164,206
1,<environment.Job instance at 0x14a0d27e9820>,42,3,[2 5],56,207,210,151,207
1,<environment.Job instance at 0x14a0cf7e7280>,43,3,[2 5],59,210,213,151,207
1,<environment.Job instance at 0x14a0cf05f960>,44,17,[1 7],62,213,230,151,209
1,<environment.Job instance at 0x14a0cf393640>,49,12,[1 8],72,226,238,154,226
1,<environment.Job instance at 0x14a0cea0a280>,52,2,[1 5],76,230,232,154,226
1,<environment.Job instance at 0x14a0d289a500>,54,2,[10  1],78,241,243,163,241
1,<environment.Job instance at 0x14a0cf387730>,55,1,[12  2],80,246,247,166,246
1,<environment.Job instance at 0x14a0cf387eb0>,56,3,[2 5],82,247,250,165,247
1,<environment.Job instance at 0x14a0d1efda00>,51,1,[ 1 13],75,262,263,187,262
1,<environment.Job instance at 0x14a0ceb1e280>,66,22,[1 7],94,263,285,169,262
1,<environment.Job instance at 0x14a0dc081c80>,31,3,[13  2],42,311,314,269,311
1,<environment.Job instance at 0x14a0dc99ccd0>,0,18,[7 2],1,26,44,25,26
1,<environment.Job instance at 0x14a0cea0b230>,25,22,[7 2],35,40,62,5,40
1,<environment.Job instance at 0x14a0cea070f0>,29,2,[2 8],43,44,46,1,43
1,<environment.Job instance at 0x14a0cea0bc30>,18,3,[1 7],26,68,71,42,68
1,<environment.Job instance at 0x14a0cea07b40>,31,3,[7 1],45,72,75,27,72
1,<environment.Job instance at 0x14a0cea07140>,32,3,[10  2],46,76,79,30,76
1,<environment.Job instance at 0x14a0cea07050>,33,15,[7 1],47,530,545,483,530
1,<environment.Job instance at 0x14a0ce9e44b0>,34,2,[2 6],48,543,545,495,543
1,<environment.Job instance at 0x14a0ce9e40f0>,35,2,[6 1],49,544,546,495,544
1,<environment.Job instance at 0x14a0ce9e4050>,36,3,[2 8],51,546,549,495,546
1,<environment.Job instance at 0x14a0ce9e4d70>,37,2,[5 2],52,548,550,496,548
1,<environment.Job instance at 0x14a0ce9e4190>,38,2,[2 7],53,549,551,496,549
1,<environment.Job instance at 0x14a0ce9db230>,39,3,[1 8],54,552,555,498,552
1,<environment.Job instance at 0x14a0cea07b90>,30,17,[10  2],44,2702,2719,2658,2702
1,<environment.Job instance at 0x14a0ce9dbeb0>,41,16,[8 1],57,2745,2761,2688,2745
1,<environment.Job instance at 0x14a0ce9db870>,42,1,[9 2],58,2761,2762,2703,2746
1,<environment.Job instance at 0x14a0ce9db780>,43,2,[ 1 10],59,2748,2750,2689,2748
1,<environment.Job instance at 0x14a0ce9db640>,44,3,[2 7],60,2750,2753,2690,2750
1,<environment.Job instance at 0x14a0ce9db5f0>,45,26,[10  1],61,2813,2839,2752,2813
1,<environment.Job instance at 0x14a0ce9dbc30>,46,3,[ 2 12],62,2815,2818,2753,2815
1,<environment.Job instance at 0x14a0ce9dbbe0>,47,12,[8 2],63,2872,2884,2809,2872
1,<environment.Job instance at 0x14a0ce9dbe60>,48,3,[6 2],65,2874,2877,2809,2874
1,<environment.Job instance at 0x14a0ce9db140>,49,2,[1 6],67,2875,2877,2808,2875
1,<environment.Job instance at 0x14a0ce9dbf00>,50,1,[12  1],68,2884,2885,2816,2879
1,<environment.Job instance at 0x14a0ce9dbc80>,51,18,[2 8],69,2887,2905,2818,2887
1,<environment.Job instance at 0x14a0ce9db4b0>,52,1,[7 1],73,2903,2904,2830,2903
1,<environment.Job instance at 0x14a0ce9db690>,53,2,[2 5],74,2903,2905,2829,2903
1,<environment.Job instance at 0x14a0ce9db9b0>,54,1,[5 2],75,2904,2905,2829,2904
1,<environment.Job instance at 0x14a0ce9dbb90>,2,2,[7 1],6,6,8,0,6
1,<environment.Job instance at 0x14a0d2cc8aa0>,4,2,[5 2],8,8,10,0,8
1,<environment.Job instance at 0x14a0ce9db9b0>,6,1,[10  1],10,11,12,1,11
1,<environment.Job instance at 0x14a0d1a6fe10>,9,2,[2 9],14,14,16,0,14
1,<environment.Job instance at 0x14a0dc53faf0>,15,2,[10  1],26,26,28,0,26
1,<environment.Job instance at 0x14a0d1c9f870>,33,1,[10  2],51,51,52,0,51
1,<environment.Job instance at 0x14a0cec63e10>,49,2,[2 6],80,80,82,0,80
1,<environment.Job instance at 0x14a0cf87ca00>,50,2,[2 5],82,82,84,0,82
1,<environment.Job instance at 0x14a0dec60c30>,46,14,[9 2],74,84,98,10,84
1,<environment.Job instance at 0x14a0ceb07550>,52,1,[1 9],86,86,87,0,86
1,<environment.Job instance at 0x14a0ceb072d0>,53,18,[7 1],87,98,116,11,87
1,<environment.Job instance at 0x14a0cf35f410>,51,16,[ 2 10],83,87,103,4,87
1,<environment.Job instance at 0x14a0d0ff6190>,56,3,[2 5],92,103,106,11,94
1,<environment.Job instance at 0x14a0d0ff6a50>,58,12,[2 7],96,161,173,65,161
1,<environment.Job instance at 0x14a0dc5cf190>,12,3,[8 1],18,18,21,0,18
1,<environment.Job instance at 0x14a0dd2a52d0>,14,20,[5 1],21,22,42,1,22
1,<environment.Job instance at 0x14a0df53a2d0>,19,15,[8 1],29,39,54,10,39
1,<environment.Job instance at 0x14a120097cd0>,30,3,[9 1],45,54,57,9,46
1,<environment.Job instance at 0x14a0cf386320>,33,15,[1 5],49,66,81,17,66
1,<environment.Job instance at 0x14a0dc566910>,35,3,[10  1],53,66,69,13,66
1,<environment.Job instance at 0x14a0d1c1bc80>,36,1,[6 2],54,69,70,15,69
1,<environment.Job instance at 0x14a0d1c1b280>,37,2,[6 1],55,69,71,14,69
1,<environment.Job instance at 0x14a0dd309050>,38,3,[8 1],57,70,73,13,69
1,<environment.Job instance at 0x14a0dc66faa0>,39,1,[1 9],59,71,72,12,71
1,<environment.Job instance at 0x14a0dc66f690>,40,1,[2 9],60,72,73,12,71
1,<environment.Job instance at 0x14a0dc66fa50>,41,1,[2 9],61,73,74,12,71
1,<environment.Job instance at 0x14a0dc66f3c0>,42,14,[1 6],64,74,88,10,74
1,<environment.Job instance at 0x14a0dc66f320>,44,1,[2 7],66,81,82,15,74
1,<environment.Job instance at 0x14a0dc66f460>,46,16,[2 5],68,82,98,14,82
1,<environment.Job instance at 0x14a0dc5cfc80>,15,16,[10  2],22,82,98,60,82
1,<environment.Job instance at 0x14a0d285c0a0>,49,2,[7 1],74,98,100,24,82
1,<environment.Job instance at 0x14a0d1b89960>,50,1,[2 7],76,88,89,12,84
1,<environment.Job instance at 0x14a0d1b89fa0>,53,2,[7 1],80,98,100,18,85
1,<environment.Job instance at 0x14a0d278a460>,54,18,[7 1],81,100,118,19,89
1,<environment.Job instance at 0x14a0d278ab90>,55,13,[8 2],82,116,129,34,116
1,<environment.Job instance at 0x14a0d278a5f0>,57,12,[ 2 10],88,123,135,35,123
1,<environment.Job instance at 0x14a0d278a870>,58,1,[10  1],89,129,130,40,123
1,<environment.Job instance at 0x14a0d285cc30>,48,17,[8 2],73,130,147,57,124
1,<environment.Job instance at 0x14a0d278a690>,60,3,[1 7],91,135,138,44,124
1,<environment.Job instance at 0x14a0d278ac80>,61,1,[8 1],93,147,148,54,124
1,<environment.Job instance at 0x14a0cebc2640>,62,2,[8 2],94,148,150,54,124
1,<environment.Job instance at 0x14a0cebc2960>,63,1,[1 7],95,138,139,43,124
1,<environment.Job instance at 0x14a0cebc2870>,64,3,[2 9],96,139,142,43,124
1,<environment.Job instance at 0x14a0cebc2140>,65,3,[ 1 14],97,150,153,53,124
1,<environment.Job instance at 0x14a0d278a640>,59,24,[1 8],90,163,187,73,163
1,<environment.Job instance at 0x14a0cece92d0>,4,12,[13  2],6,2081,2093,2075,2081
1,<environment.Job instance at 0x14a0df2c7be0>,2,1,[11  1],4,4,5,0,4
1,<environment.Job instance at 0x14a0ceeeb500>,14,2,[8 1],21,21,23,0,21
1,<environment.Job instance at 0x14a0ce99e140>,18,1,[10  1],27,27,28,0,27
1,<environment.Job instance at 0x14a0dd25de60>,24,3,[1 6],33,34,37,1,34
1,<environment.Job instance at 0x14a0d2d03c80>,31,3,[10  2],42,48,51,6,48
1,<environment.Job instance at 0x14a0ceab7a00>,40,2,[1 5],53,53,55,0,53
1,<environment.Job instance at 0x14a0ceab7f00>,35,16,[8 1],48,55,71,7,55
1,<environment.Job instance at 0x14a0cf37bb40>,44,2,[11  2],57,71,73,14,57
1,<environment.Job instance at 0x14a0cf37b1e0>,45,2,[1 9],58,58,60,0,58
1,<environment.Job instance at 0x14a0ceb17640>,48,1,[8 1],61,73,74,12,61
1,<environment.Job instance at 0x14a0dc567f50>,49,1,[1 5],62,62,63,0,62
1,<environment.Job instance at 0x14a0cf0e7a00>,50,3,[9 1],63,74,77,11,63
1,<environment.Job instance at 0x14a0cf0e7870>,51,12,[9 2],64,77,89,13,66
1,<environment.Job instance at 0x14a0d28c1e10>,62,16,[6 1],78,80,96,2,80
1,<environment.Job instance at 0x14a0cf1295a0>,54,15,[9 2],69,89,104,20,85
1,<environment.Job instance at 0x14a0d1c771e0>,71,1,[6 1],98,98,99,0,98
1,<environment.Job instance at 0x14a0ceab70f0>,39,17,[ 1 14],52,1738,1755,1686,1738
1,<environment.Job instance at 0x14a0d28d0640>,11,2,[ 2 14],18,34,36,16,34
1,<environment.Job instance at 0x14a0cf09de60>,13,1,[ 2 10],22,36,37,14,34
1,<environment.Job instance at 0x14a0cebd68c0>,7,14,[9 2],14,36,50,22,34
1,<environment.Job instance at 0x14a0df7302d0>,28,2,[2 7],41,43,45,2,43
1,<environment.Job instance at 0x14a0cea81550>,22,16,[7 1],33,54,70,21,54
1,<environment.Job instance at 0x14a0d28b8a00>,32,12,[1 5],46,62,74,16,62
1,<environment.Job instance at 0x14a0dc5d9820>,41,2,[1 9],61,87,89,26,87
1,<environment.Job instance at 0x14a0cec98690>,42,1,[14  2],62,87,88,25,87
1,<environment.Job instance at 0x14a0cec98820>,43,1,[8 2],63,88,89,25,87
1,<environment.Job instance at 0x14a0dd362230>,44,3,[ 2 13],64,101,104,37,101
1,<environment.Job instance at 0x14a0dc6fb820>,46,2,[7 1],69,102,104,33,102
1,<environment.Job instance at 0x14a0d28d0140>,16,12,[10  1],26,108,120,82,108
1,<environment.Job instance at 0x14a0ce8c1870>,48,1,[6 1],73,120,121,47,108
1,<environment.Job instance at 0x14a0dec3efa0>,49,1,[7 2],74,120,121,46,108
1,<environment.Job instance at 0x14a0dc6fb320>,50,2,[ 1 10],75,108,110,33,108
1,<environment.Job instance at 0x14a0dc530b40>,52,1,[2 6],77,110,111,33,110
1,<environment.Job instance at 0x14a0dc530230>,54,1,[8 2],80,121,122,41,110
1,<environment.Job instance at 0x14a0dc6fb780>,47,17,[8 1],72,122,139,50,111
1,<environment.Job instance at 0x14a0dc530050>,56,1,[5 2],85,111,112,26,111
1,<environment.Job instance at 0x14a0dc6fb190>,51,13,[10  2],76,163,176,87,163
1,<environment.Job instance at 0x14a0ce3d6140>,0,2,[9 2],1,2,4,1,2
1,<environment.Job instance at 0x14a0dc0f0550>,6,2,[ 1 10],10,10,12,0,10
1,<environment.Job instance at 0x14a0ce9a9730>,11,2,[1 7],15,17,19,2,17
1,<environment.Job instance at 0x14a0dc0f0460>,7,22,[9 1],11,17,39,6,17
1,<environment.Job instance at 0x14a0d1a9bf00>,18,23,[6 1],23,24,47,1,24
1,<environment.Job instance at 0x14a0cf897f50>,22,13,[1 7],27,43,56,16,43
1,<environment.Job instance at 0x14a0cf0f6050>,24,2,[8 2],29,43,45,14,43
1,<environment.Job instance at 0x14a0dc60a320>,25,13,[1 8],31,47,60,16,47
1,<environment.Job instance at 0x14a0cf0f6910>,26,2,[8 2],32,56,58,24,48
1,<environment.Job instance at 0x14a0dc60a1e0>,27,3,[7 1],33,58,61,25,54
1,<environment.Job instance at 0x14a0ceb054b0>,28,1,[1 8],35,60,61,25,54
1,<environment.Job instance at 0x14a0ceb059b0>,29,1,[8 2],36,61,62,25,54
1,<environment.Job instance at 0x14a0ceb05820>,31,1,[2 6],43,58,59,15,58
1,<environment.Job instance at 0x14a0dd36d3c0>,32,1,[2 7],45,61,62,16,58
1,<environment.Job instance at 0x14a0dd36dfa0>,33,1,[7 1],46,59,60,13,58
1,<environment.Job instance at 0x14a0dd36d370>,34,3,[6 2],48,63,66,15,63
1,<environment.Job instance at 0x14a0dd36da00>,35,2,[2 6],50,63,65,13,63
1,<environment.Job instance at 0x14a0dd36d4b0>,36,14,[1 8],51,66,80,15,66
1,<environment.Job instance at 0x14a0ceb7e500>,39,3,[10  1],54,66,69,12,66
1,<environment.Job instance at 0x14a0dd36ddc0>,40,2,[ 1 10],56,80,82,24,66
1,<environment.Job instance at 0x14a0dd1d5d70>,44,1,[1 7],61,69,70,8,68
1,<environment.Job instance at 0x14a0cf832500>,45,2,[2 8],62,82,84,20,70
1,<environment.Job instance at 0x14a0cf832f50>,46,3,[8 1],63,75,78,12,75
1,<environment.Job instance at 0x14a0cf832be0>,47,2,[2 6],64,75,77,11,75
1,<environment.Job instance at 0x14a0dc0bb820>,49,3,[7 1],67,78,81,11,76
1,<environment.Job instance at 0x14a0cec1ee60>,51,2,[5 1],70,78,80,8,78
1,<environment.Job instance at 0x14a0dc0c0460>,52,3,[ 2 12],71,85,88,14,85
1,<environment.Job instance at 0x14a0df5419b0>,53,2,[1 5],72,88,90,16,85
1,<environment.Job instance at 0x14a0ce96f050>,56,19,[10  1],77,85,104,8,85
1,<environment.Job instance at 0x14a0d1b6dcd0>,61,13,[2 7],85,106,119,21,106
1,<environment.Job instance at 0x14a0cefa69b0>,62,3,[10  2],86,106,109,20,106
1,<environment.Job instance at 0x14a0dc612be0>,64,2,[8 1],88,111,113,23,111
1,<environment.Job instance at 0x14a0dc612640>,65,1,[2 6],89,112,113,23,112
1,<environment.Job instance at 0x14a0dc612960>,66,1,[9 2],90,113,114,23,113
1,<environment.Job instance at 0x14a0dc612140>,67,2,[ 1 10],91,119,121,28,113
1,<environment.Job instance at 0x14a0dc612fa0>,68,3,[10  2],92,114,117,22,114
1,<environment.Job instance at 0x14a0d2cbd5a0>,71,1,[1 5],98,116,117,18,116
1,<environment.Job instance at 0x14a0ce9a95a0>,13,18,[8 2],17,772,790,755,772
1,<environment.Job instance at 0x14a0ceb05a00>,11,2,[14  1],13,15,17,2,15
1,<environment.Job instance at 0x14a0dec7e140>,16,1,[12  2],18,24,25,6,24
1,<environment.Job instance at 0x14a0ceaddf50>,4,2,[2 7],5,24,26,19,24
1,<environment.Job instance at 0x14a0ceb05cd0>,13,3,[ 1 10],15,26,29,11,26
1,<environment.Job instance at 0x14a0cf01b870>,32,21,[2 5],45,45,66,0,45
1,<environment.Job instance at 0x14a0dd1d24b0>,35,2,[10  2],49,53,55,4,53
1,<environment.Job instance at 0x14a0dd1d2f00>,38,3,[5 2],54,55,58,1,55
1,<environment.Job instance at 0x14a0dd1d2690>,39,2,[1 7],55,55,57,0,55
1,<environment.Job instance at 0x14a0d2886a00>,42,1,[10  2],60,60,61,0,60
1,<environment.Job instance at 0x14a0df2d20f0>,29,12,[9 1],42,62,74,20,62
1,<environment.Job instance at 0x14a0dd1d22d0>,40,3,[8 1],56,74,77,18,65
1,<environment.Job instance at 0x14a0d1ab4140>,53,2,[10  1],72,77,79,5,72
1,<environment.Job instance at 0x14a0d29f92d0>,54,3,[2 5],73,73,76,0,73
1,<environment.Job instance at 0x14a0d29f98c0>,55,3,[5 1],74,74,77,0,74
1,<environment.Job instance at 0x14a0dd1d2b40>,37,20,[14  1],53,81,101,28,81
1,<environment.Job instance at 0x14a0cea74f50>,59,1,[9 2],83,101,102,18,83
1,<environment.Job instance at 0x14a0cea74230>,61,2,[7 2],87,102,104,15,87
1,<environment.Job instance at 0x14a0d1ab4050>,52,3,[ 1 12],71,126,129,55,126
1,<environment.Job instance at 0x14a0cea74820>,63,1,[7 2],89,129,130,40,129
1,<environment.Job instance at 0x14a0cea748c0>,64,1,[ 1 10],90,131,132,41,131
1,<environment.Job instance at 0x14a0cea74f00>,62,17,[9 1],88,164,181,76,164
1,<environment.Job instance at 0x14a0cea74d20>,66,3,[2 6],92,171,174,79,171
1,<environment.Job instance at 0x14a0cea749b0>,67,27,[1 5],95,172,199,77,172
1,<environment.Job instance at 0x14a0cea74a00>,68,2,[2 5],97,193,195,96,193
1,<environment.Job instance at 0x14a0cea74190>,69,2,[8 2],98,194,196,96,194
1,<environment.Job instance at 0x14a0cea74460>,60,2,[ 1 11],85,400,402,315,400
1,<environment.Job instance at 0x14a0d2cf3a50>,25,27,[ 2 10],36,37,64,1,37
1,<environment.Job instance at 0x14a0ced76050>,20,13,[7 2],28,72,85,44,72
1,<environment.Job instance at 0x14a0d278a5f0>,29,2,[2 7],41,113,115,72,113
1,<environment.Job instance at 0x14a0d2cf39b0>,30,15,[10  2],43,628,643,585,628
1,<environment.Job instance at 0x14a0d278adc0>,31,2,[1 5],44,632,634,588,632
1,<environment.Job instance at 0x14a0d2ccc960>,39,3,[ 1 14],52,647,650,595,647
1,<environment.Job instance at 0x14a0d2ccc370>,34,3,[1 9],47,651,654,604,651
1,<environment.Job instance at 0x14a0ce49d460>,43,2,[ 1 10],58,654,656,596,653
1,<environment.Job instance at 0x14a0cee0b550>,58,27,[5 1],79,669,696,590,669
1,<environment.Job instance at 0x14a0ce49d280>,44,3,[8 2],59,674,677,615,674
1,<environment.Job instance at 0x14a0cea00820>,64,3,[1 9],88,680,683,592,680
1,<environment.Job instance at 0x14a0d1a8cf00>,66,2,[9 1],95,681,683,586,681
1,<environment.Job instance at 0x14a0cea00aa0>,62,2,[1 9],86,700,702,614,700
1,<environment.Job instance at 0x14a0ce97b0a0>,3,3,[14  2],6,711,714,705,711
1,<environment.Job instance at 0x14a0ce75b280>,1,23,[2 9],3,3,26,0,3
1,<environment.Job instance at 0x14a0ce75b870>,10,2,[1 5],14,14,16,0,14
1,<environment.Job instance at 0x14a0ce75b500>,4,24,[8 1],6,18,42,12,18
1,<environment.Job instance at 0x14a0d1f205f0>,13,2,[1 6],19,26,28,7,19
1,<environment.Job instance at 0x14a0d1f20190>,15,1,[10  1],22,42,43,20,22
1,<environment.Job instance at 0x14a0d1daf370>,16,3,[5 1],23,23,26,0,23
1,<environment.Job instance at 0x14a0d1daf8c0>,17,2,[8 1],24,43,45,19,24
1,<environment.Job instance at 0x14a0d1daf460>,19,1,[ 1 12],27,28,29,1,28
1,<environment.Job instance at 0x14a0d1daf960>,21,18,[1 9],29,38,56,9,38
1,<environment.Job instance at 0x14a0ce75b5a0>,2,14,[ 1 13],4,56,70,52,50
1,<environment.Job instance at 0x14a0d1d88190>,27,17,[2 7],38,70,87,32,68
1,<environment.Job instance at 0x14a0d1d88690>,33,2,[2 8],45,70,72,25,68
1,<environment.Job instance at 0x14a0d1db0690>,34,1,[6 1],46,68,69,22,68
1,<environment.Job instance at 0x14a0d1db0dc0>,38,1,[5 2],51,72,73,21,70
1,<environment.Job instance at 0x14a0d1db0c30>,42,1,[13  2],55,77,78,22,77
1,<environment.Job instance at 0x14a0ce84bfa0>,44,17,[14  2],58,87,104,29,83
1,<environment.Job instance at 0x14a0ce84baf0>,47,16,[1 7],61,88,104,27,88
1,<environment.Job instance at 0x14a0ce846be0>,54,18,[10  1],69,104,122,35,95
1,<environment.Job instance at 0x14a0ce846410>,56,2,[7 2],72,122,124,50,95
1,<environment.Job instance at 0x14a0ce846af0>,59,2,[2 6],77,104,106,27,102
1,<environment.Job instance at 0x14a0ce846280>,58,17,[10  2],76,124,141,48,112
1,<environment.Job instance at 0x14a0d1e5acd0>,71,20,[9 2],91,141,161,50,132
1,<environment.Job instance at 0x14a0d1e5af50>,76,3,[5 2],98,162,165,64,162
1,<environment.Job instance at 0x14a0d1db06e0>,3,1,[8 2],4,4,5,0,4
1,<environment.Job instance at 0x14a0df2d2cd0>,5,1,[5 2],10,11,12,1,11
1,<environment.Job instance at 0x14a0df2d2d20>,7,2,[8 2],12,12,14,0,12
1,<environment.Job instance at 0x14a0df2d2140>,6,1,[9 2],11,14,15,3,12
1,<environment.Job instance at 0x14a0df2d2f50>,8,1,[6 2],13,13,14,0,13
1,<environment.Job instance at 0x14a0d03b0460>,13,25,[2 5],20,20,45,0,20
1,<environment.Job instance at 0x14a0d2954b90>,35,3,[5 2],50,51,54,1,51
1,<environment.Job instance at 0x14a0ce726960>,36,2,[2 9],52,53,55,1,53
1,<environment.Job instance at 0x14a0cf828cd0>,33,17,[9 1],47,54,71,7,53
1,<environment.Job instance at 0x14a0cf06f050>,29,16,[8 1],43,71,87,28,59
1,<environment.Job instance at 0x14a0ce726cd0>,39,2,[2 9],56,59,61,3,59
1,<environment.Job instance at 0x14a0d1eb0e10>,46,3,[ 1 12],69,71,74,2,71
1,<environment.Job instance at 0x14a0d1eb0370>,47,13,[9 2],74,87,100,13,86
1,<environment.Job instance at 0x14a0d1eb0a00>,49,14,[7 1],76,100,114,24,96
1,<environment.Job instance at 0x14a0d1eb0640>,52,22,[9 2],80,114,136,34,107
1,<environment.Job instance at 0x14a0d1eb0c30>,53,20,[9 1],85,136,156,51,127
1,<environment.Job instance at 0x14a0dd2cbeb0>,61,15,[1 6],96,158,173,62,158
1,<environment.Job instance at 0x14a0ce726dc0>,37,27,[9 2],53,330,357,277,330
1,<environment.Job instance at 0x14a0dc6b1c80>,2,1,[2 6],4,4,5,0,4
1,<environment.Job instance at 0x14a0ce534c80>,8,1,[9 1],11,12,13,1,12
1,<environment.Job instance at 0x14a0d1d1aeb0>,28,2,[1 9],38,38,40,0,38
1,<environment.Job instance at 0x14a0d1d1a140>,32,2,[7 1],48,48,50,0,48
1,<environment.Job instance at 0x14a0dc7348c0>,13,17,[5 2],18,50,67,32,50
1,<environment.Job instance at 0x14a0d28f2b90>,35,18,[ 2 10],51,51,69,0,51
1,<environment.Job instance at 0x14a0d28f2d20>,36,1,[5 2],52,52,53,0,52
1,<environment.Job instance at 0x14a0d28f2af0>,34,18,[1 9],50,69,87,19,59
1,<environment.Job instance at 0x14a0ce81e9b0>,43,17,[14  2],62,85,102,23,85
1,<environment.Job instance at 0x14a0cea46e10>,51,3,[2 9],70,102,105,32,90
1,<environment.Job instance at 0x14a0ce53ef50>,21,19,[9 2],30,400,419,370,400
1,<environment.Job instance at 0x14a0ce9879b0>,66,17,[6 1],86,419,436,333,419
1,<environment.Job instance at 0x14a0decac460>,70,26,[ 1 10],90,435,461,345,435
1,<environment.Job instance at 0x14a0decac9b0>,71,17,[9 1],91,459,476,368,459
1,<environment.Job instance at 0x14a0decac050>,72,15,[1 7],92,571,586,479,571
1,<environment.Job instance at 0x14a0decac410>,73,1,[6 1],94,586,587,492,586
1,<environment.Job instance at 0x14a0decac190>,69,14,[10  2],89,635,649,546,635
1,<environment.Job instance at 0x14a0dec927d0>,75,3,[10  2],96,649,652,553,637
1,<environment.Job instance at 0x14a0dec92140>,77,1,[2 9],98,641,642,543,641
1,<environment.Job instance at 0x14a0decac5f0>,74,17,[1 5],95,653,670,558,653
1,<environment.Job instance at 0x14a0d1a61690>,58,3,[ 2 13],78,726,729,648,726
1,<environment.Job instance at 0x14a0d1d1a780>,27,1,[ 1 11],36,779,780,743,779
1,<environment.Job instance at 0x14a0d2cc4e10>,5,3,[1 9],8,8,11,0,8
1,<environment.Job instance at 0x14a0cf06c0f0>,8,3,[2 5],12,12,15,0,12
1,<environment.Job instance at 0x14a0cebe32d0>,2,26,[7 2],4,14,40,10,14
1,<environment.Job instance at 0x14a0dd2c58c0>,34,25,[5 2],54,57,82,3,57
1,<environment.Job instance at 0x14a0dd2c5be0>,36,1,[11  1],57,82,83,25,58
1,<environment.Job instance at 0x14a0ce30e640>,39,1,[ 1 11],60,66,67,6,66
1,<environment.Job instance at 0x14a0ce2a0730>,54,16,[7 2],82,84,100,2,84
1,<environment.Job instance at 0x14a0cf0cd910>,58,26,[9 1],92,100,126,8,97
1,<environment.Job instance at 0x14a0cf0cd9b0>,62,1,[ 2 13],97,112,113,15,112
1,<environment.Job instance at 0x14a0cf0cd780>,59,17,[6 2],93,141,158,48,141
1,<environment.Job instance at 0x14a0ce688050>,5,1,[ 1 10],9,9,10,0,9
1,<environment.Job instance at 0x14a0ceb53280>,23,21,[7 1],36,41,62,5,41
1,<environment.Job instance at 0x14a0d2961230>,31,23,[1 8],46,55,78,9,55
1,<environment.Job instance at 0x14a0cf0c9fa0>,41,1,[6 2],63,73,74,10,73
1,<environment.Job instance at 0x14a0cf0c9140>,42,26,[2 8],65,78,104,13,75
1,<environment.Job instance at 0x14a0cf0c9410>,40,12,[9 2],61,88,100,27,88
1,<environment.Job instance at 0x14a0cf0c90f0>,44,2,[13  1],67,100,102,33,95
1,<environment.Job instance at 0x14a0d2960e10>,52,2,[2 9],82,104,106,22,97
1,<environment.Job instance at 0x14a0d2960a00>,53,1,[6 1],83,102,103,19,97
1,<environment.Job instance at 0x14a0d29608c0>,54,2,[1 6],84,102,104,18,97
1,<environment.Job instance at 0x14a0cf13c3c0>,55,12,[2 5],86,104,116,18,104
1,<environment.Job instance at 0x14a0dc61ae60>,57,1,[7 2],90,106,107,16,104
1,<environment.Job instance at 0x14a0dc60e370>,58,1,[8 1],91,104,105,13,104
1,<environment.Job instance at 0x14a0dd337d20>,56,2,[ 2 14],89,118,120,29,118
1,<environment.Job instance at 0x14a0dc60e9b0>,60,2,[8 1],93,118,120,25,118
1,<environment.Job instance at 0x14a0ce769640>,63,1,[8 2],97,120,121,23,118
1,<environment.Job instance at 0x14a0ce338f50>,4,1,[2 5],7,7,8,0,7
1,<environment.Job instance at 0x14a0cf02ed20>,0,3,[5 2],1,13,16,12,13
1,<environment.Job instance at 0x14a0d28d03c0>,10,28,[1 6],16,21,49,5,21
1,<environment.Job instance at 0x14a0cedc5320>,29,27,[9 1],45,50,77,5,50
1,<environment.Job instance at 0x14a0dc6650a0>,48,3,[ 2 12],74,179,182,105,179
1,<environment.Job instance at 0x14a0dc665b40>,54,1,[8 1],81,179,180,98,179
1,<environment.Job instance at 0x14a0ced2d8c0>,57,1,[ 1 14],86,182,183,96,179
1,<environment.Job instance at 0x14a0ced2d4b0>,62,25,[5 1],92,179,204,87,179
1,<environment.Job instance at 0x14a0dc665a00>,47,2,[7 1],68,199,201,131,199
1,<environment.Job instance at 0x14a0cebc7a00>,3,2,[2 6],6,6,8,0,6
1,<environment.Job instance at 0x14a0cef86320>,7,2,[1 5],12,12,14,0,12
1,<environment.Job instance at 0x14a0cec41b90>,8,3,[ 2 10],13,13,16,0,13
1,<environment.Job instance at 0x14a0dc0df410>,17,3,[8 2],26,26,29,0,26
1,<environment.Job instance at 0x14a0ce2b7f50>,5,1,[ 1 14],10,29,30,19,28
1,<environment.Job instance at 0x14a0d1c44a50>,19,15,[1 6],29,30,45,1,29
1,<environment.Job instance at 0x14a0cf0275f0>,20,1,[5 1],30,30,31,0,30
1,<environment.Job instance at 0x14a0cf027870>,21,3,[2 7],32,32,35,0,32
1,<environment.Job instance at 0x14a0dd393960>,22,3,[8 2],34,34,37,0,34
1,<environment.Job instance at 0x14a0d2cfd410>,23,1,[1 9],35,37,38,2,35
1,<environment.Job instance at 0x14a0d1d13370>,24,1,[8 1],36,38,39,2,36
1,<environment.Job instance at 0x14a0dd2f24b0>,25,2,[ 1 10],40,45,47,5,40
1,<environment.Job instance at 0x14a0ce6425f0>,26,3,[2 7],41,41,44,0,41
1,<environment.Job instance at 0x14a0ce6421e0>,27,1,[2 6],44,44,45,0,44
1,<environment.Job instance at 0x14a0ce3f8aa0>,28,2,[8 2],45,45,47,0,45
1,<environment.Job instance at 0x14a0ce3f8e60>,29,3,[ 2 10],46,47,50,1,46
1,<environment.Job instance at 0x14a0ce743230>,30,3,[2 6],47,50,53,3,47
1,<environment.Job instance at 0x14a0ce743910>,31,13,[8 1],49,58,71,9,58
1,<environment.Job instance at 0x14a0d1ee3aa0>,38,1,[9 1],59,71,72,12,59
1,<environment.Job instance at 0x14a0d1ee3d20>,40,2,[1 5],62,62,64,0,62
1,<environment.Job instance at 0x14a0d1ee3780>,41,1,[2 9],63,63,64,0,63
1,<environment.Job instance at 0x14a0d1ee3960>,43,17,[8 2],65,72,89,7,72
1,<environment.Job instance at 0x14a0dc60c460>,50,16,[2 5],75,88,104,13,88
1,<environment.Job instance at 0x14a0dc60c640>,51,2,[6 2],77,89,91,12,88
1,<environment.Job instance at 0x14a0df2f7320>,52,3,[2 6],78,88,91,10,88
1,<environment.Job instance at 0x14a0df2f7370>,53,16,[2 6],80,92,108,12,92
1,<environment.Job instance at 0x14a0d2916730>,54,15,[5 1],81,94,109,13,94
1,<environment.Job instance at 0x14a0d29165f0>,58,2,[1 9],85,108,110,23,95
1,<environment.Job instance at 0x14a0dc54c1e0>,59,15,[8 2],86,108,123,22,108
1,<environment.Job instance at 0x14a0d1c44960>,18,17,[ 1 10],28,344,361,316,344
1,<environment.Job instance at 0x14a0d1c84500>,0,2,[9 1],3,3,5,0,3
1,<environment.Job instance at 0x14a0d1bb0550>,41,3,[ 1 14],66,141,144,75,141
1,<environment.Job instance at 0x14a0cec80e10>,56,2,[14  2],90,169,171,79,169
1,<environment.Job instance at 0x14a0ce7c4a50>,62,2,[13  2],99,173,175,74,173
1,<environment.Job instance at 0x14a0ceefa690>,39,3,[2 5],64,178,181,114,178
1,<environment.Job instance at 0x1510ffb45dc0>,11,28,[1 9],15,17,45,2,17
1,<environment.Job instance at 0x1510ffb77640>,20,21,[7 1],27,29,50,2,29
1,<environment.Job instance at 0x1510ff6cd140>,25,1,[6 1],34,36,37,2,36
1,<environment.Job instance at 0x1510ffb7ad20>,26,3,[9 1],36,50,53,14,41
1,<environment.Job instance at 0x1510ffb9a550>,59,2,[12  2],85,99,101,14,99
1,<environment.Job instance at 0x15110d51e5a0>,25,15,[9 2],43,53,68,10,53
1,<environment.Job instance at 0x15110d51cf00>,42,12,[10  2],69,76,88,7,76
1,<environment.Job instance at 0x15110c9d8730>,19,3,[7 1],29,88,91,59,76
1,<environment.Job instance at 0x15110c997320>,45,1,[1 6],72,76,77,4,76
1,<environment.Job instance at 0x15110c9f5d20>,47,17,[1 5],74,89,106,15,89
1,<environment.Job instance at 0x15110c9b6e60>,55,27,[5 2],83,89,116,6,89
1,<environment.Job instance at 0x15110ca5ebe0>,46,14,[12  1],73,170,184,97,170
1,<environment.Job instance at 0x15110c9b69b0>,57,18,[ 2 10],86,343,361,257,343
1,<environment.Job instance at 0x15110c9940a0>,65,3,[2 6],95,361,364,266,357
1,<environment.Job instance at 0x15110caa3be0>,66,18,[ 1 10],107,443,461,336,443
1,<environment.Job instance at 0x15110c9c08c0>,67,26,[2 5],108,446,472,338,446
1,<environment.Job instance at 0x15110c9c0730>,68,3,[9 2],109,468,471,359,468
1,<environment.Job instance at 0x15110c994aa0>,64,12,[2 6],94,500,512,406,500
1,<environment.Job instance at 0x15110d60b820>,63,3,[11  1],93,569,572,476,569
1,<environment.Job instance at 0x15110d51e8c0>,28,13,[12  2],48,2131,2144,2083,2131
1,<environment.Job instance at 0x15110d51e8c0>,3,25,[1 8],5,5,30,0,5
1,<environment.Job instance at 0x151101d7ef00>,50,2,[12  1],72,107,109,35,107
1,<environment.Job instance at 0x15110c95fa00>,26,2,[1 8],41,112,114,71,112
1,<environment.Job instance at 0x15110d63ce10>,61,1,[6 2],88,135,136,47,135
1,<environment.Job instance at 0x15110d63ce60>,62,15,[2 7],89,141,156,52,141
1,<environment.Job instance at 0x15110d63cd70>,59,18,[6 2],83,152,170,69,152
1,<environment.Job instance at 0x151102176c30>,1,2,[2 6],4,4,6,0,4
1,<environment.Job instance at 0x15110d63c320>,3,2,[10  2],6,6,8,0,6
1,<environment.Job instance at 0x151101d9c9b0>,4,2,[6 2],7,8,10,1,7
1,<environment.Job instance at 0x151101d9c5f0>,7,3,[6 2],10,11,14,1,11
1,<environment.Job instance at 0x1511006d65f0>,13,1,[8 2],16,17,18,1,17
1,<environment.Job instance at 0x151101d9cbe0>,10,2,[8 1],13,18,20,5,17
1,<environment.Job instance at 0x1510ff3aaa50>,9,3,[13  2],12,20,23,8,18
1,<environment.Job instance at 0x15110d5d1eb0>,16,25,[2 6],21,21,46,0,21
1,<environment.Job instance at 0x1510fefbae10>,29,1,[ 1 13],45,62,63,17,62
1,<environment.Job instance at 0x1510ffc210f0>,14,3,[10  1],17,65,68,48,65
1,<environment.Job instance at 0x1510ffb6e550>,41,3,[5 2],61,67,70,6,67
1,<environment.Job instance at 0x1510feee9b40>,47,2,[7 1],72,91,93,19,91
1,<environment.Job instance at 0x151101350f50>,52,3,[7 2],80,95,98,15,95
1,<environment.Job instance at 0x151101db9500>,53,1,[2 8],81,95,96,14,95
1,<environment.Job instance at 0x151101dbc230>,54,1,[5 2],82,97,98,15,97
1,<environment.Job instance at 0x1510fec73c30>,55,3,[10  2],84,101,104,17,101
1,<environment.Job instance at 0x151101dbcf00>,56,3,[8 1],85,181,184,96,181
1,<environment.Job instance at 0x1510ffbad730>,68,1,[7 2],101,181,182,80,181
1,<environment.Job instance at 0x1510feee93c0>,46,18,[7 2],71,182,200,111,181
1,<environment.Job instance at 0x15110d56a500>,70,1,[13  1],103,200,201,97,196
1,<environment.Job instance at 0x15110d56a320>,71,22,[7 2],105,201,223,96,196
1,<environment.Job instance at 0x15110c985cd0>,74,14,[ 1 10],109,201,215,92,201
1,<environment.Job instance at 0x15110d51e4b0>,44,22,[1 7],64,344,366,280,344
1,<environment.Job instance at 0x15110d56a0a0>,69,15,[7 2],102,357,372,255,357
1,<environment.Job instance at 0x15110134c8c0>,33,1,[12  2],50,528,529,478,528
1,<environment.Job instance at 0x151102156f50>,13,1,[9 2],18,18,19,0,18
1,<environment.Job instance at 0x151102156280>,14,2,[ 1 10],19,19,21,0,19
1,<environment.Job instance at 0x151102cd9640>,9,2,[2 7],13,21,23,8,20
1,<environment.Job instance at 0x15110d57a4b0>,15,3,[2 7],20,21,24,1,20
1,<environment.Job instance at 0x15110d57aeb0>,16,26,[10  1],21,21,47,0,21
1,<environment.Job instance at 0x151102156b40>,11,22,[9 1],15,51,73,36,51
1,<environment.Job instance at 0x1510ffc02870>,22,18,[2 8],29,73,91,44,73
1,<environment.Job instance at 0x1510ffc02500>,23,1,[7 1],33,81,82,48,81
1,<environment.Job instance at 0x151101f11460>,24,2,[2 5],34,83,85,49,83
1,<environment.Job instance at 0x151101f11410>,25,1,[5 2],35,84,85,49,84
1,<environment.Job instance at 0x15110d57a640>,17,3,[ 2 12],22,97,100,75,97
1,<environment.Job instance at 0x151101f11780>,27,1,[2 5],37,100,101,63,99
1,<environment.Job instance at 0x151101f11640>,26,14,[10  2],36,103,117,67,103
1,<environment.Job instance at 0x151101f11b90>,29,1,[1 5],39,103,104,64,103
1,<environment.Job instance at 0x151101f11a50>,30,1,[8 1],42,117,118,75,103
1,<environment.Job instance at 0x151101f11e60>,31,2,[7 1],43,117,119,74,103
1,<environment.Job instance at 0x151101f114b0>,34,1,[1 5],48,105,106,57,105
1,<environment.Job instance at 0x151101f11eb0>,35,2,[6 1],49,118,120,69,106
1,<environment.Job instance at 0x151101f11c80>,36,18,[10  2],50,268,286,218,268
1,<environment.Job instance at 0x151101f11320>,38,1,[7 1],52,286,287,234,276
1,<environment.Job instance at 0x151101e68780>,39,13,[1 8],53,280,293,227,280
1,<environment.Job instance at 0x151101e68370>,41,1,[1 7],55,287,288,232,281
1,<environment.Job instance at 0x151101f110f0>,28,14,[10  2],38,302,316,264,302
1,<environment.Job instance at 0x151101e68dc0>,44,1,[2 9],62,302,303,240,302
1,<environment.Job instance at 0x151101e68320>,43,12,[8 2],60,321,333,261,321
1,<environment.Job instance at 0x151101e680f0>,46,2,[7 1],66,321,323,255,321
1,<environment.Job instance at 0x151101e680a0>,47,3,[1 5],67,323,326,256,321
1,<environment.Job instance at 0x151101e688c0>,48,2,[5 2],68,323,325,255,322
1,<environment.Job instance at 0x151101e68f50>,49,1,[10  2],69,333,334,264,322
1,<environment.Job instance at 0x151101e68a00>,50,1,[10  1],70,334,335,264,323
1,<environment.Job instance at 0x151101e68910>,45,2,[ 2 10],65,334,336,269,334
1,<environment.Job instance at 0x151101e5aaf0>,52,1,[8 2],73,336,337,263,336
1,<environment.Job instance at 0x15110d57a7d0>,18,12,[8 2],23,337,349,314,337
1,<environment.Job instance at 0x151101e5ab40>,54,3,[9 2],76,359,362,283,359
1,<environment.Job instance at 0x151101e5abe0>,56,1,[1 5],79,362,363,283,362
1,<environment.Job instance at 0x151101e5a460>,55,14,[9 2],78,417,431,339,417
1,<environment.Job instance at 0x151101dff5f0>,58,15,[5 2],83,435,450,352,435
1,<environment.Job instance at 0x151101dff780>,59,2,[10  1],86,442,444,356,442
1,<environment.Job instance at 0x151101e5a410>,57,12,[10  1],81,444,456,363,444
1,<environment.Job instance at 0x151101dff050>,61,2,[7 2],90,456,458,366,444
1,<environment.Job instance at 0x151101dffc80>,62,14,[10  1],91,460,474,369,460
1,<environment.Job instance at 0x151101dff6e0>,60,1,[2 8],87,467,468,380,467
1,<environment.Job instance at 0x1510ff0ca4b0>,64,1,[2 9],94,472,473,378,472
1,<environment.Job instance at 0x151101dffcd0>,65,2,[8 1],96,474,476,378,474
1,<environment.Job instance at 0x151102003dc0>,66,2,[9 2],98,476,478,378,474
1,<environment.Job instance at 0x151101dfffa0>,67,2,[6 1],99,475,477,376,475
1,<environment.Job instance at 0x151102003f50>,68,3,[ 1 10],100,490,493,390,490
1,<environment.Job instance at 0x1510ff0cef50>,69,1,[7 1],101,490,491,389,490
1,<environment.Job instance at 0x151102003a50>,70,2,[1 6],102,493,495,391,491
1,<environment.Job instance at 0x1511020afcd0>,71,2,[1 6],103,494,496,391,494
1,<environment.Job instance at 0x15110c875690>,72,3,[6 2],104,505,508,401,505
1,<environment.Job instance at 0x151102fff820>,73,1,[10  1],106,508,509,402,505
1,<environment.Job instance at 0x15110c9a64b0>,74,3,[6 2],107,518,521,411,518
1,<environment.Job instance at 0x15110c9a6c30>,75,1,[2 8],108,522,523,414,522
1,<environment.Job instance at 0x151102fc0500>,63,17,[1 6],93,594,611,501,594
1,<environment.Job instance at 0x1510ffc020a0>,21,1,[12  1],28,1355,1356,1327,1355
1,<environment.Job instance at 0x1510ff6a5780>,33,12,[13  2],56,74,86,18,74
1,<environment.Job instance at 0x151101ddebe0>,28,3,[ 1 10],50,77,80,27,77
1,<environment.Job instance at 0x1511007023c0>,43,20,[5 1],71,86,106,15,77
1,<environment.Job instance at 0x151101e44780>,62,15,[1 5],99,145,160,46,145
1,<environment.Job instance at 0x15110c01eb90>,12,2,[7 1],20,21,23,1,21
1,<environment.Job instance at 0x15110f8a8410>,18,24,[1 8],30,30,54,0,30
1,<environment.Job instance at 0x151102229820>,28,3,[8 1],46,51,54,5,51
1,<environment.Job instance at 0x151102229050>,31,3,[9 1],49,54,57,5,51
1,<environment.Job instance at 0x1511022298c0>,32,3,[6 1],50,52,55,2,52
1,<environment.Job instance at 0x15110217b550>,33,3,[1 8],52,55,58,3,52
1,<environment.Job instance at 0x15110217b280>,34,2,[5 1],53,55,57,2,53
1,<environment.Job instance at 0x15110217b7d0>,35,2,[2 9],54,58,60,4,54
1,<environment.Job instance at 0x1511021c5410>,36,2,[2 8],55,60,62,5,55
1,<environment.Job instance at 0x15110304eaf0>,37,1,[2 6],57,58,59,1,58
1,<environment.Job instance at 0x15110217bf50>,38,3,[10  2],60,60,63,0,60
1,<environment.Job instance at 0x1511030355f0>,39,2,[8 1],61,63,65,2,61
1,<environment.Job instance at 0x151103035190>,40,1,[2 9],63,63,64,0,63
1,<environment.Job instance at 0x15110ef74370>,41,1,[7 2],64,64,65,0,64
1,<environment.Job instance at 0x15110ef749b0>,42,3,[2 7],66,67,70,1,67
1,<environment.Job instance at 0x15110ef748c0>,43,1,[10  1],67,67,68,0,67
1,<environment.Job instance at 0x15110ef74190>,44,15,[1 7],68,68,83,0,68
1,<environment.Job instance at 0x1510ff3971e0>,45,15,[5 1],69,69,84,0,69
1,<environment.Job instance at 0x1510ff3970f0>,46,2,[2 9],70,83,85,13,70
1,<environment.Job instance at 0x1510ff337b40>,24,3,[ 1 14],37,86,89,49,86
1,<environment.Job instance at 0x151101da2be0>,55,12,[ 2 10],81,92,104,11,92
1,<environment.Job instance at 0x151102229cd0>,30,3,[1 9],48,104,107,56,93
1,<environment.Job instance at 0x151101fe2fa0>,61,1,[9 2],89,99,100,10,99
1,<environment.Job instance at 0x151101fe2af0>,62,3,[2 8],90,107,110,17,100
1,<environment.Job instance at 0x151101da26e0>,54,16,[5 1],79,107,123,28,107
1,<environment.Job instance at 0x151103022dc0>,60,16,[8 1],88,219,235,131,219
1,<environment.Job instance at 0x15110205af50>,65,2,[1 5],93,227,229,134,227
1,<environment.Job instance at 0x15110205a2d0>,68,3,[10  2],96,235,238,139,231
1,<environment.Job instance at 0x15110205a910>,69,2,[11  2],97,238,240,141,233
1,<environment.Job instance at 0x15110205a370>,70,2,[1 9],98,233,235,135,233
1,<environment.Job instance at 0x15110205a640>,71,2,[10  1],99,240,242,141,233
1,<environment.Job instance at 0x15110205afa0>,72,1,[9 1],100,242,243,142,233
1,<environment.Job instance at 0x15110205a0a0>,73,1,[8 1],101,243,244,142,234
1,<environment.Job instance at 0x15110205ad70>,74,1,[1 5],102,238,239,136,238
1,<environment.Job instance at 0x15110205aa50>,75,3,[9 1],103,244,247,141,241
1,<environment.Job instance at 0x151102229d70>,27,1,[11  1],44,385,386,341,385
1,<environment.Job instance at 0x15110205a3c0>,76,12,[9 2],104,400,412,296,400
1,<environment.Job instance at 0x1510ff366460>,0,1,[7 2],1,2,3,1,2
1,<environment.Job instance at 0x1510ff366b90>,4,1,[ 2 10],5,5,6,0,5
1,<environment.Job instance at 0x151102b2d460>,13,2,[10  2],22,22,24,0,22
1,<environment.Job instance at 0x1510ff0b0f00>,9,1,[7 1],17,24,25,7,24
1,<environment.Job instance at 0x1510ff19d3c0>,14,12,[8 1],24,25,37,1,25
1,<environment.Job instance at 0x15110f886640>,16,2,[7 1],29,29,31,0,29
1,<environment.Job instance at 0x15110d55d320>,17,1,[1 8],30,31,32,1,30
1,<environment.Job instance at 0x1510fedd3780>,15,1,[6 1],28,31,32,3,31
1,<environment.Job instance at 0x15110d55d3c0>,19,15,[1 9],33,33,48,0,33
1,<environment.Job instance at 0x15110fceed20>,20,2,[ 1 10],35,48,50,13,35
1,<environment.Job instance at 0x15110fceee60>,21,3,[5 1],36,36,39,0,36
1,<environment.Job instance at 0x1510fece06e0>,22,2,[5 2],37,37,39,0,37
1,<environment.Job instance at 0x1510fec7f5a0>,23,13,[ 2 12],40,50,63,10,46
1,<environment.Job instance at 0x151101f1f5f0>,26,18,[9 1],45,86,104,41,86
1,<environment.Job instance at 0x1510fec925f0>,31,1,[ 2 10],52,97,98,45,97
1,<environment.Job instance at 0x1510fec927d0>,32,1,[10  2],54,104,105,50,99
1,<environment.Job instance at 0x1510fec92f50>,33,16,[7 1],55,105,121,50,101
1,<environment.Job instance at 0x1510ff0b0e60>,11,14,[9 2],19,121,135,102,120
1,<environment.Job instance at 0x1510fec92050>,35,12,[5 1],57,121,133,64,121
1,<environment.Job instance at 0x1510fefbe050>,36,1,[5 2],58,133,134,75,122
1,<environment.Job instance at 0x1510fefbe730>,37,13,[1 7],59,125,138,66,125
1,<environment.Job instance at 0x1510fed75050>,38,12,[9 2],60,141,153,81,141
1,<environment.Job instance at 0x1510fed750a0>,40,16,[7 1],63,153,169,90,146
1,<environment.Job instance at 0x1510fed75cd0>,41,3,[6 2],64,146,149,82,146
1,<environment.Job instance at 0x1510fed75af0>,42,1,[9 2],65,169,170,104,147
1,<environment.Job instance at 0x1510ff18ca50>,43,3,[6 1],67,150,153,83,150
1,<environment.Job instance at 0x1510ff1055f0>,44,1,[ 1 10],68,153,154,85,150
1,<environment.Job instance at 0x151102c30730>,45,1,[8 2],70,154,155,84,153
1,<environment.Job instance at 0x1510fed75e10>,46,2,[2 7],71,155,157,84,153
1,<environment.Job instance at 0x1510ff105f00>,47,12,[2 7],73,156,168,83,156
1,<environment.Job instance at 0x1510feefdaa0>,48,20,[ 2 10],74,168,188,94,160
1,<environment.Job instance at 0x1510feefd0a0>,50,12,[1 5],76,179,191,103,179
1,<environment.Job instance at 0x1510feefda00>,51,3,[8 2],77,188,191,111,182
1,<environment.Job instance at 0x1510feefdd70>,52,15,[7 2],78,202,217,124,202
1,<environment.Job instance at 0x1510feefd8c0>,53,13,[ 2 10],79,204,217,125,204
1,<environment.Job instance at 0x1511006daa50>,54,2,[2 5],82,217,219,135,206
1,<environment.Job instance at 0x1510fed73690>,55,14,[5 2],85,207,221,122,207
1,<environment.Job instance at 0x151102f54af0>,56,12,[8 2],87,222,234,135,222
1,<environment.Job instance at 0x151102f545a0>,57,2,[2 5],88,222,224,134,222
1,<environment.Job instance at 0x151102f54410>,58,3,[2 8],89,222,225,133,222
1,<environment.Job instance at 0x151102f54cd0>,59,2,[1 9],91,225,227,134,222
1,<environment.Job instance at 0x151102f541e0>,60,1,[14  2],92,234,235,142,222
1,<environment.Job instance at 0x151102f54aa0>,61,1,[8 2],93,235,236,142,222
1,<environment.Job instance at 0x151102f54a50>,62,3,[ 2 13],94,227,230,133,222
1,<environment.Job instance at 0x151102f54fa0>,63,2,[7 1],96,230,232,134,223
1,<environment.Job instance at 0x151102f54820>,64,2,[7 1],99,232,234,133,223
1,<environment.Job instance at 0x151101348c30>,65,17,[8 1],102,261,278,159,261
1,<environment.Job instance at 0x151101348e10>,66,1,[6 1],103,261,262,158,261
1,<environment.Job instance at 0x151101348690>,67,1,[7 2],104,262,263,158,261
1,<environment.Job instance at 0x151101348f00>,68,2,[ 1 10],105,263,265,158,261
1,<environment.Job instance at 0x151101348140>,69,13,[10  2],106,321,334,215,321
1,<environment.Job instance at 0x151101348370>,70,1,[2 6],107,321,322,214,321
1,<environment.Job instance at 0x151101348820>,71,3,[1 7],108,321,324,213,321
1,<environment.Job instance at 0x1510fec925a0>,29,2,[ 2 14],48,401,403,353,401
1,<environment.Job instance at 0x151102d08a00>,18,22,[9 1],31,34,56,3,34
1,<environment.Job instance at 0x151102b7d960>,23,18,[8 1],36,56,74,20,46
1,<environment.Job instance at 0x1510ff1adf50>,29,23,[6 1],43,48,71,5,48
1,<environment.Job instance at 0x1510fed753c0>,21,15,[ 1 12],34,56,71,22,53
1,<environment.Job instance at 0x15110d51de10>,34,3,[11  1],48,74,77,26,65
1,<environment.Job instance at 0x1510fecd1eb0>,37,2,[8 2],52,77,79,25,65
1,<environment.Job instance at 0x151105989690>,39,1,[1 8],55,71,72,16,65
1,<environment.Job instance at 0x15110c919050>,40,1,[8 2],56,79,80,23,65
1,<environment.Job instance at 0x15110d598aa0>,42,1,[2 6],63,71,72,8,66
1,<environment.Job instance at 0x15110d598f50>,43,1,[2 7],65,72,73,7,66
1,<environment.Job instance at 0x1510febf2af0>,44,1,[7 1],66,73,74,7,66
1,<environment.Job instance at 0x15110ef85eb0>,48,17,[9 1],72,80,97,8,77
1,<environment.Job instance at 0x1510ffbc3d70>,61,2,[2 9],89,89,91,0,89
1,<environment.Job instance at 0x1510ffc46c80>,63,3,[ 2 12],91,96,99,5,96
1,<environment.Job instance at 0x1510fef92780>,59,18,[10  1],86,97,115,11,97
1,<environment.Job instance at 0x1510ff0b5190>,69,1,[2 9],101,101,102,0,101
1,<environment.Job instance at 0x1510ff0b54b0>,70,2,[ 2 10],102,102,104,0,102
1,<environment.Job instance at 0x1510ff0b5d20>,67,19,[10  1],97,115,134,18,107
1,<environment.Job instance at 0x1510fef3d7d0>,76,1,[2 6],109,109,110,0,109
1,<environment.Job instance at 0x1510ff0b51e0>,75,2,[8 1],108,134,136,26,118
1,<environment.Job instance at 0x1510feba9d70>,1,3,[10  2],2,3,6,1,3
1,<environment.Job instance at 0x1510ffc0a780>,17,2,[14  1],23,26,28,3,26
1,<environment.Job instance at 0x1510ffc0aaa0>,22,1,[12  2],28,32,33,4,32
1,<environment.Job instance at 0x15110209a8c0>,23,2,[1 6],29,32,34,3,32
1,<environment.Job instance at 0x15110f8efeb0>,26,1,[2 9],33,35,36,2,35
1,<environment.Job instance at 0x1510ffc0a820>,19,3,[ 1 10],25,36,39,11,35
1,<environment.Job instance at 0x1510fedf42d0>,30,2,[5 1],42,44,46,2,44
1,<environment.Job instance at 0x15110210e7d0>,18,22,[6 2],24,44,66,20,44
1,<environment.Job instance at 0x1510ff337e60>,44,3,[5 2],64,64,67,0,64
1,<environment.Job instance at 0x15110d519f50>,46,3,[8 1],66,66,69,0,66
1,<environment.Job instance at 0x15110d519af0>,47,2,[2 5],69,69,71,0,69
1,<environment.Job instance at 0x15110d519280>,48,1,[10  2],70,70,71,0,70
1,<environment.Job instance at 0x15110d519a50>,50,3,[6 1],72,74,77,2,74
1,<environment.Job instance at 0x15110d519c80>,51,14,[2 9],73,81,95,8,81
1,<environment.Job instance at 0x1510ff337aa0>,43,20,[14  1],63,95,115,32,95
1,<environment.Job instance at 0x1510ffb7a9b0>,39,15,[8 1],57,135,150,78,135
1,<environment.Job instance at 0x1511020a99b0>,59,2,[10  1],82,150,152,68,135
1,<environment.Job instance at 0x1511020a9320>,61,3,[5 1],84,137,140,53,137
1,<environment.Job instance at 0x1511020a9fa0>,62,1,[9 2],88,152,153,64,137
1,<environment.Job instance at 0x1511020a92d0>,63,15,[5 2],90,202,217,112,202
1,<environment.Job instance at 0x1511020a90a0>,64,3,[7 1],92,206,209,114,206
1,<environment.Job instance at 0x1511020a9910>,65,1,[9 2],93,209,210,116,206
1,<environment.Job instance at 0x1511020a9dc0>,66,2,[ 1 11],95,206,208,111,206
1,<environment.Job instance at 0x15110d5e21e0>,67,2,[7 2],97,210,212,113,207
1,<environment.Job instance at 0x15110d5e24b0>,68,17,[9 1],98,431,448,333,431
1,<environment.Job instance at 0x15110d5e29b0>,69,1,[7 2],99,448,449,349,436
1,<environment.Job instance at 0x15110d5e2aa0>,72,3,[2 6],102,437,440,335,437
1,<environment.Job instance at 0x15110d5e2e10>,73,27,[1 5],105,437,464,332,437
1,<environment.Job instance at 0x15110d5e2230>,74,2,[2 5],107,449,451,342,449
1,<environment.Job instance at 0x15110d5e2c30>,75,2,[8 2],108,454,456,346,454
1,<environment.Job instance at 0x1510ffb7ab90>,38,21,[2 5],55,673,694,618,673
1,<environment.Job instance at 0x1511020a9550>,58,3,[ 1 12],81,719,722,638,719
1,<environment.Job instance at 0x1510fe7d0aa0>,9,3,[6 2],13,14,17,1,14
1,<environment.Job instance at 0x1510fe7d0640>,10,3,[7 1],14,18,21,4,18
1,<environment.Job instance at 0x1510fe7d0370>,8,12,[8 1],12,39,51,27,39
1,<environment.Job instance at 0x1510fe7d09b0>,12,1,[8 1],16,51,52,35,39
1,<environment.Job instance at 0x1510fe7d0280>,13,1,[1 5],17,41,42,24,41
1,<environment.Job instance at 0x1510fe7d0960>,14,1,[ 1 10],19,42,43,23,41
1,<environment.Job instance at 0x1510fe7d0910>,15,2,[6 1],22,42,44,20,42
1,<environment.Job instance at 0x1510fe7d01e0>,16,1,[8 1],23,52,53,29,43
1,<environment.Job instance at 0x1510ff453aa0>,17,1,[9 1],24,53,54,29,46
1,<environment.Job instance at 0x1510ffb49e60>,18,2,[5 2],25,46,48,21,46
1,<environment.Job instance at 0x1510ff1bb690>,19,3,[5 2],27,48,51,21,46
1,<environment.Job instance at 0x1510fe6c8410>,20,13,[7 2],28,56,69,28,56
1,<environment.Job instance at 0x1510fe7d0be0>,25,27,[ 2 10],36,69,96,33,69
1,<environment.Job instance at 0x15110305a640>,22,3,[1 9],30,96,99,66,91
1,<environment.Job instance at 0x15110c03e230>,31,2,[1 5],44,99,101,55,99
1,<environment.Job instance at 0x1510fedd0640>,32,3,[9 1],45,135,138,90,135
1,<environment.Job instance at 0x1510ff1d9f50>,28,13,[10  2],40,207,220,167,207
1,<environment.Job instance at 0x151101e4ff00>,34,3,[1 9],47,231,234,184,231
1,<environment.Job instance at 0x151101e4f8c0>,35,2,[9 2],48,232,234,184,232
1,<environment.Job instance at 0x151101e4f910>,36,3,[7 1],49,235,238,186,235
1,<environment.Job instance at 0x151101e4f140>,37,3,[2 7],50,241,244,191,241
1,<environment.Job instance at 0x15110ef89320>,38,2,[9 2],51,241,243,190,241
1,<environment.Job instance at 0x15110ef89aa0>,39,3,[ 1 14],52,252,255,200,252
1,<environment.Job instance at 0x15110ef89c80>,40,1,[2 9],54,255,256,201,252
1,<environment.Job instance at 0x1510ff048b40>,41,1,[1 8],56,256,257,200,256
1,<environment.Job instance at 0x1510ff0481e0>,42,14,[1 8],57,258,272,201,258
1,<environment.Job instance at 0x1510fec632d0>,43,2,[ 1 10],58,272,274,214,268
1,<environment.Job instance at 0x1510ff0485f0>,44,3,[8 2],59,273,276,214,273
1,<environment.Job instance at 0x1510ff0486e0>,45,12,[6 2],61,280,292,219,280
1,<environment.Job instance at 0x15110d51bb90>,46,16,[1 5],62,337,353,275,337
1,<environment.Job instance at 0x15110d51b690>,47,2,[9 2],63,342,344,279,342
1,<environment.Job instance at 0x15110d51beb0>,48,3,[1 5],64,343,346,279,343
1,<environment.Job instance at 0x15110d51ba50>,49,2,[1 9],65,349,351,284,349
1,<environment.Job instance at 0x15110d51bf50>,50,2,[10  2],66,351,353,285,350
1,<environment.Job instance at 0x15110d51b320>,51,2,[ 1 10],67,353,355,286,353
1,<environment.Job instance at 0x151101ef70a0>,52,1,[5 2],70,353,354,283,353
1,<environment.Job instance at 0x151101ef7c30>,53,17,[1 9],71,418,435,347,418
1,<environment.Job instance at 0x151101ef7af0>,54,1,[9 1],72,418,419,346,418
1,<environment.Job instance at 0x15110d682500>,55,2,[2 5],73,424,426,351,424
1,<environment.Job instance at 0x15110d682910>,56,1,[10  1],75,424,425,349,424
1,<environment.Job instance at 0x151102b2dc30>,57,1,[5 2],77,427,428,350,427
1,<environment.Job instance at 0x151102b2de60>,58,27,[5 1],79,427,454,348,427
1,<environment.Job instance at 0x151102b2dcd0>,59,3,[2 7],82,454,457,372,454
1,<environment.Job instance at 0x151102b2d8c0>,60,2,[8 1],83,455,457,372,455
1,<environment.Job instance at 0x151102b2d190>,61,25,[ 1 10],84,457,482,373,456
1,<environment.Job instance at 0x1510ffc3e4b0>,33,19,[2 5],46,463,482,417,463
1,<environment.Job instance at 0x1511020090a0>,63,3,[1 6],87,482,485,395,468
1,<environment.Job instance at 0x1510ff41ecd0>,65,2,[2 7],92,482,484,390,468
1,<environment.Job instance at 0x1510ff41e140>,66,2,[9 1],95,482,484,387,468
1,<environment.Job instance at 0x1510ff41e6e0>,67,1,[1 8],97,484,485,387,471
1,<environment.Job instance at 0x1511006cffa0>,68,2,[9 1],98,484,486,386,474
1,<environment.Job instance at 0x1511006cfb90>,69,2,[1 8],100,485,487,385,474
1,<environment.Job instance at 0x1511006cf5a0>,70,2,[9 1],101,486,488,385,474
1,<environment.Job instance at 0x151102009e10>,64,3,[1 9],88,488,491,400,488
1,<environment.Job instance at 0x1511006cf550>,72,14,[ 1 13],104,1223,1237,1119,1223
1,<environment.Job instance at 0x1511006cfdc0>,73,12,[1 7],105,1242,1254,1137,1242
1,<environment.Job instance at 0x1511006cf140>,74,24,[8 1],106,1242,1266,1136,1242
1,<environment.Job instance at 0x15110d608f50>,75,1,[6 2],107,1257,1258,1150,1257
1,<environment.Job instance at 0x15110d608960>,76,1,[1 6],108,1261,1262,1153,1261
1,<environment.Job instance at 0x15110d608870>,77,2,[2 6],109,1261,1263,1152,1261
1,<environment.Job instance at 0x1511006cf2d0>,71,23,[2 9],103,1496,1519,1393,1496
1,<environment.Job instance at 0x1510fe8d60a0>,3,3,[14  2],6,1625,1628,1619,1625
1,<environment.Job instance at 0x1511021a5870>,0,2,[ 1 10],2,7,9,5,7
1,<environment.Job instance at 0x151102ce4050>,11,1,[ 1 10],18,21,22,3,21
1,<environment.Job instance at 0x151102ce4aa0>,14,3,[1 9],22,22,25,0,22
1,<environment.Job instance at 0x151102ce4a00>,15,18,[5 2],23,415,433,392,415
1,<environment.Job instance at 0x151102ce4870>,16,3,[9 2],24,435,438,411,435
1,<environment.Job instance at 0x151102ce4b90>,17,3,[8 2],26,446,449,420,446
1,<environment.Job instance at 0x151102ce4c30>,18,17,[2 7],28,463,480,435,463
1,<environment.Job instance at 0x151102cf1960>,19,2,[1 6],29,474,476,445,474
1,<environment.Job instance at 0x151102cf1f50>,20,18,[5 2],30,817,835,787,817
1,<environment.Job instance at 0x151102cf1dc0>,21,1,[6 2],31,833,834,802,833
1,<environment.Job instance at 0x151102cf1af0>,22,2,[1 7],33,833,835,800,833
1,<environment.Job instance at 0x151102cf1460>,23,17,[5 1],34,926,943,892,926
1,<environment.Job instance at 0x151102cf1910>,24,2,[2 8],35,929,931,894,929
1,<environment.Job instance at 0x151102cf1c80>,25,1,[6 1],36,932,933,896,932
1,<environment.Job instance at 0x151102cf1550>,26,3,[8 2],37,942,945,905,942
1,<environment.Job instance at 0x151102cf1b40>,27,17,[1 8],38,956,973,918,956
1,<environment.Job instance at 0x151101eea3c0>,28,18,[8 1],39,1243,1261,1204,1243
1,<environment.Job instance at 0x151101eea190>,29,1,[5 2],41,1249,1250,1208,1249
1,<environment.Job instance at 0x151102ccedc0>,34,3,[2 6],47,1255,1258,1208,1255
1,<environment.Job instance at 0x151101eea8c0>,33,1,[13  2],45,1261,1262,1216,1261
1,<environment.Job instance at 0x1510feb372d0>,5,2,[6 1],6,6,8,0,6
1,<environment.Job instance at 0x151102bcb5a0>,20,27,[5 1],28,28,55,0,28
1,<environment.Job instance at 0x15110207b410>,23,27,[9 2],33,33,60,0,33
1,<environment.Job instance at 0x151102c77550>,34,1,[1 8],55,74,75,19,74
1,<environment.Job instance at 0x1510fe774730>,32,3,[ 1 12],49,82,85,33,82
1,<environment.Job instance at 0x1510fe6e2410>,37,1,[2 5],59,85,86,26,83
1,<environment.Job instance at 0x1511059894b0>,35,14,[7 1],56,83,97,27,83
1,<environment.Job instance at 0x15110d5093c0>,39,20,[9 1],65,97,117,32,88
1,<environment.Job instance at 0x151101de2460>,38,22,[9 2],60,117,139,57,112
1,<environment.Job instance at 0x15110c9ef820>,69,15,[7 2],103,142,157,39,142
1,<environment.Job instance at 0x15110c893f50>,3,1,[1 7],4,4,5,0,4
1,<environment.Job instance at 0x151102c06be0>,7,2,[2 6],9,9,11,0,9
1,<environment.Job instance at 0x1510fe933820>,10,2,[7 1],18,18,20,0,18
1,<environment.Job instance at 0x151102c06550>,5,1,[ 1 11],6,19,20,13,19
1,<environment.Job instance at 0x1510fef54a50>,23,3,[ 1 10],34,34,37,0,34
1,<environment.Job instance at 0x151102ca0b40>,12,18,[1 9],20,37,55,17,36
1,<environment.Job instance at 0x1510ffbdd780>,25,1,[6 1],36,36,37,0,36
1,<environment.Job instance at 0x15110d5600f0>,26,16,[2 8],37,162,178,125,162
1,<environment.Job instance at 0x15110d6f50f0>,37,14,[6 1],49,290,304,241,290
1,<environment.Job instance at 0x15110d6f5b40>,38,1,[1 5],50,292,293,242,292
1,<environment.Job instance at 0x15110d6f5fa0>,39,2,[2 5],51,304,306,253,304
1,<environment.Job instance at 0x15110d6f5640>,40,3,[8 2],52,318,321,266,318
1,<environment.Job instance at 0x1510fe6b65f0>,41,3,[ 1 10],53,374,377,321,374
1,<environment.Job instance at 0x15110c883140>,21,17,[14  2],32,1802,1819,1770,1802
1,<environment.Job instance at 0x1510fe6b6e60>,43,18,[2 8],55,1819,1837,1764,1810
1,<environment.Job instance at 0x1511030bb0a0>,44,17,[6 1],56,1879,1896,1823,1879
1,<environment.Job instance at 0x1511030bba00>,45,3,[7 1],57,1882,1885,1825,1882
1,<environment.Job instance at 0x1511030bbb40>,46,2,[5 1],58,1885,1887,1827,1883
1,<environment.Job instance at 0x1511030bb960>,47,14,[10  2],59,2264,2278,2205,2264
1,<environment.Job instance at 0x1511030bba50>,48,26,[ 1 10],60,2264,2290,2204,2264
1,<environment.Job instance at 0x1510fef5da00>,50,15,[1 7],62,2872,2887,2810,2872
1,<environment.Job instance at 0x1510fef5d3c0>,51,1,[6 1],64,2872,2873,2808,2872
1,<environment.Job instance at 0x1510fef5d640>,52,17,[1 5],65,2896,2913,2831,2896
1,<environment.Job instance at 0x1510fef5d370>,53,3,[10  2],66,2907,2910,2841,2907
1,<environment.Job instance at 0x1510fef5d0a0>,54,3,[9 1],67,2918,2921,2851,2918
1,<environment.Job instance at 0x1510fef5daf0>,55,1,[2 9],68,2920,2921,2852,2920
1,<environment.Job instance at 0x1510fef5dcd0>,56,18,[7 1],69,2922,2940,2853,2922
1,<environment.Job instance at 0x1510fe6e4b40>,57,2,[2 7],72,2924,2926,2852,2924
1,<environment.Job instance at 0x1510fef5dc30>,58,2,[ 2 10],73,2942,2944,2869,2942
1,<environment.Job instance at 0x1510fe6e4140>,59,26,[7 2],74,2942,2968,2868,2942
1,<environment.Job instance at 0x1510fea72870>,11,25,[5 2],14,19,44,5,19
1,<environment.Job instance at 0x15110efbec80>,16,1,[ 1 11],20,20,21,0,20
1,<environment.Job instance at 0x15110c8f45a0>,17,1,[2 8],21,22,23,1,22
1,<environment.Job instance at 0x151102fbe6e0>,18,2,[6 1],23,25,27,2,25
1,<environment.Job instance at 0x151101da25a0>,21,1,[2 6],27,32,33,5,32
1,<environment.Job instance at 0x1510fec2f960>,22,15,[1 7],28,43,58,15,43
1,<environment.Job instance at 0x1510ffb467d0>,24,1,[1 6],30,51,52,21,51
1,<environment.Job instance at 0x1510fee7d140>,25,3,[6 1],33,51,54,18,51
1,<environment.Job instance at 0x1510fee7dcd0>,26,2,[9 2],34,54,56,20,52
1,<environment.Job instance at 0x1510fe8a19b0>,27,2,[2 7],35,52,54,17,52
1,<environment.Job instance at 0x1510fefba500>,28,1,[2 5],36,54,55,18,52
1,<environment.Job instance at 0x1510fefbaf50>,29,14,[1 9],39,58,72,19,52
1,<environment.Job instance at 0x1510fee7b960>,30,2,[ 1 10],40,72,74,32,56
1,<environment.Job instance at 0x1510fec2faa0>,23,2,[1 9],29,74,76,45,70
1,<environment.Job instance at 0x1510fee7bdc0>,32,12,[8 1],43,75,87,32,75
1,<environment.Job instance at 0x1510fee7beb0>,31,16,[7 2],42,76,92,34,75
1,<environment.Job instance at 0x1510fee7b690>,34,2,[8 1],47,87,89,40,77
1,<environment.Job instance at 0x1510fee7bd20>,33,1,[6 1],46,91,92,45,91
1,<environment.Job instance at 0x1510fee7b1e0>,35,26,[9 1],52,111,137,59,111
1,<environment.Job instance at 0x1510fef8eaf0>,39,1,[ 2 13],57,162,163,105,162
1,<environment.Job instance at 0x1510fef8e820>,40,1,[1 5],58,163,164,105,162
1,<environment.Job instance at 0x1510fef8e460>,42,3,[2 9],61,163,166,102,162
1,<environment.Job instance at 0x1510fef8e550>,36,17,[6 2],53,166,183,113,166
1,<environment.Job instance at 0x151101d9c820>,43,12,[ 2 11],63,182,194,119,182
1,<environment.Job instance at 0x151101e5a370>,48,18,[2 9],72,194,212,122,192
1,<environment.Job instance at 0x151101e5a6e0>,49,1,[1 7],73,212,213,139,201
1,<environment.Job instance at 0x151102f5aa50>,52,3,[5 1],77,203,206,126,203
1,<environment.Job instance at 0x15110d51ec30>,56,13,[2 6],82,223,236,141,223
1,<environment.Job instance at 0x15110d51e6e0>,63,2,[8 1],94,223,225,129,223
1,<environment.Job instance at 0x15110d51e500>,65,21,[7 1],96,231,252,135,231
1,<environment.Job instance at 0x15110d51e960>,67,2,[2 5],98,258,260,160,258
1,<environment.Job instance at 0x15110d51eb40>,69,14,[6 1],100,261,275,161,261
1,<environment.Job instance at 0x15110c9fe370>,73,23,[1 8],106,266,289,160,266
1,<environment.Job instance at 0x15110c9fef50>,74,2,[1 9],109,293,295,184,293
1,<environment.Job instance at 0x15110d51e780>,64,18,[7 2],95,304,322,209,304
1,<environment.Job instance at 0x15110efbe190>,13,1,[11  1],17,336,337,319,336
1,<environment.Job instance at 0x151102f9bd20>,9,26,[2 8],15,17,43,2,17
1,<environment.Job instance at 0x151101dbc5f0>,23,2,[ 2 14],39,46,48,7,46
1,<environment.Job instance at 0x151102f9b050>,11,2,[13  1],17,46,48,29,46
1,<environment.Job instance at 0x15110d534410>,30,1,[8 2],47,48,49,1,47
1,<environment.Job instance at 0x1511021e09b0>,39,1,[2 7],63,64,65,1,64
1,<environment.Job instance at 0x1510ff19dc80>,41,15,[7 2],65,66,81,1,66
1,<environment.Job instance at 0x151101e9bf00>,43,2,[1 9],69,69,71,0,69
1,<environment.Job instance at 0x1510feba9b40>,44,3,[7 2],72,72,75,0,72
1,<environment.Job instance at 0x151101dfa4b0>,45,2,[6 2],73,75,77,2,73
1,<environment.Job instance at 0x1511021e0a00>,40,13,[8 1],64,77,90,13,74
1,<environment.Job instance at 0x15110301e9b0>,50,2,[5 1],83,83,85,0,83
1,<environment.Job instance at 0x1510ff285a50>,46,1,[10  1],75,90,91,15,84
1,<environment.Job instance at 0x151101dc4690>,51,15,[ 1 10],84,84,99,0,84
1,<environment.Job instance at 0x1510febecaf0>,57,14,[2 8],91,99,113,8,98
1,<environment.Job instance at 0x1510fe636d70>,64,2,[5 2],101,101,103,0,101
1,<environment.Job instance at 0x1510fe6361e0>,65,2,[6 1],102,102,104,0,102
1,<environment.Job instance at 0x1510ff164d20>,66,1,[1 9],103,113,114,10,103
1,<environment.Job instance at 0x1510ff1640f0>,67,1,[7 1],104,104,105,0,104
1,<environment.Job instance at 0x1510ff164730>,68,2,[2 5],105,105,107,0,105
1,<environment.Job instance at 0x1510ff1646e0>,69,1,[2 8],106,114,115,8,106
1,<environment.Job instance at 0x15110efb2dc0>,63,2,[8 2],100,108,110,8,108
1,<environment.Job instance at 0x15110223ac80>,71,3,[ 1 10],109,117,120,8,117
1,<environment.Job instance at 0x1510feaa79b0>,12,1,[1 8],18,35,36,17,35
1,<environment.Job instance at 0x1510ffb39230>,14,1,[8 1],21,35,36,14,35
1,<environment.Job instance at 0x1510ffb39f00>,15,1,[5 2],23,36,37,13,36
1,<environment.Job instance at 0x1510feb4d140>,16,1,[9 2],25,37,38,12,37
1,<environment.Job instance at 0x1510ffb39c80>,13,27,[1 7],19,37,64,18,37
1,<environment.Job instance at 0x1510feb4d0a0>,17,1,[ 1 14],26,64,65,38,37
1,<environment.Job instance at 0x151102aed730>,24,2,[2 7],34,38,40,4,37
1,<environment.Job instance at 0x15110d5b5d70>,25,2,[2 9],35,65,67,30,38
1,<environment.Job instance at 0x151102cd4a50>,26,1,[2 7],36,40,41,4,39
1,<environment.Job instance at 0x151102cd4cd0>,27,2,[8 1],37,41,43,4,41
1,<environment.Job instance at 0x151102aed460>,22,25,[5 1],32,41,66,9,41
1,<environment.Job instance at 0x1510fe86f5f0>,31,1,[5 2],45,51,52,6,51
1,<environment.Job instance at 0x1510fe7b41e0>,32,2,[2 6],46,76,78,30,76
1,<environment.Job instance at 0x1510ff3a9b90>,33,2,[10  2],47,76,78,29,76
1,<environment.Job instance at 0x15110fccc960>,34,1,[ 1 14],50,82,83,32,82
1,<environment.Job instance at 0x15110d5e6e10>,8,3,[ 2 12],14,83,86,69,82
1,<environment.Job instance at 0x15110fccc690>,35,2,[6 1],51,82,84,31,82
1,<environment.Job instance at 0x1510ffc2ca50>,39,1,[8 2],55,84,85,29,82
1,<environment.Job instance at 0x1510ffc2cc30>,41,1,[9 1],59,85,86,26,82
1,<environment.Job instance at 0x1510ffc2c2d0>,42,17,[6 1],60,86,103,26,82
1,<environment.Job instance at 0x1510ffb04280>,62,2,[6 2],92,99,101,7,99
1,<environment.Job instance at 0x1510ffb04e60>,60,13,[8 1],89,109,122,20,109
1,<environment.Job instance at 0x1510fe879b40>,67,1,[9 1],99,122,123,23,109
1,<environment.Job instance at 0x1510fe879870>,71,2,[6 1],104,109,111,5,109
1,<environment.Job instance at 0x1510fe90cf50>,74,18,[11  2],108,123,141,15,116
1,<environment.Job instance at 0x1510ff42bbe0>,29,16,[9 1],41,176,192,135,176
1,<environment.Job instance at 0x1510ff6a9fa0>,0,19,[2 8],1,5,24,4,5
1,<environment.Job instance at 0x1510feae4410>,26,17,[1 8],39,56,73,17,56
1,<environment.Job instance at 0x1510fe906c80>,38,14,[2 7],57,80,94,23,80
1,<environment.Job instance at 0x1510fed0ccd0>,52,17,[ 1 14],81,94,111,13,90
1,<environment.Job instance at 0x1510fe9068c0>,37,14,[9 1],56,100,114,44,100
1,<environment.Job instance at 0x151102d13190>,65,2,[10  2],97,114,116,17,102
1,<environment.Job instance at 0x151102d13b40>,66,2,[1 5],99,111,113,12,102
1,<environment.Job instance at 0x151102d13320>,67,2,[ 2 10],100,113,115,13,102
1,<environment.Job instance at 0x151102d13050>,68,3,[7 1],101,116,119,15,103
1,<environment.Job instance at 0x1510ff270dc0>,70,1,[ 1 10],104,115,116,11,104
1,<environment.Job instance at 0x151102b1f7d0>,72,2,[9 1],107,119,121,12,107
1,<environment.Job instance at 0x15110efe5640>,73,2,[7 1],108,116,118,8,108
1,<environment.Job instance at 0x151102d130a0>,64,3,[ 1 14],96,121,124,25,121
1,<environment.Job instance at 0x151101e73730>,5,2,[14  2],10,10,12,0,10
1,<environment.Job instance at 0x151101e73f50>,3,1,[ 2 10],8,16,17,8,16
1,<environment.Job instance at 0x151101e43690>,11,2,[13  2],19,28,30,9,28
1,<environment.Job instance at 0x151101e439b0>,13,2,[2 7],21,30,32,9,30
1,<environment.Job instance at 0x1510ffbaf910>,23,1,[7 1],43,43,44,0,43
1,<environment.Job instance at 0x1510ffbaf690>,26,2,[13  1],49,49,51,0,49
1,<environment.Job instance at 0x1510ffbaf370>,25,13,[7 2],48,54,67,6,54
1,<environment.Job instance at 0x151101e43190>,9,12,[7 2],17,55,67,38,55
1,<environment.Job instance at 0x1510ffbaf780>,28,16,[1 5],52,55,71,3,55
1,<environment.Job instance at 0x1510fe814fa0>,31,3,[ 1 10],65,67,70,2,65
1,<environment.Job instance at 0x1510fe814550>,32,3,[2 9],66,70,73,4,67
1,<environment.Job instance at 0x1510fe8140f0>,34,2,[1 6],69,71,73,2,69
1,<environment.Job instance at 0x1510fe814230>,35,3,[1 8],70,73,76,3,70
1,<environment.Job instance at 0x1510fe814e60>,36,1,[6 1],72,73,74,1,72
1,<environment.Job instance at 0x1510fe814a50>,37,2,[10  1],74,75,77,1,75
1,<environment.Job instance at 0x1510fe814190>,38,15,[1 7],75,76,91,1,75
1,<environment.Job instance at 0x1510fe814730>,39,2,[1 8],76,77,79,1,76
1,<environment.Job instance at 0x1510fe8140a0>,40,24,[2 5],77,79,103,2,77
1,<environment.Job instance at 0x151101e49730>,41,2,[ 1 10],78,91,93,13,78
1,<environment.Job instance at 0x151101e49320>,42,1,[6 1],79,80,81,1,80
1,<environment.Job instance at 0x151101e49d20>,43,2,[7 1],80,81,83,1,80
1,<environment.Job instance at 0x151101e49cd0>,44,1,[10  1],81,83,84,2,83
1,<environment.Job instance at 0x151101e49aa0>,45,3,[1 8],82,93,96,11,83
1,<environment.Job instance at 0x151101e49af0>,46,3,[1 5],87,96,99,9,87
1,<environment.Job instance at 0x151101e49a00>,47,18,[ 2 10],88,99,117,11,88
1,<environment.Job instance at 0x1510ffc21c80>,49,3,[9 1],90,103,106,13,97
1,<environment.Job instance at 0x1510ffc21f50>,50,12,[1 8],91,117,129,26,102
1,<environment.Job instance at 0x1510ffc21f00>,51,2,[1 6],92,117,119,25,106
1,<environment.Job instance at 0x1510ffc21190>,52,3,[5 2],95,111,114,16,111
1,<environment.Job instance at 0x1510ffc21370>,53,15,[6 2],96,123,138,27,123
1,<environment.Job instance at 0x1510ffc21e10>,54,2,[11  1],98,138,140,40,123
1,<environment.Job instance at 0x1510ffc21dc0>,55,3,[2 5],99,124,127,25,124
1,<environment.Job instance at 0x1510ffc21050>,56,1,[1 8],101,129,130,28,124
1,<environment.Job instance at 0x1510ffc21af0>,57,1,[2 5],102,127,128,25,124
1,<environment.Job instance at 0x1510ffc0e550>,58,1,[2 6],103,130,131,27,124
1,<environment.Job instance at 0x1510ffc0efa0>,59,14,[6 2],104,140,154,36,135
1,<environment.Job instance at 0x1510ffc0e960>,60,3,[2 5],107,136,139,29,136
1,<environment.Job instance at 0x1510ffc0e5a0>,61,2,[9 2],108,140,142,32,140
1,<environment.Job instance at 0x1510ffc0e6e0>,62,13,[2 8],109,142,155,33,140
1,<environment.Job instance at 0x1510ffbf0e10>,19,3,[ 2 11],35,233,236,198,233
1,<environment.Job instance at 0x1510ffbaf4b0>,21,3,[ 1 13],40,319,322,279,319
1,<environment.Job instance at 0x1510ffbaf4b0>,3,1,[11  2],4,4,5,0,4
1,<environment.Job instance at 0x1510fe9fc820>,5,3,[8 2],9,10,13,1,10
1,<environment.Job instance at 0x1510fe9fc1e0>,8,1,[8 1],17,17,18,0,17
1,<environment.Job instance at 0x151102ca0410>,13,2,[1 6],22,22,24,0,22
1,<environment.Job instance at 0x1510fe8886e0>,16,2,[12  2],25,31,33,6,31
1,<environment.Job instance at 0x1510ffc103c0>,30,26,[10  2],43,46,72,3,46
1,<environment.Job instance at 0x1510ff48a690>,37,2,[ 1 12],51,61,63,10,61
1,<environment.Job instance at 0x15110d5b5e60>,48,1,[11  2],74,74,75,0,74
1,<environment.Job instance at 0x15110d5b5320>,46,17,[7 2],69,79,96,10,79
1,<environment.Job instance at 0x1510ffc41960>,51,15,[6 1],80,92,107,12,92
1,<environment.Job instance at 0x1510ffc41690>,52,2,[ 1 10],81,92,94,11,92
1,<environment.Job instance at 0x1510ffc410f0>,53,16,[1 5],82,94,110,12,94
1,<environment.Job instance at 0x1510ffc41d20>,54,3,[8 2],83,99,102,16,99
1,<environment.Job instance at 0x1510ffc41460>,55,2,[2 9],85,102,104,17,99
1,<environment.Job instance at 0x1510ffc41190>,56,26,[1 9],86,104,130,18,101
1,<environment.Job instance at 0x1510ffc415a0>,57,13,[10  2],87,110,123,23,104
1,<environment.Job instance at 0x1510ffc41050>,58,23,[2 8],88,130,153,42,124
1,<environment.Job instance at 0x1510ffc415f0>,59,3,[2 5],90,124,127,34,124
1,<environment.Job instance at 0x1510ffc41820>,60,2,[5 1],91,139,141,48,139
1,<environment.Job instance at 0x1510ffc41b90>,61,2,[ 1 10],92,153,155,61,139
1,<environment.Job instance at 0x1510ffc41280>,62,15,[10  1],93,225,240,132,225
1,<environment.Job instance at 0x1510ffc41230>,63,3,[ 1 12],94,225,228,131,225
1,<environment.Job instance at 0x1510ffc41d70>,64,1,[8 2],96,240,241,144,225
1,<environment.Job instance at 0x151102184aa0>,65,1,[8 1],97,241,242,144,225
1,<environment.Job instance at 0x151102184500>,66,24,[2 9],98,228,252,130,225
1,<environment.Job instance at 0x151102184550>,67,1,[2 7],101,252,253,151,226
1,<environment.Job instance at 0x151102184d20>,68,25,[6 2],102,242,267,140,239
1,<environment.Job instance at 0x151102184320>,69,3,[8 1],106,253,256,147,240
1,<environment.Job instance at 0x151102184960>,70,14,[9 2],107,300,314,193,300
1,<environment.Job instance at 0x1511021843c0>,71,28,[ 1 10],108,300,328,192,300
1,<environment.Job instance at 0x151102184640>,72,2,[7 1],109,314,316,205,312
1,<environment.Job instance at 0x1530bdee01e0>,12,3,[6 2],16,17,20,1,17
1,<environment.Job instance at 0x1530bdee0eb0>,14,1,[1 7],18,18,19,0,18
1,<environment.Job instance at 0x1530bdec9aa0>,20,21,[7 1],27,27,48,0,27
1,<environment.Job instance at 0x1530be1fc820>,24,20,[ 1 10],32,38,58,6,38
1,<environment.Job instance at 0x1530bd7ba1e0>,27,3,[2 8],37,58,61,21,39
1,<environment.Job instance at 0x1530bde883c0>,21,22,[8 2],28,48,70,20,42
1,<environment.Job instance at 0x1530bda34690>,38,2,[8 2],50,70,72,20,52
1,<environment.Job instance at 0x1530bda30730>,49,1,[ 1 10],67,67,68,0,67
1,<environment.Job instance at 0x1530bda30500>,50,1,[1 8],68,68,69,0,68
1,<environment.Job instance at 0x1530bda301e0>,51,16,[10  1],69,72,88,3,70
1,<environment.Job instance at 0x1530bda2a730>,54,2,[10  1],74,88,90,14,74
1,<environment.Job instance at 0x1530bda2ad70>,55,2,[2 7],75,75,77,0,75
1,<environment.Job instance at 0x1530bda33280>,59,2,[12  2],85,90,92,5,85
1,<environment.Job instance at 0x1530bd7c1960>,68,1,[1 5],98,99,100,1,99
1,<environment.Job instance at 0x1530bd7c1cd0>,69,1,[10  2],101,101,102,0,101
1,<environment.Job instance at 0x1530bd7c1c30>,70,1,[8 1],102,102,103,0,102
1,<environment.Job instance at 0x1530bd7c1d70>,71,2,[1 6],103,103,105,0,103
1,<environment.Job instance at 0x1530bd7c1f50>,72,2,[2 6],106,106,108,0,106
1,<environment.Job instance at 0x1530bd7c7050>,74,2,[1 5],108,108,110,0,108
1,<environment.Job instance at 0x1530bd7c7550>,77,2,[10  2],113,113,115,0,113
1,<environment.Job instance at 0x1530c6cb8cd0>,12,18,[1 5],17,20,38,3,20
1,<environment.Job instance at 0x1530c6cb8aa0>,14,3,[7 1],19,34,37,15,34
1,<environment.Job instance at 0x1530c6d99140>,24,1,[9 2],39,39,40,0,39
1,<environment.Job instance at 0x1530c6d08910>,21,1,[1 8],34,40,41,6,40
1,<environment.Job instance at 0x1530c6d99c80>,26,2,[7 2],41,41,43,0,41
1,<environment.Job instance at 0x1530c6cf17d0>,27,3,[1 7],42,42,45,0,42
1,<environment.Job instance at 0x1530c7945370>,28,2,[2 8],43,43,45,0,43
1,<environment.Job instance at 0x1530c6c242d0>,29,3,[1 5],44,45,48,1,44
1,<environment.Job instance at 0x1530c6d1ab40>,30,15,[1 5],45,45,60,0,45
1,<environment.Job instance at 0x1530c6c4f6e0>,35,3,[10  2],55,55,58,0,55
1,<environment.Job instance at 0x1530c6d34be0>,36,16,[6 1],57,58,74,1,57
1,<environment.Job instance at 0x1530c6d34690>,37,12,[10  2],59,74,86,15,61
1,<environment.Job instance at 0x1530c6ce16e0>,25,14,[5 1],40,62,76,22,62
1,<environment.Job instance at 0x1530c6d34640>,40,1,[1 6],62,62,63,0,62
1,<environment.Job instance at 0x1530c6dd29b0>,50,27,[5 2],73,76,103,3,76
1,<environment.Job instance at 0x1530c6dd2500>,52,18,[ 2 10],76,356,374,280,356
1,<environment.Job instance at 0x1530c6c5bf00>,41,14,[12  1],63,407,421,344,407
1,<environment.Job instance at 0x1530c6d90c80>,60,3,[2 6],85,409,412,324,409
1,<environment.Job instance at 0x1530c6d90a50>,61,18,[ 1 10],97,457,475,360,457
1,<environment.Job instance at 0x1530c6d90a00>,59,12,[2 6],84,491,503,407,491
1,<environment.Job instance at 0x1530c6d90870>,63,3,[9 2],99,499,502,400,499
1,<environment.Job instance at 0x1530c6d905a0>,64,1,[10  1],100,502,503,402,500
1,<environment.Job instance at 0x1530c6d90960>,65,2,[5 2],101,503,505,402,503
1,<environment.Job instance at 0x1530c6d90dc0>,66,3,[6 1],103,510,513,407,510
1,<environment.Job instance at 0x1530c6d90640>,67,1,[8 2],104,511,512,407,511
1,<environment.Job instance at 0x1530c6d90b90>,68,25,[1 8],105,512,537,407,512
1,<environment.Job instance at 0x1530c6d901e0>,69,26,[2 9],106,537,563,431,535
1,<environment.Job instance at 0x1530c6d90690>,70,15,[7 2],109,578,593,469,578
1,<environment.Job instance at 0x1530c6d90d70>,71,13,[ 2 10],111,937,950,826,937
1,<environment.Job instance at 0x1530c6d905f0>,72,3,[1 6],112,950,953,838,947
1,<environment.Job instance at 0x1530c6d907d0>,73,2,[1 6],113,950,952,837,949
1,<environment.Job instance at 0x1530c6d902d0>,74,2,[1 7],114,952,954,838,949
1,<environment.Job instance at 0x1530c6fe8500>,75,22,[2 7],115,953,975,838,949
1,<environment.Job instance at 0x1530c6fe8b40>,77,2,[2 8],118,972,974,854,972
1,<environment.Job instance at 0x1530c6fe8370>,76,1,[5 1],117,974,975,857,973
1,<environment.Job instance at 0x1530c6cdc730>,20,15,[9 2],33,1041,1056,1008,1041
1,<environment.Job instance at 0x1530c6d90aa0>,58,3,[11  1],83,1065,1068,982,1065
1,<environment.Job instance at 0x1530c7850f00>,23,13,[12  2],38,1594,1607,1556,1594
1,<environment.Job instance at 0x1530c0145230>,7,2,[1 5],12,12,14,0,12
1,<environment.Job instance at 0x1530bd0a8370>,35,2,[12  1],52,56,58,4,56
1,<environment.Job instance at 0x1530bd0d1be0>,37,27,[5 1],54,58,85,4,56
1,<environment.Job instance at 0x1530c0575a50>,49,12,[1 9],71,81,93,10,81
1,<environment.Job instance at 0x1530bd1ca410>,52,3,[8 2],74,81,84,7,81
1,<environment.Job instance at 0x1530bd1ca230>,53,1,[6 2],76,84,85,8,81
1,<environment.Job instance at 0x1530e406b280>,54,2,[1 6],78,85,87,7,81
1,<environment.Job instance at 0x1530bd1cab90>,55,15,[6 1],79,87,102,8,81
1,<environment.Job instance at 0x1530c0130640>,56,2,[ 1 10],81,93,95,12,81
1,<environment.Job instance at 0x1530bd1310a0>,58,2,[10  2],83,102,104,19,83
1,<environment.Job instance at 0x1530bd131500>,59,3,[2 6],84,95,98,11,84
1,<environment.Job instance at 0x1530bd1314b0>,60,2,[7 2],86,87,89,1,86
1,<environment.Job instance at 0x1530bd1316e0>,61,1,[9 1],88,98,99,10,88
1,<environment.Job instance at 0x1530bd1311e0>,63,26,[1 7],90,99,125,9,96
1,<environment.Job instance at 0x1530bd131870>,64,2,[6 2],91,96,98,5,96
1,<environment.Job instance at 0x1530bd131aa0>,66,1,[1 7],95,99,100,4,96
1,<environment.Job instance at 0x1530bd219280>,74,2,[8 1],103,125,127,22,125
1,<environment.Job instance at 0x1530bd219d70>,76,14,[6 1],105,163,177,58,163
1,<environment.Job instance at 0x1530bd219fa0>,77,1,[8 2],106,166,167,60,166
1,<environment.Job instance at 0x1530bd219230>,78,3,[10  1],107,177,180,70,171
1,<environment.Job instance at 0x1530bd219410>,79,15,[7 2],109,1018,1033,909,1018
1,<environment.Job instance at 0x1530bd219cd0>,80,25,[2 6],111,1018,1043,907,1018
1,<environment.Job instance at 0x1530bd219a50>,81,2,[2 8],112,1037,1039,925,1037
1,<environment.Job instance at 0x1530bd09c140>,82,2,[1 5],113,1039,1041,926,1038
1,<environment.Job instance at 0x1530bd09c280>,83,3,[10  2],114,1040,1043,926,1040
1,<environment.Job instance at 0x1530bd09c460>,84,3,[2 5],116,1050,1053,934,1050
1,<environment.Job instance at 0x1530bd09c550>,85,3,[2 5],119,1051,1054,932,1051
1,<environment.Job instance at 0x1530bd2197d0>,73,3,[13  2],102,1142,1145,1040,1142
1,<environment.Job instance at 0x1530c00de9b0>,8,2,[1 5],16,17,19,1,17
1,<environment.Job instance at 0x1530c6cb2eb0>,10,2,[10  1],18,27,29,9,27
1,<environment.Job instance at 0x1530e60697d0>,12,3,[2 5],22,29,32,7,29
1,<environment.Job instance at 0x1530c00de050>,7,1,[ 1 13],15,35,36,20,35
1,<environment.Job instance at 0x1530c3cf4dc0>,11,1,[12  2],20,35,36,15,35
1,<environment.Job instance at 0x1530bd0f2050>,19,3,[5 2],31,36,39,5,35
1,<environment.Job instance at 0x1530bd0f2cd0>,20,1,[6 1],32,36,37,4,35
1,<environment.Job instance at 0x1530bd0f2910>,21,1,[8 1],33,37,38,4,35
1,<environment.Job instance at 0x1530e605f230>,0,17,[1 7],2,37,54,35,37
1,<environment.Job instance at 0x1530bd21ad70>,24,18,[7 2],41,48,66,7,48
1,<environment.Job instance at 0x1530c0495b40>,30,3,[7 2],50,50,53,0,50
1,<environment.Job instance at 0x1530c0495690>,31,1,[2 8],51,54,55,3,51
1,<environment.Job instance at 0x1530c04955f0>,32,1,[5 2],52,53,54,1,52
1,<environment.Job instance at 0x1530c7855fa0>,33,3,[10  2],54,66,69,12,54
1,<environment.Job instance at 0x1530c2688dc0>,34,3,[8 1],55,55,58,0,55
1,<environment.Job instance at 0x1530bd0f2eb0>,18,17,[10  1],28,69,86,41,68
1,<environment.Job instance at 0x1530c0134af0>,41,15,[2 6],65,68,83,3,68
1,<environment.Job instance at 0x1530c6fe8dc0>,45,15,[10  2],70,520,535,450,520
1,<environment.Job instance at 0x1530bd0ea5f0>,49,22,[7 2],75,535,557,460,528
1,<environment.Job instance at 0x1530c12ed500>,50,1,[2 7],76,528,529,452,528
1,<environment.Job instance at 0x1530c04a7730>,51,3,[10  2],77,557,560,480,532
1,<environment.Job instance at 0x1530c0151190>,53,2,[2 8],83,542,544,459,542
1,<environment.Job instance at 0x1530c03ba6e0>,55,3,[7 1],85,1440,1443,1355,1440
1,<environment.Job instance at 0x1530e531dc80>,56,3,[10  2],86,1443,1446,1357,1442
1,<environment.Job instance at 0x1530c6c381e0>,47,15,[7 2],72,1459,1474,1387,1459
1,<environment.Job instance at 0x1530c6dbe8c0>,58,2,[2 6],88,1474,1476,1386,1474
1,<environment.Job instance at 0x1530bde42640>,59,2,[6 1],89,1475,1477,1386,1475
1,<environment.Job instance at 0x1530c03ba1e0>,54,17,[10  2],84,1619,1636,1535,1619
1,<environment.Job instance at 0x1530c6fe7320>,61,2,[5 2],92,1619,1621,1527,1619
1,<environment.Job instance at 0x1530bde42d20>,62,2,[2 7],93,1621,1623,1528,1619
1,<environment.Job instance at 0x1530c6d5c050>,63,3,[1 8],94,1623,1626,1529,1620
1,<environment.Job instance at 0x1530c6d5cb90>,64,22,[9 1],95,1636,1658,1541,1634
1,<environment.Job instance at 0x1530bde47d20>,65,16,[8 1],97,1658,1674,1561,1657
1,<environment.Job instance at 0x1530bdf5f820>,66,1,[9 2],98,1674,1675,1576,1658
1,<environment.Job instance at 0x1530bdf5f690>,67,2,[ 1 10],99,1658,1660,1559,1658
1,<environment.Job instance at 0x1530bdf5f640>,68,3,[2 7],100,1660,1663,1560,1658
1,<environment.Job instance at 0x1530bdf5ffa0>,69,26,[10  1],101,1680,1706,1579,1680
1,<environment.Job instance at 0x1530bdf5f730>,70,3,[ 2 12],102,1680,1683,1578,1680
1,<environment.Job instance at 0x1530bd07ec30>,71,12,[8 2],103,1721,1733,1618,1721
1,<environment.Job instance at 0x1530bd07ee60>,72,3,[6 2],105,1721,1724,1616,1721
1,<environment.Job instance at 0x1530bd07e280>,73,2,[1 6],107,1721,1723,1614,1721
1,<environment.Job instance at 0x1530bd07e820>,74,1,[12  1],108,1733,1734,1625,1721
1,<environment.Job instance at 0x1530bd07e780>,75,18,[2 8],109,1725,1743,1616,1725
1,<environment.Job instance at 0x1530bd07eaa0>,76,1,[7 1],113,1734,1735,1621,1725
1,<environment.Job instance at 0x1530bd07e140>,77,2,[2 5],114,1725,1727,1611,1725
1,<environment.Job instance at 0x1530bd07e0f0>,78,1,[5 2],115,1727,1728,1612,1725
1,<environment.Job instance at 0x1530c6fe7550>,60,3,[2 8],91,1812,1815,1721,1812
1,<environment.Job instance at 0x1530bd284b40>,80,1,[2 5],117,1813,1814,1696,1813
1,<environment.Job instance at 0x1530c7979230>,79,14,[10  2],116,1918,1932,1802,1918
1,<environment.Job instance at 0x1530bd07e370>,82,1,[1 5],119,1918,1919,1799,1918
1,<environment.Job instance at 0x1530c6c38eb0>,48,1,[13  1],73,2153,2154,2080,2153
1,<environment.Job instance at 0x1530c6d994b0>,0,1,[8 1],2,3,4,1,3
1,<environment.Job instance at 0x1530bdf88780>,3,1,[5 2],5,6,7,1,6
1,<environment.Job instance at 0x1530bd0b6730>,34,1,[2 9],54,54,55,0,54
1,<environment.Job instance at 0x1530c6d1a500>,45,1,[2 8],68,68,69,0,68
1,<environment.Job instance at 0x1530c6d1a5a0>,47,1,[10  2],71,71,72,0,71
1,<environment.Job instance at 0x1530bd0b6c80>,38,3,[ 1 10],60,80,83,20,80
1,<environment.Job instance at 0x1530c6d07960>,53,3,[2 7],83,83,86,0,83
1,<environment.Job instance at 0x1530c6d040f0>,51,13,[10  1],80,84,97,4,84
1,<environment.Job instance at 0x1530c6d07690>,55,2,[1 9],86,86,88,0,86
1,<environment.Job instance at 0x1530c6d07050>,56,1,[1 8],87,88,89,1,87
1,<environment.Job instance at 0x1530c6d07d70>,57,3,[ 1 10],88,89,92,1,88
1,<environment.Job instance at 0x1530c6d07fa0>,58,2,[1 5],89,92,94,3,89
1,<environment.Job instance at 0x1530c6d076e0>,59,17,[2 5],93,93,110,0,93
1,<environment.Job instance at 0x1530c6cfd460>,68,1,[1 7],108,108,109,0,108
1,<environment.Job instance at 0x1530c6cfdb90>,70,3,[2 5],112,112,115,0,112
1,<environment.Job instance at 0x1530c6cfd370>,67,18,[7 1],107,115,133,8,115
1,<environment.Job instance at 0x1530c6cfd6e0>,71,13,[1 9],114,289,302,175,289
1,<environment.Job instance at 0x1530bd22deb0>,2,2,[8 1],3,3,5,0,3
1,<environment.Job instance at 0x1530c6c42320>,1,1,[1 5],2,4,5,2,4
1,<environment.Job instance at 0x1530bd4d6b90>,0,2,[8 2],1,6,8,5,6
1,<environment.Job instance at 0x1530c04ccaa0>,15,16,[10  2],22,25,41,3,25
1,<environment.Job instance at 0x1530c04b8e60>,17,2,[2 7],25,49,51,24,49
1,<environment.Job instance at 0x1530c04a7050>,32,14,[1 9],48,51,65,3,50
1,<environment.Job instance at 0x1530c05159b0>,39,1,[1 9],59,65,66,6,59
1,<environment.Job instance at 0x1530c0515230>,41,1,[2 9],61,66,67,5,61
1,<environment.Job instance at 0x1530bd39fc80>,42,14,[1 6],64,64,78,0,64
1,<environment.Job instance at 0x1530c04a7e60>,33,15,[1 5],49,68,83,19,68
1,<environment.Job instance at 0x1530bd4a91e0>,48,17,[8 2],73,82,99,9,82
1,<environment.Job instance at 0x1530bd5b33c0>,59,24,[1 8],90,93,117,3,93
1,<environment.Job instance at 0x1530bd5b3190>,61,1,[8 1],93,99,100,6,94
1,<environment.Job instance at 0x1530bd5ee1e0>,66,3,[1 8],102,117,120,15,102
1,<environment.Job instance at 0x1530bd5eea50>,67,2,[10  2],103,106,108,3,106
1,<environment.Job instance at 0x1530bd5eef50>,68,1,[11  1],104,108,109,4,108
1,<environment.Job instance at 0x1530bd5ee190>,69,3,[8 1],106,110,113,4,110
1,<environment.Job instance at 0x1530bd5b3050>,65,3,[ 1 14],97,120,123,23,111
1,<environment.Job instance at 0x1530bd5ee050>,71,3,[1 9],108,123,126,15,112
1,<environment.Job instance at 0x1530bd5eeaa0>,72,3,[9 1],109,113,116,4,112
1,<environment.Job instance at 0x1530c00e6190>,74,3,[1 8],112,126,129,14,113
1,<environment.Job instance at 0x1530bd54d640>,75,2,[5 1],113,116,118,3,116
1,<environment.Job instance at 0x1530e52f7870>,76,2,[2 9],114,129,131,15,118
1,<environment.Job instance at 0x1530c266aa00>,77,2,[2 8],115,131,133,16,118
1,<environment.Job instance at 0x1530bd37d500>,54,18,[7 1],81,264,282,183,264
1,<environment.Job instance at 0x1530bd5be1e0>,4,12,[13  2],6,2422,2434,2416,2422
1,<environment.Job instance at 0x1530e5984b90>,4,1,[10  1],7,8,9,1,8
1,<environment.Job instance at 0x1530c2662b40>,32,2,[10  1],39,50,52,11,50
1,<environment.Job instance at 0x1530bdf5dc80>,38,3,[8 2],46,74,77,28,74
1,<environment.Job instance at 0x1530c6c0a870>,25,17,[ 1 14],32,77,94,45,74
1,<environment.Job instance at 0x1530c10941e0>,42,1,[7 2],51,74,75,23,74
1,<environment.Job instance at 0x1530c05f0820>,43,12,[8 2],52,94,106,42,77
1,<environment.Job instance at 0x1530c05f00f0>,44,1,[ 1 10],53,94,95,41,77
1,<environment.Job instance at 0x1530c05f06e0>,45,2,[2 6],54,95,97,41,77
1,<environment.Job instance at 0x1530c05f0320>,47,1,[2 9],57,97,98,40,77
1,<environment.Job instance at 0x1530bdf87230>,48,16,[6 1],58,78,94,20,78
1,<environment.Job instance at 0x1530bdf87780>,52,14,[1 5],68,98,112,30,84
1,<environment.Job instance at 0x1530bdf87500>,54,1,[2 7],71,95,96,24,84
1,<environment.Job instance at 0x1530bdf87f00>,55,2,[10  2],72,106,108,34,84
1,<environment.Job instance at 0x1530bdeb45a0>,60,18,[1 9],81,108,126,27,106
1,<environment.Job instance at 0x1530bdeb4550>,63,3,[5 1],86,108,111,22,106
1,<environment.Job instance at 0x1530bdeb4690>,65,13,[ 2 12],90,126,139,36,116
1,<environment.Job instance at 0x1530c6ba67d0>,71,2,[ 2 14],98,139,141,41,128
1,<environment.Job instance at 0x1530c6ba6960>,72,2,[10  1],100,128,130,28,128
1,<environment.Job instance at 0x1530c6ba6730>,73,1,[ 2 10],102,141,142,39,128
1,<environment.Job instance at 0x1530c6ba6460>,75,16,[7 1],105,130,146,25,130
1,<environment.Job instance at 0x1530c6ba69b0>,82,16,[7 1],113,142,158,29,142
1,<environment.Job instance at 0x1530c6bc9d20>,83,3,[6 2],114,146,149,32,144
1,<environment.Job instance at 0x1530c6c01730>,30,2,[11  2],37,470,472,433,470
1,<environment.Job instance at 0x1530bd75c910>,8,2,[2 5],12,12,14,0,12
1,<environment.Job instance at 0x1530bd455dc0>,15,1,[8 2],23,23,24,0,23
1,<environment.Job instance at 0x1530bd745190>,14,1,[14  2],22,24,25,2,24
1,<environment.Job instance at 0x1530c6d22b40>,17,2,[7 1],26,26,28,0,26
1,<environment.Job instance at 0x1530c6d22640>,16,3,[ 2 13],24,28,31,4,28
1,<environment.Job instance at 0x1530bd05dd20>,19,17,[8 1],32,37,54,5,37
1,<environment.Job instance at 0x1530bd447140>,24,1,[2 6],37,50,51,13,50
1,<environment.Job instance at 0x1530c0fd8cd0>,30,2,[10  2],51,57,59,6,57
1,<environment.Job instance at 0x1530c0f8af00>,35,18,[8 1],58,68,86,10,68
1,<environment.Job instance at 0x1530c0fc6af0>,46,2,[8 2],72,86,88,14,79
1,<environment.Job instance at 0x1530c0fc60a0>,45,22,[9 1],71,88,110,17,81
1,<environment.Job instance at 0x1530c0608190>,50,18,[8 1],76,110,128,34,104
1,<environment.Job instance at 0x1530c0608500>,51,18,[8 2],77,137,155,60,137
1,<environment.Job instance at 0x1530c6c25370>,56,23,[6 1],83,151,174,68,151
1,<environment.Job instance at 0x1530c0f7b5f0>,61,3,[11  1],88,174,177,86,174
1,<environment.Job instance at 0x1530e6066c30>,64,2,[8 2],92,180,182,88,180
1,<environment.Job instance at 0x1530c0f8aa50>,38,2,[9 2],61,201,203,140,201
1,<environment.Job instance at 0x1530c6d93af0>,72,3,[6 2],108,201,204,93,201
1,<environment.Job instance at 0x1530c6d93fa0>,77,3,[10  1],114,214,217,100,214
1,<environment.Job instance at 0x1530bd5f52d0>,1,2,[2 8],2,2,4,0,2
1,<environment.Job instance at 0x1530bd5f5eb0>,0,1,[1 7],1,3,4,2,3
1,<environment.Job instance at 0x1530bd5f5e10>,3,2,[2 6],4,4,6,0,4
1,<environment.Job instance at 0x1530bd658960>,14,1,[2 9],21,21,22,0,21
1,<environment.Job instance at 0x1530c6c33500>,15,2,[ 2 10],22,22,24,0,22
1,<environment.Job instance at 0x1530bdeaecd0>,16,3,[2 9],23,24,27,1,23
1,<environment.Job instance at 0x1530bd2b2cd0>,8,3,[ 2 12],11,27,30,16,25
1,<environment.Job instance at 0x1530bd697370>,18,3,[10  2],26,26,29,0,26
1,<environment.Job instance at 0x1530bd697e10>,19,14,[2 9],27,30,44,3,27
1,<environment.Job instance at 0x1530bd697af0>,20,2,[8 1],28,29,31,1,28
1,<environment.Job instance at 0x1530bd782230>,21,1,[2 6],29,31,32,2,29
1,<environment.Job instance at 0x1530c791b730>,22,1,[9 2],30,32,33,2,30
1,<environment.Job instance at 0x1530bd7856e0>,23,2,[ 1 10],31,44,46,13,31
1,<environment.Job instance at 0x1530bd7858c0>,24,3,[10  2],32,33,36,1,32
1,<environment.Job instance at 0x1530c0e6a1e0>,27,1,[1 5],38,38,39,0,38
1,<environment.Job instance at 0x1530c02702d0>,25,14,[7 2],35,43,57,8,43
1,<environment.Job instance at 0x1530bd1575f0>,32,12,[7 2],44,44,56,0,44
1,<environment.Job instance at 0x1530bd157c30>,33,2,[2 7],45,56,58,11,45
1,<environment.Job instance at 0x1530e531d410>,29,15,[5 1],41,56,71,15,46
1,<environment.Job instance at 0x1530bd1574b0>,34,12,[2 6],46,57,69,11,46
1,<environment.Job instance at 0x1530c1058780>,41,22,[6 2],54,62,84,8,62
1,<environment.Job instance at 0x1530c10588c0>,42,3,[ 1 10],55,69,72,14,62
1,<environment.Job instance at 0x1530c10585a0>,43,15,[ 1 10],56,72,87,16,69
1,<environment.Job instance at 0x1530bd291820>,46,2,[1 6],59,87,89,28,69
1,<environment.Job instance at 0x1530bd2917d0>,47,3,[10  1],60,84,87,24,69
1,<environment.Job instance at 0x1530bd291050>,48,3,[6 2],62,71,74,9,69
1,<environment.Job instance at 0x1530bd2912d0>,49,1,[2 9],63,87,88,24,69
1,<environment.Job instance at 0x1530bd291d20>,50,2,[8 2],66,74,76,8,69
1,<environment.Job instance at 0x1530bd2910a0>,51,1,[1 5],69,88,89,19,69
1,<environment.Job instance at 0x1530bd2914b0>,52,2,[6 2],70,76,78,6,70
1,<environment.Job instance at 0x1530bd004870>,53,2,[5 1],72,78,80,6,72
1,<environment.Job instance at 0x1530bd004e60>,54,13,[10  2],74,88,101,14,76
1,<environment.Job instance at 0x1530bd004fa0>,55,3,[8 2],77,80,83,3,77
1,<environment.Job instance at 0x1530bd291730>,45,1,[12  2],58,101,102,43,81
1,<environment.Job instance at 0x1530bd004820>,56,14,[1 6],80,89,103,9,81
1,<environment.Job instance at 0x1530bd004460>,57,2,[2 5],81,89,91,8,89
1,<environment.Job instance at 0x1530bd0048c0>,59,2,[6 2],83,102,104,19,97
1,<environment.Job instance at 0x1530bd004960>,58,12,[9 1],82,105,117,23,105
1,<environment.Job instance at 0x1530bd004780>,61,21,[2 5],85,105,126,20,105
1,<environment.Job instance at 0x1530bd004a00>,60,2,[1 8],84,117,119,33,117
1,<environment.Job instance at 0x1530bd0043c0>,62,15,[8 1],87,129,144,42,129
1,<environment.Job instance at 0x1530bd0040f0>,64,2,[10  2],89,144,146,55,132
1,<environment.Job instance at 0x1530bd004640>,65,3,[2 7],90,135,138,45,135
1,<environment.Job instance at 0x1530bd0041e0>,66,20,[14  1],93,211,231,118,211
1,<environment.Job instance at 0x1530bd004be0>,67,3,[5 2],94,231,234,137,214
1,<environment.Job instance at 0x1530bd004730>,68,2,[1 7],95,217,219,122,217
1,<environment.Job instance at 0x1530bd06c050>,70,2,[2 5],99,231,233,132,217
1,<environment.Job instance at 0x1530bd06c1e0>,71,1,[10  2],100,233,234,133,217
1,<environment.Job instance at 0x1530bd06c910>,72,3,[2 8],101,234,237,133,217
1,<environment.Job instance at 0x1530bd06c2d0>,73,3,[6 1],102,234,237,132,217
1,<environment.Job instance at 0x1530bd06cd70>,76,1,[1 9],106,225,226,119,225
1,<environment.Job instance at 0x1530bd06caf0>,77,3,[7 2],107,234,237,127,225
1,<environment.Job instance at 0x1530bd06c280>,78,1,[1 7],108,226,227,118,225
1,<environment.Job instance at 0x1530bd06c230>,79,1,[8 2],109,231,232,122,225
1,<environment.Job instance at 0x1530bd06cb90>,80,3,[ 1 10],110,227,230,117,225
1,<environment.Job instance at 0x1530bd06c550>,81,3,[ 1 12],111,237,240,126,226
1,<environment.Job instance at 0x1530bd06c500>,82,2,[10  1],112,237,239,125,227
1,<environment.Job instance at 0x1530bd06ce60>,83,3,[2 5],113,240,243,127,228
1,<environment.Job instance at 0x1530c79d5dc0>,84,3,[5 1],114,239,242,125,231
1,<environment.Job instance at 0x1530c79d5050>,85,1,[9 2],118,239,240,121,232
1,<environment.Job instance at 0x1530c79af140>,40,2,[14  1],53,248,250,195,248
1,<environment.Job instance at 0x1530bcaa0eb0>,3,2,[7 2],7,7,9,0,7
1,<environment.Job instance at 0x1530bd0fc4b0>,6,1,[ 1 10],10,10,11,0,10
1,<environment.Job instance at 0x1530c0f7f3c0>,2,2,[ 1 11],5,15,17,10,15
1,<environment.Job instance at 0x1530bea20af0>,10,2,[2 5],17,17,19,0,17
1,<environment.Job instance at 0x1530bea20d70>,11,2,[8 2],18,22,24,4,22
1,<environment.Job instance at 0x1530bdef1550>,13,12,[2 9],22,23,35,1,23
1,<environment.Job instance at 0x1530bdef1960>,15,18,[9 1],25,29,47,4,29
1,<environment.Job instance at 0x1530c04a4c80>,16,3,[14  2],26,47,50,21,29
1,<environment.Job instance at 0x1530c102e140>,18,3,[9 2],29,50,53,21,29
1,<environment.Job instance at 0x1530bd556c80>,38,27,[ 2 10],56,56,83,0,56
1,<environment.Job instance at 0x1530bded3500>,42,2,[2 7],61,83,85,22,79
1,<environment.Job instance at 0x1530bded35f0>,40,16,[2 9],58,85,101,27,83
1,<environment.Job instance at 0x1530bea4baf0>,44,2,[1 5],64,83,85,19,83
1,<environment.Job instance at 0x1530bded3730>,45,3,[9 1],65,83,86,18,83
1,<environment.Job instance at 0x1530bea4b500>,46,19,[2 5],66,85,104,19,84
1,<environment.Job instance at 0x1530c03bad20>,48,2,[9 2],68,101,103,33,84
1,<environment.Job instance at 0x1530c3cd7f50>,51,2,[9 2],71,103,105,32,85
1,<environment.Job instance at 0x1530c12deb40>,52,3,[ 1 14],72,105,108,33,92
1,<environment.Job instance at 0x1530bcb3e9b0>,59,16,[1 5],82,108,124,26,97
1,<environment.Job instance at 0x1530c03651e0>,64,2,[ 1 10],87,108,110,21,97
1,<environment.Job instance at 0x1530c7979280>,74,25,[ 1 10],104,110,135,6,107
1,<environment.Job instance at 0x1530c7979960>,71,27,[5 1],99,126,153,27,126
1,<environment.Job instance at 0x1530bdea3910>,1,23,[2 9],3,3,26,0,3
1,<environment.Job instance at 0x1530c3cda370>,9,2,[ 1 10],12,26,28,14,14
1,<environment.Job instance at 0x1530c3cda870>,10,2,[1 5],14,16,18,2,16
1,<environment.Job instance at 0x1530bea20be0>,4,24,[8 1],6,22,46,16,22
1,<environment.Job instance at 0x1530c3cdaaf0>,13,2,[1 6],19,28,30,9,22
1,<environment.Job instance at 0x1530c0600870>,15,1,[10  1],22,46,47,24,22
1,<environment.Job instance at 0x1530c793d870>,16,3,[5 1],23,23,26,0,23
1,<environment.Job instance at 0x1530c7854820>,18,3,[ 2 10],25,30,33,5,27
1,<environment.Job instance at 0x1530bca0fbe0>,19,1,[ 1 12],27,33,34,6,27
1,<environment.Job instance at 0x1530bca1b140>,20,1,[ 1 10],28,34,35,6,29
1,<environment.Job instance at 0x1530bd153e60>,2,14,[ 1 13],4,45,59,41,45
1,<environment.Job instance at 0x1530c04ae8c0>,31,2,[1 7],43,59,61,16,48
1,<environment.Job instance at 0x1530bcf635f0>,32,17,[5 1],44,48,65,4,48
1,<environment.Job instance at 0x1530c3cfea00>,37,18,[8 1],49,62,80,13,62
1,<environment.Job instance at 0x1530c0558aa0>,41,2,[2 6],54,62,64,8,62
1,<environment.Job instance at 0x1530c0558550>,42,1,[13  2],55,80,81,25,62
1,<environment.Job instance at 0x1530c0558dc0>,43,3,[2 6],57,64,67,7,62
1,<environment.Job instance at 0x1530c0558140>,47,16,[1 7],61,78,94,17,78
1,<environment.Job instance at 0x1530c0558eb0>,44,17,[14  2],58,81,98,23,81
1,<environment.Job instance at 0x1530c02482d0>,57,1,[ 2 10],73,98,99,25,81
1,<environment.Job instance at 0x1530c02485f0>,59,2,[2 6],77,99,101,22,86
1,<environment.Job instance at 0x1530c0248500>,60,15,[10  2],78,98,113,20,97
1,<environment.Job instance at 0x1530c0248e10>,61,2,[6 2],79,113,115,34,97
1,<environment.Job instance at 0x1530c0248be0>,63,2,[2 7],81,101,103,20,101
1,<environment.Job instance at 0x1530e5c1a820>,64,1,[7 2],82,113,114,31,101
1,<environment.Job instance at 0x1530e5c1a1e0>,65,1,[1 9],83,103,104,20,101
1,<environment.Job instance at 0x1530e5c1a190>,66,1,[1 8],84,104,105,20,101
1,<environment.Job instance at 0x1530c0248140>,54,18,[10  1],69,115,133,46,106
1,<environment.Job instance at 0x1530e5c1aa00>,71,20,[9 2],91,133,153,42,124
1,<environment.Job instance at 0x1530e5c1a0a0>,72,2,[8 2],93,153,155,60,126
1,<environment.Job instance at 0x1530e5c1aaf0>,67,16,[9 1],86,155,171,69,142
1,<environment.Job instance at 0x1530bd34eaf0>,89,18,[ 2 11],116,142,160,26,142
1,<environment.Job instance at 0x1530bd34e730>,91,1,[7 2],119,171,172,52,143
1,<environment.Job instance at 0x1530c04a4b40>,2,2,[10  1],3,4,6,1,4
1,<environment.Job instance at 0x1530bd6e7aa0>,21,3,[5 2],30,30,33,0,30
1,<environment.Job instance at 0x1530bd6e7f50>,22,2,[2 9],32,32,34,0,32
1,<environment.Job instance at 0x1530c2653640>,23,27,[9 2],33,33,60,0,33
1,<environment.Job instance at 0x1530c6c869b0>,25,2,[2 9],36,36,38,0,36
1,<environment.Job instance at 0x1530c0ebb5a0>,12,18,[2 8],18,41,59,23,41
1,<environment.Job instance at 0x1530c6c86140>,26,12,[8 1],39,60,72,21,45
1,<environment.Job instance at 0x1530c0eb0780>,28,2,[10  1],42,72,74,30,45
1,<environment.Job instance at 0x1530c0eb01e0>,29,3,[9 2],43,74,77,31,62
1,<environment.Job instance at 0x1530c0eb0230>,27,18,[1 6],40,224,242,184,224
1,<environment.Job instance at 0x1530c78daf50>,19,17,[9 1],27,245,262,218,245
1,<environment.Job instance at 0x1530c6cbb0a0>,35,14,[7 1],56,262,276,206,252
1,<environment.Job instance at 0x1530c6cbbbe0>,37,1,[2 5],59,268,269,209,268
1,<environment.Job instance at 0x1530c6cbb690>,38,22,[9 2],60,276,298,216,269
1,<environment.Job instance at 0x1530c6cbb780>,39,20,[9 1],65,298,318,233,290
1,<environment.Job instance at 0x1530c6cbbcd0>,40,1,[9 1],66,318,319,252,291
1,<environment.Job instance at 0x1530e5bb1550>,41,1,[2 9],68,299,300,231,299
1,<environment.Job instance at 0x1530e5bb16e0>,42,1,[1 7],69,319,320,250,319
1,<environment.Job instance at 0x1530c6cbba00>,33,13,[9 2],54,559,572,505,559
1,<environment.Job instance at 0x1530e5bb1f00>,44,2,[7 2],72,572,574,500,560
1,<environment.Job instance at 0x1530bd5e7fa0>,45,2,[2 5],73,560,562,487,560
1,<environment.Job instance at 0x1530bd401f50>,46,3,[2 6],74,570,573,496,570
1,<environment.Job instance at 0x1530e5bb1d20>,43,18,[2 6],70,934,952,864,934
1,<environment.Job instance at 0x1530bd5e7d70>,48,3,[8 2],77,944,947,867,944
1,<environment.Job instance at 0x1530bd5e7a00>,49,2,[2 7],78,952,954,874,952
1,<environment.Job instance at 0x1530bdee9960>,50,2,[2 8],80,955,957,875,955
1,<environment.Job instance at 0x1530bdee9280>,51,1,[6 2],82,959,960,877,959
1,<environment.Job instance at 0x1530bcfbe870>,52,3,[1 6],83,972,975,889,972
1,<environment.Job instance at 0x1530bcfbe190>,53,1,[2 6],84,972,973,888,972
1,<environment.Job instance at 0x1530bcfbefa0>,54,2,[ 2 10],85,976,978,891,976
1,<environment.Job instance at 0x1530bd73c6e0>,56,2,[10  1],88,976,978,888,976
1,<environment.Job instance at 0x1530c6cbb870>,36,18,[9 2],58,1218,1236,1160,1218
1,<environment.Job instance at 0x1530c030c140>,58,3,[5 1],90,1221,1224,1131,1221
1,<environment.Job instance at 0x1530c030c4b0>,59,1,[9 1],91,1236,1237,1145,1222
1,<environment.Job instance at 0x1530c030c2d0>,60,1,[2 7],93,1224,1225,1131,1222
1,<environment.Job instance at 0x1530c6c78140>,61,2,[8 1],94,1237,1239,1143,1222
1,<environment.Job instance at 0x1530c6c78e10>,62,3,[9 2],95,1239,1242,1144,1224
1,<environment.Job instance at 0x1530c12b8320>,65,1,[2 9],99,1231,1232,1132,1231
1,<environment.Job instance at 0x1530c12b8d20>,66,3,[ 1 10],100,1232,1235,1132,1231
1,<environment.Job instance at 0x1530c12b8640>,67,1,[1 9],101,1235,1236,1134,1231
1,<environment.Job instance at 0x1530c12b8050>,68,3,[7 2],102,1242,1245,1140,1231
1,<environment.Job instance at 0x1530c783f820>,69,15,[7 2],103,1426,1441,1323,1426
1,<environment.Job instance at 0x1530c12b8dc0>,70,3,[ 1 10],105,1426,1429,1321,1426
1,<environment.Job instance at 0x1530c12b8960>,71,2,[5 2],108,1426,1428,1318,1426
1,<environment.Job instance at 0x1530bd4d5870>,72,19,[9 2],110,2044,2063,1934,2044
1,<environment.Job instance at 0x1530c0294c80>,73,3,[2 6],111,2046,2049,1935,2046
1,<environment.Job instance at 0x1530bcc80410>,74,2,[9 1],112,2063,2065,1951,2046
1,<environment.Job instance at 0x1530bd45f230>,75,3,[8 1],113,2065,2068,1952,2055
1,<environment.Job instance at 0x1530bd45f410>,76,1,[1 7],114,2057,2058,1943,2057
1,<environment.Job instance at 0x1530bd185690>,77,2,[9 2],115,2068,2070,1953,2057
1,<environment.Job instance at 0x1530bcce2190>,78,1,[ 1 11],116,2058,2059,1942,2057
1,<environment.Job instance at 0x1530bd042d20>,79,2,[1 9],118,2059,2061,1941,2057
1,<environment.Job instance at 0x1530c0e88b90>,80,2,[2 6],119,2061,2063,1942,2057
1,<environment.Job instance at 0x1530c6cbbd20>,32,3,[ 1 12],49,2156,2159,2107,2156
1,<environment.Job instance at 0x1530bd6e7730>,20,27,[5 1],28,2252,2279,2224,2252
1,<environment.Job instance at 0x1530bd788960>,16,18,[2 7],25,43,61,18,43
1,<environment.Job instance at 0x1530c0457f50>,28,3,[ 2 13],38,61,64,23,54
1,<environment.Job instance at 0x1530bd613f50>,30,1,[1 5],40,54,55,14,54
1,<environment.Job instance at 0x1530bd613410>,36,17,[6 1],46,63,80,17,63
1,<environment.Job instance at 0x1530bd613230>,40,26,[ 1 10],50,64,90,14,64
1,<environment.Job instance at 0x1530bcd7da50>,44,17,[1 5],55,90,107,35,90
1,<environment.Job instance at 0x1530bcd7d910>,51,26,[7 2],64,100,126,36,100
1,<environment.Job instance at 0x1530c03f30a0>,55,2,[ 1 10],69,107,109,38,102
1,<environment.Job instance at 0x1530c03f3460>,61,3,[10  1],81,126,129,45,108
1,<environment.Job instance at 0x1530c03f3500>,63,19,[1 5],85,110,129,25,110
1,<environment.Job instance at 0x1530bd79ce60>,83,25,[5 2],114,132,157,18,132
1,<environment.Job instance at 0x1530bcec2d70>,85,1,[11  1],117,157,158,40,153
1,<environment.Job instance at 0x1530bceaffa0>,2,1,[1 5],5,5,6,0,5
1,<environment.Job instance at 0x1530bcec0460>,22,1,[ 2 13],37,42,43,5,42
1,<environment.Job instance at 0x1530c0270d20>,27,1,[2 7],46,48,49,2,48
1,<environment.Job instance at 0x1530bcd7d960>,28,1,[6 1],47,58,59,11,58
1,<environment.Job instance at 0x1530bcd7d550>,30,1,[ 1 10],49,89,90,40,89
1,<environment.Job instance at 0x1530bd2104b0>,44,3,[1 5],71,96,99,25,96
1,<environment.Job instance at 0x1530c04dc8c0>,42,17,[1 7],67,107,124,40,107
1,<environment.Job instance at 0x1530c04d9f00>,51,14,[8 2],79,121,135,42,121
1,<environment.Job instance at 0x1530c04d9b90>,56,23,[1 8],86,124,147,38,122
1,<environment.Job instance at 0x1530c04d9320>,60,17,[7 2],94,135,152,41,131
1,<environment.Job instance at 0x1530bceab320>,67,26,[2 8],105,147,173,42,144
1,<environment.Job instance at 0x1530bceab3c0>,69,2,[13  1],107,156,158,49,156
1,<environment.Job instance at 0x1530bceab730>,71,3,[2 8],110,173,176,63,156
1,<environment.Job instance at 0x1530c04e6be0>,74,18,[7 2],116,169,187,53,169
1,<environment.Job instance at 0x1530c78e41e0>,2,2,[1 6],4,4,6,0,4
1,<environment.Job instance at 0x1530c78e4730>,0,2,[2 9],2,8,10,6,8
1,<environment.Job instance at 0x1530c0133c30>,5,1,[7 2],10,10,11,0,10
1,<environment.Job instance at 0x1530c0f7b690>,6,1,[8 1],11,12,13,1,12
1,<environment.Job instance at 0x1530c0f7bf00>,8,2,[8 1],13,13,15,0,13
1,<environment.Job instance at 0x1530c0f7bdc0>,9,2,[1 8],15,15,17,0,15
1,<environment.Job instance at 0x1530c0f7b230>,10,3,[2 8],16,17,20,1,16
1,<environment.Job instance at 0x1530bcf5a640>,11,1,[8 2],17,17,18,0,17
1,<environment.Job instance at 0x1530bcf5ab40>,12,1,[2 7],20,20,21,0,20
1,<environment.Job instance at 0x1530bcf5a460>,13,3,[5 2],21,22,25,1,22
1,<environment.Job instance at 0x1530bcdcd190>,15,3,[2 5],25,25,28,0,25
1,<environment.Job instance at 0x1530bcf5a500>,14,2,[8 2],22,26,28,4,26
1,<environment.Job instance at 0x1530bcdbc820>,17,1,[2 5],27,27,28,0,27
1,<environment.Job instance at 0x1530bda30cd0>,16,14,[6 1],26,28,42,2,27
1,<environment.Job instance at 0x1530bcdbc690>,19,3,[1 7],29,29,32,0,29
1,<environment.Job instance at 0x1530bd1bab90>,4,2,[ 2 14],9,36,38,27,36
1,<environment.Job instance at 0x1530c13b5c30>,24,2,[1 9],39,39,41,0,39
1,<environment.Job instance at 0x1530c0ffae60>,25,3,[7 2],42,42,45,0,42
1,<environment.Job instance at 0x1530c0ffa690>,26,2,[6 2],43,43,45,0,43
1,<environment.Job instance at 0x1530c0ffa9b0>,27,1,[10  1],45,45,46,0,45
1,<environment.Job instance at 0x1530c6cb9410>,28,3,[6 2],47,47,50,0,47
1,<environment.Job instance at 0x1530c6cb93c0>,29,2,[1 9],49,49,51,0,49
1,<environment.Job instance at 0x1530c6cb90f0>,30,3,[1 9],51,51,54,0,51
1,<environment.Job instance at 0x1530c6cb9820>,31,2,[5 1],53,53,55,0,53
1,<environment.Job instance at 0x1530c03e6aa0>,21,13,[8 1],34,55,68,21,55
1,<environment.Job instance at 0x1530c6cb9f50>,34,1,[7 2],56,56,57,0,56
1,<environment.Job instance at 0x1530c6cb9230>,35,2,[7 2],57,57,59,0,57
1,<environment.Job instance at 0x1530c6cb9640>,36,1,[9 2],59,68,69,9,59
1,<environment.Job instance at 0x1530bd7135f0>,37,2,[ 1 10],60,60,62,0,60
1,<environment.Job instance at 0x1530c6cb74b0>,42,27,[9 1],65,69,96,4,67
1,<environment.Job instance at 0x1530bd6f95a0>,46,2,[6 1],72,72,74,0,72
1,<environment.Job instance at 0x1530bd6f9960>,47,1,[1 9],73,74,75,1,73
1,<environment.Job instance at 0x1530bd6f9870>,48,1,[7 1],74,96,97,22,74
1,<environment.Job instance at 0x1530bd7299b0>,49,2,[2 5],75,75,77,0,75
1,<environment.Job instance at 0x1530c03cdeb0>,50,1,[2 8],76,76,77,0,76
1,<environment.Job instance at 0x1530bd72faa0>,58,3,[6 1],86,91,94,5,91
1,<environment.Job instance at 0x1530bd72fb40>,59,2,[10  2],87,97,99,10,93
1,<environment.Job instance at 0x1530bd72fa50>,60,2,[7 1],88,99,101,11,93
1,<environment.Job instance at 0x1530c0efa280>,62,3,[8 2],95,99,102,4,95
1,<environment.Job instance at 0x1530c0efa410>,63,1,[8 2],96,96,97,0,96
1,<environment.Job instance at 0x1530c0efa140>,64,18,[2 8],97,101,119,4,98
1,<environment.Job instance at 0x1530c0efa5a0>,65,1,[1 8],98,119,120,21,111
1,<environment.Job instance at 0x1530c0efa230>,66,27,[1 7],99,111,138,12,111
1,<environment.Job instance at 0x1530c0efa7d0>,67,1,[8 1],101,120,121,19,111
1,<environment.Job instance at 0x1530c0efa190>,68,1,[5 2],103,120,121,17,112
1,<environment.Job instance at 0x1530c0efafa0>,69,1,[9 2],105,121,122,16,113
1,<environment.Job instance at 0x1530c0eff410>,70,1,[ 1 14],106,138,139,32,113
1,<environment.Job instance at 0x1530c0efa6e0>,71,2,[1 7],107,122,124,15,114
1,<environment.Job instance at 0x1530c0eff780>,72,1,[9 1],109,122,123,13,115
1,<environment.Job instance at 0x1530c0eff140>,73,15,[5 2],110,152,167,42,152
1,<environment.Job instance at 0x1530c0effb40>,74,3,[ 1 10],111,152,155,41,152
1,<environment.Job instance at 0x1530c0eff280>,75,25,[5 1],112,153,178,41,153
1,<environment.Job instance at 0x1530c0effaa0>,76,16,[5 2],113,211,227,98,211
1,<environment.Job instance at 0x1530c0eff6e0>,77,2,[2 7],114,212,214,98,212
1,<environment.Job instance at 0x1530c0eff370>,78,2,[2 9],115,214,216,99,213
1,<environment.Job instance at 0x1530c0eff910>,79,1,[2 7],116,216,217,100,213
1,<environment.Job instance at 0x1530c0efffa0>,80,2,[8 1],117,214,216,97,214
1,<environment.Job instance at 0x1530bcc710a0>,7,2,[1 5],12,12,14,0,12
1,<environment.Job instance at 0x1530bcc711e0>,11,1,[5 1],18,39,40,21,39
1,<environment.Job instance at 0x1530e5c27f00>,5,1,[ 1 14],10,39,40,29,39
1,<environment.Job instance at 0x1530bcc71140>,15,20,[10  2],24,40,60,16,39
1,<environment.Job instance at 0x1530c015faf0>,36,1,[1 9],57,57,58,0,57
1,<environment.Job instance at 0x1530c015f0a0>,37,17,[6 1],58,60,77,2,59
1,<environment.Job instance at 0x1530c015f3c0>,39,2,[1 9],60,60,62,0,60
1,<environment.Job instance at 0x1530bd355410>,41,1,[2 9],63,63,64,0,63
1,<environment.Job instance at 0x1530bd3558c0>,42,2,[6 1],64,64,66,0,64
1,<environment.Job instance at 0x1530c7852780>,48,1,[8 1],72,73,74,1,73
1,<environment.Job instance at 0x1530bd355870>,45,18,[11  2],68,78,96,10,78
1,<environment.Job instance at 0x1530c6d2f370>,66,1,[10  2],95,96,97,1,95
1,<environment.Job instance at 0x1530e53123c0>,69,1,[8 2],100,100,101,0,100
1,<environment.Job instance at 0x1530e5312dc0>,70,2,[9 1],103,103,105,0,103
1,<environment.Job instance at 0x1530bcc71690>,13,17,[6 1],20,106,123,86,106
1,<environment.Job instance at 0x1530bcb4ce10>,1,2,[2 6],2,2,4,0,2
1,<environment.Job instance at 0x1530bc95b5a0>,0,1,[9 2],1,3,4,2,3
1,<environment.Job instance at 0x1530bd67bd20>,16,1,[7 2],28,29,30,1,29
1,<environment.Job instance at 0x1530c020b820>,31,3,[ 1 14],46,67,70,21,67
1,<environment.Job instance at 0x1530bcc714b0>,46,2,[14  2],70,79,81,9,79
1,<environment.Job instance at 0x1530c3cf4230>,52,2,[13  2],79,89,91,10,89
1,<environment.Job instance at 0x1530c01d9c80>,25,3,[9 1],40,150,153,110,150
1,<environment.Job instance at 0x1530c6fee140>,61,1,[8 1],99,390,391,291,390
1,<environment.Job instance at 0x1530c78528c0>,60,3,[ 2 11],95,498,501,403,498
1,<environment.Job instance at 0x1530bcc8c550>,63,3,[9 2],101,501,504,400,501
1,<environment.Job instance at 0x1530bd1272d0>,67,2,[13  1],109,577,579,468,577
1,<environment.Job instance at 0x1530bd127780>,66,13,[7 2],108,579,592,471,577
1,<environment.Job instance at 0x1530bdfb2460>,19,17,[ 1 14],31,2026,2043,1995,2026
1,<environment.Job instance at 0x1530c6fee780>,62,3,[ 1 13],100,2147,2150,2047,2147
1,<environment.Job instance at 0x1530c0e93f00>,4,2,[1 6],9,9,11,0,9
1,<environment.Job instance at 0x1530bf67c3c0>,7,2,[10  1],14,14,16,0,14
1,<environment.Job instance at 0x1530c0422f50>,9,2,[1 8],16,16,18,0,16
1,<environment.Job instance at 0x1530c0422500>,10,24,[2 5],17,17,41,0,17
1,<environment.Job instance at 0x1530bdf16cd0>,26,1,[1 8],41,70,71,29,70
1,<environment.Job instance at 0x1530bdf16410>,24,2,[11  1],38,70,72,32,70
1,<environment.Job instance at 0x1530c3ce9410>,33,3,[2 5],50,70,73,20,70
1,<environment.Job instance at 0x1530c0167d20>,34,2,[1 5],51,71,73,20,70
1,<environment.Job instance at 0x1530c137aeb0>,35,1,[1 6],52,73,74,21,70
1,<environment.Job instance at 0x1530bd1178c0>,36,3,[6 1],53,72,75,19,70
1,<environment.Job instance at 0x1530bd117280>,37,1,[11  2],54,75,76,21,70
1,<environment.Job instance at 0x1530c02715f0>,38,2,[2 9],56,74,76,18,70
1,<environment.Job instance at 0x1530c0271fa0>,39,3,[8 2],59,76,79,17,70
1,<environment.Job instance at 0x1530c02714b0>,40,1,[2 8],65,73,74,8,70
1,<environment.Job instance at 0x1530c0271910>,41,1,[6 1],66,72,73,6,70
1,<environment.Job instance at 0x1530c0271d70>,42,1,[8 1],67,79,80,12,70
1,<environment.Job instance at 0x1530c0271820>,43,1,[7 1],68,74,75,6,70
1,<environment.Job instance at 0x1530c0271b40>,44,12,[1 6],69,76,88,7,73
1,<environment.Job instance at 0x1530c04ac460>,51,2,[7 1],77,88,90,11,88
1,<environment.Job instance at 0x1530c04acd20>,52,1,[1 8],78,91,92,13,91
1,<environment.Job instance at 0x1530c04acfa0>,53,1,[7 1],79,93,94,14,93
1,<environment.Job instance at 0x1530c04ace10>,54,1,[1 9],80,94,95,14,94
1,<environment.Job instance at 0x1530c04ac050>,55,1,[6 2],81,100,101,19,100
1,<environment.Job instance at 0x1530c04ac190>,56,2,[ 2 10],82,100,102,18,100
1,<environment.Job instance at 0x1530c04ac7d0>,57,1,[5 2],83,102,103,19,102
1,<environment.Job instance at 0x1530c04accd0>,58,13,[ 2 14],84,115,128,31,115
1,<environment.Job instance at 0x1530c04ac9b0>,59,12,[9 1],86,214,226,128,214
1,<environment.Job instance at 0x1530bd215e60>,61,1,[ 2 10],89,218,219,129,218
1,<environment.Job instance at 0x1530bd215820>,62,2,[7 2],90,226,228,136,221
1,<environment.Job instance at 0x1530bd215370>,63,2,[1 6],91,221,223,130,221
1,<environment.Job instance at 0x1530bd215550>,64,26,[10  2],93,298,324,205,298
1,<environment.Job instance at 0x1530bd215460>,68,2,[1 7],98,309,311,211,309
1,<environment.Job instance at 0x1530bd215e10>,69,2,[8 1],99,324,326,225,309
1,<environment.Job instance at 0x1530bd2151e0>,70,1,[5 1],100,311,312,211,309
1,<environment.Job instance at 0x1530bd215aa0>,71,2,[ 1 12],101,312,314,211,309
1,<environment.Job instance at 0x1530bd2150f0>,72,3,[2 5],107,314,317,207,309
1,<environment.Job instance at 0x1530bd215eb0>,73,1,[5 2],109,317,318,208,309
1,<environment.Job instance at 0x1530bd2155a0>,74,16,[ 1 10],110,318,334,208,317
1,<environment.Job instance at 0x1530c04ac8c0>,50,2,[12  2],75,339,341,264,339
1,<environment.Job instance at 0x1530bd0c7280>,0,1,[2 8],1,2,3,1,2
1,<environment.Job instance at 0x1530bd0c7410>,3,28,[ 2 12],8,13,41,5,13
1,<environment.Job instance at 0x1530bd0c7c80>,1,1,[11  2],4,51,52,47,51
1,<environment.Job instance at 0x1530c7938870>,11,23,[2 8],18,51,74,33,51
1,<environment.Job instance at 0x1530c7938d70>,16,3,[ 1 12],24,74,77,50,73
1,<environment.Job instance at 0x1530c79385f0>,19,24,[2 9],28,77,101,49,73
1,<environment.Job instance at 0x1530c6c58460>,20,1,[2 7],31,73,74,42,73
1,<environment.Job instance at 0x1530bde53b90>,21,25,[6 2],32,74,99,42,73
1,<environment.Job instance at 0x1530c6c5b820>,25,2,[7 1],39,74,76,35,74
1,<environment.Job instance at 0x1530c6c375f0>,26,2,[2 7],40,101,103,61,74
1,<environment.Job instance at 0x1530c79bc0f0>,27,1,[6 2],41,77,78,36,75
1,<environment.Job instance at 0x1530c00fef00>,24,28,[ 1 10],38,103,131,65,102
1,<environment.Job instance at 0x1530c79383c0>,5,2,[ 1 10],11,131,133,120,126
1,<environment.Job instance at 0x1530c0e6d500>,42,14,[9 2],62,136,150,74,136
1,<environment.Job instance at 0x1530c050f0f0>,45,2,[2 7],67,136,138,69,136
1,<environment.Job instance at 0x1530c050f410>,46,3,[2 5],69,136,139,67,136
1,<environment.Job instance at 0x1530c050f500>,47,2,[5 2],71,139,141,68,136
1,<environment.Job instance at 0x1530c050fe60>,48,3,[9 1],74,150,153,76,136
1,<environment.Job instance at 0x1530c5979c30>,49,1,[7 1],75,153,154,78,136
1,<environment.Job instance at 0x1530c59793c0>,50,2,[2 7],76,141,143,65,136
1,<environment.Job instance at 0x1530bcd84230>,51,18,[1 5],77,138,156,61,136
1,<environment.Job instance at 0x1530c0e6db90>,41,15,[2 9],61,194,209,133,194
1,<environment.Job instance at 0x1530bcd84910>,53,1,[9 1],79,194,195,115,194
1,<environment.Job instance at 0x1530c01628c0>,54,2,[8 2],80,195,197,115,195
1,<environment.Job instance at 0x1530c01626e0>,55,2,[2 5],82,199,201,117,199
1,<environment.Job instance at 0x1530bcd84d70>,52,18,[10  2],78,201,219,123,201
1,<environment.Job instance at 0x1530bde46550>,61,3,[7 1],89,219,222,130,201
1,<environment.Job instance at 0x1530c052f320>,63,3,[2 7],92,209,212,117,201
1,<environment.Job instance at 0x1530c052f460>,64,3,[ 2 10],93,212,215,119,201
1,<environment.Job instance at 0x1530bc9dc320>,67,1,[1 6],96,209,210,113,201
1,<environment.Job instance at 0x1530bca347d0>,72,1,[5 1],102,215,216,113,201
1,<environment.Job instance at 0x1530bd5b5690>,75,1,[ 1 12],105,216,217,111,205
1,<environment.Job instance at 0x153110363230>,74,15,[8 1],104,219,234,115,219
1,<environment.Job instance at 0x1530c0ecfcd0>,85,25,[2 5],118,222,247,104,220
1,<environment.Job instance at 0x1530c0ecf640>,86,3,[2 5],119,222,225,103,222
1,<environment.Job instance at 0x1530c04b7dc0>,81,15,[2 9],112,225,240,113,223
1,<environment.Job instance at 0x1530c03e6190>,3,27,[10  1],7,9,36,2,9
1,<environment.Job instance at 0x1530c03df640>,12,20,[10  2],24,51,71,27,51
1,<environment.Job instance at 0x1530bcf5e190>,33,3,[ 2 10],55,55,58,0,55
1,<environment.Job instance at 0x1530bcf5ec80>,34,1,[6 2],56,71,72,15,56
1,<environment.Job instance at 0x1530bcf5e910>,35,2,[5 1],57,58,60,1,57
1,<environment.Job instance at 0x1530bcf5e0a0>,31,14,[5 1],53,62,76,9,62
1,<environment.Job instance at 0x1530bcc54f00>,40,1,[1 6],63,71,72,8,63
1,<environment.Job instance at 0x1530bcf5e230>,29,26,[8 2],51,72,98,21,69
1,<environment.Job instance at 0x1530bcc54320>,46,17,[7 1],73,76,93,3,73
1,<environment.Job instance at 0x1530bcc54cd0>,48,3,[8 1],75,98,101,23,83
1,<environment.Job instance at 0x1530bcc54e10>,49,1,[1 7],76,93,94,17,83
1,<environment.Job instance at 0x1530bcc549b0>,41,19,[ 1 10],65,94,113,29,84
1,<environment.Job instance at 0x1530bcc546e0>,51,21,[5 2],78,93,114,15,85
1,<environment.Job instance at 0x1530bcc54dc0>,50,2,[1 9],77,113,115,36,88
1,<environment.Job instance at 0x1530c03d3e60>,53,2,[ 1 10],83,115,117,32,88
1,<environment.Job instance at 0x1530c03d3eb0>,55,28,[2 5],88,114,142,26,113
1,<environment.Job instance at 0x1530c03d3a00>,52,17,[2 7],82,135,152,53,135
1,<environment.Job instance at 0x1530bcf14fa0>,58,1,[2 6],91,142,143,51,136
1,<environment.Job instance at 0x1530bcf14be0>,57,16,[5 2],90,146,162,56,146
1,<environment.Job instance at 0x1530bcf140f0>,63,2,[2 8],98,152,154,54,146
1,<environment.Job instance at 0x1530bcf14500>,64,12,[6 1],99,148,160,49,148
1,<environment.Job instance at 0x1530bcf143c0>,65,15,[2 8],100,156,171,56,156
1,<environment.Job instance at 0x1530bcf146e0>,66,2,[9 1],101,162,164,61,157
1,<environment.Job instance at 0x1530bcf14b90>,67,2,[1 6],102,162,164,60,161
1,<environment.Job instance at 0x1530bcf14dc0>,68,15,[8 2],103,165,180,62,165
1,<environment.Job instance at 0x1530bcf14d70>,69,2,[2 5],105,165,167,60,165
1,<environment.Job instance at 0x1530bcf14aa0>,70,14,[13  2],107,180,194,73,170
1,<environment.Job instance at 0x1530c7016870>,71,20,[1 9],108,171,191,63,170
1,<environment.Job instance at 0x1530c7016460>,72,1,[1 5],109,170,171,61,170
1,<environment.Job instance at 0x1530c7016b90>,73,3,[9 2],110,194,197,84,170
1,<environment.Job instance at 0x1530c7016910>,74,1,[2 5],111,191,192,80,170
1,<environment.Job instance at 0x1530c7016cd0>,75,3,[14  2],112,197,200,85,171
1,<environment.Job instance at 0x1530c70168c0>,76,2,[2 7],114,192,194,78,171
1,<environment.Job instance at 0x1530c70165f0>,77,17,[1 9],115,194,211,79,187
1,<environment.Job instance at 0x1530c7016320>,78,1,[7 2],116,200,201,84,188
1,<environment.Job instance at 0x1530c7016550>,79,15,[ 2 12],119,211,226,92,206
1,<environment.Job instance at 0x1530bcf5edc0>,36,18,[6 2],58,217,235,159,217
1,<environment.Job instance at 0x1456297da190>,13,13,[1 5],17,17,30,0,17
1,<environment.Job instance at 0x1456297da960>,11,28,[1 9],15,27,55,12,27
1,<environment.Job instance at 0x1456297b9320>,20,21,[7 1],27,32,53,5,32
1,<environment.Job instance at 0x1456297da780>,12,3,[6 2],16,49,52,33,49
1,<environment.Job instance at 0x1456290a6230>,33,2,[5 1],44,52,54,8,50
1,<environment.Job instance at 0x1456297b70a0>,34,3,[9 2],45,56,59,11,56
1,<environment.Job instance at 0x145629322eb0>,40,1,[8 1],53,59,60,6,57
1,<environment.Job instance at 0x1456290a5e60>,41,1,[ 1 10],54,58,59,4,58
1,<environment.Job instance at 0x1456290a5d20>,42,3,[1 6],55,59,62,4,58
1,<environment.Job instance at 0x1456290a5d70>,43,2,[2 8],56,59,61,3,58
1,<environment.Job instance at 0x1456290a5050>,44,1,[2 9],57,61,62,4,58
1,<environment.Job instance at 0x1456290a51e0>,45,2,[2 5],58,62,64,4,58
1,<environment.Job instance at 0x145629321550>,46,1,[1 7],59,62,63,3,59
1,<environment.Job instance at 0x1456297b4190>,21,22,[8 2],28,62,84,34,62
1,<environment.Job instance at 0x145629318f50>,50,1,[1 8],68,69,70,1,69
1,<environment.Job instance at 0x1456297d9b90>,53,1,[7 2],72,79,80,7,79
1,<environment.Job instance at 0x14562931e0a0>,57,3,[1 9],80,81,84,1,81
1,<environment.Job instance at 0x14562931ec80>,58,3,[6 1],83,83,86,0,83
1,<environment.Job instance at 0x14562931ee60>,59,2,[12  2],85,86,88,1,85
1,<environment.Job instance at 0x14562931e960>,60,17,[ 1 10],86,86,103,0,86
1,<environment.Job instance at 0x1456290af280>,63,2,[7 2],90,90,92,0,90
1,<environment.Job instance at 0x1456290afaa0>,69,1,[10  2],101,101,102,0,101
1,<environment.Job instance at 0x1456290afc80>,70,1,[8 1],102,102,103,0,102
1,<environment.Job instance at 0x1456290b5230>,73,1,[8 1],107,107,108,0,107
1,<environment.Job instance at 0x1456290b52d0>,74,2,[1 5],108,108,110,0,108
1,<environment.Job instance at 0x145629321f00>,47,14,[5 1],60,108,122,48,108
1,<environment.Job instance at 0x1456290b5eb0>,83,2,[9 1],123,218,220,95,218
1,<environment.Job instance at 0x14563256ff50>,8,2,[1 7],15,15,17,0,15
1,<environment.Job instance at 0x14565c057eb0>,14,2,[2 5],26,26,28,0,26
1,<environment.Job instance at 0x145632605e10>,20,2,[2 8],33,34,36,1,34
1,<environment.Job instance at 0x1456325b8500>,12,15,[9 2],23,35,50,12,35
1,<environment.Job instance at 0x14563256fc30>,6,3,[7 1],9,50,53,41,47
1,<environment.Job instance at 0x14563262de60>,26,13,[9 1],42,53,66,11,49
1,<environment.Job instance at 0x1456325f0aa0>,31,1,[5 2],51,51,52,0,51
1,<environment.Job instance at 0x1456325df9b0>,33,14,[12  1],53,66,80,13,53
1,<environment.Job instance at 0x1456325e4be0>,42,27,[5 2],63,80,107,17,80
1,<environment.Job instance at 0x14563313e3c0>,50,3,[11  1],73,108,111,35,108
1,<environment.Job instance at 0x1456326c50a0>,54,26,[2 5],88,108,134,20,108
1,<environment.Job instance at 0x1456326c55f0>,61,26,[2 9],96,110,136,14,110
1,<environment.Job instance at 0x1456326c59b0>,66,2,[1 7],104,136,138,32,127
1,<environment.Job instance at 0x1456326c5aa0>,67,22,[2 7],105,136,158,31,129
1,<environment.Job instance at 0x145632526460>,69,2,[2 8],108,138,140,30,130
1,<environment.Job instance at 0x14565c05f7d0>,77,3,[1 7],120,140,143,20,130
1,<environment.Job instance at 0x14565c05fe10>,81,16,[7 1],128,152,168,24,152
1,<environment.Job instance at 0x1456325fc0a0>,15,13,[12  2],28,907,920,879,907
1,<environment.Job instance at 0x14565c0534b0>,3,2,[8 2],4,5,7,1,5
1,<environment.Job instance at 0x1456325fcc80>,4,2,[5 2],5,6,8,1,6
1,<environment.Job instance at 0x145628abc820>,6,2,[5 2],9,10,12,1,10
1,<environment.Job instance at 0x145628927280>,9,1,[1 5],14,14,15,0,14
1,<environment.Job instance at 0x145628a2eb40>,24,2,[12  1],32,32,34,0,32
1,<environment.Job instance at 0x1456289b5d70>,29,2,[5 1],37,37,39,0,37
1,<environment.Job instance at 0x1456289b59b0>,30,1,[6 1],39,39,40,0,39
1,<environment.Job instance at 0x1456289b5c30>,31,1,[8 1],41,41,42,0,41
1,<environment.Job instance at 0x1456289b5320>,26,27,[5 1],34,41,68,7,41
1,<environment.Job instance at 0x14562896ae10>,41,3,[8 2],54,60,63,6,60
1,<environment.Job instance at 0x14562c834820>,42,1,[6 2],56,63,64,7,60
1,<environment.Job instance at 0x14562c716730>,43,2,[1 6],58,60,62,2,60
1,<environment.Job instance at 0x14562892fb40>,44,15,[6 1],59,64,79,5,61
1,<environment.Job instance at 0x14565c0f2960>,45,2,[ 1 10],61,62,64,1,61
1,<environment.Job instance at 0x145628981550>,46,2,[6 1],62,68,70,6,62
1,<environment.Job instance at 0x145628950730>,52,26,[1 7],70,70,96,0,70
1,<environment.Job instance at 0x145628b077d0>,57,2,[6 2],77,77,79,0,77
1,<environment.Job instance at 0x145628b070f0>,58,2,[10  1],78,79,81,1,78
1,<environment.Job instance at 0x145628b073c0>,59,1,[7 2],79,81,82,2,79
1,<environment.Job instance at 0x14562cbe87d0>,60,3,[6 2],80,81,84,1,80
1,<environment.Job instance at 0x145628b07550>,61,3,[1 9],81,96,99,15,81
1,<environment.Job instance at 0x1456328da5a0>,62,3,[13  2],82,84,87,2,82
1,<environment.Job instance at 0x145628a5e5a0>,66,1,[8 2],86,87,88,1,86
1,<environment.Job instance at 0x145628a5e410>,65,14,[6 1],85,89,103,4,89
1,<environment.Job instance at 0x145628a5e3c0>,69,25,[2 6],91,99,124,8,95
1,<environment.Job instance at 0x145628a5e230>,70,2,[2 8],92,99,101,7,95
1,<environment.Job instance at 0x145628a5e8c0>,71,2,[1 5],93,95,97,2,95
1,<environment.Job instance at 0x145628a5ea00>,72,3,[10  2],94,103,106,9,95
1,<environment.Job instance at 0x1456289c5eb0>,73,3,[2 5],96,101,104,5,96
1,<environment.Job instance at 0x145628a47820>,82,1,[ 1 13],115,124,125,9,118
1,<environment.Job instance at 0x145628a47a00>,83,2,[1 5],116,167,169,51,167
1,<environment.Job instance at 0x145628a47690>,87,3,[2 5],122,173,176,51,173
1,<environment.Job instance at 0x145628a47d70>,88,3,[1 7],123,190,193,67,190
1,<environment.Job instance at 0x145628a47b90>,89,3,[5 1],124,208,211,84,208
1,<environment.Job instance at 0x145628a476e0>,90,1,[8 1],125,213,214,88,213
1,<environment.Job instance at 0x145628a47410>,91,1,[9 1],126,223,224,97,223
1,<environment.Job instance at 0x145628a5ed20>,68,15,[7 2],89,496,511,407,496
1,<environment.Job instance at 0x145628a47d20>,93,17,[10  1],128,815,832,687,815
1,<environment.Job instance at 0x145628a47fa0>,86,1,[12  2],120,1200,1201,1080,1200
1,<environment.Job instance at 0x1456297944b0>,2,1,[8 1],3,3,4,0,3
1,<environment.Job instance at 0x145628a471e0>,3,22,[1 7],4,4,26,0,4
1,<environment.Job instance at 0x1456297528c0>,4,13,[9 2],7,31,44,24,31
1,<environment.Job instance at 0x145628a5ec30>,27,1,[7 2],41,44,45,3,41
1,<environment.Job instance at 0x145628a5eaf0>,28,15,[7 2],42,44,59,2,44
1,<environment.Job instance at 0x145628a5ecd0>,29,1,[13  1],43,59,60,16,49
1,<environment.Job instance at 0x14562ccc3910>,36,3,[7 1],55,60,63,5,58
1,<environment.Job instance at 0x145632495a00>,37,3,[10  2],56,63,66,7,58
1,<environment.Job instance at 0x14567c01cfa0>,19,16,[1 5],31,61,77,30,61
1,<environment.Job instance at 0x1456331414b0>,39,2,[2 6],58,61,63,3,61
1,<environment.Job instance at 0x1456289b5e10>,40,2,[6 1],59,66,68,7,61
1,<environment.Job instance at 0x14562c8ee1e0>,38,15,[7 1],57,66,81,9,66
1,<environment.Job instance at 0x145628b5ffa0>,41,3,[2 8],61,68,71,7,68
1,<environment.Job instance at 0x14562bac1230>,51,3,[ 2 12],72,77,80,5,72
1,<environment.Job instance at 0x14562893ae10>,50,26,[10  1],71,81,107,10,78
1,<environment.Job instance at 0x14562c812460>,54,2,[1 6],77,80,82,3,78
1,<environment.Job instance at 0x14562c7a5b90>,55,1,[12  1],78,107,108,29,83
1,<environment.Job instance at 0x14562bb0f460>,56,18,[2 8],79,94,112,15,94
1,<environment.Job instance at 0x14562bcc7500>,45,22,[9 1],65,108,130,43,107
1,<environment.Job instance at 0x14563313a6e0>,86,1,[8 2],123,130,131,7,126
1,<environment.Job instance at 0x14562a341e10>,88,3,[9 2],126,131,134,5,127
1,<environment.Job instance at 0x14562c7fcc30>,85,16,[10  2],121,135,151,14,135
1,<environment.Job instance at 0x14562bd62e10>,52,12,[8 2],73,191,203,118,191
1,<environment.Job instance at 0x14562ba310f0>,14,2,[1 6],23,23,25,0,23
1,<environment.Job instance at 0x14562ba312d0>,16,1,[10  1],26,26,27,0,26
1,<environment.Job instance at 0x14562ba10460>,8,2,[8 1],16,27,29,11,26
1,<environment.Job instance at 0x14562ba0deb0>,20,1,[10  2],31,31,32,0,31
1,<environment.Job instance at 0x14562bdf4eb0>,29,1,[1 8],47,47,48,0,47
1,<environment.Job instance at 0x14562bdb0a50>,36,2,[2 6],60,72,74,12,72
1,<environment.Job instance at 0x14562bdb0f50>,43,3,[2 5],72,98,101,26,98
1,<environment.Job instance at 0x14562bdb0af0>,40,18,[7 1],67,99,117,32,99
1,<environment.Job instance at 0x14562c90fa50>,54,2,[1 9],89,110,112,21,110
1,<environment.Job instance at 0x14562c94a0a0>,60,3,[9 2],97,117,120,20,113
1,<environment.Job instance at 0x14562c94a870>,61,3,[8 1],98,120,123,22,120
1,<environment.Job instance at 0x14562bdd7320>,63,20,[5 1],101,121,141,20,121
1,<environment.Job instance at 0x14562ba2b280>,67,2,[10  1],107,123,125,16,123
1,<environment.Job instance at 0x14562ba2b2d0>,69,1,[6 2],110,125,126,15,123
1,<environment.Job instance at 0x14562ba2b0a0>,70,1,[ 2 10],112,125,126,13,123
1,<environment.Job instance at 0x14562ba2baf0>,72,14,[ 1 10],116,139,153,23,139
1,<environment.Job instance at 0x1456288e7c80>,81,14,[1 9],128,153,167,25,153
1,<environment.Job instance at 0x1456297da2d0>,82,15,[1 5],129,225,240,96,225
1,<environment.Job instance at 0x14562c90f140>,53,12,[13  2],86,235,247,149,235
1,<environment.Job instance at 0x14562be5fb40>,3,2,[6 1],5,5,7,0,5
1,<environment.Job instance at 0x14562ba2bdc0>,2,1,[6 2],4,7,8,3,7
1,<environment.Job instance at 0x1456324be230>,6,1,[2 9],10,10,11,0,10
1,<environment.Job instance at 0x14562cc4dcd0>,25,24,[1 8],40,48,72,8,48
1,<environment.Job instance at 0x14562cbb4050>,34,1,[11  1],54,85,86,31,85
1,<environment.Job instance at 0x1456326820f0>,50,1,[10  1],77,86,87,9,86
1,<environment.Job instance at 0x14562cbb46e0>,31,3,[ 1 14],47,148,151,101,148
1,<environment.Job instance at 0x14562cc4d190>,27,1,[8 1],43,148,149,105,148
1,<environment.Job instance at 0x14565c0329b0>,68,1,[9 2],99,151,152,52,148
1,<environment.Job instance at 0x14565c032d20>,69,3,[2 8],100,151,154,51,148
1,<environment.Job instance at 0x145632682f50>,52,15,[5 1],79,152,167,73,148
1,<environment.Job instance at 0x14565c032640>,72,2,[1 5],103,157,159,54,157
1,<environment.Job instance at 0x145628c88640>,76,2,[11  2],107,167,169,60,165
1,<environment.Job instance at 0x145628b6faa0>,79,1,[9 1],110,165,166,55,165
1,<environment.Job instance at 0x145628b6f370>,80,1,[8 1],111,166,167,55,165
1,<environment.Job instance at 0x145628b6f960>,81,1,[1 5],112,165,166,53,165
1,<environment.Job instance at 0x145628b6f1e0>,82,3,[9 1],113,169,172,56,165
1,<environment.Job instance at 0x14565c0323c0>,71,17,[ 1 14],102,173,190,71,173
1,<environment.Job instance at 0x14562c9507d0>,87,15,[7 2],120,190,205,70,190
1,<environment.Job instance at 0x145632494370>,0,12,[2 8],4,14,26,10,14
1,<environment.Job instance at 0x1456289f7fa0>,7,12,[8 1],14,14,26,0,14
1,<environment.Job instance at 0x1456289f7280>,10,1,[1 8],20,26,27,6,20
1,<environment.Job instance at 0x1456289f7500>,9,2,[7 1],19,26,28,7,21
1,<environment.Job instance at 0x14562cbce8c0>,12,15,[1 9],23,31,46,8,31
1,<environment.Job instance at 0x14562ba22f50>,20,2,[5 2],36,41,43,5,41
1,<environment.Job instance at 0x14562c8f5550>,22,2,[ 2 14],38,46,48,8,43
1,<environment.Job instance at 0x14562beb0230>,23,2,[10  1],40,43,45,3,43
1,<environment.Job instance at 0x14562ba22d70>,25,1,[10  2],44,45,46,1,45
1,<environment.Job instance at 0x14562ba22a50>,19,18,[9 1],35,47,65,12,47
1,<environment.Job instance at 0x145629ae8b40>,29,1,[5 2],48,48,49,0,48
1,<environment.Job instance at 0x1456331db5a0>,35,1,[9 2],55,65,66,10,55
1,<environment.Job instance at 0x14562cc1d9b0>,33,16,[7 1],53,73,89,20,73
1,<environment.Job instance at 0x145628e1c460>,47,2,[2 5],72,94,96,22,94
1,<environment.Job instance at 0x1456298040a0>,48,14,[5 2],75,94,108,19,94
1,<environment.Job instance at 0x1456288f2870>,50,2,[2 5],78,106,108,28,106
1,<environment.Job instance at 0x1456288f2050>,53,1,[14  2],82,108,109,26,108
1,<environment.Job instance at 0x1456288f2dc0>,54,1,[8 2],83,109,110,26,108
1,<environment.Job instance at 0x1456288f2b40>,55,3,[ 2 13],84,109,112,25,108
1,<environment.Job instance at 0x1456288f2c30>,57,2,[7 1],89,110,112,21,108
1,<environment.Job instance at 0x1456288f2d70>,58,17,[8 1],92,112,129,20,109
1,<environment.Job instance at 0x14562c808370>,27,12,[10  1],46,129,141,83,127
1,<environment.Job instance at 0x1456328e5f00>,69,2,[10  2],111,141,143,30,137
1,<environment.Job instance at 0x1456328e5640>,75,13,[1 6],119,148,161,29,148
1,<environment.Job instance at 0x1456328e5a00>,78,16,[ 2 10],123,166,182,43,166
1,<environment.Job instance at 0x1456328e50a0>,74,18,[8 1],118,167,185,49,167
1,<environment.Job instance at 0x145628a011e0>,81,2,[1 5],128,182,184,54,167
1,<environment.Job instance at 0x14562c9000a0>,82,1,[10  2],129,185,186,56,167
1,<environment.Job instance at 0x14562bcde1e0>,2,1,[8 2],3,3,4,0,3
1,<environment.Job instance at 0x14562bcde8c0>,0,22,[9 1],1,4,26,3,3
1,<environment.Job instance at 0x145628929460>,10,2,[2 5],12,21,23,9,21
1,<environment.Job instance at 0x1456326ab370>,12,2,[2 6],14,21,23,7,21
1,<environment.Job instance at 0x1456328e55f0>,3,15,[ 1 12],4,27,42,23,27
1,<environment.Job instance at 0x1456289292d0>,6,18,[8 2],7,1002,1020,995,1002
1,<environment.Job instance at 0x1456326abbe0>,17,2,[8 2],19,1020,1022,1001,1017
1,<environment.Job instance at 0x145628d4b0f0>,19,2,[8 2],22,1045,1047,1023,1045
1,<environment.Job instance at 0x145631234370>,32,3,[10  1],44,1052,1055,1008,1052
1,<environment.Job instance at 0x145629303910>,36,3,[2 8],49,1052,1055,1003,1052
1,<environment.Job instance at 0x145629303960>,37,1,[1 7],51,1055,1056,1004,1055
1,<environment.Job instance at 0x145629303780>,38,2,[2 8],52,1056,1058,1004,1056
1,<environment.Job instance at 0x145629303f00>,39,3,[8 1],53,1056,1059,1003,1056
1,<environment.Job instance at 0x145629303230>,40,2,[2 6],54,1057,1059,1003,1057
1,<environment.Job instance at 0x145628c231e0>,30,17,[9 1],42,1185,1202,1143,1185
1,<environment.Job instance at 0x14562ba99c80>,42,3,[7 1],57,1202,1205,1145,1186
1,<environment.Job instance at 0x14562ba99500>,43,2,[2 9],59,1186,1188,1127,1186
1,<environment.Job instance at 0x14562ba99910>,44,2,[5 1],60,1188,1190,1128,1188
1,<environment.Job instance at 0x14562ba99370>,45,3,[ 2 12],61,1190,1193,1129,1189
1,<environment.Job instance at 0x14562ba99a50>,46,2,[1 5],62,1193,1195,1131,1189
1,<environment.Job instance at 0x14562ba99870>,48,3,[ 2 10],65,1196,1199,1131,1196
1,<environment.Job instance at 0x145629303550>,35,2,[1 9],48,1307,1309,1259,1307
1,<environment.Job instance at 0x14562ba99f00>,49,19,[10  1],67,1325,1344,1258,1325
1,<environment.Job instance at 0x14562ba99050>,51,1,[2 9],71,1325,1326,1254,1325
1,<environment.Job instance at 0x14562ba99410>,52,2,[ 2 10],72,1326,1328,1254,1326
1,<environment.Job instance at 0x14562ba99190>,53,3,[2 9],73,1328,1331,1255,1327
1,<environment.Job instance at 0x1456326ca410>,64,1,[1 5],88,1344,1345,1256,1344
1,<environment.Job instance at 0x14562cc49500>,65,3,[8 2],90,1345,1348,1255,1345
1,<environment.Job instance at 0x14562cc49be0>,66,15,[5 1],91,1347,1362,1256,1347
1,<environment.Job instance at 0x14562cc494b0>,69,12,[7 2],94,1355,1367,1261,1355
1,<environment.Job instance at 0x14562cc49dc0>,71,12,[2 6],96,1358,1370,1262,1358
1,<environment.Job instance at 0x14562cc49870>,72,13,[5 1],97,1363,1376,1266,1363
1,<environment.Job instance at 0x145628d4abe0>,78,22,[6 2],104,1367,1389,1263,1364
1,<environment.Job instance at 0x14565c130a50>,79,3,[ 1 10],105,1370,1373,1265,1364
1,<environment.Job instance at 0x1456298520a0>,77,2,[14  1],103,1392,1394,1289,1392
1,<environment.Job instance at 0x14565c130410>,82,1,[12  2],108,1394,1395,1286,1394
1,<environment.Job instance at 0x1456326ab140>,16,3,[11  1],18,1492,1495,1474,1492
1,<environment.Job instance at 0x1456289f94b0>,3,2,[1 8],4,4,6,0,4
1,<environment.Job instance at 0x1456289f9c30>,4,21,[2 5],5,5,26,0,5
1,<environment.Job instance at 0x1456326667d0>,9,20,[14  1],13,26,46,13,24
1,<environment.Job instance at 0x1456289f1140>,26,3,[2 5],33,48,51,15,48
1,<environment.Job instance at 0x145628f86500>,24,3,[ 1 12],31,52,55,21,52
1,<environment.Job instance at 0x1456331d17d0>,39,27,[1 5],55,124,151,69,124
1,<environment.Job instance at 0x145628b31b40>,32,2,[ 1 11],45,157,159,112,157
1,<environment.Job instance at 0x145629032e60>,27,3,[5 1],34,159,162,125,159
1,<environment.Job instance at 0x14562c7c63c0>,47,2,[8 2],68,160,162,92,160
1,<environment.Job instance at 0x145628898af0>,48,3,[9 2],69,162,165,93,160
1,<environment.Job instance at 0x14565cbeee60>,53,3,[7 1],74,165,168,91,163
1,<environment.Job instance at 0x14565cbee910>,54,17,[1 7],75,165,182,90,165
1,<environment.Job instance at 0x14565cbee870>,57,1,[ 1 10],79,182,183,103,166
1,<environment.Job instance at 0x14565cbee050>,58,2,[6 1],82,166,168,84,166
1,<environment.Job instance at 0x14565cbee4b0>,59,1,[8 1],83,168,169,85,166
1,<environment.Job instance at 0x14565cbee0f0>,61,2,[5 2],85,168,170,83,166
1,<environment.Job instance at 0x14565d8fcb40>,68,27,[ 2 10],96,183,210,87,181
1,<environment.Job instance at 0x14562bafdc30>,74,2,[1 5],104,197,199,93,197
1,<environment.Job instance at 0x14562bafd230>,75,3,[9 1],105,199,202,94,197
1,<environment.Job instance at 0x14562bafd4b0>,76,19,[2 5],106,202,221,96,198
1,<environment.Job instance at 0x14565d9103c0>,78,2,[9 2],108,210,212,102,198
1,<environment.Job instance at 0x14567ee50a00>,79,3,[7 1],109,212,215,103,198
1,<environment.Job instance at 0x14562bafd820>,83,1,[2 9],114,215,216,101,215
1,<environment.Job instance at 0x14562bafda00>,82,3,[ 1 14],112,221,224,109,215
1,<environment.Job instance at 0x14567ec09c30>,86,2,[ 1 10],118,216,218,98,215
1,<environment.Job instance at 0x14562c7bcfa0>,93,2,[10  2],126,219,221,93,219
1,<environment.Job instance at 0x14562c7bc410>,88,12,[6 2],121,224,236,103,220
1,<environment.Job instance at 0x14562c7bc730>,94,2,[ 1 10],127,234,236,107,234
1,<environment.Job instance at 0x145628cab500>,2,2,[2 5],3,3,5,0,3
1,<environment.Job instance at 0x145628bf0140>,5,27,[5 1],9,9,36,0,9
1,<environment.Job instance at 0x14562af6dcd0>,8,25,[ 1 10],14,30,55,16,30
1,<environment.Job instance at 0x1456289c39b0>,21,24,[8 1],36,36,60,0,36
1,<environment.Job instance at 0x1456289d7e60>,18,23,[2 9],33,61,84,28,61
1,<environment.Job instance at 0x14562bbf1960>,27,2,[1 5],44,84,86,40,84
1,<environment.Job instance at 0x145628965e60>,37,1,[ 1 10],58,85,86,27,85
1,<environment.Job instance at 0x14562bbf16e0>,36,1,[ 1 12],57,86,87,29,85
1,<environment.Job instance at 0x145628990b40>,39,12,[1 9],61,87,99,26,85
1,<environment.Job instance at 0x145632526460>,41,18,[5 2],63,95,113,32,95
1,<environment.Job instance at 0x1456289c3fa0>,19,14,[ 1 13],34,99,113,65,95
1,<environment.Job instance at 0x14565c030b90>,47,1,[6 2],71,95,96,24,95
1,<environment.Job instance at 0x14565c030280>,55,1,[5 2],81,113,114,32,100
1,<environment.Job instance at 0x14565c030c80>,54,18,[8 1],79,113,131,34,107
1,<environment.Job instance at 0x14562cc92550>,59,1,[13  2],85,131,132,46,127
1,<environment.Job instance at 0x1456325d6410>,61,17,[14  2],88,132,149,44,131
1,<environment.Job instance at 0x14562c768af0>,71,18,[10  1],99,149,167,50,141
1,<environment.Job instance at 0x1456289aa9b0>,88,20,[9 2],121,167,187,46,166
1,<environment.Job instance at 0x14567c02d230>,1,2,[ 1 10],2,2,4,0,2
1,<environment.Job instance at 0x14562ba7ba50>,3,1,[8 2],4,6,7,2,6
1,<environment.Job instance at 0x14567c0369b0>,8,1,[6 2],13,13,14,0,13
1,<environment.Job instance at 0x14567c036190>,13,25,[2 5],20,20,45,0,20
1,<environment.Job instance at 0x145632613a00>,37,27,[9 2],53,53,80,0,53
1,<environment.Job instance at 0x14562bd78140>,46,3,[ 1 12],69,76,79,7,76
1,<environment.Job instance at 0x145632613be0>,38,16,[9 1],54,80,96,26,76
1,<environment.Job instance at 0x14562bd78c80>,48,1,[1 8],75,79,80,4,76
1,<environment.Job instance at 0x14565c01f230>,52,22,[9 2],80,96,118,16,89
1,<environment.Job instance at 0x14565c01f460>,54,1,[9 1],86,118,119,32,103
1,<environment.Job instance at 0x14565c01f5a0>,55,1,[2 9],88,103,104,15,103
1,<environment.Job instance at 0x14565c01f7d0>,56,1,[1 7],89,104,105,15,103
1,<environment.Job instance at 0x14565c01f9b0>,57,18,[2 6],90,104,122,14,103
1,<environment.Job instance at 0x14562bb4b0f0>,73,1,[9 1],111,119,120,8,112
1,<environment.Job instance at 0x14562bb4b050>,78,17,[5 2],118,133,150,15,133
1,<environment.Job instance at 0x145628dcf4b0>,5,1,[ 1 11],6,6,7,0,6
1,<environment.Job instance at 0x14562bb515a0>,7,2,[2 6],9,9,11,0,9
1,<environment.Job instance at 0x14562bb51780>,8,3,[9 1],12,12,15,0,12
1,<environment.Job instance at 0x145628a5ac80>,20,2,[ 2 10],30,30,32,0,30
1,<environment.Job instance at 0x14565c052500>,28,1,[2 6],39,57,58,18,57
1,<environment.Job instance at 0x14562c744460>,31,1,[2 6],42,61,62,19,61
1,<environment.Job instance at 0x14562c744f00>,34,1,[10  1],46,64,65,18,64
1,<environment.Job instance at 0x145628c5a0a0>,36,3,[ 2 13],48,173,176,125,173
1,<environment.Job instance at 0x145628d27550>,21,17,[14  2],32,192,209,160,192
1,<environment.Job instance at 0x1456326afbe0>,23,3,[ 1 10],34,205,208,171,205
1,<environment.Job instance at 0x14562c794af0>,48,26,[ 1 10],60,208,234,148,205
1,<environment.Job instance at 0x14562c80d230>,59,26,[7 2],74,210,236,136,210
1,<environment.Job instance at 0x145628c8ab90>,71,19,[1 5],95,234,253,139,230
1,<environment.Job instance at 0x1456285a02d0>,82,12,[ 1 10],113,247,259,134,247
1,<environment.Job instance at 0x14562884da00>,88,12,[1 6],119,259,271,140,247
1,<environment.Job instance at 0x14562884df00>,89,1,[2 5],122,253,254,131,247
1,<environment.Job instance at 0x1456287ac8c0>,93,1,[11  1],127,257,258,130,257
1,<environment.Job instance at 0x14562be68910>,95,15,[2 6],129,342,357,213,342
1,<environment.Job instance at 0x1456297d5e60>,2,1,[1 5],5,5,6,0,5
1,<environment.Job instance at 0x1456297d5be0>,3,3,[2 5],6,7,10,1,7
1,<environment.Job instance at 0x1456297d5230>,4,1,[2 6],7,7,8,0,7
1,<environment.Job instance at 0x14562cc6c640>,16,1,[6 1],26,27,28,1,27
1,<environment.Job instance at 0x14562cc6c3c0>,18,26,[9 1],32,33,59,1,33
1,<environment.Job instance at 0x14562bce03c0>,22,1,[ 2 13],37,59,60,22,59
1,<environment.Job instance at 0x145628666f00>,47,18,[7 2],75,305,323,230,305
1,<environment.Job instance at 0x14562be6aaa0>,56,23,[1 8],86,305,328,219,305
1,<environment.Job instance at 0x14562be6a280>,58,17,[9 2],91,328,345,237,328
1,<environment.Job instance at 0x14562be6a370>,59,3,[1 8],93,368,371,275,368
1,<environment.Job instance at 0x14562be6a730>,67,26,[2 8],105,372,398,267,372
1,<environment.Job instance at 0x14562be6a6e0>,69,2,[13  1],107,412,414,305,412
1,<environment.Job instance at 0x14562be6abe0>,73,3,[2 7],115,443,446,328,443
1,<environment.Job instance at 0x14562be6a640>,72,19,[1 5],113,460,479,347,460
1,<environment.Job instance at 0x14562be6a3c0>,60,17,[7 2],94,491,508,397,491
1,<environment.Job instance at 0x14562be6af50>,75,3,[ 1 10],117,501,504,384,501
1,<environment.Job instance at 0x1456326c0370>,28,1,[7 2],46,55,56,9,55
1,<environment.Job instance at 0x1456297f0b40>,38,2,[8 2],60,61,63,1,61
1,<environment.Job instance at 0x1456297f07d0>,39,2,[5 2],61,62,64,1,62
1,<environment.Job instance at 0x1456297f0c80>,40,2,[6 1],62,63,65,1,63
1,<environment.Job instance at 0x1456297f09b0>,41,1,[1 9],63,63,64,0,63
1,<environment.Job instance at 0x1456325f6eb0>,48,2,[2 9],72,72,74,0,72
1,<environment.Job instance at 0x1456297f0230>,36,27,[9 1],55,74,101,19,74
1,<environment.Job instance at 0x14562c8cd050>,52,3,[6 1],76,101,104,25,101
1,<environment.Job instance at 0x14562c8cd280>,56,3,[8 2],85,105,108,20,105
1,<environment.Job instance at 0x14562c8cd730>,55,3,[ 2 12],84,106,109,22,106
1,<environment.Job instance at 0x14562c8cd4b0>,59,1,[1 8],88,109,110,21,106
1,<environment.Job instance at 0x14562c8cd640>,60,27,[1 7],89,109,136,20,107
1,<environment.Job instance at 0x1456326331e0>,64,1,[ 1 14],96,136,137,40,126
1,<environment.Job instance at 0x1456326335f0>,69,25,[5 1],102,126,151,24,126
1,<environment.Job instance at 0x14562c8cd370>,51,16,[7 2],75,140,156,65,140
1,<environment.Job instance at 0x14565d4baeb0>,83,2,[1 5],122,141,143,19,141
1,<environment.Job instance at 0x14565d4ba280>,81,1,[ 1 14],120,156,157,36,153
1,<environment.Job instance at 0x14565c0283c0>,86,1,[8 2],125,153,154,28,153
1,<environment.Job instance at 0x145628ba2c30>,1,20,[10  2],4,4,24,0,4
1,<environment.Job instance at 0x14562bbe2410>,32,1,[9 1],50,50,51,0,50
1,<environment.Job instance at 0x1456289b95f0>,23,17,[6 1],38,51,68,13,51
1,<environment.Job instance at 0x14562bbe2c80>,34,1,[8 1],52,52,53,0,52
1,<environment.Job instance at 0x14562bbe2be0>,35,1,[1 5],54,54,55,0,54
1,<environment.Job instance at 0x14562bbe2050>,36,16,[2 5],55,55,71,0,55
1,<environment.Job instance at 0x14562bbe2500>,37,2,[6 2],57,57,59,0,57
1,<environment.Job instance at 0x145629835320>,41,3,[2 7],62,62,65,0,62
1,<environment.Job instance at 0x145628585690>,43,1,[2 5],64,65,66,1,64
1,<environment.Job instance at 0x14562bbd10a0>,44,2,[1 9],65,66,68,1,65
1,<environment.Job instance at 0x14562bbd1f00>,45,15,[8 2],66,68,83,2,66
1,<environment.Job instance at 0x14562bbd1550>,46,3,[2 6],67,68,71,1,67
1,<environment.Job instance at 0x145628ddbbe0>,47,1,[1 5],68,71,72,3,68
1,<environment.Job instance at 0x14562bbd1af0>,48,2,[6 2],69,71,73,2,69
1,<environment.Job instance at 0x14562983fe60>,49,3,[10  1],70,83,86,13,70
1,<environment.Job instance at 0x14562983fd70>,50,2,[7 2],72,73,75,1,72
1,<environment.Job instance at 0x14562983fbe0>,51,1,[9 2],74,86,87,12,74
1,<environment.Job instance at 0x14562983ff00>,52,1,[10  2],75,87,88,12,75
1,<environment.Job instance at 0x14562983a280>,53,3,[2 5],77,79,82,2,79
1,<environment.Job instance at 0x145629861b90>,55,1,[8 2],80,88,89,8,80
1,<environment.Job instance at 0x145629861d70>,56,2,[9 1],83,89,91,6,83
1,<environment.Job instance at 0x1456298615a0>,57,2,[8 2],87,91,93,4,87
1,<environment.Job instance at 0x145629861320>,58,3,[5 1],88,88,91,0,88
1,<environment.Job instance at 0x14565c15ba00>,59,17,[1 8],89,89,106,0,89
1,<environment.Job instance at 0x14562bbe27d0>,29,17,[8 2],45,95,112,50,95
1,<environment.Job instance at 0x145628bae870>,66,1,[9 2],101,112,113,11,101
1,<environment.Job instance at 0x14562bd849b0>,67,2,[2 6],102,106,108,4,102
1,<environment.Job instance at 0x14565c15bc30>,60,2,[9 2],91,113,115,22,103
1,<environment.Job instance at 0x14562bd84820>,68,15,[7 1],103,115,130,12,104
1,<environment.Job instance at 0x14562bd84410>,69,3,[1 7],104,107,110,3,107
1,<environment.Job instance at 0x145628c8a6e0>,75,3,[5 2],113,113,116,0,113
1,<environment.Job instance at 0x145628c8af00>,76,1,[8 2],114,116,117,2,114
1,<environment.Job instance at 0x145628c8aaa0>,77,3,[1 7],116,117,120,1,116
1,<environment.Job instance at 0x145628c8a280>,78,2,[2 8],118,120,122,2,118
1,<environment.Job instance at 0x145628c8a0f0>,79,2,[1 8],119,122,124,3,119
1,<environment.Job instance at 0x145628549d70>,81,1,[1 8],125,125,126,0,125
1,<environment.Job instance at 0x145628549b40>,82,1,[7 2],128,128,129,0,128
1,<environment.Job instance at 0x1456285495f0>,83,3,[2 9],129,129,132,0,129
1,<environment.Job instance at 0x145628d4a320>,70,14,[9 1],106,389,403,283,389
1,<environment.Job instance at 0x145628d4af00>,71,14,[2 7],107,758,772,651,758
1,<environment.Job instance at 0x145632592c30>,12,3,[ 1 14],16,60,63,44,60
1,<environment.Job instance at 0x1456325920f0>,14,2,[1 5],19,74,76,55,74
1,<environment.Job instance at 0x14562bd90280>,27,2,[14  2],40,81,83,41,81
1,<environment.Job instance at 0x14565c0549b0>,33,2,[13  2],49,87,89,38,87
1,<environment.Job instance at 0x145628a60c80>,0,17,[ 1 14],1,90,107,89,90
1,<environment.Job instance at 0x14562bd90d70>,28,2,[6 1],42,100,102,58,100
1,<environment.Job instance at 0x14562bb347d0>,42,1,[8 1],69,106,107,37,106
1,<environment.Job instance at 0x14562bb34460>,43,3,[ 1 13],70,107,110,37,106
1,<environment.Job instance at 0x14562bb34780>,44,3,[9 2],71,107,110,36,106
1,<environment.Job instance at 0x14562bb34550>,45,1,[7 1],73,110,111,37,106
1,<environment.Job instance at 0x14563254beb0>,46,2,[2 8],75,110,112,35,106
1,<environment.Job instance at 0x14565cc03eb0>,39,14,[10  1],60,111,125,51,107
1,<environment.Job instance at 0x14562af6daf0>,48,2,[13  1],79,125,127,46,107
1,<environment.Job instance at 0x14562bb34dc0>,41,3,[ 2 11],65,127,130,62,127
1,<environment.Job instance at 0x14565c133fa0>,52,1,[6 1],93,127,128,34,127
1,<environment.Job instance at 0x14565c133910>,55,2,[1 9],97,130,132,33,127
1,<environment.Job instance at 0x14565c1330a0>,56,2,[1 6],99,130,132,31,127
1,<environment.Job instance at 0x14565c133640>,58,1,[6 1],102,127,128,25,127
1,<environment.Job instance at 0x14567ecfbb90>,62,24,[2 5],107,132,156,25,128
1,<environment.Job instance at 0x14562cbd32d0>,76,2,[11  1],128,153,155,25,153
1,<environment.Job instance at 0x145629879230>,2,1,[2 6],3,3,4,0,3
1,<environment.Job instance at 0x14565d4865f0>,12,2,[2 9],16,16,18,0,16
1,<environment.Job instance at 0x14562be63280>,11,1,[11  2],14,21,22,7,21
1,<environment.Job instance at 0x14562be637d0>,10,3,[6 1],13,29,32,16,29
1,<environment.Job instance at 0x14567c037640>,21,2,[1 6],32,32,34,0,32
1,<environment.Job instance at 0x145632581f50>,24,2,[12  2],35,36,38,1,36
1,<environment.Job instance at 0x1456326b1690>,30,2,[ 2 10],42,44,46,2,44
1,<environment.Job instance at 0x1456326b1b40>,28,1,[1 9],40,47,48,7,47
1,<environment.Job instance at 0x145628d11460>,35,1,[ 2 10],49,50,51,1,50
1,<environment.Job instance at 0x145628d11f00>,36,2,[7 2],50,50,52,0,50
1,<environment.Job instance at 0x14562bb9d230>,38,26,[10  2],53,53,79,0,53
1,<environment.Job instance at 0x14562f5c80a0>,46,3,[2 5],67,901,904,834,901
1,<environment.Job instance at 0x14562be697d0>,47,1,[5 2],69,1185,1186,1116,1185
1,<environment.Job instance at 0x145628d11c30>,33,12,[9 1],46,1373,1385,1327,1373
1,<environment.Job instance at 0x14562be69d70>,49,13,[1 5],71,1396,1409,1325,1396
1,<environment.Job instance at 0x14562831f190>,50,3,[1 8],72,1401,1404,1329,1401
1,<environment.Job instance at 0x14562831f4b0>,51,2,[7 1],74,1407,1409,1333,1407
1,<environment.Job instance at 0x14562831ff00>,52,2,[2 8],76,1408,1410,1332,1408
1,<environment.Job instance at 0x145628f5e5a0>,53,1,[1 6],78,1409,1410,1331,1408
1,<environment.Job instance at 0x14562825bcd0>,54,17,[7 2],79,1928,1945,1849,1928
1,<environment.Job instance at 0x14562825b7d0>,55,1,[2 8],81,1935,1936,1854,1935
1,<environment.Job instance at 0x14565c124780>,56,1,[11  2],84,1945,1946,1861,1940
1,<environment.Job instance at 0x145628318910>,57,15,[2 9],87,1993,2008,1906,1993
1,<environment.Job instance at 0x14562901e320>,58,28,[ 2 12],88,2008,2036,1920,2007
1,<environment.Job instance at 0x145628945e10>,59,15,[6 1],90,2210,2225,2120,2210
1,<environment.Job instance at 0x14562c89df50>,60,2,[ 1 10],91,2221,2223,2130,2221
1,<environment.Job instance at 0x145629768640>,61,16,[1 5],92,2239,2255,2147,2239
1,<environment.Job instance at 0x14565c047a00>,62,3,[8 2],93,2255,2258,2162,2255
1,<environment.Job instance at 0x14562bcd1e10>,63,2,[2 9],95,2255,2257,2160,2255
1,<environment.Job instance at 0x14562bcd1140>,64,26,[1 9],96,2257,2283,2161,2255
1,<environment.Job instance at 0x145628573aa0>,3,1,[1 5],6,6,7,0,6
1,<environment.Job instance at 0x14565c0a3910>,6,15,[11  2],9,16,31,7,16
1,<environment.Job instance at 0x14565c0a3c30>,10,3,[6 2],16,31,34,15,27
1,<environment.Job instance at 0x145628927aa0>,18,18,[10  2],28,55,73,27,55
1,<environment.Job instance at 0x14565d239050>,24,2,[1 9],36,72,74,36,72
1,<environment.Job instance at 0x145628ba26e0>,42,3,[1 6],56,73,76,17,72
1,<environment.Job instance at 0x145628ba2280>,43,2,[10  1],57,74,76,17,72
1,<environment.Job instance at 0x145628ba2d70>,44,2,[6 1],59,76,78,17,74
1,<environment.Job instance at 0x145628ba2870>,45,1,[2 8],60,74,75,14,74
1,<environment.Job instance at 0x145628ba2a00>,46,2,[6 1],61,76,78,15,74
1,<environment.Job instance at 0x145629028be0>,41,1,[ 1 12],55,76,77,21,74
1,<environment.Job instance at 0x14562af96e60>,48,3,[7 1],63,78,81,15,74
1,<environment.Job instance at 0x14562af96190>,49,2,[2 9],65,77,79,12,74
1,<environment.Job instance at 0x14562af96410>,50,3,[5 2],67,78,81,11,74
1,<environment.Job instance at 0x14562af96c30>,51,25,[2 5],68,79,104,11,75
1,<environment.Job instance at 0x14562af96640>,53,2,[1 5],70,79,81,9,75
1,<environment.Job instance at 0x145628d51af0>,57,27,[10  1],77,81,108,4,79
1,<environment.Job instance at 0x14562bb09370>,63,2,[6 2],86,108,110,22,90
1,<environment.Job instance at 0x14562bb09230>,64,1,[7 2],88,108,109,20,90
1,<environment.Job instance at 0x14562c794d70>,70,2,[8 1],98,109,111,11,98
1,<environment.Job instance at 0x14562bb09a00>,66,20,[10  2],94,111,131,17,102
1,<environment.Job instance at 0x145628bbd6e0>,76,2,[5 2],111,111,113,0,111
1,<environment.Job instance at 0x145628bbdb90>,77,1,[2 7],113,113,114,0,113
1,<environment.Job instance at 0x145628bbdd20>,78,1,[2 9],114,114,115,0,114
1,<environment.Job instance at 0x145628bbdaa0>,79,3,[ 2 10],115,115,118,0,115
1,<environment.Job instance at 0x145628bbd050>,80,2,[6 1],116,131,133,15,116
1,<environment.Job instance at 0x145628bbd5f0>,81,1,[8 1],119,131,132,12,119
1,<environment.Job instance at 0x145628bbdd70>,82,12,[7 1],120,132,144,12,120
1,<environment.Job instance at 0x145628bbdc30>,83,26,[8 2],121,133,159,12,130
1,<environment.Job instance at 0x14562c794780>,71,13,[10  1],100,159,172,59,144
1,<environment.Job instance at 0x14562bcd1460>,11,1,[1 7],16,16,17,0,16
1,<environment.Job instance at 0x145629ae6b40>,17,28,[2 5],28,28,56,0,28
1,<environment.Job instance at 0x14562a336550>,16,2,[1 6],24,38,40,14,38
1,<environment.Job instance at 0x14563262d730>,25,2,[2 8],38,40,42,2,38
1,<environment.Job instance at 0x14563262daa0>,26,12,[6 1],39,47,59,8,47
1,<environment.Job instance at 0x14562af71be0>,27,15,[2 8],40,56,71,16,56
1,<environment.Job instance at 0x14562af71c80>,28,2,[9 1],41,59,61,18,59
1,<environment.Job instance at 0x14562af71dc0>,29,2,[1 6],42,59,61,17,59
1,<environment.Job instance at 0x14562ba9a5a0>,22,15,[2 5],35,63,78,28,63
1,<environment.Job instance at 0x14562af71870>,33,20,[1 9],48,71,91,23,69
1,<environment.Job instance at 0x14562af71050>,36,1,[2 5],51,78,79,27,70
1,<environment.Job instance at 0x1456289f7be0>,37,3,[14  2],52,79,82,27,76
1,<environment.Job instance at 0x1456289f7190>,38,2,[2 7],54,91,93,37,76
1,<environment.Job instance at 0x14562af71a50>,32,14,[13  2],47,83,97,36,83
1,<environment.Job instance at 0x14562cbac5a0>,46,15,[1 8],66,101,116,35,101
1,<environment.Job instance at 0x14562cbac370>,49,3,[ 1 14],72,116,119,44,114
1,<environment.Job instance at 0x14562cc28e10>,50,14,[13  2],73,119,133,46,117
1,<environment.Job instance at 0x14562be3c5a0>,62,17,[2 9],94,135,152,41,135
1,<environment.Job instance at 0x14562be3cbe0>,64,2,[ 2 13],99,152,154,53,150
1,<environment.Job instance at 0x14562be3c370>,65,1,[10  2],100,150,151,50,150
1,<environment.Job instance at 0x14562ba37190>,69,2,[7 2],104,151,153,47,150
1,<environment.Job instance at 0x14562ba370f0>,72,12,[6 1],107,162,174,55,162
1,<environment.Job instance at 0x14562ba379b0>,74,2,[1 7],109,166,168,57,166
1,<environment.Job instance at 0x14562b9e5b90>,75,24,[ 1 10],112,168,192,56,166
1,<environment.Job instance at 0x14562b9e5410>,76,21,[9 1],113,174,195,61,166
1,<environment.Job instance at 0x1456289f7d70>,41,15,[ 2 12],59,192,207,133,187
1,<environment.Job instance at 0x14562cc313c0>,80,22,[6 1],117,203,225,86,203
1,<environment.Job instance at 0x14562b9e56e0>,77,16,[ 2 12],114,233,249,119,233
1,<environment.Job instance at 0x14562858da00>,82,22,[10  2],120,247,269,127,247
1,<environment.Job instance at 0x14562858de60>,83,17,[5 1],122,270,287,148,270
1,<environment.Job instance at 0x145628eb0550>,1,1,[ 2 10],4,4,5,0,4
1,<environment.Job instance at 0x14562af71500>,2,2,[9 1],5,5,7,0,5
1,<environment.Job instance at 0x14565c0e3af0>,18,2,[ 2 11],27,30,32,3,30
1,<environment.Job instance at 0x14565c0e33c0>,22,2,[5 1],32,32,34,0,32
1,<environment.Job instance at 0x14565c0f3cd0>,33,1,[8 2],47,47,48,0,47
1,<environment.Job instance at 0x14565c0f30a0>,31,14,[12  2],44,60,74,16,60
1,<environment.Job instance at 0x14562c838280>,50,3,[ 2 14],67,108,111,41,108
1,<environment.Job instance at 0x14562c889370>,53,1,[5 1],71,108,109,37,108
1,<environment.Job instance at 0x14562c889af0>,55,2,[7 2],74,111,113,37,109
1,<environment.Job instance at 0x14562c8895a0>,56,2,[2 9],75,111,113,36,109
1,<environment.Job instance at 0x14562c889e10>,57,3,[2 5],77,113,116,36,109
1,<environment.Job instance at 0x14562c889d20>,58,18,[2 5],79,113,131,34,111
1,<environment.Job instance at 0x145632585640>,64,2,[7 2],85,125,127,40,125
1,<environment.Job instance at 0x145632585c80>,65,2,[1 8],86,125,127,39,125
1,<environment.Job instance at 0x145632585190>,66,16,[8 2],87,129,145,42,129
1,<environment.Job instance at 0x145632585b90>,72,25,[2 5],97,129,154,32,129
1,<environment.Job instance at 0x145632585c30>,81,2,[2 5],109,158,160,49,158
1,<environment.Job instance at 0x14562863d960>,82,2,[7 2],110,158,160,48,158
1,<environment.Job instance at 0x14562863dd70>,83,3,[2 5],112,160,163,48,160
1,<environment.Job instance at 0x14562863d730>,84,3,[5 2],114,162,165,48,162
1,<environment.Job instance at 0x14565c0e3140>,20,3,[5 2],29,233,236,204,233
1,<environment.Job instance at 0x14562863d280>,86,2,[10  1],117,242,244,125,242
1,<environment.Job instance at 0x14562863d640>,87,1,[ 1 10],118,244,245,126,244
1,<environment.Job instance at 0x14562863d5a0>,88,2,[1 9],120,248,250,128,248
1,<environment.Job instance at 0x14562863df50>,91,26,[2 5],124,258,284,134,258
1,<environment.Job instance at 0x14562863de10>,89,3,[7 1],121,726,729,605,726
1,<environment.Job instance at 0x14562c889b90>,54,1,[11  2],73,731,732,658,731
1,<environment.Job instance at 0x148ef786eb40>,14,1,[1 7],18,18,19,0,18
1,<environment.Job instance at 0x148ef7855190>,20,21,[7 1],27,29,50,2,29
1,<environment.Job instance at 0x148ef7866b90>,59,2,[12  2],85,125,127,40,125
1,<environment.Job instance at 0x148ef786e910>,11,28,[1 9],15,192,220,177,192
1,<environment.Job instance at 0x148ef7157410>,94,1,[ 2 10],138,236,237,98,236
1,<environment.Job instance at 0x148ef71571e0>,2,2,[9 1],6,6,8,0,6
1,<environment.Job instance at 0x148f006a1320>,21,16,[6 1],37,45,61,8,45
1,<environment.Job instance at 0x148f006268c0>,35,27,[5 2],53,53,80,0,53
1,<environment.Job instance at 0x148f006bed70>,38,3,[ 1 10],57,82,85,25,82
1,<environment.Job instance at 0x148f006be500>,39,2,[8 2],58,82,84,24,82
1,<environment.Job instance at 0x148f006befa0>,40,2,[ 2 10],60,85,87,25,82
1,<environment.Job instance at 0x148f00627370>,41,2,[2 5],61,84,86,23,83
1,<environment.Job instance at 0x148f006be190>,42,1,[1 5],62,86,87,24,83
1,<environment.Job instance at 0x148f006beaa0>,43,3,[11  1],63,87,90,24,83
1,<environment.Job instance at 0x148f00666460>,26,14,[12  1],43,90,104,47,90
1,<environment.Job instance at 0x148f011cf780>,45,3,[2 6],65,90,93,25,90
1,<environment.Job instance at 0x148f00642050>,47,26,[2 5],78,93,119,15,90
1,<environment.Job instance at 0x148f006b5b90>,53,25,[1 8],85,94,119,9,94
1,<environment.Job instance at 0x148f0067b320>,58,2,[1 6],93,119,121,26,110
1,<environment.Job instance at 0x148f0067b050>,60,22,[2 7],95,119,141,24,112
1,<environment.Job instance at 0x148f0067ba00>,63,18,[2 8],99,137,155,38,137
1,<environment.Job instance at 0x148f0066f640>,70,3,[1 7],110,141,144,31,137
1,<environment.Job instance at 0x148f0066f6e0>,71,3,[10  1],111,144,147,33,137
1,<environment.Job instance at 0x148f0066f050>,72,2,[1 5],112,144,146,32,137
1,<environment.Job instance at 0x148f006808c0>,78,3,[10  2],123,147,150,24,137
1,<environment.Job instance at 0x148f006768c0>,86,2,[1 9],135,155,157,20,139
1,<environment.Job instance at 0x148f006764b0>,87,17,[1 7],136,157,174,21,151
1,<environment.Job instance at 0x148ef6b5bc80>,9,2,[12  1],12,16,18,4,16
1,<environment.Job instance at 0x148efa7cdeb0>,11,27,[5 1],14,18,45,4,16
1,<environment.Job instance at 0x148ef6ab9050>,28,2,[1 6],38,39,41,1,39
1,<environment.Job instance at 0x148f0353b960>,29,15,[6 1],39,41,56,2,41
1,<environment.Job instance at 0x148ef6b2feb0>,31,2,[6 1],42,45,47,3,42
1,<environment.Job instance at 0x148ef6b2fc80>,32,2,[10  2],43,56,58,13,43
1,<environment.Job instance at 0x148ef6b47a50>,33,3,[2 6],44,44,47,0,44
1,<environment.Job instance at 0x148ef6b470f0>,34,2,[7 2],46,47,49,1,46
1,<environment.Job instance at 0x148ef6b47820>,35,1,[9 1],48,49,50,1,48
1,<environment.Job instance at 0x148ef6b47960>,36,3,[1 9],49,50,53,1,49
1,<environment.Job instance at 0x148ef6b47280>,37,26,[1 7],50,53,79,3,50
1,<environment.Job instance at 0x148ef69ec320>,45,3,[6 2],60,60,63,0,60
1,<environment.Job instance at 0x148ef9f0d780>,48,2,[8 1],63,63,65,0,63
1,<environment.Job instance at 0x148ef69e7690>,51,1,[8 2],66,75,76,9,75
1,<environment.Job instance at 0x148ef69e75f0>,52,3,[10  1],67,77,80,10,77
1,<environment.Job instance at 0x148ef9d37c30>,50,14,[6 1],65,81,95,16,81
1,<environment.Job instance at 0x148ef69e7c80>,54,25,[2 6],71,81,106,10,81
1,<environment.Job instance at 0x148ef788beb0>,61,1,[1 5],86,106,107,20,106
1,<environment.Job instance at 0x148ef788ba50>,62,2,[5 1],89,107,109,18,107
1,<environment.Job instance at 0x148ef69cdcd0>,63,1,[1 7],90,107,108,17,107
1,<environment.Job instance at 0x148ef69cd9b0>,64,12,[6 1],91,110,122,19,110
1,<environment.Job instance at 0x148ef69cdaa0>,66,3,[1 6],94,170,173,76,170
1,<environment.Job instance at 0x148ef69cdeb0>,68,2,[1 5],96,170,172,74,170
1,<environment.Job instance at 0x148ef69cddc0>,67,1,[ 1 13],95,173,174,78,172
1,<environment.Job instance at 0x148ef69cd1e0>,70,2,[10  1],98,172,174,74,172
1,<environment.Job instance at 0x148ef69cdc30>,71,1,[12  2],100,174,175,74,172
1,<environment.Job instance at 0x148ef69cd910>,72,3,[2 5],102,175,178,73,175
1,<environment.Job instance at 0x148ef69cd0f0>,69,16,[1 7],97,175,191,78,175
1,<environment.Job instance at 0x148ef69cd3c0>,74,3,[5 1],104,181,184,77,181
1,<environment.Job instance at 0x148ef69cdbe0>,76,1,[9 1],106,182,183,76,182
1,<environment.Job instance at 0x148ef69cd7d0>,75,1,[8 1],105,186,187,81,186
1,<environment.Job instance at 0x148ef6a1c690>,78,17,[10  1],108,197,214,89,197
1,<environment.Job instance at 0x148ef6a1c5a0>,80,1,[6 1],112,214,215,102,212
1,<environment.Job instance at 0x148ef6a1c190>,82,22,[1 7],114,212,234,98,212
1,<environment.Job instance at 0x148ef6a1c960>,85,2,[7 1],122,236,238,114,236
1,<environment.Job instance at 0x148ef6a1cd70>,86,1,[1 8],124,236,237,112,236
1,<environment.Job instance at 0x148ef6a1c140>,87,3,[10  2],125,238,241,113,237
1,<environment.Job instance at 0x148ef6a1c870>,88,3,[1 5],126,237,240,111,237
1,<environment.Job instance at 0x148ef6a1cf50>,84,18,[7 2],121,241,259,120,240
1,<environment.Job instance at 0x148ef6a1c730>,90,3,[7 2],130,260,263,130,260
1,<environment.Job instance at 0x148ef6a16550>,91,1,[2 8],131,263,264,132,263
1,<environment.Job instance at 0x148ef6a1ca00>,92,1,[5 2],132,269,270,137,269
1,<environment.Job instance at 0x148ef6a16f00>,94,3,[8 1],135,276,279,141,276
1,<environment.Job instance at 0x148ef6a16960>,95,3,[5 1],137,278,281,141,278
1,<environment.Job instance at 0x148ef6a166e0>,96,13,[5 1],139,286,299,147,286
1,<environment.Job instance at 0x148ef69e7500>,53,15,[7 2],69,313,328,244,313
1,<environment.Job instance at 0x148ef69ec0a0>,47,3,[13  2],62,338,341,276,338
1,<environment.Job instance at 0x148f4cd55cd0>,6,2,[8 2],9,9,11,0,9
1,<environment.Job instance at 0x148ef69c67d0>,12,1,[2 7],16,26,27,10,26
1,<environment.Job instance at 0x148ef69c6140>,10,1,[13  1],13,26,27,13,26
1,<environment.Job instance at 0x148ef69c6320>,15,2,[2 8],23,27,29,4,26
1,<environment.Job instance at 0x148ef69c6550>,17,3,[7 1],25,27,30,2,26
1,<environment.Job instance at 0x148ef6a780a0>,18,3,[10  2],26,30,33,4,26
1,<environment.Job instance at 0x148ef6a78780>,19,15,[7 1],27,33,48,6,28
1,<environment.Job instance at 0x148ef6e6f7d0>,14,14,[ 1 10],19,29,43,10,28
1,<environment.Job instance at 0x148ef6a78dc0>,22,3,[2 8],31,43,46,12,31
1,<environment.Job instance at 0x148ef6a78f50>,23,2,[5 2],32,33,35,1,32
1,<environment.Job instance at 0x148ef6b2d640>,24,2,[2 7],33,46,48,13,33
1,<environment.Job instance at 0x148ef6b2dd70>,25,3,[1 8],34,48,51,14,34
1,<environment.Job instance at 0x148ef6a47730>,21,2,[6 1],29,35,37,6,35
1,<environment.Job instance at 0x148f011d8780>,27,16,[8 1],37,48,64,11,37
1,<environment.Job instance at 0x148ef6b5b820>,28,1,[9 2],38,64,65,26,38
1,<environment.Job instance at 0x148f006b5640>,31,26,[10  1],41,65,91,24,62
1,<environment.Job instance at 0x148efd66fb40>,33,12,[8 2],43,124,136,81,124
1,<environment.Job instance at 0x148ef6a0ccd0>,37,18,[2 8],49,176,194,127,176
1,<environment.Job instance at 0x148ef6b2d280>,26,22,[9 1],35,191,213,156,191
1,<environment.Job instance at 0x148ef6a0cdc0>,39,2,[2 5],54,191,193,137,191
1,<environment.Job instance at 0x148ef6a0c5a0>,40,1,[5 2],55,194,195,139,193
1,<environment.Job instance at 0x148ef6a0cfa0>,38,1,[7 1],53,214,215,161,214
1,<environment.Job instance at 0x148ef6a0c8c0>,42,1,[2 5],57,214,215,157,214
1,<environment.Job instance at 0x148f0066b4b0>,43,14,[10  2],58,252,266,194,252
1,<environment.Job instance at 0x148ef6a0c640>,44,1,[1 5],59,264,265,205,264
1,<environment.Job instance at 0x148f011d66e0>,45,1,[8 1],62,266,267,204,265
1,<environment.Job instance at 0x148ef6a0c5f0>,46,2,[7 1],63,266,268,203,266
1,<environment.Job instance at 0x148ef6b4dd70>,47,2,[2 7],64,269,271,205,269
1,<environment.Job instance at 0x148efa876a00>,48,1,[5 2],65,269,270,204,269
1,<environment.Job instance at 0x148efad74c80>,49,1,[1 5],68,271,272,203,271
1,<environment.Job instance at 0x148f0060ad70>,50,2,[6 1],69,274,276,205,274
1,<environment.Job instance at 0x148ef9de67d0>,52,2,[2 6],71,307,309,236,307
1,<environment.Job instance at 0x148ef9de60f0>,53,1,[7 1],72,307,308,235,307
1,<environment.Job instance at 0x148f012685f0>,55,3,[ 2 10],74,310,313,236,310
1,<environment.Job instance at 0x148f015c0dc0>,56,1,[1 7],75,313,314,238,310
1,<environment.Job instance at 0x148efa8bf960>,57,18,[2 7],79,319,337,240,319
1,<environment.Job instance at 0x148efa8bf1e0>,59,1,[2 9],82,337,338,255,326
1,<environment.Job instance at 0x148ef9e100f0>,61,2,[7 1],86,326,328,240,326
1,<environment.Job instance at 0x148ef9e108c0>,62,3,[1 5],87,326,329,239,326
1,<environment.Job instance at 0x148ef9e03230>,63,2,[5 2],88,328,330,240,328
1,<environment.Job instance at 0x148ef9e03aa0>,64,1,[10  2],89,330,331,241,328
1,<environment.Job instance at 0x148ef9e03370>,65,1,[10  1],90,331,332,241,328
1,<environment.Job instance at 0x148ef9e158c0>,60,2,[ 2 10],85,338,340,253,333
1,<environment.Job instance at 0x148ef9cbddc0>,67,1,[8 2],93,333,334,240,333
1,<environment.Job instance at 0x148ef9e03b40>,68,2,[2 9],94,340,342,246,338
1,<environment.Job instance at 0x148ef6d10e10>,69,3,[9 2],96,342,345,246,342
1,<environment.Job instance at 0x148f01274960>,71,1,[1 5],99,363,364,264,363
1,<environment.Job instance at 0x148f012745a0>,72,12,[10  1],101,363,375,262,363
1,<environment.Job instance at 0x148ef6a0c050>,41,14,[10  2],56,380,394,324,380
1,<environment.Job instance at 0x148ef6a0c4b0>,36,1,[12  1],48,401,402,353,401
1,<environment.Job instance at 0x148f01249e60>,74,2,[10  1],106,429,431,323,429
1,<environment.Job instance at 0x148ef6c6cfa0>,32,3,[ 2 12],42,489,492,447,489
1,<environment.Job instance at 0x148ef6c6cfa0>,3,2,[1 9],6,6,8,0,6
1,<environment.Job instance at 0x148efa854e10>,29,2,[1 9],49,49,51,0,49
1,<environment.Job instance at 0x148eface87d0>,30,3,[1 7],51,51,54,0,51
1,<environment.Job instance at 0x148f00577690>,24,2,[8 2],41,52,54,11,52
1,<environment.Job instance at 0x148eface8960>,32,3,[9 1],53,54,57,1,53
1,<environment.Job instance at 0x148ef78d0500>,33,3,[7 2],55,57,60,2,56
1,<environment.Job instance at 0x148efacd2690>,35,3,[9 2],57,60,63,3,57
1,<environment.Job instance at 0x148efacd2370>,36,3,[8 1],58,63,66,5,61
1,<environment.Job instance at 0x148efacd2b40>,39,16,[10  2],62,66,82,4,63
1,<environment.Job instance at 0x148efacc7af0>,50,1,[6 1],80,82,83,2,80
1,<environment.Job instance at 0x148efacc7d20>,51,2,[2 9],82,82,84,0,82
1,<environment.Job instance at 0x148efacc7820>,52,16,[1 8],83,84,100,1,83
1,<environment.Job instance at 0x148efacd9280>,55,17,[10  2],86,97,114,11,97
1,<environment.Job instance at 0x148ef6a74960>,66,14,[1 6],104,114,128,10,114
1,<environment.Job instance at 0x148f00734fa0>,77,2,[7 1],120,120,122,0,120
1,<environment.Job instance at 0x148f0072c3c0>,78,18,[7 1],121,122,140,1,122
1,<environment.Job instance at 0x148f0072c320>,79,13,[8 2],122,128,141,6,127
1,<environment.Job instance at 0x148efa82e280>,80,12,[5 1],127,140,152,13,127
1,<environment.Job instance at 0x148f01341640>,82,1,[10  1],129,141,142,12,130
1,<environment.Job instance at 0x148ef78cd460>,83,24,[1 8],130,142,166,12,137
1,<environment.Job instance at 0x148ef78cdaf0>,84,3,[1 7],131,152,155,21,137
1,<environment.Job instance at 0x148efa9c8d70>,85,1,[8 1],133,142,143,9,137
1,<environment.Job instance at 0x148f00731eb0>,89,3,[ 1 14],137,166,169,29,158
1,<environment.Job instance at 0x148ef73aa1e0>,15,18,[7 1],27,267,285,240,267
1,<environment.Job instance at 0x148efa854690>,28,12,[13  2],46,420,432,374,420
1,<environment.Job instance at 0x148f03510870>,1,2,[10  2],3,4,6,1,4
1,<environment.Job instance at 0x148f03510e10>,2,1,[11  1],4,6,7,2,4
1,<environment.Job instance at 0x148efac9f500>,9,2,[5 1],13,14,16,1,14
1,<environment.Job instance at 0x148ef9ba66e0>,37,3,[2 8],50,50,53,0,50
1,<environment.Job instance at 0x148ef6b47a50>,22,18,[2 7],31,51,69,20,51
1,<environment.Job instance at 0x148ef9ba69b0>,39,17,[ 1 14],52,69,86,17,66
1,<environment.Job instance at 0x148eff2df410>,44,2,[11  2],57,86,88,29,77
1,<environment.Job instance at 0x148eff2df500>,47,1,[9 1],60,77,78,17,77
1,<environment.Job instance at 0x148f011df5f0>,55,15,[7 2],70,101,116,31,101
1,<environment.Job instance at 0x148f006925a0>,79,13,[ 2 12],110,146,159,36,146
1,<environment.Job instance at 0x148f035684b0>,85,2,[ 2 14],118,159,161,41,153
1,<environment.Job instance at 0x148ef83d8050>,86,2,[10  1],120,153,155,33,153
1,<environment.Job instance at 0x148ef9aa8050>,89,16,[7 1],125,159,175,34,159
1,<environment.Job instance at 0x148ef7815f00>,100,1,[ 1 10],138,173,174,35,173
1,<environment.Job instance at 0x148efa820dc0>,2,20,[ 2 10],4,5,25,1,5
1,<environment.Job instance at 0x148ef783c550>,6,15,[7 2],8,19,34,11,19
1,<environment.Job instance at 0x148f0352dc80>,14,1,[14  2],22,34,35,12,28
1,<environment.Job instance at 0x148efc0095a0>,11,2,[2 5],18,31,33,13,31
1,<environment.Job instance at 0x148f0352dc30>,17,2,[7 1],26,35,37,9,31
1,<environment.Job instance at 0x148f0352df00>,18,2,[7 1],29,35,37,6,35
1,<environment.Job instance at 0x148f0352db90>,16,3,[ 2 13],24,37,40,13,35
1,<environment.Job instance at 0x148efc009b40>,9,14,[5 2],15,42,56,27,42
1,<environment.Job instance at 0x148ef9cb70a0>,31,1,[1 8],52,52,53,0,52
1,<environment.Job instance at 0x148f02c45910>,32,1,[9 1],54,54,55,0,54
1,<environment.Job instance at 0x148ef7873e60>,29,18,[1 9],50,55,73,5,55
1,<environment.Job instance at 0x148f0137a190>,47,1,[8 2],73,73,74,0,73
1,<environment.Job instance at 0x148ef9abd190>,39,16,[ 2 10],63,78,94,15,78
1,<environment.Job instance at 0x148f0137ab90>,50,18,[8 1],76,82,100,6,82
1,<environment.Job instance at 0x148f0137adc0>,51,18,[8 2],77,100,118,23,90
1,<environment.Job instance at 0x148f0137ab40>,56,23,[6 1],83,94,117,11,90
1,<environment.Job instance at 0x148f0137a870>,58,14,[2 5],85,117,131,32,115
1,<environment.Job instance at 0x148f0137a320>,45,22,[9 1],71,118,140,47,115
1,<environment.Job instance at 0x148ef6fea550>,76,2,[10  2],113,140,142,27,123
1,<environment.Job instance at 0x148ef6b09d70>,79,3,[2 6],117,123,126,6,123
1,<environment.Job instance at 0x148ef6b09820>,82,1,[1 7],121,126,127,5,123
1,<environment.Job instance at 0x148ef6b093c0>,83,2,[2 8],122,127,129,5,123
1,<environment.Job instance at 0x148ef6b09e10>,84,3,[8 1],123,142,145,19,123
1,<environment.Job instance at 0x148ef78de960>,85,2,[2 6],124,129,131,5,124
1,<environment.Job instance at 0x148f0137a500>,48,15,[ 1 12],74,156,171,82,156
1,<environment.Job instance at 0x148ef78de190>,87,3,[7 1],127,157,160,30,157
1,<environment.Job instance at 0x148ef78de820>,88,2,[2 9],129,171,173,42,157
1,<environment.Job instance at 0x148ef78de4b0>,89,2,[5 1],130,157,159,27,157
1,<environment.Job instance at 0x148ef78deb40>,90,3,[ 2 12],131,173,176,42,157
1,<environment.Job instance at 0x148ef78deaa0>,91,2,[1 5],132,171,173,39,158
1,<environment.Job instance at 0x148ef78dee60>,92,16,[7 1],134,178,194,44,178
1,<environment.Job instance at 0x148ef78de730>,93,3,[ 2 10],135,178,181,43,178
1,<environment.Job instance at 0x148ef6b09910>,81,3,[2 8],119,190,193,71,190
1,<environment.Job instance at 0x148f006ad7d0>,95,2,[1 9],139,199,201,60,199
1,<environment.Job instance at 0x148ef78dee10>,94,19,[10  1],137,219,238,82,219
1,<environment.Job instance at 0x148ef6c66370>,61,3,[11  1],88,2438,2441,2350,2438
1,<environment.Job instance at 0x148ef78a8d20>,1,2,[ 2 10],2,2,4,0,2
1,<environment.Job instance at 0x148efd6854b0>,26,2,[14  1],33,35,37,2,35
1,<environment.Job instance at 0x148efd6855a0>,28,3,[ 1 10],35,37,40,2,37
1,<environment.Job instance at 0x148f012c4e10>,32,2,[1 6],39,42,44,3,42
1,<environment.Job instance at 0x148f012c4690>,33,3,[10  1],40,45,48,5,45
1,<environment.Job instance at 0x148f012c4cd0>,31,1,[12  2],38,48,49,10,46
1,<environment.Job instance at 0x148efaca4550>,16,17,[5 2],22,49,66,27,46
1,<environment.Job instance at 0x148efa9dc4b0>,38,2,[6 2],50,50,52,0,50
1,<environment.Job instance at 0x148efd685870>,27,22,[6 2],34,52,74,18,51
1,<environment.Job instance at 0x148f012c49b0>,34,3,[6 2],42,66,69,24,60
1,<environment.Job instance at 0x148f012c4d20>,36,2,[8 2],46,69,71,23,62
1,<environment.Job instance at 0x148f00763f00>,46,2,[1 8],64,65,67,1,65
1,<environment.Job instance at 0x148ef78f4c80>,48,15,[8 1],67,71,86,4,71
1,<environment.Job instance at 0x148ef78f4690>,52,20,[14  1],73,86,106,13,79
1,<environment.Job instance at 0x148f007637d0>,47,21,[2 5],65,106,127,41,102
1,<environment.Job instance at 0x148ef6e1a190>,67,3,[ 1 12],91,127,130,36,118
1,<environment.Job instance at 0x148ef7b83690>,82,27,[1 5],115,130,157,15,128
1,<environment.Job instance at 0x148ef6e12a00>,85,14,[ 1 11],120,158,172,38,158
1,<environment.Job instance at 0x148ef7b548c0>,89,3,[14  2],126,164,167,38,164
1,<environment.Job instance at 0x148ef7b54f50>,93,13,[5 1],131,167,180,36,167
1,<environment.Job instance at 0x148ef7b54e10>,94,12,[8 1],132,168,180,36,168
1,<environment.Job instance at 0x148ef9e03640>,44,12,[9 1],62,180,192,118,169
1,<environment.Job instance at 0x148ef7b54870>,96,3,[7 1],134,192,195,58,177
1,<environment.Job instance at 0x148ef7b541e0>,98,1,[8 1],136,192,193,56,177
1,<environment.Job instance at 0x148ef7b549b0>,99,1,[1 5],137,193,194,56,193
1,<environment.Job instance at 0x148ef7b838c0>,75,2,[ 1 11],105,266,268,161,266
1,<environment.Job instance at 0x148ef698a2d0>,2,1,[9 1],4,4,5,0,4
1,<environment.Job instance at 0x148ef6ee34b0>,17,3,[9 1],25,25,28,0,25
1,<environment.Job instance at 0x148f039b76e0>,13,13,[10  2],20,31,44,11,31
1,<environment.Job instance at 0x148ef9a68aa0>,24,3,[ 1 14],32,44,47,12,36
1,<environment.Job instance at 0x148f0125a910>,25,1,[2 9],34,36,37,2,36
1,<environment.Job instance at 0x148ef6b5c0a0>,26,1,[1 8],36,37,38,1,36
1,<environment.Job instance at 0x148ef6b2e9b0>,31,16,[1 5],42,47,63,5,46
1,<environment.Job instance at 0x148ef6b2ecd0>,32,2,[9 2],43,47,49,4,46
1,<environment.Job instance at 0x148f035295f0>,33,3,[1 5],44,48,51,4,48
1,<environment.Job instance at 0x148f03529fa0>,34,2,[1 9],45,51,53,6,48
1,<environment.Job instance at 0x148ef9e9e280>,36,2,[ 1 10],47,53,55,6,48
1,<environment.Job instance at 0x148ef9e9e8c0>,37,1,[5 2],50,50,51,0,50
1,<environment.Job instance at 0x148ef6955e10>,43,27,[5 1],59,59,86,0,59
1,<environment.Job instance at 0x148ef6aa1b90>,50,2,[2 7],72,77,79,5,77
1,<environment.Job instance at 0x148ef6de4dc0>,51,2,[9 1],75,79,81,4,77
1,<environment.Job instance at 0x148ef6de4280>,52,1,[1 8],77,79,80,2,77
1,<environment.Job instance at 0x148ef6de45a0>,53,2,[9 1],78,81,83,3,78
1,<environment.Job instance at 0x148ef6de4cd0>,55,2,[9 1],81,83,85,2,81
1,<environment.Job instance at 0x148efac99230>,56,23,[2 9],83,85,108,2,84
1,<environment.Job instance at 0x148efac99870>,59,24,[8 1],86,91,115,5,91
1,<environment.Job instance at 0x148efac99820>,57,14,[ 1 13],84,113,127,29,113
1,<environment.Job instance at 0x148ef7876780>,69,3,[1 9],101,127,130,26,113
1,<environment.Job instance at 0x148ef78765a0>,74,1,[ 1 12],107,130,131,23,116
1,<environment.Job instance at 0x148ef7876a00>,75,1,[ 1 10],108,131,132,23,116
1,<environment.Job instance at 0x148ef7876d70>,76,18,[1 9],109,132,150,23,126
1,<environment.Job instance at 0x148f006af2d0>,92,18,[8 1],129,143,161,14,143
1,<environment.Job instance at 0x148f006af500>,94,13,[1 9],132,151,164,19,151
1,<environment.Job instance at 0x148ef7876f00>,79,18,[5 2],113,179,197,66,179
1,<environment.Job instance at 0x148f006af8c0>,98,3,[2 6],137,192,195,55,192
1,<environment.Job instance at 0x148f006af140>,95,15,[2 9],133,386,401,253,386
1,<environment.Job instance at 0x148f006af4b0>,100,18,[1 8],139,403,421,264,403
1,<environment.Job instance at 0x148f006afb40>,97,1,[13  2],135,446,447,311,446
1,<environment.Job instance at 0x148efa901910>,9,2,[7 2],12,13,15,1,13
1,<environment.Job instance at 0x148efa9016e0>,12,2,[2 6],17,17,19,0,17
1,<environment.Job instance at 0x148ef9bcf0a0>,22,1,[6 2],28,29,30,1,29
1,<environment.Job instance at 0x148ef6a8b0f0>,11,17,[10  2],16,30,47,14,30
1,<environment.Job instance at 0x148ef9bcfbe0>,24,20,[9 2],31,47,67,16,38
1,<environment.Job instance at 0x148ef9bcfaf0>,26,1,[2 7],35,40,41,5,40
1,<environment.Job instance at 0x148ef9bcfaa0>,27,1,[1 8],36,41,42,5,40
1,<environment.Job instance at 0x148ef9bcf910>,28,1,[7 1],37,67,68,30,40
1,<environment.Job instance at 0x148ef6df7d20>,30,1,[10  1],39,68,69,29,40
1,<environment.Job instance at 0x148efa93af00>,33,2,[ 1 10],42,42,44,0,42
1,<environment.Job instance at 0x148ef9e20460>,35,1,[8 2],44,67,68,23,44
1,<environment.Job instance at 0x148ef9037690>,38,1,[9 2],51,69,70,18,51
1,<environment.Job instance at 0x148f0070fe10>,39,2,[8 2],52,70,72,18,52
1,<environment.Job instance at 0x148ef9037870>,40,1,[6 2],53,53,54,0,53
1,<environment.Job instance at 0x148f00656870>,45,25,[2 5],60,68,93,8,64
1,<environment.Job instance at 0x148efa9f6460>,58,18,[2 8],78,92,110,14,92
1,<environment.Job instance at 0x148f006a50a0>,66,27,[5 1],88,101,128,13,101
1,<environment.Job instance at 0x148ef6ede460>,69,27,[9 2],93,111,138,18,111
1,<environment.Job instance at 0x148f01288e60>,78,3,[ 1 12],109,135,138,26,135
1,<environment.Job instance at 0x148f012b7af0>,80,1,[1 8],115,138,139,23,135
1,<environment.Job instance at 0x148ef6ee1a00>,83,1,[2 5],119,145,146,26,145
1,<environment.Job instance at 0x148ef6ee1dc0>,84,22,[9 2],120,146,168,26,146
1,<environment.Job instance at 0x148ef6ee1870>,86,1,[9 1],126,168,169,42,166
1,<environment.Job instance at 0x148ef6ee1550>,87,1,[2 9],128,166,167,38,166
1,<environment.Job instance at 0x148f02c648c0>,0,1,[6 2],2,2,3,0,2
1,<environment.Job instance at 0x148f03545e10>,10,2,[8 1],14,14,16,0,14
1,<environment.Job instance at 0x148f01288780>,23,2,[9 1],32,32,34,0,32
1,<environment.Job instance at 0x148ef6b84410>,27,1,[ 1 11],36,39,40,3,39
1,<environment.Job instance at 0x148ef9aa85f0>,24,3,[8 1],33,47,50,14,47
1,<environment.Job instance at 0x148f011d4c80>,32,2,[7 1],48,48,50,0,48
1,<environment.Job instance at 0x148ef6d72550>,33,14,[5 1],49,57,71,8,57
1,<environment.Job instance at 0x148ef9d2e6e0>,21,19,[9 2],30,62,81,32,62
1,<environment.Job instance at 0x148ef9e4e2d0>,46,18,[2 7],65,71,89,6,69
1,<environment.Job instance at 0x148ef7067910>,44,16,[5 2],63,87,103,24,87
1,<environment.Job instance at 0x148ef9e4e780>,49,3,[1 7],68,89,92,21,87
1,<environment.Job instance at 0x148ef9e4efa0>,50,1,[2 6],69,87,88,18,87
1,<environment.Job instance at 0x148ef9e4ec80>,51,3,[2 9],70,92,95,22,87
1,<environment.Job instance at 0x148ef9e4ee10>,52,2,[2 6],71,88,90,17,87
1,<environment.Job instance at 0x148ef9e4e320>,53,1,[2 6],72,90,91,18,87
1,<environment.Job instance at 0x148ef9e4ed70>,55,2,[2 6],75,95,97,20,89
1,<environment.Job instance at 0x148ef9e4e870>,56,1,[10  1],76,97,98,21,89
1,<environment.Job instance at 0x148ef9e4e500>,57,3,[8 2],77,91,94,14,89
1,<environment.Job instance at 0x148ef9e4ef50>,58,3,[ 2 13],78,98,101,20,89
1,<environment.Job instance at 0x148ef9e4e550>,59,14,[6 1],79,101,115,22,94
1,<environment.Job instance at 0x148ef9e4ee60>,61,2,[2 5],81,95,97,14,94
1,<environment.Job instance at 0x148ef9ed3cd0>,62,3,[8 2],82,103,106,21,94
1,<environment.Job instance at 0x148ef9ed32d0>,63,3,[ 1 10],83,101,104,18,94
1,<environment.Job instance at 0x148efa854c30>,70,26,[ 1 10],90,104,130,14,102
1,<environment.Job instance at 0x148efa854500>,74,17,[1 5],95,121,138,26,121
1,<environment.Job instance at 0x148efa8ba1e0>,77,1,[2 9],98,130,131,32,121
1,<environment.Job instance at 0x148efa8baa00>,78,18,[7 1],99,130,148,31,123
1,<environment.Job instance at 0x148efa8bafa0>,80,2,[ 2 10],103,138,140,35,123
1,<environment.Job instance at 0x148efa8ba640>,81,26,[7 2],104,140,166,36,137
1,<environment.Job instance at 0x148efa8bae60>,83,3,[1 5],107,140,143,33,137
1,<environment.Job instance at 0x148efa8ba550>,86,1,[ 2 10],111,148,149,37,137
1,<environment.Job instance at 0x148efa8ba5a0>,87,3,[2 5],112,149,152,37,137
1,<environment.Job instance at 0x148efa8baeb0>,88,1,[2 5],113,137,138,24,137
1,<environment.Job instance at 0x148efa8ba780>,90,3,[1 9],115,143,146,28,137
1,<environment.Job instance at 0x148efc009550>,92,1,[8 2],122,152,153,30,137
1,<environment.Job instance at 0x148efc0098c0>,93,19,[1 5],125,153,172,28,143
1,<environment.Job instance at 0x148efc009140>,96,1,[1 7],129,146,147,17,143
1,<environment.Job instance at 0x148ef9ed3be0>,66,17,[6 1],86,169,186,83,169
1,<environment.Job instance at 0x148efc0090a0>,98,3,[7 1],136,169,172,33,169
1,<environment.Job instance at 0x148efc009b90>,99,3,[ 2 10],137,172,175,35,172
1,<environment.Job instance at 0x148efa85fb90>,100,3,[2 8],138,175,178,37,172
1,<environment.Job instance at 0x148efa85ff50>,101,2,[2 7],139,178,180,39,173
1,<environment.Job instance at 0x148f013862d0>,1,2,[2 7],2,2,4,0,2
1,<environment.Job instance at 0x148efa97cfa0>,11,25,[5 2],14,19,44,5,19
1,<environment.Job instance at 0x148ef9f2f370>,13,1,[11  1],17,44,45,27,31
1,<environment.Job instance at 0x148f0075ec80>,17,1,[2 8],21,32,33,11,32
1,<environment.Job instance at 0x148efa97c0f0>,18,2,[6 1],23,32,34,9,32
1,<environment.Job instance at 0x148ef9f238c0>,20,3,[2 5],26,33,36,7,33
1,<environment.Job instance at 0x148efa97c5f0>,16,1,[ 1 11],20,37,38,17,37
1,<environment.Job instance at 0x148ef6cf1820>,24,1,[1 6],30,38,39,8,37
1,<environment.Job instance at 0x148ef6bc7230>,26,2,[9 2],34,37,39,3,37
1,<environment.Job instance at 0x148efa858eb0>,30,2,[ 1 10],40,40,42,0,40
1,<environment.Job instance at 0x148efa8a65f0>,29,14,[1 9],39,43,57,4,43
1,<environment.Job instance at 0x148efa858410>,33,1,[6 1],46,46,47,0,46
1,<environment.Job instance at 0x148efa858460>,34,2,[8 1],47,47,49,0,47
1,<environment.Job instance at 0x148efa833640>,35,26,[9 1],52,52,78,0,52
1,<environment.Job instance at 0x148efa833960>,36,17,[6 2],53,76,93,23,76
1,<environment.Job instance at 0x148ef6c680f0>,45,1,[6 1],67,78,79,11,77
1,<environment.Job instance at 0x148efad6ddc0>,48,18,[2 9],72,86,104,14,86
1,<environment.Job instance at 0x148f0054eb40>,59,17,[1 7],87,108,125,21,108
1,<environment.Job instance at 0x148ef78b7190>,64,18,[7 2],95,130,148,35,130
1,<environment.Job instance at 0x148ef78b7230>,65,21,[7 1],96,130,151,34,130
1,<environment.Job instance at 0x148ef70bcf00>,68,14,[8 2],99,148,162,49,143
1,<environment.Job instance at 0x148ef7873410>,43,12,[ 2 11],63,151,163,88,146
1,<environment.Job instance at 0x148efc001cd0>,71,2,[5 1],103,151,153,48,146
1,<environment.Job instance at 0x148ef6a749b0>,84,26,[2 8],125,163,189,38,160
1,<environment.Job instance at 0x148ef6a74a00>,85,15,[9 2],126,187,202,61,187
1,<environment.Job instance at 0x148ef6a74370>,87,1,[6 1],129,191,192,62,191
1,<environment.Job instance at 0x148ef6a746e0>,88,3,[2 8],130,200,203,70,200
1,<environment.Job instance at 0x148efa87e550>,89,19,[1 5],133,200,219,67,200
1,<environment.Job instance at 0x148efa87efa0>,90,3,[2 7],135,203,206,68,202
1,<environment.Job instance at 0x148efa87e820>,91,18,[7 2],136,236,254,100,236
1,<environment.Job instance at 0x148efa87ef50>,92,3,[ 1 10],137,251,254,114,251
1,<environment.Job instance at 0x148efa87e4b0>,93,2,[9 2],139,254,256,115,251
1,<environment.Job instance at 0x148ef6a741e0>,86,2,[13  1],127,803,805,676,803
1,<environment.Job instance at 0x148ef7873a50>,39,1,[ 2 13],57,1741,1742,1684,1741
1,<environment.Job instance at 0x148f00744d70>,4,2,[ 2 14],9,9,11,0,9
1,<environment.Job instance at 0x148f0075df00>,35,2,[7 2],57,57,59,0,57
1,<environment.Job instance at 0x148f0075d780>,36,1,[9 2],59,59,60,0,59
1,<environment.Job instance at 0x148ef711b0f0>,42,27,[9 1],65,76,103,11,76
1,<environment.Job instance at 0x148f0075d2d0>,40,1,[9 1],63,103,104,40,87
1,<environment.Job instance at 0x148ef6f5ddc0>,58,3,[6 1],86,89,92,3,89
1,<environment.Job instance at 0x148ef6f5d3c0>,59,2,[10  2],87,104,106,17,89
1,<environment.Job instance at 0x148ef6808550>,60,2,[7 1],88,106,108,18,89
1,<environment.Job instance at 0x148ef6808140>,61,3,[ 2 12],94,94,97,0,94
1,<environment.Job instance at 0x148ef6808820>,62,3,[8 2],95,106,109,11,95
1,<environment.Job instance at 0x148ef6808b40>,63,1,[8 2],96,109,110,13,96
1,<environment.Job instance at 0x148ef6f5d460>,53,13,[1 7],81,108,121,27,104
1,<environment.Job instance at 0x148ef6f6c960>,70,1,[ 1 14],106,121,122,15,117
1,<environment.Job instance at 0x148ef6f6c3c0>,72,1,[9 1],109,117,118,8,117
1,<environment.Job instance at 0x148ef6f6c050>,75,25,[5 1],112,117,142,5,117
1,<environment.Job instance at 0x148ef6f6c730>,78,2,[2 9],115,131,133,16,131
1,<environment.Job instance at 0x148ef6f6cc80>,79,1,[2 7],116,133,134,17,131
1,<environment.Job instance at 0x148ef6f6c0f0>,80,2,[8 1],117,131,133,14,131
1,<environment.Job instance at 0x148ef6854b90>,87,1,[ 1 14],130,140,141,10,140
1,<environment.Job instance at 0x148f012c2230>,88,2,[6 1],131,141,143,10,140
1,<environment.Job instance at 0x148ef6f6ceb0>,81,13,[10  1],120,143,156,23,142
1,<environment.Job instance at 0x148ef62c1550>,93,1,[5 1],138,142,143,4,142
1,<environment.Job instance at 0x148ef62bbc30>,94,1,[9 1],139,156,157,17,142
1,<environment.Job instance at 0x148ef7836500>,92,1,[8 2],135,157,158,22,154
1,<environment.Job instance at 0x148ef6705b40>,2,1,[5 2],5,6,7,1,6
1,<environment.Job instance at 0x148ef71203c0>,9,1,[1 9],15,15,16,0,15
1,<environment.Job instance at 0x148ef71205a0>,11,2,[ 1 10],20,21,23,1,21
1,<environment.Job instance at 0x148ef9b22b90>,13,1,[2 6],24,24,25,0,24
1,<environment.Job instance at 0x148ef7092190>,14,2,[8 2],25,38,40,13,38
1,<environment.Job instance at 0x148ef68eeeb0>,24,1,[9 1],39,40,41,1,39
1,<environment.Job instance at 0x148ef6891910>,28,2,[6 1],44,46,48,2,46
1,<environment.Job instance at 0x148efad34cd0>,30,1,[5 1],46,47,48,1,47
1,<environment.Job instance at 0x148efac4cdc0>,31,18,[11  2],48,71,89,23,71
1,<environment.Job instance at 0x148ef9c14fa0>,47,1,[1 5],68,71,72,3,71
1,<environment.Job instance at 0x148ef70ac460>,41,3,[2 7],62,72,75,10,72
1,<environment.Job instance at 0x148f0353b550>,55,1,[8 2],80,117,118,37,117
1,<environment.Job instance at 0x148ef6ed4320>,73,1,[ 1 10],110,118,119,8,118
1,<environment.Job instance at 0x148ef6ed4690>,81,1,[1 8],125,125,126,0,125
1,<environment.Job instance at 0x148ef9be45a0>,72,3,[5 1],109,317,320,208,317
1,<environment.Job instance at 0x148ef6528960>,7,2,[1 5],9,9,11,0,9
1,<environment.Job instance at 0x148f01379140>,8,2,[ 2 10],10,10,12,0,10
1,<environment.Job instance at 0x148ef83c7c80>,9,3,[7 1],11,12,15,1,12
1,<environment.Job instance at 0x148ef6dd8f50>,12,3,[2 7],16,16,19,0,16
1,<environment.Job instance at 0x148ef9e76c80>,13,2,[9 1],17,17,19,0,17
1,<environment.Job instance at 0x148ef9e76780>,14,2,[7 1],18,19,21,1,18
1,<environment.Job instance at 0x148f0134f460>,15,3,[5 1],21,21,24,0,21
1,<environment.Job instance at 0x148ef6528f50>,5,3,[ 1 14],6,22,25,16,22
1,<environment.Job instance at 0x148f005cf460>,20,2,[14  2],30,32,34,2,32
1,<environment.Job instance at 0x148ef6c54690>,26,2,[13  2],39,86,88,47,86
1,<environment.Job instance at 0x148f0070df00>,36,3,[ 1 13],60,125,128,65,125
1,<environment.Job instance at 0x148ef6c54780>,28,2,[2 7],41,135,137,94,135
1,<environment.Job instance at 0x148ef6edb5a0>,45,1,[6 1],83,136,137,53,136
1,<environment.Job instance at 0x148f0070dbe0>,46,3,[ 1 10],85,137,140,52,136
1,<environment.Job instance at 0x148ef9eddd70>,47,3,[2 9],86,140,143,54,138
1,<environment.Job instance at 0x148ef9edd780>,48,2,[1 9],87,143,145,56,138
1,<environment.Job instance at 0x148ef9edd140>,49,2,[1 6],89,140,142,51,139
1,<environment.Job instance at 0x148ef6d8cfa0>,50,3,[1 8],90,145,148,55,143
1,<environment.Job instance at 0x148ef9edd870>,51,1,[6 1],92,149,150,57,149
1,<environment.Job instance at 0x148f01343f50>,54,2,[1 8],96,149,151,53,149
1,<environment.Job instance at 0x148ef6ee3780>,56,2,[ 1 10],98,151,153,53,149
1,<environment.Job instance at 0x148ef6ee3f50>,57,1,[6 1],99,149,150,50,149
1,<environment.Job instance at 0x148ef6ee3140>,58,2,[7 1],100,150,152,50,149
1,<environment.Job instance at 0x148ef6ee3be0>,59,1,[10  1],101,152,153,51,149
1,<environment.Job instance at 0x148ef6da1b90>,60,3,[1 8],102,153,156,51,149
1,<environment.Job instance at 0x148ef6da1e10>,61,3,[1 5],107,153,156,46,149
1,<environment.Job instance at 0x148ef6da14b0>,62,18,[ 2 10],108,156,174,48,153
1,<environment.Job instance at 0x148ef77d1c80>,69,2,[11  1],118,153,155,35,153
1,<environment.Job instance at 0x148ef77d1af0>,71,1,[1 8],121,174,175,53,154
1,<environment.Job instance at 0x148ef77d1870>,74,14,[6 2],124,197,211,73,197
1,<environment.Job instance at 0x148efa7d33c0>,75,3,[2 5],127,198,201,71,198
1,<environment.Job instance at 0x148efa7d3280>,76,2,[9 2],128,201,203,73,198
1,<environment.Job instance at 0x148ef6c5bfa0>,78,3,[2 5],130,203,206,73,201
1,<environment.Job instance at 0x148ef6c5b730>,79,2,[1 5],131,203,205,72,201
1,<environment.Job instance at 0x148ef6c5bc30>,80,1,[1 6],132,205,206,73,201
1,<environment.Job instance at 0x148ef6c5b780>,81,3,[6 1],133,203,206,70,201
1,<environment.Job instance at 0x148ef6c5bf50>,82,1,[11  2],134,211,212,77,202
1,<environment.Job instance at 0x148ef9b78640>,83,2,[2 9],136,206,208,70,202
1,<environment.Job instance at 0x148ef9b78410>,84,3,[8 2],139,208,211,69,202
1,<environment.Job instance at 0x148f0070de60>,34,3,[ 2 11],55,255,258,200,255
1,<environment.Job instance at 0x148f0070d410>,41,2,[13  1],69,260,262,191,260
1,<environment.Job instance at 0x148ef6a3f820>,2,1,[8 1],7,13,14,6,13
1,<environment.Job instance at 0x148ef6a3fe10>,5,2,[1 5],10,13,15,3,13
1,<environment.Job instance at 0x148efc00ed70>,10,2,[12  2],15,26,28,11,26
1,<environment.Job instance at 0x148efbfe9e10>,24,26,[10  2],33,33,59,0,33
1,<environment.Job instance at 0x148ef9ec6dc0>,27,1,[2 9],37,37,38,0,37
1,<environment.Job instance at 0x148ef7836640>,30,1,[5 1],40,45,46,5,45
1,<environment.Job instance at 0x148ef7836050>,32,3,[2 5],47,55,58,8,55
1,<environment.Job instance at 0x148ef7836d20>,31,2,[ 1 12],41,75,77,34,75
1,<environment.Job instance at 0x148ef7836a00>,33,1,[5 2],49,94,95,45,94
1,<environment.Job instance at 0x148ef6d6cc80>,41,1,[2 8],61,121,122,60,121
1,<environment.Job instance at 0x148ef6d6c3c0>,44,28,[ 2 12],68,157,185,89,157
1,<environment.Job instance at 0x148ef6e67be0>,50,26,[1 9],76,185,211,109,183
1,<environment.Job instance at 0x148ef78808c0>,42,1,[11  2],64,193,194,129,193
1,<environment.Job instance at 0x148ef6e67e10>,52,23,[2 8],78,211,234,133,205
1,<environment.Job instance at 0x148ef9bd2370>,57,3,[ 1 12],84,238,241,154,238
1,<environment.Job instance at 0x148ef9bd2410>,60,24,[2 9],88,241,265,153,238
1,<environment.Job instance at 0x148ef9bd20f0>,62,25,[6 2],92,239,264,147,239
1,<environment.Job instance at 0x148ef6e67820>,53,3,[2 5],80,293,296,213,293
1,<environment.Job instance at 0x148ef7943dc0>,18,13,[ 2 14],24,296,309,272,293
1,<environment.Job instance at 0x148ef69e7050>,76,3,[9 2],114,293,296,179,293
1,<environment.Job instance at 0x148ef9bd2e10>,74,1,[6 2],110,309,310,199,296
1,<environment.Job instance at 0x148ef69e7820>,77,16,[1 5],115,309,325,194,296
1,<environment.Job instance at 0x148ef69e79b0>,79,3,[ 2 10],117,310,313,193,296
1,<environment.Job instance at 0x148ef69e7870>,80,3,[2 9],118,313,316,195,296
1,<environment.Job instance at 0x148ef69e7640>,81,15,[11  2],119,319,334,200,319
1,<environment.Job instance at 0x148ef66e8d20>,7,1,[2 7],10,10,11,0,10
1,<environment.Job instance at 0x148ef7092eb0>,10,2,[6 1],14,14,16,0,14
1,<environment.Job instance at 0x148efd658dc0>,12,1,[1 6],16,17,18,1,17
1,<environment.Job instance at 0x148efbfe0af0>,21,3,[1 6],26,26,29,0,26
1,<environment.Job instance at 0x148efbfe0550>,22,2,[10  1],27,27,29,0,27
1,<environment.Job instance at 0x148ef6d60b90>,23,2,[6 1],29,29,31,0,29
1,<environment.Job instance at 0x148ef9e4e5a0>,24,1,[2 8],30,30,31,0,30
1,<environment.Job instance at 0x148ef9e4e910>,25,2,[6 1],31,31,33,0,31
1,<environment.Job instance at 0x148ef6baec80>,3,2,[1 9],6,31,33,25,31
1,<environment.Job instance at 0x148ef9f230f0>,27,3,[7 1],33,34,37,1,34
1,<environment.Job instance at 0x148ef6bd2230>,28,2,[2 9],35,35,37,0,35
1,<environment.Job instance at 0x148ef6bd2870>,29,3,[5 2],37,37,40,0,37
1,<environment.Job instance at 0x148ef705f190>,26,15,[2 9],32,38,53,6,38
1,<environment.Job instance at 0x148efa943190>,31,3,[2 5],39,40,43,1,39
1,<environment.Job instance at 0x148efa943aa0>,32,2,[1 5],40,43,45,3,41
1,<environment.Job instance at 0x148efa943690>,34,17,[7 1],43,43,60,0,43
1,<environment.Job instance at 0x148efa943460>,35,1,[ 2 10],45,53,54,8,45
1,<environment.Job instance at 0x148efa943a00>,36,27,[10  1],47,60,87,13,58
1,<environment.Job instance at 0x148efa943780>,37,2,[9 1],48,87,89,39,60
1,<environment.Job instance at 0x148efa943870>,38,3,[1 8],49,60,63,11,60
1,<environment.Job instance at 0x148ef738f370>,52,2,[2 6],76,93,95,17,93
1,<environment.Job instance at 0x148ef9bb1460>,62,26,[8 2],91,110,136,19,110
1,<environment.Job instance at 0x148ef7861be0>,42,2,[6 2],56,129,131,73,129
1,<environment.Job instance at 0x148ef6c84820>,66,3,[ 2 10],95,137,140,42,137
1,<environment.Job instance at 0x148ef9b8fbe0>,70,3,[2 7],100,140,143,40,137
1,<environment.Job instance at 0x148ef9b78fa0>,71,3,[9 2],101,142,145,41,142
1,<environment.Job instance at 0x148ef6c84190>,64,14,[5 1],93,146,160,53,146
1,<environment.Job instance at 0x148ef6530dc0>,74,19,[ 1 10],105,150,169,45,150
1,<environment.Job instance at 0x148efa9f3c80>,84,21,[5 2],118,164,185,46,164
1,<environment.Job instance at 0x148ef7151550>,72,12,[5 1],102,168,180,66,168
1,<environment.Job instance at 0x148f012c7500>,86,2,[ 1 10],123,169,171,46,168
1,<environment.Job instance at 0x148f0059b730>,88,28,[2 5],128,171,199,43,170
1,<environment.Job instance at 0x148f0059b910>,89,3,[7 1],129,187,190,58,187
1,<environment.Job instance at 0x148ef634e0a0>,0,2,[9 1],1,2,4,1,2
1,<environment.Job instance at 0x148ef9e80500>,8,1,[2 5],11,11,12,0,11
1,<environment.Job instance at 0x148f012c70a0>,10,2,[2 7],14,14,16,0,14
1,<environment.Job instance at 0x148ef9e80b90>,5,20,[1 9],8,16,36,8,15
1,<environment.Job instance at 0x148f0131bb90>,13,15,[ 2 12],19,278,293,259,278
1,<environment.Job instance at 0x148f012c7b40>,15,3,[6 1],21,298,301,277,298
1,<environment.Job instance at 0x148ef68425a0>,16,3,[1 8],22,309,312,287,309
1,<environment.Job instance at 0x148f00553c80>,17,1,[1 9],24,312,313,288,312
1,<environment.Job instance at 0x148f012c7cd0>,14,17,[10  1],20,782,799,762,782
1,<environment.Job instance at 0x148ef9dbccd0>,19,2,[1 6],29,795,797,766,795
1,<environment.Job instance at 0x148f006a5f50>,20,1,[2 8],31,797,798,766,797
1,<environment.Job instance at 0x148ef6b54280>,21,3,[ 1 14],32,798,801,766,798
1,<environment.Job instance at 0x148f006a55a0>,18,15,[1 8],26,1218,1233,1192,1218
1,<environment.Job instance at 0x148ef6b54c30>,23,3,[ 2 10],34,1337,1340,1303,1337
1,<environment.Job instance at 0x148ef9e8bb40>,25,2,[10  2],37,1340,1342,1303,1340
1,<environment.Job instance at 0x148ef6b54820>,22,14,[13  2],33,1342,1356,1309,1341
1,<environment.Job instance at 0x148ef68b4f50>,28,2,[ 2 10],48,1350,1352,1302,1350
1,<environment.Job instance at 0x148ef9e8bc80>,29,1,[2 6],49,1352,1353,1303,1350
1,<environment.Job instance at 0x148ef9e8bf50>,30,1,[2 8],50,1354,1355,1304,1354
1,<environment.Job instance at 0x148ef7b89f00>,31,2,[6 2],51,1356,1358,1305,1355
1,<environment.Job instance at 0x148ef9e8b2d0>,32,1,[9 2],52,1356,1357,1304,1355
1,<environment.Job instance at 0x148ef6332780>,33,1,[6 2],53,1358,1359,1305,1358
1,<environment.Job instance at 0x148ef9e80e10>,4,14,[13  2],7,1411,1425,1404,1411
1,<environment.Job instance at 0x148ef71518c0>,36,2,[ 2 13],59,1414,1416,1355,1414
1,<environment.Job instance at 0x148f005a2370>,39,1,[ 1 10],62,1419,1420,1357,1419
1,<environment.Job instance at 0x148f0052b8c0>,40,2,[9 1],63,1425,1427,1362,1419
1,<environment.Job instance at 0x148f005a2960>,42,3,[8 1],65,1427,1430,1362,1427
1,<environment.Job instance at 0x148ef9baac80>,47,24,[ 1 10],72,1432,1456,1360,1432
1,<environment.Job instance at 0x148ef9baa8c0>,48,21,[9 1],73,1432,1453,1359,1432
1,<environment.Job instance at 0x148ef77fcc30>,52,22,[6 1],77,1514,1536,1437,1514
1,<environment.Job instance at 0x148eff2e5e60>,45,3,[7 2],68,1571,1574,1503,1571
1,<environment.Job instance at 0x148ef77fc9b0>,54,22,[10  2],80,1814,1836,1734,1814
1,<environment.Job instance at 0x148ef77fc550>,56,2,[7 2],83,1836,1838,1753,1834
1,<environment.Job instance at 0x148ef77fcb90>,57,1,[8 1],85,1838,1839,1753,1838
1,<environment.Job instance at 0x148ef77fc690>,58,1,[1 8],90,1842,1843,1752,1842
1,<environment.Job instance at 0x148ef77fcc80>,59,1,[ 1 10],92,1843,1844,1751,1842
1,<environment.Job instance at 0x148ef77fc960>,60,1,[ 2 10],94,1844,1845,1750,1842
1,<environment.Job instance at 0x148ef77fccd0>,61,2,[9 1],95,1842,1844,1747,1842
1,<environment.Job instance at 0x148ef77fc640>,62,12,[1 7],96,1845,1857,1749,1844
1,<environment.Job instance at 0x148ef77fc730>,55,17,[5 1],82,2439,2456,2357,2439
1,<environment.Job instance at 0x148ef64efeb0>,64,3,[1 9],98,2456,2459,2358,2456
1,<environment.Job instance at 0x148ef64ef3c0>,65,2,[8 2],99,2461,2463,2362,2461
1,<environment.Job instance at 0x148ef64ef140>,66,3,[10  2],100,2467,2470,2367,2467
1,<environment.Job instance at 0x148ef9baa410>,49,16,[ 2 12],74,2885,2901,2811,2885
1,<environment.Job instance at 0x148ef64ef550>,68,2,[9 2],103,2898,2900,2795,2898
1,<environment.Job instance at 0x148ef64efd70>,69,2,[5 1],104,2900,2902,2796,2899
1,<environment.Job instance at 0x148ef9032870>,70,18,[7 1],105,2902,2920,2797,2902
1,<environment.Job instance at 0x148ef9032d70>,71,1,[2 6],109,2919,2920,2810,2919
1,<environment.Job instance at 0x148ef90324b0>,72,3,[ 2 10],110,2927,2930,2817,2927
1,<environment.Job instance at 0x148f0351b550>,13,3,[ 2 14],17,60,63,43,60
1,<environment.Job instance at 0x148ef6850a50>,19,2,[2 9],25,63,65,38,60
1,<environment.Job instance at 0x148ef68503c0>,20,3,[2 5],27,63,66,36,60
1,<environment.Job instance at 0x148ef79135f0>,22,18,[ 1 10],30,65,83,35,65
1,<environment.Job instance at 0x148efaa1f140>,24,1,[9 2],32,67,68,35,67
1,<environment.Job instance at 0x148efaa1f050>,26,20,[1 5],34,68,88,34,67
1,<environment.Job instance at 0x148ef787feb0>,27,2,[7 2],35,83,85,48,67
1,<environment.Job instance at 0x148ef7836be0>,28,2,[1 8],36,83,85,47,67
1,<environment.Job instance at 0x148ef7836b40>,30,1,[9 1],38,85,86,47,67
1,<environment.Job instance at 0x148f032f48c0>,31,2,[ 2 10],39,86,88,47,67
1,<environment.Job instance at 0x148f032f4690>,32,2,[7 1],41,88,90,47,67
1,<environment.Job instance at 0x148f032f44b0>,33,1,[2 8],44,85,86,41,67
1,<environment.Job instance at 0x148f00755cd0>,34,2,[ 1 10],46,88,90,42,67
1,<environment.Job instance at 0x148f00755d70>,35,25,[2 5],47,90,115,43,86
1,<environment.Job instance at 0x148f00664e10>,48,16,[6 1],66,118,134,52,118
1,<environment.Job instance at 0x148efa97c2d0>,50,1,[ 1 10],68,118,119,50,118
1,<environment.Job instance at 0x148efa97ce60>,51,2,[1 9],70,119,121,49,118
1,<environment.Job instance at 0x148ef6c50640>,54,26,[2 5],74,119,145,45,118
1,<environment.Job instance at 0x148ef6c50d70>,56,3,[8 2],77,134,137,57,122
1,<environment.Job instance at 0x148ef9ce02d0>,17,1,[11  2],23,166,167,143,166
1,<environment.Job instance at 0x148f0120b050>,60,17,[6 1],81,735,752,654,735
1,<environment.Job instance at 0x148ef9d21e10>,65,1,[5 1],89,740,741,651,740
1,<environment.Job instance at 0x148f0120bb40>,66,1,[2 9],90,740,741,650,740
1,<environment.Job instance at 0x148f0053f730>,64,1,[ 1 14],88,803,804,715,803
1,<environment.Job instance at 0x148ef6652910>,75,1,[5 2],105,804,805,699,803
1,<environment.Job instance at 0x148ef6652780>,74,1,[7 2],104,839,840,735,839
1,<environment.Job instance at 0x148ef6b0ba50>,89,16,[7 1],120,839,855,719,839
1,<environment.Job instance at 0x148ef6fa32d0>,99,1,[8 2],139,840,841,701,839
1,<environment.Job instance at 0x148ef6e56370>,4,1,[2 5],8,10,11,2,10
1,<environment.Job instance at 0x148ef6e56960>,5,1,[8 1],12,14,15,2,14
1,<environment.Job instance at 0x148ef6e56a50>,10,1,[2 6],18,23,24,5,23
1,<environment.Job instance at 0x148ef6e56f00>,7,1,[12  2],14,27,28,13,27
1,<environment.Job instance at 0x148ef6e565a0>,11,2,[8 1],19,28,30,9,27
1,<environment.Job instance at 0x148ef6e56780>,8,15,[6 1],15,28,43,13,27
1,<environment.Job instance at 0x148ef655d280>,15,1,[7 1],25,30,31,5,27
1,<environment.Job instance at 0x148ef655deb0>,16,27,[8 1],26,31,58,5,29
1,<environment.Job instance at 0x148ef655d500>,22,3,[ 2 13],37,55,58,18,55
1,<environment.Job instance at 0x148ef655ddc0>,17,3,[ 2 13],28,64,67,36,64
1,<environment.Job instance at 0x148ef655df00>,26,18,[8 2],44,82,100,38,82
1,<environment.Job instance at 0x148efa985b40>,36,14,[10  1],59,100,114,41,85
1,<environment.Job instance at 0x148efa985500>,40,18,[12  2],64,114,132,50,110
1,<environment.Job instance at 0x148ef65415a0>,41,2,[ 1 13],65,110,112,45,110
1,<environment.Job instance at 0x148ef6541230>,46,17,[6 2],75,132,149,57,131
1,<environment.Job instance at 0x148ef6541140>,47,14,[8 1],77,132,146,55,131
1,<environment.Job instance at 0x148ef6541820>,48,2,[2 6],78,146,148,68,132
1,<environment.Job instance at 0x148efa990d20>,50,18,[1 7],82,134,152,52,134
1,<environment.Job instance at 0x148efa990f50>,51,16,[1 7],84,149,165,65,149
1,<environment.Job instance at 0x148efa9905f0>,53,3,[6 1],86,152,155,66,152
1,<environment.Job instance at 0x148efa9900f0>,54,1,[8 1],87,152,153,65,152
1,<environment.Job instance at 0x148efa990870>,55,18,[2 9],88,165,183,77,157
1,<environment.Job instance at 0x148ef6e563c0>,14,14,[10  1],23,157,171,134,157
1,<environment.Job instance at 0x148efa990780>,57,1,[1 8],91,183,184,92,157
1,<environment.Job instance at 0x148efa9905a0>,61,17,[1 5],96,171,188,75,171
1,<environment.Job instance at 0x148f012bae10>,62,15,[9 1],101,172,187,71,172
1,<environment.Job instance at 0x148f012baeb0>,64,3,[1 5],103,184,187,81,172
1,<environment.Job instance at 0x148f012ba280>,65,1,[1 6],104,187,188,83,172
1,<environment.Job instance at 0x148f012ba460>,70,2,[9 1],111,187,189,76,173
1,<environment.Job instance at 0x148f012ba0a0>,74,13,[2 7],120,189,202,69,189
1,<environment.Job instance at 0x148f012badc0>,75,2,[7 1],121,189,191,68,189
1,<environment.Job instance at 0x148f012ba190>,76,1,[2 7],124,189,190,65,189
1,<environment.Job instance at 0x148f01286960>,83,28,[6 2],133,192,220,59,192
1,<environment.Job instance at 0x148f012861e0>,86,21,[10  2],139,220,241,81,212
1,<environment.Job instance at 0x1525f1d44eb0>,1,2,[2 5],4,4,6,0,4
1,<environment.Job instance at 0x15259c7f8500>,11,28,[1 9],15,16,44,1,16
1,<environment.Job instance at 0x15259c7dbeb0>,18,1,[5 2],25,34,35,9,34
1,<environment.Job instance at 0x15259c7ed6e0>,22,3,[2 6],29,35,38,6,34
1,<environment.Job instance at 0x15259c3486e0>,23,3,[7 2],30,38,41,8,35
1,<environment.Job instance at 0x15259c7df050>,21,22,[8 2],28,41,63,13,39
1,<environment.Job instance at 0x15259c0d0050>,25,1,[6 1],34,49,50,15,49
1,<environment.Job instance at 0x15259c7df140>,20,21,[7 1],27,50,71,23,49
1,<environment.Job instance at 0x15259c0ce140>,33,2,[5 1],44,72,74,28,72
1,<environment.Job instance at 0x15259c33f820>,57,3,[1 9],80,116,119,36,116
1,<environment.Job instance at 0x15259c0d82d0>,60,17,[ 1 10],86,168,185,82,168
1,<environment.Job instance at 0x15259c0d8550>,62,2,[1 5],89,190,192,101,190
1,<environment.Job instance at 0x15259c0d8190>,63,2,[7 2],90,197,199,107,197
1,<environment.Job instance at 0x15259c33fc80>,56,18,[1 7],79,228,246,149,228
1,<environment.Job instance at 0x15259c0ce960>,32,16,[9 1],43,245,261,202,245
1,<environment.Job instance at 0x15259c0d8780>,66,2,[9 2],94,261,263,167,245
1,<environment.Job instance at 0x15259c0d8870>,67,15,[1 9],95,246,261,151,245
1,<environment.Job instance at 0x15259c0d89b0>,70,1,[8 1],102,263,264,161,245
1,<environment.Job instance at 0x15259c0d8af0>,71,2,[1 6],103,261,263,158,245
1,<environment.Job instance at 0x15259c0d8960>,72,2,[2 6],106,261,263,155,245
1,<environment.Job instance at 0x15259c0d8b40>,73,1,[8 1],107,264,265,157,247
1,<environment.Job instance at 0x15259c0d8cd0>,74,2,[1 5],108,247,249,139,247
1,<environment.Job instance at 0x15259c0d8a00>,75,17,[9 2],110,265,282,155,260
1,<environment.Job instance at 0x15259c0d8dc0>,76,3,[2 8],111,263,266,152,260
1,<environment.Job instance at 0x15259c0d8aa0>,77,2,[10  2],113,282,284,169,260
1,<environment.Job instance at 0x15259c0d8d70>,78,3,[8 1],117,284,287,167,260
1,<environment.Job instance at 0x15259c0d8e60>,79,3,[10  1],119,287,290,168,261
1,<environment.Job instance at 0x15259c0d8f50>,80,3,[9 2],120,290,293,170,265
1,<environment.Job instance at 0x15259c0d8d20>,81,12,[1 7],121,266,278,145,265
1,<environment.Job instance at 0x15259c0de2d0>,82,16,[1 7],122,278,294,156,265
1,<environment.Job instance at 0x15259c0de370>,83,2,[9 1],123,293,295,170,266
1,<environment.Job instance at 0x15259c0de410>,84,18,[2 5],124,281,299,157,281
1,<environment.Job instance at 0x15259c0de4b0>,85,2,[1 5],125,294,296,169,281
1,<environment.Job instance at 0x15259c0de0f0>,86,3,[2 5],127,295,298,168,281
1,<environment.Job instance at 0x15259c0de5a0>,87,3,[8 1],128,296,299,168,281
1,<environment.Job instance at 0x15259c0de690>,88,3,[1 6],129,298,301,169,281
1,<environment.Job instance at 0x15259c0d8730>,69,1,[10  2],101,299,300,198,299
1,<environment.Job instance at 0x15259c0de460>,89,15,[6 2],132,300,315,168,299
1,<environment.Job instance at 0x15259c0de870>,91,1,[5 2],134,300,301,166,299
1,<environment.Job instance at 0x15259c0dea50>,94,1,[ 2 10],138,305,306,167,305
1,<environment.Job instance at 0x15259c0deaf0>,95,3,[7 1],139,305,308,166,305
1,<environment.Job instance at 0x15259c0de8c0>,96,1,[2 5],143,306,307,163,306
1,<environment.Job instance at 0x15259c0dea00>,97,2,[1 7],145,307,309,162,306
1,<environment.Job instance at 0x15259c0dec80>,98,2,[9 1],146,309,311,163,306
1,<environment.Job instance at 0x15259c0deb90>,99,3,[2 9],148,311,314,163,306
1,<environment.Job instance at 0x15259c0d8690>,59,2,[12  2],85,449,451,364,449
1,<environment.Job instance at 0x15259c7ed640>,24,20,[ 1 10],32,456,476,424,456
1,<environment.Job instance at 0x15259c0f4a00>,2,1,[1 8],4,5,6,1,5
1,<environment.Job instance at 0x1525a55dfb40>,9,2,[2 8],13,14,16,1,14
1,<environment.Job instance at 0x1525a55e30a0>,12,3,[9 1],17,18,21,1,18
1,<environment.Job instance at 0x1525a55df8c0>,13,3,[2 7],18,18,21,0,18
1,<environment.Job instance at 0x1525a55df5f0>,11,15,[1 5],15,27,42,12,27
1,<environment.Job instance at 0x1525a5537500>,18,12,[10  2],29,31,43,2,31
1,<environment.Job instance at 0x1525a614e3c0>,19,18,[2 5],30,32,50,2,32
1,<environment.Job instance at 0x1525a6259780>,24,1,[1 8],35,42,43,7,39
1,<environment.Job instance at 0x1525a6259190>,25,1,[1 9],36,43,44,7,39
1,<environment.Job instance at 0x1525a6259af0>,27,2,[5 1],39,43,45,4,39
1,<environment.Job instance at 0x1525a56137d0>,30,1,[ 1 10],42,45,46,3,42
1,<environment.Job instance at 0x1525a56130a0>,31,27,[5 2],43,46,73,3,44
1,<environment.Job instance at 0x1525a5613eb0>,32,3,[1 8],44,46,49,2,44
1,<environment.Job instance at 0x1525a5595f00>,22,14,[12  1],33,73,87,40,58
1,<environment.Job instance at 0x1525a55b0640>,35,2,[8 2],48,58,60,10,58
1,<environment.Job instance at 0x1525a55b0820>,36,2,[ 2 10],50,58,60,8,58
1,<environment.Job instance at 0x1525a55b0e10>,37,2,[2 5],51,60,62,9,58
1,<environment.Job instance at 0x1525a55b0cd0>,39,3,[11  1],53,87,90,34,62
1,<environment.Job instance at 0x1525a562b370>,43,26,[2 5],68,70,96,2,70
1,<environment.Job instance at 0x1525a58f5d70>,49,25,[1 8],75,78,103,3,78
1,<environment.Job instance at 0x1525a624db40>,50,26,[2 9],76,103,129,27,100
1,<environment.Job instance at 0x1525a560a9b0>,56,22,[2 7],85,129,151,44,122
1,<environment.Job instance at 0x1525a560a320>,60,2,[9 2],90,122,124,32,122
1,<environment.Job instance at 0x1525a560aaf0>,62,1,[10  1],93,124,125,31,122
1,<environment.Job instance at 0x1525a5671190>,65,3,[9 1],99,125,128,26,122
1,<environment.Job instance at 0x1525a5671690>,67,3,[10  1],101,128,131,27,122
1,<environment.Job instance at 0x1525a56710f0>,68,2,[1 5],102,124,126,22,122
1,<environment.Job instance at 0x1525a5671b40>,71,1,[7 1],109,131,132,22,126
1,<environment.Job instance at 0x1525a5671dc0>,72,2,[1 8],111,132,134,21,126
1,<environment.Job instance at 0x1525a5671370>,73,1,[1 6],112,129,130,17,127
1,<environment.Job instance at 0x1525a5671780>,75,2,[8 2],114,134,136,20,129
1,<environment.Job instance at 0x1525a5671b90>,76,2,[5 2],115,134,136,19,130
1,<environment.Job instance at 0x1525a5671be0>,78,2,[5 2],119,136,138,17,132
1,<environment.Job instance at 0x1525a553e1e0>,79,2,[2 7],121,138,140,17,133
1,<environment.Job instance at 0x1525a553ebe0>,81,1,[1 5],124,136,137,12,135
1,<environment.Job instance at 0x1525a553e370>,82,2,[1 9],125,151,153,26,135
1,<environment.Job instance at 0x1525a5671500>,70,16,[7 1],108,138,154,30,138
1,<environment.Job instance at 0x1525a553ee60>,83,17,[1 7],126,153,170,27,152
1,<environment.Job instance at 0x1525a55b1be0>,96,2,[12  1],142,154,156,12,152
1,<environment.Job instance at 0x1525a5559be0>,97,3,[9 2],143,156,159,13,152
1,<environment.Job instance at 0x1525a55596e0>,98,27,[5 1],144,156,183,12,154
1,<environment.Job instance at 0x1525a56ed2d0>,17,16,[6 1],27,178,194,151,178
1,<environment.Job instance at 0x1525a5559af0>,101,2,[5 1],147,183,185,36,178
1,<environment.Job instance at 0x1525a5559370>,102,1,[6 1],149,185,186,36,178
1,<environment.Job instance at 0x1525a5906c30>,0,1,[8 1],1,2,3,1,2
1,<environment.Job instance at 0x15259ee35050>,12,2,[1 6],18,24,26,6,24
1,<environment.Job instance at 0x15259bae8f00>,14,2,[ 1 10],21,26,28,5,24
1,<environment.Job instance at 0x15259ba32c80>,21,26,[1 7],30,31,57,1,31
1,<environment.Job instance at 0x15259b957af0>,31,3,[13  2],42,57,60,15,57
1,<environment.Job instance at 0x15259b955820>,38,25,[2 6],51,58,83,7,58
1,<environment.Job instance at 0x15259bae8dc0>,10,3,[8 2],14,95,98,81,95
1,<environment.Job instance at 0x15259d33f0a0>,52,2,[1 5],76,99,101,23,99
1,<environment.Job instance at 0x15259bab3820>,49,12,[1 8],72,128,140,56,128
1,<environment.Job instance at 0x15259f86c0a0>,54,2,[10  1],78,131,133,53,131
1,<environment.Job instance at 0x15259bab34b0>,55,1,[12  2],80,133,134,53,133
1,<environment.Job instance at 0x15259b955550>,37,15,[7 2],49,137,152,88,137
1,<environment.Job instance at 0x15259b956eb0>,57,3,[1 7],83,143,146,60,143
1,<environment.Job instance at 0x15259b956730>,58,3,[5 1],84,144,147,60,144
1,<environment.Job instance at 0x15259b956820>,59,1,[8 1],85,147,148,62,145
1,<environment.Job instance at 0x15259b956230>,60,1,[9 1],86,152,153,66,146
1,<environment.Job instance at 0x15259b956dc0>,61,18,[1 8],87,148,166,61,147
1,<environment.Job instance at 0x15259b956f50>,63,3,[5 2],91,158,161,67,158
1,<environment.Job instance at 0x15259b956f00>,64,1,[6 1],92,161,162,69,161
1,<environment.Job instance at 0x15259b956320>,65,1,[8 1],93,162,163,69,162
1,<environment.Job instance at 0x15259b956b40>,66,22,[1 7],94,163,185,69,163
1,<environment.Job instance at 0x15259b9566e0>,67,13,[9 2],97,201,214,104,201
1,<environment.Job instance at 0x15259b9569b0>,69,2,[7 1],102,214,216,112,203
1,<environment.Job instance at 0x15259b956780>,70,1,[1 8],104,206,207,102,206
1,<environment.Job instance at 0x15259b956550>,71,3,[10  2],105,216,219,111,209
1,<environment.Job instance at 0x15259b956a50>,72,3,[1 5],106,210,213,104,210
1,<environment.Job instance at 0x15259bab3aa0>,51,1,[ 1 13],75,254,255,179,254
1,<environment.Job instance at 0x15259b956d20>,68,18,[7 2],101,277,295,176,277
1,<environment.Job instance at 0x15259b9a6190>,92,1,[13  1],133,295,296,162,295
1,<environment.Job instance at 0x15259b9a6910>,93,22,[7 2],135,296,318,161,295
1,<environment.Job instance at 0x15259f7916e0>,12,3,[6 2],15,17,20,2,17
1,<environment.Job instance at 0x15259f791730>,13,2,[1 6],17,17,19,0,17
1,<environment.Job instance at 0x15259c8d11e0>,14,1,[12  1],18,20,21,2,19
1,<environment.Job instance at 0x1525e0271dc0>,5,16,[8 1],7,22,38,15,22
1,<environment.Job instance at 0x15259f7917d0>,16,1,[7 1],23,38,39,15,38
1,<environment.Job instance at 0x15259c8b9550>,9,26,[10  1],11,39,65,28,38
1,<environment.Job instance at 0x15259b90c3c0>,18,1,[5 2],25,43,44,18,43
1,<environment.Job instance at 0x15259c31b190>,17,2,[2 5],24,66,68,42,66
1,<environment.Job instance at 0x15259b90c9b0>,20,1,[2 5],27,67,68,40,67
1,<environment.Job instance at 0x15259b90c550>,19,14,[10  2],26,77,91,51,77
1,<environment.Job instance at 0x15259df9b820>,22,1,[1 5],29,78,79,49,78
1,<environment.Job instance at 0x1525a56a8be0>,23,1,[8 1],32,91,92,59,78
1,<environment.Job instance at 0x15259bafc3c0>,24,2,[7 1],33,91,93,58,78
1,<environment.Job instance at 0x1525a560ae60>,25,2,[2 7],34,78,80,44,78
1,<environment.Job instance at 0x15259bafc640>,26,1,[5 2],35,80,81,45,78
1,<environment.Job instance at 0x15259fccfb40>,27,1,[1 5],38,81,82,43,80
1,<environment.Job instance at 0x1525a5653c30>,28,2,[6 1],39,92,94,53,80
1,<environment.Job instance at 0x1525a5653230>,29,18,[10  2],40,449,467,409,449
1,<environment.Job instance at 0x15259fccf820>,30,2,[2 6],41,450,452,409,450
1,<environment.Job instance at 0x1525e0957aa0>,31,1,[7 1],42,467,468,425,451
1,<environment.Job instance at 0x1525a25e7500>,32,13,[1 8],43,464,477,421,464
1,<environment.Job instance at 0x15259c7c9be0>,33,3,[ 2 10],44,477,480,433,465
1,<environment.Job instance at 0x15259ed97eb0>,34,1,[1 7],45,473,474,428,473
1,<environment.Job instance at 0x15259f7e9960>,35,18,[2 7],49,480,498,431,475
1,<environment.Job instance at 0x1525a54c9c80>,36,12,[8 2],50,517,529,467,517
1,<environment.Job instance at 0x15259ee35820>,38,2,[ 2 10],55,517,519,462,517
1,<environment.Job instance at 0x1525e0959640>,39,2,[7 1],56,519,521,463,517
1,<environment.Job instance at 0x1525e09599b0>,40,3,[1 5],57,521,524,464,517
1,<environment.Job instance at 0x15259b995320>,41,2,[5 2],58,521,523,463,518
1,<environment.Job instance at 0x15259f906550>,42,1,[10  2],59,529,530,470,518
1,<environment.Job instance at 0x15259f896280>,43,1,[10  1],60,530,531,470,518
1,<environment.Job instance at 0x15259fd25a50>,37,1,[2 9],52,531,532,479,531
1,<environment.Job instance at 0x1525a0f8be60>,45,1,[8 2],63,533,534,470,533
1,<environment.Job instance at 0x1525a54bf4b0>,46,2,[2 9],64,537,539,473,537
1,<environment.Job instance at 0x1525a5501370>,47,3,[9 2],66,537,540,471,537
1,<environment.Job instance at 0x1525a6343190>,48,14,[9 2],68,683,697,615,683
1,<environment.Job instance at 0x1525a6343780>,49,1,[1 5],69,694,695,625,694
1,<environment.Job instance at 0x15259ed9afa0>,50,12,[10  1],71,702,714,631,702
1,<environment.Job instance at 0x1525a61f5a00>,44,16,[10  2],61,1271,1287,1210,1271
1,<environment.Job instance at 0x1525a55b1910>,52,2,[10  1],76,1287,1289,1211,1272
1,<environment.Job instance at 0x1525a55e0e10>,53,1,[2 8],77,1273,1274,1196,1273
1,<environment.Job instance at 0x15259f7f29b0>,55,14,[10  1],81,2595,2609,2514,2595
1,<environment.Job instance at 0x15259c84d910>,56,17,[1 6],83,2610,2627,2527,2610
1,<environment.Job instance at 0x15259c84d320>,57,1,[2 9],84,2610,2611,2526,2610
1,<environment.Job instance at 0x15259c84d0a0>,58,2,[8 1],86,2611,2613,2525,2610
1,<environment.Job instance at 0x15259c325910>,59,2,[9 2],88,2613,2615,2525,2610
1,<environment.Job instance at 0x15259c325870>,60,2,[6 1],89,2611,2613,2522,2611
1,<environment.Job instance at 0x15259c812d70>,62,1,[7 1],91,2615,2616,2524,2615
1,<environment.Job instance at 0x15259c812820>,63,2,[1 6],92,2618,2620,2526,2618
1,<environment.Job instance at 0x15259c812cd0>,64,2,[1 6],93,2620,2622,2527,2618
1,<environment.Job instance at 0x15259c80ec80>,65,3,[6 2],94,2618,2621,2524,2618
1,<environment.Job instance at 0x15259c80eeb0>,66,1,[10  1],96,2621,2622,2525,2619
1,<environment.Job instance at 0x15259c80ee10>,67,3,[6 2],97,2622,2625,2525,2620
1,<environment.Job instance at 0x15259c80e050>,68,1,[2 8],98,2625,2626,2527,2620
1,<environment.Job instance at 0x15259c80e820>,69,1,[6 1],100,2624,2625,2524,2624
1,<environment.Job instance at 0x15259c80e8c0>,70,1,[10  2],101,2626,2627,2525,2625
1,<environment.Job instance at 0x15259c80e910>,71,3,[7 1],103,2627,2630,2524,2625
1,<environment.Job instance at 0x15259c80ef50>,72,3,[2 7],105,2626,2629,2521,2626
1,<environment.Job instance at 0x15259c80ea50>,73,1,[8 1],106,2629,2630,2523,2627
1,<environment.Job instance at 0x15259c80e960>,74,13,[10  1],110,2867,2880,2757,2867
1,<environment.Job instance at 0x15259c80ef00>,75,12,[1 5],112,2870,2882,2758,2870
1,<environment.Job instance at 0x15259c80e4b0>,76,3,[2 7],113,2876,2879,2763,2876
1,<environment.Job instance at 0x15259c80e7d0>,77,18,[2 8],114,2882,2900,2768,2882
1,<environment.Job instance at 0x15259c80e2d0>,78,2,[1 9],116,2900,2902,2784,2884
1,<environment.Job instance at 0x15259c80e1e0>,79,1,[1 8],117,2902,2903,2785,2891
1,<environment.Job instance at 0x15259c80e140>,80,3,[ 1 10],118,2903,2906,2785,2892
1,<environment.Job instance at 0x15259c80e0a0>,81,2,[1 5],119,2892,2894,2773,2892
1,<environment.Job instance at 0x15259c8cfa00>,2,2,[8 1],3,3,5,0,3
1,<environment.Job instance at 0x15259b84bf00>,8,3,[9 1],13,13,16,0,13
1,<environment.Job instance at 0x15259b84be60>,17,2,[2 7],25,25,27,0,25
1,<environment.Job instance at 0x15259b84f5f0>,27,2,[2 9],42,47,49,5,47
1,<environment.Job instance at 0x15259b84f500>,25,3,[1 8],39,68,71,29,68
1,<environment.Job instance at 0x15259eddc500>,4,12,[13  2],6,72,84,66,72
1,<environment.Job instance at 0x15259f732640>,20,1,[6 2],30,84,85,54,79
1,<environment.Job instance at 0x15259eddd870>,44,1,[2 7],66,80,81,14,80
1,<environment.Job instance at 0x15259b84f960>,28,16,[1 8],43,81,97,38,80
1,<environment.Job instance at 0x15259edddcd0>,47,3,[1 8],70,97,100,27,80
1,<environment.Job instance at 0x15259edd8aa0>,55,13,[8 2],82,87,100,5,87
1,<environment.Job instance at 0x15259edd8500>,57,12,[ 2 10],88,107,119,19,107
1,<environment.Job instance at 0x15259edddc80>,46,16,[2 5],68,119,135,51,119
1,<environment.Job instance at 0x15259f926d70>,67,2,[10  2],103,123,125,20,123
1,<environment.Job instance at 0x1525a624d7d0>,68,1,[11  1],104,128,129,24,128
1,<environment.Job instance at 0x1525a624d230>,69,3,[8 1],106,130,133,24,130
1,<environment.Job instance at 0x15259f926eb0>,66,3,[1 8],102,139,142,37,139
1,<environment.Job instance at 0x15259ea463c0>,71,3,[1 9],108,163,166,55,163
1,<environment.Job instance at 0x15259ea46780>,72,3,[9 1],109,165,168,56,165
1,<environment.Job instance at 0x15259ea460f0>,73,3,[6 1],110,166,169,56,166
1,<environment.Job instance at 0x15259ea46370>,74,3,[1 8],112,170,173,58,170
1,<environment.Job instance at 0x15259ea46e10>,75,2,[5 1],113,173,175,60,173
1,<environment.Job instance at 0x15259ea466e0>,76,2,[2 9],114,175,177,61,175
1,<environment.Job instance at 0x15259ea469b0>,77,2,[2 8],115,177,179,62,176
1,<environment.Job instance at 0x15259ea46410>,78,1,[2 6],117,179,180,62,179
1,<environment.Job instance at 0x15259b983460>,79,3,[10  2],120,181,184,61,181
1,<environment.Job instance at 0x15259edd40a0>,80,2,[8 1],121,184,186,63,181
1,<environment.Job instance at 0x1525a426f3c0>,81,1,[2 9],123,186,187,63,186
1,<environment.Job instance at 0x15259f8c4370>,82,1,[7 2],124,188,189,64,188
1,<environment.Job instance at 0x15259f74d690>,83,3,[2 7],126,195,198,69,195
1,<environment.Job instance at 0x15259d335320>,84,1,[10  1],127,196,197,69,196
1,<environment.Job instance at 0x15259ea612d0>,85,15,[1 7],128,574,589,446,574
1,<environment.Job instance at 0x15259edea230>,86,15,[5 1],129,589,604,460,589
1,<environment.Job instance at 0x15259ea61410>,87,2,[2 9],130,596,598,466,596
1,<environment.Job instance at 0x15259edeaaa0>,88,18,[2 7],131,616,634,485,616
1,<environment.Job instance at 0x15259edea320>,89,3,[1 5],132,634,637,502,634
1,<environment.Job instance at 0x15259edead20>,90,3,[1 6],133,640,643,507,640
1,<environment.Job instance at 0x15259f7533c0>,91,2,[2 6],134,643,645,509,643
1,<environment.Job instance at 0x15259edeac80>,92,1,[9 1],135,643,644,508,643
1,<environment.Job instance at 0x15259f82d190>,93,1,[ 2 10],136,645,646,509,645
1,<environment.Job instance at 0x15259ec5fdc0>,94,2,[1 8],138,646,648,508,645
1,<environment.Job instance at 0x15259edea640>,95,16,[5 1],139,751,767,612,751
1,<environment.Job instance at 0x1525a557f730>,48,17,[8 2],73,795,812,722,795
1,<environment.Job instance at 0x1525a553f550>,97,3,[10  2],142,812,815,670,799
1,<environment.Job instance at 0x1525a553f0f0>,98,1,[1 7],144,811,812,667,811
1,<environment.Job instance at 0x15259bc16fa0>,99,3,[1 6],145,811,814,666,811
1,<environment.Job instance at 0x15259f96b690>,100,2,[5 2],146,814,816,668,812
1,<environment.Job instance at 0x15259b8f00f0>,101,16,[8 1],148,1118,1134,970,1118
1,<environment.Job instance at 0x15259eeb6dc0>,102,1,[9 2],149,1134,1135,985,1124
1,<environment.Job instance at 0x15259edd87d0>,65,3,[ 1 14],97,1242,1245,1145,1242
1,<environment.Job instance at 0x15259b84fd70>,31,17,[10  2],46,1430,1447,1384,1430
1,<environment.Job instance at 0x1525a55631e0>,11,1,[1 5],12,19,20,7,19
1,<environment.Job instance at 0x1525a63100a0>,6,2,[11  2],7,19,21,12,19
1,<environment.Job instance at 0x1525a5563b40>,14,3,[8 2],16,21,24,5,19
1,<environment.Job instance at 0x1525a25f5aa0>,17,15,[7 2],20,21,36,1,20
1,<environment.Job instance at 0x1525a7bee8c0>,34,2,[7 1],49,58,60,9,58
1,<environment.Job instance at 0x1525a4289b40>,39,3,[5 1],56,61,64,5,61
1,<environment.Job instance at 0x1525a42893c0>,40,2,[5 2],57,61,63,4,61
1,<environment.Job instance at 0x1525a428d820>,47,2,[ 2 14],68,87,89,19,87
1,<environment.Job instance at 0x1525a428da50>,48,2,[10  1],70,87,89,17,87
1,<environment.Job instance at 0x1525a5573be0>,41,13,[ 2 12],60,89,102,29,87
1,<environment.Job instance at 0x1525a428d780>,51,16,[7 1],75,89,105,14,87
1,<environment.Job instance at 0x1525a428d960>,58,16,[7 1],83,102,118,19,101
1,<environment.Job instance at 0x1525a0f76460>,62,1,[ 1 10],88,103,104,15,103
1,<environment.Job instance at 0x1525a42652d0>,63,1,[8 2],90,105,106,15,103
1,<environment.Job instance at 0x1525a25ee050>,70,15,[7 2],98,141,156,43,141
1,<environment.Job instance at 0x1525a25eeb90>,78,1,[14  2],112,156,157,44,153
1,<environment.Job instance at 0x15259f770a50>,80,3,[ 2 13],114,165,168,51,165
1,<environment.Job instance at 0x15259f770be0>,81,2,[7 1],116,165,167,49,165
1,<environment.Job instance at 0x15259f770140>,83,17,[8 1],122,167,184,45,165
1,<environment.Job instance at 0x1525a55d3af0>,91,2,[2 8],132,168,170,36,166
1,<environment.Job instance at 0x1525a5553190>,7,22,[9 1],11,11,33,0,11
1,<environment.Job instance at 0x1525a5553a50>,12,18,[8 1],16,33,51,17,23
1,<environment.Job instance at 0x1525a556ffa0>,18,23,[6 1],23,23,46,0,23
1,<environment.Job instance at 0x1525a25d9eb0>,23,3,[11  1],28,51,54,23,49
1,<environment.Job instance at 0x1525a552f320>,35,2,[2 6],50,51,53,1,51
1,<environment.Job instance at 0x1525a552fbe0>,36,14,[1 8],51,55,69,4,55
1,<environment.Job instance at 0x1525a552f3c0>,38,2,[10  2],53,55,57,2,55
1,<environment.Job instance at 0x15259edd76e0>,44,1,[1 7],61,61,62,0,61
1,<environment.Job instance at 0x15259edd7690>,45,2,[2 8],62,69,71,7,62
1,<environment.Job instance at 0x15259edd7aa0>,46,3,[8 1],63,63,66,0,63
1,<environment.Job instance at 0x15259edd7fa0>,47,2,[2 6],64,64,66,0,64
1,<environment.Job instance at 0x15259edd7d20>,50,2,[2 9],69,71,73,2,69
1,<environment.Job instance at 0x15259edd7e10>,51,2,[5 1],70,70,72,0,70
1,<environment.Job instance at 0x15259edd70f0>,52,3,[ 2 12],71,73,76,2,72
1,<environment.Job instance at 0x15259edd7820>,54,16,[7 1],74,74,90,0,74
1,<environment.Job instance at 0x1525f0086550>,56,19,[10  1],77,90,109,13,80
1,<environment.Job instance at 0x1525f0086d20>,58,1,[2 9],81,82,83,1,82
1,<environment.Job instance at 0x1525f00866e0>,59,2,[ 2 10],82,83,85,1,82
1,<environment.Job instance at 0x15259ebf40f0>,60,3,[2 9],83,88,91,5,88
1,<environment.Job instance at 0x1525f0086500>,62,3,[10  2],86,109,112,23,89
1,<environment.Job instance at 0x15259fcc9050>,16,17,[1 9],21,126,143,105,126
1,<environment.Job instance at 0x15259eafdbe0>,64,2,[8 1],88,129,131,41,129
1,<environment.Job instance at 0x15259eafd6e0>,65,1,[2 6],89,131,132,42,129
1,<environment.Job instance at 0x15259eafde60>,66,1,[9 2],90,132,133,42,129
1,<environment.Job instance at 0x15259eafd1e0>,67,2,[ 1 10],91,143,145,52,129
1,<environment.Job instance at 0x15259eafd460>,68,3,[10  2],92,142,145,50,142
1,<environment.Job instance at 0x15259eafd5a0>,78,12,[2 6],106,145,157,39,143
1,<environment.Job instance at 0x15259eafd320>,81,1,[8 2],110,148,149,38,148
1,<environment.Job instance at 0x15259eafd050>,82,3,[10  2],111,151,154,40,151
1,<environment.Job instance at 0x15259eafd280>,84,2,[14  1],113,157,159,44,151
1,<environment.Job instance at 0x15259eafdcd0>,85,22,[6 2],114,159,181,45,152
1,<environment.Job instance at 0x1525a25f5af0>,89,1,[12  2],118,181,182,63,176
1,<environment.Job instance at 0x15259bba4820>,101,2,[2 5],141,181,183,40,181
1,<environment.Job instance at 0x15259bd32f50>,103,2,[6 2],143,182,184,39,181
1,<environment.Job instance at 0x15259bd32780>,104,2,[1 8],144,181,183,37,181
1,<environment.Job instance at 0x15259bd32be0>,105,21,[2 5],145,183,204,38,181
1,<environment.Job instance at 0x15259eafd730>,75,12,[1 6],103,242,254,139,242
1,<environment.Job instance at 0x15259f77e500>,0,20,[14  1],3,4,24,1,4
1,<environment.Job instance at 0x15259bc322d0>,9,16,[2 5],14,24,40,10,24
1,<environment.Job instance at 0x15259bc23b90>,15,3,[ 1 12],21,55,58,34,55
1,<environment.Job instance at 0x15259bedbdc0>,17,3,[2 5],23,66,69,43,66
1,<environment.Job instance at 0x15259c821e10>,26,1,[7 2],39,80,81,41,80
1,<environment.Job instance at 0x15259c836320>,27,1,[ 1 10],40,82,83,42,82
1,<environment.Job instance at 0x15259becbf50>,25,17,[9 1],38,96,113,58,96
1,<environment.Job instance at 0x15259c836aa0>,29,3,[2 6],42,97,100,55,97
1,<environment.Job instance at 0x15259c836f50>,30,27,[1 5],45,101,128,56,101
1,<environment.Job instance at 0x15259c836280>,31,2,[2 5],47,116,118,69,116
1,<environment.Job instance at 0x15259c836050>,32,2,[8 2],48,118,120,70,118
1,<environment.Job instance at 0x15259c836780>,33,14,[ 1 11],50,128,142,78,127
1,<environment.Job instance at 0x15259c836690>,35,3,[2 6],53,142,145,89,137
1,<environment.Job instance at 0x15259c836370>,36,18,[9 1],55,213,231,158,213
1,<environment.Job instance at 0x15259c836910>,37,3,[14  2],56,231,234,175,223
1,<environment.Job instance at 0x15259c836730>,39,3,[9 2],59,234,237,175,223
1,<environment.Job instance at 0x15259c8365a0>,40,16,[1 7],60,237,253,177,237
1,<environment.Job instance at 0x15259ee4a410>,43,3,[6 2],63,251,254,188,251
1,<environment.Job instance at 0x15259ee4aaf0>,44,3,[7 1],64,251,254,187,251
1,<environment.Job instance at 0x15259ee4a6e0>,45,17,[1 7],65,265,282,200,265
1,<environment.Job instance at 0x15259ee4a730>,46,1,[8 1],66,280,281,214,280
1,<environment.Job instance at 0x15259ee4a190>,47,1,[1 5],67,281,282,214,281
1,<environment.Job instance at 0x1525a55f9870>,48,1,[ 1 10],69,282,283,213,281
1,<environment.Job instance at 0x1525a55f9460>,49,2,[6 1],72,286,288,214,286
1,<environment.Job instance at 0x15259ee4af50>,50,1,[8 1],73,286,287,213,286
1,<environment.Job instance at 0x15259ee4a5a0>,51,1,[9 1],74,287,288,213,286
1,<environment.Job instance at 0x15259bedd820>,52,2,[5 2],75,288,290,213,287
1,<environment.Job instance at 0x15259bedda50>,53,3,[5 2],77,292,295,215,292
1,<environment.Job instance at 0x15259c8368c0>,41,13,[5 1],61,307,320,246,307
1,<environment.Job instance at 0x15259eb77b40>,54,13,[7 2],78,357,370,279,357
1,<environment.Job instance at 0x15259eb77dc0>,56,3,[1 9],80,363,366,283,363
1,<environment.Job instance at 0x15259ee294b0>,57,3,[1 6],84,366,369,282,364
1,<environment.Job instance at 0x15259ee29050>,58,3,[2 5],85,371,374,286,371
1,<environment.Job instance at 0x15259ee290a0>,59,27,[ 2 10],86,371,398,285,371
1,<environment.Job instance at 0x15259ee295f0>,60,18,[1 9],87,411,429,324,411
1,<environment.Job instance at 0x15259c832280>,65,2,[1 5],94,440,442,346,440
1,<environment.Job instance at 0x15259c832f00>,66,3,[9 1],95,440,443,345,440
1,<environment.Job instance at 0x15259c832320>,67,19,[2 5],96,441,460,345,441
1,<environment.Job instance at 0x15259eb7ae60>,69,2,[9 2],98,444,446,346,444
1,<environment.Job instance at 0x15259eb7a7d0>,71,3,[2 7],100,452,455,352,452
1,<environment.Job instance at 0x15259eb7a730>,72,2,[9 2],101,454,456,353,454
1,<environment.Job instance at 0x15259d352dc0>,73,3,[ 1 14],102,460,463,358,455
1,<environment.Job instance at 0x15259d352be0>,74,1,[2 9],104,456,457,352,455
1,<environment.Job instance at 0x15259eb6e0f0>,75,1,[1 8],106,457,458,351,457
1,<environment.Job instance at 0x15259eb6efa0>,77,2,[ 1 10],108,458,460,350,457
1,<environment.Job instance at 0x15259eb6e6e0>,78,3,[8 2],109,463,466,354,460
1,<environment.Job instance at 0x15259eb6edc0>,79,12,[6 2],111,470,482,359,470
1,<environment.Job instance at 0x15259eb6e780>,80,16,[1 5],112,570,586,458,570
1,<environment.Job instance at 0x15259ee361e0>,88,1,[9 1],122,586,587,464,586
1,<environment.Job instance at 0x15259ee3bf00>,89,2,[2 5],123,588,590,465,588
1,<environment.Job instance at 0x15259ee3bb40>,90,1,[10  1],125,588,589,463,588
1,<environment.Job instance at 0x15259ee3be10>,91,1,[5 2],127,590,591,463,590
1,<environment.Job instance at 0x15259ee3b870>,92,27,[5 1],129,622,649,493,622
1,<environment.Job instance at 0x15259ee3b5f0>,93,3,[2 7],132,647,650,515,647
1,<environment.Job instance at 0x15259ee3baf0>,94,2,[8 1],133,652,654,519,652
1,<environment.Job instance at 0x15259ee3b230>,95,25,[ 1 10],134,652,677,518,652
1,<environment.Job instance at 0x15259ee4d820>,96,2,[1 9],136,677,679,541,675
1,<environment.Job instance at 0x15259ee4d190>,97,3,[1 6],137,695,698,558,695
1,<environment.Job instance at 0x15259ee4d1e0>,98,3,[1 9],138,696,699,558,696
1,<environment.Job instance at 0x15259ee4d2d0>,99,2,[2 7],142,699,701,557,697
1,<environment.Job instance at 0x15259ee4d280>,100,2,[9 1],145,708,710,563,708
1,<environment.Job instance at 0x15259ee4dfa0>,101,1,[1 8],147,711,712,564,711
1,<environment.Job instance at 0x15259ee4dc30>,102,2,[9 1],148,715,717,567,715
1,<environment.Job instance at 0x15259c7dad70>,23,2,[ 1 11],35,1096,1098,1061,1096
1,<environment.Job instance at 0x15259f8bae10>,1,23,[2 9],3,3,26,0,3
1,<environment.Job instance at 0x15259ba8e870>,9,2,[ 1 10],12,26,28,14,12
1,<environment.Job instance at 0x15259fc904b0>,4,24,[8 1],6,12,36,6,12
1,<environment.Job instance at 0x15259c0adc80>,12,14,[2 9],18,28,42,10,18
1,<environment.Job instance at 0x15259f943f50>,20,1,[ 1 10],28,42,43,14,29
1,<environment.Job instance at 0x15259fc90460>,2,14,[ 1 13],4,63,77,59,63
1,<environment.Job instance at 0x1525e028b230>,22,12,[1 9],31,251,263,220,251
1,<environment.Job instance at 0x15259f943d20>,21,18,[1 9],29,263,281,234,258
1,<environment.Job instance at 0x15259f943640>,23,3,[1 9],32,295,298,263,295
1,<environment.Job instance at 0x1525f0060870>,25,3,[9 2],34,297,300,263,297
1,<environment.Job instance at 0x1525f0071640>,26,3,[8 2],36,327,330,291,327
1,<environment.Job instance at 0x15259ba8ef00>,8,17,[10  2],10,696,713,686,696
1,<environment.Job instance at 0x15259ee03aa0>,28,2,[1 6],39,696,698,657,696
1,<environment.Job instance at 0x15259eb12c30>,30,1,[6 2],41,846,847,805,846
1,<environment.Job instance at 0x15259d35be10>,31,2,[1 7],43,856,858,813,856
1,<environment.Job instance at 0x1525a55f5d70>,19,1,[ 1 12],27,861,862,834,861
1,<environment.Job instance at 0x15259d35b140>,33,2,[2 8],45,862,864,817,861
1,<environment.Job instance at 0x15259bd764b0>,38,1,[5 2],51,862,863,811,862
1,<environment.Job instance at 0x15259ee03550>,27,17,[2 7],38,863,880,825,862
1,<environment.Job instance at 0x15259ba4ec80>,42,1,[13  2],55,869,870,814,869
1,<environment.Job instance at 0x15259ba4e780>,44,17,[14  2],58,881,898,823,881
1,<environment.Job instance at 0x15259f79d050>,55,2,[1 6],70,888,890,818,888
1,<environment.Job instance at 0x15259f79d0f0>,57,1,[ 2 10],73,898,899,825,889
1,<environment.Job instance at 0x1525f1f07640>,60,15,[10  2],78,898,913,820,898
1,<environment.Job instance at 0x15259ba352d0>,70,22,[10  1],90,913,935,823,908
1,<environment.Job instance at 0x15259ba35dc0>,71,20,[9 2],91,935,955,844,926
1,<environment.Job instance at 0x15259ba35c30>,81,2,[2 8],103,926,928,823,926
1,<environment.Job instance at 0x15259ba35550>,82,1,[8 2],104,955,956,851,927
1,<environment.Job instance at 0x15259ba35fa0>,83,2,[6 1],107,935,937,828,927
1,<environment.Job instance at 0x15259ba35a50>,84,1,[5 2],110,928,929,818,927
1,<environment.Job instance at 0x15259ebe4780>,85,1,[9 2],111,956,957,845,928
1,<environment.Job instance at 0x15259ebe4730>,86,2,[8 2],112,957,959,845,930
1,<environment.Job instance at 0x15259ebe4460>,87,1,[6 2],113,937,938,824,930
1,<environment.Job instance at 0x15259ebe4be0>,88,3,[ 2 10],115,930,933,815,930
1,<environment.Job instance at 0x15259ebe4fa0>,92,25,[2 5],120,938,963,818,935
1,<environment.Job instance at 0x15259f88ba00>,112,17,[9 1],147,981,998,834,981
1,<environment.Job instance at 0x15259f88be10>,113,27,[5 1],148,982,1009,834,982
1,<environment.Job instance at 0x15259b3c3e10>,1,27,[9 2],3,3,30,0,3
1,<environment.Job instance at 0x15259b97a2d0>,15,1,[2 5],29,29,30,0,29
1,<environment.Job instance at 0x1525a6298870>,10,3,[ 1 12],19,30,33,11,30
1,<environment.Job instance at 0x15259bd17910>,17,20,[9 1],35,35,55,0,35
1,<environment.Job instance at 0x15259f8bf280>,18,1,[9 1],36,55,56,19,36
1,<environment.Job instance at 0x1525a6298780>,19,1,[2 9],38,38,39,0,38
1,<environment.Job instance at 0x15259ee6d5a0>,20,1,[1 7],39,39,40,0,39
1,<environment.Job instance at 0x15259b97a320>,13,14,[7 1],26,56,70,30,48
1,<environment.Job instance at 0x1525a55588c0>,30,3,[1 6],53,53,56,0,53
1,<environment.Job instance at 0x1525a55583c0>,31,1,[2 6],54,54,55,0,54
1,<environment.Job instance at 0x15259bb871e0>,32,2,[ 2 10],55,56,58,1,55
1,<environment.Job instance at 0x1525a5671140>,36,3,[5 1],60,62,65,2,62
1,<environment.Job instance at 0x15259c7aab90>,38,1,[2 7],63,64,65,1,64
1,<environment.Job instance at 0x15259bb87f50>,40,3,[9 2],65,70,73,5,66
1,<environment.Job instance at 0x15259ee14af0>,42,17,[5 2],68,68,85,0,68
1,<environment.Job instance at 0x15259ee14be0>,43,1,[2 9],69,69,70,0,69
1,<environment.Job instance at 0x15259bb879b0>,33,16,[9 2],56,80,96,24,80
1,<environment.Job instance at 0x15259eaa8d70>,54,1,[1 7],84,84,85,0,84
1,<environment.Job instance at 0x1525e0957aa0>,56,1,[ 1 11],86,88,89,2,88
1,<environment.Job instance at 0x15259ecb65f0>,59,3,[9 1],92,96,99,4,92
1,<environment.Job instance at 0x15259ecb6b40>,61,2,[7 1],98,99,101,1,98
1,<environment.Job instance at 0x15259f870370>,47,15,[7 2],73,99,114,26,99
1,<environment.Job instance at 0x15259ecb6280>,63,18,[1 9],100,101,119,1,101
1,<environment.Job instance at 0x15259ecb67d0>,67,2,[1 5],106,114,116,8,106
1,<environment.Job instance at 0x15259bca7190>,72,17,[14  2],112,116,133,4,116
1,<environment.Job instance at 0x15259f98f6e0>,77,16,[2 8],117,133,149,16,120
1,<environment.Job instance at 0x1525a61c4a50>,75,18,[2 7],115,133,151,18,124
1,<environment.Job instance at 0x15259ed90870>,85,1,[10  1],126,149,150,23,126
1,<environment.Job instance at 0x15259ed90be0>,86,3,[8 2],127,150,153,23,144
1,<environment.Job instance at 0x15259ed90a00>,84,2,[2 6],125,156,158,31,156
1,<environment.Job instance at 0x15259ed90c30>,89,1,[1 5],130,160,161,30,160
1,<environment.Job instance at 0x15259ed90140>,90,2,[2 5],131,186,188,55,186
1,<environment.Job instance at 0x15259ed90910>,88,14,[6 1],129,204,218,75,204
1,<environment.Job instance at 0x15259ed90e60>,92,3,[ 1 10],133,204,207,71,204
1,<environment.Job instance at 0x15259ed901e0>,91,3,[8 2],132,217,220,85,217
1,<environment.Job instance at 0x15259ed906e0>,93,13,[5 2],134,593,606,459,593
1,<environment.Job instance at 0x15259ed90280>,94,18,[2 8],135,815,833,680,815
1,<environment.Job instance at 0x15259ed90500>,96,3,[7 1],137,834,837,697,834
1,<environment.Job instance at 0x15259ed90050>,97,2,[5 1],138,838,840,700,838
1,<environment.Job instance at 0x15259ed905a0>,98,14,[10  2],139,841,855,702,841
1,<environment.Job instance at 0x15259ed90370>,99,26,[ 1 10],140,842,868,702,842
1,<environment.Job instance at 0x15259ed900a0>,95,17,[6 1],136,878,895,742,878
1,<environment.Job instance at 0x15259ed90c80>,101,15,[1 7],142,880,895,738,880
1,<environment.Job instance at 0x15259ed90a50>,102,1,[6 1],144,881,882,737,881
1,<environment.Job instance at 0x15259ed90af0>,103,17,[1 5],145,886,903,741,886
1,<environment.Job instance at 0x15259c82deb0>,105,3,[9 1],147,895,898,748,889
1,<environment.Job instance at 0x15259c82d140>,106,1,[2 9],148,895,896,747,889
1,<environment.Job instance at 0x15259ed90320>,100,17,[9 1],141,919,936,778,919
1,<environment.Job instance at 0x1525a6298be0>,16,22,[9 2],30,936,958,906,929
1,<environment.Job instance at 0x15259ed90d70>,87,3,[ 2 13],128,961,964,833,961
1,<environment.Job instance at 0x15259fc19c30>,2,26,[7 2],4,4,30,0,4
1,<environment.Job instance at 0x15259ed0c4b0>,14,19,[1 5],25,31,50,6,31
1,<environment.Job instance at 0x1525a56ee5f0>,37,3,[8 1],58,63,66,5,63
1,<environment.Job instance at 0x1525a260baa0>,39,1,[ 1 11],60,69,70,9,69
1,<environment.Job instance at 0x1525a56ee050>,40,1,[2 8],61,72,73,11,72
1,<environment.Job instance at 0x1525e0283d70>,48,3,[6 1],73,73,76,0,73
1,<environment.Job instance at 0x15259c05ffa0>,36,1,[11  1],57,92,93,35,92
1,<environment.Job instance at 0x15259ea120a0>,58,26,[9 1],92,93,119,1,93
1,<environment.Job instance at 0x15259be37a00>,54,16,[7 2],82,122,138,40,122
1,<environment.Job instance at 0x15259ea12b40>,60,13,[9 2],95,138,151,43,134
1,<environment.Job instance at 0x15259ea12dc0>,64,3,[10  1],99,151,154,52,135
1,<environment.Job instance at 0x15259ea12d20>,65,3,[2 9],101,135,138,34,135
1,<environment.Job instance at 0x15259ea12460>,62,1,[ 2 13],97,139,140,42,139
1,<environment.Job instance at 0x15259ea12e10>,63,1,[1 5],98,140,141,42,139
1,<environment.Job instance at 0x1525a61c4910>,72,1,[1 7],113,140,141,27,139
1,<environment.Job instance at 0x15259ea125a0>,66,12,[ 2 11],103,141,153,38,141
1,<environment.Job instance at 0x1525a61c40f0>,77,1,[8 1],120,154,155,34,141
1,<environment.Job instance at 0x1525a61c43c0>,80,2,[2 8],124,153,155,29,142
1,<environment.Job instance at 0x1525a61c4d70>,76,14,[2 7],118,160,174,42,160
1,<environment.Job instance at 0x1525a61c4e60>,85,1,[7 2],133,162,163,29,162
1,<environment.Job instance at 0x1525a61c4780>,86,2,[8 1],134,163,165,29,162
1,<environment.Job instance at 0x1525a61c45f0>,87,18,[7 2],135,171,189,36,171
1,<environment.Job instance at 0x15259bf48c30>,92,14,[6 1],140,175,189,35,175
1,<environment.Job instance at 0x15259bf485f0>,93,1,[10  2],141,189,190,48,175
1,<environment.Job instance at 0x15259bf48eb0>,94,2,[5 1],143,189,191,46,175
1,<environment.Job instance at 0x15259bf48af0>,95,2,[2 7],144,175,177,31,175
1,<environment.Job instance at 0x15259bf48370>,96,23,[1 8],146,190,213,44,184
1,<environment.Job instance at 0x1525a61c4af0>,83,16,[8 2],130,194,210,64,194
1,<environment.Job instance at 0x15259c05f050>,34,25,[5 2],54,266,291,212,266
1,<environment.Job instance at 0x15259bf16280>,9,26,[2 8],15,16,42,1,16
1,<environment.Job instance at 0x15259bc6a4b0>,12,1,[6 1],19,21,22,2,21
1,<environment.Job instance at 0x15259bec7fa0>,13,3,[2 8],20,42,45,22,32
1,<environment.Job instance at 0x15259bc6a3c0>,11,2,[13  1],17,44,46,27,44
1,<environment.Job instance at 0x1525a0f826e0>,14,19,[1 5],23,45,64,22,44
1,<environment.Job instance at 0x15259f8e4460>,15,3,[2 7],25,46,49,21,44
1,<environment.Job instance at 0x15259ba355f0>,18,2,[9 2],29,46,48,17,44
1,<environment.Job instance at 0x15259fc25320>,20,1,[6 1],33,48,49,15,44
1,<environment.Job instance at 0x15259bc10fa0>,21,2,[1 6],34,49,51,15,44
1,<environment.Job instance at 0x1525a565e8c0>,24,1,[7 2],40,56,57,16,56
1,<environment.Job instance at 0x1525a565e780>,25,1,[8 1],41,57,58,16,56
1,<environment.Job instance at 0x1525a0f76050>,23,2,[ 2 14],39,64,66,25,64
1,<environment.Job instance at 0x1525a565e0f0>,26,17,[ 2 10],42,66,83,24,64
1,<environment.Job instance at 0x1525e04ebb90>,42,28,[1 6],66,83,111,17,82
1,<environment.Job instance at 0x1525e04eb2d0>,43,2,[1 9],69,83,85,14,82
1,<environment.Job instance at 0x1525e04eb690>,44,3,[7 2],72,85,88,13,82
1,<environment.Job instance at 0x1525e04eb1e0>,45,2,[6 2],73,85,87,12,82
1,<environment.Job instance at 0x1525e04eb960>,46,1,[10  1],75,82,83,7,82
1,<environment.Job instance at 0x1525e04ebdc0>,47,3,[6 2],77,87,90,10,82
1,<environment.Job instance at 0x15259b8e3550>,48,2,[1 9],79,90,92,11,82
1,<environment.Job instance at 0x1525a61667d0>,49,3,[1 9],81,92,95,11,82
1,<environment.Job instance at 0x1525a0f76be0>,22,12,[2 5],36,95,107,59,82
1,<environment.Job instance at 0x15259b325460>,50,2,[5 1],83,88,90,5,84
1,<environment.Job instance at 0x1525a0f9fa00>,52,13,[10  2],85,95,108,10,91
1,<environment.Job instance at 0x15259c0205f0>,59,1,[9 1],93,108,109,15,93
1,<environment.Job instance at 0x15259b3e18c0>,61,27,[9 1],95,109,136,14,107
1,<environment.Job instance at 0x15259c858b90>,80,3,[ 2 12],124,140,143,16,140
1,<environment.Job instance at 0x1525a6184b90>,81,3,[8 2],125,140,143,15,140
1,<environment.Job instance at 0x1525a6184e10>,82,1,[8 2],126,143,144,17,140
1,<environment.Job instance at 0x15259c0e10a0>,84,1,[1 8],128,144,145,16,144
1,<environment.Job instance at 0x15259c0e1be0>,86,1,[8 1],131,144,145,13,144
1,<environment.Job instance at 0x15259c0e1910>,87,1,[5 2],133,144,145,11,144
1,<environment.Job instance at 0x15259c0e1640>,88,1,[9 2],135,145,146,10,144
1,<environment.Job instance at 0x15259c0e14b0>,89,1,[ 1 14],136,146,147,10,144
1,<environment.Job instance at 0x15259c0e16e0>,90,2,[1 7],137,147,149,10,144
1,<environment.Job instance at 0x15259c7f8370>,91,1,[9 1],139,146,147,7,144
1,<environment.Job instance at 0x15259c7f8050>,92,15,[5 2],140,147,162,7,144
1,<environment.Job instance at 0x1525a0f6a910>,94,25,[5 1],142,147,172,5,147
1,<environment.Job instance at 0x15259b8b7550>,97,2,[2 9],145,149,151,4,149
1,<environment.Job instance at 0x15259b8b7b40>,98,1,[2 7],146,151,152,5,149
1,<environment.Job instance at 0x15259c0e10f0>,85,27,[1 7],129,176,203,47,176
1,<environment.Job instance at 0x15259ec17730>,1,2,[2 9],3,5,7,2,5
1,<environment.Job instance at 0x15259ee05690>,7,2,[1 5],12,12,14,0,12
1,<environment.Job instance at 0x15259ee05140>,5,1,[ 1 14],10,17,18,7,17
1,<environment.Job instance at 0x15259be18eb0>,11,1,[5 1],18,18,19,0,18
1,<environment.Job instance at 0x15259be18f00>,17,3,[8 2],26,26,29,0,26
1,<environment.Job instance at 0x15259be18fa0>,13,17,[6 1],20,28,45,8,28
1,<environment.Job instance at 0x15259be1deb0>,19,15,[1 6],29,49,64,20,49
1,<environment.Job instance at 0x15259ec0ddc0>,32,3,[6 2],50,50,53,0,50
1,<environment.Job instance at 0x15259ec0d910>,33,2,[6 2],52,52,54,0,52
1,<environment.Job instance at 0x15259ec0db40>,34,2,[9 2],54,54,56,0,54
1,<environment.Job instance at 0x15259b5bf0a0>,35,3,[6 2],56,56,59,0,56
1,<environment.Job instance at 0x15259b5bf4b0>,36,1,[1 9],57,59,60,2,57
1,<environment.Job instance at 0x15259b5bf640>,37,17,[6 1],58,65,82,7,65
1,<environment.Job instance at 0x15259be96cd0>,44,1,[5 1],66,66,67,0,66
1,<environment.Job instance at 0x15259be96190>,45,18,[11  2],68,82,100,14,73
1,<environment.Job instance at 0x15259be18af0>,18,17,[ 1 10],28,74,91,46,74
1,<environment.Job instance at 0x15259edec0a0>,55,3,[2 7],82,99,102,17,99
1,<environment.Job instance at 0x15259b5af280>,70,2,[9 1],103,105,107,2,105
1,<environment.Job instance at 0x15259b5af230>,72,3,[5 1],108,109,112,1,109
1,<environment.Job instance at 0x15259b5afdc0>,74,2,[9 2],111,111,113,0,111
1,<environment.Job instance at 0x15259b5af3c0>,75,2,[2 5],112,112,114,0,112
1,<environment.Job instance at 0x15259beaa2d0>,76,3,[8 1],113,113,116,0,113
1,<environment.Job instance at 0x15259ec2ffa0>,77,1,[2 8],114,114,115,0,114
1,<environment.Job instance at 0x15259b297e60>,78,1,[ 1 10],117,117,118,0,117
1,<environment.Job instance at 0x15259be05eb0>,79,2,[1 8],120,120,122,0,120
1,<environment.Job instance at 0x15259fbbbb90>,80,1,[9 2],121,121,122,0,121
1,<environment.Job instance at 0x15259b2b6a50>,81,2,[2 6],122,122,124,0,122
1,<environment.Job instance at 0x15259ec24b40>,82,15,[7 1],123,123,138,0,123
1,<environment.Job instance at 0x15259b7ce9b0>,85,14,[2 7],127,152,166,25,152
1,<environment.Job instance at 0x15259b5afc80>,73,17,[1 8],109,216,233,107,216
1,<environment.Job instance at 0x1525a6168b90>,10,3,[2 5],14,14,17,0,14
1,<environment.Job instance at 0x1525a6168320>,11,15,[1 5],15,15,30,0,15
1,<environment.Job instance at 0x15259c042500>,12,3,[ 1 14],16,30,33,14,16
1,<environment.Job instance at 0x15259c042aa0>,13,2,[10  2],17,17,19,0,17
1,<environment.Job instance at 0x15259c042d70>,15,2,[ 2 10],20,20,22,0,20
1,<environment.Job instance at 0x15259b354c30>,16,3,[7 1],21,22,25,1,21
1,<environment.Job instance at 0x15259bff0640>,27,2,[14  2],40,44,46,4,44
1,<environment.Job instance at 0x15259bff07d0>,26,2,[1 8],39,46,48,7,46
1,<environment.Job instance at 0x15259b673190>,0,17,[ 1 14],1,48,65,47,48
1,<environment.Job instance at 0x15259b346f00>,33,2,[13  2],49,65,67,16,53
1,<environment.Job instance at 0x15259ee72320>,38,2,[7 1],59,59,61,0,59
1,<environment.Job instance at 0x1525e0035320>,30,15,[6 1],45,67,82,22,60
1,<environment.Job instance at 0x15259ee72be0>,41,3,[ 2 11],65,80,83,15,80
1,<environment.Job instance at 0x1525a62d4550>,43,3,[ 1 13],70,83,86,13,80
1,<environment.Job instance at 0x1525a62d4460>,45,1,[7 1],73,80,81,7,80
1,<environment.Job instance at 0x1525a62d42d0>,46,2,[2 8],75,86,88,11,80
1,<environment.Job instance at 0x15259d352a50>,48,2,[13  1],79,82,84,3,80
1,<environment.Job instance at 0x15259c757a00>,52,1,[6 1],93,93,94,0,93
1,<environment.Job instance at 0x15259c757b40>,53,3,[ 1 10],95,95,98,0,95
1,<environment.Job instance at 0x15259c757be0>,54,3,[2 9],96,98,101,2,96
1,<environment.Job instance at 0x15259c757dc0>,55,2,[1 9],97,101,103,4,97
1,<environment.Job instance at 0x15259c757b90>,56,2,[1 6],99,99,101,0,99
1,<environment.Job instance at 0x15259c7578c0>,57,3,[1 8],100,103,106,3,100
1,<environment.Job instance at 0x15259c7576e0>,58,1,[6 1],102,102,103,0,102
1,<environment.Job instance at 0x15259c757780>,59,2,[10  1],104,104,106,0,104
1,<environment.Job instance at 0x15259c7579b0>,60,15,[1 7],105,106,121,1,105
1,<environment.Job instance at 0x15259b929af0>,62,24,[2 5],107,107,131,0,107
1,<environment.Job instance at 0x15259c7a2870>,74,3,[5 2],125,125,128,0,125
1,<environment.Job instance at 0x15259b938aa0>,78,1,[1 8],131,131,132,0,131
1,<environment.Job instance at 0x15259b9380a0>,79,1,[2 5],132,132,133,0,132
1,<environment.Job instance at 0x15259b938d70>,80,1,[2 6],133,133,134,0,133
1,<environment.Job instance at 0x15259b9382d0>,82,3,[2 5],137,140,143,3,140
1,<environment.Job instance at 0x15259b938e60>,83,2,[9 2],138,140,142,2,140
1,<environment.Job instance at 0x15259c7a2140>,73,2,[1 6],122,142,144,20,142
1,<environment.Job instance at 0x15259b938960>,85,3,[2 5],140,147,150,7,147
1,<environment.Job instance at 0x15259b938a50>,86,2,[1 5],141,147,149,6,147
1,<environment.Job instance at 0x1525a61c4d70>,87,1,[1 6],142,149,150,7,147
1,<environment.Job instance at 0x1525a61c45a0>,89,1,[11  2],144,149,150,5,149
1,<environment.Job instance at 0x15259b938c30>,76,2,[11  1],128,171,173,43,171
1,<environment.Job instance at 0x15259b9fd910>,2,1,[8 1],7,7,8,0,7
1,<environment.Job instance at 0x15259bd55c30>,12,1,[1 8],18,23,24,5,23
1,<environment.Job instance at 0x15259bd555a0>,10,2,[12  2],15,28,30,13,28
1,<environment.Job instance at 0x15259ec817d0>,24,26,[10  2],33,33,59,0,33
1,<environment.Job instance at 0x15259f95e3c0>,31,2,[ 1 12],41,71,73,30,71
1,<environment.Job instance at 0x15259b893820>,14,1,[1 9],20,121,122,101,121
1,<environment.Job instance at 0x15259ea98820>,18,13,[ 2 14],24,123,136,99,123
1,<environment.Job instance at 0x15259f961a50>,45,15,[6 1],70,130,145,60,130
1,<environment.Job instance at 0x15259b5529b0>,49,2,[2 9],75,136,138,61,130
1,<environment.Job instance at 0x1525a0f82b40>,50,26,[1 9],76,138,164,62,135
1,<environment.Job instance at 0x15259b46b690>,52,23,[2 8],78,164,187,86,158
1,<environment.Job instance at 0x1525a629d3c0>,57,3,[ 1 12],84,187,190,103,176
1,<environment.Job instance at 0x15259f7c7d20>,62,25,[6 2],92,176,201,84,176
1,<environment.Job instance at 0x15259f7c7460>,65,28,[ 1 10],98,190,218,92,189
1,<environment.Job instance at 0x1525a54bb370>,73,24,[2 9],107,218,242,111,213
1,<environment.Job instance at 0x1525a54bb190>,77,16,[1 5],115,240,256,125,240
1,<environment.Job instance at 0x1525a54bba50>,82,15,[2 9],121,257,272,136,257
1,<environment.Job instance at 0x15259b63ac30>,84,14,[7 2],123,268,282,145,268
1,<environment.Job instance at 0x15259b63aa50>,87,3,[2 5],129,272,275,143,268
1,<environment.Job instance at 0x15259f7cbd20>,90,1,[7 1],135,275,276,140,268
1,<environment.Job instance at 0x15259f7cb320>,92,18,[1 5],137,274,292,137,274
1,<environment.Job instance at 0x15259b907b40>,81,15,[11  2],119,293,308,174,293
1,<environment.Job instance at 0x15259f7cbb40>,99,2,[1 9],146,311,313,165,311
1,<environment.Job instance at 0x15259f9618c0>,44,28,[ 2 12],68,330,358,262,330
1,<environment.Job instance at 0x15259f9619b0>,42,1,[11  2],64,2118,2119,2054,2118
1,<environment.Job instance at 0x1525a556f2d0>,14,2,[10  1],17,17,19,0,17
1,<environment.Job instance at 0x15259bbf69b0>,12,1,[ 1 12],15,18,19,3,18
1,<environment.Job instance at 0x15259b358640>,22,25,[2 5],28,29,54,1,29
1,<environment.Job instance at 0x1525a5507460>,32,3,[8 2],44,44,47,0,44
1,<environment.Job instance at 0x15259bf23550>,28,27,[10  1],37,53,80,16,53
1,<environment.Job instance at 0x15259bfd6c80>,38,3,[7 1],55,80,83,25,55
1,<environment.Job instance at 0x15259fbfdeb0>,39,3,[2 6],56,56,59,0,56
1,<environment.Job instance at 0x15259bb21640>,48,1,[2 7],73,73,74,0,73
1,<environment.Job instance at 0x15259c7722d0>,26,17,[7 1],33,81,98,48,81
1,<environment.Job instance at 0x15259bb21500>,54,26,[8 2],81,83,109,2,83
1,<environment.Job instance at 0x15259c7f6280>,64,12,[5 1],92,101,113,9,101
1,<environment.Job instance at 0x15259c7f67d0>,67,2,[2 7],97,101,103,4,101
1,<environment.Job instance at 0x15259c7f6960>,68,2,[8 1],98,109,111,11,101
1,<environment.Job instance at 0x15259c7f6230>,69,2,[9 1],100,111,113,11,101
1,<environment.Job instance at 0x15259f920190>,57,16,[8 2],84,113,129,29,101
1,<environment.Job instance at 0x15259c7f60f0>,71,17,[7 1],103,113,130,10,110
1,<environment.Job instance at 0x15259bcbb870>,78,2,[ 1 10],113,129,131,16,113
1,<environment.Job instance at 0x15259bcbbe10>,79,2,[1 6],114,131,133,17,114
1,<environment.Job instance at 0x15259bcbbc30>,80,28,[2 5],118,130,158,12,129
1,<environment.Job instance at 0x15259b2da0f0>,81,3,[7 1],119,131,134,12,129
1,<environment.Job instance at 0x15259b2daeb0>,84,3,[8 1],123,134,137,11,129
1,<environment.Job instance at 0x15259b2da190>,87,15,[10  2],127,147,162,20,147
1,<environment.Job instance at 0x15259b2daa00>,91,2,[9 1],131,162,164,31,149
1,<environment.Job instance at 0x15259b2dadc0>,92,2,[1 6],132,149,151,17,149
1,<environment.Job instance at 0x15259b2da690>,93,15,[8 2],133,164,179,31,153
1,<environment.Job instance at 0x15259b2da320>,94,2,[2 5],135,153,155,18,153
1,<environment.Job instance at 0x15259b2da3c0>,95,14,[13  2],137,179,193,42,171
1,<environment.Job instance at 0x15259b2de780>,97,1,[1 5],139,171,172,32,171
1,<environment.Job instance at 0x15259b2de9b0>,98,3,[9 2],140,193,196,53,171
1,<environment.Job instance at 0x15259b2dec80>,99,1,[2 5],141,171,172,30,171
1,<environment.Job instance at 0x15259b2de690>,100,3,[14  2],142,196,199,54,171
1,<environment.Job instance at 0x15259b2de5a0>,101,2,[2 7],144,172,174,28,171
1,<environment.Job instance at 0x15259b2de820>,103,1,[7 2],146,174,175,28,172
1,<environment.Job instance at 0x15259b2de230>,104,15,[ 2 12],149,199,214,50,191
1,<environment.Job instance at 0x1525a61ebdc0>,2,1,[1 9],4,4,5,0,4
1,<environment.Job instance at 0x1525a54be190>,9,3,[1 9],16,18,21,2,18
1,<environment.Job instance at 0x1525e02810a0>,10,2,[10  2],17,21,23,4,21
1,<environment.Job instance at 0x15259b455780>,11,1,[ 2 10],21,22,23,1,22
1,<environment.Job instance at 0x15259bbd80f0>,4,2,[1 6],9,25,27,16,25
1,<environment.Job instance at 0x15259ed579b0>,13,2,[ 2 10],28,29,31,1,29
1,<environment.Job instance at 0x1525a61abcd0>,14,1,[2 6],29,31,32,2,31
1,<environment.Job instance at 0x1525a61abf50>,15,1,[2 8],30,31,32,1,31
1,<environment.Job instance at 0x15259fd2fcd0>,16,2,[6 2],31,33,35,2,33
1,<environment.Job instance at 0x15259b314320>,17,1,[9 2],32,35,36,3,35
1,<environment.Job instance at 0x15259bc1a0f0>,18,1,[6 2],33,35,36,2,35
1,<environment.Job instance at 0x15259cae5c80>,21,2,[ 2 13],39,945,947,906,945
1,<environment.Job instance at 0x15259ed573c0>,12,12,[2 9],22,1384,1396,1362,1384
1,<environment.Job instance at 0x15259ec5af50>,3,20,[1 5],4,6,26,2,6
1,<environment.Job instance at 0x15259ec5a6e0>,5,2,[1 8],6,23,25,17,23
1,<environment.Job instance at 0x15259ebaa140>,12,25,[2 5],17,25,50,8,23
1,<environment.Job instance at 0x15259bb0a1e0>,31,26,[2 5],44,44,70,0,44
1,<environment.Job instance at 0x15259b4b17d0>,43,1,[2 9],60,68,69,8,68
1,<environment.Job instance at 0x15259c793af0>,46,3,[1 6],64,69,72,5,68
1,<environment.Job instance at 0x15259c793e10>,47,2,[8 1],66,71,73,5,71
1,<environment.Job instance at 0x15259c793cd0>,48,2,[1 7],67,71,73,4,71
1,<environment.Job instance at 0x15259b4b1550>,41,1,[ 1 14],58,73,74,15,73
1,<environment.Job instance at 0x15259c7935f0>,49,3,[9 2],70,74,77,4,73
1,<environment.Job instance at 0x15259c793a50>,52,1,[5 2],75,75,76,0,75
1,<environment.Job instance at 0x15259c793820>,51,1,[7 2],74,77,78,3,76
1,<environment.Job instance at 0x15259c793500>,54,14,[2 8],77,77,91,0,77
1,<environment.Job instance at 0x15259be86a00>,55,12,[7 2],78,78,90,0,78
1,<environment.Job instance at 0x15259b812cd0>,62,3,[7 2],86,90,93,4,87
1,<environment.Job instance at 0x15259b812a50>,63,14,[1 8],87,93,107,6,93
1,<environment.Job instance at 0x15259b8125f0>,67,1,[7 2],91,93,94,2,93
1,<environment.Job instance at 0x15259b8125a0>,70,1,[2 6],95,96,97,1,96
1,<environment.Job instance at 0x15259c7545a0>,71,1,[10  1],97,97,98,0,97
1,<environment.Job instance at 0x15259c7546e0>,72,3,[8 1],101,101,104,0,101
1,<environment.Job instance at 0x15259c754d70>,73,2,[ 1 10],105,107,109,2,105
1,<environment.Job instance at 0x15259c754cd0>,74,14,[1 9],106,109,123,3,109
1,<environment.Job instance at 0x15259f7c7550>,37,17,[6 1],51,121,138,70,121
1,<environment.Job instance at 0x1525f1c3cdc0>,85,1,[12  2],124,138,139,14,124
1,<environment.Job instance at 0x15259c7930f0>,53,12,[1 6],76,137,149,61,137
1,<environment.Job instance at 0x15259c09b370>,94,27,[8 1],136,139,166,3,139
1,<environment.Job instance at 0x15259c09b190>,95,3,[ 2 13],138,158,161,20,158
1,<environment.Job instance at 0x1525e04d5d70>,97,1,[1 7],142,161,162,19,159
1,<environment.Job instance at 0x1525e04d5c30>,98,1,[ 1 10],144,162,163,18,159
1,<environment.Job instance at 0x1525e04d5690>,99,3,[8 2],146,166,169,20,159
1,<environment.Job instance at 0x1525e04d5320>,101,2,[2 8],148,163,165,15,159
1,<environment.Job instance at 0x1525e04d5d20>,100,3,[ 2 13],147,165,168,18,164
1,<environment.Job instance at 0x15259c09bc80>,92,14,[10  1],133,254,268,121,254
1,<environment.Job instance at 0x1525f1c3cb40>,84,15,[14  1],123,276,291,153,276
1,<environment.Job instance at 0x15259ebd5b40>,0,20,[1 7],2,15,35,13,15
1,<environment.Job instance at 0x15259b619960>,17,2,[ 1 13],25,35,37,10,25
1,<environment.Job instance at 0x15259b965a50>,18,1,[5 1],26,26,27,0,26
1,<environment.Job instance at 0x1525a552de10>,11,14,[11  2],17,31,45,14,31
1,<environment.Job instance at 0x15259b965370>,22,17,[6 2],35,45,62,10,39
1,<environment.Job instance at 0x15259b8a51e0>,36,1,[1 9],55,61,62,6,61
1,<environment.Job instance at 0x15259b8a5e60>,37,17,[1 5],56,62,79,6,62
1,<environment.Job instance at 0x15259b689c80>,44,3,[2 5],68,77,80,9,77
1,<environment.Job instance at 0x15259ec2a820>,48,1,[2 5],78,78,79,0,78
1,<environment.Job instance at 0x15259fccf0f0>,49,17,[1 5],79,79,96,0,79
1,<environment.Job instance at 0x15259fc61e10>,54,1,[1 7],86,91,92,5,91
1,<environment.Job instance at 0x1525a25e27d0>,57,15,[1 9],89,92,107,3,92
1,<environment.Job instance at 0x15259b690f00>,59,28,[6 2],93,96,124,3,95
1,<environment.Job instance at 0x15259b690500>,60,12,[9 2],95,107,119,12,96
1,<environment.Job instance at 0x15259ba48cd0>,62,21,[10  2],99,124,145,25,116
1,<environment.Job instance at 0x15259b7739b0>,71,18,[6 2],109,145,163,36,144
1,<environment.Job instance at 0x15259c7b6c30>,19,17,[6 1],27,196,213,169,196
1,<environment.Job instance at 0x15259b313820>,0,13,[9 2],1,21,34,20,21
1,<environment.Job instance at 0x15259ed8e8c0>,12,2,[8 1],16,34,36,18,28
1,<environment.Job instance at 0x15259ed8e0f0>,7,2,[ 2 14],10,34,36,24,32
1,<environment.Job instance at 0x1525a5643a00>,22,1,[2 6],38,40,41,2,40
1,<environment.Job instance at 0x1525a5643960>,24,1,[12  1],40,41,42,1,41
1,<environment.Job instance at 0x15259b412690>,26,3,[5 1],42,42,45,0,42
1,<environment.Job instance at 0x15259b412aa0>,28,1,[ 2 10],44,46,47,2,46
1,<environment.Job instance at 0x15259b4129b0>,27,12,[1 7],43,47,59,4,47
1,<environment.Job instance at 0x15259b412f00>,30,20,[5 2],46,54,74,8,54
1,<environment.Job instance at 0x15259b412870>,29,3,[2 9],45,73,76,28,73
1,<environment.Job instance at 0x15259b7c2d20>,36,27,[1 8],55,76,103,21,75
1,<environment.Job instance at 0x15259b7c2730>,43,2,[9 2],63,75,77,12,75
1,<environment.Job instance at 0x15259b7c29b0>,42,1,[2 9],62,110,111,48,110
1,<environment.Job instance at 0x15259b416050>,54,3,[2 6],82,240,243,158,240
1,<environment.Job instance at 0x15259b7a2910>,60,3,[13  1],89,512,515,423,512
1,<environment.Job instance at 0x15259b7a2fa0>,62,2,[5 2],91,561,563,470,561
1,<environment.Job instance at 0x15259b7a2c30>,63,2,[1 9],93,790,792,697,790
1,<environment.Job instance at 0x15259b416190>,52,12,[ 1 14],79,796,808,717,796
1,<environment.Job instance at 0x15259b7a2460>,73,3,[1 8],106,833,836,727,833
1,<environment.Job instance at 0x15259b7aa820>,79,1,[ 2 12],112,836,837,724,835
1,<environment.Job instance at 0x15259b7aa6e0>,81,17,[5 2],115,837,854,722,837
1,<environment.Job instance at 0x15259ed8eb40>,10,17,[ 2 11],13,845,862,832,845
1,<environment.Job instance at 0x15259ee0a690>,97,17,[1 8],141,862,879,721,862
1,<environment.Job instance at 0x15259ee0a910>,101,18,[9 1],146,2838,2856,2692,2838
1,<environment.Job instance at 0x1474488788c0>,14,1,[1 7],18,18,19,0,18
1,<environment.Job instance at 0x147448878a00>,15,14,[6 2],20,23,37,3,23
1,<environment.Job instance at 0x14744885ce60>,20,21,[7 1],27,38,59,11,38
1,<environment.Job instance at 0x14744885c0a0>,21,22,[8 2],28,41,63,13,41
1,<environment.Job instance at 0x1474483c87d0>,26,3,[9 1],36,63,66,27,41
1,<environment.Job instance at 0x14744885a870>,28,2,[1 9],38,59,61,21,41
1,<environment.Job instance at 0x14744814e190>,33,2,[5 1],44,59,61,15,54
1,<environment.Job instance at 0x14744814e410>,35,3,[10  2],47,66,69,19,57
1,<environment.Job instance at 0x14744814eeb0>,37,2,[2 7],49,61,63,12,57
1,<environment.Job instance at 0x147448145b90>,38,2,[8 2],50,69,71,19,57
1,<environment.Job instance at 0x147448145cd0>,39,14,[2 5],51,68,82,17,68
1,<environment.Job instance at 0x147448884dc0>,50,1,[1 8],68,71,72,3,71
1,<environment.Job instance at 0x1474488724b0>,51,16,[10  1],69,84,100,15,84
1,<environment.Job instance at 0x147448871820>,58,3,[6 1],83,100,103,17,84
1,<environment.Job instance at 0x1474481581e0>,59,2,[12  2],85,103,105,18,85
1,<environment.Job instance at 0x14744815d4b0>,73,1,[8 1],107,107,108,0,107
1,<environment.Job instance at 0x14744815d870>,77,2,[10  2],113,113,115,0,113
1,<environment.Job instance at 0x14744815d820>,78,3,[8 1],117,117,120,0,117
1,<environment.Job instance at 0x14744815de10>,82,16,[1 7],122,142,158,20,142
1,<environment.Job instance at 0x1474481600f0>,87,3,[8 1],128,142,145,14,142
1,<environment.Job instance at 0x1474481609b0>,94,1,[ 2 10],138,158,159,20,149
1,<environment.Job instance at 0x147448162640>,100,2,[6 1],152,153,155,1,153
1,<environment.Job instance at 0x147448162820>,102,1,[1 8],154,165,166,11,165
1,<environment.Job instance at 0x1474481628c0>,104,13,[12  2],158,166,179,8,166
1,<environment.Job instance at 0x1474488783c0>,12,3,[6 2],16,179,182,163,176
1,<environment.Job instance at 0x14744887c410>,4,15,[1 5],5,37,52,32,37
1,<environment.Job instance at 0x1474517698c0>,24,27,[5 2],33,38,65,5,38
1,<environment.Job instance at 0x14745197da00>,32,3,[11  1],43,65,68,22,60
1,<environment.Job instance at 0x147451628b40>,43,26,[2 9],66,66,92,0,66
1,<environment.Job instance at 0x1474516ec820>,44,15,[7 2],69,88,103,19,88
1,<environment.Job instance at 0x147451976dc0>,15,14,[12  1],23,103,117,80,89
1,<environment.Job instance at 0x1474517707d0>,47,2,[1 6],73,92,94,19,89
1,<environment.Job instance at 0x147451770dc0>,48,2,[1 7],74,92,94,18,89
1,<environment.Job instance at 0x14745174d640>,49,22,[2 7],75,94,116,19,89
1,<environment.Job instance at 0x147451770640>,50,1,[5 1],77,89,90,12,89
1,<environment.Job instance at 0x1474521eab40>,51,2,[2 8],78,116,118,38,89
1,<environment.Job instance at 0x1474521eaaa0>,52,18,[2 8],79,118,136,39,115
1,<environment.Job instance at 0x1474517466e0>,74,1,[1 5],114,115,116,1,115
1,<environment.Job instance at 0x147451746640>,75,2,[1 9],115,136,138,21,115
1,<environment.Job instance at 0x147451746be0>,76,17,[1 7],116,117,134,1,116
1,<environment.Job instance at 0x1474516f2be0>,77,2,[5 2],118,134,136,16,118
1,<environment.Job instance at 0x1474516f2460>,78,2,[1 5],119,134,136,15,119
1,<environment.Job instance at 0x1474516f2190>,79,1,[7 2],120,136,137,16,120
1,<environment.Job instance at 0x1474516f2820>,81,3,[5 2],123,136,139,13,123
1,<environment.Job instance at 0x1474516f25a0>,83,14,[ 1 10],126,138,152,12,126
1,<environment.Job instance at 0x1474516f29b0>,85,3,[2 5],128,139,142,11,128
1,<environment.Job instance at 0x14745171b0f0>,86,14,[2 5],129,142,156,13,129
1,<environment.Job instance at 0x14745171b410>,88,2,[1 8],131,152,154,21,131
1,<environment.Job instance at 0x14745171bf00>,90,3,[9 2],133,152,155,19,134
1,<environment.Job instance at 0x1474519a01e0>,91,27,[5 1],134,155,182,21,153
1,<environment.Job instance at 0x1474519a05f0>,92,17,[10  1],135,167,184,32,167
1,<environment.Job instance at 0x1474519a0690>,93,17,[1 9],136,182,199,46,171
1,<environment.Job instance at 0x1474519a0640>,95,1,[6 1],139,184,185,45,171
1,<environment.Job instance at 0x1474519a0b40>,96,1,[8 1],141,184,185,43,171
1,<environment.Job instance at 0x1474519a0cd0>,97,13,[5 2],142,185,198,43,175
1,<environment.Job instance at 0x1474519a0be0>,98,18,[6 2],143,185,203,42,178
1,<environment.Job instance at 0x14745171b870>,89,2,[12  1],132,203,205,71,188
1,<environment.Job instance at 0x1474519a0870>,94,2,[5 1],137,198,200,61,188
1,<environment.Job instance at 0x1474519a0230>,106,3,[8 2],154,200,203,46,195
1,<environment.Job instance at 0x1474519a0af0>,99,14,[10  1],146,205,219,59,197
1,<environment.Job instance at 0x14744b8a3e10>,1,2,[6 1],2,2,4,0,2
1,<environment.Job instance at 0x14744b8a3d20>,3,3,[2 6],4,4,7,0,4
1,<environment.Job instance at 0x147447bad6e0>,5,1,[9 1],8,8,9,0,8
1,<environment.Job instance at 0x14744ae47690>,6,3,[1 9],9,9,12,0,9
1,<environment.Job instance at 0x147447b550a0>,7,26,[1 7],10,12,38,2,10
1,<environment.Job instance at 0x147447bb22d0>,18,2,[8 1],23,30,32,7,30
1,<environment.Job instance at 0x147447b51be0>,21,1,[8 2],26,32,33,6,30
1,<environment.Job instance at 0x1474493bf960>,15,3,[6 2],20,42,45,22,42
1,<environment.Job instance at 0x14745164ad70>,24,25,[2 6],31,43,68,12,43
1,<environment.Job instance at 0x147447d25280>,17,3,[13  2],22,64,67,42,64
1,<environment.Job instance at 0x147447d23370>,37,1,[ 1 13],55,71,72,16,71
1,<environment.Job instance at 0x1474515bef50>,38,2,[1 5],56,72,74,16,71
1,<environment.Job instance at 0x14744b7f0730>,40,2,[10  1],58,71,73,13,71
1,<environment.Job instance at 0x14744b7f0140>,41,1,[12  2],60,73,74,13,71
1,<environment.Job instance at 0x147447cc7140>,45,1,[8 1],65,74,75,9,71
1,<environment.Job instance at 0x14745239e640>,52,22,[1 7],74,77,99,3,77
1,<environment.Job instance at 0x147447b51eb0>,20,14,[6 1],25,89,103,64,89
1,<environment.Job instance at 0x14744aa950f0>,79,22,[7 2],115,158,180,43,158
1,<environment.Job instance at 0x147447d21a00>,60,3,[7 2],90,190,193,100,190
1,<environment.Job instance at 0x14744aa95c80>,78,1,[13  1],113,193,194,80,190
1,<environment.Job instance at 0x14744b80e2d0>,88,2,[2 6],128,191,193,63,191
1,<environment.Job instance at 0x14744aa95690>,85,3,[7 1],125,194,197,69,194
1,<environment.Job instance at 0x14744b80e6e0>,91,2,[5 2],132,196,198,64,196
1,<environment.Job instance at 0x14744b80e730>,94,22,[9 1],135,197,219,62,196
1,<environment.Job instance at 0x14744b80ef00>,92,2,[2 7],133,198,200,65,196
1,<environment.Job instance at 0x14744b80eeb0>,97,2,[ 1 10],139,196,198,57,196
1,<environment.Job instance at 0x1474502e55a0>,98,3,[2 7],140,198,201,58,196
1,<environment.Job instance at 0x14744b80e370>,96,1,[9 2],138,219,220,81,196
1,<environment.Job instance at 0x1474502e55f0>,100,3,[ 2 12],142,201,204,59,200
1,<environment.Job instance at 0x1474502e5fa0>,101,12,[8 2],143,220,232,77,204
1,<environment.Job instance at 0x1474502e5f50>,102,3,[6 2],145,204,207,59,204
1,<environment.Job instance at 0x1474502e53c0>,103,2,[1 6],147,207,209,60,205
1,<environment.Job instance at 0x14744ba14eb0>,104,1,[12  1],148,232,233,84,206
1,<environment.Job instance at 0x14744b7ea5a0>,110,1,[2 5],157,214,215,57,214
1,<environment.Job instance at 0x14744b80e820>,87,15,[7 1],127,233,248,106,226
1,<environment.Job instance at 0x14744b80e0a0>,95,16,[8 1],137,534,550,397,534
1,<environment.Job instance at 0x1474503071e0>,2,2,[2 7],4,4,6,0,4
1,<environment.Job instance at 0x1474503075f0>,3,1,[5 2],5,5,6,0,5
1,<environment.Job instance at 0x147452229cd0>,7,2,[2 6],11,11,13,0,11
1,<environment.Job instance at 0x14745176d5f0>,23,2,[2 9],34,34,36,0,34
1,<environment.Job instance at 0x147447e0b640>,13,12,[8 2],20,36,48,16,36
1,<environment.Job instance at 0x1474479212d0>,32,14,[10  1],51,53,67,2,53
1,<environment.Job instance at 0x14744b880910>,24,3,[9 2],36,67,70,31,56
1,<environment.Job instance at 0x1474493cf960>,47,1,[10  2],71,71,72,0,71
1,<environment.Job instance at 0x147447982fa0>,50,1,[8 1],76,80,81,4,80
1,<environment.Job instance at 0x147447909640>,54,18,[2 8],84,86,104,2,86
1,<environment.Job instance at 0x1474479a5eb0>,62,3,[7 2],98,99,102,1,99
1,<environment.Job instance at 0x1474479a5c30>,63,2,[2 6],100,102,104,2,100
1,<environment.Job instance at 0x1474479a5b90>,64,2,[2 5],102,107,109,5,107
1,<environment.Job instance at 0x147451728500>,68,1,[1 7],108,108,109,0,108
1,<environment.Job instance at 0x147451728870>,69,3,[8 1],110,110,113,0,110
1,<environment.Job instance at 0x1474517287d0>,70,3,[2 5],112,112,115,0,112
1,<environment.Job instance at 0x147451728d70>,71,13,[1 9],114,114,127,0,114
1,<environment.Job instance at 0x14744ae3dc30>,73,1,[1 9],117,127,128,10,117
1,<environment.Job instance at 0x1474479a5320>,60,14,[9 2],94,125,139,31,125
1,<environment.Job instance at 0x14744ae3d230>,77,1,[1 5],122,128,129,6,125
1,<environment.Job instance at 0x14744ae3dd70>,78,2,[8 1],123,139,141,16,125
1,<environment.Job instance at 0x14744ae3daa0>,79,1,[5 2],125,125,126,0,125
1,<environment.Job instance at 0x1474516e63c0>,80,12,[13  2],126,141,153,15,127
1,<environment.Job instance at 0x1474516e6f50>,82,3,[1 7],131,131,134,0,131
1,<environment.Job instance at 0x147447c00050>,90,20,[5 1],141,153,173,12,145
1,<environment.Job instance at 0x147447e03140>,97,1,[ 2 10],152,152,153,0,152
1,<environment.Job instance at 0x147447d494b0>,17,1,[2 7],26,26,27,0,26
1,<environment.Job instance at 0x147447bd35f0>,31,1,[10  1],49,50,51,1,50
1,<environment.Job instance at 0x147447bd3230>,32,24,[1 8],50,50,74,0,50
1,<environment.Job instance at 0x147447d636e0>,40,2,[10  2],63,65,67,2,65
1,<environment.Job instance at 0x147447d63550>,41,1,[11  1],64,67,68,3,67
1,<environment.Job instance at 0x147447bd3c30>,38,3,[ 1 14],57,74,77,17,71
1,<environment.Job instance at 0x147447d63230>,45,3,[9 1],69,71,74,2,71
1,<environment.Job instance at 0x147447d63fa0>,48,2,[5 1],73,73,75,0,73
1,<environment.Job instance at 0x147447db1280>,50,2,[2 8],75,78,80,3,78
1,<environment.Job instance at 0x147447db11e0>,53,2,[8 1],81,81,83,0,81
1,<environment.Job instance at 0x147447db1d70>,55,1,[7 2],84,84,85,0,84
1,<environment.Job instance at 0x147447db18c0>,57,1,[10  1],87,87,88,0,87
1,<environment.Job instance at 0x147447db10a0>,61,18,[2 7],91,101,119,10,101
1,<environment.Job instance at 0x147447d6d1e0>,72,3,[1 6],105,105,108,0,105
1,<environment.Job instance at 0x147447c8caa0>,81,3,[2 6],115,115,118,0,115
1,<environment.Job instance at 0x1474488aff50>,82,3,[10  2],116,116,119,0,116
1,<environment.Job instance at 0x14744aa8b640>,84,2,[1 9],118,119,121,1,118
1,<environment.Job instance at 0x1474488a94b0>,86,1,[9 1],120,120,121,0,120
1,<environment.Job instance at 0x1474488a9320>,87,1,[8 1],121,121,122,0,121
1,<environment.Job instance at 0x1474488a9370>,88,1,[1 5],122,123,124,1,123
1,<environment.Job instance at 0x14744accce10>,89,3,[9 1],123,124,127,1,124
1,<environment.Job instance at 0x14744af55870>,90,12,[9 2],124,129,141,5,129
1,<environment.Job instance at 0x1474502f6cd0>,91,3,[8 2],126,141,144,15,131
1,<environment.Job instance at 0x147447d6de10>,78,17,[ 1 14],112,145,162,33,145
1,<environment.Job instance at 0x1474488a90f0>,93,15,[9 2],129,165,180,36,165
1,<environment.Job instance at 0x14744bd71730>,95,1,[7 2],131,180,181,49,166
1,<environment.Job instance at 0x147448845500>,96,12,[8 2],132,180,192,48,180
1,<environment.Job instance at 0x1474522acf00>,111,2,[7 1],159,194,196,35,194
1,<environment.Job instance at 0x147447b31550>,83,2,[11  2],117,263,265,146,263
1,<environment.Job instance at 0x14744ab96690>,10,2,[10  2],17,17,19,0,17
1,<environment.Job instance at 0x1474489276e0>,11,2,[ 2 14],18,19,21,1,18
1,<environment.Job instance at 0x147448048730>,12,2,[10  1],20,20,22,0,20
1,<environment.Job instance at 0x147448927730>,13,1,[ 2 10],22,22,23,0,22
1,<environment.Job instance at 0x1474502de140>,14,1,[10  2],24,24,25,0,24
1,<environment.Job instance at 0x147447b5e140>,5,13,[ 2 12],10,25,38,15,25
1,<environment.Job instance at 0x14744aa6f820>,20,12,[9 2],30,30,42,0,30
1,<environment.Job instance at 0x14744ad8a4b0>,22,16,[7 1],33,43,59,10,43
1,<environment.Job instance at 0x147448097dc0>,30,20,[ 2 10],44,44,64,0,44
1,<environment.Job instance at 0x147448097e10>,32,12,[1 5],46,59,71,13,54
1,<environment.Job instance at 0x14744acf4a50>,8,18,[9 1],15,64,82,49,58
1,<environment.Job instance at 0x14744b8ab0f0>,41,2,[1 9],61,64,66,3,61
1,<environment.Job instance at 0x1474522cdfa0>,42,1,[14  2],62,82,83,20,62
1,<environment.Job instance at 0x14745176be60>,43,1,[8 2],63,83,84,20,63
1,<environment.Job instance at 0x14744891d780>,44,3,[ 2 13],64,71,74,7,64
1,<environment.Job instance at 0x14744891df00>,45,2,[7 1],66,83,85,17,66
1,<environment.Job instance at 0x14744891ddc0>,46,2,[7 1],69,84,86,15,69
1,<environment.Job instance at 0x147448918c30>,52,1,[2 6],77,81,82,4,81
1,<environment.Job instance at 0x147447b13be0>,53,3,[1 7],78,84,87,6,81
1,<environment.Job instance at 0x14744891db40>,47,17,[8 1],72,86,103,14,85
1,<environment.Job instance at 0x14744b9ebfa0>,66,2,[9 2],101,103,105,2,101
1,<environment.Job instance at 0x14744af55230>,73,22,[9 1],111,114,136,3,114
1,<environment.Job instance at 0x14744b9eb050>,63,18,[8 1],98,141,159,43,141
1,<environment.Job instance at 0x147447b3adc0>,82,17,[1 9],121,141,158,20,141
1,<environment.Job instance at 0x147447b3a050>,83,2,[2 5],122,141,143,19,141
1,<environment.Job instance at 0x147447b3ab90>,84,23,[6 1],123,143,166,20,141
1,<environment.Job instance at 0x147447b3a2d0>,89,3,[11  1],128,166,169,38,157
1,<environment.Job instance at 0x147447b3af00>,90,2,[8 2],129,159,161,30,157
1,<environment.Job instance at 0x147447b3ad20>,91,13,[1 8],131,173,186,42,173
1,<environment.Job instance at 0x147447b3a140>,92,2,[8 2],132,173,175,41,173
1,<environment.Job instance at 0x14745229f5f0>,103,17,[9 1],152,191,208,39,191
1,<environment.Job instance at 0x14744af55960>,76,15,[ 1 12],114,2371,2386,2257,2371
1,<environment.Job instance at 0x14744abb5b40>,2,3,[8 1],3,3,6,0,3
1,<environment.Job instance at 0x14744af550a0>,1,2,[2 8],2,9,11,7,9
1,<environment.Job instance at 0x14744ab4b140>,9,2,[1 5],12,12,14,0,12
1,<environment.Job instance at 0x14744ab4bd20>,13,2,[1 9],19,19,21,0,19
1,<environment.Job instance at 0x14744ab4b780>,14,1,[2 9],21,21,22,0,21
1,<environment.Job instance at 0x14744ab6b8c0>,15,2,[ 2 10],22,23,25,1,23
1,<environment.Job instance at 0x14744ab6b820>,16,3,[2 9],23,25,28,2,23
1,<environment.Job instance at 0x147447d6baa0>,7,2,[5 1],10,27,29,17,27
1,<environment.Job instance at 0x14744ab6ba50>,18,3,[10  2],26,30,33,4,30
1,<environment.Job instance at 0x14744ab4b870>,10,16,[7 1],14,41,57,27,41
1,<environment.Job instance at 0x14744ab6b500>,20,2,[8 1],28,48,50,20,48
1,<environment.Job instance at 0x14744ab6b0a0>,21,1,[2 6],29,50,51,21,48
1,<environment.Job instance at 0x14744ab6be10>,22,1,[9 2],30,57,58,27,50
1,<environment.Job instance at 0x14744ab6b780>,23,2,[ 1 10],31,53,55,22,53
1,<environment.Job instance at 0x14744ab6b870>,24,3,[10  2],32,71,74,39,71
1,<environment.Job instance at 0x14744ab6bd20>,19,14,[2 9],27,265,279,238,265
1,<environment.Job instance at 0x14744aabddc0>,26,12,[2 5],36,340,352,304,340
1,<environment.Job instance at 0x14744aabdaa0>,27,1,[1 5],38,340,341,302,340
1,<environment.Job instance at 0x14744aabdbe0>,25,14,[7 2],35,340,354,305,340
1,<environment.Job instance at 0x14744aabd4b0>,29,15,[5 1],41,348,363,307,348
1,<environment.Job instance at 0x14744af55c30>,8,3,[ 2 12],11,355,358,344,355
1,<environment.Job instance at 0x14744aabde10>,28,3,[8 2],40,355,358,315,355
1,<environment.Job instance at 0x14744ac1fa00>,32,12,[7 2],44,358,370,314,355
1,<environment.Job instance at 0x14744ac1fcd0>,36,3,[5 2],48,363,366,315,355
1,<environment.Job instance at 0x14744ac1f780>,37,1,[8 2],50,366,367,316,355
1,<environment.Job instance at 0x14744af3b7d0>,39,1,[5 2],52,367,368,315,355
1,<environment.Job instance at 0x14744af3b280>,40,2,[14  1],53,370,372,317,355
1,<environment.Job instance at 0x14744ab3c0a0>,45,1,[12  2],58,372,373,314,362
1,<environment.Job instance at 0x1474479f3500>,46,2,[1 6],59,362,364,303,362
1,<environment.Job instance at 0x1474479f3b90>,47,3,[10  1],60,373,376,313,364
1,<environment.Job instance at 0x14744af3bd70>,41,22,[6 2],54,376,398,322,369
1,<environment.Job instance at 0x1474479f3a00>,50,2,[8 2],66,376,378,310,369
1,<environment.Job instance at 0x1474479f3eb0>,51,1,[1 5],69,369,370,300,369
1,<environment.Job instance at 0x14744ab25af0>,52,2,[6 2],70,378,380,308,369
1,<environment.Job instance at 0x14744ab25960>,53,2,[5 1],72,373,375,301,369
1,<environment.Job instance at 0x14745155db40>,60,2,[1 8],84,371,373,287,371
1,<environment.Job instance at 0x147447be57d0>,61,21,[2 5],85,378,399,293,373
1,<environment.Job instance at 0x147447a6f820>,62,15,[8 1],87,398,413,311,395
1,<environment.Job instance at 0x147447da2cd0>,69,3,[8 1],96,413,416,317,398
1,<environment.Job instance at 0x1474480580f0>,70,2,[2 5],99,398,400,299,398
1,<environment.Job instance at 0x147448058dc0>,71,1,[10  2],100,416,417,316,398
1,<environment.Job instance at 0x147448058eb0>,72,3,[2 8],101,400,403,299,400
1,<environment.Job instance at 0x147448058870>,76,1,[1 9],106,404,405,298,404
1,<environment.Job instance at 0x147448058cd0>,77,3,[7 2],107,409,412,302,409
1,<environment.Job instance at 0x147447da25f0>,66,20,[14  1],93,417,437,324,410
1,<environment.Job instance at 0x147448058c80>,79,1,[8 2],109,437,438,328,410
1,<environment.Job instance at 0x14744bc70e60>,81,3,[ 1 12],111,412,415,301,410
1,<environment.Job instance at 0x14744ac3cdc0>,82,2,[10  1],112,438,440,326,411
1,<environment.Job instance at 0x14744ac3c7d0>,83,3,[2 5],113,437,440,324,411
1,<environment.Job instance at 0x14744ac3c280>,85,1,[9 2],118,440,441,322,412
1,<environment.Job instance at 0x1474479d9690>,89,2,[ 1 11],125,427,429,302,427
1,<environment.Job instance at 0x147447947be0>,94,16,[ 2 10],131,440,456,309,439
1,<environment.Job instance at 0x1474479470a0>,96,27,[1 5],135,441,468,306,440
1,<environment.Job instance at 0x14744ae2c1e0>,103,3,[14  2],146,456,459,310,456
1,<environment.Job instance at 0x14744ae2c5a0>,112,1,[8 1],156,468,469,312,468
1,<environment.Job instance at 0x14744ae2c0a0>,107,13,[5 1],151,468,481,317,468
1,<environment.Job instance at 0x14744ae2c280>,114,1,[ 1 10],159,471,472,312,471
1,<environment.Job instance at 0x147447947410>,99,14,[ 1 11],140,1120,1134,980,1120
1,<environment.Job instance at 0x14744bc4f690>,3,2,[5 2],5,5,7,0,5
1,<environment.Job instance at 0x1474516f2280>,0,2,[6 1],2,7,9,5,7
1,<environment.Job instance at 0x14744ab7e6e0>,10,27,[ 2 10],16,49,76,33,49
1,<environment.Job instance at 0x14748c5251e0>,19,3,[1 9],27,78,81,51,78
1,<environment.Job instance at 0x14748c525d70>,18,19,[2 5],26,79,98,53,79
1,<environment.Job instance at 0x14745231fe60>,32,2,[9 2],43,81,83,38,79
1,<environment.Job instance at 0x14745231ff00>,33,3,[1 5],44,81,84,37,80
1,<environment.Job instance at 0x14745231fbe0>,34,2,[1 9],45,84,86,39,80
1,<environment.Job instance at 0x14745231ff50>,35,2,[10  2],46,86,88,40,80
1,<environment.Job instance at 0x14745231f730>,36,2,[ 1 10],47,88,90,41,80
1,<environment.Job instance at 0x147451982c80>,37,1,[5 2],50,83,84,33,80
1,<environment.Job instance at 0x14745231c140>,24,3,[ 1 14],32,98,101,66,97
1,<environment.Job instance at 0x14748c5394b0>,39,1,[9 1],52,97,98,45,97
1,<environment.Job instance at 0x147451999370>,43,27,[5 1],59,98,125,39,97
1,<environment.Job instance at 0x147451999a50>,46,25,[ 1 10],64,101,126,37,99
1,<environment.Job instance at 0x14744af3ba50>,56,23,[2 9],83,126,149,43,120
1,<environment.Job instance at 0x14744ab71af0>,66,18,[6 2],97,149,167,52,149
1,<environment.Job instance at 0x1474480201e0>,75,1,[ 1 10],108,149,150,41,149
1,<environment.Job instance at 0x147448020280>,74,1,[ 1 12],107,167,168,60,167
1,<environment.Job instance at 0x147448020a00>,84,18,[5 2],120,179,197,59,179
1,<environment.Job instance at 0x1474523078c0>,93,1,[5 2],131,181,182,50,181
1,<environment.Job instance at 0x147452307960>,92,18,[8 1],129,202,220,73,202
1,<environment.Job instance at 0x147452307cd0>,97,1,[13  2],135,220,221,85,216
1,<environment.Job instance at 0x147452307730>,99,17,[14  2],138,231,248,93,231
1,<environment.Job instance at 0x14745231f8c0>,30,12,[6 2],41,340,352,299,340
1,<environment.Job instance at 0x147448886f50>,2,1,[1 9],3,3,4,0,3
1,<environment.Job instance at 0x1474488862d0>,3,1,[1 8],4,4,5,0,4
1,<environment.Job instance at 0x1474502da780>,1,1,[7 2],2,5,6,3,5
1,<environment.Job instance at 0x14745231f5a0>,5,1,[10  1],7,7,8,0,7
1,<environment.Job instance at 0x14744b977230>,7,22,[10  1],10,11,33,1,11
1,<environment.Job instance at 0x14744811b7d0>,25,3,[ 2 10],35,35,38,0,35
1,<environment.Job instance at 0x14744bd66820>,21,1,[5 2],30,37,38,7,37
1,<environment.Job instance at 0x147448909d70>,28,1,[7 2],39,39,40,0,39
1,<environment.Job instance at 0x147448909820>,27,2,[8 2],38,39,41,1,39
1,<environment.Job instance at 0x147448909730>,29,25,[2 5],40,40,65,0,40
1,<environment.Job instance at 0x14748c5415a0>,39,3,[1 7],50,59,62,9,59
1,<environment.Job instance at 0x14744ae2cd70>,40,3,[2 7],51,66,69,15,66
1,<environment.Job instance at 0x14744ae2ce60>,43,2,[2 8],60,67,69,7,67
1,<environment.Job instance at 0x14744ae2c0a0>,44,2,[2 5],61,69,71,8,67
1,<environment.Job instance at 0x14744abb5a50>,48,18,[5 2],66,77,95,11,77
1,<environment.Job instance at 0x14744abb5cd0>,50,27,[5 1],68,83,110,15,83
1,<environment.Job instance at 0x14744abb5780>,53,27,[9 2],73,99,126,26,99
1,<environment.Job instance at 0x147447e58c80>,62,3,[ 1 12],89,126,129,37,126
1,<environment.Job instance at 0x147447e580a0>,64,1,[1 8],95,129,130,34,126
1,<environment.Job instance at 0x147447e58e60>,65,14,[7 1],96,126,140,30,126
1,<environment.Job instance at 0x147451559b90>,68,22,[9 2],100,140,162,40,133
1,<environment.Job instance at 0x14744ae2c870>,45,16,[8 1],63,162,178,99,157
1,<environment.Job instance at 0x14744b8b66e0>,79,2,[2 7],118,167,169,49,167
1,<environment.Job instance at 0x14744b8b65f0>,82,3,[1 6],123,168,171,45,168
1,<environment.Job instance at 0x14744b8b6460>,83,1,[2 6],124,196,197,72,196
1,<environment.Job instance at 0x14744ab6baf0>,100,3,[ 1 10],145,197,200,52,197
1,<environment.Job instance at 0x14744ab6b8c0>,102,19,[9 2],150,226,245,76,226
1,<environment.Job instance at 0x14744ab6b370>,101,2,[5 2],148,247,249,99,247
1,<environment.Job instance at 0x14744b7ea5f0>,108,1,[ 1 11],156,251,252,95,251
1,<environment.Job instance at 0x147451631eb0>,10,12,[1 9],18,23,35,5,23
1,<environment.Job instance at 0x1474478e3370>,17,1,[6 1],26,26,27,0,26
1,<environment.Job instance at 0x147447f1f780>,1,12,[ 2 11],3,21,33,18,21
1,<environment.Job instance at 0x14744753b6e0>,22,18,[7 2],35,35,53,0,35
1,<environment.Job instance at 0x14744749f050>,31,23,[1 8],46,47,70,1,47
1,<environment.Job instance at 0x14744774f780>,40,12,[9 2],61,69,81,8,69
1,<environment.Job instance at 0x147447680c30>,43,15,[9 2],66,81,96,15,79
1,<environment.Job instance at 0x14744760f6e0>,47,19,[1 5],73,88,107,15,88
1,<environment.Job instance at 0x14744760f0a0>,48,3,[2 7],75,88,91,13,88
1,<environment.Job instance at 0x147447675140>,50,3,[ 1 10],77,122,125,45,122
1,<environment.Job instance at 0x1474477ecd70>,53,1,[6 1],83,123,124,40,123
1,<environment.Job instance at 0x1474477ec9b0>,54,2,[1 6],84,125,127,41,123
1,<environment.Job instance at 0x14744757e7d0>,55,12,[2 5],86,209,221,123,209
1,<environment.Job instance at 0x14744782c320>,57,1,[7 2],90,221,222,131,221
1,<environment.Job instance at 0x147447332a50>,58,1,[8 1],91,225,226,134,225
1,<environment.Job instance at 0x1474476509b0>,56,2,[ 2 14],89,225,227,136,225
1,<environment.Job instance at 0x14744775ad70>,60,2,[8 1],93,226,228,133,225
1,<environment.Job instance at 0x1474476758c0>,49,18,[7 2],76,227,245,151,225
1,<environment.Job instance at 0x147447650a00>,62,3,[2 8],96,228,231,132,225
1,<environment.Job instance at 0x1474477f2cd0>,63,1,[8 2],97,231,232,134,227
1,<environment.Job instance at 0x1474476fcf50>,65,3,[5 2],101,228,231,127,227
1,<environment.Job instance at 0x1474476fce60>,66,2,[8 2],102,232,234,130,227
1,<environment.Job instance at 0x147447651eb0>,67,3,[2 5],105,234,237,129,229
1,<environment.Job instance at 0x1474476519b0>,68,14,[6 1],106,240,254,134,240
1,<environment.Job instance at 0x1474476510f0>,69,1,[2 5],107,240,241,133,240
1,<environment.Job instance at 0x1474474f66e0>,70,3,[9 2],108,245,248,137,240
1,<environment.Job instance at 0x1474474f6320>,71,3,[1 7],109,241,244,132,240
1,<environment.Job instance at 0x1474476a2140>,72,1,[2 7],113,244,245,131,240
1,<environment.Job instance at 0x147447746820>,73,13,[8 1],114,248,261,134,248
1,<environment.Job instance at 0x147447725f00>,64,1,[2 7],100,261,262,161,261
1,<environment.Job instance at 0x147447746e60>,75,28,[1 6],116,261,289,145,261
1,<environment.Job instance at 0x1474477466e0>,74,15,[7 2],115,287,302,172,287
1,<environment.Job instance at 0x14744764be60>,77,3,[7 2],122,287,290,165,287
1,<environment.Job instance at 0x14744764b2d0>,78,2,[6 2],123,290,292,167,287
1,<environment.Job instance at 0x14744764c8c0>,79,1,[10  1],125,302,303,177,289
1,<environment.Job instance at 0x14744764c3c0>,80,3,[6 2],127,292,295,165,290
1,<environment.Job instance at 0x14744764cf00>,81,2,[1 9],129,290,292,161,290
1,<environment.Job instance at 0x14744764c0a0>,82,3,[1 9],131,292,295,161,290
1,<environment.Job instance at 0x14744764ce60>,83,2,[5 1],133,295,297,162,290
1,<environment.Job instance at 0x14744764ca50>,86,1,[7 2],136,297,298,161,292
1,<environment.Job instance at 0x14744764c6e0>,87,2,[7 2],137,298,300,161,292
1,<environment.Job instance at 0x14744764cd70>,88,1,[9 2],139,303,304,164,292
1,<environment.Job instance at 0x147447645f50>,89,2,[ 1 10],140,295,297,155,292
1,<environment.Job instance at 0x147447645b40>,91,15,[1 8],142,297,312,155,297
1,<environment.Job instance at 0x1474476452d0>,95,17,[1 6],147,304,321,157,301
1,<environment.Job instance at 0x1474477e6be0>,96,2,[8 2],150,312,314,162,301
1,<environment.Job instance at 0x1474476b6c80>,97,2,[5 2],151,312,314,161,301
1,<environment.Job instance at 0x1474476b6190>,98,2,[6 1],152,304,306,152,301
1,<environment.Job instance at 0x1474476b6c30>,99,1,[1 9],153,314,315,161,301
1,<environment.Job instance at 0x1474476b6500>,100,1,[7 1],154,301,302,147,301
1,<environment.Job instance at 0x1474476b6230>,102,1,[2 8],156,315,316,159,302
1,<environment.Job instance at 0x1474476b65f0>,103,13,[5 2],157,316,329,159,302
1,<environment.Job instance at 0x1474476b6d20>,104,3,[ 1 10],159,321,324,162,302
1,<environment.Job instance at 0x147447645dc0>,94,27,[9 1],145,316,343,171,316
1,<environment.Job instance at 0x147447680730>,44,2,[13  1],67,363,365,296,363
1,<environment.Job instance at 0x14744e684870>,10,1,[8 2],16,17,18,1,17
1,<environment.Job instance at 0x14744b95b370>,12,1,[1 8],18,19,20,1,19
1,<environment.Job instance at 0x14744e6841e0>,14,1,[8 1],21,21,22,0,21
1,<environment.Job instance at 0x14744bdb33c0>,15,1,[5 2],23,23,24,0,23
1,<environment.Job instance at 0x14744bdb3550>,16,1,[9 2],25,25,26,0,25
1,<environment.Job instance at 0x14744887faf0>,17,1,[ 1 14],26,26,27,0,26
1,<environment.Job instance at 0x14744af0b0a0>,18,2,[1 7],27,27,29,0,27
1,<environment.Job instance at 0x14744bdb3370>,19,1,[9 1],29,29,30,0,29
1,<environment.Job instance at 0x147447e11190>,20,15,[5 2],30,30,45,0,30
1,<environment.Job instance at 0x14744ae299b0>,21,3,[ 1 10],31,31,34,0,31
1,<environment.Job instance at 0x147447f33d70>,23,16,[5 2],33,33,49,0,33
1,<environment.Job instance at 0x14749c10ce10>,25,2,[2 9],35,35,37,0,35
1,<environment.Job instance at 0x14749c10c500>,26,1,[2 7],36,37,38,1,36
1,<environment.Job instance at 0x147447b7b500>,27,2,[8 1],37,45,47,8,37
1,<environment.Job instance at 0x147447b7ba00>,28,13,[10  1],40,48,61,8,48
1,<environment.Job instance at 0x1474522bc190>,34,1,[ 1 14],50,50,51,0,50
1,<environment.Job instance at 0x147448169be0>,35,2,[6 1],51,61,63,10,51
1,<environment.Job instance at 0x147447aa5780>,36,2,[1 5],52,52,54,0,52
1,<environment.Job instance at 0x147447aa5050>,37,3,[ 2 10],53,54,57,1,53
1,<environment.Job instance at 0x147447aa5190>,38,13,[2 8],54,57,70,3,54
1,<environment.Job instance at 0x147447b20eb0>,40,1,[5 1],58,61,62,3,58
1,<environment.Job instance at 0x147447b20500>,41,1,[9 1],59,63,64,4,59
1,<environment.Job instance at 0x147447b20a00>,42,17,[6 1],60,64,81,4,60
1,<environment.Job instance at 0x147447b200a0>,43,2,[1 6],61,62,64,1,61
1,<environment.Job instance at 0x147448936640>,8,3,[ 2 12],14,72,75,58,72
1,<environment.Job instance at 0x147447b205f0>,44,20,[10  2],64,81,101,17,79
1,<environment.Job instance at 0x14744b8b54b0>,56,1,[2 6],84,84,85,0,84
1,<environment.Job instance at 0x14744b8b5140>,57,2,[8 2],85,101,103,16,85
1,<environment.Job instance at 0x14744b8b59b0>,58,3,[ 2 10],86,86,89,0,86
1,<environment.Job instance at 0x14744b8b57d0>,59,3,[2 6],87,89,92,2,87
1,<environment.Job instance at 0x14744b8b5050>,60,13,[8 1],89,103,116,14,91
1,<environment.Job instance at 0x14745223efa0>,65,1,[1 9],97,97,98,0,97
1,<environment.Job instance at 0x14745223e1e0>,66,17,[6 1],98,101,118,3,99
1,<environment.Job instance at 0x14745223e7d0>,70,1,[2 9],103,116,117,13,103
1,<environment.Job instance at 0x147452268e10>,71,2,[6 1],104,116,118,12,104
1,<environment.Job instance at 0x14745223eb40>,67,1,[9 1],99,118,119,19,109
1,<environment.Job instance at 0x1474522682d0>,75,1,[9 1],110,119,120,9,111
1,<environment.Job instance at 0x147452268460>,76,19,[2 8],111,118,137,7,118
1,<environment.Job instance at 0x147452268870>,77,1,[8 1],112,125,126,13,125
1,<environment.Job instance at 0x147452268910>,78,1,[1 5],114,125,126,11,125
1,<environment.Job instance at 0x1474522681e0>,79,16,[2 5],115,142,158,27,142
1,<environment.Job instance at 0x1474522688c0>,80,2,[6 2],117,142,144,25,142
1,<environment.Job instance at 0x147452268280>,81,3,[2 6],118,153,156,35,153
1,<environment.Job instance at 0x147452268550>,72,17,[8 2],105,160,177,55,160
1,<environment.Job instance at 0x147452268f50>,84,3,[2 7],122,169,172,47,169
1,<environment.Job instance at 0x147452268050>,85,1,[ 1 10],123,172,173,49,169
1,<environment.Job instance at 0x1474522687d0>,86,1,[2 5],124,169,170,45,169
1,<environment.Job instance at 0x147452268e60>,87,2,[1 9],125,173,175,48,169
1,<environment.Job instance at 0x147451571140>,88,15,[8 2],126,177,192,51,169
1,<environment.Job instance at 0x147451571320>,89,3,[2 6],127,175,178,48,169
1,<environment.Job instance at 0x1474515717d0>,91,2,[6 2],129,172,174,43,169
1,<environment.Job instance at 0x147451571a50>,92,3,[10  1],130,192,195,62,169
1,<environment.Job instance at 0x147451571c80>,93,2,[7 2],132,178,180,46,169
1,<environment.Job instance at 0x147451571dc0>,94,1,[9 2],134,195,196,61,171
1,<environment.Job instance at 0x147451571500>,95,1,[10  2],135,196,197,61,171
1,<environment.Job instance at 0x147451571f00>,97,17,[9 2],139,197,214,58,191
1,<environment.Job instance at 0x1474515712d0>,98,1,[8 2],140,214,215,74,191
1,<environment.Job instance at 0x147451571b40>,99,2,[9 1],143,215,217,72,191
1,<environment.Job instance at 0x147451571550>,100,2,[8 2],147,217,219,70,191
1,<environment.Job instance at 0x1474515713c0>,101,3,[5 1],148,191,194,43,191
1,<environment.Job instance at 0x1474515715a0>,106,1,[2 8],154,191,192,37,191
1,<environment.Job instance at 0x147451571370>,107,1,[ 1 10],157,194,195,37,191
1,<environment.Job instance at 0x14744aac5f00>,0,1,[9 2],1,4,5,3,4
1,<environment.Job instance at 0x14744e6844b0>,4,14,[9 1],6,8,22,2,8
1,<environment.Job instance at 0x147447eb0cd0>,17,3,[2 9],29,29,32,0,29
1,<environment.Job instance at 0x147447dada00>,25,3,[9 1],40,41,44,1,41
1,<environment.Job instance at 0x14744b9660f0>,2,15,[7 1],3,44,59,41,41
1,<environment.Job instance at 0x14744bce5190>,28,1,[2 7],43,43,44,0,43
1,<environment.Job instance at 0x14744bce51e0>,29,3,[2 5],44,44,47,0,44
1,<environment.Job instance at 0x14744bce5230>,32,2,[10  2],47,59,61,12,47
1,<environment.Job instance at 0x14744bce5730>,33,2,[1 5],49,49,51,0,49
1,<environment.Job instance at 0x1474479c5fa0>,34,2,[ 2 10],50,51,53,1,50
1,<environment.Job instance at 0x1474479c5370>,35,3,[7 1],51,53,56,2,51
1,<environment.Job instance at 0x147447c03e60>,36,14,[2 5],52,56,70,4,54
1,<environment.Job instance at 0x1474479c5f50>,37,1,[ 1 10],54,54,55,0,54
1,<environment.Job instance at 0x147447c031e0>,38,3,[2 7],56,56,59,0,56
1,<environment.Job instance at 0x147447d3bdc0>,39,2,[9 1],57,61,63,4,57
1,<environment.Job instance at 0x147447d3b9b0>,40,2,[7 1],58,63,65,5,58
1,<environment.Job instance at 0x147447d3bf00>,41,3,[5 1],61,63,66,2,61
1,<environment.Job instance at 0x147447d3b7d0>,42,3,[1 5],62,62,65,0,62
1,<environment.Job instance at 0x14744bce50f0>,31,3,[ 1 14],46,70,73,24,65
1,<environment.Job instance at 0x147447cf35f0>,44,1,[ 2 10],68,68,69,0,68
1,<environment.Job instance at 0x147447cf3a50>,46,2,[14  2],70,73,75,3,70
1,<environment.Job instance at 0x147447eb1a50>,47,2,[6 1],72,75,77,3,72
1,<environment.Job instance at 0x147447eb1550>,48,3,[2 5],73,75,78,2,73
1,<environment.Job instance at 0x147447cf3d70>,45,2,[1 8],69,75,77,6,75
1,<environment.Job instance at 0x1474516d2b90>,50,12,[7 2],77,77,89,0,77
1,<environment.Job instance at 0x147447eb1f00>,49,15,[6 1],75,96,111,21,96
1,<environment.Job instance at 0x1474516d2e10>,53,3,[1 6],80,98,101,18,98
1,<environment.Job instance at 0x1474516d29b0>,54,2,[2 7],81,100,102,19,100
1,<environment.Job instance at 0x147447ac6be0>,55,3,[7 1],83,109,112,26,109
1,<environment.Job instance at 0x147447ac69b0>,56,3,[9 2],84,112,115,28,109
1,<environment.Job instance at 0x147447ac6a50>,57,2,[7 1],89,115,117,26,110
1,<environment.Job instance at 0x147447ac65a0>,59,1,[1 5],93,905,906,812,905
1,<environment.Job instance at 0x147447ac6960>,60,3,[ 2 11],95,906,909,811,905
1,<environment.Job instance at 0x147447ac6550>,61,1,[8 1],99,905,906,806,905
1,<environment.Job instance at 0x147447ac6f00>,62,3,[ 1 13],100,909,912,809,906
1,<environment.Job instance at 0x147447ac6500>,63,3,[9 2],101,906,909,805,906
1,<environment.Job instance at 0x147447ac6690>,64,1,[7 1],103,909,910,806,907
1,<environment.Job instance at 0x147447ac6b90>,65,2,[2 8],105,912,914,807,907
1,<environment.Job instance at 0x147447ac6d20>,66,13,[7 2],108,962,975,854,962
1,<environment.Job instance at 0x147447ac6c80>,67,2,[13  1],109,975,977,866,963
1,<environment.Job instance at 0x147447ac6140>,69,16,[1 5],112,975,991,863,975
1,<environment.Job instance at 0x14744b7f3e10>,70,13,[8 2],113,1029,1042,916,1029
1,<environment.Job instance at 0x14744b7f3960>,71,1,[6 1],123,1037,1038,914,1037
1,<environment.Job instance at 0x14744b7f38c0>,72,3,[ 1 10],125,1042,1045,917,1042
1,<environment.Job instance at 0x14744b7f35f0>,73,3,[2 9],126,1045,1048,919,1044
1,<environment.Job instance at 0x14744b7f3140>,74,2,[1 9],127,1048,1050,921,1044
1,<environment.Job instance at 0x14744b7f32d0>,75,2,[1 6],129,1045,1047,916,1044
1,<environment.Job instance at 0x14744b7f34b0>,76,3,[1 8],130,1050,1053,920,1049
1,<environment.Job instance at 0x14744b7f3dc0>,77,1,[6 1],132,1052,1053,920,1052
1,<environment.Job instance at 0x14744b7f3be0>,78,2,[10  1],134,1056,1058,922,1056
1,<environment.Job instance at 0x1474516d2d70>,51,17,[1 8],78,1074,1091,996,1074
1,<environment.Job instance at 0x14744b7f30f0>,79,15,[1 7],135,1089,1104,954,1089
1,<environment.Job instance at 0x14744b7f33c0>,81,24,[2 5],137,1091,1115,954,1089
1,<environment.Job instance at 0x14744b7f36e0>,82,2,[ 1 10],138,1104,1106,966,1089
1,<environment.Job instance at 0x14744b7f3280>,83,1,[6 1],139,1091,1092,952,1089
1,<environment.Job instance at 0x14744b7f3910>,84,2,[7 1],140,1092,1094,952,1089
1,<environment.Job instance at 0x1474493ce8c0>,85,1,[10  1],141,1094,1095,953,1089
1,<environment.Job instance at 0x1474493ce780>,86,3,[1 8],142,1106,1109,964,1089
1,<environment.Job instance at 0x1474493ce230>,87,3,[1 5],147,1109,1112,962,1089
1,<environment.Job instance at 0x1474493ce280>,88,18,[ 2 10],148,1112,1130,964,1101
1,<environment.Job instance at 0x1474493ceeb0>,92,2,[1 6],152,1130,1132,978,1103
1,<environment.Job instance at 0x1474493ce050>,93,3,[5 2],155,1106,1109,951,1103
1,<environment.Job instance at 0x1474493ce870>,94,15,[6 2],156,1115,1130,959,1105
1,<environment.Job instance at 0x1474493ce370>,95,2,[11  1],158,1109,1111,951,1105
1,<environment.Job instance at 0x1474493ce9b0>,96,3,[2 5],159,1130,1133,971,1105
1,<environment.Job instance at 0x1474516d2eb0>,52,2,[13  2],79,1950,1952,1871,1950
1,<environment.Job instance at 0x1474516c5690>,19,17,[ 1 14],31,2361,2378,2330,2361
1,<environment.Job instance at 0x14744bd13910>,1,1,[2 5],2,2,3,0,2
1,<environment.Job instance at 0x14744bd13fa0>,2,1,[2 6],3,3,4,0,3
1,<environment.Job instance at 0x147448941e10>,12,2,[2 9],16,16,18,0,16
1,<environment.Job instance at 0x1474522b1c30>,11,1,[11  2],14,25,26,11,25
1,<environment.Job instance at 0x14744b9c2c30>,16,1,[8 1],27,28,29,1,28
1,<environment.Job instance at 0x14744b9c2be0>,17,1,[7 1],28,29,30,1,29
1,<environment.Job instance at 0x147448092230>,21,2,[1 6],32,33,35,1,33
1,<environment.Job instance at 0x14744ad32fa0>,24,2,[12  2],35,42,44,7,42
1,<environment.Job instance at 0x1474523ae2d0>,38,26,[10  2],53,55,81,2,55
1,<environment.Job instance at 0x1474522a2870>,45,2,[ 1 12],61,456,458,395,456
1,<environment.Job instance at 0x1474472e2410>,58,28,[ 2 12],88,505,533,417,505
1,<environment.Job instance at 0x1474472e2aa0>,64,26,[1 9],96,533,559,437,533
1,<environment.Job instance at 0x1474472e2b90>,66,23,[2 8],98,559,582,461,555
1,<environment.Job instance at 0x14749dcebc30>,3,2,[1 9],6,7,9,1,7
1,<environment.Job instance at 0x14744b900b40>,0,2,[2 5],2,9,11,7,9
1,<environment.Job instance at 0x14744b8ee690>,17,1,[5 1],22,22,23,0,22
1,<environment.Job instance at 0x14744a035640>,20,1,[ 1 12],25,25,26,0,25
1,<environment.Job instance at 0x14744ab0ba00>,25,2,[6 1],31,31,33,0,31
1,<environment.Job instance at 0x147447331820>,7,1,[2 7],10,32,33,22,32
1,<environment.Job instance at 0x147452320aa0>,27,3,[7 1],33,34,37,1,34
1,<environment.Job instance at 0x1474523200f0>,28,2,[2 9],35,36,38,1,36
1,<environment.Job instance at 0x147447c6c0f0>,29,3,[5 2],37,38,41,1,38
1,<environment.Job instance at 0x147447c6cdc0>,30,25,[2 5],38,38,63,0,38
1,<environment.Job instance at 0x147447af0b40>,35,1,[ 2 10],45,54,55,9,54
1,<environment.Job instance at 0x1474478b7230>,37,2,[9 1],48,55,57,7,55
1,<environment.Job instance at 0x1474478b7370>,38,3,[1 8],49,59,62,10,59
1,<environment.Job instance at 0x1474478b74b0>,39,16,[8 1],52,59,75,7,59
1,<environment.Job instance at 0x14744bc8bd20>,41,16,[2 8],55,75,91,20,75
1,<environment.Job instance at 0x14748c9d6d70>,18,15,[9 1],23,88,103,65,88
1,<environment.Job instance at 0x14744810ceb0>,60,1,[8 1],89,103,104,14,89
1,<environment.Job instance at 0x14744aace820>,63,16,[1 7],92,103,119,11,103
1,<environment.Job instance at 0x14744aace9b0>,62,26,[8 2],91,113,139,22,113
1,<environment.Job instance at 0x14744bce5e10>,66,3,[ 2 10],95,119,122,24,113
1,<environment.Job instance at 0x14744aad0a00>,70,3,[2 7],100,122,125,22,113
1,<environment.Job instance at 0x147447349eb0>,79,17,[7 1],113,135,152,22,135
1,<environment.Job instance at 0x1474473496e0>,80,15,[13  2],114,152,167,38,142
1,<environment.Job instance at 0x14748c586f50>,88,28,[2 5],128,142,170,14,142
1,<environment.Job instance at 0x14748c5865a0>,84,21,[5 2],118,169,190,51,169
1,<environment.Job instance at 0x147447349690>,71,3,[9 2],101,182,185,81,182
1,<environment.Job instance at 0x14745158be10>,105,1,[1 5],149,182,183,33,182
1,<environment.Job instance at 0x14745158b730>,106,3,[9 2],150,185,188,35,182
1,<environment.Job instance at 0x14745158b050>,107,1,[2 5],151,188,189,37,183
1,<environment.Job instance at 0x14745158bc30>,108,3,[14  2],152,190,193,38,185
1,<environment.Job instance at 0x14745158bf00>,109,2,[2 7],154,188,190,34,186
1,<environment.Job instance at 0x14745158b820>,104,20,[1 9],148,190,210,42,188
1,<environment.Job instance at 0x14745158b280>,111,1,[7 2],156,189,190,33,188
1,<environment.Job instance at 0x14745158b870>,112,15,[ 2 12],159,210,225,51,198
1,<environment.Job instance at 0x14745158b370>,110,17,[1 9],155,901,918,746,901
1,<environment.Job instance at 0x147447e90f50>,2,1,[1 9],4,4,5,0,4
1,<environment.Job instance at 0x147447e8a320>,11,1,[ 2 10],21,21,22,0,21
1,<environment.Job instance at 0x147447e8af50>,13,2,[ 2 10],28,28,30,0,28
1,<environment.Job instance at 0x147447d0f0a0>,14,1,[2 6],29,30,31,1,29
1,<environment.Job instance at 0x147447d0f870>,15,1,[2 8],30,30,31,0,30
1,<environment.Job instance at 0x147447d0f190>,21,2,[ 2 13],39,41,43,2,41
1,<environment.Job instance at 0x1474480ef780>,24,1,[ 1 10],42,43,44,1,42
1,<environment.Job instance at 0x14748c569e10>,25,2,[9 1],43,43,45,0,43
1,<environment.Job instance at 0x1474479ce550>,6,3,[ 1 14],12,45,48,33,45
1,<environment.Job instance at 0x1474516c6140>,33,21,[9 1],53,82,103,29,82
1,<environment.Job instance at 0x14744803d5f0>,37,22,[6 1],57,100,122,43,100
1,<environment.Job instance at 0x1474479ce0f0>,7,14,[13  2],13,122,136,109,122
1,<environment.Job instance at 0x147451570730>,22,1,[10  2],40,136,137,96,128
1,<environment.Job instance at 0x147447c03a00>,59,3,[9 2],92,364,367,272,364
1,<environment.Job instance at 0x14749de0c6e0>,63,2,[5 2],98,439,441,341,439
1,<environment.Job instance at 0x1474522dddc0>,39,22,[10  2],60,714,736,654,714
1,<environment.Job instance at 0x147447ce2be0>,65,22,[1 8],100,715,737,615,715
1,<environment.Job instance at 0x147447ce2140>,66,2,[5 1],102,736,738,634,721
1,<environment.Job instance at 0x147447ce2690>,67,3,[6 2],105,750,753,645,750
1,<environment.Job instance at 0x14749de0c500>,62,2,[ 2 11],97,756,758,659,756
1,<environment.Job instance at 0x147447ce22d0>,73,2,[1 9],111,758,760,647,756
1,<environment.Job instance at 0x147447ce25f0>,75,14,[12  2],114,762,776,648,762
1,<environment.Job instance at 0x14744803f050>,94,3,[ 2 14],137,818,821,681,818
1,<environment.Job instance at 0x14744803f460>,98,1,[11  2],143,821,822,678,819
1,<environment.Job instance at 0x14744803f0f0>,100,2,[2 9],145,821,823,676,819
1,<environment.Job instance at 0x147447dd5190>,101,3,[2 5],147,822,825,675,819
1,<environment.Job instance at 0x14749de0c5f0>,64,3,[5 2],99,915,918,816,915
1,<environment.Job instance at 0x14744d013a00>,34,16,[ 2 12],54,1492,1508,1438,1492
1,<environment.Job instance at 0x1474515af370>,0,2,[7 1],1,3,5,2,3
1,<environment.Job instance at 0x1474515af730>,3,25,[2 5],7,7,32,0,7
1,<environment.Job instance at 0x147447bd01e0>,33,1,[5 1],49,50,51,1,50
1,<environment.Job instance at 0x147447bf0eb0>,32,1,[ 1 14],48,52,53,4,52
1,<environment.Job instance at 0x14744aef14b0>,29,3,[1 6],42,72,75,30,72
1,<environment.Job instance at 0x14744aef1aa0>,28,17,[6 1],41,75,92,34,75
1,<environment.Job instance at 0x14744b7d3460>,64,2,[ 1 10],95,95,97,0,95
1,<environment.Job instance at 0x1474475938c0>,57,16,[7 1],80,100,116,20,100
1,<environment.Job instance at 0x1474516b9370>,70,3,[7 2],104,114,117,10,114
1,<environment.Job instance at 0x147447645f50>,71,2,[7 1],105,116,118,11,114
1,<environment.Job instance at 0x147447645370>,72,3,[6 1],107,117,120,10,114
1,<environment.Job instance at 0x147447645690>,73,1,[2 5],108,117,118,9,114
1,<environment.Job instance at 0x147447a01a00>,74,1,[8 1],112,118,119,6,114
1,<environment.Job instance at 0x14744ae55410>,68,17,[5 1],100,121,138,21,121
1,<environment.Job instance at 0x147447b3ec80>,78,16,[7 2],117,221,237,104,221
1,<environment.Job instance at 0x1474476453c0>,75,15,[14  1],113,237,252,124,225
1,<environment.Job instance at 0x147447b3e500>,80,2,[8 1],119,225,227,106,225
1,<environment.Job instance at 0x147447abe410>,81,1,[7 1],120,227,228,107,225
1,<environment.Job instance at 0x1474515e2a50>,46,12,[7 2],68,252,264,184,241
1,<environment.Job instance at 0x147447abec30>,84,1,[7 1],125,252,253,127,243
1,<environment.Job instance at 0x147447abe870>,86,3,[ 2 13],128,259,262,131,259
1,<environment.Job instance at 0x14744abf4500>,92,2,[2 8],138,262,264,124,259
1,<environment.Job instance at 0x147447abebe0>,82,16,[7 2],121,264,280,143,261
1,<environment.Job instance at 0x14744abf4d20>,94,1,[10  1],143,280,281,137,261
1,<environment.Job instance at 0x14744abf4780>,95,18,[8 2],144,281,299,137,273
1,<environment.Job instance at 0x147452260190>,96,3,[6 1],145,273,276,128,273
1,<environment.Job instance at 0x1474476457d0>,76,1,[12  2],114,299,300,185,291
1,<environment.Job instance at 0x14748c30fb90>,99,1,[1 7],149,296,297,147,296
1,<environment.Job instance at 0x14748c30f730>,100,2,[7 1],150,300,302,150,299
1,<environment.Job instance at 0x1474523175a0>,101,1,[5 1],151,300,301,149,299
1,<environment.Job instance at 0x147452317c30>,103,1,[9 1],156,303,304,147,303
1,<environment.Job instance at 0x14744abf40f0>,91,3,[ 2 13],137,325,328,188,325
1,<environment.Job instance at 0x147452317af0>,105,14,[10  1],159,325,339,166,325
1,<environment.Job instance at 0x147452260690>,98,2,[7 1],148,348,350,200,348
1,<environment.Job instance at 0x147447bb0be0>,0,1,[10  1],2,3,4,1,3
1,<environment.Job instance at 0x147447b85500>,4,1,[5 1],6,9,10,3,9
1,<environment.Job instance at 0x147447b85cd0>,7,3,[9 2],9,11,14,2,11
1,<environment.Job instance at 0x147447bb0cd0>,3,2,[ 1 13],5,14,16,9,14
1,<environment.Job instance at 0x147447bb0b40>,2,18,[12  2],4,17,35,13,17
1,<environment.Job instance at 0x147447b859b0>,6,3,[2 7],8,21,24,13,21
1,<environment.Job instance at 0x147447b856e0>,16,1,[8 1],27,35,36,8,27
1,<environment.Job instance at 0x147447b85fa0>,12,18,[1 7],22,34,52,12,34
1,<environment.Job instance at 0x1474488a8870>,22,1,[1 9],35,52,53,17,43
1,<environment.Job instance at 0x147447d5e640>,32,2,[9 1],51,51,53,0,51
1,<environment.Job instance at 0x1474488a88c0>,21,17,[8 1],34,53,70,19,51
1,<environment.Job instance at 0x14744b857f00>,45,28,[6 2],73,73,101,0,73
1,<environment.Job instance at 0x1474488a8550>,24,15,[9 1],41,78,93,37,78
1,<environment.Job instance at 0x14744aefabe0>,47,3,[8 2],77,93,96,16,81
1,<environment.Job instance at 0x14744aefaf50>,51,1,[10  2],83,102,103,19,102
1,<environment.Job instance at 0x14744aefa320>,48,21,[10  2],79,103,124,24,103
1,<environment.Job instance at 0x147448894fa0>,82,2,[2 9],126,126,128,0,126
1,<environment.Job instance at 0x147448894e60>,84,3,[5 1],128,128,131,0,128
1,<environment.Job instance at 0x147447bab050>,86,3,[12  2],130,140,143,10,140
1,<environment.Job instance at 0x14744aefa500>,58,2,[8 1],92,143,145,51,143
1,<environment.Job instance at 0x147447663370>,96,1,[ 2 10],142,157,158,15,157
1,<environment.Job instance at 0x147447663190>,97,17,[ 2 11],143,240,257,97,240
1,<environment.Job instance at 0x14744af0a410>,103,1,[5 1],158,244,245,86,244
1,<environment.Job instance at 0x14744bd019b0>,94,2,[ 2 14],140,257,259,117,257
1,<environment.Job instance at 0x14744ab775a0>,6,1,[12  1],10,18,19,8,18
1,<environment.Job instance at 0x14744b847960>,1,18,[2 6],4,22,40,18,22
1,<environment.Job instance at 0x147447706a50>,18,27,[1 8],25,25,52,0,25
1,<environment.Job instance at 0x147447aa60a0>,11,3,[2 9],15,52,55,37,29
1,<environment.Job instance at 0x1474502dabe0>,27,1,[5 1],38,42,43,4,42
1,<environment.Job instance at 0x1474516fdf50>,32,1,[7 2],45,45,46,0,45
1,<environment.Job instance at 0x147447354500>,21,17,[6 1],29,54,71,25,54
1,<environment.Job instance at 0x147448135d70>,37,2,[7 2],54,54,56,0,54
1,<environment.Job instance at 0x147447703230>,38,2,[10  1],55,71,73,16,55
1,<environment.Job instance at 0x147447703820>,39,2,[2 7],56,56,58,0,56
1,<environment.Job instance at 0x147447703e60>,40,14,[2 7],57,75,89,18,75
1,<environment.Job instance at 0x14748c556410>,42,3,[13  1],59,83,86,24,83
1,<environment.Job instance at 0x14748c5568c0>,44,2,[5 2],61,90,92,29,90
1,<environment.Job instance at 0x14748c556730>,45,2,[1 9],63,90,92,27,90
1,<environment.Job instance at 0x14748c5566e0>,49,1,[7 1],69,91,92,22,91
1,<environment.Job instance at 0x14744b7e1730>,52,1,[ 1 10],72,92,93,20,92
1,<environment.Job instance at 0x14744b7e1e10>,54,13,[6 2],75,102,115,27,102
1,<environment.Job instance at 0x1474516b70f0>,55,3,[1 8],76,102,105,26,102
1,<environment.Job instance at 0x1474516b7230>,57,3,[2 8],78,108,111,30,108
1,<environment.Job instance at 0x1474516b7a00>,58,16,[5 2],79,112,128,33,112
1,<environment.Job instance at 0x1474516b70a0>,61,1,[ 2 12],82,122,123,40,122
1,<environment.Job instance at 0x1474516b7280>,62,18,[1 6],84,128,146,44,128
1,<environment.Job instance at 0x1474516b7a50>,63,17,[5 2],85,146,163,61,146
1,<environment.Job instance at 0x147452229230>,69,21,[1 8],92,150,171,58,150
1,<environment.Job instance at 0x1474522290f0>,71,1,[1 5],96,159,160,63,159
1,<environment.Job instance at 0x147452229640>,72,2,[1 7],98,163,165,65,159
1,<environment.Job instance at 0x1474522295f0>,73,24,[1 6],100,165,189,65,160
1,<environment.Job instance at 0x147447e95820>,79,17,[1 8],111,195,212,84,195
1,<environment.Job instance at 0x147447e95c30>,81,13,[8 1],113,211,224,98,211
1,<environment.Job instance at 0x147447e95e60>,85,22,[1 5],120,213,235,93,213
1,<environment.Job instance at 0x147447e954b0>,86,1,[6 2],122,214,215,92,214
1,<environment.Job instance at 0x1474476a8820>,91,20,[6 2],128,225,245,97,225
1,<environment.Job instance at 0x1474476a88c0>,96,1,[14  2],135,245,246,110,230
1,<environment.Job instance at 0x1474476a83c0>,100,1,[10  1],139,246,247,107,246
1,<environment.Job instance at 0x147447ce2b40>,102,13,[5 2],141,256,269,115,256
1,<environment.Job instance at 0x147447ce2f00>,104,18,[1 5],143,262,280,119,262
1,<environment.Job instance at 0x1474493b5c30>,111,3,[2 7],154,284,287,130,284
1,<environment.Job instance at 0x1474493b5820>,112,1,[2 5],155,285,286,130,285
1,<environment.Job instance at 0x1474493b5f50>,106,18,[5 2],148,384,402,236,384
1,<environment.Job instance at 0x14744ab98320>,2,20,[8 2],3,3,23,0,3
1,<environment.Job instance at 0x1474523b75f0>,16,2,[ 2 14],21,27,29,6,27
1,<environment.Job instance at 0x14744acbc5a0>,23,1,[1 8],33,33,34,0,33
1,<environment.Job instance at 0x1474477109b0>,25,2,[2 6],36,36,38,0,36
1,<environment.Job instance at 0x147447c9b8c0>,18,1,[2 6],24,48,49,24,48
1,<environment.Job instance at 0x14744af5fb40>,30,1,[8 2],42,48,49,6,48
1,<environment.Job instance at 0x14744af5ff00>,31,2,[9 1],43,49,51,6,48
1,<environment.Job instance at 0x1474523b7500>,13,16,[2 5],18,48,64,30,48
1,<environment.Job instance at 0x14744af5f5f0>,37,15,[5 1],52,54,69,2,54
1,<environment.Job instance at 0x14744af5f780>,40,16,[10  1],57,64,80,7,61
1,<environment.Job instance at 0x14744bc7afa0>,60,1,[11  2],79,80,81,1,80
1,<environment.Job instance at 0x14744bc7a500>,62,12,[13  2],81,81,93,0,81
1,<environment.Job instance at 0x14744bc7aaf0>,63,19,[8 1],82,93,112,11,83
1,<environment.Job instance at 0x147447e33a50>,73,1,[9 1],96,112,113,16,108
1,<environment.Job instance at 0x147447e33aa0>,74,1,[10  2],97,113,114,16,108
1,<environment.Job instance at 0x14744881ff00>,29,16,[6 2],40,114,130,74,108
1,<environment.Job instance at 0x14744add3cd0>,78,3,[14  2],103,130,133,27,112
1,<environment.Job instance at 0x14744add3be0>,81,2,[1 6],110,112,114,2,112
1,<environment.Job instance at 0x14744bc950f0>,84,1,[1 6],113,117,118,4,117
1,<environment.Job instance at 0x14744bc95910>,86,2,[2 7],116,118,120,2,118
1,<environment.Job instance at 0x14744bc950a0>,87,3,[1 5],117,118,121,1,118
1,<environment.Job instance at 0x1474493ad460>,91,3,[5 1],127,127,130,0,127
1,<environment.Job instance at 0x14744bc955a0>,90,2,[1 5],126,128,130,2,128
1,<environment.Job instance at 0x1474493ad230>,95,3,[5 2],133,133,136,0,133
1,<environment.Job instance at 0x1474493ad7d0>,92,13,[10  1],128,133,146,5,133
1,<environment.Job instance at 0x1474493e7410>,97,3,[ 2 10],136,136,139,0,136
1,<environment.Job instance at 0x1474493e7730>,98,1,[8 1],137,146,147,9,137
1,<environment.Job instance at 0x1474493adb90>,96,2,[2 8],135,139,141,4,139
1,<environment.Job instance at 0x1474493e7a50>,99,20,[7 2],139,146,166,7,140
1,<environment.Job instance at 0x1474493e7370>,102,2,[1 5],142,142,144,0,142
1,<environment.Job instance at 0x1474493e7870>,103,1,[6 2],143,147,148,4,143
1,<environment.Job instance at 0x1474493e73c0>,104,22,[1 8],144,147,169,3,145
1,<environment.Job instance at 0x14745160eeb0>,109,20,[7 2],149,150,170,1,150
1,<environment.Job instance at 0x14745160eaa0>,106,18,[1 6],146,169,187,23,164
1,<environment.Job instance at 0x14744bc7a550>,61,24,[10  2],80,393,417,313,393
1,<environment.Job instance at 0x14e904aef4b0>,6,16,[2 7],9,18,34,9,18
1,<environment.Job instance at 0x14e904ad5910>,17,3,[6 1],23,23,26,0,23
1,<environment.Job instance at 0x14e904ae5aa0>,19,3,[8 1],26,26,29,0,26
1,<environment.Job instance at 0x14e904b6b5a0>,20,21,[7 1],27,29,50,2,27
1,<environment.Job instance at 0x14e904ae5cd0>,21,22,[8 2],28,37,59,9,37
1,<environment.Job instance at 0x14e904ae6190>,27,3,[2 8],37,50,53,13,40
1,<environment.Job instance at 0x14e9043c6370>,28,2,[1 9],38,53,55,15,42
1,<environment.Job instance at 0x14e9043c4460>,30,3,[1 8],41,55,58,14,42
1,<environment.Job instance at 0x14e9043c4320>,31,3,[8 1],42,59,62,17,48
1,<environment.Job instance at 0x14e9043c4500>,33,2,[5 1],44,50,52,6,49
1,<environment.Job instance at 0x14e9043c4d20>,34,3,[9 2],45,62,65,17,49
1,<environment.Job instance at 0x14e9043c4d70>,35,3,[10  2],47,65,68,18,49
1,<environment.Job instance at 0x14e9043c4820>,36,3,[1 6],48,58,61,10,52
1,<environment.Job instance at 0x14e9043c4e60>,37,2,[2 7],49,58,60,9,54
1,<environment.Job instance at 0x14e904640a50>,38,2,[8 2],50,68,70,18,55
1,<environment.Job instance at 0x14e904640e60>,39,14,[2 5],51,60,74,9,59
1,<environment.Job instance at 0x14e904636be0>,47,14,[5 1],60,74,88,14,74
1,<environment.Job instance at 0x14e90463cc30>,58,3,[6 1],83,83,86,0,83
1,<environment.Job instance at 0x14e90463c7d0>,59,2,[12  2],85,88,90,3,85
1,<environment.Job instance at 0x14e9043cd140>,61,2,[5 2],87,90,92,3,87
1,<environment.Job instance at 0x14e9043cd2d0>,62,2,[1 5],89,89,91,0,89
1,<environment.Job instance at 0x14e9043cd280>,63,2,[7 2],90,90,92,0,90
1,<environment.Job instance at 0x14e9043cd460>,64,18,[1 7],91,91,109,0,91
1,<environment.Job instance at 0x14e9043cd6e0>,68,1,[1 5],98,106,107,8,106
1,<environment.Job instance at 0x14e9043cd820>,67,15,[1 9],95,122,137,27,122
1,<environment.Job instance at 0x14e9043d3c80>,83,2,[9 1],123,123,125,0,123
1,<environment.Job instance at 0x14e9043d3dc0>,85,2,[1 5],125,126,128,1,126
1,<environment.Job instance at 0x14e9043d5230>,86,3,[2 5],127,128,131,1,127
1,<environment.Job instance at 0x14e9043d51e0>,87,3,[8 1],128,128,131,0,128
1,<environment.Job instance at 0x14e9043d5320>,88,3,[1 6],129,131,134,2,129
1,<environment.Job instance at 0x14e9043d5460>,89,15,[6 2],132,142,157,10,142
1,<environment.Job instance at 0x14e9043d5960>,93,18,[1 5],137,155,173,18,155
1,<environment.Job instance at 0x14e9043d9460>,102,1,[1 8],154,156,157,2,156
1,<environment.Job instance at 0x14e9043d97d0>,103,2,[2 5],156,157,159,1,156
1,<environment.Job instance at 0x14e9043d9780>,104,13,[12  2],158,159,172,1,159
1,<environment.Job instance at 0x14e9043d9a50>,105,1,[9 2],159,172,173,13,159
1,<environment.Job instance at 0x14e9043d3370>,75,17,[9 2],110,173,190,63,168
1,<environment.Job instance at 0x14e9043db460>,112,3,[9 1],167,190,193,23,169
1,<environment.Job instance at 0x14e9043f0d20>,1,3,[10  2],5,5,8,0,5
1,<environment.Job instance at 0x14e911963280>,10,1,[1 9],16,16,17,0,16
1,<environment.Job instance at 0x14e911963dc0>,11,3,[ 1 10],17,17,20,0,17
1,<environment.Job instance at 0x14e911963aa0>,12,2,[5 1],19,19,21,0,19
1,<environment.Job instance at 0x14e904a9c3c0>,2,16,[6 1],7,21,37,14,21
1,<environment.Job instance at 0x14e9118e37d0>,13,12,[1 9],20,22,34,2,22
1,<environment.Job instance at 0x14e912556e60>,16,27,[5 2],23,26,53,3,26
1,<environment.Job instance at 0x14e911c03c30>,25,12,[2 6],34,53,65,19,53
1,<environment.Job instance at 0x14e911963320>,7,14,[12  1],13,60,74,47,60
1,<environment.Job instance at 0x14e91246a7d0>,28,26,[2 5],48,67,93,19,67
1,<environment.Job instance at 0x14e9124633c0>,34,25,[1 8],55,73,98,18,73
1,<environment.Job instance at 0x14e912463e60>,35,26,[2 9],56,98,124,42,95
1,<environment.Job instance at 0x14e91255c460>,45,2,[9 2],70,119,121,49,119
1,<environment.Job instance at 0x14e9119198c0>,47,1,[10  1],73,121,122,48,120
1,<environment.Job instance at 0x14e9119199b0>,48,2,[6 1],74,122,124,48,122
1,<environment.Job instance at 0x14e91255c550>,44,18,[2 8],69,124,142,55,124
1,<environment.Job instance at 0x14e912468140>,53,2,[1 5],82,127,129,45,127
1,<environment.Job instance at 0x14e9118d9460>,69,2,[5 2],108,140,142,32,140
1,<environment.Job instance at 0x14e9118d9500>,70,2,[1 5],109,140,142,31,140
1,<environment.Job instance at 0x14e9118d93c0>,71,1,[7 2],110,142,143,32,141
1,<environment.Job instance at 0x14e9118d90a0>,74,2,[2 5],115,142,144,27,142
1,<environment.Job instance at 0x14e9118d9f00>,79,2,[7 1],120,154,156,34,154
1,<environment.Job instance at 0x14e9118d9a50>,80,2,[1 8],121,154,156,33,154
1,<environment.Job instance at 0x14e9118d9050>,81,2,[12  1],122,156,158,34,154
1,<environment.Job instance at 0x14e911912fa0>,82,3,[9 2],123,158,161,35,154
1,<environment.Job instance at 0x14e911912af0>,83,27,[5 1],124,158,185,34,157
1,<environment.Job instance at 0x14e9118b4be0>,56,1,[7 1],89,193,194,104,193
1,<environment.Job instance at 0x14e9118fc5f0>,86,2,[5 1],127,198,200,71,198
1,<environment.Job instance at 0x14e9118fcaf0>,87,1,[6 1],129,201,202,72,201
1,<environment.Job instance at 0x14e9118fc960>,88,1,[8 1],131,201,202,70,201
1,<environment.Job instance at 0x14e9118fc690>,85,17,[1 9],126,1164,1181,1038,1164
1,<environment.Job instance at 0x14e9118fcdc0>,84,17,[10  1],125,2149,2166,2024,2149
1,<environment.Job instance at 0x14e9125503c0>,92,1,[6 2],138,2264,2265,2126,2264
1,<environment.Job instance at 0x14e912550500>,94,2,[2 8],140,2267,2269,2127,2267
1,<environment.Job instance at 0x14e9125501e0>,95,12,[1 9],141,2269,2281,2128,2267
1,<environment.Job instance at 0x14e9118b33c0>,102,2,[ 1 10],151,2281,2283,2130,2278
1,<environment.Job instance at 0x14e9118b3960>,103,2,[6 1],152,2278,2280,2126,2278
1,<environment.Job instance at 0x14e9118b3b90>,104,2,[10  2],153,2280,2282,2127,2278
1,<environment.Job instance at 0x14e911932140>,107,1,[9 1],158,2282,2283,2124,2281
1,<environment.Job instance at 0x14e9119329b0>,108,3,[1 9],159,2283,2286,2124,2282
1,<environment.Job instance at 0x14e911932cd0>,109,26,[1 7],160,2286,2312,2126,2283
1,<environment.Job instance at 0x14e9119324b0>,110,2,[6 2],161,2290,2292,2129,2290
1,<environment.Job instance at 0x14e911932820>,111,2,[2 6],164,2290,2292,2126,2290
1,<environment.Job instance at 0x14e911932050>,112,1,[1 7],165,2292,2293,2127,2291
1,<environment.Job instance at 0x14e911932690>,113,2,[10  2],166,2293,2295,2127,2292
1,<environment.Job instance at 0x14e911932500>,116,1,[7 2],169,2296,2297,2127,2296
1,<environment.Job instance at 0x14e912550140>,89,13,[5 2],132,2541,2554,2409,2541
1,<environment.Job instance at 0x14e911c03b90>,24,3,[11  1],33,2557,2560,2524,2557
1,<environment.Job instance at 0x14e9119f2d70>,2,2,[8 1],3,3,5,0,3
1,<environment.Job instance at 0x14e94856d050>,8,25,[2 6],11,11,36,0,11
1,<environment.Job instance at 0x14e903dcb5a0>,17,1,[1 7],30,33,34,3,33
1,<environment.Job instance at 0x14e903d68460>,20,3,[1 6],34,35,38,1,35
1,<environment.Job instance at 0x14e903dc8870>,21,1,[ 1 13],35,38,39,3,35
1,<environment.Job instance at 0x14e903d68640>,22,2,[1 5],36,36,38,0,36
1,<environment.Job instance at 0x14e948577dc0>,24,2,[10  1],38,40,42,2,40
1,<environment.Job instance at 0x14e904dd34b0>,25,1,[12  2],40,42,43,2,41
1,<environment.Job instance at 0x14e948020d70>,26,3,[2 5],42,42,45,0,42
1,<environment.Job instance at 0x14e948020960>,27,3,[1 7],43,43,46,0,43
1,<environment.Job instance at 0x14e948020460>,28,3,[5 1],44,45,48,1,45
1,<environment.Job instance at 0x14e9480200a0>,29,1,[8 1],45,45,46,0,45
1,<environment.Job instance at 0x14e948020370>,30,1,[9 1],46,47,48,1,47
1,<environment.Job instance at 0x14e9489552d0>,32,17,[10  1],48,48,65,0,48
1,<environment.Job instance at 0x14e91058a0f0>,36,22,[1 7],54,54,76,0,54
1,<environment.Job instance at 0x14e9042fe460>,39,2,[7 1],62,94,96,32,94
1,<environment.Job instance at 0x14e904aa8870>,53,2,[9 2],82,97,99,15,97
1,<environment.Job instance at 0x14e904aa82d0>,52,16,[1 5],81,106,122,25,106
1,<environment.Job instance at 0x14e904aa80a0>,50,13,[5 1],79,157,170,78,157
1,<environment.Job instance at 0x14e90720c910>,62,1,[13  1],93,171,172,78,171
1,<environment.Job instance at 0x14e90720cbe0>,63,22,[7 2],95,200,222,105,200
1,<environment.Job instance at 0x14e90720c550>,58,2,[8 2],89,225,227,136,225
1,<environment.Job instance at 0x14e910565230>,69,3,[7 1],105,230,233,125,230
1,<environment.Job instance at 0x14e90720c8c0>,59,15,[10  2],90,255,270,165,255
1,<environment.Job instance at 0x14e904312640>,78,22,[9 1],115,270,292,155,263
1,<environment.Job instance at 0x14e907ec7af0>,70,3,[10  2],106,292,295,186,278
1,<environment.Job instance at 0x14e9043122d0>,84,3,[ 2 12],122,280,283,158,280
1,<environment.Job instance at 0x14e904312f00>,79,16,[8 1],117,353,369,236,353
1,<environment.Job instance at 0x14e904312410>,85,12,[8 2],123,369,381,246,369
1,<environment.Job instance at 0x14e904312960>,87,2,[1 6],127,374,376,247,374
1,<environment.Job instance at 0x14e9043121e0>,88,1,[12  1],128,381,382,253,374
1,<environment.Job instance at 0x14e904312370>,83,26,[10  1],121,386,412,265,386
1,<environment.Job instance at 0x14e904312320>,90,1,[7 1],133,412,413,279,388
1,<environment.Job instance at 0x14e904312aa0>,91,2,[2 5],134,388,390,254,388
1,<environment.Job instance at 0x14e9043125f0>,92,1,[5 2],135,393,394,258,393
1,<environment.Job instance at 0x14e904312190>,86,3,[6 2],125,412,415,287,412
1,<environment.Job instance at 0x14e904312e10>,94,1,[2 5],137,413,414,276,413
1,<environment.Job instance at 0x14e904312230>,93,14,[10  2],136,430,444,294,430
1,<environment.Job instance at 0x14e9043120f0>,96,1,[1 5],139,431,432,292,431
1,<environment.Job instance at 0x14e904312870>,97,1,[8 1],142,444,445,302,431
1,<environment.Job instance at 0x14e904312460>,99,2,[2 7],144,431,433,287,431
1,<environment.Job instance at 0x14e911812b40>,100,1,[5 2],145,433,434,288,431
1,<environment.Job instance at 0x14e911812730>,101,1,[1 5],148,432,433,284,431
1,<environment.Job instance at 0x14e9118123c0>,102,2,[6 1],149,444,446,295,431
1,<environment.Job instance at 0x14e9043125a0>,98,2,[7 1],143,445,447,302,438
1,<environment.Job instance at 0x14e911812820>,104,2,[2 6],151,439,441,288,439
1,<environment.Job instance at 0x14e911812190>,105,1,[7 1],152,446,447,294,439
1,<environment.Job instance at 0x14e911812370>,106,13,[1 8],153,505,518,352,505
1,<environment.Job instance at 0x14e9118121e0>,107,3,[ 2 10],154,526,529,372,526
1,<environment.Job instance at 0x14e9118127d0>,103,18,[10  2],150,526,544,376,526
1,<environment.Job instance at 0x14e910555280>,109,18,[2 7],159,534,552,375,534
1,<environment.Job instance at 0x14e910555c30>,111,1,[2 9],162,552,553,390,540
1,<environment.Job instance at 0x14e910555870>,112,2,[ 2 10],165,553,555,388,541
1,<environment.Job instance at 0x14e9117ba2d0>,113,2,[7 1],166,544,546,378,542
1,<environment.Job instance at 0x14e9117ba550>,114,3,[1 5],167,548,551,381,548
1,<environment.Job instance at 0x14e9117ba370>,115,2,[5 2],168,548,550,380,548
1,<environment.Job instance at 0x14e9117bac30>,116,1,[10  2],169,550,551,381,548
1,<environment.Job instance at 0x14e9119f2e60>,1,3,[13  2],2,670,673,668,670
1,<environment.Job instance at 0x14e907186280>,2,2,[2 9],4,4,6,0,4
1,<environment.Job instance at 0x14e903be3aa0>,1,1,[8 2],3,11,12,8,11
1,<environment.Job instance at 0x14e903be6230>,10,2,[7 2],20,21,23,1,21
1,<environment.Job instance at 0x14e903b9c690>,12,17,[1 6],23,23,40,0,23
1,<environment.Job instance at 0x14e904060190>,16,2,[6 1],29,29,31,0,29
1,<environment.Job instance at 0x14e904ab8f00>,6,12,[10  1],11,31,43,20,30
1,<environment.Job instance at 0x14e911c09d20>,25,1,[6 1],40,43,44,3,41
1,<environment.Job instance at 0x14e903c1c0f0>,28,3,[2 7],45,45,48,0,45
1,<environment.Job instance at 0x14e903c1cbe0>,27,3,[7 1],43,45,48,2,45
1,<environment.Job instance at 0x14e903c1c960>,29,1,[8 1],46,50,51,4,50
1,<environment.Job instance at 0x14e903c1cb90>,31,12,[1 5],52,52,64,0,52
1,<environment.Job instance at 0x14e903c1c730>,33,18,[2 8],54,54,72,0,54
1,<environment.Job instance at 0x14e906ebe820>,38,17,[2 5],63,68,85,5,68
1,<environment.Job instance at 0x14e906ebe910>,42,2,[2 6],70,72,74,2,70
1,<environment.Job instance at 0x14e904017960>,49,3,[2 5],82,84,87,2,84
1,<environment.Job instance at 0x14e90400d8c0>,51,12,[2 7],86,101,113,15,101
1,<environment.Job instance at 0x14e907b270a0>,46,18,[7 1],77,111,129,34,111
1,<environment.Job instance at 0x14e90406ed20>,69,20,[5 1],111,128,148,17,128
1,<environment.Job instance at 0x14e904064190>,65,14,[8 2],106,144,158,38,144
1,<environment.Job instance at 0x14e9119194b0>,71,2,[9 1],113,158,160,45,145
1,<environment.Job instance at 0x14e903c1c910>,30,13,[10  1],50,160,173,110,146
1,<environment.Job instance at 0x14e911919190>,73,2,[10  1],117,173,175,56,146
1,<environment.Job instance at 0x14e911919cd0>,72,2,[2 7],115,151,153,36,151
1,<environment.Job instance at 0x14e911919960>,86,17,[10  2],136,185,202,49,185
1,<environment.Job instance at 0x14e91188a050>,89,1,[1 5],142,185,186,43,185
1,<environment.Job instance at 0x14e907b52aa0>,95,1,[2 9],150,186,187,36,185
1,<environment.Job instance at 0x14e91188a190>,88,15,[1 5],139,195,210,56,195
1,<environment.Job instance at 0x14e907b52460>,98,2,[1 7],155,206,208,51,206
1,<environment.Job instance at 0x14e904629370>,13,2,[10  2],23,40,42,17,40
1,<environment.Job instance at 0x14e906fac410>,11,3,[ 1 14],17,46,49,29,46
1,<environment.Job instance at 0x14e903dcca00>,21,2,[5 1],33,46,48,13,46
1,<environment.Job instance at 0x14e911898370>,22,2,[2 9],34,49,51,15,46
1,<environment.Job instance at 0x14e9119eecd0>,28,1,[7 2],44,49,50,5,46
1,<environment.Job instance at 0x14e907ca0a50>,44,1,[1 7],64,69,70,5,69
1,<environment.Job instance at 0x14e907ca0230>,46,2,[5 2],66,71,73,5,71
1,<environment.Job instance at 0x14e90565f730>,52,2,[1 5],73,87,89,14,87
1,<environment.Job instance at 0x14e90565f6e0>,56,2,[11  2],77,91,93,14,91
1,<environment.Job instance at 0x14e90565f230>,58,2,[10  1],79,93,95,14,91
1,<environment.Job instance at 0x14e9485990a0>,62,3,[9 1],83,95,98,12,93
1,<environment.Job instance at 0x14e904629640>,14,1,[11  1],24,128,129,104,128
1,<environment.Job instance at 0x14e90565feb0>,51,17,[ 1 14],72,130,147,58,130
1,<environment.Job instance at 0x14e906299410>,66,15,[9 2],89,147,162,58,145
1,<environment.Job instance at 0x14e904b0a140>,82,12,[8 1],114,162,174,48,145
1,<environment.Job instance at 0x14e904b0a7d0>,83,1,[6 1],118,145,146,27,145
1,<environment.Job instance at 0x14e904b0a0f0>,84,2,[7 1],119,162,164,43,145
1,<environment.Job instance at 0x14e904b0a0a0>,85,1,[1 8],120,147,148,27,145
1,<environment.Job instance at 0x14e904b0ab40>,86,18,[1 9],121,164,182,43,163
1,<environment.Job instance at 0x14e904b0a500>,93,14,[9 2],134,179,193,45,179
1,<environment.Job instance at 0x14e904b0a2d0>,95,2,[5 2],136,179,181,43,179
1,<environment.Job instance at 0x14e904dfd0f0>,96,2,[10  2],137,193,195,56,179
1,<environment.Job instance at 0x14e904dfdf50>,97,2,[ 2 14],138,195,197,57,181
1,<environment.Job instance at 0x14e904dfda00>,98,2,[10  1],140,195,197,55,181
1,<environment.Job instance at 0x14e904dfd410>,99,1,[ 2 10],142,182,183,40,182
1,<environment.Job instance at 0x14e904dfd8c0>,100,1,[10  2],144,197,198,53,182
1,<environment.Job instance at 0x14e904dfd460>,101,16,[7 1],145,198,214,53,191
1,<environment.Job instance at 0x14e904dfd870>,102,12,[10  1],146,214,226,68,201
1,<environment.Job instance at 0x14e9118ab4b0>,106,12,[9 2],150,226,238,76,210
1,<environment.Job instance at 0x14e9118abd20>,110,1,[9 2],155,238,239,83,211
1,<environment.Job instance at 0x14e912556320>,113,1,[8 2],160,213,214,53,213
1,<environment.Job instance at 0x14e912556500>,114,2,[2 7],161,214,216,53,214
1,<environment.Job instance at 0x14e9125564b0>,116,20,[ 2 10],164,219,239,55,219
1,<environment.Job instance at 0x14e9071d88c0>,0,2,[2 5],2,5,7,3,5
1,<environment.Job instance at 0x14e9119a7a00>,8,3,[ 2 13],14,16,19,2,16
1,<environment.Job instance at 0x14e9062c13c0>,6,1,[14  2],12,19,20,7,16
1,<environment.Job instance at 0x14e905633140>,20,1,[5 2],35,36,37,1,36
1,<environment.Job instance at 0x14e9124c7d70>,24,1,[9 1],44,44,45,0,44
1,<environment.Job instance at 0x14e906fe4460>,37,22,[9 1],61,61,83,0,61
1,<environment.Job instance at 0x14e907a34a00>,40,15,[ 1 12],64,80,95,16,80
1,<environment.Job instance at 0x14e907be6cd0>,48,23,[6 1],73,83,106,10,80
1,<environment.Job instance at 0x14e907a34730>,44,18,[1 9],68,109,127,41,109
1,<environment.Job instance at 0x14e90719a870>,56,2,[8 2],82,109,111,27,109
1,<environment.Job instance at 0x14e90719a8c0>,57,3,[7 1],83,111,114,28,110
1,<environment.Job instance at 0x14e90719a050>,58,1,[1 8],85,127,128,42,110
1,<environment.Job instance at 0x14e907a3c2d0>,59,1,[8 2],86,121,122,35,121
1,<environment.Job instance at 0x14e90719a190>,60,3,[1 8],90,128,131,38,121
1,<environment.Job instance at 0x14e907a3ccd0>,61,1,[2 6],93,122,123,29,122
1,<environment.Job instance at 0x14e907a465a0>,62,1,[2 7],95,127,128,32,124
1,<environment.Job instance at 0x14e907a46b90>,63,1,[7 1],96,130,131,34,130
1,<environment.Job instance at 0x14e907a46230>,64,3,[6 2],98,140,143,42,140
1,<environment.Job instance at 0x14e907a46d20>,65,2,[2 6],100,141,143,41,141
1,<environment.Job instance at 0x14e907a467d0>,68,2,[10  2],103,143,145,40,141
1,<environment.Job instance at 0x14e9118fc050>,69,3,[10  1],104,145,148,41,141
1,<environment.Job instance at 0x14e9118fc460>,70,2,[ 1 10],106,143,145,37,141
1,<environment.Job instance at 0x14e9118fca00>,74,1,[1 7],111,141,142,30,141
1,<environment.Job instance at 0x14e9118fc9b0>,75,2,[2 8],112,145,147,33,141
1,<environment.Job instance at 0x14e9118fc7d0>,76,3,[8 1],113,148,151,35,141
1,<environment.Job instance at 0x14e9118fc820>,77,2,[2 6],114,145,147,31,141
1,<environment.Job instance at 0x14e907a46190>,67,17,[9 1],102,151,168,49,150
1,<environment.Job instance at 0x14e9118fc500>,82,3,[ 2 12],121,191,194,70,191
1,<environment.Job instance at 0x14e9118fc870>,83,2,[1 5],122,195,197,73,195
1,<environment.Job instance at 0x14e910054820>,84,16,[7 1],124,195,211,71,195
1,<environment.Job instance at 0x14e910054280>,85,3,[ 2 10],125,213,216,88,213
1,<environment.Job instance at 0x14e9100541e0>,86,19,[10  1],127,213,232,86,213
1,<environment.Job instance at 0x14e910054e10>,87,2,[1 9],129,228,230,99,228
1,<environment.Job instance at 0x14e910054050>,88,1,[2 9],131,230,231,99,229
1,<environment.Job instance at 0x14e910054c30>,89,2,[ 2 10],132,234,236,102,234
1,<environment.Job instance at 0x14e910054be0>,90,3,[2 9],133,238,241,105,238
1,<environment.Job instance at 0x14e910054c80>,92,3,[10  2],136,239,242,103,239
1,<environment.Job instance at 0x14e910054a50>,94,2,[8 1],138,248,250,110,248
1,<environment.Job instance at 0x14e9100546e0>,95,1,[2 6],139,248,249,109,248
1,<environment.Job instance at 0x14e910054780>,96,1,[9 2],140,250,251,110,248
1,<environment.Job instance at 0x14e9100549b0>,97,2,[ 1 10],141,249,251,108,248
1,<environment.Job instance at 0x14e907a9a8c0>,98,3,[10  2],142,251,254,109,248
1,<environment.Job instance at 0x14e907a9ab40>,99,14,[7 2],145,254,268,109,253
1,<environment.Job instance at 0x14e907a9a1e0>,100,12,[2 5],146,279,291,133,279
1,<environment.Job instance at 0x14e907a9ab90>,101,1,[1 5],148,279,280,131,279
1,<environment.Job instance at 0x14e907a9a3c0>,102,3,[8 2],150,282,285,132,282
1,<environment.Job instance at 0x14e907a76b40>,103,15,[5 1],151,306,321,155,306
1,<environment.Job instance at 0x14e910054e60>,93,14,[2 9],137,538,552,401,538
1,<environment.Job instance at 0x14e907a766e0>,106,12,[7 2],154,562,574,408,562
1,<environment.Job instance at 0x14e907a76140>,107,2,[2 7],155,567,569,412,567
1,<environment.Job instance at 0x14e907a76230>,104,17,[5 2],152,600,617,448,600
1,<environment.Job instance at 0x14e907a762d0>,109,13,[5 1],157,627,640,470,627
1,<environment.Job instance at 0x14e907a76460>,110,3,[5 2],158,630,633,472,630
1,<environment.Job instance at 0x14e907a76e60>,111,1,[8 2],160,634,635,474,634
1,<environment.Job instance at 0x14e9118e5640>,112,3,[10  2],161,638,641,477,638
1,<environment.Job instance at 0x14e9118e5a50>,113,1,[5 2],162,640,641,478,638
1,<environment.Job instance at 0x14e9118e5370>,114,2,[14  1],163,641,643,478,638
1,<environment.Job instance at 0x14e907a768c0>,108,12,[2 6],156,1781,1793,1625,1781
1,<environment.Job instance at 0x14e9118e57d0>,117,15,[ 1 10],166,2463,2478,2297,2463
1,<environment.Job instance at 0x14e9118e5280>,115,22,[6 2],164,2471,2493,2307,2471
1,<environment.Job instance at 0x14e9118e5e60>,119,1,[12  2],168,2493,2494,2325,2471
1,<environment.Job instance at 0x14e9118e5410>,120,2,[1 6],169,2478,2480,2309,2471
1,<environment.Job instance at 0x14e9124eb550>,3,1,[1 5],9,9,10,0,9
1,<environment.Job instance at 0x14e9124eb230>,4,2,[6 2],10,12,14,2,12
1,<environment.Job instance at 0x14e9124eb2d0>,5,2,[5 1],12,12,14,0,12
1,<environment.Job instance at 0x14e903e69370>,24,3,[2 8],41,46,49,5,46
1,<environment.Job instance at 0x14e9487d11e0>,18,20,[14  1],33,49,69,16,47
1,<environment.Job instance at 0x14e9124686e0>,22,2,[2 5],39,47,49,8,47
1,<environment.Job instance at 0x14e904253460>,29,3,[7 2],47,69,72,22,47
1,<environment.Job instance at 0x14e907efdd70>,30,1,[1 7],48,51,52,3,51
1,<environment.Job instance at 0x14e9042e6cd0>,34,2,[10  1],52,72,74,20,55
1,<environment.Job instance at 0x14e9487d1140>,25,3,[6 1],42,74,77,32,70
1,<environment.Job instance at 0x14e9041c4aa0>,39,3,[7 1],62,74,77,12,74
1,<environment.Job instance at 0x14e9041c42d0>,41,2,[ 1 11],65,75,77,10,75
1,<environment.Job instance at 0x14e9041c4e10>,42,2,[7 2],67,77,79,10,75
1,<environment.Job instance at 0x14e9041c4500>,40,1,[9 2],63,79,80,16,75
1,<environment.Job instance at 0x14e9041ed4b0>,44,1,[7 2],69,77,78,8,75
1,<environment.Job instance at 0x14e9041edd70>,45,1,[ 1 10],70,77,78,7,75
1,<environment.Job instance at 0x14e911931370>,33,3,[ 1 12],51,78,81,27,75
1,<environment.Job instance at 0x14e9041ed910>,47,3,[2 6],72,81,84,9,75
1,<environment.Job instance at 0x14e9041ed320>,48,27,[1 5],75,81,108,6,79
1,<environment.Job instance at 0x14e9124e2dc0>,49,2,[2 5],77,84,86,7,79
1,<environment.Job instance at 0x14e904389280>,50,2,[8 2],78,80,82,2,79
1,<environment.Job instance at 0x14e9041c4460>,43,17,[9 1],68,84,101,16,84
1,<environment.Job instance at 0x14e9041bea50>,55,3,[14  2],86,101,104,15,89
1,<environment.Job instance at 0x14e9041be370>,56,2,[8 2],88,104,106,16,91
1,<environment.Job instance at 0x14e9041bebe0>,57,3,[9 2],89,106,109,17,98
1,<environment.Job instance at 0x14e904b86cd0>,51,14,[ 1 11],80,108,122,28,101
1,<environment.Job instance at 0x14e9119757d0>,60,12,[8 1],92,109,121,17,101
1,<environment.Job instance at 0x14e903d32410>,67,2,[6 1],102,104,106,2,102
1,<environment.Job instance at 0x14e906ff4140>,70,2,[5 2],105,106,108,1,105
1,<environment.Job instance at 0x14e907c89550>,74,3,[1 9],110,122,125,12,110
1,<environment.Job instance at 0x14e904e07730>,77,27,[ 2 10],116,125,152,9,123
1,<environment.Job instance at 0x14e907c87a00>,72,13,[7 2],108,125,138,17,125
1,<environment.Job instance at 0x14e904e07f00>,80,13,[10  2],120,138,151,18,128
1,<environment.Job instance at 0x14e904e07fa0>,83,2,[1 5],124,151,153,27,132
1,<environment.Job instance at 0x14e904e079b0>,84,3,[9 1],125,152,155,27,132
1,<environment.Job instance at 0x14e90434f960>,85,19,[2 5],126,155,174,29,155
1,<environment.Job instance at 0x14e904a64e10>,92,1,[2 9],134,155,156,21,155
1,<environment.Job instance at 0x14e904a647d0>,93,1,[1 8],136,156,157,20,156
1,<environment.Job instance at 0x14e907f606e0>,91,3,[ 1 14],132,174,177,42,165
1,<environment.Job instance at 0x14e906f501e0>,98,16,[1 5],142,177,193,35,166
1,<environment.Job instance at 0x14e906f50dc0>,99,2,[9 2],143,166,168,23,166
1,<environment.Job instance at 0x14e906f50f00>,110,27,[5 1],159,168,195,9,168
1,<environment.Job instance at 0x14e906f50b90>,113,25,[ 1 10],164,193,218,29,189
1,<environment.Job instance at 0x14e906f50be0>,105,17,[1 9],151,443,460,292,443
1,<environment.Job instance at 0x14e94880cc30>,2,1,[1 8],7,7,8,0,7
1,<environment.Job instance at 0x14e9100261e0>,6,23,[2 9],13,13,36,0,13
1,<environment.Job instance at 0x14e903dd9a50>,11,1,[1 6],18,18,19,0,18
1,<environment.Job instance at 0x14e903dd9320>,12,2,[2 6],19,19,21,0,19
1,<environment.Job instance at 0x14e910026e60>,8,12,[1 7],15,36,48,21,22
1,<environment.Job instance at 0x14e9071aa5f0>,9,24,[8 1],16,22,46,6,22
1,<environment.Job instance at 0x14e903dd9d20>,15,2,[1 5],24,24,26,0,24
1,<environment.Job instance at 0x14e948155140>,25,1,[ 1 10],38,48,49,10,39
1,<environment.Job instance at 0x14e912465640>,26,18,[1 9],39,49,67,10,46
1,<environment.Job instance at 0x14e907b3d870>,27,12,[1 9],41,68,80,27,68
1,<environment.Job instance at 0x14e906f610a0>,30,3,[9 2],44,70,73,26,70
1,<environment.Job instance at 0x14e906e3eaa0>,32,17,[2 7],48,80,97,32,72
1,<environment.Job instance at 0x14e906e3ef50>,33,2,[1 6],49,73,75,24,73
1,<environment.Job instance at 0x14e9041736e0>,35,1,[6 2],51,77,78,26,77
1,<environment.Job instance at 0x14e9118973c0>,36,2,[1 7],53,80,82,27,77
1,<environment.Job instance at 0x14e904b88690>,37,17,[5 1],54,78,95,24,78
1,<environment.Job instance at 0x14e9487b8e60>,41,17,[1 8],58,95,112,37,84
1,<environment.Job instance at 0x14e9487b8be0>,42,18,[8 1],59,97,115,38,86
1,<environment.Job instance at 0x14e91012cd70>,47,1,[13  2],65,115,116,50,108
1,<environment.Job instance at 0x14e91012cfa0>,50,18,[1 8],69,113,131,44,113
1,<environment.Job instance at 0x14e91012ca00>,51,1,[1 6],70,113,114,43,113
1,<environment.Job instance at 0x14e9487ae280>,52,16,[1 7],71,116,132,45,115
1,<environment.Job instance at 0x14e903dd9960>,13,17,[10  2],20,131,148,111,123
1,<environment.Job instance at 0x14e94805f0a0>,60,2,[1 6],80,131,133,51,123
1,<environment.Job instance at 0x14e94805f820>,61,2,[7 2],82,148,150,66,132
1,<environment.Job instance at 0x14e907bc9960>,62,1,[ 2 10],83,133,134,50,133
1,<environment.Job instance at 0x14e907bc90f0>,64,2,[2 6],87,137,139,50,137
1,<environment.Job instance at 0x14e907bc9e10>,65,15,[10  2],88,150,165,62,137
1,<environment.Job instance at 0x14e907bc95f0>,66,2,[6 2],89,148,150,59,137
1,<environment.Job instance at 0x14e907bc95a0>,67,15,[7 1],90,165,180,75,151
1,<environment.Job instance at 0x14e907bc9eb0>,68,2,[2 7],91,151,153,60,151
1,<environment.Job instance at 0x14e907bc9320>,69,1,[7 2],92,165,166,73,151
1,<environment.Job instance at 0x14e907bc9230>,70,1,[1 9],93,153,154,60,151
1,<environment.Job instance at 0x14e907bc9460>,71,1,[1 8],94,154,155,60,151
1,<environment.Job instance at 0x14e907bc9640>,73,1,[10  1],97,180,181,83,162
1,<environment.Job instance at 0x14e907bc9730>,74,1,[6 2],98,166,167,68,162
1,<environment.Job instance at 0x14e907bc9e60>,75,22,[10  1],100,181,203,81,174
1,<environment.Job instance at 0x14e907bc9780>,76,20,[9 2],101,203,223,102,194
1,<environment.Job instance at 0x14e907bc9550>,77,2,[8 2],103,223,225,120,196
1,<environment.Job instance at 0x14e907bc6cd0>,78,1,[2 7],105,196,197,91,196
1,<environment.Job instance at 0x14e907bc6820>,79,1,[1 8],106,197,198,91,197
1,<environment.Job instance at 0x14e907bc63c0>,80,1,[7 1],107,223,224,116,197
1,<environment.Job instance at 0x14e907bc6dc0>,81,3,[5 2],108,198,201,90,198
1,<environment.Job instance at 0x14e907bc6780>,82,1,[10  1],109,225,226,116,198
1,<environment.Job instance at 0x14e907bc6f00>,83,1,[ 1 10],110,201,202,91,198
1,<environment.Job instance at 0x14e907bc6550>,84,1,[2 5],111,202,203,91,198
1,<environment.Job instance at 0x14e907bc6eb0>,85,2,[ 1 10],112,203,205,91,199
1,<environment.Job instance at 0x14e907bc65f0>,86,2,[2 8],113,205,207,92,199
1,<environment.Job instance at 0x14e907bc67d0>,89,1,[5 2],120,203,204,83,203
1,<environment.Job instance at 0x14e907be3d20>,90,1,[9 2],121,226,227,105,203
1,<environment.Job instance at 0x14e907be32d0>,91,2,[8 2],122,227,229,105,203
1,<environment.Job instance at 0x14e907be36e0>,92,1,[6 2],123,207,208,84,203
1,<environment.Job instance at 0x14e907be3b40>,94,18,[ 2 11],126,229,247,103,229
1,<environment.Job instance at 0x14e907be3500>,95,2,[8 2],128,229,231,101,229
1,<environment.Job instance at 0x14e907be3dc0>,96,1,[7 2],129,231,232,102,229
1,<environment.Job instance at 0x14e907be38c0>,97,25,[2 5],130,247,272,117,243
1,<environment.Job instance at 0x14e907be3a50>,98,3,[1 8],131,247,250,116,243
1,<environment.Job instance at 0x14e907be3780>,99,17,[7 1],132,244,261,112,244
1,<environment.Job instance at 0x14e907be3e10>,100,2,[10  1],133,261,263,128,245
1,<environment.Job instance at 0x14e907be3550>,101,1,[8 2],134,263,264,129,245
1,<environment.Job instance at 0x14e907be3870>,102,2,[5 1],135,246,248,111,246
1,<environment.Job instance at 0x14e907be37d0>,103,2,[6 1],136,250,252,114,246
1,<environment.Job instance at 0x14e907be3af0>,104,3,[6 2],137,252,255,115,250
1,<environment.Job instance at 0x14e907bc45a0>,105,3,[10  1],138,264,267,126,250
1,<environment.Job instance at 0x14e907bc9c80>,63,17,[10  2],86,267,284,181,255
1,<environment.Job instance at 0x14e907bc46e0>,107,3,[1 7],140,255,258,115,255
1,<environment.Job instance at 0x14e907bc4190>,108,3,[2 7],141,258,261,117,255
1,<environment.Job instance at 0x14e907bc41e0>,109,1,[9 1],144,284,285,140,256
1,<environment.Job instance at 0x14e907bc4640>,110,18,[2 8],148,265,283,117,265
1,<environment.Job instance at 0x14e907bc47d0>,111,2,[2 8],150,283,285,133,265
1,<environment.Job instance at 0x14e907bc40a0>,112,2,[2 5],151,272,274,121,265
1,<environment.Job instance at 0x14e907bc4780>,106,18,[2 7],139,285,303,146,277
1,<environment.Job instance at 0x14e907bc4410>,115,1,[10  2],155,285,286,130,277
1,<environment.Job instance at 0x14e907bc48c0>,113,16,[8 1],153,288,304,135,288
1,<environment.Job instance at 0x14e907bc4e10>,116,18,[5 2],156,297,315,141,297
1,<environment.Job instance at 0x14e907bc4f50>,118,27,[5 1],158,304,331,146,302
1,<environment.Job instance at 0x14e903f23e60>,120,2,[2 9],162,308,310,146,308
1,<environment.Job instance at 0x14e903f23e10>,121,27,[9 2],163,315,342,152,313
1,<environment.Job instance at 0x14e903f23d70>,122,16,[9 1],164,342,358,178,329
1,<environment.Job instance at 0x14e903f23f00>,123,2,[2 9],166,331,333,165,329
1,<environment.Job instance at 0x14e903f23d20>,124,12,[8 1],169,358,370,189,344
1,<environment.Job instance at 0x14e907bc40f0>,117,17,[9 1],157,417,434,260,417
1,<environment.Job instance at 0x14e9070c4fa0>,1,3,[9 2],3,3,6,0,3
1,<environment.Job instance at 0x14e90411d5f0>,6,1,[1 8],15,17,18,2,17
1,<environment.Job instance at 0x14e906f50f50>,9,1,[2 5],19,19,20,0,19
1,<environment.Job instance at 0x14e90411dd20>,5,13,[9 2],14,857,870,843,857
1,<environment.Job instance at 0x14e9124c7e60>,11,20,[9 1],25,870,890,845,870
1,<environment.Job instance at 0x14e906f50820>,12,1,[9 1],26,893,894,867,893
1,<environment.Job instance at 0x14e906f50730>,13,1,[2 9],28,902,903,874,902
1,<environment.Job instance at 0x14e904aa01e0>,14,1,[1 7],29,915,916,886,915
1,<environment.Job instance at 0x14e906f507d0>,15,18,[2 6],30,2280,2298,2250,2280
1,<environment.Job instance at 0x14e906f50780>,10,22,[9 2],20,2297,2319,2277,2297
1,<environment.Job instance at 0x14e907b84280>,17,2,[2 5],33,2310,2312,2277,2310
1,<environment.Job instance at 0x14e904282640>,18,3,[2 6],34,2314,2317,2280,2314
1,<environment.Job instance at 0x14e903be6460>,16,2,[7 2],32,2320,2322,2288,2320
1,<environment.Job instance at 0x14e906d5cbe0>,20,3,[8 2],37,2322,2325,2285,2322
1,<environment.Job instance at 0x14e9487d1820>,21,2,[2 7],38,2325,2327,2287,2325
1,<environment.Job instance at 0x14e906d5c2d0>,22,2,[2 8],40,2330,2332,2290,2330
1,<environment.Job instance at 0x14e907f697d0>,23,1,[6 2],42,2333,2334,2291,2333
1,<environment.Job instance at 0x14e9487ee910>,24,3,[1 6],43,2358,2361,2315,2358
1,<environment.Job instance at 0x14e948814a00>,25,1,[2 6],44,2366,2367,2322,2366
1,<environment.Job instance at 0x14e9101380f0>,26,2,[ 2 10],45,2369,2371,2324,2369
1,<environment.Job instance at 0x14e907c245f0>,27,16,[9 2],46,2767,2783,2721,2767
1,<environment.Job instance at 0x14e906d5c320>,29,3,[ 2 10],49,2834,2837,2785,2834
1,<environment.Job instance at 0x14e903beecd0>,31,1,[9 1],51,2838,2839,2787,2838
1,<environment.Job instance at 0x14e907f48c30>,32,1,[2 7],53,2838,2839,2785,2838
1,<environment.Job instance at 0x14e9100f4460>,33,2,[8 1],54,2841,2843,2787,2841
1,<environment.Job instance at 0x14e907a32230>,6,2,[2 7],12,12,14,0,12
1,<environment.Job instance at 0x14e90404d050>,21,1,[ 1 11],30,32,33,2,32
1,<environment.Job instance at 0x14e904097460>,26,1,[2 6],37,37,38,0,37
1,<environment.Job instance at 0x14e906fd5c80>,40,26,[9 1],62,62,88,0,62
1,<environment.Job instance at 0x14e904057870>,44,1,[ 2 13],67,95,96,28,95
1,<environment.Job instance at 0x14e910146e60>,60,12,[6 1],91,530,542,439,530
1,<environment.Job instance at 0x14e910146e10>,62,2,[2 8],94,530,532,436,530
1,<environment.Job instance at 0x14e90402f730>,64,17,[1 7],97,547,564,450,547
1,<environment.Job instance at 0x14e90402f9b0>,67,1,[7 2],103,591,592,488,591
1,<environment.Job instance at 0x14e90402fd70>,65,16,[8 2],100,596,612,496,596
1,<environment.Job instance at 0x14e911960460>,70,21,[7 1],106,596,617,490,596
1,<environment.Job instance at 0x14e903e93140>,88,1,[6 2],133,748,749,615,748
1,<environment.Job instance at 0x14e905633140>,89,26,[2 8],135,752,778,617,752
1,<environment.Job instance at 0x14e9056335a0>,91,2,[13  1],137,773,775,636,773
1,<environment.Job instance at 0x14e9117bd6e0>,19,3,[8 1],28,775,778,747,773
1,<environment.Job instance at 0x14e903f9db40>,94,19,[1 5],143,775,794,632,774
1,<environment.Job instance at 0x14e9040b5410>,102,12,[2 5],156,793,805,637,793
1,<environment.Job instance at 0x14e9040b56e0>,103,2,[ 2 14],159,805,807,646,805
1,<environment.Job instance at 0x14e9040b57d0>,104,1,[7 2],160,807,808,647,806
1,<environment.Job instance at 0x14e9041edfa0>,106,17,[ 2 10],162,843,860,681,843
1,<environment.Job instance at 0x14e903f9d3c0>,95,3,[2 7],145,862,865,717,862
1,<environment.Job instance at 0x14e9043a8320>,48,12,[ 2 11],73,1067,1079,994,1067
1,<environment.Job instance at 0x14e904100500>,18,1,[11  1],27,1126,1127,1099,1126
1,<environment.Job instance at 0x14e9037aac80>,7,1,[2 7],13,16,17,3,16
1,<environment.Job instance at 0x14e903a14f50>,13,2,[6 2],23,23,25,0,23
1,<environment.Job instance at 0x14e903a14820>,17,3,[1 9],31,31,34,0,31
1,<environment.Job instance at 0x14e9037a5e10>,31,2,[8 2],50,50,52,0,50
1,<environment.Job instance at 0x14e9037205f0>,37,1,[2 8],56,57,58,1,57
1,<environment.Job instance at 0x14e9037207d0>,39,3,[ 1 10],59,59,62,0,59
1,<environment.Job instance at 0x14e9037a56e0>,29,27,[9 1],45,59,86,14,59
1,<environment.Job instance at 0x14e90373b9b0>,43,18,[8 1],64,266,284,202,266
1,<environment.Job instance at 0x14e903713d70>,49,3,[8 2],75,284,287,209,279
1,<environment.Job instance at 0x14e903713a50>,50,1,[8 2],76,287,288,211,281
1,<environment.Job instance at 0x14e9037134b0>,51,18,[2 8],77,363,381,286,363
1,<environment.Job instance at 0x14e9037136e0>,52,1,[1 8],78,381,382,303,371
1,<environment.Job instance at 0x14e9037139b0>,53,27,[1 7],79,378,405,299,378
1,<environment.Job instance at 0x14e903713aa0>,54,1,[8 1],81,405,406,324,405
1,<environment.Job instance at 0x14e9037130a0>,55,1,[5 2],83,405,406,322,405
1,<environment.Job instance at 0x14e903713730>,56,1,[9 2],85,407,408,322,407
1,<environment.Job instance at 0x14e9037132d0>,57,1,[ 1 14],86,408,409,322,407
1,<environment.Job instance at 0x14e903713690>,58,2,[1 7],87,409,411,322,408
1,<environment.Job instance at 0x14e9037133c0>,59,1,[9 1],89,409,410,320,409
1,<environment.Job instance at 0x14e903b1ff00>,62,25,[5 1],92,772,797,680,772
1,<environment.Job instance at 0x14e903b1f8c0>,60,15,[5 2],90,843,858,753,843
1,<environment.Job instance at 0x14e903b1f9b0>,64,2,[2 7],94,844,846,750,844
1,<environment.Job instance at 0x14e903b1f230>,65,2,[2 9],95,846,848,751,845
1,<environment.Job instance at 0x14e903b1f410>,66,1,[2 7],96,850,851,754,850
1,<environment.Job instance at 0x14e903b1fc30>,67,2,[8 1],97,852,854,755,852
1,<environment.Job instance at 0x14e903b1faa0>,68,13,[10  1],100,1486,1499,1386,1486
1,<environment.Job instance at 0x14e903b1f3c0>,63,16,[5 2],93,1608,1624,1515,1608
1,<environment.Job instance at 0x14e903b1fa50>,70,2,[2 9],103,1655,1657,1552,1655
1,<environment.Job instance at 0x14e903b1f4b0>,71,1,[5 2],105,1659,1660,1554,1659
1,<environment.Job instance at 0x14e9038ce640>,72,2,[2 6],106,1686,1688,1580,1686
1,<environment.Job instance at 0x14e903b1fcd0>,73,2,[10  2],107,1688,1690,1581,1688
1,<environment.Job instance at 0x14e903b1f050>,69,16,[9 1],101,1699,1715,1598,1699
1,<environment.Job instance at 0x14e9038ce460>,75,2,[6 1],111,1699,1701,1588,1699
1,<environment.Job instance at 0x14e9038cec30>,76,2,[1 5],112,1701,1703,1589,1699
1,<environment.Job instance at 0x14e9038ce050>,77,3,[ 2 10],113,1703,1706,1590,1700
1,<environment.Job instance at 0x14e9038ceb40>,78,13,[2 8],114,1710,1723,1596,1710
1,<environment.Job instance at 0x14e9038cec80>,79,1,[8 2],115,1715,1716,1600,1710
1,<environment.Job instance at 0x14e9038ce910>,80,1,[5 1],118,1715,1716,1597,1711
1,<environment.Job instance at 0x14e9038ce140>,81,1,[9 1],119,1716,1717,1597,1712
1,<environment.Job instance at 0x14e9038ce870>,82,17,[6 1],120,1717,1734,1597,1715
1,<environment.Job instance at 0x14e9038ceeb0>,83,2,[1 6],121,1716,1718,1595,1715
1,<environment.Job instance at 0x14e90373b5f0>,44,16,[7 2],65,1754,1770,1689,1754
1,<environment.Job instance at 0x14e9038ce5f0>,85,1,[5 2],125,1768,1769,1643,1768
1,<environment.Job instance at 0x14e9038ce6e0>,86,3,[8 2],126,1769,1772,1643,1768
1,<environment.Job instance at 0x14e9038cebe0>,84,20,[10  2],124,1776,1796,1652,1776
1,<environment.Job instance at 0x14e9038ce410>,88,15,[1 6],129,1785,1800,1656,1785
1,<environment.Job instance at 0x14e9038ce780>,89,1,[5 1],130,1796,1797,1666,1787
1,<environment.Job instance at 0x14e9038ce0a0>,90,3,[2 7],132,1787,1790,1655,1787
1,<environment.Job instance at 0x14e9038ce5a0>,91,3,[8 2],134,1796,1799,1662,1787
1,<environment.Job instance at 0x14e9038ce3c0>,92,1,[1 9],135,1799,1800,1664,1787
1,<environment.Job instance at 0x14e9038ce550>,93,1,[8 1],136,1800,1801,1664,1787
1,<environment.Job instance at 0x14e9038cea50>,94,2,[ 1 10],140,1800,1802,1660,1787
1,<environment.Job instance at 0x14e9038cee60>,95,3,[2 7],141,1790,1793,1649,1787
1,<environment.Job instance at 0x14e9038ced20>,96,1,[2 6],144,1793,1794,1649,1787
1,<environment.Job instance at 0x14e90391d140>,97,2,[8 2],145,1801,1803,1656,1788
1,<environment.Job instance at 0x14e90391d3c0>,98,3,[ 2 10],146,1802,1805,1656,1788
1,<environment.Job instance at 0x14e90391daa0>,99,3,[2 6],147,1805,1808,1658,1788
1,<environment.Job instance at 0x14e9038ced70>,74,1,[ 1 14],110,1815,1816,1705,1815
1,<environment.Job instance at 0x14e90391de60>,100,13,[8 1],149,1832,1845,1683,1832
1,<environment.Job instance at 0x14e90391ddc0>,102,2,[6 2],152,1832,1834,1680,1832
1,<environment.Job instance at 0x14e90391d960>,103,2,[9 2],154,1845,1847,1691,1833
1,<environment.Job instance at 0x14e90391d780>,104,3,[6 2],156,1834,1837,1678,1833
1,<environment.Job instance at 0x14e90391d320>,105,1,[1 9],157,1834,1835,1677,1834
1,<environment.Job instance at 0x14e90391d910>,106,17,[6 1],158,1852,1869,1694,1852
1,<environment.Job instance at 0x14e90391d8c0>,107,1,[9 1],159,1853,1854,1694,1853
1,<environment.Job instance at 0x14e90391d1e0>,108,2,[1 9],160,1854,1856,1694,1853
1,<environment.Job instance at 0x14e90391de10>,109,2,[1 5],162,1854,1856,1692,1853
1,<environment.Job instance at 0x14e90391d870>,110,1,[2 9],163,1856,1857,1693,1853
1,<environment.Job instance at 0x14e90391d730>,111,2,[6 1],164,1856,1858,1692,1853
1,<environment.Job instance at 0x14e90391d6e0>,101,3,[6 2],150,1884,1887,1734,1884
1,<environment.Job instance at 0x14e90391d0a0>,113,1,[5 1],166,1892,1893,1726,1892
1,<environment.Job instance at 0x14e90391dfa0>,112,17,[8 2],165,2092,2109,1927,2092
1,<environment.Job instance at 0x14e903713dc0>,48,3,[ 2 12],74,2659,2662,2585,2659
1,<environment.Job instance at 0x14e903a836e0>,0,19,[2 8],1,6,25,5,6
1,<environment.Job instance at 0x14e903775d70>,14,1,[1 5],18,18,19,0,18
1,<environment.Job instance at 0x14e903775780>,15,2,[6 2],19,19,21,0,19
1,<environment.Job instance at 0x14e903775640>,16,3,[10  1],20,21,24,1,20
1,<environment.Job instance at 0x14e9037755a0>,17,2,[7 2],22,24,26,2,22
1,<environment.Job instance at 0x14e9037cc050>,18,1,[9 2],24,26,27,2,24
1,<environment.Job instance at 0x14e9037cc0a0>,19,1,[10  2],25,27,28,2,25
1,<environment.Job instance at 0x14e9038050f0>,20,3,[2 5],27,27,30,0,27
1,<environment.Job instance at 0x14e903774dc0>,22,1,[8 2],30,30,31,0,30
1,<environment.Job instance at 0x14e90373dbe0>,23,2,[9 1],33,33,35,0,33
1,<environment.Job instance at 0x14e95835a280>,24,2,[8 2],37,37,39,0,37
1,<environment.Job instance at 0x14e90373da50>,25,3,[5 1],38,38,41,0,38
1,<environment.Job instance at 0x14e9037aa870>,10,1,[2 5],14,39,40,25,39
1,<environment.Job instance at 0x14e907127d70>,27,2,[9 2],41,41,43,0,41
1,<environment.Job instance at 0x14e9037b1af0>,28,2,[2 5],42,42,44,0,42
1,<environment.Job instance at 0x14e910119dc0>,29,3,[8 1],43,43,46,0,43
1,<environment.Job instance at 0x14e9037539b0>,30,1,[2 8],44,44,45,0,44
1,<environment.Job instance at 0x14e90379df00>,31,1,[ 1 10],47,47,48,0,47
1,<environment.Job instance at 0x14e9042b9b90>,32,2,[1 8],50,50,52,0,50
1,<environment.Job instance at 0x14e907c89960>,33,1,[9 2],51,51,52,0,51
1,<environment.Job instance at 0x14e907b593c0>,34,2,[2 6],52,52,54,0,52
1,<environment.Job instance at 0x14e9124d38c0>,35,15,[7 1],53,53,68,0,53
1,<environment.Job instance at 0x14e9124d3eb0>,36,3,[1 7],54,54,57,0,54
1,<environment.Job instance at 0x14e903775c80>,12,15,[8 2],16,64,79,48,64
1,<environment.Job instance at 0x14e90428fb90>,46,2,[1 8],69,69,71,0,69
1,<environment.Job instance at 0x14e90428ffa0>,47,3,[1 7],72,72,75,0,72
1,<environment.Job instance at 0x14e907b407d0>,50,3,[2 9],79,79,82,0,79
1,<environment.Job instance at 0x14e907b40230>,51,16,[2 5],80,80,96,0,80
1,<environment.Job instance at 0x14e907b40f50>,52,17,[ 1 14],81,96,113,15,89
1,<environment.Job instance at 0x14e94805e190>,61,1,[2 7],93,113,114,20,97
1,<environment.Job instance at 0x14e94805e460>,64,3,[ 1 14],96,114,117,18,97
1,<environment.Job instance at 0x14e94805e230>,65,2,[10  2],97,117,119,20,98
1,<environment.Job instance at 0x14e94805e050>,68,3,[7 1],101,101,104,0,101
1,<environment.Job instance at 0x14e903fc51e0>,70,1,[ 1 10],104,117,118,13,104
1,<environment.Job instance at 0x14e903fc5a50>,71,3,[2 7],106,118,121,12,106
1,<environment.Job instance at 0x14e903fc5fa0>,72,2,[9 1],107,107,109,0,107
1,<environment.Job instance at 0x14e903fc5d70>,74,3,[5 1],111,111,114,0,111
1,<environment.Job instance at 0x14e903fc5230>,75,3,[1 5],112,118,121,6,115
1,<environment.Job instance at 0x14e903d6f730>,79,2,[14  2],120,121,123,1,120
1,<environment.Job instance at 0x14e903d6f690>,80,2,[6 1],122,123,125,1,122
1,<environment.Job instance at 0x14e903d6fa50>,81,3,[2 5],123,123,126,0,123
1,<environment.Job instance at 0x14e903fc5870>,77,1,[ 2 10],118,127,128,9,127
1,<environment.Job instance at 0x14e903d6fc80>,83,12,[7 2],127,127,139,0,127
1,<environment.Job instance at 0x14e903d6f460>,86,3,[1 6],130,135,138,5,135
1,<environment.Job instance at 0x14e903d6f4b0>,87,2,[2 7],131,138,140,7,138
1,<environment.Job instance at 0x14e9487d1780>,88,3,[7 1],133,139,142,6,138
1,<environment.Job instance at 0x14e9487d16e0>,89,3,[9 2],134,142,145,8,142
1,<environment.Job instance at 0x14e9487d1af0>,90,2,[7 1],139,145,147,6,142
1,<environment.Job instance at 0x14e9487d1460>,91,14,[10  1],140,339,353,199,339
1,<environment.Job instance at 0x14e9487d1d70>,92,1,[1 5],143,341,342,198,341
1,<environment.Job instance at 0x14e9487d1f50>,93,3,[ 2 11],145,344,347,199,344
1,<environment.Job instance at 0x14e9487d1960>,94,1,[8 1],149,353,354,204,344
1,<environment.Job instance at 0x14e9487d1550>,95,3,[ 1 13],150,347,350,197,344
1,<environment.Job instance at 0x14e9487d12d0>,96,3,[9 2],151,354,357,203,347
1,<environment.Job instance at 0x14e9487d11e0>,97,1,[7 1],153,353,354,200,348
1,<environment.Job instance at 0x14e9487d1c80>,98,2,[2 8],155,350,352,195,349
1,<environment.Job instance at 0x14e9487d1410>,100,2,[13  1],159,357,359,198,356
1,<environment.Job instance at 0x14e903d6faf0>,84,17,[1 8],128,361,378,233,361
1,<environment.Job instance at 0x14e906e3e320>,102,16,[1 5],162,393,409,231,393
1,<environment.Job instance at 0x14e903d6f320>,85,2,[13  2],129,423,425,294,423
1,<environment.Job instance at 0x14e94858bd70>,3,2,[1 9],7,7,9,0,7
1,<environment.Job instance at 0x14e903c54dc0>,10,24,[2 5],17,17,41,0,17
1,<environment.Job instance at 0x14e903df72d0>,24,2,[11  1],38,56,58,18,56
1,<environment.Job instance at 0x14e906df5960>,37,1,[11  2],54,60,61,6,60
1,<environment.Job instance at 0x14e907c62b90>,47,2,[1 6],72,77,79,5,77
1,<environment.Job instance at 0x14e907209b40>,50,2,[12  2],75,83,85,8,83
1,<environment.Job instance at 0x14e948086aa0>,60,3,[1 8],88,92,95,4,92
1,<environment.Job instance at 0x14e948086be0>,61,1,[ 2 10],89,97,98,8,97
1,<environment.Job instance at 0x14e948086730>,62,2,[7 2],90,100,102,10,100
1,<environment.Job instance at 0x14e948086500>,63,2,[1 6],91,101,103,10,101
1,<environment.Job instance at 0x14e90705c870>,67,1,[2 9],97,104,105,7,104
1,<environment.Job instance at 0x14e90705c3c0>,68,2,[1 7],98,105,107,7,104
1,<environment.Job instance at 0x14e90705ce60>,69,2,[8 1],99,104,106,5,104
1,<environment.Job instance at 0x14e90705c0f0>,70,1,[5 1],100,105,106,5,105
1,<environment.Job instance at 0x14e90705c190>,71,2,[ 1 12],101,107,109,6,105
1,<environment.Job instance at 0x14e912596550>,72,3,[2 5],107,111,114,4,111
1,<environment.Job instance at 0x14e948086f50>,58,13,[ 2 14],84,141,154,57,141
1,<environment.Job instance at 0x14e903e21050>,82,1,[11  2],124,154,155,30,142
1,<environment.Job instance at 0x14e903e21c30>,84,28,[ 2 12],128,154,182,26,153
1,<environment.Job instance at 0x14e904169550>,90,26,[1 9],136,182,208,46,179
1,<environment.Job instance at 0x14e904169cd0>,100,24,[2 9],148,208,232,60,206
1,<environment.Job instance at 0x14e9041696e0>,97,3,[ 1 12],144,232,235,88,226
1,<environment.Job instance at 0x14e94805f5a0>,105,28,[ 1 10],158,235,263,77,234
1,<environment.Job instance at 0x14e94805f730>,113,24,[2 9],167,265,289,98,265
1,<environment.Job instance at 0x14e9119a7b40>,19,1,[9 1],29,54,55,25,54
1,<environment.Job instance at 0x14e907099690>,20,2,[8 2],30,55,57,25,55
1,<environment.Job instance at 0x14e907099820>,21,2,[2 5],32,57,59,25,57
1,<environment.Job instance at 0x14e9119a7e10>,18,18,[10  2],28,57,75,29,57
1,<environment.Job instance at 0x14e9119ef050>,39,15,[9 1],53,75,90,22,75
1,<environment.Job instance at 0x14e9119efdc0>,41,1,[ 1 12],55,75,76,20,75
1,<environment.Job instance at 0x14e9119ef140>,42,3,[1 6],56,76,79,20,75
1,<environment.Job instance at 0x14e9119ef370>,43,2,[10  1],57,90,92,33,75
1,<environment.Job instance at 0x14e906fe7e10>,44,2,[6 1],59,79,81,20,75
1,<environment.Job instance at 0x14e906fe7c80>,45,1,[2 8],60,76,77,16,75
1,<environment.Job instance at 0x14e9071b0f50>,51,25,[2 5],68,83,108,15,83
1,<environment.Job instance at 0x14e9071b00a0>,55,17,[7 1],73,98,115,25,98
1,<environment.Job instance at 0x14e906d8a500>,58,2,[9 1],78,115,117,37,98
1,<environment.Job instance at 0x14e912570f50>,23,14,[2 6],34,99,113,65,99
1,<environment.Job instance at 0x14e906d8adc0>,61,3,[8 2],84,117,120,33,103
1,<environment.Job instance at 0x14e906d8ae60>,63,2,[6 2],86,108,110,22,106
1,<environment.Job instance at 0x14e906d8a5a0>,64,1,[7 2],88,113,114,25,108
1,<environment.Job instance at 0x14e906d8ac30>,65,2,[ 2 10],93,114,116,21,108
1,<environment.Job instance at 0x14e906d8a410>,66,20,[10  2],94,120,140,26,111
1,<environment.Job instance at 0x14e903ce9a50>,74,3,[10  1],107,140,143,33,118
1,<environment.Job instance at 0x14e903ce9f00>,77,1,[2 7],113,124,125,11,124
1,<environment.Job instance at 0x14e903846140>,81,1,[8 1],119,143,144,24,126
1,<environment.Job instance at 0x14e903846d20>,82,12,[7 1],120,143,155,23,126
1,<environment.Job instance at 0x14e903846eb0>,83,26,[8 2],121,144,170,23,144
1,<environment.Job instance at 0x14e903846190>,90,18,[6 2],128,161,179,33,161
1,<environment.Job instance at 0x14e911886b90>,100,17,[7 1],143,174,191,31,174
1,<environment.Job instance at 0x14e911886410>,105,21,[5 2],148,179,200,31,175
1,<environment.Job instance at 0x14e90564d5f0>,109,28,[2 5],158,177,205,19,177
1,<environment.Job instance at 0x14e90564d140>,111,16,[5 2],160,192,208,32,192
1,<environment.Job instance at 0x14e90394eb40>,116,15,[10  2],167,205,220,38,193
1,<environment.Job instance at 0x14e90394ef50>,117,2,[2 8],168,200,202,32,193
1,<environment.Job instance at 0x14e906d8aa50>,60,16,[8 1],82,247,263,165,247
1,<environment.Job instance at 0x14e9041bd500>,3,2,[2 5],5,5,7,0,5
1,<environment.Job instance at 0x14e94859d0a0>,9,3,[14  2],12,19,22,7,19
1,<environment.Job instance at 0x14e94859d1e0>,12,1,[7 2],16,22,23,6,22
1,<environment.Job instance at 0x14e94859d640>,13,15,[ 2 12],19,22,37,3,22
1,<environment.Job instance at 0x14e948068190>,15,3,[6 1],21,22,25,1,22
1,<environment.Job instance at 0x14e948068be0>,17,1,[1 9],24,37,38,13,24
1,<environment.Job instance at 0x14e948068c80>,18,15,[1 8],26,38,53,12,27
1,<environment.Job instance at 0x14e948068500>,19,2,[1 6],29,37,39,8,29
1,<environment.Job instance at 0x14e948068640>,20,1,[2 8],31,53,54,22,31
1,<environment.Job instance at 0x14e948068d70>,21,3,[ 1 14],32,54,57,22,32
1,<environment.Job instance at 0x14e9040f75f0>,26,1,[ 2 10],41,57,58,16,42
1,<environment.Job instance at 0x14e9040f7fa0>,29,1,[2 6],49,49,50,0,49
1,<environment.Job instance at 0x14e9040f72d0>,30,1,[2 8],50,58,59,8,50
1,<environment.Job instance at 0x14e9040f7cd0>,31,2,[6 2],51,51,53,0,51
1,<environment.Job instance at 0x14e9040f70f0>,32,1,[9 2],52,53,54,1,52
1,<environment.Job instance at 0x14e903c27960>,33,1,[6 2],53,57,58,4,53
1,<environment.Job instance at 0x14e903c27d70>,34,17,[2 9],54,59,76,5,54
1,<environment.Job instance at 0x14e903c27780>,35,1,[7 1],57,57,58,0,57
1,<environment.Job instance at 0x14e903c276e0>,36,2,[ 2 13],59,76,78,17,59
1,<environment.Job instance at 0x14e903c27e10>,38,3,[2 5],61,61,64,0,61
1,<environment.Job instance at 0x14e903c279b0>,39,1,[ 1 10],62,78,79,16,62
1,<environment.Job instance at 0x14e903c27690>,40,2,[9 1],63,63,65,0,63
1,<environment.Job instance at 0x14e903c27f50>,41,2,[7 2],64,65,67,1,65
1,<environment.Job instance at 0x14e94859d050>,4,14,[13  2],7,67,81,60,66
1,<environment.Job instance at 0x14e91055d4b0>,47,24,[ 1 10],72,79,103,7,74
1,<environment.Job instance at 0x14e91055d5f0>,48,21,[9 1],73,81,102,8,74
1,<environment.Job instance at 0x14e91055de60>,50,3,[2 9],75,103,106,28,91
1,<environment.Job instance at 0x14e91055d230>,51,1,[5 2],76,92,93,16,92
1,<environment.Job instance at 0x14e91055dc30>,52,22,[6 1],77,105,127,28,105
1,<environment.Job instance at 0x14e91055d8c0>,53,2,[5 1],79,105,107,26,105
1,<environment.Job instance at 0x14e91055d370>,49,16,[ 2 12],74,148,164,74,148
1,<environment.Job instance at 0x14e91055db40>,55,17,[5 1],82,159,176,77,159
1,<environment.Job instance at 0x14e91055d0f0>,56,2,[7 2],83,164,166,81,164
1,<environment.Job instance at 0x14e91055df00>,57,1,[8 1],85,166,167,81,164
1,<environment.Job instance at 0x14e903f5ae10>,58,1,[1 8],90,164,165,74,164
1,<environment.Job instance at 0x14e91055deb0>,54,22,[10  2],80,168,190,88,168
1,<environment.Job instance at 0x14e903f5a550>,60,1,[ 2 10],94,176,177,82,168
1,<environment.Job instance at 0x14e903f5a870>,61,2,[9 1],95,190,192,95,169
1,<environment.Job instance at 0x14e9037562d0>,65,2,[8 2],99,192,194,93,169
1,<environment.Job instance at 0x14e903756410>,70,18,[7 1],105,192,210,87,185
1,<environment.Job instance at 0x14e9037565a0>,77,2,[ 2 11],117,194,196,77,194
1,<environment.Job instance at 0x14e903756910>,80,22,[1 8],120,196,218,76,194
1,<environment.Job instance at 0x14e903756eb0>,73,12,[1 6],111,210,222,99,210
1,<environment.Job instance at 0x14e903f54870>,86,3,[6 1],129,212,215,83,212
1,<environment.Job instance at 0x14e903f544b0>,87,1,[ 2 10],130,222,223,92,213
1,<environment.Job instance at 0x14e903f54d20>,88,2,[1 9],131,218,220,87,213
1,<environment.Job instance at 0x14e9037569b0>,85,16,[2 5],128,220,236,92,218
1,<environment.Job instance at 0x14e903f549b0>,93,18,[6 2],138,235,253,97,235
1,<environment.Job instance at 0x14e903f543c0>,94,17,[1 8],139,248,265,109,248
1,<environment.Job instance at 0x14e9036ba5f0>,96,16,[8 2],141,261,277,120,261
1,<environment.Job instance at 0x14e9036baf50>,98,2,[10  2],145,277,279,132,263
1,<environment.Job instance at 0x14e9036bab40>,99,18,[1 9],146,273,291,127,273
1,<environment.Job instance at 0x14e9036ba730>,100,2,[7 2],147,279,281,132,277
1,<environment.Job instance at 0x14e9036ba960>,102,1,[ 1 10],150,291,292,141,280
1,<environment.Job instance at 0x14e9036ba690>,103,2,[1 7],151,292,294,141,280
1,<environment.Job instance at 0x14e9036ba870>,104,1,[7 2],152,280,281,128,280
1,<environment.Job instance at 0x14e9036bab90>,105,1,[5 1],153,281,282,128,280
1,<environment.Job instance at 0x14e9036ba8c0>,106,2,[9 2],154,281,283,127,280
1,<environment.Job instance at 0x14e9036ba6e0>,107,3,[10  1],155,283,286,128,283
1,<environment.Job instance at 0x14e9036baaa0>,108,17,[9 1],156,288,305,132,288
1,<environment.Job instance at 0x14e9036ba780>,109,3,[ 2 14],157,294,297,137,294
1,<environment.Job instance at 0x14e907c54550>,112,1,[5 1],161,297,298,136,295
1,<environment.Job instance at 0x14e906f3e550>,113,1,[11  2],163,305,306,142,295
1,<environment.Job instance at 0x14e90420a910>,114,2,[7 2],164,306,308,142,297
1,<environment.Job instance at 0x14e906f3ed20>,115,2,[2 9],165,298,300,133,297
1,<environment.Job instance at 0x14e948144460>,116,3,[2 5],167,301,304,134,301
1,<environment.Job instance at 0x14e905657be0>,117,18,[2 5],169,303,321,134,303
1,<environment.Job instance at 0x14e903f54410>,90,14,[12  2],134,375,389,241,375
1,<environment.Job instance at 0x14e94859d230>,11,17,[1 9],15,376,393,361,376
1,<environment.Job instance at 0x14e948068eb0>,22,14,[13  2],33,1189,1203,1156,1189
1,<environment.Job instance at 0x14e903882fa0>,3,20,[1 5],4,4,24,0,4
1,<environment.Job instance at 0x14e9037821e0>,12,25,[2 5],17,21,46,4,21
1,<environment.Job instance at 0x14e91251e140>,27,1,[ 1 10],38,46,47,8,46
1,<environment.Job instance at 0x14e90365f320>,31,26,[2 5],44,46,72,2,46
1,<environment.Job instance at 0x14e903f5b0f0>,42,1,[5 1],59,168,169,109,168
1,<environment.Job instance at 0x14e903f5b2d0>,43,1,[2 9],60,599,600,539,599
1,<environment.Job instance at 0x14e907bc90a0>,37,17,[6 1],51,2237,2254,2186,2237
1,<environment.Job instance at 0x14e907c56d70>,46,3,[1 6],64,2305,2308,2241,2305
1,<environment.Job instance at 0x14e903b31190>,47,2,[8 1],66,2309,2311,2243,2309
1,<environment.Job instance at 0x14e903b31cd0>,48,2,[1 7],67,2313,2315,2246,2313
1,<environment.Job instance at 0x14e903b31eb0>,49,3,[9 2],70,2321,2324,2251,2321
1,<environment.Job instance at 0x14e906e7aaa0>,50,16,[5 2],72,2711,2727,2639,2711
1,<environment.Job instance at 0x14e906e7a190>,51,1,[7 2],74,2714,2715,2640,2714
1,<environment.Job instance at 0x14e907b88dc0>,52,1,[5 2],75,2715,2716,2640,2715
1,<environment.Job instance at 0x14e904012af0>,61,2,[2 6],84,2731,2733,2647,2731
1,<environment.Job instance at 0x14e9037961e0>,64,3,[2 6],88,2731,2734,2643,2731
1,<environment.Job instance at 0x14e9037968c0>,65,2,[1 5],89,2733,2735,2644,2731
1,<environment.Job instance at 0x14e9036e6500>,69,3,[9 2],94,2738,2741,2644,2738
1,<environment.Job instance at 0x14e9036e6910>,70,1,[2 6],95,2738,2739,2643,2738
1,<environment.Job instance at 0x14e903e21370>,71,1,[10  1],97,2741,2742,2644,2738
1,<environment.Job instance at 0x14e9036e6690>,73,2,[ 1 10],105,2739,2741,2634,2738
1,<environment.Job instance at 0x14e907a89280>,82,1,[2 5],118,2754,2755,2636,2754
1,<environment.Job instance at 0x14e903f5b6e0>,44,3,[9 1],61,2909,2912,2848,2909
1,<environment.Job instance at 0x14e903e472d0>,4,1,[5 1],6,6,7,0,6
1,<environment.Job instance at 0x14e903e471e0>,0,1,[10  1],2,7,8,5,7
1,<environment.Job instance at 0x14e903e47460>,6,3,[2 7],8,9,12,1,9
1,<environment.Job instance at 0x14e903e5f0a0>,5,17,[6 1],7,10,27,3,10
1,<environment.Job instance at 0x14e904629eb0>,10,2,[2 6],18,21,23,3,21
1,<environment.Job instance at 0x14e906ffdc80>,14,1,[2 6],25,25,26,0,25
1,<environment.Job instance at 0x14e90705c9b0>,16,1,[8 1],27,27,28,0,27
1,<environment.Job instance at 0x14e9041b3f00>,17,18,[2 9],28,28,46,0,28
1,<environment.Job instance at 0x14e903c95c80>,21,17,[8 1],34,41,58,7,41
1,<environment.Job instance at 0x14e903e5fcd0>,11,15,[5 1],21,51,66,30,51
1,<environment.Job instance at 0x14e904a5d730>,25,2,[6 2],42,58,60,16,52
1,<environment.Job instance at 0x14e904a5dc30>,26,3,[1 5],43,56,59,13,56
1,<environment.Job instance at 0x14e904a5d640>,27,1,[1 6],44,60,61,16,60
1,<environment.Job instance at 0x14e904a5de10>,24,15,[9 1],41,64,79,23,64
1,<environment.Job instance at 0x14e904032140>,39,18,[9 2],65,79,97,14,70
1,<environment.Job instance at 0x14e904bcb280>,45,28,[6 2],73,78,106,5,78
1,<environment.Job instance at 0x14e906d7daf0>,57,18,[6 2],89,105,123,16,105
1,<environment.Job instance at 0x14e907c16d20>,68,1,[8 2],102,106,107,4,105
1,<environment.Job instance at 0x14e903f9b230>,70,1,[10  2],104,123,124,19,107
1,<environment.Job instance at 0x14e911869b40>,74,3,[2 5],112,114,117,2,114
1,<environment.Job instance at 0x14e9035ab460>,77,1,[1 5],117,117,118,0,117
1,<environment.Job instance at 0x14e9035abfa0>,78,1,[2 9],119,119,120,0,119
1,<environment.Job instance at 0x14e9035ab820>,79,14,[8 2],120,124,138,4,121
1,<environment.Job instance at 0x14e9035abc30>,80,2,[8 2],122,138,140,16,122
1,<environment.Job instance at 0x14e9035ab7d0>,81,3,[6 2],124,124,127,0,124
1,<environment.Job instance at 0x14e9035ab050>,82,2,[2 9],126,127,129,1,126
1,<environment.Job instance at 0x14e903afaaf0>,83,1,[8 2],127,140,141,13,127
1,<environment.Job instance at 0x14e903afacd0>,84,3,[5 1],128,128,131,0,128
1,<environment.Job instance at 0x14e903afa960>,85,3,[8 1],129,141,144,12,129
1,<environment.Job instance at 0x14e903afa550>,86,3,[12  2],130,144,147,14,131
1,<environment.Job instance at 0x14e903afabe0>,94,2,[ 2 14],140,147,149,7,145
1,<environment.Job instance at 0x14e903c99b40>,96,1,[ 2 10],142,145,146,3,145
1,<environment.Job instance at 0x14e903c99c80>,97,17,[ 2 11],143,157,174,14,157
1,<environment.Job instance at 0x14e948056280>,106,18,[2 6],164,174,192,10,174
1,<environment.Job instance at 0x14e9487ea230>,36,13,[2 7],60,188,201,128,188
1,<environment.Job instance at 0x14e9037bb550>,5,20,[5 2],6,14,34,8,14
1,<environment.Job instance at 0x14e90391ce60>,12,2,[1 9],16,16,18,0,16
1,<environment.Job instance at 0x14e9124e9eb0>,54,1,[ 2 12],72,79,80,7,79
1,<environment.Job instance at 0x14e907f0be10>,62,21,[1 8],82,96,117,14,96
1,<environment.Job instance at 0x14e907f0b500>,64,1,[1 5],86,96,97,10,96
1,<environment.Job instance at 0x14e907f0b050>,65,2,[1 7],88,98,100,10,98
1,<environment.Job instance at 0x14e907f0b870>,66,24,[1 6],90,100,124,10,98
1,<environment.Job instance at 0x14e904ba8cd0>,71,2,[ 2 10],99,124,126,25,99
1,<environment.Job instance at 0x14e904ba8230>,78,22,[1 5],110,130,152,20,130
1,<environment.Job instance at 0x14e907a7f140>,84,20,[6 2],118,161,181,43,161
1,<environment.Job instance at 0x14e907a7fd70>,89,1,[14  2],125,181,182,56,178
1,<environment.Job instance at 0x14e903e17960>,35,3,[13  1],49,198,201,149,198
1,<environment.Job instance at 0x14e9037bc1e0>,100,1,[1 5],139,202,203,63,202
1,<environment.Job instance at 0x14e9037bc640>,101,1,[10  2],140,202,203,62,202
1,<environment.Job instance at 0x14e9037bc0f0>,102,3,[2 8],141,203,206,62,203
1,<environment.Job instance at 0x14e906f81d20>,103,1,[2 8],143,206,207,63,204
1,<environment.Job instance at 0x14e906f81c30>,104,3,[2 7],144,204,207,60,204
1,<environment.Job instance at 0x14e906f81fa0>,105,1,[2 5],145,207,208,62,205
1,<environment.Job instance at 0x14e906f81550>,106,2,[1 6],146,207,209,61,205
1,<environment.Job instance at 0x14e906f811e0>,107,2,[10  2],147,207,209,60,205
1,<environment.Job instance at 0x14e906f81c80>,108,3,[8 1],150,209,212,59,205
1,<environment.Job instance at 0x14e906f814b0>,109,3,[ 1 10],151,209,212,58,205
1,<environment.Job instance at 0x14e906f817d0>,110,2,[8 1],152,212,214,60,206
1,<environment.Job instance at 0x14e9037bcdc0>,99,18,[5 2],138,210,228,72,210
1,<environment.Job instance at 0x14e904359b40>,119,2,[1 9],165,216,218,51,216
1,<environment.Job instance at 0x14e904359190>,120,18,[5 1],166,216,234,50,216
1,<environment.Job instance at 0x14e904359870>,123,1,[1 8],169,218,219,49,216
1,<environment.Job instance at 0x14e903891500>,8,3,[5 1],15,15,18,0,15
1,<environment.Job instance at 0x14e903a7f5a0>,0,2,[ 2 14],1,17,19,16,17
1,<environment.Job instance at 0x14e903891e60>,11,3,[ 1 10],18,19,22,1,18
1,<environment.Job instance at 0x14e903891b90>,12,1,[8 2],19,19,20,0,19
1,<environment.Job instance at 0x14e907f15dc0>,13,16,[6 2],20,34,50,14,34
1,<environment.Job instance at 0x14e906e14b90>,24,16,[10  1],37,50,66,13,45
1,<environment.Job instance at 0x14e906ddd6e0>,30,1,[5 2],44,52,53,8,52
1,<environment.Job instance at 0x14e948094910>,37,2,[9 2],51,66,68,15,56
1,<environment.Job instance at 0x14e906ed70f0>,40,15,[ 1 10],54,75,90,21,75
1,<environment.Job instance at 0x14e94806f960>,45,24,[10  2],60,76,100,16,76
1,<environment.Job instance at 0x14e903739050>,46,12,[13  2],61,100,112,39,90
1,<environment.Job instance at 0x14e94806f050>,48,18,[ 1 10],64,90,108,26,90
1,<environment.Job instance at 0x14e90372d190>,60,12,[8 2],80,123,135,43,123
1,<environment.Job instance at 0x14e94806feb0>,47,19,[8 1],62,150,169,88,150
1,<environment.Job instance at 0x14e948075050>,64,1,[6 2],89,153,154,64,153
1,<environment.Job instance at 0x14e907c1c4b0>,65,2,[1 6],90,154,156,64,154
1,<environment.Job instance at 0x14e9038923c0>,74,2,[1 5],106,157,159,51,157
1,<environment.Job instance at 0x14e904221e10>,75,3,[5 1],107,158,161,51,158
1,<environment.Job instance at 0x14e903892cd0>,73,2,[5 2],101,167,169,66,167
1,<environment.Job instance at 0x14e904221730>,77,1,[6 2],109,169,170,60,168
1,<environment.Job instance at 0x14e904221f00>,78,3,[ 2 10],110,172,175,62,172
1,<environment.Job instance at 0x14e9042210a0>,79,3,[5 2],113,182,185,69,182
1,<environment.Job instance at 0x14e904221c30>,80,2,[2 8],115,187,189,72,187
1,<environment.Job instance at 0x14e904221c80>,81,3,[ 2 10],116,241,244,125,241
1,<environment.Job instance at 0x14e904221550>,82,1,[8 1],117,244,245,127,244
1,<environment.Job instance at 0x14e904221af0>,83,20,[7 2],119,244,264,125,244
1,<environment.Job instance at 0x14e91252f690>,88,22,[1 8],124,246,268,122,246
1,<environment.Job instance at 0x14e904221cd0>,85,14,[2 6],121,268,282,147,268
1,<environment.Job instance at 0x14e91252f730>,92,3,[2 8],128,289,292,161,289
1,<environment.Job instance at 0x14e91252fa00>,94,2,[10  2],130,291,293,161,291
1,<environment.Job instance at 0x14e91252ffa0>,93,20,[7 2],129,293,313,164,293
1,<environment.Job instance at 0x14e903f2c280>,102,24,[2 5],143,297,321,154,297
1,<environment.Job instance at 0x14e91245f410>,111,1,[6 1],162,318,319,156,318
1,<environment.Job instance at 0x14e91245f7d0>,114,13,[8 1],166,328,341,162,328
1,<environment.Job instance at 0x14e90372db40>,62,3,[14  2],83,392,395,309,392
1,<environment.Job instance at 0x14e903739370>,44,1,[11  2],59,475,476,416,475
1,<environment.Job instance at 0x14e911937eb0>,4,1,[9 1],5,5,6,0,5
1,<environment.Job instance at 0x14e903a2ed20>,16,13,[1 5],20,25,38,5,25
1,<environment.Job instance at 0x14e907b6b4b0>,25,23,[5 1],29,36,59,7,36
1,<environment.Job instance at 0x14e907f13640>,31,2,[1 7],38,38,40,0,38
1,<environment.Job instance at 0x14e904278be0>,49,2,[1 8],63,67,69,4,67
1,<environment.Job instance at 0x14e9037ee7d0>,46,18,[8 2],59,81,99,22,81
1,<environment.Job instance at 0x14e903891640>,61,3,[ 2 11],78,97,100,19,97
1,<environment.Job instance at 0x14e904226410>,62,2,[9 1],79,99,101,20,97
1,<environment.Job instance at 0x14e9042265f0>,63,1,[1 7],81,100,101,19,97
1,<environment.Job instance at 0x14e907f5b050>,70,3,[12  2],90,117,120,27,117
1,<environment.Job instance at 0x14e948039d20>,24,3,[8 1],28,120,123,92,118
1,<environment.Job instance at 0x14e904226230>,67,16,[6 2],87,120,136,33,118
1,<environment.Job instance at 0x14e907c1fa00>,82,18,[5 1],103,126,144,23,126
1,<environment.Job instance at 0x14e907c1f690>,83,17,[9 1],105,136,153,31,126
1,<environment.Job instance at 0x14e906ea5460>,88,2,[10  1],115,153,155,38,127
1,<environment.Job instance at 0x14e906ea5b40>,89,23,[1 9],116,127,150,11,127
1,<environment.Job instance at 0x14e907a86050>,74,18,[7 2],94,155,173,61,154
1,<environment.Job instance at 0x14e907f60d70>,102,2,[7 2],137,155,157,18,154
1,<environment.Job instance at 0x14e907f60eb0>,103,1,[ 2 10],138,154,155,16,154
1,<environment.Job instance at 0x14e907f60a50>,105,2,[5 1],140,162,164,22,162
1,<environment.Job instance at 0x14e907f602d0>,106,18,[9 1],142,173,191,31,162
1,<environment.Job instance at 0x14e907f60460>,107,2,[7 2],144,164,166,20,162
1,<environment.Job instance at 0x14e906d3deb0>,111,19,[7 2],151,191,210,40,181
1,<environment.Job instance at 0x14e907f607d0>,104,18,[8 1],139,1433,1451,1294,1433
1,<environment.Job instance at 0x150c24b99e60>,20,21,[7 1],27,30,51,3,30
1,<environment.Job instance at 0x150c24b997d0>,21,22,[8 2],28,30,52,2,30
1,<environment.Job instance at 0x150c24bb45f0>,11,28,[1 9],15,55,83,40,55
1,<environment.Job instance at 0x150c24b60aa0>,14,1,[1 7],18,83,84,65,82
1,<environment.Job instance at 0x150c24bc0780>,52,1,[8 1],70,84,85,14,84
1,<environment.Job instance at 0x150c24bc0460>,53,1,[7 2],72,85,86,13,85
1,<environment.Job instance at 0x150c246f36e0>,54,2,[10  1],74,86,88,12,86
1,<environment.Job instance at 0x150c246f3500>,55,2,[2 7],75,86,88,11,86
1,<environment.Job instance at 0x150c24bc0500>,51,16,[10  1],69,96,112,27,96
1,<environment.Job instance at 0x150c244942d0>,65,2,[2 7],93,110,112,17,110
1,<environment.Job instance at 0x150c24494780>,66,2,[9 2],94,112,114,18,110
1,<environment.Job instance at 0x150c24494870>,67,15,[1 9],95,112,127,17,111
1,<environment.Job instance at 0x150c244948c0>,69,1,[10  2],101,114,115,13,111
1,<environment.Job instance at 0x150c24494c80>,70,1,[8 1],102,115,116,13,113
1,<environment.Job instance at 0x150c24494e10>,71,2,[1 6],103,116,118,13,113
1,<environment.Job instance at 0x150c24494820>,72,2,[2 6],106,118,120,12,113
1,<environment.Job instance at 0x150c24494e60>,73,1,[8 1],107,120,121,13,113
1,<environment.Job instance at 0x150c24494f50>,74,2,[1 5],108,120,122,12,113
1,<environment.Job instance at 0x150c24494a00>,68,1,[1 5],98,130,131,32,130
1,<environment.Job instance at 0x150c24499370>,76,3,[2 8],111,143,146,32,143
1,<environment.Job instance at 0x150c24499320>,77,2,[10  2],113,146,148,33,146
1,<environment.Job instance at 0x150c24bae7d0>,56,18,[1 7],79,148,166,69,148
1,<environment.Job instance at 0x150c24499460>,79,3,[10  1],119,156,159,37,156
1,<environment.Job instance at 0x150c24499aa0>,80,3,[9 2],120,163,166,43,163
1,<environment.Job instance at 0x150c24499b90>,81,12,[1 7],121,166,178,45,164
1,<environment.Job instance at 0x150c24499780>,78,3,[8 1],117,166,169,49,166
1,<environment.Job instance at 0x150c24499cd0>,83,2,[9 1],123,169,171,46,169
1,<environment.Job instance at 0x150c24499d70>,84,18,[2 5],124,257,275,133,257
1,<environment.Job instance at 0x150c24499c30>,82,16,[1 7],122,269,285,147,269
1,<environment.Job instance at 0x150c244999b0>,86,3,[2 5],127,277,280,150,277
1,<environment.Job instance at 0x150c24499f00>,87,3,[8 1],128,278,281,150,278
1,<environment.Job instance at 0x150c24499e60>,88,3,[1 6],129,280,283,151,278
1,<environment.Job instance at 0x150c24499e10>,85,2,[1 5],125,283,285,158,281
1,<environment.Job instance at 0x150c2449c1e0>,90,1,[5 2],133,285,286,152,285
1,<environment.Job instance at 0x150c24499dc0>,91,1,[5 2],134,286,287,152,286
1,<environment.Job instance at 0x150c2449c140>,92,16,[1 9],136,298,314,162,298
1,<environment.Job instance at 0x150c2449c3c0>,93,18,[1 5],137,324,342,187,324
1,<environment.Job instance at 0x150c2449c550>,95,3,[7 1],139,338,341,199,338
1,<environment.Job instance at 0x150c2449c320>,96,1,[2 5],143,338,339,195,338
1,<environment.Job instance at 0x150c2449c5a0>,97,2,[1 7],145,339,341,194,338
1,<environment.Job instance at 0x150c2449c780>,98,2,[9 1],146,341,343,195,338
1,<environment.Job instance at 0x150c2449c820>,99,3,[2 9],148,341,344,193,338
1,<environment.Job instance at 0x150c2449c8c0>,100,2,[6 1],152,344,346,192,344
1,<environment.Job instance at 0x150c2449cb90>,102,1,[1 8],154,345,346,191,345
1,<environment.Job instance at 0x150c2449c6e0>,103,2,[2 5],156,346,348,190,346
1,<environment.Job instance at 0x150c24494d20>,75,17,[9 2],110,396,413,286,396
1,<environment.Job instance at 0x150c2449f690>,115,13,[9 1],172,413,426,241,408
1,<environment.Job instance at 0x150c2449f050>,117,16,[6 1],177,413,429,236,413
1,<environment.Job instance at 0x150c2449ccd0>,104,13,[12  2],158,472,485,314,472
1,<environment.Job instance at 0x150c24bae230>,59,2,[12  2],85,487,489,402,487
1,<environment.Job instance at 0x150c319fabe0>,4,1,[1 8],5,6,7,1,6
1,<environment.Job instance at 0x150c319fad70>,11,27,[5 2],13,16,43,3,16
1,<environment.Job instance at 0x150c319fa2d0>,15,2,[8 2],18,18,20,0,18
1,<environment.Job instance at 0x150c319fac80>,16,2,[ 2 10],20,20,22,0,20
1,<environment.Job instance at 0x150c319fad20>,17,2,[2 5],21,22,24,1,21
1,<environment.Job instance at 0x150c31911910>,18,1,[1 5],22,25,26,3,25
1,<environment.Job instance at 0x150c31911640>,19,3,[11  1],23,43,46,20,25
1,<environment.Job instance at 0x150c319119b0>,22,18,[ 1 10],37,37,55,0,37
1,<environment.Job instance at 0x150c31911a00>,23,26,[2 5],38,46,72,8,43
1,<environment.Job instance at 0x150c319111e0>,25,1,[10  1],40,55,56,15,44
1,<environment.Job instance at 0x150c31911c30>,26,2,[5 2],41,56,58,15,44
1,<environment.Job instance at 0x150c318ffa00>,28,1,[8 2],44,56,57,12,46
1,<environment.Job instance at 0x150c318ff690>,29,25,[1 8],45,57,82,12,53
1,<environment.Job instance at 0x150c318ff050>,30,26,[2 9],46,82,108,36,79
1,<environment.Job instance at 0x150c244b8910>,2,14,[12  1],3,79,93,76,79
1,<environment.Job instance at 0x150c318ff8c0>,31,15,[7 2],49,93,108,44,93
1,<environment.Job instance at 0x150c3261f6e0>,48,2,[1 5],72,108,110,36,94
1,<environment.Job instance at 0x150c3261f8c0>,49,15,[ 1 10],75,108,123,33,105
1,<environment.Job instance at 0x150c3252cb90>,53,1,[1 6],82,123,124,41,105
1,<environment.Job instance at 0x150c3252cd70>,55,2,[8 2],84,110,112,26,105
1,<environment.Job instance at 0x150c3252c3c0>,57,3,[1 8],87,123,126,36,105
1,<environment.Job instance at 0x150c3252ccd0>,58,2,[5 2],89,110,112,21,107
1,<environment.Job instance at 0x150c3252cf00>,62,2,[1 9],95,126,128,31,107
1,<environment.Job instance at 0x150c31cded70>,63,17,[1 7],96,128,145,32,117
1,<environment.Job instance at 0x150c31cc4410>,77,3,[9 2],113,117,120,4,117
1,<environment.Job instance at 0x150c31cc4910>,78,27,[5 1],114,117,144,3,117
1,<environment.Job instance at 0x150c31cc43c0>,76,2,[12  1],112,144,146,32,137
1,<environment.Job instance at 0x150c31a13280>,85,18,[6 2],123,146,164,23,143
1,<environment.Job instance at 0x150c31cc4aa0>,79,17,[10  1],115,164,181,49,163
1,<environment.Job instance at 0x150c31977b90>,93,3,[8 2],134,181,184,47,163
1,<environment.Job instance at 0x150c31977730>,94,1,[6 2],136,163,164,27,163
1,<environment.Job instance at 0x150c27c77780>,95,2,[1 6],138,163,165,25,163
1,<environment.Job instance at 0x150c3260edc0>,96,15,[6 1],139,181,196,42,167
1,<environment.Job instance at 0x150c27c77b40>,97,2,[ 1 10],141,167,169,26,167
1,<environment.Job instance at 0x150c31970cd0>,98,2,[6 1],142,184,186,42,167
1,<environment.Job instance at 0x150c31970f50>,99,2,[10  2],143,196,198,53,169
1,<environment.Job instance at 0x150c3252b3c0>,100,3,[2 6],144,169,172,25,169
1,<environment.Job instance at 0x150c2807bd70>,101,2,[7 2],146,186,188,40,169
1,<environment.Job instance at 0x150c32520960>,102,1,[9 1],148,188,189,40,169
1,<environment.Job instance at 0x150c3255d3c0>,103,3,[1 9],149,172,175,23,169
1,<environment.Job instance at 0x150c31cc7320>,104,26,[1 7],150,189,215,39,186
1,<environment.Job instance at 0x150c3252a910>,105,2,[6 2],151,189,191,38,186
1,<environment.Job instance at 0x150c32529e10>,106,2,[2 6],154,186,188,32,186
1,<environment.Job instance at 0x150c319f20a0>,107,1,[1 7],155,191,192,36,186
1,<environment.Job instance at 0x150c319f2f50>,108,2,[10  2],156,198,200,42,186
1,<environment.Job instance at 0x150c319f2050>,109,2,[6 2],157,192,194,35,186
1,<environment.Job instance at 0x150c319f2a50>,110,2,[10  1],158,200,202,42,186
1,<environment.Job instance at 0x150c319f2550>,111,1,[7 2],159,194,195,35,186
1,<environment.Job instance at 0x150c31964410>,112,3,[6 2],160,202,205,42,186
1,<environment.Job instance at 0x150c319648c0>,113,3,[1 9],161,215,218,54,189
1,<environment.Job instance at 0x150c319a6cd0>,114,3,[13  2],162,205,208,43,189
1,<environment.Job instance at 0x150c319a6690>,115,2,[8 1],163,202,204,39,189
1,<environment.Job instance at 0x150c271538c0>,121,25,[2 6],171,208,233,37,204
1,<environment.Job instance at 0x150c3291e230>,125,3,[2 5],176,218,221,42,204
1,<environment.Job instance at 0x150c23eb41e0>,4,12,[6 1],11,11,23,0,11
1,<environment.Job instance at 0x150c23d8a780>,7,1,[ 1 13],15,23,24,8,23
1,<environment.Job instance at 0x150c7a00cd70>,14,3,[5 1],24,36,39,12,36
1,<environment.Job instance at 0x150c23d8ae60>,13,3,[1 7],23,51,54,28,51
1,<environment.Job instance at 0x150c27284e60>,19,3,[5 2],31,51,54,20,51
1,<environment.Job instance at 0x150c2a9951e0>,20,1,[6 1],32,51,52,19,51
1,<environment.Job instance at 0x150c23d8a230>,21,1,[8 1],33,52,53,19,51
1,<environment.Job instance at 0x150c33fda9b0>,17,18,[1 8],27,54,72,27,51
1,<environment.Job instance at 0x150c27b07b90>,23,13,[9 2],37,53,66,16,53
1,<environment.Job instance at 0x150c27b07cd0>,25,2,[7 1],42,66,68,24,53
1,<environment.Job instance at 0x150c26e108c0>,26,1,[1 8],44,72,73,28,53
1,<environment.Job instance at 0x150c272d3280>,37,1,[1 7],60,68,69,8,65
1,<environment.Job instance at 0x150c23db8730>,38,16,[1 5],61,69,85,8,67
1,<environment.Job instance at 0x150c24e9ccd0>,48,1,[13  1],73,86,87,13,86
1,<environment.Job instance at 0x150c27b4dd20>,49,22,[7 2],75,87,109,12,86
1,<environment.Job instance at 0x150c23e348c0>,51,3,[10  2],77,109,112,32,86
1,<environment.Job instance at 0x150c23e339b0>,59,2,[6 1],89,112,114,23,109
1,<environment.Job instance at 0x150c23eb2be0>,64,22,[9 1],95,112,134,17,110
1,<environment.Job instance at 0x150c23eb2d20>,65,16,[8 1],97,134,150,37,121
1,<environment.Job instance at 0x150c23da8c80>,69,26,[10  1],101,150,176,49,147
1,<environment.Job instance at 0x150c23e33820>,57,15,[7 1],87,176,191,89,167
1,<environment.Job instance at 0x150c23da8320>,72,3,[6 2],105,176,179,71,173
1,<environment.Job instance at 0x150c23da84b0>,73,2,[1 6],107,174,176,67,174
1,<environment.Job instance at 0x150c23da8d20>,74,1,[12  1],108,191,192,83,176
1,<environment.Job instance at 0x150c23d66b40>,75,18,[2 8],109,199,217,90,199
1,<environment.Job instance at 0x150c23d5bfa0>,76,1,[7 1],113,217,218,104,217
1,<environment.Job instance at 0x150c23d1d140>,90,2,[2 6],131,220,222,89,220
1,<environment.Job instance at 0x150c23d1de10>,91,1,[7 1],132,222,223,90,222
1,<environment.Job instance at 0x150c23d5b190>,81,14,[10  2],118,234,248,116,234
1,<environment.Job instance at 0x150c23d1d960>,94,1,[1 7],135,245,246,110,245
1,<environment.Job instance at 0x150c23e304b0>,95,18,[2 7],139,584,602,445,584
1,<environment.Job instance at 0x150c23d1de60>,92,13,[1 8],133,656,669,523,656
1,<environment.Job instance at 0x150c23e30c80>,97,1,[2 9],142,669,670,527,662
1,<environment.Job instance at 0x150c23e30d20>,98,2,[ 2 10],145,670,672,525,662
1,<environment.Job instance at 0x150c23e30f50>,99,2,[7 1],146,662,664,516,662
1,<environment.Job instance at 0x150c23e30e10>,100,3,[1 5],147,667,670,520,667
1,<environment.Job instance at 0x150c23e306e0>,101,2,[5 2],148,670,672,522,668
1,<environment.Job instance at 0x150c23e30190>,102,1,[10  2],149,668,669,519,668
1,<environment.Job instance at 0x150c23e30280>,103,1,[10  1],150,672,673,522,672
1,<environment.Job instance at 0x150c23e36cd0>,105,1,[8 2],153,700,701,547,700
1,<environment.Job instance at 0x150c23e369b0>,106,2,[2 9],154,705,707,551,705
1,<environment.Job instance at 0x150c23e36280>,107,3,[9 2],156,709,712,553,709
1,<environment.Job instance at 0x150c23e367d0>,108,14,[9 2],158,778,792,620,778
1,<environment.Job instance at 0x150c23e36780>,109,1,[1 5],159,791,792,632,791
1,<environment.Job instance at 0x150c23e368c0>,110,12,[10  1],161,792,804,631,792
1,<environment.Job instance at 0x150c23e30a00>,104,16,[10  2],151,1296,1312,1145,1296
1,<environment.Job instance at 0x150c23e360f0>,112,2,[10  1],166,1312,1314,1146,1307
1,<environment.Job instance at 0x150c23e36d20>,113,1,[2 8],167,1311,1312,1144,1311
1,<environment.Job instance at 0x150c23e361e0>,114,2,[7 2],170,1314,1316,1144,1311
1,<environment.Job instance at 0x150c23e36140>,111,15,[5 2],163,1992,2007,1829,1992
1,<environment.Job instance at 0x150c23e36410>,116,17,[1 6],173,2043,2060,1870,2043
1,<environment.Job instance at 0x150c23e36320>,117,1,[2 9],174,2058,2059,1884,2058
1,<environment.Job instance at 0x150c23e36690>,118,2,[8 1],176,2061,2063,1885,2061
1,<environment.Job instance at 0x150c23e36b90>,119,2,[9 2],178,2063,2065,1885,2062
1,<environment.Job instance at 0x150c23e36910>,115,14,[10  1],171,2065,2079,1894,2063
1,<environment.Job instance at 0x150c23da85f0>,70,3,[ 2 12],102,2101,2104,1999,2101
1,<environment.Job instance at 0x150c23e364b0>,120,2,[6 1],179,2125,2127,1946,2125
1,<environment.Job instance at 0x150c23d8a6e0>,11,1,[12  2],20,2768,2769,2748,2768
1,<environment.Job instance at 0x150c23cd1280>,2,2,[1 6],3,3,5,0,3
1,<environment.Job instance at 0x150c27b895a0>,6,1,[2 8],8,8,9,0,8
1,<environment.Job instance at 0x150c31cc4d70>,7,1,[6 1],10,10,11,0,10
1,<environment.Job instance at 0x150c23c6bb90>,11,1,[8 1],16,17,18,1,17
1,<environment.Job instance at 0x150c24b17690>,35,3,[ 1 10],58,58,61,0,58
1,<environment.Job instance at 0x150c3252d230>,28,18,[7 1],47,63,81,16,63
1,<environment.Job instance at 0x150c319f7140>,41,12,[13  2],66,81,93,15,81
1,<environment.Job instance at 0x150c31a01870>,52,16,[10  2],82,93,109,11,82
1,<environment.Job instance at 0x150c24b31be0>,55,2,[10  1],87,109,111,22,87
1,<environment.Job instance at 0x150c24158190>,70,15,[1 5],109,128,143,19,128
1,<environment.Job instance at 0x150c24158c80>,71,1,[1 5],112,128,129,16,128
1,<environment.Job instance at 0x150c24158eb0>,72,3,[10  1],113,128,131,15,128
1,<environment.Job instance at 0x150c24158640>,76,1,[1 9],119,129,130,10,128
1,<environment.Job instance at 0x150c24158280>,77,1,[2 9],120,130,131,10,128
1,<environment.Job instance at 0x150c24158780>,78,1,[2 9],121,131,132,10,128
1,<environment.Job instance at 0x150c240a4640>,80,2,[1 7],125,134,136,9,134
1,<environment.Job instance at 0x150c240a45a0>,81,1,[2 7],126,136,137,10,134
1,<environment.Job instance at 0x150c240a4e10>,82,2,[1 9],127,137,139,10,134
1,<environment.Job instance at 0x150c240a4eb0>,83,16,[2 5],128,139,155,11,137
1,<environment.Job instance at 0x150c23cdd8c0>,92,13,[8 2],142,154,167,12,154
1,<environment.Job instance at 0x150c28074370>,48,3,[9 2],77,167,170,90,155
1,<environment.Job instance at 0x150c23c4b1e0>,97,3,[1 7],151,156,159,5,156
1,<environment.Job instance at 0x150c23c4b320>,96,24,[1 8],150,159,183,9,156
1,<environment.Job instance at 0x150c23c4b7d0>,98,1,[8 1],153,178,179,25,178
1,<environment.Job instance at 0x150c26e6a460>,106,3,[8 1],166,198,201,32,198
1,<environment.Job instance at 0x150c23cb7870>,85,17,[8 2],133,208,225,75,208
1,<environment.Job instance at 0x150c26e6ae10>,108,3,[1 9],168,208,211,40,208
1,<environment.Job instance at 0x150c26e6aa00>,109,3,[9 1],169,225,228,56,208
1,<environment.Job instance at 0x150c26e6afa0>,110,3,[6 1],170,208,211,38,208
1,<environment.Job instance at 0x150c26e6ac30>,111,3,[1 8],172,211,214,39,208
1,<environment.Job instance at 0x150c26e6a320>,112,2,[5 1],173,211,213,38,208
1,<environment.Job instance at 0x150c26e6ad70>,113,2,[2 9],174,214,216,40,208
1,<environment.Job instance at 0x150c26e6a7d0>,114,2,[2 8],175,216,218,41,208
1,<environment.Job instance at 0x150c27bdde10>,115,1,[2 6],177,218,219,41,208
1,<environment.Job instance at 0x150c26e6a190>,105,1,[11  1],164,2389,2390,2225,2389
1,<environment.Job instance at 0x150c3252d7d0>,26,16,[ 2 10],43,2496,2512,2453,2496
1,<environment.Job instance at 0x150c26e6a5a0>,102,3,[ 1 14],157,2771,2774,2614,2771
1,<environment.Job instance at 0x150c24101e10>,1,1,[2 9],3,3,4,0,3
1,<environment.Job instance at 0x150c24101870>,0,2,[8 1],1,4,6,3,4
1,<environment.Job instance at 0x150c23fb0b90>,32,2,[10  1],39,40,42,1,40
1,<environment.Job instance at 0x150c23fb07d0>,33,1,[9 1],40,42,43,2,40
1,<environment.Job instance at 0x150c23fb0f00>,35,1,[1 5],42,42,43,0,42
1,<environment.Job instance at 0x150c23faa500>,30,2,[11  2],37,49,51,12,49
1,<environment.Job instance at 0x150c23faa5a0>,31,2,[1 9],38,60,62,22,60
1,<environment.Job instance at 0x150c23fa08c0>,45,2,[2 6],54,60,62,6,60
1,<environment.Job instance at 0x150c23f4ff50>,51,1,[7 1],67,71,72,4,71
1,<environment.Job instance at 0x150c23fa03c0>,46,1,[ 2 10],55,97,98,42,97
1,<environment.Job instance at 0x150c24021050>,57,1,[6 1],78,113,114,35,113
1,<environment.Job instance at 0x150c24025500>,67,14,[9 2],94,198,212,104,198
1,<environment.Job instance at 0x150c24025d20>,72,2,[10  1],100,212,214,112,200
1,<environment.Job instance at 0x150c24025690>,73,1,[ 2 10],102,205,206,103,205
1,<environment.Job instance at 0x150c240258c0>,74,1,[10  2],104,214,215,110,206
1,<environment.Job instance at 0x150c24025640>,75,16,[7 1],105,257,273,152,257
1,<environment.Job instance at 0x150c24025c80>,76,12,[10  1],106,415,427,309,415
1,<environment.Job instance at 0x150c23f648c0>,77,12,[5 1],107,436,448,329,436
1,<environment.Job instance at 0x150c23f64050>,78,1,[5 2],108,438,439,330,438
1,<environment.Job instance at 0x150c23f64f50>,79,13,[1 7],109,439,452,330,439
1,<environment.Job instance at 0x150c24029cd0>,80,12,[9 2],110,560,572,450,560
1,<environment.Job instance at 0x150c24029fa0>,81,16,[1 6],111,575,591,464,575
1,<environment.Job instance at 0x150c24029640>,82,16,[7 1],113,828,844,715,828
1,<environment.Job instance at 0x150c24029190>,83,3,[6 2],114,832,835,718,832
1,<environment.Job instance at 0x150c240291e0>,84,1,[9 2],115,844,845,729,837
1,<environment.Job instance at 0x150c24029370>,85,3,[6 1],117,839,842,722,839
1,<environment.Job instance at 0x150c24030230>,86,1,[ 1 10],118,839,840,721,839
1,<environment.Job instance at 0x150c24030b90>,87,1,[8 2],120,842,843,722,839
1,<environment.Job instance at 0x150c24030dc0>,88,2,[2 7],121,840,842,719,840
1,<environment.Job instance at 0x150c23ea1640>,89,12,[2 7],123,851,863,728,851
1,<environment.Job instance at 0x150c325e9140>,90,20,[ 2 10],124,863,883,739,858
1,<environment.Job instance at 0x150c24bd0370>,91,15,[2 9],125,911,926,786,911
1,<environment.Job instance at 0x150c24ebf050>,92,12,[1 5],126,930,942,804,930
1,<environment.Job instance at 0x150c24ebf500>,93,3,[8 2],127,934,937,807,934
1,<environment.Job instance at 0x150c24ebf8c0>,94,15,[7 2],128,1168,1183,1040,1168
1,<environment.Job instance at 0x150c24ebfd70>,95,13,[ 2 10],129,1220,1233,1091,1220
1,<environment.Job instance at 0x150c2417deb0>,96,2,[2 5],132,1220,1222,1088,1220
1,<environment.Job instance at 0x150c2417da50>,97,14,[5 2],135,1327,1341,1192,1327
1,<environment.Job instance at 0x150c24c115f0>,98,12,[8 2],137,1570,1582,1433,1570
1,<environment.Job instance at 0x150c29358a50>,99,2,[2 5],138,1572,1574,1434,1572
1,<environment.Job instance at 0x150c24ecb410>,100,3,[2 8],139,1575,1578,1436,1575
1,<environment.Job instance at 0x150c608d6e60>,101,2,[1 9],141,1578,1580,1437,1576
1,<environment.Job instance at 0x150c319aaaf0>,102,1,[14  2],142,1582,1583,1440,1576
1,<environment.Job instance at 0x150c270b3c80>,103,1,[8 2],143,1583,1584,1440,1576
1,<environment.Job instance at 0x150c26e09910>,104,3,[ 2 13],144,1583,1586,1439,1576
1,<environment.Job instance at 0x150c244465a0>,105,2,[7 1],146,1580,1582,1434,1577
1,<environment.Job instance at 0x150c272884b0>,106,2,[7 1],149,1584,1586,1435,1579
1,<environment.Job instance at 0x150c240df500>,107,17,[8 1],152,1625,1642,1473,1625
1,<environment.Job instance at 0x150c26dae550>,108,1,[6 1],153,1632,1633,1479,1632
1,<environment.Job instance at 0x150c23c858c0>,109,1,[7 2],154,1633,1634,1479,1632
1,<environment.Job instance at 0x150c24bdc0a0>,110,2,[ 1 10],155,1634,1636,1479,1632
1,<environment.Job instance at 0x150c318801e0>,111,13,[10  2],156,2043,2056,1887,2043
1,<environment.Job instance at 0x150c27b36640>,112,1,[2 6],157,2044,2045,1887,2044
1,<environment.Job instance at 0x150c23d00690>,113,3,[1 7],158,2046,2049,1888,2046
1,<environment.Job instance at 0x150c23fe0460>,114,1,[8 2],160,2056,2057,1896,2049
1,<environment.Job instance at 0x150c23da18c0>,115,2,[2 8],162,2049,2051,1887,2049
1,<environment.Job instance at 0x150c27164b90>,116,1,[5 2],165,2051,2052,1886,2051
1,<environment.Job instance at 0x150c2446f410>,117,18,[1 9],170,2100,2118,1930,2100
1,<environment.Job instance at 0x150c325df3c0>,118,2,[10  2],171,2106,2108,1935,2106
1,<environment.Job instance at 0x150c24458af0>,119,1,[1 8],172,2118,2119,1946,2107
1,<environment.Job instance at 0x150c24bae140>,120,1,[9 1],174,2108,2109,1934,2108
1,<environment.Job instance at 0x150c24469500>,121,3,[2 7],175,2118,2121,1943,2112
1,<environment.Job instance at 0x150c23c8cdc0>,122,2,[ 2 10],176,2121,2123,1945,2114
1,<environment.Job instance at 0x150c26ebb1e0>,123,18,[8 1],178,2584,2602,2406,2584
1,<environment.Job instance at 0x150c27c81140>,124,13,[1 6],179,2603,2616,2424,2603
1,<environment.Job instance at 0x150c23e08a00>,0,2,[9 2],1,3,5,2,3
1,<environment.Job instance at 0x150c7a0dfb90>,7,22,[9 1],11,11,33,0,11
1,<environment.Job instance at 0x150c26e09280>,15,3,[10  1],19,34,37,15,34
1,<environment.Job instance at 0x150c26e09c80>,17,2,[2 5],22,34,36,12,34
1,<environment.Job instance at 0x150c26e09f00>,12,18,[8 1],16,37,55,21,35
1,<environment.Job instance at 0x150c24bb4050>,23,3,[11  1],28,55,58,27,47
1,<environment.Job instance at 0x150c24bb4960>,24,2,[8 2],29,58,60,29,47
1,<environment.Job instance at 0x150c243624b0>,26,2,[8 2],32,60,62,28,59
1,<environment.Job instance at 0x150c26f4ef00>,27,3,[7 1],33,59,62,26,59
1,<environment.Job instance at 0x150c26e5ef50>,28,1,[1 8],35,62,63,27,59
1,<environment.Job instance at 0x150c23fbba50>,29,1,[8 2],36,62,63,26,59
1,<environment.Job instance at 0x150c24362dc0>,30,3,[1 8],40,63,66,23,59
1,<environment.Job instance at 0x150c240fd960>,32,1,[2 7],45,63,64,18,59
1,<environment.Job instance at 0x150c3291e550>,33,1,[7 1],46,64,65,18,59
1,<environment.Job instance at 0x150c27167140>,35,2,[2 6],50,64,66,14,59
1,<environment.Job instance at 0x150c240eaaf0>,38,2,[10  2],53,73,75,20,73
1,<environment.Job instance at 0x150c27d5d280>,39,3,[10  1],54,75,78,21,73
1,<environment.Job instance at 0x150c240e2d70>,40,2,[ 1 10],56,73,75,17,73
1,<environment.Job instance at 0x150c240e2050>,41,3,[2 6],57,75,78,18,73
1,<environment.Job instance at 0x150c240e23c0>,42,2,[1 9],58,78,80,20,73
1,<environment.Job instance at 0x150c33fb56e0>,43,3,[2 8],59,75,78,16,73
1,<environment.Job instance at 0x150c2637cb40>,44,1,[1 7],61,80,81,19,73
1,<environment.Job instance at 0x150c2637ceb0>,45,2,[2 8],62,80,82,18,73
1,<environment.Job instance at 0x150c2637c3c0>,46,3,[8 1],63,81,84,18,73
1,<environment.Job instance at 0x150c2637c460>,47,2,[2 6],64,78,80,14,73
1,<environment.Job instance at 0x150c2637ccd0>,48,18,[10  1],66,2937,2955,2871,2937
1,<environment.Job instance at 0x150c23ced6e0>,53,2,[1 5],72,2939,2941,2867,2939
1,<environment.Job instance at 0x150c2707b0f0>,2,2,[ 1 11],5,5,7,0,5
1,<environment.Job instance at 0x150c23ced6e0>,6,1,[ 1 10],10,10,11,0,10
1,<environment.Job instance at 0x150c325ec8c0>,0,3,[7 1],2,11,14,9,11
1,<environment.Job instance at 0x150c326c5a50>,9,27,[1 5],15,15,42,0,15
1,<environment.Job instance at 0x150c23dc6b90>,10,2,[2 5],17,20,22,3,20
1,<environment.Job instance at 0x150c3199d0f0>,14,3,[2 6],23,26,29,3,26
1,<environment.Job instance at 0x150c3199d640>,16,3,[14  2],26,29,32,3,28
1,<environment.Job instance at 0x150c319d15f0>,20,13,[5 1],31,43,56,12,43
1,<environment.Job instance at 0x150c3199d230>,22,3,[6 2],33,44,47,11,44
1,<environment.Job instance at 0x150c3199d780>,21,12,[8 1],32,47,59,15,44
1,<environment.Job instance at 0x150c27d503c0>,26,1,[1 5],37,44,45,7,44
1,<environment.Job instance at 0x150c241ec550>,27,1,[ 1 10],39,45,46,6,44
1,<environment.Job instance at 0x150c23d260a0>,28,2,[6 1],42,56,58,14,44
1,<environment.Job instance at 0x150c23d26aa0>,29,1,[8 1],43,59,60,16,44
1,<environment.Job instance at 0x150c23d26820>,30,1,[9 1],44,60,61,16,44
1,<environment.Job instance at 0x150c27269780>,31,2,[5 2],45,58,60,13,45
1,<environment.Job instance at 0x150c3264dd70>,32,3,[5 2],47,60,63,13,47
1,<environment.Job instance at 0x150c3264d500>,33,13,[7 2],48,61,74,13,48
1,<environment.Job instance at 0x150c3264db40>,34,12,[2 8],49,61,73,12,49
1,<environment.Job instance at 0x150c23f52140>,43,15,[10  2],63,75,90,12,75
1,<environment.Job instance at 0x150c31a0f410>,44,2,[1 5],64,75,77,11,75
1,<environment.Job instance at 0x150c23cdd410>,46,19,[2 5],66,75,94,9,75
1,<environment.Job instance at 0x150c23f616e0>,52,3,[ 1 14],72,94,97,22,82
1,<environment.Job instance at 0x150c26dce1e0>,53,1,[2 9],74,90,91,16,82
1,<environment.Job instance at 0x150c2634f690>,59,16,[1 5],82,97,113,15,93
1,<environment.Job instance at 0x150c2717cd70>,62,2,[1 9],85,97,99,12,95
1,<environment.Job instance at 0x150c2717cf00>,64,2,[ 1 10],87,99,101,12,95
1,<environment.Job instance at 0x150c2717c640>,65,1,[5 2],90,101,102,11,95
1,<environment.Job instance at 0x150c2717c320>,67,1,[9 1],92,96,97,4,96
1,<environment.Job instance at 0x150c271f1dc0>,68,2,[2 5],93,101,103,8,96
1,<environment.Job instance at 0x150c271f1640>,71,27,[5 1],99,103,130,4,103
1,<environment.Job instance at 0x150c271f1140>,72,3,[2 7],102,103,106,1,103
1,<environment.Job instance at 0x150c271f15a0>,73,2,[8 1],103,106,108,3,103
1,<environment.Job instance at 0x150c270a88c0>,74,25,[ 1 10],104,113,138,9,109
1,<environment.Job instance at 0x150c270a8690>,75,2,[1 9],106,110,112,4,110
1,<environment.Job instance at 0x150c270a8a50>,78,2,[2 7],112,138,140,26,112
1,<environment.Job instance at 0x150c270a8870>,80,1,[1 8],117,138,139,21,117
1,<environment.Job instance at 0x150c270a8320>,81,2,[9 1],118,118,120,0,118
1,<environment.Job instance at 0x150c270a8410>,82,2,[1 8],120,139,141,19,120
1,<environment.Job instance at 0x150c32920b40>,83,2,[9 1],121,121,123,0,121
1,<environment.Job instance at 0x150c329200f0>,84,23,[2 9],123,141,164,18,135
1,<environment.Job instance at 0x150c32920820>,87,24,[8 1],126,140,164,14,135
1,<environment.Job instance at 0x150c24bc0c30>,94,18,[6 2],137,179,197,42,179
1,<environment.Job instance at 0x150c24bc0870>,96,2,[1 6],139,180,182,41,180
1,<environment.Job instance at 0x150c32920870>,85,14,[ 1 13],124,182,196,58,180
1,<environment.Job instance at 0x150c2727ecd0>,103,1,[ 1 10],148,196,197,48,180
1,<environment.Job instance at 0x150c24bc0370>,102,1,[ 1 12],147,197,198,50,196
1,<environment.Job instance at 0x150c2727e6e0>,120,18,[8 1],169,217,235,48,217
1,<environment.Job instance at 0x150c27bd45f0>,125,1,[13  2],175,235,236,60,228
1,<environment.Job instance at 0x150c27bd4c30>,123,15,[2 9],173,232,247,59,232
1,<environment.Job instance at 0x150c326c5e60>,7,16,[ 2 10],11,466,482,455,466
1,<environment.Job instance at 0x150c24c235a0>,11,17,[10  2],16,20,37,4,20
1,<environment.Job instance at 0x150c29336500>,24,20,[9 2],31,37,57,6,35
1,<environment.Job instance at 0x150c27066730>,38,1,[9 2],51,57,58,6,51
1,<environment.Job instance at 0x150c240af1e0>,40,1,[6 2],53,53,54,0,53
1,<environment.Job instance at 0x150c240af500>,41,3,[ 2 10],55,55,58,0,55
1,<environment.Job instance at 0x150c240af640>,45,25,[2 5],60,60,85,0,60
1,<environment.Job instance at 0x150c23d55b90>,63,1,[10  2],85,86,87,1,86
1,<environment.Job instance at 0x150c23d55910>,66,27,[5 1],88,88,115,0,88
1,<environment.Job instance at 0x150c241a2690>,69,27,[9 2],93,96,123,3,96
1,<environment.Job instance at 0x150c240b62d0>,79,13,[9 2],114,123,136,9,117
1,<environment.Job instance at 0x150c240b6320>,80,1,[1 8],115,119,120,4,119
1,<environment.Job instance at 0x150c240b60a0>,78,3,[ 1 12],109,138,141,29,138
1,<environment.Job instance at 0x150c240b65a0>,84,22,[9 2],120,138,160,18,138
1,<environment.Job instance at 0x150c23fb5dc0>,98,3,[1 6],143,143,146,0,143
1,<environment.Job instance at 0x150c24b58820>,101,16,[9 2],146,160,176,14,156
1,<environment.Job instance at 0x150c24b58730>,104,3,[5 1],150,156,159,6,156
1,<environment.Job instance at 0x150c280b4a50>,105,1,[9 1],151,176,177,25,156
1,<environment.Job instance at 0x150c280b4230>,106,1,[2 7],153,159,160,6,156
1,<environment.Job instance at 0x150c280b4c80>,107,2,[8 1],154,177,179,23,156
1,<environment.Job instance at 0x150c280b4be0>,108,3,[9 2],155,179,182,24,156
1,<environment.Job instance at 0x150c280b48c0>,111,1,[2 9],159,161,162,2,161
1,<environment.Job instance at 0x150c27fa2140>,118,19,[9 2],170,182,201,12,182
1,<environment.Job instance at 0x150c27b4b690>,124,1,[ 1 11],176,196,197,20,196
1,<environment.Job instance at 0x150c23c65dc0>,15,15,[7 1],20,357,372,337,357
1,<environment.Job instance at 0x150c23ffbeb0>,2,2,[7 1],8,9,11,1,9
1,<environment.Job instance at 0x150c241de280>,15,3,[ 1 10],24,27,30,3,27
1,<environment.Job instance at 0x150c23ce5be0>,19,3,[1 7],28,32,35,4,32
1,<environment.Job instance at 0x150c23ce5e10>,20,1,[2 6],29,33,34,4,33
1,<environment.Job instance at 0x150c241a2050>,21,3,[2 9],30,36,39,6,36
1,<environment.Job instance at 0x150c24b72500>,22,2,[2 6],31,36,38,5,36
1,<environment.Job instance at 0x150c241a2c30>,23,1,[2 6],32,40,41,8,40
1,<environment.Job instance at 0x150c26dd1730>,24,1,[7 2],34,40,41,6,40
1,<environment.Job instance at 0x150c241a2eb0>,25,2,[2 6],35,41,43,6,41
1,<environment.Job instance at 0x150c240a79b0>,26,1,[10  1],36,41,42,5,41
1,<environment.Job instance at 0x150c23c65d70>,27,3,[8 2],37,42,45,5,42
1,<environment.Job instance at 0x150c240a73c0>,28,3,[ 2 13],38,43,46,5,42
1,<environment.Job instance at 0x150c60879320>,18,16,[2 8],27,48,64,21,48
1,<environment.Job instance at 0x150c26eb7af0>,36,17,[6 1],46,48,65,2,48
1,<environment.Job instance at 0x150c2a9c4910>,37,3,[7 1],47,48,51,1,48
1,<environment.Job instance at 0x150c24130960>,38,2,[5 1],48,51,53,3,48
1,<environment.Job instance at 0x150c241307d0>,39,14,[10  2],49,65,79,16,50
1,<environment.Job instance at 0x150c24130640>,41,17,[9 1],51,79,96,28,78
1,<environment.Job instance at 0x150c32620e10>,51,26,[7 2],64,96,122,32,93
1,<environment.Job instance at 0x150c23f067d0>,73,2,[2 7],102,118,120,16,118
1,<environment.Job instance at 0x150c2719e320>,74,12,[ 1 10],103,125,137,22,125
1,<environment.Job instance at 0x150c240a7230>,29,14,[6 1],39,129,143,90,129
1,<environment.Job instance at 0x150c242b19b0>,81,1,[2 5],112,137,138,25,129
1,<environment.Job instance at 0x150c2719ebe0>,80,12,[1 6],109,137,149,28,135
1,<environment.Job instance at 0x150c242b1b40>,85,1,[11  1],117,143,144,26,137
1,<environment.Job instance at 0x150c27c4b870>,9,18,[7 2],15,20,38,5,20
1,<environment.Job instance at 0x150c23d0bd70>,18,23,[1 8],26,27,50,1,27
1,<environment.Job instance at 0x150c23f8b690>,20,17,[9 2],31,40,57,9,40
1,<environment.Job instance at 0x150c26ea7460>,26,3,[6 2],40,50,53,10,41
1,<environment.Job instance at 0x150c27d61af0>,29,26,[2 8],45,53,79,8,50
1,<environment.Job instance at 0x150c27d619b0>,31,2,[13  1],47,57,59,10,50
1,<environment.Job instance at 0x150c27d61370>,33,3,[2 8],50,79,82,29,53
1,<environment.Job instance at 0x150c27d61140>,35,3,[2 7],55,59,62,4,55
1,<environment.Job instance at 0x150c23c698c0>,43,2,[ 2 14],69,82,84,13,77
1,<environment.Job instance at 0x150c27d61870>,36,18,[7 2],56,95,113,39,95
1,<environment.Job instance at 0x150c26f96c80>,62,28,[1 6],96,96,124,0,96
1,<environment.Job instance at 0x150c27cc8fa0>,44,1,[7 2],70,106,107,36,106
1,<environment.Job instance at 0x150c280dcb90>,70,2,[5 1],113,114,116,1,114
1,<environment.Job instance at 0x150c326000f0>,55,14,[6 1],86,120,134,34,120
1,<environment.Job instance at 0x150c272c00a0>,79,1,[9 1],123,124,125,1,123
1,<environment.Job instance at 0x150c272c08c0>,80,1,[9 1],124,125,126,1,124
1,<environment.Job instance at 0x150c272c00f0>,81,27,[9 1],125,128,155,3,128
1,<environment.Job instance at 0x150c243cad70>,97,3,[6 1],146,149,152,3,149
1,<environment.Job instance at 0x150c243cae60>,98,2,[10  2],147,155,157,8,149
1,<environment.Job instance at 0x150c243caa00>,99,2,[7 1],148,157,159,9,149
1,<environment.Job instance at 0x150c243cad20>,100,3,[ 2 12],154,155,158,1,155
1,<environment.Job instance at 0x150c243caaa0>,102,1,[8 2],156,158,159,2,156
1,<environment.Job instance at 0x150c243cafa0>,103,18,[2 8],157,159,177,2,159
1,<environment.Job instance at 0x150c27c7d280>,109,1,[ 1 14],166,177,178,11,172
1,<environment.Job instance at 0x150c27c7d0f0>,114,25,[5 1],172,172,197,0,172
1,<environment.Job instance at 0x150c243caaf0>,105,27,[1 7],159,191,218,32,191
1,<environment.Job instance at 0x150c23f86460>,3,2,[2 6],6,6,8,0,6
1,<environment.Job instance at 0x150c23fef9b0>,7,2,[1 5],12,14,16,2,14
1,<environment.Job instance at 0x150c23f86140>,6,2,[6 1],11,14,16,3,14
1,<environment.Job instance at 0x150c319c0dc0>,11,1,[5 1],18,18,19,0,18
1,<environment.Job instance at 0x150c27d27b40>,12,1,[9 1],19,19,20,0,19
1,<environment.Job instance at 0x150c27d273c0>,14,2,[1 6],21,21,23,0,21
1,<environment.Job instance at 0x150c27d278c0>,15,20,[10  2],24,24,44,0,24
1,<environment.Job instance at 0x150c2571beb0>,13,17,[6 1],20,44,61,24,36
1,<environment.Job instance at 0x150c319f0230>,26,3,[2 7],41,41,44,0,41
1,<environment.Job instance at 0x150c23817640>,28,2,[8 2],45,45,47,0,45
1,<environment.Job instance at 0x150c23817af0>,29,3,[ 2 10],46,47,50,1,46
1,<environment.Job instance at 0x150c23817aa0>,30,3,[2 6],47,50,53,3,47
1,<environment.Job instance at 0x150c325e2cd0>,32,3,[6 2],50,50,53,0,50
1,<environment.Job instance at 0x150c23aacf00>,33,2,[6 2],52,53,55,1,52
1,<environment.Job instance at 0x150c23f86190>,5,1,[ 1 14],10,55,56,45,53
1,<environment.Job instance at 0x150c23aac730>,34,2,[9 2],54,56,58,2,56
1,<environment.Job instance at 0x150c23aacaf0>,35,3,[6 2],56,58,61,2,56
1,<environment.Job instance at 0x150c326f00a0>,36,1,[1 9],57,58,59,1,58
1,<environment.Job instance at 0x150c27c0f280>,38,1,[9 1],59,61,62,2,59
1,<environment.Job instance at 0x150c27c0f780>,39,2,[1 9],60,60,62,0,60
1,<environment.Job instance at 0x150c318801e0>,40,2,[1 5],62,62,64,0,62
1,<environment.Job instance at 0x150c2701e500>,41,1,[2 9],63,63,64,0,63
1,<environment.Job instance at 0x150c26dffe10>,42,2,[6 1],64,64,66,0,64
1,<environment.Job instance at 0x150c26dff550>,43,17,[8 2],65,68,85,3,68
1,<environment.Job instance at 0x150c237069b0>,56,1,[ 1 10],83,83,84,0,83
1,<environment.Job instance at 0x150c60d210f0>,55,3,[2 7],82,86,89,4,86
1,<environment.Job instance at 0x150c319a63c0>,66,1,[10  2],95,98,99,3,98
1,<environment.Job instance at 0x150c24c1ba50>,60,3,[2 6],87,99,102,12,99
1,<environment.Job instance at 0x150c24b10a50>,69,1,[8 2],100,100,101,0,100
1,<environment.Job instance at 0x150c244b8780>,70,2,[9 1],103,103,105,0,103
1,<environment.Job instance at 0x150c23f40d70>,71,2,[8 2],107,107,109,0,107
1,<environment.Job instance at 0x150c26eb5730>,72,3,[5 1],108,108,111,0,108
1,<environment.Job instance at 0x150c23d26a50>,54,15,[5 1],81,109,124,28,109
1,<environment.Job instance at 0x150c24b771e0>,74,2,[9 2],111,111,113,0,111
1,<environment.Job instance at 0x150c24b77f00>,75,2,[2 5],112,113,115,1,112
1,<environment.Job instance at 0x150c24b77b90>,76,3,[8 1],113,113,116,0,113
1,<environment.Job instance at 0x150c24b77410>,77,1,[2 8],114,115,116,1,114
1,<environment.Job instance at 0x150c2383a6e0>,78,1,[ 1 10],117,117,118,0,117
1,<environment.Job instance at 0x150c2383a9b0>,79,2,[1 8],120,120,122,0,120
1,<environment.Job instance at 0x150c2383ad20>,80,1,[9 2],121,121,122,0,121
1,<environment.Job instance at 0x150c2383aa00>,81,2,[2 6],122,122,124,0,122
1,<environment.Job instance at 0x150c2383a0f0>,82,15,[7 1],123,123,138,0,123
1,<environment.Job instance at 0x150c2383a230>,85,14,[2 7],127,131,145,4,131
1,<environment.Job instance at 0x150c23932c30>,90,1,[8 2],134,138,139,4,134
1,<environment.Job instance at 0x150c239325f0>,93,2,[1 8],139,139,141,0,139
1,<environment.Job instance at 0x150c23932eb0>,94,3,[1 7],142,142,145,0,142
1,<environment.Job instance at 0x150c23932050>,95,1,[1 8],145,145,146,0,145
1,<environment.Job instance at 0x150c2383a820>,84,14,[9 1],126,146,160,20,146
1,<environment.Job instance at 0x150c239322d0>,96,1,[7 2],148,160,161,12,148
1,<environment.Job instance at 0x150c23a71550>,98,16,[2 5],150,150,166,0,150
1,<environment.Job instance at 0x150c23a715a0>,101,2,[7 2],155,161,163,6,157
1,<environment.Job instance at 0x150c23a71be0>,102,3,[9 2],156,163,166,7,157
1,<environment.Job instance at 0x150c23a71aa0>,99,17,[ 1 14],151,169,186,18,169
1,<environment.Job instance at 0x150c23a71820>,111,3,[ 1 14],166,193,196,27,193
1,<environment.Job instance at 0x150c23a719b0>,112,2,[10  2],167,196,198,29,193
1,<environment.Job instance at 0x150c23ba9780>,0,3,[5 1],1,18,21,17,18
1,<environment.Job instance at 0x150c23e51d70>,11,2,[13  2],19,21,23,2,19
1,<environment.Job instance at 0x150c272285f0>,8,15,[6 1],15,23,38,8,19
1,<environment.Job instance at 0x150c23b9beb0>,13,2,[2 7],21,21,23,0,21
1,<environment.Job instance at 0x150c23bb42d0>,14,3,[7 1],23,23,26,0,23
1,<environment.Job instance at 0x150c23dc4f50>,15,3,[9 2],24,26,29,2,24
1,<environment.Job instance at 0x150c3193e1e0>,16,2,[7 1],29,29,31,0,29
1,<environment.Job instance at 0x150c319962d0>,12,3,[1 6],20,31,34,11,31
1,<environment.Job instance at 0x150c23dc48c0>,18,1,[1 5],33,36,37,3,36
1,<environment.Job instance at 0x150c27285230>,19,3,[ 2 11],35,61,64,26,61
1,<environment.Job instance at 0x150c27285dc0>,20,1,[8 1],39,62,63,23,62
1,<environment.Job instance at 0x150c272856e0>,21,3,[ 1 13],40,67,70,27,67
1,<environment.Job instance at 0x150c3193e5f0>,17,14,[10  1],30,67,81,37,67
1,<environment.Job instance at 0x150c27285cd0>,23,1,[7 1],43,81,82,38,67
1,<environment.Job instance at 0x150c23b52190>,24,2,[2 8],45,70,72,25,68
1,<environment.Job instance at 0x150c23b52f50>,26,2,[13  1],49,82,84,33,73
1,<environment.Job instance at 0x150c23b525a0>,25,13,[7 2],48,177,190,129,177
1,<environment.Job instance at 0x150c23b52820>,28,16,[1 5],52,194,210,142,194
1,<environment.Job instance at 0x150c23b52fa0>,30,1,[6 1],63,199,200,136,199
1,<environment.Job instance at 0x150c23b520f0>,31,3,[ 1 10],65,203,206,138,203
1,<environment.Job instance at 0x150c23b52af0>,32,3,[2 9],66,206,209,140,204
1,<environment.Job instance at 0x150c23b52c30>,33,2,[1 9],67,209,211,142,204
1,<environment.Job instance at 0x150c27b3a5a0>,34,2,[1 6],69,210,212,141,204
1,<environment.Job instance at 0x150c27b3a140>,35,3,[1 8],70,211,214,141,204
1,<environment.Job instance at 0x150c27b3a8c0>,36,1,[6 1],72,206,207,134,204
1,<environment.Job instance at 0x150c23f88aa0>,37,2,[10  1],74,207,209,133,204
1,<environment.Job instance at 0x150c23f88780>,38,15,[1 7],75,212,227,137,211
1,<environment.Job instance at 0x150c23f88550>,39,2,[1 8],76,214,216,138,212
1,<environment.Job instance at 0x150c272232d0>,40,24,[2 5],77,216,240,139,212
1,<environment.Job instance at 0x150c272233c0>,41,2,[ 1 10],78,227,229,149,212
1,<environment.Job instance at 0x150c2935b870>,42,1,[6 1],79,216,217,137,214
1,<environment.Job instance at 0x150c2935b2d0>,43,2,[7 1],80,218,220,138,218
1,<environment.Job instance at 0x150c2935b0a0>,44,1,[10  1],81,220,221,139,219
1,<environment.Job instance at 0x150c2935b4b0>,45,3,[1 8],82,229,232,147,224
1,<environment.Job instance at 0x150c318862d0>,46,3,[1 5],87,232,235,145,226
1,<environment.Job instance at 0x150c31886c30>,47,18,[ 2 10],88,239,257,151,239
1,<environment.Job instance at 0x150c318860a0>,48,3,[5 1],89,244,247,155,244
1,<environment.Job instance at 0x150c23c859b0>,49,3,[9 1],90,250,253,160,250
1,<environment.Job instance at 0x150c23c851e0>,50,12,[1 8],91,257,269,166,252
1,<environment.Job instance at 0x150c23c855a0>,51,2,[1 6],92,259,261,167,259
1,<environment.Job instance at 0x150c23c850f0>,52,3,[5 2],95,264,267,169,264
1,<environment.Job instance at 0x150c318a4b40>,53,15,[6 2],96,272,287,176,272
1,<environment.Job instance at 0x150c318a4780>,54,2,[11  1],98,287,289,189,274
1,<environment.Job instance at 0x150c318a4410>,55,3,[2 5],99,275,278,176,275
1,<environment.Job instance at 0x150c318a4f00>,56,1,[1 8],101,275,276,174,275
1,<environment.Job instance at 0x150c26df9820>,57,1,[2 5],102,276,277,174,275
1,<environment.Job instance at 0x150c318a4320>,58,1,[2 6],103,277,278,174,275
1,<environment.Job instance at 0x150c23b4fdc0>,59,14,[6 2],104,304,318,200,304
1,<environment.Job instance at 0x150c23b4f370>,60,3,[2 5],107,304,307,197,304
1,<environment.Job instance at 0x150c23b4fb90>,61,2,[9 2],108,307,309,199,304
1,<environment.Job instance at 0x150c23b4f8c0>,62,13,[2 8],109,314,327,205,314
1,<environment.Job instance at 0x150c27b1c410>,64,2,[1 5],111,315,317,204,315
1,<environment.Job instance at 0x150c27b1c4b0>,65,1,[1 6],112,318,319,206,315
1,<environment.Job instance at 0x150c27b1ce60>,66,3,[6 1],113,318,321,205,318
1,<environment.Job instance at 0x150c27b1c0a0>,67,1,[11  2],114,321,322,207,318
1,<environment.Job instance at 0x150c31976870>,68,2,[2 9],116,327,329,211,318
1,<environment.Job instance at 0x150c27b1cd20>,69,3,[8 2],119,323,326,204,323
1,<environment.Job instance at 0x150c29358a00>,70,1,[2 8],125,329,330,204,323
1,<environment.Job instance at 0x150c29358370>,71,1,[6 1],126,326,327,200,325
1,<environment.Job instance at 0x150c293587d0>,72,1,[8 1],127,327,328,200,325
1,<environment.Job instance at 0x150c239d5730>,73,1,[7 1],128,326,327,198,325
1,<environment.Job instance at 0x150c239d5190>,74,12,[1 6],129,328,340,199,327
1,<environment.Job instance at 0x150c26d9f5f0>,75,2,[1 5],130,330,332,200,327
1,<environment.Job instance at 0x150c26d9f3c0>,76,3,[2 9],131,332,335,201,328
1,<environment.Job instance at 0x150c26d9fd70>,77,2,[1 6],132,335,337,203,330
1,<environment.Job instance at 0x150c33fd7e60>,78,14,[1 8],133,338,352,205,338
1,<environment.Job instance at 0x150c33fd7960>,80,2,[12  2],135,347,349,212,347
1,<environment.Job instance at 0x150c33fd7780>,81,2,[7 1],137,349,351,212,347
1,<environment.Job instance at 0x150c23b7d820>,82,1,[1 8],138,352,353,214,349
1,<environment.Job instance at 0x150c23b7d6e0>,83,1,[7 1],139,349,350,210,349
1,<environment.Job instance at 0x150c23b7deb0>,84,1,[1 9],140,353,354,213,349
1,<environment.Job instance at 0x150c27229500>,85,1,[6 2],141,350,351,209,350
1,<environment.Job instance at 0x150c272291e0>,86,2,[ 2 10],142,354,356,212,350
1,<environment.Job instance at 0x150c27229b40>,87,1,[5 2],143,352,353,209,352
1,<environment.Job instance at 0x150c272295a0>,88,13,[ 2 14],144,359,372,215,359
1,<environment.Job instance at 0x150c2801a3c0>,89,12,[9 1],146,391,403,245,391
1,<environment.Job instance at 0x150c2801a140>,90,3,[1 8],148,393,396,245,393
1,<environment.Job instance at 0x150c2801a550>,91,1,[ 2 10],149,396,397,247,393
1,<environment.Job instance at 0x150c2801a500>,92,2,[7 2],150,403,405,253,394
1,<environment.Job instance at 0x150c2801ac30>,93,2,[1 6],151,394,396,243,394
1,<environment.Job instance at 0x150c2801af00>,94,26,[10  2],153,433,459,280,433
1,<environment.Job instance at 0x150c2801a0f0>,96,2,[8 2],155,459,461,304,451
1,<environment.Job instance at 0x150c2801a5f0>,95,13,[ 1 10],154,452,465,298,452
1,<environment.Job instance at 0x150c2801ae60>,98,2,[1 7],158,465,467,307,452
1,<environment.Job instance at 0x150c2801a640>,99,2,[8 1],159,461,463,302,455
1,<environment.Job instance at 0x150c2801a050>,100,1,[5 1],160,459,460,299,455
1,<environment.Job instance at 0x150c2801a0a0>,101,2,[ 1 12],161,467,469,306,455
1,<environment.Job instance at 0x150c2801a320>,102,3,[2 5],167,463,466,296,455
1,<environment.Job instance at 0x150c2801a870>,103,1,[5 2],169,460,461,291,455
1,<environment.Job instance at 0x150c2801aaf0>,104,16,[ 1 10],170,469,485,299,456
1,<environment.Job instance at 0x150c2801a780>,105,13,[1 5],171,469,482,298,457
1,<environment.Job instance at 0x150c2801adc0>,106,3,[1 8],172,485,488,313,459
1,<environment.Job instance at 0x150c2801a370>,107,2,[7 1],174,465,467,291,459
1,<environment.Job instance at 0x150c27260d70>,108,2,[2 8],176,488,490,312,461
1,<environment.Job instance at 0x150c27260cd0>,109,1,[1 6],178,466,467,288,461
1,<environment.Job instance at 0x150c242e0640>,5,2,[14  2],10,555,557,545,555
1,<environment.Job instance at 0x150c2398e550>,1,1,[11  2],4,7,8,3,7
1,<environment.Job instance at 0x150c2389df50>,3,28,[ 2 12],8,8,36,0,8
1,<environment.Job instance at 0x150c2389d730>,11,23,[2 8],18,36,59,18,30
1,<environment.Job instance at 0x150c2389db90>,9,26,[1 9],16,59,85,43,56
1,<environment.Job instance at 0x150c246ddd20>,17,1,[8 2],26,56,57,30,56
1,<environment.Job instance at 0x150c246dda50>,18,1,[8 1],27,57,58,30,56
1,<environment.Job instance at 0x150c246dd730>,20,1,[2 7],31,58,59,27,56
1,<environment.Job instance at 0x150c246dd500>,21,25,[6 2],32,59,84,27,57
1,<environment.Job instance at 0x150c246dd960>,22,3,[8 1],36,59,62,23,57
1,<environment.Job instance at 0x150c246dd6e0>,24,28,[ 1 10],38,85,113,47,84
1,<environment.Job instance at 0x150c246dd140>,25,2,[7 1],39,84,86,45,84
1,<environment.Job instance at 0x150c246dd0a0>,26,2,[2 7],40,113,115,73,86
1,<environment.Job instance at 0x150c246ddaf0>,27,1,[6 2],41,86,87,45,86
1,<environment.Job instance at 0x150c246dd9b0>,28,2,[1 5],42,87,89,45,86
1,<environment.Job instance at 0x150c246ddb90>,30,3,[7 1],44,121,124,77,121
1,<environment.Job instance at 0x150c246dd2d0>,31,3,[7 2],45,121,124,76,121
1,<environment.Job instance at 0x150c246dd7d0>,32,24,[2 9],47,124,148,77,121
1,<environment.Job instance at 0x150c2431b280>,33,1,[6 2],50,124,125,74,121
1,<environment.Job instance at 0x150c2431b3c0>,34,16,[5 2],52,138,154,86,138
1,<environment.Job instance at 0x150c2431b1e0>,35,3,[9 2],54,148,151,94,138
1,<environment.Job instance at 0x150c24265e10>,36,16,[1 5],55,148,164,93,146
1,<environment.Job instance at 0x150c242650a0>,37,1,[1 5],56,151,152,95,146
1,<environment.Job instance at 0x150c24265410>,38,3,[ 2 10],57,154,157,97,146
1,<environment.Job instance at 0x150c237bbe60>,39,3,[2 9],58,157,160,99,146
1,<environment.Job instance at 0x150c2389ddc0>,12,3,[2 5],20,160,163,140,147
1,<environment.Job instance at 0x150c237bbaa0>,40,15,[11  2],59,160,175,101,147
1,<environment.Job instance at 0x150c237bbbe0>,42,14,[9 2],62,175,189,113,160
1,<environment.Job instance at 0x150c2386e690>,50,2,[2 7],76,163,165,87,160
1,<environment.Job instance at 0x150c2386eb90>,51,18,[1 5],77,164,182,87,160
1,<environment.Job instance at 0x150c2386ed20>,52,18,[10  2],78,189,207,111,179
1,<environment.Job instance at 0x150c23752af0>,61,3,[7 1],89,207,210,118,181
1,<environment.Job instance at 0x150c23752c80>,62,1,[2 7],90,181,182,91,181
1,<environment.Job instance at 0x150c23752b90>,63,3,[2 7],92,182,185,90,181
1,<environment.Job instance at 0x150c23752c30>,64,3,[ 2 10],93,185,188,92,181
1,<environment.Job instance at 0x150c23752230>,65,2,[6 1],94,207,209,113,181
1,<environment.Job instance at 0x150c237522d0>,66,3,[ 1 10],95,188,191,93,181
1,<environment.Job instance at 0x150c23752410>,67,1,[1 6],96,182,183,86,181
1,<environment.Job instance at 0x150c23752d20>,68,3,[8 2],98,209,212,111,183
1,<environment.Job instance at 0x150c23752190>,69,3,[6 2],99,210,213,111,184
1,<environment.Job instance at 0x150c23752820>,70,2,[10  2],100,213,215,113,186
1,<environment.Job instance at 0x150c23f55aa0>,71,1,[1 6],101,191,192,90,186
1,<environment.Job instance at 0x150c23f55320>,72,1,[5 1],102,188,189,86,186
1,<environment.Job instance at 0x150c23f55910>,73,15,[9 1],103,215,230,112,214
1,<environment.Job instance at 0x150c23f556e0>,76,3,[1 6],106,214,217,108,214
1,<environment.Job instance at 0x150c23f55e10>,77,2,[10  1],107,230,232,123,214
1,<environment.Job instance at 0x150c23f557d0>,78,2,[6 1],109,217,219,108,214
1,<environment.Job instance at 0x150c2372f500>,79,1,[2 8],110,215,216,105,214
1,<environment.Job instance at 0x150c23f55780>,80,2,[6 1],111,219,221,108,214
1,<environment.Job instance at 0x150c2372f9b0>,81,15,[2 9],112,221,236,109,214
1,<environment.Job instance at 0x150c2372f1e0>,82,3,[7 1],113,232,235,119,214
1,<environment.Job instance at 0x150c2372f410>,83,2,[2 9],115,236,238,121,214
1,<environment.Job instance at 0x150c2372faa0>,84,3,[5 2],117,232,235,115,214
1,<environment.Job instance at 0x150c2372f910>,85,25,[2 5],118,235,260,117,231
1,<environment.Job instance at 0x150c2372fdc0>,86,3,[2 5],119,238,241,119,231
1,<environment.Job instance at 0x150c2372f7d0>,87,2,[1 5],120,238,240,118,231
1,<environment.Job instance at 0x150c2372fd20>,88,14,[5 1],121,240,254,119,232
1,<environment.Job instance at 0x150c27d323c0>,89,17,[7 1],123,241,258,118,237
1,<environment.Job instance at 0x150c27d328c0>,90,1,[ 2 10],125,258,259,133,237
1,<environment.Job instance at 0x150c27d32230>,91,27,[10  1],127,259,286,132,257
1,<environment.Job instance at 0x150c2370b5a0>,92,2,[9 1],128,286,288,158,259
1,<environment.Job instance at 0x150c27d32730>,93,3,[1 8],129,259,262,130,259
1,<environment.Job instance at 0x150c2370b140>,94,16,[8 1],132,288,304,156,277
1,<environment.Job instance at 0x150c2370bf50>,95,3,[8 2],134,304,307,170,278
1,<environment.Job instance at 0x150c2370b7d0>,96,16,[2 8],135,278,294,143,278
1,<environment.Job instance at 0x150c2370bbe0>,97,2,[6 2],136,294,296,158,278
1,<environment.Job instance at 0x150c2370b1e0>,98,1,[7 2],138,296,297,158,278
1,<environment.Job instance at 0x150c27c286e0>,99,2,[ 2 10],143,297,299,154,278
1,<environment.Job instance at 0x150c27c283c0>,100,20,[10  2],144,307,327,163,306
1,<environment.Job instance at 0x150c27c28550>,101,3,[7 1],145,327,330,182,306
1,<environment.Job instance at 0x150c27c285f0>,102,3,[2 6],146,306,309,160,306
1,<environment.Job instance at 0x150c31911c80>,103,3,[2 9],147,309,312,162,306
1,<environment.Job instance at 0x150c31911320>,104,2,[8 1],148,327,329,179,306
1,<environment.Job instance at 0x150c31911050>,105,13,[10  1],150,330,343,180,317
1,<environment.Job instance at 0x150c31911dc0>,106,3,[8 1],151,343,346,192,317
1,<environment.Job instance at 0x150c243460a0>,107,2,[2 6],156,317,319,161,317
1,<environment.Job instance at 0x150c24346cd0>,108,3,[10  1],157,346,349,189,320
1,<environment.Job instance at 0x150c24346190>,109,3,[1 8],159,320,323,161,320
1,<environment.Job instance at 0x150c2720cdc0>,110,2,[5 2],161,323,325,162,320
1,<environment.Job instance at 0x150c280b7500>,111,1,[2 7],163,325,326,162,320
1,<environment.Job instance at 0x150c31922050>,112,1,[2 9],164,326,327,162,320
1,<environment.Job instance at 0x150c31922550>,113,3,[ 2 10],165,329,332,164,320
1,<environment.Job instance at 0x150c31922730>,114,2,[6 1],166,343,345,177,320
1,<environment.Job instance at 0x150c31922640>,115,1,[8 1],169,349,350,180,321
1,<environment.Job instance at 0x150c325bff00>,116,12,[7 1],170,349,361,179,332
1,<environment.Job instance at 0x150c319038c0>,117,26,[8 2],171,350,376,179,347
1,<environment.Job instance at 0x150c270e8870>,118,16,[1 7],172,361,377,189,348
1,<environment.Job instance at 0x150c319030a0>,119,14,[5 1],173,361,375,188,348
1,<environment.Job instance at 0x150c31903050>,120,16,[8 2],174,376,392,202,367
1,<environment.Job instance at 0x150c27003c80>,121,3,[ 2 10],175,377,380,202,367
1,<environment.Job instance at 0x150c23951b40>,122,1,[6 2],176,375,376,199,367
1,<environment.Job instance at 0x150c27003640>,123,2,[5 1],177,376,378,199,367
1,<environment.Job instance at 0x150c239511e0>,124,18,[6 2],178,380,398,202,369
1,<environment.Job instance at 0x150c23f55f00>,75,1,[ 1 12],105,1260,1261,1155,1260
1,<environment.Job instance at 0x150c25711640>,8,17,[7 1],13,16,33,3,16
1,<environment.Job instance at 0x150c257116e0>,11,1,[1 7],16,16,17,0,16
1,<environment.Job instance at 0x150c25711500>,12,2,[1 9],17,18,20,1,18
1,<environment.Job instance at 0x150c25711af0>,14,17,[2 7],22,22,39,0,22
1,<environment.Job instance at 0x150c25711d20>,17,28,[2 5],28,28,56,0,28
1,<environment.Job instance at 0x150c240dce60>,25,2,[2 8],38,39,41,1,39
1,<environment.Job instance at 0x150c25711e10>,9,15,[13  2],14,52,67,38,52
1,<environment.Job instance at 0x150c24225cd0>,33,20,[1 9],48,56,76,8,52
1,<environment.Job instance at 0x150c242257d0>,34,1,[1 5],49,67,68,18,52
1,<environment.Job instance at 0x150c24225870>,35,3,[9 2],50,68,71,18,52
1,<environment.Job instance at 0x150c24225dc0>,36,1,[2 5],51,71,72,20,52
1,<environment.Job instance at 0x150c24225aa0>,37,3,[14  2],52,72,75,20,66
1,<environment.Job instance at 0x150c24225c80>,38,2,[2 7],54,76,78,22,66
1,<environment.Job instance at 0x150c24225820>,32,14,[13  2],47,75,89,28,74
1,<environment.Job instance at 0x150c3265b9b0>,42,17,[10  1],60,89,106,29,77
1,<environment.Job instance at 0x150c3265bc80>,49,3,[ 1 14],72,100,103,28,100
1,<environment.Job instance at 0x150c3265bb40>,50,14,[13  2],73,106,120,33,104
1,<environment.Job instance at 0x150c325712d0>,58,1,[2 8],90,106,107,16,106
1,<environment.Job instance at 0x150c32571230>,60,1,[9 2],92,120,121,28,106
1,<environment.Job instance at 0x150c32571640>,61,1,[6 2],93,120,121,27,106
1,<environment.Job instance at 0x150c24b62cd0>,64,2,[ 2 13],99,145,147,46,145
1,<environment.Job instance at 0x150c3265b190>,41,15,[ 2 12],59,147,162,88,145
1,<environment.Job instance at 0x150c26fe76e0>,76,21,[9 1],113,150,171,37,150
1,<environment.Job instance at 0x150c26fe7910>,75,24,[ 1 10],112,162,186,50,158
1,<environment.Job instance at 0x150c26fe7d70>,80,22,[6 1],117,175,197,58,175
1,<environment.Job instance at 0x150c26fe7410>,84,2,[7 2],123,175,177,52,175
1,<environment.Job instance at 0x150c26fe78c0>,85,1,[8 1],125,177,178,52,175
1,<environment.Job instance at 0x150c26fe70f0>,86,1,[1 8],130,186,187,56,175
1,<environment.Job instance at 0x150c26fe7820>,87,1,[ 1 10],132,187,188,55,175
1,<environment.Job instance at 0x150c26fe7f50>,88,1,[ 2 10],134,188,189,54,175
1,<environment.Job instance at 0x150c26fe74b0>,89,2,[9 1],135,189,191,54,176
1,<environment.Job instance at 0x150c26fe7730>,77,16,[ 2 12],114,191,207,77,190
1,<environment.Job instance at 0x150c26fe7d20>,93,2,[8 2],139,197,199,58,190
1,<environment.Job instance at 0x150c24207730>,100,3,[ 2 10],150,207,210,57,204
1,<environment.Job instance at 0x150c240d69b0>,101,12,[1 6],151,210,222,59,209
1,<environment.Job instance at 0x150c325495a0>,102,3,[9 2],152,209,212,57,209
1,<environment.Job instance at 0x150c23f4f280>,103,1,[1 8],155,212,213,57,209
1,<environment.Job instance at 0x150c27d63730>,104,2,[5 2],156,210,212,54,209
1,<environment.Job instance at 0x150c32549640>,105,2,[ 2 11],157,222,224,65,210
1,<environment.Job instance at 0x150c24207c80>,106,2,[5 2],158,213,215,55,210
1,<environment.Job instance at 0x150c2711af00>,118,14,[12  2],174,224,238,50,224
1,<environment.Job instance at 0x150c2710e2d0>,121,18,[6 2],178,242,260,64,242
1,<environment.Job instance at 0x150c7802a370>,10,2,[9 2],14,16,18,2,16
1,<environment.Job instance at 0x150c318d6870>,17,1,[11  2],23,23,24,0,23
1,<environment.Job instance at 0x150c23825a00>,18,2,[7 2],24,40,42,16,40
1,<environment.Job instance at 0x150c23d83370>,26,20,[1 5],34,2139,2159,2105,2139
1,<environment.Job instance at 0x150c23d83460>,27,2,[7 2],35,2143,2145,2108,2143
1,<environment.Job instance at 0x150c23d835a0>,28,2,[1 8],36,2145,2147,2109,2145
1,<environment.Job instance at 0x150c2410bd70>,14,2,[10  2],18,2159,2161,2141,2159
1,<environment.Job instance at 0x150c23d83500>,30,1,[9 1],38,2161,2162,2123,2159
1,<environment.Job instance at 0x150c23d83960>,31,2,[ 2 10],39,2160,2162,2121,2160
1,<environment.Job instance at 0x150c23d83a50>,32,2,[7 1],41,2162,2164,2121,2162
1,<environment.Job instance at 0x150c23d83550>,33,1,[2 8],44,2163,2164,2119,2163
1,<environment.Job instance at 0x150c23a733c0>,34,2,[ 1 10],46,2180,2182,2134,2180
1,<environment.Job instance at 0x150c23a73280>,36,3,[10  2],48,2180,2183,2132,2180
1,<environment.Job instance at 0x150c23d83e10>,29,16,[8 2],37,2183,2199,2146,2180
1,<environment.Job instance at 0x150c23a73320>,38,2,[ 2 10],51,2182,2184,2131,2180
1,<environment.Job instance at 0x150c23a73b90>,39,3,[2 9],52,2184,2187,2132,2182
1,<environment.Job instance at 0x150c24187be0>,14,1,[10  1],22,22,23,0,22
1,<environment.Job instance at 0x150c24bd1e60>,2,18,[8 2],4,23,41,19,23
1,<environment.Job instance at 0x150c24187280>,17,2,[ 1 13],25,153,155,128,153
1,<environment.Job instance at 0x150c26feeaa0>,16,18,[12  2],24,153,171,129,153
1,<environment.Job instance at 0x150c242d0dc0>,13,3,[6 1],20,171,174,151,162
1,<environment.Job instance at 0x150c2401b0f0>,29,3,[6 1],46,171,174,125,166
1,<environment.Job instance at 0x150c26e6e870>,30,1,[8 1],47,174,175,127,166
1,<environment.Job instance at 0x150c23fd0230>,11,14,[11  2],17,175,189,158,169
1,<environment.Job instance at 0x150c24288e10>,38,15,[9 1],61,189,204,128,175
1,<environment.Job instance at 0x150c238e2190>,42,3,[9 1],65,204,207,139,178
1,<environment.Job instance at 0x150c238e2460>,43,2,[7 1],67,207,209,140,180
1,<environment.Job instance at 0x150c238e2f50>,44,3,[2 5],68,180,183,112,180
1,<environment.Job instance at 0x150c238e25f0>,45,1,[1 5],69,180,181,111,180
1,<environment.Job instance at 0x150c238e2410>,46,2,[9 1],71,209,211,138,182
1,<environment.Job instance at 0x150c238e2eb0>,47,12,[8 1],73,211,223,138,195
1,<environment.Job instance at 0x150c26dabd20>,59,28,[6 2],93,196,224,103,196
1,<environment.Job instance at 0x150c24130140>,64,14,[5 1],101,223,237,122,211
1,<environment.Job instance at 0x150c242f8fa0>,65,1,[10  2],103,224,225,121,211
1,<environment.Job instance at 0x150c242f81e0>,66,15,[6 1],104,225,240,121,211
1,<environment.Job instance at 0x150c242f87d0>,68,2,[8 1],106,237,239,131,211
1,<environment.Job instance at 0x150c242f8460>,69,1,[10  1],107,240,241,133,212
1,<environment.Job instance at 0x150c242f8b40>,70,1,[9 1],108,239,240,131,212
1,<environment.Job instance at 0x150c24130730>,62,21,[10  2],99,241,262,142,233
1,<environment.Job instance at 0x150c242f83c0>,71,18,[6 2],109,262,280,153,254
1,<environment.Job instance at 0x150c26e777d0>,100,3,[12  2],150,280,283,130,254
1,<environment.Job instance at 0x150c26e77b40>,101,13,[9 2],151,283,296,132,274
1,<environment.Job instance at 0x150c24032c80>,109,3,[1 6],161,278,281,117,278
1,<environment.Job instance at 0x150c24032c30>,110,1,[ 2 10],162,281,282,119,280
1,<environment.Job instance at 0x150c24032be0>,111,17,[ 2 11],163,295,312,132,295
1,<environment.Job instance at 0x150c238390a0>,112,2,[2 7],164,312,314,148,296
1,<environment.Job instance at 0x150c23839370>,113,2,[8 1],166,298,300,132,298
1,<environment.Job instance at 0x150c23839c80>,114,1,[8 2],167,300,301,133,298
1,<environment.Job instance at 0x150c23839320>,115,1,[9 1],171,301,302,130,298
1,<environment.Job instance at 0x150c23839910>,116,14,[2 6],172,312,326,140,302
1,<environment.Job instance at 0x150c23839730>,117,1,[5 1],178,314,315,136,314
1,<environment.Job instance at 0x150c24032fa0>,108,2,[ 2 14],160,568,570,408,568
1,<environment.Job instance at 0x150c27c2a7d0>,2,1,[1 5],5,5,6,0,5
1,<environment.Job instance at 0x150c236c9af0>,7,2,[2 9],11,11,13,0,11
1,<environment.Job instance at 0x150c236c99b0>,8,3,[5 1],12,12,15,0,12
1,<environment.Job instance at 0x150c236c9d70>,10,1,[ 2 10],14,14,15,0,14
1,<environment.Job instance at 0x150c236c9280>,11,3,[2 9],15,15,18,0,15
1,<environment.Job instance at 0x150c27199550>,18,27,[1 8],25,27,54,2,27
1,<environment.Job instance at 0x150c236c9410>,12,20,[5 2],16,55,75,39,55
1,<environment.Job instance at 0x150c2401b500>,19,2,[1 9],26,213,215,187,213
1,<environment.Job instance at 0x150c241a29b0>,34,12,[ 1 14],49,215,227,166,213
1,<environment.Job instance at 0x150c3259c6e0>,44,2,[5 2],61,227,229,166,217
1,<environment.Job instance at 0x150c3259ca00>,46,2,[1 7],65,227,229,162,217
1,<environment.Job instance at 0x150c3259cc80>,47,3,[9 1],66,218,221,152,218
1,<environment.Job instance at 0x150c3259ce60>,48,12,[1 6],67,227,239,160,219
1,<environment.Job instance at 0x150c325ef4b0>,52,1,[ 1 10],72,239,240,167,219
1,<environment.Job instance at 0x150c325efb90>,53,3,[2 7],74,229,232,155,229
1,<environment.Job instance at 0x150c325ef780>,51,2,[ 2 10],71,240,242,169,233
1,<environment.Job instance at 0x150c325ef960>,54,13,[6 2],75,243,256,168,243
1,<environment.Job instance at 0x150c325ef7d0>,56,2,[9 2],77,243,245,166,243
1,<environment.Job instance at 0x150c325efd20>,57,3,[2 8],78,245,248,167,245
1,<environment.Job instance at 0x150c325efa00>,58,16,[5 2],79,253,269,174,253
1,<environment.Job instance at 0x150c325eff00>,59,3,[5 2],80,256,259,176,253
1,<environment.Job instance at 0x150c325ef050>,60,1,[6 2],81,259,260,178,255
1,<environment.Job instance at 0x150c325efbe0>,61,1,[ 2 12],82,260,261,178,256
1,<environment.Job instance at 0x150c325ef500>,64,2,[9 1],86,261,263,175,259
1,<environment.Job instance at 0x150c2378bfa0>,67,2,[1 9],89,261,263,172,259
1,<environment.Job instance at 0x150c2378b780>,69,21,[1 8],92,263,284,171,259
1,<environment.Job instance at 0x150c27118230>,70,3,[1 7],95,269,272,174,260
1,<environment.Job instance at 0x150c271185a0>,71,1,[1 5],96,263,264,167,261
1,<environment.Job instance at 0x150c27118870>,73,24,[1 6],100,272,296,172,267
1,<environment.Job instance at 0x150c319f65a0>,84,12,[1 9],118,285,297,167,285
1,<environment.Job instance at 0x150c319f6af0>,85,22,[1 5],120,296,318,176,289
1,<environment.Job instance at 0x150c319f6870>,88,1,[10  1],124,296,297,172,293
1,<environment.Job instance at 0x150c319f6690>,89,1,[1 5],125,297,298,172,293
1,<environment.Job instance at 0x150c240f4870>,90,18,[ 2 10],126,301,319,175,301
1,<environment.Job instance at 0x150c240f4460>,91,20,[6 2],128,318,338,190,312
1,<environment.Job instance at 0x150c240f42d0>,92,1,[5 2],129,318,319,189,312
1,<environment.Job instance at 0x150c240f4cd0>,94,2,[1 6],132,319,321,187,312
1,<environment.Job instance at 0x150c242acc30>,96,1,[14  2],135,338,339,203,312
1,<environment.Job instance at 0x150c242ac4b0>,99,3,[8 1],138,329,332,191,329
1,<environment.Job instance at 0x150c242ac820>,101,15,[2 7],140,339,354,199,332
1,<environment.Job instance at 0x150c242ac050>,102,13,[5 2],141,339,352,198,339
1,<environment.Job instance at 0x150c242ac230>,104,18,[1 5],143,362,380,219,362
1,<environment.Job instance at 0x150c242ac550>,105,3,[8 2],145,379,382,234,379
1,<environment.Job instance at 0x150c242ac190>,107,1,[1 5],149,418,419,269,418
1,<environment.Job instance at 0x150c242ac370>,108,1,[10  2],150,430,431,280,430
1,<environment.Job instance at 0x150c242ac9b0>,106,18,[5 2],148,431,449,283,431
1,<environment.Job instance at 0x150c246e8820>,122,1,[10  2],169,433,434,264,433
1,<environment.Job instance at 0x150c242ac640>,118,20,[8 2],163,434,454,271,434
1,<environment.Job instance at 0x150c246e8d70>,124,3,[10  1],172,454,457,282,435
1,<environment.Job instance at 0x150c246e8870>,125,1,[10  1],174,457,458,283,439
1,<environment.Job instance at 0x150c246e8230>,126,2,[1 9],175,439,441,264,439
1,<environment.Job instance at 0x150c246e84b0>,128,12,[2 5],177,457,469,280,457
1,<environment.Job instance at 0x150c3259c140>,42,3,[13  1],59,493,496,434,493
1,<environment.Job instance at 0x150c2401a780>,6,1,[12  1],10,496,497,486,493
1,<environment.Job instance at 0x150c24362050>,1,3,[8 2],2,2,5,0,2
1,<environment.Job instance at 0x150c236a19b0>,3,3,[6 2],5,5,8,0,5
1,<environment.Job instance at 0x150c23b42dc0>,14,1,[8 2],22,22,23,0,22
1,<environment.Job instance at 0x150c236a15f0>,0,2,[ 2 14],1,24,26,23,24
1,<environment.Job instance at 0x150c23a74050>,17,14,[8 1],25,25,39,0,25
1,<environment.Job instance at 0x150c23ef7500>,18,2,[7 2],26,26,28,0,26
1,<environment.Job instance at 0x150c326a27d0>,19,3,[5 2],27,28,31,1,27
1,<environment.Job instance at 0x150c23eae5f0>,20,3,[2 8],29,29,32,0,29
1,<environment.Job instance at 0x150c326a2fa0>,21,15,[5 1],32,32,47,0,32
1,<environment.Job instance at 0x150c27d48500>,22,15,[6 2],34,47,62,13,47
1,<environment.Job instance at 0x150c271a9960>,37,2,[9 2],51,51,53,0,51
1,<environment.Job instance at 0x150c23eeab40>,39,2,[2 5],53,53,55,0,53
1,<environment.Job instance at 0x150c246dabe0>,16,16,[1 7],24,53,69,29,53
1,<environment.Job instance at 0x150c27b92960>,44,1,[11  2],59,62,63,3,60
1,<environment.Job instance at 0x150c27b92320>,46,12,[13  2],61,63,75,2,63
1,<environment.Job instance at 0x150c24264500>,48,18,[ 1 10],64,73,91,9,73
1,<environment.Job instance at 0x150c27b920a0>,47,19,[8 1],62,75,94,13,74
1,<environment.Job instance at 0x150c24264e60>,51,1,[ 1 10],68,91,92,23,75
1,<environment.Job instance at 0x150c318dcc80>,53,1,[2 6],72,92,93,20,76
1,<environment.Job instance at 0x150c23e08f50>,54,1,[1 8],73,92,93,19,77
1,<environment.Job instance at 0x150c318dc5a0>,55,12,[ 2 10],74,93,105,19,92
1,<environment.Job instance at 0x150c318ec7d0>,62,3,[14  2],83,105,108,22,92
1,<environment.Job instance at 0x150c23c2fd70>,73,2,[5 2],101,101,103,0,101
1,<environment.Job instance at 0x150c325d7d20>,75,3,[5 1],107,108,111,1,107
1,<environment.Job instance at 0x150c325d79b0>,76,13,[10  1],108,108,121,0,108
1,<environment.Job instance at 0x150c23efe2d0>,77,1,[6 2],109,121,122,12,109
1,<environment.Job instance at 0x150c23efebe0>,79,3,[5 2],113,113,116,0,113
1,<environment.Job instance at 0x150c23efe230>,80,2,[2 8],115,116,118,1,115
1,<environment.Job instance at 0x150c23efed70>,81,3,[ 2 10],116,119,122,3,119
1,<environment.Job instance at 0x150c24c46f50>,84,3,[9 2],120,122,125,2,120
1,<environment.Job instance at 0x150c24c46320>,85,14,[2 6],121,122,136,1,122
1,<environment.Job instance at 0x150c26f19370>,87,1,[6 2],123,125,126,2,124
1,<environment.Job instance at 0x150c26f19320>,88,22,[1 8],124,126,148,2,124
1,<environment.Job instance at 0x150c2368b550>,89,1,[8 2],125,136,137,11,127
1,<environment.Job instance at 0x150c2368b050>,91,3,[2 6],127,137,140,10,132
1,<environment.Job instance at 0x150c2368bd70>,94,2,[10  2],130,140,142,10,132
1,<environment.Job instance at 0x150c2368b1e0>,95,2,[7 1],131,132,134,1,132
1,<environment.Job instance at 0x150c2368bc30>,96,18,[2 8],132,148,166,16,138
1,<environment.Job instance at 0x150c2368bf50>,97,1,[10  1],133,138,139,5,138
1,<environment.Job instance at 0x150c2368ba00>,99,1,[10  2],137,142,143,5,138
1,<environment.Job instance at 0x150c280acf00>,111,1,[6 1],162,162,163,0,162
1,<environment.Job instance at 0x150c280ac410>,112,15,[ 1 10],164,167,182,3,167
1,<environment.Job instance at 0x150c280ac370>,114,13,[8 1],166,170,183,4,170
1,<environment.Job instance at 0x150c2369edc0>,121,1,[9 1],175,183,184,8,175
1,<environment.Job instance at 0x150c2369ebe0>,122,1,[1 7],176,182,183,6,176
1,<environment.Job instance at 0x150c318dc0f0>,52,18,[10  1],71,184,202,113,181
1,<environment.Job instance at 0x150c2368b4b0>,90,18,[1 6],126,626,644,500,626
1,<environment.Job instance at 0x150c23918730>,1,2,[1 8],2,2,4,0,2
1,<environment.Job instance at 0x150c23918cd0>,2,2,[2 6],4,4,6,0,4
1,<environment.Job instance at 0x150c3061be60>,17,23,[5 1],19,26,49,7,26
1,<environment.Job instance at 0x150c246fce60>,33,15,[13  1],43,76,91,33,76
1,<environment.Job instance at 0x150c246fc8c0>,34,2,[8 2],44,91,93,47,76
1,<environment.Job instance at 0x150c27d41aa0>,62,3,[12  2],80,117,120,37,117
1,<environment.Job instance at 0x150c319fae10>,53,3,[ 2 11],68,129,132,61,129
1,<environment.Job instance at 0x150c23ce0190>,73,2,[1 7],92,132,134,40,129
1,<environment.Job instance at 0x150c27ba0fa0>,59,16,[6 2],77,132,148,55,132
1,<environment.Job instance at 0x150c23ce0af0>,75,17,[9 1],95,134,151,39,132
1,<environment.Job instance at 0x150c23ce0f00>,72,16,[8 2],91,151,167,60,143
1,<environment.Job instance at 0x150c23ce0230>,85,2,[1 5],115,148,150,33,144
1,<environment.Job instance at 0x150c33f86780>,86,21,[1 8],117,151,172,34,151
1,<environment.Job instance at 0x150c27f73c80>,95,1,[ 2 10],128,172,173,44,161
1,<environment.Job instance at 0x150c27f73230>,96,18,[8 1],129,167,185,38,167
1,<environment.Job instance at 0x150c27f73690>,102,12,[9 1],140,185,197,45,180
1,<environment.Job instance at 0x150c27001e10>,103,19,[7 2],141,197,216,56,187
1,<environment.Job instance at 0x150c27001fa0>,105,27,[1 8],145,187,214,42,187
1,<environment.Job instance at 0x150c27001c80>,110,1,[2 5],153,189,190,36,189
1,<environment.Job instance at 0x150c608b7280>,112,12,[ 1 13],156,214,226,58,210
1,<environment.Job instance at 0x150c608e38c0>,125,2,[ 2 10],177,226,228,49,210
1,<environment.Job instance at 0x150c608e3d70>,126,17,[10  2],178,224,241,46,224
1,<environment.Job instance at 0x150c23edfc80>,5,22,[ 1 11],8,12,34,4,12
1,<environment.Job instance at 0x150c23c5e5f0>,34,1,[10  1],52,74,75,22,74
1,<environment.Job instance at 0x150c23c5e050>,36,2,[8 1],55,75,77,20,74
1,<environment.Job instance at 0x150c23c5e640>,37,3,[10  2],56,77,80,21,74
1,<environment.Job instance at 0x150c23c5e0f0>,38,2,[5 1],57,75,77,18,75
1,<environment.Job instance at 0x150c23c5efa0>,33,2,[ 1 12],49,89,91,40,89
1,<environment.Job instance at 0x150c23b3d7d0>,45,2,[10  2],66,89,91,23,89
1,<environment.Job instance at 0x150c23b3d9b0>,48,2,[ 2 10],70,91,93,21,89
1,<environment.Job instance at 0x150c246f3a50>,49,2,[10  1],71,91,93,20,89
1,<environment.Job instance at 0x150c2a9ced70>,59,15,[1 5],86,100,115,14,100
1,<environment.Job instance at 0x150c23b3c730>,64,2,[1 7],97,102,104,5,102
1,<environment.Job instance at 0x150c23b3cdc0>,65,2,[12  1],98,103,105,5,103
1,<environment.Job instance at 0x150c24038780>,67,1,[7 1],100,105,106,5,103
1,<environment.Job instance at 0x150c2a9cef50>,58,20,[8 2],85,111,131,26,111
1,<environment.Job instance at 0x150c23f02280>,26,1,[1 8],40,125,126,85,125
1,<environment.Job instance at 0x150c23c56050>,79,26,[1 7],114,126,152,12,125
1,<environment.Job instance at 0x150c240388c0>,68,13,[6 2],101,150,163,49,150
1,<environment.Job instance at 0x150c23c56280>,86,2,[9 2],123,152,154,29,150
1,<environment.Job instance at 0x150c23c56c80>,88,1,[1 8],125,154,155,29,150
1,<environment.Job instance at 0x150c318d6050>,89,1,[8 1],126,150,151,24,150
1,<environment.Job instance at 0x150c318d6370>,90,15,[1 6],127,155,170,28,150
1,<environment.Job instance at 0x150c318d6eb0>,91,15,[9 1],128,174,189,46,174
1,<environment.Job instance at 0x150c318d6730>,92,18,[7 2],131,189,207,58,189
1,<environment.Job instance at 0x150c318d6cd0>,93,18,[5 2],133,211,229,78,211
1,<environment.Job instance at 0x150c318d6aa0>,94,1,[2 7],134,211,212,77,211
1,<environment.Job instance at 0x150c318d6820>,95,3,[8 2],136,211,214,75,211
1,<environment.Job instance at 0x150c318d6550>,96,3,[1 9],138,212,215,74,211
1,<environment.Job instance at 0x150c318d60a0>,97,3,[5 1],139,214,217,75,211
1,<environment.Job instance at 0x150c318d6e10>,98,1,[2 5],141,215,216,74,211
1,<environment.Job instance at 0x150c318d64b0>,99,1,[7 2],142,217,218,75,211
1,<environment.Job instance at 0x150c318d6500>,100,1,[1 9],143,216,217,73,211
1,<environment.Job instance at 0x150c318d60f0>,101,2,[1 5],144,217,219,73,211
1,<environment.Job instance at 0x150c318d6b90>,102,3,[9 1],145,218,221,73,211
1,<environment.Job instance at 0x150c318d6320>,103,1,[ 2 10],146,221,222,75,211
1,<environment.Job instance at 0x150c241a9d70>,104,3,[8 1],147,221,224,74,211
1,<environment.Job instance at 0x150c31cc64b0>,106,13,[2 5],149,227,240,78,227
1,<environment.Job instance at 0x150c31cc6820>,107,1,[10  1],150,229,230,79,227
1,<environment.Job instance at 0x150c31cc69b0>,108,1,[10  1],151,230,231,79,227
1,<environment.Job instance at 0x150c31cc6dc0>,109,1,[2 8],152,227,228,75,227
1,<environment.Job instance at 0x150c7a10feb0>,110,1,[2 7],153,228,229,75,227
1,<environment.Job instance at 0x150c31cc6d20>,111,1,[2 9],154,229,230,75,227
1,<environment.Job instance at 0x150c31cc6f50>,112,16,[1 8],156,234,250,78,234
1,<environment.Job instance at 0x150c280e00f0>,114,2,[ 2 10],158,250,252,92,234
1,<environment.Job instance at 0x150c280e0e60>,115,15,[6 2],159,251,266,92,251
1,<environment.Job instance at 0x150c280e04b0>,116,3,[13  1],160,266,269,106,251
1,<environment.Job instance at 0x150c280e05a0>,117,2,[1 6],162,252,254,90,251
1,<environment.Job instance at 0x150c280e0320>,118,1,[2 6],163,252,253,89,251
1,<environment.Job instance at 0x150c280e00a0>,119,2,[8 1],164,253,255,89,251
1,<environment.Job instance at 0x150c280e0be0>,120,27,[8 1],165,269,296,104,267
1,<environment.Job instance at 0x150c280e0500>,121,2,[1 9],167,267,269,100,267
1,<environment.Job instance at 0x150c280e0a50>,122,2,[5 1],168,269,271,101,267
1,<environment.Job instance at 0x150c280e0410>,123,3,[ 1 14],169,271,274,102,267
1,<environment.Job instance at 0x150c280e0280>,124,2,[8 2],170,296,298,126,269
1,<environment.Job instance at 0x150c280e06e0>,125,1,[9 2],172,298,299,126,270
1,<environment.Job instance at 0x150c280e08c0>,126,1,[7 2],173,274,275,101,270
1,<environment.Job instance at 0x150c238d8370>,127,14,[1 6],176,275,289,99,270
1,<environment.Job instance at 0x150c238d8d70>,128,12,[2 9],177,289,301,112,286
1,<environment.Job instance at 0x150c238d8910>,129,12,[5 1],178,299,311,121,297
1,<environment.Job instance at 0x150c238d8460>,130,15,[1 5],179,299,314,120,297
1,<environment.Job instance at 0x150c23c56b40>,85,3,[ 1 13],122,1507,1510,1385,1507
1,<environment.Job instance at 0x150c23c5ef50>,35,19,[2 9],54,1829,1848,1775,1829
1,<environment.Job instance at 0x14bbef5937d0>,20,21,[7 1],27,47,68,20,47
1,<environment.Job instance at 0x14bbef530140>,14,1,[1 7],18,56,57,38,56
1,<environment.Job instance at 0x14bbef580eb0>,25,1,[6 1],34,73,74,39,73
1,<environment.Job instance at 0x14bbeee5e5f0>,35,3,[10  2],47,79,82,32,79
1,<environment.Job instance at 0x14bbeee5e230>,40,1,[8 1],53,82,83,29,82
1,<environment.Job instance at 0x14bbef0c4190>,41,1,[ 1 10],54,82,83,28,82
1,<environment.Job instance at 0x14bbef0c4050>,43,2,[2 8],56,83,85,27,82
1,<environment.Job instance at 0x14bbef56da00>,44,1,[2 9],57,106,107,49,106
1,<environment.Job instance at 0x14bbef0ca140>,55,2,[2 7],75,107,109,32,106
1,<environment.Job instance at 0x14bbef0d95a0>,58,3,[6 1],83,110,113,27,110
1,<environment.Job instance at 0x14bbef0d9280>,59,2,[12  2],85,113,115,28,111
1,<environment.Job instance at 0x14bbef571870>,63,2,[7 2],90,116,118,26,116
1,<environment.Job instance at 0x14bbef0d6640>,64,18,[1 7],91,126,144,35,126
1,<environment.Job instance at 0x14bbeee6e780>,88,3,[1 6],129,169,172,40,169
1,<environment.Job instance at 0x14bbeee6eaa0>,89,15,[6 2],132,187,202,55,187
1,<environment.Job instance at 0x14bbeee71460>,105,1,[9 2],159,188,189,29,188
1,<environment.Job instance at 0x14bbeee71be0>,109,2,[2 8],163,191,193,28,191
1,<environment.Job instance at 0x14bbeee727d0>,114,2,[ 2 10],170,210,212,40,210
1,<environment.Job instance at 0x14bbeee72910>,115,13,[9 1],172,210,223,38,210
1,<environment.Job instance at 0x14bbeee71aa0>,104,13,[12  2],158,223,236,65,219
1,<environment.Job instance at 0x14bbeee72f50>,124,1,[1 8],185,233,234,48,233
1,<environment.Job instance at 0x14bbeee76370>,125,1,[1 9],186,234,235,48,233
1,<environment.Job instance at 0x14bbeee76a00>,127,2,[5 1],189,236,238,47,234
1,<environment.Job instance at 0x14bbeee72d70>,122,14,[12  1],183,251,265,68,251
1,<environment.Job instance at 0x14bbef0d0f50>,2,27,[5 2],3,3,30,0,3
1,<environment.Job instance at 0x14bbfc351e10>,14,26,[2 5],28,33,59,5,33
1,<environment.Job instance at 0x14bbfc2ecb40>,21,26,[2 9],36,54,80,18,54
1,<environment.Job instance at 0x14bbfc2ec460>,20,25,[1 8],35,80,105,45,76
1,<environment.Job instance at 0x14bbfc3f34b0>,24,3,[1 6],42,77,80,35,77
1,<environment.Job instance at 0x14bbfc3f3fa0>,26,2,[1 7],44,80,82,36,78
1,<environment.Job instance at 0x14bbfc3f3aa0>,27,22,[2 7],45,82,104,37,78
1,<environment.Job instance at 0x14bbfc3f3870>,28,1,[5 1],47,104,105,57,78
1,<environment.Job instance at 0x14bbfc3f37d0>,29,2,[2 8],48,105,107,57,78
1,<environment.Job instance at 0x14bbfc3f35f0>,25,2,[1 6],43,104,106,61,79
1,<environment.Job instance at 0x14bbfc3f3780>,31,2,[9 2],50,106,108,56,79
1,<environment.Job instance at 0x14bbfc3f3b40>,33,1,[10  1],53,108,109,55,106
1,<environment.Job instance at 0x14bbfc411910>,42,1,[7 1],69,116,117,47,116
1,<environment.Job instance at 0x14bbfc4114b0>,43,2,[1 8],71,117,119,46,117
1,<environment.Job instance at 0x14bbfc411500>,44,1,[1 6],72,119,120,47,119
1,<environment.Job instance at 0x14bbfc411e60>,45,3,[10  2],73,120,123,47,120
1,<environment.Job instance at 0x14bbfc411820>,46,2,[8 2],74,127,129,53,127
1,<environment.Job instance at 0x14bbfc411cd0>,47,2,[5 2],75,130,132,55,130
1,<environment.Job instance at 0x14bbfc4111e0>,48,3,[1 8],77,131,134,54,131
1,<environment.Job instance at 0x14bbfc411aa0>,49,2,[5 2],79,142,144,63,142
1,<environment.Job instance at 0x14bbfc3adaa0>,50,2,[2 7],81,142,144,61,142
1,<environment.Job instance at 0x14bbfc3ad050>,51,3,[ 2 10],83,149,152,66,149
1,<environment.Job instance at 0x14bbfc3ad550>,52,1,[1 5],84,152,153,68,152
1,<environment.Job instance at 0x14bbfc3ad1e0>,53,2,[1 9],85,153,155,68,153
1,<environment.Job instance at 0x14bbfc3f3cd0>,41,16,[7 1],68,170,186,102,170
1,<environment.Job instance at 0x14bbfc3ad780>,55,2,[5 2],88,175,177,87,175
1,<environment.Job instance at 0x14bbfc3c3730>,56,2,[1 5],89,177,179,88,177
1,<environment.Job instance at 0x14bbfc3ada50>,57,1,[7 2],90,179,180,89,179
1,<environment.Job instance at 0x14bbfc3c3f50>,58,3,[8 2],92,185,188,93,185
1,<environment.Job instance at 0x14bbfc3c3aa0>,59,3,[5 2],93,186,189,93,185
1,<environment.Job instance at 0x14bbfc3c3820>,60,2,[2 5],95,186,188,91,186
1,<environment.Job instance at 0x14bbfc3c3a00>,62,1,[6 2],97,203,204,106,203
1,<environment.Job instance at 0x14bbfc351f50>,10,3,[11  1],13,204,207,191,204
1,<environment.Job instance at 0x14bbfc3490f0>,69,27,[5 1],104,207,234,103,205
1,<environment.Job instance at 0x14bbfc349af0>,67,2,[12  1],102,234,236,132,221
1,<environment.Job instance at 0x14bbfc349cd0>,68,3,[9 2],103,224,227,121,224
1,<environment.Job instance at 0x14bbfc45cb40>,80,2,[2 8],120,227,229,107,224
1,<environment.Job instance at 0x14bbfc349a00>,79,15,[2 7],119,234,249,115,234
1,<environment.Job instance at 0x14bbfc3490a0>,76,18,[6 2],113,236,254,123,235
1,<environment.Job instance at 0x14bbfd00b190>,95,26,[1 7],140,249,275,109,246
1,<environment.Job instance at 0x14bbfd00b8c0>,100,2,[6 2],147,267,269,120,267
1,<environment.Job instance at 0x14bbfd0d95a0>,106,2,[8 1],153,267,269,114,267
1,<environment.Job instance at 0x14bbfd00bbe0>,105,3,[13  2],152,270,273,118,270
1,<environment.Job instance at 0x14bbfc3642d0>,112,25,[2 6],161,273,298,112,270
1,<environment.Job instance at 0x14bbfc3644b0>,115,3,[10  2],164,278,281,114,278
1,<environment.Job instance at 0x14bbfd002dc0>,125,1,[ 1 13],185,307,308,122,307
1,<environment.Job instance at 0x14bbfd002640>,127,16,[1 7],187,308,324,121,307
1,<environment.Job instance at 0x14bbf3d01a00>,2,3,[5 1],4,5,8,1,5
1,<environment.Job instance at 0x14bbfc45cf50>,4,1,[9 1],6,6,7,0,6
1,<environment.Job instance at 0x14bbfc45c1e0>,3,1,[8 1],5,7,8,2,6
1,<environment.Job instance at 0x14bbf1bf3910>,10,22,[1 7],14,18,40,4,18
1,<environment.Job instance at 0x14bbee6a0820>,19,1,[2 8],31,31,32,0,31
1,<environment.Job instance at 0x14bbee708cd0>,28,12,[1 8],43,50,62,7,50
1,<environment.Job instance at 0x14bbf1b575a0>,30,3,[1 7],46,58,61,12,58
1,<environment.Job instance at 0x14bbfe9a2d20>,36,1,[13  1],53,61,62,8,58
1,<environment.Job instance at 0x14bbee709140>,12,18,[7 2],21,62,80,41,58
1,<environment.Job instance at 0x14bbf29f60f0>,38,1,[2 7],56,62,63,6,58
1,<environment.Job instance at 0x14bbee6fa0a0>,40,14,[ 1 10],59,66,80,7,66
1,<environment.Job instance at 0x14bbee8d1d70>,43,3,[7 1],65,66,69,1,66
1,<environment.Job instance at 0x14bbf00f9780>,45,15,[7 1],67,69,84,2,67
1,<environment.Job instance at 0x14bbf00f9960>,46,2,[2 6],68,80,82,12,68
1,<environment.Job instance at 0x14bbee6fd5a0>,47,2,[6 1],69,80,82,11,69
1,<environment.Job instance at 0x14bbee754e60>,49,2,[5 2],72,82,84,10,72
1,<environment.Job instance at 0x14bbee6e2c30>,50,2,[2 7],73,82,84,9,73
1,<environment.Job instance at 0x14bbee6e2af0>,51,3,[1 8],74,84,87,10,74
1,<environment.Job instance at 0x14bbee6e2500>,52,22,[9 1],75,84,106,9,77
1,<environment.Job instance at 0x14bbee776d20>,58,3,[ 2 12],82,99,102,17,99
1,<environment.Job instance at 0x14bbee776140>,59,12,[8 2],83,106,118,23,101
1,<environment.Job instance at 0x14bbee8d3d70>,62,1,[12  1],88,118,119,30,101
1,<environment.Job instance at 0x14bbee8d3280>,63,18,[2 8],89,113,131,24,113
1,<environment.Job instance at 0x14bbee8d3410>,68,1,[2 5],97,113,114,16,113
1,<environment.Job instance at 0x14bbee8d3c30>,67,14,[10  2],96,130,144,34,130
1,<environment.Job instance at 0x14bbee6e18c0>,81,3,[ 2 10],114,143,146,29,143
1,<environment.Job instance at 0x14bbee808460>,82,1,[1 7],115,146,147,31,143
1,<environment.Job instance at 0x14bbee808fa0>,83,18,[2 7],119,146,164,27,144
1,<environment.Job instance at 0x14bbee7484b0>,96,14,[9 2],138,152,166,14,152
1,<environment.Job instance at 0x14bbee748910>,99,15,[5 2],143,170,185,27,170
1,<environment.Job instance at 0x14bbee723690>,104,17,[1 6],153,176,193,23,176
1,<environment.Job instance at 0x14bbee7237d0>,105,1,[2 9],154,185,186,31,176
1,<environment.Job instance at 0x14bbee723aa0>,106,2,[8 1],156,176,178,20,176
1,<environment.Job instance at 0x14bbee723820>,107,2,[9 2],158,178,180,20,176
1,<environment.Job instance at 0x14bbee723fa0>,108,2,[6 1],159,180,182,21,177
1,<environment.Job instance at 0x14bbee7239b0>,109,3,[ 1 10],160,193,196,33,179
1,<environment.Job instance at 0x14bbee723460>,103,14,[10  1],151,186,200,35,179
1,<environment.Job instance at 0x14bbee80b460>,123,12,[1 5],182,196,208,14,182
1,<environment.Job instance at 0x14bbf2638190>,25,3,[9 1],43,47,50,4,47
1,<environment.Job instance at 0x14bbf263eaf0>,24,15,[ 1 10],42,52,67,10,52
1,<environment.Job instance at 0x14bbfc6a9fa0>,32,16,[10  2],52,55,71,3,55
1,<environment.Job instance at 0x14bbfcf39870>,36,15,[8 1],59,71,86,12,67
1,<environment.Job instance at 0x14bbf254a3c0>,41,2,[7 1],67,71,73,4,67
1,<environment.Job instance at 0x14bbef59c230>,31,20,[5 1],51,73,93,22,70
1,<environment.Job instance at 0x14bbf25afd20>,43,1,[6 1],70,86,87,16,73
1,<environment.Job instance at 0x14bbf25af870>,46,1,[2 9],74,74,75,0,74
1,<environment.Job instance at 0x14bbf2638780>,21,12,[13  2],36,93,105,57,91
1,<environment.Job instance at 0x14bbee6c9370>,53,1,[6 2],84,91,92,7,91
1,<environment.Job instance at 0x14bbee6c9320>,54,2,[6 1],85,105,107,20,91
1,<environment.Job instance at 0x14bbf255fcd0>,58,1,[2 9],91,92,93,1,92
1,<environment.Job instance at 0x14bbef552b90>,62,2,[1 9],97,97,99,0,97
1,<environment.Job instance at 0x14bbee6c79b0>,63,16,[2 5],98,108,124,10,108
1,<environment.Job instance at 0x14bbfc493e10>,48,17,[10  2],76,110,127,34,110
1,<environment.Job instance at 0x14bbf2562780>,71,18,[7 1],111,127,145,16,120
1,<environment.Job instance at 0x14bbee6b5b40>,75,1,[10  1],119,145,146,26,124
1,<environment.Job instance at 0x14bbee6b5280>,76,24,[1 8],120,124,148,4,124
1,<environment.Job instance at 0x14bbf00f4690>,72,13,[8 2],112,170,183,58,170
1,<environment.Job instance at 0x14bbeead2e10>,86,3,[8 1],136,183,186,47,171
1,<environment.Job instance at 0x14bbeead2320>,88,3,[1 9],138,175,178,37,175
1,<environment.Job instance at 0x14bbeeafafa0>,89,3,[9 1],139,186,189,47,175
1,<environment.Job instance at 0x14bbeeafa960>,90,3,[6 1],140,175,178,35,175
1,<environment.Job instance at 0x14bbeeafa910>,91,3,[1 8],142,178,181,36,176
1,<environment.Job instance at 0x14bbeeafaa00>,92,2,[5 1],143,178,180,35,176
1,<environment.Job instance at 0x14bbeeafa0f0>,93,2,[2 9],144,181,183,37,176
1,<environment.Job instance at 0x14bbeeafae10>,94,2,[2 8],145,183,185,38,176
1,<environment.Job instance at 0x14bbeeafa8c0>,95,1,[2 6],147,183,184,36,176
1,<environment.Job instance at 0x14bbeeae3410>,96,3,[10  2],150,189,192,39,177
1,<environment.Job instance at 0x14bbeeae3780>,97,2,[8 1],151,192,194,41,178
1,<environment.Job instance at 0x14bbeeae3910>,98,1,[2 9],153,185,186,32,178
1,<environment.Job instance at 0x14bbeeae30a0>,99,1,[7 2],154,192,193,38,178
1,<environment.Job instance at 0x14bbeeae3460>,100,3,[2 7],156,186,189,30,179
1,<environment.Job instance at 0x14bbeeae3c80>,101,1,[10  1],157,194,195,37,179
1,<environment.Job instance at 0x14bbeeae3690>,102,15,[1 7],158,193,208,35,182
1,<environment.Job instance at 0x14bbeeae37d0>,103,15,[5 1],159,211,226,52,211
1,<environment.Job instance at 0x14bbeeae3640>,104,2,[2 9],160,211,213,51,211
1,<environment.Job instance at 0x14bbeeae3f00>,105,18,[2 7],161,213,231,52,213
1,<environment.Job instance at 0x14bbeeae3140>,106,3,[1 5],162,217,220,55,217
1,<environment.Job instance at 0x14bbeeae31e0>,107,3,[1 6],163,220,223,57,218
1,<environment.Job instance at 0x14bbeeae3eb0>,108,2,[2 6],164,223,225,59,218
1,<environment.Job instance at 0x14bbeeae3cd0>,109,1,[9 1],165,226,227,61,219
1,<environment.Job instance at 0x14bbeeae3b90>,110,1,[ 2 10],166,231,232,65,219
1,<environment.Job instance at 0x14bbeeae3aa0>,111,2,[1 8],168,227,229,59,221
1,<environment.Job instance at 0x14bbeeae35a0>,112,16,[5 1],169,234,250,65,234
1,<environment.Job instance at 0x14bbeeae3190>,113,12,[ 2 10],171,234,246,63,234
1,<environment.Job instance at 0x14bbeeae3e60>,114,3,[10  2],172,246,249,74,239
1,<environment.Job instance at 0x14bbeeae5190>,115,1,[1 7],174,249,250,75,239
1,<environment.Job instance at 0x14bbeeae5be0>,116,3,[1 6],175,249,252,74,239
1,<environment.Job instance at 0x14bbf0d333c0>,117,2,[5 2],176,239,241,63,239
1,<environment.Job instance at 0x14bbf0d330a0>,118,16,[8 1],178,270,286,92,270
1,<environment.Job instance at 0x14bbf0d335f0>,119,1,[9 2],179,286,287,107,270
1,<environment.Job instance at 0x14bbf0d334b0>,120,3,[2 8],180,271,274,91,271
1,<environment.Job instance at 0x14bbf0d332d0>,121,13,[1 6],181,274,287,93,274
1,<environment.Job instance at 0x14bbeee463c0>,123,2,[1 5],183,274,276,91,274
1,<environment.Job instance at 0x14bbeee46820>,124,12,[1 9],184,287,299,103,274
1,<environment.Job instance at 0x14bbeee46a50>,125,3,[2 6],185,276,279,91,274
1,<environment.Job instance at 0x14bbeee46dc0>,126,3,[10  2],186,287,290,101,274
1,<environment.Job instance at 0x14bbeee46410>,127,2,[11  2],187,290,292,103,274
1,<environment.Job instance at 0x14bbeee46f50>,128,2,[1 9],188,299,301,111,274
1,<environment.Job instance at 0x14bbeee46eb0>,129,2,[10  1],189,292,294,103,275
1,<environment.Job instance at 0x14bbeead20a0>,82,3,[ 1 14],127,1750,1753,1623,1750
1,<environment.Job instance at 0x14bbeead2d20>,85,1,[11  1],134,2005,2006,1871,2005
1,<environment.Job instance at 0x14bbeeb42a50>,0,1,[8 1],1,3,4,2,3
1,<environment.Job instance at 0x14bbee829140>,11,2,[2 6],14,18,20,4,18
1,<environment.Job instance at 0x14bbee958640>,20,1,[2 7],31,31,32,0,31
1,<environment.Job instance at 0x14bbee983460>,21,2,[10  2],32,34,36,2,34
1,<environment.Job instance at 0x14bbee9834b0>,23,1,[6 1],38,38,39,0,38
1,<environment.Job instance at 0x14bbee983fa0>,24,2,[7 1],39,39,41,0,39
1,<environment.Job instance at 0x14bbee9833c0>,22,12,[8 1],34,40,52,6,40
1,<environment.Job instance at 0x14bbee983c80>,25,1,[1 8],40,41,42,1,41
1,<environment.Job instance at 0x14bbee9e44b0>,27,15,[1 9],43,50,65,7,50
1,<environment.Job instance at 0x14bbee964780>,32,1,[6 2],51,51,52,0,51
1,<environment.Job instance at 0x14bbee964960>,33,14,[9 2],54,55,69,1,55
1,<environment.Job instance at 0x14bbee97ed20>,37,2,[ 2 14],58,69,71,11,61
1,<environment.Job instance at 0x14bbee964500>,34,18,[9 1],55,69,87,14,67
1,<environment.Job instance at 0x14bbef663f00>,52,1,[ 1 10],78,78,79,0,78
1,<environment.Job instance at 0x14bbef663c30>,53,1,[8 2],80,87,88,7,80
1,<environment.Job instance at 0x14bbee9fc8c0>,56,20,[ 2 10],84,87,107,3,87
1,<environment.Job instance at 0x14bbee9f2280>,60,15,[7 2],88,99,114,11,99
1,<environment.Job instance at 0x14bbee9f26e0>,64,12,[8 2],97,114,126,17,114
1,<environment.Job instance at 0x14bbee9f25a0>,69,1,[8 2],103,126,127,23,114
1,<environment.Job instance at 0x14bbf17d40f0>,70,3,[ 2 13],104,118,121,14,118
1,<environment.Job instance at 0x14bbee9f25f0>,71,2,[7 1],106,121,123,15,118
1,<environment.Job instance at 0x14bbee9ea640>,72,2,[7 1],109,123,125,14,118
1,<environment.Job instance at 0x14bbee89bf00>,73,17,[8 1],112,127,144,15,119
1,<environment.Job instance at 0x14bbee89b140>,74,1,[6 1],113,125,126,12,119
1,<environment.Job instance at 0x14bbee89b960>,75,1,[7 2],114,126,127,12,119
1,<environment.Job instance at 0x14bbee89bbe0>,76,2,[ 1 10],115,127,129,12,119
1,<environment.Job instance at 0x14bbee5ee190>,68,1,[14  2],102,144,145,42,120
1,<environment.Job instance at 0x14bbf2678a50>,78,1,[2 6],117,129,130,12,121
1,<environment.Job instance at 0x14bbf1829140>,82,1,[5 2],125,127,128,2,125
1,<environment.Job instance at 0x14bbeee4b5a0>,83,18,[1 9],130,131,149,1,131
1,<environment.Job instance at 0x14bbf17f10f0>,84,2,[10  2],131,145,147,14,133
1,<environment.Job instance at 0x14bbff288a00>,85,1,[1 8],132,149,150,17,135
1,<environment.Job instance at 0x14bbef56fcd0>,91,12,[1 5],140,150,162,10,150
1,<environment.Job instance at 0x14bbeece12d0>,93,16,[ 2 10],143,162,178,19,162
1,<environment.Job instance at 0x14bbf1b65be0>,99,22,[9 1],151,164,186,13,164
1,<environment.Job instance at 0x14bbf1c263c0>,104,18,[8 1],156,186,204,30,183
1,<environment.Job instance at 0x14bbeed52730>,102,15,[ 1 12],154,208,223,54,208
1,<environment.Job instance at 0x14bbee782be0>,108,17,[1 9],161,224,241,63,224
1,<environment.Job instance at 0x14bbff6d7730>,110,23,[6 1],163,230,253,67,230
1,<environment.Job instance at 0x14bbeea43eb0>,105,18,[8 2],157,246,264,89,246
1,<environment.Job instance at 0x14bbf1b31460>,113,12,[5 1],166,262,274,96,262
1,<environment.Job instance at 0x14bbf1b318c0>,115,3,[11  1],168,274,277,106,262
1,<environment.Job instance at 0x14bbeee345f0>,116,2,[8 2],169,264,266,95,263
1,<environment.Job instance at 0x14bbee95b640>,118,2,[8 2],172,266,268,94,263
1,<environment.Job instance at 0x14bbf19764b0>,120,1,[1 8],175,263,264,88,263
1,<environment.Job instance at 0x14bbf1976690>,121,1,[8 2],176,268,269,92,263
1,<environment.Job instance at 0x14bbf19f1780>,122,3,[1 8],180,264,267,84,263
1,<environment.Job instance at 0x14bbf1976aa0>,123,1,[2 6],183,267,268,84,263
1,<environment.Job instance at 0x14bbef65ed70>,124,1,[2 7],185,268,269,83,263
1,<environment.Job instance at 0x14bbef65e5a0>,125,1,[7 1],186,269,270,83,263
1,<environment.Job instance at 0x14bbef65e140>,126,3,[6 2],188,270,273,82,263
1,<environment.Job instance at 0x14bc40226190>,10,3,[8 1],13,13,16,0,13
1,<environment.Job instance at 0x14bbee7ab370>,16,3,[ 2 12],21,24,27,3,24
1,<environment.Job instance at 0x14bbee8ab190>,19,3,[ 2 10],25,27,30,2,25
1,<environment.Job instance at 0x14bc40226e10>,11,2,[2 6],14,35,37,21,35
1,<environment.Job instance at 0x14bbef56cbe0>,28,2,[8 1],38,38,40,0,38
1,<environment.Job instance at 0x14bbef56c280>,29,1,[2 6],39,39,40,0,39
1,<environment.Job instance at 0x14bbef56ce10>,30,1,[9 2],40,40,41,0,40
1,<environment.Job instance at 0x14bbef56c0a0>,31,2,[ 1 10],41,41,43,0,41
1,<environment.Job instance at 0x14bbfc45c960>,32,3,[10  2],42,42,45,0,42
1,<environment.Job instance at 0x14bbfc45c690>,33,14,[7 2],45,45,59,0,45
1,<environment.Job instance at 0x14bbf25daf00>,40,12,[7 2],54,54,66,0,54
1,<environment.Job instance at 0x14bbf00f4d20>,45,1,[8 2],60,60,61,0,60
1,<environment.Job instance at 0x14bbfc3a3cd0>,46,3,[10  2],61,73,76,12,73
1,<environment.Job instance at 0x14bbee877d70>,48,2,[14  1],63,198,200,135,198
1,<environment.Job instance at 0x14bbf1b2a730>,50,3,[ 1 10],65,198,201,133,198
1,<environment.Job instance at 0x14bbeea0b910>,52,2,[2 9],67,201,203,134,198
1,<environment.Job instance at 0x14bbeea0ba00>,53,1,[12  2],68,200,201,132,198
1,<environment.Job instance at 0x14bbfcfceb40>,55,3,[10  1],70,201,204,131,198
1,<environment.Job instance at 0x14bbeeb0d9b0>,56,3,[6 2],72,204,207,132,198
1,<environment.Job instance at 0x14bbee6e07d0>,62,13,[10  2],84,207,220,123,204
1,<environment.Job instance at 0x14bbee886fa0>,69,21,[2 5],95,205,226,110,205
1,<environment.Job instance at 0x14bc40226460>,18,16,[7 1],24,220,236,196,220
1,<environment.Job instance at 0x14bbee8867d0>,75,3,[5 2],104,235,238,131,235
1,<environment.Job instance at 0x14bbee7de640>,82,14,[2 9],113,240,254,127,240
1,<environment.Job instance at 0x14bbee7deb90>,84,1,[1 9],116,254,255,138,240
1,<environment.Job instance at 0x14bbee7de370>,85,3,[7 2],117,241,244,124,241
1,<environment.Job instance at 0x14bbee7deeb0>,86,1,[1 7],118,255,256,137,243
1,<environment.Job instance at 0x14bbee7dee60>,87,1,[8 2],119,244,245,125,243
1,<environment.Job instance at 0x14bbee7de4b0>,88,3,[ 1 10],120,256,259,136,252
1,<environment.Job instance at 0x14bbee7de320>,89,3,[ 1 12],121,259,262,138,255
1,<environment.Job instance at 0x14bbee7de870>,90,2,[10  1],122,255,257,133,255
1,<environment.Job instance at 0x14bbee7de7d0>,91,3,[2 5],123,262,265,139,259
1,<environment.Job instance at 0x14bbee7de9b0>,92,3,[5 1],124,260,263,136,260
1,<environment.Job instance at 0x14bbee7de190>,83,16,[2 5],114,262,278,148,260
1,<environment.Job instance at 0x14bbee7debe0>,93,1,[9 2],128,266,267,138,266
1,<environment.Job instance at 0x14bbee7de050>,95,3,[7 1],132,267,270,135,266
1,<environment.Job instance at 0x14bbee7de0f0>,94,15,[5 2],130,267,282,137,266
1,<environment.Job instance at 0x14bbee7de6e0>,97,2,[ 1 11],135,278,280,143,266
1,<environment.Job instance at 0x14bbee7ded20>,98,2,[7 2],137,270,272,133,266
1,<environment.Job instance at 0x14bbee7def00>,100,1,[7 2],139,279,280,140,279
1,<environment.Job instance at 0x14bbee7dea50>,101,1,[ 1 10],140,281,282,141,281
1,<environment.Job instance at 0x14bbee8860f0>,74,20,[14  1],103,326,346,223,326
1,<environment.Job instance at 0x14bbeeac3690>,110,18,[9 1],155,346,364,191,345
1,<environment.Job instance at 0x14bbeeac3050>,111,3,[14  2],156,364,367,208,350
1,<environment.Job instance at 0x14bbeeac31e0>,114,16,[1 7],160,368,384,208,368
1,<environment.Job instance at 0x14bbeead8f00>,116,12,[8 1],162,376,388,214,376
1,<environment.Job instance at 0x14bbeead8320>,119,17,[1 7],165,383,400,218,383
1,<environment.Job instance at 0x14bbeead8820>,124,1,[8 1],173,392,393,219,392
1,<environment.Job instance at 0x14bbeead83c0>,128,13,[7 2],178,397,410,219,397
1,<environment.Job instance at 0x14bbee7de730>,99,17,[9 1],138,411,428,273,411
1,<environment.Job instance at 0x14bbeead8be0>,130,3,[1 9],180,411,414,231,411
1,<environment.Job instance at 0x14bbeead8870>,131,3,[1 6],184,414,417,230,411
1,<environment.Job instance at 0x14bbeead8050>,132,3,[2 5],185,411,414,226,411
1,<environment.Job instance at 0x14bbeead8460>,129,12,[2 8],179,418,430,239,418
1,<environment.Job instance at 0x14bbeead8aa0>,134,18,[1 9],187,430,448,243,429
1,<environment.Job instance at 0x14bbeead80f0>,135,16,[2 9],188,451,467,263,451
1,<environment.Job instance at 0x14bbeed52550>,20,19,[10  1],27,732,751,705,732
1,<environment.Job instance at 0x14bbf1974aa0>,3,3,[9 1],5,5,8,0,5
1,<environment.Job instance at 0x14bbf1974140>,2,2,[1 5],4,5,7,1,5
1,<environment.Job instance at 0x14bbee91db90>,4,19,[2 5],6,14,33,8,14
1,<environment.Job instance at 0x14bbee91daa0>,10,3,[ 1 14],12,33,36,21,23
1,<environment.Job instance at 0x14bbfd0949b0>,29,27,[5 1],39,43,70,4,43
1,<environment.Job instance at 0x14bbf26690a0>,42,23,[2 9],63,68,91,5,68
1,<environment.Job instance at 0x14bbf0d3f410>,47,1,[1 6],68,70,71,2,68
1,<environment.Job instance at 0x14bbfc3978c0>,60,1,[ 1 12],87,121,122,34,121
1,<environment.Job instance at 0x14bbfcf71280>,61,1,[ 1 10],88,233,234,145,233
1,<environment.Job instance at 0x14bbf26573c0>,83,1,[13  2],115,233,234,118,233
1,<environment.Job instance at 0x14bbf29fdc80>,89,3,[2 5],122,256,259,134,256
1,<environment.Job instance at 0x14bbf3d01230>,93,1,[1 8],127,257,258,130,257
1,<environment.Job instance at 0x14bbee678c30>,85,17,[14  2],118,259,276,141,257
1,<environment.Job instance at 0x14bbee6787d0>,84,3,[2 6],117,276,279,159,273
1,<environment.Job instance at 0x14bbfc2fe730>,104,2,[2 7],141,276,278,135,273
1,<environment.Job instance at 0x14bbfc2fe410>,105,1,[7 2],142,276,277,134,273
1,<environment.Job instance at 0x14bbfc2febe0>,106,1,[1 9],143,274,275,131,274
1,<environment.Job instance at 0x14bbf179f6e0>,107,1,[1 8],144,275,276,131,275
1,<environment.Job instance at 0x14bbfc2955a0>,109,1,[10  1],147,279,280,132,279
1,<environment.Job instance at 0x14bbfc295280>,110,1,[6 2],148,280,281,132,280
1,<environment.Job instance at 0x14bbfc3a9320>,103,15,[7 1],140,283,298,143,283
1,<environment.Job instance at 0x14bbee7de460>,108,16,[9 1],146,298,314,152,286
1,<environment.Job instance at 0x14bbf25b3820>,113,2,[8 2],153,286,288,133,286
1,<environment.Job instance at 0x14bbf25b3f50>,114,1,[2 7],155,288,289,133,286
1,<environment.Job instance at 0x14bbf25b30f0>,115,1,[1 8],156,289,290,133,286
1,<environment.Job instance at 0x14bbf25b3b40>,116,1,[7 1],157,289,290,132,286
1,<environment.Job instance at 0x14bbf25b3780>,119,1,[ 1 10],160,290,291,130,286
1,<environment.Job instance at 0x14bbf25b3500>,120,1,[2 5],161,288,289,127,286
1,<environment.Job instance at 0x14bbf25b3b90>,124,2,[6 1],167,290,292,123,286
1,<environment.Job instance at 0x14bbf25b3550>,125,1,[5 2],170,292,293,122,286
1,<environment.Job instance at 0x14bbee94e280>,128,1,[6 2],173,293,294,120,286
1,<environment.Job instance at 0x14bbee94e320>,129,3,[ 2 10],175,291,294,116,288
1,<environment.Job instance at 0x14bbf25b3460>,112,20,[9 2],151,314,334,163,305
1,<environment.Job instance at 0x14bbee94e780>,133,25,[2 5],180,305,330,125,305
1,<environment.Job instance at 0x14bbee94e0a0>,135,17,[7 1],182,334,351,152,328
1,<environment.Job instance at 0x14bbee94e1e0>,136,2,[10  1],183,351,353,168,328
1,<environment.Job instance at 0x14bbf2981730>,1,1,[9 1],4,20,21,16,20
1,<environment.Job instance at 0x14bbf00f1d70>,11,3,[5 2],20,21,24,1,21
1,<environment.Job instance at 0x14bbf3d2e5a0>,12,2,[2 9],22,23,25,1,23
1,<environment.Job instance at 0x14bbf3d2e9b0>,14,16,[9 1],24,24,40,0,24
1,<environment.Job instance at 0x14bbf00f14b0>,15,2,[2 9],26,26,28,0,26
1,<environment.Job instance at 0x14bbf26e2d20>,16,12,[8 1],29,40,52,11,29
1,<environment.Job instance at 0x14bbef626f00>,16,1,[1 8],26,26,27,0,26
1,<environment.Job instance at 0x14bbee932320>,22,25,[5 2],34,39,64,5,39
1,<environment.Job instance at 0x14bbeeb8a0a0>,24,1,[11  1],37,64,65,27,64
1,<environment.Job instance at 0x14bbeeb8a690>,27,1,[ 1 11],40,65,66,25,65
1,<environment.Job instance at 0x14bbf18c7d70>,15,3,[2 6],25,71,74,46,71
1,<environment.Job instance at 0x14bbff32efa0>,46,26,[9 1],72,72,98,0,72
1,<environment.Job instance at 0x14bbf2a4a870>,50,1,[ 2 13],77,88,89,11,88
1,<environment.Job instance at 0x14bbf2a4a190>,47,17,[6 2],73,97,114,24,97
1,<environment.Job instance at 0x14bbee681370>,61,14,[1 7],95,112,126,17,112
1,<environment.Job instance at 0x14bbee754050>,62,2,[10  2],96,114,116,18,114
1,<environment.Job instance at 0x14bbeeae5910>,76,21,[7 1],116,144,165,28,144
1,<environment.Job instance at 0x14bbef897190>,71,16,[8 2],110,162,178,52,162
1,<environment.Job instance at 0x14bbfc02d1e0>,80,14,[6 1],120,171,185,51,171
1,<environment.Job instance at 0x14bbfc038550>,85,2,[1 9],129,183,185,54,183
1,<environment.Job instance at 0x14bbfc038d70>,86,17,[9 2],131,193,210,62,193
1,<environment.Job instance at 0x14bbfc038730>,88,17,[7 2],134,210,227,76,204
1,<environment.Job instance at 0x14bbf5385a50>,54,12,[ 2 11],83,226,238,143,226
1,<environment.Job instance at 0x14bbf29b8730>,96,15,[9 2],146,260,275,114,260
1,<environment.Job instance at 0x14bbf29b8aa0>,98,1,[6 1],149,260,261,111,260
1,<environment.Job instance at 0x14bbf29b8870>,99,3,[2 8],150,261,264,111,260
1,<environment.Job instance at 0x14bbf29b8460>,100,19,[1 5],153,261,280,108,261
1,<environment.Job instance at 0x14bbf29b81e0>,101,3,[2 7],155,264,267,109,261
1,<environment.Job instance at 0x14bbf29b8230>,102,18,[7 2],156,287,305,131,287
1,<environment.Job instance at 0x14bbeed85af0>,104,2,[9 2],159,305,307,146,288
1,<environment.Job instance at 0x14bbeed85f50>,105,2,[2 9],162,288,290,126,288
1,<environment.Job instance at 0x14bbeed85d20>,106,1,[6 1],163,288,289,125,288
1,<environment.Job instance at 0x14bbeed858c0>,107,2,[1 6],164,290,292,126,288
1,<environment.Job instance at 0x14bbeed85500>,109,2,[ 2 14],169,307,309,138,289
1,<environment.Job instance at 0x14bc449f3a00>,110,1,[7 2],170,290,291,120,290
1,<environment.Job instance at 0x14bc449f3f00>,111,1,[8 1],171,292,293,121,291
1,<environment.Job instance at 0x14bbef872c30>,113,2,[8 1],173,293,295,120,292
1,<environment.Job instance at 0x14bbef872550>,114,2,[1 8],175,295,297,120,293
1,<environment.Job instance at 0x14bbef8728c0>,115,3,[2 8],176,297,300,121,293
1,<environment.Job instance at 0x14bbef8720a0>,116,1,[8 2],177,300,301,123,293
1,<environment.Job instance at 0x14bbef872230>,117,1,[2 7],180,301,302,121,293
1,<environment.Job instance at 0x14bbef872320>,118,3,[5 2],181,295,298,114,293
1,<environment.Job instance at 0x14bbef872820>,119,2,[8 2],182,302,304,120,293
1,<environment.Job instance at 0x14bbef872cd0>,121,14,[6 1],186,304,318,118,294
1,<environment.Job instance at 0x14bbef872be0>,122,1,[2 5],187,298,299,111,294
1,<environment.Job instance at 0x14bbef8721e0>,123,3,[9 2],188,309,312,121,294
1,<environment.Job instance at 0x14bbef8725f0>,124,3,[1 7],189,312,315,123,295
1,<environment.Job instance at 0x14bbfc038b90>,93,12,[9 2],141,662,674,521,662
1,<environment.Job instance at 0x14bbf29b86e0>,95,26,[2 8],145,876,902,731,876
1,<environment.Job instance at 0x14bbf29b80f0>,97,2,[13  1],147,902,904,755,902
1,<environment.Job instance at 0x14bbeee88dc0>,4,2,[1 9],9,9,11,0,9
1,<environment.Job instance at 0x14bbfc3ad2d0>,6,2,[6 2],13,13,15,0,13
1,<environment.Job instance at 0x14bbfc3ad050>,7,1,[10  1],15,15,16,0,15
1,<environment.Job instance at 0x14bbfc3ad410>,8,3,[6 2],17,17,20,0,17
1,<environment.Job instance at 0x14bbfd0f72d0>,10,3,[1 9],21,21,24,0,21
1,<environment.Job instance at 0x14bbfd0f7690>,14,1,[7 2],26,26,27,0,26
1,<environment.Job instance at 0x14bbf25c5780>,17,2,[ 1 10],30,30,32,0,30
1,<environment.Job instance at 0x14bbeee88690>,2,15,[7 2],5,32,47,27,32
1,<environment.Job instance at 0x14bbef626dc0>,22,27,[9 1],35,47,74,12,45
1,<environment.Job instance at 0x14bbee895140>,30,1,[2 8],46,46,47,0,46
1,<environment.Job instance at 0x14bbee895820>,34,2,[2 9],52,52,54,0,52
1,<environment.Job instance at 0x14bbeebce5f0>,35,2,[1 9],53,54,56,1,53
1,<environment.Job instance at 0x14bbf5396e10>,38,3,[6 1],56,58,61,2,58
1,<environment.Job instance at 0x14bbeeb90140>,42,3,[8 2],65,74,77,9,68
1,<environment.Job instance at 0x14bbf26e20a0>,43,1,[8 2],66,77,78,11,68
1,<environment.Job instance at 0x14bbee8956e0>,36,18,[8 1],54,78,96,24,68
1,<environment.Job instance at 0x14bbeeb90f50>,45,1,[1 8],68,68,69,0,68
1,<environment.Job instance at 0x14bbee46f0a0>,46,27,[1 7],69,69,96,0,69
1,<environment.Job instance at 0x14bbee5599b0>,48,1,[5 2],73,73,74,0,73
1,<environment.Job instance at 0x14bbee10ab90>,51,2,[1 7],77,78,80,1,77
1,<environment.Job instance at 0x14bbf3d171e0>,52,1,[9 1],79,96,97,17,81
1,<environment.Job instance at 0x14bbfc2fe7d0>,53,15,[5 2],80,83,98,3,83
1,<environment.Job instance at 0x14bbfc2fe320>,54,3,[ 1 10],81,96,99,15,83
1,<environment.Job instance at 0x14bbfc2febe0>,55,25,[5 1],82,97,122,15,93
1,<environment.Job instance at 0x14bbfc2fef50>,56,16,[5 2],83,98,114,15,93
1,<environment.Job instance at 0x14bbfc2fed70>,57,2,[2 7],84,99,101,15,93
1,<environment.Job instance at 0x14bbfc2fe910>,58,2,[2 9],85,101,103,16,93
1,<environment.Job instance at 0x14bbfc2fe280>,59,1,[2 7],86,103,104,17,94
1,<environment.Job instance at 0x14bbfc2fea00>,60,2,[8 1],87,114,116,27,94
1,<environment.Job instance at 0x14bbfc2fe140>,61,13,[10  1],90,116,129,26,110
1,<environment.Job instance at 0x14bbfc2fe8c0>,62,16,[9 1],91,129,145,38,121
1,<environment.Job instance at 0x14bbfc2fe410>,63,2,[2 9],93,122,124,29,121
1,<environment.Job instance at 0x14bbfc2feaa0>,64,1,[5 2],95,124,125,29,121
1,<environment.Job instance at 0x14bbff2830a0>,65,2,[2 6],96,125,127,29,121
1,<environment.Job instance at 0x14bbff283780>,66,2,[10  2],97,145,147,48,121
1,<environment.Job instance at 0x14bbff2838c0>,67,1,[ 1 14],100,127,128,27,121
1,<environment.Job instance at 0x14bbff2832d0>,68,2,[6 1],101,129,131,28,121
1,<environment.Job instance at 0x14bbff283cd0>,69,2,[1 5],102,122,124,20,121
1,<environment.Job instance at 0x14bbff283280>,70,3,[ 2 10],103,131,134,28,121
1,<environment.Job instance at 0x14bbff2830f0>,71,13,[2 8],104,134,147,30,122
1,<environment.Job instance at 0x14bbff283500>,72,1,[8 2],105,147,148,42,122
1,<environment.Job instance at 0x14bbff283410>,73,1,[5 1],108,128,129,20,122
1,<environment.Job instance at 0x14bbff283e10>,74,1,[9 1],109,148,149,39,122
1,<environment.Job instance at 0x14bbff283b40>,75,17,[6 1],110,147,164,37,142
1,<environment.Job instance at 0x14bbff283960>,76,2,[1 6],111,142,144,31,142
1,<environment.Job instance at 0x14bbff283e60>,77,20,[10  2],114,164,184,50,155
1,<environment.Job instance at 0x14bbff283d70>,78,1,[5 2],115,155,156,40,155
1,<environment.Job instance at 0x14bbff2835a0>,79,3,[8 2],116,156,159,40,155
1,<environment.Job instance at 0x14bbff283b90>,80,17,[ 1 10],118,155,172,37,155
1,<environment.Job instance at 0x14bbfe9e7af0>,81,15,[1 6],119,172,187,53,158
1,<environment.Job instance at 0x14bbff283dc0>,82,1,[5 1],120,159,160,39,158
1,<environment.Job instance at 0x14bbfe9e7f00>,83,3,[2 7],122,172,175,50,158
1,<environment.Job instance at 0x14bbfe9e7370>,84,3,[8 2],124,184,187,60,162
1,<environment.Job instance at 0x14bbfe9e78c0>,85,1,[1 9],125,187,188,62,162
1,<environment.Job instance at 0x14bbfe9e7280>,86,1,[8 1],126,162,163,36,162
1,<environment.Job instance at 0x14bbeed85280>,87,2,[ 1 10],130,188,190,58,162
1,<environment.Job instance at 0x14bbeed852d0>,88,3,[2 7],131,175,178,44,162
1,<environment.Job instance at 0x14bbeed850f0>,89,1,[2 6],134,178,179,44,162
1,<environment.Job instance at 0x14bbeed85d70>,90,2,[8 2],135,187,189,52,162
1,<environment.Job instance at 0x14bbeed854b0>,91,3,[ 2 10],136,190,193,54,164
1,<environment.Job instance at 0x14bbeed856e0>,92,3,[2 6],137,179,182,42,164
1,<environment.Job instance at 0x14bbeed85230>,93,13,[8 1],139,189,202,50,185
1,<environment.Job instance at 0x14bbeed85410>,94,3,[6 2],140,185,188,45,185
1,<environment.Job instance at 0x14bbeed85be0>,95,2,[6 2],142,188,190,46,185
1,<environment.Job instance at 0x14bbeed85960>,96,2,[9 2],144,202,204,58,185
1,<environment.Job instance at 0x14bbeed850a0>,97,3,[6 2],146,193,196,47,185
1,<environment.Job instance at 0x14bbeed85640>,98,1,[1 9],147,193,194,46,186
1,<environment.Job instance at 0x14bbeed85a00>,99,17,[6 1],148,196,213,48,191
1,<environment.Job instance at 0x14bbeed85c80>,100,1,[9 1],149,204,205,55,191
1,<environment.Job instance at 0x14bbfc3e7a50>,101,2,[1 9],150,194,196,44,191
1,<environment.Job instance at 0x14bbfc3e7e60>,102,2,[1 5],152,196,198,44,191
1,<environment.Job instance at 0x14bbfc3e78c0>,103,1,[2 9],153,205,206,52,191
1,<environment.Job instance at 0x14bbfc3e75f0>,104,2,[6 1],154,205,207,51,191
1,<environment.Job instance at 0x14bbfc3e7730>,105,17,[8 2],155,207,224,52,206
1,<environment.Job instance at 0x14bbfc3e73c0>,106,1,[5 1],156,213,214,57,206
1,<environment.Job instance at 0x14bbfc3e7e10>,107,18,[11  2],158,247,265,89,247
1,<environment.Job instance at 0x14bbeebd0dc0>,108,1,[9 1],160,265,266,105,247
1,<environment.Job instance at 0x14bbeebd09b0>,109,19,[2 8],161,247,266,86,247
1,<environment.Job instance at 0x14bbeebd0d70>,110,1,[8 1],162,266,267,104,247
1,<environment.Job instance at 0x14bbeebd0e10>,111,1,[1 5],164,247,248,83,247
1,<environment.Job instance at 0x14bbeebd0460>,112,16,[2 5],165,248,264,83,248
1,<environment.Job instance at 0x14bbeebd08c0>,113,2,[6 2],167,266,268,99,248
1,<environment.Job instance at 0x14bbeebd0d20>,114,3,[2 6],168,267,270,99,248
1,<environment.Job instance at 0x14bbeebd0960>,115,16,[2 6],170,267,283,97,254
1,<environment.Job instance at 0x14bbf2627b40>,116,15,[5 1],171,267,282,96,259
1,<environment.Job instance at 0x14bbf26275a0>,117,3,[2 7],172,270,273,98,260
1,<environment.Job instance at 0x14bbf2627230>,118,1,[ 1 10],173,266,267,93,260
1,<environment.Job instance at 0x14bbf26276e0>,119,1,[2 5],174,264,265,90,260
1,<environment.Job instance at 0x14bbf2627d20>,120,2,[1 9],175,282,284,107,260
1,<environment.Job instance at 0x14bbf2627050>,121,15,[8 2],176,283,298,107,279
1,<environment.Job instance at 0x14bbf26270a0>,122,3,[2 6],177,279,282,102,279
1,<environment.Job instance at 0x14bbf2627690>,123,1,[1 5],178,284,285,106,279
1,<environment.Job instance at 0x14bbf2627f50>,124,2,[6 2],179,279,281,100,279
1,<environment.Job instance at 0x14bbf2627a00>,125,3,[10  1],180,298,301,118,279
1,<environment.Job instance at 0x14bbf2627a50>,126,2,[7 2],182,285,287,103,281
1,<environment.Job instance at 0x14bbf2627320>,127,1,[9 2],184,301,302,117,281
1,<environment.Job instance at 0x14bbf2627e60>,128,1,[10  2],185,302,303,117,281
1,<environment.Job instance at 0x14bbeed729b0>,129,3,[2 5],187,287,290,100,282
1,<environment.Job instance at 0x14bbf2627410>,130,17,[9 2],189,322,339,133,322
1,<environment.Job instance at 0x14bbf2985eb0>,23,2,[1 8],39,39,41,0,39
1,<environment.Job instance at 0x14bbeea45690>,38,1,[2 7],63,64,65,1,64
1,<environment.Job instance at 0x14bbee975dc0>,41,3,[ 1 14],66,66,69,0,66
1,<environment.Job instance at 0x14bbee975e60>,42,2,[10  2],67,69,71,2,67
1,<environment.Job instance at 0x14bbfc05c910>,43,2,[1 5],69,69,71,0,69
1,<environment.Job instance at 0x14bbee35c320>,44,2,[ 2 10],70,71,73,1,70
1,<environment.Job instance at 0x14bbee35c4b0>,45,3,[7 1],71,71,74,0,71
1,<environment.Job instance at 0x14bbfcf10550>,29,17,[ 1 14],51,75,92,24,75
1,<environment.Job instance at 0x14bbeead2780>,47,1,[ 1 10],74,92,93,18,76
1,<environment.Job instance at 0x14bbfc060f50>,49,2,[9 1],77,77,79,0,77
1,<environment.Job instance at 0x14bbfd0ba5a0>,50,2,[7 1],78,79,81,1,78
1,<environment.Job instance at 0x14bbfc05a230>,36,16,[10  1],61,149,165,88,149
1,<environment.Job instance at 0x14bbee26ef00>,57,2,[6 1],92,165,167,73,149
1,<environment.Job instance at 0x14bbee26eb90>,58,3,[2 5],93,153,156,60,153
1,<environment.Job instance at 0x14bbee26ec30>,59,15,[6 1],95,236,251,141,236
1,<environment.Job instance at 0x14bbee26e500>,60,12,[7 2],97,298,310,201,298
1,<environment.Job instance at 0x14bbee26e410>,61,17,[1 8],98,310,327,212,310
1,<environment.Job instance at 0x14bbee26ed20>,62,2,[13  2],99,312,314,213,312
1,<environment.Job instance at 0x14bbee26ea00>,63,3,[1 6],100,321,324,221,321
1,<environment.Job instance at 0x14bbee26e4b0>,64,2,[2 7],101,324,326,223,321
1,<environment.Job instance at 0x14bbee26e1e0>,65,3,[7 1],103,326,329,223,324
1,<environment.Job instance at 0x14bbee26e140>,66,3,[9 2],104,329,332,225,327
1,<environment.Job instance at 0x14bbee26e230>,67,2,[7 1],109,327,329,218,327
1,<environment.Job instance at 0x14bbee26ec80>,69,1,[1 5],113,327,328,214,327
1,<environment.Job instance at 0x14bbee26e730>,70,3,[ 2 11],115,329,332,214,327
1,<environment.Job instance at 0x14bbf190e870>,71,1,[8 1],119,332,333,213,327
1,<environment.Job instance at 0x14bbf190e690>,72,3,[ 1 13],120,332,335,212,327
1,<environment.Job instance at 0x14bbf190e0a0>,73,3,[9 2],121,333,336,212,327
1,<environment.Job instance at 0x14bbf190e1e0>,74,1,[7 1],123,336,337,213,328
1,<environment.Job instance at 0x14bbee24d7d0>,75,2,[2 8],125,335,337,210,328
1,<environment.Job instance at 0x14bbee24da00>,76,13,[7 2],128,337,350,209,334
1,<environment.Job instance at 0x14bbee24dd70>,77,2,[13  1],129,350,352,221,334
1,<environment.Job instance at 0x14bbee24d910>,79,16,[1 5],132,338,354,206,338
1,<environment.Job instance at 0x14bbee24de60>,80,13,[8 2],133,374,387,241,374
1,<environment.Job instance at 0x14bbee9c4280>,90,2,[1 8],156,375,377,219,375
1,<environment.Job instance at 0x14bbee9c4910>,91,24,[2 5],157,375,399,218,375
1,<environment.Job instance at 0x14bbee9c4af0>,92,2,[ 1 10],158,387,389,229,384
1,<environment.Job instance at 0x14bbee9c4aa0>,93,1,[6 1],159,389,390,230,387
1,<environment.Job instance at 0x14bbee9c4780>,94,2,[7 1],160,389,391,229,387
1,<environment.Job instance at 0x14bbee9c4dc0>,95,1,[10  1],161,392,393,231,392
1,<environment.Job instance at 0x14bbee9c48c0>,96,3,[1 8],162,394,397,232,394
1,<environment.Job instance at 0x14bbee9c4960>,97,3,[1 5],167,397,400,230,396
1,<environment.Job instance at 0x14bbee9c44b0>,98,18,[ 2 10],168,404,422,236,404
1,<environment.Job instance at 0x14bbee9c4a00>,99,3,[5 1],169,411,414,242,411
1,<environment.Job instance at 0x14bbee9c46e0>,100,3,[9 1],170,414,417,244,413
1,<environment.Job instance at 0x14bbee9c4b40>,101,12,[1 8],171,422,434,251,419
1,<environment.Job instance at 0x14bbee9c45a0>,102,2,[1 6],172,422,424,250,422
1,<environment.Job instance at 0x14bbee9c4500>,103,3,[5 2],175,429,432,254,429
1,<environment.Job instance at 0x14bbee9c4eb0>,104,15,[6 2],176,467,482,291,467
1,<environment.Job instance at 0x14bbee9c4c30>,105,2,[11  1],178,482,484,304,470
1,<environment.Job instance at 0x14bbee478cd0>,106,3,[2 5],179,472,475,293,472
1,<environment.Job instance at 0x14bbee4785a0>,107,1,[1 8],181,476,477,295,476
1,<environment.Job instance at 0x14bbee478c30>,108,1,[2 5],182,477,478,295,477
1,<environment.Job instance at 0x14bbee478c80>,109,1,[2 6],183,477,478,294,477
1,<environment.Job instance at 0x14bbee478aa0>,110,14,[6 2],184,503,517,319,503
1,<environment.Job instance at 0x14bbee26edc0>,56,2,[14  2],90,532,534,442,532
1,<environment.Job instance at 0x14bbfc2fcc80>,1,1,[1 6],2,2,3,0,2
1,<environment.Job instance at 0x14bbeedb23c0>,3,1,[11  2],4,6,7,2,6
1,<environment.Job instance at 0x14bbf0d25a00>,7,1,[6 1],16,16,17,0,16
1,<environment.Job instance at 0x14bbfcf3c0f0>,13,2,[1 6],22,23,25,1,23
1,<environment.Job instance at 0x14bbfcf39e10>,16,2,[12  2],25,27,29,2,27
1,<environment.Job instance at 0x14bbf2a592d0>,17,2,[7 1],27,38,40,11,38
1,<environment.Job instance at 0x14bbf191baf0>,27,1,[ 2 10],39,41,42,2,41
1,<environment.Job instance at 0x14bbf2a595a0>,15,17,[ 2 10],24,130,147,106,130
1,<environment.Job instance at 0x14bbee3ac6e0>,38,3,[2 5],57,144,147,87,144
1,<environment.Job instance at 0x14bbee3ac410>,39,1,[5 2],59,147,148,88,144
1,<environment.Job instance at 0x14bbee3ac960>,40,16,[ 1 10],60,205,221,145,205
1,<environment.Job instance at 0x14bbee3ac640>,41,13,[1 5],61,226,239,165,226
1,<environment.Job instance at 0x14bbf19e3f00>,42,3,[1 8],62,226,229,164,226
1,<environment.Job instance at 0x14bbf19e31e0>,43,2,[7 1],64,234,236,170,234
1,<environment.Job instance at 0x14bbee728870>,44,2,[2 8],66,234,236,168,234
1,<environment.Job instance at 0x14bbee728c80>,45,1,[1 6],68,236,237,168,236
1,<environment.Job instance at 0x14bbee728690>,46,17,[7 2],69,410,427,341,410
1,<environment.Job instance at 0x14bbee728dc0>,47,1,[2 8],71,411,412,340,411
1,<environment.Job instance at 0x14bbee7287d0>,48,1,[11  2],74,427,428,353,413
1,<environment.Job instance at 0x14bbee7285a0>,49,15,[2 9],77,431,446,354,431
1,<environment.Job instance at 0x14bbee728640>,50,28,[ 2 12],78,446,474,368,445
1,<environment.Job instance at 0x14bbee7285f0>,51,15,[6 1],80,684,699,604,684
1,<environment.Job instance at 0x14bbee728a50>,52,2,[ 1 10],81,690,692,609,690
1,<environment.Job instance at 0x14bbee728af0>,53,16,[1 5],82,700,716,618,700
1,<environment.Job instance at 0x14bbee728b40>,54,3,[8 2],83,709,712,626,709
1,<environment.Job instance at 0x14bbee728550>,55,2,[2 9],85,712,714,627,709
1,<environment.Job instance at 0x14bbee728730>,56,26,[1 9],86,714,740,628,713
1,<environment.Job instance at 0x14bbee728230>,57,13,[10  2],87,2112,2125,2025,2112
1,<environment.Job instance at 0x14bbee728960>,58,23,[2 8],88,2113,2136,2025,2113
1,<environment.Job instance at 0x14bbf19dc870>,59,3,[2 5],90,2115,2118,2025,2115
1,<environment.Job instance at 0x14bbf19dce60>,60,2,[5 1],91,2125,2127,2034,2116
1,<environment.Job instance at 0x14bbf19dc550>,61,2,[ 1 10],92,2136,2138,2044,2116
1,<environment.Job instance at 0x14bbf19dc7d0>,62,15,[10  1],93,2758,2773,2665,2758
1,<environment.Job instance at 0x14bbf19dcdc0>,63,3,[ 1 12],94,2758,2761,2664,2758
1,<environment.Job instance at 0x14bbf19dc6e0>,64,1,[8 2],96,2773,2774,2677,2770
1,<environment.Job instance at 0x14bbf19dce10>,65,1,[8 1],97,2779,2780,2682,2779
1,<environment.Job instance at 0x14bbf19dc910>,66,24,[2 9],98,2779,2803,2681,2779
1,<environment.Job instance at 0x14bbf19dc050>,67,1,[2 7],101,2803,2804,2702,2789
1,<environment.Job instance at 0x14bbf19dccd0>,68,25,[6 2],102,2872,2897,2770,2872
1,<environment.Job instance at 0x14bbf19dc500>,69,3,[8 1],106,2891,2894,2785,2891
1,<environment.Job instance at 0x14bbf19dc9b0>,2,1,[ 2 10],5,5,6,0,5
1,<environment.Job instance at 0x14bbf2aba280>,3,27,[10  1],7,11,38,4,11
1,<environment.Job instance at 0x14bbee201af0>,12,20,[10  2],24,52,72,28,52
1,<environment.Job instance at 0x14bbfe9c4960>,39,12,[5 1],62,66,78,4,66
1,<environment.Job instance at 0x14bbfe9c4e60>,40,1,[1 6],63,72,73,9,66
1,<environment.Job instance at 0x14bbfe9c40f0>,41,19,[ 1 10],65,73,92,8,70
1,<environment.Job instance at 0x14bbee820a50>,46,17,[7 1],73,82,99,9,82
1,<environment.Job instance at 0x14bbee440320>,52,17,[2 7],82,92,109,10,84
1,<environment.Job instance at 0x14bbee598140>,54,2,[1 6],84,92,94,8,84
1,<environment.Job instance at 0x14bbee5983c0>,55,28,[2 5],88,94,122,6,93
1,<environment.Job instance at 0x14bbee598410>,57,16,[5 2],90,109,125,19,109
1,<environment.Job instance at 0x14bbee5d4fa0>,64,12,[6 1],99,113,125,14,113
1,<environment.Job instance at 0x14bbee5d4c80>,66,2,[9 1],101,125,127,24,116
1,<environment.Job instance at 0x14bbee5d41e0>,68,15,[8 2],103,127,142,24,120
1,<environment.Job instance at 0x14bbf2610d70>,69,2,[2 5],105,120,122,15,120
1,<environment.Job instance at 0x14bbee4f8aa0>,47,15,[13  2],74,142,157,68,128
1,<environment.Job instance at 0x14bbf2610e10>,71,20,[1 9],108,128,148,20,128
1,<environment.Job instance at 0x14bbf2610f00>,70,14,[13  2],107,157,171,50,146
1,<environment.Job instance at 0x14bbf2610dc0>,78,1,[7 2],116,171,172,55,146
1,<environment.Job instance at 0x14bbf26102d0>,75,3,[14  2],112,172,175,60,154
1,<environment.Job instance at 0x14bbf2610d20>,79,15,[ 2 12],119,175,190,56,172
1,<environment.Job instance at 0x14bbee5b0410>,83,1,[1 9],124,172,173,48,172
1,<environment.Job instance at 0x14bbee5b0500>,85,2,[1 6],129,173,175,44,172
1,<environment.Job instance at 0x14bbee5b06e0>,86,1,[2 8],131,190,191,59,172
1,<environment.Job instance at 0x14bbee5b0190>,87,3,[ 1 14],132,191,194,59,175
1,<environment.Job instance at 0x14bbee5b07d0>,88,14,[13  2],133,194,208,61,185
1,<environment.Job instance at 0x14bbf539deb0>,94,2,[ 2 10],148,194,196,46,185
1,<environment.Job instance at 0x14bbf539d460>,95,1,[2 6],149,190,191,41,185
1,<environment.Job instance at 0x14bbf539d2d0>,96,1,[2 8],150,196,197,46,185
1,<environment.Job instance at 0x14bbf539d4b0>,97,2,[6 2],151,185,187,34,185
1,<environment.Job instance at 0x14bbf539d280>,98,1,[9 2],152,187,188,35,186
1,<environment.Job instance at 0x14bbf539dbe0>,99,1,[6 2],153,188,189,35,186
1,<environment.Job instance at 0x14bbf539d140>,100,17,[2 9],154,197,214,43,187
1,<environment.Job instance at 0x14bbf539d6e0>,101,1,[7 1],157,188,189,31,187
1,<environment.Job instance at 0x14bbee117f50>,102,2,[ 2 13],159,214,216,55,187
1,<environment.Job instance at 0x14bbee117e60>,103,1,[10  2],160,189,190,29,187
1,<environment.Job instance at 0x14bbee117230>,104,3,[2 5],161,208,211,47,187
1,<environment.Job instance at 0x14bbee117af0>,105,1,[ 1 10],162,216,217,54,188
1,<environment.Job instance at 0x14bbee117d20>,106,2,[9 1],163,190,192,27,188
1,<environment.Job instance at 0x14bbee1176e0>,107,2,[7 2],164,211,213,47,188
1,<environment.Job instance at 0x14bbee117eb0>,108,3,[8 1],165,208,211,43,188
1,<environment.Job instance at 0x14bbee117780>,114,21,[9 1],173,213,234,40,205
1,<environment.Job instance at 0x14bbee1178c0>,113,24,[ 1 10],172,217,241,45,212
1,<environment.Job instance at 0x14bbeed52050>,118,22,[6 1],177,234,256,57,227
1,<environment.Job instance at 0x14bc44b246e0>,115,16,[ 2 12],174,241,257,67,238
1,<environment.Job instance at 0x14bbeed52f50>,121,17,[5 1],182,250,267,68,250
1,<environment.Job instance at 0x14bbf2610690>,77,17,[1 9],115,1132,1149,1017,1132
1,<environment.Job instance at 0x14bbfe9c2690>,1,1,[ 2 10],4,4,5,0,4
1,<environment.Job instance at 0x14bbee200140>,6,2,[8 2],9,9,11,0,9
1,<environment.Job instance at 0x14bbee200f50>,7,3,[10  2],10,11,14,1,10
1,<environment.Job instance at 0x14bbfcf86eb0>,2,2,[9 1],5,14,16,9,12
1,<environment.Job instance at 0x14bbfc3b95a0>,9,2,[9 2],13,16,18,3,13
1,<environment.Job instance at 0x14bbfc3b9a00>,10,2,[5 1],14,14,16,0,14
1,<environment.Job instance at 0x14bbfc3b95f0>,11,18,[7 1],15,18,36,3,15
1,<environment.Job instance at 0x14bbee2001e0>,8,16,[1 8],12,15,31,3,15
1,<environment.Job instance at 0x14bbfc3e7320>,16,1,[1 8],25,31,32,6,25
1,<environment.Job instance at 0x14bbee9743c0>,17,2,[5 2],26,26,28,0,26
1,<environment.Job instance at 0x14bbee383320>,18,2,[ 2 11],27,32,34,5,27
1,<environment.Job instance at 0x14bbee559af0>,19,2,[5 2],28,28,30,0,28
1,<environment.Job instance at 0x14bbf1bf0690>,39,2,[10  2],55,67,69,12,67
1,<environment.Job instance at 0x14bbee8626e0>,32,1,[5 1],46,80,81,34,80
1,<environment.Job instance at 0x14bbf2aaedc0>,41,2,[7 2],57,80,82,23,80
1,<environment.Job instance at 0x14bbf1bf0eb0>,35,17,[1 8],49,81,98,32,81
1,<environment.Job instance at 0x14bbee35f4b0>,45,1,[7 2],62,81,82,19,81
1,<environment.Job instance at 0x14bbee8da8c0>,46,1,[5 1],63,82,83,19,81
1,<environment.Job instance at 0x14bbee46de60>,42,3,[2 5],58,96,99,38,96
1,<environment.Job instance at 0x14bbee895d70>,51,2,[10  2],68,100,102,32,100
1,<environment.Job instance at 0x14bbef62eeb0>,52,3,[1 9],70,101,104,31,101
1,<environment.Job instance at 0x14bbee7391e0>,53,1,[5 1],71,103,104,32,103
1,<environment.Job instance at 0x14bbee8953c0>,54,1,[11  2],73,104,105,31,104
1,<environment.Job instance at 0x14bbee739820>,55,2,[7 2],74,105,107,31,104
1,<environment.Job instance at 0x14bbee7390a0>,56,2,[2 9],75,104,106,29,104
1,<environment.Job instance at 0x14bbee2b03c0>,57,3,[2 5],77,106,109,29,105
1,<environment.Job instance at 0x14bbee1eb370>,44,2,[1 7],61,110,112,49,110
1,<environment.Job instance at 0x14bbf26c1370>,2,2,[7 1],5,6,8,1,6
1,<environment.Job instance at 0x14bbf26c16e0>,4,1,[2 5],8,13,14,5,13
1,<environment.Job instance at 0x14bbef4edf00>,10,1,[2 6],18,18,19,0,18
1,<environment.Job instance at 0x14bbef4ed0f0>,7,1,[12  2],14,18,19,4,18
1,<environment.Job instance at 0x14bbee6c5be0>,12,1,[7 1],20,20,21,0,20
1,<environment.Job instance at 0x14bbee5e8be0>,11,2,[8 1],19,21,23,2,21
1,<environment.Job instance at 0x14bbef4edaf0>,14,14,[10  1],23,23,37,0,23
1,<environment.Job instance at 0x14bbfd0435f0>,15,1,[7 1],25,37,38,12,25
1,<environment.Job instance at 0x14bbee41bfa0>,16,27,[8 1],26,37,64,11,35
1,<environment.Job instance at 0x14bbf17ac780>,17,3,[ 2 13],28,38,41,10,36
1,<environment.Job instance at 0x14bbee2ee4b0>,18,2,[2 5],29,41,43,12,36
1,<environment.Job instance at 0x14bbf1a2aaf0>,19,1,[1 7],32,36,37,4,36
1,<environment.Job instance at 0x14bbf1a2a410>,20,1,[ 1 10],34,43,44,9,36
1,<environment.Job instance at 0x14bbff286e10>,21,3,[8 2],36,64,67,28,38
1,<environment.Job instance at 0x14bbee30f7d0>,22,3,[ 2 13],37,44,47,7,43
1,<environment.Job instance at 0x14bbf2628230>,23,2,[2 8],38,47,49,9,43
1,<environment.Job instance at 0x14bbee921a50>,24,20,[1 7],42,49,69,7,43
1,<environment.Job instance at 0x14bbee6b5500>,32,1,[5 1],51,59,60,8,59
1,<environment.Job instance at 0x14bbee445d70>,34,1,[9 1],56,67,68,11,59
1,<environment.Job instance at 0x14bbfc3360f0>,26,18,[8 2],44,68,86,24,60
1,<environment.Job instance at 0x14bbee759960>,40,18,[12  2],64,86,104,22,75
1,<environment.Job instance at 0x14bbee925730>,41,2,[ 1 13],65,76,78,11,76
1,<environment.Job instance at 0x14bbf19f9230>,42,1,[5 1],66,78,79,12,76
1,<environment.Job instance at 0x14bbf19f9dc0>,43,17,[6 1],67,104,121,37,92
1,<environment.Job instance at 0x14bbf19f95a0>,44,3,[2 7],68,92,95,24,92
1,<environment.Job instance at 0x14bbf19f9870>,45,3,[9 2],69,104,107,35,92
1,<environment.Job instance at 0x14bbf19f9b40>,46,17,[6 2],75,107,124,32,95
1,<environment.Job instance at 0x14bbf19f9cd0>,47,14,[8 1],77,121,135,44,106
1,<environment.Job instance at 0x14bbf19f90a0>,48,2,[2 6],78,107,109,29,106
1,<environment.Job instance at 0x14bbf19f9730>,49,15,[5 1],81,124,139,43,111
1,<environment.Job instance at 0x14bbf19f9640>,50,18,[1 7],82,111,129,29,111
1,<environment.Job instance at 0x14bbf19f9460>,51,16,[1 7],84,129,145,45,123
1,<environment.Job instance at 0x14bbf19f91e0>,52,1,[2 6],85,135,136,50,123
1,<environment.Job instance at 0x14bbf19f9c80>,53,3,[6 1],86,135,138,49,123
1,<environment.Job instance at 0x14bbf19f9be0>,54,1,[8 1],87,138,139,51,123
1,<environment.Job instance at 0x14bbef4edbe0>,13,16,[7 2],21,139,155,118,132
1,<environment.Job instance at 0x14bbf271f500>,56,1,[8 1],90,145,146,55,132
1,<environment.Job instance at 0x14bbf271fd70>,57,1,[1 8],91,146,147,55,132
1,<environment.Job instance at 0x14bbf19f9370>,55,18,[2 9],88,147,165,59,138
1,<environment.Job instance at 0x14bbf271f8c0>,59,17,[8 1],94,155,172,61,143
1,<environment.Job instance at 0x14bbf271f960>,60,1,[1 9],95,165,166,70,144
1,<environment.Job instance at 0x14bbfd063960>,61,17,[1 5],96,155,172,59,145
1,<environment.Job instance at 0x14bbfd063190>,62,15,[9 1],101,172,187,71,161
1,<environment.Job instance at 0x14bbfd0634b0>,63,2,[6 2],102,166,168,64,161
1,<environment.Job instance at 0x14bbfd0635a0>,65,1,[1 6],104,168,169,64,161
1,<environment.Job instance at 0x14bbfd063050>,66,3,[9 1],105,187,190,82,162
1,<environment.Job instance at 0x14bbfd063690>,67,2,[7 1],107,190,192,83,163
1,<environment.Job instance at 0x14bbfd063780>,68,3,[2 5],108,169,172,61,164
1,<environment.Job instance at 0x14bbfd063eb0>,69,1,[1 5],109,172,173,63,164
1,<environment.Job instance at 0x14bbfd063e10>,70,2,[9 1],111,192,194,81,165
1,<environment.Job instance at 0x14bbfd063cd0>,71,12,[8 1],113,194,206,81,177
1,<environment.Job instance at 0x14bbee520b90>,72,1,[2 5],118,177,178,59,177
1,<environment.Job instance at 0x14bbee520500>,73,17,[1 5],119,180,197,61,180
1,<environment.Job instance at 0x14bbee5200f0>,74,13,[2 7],120,192,205,72,192
1,<environment.Job instance at 0x14bbee520d70>,75,2,[7 1],121,205,207,84,192
1,<environment.Job instance at 0x14bbf1a4e910>,76,1,[2 7],124,197,198,73,192
1,<environment.Job instance at 0x14bbf1a4edc0>,77,18,[9 2],125,207,225,82,196
1,<environment.Job instance at 0x14bbee520dc0>,78,1,[1 7],126,198,199,72,196
1,<environment.Job instance at 0x14bbeee2b0f0>,79,3,[1 7],127,199,202,72,196
1,<environment.Job instance at 0x14bbee5208c0>,80,3,[6 1],128,206,209,78,196
1,<environment.Job instance at 0x14bbfc2a56e0>,81,15,[1 9],129,209,224,80,206
1,<environment.Job instance at 0x14bbfc2a5320>,82,2,[1 8],130,224,226,94,206
1,<environment.Job instance at 0x14bbfc2a55a0>,83,28,[6 2],133,225,253,92,224
1,<environment.Job instance at 0x14bbfc2a5410>,84,12,[9 2],135,226,238,91,225
1,<environment.Job instance at 0x14bbfc2a51e0>,85,3,[8 2],137,238,241,101,225
1,<environment.Job instance at 0x14bbfc2a5460>,86,21,[10  2],139,253,274,114,245
1,<environment.Job instance at 0x14bbfc2a5640>,87,14,[1 6],140,247,261,107,247
1,<environment.Job instance at 0x14bbfc2a5f50>,88,14,[5 1],141,261,275,120,248
1,<environment.Job instance at 0x14bbfc2a58c0>,89,1,[10  2],143,274,275,131,248
1,<environment.Job instance at 0x14bbee3a85a0>,90,15,[6 1],144,275,290,131,262
1,<environment.Job instance at 0x14bbf271f550>,58,13,[1 7],93,275,288,182,262
1,<environment.Job instance at 0x14bbee3a8eb0>,92,2,[8 1],146,275,277,129,262
1,<environment.Job instance at 0x14bbee3a8f50>,93,1,[10  1],147,290,291,143,262
1,<environment.Job instance at 0x14bbee3a8230>,94,1,[9 1],148,288,289,140,262
1,<environment.Job instance at 0x14bbee3a8320>,91,3,[10  1],145,291,294,146,265
1,<environment.Job instance at 0x14bbee3a8be0>,96,2,[8 1],152,277,279,125,265
1,<environment.Job instance at 0x14bbee3a8fa0>,97,1,[9 1],153,289,290,136,265
1,<environment.Job instance at 0x14bbee3a8910>,98,1,[2 8],154,290,291,136,265
1,<environment.Job instance at 0x14bbee3a8410>,99,1,[1 8],155,291,292,136,265
1,<environment.Job instance at 0x14bbee3a8f00>,100,1,[2 9],156,292,293,136,265
1,<environment.Job instance at 0x14bbee3a8dc0>,101,3,[ 2 10],157,293,296,136,267
1,<environment.Job instance at 0x14bbee3a8a00>,102,3,[1 7],158,279,282,121,267
1,<environment.Job instance at 0x14bbee6f65a0>,103,2,[5 2],159,282,284,123,268
1,<environment.Job instance at 0x14bbee6f62d0>,104,2,[7 1],160,284,286,124,268
1,<environment.Job instance at 0x14bbee6f6f00>,105,2,[2 5],161,282,284,121,269
1,<environment.Job instance at 0x14bbfc3b77d0>,106,1,[8 2],162,286,287,124,269
1,<environment.Job instance at 0x14bbfc3b7aa0>,107,1,[6 1],163,287,288,124,269
1,<environment.Job instance at 0x14bbf19c37d0>,108,1,[10  2],164,294,295,130,269
1,<environment.Job instance at 0x14bbeead1280>,110,1,[8 2],167,295,296,128,279
1,<environment.Job instance at 0x14bbeead1910>,112,3,[2 5],172,290,293,118,281
1,<environment.Job instance at 0x14bbeead1a00>,113,2,[1 6],173,284,286,111,282
1,<environment.Job instance at 0x14bbeead1190>,115,1,[1 5],177,287,288,110,282
1,<environment.Job instance at 0x14bbeead1820>,116,1,[2 9],179,296,297,117,282
1,<environment.Job instance at 0x14bbee445910>,35,14,[11  2],57,296,310,239,291
1,<environment.Job instance at 0x14bbeead1b40>,118,2,[8 2],182,310,312,128,291
1,<environment.Job instance at 0x14bbeead18c0>,119,3,[6 2],184,310,313,126,291
1,<environment.Job instance at 0x14bbeead12d0>,120,2,[2 9],186,297,299,111,291
1,<environment.Job instance at 0x14bbeead1640>,121,1,[8 2],187,312,313,125,291
1,<environment.Job instance at 0x14bbeead19b0>,122,3,[5 1],188,313,316,125,291
1,<environment.Job instance at 0x14bbeead17d0>,123,3,[8 1],189,313,316,124,291
1,<environment.Job instance at 0x14bbeead1dc0>,117,14,[8 2],180,316,330,136,302
1,<environment.Job instance at 0x14bbef4eda50>,6,15,[14  1],13,1806,1821,1793,1806
1,<environment.Job instance at 0x14bbf19f2910>,7,2,[ 2 14],10,10,12,0,10
1,<environment.Job instance at 0x14bbf19f2c80>,9,1,[ 2 10],12,12,13,0,12
1,<environment.Job instance at 0x14bbee51ae60>,24,1,[12  1],40,42,43,2,42
1,<environment.Job instance at 0x14bbfc499e60>,33,1,[2 8],50,51,52,1,51
1,<environment.Job instance at 0x14bbfc3b7be0>,35,2,[2 9],54,54,56,0,54
1,<environment.Job instance at 0x14bbee11e050>,36,27,[1 8],55,56,83,1,55
1,<environment.Job instance at 0x14bbee126b40>,39,17,[6 1],59,97,114,38,97
1,<environment.Job instance at 0x14bbee1268c0>,41,13,[6 1],61,115,128,54,115
1,<environment.Job instance at 0x14bbee14e5a0>,49,18,[1 5],72,127,145,55,127
1,<environment.Job instance at 0x14bbee14e6e0>,52,12,[ 1 14],79,147,159,68,147
1,<environment.Job instance at 0x14bbee2c16e0>,26,3,[5 1],42,178,181,136,178
1,<environment.Job instance at 0x14bbef537fa0>,59,18,[6 2],88,180,198,92,180
1,<environment.Job instance at 0x14bbfc48de60>,67,1,[7 1],99,183,184,84,183
1,<environment.Job instance at 0x14bbfc48d500>,70,1,[ 1 10],102,184,185,82,184
1,<environment.Job instance at 0x14bbfc4323c0>,72,13,[6 2],105,195,208,90,195
1,<environment.Job instance at 0x14bbf53870a0>,73,3,[1 8],106,195,198,89,195
1,<environment.Job instance at 0x14bbee48fd70>,76,16,[5 2],109,204,220,95,204
1,<environment.Job instance at 0x14bbf29ac820>,79,1,[ 2 12],112,209,210,97,209
1,<environment.Job instance at 0x14bbf26467d0>,81,17,[5 2],115,219,236,104,219
1,<environment.Job instance at 0x14bbee5655a0>,83,3,[ 1 10],117,220,223,103,220
1,<environment.Job instance at 0x14bbf1bf7280>,84,2,[8 1],118,221,223,103,221
1,<environment.Job instance at 0x14bbf272d7d0>,87,21,[1 8],122,223,244,101,221
1,<environment.Job instance at 0x14bbee2c3af0>,90,2,[1 7],128,236,238,108,223
1,<environment.Job instance at 0x14bbee2c3a50>,91,24,[1 6],130,238,262,108,233
1,<environment.Job instance at 0x14bbee3c9dc0>,103,22,[1 5],150,253,275,103,253
1,<environment.Job instance at 0x14bbee4585a0>,108,18,[ 2 10],156,273,291,117,273
1,<environment.Job instance at 0x14bbeee7df00>,10,17,[ 2 11],13,298,315,285,298
1,<environment.Job instance at 0x14bbfe9c4b40>,116,3,[5 2],167,304,307,137,304
1,<environment.Job instance at 0x14bbfe9c4aa0>,117,3,[8 1],168,304,307,136,304
1,<environment.Job instance at 0x14bbfe9c4cd0>,118,1,[10  1],169,307,308,138,305
1,<environment.Job instance at 0x14bbfe9c4c30>,119,15,[2 7],170,319,334,149,319
1,<environment.Job instance at 0x14bbeee640a0>,120,13,[5 2],171,332,345,161,332
1,<environment.Job instance at 0x14bbeee64690>,121,16,[6 2],172,350,366,178,350
1,<environment.Job instance at 0x14bbfc281410>,123,3,[8 2],175,354,357,179,354
1,<environment.Job instance at 0x14bbfc2815f0>,125,1,[1 5],179,363,364,184,363
1,<environment.Job instance at 0x14bbfc281780>,126,1,[10  2],180,366,367,186,363
1,<environment.Job instance at 0x14bbfc281b90>,127,3,[2 8],181,363,366,182,363
1,<environment.Job instance at 0x14bbfc2813c0>,128,1,[2 8],183,366,367,183,363
1,<environment.Job instance at 0x14bbeee64820>,122,18,[1 5],173,367,385,194,367
1,<environment.Job instance at 0x14bbfc281aa0>,129,3,[2 7],184,370,373,186,370
1,<environment.Job instance at 0x14bbfe9c4370>,114,1,[14  2],165,390,391,225,390
1,<environment.Job instance at 0x14bbfcefd8c0>,60,3,[13  1],89,776,779,687,776
1,<environment.Job instance at 0x14bbee861690>,6,1,[10  2],9,9,10,0,9
1,<environment.Job instance at 0x14bbee861780>,10,2,[1 9],15,17,19,2,17
1,<environment.Job instance at 0x14bbef660550>,12,12,[2 5],17,916,928,899,916
1,<environment.Job instance at 0x14bbef660c80>,18,1,[2 6],24,943,944,919,943
1,<environment.Job instance at 0x14bbef660d70>,16,2,[ 2 14],21,951,953,930,951
1,<environment.Job instance at 0x14bbef660870>,19,3,[6 2],25,953,956,928,951
1,<environment.Job instance at 0x14bbf1a26190>,22,1,[7 2],31,953,954,922,951
1,<environment.Job instance at 0x14bbf1a26f00>,23,1,[1 8],33,953,954,920,951
1,<environment.Job instance at 0x14bbf17c8370>,24,3,[5 1],35,954,957,919,951
1,<environment.Job instance at 0x14bbf1b9ad70>,25,2,[2 6],36,954,956,918,951
1,<environment.Job instance at 0x14bbef6605f0>,13,16,[2 5],18,954,970,936,952
1,<environment.Job instance at 0x14bbf2aac190>,30,1,[8 2],42,956,957,914,952
1,<environment.Job instance at 0x14bbee2feaa0>,33,14,[8 1],45,957,971,912,956
1,<environment.Job instance at 0x14bbfcf61050>,2,20,[8 2],3,971,991,968,970
1,<environment.Job instance at 0x14bbf2712550>,49,14,[1 9],67,989,1003,922,989
1,<environment.Job instance at 0x14bbee12ff00>,60,1,[11  2],79,992,993,913,992
1,<environment.Job instance at 0x14bbee12fd20>,61,24,[10  2],80,994,1018,914,994
1,<environment.Job instance at 0x14bbee12f500>,64,18,[ 1 10],84,1011,1029,927,1011
1,<environment.Job instance at 0x14bbee12f4b0>,65,12,[5 2],85,1018,1030,933,1017
1,<environment.Job instance at 0x14bbef0d0eb0>,71,12,[ 2 10],94,1029,1041,935,1026
1,<environment.Job instance at 0x14bbeeb2f320>,73,1,[9 1],96,1026,1027,930,1026
1,<environment.Job instance at 0x14bbeeb2f5f0>,76,12,[8 2],100,1027,1039,927,1026
1,<environment.Job instance at 0x14bbeeb2f3c0>,77,3,[10  2],101,1039,1042,938,1026
1,<environment.Job instance at 0x14bbeeb2faf0>,78,3,[14  2],103,1042,1045,939,1026
1,<environment.Job instance at 0x14bbeeb2f190>,79,3,[2 6],108,1045,1048,937,1026
1,<environment.Job instance at 0x14bbeeb2f410>,81,2,[1 6],110,1041,1043,931,1026
1,<environment.Job instance at 0x14bbeeb2f050>,82,12,[1 9],111,1043,1055,932,1027
1,<environment.Job instance at 0x14bbeeb2fbe0>,89,2,[5 2],121,1030,1032,909,1027
1,<environment.Job instance at 0x14bbeeb2f730>,90,2,[1 5],126,1048,1050,922,1027
1,<environment.Job instance at 0x14bbee12f1e0>,62,12,[13  2],81,1050,1062,969,1037
1,<environment.Job instance at 0x14bbee3badc0>,102,2,[1 5],142,1055,1057,913,1047
1,<environment.Job instance at 0x14bbee3ba820>,104,22,[1 8],144,1055,1077,911,1050
1,<environment.Job instance at 0x14bbee3bad20>,109,20,[7 2],149,1062,1082,913,1054
1,<environment.Job instance at 0x14bbee3ba050>,117,2,[2 6],162,1077,1079,915,1067
1,<environment.Job instance at 0x14bbf2523fa0>,118,24,[2 5],163,1067,1091,904,1067
1,<environment.Job instance at 0x14bbf2523690>,127,1,[6 1],182,1083,1084,901,1083
1,<environment.Job instance at 0x14bbf2523a00>,125,15,[1 9],175,1091,1106,916,1091
1,<environment.Job instance at 0x14bbf2523be0>,129,14,[10  1],185,1099,1113,914,1099
1,<environment.Job instance at 0x14bbee2fe140>,26,18,[8 1],37,1171,1189,1134,1171
1,<environment.Job instance at 0x14bbee86d2d0>,3,2,[2 6],4,4,6,0,4
1,<environment.Job instance at 0x14bbee86d870>,8,1,[6 2],11,11,12,0,11
1,<environment.Job instance at 0x14bbee86d370>,9,2,[1 8],12,16,18,4,16
1,<environment.Job instance at 0x14bbee4fd230>,10,2,[2 6],14,16,18,2,16
1,<environment.Job instance at 0x14bbee7c9f00>,12,2,[9 1],16,16,18,0,16
1,<environment.Job instance at 0x14bbf1b5e5f0>,17,1,[2 9],21,21,22,0,21
1,<environment.Job instance at 0x14bbf1b99320>,18,2,[8 1],22,22,24,0,22
1,<environment.Job instance at 0x14bbee257cd0>,22,1,[9 1],26,26,27,0,26
1,<environment.Job instance at 0x14bbee26b2d0>,25,23,[5 1],29,29,52,0,29
1,<environment.Job instance at 0x14bbee72a6e0>,41,15,[13  1],53,59,74,6,59
1,<environment.Job instance at 0x14bbee72ab40>,44,3,[ 1 10],56,59,62,3,59
1,<environment.Job instance at 0x14bbf1ba2550>,52,3,[1 8],67,68,71,1,68
1,<environment.Job instance at 0x14bbee2664b0>,53,3,[10  1],69,74,77,5,69
1,<environment.Job instance at 0x14bbfcfb08c0>,54,1,[8 2],70,77,78,7,70
1,<environment.Job instance at 0x14bbf19ffc30>,55,3,[1 7],71,71,74,0,71
1,<environment.Job instance at 0x14bbf19ff550>,56,1,[2 7],72,74,75,2,72
1,<environment.Job instance at 0x14bbee296730>,57,3,[1 5],73,73,76,0,73
1,<environment.Job instance at 0x14bbeeac8730>,58,2,[6 1],74,77,79,3,74
1,<environment.Job instance at 0x14bbeeac8f50>,59,1,[7 1],76,78,79,2,76
1,<environment.Job instance at 0x14bbfe9cb230>,51,1,[2 8],66,78,79,12,77
1,<environment.Job instance at 0x14bbee7536e0>,60,14,[7 1],77,79,93,2,78
1,<environment.Job instance at 0x14bbeea5faf0>,62,2,[9 1],79,93,95,14,85
1,<environment.Job instance at 0x14bbeea5f230>,63,1,[1 7],81,86,87,5,86
1,<environment.Job instance at 0x14bbee753be0>,61,3,[ 2 11],78,89,92,11,89
1,<environment.Job instance at 0x14bbeedf6fa0>,67,16,[6 2],87,89,105,2,89
1,<environment.Job instance at 0x14bbeedf66e0>,68,1,[7 2],88,95,96,7,89
1,<environment.Job instance at 0x14bbeedf6e60>,69,2,[7 1],89,96,98,7,89
1,<environment.Job instance at 0x14bbeee01c30>,70,3,[12  2],90,105,108,15,90
1,<environment.Job instance at 0x14bbeee01f50>,72,2,[9 1],92,98,100,6,92
1,<environment.Job instance at 0x14bbeea9a730>,75,15,[ 2 10],95,104,119,9,104
1,<environment.Job instance at 0x14bbeea75b90>,82,18,[5 1],103,109,127,6,109
1,<environment.Job instance at 0x14bbee86f280>,83,17,[9 1],105,119,136,14,109
1,<environment.Job instance at 0x14bbee86f5f0>,84,2,[5 2],109,109,111,0,109
1,<environment.Job instance at 0x14bbee86fb40>,85,2,[7 1],110,111,113,1,110
1,<environment.Job instance at 0x14bbf19fcc30>,86,1,[5 1],111,113,114,2,111
1,<environment.Job instance at 0x14bbee278dc0>,64,18,[1 5],82,119,137,37,112
1,<environment.Job instance at 0x14bbee7c7140>,90,3,[6 2],118,136,139,18,118
1,<environment.Job instance at 0x14bbee7c7e60>,89,23,[1 9],116,137,160,21,131
1,<environment.Job instance at 0x14bbee7312d0>,92,1,[9 1],121,139,140,18,131
1,<environment.Job instance at 0x14bbee731e10>,93,2,[1 5],125,131,133,6,131
1,<environment.Job instance at 0x14bbee731410>,94,21,[1 8],127,160,181,33,152
1,<environment.Job instance at 0x14bbeeaaf8c0>,104,18,[8 1],139,154,172,15,154
1,<environment.Job instance at 0x14bbeeaaf2d0>,106,18,[9 1],142,172,190,30,170
1,<environment.Job instance at 0x14bbeeaaf500>,111,19,[7 2],151,190,209,39,180
1,<environment.Job instance at 0x14bbfcf82be0>,46,18,[8 2],59,190,208,131,182
1,<environment.Job instance at 0x14bbee25af50>,117,3,[8 2],162,208,211,46,183
1,<environment.Job instance at 0x14bbee25a6e0>,119,1,[2 8],164,183,184,19,183
1,<environment.Job instance at 0x14bbee25adc0>,120,12,[ 1 13],166,764,776,598,764
1,<environment.Job instance at 0x14bbee731230>,1,2,[10  1],2,2,4,0,2
1,<environment.Job instance at 0x14bbee4f16e0>,5,22,[ 1 11],8,9,31,1,9
1,<environment.Job instance at 0x14bbf26c7500>,33,2,[ 1 12],49,80,82,31,80
1,<environment.Job instance at 0x14bbee0c6190>,36,2,[8 1],55,80,82,25,80
1,<environment.Job instance at 0x14bbee925e10>,56,1,[2 9],81,100,101,19,100
1,<environment.Job instance at 0x14bbee4fdd70>,58,20,[8 2],85,107,127,22,107
1,<environment.Job instance at 0x14bbee4fdb90>,65,2,[12  1],98,127,129,29,123
1,<environment.Job instance at 0x14bbf273bfa0>,75,2,[10  1],110,129,131,19,125
1,<environment.Job instance at 0x14bbf273b780>,76,1,[7 2],111,125,126,14,125
1,<environment.Job instance at 0x14bbee880640>,79,26,[1 7],114,127,153,13,127
1,<environment.Job instance at 0x14bbee533230>,27,1,[1 6],41,150,151,109,150
1,<environment.Job instance at 0x14bbee880cd0>,86,2,[9 2],123,150,152,27,150
1,<environment.Job instance at 0x14bbee880730>,82,14,[8 1],118,152,166,34,150
1,<environment.Job instance at 0x14bbf2605b90>,88,1,[1 8],125,153,154,28,150
1,<environment.Job instance at 0x14bbf2605280>,89,1,[8 1],126,166,167,40,150
1,<environment.Job instance at 0x14bbf2605a50>,90,15,[1 6],127,163,178,36,163
1,<environment.Job instance at 0x14bbee880d20>,85,3,[ 1 13],122,178,181,56,165
1,<environment.Job instance at 0x14bbf2605960>,93,18,[5 2],133,165,183,32,165
1,<environment.Job instance at 0x14bbf2605910>,91,15,[9 1],128,181,196,53,167
1,<environment.Job instance at 0x14bbfe987be0>,109,1,[2 8],152,183,184,31,167
1,<environment.Job instance at 0x14bbfe987d70>,110,1,[2 7],153,167,168,14,167
1,<environment.Job instance at 0x14bbfe9876e0>,111,1,[2 9],154,184,185,30,167
1,<environment.Job instance at 0x14bbf1c27f00>,116,3,[13  1],160,196,199,36,187
1,<environment.Job instance at 0x14bbf1c275f0>,118,1,[2 6],163,187,188,24,187
1,<environment.Job instance at 0x14bbf1c27f50>,120,27,[8 1],165,199,226,34,199
1,<environment.Job instance at 0x14bbee7fa1e0>,124,2,[8 2],170,226,228,56,199
1,<environment.Job instance at 0x14bbee70bcd0>,125,1,[9 2],172,228,229,56,203
1,<environment.Job instance at 0x14bbf26db0a0>,126,1,[7 2],173,212,213,39,212
1,<environment.Job instance at 0x14bbfcff15a0>,129,12,[5 1],178,232,244,54,232
1,<environment.Job instance at 0x14bbf2a94aa0>,131,14,[1 7],180,237,251,57,237
1,<environment.Job instance at 0x14bbf2a94370>,132,2,[2 8],183,244,246,61,240
1,<environment.Job instance at 0x14bbfcf08f00>,133,3,[7 2],184,246,249,62,243
1,<environment.Job instance at 0x14bbfcf087d0>,134,2,[1 7],185,249,251,64,243
1,<environment.Job instance at 0x14bbfcf08780>,135,1,[2 6],186,243,244,57,243
1,<environment.Job instance at 0x14bbee533aa0>,136,22,[5 2],189,251,273,62,248
1,<environment.Job instance at 0x14bbee7fa410>,123,3,[ 1 14],169,1139,1142,970,1139
1,<environment.Job instance at 0x14bbf2a9ba50>,1,27,[10  2],4,4,31,0,4
1,<environment.Job instance at 0x14bbeedb59b0>,9,1,[11  2],13,31,32,18,25
1,<environment.Job instance at 0x14bbee967870>,12,2,[8 2],16,32,34,16,25
1,<environment.Job instance at 0x14bbee967370>,18,3,[6 1],24,32,35,8,25
1,<environment.Job instance at 0x14bbee967410>,19,2,[1 7],25,25,27,0,25
1,<environment.Job instance at 0x14bbfcf02050>,23,2,[2 9],33,34,36,1,34
1,<environment.Job instance at 0x14bbee3351e0>,25,15,[9 1],36,36,51,0,36
1,<environment.Job instance at 0x14bbfcf02f00>,24,13,[8 2],34,51,64,17,38
1,<environment.Job instance at 0x14bbee7315a0>,35,3,[1 9],47,58,61,11,58
1,<environment.Job instance at 0x14bbee731e10>,37,3,[5 2],49,60,63,11,60
1,<environment.Job instance at 0x14bbeea1b910>,33,16,[7 1],45,63,79,18,62
1,<environment.Job instance at 0x14bbee799f00>,46,2,[1 6],60,73,75,13,73
1,<environment.Job instance at 0x14bbee624b40>,51,17,[6 2],66,254,271,188,254
1,<environment.Job instance at 0x14bc449edb40>,60,16,[7 2],82,268,284,186,268
1,<environment.Job instance at 0x14bbee624640>,52,14,[ 1 14],68,284,298,216,284
1,<environment.Job instance at 0x14bbfcfb03c0>,64,13,[9 1],88,300,313,212,300
1,<environment.Job instance at 0x14bbfcfb0410>,69,3,[1 5],96,300,303,204,300
1,<environment.Job instance at 0x14bbfcfb08c0>,70,3,[10  1],99,313,316,214,300
1,<environment.Job instance at 0x14bbfcfb0aa0>,71,1,[1 7],100,300,301,200,300
1,<environment.Job instance at 0x14bbfcfb0910>,72,12,[6 2],103,316,328,213,301
1,<environment.Job instance at 0x14bbfcfb0c30>,73,22,[6 2],104,320,342,216,320
1,<environment.Job instance at 0x14bbfcfb0960>,74,3,[10  2],106,342,345,236,320
1,<environment.Job instance at 0x14bbfcfb0370>,75,1,[ 1 13],107,328,329,221,320
1,<environment.Job instance at 0x14bbfcfb0500>,76,13,[9 1],108,345,358,237,336
1,<environment.Job instance at 0x14bbfcfb0690>,77,20,[8 1],109,362,382,253,362
1,<environment.Job instance at 0x14bbfcfb0be0>,78,2,[2 9],111,362,364,251,362
1,<environment.Job instance at 0x14bbfcfb0eb0>,79,3,[1 8],113,364,367,251,363
1,<environment.Job instance at 0x14bbfcfb0050>,80,14,[5 1],114,363,377,249,363
1,<environment.Job instance at 0x14bbfcfb0e10>,81,1,[2 5],115,367,368,252,363
1,<environment.Job instance at 0x14bbfcfb0870>,82,3,[1 8],116,368,371,252,363
1,<environment.Job instance at 0x14bbfcfb00a0>,83,27,[6 1],117,377,404,260,375
1,<environment.Job instance at 0x14bbfcfb0d20>,84,2,[ 1 10],118,375,377,257,375
1,<environment.Job instance at 0x14bbfcfb0dc0>,85,3,[6 2],120,382,385,262,375
1,<environment.Job instance at 0x14bbfcfb07d0>,86,14,[2 5],123,382,396,259,378
1,<environment.Job instance at 0x14bbf1a30140>,87,2,[7 2],125,385,387,260,383
1,<environment.Job instance at 0x14bbf1a303c0>,88,12,[8 1],126,396,408,270,390
1,<environment.Job instance at 0x14bbf1a30b90>,89,1,[6 2],127,390,391,263,390
1,<environment.Job instance at 0x14bbf1a306e0>,90,1,[9 2],128,408,409,280,390
1,<environment.Job instance at 0x14bbf1a30fa0>,91,3,[9 1],129,409,412,280,391
1,<environment.Job instance at 0x14bbf1a300a0>,92,17,[1 9],132,394,411,262,394
1,<environment.Job instance at 0x14bbf1a30f00>,95,16,[10  2],135,416,432,281,416
1,<environment.Job instance at 0x14bbf1a30d20>,96,3,[5 2],137,416,419,279,416
1,<environment.Job instance at 0x14bbf1a308c0>,97,2,[8 1],140,432,434,292,416
1,<environment.Job instance at 0x14bbf1a30870>,98,1,[8 1],142,434,435,292,416
1,<environment.Job instance at 0x14bbf1a30e10>,99,1,[12  1],144,435,436,291,416
1,<environment.Job instance at 0x14bbf1a307d0>,100,14,[1 5],145,419,433,274,416
1,<environment.Job instance at 0x14bbf1a30dc0>,101,2,[2 6],147,419,421,272,416
1,<environment.Job instance at 0x14bbf1a309b0>,102,3,[2 6],149,421,424,272,416
1,<environment.Job instance at 0x14bbf1a30320>,103,1,[2 8],150,424,425,274,417
1,<environment.Job instance at 0x14bbf1a302d0>,105,3,[10  2],153,436,439,283,419
1,<environment.Job instance at 0x14bbf1a30b40>,106,14,[5 2],155,436,450,281,432
1,<environment.Job instance at 0x14bbf1a30050>,107,1,[2 8],158,432,433,274,432
1,<environment.Job instance at 0x14bbf1a30280>,108,3,[10  1],162,439,442,277,432
1,<environment.Job instance at 0x14bbf1a30eb0>,109,3,[5 1],163,442,445,279,432
1,<environment.Job instance at 0x14bbf1a30460>,110,21,[ 1 10],164,442,463,278,434
1,<environment.Job instance at 0x14bbeea75230>,111,1,[9 2],165,445,446,280,435
1,<environment.Job instance at 0x14bbeea75e60>,117,2,[2 7],174,463,465,289,450
1,<environment.Job instance at 0x14bbeea75460>,120,1,[7 1],177,456,457,279,456
1,<environment.Job instance at 0x14bbeea75c30>,121,3,[1 6],179,463,466,284,457
1,<environment.Job instance at 0x14bbeea752d0>,122,2,[12  1],180,457,459,277,457
1,<environment.Job instance at 0x14bbeea75780>,124,2,[6 2],183,459,461,276,457
1,<environment.Job instance at 0x14bbeea75d70>,126,2,[2 6],185,465,467,280,457
1,<environment.Job instance at 0x14bbeea75b90>,128,3,[12  1],188,461,464,273,458
1,<environment.Job instance at 0x14bbfcfb0780>,68,3,[11  1],94,909,912,815,909
1,<environment.Job instance at 0x14bbee799460>,39,22,[2 9],52,909,931,857,909
