iteration,job object,job ID,job Length,job ressource requirement,job enter time,job start time,job finish time,job waiting time,current time
1,<environment.Job instance at 0x152ba3a2abe0>,3,2,[1 7],6,7,9,1,7
1,<environment.Job instance at 0x152baadd3e10>,5,3,[9 1],8,9,12,1,9
1,<environment.Job instance at 0x152ba3a50780>,8,13,[ 2 10],11,12,25,1,11
1,<environment.Job instance at 0x152ba3a50190>,9,2,[ 2 10],12,25,27,13,12
1,<environment.Job instance at 0x152baadd39b0>,4,2,[6 1],7,27,29,20,12
1,<environment.Job instance at 0x152ba3b60910>,1,13,[1 5],2,2,15,0,2
1,<environment.Job instance at 0x152ba2c16a00>,8,21,[7 1],12,12,33,0,12
1,<environment.Job instance at 0x152ba2c16730>,10,3,[2 6],14,15,18,1,14
1,<environment.Job instance at 0x152ba2c2ec80>,4,17,[1 7],7,27,44,20,27
1,<environment.Job instance at 0x152ba2c86370>,9,22,[8 2],13,33,55,20,27
1,<environment.Job instance at 0x152ba3a53140>,0,20,[ 1 10],2,3,23,1,3
1,<environment.Job instance at 0x152ba1af9be0>,3,3,[2 8],7,23,26,16,7
1,<environment.Job instance at 0x152ba1af93c0>,5,13,[1 6],9,26,39,17,11
1,<environment.Job instance at 0x152ba1970320>,2,2,[2 7],4,5,7,1,5
1,<environment.Job instance at 0x152ba065c050>,4,14,[2 5],6,7,21,1,6
1,<environment.Job instance at 0x152ba39a1690>,0,3,[10  2],2,21,24,19,6
1,<environment.Job instance at 0x152ba0675460>,0,15,[ 2 10],1,5,20,4,5
1,<environment.Job instance at 0x152ba41687d0>,3,2,[1 7],6,6,8,0,6
1,<environment.Job instance at 0x152ba4dc85f0>,4,2,[6 1],7,7,9,0,7
1,<environment.Job instance at 0x152ba4dc8aa0>,6,16,[2 7],9,9,25,0,9
1,<environment.Job instance at 0x152ba4dc8550>,7,3,[5 1],10,10,13,0,10
1,<environment.Job instance at 0x152ba4dc8e10>,8,13,[ 2 10],11,25,38,14,11
1,<environment.Job instance at 0x152ba4dc8c80>,9,2,[ 2 10],12,38,40,26,12
1,<environment.Job instance at 0x152b9ec6c280>,5,3,[6 1],8,8,11,0,8
1,<environment.Job instance at 0x152b9ec6c4b0>,6,1,[5 2],10,11,12,1,10
1,<environment.Job instance at 0x152b9ec6c5f0>,7,3,[8 1],11,12,15,1,11
1,<environment.Job instance at 0x152b9ec6c690>,8,21,[7 1],12,15,36,3,12
1,<environment.Job instance at 0x152b9ec6c1e0>,4,17,[1 7],7,100,117,93,100
1,<environment.Job instance at 0x152ba4dca410>,0,20,[ 1 10],2,5,25,3,5
1,<environment.Job instance at 0x152ba1f67f50>,9,2,[5 1],14,25,27,11,14
1,<environment.Job instance at 0x152ba1f67460>,7,3,[8 1],12,27,30,15,22
1,<environment.Job instance at 0x152b9ec6e370>,5,13,[1 6],9,25,38,16,23
1,<environment.Job instance at 0x152ba1f67280>,8,16,[9 1],13,30,46,17,24
1,<environment.Job instance at 0x152ba0c8c0a0>,3,2,[8 2],5,6,8,1,6
1,<environment.Job instance at 0x152ba0c8c8c0>,2,2,[2 7],4,6,8,2,6
1,<environment.Job instance at 0x152ba13e9c30>,5,1,[8 1],8,8,9,0,8
1,<environment.Job instance at 0x152ba12e1780>,7,3,[1 6],10,10,13,0,10
1,<environment.Job instance at 0x152ba13e9500>,4,14,[2 5],6,13,27,7,11
1,<environment.Job instance at 0x152ba12e1870>,11,1,[1 7],14,27,28,13,14
1,<environment.Job instance at 0x152ba4ec7140>,1,1,[ 1 10],7,7,8,0,7
1,<environment.Job instance at 0x152ba12d9d20>,0,15,[ 2 10],1,8,23,7,8
1,<environment.Job instance at 0x152ba2dbe780>,4,1,[8 1],10,23,24,13,11
1,<environment.Job instance at 0x152ba2d9edc0>,5,1,[7 2],12,24,25,12,15
1,<environment.Job instance at 0x152ba2dbe0a0>,6,2,[10  1],14,25,27,11,19
1,<environment.Job instance at 0x152ba2925eb0>,2,18,[ 1 10],5,5,23,0,5
1,<environment.Job instance at 0x152b9fbf4230>,5,3,[9 1],8,23,26,15,8
1,<environment.Job instance at 0x152b9fbf4eb0>,7,3,[5 1],10,26,29,16,11
1,<environment.Job instance at 0x152b9fbc3b90>,9,2,[ 2 10],12,29,31,17,15
1,<environment.Job instance at 0x152b9fbc3730>,10,3,[7 2],14,31,34,17,21
1,<environment.Job instance at 0x152ba1de20a0>,2,1,[1 7],3,5,6,2,5
1,<environment.Job instance at 0x152ba067d820>,3,14,[6 2],5,6,20,1,6
1,<environment.Job instance at 0x152b9f32ff50>,6,1,[5 2],10,20,21,10,10
1,<environment.Job instance at 0x152b9ef71460>,7,3,[8 1],11,21,24,10,11
1,<environment.Job instance at 0x152b9f32f410>,5,3,[6 1],8,24,27,16,19
1,<environment.Job instance at 0x152b9ef71780>,9,22,[8 2],13,134,156,121,134
1,<environment.Job instance at 0x152b9ef9e1e0>,2,3,[9 1],6,7,10,1,7
1,<environment.Job instance at 0x152ba0a32460>,4,2,[1 9],8,9,11,1,9
1,<environment.Job instance at 0x152ba0a32870>,6,3,[1 8],11,12,15,1,12
1,<environment.Job instance at 0x152ba0a93a50>,7,3,[8 1],12,12,15,0,12
1,<environment.Job instance at 0x152ba0a93cd0>,9,2,[5 1],14,15,17,1,14
1,<environment.Job instance at 0x152ba0a32230>,8,16,[9 1],13,30,46,17,30
1,<environment.Job instance at 0x152ba1d145a0>,0,3,[10  2],2,3,6,1,3
1,<environment.Job instance at 0x152b9da7dcd0>,3,2,[8 2],5,6,8,1,5
1,<environment.Job instance at 0x152b9da7dd70>,7,3,[1 6],10,11,14,1,11
1,<environment.Job instance at 0x152b9da7df50>,6,1,[ 1 10],9,14,15,5,12
1,<environment.Job instance at 0x152ba0a32d70>,4,14,[2 5],6,15,29,9,14
1,<environment.Job instance at 0x152b9da7df00>,5,1,[8 1],8,16,17,8,16
1,<environment.Job instance at 0x152ba069a910>,2,1,[1 8],8,10,11,2,10
1,<environment.Job instance at 0x152ba069ab40>,3,16,[10  1],9,132,148,123,132
1,<environment.Job instance at 0x152babe38eb0>,2,18,[ 1 10],5,9,27,4,9
1,<environment.Job instance at 0x152ba1f79f00>,7,3,[5 1],10,27,30,17,10
1,<environment.Job instance at 0x152ba1f5dd70>,9,2,[ 2 10],12,30,32,18,12
1,<environment.Job instance at 0x152ba1f5d1e0>,10,3,[7 2],14,32,35,18,15
1,<environment.Job instance at 0x152ba518dc30>,2,1,[1 7],3,5,6,2,5
1,<environment.Job instance at 0x152ba0a8c500>,3,14,[6 2],5,8,22,3,8
1,<environment.Job instance at 0x152b9ed792d0>,6,1,[5 2],10,22,23,12,10
1,<environment.Job instance at 0x152b9ed799b0>,7,3,[8 1],11,23,26,12,11
1,<environment.Job instance at 0x152b9ed79e10>,5,3,[6 1],8,26,29,18,14
1,<environment.Job instance at 0x152ba0a8cd70>,4,17,[1 7],7,133,150,126,133
1,<environment.Job instance at 0x152ba47c8730>,3,3,[2 8],7,7,10,0,7
1,<environment.Job instance at 0x152ba3c59a50>,4,2,[1 9],8,10,12,2,9
1,<environment.Job instance at 0x152ba2fda1e0>,6,3,[1 8],11,12,15,1,12
1,<environment.Job instance at 0x152ba3c59320>,7,3,[8 1],12,12,15,0,12
1,<environment.Job instance at 0x152ba2fb25f0>,8,16,[9 1],13,115,131,102,115
1,<environment.Job instance at 0x152bacfcf5f0>,0,20,[ 1 10],2,134,154,132,134
1,<environment.Job instance at 0x152b9dd65c30>,3,2,[8 2],5,6,8,1,6
1,<environment.Job instance at 0x152b9f7c28c0>,6,1,[ 1 10],9,9,10,0,9
1,<environment.Job instance at 0x152b9f7c2050>,4,14,[2 5],6,14,28,8,14
1,<environment.Job instance at 0x152b9f374cd0>,0,15,[ 2 10],1,3,18,2,3
1,<environment.Job instance at 0x152b9f2afaa0>,3,16,[10  1],9,77,93,68,77
1,<environment.Job instance at 0x152ba25ee780>,2,18,[ 1 10],5,5,23,0,5
1,<environment.Job instance at 0x152ba2557a00>,10,3,[7 2],14,23,26,9,16
1,<environment.Job instance at 0x152ba25ee640>,1,2,[2 5],4,23,25,19,16
1,<environment.Job instance at 0x152ba25ee0f0>,0,17,[ 1 10],3,44,61,41,44
1,<environment.Job instance at 0x152b9f3668c0>,2,1,[1 7],3,3,4,0,3
1,<environment.Job instance at 0x152ba42f7050>,5,3,[6 1],8,12,15,4,12
1,<environment.Job instance at 0x152b9f974190>,8,21,[7 1],12,15,36,3,13
1,<environment.Job instance at 0x152b9f6dfaa0>,6,1,[5 2],10,36,37,26,29
1,<environment.Job instance at 0x152ba264bb90>,7,3,[8 1],12,12,15,0,12
1,<environment.Job instance at 0x152ba18d8460>,5,13,[1 6],9,13,26,4,13
1,<environment.Job instance at 0x152ba18d8b90>,3,3,[2 8],7,26,29,19,19
1,<environment.Job instance at 0x152ba264b960>,8,16,[9 1],13,37,53,24,37
1,<environment.Job instance at 0x152b9dc7f9b0>,0,20,[ 1 10],2,56,76,54,56
1,<environment.Job instance at 0x152ba18d8be0>,4,14,[2 5],6,7,21,1,7
1,<environment.Job instance at 0x152ba18d8640>,6,1,[ 1 10],9,21,22,12,9
1,<environment.Job instance at 0x152ba5a85870>,9,1,[2 9],12,22,23,10,12
1,<environment.Job instance at 0x152ba5c84730>,0,15,[ 2 10],1,3,18,2,3
1,<environment.Job instance at 0x152ba5624730>,3,2,[1 7],6,9,11,3,9
1,<environment.Job instance at 0x152b9f757eb0>,7,3,[5 1],10,10,13,0,10
1,<environment.Job instance at 0x152b9f5092d0>,2,18,[ 1 10],5,13,31,8,10
1,<environment.Job instance at 0x152b9f577050>,2,1,[1 7],3,5,6,2,5
1,<environment.Job instance at 0x152b9e8911e0>,4,17,[1 7],7,7,24,0,7
1,<environment.Job instance at 0x152b9e891fa0>,5,3,[6 1],8,8,11,0,8
1,<environment.Job instance at 0x152b9e8912d0>,6,1,[5 2],10,11,12,1,10
1,<environment.Job instance at 0x152b9e891550>,7,3,[8 1],11,12,15,1,11
1,<environment.Job instance at 0x152b9e891410>,10,3,[2 6],14,24,27,10,18
1,<environment.Job instance at 0x152b9eeddeb0>,1,1,[6 1],4,5,6,1,5
1,<environment.Job instance at 0x152b9e891320>,2,3,[9 1],6,8,11,2,8
1,<environment.Job instance at 0x152ba3394aa0>,4,2,[1 9],8,11,13,3,11
1,<environment.Job instance at 0x152b9e891230>,3,3,[2 8],7,13,16,6,11
1,<environment.Job instance at 0x152ba3394dc0>,9,2,[5 1],14,15,17,1,15
1,<environment.Job instance at 0x152ba3394780>,8,16,[9 1],13,17,33,4,17
1,<environment.Job instance at 0x152ba33946e0>,5,13,[1 6],9,34,47,25,34
1,<environment.Job instance at 0x152ba0c2fa50>,5,1,[8 1],8,8,9,0,8
1,<environment.Job instance at 0x152b9e02e140>,6,1,[ 1 10],9,9,10,0,9
1,<environment.Job instance at 0x152b9e02e730>,8,2,[2 8],11,11,13,0,11
1,<environment.Job instance at 0x152ba0c4c2d0>,10,2,[2 5],13,13,15,0,13
1,<environment.Job instance at 0x152ba0c4ccd0>,11,1,[1 7],14,15,16,1,14
1,<environment.Job instance at 0x152ba3795640>,1,1,[ 1 10],7,7,8,0,7
1,<environment.Job instance at 0x152ba162ed70>,2,1,[1 8],8,8,9,0,8
1,<environment.Job instance at 0x152ba1c9ee10>,0,15,[ 2 10],1,12,27,11,12
1,<environment.Job instance at 0x152ba162e460>,4,1,[8 1],10,27,28,17,16
1,<environment.Job instance at 0x152ba302f190>,1,2,[2 5],4,5,7,1,5
1,<environment.Job instance at 0x152baaaad4b0>,2,18,[ 1 10],5,7,25,2,7
1,<environment.Job instance at 0x152baaa25e10>,8,13,[ 2 10],11,25,38,14,11
1,<environment.Job instance at 0x152ba0fac320>,6,16,[2 7],9,44,60,35,44
1,<environment.Job instance at 0x152b9e296eb0>,5,3,[6 1],8,8,11,0,8
1,<environment.Job instance at 0x152ba02fe230>,6,1,[5 2],10,11,12,1,10
1,<environment.Job instance at 0x152ba02febe0>,7,3,[8 1],11,12,15,1,11
1,<environment.Job instance at 0x152b9f804eb0>,8,21,[7 1],12,15,36,3,12
1,<environment.Job instance at 0x152b9eb8bdc0>,1,1,[6 1],4,6,7,2,6
1,<environment.Job instance at 0x152b9eb13aa0>,3,3,[2 8],7,7,10,0,7
1,<environment.Job instance at 0x152ba01e9050>,4,2,[1 9],8,10,12,2,8
1,<environment.Job instance at 0x152b9fda1d20>,0,20,[ 1 10],2,12,32,10,9
1,<environment.Job instance at 0x152ba5993190>,2,3,[9 1],6,32,35,26,13
1,<environment.Job instance at 0x152baae61c80>,9,2,[5 1],14,35,37,21,14
1,<environment.Job instance at 0x152ba274bdc0>,1,3,[1 6],3,5,8,2,5
1,<environment.Job instance at 0x152ba274b8c0>,6,1,[ 1 10],9,9,10,0,9
1,<environment.Job instance at 0x152ba3289190>,9,1,[2 9],12,12,13,0,12
1,<environment.Job instance at 0x152ba1ab55a0>,10,2,[2 5],13,13,15,0,13
1,<environment.Job instance at 0x152ba0d5d780>,0,15,[ 2 10],1,5,20,4,5
1,<environment.Job instance at 0x152ba2c497d0>,1,2,[2 5],4,5,7,1,5
1,<environment.Job instance at 0x152ba2c49280>,2,18,[ 1 10],5,7,25,2,5
1,<environment.Job instance at 0x152ba2c49820>,3,2,[1 7],6,25,27,19,7
1,<environment.Job instance at 0x152ba2c495a0>,4,2,[6 1],7,25,27,18,9
1,<environment.Job instance at 0x152ba3788d70>,7,3,[5 1],10,27,30,17,10
1,<environment.Job instance at 0x152ba5ba59b0>,8,13,[ 2 10],11,30,43,19,15
1,<environment.Job instance at 0x152b9f205370>,9,2,[ 2 10],12,43,45,31,38
1,<environment.Job instance at 0x152ba206d320>,4,17,[1 7],7,7,24,0,7
1,<environment.Job instance at 0x152b9f3bd820>,5,3,[6 1],8,8,11,0,8
1,<environment.Job instance at 0x152b9f3bdf00>,6,1,[5 2],10,11,12,1,10
1,<environment.Job instance at 0x152ba5b92fa0>,7,3,[8 1],11,12,15,1,11
1,<environment.Job instance at 0x152ba0fa8eb0>,1,13,[1 5],2,24,37,22,13
1,<environment.Job instance at 0x152ba5bb3fa0>,10,3,[2 6],14,37,40,23,14
1,<environment.Job instance at 0x152ba5bb3d70>,9,22,[8 2],13,130,152,117,130
1,<environment.Job instance at 0x152ba5b894b0>,1,1,[6 1],4,4,5,0,4
1,<environment.Job instance at 0x152b9e836f00>,2,3,[9 1],6,7,10,1,7
1,<environment.Job instance at 0x152ba47910a0>,4,2,[1 9],8,8,10,0,8
1,<environment.Job instance at 0x152ba4791be0>,6,3,[1 8],11,11,14,0,11
1,<environment.Job instance at 0x152ba47913c0>,7,3,[8 1],12,12,15,0,12
1,<environment.Job instance at 0x152ba47916e0>,3,3,[2 8],7,14,17,7,13
1,<environment.Job instance at 0x152ba0440f00>,1,3,[1 6],3,4,7,1,4
1,<environment.Job instance at 0x152ba47914b0>,5,1,[8 1],8,9,10,1,9
1,<environment.Job instance at 0x152b9f52e4b0>,4,14,[2 5],6,31,45,25,31
1,<environment.Job instance at 0x152b9f52ee10>,6,1,[ 1 10],9,45,46,36,35
1,<environment.Job instance at 0x152b9e417140>,0,15,[ 2 10],1,5,20,4,5
1,<environment.Job instance at 0x152ba3d39e60>,1,2,[2 5],4,5,7,1,5
1,<environment.Job instance at 0x152b9f8ca320>,2,18,[ 1 10],5,7,25,2,5
1,<environment.Job instance at 0x152ba3d395a0>,4,2,[6 1],7,25,27,18,7
1,<environment.Job instance at 0x152ba51ee230>,7,3,[5 1],10,27,30,17,10
1,<environment.Job instance at 0x152ba51ee2d0>,6,16,[2 7],9,25,41,16,12
1,<environment.Job instance at 0x152ba51ee190>,9,2,[ 2 10],12,41,43,29,14
1,<environment.Job instance at 0x152b9fcf27d0>,3,14,[6 2],5,5,19,0,5
1,<environment.Job instance at 0x152b9fcf2fa0>,4,17,[1 7],7,8,25,1,8
1,<environment.Job instance at 0x152ba473d550>,10,3,[2 6],14,36,39,22,36
1,<environment.Job instance at 0x152ba473d1e0>,8,21,[7 1],12,40,61,28,40
1,<environment.Job instance at 0x152ba473d9b0>,0,20,[ 1 10],2,4,24,2,4
1,<environment.Job instance at 0x152ba12ff780>,1,1,[6 1],4,24,25,20,6
1,<environment.Job instance at 0x152ba119ff50>,5,13,[1 6],9,24,37,15,10
1,<environment.Job instance at 0x152ba12ff1e0>,3,3,[2 8],7,37,40,30,13
1,<environment.Job instance at 0x152b9f3200a0>,9,2,[5 1],14,25,27,11,17
1,<environment.Job instance at 0x152ba119f0a0>,8,16,[9 1],13,44,60,31,44
1,<environment.Job instance at 0x152b9fcf26e0>,1,3,[1 6],3,5,8,2,5
1,<environment.Job instance at 0x152ba417a0f0>,5,1,[8 1],8,9,10,1,9
1,<environment.Job instance at 0x152ba417a870>,7,3,[1 6],10,10,13,0,10
1,<environment.Job instance at 0x152ba2665190>,8,2,[2 8],11,13,15,2,12
1,<environment.Job instance at 0x152b9f6c3500>,10,2,[2 5],13,15,17,2,13
1,<environment.Job instance at 0x152ba256e2d0>,11,1,[1 7],14,19,20,5,19
1,<environment.Job instance at 0x152b9f808460>,0,3,[10  2],2,27,30,25,27
1,<environment.Job instance at 0x152ba3f9c640>,0,15,[ 2 10],1,3,18,2,3
1,<environment.Job instance at 0x152ba54becd0>,2,1,[1 8],8,18,19,10,12
1,<environment.Job instance at 0x152ba5e0a370>,6,2,[10  1],14,19,21,5,16
1,<environment.Job instance at 0x152ba1db7eb0>,3,16,[10  1],9,21,37,12,17
1,<environment.Job instance at 0x152ba11c4c30>,3,2,[1 7],6,6,8,0,6
1,<environment.Job instance at 0x152b9dca8500>,6,16,[2 7],9,11,27,2,11
1,<environment.Job instance at 0x152ba195f230>,9,2,[ 2 10],12,27,29,15,12
1,<environment.Job instance at 0x152ba195fa50>,10,3,[7 2],14,14,17,0,14
1,<environment.Job instance at 0x152baaa09b90>,8,13,[ 2 10],11,29,42,18,29
1,<environment.Job instance at 0x152ba11c47d0>,2,1,[1 7],3,5,6,2,5
1,<environment.Job instance at 0x152ba7cdee60>,4,17,[1 7],7,7,24,0,7
1,<environment.Job instance at 0x152ba1d60320>,5,3,[6 1],8,8,11,0,8
1,<environment.Job instance at 0x152ba1d60f50>,6,1,[5 2],10,11,12,1,10
1,<environment.Job instance at 0x152ba2c49be0>,7,3,[8 1],11,12,15,1,11
1,<environment.Job instance at 0x152ba2c49e10>,8,21,[7 1],12,15,36,3,12
1,<environment.Job instance at 0x152ba2c49280>,9,22,[8 2],13,184,206,171,184
1,<environment.Job instance at 0x152b9eff0cd0>,3,3,[2 8],7,7,10,0,7
1,<environment.Job instance at 0x152ba284d550>,2,3,[9 1],6,10,13,4,7
1,<environment.Job instance at 0x152b9eff0a50>,4,2,[1 9],8,10,12,2,8
1,<environment.Job instance at 0x152ba222aa50>,6,3,[1 8],11,12,15,1,11
1,<environment.Job instance at 0x152b9fdc8a00>,7,3,[8 1],12,13,16,1,12
1,<environment.Job instance at 0x152ba017d460>,8,16,[9 1],13,80,96,67,80
1,<environment.Job instance at 0x152ba19cc2d0>,5,1,[8 1],8,8,9,0,8
1,<environment.Job instance at 0x152ba5af25f0>,4,14,[2 5],6,9,23,3,9
1,<environment.Job instance at 0x152ba1bf8af0>,10,2,[2 5],13,13,15,0,13
1,<environment.Job instance at 0x152b9f164f00>,0,15,[ 2 10],1,3,18,2,3
1,<environment.Job instance at 0x152b9f1df140>,1,2,[2 5],4,5,7,1,5
1,<environment.Job instance at 0x152b9f1df190>,2,18,[ 1 10],5,7,25,2,5
1,<environment.Job instance at 0x152b9f7e3be0>,4,2,[6 1],7,25,27,18,7
1,<environment.Job instance at 0x152ba26df190>,7,3,[5 1],10,27,30,17,10
1,<environment.Job instance at 0x152b9de6a3c0>,5,3,[9 1],8,30,33,22,11
1,<environment.Job instance at 0x152ba51fd410>,9,2,[ 2 10],12,33,35,21,12
1,<environment.Job instance at 0x152ba26dfe10>,10,3,[7 2],14,35,38,21,15
1,<environment.Job instance at 0x152b9f7e3b90>,6,16,[2 7],9,35,51,26,22
1,<environment.Job instance at 0x152b9e25eaf0>,5,3,[6 1],8,8,11,0,8
1,<environment.Job instance at 0x152b9e25e690>,6,1,[5 2],10,11,12,1,10
1,<environment.Job instance at 0x152b9e25e230>,7,3,[8 1],11,12,15,1,11
1,<environment.Job instance at 0x152b9e25e820>,8,21,[7 1],12,15,36,3,12
1,<environment.Job instance at 0x152b9e25e4b0>,10,3,[2 6],14,21,24,7,21
1,<environment.Job instance at 0x152b9e25ea00>,9,22,[8 2],13,184,206,171,184
1,<environment.Job instance at 0x152b9ea27e10>,1,1,[6 1],4,4,5,0,4
1,<environment.Job instance at 0x152ba5138f00>,4,2,[1 9],8,12,14,4,12
1,<environment.Job instance at 0x152ba51381e0>,5,13,[1 6],9,14,27,5,14
1,<environment.Job instance at 0x152b9e496870>,9,2,[5 1],14,14,16,0,14
1,<environment.Job instance at 0x152ba5138320>,8,16,[9 1],13,46,62,33,46
1,<environment.Job instance at 0x152b9fa1c780>,1,3,[1 6],3,3,6,0,3
1,<environment.Job instance at 0x152b9fa1c640>,2,2,[2 7],4,6,8,2,5
1,<environment.Job instance at 0x152baabb4c80>,4,14,[2 5],6,8,22,2,7
1,<environment.Job instance at 0x152baabb4230>,8,2,[2 8],11,22,24,11,11
1,<environment.Job instance at 0x152baab983c0>,2,1,[1 8],8,9,10,1,9
1,<environment.Job instance at 0x152ba08eb190>,5,1,[7 2],12,12,13,0,12
1,<environment.Job instance at 0x152baab98a00>,3,16,[10  1],9,13,29,4,12
1,<environment.Job instance at 0x152ba22f5f00>,0,15,[ 2 10],1,32,47,31,32
1,<environment.Job instance at 0x152b9f4daeb0>,2,18,[ 1 10],5,5,23,0,5
1,<environment.Job instance at 0x152b9f4da4b0>,4,2,[6 1],7,23,25,16,7
1,<environment.Job instance at 0x152b9f4da280>,1,2,[2 5],4,23,25,19,9
1,<environment.Job instance at 0x152ba4efdb40>,5,3,[9 1],8,25,28,17,9
1,<environment.Job instance at 0x152ba1886eb0>,7,3,[5 1],10,28,31,18,10
1,<environment.Job instance at 0x152b9f4daf50>,9,2,[ 2 10],12,31,33,19,12
1,<environment.Job instance at 0x152baa644050>,2,1,[1 7],3,5,6,2,5
1,<environment.Job instance at 0x152ba284dd70>,4,17,[1 7],7,7,24,0,7
1,<environment.Job instance at 0x152b9df3dcd0>,5,3,[6 1],8,8,11,0,8
1,<environment.Job instance at 0x152ba5096410>,6,1,[5 2],10,11,12,1,10
1,<environment.Job instance at 0x152baa6bfeb0>,7,3,[8 1],11,12,15,1,11
1,<environment.Job instance at 0x152ba27dd460>,8,21,[7 1],12,15,36,3,12
1,<environment.Job instance at 0x152ba2592500>,3,3,[2 8],7,7,10,0,7
1,<environment.Job instance at 0x152ba7b04370>,6,3,[1 8],11,11,14,0,11
1,<environment.Job instance at 0x152ba7b041e0>,7,3,[8 1],12,12,15,0,12
1,<environment.Job instance at 0x152ba7b652d0>,2,2,[2 7],4,4,6,0,4
1,<environment.Job instance at 0x152ba7aa4e10>,3,2,[8 2],5,5,7,0,5
1,<environment.Job instance at 0x152ba75eb460>,6,1,[ 1 10],9,9,10,0,9
1,<environment.Job instance at 0x152ba7aa44b0>,4,14,[2 5],6,11,25,5,11
1,<environment.Job instance at 0x152b9f367c80>,1,1,[ 1 10],7,8,9,1,8
1,<environment.Job instance at 0x152ba1731320>,4,1,[8 1],10,10,11,0,10
1,<environment.Job instance at 0x152b9dc7a0a0>,5,1,[7 2],12,12,13,0,12
1,<environment.Job instance at 0x152b9f367be0>,0,15,[ 2 10],1,13,28,12,12
1,<environment.Job instance at 0x152ba3554f50>,2,18,[ 1 10],5,5,23,0,5
1,<environment.Job instance at 0x152ba327d730>,6,16,[2 7],9,23,39,14,11
1,<environment.Job instance at 0x152ba3554d70>,5,3,[9 1],8,39,42,31,28
1,<environment.Job instance at 0x152ba223d730>,4,17,[1 7],7,7,24,0,7
1,<environment.Job instance at 0x152ba223df50>,5,3,[6 1],8,8,11,0,8
1,<environment.Job instance at 0x152ba223d4b0>,6,1,[5 2],10,11,12,1,10
1,<environment.Job instance at 0x152ba223d6e0>,7,3,[8 1],11,12,15,1,11
1,<environment.Job instance at 0x152ba223daa0>,10,3,[2 6],14,24,27,10,14
1,<environment.Job instance at 0x152b9e09ba00>,3,14,[6 2],5,27,41,22,27
1,<environment.Job instance at 0x152ba98655f0>,2,3,[9 1],6,6,9,0,6
1,<environment.Job instance at 0x152ba98b8140>,4,2,[1 9],8,8,10,0,8
1,<environment.Job instance at 0x152ba98675f0>,7,3,[8 1],12,12,15,0,12
1,<environment.Job instance at 0x152ba98675a0>,9,2,[5 1],14,15,17,1,14
1,<environment.Job instance at 0x152ba9867dc0>,3,2,[8 2],5,5,7,0,5
1,<environment.Job instance at 0x152ba9831f50>,6,1,[ 1 10],9,10,11,1,10
1,<environment.Job instance at 0x152baac3e960>,8,2,[2 8],11,11,13,0,11
1,<environment.Job instance at 0x152baac3e730>,9,1,[2 9],12,15,16,3,15
1,<environment.Job instance at 0x152ba4296cd0>,5,1,[8 1],8,24,25,16,24
1,<environment.Job instance at 0x152ba599f500>,0,15,[ 2 10],1,5,20,4,5
1,<environment.Job instance at 0x152baa686820>,3,2,[1 7],6,6,8,0,6
1,<environment.Job instance at 0x152b9f12d320>,7,3,[5 1],10,10,13,0,10
1,<environment.Job instance at 0x152b9fa31230>,9,2,[ 2 10],12,15,17,3,15
1,<environment.Job instance at 0x152b9f12daa0>,8,13,[ 2 10],11,17,30,6,15
1,<environment.Job instance at 0x152ba4fc05f0>,4,17,[1 7],7,7,24,0,7
1,<environment.Job instance at 0x152ba4fc0730>,5,3,[6 1],8,8,11,0,8
1,<environment.Job instance at 0x152ba4fc01e0>,6,1,[5 2],10,11,12,1,10
1,<environment.Job instance at 0x152ba4fc09b0>,7,3,[8 1],11,12,15,1,11
1,<environment.Job instance at 0x152ba50084b0>,3,3,[2 8],7,7,10,0,7
1,<environment.Job instance at 0x152ba01608c0>,4,2,[1 9],8,10,12,2,8
1,<environment.Job instance at 0x152ba01609b0>,6,3,[1 8],11,12,15,1,11
1,<environment.Job instance at 0x152ba0160820>,9,2,[5 1],14,14,16,0,14
1,<environment.Job instance at 0x152ba0ae0780>,8,16,[9 1],13,19,35,6,19
1,<environment.Job instance at 0x152baa6e4af0>,1,3,[1 6],3,5,8,2,5
1,<environment.Job instance at 0x152ba3703280>,6,1,[ 1 10],9,9,10,0,9
1,<environment.Job instance at 0x152ba37032d0>,8,2,[2 8],11,11,13,0,11
1,<environment.Job instance at 0x152b9e45e280>,9,1,[2 9],12,13,14,1,12
1,<environment.Job instance at 0x152babdb9aa0>,11,1,[1 7],14,16,17,2,16
1,<environment.Job instance at 0x152ba2e450a0>,0,15,[ 2 10],1,8,23,7,8
1,<environment.Job instance at 0x152ba5817e10>,2,1,[1 8],8,23,24,15,9
1,<environment.Job instance at 0x152ba5817be0>,5,1,[7 2],12,23,24,11,12
1,<environment.Job instance at 0x152ba5817af0>,3,16,[10  1],9,24,40,15,15
1,<environment.Job instance at 0x152ba7a5d5f0>,6,2,[10  1],14,40,42,26,20
1,<environment.Job instance at 0x152ba9d2c280>,3,2,[1 7],6,6,8,0,6
1,<environment.Job instance at 0x152ba0769050>,4,2,[6 1],7,7,9,0,7
1,<environment.Job instance at 0x152ba0769d70>,5,3,[9 1],8,9,12,1,8
1,<environment.Job instance at 0x152ba0769230>,6,16,[2 7],9,12,28,3,9
1,<environment.Job instance at 0x152baa8c7cd0>,7,3,[5 1],10,12,15,2,10
1,<environment.Job instance at 0x152ba0769320>,9,2,[ 2 10],12,28,30,16,15
1,<environment.Job instance at 0x152baa8c7910>,8,13,[ 2 10],11,44,57,33,44
1,<environment.Job instance at 0x152ba08953c0>,2,1,[1 7],3,3,4,0,3
1,<environment.Job instance at 0x152ba7ca02d0>,3,14,[6 2],5,7,21,2,7
1,<environment.Job instance at 0x152b9f877d70>,5,3,[6 1],8,21,24,13,8
1,<environment.Job instance at 0x152b9f877960>,6,1,[5 2],10,24,25,14,10
1,<environment.Job instance at 0x152ba514f820>,7,3,[8 1],11,25,28,14,11
1,<environment.Job instance at 0x152ba514faa0>,9,22,[8 2],13,135,157,122,135
1,<environment.Job instance at 0x152ba514f640>,8,21,[7 1],12,289,310,277,289
1,<environment.Job instance at 0x152baad1ecd0>,1,1,[6 1],4,4,5,0,4
1,<environment.Job instance at 0x152ba4187e10>,0,20,[ 1 10],2,5,25,3,5
1,<environment.Job instance at 0x152baac3a8c0>,6,3,[1 8],11,25,28,14,11
1,<environment.Job instance at 0x152ba0a3fc30>,7,3,[8 1],12,25,28,13,12
1,<environment.Job instance at 0x152ba3c4e280>,1,3,[1 6],3,5,8,2,5
1,<environment.Job instance at 0x152ba3c4e370>,5,1,[8 1],8,8,9,0,8
1,<environment.Job instance at 0x152ba3c4ee10>,6,1,[ 1 10],9,9,10,0,9
1,<environment.Job instance at 0x152ba3c4ea50>,7,3,[1 6],10,10,13,0,10
1,<environment.Job instance at 0x152ba3c4e910>,0,3,[10  2],2,13,16,11,10
1,<environment.Job instance at 0x152ba3c4ebe0>,8,2,[2 8],11,16,18,5,11
1,<environment.Job instance at 0x152ba3c4e780>,10,2,[2 5],13,18,20,5,14
1,<environment.Job instance at 0x152ba5a1c4b0>,0,15,[ 2 10],1,1,16,0,1
1,<environment.Job instance at 0x152ba3c4ef50>,2,1,[1 8],8,16,17,8,8
1,<environment.Job instance at 0x152ba76e44b0>,5,1,[7 2],12,16,17,4,12
1,<environment.Job instance at 0x152ba5a1c0a0>,4,1,[8 1],10,17,18,7,17
1,<environment.Job instance at 0x152ba01aceb0>,3,2,[1 7],6,6,8,0,6
1,<environment.Job instance at 0x152ba29d7780>,4,2,[6 1],7,7,9,0,7
1,<environment.Job instance at 0x152b9e824550>,5,3,[9 1],8,9,12,1,8
1,<environment.Job instance at 0x152b9e20d320>,7,3,[5 1],10,12,15,2,10
1,<environment.Job instance at 0x152b9d996690>,8,13,[ 2 10],11,15,28,4,11
1,<environment.Job instance at 0x152ba12f7280>,9,2,[ 2 10],12,28,30,16,12
1,<environment.Job instance at 0x152ba2000dc0>,2,1,[1 7],3,5,6,2,5
1,<environment.Job instance at 0x152b9f2af690>,4,17,[1 7],7,7,24,0,7
1,<environment.Job instance at 0x152ba0133280>,5,3,[6 1],8,8,11,0,8
1,<environment.Job instance at 0x152ba0133b40>,7,3,[8 1],11,11,14,0,11
1,<environment.Job instance at 0x152ba2b4ad20>,6,1,[5 2],10,14,15,4,12
1,<environment.Job instance at 0x152ba2b4a410>,10,3,[2 6],14,24,27,10,14
1,<environment.Job instance at 0x152ba2b4aaf0>,8,21,[7 1],12,16,37,4,16
1,<environment.Job instance at 0x152ba2dd0eb0>,3,14,[6 2],5,37,51,32,35
1,<environment.Job instance at 0x152b9e07c5a0>,3,3,[2 8],7,7,10,0,7
1,<environment.Job instance at 0x152baabc2690>,4,2,[1 9],8,10,12,2,8
1,<environment.Job instance at 0x152ba576c9b0>,6,3,[1 8],11,12,15,1,11
1,<environment.Job instance at 0x152ba9910e60>,8,16,[9 1],13,13,29,0,13
1,<environment.Job instance at 0x152ba49d7dc0>,0,20,[ 1 10],2,43,63,41,43
1,<environment.Job instance at 0x152ba4e66d20>,1,3,[1 6],3,3,6,0,3
1,<environment.Job instance at 0x152b9ed56410>,2,2,[2 7],4,6,8,2,4
1,<environment.Job instance at 0x152ba1f34b90>,6,1,[ 1 10],9,9,10,0,9
1,<environment.Job instance at 0x152baa5fbe60>,7,3,[1 6],10,10,13,0,10
1,<environment.Job instance at 0x152baa5fbf00>,10,2,[2 5],13,13,15,0,13
1,<environment.Job instance at 0x152baa5fb870>,5,1,[8 1],8,27,28,19,27
1,<environment.Job instance at 0x152ba76e2780>,0,15,[ 2 10],1,4,19,3,4
1,<environment.Job instance at 0x152b9dc56b40>,3,16,[10  1],9,19,35,10,9
1,<environment.Job instance at 0x1520455c6fa0>,1,2,[2 5],4,4,6,0,4
1,<environment.Job instance at 0x1520455c70f0>,3,2,[1 7],6,6,8,0,6
1,<environment.Job instance at 0x151ff00abb90>,4,2,[6 1],7,7,9,0,7
1,<environment.Job instance at 0x151ff00ab910>,6,16,[2 7],9,9,25,0,9
1,<environment.Job instance at 0x151ff00c16e0>,7,3,[5 1],10,11,14,1,11
1,<environment.Job instance at 0x151ff00abeb0>,5,3,[9 1],8,25,28,17,12
1,<environment.Job instance at 0x151fefbe0280>,10,3,[7 2],14,18,21,4,18
1,<environment.Job instance at 0x151ff0096370>,15,14,[6 2],20,28,42,8,23
1,<environment.Job instance at 0x151ff0104b40>,18,1,[5 2],25,42,43,17,26
1,<environment.Job instance at 0x151ff00a5aa0>,22,3,[2 6],29,29,32,0,29
1,<environment.Job instance at 0x151ff0094cd0>,23,3,[7 2],30,43,46,13,30
1,<environment.Job instance at 0x151ff0393870>,8,13,[ 2 10],11,46,59,35,34
1,<environment.Job instance at 0x151fef983d70>,30,3,[1 8],41,59,62,18,47
1,<environment.Job instance at 0x151fef983d20>,31,3,[8 1],42,59,62,17,50
1,<environment.Job instance at 0x151ff006ec80>,36,3,[1 6],48,62,65,14,59
1,<environment.Job instance at 0x151ff0055af0>,13,13,[1 5],17,82,95,65,82
1,<environment.Job instance at 0x151fef982b90>,1,1,[8 1],3,3,4,0,3
1,<environment.Job instance at 0x151ff9a1f870>,2,1,[ 1 10],4,4,5,0,4
1,<environment.Job instance at 0x151ff9a1fbe0>,3,3,[1 6],5,5,8,0,5
1,<environment.Job instance at 0x151ff0055af0>,4,2,[2 8],6,8,10,2,6
1,<environment.Job instance at 0x151fef993190>,5,1,[2 9],7,10,11,3,8
1,<environment.Job instance at 0x151ff31cce60>,7,1,[1 7],9,11,12,2,9
1,<environment.Job instance at 0x151ff31cc2d0>,9,15,[ 2 10],11,12,27,1,11
1,<environment.Job instance at 0x151ff9a1c280>,13,1,[8 1],20,27,28,7,20
1,<environment.Job instance at 0x151ff9a1cb90>,16,2,[2 7],25,27,29,2,25
1,<environment.Job instance at 0x151ff8f64aa0>,18,3,[1 9],30,30,33,0,30
1,<environment.Job instance at 0x151ff8f64780>,19,3,[6 1],33,34,37,1,34
1,<environment.Job instance at 0x151ff8f64c30>,21,17,[ 1 10],36,37,54,1,36
1,<environment.Job instance at 0x151ff8f649b0>,22,2,[5 2],37,54,56,17,38
1,<environment.Job instance at 0x151ff8f271e0>,24,2,[7 2],40,56,58,16,40
1,<environment.Job instance at 0x151ff9a1cfa0>,17,18,[1 7],29,157,175,128,157
1,<environment.Job instance at 0x151ff9a18960>,28,15,[1 9],45,202,217,157,202
1,<environment.Job instance at 0x151ff91ad410>,1,1,[8 1],2,5,6,3,5
1,<environment.Job instance at 0x151fefbfe370>,3,2,[2 6],6,6,8,0,6
1,<environment.Job instance at 0x151ff27c83c0>,7,3,[2 8],11,11,14,0,11
1,<environment.Job instance at 0x151ff8f27fa0>,6,17,[9 2],10,14,31,4,11
1,<environment.Job instance at 0x151ff27bbeb0>,15,18,[2 5],24,31,49,7,25
1,<environment.Job instance at 0x151fef320140>,21,1,[5 2],33,33,34,0,33
1,<environment.Job instance at 0x151ff23ac870>,22,1,[5 2],34,34,35,0,34
1,<environment.Job instance at 0x151fef2750f0>,23,16,[1 9],36,49,65,13,36
1,<environment.Job instance at 0x1520455c6fa0>,25,1,[ 2 10],38,65,66,27,59
1,<environment.Job instance at 0x1520455c6050>,24,18,[1 5],37,90,108,53,90
1,<environment.Job instance at 0x151fef26fbe0>,3,2,[2 5],6,6,8,0,6
1,<environment.Job instance at 0x151fef5d4f00>,6,14,[5 1],10,10,24,0,10
1,<environment.Job instance at 0x151fef5d40f0>,7,2,[7 2],11,24,26,13,11
1,<environment.Job instance at 0x151ff22a2410>,10,3,[1 5],14,14,17,0,14
1,<environment.Job instance at 0x151fef5d4be0>,11,15,[1 5],15,17,32,2,15
1,<environment.Job instance at 0x151ffbd813c0>,12,3,[9 1],17,26,29,9,17
1,<environment.Job instance at 0x15203c1fe780>,13,3,[2 7],18,32,35,14,18
1,<environment.Job instance at 0x151ff9a898c0>,14,2,[ 2 10],20,35,37,15,20
1,<environment.Job instance at 0x151fef3f6410>,5,1,[9 2],9,29,30,20,22
1,<environment.Job instance at 0x151ff7b3df00>,16,3,[10  2],25,37,40,12,25
1,<environment.Job instance at 0x151ff3588cd0>,15,13,[9 1],22,40,53,18,25
1,<environment.Job instance at 0x151ff3249190>,26,3,[ 1 10],37,53,56,16,37
1,<environment.Job instance at 0x151ff3224c80>,28,12,[1 9],40,56,68,16,43
1,<environment.Job instance at 0x151fef5badc0>,32,3,[1 8],44,44,47,0,44
1,<environment.Job instance at 0x151fef2f6690>,19,18,[2 5],30,80,98,50,80
1,<environment.Job instance at 0x151fef5baaa0>,33,18,[ 2 10],46,277,295,231,277
1,<environment.Job instance at 0x151ff22c4500>,1,1,[1 5],2,2,3,0,2
1,<environment.Job instance at 0x151ff35a27d0>,4,3,[2 6],5,5,8,0,5
1,<environment.Job instance at 0x151fef7ff460>,3,12,[2 6],4,12,24,8,12
1,<environment.Job instance at 0x151fef7ff730>,7,3,[9 2],19,24,27,5,19
1,<environment.Job instance at 0x151fef7ff960>,8,1,[10  1],20,27,28,7,20
1,<environment.Job instance at 0x151fef7ffaa0>,9,2,[5 2],21,37,39,16,37
1,<environment.Job instance at 0x151fef7ff280>,14,15,[7 2],29,49,64,20,49
1,<environment.Job instance at 0x151fef7ff6e0>,15,13,[ 2 10],31,64,77,33,50
1,<environment.Job instance at 0x151ff9b48c30>,18,2,[1 7],34,51,53,17,51
1,<environment.Job instance at 0x151ff9a16aa0>,23,2,[9 2],40,77,79,37,64
1,<environment.Job instance at 0x151ff9a16870>,24,2,[6 1],42,79,81,37,70
1,<environment.Job instance at 0x151fef7ffdc0>,10,3,[6 1],23,81,84,58,80
1,<environment.Job instance at 0x151ff9a168c0>,25,1,[10  1],43,84,85,41,81
1,<environment.Job instance at 0x151ff3082960>,27,13,[2 9],45,85,98,40,82
1,<environment.Job instance at 0x151ff9a16d20>,26,2,[6 1],44,85,87,41,85
1,<environment.Job instance at 0x151ff8db8910>,4,1,[7 1],9,9,10,0,9
1,<environment.Job instance at 0x151ff37e2780>,5,2,[1 8],11,11,13,0,11
1,<environment.Job instance at 0x151ff37e2820>,8,2,[8 2],14,15,17,1,15
1,<environment.Job instance at 0x151ff2514280>,9,2,[5 2],15,17,19,2,15
1,<environment.Job instance at 0x151ff25145f0>,11,2,[5 2],19,19,21,0,19
1,<environment.Job instance at 0x151ff2514dc0>,12,2,[2 7],21,21,23,0,21
1,<environment.Job instance at 0x151ff2514fa0>,13,3,[ 2 10],23,23,26,0,23
1,<environment.Job instance at 0x151ff4835d70>,14,1,[1 5],24,26,27,2,24
1,<environment.Job instance at 0x151ff2514b40>,10,3,[1 8],17,27,30,10,24
1,<environment.Job instance at 0x151ff4835280>,15,2,[1 9],25,30,32,5,25
1,<environment.Job instance at 0x151ff4835eb0>,17,2,[5 2],28,32,34,4,29
1,<environment.Job instance at 0x151fef3e1410>,21,3,[5 2],33,33,36,0,33
1,<environment.Job instance at 0x151ff9a94c80>,24,1,[6 2],37,37,38,0,37
1,<environment.Job instance at 0x151ff346deb0>,25,3,[2 5],38,38,41,0,38
1,<environment.Job instance at 0x151ff9ab84b0>,26,14,[2 5],39,39,53,0,39
1,<environment.Job instance at 0x151ff2775140>,30,3,[9 2],43,53,56,10,45
1,<environment.Job instance at 0x151fef40ae60>,33,17,[1 9],46,56,73,10,46
1,<environment.Job instance at 0x151ff307baf0>,34,2,[5 1],47,47,49,0,47
1,<environment.Job instance at 0x151ff307be10>,35,1,[6 1],49,49,50,0,49
1,<environment.Job instance at 0x151ff30cfa50>,32,17,[10  1],45,73,90,28,63
1,<environment.Job instance at 0x151fef659550>,31,27,[5 1],44,90,117,46,88
1,<environment.Job instance at 0x151ff9a736e0>,4,1,[6 2],8,8,9,0,8
1,<environment.Job instance at 0x151fef931be0>,6,2,[2 8],10,10,12,0,10
1,<environment.Job instance at 0x151fef931dc0>,7,12,[1 9],11,12,24,1,11
1,<environment.Job instance at 0x151fef931960>,8,14,[ 2 10],12,24,38,12,12
1,<environment.Job instance at 0x151ff3140e60>,9,2,[6 2],13,38,40,25,13
1,<environment.Job instance at 0x151fef85ad70>,10,3,[8 2],14,40,43,26,14
1,<environment.Job instance at 0x151fef931f00>,11,1,[6 2],16,43,44,27,16
1,<environment.Job instance at 0x151fef931050>,12,2,[1 6],18,38,40,20,18
1,<environment.Job instance at 0x151fef84cb90>,14,2,[ 1 10],21,44,46,23,24
1,<environment.Job instance at 0x151fef84ccd0>,16,2,[10  2],23,46,48,23,24
1,<environment.Job instance at 0x151fef856a50>,17,3,[2 6],24,40,43,16,29
1,<environment.Job instance at 0x151fef68f9b0>,18,2,[7 2],26,48,50,22,30
1,<environment.Job instance at 0x151fef697780>,19,1,[9 1],28,50,51,22,30
1,<environment.Job instance at 0x151ff3261b90>,20,3,[1 9],29,50,53,21,31
1,<environment.Job instance at 0x151fef92f230>,22,2,[6 2],31,53,55,22,31
1,<environment.Job instance at 0x151fef201f00>,24,1,[1 7],35,43,44,8,35
1,<environment.Job instance at 0x151ff03c7910>,25,2,[10  2],36,55,57,19,36
1,<environment.Job instance at 0x151fef92f820>,23,2,[2 6],34,48,50,14,38
1,<environment.Job instance at 0x151ff2479d70>,27,2,[10  1],38,57,59,19,38
1,<environment.Job instance at 0x151ff2479e10>,29,3,[6 2],40,59,62,19,40
1,<environment.Job instance at 0x151ff2479e60>,30,3,[1 9],41,62,65,21,41
1,<environment.Job instance at 0x151ff2479960>,33,14,[ 2 10],44,65,79,21,50
1,<environment.Job instance at 0x151ff2479230>,28,1,[7 2],39,79,80,40,51
1,<environment.Job instance at 0x151ff2672690>,35,1,[8 2],46,80,81,34,52
1,<environment.Job instance at 0x151ff26728c0>,36,3,[10  1],47,81,84,34,55
1,<environment.Job instance at 0x151ff2672cd0>,37,15,[7 2],49,84,99,35,79
1,<environment.Job instance at 0x151fef84c050>,15,2,[6 1],22,142,144,120,142
1,<environment.Job instance at 0x151ff34d8190>,2,18,[6 2],3,165,183,162,165
1,<environment.Job instance at 0x151fef847460>,2,2,[1 5],3,3,5,0,3
1,<environment.Job instance at 0x151fef8472d0>,3,3,[10  2],4,5,8,1,5
1,<environment.Job instance at 0x151fef6c2050>,5,3,[2 5],9,9,12,0,9
1,<environment.Job instance at 0x151fef669500>,8,2,[5 1],19,19,21,0,19
1,<environment.Job instance at 0x151fef669a00>,11,12,[1 8],22,22,34,0,22
1,<environment.Job instance at 0x151fef28d640>,14,2,[1 5],26,34,36,8,26
1,<environment.Job instance at 0x151ff484a4b0>,15,16,[1 7],27,36,52,9,27
1,<environment.Job instance at 0x151fef46d190>,22,1,[9 1],36,37,38,1,37
1,<environment.Job instance at 0x151fef5e6d70>,23,18,[1 8],37,52,70,15,41
1,<environment.Job instance at 0x151fef25beb0>,25,3,[5 2],41,41,44,0,41
1,<environment.Job instance at 0x151fef2339b0>,26,1,[6 1],42,44,45,2,43
1,<environment.Job instance at 0x151fef1a7c30>,29,13,[9 2],47,49,62,2,49
1,<environment.Job instance at 0x151feec0b1e0>,0,18,[7 2],1,4,22,3,4
1,<environment.Job instance at 0x151ff37b4910>,6,3,[7 2],10,22,25,12,11
1,<environment.Job instance at 0x151feec0b190>,7,1,[2 8],11,11,12,0,11
1,<environment.Job instance at 0x151ff37b4eb0>,5,15,[10  1],8,25,40,17,13
1,<environment.Job instance at 0x151ff30842d0>,13,1,[1 7],20,20,21,0,20
1,<environment.Job instance at 0x151ff3084820>,16,12,[1 8],23,40,52,17,23
1,<environment.Job instance at 0x151ff31d3f50>,22,1,[7 2],31,40,41,9,32
1,<environment.Job instance at 0x151fef77f230>,26,1,[2 7],36,52,53,16,41
1,<environment.Job instance at 0x151ff3031910>,27,3,[10  2],37,53,56,16,41
1,<environment.Job instance at 0x151fef696aa0>,14,16,[1 5],21,56,72,35,44
1,<environment.Job instance at 0x151ff5ec2280>,31,3,[7 1],45,45,48,0,45
1,<environment.Job instance at 0x151ff5ec2f50>,32,3,[10  2],46,72,75,26,46
1,<environment.Job instance at 0x151ff5ec2e60>,33,15,[7 1],47,56,71,9,47
1,<environment.Job instance at 0x151ff30d43c0>,34,2,[2 6],48,75,77,27,48
1,<environment.Job instance at 0x151ff24012d0>,35,2,[6 1],49,49,51,0,49
1,<environment.Job instance at 0x151ff5ec2550>,30,17,[10  2],44,77,94,33,67
1,<environment.Job instance at 0x151ff0c08410>,21,15,[10  2],30,168,183,138,168
1,<environment.Job instance at 0x151fef595960>,23,15,[7 2],32,188,203,156,188
1,<environment.Job instance at 0x151ff30822d0>,5,16,[8 1],7,8,24,1,8
1,<environment.Job instance at 0x151fef68f050>,4,22,[9 1],5,42,64,37,42
1,<environment.Job instance at 0x151ff3087f50>,20,1,[2 5],27,64,65,37,47
1,<environment.Job instance at 0x151ff9a9e780>,11,12,[8 2],13,64,76,51,47
1,<environment.Job instance at 0x151ff2668280>,23,1,[8 1],32,76,77,44,49
1,<environment.Job instance at 0x151ff26688c0>,24,2,[7 1],33,77,79,44,50
1,<environment.Job instance at 0x151ff2668690>,25,2,[2 7],34,65,67,31,51
1,<environment.Job instance at 0x151ff2668140>,26,1,[5 2],35,79,80,44,51
1,<environment.Job instance at 0x151ff25e3370>,27,1,[1 5],38,52,53,14,52
1,<environment.Job instance at 0x151ff0128460>,28,2,[6 1],39,80,82,41,54
1,<environment.Job instance at 0x151ff2668190>,22,1,[1 5],29,54,55,25,54
1,<environment.Job instance at 0x151fef52a960>,30,2,[2 6],41,67,69,26,54
1,<environment.Job instance at 0x151ff8f81870>,35,18,[2 7],49,69,87,20,63
1,<environment.Job instance at 0x151ff2668aa0>,29,18,[10  2],40,604,622,564,604
1,<environment.Job instance at 0x15203c116320>,0,1,[2 9],2,2,3,0,2
1,<environment.Job instance at 0x151feeeaa4b0>,2,2,[7 1],6,6,8,0,6
1,<environment.Job instance at 0x151feeeaad70>,3,3,[1 5],7,8,11,1,8
1,<environment.Job instance at 0x151feeeaafa0>,5,1,[10  2],9,12,13,3,12
1,<environment.Job instance at 0x151feeeaa7d0>,7,16,[10  2],11,13,29,2,13
1,<environment.Job instance at 0x151feeeaa500>,12,1,[1 5],19,29,30,10,19
1,<environment.Job instance at 0x151feeeaa410>,8,1,[8 2],13,29,30,16,20
1,<environment.Job instance at 0x151ff25fa910>,15,2,[10  1],26,30,32,4,29
1,<environment.Job instance at 0x151ffbb24a00>,17,2,[7 2],30,32,34,2,30
1,<environment.Job instance at 0x151ff2728730>,19,17,[1 6],33,33,50,0,33
1,<environment.Job instance at 0x151fef4290f0>,20,1,[2 9],34,50,51,16,34
1,<environment.Job instance at 0x151fef89e910>,22,2,[9 2],38,38,40,0,38
1,<environment.Job instance at 0x151ff2529dc0>,23,2,[6 1],39,40,42,1,39
1,<environment.Job instance at 0x151ff8f51320>,24,3,[ 1 10],40,51,54,11,40
1,<environment.Job instance at 0x151ff9aefd20>,25,1,[7 1],41,42,43,1,41
1,<environment.Job instance at 0x151ff9aef690>,27,2,[1 6],43,54,56,11,43
1,<environment.Job instance at 0x151ff34d8870>,21,2,[8 1],36,43,45,7,43
1,<environment.Job instance at 0x151ff8fa4280>,29,1,[10  1],46,56,57,10,46
1,<environment.Job instance at 0x151ff8fa4af0>,30,3,[6 2],47,47,50,0,47
1,<environment.Job instance at 0x151ff00fd820>,31,1,[2 8],48,57,58,9,48
1,<environment.Job instance at 0x151ff8fa4b40>,28,3,[6 2],44,57,60,13,55
1,<environment.Job instance at 0x151ff9bd7aa0>,11,14,[9 2],18,61,75,43,61
1,<environment.Job instance at 0x151ff8dea280>,1,3,[7 1],3,6,9,3,6
1,<environment.Job instance at 0x151feef6b5f0>,6,3,[2 7],13,13,16,0,13
1,<environment.Job instance at 0x151feef6be10>,7,18,[2 8],14,23,41,9,23
1,<environment.Job instance at 0x151feef6bc80>,5,12,[1 5],12,41,53,29,26
1,<environment.Job instance at 0x151feef6b5a0>,13,14,[9 2],24,41,55,17,27
1,<environment.Job instance at 0x151feef6bcd0>,16,2,[2 6],30,55,57,25,30
1,<environment.Job instance at 0x151feef6bf50>,17,2,[2 5],32,57,59,25,32
1,<environment.Job instance at 0x151ff2327320>,19,1,[1 9],36,59,60,23,46
1,<environment.Job instance at 0x151feef6b410>,15,3,[7 2],28,55,58,27,47
1,<environment.Job instance at 0x151ff2327730>,26,1,[1 9],47,60,61,13,47
1,<environment.Job instance at 0x151fef09e140>,27,3,[ 1 10],48,61,64,13,48
1,<environment.Job instance at 0x151ff23279b0>,24,13,[1 9],44,76,89,32,76
1,<environment.Job instance at 0x151ff23276e0>,25,12,[2 7],46,97,109,51,97
1,<environment.Job instance at 0x151ff8f03640>,6,3,[1 7],11,11,14,0,11
1,<environment.Job instance at 0x151ff8f03410>,8,3,[9 1],13,13,16,0,13
1,<environment.Job instance at 0x151ff8f03e60>,9,3,[7 2],15,16,19,1,15
1,<environment.Job instance at 0x151ff9a9e960>,11,3,[9 2],17,19,22,2,17
1,<environment.Job instance at 0x151ff9a9e6e0>,12,3,[8 1],18,22,25,4,18
1,<environment.Job instance at 0x151ff8e434b0>,13,3,[2 6],20,22,25,2,20
1,<environment.Job instance at 0x151fef51c550>,16,2,[9 1],23,25,27,2,23
1,<environment.Job instance at 0x151fef51ccd0>,17,2,[2 7],25,27,29,2,25
1,<environment.Job instance at 0x151fef51cd20>,18,2,[10  1],27,29,31,2,27
1,<environment.Job instance at 0x151fef51c640>,15,16,[10  2],22,31,47,9,29
1,<environment.Job instance at 0x151fef51c2d0>,20,1,[6 2],30,47,48,17,31
1,<environment.Job instance at 0x151feeeac960>,21,1,[ 2 10],32,48,49,16,32
1,<environment.Job instance at 0x151ff304c320>,22,2,[5 2],35,49,51,14,35
1,<environment.Job instance at 0x151fef51c320>,19,15,[8 1],29,51,66,22,40
1,<environment.Job instance at 0x151ff3578a00>,29,1,[2 9],44,51,52,7,44
1,<environment.Job instance at 0x151fef507910>,30,3,[9 1],45,66,69,21,45
1,<environment.Job instance at 0x151ff9bc1eb0>,3,2,[6 1],5,7,9,2,7
1,<environment.Job instance at 0x151fef8a44b0>,4,3,[8 1],7,9,12,2,9
1,<environment.Job instance at 0x151ff8daddc0>,8,14,[1 6],14,14,28,0,14
1,<environment.Job instance at 0x151ff24a2c30>,15,2,[7 1],24,24,26,0,24
1,<environment.Job instance at 0x151ff2403960>,17,2,[1 6],27,28,30,1,27
1,<environment.Job instance at 0x151ff23e8460>,16,1,[2 7],26,30,31,4,27
1,<environment.Job instance at 0x151ff0bfc690>,14,17,[8 2],23,27,44,4,27
1,<environment.Job instance at 0x151ff2403230>,19,2,[7 1],30,44,46,14,30
1,<environment.Job instance at 0x151ff5e933c0>,23,12,[ 2 10],38,46,58,8,38
1,<environment.Job instance at 0x151fef6ae3c0>,24,1,[10  1],39,58,59,19,39
1,<environment.Job instance at 0x151fef6aef50>,26,3,[1 7],41,62,65,21,62
1,<environment.Job instance at 0x151fef6aed20>,27,1,[8 1],43,81,82,38,81
1,<environment.Job instance at 0x151ff8f1f780>,1,2,[10  2],3,3,5,0,3
1,<environment.Job instance at 0x151ff8f1fa50>,7,3,[6 1],10,11,14,1,11
1,<environment.Job instance at 0x151ff34fc820>,6,3,[9 1],9,14,17,5,12
1,<environment.Job instance at 0x151ff9bd6aa0>,11,2,[2 8],15,17,19,2,15
1,<environment.Job instance at 0x151fef73cc30>,12,1,[2 6],17,19,20,2,18
1,<environment.Job instance at 0x151fef3cac80>,14,2,[8 1],21,21,23,0,21
1,<environment.Job instance at 0x151fef73c5f0>,15,1,[2 9],23,24,25,1,24
1,<environment.Job instance at 0x151feefbfb90>,17,3,[2 7],26,26,29,0,26
1,<environment.Job instance at 0x151feefbfa00>,18,1,[10  1],27,29,30,2,29
1,<environment.Job instance at 0x151feefbf780>,19,15,[1 7],28,30,45,2,29
1,<environment.Job instance at 0x151ffbd5ceb0>,22,18,[2 7],31,45,63,14,35
1,<environment.Job instance at 0x151ffbd5c910>,21,2,[2 9],30,63,65,33,38
1,<environment.Job instance at 0x151fef07e230>,31,3,[10  2],42,65,68,23,42
1,<environment.Job instance at 0x151fef07e410>,32,1,[1 7],44,68,69,24,45
1,<environment.Job instance at 0x151fef8b6d20>,33,3,[1 6],45,69,72,24,45
1,<environment.Job instance at 0x151ff26866e0>,34,2,[5 2],46,46,48,0,46
1,<environment.Job instance at 0x151ff25204b0>,36,1,[9 2],49,68,69,19,50
1,<environment.Job instance at 0x151fef1e7910>,2,2,[1 5],3,3,5,0,3
1,<environment.Job instance at 0x151fef1e7690>,3,12,[1 9],4,5,17,1,4
1,<environment.Job instance at 0x151ff2ffa8c0>,7,2,[1 9],8,17,19,9,9
1,<environment.Job instance at 0x151fef6a31e0>,9,1,[9 1],10,11,12,1,11
1,<environment.Job instance at 0x151fef6a3b40>,10,1,[8 1],11,13,14,2,13
1,<environment.Job instance at 0x151fef87bcd0>,11,1,[1 5],12,19,20,7,13
1,<environment.Job instance at 0x151fef87bf50>,12,3,[9 1],13,14,17,1,13
1,<environment.Job instance at 0x151ff9b17b40>,13,12,[9 2],14,19,31,5,15
1,<environment.Job instance at 0x151ff0c08b40>,16,15,[9 2],19,31,46,12,19
1,<environment.Job instance at 0x151ff0bf80a0>,18,1,[7 2],21,46,47,25,21
1,<environment.Job instance at 0x151ff2401370>,19,12,[8 2],22,47,59,25,30
1,<environment.Job instance at 0x151ff24013c0>,22,1,[ 2 10],25,59,60,34,31
1,<environment.Job instance at 0x151ff8f2c140>,23,1,[2 9],27,60,61,33,33
1,<environment.Job instance at 0x151ff2401280>,20,1,[ 1 10],23,61,62,38,33
1,<environment.Job instance at 0x151ff278a190>,25,12,[2 8],34,46,58,12,37
1,<environment.Job instance at 0x151feeb792d0>,26,3,[10  2],35,62,65,27,44
1,<environment.Job instance at 0x151fefbcd1e0>,30,1,[2 7],41,58,59,17,49
1,<environment.Job instance at 0x151ff9b29d20>,24,16,[6 1],28,65,81,37,54
1,<environment.Job instance at 0x151fefbcdd70>,33,1,[6 1],48,60,61,12,55
1,<environment.Job instance at 0x151ff0be4820>,0,18,[1 9],1,3,21,2,3
1,<environment.Job instance at 0x151feef1a5a0>,6,1,[6 2],11,21,22,10,11
1,<environment.Job instance at 0x151feef1af50>,7,14,[9 2],14,22,36,8,14
1,<environment.Job instance at 0x151feef2d4b0>,9,2,[5 2],16,36,38,20,26
1,<environment.Job instance at 0x151fef1cc730>,16,12,[10  1],26,38,50,12,26
1,<environment.Job instance at 0x151ff34c2aa0>,1,15,[1 9],3,50,65,47,36
1,<environment.Job instance at 0x151ff8e69230>,24,1,[9 2],35,65,66,30,37
1,<environment.Job instance at 0x151ff0be60a0>,25,3,[6 1],37,50,53,13,37
1,<environment.Job instance at 0x151ff2310500>,26,1,[ 1 10],38,66,67,28,39
1,<environment.Job instance at 0x151fef45adc0>,28,2,[2 7],41,67,69,26,43
1,<environment.Job instance at 0x151ff5e8d410>,21,16,[1 6],31,69,85,38,58
1,<environment.Job instance at 0x151ff3195690>,34,15,[7 2],48,67,82,19,67
1,<environment.Job instance at 0x151fef1b3410>,31,15,[2 9],45,85,100,40,71
1,<environment.Job instance at 0x151fef4ff3c0>,3,2,[2 5],8,8,10,0,8
1,<environment.Job instance at 0x151fef4ffd20>,4,3,[2 8],9,10,13,1,9
1,<environment.Job instance at 0x151ff8d70730>,5,2,[1 9],11,13,15,2,11
1,<environment.Job instance at 0x151fef4ffb90>,7,1,[8 2],13,15,16,2,13
1,<environment.Job instance at 0x151ff03aa1e0>,15,13,[10  2],26,46,59,20,46
1,<environment.Job instance at 0x151ff8d70f50>,2,12,[8 2],7,59,71,52,49
1,<environment.Job instance at 0x151fef068fa0>,21,18,[1 9],40,97,115,57,97
1,<environment.Job instance at 0x151fef4ff0f0>,9,2,[7 1],16,105,107,89,105
1,<environment.Job instance at 0x151fef662190>,0,2,[9 2],1,2,4,1,2
1,<environment.Job instance at 0x151fef662230>,3,2,[ 2 10],7,7,9,0,7
1,<environment.Job instance at 0x151fef662690>,4,2,[1 5],8,9,11,1,8
1,<environment.Job instance at 0x151fef662c80>,6,2,[ 1 10],10,11,13,1,11
1,<environment.Job instance at 0x151fef6625a0>,8,2,[8 2],12,13,15,1,12
1,<environment.Job instance at 0x151ff31e4be0>,9,1,[8 2],13,15,16,2,13
1,<environment.Job instance at 0x151fef662050>,7,22,[9 1],11,16,38,5,14
1,<environment.Job instance at 0x151ff31e4370>,12,18,[8 1],16,38,56,22,27
1,<environment.Job instance at 0x151ff31e4640>,16,17,[1 9],21,27,44,6,27
1,<environment.Job instance at 0x151ff31e4910>,17,2,[2 5],22,44,46,22,27
1,<environment.Job instance at 0x151ff31e4c80>,19,2,[2 6],24,46,48,22,27
1,<environment.Job instance at 0x151ff31e4190>,14,18,[1 9],18,64,82,46,64
1,<environment.Job instance at 0x151ff231f410>,24,2,[8 2],29,82,84,53,79
1,<environment.Job instance at 0x151ff231faf0>,25,13,[1 8],31,84,97,53,84
1,<environment.Job instance at 0x151ff231f0a0>,26,2,[8 2],32,90,92,58,90
1,<environment.Job instance at 0x151ff231f4b0>,27,3,[7 1],33,121,124,88,121
1,<environment.Job instance at 0x151ff31e43c0>,20,14,[2 5],25,260,274,235,260
1,<environment.Job instance at 0x151ff31e4730>,2,2,[10  2],3,3,5,0,3
1,<environment.Job instance at 0x151ff31e43c0>,3,3,[10  1],4,5,8,1,4
1,<environment.Job instance at 0x151fef3732d0>,4,2,[ 1 10],6,8,10,2,6
1,<environment.Job instance at 0x151ff2353cd0>,5,3,[2 6],7,10,13,3,8
1,<environment.Job instance at 0x151ff7b14460>,7,3,[2 8],9,13,16,4,9
1,<environment.Job instance at 0x151ff7b14c80>,6,2,[1 9],8,16,18,8,10
1,<environment.Job instance at 0x151feef1b190>,8,1,[1 7],11,18,19,7,11
1,<environment.Job instance at 0x151feef1b4b0>,9,2,[2 8],12,19,21,7,12
1,<environment.Job instance at 0x151ff7b14eb0>,11,2,[2 6],14,21,23,7,14
1,<environment.Job instance at 0x151feef1bcd0>,10,3,[8 1],13,14,17,1,14
1,<environment.Job instance at 0x151ff00bc190>,0,14,[1 8],1,23,37,22,14
1,<environment.Job instance at 0x151ff3489b40>,14,2,[2 9],19,37,39,18,27
1,<environment.Job instance at 0x151ff0bf9370>,19,3,[ 2 10],25,39,42,14,27
1,<environment.Job instance at 0x151feebbecd0>,21,2,[1 9],29,42,44,13,30
1,<environment.Job instance at 0x151ff5e93820>,22,1,[2 9],31,44,45,13,32
1,<environment.Job instance at 0x151ff23bed70>,25,13,[2 7],35,45,58,10,35
1,<environment.Job instance at 0x151fef79c0a0>,26,3,[10  2],36,58,61,22,36
1,<environment.Job instance at 0x151fef10b190>,27,14,[2 9],37,61,75,24,46
1,<environment.Job instance at 0x151ff8da6cd0>,35,1,[1 5],48,75,76,27,48
1,<environment.Job instance at 0x151fef8d1230>,24,3,[2 9],33,76,79,43,50
1,<environment.Job instance at 0x151fef4da780>,33,14,[7 2],45,79,93,34,67
1,<environment.Job instance at 0x151fef38b5a0>,28,2,[8 1],38,72,74,34,72
1,<environment.Job instance at 0x151ff34898c0>,18,16,[7 1],24,101,117,77,101
1,<environment.Job instance at 0x151bf4ea2e60>,1,2,[2 5],4,4,6,0,4
1,<environment.Job instance at 0x151bf4ea2dc0>,3,2,[1 7],6,6,8,0,6
1,<environment.Job instance at 0x151b9f9c8b90>,4,2,[6 1],7,7,9,0,7
1,<environment.Job instance at 0x151b9f9c0a00>,5,3,[9 1],8,9,12,1,8
1,<environment.Job instance at 0x151b9f9c00f0>,9,2,[ 2 10],12,13,15,1,13
1,<environment.Job instance at 0x151b9f4e7410>,6,16,[2 7],9,16,32,7,16
1,<environment.Job instance at 0x151b9f9e1230>,16,17,[1 7],22,32,49,10,22
1,<environment.Job instance at 0x151b9f960370>,17,3,[6 1],23,23,26,0,23
1,<environment.Job instance at 0x151b9f9935f0>,18,1,[5 2],25,26,27,1,25
1,<environment.Job instance at 0x151b9f9600a0>,19,3,[8 1],26,27,30,1,26
1,<environment.Job instance at 0x151b9f9a3dc0>,20,21,[7 1],27,30,51,3,27
1,<environment.Job instance at 0x151b9f9a3fa0>,22,3,[2 6],29,49,52,20,29
1,<environment.Job instance at 0x151b9fa03aa0>,23,3,[7 2],30,51,54,21,30
1,<environment.Job instance at 0x151b9f27b230>,36,3,[1 6],48,52,55,4,48
1,<environment.Job instance at 0x151b9f27b730>,37,2,[2 7],49,55,57,6,49
1,<environment.Job instance at 0x151b9f9902d0>,39,14,[2 5],51,57,71,6,53
1,<environment.Job instance at 0x151b9f9aedc0>,11,28,[1 9],15,74,102,59,74
1,<environment.Job instance at 0x151b9f9ae2d0>,12,3,[6 2],16,102,105,86,92
1,<environment.Job instance at 0x151b9f9934b0>,1,1,[ 1 10],7,7,8,0,7
1,<environment.Job instance at 0x151b9f298a00>,0,15,[ 2 10],1,8,23,7,8
1,<environment.Job instance at 0x151b9f9aed20>,2,1,[1 8],8,23,24,15,12
1,<environment.Job instance at 0x151ba94f3190>,5,1,[7 2],12,23,24,11,12
1,<environment.Job instance at 0x151ba9397d70>,3,16,[10  1],9,24,40,15,12
1,<environment.Job instance at 0x151ba9410af0>,10,3,[6 1],23,40,43,17,24
1,<environment.Job instance at 0x151ba9410cd0>,12,17,[ 1 10],26,43,60,17,31
1,<environment.Job instance at 0x151ba8786370>,17,2,[2 7],33,40,42,7,33
1,<environment.Job instance at 0x151ba87866e0>,18,2,[9 2],34,60,62,26,34
1,<environment.Job instance at 0x151ba8786dc0>,19,15,[1 9],35,62,77,27,50
1,<environment.Job instance at 0x151ba87991e0>,28,3,[2 8],51,77,80,26,51
1,<environment.Job instance at 0x151ba8799a50>,29,2,[10  2],53,80,82,27,53
1,<environment.Job instance at 0x151ba8799730>,30,3,[8 1],57,62,65,5,57
1,<environment.Job instance at 0x151ba873edc0>,31,3,[10  1],59,82,85,23,59
1,<environment.Job instance at 0x151ba87996e0>,27,17,[9 2],50,85,102,35,82
1,<environment.Job instance at 0x151ba290ec80>,6,3,[8 1],8,8,11,0,8
1,<environment.Job instance at 0x151ba9410dc0>,3,18,[2 5],4,10,28,6,10
1,<environment.Job instance at 0x151b9ec1faf0>,9,1,[5 2],13,13,14,0,13
1,<environment.Job instance at 0x151ba290e640>,10,1,[5 2],14,14,15,0,14
1,<environment.Job instance at 0x151ba20cdfa0>,11,16,[1 9],16,28,44,12,16
1,<environment.Job instance at 0x151ba7408190>,13,1,[ 2 10],18,44,45,26,18
1,<environment.Job instance at 0x151ba1bc87d0>,14,3,[7 1],19,32,35,13,32
1,<environment.Job instance at 0x151b9ec20550>,21,1,[1 8],34,45,46,11,34
1,<environment.Job instance at 0x151ba7408960>,12,18,[1 5],17,46,64,29,35
1,<environment.Job instance at 0x151ba1e68500>,22,2,[2 5],36,46,48,10,36
1,<environment.Job instance at 0x151ba412d690>,26,2,[7 2],41,48,50,7,44
1,<environment.Job instance at 0x151b9f1a9d70>,35,3,[10  2],55,64,67,9,57
1,<environment.Job instance at 0x151b9f1a9370>,37,12,[10  2],59,67,79,8,60
1,<environment.Job instance at 0x151ba1be0e60>,4,1,[1 8],5,6,7,1,6
1,<environment.Job instance at 0x151ba1be05a0>,5,1,[1 9],6,7,8,1,6
1,<environment.Job instance at 0x151ba1be0690>,6,3,[ 1 10],7,8,11,1,7
1,<environment.Job instance at 0x151ba1be0f50>,7,2,[5 1],9,11,13,2,9
1,<environment.Job instance at 0x151ba1be08c0>,8,12,[1 9],10,11,23,1,10
1,<environment.Job instance at 0x151ba939e640>,10,1,[ 1 10],12,23,24,11,12
1,<environment.Job instance at 0x151ba1be0c80>,9,3,[6 2],11,24,27,13,13
1,<environment.Job instance at 0x151b9ea7b730>,13,18,[ 2 10],16,27,45,11,16
1,<environment.Job instance at 0x151b9eb751e0>,14,3,[ 1 10],17,45,48,28,20
1,<environment.Job instance at 0x151ba939e870>,18,1,[1 5],22,25,26,3,25
1,<environment.Job instance at 0x151ba2a2beb0>,15,2,[8 2],18,48,50,30,32
1,<environment.Job instance at 0x151ba1bf82d0>,20,12,[2 6],24,48,60,24,34
1,<environment.Job instance at 0x151ba939e6e0>,12,3,[1 8],14,60,63,46,46
1,<environment.Job instance at 0x151b9eed4fa0>,32,13,[ 2 10],51,63,76,12,62
1,<environment.Job instance at 0x151b9f9dd6e0>,38,2,[2 8],58,76,78,18,62
1,<environment.Job instance at 0x151b9f2b25f0>,21,3,[2 6],25,866,869,841,866
1,<environment.Job instance at 0x151bab6506e0>,30,26,[2 9],46,896,922,850,896
1,<environment.Job instance at 0x151b9f9dd960>,39,18,[2 8],59,1101,1119,1042,1101
1,<environment.Job instance at 0x151b9f925f00>,1,1,[10  1],3,3,4,0,3
1,<environment.Job instance at 0x151b9f925820>,2,2,[6 1],4,4,6,0,4
1,<environment.Job instance at 0x151b9f1da910>,7,2,[1 5],12,12,14,0,12
1,<environment.Job instance at 0x151b9f1da870>,8,15,[ 1 10],15,17,32,2,17
1,<environment.Job instance at 0x151b9f138af0>,10,1,[7 1],19,32,33,13,19
1,<environment.Job instance at 0x151b9f138f00>,11,2,[1 8],21,32,34,11,21
1,<environment.Job instance at 0x151b9f138be0>,12,1,[1 6],22,34,35,12,22
1,<environment.Job instance at 0x151ba1e3dc80>,13,3,[10  2],23,35,38,12,23
1,<environment.Job instance at 0x151ba1e3d960>,14,2,[8 2],24,33,35,9,24
1,<environment.Job instance at 0x151ba1e3df50>,15,2,[5 2],25,38,40,13,26
1,<environment.Job instance at 0x151ba1e3d690>,17,2,[5 2],29,38,40,9,29
1,<environment.Job instance at 0x151ba1e3d320>,18,2,[2 7],31,40,42,9,31
1,<environment.Job instance at 0x151ba933fbe0>,21,2,[1 9],35,42,44,7,35
1,<environment.Job instance at 0x151ba933f500>,22,17,[1 7],36,44,61,8,36
1,<environment.Job instance at 0x151ba1c33230>,31,3,[2 5],48,61,64,13,48
1,<environment.Job instance at 0x151ba1c33a50>,32,14,[2 5],49,61,75,12,49
1,<environment.Job instance at 0x151ba1c33410>,33,2,[7 1],50,50,52,0,50
1,<environment.Job instance at 0x151ba933fb90>,20,1,[1 5],34,64,65,30,56
1,<environment.Job instance at 0x151ba2011a50>,40,2,[5 1],57,59,61,2,59
1,<environment.Job instance at 0x151bab679320>,41,1,[6 1],59,65,66,6,59
1,<environment.Job instance at 0x151ba1c337d0>,38,17,[10  1],55,75,92,20,63
1,<environment.Job instance at 0x151ba1c335f0>,36,3,[9 2],53,92,95,39,83
1,<environment.Job instance at 0x151ba1c33640>,37,27,[5 1],54,118,145,64,118
1,<environment.Job instance at 0x151b9f0a9190>,4,1,[6 2],8,8,9,0,8
1,<environment.Job instance at 0x151b9f0a9140>,6,2,[2 8],10,10,12,0,10
1,<environment.Job instance at 0x151b9f0a9500>,7,12,[1 9],11,12,24,1,11
1,<environment.Job instance at 0x151b9f0a9dc0>,8,14,[ 2 10],12,24,38,12,12
1,<environment.Job instance at 0x151b9f0a9b40>,9,2,[6 2],13,38,40,25,13
1,<environment.Job instance at 0x151ba2939dc0>,10,3,[8 2],14,40,43,26,14
1,<environment.Job instance at 0x151b9f0a9730>,11,1,[6 2],16,43,44,27,16
1,<environment.Job instance at 0x151ba2a34a50>,12,2,[1 6],18,38,40,20,18
1,<environment.Job instance at 0x151ba2a34910>,14,2,[ 1 10],21,44,46,23,28
1,<environment.Job instance at 0x151ba2d70190>,16,2,[10  2],23,46,48,23,28
1,<environment.Job instance at 0x151ba87866e0>,17,3,[2 6],24,40,43,16,28
1,<environment.Job instance at 0x151ba2ddc0a0>,18,2,[7 2],26,48,50,22,29
1,<environment.Job instance at 0x151ba2dc2c30>,13,15,[6 1],19,50,65,31,36
1,<environment.Job instance at 0x151ba2a23fa0>,22,2,[6 2],31,65,67,34,38
1,<environment.Job instance at 0x151ba292c320>,23,2,[2 6],34,48,50,14,38
1,<environment.Job instance at 0x151ba2e42a00>,24,1,[1 7],35,43,44,8,38
1,<environment.Job instance at 0x151ba29486e0>,25,2,[10  2],36,67,69,31,40
1,<environment.Job instance at 0x151bab640cd0>,26,2,[6 2],37,69,71,32,42
1,<environment.Job instance at 0x151ba2a1c320>,27,2,[10  1],38,71,73,33,44
1,<environment.Job instance at 0x151ba29bf910>,29,3,[6 2],40,73,76,33,47
1,<environment.Job instance at 0x151ba29ff280>,35,1,[8 2],46,76,77,30,76
1,<environment.Job instance at 0x151ba29a0eb0>,36,3,[10  1],47,77,80,30,76
1,<environment.Job instance at 0x151b9ef2ffa0>,34,14,[6 1],45,80,94,35,76
1,<environment.Job instance at 0x151ba29a0960>,38,25,[2 6],51,80,105,29,76
1,<environment.Job instance at 0x151ba29a0a00>,39,2,[2 8],52,105,107,53,93
1,<environment.Job instance at 0x151ba29464b0>,33,14,[ 2 10],44,107,121,63,93
1,<environment.Job instance at 0x151ba1dc7a50>,1,1,[1 5],6,6,7,0,6
1,<environment.Job instance at 0x151ba1dc7f50>,2,2,[5 1],9,9,11,0,9
1,<environment.Job instance at 0x151ba2a23d20>,3,1,[1 7],10,10,11,0,10
1,<environment.Job instance at 0x151b9f2271e0>,0,17,[1 7],2,11,28,9,10
1,<environment.Job instance at 0x151b9f0ad5f0>,9,16,[1 7],17,28,44,11,27
1,<environment.Job instance at 0x151b9ef8e280>,19,3,[5 2],31,31,34,0,31
1,<environment.Job instance at 0x151ba57bb320>,20,1,[6 1],32,34,35,2,32
1,<environment.Job instance at 0x151b9ef8eaa0>,18,17,[10  1],28,44,61,16,32
1,<environment.Job instance at 0x151ba1e76320>,12,3,[2 5],22,61,64,39,40
1,<environment.Job instance at 0x151b9f0abd20>,25,2,[7 1],42,42,44,0,42
1,<environment.Job instance at 0x151ba86ef910>,26,1,[1 8],44,64,65,20,44
1,<environment.Job instance at 0x151ba86ef5f0>,27,3,[10  2],45,65,68,20,45
1,<environment.Job instance at 0x151ba86ef370>,28,3,[1 5],46,61,64,15,46
1,<environment.Job instance at 0x151ba1d51820>,30,3,[7 2],50,134,137,84,134
1,<environment.Job instance at 0x151ba86ef1e0>,29,15,[10  1],48,235,250,187,235
1,<environment.Job instance at 0x151b9ebf3b40>,1,2,[9 2],2,2,4,0,2
1,<environment.Job instance at 0x151b9ebf3320>,0,16,[1 5],1,2,18,1,2
1,<environment.Job instance at 0x151b9ebf3370>,4,3,[1 7],6,18,21,12,7
1,<environment.Job instance at 0x151b9ebf3be0>,6,2,[8 2],9,9,11,0,9
1,<environment.Job instance at 0x151b9ebf3f00>,3,15,[2 6],5,21,36,16,12
1,<environment.Job instance at 0x151b9eb5ae60>,11,22,[7 2],15,18,40,3,18
1,<environment.Job instance at 0x151b9fa03870>,15,2,[2 8],23,36,38,13,23
1,<environment.Job instance at 0x151b9ebf38c0>,7,15,[10  2],10,40,55,30,27
1,<environment.Job instance at 0x151ba2a64be0>,20,2,[2 6],28,38,40,10,28
1,<environment.Job instance at 0x151ba87bcb40>,21,2,[6 1],29,55,57,26,29
1,<environment.Job instance at 0x151ba1c8e410>,22,3,[2 8],31,55,58,24,31
1,<environment.Job instance at 0x151ba87bc640>,23,2,[5 2],32,57,59,25,32
1,<environment.Job instance at 0x151ba1f7e320>,24,2,[2 7],33,58,60,25,33
1,<environment.Job instance at 0x151b9eee5dc0>,25,3,[1 8],34,60,63,26,34
1,<environment.Job instance at 0x151b9ebf9eb0>,26,22,[9 1],35,60,82,25,54
1,<environment.Job instance at 0x151ba11495f0>,33,12,[8 2],43,82,94,39,65
1,<environment.Job instance at 0x151b9ed14f50>,38,1,[7 1],53,94,95,41,66
1,<environment.Job instance at 0x151b9ed14e60>,39,2,[2 5],54,82,84,28,66
1,<environment.Job instance at 0x151b9ed149b0>,40,1,[5 2],55,95,96,40,67
1,<environment.Job instance at 0x151b9ed14af0>,41,14,[10  2],56,96,110,40,81
1,<environment.Job instance at 0x151b9eaa9c30>,44,1,[1 5],59,81,82,22,81
1,<environment.Job instance at 0x151b9eaa9b90>,43,14,[10  2],58,207,221,149,207
1,<environment.Job instance at 0x151b9f1f8e10>,31,26,[10  1],41,890,916,849,890
1,<environment.Job instance at 0x151b9e529cd0>,1,2,[7 1],3,5,7,2,5
1,<environment.Job instance at 0x151b9e5292d0>,3,1,[5 2],5,7,8,2,5
1,<environment.Job instance at 0x151b9e7d32d0>,0,1,[8 1],2,8,9,6,7
1,<environment.Job instance at 0x151ba87cda50>,7,2,[2 6],11,11,13,0,11
1,<environment.Job instance at 0x151ba1f52f50>,9,13,[1 8],13,15,28,2,15
1,<environment.Job instance at 0x151b9ea27a50>,13,12,[8 2],20,20,32,0,20
1,<environment.Job instance at 0x151b9ea27b90>,17,3,[1 5],27,28,31,1,27
1,<environment.Job instance at 0x151b9f132870>,18,2,[5 2],28,32,34,4,30
1,<environment.Job instance at 0x151b9efe2140>,22,1,[8 2],33,34,35,1,33
1,<environment.Job instance at 0x151b9f4e70f0>,23,2,[2 9],34,35,37,1,34
1,<environment.Job instance at 0x151b9f4e7820>,24,3,[9 2],36,37,40,1,36
1,<environment.Job instance at 0x151ba29dba00>,26,1,[1 5],39,40,41,1,40
1,<environment.Job instance at 0x151ba29db910>,27,12,[10  1],41,41,53,0,41
1,<environment.Job instance at 0x151ba29db690>,28,15,[5 2],43,53,68,10,43
1,<environment.Job instance at 0x151b9f203730>,30,1,[2 8],47,53,54,6,47
1,<environment.Job instance at 0x151b9f2035a0>,31,2,[7 2],50,68,70,18,50
1,<environment.Job instance at 0x151b9f2030a0>,29,2,[10  1],46,70,72,24,52
1,<environment.Job instance at 0x151b9f203e10>,32,14,[10  1],51,72,86,21,57
1,<environment.Job instance at 0x151ba1cfce10>,36,2,[9 2],58,86,88,28,59
1,<environment.Job instance at 0x151b9f203410>,37,2,[6 1],59,88,90,29,61
1,<environment.Job instance at 0x151b9f2035f0>,34,1,[2 9],54,88,89,34,63
1,<environment.Job instance at 0x151ba29db500>,25,14,[9 2],38,90,104,52,81
1,<environment.Job instance at 0x151b9f203fa0>,35,2,[8 1],56,104,106,48,84
1,<environment.Job instance at 0x151ba2e8aa00>,4,1,[10  1],6,7,8,1,7
1,<environment.Job instance at 0x151ba1c81050>,7,1,[6 1],10,10,11,0,10
1,<environment.Job instance at 0x151b9f1be640>,9,3,[7 1],13,15,18,2,15
1,<environment.Job instance at 0x151b9f1beb40>,11,1,[8 1],16,18,19,2,16
1,<environment.Job instance at 0x151b9f1be5f0>,12,13,[10  1],20,20,33,0,20
1,<environment.Job instance at 0x151b9eda9e60>,14,3,[2 7],23,33,36,10,23
1,<environment.Job instance at 0x151ba57bb140>,21,14,[9 2],34,36,50,2,34
1,<environment.Job instance at 0x151ba1f52b90>,23,3,[7 2],38,50,53,12,42
1,<environment.Job instance at 0x151b9ece2c30>,22,17,[9 1],37,53,70,16,48
1,<environment.Job instance at 0x151ba866ec30>,30,3,[8 1],50,70,73,20,50
1,<environment.Job instance at 0x151b9ec210f0>,31,3,[2 5],52,70,73,18,52
1,<environment.Job instance at 0x151b9e520960>,32,13,[1 9],54,54,67,0,54
1,<environment.Job instance at 0x151b9e5645f0>,33,12,[2 7],56,73,85,17,61
1,<environment.Job instance at 0x151ba1c72af0>,26,16,[ 2 10],43,85,101,42,74
1,<environment.Job instance at 0x151ba1f856e0>,29,1,[1 7],48,101,102,53,98
1,<environment.Job instance at 0x151ba2e9d870>,1,1,[1 5],2,4,5,2,4
1,<environment.Job instance at 0x151b9e7f4f50>,7,15,[ 1 10],12,16,31,4,16
1,<environment.Job instance at 0x151ba2b3fa50>,11,3,[9 2],17,31,34,14,17
1,<environment.Job instance at 0x151ba1fb37d0>,12,3,[8 1],18,34,37,16,18
1,<environment.Job instance at 0x151b9e7f4230>,13,3,[2 6],20,34,37,14,20
1,<environment.Job instance at 0x151b9ecab780>,17,2,[2 7],25,37,39,12,25
1,<environment.Job instance at 0x151ba9717eb0>,14,20,[5 1],21,37,57,16,28
1,<environment.Job instance at 0x151b9ebec5f0>,18,2,[10  1],27,57,59,30,31
1,<environment.Job instance at 0x151ba29e4870>,19,15,[8 1],29,59,74,30,46
1,<environment.Job instance at 0x151b9eeb6960>,32,14,[1 9],48,59,73,11,48
1,<environment.Job instance at 0x151b9eda9370>,35,3,[10  1],53,74,77,21,59
1,<environment.Job instance at 0x151ba8781c80>,20,1,[6 2],30,77,78,47,76
1,<environment.Job instance at 0x151ba203bfa0>,23,14,[ 1 10],36,78,92,42,78
1,<environment.Job instance at 0x151b9e779f50>,2,2,[1 7],5,5,7,0,5
1,<environment.Job instance at 0x151b9e779a50>,5,16,[2 5],8,13,29,5,13
1,<environment.Job instance at 0x151b9e73f7d0>,8,2,[7 1],14,14,16,0,14
1,<environment.Job instance at 0x151b9e73fc80>,9,1,[2 7],16,29,30,13,16
1,<environment.Job instance at 0x151b9e73f910>,10,2,[1 6],17,30,32,13,17
1,<environment.Job instance at 0x151b9e73fb90>,11,3,[8 2],18,18,21,0,18
1,<environment.Job instance at 0x151b9e73f9b0>,12,2,[7 1],20,21,23,1,20
1,<environment.Job instance at 0x151b9e73f2d0>,13,18,[7 1],21,23,41,2,21
1,<environment.Job instance at 0x151b9e73f3c0>,14,13,[8 2],22,41,54,19,25
1,<environment.Job instance at 0x151b9e73f730>,16,12,[ 2 10],28,54,66,26,41
1,<environment.Job instance at 0x151b9e8f3b90>,29,17,[2 8],47,66,83,19,56
1,<environment.Job instance at 0x151b9e73ff50>,15,12,[5 1],27,66,78,39,56
1,<environment.Job instance at 0x151b9f9cddc0>,37,1,[2 6],57,83,84,26,59
1,<environment.Job instance at 0x151b9e73f5a0>,18,24,[1 8],30,85,109,55,85
1,<environment.Job instance at 0x151b9e73f460>,17,1,[10  1],29,109,110,80,104
1,<environment.Job instance at 0x151b9e8c1eb0>,2,1,[7 2],4,4,5,0,4
1,<environment.Job instance at 0x151b9f18d3c0>,5,15,[1 7],8,9,24,1,9
1,<environment.Job instance at 0x151b9f18d410>,7,2,[2 9],10,24,26,14,10
1,<environment.Job instance at 0x151b9f18daa0>,8,18,[2 7],11,26,44,15,19
1,<environment.Job instance at 0x151b9f18d6e0>,4,1,[10  1],7,44,45,37,24
1,<environment.Job instance at 0x151ba86bf6e0>,16,12,[ 2 10],21,45,57,24,28
1,<environment.Job instance at 0x151ba2ad34b0>,22,1,[9 2],29,57,58,28,32
1,<environment.Job instance at 0x151b9ea8b780>,26,2,[1 5],33,57,59,24,33
1,<environment.Job instance at 0x151b9e814500>,29,3,[10  2],36,59,62,23,36
1,<environment.Job instance at 0x151b9f4c5280>,32,2,[10  1],39,62,64,23,39
1,<environment.Job instance at 0x151ba2e49dc0>,36,3,[9 1],43,64,67,21,43
1,<environment.Job instance at 0x151b9ea8bc80>,27,12,[1 9],34,64,76,30,49
1,<environment.Job instance at 0x151ba1f3daa0>,21,16,[8 1],28,67,83,39,55
1,<environment.Job instance at 0x151ba2b4ac80>,37,12,[9 2],44,83,95,39,66
1,<environment.Job instance at 0x151b9e688aa0>,48,16,[6 1],58,95,111,37,82
1,<environment.Job instance at 0x151b9e9d5e10>,24,13,[1 6],31,96,109,65,96
1,<environment.Job instance at 0x151ba882cf00>,5,1,[2 7],11,12,13,1,12
1,<environment.Job instance at 0x151ba882c500>,3,14,[1 5],8,30,44,22,30
1,<environment.Job instance at 0x151b9e999730>,17,1,[6 2],31,31,32,0,31
1,<environment.Job instance at 0x151b9e8786e0>,18,14,[9 2],34,34,48,0,34
1,<environment.Job instance at 0x151b9e999e60>,11,18,[1 9],21,48,66,27,39
1,<environment.Job instance at 0x151ba882c730>,4,14,[9 2],9,66,80,57,55
1,<environment.Job instance at 0x151ba1cf3910>,32,16,[1 6],51,66,82,15,55
1,<environment.Job instance at 0x151b9eb27fa0>,30,13,[1 7],49,236,249,187,236
1,<environment.Job instance at 0x151ba882cb90>,7,12,[8 1],14,321,333,307,321
1,<environment.Job instance at 0x151ba1cf3640>,33,16,[7 1],53,386,402,333,386
1,<environment.Job instance at 0x151ba87f57d0>,2,20,[ 2 10],4,6,26,2,6
1,<environment.Job instance at 0x151ba1cf3640>,5,3,[8 2],7,26,29,19,7
1,<environment.Job instance at 0x151ba939b780>,1,12,[2 7],3,26,38,23,9
1,<environment.Job instance at 0x151ba2097190>,8,2,[2 5],12,38,40,26,12
1,<environment.Job instance at 0x151bab640fa0>,9,14,[5 2],15,29,43,14,18
1,<environment.Job instance at 0x151b9f167a00>,12,3,[2 8],19,40,43,21,19
1,<environment.Job instance at 0x151b9f1674b0>,13,2,[1 9],21,43,45,22,21
1,<environment.Job instance at 0x151bab640780>,6,15,[7 2],8,45,60,37,32
1,<environment.Job instance at 0x151b9edaf500>,20,1,[6 1],33,43,44,10,33
1,<environment.Job instance at 0x151ba2e2c3c0>,21,1,[7 2],34,60,61,26,34
1,<environment.Job instance at 0x151b9efe5af0>,22,2,[ 1 10],35,61,63,26,35
1,<environment.Job instance at 0x151b9e7ddf50>,19,17,[8 1],32,63,80,31,53
1,<environment.Job instance at 0x151ba41219b0>,29,18,[1 9],50,63,81,13,56
1,<environment.Job instance at 0x151ba29da820>,1,16,[ 2 10],3,3,19,0,3
1,<environment.Job instance at 0x151ba29310f0>,3,2,[ 2 10],7,19,21,12,7
1,<environment.Job instance at 0x151b9efc0e10>,5,1,[10  2],9,21,22,12,9
1,<environment.Job instance at 0x151b9e4fe7d0>,8,2,[8 2],12,22,24,10,12
1,<environment.Job instance at 0x151b9e4fe820>,11,2,[1 7],15,22,24,7,15
1,<environment.Job instance at 0x151ba29d8730>,12,18,[8 1],16,24,42,8,19
1,<environment.Job instance at 0x151ba1ea78c0>,16,17,[1 9],21,24,41,3,24
1,<environment.Job instance at 0x151b9ea7e460>,19,2,[2 6],24,41,43,17,24
1,<environment.Job instance at 0x151b9e46ea00>,20,14,[2 5],25,43,57,18,28
1,<environment.Job instance at 0x151bab640c30>,21,12,[5 1],26,42,54,16,28
1,<environment.Job instance at 0x151b9e46ebe0>,25,13,[1 8],31,57,70,26,48
1,<environment.Job instance at 0x151baadc0140>,27,3,[7 1],33,54,57,21,48
1,<environment.Job instance at 0x151ba28f7960>,29,1,[8 2],36,57,58,21,48
1,<environment.Job instance at 0x151ba28f7aa0>,30,3,[1 8],40,70,73,30,48
1,<environment.Job instance at 0x151ba86bf140>,36,14,[1 8],51,73,87,22,59
1,<environment.Job instance at 0x151b9e6e0e60>,22,13,[1 7],27,87,100,60,80
1,<environment.Job instance at 0x151ba1be42d0>,18,23,[6 1],23,235,258,212,235
1,<environment.Job instance at 0x151ba87cd550>,1,2,[2 8],2,3,5,1,3
1,<environment.Job instance at 0x151ba1ddf3c0>,3,2,[2 6],4,5,7,1,4
1,<environment.Job instance at 0x151ba1ddf820>,2,3,[8 1],3,4,7,1,4
1,<environment.Job instance at 0x151b9ec4f870>,6,2,[2 9],9,9,11,0,9
1,<environment.Job instance at 0x151b9ec4f5f0>,7,2,[5 1],10,10,12,0,10
1,<environment.Job instance at 0x151b9e889c80>,16,3,[2 9],23,33,36,10,33
1,<environment.Job instance at 0x151b9e889be0>,11,3,[ 2 10],15,38,41,23,38
1,<environment.Job instance at 0x151ba87d2af0>,20,2,[8 1],28,45,47,17,45
1,<environment.Job instance at 0x151ba8806e60>,22,1,[9 2],30,51,52,21,51
1,<environment.Job instance at 0x151ba87d2eb0>,17,13,[2 7],25,81,94,56,81
1,<environment.Job instance at 0x151ba933caf0>,31,12,[1 6],43,94,106,51,81
1,<environment.Job instance at 0x151ba943aa50>,33,2,[2 7],45,106,108,61,81
1,<environment.Job instance at 0x151b9f1c95f0>,24,3,[10  2],32,108,111,76,89
1,<environment.Job instance at 0x151ba8753af0>,44,2,[2 9],57,111,113,54,100
1,<environment.Job instance at 0x151ba8753870>,41,22,[6 2],54,151,173,97,151
1,<environment.Job instance at 0x151b9ebcf5a0>,5,2,[5 1],12,22,24,10,22
1,<environment.Job instance at 0x151b9ebcf460>,7,3,[8 2],17,24,27,7,22
1,<environment.Job instance at 0x151b9ebcf7d0>,13,21,[2 5],25,25,46,0,25
1,<environment.Job instance at 0x151bab79e8c0>,15,12,[2 8],28,46,58,18,40
1,<environment.Job instance at 0x151ba2a1d960>,22,2,[2 5],39,40,42,1,40
1,<environment.Job instance at 0x151ba1f85b90>,23,1,[10  2],40,58,59,18,40
1,<environment.Job instance at 0x151b9f9b4320>,24,3,[2 8],41,59,62,18,41
1,<environment.Job instance at 0x151b9f9b4e10>,25,3,[6 1],42,42,45,0,42
1,<environment.Job instance at 0x151b9efd8500>,26,14,[2 9],43,62,76,19,47
1,<environment.Job instance at 0x151b9efd8b90>,28,1,[1 9],46,76,77,30,48
1,<environment.Job instance at 0x151ba1c964b0>,29,3,[7 2],47,48,51,1,48
1,<environment.Job instance at 0x151ba1c96730>,30,1,[1 7],48,77,78,29,49
1,<environment.Job instance at 0x151ba1f25a00>,31,1,[8 2],49,51,52,2,49
1,<environment.Job instance at 0x151ba1f25d20>,32,3,[ 1 10],50,78,81,28,52
1,<environment.Job instance at 0x151b9ebcf9b0>,6,13,[10  2],14,113,126,99,113
1,<environment.Job instance at 0x151b9ebcf140>,8,14,[1 6],20,126,140,106,120
1,<environment.Job instance at 0x151b9e6c33c0>,1,1,[9 2],3,5,6,2,5
1,<environment.Job instance at 0x151b9e6c3f50>,7,16,[ 2 10],11,11,27,0,11
1,<environment.Job instance at 0x151b9e6c3e10>,6,1,[ 1 10],10,27,28,17,15
1,<environment.Job instance at 0x151b9e6c3eb0>,10,2,[2 5],17,28,30,11,18
1,<environment.Job instance at 0x151b9eeef5a0>,11,2,[8 2],18,28,30,10,18
1,<environment.Job instance at 0x151b9eeef9b0>,17,2,[8 2],28,49,51,21,49
1,<environment.Job instance at 0x151b9eeef820>,19,16,[1 7],30,54,70,24,54
1,<environment.Job instance at 0x151b9eeefe10>,20,13,[5 1],31,54,67,23,54
1,<environment.Job instance at 0x151b9eeef1e0>,15,18,[9 1],25,67,85,42,67
1,<environment.Job instance at 0x151b9eeefb40>,21,12,[8 1],32,85,97,53,70
1,<environment.Job instance at 0x151b9eeef050>,25,1,[8 1],36,97,98,61,74
1,<environment.Job instance at 0x151b9eeef460>,27,1,[ 1 10],39,98,99,59,74
1,<environment.Job instance at 0x151b9e729320>,28,2,[6 1],42,99,101,57,80
1,<environment.Job instance at 0x151b9e729d70>,29,1,[8 1],43,101,102,58,81
1,<environment.Job instance at 0x151b9e7295a0>,32,3,[5 2],47,102,105,55,84
1,<environment.Job instance at 0x151b9e729410>,33,13,[7 2],48,185,198,137,185
1,<environment.Job instance at 0x151b9e729550>,38,27,[ 2 10],56,506,533,450,506
1,<environment.Job instance at 0x151b9e7293c0>,2,2,[1 5],4,4,6,0,4
1,<environment.Job instance at 0x151ba1e5af00>,3,3,[9 1],5,5,8,0,5
1,<environment.Job instance at 0x151b9e729550>,5,3,[1 9],7,7,10,0,7
1,<environment.Job instance at 0x151b9eb3b780>,6,2,[9 2],8,10,12,2,8
1,<environment.Job instance at 0x151b9eb3b550>,7,3,[7 1],9,12,15,3,9
1,<environment.Job instance at 0x151b9eb3b9b0>,8,3,[2 7],10,12,15,2,10
1,<environment.Job instance at 0x151b9f1a0320>,9,2,[9 2],11,15,17,4,11
1,<environment.Job instance at 0x151b9f1a00f0>,11,1,[2 9],14,17,18,3,15
1,<environment.Job instance at 0x151b9e90baf0>,13,14,[1 8],17,18,32,1,17
1,<environment.Job instance at 0x151b9eb3b500>,4,19,[2 5],6,49,68,43,49
1,<environment.Job instance at 0x151b9e64ccd0>,24,17,[1 9],31,68,85,37,56
1,<environment.Job instance at 0x151b9ecbebe0>,19,3,[1 5],24,86,89,62,86
1,<environment.Job instance at 0x151b9ecbe280>,18,2,[9 2],23,91,93,68,91
1,<environment.Job instance at 0x151b9ecbee60>,17,16,[1 5],22,93,109,71,93
1,<environment.Job instance at 0x1475ba242c80>,1,2,[2 5],4,5,7,1,5
1,<environment.Job instance at 0x1475ba242be0>,2,18,[ 1 10],5,7,25,2,5
1,<environment.Job instance at 0x1475ba242b40>,4,2,[6 1],7,25,27,18,7
1,<environment.Job instance at 0x1475ba242af0>,3,2,[1 7],6,25,27,19,7
1,<environment.Job instance at 0x147564d30cd0>,5,3,[9 1],8,27,30,19,11
1,<environment.Job instance at 0x147564ce0320>,9,2,[ 2 10],12,30,32,18,12
1,<environment.Job instance at 0x147564d301e0>,10,3,[7 2],14,32,35,18,16
1,<environment.Job instance at 0x147564d30aa0>,6,16,[2 7],9,32,48,23,19
1,<environment.Job instance at 0x147564d7d960>,15,14,[6 2],20,35,49,15,20
1,<environment.Job instance at 0x147564d29cd0>,17,3,[6 1],23,49,52,26,27
1,<environment.Job instance at 0x147564d29c30>,19,3,[8 1],26,52,55,26,27
1,<environment.Job instance at 0x147564ce06e0>,16,17,[1 7],22,48,65,26,36
1,<environment.Job instance at 0x147564d19640>,23,3,[7 2],30,55,58,25,36
1,<environment.Job instance at 0x147564d195a0>,24,20,[ 1 10],32,65,85,33,56
1,<environment.Job instance at 0x14756460a5a0>,33,2,[5 1],44,58,60,14,56
1,<environment.Job instance at 0x14756460ad70>,34,3,[9 2],45,60,63,15,56
1,<environment.Job instance at 0x14756460ae10>,35,3,[10  2],47,85,88,38,59
1,<environment.Job instance at 0x1475648848c0>,36,3,[1 6],48,88,91,40,62
1,<environment.Job instance at 0x14756460adc0>,37,2,[2 7],49,91,93,42,64
1,<environment.Job instance at 0x14756460a140>,38,2,[8 2],50,88,90,38,64
1,<environment.Job instance at 0x147565040c30>,22,3,[2 6],29,93,96,64,75
1,<environment.Job instance at 0x147564601e10>,39,14,[2 5],51,96,110,45,81
1,<environment.Job instance at 0x147564608190>,48,15,[ 2 10],61,110,125,49,96
1,<environment.Job instance at 0x147564d38780>,51,16,[10  1],69,125,141,56,114
1,<environment.Job instance at 0x1475646215f0>,4,3,[1 9],10,10,13,0,10
1,<environment.Job instance at 0x147571b26fa0>,8,2,[5 2],17,21,23,4,21
1,<environment.Job instance at 0x147564d1b320>,7,17,[ 1 10],16,25,42,9,25
1,<environment.Job instance at 0x1475726aaf00>,18,2,[1 6],33,42,44,9,33
1,<environment.Job instance at 0x1475726aa280>,19,2,[2 6],36,44,46,8,36
1,<environment.Job instance at 0x1475726aa3c0>,20,1,[8 1],37,42,43,5,37
1,<environment.Job instance at 0x1475726aa190>,21,2,[1 5],38,46,48,8,38
1,<environment.Job instance at 0x1475726aa690>,22,17,[9 2],40,46,63,6,40
1,<environment.Job instance at 0x1475726b2870>,23,3,[2 8],41,63,66,22,41
1,<environment.Job instance at 0x1475726b2410>,25,3,[8 1],47,63,66,16,47
1,<environment.Job instance at 0x1475726b0f00>,27,3,[9 2],50,66,69,16,50
1,<environment.Job instance at 0x1475726b0870>,28,12,[1 7],51,51,63,0,51
1,<environment.Job instance at 0x1475726b0d70>,26,3,[10  1],49,69,72,20,52
1,<environment.Job instance at 0x1475726b05f0>,30,2,[9 1],53,72,74,19,53
1,<environment.Job instance at 0x1475726b0280>,32,2,[1 5],55,66,68,11,55
1,<environment.Job instance at 0x147571ba85a0>,33,3,[2 5],57,74,77,17,57
1,<environment.Job instance at 0x147571ba8e60>,34,3,[8 1],58,74,77,16,58
1,<environment.Job instance at 0x147571ba80a0>,35,3,[1 6],59,77,80,18,61
1,<environment.Job instance at 0x147571e40e10>,37,1,[5 2],63,77,78,14,63
1,<environment.Job instance at 0x147571e40910>,38,1,[5 2],64,78,79,14,72
1,<environment.Job instance at 0x1475726b0550>,31,18,[2 5],54,80,98,26,75
1,<environment.Job instance at 0x147571e40eb0>,40,18,[1 5],67,100,118,33,100
1,<environment.Job instance at 0x147571e40f00>,36,15,[6 2],62,127,142,65,127
1,<environment.Job instance at 0x1475a0158690>,1,2,[1 7],5,6,8,1,6
1,<environment.Job instance at 0x147566f5ad70>,4,2,[6 1],12,12,14,0,12
1,<environment.Job instance at 0x147566f95c80>,5,15,[9 2],13,15,30,2,15
1,<environment.Job instance at 0x147565018d20>,10,14,[5 1],20,30,44,10,23
1,<environment.Job instance at 0x147567c8f460>,16,3,[9 1],27,44,47,17,27
1,<environment.Job instance at 0x147567c8f410>,17,3,[2 7],28,30,33,2,28
1,<environment.Job instance at 0x147566f32410>,20,3,[10  2],35,47,50,12,35
1,<environment.Job instance at 0x14757013c0a0>,22,12,[10  2],39,50,62,11,50
1,<environment.Job instance at 0x147563fa0eb0>,21,16,[6 1],37,62,78,25,50
1,<environment.Job instance at 0x147563e9dfa0>,38,3,[ 1 10],57,78,81,21,57
1,<environment.Job instance at 0x1475a0080b40>,39,2,[8 2],58,81,83,23,58
1,<environment.Job instance at 0x147563eac7d0>,40,2,[ 2 10],60,83,85,23,60
1,<environment.Job instance at 0x147566f36690>,41,2,[2 5],61,62,64,1,61
1,<environment.Job instance at 0x1475a0080af0>,42,1,[1 5],62,64,65,2,62
1,<environment.Job instance at 0x1475727a06e0>,36,3,[1 8],54,85,88,31,78
1,<environment.Job instance at 0x147571a017d0>,45,3,[2 6],65,88,91,23,78
1,<environment.Job instance at 0x147571a01b40>,44,12,[2 6],64,91,103,27,79
1,<environment.Job instance at 0x1475727a0820>,37,18,[ 2 10],56,103,121,47,99
1,<environment.Job instance at 0x1475645b0960>,2,3,[9 2],9,9,12,0,9
1,<environment.Job instance at 0x14757279b730>,3,1,[10  1],10,12,13,2,12
1,<environment.Job instance at 0x14757279bd70>,7,25,[1 8],15,16,41,1,16
1,<environment.Job instance at 0x147567d2e1e0>,10,13,[ 2 10],21,41,54,20,40
1,<environment.Job instance at 0x1475a00ae0a0>,18,2,[9 2],30,54,56,24,40
1,<environment.Job instance at 0x1475a00aee60>,19,2,[6 1],32,56,58,24,43
1,<environment.Job instance at 0x1475650186e0>,20,1,[10  1],33,58,59,25,43
1,<environment.Job instance at 0x147571b1e640>,11,3,[1 6],22,54,57,32,43
1,<environment.Job instance at 0x147571a50960>,24,3,[1 7],40,59,62,19,46
1,<environment.Job instance at 0x147564215910>,25,3,[10  1],41,62,65,21,48
1,<environment.Job instance at 0x1475726da730>,23,3,[9 1],39,59,62,20,48
1,<environment.Job instance at 0x1475a07ba3c0>,26,2,[1 5],42,65,67,23,53
1,<environment.Job instance at 0x147567194410>,28,16,[7 1],48,65,81,17,56
1,<environment.Job instance at 0x147566502280>,32,3,[10  2],53,81,84,28,56
1,<environment.Job instance at 0x1475665025f0>,33,2,[8 2],54,84,86,30,57
1,<environment.Job instance at 0x147571a86c30>,34,2,[5 2],55,86,88,31,59
1,<environment.Job instance at 0x1475644c3a00>,36,2,[5 2],59,86,88,27,59
1,<environment.Job instance at 0x147566502dc0>,29,1,[7 1],49,88,89,39,73
1,<environment.Job instance at 0x1475a00efc80>,41,17,[1 7],66,88,105,22,80
1,<environment.Job instance at 0x147566f7f410>,1,3,[5 2],3,4,7,1,4
1,<environment.Job instance at 0x147566f7f780>,2,2,[2 5],5,9,11,4,9
1,<environment.Job instance at 0x1475664ca7d0>,3,14,[ 1 10],6,11,25,5,11
1,<environment.Job instance at 0x1475644bb4b0>,13,17,[1 9],16,25,42,9,22
1,<environment.Job instance at 0x1475644bb780>,12,17,[10  1],15,42,59,27,30
1,<environment.Job instance at 0x14756448ef50>,22,2,[2 8],30,59,61,29,32
1,<environment.Job instance at 0x14756448e370>,23,12,[1 9],31,61,73,30,44
1,<environment.Job instance at 0x14756432aa50>,34,2,[7 2],46,59,61,13,46
1,<environment.Job instance at 0x14756432ae60>,35,1,[9 1],48,61,62,13,48
1,<environment.Job instance at 0x14756432a1e0>,36,3,[1 9],49,73,76,24,49
1,<environment.Job instance at 0x147567098460>,40,1,[1 7],55,76,77,21,55
1,<environment.Job instance at 0x1475670986e0>,43,2,[10  1],58,77,79,19,58
1,<environment.Job instance at 0x147567052e10>,44,1,[7 2],59,76,77,17,59
1,<environment.Job instance at 0x1475670528c0>,45,3,[6 2],60,79,82,19,60
1,<environment.Job instance at 0x1475670521e0>,46,3,[1 9],61,82,85,21,61
1,<environment.Job instance at 0x1475644ab5a0>,29,15,[6 1],39,142,157,103,142
1,<environment.Job instance at 0x1475a01661e0>,49,14,[ 2 10],64,765,779,701,765
1,<environment.Job instance at 0x1475644be640>,19,14,[10  1],26,779,793,753,774
1,<environment.Job instance at 0x1475644f0500>,3,3,[10  2],4,4,7,0,4
1,<environment.Job instance at 0x1475a0a2ddc0>,6,17,[1 7],12,14,31,2,14
1,<environment.Job instance at 0x1475727a0410>,14,2,[1 5],26,31,33,5,26
1,<environment.Job instance at 0x147563e89370>,16,2,[10  1],28,48,50,20,48
1,<environment.Job instance at 0x147563e89b40>,21,1,[8 1],35,50,51,15,48
1,<environment.Job instance at 0x1475a0a2dc30>,11,12,[1 8],22,50,62,28,48
1,<environment.Job instance at 0x1475a014fa50>,26,1,[6 1],42,51,52,9,48
1,<environment.Job instance at 0x147567d54190>,27,1,[8 1],43,52,53,9,48
1,<environment.Job instance at 0x147563e89be0>,15,16,[1 7],27,62,78,35,49
1,<environment.Job instance at 0x14757007a460>,30,18,[7 2],51,53,71,2,51
1,<environment.Job instance at 0x1475a0086370>,37,1,[2 8],61,78,79,17,61
1,<environment.Job instance at 0x1475a0086be0>,38,1,[5 2],62,71,72,9,62
1,<environment.Job instance at 0x1475a0086eb0>,36,3,[7 2],60,72,75,12,68
1,<environment.Job instance at 0x1475700b2af0>,24,17,[10  1],38,182,199,144,182
1,<environment.Job instance at 0x147571bb44b0>,1,2,[9 2],2,2,4,0,2
1,<environment.Job instance at 0x147571a80cd0>,4,3,[1 7],6,6,9,0,6
1,<environment.Job instance at 0x147571a06780>,6,2,[8 2],9,9,11,0,9
1,<environment.Job instance at 0x147571a06cd0>,7,15,[10  2],10,11,26,1,10
1,<environment.Job instance at 0x147571a06aa0>,8,1,[7 2],11,26,27,15,11
1,<environment.Job instance at 0x14756815f3c0>,9,15,[7 2],12,27,42,15,13
1,<environment.Job instance at 0x147571a06050>,5,18,[1 8],7,26,44,19,20
1,<environment.Job instance at 0x147572761410>,15,2,[2 8],23,44,46,21,23
1,<environment.Job instance at 0x14756815f0a0>,11,22,[7 2],15,42,64,27,37
1,<environment.Job instance at 0x1475700a0910>,28,1,[9 2],38,64,65,26,38
1,<environment.Job instance at 0x1475700a0e10>,29,2,[ 1 10],39,65,67,26,39
1,<environment.Job instance at 0x1475700a0f50>,30,3,[2 7],40,46,49,6,40
1,<environment.Job instance at 0x147572761960>,16,17,[10  2],24,67,84,43,56
1,<environment.Job instance at 0x147567d17f00>,38,1,[7 1],53,84,85,31,56
1,<environment.Job instance at 0x1475707c0050>,39,2,[2 5],54,56,58,2,56
1,<environment.Job instance at 0x1475707c0be0>,40,1,[5 2],55,85,86,30,57
1,<environment.Job instance at 0x1475707c0dc0>,42,1,[2 5],57,59,60,2,59
1,<environment.Job instance at 0x1475645866e0>,43,14,[10  2],58,86,100,28,71
1,<environment.Job instance at 0x147563fa5280>,48,1,[5 2],65,85,86,20,71
1,<environment.Job instance at 0x147563fa53c0>,49,1,[1 5],68,84,85,16,71
1,<environment.Job instance at 0x1475707d30f0>,50,2,[6 1],69,100,102,31,73
1,<environment.Job instance at 0x147567d171e0>,33,12,[8 2],43,103,115,60,103
1,<environment.Job instance at 0x147563fbea50>,0,2,[2 6],1,2,4,1,2
1,<environment.Job instance at 0x147563fbeb40>,1,1,[7 1],2,3,4,1,3
1,<environment.Job instance at 0x147563e623c0>,3,3,[ 2 10],4,4,7,0,4
1,<environment.Job instance at 0x147563e62a00>,4,1,[1 7],5,7,8,2,5
1,<environment.Job instance at 0x147563e62230>,6,12,[8 2],10,10,22,0,10
1,<environment.Job instance at 0x147563e62870>,8,2,[ 2 10],15,22,24,7,15
1,<environment.Job instance at 0x147563ea8b40>,9,2,[7 1],16,24,26,8,16
1,<environment.Job instance at 0x147563ea8910>,10,3,[1 5],17,17,20,0,17
1,<environment.Job instance at 0x147563ea8690>,11,2,[5 2],18,26,28,8,18
1,<environment.Job instance at 0x147563ea8a50>,13,1,[10  1],20,28,29,8,20
1,<environment.Job instance at 0x147563ea8320>,12,1,[10  2],19,29,30,10,20
1,<environment.Job instance at 0x147571c37320>,15,1,[8 2],23,30,31,7,23
1,<environment.Job instance at 0x147563fe23c0>,16,2,[2 9],24,24,26,0,24
1,<environment.Job instance at 0x147564c99c30>,17,3,[9 2],26,31,34,5,27
1,<environment.Job instance at 0x14756421d7d0>,19,1,[1 5],29,30,31,1,30
1,<environment.Job instance at 0x147563e6f550>,20,12,[10  1],31,34,46,3,32
1,<environment.Job instance at 0x1475640da0a0>,21,15,[5 2],33,46,61,13,36
1,<environment.Job instance at 0x147563e10280>,23,1,[2 8],37,46,47,9,37
1,<environment.Job instance at 0x147564289e10>,24,2,[7 2],40,61,63,21,40
1,<environment.Job instance at 0x1475726adf00>,26,17,[1 6],43,47,64,4,43
1,<environment.Job instance at 0x147571aab190>,27,1,[2 9],44,64,65,20,44
1,<environment.Job instance at 0x14757009c370>,28,2,[8 1],46,63,65,17,46
1,<environment.Job instance at 0x14757009c780>,29,2,[9 2],48,65,67,17,48
1,<environment.Job instance at 0x14757009ccd0>,30,2,[6 1],49,67,69,18,49
1,<environment.Job instance at 0x14757009c550>,31,3,[ 1 10],50,69,72,19,50
1,<environment.Job instance at 0x147567054050>,32,1,[7 1],51,72,73,21,51
1,<environment.Job instance at 0x1475670544b0>,33,2,[1 6],52,65,67,13,52
1,<environment.Job instance at 0x147567054640>,34,2,[1 6],53,67,69,14,53
1,<environment.Job instance at 0x147567054c30>,35,3,[6 2],54,73,76,19,54
1,<environment.Job instance at 0x1475670540a0>,36,1,[10  1],56,76,77,20,56
1,<environment.Job instance at 0x1475670545f0>,37,3,[6 2],57,77,80,20,57
1,<environment.Job instance at 0x147567dd75a0>,39,1,[6 1],60,80,81,20,60
1,<environment.Job instance at 0x147563e79a00>,40,1,[10  2],61,81,82,20,61
1,<environment.Job instance at 0x147563d8b8c0>,41,3,[7 1],63,82,85,19,63
1,<environment.Job instance at 0x147563d8b2d0>,42,3,[2 7],65,72,75,7,65
1,<environment.Job instance at 0x147563ea6140>,43,1,[8 1],66,85,86,19,66
1,<environment.Job instance at 0x147571aab6e0>,25,14,[10  1],41,86,100,45,71
1,<environment.Job instance at 0x1475638b1aa0>,1,3,[2 7],3,3,6,0,3
1,<environment.Job instance at 0x1475638b1960>,3,2,[1 9],6,6,8,0,6
1,<environment.Job instance at 0x147563f92eb0>,4,1,[1 8],7,8,9,1,7
1,<environment.Job instance at 0x147563f924b0>,5,3,[ 1 10],8,9,12,1,8
1,<environment.Job instance at 0x147563f920f0>,6,2,[1 5],9,12,14,3,9
1,<environment.Job instance at 0x147567dd7b40>,7,17,[2 5],13,34,51,21,34
1,<environment.Job instance at 0x1475a0a34500>,20,12,[2 7],36,51,63,15,46
1,<environment.Job instance at 0x14756412dbe0>,29,2,[1 9],49,63,65,14,49
1,<environment.Job instance at 0x14756412d1e0>,30,3,[1 7],51,65,68,14,51
1,<environment.Job instance at 0x147563f92370>,9,17,[9 1],17,63,80,46,60
1,<environment.Job instance at 0x147571a03be0>,34,14,[8 2],56,80,94,24,69
1,<environment.Job instance at 0x1475644e9460>,13,16,[ 2 10],23,272,288,249,272
1,<environment.Job instance at 0x147563f11820>,39,16,[10  2],62,288,304,226,277
1,<environment.Job instance at 0x1475642bc500>,1,2,[5 2],5,5,7,0,5
1,<environment.Job instance at 0x147567deb3c0>,8,1,[2 9],14,14,15,0,14
1,<environment.Job instance at 0x147567deb550>,9,3,[9 1],15,15,18,0,15
1,<environment.Job instance at 0x147567deb6e0>,11,14,[1 9],18,19,33,1,19
1,<environment.Job instance at 0x147563dc4b90>,13,1,[1 5],22,33,34,11,22
1,<environment.Job instance at 0x147563dc4190>,14,3,[10  1],23,34,37,11,23
1,<environment.Job instance at 0x147563dc4f00>,15,1,[6 2],24,33,34,9,24
1,<environment.Job instance at 0x1475664d3460>,16,2,[6 1],25,25,27,0,25
1,<environment.Job instance at 0x1475727617d0>,17,3,[8 1],27,29,32,2,29
1,<environment.Job instance at 0x1475727a2c80>,19,1,[2 9],30,37,38,7,30
1,<environment.Job instance at 0x1475664d35a0>,20,1,[2 9],31,38,39,7,31
1,<environment.Job instance at 0x147563d75f50>,22,2,[1 7],35,39,41,4,35
1,<environment.Job instance at 0x147563dc4050>,12,15,[1 5],19,41,56,22,35
1,<environment.Job instance at 0x14757011c140>,23,1,[2 7],36,56,57,20,36
1,<environment.Job instance at 0x147568162c30>,26,3,[1 8],40,57,60,17,40
1,<environment.Job instance at 0x1475638cfcd0>,25,16,[2 5],38,60,76,22,47
1,<environment.Job instance at 0x147567dd8870>,30,2,[1 6],47,76,78,29,49
1,<environment.Job instance at 0x147567298960>,31,3,[8 2],48,49,52,1,49
1,<environment.Job instance at 0x1475643490f0>,32,2,[7 1],50,52,54,2,50
1,<environment.Job instance at 0x147564351190>,33,18,[7 1],51,54,72,3,51
1,<environment.Job instance at 0x1475727320a0>,34,13,[8 2],52,72,85,20,56
1,<environment.Job instance at 0x147572732870>,35,12,[5 1],57,85,97,28,68
1,<environment.Job instance at 0x147567e9c690>,37,1,[10  1],59,97,98,38,69
1,<environment.Job instance at 0x1475638b6be0>,21,14,[1 6],34,98,112,64,84
1,<environment.Job instance at 0x1475638fccd0>,29,1,[2 7],46,87,88,41,87
1,<environment.Job instance at 0x14756396da50>,3,3,[8 1],6,6,9,0,6
1,<environment.Job instance at 0x14756396d690>,8,3,[1 8],12,12,15,0,12
1,<environment.Job instance at 0x14756396df50>,9,2,[5 1],13,13,15,0,13
1,<environment.Job instance at 0x147564179730>,10,2,[2 9],14,15,17,1,15
1,<environment.Job instance at 0x1475707bc320>,12,1,[2 6],17,17,18,0,17
1,<environment.Job instance at 0x1475643805a0>,13,3,[10  2],20,20,23,0,20
1,<environment.Job instance at 0x147563faa5f0>,14,2,[8 1],21,23,25,2,21
1,<environment.Job instance at 0x147563faa550>,15,1,[2 9],23,23,24,0,23
1,<environment.Job instance at 0x1475640f59b0>,16,1,[7 2],24,25,26,1,25
1,<environment.Job instance at 0x14756396d5a0>,7,3,[6 1],10,27,30,17,27
1,<environment.Job instance at 0x147564366dc0>,18,1,[10  1],27,30,31,3,27
1,<environment.Job instance at 0x1475644cf7d0>,21,2,[2 9],30,31,33,1,30
1,<environment.Job instance at 0x147564366910>,22,18,[2 7],31,33,51,2,31
1,<environment.Job instance at 0x1475640bc8c0>,24,3,[1 6],33,51,54,18,33
1,<environment.Job instance at 0x147570118dc0>,25,2,[2 6],34,54,56,20,34
1,<environment.Job instance at 0x147570118fa0>,27,1,[ 2 10],36,56,57,20,36
1,<environment.Job instance at 0x147570118190>,26,1,[9 1],35,51,52,16,39
1,<environment.Job instance at 0x147567d15be0>,29,16,[5 1],39,57,73,18,45
1,<environment.Job instance at 0x14756410c500>,30,12,[ 2 10],41,73,85,32,56
1,<environment.Job instance at 0x147563fea7d0>,40,2,[1 5],53,57,59,4,56
1,<environment.Job instance at 0x147563fea0f0>,41,12,[1 9],54,59,71,5,56
1,<environment.Job instance at 0x147563feb320>,43,3,[10  2],56,85,88,29,59
1,<environment.Job instance at 0x147564cba8c0>,36,1,[9 2],49,88,89,39,71
1,<environment.Job instance at 0x14756406d370>,53,12,[2 9],67,89,101,22,76
1,<environment.Job instance at 0x147567e0d190>,3,2,[2 6],4,4,6,0,4
1,<environment.Job instance at 0x147567e0d780>,2,1,[ 1 10],3,6,7,3,4
1,<environment.Job instance at 0x147563c7cd20>,4,1,[ 2 10],5,7,8,2,5
1,<environment.Job instance at 0x147571b85eb0>,10,14,[1 5],18,18,32,0,18
1,<environment.Job instance at 0x147571b85b40>,12,1,[2 7],21,32,33,11,21
1,<environment.Job instance at 0x147571b85d70>,13,2,[10  2],22,33,35,11,23
1,<environment.Job instance at 0x147571b85050>,16,2,[7 1],29,29,31,0,29
1,<environment.Job instance at 0x147563c5f9b0>,17,1,[1 8],30,35,36,5,30
1,<environment.Job instance at 0x147563c5f730>,18,18,[1 9],31,36,54,5,31
1,<environment.Job instance at 0x147563c5f690>,19,15,[1 9],33,54,69,21,40
1,<environment.Job instance at 0x147563c5f640>,22,2,[5 2],37,69,71,32,42
1,<environment.Job instance at 0x147563c5f960>,21,3,[5 1],36,71,74,35,71
1,<environment.Job instance at 0x147563c4c780>,25,14,[9 2],44,74,88,30,74
1,<environment.Job instance at 0x147571b859b0>,15,1,[6 1],28,88,89,60,74
1,<environment.Job instance at 0x147563c4c370>,30,2,[10  1],50,89,91,39,74
1,<environment.Job instance at 0x147563c5f0a0>,20,2,[ 1 10],35,91,93,56,81
1,<environment.Job instance at 0x147563c4caa0>,26,18,[9 1],45,93,111,48,88
1,<environment.Job instance at 0x147563c4c7d0>,33,16,[7 1],55,111,127,56,98
1,<environment.Job instance at 0x1475707c0e10>,4,12,[1 5],6,6,18,0,6
1,<environment.Job instance at 0x14756433cbe0>,5,3,[8 2],7,7,10,0,7
1,<environment.Job instance at 0x14756433c550>,6,15,[7 2],8,10,25,2,9
1,<environment.Job instance at 0x1475664d34b0>,8,2,[2 5],12,18,20,6,12
1,<environment.Job instance at 0x14756433c410>,10,12,[8 2],17,25,37,8,17
1,<environment.Job instance at 0x147564c99460>,11,2,[2 5],18,20,22,2,18
1,<environment.Job instance at 0x147564c996e0>,12,3,[2 8],19,22,25,3,19
1,<environment.Job instance at 0x1475727070f0>,13,2,[1 9],21,37,39,16,21
1,<environment.Job instance at 0x147564c99dc0>,17,2,[7 1],26,63,65,37,63
1,<environment.Job instance at 0x147564ced3c0>,18,2,[7 1],29,65,67,36,63
1,<environment.Job instance at 0x147564c99550>,19,17,[8 1],32,67,84,35,63
1,<environment.Job instance at 0x1475a0092140>,24,1,[2 6],37,63,64,26,63
1,<environment.Job instance at 0x1475a0092460>,25,3,[1 7],38,64,67,26,63
1,<environment.Job instance at 0x1475640dd5f0>,26,1,[8 2],40,84,85,44,63
1,<environment.Job instance at 0x147567c84550>,27,2,[2 8],42,67,69,25,63
1,<environment.Job instance at 0x14756717aaf0>,28,1,[5 2],45,85,86,40,63
1,<environment.Job instance at 0x1475672f7780>,29,18,[1 9],50,86,104,36,75
1,<environment.Job instance at 0x147572767a00>,38,2,[9 2],61,104,106,43,77
1,<environment.Job instance at 0x147564da5c30>,39,16,[ 2 10],63,106,122,43,99
1,<environment.Job instance at 0x1475643badc0>,7,13,[ 2 10],9,122,135,113,116
1,<environment.Job instance at 0x1475a0092050>,23,13,[10  2],36,135,148,99,127
1,<environment.Job instance at 0x147563b023c0>,2,1,[8 2],3,3,4,0,3
1,<environment.Job instance at 0x147563b02190>,1,2,[8 2],2,4,6,2,4
1,<environment.Job instance at 0x14756454e870>,4,2,[1 7],5,5,7,0,5
1,<environment.Job instance at 0x14756812d410>,5,18,[8 1],6,9,27,3,9
1,<environment.Job instance at 0x147563b02b40>,6,18,[8 2],7,27,45,20,17
1,<environment.Job instance at 0x147563c29dc0>,12,2,[2 6],14,36,38,22,36
1,<environment.Job instance at 0x147563c298c0>,13,14,[2 5],15,45,59,30,45
1,<environment.Job instance at 0x147563c295f0>,14,12,[5 1],16,51,63,35,51
1,<environment.Job instance at 0x147563c294b0>,15,13,[1 7],17,59,72,42,53
1,<environment.Job instance at 0x147563c29640>,17,2,[8 2],19,65,67,46,65
1,<environment.Job instance at 0x1475670d5820>,18,13,[1 8],21,74,87,53,74
1,<environment.Job instance at 0x1475670d5690>,19,2,[8 2],22,74,76,52,74
1,<environment.Job instance at 0x1475670d5f00>,20,3,[7 1],23,76,79,53,74
1,<environment.Job instance at 0x1475670d5e60>,21,1,[1 8],25,87,88,62,74
1,<environment.Job instance at 0x147567e661e0>,23,3,[1 8],30,88,91,58,74
1,<environment.Job instance at 0x1475670b9b40>,27,3,[6 2],38,79,82,41,74
1,<environment.Job instance at 0x1475700246e0>,31,2,[10  2],43,91,93,48,82
1,<environment.Job instance at 0x147571bbc1e0>,32,3,[10  1],44,93,96,49,85
1,<environment.Job instance at 0x1475638b9cd0>,33,2,[ 1 10],46,96,98,50,86
1,<environment.Job instance at 0x147571a32230>,34,3,[2 6],47,98,101,51,86
1,<environment.Job instance at 0x147571a323c0>,35,2,[1 9],48,101,103,53,86
1,<environment.Job instance at 0x1475707b5a00>,36,3,[2 8],49,103,106,54,89
1,<environment.Job instance at 0x147571bbcd20>,29,14,[1 8],41,106,120,65,96
1,<environment.Job instance at 0x1475707b5640>,37,1,[1 7],51,120,121,69,96
1,<environment.Job instance at 0x1475707b5280>,40,2,[2 6],54,121,123,67,96
1,<environment.Job instance at 0x147563c147d0>,42,3,[7 1],57,100,103,43,100
1,<environment.Job instance at 0x147563c14d70>,43,2,[2 9],59,123,125,64,100
1,<environment.Job instance at 0x147563854cd0>,44,2,[5 1],60,103,105,43,100
1,<environment.Job instance at 0x147563f71910>,0,1,[2 9],1,1,2,0,1
1,<environment.Job instance at 0x147563f71410>,2,3,[2 9],3,3,6,0,3
1,<environment.Job instance at 0x1475642a6960>,6,2,[8 1],8,8,10,0,8
1,<environment.Job instance at 0x1475642a6460>,7,1,[2 6],9,9,10,0,9
1,<environment.Job instance at 0x1475642a6320>,9,2,[ 1 10],11,11,13,0,11
1,<environment.Job instance at 0x1475642a6aa0>,5,14,[2 9],7,13,27,6,11
1,<environment.Job instance at 0x1475642a69b0>,8,1,[9 2],10,27,28,17,15
1,<environment.Job instance at 0x147571bba820>,12,12,[2 5],16,28,40,12,16
1,<environment.Job instance at 0x147563a569b0>,14,3,[8 2],20,28,31,8,20
1,<environment.Job instance at 0x1475642a6e60>,11,14,[7 2],15,31,45,16,20
1,<environment.Job instance at 0x147563a560f0>,13,1,[1 5],18,40,41,22,28
1,<environment.Job instance at 0x14756503f0f0>,21,13,[5 1],27,45,58,18,29
1,<environment.Job instance at 0x147564da30f0>,23,1,[8 2],30,58,59,28,30
1,<environment.Job instance at 0x147571c03140>,24,3,[10  2],31,59,62,28,33
1,<environment.Job instance at 0x1475640790f0>,25,1,[5 2],32,45,46,13,33
1,<environment.Job instance at 0x147571aeb280>,22,3,[5 2],28,46,49,18,37
1,<environment.Job instance at 0x1475638a6af0>,30,2,[2 9],37,49,51,12,37
1,<environment.Job instance at 0x147563869690>,34,3,[6 2],42,109,112,67,109
1,<environment.Job instance at 0x1475a0e99190>,29,15,[ 1 10],36,112,127,76,109
1,<environment.Job instance at 0x14756503f2d0>,20,12,[2 6],26,127,139,101,123
1,<environment.Job instance at 0x147571b7be10>,45,2,[6 2],63,133,135,70,133
1,<environment.Job instance at 0x147571b7bb90>,46,2,[1 8],64,139,141,75,133
1,<environment.Job instance at 0x147567d93f00>,47,21,[2 5],65,141,162,76,133
1,<environment.Job instance at 0x1475640f8320>,19,2,[2 7],25,162,164,137,161
1,<environment.Job instance at 0x1475700bd190>,40,13,[10  2],54,482,495,428,482
1,<environment.Job instance at 0x14756448a5f0>,2,2,[1 7],5,5,7,0,5
1,<environment.Job instance at 0x1475644a55a0>,3,3,[8 1],6,6,9,0,6
1,<environment.Job instance at 0x147571b10910>,1,3,[5 2],4,9,12,5,6
1,<environment.Job instance at 0x147563c055a0>,6,3,[2 8],11,11,14,0,11
1,<environment.Job instance at 0x1475664f16e0>,8,14,[2 9],13,14,28,1,14
1,<environment.Job instance at 0x1475664f1140>,7,3,[6 1],12,15,18,3,15
1,<environment.Job instance at 0x147563a79b40>,10,1,[1 9],16,28,29,12,16
1,<environment.Job instance at 0x147563a79140>,13,1,[8 2],19,29,30,10,19
1,<environment.Job instance at 0x147563c0d8c0>,14,3,[ 1 10],20,30,33,10,20
1,<environment.Job instance at 0x147563a79c80>,12,1,[1 7],18,29,30,11,23
1,<environment.Job instance at 0x1475700f55f0>,16,2,[10  1],22,33,35,11,24
1,<environment.Job instance at 0x1475645c3960>,18,3,[5 1],24,25,28,1,25
1,<environment.Job instance at 0x147567065f50>,24,2,[7 2],37,37,39,0,37
1,<environment.Job instance at 0x147567065500>,26,1,[7 2],39,50,51,11,50
1,<environment.Job instance at 0x147567c8a1e0>,28,16,[ 2 10],41,51,67,10,51
1,<environment.Job instance at 0x1475672735a0>,35,3,[2 6],53,67,70,14,53
1,<environment.Job instance at 0x147563e05050>,34,12,[2 9],52,70,82,18,55
1,<environment.Job instance at 0x14756588d1e0>,40,16,[1 7],60,175,191,115,175
1,<environment.Job instance at 0x147570079a50>,38,2,[8 2],58,178,180,120,178
1,<environment.Job instance at 0x14757079b5a0>,41,13,[5 1],61,186,199,125,186
1,<environment.Job instance at 0x14757079bf50>,42,12,[8 1],62,441,453,379,441
1,<environment.Job instance at 0x1475681035f0>,1,1,[8 1],3,3,4,0,3
1,<environment.Job instance at 0x147567e66280>,2,1,[9 1],4,5,6,1,5
1,<environment.Job instance at 0x147567e66960>,4,3,[5 2],7,10,13,3,10
1,<environment.Job instance at 0x147563c1dc30>,8,3,[1 6],14,15,18,1,15
1,<environment.Job instance at 0x147567e66690>,5,13,[7 2],8,23,36,15,23
1,<environment.Job instance at 0x147564374690>,16,2,[1 5],24,24,26,0,24
1,<environment.Job instance at 0x147566fb2aa0>,17,3,[9 1],25,36,39,11,25
1,<environment.Job instance at 0x147567e8f6e0>,18,19,[2 5],26,39,58,13,29
1,<environment.Job instance at 0x147571a19b40>,20,2,[9 2],28,58,60,30,31
1,<environment.Job instance at 0x147567160b40>,21,3,[7 1],29,39,42,10,31
1,<environment.Job instance at 0x147564cbaeb0>,22,3,[2 7],30,31,34,1,31
1,<environment.Job instance at 0x147567ccdbe0>,23,2,[9 2],31,60,62,29,33
1,<environment.Job instance at 0x147567160690>,25,1,[2 9],34,144,145,110,144
1,<environment.Job instance at 0x1475650509b0>,26,1,[1 8],36,145,146,109,144
1,<environment.Job instance at 0x147564558af0>,27,14,[1 8],37,146,160,109,144
1,<environment.Job instance at 0x147564558460>,28,2,[ 1 10],38,160,162,122,144
1,<environment.Job instance at 0x147566fd1a00>,29,3,[8 2],39,145,148,106,144
1,<environment.Job instance at 0x147564558b90>,30,12,[6 2],41,148,160,107,146
1,<environment.Job instance at 0x14756504be10>,33,3,[1 5],44,162,165,118,146
1,<environment.Job instance at 0x1475726abcd0>,34,2,[1 9],45,165,167,120,146
1,<environment.Job instance at 0x147571a324b0>,35,2,[10  2],46,167,169,121,146
1,<environment.Job instance at 0x147564c977d0>,36,2,[ 1 10],47,169,171,122,146
1,<environment.Job instance at 0x147564c971e0>,37,1,[5 2],50,162,163,112,146
1,<environment.Job instance at 0x147564c970a0>,38,17,[1 9],51,171,188,120,159
1,<environment.Job instance at 0x1475a0a134b0>,48,3,[1 6],67,188,191,121,162
1,<environment.Job instance at 0x1475a0a13f50>,49,3,[1 9],68,191,194,123,173
1,<environment.Job instance at 0x147563c1d500>,6,12,[2 8],9,194,206,185,189
1,<environment.Job instance at 0x147564c93eb0>,0,2,[2 7],2,2,4,0,2
1,<environment.Job instance at 0x1475641666e0>,5,2,[9 1],11,11,13,0,11
1,<environment.Job instance at 0x147564166be0>,4,2,[1 8],10,11,13,1,11
1,<environment.Job instance at 0x1475641662d0>,8,12,[1 7],15,15,27,0,15
1,<environment.Job instance at 0x147564166730>,9,24,[8 1],16,17,41,1,17
1,<environment.Job instance at 0x147564166dc0>,11,1,[1 6],18,27,28,9,18
1,<environment.Job instance at 0x1475637ccc80>,12,2,[2 6],19,28,30,9,19
1,<environment.Job instance at 0x147564166d70>,10,1,[6 2],17,41,42,24,20
1,<environment.Job instance at 0x14756463c190>,14,2,[ 1 10],22,42,44,20,22
1,<environment.Job instance at 0x147563bce910>,15,2,[1 5],24,30,32,6,26
1,<environment.Job instance at 0x1475641665f0>,13,17,[10  2],20,44,61,24,33
1,<environment.Job instance at 0x1475642e8370>,22,2,[8 1],34,61,63,27,35
1,<environment.Job instance at 0x1475638789b0>,17,14,[2 9],28,895,909,867,895
1,<environment.Job instance at 0x147567e76140>,27,12,[1 9],41,909,921,868,903
1,<environment.Job instance at 0x147563896e60>,30,3,[9 2],44,921,924,877,903
1,<environment.Job instance at 0x147563896d20>,31,3,[8 2],46,924,927,878,903
1,<environment.Job instance at 0x147563896370>,32,17,[2 7],48,924,941,876,913
1,<environment.Job instance at 0x147563896af0>,38,2,[2 8],55,941,943,886,914
1,<environment.Job instance at 0x14756404aa00>,39,1,[6 1],56,914,915,858,914
1,<environment.Job instance at 0x14756431faa0>,43,1,[5 2],61,927,928,866,914
1,<environment.Job instance at 0x14756431f460>,41,17,[1 8],58,943,960,885,936
1,<environment.Job instance at 0x147567e76190>,26,18,[1 9],39,1635,1653,1596,1635
1,<environment.Job instance at 0x1475638969b0>,29,18,[5 2],43,1925,1943,1882,1925
1,<environment.Job instance at 0x14756405a3c0>,0,16,[1 7],1,1,17,0,1
1,<environment.Job instance at 0x1475644cc230>,7,18,[10  1],9,17,35,8,10
1,<environment.Job instance at 0x1475644cc820>,12,2,[2 6],17,35,37,18,17
1,<environment.Job instance at 0x1475644cc4b0>,14,2,[6 2],19,35,37,16,19
1,<environment.Job instance at 0x1475644ccb40>,15,15,[7 1],20,37,52,17,24
1,<environment.Job instance at 0x147563fe9230>,21,1,[10  1],27,52,53,25,27
1,<environment.Job instance at 0x147563fe9190>,22,1,[6 2],28,53,54,25,28
1,<environment.Job instance at 0x147563fe9910>,28,1,[7 1],37,54,55,17,40
1,<environment.Job instance at 0x147563fe9730>,29,3,[5 2],38,55,58,17,40
1,<environment.Job instance at 0x147563fe9c30>,30,1,[10  1],39,58,59,19,40
1,<environment.Job instance at 0x147563ffecd0>,31,1,[ 1 10],40,59,60,19,40
1,<environment.Job instance at 0x147563ffe9b0>,32,1,[2 5],41,41,42,0,41
1,<environment.Job instance at 0x147563fdcc80>,33,2,[ 1 10],42,60,62,18,42
1,<environment.Job instance at 0x147563fdcf00>,34,2,[2 8],43,43,45,0,43
1,<environment.Job instance at 0x147563fdc140>,35,1,[8 2],44,62,63,18,44
1,<environment.Job instance at 0x1475645a0500>,36,2,[6 1],47,63,65,16,47
1,<environment.Job instance at 0x1475645a05a0>,37,1,[5 2],50,55,56,5,51
1,<environment.Job instance at 0x147563cdccd0>,43,2,[8 2],58,65,67,7,58
1,<environment.Job instance at 0x147563cdc0a0>,44,1,[7 2],59,67,68,8,59
1,<environment.Job instance at 0x147563cdc280>,45,25,[2 5],60,62,87,2,60
1,<environment.Job instance at 0x147563cdcaa0>,46,3,[1 8],61,87,90,26,61
1,<environment.Job instance at 0x147563cdce10>,47,17,[7 1],62,68,85,6,62
1,<environment.Job instance at 0x147563cdc410>,48,2,[10  1],63,90,92,27,63
1,<environment.Job instance at 0x147563cdc3c0>,49,1,[8 2],64,85,86,21,64
1,<environment.Job instance at 0x147563cdc140>,50,2,[5 1],65,86,88,21,65
1,<environment.Job instance at 0x147563cdc550>,51,2,[6 1],66,88,90,22,67
1,<environment.Job instance at 0x147563fd0640>,53,3,[10  1],68,92,95,24,68
1,<environment.Job instance at 0x147563fe9960>,19,1,[1 8],24,95,96,71,70
1,<environment.Job instance at 0x147563fe9e60>,24,20,[9 2],31,95,115,64,94
1,<environment.Job instance at 0x1475639117d0>,7,1,[10  2],15,15,16,0,15
1,<environment.Job instance at 0x147563911780>,6,2,[2 6],14,16,18,2,15
1,<environment.Job instance at 0x147563911d70>,8,18,[5 2],16,18,36,2,18
1,<environment.Job instance at 0x1475639116e0>,11,3,[5 2],20,20,23,0,20
1,<environment.Job instance at 0x147563b80c80>,12,2,[2 9],22,36,38,14,22
1,<environment.Job instance at 0x147563b80460>,14,16,[9 1],24,38,54,14,29
1,<environment.Job instance at 0x147563b80640>,17,18,[1 6],30,46,64,16,46
1,<environment.Job instance at 0x147563c39f50>,26,18,[9 2],48,54,72,6,48
1,<environment.Job instance at 0x147570182140>,27,1,[2 5],49,72,73,23,49
1,<environment.Job instance at 0x1475664d7b90>,28,22,[9 2],50,73,95,23,68
1,<environment.Job instance at 0x147563e5ef50>,34,2,[7 2],62,95,97,33,68
1,<environment.Job instance at 0x147567e8f3c0>,35,2,[2 5],63,95,97,32,68
1,<environment.Job instance at 0x147564236780>,36,3,[2 6],64,97,100,33,71
1,<environment.Job instance at 0x1475642369b0>,37,15,[1 6],66,73,88,7,71
1,<environment.Job instance at 0x147564560a50>,25,14,[7 1],46,97,111,51,94
1,<environment.Job instance at 0x150446fa3af0>,1,2,[2 5],4,4,6,0,4
1,<environment.Job instance at 0x150446fa3aa0>,0,17,[ 1 10],3,6,23,3,5
1,<environment.Job instance at 0x1503f1a54e10>,4,2,[6 1],7,23,25,16,7
1,<environment.Job instance at 0x1503f1a54f00>,7,3,[5 1],10,25,28,15,10
1,<environment.Job instance at 0x1503f1a542d0>,6,16,[2 7],9,23,39,14,10
1,<environment.Job instance at 0x1503f1a06cd0>,8,13,[ 2 10],11,39,52,28,23
1,<environment.Job instance at 0x1503f1a62140>,17,3,[6 1],23,28,31,5,26
1,<environment.Job instance at 0x1503f1d6baf0>,18,1,[5 2],25,31,32,6,26
1,<environment.Job instance at 0x1503f19f81e0>,5,3,[9 1],8,52,55,44,26
1,<environment.Job instance at 0x1503f1a3bf50>,19,3,[8 1],26,32,35,6,26
1,<environment.Job instance at 0x1503f1a49cd0>,22,3,[2 6],29,55,58,26,34
1,<environment.Job instance at 0x1503f1a36050>,23,3,[7 2],30,35,38,5,34
1,<environment.Job instance at 0x1503f132af50>,33,2,[5 1],44,55,57,11,49
1,<environment.Job instance at 0x1503f1a39690>,24,20,[ 1 10],32,58,78,26,49
1,<environment.Job instance at 0x1503f1321960>,35,3,[10  2],47,78,81,31,52
1,<environment.Job instance at 0x1503f1321820>,36,3,[1 6],48,52,55,4,52
1,<environment.Job instance at 0x1503f1321cd0>,37,2,[2 7],49,81,83,32,55
1,<environment.Job instance at 0x1503f1321910>,34,3,[9 2],45,83,86,38,58
1,<environment.Job instance at 0x1503f1328cd0>,40,1,[8 1],53,81,82,28,58
1,<environment.Job instance at 0x1503f1328e10>,42,3,[1 6],55,83,86,28,58
1,<environment.Job instance at 0x1503f13282d0>,41,1,[ 1 10],54,86,87,32,60
1,<environment.Job instance at 0x1503f1a4d320>,49,1,[ 1 10],67,87,88,20,67
1,<environment.Job instance at 0x1503f1a4d8c0>,50,1,[1 8],68,88,89,20,68
1,<environment.Job instance at 0x1503f1a546e0>,9,2,[ 2 10],12,89,91,77,82
1,<environment.Job instance at 0x1503f1a4d550>,51,16,[10  1],69,221,237,152,221
1,<environment.Job instance at 0x1503f132a230>,0,3,[6 1],3,3,6,0,3
1,<environment.Job instance at 0x1503ff579280>,3,2,[5 2],7,8,10,1,8
1,<environment.Job instance at 0x1503f1343140>,4,2,[1 5],9,9,11,0,9
1,<environment.Job instance at 0x1503ff4b3960>,9,15,[1 9],15,30,45,15,30
1,<environment.Job instance at 0x1503fe8bbcd0>,18,3,[2 8],31,45,48,14,31
1,<environment.Job instance at 0x1503fe8bba00>,19,2,[10  2],33,48,50,15,33
1,<environment.Job instance at 0x1503fe8bb870>,20,3,[8 1],37,38,41,1,38
1,<environment.Job instance at 0x1503fe8bbf50>,22,3,[9 2],40,50,53,10,40
1,<environment.Job instance at 0x1503feb65410>,21,3,[10  1],39,53,56,14,40
1,<environment.Job instance at 0x1503feb65cd0>,24,16,[1 7],42,56,72,14,43
1,<environment.Job instance at 0x1503feb65500>,25,2,[9 1],43,43,45,0,43
1,<environment.Job instance at 0x1503feb65c80>,26,18,[2 5],44,72,90,28,61
1,<environment.Job instance at 0x1503feb65d70>,28,3,[2 5],47,72,75,25,61
1,<environment.Job instance at 0x1503fe8b18c0>,29,3,[8 1],48,61,64,13,61
1,<environment.Job instance at 0x1503fe8b1730>,30,3,[1 6],49,90,93,41,64
1,<environment.Job instance at 0x1503fe8b15f0>,31,15,[6 2],52,75,90,23,64
1,<environment.Job instance at 0x1503fe8b16e0>,32,1,[5 2],53,64,65,11,64
1,<environment.Job instance at 0x1503feb60d20>,33,1,[5 2],54,65,66,11,64
1,<environment.Job instance at 0x1503feb60fa0>,34,16,[1 9],56,93,109,37,80
1,<environment.Job instance at 0x1503feb64820>,44,1,[1 8],74,109,110,35,81
1,<environment.Job instance at 0x1503feb643c0>,45,2,[2 5],76,110,112,34,83
1,<environment.Job instance at 0x1503fe8d6730>,6,18,[1 7],11,276,294,265,276
1,<environment.Job instance at 0x1503fc0835f0>,1,3,[1 7],2,3,6,1,3
1,<environment.Job instance at 0x1503feb65050>,3,3,[1 5],4,6,9,2,4
1,<environment.Job instance at 0x1503f106bf00>,5,3,[9 1],7,7,10,0,7
1,<environment.Job instance at 0x1503f3f19cd0>,6,3,[2 7],8,10,13,2,8
1,<environment.Job instance at 0x1503f41787d0>,12,18,[2 5],20,20,38,0,20
1,<environment.Job instance at 0x1503f41789b0>,13,1,[5 2],21,21,22,0,21
1,<environment.Job instance at 0x1503f4178f50>,14,1,[1 6],22,38,39,16,22
1,<environment.Job instance at 0x1503f0d11460>,10,16,[6 1],17,33,49,16,33
1,<environment.Job instance at 0x1503f4ef0410>,25,3,[1 8],34,39,42,5,34
1,<environment.Job instance at 0x1503f3e2e5f0>,35,18,[ 1 10],57,57,75,0,57
1,<environment.Job instance at 0x1503f1d5fe60>,26,18,[ 2 10],36,75,93,39,69
1,<environment.Job instance at 0x1503f0d625a0>,45,13,[ 2 10],71,93,106,22,88
1,<environment.Job instance at 0x1503f3ebf730>,52,18,[2 8],79,221,239,142,221
1,<environment.Job instance at 0x1503f0f5fe60>,24,27,[5 2],33,475,502,442,475
1,<environment.Job instance at 0x1503f4178730>,16,17,[1 5],24,491,508,467,491
1,<environment.Job instance at 0x1503f1331230>,0,2,[6 1],2,2,4,0,2
1,<environment.Job instance at 0x15043ce42370>,2,2,[6 1],4,4,6,0,4
1,<environment.Job instance at 0x1503f4a49f00>,5,3,[1 7],10,10,13,0,10
1,<environment.Job instance at 0x1503f4a49e10>,8,15,[ 1 10],15,17,32,2,17
1,<environment.Job instance at 0x1503f3fe2910>,10,1,[7 1],19,32,33,13,19
1,<environment.Job instance at 0x1503f3dd8c30>,11,2,[1 8],21,32,34,11,21
1,<environment.Job instance at 0x15043ce3eb40>,13,3,[10  2],23,34,37,11,23
1,<environment.Job instance at 0x1503f40cd190>,14,2,[8 2],24,37,39,13,24
1,<environment.Job instance at 0x1503f4a49410>,15,2,[5 2],25,39,41,14,25
1,<environment.Job instance at 0x1503fc02ce60>,16,3,[1 8],27,37,40,10,27
1,<environment.Job instance at 0x1503fc083c30>,17,2,[5 2],29,40,42,11,29
1,<environment.Job instance at 0x1503fc03fc30>,12,1,[1 6],22,41,42,19,32
1,<environment.Job instance at 0x1503f3d170a0>,20,1,[1 5],34,42,43,8,34
1,<environment.Job instance at 0x1503ff58fd20>,22,17,[1 7],36,43,60,7,37
1,<environment.Job instance at 0x15043ce83aa0>,30,1,[6 2],47,47,48,0,47
1,<environment.Job instance at 0x1503f31f7870>,32,14,[2 5],49,60,74,11,51
1,<environment.Job instance at 0x1503f1a25b90>,36,3,[9 2],53,53,56,0,53
1,<environment.Job instance at 0x1503ff4bf640>,21,2,[1 9],35,74,76,39,57
1,<environment.Job instance at 0x1503f19ce0a0>,41,1,[6 1],59,59,60,0,59
1,<environment.Job instance at 0x1503f19ce0f0>,42,1,[8 1],61,61,62,0,61
1,<environment.Job instance at 0x1503f1a253c0>,38,17,[10  1],55,76,93,21,64
1,<environment.Job instance at 0x1503f19ce5a0>,45,14,[10  1],66,93,107,27,78
1,<environment.Job instance at 0x1503f1a375f0>,46,1,[6 2],68,107,108,39,79
1,<environment.Job instance at 0x1503f1a37c30>,47,15,[2 7],69,107,122,38,93
1,<environment.Job instance at 0x1503f1a371e0>,48,2,[2 8],70,122,124,52,95
1,<environment.Job instance at 0x1503f1a375a0>,49,12,[1 9],71,124,136,53,107
1,<environment.Job instance at 0x1503f1a252d0>,39,17,[1 9],56,138,155,82,138
1,<environment.Job instance at 0x1503f0fbe190>,1,2,[6 1],2,2,4,0,2
1,<environment.Job instance at 0x1503f3d34500>,2,2,[10  2],3,4,6,1,4
1,<environment.Job instance at 0x1503f3d343c0>,4,2,[7 2],6,6,8,0,6
1,<environment.Job instance at 0x1503f0e4d5a0>,6,3,[1 9],9,10,13,1,10
1,<environment.Job instance at 0x1503f4af8140>,12,2,[6 2],17,18,20,1,18
1,<environment.Job instance at 0x1503ff530820>,20,14,[6 1],25,42,56,17,42
1,<environment.Job instance at 0x15043ce6df00>,26,2,[1 5],33,146,148,113,146
1,<environment.Job instance at 0x1503f3cefcd0>,19,14,[ 2 10],24,412,426,388,412
1,<environment.Job instance at 0x1503ff5300f0>,21,1,[8 2],26,449,450,423,449
1,<environment.Job instance at 0x15043ce6daa0>,24,25,[2 6],31,457,482,426,457
1,<environment.Job instance at 0x15043ce6daa0>,3,3,[10  2],5,5,8,0,5
1,<environment.Job instance at 0x1503f0c17780>,7,1,[2 8],11,11,12,0,11
1,<environment.Job instance at 0x1503f0c17370>,8,1,[5 2],12,12,13,0,12
1,<environment.Job instance at 0x1503f31f3460>,9,3,[10  2],14,14,17,0,14
1,<environment.Job instance at 0x1503f0c17320>,10,3,[8 1],15,17,20,2,15
1,<environment.Job instance at 0x1503f0c17690>,11,3,[5 1],17,20,23,3,17
1,<environment.Job instance at 0x1503f125faf0>,13,1,[1 7],20,20,21,0,20
1,<environment.Job instance at 0x1503f125f870>,14,16,[1 5],21,21,37,0,21
1,<environment.Job instance at 0x1503f1a4dfa0>,15,2,[9 2],22,23,25,1,22
1,<environment.Job instance at 0x1503ff47f9b0>,16,12,[1 8],23,37,49,14,23
1,<environment.Job instance at 0x1503f4aa1e60>,17,15,[2 6],25,49,64,24,35
1,<environment.Job instance at 0x1503f0c17e10>,12,13,[5 1],19,50,63,31,50
1,<environment.Job instance at 0x1504442fcf50>,27,3,[10  2],37,64,67,27,50
1,<environment.Job instance at 0x1503f32181e0>,30,17,[10  2],44,67,84,23,57
1,<environment.Job instance at 0x1503f4ac94b0>,33,15,[7 1],47,84,99,37,74
1,<environment.Job instance at 0x1503f3cddaf0>,42,1,[9 2],58,99,100,41,82
1,<environment.Job instance at 0x1503f3cdd8c0>,43,2,[ 1 10],59,100,102,41,82
1,<environment.Job instance at 0x1503f3ff4140>,44,3,[2 7],60,84,87,24,82
1,<environment.Job instance at 0x1503f3dddb90>,22,1,[7 2],31,102,103,71,84
1,<environment.Job instance at 0x1504442fc500>,28,14,[ 1 10],39,103,117,64,91
1,<environment.Job instance at 0x1503f3ff4460>,52,1,[7 1],73,117,118,44,91
1,<environment.Job instance at 0x1503f3ff4370>,53,2,[2 5],74,91,93,17,91
1,<environment.Job instance at 0x1503fe802640>,54,1,[5 2],75,118,119,43,91
1,<environment.Job instance at 0x1504442fcc80>,23,15,[7 2],32,129,144,97,129
1,<environment.Job instance at 0x1503f3ff4eb0>,3,1,[5 2],5,5,6,0,5
1,<environment.Job instance at 0x1503f5159140>,4,1,[1 5],8,9,10,1,9
1,<environment.Job instance at 0x1503f0ad2dc0>,7,2,[2 6],11,11,13,0,11
1,<environment.Job instance at 0x1503f49ec5a0>,8,1,[7 1],12,12,13,0,12
1,<environment.Job instance at 0x1503f0ad2c80>,10,3,[ 2 10],14,14,17,0,14
1,<environment.Job instance at 0x1503f49ecb90>,11,1,[1 7],15,17,18,2,15
1,<environment.Job instance at 0x1503f49ecb40>,12,18,[2 7],19,19,37,0,19
1,<environment.Job instance at 0x15043ce29190>,14,1,[2 9],22,37,38,15,22
1,<environment.Job instance at 0x1503f3cf3c80>,15,2,[ 2 10],25,38,40,13,25
1,<environment.Job instance at 0x1503ff445320>,16,2,[7 1],26,26,28,0,26
1,<environment.Job instance at 0x15043d6c1e60>,17,3,[1 5],27,40,43,13,27
1,<environment.Job instance at 0x1503fd4e2960>,18,2,[5 2],28,28,30,0,28
1,<environment.Job instance at 0x1503fc05f140>,19,1,[10  2],29,43,44,14,29
1,<environment.Job instance at 0x1503fd4e2fa0>,20,1,[10  1],30,44,45,14,30
1,<environment.Job instance at 0x1503f416d5f0>,23,2,[2 9],34,45,47,11,34
1,<environment.Job instance at 0x1503f1d5e3c0>,21,16,[10  2],31,47,63,16,40
1,<environment.Job instance at 0x1503fe94efa0>,29,2,[10  1],46,63,65,17,47
1,<environment.Job instance at 0x1503fe94ecd0>,28,15,[5 2],43,65,80,22,51
1,<environment.Job instance at 0x1503f3ca4230>,33,17,[1 6],53,65,82,12,53
1,<environment.Job instance at 0x1503f3ca4c30>,34,1,[2 9],54,82,83,28,54
1,<environment.Job instance at 0x1503f3ca48c0>,36,2,[9 2],58,80,82,22,58
1,<environment.Job instance at 0x1503f3d72f50>,38,3,[ 1 10],60,83,86,23,60
1,<environment.Job instance at 0x1503f4f496e0>,39,1,[7 1],61,82,83,21,61
1,<environment.Job instance at 0x1503f4f49780>,40,2,[1 6],62,86,88,24,62
1,<environment.Job instance at 0x1503f4f495f0>,41,2,[1 6],63,88,90,25,63
1,<environment.Job instance at 0x1503f4f499b0>,42,3,[6 2],64,86,89,22,64
1,<environment.Job instance at 0x1503f12b90a0>,43,1,[10  1],66,90,91,24,66
1,<environment.Job instance at 0x1503f3d97820>,44,3,[6 2],67,91,94,24,67
1,<environment.Job instance at 0x1503f0cfc3c0>,46,1,[6 1],70,89,90,19,70
1,<environment.Job instance at 0x1503f0cfc6e0>,47,1,[10  2],71,94,95,23,71
1,<environment.Job instance at 0x1503f0cfc410>,48,3,[7 1],73,95,98,22,73
1,<environment.Job instance at 0x1503f3e42b40>,49,3,[2 7],75,91,94,16,75
1,<environment.Job instance at 0x1503f3e42190>,50,1,[8 1],76,98,99,22,76
1,<environment.Job instance at 0x15043ce5b550>,25,14,[9 2],38,99,113,61,91
1,<environment.Job instance at 0x1503f0bcb2d0>,1,3,[2 7],3,3,6,0,3
1,<environment.Job instance at 0x1503f0bcb960>,3,2,[1 9],6,6,8,0,6
1,<environment.Job instance at 0x1503f0bcb8c0>,5,3,[ 1 10],8,8,11,0,8
1,<environment.Job instance at 0x1503f1280f00>,6,2,[1 5],9,11,13,2,9
1,<environment.Job instance at 0x1503f1280910>,8,14,[9 2],14,14,28,0,14
1,<environment.Job instance at 0x1503f1280f50>,7,17,[2 5],13,28,45,15,16
1,<environment.Job instance at 0x1503f0cae280>,11,2,[2 6],20,45,47,25,20
1,<environment.Job instance at 0x1503f0cae3c0>,12,2,[2 5],22,28,30,6,22
1,<environment.Job instance at 0x1503f0d65500>,15,18,[7 1],27,30,48,3,28
1,<environment.Job instance at 0x1503f0c550a0>,17,3,[8 1],30,48,51,18,30
1,<environment.Job instance at 0x1503f3ee5d70>,18,3,[2 5],32,47,50,15,32
1,<environment.Job instance at 0x1503f0b620f0>,20,12,[2 7],36,50,62,14,37
1,<environment.Job instance at 0x1503f0ae6be0>,22,3,[ 1 10],38,62,65,24,38
1,<environment.Job instance at 0x1503f402daf0>,23,3,[ 1 10],40,65,68,25,40
1,<environment.Job instance at 0x1503f402d730>,24,2,[8 2],41,51,53,10,41
1,<environment.Job instance at 0x1503f0f0b820>,25,1,[1 5],42,68,69,26,42
1,<environment.Job instance at 0x1503f0f0b5a0>,26,2,[8 1],43,53,55,10,43
1,<environment.Job instance at 0x1503f0b9dbe0>,27,1,[5 2],45,55,56,10,45
1,<environment.Job instance at 0x1503f4e375a0>,21,1,[1 9],37,69,70,32,65
1,<environment.Job instance at 0x1503f0c5d410>,37,3,[2 6],60,70,73,10,66
1,<environment.Job instance at 0x1503f3ee5b90>,19,13,[1 9],34,73,86,39,67
1,<environment.Job instance at 0x1503f1581c30>,40,2,[9 1],63,68,70,5,67
1,<environment.Job instance at 0x1503f1581be0>,41,2,[2 7],65,86,88,21,67
1,<environment.Job instance at 0x1503f0b839b0>,42,2,[10  1],67,88,90,21,67
1,<environment.Job instance at 0x1503f0b83d70>,43,15,[8 1],69,71,86,2,71
1,<environment.Job instance at 0x1503f0b837d0>,46,2,[5 2],75,86,88,11,75
1,<environment.Job instance at 0x1503f15810f0>,38,20,[5 1],61,255,275,194,255
1,<environment.Job instance at 0x1503f05b8460>,1,16,[1 8],3,28,44,25,28
1,<environment.Job instance at 0x1503f5158730>,20,3,[1 8],30,44,47,14,30
1,<environment.Job instance at 0x1503fe94f730>,22,2,[7 1],34,34,36,0,34
1,<environment.Job instance at 0x1503f0bcb460>,23,1,[2 7],36,47,48,11,36
1,<environment.Job instance at 0x1503f0bcbdc0>,24,2,[1 6],37,48,50,11,37
1,<environment.Job instance at 0x1503f0db11e0>,25,3,[8 2],38,38,41,0,38
1,<environment.Job instance at 0x1503f1129960>,26,2,[7 1],40,41,43,1,40
1,<environment.Job instance at 0x1503f1129690>,27,18,[7 1],41,43,61,2,41
1,<environment.Job instance at 0x1503f0b21aa0>,28,13,[8 2],42,61,74,19,47
1,<environment.Job instance at 0x1503f0b21410>,30,12,[ 2 10],48,74,86,26,57
1,<environment.Job instance at 0x1503f3d8c410>,36,1,[1 7],55,57,58,2,57
1,<environment.Job instance at 0x1503ff53f0f0>,37,3,[2 9],56,58,61,2,57
1,<environment.Job instance at 0x150446f00550>,15,14,[1 6],24,1008,1022,984,1008
1,<environment.Job instance at 0x1503f0bea690>,1,1,[2 9],3,3,4,0,3
1,<environment.Job instance at 0x1503f0f1f050>,2,1,[7 2],4,4,5,0,4
1,<environment.Job instance at 0x1503f0de3460>,4,1,[10  1],7,7,8,0,7
1,<environment.Job instance at 0x1503fc079b40>,8,18,[2 7],11,18,36,7,18
1,<environment.Job instance at 0x1503f0f1fcd0>,6,15,[5 1],9,19,34,10,19
1,<environment.Job instance at 0x1503f1b17190>,16,12,[ 2 10],21,36,48,15,21
1,<environment.Job instance at 0x1503f3cef500>,17,3,[10  2],22,48,51,26,22
1,<environment.Job instance at 0x1503f51607d0>,18,1,[1 7],24,51,52,27,24
1,<environment.Job instance at 0x1503f1aed9b0>,20,2,[5 2],26,34,36,8,28
1,<environment.Job instance at 0x1503f3222730>,22,1,[9 2],29,51,52,22,29
1,<environment.Job instance at 0x1503f05610a0>,23,3,[2 8],30,52,55,22,30
1,<environment.Job instance at 0x1503f4a70050>,28,3,[2 6],35,55,58,20,35
1,<environment.Job instance at 0x1503f1238b40>,29,3,[10  2],36,58,61,22,36
1,<environment.Job instance at 0x1503f10cec30>,32,2,[10  1],39,61,63,22,44
1,<environment.Job instance at 0x1503f3f423c0>,33,1,[9 1],40,63,64,23,44
1,<environment.Job instance at 0x1503fe838c30>,34,1,[8 1],41,52,53,11,44
1,<environment.Job instance at 0x1503f084b500>,35,1,[1 5],42,63,64,21,44
1,<environment.Job instance at 0x1503f3f42280>,36,3,[9 1],43,64,67,21,44
1,<environment.Job instance at 0x1503f4ba0640>,37,12,[9 2],44,67,79,23,50
1,<environment.Job instance at 0x1503ff464460>,38,3,[8 2],46,53,56,7,50
1,<environment.Job instance at 0x1503f3fcfe10>,49,12,[2 8],64,79,91,15,69
1,<environment.Job instance at 0x1503f3fcfe60>,54,1,[2 7],71,91,92,20,71
1,<environment.Job instance at 0x1503f3fcf140>,55,2,[10  2],72,92,94,20,72
1,<environment.Job instance at 0x1503f3fcfbe0>,56,12,[8 1],74,79,91,5,74
1,<environment.Job instance at 0x1503f3fcfc30>,57,1,[6 1],78,91,92,13,78
1,<environment.Job instance at 0x1503f3fcf4b0>,58,2,[7 1],79,94,96,15,79
1,<environment.Job instance at 0x1503f3fcf5f0>,53,14,[9 2],69,96,110,27,90
1,<environment.Job instance at 0x1503f31fe690>,0,18,[1 9],1,1,19,0,1
1,<environment.Job instance at 0x1503f0d4c690>,6,1,[6 2],11,19,20,8,12
1,<environment.Job instance at 0x1503f0ebf0f0>,9,2,[5 2],16,20,22,4,17
1,<environment.Job instance at 0x1503f51847d0>,12,2,[10  1],20,23,25,3,23
1,<environment.Job instance at 0x1503f10f36e0>,10,2,[10  2],17,25,27,8,23
1,<environment.Job instance at 0x1503f1af1aa0>,16,12,[10  1],26,27,39,1,27
1,<environment.Job instance at 0x1503fe8319b0>,17,12,[5 1],27,39,51,12,27
1,<environment.Job instance at 0x1503fe8ff050>,19,13,[1 7],29,39,52,10,29
1,<environment.Job instance at 0x1503fe831b90>,18,1,[5 2],28,51,52,23,29
1,<environment.Job instance at 0x1503f0b0a230>,24,1,[9 2],35,52,53,17,41
1,<environment.Job instance at 0x1503f0b0a9b0>,25,3,[6 1],37,53,56,16,41
1,<environment.Job instance at 0x1503f0b0a910>,26,1,[ 1 10],38,56,57,18,41
1,<environment.Job instance at 0x1503f0b0ac80>,27,1,[8 2],40,57,58,17,41
1,<environment.Job instance at 0x1503f0b0a690>,28,2,[2 7],41,53,55,12,41
1,<environment.Job instance at 0x1503ff3ce410>,31,15,[2 9],45,58,73,13,51
1,<environment.Job instance at 0x1503ff3ce0a0>,29,12,[2 7],43,73,85,30,59
1,<environment.Job instance at 0x1503f1238050>,33,3,[8 2],47,75,78,28,75
1,<environment.Job instance at 0x1503f1238d70>,35,13,[ 2 10],49,89,102,40,89
1,<environment.Job instance at 0x1503f10865f0>,48,1,[6 1],73,102,103,29,89
1,<environment.Job instance at 0x1503f10862d0>,49,1,[7 2],74,103,104,29,89
1,<environment.Job instance at 0x1503f49c7af0>,50,2,[ 1 10],75,104,106,29,89
1,<environment.Job instance at 0x1503fe831dc0>,15,16,[7 1],25,142,158,117,142
1,<environment.Job instance at 0x1503f49c73c0>,51,13,[10  2],76,191,204,115,191
1,<environment.Job instance at 0x1503f08f9af0>,1,1,[5 2],5,7,8,2,7
1,<environment.Job instance at 0x1503f08f9410>,3,2,[10  2],11,11,13,0,11
1,<environment.Job instance at 0x1503f08f9c80>,6,3,[2 7],15,15,18,0,15
1,<environment.Job instance at 0x1503f08f9190>,7,2,[ 2 10],16,18,20,2,16
1,<environment.Job instance at 0x1503f3f30780>,9,13,[1 6],19,20,33,1,19
1,<environment.Job instance at 0x1503f3f30690>,10,12,[1 5],20,33,45,13,23
1,<environment.Job instance at 0x1503f3f30280>,14,2,[ 2 10],27,45,47,18,27
1,<environment.Job instance at 0x1503f3f30190>,15,2,[1 5],28,33,35,5,28
1,<environment.Job instance at 0x1503f3f30140>,13,3,[7 2],25,29,32,4,29
1,<environment.Job instance at 0x1503f3f30230>,16,1,[10  2],29,47,48,18,29
1,<environment.Job instance at 0x1503f3f30550>,17,2,[ 1 10],30,48,50,18,30
1,<environment.Job instance at 0x1503f3f305a0>,19,2,[8 2],32,35,37,3,32
1,<environment.Job instance at 0x1503f4b66460>,20,1,[8 2],33,37,38,4,33
1,<environment.Job instance at 0x1503f4b660f0>,22,2,[1 7],35,50,52,15,35
1,<environment.Job instance at 0x1503f4b665a0>,24,18,[8 2],37,70,88,33,70
1,<environment.Job instance at 0x1503f4b66d70>,36,13,[1 8],51,78,91,27,78
1,<environment.Job instance at 0x1503f4b66dc0>,32,12,[5 1],46,155,167,109,155
1,<environment.Job instance at 0x1503f07f8eb0>,48,17,[9 1],72,178,195,106,178
1,<environment.Job instance at 0x1503f08dbe60>,1,2,[2 8],2,3,5,1,3
1,<environment.Job instance at 0x1503f07f8eb0>,3,2,[2 6],4,5,7,1,4
1,<environment.Job instance at 0x1503f4b5ca00>,5,3,[7 1],7,7,10,0,7
1,<environment.Job instance at 0x1503f112c2d0>,7,2,[5 1],10,12,14,2,12
1,<environment.Job instance at 0x1503f08fd1e0>,0,1,[1 7],1,14,15,13,14
1,<environment.Job instance at 0x1503f112ca00>,9,2,[1 5],12,21,23,9,21
1,<environment.Job instance at 0x1503f0a17a50>,16,3,[2 9],23,23,26,0,23
1,<environment.Job instance at 0x1503f114bd70>,18,3,[10  2],26,26,29,0,26
1,<environment.Job instance at 0x1503f114b730>,19,14,[2 9],27,29,43,2,27
1,<environment.Job instance at 0x1503f4025410>,21,1,[2 6],29,43,44,14,29
1,<environment.Job instance at 0x1503f4baf960>,23,2,[ 1 10],31,44,46,13,31
1,<environment.Job instance at 0x1503f114b7d0>,24,3,[10  2],32,46,49,14,32
1,<environment.Job instance at 0x1503f1234910>,26,12,[2 5],36,49,61,13,36
1,<environment.Job instance at 0x1503f4087690>,27,1,[1 5],38,49,50,11,38
1,<environment.Job instance at 0x1503f40875a0>,29,15,[5 1],41,50,65,9,41
1,<environment.Job instance at 0x1503f4087730>,28,3,[8 2],40,65,68,25,44
1,<environment.Job instance at 0x1503f3fb95a0>,33,2,[2 7],45,61,63,16,45
1,<environment.Job instance at 0x1503f4b83140>,38,3,[10  2],51,68,71,17,53
1,<environment.Job instance at 0x1503fe7d9730>,42,3,[ 1 10],55,71,74,16,61
1,<environment.Job instance at 0x1503fe7d9cd0>,43,15,[ 1 10],56,74,89,18,62
1,<environment.Job instance at 0x1503f0d4bd20>,34,12,[2 6],46,89,101,43,74
1,<environment.Job instance at 0x1503f0590c80>,55,3,[8 2],77,89,92,12,78
1,<environment.Job instance at 0x1503f09be410>,32,12,[7 2],44,102,114,58,102
1,<environment.Job instance at 0x1503f08cd4b0>,2,2,[6 2],3,3,5,0,3
1,<environment.Job instance at 0x1503f4f10c80>,3,2,[1 8],4,4,6,0,4
1,<environment.Job instance at 0x1503f4aab0a0>,6,12,[2 8],8,9,21,1,9
1,<environment.Job instance at 0x1503f13604b0>,10,3,[5 2],14,14,17,0,14
1,<environment.Job instance at 0x1503f0aa0050>,11,2,[1 7],15,21,23,6,15
1,<environment.Job instance at 0x1503f0aa06e0>,12,3,[8 1],16,17,20,1,16
1,<environment.Job instance at 0x1503f13501e0>,14,1,[10  2],20,23,24,3,20
1,<environment.Job instance at 0x1503f11df410>,15,3,[2 8],21,24,27,3,21
1,<environment.Job instance at 0x1503fc0466e0>,13,2,[2 5],19,27,29,8,21
1,<environment.Job instance at 0x1503f11dfc30>,17,14,[2 9],23,29,43,6,23
1,<environment.Job instance at 0x1503f158d460>,19,1,[1 9],26,48,49,22,48
1,<environment.Job instance at 0x1503f3c59c80>,16,3,[6 1],22,53,56,31,53
1,<environment.Job instance at 0x1503f4bbe820>,27,3,[5 1],34,59,62,25,59
1,<environment.Job instance at 0x1503f1339870>,18,16,[2 5],24,67,83,43,67
1,<environment.Job instance at 0x1503f0bd2d20>,36,1,[ 1 10],50,83,84,33,67
1,<environment.Job instance at 0x1503f0bd2280>,37,16,[ 2 10],51,85,101,34,85
1,<environment.Job instance at 0x1503f0bd2460>,35,1,[7 2],49,101,102,52,96
1,<environment.Job instance at 0x1503f10e36e0>,44,3,[2 6],63,101,104,38,100
1,<environment.Job instance at 0x1503f10e3c80>,43,12,[2 9],62,110,122,48,110
1,<environment.Job instance at 0x1503f4ade5f0>,51,12,[8 1],72,110,122,38,110
1,<environment.Job instance at 0x1503f110e5f0>,52,3,[6 2],73,122,125,49,110
1,<environment.Job instance at 0x1503f4a64dc0>,53,3,[7 1],74,125,128,51,110
1,<environment.Job instance at 0x1503f10e3960>,45,18,[9 1],65,183,201,118,183
1,<environment.Job instance at 0x1503f4a644b0>,54,17,[1 7],75,435,452,360,435
1,<environment.Job instance at 0x1503f0cb0f50>,7,3,[1 9],10,10,13,0,10
1,<environment.Job instance at 0x150444315190>,6,12,[2 8],9,13,25,4,13
1,<environment.Job instance at 0x1503f0cb07d0>,9,3,[2 5],15,25,28,10,15
1,<environment.Job instance at 0x1503f4055280>,8,3,[1 6],14,28,31,14,15
1,<environment.Job instance at 0x1503f4e71910>,12,16,[2 9],18,35,51,17,35
1,<environment.Job instance at 0x1503f099c0a0>,21,3,[7 1],29,35,38,6,35
1,<environment.Job instance at 0x1503f099c730>,22,3,[2 7],30,51,54,21,35
1,<environment.Job instance at 0x1503f119b550>,23,2,[9 2],31,54,56,23,35
1,<environment.Job instance at 0x1503f19e1280>,13,13,[10  2],20,56,69,36,47
1,<environment.Job instance at 0x1503f3de05f0>,28,2,[ 1 10],38,69,71,31,47
1,<environment.Job instance at 0x1503f05641e0>,29,3,[8 2],39,51,54,12,47
1,<environment.Job instance at 0x1503f051a0a0>,30,12,[6 2],41,71,83,30,55
1,<environment.Job instance at 0x1503f0564c80>,32,2,[9 2],43,83,85,40,56
1,<environment.Job instance at 0x1503f05645a0>,33,3,[1 5],44,71,74,27,56
1,<environment.Job instance at 0x1503f3f37b90>,34,2,[1 9],45,85,87,40,58
1,<environment.Job instance at 0x1503f3f37fa0>,35,2,[10  2],46,87,89,41,61
1,<environment.Job instance at 0x1503f3f37550>,36,2,[ 1 10],47,89,91,42,62
1,<environment.Job instance at 0x1503f3f1f870>,44,3,[2 7],62,74,77,12,63
1,<environment.Job instance at 0x1504442f08c0>,51,2,[9 1],75,85,87,10,75
1,<environment.Job instance at 0x1504442f09b0>,53,2,[9 1],78,91,93,13,78
1,<environment.Job instance at 0x1503f058f2d0>,27,14,[1 8],37,91,105,54,86
1,<environment.Job instance at 0x1503fe94f230>,38,17,[1 9],51,121,138,70,121
1,<environment.Job instance at 0x1503ff4f2730>,3,12,[1 7],5,6,18,1,6
1,<environment.Job instance at 0x1503f4f03e10>,5,1,[6 2],7,8,9,1,8
1,<environment.Job instance at 0x1503f4f039b0>,7,2,[2 6],9,18,20,9,9
1,<environment.Job instance at 0x1503f4f03190>,8,17,[10  2],10,20,37,10,18
1,<environment.Job instance at 0x1503f061a640>,12,14,[2 9],18,37,51,19,22
1,<environment.Job instance at 0x1503f4ba6b40>,13,2,[1 6],19,51,53,32,24
1,<environment.Job instance at 0x1503f3c59aa0>,14,3,[1 9],21,53,56,32,27
1,<environment.Job instance at 0x150446edb820>,17,2,[8 1],24,37,39,13,27
1,<environment.Job instance at 0x1503f0dc1280>,18,3,[ 2 10],25,56,59,31,30
1,<environment.Job instance at 0x1503f4f03140>,6,1,[1 6],8,666,667,658,666
1,<environment.Job instance at 0x1503f4f037d0>,11,18,[6 2],17,698,716,681,698
1,<environment.Job instance at 0x1503f1a95f00>,61,2,[6 2],79,721,723,642,721
1,<environment.Job instance at 0x1503f1013e60>,58,17,[10  2],76,730,747,654,730
1,<environment.Job instance at 0x1503f09885f0>,0,2,[2 7],1,5,7,4,5
1,<environment.Job instance at 0x1503f3e18230>,4,16,[9 1],6,7,23,1,6
1,<environment.Job instance at 0x1503f0f70280>,10,1,[2 7],15,23,24,8,15
1,<environment.Job instance at 0x1503f0f70e10>,11,1,[1 8],16,16,17,0,16
1,<environment.Job instance at 0x1503ff4b8190>,12,1,[7 1],17,23,24,6,17
1,<environment.Job instance at 0x1503ff4b8a00>,13,3,[5 2],18,24,27,6,18
1,<environment.Job instance at 0x15043d70d0f0>,9,2,[8 2],13,27,29,14,19
1,<environment.Job instance at 0x1503ff4b80f0>,14,1,[10  1],19,29,30,10,19
1,<environment.Job instance at 0x1503ff4b8d20>,16,1,[2 5],21,24,25,3,21
1,<environment.Job instance at 0x1503ff4b8aa0>,17,2,[ 1 10],22,30,32,8,22
1,<environment.Job instance at 0x1503ff4b8460>,18,2,[2 8],23,25,27,2,23
1,<environment.Job instance at 0x1503f3d588c0>,19,1,[8 2],24,32,33,8,24
1,<environment.Job instance at 0x1503f0c03a50>,21,1,[5 2],30,33,34,3,30
1,<environment.Job instance at 0x1503f10a4960>,23,2,[8 2],32,34,36,2,32
1,<environment.Job instance at 0x1503f099eeb0>,24,1,[6 2],33,36,37,3,33
1,<environment.Job instance at 0x15043d70d1e0>,8,20,[9 2],11,37,57,26,34
1,<environment.Job instance at 0x1503f40c9550>,27,2,[8 2],38,57,59,19,39
1,<environment.Job instance at 0x1503f0f3b550>,28,1,[7 2],39,59,60,20,39
1,<environment.Job instance at 0x1503f053a2d0>,30,3,[1 8],41,41,44,0,41
1,<environment.Job instance at 0x1503f1350a50>,32,2,[10  1],43,60,62,17,43
1,<environment.Job instance at 0x1503f4131af0>,33,1,[8 2],44,62,63,18,44
1,<environment.Job instance at 0x1503f4131690>,34,2,[5 1],45,63,65,18,45
1,<environment.Job instance at 0x1503f4131640>,35,2,[6 1],46,65,67,19,46
1,<environment.Job instance at 0x1503f4131820>,36,3,[6 2],47,67,70,20,47
1,<environment.Job instance at 0x1503f41317d0>,37,3,[10  1],48,70,73,22,50
1,<environment.Job instance at 0x1503fd4e2690>,40,3,[2 7],51,57,60,6,51
1,<environment.Job instance at 0x1503fd4e2050>,41,1,[9 1],54,73,74,19,54
1,<environment.Job instance at 0x1503f4131be0>,38,18,[2 7],49,74,92,25,63
1,<environment.Job instance at 0x1503fd4e2f50>,43,2,[2 8],60,92,94,32,78
1,<environment.Job instance at 0x1503f3f182d0>,44,2,[2 5],61,94,96,33,80
1,<environment.Job instance at 0x1503fd4e2b40>,45,16,[8 1],63,85,101,22,85
1,<environment.Job instance at 0x1503f3f186e0>,46,2,[2 6],64,96,98,32,85
1,<environment.Job instance at 0x1503f3f184b0>,47,1,[10  2],65,101,102,36,88
1,<environment.Job instance at 0x1503f3f18b40>,50,27,[5 1],68,104,131,36,104
1,<environment.Job instance at 0x1503f3f18550>,55,2,[2 9],76,104,106,28,104
1,<environment.Job instance at 0x1503f3f18500>,56,12,[8 1],79,182,194,103,182
1,<environment.Job instance at 0x1503f13500f0>,31,17,[7 1],42,237,254,195,237
1,<environment.Job instance at 0x1503f3f6b820>,2,1,[2 9],4,6,7,2,6
1,<environment.Job instance at 0x1503f3f6b5f0>,8,18,[9 2],18,21,39,3,21
1,<environment.Job instance at 0x1503f3f6b280>,6,1,[1 8],15,23,24,8,23
1,<environment.Job instance at 0x1503fe83be60>,13,1,[2 9],28,39,40,11,35
1,<environment.Job instance at 0x1503f49ae280>,35,17,[ 2 10],56,359,376,303,359
1,<environment.Job instance at 0x1503f49aef50>,37,1,[2 9],59,376,377,317,359
1,<environment.Job instance at 0x1503f49ae550>,38,3,[ 1 10],60,377,380,317,359
1,<environment.Job instance at 0x1503f49ae050>,39,1,[1 9],61,380,381,319,359
1,<environment.Job instance at 0x1503f49ae8c0>,40,3,[7 2],62,381,384,319,359
1,<environment.Job instance at 0x1503f11df410>,42,3,[ 1 10],65,408,411,343,408
1,<environment.Job instance at 0x1503f11dfa00>,43,2,[5 2],68,411,413,343,410
1,<environment.Job instance at 0x1503f11dfe10>,45,3,[2 6],71,633,636,562,633
1,<environment.Job instance at 0x1503f11df280>,46,2,[9 1],72,636,638,564,636
1,<environment.Job instance at 0x1503f12aa140>,47,3,[8 1],73,638,641,565,637
1,<environment.Job instance at 0x1503f12aa050>,49,2,[9 2],75,641,643,566,639
1,<environment.Job instance at 0x1503f4161550>,51,2,[1 9],78,643,645,565,643
1,<environment.Job instance at 0x1503f49ae140>,36,17,[5 2],58,872,889,814,872
1,<environment.Job instance at 0x1503f3d6b050>,0,3,[9 1],2,4,7,2,4
1,<environment.Job instance at 0x1503f3d6b730>,2,2,[7 1],8,9,11,1,9
1,<environment.Job instance at 0x1503f3d6baf0>,3,14,[5 1],9,11,25,2,10
1,<environment.Job instance at 0x1503f3d6baa0>,6,1,[5 2],12,12,13,0,12
1,<environment.Job instance at 0x1503f0ecd780>,8,2,[1 5],16,16,18,0,16
1,<environment.Job instance at 0x1503f0ecdfa0>,10,12,[1 9],18,18,30,0,18
1,<environment.Job instance at 0x1503f0ecd5f0>,11,14,[2 6],19,30,44,11,21
1,<environment.Job instance at 0x1503f0ecd4b0>,14,16,[5 2],23,30,46,7,23
1,<environment.Job instance at 0x1503f0ed2aa0>,15,3,[ 1 10],24,46,49,22,24
1,<environment.Job instance at 0x1503f0ed2190>,21,3,[2 9],30,66,69,36,66
1,<environment.Job instance at 0x1503f0ed21e0>,23,1,[2 6],32,72,73,40,72
1,<environment.Job instance at 0x1503f114d1e0>,27,3,[8 2],37,87,90,50,87
1,<environment.Job instance at 0x1503f114d0f0>,33,3,[ 1 10],43,112,115,69,112
1,<environment.Job instance at 0x1503f114d140>,34,13,[5 2],44,115,128,71,115
1,<environment.Job instance at 0x1503f114d280>,35,18,[2 8],45,116,134,71,116
1,<environment.Job instance at 0x1503f114d230>,36,17,[6 1],46,128,145,82,125
1,<environment.Job instance at 0x1503f0eb2eb0>,42,15,[1 7],52,134,149,82,132
1,<environment.Job instance at 0x1503f0eb2500>,49,2,[2 7],62,149,151,87,132
1,<environment.Job instance at 0x1503f0eb27d0>,50,2,[ 2 10],63,151,153,88,132
1,<environment.Job instance at 0x1503f0eb29b0>,52,3,[5 1],65,145,148,80,133
1,<environment.Job instance at 0x1503f0c7c050>,53,3,[1 5],67,153,156,86,133
1,<environment.Job instance at 0x1503f0c7c730>,54,3,[1 9],68,156,159,88,133
1,<environment.Job instance at 0x1503f0c7ca00>,55,2,[ 1 10],69,159,161,90,133
1,<environment.Job instance at 0x1503f0c7ceb0>,56,1,[ 2 10],71,161,162,90,133
1,<environment.Job instance at 0x1503f0c7c0a0>,57,3,[2 5],72,153,156,81,133
1,<environment.Job instance at 0x1503f0c7cd70>,58,1,[2 5],73,162,163,89,134
1,<environment.Job instance at 0x1503f0c7c5a0>,59,3,[8 1],74,148,151,74,134
1,<environment.Job instance at 0x1503f0c7cfa0>,60,3,[1 9],75,163,166,88,137
1,<environment.Job instance at 0x1503f0ed2960>,18,16,[2 8],27,166,182,139,156
1,<environment.Job instance at 0x1503f0ecd460>,1,1,[8 2],2,2,3,0,2
1,<environment.Job instance at 0x1503f0609eb0>,3,1,[9 2],6,6,7,0,6
1,<environment.Job instance at 0x1503f0936140>,10,2,[2 7],19,19,21,0,19
1,<environment.Job instance at 0x1503f11dff50>,11,3,[10  2],21,22,25,1,22
1,<environment.Job instance at 0x1503f11dfd20>,12,2,[2 7],22,25,27,3,23
1,<environment.Job instance at 0x1503f11dffa0>,15,3,[2 6],25,27,30,2,25
1,<environment.Job instance at 0x1503f0c93640>,17,13,[2 7],27,30,43,3,29
1,<environment.Job instance at 0x1503ff526a00>,22,25,[5 2],34,34,59,0,34
1,<environment.Job instance at 0x1503ff5269b0>,23,15,[ 2 10],36,59,74,23,45
1,<environment.Job instance at 0x1503f499dcd0>,28,1,[2 8],41,74,75,33,65
1,<environment.Job instance at 0x1503f0c85690>,29,2,[6 1],43,74,76,31,66
1,<environment.Job instance at 0x1503f499da50>,30,1,[1 5],45,75,76,30,66
1,<environment.Job instance at 0x1503fe767c30>,31,3,[2 5],46,76,79,30,66
1,<environment.Job instance at 0x15043d6fbcd0>,32,1,[2 6],47,79,80,32,66
1,<environment.Job instance at 0x1503fe767190>,33,15,[1 7],48,80,95,32,69
1,<environment.Job instance at 0x1503fc0435a0>,41,2,[ 1 10],60,95,97,35,69
1,<environment.Job instance at 0x1503fe7c9460>,42,16,[7 2],62,77,93,15,77
1,<environment.Job instance at 0x1503fe7c94b0>,44,1,[6 1],66,93,94,27,77
1,<environment.Job instance at 0x1503f0a4a730>,45,2,[8 1],67,97,99,30,77
1,<environment.Job instance at 0x1503f0a4a550>,48,13,[9 2],75,99,112,24,83
1,<environment.Job instance at 0x1503f3e18140>,49,1,[9 1],76,94,95,18,83
1,<environment.Job instance at 0x1503f3e18690>,51,1,[1 5],78,97,98,19,84
1,<environment.Job instance at 0x1503ff54d5f0>,52,3,[10  1],79,112,115,33,86
1,<environment.Job instance at 0x1503f0c02690>,47,17,[6 2],73,139,156,66,139
1,<environment.Job instance at 0x146285d8a5a0>,1,2,[2 5],4,4,6,0,4
1,<environment.Job instance at 0x146285d8a500>,3,2,[1 7],6,6,8,0,6
1,<environment.Job instance at 0x1462308240a0>,4,2,[6 1],7,7,9,0,7
1,<environment.Job instance at 0x146230892a50>,5,3,[9 1],8,9,12,1,8
1,<environment.Job instance at 0x146230824500>,7,3,[5 1],10,12,15,2,10
1,<environment.Job instance at 0x146230824460>,8,13,[ 2 10],11,15,28,4,13
1,<environment.Job instance at 0x14623082adc0>,12,3,[6 2],16,28,31,12,16
1,<environment.Job instance at 0x14623082a230>,9,2,[ 2 10],12,31,33,19,18
1,<environment.Job instance at 0x146230874780>,13,13,[1 5],17,33,46,16,21
1,<environment.Job instance at 0x14623088ac80>,16,17,[1 7],22,46,63,24,41
1,<environment.Job instance at 0x14623014cc30>,29,13,[1 6],39,63,76,24,47
1,<environment.Job instance at 0x146230b82780>,33,2,[5 1],44,47,49,3,47
1,<environment.Job instance at 0x14623085caf0>,34,3,[9 2],45,49,52,4,47
1,<environment.Job instance at 0x1462303c8a50>,36,3,[1 6],48,76,79,28,50
1,<environment.Job instance at 0x1462303c8dc0>,38,2,[8 2],50,52,54,2,50
1,<environment.Job instance at 0x1462303be320>,48,15,[ 2 10],61,79,94,18,66
1,<environment.Job instance at 0x1462303c7690>,52,1,[8 1],70,70,71,0,70
1,<environment.Job instance at 0x1462303c7a00>,53,1,[7 2],72,72,73,0,72
1,<environment.Job instance at 0x1462303c7730>,55,2,[2 7],75,94,96,19,75
1,<environment.Job instance at 0x14623088aaa0>,15,14,[6 2],20,94,108,74,87
1,<environment.Job instance at 0x1462303c4960>,61,2,[5 2],87,108,110,21,87
1,<environment.Job instance at 0x146230155320>,62,2,[1 5],89,96,98,7,89
1,<environment.Job instance at 0x1462303c4910>,60,17,[ 1 10],86,110,127,24,98
1,<environment.Job instance at 0x1462308cd320>,21,22,[8 2],28,168,190,140,168
1,<environment.Job instance at 0x14623086eeb0>,2,2,[9 2],4,4,6,0,4
1,<environment.Job instance at 0x146230166460>,4,1,[1 5],8,8,9,0,8
1,<environment.Job instance at 0x14623972d2d0>,5,1,[10  2],11,11,12,0,11
1,<environment.Job instance at 0x14623972dd20>,6,1,[8 1],12,12,13,0,12
1,<environment.Job instance at 0x14623972d640>,7,2,[1 6],13,13,15,0,13
1,<environment.Job instance at 0x14623972d9b0>,8,2,[2 6],16,16,18,0,16
1,<environment.Job instance at 0x1462399769b0>,12,3,[2 8],21,21,24,0,21
1,<environment.Job instance at 0x146239675af0>,13,2,[10  2],23,25,27,2,25
1,<environment.Job instance at 0x14623a2d2550>,14,3,[8 1],27,28,31,1,28
1,<environment.Job instance at 0x146239615140>,16,3,[9 2],30,31,34,1,30
1,<environment.Job instance at 0x1462396d3730>,17,12,[1 7],31,31,43,0,31
1,<environment.Job instance at 0x14623a2d2e10>,15,3,[10  1],29,43,46,14,32
1,<environment.Job instance at 0x1462396d3f50>,19,2,[9 1],33,34,36,1,33
1,<environment.Job instance at 0x1462395b8910>,18,16,[1 7],32,46,62,14,34
1,<environment.Job instance at 0x14623a2d1eb0>,21,2,[1 5],35,62,64,27,35
1,<environment.Job instance at 0x146239630b90>,22,3,[2 5],37,62,65,25,37
1,<environment.Job instance at 0x14623a2d50f0>,23,3,[8 1],38,38,41,0,38
1,<environment.Job instance at 0x146239724960>,24,3,[1 6],39,65,68,26,39
1,<environment.Job instance at 0x1462396aee10>,26,1,[5 2],43,46,47,3,43
1,<environment.Job instance at 0x1462396aec80>,27,1,[5 2],44,47,48,3,44
1,<environment.Job instance at 0x1462395cdd20>,28,16,[1 9],46,68,84,22,63
1,<environment.Job instance at 0x146239979910>,38,1,[1 8],64,84,85,20,64
1,<environment.Job instance at 0x1462399794b0>,39,2,[2 5],66,85,87,19,66
1,<environment.Job instance at 0x14623a1e9960>,41,1,[9 2],69,84,85,15,71
1,<environment.Job instance at 0x146239728f50>,44,3,[1 7],72,87,90,15,73
1,<environment.Job instance at 0x14623a1e9aa0>,45,2,[2 8],73,90,92,17,74
1,<environment.Job instance at 0x14623a2d6a00>,46,3,[1 5],74,92,95,18,79
1,<environment.Job instance at 0x146239728690>,48,3,[9 1],77,87,90,10,86
1,<environment.Job instance at 0x14623971b0a0>,52,3,[10  2],85,95,98,10,86
1,<environment.Job instance at 0x14623976a280>,20,18,[2 5],34,98,116,64,87
1,<environment.Job instance at 0x14623971b7d0>,54,12,[10  2],89,130,142,41,130
1,<environment.Job instance at 0x146239685460>,47,15,[1 5],75,144,159,69,144
1,<environment.Job instance at 0x14622fae8550>,1,1,[1 6],2,5,6,3,5
1,<environment.Job instance at 0x14623a1df140>,5,1,[1 9],6,7,8,1,7
1,<environment.Job instance at 0x146232e2ca50>,7,2,[5 1],9,9,11,0,9
1,<environment.Job instance at 0x146232e2c820>,8,12,[1 9],10,16,28,6,16
1,<environment.Job instance at 0x14622fa69f50>,14,3,[ 1 10],17,28,31,11,17
1,<environment.Job instance at 0x14622fa69460>,15,2,[8 2],18,31,33,13,18
1,<environment.Job instance at 0x146232a817d0>,17,2,[2 5],21,32,34,11,32
1,<environment.Job instance at 0x146230b8f9b0>,3,17,[1 5],4,44,61,40,44
1,<environment.Job instance at 0x14622fa37280>,22,18,[ 1 10],37,61,79,24,54
1,<environment.Job instance at 0x14622fba7500>,34,2,[1 6],53,79,81,26,54
1,<environment.Job instance at 0x14622fba71e0>,35,2,[1 7],54,81,83,27,54
1,<environment.Job instance at 0x14622fba79b0>,33,3,[1 6],52,83,86,31,68
1,<environment.Job instance at 0x14622fb33230>,40,2,[9 2],60,79,81,19,69
1,<environment.Job instance at 0x14622fb33b90>,41,2,[6 1],62,81,83,19,74
1,<environment.Job instance at 0x146232f22820>,42,1,[10  1],63,86,87,23,76
1,<environment.Job instance at 0x146232f22b40>,43,2,[6 1],64,83,85,19,76
1,<environment.Job instance at 0x14622fba7870>,36,22,[2 7],55,87,109,32,80
1,<environment.Job instance at 0x14622f9d0320>,45,3,[9 1],69,109,112,40,83
1,<environment.Job instance at 0x14622f9d0050>,47,3,[10  1],71,112,115,41,86
1,<environment.Job instance at 0x146233cebf50>,50,16,[7 1],78,87,103,9,86
1,<environment.Job instance at 0x14622f9ce190>,55,2,[8 2],84,103,105,19,86
1,<environment.Job instance at 0x14622f9cef00>,56,2,[5 2],85,105,107,20,86
1,<environment.Job instance at 0x14623953c280>,57,3,[1 8],87,109,112,22,87
1,<environment.Job instance at 0x1462337c0d70>,58,2,[5 2],89,107,109,18,89
1,<environment.Job instance at 0x14622fa69d20>,11,27,[5 2],13,455,482,442,455
1,<environment.Job instance at 0x146232b00050>,0,2,[2 7],1,2,4,1,2
1,<environment.Job instance at 0x14622f9d06e0>,1,3,[ 2 10],3,4,7,1,3
1,<environment.Job instance at 0x146232b00820>,5,2,[5 2],8,8,10,0,8
1,<environment.Job instance at 0x14622f9fbdc0>,7,1,[7 2],10,10,11,0,10
1,<environment.Job instance at 0x14622f9fba00>,8,3,[8 2],12,12,15,0,12
1,<environment.Job instance at 0x146233d77280>,10,2,[2 5],15,15,17,0,15
1,<environment.Job instance at 0x146233da05f0>,12,1,[6 2],17,17,18,0,17
1,<environment.Job instance at 0x146233cf38c0>,13,3,[2 5],18,18,21,0,18
1,<environment.Job instance at 0x146230b8feb0>,14,14,[2 5],19,19,33,0,19
1,<environment.Job instance at 0x14622f9db9b0>,15,2,[7 1],20,21,23,1,20
1,<environment.Job instance at 0x146233810410>,16,2,[1 8],21,33,35,12,21
1,<environment.Job instance at 0x146230b8c550>,18,3,[9 2],23,33,36,10,23
1,<environment.Job instance at 0x146232e2c870>,21,17,[1 9],26,115,132,89,115
1,<environment.Job instance at 0x1462745d0aa0>,30,2,[2 8],40,213,215,173,213
1,<environment.Job instance at 0x146233da2c30>,31,12,[1 9],41,215,227,174,213
1,<environment.Job instance at 0x146233da25a0>,33,2,[6 2],43,213,215,170,213
1,<environment.Job instance at 0x146233da2e10>,34,3,[8 2],44,227,230,183,213
1,<environment.Job instance at 0x146233da20f0>,35,1,[6 2],46,230,231,184,213
1,<environment.Job instance at 0x146233da24b0>,36,2,[1 6],48,227,229,179,213
1,<environment.Job instance at 0x146233da2820>,37,15,[6 1],49,231,246,182,217
1,<environment.Job instance at 0x14622fa37aa0>,51,2,[10  1],68,246,248,178,219
1,<environment.Job instance at 0x14622fa37780>,52,1,[7 2],69,248,249,179,220
1,<environment.Job instance at 0x146233d25050>,53,3,[6 2],70,249,252,179,223
1,<environment.Job instance at 0x146233966460>,54,3,[1 9],71,231,234,160,223
1,<environment.Job instance at 0x14623a2d7fa0>,59,1,[8 2],76,279,280,203,279
1,<environment.Job instance at 0x14623a24cd20>,60,3,[10  1],77,283,286,206,283
1,<environment.Job instance at 0x146239980f50>,61,15,[7 2],79,296,311,217,296
1,<environment.Job instance at 0x1462745d0f00>,27,14,[10  1],36,350,364,314,350
1,<environment.Job instance at 0x146232e2c280>,20,17,[10  1],25,378,395,353,378
1,<environment.Job instance at 0x146239699780>,0,17,[1 7],2,4,21,2,4
1,<environment.Job instance at 0x1462339ebaa0>,6,3,[1 6],14,21,24,7,14
1,<environment.Job instance at 0x146232b1ffa0>,17,18,[1 8],27,27,45,0,27
1,<environment.Job instance at 0x146232b13f00>,19,3,[5 2],31,33,36,2,33
1,<environment.Job instance at 0x1462339eb550>,9,16,[1 7],17,45,61,28,36
1,<environment.Job instance at 0x14623998aeb0>,23,13,[9 2],37,41,54,4,41
1,<environment.Job instance at 0x1462399ab780>,25,2,[7 1],42,54,56,12,42
1,<environment.Job instance at 0x1462399abe10>,26,1,[1 8],44,61,62,17,44
1,<environment.Job instance at 0x1462399ab640>,27,3,[10  2],45,62,65,17,45
1,<environment.Job instance at 0x1462399ab5f0>,28,3,[1 5],46,65,68,19,46
1,<environment.Job instance at 0x1462399aba50>,29,15,[10  1],48,68,83,20,55
1,<environment.Job instance at 0x1462399a3910>,35,3,[5 1],57,57,60,0,57
1,<environment.Job instance at 0x1462399a3320>,37,1,[1 7],60,83,84,23,60
1,<environment.Job instance at 0x1462399a3780>,36,13,[5 1],59,83,96,24,67
1,<environment.Job instance at 0x1462399a3230>,41,15,[2 6],65,84,99,19,70
1,<environment.Job instance at 0x1462399a3370>,42,3,[1 7],66,99,102,33,73
1,<environment.Job instance at 0x1462399a3d70>,40,12,[1 8],63,102,114,39,87
1,<environment.Job instance at 0x1462399a3730>,46,1,[7 2],71,99,100,28,99
1,<environment.Job instance at 0x1462399a35f0>,43,18,[1 8],67,114,132,47,103
1,<environment.Job instance at 0x146239590c30>,49,22,[7 2],75,107,129,32,107
1,<environment.Job instance at 0x1462337db550>,50,1,[2 7],76,132,133,56,107
1,<environment.Job instance at 0x1462337db870>,51,3,[10  2],77,133,136,56,107
1,<environment.Job instance at 0x1462337db910>,52,14,[ 1 10],79,136,150,57,121
1,<environment.Job instance at 0x1462337db230>,55,3,[7 1],85,129,132,44,121
1,<environment.Job instance at 0x1462337db410>,56,3,[10  2],86,150,153,64,124
1,<environment.Job instance at 0x1462313cd0f0>,1,2,[5 2],2,2,4,0,2
1,<environment.Job instance at 0x1462313cd910>,2,2,[2 7],3,4,6,1,4
1,<environment.Job instance at 0x1462313bfb40>,7,2,[ 1 10],9,9,11,0,9
1,<environment.Job instance at 0x1462313bffa0>,13,2,[1 6],17,24,26,7,24
1,<environment.Job instance at 0x1462313bf960>,15,18,[2 8],19,45,63,26,45
1,<environment.Job instance at 0x1462337b5280>,20,1,[2 5],27,63,64,36,45
1,<environment.Job instance at 0x1462337b5820>,21,14,[10  2],28,64,78,36,49
1,<environment.Job instance at 0x146239564c30>,31,1,[7 1],42,51,52,9,51
1,<environment.Job instance at 0x146239564fa0>,32,13,[1 8],43,78,91,35,62
1,<environment.Job instance at 0x14623954d5f0>,35,18,[2 7],49,91,109,42,80
1,<environment.Job instance at 0x14623954dfa0>,36,12,[8 2],50,81,93,31,81
1,<environment.Job instance at 0x1462395392d0>,37,1,[2 9],52,109,110,57,81
1,<environment.Job instance at 0x1462395396e0>,38,2,[ 2 10],55,110,112,55,83
1,<environment.Job instance at 0x146239539be0>,39,2,[7 1],56,93,95,37,83
1,<environment.Job instance at 0x146239539230>,40,3,[1 5],57,112,115,55,87
1,<environment.Job instance at 0x1462395398c0>,43,1,[10  1],60,115,116,55,87
1,<environment.Job instance at 0x1462339d0460>,44,16,[10  2],61,116,132,55,108
1,<environment.Job instance at 0x146230b6c780>,52,2,[10  1],76,132,134,56,108
1,<environment.Job instance at 0x146230b6c500>,53,1,[2 8],77,134,135,57,108
1,<environment.Job instance at 0x146230b6caf0>,54,2,[7 2],80,112,114,32,108
1,<environment.Job instance at 0x146239564d20>,33,3,[ 2 10],44,179,182,135,179
1,<environment.Job instance at 0x146230b6c820>,48,14,[9 2],68,192,206,124,192
1,<environment.Job instance at 0x146232d9a910>,0,1,[7 1],1,1,2,0,1
1,<environment.Job instance at 0x146232a87280>,4,1,[10  1],6,6,7,0,6
1,<environment.Job instance at 0x146232a876e0>,7,1,[6 1],10,10,11,0,10
1,<environment.Job instance at 0x1462395e6140>,13,12,[1 5],22,22,34,0,22
1,<environment.Job instance at 0x1462395e60f0>,15,18,[2 8],24,34,52,10,24
1,<environment.Job instance at 0x1462395e6cd0>,14,3,[2 7],23,52,55,29,30
1,<environment.Job instance at 0x146284101640>,23,3,[7 2],38,38,41,0,38
1,<environment.Job instance at 0x14622fcb9460>,24,2,[2 6],40,55,57,15,40
1,<environment.Job instance at 0x14627454c550>,25,2,[2 5],42,57,59,15,42
1,<environment.Job instance at 0x146232f1b9b0>,26,16,[ 2 10],43,59,75,16,47
1,<environment.Job instance at 0x14623a2617d0>,29,1,[1 7],48,75,76,27,48
1,<environment.Job instance at 0x146230184e10>,30,3,[8 1],50,50,53,0,50
1,<environment.Job instance at 0x14623a261500>,31,3,[2 5],52,76,79,24,52
1,<environment.Job instance at 0x146232f55c30>,32,13,[1 9],54,79,92,25,63
1,<environment.Job instance at 0x146232c04f50>,27,1,[1 9],46,92,93,46,64
1,<environment.Job instance at 0x1462300c8960>,42,2,[1 9],69,93,95,24,69
1,<environment.Job instance at 0x1462300c83c0>,43,3,[1 7],71,95,98,24,71
1,<environment.Job instance at 0x1462300c8730>,44,15,[ 1 10],72,98,113,26,84
1,<environment.Job instance at 0x1462338881e0>,53,2,[9 1],83,84,86,1,84
1,<environment.Job instance at 0x146232bf8eb0>,52,16,[10  2],82,113,129,31,102
1,<environment.Job instance at 0x146232b4d640>,33,12,[2 7],56,129,141,73,122
1,<environment.Job instance at 0x1462313d1e10>,1,2,[5 2],5,6,8,1,6
1,<environment.Job instance at 0x146232b4deb0>,2,14,[ 1 10],6,8,22,2,7
1,<environment.Job instance at 0x146232cb7f00>,10,17,[10  2],16,22,39,6,16
1,<environment.Job instance at 0x146232cb7190>,12,15,[1 5],19,39,54,20,28
1,<environment.Job instance at 0x14623016b370>,22,2,[1 7],35,54,56,19,35
1,<environment.Job instance at 0x14622fa37780>,26,3,[1 8],40,56,59,16,40
1,<environment.Job instance at 0x146233814820>,28,2,[7 1],44,44,46,0,44
1,<environment.Job instance at 0x146233814640>,27,17,[8 2],43,46,63,3,44
1,<environment.Job instance at 0x1462338140f0>,30,2,[1 6],47,59,61,12,47
1,<environment.Job instance at 0x146233814870>,31,3,[8 2],48,63,66,15,48
1,<environment.Job instance at 0x146233814050>,32,2,[7 1],50,66,68,16,50
1,<environment.Job instance at 0x146232cacb90>,7,16,[1 8],13,61,77,48,52
1,<environment.Job instance at 0x1462745d00f0>,35,12,[5 1],57,68,80,11,66
1,<environment.Job instance at 0x1462745d02d0>,34,13,[8 2],52,145,158,93,145
1,<environment.Job instance at 0x14622fe580a0>,3,3,[2 7],6,7,10,1,7
1,<environment.Job instance at 0x14622fc093c0>,7,2,[2 9],10,10,12,0,10
1,<environment.Job instance at 0x14622fc09690>,8,18,[2 7],11,12,30,1,11
1,<environment.Job instance at 0x14622fc3ab40>,10,3,[1 6],13,30,33,17,13
1,<environment.Job instance at 0x14622fc3a730>,11,2,[2 6],14,33,35,19,14
1,<environment.Job instance at 0x14622fc3a320>,12,1,[9 1],15,30,31,15,15
1,<environment.Job instance at 0x146233c36640>,13,1,[ 2 10],16,35,36,19,16
1,<environment.Job instance at 0x14623005aa00>,14,2,[1 8],18,36,38,18,18
1,<environment.Job instance at 0x146232d4d410>,16,12,[ 2 10],21,38,50,17,21
1,<environment.Job instance at 0x146232d4daa0>,17,3,[10  2],22,50,53,28,24
1,<environment.Job instance at 0x1462338120a0>,22,1,[9 2],29,31,32,2,29
1,<environment.Job instance at 0x14623a35e870>,28,3,[2 6],35,53,56,18,35
1,<environment.Job instance at 0x146232d8c410>,23,3,[2 8],30,56,59,26,38
1,<environment.Job instance at 0x146232c524b0>,31,2,[1 9],38,59,61,21,39
1,<environment.Job instance at 0x1462337bab90>,35,1,[1 5],42,61,62,19,42
1,<environment.Job instance at 0x1462337ba4b0>,33,1,[9 1],40,59,60,19,44
1,<environment.Job instance at 0x1462337ba050>,38,3,[8 2],46,53,56,7,46
1,<environment.Job instance at 0x1462337ba190>,37,12,[9 2],44,61,73,17,47
1,<environment.Job instance at 0x146232a767d0>,40,15,[9 2],49,73,88,24,59
1,<environment.Job instance at 0x1462382da1e0>,49,12,[2 8],64,88,100,24,71
1,<environment.Job instance at 0x1462382da8c0>,52,14,[1 5],68,71,85,3,71
1,<environment.Job instance at 0x146285cdd820>,39,12,[2 9],47,100,112,53,83
1,<environment.Job instance at 0x14622fa86190>,62,2,[ 1 10],85,112,114,27,108
1,<environment.Job instance at 0x14622fc3a6e0>,2,18,[9 1],5,7,25,2,7
1,<environment.Job instance at 0x14622f985b40>,6,2,[10  1],10,25,27,15,10
1,<environment.Job instance at 0x14622fbea280>,7,1,[ 2 10],12,27,28,15,12
1,<environment.Job instance at 0x14623005aa00>,10,12,[10  1],16,28,40,12,20
1,<environment.Job instance at 0x146285cd3f50>,11,12,[5 1],17,40,52,23,31
1,<environment.Job instance at 0x14622fa87e60>,25,15,[2 9],35,40,55,5,38
1,<environment.Job instance at 0x146239630eb0>,29,13,[ 2 10],39,55,68,16,39
1,<environment.Job instance at 0x1462300c7730>,31,14,[5 2],45,80,94,35,80
1,<environment.Job instance at 0x14622f4f1af0>,52,2,[10  2],81,94,96,13,81
1,<environment.Job instance at 0x14623391b870>,53,1,[1 8],82,82,83,0,82
1,<environment.Job instance at 0x14622fad7820>,54,1,[9 1],84,96,97,12,84
1,<environment.Job instance at 0x146232b3cf50>,55,3,[2 7],85,85,88,0,85
1,<environment.Job instance at 0x146232b3c820>,56,2,[ 2 10],86,97,99,11,86
1,<environment.Job instance at 0x146232f32d20>,58,13,[1 6],89,99,112,10,89
1,<environment.Job instance at 0x146232aaa230>,13,13,[1 7],19,256,269,237,256
1,<environment.Job instance at 0x146232c61af0>,5,1,[10  2],9,9,10,0,9
1,<environment.Job instance at 0x146232c615f0>,6,2,[ 1 10],10,10,12,0,10
1,<environment.Job instance at 0x146232c61460>,11,2,[1 7],15,15,17,0,15
1,<environment.Job instance at 0x14622f5eb2d0>,1,16,[ 2 10],3,18,34,15,18
1,<environment.Job instance at 0x146232edb9b0>,15,3,[10  1],19,34,37,15,19
1,<environment.Job instance at 0x146232eb6af0>,16,17,[1 9],21,37,54,16,25
1,<environment.Job instance at 0x146232edb4b0>,17,2,[2 5],22,54,56,32,27
1,<environment.Job instance at 0x146232edb370>,18,23,[6 1],23,43,66,20,43
1,<environment.Job instance at 0x146232b96690>,26,2,[8 2],32,66,68,34,44
1,<environment.Job instance at 0x146232b96c80>,27,3,[7 1],33,68,71,35,44
1,<environment.Job instance at 0x14622f8e7910>,28,1,[1 8],35,56,57,21,46
1,<environment.Job instance at 0x14622fe2a960>,29,1,[8 2],36,71,72,35,46
1,<environment.Job instance at 0x14622fe2a730>,30,3,[1 8],40,57,60,17,46
1,<environment.Job instance at 0x146230132050>,31,1,[2 6],43,60,61,17,46
1,<environment.Job instance at 0x14622fd010a0>,32,1,[2 7],45,61,62,16,46
1,<environment.Job instance at 0x146232d3ad70>,36,14,[1 8],51,62,76,11,52
1,<environment.Job instance at 0x14622f90f550>,34,3,[6 2],48,72,75,24,53
1,<environment.Job instance at 0x146232d3aaa0>,39,3,[10  1],54,76,79,22,57
1,<environment.Job instance at 0x14627402d230>,42,2,[1 9],58,79,81,21,62
1,<environment.Job instance at 0x146232d39e60>,46,3,[8 1],63,79,82,16,66
1,<environment.Job instance at 0x146232d39820>,49,3,[7 1],67,82,85,15,67
1,<environment.Job instance at 0x146232d39640>,50,2,[2 9],69,81,83,12,69
1,<environment.Job instance at 0x146232d32d20>,51,2,[5 1],70,85,87,15,70
1,<environment.Job instance at 0x146232d32140>,63,14,[2 9],87,888,902,801,888
1,<environment.Job instance at 0x146285cc9d20>,1,3,[10  2],2,4,7,2,4
1,<environment.Job instance at 0x14622f8aaeb0>,5,3,[8 2],10,10,13,0,10
1,<environment.Job instance at 0x14622f8aa690>,9,12,[7 2],14,14,26,0,14
1,<environment.Job instance at 0x14622f8aa2d0>,10,2,[2 7],15,15,17,0,15
1,<environment.Job instance at 0x14622f8aa870>,11,12,[2 6],16,17,29,1,16
1,<environment.Job instance at 0x14622f8aac30>,12,13,[5 1],17,26,39,9,17
1,<environment.Job instance at 0x14622f8aa550>,13,3,[5 2],18,29,32,11,18
1,<environment.Job instance at 0x146232ade910>,14,1,[8 2],20,39,40,19,20
1,<environment.Job instance at 0x146232013320>,15,3,[10  2],21,40,43,19,21
1,<environment.Job instance at 0x14622f8aae10>,16,1,[5 2],22,32,33,10,22
1,<environment.Job instance at 0x14622f8aa5f0>,3,12,[2 5],6,43,55,37,42
1,<environment.Job instance at 0x14622fe6a3c0>,52,16,[2 5],74,190,206,116,190
1,<environment.Job instance at 0x146233992640>,1,1,[9 2],3,4,5,1,4
1,<environment.Job instance at 0x146232e373c0>,13,12,[2 9],22,1498,1510,1476,1498
1,<environment.Job instance at 0x146232e37640>,5,1,[7 2],9,1684,1685,1675,1684
1,<environment.Job instance at 0x14622ffe2550>,40,16,[2 9],58,1834,1850,1776,1834
1,<environment.Job instance at 0x14622ffe22d0>,45,3,[9 1],65,1850,1853,1785,1834
1,<environment.Job instance at 0x146232e21280>,47,3,[1 9],67,1850,1853,1783,1834
1,<environment.Job instance at 0x146232e21320>,48,2,[9 2],68,1853,1855,1785,1834
1,<environment.Job instance at 0x146232e210a0>,49,3,[7 1],69,1834,1837,1765,1834
1,<environment.Job instance at 0x146232e212d0>,50,3,[2 7],70,1855,1858,1785,1834
1,<environment.Job instance at 0x146232e21dc0>,51,2,[9 2],71,1858,1860,1787,1834
1,<environment.Job instance at 0x14622ffe2af0>,41,13,[10  2],60,1860,1873,1800,1847
1,<environment.Job instance at 0x146232e37dc0>,21,12,[8 1],32,1911,1923,1879,1911
1,<environment.Job instance at 0x14622f815780>,0,17,[1 9],1,1,18,0,1
1,<environment.Job instance at 0x146232e37d70>,1,1,[9 1],2,5,6,3,5
1,<environment.Job instance at 0x14622fc82230>,20,12,[1 7],35,40,52,5,40
1,<environment.Job instance at 0x146233a23140>,26,2,[ 1 10],42,52,54,10,42
1,<environment.Job instance at 0x14622f8e7690>,27,2,[1 5],44,54,56,10,44
1,<environment.Job instance at 0x146232b0fe60>,28,18,[6 2],47,54,72,7,47
1,<environment.Job instance at 0x146233859af0>,29,14,[2 9],48,72,86,24,57
1,<environment.Job instance at 0x14622fdc3aa0>,32,1,[10  1],52,86,87,34,58
1,<environment.Job instance at 0x14623014db90>,33,3,[5 1],53,72,75,19,59
1,<environment.Job instance at 0x146233d04aa0>,34,2,[8 1],54,75,77,21,59
1,<environment.Job instance at 0x146232ac8370>,35,3,[ 2 10],55,87,90,32,61
1,<environment.Job instance at 0x146233d043c0>,37,1,[ 1 10],58,90,91,32,69
1,<environment.Job instance at 0x146233d20910>,38,18,[1 9],59,91,109,32,80
1,<environment.Job instance at 0x146233d205a0>,42,3,[9 2],64,109,112,45,83
1,<environment.Job instance at 0x146233d20aa0>,43,3,[8 2],66,112,115,46,86
1,<environment.Job instance at 0x146232b0d280>,30,2,[1 6],49,109,111,60,99
1,<environment.Job instance at 0x1462339625f0>,45,2,[1 6],69,111,113,42,100
1,<environment.Job instance at 0x146233962d20>,44,17,[2 7],68,113,130,45,101
1,<environment.Job instance at 0x14623668b190>,50,2,[2 8],75,130,132,55,103
1,<environment.Job instance at 0x14623668be60>,51,1,[6 1],76,103,104,27,103
1,<environment.Job instance at 0x14623668be10>,52,3,[8 2],77,115,118,38,103
1,<environment.Job instance at 0x14623668b230>,53,17,[1 8],78,132,149,54,120
1,<environment.Job instance at 0x14623668b3c0>,58,2,[2 6],84,149,151,65,122
1,<environment.Job instance at 0x146232dc0870>,62,18,[1 8],89,151,169,62,140
1,<environment.Job instance at 0x146233962cd0>,46,18,[5 2],70,165,183,95,165
1,<environment.Job instance at 0x14623014d820>,31,3,[1 9],51,790,793,739,790
1,<environment.Job instance at 0x146232e942d0>,1,3,[2 5],2,3,6,1,3
1,<environment.Job instance at 0x14623014d5f0>,3,2,[9 2],5,6,8,1,5
1,<environment.Job instance at 0x14623a25a050>,0,16,[1 7],1,6,22,5,6
1,<environment.Job instance at 0x146232c76b90>,9,2,[7 2],12,12,14,0,12
1,<environment.Job instance at 0x1462745a4f00>,10,1,[ 2 10],13,22,23,9,13
1,<environment.Job instance at 0x1462399af730>,7,18,[10  1],9,23,41,14,15
1,<environment.Job instance at 0x1462745a4d70>,12,2,[2 6],17,41,43,24,17
1,<environment.Job instance at 0x146232c76e10>,8,2,[1 6],10,43,45,33,18
1,<environment.Job instance at 0x1462395930f0>,14,2,[6 2],19,19,21,0,19
1,<environment.Job instance at 0x146239593640>,13,15,[10  2],18,45,60,27,31
1,<environment.Job instance at 0x14622fd44e10>,21,1,[10  1],27,60,61,33,32
1,<environment.Job instance at 0x1462308d9910>,22,1,[6 2],28,41,42,13,32
1,<environment.Job instance at 0x146233d07820>,16,2,[2 7],21,61,63,40,43
1,<environment.Job instance at 0x146239593fa0>,15,15,[7 1],20,61,76,41,61
1,<environment.Job instance at 0x146230015870>,48,2,[10  1],63,76,78,13,63
1,<environment.Job instance at 0x146230015d70>,49,1,[8 2],64,78,79,14,64
1,<environment.Job instance at 0x146230015cd0>,50,2,[5 1],65,79,81,14,65
1,<environment.Job instance at 0x14622fae3d70>,51,2,[6 1],66,81,83,15,66
1,<environment.Job instance at 0x14627459d1e0>,52,3,[6 2],67,83,86,16,67
1,<environment.Job instance at 0x14627459de10>,53,3,[10  1],68,86,89,18,68
1,<environment.Job instance at 0x146230018aa0>,39,2,[8 2],52,89,91,37,69
1,<environment.Job instance at 0x14623974c550>,55,3,[1 7],70,78,81,8,74
1,<environment.Job instance at 0x14622f56a320>,54,18,[2 7],69,89,107,20,78
1,<environment.Job instance at 0x1462396dd280>,60,2,[2 5],81,81,83,0,81
1,<environment.Job instance at 0x1462396dd4b0>,62,2,[2 6],84,84,86,0,84
1,<environment.Job instance at 0x1462396dddc0>,63,1,[10  2],85,107,108,22,85
1,<environment.Job instance at 0x1462396dd500>,66,27,[5 1],88,2573,2600,2485,2573
1,<environment.Job instance at 0x146233975e10>,3,2,[2 9],6,6,8,0,6
1,<environment.Job instance at 0x146232ca30a0>,6,2,[10  1],12,12,14,0,12
1,<environment.Job instance at 0x146232cf00a0>,7,3,[9 2],13,14,17,1,13
1,<environment.Job instance at 0x146232cf0aa0>,8,1,[2 9],14,17,18,3,14
1,<environment.Job instance at 0x146232cf0d70>,9,1,[7 2],16,18,19,2,16
1,<environment.Job instance at 0x146232cf0a50>,11,13,[9 2],24,32,45,8,32
1,<environment.Job instance at 0x1462313e9820>,14,18,[9 2],28,45,63,17,43
1,<environment.Job instance at 0x14622fde3af0>,15,1,[2 5],29,63,64,34,43
1,<environment.Job instance at 0x14622fc10190>,19,1,[2 9],38,64,65,26,58
1,<environment.Job instance at 0x14622fc10730>,21,18,[2 6],40,65,83,25,58
1,<environment.Job instance at 0x146232b7a190>,23,2,[2 5],43,83,85,40,59
1,<environment.Job instance at 0x14622feb2be0>,26,3,[8 2],47,65,68,18,60
1,<environment.Job instance at 0x14622fdcc190>,27,2,[2 7],48,85,87,37,60
1,<environment.Job instance at 0x14622feb2eb0>,28,2,[2 8],50,87,89,37,63
1,<environment.Job instance at 0x14622fb68b90>,33,16,[9 2],56,89,105,33,83
1,<environment.Job instance at 0x14622f9c90f0>,29,1,[6 2],52,83,84,31,83
1,<environment.Job instance at 0x146232021280>,35,3,[ 2 10],59,105,108,46,83
1,<environment.Job instance at 0x1462320218c0>,36,3,[5 1],60,84,87,24,83
1,<environment.Job instance at 0x1462320211e0>,37,1,[9 1],61,108,109,47,84
1,<environment.Job instance at 0x146232021640>,38,1,[2 7],63,109,110,46,99
1,<environment.Job instance at 0x1462301627d0>,44,3,[ 1 10],70,110,113,40,110
1,<environment.Job instance at 0x146232ca3f50>,5,18,[1 6],10,113,131,103,110
1,<environment.Job instance at 0x146230162730>,46,3,[7 2],72,113,116,41,110
1,<environment.Job instance at 0x146230012910>,48,3,[ 1 10],75,131,134,56,110
1,<environment.Job instance at 0x1462308e2f00>,49,2,[5 2],78,116,118,38,110
1,<environment.Job instance at 0x1462308e2550>,51,3,[2 6],81,134,137,53,110
1,<environment.Job instance at 0x1462308e2dc0>,52,2,[9 1],82,118,120,36,110
1,<environment.Job instance at 0x1462308e2b90>,53,3,[8 1],83,120,123,37,110
1,<environment.Job instance at 0x14622f790d70>,54,1,[1 7],84,137,138,53,110
1,<environment.Job instance at 0x14622f790320>,55,2,[9 2],85,123,125,38,110
1,<environment.Job instance at 0x14622f790370>,57,2,[1 9],88,215,217,127,215
1,<environment.Job instance at 0x14627459beb0>,58,2,[2 6],89,217,219,128,215
1,<environment.Job instance at 0x1462308e22d0>,50,19,[9 2],80,1836,1855,1756,1836
1,<environment.Job instance at 0x14622f766280>,41,17,[ 2 10],66,1858,1875,1792,1858
1,<environment.Job instance at 0x14622f2f0550>,0,3,[9 1],2,5,8,3,5
1,<environment.Job instance at 0x146232f1f280>,5,18,[ 2 10],11,11,29,0,11
1,<environment.Job instance at 0x146232f1f320>,6,1,[5 2],12,29,30,17,12
1,<environment.Job instance at 0x146232f1f870>,8,2,[1 5],16,29,31,13,16
1,<environment.Job instance at 0x1462745a2320>,9,12,[ 1 10],17,31,43,14,17
1,<environment.Job instance at 0x146232f1fb90>,7,1,[5 1],13,30,31,17,19
1,<environment.Job instance at 0x1462396a8b90>,12,2,[ 2 10],20,43,45,23,20
1,<environment.Job instance at 0x14623a2b7f50>,29,14,[6 1],39,45,59,6,39
1,<environment.Job instance at 0x1462745a2730>,11,14,[2 6],19,45,59,26,40
1,<environment.Job instance at 0x146233985d20>,33,3,[ 1 10],43,59,62,16,43
1,<environment.Job instance at 0x146239582f00>,39,14,[10  2],49,62,76,13,51
1,<environment.Job instance at 0x14622fe9e690>,42,15,[1 7],52,76,91,24,62
1,<environment.Job instance at 0x14622fe9e280>,48,18,[7 1],59,76,94,17,68
1,<environment.Job instance at 0x14622fc04be0>,49,2,[2 7],62,91,93,29,68
1,<environment.Job instance at 0x14622fc98fa0>,52,3,[5 1],65,94,97,29,79
1,<environment.Job instance at 0x14622f40baa0>,54,3,[1 9],68,93,96,25,79
1,<environment.Job instance at 0x14622f559410>,57,3,[2 5],72,96,99,24,79
1,<environment.Job instance at 0x146233da14b0>,60,3,[1 9],75,99,102,24,79
1,<environment.Job instance at 0x14622f7b20f0>,61,3,[10  1],81,102,105,21,82
1,<environment.Job instance at 0x14622f7a0690>,66,1,[1 7],89,105,106,16,89
1,<environment.Job instance at 0x14622fe9eb90>,41,17,[9 1],51,148,165,97,148
1,<environment.Job instance at 0x1462339853c0>,35,18,[2 8],45,174,192,129,174
1,<environment.Job instance at 0x146230035140>,16,18,[2 7],25,192,210,167,188
1,<environment.Job instance at 0x14623966e500>,2,3,[ 2 10],7,7,10,0,7
1,<environment.Job instance at 0x14623966e410>,3,3,[2 8],8,10,13,2,8
1,<environment.Job instance at 0x14622fbfb0a0>,4,2,[2 7],9,13,15,4,9
1,<environment.Job instance at 0x14623966e460>,5,3,[10  2],11,15,18,4,11
1,<environment.Job instance at 0x146232dc0b90>,7,12,[ 1 10],13,18,30,5,13
1,<environment.Job instance at 0x1462313d1780>,8,2,[6 2],14,30,32,16,14
1,<environment.Job instance at 0x1462313d1e60>,9,3,[2 6],15,30,33,15,15
1,<environment.Job instance at 0x14622f745190>,11,13,[2 7],17,33,46,16,17
1,<environment.Job instance at 0x14622f7452d0>,14,1,[2 5],22,46,47,24,22
1,<environment.Job instance at 0x14622f745f50>,15,16,[1 6],23,47,63,24,34
1,<environment.Job instance at 0x14622f745370>,13,12,[1 6],19,63,75,44,47
1,<environment.Job instance at 0x14622fc4efa0>,22,1,[2 8],31,75,76,44,47
1,<environment.Job instance at 0x14622f5608c0>,23,2,[6 1],33,47,49,14,47
1,<environment.Job instance at 0x14622fc4ec80>,26,1,[2 6],37,76,77,39,48
1,<environment.Job instance at 0x14622fc4eaf0>,25,3,[2 5],36,77,80,41,51
1,<environment.Job instance at 0x146232041500>,29,1,[1 6],40,80,81,40,52
1,<environment.Job instance at 0x1462300e49b0>,31,2,[9 2],44,53,55,9,53
1,<environment.Job instance at 0x14622f745e10>,16,25,[5 2],24,65,90,41,65
1,<environment.Job instance at 0x14622f752140>,34,14,[1 9],49,97,111,48,97
1,<environment.Job instance at 0x1462395b2410>,49,1,[2 7],76,111,112,35,97
1,<environment.Job instance at 0x1462395b2230>,50,1,[6 1],77,97,98,20,97
1,<environment.Job instance at 0x14622f6bb0f0>,41,17,[6 2],63,111,128,48,103
1,<environment.Job instance at 0x1462395b2870>,52,1,[ 1 10],79,128,129,49,105
1,<environment.Job instance at 0x1462395b2640>,53,18,[2 9],82,129,147,47,127
1,<environment.Job instance at 0x1462395b2af0>,54,1,[1 7],83,147,148,64,128
1,<environment.Job instance at 0x1462395b2cd0>,55,14,[1 7],85,148,162,63,134
1,<environment.Job instance at 0x14622ff63730>,56,2,[10  2],86,162,164,76,140
1,<environment.Job instance at 0x14622ff63320>,57,3,[5 1],87,147,150,60,147
1,<environment.Job instance at 0x14622ff63d20>,58,14,[2 7],88,164,178,76,156
1,<environment.Job instance at 0x1462395b2050>,51,17,[2 6],78,178,195,100,170
1,<environment.Job instance at 0x14623017be60>,2,2,[2 8],4,4,6,0,4
1,<environment.Job instance at 0x1462395b2e10>,3,3,[1 9],5,6,9,1,5
1,<environment.Job instance at 0x1462395b27d0>,4,17,[1 7],7,9,26,2,7
1,<environment.Job instance at 0x146232efd910>,6,3,[1 5],11,26,29,15,11
1,<environment.Job instance at 0x14623017b1e0>,7,1,[7 2],13,13,14,0,13
1,<environment.Job instance at 0x146232efd6e0>,8,2,[8 1],14,14,16,0,14
1,<environment.Job instance at 0x146232efdb40>,10,21,[7 1],16,20,41,4,20
1,<environment.Job instance at 0x146232efd870>,16,2,[5 1],23,41,43,18,23
1,<environment.Job instance at 0x1462338e8e60>,17,2,[2 7],24,29,31,5,24
1,<environment.Job instance at 0x146232efdd70>,9,18,[7 2],15,43,61,28,32
1,<environment.Job instance at 0x14622f7f0230>,21,3,[1 8],33,33,36,0,33
1,<environment.Job instance at 0x14622f766e60>,23,2,[5 2],35,41,43,6,36
1,<environment.Job instance at 0x146232a72a50>,24,3,[8 1],37,61,64,24,37
1,<environment.Job instance at 0x14623388cb40>,25,2,[6 1],38,64,66,26,39
1,<environment.Job instance at 0x14622ff01e60>,26,3,[6 2],40,66,69,26,40
1,<environment.Job instance at 0x14622ff013c0>,29,26,[2 8],45,52,78,7,52
1,<environment.Job instance at 0x14623a2168c0>,22,17,[7 2],34,69,86,35,61
1,<environment.Job instance at 0x14622ff165a0>,33,3,[2 8],50,78,81,28,61
1,<environment.Job instance at 0x146230953c80>,35,3,[2 7],55,81,84,26,61
1,<environment.Job instance at 0x14622fc5b6e0>,37,3,[ 1 10],57,86,89,29,72
1,<environment.Job instance at 0x14622fafc690>,39,2,[2 9],62,89,91,27,73
1,<environment.Job instance at 0x14622f8411e0>,41,2,[1 6],64,84,86,20,76
1,<environment.Job instance at 0x14622f841e10>,42,12,[2 5],66,91,103,25,76
1,<environment.Job instance at 0x14622f8413c0>,44,1,[7 2],70,91,92,21,83
1,<environment.Job instance at 0x14622f841c30>,46,17,[ 2 10],72,103,120,31,91
1,<environment.Job instance at 0x146232f603c0>,55,14,[6 1],86,120,134,34,105
1,<environment.Job instance at 0x146232efdaf0>,14,14,[6 1],20,134,148,114,123
1,<environment.Job instance at 0x146233854730>,3,28,[1 6],6,6,34,0,6
1,<environment.Job instance at 0x1462338549b0>,4,2,[1 9],9,34,36,25,9
1,<environment.Job instance at 0x146233854cd0>,6,2,[6 2],13,13,15,0,13
1,<environment.Job instance at 0x1462338543c0>,2,15,[7 2],5,15,30,10,15
1,<environment.Job instance at 0x146233854960>,7,1,[10  1],15,36,37,21,17
1,<environment.Job instance at 0x14622f947a50>,9,2,[1 9],19,37,39,18,21
1,<environment.Job instance at 0x146233844870>,15,2,[7 2],27,30,32,3,27
1,<environment.Job instance at 0x146233844280>,14,1,[7 2],26,32,33,6,28
1,<environment.Job instance at 0x146233844d70>,19,15,[1 8],32,39,54,7,33
1,<environment.Job instance at 0x146233844780>,21,1,[9 1],34,34,35,0,34
1,<environment.Job instance at 0x146233844a50>,18,14,[2 8],31,54,68,23,44
1,<environment.Job instance at 0x14622f977d70>,29,2,[2 5],45,68,70,23,45
1,<environment.Job instance at 0x14622f977f50>,30,1,[2 8],46,70,71,24,46
1,<environment.Job instance at 0x146233841be0>,31,13,[5 2],47,54,67,7,54
1,<environment.Job instance at 0x146233841960>,37,16,[7 2],55,67,83,12,55
1,<environment.Job instance at 0x146233841a50>,38,3,[6 1],56,83,86,27,57
1,<environment.Job instance at 0x146233841690>,39,2,[10  2],57,86,88,29,59
1,<environment.Job instance at 0x146232d04690>,42,3,[8 2],65,88,91,23,67
1,<environment.Job instance at 0x146232d04f50>,43,1,[8 2],66,91,92,25,68
1,<environment.Job instance at 0x14622f9774b0>,24,2,[8 2],40,92,94,52,80
1,<environment.Job instance at 0x14622f9614b0>,54,3,[ 1 10],81,94,97,13,88
1,<environment.Job instance at 0x14622f961910>,53,15,[5 2],80,97,112,17,93
1,<environment.Job instance at 0x14622f961730>,59,1,[2 7],86,93,94,7,93
1,<environment.Job instance at 0x14622f9616e0>,60,2,[8 1],87,112,114,25,93
1,<environment.Job instance at 0x14622f961b90>,56,16,[5 2],83,601,617,518,601
1,<environment.Job instance at 0x146232d04c80>,46,27,[1 7],69,609,636,540,609
1,<environment.Job instance at 0x14a124d5eb90>,1,2,[2 5],4,4,6,0,4
1,<environment.Job instance at 0x14a124d5eaf0>,3,2,[1 7],6,6,8,0,6
1,<environment.Job instance at 0x14a124d5eb40>,0,17,[ 1 10],3,8,25,5,7
1,<environment.Job instance at 0x14a0cf84c370>,4,2,[6 1],7,25,27,18,10
1,<environment.Job instance at 0x14a0cf7ffdc0>,9,2,[ 2 10],12,27,29,15,12
1,<environment.Job instance at 0x14a0cf7f3910>,12,3,[6 2],16,29,32,13,16
1,<environment.Job instance at 0x14a0cf7f32d0>,14,1,[1 7],18,25,26,7,19
1,<environment.Job instance at 0x14a0cf7f3a50>,13,13,[1 5],17,29,42,12,28
1,<environment.Job instance at 0x14a0cf830b90>,22,3,[2 6],29,42,45,13,29
1,<environment.Job instance at 0x14a0cf8313c0>,23,3,[7 2],30,32,35,2,30
1,<environment.Job instance at 0x14a0cf832190>,24,20,[ 1 10],32,45,65,13,43
1,<environment.Job instance at 0x14a0cf120eb0>,40,1,[8 1],53,65,66,12,53
1,<environment.Job instance at 0x14a0cf120320>,41,1,[ 1 10],54,66,67,12,54
1,<environment.Job instance at 0x14a0cf120370>,42,3,[1 6],55,67,70,12,55
1,<environment.Job instance at 0x14a0cf120be0>,43,2,[2 8],56,70,72,14,56
1,<environment.Job instance at 0x14a0cf38dc80>,44,1,[2 9],57,65,66,8,57
1,<environment.Job instance at 0x14a0cf38db40>,45,2,[2 5],58,72,74,14,58
1,<environment.Job instance at 0x14a0cf393190>,46,1,[1 7],59,74,75,15,59
1,<environment.Job instance at 0x14a0cf393b90>,48,15,[ 2 10],61,75,90,14,61
1,<environment.Job instance at 0x14a0cf399be0>,52,1,[8 1],70,70,71,0,70
1,<environment.Job instance at 0x14a0cf399af0>,51,16,[10  1],69,90,106,21,78
1,<environment.Job instance at 0x14a0cf39caa0>,57,3,[1 9],80,106,109,26,80
1,<environment.Job instance at 0x14a0cf87c230>,15,14,[6 2],20,516,530,496,516
1,<environment.Job instance at 0x14a0cf39c1e0>,60,17,[ 1 10],86,693,710,607,693
1,<environment.Job instance at 0x14a0cf7f3be0>,16,17,[1 7],22,724,741,702,724
1,<environment.Job instance at 0x14a0cf13c280>,4,1,[8 1],7,19,20,12,19
1,<environment.Job instance at 0x14a0dc657050>,11,3,[9 2],20,22,25,2,22
1,<environment.Job instance at 0x14a0dc656f50>,14,2,[9 1],23,25,27,2,23
1,<environment.Job instance at 0x14a0dd1defa0>,15,18,[2 5],24,32,50,8,32
1,<environment.Job instance at 0x14a0dd2c9140>,21,1,[5 2],33,33,34,0,33
1,<environment.Job instance at 0x14a0dd1d62d0>,22,1,[5 2],34,34,35,0,34
1,<environment.Job instance at 0x14a0dd291e60>,7,3,[2 8],11,50,53,39,36
1,<environment.Job instance at 0x14a0dd1cf230>,25,1,[ 2 10],38,53,54,15,45
1,<environment.Job instance at 0x14a0dd25ddc0>,6,17,[9 2],10,58,75,48,58
1,<environment.Job instance at 0x14a0dc567cd0>,36,1,[9 2],59,75,76,16,59
1,<environment.Job instance at 0x14a0dc676640>,38,2,[7 2],61,76,78,15,62
1,<environment.Job instance at 0x14a0dc676730>,39,3,[1 7],62,65,68,3,65
1,<environment.Job instance at 0x14a0dc676be0>,40,2,[2 8],63,76,78,13,66
1,<environment.Job instance at 0x14a0dd2cf0a0>,41,3,[1 5],64,68,71,4,67
1,<environment.Job instance at 0x14a0dd1c92d0>,46,13,[9 1],72,78,91,6,72
1,<environment.Job instance at 0x14a0dd1d64b0>,23,16,[1 9],36,78,94,42,78
1,<environment.Job instance at 0x14a0dd1d7820>,49,12,[10  2],79,94,106,15,83
1,<environment.Job instance at 0x14a0dd1d7550>,51,1,[5 2],81,106,107,25,83
1,<environment.Job instance at 0x14a0dd1d7370>,52,1,[1 6],82,106,107,24,83
1,<environment.Job instance at 0x14a0dc98fc30>,54,17,[1 5],84,107,124,23,95
1,<environment.Job instance at 0x14a0dc98f6e0>,55,1,[1 8],85,124,125,39,96
1,<environment.Job instance at 0x14a0dc98f280>,56,1,[1 9],86,125,126,39,97
1,<environment.Job instance at 0x14a0dc98f0a0>,57,3,[ 1 10],87,126,129,39,100
1,<environment.Job instance at 0x14a0dc98f690>,58,2,[5 1],89,107,109,18,100
1,<environment.Job instance at 0x14a0dc98f190>,59,12,[1 9],90,129,141,39,112
1,<environment.Job instance at 0x14a0dc98f1e0>,65,3,[ 1 10],97,141,144,44,115
1,<environment.Job instance at 0x14a0dc98f4b0>,66,2,[8 2],98,115,117,17,115
1,<environment.Job instance at 0x14a0dd2c9b90>,20,15,[6 2],32,588,603,556,588
1,<environment.Job instance at 0x14a0dc98f500>,64,18,[ 2 10],96,615,633,519,615
1,<environment.Job instance at 0x14a0dd2cfa00>,42,15,[1 5],65,634,649,569,634
1,<environment.Job instance at 0x14a0cea60050>,8,1,[10  1],20,20,21,0,20
1,<environment.Job instance at 0x14a0cea60320>,7,3,[9 2],19,21,24,2,20
1,<environment.Job instance at 0x14a0ceb0a730>,9,2,[5 2],21,24,26,3,21
1,<environment.Job instance at 0x14a0ce9a4190>,11,1,[8 2],24,26,27,2,24
1,<environment.Job instance at 0x14a0ceb0ac30>,10,3,[6 1],23,27,30,4,24
1,<environment.Job instance at 0x14a0d1e1a640>,13,26,[2 9],26,27,53,1,26
1,<environment.Job instance at 0x14a0ce9a5050>,20,1,[5 1],37,41,42,4,41
1,<environment.Job instance at 0x14a0ce9a5dc0>,15,13,[ 2 10],31,53,66,22,51
1,<environment.Job instance at 0x14a0ce9e33c0>,32,15,[ 1 10],55,66,81,11,57
1,<environment.Job instance at 0x14a0ce9e39b0>,34,1,[7 1],59,81,82,22,59
1,<environment.Job instance at 0x14a0ce9a3b90>,35,2,[1 8],61,81,83,20,61
1,<environment.Job instance at 0x14a0ce9a3c30>,36,1,[1 6],62,83,84,21,62
1,<environment.Job instance at 0x14a0ce9a3eb0>,37,3,[10  2],63,84,87,21,63
1,<environment.Job instance at 0x14a0cfb30410>,38,2,[8 2],64,82,84,18,64
1,<environment.Job instance at 0x14a0ceabad70>,39,2,[5 2],65,87,89,22,65
1,<environment.Job instance at 0x14a0ceabad20>,40,3,[1 8],67,87,90,20,67
1,<environment.Job instance at 0x14a0ce9f8960>,41,2,[5 2],69,89,91,20,69
1,<environment.Job instance at 0x14a0ce9f8dc0>,42,2,[2 7],71,90,92,19,71
1,<environment.Job instance at 0x14a0ce9f8140>,43,3,[ 2 10],73,92,95,19,73
1,<environment.Job instance at 0x14a0ce9f84b0>,44,1,[1 5],74,95,96,21,74
1,<environment.Job instance at 0x14a0ce9f8910>,45,2,[1 9],75,96,98,21,75
1,<environment.Job instance at 0x14a0d27b13c0>,22,18,[2 8],39,98,116,59,88
1,<environment.Job instance at 0x14a0cea3ee60>,54,1,[6 2],87,95,96,8,94
1,<environment.Job instance at 0x14a0cf7f38c0>,57,2,[7 1],90,96,98,6,94
1,<environment.Job instance at 0x14a0d1a675f0>,58,2,[1 8],91,116,118,25,94
1,<environment.Job instance at 0x14a0d1ef7550>,46,17,[1 7],76,121,138,45,121
1,<environment.Job instance at 0x14a0ce9eee60>,64,2,[5 1],97,121,123,24,121
1,<environment.Job instance at 0x14a0ce9eec80>,65,1,[6 1],99,123,124,24,122
1,<environment.Job instance at 0x14a0ce9ee320>,63,17,[1 9],96,138,155,42,130
1,<environment.Job instance at 0x14a0dc55a050>,6,2,[2 8],10,10,12,0,10
1,<environment.Job instance at 0x14a0cf1233c0>,1,13,[5 2],2,12,25,10,12
1,<environment.Job instance at 0x14a0d1ae2eb0>,9,2,[6 2],13,25,27,12,13
1,<environment.Job instance at 0x14a0dc587d70>,10,3,[8 2],14,27,30,13,14
1,<environment.Job instance at 0x14a0df9aeaf0>,11,1,[6 2],16,30,31,14,16
1,<environment.Job instance at 0x14a0cf7b5190>,12,2,[1 6],18,18,20,0,18
1,<environment.Job instance at 0x14a0dc56cb90>,13,15,[6 1],19,31,46,12,19
1,<environment.Job instance at 0x14a0dc587a00>,14,2,[ 1 10],21,46,48,25,21
1,<environment.Job instance at 0x14a0dc55aaf0>,15,2,[6 1],22,48,50,26,22
1,<environment.Job instance at 0x14a0dc580910>,16,2,[10  2],23,50,52,27,23
1,<environment.Job instance at 0x14a0dc5763c0>,17,3,[2 6],24,25,28,1,25
1,<environment.Job instance at 0x14a0dc5a5550>,18,2,[7 2],26,52,54,26,26
1,<environment.Job instance at 0x14a0dc580d20>,19,1,[9 1],28,54,55,26,30
1,<environment.Job instance at 0x14a0dc5340f0>,22,2,[6 2],31,55,57,24,31
1,<environment.Job instance at 0x14a0dc534780>,23,2,[2 6],34,34,36,0,34
1,<environment.Job instance at 0x14a0cf818690>,24,1,[1 7],35,36,37,1,35
1,<environment.Job instance at 0x14a0cf8180a0>,25,2,[10  2],36,57,59,21,36
1,<environment.Job instance at 0x14a0dc0af460>,26,2,[6 2],37,59,61,22,37
1,<environment.Job instance at 0x14a0dc0af320>,27,2,[10  1],38,61,63,23,38
1,<environment.Job instance at 0x14a0dc0aff00>,28,1,[7 2],39,63,64,24,40
1,<environment.Job instance at 0x14a0dc0afaa0>,30,3,[1 9],41,41,44,0,41
1,<environment.Job instance at 0x14a0dc55acd0>,5,15,[2 7],9,181,196,172,181
1,<environment.Job instance at 0x14a0dc55af00>,7,12,[1 9],11,209,221,198,209
1,<environment.Job instance at 0x14a0dc55abe0>,8,14,[ 2 10],12,229,243,217,229
1,<environment.Job instance at 0x14a0dc5687d0>,46,2,[5 1],69,258,260,189,258
1,<environment.Job instance at 0x14a0d1daceb0>,58,3,[5 1],84,260,263,176,260
1,<environment.Job instance at 0x14a0d1d4dfa0>,53,16,[1 7],77,262,278,185,262
1,<environment.Job instance at 0x14a0df506c30>,63,3,[5 2],91,263,266,172,262
1,<environment.Job instance at 0x14a0d29510f0>,64,1,[6 1],92,266,267,174,262
1,<environment.Job instance at 0x14a0dd25d500>,65,1,[8 1],93,267,268,174,262
1,<environment.Job instance at 0x14a0cf7af640>,60,1,[9 1],86,268,269,182,265
1,<environment.Job instance at 0x14a0dc5d9140>,67,13,[9 2],97,269,282,172,265
1,<environment.Job instance at 0x14a0cf7af5a0>,62,17,[10  1],88,282,299,194,275
1,<environment.Job instance at 0x14a0dc081fa0>,5,15,[10  1],8,8,23,0,8
1,<environment.Job instance at 0x14a0cf9089b0>,6,3,[7 2],10,23,26,13,10
1,<environment.Job instance at 0x14a0cf908460>,7,1,[2 8],11,23,24,12,11
1,<environment.Job instance at 0x14a0cf9123c0>,8,1,[5 2],12,26,27,14,12
1,<environment.Job instance at 0x14a0cf912a00>,12,13,[5 1],19,26,39,7,19
1,<environment.Job instance at 0x14a0cf912c80>,13,1,[1 7],20,24,25,4,20
1,<environment.Job instance at 0x14a0cf912af0>,14,16,[1 5],21,27,43,6,21
1,<environment.Job instance at 0x14a0cf912e60>,16,12,[1 8],23,43,55,20,26
1,<environment.Job instance at 0x14a0cf912d70>,15,2,[9 2],22,39,41,17,30
1,<environment.Job instance at 0x14a0cea0be60>,22,1,[7 2],31,41,42,10,32
1,<environment.Job instance at 0x14a0cea0bd20>,23,15,[7 2],32,42,57,10,32
1,<environment.Job instance at 0x14a0d2cc8500>,1,2,[ 2 10],5,5,7,0,5
1,<environment.Job instance at 0x14a0d2cc8640>,3,3,[1 5],7,8,11,1,8
1,<environment.Job instance at 0x14a0d2cc8f00>,5,1,[10  2],9,11,12,2,10
1,<environment.Job instance at 0x14a0d1a6f230>,8,1,[8 2],13,15,16,2,15
1,<environment.Job instance at 0x14a0dc53fdc0>,10,3,[9 2],16,16,19,0,16
1,<environment.Job instance at 0x14a0dc53feb0>,12,1,[1 5],19,21,22,2,21
1,<environment.Job instance at 0x14a0dc53fcd0>,13,12,[10  1],21,24,36,3,24
1,<environment.Job instance at 0x14a0dd1def00>,16,1,[2 8],27,36,37,9,28
1,<environment.Job instance at 0x14a0dc53fbe0>,18,14,[10  1],31,37,51,6,31
1,<environment.Job instance at 0x14a0dc53f230>,17,2,[7 2],30,51,53,21,31
1,<environment.Job instance at 0x14a0cedd9820>,20,1,[2 9],34,53,54,19,34
1,<environment.Job instance at 0x14a0cee77d20>,21,2,[8 1],36,53,55,17,36
1,<environment.Job instance at 0x14a0dc532f50>,22,2,[9 2],38,55,57,17,38
1,<environment.Job instance at 0x14a0cee51d70>,23,2,[6 1],39,57,59,18,39
1,<environment.Job instance at 0x14a0dd380b90>,25,1,[7 1],41,59,60,18,41
1,<environment.Job instance at 0x14a0dd3809b0>,26,2,[1 6],42,51,53,9,42
1,<environment.Job instance at 0x14a0cf8cca50>,27,2,[1 6],43,54,56,11,43
1,<environment.Job instance at 0x14a0cf8ccd70>,28,3,[6 2],44,60,63,16,44
1,<environment.Job instance at 0x14a0cf8cc190>,29,1,[10  1],46,63,64,17,46
1,<environment.Job instance at 0x14a0cf8cc410>,30,3,[6 2],47,64,67,17,47
1,<environment.Job instance at 0x14a0d2d08320>,31,1,[2 8],48,57,58,9,48
1,<environment.Job instance at 0x14a0cec73be0>,24,3,[ 1 10],40,67,70,27,49
1,<environment.Job instance at 0x14a0d1c9f550>,35,3,[2 7],55,58,61,3,55
1,<environment.Job instance at 0x14a0d1c9fe60>,36,1,[8 1],56,70,71,14,56
1,<environment.Job instance at 0x14a0d1c9f500>,34,3,[7 1],53,71,74,18,60
1,<environment.Job instance at 0x14a0d1c9fc80>,37,13,[10  1],60,74,87,14,62
1,<environment.Job instance at 0x14a0d2ce89b0>,39,3,[2 7],63,64,67,1,63
1,<environment.Job instance at 0x14a0d2956460>,40,18,[2 8],64,87,105,23,76
1,<environment.Job instance at 0x14a0dc664780>,48,3,[7 2],78,87,90,9,87
1,<environment.Job instance at 0x14a0d0ff6280>,55,3,[8 1],90,94,97,4,94
1,<environment.Job instance at 0x14a0d1c9fd20>,38,12,[1 5],62,105,117,43,95
1,<environment.Job instance at 0x14a0d0ff65f0>,59,1,[1 9],97,117,118,20,97
1,<environment.Job instance at 0x14a0d0ff6320>,60,3,[ 1 10],98,118,121,20,98
1,<environment.Job instance at 0x14a0d0ff67d0>,57,13,[1 9],94,169,182,75,169
1,<environment.Job instance at 0x14a0d2830c30>,47,17,[9 1],77,404,421,327,404
1,<environment.Job instance at 0x14a0cf1214b0>,1,1,[1 5],2,2,3,0,2
1,<environment.Job instance at 0x14a0dc664cd0>,2,2,[8 1],3,3,5,0,3
1,<environment.Job instance at 0x14a0dc5cfbe0>,8,3,[9 1],13,13,16,0,13
1,<environment.Job instance at 0x14a0dc5cf550>,9,3,[7 2],15,16,19,1,15
1,<environment.Job instance at 0x14a0dc5cf870>,10,14,[8 2],16,19,33,3,19
1,<environment.Job instance at 0x14a0dd2a5640>,13,3,[2 6],20,20,23,0,20
1,<environment.Job instance at 0x14a0dc5cfd70>,11,3,[9 2],17,33,36,16,22
1,<environment.Job instance at 0x14a0dd2a5410>,16,2,[9 1],23,36,38,13,23
1,<environment.Job instance at 0x14a0dd2a5aa0>,17,2,[2 7],25,25,27,0,25
1,<environment.Job instance at 0x14a0dd208780>,18,2,[10  1],27,38,40,11,27
1,<environment.Job instance at 0x14a0dc5cfdc0>,7,15,[ 1 10],12,40,55,28,28
1,<environment.Job instance at 0x14a0dd2a5a50>,20,1,[6 2],30,55,56,25,30
1,<environment.Job instance at 0x14a0d2c10140>,21,1,[ 2 10],32,56,57,24,32
1,<environment.Job instance at 0x14a0d1f355a0>,22,2,[5 2],35,57,59,22,35
1,<environment.Job instance at 0x14a0d1c8f7d0>,23,14,[ 1 10],36,59,73,23,44
1,<environment.Job instance at 0x14a0dd21f5f0>,24,2,[7 1],37,73,75,36,64
1,<environment.Job instance at 0x14a0dc5669b0>,34,1,[1 5],52,74,75,22,74
1,<environment.Job instance at 0x14a0dc66f1e0>,43,2,[1 7],65,85,87,20,85
1,<environment.Job instance at 0x14a0d1b89640>,52,3,[8 2],78,103,106,25,103
1,<environment.Job instance at 0x14a0d278ac30>,56,12,[5 1],87,415,427,328,415
1,<environment.Job instance at 0x14a0df9b7e10>,31,17,[10  2],46,1082,1099,1036,1082
1,<environment.Job instance at 0x14a0df2c76e0>,1,2,[10  2],3,5,7,2,5
1,<environment.Job instance at 0x14a0ceeee230>,5,3,[1 9],8,8,11,0,8
1,<environment.Job instance at 0x14a0ceef9640>,10,2,[2 9],14,14,16,0,14
1,<environment.Job instance at 0x14a0ceef9410>,11,2,[2 8],15,16,18,1,16
1,<environment.Job instance at 0x14a0d282da50>,12,1,[2 6],17,18,19,1,17
1,<environment.Job instance at 0x14a0d1a947d0>,9,2,[5 1],13,22,24,9,22
1,<environment.Job instance at 0x14a0cef14eb0>,17,3,[2 7],26,26,29,0,26
1,<environment.Job instance at 0x14a0ceb52190>,16,1,[7 2],24,27,28,3,27
1,<environment.Job instance at 0x14a0ce99eb40>,21,2,[2 9],30,30,32,0,30
1,<environment.Job instance at 0x14a0cf388a00>,22,18,[2 7],31,33,51,2,33
1,<environment.Job instance at 0x14a0d2d03370>,29,16,[5 1],39,42,58,3,42
1,<environment.Job instance at 0x14a0d2d03550>,32,1,[1 7],44,51,52,7,44
1,<environment.Job instance at 0x14a0ce99ea00>,20,15,[5 1],29,52,67,23,44
1,<environment.Job instance at 0x14a0d2d03c30>,33,3,[1 6],45,58,61,13,45
1,<environment.Job instance at 0x14a0ceaf3e60>,19,15,[1 7],28,61,76,33,54
1,<environment.Job instance at 0x14a0ceab7690>,42,3,[2 6],55,76,79,21,55
1,<environment.Job instance at 0x14a0dc097140>,43,3,[10  2],56,79,82,23,58
1,<environment.Job instance at 0x14a0cf0e7e60>,53,12,[2 9],67,82,94,15,67
1,<environment.Job instance at 0x14a0ceb17140>,47,1,[9 1],60,70,71,10,70
1,<environment.Job instance at 0x14a0d28c10a0>,56,1,[7 2],71,71,72,0,71
1,<environment.Job instance at 0x14a0d28c15a0>,57,12,[8 2],72,94,106,22,84
1,<environment.Job instance at 0x14a0d1c772d0>,64,3,[10  2],85,106,109,21,85
1,<environment.Job instance at 0x14a0d1c77d20>,68,1,[2 7],91,94,95,3,91
1,<environment.Job instance at 0x14a0d1c77af0>,69,2,[10  2],92,109,111,17,92
1,<environment.Job instance at 0x14a0d1c77730>,70,12,[8 1],94,111,123,17,94
1,<environment.Job instance at 0x14a0d28f0050>,72,2,[7 1],99,123,125,24,99
1,<environment.Job instance at 0x14a0d1c77a50>,67,14,[9 2],89,145,159,56,145
1,<environment.Job instance at 0x14a0ceab7cd0>,41,12,[1 9],54,1224,1236,1170,1224
1,<environment.Job instance at 0x14a0cebd6c30>,0,18,[1 9],1,1,19,0,1
1,<environment.Job instance at 0x14a0cebd6320>,2,2,[ 1 10],5,19,21,14,5
1,<environment.Job instance at 0x14a0cebd62d0>,3,3,[5 1],6,6,9,0,6
1,<environment.Job instance at 0x14a0cebd6960>,4,2,[5 2],7,21,23,14,9
1,<environment.Job instance at 0x14a0cebd6870>,8,18,[9 1],15,23,41,8,15
1,<environment.Job instance at 0x14a0d28d0dc0>,9,2,[5 2],16,21,23,5,16
1,<environment.Job instance at 0x14a0d28d0550>,10,2,[10  2],17,41,43,24,17
1,<environment.Job instance at 0x14a0cfb31190>,14,1,[10  2],24,43,44,19,34
1,<environment.Job instance at 0x14a0cebd6190>,12,2,[10  1],20,44,46,24,34
1,<environment.Job instance at 0x14a0d2791050>,18,1,[5 2],28,46,47,18,34
1,<environment.Job instance at 0x14a0d28d00f0>,15,16,[7 1],25,47,63,22,35
1,<environment.Job instance at 0x14a0cea812d0>,21,16,[1 6],31,46,62,15,35
1,<environment.Job instance at 0x14a0cf0b09b0>,23,3,[6 2],34,63,66,29,37
1,<environment.Job instance at 0x14a124dc0460>,24,1,[9 2],35,66,67,31,38
1,<environment.Job instance at 0x14a124f91af0>,25,3,[6 1],37,67,70,30,41
1,<environment.Job instance at 0x14a0cf0b0640>,26,1,[ 1 10],38,70,71,32,42
1,<environment.Job instance at 0x14a0df730370>,27,1,[8 2],40,71,72,31,43
1,<environment.Job instance at 0x14a0d03b4d20>,29,12,[2 7],43,71,83,28,54
1,<environment.Job instance at 0x14a0d1dd4050>,33,3,[8 2],47,72,75,25,62
1,<environment.Job instance at 0x14a0d1dd4320>,34,15,[7 2],48,75,90,27,65
1,<environment.Job instance at 0x14a0d1dd4c80>,35,13,[ 2 10],49,90,103,41,74
1,<environment.Job instance at 0x14a124c8f050>,38,12,[8 2],57,103,115,46,86
1,<environment.Job instance at 0x14a0dc5d9280>,39,2,[2 5],58,86,88,28,86
1,<environment.Job instance at 0x14a0dc5d92d0>,40,3,[2 8],59,103,106,44,86
1,<environment.Job instance at 0x14a0ce9c1640>,45,2,[7 1],66,115,117,49,101
1,<environment.Job instance at 0x14a0cefd8e60>,19,13,[1 7],29,111,124,82,111
1,<environment.Job instance at 0x14a0dc530e10>,57,18,[1 9],90,124,142,34,113
1,<environment.Job instance at 0x14a0dc530be0>,58,2,[10  2],91,142,144,51,142
1,<environment.Job instance at 0x14a0dc530910>,64,13,[1 6],99,146,159,47,146
1,<environment.Job instance at 0x14a0ce3e25f0>,1,16,[ 2 10],3,4,20,1,4
1,<environment.Job instance at 0x14a0d2877730>,5,1,[10  2],9,20,21,11,11
1,<environment.Job instance at 0x14a0dc10c370>,8,2,[8 2],12,21,23,9,12
1,<environment.Job instance at 0x14a0dc10c7d0>,9,1,[8 2],13,23,24,10,13
1,<environment.Job instance at 0x14a0d285c960>,12,18,[8 1],16,24,42,8,18
1,<environment.Job instance at 0x14a0dc6fb190>,15,3,[10  1],19,42,45,23,19
1,<environment.Job instance at 0x14a0d1b96190>,17,2,[2 5],22,22,24,0,22
1,<environment.Job instance at 0x14a0cf83a2d0>,19,2,[2 6],24,24,26,0,24
1,<environment.Job instance at 0x14a0cf8975a0>,20,14,[2 5],25,26,40,1,25
1,<environment.Job instance at 0x14a0dd36dcd0>,37,17,[9 1],52,66,83,14,66
1,<environment.Job instance at 0x14a0d1ba9820>,21,12,[5 1],26,83,95,57,75
1,<environment.Job instance at 0x14a0cec1ee10>,50,2,[2 9],69,83,85,14,77
1,<environment.Job instance at 0x14a0cf832a50>,48,18,[10  1],66,95,113,29,85
1,<environment.Job instance at 0x14a0cefa6050>,63,14,[2 9],87,113,127,26,111
1,<environment.Job instance at 0x14a0d2cbd2d0>,69,14,[7 2],95,127,141,32,114
1,<environment.Job instance at 0x14a0ceaddf50>,54,16,[7 1],74,781,797,707,781
1,<environment.Job instance at 0x14a0d1e7b870>,2,12,[1 6],3,3,15,0,3
1,<environment.Job instance at 0x14a0d1e7bf50>,3,12,[7 2],4,4,16,0,4
1,<environment.Job instance at 0x14a0d1e7bdc0>,5,12,[2 6],6,15,27,9,6
1,<environment.Job instance at 0x14a0d1e7b550>,6,13,[5 1],7,16,29,9,7
1,<environment.Job instance at 0x14a0cf83a9b0>,7,3,[5 2],8,27,30,19,8
1,<environment.Job instance at 0x14a0cf83a050>,8,1,[8 2],10,30,31,20,10
1,<environment.Job instance at 0x14a0cf83a140>,9,3,[10  2],11,31,34,20,11
1,<environment.Job instance at 0x14a0ceb05dc0>,10,1,[5 2],12,29,30,17,12
1,<environment.Job instance at 0x14a0d27a3910>,18,3,[10  1],20,40,43,20,40
1,<environment.Job instance at 0x14a0ceb050a0>,14,15,[ 1 10],16,43,58,27,40
1,<environment.Job instance at 0x14a0d289cc30>,30,2,[6 2],43,58,60,15,43
1,<environment.Job instance at 0x14a0d289cd70>,31,2,[1 8],44,58,60,14,47
1,<environment.Job instance at 0x14a0df506780>,33,15,[8 1],47,60,75,13,49
1,<environment.Job instance at 0x14a0dd1d2870>,36,3,[2 7],50,60,63,10,50
1,<environment.Job instance at 0x14a0df5060a0>,34,12,[2 8],48,63,75,15,56
1,<environment.Job instance at 0x14a0dd1d2c80>,41,2,[2 5],59,75,77,16,59
1,<environment.Job instance at 0x14a0d2886820>,43,3,[2 8],61,77,80,16,61
1,<environment.Job instance at 0x14a0d2886460>,44,3,[6 1],62,75,78,13,62
1,<environment.Job instance at 0x14a0d1ab47d0>,46,16,[2 5],64,80,96,16,74
1,<environment.Job instance at 0x14a0cea74780>,56,1,[9 2],78,96,97,18,80
1,<environment.Job instance at 0x14a0cea743c0>,58,3,[7 1],82,83,86,1,83
1,<environment.Job instance at 0x14a0cea740f0>,65,16,[ 2 10],91,397,413,306,397
1,<environment.Job instance at 0x14a0cea74320>,57,15,[5 2],80,413,428,333,407
1,<environment.Job instance at 0x14a0ce97b0f0>,1,3,[2 6],3,4,7,1,4
1,<environment.Job instance at 0x14a0ce97b550>,0,12,[2 9],2,7,19,5,4
1,<environment.Job instance at 0x14a0ce97bcd0>,4,2,[8 2],8,19,21,11,8
1,<environment.Job instance at 0x14a0ce97b5f0>,5,3,[9 2],9,21,24,12,9
1,<environment.Job instance at 0x14a0ce97b7d0>,6,16,[1 7],10,19,35,9,10
1,<environment.Job instance at 0x14a0dc6264b0>,7,13,[5 1],11,24,37,13,11
1,<environment.Job instance at 0x14a0dc626c80>,8,12,[8 1],12,37,49,25,25
1,<environment.Job instance at 0x14a0d2cf3370>,28,13,[10  2],40,113,126,73,113
1,<environment.Job instance at 0x14a0d278aaf0>,32,3,[9 1],45,633,636,588,633
1,<environment.Job instance at 0x14a0d2cf3c80>,26,18,[1 9],37,633,651,596,633
1,<environment.Job instance at 0x14a0ce93e820>,22,3,[1 9],30,651,654,621,644
1,<environment.Job instance at 0x14a0ce49d0f0>,40,1,[2 9],54,654,655,600,646
1,<environment.Job instance at 0x14a0d2ccc230>,33,19,[2 5],46,658,677,612,658
1,<environment.Job instance at 0x14a0ce49ddc0>,46,16,[1 5],62,659,675,597,659
1,<environment.Job instance at 0x14a0ce49d500>,47,2,[9 2],63,677,679,614,659
1,<environment.Job instance at 0x14a0ce49dc30>,48,3,[1 5],64,675,678,611,659
1,<environment.Job instance at 0x14a0ce49d190>,49,2,[1 9],65,679,681,614,659
1,<environment.Job instance at 0x14a0d28d25a0>,50,2,[10  2],66,681,683,615,659
1,<environment.Job instance at 0x14a0ce49d410>,51,2,[ 1 10],67,683,685,616,659
1,<environment.Job instance at 0x14a0d28d2690>,52,1,[5 2],70,685,686,615,659
1,<environment.Job instance at 0x14a0d29cfd20>,53,17,[1 9],71,686,703,615,678
1,<environment.Job instance at 0x14a0cea00e60>,63,3,[1 6],87,703,706,616,678
1,<environment.Job instance at 0x14a0d1a8ccd0>,67,1,[1 8],97,685,686,588,683
1,<environment.Job instance at 0x14a0d1a8c230>,68,2,[9 1],98,686,688,588,683
1,<environment.Job instance at 0x14a0d29cf6e0>,54,1,[9 1],72,697,698,625,697
1,<environment.Job instance at 0x14a0ce75b820>,3,12,[1 7],5,6,18,1,6
1,<environment.Job instance at 0x14a0ce75b140>,5,1,[6 2],7,7,8,0,7
1,<environment.Job instance at 0x14a0ce75bb90>,6,1,[1 6],8,18,19,10,8
1,<environment.Job instance at 0x14a0ce75b910>,7,2,[2 6],9,19,21,10,9
1,<environment.Job instance at 0x14a0ce75b690>,8,17,[10  2],10,21,38,11,17
1,<environment.Job instance at 0x14a0ce75baf0>,9,2,[ 1 10],12,38,40,26,19
1,<environment.Job instance at 0x14a0d1f20280>,14,3,[1 9],21,40,43,19,21
1,<environment.Job instance at 0x14a0d1dafdc0>,18,3,[ 2 10],25,43,46,18,25
1,<environment.Job instance at 0x14a0d1dafa00>,20,1,[ 1 10],28,46,47,18,29
1,<environment.Job instance at 0x14a0d1f200f0>,12,14,[2 9],18,47,61,29,38
1,<environment.Job instance at 0x14a0d1dafe10>,23,3,[1 9],32,61,64,29,38
1,<environment.Job instance at 0x14a0d1dafeb0>,25,3,[9 2],34,64,67,30,42
1,<environment.Job instance at 0x14a0d1dafaf0>,26,3,[8 2],36,67,70,31,42
1,<environment.Job instance at 0x14a0d1daff50>,22,12,[1 9],31,70,82,39,54
1,<environment.Job instance at 0x14a0d1d880f0>,30,1,[6 2],41,82,83,41,58
1,<environment.Job instance at 0x14a0d1d886e0>,31,2,[1 7],43,68,70,25,68
1,<environment.Job instance at 0x14a0d1db0b40>,35,3,[8 2],47,83,86,36,68
1,<environment.Job instance at 0x14a0d1db0f50>,36,17,[1 8],48,82,99,34,70
1,<environment.Job instance at 0x14a0d1db0aa0>,39,13,[1 9],52,99,112,47,83
1,<environment.Job instance at 0x14a0ce84b6e0>,45,18,[1 8],59,112,130,53,101
1,<environment.Job instance at 0x14a0d1db0a00>,37,18,[8 1],49,113,131,64,113
1,<environment.Job instance at 0x14a0ce846dc0>,63,2,[2 7],81,130,132,49,113
1,<environment.Job instance at 0x14a0ce846e10>,64,1,[7 2],82,131,132,49,113
1,<environment.Job instance at 0x14a0ce846140>,65,1,[1 9],83,132,133,49,113
1,<environment.Job instance at 0x14a0dd32cb40>,66,1,[1 8],84,133,134,49,113
1,<environment.Job instance at 0x14a0dd32cd70>,67,16,[9 1],86,132,148,46,119
1,<environment.Job instance at 0x14a0dd32c2d0>,68,1,[10  1],87,148,149,61,120
1,<environment.Job instance at 0x14a0dd32c5f0>,69,1,[6 2],88,149,150,61,121
1,<environment.Job instance at 0x14a0d1e5aa00>,70,22,[10  1],90,150,172,60,143
1,<environment.Job instance at 0x14a0d1e5a910>,74,1,[1 8],96,143,144,47,143
1,<environment.Job instance at 0x14a0d1e5aeb0>,75,1,[7 1],97,172,173,75,144
1,<environment.Job instance at 0x14a0d1e5a690>,77,1,[10  1],99,173,174,74,145
1,<environment.Job instance at 0x14a0d1f202d0>,11,18,[6 2],17,358,376,341,358
1,<environment.Job instance at 0x14a0d1d88b40>,32,17,[5 1],44,1436,1453,1392,1436
1,<environment.Job instance at 0x14a0d1d88b40>,4,2,[6 1],7,7,9,0,7
1,<environment.Job instance at 0x14a0dc104d70>,9,3,[ 2 10],15,15,18,0,15
1,<environment.Job instance at 0x14a0d03b09b0>,16,2,[10  1],23,23,25,0,23
1,<environment.Job instance at 0x14a12009e230>,17,1,[8 2],24,25,26,1,24
1,<environment.Job instance at 0x14a0ceffe460>,18,2,[5 1],25,26,28,1,25
1,<environment.Job instance at 0x14a0d03b0140>,19,2,[6 1],26,28,30,2,26
1,<environment.Job instance at 0x14a0ceffea50>,20,3,[6 2],27,30,33,3,27
1,<environment.Job instance at 0x14a0d03b0a00>,21,3,[10  1],28,33,36,5,28
1,<environment.Job instance at 0x14a0ce3bdcd0>,22,18,[2 7],29,36,54,7,29
1,<environment.Job instance at 0x14a0cf131230>,30,2,[2 6],44,54,56,10,44
1,<environment.Job instance at 0x14a0ce71a370>,31,1,[10  2],45,56,57,11,45
1,<environment.Job instance at 0x14a0cf828c30>,32,18,[5 2],46,57,75,11,46
1,<environment.Job instance at 0x14a0d1e03550>,34,27,[5 1],48,66,93,18,66
1,<environment.Job instance at 0x14a0ce726a50>,38,16,[9 1],54,93,109,39,87
1,<environment.Job instance at 0x14a0ce726550>,41,18,[1 6],60,120,138,60,120
1,<environment.Job instance at 0x14a0dc60a460>,54,1,[9 1],86,120,121,34,120
1,<environment.Job instance at 0x14a0dc60a5f0>,55,1,[2 9],88,138,139,50,121
1,<environment.Job instance at 0x14a0dc60ad70>,56,1,[1 7],89,139,140,50,124
1,<environment.Job instance at 0x14a0dc60aeb0>,57,18,[2 6],90,158,176,68,158
1,<environment.Job instance at 0x14a0dd2cbdc0>,63,2,[2 7],98,176,178,78,161
1,<environment.Job instance at 0x14a0d1eb0320>,50,18,[9 2],78,367,385,289,367
1,<environment.Job instance at 0x14a0d1e24500>,0,1,[6 2],2,4,5,2,4
1,<environment.Job instance at 0x14a0ce534410>,5,2,[10  1],8,8,10,0,8
1,<environment.Job instance at 0x14a0ce534460>,6,3,[ 2 10],9,10,13,1,9
1,<environment.Job instance at 0x14a0ce534910>,7,3,[5 1],10,13,16,3,11
1,<environment.Job instance at 0x14a0d1f59a00>,9,1,[2 7],13,13,14,0,13
1,<environment.Job instance at 0x14a0ce534280>,10,2,[8 1],14,16,18,2,14
1,<environment.Job instance at 0x14a0cf3703c0>,14,1,[2 9],19,19,20,0,19
1,<environment.Job instance at 0x14a0cf7e0780>,15,3,[ 1 10],20,20,23,0,20
1,<environment.Job instance at 0x14a0dc734dc0>,17,3,[7 2],22,23,26,1,22
1,<environment.Job instance at 0x14a0df2c74b0>,18,15,[7 2],23,26,41,3,23
1,<environment.Job instance at 0x14a0d2c1b280>,19,3,[ 1 10],25,41,44,16,25
1,<environment.Job instance at 0x14a0ce53e230>,20,2,[5 2],28,44,46,16,28
1,<environment.Job instance at 0x14a0df2c7730>,16,1,[1 9],21,46,47,25,30
1,<environment.Job instance at 0x14a0d1f29d70>,22,3,[2 6],31,31,34,0,31
1,<environment.Job instance at 0x14a0dc65ddc0>,23,2,[9 1],32,46,48,14,32
1,<environment.Job instance at 0x14a0ce6515a0>,24,3,[8 1],33,48,51,15,33
1,<environment.Job instance at 0x14a0d1d1a690>,25,1,[1 7],34,34,35,0,34
1,<environment.Job instance at 0x14a0d1d1a410>,26,2,[9 2],35,51,53,16,38
1,<environment.Job instance at 0x14a0d1d1aa50>,29,2,[2 6],39,39,41,0,39
1,<environment.Job instance at 0x14a0d1d1a820>,30,3,[9 1],42,53,56,11,42
1,<environment.Job instance at 0x14a0d1d1a230>,31,3,[9 2],47,56,59,9,48
1,<environment.Job instance at 0x14a0d28f2500>,33,14,[5 1],49,59,73,10,58
1,<environment.Job instance at 0x14a0ce81e140>,41,14,[2 6],59,63,77,4,63
1,<environment.Job instance at 0x14a0cecd7190>,45,3,[ 1 10],64,77,80,13,64
1,<environment.Job instance at 0x14a0cecd7280>,46,18,[2 7],65,80,98,15,69
1,<environment.Job instance at 0x14a0cecd7aa0>,47,1,[6 1],66,73,74,7,69
1,<environment.Job instance at 0x14a0cecd7550>,48,16,[2 8],67,98,114,31,95
1,<environment.Job instance at 0x14a0d1a618c0>,55,2,[2 6],75,114,116,39,95
1,<environment.Job instance at 0x14a0d1a61a50>,56,1,[10  1],76,116,117,40,95
1,<environment.Job instance at 0x14a0d1a61320>,57,3,[8 2],77,95,98,18,95
1,<environment.Job instance at 0x14a0d1a61c80>,60,1,[1 5],80,405,406,325,405
1,<environment.Job instance at 0x14a0cefef460>,61,2,[2 5],81,408,410,327,408
1,<environment.Job instance at 0x14a0d1a613c0>,62,3,[8 2],82,408,411,326,408
1,<environment.Job instance at 0x14a0d1a61a00>,63,3,[ 1 10],83,411,414,328,408
1,<environment.Job instance at 0x14a0d2c260a0>,64,13,[5 2],84,414,427,330,408
1,<environment.Job instance at 0x14a0d2c26d20>,65,18,[2 8],85,414,432,329,408
1,<environment.Job instance at 0x14a0decacdc0>,67,3,[7 1],87,427,430,340,408
1,<environment.Job instance at 0x14a0decac320>,68,2,[5 1],88,430,432,342,408
1,<environment.Job instance at 0x14a0dec926e0>,76,3,[9 1],97,637,640,540,637
1,<environment.Job instance at 0x14a0dec92780>,78,18,[7 1],99,706,724,607,706
1,<environment.Job instance at 0x14a0d1cf0820>,44,16,[5 2],63,724,740,661,712
1,<environment.Job instance at 0x14a0cebe3370>,1,2,[ 2 10],3,5,7,2,5
1,<environment.Job instance at 0x14a0cebe3500>,4,3,[1 5],7,8,11,1,8
1,<environment.Job instance at 0x14a0d2cc4140>,6,2,[ 1 10],9,11,13,2,9
1,<environment.Job instance at 0x14a0d2cc45a0>,7,1,[ 2 10],11,13,14,2,12
1,<environment.Job instance at 0x14a0cf06c6e0>,9,1,[2 5],13,14,15,1,14
1,<environment.Job instance at 0x14a0cf06c050>,11,3,[1 9],15,15,18,0,15
1,<environment.Job instance at 0x14a0ce5c3be0>,15,1,[9 2],26,26,27,0,26
1,<environment.Job instance at 0x14a0dd2d70a0>,16,2,[1 8],28,28,30,0,28
1,<environment.Job instance at 0x14a0ce3fa500>,17,1,[1 7],29,30,31,1,29
1,<environment.Job instance at 0x14a0ce3faaf0>,19,3,[7 1],36,36,39,0,36
1,<environment.Job instance at 0x14a0ce9b5640>,20,3,[ 2 10],37,39,42,2,37
1,<environment.Job instance at 0x14a0ce732dc0>,22,2,[2 7],39,42,44,3,39
1,<environment.Job instance at 0x14a0cefcc1e0>,24,2,[2 7],42,44,46,2,42
1,<environment.Job instance at 0x14a0cebe3280>,3,3,[5 1],5,43,46,38,43
1,<environment.Job instance at 0x14a0ce6d2230>,26,2,[6 2],44,46,48,2,44
1,<environment.Job instance at 0x14a0ce6d2f00>,27,3,[2 6],45,46,49,1,45
1,<environment.Job instance at 0x14a0ce6d2e10>,28,1,[1 8],46,49,50,3,46
1,<environment.Job instance at 0x14a0ce6d2e60>,29,13,[2 7],47,50,63,3,48
1,<environment.Job instance at 0x14a0dd2c59b0>,31,12,[1 6],49,63,75,14,49
1,<environment.Job instance at 0x14a0dd2c50f0>,32,1,[2 5],52,75,76,23,53
1,<environment.Job instance at 0x14a0dc715af0>,25,12,[ 1 10],43,76,88,33,60
1,<environment.Job instance at 0x14a0dd2c5690>,37,3,[8 1],58,62,65,4,62
1,<environment.Job instance at 0x14a0dd288960>,46,2,[1 9],69,88,90,19,69
1,<environment.Job instance at 0x14a0ce2a03c0>,47,1,[1 6],70,90,91,20,70
1,<environment.Job instance at 0x14a0ce6d2500>,30,1,[1 5],48,75,76,27,70
1,<environment.Job instance at 0x14a0ce2a0910>,48,3,[6 1],73,88,91,15,73
1,<environment.Job instance at 0x14a0ce2a0640>,49,2,[9 2],74,91,93,17,74
1,<environment.Job instance at 0x14a0ce2a0c80>,50,2,[2 7],75,93,95,18,75
1,<environment.Job instance at 0x14a0ce2a0d70>,51,1,[2 5],76,95,96,19,76
1,<environment.Job instance at 0x14a0ce2a0f50>,53,2,[ 1 10],80,96,98,16,80
1,<environment.Job instance at 0x14a0ce2a0aa0>,52,14,[1 9],79,98,112,19,83
1,<environment.Job instance at 0x14a0ce2a0190>,55,12,[8 1],83,103,115,20,103
1,<environment.Job instance at 0x14a0cf0cd6e0>,63,1,[1 5],98,112,113,14,103
1,<environment.Job instance at 0x14a0cf0cdaa0>,64,3,[10  1],99,115,118,16,103
1,<environment.Job instance at 0x14a0ce688410>,3,1,[6 1],7,7,8,0,7
1,<environment.Job instance at 0x14a0d1b2bdc0>,6,18,[2 9],12,17,35,5,17
1,<environment.Job instance at 0x14a0ce9fdc80>,12,1,[8 1],20,20,21,0,20
1,<environment.Job instance at 0x14a0df9ad820>,13,12,[6 1],21,21,33,0,21
1,<environment.Job instance at 0x14a0cefcc690>,14,13,[2 6],22,35,48,13,22
1,<environment.Job instance at 0x14a0ce84ef50>,15,2,[2 8],24,48,50,24,24
1,<environment.Job instance at 0x14a0dd346fa0>,16,3,[1 9],25,50,53,25,25
1,<environment.Job instance at 0x14a0ce8519b0>,17,17,[1 7],27,53,70,26,41
1,<environment.Job instance at 0x14a0cf0a7140>,24,3,[1 9],37,70,73,33,44
1,<environment.Job instance at 0x14a0cf0a7af0>,25,2,[2 5],38,73,75,35,46
1,<environment.Job instance at 0x14a0cf0a78c0>,26,14,[8 2],39,53,67,14,46
1,<environment.Job instance at 0x14a0ce5ef7d0>,27,14,[6 1],40,67,81,27,52
1,<environment.Job instance at 0x14a0ce5ef6e0>,28,1,[10  2],41,81,82,40,53
1,<environment.Job instance at 0x14a0ce5ef870>,29,2,[5 1],43,82,84,39,55
1,<environment.Job instance at 0x14a0ce5ef460>,30,2,[2 7],44,75,77,31,55
1,<environment.Job instance at 0x14a0d2961140>,32,2,[1 9],49,77,79,28,55
1,<environment.Job instance at 0x14a0d2961cd0>,33,17,[9 2],51,84,101,33,72
1,<environment.Job instance at 0x14a0df9adaa0>,10,3,[5 1],17,101,104,84,88
1,<environment.Job instance at 0x14a0ceade550>,45,1,[6 1],69,104,105,35,90
1,<environment.Job instance at 0x14a0ceade410>,46,3,[2 8],70,101,104,31,92
1,<environment.Job instance at 0x14a0cf0c9370>,43,15,[9 2],66,105,120,39,96
1,<environment.Job instance at 0x14a0d2c53c80>,50,3,[ 1 10],77,120,123,43,96
1,<environment.Job instance at 0x14a0d2c53460>,51,2,[9 2],79,123,125,44,96
1,<environment.Job instance at 0x14a0ce92d1e0>,47,19,[1 5],73,123,142,50,120
1,<environment.Job instance at 0x14a0d100a230>,18,16,[8 2],30,369,385,339,369
1,<environment.Job instance at 0x14a0dc65f3c0>,59,17,[ 2 10],92,567,584,475,567
1,<environment.Job instance at 0x14a0cef5c820>,1,2,[8 2],2,2,4,0,2
1,<environment.Job instance at 0x14a0d28d0500>,5,3,[9 2],8,8,11,0,8
1,<environment.Job instance at 0x14a0d28d0b40>,6,3,[1 7],9,10,13,1,10
1,<environment.Job instance at 0x14a0d28d0f00>,7,1,[2 7],13,13,14,0,13
1,<environment.Job instance at 0x14a0d28d0b90>,8,13,[8 1],14,14,27,0,14
1,<environment.Job instance at 0x14a0d1e88870>,11,2,[1 9],19,19,21,0,19
1,<environment.Job instance at 0x14a0d1e886e0>,9,15,[7 2],15,27,42,12,21
1,<environment.Job instance at 0x14a0d29f6aa0>,21,1,[7 2],36,42,43,6,36
1,<environment.Job instance at 0x14a0d296cf50>,22,2,[7 2],37,43,45,6,37
1,<environment.Job instance at 0x14a0dc63b730>,23,1,[9 2],39,45,46,6,39
1,<environment.Job instance at 0x14a0ce690aa0>,20,13,[10  2],35,46,59,11,39
1,<environment.Job instance at 0x14a0dc5c6320>,27,1,[9 1],43,59,60,16,43
1,<environment.Job instance at 0x14a0ce582870>,28,1,[9 1],44,60,61,16,44
1,<environment.Job instance at 0x14a0cedc56e0>,30,17,[1 6],47,59,76,12,47
1,<environment.Job instance at 0x14a0ce891690>,31,2,[8 2],50,61,63,11,50
1,<environment.Job instance at 0x14a0cecca820>,39,3,[ 1 10],59,76,79,17,59
1,<environment.Job instance at 0x14a0ceccaaa0>,40,13,[1 7],61,79,92,18,64
1,<environment.Job instance at 0x14a0dc6656e0>,44,16,[7 2],65,79,95,14,66
1,<environment.Job instance at 0x14a0dc665780>,46,2,[10  2],67,95,97,28,68
1,<environment.Job instance at 0x14a0dc665d20>,49,3,[8 2],75,99,102,24,99
1,<environment.Job instance at 0x14a0dc665190>,50,1,[8 2],76,111,112,35,111
1,<environment.Job instance at 0x14a0dc665e60>,51,18,[2 8],77,168,186,91,168
1,<environment.Job instance at 0x14a0dc665f50>,52,1,[1 8],78,186,187,108,177
1,<environment.Job instance at 0x14a0ced2ddc0>,55,1,[5 2],83,179,180,96,179
1,<environment.Job instance at 0x14a0ced2d6e0>,56,1,[9 2],85,186,187,101,179
1,<environment.Job instance at 0x14a0ced2dd70>,58,2,[1 7],87,187,189,100,179
1,<environment.Job instance at 0x14a0ced2d500>,59,1,[9 1],89,187,188,98,179
1,<environment.Job instance at 0x14a0ced2d640>,60,15,[5 2],90,188,203,98,179
1,<environment.Job instance at 0x14a0ced2de60>,61,3,[ 1 10],91,203,206,112,179
1,<environment.Job instance at 0x14a0dc665c80>,53,27,[1 7],79,206,233,127,206
1,<environment.Job instance at 0x14a0ced2d550>,63,16,[5 2],93,231,247,138,231
1,<environment.Job instance at 0x14a0cebc7eb0>,0,16,[9 1],1,1,17,0,1
1,<environment.Job instance at 0x14a0dd3969b0>,2,1,[5 2],5,17,18,12,6
1,<environment.Job instance at 0x14a0cebc77d0>,4,2,[10  2],7,18,20,11,7
1,<environment.Job instance at 0x14a0ce950dc0>,6,2,[6 1],11,20,22,9,13
1,<environment.Job instance at 0x14a0ce8ea550>,10,1,[8 2],15,22,23,7,17
1,<environment.Job instance at 0x14a0ce8eaaa0>,11,1,[5 1],18,23,24,5,18
1,<environment.Job instance at 0x14a0ce8ea370>,12,1,[9 1],19,24,25,5,19
1,<environment.Job instance at 0x14a0ce8ea280>,14,2,[1 6],21,21,23,0,21
1,<environment.Job instance at 0x14a0cef86f00>,13,17,[6 1],20,49,66,29,49
1,<environment.Job instance at 0x14a0d28882d0>,32,3,[6 2],50,66,69,16,50
1,<environment.Job instance at 0x14a0d100a5f0>,33,2,[6 2],52,69,71,17,52
1,<environment.Job instance at 0x14a0d2888f50>,34,2,[9 2],54,71,73,17,54
1,<environment.Job instance at 0x14a0dc766e60>,35,3,[6 2],56,73,76,17,56
1,<environment.Job instance at 0x14a0dc7667d0>,36,1,[1 9],57,57,58,0,57
1,<environment.Job instance at 0x14a0cf027460>,16,1,[5 2],25,76,77,51,58
1,<environment.Job instance at 0x14a0dc766410>,37,17,[6 1],58,77,94,19,65
1,<environment.Job instance at 0x14a0ce40dd20>,44,1,[5 1],66,76,77,10,66
1,<environment.Job instance at 0x14a0cfb58a00>,46,1,[9 1],70,94,95,24,94
1,<environment.Job instance at 0x14a0d29160f0>,56,1,[ 1 10],83,95,96,12,94
1,<environment.Job instance at 0x14a0ce8ea780>,15,20,[10  2],24,101,121,77,101
1,<environment.Job instance at 0x14a0dc54c870>,60,3,[2 6],87,121,124,34,101
1,<environment.Job instance at 0x14a0dc54ca50>,61,1,[1 5],88,124,125,36,101
1,<environment.Job instance at 0x14a0d1b5ff00>,62,2,[6 2],89,121,123,32,101
1,<environment.Job instance at 0x14a0d2cb8be0>,63,3,[10  1],90,125,128,35,101
1,<environment.Job instance at 0x14a0d2cb8f50>,64,2,[7 2],92,123,125,31,101
1,<environment.Job instance at 0x14a0dc5578c0>,65,1,[9 2],94,128,129,34,101
1,<environment.Job instance at 0x14a0dc097190>,66,1,[10  2],95,129,130,34,101
1,<environment.Job instance at 0x14a0df2cf4b0>,67,3,[2 5],97,130,133,33,104
1,<environment.Job instance at 0x14a0d2d34730>,57,1,[2 5],84,393,394,309,393
1,<environment.Job instance at 0x14a0d1c843c0>,3,17,[1 8],9,23,40,14,23
1,<environment.Job instance at 0x14a0ce7a4af0>,15,14,[2 7],27,40,54,13,27
1,<environment.Job instance at 0x14a0ce7a4c80>,17,1,[ 1 10],30,54,55,24,30
1,<environment.Job instance at 0x14a0ce7a4190>,18,3,[1 7],31,55,58,24,31
1,<environment.Job instance at 0x14a0ce7a4a50>,19,3,[5 2],33,33,36,0,33
1,<environment.Job instance at 0x14a0d1ba4f00>,20,1,[8 2],34,36,37,2,34
1,<environment.Job instance at 0x14a0d1ba4640>,21,3,[1 7],36,58,61,22,36
1,<environment.Job instance at 0x14a0d2cef2d0>,30,1,[9 1],52,55,56,3,52
1,<environment.Job instance at 0x14a0d28712d0>,34,3,[ 1 10],59,61,64,2,59
1,<environment.Job instance at 0x14a0cef16690>,35,3,[9 1],60,64,67,4,60
1,<environment.Job instance at 0x14a0d2871cd0>,36,16,[10  1],61,67,83,6,61
1,<environment.Job instance at 0x14a0cea20c30>,38,1,[2 7],63,83,84,20,65
1,<environment.Job instance at 0x14a0ceefa0f0>,40,15,[1 5],65,132,147,67,132
1,<environment.Job instance at 0x14a0d1bb0a50>,42,2,[10  2],67,147,149,80,141
1,<environment.Job instance at 0x14a0cedc3640>,47,1,[ 1 10],74,149,150,75,141
1,<environment.Job instance at 0x14a0d1d3b870>,49,2,[9 1],77,141,143,64,141
1,<environment.Job instance at 0x14a0cea201e0>,37,15,[2 5],62,150,165,88,141
1,<environment.Job instance at 0x14a0ce8d2eb0>,54,1,[ 2 10],88,165,166,77,141
1,<environment.Job instance at 0x14a0cea1a730>,55,2,[1 8],89,166,168,77,141
1,<environment.Job instance at 0x14a0d1d3b3c0>,50,2,[7 1],78,151,153,73,151
1,<environment.Job instance at 0x14a0d1d71d20>,57,2,[6 1],92,154,156,62,154
1,<environment.Job instance at 0x14a0d1d71320>,58,3,[2 5],93,156,159,63,156
1,<environment.Job instance at 0x14a0d1d71280>,59,15,[6 1],95,166,181,71,164
1,<environment.Job instance at 0x14a0ce7c4aa0>,61,17,[1 8],98,173,190,75,173
1,<environment.Job instance at 0x14a0ce7c4460>,60,12,[7 2],97,278,290,181,278
1,<environment.Job instance at 0x151155118230>,1,2,[2 5],4,4,6,0,4
1,<environment.Job instance at 0x1511550e2af0>,3,2,[1 7],6,6,8,0,6
1,<environment.Job instance at 0x1511550e2b40>,0,17,[ 1 10],3,8,25,5,7
1,<environment.Job instance at 0x1510ffb37b40>,4,2,[6 1],7,25,27,18,9
1,<environment.Job instance at 0x1510ffb8f500>,9,2,[ 2 10],12,27,29,15,12
1,<environment.Job instance at 0x1510ffb78960>,10,3,[7 2],14,29,32,15,14
1,<environment.Job instance at 0x1510ffb396e0>,14,1,[1 7],18,25,26,7,19
1,<environment.Job instance at 0x1510ffb395a0>,15,14,[6 2],20,32,46,12,20
1,<environment.Job instance at 0x1510ffb78c30>,16,17,[1 7],22,29,46,7,27
1,<environment.Job instance at 0x1510ffb39460>,17,3,[6 1],23,46,49,23,28
1,<environment.Job instance at 0x1510ffb75be0>,22,3,[2 6],29,46,49,17,36
1,<environment.Job instance at 0x1510ff467af0>,27,3,[2 8],37,49,52,12,37
1,<environment.Job instance at 0x1510ff467960>,28,2,[1 9],38,52,54,14,38
1,<environment.Job instance at 0x1510ff467730>,29,13,[1 6],39,54,67,15,44
1,<environment.Job instance at 0x1510ffb755a0>,21,22,[8 2],28,54,76,26,48
1,<environment.Job instance at 0x1510ff467640>,33,2,[5 1],44,49,51,5,48
1,<environment.Job instance at 0x1510ffb76140>,34,3,[9 2],45,76,79,31,50
1,<environment.Job instance at 0x1510ffb89eb0>,35,3,[10  2],47,79,82,32,53
1,<environment.Job instance at 0x1510ff467910>,36,3,[1 6],48,67,70,19,53
1,<environment.Job instance at 0x1510ff6e30a0>,37,2,[2 7],49,70,72,21,53
1,<environment.Job instance at 0x1510ff6e3b90>,38,2,[8 2],50,82,84,32,55
1,<environment.Job instance at 0x1510ff4678c0>,31,3,[8 1],42,84,87,42,63
1,<environment.Job instance at 0x1510ff6e32d0>,40,1,[8 1],53,87,88,34,65
1,<environment.Job instance at 0x1510ff466d70>,41,1,[ 1 10],54,88,89,34,65
1,<environment.Job instance at 0x1510ff6e3e60>,39,14,[2 5],51,89,103,38,74
1,<environment.Job instance at 0x1510ff466050>,48,15,[ 2 10],61,103,118,42,89
1,<environment.Job instance at 0x1510ff6e2aa0>,52,1,[8 1],70,89,90,19,89
1,<environment.Job instance at 0x1510ff6e25a0>,53,1,[7 2],72,90,91,18,89
1,<environment.Job instance at 0x1510ff6e2280>,54,2,[10  1],74,118,120,44,91
1,<environment.Job instance at 0x1510ff6e24b0>,55,2,[2 7],75,120,122,45,93
1,<environment.Job instance at 0x1510ff466aa0>,42,3,[1 6],55,122,125,67,111
1,<environment.Job instance at 0x1510ff6e2140>,56,18,[1 7],79,125,143,46,115
1,<environment.Job instance at 0x1510ff6df140>,65,2,[2 7],93,143,145,50,116
1,<environment.Job instance at 0x1510ff470280>,66,2,[9 2],94,122,124,28,116
1,<environment.Job instance at 0x1510ff6df5f0>,62,2,[1 5],89,152,154,63,152
1,<environment.Job instance at 0x1510ff470370>,67,15,[1 9],95,157,172,62,157
1,<environment.Job instance at 0x1510ff4675a0>,30,3,[1 8],41,178,181,137,178
1,<environment.Job instance at 0x15110c9197d0>,1,2,[10  2],3,5,7,2,5
1,<environment.Job instance at 0x15110c9855f0>,2,3,[8 1],7,9,12,2,9
1,<environment.Job instance at 0x15110d59ae60>,6,16,[1 7],12,14,30,2,14
1,<environment.Job instance at 0x15110c9983c0>,9,2,[1 5],15,30,32,15,15
1,<environment.Job instance at 0x15110d5d8550>,10,3,[2 5],17,30,33,13,17
1,<environment.Job instance at 0x15110c9d8820>,14,1,[5 2],23,23,24,0,23
1,<environment.Job instance at 0x15110c9d83c0>,15,1,[5 2],24,24,25,0,24
1,<environment.Job instance at 0x15110c9d8780>,16,16,[1 9],26,33,49,7,26
1,<environment.Job instance at 0x15110ccab9b0>,20,1,[2 5],33,49,50,16,37
1,<environment.Job instance at 0x15110ccabaa0>,22,2,[9 1],36,37,39,1,37
1,<environment.Job instance at 0x15110ccab230>,23,3,[2 9],38,50,53,12,38
1,<environment.Job instance at 0x15110c9d80f0>,17,18,[1 5],27,53,71,26,43
1,<environment.Job instance at 0x15110d51e690>,26,1,[1 8],44,71,72,27,44
1,<environment.Job instance at 0x15110d51e320>,27,2,[2 5],46,53,55,7,46
1,<environment.Job instance at 0x1510ff483fa0>,5,12,[1 7],11,72,84,61,55
1,<environment.Job instance at 0x15110d5195f0>,36,3,[9 1],57,63,66,6,63
1,<environment.Job instance at 0x15110d51c960>,41,16,[6 1],67,76,92,9,76
1,<environment.Job instance at 0x15110c997c30>,43,18,[2 5],70,84,102,14,77
1,<environment.Job instance at 0x15110c9970f0>,48,1,[1 8],75,102,103,27,77
1,<environment.Job instance at 0x15110c997410>,49,1,[1 9],76,103,104,27,77
1,<environment.Job instance at 0x15110ca02fa0>,50,3,[ 1 10],77,104,107,27,78
1,<environment.Job instance at 0x15110ca223c0>,51,2,[5 1],79,92,94,13,79
1,<environment.Job instance at 0x15110c953690>,52,12,[1 9],80,107,119,27,90
1,<environment.Job instance at 0x15110ca630a0>,58,3,[ 1 10],87,119,122,32,93
1,<environment.Job instance at 0x15110ca63c30>,59,2,[8 2],88,94,96,6,93
1,<environment.Job instance at 0x15110c9a4b90>,60,2,[ 2 10],90,122,124,32,95
1,<environment.Job instance at 0x15110c9a4730>,61,2,[2 5],91,96,98,5,95
1,<environment.Job instance at 0x15110d60bd70>,62,1,[1 5],92,98,99,6,95
1,<environment.Job instance at 0x15110d51e190>,30,14,[5 1],50,1571,1585,1521,1571
1,<environment.Job instance at 0x15110229f280>,1,3,[6 1],3,3,6,0,3
1,<environment.Job instance at 0x151102d3f190>,2,1,[8 2],4,6,7,2,4
1,<environment.Job instance at 0x15110229f370>,5,15,[7 2],9,10,25,1,10
1,<environment.Job instance at 0x15110ef89f00>,7,3,[1 6],12,12,15,0,12
1,<environment.Job instance at 0x1510ffea9140>,8,2,[1 6],13,15,17,2,13
1,<environment.Job instance at 0x1510ffea9d20>,9,2,[1 7],14,17,19,3,14
1,<environment.Job instance at 0x1510fed155f0>,10,22,[2 7],15,19,41,4,15
1,<environment.Job instance at 0x1510fee407d0>,11,1,[5 1],17,25,26,8,17
1,<environment.Job instance at 0x151101d95230>,12,2,[2 8],18,41,43,23,18
1,<environment.Job instance at 0x15110c9c5230>,14,2,[9 2],20,43,45,23,20
1,<environment.Job instance at 0x151102167b40>,15,2,[6 1],22,26,28,4,22
1,<environment.Job instance at 0x151101d95730>,16,1,[10  1],23,45,46,22,23
1,<environment.Job instance at 0x1510ff6bb6e0>,17,2,[6 1],24,28,30,4,24
1,<environment.Job instance at 0x1510fecf5d70>,18,13,[2 9],25,46,59,21,32
1,<environment.Job instance at 0x15110c95f6e0>,25,1,[7 1],39,46,47,7,45
1,<environment.Job instance at 0x151101d98280>,23,15,[ 1 10],35,59,74,24,45
1,<environment.Job instance at 0x15110c95f730>,28,3,[10  2],43,74,77,31,48
1,<environment.Job instance at 0x15110430aaa0>,29,2,[8 2],44,77,79,33,50
1,<environment.Job instance at 0x15110430a780>,30,2,[5 2],45,79,81,34,52
1,<environment.Job instance at 0x151101ec5c80>,31,3,[1 8],47,77,80,30,52
1,<environment.Job instance at 0x151101ec5730>,32,2,[5 2],49,80,82,31,53
1,<environment.Job instance at 0x151102263dc0>,33,2,[2 7],51,81,83,30,54
1,<environment.Job instance at 0x151102263460>,34,3,[ 2 10],53,83,86,30,57
1,<environment.Job instance at 0x151102263910>,35,1,[1 5],54,86,87,32,58
1,<environment.Job instance at 0x151102263780>,36,2,[1 9],55,87,89,32,60
1,<environment.Job instance at 0x1511020033c0>,37,17,[1 7],56,89,106,33,77
1,<environment.Job instance at 0x151101d7ed70>,48,2,[7 1],70,86,88,16,77
1,<environment.Job instance at 0x1510fee02550>,49,2,[1 8],71,106,108,35,79
1,<environment.Job instance at 0x151101da2550>,51,3,[9 2],73,90,93,17,90
1,<environment.Job instance at 0x151101da2730>,52,27,[5 1],74,93,120,19,92
1,<environment.Job instance at 0x151101da29b0>,55,2,[5 1],77,108,110,31,107
1,<environment.Job instance at 0x15110d63c0f0>,56,1,[6 1],79,120,121,41,107
1,<environment.Job instance at 0x15110d63c820>,57,1,[8 1],81,121,122,40,107
1,<environment.Job instance at 0x15110d63c640>,58,13,[5 2],82,122,135,40,107
1,<environment.Job instance at 0x15110430af00>,27,1,[1 6],42,112,113,70,112
1,<environment.Job instance at 0x151101da26e0>,54,17,[1 9],76,135,152,59,123
1,<environment.Job instance at 0x15110d63cd20>,63,2,[2 8],90,123,125,33,123
1,<environment.Job instance at 0x15110d63c500>,64,12,[1 9],91,152,164,61,135
1,<environment.Job instance at 0x15110d63c230>,66,2,[6 2],93,164,166,71,137
1,<environment.Job instance at 0x15110d63c0a0>,67,3,[8 2],94,166,169,72,140
1,<environment.Job instance at 0x15110d63c2d0>,68,1,[6 2],96,169,170,73,141
1,<environment.Job instance at 0x15110d63c910>,69,2,[1 6],98,164,166,66,141
1,<environment.Job instance at 0x15110d63c960>,70,15,[6 1],99,141,156,42,141
1,<environment.Job instance at 0x15110d5fd7d0>,76,1,[9 1],108,156,157,48,141
1,<environment.Job instance at 0x15110d5fd550>,77,3,[1 9],109,170,173,61,144
1,<environment.Job instance at 0x15110d63c320>,65,14,[ 2 10],92,191,205,99,191
1,<environment.Job instance at 0x15110d63caf0>,2,1,[1 7],5,7,8,2,7
1,<environment.Job instance at 0x151101d9c730>,5,2,[10  1],8,8,10,0,8
1,<environment.Job instance at 0x151101d9ca00>,6,1,[7 2],9,10,11,1,10
1,<environment.Job instance at 0x151101d9c6e0>,8,3,[1 9],11,11,14,0,11
1,<environment.Job instance at 0x1511006d60a0>,11,14,[ 2 10],14,19,33,5,19
1,<environment.Job instance at 0x15110d5ac410>,17,2,[2 8],22,33,35,11,22
1,<environment.Job instance at 0x15110597df00>,18,2,[1 5],23,35,37,12,23
1,<environment.Job instance at 0x1510fecdb5a0>,19,3,[10  2],24,37,40,13,25
1,<environment.Job instance at 0x1510fed23b40>,20,3,[2 5],26,40,43,14,27
1,<environment.Job instance at 0x15110c883140>,21,3,[2 5],29,40,43,11,29
1,<environment.Job instance at 0x15110133d820>,23,1,[1 5],36,43,44,7,37
1,<environment.Job instance at 0x15110133d5f0>,24,2,[5 1],39,43,45,4,39
1,<environment.Job instance at 0x15110133d730>,25,1,[1 7],40,44,45,4,41
1,<environment.Job instance at 0x15110133dd20>,26,12,[6 1],41,45,57,4,41
1,<environment.Job instance at 0x15110133d6e0>,28,3,[1 6],44,45,48,1,44
1,<environment.Job instance at 0x15110134cd20>,32,2,[10  1],48,62,64,14,62
1,<environment.Job instance at 0x15110134c280>,36,3,[5 1],54,64,67,10,62
1,<environment.Job instance at 0x15110134cfa0>,37,1,[8 1],55,67,68,12,62
1,<environment.Job instance at 0x1510ffb6ecd0>,38,1,[9 1],56,68,69,12,62
1,<environment.Job instance at 0x1510ffb6e780>,39,18,[1 8],57,64,82,7,62
1,<environment.Job instance at 0x15110134cc80>,35,3,[1 7],53,82,85,29,65
1,<environment.Job instance at 0x1510ffb6ebe0>,42,1,[6 1],62,69,70,7,65
1,<environment.Job instance at 0x15110d51efa0>,43,1,[8 1],63,70,71,7,65
1,<environment.Job instance at 0x1510ffb6e050>,40,17,[10  1],58,85,102,27,73
1,<environment.Job instance at 0x1510fef08140>,48,1,[1 8],74,102,103,28,74
1,<environment.Job instance at 0x1510fef08af0>,49,3,[10  2],75,103,106,28,77
1,<environment.Job instance at 0x1510fef08cd0>,50,3,[1 5],76,106,109,30,80
1,<environment.Job instance at 0x1510fef08eb0>,51,15,[10  1],78,109,124,31,101
1,<environment.Job instance at 0x151101db9fa0>,57,3,[5 1],87,106,109,19,101
1,<environment.Job instance at 0x1510ff138af0>,58,13,[5 1],89,137,150,48,137
1,<environment.Job instance at 0x151101ddf4b0>,59,1,[1 7],90,137,138,47,137
1,<environment.Job instance at 0x15110d518140>,60,16,[1 5],91,144,160,53,144
1,<environment.Job instance at 0x15110d518410>,61,2,[9 2],92,150,152,58,146
1,<environment.Job instance at 0x1510fec27780>,62,12,[1 8],93,160,172,67,151
1,<environment.Job instance at 0x1510fec27eb0>,63,15,[2 6],95,172,187,77,160
1,<environment.Job instance at 0x15110d5195a0>,64,3,[1 7],96,187,190,91,161
1,<environment.Job instance at 0x15110d5196e0>,65,18,[1 8],97,190,208,93,180
1,<environment.Job instance at 0x1510ff09a4b0>,66,2,[8 2],99,180,182,81,180
1,<environment.Job instance at 0x1510ffc39320>,2,3,[7 1],5,5,8,0,5
1,<environment.Job instance at 0x15110134ce60>,3,3,[10  2],6,8,11,2,6
1,<environment.Job instance at 0x15110134c8c0>,5,2,[2 6],8,11,13,3,8
1,<environment.Job instance at 0x1510ffc3ddc0>,6,2,[6 1],9,11,13,2,9
1,<environment.Job instance at 0x1510ffc3d2d0>,8,2,[5 2],12,13,15,1,12
1,<environment.Job instance at 0x151102cd9c30>,10,3,[1 8],14,14,17,0,14
1,<environment.Job instance at 0x1510ffc3d640>,4,15,[7 1],7,23,38,16,23
1,<environment.Job instance at 0x15110d57aa00>,19,3,[6 2],25,38,41,13,25
1,<environment.Job instance at 0x15110d57a370>,20,2,[1 6],27,27,29,0,27
1,<environment.Job instance at 0x151101f11d70>,32,2,[2 7],44,104,106,60,104
1,<environment.Job instance at 0x151101f11050>,33,1,[5 2],45,105,106,60,105
1,<environment.Job instance at 0x151101f11c30>,37,2,[2 6],51,272,274,221,272
1,<environment.Job instance at 0x151101e68c30>,40,3,[ 2 10],54,280,283,226,280
1,<environment.Job instance at 0x151101e681e0>,42,18,[2 7],59,283,301,224,281
1,<environment.Job instance at 0x151101e68280>,51,16,[10  2],71,1477,1493,1406,1477
1,<environment.Job instance at 0x1511551785a0>,1,3,[7 1],3,3,6,0,3
1,<environment.Job instance at 0x151101e180a0>,2,3,[2 7],5,8,11,3,8
1,<environment.Job instance at 0x1510fec5c410>,4,13,[10  1],10,11,24,1,10
1,<environment.Job instance at 0x1510ffc04c30>,7,18,[2 8],14,24,42,10,17
1,<environment.Job instance at 0x1510ffc04690>,6,3,[2 7],13,42,45,29,18
1,<environment.Job instance at 0x1510ffc4b780>,15,3,[7 2],28,28,31,0,28
1,<environment.Job instance at 0x1510ffc4b410>,16,2,[2 6],30,45,47,15,30
1,<environment.Job instance at 0x1510ffc4b550>,17,2,[2 5],32,47,49,15,32
1,<environment.Job instance at 0x1510ffc4b5a0>,18,16,[ 2 10],33,49,65,16,37
1,<environment.Job instance at 0x1511020789b0>,21,1,[1 7],38,65,66,27,38
1,<environment.Job instance at 0x1510fed75d20>,22,3,[8 1],40,40,43,0,40
1,<environment.Job instance at 0x1510fee5b0a0>,23,3,[2 5],42,66,69,24,42
1,<environment.Job instance at 0x1510ffc566e0>,24,13,[1 9],44,69,82,25,55
1,<environment.Job instance at 0x1510ff3a8d70>,26,1,[1 9],47,82,83,35,55
1,<environment.Job instance at 0x1510ff6a5410>,34,2,[1 9],59,83,85,24,59
1,<environment.Job instance at 0x1510ff6a5f00>,35,3,[1 7],61,85,88,24,61
1,<environment.Job instance at 0x151101ddf1e0>,36,15,[ 1 10],62,88,103,26,74
1,<environment.Job instance at 0x151154046050>,38,3,[7 2],65,85,88,20,74
1,<environment.Job instance at 0x151101ddf050>,37,3,[9 1],63,74,77,11,74
1,<environment.Job instance at 0x1511007026e0>,40,3,[9 2],67,103,106,36,82
1,<environment.Job instance at 0x151100702b40>,39,14,[8 2],66,106,120,40,91
1,<environment.Job instance at 0x151101fb80a0>,53,2,[7 1],87,120,122,33,93
1,<environment.Job instance at 0x151101fb8640>,54,3,[1 8],89,103,106,14,93
1,<environment.Job instance at 0x151101fb8c30>,55,1,[6 1],90,122,123,32,94
1,<environment.Job instance at 0x151101fb89b0>,56,2,[2 9],92,120,122,28,94
1,<environment.Job instance at 0x151101fb8aa0>,57,16,[1 8],93,122,138,29,109
1,<environment.Job instance at 0x151101e44dc0>,61,14,[1 9],98,138,152,40,123
1,<environment.Job instance at 0x151101fb8c80>,49,1,[6 2],80,152,153,72,143
1,<environment.Job instance at 0x151100702320>,44,16,[10  2],72,161,177,89,161
1,<environment.Job instance at 0x1510fec6ee10>,0,1,[2 9],1,5,6,4,5
1,<environment.Job instance at 0x1510fec6eaa0>,2,2,[1 7],5,6,8,1,6
1,<environment.Job instance at 0x1511007022d0>,5,16,[2 5],8,8,24,0,8
1,<environment.Job instance at 0x15115511d1e0>,8,2,[7 1],14,14,16,0,14
1,<environment.Job instance at 0x151102121b90>,9,1,[2 7],16,24,25,8,16
1,<environment.Job instance at 0x15110210faf0>,11,3,[8 2],18,18,21,0,18
1,<environment.Job instance at 0x15110c0316e0>,7,17,[8 2],13,21,38,8,19
1,<environment.Job instance at 0x15110210f460>,10,2,[1 6],17,25,27,8,19
1,<environment.Job instance at 0x15110c01e0a0>,16,12,[ 2 10],28,38,50,10,28
1,<environment.Job instance at 0x151103011d70>,17,1,[10  1],29,50,51,21,29
1,<environment.Job instance at 0x15110f8a8af0>,19,3,[1 7],31,31,34,0,31
1,<environment.Job instance at 0x151102d10550>,15,12,[5 1],27,51,63,24,41
1,<environment.Job instance at 0x1510ff337fa0>,25,3,[1 8],42,51,54,9,42
1,<environment.Job instance at 0x151102229230>,26,2,[10  2],43,63,65,20,43
1,<environment.Job instance at 0x151102229dc0>,29,17,[2 8],47,75,92,28,75
1,<environment.Job instance at 0x15110c8a6e60>,47,18,[2 7],71,92,110,21,86
1,<environment.Job instance at 0x151101da2140>,56,3,[10  2],82,110,113,28,92
1,<environment.Job instance at 0x151101da23c0>,57,1,[1 7],84,113,114,29,92
1,<environment.Job instance at 0x151101da2af0>,58,3,[1 6],85,114,117,29,92
1,<environment.Job instance at 0x151101da2820>,59,2,[5 2],86,92,94,6,92
1,<environment.Job instance at 0x15110205a8c0>,66,12,[1 9],94,227,239,133,227
1,<environment.Job instance at 0x15110205ab40>,67,3,[2 6],95,239,242,144,231
1,<environment.Job instance at 0x151101fe2e10>,63,13,[1 6],91,288,301,197,288
1,<environment.Job instance at 0x15110c8a65f0>,48,3,[1 5],72,301,304,229,292
1,<environment.Job instance at 0x15110205ae10>,78,12,[2 9],107,321,333,214,321
1,<environment.Job instance at 0x15110205a6e0>,77,3,[8 2],106,366,369,260,366
1,<environment.Job instance at 0x1510ff3662d0>,3,2,[2 6],4,4,6,0,4
1,<environment.Job instance at 0x15110200d3c0>,6,16,[6 1],8,12,28,4,12
1,<environment.Job instance at 0x1510ff0b01e0>,8,3,[10  2],15,28,31,13,15
1,<environment.Job instance at 0x1510fee4f3c0>,12,1,[2 7],21,34,35,13,34
1,<environment.Job instance at 0x1510ff0b0be0>,10,14,[1 5],18,41,55,23,41
1,<environment.Job instance at 0x151101f1f190>,27,2,[5 2],46,46,48,0,46
1,<environment.Job instance at 0x1510fec920a0>,28,2,[10  2],47,55,57,8,47
1,<environment.Job instance at 0x1510feefd320>,49,15,[2 9],75,179,194,104,179
1,<environment.Job instance at 0x1510fec92dc0>,34,12,[10  1],56,344,356,288,344
1,<environment.Job instance at 0x1510fed0e1e0>,18,18,[1 9],31,400,418,369,400
1,<environment.Job instance at 0x1510fed75960>,39,16,[1 6],61,418,434,357,410
1,<environment.Job instance at 0x1510fe711820>,1,1,[5 2],5,5,6,0,5
1,<environment.Job instance at 0x15110c982550>,9,13,[1 6],19,19,32,0,19
1,<environment.Job instance at 0x15110c982d20>,10,12,[1 5],20,32,44,12,20
1,<environment.Job instance at 0x15110c9829b0>,11,2,[9 2],21,21,23,0,21
1,<environment.Job instance at 0x1510fedeeb90>,12,16,[ 2 10],23,44,60,21,31
1,<environment.Job instance at 0x1510ff0e01e0>,19,2,[8 2],32,32,34,0,32
1,<environment.Job instance at 0x1510ff0e0820>,20,1,[8 2],33,34,35,1,33
1,<environment.Job instance at 0x1510fe711960>,2,18,[1 9],10,60,78,50,50
1,<environment.Job instance at 0x1510ff1ad460>,32,12,[5 1],46,60,72,14,50
1,<environment.Job instance at 0x1510ff1ad370>,33,13,[1 7],47,78,91,31,65
1,<environment.Job instance at 0x15110d51d910>,35,2,[8 2],49,78,80,29,65
1,<environment.Job instance at 0x151105989460>,38,3,[7 1],53,72,75,19,65
1,<environment.Job instance at 0x15110c919b90>,41,3,[1 8],60,91,94,31,65
1,<environment.Job instance at 0x15110ef852d0>,45,3,[6 2],68,80,83,12,68
1,<environment.Job instance at 0x15110ef85e10>,47,14,[1 8],71,94,108,23,84
1,<environment.Job instance at 0x1510fef92d70>,60,3,[7 1],87,87,90,0,87
1,<environment.Job instance at 0x1510fecc4190>,62,2,[5 1],90,90,92,0,90
1,<environment.Job instance at 0x1510ffc46870>,64,2,[1 5],92,108,110,16,96
1,<environment.Job instance at 0x1510ffc46370>,65,16,[7 1],94,96,112,2,96
1,<environment.Job instance at 0x1510ffc46230>,66,3,[ 2 10],95,112,115,17,96
1,<environment.Job instance at 0x15110d51d140>,36,13,[1 8],51,115,128,64,105
1,<environment.Job instance at 0x1510ff0b5910>,73,3,[10  2],106,128,131,22,106
1,<environment.Job instance at 0x15110d65dc30>,3,12,[2 5],6,8,20,2,8
1,<environment.Job instance at 0x151102083d20>,6,15,[5 1],11,12,27,1,12
1,<environment.Job instance at 0x1511020bab40>,8,12,[1 6],13,20,32,7,13
1,<environment.Job instance at 0x151102c77370>,9,12,[7 2],14,27,39,13,14
1,<environment.Job instance at 0x151102083fa0>,10,2,[2 7],15,32,34,17,15
1,<environment.Job instance at 0x1511020aed20>,11,12,[2 6],16,34,46,18,17
1,<environment.Job instance at 0x1511020aea50>,13,3,[5 2],18,39,42,21,18
1,<environment.Job instance at 0x1510fea10230>,2,14,[7 2],5,47,61,42,47
1,<environment.Job instance at 0x151102083050>,12,13,[5 1],17,61,74,44,50
1,<environment.Job instance at 0x1511030405a0>,35,12,[9 1],52,74,86,22,57
1,<environment.Job instance at 0x1511030404b0>,33,14,[1 6],50,62,76,12,62
1,<environment.Job instance at 0x1510ff337a00>,41,2,[10  2],59,86,88,27,62
1,<environment.Job instance at 0x1510ff3377d0>,42,3,[2 7],60,88,91,28,62
1,<environment.Job instance at 0x1511020a9230>,53,1,[1 9],76,95,96,19,95
1,<environment.Job instance at 0x1511020a9c80>,54,3,[7 2],77,96,99,19,95
1,<environment.Job instance at 0x1511020a96e0>,55,1,[1 7],78,96,97,18,95
1,<environment.Job instance at 0x1511020a9640>,56,1,[8 2],79,99,100,20,95
1,<environment.Job instance at 0x1511020a9870>,57,3,[ 1 10],80,100,103,20,95
1,<environment.Job instance at 0x1511020a9cd0>,60,3,[2 5],83,136,139,53,136
1,<environment.Job instance at 0x15110d5e2640>,70,1,[ 1 10],100,436,437,336,436
1,<environment.Job instance at 0x15110d5e22d0>,71,16,[ 2 10],101,437,453,336,436
1,<environment.Job instance at 0x151102caff50>,31,13,[10  2],44,652,665,608,652
1,<environment.Job instance at 0x1511020a95a0>,52,16,[2 5],74,699,715,625,699
1,<environment.Job instance at 0x1510fe8d6dc0>,1,3,[2 6],3,3,6,0,3
1,<environment.Job instance at 0x1510fe8d6640>,4,2,[8 2],8,8,10,0,8
1,<environment.Job instance at 0x1510fe7d0eb0>,5,3,[9 2],9,10,13,1,9
1,<environment.Job instance at 0x1510fe7d0550>,6,16,[1 7],10,11,27,1,11
1,<environment.Job instance at 0x1510fe7d0410>,11,17,[1 7],15,69,86,54,69
1,<environment.Job instance at 0x1510ff481f50>,21,12,[2 8],29,86,98,57,72
1,<environment.Job instance at 0x15110c9c90f0>,27,16,[2 9],38,98,114,60,88
1,<environment.Job instance at 0x1510ff1d9050>,29,2,[2 7],41,114,116,73,88
1,<environment.Job instance at 0x1511021a51e0>,1,2,[1 5],4,4,6,0,4
1,<environment.Job instance at 0x1511021a5e60>,4,2,[1 6],9,9,11,0,9
1,<environment.Job instance at 0x1511021a5e10>,5,3,[1 9],11,11,14,0,11
1,<environment.Job instance at 0x1511021a5dc0>,6,1,[10  1],12,14,15,2,12
1,<environment.Job instance at 0x151102ce4eb0>,7,3,[5 1],13,15,18,2,13
1,<environment.Job instance at 0x151102ce4460>,8,2,[8 1],14,18,20,4,14
1,<environment.Job instance at 0x151102ce4230>,9,3,[ 2 10],15,20,23,5,15
1,<environment.Job instance at 0x151101eea050>,30,13,[1 9],42,1250,1263,1208,1250
1,<environment.Job instance at 0x151101eea2d0>,31,15,[2 9],43,1263,1278,1220,1255
1,<environment.Job instance at 0x1510feb5f730>,0,3,[1 8],1,1,4,0,1
1,<environment.Job instance at 0x151101eea8c0>,4,2,[5 1],5,5,7,0,5
1,<environment.Job instance at 0x151102b96870>,3,1,[8 2],4,7,8,3,7
1,<environment.Job instance at 0x151102bbc730>,6,3,[6 2],7,8,11,1,7
1,<environment.Job instance at 0x151102bb80a0>,8,18,[2 7],9,9,27,0,9
1,<environment.Job instance at 0x151102bbc370>,10,3,[2 7],11,27,30,16,11
1,<environment.Job instance at 0x151102bbc910>,12,18,[2 8],18,30,48,12,23
1,<environment.Job instance at 0x151102bcbb90>,16,2,[2 6],24,48,50,24,24
1,<environment.Job instance at 0x151102bcb640>,17,1,[10  2],25,50,51,25,25
1,<environment.Job instance at 0x151102bcbf50>,18,18,[5 2],26,27,45,1,27
1,<environment.Job instance at 0x151102ba6c80>,21,3,[5 2],30,45,48,15,30
1,<environment.Job instance at 0x151102bcb050>,22,2,[2 9],32,51,53,19,32
1,<environment.Job instance at 0x1511021b1af0>,11,1,[9 1],14,53,54,39,40
1,<environment.Job instance at 0x151101f1c1e0>,24,16,[9 1],34,54,70,20,41
1,<environment.Job instance at 0x1511043337d0>,28,2,[10  1],42,70,72,28,43
1,<environment.Job instance at 0x151101f1c9b0>,29,3,[9 2],43,72,75,29,46
1,<environment.Job instance at 0x15110c870a00>,30,1,[2 9],44,75,76,31,47
1,<environment.Job instance at 0x15110d515af0>,31,1,[7 2],46,48,49,2,47
1,<environment.Job instance at 0x1510fe6f8aa0>,25,2,[2 9],36,76,78,40,61
1,<environment.Job instance at 0x151102ba6640>,19,17,[9 1],27,78,95,51,74
1,<environment.Job instance at 0x151102c770f0>,33,13,[9 2],54,95,108,41,82
1,<environment.Job instance at 0x151101f1c550>,27,18,[1 6],40,88,106,48,88
1,<environment.Job instance at 0x15110d5090f0>,41,1,[2 9],68,108,109,40,88
1,<environment.Job instance at 0x15110d509f50>,43,18,[2 6],70,109,127,39,98
1,<environment.Job instance at 0x15110d6df8c0>,56,2,[10  1],88,127,129,39,100
1,<environment.Job instance at 0x1510fe9f95f0>,57,3,[ 2 10],89,129,132,40,103
1,<environment.Job instance at 0x1510fe9f9eb0>,58,3,[5 1],90,108,111,18,103
1,<environment.Job instance at 0x1510fe9f9d20>,59,1,[9 1],91,132,133,41,104
1,<environment.Job instance at 0x1510fe9f9f00>,60,1,[2 7],93,133,134,40,105
1,<environment.Job instance at 0x1510fe9f9320>,61,2,[8 1],94,111,113,17,106
1,<environment.Job instance at 0x1510fe9f98c0>,62,3,[9 2],95,134,137,39,108
1,<environment.Job instance at 0x1510fe9f9190>,64,17,[5 2],98,137,154,39,125
1,<environment.Job instance at 0x15110c9efe60>,70,3,[ 1 10],105,154,157,49,128
1,<environment.Job instance at 0x15110c9ef4b0>,71,2,[5 2],108,137,139,29,128
1,<environment.Job instance at 0x151105989320>,36,18,[9 2],58,158,176,100,158
1,<environment.Job instance at 0x15110c893f50>,26,12,[8 1],39,179,191,140,179
1,<environment.Job instance at 0x151101eb3370>,2,3,[8 1],3,4,7,1,4
1,<environment.Job instance at 0x151102c06500>,4,2,[9 2],5,7,9,2,5
1,<environment.Job instance at 0x1510ff2f5690>,6,2,[1 9],8,9,11,1,8
1,<environment.Job instance at 0x151101e89b40>,9,3,[9 2],17,18,21,1,18
1,<environment.Job instance at 0x1510fe933640>,14,1,[5 2],22,22,23,0,22
1,<environment.Job instance at 0x151101350dc0>,15,1,[5 1],23,23,24,0,23
1,<environment.Job instance at 0x15110d545d20>,16,2,[1 5],26,27,29,1,27
1,<environment.Job instance at 0x1510ff288af0>,17,12,[ 1 10],27,29,41,2,27
1,<environment.Job instance at 0x1510fee87640>,19,14,[2 6],29,41,55,12,29
1,<environment.Job instance at 0x1510fef543c0>,20,2,[ 2 10],30,55,57,25,30
1,<environment.Job instance at 0x151102ca05a0>,18,12,[1 9],28,57,69,29,41
1,<environment.Job instance at 0x15110c8f6550>,27,3,[1 7],38,69,72,31,43
1,<environment.Job instance at 0x151102f51320>,28,1,[2 6],39,72,73,33,44
1,<environment.Job instance at 0x1510fea61be0>,29,3,[2 9],40,73,76,33,47
1,<environment.Job instance at 0x1510fea61f50>,30,2,[2 6],41,76,78,35,49
1,<environment.Job instance at 0x1510fea61c80>,31,1,[2 6],42,78,79,36,50
1,<environment.Job instance at 0x1510fea61c30>,32,1,[7 2],44,50,51,6,50
1,<environment.Job instance at 0x15110d6f5f50>,33,2,[2 6],45,79,81,34,52
1,<environment.Job instance at 0x15110d6f52d0>,34,1,[10  1],46,81,82,35,53
1,<environment.Job instance at 0x15110d6f5dc0>,35,3,[8 2],47,69,72,22,53
1,<environment.Job instance at 0x1510fe6b6af0>,42,13,[5 2],54,2429,2442,2375,2429
1,<environment.Job instance at 0x151101fde1e0>,1,2,[2 7],2,2,4,0,2
1,<environment.Job instance at 0x151101fde780>,0,3,[10  2],1,4,7,3,2
1,<environment.Job instance at 0x151101fde640>,3,2,[6 2],4,7,9,3,4
1,<environment.Job instance at 0x1510ffb91730>,4,3,[2 6],5,7,10,2,5
1,<environment.Job instance at 0x1510fea72a00>,5,1,[1 8],6,10,11,4,6
1,<environment.Job instance at 0x1510ffb91a50>,8,12,[1 6],9,12,24,3,12
1,<environment.Job instance at 0x1510fea72050>,6,13,[2 7],7,24,37,17,16
1,<environment.Job instance at 0x15110c92d820>,19,1,[1 5],25,37,38,12,28
1,<environment.Job instance at 0x1510ffc0a6e0>,20,3,[2 5],26,37,40,11,31
1,<environment.Job instance at 0x1510fef8e910>,37,13,[9 2],55,162,175,107,162
1,<environment.Job instance at 0x1510fef8ebe0>,44,1,[2 7],66,175,176,109,170
1,<environment.Job instance at 0x15110ca5e870>,46,17,[2 6],68,199,216,131,199
1,<environment.Job instance at 0x15110d51e5a0>,53,14,[2 7],78,216,230,138,203
1,<environment.Job instance at 0x151101fcec30>,15,15,[2 6],19,230,245,211,223
1,<environment.Job instance at 0x15110d51ec80>,60,16,[8 2],90,258,274,168,258
1,<environment.Job instance at 0x15110ca5e550>,47,1,[ 1 10],69,288,289,219,288
1,<environment.Job instance at 0x15110d51e8c0>,68,14,[8 2],99,326,340,227,326
1,<environment.Job instance at 0x15110c9f8be0>,1,3,[1 8],3,4,7,1,4
1,<environment.Job instance at 0x15110d597370>,3,2,[5 2],5,5,7,0,5
1,<environment.Job instance at 0x15110d5972d0>,2,17,[7 2],4,7,24,3,5
1,<environment.Job instance at 0x151102f9b0a0>,5,2,[6 1],8,24,26,16,8
1,<environment.Job instance at 0x151102f9b0f0>,6,3,[6 2],10,26,29,16,10
1,<environment.Job instance at 0x151102f9b6e0>,7,12,[9 2],11,29,41,18,12
1,<environment.Job instance at 0x151102f9b8c0>,8,1,[6 2],13,41,42,28,13
1,<environment.Job instance at 0x1510ff0dbd20>,4,3,[8 1],7,42,45,35,23
1,<environment.Job instance at 0x1510fec75aa0>,15,3,[2 7],25,25,28,0,25
1,<environment.Job instance at 0x151101ddee10>,17,3,[ 1 10],27,45,48,18,27
1,<environment.Job instance at 0x15110ca07820>,19,2,[2 9],32,42,44,10,32
1,<environment.Job instance at 0x1511020d2af0>,20,1,[6 1],33,48,49,15,33
1,<environment.Job instance at 0x1511020d2d20>,21,2,[1 6],34,34,36,0,34
1,<environment.Job instance at 0x1510ffb72af0>,24,1,[7 2],40,49,50,9,46
1,<environment.Job instance at 0x1510feab3780>,25,1,[8 1],41,50,51,9,46
1,<environment.Job instance at 0x15110c04a550>,26,17,[ 2 10],42,51,68,9,46
1,<environment.Job instance at 0x1510fe729050>,28,2,[1 8],45,48,50,3,46
1,<environment.Job instance at 0x1510fe729c80>,29,3,[2 8],46,68,71,22,46
1,<environment.Job instance at 0x1511020cc280>,31,1,[2 7],50,50,51,0,50
1,<environment.Job instance at 0x1510fe7290a0>,27,2,[8 1],43,68,70,25,51
1,<environment.Job instance at 0x1511020cc8c0>,32,3,[5 2],51,70,73,19,51
1,<environment.Job instance at 0x1510fe70dfa0>,33,2,[8 2],52,73,75,21,52
1,<environment.Job instance at 0x1510fe70d190>,34,3,[2 5],55,71,74,16,55
1,<environment.Job instance at 0x151101d9c640>,36,1,[2 5],57,74,75,17,57
1,<environment.Job instance at 0x151101d9c7d0>,35,14,[6 1],56,75,89,19,74
1,<environment.Job instance at 0x1510ff285f00>,47,3,[6 2],77,89,92,12,77
1,<environment.Job instance at 0x15110301ecd0>,48,2,[1 9],79,79,81,0,79
1,<environment.Job instance at 0x15110ccd4370>,49,3,[1 9],81,84,87,3,84
1,<environment.Job instance at 0x15110d52f640>,53,1,[7 2],86,92,93,6,86
1,<environment.Job instance at 0x151102ae55a0>,54,2,[7 2],87,93,95,6,87
1,<environment.Job instance at 0x151102d200f0>,55,1,[9 2],89,95,96,6,89
1,<environment.Job instance at 0x15110c9a1780>,56,2,[ 1 10],90,96,98,6,91
1,<environment.Job instance at 0x15110c9287d0>,59,1,[9 1],93,98,99,5,93
1,<environment.Job instance at 0x151102ad1730>,60,1,[9 1],94,99,100,5,94
1,<environment.Job instance at 0x15110c9285a0>,61,27,[9 1],95,100,127,5,98
1,<environment.Job instance at 0x15110c928af0>,62,17,[1 6],97,106,123,9,106
1,<environment.Job instance at 0x1511021e0e60>,42,28,[1 6],66,404,432,338,404
1,<environment.Job instance at 0x151102f9bf00>,10,15,[9 2],16,426,441,410,426
1,<environment.Job instance at 0x1510ff42a7d0>,1,2,[2 9],2,2,4,0,2
1,<environment.Job instance at 0x15110d5e6410>,2,2,[1 9],3,4,6,1,3
1,<environment.Job instance at 0x1510ff42a640>,5,3,[6 1],6,6,9,0,6
1,<environment.Job instance at 0x15110d5e60a0>,6,2,[10  2],7,9,11,2,7
1,<environment.Job instance at 0x1510feaa7050>,7,2,[7 1],8,11,13,3,9
1,<environment.Job instance at 0x1510fe87d7d0>,9,3,[8 2],15,16,19,1,16
1,<environment.Job instance at 0x1510feaa7c80>,11,18,[2 8],17,37,55,20,37
1,<environment.Job instance at 0x1510feb4d8c0>,20,15,[5 2],30,39,54,9,39
1,<environment.Job instance at 0x1510ffc2c960>,36,2,[1 5],52,82,84,30,82
1,<environment.Job instance at 0x1510ffc2c5f0>,37,3,[ 2 10],53,84,87,31,82
1,<environment.Job instance at 0x1510ffc2cb90>,38,13,[2 8],54,87,100,33,82
1,<environment.Job instance at 0x15110d624a00>,45,1,[5 2],65,82,83,17,82
1,<environment.Job instance at 0x15110d624870>,46,3,[8 2],66,87,90,21,82
1,<environment.Job instance at 0x1510ff42baa0>,28,13,[10  1],40,100,113,60,84
1,<environment.Job instance at 0x15110d6240f0>,48,15,[1 6],69,113,128,44,99
1,<environment.Job instance at 0x1510ffb04e10>,61,3,[6 2],90,113,116,23,99
1,<environment.Job instance at 0x1510ffb04af0>,63,2,[9 2],94,116,118,22,99
1,<environment.Job instance at 0x1510fe879e60>,64,3,[6 2],96,118,121,22,99
1,<environment.Job instance at 0x1510fe879690>,65,1,[1 9],97,128,129,31,100
1,<environment.Job instance at 0x1510fe8795f0>,66,17,[6 1],98,121,138,23,109
1,<environment.Job instance at 0x1510feb4ddc0>,23,16,[5 2],33,138,154,105,135
1,<environment.Job instance at 0x1510fe879500>,72,17,[8 2],105,224,241,119,224
1,<environment.Job instance at 0x1510ff6a9370>,1,1,[8 1],2,2,3,0,2
1,<environment.Job instance at 0x1510ff6a9c30>,7,15,[5 1],11,14,29,3,14
1,<environment.Job instance at 0x1510ffb6e190>,13,3,[2 6],17,17,20,0,17
1,<environment.Job instance at 0x1510feb15a00>,14,1,[1 5],18,20,21,2,18
1,<environment.Job instance at 0x151102b13b90>,15,2,[6 2],19,29,31,10,19
1,<environment.Job instance at 0x151101db89b0>,16,3,[10  1],20,31,34,11,20
1,<environment.Job instance at 0x151101db8a50>,17,2,[7 2],22,34,36,12,22
1,<environment.Job instance at 0x1510ff2672d0>,18,1,[9 2],24,36,37,12,24
1,<environment.Job instance at 0x1510ff267e60>,19,1,[10  2],25,37,38,12,25
1,<environment.Job instance at 0x15110efdeb40>,20,3,[2 5],27,27,30,0,27
1,<environment.Job instance at 0x1510ff6a90f0>,3,16,[2 5],5,38,54,33,29
1,<environment.Job instance at 0x15110efc7370>,22,1,[8 2],30,38,39,8,30
1,<environment.Job instance at 0x15110efc71e0>,23,2,[9 1],33,54,56,21,34
1,<environment.Job instance at 0x1510feae47d0>,27,2,[9 2],41,56,58,15,41
1,<environment.Job instance at 0x151102be80a0>,28,2,[2 5],42,42,44,0,42
1,<environment.Job instance at 0x151102be8780>,29,3,[8 1],43,44,47,1,43
1,<environment.Job instance at 0x151102be8730>,30,1,[2 8],44,58,59,14,44
1,<environment.Job instance at 0x151102be8280>,31,1,[ 1 10],47,59,60,12,48
1,<environment.Job instance at 0x151102be8af0>,32,2,[1 8],50,54,56,4,50
1,<environment.Job instance at 0x151102d40e10>,33,1,[9 2],51,60,61,9,51
1,<environment.Job instance at 0x151102d40a00>,34,2,[2 6],52,61,63,9,52
1,<environment.Job instance at 0x151102d40230>,35,15,[7 1],53,61,76,8,57
1,<environment.Job instance at 0x1510fe620f50>,39,3,[5 1],59,76,79,17,59
1,<environment.Job instance at 0x151102f51e60>,40,1,[ 1 10],60,79,80,19,60
1,<environment.Job instance at 0x151102f51b90>,41,3,[1 7],61,63,66,2,61
1,<environment.Job instance at 0x151102f51a00>,42,3,[5 2],63,76,79,13,63
1,<environment.Job instance at 0x151102f51780>,43,1,[8 2],64,80,81,16,64
1,<environment.Job instance at 0x151102f51050>,44,3,[1 7],66,66,69,0,66
1,<environment.Job instance at 0x151102f51910>,45,2,[2 8],68,69,71,1,68
1,<environment.Job instance at 0x15110ca44f00>,46,2,[1 8],69,71,73,2,69
1,<environment.Job instance at 0x1510ff295960>,47,3,[1 7],72,73,76,1,72
1,<environment.Job instance at 0x151102cff0a0>,48,1,[1 8],75,80,81,5,75
1,<environment.Job instance at 0x15110c03ef00>,49,1,[7 2],78,81,82,3,78
1,<environment.Job instance at 0x1510fed0c190>,50,3,[2 9],79,82,85,3,79
1,<environment.Job instance at 0x151102d400f0>,36,3,[1 7],54,85,88,31,80
1,<environment.Job instance at 0x1510fed0cf00>,51,16,[2 5],80,88,104,8,80
1,<environment.Job instance at 0x1510fedd1190>,53,1,[9 1],82,85,86,3,82
1,<environment.Job instance at 0x1510fe645dc0>,54,2,[7 2],85,86,88,1,85
1,<environment.Job instance at 0x1510fedd1140>,55,3,[9 2],86,104,107,18,87
1,<environment.Job instance at 0x1511021353c0>,57,3,[ 1 10],89,107,110,18,89
1,<environment.Job instance at 0x151102fe3140>,58,3,[9 1],90,110,113,20,90
1,<environment.Job instance at 0x1510fe947c80>,21,17,[9 2],29,113,130,84,103
1,<environment.Job instance at 0x1510ff270500>,71,3,[2 7],106,130,133,24,106
1,<environment.Job instance at 0x151101da6e60>,60,15,[2 5],92,168,183,76,168
1,<environment.Job instance at 0x151101e738c0>,4,2,[1 8],9,10,12,1,10
1,<environment.Job instance at 0x151101e43460>,7,3,[2 5],13,13,16,0,13
1,<environment.Job instance at 0x151101e43140>,12,3,[1 6],20,21,24,1,21
1,<environment.Job instance at 0x151101e67eb0>,14,3,[7 1],23,23,26,0,23
1,<environment.Job instance at 0x151101e67cd0>,15,3,[9 2],24,26,29,2,25
1,<environment.Job instance at 0x1510ffbf0c80>,16,2,[7 1],29,30,32,1,30
1,<environment.Job instance at 0x1510ffbf04b0>,18,1,[1 5],33,33,34,0,33
1,<environment.Job instance at 0x1510ffbf0a00>,17,14,[10  1],30,34,48,4,33
1,<environment.Job instance at 0x1510ffbaf410>,20,1,[8 1],39,48,49,9,40
1,<environment.Job instance at 0x1510ffbafd70>,22,3,[9 2],41,49,52,8,42
1,<environment.Job instance at 0x1510ffbaf960>,24,2,[2 8],45,52,54,7,46
1,<environment.Job instance at 0x1510ffbaf500>,29,13,[8 2],53,58,71,5,58
1,<environment.Job instance at 0x1510fe814870>,30,1,[6 1],63,71,72,8,67
1,<environment.Job instance at 0x1510ffc21c30>,48,3,[5 1],89,202,205,113,202
1,<environment.Job instance at 0x1510ffbafe60>,27,17,[2 9],51,219,236,168,219
1,<environment.Job instance at 0x151101e67140>,2,3,[6 1],3,4,7,1,4
1,<environment.Job instance at 0x1510fe9fc050>,6,1,[2 8],15,15,16,0,15
1,<environment.Job instance at 0x1510fe9fc9b0>,7,1,[6 1],16,17,18,1,17
1,<environment.Job instance at 0x1510fe9fcc30>,10,12,[1 6],19,19,31,0,19
1,<environment.Job instance at 0x1510fe7f57d0>,9,1,[7 1],18,25,26,7,25
1,<environment.Job instance at 0x1510fe888870>,17,2,[7 1],27,28,30,1,28
1,<environment.Job instance at 0x15110c92db90>,19,1,[7 1],29,31,32,2,31
1,<environment.Job instance at 0x1510fe8884b0>,15,17,[ 2 10],24,32,49,8,31
1,<environment.Job instance at 0x15110c92da50>,21,1,[6 2],31,49,50,18,32
1,<environment.Job instance at 0x151102cb9690>,23,1,[5 2],33,50,51,17,33
1,<environment.Job instance at 0x1510fe888460>,20,1,[1 9],30,51,52,21,33
1,<environment.Job instance at 0x151102cb9fa0>,26,3,[1 8],38,52,55,14,38
1,<environment.Job instance at 0x1510ff498820>,27,1,[ 2 10],39,55,56,16,39
1,<environment.Job instance at 0x151102221f50>,28,2,[7 2],40,52,54,12,40
1,<environment.Job instance at 0x151102aedc30>,29,2,[1 6],41,49,51,8,41
1,<environment.Job instance at 0x15110d90d5a0>,31,13,[ 1 10],44,56,69,12,44
1,<environment.Job instance at 0x1510ffc10b40>,32,2,[8 2],45,69,71,24,45
1,<environment.Job instance at 0x1510feb22140>,42,3,[1 8],62,69,72,7,62
1,<environment.Job instance at 0x1510feb22e10>,44,2,[2 8],66,72,74,6,66
1,<environment.Job instance at 0x1510ffc41910>,49,15,[2 9],77,420,435,343,420
1,<environment.Job instance at 0x1510feb22370>,40,16,[ 1 10],60,1085,1101,1025,1085
1,<environment.Job instance at 0x1531134a9c80>,1,2,[2 5],4,4,6,0,4
1,<environment.Job instance at 0x153113415b40>,0,17,[ 1 10],3,6,23,3,4
1,<environment.Job instance at 0x1530bde90320>,7,3,[5 1],10,23,26,13,10
1,<environment.Job instance at 0x1530bde90f00>,8,13,[ 2 10],11,26,39,15,11
1,<environment.Job instance at 0x1530bdef6820>,9,2,[ 2 10],12,39,41,27,12
1,<environment.Job instance at 0x1530bde90410>,10,3,[7 2],14,41,44,27,15
1,<environment.Job instance at 0x153113415af0>,5,3,[9 1],8,44,47,36,20
1,<environment.Job instance at 0x1530bdee0820>,15,14,[6 2],20,47,61,27,32
1,<environment.Job instance at 0x1530bde88640>,22,3,[2 6],29,41,44,12,32
1,<environment.Job instance at 0x1530bdec7f50>,23,3,[7 2],30,61,64,31,35
1,<environment.Job instance at 0x1530bdf32cd0>,25,1,[6 1],34,64,65,30,38
1,<environment.Job instance at 0x1530bd7ba370>,26,3,[9 1],36,65,68,29,39
1,<environment.Job instance at 0x1530bd7b84b0>,28,2,[1 9],38,44,46,6,39
1,<environment.Job instance at 0x1530bd7b80a0>,29,13,[1 6],39,46,59,7,40
1,<environment.Job instance at 0x1530bd7b8d70>,30,3,[1 8],41,59,62,18,41
1,<environment.Job instance at 0x1530bd7b8aa0>,31,3,[8 1],42,68,71,26,42
1,<environment.Job instance at 0x1530bd7b8780>,33,2,[5 1],44,71,73,27,44
1,<environment.Job instance at 0x1530bdeeb050>,34,3,[9 2],45,73,76,28,47
1,<environment.Job instance at 0x1530bdeed2d0>,35,3,[10  2],47,76,79,29,50
1,<environment.Job instance at 0x1530bdeeb9b0>,36,3,[1 6],48,62,65,14,50
1,<environment.Job instance at 0x1530bdeebb90>,37,2,[2 7],49,68,70,19,50
1,<environment.Job instance at 0x1530bda34fa0>,39,14,[2 5],51,79,93,28,64
1,<environment.Job instance at 0x1530bda305f0>,52,1,[8 1],70,79,80,9,70
1,<environment.Job instance at 0x1530bda2ae10>,53,1,[7 2],72,80,81,8,72
1,<environment.Job instance at 0x1530bda33cd0>,56,18,[1 7],79,93,111,14,82
1,<environment.Job instance at 0x1530bda33f00>,60,17,[ 1 10],86,111,128,25,99
1,<environment.Job instance at 0x1530bd7c71e0>,73,1,[8 1],107,107,108,0,107
1,<environment.Job instance at 0x1530bd7c7500>,76,3,[2 8],111,128,131,17,111
1,<environment.Job instance at 0x1530bd7c7730>,78,3,[8 1],117,128,131,11,117
1,<environment.Job instance at 0x1530bd7c77d0>,79,3,[10  1],119,131,134,12,119
1,<environment.Job instance at 0x1530bd7c7460>,75,17,[9 2],110,154,171,44,154
1,<environment.Job instance at 0x1530bdee0230>,11,28,[1 9],15,177,205,162,177
1,<environment.Job instance at 0x1530bdee04b0>,13,13,[1 5],17,205,218,188,203
1,<environment.Job instance at 0x1530bd7d7b90>,2,2,[9 1],3,3,5,0,3
1,<environment.Job instance at 0x1530bdee04b0>,6,3,[8 1],8,8,11,0,8
1,<environment.Job instance at 0x1530bd7d7a00>,3,18,[2 5],4,9,27,5,9
1,<environment.Job instance at 0x1530c6ccc0f0>,9,1,[5 2],13,13,14,0,13
1,<environment.Job instance at 0x1530c6cb8780>,10,1,[5 2],14,15,16,1,15
1,<environment.Job instance at 0x1530c6cb8f50>,11,16,[1 9],16,27,43,11,16
1,<environment.Job instance at 0x1530c6cb8690>,13,1,[ 2 10],18,43,44,25,20
1,<environment.Job instance at 0x1530c7851140>,22,2,[2 5],36,44,46,8,36
1,<environment.Job instance at 0x1530bdec93c0>,1,16,[1 7],2,47,63,45,47
1,<environment.Job instance at 0x1530c6c4f640>,34,13,[9 1],52,59,72,7,59
1,<environment.Job instance at 0x1530c6d341e0>,38,18,[2 5],60,72,90,12,65
1,<environment.Job instance at 0x1530c6c5be60>,42,17,[1 5],64,76,93,12,76
1,<environment.Job instance at 0x1530c6dd2dc0>,53,3,[ 1 10],77,93,96,16,77
1,<environment.Job instance at 0x1530c6dd2280>,54,2,[8 2],78,90,92,12,78
1,<environment.Job instance at 0x1530c6dd2f50>,55,2,[ 2 10],80,96,98,16,80
1,<environment.Job instance at 0x1530c6dd2c80>,56,2,[2 5],81,98,100,17,81
1,<environment.Job instance at 0x1530c6dd2690>,57,1,[1 5],82,92,93,10,82
1,<environment.Job instance at 0x1530c6d90780>,62,26,[2 5],98,972,998,874,972
1,<environment.Job instance at 0x1530c6fe83c0>,78,18,[2 8],119,1060,1078,941,1060
1,<environment.Job instance at 0x1530c0145af0>,5,3,[1 7],10,10,13,0,10
1,<environment.Job instance at 0x1530c0145a00>,6,3,[10  1],11,13,16,2,11
1,<environment.Job instance at 0x1530bd1baf00>,4,3,[9 1],9,16,19,7,14
1,<environment.Job instance at 0x1530c01455a0>,11,2,[1 8],21,21,23,0,21
1,<environment.Job instance at 0x1530c035edc0>,12,1,[1 6],22,23,24,1,22
1,<environment.Job instance at 0x1530c05166e0>,13,3,[10  2],23,24,27,1,23
1,<environment.Job instance at 0x1530bd21a280>,14,2,[8 2],24,27,29,3,24
1,<environment.Job instance at 0x1530c0145410>,8,15,[ 1 10],15,29,44,14,24
1,<environment.Job instance at 0x1530c0367730>,25,1,[7 2],40,44,45,4,40
1,<environment.Job instance at 0x1530c0367a00>,24,2,[1 5],39,44,46,5,41
1,<environment.Job instance at 0x1530bd0f20f0>,26,3,[8 2],42,45,48,3,42
1,<environment.Job instance at 0x1530bd0f2910>,27,3,[5 2],43,48,51,5,44
1,<environment.Job instance at 0x1530bd0f29b0>,28,2,[2 5],45,46,48,1,45
1,<environment.Job instance at 0x1530bd0f2a50>,30,1,[6 2],47,51,52,4,47
1,<environment.Job instance at 0x1530bd0f2370>,31,3,[2 5],48,48,51,0,48
1,<environment.Job instance at 0x1530bd0f2cd0>,32,14,[2 5],49,51,65,2,50
1,<environment.Job instance at 0x1530bd0d1730>,36,3,[9 2],53,65,68,12,53
1,<environment.Job instance at 0x1530bd0d1320>,38,17,[10  1],55,68,85,13,56
1,<environment.Job instance at 0x1530c0e66c80>,43,13,[5 2],62,85,98,23,69
1,<environment.Job instance at 0x1530bd1cef50>,46,1,[6 2],68,98,99,30,70
1,<environment.Job instance at 0x1530c0575140>,47,15,[2 7],69,85,100,16,71
1,<environment.Job instance at 0x1530c05755a0>,48,2,[2 8],70,100,102,30,73
1,<environment.Job instance at 0x1530bd131c30>,57,2,[6 1],82,99,101,17,82
1,<environment.Job instance at 0x1530bd131dc0>,62,3,[1 9],89,102,105,13,89
1,<environment.Job instance at 0x1530bd131050>,65,2,[2 6],94,105,107,11,96
1,<environment.Job instance at 0x1530bd131730>,67,2,[10  2],96,107,109,11,96
1,<environment.Job instance at 0x1530c0e5c230>,22,17,[1 7],36,109,126,73,99
1,<environment.Job instance at 0x1530bd219640>,72,3,[1 9],101,126,129,25,101
1,<environment.Job instance at 0x1530bd219aa0>,75,14,[ 2 10],104,1101,1115,997,1101
1,<environment.Job instance at 0x1530bd0d16e0>,39,17,[1 9],56,1142,1159,1086,1142
1,<environment.Job instance at 0x1530bea2bbe0>,45,14,[10  1],66,1203,1217,1137,1203
1,<environment.Job instance at 0x1530bdf9ce10>,1,1,[1 5],6,6,7,0,6
1,<environment.Job instance at 0x1530bd0efd70>,3,1,[1 7],10,10,11,0,10
1,<environment.Job instance at 0x1530c267fe60>,6,3,[1 6],14,14,17,0,14
1,<environment.Job instance at 0x1530c00dedc0>,14,3,[5 1],24,35,38,11,35
1,<environment.Job instance at 0x1530c00de780>,16,1,[9 1],26,38,39,12,35
1,<environment.Job instance at 0x1530bda1d5f0>,13,3,[1 7],23,35,38,12,35
1,<environment.Job instance at 0x1530bd0f2f00>,17,18,[1 8],27,38,56,11,35
1,<environment.Job instance at 0x1530bd0f2640>,23,13,[9 2],37,41,54,4,41
1,<environment.Job instance at 0x1530bd21ab90>,25,2,[7 1],42,54,56,12,42
1,<environment.Job instance at 0x1530c6bc9b90>,26,1,[1 8],44,56,57,12,44
1,<environment.Job instance at 0x1530bd21a4b0>,27,3,[10  2],45,57,60,12,45
1,<environment.Job instance at 0x1530c3cd7f00>,28,3,[1 5],46,60,63,14,46
1,<environment.Job instance at 0x1530c0495a50>,29,15,[10  1],48,63,78,15,59
1,<environment.Job instance at 0x1530c00cf9b0>,37,1,[1 7],60,78,79,18,60
1,<environment.Job instance at 0x1530c04915a0>,38,16,[1 5],61,79,95,18,66
1,<environment.Job instance at 0x1530c0491320>,39,2,[9 2],62,78,80,16,66
1,<environment.Job instance at 0x1530c12ce0f0>,40,12,[1 8],63,95,107,32,78
1,<environment.Job instance at 0x1530bd2e3820>,52,14,[ 1 10],79,542,556,463,542
1,<environment.Job instance at 0x1530bd0f2820>,22,22,[1 7],34,1440,1462,1406,1440
1,<environment.Job instance at 0x1530bd07e690>,81,14,[10  2],118,1962,1976,1844,1962
1,<environment.Job instance at 0x1530bd2d6460>,57,15,[7 1],87,2150,2165,2063,2150
1,<environment.Job instance at 0x1530c00decd0>,9,16,[1 7],17,2192,2208,2175,2192
1,<environment.Job instance at 0x1530c6d99730>,1,2,[7 1],3,3,5,0,3
1,<environment.Job instance at 0x1530bdf88f50>,5,2,[6 1],9,9,11,0,9
1,<environment.Job instance at 0x1530bdf88a50>,8,1,[7 1],12,12,13,0,12
1,<environment.Job instance at 0x1530bdf88050>,7,2,[2 6],11,12,14,1,12
1,<environment.Job instance at 0x1530bdf88eb0>,10,3,[ 2 10],14,14,17,0,14
1,<environment.Job instance at 0x1530bdf886e0>,11,1,[1 7],15,17,18,2,15
1,<environment.Job instance at 0x1530c6d99460>,4,1,[1 5],8,18,19,10,16
1,<environment.Job instance at 0x1530bdf95f50>,13,12,[8 2],20,20,32,0,20
1,<environment.Job instance at 0x1530bdf959b0>,14,1,[2 9],22,32,33,10,22
1,<environment.Job instance at 0x1530bdf953c0>,15,2,[ 2 10],25,33,35,8,25
1,<environment.Job instance at 0x1530bdf955a0>,16,2,[7 1],26,35,37,9,26
1,<environment.Job instance at 0x1530bdfa1d20>,17,3,[1 5],27,27,30,0,27
1,<environment.Job instance at 0x1530bdfa1410>,18,2,[5 2],28,37,39,9,28
1,<environment.Job instance at 0x1530bdf95730>,12,18,[2 7],19,35,53,16,28
1,<environment.Job instance at 0x1530bdfa10f0>,22,1,[8 2],33,39,40,6,33
1,<environment.Job instance at 0x1530c1325a00>,26,1,[1 5],39,53,54,14,39
1,<environment.Job instance at 0x1530c1325870>,27,12,[10  1],41,54,66,13,41
1,<environment.Job instance at 0x1530bd0e1dc0>,29,2,[10  1],46,66,68,20,46
1,<environment.Job instance at 0x1530c6d16730>,30,1,[2 8],47,68,69,21,47
1,<environment.Job instance at 0x1530c6d16eb0>,31,2,[7 2],50,50,52,0,50
1,<environment.Job instance at 0x1530bd0b6640>,32,14,[10  1],51,69,83,18,54
1,<environment.Job instance at 0x1530bd0b6d70>,35,2,[8 1],56,83,85,27,56
1,<environment.Job instance at 0x1530bd0b6aa0>,36,2,[9 2],58,85,87,27,58
1,<environment.Job instance at 0x1530bd0b6e10>,37,2,[6 1],59,87,89,28,60
1,<environment.Job instance at 0x1530bd0b67d0>,39,1,[7 1],61,68,69,7,61
1,<environment.Job instance at 0x1530c6d0e8c0>,40,2,[1 6],62,83,85,21,62
1,<environment.Job instance at 0x1530c6d0e280>,41,2,[1 6],63,85,87,22,63
1,<environment.Job instance at 0x1530c6d1a640>,43,1,[10  1],66,89,90,23,66
1,<environment.Job instance at 0x1530c6d1a370>,42,3,[6 2],64,90,93,26,66
1,<environment.Job instance at 0x1530c6d1a960>,44,3,[6 2],67,93,96,26,68
1,<environment.Job instance at 0x1530c6d1ab40>,48,3,[7 1],73,96,99,23,73
1,<environment.Job instance at 0x1530c6d04dc0>,49,3,[2 7],75,90,93,15,75
1,<environment.Job instance at 0x1530c6d046e0>,50,1,[8 1],76,99,100,23,76
1,<environment.Job instance at 0x1530c6d1acd0>,46,1,[6 1],70,100,101,30,80
1,<environment.Job instance at 0x1530c6d070a0>,52,12,[1 5],82,93,105,11,93
1,<environment.Job instance at 0x1530c6d07460>,60,14,[9 2],94,101,115,7,94
1,<environment.Job instance at 0x1530c1340f50>,62,3,[7 2],98,115,118,17,98
1,<environment.Job instance at 0x1530c1340960>,63,2,[2 6],100,115,117,15,100
1,<environment.Job instance at 0x1530c1340aa0>,64,2,[2 5],102,117,119,15,102
1,<environment.Job instance at 0x1530bd0e1370>,28,15,[5 2],43,118,133,75,105
1,<environment.Job instance at 0x1530c6cfdcd0>,69,3,[8 1],110,133,136,23,110
1,<environment.Job instance at 0x1530c6d07410>,54,18,[2 8],84,342,360,258,342
1,<environment.Job instance at 0x1530bd0b6f00>,33,17,[1 6],53,380,397,327,380
1,<environment.Job instance at 0x1530bd5e0230>,3,1,[5 2],5,5,6,0,5
1,<environment.Job instance at 0x1530bd00f6e0>,7,15,[ 1 10],12,16,31,4,16
1,<environment.Job instance at 0x1530bd5106e0>,11,3,[9 2],17,31,34,14,17
1,<environment.Job instance at 0x1530bd510b90>,12,3,[8 1],18,34,37,16,18
1,<environment.Job instance at 0x1530bd4cfe10>,13,3,[2 6],20,34,37,14,20
1,<environment.Job instance at 0x1530c0549af0>,14,20,[5 1],21,37,57,16,29
1,<environment.Job instance at 0x1530c04cc0f0>,20,1,[6 2],30,57,58,27,30
1,<environment.Job instance at 0x1530c6dbe1e0>,21,1,[ 2 10],32,58,59,26,32
1,<environment.Job instance at 0x1530bd5f7690>,22,2,[5 2],35,37,39,2,35
1,<environment.Job instance at 0x1530c6c01fa0>,16,2,[9 1],23,59,61,36,40
1,<environment.Job instance at 0x1530bcf41fa0>,23,14,[ 1 10],36,61,75,25,46
1,<environment.Job instance at 0x1530bd16f3c0>,30,3,[9 1],45,75,78,30,49
1,<environment.Job instance at 0x1530c0e7e050>,31,17,[10  2],46,78,95,32,73
1,<environment.Job instance at 0x1530bd37dbe0>,49,2,[7 1],74,95,97,21,74
1,<environment.Job instance at 0x1530bd37d5a0>,50,1,[2 7],76,95,96,19,76
1,<environment.Job instance at 0x1530bd37d5f0>,51,2,[1 6],77,96,98,19,77
1,<environment.Job instance at 0x1530bd37d410>,52,3,[8 2],78,97,100,19,78
1,<environment.Job instance at 0x1530bd37d550>,53,2,[7 1],80,100,102,20,80
1,<environment.Job instance at 0x1530bd37d690>,55,13,[8 2],82,102,115,20,94
1,<environment.Job instance at 0x1530e52f0e60>,24,2,[7 1],37,115,117,78,112
1,<environment.Job instance at 0x1530bd5ee9b0>,73,3,[6 1],110,267,270,157,267
1,<environment.Job instance at 0x1530bd5ee5a0>,70,17,[2 8],107,271,288,164,271
1,<environment.Job instance at 0x1530bd5be1e0>,2,1,[7 2],4,6,7,2,6
1,<environment.Job instance at 0x1530e59845a0>,7,2,[2 9],10,10,12,0,10
1,<environment.Job instance at 0x1530e5984be0>,8,18,[2 7],11,12,30,1,11
1,<environment.Job instance at 0x1530bd13f460>,9,3,[1 5],12,30,33,18,12
1,<environment.Job instance at 0x1530e5984af0>,10,3,[1 6],13,33,36,20,13
1,<environment.Job instance at 0x1530bd142460>,11,2,[2 6],14,36,38,22,14
1,<environment.Job instance at 0x1530bd142d20>,13,1,[ 2 10],16,38,39,22,16
1,<environment.Job instance at 0x1530bd142e60>,15,16,[5 1],19,19,35,0,19
1,<environment.Job instance at 0x1530bd142c30>,17,3,[10  2],22,39,42,17,22
1,<environment.Job instance at 0x1530bd207eb0>,18,1,[1 7],24,42,43,18,24
1,<environment.Job instance at 0x1530e5c1a4b0>,19,3,[1 6],25,43,46,18,25
1,<environment.Job instance at 0x1530c6c4f1e0>,20,2,[5 2],26,35,37,9,26
1,<environment.Job instance at 0x1530c0eb0230>,22,1,[9 2],29,42,43,13,31
1,<environment.Job instance at 0x1530c0134af0>,21,16,[8 1],28,43,59,15,32
1,<environment.Job instance at 0x1531133653c0>,26,2,[1 5],33,46,48,13,33
1,<environment.Job instance at 0x1530bea47910>,27,12,[1 9],34,48,60,14,34
1,<environment.Job instance at 0x1530c6c0a280>,28,3,[2 6],35,60,63,25,35
1,<environment.Job instance at 0x1530c26667d0>,29,3,[10  2],36,63,66,27,37
1,<environment.Job instance at 0x1530bd16f2d0>,31,2,[1 9],38,66,68,28,39
1,<environment.Job instance at 0x1530bdf5d820>,33,1,[9 1],40,59,60,19,40
1,<environment.Job instance at 0x1530bdf5d730>,34,1,[8 1],41,60,61,19,41
1,<environment.Job instance at 0x1530bdf5d320>,35,1,[1 5],42,68,69,26,43
1,<environment.Job instance at 0x1530bdf5d690>,36,3,[9 1],43,66,69,23,43
1,<environment.Job instance at 0x1530bdf5d0f0>,37,12,[9 2],44,69,81,25,53
1,<environment.Job instance at 0x1530bdf5d230>,39,12,[2 9],47,81,93,34,73
1,<environment.Job instance at 0x1530c2653f00>,16,12,[ 2 10],21,93,105,72,78
1,<environment.Job instance at 0x1530bdf87870>,53,14,[9 2],69,105,119,36,92
1,<environment.Job instance at 0x1530bdeb40f0>,61,15,[1 9],83,119,134,36,106
1,<environment.Job instance at 0x1530c6c250f0>,66,1,[6 2],91,134,135,43,106
1,<environment.Job instance at 0x1530bdf5d280>,40,15,[9 2],49,135,150,86,128
1,<environment.Job instance at 0x1530c6ba6320>,76,12,[10  1],106,150,162,44,133
1,<environment.Job instance at 0x1530c6ba61e0>,78,1,[5 2],108,162,163,54,134
1,<environment.Job instance at 0x1530c6ba6140>,79,13,[1 7],109,134,147,25,134
1,<environment.Job instance at 0x1530c1094f50>,41,15,[7 2],50,248,263,198,248
1,<environment.Job instance at 0x1530c6ba6190>,80,12,[9 2],110,428,440,318,428
1,<environment.Job instance at 0x1530c049c8c0>,2,20,[ 2 10],4,6,26,2,6
1,<environment.Job instance at 0x1530bd1b72d0>,5,3,[8 2],7,26,29,19,7
1,<environment.Job instance at 0x1530bd75cb90>,4,12,[1 5],6,26,38,20,13
1,<environment.Job instance at 0x1530c6d88190>,6,15,[7 2],8,32,47,24,32
1,<environment.Job instance at 0x1530bd05d8c0>,20,1,[6 1],33,47,48,14,33
1,<environment.Job instance at 0x1530c6d67fa0>,21,1,[7 2],34,48,49,14,34
1,<environment.Job instance at 0x1530bd042870>,22,2,[ 1 10],35,49,51,14,35
1,<environment.Job instance at 0x1530bd75ccd0>,7,13,[ 2 10],9,51,64,42,39
1,<environment.Job instance at 0x1530c595e820>,23,13,[10  2],36,64,77,28,50
1,<environment.Job instance at 0x1530c0fd8f50>,31,1,[1 8],52,77,78,25,52
1,<environment.Job instance at 0x1530c0fd8b40>,32,1,[9 1],54,77,78,23,54
1,<environment.Job instance at 0x1530c00cf3c0>,33,3,[2 7],55,78,81,23,55
1,<environment.Job instance at 0x1530c00cf050>,34,2,[ 2 10],56,81,83,25,56
1,<environment.Job instance at 0x1530c0f8a780>,37,12,[1 5],60,83,95,23,66
1,<environment.Job instance at 0x1530c00cf230>,36,13,[1 6],59,95,108,36,79
1,<environment.Job instance at 0x1530c0608730>,47,1,[8 2],73,79,80,6,79
1,<environment.Job instance at 0x1530bd745d20>,9,14,[5 2],15,153,167,138,153
1,<environment.Job instance at 0x1530c6c25820>,59,12,[5 1],86,154,166,68,154
1,<environment.Job instance at 0x1530c0f8a910>,39,16,[ 2 10],63,201,217,138,201
1,<environment.Job instance at 0x1530c6d930f0>,73,2,[2 6],110,217,219,107,201
1,<environment.Job instance at 0x1530c6d93be0>,75,17,[9 1],112,232,249,120,232
1,<environment.Job instance at 0x1530bd5f5640>,4,18,[10  1],6,6,24,0,6
1,<environment.Job instance at 0x1530bd2b2eb0>,5,3,[7 1],7,24,27,17,8
1,<environment.Job instance at 0x1530bd2b2050>,7,2,[5 1],10,27,29,17,11
1,<environment.Job instance at 0x1530bd2b2e10>,9,2,[1 5],12,24,26,12,13
1,<environment.Job instance at 0x1530bd2b2b40>,11,3,[ 2 10],15,29,32,14,16
1,<environment.Job instance at 0x1530bdeac910>,13,2,[1 9],19,27,29,8,27
1,<environment.Job instance at 0x1530c0fa7e60>,12,19,[10  1],17,35,54,18,35
1,<environment.Job instance at 0x1530e531d820>,28,3,[8 2],40,54,57,14,41
1,<environment.Job instance at 0x1530e531d280>,30,17,[5 2],42,57,74,15,47
1,<environment.Job instance at 0x1530bd157320>,36,3,[5 2],48,57,60,9,48
1,<environment.Job instance at 0x1530c0e5fc30>,37,1,[8 2],50,74,75,24,50
1,<environment.Job instance at 0x1530c7905460>,38,3,[10  2],51,75,78,24,51
1,<environment.Job instance at 0x1530bd77b1e0>,39,1,[5 2],52,60,61,8,52
1,<environment.Job instance at 0x1530bd004690>,63,12,[2 8],88,216,228,128,216
1,<environment.Job instance at 0x1530bd06caa0>,74,14,[2 9],103,228,242,125,224
1,<environment.Job instance at 0x1530bd06c870>,75,16,[2 5],104,242,258,138,241
1,<environment.Job instance at 0x1530e531d500>,31,12,[1 6],43,258,270,215,248
1,<environment.Job instance at 0x1530bdeae5a0>,17,13,[2 7],25,276,289,251,276
1,<environment.Job instance at 0x1530bcaa04b0>,1,1,[9 2],3,3,4,0,3
1,<environment.Job instance at 0x1530bd33d7d0>,5,1,[7 2],9,18,19,9,18
1,<environment.Job instance at 0x1530bd33dcd0>,8,3,[2 6],12,29,32,17,29
1,<environment.Job instance at 0x1530c78d4af0>,19,16,[1 7],30,32,48,2,31
1,<environment.Job instance at 0x1530c78829b0>,21,12,[8 1],32,32,44,0,32
1,<environment.Job instance at 0x1530c79cbc30>,22,3,[6 2],33,44,47,11,33
1,<environment.Job instance at 0x1530c3cc53c0>,23,3,[7 1],34,47,50,13,34
1,<environment.Job instance at 0x1530bd2b2fa0>,17,2,[8 2],28,50,52,22,36
1,<environment.Job instance at 0x1530c78d47d0>,24,17,[1 7],35,48,65,13,36
1,<environment.Job instance at 0x1530c018ac80>,26,1,[1 5],37,65,66,28,37
1,<environment.Job instance at 0x1530bd1259b0>,27,1,[ 1 10],39,66,67,27,39
1,<environment.Job instance at 0x1530be1ffc80>,20,13,[5 1],31,52,65,21,39
1,<environment.Job instance at 0x1530c039fb90>,34,12,[2 8],49,67,79,18,58
1,<environment.Job instance at 0x1530bded3910>,41,13,[10  2],60,79,92,19,77
1,<environment.Job instance at 0x1530c0f31870>,25,1,[8 1],36,92,93,56,87
1,<environment.Job instance at 0x1530bded39b0>,43,15,[10  2],63,94,109,31,94
1,<environment.Job instance at 0x1530c02323c0>,66,17,[1 9],91,109,126,18,99
1,<environment.Job instance at 0x1530c7979820>,72,3,[2 7],102,126,129,24,102
1,<environment.Job instance at 0x1530c79791e0>,73,2,[8 1],103,109,111,6,103
1,<environment.Job instance at 0x1530c7979a50>,75,2,[1 9],106,129,131,23,107
1,<environment.Job instance at 0x1530bd44ee60>,76,3,[1 6],107,131,134,24,107
1,<environment.Job instance at 0x1530c1012870>,77,3,[1 9],108,134,137,26,108
1,<environment.Job instance at 0x1530c1012c80>,78,2,[2 7],112,137,139,25,112
1,<environment.Job instance at 0x1530c10122d0>,79,2,[9 1],115,115,117,0,115
1,<environment.Job instance at 0x1530c1012460>,80,1,[1 8],117,139,140,22,117
1,<environment.Job instance at 0x1530c10128c0>,81,2,[9 1],118,118,120,0,118
1,<environment.Job instance at 0x1530c12de190>,53,1,[2 9],74,140,141,66,127
1,<environment.Job instance at 0x1530bea20be0>,9,27,[1 5],15,159,186,144,159
1,<environment.Job instance at 0x1530bdea3320>,3,12,[1 7],5,7,19,2,7
1,<environment.Job instance at 0x1530c3cda690>,6,1,[1 6],8,19,20,11,8
1,<environment.Job instance at 0x1530c3cda820>,7,2,[2 6],9,20,22,11,9
1,<environment.Job instance at 0x1530c3cda730>,8,17,[10  2],10,22,39,12,17
1,<environment.Job instance at 0x1530c0600190>,14,3,[1 9],21,39,42,18,22
1,<environment.Job instance at 0x1530bd4559b0>,17,2,[8 1],24,39,41,15,26
1,<environment.Job instance at 0x1530c3cda230>,5,1,[6 2],7,42,43,35,27
1,<environment.Job instance at 0x1530c0600c30>,22,12,[1 9],31,43,55,12,32
1,<environment.Job instance at 0x1530bde61410>,23,3,[1 9],32,55,58,23,32
1,<environment.Job instance at 0x1530bd4819b0>,24,18,[5 2],33,58,76,25,47
1,<environment.Job instance at 0x1530c04ae460>,30,1,[6 2],41,76,77,35,48
1,<environment.Job instance at 0x1530bcf633c0>,33,2,[2 8],45,58,60,13,48
1,<environment.Job instance at 0x1530c135f230>,34,1,[6 1],46,48,49,2,48
1,<environment.Job instance at 0x1530c7972460>,35,3,[8 2],47,77,80,30,51
1,<environment.Job instance at 0x1530c6d67cd0>,36,17,[1 8],48,60,77,12,51
1,<environment.Job instance at 0x1530c0600780>,12,14,[2 9],18,80,94,62,66
1,<environment.Job instance at 0x1530c0248f00>,55,2,[1 6],70,94,96,24,81
1,<environment.Job instance at 0x1530c0248370>,56,2,[7 2],72,94,96,22,81
1,<environment.Job instance at 0x1530c0248230>,58,17,[10  2],76,96,113,20,84
1,<environment.Job instance at 0x1530c0248820>,62,15,[7 1],80,113,128,33,101
1,<environment.Job instance at 0x1530c0558050>,45,18,[1 8],59,113,131,54,102
1,<environment.Job instance at 0x1530e5c1a5a0>,68,1,[10  1],87,131,132,44,103
1,<environment.Job instance at 0x1530e5c1af00>,69,1,[6 2],88,128,129,40,103
1,<environment.Job instance at 0x1530e5c1a870>,70,22,[10  1],90,132,154,42,126
1,<environment.Job instance at 0x1530e5c1a410>,74,1,[1 8],96,154,155,58,126
1,<environment.Job instance at 0x1530e5c1aa50>,75,1,[7 1],97,129,130,32,126
1,<environment.Job instance at 0x1530e5c1a0f0>,76,3,[5 2],98,154,157,56,128
1,<environment.Job instance at 0x1530e5c1ab90>,77,1,[10  1],99,157,158,58,129
1,<environment.Job instance at 0x1530e5c1ab40>,78,1,[ 1 10],100,158,159,58,130
1,<environment.Job instance at 0x1530c0160e60>,79,1,[2 5],101,155,156,54,130
1,<environment.Job instance at 0x1530bd34ee10>,80,2,[ 1 10],102,159,161,57,133
1,<environment.Job instance at 0x1530bd34e460>,81,2,[2 8],103,161,163,58,134
1,<environment.Job instance at 0x1530bd34eb40>,82,1,[8 2],104,161,162,57,134
1,<environment.Job instance at 0x1530bd34e5a0>,83,2,[6 1],107,162,164,55,135
1,<environment.Job instance at 0x1530bd34e320>,84,1,[5 2],110,156,157,46,135
1,<environment.Job instance at 0x1530bd34e280>,85,1,[9 2],111,164,165,53,136
1,<environment.Job instance at 0x1530bd34ecd0>,86,2,[8 2],112,165,167,53,140
1,<environment.Job instance at 0x1530bd34e640>,87,1,[6 2],113,167,168,54,140
1,<environment.Job instance at 0x1530bd34e5f0>,88,3,[ 2 10],115,168,171,53,143
1,<environment.Job instance at 0x1530c0600dc0>,11,18,[6 2],17,174,192,157,174
1,<environment.Job instance at 0x1530bd45f0f0>,21,18,[1 9],29,192,210,163,191
1,<environment.Job instance at 0x1530c04a45f0>,3,1,[8 2],4,4,5,0,4
1,<environment.Job instance at 0x1530c04a4050>,4,2,[5 1],5,5,7,0,5
1,<environment.Job instance at 0x1530c04a4fa0>,0,3,[1 8],1,6,9,5,6
1,<environment.Job instance at 0x1530c04a4aa0>,5,2,[6 1],6,7,9,1,7
1,<environment.Job instance at 0x1530bd0582d0>,9,3,[1 7],10,10,13,0,10
1,<environment.Job instance at 0x1530c0e963c0>,10,3,[2 7],11,13,16,2,11
1,<environment.Job instance at 0x1530c0ebb3c0>,11,1,[9 1],14,16,17,2,14
1,<environment.Job instance at 0x1530c3cc5e60>,8,18,[2 7],9,17,35,8,16
1,<environment.Job instance at 0x1530bd55e870>,14,2,[2 5],21,35,37,14,21
1,<environment.Job instance at 0x1530c029f460>,16,2,[2 6],24,37,39,13,25
1,<environment.Job instance at 0x1530c78da910>,17,1,[10  2],25,39,40,14,25
1,<environment.Job instance at 0x1530bda0c190>,18,18,[5 2],26,40,58,14,32
1,<environment.Job instance at 0x1530c6c86a50>,24,16,[9 1],34,58,74,24,46
1,<environment.Job instance at 0x1530c6c5b550>,30,1,[2 9],44,74,75,30,46
1,<environment.Job instance at 0x1530c6c5bb90>,31,1,[7 2],46,75,76,29,47
1,<environment.Job instance at 0x1530bd5e78c0>,47,15,[1 6],76,974,989,898,974
1,<environment.Job instance at 0x1530c6c78730>,63,17,[ 2 10],96,1231,1248,1135,1231
1,<environment.Job instance at 0x1530c6c786e0>,64,17,[5 2],98,2134,2151,2036,2134
1,<environment.Job instance at 0x1530c030c1e0>,55,16,[9 2],86,2155,2171,2069,2155
1,<environment.Job instance at 0x1530c6db6e10>,2,2,[7 1],8,8,10,0,8
1,<environment.Job instance at 0x1530c6db6f00>,5,18,[ 2 10],11,18,36,7,18
1,<environment.Job instance at 0x1530bd788460>,11,14,[2 6],19,36,50,17,22
1,<environment.Job instance at 0x1530bd7881e0>,12,2,[ 2 10],20,50,52,30,25
1,<environment.Job instance at 0x1530bd7889b0>,15,3,[ 1 10],24,52,55,28,27
1,<environment.Job instance at 0x1530bd788410>,17,1,[6 1],26,36,37,10,34
1,<environment.Job instance at 0x1530bd788320>,18,16,[2 8],27,55,71,28,43
1,<environment.Job instance at 0x1530bd7888c0>,19,3,[1 7],28,71,74,43,46
1,<environment.Job instance at 0x1530bd788190>,14,16,[5 2],23,55,71,32,54
1,<environment.Job instance at 0x1530bd613eb0>,35,18,[2 8],45,74,92,29,63
1,<environment.Job instance at 0x1530bd613870>,37,3,[7 1],47,71,74,24,63
1,<environment.Job instance at 0x1530bd613b90>,38,2,[5 1],48,74,76,26,63
1,<environment.Job instance at 0x1530bd613370>,39,14,[10  2],49,92,106,43,77
1,<environment.Job instance at 0x1530bcda10a0>,42,15,[1 7],52,106,121,54,92
1,<environment.Job instance at 0x1530bcd7dd20>,49,2,[2 7],62,121,123,59,94
1,<environment.Job instance at 0x1530bcd7d5a0>,50,2,[ 2 10],63,123,125,60,96
1,<environment.Job instance at 0x1530c03f3280>,52,3,[5 1],65,106,109,41,100
1,<environment.Job instance at 0x1530c03f3730>,53,3,[1 5],67,125,128,58,100
1,<environment.Job instance at 0x1530c03f36e0>,54,3,[1 9],68,128,131,60,102
1,<environment.Job instance at 0x1530c03f3230>,56,1,[ 2 10],71,131,132,60,103
1,<environment.Job instance at 0x1530c03f3050>,57,3,[2 5],72,125,128,53,103
1,<environment.Job instance at 0x1530c03f32d0>,58,1,[2 5],73,132,133,59,104
1,<environment.Job instance at 0x1530c03f37d0>,59,3,[8 1],74,109,112,35,104
1,<environment.Job instance at 0x1530c03f3780>,60,3,[1 9],75,133,136,58,107
1,<environment.Job instance at 0x1530c03f3fa0>,62,1,[8 2],82,112,113,30,108
1,<environment.Job instance at 0x1530bcd8dc30>,68,3,[7 1],96,113,116,17,110
1,<environment.Job instance at 0x1530bd1f83c0>,69,3,[ 2 10],97,136,139,39,110
1,<environment.Job instance at 0x1530bd1f8320>,70,3,[2 8],98,139,142,41,113
1,<environment.Job instance at 0x1530bd1f8f50>,71,2,[2 7],99,142,144,43,115
1,<environment.Job instance at 0x1530bd1f8500>,72,3,[10  2],101,144,147,43,118
1,<environment.Job instance at 0x1530bd1f8af0>,73,2,[2 7],102,147,149,45,120
1,<environment.Job instance at 0x1530bd1f8460>,74,12,[ 1 10],103,149,161,46,132
1,<environment.Job instance at 0x1530c78fd780>,84,15,[ 2 10],116,161,176,45,147
1,<environment.Job instance at 0x1530bd4d6500>,86,3,[8 1],118,176,179,58,153
1,<environment.Job instance at 0x1530bcd80c30>,87,15,[2 6],119,176,191,57,162
1,<environment.Job instance at 0x1530bd6132d0>,29,14,[6 1],39,181,195,142,181
1,<environment.Job instance at 0x1530bce28640>,1,2,[6 1],3,5,7,2,5
1,<environment.Job instance at 0x1530bcd92460>,5,15,[1 7],8,16,31,8,16
1,<environment.Job instance at 0x1530bcd80910>,12,14,[1 9],19,31,45,12,19
1,<environment.Job instance at 0x1530c7835b90>,16,1,[6 1],26,26,27,0,26
1,<environment.Job instance at 0x1530c0e7b820>,17,2,[8 1],27,27,29,0,27
1,<environment.Job instance at 0x1530bcd80c80>,4,1,[2 6],7,45,46,38,32
1,<environment.Job instance at 0x1530c12b8d70>,23,1,[1 5],38,46,47,8,38
1,<environment.Job instance at 0x1530bceeca50>,24,3,[10  1],39,47,50,8,39
1,<environment.Job instance at 0x1530bced0a50>,25,3,[2 9],41,50,53,9,41
1,<environment.Job instance at 0x1530bce9d6e0>,18,26,[9 1],32,53,79,21,50
1,<environment.Job instance at 0x1530bcd7d190>,29,17,[2 6],48,79,96,31,67
1,<environment.Job instance at 0x1530bcd7d690>,31,18,[2 9],52,96,114,44,89
1,<environment.Job instance at 0x1530bd6226e0>,21,1,[9 1],36,114,115,78,94
1,<environment.Job instance at 0x1530bd210e60>,45,1,[7 2],73,95,96,22,95
1,<environment.Job instance at 0x1530bce8ee60>,46,2,[8 1],74,96,98,22,96
1,<environment.Job instance at 0x1530c04dc820>,43,16,[8 2],70,122,138,52,122
1,<environment.Job instance at 0x1530c04d9690>,53,1,[10  2],81,138,139,57,122
1,<environment.Job instance at 0x1530c04d93c0>,54,2,[5 1],83,139,141,56,122
1,<environment.Job instance at 0x1530c04d9dc0>,55,2,[2 7],84,122,124,38,122
1,<environment.Job instance at 0x1530c04d96e0>,58,17,[9 2],91,141,158,50,139
1,<environment.Job instance at 0x1530bceab460>,68,15,[9 2],106,158,173,52,156
1,<environment.Job instance at 0x1530c04e6e10>,73,3,[2 7],115,173,176,58,156
1,<environment.Job instance at 0x1530c04e6050>,75,3,[ 1 10],117,176,179,59,156
1,<environment.Job instance at 0x1530c04e6c30>,76,2,[9 2],119,179,181,60,156
1,<environment.Job instance at 0x1530bce8ef00>,47,18,[7 2],75,311,329,236,311
1,<environment.Job instance at 0x1530bce8e9b0>,48,21,[7 1],76,370,391,294,370
1,<environment.Job instance at 0x1530c0e85820>,1,1,[6 1],3,4,5,1,4
1,<environment.Job instance at 0x1530bce8e9b0>,3,12,[2 5],6,27,39,21,27
1,<environment.Job instance at 0x1530bcf5a690>,18,3,[9 2],28,39,42,11,30
1,<environment.Job instance at 0x1530c6c18960>,20,1,[2 7],33,42,43,9,34
1,<environment.Job instance at 0x1530bd702d20>,22,15,[7 2],35,54,69,19,54
1,<environment.Job instance at 0x1530bd713e10>,38,14,[2 8],61,61,75,0,61
1,<environment.Job instance at 0x1530c6cb7820>,39,15,[1 8],62,75,90,13,70
1,<environment.Job instance at 0x1530c6cb9320>,33,13,[10  2],55,90,103,35,81
1,<environment.Job instance at 0x1530bcdbbd70>,54,2,[2 9],82,103,105,21,82
1,<environment.Job instance at 0x1530bd72f460>,55,2,[1 9],83,105,107,22,83
1,<environment.Job instance at 0x1530c03cdb40>,51,13,[5 2],77,107,120,30,91
1,<environment.Job instance at 0x1530bd72ff00>,57,16,[7 2],85,609,625,524,609
1,<environment.Job instance at 0x1530e5c275a0>,0,16,[9 1],1,5,21,4,5
1,<environment.Job instance at 0x1530e5c27690>,3,2,[2 6],6,21,23,15,6
1,<environment.Job instance at 0x1530bcc716e0>,6,2,[6 1],11,21,23,10,12
1,<environment.Job instance at 0x1530bcc71aa0>,8,3,[ 2 10],13,39,42,26,39
1,<environment.Job instance at 0x1530bcaa1a50>,17,3,[8 2],26,42,45,16,39
1,<environment.Job instance at 0x1530bd62cd70>,12,1,[9 1],19,45,46,26,39
1,<environment.Job instance at 0x1530bcc71640>,9,13,[2 8],14,46,59,32,39
1,<environment.Job instance at 0x1530bd4865f0>,24,1,[8 1],36,46,47,10,39
1,<environment.Job instance at 0x1530c02f8e60>,25,2,[ 1 10],40,59,61,19,40
1,<environment.Job instance at 0x1530c0f1beb0>,32,3,[6 2],50,50,53,0,50
1,<environment.Job instance at 0x1530c0f1b410>,33,2,[6 2],52,53,55,1,52
1,<environment.Job instance at 0x1530c0f1bb90>,31,13,[8 1],49,61,74,12,53
1,<environment.Job instance at 0x1530bcaa1500>,20,1,[5 1],30,55,56,25,54
1,<environment.Job instance at 0x1530c015f0f0>,38,1,[9 1],59,74,75,15,59
1,<environment.Job instance at 0x1530c015f320>,35,3,[6 2],56,75,78,19,60
1,<environment.Job instance at 0x1530bd355140>,43,17,[8 2],65,78,95,13,66
1,<environment.Job instance at 0x1530bd355a00>,44,1,[5 1],66,95,96,29,71
1,<environment.Job instance at 0x1530bd355e60>,47,19,[2 8],71,75,94,4,71
1,<environment.Job instance at 0x1530c7852640>,49,1,[1 5],74,74,75,0,74
1,<environment.Job instance at 0x1530c7852820>,50,16,[2 5],75,94,110,19,86
1,<environment.Job instance at 0x1530c6d2faf0>,60,3,[2 6],87,110,113,23,87
1,<environment.Job instance at 0x1530c6d2f230>,61,1,[1 5],88,96,97,8,88
1,<environment.Job instance at 0x1530c6d2f050>,62,2,[6 2],89,97,99,8,89
1,<environment.Job instance at 0x1530c6d2f2d0>,59,15,[8 2],86,99,114,13,89
1,<environment.Job instance at 0x1530bd355a50>,46,1,[9 1],70,114,115,44,100
1,<environment.Job instance at 0x1530c12f3af0>,78,1,[ 1 10],117,117,118,0,117
1,<environment.Job instance at 0x1530e5312730>,68,17,[9 2],99,320,337,221,320
1,<environment.Job instance at 0x1530bd099910>,6,3,[5 1],9,9,12,0,9
1,<environment.Job instance at 0x1530bd0992d0>,7,1,[ 1 10],10,12,13,2,10
1,<environment.Job instance at 0x1530bd0998c0>,8,3,[1 7],11,13,16,2,11
1,<environment.Job instance at 0x1530c7924640>,9,3,[5 2],13,13,16,0,13
1,<environment.Job instance at 0x1530bcaa1780>,4,14,[9 1],6,16,30,10,13
1,<environment.Job instance at 0x1530bd67bbe0>,13,2,[1 8],19,19,21,0,19
1,<environment.Job instance at 0x1530bd67be60>,17,3,[2 9],29,30,33,1,29
1,<environment.Job instance at 0x1530c6cf1d20>,24,3,[ 1 10],39,44,47,5,44
1,<environment.Job instance at 0x1530c0306730>,26,16,[10  1],41,47,63,6,45
1,<environment.Job instance at 0x1530bcf69a50>,27,15,[2 5],42,67,82,25,67
1,<environment.Job instance at 0x1530c020b870>,34,2,[ 2 10],50,82,84,32,67
1,<environment.Job instance at 0x1530c028de60>,37,1,[ 1 10],54,84,85,30,68
1,<environment.Job instance at 0x1530c028d0a0>,38,3,[2 7],56,85,88,29,68
1,<environment.Job instance at 0x1530c028dc80>,39,2,[9 1],57,88,90,31,74
1,<environment.Job instance at 0x1530c6dd8a50>,44,1,[ 2 10],68,90,91,22,80
1,<environment.Job instance at 0x1530bf6b5d70>,48,3,[2 5],73,91,94,18,80
1,<environment.Job instance at 0x1530bd455d70>,49,15,[6 1],75,91,106,16,85
1,<environment.Job instance at 0x1530bcdd34b0>,51,17,[1 8],78,116,133,38,116
1,<environment.Job instance at 0x1530c7852cd0>,59,1,[1 5],93,204,205,111,204
1,<environment.Job instance at 0x1530bd1274b0>,69,16,[1 5],112,578,594,466,578
1,<environment.Job instance at 0x1530bd127820>,68,17,[2 9],111,2089,2106,1978,2089
1,<environment.Job instance at 0x1530c6ccedc0>,1,3,[ 1 10],5,5,8,0,5
1,<environment.Job instance at 0x1530c0e932d0>,3,2,[1 9],7,8,10,1,7
1,<environment.Job instance at 0x1530c0e93730>,5,3,[1 8],10,10,13,0,10
1,<environment.Job instance at 0x1530c04228c0>,11,2,[ 1 10],18,18,20,0,18
1,<environment.Job instance at 0x1530c0422c80>,12,1,[6 1],19,20,21,1,19
1,<environment.Job instance at 0x1530c0422910>,13,2,[7 1],20,21,23,1,20
1,<environment.Job instance at 0x1530c0422c30>,14,1,[10  1],21,23,24,2,21
1,<environment.Job instance at 0x1530c595b280>,15,3,[1 8],22,24,27,2,22
1,<environment.Job instance at 0x1530e52e6230>,16,3,[1 5],27,27,30,0,27
1,<environment.Job instance at 0x1530c6ceea00>,22,3,[5 2],35,35,38,0,35
1,<environment.Job instance at 0x1530bdf16e10>,27,1,[2 5],42,68,69,26,68
1,<environment.Job instance at 0x1530c0422730>,17,18,[ 2 10],28,71,89,43,71
1,<environment.Job instance at 0x1530bd2157d0>,60,3,[1 8],88,217,220,129,217
1,<environment.Job instance at 0x1530c6ba6190>,29,14,[6 2],44,309,323,265,309
1,<environment.Job instance at 0x1530bd215cd0>,65,13,[ 1 10],94,323,336,229,309
1,<environment.Job instance at 0x1530c036d230>,32,13,[2 8],49,336,349,287,335
1,<environment.Job instance at 0x1530bd2152d0>,66,2,[8 2],95,342,344,247,342
1,<environment.Job instance at 0x1530bcc22be0>,80,17,[7 2],119,550,567,431,550
1,<environment.Job instance at 0x1530bd0c7f50>,4,15,[6 1],10,38,53,28,38
1,<environment.Job instance at 0x1530c79384b0>,7,3,[8 2],13,53,56,40,49
1,<environment.Job instance at 0x1530c7938820>,8,2,[2 9],15,50,52,35,50
1,<environment.Job instance at 0x1530c7938460>,6,16,[1 5],12,52,68,40,51
1,<environment.Job instance at 0x1530c7938f00>,12,3,[2 5],20,56,59,36,52
1,<environment.Job instance at 0x1530c79385a0>,17,1,[8 2],26,73,74,47,73
1,<environment.Job instance at 0x1530c79380a0>,18,1,[8 1],27,74,75,47,73
1,<environment.Job instance at 0x1530bd0c7780>,2,15,[2 9],7,74,89,67,73
1,<environment.Job instance at 0x1530c00fe910>,22,3,[8 1],36,75,78,39,73
1,<environment.Job instance at 0x1530bde745f0>,23,14,[9 2],37,89,103,52,74
1,<environment.Job instance at 0x1530bde503c0>,28,2,[1 5],42,89,91,47,75
1,<environment.Job instance at 0x1530bde5bc80>,29,13,[ 2 10],43,103,116,60,92
1,<environment.Job instance at 0x1530c12cdfa0>,37,1,[1 5],56,102,103,46,102
1,<environment.Job instance at 0x1530c12cd5a0>,38,3,[ 2 10],57,116,119,59,102
1,<environment.Job instance at 0x1530c12cd370>,39,3,[2 9],58,119,122,61,102
1,<environment.Job instance at 0x1530bde5ba00>,34,16,[5 2],52,126,142,74,126
1,<environment.Job instance at 0x1530bcd23410>,44,3,[6 2],66,142,145,76,136
1,<environment.Job instance at 0x1530c0162d20>,57,14,[2 6],84,201,215,117,201
1,<environment.Job instance at 0x1530bd693dc0>,66,3,[ 1 10],95,215,218,120,201
1,<environment.Job instance at 0x1530bca34550>,68,3,[8 2],98,201,204,103,201
1,<environment.Job instance at 0x1530bca34a50>,69,3,[6 2],99,204,207,105,201
1,<environment.Job instance at 0x1530bcdbc8c0>,73,15,[9 1],103,218,233,115,204
1,<environment.Job instance at 0x1530c78c9690>,76,3,[1 6],106,218,221,112,205
1,<environment.Job instance at 0x1530e6034640>,77,2,[10  1],107,233,235,126,206
1,<environment.Job instance at 0x1530c78c9d20>,78,2,[6 1],109,207,209,98,206
1,<environment.Job instance at 0x1530c78c99b0>,79,1,[2 8],110,235,236,125,207
1,<environment.Job instance at 0x1530bda0c370>,80,2,[6 1],111,209,211,98,207
1,<environment.Job instance at 0x1530bcd23230>,43,14,[7 2],63,247,261,184,247
1,<environment.Job instance at 0x1530c79386e0>,9,26,[1 9],16,293,319,277,293
1,<environment.Job instance at 0x1530c03e65f0>,2,1,[ 2 10],5,6,7,1,6
1,<environment.Job instance at 0x1530c03e6050>,4,2,[9 1],8,8,10,0,8
1,<environment.Job instance at 0x1530c03e6910>,6,16,[8 1],12,13,29,1,13
1,<environment.Job instance at 0x1530c03df0a0>,13,3,[7 1],25,29,32,4,25
1,<environment.Job instance at 0x1530c03dfc30>,14,3,[2 6],26,26,29,0,26
1,<environment.Job instance at 0x1530c03dfa00>,15,3,[2 9],27,29,32,2,27
1,<environment.Job instance at 0x1530c03df690>,16,2,[8 1],28,32,34,4,28
1,<environment.Job instance at 0x1530c03e3eb0>,17,13,[10  1],30,34,47,4,30
1,<environment.Job instance at 0x1530c03e3140>,18,3,[8 1],31,47,50,16,31
1,<environment.Job instance at 0x1530c03e3e10>,19,2,[2 6],36,47,49,11,36
1,<environment.Job instance at 0x1530c03e3410>,20,3,[10  1],37,50,53,13,37
1,<environment.Job instance at 0x1530c03e3c30>,21,3,[1 8],39,53,56,14,39
1,<environment.Job instance at 0x1530c03e3af0>,22,2,[5 2],41,53,55,12,41
1,<environment.Job instance at 0x1530c03e3460>,23,1,[2 7],43,49,50,6,43
1,<environment.Job instance at 0x1530bcaea320>,24,1,[2 9],44,56,57,12,44
1,<environment.Job instance at 0x1530bcaea8c0>,25,3,[ 2 10],45,57,60,12,45
1,<environment.Job instance at 0x1530bcaea370>,26,2,[6 1],46,55,57,9,46
1,<environment.Job instance at 0x1530bcaea7d0>,27,1,[8 1],49,60,61,11,49
1,<environment.Job instance at 0x1530bcf5ed70>,28,12,[7 1],50,61,73,11,50
1,<environment.Job instance at 0x1530c03e6eb0>,8,16,[2 8],15,60,76,45,58
1,<environment.Job instance at 0x1530bcf5ed20>,37,3,[2 7],60,76,79,16,60
1,<environment.Job instance at 0x1530bcf5ef00>,38,3,[9 2],61,79,82,18,61
1,<environment.Job instance at 0x1530bcc54a50>,39,12,[5 1],62,82,94,20,66
1,<environment.Job instance at 0x1530bcc54f50>,42,2,[2 7],67,82,84,15,67
1,<environment.Job instance at 0x1530bcc54410>,43,2,[8 1],68,73,75,5,68
1,<environment.Job instance at 0x1530bcc542d0>,44,2,[9 1],70,94,96,24,70
1,<environment.Job instance at 0x1530bcc54aa0>,45,3,[6 1],71,75,78,4,73
1,<environment.Job instance at 0x1530c03d3e10>,54,2,[1 6],84,97,99,13,97
1,<environment.Job instance at 0x1530c03d3cd0>,56,3,[7 1],89,136,139,47,136
1,<environment.Job instance at 0x1530bcf14e10>,59,3,[8 1],93,139,142,46,136
1,<environment.Job instance at 0x1530bcf14a00>,60,15,[2 5],95,136,151,41,136
1,<environment.Job instance at 0x1530bcf145a0>,61,1,[9 1],96,151,152,55,136
1,<environment.Job instance at 0x1530bcf5eeb0>,32,16,[8 2],54,230,246,176,230
1,<environment.Job instance at 0x1530bcf14b40>,62,15,[10  2],97,1462,1477,1365,1462
1,<environment.Job instance at 0x14567ecc8af0>,2,18,[ 1 10],5,5,23,0,5
1,<environment.Job instance at 0x14567ecc8960>,3,2,[1 7],6,23,25,17,6
1,<environment.Job instance at 0x1456297ce4b0>,4,2,[6 1],7,23,25,16,7
1,<environment.Job instance at 0x1456297ce820>,5,3,[9 1],8,25,28,17,8
1,<environment.Job instance at 0x14567ecc8b90>,1,2,[2 5],4,28,30,24,8
1,<environment.Job instance at 0x1456297ec4b0>,8,13,[ 2 10],11,30,43,19,16
1,<environment.Job instance at 0x1456293088c0>,7,3,[5 1],10,43,46,33,17
1,<environment.Job instance at 0x14562981c910>,14,1,[1 7],18,25,26,7,18
1,<environment.Job instance at 0x1456298205a0>,16,17,[1 7],22,43,60,21,32
1,<environment.Job instance at 0x145629827910>,15,14,[6 2],20,46,60,26,43
1,<environment.Job instance at 0x1456290a6c80>,30,3,[1 8],41,60,63,19,43
1,<environment.Job instance at 0x1456290a67d0>,31,3,[8 1],42,60,63,18,43
1,<environment.Job instance at 0x1456290a69b0>,32,16,[9 1],43,63,79,20,50
1,<environment.Job instance at 0x1456297c8640>,35,3,[10  2],47,79,82,32,53
1,<environment.Job instance at 0x1456297db230>,36,3,[1 6],48,63,66,15,53
1,<environment.Job instance at 0x1456297c8eb0>,37,2,[2 7],49,82,84,33,55
1,<environment.Job instance at 0x145629322e10>,38,2,[8 2],50,82,84,32,55
1,<environment.Job instance at 0x1456297da230>,17,3,[6 1],23,84,87,61,62
1,<environment.Job instance at 0x145629321dc0>,49,1,[ 1 10],67,87,88,20,67
1,<environment.Job instance at 0x145629322140>,39,14,[2 5],51,88,102,37,75
1,<environment.Job instance at 0x14562930cc30>,54,2,[10  1],74,102,104,28,75
1,<environment.Job instance at 0x14562930c460>,55,2,[2 7],75,84,86,9,75
1,<environment.Job instance at 0x1456293210a0>,48,15,[ 2 10],61,104,119,43,93
1,<environment.Job instance at 0x1456290af640>,65,2,[2 7],93,119,121,26,94
1,<environment.Job instance at 0x1456290afb90>,68,1,[1 5],98,98,99,0,98
1,<environment.Job instance at 0x145629318730>,51,16,[10  1],69,121,137,52,110
1,<environment.Job instance at 0x1456290b5550>,76,3,[2 8],111,137,140,26,111
1,<environment.Job instance at 0x1456290b54b0>,77,2,[10  2],113,140,142,27,113
1,<environment.Job instance at 0x1456290b5690>,78,3,[8 1],117,137,140,20,117
1,<environment.Job instance at 0x1456290b5820>,79,3,[10  1],119,142,145,23,119
1,<environment.Job instance at 0x1456290b59b0>,80,3,[9 2],120,145,148,25,120
1,<environment.Job instance at 0x1456290b5c30>,81,12,[1 7],121,145,157,24,128
1,<environment.Job instance at 0x1456290b5cd0>,82,16,[1 7],122,157,173,35,154
1,<environment.Job instance at 0x1456290b5f50>,84,18,[2 5],124,201,219,77,201
1,<environment.Job instance at 0x1456290c8e10>,2,1,[5 2],4,4,5,0,4
1,<environment.Job instance at 0x1456290c8f50>,3,16,[1 9],6,6,22,0,6
1,<environment.Job instance at 0x14562931eb90>,4,18,[1 5],7,22,40,15,11
1,<environment.Job instance at 0x14563256f280>,7,1,[2 5],13,22,23,9,15
1,<environment.Job instance at 0x14563256f910>,10,3,[2 9],18,40,43,22,18
1,<environment.Job instance at 0x14563256f0a0>,9,2,[9 1],16,18,20,2,18
1,<environment.Job instance at 0x1456297b4960>,0,15,[6 2],2,23,38,21,18
1,<environment.Job instance at 0x1456325bbc80>,13,1,[1 8],24,43,44,19,27
1,<environment.Job instance at 0x14565c0574b0>,16,1,[9 2],29,38,39,9,31
1,<environment.Job instance at 0x1456325bb5a0>,18,2,[7 2],31,43,45,12,32
1,<environment.Job instance at 0x145632605500>,19,3,[1 7],32,44,47,12,32
1,<environment.Job instance at 0x1456326054b0>,21,3,[1 5],34,47,50,13,34
1,<environment.Job instance at 0x145632605370>,22,15,[1 5],35,47,62,12,42
1,<environment.Job instance at 0x1456328cf1e0>,27,3,[10  2],45,62,65,17,45
1,<environment.Job instance at 0x1456325c8fa0>,17,14,[5 1],30,65,79,35,53
1,<environment.Job instance at 0x1456325df3c0>,35,1,[1 8],55,65,66,10,56
1,<environment.Job instance at 0x1456325d38c0>,36,1,[1 9],56,66,67,10,56
1,<environment.Job instance at 0x1456325d35a0>,37,3,[ 1 10],57,79,82,22,57
1,<environment.Job instance at 0x1456325bc9b0>,28,16,[6 1],47,82,98,35,70
1,<environment.Job instance at 0x145633143820>,43,3,[1 8],64,70,73,6,70
1,<environment.Job instance at 0x1456325e41e0>,40,3,[6 2],61,98,101,37,93
1,<environment.Job instance at 0x145633143e10>,44,18,[ 2 10],66,101,119,35,93
1,<environment.Job instance at 0x14563319e2d0>,52,3,[2 6],75,93,96,18,93
1,<environment.Job instance at 0x1456326c5dc0>,53,18,[ 1 10],87,119,137,32,109
1,<environment.Job instance at 0x1456326c5960>,62,15,[7 2],99,137,152,38,130
1,<environment.Job instance at 0x145632526fa0>,70,18,[2 8],109,137,155,28,130
1,<environment.Job instance at 0x145632533a00>,76,3,[9 1],119,155,158,36,130
1,<environment.Job instance at 0x14565c05f500>,78,3,[10  1],121,158,161,37,132
1,<environment.Job instance at 0x14565c05fe60>,79,2,[1 5],122,155,157,33,132
1,<environment.Job instance at 0x14565c05f550>,80,15,[ 1 10],125,161,176,36,147
1,<environment.Job instance at 0x14565c05fa50>,82,1,[7 1],129,152,153,23,147
1,<environment.Job instance at 0x14563319ee10>,51,12,[2 6],74,176,188,102,159
1,<environment.Job instance at 0x1456325f0d70>,29,12,[10  2],49,188,200,139,173
1,<environment.Job instance at 0x14565c053280>,1,1,[1 6],2,2,3,0,2
1,<environment.Job instance at 0x1456289891e0>,2,3,[10  2],3,4,7,1,4
1,<environment.Job instance at 0x1456325fc0a0>,5,3,[1 8],7,7,10,0,7
1,<environment.Job instance at 0x1456289274b0>,7,2,[2 7],11,11,13,0,11
1,<environment.Job instance at 0x145628927cd0>,8,3,[ 2 10],13,13,16,0,13
1,<environment.Job instance at 0x145628b037d0>,0,2,[1 8],1,16,18,15,14
1,<environment.Job instance at 0x145628a38fa0>,14,1,[7 2],20,22,23,2,22
1,<environment.Job instance at 0x145628a38aa0>,15,3,[8 2],22,23,26,1,22
1,<environment.Job instance at 0x14562b9e1b40>,18,14,[ 1 10],26,26,40,0,26
1,<environment.Job instance at 0x14562c736aa0>,17,2,[2 5],25,40,42,15,26
1,<environment.Job instance at 0x14562af711e0>,20,3,[2 5],28,40,43,12,29
1,<environment.Job instance at 0x145628a387d0>,21,14,[2 5],29,42,56,13,29
1,<environment.Job instance at 0x145628a5da00>,22,2,[7 1],30,43,45,13,42
1,<environment.Job instance at 0x1456289b5140>,27,17,[10  1],35,56,73,21,46
1,<environment.Job instance at 0x14562896a780>,35,1,[6 2],48,48,49,0,48
1,<environment.Job instance at 0x14562896a140>,36,15,[2 7],49,73,88,24,60
1,<environment.Job instance at 0x145628981f50>,47,2,[10  2],63,88,90,25,63
1,<environment.Job instance at 0x145628981320>,48,3,[2 6],64,90,93,26,64
1,<environment.Job instance at 0x145628981a00>,49,2,[7 2],66,73,75,7,66
1,<environment.Job instance at 0x145628e52140>,50,1,[9 1],68,93,94,25,68
1,<environment.Job instance at 0x145628e52eb0>,51,3,[1 9],69,93,96,24,69
1,<environment.Job instance at 0x1456289500a0>,53,2,[6 2],71,75,77,4,72
1,<environment.Job instance at 0x145628b07d70>,56,2,[10  2],76,96,98,20,76
1,<environment.Job instance at 0x145628a5e0f0>,63,2,[8 1],83,83,85,0,83
1,<environment.Job instance at 0x145628a5e690>,64,14,[ 2 10],84,98,112,14,85
1,<environment.Job instance at 0x145628a5eb90>,67,3,[10  1],87,112,115,25,87
1,<environment.Job instance at 0x14562896af00>,39,14,[ 2 10],52,115,129,63,102
1,<environment.Job instance at 0x1456289b5a50>,33,18,[6 2],43,129,147,86,120
1,<environment.Job instance at 0x145628a47960>,85,2,[10  1],118,147,149,29,120
1,<environment.Job instance at 0x145628a47550>,84,16,[1 7],117,904,920,787,904
1,<environment.Job instance at 0x1456289b53c0>,28,17,[1 9],36,1179,1196,1143,1179
1,<environment.Job instance at 0x145628a47af0>,92,18,[1 8],127,1196,1214,1069,1196
1,<environment.Job instance at 0x1456290a60f0>,1,1,[6 1],2,3,4,1,3
1,<environment.Job instance at 0x14562be690f0>,6,2,[7 1],12,13,15,1,13
1,<environment.Job instance at 0x145629303690>,7,1,[1 8],14,14,15,0,14
1,<environment.Job instance at 0x14565c0eb2d0>,9,3,[1 5],16,16,19,0,16
1,<environment.Job instance at 0x14565c0ebe10>,8,3,[10  2],15,19,22,4,18
1,<environment.Job instance at 0x14562bcf37d0>,11,3,[7 2],20,22,25,2,20
1,<environment.Job instance at 0x14562c820a00>,12,1,[2 8],21,22,23,1,21
1,<environment.Job instance at 0x14562be630f0>,13,1,[5 2],22,25,26,3,22
1,<environment.Job instance at 0x14562be63050>,14,3,[10  2],24,26,29,2,24
1,<environment.Job instance at 0x14562be63190>,15,3,[8 1],25,29,32,4,25
1,<environment.Job instance at 0x14562be63f50>,16,3,[5 1],27,32,35,5,28
1,<environment.Job instance at 0x14562be63780>,17,13,[5 1],29,35,48,6,35
1,<environment.Job instance at 0x145628a5e140>,23,3,[1 7],36,36,39,0,36
1,<environment.Job instance at 0x145628a5e0a0>,24,18,[1 8],37,39,57,2,37
1,<environment.Job instance at 0x145628a5ed20>,25,2,[8 2],39,48,50,9,39
1,<environment.Job instance at 0x14562be63820>,18,1,[1 7],30,57,58,27,47
1,<environment.Job instance at 0x145628a5ee10>,26,15,[10  2],40,58,73,18,49
1,<environment.Job instance at 0x145628a5d870>,34,2,[2 8],53,73,75,20,53
1,<environment.Job instance at 0x14562c820b40>,10,15,[10  1],18,75,90,57,61
1,<environment.Job instance at 0x14562df6a7d0>,42,2,[5 2],62,73,75,11,62
1,<environment.Job instance at 0x14562c89bf50>,43,2,[2 7],63,90,92,27,63
1,<environment.Job instance at 0x14567c026af0>,44,3,[1 8],64,92,95,28,66
1,<environment.Job instance at 0x14562892f0a0>,35,17,[10  2],54,95,112,41,83
1,<environment.Job instance at 0x1456297358c0>,57,1,[7 1],83,90,91,7,83
1,<environment.Job instance at 0x1456331b9960>,58,2,[2 5],84,112,114,28,85
1,<environment.Job instance at 0x1456331b9690>,59,1,[5 2],85,91,92,6,85
1,<environment.Job instance at 0x1456331b9780>,60,14,[10  2],86,114,128,28,100
1,<environment.Job instance at 0x1456324b2e10>,71,2,[2 6],101,128,130,27,101
1,<environment.Job instance at 0x1456324b26e0>,72,1,[7 1],102,112,113,10,102
1,<environment.Job instance at 0x1456298422d0>,74,3,[ 2 10],104,130,133,26,107
1,<environment.Job instance at 0x145629842a00>,75,1,[1 7],105,133,134,28,107
1,<environment.Job instance at 0x14562cbacf50>,76,18,[2 7],109,134,152,25,123
1,<environment.Job instance at 0x14562cbac9b0>,77,12,[8 2],110,133,145,23,126
1,<environment.Job instance at 0x145629ae63c0>,87,2,[2 9],124,152,154,28,126
1,<environment.Job instance at 0x145628981640>,30,22,[7 2],45,158,180,113,158
1,<environment.Job instance at 0x145629ade7d0>,89,14,[9 2],128,260,274,132,260
1,<environment.Job instance at 0x145629842730>,3,1,[2 8],7,7,8,0,7
1,<environment.Job instance at 0x14565c133730>,2,2,[10  1],6,9,11,3,9
1,<environment.Job instance at 0x14562ba10f50>,4,2,[7 2],10,11,13,1,10
1,<environment.Job instance at 0x14565c133640>,0,12,[10  1],1,13,25,12,10
1,<environment.Job instance at 0x145629842780>,5,14,[10  1],11,25,39,14,12
1,<environment.Job instance at 0x14562ba103c0>,7,1,[2 9],14,39,40,25,14
1,<environment.Job instance at 0x14562ba10b40>,9,2,[9 2],18,40,42,22,18
1,<environment.Job instance at 0x14562ba31500>,10,2,[6 1],19,42,44,23,19
1,<environment.Job instance at 0x14562ba31550>,11,3,[ 1 10],20,44,47,24,20
1,<environment.Job instance at 0x14562ba31af0>,12,1,[7 1],21,39,40,18,21
1,<environment.Job instance at 0x14562ba31d20>,15,3,[6 2],24,47,50,23,24
1,<environment.Job instance at 0x14562ba0d3c0>,18,1,[2 8],28,42,43,14,28
1,<environment.Job instance at 0x14562ba0d7d0>,19,1,[6 1],30,50,51,20,37
1,<environment.Job instance at 0x14562bdf4500>,27,18,[2 8],44,47,65,3,44
1,<environment.Job instance at 0x14562bdf4140>,28,2,[1 9],46,65,67,19,46
1,<environment.Job instance at 0x14562bdf4780>,30,3,[ 1 10],48,67,70,19,48
1,<environment.Job instance at 0x14562bdf40f0>,31,2,[1 5],49,70,72,21,49
1,<environment.Job instance at 0x14562bdf4dc0>,26,3,[2 7],43,72,75,29,50
1,<environment.Job instance at 0x14562beb2c80>,33,14,[9 2],54,75,89,21,60
1,<environment.Job instance at 0x14562bdb05a0>,37,2,[2 5],62,70,72,8,62
1,<environment.Job instance at 0x14562bdb0690>,41,1,[1 7],68,75,76,7,68
1,<environment.Job instance at 0x14562bdb0c80>,42,3,[8 1],70,89,92,19,73
1,<environment.Job instance at 0x14562bdb0410>,38,16,[ 2 10],63,92,108,29,79
1,<environment.Job instance at 0x14562bdb0230>,45,12,[2 7],76,108,120,32,91
1,<environment.Job instance at 0x14562bdb0370>,46,1,[1 9],77,91,92,14,91
1,<environment.Job instance at 0x14562bdb0140>,47,3,[ 1 10],78,120,123,42,94
1,<environment.Job instance at 0x14562c90feb0>,48,3,[ 1 10],80,123,126,43,97
1,<environment.Job instance at 0x14562bdb0500>,49,2,[8 2],81,108,110,27,97
1,<environment.Job instance at 0x14562c90fd20>,50,1,[1 5],82,126,127,44,98
1,<environment.Job instance at 0x14562c90f190>,51,2,[8 1],83,110,112,27,98
1,<environment.Job instance at 0x14562c90f960>,52,1,[5 2],85,112,113,27,98
1,<environment.Job instance at 0x14562bdb0640>,44,13,[1 9],74,127,140,53,114
1,<environment.Job instance at 0x14562c94a280>,62,3,[2 6],100,140,143,40,121
1,<environment.Job instance at 0x14562ba2b230>,66,2,[2 7],105,143,145,38,123
1,<environment.Job instance at 0x14562beb2550>,32,17,[2 5],53,145,162,92,133
1,<environment.Job instance at 0x14562ba2bb90>,73,2,[7 1],117,133,135,16,133
1,<environment.Job instance at 0x14562ba2bcd0>,74,3,[1 8],119,162,165,43,136
1,<environment.Job instance at 0x1456297332d0>,75,1,[6 1],120,136,137,16,136
1,<environment.Job instance at 0x145629733320>,76,2,[2 9],122,165,167,43,138
1,<environment.Job instance at 0x145629733d70>,77,16,[1 8],123,167,183,44,154
1,<environment.Job instance at 0x14562bdd7230>,64,16,[10  2],102,251,267,149,251
1,<environment.Job instance at 0x14562ba2bdc0>,68,15,[8 1],109,267,282,158,257
1,<environment.Job instance at 0x1456289b1690>,0,1,[1 5],2,2,3,0,2
1,<environment.Job instance at 0x14565d909fa0>,4,3,[8 1],7,7,10,0,7
1,<environment.Job instance at 0x1456324bec80>,7,1,[2 9],11,11,12,0,11
1,<environment.Job instance at 0x1456324be550>,9,2,[1 7],15,15,17,0,15
1,<environment.Job instance at 0x1456324be640>,11,2,[1 9],17,17,19,0,17
1,<environment.Job instance at 0x14565cbdbaf0>,12,16,[2 5],18,23,39,5,23
1,<environment.Job instance at 0x14565cbdbd70>,15,2,[7 1],24,24,26,0,24
1,<environment.Job instance at 0x14565cbdb320>,16,1,[2 7],26,39,40,13,26
1,<environment.Job instance at 0x14565cbdb1e0>,17,2,[1 6],27,40,42,13,27
1,<environment.Job instance at 0x14565cbdbd20>,18,3,[8 2],28,28,31,0,28
1,<environment.Job instance at 0x14562f5c1d70>,19,2,[7 1],30,31,33,1,30
1,<environment.Job instance at 0x14562f5c1be0>,20,18,[7 1],31,33,51,2,31
1,<environment.Job instance at 0x14562f5c1410>,21,13,[8 2],32,51,64,19,35
1,<environment.Job instance at 0x14562cc4d0f0>,24,1,[10  1],39,64,65,25,39
1,<environment.Job instance at 0x14562cc4dc30>,28,2,[8 2],44,65,67,21,48
1,<environment.Job instance at 0x14562cc4daa0>,29,1,[1 7],45,48,49,3,48
1,<environment.Job instance at 0x14562cbb4af0>,30,3,[2 9],46,67,70,21,48
1,<environment.Job instance at 0x14562cc4dc80>,26,3,[1 7],41,70,73,29,63
1,<environment.Job instance at 0x145628de0fa0>,35,3,[8 1],56,79,82,23,79
1,<environment.Job instance at 0x145628de0550>,37,3,[1 9],58,79,82,21,79
1,<environment.Job instance at 0x14562cbb4780>,38,3,[9 1],59,82,85,23,80
1,<environment.Job instance at 0x14562981c910>,39,3,[6 1],60,85,88,25,80
1,<environment.Job instance at 0x14562981c6e0>,40,3,[1 8],62,82,85,20,81
1,<environment.Job instance at 0x14562981cf00>,41,2,[5 1],63,88,90,25,81
1,<environment.Job instance at 0x145632682c30>,42,2,[2 9],64,85,87,21,81
1,<environment.Job instance at 0x145632682500>,43,2,[2 8],65,87,89,22,82
1,<environment.Job instance at 0x145632682a00>,44,1,[2 6],67,89,90,22,84
1,<environment.Job instance at 0x145632682be0>,45,3,[10  2],70,90,93,20,84
1,<environment.Job instance at 0x1456326820a0>,46,2,[8 1],71,93,95,22,85
1,<environment.Job instance at 0x1456326825a0>,47,1,[2 9],73,93,94,20,85
1,<environment.Job instance at 0x145632682460>,49,3,[2 7],76,94,97,18,85
1,<environment.Job instance at 0x1456326094b0>,53,2,[2 9],80,97,99,17,94
1,<environment.Job instance at 0x14563319e370>,56,3,[1 6],83,129,132,46,129
1,<environment.Job instance at 0x1456325e4d20>,58,1,[9 1],85,148,149,63,148
1,<environment.Job instance at 0x1456325e4d70>,59,1,[ 2 10],86,149,150,63,148
1,<environment.Job instance at 0x14567ebf90a0>,60,2,[1 8],88,150,152,62,148
1,<environment.Job instance at 0x1456325e4eb0>,62,12,[ 2 10],91,152,164,61,148
1,<environment.Job instance at 0x14565c032c30>,63,3,[10  2],92,164,167,72,148
1,<environment.Job instance at 0x14565c032140>,64,1,[1 7],94,148,149,54,148
1,<environment.Job instance at 0x14565c032be0>,65,3,[1 6],95,167,170,72,148
1,<environment.Job instance at 0x14565c0325a0>,66,2,[5 2],96,150,152,54,148
1,<environment.Job instance at 0x14565c032230>,67,16,[8 1],98,167,183,69,156
1,<environment.Job instance at 0x14565c0320a0>,73,12,[1 9],104,170,182,66,161
1,<environment.Job instance at 0x14565c032410>,74,3,[2 6],105,182,185,77,161
1,<environment.Job instance at 0x14565c032050>,75,3,[10  2],106,185,188,79,161
1,<environment.Job instance at 0x14565c032500>,77,2,[1 9],108,188,190,80,165
1,<environment.Job instance at 0x14565c032b40>,78,2,[10  1],109,190,192,81,167
1,<environment.Job instance at 0x145628b6f820>,84,3,[8 2],116,192,195,76,171
1,<environment.Job instance at 0x145628b6fd20>,83,12,[9 2],114,195,207,81,178
1,<environment.Job instance at 0x14562be40780>,88,1,[7 2],121,183,184,62,178
1,<environment.Job instance at 0x145628b8d280>,90,1,[ 1 10],123,207,208,84,186
1,<environment.Job instance at 0x1456288a6a00>,89,12,[8 2],122,208,220,86,191
1,<environment.Job instance at 0x145628b6f140>,91,2,[2 6],124,208,210,84,201
1,<environment.Job instance at 0x14567c02d230>,94,16,[6 1],128,220,236,92,208
1,<environment.Job instance at 0x145628add8c0>,1,3,[10  2],5,6,9,1,6
1,<environment.Job instance at 0x14565d91fb40>,2,1,[7 1],7,9,10,2,7
1,<environment.Job instance at 0x14562bafec30>,5,1,[2 7],11,11,12,0,11
1,<environment.Job instance at 0x14565c032e60>,6,2,[10  2],12,23,25,11,23
1,<environment.Job instance at 0x145628addcd0>,3,14,[1 5],8,25,39,17,23
1,<environment.Job instance at 0x14562cbcec30>,13,2,[ 1 10],25,39,41,14,25
1,<environment.Job instance at 0x145632686aa0>,14,3,[5 1],26,26,29,0,26
1,<environment.Job instance at 0x14562c92fa00>,15,2,[5 2],27,29,31,2,27
1,<environment.Job instance at 0x14562cbcec80>,11,18,[1 9],21,41,59,20,34
1,<environment.Job instance at 0x14562c7d5500>,24,1,[ 2 10],42,59,60,17,43
1,<environment.Job instance at 0x14562cbb84b0>,21,2,[10  2],37,60,62,23,45
1,<environment.Job instance at 0x1456289b0960>,4,14,[9 2],9,62,76,53,50
1,<environment.Job instance at 0x145629877320>,32,16,[1 6],51,62,78,11,53
1,<environment.Job instance at 0x1456331dbaa0>,34,3,[6 2],54,76,79,22,54
1,<environment.Job instance at 0x14562c76b910>,36,3,[6 1],57,79,82,22,57
1,<environment.Job instance at 0x14562c76bb40>,37,1,[ 1 10],58,82,83,24,58
1,<environment.Job instance at 0x14562c76b1e0>,38,1,[8 2],60,83,84,23,60
1,<environment.Job instance at 0x14562c76b370>,39,2,[2 7],61,78,80,17,61
1,<environment.Job instance at 0x145628e1ceb0>,40,12,[2 7],63,83,95,20,66
1,<environment.Job instance at 0x145628e1c370>,42,15,[2 9],65,95,110,30,81
1,<environment.Job instance at 0x145628e1c640>,46,13,[ 2 10],69,110,123,41,94
1,<environment.Job instance at 0x145629804370>,49,12,[8 2],77,123,135,46,106
1,<environment.Job instance at 0x1456288f2460>,51,3,[2 8],79,123,126,44,106
1,<environment.Job instance at 0x1456288f2f50>,52,2,[1 9],81,135,137,54,108
1,<environment.Job instance at 0x1456288f2e10>,56,2,[7 1],86,108,110,22,108
1,<environment.Job instance at 0x1456288f2820>,59,1,[6 1],93,135,136,42,109
1,<environment.Job instance at 0x1456288f2a50>,60,1,[7 2],94,137,138,43,109
1,<environment.Job instance at 0x1456288f2c80>,61,2,[ 1 10],95,138,140,43,111
1,<environment.Job instance at 0x1456288f20a0>,62,13,[10  2],96,140,153,44,128
1,<environment.Job instance at 0x145628e1cc30>,41,20,[ 2 10],64,202,222,138,202
1,<environment.Job instance at 0x1456328e55f0>,76,12,[1 5],120,259,271,139,259
1,<environment.Job instance at 0x145629843dc0>,1,2,[8 2],2,3,5,1,3
1,<environment.Job instance at 0x1456328e5c30>,4,2,[1 7],5,5,7,0,5
1,<environment.Job instance at 0x1456289434b0>,5,18,[8 1],6,8,26,2,8
1,<environment.Job instance at 0x145628920f00>,8,3,[10  1],9,26,29,17,10
1,<environment.Job instance at 0x1456326ab820>,9,17,[1 9],11,29,46,18,21
1,<environment.Job instance at 0x1456326abf00>,11,23,[6 1],13,29,52,16,23
1,<environment.Job instance at 0x1456326ab7d0>,14,12,[5 1],16,52,64,36,35
1,<environment.Job instance at 0x1456326ab780>,13,14,[2 5],15,1038,1052,1023,1038
1,<environment.Job instance at 0x145628a50a50>,18,13,[1 8],21,1052,1065,1031,1044
1,<environment.Job instance at 0x14562ba99230>,47,16,[7 1],64,1196,1212,1132,1196
1,<environment.Job instance at 0x145632592050>,54,13,[2 7],75,1331,1344,1256,1331
1,<environment.Job instance at 0x145632592410>,56,14,[2 9],77,1344,1358,1267,1331
1,<environment.Job instance at 0x1456326ca780>,63,12,[2 5],86,1358,1370,1272,1344
1,<environment.Job instance at 0x14562cc49b90>,67,17,[5 2],92,1358,1375,1266,1352
1,<environment.Job instance at 0x14562cc492d0>,68,12,[1 6],93,1370,1382,1277,1353
1,<environment.Job instance at 0x14562cc49550>,70,2,[2 7],95,1382,1384,1287,1355
1,<environment.Job instance at 0x1456326c09b0>,7,18,[1 9],8,1384,1402,1376,1381
1,<environment.Job instance at 0x14565c130cd0>,81,2,[2 9],107,1402,1404,1295,1394
1,<environment.Job instance at 0x14565c1307d0>,80,15,[ 1 10],106,1404,1419,1298,1394
1,<environment.Job instance at 0x14562c812500>,92,3,[8 2],127,1419,1422,1292,1394
1,<environment.Job instance at 0x14562c812690>,91,13,[10  2],124,1422,1435,1298,1409
1,<environment.Job instance at 0x14565c130b90>,88,1,[1 5],119,1419,1420,1300,1419
1,<environment.Job instance at 0x1456293039b0>,41,18,[10  1],56,1435,1453,1379,1425
1,<environment.Job instance at 0x1456289f90f0>,2,2,[6 2],3,4,6,1,4
1,<environment.Job instance at 0x145632666550>,7,2,[10  2],9,9,11,0,9
1,<environment.Job instance at 0x145632666910>,8,3,[2 7],10,11,14,1,10
1,<environment.Job instance at 0x14562a339f50>,5,15,[8 1],7,11,26,4,11
1,<environment.Job instance at 0x1456326660a0>,10,3,[5 2],14,26,29,12,14
1,<environment.Job instance at 0x145632666640>,11,2,[1 7],15,15,17,0,15
1,<environment.Job instance at 0x14563317f960>,12,3,[8 1],16,29,32,13,16
1,<environment.Job instance at 0x1456326662d0>,13,2,[2 5],19,19,21,0,19
1,<environment.Job instance at 0x1456326661e0>,14,1,[10  2],20,32,33,12,20
1,<environment.Job instance at 0x14562902af50>,15,3,[2 8],21,21,24,0,21
1,<environment.Job instance at 0x14563317f460>,16,3,[6 1],22,33,36,11,22
1,<environment.Job instance at 0x1456292f7140>,17,14,[2 9],23,33,47,10,23
1,<environment.Job instance at 0x1456289f1960>,25,2,[10  1],32,52,54,20,52
1,<environment.Job instance at 0x1456288cfbe0>,18,16,[2 5],24,54,70,30,52
1,<environment.Job instance at 0x145628b31410>,31,1,[9 2],43,70,71,27,52
1,<environment.Job instance at 0x14563265fc80>,30,3,[7 1],42,62,65,20,62
1,<environment.Job instance at 0x14562c7c3370>,35,1,[7 2],49,81,82,32,81
1,<environment.Job instance at 0x14562c7c3cd0>,36,1,[ 1 10],50,82,83,32,81
1,<environment.Job instance at 0x1456331d18c0>,38,3,[2 6],52,122,125,70,122
1,<environment.Job instance at 0x14562c7c6c80>,40,2,[2 5],57,125,127,68,124
1,<environment.Job instance at 0x14562c7c6e10>,41,2,[8 2],58,124,126,66,124
1,<environment.Job instance at 0x14563265f4b0>,33,2,[7 2],47,137,139,90,137
1,<environment.Job instance at 0x14565c08e140>,44,3,[2 6],63,157,160,94,157
1,<environment.Job instance at 0x14562c7c68c0>,43,12,[2 9],62,160,172,98,157
1,<environment.Job instance at 0x14562c7a5320>,45,18,[9 1],65,172,190,107,166
1,<environment.Job instance at 0x14565cbeea50>,62,3,[5 2],87,190,193,103,166
1,<environment.Job instance at 0x14562905db90>,49,16,[1 7],70,190,206,120,190
1,<environment.Job instance at 0x14565cbeef00>,63,13,[7 2],88,193,206,105,193
1,<environment.Job instance at 0x14565d906820>,72,2,[2 7],101,206,208,105,193
1,<environment.Job instance at 0x14567ecfd140>,73,15,[10  2],103,208,223,105,197
1,<environment.Job instance at 0x1456b8092820>,77,3,[1 9],107,223,226,116,198
1,<environment.Job instance at 0x14562bafd690>,80,3,[2 7],110,226,229,116,200
1,<environment.Job instance at 0x14567ec0ad20>,81,2,[9 2],111,229,231,118,202
1,<environment.Job instance at 0x14567ecfd320>,71,13,[10  2],100,231,244,131,215
1,<environment.Job instance at 0x14562834ccd0>,0,17,[1 9],1,1,18,0,1
1,<environment.Job instance at 0x1456289d70a0>,17,2,[9 1],31,31,33,0,31
1,<environment.Job instance at 0x14562bbf15a0>,29,14,[2 9],48,95,109,47,95
1,<environment.Job instance at 0x14565c030190>,45,2,[1 6],69,109,111,40,95
1,<environment.Job instance at 0x14565c030a50>,48,2,[1 7],73,111,113,38,95
1,<environment.Job instance at 0x14565c0305f0>,50,2,[2 8],75,113,115,38,95
1,<environment.Job instance at 0x14565c030f50>,51,1,[6 1],76,95,96,19,95
1,<environment.Job instance at 0x14565c030410>,52,3,[8 2],77,109,112,32,95
1,<environment.Job instance at 0x14565c0306e0>,49,17,[5 1],74,112,129,38,100
1,<environment.Job instance at 0x14562baba5a0>,56,13,[1 9],82,115,128,33,101
1,<environment.Job instance at 0x14562baba730>,57,15,[2 9],83,128,143,45,127
1,<environment.Job instance at 0x1456284d8dc0>,62,18,[1 8],89,143,161,54,132
1,<environment.Job instance at 0x14562c7685f0>,72,2,[1 6],100,161,163,61,134
1,<environment.Job instance at 0x14562ba7bdc0>,73,2,[7 2],102,143,145,41,134
1,<environment.Job instance at 0x145628ef30a0>,74,1,[ 2 10],103,163,164,60,135
1,<environment.Job instance at 0x14565c030050>,53,17,[1 8],78,164,181,86,152
1,<environment.Job instance at 0x14562ba7bf50>,78,2,[6 2],109,152,154,43,152
1,<environment.Job instance at 0x14562bb8d280>,79,15,[7 1],110,164,179,54,153
1,<environment.Job instance at 0x14562bb8d2d0>,80,2,[2 7],111,181,183,70,154
1,<environment.Job instance at 0x14562bb8dbe0>,81,1,[7 2],112,154,155,42,154
1,<environment.Job instance at 0x1456289aae60>,85,1,[10  1],117,183,184,66,155
1,<environment.Job instance at 0x14562bb8dd20>,86,1,[6 2],118,159,160,41,159
1,<environment.Job instance at 0x1456289aa0f0>,87,22,[10  1],120,184,206,64,178
1,<environment.Job instance at 0x14562ccd3500>,38,18,[1 9],59,220,238,161,220
1,<environment.Job instance at 0x14562ba7bc30>,75,17,[10  2],106,1642,1659,1536,1642
1,<environment.Job instance at 0x1456288e98c0>,2,2,[2 8],3,3,5,0,3
1,<environment.Job instance at 0x14562c9360a0>,4,2,[6 1],7,7,9,0,7
1,<environment.Job instance at 0x145628aaa640>,7,2,[8 2],12,12,14,0,12
1,<environment.Job instance at 0x14567c036b40>,12,1,[7 2],19,21,22,2,21
1,<environment.Job instance at 0x1456298adaa0>,16,2,[10  1],23,23,25,0,23
1,<environment.Job instance at 0x1456298ad780>,17,1,[8 2],24,25,26,1,24
1,<environment.Job instance at 0x145633144820>,18,2,[5 1],25,26,28,1,25
1,<environment.Job instance at 0x1456282ebf50>,19,2,[6 1],26,28,30,2,26
1,<environment.Job instance at 0x14562c8cdaa0>,20,3,[6 2],27,30,33,3,27
1,<environment.Job instance at 0x1456298add20>,21,3,[10  1],28,33,36,5,28
1,<environment.Job instance at 0x14562c952910>,22,18,[2 7],29,36,54,7,29
1,<environment.Job instance at 0x145632506cd0>,23,3,[1 7],30,30,33,0,30
1,<environment.Job instance at 0x1456325062d0>,24,3,[2 7],31,54,57,23,31
1,<environment.Job instance at 0x1456290973c0>,27,2,[2 8],40,57,59,17,40
1,<environment.Job instance at 0x14562df44370>,29,16,[8 1],43,46,62,3,46
1,<environment.Job instance at 0x145628941190>,33,17,[9 1],47,62,79,15,50
1,<environment.Job instance at 0x145628c3aeb0>,35,3,[5 2],50,79,82,29,53
1,<environment.Job instance at 0x145628c3ac80>,36,2,[2 9],52,59,61,7,53
1,<environment.Job instance at 0x14562df44d20>,30,2,[2 6],44,79,81,35,57
1,<environment.Job instance at 0x145632613c80>,39,2,[2 9],56,82,84,26,61
1,<environment.Job instance at 0x145632613230>,40,12,[8 1],59,82,94,23,67
1,<environment.Job instance at 0x1456326133c0>,43,3,[9 2],63,94,97,31,75
1,<environment.Job instance at 0x14562bd78c30>,49,14,[7 1],76,97,111,21,82
1,<environment.Job instance at 0x14565c01f8c0>,51,1,[2 5],79,84,85,5,82
1,<environment.Job instance at 0x14565c01f640>,53,20,[9 1],85,111,131,26,103
1,<environment.Job instance at 0x145628ef36e0>,58,2,[7 2],92,131,133,39,104
1,<environment.Job instance at 0x145628ef3e10>,59,2,[2 5],93,104,106,11,104
1,<environment.Job instance at 0x145628ef3190>,60,3,[2 6],94,106,109,12,104
1,<environment.Job instance at 0x145628ef3370>,61,15,[1 6],96,109,124,13,106
1,<environment.Job instance at 0x14562bb4b410>,70,2,[10  1],108,133,135,25,108
1,<environment.Job instance at 0x14562bb4baa0>,71,3,[ 2 10],109,135,138,26,109
1,<environment.Job instance at 0x14562bb4b8c0>,72,3,[5 1],110,138,141,28,112
1,<environment.Job instance at 0x14562bb4b320>,74,1,[2 7],113,131,132,18,113
1,<environment.Job instance at 0x14562bb4b870>,75,2,[8 1],114,141,143,27,114
1,<environment.Job instance at 0x14562bb4b230>,76,3,[9 2],115,143,146,28,117
1,<environment.Job instance at 0x14562bb4bcd0>,77,17,[ 2 10],116,146,163,30,134
1,<environment.Job instance at 0x14562baf0910>,84,3,[ 1 10],125,163,166,38,137
1,<environment.Job instance at 0x14562baf0780>,85,2,[5 2],128,138,140,10,137
1,<environment.Job instance at 0x14562baf0e60>,83,15,[7 2],123,166,181,43,154
1,<environment.Job instance at 0x14562bd786e0>,47,13,[9 2],74,197,210,123,197
1,<environment.Job instance at 0x145628c3af50>,34,27,[5 1],48,263,290,215,263
1,<environment.Job instance at 0x145628dcf730>,1,2,[9 1],2,2,4,0,2
1,<environment.Job instance at 0x145628dcffa0>,2,3,[8 1],3,4,7,1,3
1,<environment.Job instance at 0x145628dcfbe0>,3,1,[1 7],4,4,5,0,4
1,<environment.Job instance at 0x145628dcfb90>,4,2,[9 2],5,7,9,2,7
1,<environment.Job instance at 0x14562bb51aa0>,6,2,[1 9],8,9,11,1,9
1,<environment.Job instance at 0x14562bb51d20>,10,2,[7 1],18,18,20,0,18
1,<environment.Job instance at 0x14562bb51550>,13,18,[ 2 10],21,30,48,9,30
1,<environment.Job instance at 0x145628a406e0>,22,16,[5 2],33,48,64,15,35
1,<environment.Job instance at 0x145633178500>,24,18,[2 7],35,48,66,13,37
1,<environment.Job instance at 0x1456312674b0>,25,1,[6 1],36,64,65,28,37
1,<environment.Job instance at 0x14565c052410>,26,16,[2 8],37,66,82,29,53
1,<environment.Job instance at 0x14565c08acd0>,27,3,[1 7],38,82,85,44,56
1,<environment.Job instance at 0x14562c822870>,29,3,[2 9],40,85,88,45,59
1,<environment.Job instance at 0x14562c7448c0>,30,2,[2 6],41,88,90,47,61
1,<environment.Job instance at 0x14565cc13280>,32,1,[7 2],44,65,66,21,61
1,<environment.Job instance at 0x145628c5a1e0>,33,2,[2 6],45,90,92,45,63
1,<environment.Job instance at 0x145628c5a320>,35,3,[8 2],47,66,69,19,64
1,<environment.Job instance at 0x145628a5acd0>,19,14,[2 6],29,173,187,144,173
1,<environment.Job instance at 0x145628c5a7d0>,37,14,[6 1],49,176,190,127,176
1,<environment.Job instance at 0x145628c5a4b0>,39,2,[2 5],51,187,189,136,176
1,<environment.Job instance at 0x145628c5adc0>,40,3,[8 2],52,190,193,138,176
1,<environment.Job instance at 0x145628c5a9b0>,41,3,[ 1 10],53,193,196,140,176
1,<environment.Job instance at 0x145628c5a500>,38,1,[1 5],50,189,190,139,178
1,<environment.Job instance at 0x14563252c0a0>,42,13,[5 2],54,196,209,142,180
1,<environment.Job instance at 0x14563252c870>,43,18,[2 8],55,196,214,141,191
1,<environment.Job instance at 0x14563252c050>,45,3,[7 1],57,209,212,152,202
1,<environment.Job instance at 0x14563252c320>,44,17,[6 1],56,212,229,156,205
1,<environment.Job instance at 0x14562c80d960>,57,2,[2 7],72,214,216,142,205
1,<environment.Job instance at 0x14562c80de60>,58,2,[ 2 10],73,229,231,156,205
1,<environment.Job instance at 0x14562c80d2d0>,60,3,[5 1],75,231,234,156,210
1,<environment.Job instance at 0x14562c80d6e0>,61,3,[1 5],77,216,219,139,210
1,<environment.Job instance at 0x14562f5e9780>,62,3,[1 9],78,219,222,141,210
1,<environment.Job instance at 0x14562f5e9c30>,63,2,[ 1 10],79,234,236,155,210
1,<environment.Job instance at 0x14565d50dcd0>,64,1,[ 2 10],81,236,237,155,210
1,<environment.Job instance at 0x145628c8aa50>,65,3,[2 5],82,222,225,140,210
1,<environment.Job instance at 0x145628c8ae10>,66,1,[2 5],83,225,226,142,210
1,<environment.Job instance at 0x145628c8a230>,67,3,[8 1],84,237,240,153,211
1,<environment.Job instance at 0x14562c97b050>,68,3,[1 9],85,226,229,141,211
1,<environment.Job instance at 0x14562c97bd20>,69,3,[10  1],91,240,243,149,214
1,<environment.Job instance at 0x1456288355f0>,70,1,[8 2],92,243,244,151,215
1,<environment.Job instance at 0x1456288aedc0>,76,3,[7 1],106,244,247,138,230
1,<environment.Job instance at 0x145628835050>,77,3,[ 2 10],107,247,250,140,230
1,<environment.Job instance at 0x145628426fa0>,78,3,[2 8],108,231,234,123,230
1,<environment.Job instance at 0x1456288aec80>,79,2,[2 7],109,237,239,128,230
1,<environment.Job instance at 0x1456288ae640>,80,3,[10  2],111,250,253,139,230
1,<environment.Job instance at 0x1456285a0e60>,81,2,[2 7],112,243,245,131,231
1,<environment.Job instance at 0x145628c333c0>,90,16,[1 6],123,253,269,130,247
1,<environment.Job instance at 0x145628c33820>,92,15,[ 2 10],126,269,284,143,255
1,<environment.Job instance at 0x1456287ac910>,94,3,[8 1],128,257,260,129,257
1,<environment.Job instance at 0x14562c794be0>,49,17,[9 1],61,288,305,227,288
1,<environment.Job instance at 0x145628c9cb40>,50,15,[1 7],62,352,367,290,352
1,<environment.Job instance at 0x145629730550>,1,2,[6 1],3,3,5,0,3
1,<environment.Job instance at 0x1456297d5280>,9,2,[9 2],14,14,16,0,14
1,<environment.Job instance at 0x14562cc6c8c0>,11,1,[2 5],16,16,17,0,16
1,<environment.Job instance at 0x14562cc6ccd0>,13,2,[ 1 10],20,20,22,0,20
1,<environment.Job instance at 0x14562cc6c6e0>,15,12,[8 1],23,23,35,0,23
1,<environment.Job instance at 0x14562cc6ceb0>,17,2,[8 1],27,35,37,8,27
1,<environment.Job instance at 0x14562cc6c780>,19,17,[6 2],33,37,54,4,35
1,<environment.Job instance at 0x14562cc6c870>,21,1,[9 1],36,54,55,18,36
1,<environment.Job instance at 0x14562bce0280>,25,3,[2 9],41,72,75,31,72
1,<environment.Job instance at 0x14562bce0fa0>,28,1,[6 1],47,75,76,28,75
1,<environment.Job instance at 0x14562bce0b90>,30,1,[ 1 10],49,98,99,49,98
1,<environment.Job instance at 0x14562bce06e0>,27,1,[2 7],46,121,122,75,121
1,<environment.Job instance at 0x14562bce00a0>,34,2,[10  2],56,128,130,72,128
1,<environment.Job instance at 0x14562bce0500>,36,14,[2 7],58,135,149,77,135
1,<environment.Job instance at 0x14562bce0a00>,39,13,[2 6],62,251,264,189,251
1,<environment.Job instance at 0x145628666640>,44,3,[1 5],71,270,273,199,270
1,<environment.Job instance at 0x145628666370>,48,21,[7 1],76,273,294,197,273
1,<environment.Job instance at 0x145628666910>,49,3,[1 9],77,280,283,203,280
1,<environment.Job instance at 0x145628666190>,50,2,[2 5],78,283,285,205,283
1,<environment.Job instance at 0x14562bce0870>,24,3,[10  1],39,328,331,289,328
1,<environment.Job instance at 0x14562be6aeb0>,61,2,[5 2],95,357,359,262,357
1,<environment.Job instance at 0x14562be6ad20>,64,3,[6 2],100,368,371,268,368
1,<environment.Job instance at 0x14562be6a1e0>,70,1,[6 1],109,441,442,332,441
1,<environment.Job instance at 0x14562be6ac30>,66,1,[6 2],103,443,444,340,443
1,<environment.Job instance at 0x14562be6a0a0>,76,2,[9 2],119,459,461,340,459
1,<environment.Job instance at 0x14562bccc460>,77,2,[2 9],122,461,463,339,460
1,<environment.Job instance at 0x14562bcccc80>,78,1,[6 1],123,462,463,339,462
1,<environment.Job instance at 0x14562884df00>,11,1,[2 5],17,17,18,0,17
1,<environment.Job instance at 0x14562884d8c0>,13,3,[1 7],19,19,22,0,19
1,<environment.Job instance at 0x14565d91deb0>,14,1,[2 7],23,23,24,0,23
1,<environment.Job instance at 0x14562884d2d0>,12,3,[9 2],18,24,27,6,24
1,<environment.Job instance at 0x14565d91df50>,15,13,[8 1],24,27,40,3,24
1,<environment.Job instance at 0x14565d91dfa0>,17,28,[1 6],26,26,54,0,26
1,<environment.Job instance at 0x14565d91dd20>,18,2,[1 9],29,54,56,25,29
1,<environment.Job instance at 0x14565c01feb0>,20,2,[6 2],33,40,42,7,33
1,<environment.Job instance at 0x14563265b9b0>,21,1,[10  1],35,56,57,21,35
1,<environment.Job instance at 0x14562836bcd0>,22,3,[6 2],37,42,45,5,37
1,<environment.Job instance at 0x1456283a3050>,23,2,[1 9],39,57,59,18,39
1,<environment.Job instance at 0x14565d4b8e60>,24,3,[1 9],41,59,62,18,41
1,<environment.Job instance at 0x14565d4b8fa0>,26,15,[ 1 10],44,62,77,18,50
1,<environment.Job instance at 0x145628f7aaf0>,25,2,[5 1],43,51,53,8,51
1,<environment.Job instance at 0x14562833dbe0>,34,1,[9 1],53,53,54,0,53
1,<environment.Job instance at 0x14562ba1ccd0>,33,15,[1 8],52,77,92,25,63
1,<environment.Job instance at 0x14562cb94d70>,42,1,[7 1],64,77,78,13,64
1,<environment.Job instance at 0x14562cb94960>,43,2,[2 5],65,92,94,27,65
1,<environment.Job instance at 0x14562cb94280>,44,1,[2 8],66,94,95,28,66
1,<environment.Job instance at 0x1456325f6f00>,45,13,[5 2],67,78,91,11,67
1,<environment.Job instance at 0x1456325f6a00>,46,3,[ 1 10],69,95,98,26,69
1,<environment.Job instance at 0x14562bd781e0>,27,13,[10  2],45,98,111,53,82
1,<environment.Job instance at 0x14562c8cdb90>,53,2,[10  2],77,111,113,34,103
1,<environment.Job instance at 0x1456325f6e60>,47,13,[1 7],71,118,131,47,118
1,<environment.Job instance at 0x145632633960>,65,2,[1 7],97,131,133,34,121
1,<environment.Job instance at 0x1456326334b0>,66,1,[9 1],99,124,125,25,124
1,<environment.Job instance at 0x145632633550>,67,15,[5 2],100,126,141,26,126
1,<environment.Job instance at 0x145632633a00>,71,2,[2 7],104,133,135,29,126
1,<environment.Job instance at 0x145632633be0>,72,2,[2 9],105,141,143,36,126
1,<environment.Job instance at 0x145632633af0>,73,1,[2 7],106,135,136,29,126
1,<environment.Job instance at 0x145632633370>,74,2,[8 1],107,141,143,34,126
1,<environment.Job instance at 0x14565d4ba370>,75,13,[10  1],110,143,156,33,127
1,<environment.Job instance at 0x14562c8cd9b0>,57,1,[8 2],86,156,157,70,137
1,<environment.Job instance at 0x14565d4ba870>,84,3,[ 2 10],123,157,160,34,141
1,<environment.Job instance at 0x14565d4badc0>,82,2,[6 1],121,235,237,114,235
1,<environment.Job instance at 0x14562c8cdb40>,58,18,[2 8],87,243,261,156,243
1,<environment.Job instance at 0x14565d4ba230>,85,13,[2 8],124,385,398,261,385
1,<environment.Job instance at 0x14565c028cd0>,2,1,[5 2],5,6,7,1,6
1,<environment.Job instance at 0x14562bbb89b0>,6,1,[5 1],10,10,11,0,10
1,<environment.Job instance at 0x145628ba07d0>,9,1,[1 9],15,15,16,0,15
1,<environment.Job instance at 0x1456289a8aa0>,10,1,[8 1],16,16,17,0,16
1,<environment.Job instance at 0x14562884ea50>,12,3,[2 7],21,21,24,0,21
1,<environment.Job instance at 0x14562837b870>,14,2,[8 2],25,25,27,0,25
1,<environment.Job instance at 0x14562858fa00>,17,13,[8 1],29,29,42,0,29
1,<environment.Job instance at 0x14562be69460>,24,1,[9 1],39,42,43,3,39
1,<environment.Job instance at 0x14562be691e0>,25,2,[1 9],40,40,42,0,40
1,<environment.Job instance at 0x14562be69eb0>,26,2,[1 5],42,42,44,0,42
1,<environment.Job instance at 0x14562be69f00>,27,1,[2 9],43,44,45,1,43
1,<environment.Job instance at 0x14562bbe2960>,28,2,[6 1],44,44,46,0,44
1,<environment.Job instance at 0x14562bbe2460>,30,1,[5 1],46,47,48,1,47
1,<environment.Job instance at 0x1456289450f0>,4,17,[ 1 10],8,60,77,52,60
1,<environment.Job instance at 0x145629835410>,40,15,[5 1],61,77,92,16,77
1,<environment.Job instance at 0x14562983a550>,54,17,[9 2],79,92,109,13,89
1,<environment.Job instance at 0x14565c15b4b0>,61,2,[2 5],92,109,111,17,92
1,<environment.Job instance at 0x14562cc4ff50>,62,3,[8 1],93,109,112,16,93
1,<environment.Job instance at 0x14562cc4faa0>,63,1,[2 8],94,111,112,17,94
1,<environment.Job instance at 0x145628bae410>,64,1,[ 1 10],97,112,113,15,99
1,<environment.Job instance at 0x14562bd84b90>,65,2,[1 8],100,103,105,3,103
1,<environment.Job instance at 0x14562bbe2b40>,33,19,[2 8],51,270,289,219,270
1,<environment.Job instance at 0x145628a601e0>,1,1,[9 1],2,3,4,1,3
1,<environment.Job instance at 0x145628a60e10>,2,2,[7 2],5,6,8,1,6
1,<environment.Job instance at 0x14562b9cc6e0>,3,3,[9 2],6,8,11,2,6
1,<environment.Job instance at 0x14562b9cc8c0>,5,3,[ 1 10],9,11,14,2,9
1,<environment.Job instance at 0x145632592c80>,6,3,[9 1],10,14,17,4,10
1,<environment.Job instance at 0x145632592aa0>,9,1,[2 7],13,17,18,4,13
1,<environment.Job instance at 0x1456325923c0>,10,3,[2 5],14,18,21,4,14
1,<environment.Job instance at 0x14562c801e60>,11,15,[1 5],15,18,33,3,15
1,<environment.Job instance at 0x14565cbb9640>,13,2,[10  2],17,33,35,16,25
1,<environment.Job instance at 0x14562bd2c2d0>,16,3,[7 1],21,30,33,9,30
1,<environment.Job instance at 0x14565cbd4460>,15,2,[ 2 10],20,39,41,19,39
1,<environment.Job instance at 0x14562ba99aa0>,18,1,[ 1 10],24,51,52,27,51
1,<environment.Job instance at 0x14562ba99e60>,20,2,[9 1],27,59,61,32,59
1,<environment.Job instance at 0x1456285e60f0>,21,2,[7 1],28,61,63,33,60
1,<environment.Job instance at 0x1456285e6780>,23,3,[1 5],32,60,63,28,60
1,<environment.Job instance at 0x145628570910>,25,1,[ 2 10],38,63,64,25,60
1,<environment.Job instance at 0x145628570050>,26,2,[1 8],39,64,66,25,60
1,<environment.Job instance at 0x145628b0c050>,22,3,[5 1],31,75,78,44,75
1,<environment.Job instance at 0x145628570af0>,29,3,[2 5],43,76,79,33,76
1,<environment.Job instance at 0x1456286969b0>,30,15,[6 1],45,78,93,33,78
1,<environment.Job instance at 0x14565c054960>,31,12,[7 2],47,93,105,46,79
1,<environment.Job instance at 0x14565cc03910>,34,3,[1 6],50,87,90,37,87
1,<environment.Job instance at 0x14565cc03b40>,35,2,[2 7],51,90,92,39,87
1,<environment.Job instance at 0x14565cc03d20>,36,3,[7 1],53,105,108,52,87
1,<environment.Job instance at 0x14565cc03550>,37,3,[9 2],54,108,111,54,87
1,<environment.Job instance at 0x14565cc030a0>,38,2,[7 1],59,111,113,52,87
1,<environment.Job instance at 0x14562b9bd190>,49,17,[2 9],81,127,144,46,127
1,<environment.Job instance at 0x14565c133320>,53,3,[ 1 10],95,144,147,49,127
1,<environment.Job instance at 0x14565c133b90>,54,3,[2 9],96,147,150,51,127
1,<environment.Job instance at 0x14565c133780>,57,3,[1 8],100,150,153,50,127
1,<environment.Job instance at 0x14567ecc7960>,59,2,[10  1],104,153,155,49,127
1,<environment.Job instance at 0x14567ecc7910>,60,15,[1 7],105,155,170,50,142
1,<environment.Job instance at 0x1456326750f0>,70,3,[5 1],119,147,150,28,142
1,<environment.Job instance at 0x1456326752d0>,71,3,[9 1],120,150,153,30,142
1,<environment.Job instance at 0x1456326750a0>,72,12,[1 8],121,170,182,49,153
1,<environment.Job instance at 0x14562cbd3320>,77,3,[2 5],129,182,185,53,156
1,<environment.Job instance at 0x145632675050>,75,15,[6 2],126,172,187,46,172
1,<environment.Job instance at 0x14565c054690>,32,17,[1 8],48,185,202,137,178
1,<environment.Job instance at 0x14562c936190>,47,13,[7 2],78,218,231,140,218
1,<environment.Job instance at 0x1456284defa0>,1,1,[2 5],2,4,5,2,4
1,<environment.Job instance at 0x14562c936cd0>,4,3,[2 5],7,7,10,0,7
1,<environment.Job instance at 0x1456298799b0>,0,1,[1 8],1,10,11,9,7
1,<environment.Job instance at 0x14562bbfd230>,7,3,[2 5],10,11,14,1,10
1,<environment.Job instance at 0x14562bbfdaf0>,8,2,[1 5],11,11,13,0,11
1,<environment.Job instance at 0x14562bbfd370>,9,1,[1 6],12,14,15,2,12
1,<environment.Job instance at 0x14562af8faf0>,13,3,[8 2],19,21,24,2,21
1,<environment.Job instance at 0x14562af6d550>,14,1,[2 8],25,25,26,0,25
1,<environment.Job instance at 0x14562be63e60>,15,1,[6 1],26,26,27,0,26
1,<environment.Job instance at 0x14562847dc30>,16,1,[8 1],27,27,28,0,27
1,<environment.Job instance at 0x145628c3e6e0>,17,1,[7 1],28,28,29,0,28
1,<environment.Job instance at 0x14562df5cbe0>,20,3,[2 9],31,31,34,0,31
1,<environment.Job instance at 0x1456283c6640>,23,17,[ 2 10],34,35,52,1,35
1,<environment.Job instance at 0x1456298296e0>,26,1,[1 8],38,52,53,14,38
1,<environment.Job instance at 0x1456326b1320>,29,1,[6 2],41,52,53,11,41
1,<environment.Job instance at 0x1456326b1fa0>,31,1,[5 2],43,53,54,10,43
1,<environment.Job instance at 0x145628b8ddc0>,22,14,[1 8],33,54,68,21,54
1,<environment.Job instance at 0x1456325d69b0>,40,2,[8 2],55,55,57,0,55
1,<environment.Job instance at 0x1456325d6690>,41,1,[2 9],57,68,69,11,57
1,<environment.Job instance at 0x14562c7543c0>,42,2,[1 7],58,69,71,11,58
1,<environment.Job instance at 0x1456325d6f50>,43,2,[8 1],59,59,61,0,59
1,<environment.Job instance at 0x1456325d6f00>,44,1,[5 1],60,61,62,1,60
1,<environment.Job instance at 0x1456283f9aa0>,0,16,[5 2],2,2,18,0,2
1,<environment.Job instance at 0x145628573be0>,4,3,[ 2 10],7,18,21,11,7
1,<environment.Job instance at 0x14565c0a33c0>,7,15,[2 9],11,21,36,10,11
1,<environment.Job instance at 0x14565c0a3370>,8,14,[9 2],12,36,50,24,28
1,<environment.Job instance at 0x1456288fd3c0>,19,1,[9 1],29,50,51,21,29
1,<environment.Job instance at 0x14562bc4c410>,20,2,[8 2],30,51,53,21,30
1,<environment.Job instance at 0x14562bb87d70>,21,2,[2 5],32,51,53,19,32
1,<environment.Job instance at 0x14562c821910>,22,3,[2 6],33,53,56,20,33
1,<environment.Job instance at 0x14565d2390a0>,23,14,[2 6],34,56,70,22,41
1,<environment.Job instance at 0x145628f0bcd0>,27,3,[7 1],39,53,56,14,41
1,<environment.Job instance at 0x1456286c5230>,28,1,[2 7],40,70,71,30,42
1,<environment.Job instance at 0x145629003b40>,29,3,[2 7],42,71,74,29,45
1,<environment.Job instance at 0x1456331883c0>,30,3,[ 2 10],43,74,77,31,48
1,<environment.Job instance at 0x1456286f9550>,31,2,[6 1],44,56,58,12,48
1,<environment.Job instance at 0x1456286f9a00>,32,3,[ 1 10],45,77,80,32,51
1,<environment.Job instance at 0x14562bb728c0>,33,1,[1 6],46,80,81,34,52
1,<environment.Job instance at 0x14562c70fc80>,34,3,[8 2],48,58,61,10,52
1,<environment.Job instance at 0x145628cab140>,35,3,[6 2],49,61,64,12,52
1,<environment.Job instance at 0x145628a5aaf0>,36,2,[10  2],50,81,83,31,54
1,<environment.Job instance at 0x145628cab5a0>,37,1,[1 6],51,83,84,32,55
1,<environment.Job instance at 0x145629028050>,38,1,[5 1],52,64,65,12,55
1,<environment.Job instance at 0x145628573780>,2,16,[1 5],5,84,100,79,75
1,<environment.Job instance at 0x14562af96690>,55,17,[7 1],73,83,100,10,82
1,<environment.Job instance at 0x14562bb096e0>,61,3,[8 2],84,100,103,16,84
1,<environment.Job instance at 0x145628923e60>,39,15,[9 1],53,103,118,50,89
1,<environment.Job instance at 0x14562bb09aa0>,67,3,[7 1],95,118,121,23,95
1,<environment.Job instance at 0x14562c794960>,68,3,[2 6],96,100,103,4,96
1,<environment.Job instance at 0x14562c7947d0>,69,3,[2 9],97,118,121,21,97
1,<environment.Job instance at 0x14562bb09e10>,62,16,[2 8],85,129,145,44,129
1,<environment.Job instance at 0x145628bbd190>,84,16,[1 7],122,145,161,23,132
1,<environment.Job instance at 0x14565c06dc30>,86,16,[8 2],124,132,148,8,132
1,<environment.Job instance at 0x14565c06d050>,87,3,[ 2 10],125,161,164,36,135
1,<environment.Job instance at 0x14565c06d370>,88,1,[6 2],126,148,149,22,135
1,<environment.Job instance at 0x14565c06d6e0>,89,2,[5 1],127,149,151,22,135
1,<environment.Job instance at 0x1456285d9460>,26,15,[2 6],38,280,295,242,280
1,<environment.Job instance at 0x145628fc9230>,4,2,[2 7],7,7,9,0,7
1,<environment.Job instance at 0x1456292efd70>,5,2,[8 1],8,8,10,0,8
1,<environment.Job instance at 0x145629003d70>,6,2,[9 1],10,10,12,0,10
1,<environment.Job instance at 0x14562bcebe10>,10,3,[8 1],15,15,18,0,15
1,<environment.Job instance at 0x14562bcd1af0>,12,2,[1 9],17,18,20,1,18
1,<environment.Job instance at 0x14562900dc80>,14,17,[2 7],22,22,39,0,22
1,<environment.Job instance at 0x1456292e7be0>,15,2,[ 1 10],23,39,41,16,24
1,<environment.Job instance at 0x145632605640>,19,16,[5 2],30,41,57,11,35
1,<environment.Job instance at 0x14562ba9a820>,23,1,[9 1],36,57,58,21,36
1,<environment.Job instance at 0x14563262d690>,24,15,[10  2],37,63,78,26,63
1,<environment.Job instance at 0x14562af711e0>,34,1,[1 5],49,78,79,29,70
1,<environment.Job instance at 0x14562af718c0>,35,3,[9 2],50,78,81,28,70
1,<environment.Job instance at 0x1456289f7460>,39,17,[1 9],55,81,98,26,76
1,<environment.Job instance at 0x1456289f7230>,40,1,[7 2],56,98,99,42,76
1,<environment.Job instance at 0x14562b9e5640>,78,3,[2 9],115,187,190,72,187
1,<environment.Job instance at 0x14562cc1ee60>,79,1,[5 2],116,197,198,81,197
1,<environment.Job instance at 0x14562858dc30>,81,2,[5 1],119,204,206,85,204
1,<environment.Job instance at 0x14562858d640>,84,2,[7 2],123,247,249,124,247
1,<environment.Job instance at 0x14562858dd20>,85,1,[8 1],125,249,250,124,247
1,<environment.Job instance at 0x14562be695a0>,13,21,[5 2],18,253,274,235,253
1,<environment.Job instance at 0x14562af71e10>,30,15,[8 2],43,289,304,246,289
1,<environment.Job instance at 0x145628eb0f00>,5,3,[1 9],8,8,11,0,8
1,<environment.Job instance at 0x145628ed2190>,4,14,[10  2],7,11,25,4,8
1,<environment.Job instance at 0x145628ed2230>,7,3,[10  2],10,25,28,15,12
1,<environment.Job instance at 0x145628ed27d0>,9,2,[9 2],13,28,30,15,14
1,<environment.Job instance at 0x145628ed20f0>,10,2,[5 1],14,30,32,16,14
1,<environment.Job instance at 0x145628ea6aa0>,13,3,[ 2 10],20,32,35,12,20
1,<environment.Job instance at 0x145628ea6b90>,15,3,[9 2],22,35,38,13,22
1,<environment.Job instance at 0x14565c0e3690>,17,2,[5 2],26,30,32,4,26
1,<environment.Job instance at 0x14565c0e34b0>,19,2,[5 2],28,38,40,10,29
1,<environment.Job instance at 0x14565c0e3be0>,21,22,[1 8],30,35,57,5,35
1,<environment.Job instance at 0x14565c0e35a0>,23,3,[6 2],35,40,43,5,36
1,<environment.Job instance at 0x14565c0f3e60>,25,1,[7 1],37,43,44,6,37
1,<environment.Job instance at 0x14565c0f3c30>,27,3,[6 1],39,44,47,5,39
1,<environment.Job instance at 0x14565c0f3a50>,29,2,[1 9],41,57,59,16,41
1,<environment.Job instance at 0x14565c0f3fa0>,28,1,[ 2 10],40,59,60,19,41
1,<environment.Job instance at 0x14565c0f3140>,30,12,[ 2 10],42,60,72,18,43
1,<environment.Job instance at 0x14565c0f35a0>,32,1,[5 1],46,47,48,1,46
1,<environment.Job instance at 0x14565c0f3190>,26,16,[2 5],38,72,88,34,60
1,<environment.Job instance at 0x14565c0f3460>,36,1,[1 8],50,88,89,38,60
1,<environment.Job instance at 0x14565c0f3be0>,34,18,[6 2],48,72,90,24,69
1,<environment.Job instance at 0x14562c838aa0>,51,2,[10  2],68,108,110,40,108
1,<environment.Job instance at 0x14562c8898c0>,52,3,[1 9],70,110,113,40,108
1,<environment.Job instance at 0x14562c889dc0>,59,18,[ 1 10],80,113,131,33,111
1,<environment.Job instance at 0x14562c889b40>,60,3,[8 2],81,131,134,50,111
1,<environment.Job instance at 0x14562c889e60>,61,1,[9 2],82,134,135,52,111
1,<environment.Job instance at 0x14562c889050>,62,18,[2 7],83,135,153,52,125
1,<environment.Job instance at 0x1456325850f0>,73,3,[10  2],98,153,156,55,132
1,<environment.Job instance at 0x1456325851e0>,79,2,[6 2],107,140,142,33,140
1,<environment.Job instance at 0x1456325856e0>,80,3,[8 2],108,142,145,34,140
1,<environment.Job instance at 0x14562863d190>,85,16,[6 1],116,258,274,142,258
1,<environment.Job instance at 0x145628876780>,92,14,[ 1 10],126,274,288,148,265
1,<environment.Job instance at 0x1456288765f0>,95,14,[5 2],129,726,740,597,726
1,<environment.Job instance at 0x14565c0f3320>,35,17,[1 8],49,738,755,689,738
1,<environment.Job instance at 0x148f4cd55b90>,1,2,[2 5],4,4,6,0,4
1,<environment.Job instance at 0x148f4cd55b40>,0,17,[ 1 10],3,6,23,3,5
1,<environment.Job instance at 0x148ef73a7410>,8,13,[ 2 10],11,23,36,12,14
1,<environment.Job instance at 0x148ef73a7280>,7,3,[5 1],10,36,39,26,14
1,<environment.Job instance at 0x148ef786e230>,9,2,[ 2 10],12,39,41,27,18
1,<environment.Job instance at 0x148ef784a8c0>,16,17,[1 7],22,41,58,19,29
1,<environment.Job instance at 0x148ef7820af0>,17,3,[6 1],23,41,44,18,29
1,<environment.Job instance at 0x148ef78e98c0>,15,14,[6 2],20,44,58,24,29
1,<environment.Job instance at 0x148ef78536e0>,23,3,[7 2],30,58,61,28,32
1,<environment.Job instance at 0x148ef7144370>,24,20,[ 1 10],32,61,81,29,52
1,<environment.Job instance at 0x148ef73b6d70>,33,2,[5 1],44,81,83,37,54
1,<environment.Job instance at 0x148ef7144eb0>,34,3,[9 2],45,83,86,38,57
1,<environment.Job instance at 0x148ef7144a50>,35,3,[10  2],47,86,89,39,60
1,<environment.Job instance at 0x148ef713be60>,36,3,[1 6],48,81,84,33,60
1,<environment.Job instance at 0x148ef713bc80>,37,2,[2 7],49,89,91,40,62
1,<environment.Job instance at 0x148ef713be10>,38,2,[8 2],50,89,91,39,62
1,<environment.Job instance at 0x148ef73be8c0>,22,3,[2 6],29,91,94,62,69
1,<environment.Job instance at 0x148ef713b190>,39,14,[2 5],51,94,108,43,79
1,<environment.Job instance at 0x148ef7872190>,48,15,[ 2 10],61,108,123,47,94
1,<environment.Job instance at 0x148ef7868f00>,52,1,[8 1],70,94,95,24,94
1,<environment.Job instance at 0x148ef7868b40>,53,1,[7 2],72,95,96,23,94
1,<environment.Job instance at 0x148ef7868e10>,54,2,[10  1],74,123,125,49,96
1,<environment.Job instance at 0x148ef73ada00>,55,2,[2 7],75,125,127,50,98
1,<environment.Job instance at 0x148ef78523c0>,40,1,[8 1],53,125,126,72,125
1,<environment.Job instance at 0x148ef7866780>,65,2,[2 7],93,127,129,34,125
1,<environment.Job instance at 0x148ef714e050>,66,2,[9 2],94,129,131,35,125
1,<environment.Job instance at 0x148ef714e320>,67,15,[1 9],95,131,146,36,125
1,<environment.Job instance at 0x148ef714e5f0>,68,1,[1 5],98,129,130,31,125
1,<environment.Job instance at 0x148ef714e820>,69,1,[10  2],101,146,147,45,125
1,<environment.Job instance at 0x148ef714ea00>,70,1,[8 1],102,126,127,24,126
1,<environment.Job instance at 0x148ef714eaf0>,71,2,[1 6],103,147,149,44,127
1,<environment.Job instance at 0x148ef714e5a0>,72,2,[2 6],106,149,151,43,127
1,<environment.Job instance at 0x148ef714eb40>,73,1,[8 1],107,134,135,27,134
1,<environment.Job instance at 0x148ef73ad1e0>,56,18,[1 7],79,151,169,72,140
1,<environment.Job instance at 0x148ef714edc0>,76,3,[2 8],111,169,172,58,143
1,<environment.Job instance at 0x148ef714eaa0>,77,2,[10  2],113,172,174,59,145
1,<environment.Job instance at 0x148ef714ed70>,78,3,[8 1],117,147,150,30,145
1,<environment.Job instance at 0x148ef714ed20>,79,3,[10  1],119,174,177,55,148
1,<environment.Job instance at 0x148ef714ef00>,80,3,[9 2],120,151,154,31,148
1,<environment.Job instance at 0x148ef714ee60>,81,12,[1 7],121,177,189,56,160
1,<environment.Job instance at 0x148ef714efa0>,82,16,[1 7],122,189,205,67,176
1,<environment.Job instance at 0x148ef7153f00>,90,1,[5 2],133,177,178,44,176
1,<environment.Job instance at 0x148ef7153a50>,91,1,[5 2],134,178,179,44,176
1,<environment.Job instance at 0x148ef714ecd0>,74,2,[1 5],108,205,207,97,190
1,<environment.Job instance at 0x148ef7157320>,93,18,[1 5],137,243,261,106,243
1,<environment.Job instance at 0x148ef786ee60>,10,3,[7 2],14,264,267,250,264
1,<environment.Job instance at 0x148ef71570f0>,92,16,[1 9],136,449,465,313,449
1,<environment.Job instance at 0x148ef7863280>,1,2,[1 7],5,5,7,0,5
1,<environment.Job instance at 0x148f00692c30>,6,1,[1 8],14,14,15,0,14
1,<environment.Job instance at 0x148f006926e0>,12,3,[1 7],22,22,25,0,22
1,<environment.Job instance at 0x148f00692320>,10,14,[5 1],20,25,39,5,25
1,<environment.Job instance at 0x148f012cb730>,16,3,[9 1],27,39,42,12,27
1,<environment.Job instance at 0x148f011fb5f0>,17,3,[2 7],28,28,31,0,28
1,<environment.Job instance at 0x148f00657820>,18,2,[ 2 10],30,42,44,12,30
1,<environment.Job instance at 0x148f00657780>,19,13,[9 1],32,44,57,12,37
1,<environment.Job instance at 0x148f006a17d0>,22,12,[10  2],39,57,69,18,40
1,<environment.Job instance at 0x148f006a5f00>,24,1,[5 2],41,69,70,28,41
1,<environment.Job instance at 0x148f0068c320>,25,1,[1 6],42,44,45,2,42
1,<environment.Job instance at 0x148f0071e780>,46,18,[ 1 10],77,103,121,26,103
1,<environment.Job instance at 0x148f0067b230>,56,13,[ 2 10],91,121,134,30,105
1,<environment.Job instance at 0x148f0067baf0>,57,3,[1 6],92,134,137,42,108
1,<environment.Job instance at 0x148f0067b0f0>,59,2,[1 7],94,137,139,43,110
1,<environment.Job instance at 0x148f0067b280>,61,1,[5 1],97,134,135,37,112
1,<environment.Job instance at 0x148f0067b6e0>,62,2,[2 8],98,139,141,41,112
1,<environment.Job instance at 0x148f0066f9b0>,73,15,[ 1 10],115,141,156,26,137
1,<environment.Job instance at 0x148f00680910>,75,1,[7 1],119,137,138,18,137
1,<environment.Job instance at 0x148f006805f0>,76,2,[1 8],121,156,158,35,137
1,<environment.Job instance at 0x148f00680a00>,77,1,[1 6],122,158,159,36,137
1,<environment.Job instance at 0x148f006809b0>,79,2,[8 2],124,138,140,14,137
1,<environment.Job instance at 0x148f00680320>,80,2,[5 2],125,156,158,31,137
1,<environment.Job instance at 0x148f00680870>,81,3,[1 8],127,159,162,32,137
1,<environment.Job instance at 0x148f00680780>,82,2,[5 2],129,158,160,29,137
1,<environment.Job instance at 0x148f006767d0>,83,2,[2 7],131,162,164,31,137
1,<environment.Job instance at 0x148f00676820>,84,3,[ 2 10],133,164,167,31,138
1,<environment.Job instance at 0x148f00676fa0>,85,1,[1 5],134,167,168,33,139
1,<environment.Job instance at 0x148f007230a0>,88,2,[5 2],138,160,162,22,151
1,<environment.Job instance at 0x148f00723f50>,89,2,[1 5],139,167,169,28,152
1,<environment.Job instance at 0x148f006a51e0>,27,17,[1 5],44,176,193,132,176
1,<environment.Job instance at 0x148f006a59b0>,23,18,[2 5],40,189,207,149,189
1,<environment.Job instance at 0x148ef6ac4190>,3,14,[ 1 10],6,6,20,0,6
1,<environment.Job instance at 0x148ef6ac4eb0>,6,14,[2 5],9,20,34,11,9
1,<environment.Job instance at 0x148ef6b5b5a0>,10,3,[9 2],13,34,37,21,22
1,<environment.Job instance at 0x148ef69c62d0>,20,1,[6 2],28,28,29,0,28
1,<environment.Job instance at 0x148ef6ab9c30>,21,15,[2 7],29,37,52,8,29
1,<environment.Job instance at 0x148efaa0a410>,24,14,[ 2 10],32,52,66,20,39
1,<environment.Job instance at 0x148ef69c64b0>,18,18,[6 2],23,66,84,43,57
1,<environment.Job instance at 0x148efbfe5780>,44,1,[7 2],59,84,85,25,60
1,<environment.Job instance at 0x148ef9f0de10>,46,3,[1 9],61,85,88,24,61
1,<environment.Job instance at 0x148ef9d37640>,49,14,[ 2 10],64,88,102,24,75
1,<environment.Job instance at 0x148ef6a78d20>,13,17,[1 9],16,165,182,149,165
1,<environment.Job instance at 0x148ef69cdd70>,77,18,[1 8],107,212,230,105,212
1,<environment.Job instance at 0x148ef6a1c7d0>,83,13,[9 2],117,236,249,119,236
1,<environment.Job instance at 0x148ef6a1cb40>,89,15,[10  1],128,358,373,230,358
1,<environment.Job instance at 0x148ef73b69b0>,1,2,[9 2],2,2,4,0,2
1,<environment.Job instance at 0x148ef9f56dc0>,4,3,[1 7],6,6,9,0,6
1,<environment.Job instance at 0x148f4cd55a00>,5,18,[1 8],7,9,27,2,8
1,<environment.Job instance at 0x148ef69c6500>,8,1,[7 2],11,11,12,0,11
1,<environment.Job instance at 0x148ef69c6f00>,9,15,[7 2],12,12,27,0,12
1,<environment.Job instance at 0x148ef69c6820>,7,15,[10  2],10,27,42,17,26
1,<environment.Job instance at 0x148ef69c6dc0>,11,22,[7 2],15,42,64,27,37
1,<environment.Job instance at 0x148efac2c280>,30,3,[2 7],40,42,45,2,40
1,<environment.Job instance at 0x148ef73b6640>,3,15,[2 6],5,63,78,58,63
1,<environment.Job instance at 0x148f012bddc0>,34,3,[6 2],45,64,67,19,63
1,<environment.Job instance at 0x148efd6852d0>,35,2,[1 6],47,78,80,31,63
1,<environment.Job instance at 0x148ef69c66e0>,16,17,[10  2],24,307,324,283,307
1,<environment.Job instance at 0x148f01268dc0>,54,13,[1 8],73,324,337,251,308
1,<environment.Job instance at 0x148efa8bf230>,58,12,[8 2],80,324,336,244,322
1,<environment.Job instance at 0x148efa846190>,51,18,[10  2],70,337,355,267,326
1,<environment.Job instance at 0x148ef6d103c0>,70,14,[9 2],98,363,377,265,363
1,<environment.Job instance at 0x148ef7146eb0>,66,16,[10  2],91,386,402,295,386
1,<environment.Job instance at 0x148f012497d0>,75,1,[2 8],107,402,403,295,386
1,<environment.Job instance at 0x148f01249d70>,76,2,[7 2],110,402,404,292,386
1,<environment.Job instance at 0x148f012c45f0>,77,14,[10  1],111,404,418,293,389
1,<environment.Job instance at 0x148f012490f0>,78,17,[1 6],113,418,435,305,406
1,<environment.Job instance at 0x148ef6e16b40>,1,3,[2 7],3,3,6,0,3
1,<environment.Job instance at 0x148efa9dc870>,7,17,[2 5],13,14,31,1,14
1,<environment.Job instance at 0x148efa9dc910>,10,3,[7 2],18,18,21,0,18
1,<environment.Job instance at 0x148efa9dc0f0>,9,17,[9 1],17,31,48,14,19
1,<environment.Job instance at 0x148f00742690>,14,1,[1 9],26,31,32,5,26
1,<environment.Job instance at 0x148ef73aab90>,16,1,[1 7],28,32,33,4,28
1,<environment.Job instance at 0x148f0053f280>,17,3,[8 1],30,48,51,18,30
1,<environment.Job instance at 0x148ef73aa8c0>,18,3,[2 5],32,48,51,16,33
1,<environment.Job instance at 0x148ef83dfb90>,19,13,[1 9],34,35,48,1,35
1,<environment.Job instance at 0x148f0055aa50>,21,1,[1 9],37,51,52,14,37
1,<environment.Job instance at 0x148f0055aa00>,22,3,[ 1 10],38,52,55,14,38
1,<environment.Job instance at 0x148f00577640>,25,1,[1 5],42,55,56,13,42
1,<environment.Job instance at 0x148f00577a00>,26,2,[8 1],43,55,57,12,43
1,<environment.Job instance at 0x148efa854410>,27,1,[5 2],45,57,58,12,45
1,<environment.Job instance at 0x148ef6e16460>,2,18,[2 8],4,56,74,52,53
1,<environment.Job instance at 0x148ef78d05f0>,34,14,[8 2],56,58,72,2,58
1,<environment.Job instance at 0x148efacd2fa0>,37,3,[2 6],60,74,77,14,60
1,<environment.Job instance at 0x148efacd2e60>,38,20,[5 1],61,72,92,11,63
1,<environment.Job instance at 0x148eface4730>,44,1,[6 2],70,92,93,22,70
1,<environment.Job instance at 0x148eface4f00>,45,1,[ 2 10],72,93,94,21,72
1,<environment.Job instance at 0x148eface4c80>,46,2,[5 2],75,77,79,2,75
1,<environment.Job instance at 0x148eface4780>,47,14,[ 1 10],76,94,108,18,86
1,<environment.Job instance at 0x148efacd9460>,56,14,[1 9],88,108,122,20,93
1,<environment.Job instance at 0x148efacd90f0>,57,15,[1 5],89,122,137,33,109
1,<environment.Job instance at 0x148ef6a74730>,67,2,[1 7],105,137,139,32,110
1,<environment.Job instance at 0x148ef6a74690>,68,1,[2 7],106,139,140,33,111
1,<environment.Job instance at 0x148ef6a744b0>,69,2,[1 9],107,140,142,33,113
1,<environment.Job instance at 0x148f01372f50>,72,17,[8 2],113,122,139,9,117
1,<environment.Job instance at 0x148ef6a740a0>,70,16,[2 5],108,142,158,34,138
1,<environment.Job instance at 0x148efa9c8b90>,87,1,[1 7],135,158,159,23,138
1,<environment.Job instance at 0x148efac9f140>,8,3,[1 8],12,13,16,1,13
1,<environment.Job instance at 0x148efac9fe60>,10,2,[2 9],14,16,18,2,14
1,<environment.Job instance at 0x148f00585780>,11,2,[2 8],15,18,20,3,16
1,<environment.Job instance at 0x148f48099be0>,12,1,[2 6],17,20,21,3,17
1,<environment.Job instance at 0x148f480995f0>,14,2,[8 1],21,21,23,0,21
1,<environment.Job instance at 0x148f005538c0>,15,1,[2 9],23,23,24,0,23
1,<environment.Job instance at 0x148f00553c30>,17,3,[2 7],26,26,29,0,26
1,<environment.Job instance at 0x148f00553fa0>,18,1,[10  1],27,29,30,2,27
1,<environment.Job instance at 0x148f005a2af0>,20,15,[5 1],29,30,45,1,29
1,<environment.Job instance at 0x148f005a2820>,21,2,[2 9],30,30,32,0,30
1,<environment.Job instance at 0x148ef6b47f00>,23,3,[1 5],32,32,35,0,32
1,<environment.Job instance at 0x148f02c606e0>,24,3,[1 6],33,35,38,2,33
1,<environment.Job instance at 0x148f02c60410>,25,2,[2 6],34,38,40,4,34
1,<environment.Job instance at 0x148efacda6e0>,26,1,[9 1],35,45,46,10,35
1,<environment.Job instance at 0x148efacda7d0>,27,1,[ 2 10],36,46,47,10,36
1,<environment.Job instance at 0x148efacdadc0>,28,2,[1 8],38,40,42,2,38
1,<environment.Job instance at 0x148ef9b1f280>,30,12,[ 2 10],41,47,59,6,41
1,<environment.Job instance at 0x148efacdaa00>,31,3,[10  2],42,59,62,17,42
1,<environment.Job instance at 0x148efad237d0>,32,1,[1 7],44,45,46,1,45
1,<environment.Job instance at 0x148efad23a50>,34,2,[5 2],46,62,64,16,46
1,<environment.Job instance at 0x148efad230a0>,33,3,[1 6],45,62,65,17,46
1,<environment.Job instance at 0x148ef9b1f8c0>,29,16,[5 1],39,64,80,25,52
1,<environment.Job instance at 0x148f0073e410>,40,2,[1 5],53,65,67,12,53
1,<environment.Job instance at 0x148f0073e500>,41,12,[1 9],54,77,89,23,77
1,<environment.Job instance at 0x148ef70ee050>,52,3,[8 2],66,89,92,23,77
1,<environment.Job instance at 0x148eff2df0a0>,53,12,[2 9],67,92,104,25,77
1,<environment.Job instance at 0x148ef9ba6780>,35,16,[8 1],48,92,108,44,79
1,<environment.Job instance at 0x148f011dfdc0>,56,1,[7 2],71,108,109,37,80
1,<environment.Job instance at 0x148ef9e386e0>,58,1,[ 1 10],73,109,110,36,89
1,<environment.Job instance at 0x148ef9e38c30>,59,2,[2 6],74,89,91,15,89
1,<environment.Job instance at 0x148ef9e38a00>,60,1,[ 2 10],75,110,111,35,90
1,<environment.Job instance at 0x148ef9e38aa0>,61,1,[2 9],77,104,105,27,90
1,<environment.Job instance at 0x148f011dfa50>,57,12,[8 2],72,111,123,39,94
1,<environment.Job instance at 0x148f012183c0>,63,12,[2 8],84,111,123,27,94
1,<environment.Job instance at 0x148efaa0b370>,64,3,[10  2],85,123,126,38,97
1,<environment.Job instance at 0x148ef9cdd230>,65,1,[7 1],87,126,127,39,98
1,<environment.Job instance at 0x148f0133c050>,66,14,[1 5],88,126,140,38,111
1,<environment.Job instance at 0x148ef700e320>,71,1,[6 1],98,127,128,29,111
1,<environment.Job instance at 0x148ef711f5f0>,72,2,[7 1],99,128,130,29,111
1,<environment.Job instance at 0x148ef77e85a0>,73,1,[1 8],100,140,141,40,112
1,<environment.Job instance at 0x148ef700e3c0>,75,15,[1 9],103,141,156,38,127
1,<environment.Job instance at 0x148ef6b5b3c0>,80,1,[6 2],111,130,131,19,127
1,<environment.Job instance at 0x148ef6fda320>,62,16,[6 1],78,131,147,53,127
1,<environment.Job instance at 0x148ef9ba6af0>,36,1,[9 2],49,156,157,107,153
1,<environment.Job instance at 0x148efa835820>,81,14,[9 2],114,157,171,43,153
1,<environment.Job instance at 0x148efa7be9b0>,91,12,[5 1],127,171,183,44,154
1,<environment.Job instance at 0x148efa7f3dc0>,92,1,[5 2],128,171,172,43,154
1,<environment.Job instance at 0x148efa8ffe10>,93,13,[1 7],129,156,169,27,154
1,<environment.Job instance at 0x148f013861e0>,94,12,[9 2],130,183,195,53,166
1,<environment.Job instance at 0x148ef783cd70>,97,3,[6 2],134,195,198,61,169
1,<environment.Job instance at 0x148ef783c780>,98,1,[9 2],135,198,199,63,170
1,<environment.Job instance at 0x148ef780d870>,99,3,[6 1],137,199,202,62,173
1,<environment.Job instance at 0x148ef9ba6dc0>,38,13,[1 6],51,199,212,148,199
1,<environment.Job instance at 0x148ef783c550>,96,16,[7 1],133,213,229,80,213
1,<environment.Job instance at 0x148efa9426e0>,3,15,[2 9],5,8,23,3,8
1,<environment.Job instance at 0x148ef77e8820>,7,13,[ 2 10],9,23,36,14,9
1,<environment.Job instance at 0x148ef77e8b90>,8,2,[2 5],12,36,38,24,12
1,<environment.Job instance at 0x148efc009be0>,10,12,[8 2],17,36,48,19,35
1,<environment.Job instance at 0x148ef7926eb0>,21,1,[7 2],34,48,49,14,35
1,<environment.Job instance at 0x148f0351fb40>,25,3,[1 7],38,38,41,0,38
1,<environment.Job instance at 0x148efa938820>,23,13,[10  2],36,49,62,13,40
1,<environment.Job instance at 0x148f00655aa0>,26,1,[8 2],40,62,63,22,41
1,<environment.Job instance at 0x148f00734b40>,24,1,[2 6],37,62,63,25,51
1,<environment.Job instance at 0x148f01234a50>,28,1,[5 2],45,63,64,18,55
1,<environment.Job instance at 0x148ef6f43190>,34,2,[ 2 10],56,64,66,8,56
1,<environment.Job instance at 0x148f006b1b90>,30,2,[10  2],51,66,68,15,58
1,<environment.Job instance at 0x148ef9cdd690>,19,17,[8 1],32,68,85,36,58
1,<environment.Job instance at 0x148ef9abd5a0>,40,3,[7 2],65,85,88,20,65
1,<environment.Job instance at 0x148ef9abd8c0>,41,2,[ 2 10],67,88,90,21,67
1,<environment.Job instance at 0x148ef9abd3c0>,42,2,[1 5],68,68,70,0,68
1,<environment.Job instance at 0x148ef9abdcd0>,43,1,[10  2],69,90,91,21,69
1,<environment.Job instance at 0x148f0137a1e0>,44,2,[ 1 10],70,91,93,21,70
1,<environment.Job instance at 0x148f015faf50>,35,18,[8 1],58,93,111,35,82
1,<environment.Job instance at 0x148f0137acd0>,52,18,[1 9],78,93,111,15,92
1,<environment.Job instance at 0x148f0137a8c0>,59,12,[5 1],86,111,123,25,94
1,<environment.Job instance at 0x148f0137aa00>,60,13,[1 7],87,111,124,24,97
1,<environment.Job instance at 0x148f0137aeb0>,46,2,[8 2],72,123,125,51,119
1,<environment.Job instance at 0x148ef6afe640>,63,13,[1 8],91,124,137,33,123
1,<environment.Job instance at 0x148ef6feaa50>,75,17,[9 1],112,125,142,13,123
1,<environment.Job instance at 0x148ef6fea410>,72,3,[6 2],108,386,389,278,386
1,<environment.Job instance at 0x148ef68f55a0>,2,3,[2 9],3,4,7,1,4
1,<environment.Job instance at 0x148ef78deeb0>,3,13,[2 7],5,7,20,2,6
1,<environment.Job instance at 0x148ef78c50a0>,7,1,[2 6],9,20,21,11,9
1,<environment.Job instance at 0x148efa8aef50>,8,1,[9 2],10,21,22,11,10
1,<environment.Job instance at 0x148ef78c2c30>,4,3,[10  2],6,22,25,16,10
1,<environment.Job instance at 0x148ef7899c30>,9,2,[ 1 10],11,25,27,14,11
1,<environment.Job instance at 0x148ef78b3c30>,10,3,[10  2],12,27,30,15,16
1,<environment.Job instance at 0x148ef78b3c80>,13,1,[1 5],18,21,22,3,18
1,<environment.Job instance at 0x148ef6c96a50>,14,3,[8 2],20,30,33,10,20
1,<environment.Job instance at 0x148ef78b3b90>,11,14,[7 2],15,33,47,18,20
1,<environment.Job instance at 0x148ef78b3af0>,17,12,[1 6],23,30,42,7,23
1,<environment.Job instance at 0x148efac79320>,19,2,[2 7],25,42,44,17,25
1,<environment.Job instance at 0x148ef7054aa0>,20,12,[2 6],26,44,56,18,27
1,<environment.Job instance at 0x148efad499b0>,22,3,[5 2],28,47,50,19,28
1,<environment.Job instance at 0x148ef6c9e4b0>,23,1,[8 2],30,50,51,20,30
1,<environment.Job instance at 0x148ef9ad28c0>,24,3,[10  2],31,56,59,25,31
1,<environment.Job instance at 0x148f012c40f0>,37,1,[1 5],49,59,60,10,49
1,<environment.Job instance at 0x148ef7b73730>,39,2,[5 1],52,54,56,2,54
1,<environment.Job instance at 0x148efac71c30>,41,3,[8 2],57,59,62,2,57
1,<environment.Job instance at 0x148ef9e03f00>,43,2,[2 5],61,62,64,1,62
1,<environment.Job instance at 0x148ef9e03550>,42,14,[1 6],60,64,78,4,62
1,<environment.Job instance at 0x148efac71aa0>,40,13,[10  2],54,78,91,24,67
1,<environment.Job instance at 0x148ef78f4640>,49,12,[2 8],68,91,103,23,74
1,<environment.Job instance at 0x148ef6e11370>,53,3,[5 2],74,74,77,0,74
1,<environment.Job instance at 0x148ef6e11320>,54,2,[1 7],75,103,105,28,76
1,<environment.Job instance at 0x148ef6e11af0>,55,3,[8 1],76,91,94,15,76
1,<environment.Job instance at 0x148ef78f4280>,50,2,[10  2],69,105,107,36,79
1,<environment.Job instance at 0x148ef6e11e60>,56,2,[2 5],79,107,109,28,80
1,<environment.Job instance at 0x148ef6e1aa00>,68,2,[10  1],92,109,111,17,93
1,<environment.Job instance at 0x148ef7b830a0>,70,3,[5 1],94,102,105,8,102
1,<environment.Job instance at 0x148ef7b83320>,71,1,[9 2],98,118,119,20,118
1,<environment.Job instance at 0x148ef6e1a6e0>,61,16,[2 5],84,120,136,36,120
1,<environment.Job instance at 0x148ef7b83820>,78,1,[7 2],109,120,121,11,120
1,<environment.Job instance at 0x148ef7b834b0>,79,1,[ 1 10],110,136,137,26,120
1,<environment.Job instance at 0x148ef7b83780>,80,16,[ 2 10],111,141,157,30,141
1,<environment.Job instance at 0x148ef7b54d20>,86,12,[2 9],122,157,169,35,155
1,<environment.Job instance at 0x148ef7b54a50>,87,3,[2 6],123,169,172,46,157
1,<environment.Job instance at 0x148ef7b542d0>,88,18,[9 1],125,180,198,55,180
1,<environment.Job instance at 0x148ef9037fa0>,1,1,[8 1],3,3,4,0,3
1,<environment.Job instance at 0x148ef9037320>,4,3,[5 2],7,9,12,2,9
1,<environment.Job instance at 0x148f039b7190>,7,3,[1 9],10,12,15,2,10
1,<environment.Job instance at 0x148ef698ae10>,8,3,[1 6],14,15,18,1,14
1,<environment.Job instance at 0x148f039b7140>,9,3,[2 5],15,18,21,3,15
1,<environment.Job instance at 0x148ef698a0a0>,5,13,[7 2],8,17,30,9,17
1,<environment.Job instance at 0x148ef7830f50>,12,16,[2 9],18,30,46,12,18
1,<environment.Job instance at 0x148ef6b31aa0>,14,2,[2 7],21,21,23,0,21
1,<environment.Job instance at 0x148ef6b310a0>,15,15,[10  2],23,46,61,23,36
1,<environment.Job instance at 0x148efa7cb5f0>,27,14,[1 8],37,61,75,24,46
1,<environment.Job instance at 0x148ef9e9e870>,35,2,[10  2],46,75,77,29,48
1,<environment.Job instance at 0x148ef6c41780>,38,17,[1 9],51,77,94,26,75
1,<environment.Job instance at 0x148ef6b31a50>,16,2,[1 5],24,94,96,70,94
1,<environment.Job instance at 0x148f039b7fa0>,10,27,[ 2 10],16,96,123,80,96
1,<environment.Job instance at 0x148efac995f0>,67,14,[2 9],98,123,137,25,113
1,<environment.Job instance at 0x148ef7876230>,68,2,[1 6],99,137,139,38,113
1,<environment.Job instance at 0x148efac998c0>,65,2,[1 5],94,139,141,45,113
1,<environment.Job instance at 0x148ef7876960>,70,1,[10  1],102,141,142,39,113
1,<environment.Job instance at 0x148ef7876dc0>,72,2,[8 1],104,123,125,19,113
1,<environment.Job instance at 0x148ef7876e60>,73,3,[ 2 10],105,142,145,37,116
1,<environment.Job instance at 0x148ef7876460>,71,3,[5 1],103,125,128,22,119
1,<environment.Job instance at 0x148ef7876cd0>,78,3,[1 9],112,145,148,33,126
1,<environment.Job instance at 0x148ef78766e0>,77,12,[1 9],111,148,160,37,131
1,<environment.Job instance at 0x148ef6bb24b0>,85,1,[6 2],121,137,138,16,131
1,<environment.Job instance at 0x148ef6bb2d20>,86,2,[1 7],123,160,162,37,133
1,<environment.Job instance at 0x148ef6bb27d0>,87,17,[5 1],124,145,162,21,133
1,<environment.Job instance at 0x148ef6bb2730>,88,2,[2 8],125,162,164,37,135
1,<environment.Job instance at 0x148ef6bb2aa0>,89,1,[6 1],126,135,136,9,135
1,<environment.Job instance at 0x148f006afe10>,90,3,[8 2],127,138,141,11,135
1,<environment.Job instance at 0x148f006af460>,91,17,[1 8],128,164,181,36,153
1,<environment.Job instance at 0x148f006af0a0>,96,2,[2 6],134,181,183,47,154
1,<environment.Job instance at 0x148efa804960>,18,19,[2 5],26,476,495,450,476
1,<environment.Job instance at 0x148ef6396fa0>,1,3,[2 5],2,2,5,0,2
1,<environment.Job instance at 0x148ef6396c30>,0,16,[1 7],1,5,21,4,3
1,<environment.Job instance at 0x148efa901640>,7,18,[10  1],9,21,39,12,12
1,<environment.Job instance at 0x148ef9abb690>,8,2,[1 6],10,39,41,29,18
1,<environment.Job instance at 0x148ef6aa1e10>,14,2,[6 2],19,39,41,20,20
1,<environment.Job instance at 0x148ef698aa50>,16,2,[2 7],21,41,43,20,21
1,<environment.Job instance at 0x148ef6dbc5f0>,17,1,[7 2],22,41,42,19,22
1,<environment.Job instance at 0x148ef7840a50>,18,1,[1 9],23,43,44,20,25
1,<environment.Job instance at 0x148efa901c80>,13,15,[10  2],18,44,59,26,40
1,<environment.Job instance at 0x148f01200780>,34,2,[2 8],43,59,61,16,46
1,<environment.Job instance at 0x148f0070f0a0>,36,2,[6 1],47,59,61,12,48
1,<environment.Job instance at 0x148f0070f050>,37,1,[5 2],50,61,62,11,53
1,<environment.Job instance at 0x148efaa0a820>,41,3,[ 2 10],55,62,65,7,55
1,<environment.Job instance at 0x148ef702faf0>,21,1,[10  1],27,65,66,38,56
1,<environment.Job instance at 0x148efa8d9690>,43,2,[8 2],58,66,68,8,58
1,<environment.Job instance at 0x148f00656d70>,46,3,[1 8],61,66,69,5,61
1,<environment.Job instance at 0x148f00656a00>,48,2,[10  1],63,86,88,23,86
1,<environment.Job instance at 0x148ef9cddc30>,59,2,[2 8],80,88,90,8,86
1,<environment.Job instance at 0x148ef6494550>,60,2,[2 5],81,90,92,9,89
1,<environment.Job instance at 0x148ef64945a0>,61,16,[8 1],83,92,108,9,92
1,<environment.Job instance at 0x148ef9d72820>,62,2,[2 6],84,92,94,8,92
1,<environment.Job instance at 0x148ef77cd820>,63,1,[10  2],85,108,109,23,92
1,<environment.Job instance at 0x148f00656640>,47,17,[7 1],62,109,126,47,98
1,<environment.Job instance at 0x148f006a5f50>,67,3,[5 2],90,126,129,36,101
1,<environment.Job instance at 0x148f006a5b90>,68,2,[2 9],92,101,103,9,101
1,<environment.Job instance at 0x148ef6eded20>,71,2,[2 9],96,111,113,15,111
1,<environment.Job instance at 0x148ef6ede050>,72,12,[8 1],99,129,141,30,112
1,<environment.Job instance at 0x148f0121f320>,73,18,[1 6],100,113,131,13,112
1,<environment.Job instance at 0x148f012880f0>,74,2,[10  1],102,141,143,39,114
1,<environment.Job instance at 0x148f012884b0>,75,3,[9 2],103,143,146,40,117
1,<environment.Job instance at 0x148f01288b40>,76,1,[2 9],104,131,132,27,117
1,<environment.Job instance at 0x148f012887d0>,77,1,[7 2],106,146,147,40,118
1,<environment.Job instance at 0x148f01288230>,79,13,[9 2],114,147,160,33,135
1,<environment.Job instance at 0x148ef9deb050>,81,14,[7 1],116,160,174,44,145
1,<environment.Job instance at 0x148ef6ee1c80>,85,20,[9 1],125,174,194,49,165
1,<environment.Job instance at 0x148ef69988c0>,88,1,[1 7],129,166,167,37,166
1,<environment.Job instance at 0x148ef77cddc0>,64,18,[5 2],86,194,212,108,184
1,<environment.Job instance at 0x148ef6ee1460>,89,18,[2 6],130,237,255,107,237
1,<environment.Job instance at 0x148ef9bcf370>,2,1,[2 6],4,4,5,0,4
1,<environment.Job instance at 0x148ef9c5ceb0>,3,2,[ 2 10],5,5,7,0,5
1,<environment.Job instance at 0x148f02c64b90>,5,2,[10  1],8,8,10,0,8
1,<environment.Job instance at 0x148f01370550>,6,3,[ 2 10],9,10,13,1,9
1,<environment.Job instance at 0x148f02c640a0>,1,3,[1 6],3,13,16,10,9
1,<environment.Job instance at 0x148ef9c5c050>,8,1,[9 1],11,13,14,2,12
1,<environment.Job instance at 0x148f03545960>,11,3,[9 2],15,15,18,0,15
1,<environment.Job instance at 0x148ef9d2eaa0>,14,1,[2 9],19,19,20,0,19
1,<environment.Job instance at 0x148ef9d2e960>,15,3,[ 1 10],20,20,23,0,20
1,<environment.Job instance at 0x148ef9d2e0f0>,16,1,[1 9],21,23,24,2,21
1,<environment.Job instance at 0x148ef9d2e320>,17,3,[7 2],22,24,27,2,22
1,<environment.Job instance at 0x148ef9d2e410>,18,15,[7 2],23,27,42,4,23
1,<environment.Job instance at 0x148ef6e117d0>,19,3,[ 1 10],25,42,45,17,25
1,<environment.Job instance at 0x148ef6e11fa0>,20,2,[5 2],28,45,47,17,28
1,<environment.Job instance at 0x148ef9bd9230>,22,3,[2 6],31,34,37,3,34
1,<environment.Job instance at 0x148ef9bd9910>,25,1,[1 7],34,37,38,3,34
1,<environment.Job instance at 0x148f006ede60>,28,2,[1 9],38,47,49,9,45
1,<environment.Job instance at 0x148f00748140>,12,17,[ 2 10],16,51,68,35,51
1,<environment.Job instance at 0x148ef6d723c0>,36,1,[5 2],52,68,69,16,52
1,<environment.Job instance at 0x148f01320280>,37,1,[5 1],53,68,69,15,53
1,<environment.Job instance at 0x148f01320410>,38,2,[1 5],56,69,71,13,56
1,<environment.Job instance at 0x148f013201e0>,39,12,[ 1 10],57,71,83,14,59
1,<environment.Job instance at 0x148ef7067f00>,42,2,[ 2 10],60,83,85,23,60
1,<environment.Job instance at 0x148ef9e4edc0>,54,1,[7 2],74,89,90,15,89
1,<environment.Job instance at 0x148ef9ed3c30>,64,13,[5 2],84,94,107,10,94
1,<environment.Job instance at 0x148ef9ed3fa0>,65,18,[2 8],85,94,112,9,94
1,<environment.Job instance at 0x148ef9ed36e0>,67,3,[7 1],87,107,110,20,94
1,<environment.Job instance at 0x148ef9ed3910>,68,2,[5 1],88,110,112,22,94
1,<environment.Job instance at 0x148ef9ed3280>,69,14,[10  2],89,112,126,23,97
1,<environment.Job instance at 0x148efa854550>,71,17,[9 1],91,126,143,35,117
1,<environment.Job instance at 0x148efa854730>,72,15,[1 7],92,126,141,34,117
1,<environment.Job instance at 0x148efa8546e0>,73,1,[6 1],94,143,144,49,117
1,<environment.Job instance at 0x148efa854af0>,75,3,[10  2],96,144,147,48,121
1,<environment.Job instance at 0x148efa8ba190>,76,3,[9 1],97,147,150,50,121
1,<environment.Job instance at 0x148efa8bac80>,79,2,[2 7],102,150,152,48,123
1,<environment.Job instance at 0x148efa8baaf0>,82,3,[5 1],105,150,153,45,137
1,<environment.Job instance at 0x148efa8ba0a0>,84,3,[1 9],108,141,144,33,137
1,<environment.Job instance at 0x148efa8ba960>,85,2,[ 1 10],109,153,155,44,137
1,<environment.Job instance at 0x148efa8ba140>,89,3,[8 1],114,155,158,41,137
1,<environment.Job instance at 0x148efa8babe0>,91,3,[10  1],121,158,161,37,137
1,<environment.Job instance at 0x148efc009050>,94,1,[9 2],126,161,162,35,143
1,<environment.Job instance at 0x148efc009640>,95,2,[1 8],128,147,149,19,143
1,<environment.Job instance at 0x148ef6d72690>,34,18,[1 9],50,769,787,719,769
1,<environment.Job instance at 0x148ef6d720f0>,35,18,[ 2 10],51,903,921,852,903
1,<environment.Job instance at 0x148efc009c80>,97,17,[9 1],135,1206,1223,1071,1206
1,<environment.Job instance at 0x148efa82bfa0>,5,1,[1 8],6,6,7,0,6
1,<environment.Job instance at 0x148efc009c80>,6,13,[2 7],7,8,21,1,8
1,<environment.Job instance at 0x148efa82bc80>,4,3,[2 6],5,21,24,16,10
1,<environment.Job instance at 0x148efa97c190>,9,1,[2 5],12,24,25,12,12
1,<environment.Job instance at 0x148efa97cb90>,12,15,[ 2 10],16,25,40,9,16
1,<environment.Job instance at 0x148ef9f06960>,14,3,[8 1],18,40,43,22,32
1,<environment.Job instance at 0x148ef6edba50>,19,1,[1 5],25,40,41,15,32
1,<environment.Job instance at 0x148ef9f23be0>,21,1,[2 6],27,41,42,14,37
1,<environment.Job instance at 0x148ef6999780>,25,3,[6 1],33,43,46,10,37
1,<environment.Job instance at 0x148ef6999b90>,22,15,[1 7],28,42,57,14,39
1,<environment.Job instance at 0x148ef9a68190>,32,12,[8 1],43,53,65,10,53
1,<environment.Job instance at 0x148efa8586e0>,31,16,[7 2],42,65,81,23,53
1,<environment.Job instance at 0x148ef7873230>,38,1,[9 1],56,81,82,25,62
1,<environment.Job instance at 0x148ef7873870>,37,13,[9 2],55,82,95,27,66
1,<environment.Job instance at 0x148ef7873b90>,40,1,[1 5],58,66,67,8,66
1,<environment.Job instance at 0x148ef7873af0>,41,3,[10  1],59,95,98,36,69
1,<environment.Job instance at 0x148ef78734b0>,42,3,[2 9],61,98,101,37,72
1,<environment.Job instance at 0x148efa97c960>,10,16,[1 6],13,101,117,88,90
1,<environment.Job instance at 0x148f0131dc30>,52,3,[5 1],77,98,101,21,90
1,<environment.Job instance at 0x148ef7092e60>,54,1,[8 1],80,101,102,21,90
1,<environment.Job instance at 0x148ef6f46d20>,55,12,[6 1],81,102,114,21,91
1,<environment.Job instance at 0x148ef9a90a00>,60,16,[8 2],90,119,135,29,119
1,<environment.Job instance at 0x148ef6a47cd0>,70,1,[10  2],101,146,147,45,146
1,<environment.Job instance at 0x148efc001280>,72,2,[2 7],104,147,149,43,146
1,<environment.Job instance at 0x148efc001c80>,73,23,[1 8],106,149,172,43,146
1,<environment.Job instance at 0x148efc0019b0>,74,2,[1 9],109,172,174,63,146
1,<environment.Job instance at 0x148efc001050>,76,3,[1 8],113,174,177,61,148
1,<environment.Job instance at 0x148efa8ce1e0>,78,2,[5 2],115,148,150,33,148
1,<environment.Job instance at 0x148efa8ce050>,79,3,[8 1],117,150,153,33,148
1,<environment.Job instance at 0x148ef7b792d0>,80,2,[6 1],118,153,155,35,148
1,<environment.Job instance at 0x148ef7b79550>,81,3,[6 2],120,155,158,35,148
1,<environment.Job instance at 0x148ef7b79c80>,82,12,[9 2],121,174,186,53,161
1,<environment.Job instance at 0x148ef7875820>,15,15,[2 6],19,287,302,268,287
1,<environment.Job instance at 0x148f00744960>,5,1,[7 2],10,10,11,0,10
1,<environment.Job instance at 0x148f00744780>,6,1,[8 1],11,11,12,0,11
1,<environment.Job instance at 0x148f00744cd0>,8,2,[8 1],13,13,15,0,13
1,<environment.Job instance at 0x148f00744aa0>,9,2,[1 8],15,15,17,0,15
1,<environment.Job instance at 0x148f007440a0>,10,3,[2 8],16,17,20,1,16
1,<environment.Job instance at 0x148f00744b90>,11,1,[8 2],17,17,18,0,17
1,<environment.Job instance at 0x148f007447d0>,12,1,[2 7],20,20,21,0,20
1,<environment.Job instance at 0x148f00744a00>,14,2,[8 2],22,22,24,0,22
1,<environment.Job instance at 0x148ef6829d20>,17,1,[2 5],27,27,28,0,27
1,<environment.Job instance at 0x148ef6829280>,18,3,[9 2],28,28,31,0,28
1,<environment.Job instance at 0x148ef68293c0>,19,3,[1 7],29,29,32,0,29
1,<environment.Job instance at 0x148ef68298c0>,20,1,[2 7],33,33,34,0,33
1,<environment.Job instance at 0x148ef6829140>,22,15,[7 2],35,35,50,0,35
1,<environment.Job instance at 0x148ef6829b90>,23,28,[1 6],36,36,64,0,36
1,<environment.Job instance at 0x148ef6829820>,24,2,[1 9],39,64,66,25,39
1,<environment.Job instance at 0x148f0075d1e0>,33,13,[10  2],55,66,79,11,59
1,<environment.Job instance at 0x148f0075df50>,37,2,[ 1 10],60,79,81,19,60
1,<environment.Job instance at 0x148f0075d500>,38,14,[2 8],61,81,95,20,66
1,<environment.Job instance at 0x148f0075d5f0>,41,1,[9 1],64,95,96,31,67
1,<environment.Job instance at 0x148ef6829050>,21,13,[8 1],34,81,94,47,67
1,<environment.Job instance at 0x148ef711b730>,46,2,[6 1],72,96,98,24,76
1,<environment.Job instance at 0x148ef711b320>,47,1,[1 9],73,95,96,22,76
1,<environment.Job instance at 0x148ef711b410>,48,1,[7 1],74,94,95,20,76
1,<environment.Job instance at 0x148ef711b8c0>,49,2,[2 5],75,96,98,21,76
1,<environment.Job instance at 0x148ef711b640>,50,1,[2 8],76,98,99,22,76
1,<environment.Job instance at 0x148f0075dd70>,34,1,[7 2],56,98,99,42,82
1,<environment.Job instance at 0x148ef6f5d960>,54,2,[2 9],82,99,101,17,83
1,<environment.Job instance at 0x148ef6f5de10>,51,13,[5 2],77,101,114,24,85
1,<environment.Job instance at 0x148ef6f5d320>,55,2,[1 9],83,114,116,31,87
1,<environment.Job instance at 0x148ef711b0a0>,43,17,[1 6],67,116,133,49,104
1,<environment.Job instance at 0x148ef6f5d140>,56,18,[8 1],84,131,149,47,131
1,<environment.Job instance at 0x148ef6f6c280>,77,2,[2 7],114,133,135,19,131
1,<environment.Job instance at 0x148ef6808370>,66,27,[1 7],99,135,162,36,133
1,<environment.Job instance at 0x148ef6808500>,64,18,[2 8],97,195,213,98,195
1,<environment.Job instance at 0x148ef6f5d7d0>,3,3,[8 2],6,8,11,2,8
1,<environment.Job instance at 0x148ef6f5d8c0>,4,17,[ 1 10],8,11,28,3,8
1,<environment.Job instance at 0x148ef7102cd0>,6,1,[5 1],10,28,29,18,11
1,<environment.Job instance at 0x148ef7120370>,7,3,[2 7],12,28,31,16,20
1,<environment.Job instance at 0x148ef9b228c0>,12,3,[2 7],21,31,34,10,24
1,<environment.Job instance at 0x148ef9b229b0>,16,3,[2 6],27,34,37,7,27
1,<environment.Job instance at 0x148ef9b22780>,15,3,[ 2 10],26,37,40,11,29
1,<environment.Job instance at 0x148ef68ee320>,18,3,[6 2],30,30,33,0,30
1,<environment.Job instance at 0x148ef68eeb40>,19,2,[6 2],32,33,35,1,32
1,<environment.Job instance at 0x148ef9e4ea00>,20,2,[9 2],34,40,42,6,34
1,<environment.Job instance at 0x148ef674e0a0>,21,3,[6 2],36,42,45,6,39
1,<environment.Job instance at 0x148ef68ee460>,23,17,[6 1],38,45,62,7,39
1,<environment.Job instance at 0x148ef674e820>,22,1,[1 9],37,46,47,9,46
1,<environment.Job instance at 0x148ef68ee410>,17,13,[8 1],29,62,75,33,48
1,<environment.Job instance at 0x148ef6b64410>,32,1,[9 1],50,75,76,25,50
1,<environment.Job instance at 0x148ef9c5c1e0>,34,1,[8 1],52,76,77,24,52
1,<environment.Job instance at 0x148ef9c5c640>,35,1,[1 5],54,54,55,0,54
1,<environment.Job instance at 0x148ef70ac550>,36,16,[2 5],55,55,71,0,55
1,<environment.Job instance at 0x148ef70accd0>,37,2,[6 2],57,77,79,20,57
1,<environment.Job instance at 0x148ef70aceb0>,38,3,[2 6],58,71,74,13,58
1,<environment.Job instance at 0x148ef70ac410>,39,16,[2 6],60,76,92,16,63
1,<environment.Job instance at 0x148ef63e7eb0>,42,1,[ 1 10],63,92,93,29,64
1,<environment.Job instance at 0x148ef63e7b40>,43,1,[2 5],64,74,75,10,64
1,<environment.Job instance at 0x148ef63e7780>,44,2,[1 9],65,93,95,28,66
1,<environment.Job instance at 0x148ef63e79b0>,45,15,[8 2],66,95,110,29,81
1,<environment.Job instance at 0x148f0353be10>,56,2,[9 1],83,93,95,10,83
1,<environment.Job instance at 0x148f0353bc30>,57,2,[8 2],87,87,89,0,87
1,<environment.Job instance at 0x148f0353b0f0>,58,3,[5 1],88,89,92,1,88
1,<environment.Job instance at 0x148f0353b9b0>,59,17,[1 8],89,95,112,6,89
1,<environment.Job instance at 0x148f0353b320>,60,2,[9 2],91,110,112,19,91
1,<environment.Job instance at 0x148ef9be4a00>,61,2,[2 5],92,112,114,20,92
1,<environment.Job instance at 0x148ef9be4690>,62,3,[8 1],93,112,115,19,93
1,<environment.Job instance at 0x148ef9be4d20>,63,1,[2 8],94,114,115,20,94
1,<environment.Job instance at 0x148ef9be4c30>,64,1,[ 1 10],97,115,116,18,97
1,<environment.Job instance at 0x148ef9be4280>,65,2,[1 8],100,116,118,16,100
1,<environment.Job instance at 0x148ef9be4780>,66,1,[9 2],101,116,117,15,101
1,<environment.Job instance at 0x148ef9be4f00>,67,2,[2 6],102,118,120,16,102
1,<environment.Job instance at 0x148ef9be4910>,68,15,[7 1],103,117,132,14,103
1,<environment.Job instance at 0x148ef9be4410>,69,3,[1 7],104,120,123,16,104
1,<environment.Job instance at 0x148ef9be4960>,70,14,[9 1],106,132,146,26,117
1,<environment.Job instance at 0x148ef9be4fa0>,74,3,[1 7],111,123,126,12,118
1,<environment.Job instance at 0x148ef6ed40f0>,75,3,[5 2],113,146,149,33,120
1,<environment.Job instance at 0x148ef6ed4050>,76,1,[8 2],114,149,150,35,121
1,<environment.Job instance at 0x148ef6ed4190>,77,3,[1 7],116,126,129,10,121
1,<environment.Job instance at 0x148ef6ed4cd0>,78,2,[2 8],118,129,131,11,121
1,<environment.Job instance at 0x148ef6ed4780>,79,2,[1 8],119,131,133,12,121
1,<environment.Job instance at 0x148ef6ed4c30>,80,3,[1 7],122,133,136,11,122
1,<environment.Job instance at 0x148ef708d640>,83,3,[2 9],129,150,153,21,129
1,<environment.Job instance at 0x148ef6ed4910>,82,1,[7 2],128,153,154,25,129
1,<environment.Job instance at 0x148ef9be4b90>,71,14,[2 7],107,269,283,162,269
1,<environment.Job instance at 0x148ef708dfa0>,87,2,[7 2],135,271,273,136,271
1,<environment.Job instance at 0x148ef708d550>,88,3,[9 2],136,283,286,147,275
1,<environment.Job instance at 0x148ef708d730>,90,3,[ 1 10],139,286,289,147,281
1,<environment.Job instance at 0x148f0353b640>,54,17,[9 2],79,291,308,212,291
1,<environment.Job instance at 0x148ef9ec5140>,0,16,[10  1],1,2,18,1,2
1,<environment.Job instance at 0x148ef6528190>,3,3,[2 5],4,18,21,14,5
1,<environment.Job instance at 0x148ef792b0a0>,4,15,[1 5],5,18,33,13,7
1,<environment.Job instance at 0x148ef668bf00>,10,14,[2 5],12,25,39,13,25
1,<environment.Job instance at 0x148efd688e10>,21,2,[6 1],32,33,35,1,33
1,<environment.Job instance at 0x148ef6c54320>,27,3,[1 6],40,67,70,27,67
1,<environment.Job instance at 0x148f0070d640>,33,1,[1 5],53,77,78,24,77
1,<environment.Job instance at 0x148f0070d960>,35,1,[8 1],59,87,88,28,87
1,<environment.Job instance at 0x148f0070dfa0>,38,1,[7 1],63,125,126,62,125
1,<environment.Job instance at 0x148f0070d8c0>,39,2,[2 8],65,126,128,61,126
1,<environment.Job instance at 0x148f0070db90>,42,17,[2 9],71,128,145,57,126
1,<environment.Job instance at 0x148f0070dcd0>,43,16,[1 5],72,145,161,73,134
1,<environment.Job instance at 0x148f0070d2d0>,44,13,[8 2],73,147,160,74,147
1,<environment.Job instance at 0x148f01343370>,52,2,[10  1],94,161,163,67,147
1,<environment.Job instance at 0x148ef9edda00>,53,15,[1 7],95,163,178,68,149
1,<environment.Job instance at 0x148ef77d1aa0>,70,3,[2 5],119,178,181,59,153
1,<environment.Job instance at 0x148ef77d1690>,72,1,[2 5],122,160,161,38,154
1,<environment.Job instance at 0x148ef77d1960>,73,1,[2 6],123,181,182,58,160
1,<environment.Job instance at 0x148efa7d3780>,77,13,[2 8],129,200,213,71,200
1,<environment.Job instance at 0x148f03568e60>,68,15,[6 2],116,231,246,115,231
1,<environment.Job instance at 0x148ef6ee3690>,55,24,[2 5],97,234,258,137,234
1,<environment.Job instance at 0x148ef6a3f460>,0,1,[2 8],5,6,7,1,6
1,<environment.Job instance at 0x148ef69f20f0>,1,1,[6 1],6,6,7,0,6
1,<environment.Job instance at 0x148ef69f2730>,3,1,[7 1],8,8,9,0,8
1,<environment.Job instance at 0x148f012c5730>,6,3,[2 9],11,11,14,0,11
1,<environment.Job instance at 0x148ef6ab78c0>,7,2,[1 6],12,14,16,2,12
1,<environment.Job instance at 0x148efc00eb40>,8,14,[1 8],13,16,30,3,13
1,<environment.Job instance at 0x148efc00e140>,11,2,[7 1],17,17,19,0,17
1,<environment.Job instance at 0x148ef9abb5a0>,12,1,[1 8],18,30,31,12,18
1,<environment.Job instance at 0x148ef9abb2d0>,13,1,[7 1],19,19,20,0,19
1,<environment.Job instance at 0x148ef6d77780>,14,1,[1 9],20,31,32,11,20
1,<environment.Job instance at 0x148ef9abba50>,15,1,[6 2],21,21,22,0,21
1,<environment.Job instance at 0x148ef9abb5f0>,16,2,[ 2 10],22,32,34,10,22
1,<environment.Job instance at 0x148f01249fa0>,17,1,[5 2],23,23,24,0,23
1,<environment.Job instance at 0x148ef6509230>,4,12,[1 6],9,46,58,37,46
1,<environment.Job instance at 0x148ef7943190>,19,12,[9 1],26,246,258,220,246
1,<environment.Job instance at 0x148ef9bd2460>,66,2,[7 1],99,260,262,161,260
1,<environment.Job instance at 0x148ef9bd2dc0>,69,2,[1 5],102,276,278,174,276
1,<environment.Job instance at 0x148ef9bd2050>,71,3,[7 1],104,277,280,173,277
1,<environment.Job instance at 0x148ef9bd20a0>,72,3,[7 2],105,280,283,175,277
1,<environment.Job instance at 0x148ef7836e10>,34,16,[ 1 10],50,296,312,246,296
1,<environment.Job instance at 0x148ef69e7f50>,82,15,[2 9],121,312,327,191,298
1,<environment.Job instance at 0x148ef6baeb40>,85,3,[6 2],126,327,330,201,301
1,<environment.Job instance at 0x148ef6baebe0>,86,2,[2 7],127,327,329,200,301
1,<environment.Job instance at 0x148ef6bae140>,87,3,[2 5],129,329,332,200,303
1,<environment.Job instance at 0x148ef6baec30>,88,2,[5 2],131,330,332,199,303
1,<environment.Job instance at 0x148ef6baeaa0>,89,3,[9 1],134,332,335,198,306
1,<environment.Job instance at 0x148ef6baed70>,90,1,[7 1],135,312,313,177,306
1,<environment.Job instance at 0x148ef6bae2d0>,91,2,[2 7],136,335,337,199,308
1,<environment.Job instance at 0x148f012a35a0>,94,1,[9 1],139,337,338,198,319
1,<environment.Job instance at 0x148f012a3910>,93,18,[10  2],138,338,356,200,328
1,<environment.Job instance at 0x148ef69e7aa0>,75,16,[5 2],112,358,374,246,358
1,<environment.Job instance at 0x148ef9bd2b90>,73,24,[2 9],107,374,398,267,370
1,<environment.Job instance at 0x148ef65a7230>,1,3,[2 6],3,3,6,0,3
1,<environment.Job instance at 0x148f0054ebe0>,4,1,[8 2],7,7,8,0,7
1,<environment.Job instance at 0x148ef6616140>,6,3,[7 1],9,9,12,0,9
1,<environment.Job instance at 0x148f0054e230>,8,3,[2 7],12,13,16,1,13
1,<environment.Job instance at 0x148ef7092f50>,9,3,[ 2 10],13,16,19,3,14
1,<environment.Job instance at 0x148ef66e85f0>,11,3,[ 1 10],15,19,22,4,15
1,<environment.Job instance at 0x148ef64fce10>,13,3,[8 2],18,22,25,4,19
1,<environment.Job instance at 0x148f01249aa0>,15,2,[10  2],20,25,27,5,20
1,<environment.Job instance at 0x148ef7092550>,14,3,[6 2],19,27,30,8,20
1,<environment.Job instance at 0x148ef7092a00>,17,1,[5 1],22,30,31,8,23
1,<environment.Job instance at 0x148ef66604b0>,19,15,[8 1],24,39,54,15,39
1,<environment.Job instance at 0x148efa943550>,33,14,[5 1],41,73,87,32,73
1,<environment.Job instance at 0x148ef65237d0>,40,3,[8 2],54,87,90,33,73
1,<environment.Job instance at 0x148ef6bd2a50>,30,25,[2 5],38,73,98,35,73
1,<environment.Job instance at 0x148ef7861dc0>,43,1,[7 2],58,90,91,32,73
1,<environment.Job instance at 0x148ef7861730>,44,2,[ 2 10],63,98,100,35,73
1,<environment.Job instance at 0x148ef78611e0>,45,20,[10  2],64,100,120,36,91
1,<environment.Job instance at 0x148ef6627eb0>,51,3,[8 1],71,91,94,20,91
1,<environment.Job instance at 0x148ef6e03be0>,53,3,[10  1],77,120,123,43,94
1,<environment.Job instance at 0x148ef6fa9a00>,54,3,[1 8],79,123,126,44,97
1,<environment.Job instance at 0x148ef6871500>,55,2,[5 2],81,123,125,42,97
1,<environment.Job instance at 0x148ef6ca82d0>,56,1,[2 7],83,126,127,43,98
1,<environment.Job instance at 0x148f4ccb20f0>,57,1,[2 9],84,127,128,43,99
1,<environment.Job instance at 0x148f4ccb27d0>,58,3,[ 2 10],85,128,131,43,102
1,<environment.Job instance at 0x148f4ccb26e0>,59,2,[6 1],86,125,127,39,102
1,<environment.Job instance at 0x148ef9bb12d0>,60,1,[8 1],89,127,128,38,102
1,<environment.Job instance at 0x148ef9bb16e0>,61,12,[7 1],90,131,143,41,114
1,<environment.Job instance at 0x148ef6c84a50>,65,16,[8 2],94,143,159,49,130
1,<environment.Job instance at 0x148ef6c84690>,67,1,[6 2],96,159,160,63,131
1,<environment.Job instance at 0x148ef6c84cd0>,68,2,[5 1],97,160,162,63,133
1,<environment.Job instance at 0x148ef9b8f910>,69,18,[6 2],98,162,180,64,152
1,<environment.Job instance at 0x148ef78615a0>,41,16,[2 8],55,174,190,119,174
1,<environment.Job instance at 0x148f0059b5a0>,94,1,[9 1],136,190,191,54,174
1,<environment.Job instance at 0x148ef6e980f0>,1,2,[1 6],2,2,4,0,2
1,<environment.Job instance at 0x148f0059b0a0>,3,2,[2 5],5,7,9,2,7
1,<environment.Job instance at 0x148ef634e190>,2,15,[8 2],3,7,22,4,7
1,<environment.Job instance at 0x148ef9e80a50>,6,1,[1 5],9,11,12,2,11
1,<environment.Job instance at 0x148f012c7050>,11,17,[1 9],15,22,39,7,16
1,<environment.Job instance at 0x148ef9e80460>,7,3,[9 2],10,1264,1267,1254,1264
1,<environment.Job instance at 0x148ef6b54be0>,24,3,[1 9],36,1373,1376,1337,1373
1,<environment.Job instance at 0x148ef7151dc0>,37,1,[10  2],60,1414,1415,1354,1414
1,<environment.Job instance at 0x148ef7151cd0>,38,3,[2 5],61,1415,1418,1354,1415
1,<environment.Job instance at 0x148f005a2820>,41,2,[7 2],64,1421,1423,1357,1421
1,<environment.Job instance at 0x148ef9e8b4b0>,27,12,[2 9],42,1432,1444,1390,1432
1,<environment.Job instance at 0x148ef70090a0>,43,18,[ 1 10],66,1444,1462,1378,1434
1,<environment.Job instance at 0x148ef77fc0a0>,50,3,[2 9],75,1462,1465,1387,1436
1,<environment.Job instance at 0x148ef77fc870>,51,1,[5 2],76,1465,1466,1389,1437
1,<environment.Job instance at 0x148ef77fc5f0>,53,2,[5 1],79,1524,1526,1445,1524
1,<environment.Job instance at 0x148ef90320f0>,2,2,[10  2],5,5,7,0,5
1,<environment.Job instance at 0x148ef90324b0>,4,2,[7 2],7,7,9,0,7
1,<environment.Job instance at 0x148ef9daf050>,5,3,[2 5],8,8,11,0,8
1,<environment.Job instance at 0x148ef9cd0eb0>,0,16,[8 2],1,9,25,8,9
1,<environment.Job instance at 0x148ef6440b90>,14,2,[10  2],18,28,30,10,28
1,<environment.Job instance at 0x148f0055ae60>,18,2,[7 2],24,60,62,36,60
1,<environment.Job instance at 0x148ef7913c30>,21,18,[2 5],29,60,78,31,60
1,<environment.Job instance at 0x148ef7913e10>,23,3,[8 2],31,65,68,34,65
1,<environment.Job instance at 0x148ef7836eb0>,29,16,[8 2],37,68,84,31,67
1,<environment.Job instance at 0x148f00755910>,36,3,[10  2],48,98,101,50,98
1,<environment.Job instance at 0x148f007554b0>,37,3,[8 2],49,101,104,52,98
1,<environment.Job instance at 0x148f00755050>,38,2,[ 2 10],51,104,106,53,98
1,<environment.Job instance at 0x148ef7835820>,39,3,[2 9],52,106,109,54,99
1,<environment.Job instance at 0x148ef78356e0>,40,3,[7 1],53,106,109,53,101
1,<environment.Job instance at 0x148ef7835730>,41,16,[1 8],55,109,125,54,101
1,<environment.Job instance at 0x148ef9cbd910>,42,2,[6 2],57,109,111,52,101
1,<environment.Job instance at 0x148ef9cbd2d0>,43,3,[8 2],58,111,114,53,101
1,<environment.Job instance at 0x148ef9cbd640>,44,2,[2 5],59,101,103,42,101
1,<environment.Job instance at 0x148ef9cbd190>,45,2,[7 2],60,114,116,54,101
1,<environment.Job instance at 0x148ef9cbd0a0>,46,3,[2 5],62,125,128,63,101
1,<environment.Job instance at 0x148f00664870>,47,3,[5 2],64,116,119,52,102
1,<environment.Job instance at 0x148f00664820>,49,2,[10  1],67,128,130,61,118
1,<environment.Job instance at 0x148efa97cf00>,52,3,[7 1],71,119,122,48,118
1,<environment.Job instance at 0x148efa97c410>,53,16,[ 2 10],73,130,146,57,118
1,<environment.Job instance at 0x148ef6c50b90>,59,3,[2 8],80,146,149,66,124
1,<environment.Job instance at 0x148f0120bc30>,61,3,[1 6],82,166,169,84,166
1,<environment.Job instance at 0x148f0120bf50>,62,1,[1 6],85,169,170,84,166
1,<environment.Job instance at 0x148f0120bd70>,63,1,[ 2 10],87,170,171,83,166
1,<environment.Job instance at 0x148f0120b9b0>,67,3,[9 1],91,741,744,650,741
1,<environment.Job instance at 0x148ef6d3cc80>,69,3,[1 6],94,803,806,709,803
1,<environment.Job instance at 0x148f01265e10>,70,2,[8 1],96,803,805,707,803
1,<environment.Job instance at 0x148ef6d3cd20>,71,2,[1 7],97,806,808,709,803
1,<environment.Job instance at 0x148ef6a0d500>,72,3,[9 2],100,805,808,705,803
1,<environment.Job instance at 0x148ef64403c0>,15,3,[1 9],20,808,811,788,803
1,<environment.Job instance at 0x148ef9db0d70>,68,14,[5 2],92,811,825,719,803
1,<environment.Job instance at 0x148ef6652280>,76,12,[1 6],106,811,823,705,803
1,<environment.Job instance at 0x148ef784c460>,77,14,[2 8],107,823,837,716,818
1,<environment.Job instance at 0x148efad6b640>,84,2,[2 6],114,837,839,723,818
1,<environment.Job instance at 0x148f0121ff50>,85,3,[7 2],116,825,828,709,818
1,<environment.Job instance at 0x148ef9d04780>,86,14,[1 8],117,839,853,722,824
1,<environment.Job instance at 0x148ef9d049b0>,87,3,[2 6],118,853,856,735,827
1,<environment.Job instance at 0x148ef6b0b410>,88,2,[1 5],119,856,858,737,829
1,<environment.Job instance at 0x148ef62c3550>,73,16,[5 2],102,829,845,727,829
1,<environment.Job instance at 0x148ef6b0b190>,90,1,[7 2],121,845,846,724,829
1,<environment.Job instance at 0x148ef6b0b9b0>,91,3,[1 9],122,858,861,736,833
1,<environment.Job instance at 0x148f035f50f0>,92,3,[9 2],124,846,849,722,833
1,<environment.Job instance at 0x148ef713bd20>,93,1,[2 6],125,861,862,736,833
1,<environment.Job instance at 0x148ef713ba50>,94,1,[10  1],127,862,863,735,834
1,<environment.Job instance at 0x148ef713b3c0>,95,3,[8 1],131,849,852,718,835
1,<environment.Job instance at 0x148ef6fa3f00>,96,2,[ 1 10],135,863,865,728,836
1,<environment.Job instance at 0x148ef6792870>,83,15,[8 1],113,865,880,752,858
1,<environment.Job instance at 0x148ef7913f00>,25,18,[2 7],33,876,894,843,876
1,<environment.Job instance at 0x148ef6fa3aa0>,98,16,[2 7],138,910,926,772,910
1,<environment.Job instance at 0x148ef6e56af0>,2,2,[7 1],5,5,7,0,5
1,<environment.Job instance at 0x148ef6e56eb0>,1,3,[7 2],4,7,10,3,6
1,<environment.Job instance at 0x148ef6e56c80>,12,1,[7 1],20,27,28,7,27
1,<environment.Job instance at 0x148ef6e56dc0>,9,16,[7 2],17,39,55,22,39
1,<environment.Job instance at 0x148ef655db40>,18,2,[2 5],29,44,46,15,44
1,<environment.Job instance at 0x148ef6e568c0>,13,16,[7 2],21,55,71,34,47
1,<environment.Job instance at 0x148ef655dc80>,20,1,[ 1 10],34,71,72,37,48
1,<environment.Job instance at 0x148ef655d320>,21,3,[8 2],36,72,75,36,48
1,<environment.Job instance at 0x148ef655d050>,23,2,[2 8],38,55,57,17,55
1,<environment.Job instance at 0x148ef655d140>,24,20,[1 7],42,72,92,30,64
1,<environment.Job instance at 0x148ef655d960>,27,3,[6 1],45,75,78,30,64
1,<environment.Job instance at 0x148ef655d640>,28,14,[ 2 10],46,92,106,46,77
1,<environment.Job instance at 0x148efa970230>,29,2,[7 1],48,78,80,30,77
1,<environment.Job instance at 0x148efa970280>,30,1,[1 7],49,106,107,57,78
1,<environment.Job instance at 0x148efa970730>,31,2,[7 1],50,80,82,30,78
1,<environment.Job instance at 0x148efa970050>,32,1,[5 1],51,82,83,31,78
1,<environment.Job instance at 0x148efa970f50>,33,3,[1 7],52,107,110,55,81
1,<environment.Job instance at 0x148efa985b90>,34,1,[9 1],56,83,84,27,81
1,<environment.Job instance at 0x148ef655d9b0>,19,1,[1 7],32,110,111,78,110
1,<environment.Job instance at 0x148ef6541410>,42,1,[5 1],66,110,111,44,110
1,<environment.Job instance at 0x148ef65411e0>,43,17,[6 1],67,173,190,106,173
1,<environment.Job instance at 0x148f012ba0f0>,67,2,[7 1],107,190,192,83,173
1,<environment.Job instance at 0x148f012bacd0>,77,18,[9 2],125,192,210,67,192
1,<environment.Job instance at 0x148efa990730>,58,13,[1 7],93,212,225,119,212
1,<environment.Job instance at 0x148f012ba140>,78,1,[1 7],126,225,226,99,212
1,<environment.Job instance at 0x1525f1d0fb40>,0,17,[ 1 10],3,4,21,1,4
1,<environment.Job instance at 0x15259c331be0>,9,2,[ 2 10],12,21,23,9,12
1,<environment.Job instance at 0x15259c7f8e10>,10,3,[7 2],14,23,26,9,14
1,<environment.Job instance at 0x15259c82d9b0>,14,1,[1 7],18,23,24,5,18
1,<environment.Job instance at 0x15259c331280>,8,13,[ 2 10],11,26,39,15,20
1,<environment.Job instance at 0x15259c7db8c0>,17,3,[6 1],23,39,42,16,27
1,<environment.Job instance at 0x15259c7f8b40>,15,14,[6 2],20,42,56,22,28
1,<environment.Job instance at 0x15259cb0fc80>,19,3,[8 1],26,56,59,30,35
1,<environment.Job instance at 0x15259c7dccd0>,26,3,[9 1],36,59,62,23,39
1,<environment.Job instance at 0x15259c0ce3c0>,27,3,[2 8],37,39,42,2,39
1,<environment.Job instance at 0x15259c0ce640>,28,2,[1 9],38,56,58,18,39
1,<environment.Job instance at 0x15259c0ce8c0>,29,13,[1 6],39,42,55,3,39
1,<environment.Job instance at 0x15259c0ceb90>,30,3,[1 8],41,58,61,17,41
1,<environment.Job instance at 0x15259c0ceeb0>,31,3,[8 1],42,62,65,20,42
1,<environment.Job instance at 0x15259c7f8fa0>,16,17,[1 7],22,61,78,39,51
1,<environment.Job instance at 0x15259c0cc460>,40,1,[8 1],53,65,66,12,53
1,<environment.Job instance at 0x15259c0cc2d0>,41,1,[ 1 10],54,78,79,24,54
1,<environment.Job instance at 0x15259c0cc280>,42,3,[1 6],55,79,82,24,55
1,<environment.Job instance at 0x15259c7fc320>,43,2,[2 8],56,82,84,26,56
1,<environment.Job instance at 0x15259c7fc960>,44,1,[2 9],57,84,85,27,57
1,<environment.Job instance at 0x15259c804a00>,45,2,[2 5],58,85,87,27,58
1,<environment.Job instance at 0x15259c804af0>,46,1,[1 7],59,87,88,28,59
1,<environment.Job instance at 0x15259c7f1f00>,47,14,[5 1],60,79,93,19,64
1,<environment.Job instance at 0x15259c7f1be0>,49,1,[ 1 10],67,93,94,26,67
1,<environment.Job instance at 0x15259c7f1140>,50,1,[1 8],68,88,89,20,68
1,<environment.Job instance at 0x15259c7f2a00>,51,16,[10  1],69,94,110,25,81
1,<environment.Job instance at 0x15259c33fd70>,58,3,[6 1],83,110,113,27,84
1,<environment.Job instance at 0x15259c0d8370>,61,2,[5 2],87,185,187,98,185
1,<environment.Job instance at 0x15259c0de5f0>,92,16,[1 9],136,305,321,169,305
1,<environment.Job instance at 0x15259c0de960>,93,18,[1 5],137,329,347,192,329
1,<environment.Job instance at 0x15259c0d85f0>,64,18,[1 7],91,443,461,352,443
1,<environment.Job instance at 0x1525a55e3190>,5,1,[9 2],9,9,10,0,9
1,<environment.Job instance at 0x1525a55e3eb0>,7,2,[7 2],11,13,15,2,13
1,<environment.Job instance at 0x1525a55e3e10>,6,14,[5 1],10,18,32,8,18
1,<environment.Job instance at 0x1525a61c47d0>,14,2,[ 2 10],20,32,34,12,20
1,<environment.Job instance at 0x1525a55df820>,10,3,[1 5],14,21,24,7,21
1,<environment.Job instance at 0x1525a56ed7d0>,16,3,[10  2],25,34,37,9,32
1,<environment.Job instance at 0x1525a559d0f0>,21,1,[1 6],32,37,38,5,35
1,<environment.Job instance at 0x1525a56ed320>,15,13,[9 1],22,39,52,17,39
1,<environment.Job instance at 0x1525a62594b0>,26,3,[ 1 10],37,52,55,15,39
1,<environment.Job instance at 0x1525a5616550>,28,12,[1 9],40,40,52,0,40
1,<environment.Job instance at 0x1525a6184410>,29,3,[6 2],41,55,58,14,41
1,<environment.Job instance at 0x1525a5595190>,23,17,[1 5],34,62,79,28,62
1,<environment.Job instance at 0x1525a55b07d0>,41,3,[2 6],55,79,82,24,64
1,<environment.Job instance at 0x1525a562b7d0>,44,3,[9 2],69,69,72,0,69
1,<environment.Job instance at 0x1525a5660b40>,45,1,[10  1],70,114,115,44,114
1,<environment.Job instance at 0x1525a560a2d0>,57,1,[5 1],87,115,116,28,114
1,<environment.Job instance at 0x1525a560aa50>,58,2,[2 8],88,115,117,27,115
1,<environment.Job instance at 0x1525a5613910>,33,18,[ 2 10],46,122,140,76,122
1,<environment.Job instance at 0x1525a5671a00>,69,15,[ 1 10],105,140,155,35,126
1,<environment.Job instance at 0x1525a5671c80>,74,3,[10  2],113,155,158,42,129
1,<environment.Job instance at 0x1525a5671320>,77,3,[1 8],117,158,161,41,132
1,<environment.Job instance at 0x1525a553ea50>,80,3,[ 2 10],123,161,164,38,135
1,<environment.Job instance at 0x1525a55592d0>,99,17,[10  1],145,183,200,38,183
1,<environment.Job instance at 0x1525a560a3c0>,59,18,[2 8],89,202,220,113,202
1,<environment.Job instance at 0x15259ba91cd0>,5,15,[2 7],9,9,24,0,9
1,<environment.Job instance at 0x15259ba91d70>,6,2,[2 8],10,24,26,14,10
1,<environment.Job instance at 0x1525a632e690>,7,12,[1 9],11,26,38,15,11
1,<environment.Job instance at 0x1525a632e9b0>,8,14,[ 2 10],12,38,52,26,23
1,<environment.Job instance at 0x15259bae87d0>,11,1,[6 2],16,23,24,7,23
1,<environment.Job instance at 0x15259ed1eaa0>,4,1,[6 2],8,24,25,16,24
1,<environment.Job instance at 0x15259ba620f0>,16,2,[10  2],23,52,54,29,25
1,<environment.Job instance at 0x15259b94d320>,17,3,[2 6],24,54,57,30,28
1,<environment.Job instance at 0x15259ba320a0>,18,2,[7 2],26,54,56,28,28
1,<environment.Job instance at 0x15259ba62c30>,19,1,[9 1],28,28,29,0,28
1,<environment.Job instance at 0x15259ba32190>,20,3,[1 9],29,57,60,28,31
1,<environment.Job instance at 0x15259ba62e60>,15,2,[6 1],22,31,33,9,31
1,<environment.Job instance at 0x1525e04e3f00>,23,2,[2 6],34,60,62,26,34
1,<environment.Job instance at 0x1525a25fd640>,24,1,[1 7],35,62,63,27,35
1,<environment.Job instance at 0x15259ba32f00>,22,2,[6 2],31,60,62,29,35
1,<environment.Job instance at 0x15259b957be0>,33,14,[ 2 10],44,63,77,19,57
1,<environment.Job instance at 0x15259b955410>,35,1,[8 2],46,62,63,16,57
1,<environment.Job instance at 0x15259b955e60>,36,3,[10  1],47,77,80,30,57
1,<environment.Job instance at 0x15259b957a00>,32,2,[8 1],43,80,82,37,65
1,<environment.Job instance at 0x15259bb2a6e0>,45,1,[1 5],66,80,81,14,67
1,<environment.Job instance at 0x15259f791230>,47,1,[1 7],70,81,82,11,70
1,<environment.Job instance at 0x15259bab3910>,48,12,[6 1],71,82,94,11,72
1,<environment.Job instance at 0x15259bab3dc0>,50,3,[1 6],74,82,85,8,74
1,<environment.Job instance at 0x15259b9560a0>,62,17,[10  1],88,161,178,73,161
1,<environment.Job instance at 0x15259c05e190>,53,16,[1 7],77,254,270,177,254
1,<environment.Job instance at 0x15259b9515f0>,75,1,[2 8],111,270,271,159,254
1,<environment.Job instance at 0x15259b9564b0>,76,1,[5 2],112,254,255,142,254
1,<environment.Job instance at 0x15259b9518c0>,78,3,[8 1],115,257,260,142,257
1,<environment.Job instance at 0x15259b956fa0>,73,15,[10  1],108,271,286,163,257
1,<environment.Job instance at 0x15259b951780>,81,1,[1 7],120,286,287,166,258
1,<environment.Job instance at 0x15259b951190>,82,16,[1 5],121,287,303,166,274
1,<environment.Job instance at 0x15259b9515a0>,85,15,[2 6],125,303,318,178,289
1,<environment.Job instance at 0x15259b951b90>,90,1,[7 2],131,289,290,158,289
1,<environment.Job instance at 0x15259b951f50>,91,15,[7 2],132,304,319,172,304
1,<environment.Job instance at 0x15259b9a67d0>,99,3,[7 1],145,319,322,174,304
1,<environment.Job instance at 0x15259b9a60f0>,100,3,[10  2],146,322,325,176,304
1,<environment.Job instance at 0x15259b9a6fa0>,101,15,[7 1],147,325,340,178,311
1,<environment.Job instance at 0x15259b907820>,102,2,[2 6],148,318,320,170,311
1,<environment.Job instance at 0x15259b9075a0>,103,2,[6 1],149,340,342,191,313
1,<environment.Job instance at 0x15259b9a6820>,98,17,[10  2],144,342,359,198,342
1,<environment.Job instance at 0x15259b956d70>,74,3,[7 2],110,359,362,249,351
1,<environment.Job instance at 0x1525a5671140>,1,2,[5 2],2,2,4,0,2
1,<environment.Job instance at 0x15259bf4ad20>,2,2,[2 7],3,3,5,0,3
1,<environment.Job instance at 0x1525e0271820>,4,22,[9 1],5,6,28,1,6
1,<environment.Job instance at 0x15259c8b90f0>,6,1,[9 2],8,28,29,20,8
1,<environment.Job instance at 0x15259f87d050>,8,3,[2 7],10,29,32,19,10
1,<environment.Job instance at 0x1525f0086af0>,7,2,[ 1 10],9,32,34,23,11
1,<environment.Job instance at 0x1525a61845a0>,21,14,[10  2],28,515,529,487,515
1,<environment.Job instance at 0x15259c754910>,54,2,[7 2],80,1276,1278,1196,1276
1,<environment.Job instance at 0x15259c325550>,61,3,[ 1 10],90,2613,2616,2523,2613
1,<environment.Job instance at 0x15259c8cfeb0>,1,1,[1 5],2,3,4,1,3
1,<environment.Job instance at 0x15259c8cfaa0>,0,2,[8 2],1,5,7,4,5
1,<environment.Job instance at 0x15259c80e0a0>,3,1,[5 2],5,7,8,2,6
1,<environment.Job instance at 0x15259eddc230>,7,15,[ 1 10],12,12,27,0,12
1,<environment.Job instance at 0x15259eddc320>,9,3,[7 2],15,27,30,12,15
1,<environment.Job instance at 0x15259eddc2d0>,6,3,[1 7],11,27,30,16,15
1,<environment.Job instance at 0x15259b84bfa0>,12,3,[8 1],18,30,33,12,18
1,<environment.Job instance at 0x15259b84bd70>,13,3,[2 6],20,30,33,10,20
1,<environment.Job instance at 0x15259b84ba00>,11,3,[9 2],17,33,36,16,21
1,<environment.Job instance at 0x15259b84b5a0>,18,2,[10  1],27,36,38,9,27
1,<environment.Job instance at 0x15259b84b910>,16,2,[9 1],23,38,40,15,30
1,<environment.Job instance at 0x15259b84b1e0>,14,20,[5 1],21,40,60,19,31
1,<environment.Job instance at 0x15259f732870>,21,1,[ 2 10],32,60,61,28,32
1,<environment.Job instance at 0x15259f732820>,22,2,[5 2],35,43,45,8,43
1,<environment.Job instance at 0x15259b84f1e0>,23,14,[ 1 10],36,61,75,25,46
1,<environment.Job instance at 0x15259b84fb90>,26,1,[6 1],40,75,76,35,47
1,<environment.Job instance at 0x15259b84fc30>,24,2,[7 1],37,76,78,39,56
1,<environment.Job instance at 0x15259fc6e780>,32,14,[1 9],48,80,94,32,80
1,<environment.Job instance at 0x1525a557f780>,49,2,[7 1],74,80,82,6,80
1,<environment.Job instance at 0x1525a557f370>,50,1,[2 7],76,94,95,18,80
1,<environment.Job instance at 0x1525a557f140>,51,2,[1 6],77,95,97,18,80
1,<environment.Job instance at 0x1525a557f550>,52,3,[8 2],78,94,97,16,80
1,<environment.Job instance at 0x1525a557ff50>,53,2,[7 1],80,82,84,2,81
1,<environment.Job instance at 0x15259edd83c0>,54,18,[7 1],81,97,115,16,86
1,<environment.Job instance at 0x15259edd8280>,56,12,[5 1],87,115,127,28,98
1,<environment.Job instance at 0x15259edd8be0>,58,1,[10  1],89,127,128,38,99
1,<environment.Job instance at 0x15259edd8d20>,59,24,[1 8],90,99,123,9,99
1,<environment.Job instance at 0x15259edd8460>,60,3,[1 7],91,123,126,32,99
1,<environment.Job instance at 0x15259edd8870>,61,1,[8 1],93,128,129,35,100
1,<environment.Job instance at 0x15259edd89b0>,62,2,[8 2],94,129,131,35,102
1,<environment.Job instance at 0x15259edd8e60>,63,1,[1 7],95,126,127,31,102
1,<environment.Job instance at 0x15259edd88c0>,64,3,[2 9],96,131,134,35,105
1,<environment.Job instance at 0x15259edea410>,96,12,[ 2 10],141,1262,1274,1121,1262
1,<environment.Job instance at 0x1525a624d140>,70,17,[2 8],107,1293,1310,1186,1293
1,<environment.Job instance at 0x1525a55de690>,2,2,[1 5],3,3,5,0,3
1,<environment.Job instance at 0x15259bab96e0>,4,3,[2 6],5,5,8,0,5
1,<environment.Job instance at 0x1525a6310e10>,5,3,[10  2],6,8,11,2,6
1,<environment.Job instance at 0x1525a6310d20>,7,2,[1 9],8,11,13,3,8
1,<environment.Job instance at 0x1525a5563f50>,8,2,[10  1],9,13,15,4,9
1,<environment.Job instance at 0x1525a5563eb0>,9,1,[9 1],10,11,12,1,10
1,<environment.Job instance at 0x1525a5563500>,10,1,[8 1],11,12,13,1,12
1,<environment.Job instance at 0x1525a5563050>,12,3,[9 1],13,15,18,2,13
1,<environment.Job instance at 0x1525a25f58c0>,16,15,[9 2],19,22,37,3,22
1,<environment.Job instance at 0x15259c7bb690>,20,1,[ 1 10],23,37,38,14,23
1,<environment.Job instance at 0x15259c7bb1e0>,21,2,[2 6],24,38,40,14,24
1,<environment.Job instance at 0x15259c7bb5f0>,22,1,[ 2 10],25,40,41,15,25
1,<environment.Job instance at 0x15259c7bb0f0>,23,1,[2 9],27,41,42,14,27
1,<environment.Job instance at 0x1525a5563be0>,13,12,[9 2],14,42,54,28,34
1,<environment.Job instance at 0x15259c7bbfa0>,24,16,[6 1],28,54,70,26,41
1,<environment.Job instance at 0x15259fbe0c80>,31,2,[10  2],42,70,72,28,43
1,<environment.Job instance at 0x15259fbe0b90>,32,12,[8 1],44,72,84,28,55
1,<environment.Job instance at 0x15259fbce3c0>,33,1,[6 1],48,84,85,36,57
1,<environment.Job instance at 0x1525a7bee4b0>,35,1,[1 8],50,58,59,8,58
1,<environment.Job instance at 0x1525a7bee230>,36,18,[1 9],51,72,90,21,61
1,<environment.Job instance at 0x15259fbe06e0>,30,1,[2 7],41,90,91,49,79
1,<environment.Job instance at 0x1525a428db40>,52,12,[10  1],76,91,103,15,87
1,<environment.Job instance at 0x1525a428d3c0>,53,12,[5 1],77,103,115,26,90
1,<environment.Job instance at 0x1525a428d730>,56,12,[9 2],80,115,127,35,98
1,<environment.Job instance at 0x1525a428d190>,60,1,[9 2],85,127,128,42,101
1,<environment.Job instance at 0x1525a26120f0>,61,3,[6 1],87,128,131,41,102
1,<environment.Job instance at 0x1525a4265f00>,64,2,[2 7],91,103,105,12,103
1,<environment.Job instance at 0x1525a4265b90>,65,12,[2 7],93,128,140,35,111
1,<environment.Job instance at 0x1525a4265960>,67,15,[2 9],95,140,155,45,130
1,<environment.Job instance at 0x1525a25ee230>,71,13,[ 2 10],99,155,168,56,139
1,<environment.Job instance at 0x1525a25eebe0>,72,2,[2 5],102,168,170,66,141
1,<environment.Job instance at 0x1525a25eecd0>,73,14,[5 2],105,168,182,63,166
1,<environment.Job instance at 0x15259f7705a0>,88,1,[2 6],127,170,171,43,166
1,<environment.Job instance at 0x15259f770690>,89,3,[1 7],128,171,174,43,166
1,<environment.Job instance at 0x15259f770aa0>,90,1,[8 2],130,182,183,52,166
1,<environment.Job instance at 0x15259ec5f140>,92,1,[5 2],135,174,175,39,166
1,<environment.Job instance at 0x15259c3406e0>,93,18,[1 9],140,183,201,43,172
1,<environment.Job instance at 0x1525a428d7d0>,44,18,[9 1],65,279,297,214,279
1,<environment.Job instance at 0x15259eafca50>,100,13,[1 6],149,522,535,373,522
1,<environment.Job instance at 0x1525a5553fa0>,6,2,[ 1 10],10,10,12,0,10
1,<environment.Job instance at 0x1525a5553910>,8,2,[8 2],12,12,14,0,12
1,<environment.Job instance at 0x1525a5553dc0>,11,2,[1 7],15,15,17,0,15
1,<environment.Job instance at 0x1525a55531e0>,13,18,[8 2],17,17,35,0,17
1,<environment.Job instance at 0x1525a555a690>,15,3,[10  1],19,35,38,16,25
1,<environment.Job instance at 0x15259f881af0>,22,13,[1 7],27,38,51,11,32
1,<environment.Job instance at 0x15259f96b050>,24,2,[8 2],29,52,54,23,52
1,<environment.Job instance at 0x1525a555ac80>,14,18,[1 9],18,59,77,41,59
1,<environment.Job instance at 0x1525a552f5a0>,37,17,[9 1],52,68,85,16,68
1,<environment.Job instance at 0x15259edd7e60>,53,2,[1 5],72,77,79,5,74
1,<environment.Job instance at 0x1525f0086b90>,57,2,[1 9],79,82,84,3,82
1,<environment.Job instance at 0x15259edd7870>,48,18,[10  1],66,130,148,64,130
1,<environment.Job instance at 0x15259eafdd20>,70,12,[2 5],96,148,160,52,131
1,<environment.Job instance at 0x15259eafde10>,71,1,[1 5],98,148,149,50,131
1,<environment.Job instance at 0x15259eafdeb0>,72,3,[8 2],100,149,152,49,131
1,<environment.Job instance at 0x15259eafdb90>,73,15,[5 1],101,152,167,51,139
1,<environment.Job instance at 0x15259eafd820>,74,17,[5 2],102,160,177,58,148
1,<environment.Job instance at 0x15259eafd4b0>,80,3,[5 2],108,167,170,59,148
1,<environment.Job instance at 0x15259eafd140>,83,1,[5 2],112,170,171,58,151
1,<environment.Job instance at 0x1525a25f5b90>,86,3,[ 1 10],115,177,180,62,152
1,<environment.Job instance at 0x1525a25f5d70>,87,15,[ 1 10],116,180,195,64,176
1,<environment.Job instance at 0x15259bba4870>,99,3,[8 2],137,195,198,58,176
1,<environment.Job instance at 0x15259bca25a0>,100,14,[1 6],140,195,209,55,180
1,<environment.Job instance at 0x15259bca2230>,102,12,[9 1],142,198,210,56,181
1,<environment.Job instance at 0x15259ebf4320>,61,13,[2 7],85,239,252,154,239
1,<environment.Job instance at 0x15259bd32a50>,106,15,[8 1],147,317,332,170,317
1,<environment.Job instance at 0x15259ee71fa0>,1,3,[5 2],4,5,8,1,5
1,<environment.Job instance at 0x1525a5688d20>,10,1,[1 9],16,16,17,0,16
1,<environment.Job instance at 0x15259c7caaf0>,11,3,[7 2],17,17,20,0,17
1,<environment.Job instance at 0x15259bc32780>,12,1,[1 7],18,18,19,0,18
1,<environment.Job instance at 0x15259eab9050>,13,1,[8 2],19,20,21,1,19
1,<environment.Job instance at 0x15259bc230f0>,14,3,[ 1 10],20,21,24,1,20
1,<environment.Job instance at 0x15259c7c92d0>,21,3,[7 1],32,39,42,7,39
1,<environment.Job instance at 0x15259bf02820>,22,1,[9 2],33,43,44,10,43
1,<environment.Job instance at 0x15259c836550>,34,12,[2 9],52,134,146,82,134
1,<environment.Job instance at 0x15259c7c9690>,20,15,[5 2],30,223,238,193,223
1,<environment.Job instance at 0x15259f896eb0>,24,2,[7 2],37,238,240,201,223
1,<environment.Job instance at 0x15259becb280>,28,16,[ 2 10],41,437,453,396,437
1,<environment.Job instance at 0x15259ee29820>,61,16,[2 9],88,453,469,365,440
1,<environment.Job instance at 0x15259c853910>,68,3,[1 9],97,469,472,372,444
1,<environment.Job instance at 0x15259eb7a910>,70,3,[7 1],99,453,456,354,449
1,<environment.Job instance at 0x15259eb6e280>,76,14,[1 8],107,472,486,365,457
1,<environment.Job instance at 0x15259ee3b4b0>,87,17,[1 9],121,1096,1113,975,1096
1,<environment.Job instance at 0x15259ee29190>,62,13,[10  2],90,1113,1126,1023,1109
1,<environment.Job instance at 0x15259f8ba0a0>,3,12,[1 7],5,5,17,0,5
1,<environment.Job instance at 0x15259ba8e190>,7,2,[2 6],9,17,19,8,9
1,<environment.Job instance at 0x15259fc902d0>,5,1,[6 2],7,9,10,2,9
1,<environment.Job instance at 0x15259c0ad960>,10,2,[1 5],14,19,21,5,14
1,<environment.Job instance at 0x15259c0adaf0>,11,18,[6 2],17,18,36,1,18
1,<environment.Job instance at 0x15259ec745f0>,13,2,[1 6],19,21,23,2,19
1,<environment.Job instance at 0x15259c0ad280>,14,3,[1 9],21,36,39,15,21
1,<environment.Job instance at 0x15259ee14780>,15,1,[10  1],22,39,40,17,22
1,<environment.Job instance at 0x15259c0add70>,16,3,[5 1],23,36,39,13,23
1,<environment.Job instance at 0x1525a55f5c80>,17,2,[8 1],24,40,42,16,24
1,<environment.Job instance at 0x15259edb08c0>,18,3,[ 2 10],25,42,45,17,25
1,<environment.Job instance at 0x15259f9433c0>,24,18,[5 2],33,819,837,786,819
1,<environment.Job instance at 0x15259ba8e4b0>,6,1,[1 6],8,852,853,844,852
1,<environment.Job instance at 0x1525f1d3faa0>,34,1,[6 1],46,861,862,815,861
1,<environment.Job instance at 0x15259bd761e0>,35,3,[8 2],47,862,865,815,861
1,<environment.Job instance at 0x1525f1d3f910>,32,17,[5 1],44,865,882,821,861
1,<environment.Job instance at 0x15259eb12be0>,29,18,[5 2],40,869,887,829,869
1,<environment.Job instance at 0x15259cb102d0>,45,18,[1 8],59,882,900,823,871
1,<environment.Job instance at 0x15259ea8db40>,46,1,[1 6],60,900,901,840,873
1,<environment.Job instance at 0x1525e069c1e0>,47,16,[1 7],61,901,917,840,888
1,<environment.Job instance at 0x1525f1d41b90>,56,2,[7 2],72,888,890,816,888
1,<environment.Job instance at 0x15259bcb2b40>,58,17,[10  2],76,917,934,841,905
1,<environment.Job instance at 0x15259ba357d0>,68,1,[10  1],87,934,935,847,906
1,<environment.Job instance at 0x15259ba35410>,69,1,[6 2],88,906,907,818,906
1,<environment.Job instance at 0x15259bd76a50>,37,18,[8 1],49,935,953,886,933
1,<environment.Job instance at 0x15259ebe4b90>,93,3,[1 8],121,935,938,814,935
1,<environment.Job instance at 0x15259ebe4dc0>,94,17,[7 1],122,953,970,831,952
1,<environment.Job instance at 0x15259f88b5f0>,102,3,[1 7],130,958,961,828,958
1,<environment.Job instance at 0x15259f88b230>,103,3,[2 7],131,961,964,830,958
1,<environment.Job instance at 0x15259f88bbe0>,104,1,[9 1],134,970,971,836,959
1,<environment.Job instance at 0x15259f88b410>,106,2,[2 8],140,964,966,824,963
1,<environment.Job instance at 0x15259f88b3c0>,107,2,[2 5],141,966,968,825,963
1,<environment.Job instance at 0x15259f88b460>,108,16,[8 1],143,971,987,828,964
1,<environment.Job instance at 0x15259f88b780>,109,2,[2 6],144,968,970,824,965
1,<environment.Job instance at 0x15259f88beb0>,110,1,[10  2],145,987,988,842,965
1,<environment.Job instance at 0x15259f88b4b0>,111,18,[5 2],146,988,1006,842,988
1,<environment.Job instance at 0x15259ba4e2d0>,39,13,[1 9],52,1680,1693,1628,1680
1,<environment.Job instance at 0x1525a0f90410>,5,18,[1 6],10,18,36,8,18
1,<environment.Job instance at 0x1525a6298690>,12,1,[1 8],25,36,37,11,25
1,<environment.Job instance at 0x1525a6298a50>,11,13,[9 2],24,40,53,16,40
1,<environment.Job instance at 0x1525a563ab40>,22,2,[7 2],42,53,55,11,42
1,<environment.Job instance at 0x15259bf1ab40>,23,2,[2 5],43,53,55,10,43
1,<environment.Job instance at 0x15259bf1a8c0>,24,3,[2 6],44,55,58,11,44
1,<environment.Job instance at 0x15259c877640>,25,15,[1 6],46,58,73,12,46
1,<environment.Job instance at 0x15259b9455f0>,26,3,[8 2],47,55,58,8,47
1,<environment.Job instance at 0x1525a5558e10>,29,1,[6 2],52,58,59,6,57
1,<environment.Job instance at 0x15259bb87a00>,37,1,[9 1],61,61,62,0,61
1,<environment.Job instance at 0x15259bf74dc0>,39,2,[8 1],64,64,66,0,64
1,<environment.Job instance at 0x15259c0b6cd0>,41,17,[ 2 10],66,73,90,7,72
1,<environment.Job instance at 0x15259f870b90>,48,3,[ 1 10],75,90,93,15,75
1,<environment.Job instance at 0x15259f8707d0>,49,2,[5 2],78,93,95,15,78
1,<environment.Job instance at 0x15259bcbbd70>,51,3,[2 6],81,93,96,12,81
1,<environment.Job instance at 0x1525e0274e60>,52,2,[9 1],82,96,98,14,82
1,<environment.Job instance at 0x15259f9b1640>,53,3,[8 1],83,98,101,15,83
1,<environment.Job instance at 0x15259eaa8690>,55,2,[9 2],85,101,103,16,85
1,<environment.Job instance at 0x1525e0957a00>,57,2,[1 9],88,96,98,8,88
1,<environment.Job instance at 0x15259f777870>,58,2,[2 6],89,98,100,9,92
1,<environment.Job instance at 0x15259ecb62d0>,60,3,[9 2],97,103,106,6,98
1,<environment.Job instance at 0x15259ecb6050>,64,18,[ 2 10],101,107,125,6,107
1,<environment.Job instance at 0x15259baba0a0>,70,14,[2 6],109,125,139,16,112
1,<environment.Job instance at 0x15259bca7230>,73,16,[5 2],113,125,141,12,113
1,<environment.Job instance at 0x1525a61c41e0>,74,3,[ 1 10],114,141,144,27,115
1,<environment.Job instance at 0x15259ecb6c30>,62,14,[5 1],99,144,158,45,129
1,<environment.Job instance at 0x15259c82d1e0>,104,3,[10  2],146,886,889,740,886
1,<environment.Job instance at 0x15259fc19a50>,1,2,[ 2 10],3,3,5,0,3
1,<environment.Job instance at 0x15259c8be2d0>,4,3,[1 5],7,7,10,0,7
1,<environment.Job instance at 0x15259c82d960>,5,3,[1 9],8,10,13,2,8
1,<environment.Job instance at 0x15259ecf49b0>,7,1,[ 2 10],11,13,14,2,11
1,<environment.Job instance at 0x15259ba08910>,9,1,[2 5],13,14,15,1,13
1,<environment.Job instance at 0x15259ba08d20>,10,3,[8 1],14,14,17,0,14
1,<environment.Job instance at 0x15259ba087d0>,13,1,[8 2],22,24,25,2,24
1,<environment.Job instance at 0x15259c887320>,15,1,[9 2],26,27,28,1,27
1,<environment.Job instance at 0x15259ebe2be0>,16,2,[1 8],28,28,30,0,28
1,<environment.Job instance at 0x15259eb18b40>,20,3,[ 2 10],37,37,40,0,37
1,<environment.Job instance at 0x15259eb182d0>,21,3,[2 8],38,40,43,2,38
1,<environment.Job instance at 0x15259eb18870>,22,2,[2 7],39,43,45,4,39
1,<environment.Job instance at 0x15259eb18e60>,19,3,[7 1],36,40,43,4,40
1,<environment.Job instance at 0x15259ba824b0>,24,2,[2 7],42,45,47,3,42
1,<environment.Job instance at 0x15259ee615a0>,25,12,[ 1 10],43,47,59,4,43
1,<environment.Job instance at 0x15259c88f050>,26,2,[6 2],44,44,46,0,44
1,<environment.Job instance at 0x15259f7f57d0>,28,1,[1 8],46,59,60,13,46
1,<environment.Job instance at 0x15259c05ff50>,29,13,[2 7],47,60,73,13,47
1,<environment.Job instance at 0x15259c05fe60>,30,1,[1 5],48,73,74,25,48
1,<environment.Job instance at 0x15259c05f2d0>,31,12,[1 6],49,74,86,25,63
1,<environment.Job instance at 0x15259f7f5f00>,27,3,[2 6],45,86,89,41,64
1,<environment.Job instance at 0x1525a6168d20>,44,1,[2 6],67,89,90,22,72
1,<environment.Job instance at 0x15259bcba140>,46,2,[1 9],69,90,92,21,72
1,<environment.Job instance at 0x15259c0a00a0>,47,1,[1 6],70,92,93,22,72
1,<environment.Job instance at 0x1525e02830a0>,49,2,[9 2],74,74,76,0,74
1,<environment.Job instance at 0x1525e02835a0>,50,2,[2 7],75,93,95,18,75
1,<environment.Job instance at 0x15259f794230>,51,1,[2 5],76,95,96,19,76
1,<environment.Job instance at 0x15259c05f9b0>,38,15,[2 6],59,96,111,37,89
1,<environment.Job instance at 0x15259bd2b550>,55,12,[8 1],83,89,101,6,89
1,<environment.Job instance at 0x15259bd2b280>,56,1,[6 1],86,101,102,15,89
1,<environment.Job instance at 0x15259bd2bc30>,57,2,[8 1],87,102,104,15,89
1,<environment.Job instance at 0x15259f794aa0>,52,14,[1 9],79,111,125,32,96
1,<environment.Job instance at 0x15259ea12370>,61,1,[9 1],96,111,112,15,96
1,<environment.Job instance at 0x15259ea12550>,67,1,[2 7],106,139,140,33,139
1,<environment.Job instance at 0x15259ea12320>,68,1,[6 1],107,139,140,32,139
1,<environment.Job instance at 0x15259ea12410>,70,1,[ 1 10],109,140,141,31,139
1,<environment.Job instance at 0x1525a61c4820>,71,18,[2 9],112,141,159,29,139
1,<environment.Job instance at 0x1525a61c40a0>,74,2,[10  2],116,159,161,43,141
1,<environment.Job instance at 0x1525a61c4cd0>,78,12,[6 1],121,142,154,21,142
1,<environment.Job instance at 0x1525a61c4730>,81,3,[1 9],125,161,164,36,142
1,<environment.Job instance at 0x1525a61c4190>,82,17,[1 7],127,164,181,37,152
1,<environment.Job instance at 0x1525a61c4dc0>,79,13,[2 6],122,181,194,59,165
1,<environment.Job instance at 0x1525e0941aa0>,88,21,[7 1],136,165,186,29,165
1,<environment.Job instance at 0x1525e09418c0>,89,3,[1 9],137,194,197,57,168
1,<environment.Job instance at 0x1525e0941fa0>,90,2,[2 5],138,197,199,59,170
1,<environment.Job instance at 0x15259bf48e10>,91,14,[8 2],139,197,211,58,188
1,<environment.Job instance at 0x15259ea12690>,59,17,[6 2],93,256,273,163,256
1,<environment.Job instance at 0x15259bae5640>,0,17,[9 2],1,1,18,0,1
1,<environment.Job instance at 0x15259bae56e0>,3,2,[5 2],5,18,20,13,6
1,<environment.Job instance at 0x15259fbfc190>,4,3,[8 1],7,20,23,13,7
1,<environment.Job instance at 0x15259bae5370>,5,2,[6 1],8,23,25,15,12
1,<environment.Job instance at 0x15259b8be320>,16,18,[7 2],26,44,62,18,44
1,<environment.Job instance at 0x1525a565e0a0>,27,2,[8 1],43,64,66,21,64
1,<environment.Job instance at 0x15259c7f40a0>,28,2,[1 8],45,64,66,19,64
1,<environment.Job instance at 0x15259c7f4910>,29,3,[2 8],46,66,69,20,64
1,<environment.Job instance at 0x15259c7f42d0>,30,1,[8 2],47,66,67,19,64
1,<environment.Job instance at 0x1525a568ea00>,31,1,[2 7],50,69,70,19,64
1,<environment.Job instance at 0x1525a568ed70>,32,3,[5 2],51,67,70,16,64
1,<environment.Job instance at 0x1525a568ef00>,33,2,[8 2],52,70,72,18,64
1,<environment.Job instance at 0x1525a568e410>,34,3,[2 5],55,70,73,15,64
1,<environment.Job instance at 0x1525a568e870>,35,14,[6 1],56,72,86,16,64
1,<environment.Job instance at 0x1525e04ebe10>,41,15,[7 2],65,86,101,21,85
1,<environment.Job instance at 0x1525e04ae5f0>,53,1,[7 2],86,101,102,15,86
1,<environment.Job instance at 0x15259b48cd70>,54,2,[7 2],87,102,104,15,87
1,<environment.Job instance at 0x1525a6169320>,55,1,[9 2],89,104,105,15,89
1,<environment.Job instance at 0x15259bcd2050>,56,2,[ 1 10],90,105,107,15,90
1,<environment.Job instance at 0x15259bc6a050>,10,15,[9 2],16,107,122,91,93
1,<environment.Job instance at 0x1525a6169a50>,57,14,[2 8],91,122,136,31,107
1,<environment.Job instance at 0x15259b6d3aa0>,65,2,[6 1],102,122,124,20,107
1,<environment.Job instance at 0x15259b571e60>,68,2,[2 5],105,136,138,31,109
1,<environment.Job instance at 0x15259fc6f550>,71,3,[ 1 10],109,138,141,29,112
1,<environment.Job instance at 0x15259f8adb90>,7,12,[9 2],11,141,153,130,124
1,<environment.Job instance at 0x15259c858280>,77,3,[6 1],116,124,127,8,124
1,<environment.Job instance at 0x15259c858640>,78,2,[10  2],117,153,155,36,126
1,<environment.Job instance at 0x15259c858780>,79,2,[7 1],118,127,129,9,126
1,<environment.Job instance at 0x1525a6184320>,83,18,[2 8],127,155,173,28,144
1,<environment.Job instance at 0x15259c7f8b40>,93,3,[ 1 10],141,173,176,32,147
1,<environment.Job instance at 0x1525a0f6a7d0>,95,16,[5 2],143,155,171,12,148
1,<environment.Job instance at 0x1525a0f6adc0>,96,2,[2 7],144,176,178,32,149
1,<environment.Job instance at 0x15259b8b7fa0>,99,2,[8 1],147,171,173,24,149
1,<environment.Job instance at 0x15259c858460>,76,16,[7 2],115,176,192,61,176
1,<environment.Job instance at 0x1525a5679eb0>,51,15,[ 1 10],84,230,245,146,230
1,<environment.Job instance at 0x15259b634230>,62,17,[1 6],97,260,277,163,260
1,<environment.Job instance at 0x15259ec17dc0>,0,16,[9 1],1,3,19,2,3
1,<environment.Job instance at 0x15259ee05aa0>,6,2,[6 1],11,19,21,8,12
1,<environment.Job instance at 0x15259ee05190>,8,3,[ 2 10],13,21,24,8,13
1,<environment.Job instance at 0x15259ee05730>,10,1,[8 2],15,24,25,9,16
1,<environment.Job instance at 0x15259be183c0>,14,2,[1 6],21,24,26,3,21
1,<environment.Job instance at 0x15259ee054b0>,9,13,[2 8],14,29,42,15,29
1,<environment.Job instance at 0x15259be1d640>,20,1,[5 1],30,30,31,0,30
1,<environment.Job instance at 0x15259be1d820>,21,3,[2 7],32,42,45,10,32
1,<environment.Job instance at 0x15259be1ddc0>,22,3,[8 2],34,34,37,0,34
1,<environment.Job instance at 0x15259be1d500>,23,1,[1 9],35,45,46,10,35
1,<environment.Job instance at 0x15259be1d230>,24,1,[8 1],36,37,38,1,36
1,<environment.Job instance at 0x15259be1df00>,25,2,[ 1 10],40,46,48,6,40
1,<environment.Job instance at 0x15259be1d9b0>,26,3,[2 7],41,48,51,7,41
1,<environment.Job instance at 0x15259be1dc30>,27,1,[2 6],44,51,52,7,44
1,<environment.Job instance at 0x15259be1d550>,28,2,[8 2],45,48,50,3,45
1,<environment.Job instance at 0x15259be1dd20>,29,3,[ 2 10],46,52,55,6,46
1,<environment.Job instance at 0x15259be1db90>,30,3,[2 6],47,55,58,8,47
1,<environment.Job instance at 0x15259ec0d8c0>,31,13,[8 1],49,58,71,9,58
1,<environment.Job instance at 0x15259b5bf190>,38,1,[9 1],59,71,72,12,59
1,<environment.Job instance at 0x15259b5bf1e0>,39,2,[1 9],60,60,62,0,60
1,<environment.Job instance at 0x15259b5bfbe0>,40,2,[1 5],62,62,64,0,62
1,<environment.Job instance at 0x15259b5bf410>,41,1,[2 9],63,64,65,1,63
1,<environment.Job instance at 0x15259be96d20>,42,2,[6 1],64,72,74,8,64
1,<environment.Job instance at 0x15259be96f00>,43,17,[8 2],65,74,91,9,71
1,<environment.Job instance at 0x15259be96b90>,46,1,[9 1],70,91,92,21,71
1,<environment.Job instance at 0x15259edecf50>,48,1,[8 1],72,92,93,20,73
1,<environment.Job instance at 0x15259edec910>,47,19,[2 8],71,92,111,21,83
1,<environment.Job instance at 0x15259edeca50>,56,1,[ 1 10],83,111,112,28,83
1,<environment.Job instance at 0x15259b7a01e0>,57,1,[2 5],84,84,85,0,84
1,<environment.Job instance at 0x15259b7a0eb0>,58,2,[1 9],85,112,114,27,85
1,<environment.Job instance at 0x15259b7a05a0>,59,15,[8 2],86,93,108,7,86
1,<environment.Job instance at 0x15259b7a0370>,60,3,[2 6],87,87,90,0,87
1,<environment.Job instance at 0x15259b7a0460>,61,1,[1 5],88,90,91,2,88
1,<environment.Job instance at 0x15259b7a0190>,62,2,[6 2],89,108,110,19,89
1,<environment.Job instance at 0x15259b7a0dc0>,63,3,[10  1],90,114,117,24,90
1,<environment.Job instance at 0x15259b7a0cd0>,64,2,[7 2],92,117,119,25,92
1,<environment.Job instance at 0x15259b7a0320>,65,1,[9 2],94,119,120,25,94
1,<environment.Job instance at 0x15259b7a0280>,66,1,[10  2],95,120,121,25,95
1,<environment.Job instance at 0x15259bea5190>,67,3,[2 5],97,121,124,24,97
1,<environment.Job instance at 0x15259bea5370>,68,17,[9 2],99,124,141,25,123
1,<environment.Job instance at 0x1525f1d4afa0>,84,14,[9 1],126,141,155,15,126
1,<environment.Job instance at 0x1525f1c6c500>,86,3,[5 1],129,155,158,26,129
1,<environment.Job instance at 0x15259ed3b960>,87,1,[ 1 10],130,158,159,28,130
1,<environment.Job instance at 0x15259ec8a280>,88,3,[1 7],131,131,134,0,131
1,<environment.Job instance at 0x15259ec8abe0>,89,3,[5 2],133,155,158,22,133
1,<environment.Job instance at 0x15259b2b7730>,90,1,[8 2],134,159,160,25,134
1,<environment.Job instance at 0x15259bdbbb90>,91,3,[1 7],136,136,139,0,136
1,<environment.Job instance at 0x15259edbcaa0>,92,2,[2 8],138,159,161,21,138
1,<environment.Job instance at 0x15259edbc6e0>,93,2,[1 8],139,139,141,0,139
1,<environment.Job instance at 0x15259edbc190>,94,3,[1 7],142,142,145,0,142
1,<environment.Job instance at 0x15259ed218c0>,95,1,[1 8],145,145,146,0,145
1,<environment.Job instance at 0x15259ed216e0>,96,1,[7 2],148,160,161,12,148
1,<environment.Job instance at 0x15259edf7280>,97,3,[2 9],149,161,164,12,149
1,<environment.Job instance at 0x15259b673e10>,1,1,[9 1],2,2,3,0,2
1,<environment.Job instance at 0x15259b6735f0>,3,3,[9 2],6,6,9,0,6
1,<environment.Job instance at 0x15259b6731e0>,2,2,[7 2],5,9,11,4,6
1,<environment.Job instance at 0x15259ba819b0>,4,14,[8 1],7,11,25,4,7
1,<environment.Job instance at 0x15259ba811e0>,5,3,[ 1 10],9,25,28,16,9
1,<environment.Job instance at 0x1525a6168460>,6,3,[9 1],10,28,31,18,11
1,<environment.Job instance at 0x1525a61689b0>,9,1,[2 7],13,18,19,5,18
1,<environment.Job instance at 0x15259b354320>,14,2,[1 5],19,21,23,2,21
1,<environment.Job instance at 0x1525a6168fa0>,7,16,[10  1],11,31,47,20,21
1,<environment.Job instance at 0x1525a622d1e0>,18,1,[ 1 10],24,47,48,23,24
1,<environment.Job instance at 0x15259f99e0f0>,19,3,[2 7],26,48,51,22,26
1,<environment.Job instance at 0x15259b354c80>,20,2,[9 1],27,51,53,24,27
1,<environment.Job instance at 0x15259f8bfa50>,21,2,[7 1],28,48,50,20,28
1,<environment.Job instance at 0x15259b4f53c0>,22,3,[5 1],31,53,56,22,31
1,<environment.Job instance at 0x15259b4dc2d0>,23,3,[1 5],32,51,54,19,32
1,<environment.Job instance at 0x1525a6231780>,24,15,[2 9],34,54,69,20,42
1,<environment.Job instance at 0x15259be37870>,25,1,[ 2 10],38,69,70,31,43
1,<environment.Job instance at 0x1525a5611730>,29,3,[2 5],43,70,73,27,45
1,<environment.Job instance at 0x15259c0ccaf0>,28,2,[6 1],42,61,63,19,61
1,<environment.Job instance at 0x15259ee72fa0>,40,1,[1 5],63,70,71,7,63
1,<environment.Job instance at 0x15259ee722d0>,39,14,[10  1],60,80,94,20,80
1,<environment.Job instance at 0x15259ee61be0>,31,12,[7 2],47,94,106,47,81
1,<environment.Job instance at 0x15259c757e10>,50,16,[1 5],82,94,110,12,83
1,<environment.Job instance at 0x15259c757410>,51,13,[8 2],83,106,119,23,106
1,<environment.Job instance at 0x15259b929a50>,64,1,[6 1],109,119,120,10,109
1,<environment.Job instance at 0x15259bca2280>,32,17,[1 8],48,110,127,62,110
1,<environment.Job instance at 0x1525a62d47d0>,42,1,[8 1],69,120,121,51,119
1,<environment.Job instance at 0x15259c7a2910>,70,3,[5 1],119,121,124,2,119
1,<environment.Job instance at 0x1525a62d4370>,47,13,[7 2],78,124,137,46,119
1,<environment.Job instance at 0x15259c7a2d20>,71,3,[9 1],120,137,140,17,126
1,<environment.Job instance at 0x15259b938d20>,75,15,[6 2],126,140,155,14,130
1,<environment.Job instance at 0x15259b938f00>,84,13,[2 8],139,148,161,9,148
1,<environment.Job instance at 0x15259b938730>,77,3,[2 5],129,161,164,32,157
1,<environment.Job instance at 0x15259b9fd4b0>,1,1,[6 1],6,7,8,1,7
1,<environment.Job instance at 0x1525e04b8550>,6,3,[2 9],11,11,14,0,11
1,<environment.Job instance at 0x15259b9fd050>,5,2,[1 5],10,14,16,4,12
1,<environment.Job instance at 0x15259b8a73c0>,9,17,[ 2 10],14,16,33,2,15
1,<environment.Job instance at 0x1525e04b8aa0>,11,2,[7 1],17,33,35,16,17
1,<environment.Job instance at 0x15259bd55370>,13,1,[7 1],19,35,36,16,21
1,<environment.Job instance at 0x15259b893c30>,15,1,[6 2],21,36,37,15,23
1,<environment.Job instance at 0x15259b893960>,16,2,[ 2 10],22,37,39,15,23
1,<environment.Job instance at 0x15259ee72cd0>,19,12,[9 1],26,39,51,13,34
1,<environment.Job instance at 0x15259f95ed70>,32,3,[2 5],47,74,77,27,74
1,<environment.Job instance at 0x15259c05fa50>,36,3,[1 8],52,77,80,25,74
1,<environment.Job instance at 0x1525a4265aa0>,37,2,[7 1],54,76,78,22,76
1,<environment.Job instance at 0x15259f961780>,38,2,[2 8],56,80,82,24,79
1,<environment.Job instance at 0x15259f961be0>,39,1,[1 6],58,104,105,46,104
1,<environment.Job instance at 0x15259f9611e0>,41,1,[2 8],61,110,111,49,110
1,<environment.Job instance at 0x15259f961e10>,40,17,[7 2],59,126,143,67,126
1,<environment.Job instance at 0x15259b46b370>,51,13,[10  2],77,171,184,94,171
1,<environment.Job instance at 0x1525a629de60>,56,15,[10  1],83,184,199,101,172
1,<environment.Job instance at 0x15259f7c7730>,63,3,[8 1],96,199,202,103,176
1,<environment.Job instance at 0x15259bb25f00>,64,14,[9 2],97,254,268,157,254
1,<environment.Job instance at 0x15259b63a870>,83,14,[9 2],122,268,282,146,261
1,<environment.Job instance at 0x15259b63af00>,85,3,[6 2],126,282,285,156,268
1,<environment.Job instance at 0x15259b63a1e0>,86,2,[2 7],127,282,284,155,268
1,<environment.Job instance at 0x15259f7cb460>,88,2,[5 2],131,285,287,154,268
1,<environment.Job instance at 0x15259f7cbeb0>,89,3,[9 1],134,287,290,153,268
1,<environment.Job instance at 0x15259f7cb410>,91,2,[2 7],136,284,286,148,268
1,<environment.Job instance at 0x15259f961960>,43,15,[2 9],67,309,324,242,309
1,<environment.Job instance at 0x15259fbdc8c0>,1,3,[ 2 10],3,3,6,0,3
1,<environment.Job instance at 0x15259fbdc7d0>,3,3,[ 1 10],5,6,9,1,5
1,<environment.Job instance at 0x15259b8ac140>,4,1,[1 6],6,9,10,3,6
1,<environment.Job instance at 0x15259b8aceb0>,7,2,[10  2],10,10,12,0,10
1,<environment.Job instance at 0x1525a556fcd0>,8,1,[1 6],11,12,13,1,11
1,<environment.Job instance at 0x1525a556fd70>,9,1,[5 1],12,12,13,0,12
1,<environment.Job instance at 0x1525a556f050>,13,3,[1 6],16,16,19,0,16
1,<environment.Job instance at 0x1525a556ffa0>,11,15,[8 1],14,17,32,3,17
1,<environment.Job instance at 0x15259b8c6550>,16,1,[2 8],20,33,34,13,33
1,<environment.Job instance at 0x15259bb580a0>,18,15,[2 9],22,34,49,12,33
1,<environment.Job instance at 0x15259bf23eb0>,27,1,[ 2 10],35,49,50,14,37
1,<environment.Job instance at 0x15259bf23aa0>,29,2,[9 1],38,50,52,12,38
1,<environment.Job instance at 0x15259bf235f0>,30,3,[1 8],39,50,53,11,39
1,<environment.Job instance at 0x15259bf23190>,31,16,[8 1],42,52,68,10,45
1,<environment.Job instance at 0x1525a5507e10>,34,2,[6 2],46,68,70,22,46
1,<environment.Job instance at 0x1525a5507eb0>,35,1,[7 2],48,70,71,22,48
1,<environment.Job instance at 0x1525a5507960>,36,2,[ 2 10],53,71,73,18,53
1,<environment.Job instance at 0x15259bd3d0a0>,40,3,[2 9],57,57,60,0,57
1,<environment.Job instance at 0x15259eaa3500>,41,2,[8 1],58,73,75,15,59
1,<environment.Job instance at 0x15259b9d7320>,43,3,[8 1],61,75,78,14,61
1,<environment.Job instance at 0x15259dfa8a00>,44,2,[2 6],66,66,68,0,66
1,<environment.Job instance at 0x15259bb21b90>,46,3,[1 8],69,73,76,4,69
1,<environment.Job instance at 0x15259bb21eb0>,47,2,[5 2],71,78,80,7,71
1,<environment.Job instance at 0x15259f96d280>,45,3,[10  1],67,80,83,13,73
1,<environment.Job instance at 0x15259bb214b0>,49,1,[2 9],74,76,77,2,74
1,<environment.Job instance at 0x15259bb217d0>,50,3,[ 2 10],75,83,86,8,76
1,<environment.Job instance at 0x15259bb21870>,51,2,[6 1],76,86,88,10,76
1,<environment.Job instance at 0x15259bb21e10>,52,1,[8 1],79,88,89,9,79
1,<environment.Job instance at 0x15259bb21cd0>,53,12,[7 1],80,89,101,9,82
1,<environment.Job instance at 0x15259bb21690>,56,14,[5 1],83,101,115,18,86
1,<environment.Job instance at 0x15259f920a00>,59,1,[6 2],86,115,116,29,87
1,<environment.Job instance at 0x15259f920780>,60,2,[5 1],87,101,103,14,87
1,<environment.Job instance at 0x15259c7f62d0>,65,1,[1 6],93,99,100,6,99
1,<environment.Job instance at 0x15259f920af0>,61,18,[6 2],88,116,134,28,105
1,<environment.Job instance at 0x1525f1d41a00>,73,3,[8 1],105,134,137,29,108
1,<environment.Job instance at 0x1525f1d41910>,74,1,[1 7],106,108,109,2,108
1,<environment.Job instance at 0x1525f1d41230>,75,2,[1 9],107,109,111,2,108
1,<environment.Job instance at 0x15259bcbb140>,77,17,[2 7],112,112,129,0,112
1,<environment.Job instance at 0x15259bcbbd20>,76,21,[5 2],108,137,158,29,129
1,<environment.Job instance at 0x15259b2da4b0>,83,1,[2 6],121,129,130,8,129
1,<environment.Job instance at 0x15259b2dae10>,85,15,[2 5],125,130,145,5,130
1,<environment.Job instance at 0x15259b2dac30>,86,1,[9 1],126,158,159,32,131
1,<environment.Job instance at 0x15259bcbbf00>,82,16,[5 2],120,159,175,39,146
1,<environment.Job instance at 0x15259b2daf50>,88,2,[2 8],128,146,148,18,146
1,<environment.Job instance at 0x15259b2da370>,90,15,[2 8],130,159,174,29,149
1,<environment.Job instance at 0x15259b2dae60>,89,12,[6 1],129,175,187,46,158
1,<environment.Job instance at 0x15259b2de140>,102,17,[1 9],145,175,192,30,172
1,<environment.Job instance at 0x15259b2def50>,96,20,[1 9],138,1270,1290,1132,1270
1,<environment.Job instance at 0x1525a61eba50>,0,3,[6 1],1,1,4,0,1
1,<environment.Job instance at 0x15259bbd8870>,5,1,[2 8],11,11,12,0,11
1,<environment.Job instance at 0x15259f993550>,8,3,[ 2 10],14,144,147,130,144
1,<environment.Job instance at 0x1525a61e3af0>,19,17,[2 9],34,942,959,908,942
1,<environment.Job instance at 0x15259fcbec30>,1,1,[9 2],2,7,8,5,7
1,<environment.Job instance at 0x15259b331a00>,7,1,[9 1],8,8,9,0,8
1,<environment.Job instance at 0x15259b331d20>,8,2,[ 2 10],9,9,11,0,9
1,<environment.Job instance at 0x15259b331c80>,9,2,[7 1],11,11,13,0,11
1,<environment.Job instance at 0x15259e9f6190>,2,18,[2 7],3,13,31,10,13
1,<environment.Job instance at 0x15259ebaa050>,13,3,[10  2],18,31,34,13,18
1,<environment.Job instance at 0x15259ebaa690>,14,3,[8 2],19,19,22,0,19
1,<environment.Job instance at 0x15259fd2f320>,4,2,[7 2],5,22,24,17,20
1,<environment.Job instance at 0x15259fc8d190>,15,2,[ 2 10],21,34,36,13,21
1,<environment.Job instance at 0x15259fc8d280>,16,3,[2 9],22,36,39,14,22
1,<environment.Job instance at 0x15259fc8db90>,17,3,[7 1],23,25,28,2,25
1,<environment.Job instance at 0x15259c0f9c80>,20,3,[8 2],28,28,31,0,28
1,<environment.Job instance at 0x15259f8adf50>,21,2,[2 5],29,39,41,10,29
1,<environment.Job instance at 0x1525a61b5b40>,22,2,[7 2],30,39,41,9,30
1,<environment.Job instance at 0x15259b3b9eb0>,26,2,[10  1],37,41,43,4,37
1,<environment.Job instance at 0x15259f919780>,27,1,[ 1 10],38,43,44,5,38
1,<environment.Job instance at 0x15259f735e60>,28,2,[1 9],40,44,46,4,40
1,<environment.Job instance at 0x1525a61a2910>,29,3,[7 1],41,44,47,3,41
1,<environment.Job instance at 0x15259d339a00>,25,16,[6 1],36,47,63,11,47
1,<environment.Job instance at 0x15259becbc80>,34,2,[9 1],48,63,65,15,48
1,<environment.Job instance at 0x15259be2b280>,33,3,[8 2],47,65,68,18,49
1,<environment.Job instance at 0x15259f7c7460>,36,3,[2 8],50,50,53,0,50
1,<environment.Job instance at 0x15259f7c7910>,35,14,[5 2],49,68,82,19,53
1,<environment.Job instance at 0x15259f7c7f50>,39,1,[1 6],55,55,56,0,55
1,<environment.Job instance at 0x15259f7c7780>,40,1,[ 2 10],57,82,83,25,58
1,<environment.Job instance at 0x15259b4b1af0>,42,1,[5 1],59,68,69,9,60
1,<environment.Job instance at 0x15259b4b1e10>,44,3,[9 1],61,83,86,22,61
1,<environment.Job instance at 0x15259f7c79b0>,38,3,[1 6],52,71,74,19,71
1,<environment.Job instance at 0x15259c793c30>,45,14,[5 2],62,86,100,24,79
1,<environment.Job instance at 0x15259be86b90>,58,2,[5 2],81,86,88,5,81
1,<environment.Job instance at 0x15259b812550>,59,1,[6 2],82,100,101,18,82
1,<environment.Job instance at 0x15259b812be0>,60,15,[8 1],83,101,116,18,87
1,<environment.Job instance at 0x15259b812140>,64,3,[2 6],88,88,91,0,88
1,<environment.Job instance at 0x15259b812370>,65,2,[1 5],89,91,93,2,89
1,<environment.Job instance at 0x15259b812690>,66,16,[7 1],90,116,132,26,106
1,<environment.Job instance at 0x15259c7541e0>,75,16,[2 7],108,114,130,6,114
1,<environment.Job instance at 0x15259c7544b0>,78,1,[5 1],112,132,133,20,114
1,<environment.Job instance at 0x15259c7540f0>,79,3,[7 2],114,133,136,19,116
1,<environment.Job instance at 0x15259c09b410>,87,16,[7 2],127,136,152,9,127
1,<environment.Job instance at 0x15259c09be60>,88,1,[2 6],128,130,131,2,128
1,<environment.Job instance at 0x15259c09b690>,89,2,[8 1],129,152,154,23,129
1,<environment.Job instance at 0x15259c09b550>,90,1,[7 1],130,154,155,24,130
1,<environment.Job instance at 0x15259c09b730>,91,16,[7 2],131,159,175,28,159
1,<environment.Job instance at 0x15259c7932d0>,50,16,[5 2],72,301,317,229,301
1,<environment.Job instance at 0x15259c772c80>,1,1,[10  1],3,3,4,0,3
1,<environment.Job instance at 0x15259c793190>,3,3,[6 1],5,5,8,0,5
1,<environment.Job instance at 0x15259c7932d0>,5,2,[7 1],8,8,10,0,8
1,<environment.Job instance at 0x15259c807f50>,6,1,[1 7],9,9,10,0,9
1,<environment.Job instance at 0x15259c807e60>,7,2,[7 1],10,10,12,0,10
1,<environment.Job instance at 0x15259c807140>,8,1,[5 1],11,12,13,1,11
1,<environment.Job instance at 0x15259c807a00>,9,3,[1 7],12,12,15,0,12
1,<environment.Job instance at 0x15259f8f0fa0>,12,14,[10  1],19,20,34,1,20
1,<environment.Job instance at 0x1525a5542410>,14,1,[10  1],22,34,35,12,22
1,<environment.Job instance at 0x15259c807eb0>,15,2,[9 1],23,35,37,12,23
1,<environment.Job instance at 0x15259c8075f0>,4,14,[ 2 10],6,37,51,31,27
1,<environment.Job instance at 0x15259c8b1b90>,20,3,[2 7],28,51,54,23,28
1,<environment.Job instance at 0x15259ba6f140>,21,3,[9 2],29,54,57,25,29
1,<environment.Job instance at 0x15259b70c9b0>,23,14,[8 1],37,57,71,20,45
1,<environment.Job instance at 0x15259bfd0230>,28,1,[2 6],45,57,58,12,45
1,<environment.Job instance at 0x15259b95e8c0>,29,3,[6 1],46,51,54,5,47
1,<environment.Job instance at 0x15259b95e5f0>,30,1,[8 1],47,71,72,24,47
1,<environment.Job instance at 0x15259b95e2d0>,31,18,[2 9],48,58,76,10,54
1,<environment.Job instance at 0x15259b8a50f0>,35,17,[8 1],54,72,89,18,61
1,<environment.Job instance at 0x15259b8a5690>,38,15,[9 1],61,89,104,28,75
1,<environment.Job instance at 0x15259b689910>,45,1,[1 5],69,76,77,7,75
1,<environment.Job instance at 0x15259eb96c80>,46,2,[9 1],71,104,106,33,77
1,<environment.Job instance at 0x15259eb96f50>,47,12,[8 1],73,106,118,33,89
1,<environment.Job instance at 0x1525a61b5cd0>,51,2,[7 1],81,118,120,37,91
1,<environment.Job instance at 0x1525a61b5370>,52,1,[2 7],84,106,107,22,91
1,<environment.Job instance at 0x15259fc61050>,53,18,[9 2],85,120,138,35,116
1,<environment.Job instance at 0x15259fbdcb90>,13,3,[6 1],20,138,141,118,119
1,<environment.Job instance at 0x15259ba48280>,65,1,[10  2],103,141,142,38,127
1,<environment.Job instance at 0x15259c84e050>,67,3,[10  1],105,142,145,37,127
1,<environment.Job instance at 0x15259c84e5a0>,68,2,[8 1],106,145,147,39,128
1,<environment.Job instance at 0x15259ba482d0>,64,14,[5 1],101,147,161,46,137
1,<environment.Job instance at 0x15259b773dc0>,72,2,[8 1],112,161,163,49,137
1,<environment.Job instance at 0x15259b773320>,73,1,[9 1],113,163,164,50,137
1,<environment.Job instance at 0x15259b773a50>,74,1,[2 8],114,138,139,24,137
1,<environment.Job instance at 0x15259b773410>,75,1,[1 8],115,137,138,22,137
1,<environment.Job instance at 0x15259b773eb0>,76,1,[2 9],116,139,140,23,137
1,<environment.Job instance at 0x15259b773550>,77,3,[ 2 10],117,164,167,47,138
1,<environment.Job instance at 0x15259b6c2410>,78,3,[1 7],118,145,148,27,138
1,<environment.Job instance at 0x15259b6c2aa0>,79,2,[5 2],119,148,150,29,138
1,<environment.Job instance at 0x15259b6c2230>,80,2,[7 1],120,167,169,47,140
1,<environment.Job instance at 0x15259b6c2a50>,81,2,[2 5],121,150,152,29,140
1,<environment.Job instance at 0x15259b6c2f00>,82,1,[8 2],122,169,170,47,141
1,<environment.Job instance at 0x15259fcbea50>,83,1,[6 1],123,170,171,47,142
1,<environment.Job instance at 0x15259fcbefa0>,84,1,[10  2],124,171,172,47,143
1,<environment.Job instance at 0x15259fcbe050>,85,3,[1 6],125,152,155,27,143
1,<environment.Job instance at 0x15259fcbe780>,86,1,[8 2],127,172,173,45,144
1,<environment.Job instance at 0x15259f7d2910>,87,3,[5 2],128,155,158,27,144
1,<environment.Job instance at 0x15259fcbeb40>,88,3,[2 5],132,158,161,26,144
1,<environment.Job instance at 0x15259f982dc0>,89,2,[1 6],133,161,163,28,144
1,<environment.Job instance at 0x15259c84e870>,69,1,[10  1],107,208,209,101,208
1,<environment.Job instance at 0x15259b313c80>,1,1,[1 9],2,3,4,1,3
1,<environment.Job instance at 0x15259b313c30>,2,2,[ 1 10],4,5,7,1,5
1,<environment.Job instance at 0x15259b313500>,3,3,[5 1],5,7,10,2,5
1,<environment.Job instance at 0x15259b4436e0>,4,3,[2 6],6,7,10,1,7
1,<environment.Job instance at 0x15259ed8e370>,6,2,[9 1],9,10,12,1,9
1,<environment.Job instance at 0x15259b443c80>,5,12,[9 2],7,12,24,5,12
1,<environment.Job instance at 0x15259ed8e2d0>,9,1,[ 2 10],12,24,25,12,12
1,<environment.Job instance at 0x1525a56435a0>,20,1,[1 5],35,36,37,1,36
1,<environment.Job instance at 0x15259ed8e140>,11,2,[2 7],14,37,39,23,37
1,<environment.Job instance at 0x15259b7c2780>,33,1,[2 8],50,54,55,4,54
1,<environment.Job instance at 0x15259b7c2be0>,34,1,[1 5],51,55,56,4,54
1,<environment.Job instance at 0x15259b7c2b90>,35,2,[2 9],54,56,58,2,54
1,<environment.Job instance at 0x1525a5643690>,23,14,[6 2],39,58,72,19,54
1,<environment.Job instance at 0x15259b7c2320>,37,2,[1 9],56,72,74,16,57
1,<environment.Job instance at 0x15259b7c2d70>,38,12,[5 1],57,72,84,15,69
1,<environment.Job instance at 0x15259b7c2550>,40,3,[2 5],60,74,77,14,73
1,<environment.Job instance at 0x15259b7c28c0>,41,13,[6 1],61,84,97,23,76
1,<environment.Job instance at 0x15259b416780>,45,1,[5 1],68,97,98,29,95
1,<environment.Job instance at 0x15259b416e10>,53,3,[6 1],81,166,169,85,166
1,<environment.Job instance at 0x15259b7a2a50>,55,2,[7 2],84,171,173,87,171
1,<environment.Job instance at 0x15259b7a28c0>,56,2,[10  1],85,176,178,91,176
1,<environment.Job instance at 0x15259b7a27d0>,57,2,[2 7],86,182,184,96,182
1,<environment.Job instance at 0x15259b7a2190>,58,14,[2 7],87,190,204,103,190
1,<environment.Job instance at 0x15259b7a20a0>,59,18,[6 2],88,470,488,382,470
1,<environment.Job instance at 0x15259b7a2cd0>,61,17,[6 2],90,607,624,517,607
1,<environment.Job instance at 0x15259b7a29b0>,64,2,[1 7],95,618,620,523,618
1,<environment.Job instance at 0x15259b7a2730>,65,3,[9 1],96,630,633,534,630
1,<environment.Job instance at 0x15259b7a24b0>,66,12,[1 6],97,684,696,587,684
1,<environment.Job instance at 0x15259b7a2b40>,67,1,[7 1],99,708,709,609,708
1,<environment.Job instance at 0x15259b7a2e10>,68,3,[9 1],100,711,714,611,711
1,<environment.Job instance at 0x15259b7a2280>,69,2,[ 2 10],101,716,718,615,716
1,<environment.Job instance at 0x15259b7a2820>,70,1,[ 1 10],102,718,719,616,718
1,<environment.Job instance at 0x15259b7a2be0>,71,3,[2 7],104,722,725,618,722
1,<environment.Job instance at 0x15259b7aa5f0>,90,2,[1 7],128,845,847,717,845
1,<environment.Job instance at 0x15259b7aaeb0>,91,24,[1 6],130,847,871,717,846
1,<environment.Job instance at 0x15259b7aa910>,92,3,[9 1],133,846,849,713,846
1,<environment.Job instance at 0x15259ee0a640>,94,3,[7 1],137,849,852,712,846
1,<environment.Job instance at 0x15259ee0a230>,98,2,[1 9],142,871,873,729,846
1,<environment.Job instance at 0x15259ee0a4b0>,99,13,[8 1],143,852,865,709,849
1,<environment.Job instance at 0x15259ee0afa0>,100,2,[10  2],145,873,875,728,849
1,<environment.Job instance at 0x15259b7c20f0>,44,17,[ 1 10],65,875,892,810,863
1,<environment.Job instance at 0x15259b7aa8c0>,80,18,[1 6],114,943,961,829,943
1,<environment.Job instance at 0x15259b7a2780>,72,13,[6 2],105,2732,2745,2627,2732
1,<environment.Job instance at 0x14749ddaaaa0>,1,2,[2 5],4,4,6,0,4
1,<environment.Job instance at 0x14749de3eaa0>,3,2,[1 7],6,6,8,0,6
1,<environment.Job instance at 0x147448886fa0>,4,2,[6 1],7,7,9,0,7
1,<environment.Job instance at 0x147448886050>,5,3,[9 1],8,9,12,1,8
1,<environment.Job instance at 0x147448886a00>,9,2,[ 2 10],12,12,14,0,12
1,<environment.Job instance at 0x147448886cd0>,6,16,[2 7],9,16,32,7,16
1,<environment.Job instance at 0x14749ddaaaf0>,2,18,[ 1 10],5,32,50,27,23
1,<environment.Job instance at 0x147448815910>,17,3,[6 1],23,23,26,0,23
1,<environment.Job instance at 0x14744885f910>,18,1,[5 2],25,26,27,1,25
1,<environment.Job instance at 0x14744885ffa0>,19,3,[8 1],26,27,30,1,26
1,<environment.Job instance at 0x14744882af00>,16,17,[1 7],22,50,67,28,38
1,<environment.Job instance at 0x14744885c460>,22,3,[2 6],29,67,70,38,41
1,<environment.Job instance at 0x147448b8f690>,25,1,[6 1],34,50,51,16,41
1,<environment.Job instance at 0x14744814e0f0>,29,13,[1 6],39,70,83,31,54
1,<environment.Job instance at 0x14744814e690>,34,3,[9 2],45,54,57,9,54
1,<environment.Job instance at 0x1474483b71e0>,36,3,[1 6],48,83,86,35,57
1,<environment.Job instance at 0x147448150780>,27,3,[2 8],37,86,89,49,65
1,<environment.Job instance at 0x1474481450a0>,40,1,[8 1],53,68,69,15,68
1,<environment.Job instance at 0x147448145a50>,41,1,[ 1 10],54,89,90,35,68
1,<environment.Job instance at 0x14744814cdc0>,43,2,[2 8],56,90,92,34,68
1,<environment.Job instance at 0x14744814c5f0>,44,1,[2 9],57,92,93,35,68
1,<environment.Job instance at 0x147448145550>,42,3,[1 6],55,93,96,38,68
1,<environment.Job instance at 0x14744814c3c0>,45,2,[2 5],58,96,98,38,69
1,<environment.Job instance at 0x14744814c460>,46,1,[1 7],59,98,99,39,70
1,<environment.Job instance at 0x14744814c230>,47,14,[5 1],60,70,84,10,70
1,<environment.Job instance at 0x147448884500>,49,1,[ 1 10],67,99,100,32,71
1,<environment.Job instance at 0x147448158460>,60,17,[ 1 10],86,100,117,14,88
1,<environment.Job instance at 0x147448158780>,64,18,[1 7],91,117,135,26,107
1,<environment.Job instance at 0x14744815d500>,76,3,[2 8],111,135,138,24,111
1,<environment.Job instance at 0x14744815da50>,79,3,[10  1],119,138,141,19,119
1,<environment.Job instance at 0x14744815daf0>,80,3,[9 2],120,120,123,0,120
1,<environment.Job instance at 0x14744815dd70>,81,12,[1 7],121,141,153,20,124
1,<environment.Job instance at 0x1474481602d0>,86,3,[2 5],127,153,156,26,142
1,<environment.Job instance at 0x1474481603c0>,88,3,[1 6],129,156,159,27,142
1,<environment.Job instance at 0x147448160500>,89,15,[6 2],132,144,159,12,144
1,<environment.Job instance at 0x1474481608c0>,93,18,[1 5],137,159,177,22,148
1,<environment.Job instance at 0x147448160a50>,95,3,[7 1],139,159,162,20,149
1,<environment.Job instance at 0x147448160cd0>,96,1,[2 5],143,162,163,19,149
1,<environment.Job instance at 0x147448160f50>,97,2,[1 7],145,177,179,32,150
1,<environment.Job instance at 0x147448160d20>,98,2,[9 1],146,163,165,17,150
1,<environment.Job instance at 0x147448162050>,99,3,[2 9],148,179,182,31,153
1,<environment.Job instance at 0x147448162730>,101,15,[9 2],153,182,197,29,176
1,<environment.Job instance at 0x147448878320>,11,28,[1 9],15,197,225,182,197
1,<environment.Job instance at 0x14744885c5a0>,1,3,[1 7],2,2,5,0,2
1,<environment.Job instance at 0x147448176960>,0,2,[7 2],1,2,4,1,2
1,<environment.Job instance at 0x14745172deb0>,3,3,[1 5],4,5,8,1,4
1,<environment.Job instance at 0x147448176870>,5,3,[9 1],7,7,10,0,7
1,<environment.Job instance at 0x147451977e60>,6,3,[2 7],8,10,13,2,8
1,<environment.Job instance at 0x147451977e10>,7,2,[ 2 10],10,13,15,3,10
1,<environment.Job instance at 0x1474519772d0>,9,3,[10  2],15,15,18,0,15
1,<environment.Job instance at 0x1474519766e0>,12,18,[2 5],20,21,39,1,21
1,<environment.Job instance at 0x1474519762d0>,14,1,[1 6],22,39,40,17,22
1,<environment.Job instance at 0x147451977dc0>,11,12,[10  2],19,40,52,21,24
1,<environment.Job instance at 0x147451976870>,17,1,[1 8],25,52,53,27,25
1,<environment.Job instance at 0x1474521e3dc0>,18,1,[1 9],26,53,54,27,26
1,<environment.Job instance at 0x1474521e3b90>,19,3,[ 1 10],27,54,57,27,28
1,<environment.Job instance at 0x1474519760f0>,20,2,[5 1],29,29,31,0,29
1,<environment.Job instance at 0x1474519765a0>,13,1,[5 2],21,32,33,11,32
1,<environment.Job instance at 0x147451693cd0>,22,3,[6 2],31,37,40,6,37
1,<environment.Job instance at 0x1474521e3500>,21,12,[1 9],30,57,69,27,44
1,<environment.Job instance at 0x147451769870>,25,3,[1 8],34,69,72,35,60
1,<environment.Job instance at 0x14745197dfa0>,33,12,[2 6],44,72,84,28,60
1,<environment.Job instance at 0x14745197d0f0>,37,3,[9 2],59,69,72,10,60
1,<environment.Job instance at 0x14745197cc80>,38,1,[10  1],60,84,85,24,60
1,<environment.Job instance at 0x14745197ccd0>,39,2,[5 2],61,72,74,11,61
1,<environment.Job instance at 0x14745197c370>,40,3,[6 1],63,63,66,0,63
1,<environment.Job instance at 0x14745197c2d0>,41,1,[8 2],64,74,75,10,64
1,<environment.Job instance at 0x147451685280>,42,25,[1 8],65,85,110,20,81
1,<environment.Job instance at 0x1474516ec320>,45,13,[ 2 10],71,110,123,39,95
1,<environment.Job instance at 0x14745176caf0>,63,16,[7 1],98,123,139,25,121
1,<environment.Job instance at 0x1474516f2a00>,80,3,[8 2],122,139,142,17,123
1,<environment.Job instance at 0x1474516f2370>,82,2,[2 5],125,126,128,1,126
1,<environment.Job instance at 0x1474516f2320>,84,1,[6 2],127,142,143,15,129
1,<environment.Job instance at 0x14745171b780>,87,2,[7 1],130,143,145,13,131
1,<environment.Job instance at 0x1474519a07d0>,100,1,[6 2],148,188,189,40,188
1,<environment.Job instance at 0x14745197d0a0>,36,26,[2 5],58,188,214,130,188
1,<environment.Job instance at 0x1474519a0d70>,102,2,[2 8],150,214,216,64,192
1,<environment.Job instance at 0x1474519a06e0>,105,2,[6 2],153,195,197,42,195
1,<environment.Job instance at 0x1474519a0fa0>,107,1,[6 2],156,199,200,43,199
1,<environment.Job instance at 0x1474519a00f0>,109,15,[6 1],159,211,226,52,211
1,<environment.Job instance at 0x14745176d460>,16,17,[1 5],24,219,236,195,219
1,<environment.Job instance at 0x14744b8a3870>,2,2,[10  2],3,4,6,1,4
1,<environment.Job instance at 0x147447abe5f0>,4,2,[7 2],6,6,8,0,6
1,<environment.Job instance at 0x147447b5c280>,13,2,[10  1],18,18,20,0,18
1,<environment.Job instance at 0x147447b54820>,16,3,[1 9],21,21,24,0,21
1,<environment.Job instance at 0x147447b66f00>,22,3,[10  1],27,30,33,3,30
1,<environment.Job instance at 0x147447b66d70>,26,2,[1 5],33,64,66,31,64
1,<environment.Job instance at 0x147451535500>,27,3,[10  2],34,66,69,32,64
1,<environment.Job instance at 0x14744e67d3c0>,28,3,[2 5],36,69,72,33,64
1,<environment.Job instance at 0x14744e67dc80>,29,3,[2 5],39,69,72,30,64
1,<environment.Job instance at 0x147447bb29b0>,19,14,[ 2 10],24,72,86,48,64
1,<environment.Job instance at 0x1474515be190>,31,1,[1 5],46,86,87,40,71
1,<environment.Job instance at 0x1474515be7d0>,39,16,[1 7],57,87,103,30,75
1,<environment.Job instance at 0x147447b66b40>,23,15,[7 2],29,86,101,57,81
1,<environment.Job instance at 0x1474523a90f0>,55,2,[7 1],82,101,103,19,82
1,<environment.Job instance at 0x14748c0c7b40>,56,1,[1 8],84,103,104,19,84
1,<environment.Job instance at 0x14748c0c7640>,57,3,[10  2],85,104,107,19,85
1,<environment.Job instance at 0x14748c0c7230>,58,3,[1 5],86,107,110,21,86
1,<environment.Job instance at 0x14748c0c7f50>,59,15,[10  1],88,110,125,22,96
1,<environment.Job instance at 0x147447d21780>,61,1,[2 8],91,125,126,34,97
1,<environment.Job instance at 0x147447d21e10>,62,1,[5 2],92,103,104,11,97
1,<environment.Job instance at 0x14744e6627d0>,63,3,[10  2],94,126,129,32,100
1,<environment.Job instance at 0x14744e6628c0>,64,3,[8 1],95,107,110,12,100
1,<environment.Job instance at 0x1474502e9280>,65,3,[5 1],97,129,132,32,103
1,<environment.Job instance at 0x1474502e94b0>,66,13,[5 1],99,129,142,30,113
1,<environment.Job instance at 0x1474502e92d0>,69,2,[9 2],102,142,144,40,117
1,<environment.Job instance at 0x14748c79aeb0>,68,16,[1 5],101,132,148,31,119
1,<environment.Job instance at 0x14744aa959b0>,71,15,[2 6],105,148,163,43,134
1,<environment.Job instance at 0x14744aa95af0>,72,3,[1 7],106,163,166,57,137
1,<environment.Job instance at 0x14744aa95b40>,73,18,[1 8],107,166,184,59,155
1,<environment.Job instance at 0x14744aa95d20>,77,15,[7 2],112,158,173,46,158
1,<environment.Job instance at 0x14744aa95460>,84,17,[10  2],124,190,207,66,190
1,<environment.Job instance at 0x14744bd32f00>,70,12,[1 8],103,207,219,104,190
1,<environment.Job instance at 0x14744b80efa0>,86,3,[10  2],126,219,222,93,193
1,<environment.Job instance at 0x14744b80ec30>,89,2,[6 1],129,207,209,78,196
1,<environment.Job instance at 0x14744e684910>,30,17,[1 7],42,222,239,180,210
1,<environment.Job instance at 0x14744ba14a50>,106,1,[7 1],153,210,211,57,210
1,<environment.Job instance at 0x14744b7ea910>,107,2,[2 5],154,239,241,85,212
1,<environment.Job instance at 0x14744b7ea5f0>,108,1,[5 2],155,212,213,57,212
1,<environment.Job instance at 0x14744b7eab90>,109,14,[10  2],156,241,255,85,235
1,<environment.Job instance at 0x1474502e5780>,99,26,[10  1],141,510,536,369,510
1,<environment.Job instance at 0x14745176a7d0>,1,2,[7 1],3,5,7,2,5
1,<environment.Job instance at 0x147452229910>,5,2,[6 1],9,9,11,0,9
1,<environment.Job instance at 0x147447c3acd0>,8,1,[7 1],12,12,13,0,12
1,<environment.Job instance at 0x147447db6820>,10,3,[ 2 10],14,14,17,0,14
1,<environment.Job instance at 0x147447db6eb0>,12,18,[2 7],19,20,38,1,20
1,<environment.Job instance at 0x147447e0b870>,14,1,[2 9],22,38,39,16,22
1,<environment.Job instance at 0x14744790e280>,15,2,[ 2 10],25,39,41,14,25
1,<environment.Job instance at 0x147447e0bd70>,16,2,[7 1],26,26,28,0,26
1,<environment.Job instance at 0x1474519783c0>,17,3,[1 5],27,41,44,14,27
1,<environment.Job instance at 0x1474515cd3c0>,18,2,[5 2],28,28,30,0,28
1,<environment.Job instance at 0x147447964b40>,19,1,[10  2],29,44,45,15,29
1,<environment.Job instance at 0x1474480e1370>,20,1,[10  1],30,45,46,15,30
1,<environment.Job instance at 0x1474479aa6e0>,21,16,[10  2],31,46,62,15,38
1,<environment.Job instance at 0x147452268500>,26,1,[1 5],39,41,42,2,39
1,<environment.Job instance at 0x147452268e60>,27,12,[10  1],41,62,74,21,45
1,<environment.Job instance at 0x1474480e1780>,22,1,[8 2],33,74,75,41,48
1,<environment.Job instance at 0x147447d530a0>,29,2,[10  1],46,75,77,29,48
1,<environment.Job instance at 0x147447d53870>,30,1,[2 8],47,74,75,27,48
1,<environment.Job instance at 0x147451630640>,28,15,[5 2],43,77,92,34,74
1,<environment.Job instance at 0x147447909a00>,53,3,[2 7],83,84,87,1,84
1,<environment.Job instance at 0x147447c1ccd0>,55,2,[1 9],86,92,94,6,86
1,<environment.Job instance at 0x1474479095a0>,56,1,[1 8],87,87,88,0,87
1,<environment.Job instance at 0x1474479a5b40>,57,3,[ 1 10],88,94,97,6,88
1,<environment.Job instance at 0x1474479a5190>,58,2,[1 5],89,89,91,0,89
1,<environment.Job instance at 0x1474479a5f50>,59,17,[2 5],93,97,114,4,94
1,<environment.Job instance at 0x1474479a5aa0>,61,17,[9 1],97,114,131,17,103
1,<environment.Job instance at 0x1474479a55f0>,66,1,[1 9],106,114,115,8,106
1,<environment.Job instance at 0x147451728820>,67,18,[7 1],107,131,149,24,120
1,<environment.Job instance at 0x14744ae3d3c0>,75,3,[ 1 10],120,149,152,29,123
1,<environment.Job instance at 0x14744ae3d140>,76,2,[8 2],121,152,154,31,126
1,<environment.Job instance at 0x1474516e60f0>,81,2,[1 9],129,136,138,7,136
1,<environment.Job instance at 0x147447c002d0>,87,3,[9 2],137,154,157,17,137
1,<environment.Job instance at 0x147447c00230>,88,3,[8 1],138,157,160,19,138
1,<environment.Job instance at 0x147447c00a50>,89,3,[2 6],140,145,148,5,145
1,<environment.Job instance at 0x1474516e6b40>,83,15,[ 1 10],132,160,175,28,149
1,<environment.Job instance at 0x147447e030a0>,96,1,[6 2],150,175,176,25,150
1,<environment.Job instance at 0x147447e038c0>,98,2,[5 2],155,176,178,21,155
1,<environment.Job instance at 0x1474479a5410>,65,16,[ 2 10],103,178,194,75,170
1,<environment.Job instance at 0x1474517240a0>,99,14,[ 1 10],156,204,218,48,204
1,<environment.Job instance at 0x147447d1f4b0>,33,17,[1 6],53,218,235,165,207
1,<environment.Job instance at 0x147447e87e60>,3,3,[9 1],5,6,9,1,6
1,<environment.Job instance at 0x147447bfcaa0>,4,17,[10  2],6,9,26,3,6
1,<environment.Job instance at 0x147447bfc230>,6,15,[1 5],9,26,41,17,12
1,<environment.Job instance at 0x147447bfc6e0>,9,1,[6 2],14,26,27,12,14
1,<environment.Job instance at 0x147447bfc190>,8,3,[10  1],13,41,44,28,15
1,<environment.Job instance at 0x147447bfca00>,10,2,[6 1],15,27,29,12,15
1,<environment.Job instance at 0x147447d49f00>,16,2,[1 7],25,44,46,19,26
1,<environment.Job instance at 0x147447d497d0>,18,2,[1 9],27,46,48,19,31
1,<environment.Job instance at 0x147447d493c0>,19,16,[2 5],28,48,64,20,35
1,<environment.Job instance at 0x147447d499b0>,23,1,[2 7],36,64,65,28,36
1,<environment.Job instance at 0x147447d49690>,24,2,[1 6],37,65,67,28,38
1,<environment.Job instance at 0x147447bd3fa0>,26,2,[7 1],40,44,46,4,40
1,<environment.Job instance at 0x147447d49cd0>,22,2,[7 1],34,46,48,12,41
1,<environment.Job instance at 0x147447bd3910>,27,18,[7 1],41,48,66,7,42
1,<environment.Job instance at 0x147447bd3dc0>,29,12,[5 1],47,66,78,19,49
1,<environment.Job instance at 0x147447bd3820>,33,3,[1 7],51,67,70,16,51
1,<environment.Job instance at 0x147447d49a50>,25,3,[8 2],38,78,81,40,67
1,<environment.Job instance at 0x147447d63d70>,42,3,[8 1],66,81,84,15,71
1,<environment.Job instance at 0x147447bd3f50>,28,13,[8 2],42,84,97,42,71
1,<environment.Job instance at 0x147447d63f00>,46,3,[6 1],70,97,100,27,71
1,<environment.Job instance at 0x147447d638c0>,47,3,[1 8],72,73,76,1,73
1,<environment.Job instance at 0x147447d63dc0>,49,2,[2 9],74,76,78,2,74
1,<environment.Job instance at 0x147447d63a50>,43,17,[2 8],67,78,95,11,74
1,<environment.Job instance at 0x147447db1e10>,56,3,[2 7],86,95,98,9,87
1,<environment.Job instance at 0x147447bd3870>,30,12,[ 2 10],48,100,112,52,88
1,<environment.Job instance at 0x147447db10f0>,60,2,[2 9],90,98,100,8,90
1,<environment.Job instance at 0x147447db1780>,51,1,[2 6],77,112,113,35,101
1,<environment.Job instance at 0x147447d6de60>,71,1,[1 7],104,113,114,9,105
1,<environment.Job instance at 0x147447d6d230>,73,2,[5 2],106,112,114,6,107
1,<environment.Job instance at 0x147447d6d640>,75,1,[9 2],109,114,115,5,109
1,<environment.Job instance at 0x147447d6d5f0>,76,3,[2 8],110,115,118,5,110
1,<environment.Job instance at 0x147447d6d460>,74,16,[8 1],108,115,131,7,112
1,<environment.Job instance at 0x147447d6daf0>,77,13,[1 6],111,118,131,7,112
1,<environment.Job instance at 0x1474488aba50>,80,12,[1 9],114,131,143,17,114
1,<environment.Job instance at 0x14744ab75c30>,79,2,[1 5],113,143,145,30,116
1,<environment.Job instance at 0x1474488a9fa0>,85,2,[10  1],119,145,147,26,119
1,<environment.Job instance at 0x14744addab40>,92,12,[2 9],127,147,159,20,131
1,<environment.Job instance at 0x14744acf27d0>,94,15,[7 2],130,166,181,36,166
1,<environment.Job instance at 0x147447d635f0>,44,3,[1 9],68,181,184,113,166
1,<environment.Job instance at 0x147452235c80>,97,1,[ 1 10],133,184,185,51,167
1,<environment.Job instance at 0x14744ab670f0>,99,1,[ 2 10],135,185,186,50,167
1,<environment.Job instance at 0x147447c52dc0>,100,1,[2 9],137,186,187,49,167
1,<environment.Job instance at 0x1474523ae0f0>,101,16,[6 1],138,186,202,48,178
1,<environment.Job instance at 0x147447c845a0>,102,12,[2 8],144,187,199,43,180
1,<environment.Job instance at 0x14745220fa50>,107,1,[2 7],151,180,181,29,180
1,<environment.Job instance at 0x147448048dc0>,108,2,[10  2],152,202,204,50,181
1,<environment.Job instance at 0x14744bceb140>,103,3,[10  2],145,204,207,59,181
1,<environment.Job instance at 0x14744bceb730>,106,14,[9 2],149,207,221,58,194
1,<environment.Job instance at 0x14744ac01690>,110,1,[6 1],158,229,230,71,229
1,<environment.Job instance at 0x147447bee410>,69,12,[ 2 10],101,246,258,145,246
1,<environment.Job instance at 0x14744892bd70>,2,2,[ 1 10],5,5,7,0,5
1,<environment.Job instance at 0x14744b87b140>,3,3,[5 1],6,7,10,1,6
1,<environment.Job instance at 0x14744892b140>,0,18,[1 9],1,7,25,6,6
1,<environment.Job instance at 0x14744ab96c80>,6,1,[6 2],11,25,26,14,11
1,<environment.Job instance at 0x1474480488c0>,9,2,[5 2],16,26,28,10,26
1,<environment.Job instance at 0x14744b89eaa0>,7,14,[9 2],14,28,42,14,26
1,<environment.Job instance at 0x147448927690>,17,12,[5 1],27,42,54,15,27
1,<environment.Job instance at 0x147448b83b40>,18,1,[5 2],28,42,43,14,28
1,<environment.Job instance at 0x14744ae2a3c0>,19,13,[1 7],29,43,56,14,32
1,<environment.Job instance at 0x1474519765a0>,23,3,[6 2],34,54,57,20,35
1,<environment.Job instance at 0x14744b9d0dc0>,25,3,[6 1],37,57,60,20,37
1,<environment.Job instance at 0x14744adba730>,26,1,[ 1 10],38,60,61,22,38
1,<environment.Job instance at 0x1474519803c0>,27,1,[8 2],40,61,62,21,40
1,<environment.Job instance at 0x1474480970f0>,28,2,[2 7],41,56,58,15,41
1,<environment.Job instance at 0x1474519760f0>,24,1,[9 2],35,62,63,27,44
1,<environment.Job instance at 0x1474480973c0>,29,12,[2 7],43,63,75,20,46
1,<environment.Job instance at 0x1474480970a0>,33,3,[8 2],47,63,66,16,47
1,<environment.Job instance at 0x147448097cd0>,34,15,[7 2],48,66,81,18,57
1,<environment.Job instance at 0x14745176b410>,38,12,[8 2],57,81,93,24,73
1,<environment.Job instance at 0x147448915500>,48,1,[6 1],73,93,94,20,73
1,<environment.Job instance at 0x147448915780>,49,1,[7 2],74,94,95,20,74
1,<environment.Job instance at 0x147448918190>,50,2,[ 1 10],75,95,97,20,75
1,<environment.Job instance at 0x1474489181e0>,51,13,[10  2],76,97,110,21,81
1,<environment.Job instance at 0x147447b139b0>,55,2,[2 8],82,82,84,0,82
1,<environment.Job instance at 0x14744b9b7230>,35,13,[ 2 10],49,110,123,61,98
1,<environment.Job instance at 0x14744af55410>,68,3,[7 2],105,123,126,18,105
1,<environment.Job instance at 0x14744af55370>,69,2,[ 2 10],107,126,128,19,107
1,<environment.Job instance at 0x14744af55b40>,70,2,[1 5],108,123,125,15,109
1,<environment.Job instance at 0x14744b9eb5a0>,57,18,[1 9],90,128,146,38,117
1,<environment.Job instance at 0x14744af55e60>,77,2,[1 7],115,146,148,31,119
1,<environment.Job instance at 0x14744af55320>,78,18,[8 1],116,128,146,12,119
1,<environment.Job instance at 0x14744af557d0>,71,1,[10  2],109,148,149,39,123
1,<environment.Job instance at 0x14744af55a50>,79,18,[8 2],117,149,167,32,138
1,<environment.Job instance at 0x14744af55640>,81,3,[10  1],119,167,170,48,141
1,<environment.Job instance at 0x147447b3a7d0>,85,2,[2 6],124,149,151,25,142
1,<environment.Job instance at 0x147447b3a3c0>,86,14,[2 5],125,151,165,26,146
1,<environment.Job instance at 0x147447b3a5f0>,88,13,[1 7],127,170,183,43,157
1,<environment.Job instance at 0x147447b3a6e0>,87,12,[5 1],126,173,185,47,173
1,<environment.Job instance at 0x147447b3aa00>,94,1,[1 8],135,183,184,48,173
1,<environment.Job instance at 0x147447b3afa0>,95,1,[8 2],136,185,186,49,173
1,<environment.Job instance at 0x147447b3a370>,96,3,[1 8],140,184,187,44,173
1,<environment.Job instance at 0x14745229fcd0>,97,1,[2 6],143,187,188,44,173
1,<environment.Job instance at 0x14745229fa00>,98,1,[2 7],145,188,189,43,173
1,<environment.Job instance at 0x14745229f7d0>,99,1,[7 1],146,186,187,40,173
1,<environment.Job instance at 0x14745229f690>,100,3,[6 2],148,187,190,39,173
1,<environment.Job instance at 0x14745229f960>,101,2,[2 6],150,189,191,39,173
1,<environment.Job instance at 0x147447b3a0a0>,93,3,[7 1],133,190,193,57,173
1,<environment.Job instance at 0x14745229f140>,102,14,[1 8],151,191,205,40,181
1,<environment.Job instance at 0x14745229ff50>,104,2,[10  2],153,205,207,52,181
1,<environment.Job instance at 0x14745229f1e0>,105,3,[10  1],154,207,210,53,181
1,<environment.Job instance at 0x14745229f410>,106,2,[ 1 10],156,210,212,54,183
1,<environment.Job instance at 0x14745229fa50>,107,3,[2 6],157,212,215,55,186
1,<environment.Job instance at 0x14745229f820>,108,2,[1 9],158,215,217,57,188
1,<environment.Job instance at 0x14745229f640>,109,3,[2 8],159,217,220,58,191
1,<environment.Job instance at 0x1474489250f0>,15,16,[7 1],25,2451,2467,2426,2451
1,<environment.Job instance at 0x14744af55c30>,80,18,[1 9],118,2505,2523,2387,2505
1,<environment.Job instance at 0x14744ae0ba50>,0,1,[1 7],1,1,2,0,1
1,<environment.Job instance at 0x14744ae0bb90>,3,2,[2 6],4,5,7,1,5
1,<environment.Job instance at 0x147447d6b780>,5,3,[7 1],7,8,11,1,8
1,<environment.Job instance at 0x14744abaa5a0>,6,2,[2 9],9,9,11,0,9
1,<environment.Job instance at 0x14744ab4ba50>,11,3,[ 2 10],15,15,18,0,15
1,<environment.Job instance at 0x14744aabdb90>,31,12,[1 6],43,355,367,312,355
1,<environment.Job instance at 0x14744ac1fc80>,30,17,[5 2],42,355,372,313,355
1,<environment.Job instance at 0x14744af3b410>,38,3,[10  2],51,372,375,321,355
1,<environment.Job instance at 0x14744ac16320>,34,12,[2 6],46,375,387,329,369
1,<environment.Job instance at 0x14744ab254b0>,55,3,[8 2],77,375,378,298,369
1,<environment.Job instance at 0x14744ab25820>,54,13,[10  2],74,387,400,313,371
1,<environment.Job instance at 0x147447996e60>,59,2,[6 2],83,378,380,295,371
1,<environment.Job instance at 0x147447aeceb0>,63,12,[2 8],88,400,412,312,383
1,<environment.Job instance at 0x147447aec140>,64,2,[10  2],89,412,414,323,385
1,<environment.Job instance at 0x147447da2690>,65,3,[2 7],90,414,417,324,388
1,<environment.Job instance at 0x147447be20f0>,56,14,[1 6],80,417,431,337,402
1,<environment.Job instance at 0x14744bc70550>,80,3,[ 1 10],110,431,434,321,410
1,<environment.Job instance at 0x14744ac3cfa0>,84,3,[5 1],114,414,417,300,411
1,<environment.Job instance at 0x14744ab4b4b0>,12,19,[10  1],17,434,453,417,425
1,<environment.Job instance at 0x1474480ae960>,90,2,[7 2],127,426,428,299,426
1,<environment.Job instance at 0x147448058b40>,75,16,[2 5],104,453,469,349,440
1,<environment.Job instance at 0x147447947c80>,98,2,[8 2],138,453,455,315,440
1,<environment.Job instance at 0x14744ac3cd70>,86,15,[5 2],120,455,470,335,444
1,<environment.Job instance at 0x14744ae2cf00>,104,2,[8 2],148,470,472,322,456
1,<environment.Job instance at 0x14744ae2c8c0>,105,3,[9 2],149,472,475,323,456
1,<environment.Job instance at 0x14744ae2c190>,106,16,[1 7],150,469,485,319,456
1,<environment.Job instance at 0x147447947140>,91,17,[9 1],128,604,621,476,604
1,<environment.Job instance at 0x14744bc4f140>,1,1,[8 1],3,3,4,0,3
1,<environment.Job instance at 0x14744bc4fb90>,2,1,[9 1],4,6,7,2,6
1,<environment.Job instance at 0x147451556e60>,4,3,[5 2],7,7,10,0,7
1,<environment.Job instance at 0x14744ab7e820>,7,3,[1 9],10,10,13,0,10
1,<environment.Job instance at 0x14744ab7e0a0>,9,3,[2 5],15,15,18,0,15
1,<environment.Job instance at 0x147451991d20>,11,18,[1 9],17,18,36,1,17
1,<environment.Job instance at 0x14744ae18910>,12,16,[2 9],18,36,52,18,23
1,<environment.Job instance at 0x14748c52ddc0>,16,2,[1 5],24,52,54,28,25
1,<environment.Job instance at 0x14745231cdc0>,25,1,[2 9],34,54,55,20,53
1,<environment.Job instance at 0x14745231ca00>,26,1,[1 8],36,55,56,19,55
1,<environment.Job instance at 0x14748c52daa0>,17,3,[9 1],25,66,69,41,66
1,<environment.Job instance at 0x14745231f820>,28,2,[ 1 10],38,73,75,35,73
1,<environment.Job instance at 0x14745231f550>,29,3,[8 2],39,78,81,39,78
1,<environment.Job instance at 0x14745231faf0>,31,16,[1 5],42,97,113,55,97
1,<environment.Job instance at 0x147451999a00>,42,1,[5 2],57,103,104,46,103
1,<environment.Job instance at 0x14745231feb0>,38,17,[1 9],51,120,137,69,120
1,<environment.Job instance at 0x1474521e48c0>,60,1,[6 2],87,137,138,50,120
1,<environment.Job instance at 0x14744add83c0>,61,1,[1 6],88,137,138,49,120
1,<environment.Job instance at 0x14748c02d410>,64,2,[ 1 10],92,138,140,46,120
1,<environment.Job instance at 0x14748c078140>,65,2,[1 5],94,140,142,46,120
1,<environment.Job instance at 0x14745231cc30>,27,14,[1 8],37,142,156,105,127
1,<environment.Job instance at 0x147448020780>,76,18,[1 9],109,158,176,49,158
1,<environment.Job instance at 0x147448020910>,77,12,[1 9],111,176,188,65,168
1,<environment.Job instance at 0x147448020050>,80,3,[9 2],114,188,191,74,168
1,<environment.Job instance at 0x147448020690>,81,3,[8 2],116,191,194,75,168
1,<environment.Job instance at 0x147448020370>,82,17,[2 7],118,191,208,73,179
1,<environment.Job instance at 0x147448b60dc0>,85,1,[6 2],121,194,195,73,179
1,<environment.Job instance at 0x147448b605a0>,88,2,[2 8],125,208,210,83,181
1,<environment.Job instance at 0x147452307f00>,94,13,[1 9],132,210,223,78,194
1,<environment.Job instance at 0x147452307780>,95,15,[2 9],133,223,238,90,216
1,<environment.Job instance at 0x1474523075a0>,100,18,[1 8],139,238,256,99,228
1,<environment.Job instance at 0x1474523071e0>,101,1,[1 6],140,256,257,116,228
1,<environment.Job instance at 0x147452307af0>,102,16,[1 7],141,257,273,116,244
1,<environment.Job instance at 0x147452335e60>,114,2,[2 6],157,273,275,116,246
1,<environment.Job instance at 0x14744a022640>,6,1,[6 2],8,8,9,0,8
1,<environment.Job instance at 0x14744a0223c0>,9,2,[8 2],13,13,15,0,13
1,<environment.Job instance at 0x14748c556820>,10,1,[2 7],15,15,16,0,15
1,<environment.Job instance at 0x14748c556500>,11,1,[1 8],16,16,17,0,16
1,<environment.Job instance at 0x14748c5569b0>,12,1,[7 1],17,17,18,0,17
1,<environment.Job instance at 0x14748c556a00>,13,3,[5 2],18,18,21,0,18
1,<environment.Job instance at 0x1474479adaa0>,14,1,[10  1],19,21,22,2,19
1,<environment.Job instance at 0x14748c556230>,15,1,[ 1 10],20,22,23,2,20
1,<environment.Job instance at 0x14748c556b40>,16,1,[2 5],21,23,24,2,21
1,<environment.Job instance at 0x14744bd66780>,17,2,[ 1 10],22,24,26,2,22
1,<environment.Job instance at 0x14744bd66230>,18,2,[2 8],23,26,28,3,23
1,<environment.Job instance at 0x1474479add70>,19,1,[8 2],24,26,27,2,24
1,<environment.Job instance at 0x1474521e27d0>,22,1,[9 2],31,32,33,1,32
1,<environment.Job instance at 0x14744ab3fcd0>,24,1,[6 2],33,35,36,2,35
1,<environment.Job instance at 0x1474521e2d20>,23,2,[8 2],32,59,61,27,59
1,<environment.Job instance at 0x14744ae2cc30>,41,1,[9 1],54,61,62,7,61
1,<environment.Job instance at 0x14744ae2c0f0>,42,18,[2 8],58,71,89,13,71
1,<environment.Job instance at 0x14744a022be0>,8,20,[9 2],11,89,109,78,80
1,<environment.Job instance at 0x14744abb5640>,51,3,[5 2],70,83,86,13,83
1,<environment.Job instance at 0x14744abb5aa0>,52,2,[2 9],72,109,111,37,83
1,<environment.Job instance at 0x14744abb5d20>,46,2,[2 6],64,111,113,47,84
1,<environment.Job instance at 0x147447e58280>,55,2,[2 9],76,113,115,37,99
1,<environment.Job instance at 0x147447e58690>,56,12,[8 1],79,109,121,30,99
1,<environment.Job instance at 0x147447e58460>,57,18,[1 6],80,126,144,46,126
1,<environment.Job instance at 0x14744abb5050>,54,16,[9 1],74,143,159,69,143
1,<environment.Job instance at 0x147451559050>,70,1,[9 1],106,159,160,53,143
1,<environment.Job instance at 0x1474515590f0>,71,1,[2 9],108,160,161,52,148
1,<environment.Job instance at 0x147451559370>,74,2,[7 2],112,161,163,49,151
1,<environment.Job instance at 0x14744b8b6fa0>,75,2,[2 5],113,161,163,48,152
1,<environment.Job instance at 0x14744b8b6370>,76,3,[2 6],114,163,166,49,154
1,<environment.Job instance at 0x14744b8b6410>,78,3,[8 2],117,163,166,46,157
1,<environment.Job instance at 0x14744b8b6a50>,80,2,[2 8],120,166,168,46,157
1,<environment.Job instance at 0x147447e588c0>,66,18,[9 2],98,169,187,71,169
1,<environment.Job instance at 0x14744b8b6eb0>,84,2,[ 2 10],125,187,189,62,169
1,<environment.Job instance at 0x14744b8b6c80>,85,16,[9 2],126,189,205,63,176
1,<environment.Job instance at 0x14744b8b6280>,81,1,[6 2],122,205,206,83,185
1,<environment.Job instance at 0x14744ab6b1e0>,95,1,[2 9],139,206,207,67,195
1,<environment.Job instance at 0x14744ab6ba00>,94,17,[5 2],138,207,224,69,197
1,<environment.Job instance at 0x14744ab6bb90>,103,3,[2 6],151,207,210,56,197
1,<environment.Job instance at 0x14744ab6bf50>,104,2,[9 1],152,224,226,72,197
1,<environment.Job instance at 0x14744b7eabe0>,105,3,[8 1],153,226,229,73,200
1,<environment.Job instance at 0x14744b7ea370>,106,1,[1 7],154,200,201,46,200
1,<environment.Job instance at 0x14744b7ea870>,107,2,[9 2],155,229,231,74,202
1,<environment.Job instance at 0x14744ab6b640>,99,15,[7 2],143,231,246,88,226
1,<environment.Job instance at 0x14744b7ea5f0>,2,2,[7 1],8,8,10,0,8
1,<environment.Job instance at 0x14744b7eaf00>,5,18,[ 2 10],11,19,37,8,19
1,<environment.Job instance at 0x14744b995280>,12,2,[ 2 10],20,37,39,17,20
1,<environment.Job instance at 0x14744abdc5f0>,3,14,[5 1],9,39,53,30,24
1,<environment.Job instance at 0x1474519a0f50>,16,18,[2 7],25,39,57,14,28
1,<environment.Job instance at 0x1474478e38c0>,19,3,[1 7],28,57,60,29,31
1,<environment.Job instance at 0x1474478e3c80>,20,1,[2 6],29,60,61,31,32
1,<environment.Job instance at 0x1474478e3d20>,21,3,[2 9],30,61,64,31,35
1,<environment.Job instance at 0x14744804ae60>,22,2,[2 6],31,64,66,33,37
1,<environment.Job instance at 0x14744804aaf0>,23,1,[2 6],32,66,67,34,38
1,<environment.Job instance at 0x1474523b1b40>,24,1,[7 2],34,53,54,19,38
1,<environment.Job instance at 0x14744804a780>,25,2,[2 6],35,67,69,32,40
1,<environment.Job instance at 0x14744804a5a0>,26,1,[10  1],36,69,70,33,41
1,<environment.Job instance at 0x14744804a6e0>,27,3,[8 2],37,54,57,17,41
1,<environment.Job instance at 0x14744b8c5fa0>,0,3,[2 9],1,1,4,0,1
1,<environment.Job instance at 0x14744804a6e0>,2,1,[2 7],6,6,7,0,6
1,<environment.Job instance at 0x14744b8c5910>,4,17,[2 6],8,9,26,1,9
1,<environment.Job instance at 0x147447703460>,7,1,[1 7],13,26,27,13,18
1,<environment.Job instance at 0x14744b8c5b90>,3,1,[6 1],7,19,20,12,19
1,<environment.Job instance at 0x147447703730>,9,2,[10  2],16,27,29,11,19
1,<environment.Job instance at 0x147447703eb0>,5,1,[ 1 10],9,29,30,20,20
1,<environment.Job instance at 0x147447703b90>,10,3,[5 1],17,20,23,3,20
1,<environment.Job instance at 0x1474477031e0>,12,1,[8 1],20,23,24,3,21
1,<environment.Job instance at 0x147447703640>,11,14,[2 7],18,30,44,12,22
1,<environment.Job instance at 0x147447703f50>,6,18,[2 9],12,44,62,32,33
1,<environment.Job instance at 0x1474475f7460>,20,1,[7 2],33,33,34,0,33
1,<environment.Job instance at 0x1474474c50a0>,21,2,[8 1],34,34,36,0,34
1,<environment.Job instance at 0x1474475f6dc0>,13,12,[6 1],21,36,48,15,35
1,<environment.Job instance at 0x14744753b5f0>,24,3,[1 9],37,62,65,25,37
1,<environment.Job instance at 0x14744749fa00>,25,2,[2 5],38,65,67,27,38
1,<environment.Job instance at 0x14744753b870>,23,21,[7 1],36,51,72,15,51
1,<environment.Job instance at 0x147447681870>,34,3,[1 8],53,67,70,14,53
1,<environment.Job instance at 0x14744749f190>,26,14,[8 2],39,72,86,33,57
1,<environment.Job instance at 0x147447540aa0>,36,2,[5 2],55,86,88,31,59
1,<environment.Job instance at 0x1474474c9b90>,37,3,[8 1],57,88,91,31,62
1,<environment.Job instance at 0x14744774f0a0>,38,2,[6 1],58,91,93,33,64
1,<environment.Job instance at 0x14744774f370>,39,3,[6 2],60,93,96,33,68
1,<environment.Job instance at 0x147447680d70>,42,26,[2 8],65,70,96,5,69
1,<environment.Job instance at 0x147447680550>,41,1,[6 2],63,96,97,33,77
1,<environment.Job instance at 0x14744760fd20>,45,1,[6 1],69,97,98,28,79
1,<environment.Job instance at 0x14744760fcd0>,46,3,[2 8],70,96,99,26,79
1,<environment.Job instance at 0x147447681320>,33,17,[9 2],51,122,139,71,122
1,<environment.Job instance at 0x147447703dc0>,8,14,[1 7],15,219,233,204,219
1,<environment.Job instance at 0x14744764c7d0>,84,15,[ 1 10],134,291,306,157,291
1,<environment.Job instance at 0x147447645370>,90,14,[2 8],141,306,320,165,293
1,<environment.Job instance at 0x1474476b61e0>,101,2,[2 5],155,320,322,165,302
1,<environment.Job instance at 0x14744757e0a0>,59,17,[ 2 10],92,354,371,262,354
1,<environment.Job instance at 0x147447404e10>,1,2,[2 9],2,2,4,0,2
1,<environment.Job instance at 0x14744760fdc0>,2,2,[1 9],3,4,6,1,3
1,<environment.Job instance at 0x147448936c80>,4,16,[7 2],5,6,22,1,5
1,<environment.Job instance at 0x147448936870>,6,2,[10  2],7,22,24,15,7
1,<environment.Job instance at 0x147447680730>,5,3,[6 1],6,24,27,18,7
1,<environment.Job instance at 0x14744e67d370>,7,2,[7 1],8,27,29,19,8
1,<environment.Job instance at 0x14744738c370>,0,13,[1 7],1,24,37,23,12
1,<environment.Job instance at 0x14744e6840f0>,9,3,[8 2],15,31,34,16,31
1,<environment.Job instance at 0x147447e410a0>,22,25,[5 1],32,34,59,2,33
1,<environment.Job instance at 0x1474515e61e0>,24,2,[2 7],34,40,42,6,40
1,<environment.Job instance at 0x147447b7b780>,29,16,[9 1],41,59,75,18,46
1,<environment.Job instance at 0x147447b8ddc0>,30,2,[2 9],43,46,48,3,46
1,<environment.Job instance at 0x14748c9d5eb0>,31,1,[5 2],45,48,49,3,46
1,<environment.Job instance at 0x14744ab9f5a0>,32,2,[2 6],46,49,51,3,46
1,<environment.Job instance at 0x1474483a1fa0>,33,2,[10  2],47,75,77,28,54
1,<environment.Job instance at 0x147447b207d0>,39,1,[8 2],55,77,78,22,64
1,<environment.Job instance at 0x14744adda370>,45,1,[5 2],65,78,79,13,65
1,<environment.Job instance at 0x14744adda0f0>,46,3,[8 2],66,79,82,13,66
1,<environment.Job instance at 0x14744adda230>,47,17,[ 1 10],68,82,99,14,72
1,<environment.Job instance at 0x14744adda460>,49,1,[5 1],70,78,79,8,72
1,<environment.Job instance at 0x14744b8b5d70>,50,3,[2 7],72,79,82,7,72
1,<environment.Job instance at 0x14744b8b5690>,51,3,[8 2],74,99,102,25,74
1,<environment.Job instance at 0x14744b8b5410>,52,1,[1 9],75,102,103,27,75
1,<environment.Job instance at 0x14744b8b5960>,53,1,[8 1],76,102,103,26,76
1,<environment.Job instance at 0x14744b8b5a50>,55,3,[2 7],81,99,102,18,89
1,<environment.Job instance at 0x14745223e5a0>,61,3,[6 2],90,103,106,13,90
1,<environment.Job instance at 0x14745223ec80>,63,2,[9 2],94,106,108,12,98
1,<environment.Job instance at 0x14745223e6e0>,68,2,[1 9],100,108,110,8,100
1,<environment.Job instance at 0x14745223e230>,69,2,[1 5],102,105,107,3,105
1,<environment.Job instance at 0x147452268b40>,73,1,[5 1],106,108,109,2,106
1,<environment.Job instance at 0x147452268820>,83,15,[5 1],121,169,184,48,169
1,<environment.Job instance at 0x147451571af0>,90,1,[1 5],128,169,170,41,169
1,<environment.Job instance at 0x147451571690>,96,3,[2 5],137,172,175,35,172
1,<environment.Job instance at 0x147451571cd0>,102,17,[1 8],149,191,208,42,191
1,<environment.Job instance at 0x14744e684b90>,13,27,[1 7],19,211,238,192,211
1,<environment.Job instance at 0x14744e6844b0>,11,18,[2 8],17,238,256,221,233
1,<environment.Job instance at 0x1474473ea190>,1,2,[2 6],2,4,6,2,4
1,<environment.Job instance at 0x14744aac5e10>,3,3,[1 7],4,11,14,7,11
1,<environment.Job instance at 0x147447eb04b0>,15,1,[1 8],25,25,26,0,25
1,<environment.Job instance at 0x147447eb0690>,16,1,[7 2],28,29,30,1,29
1,<environment.Job instance at 0x14745163bfa0>,5,14,[2 7],7,31,45,24,31
1,<environment.Job instance at 0x14744add7280>,20,1,[9 1],32,45,46,13,32
1,<environment.Job instance at 0x147447df72d0>,21,2,[7 2],35,35,37,0,35
1,<environment.Job instance at 0x1474480aa460>,22,3,[9 2],36,46,49,10,36
1,<environment.Job instance at 0x147447dd5c30>,23,14,[8 1],37,49,63,12,41
1,<environment.Job instance at 0x14744bce5050>,30,15,[1 5],45,46,61,1,46
1,<environment.Job instance at 0x147447d3b550>,43,15,[2 9],64,68,83,4,68
1,<environment.Job instance at 0x14744bce59b0>,27,15,[2 5],42,83,98,41,78
1,<environment.Job instance at 0x147447ac6320>,58,14,[10  1],90,904,918,814,904
1,<environment.Job instance at 0x147447ac6f50>,68,17,[2 9],111,969,986,858,969
1,<environment.Job instance at 0x1474493ced20>,91,12,[1 8],151,1101,1113,950,1101
1,<environment.Job instance at 0x147447dad500>,26,16,[10  1],41,1912,1928,1871,1912
1,<environment.Job instance at 0x1474493cea00>,90,3,[9 1],150,1928,1931,1778,1927
1,<environment.Job instance at 0x14744bd13b40>,5,2,[9 2],8,8,10,0,8
1,<environment.Job instance at 0x14744b7cbf00>,7,3,[2 5],10,10,13,0,10
1,<environment.Job instance at 0x14744b7cbaf0>,8,2,[1 5],11,11,13,0,11
1,<environment.Job instance at 0x1474489412d0>,10,3,[6 1],13,13,16,0,13
1,<environment.Job instance at 0x14744780e460>,14,1,[2 8],25,25,26,0,25
1,<environment.Job instance at 0x147448396730>,15,1,[6 1],26,26,27,0,26
1,<environment.Job instance at 0x147447879370>,20,3,[2 9],31,31,34,0,31
1,<environment.Job instance at 0x14744bd4d0a0>,22,14,[1 8],33,34,48,1,33
1,<environment.Job instance at 0x14748c79ae60>,25,2,[7 1],37,37,39,0,37
1,<environment.Job instance at 0x14748c059aa0>,26,1,[1 8],38,48,49,10,40
1,<environment.Job instance at 0x14744ad73d70>,28,1,[1 9],40,49,50,9,41
1,<environment.Job instance at 0x147447ace0f0>,23,17,[ 2 10],34,50,67,16,41
1,<environment.Job instance at 0x14744bd12190>,31,1,[5 2],43,67,68,24,56
1,<environment.Job instance at 0x1474479adb40>,41,1,[2 9],57,68,69,11,57
1,<environment.Job instance at 0x1474522cd500>,43,2,[8 1],59,68,70,9,63
1,<environment.Job instance at 0x14744b9213c0>,46,3,[2 5],67,74,77,7,74
1,<environment.Job instance at 0x1474472e2320>,47,1,[5 2],69,74,75,5,74
1,<environment.Job instance at 0x14744bd128c0>,29,1,[6 2],41,317,318,276,317
1,<environment.Job instance at 0x1474472e2f00>,49,13,[1 5],71,476,489,405,476
1,<environment.Job instance at 0x1474472e2eb0>,55,1,[2 8],81,501,502,420,501
1,<environment.Job instance at 0x147447331e60>,4,1,[8 2],7,8,9,1,8
1,<environment.Job instance at 0x147447331230>,6,3,[7 1],9,9,12,0,9
1,<environment.Job instance at 0x147447331c80>,9,3,[ 2 10],13,13,16,0,13
1,<environment.Job instance at 0x147447e8ae10>,8,3,[2 7],12,16,19,4,14
1,<environment.Job instance at 0x147447977820>,10,2,[6 1],14,16,18,2,15
1,<environment.Job instance at 0x14748c31bd20>,11,3,[ 1 10],15,19,22,4,15
1,<environment.Job instance at 0x147447977640>,12,1,[1 6],16,22,23,6,17
1,<environment.Job instance at 0x14744764a280>,14,3,[6 2],19,22,25,3,19
1,<environment.Job instance at 0x147447fcb5f0>,13,3,[8 2],18,25,28,7,19
1,<environment.Job instance at 0x14744764af00>,16,1,[1 6],21,23,24,2,21
1,<environment.Job instance at 0x14745222e6e0>,15,2,[10  2],20,28,30,8,25
1,<environment.Job instance at 0x1474516801e0>,21,3,[1 6],26,30,33,4,26
1,<environment.Job instance at 0x1474493dbc80>,22,2,[10  1],27,33,35,6,27
1,<environment.Job instance at 0x1474477c4be0>,23,2,[6 1],29,30,32,1,29
1,<environment.Job instance at 0x14744ab0b640>,24,1,[2 8],30,35,36,5,32
1,<environment.Job instance at 0x14744b9c2e10>,32,2,[1 5],40,40,42,0,40
1,<environment.Job instance at 0x14744b9c23c0>,33,14,[5 1],41,41,55,0,41
1,<environment.Job instance at 0x14745164c8c0>,34,17,[7 1],43,55,72,12,43
1,<environment.Job instance at 0x147447af0fa0>,36,27,[10  1],47,72,99,25,70
1,<environment.Job instance at 0x14744bc8b230>,42,2,[6 2],56,99,101,43,72
1,<environment.Job instance at 0x14744bc8be60>,43,1,[7 2],58,101,102,43,73
1,<environment.Job instance at 0x14744b8cf910>,44,2,[ 2 10],63,102,104,39,75
1,<environment.Job instance at 0x1474479d5cd0>,51,3,[8 1],71,104,107,33,78
1,<environment.Job instance at 0x1474477f8c30>,52,2,[2 6],76,99,101,23,78
1,<environment.Job instance at 0x14744764df50>,53,3,[10  1],77,107,110,30,81
1,<environment.Job instance at 0x1474475a3b90>,54,3,[1 8],79,104,107,25,81
1,<environment.Job instance at 0x1474480e19b0>,55,2,[5 2],81,110,112,29,83
1,<environment.Job instance at 0x14744888f690>,56,1,[2 7],83,101,102,18,83
1,<environment.Job instance at 0x14744888fb90>,57,1,[2 9],84,112,113,28,84
1,<environment.Job instance at 0x147452298780>,58,3,[ 2 10],85,113,116,28,87
1,<environment.Job instance at 0x14744b7d3870>,59,2,[6 1],86,116,118,30,90
1,<environment.Job instance at 0x147452298fa0>,61,12,[7 1],90,118,130,28,102
1,<environment.Job instance at 0x14744ab0baf0>,26,15,[2 9],32,116,131,84,109
1,<environment.Job instance at 0x14744bce51e0>,67,1,[6 2],96,131,132,35,113
1,<environment.Job instance at 0x14744bce5280>,68,2,[5 1],97,132,134,35,113
1,<environment.Job instance at 0x14744aace190>,64,14,[5 1],93,132,146,39,117
1,<environment.Job instance at 0x14744bce5780>,72,12,[5 1],102,134,146,32,117
1,<environment.Job instance at 0x147447349780>,73,1,[1 6],103,131,132,28,117
1,<environment.Job instance at 0x147447349190>,74,19,[ 1 10],105,146,165,41,136
1,<environment.Job instance at 0x147447349550>,81,3,[8 1],115,165,168,50,139
1,<environment.Job instance at 0x147447349cd0>,82,1,[1 7],116,165,166,49,139
1,<environment.Job instance at 0x1474473d4be0>,83,2,[1 9],117,166,168,49,139
1,<environment.Job instance at 0x14744bce5820>,69,18,[6 2],98,168,186,70,160
1,<environment.Job instance at 0x147451699320>,96,2,[2 8],138,168,170,30,160
1,<environment.Job instance at 0x147451699050>,98,15,[2 8],140,170,185,30,169
1,<environment.Job instance at 0x147451699460>,99,2,[9 1],141,186,188,45,169
1,<environment.Job instance at 0x14745158bcd0>,100,2,[1 6],142,185,187,43,169
1,<environment.Job instance at 0x1474516995a0>,97,12,[6 1],139,188,200,49,173
1,<environment.Job instance at 0x14745158b5f0>,102,2,[2 5],145,188,190,43,173
1,<environment.Job instance at 0x1474515a7fa0>,19,15,[8 1],24,988,1003,964,988
1,<environment.Job instance at 0x14745158b410>,101,15,[8 2],143,1098,1113,955,1098
1,<environment.Job instance at 0x14744aea7dc0>,1,3,[1 8],2,2,5,0,2
1,<environment.Job instance at 0x1474479e5d70>,0,3,[6 1],1,4,7,3,4
1,<environment.Job instance at 0x14745158b780>,3,15,[1 8],6,7,22,1,7
1,<environment.Job instance at 0x1474479ce870>,8,3,[ 2 10],14,22,25,8,14
1,<environment.Job instance at 0x1474479cea50>,9,3,[1 9],16,25,28,9,16
1,<environment.Job instance at 0x147447e8aeb0>,10,2,[10  2],17,28,30,11,17
1,<environment.Job instance at 0x147447e8a2d0>,12,12,[2 9],22,30,42,8,22
1,<environment.Job instance at 0x147447d0fb90>,16,2,[6 2],31,42,44,11,31
1,<environment.Job instance at 0x14744aae9c80>,17,1,[9 2],32,44,45,12,33
1,<environment.Job instance at 0x14744bd12be0>,19,17,[2 9],34,45,62,11,34
1,<environment.Job instance at 0x14744ae308c0>,20,1,[7 1],37,37,38,0,37
1,<environment.Job instance at 0x14744b945370>,23,3,[2 5],41,62,65,21,42
1,<environment.Job instance at 0x1474480efeb0>,26,2,[7 2],44,62,64,18,44
1,<environment.Job instance at 0x147447fab3c0>,27,3,[8 1],45,45,48,0,45
1,<environment.Job instance at 0x147452383d70>,18,1,[6 2],33,64,65,31,53
1,<environment.Job instance at 0x147447b16af0>,30,3,[7 2],48,65,68,17,54
1,<environment.Job instance at 0x14744bd1dfa0>,29,12,[6 1],47,68,80,21,56
1,<environment.Job instance at 0x1474522cc2d0>,32,24,[ 1 10],52,80,104,28,76
1,<environment.Job instance at 0x1474516bb370>,31,2,[1 7],49,76,78,27,76
1,<environment.Job instance at 0x14744803de60>,35,3,[2 9],55,104,107,49,82
1,<environment.Job instance at 0x147447c72b40>,36,1,[5 2],56,107,108,51,82
1,<environment.Job instance at 0x1474480aad20>,38,2,[5 1],59,104,106,45,100
1,<environment.Job instance at 0x1474522cc820>,28,18,[ 1 10],46,108,126,62,102
1,<environment.Job instance at 0x1474522ddc80>,40,17,[5 1],62,126,143,64,114
1,<environment.Job instance at 0x14744a0177d0>,41,2,[7 2],63,143,145,80,116
1,<environment.Job instance at 0x1474480aa7d0>,42,1,[8 1],65,145,146,80,117
1,<environment.Job instance at 0x14744a017af0>,43,1,[1 8],70,126,127,56,117
1,<environment.Job instance at 0x14744a017370>,44,1,[ 1 10],72,146,147,74,118
1,<environment.Job instance at 0x14744a017b90>,45,1,[ 2 10],74,147,148,73,119
1,<environment.Job instance at 0x14744a017640>,46,2,[9 1],75,148,150,73,121
1,<environment.Job instance at 0x14744a0171e0>,47,12,[1 7],76,127,139,51,121
1,<environment.Job instance at 0x14744a017230>,48,14,[10  2],77,150,164,73,135
1,<environment.Job instance at 0x147447c03230>,60,1,[1 8],95,139,140,44,135
1,<environment.Job instance at 0x14749de0c460>,61,2,[5 2],96,140,142,44,135
1,<environment.Job instance at 0x147447ce2640>,69,1,[7 1],107,756,757,649,756
1,<environment.Job instance at 0x147447ce2550>,68,17,[1 7],106,756,773,650,756
1,<environment.Job instance at 0x147447ce2eb0>,72,1,[ 2 10],110,773,774,663,756
1,<environment.Job instance at 0x147447ce2500>,74,12,[ 2 10],112,774,786,662,757
1,<environment.Job instance at 0x14744ac04870>,76,1,[5 1],116,757,758,641,757
1,<environment.Job instance at 0x14744ac04c30>,77,1,[8 2],117,758,759,641,757
1,<environment.Job instance at 0x14744ac04cd0>,78,18,[6 2],118,786,804,668,775
1,<environment.Job instance at 0x147447eae870>,82,1,[8 2],123,804,805,681,776
1,<environment.Job instance at 0x147447eaef50>,83,2,[10  2],125,805,807,680,778
1,<environment.Job instance at 0x147447eaecd0>,84,18,[1 9],126,807,825,681,796
1,<environment.Job instance at 0x14744803f820>,95,2,[10  2],138,825,827,687,818
1,<environment.Job instance at 0x14744803f5f0>,96,3,[1 9],140,827,830,687,818
1,<environment.Job instance at 0x14744803fa00>,97,1,[5 1],141,818,819,677,818
1,<environment.Job instance at 0x14744803fbe0>,99,2,[7 2],144,830,832,686,819
1,<environment.Job instance at 0x147447dd5c80>,102,18,[2 5],149,830,848,681,819
1,<environment.Job instance at 0x147447dd5eb0>,104,3,[8 2],151,832,835,681,819
1,<environment.Job instance at 0x147447dd5a50>,105,1,[9 2],152,848,849,696,820
1,<environment.Job instance at 0x147447dd5280>,106,18,[2 7],153,849,867,696,838
1,<environment.Job instance at 0x147447dd5cd0>,111,1,[9 1],158,867,868,709,839
1,<environment.Job instance at 0x147447dd5460>,112,2,[ 2 10],159,868,870,709,841
1,<environment.Job instance at 0x147447eced20>,2,2,[ 1 10],6,6,8,0,6
1,<environment.Job instance at 0x1474515af6e0>,7,3,[2 9],12,12,15,0,12
1,<environment.Job instance at 0x1474515af910>,8,3,[7 1],13,13,16,0,13
1,<environment.Job instance at 0x147451591960>,10,2,[6 2],17,17,19,0,17
1,<environment.Job instance at 0x1474515914b0>,11,3,[8 2],18,19,22,1,18
1,<environment.Job instance at 0x147451591370>,12,2,[2 5],19,19,21,0,19
1,<environment.Job instance at 0x147451591fa0>,14,3,[2 5],22,22,25,0,22
1,<environment.Job instance at 0x147447729460>,15,3,[5 2],24,27,30,3,27
1,<environment.Job instance at 0x147452359af0>,18,1,[ 1 10],28,30,31,2,28
1,<environment.Job instance at 0x147447fe1690>,19,2,[1 9],30,31,33,1,30
1,<environment.Job instance at 0x1474515919b0>,17,2,[10  1],27,33,35,6,32
1,<environment.Job instance at 0x1474479dc320>,20,3,[7 1],31,35,38,4,33
1,<environment.Job instance at 0x1474522bb370>,22,26,[2 5],34,35,61,1,34
1,<environment.Job instance at 0x147448878870>,25,2,[9 1],38,61,63,23,44
1,<environment.Job instance at 0x147447bf0410>,30,1,[1 6],45,61,62,16,45
1,<environment.Job instance at 0x1474474b1960>,16,16,[6 1],26,45,61,19,45
1,<environment.Job instance at 0x1474474db190>,31,1,[ 2 10],47,63,64,16,47
1,<environment.Job instance at 0x147447bd0640>,34,1,[2 9],50,64,65,14,50
1,<environment.Job instance at 0x147447bd05a0>,35,3,[9 1],51,65,68,14,52
1,<environment.Job instance at 0x147447bd0dc0>,36,14,[5 2],52,68,82,16,53
1,<environment.Job instance at 0x14745237ab40>,38,2,[8 1],56,82,84,26,56
1,<environment.Job instance at 0x14745237a870>,39,2,[1 7],57,65,67,8,57
1,<environment.Job instance at 0x147447bd0870>,37,3,[1 6],54,67,70,13,58
1,<environment.Job instance at 0x147448094320>,40,3,[9 2],60,84,87,24,63
1,<environment.Job instance at 0x147447900af0>,42,1,[7 2],64,87,88,23,71
1,<environment.Job instance at 0x1474515e2960>,45,14,[2 8],67,87,101,20,75
1,<environment.Job instance at 0x14744740f280>,48,3,[2 7],70,75,78,5,75
1,<environment.Job instance at 0x14744740f190>,49,2,[5 2],71,78,80,7,75
1,<environment.Job instance at 0x14744740f870>,50,1,[6 2],72,88,89,16,75
1,<environment.Job instance at 0x147448094c30>,41,16,[5 2],62,89,105,27,87
1,<environment.Job instance at 0x1474472dfaa0>,58,1,[7 2],81,105,106,24,87
1,<environment.Job instance at 0x1474489372d0>,59,3,[1 9],82,106,109,24,87
1,<environment.Job instance at 0x147451706870>,60,3,[9 2],84,109,112,25,87
1,<environment.Job instance at 0x147451706d70>,61,1,[2 6],85,101,102,16,87
1,<environment.Job instance at 0x147447e3f820>,62,1,[10  1],87,112,113,25,87
1,<environment.Job instance at 0x14744aea2e60>,63,3,[8 1],91,106,109,15,91
1,<environment.Job instance at 0x14744b7d36e0>,65,14,[1 9],96,113,127,17,98
1,<environment.Job instance at 0x14744ae55f50>,66,16,[2 7],98,127,143,29,114
1,<environment.Job instance at 0x1474516b9c30>,69,1,[5 1],102,114,115,12,114
1,<environment.Job instance at 0x1474480943c0>,44,12,[1 6],66,226,238,160,226
1,<environment.Job instance at 0x147447abeeb0>,85,27,[8 1],126,246,273,120,246
1,<environment.Job instance at 0x14744abf4730>,93,20,[1 7],142,281,301,139,281
1,<environment.Job instance at 0x147452317690>,102,3,[1 7],152,302,305,150,302
1,<environment.Job instance at 0x1474522602d0>,97,14,[ 2 10],146,358,372,212,358
1,<environment.Job instance at 0x147447abe7d0>,83,14,[10  1],123,372,386,249,363
1,<environment.Job instance at 0x147447bb06e0>,1,2,[9 1],3,3,5,0,3
1,<environment.Job instance at 0x147447b85230>,9,14,[8 1],17,22,36,5,22
1,<environment.Job instance at 0x147447b85a50>,13,16,[1 7],24,28,44,4,28
1,<environment.Job instance at 0x147447b85550>,18,1,[8 1],30,36,37,6,30
1,<environment.Job instance at 0x147447b850f0>,19,1,[1 8],31,44,45,13,31
1,<environment.Job instance at 0x147447b85370>,5,17,[6 1],7,37,54,30,37
1,<environment.Job instance at 0x1474488a81e0>,20,13,[1 7],33,45,58,12,43
1,<environment.Job instance at 0x1474488a8320>,25,2,[6 2],42,54,56,12,43
1,<environment.Job instance at 0x1474488a8500>,26,3,[1 5],43,58,61,15,43
1,<environment.Job instance at 0x1474488a89b0>,27,1,[1 6],44,61,62,17,44
1,<environment.Job instance at 0x1474488a8190>,28,3,[9 1],45,56,59,11,45
1,<environment.Job instance at 0x147447d5e2d0>,29,2,[7 1],47,59,61,12,48
1,<environment.Job instance at 0x147447d5e050>,30,3,[2 5],48,62,65,14,48
1,<environment.Job instance at 0x147447d5eeb0>,31,1,[1 5],49,62,63,13,50
1,<environment.Job instance at 0x14744b8575f0>,36,13,[2 7],60,65,78,5,60
1,<environment.Job instance at 0x14744b857190>,40,1,[1 7],66,78,79,12,66
1,<environment.Job instance at 0x14744b857690>,41,3,[1 7],67,79,82,12,67
1,<environment.Job instance at 0x14744b857f50>,42,3,[6 1],68,68,71,0,68
1,<environment.Job instance at 0x14744b857b90>,43,15,[1 9],69,82,97,13,69
1,<environment.Job instance at 0x14744b857910>,44,2,[1 8],70,97,99,27,70
1,<environment.Job instance at 0x14744b8570f0>,46,12,[9 2],75,97,109,22,80
1,<environment.Job instance at 0x14744b8572d0>,35,17,[1 5],59,99,116,40,91
1,<environment.Job instance at 0x14744aefa5f0>,53,3,[10  1],85,116,119,31,102
1,<environment.Job instance at 0x14744aefa2d0>,59,1,[9 1],93,109,110,16,102
1,<environment.Job instance at 0x14744aefad70>,60,1,[2 8],94,119,120,25,102
1,<environment.Job instance at 0x14744aefa050>,61,1,[1 8],95,120,121,25,102
1,<environment.Job instance at 0x14744aefa4b0>,62,1,[2 9],96,121,122,25,102
1,<environment.Job instance at 0x14744aefa230>,63,3,[ 2 10],97,122,125,25,102
1,<environment.Job instance at 0x14744b853550>,64,3,[1 7],98,125,128,27,102
1,<environment.Job instance at 0x14744b853730>,65,2,[5 2],99,110,112,11,102
1,<environment.Job instance at 0x14744b853370>,67,2,[2 5],101,112,114,11,103
1,<environment.Job instance at 0x14744b853410>,68,1,[8 2],102,114,115,12,103
1,<environment.Job instance at 0x14744b86f910>,69,1,[6 1],103,115,116,12,103
1,<environment.Job instance at 0x14744b86fa50>,70,1,[10  2],104,128,129,24,104
1,<environment.Job instance at 0x147447826190>,71,3,[1 6],105,129,132,24,105
1,<environment.Job instance at 0x147447826a00>,72,1,[8 2],107,119,120,12,107
1,<environment.Job instance at 0x147447826e60>,73,3,[5 2],108,125,128,17,108
1,<environment.Job instance at 0x1474478268c0>,74,3,[2 5],112,132,135,20,112
1,<environment.Job instance at 0x1474478261e0>,75,2,[1 6],113,135,137,22,113
1,<environment.Job instance at 0x147447826cd0>,76,13,[2 7],114,137,150,23,121
1,<environment.Job instance at 0x147447826460>,77,1,[1 5],117,132,133,15,121
1,<environment.Job instance at 0x1474478264b0>,78,1,[2 9],119,150,151,31,122
1,<environment.Job instance at 0x147447826eb0>,79,14,[8 2],120,133,147,13,122
1,<environment.Job instance at 0x147447e21730>,80,2,[8 2],122,129,131,7,122
1,<environment.Job instance at 0x1474488944b0>,81,3,[6 2],124,147,150,23,124
1,<environment.Job instance at 0x14744b85d3c0>,83,1,[8 2],127,131,132,4,127
1,<environment.Job instance at 0x1474488cc780>,85,3,[8 1],129,150,153,21,129
1,<environment.Job instance at 0x1474488ccb40>,87,13,[9 2],131,153,166,22,140
1,<environment.Job instance at 0x147447301870>,88,1,[1 9],132,151,152,19,140
1,<environment.Job instance at 0x147447ba18c0>,89,2,[ 1 10],134,166,168,32,140
1,<environment.Job instance at 0x14744bd013c0>,90,3,[5 1],135,168,171,33,142
1,<environment.Job instance at 0x1474478339b0>,91,3,[2 6],136,168,171,32,142
1,<environment.Job instance at 0x14744b853050>,66,2,[7 1],100,171,173,71,150
1,<environment.Job instance at 0x147447b670a0>,92,12,[9 2],137,173,185,36,157
1,<environment.Job instance at 0x147447663230>,98,2,[2 7],144,219,221,75,219
1,<environment.Job instance at 0x14744b9ae780>,93,2,[9 1],139,230,232,91,230
1,<environment.Job instance at 0x14744aefa0f0>,57,18,[6 2],89,241,259,152,241
1,<environment.Job instance at 0x14744b98dc30>,102,14,[2 6],152,251,265,99,251
1,<environment.Job instance at 0x1474515b4690>,101,1,[9 1],151,265,266,114,256
1,<environment.Job instance at 0x14744bd019b0>,4,1,[2 6],8,8,9,0,8
1,<environment.Job instance at 0x14744aa954b0>,7,2,[2 9],11,11,13,0,11
1,<environment.Job instance at 0x14744aa95280>,8,3,[5 1],12,12,15,0,12
1,<environment.Job instance at 0x14744aa950f0>,10,1,[ 2 10],14,17,18,3,17
1,<environment.Job instance at 0x14744aa95f00>,9,12,[1 7],13,18,30,5,17
1,<environment.Job instance at 0x1474477068c0>,13,2,[2 7],18,30,32,12,18
1,<environment.Job instance at 0x147447aa7d70>,15,1,[2 8],20,32,33,12,20
1,<environment.Job instance at 0x14748c56a870>,16,1,[1 5],21,33,34,12,21
1,<environment.Job instance at 0x14744aa95500>,12,20,[5 2],16,26,46,10,26
1,<environment.Job instance at 0x14744aa95b90>,14,13,[1 8],19,35,48,16,35
1,<environment.Job instance at 0x14744aac5e60>,28,1,[2 8],39,48,49,9,39
1,<environment.Job instance at 0x147447d3bcd0>,29,3,[2 5],40,49,52,9,40
1,<environment.Job instance at 0x14744b8643c0>,30,1,[2 9],41,52,53,11,41
1,<environment.Job instance at 0x14744b864460>,31,18,[1 5],42,53,71,11,47
1,<environment.Job instance at 0x14744b921f50>,36,3,[2 6],52,71,74,19,54
1,<environment.Job instance at 0x14748c556b90>,43,17,[6 2],60,90,107,30,90
1,<environment.Job instance at 0x1474477038c0>,41,18,[6 2],58,212,230,154,212
1,<environment.Job instance at 0x147447e95550>,84,12,[1 9],118,230,242,112,213
1,<environment.Job instance at 0x147447e95780>,87,12,[10  2],123,242,254,119,229
1,<environment.Job instance at 0x1474476a8f50>,94,2,[1 6],132,254,256,122,229
1,<environment.Job instance at 0x1474476a8b40>,95,3,[ 2 10],134,256,259,122,230
1,<environment.Job instance at 0x1474476a84b0>,97,14,[ 2 10],136,259,273,123,246
1,<environment.Job instance at 0x147447ce2c30>,105,3,[8 2],145,273,276,128,262
1,<environment.Job instance at 0x147447ed4f50>,23,13,[6 1],31,286,299,255,286
1,<environment.Job instance at 0x1474493b5190>,114,2,[10  2],157,366,368,209,366
1,<environment.Job instance at 0x14744ad7f960>,26,17,[ 1 10],35,435,452,400,435
1,<environment.Job instance at 0x14744aebe0a0>,1,2,[8 1],2,2,4,0,2
1,<environment.Job instance at 0x14744ad7f960>,4,2,[2 7],5,5,7,0,5
1,<environment.Job instance at 0x14744ab5d140>,5,3,[ 2 10],7,7,10,0,7
1,<environment.Job instance at 0x14744aba3910>,6,1,[10  2],9,10,11,1,9
1,<environment.Job instance at 0x147447c88870>,8,3,[10  1],12,12,15,0,12
1,<environment.Job instance at 0x1474479b7370>,7,3,[ 2 10],11,15,18,4,12
1,<environment.Job instance at 0x1474479b7280>,9,1,[10  1],14,18,19,4,14
1,<environment.Job instance at 0x147447c88a50>,10,2,[1 9],15,19,21,4,15
1,<environment.Job instance at 0x147447c883c0>,12,12,[2 5],17,21,33,4,17
1,<environment.Job instance at 0x1474523b7410>,14,1,[1 8],19,33,34,14,19
1,<environment.Job instance at 0x1474523b7d20>,15,1,[2 5],20,21,22,1,20
1,<environment.Job instance at 0x147448077960>,19,3,[6 2],25,27,30,2,27
1,<environment.Job instance at 0x147447c9b460>,17,3,[8 2],22,30,33,8,30
1,<environment.Job instance at 0x147447cbb9b0>,20,2,[5 1],27,33,35,6,32
1,<environment.Job instance at 0x1474483b58c0>,24,3,[5 1],35,36,39,1,36
1,<environment.Job instance at 0x147447937910>,27,3,[ 1 10],38,39,42,1,38
1,<environment.Job instance at 0x14744881f230>,28,1,[8 2],39,48,49,9,48
1,<environment.Job instance at 0x147448827c80>,22,1,[7 2],31,49,50,18,48
1,<environment.Job instance at 0x147447937410>,26,18,[8 1],37,50,68,13,48
1,<environment.Job instance at 0x14744af5f9b0>,35,3,[5 2],47,68,71,21,48
1,<environment.Job instance at 0x14744af5f3c0>,36,3,[2 8],49,49,52,0,49
1,<environment.Job instance at 0x14744af5f410>,38,15,[6 2],54,71,86,17,57
1,<environment.Job instance at 0x14744745c780>,41,2,[6 1],58,86,88,28,59
1,<environment.Job instance at 0x14744745cd20>,42,2,[8 1],59,88,90,29,61
1,<environment.Job instance at 0x147447fcf820>,43,15,[1 7],60,71,86,11,71
1,<environment.Job instance at 0x14744731b8c0>,53,2,[9 2],71,90,92,19,71
1,<environment.Job instance at 0x14744731ba50>,54,1,[1 6],72,86,87,14,72
1,<environment.Job instance at 0x14744731baf0>,55,2,[2 5],73,87,89,14,73
1,<environment.Job instance at 0x14744af5f500>,33,14,[8 1],45,92,106,47,78
1,<environment.Job instance at 0x14744ba2cb40>,56,15,[ 1 10],74,106,121,32,92
1,<environment.Job instance at 0x14744bc7ab40>,66,2,[9 2],86,121,123,35,94
1,<environment.Job instance at 0x14744bc7ad20>,67,1,[ 1 10],88,123,124,35,95
1,<environment.Job instance at 0x14744add3410>,77,3,[10  2],101,124,127,23,109
1,<environment.Job instance at 0x14744add3d70>,79,3,[2 6],108,127,130,19,112
1,<environment.Job instance at 0x14744add3370>,80,1,[6 2],109,127,128,18,112
1,<environment.Job instance at 0x14744add3460>,82,12,[1 9],111,130,142,19,116
1,<environment.Job instance at 0x14744add3140>,83,3,[7 1],112,128,131,16,116
1,<environment.Job instance at 0x14744bc95190>,85,3,[6 2],114,142,145,28,118
1,<environment.Job instance at 0x14744bc95640>,88,3,[1 6],120,142,145,22,120
1,<environment.Job instance at 0x14744bc7a2d0>,68,18,[10  1],91,145,163,54,140
1,<environment.Job instance at 0x1474493e75a0>,101,14,[2 6],141,163,177,22,152
1,<environment.Job instance at 0x14744bca4a00>,113,1,[10  1],153,177,178,24,153
1,<environment.Job instance at 0x14744bca4fa0>,115,1,[10  2],157,178,179,21,170
1,<environment.Job instance at 0x14744af5f460>,32,16,[1 7],44,220,236,176,220
1,<environment.Job instance at 0x14e95a009af0>,2,18,[ 1 10],5,5,23,0,5
1,<environment.Job instance at 0x14e95a0676e0>,1,2,[2 5],4,23,25,19,5
1,<environment.Job instance at 0x14e95a009aa0>,3,2,[1 7],6,25,27,19,6
1,<environment.Job instance at 0x14e904aef280>,5,3,[9 1],8,25,28,17,15
1,<environment.Job instance at 0x14e904a9c0a0>,9,2,[ 2 10],12,28,30,16,17
1,<environment.Job instance at 0x14e904a9c320>,12,3,[6 2],16,30,33,14,17
1,<environment.Job instance at 0x14e904b3eb40>,14,1,[1 7],18,27,28,9,19
1,<environment.Job instance at 0x14e904ae5af0>,15,14,[6 2],20,33,47,13,21
1,<environment.Job instance at 0x14e904ae5d20>,18,1,[5 2],25,47,48,22,25
1,<environment.Job instance at 0x14e904ae5820>,16,17,[1 7],22,30,47,8,28
1,<environment.Job instance at 0x14e904acc640>,22,3,[2 6],29,47,50,18,29
1,<environment.Job instance at 0x14e90462ac80>,23,3,[7 2],30,48,51,18,30
1,<environment.Job instance at 0x14e904ad3cd0>,25,1,[6 1],34,51,52,17,37
1,<environment.Job instance at 0x14e904ad3a50>,26,3,[9 1],36,52,55,16,41
1,<environment.Job instance at 0x14e90462a730>,24,20,[ 1 10],32,55,75,23,46
1,<environment.Job instance at 0x14e9043c4cd0>,32,16,[9 1],43,75,91,32,62
1,<environment.Job instance at 0x14e904636730>,49,1,[ 1 10],67,91,92,24,67
1,<environment.Job instance at 0x14e90463f870>,50,1,[1 8],68,75,76,7,68
1,<environment.Job instance at 0x14e90463f0a0>,52,1,[8 1],70,92,93,22,71
1,<environment.Job instance at 0x14e90463fe10>,53,1,[7 2],72,93,94,21,72
1,<environment.Job instance at 0x14e90463f460>,54,2,[10  1],74,94,96,20,74
1,<environment.Job instance at 0x14e90463c410>,55,2,[2 7],75,92,94,17,77
1,<environment.Job instance at 0x14e90463c2d0>,57,3,[1 9],80,80,83,0,80
1,<environment.Job instance at 0x14e90463caf0>,60,17,[ 1 10],86,97,114,11,97
1,<environment.Job instance at 0x14e9043cdb90>,69,1,[10  2],101,114,115,13,102
1,<environment.Job instance at 0x14e9043cdc80>,70,1,[8 1],102,115,116,13,102
1,<environment.Job instance at 0x14e9043cdc30>,71,2,[1 6],103,115,117,12,103
1,<environment.Job instance at 0x14e9043cde60>,72,2,[2 6],106,117,119,11,106
1,<environment.Job instance at 0x14e9043d3050>,73,1,[8 1],107,116,117,9,107
1,<environment.Job instance at 0x14e9043d30a0>,74,2,[1 5],108,119,121,11,110
1,<environment.Job instance at 0x14e9043d32d0>,76,3,[2 8],111,121,124,10,111
1,<environment.Job instance at 0x14e9043d3500>,77,2,[10  2],113,124,126,11,113
1,<environment.Job instance at 0x14e9043d3460>,78,3,[8 1],117,117,120,0,117
1,<environment.Job instance at 0x14e9043d36e0>,79,3,[10  1],119,126,129,7,119
1,<environment.Job instance at 0x14e9043d3870>,80,3,[9 2],120,129,132,9,120
1,<environment.Job instance at 0x14e9043d3af0>,81,12,[1 7],121,129,141,8,121
1,<environment.Job instance at 0x14e9043d3b40>,82,16,[1 7],122,141,157,19,132
1,<environment.Job instance at 0x14e9043d55f0>,90,1,[5 2],133,133,134,0,133
1,<environment.Job instance at 0x14e9043d56e0>,91,1,[5 2],134,134,135,0,134
1,<environment.Job instance at 0x14e9043d5780>,92,16,[1 9],136,157,173,21,144
1,<environment.Job instance at 0x14e9043d5b90>,94,1,[ 2 10],138,173,174,35,145
1,<environment.Job instance at 0x14e9043d5820>,95,3,[7 1],139,145,148,6,145
1,<environment.Job instance at 0x14e9043d5a00>,96,1,[2 5],143,174,175,31,146
1,<environment.Job instance at 0x14e9043d5f50>,97,2,[1 7],145,175,177,30,148
1,<environment.Job instance at 0x14e9043d5c80>,98,2,[9 1],146,148,150,2,148
1,<environment.Job instance at 0x14e9043d9050>,99,3,[2 9],148,177,180,29,151
1,<environment.Job instance at 0x14e9043d91e0>,100,2,[6 1],152,152,154,0,152
1,<environment.Job instance at 0x14e9043d9410>,101,15,[9 2],153,180,195,27,166
1,<environment.Job instance at 0x14e9043d9b40>,107,2,[7 2],161,174,176,13,166
1,<environment.Job instance at 0x14e9043d9d70>,108,3,[1 7],162,180,183,18,166
1,<environment.Job instance at 0x14e9043d9e10>,109,2,[2 8],163,195,197,32,168
1,<environment.Job instance at 0x14e9043d9eb0>,110,3,[1 5],164,183,186,19,168
1,<environment.Job instance at 0x14e9043db500>,113,3,[2 7],168,197,200,29,171
1,<environment.Job instance at 0x14e9043c4550>,29,13,[1 6],39,200,213,161,184
1,<environment.Job instance at 0x14e904a9cc30>,11,28,[1 9],15,237,265,222,237
1,<environment.Job instance at 0x14e904ae57d0>,0,13,[9 1],2,6,19,4,6
1,<environment.Job instance at 0x14e911963a00>,4,18,[2 5],10,19,37,9,10
1,<environment.Job instance at 0x14e911963690>,6,1,[1 6],12,12,13,0,12
1,<environment.Job instance at 0x14e911963500>,5,1,[5 2],11,19,20,8,13
1,<environment.Job instance at 0x14e911963410>,9,1,[1 8],15,37,38,22,21
1,<environment.Job instance at 0x14e9118e3e10>,14,3,[6 2],21,22,25,1,22
1,<environment.Job instance at 0x14e911963eb0>,8,17,[1 5],14,38,55,24,31
1,<environment.Job instance at 0x14e9118e5dc0>,23,1,[1 5],32,32,33,0,32
1,<environment.Job instance at 0x14e91246aaf0>,27,18,[ 1 10],47,96,114,49,96
1,<environment.Job instance at 0x14e9124634b0>,37,13,[ 2 10],61,114,127,53,113
1,<environment.Job instance at 0x14e9124889b0>,17,3,[1 8],24,127,130,103,118
1,<environment.Job instance at 0x14e91255cc30>,46,2,[6 1],72,127,129,55,126
1,<environment.Job instance at 0x14e912488230>,18,18,[ 2 10],26,131,149,105,131
1,<environment.Job instance at 0x14e9119195f0>,49,13,[2 9],75,149,162,74,139
1,<environment.Job instance at 0x14e9118d9730>,72,3,[8 2],112,162,165,50,142
1,<environment.Job instance at 0x14e9118d91e0>,73,3,[5 2],113,165,168,52,142
1,<environment.Job instance at 0x14e9118d9c80>,75,14,[ 1 10],116,168,182,52,154
1,<environment.Job instance at 0x14e912550820>,91,14,[10  1],136,2264,2278,2128,2264
1,<environment.Job instance at 0x14e912550640>,93,15,[2 7],139,2278,2293,2139,2267
1,<environment.Job instance at 0x14e912550910>,96,14,[ 2 10],142,2293,2307,2151,2278
1,<environment.Job instance at 0x14e9118b3f00>,105,3,[2 6],154,2307,2310,2153,2281
1,<environment.Job instance at 0x14e9118b3140>,106,2,[7 2],156,2281,2283,2125,2281
1,<environment.Job instance at 0x14e9119325a0>,114,2,[6 2],167,2307,2309,2140,2296
1,<environment.Job instance at 0x14e911932aa0>,115,2,[10  1],168,2310,2312,2142,2296
1,<environment.Job instance at 0x14e9118b3d20>,101,15,[6 1],149,2539,2554,2390,2539
1,<environment.Job instance at 0x14e911942550>,3,14,[ 2 10],4,5,19,1,5
1,<environment.Job instance at 0x14e903d8c9b0>,5,1,[8 2],6,19,20,13,6
1,<environment.Job instance at 0x14e903d8c550>,9,2,[2 8],12,19,21,7,12
1,<environment.Job instance at 0x14e903d8cd20>,10,2,[1 5],13,21,23,8,15
1,<environment.Job instance at 0x14e903dc8f50>,12,3,[2 5],16,21,24,5,16
1,<environment.Job instance at 0x14e903dc8050>,13,3,[2 5],19,23,26,4,19
1,<environment.Job instance at 0x14e903d8c140>,11,3,[10  2],14,26,29,12,19
1,<environment.Job instance at 0x14e903dc8820>,14,17,[1 7],22,29,46,7,22
1,<environment.Job instance at 0x14e903c487d0>,15,1,[1 5],26,46,47,20,26
1,<environment.Job instance at 0x14e906d41b40>,16,2,[5 1],29,29,31,0,29
1,<environment.Job instance at 0x14e903ea4460>,23,16,[1 7],37,47,63,10,40
1,<environment.Job instance at 0x14e903dcb190>,19,12,[1 8],32,73,85,41,73
1,<environment.Job instance at 0x14e903f9d870>,38,18,[7 2],61,75,93,14,75
1,<environment.Job instance at 0x14e948020410>,31,18,[1 8],47,85,103,38,75
1,<environment.Job instance at 0x14e9117cc370>,44,3,[7 2],70,93,96,23,75
1,<environment.Job instance at 0x14e90461daa0>,45,1,[2 8],71,103,104,32,75
1,<environment.Job instance at 0x14e90461d5a0>,46,1,[5 2],72,96,97,24,75
1,<environment.Job instance at 0x14e90461d960>,47,3,[10  2],74,104,107,30,78
1,<environment.Job instance at 0x14e90461df00>,48,3,[8 1],75,97,100,22,78
1,<environment.Job instance at 0x14e906d8b500>,49,3,[5 1],77,100,103,23,78
1,<environment.Job instance at 0x14e90720caf0>,56,3,[1 7],86,163,166,77,163
1,<environment.Job instance at 0x14e904aa8f00>,54,12,[1 8],83,170,182,87,170
1,<environment.Job instance at 0x14e904aa8c30>,57,18,[1 8],87,182,200,95,171
1,<environment.Job instance at 0x14e90720cf50>,60,1,[7 2],91,171,172,80,171
1,<environment.Job instance at 0x14e90720ce10>,61,15,[7 2],92,172,187,80,171
1,<environment.Job instance at 0x14e903dafc30>,64,1,[2 7],96,202,203,106,202
1,<environment.Job instance at 0x14e90720c7d0>,65,3,[10  2],97,203,206,106,202
1,<environment.Job instance at 0x14e9105653c0>,66,14,[ 1 10],99,206,220,107,202
1,<environment.Job instance at 0x14e910565d20>,67,2,[2 8],103,220,222,117,202
1,<environment.Job instance at 0x14e907ec7a00>,68,17,[10  2],104,248,265,144,248
1,<environment.Job instance at 0x14e907ec78c0>,71,15,[7 1],107,265,280,158,263
1,<environment.Job instance at 0x14e904312cd0>,80,1,[9 2],118,280,281,162,263
1,<environment.Job instance at 0x14e9043126e0>,81,2,[ 1 10],119,281,283,162,263
1,<environment.Job instance at 0x14e904312910>,82,3,[2 7],120,265,268,145,263
1,<environment.Job instance at 0x14e904312500>,95,14,[10  2],138,431,445,293,431
1,<environment.Job instance at 0x14e904312730>,89,18,[2 8],129,670,688,541,670
1,<environment.Job instance at 0x14e907186f00>,0,16,[10  2],1,1,17,0,1
1,<environment.Job instance at 0x14e904ab8be0>,5,1,[1 5],9,17,18,8,11
1,<environment.Job instance at 0x14e9071867d0>,3,3,[9 2],6,17,20,11,11
1,<environment.Job instance at 0x14e904ab8370>,8,2,[10  1],16,20,22,4,16
1,<environment.Job instance at 0x14e903be6870>,9,1,[2 8],17,22,23,5,17
1,<environment.Job instance at 0x14e904ab84b0>,7,15,[5 2],13,22,37,9,17
1,<environment.Job instance at 0x14e903b965f0>,26,1,[10  2],41,54,55,13,54
1,<environment.Job instance at 0x14e903be6730>,11,14,[10  1],21,57,71,36,57
1,<environment.Job instance at 0x14e903cb75f0>,37,2,[1 5],59,71,73,12,59
1,<environment.Job instance at 0x14e903f98870>,39,14,[9 2],64,71,85,7,64
1,<environment.Job instance at 0x14e906ebeaa0>,41,3,[7 2],68,85,88,17,73
1,<environment.Job instance at 0x14e904ab8280>,4,14,[9 2],8,88,102,80,73
1,<environment.Job instance at 0x14e906285e10>,44,16,[ 2 10],73,102,118,29,89
1,<environment.Job instance at 0x14e912534c80>,52,1,[1 9],87,118,119,31,90
1,<environment.Job instance at 0x14e912534aa0>,53,3,[ 1 10],88,119,122,31,93
1,<environment.Job instance at 0x14e9125340a0>,54,3,[ 1 10],90,122,125,32,96
1,<environment.Job instance at 0x14e912534960>,55,2,[8 2],91,125,127,34,98
1,<environment.Job instance at 0x14e912534d20>,56,1,[1 5],92,98,99,6,98
1,<environment.Job instance at 0x14e9125345f0>,57,2,[8 1],93,127,129,34,100
1,<environment.Job instance at 0x14e9125344b0>,58,1,[5 2],95,129,130,34,101
1,<environment.Job instance at 0x14e904064be0>,66,3,[9 2],107,130,133,23,111
1,<environment.Job instance at 0x14e904064780>,67,3,[8 1],108,133,136,25,111
1,<environment.Job instance at 0x14e90406eb40>,68,3,[2 6],110,125,128,15,111
1,<environment.Job instance at 0x14e907b3e5a0>,50,13,[1 9],84,154,167,70,154
1,<environment.Job instance at 0x14e9119197d0>,76,1,[ 2 10],122,167,168,45,154
1,<environment.Job instance at 0x14e9119192d0>,78,14,[ 1 10],126,168,182,42,155
1,<environment.Job instance at 0x14e911919500>,70,16,[10  2],112,182,198,70,169
1,<environment.Job instance at 0x14e91188a820>,87,14,[1 9],138,198,212,60,183
1,<environment.Job instance at 0x14e911919320>,74,15,[8 1],119,198,213,79,185
1,<environment.Job instance at 0x14e911919a00>,80,3,[1 8],129,212,215,83,190
1,<environment.Job instance at 0x14e906ce3230>,102,3,[1 8],160,215,218,55,190
1,<environment.Job instance at 0x14e906ce39b0>,106,2,[1 6],167,218,220,51,195
1,<environment.Job instance at 0x14e906ce3870>,107,3,[8 2],168,213,216,45,195
1,<environment.Job instance at 0x14e906ce3dc0>,103,17,[8 2],163,216,233,53,215
1,<environment.Job instance at 0x14e904073500>,4,1,[10  1],9,9,10,0,9
1,<environment.Job instance at 0x14e906facbe0>,5,24,[1 8],10,10,34,0,10
1,<environment.Job instance at 0x14e906facc80>,6,3,[1 7],11,34,37,23,11
1,<environment.Job instance at 0x14e904073be0>,7,1,[8 1],13,13,14,0,13
1,<environment.Job instance at 0x14e9125a8730>,8,2,[8 2],14,14,16,0,14
1,<environment.Job instance at 0x14e904003c30>,9,1,[1 7],15,37,38,22,15
1,<environment.Job instance at 0x14e90413daa0>,10,3,[2 9],16,38,41,22,16
1,<environment.Job instance at 0x14e90413d050>,12,3,[1 8],22,41,44,19,40
1,<environment.Job instance at 0x14e904629960>,15,3,[8 1],26,44,47,18,44
1,<environment.Job instance at 0x14e907154c30>,17,3,[1 9],28,46,49,18,46
1,<environment.Job instance at 0x14e907f63be0>,18,3,[9 1],29,47,50,18,46
1,<environment.Job instance at 0x14e9100f6550>,19,3,[6 1],30,50,53,20,46
1,<environment.Job instance at 0x14e9100f6d70>,20,3,[1 8],32,49,52,17,46
1,<environment.Job instance at 0x14e91013f5f0>,23,2,[2 8],35,52,54,17,46
1,<environment.Job instance at 0x14e90708ec80>,24,1,[2 6],37,54,55,17,46
1,<environment.Job instance at 0x14e907bd42d0>,25,3,[10  2],40,55,58,15,46
1,<environment.Job instance at 0x14e907c43b40>,26,2,[8 1],41,53,55,12,46
1,<environment.Job instance at 0x14e903ddc050>,27,1,[2 9],43,58,59,15,46
1,<environment.Job instance at 0x14e90403b140>,29,3,[2 7],46,59,62,13,46
1,<environment.Job instance at 0x14e904090af0>,33,2,[2 9],50,62,64,12,50
1,<environment.Job instance at 0x14e9040905a0>,34,18,[2 7],51,64,82,13,59
1,<environment.Job instance at 0x14e907ca0af0>,42,12,[ 2 10],61,82,94,21,66
1,<environment.Job instance at 0x14e907ca0e10>,43,3,[10  2],62,94,97,32,68
1,<environment.Job instance at 0x14e907ca0780>,45,3,[1 6],65,97,100,32,71
1,<environment.Job instance at 0x14e907ecd550>,47,16,[8 1],68,97,113,29,87
1,<environment.Job instance at 0x14e90565f960>,53,12,[1 9],74,100,112,26,88
1,<environment.Job instance at 0x14e90565f320>,54,3,[2 6],75,112,115,37,88
1,<environment.Job instance at 0x14e90565f8c0>,55,3,[10  2],76,115,118,39,89
1,<environment.Job instance at 0x14e90565f370>,57,2,[1 9],78,118,120,40,91
1,<environment.Job instance at 0x14e948599e60>,59,1,[9 1],80,118,119,38,91
1,<environment.Job instance at 0x14e9485995a0>,60,1,[8 1],81,113,114,32,92
1,<environment.Job instance at 0x14e948599d70>,61,1,[1 5],82,120,121,38,92
1,<environment.Job instance at 0x14e948599d20>,63,12,[9 2],84,120,132,36,104
1,<environment.Job instance at 0x14e948599eb0>,64,3,[8 2],86,132,135,46,106
1,<environment.Job instance at 0x14e948599be0>,65,12,[2 9],87,135,147,48,128
1,<environment.Job instance at 0x14e9071fc5a0>,3,12,[ 2 10],8,147,159,139,130
1,<environment.Job instance at 0x14e907a88050>,69,12,[8 2],92,159,171,67,142
1,<environment.Job instance at 0x14e9071c06e0>,79,14,[9 2],109,171,185,62,156
1,<environment.Job instance at 0x14e904b0a410>,88,2,[ 1 10],125,185,187,60,158
1,<environment.Job instance at 0x14e904b0a370>,89,3,[5 1],126,187,190,61,163
1,<environment.Job instance at 0x14e904b0a050>,90,2,[5 2],127,187,189,60,163
1,<environment.Job instance at 0x14e904b0aeb0>,94,18,[9 1],135,201,219,66,201
1,<environment.Job instance at 0x14e904dfd050>,103,12,[5 1],147,219,231,72,202
1,<environment.Job instance at 0x14e9118abaf0>,107,16,[1 6],151,202,218,51,202
1,<environment.Job instance at 0x14e9071547d0>,16,17,[2 8],27,219,236,192,217
1,<environment.Job instance at 0x14e9118abc30>,108,16,[7 1],153,231,247,78,218
1,<environment.Job instance at 0x14e907ad04b0>,118,12,[1 5],166,236,248,70,219
1,<environment.Job instance at 0x14e907ad05a0>,119,3,[8 2],167,247,250,80,221
1,<environment.Job instance at 0x14e907ad0370>,121,13,[ 2 10],169,250,263,81,237
1,<environment.Job instance at 0x14e907ad06e0>,117,15,[2 9],165,278,293,113,278
1,<environment.Job instance at 0x14e906299640>,67,15,[7 2],90,306,321,216,306
1,<environment.Job instance at 0x14e907a889b0>,2,12,[8 2],7,7,19,0,7
1,<environment.Job instance at 0x14e906299640>,4,3,[2 8],9,9,12,0,9
1,<environment.Job instance at 0x14e907ae15f0>,5,2,[1 9],11,19,21,8,11
1,<environment.Job instance at 0x14e9071ba190>,13,1,[7 2],24,24,25,0,24
1,<environment.Job instance at 0x14e9071babe0>,12,1,[6 1],23,25,26,2,24
1,<environment.Job instance at 0x14e907b3daf0>,14,2,[ 1 10],25,26,28,1,25
1,<environment.Job instance at 0x14e90439c5f0>,10,2,[7 1],19,28,30,9,25
1,<environment.Job instance at 0x14e9071ba780>,17,3,[1 7],28,28,31,0,28
1,<environment.Job instance at 0x14e9071ba730>,15,13,[10  2],26,31,44,5,28
1,<environment.Job instance at 0x14e903e5f190>,16,1,[2 6],27,44,45,17,29
1,<environment.Job instance at 0x14e903fc72d0>,19,2,[2 8],32,45,47,13,32
1,<environment.Job instance at 0x14e907b64c30>,23,1,[1 8],42,47,48,5,42
1,<environment.Job instance at 0x14e904003370>,21,18,[1 9],40,48,66,8,43
1,<environment.Job instance at 0x14e9124c7690>,29,12,[1 5],50,66,78,16,50
1,<environment.Job instance at 0x14e9124c7730>,30,2,[9 2],51,66,68,15,52
1,<environment.Job instance at 0x14e907a340f0>,41,2,[1 7],65,78,80,13,67
1,<environment.Job instance at 0x14e9062ad190>,31,16,[ 2 10],53,80,96,27,68
1,<environment.Job instance at 0x14e9124c7b90>,28,13,[1 6],49,96,109,47,80
1,<environment.Job instance at 0x14e9071a0870>,51,12,[5 1],76,97,109,21,97
1,<environment.Job instance at 0x14e907a349b0>,43,18,[8 2],67,109,127,42,103
1,<environment.Job instance at 0x14e907a46780>,66,14,[1 8],101,141,155,40,141
1,<environment.Job instance at 0x14e9118fcc30>,71,3,[2 6],107,155,158,48,141
1,<environment.Job instance at 0x14e9118fce60>,72,2,[1 9],108,158,160,50,141
1,<environment.Job instance at 0x14e9118fcaa0>,73,3,[2 8],109,160,163,51,141
1,<environment.Job instance at 0x14e907a34be0>,42,18,[8 1],66,238,256,172,238
1,<environment.Job instance at 0x14e910054870>,91,13,[2 7],135,247,260,112,247
1,<environment.Job instance at 0x14e9071a02d0>,54,2,[8 2],79,325,327,246,325
1,<environment.Job instance at 0x14e907a76fa0>,105,12,[1 6],153,1756,1768,1603,1756
1,<environment.Job instance at 0x14e904235a50>,1,1,[2 9],3,3,4,0,3
1,<environment.Job instance at 0x14e91008bbe0>,0,3,[6 2],2,4,7,2,4
1,<environment.Job instance at 0x14e903d5d960>,6,13,[10  2],14,16,29,2,16
1,<environment.Job instance at 0x14e903d5d6e0>,9,2,[2 5],21,29,31,8,21
1,<environment.Job instance at 0x14e9487d1280>,11,2,[6 2],23,29,31,6,23
1,<environment.Job instance at 0x14e9487d1230>,12,2,[1 8],24,31,33,7,24
1,<environment.Job instance at 0x14e9487d1910>,13,21,[2 5],25,33,54,8,26
1,<environment.Job instance at 0x14e903d5d8c0>,16,2,[10  2],29,54,56,25,29
1,<environment.Job instance at 0x14e9487d18c0>,17,3,[2 7],30,56,59,26,30
1,<environment.Job instance at 0x14e9043c6050>,20,2,[1 7],35,59,61,24,35
1,<environment.Job instance at 0x14e9487d1320>,19,3,[5 2],34,35,38,1,35
1,<environment.Job instance at 0x14e907f212d0>,21,3,[8 1],36,38,41,2,36
1,<environment.Job instance at 0x14e9119ab230>,23,1,[10  2],40,61,62,21,47
1,<environment.Job instance at 0x14e9125ba5a0>,35,3,[2 5],53,62,65,9,56
1,<environment.Job instance at 0x14e9487d1c80>,27,16,[2 5],44,62,78,18,57
1,<environment.Job instance at 0x14e9041c4eb0>,37,1,[9 2],58,78,79,20,67
1,<environment.Job instance at 0x14e9125baaa0>,36,3,[5 1],54,75,78,21,75
1,<environment.Job instance at 0x14e9487d1730>,26,14,[2 9],43,80,94,37,80
1,<environment.Job instance at 0x14e906cff820>,52,12,[2 9],82,94,106,12,82
1,<environment.Job instance at 0x14e906cffa50>,53,3,[2 6],83,106,109,23,83
1,<environment.Job instance at 0x14e9041be230>,58,16,[1 7],90,109,125,19,108
1,<environment.Job instance at 0x14e903d2ca50>,73,12,[2 8],109,125,137,16,109
1,<environment.Job instance at 0x14e907c89cd0>,75,3,[1 6],114,137,140,23,114
1,<environment.Job instance at 0x14e907eaea00>,76,3,[2 5],115,140,143,25,115
1,<environment.Job instance at 0x14e904e07e60>,78,18,[1 9],117,143,161,26,132
1,<environment.Job instance at 0x14e907eb1aa0>,94,14,[1 8],137,165,179,28,165
1,<environment.Job instance at 0x14e906f50780>,100,3,[1 5],144,179,182,35,166
1,<environment.Job instance at 0x14e906f50550>,101,2,[1 9],145,182,184,37,166
1,<environment.Job instance at 0x14e906f50b40>,102,2,[10  2],146,184,186,38,166
1,<environment.Job instance at 0x14e906f50e60>,103,2,[ 1 10],147,186,188,39,166
1,<environment.Job instance at 0x14e906f50460>,104,1,[5 2],150,166,167,16,166
1,<environment.Job instance at 0x14e9041c49b0>,38,15,[5 2],60,206,221,146,206
1,<environment.Job instance at 0x14e9041ed5a0>,46,16,[ 2 10],71,490,506,419,490
1,<environment.Job instance at 0x14e910026500>,5,2,[9 1],11,11,13,0,11
1,<environment.Job instance at 0x14e903dd9550>,10,1,[6 2],17,22,23,5,22
1,<environment.Job instance at 0x14e948083280>,18,2,[1 6],29,30,32,1,30
1,<environment.Job instance at 0x14e907b7a690>,20,1,[10  1],32,33,34,1,33
1,<environment.Job instance at 0x14e94809baf0>,21,3,[5 1],33,34,37,1,34
1,<environment.Job instance at 0x14e912465910>,22,2,[8 1],34,37,39,3,34
1,<environment.Job instance at 0x14e907b40dc0>,29,18,[5 2],43,70,88,27,70
1,<environment.Job instance at 0x14e948144cd0>,34,18,[5 2],50,77,95,27,77
1,<environment.Job instance at 0x14e903dd9820>,16,18,[6 2],27,103,121,76,103
1,<environment.Job instance at 0x14e9487b8d20>,46,2,[2 6],64,103,105,39,103
1,<environment.Job instance at 0x14e9487b85f0>,45,15,[2 9],63,121,136,58,108
1,<environment.Job instance at 0x14e94805f230>,59,18,[10  1],79,137,155,58,137
1,<environment.Job instance at 0x14e907bc9be0>,72,16,[9 1],96,162,178,66,162
1,<environment.Job instance at 0x14e9070c4460>,3,1,[7 2],6,13,14,7,13
1,<environment.Job instance at 0x14e907c2edc0>,19,15,[1 6],36,2837,2852,2801,2837
1,<environment.Job instance at 0x14e904aecb90>,1,3,[7 1],6,6,9,0,6
1,<environment.Job instance at 0x14e904aec4b0>,3,3,[2 8],8,8,11,0,8
1,<environment.Job instance at 0x14e904aecdc0>,2,3,[ 2 10],7,11,14,4,8
1,<environment.Job instance at 0x14e907a32c30>,5,3,[10  2],11,14,17,3,11
1,<environment.Job instance at 0x14e904253730>,7,12,[ 1 10],13,17,29,4,13
1,<environment.Job instance at 0x14e9042538c0>,8,2,[6 2],14,29,31,15,14
1,<environment.Job instance at 0x14e904253690>,9,3,[2 6],15,29,32,14,15
1,<environment.Job instance at 0x14e904253be0>,10,1,[1 8],16,32,33,16,16
1,<environment.Job instance at 0x14e904253960>,11,13,[2 7],17,33,46,16,24
1,<environment.Job instance at 0x14e9071590f0>,17,15,[ 2 10],26,46,61,20,32
1,<environment.Job instance at 0x14e9583652d0>,22,1,[2 8],31,61,62,30,33
1,<environment.Job instance at 0x14e9117ed910>,23,2,[6 1],33,33,35,0,33
1,<environment.Job instance at 0x14e907a32960>,4,2,[2 7],9,62,64,53,35
1,<environment.Job instance at 0x14e904064b90>,24,1,[1 5],35,64,65,29,36
1,<environment.Job instance at 0x14e904dfaa50>,25,3,[2 5],36,64,67,28,43
1,<environment.Job instance at 0x14e91058c550>,28,2,[1 9],39,67,69,28,44
1,<environment.Job instance at 0x14e948c56e60>,29,1,[1 6],40,69,70,29,47
1,<environment.Job instance at 0x14e9117dcf00>,27,15,[1 7],38,70,85,32,56
1,<environment.Job instance at 0x14e9040540f0>,35,2,[ 1 10],50,85,87,35,58
1,<environment.Job instance at 0x14e948c568c0>,30,3,[6 1],43,61,64,18,58
1,<environment.Job instance at 0x14e9040546e0>,36,16,[7 2],52,69,85,17,58
1,<environment.Job instance at 0x14e904057d70>,42,13,[9 2],65,87,100,22,71
1,<environment.Job instance at 0x14e903dcbcd0>,43,1,[9 1],66,100,101,34,72
1,<environment.Job instance at 0x14e90629a870>,46,3,[10  1],69,101,104,32,95
1,<environment.Job instance at 0x14e903dcbc30>,47,3,[2 9],71,104,107,33,95
1,<environment.Job instance at 0x14e9043a8cd0>,52,1,[ 1 10],79,139,140,60,139
1,<environment.Job instance at 0x14e904288c80>,56,2,[10  2],86,336,338,250,336
1,<environment.Job instance at 0x14e9040579b0>,41,17,[6 2],63,515,532,452,515
1,<environment.Job instance at 0x14e90402fa50>,66,3,[1 5],101,590,593,489,590
1,<environment.Job instance at 0x14e910125280>,68,2,[8 1],104,595,597,491,595
1,<environment.Job instance at 0x14e911960e10>,75,1,[10  2],111,660,661,549,660
1,<environment.Job instance at 0x14e903d06820>,76,2,[5 1],113,663,665,550,663
1,<environment.Job instance at 0x14e91013b0a0>,77,2,[2 7],114,663,665,549,663
1,<environment.Job instance at 0x14e91013b460>,79,2,[1 9],119,669,671,550,669
1,<environment.Job instance at 0x14e904accf00>,83,2,[5 2],125,706,708,581,706
1,<environment.Job instance at 0x14e9056335f0>,85,2,[6 1],128,724,726,596,724
1,<environment.Job instance at 0x14e9056339b0>,86,3,[6 2],130,727,730,597,727
1,<environment.Job instance at 0x14e9041ed0a0>,107,2,[8 1],163,816,818,653,816
1,<environment.Job instance at 0x14e9041ed2d0>,108,2,[1 8],165,816,818,651,816
1,<environment.Job instance at 0x14e9041ed690>,109,3,[2 8],166,821,824,655,821
1,<environment.Job instance at 0x14e9041ed6e0>,110,1,[8 2],167,825,826,658,825
1,<environment.Job instance at 0x14e9041239b0>,1,2,[8 2],2,3,5,1,3
1,<environment.Job instance at 0x14e9037e1aa0>,2,3,[2 5],5,5,8,0,5
1,<environment.Job instance at 0x14e904123370>,6,3,[1 7],9,9,12,0,9
1,<environment.Job instance at 0x14e903a14910>,8,13,[8 1],14,17,30,3,17
1,<environment.Job instance at 0x14e903a14050>,12,3,[7 2],22,30,33,8,23
1,<environment.Job instance at 0x14e903a140a0>,15,3,[6 2],27,33,36,6,31
1,<environment.Job instance at 0x14e903a14cd0>,10,28,[1 6],16,35,63,19,35
1,<environment.Job instance at 0x14e903a14a00>,9,15,[7 2],15,36,51,21,35
1,<environment.Job instance at 0x14e9037a5370>,27,1,[9 1],43,51,52,8,43
1,<environment.Job instance at 0x14e9037a5eb0>,28,1,[9 1],44,52,53,8,44
1,<environment.Job instance at 0x14e903a149b0>,19,15,[ 1 10],34,63,78,29,50
1,<environment.Job instance at 0x14e9037a5b90>,32,2,[5 2],51,53,55,2,51
1,<environment.Job instance at 0x14e903720dc0>,33,2,[6 1],52,55,57,3,52
1,<environment.Job instance at 0x14e903720eb0>,34,1,[1 9],53,78,79,25,53
1,<environment.Job instance at 0x14e903720aa0>,35,1,[7 1],54,57,58,3,54
1,<environment.Job instance at 0x14e903720c80>,36,2,[2 5],55,79,81,24,56
1,<environment.Job instance at 0x14e90373c1e0>,41,2,[2 9],62,81,83,19,62
1,<environment.Job instance at 0x14e90373ba50>,42,2,[1 9],63,83,85,20,63
1,<environment.Job instance at 0x14e903720f00>,38,13,[5 2],57,85,98,28,69
1,<environment.Job instance at 0x14e90373b550>,45,3,[6 1],66,78,81,12,69
1,<environment.Job instance at 0x14e90373b960>,46,2,[10  2],67,98,100,31,71
1,<environment.Job instance at 0x14e903713500>,47,2,[7 1],68,81,83,13,71
1,<environment.Job instance at 0x14e90373ca00>,40,13,[1 7],61,772,785,711,772
1,<environment.Job instance at 0x14e9038cef50>,87,17,[ 1 10],128,2344,2361,2216,2344
1,<environment.Job instance at 0x14e9037a18c0>,1,1,[8 1],2,2,3,0,2
1,<environment.Job instance at 0x14e9037aa2d0>,7,15,[5 1],11,11,26,0,11
1,<environment.Job instance at 0x14e9037aa5a0>,9,1,[ 1 10],13,26,27,13,13
1,<environment.Job instance at 0x14e9037aa550>,11,2,[1 9],15,15,17,0,15
1,<environment.Job instance at 0x14e9037750f0>,13,3,[2 6],17,28,31,11,28
1,<environment.Job instance at 0x14e903a83e60>,3,16,[2 5],5,56,72,51,56
1,<environment.Job instance at 0x14e907b7b5a0>,38,14,[2 7],57,72,86,15,63
1,<environment.Job instance at 0x14e90428feb0>,45,2,[2 8],68,86,88,18,72
1,<environment.Job instance at 0x14e907b401e0>,49,1,[7 2],78,81,82,3,81
1,<environment.Job instance at 0x14e907b40b40>,55,3,[9 2],86,88,91,2,87
1,<environment.Job instance at 0x14e907b40c80>,57,3,[ 1 10],89,91,94,2,89
1,<environment.Job instance at 0x14e907b40500>,56,14,[8 1],87,94,108,7,89
1,<environment.Job instance at 0x14e94805e690>,59,16,[10  1],91,108,124,17,95
1,<environment.Job instance at 0x14e94805e960>,62,3,[2 5],94,95,98,1,95
1,<environment.Job instance at 0x14e94805ee10>,66,2,[1 5],99,99,101,0,99
1,<environment.Job instance at 0x14e94805e0a0>,67,2,[ 2 10],100,124,126,24,100
1,<environment.Job instance at 0x14e903fc5500>,73,2,[7 1],108,126,128,18,108
1,<environment.Job instance at 0x14e94805e6e0>,63,15,[1 5],95,126,141,31,112
1,<environment.Job instance at 0x14e903d6fb90>,78,2,[1 8],119,141,143,22,123
1,<environment.Job instance at 0x14e903d6f9b0>,82,15,[6 1],125,128,143,3,128
1,<environment.Job instance at 0x14e9037ec960>,26,17,[1 8],39,353,370,314,353
1,<environment.Job instance at 0x14e906e3e280>,103,13,[8 2],163,403,416,240,403
1,<environment.Job instance at 0x14e906e3eeb0>,101,17,[2 9],161,416,433,255,404
1,<environment.Job instance at 0x14e9487d10f0>,99,13,[7 2],158,463,476,305,463
1,<environment.Job instance at 0x14e9487d10f0>,2,3,[2 9],6,6,9,0,6
1,<environment.Job instance at 0x14e903f54190>,4,2,[1 6],9,9,11,0,9
1,<environment.Job instance at 0x14e906e7be10>,5,3,[1 8],10,11,14,1,10
1,<environment.Job instance at 0x14e907c8f050>,7,2,[10  1],14,28,30,14,28
1,<environment.Job instance at 0x14e903c54d20>,8,15,[1 7],15,30,45,15,28
1,<environment.Job instance at 0x14e90461d2d0>,18,3,[5 1],29,30,33,1,29
1,<environment.Job instance at 0x14e9070a4230>,20,12,[1 8],31,45,57,14,36
1,<environment.Job instance at 0x14e903df73c0>,25,3,[2 5],39,57,60,18,45
1,<environment.Job instance at 0x14e903df7640>,26,1,[1 8],41,60,61,19,51
1,<environment.Job instance at 0x14e906df5fa0>,30,3,[2 5],47,57,60,10,53
1,<environment.Job instance at 0x14e906df5eb0>,32,13,[2 8],49,61,74,12,56
1,<environment.Job instance at 0x14e906df59b0>,33,3,[2 5],50,74,77,24,56
1,<environment.Job instance at 0x14e906df5370>,34,2,[1 5],51,74,76,23,56
1,<environment.Job instance at 0x14e906df5a00>,35,1,[1 6],52,77,78,25,56
1,<environment.Job instance at 0x14e906df5820>,36,3,[6 1],53,60,63,7,56
1,<environment.Job instance at 0x14e9041b3b40>,39,3,[8 2],59,63,66,4,60
1,<environment.Job instance at 0x14e907b59eb0>,41,1,[6 1],66,66,67,0,66
1,<environment.Job instance at 0x14e903fa9190>,42,1,[8 1],67,67,68,0,67
1,<environment.Job instance at 0x14e903fa9780>,43,1,[7 1],68,68,69,0,68
1,<environment.Job instance at 0x14e910581c30>,46,3,[2 9],71,78,81,7,71
1,<environment.Job instance at 0x14e910581640>,45,2,[1 5],70,81,83,11,71
1,<environment.Job instance at 0x14e907c62e10>,48,14,[1 8],73,83,97,10,73
1,<environment.Job instance at 0x14e903df79b0>,28,1,[2 6],43,97,98,54,91
1,<environment.Job instance at 0x14e948086410>,59,12,[9 1],86,101,113,15,101
1,<environment.Job instance at 0x14e907209780>,51,2,[7 1],77,113,115,36,103
1,<environment.Job instance at 0x14e9071c0690>,49,17,[ 2 10],74,115,132,41,104
1,<environment.Job instance at 0x14e912596780>,73,1,[5 2],109,132,133,23,111
1,<environment.Job instance at 0x14e90705c9b0>,66,2,[8 2],95,133,135,38,125
1,<environment.Job instance at 0x14e903e21280>,75,13,[1 5],111,132,145,21,128
1,<environment.Job instance at 0x14e903e21eb0>,76,3,[1 8],112,145,148,33,129
1,<environment.Job instance at 0x14e903e215f0>,77,2,[7 1],114,135,137,21,132
1,<environment.Job instance at 0x14e903e211e0>,78,2,[2 8],116,148,150,32,137
1,<environment.Job instance at 0x14e903e21730>,79,1,[1 6],118,150,151,32,141
1,<environment.Job instance at 0x14e903e210a0>,74,16,[ 1 10],110,153,169,43,153
1,<environment.Job instance at 0x14e903e21e10>,86,2,[ 1 10],131,169,171,38,153
1,<environment.Job instance at 0x14e90705ce10>,65,13,[ 1 10],94,179,192,85,179
1,<environment.Job instance at 0x14e904169b40>,92,23,[2 8],138,192,215,54,187
1,<environment.Job instance at 0x14e904169320>,98,1,[8 2],146,192,193,46,187
1,<environment.Job instance at 0x14e904169190>,99,1,[8 1],147,193,194,46,188
1,<environment.Job instance at 0x14e904169140>,101,1,[2 7],151,215,216,64,206
1,<environment.Job instance at 0x14e904169fa0>,102,25,[6 2],152,208,233,56,208
1,<environment.Job instance at 0x14e94805fdc0>,103,3,[8 1],156,233,236,77,214
1,<environment.Job instance at 0x14e94805f1e0>,104,14,[9 2],157,236,250,79,234
1,<environment.Job instance at 0x14e94805f960>,111,3,[7 1],164,250,253,86,234
1,<environment.Job instance at 0x14e94805f460>,112,3,[7 2],165,253,256,88,234
1,<environment.Job instance at 0x14e90705c730>,64,26,[10  2],93,256,282,163,255
1,<environment.Job instance at 0x14e903e21910>,80,17,[7 2],119,327,344,208,327
1,<environment.Job instance at 0x14e903e217d0>,87,16,[1 5],132,412,428,280,412
1,<environment.Job instance at 0x14e904ba8190>,2,16,[1 5],5,5,21,0,5
1,<environment.Job instance at 0x14e904ba8550>,3,1,[1 5],6,6,7,0,6
1,<environment.Job instance at 0x14e904ba81e0>,5,3,[2 9],8,21,24,13,8
1,<environment.Job instance at 0x14e904ba8d20>,4,3,[ 2 10],7,24,27,17,9
1,<environment.Job instance at 0x14e9062865a0>,9,14,[7 2],13,27,41,14,18
1,<environment.Job instance at 0x14e904032780>,17,18,[1 5],27,56,74,29,56
1,<environment.Job instance at 0x14e9125702d0>,22,3,[2 6],33,74,77,41,58
1,<environment.Job instance at 0x14e907f10500>,28,1,[2 7],40,77,78,37,60
1,<environment.Job instance at 0x14e904ba8230>,7,15,[2 9],11,78,93,67,65
1,<environment.Job instance at 0x14e9119ef690>,40,15,[8 1],54,75,90,21,75
1,<environment.Job instance at 0x14e9071b0460>,48,3,[7 1],63,90,93,27,75
1,<environment.Job instance at 0x14e9071b04b0>,49,2,[2 9],65,93,95,28,75
1,<environment.Job instance at 0x14e9071b01e0>,50,3,[5 2],67,95,98,28,75
1,<environment.Job instance at 0x14e9071b0aa0>,53,2,[1 5],70,95,97,25,83
1,<environment.Job instance at 0x14e9071b0be0>,54,14,[5 1],71,97,111,26,84
1,<environment.Job instance at 0x14e9071b0d70>,56,1,[ 2 10],75,111,112,36,84
1,<environment.Job instance at 0x14e906f2a460>,33,1,[1 6],46,103,104,57,103
1,<environment.Job instance at 0x14e906d8af00>,57,27,[10  1],77,112,139,35,111
1,<environment.Job instance at 0x14e906d8a320>,68,3,[2 6],96,139,142,43,113
1,<environment.Job instance at 0x14e906d8a1e0>,69,3,[2 9],97,142,145,45,116
1,<environment.Job instance at 0x14e906d8a910>,70,2,[8 1],98,139,141,41,116
1,<environment.Job instance at 0x14e903ce94b0>,71,13,[10  1],100,145,158,45,138
1,<environment.Job instance at 0x14e906d8a0a0>,62,16,[2 8],85,158,174,73,145
1,<environment.Job instance at 0x14e903846a00>,84,16,[1 7],122,174,190,52,161
1,<environment.Job instance at 0x14e911886be0>,94,1,[1 6],133,190,191,57,162
1,<environment.Job instance at 0x14e9038466e0>,86,16,[8 2],124,167,183,43,167
1,<environment.Job instance at 0x14e911886f00>,95,19,[ 1 10],135,191,210,56,181
1,<environment.Job instance at 0x14e90564db90>,112,1,[2 6],161,210,211,49,182
1,<environment.Job instance at 0x14e90394e550>,113,3,[8 1],163,183,186,20,182
1,<environment.Job instance at 0x14e90394ebe0>,114,15,[2 5],165,211,226,46,197
1,<environment.Job instance at 0x14e903932320>,1,2,[1 6],2,2,4,0,2
1,<environment.Job instance at 0x14e94859da50>,6,1,[1 5],9,9,10,0,9
1,<environment.Job instance at 0x14e94859d690>,7,3,[9 2],10,10,13,0,10
1,<environment.Job instance at 0x14e94859dd20>,8,1,[2 5],11,13,14,2,11
1,<environment.Job instance at 0x14e94859d910>,10,2,[2 7],14,22,24,8,22
1,<environment.Job instance at 0x14e9480681e0>,16,3,[1 8],22,24,27,2,22
1,<environment.Job instance at 0x14e94859d5f0>,5,20,[1 9],8,32,52,24,32
1,<environment.Job instance at 0x14e948068280>,23,3,[ 2 10],34,52,55,18,38
1,<environment.Job instance at 0x14e948068820>,24,3,[1 9],36,55,58,19,41
1,<environment.Job instance at 0x14e9480685a0>,25,2,[10  2],37,58,60,21,42
1,<environment.Job instance at 0x14e9040f7640>,27,12,[2 9],42,60,72,18,47
1,<environment.Job instance at 0x14e9040f77d0>,28,2,[ 2 10],48,72,74,24,48
1,<environment.Job instance at 0x14e903c27140>,37,1,[10  2],60,74,75,14,60
1,<environment.Job instance at 0x14e903c27cd0>,42,3,[8 1],65,65,68,0,65
1,<environment.Job instance at 0x14e91055db90>,43,18,[ 1 10],66,91,109,25,91
1,<environment.Job instance at 0x14e903f5a2d0>,62,12,[1 7],96,169,181,73,169
1,<environment.Job instance at 0x14e903f5a780>,64,3,[1 9],98,181,184,83,169
1,<environment.Job instance at 0x14e903756aa0>,66,3,[10  2],100,184,187,84,169
1,<environment.Job instance at 0x14e903756be0>,67,16,[1 8],102,187,203,85,174
1,<environment.Job instance at 0x14e903756460>,71,1,[2 6],109,203,204,94,175
1,<environment.Job instance at 0x14e903756e10>,72,3,[ 2 10],110,204,207,94,178
1,<environment.Job instance at 0x14e903f54190>,89,12,[ 2 10],132,213,225,81,213
1,<environment.Job instance at 0x14e948068230>,14,17,[10  1],20,377,394,357,377
1,<environment.Job instance at 0x14e903cc1460>,2,18,[2 7],3,7,25,4,7
1,<environment.Job instance at 0x14e903569e60>,7,1,[9 1],8,25,26,17,8
1,<environment.Job instance at 0x14e903e75d20>,8,2,[ 2 10],9,26,28,17,9
1,<environment.Job instance at 0x14e903882c30>,1,1,[9 2],2,28,29,26,10
1,<environment.Job instance at 0x14e91194fa50>,10,1,[2 8],14,29,30,15,14
1,<environment.Job instance at 0x14e903569cd0>,11,2,[ 1 10],16,30,32,14,16
1,<environment.Job instance at 0x14e90628b640>,13,3,[10  2],18,32,35,14,18
1,<environment.Job instance at 0x14e903f5da00>,14,3,[8 2],19,19,22,0,19
1,<environment.Job instance at 0x14e903f5d7d0>,15,2,[ 2 10],21,35,37,14,21
1,<environment.Job instance at 0x14e903c14780>,17,3,[7 1],23,37,40,14,23
1,<environment.Job instance at 0x14e9487e2820>,18,16,[1 8],25,37,53,12,36
1,<environment.Job instance at 0x14e9037826e0>,16,3,[2 9],22,53,56,31,37
1,<environment.Job instance at 0x14e90565a730>,26,2,[10  1],37,56,58,19,37
1,<environment.Job instance at 0x14e903a14dc0>,28,2,[1 9],40,58,60,18,40
1,<environment.Job instance at 0x14e91251efa0>,29,3,[7 1],41,41,44,0,41
1,<environment.Job instance at 0x14e9036c1280>,30,16,[ 2 10],43,60,76,17,50
1,<environment.Job instance at 0x14e90365fe10>,36,3,[2 8],50,76,79,26,51
1,<environment.Job instance at 0x14e907bc9b90>,38,3,[1 6],52,79,82,27,53
1,<environment.Job instance at 0x14e907bc9730>,39,1,[1 6],55,82,83,27,55
1,<environment.Job instance at 0x14e903f5b190>,40,1,[ 2 10],57,83,84,26,57
1,<environment.Job instance at 0x14e903f5b690>,45,14,[5 2],62,2305,2319,2243,2305
1,<environment.Job instance at 0x14e907b88be0>,53,12,[1 6],76,2720,2732,2644,2720
1,<environment.Job instance at 0x14e907b88960>,54,14,[2 8],77,2732,2746,2655,2720
1,<environment.Job instance at 0x14e907b88cd0>,55,12,[7 2],78,2731,2743,2653,2731
1,<environment.Job instance at 0x14e903796960>,62,3,[7 2],86,2743,2746,2657,2731
1,<environment.Job instance at 0x14e9037969b0>,63,14,[1 8],87,2746,2760,2659,2731
1,<environment.Job instance at 0x14e903796690>,66,16,[7 1],90,2746,2762,2656,2738
1,<environment.Job instance at 0x14e9036e6a50>,67,1,[7 2],91,2762,2763,2671,2738
1,<environment.Job instance at 0x14e9036e6cd0>,68,3,[1 9],92,2763,2766,2671,2738
1,<environment.Job instance at 0x14e9036e6410>,72,3,[8 1],101,2763,2766,2662,2738
1,<environment.Job instance at 0x14e903810280>,74,14,[1 9],106,2766,2780,2660,2751
1,<environment.Job instance at 0x14e906ffdaf0>,78,1,[5 1],112,2766,2767,2654,2751
1,<environment.Job instance at 0x14e907a893c0>,79,3,[7 2],114,2780,2783,2666,2754
1,<environment.Job instance at 0x14e907a89820>,80,2,[7 1],115,2767,2769,2652,2754
1,<environment.Job instance at 0x14e907a89370>,81,3,[6 1],117,2769,2772,2652,2754
1,<environment.Job instance at 0x14e907a89870>,83,1,[8 1],122,2772,2773,2650,2754
1,<environment.Job instance at 0x14e903e47050>,1,2,[9 1],3,7,9,4,7
1,<environment.Job instance at 0x14e903e5fd20>,7,3,[9 2],9,9,12,0,9
1,<environment.Job instance at 0x14e904629b90>,9,14,[8 1],17,21,35,4,21
1,<environment.Job instance at 0x14e906ffd7d0>,12,18,[1 7],22,25,43,3,25
1,<environment.Job instance at 0x14e906ffdc30>,13,16,[1 7],24,43,59,19,35
1,<environment.Job instance at 0x14e903c95370>,22,1,[1 9],35,59,60,24,35
1,<environment.Job instance at 0x14e904a5d190>,28,3,[9 1],45,56,59,11,56
1,<environment.Job instance at 0x14e906d51b90>,29,2,[7 1],47,59,61,12,56
1,<environment.Job instance at 0x14e906d51fa0>,30,3,[2 5],48,60,63,12,57
1,<environment.Job instance at 0x14e906d51230>,31,1,[1 5],49,61,62,12,57
1,<environment.Job instance at 0x14e906d51a50>,32,2,[9 1],51,63,65,12,57
1,<environment.Job instance at 0x14e906d51b40>,33,12,[8 1],53,65,77,12,57
1,<environment.Job instance at 0x14e9487eaaf0>,34,1,[2 5],58,62,63,4,58
1,<environment.Job instance at 0x14e9487ea1e0>,35,17,[1 5],59,63,80,4,62
1,<environment.Job instance at 0x14e907069a00>,37,2,[7 1],61,77,79,16,62
1,<environment.Job instance at 0x14e903c51190>,38,1,[2 7],64,80,81,16,64
1,<environment.Job instance at 0x14e9487d5460>,40,1,[1 7],66,81,82,15,66
1,<environment.Job instance at 0x14e9117bddc0>,41,3,[1 7],67,82,85,15,67
1,<environment.Job instance at 0x14e9117bdd70>,42,3,[6 1],68,79,82,11,68
1,<environment.Job instance at 0x14e948585730>,43,15,[1 9],69,85,100,16,76
1,<environment.Job instance at 0x14e904bcbf00>,46,12,[9 2],75,100,112,25,83
1,<environment.Job instance at 0x14e910101780>,50,14,[5 1],81,83,97,2,83
1,<environment.Job instance at 0x14e9035f94b0>,51,1,[10  2],83,112,113,29,84
1,<environment.Job instance at 0x14e910101c30>,52,15,[6 1],84,113,128,29,99
1,<environment.Job instance at 0x14e948863eb0>,58,2,[8 1],92,128,130,36,101
1,<environment.Job instance at 0x14e907bb4960>,59,1,[9 1],93,130,131,37,102
1,<environment.Job instance at 0x14e907b8f6e0>,60,1,[2 8],94,113,114,19,102
1,<environment.Job instance at 0x14e907b8f500>,61,1,[1 8],95,102,103,7,102
1,<environment.Job instance at 0x14e907b8feb0>,62,1,[2 9],96,114,115,18,102
1,<environment.Job instance at 0x14e907b8f8c0>,63,3,[ 2 10],97,131,134,34,105
1,<environment.Job instance at 0x14e903732550>,64,3,[1 7],98,105,108,7,105
1,<environment.Job instance at 0x14e903732fa0>,66,2,[7 1],100,134,136,34,111
1,<environment.Job instance at 0x14e9035929b0>,75,2,[1 6],113,115,117,2,113
1,<environment.Job instance at 0x14e9035abd70>,76,13,[2 7],114,140,153,26,140
1,<environment.Job instance at 0x14e903afad70>,88,1,[1 9],132,153,154,21,140
1,<environment.Job instance at 0x14e903afab40>,89,2,[ 1 10],134,154,156,20,140
1,<environment.Job instance at 0x14e903afad20>,90,3,[5 1],135,140,143,5,140
1,<environment.Job instance at 0x14e903afa0a0>,91,3,[2 6],136,156,159,20,140
1,<environment.Job instance at 0x14e903afa5f0>,92,12,[9 2],137,159,171,22,145
1,<environment.Job instance at 0x14e903c998c0>,98,2,[2 7],144,171,173,27,145
1,<environment.Job instance at 0x14e903d06870>,99,2,[8 1],146,146,148,0,146
1,<environment.Job instance at 0x14e903d06640>,100,1,[8 2],147,148,149,1,147
1,<environment.Job instance at 0x14e903d067d0>,101,1,[9 1],151,153,154,2,151
1,<environment.Job instance at 0x14e903d06c30>,102,14,[2 6],152,173,187,21,164
1,<environment.Job instance at 0x14e948056b40>,107,1,[1 5],165,165,166,0,165
1,<environment.Job instance at 0x14e948056910>,108,13,[8 2],167,171,184,4,167
1,<environment.Job instance at 0x14e95a09f5a0>,109,1,[2 6],168,187,188,19,168
1,<environment.Job instance at 0x14e948144f50>,110,14,[6 2],169,184,198,15,169
1,<environment.Job instance at 0x14e90384b0f0>,1,3,[5 1],2,2,5,0,2
1,<environment.Job instance at 0x14e9487ea230>,3,1,[ 2 10],4,5,6,1,4
1,<environment.Job instance at 0x14e9037bb780>,6,2,[2 7],8,8,10,0,8
1,<environment.Job instance at 0x14e9043a86e0>,8,1,[2 8],10,10,11,0,10
1,<environment.Job instance at 0x14e9043a8b40>,7,13,[1 8],9,11,24,2,10
1,<environment.Job instance at 0x14e9043a8280>,10,2,[2 9],14,24,26,10,14
1,<environment.Job instance at 0x14e9118e4140>,9,1,[1 5],11,26,27,15,18
1,<environment.Job instance at 0x14e9040b1e10>,13,12,[5 1],17,21,33,4,21
1,<environment.Job instance at 0x14e9124cee10>,17,1,[2 9],22,27,28,5,22
1,<environment.Job instance at 0x14e904368e60>,18,2,[9 2],23,33,35,10,23
1,<environment.Job instance at 0x14e903e3c0f0>,19,17,[ 1 10],25,35,52,10,25
1,<environment.Job instance at 0x14e907a722d0>,25,1,[7 2],35,52,53,17,37
1,<environment.Job instance at 0x14e90354a2d0>,26,12,[10  2],37,53,65,16,39
1,<environment.Job instance at 0x14e94803ceb0>,28,3,[6 1],41,65,68,24,41
1,<environment.Job instance at 0x14e903bda0a0>,29,3,[2 6],42,65,68,23,42
1,<environment.Job instance at 0x14e903e15410>,30,2,[7 2],44,68,70,24,44
1,<environment.Job instance at 0x14e903bda370>,31,2,[10  1],45,70,72,25,45
1,<environment.Job instance at 0x14e903e17640>,32,2,[2 7],46,68,70,22,46
1,<environment.Job instance at 0x14e903e17730>,33,14,[2 7],47,72,86,25,57
1,<environment.Job instance at 0x14e903e17be0>,37,2,[5 2],51,72,74,21,57
1,<environment.Job instance at 0x14e906e85640>,38,2,[1 9],53,86,88,33,59
1,<environment.Job instance at 0x14e906e85dc0>,39,2,[1 7],55,88,90,33,61
1,<environment.Job instance at 0x14e906e85d70>,40,3,[9 1],56,86,89,30,61
1,<environment.Job instance at 0x14e906e85c30>,41,12,[1 6],57,90,102,33,73
1,<environment.Job instance at 0x14e9124e9e60>,52,3,[5 2],70,74,77,4,73
1,<environment.Job instance at 0x14e9124e9a50>,53,1,[6 2],71,77,78,6,73
1,<environment.Job instance at 0x14e9124e9fa0>,55,18,[1 6],74,102,120,28,96
1,<environment.Job instance at 0x14e907f0bb90>,60,2,[1 9],79,120,122,41,96
1,<environment.Job instance at 0x14e907f0ba00>,61,3,[1 8],80,122,125,42,96
1,<environment.Job instance at 0x14e95a03cdc0>,68,3,[6 2],94,98,101,4,98
1,<environment.Job instance at 0x14e906fdfc30>,69,3,[7 1],97,101,104,4,98
1,<environment.Job instance at 0x14e906fdfe10>,70,3,[10  2],98,125,128,27,99
1,<environment.Job instance at 0x14e904ba8320>,72,17,[1 8],101,128,145,27,116
1,<environment.Job instance at 0x14e948f7ae10>,75,2,[10  2],105,145,147,40,118
1,<environment.Job instance at 0x14e904ba8be0>,77,12,[1 9],108,147,159,39,130
1,<environment.Job instance at 0x14e907a7f8c0>,79,1,[6 2],112,131,132,19,131
1,<environment.Job instance at 0x14e907a7f2d0>,81,1,[10  1],114,159,160,45,132
1,<environment.Job instance at 0x14e907a7f640>,82,1,[1 5],115,160,161,45,132
1,<environment.Job instance at 0x14e907a7f460>,83,18,[ 2 10],116,161,179,45,150
1,<environment.Job instance at 0x14e907a7f190>,85,1,[5 2],119,160,161,41,150
1,<environment.Job instance at 0x14e907a7f730>,86,16,[ 1 10],120,179,195,59,179
1,<environment.Job instance at 0x14e907a7f690>,95,13,[5 2],131,195,208,64,185
1,<environment.Job instance at 0x14e9037bcf00>,96,16,[6 2],132,208,224,76,195
1,<environment.Job instance at 0x14e9037bc5a0>,98,3,[8 2],135,224,227,89,198
1,<environment.Job instance at 0x14e906f81aa0>,112,14,[2 9],154,227,241,73,216
1,<environment.Job instance at 0x14e904359460>,122,16,[2 5],168,245,261,77,245
1,<environment.Job instance at 0x14e903e17190>,36,17,[6 2],50,263,280,213,263
1,<environment.Job instance at 0x14e906f81820>,111,20,[8 2],153,299,319,146,299
1,<environment.Job instance at 0x14e903a7f960>,1,3,[8 2],2,2,5,0,2
1,<environment.Job instance at 0x14e903d5df50>,2,1,[2 6],4,4,5,0,4
1,<environment.Job instance at 0x14e906f81820>,3,3,[6 2],5,5,8,0,5
1,<environment.Job instance at 0x14e903a62b40>,4,2,[5 1],7,10,12,3,10
1,<environment.Job instance at 0x14e903891e10>,6,1,[7 2],11,15,16,4,15
1,<environment.Job instance at 0x14e9038911e0>,9,2,[2 6],16,17,19,1,17
1,<environment.Job instance at 0x14e9480569b0>,14,1,[8 2],22,22,23,0,22
1,<environment.Job instance at 0x14e904de5cd0>,15,2,[9 1],23,23,25,0,23
1,<environment.Job instance at 0x14e903a620a0>,7,1,[1 8],13,24,25,11,24
1,<environment.Job instance at 0x14e903faafa0>,5,16,[6 2],8,25,41,17,24
1,<environment.Job instance at 0x14e906df5320>,17,14,[8 1],25,41,55,16,27
1,<environment.Job instance at 0x14e906df52d0>,19,3,[5 2],27,55,58,28,29
1,<environment.Job instance at 0x14e907f13370>,20,3,[2 8],29,29,32,0,29
1,<environment.Job instance at 0x14e907a62f50>,18,2,[7 2],26,58,60,32,32
1,<environment.Job instance at 0x14e906e1dd20>,22,15,[6 2],34,60,75,26,46
1,<environment.Job instance at 0x14e906ddd280>,28,2,[1 7],41,46,48,5,46
1,<environment.Job instance at 0x14e903f82eb0>,29,2,[10  1],42,75,77,33,48
1,<environment.Job instance at 0x14e907bda320>,31,3,[10  1],45,77,80,32,51
1,<environment.Job instance at 0x14e907bda780>,32,1,[8 1],46,80,81,34,52
1,<environment.Job instance at 0x14e948094b90>,34,1,[10  1],48,81,82,33,55
1,<environment.Job instance at 0x14e948094500>,36,3,[6 2],50,82,85,32,56
1,<environment.Job instance at 0x14e9480940a0>,38,1,[1 6],52,60,61,8,60
1,<environment.Job instance at 0x14e906ed7640>,41,1,[ 1 10],55,85,86,30,66
1,<environment.Job instance at 0x14e906ed7f50>,42,1,[1 8],56,66,67,10,66
1,<environment.Job instance at 0x14e903739410>,43,1,[7 2],57,86,87,29,69
1,<environment.Job instance at 0x14e907186f00>,21,15,[5 1],32,87,102,55,80
1,<environment.Job instance at 0x14e907f15f50>,16,16,[1 7],24,90,106,66,90
1,<environment.Job instance at 0x14e9119ef410>,50,2,[9 2],66,102,104,36,90
1,<environment.Job instance at 0x14e9035a22d0>,51,1,[ 1 10],68,106,107,38,90
1,<environment.Job instance at 0x14e90371fb90>,52,18,[10  1],71,107,125,36,96
1,<environment.Job instance at 0x14e90372dc30>,61,3,[10  2],81,125,128,44,99
1,<environment.Job instance at 0x14e906ce7870>,66,12,[1 9],91,157,169,66,157
1,<environment.Job instance at 0x14e904221d70>,76,13,[10  1],108,244,257,136,244
1,<environment.Job instance at 0x14e91252f280>,96,18,[2 8],132,299,317,167,299
1,<environment.Job instance at 0x14e903f2c960>,104,1,[2 5],146,317,318,171,305
1,<environment.Job instance at 0x14e903f2ca50>,105,1,[ 1 10],147,318,319,171,306
1,<environment.Job instance at 0x14e903f2caf0>,106,16,[2 7],148,319,335,171,310
1,<environment.Job instance at 0x14e91245f780>,110,3,[1 6],159,335,338,176,317
1,<environment.Job instance at 0x14e91245fb40>,112,15,[ 1 10],164,338,353,174,324
1,<environment.Job instance at 0x14e91245fd70>,115,3,[5 1],167,328,331,161,328
1,<environment.Job instance at 0x14e91245f190>,116,3,[1 7],168,353,356,185,328
1,<environment.Job instance at 0x14e91245f320>,113,14,[10  1],165,356,370,191,346
1,<environment.Job instance at 0x14e9037390f0>,3,2,[2 6],4,5,7,1,5
1,<environment.Job instance at 0x14e911937aa0>,5,1,[1 7],6,7,8,1,6
1,<environment.Job instance at 0x14e904335050>,7,2,[1 9],10,10,12,0,10
1,<environment.Job instance at 0x14e904335b90>,8,1,[6 2],11,12,13,1,11
1,<environment.Job instance at 0x14e904335b40>,9,2,[1 8],12,12,14,0,12
1,<environment.Job instance at 0x14e906e38410>,10,2,[2 6],14,14,16,0,14
1,<environment.Job instance at 0x14e903f31c30>,12,2,[9 1],16,16,18,0,16
1,<environment.Job instance at 0x14e904335280>,14,3,[2 5],18,18,21,0,18
1,<environment.Job instance at 0x14e9487d19b0>,15,2,[2 5],19,19,21,0,19
1,<environment.Job instance at 0x14e903a2ebe0>,17,1,[2 9],21,21,22,0,21
1,<environment.Job instance at 0x14e9119190a0>,18,2,[8 1],22,23,25,1,23
1,<environment.Job instance at 0x14e91011e3c0>,21,3,[8 2],25,28,31,3,28
1,<environment.Job instance at 0x14e90354daa0>,20,13,[6 1],24,31,44,7,28
1,<environment.Job instance at 0x14e907b6b370>,26,3,[7 2],30,44,47,14,32
1,<environment.Job instance at 0x14e907f13c30>,29,18,[ 2 10],36,47,65,11,37
1,<environment.Job instance at 0x14e907f132d0>,32,1,[10  1],40,65,66,25,40
1,<environment.Job instance at 0x14e907f13500>,33,2,[1 7],41,41,43,0,41
1,<environment.Job instance at 0x14e905649aa0>,34,2,[8 1],44,66,68,22,44
1,<environment.Job instance at 0x14e9056493c0>,35,3,[2 7],46,66,69,20,46
1,<environment.Job instance at 0x14e903cdc640>,36,3,[7 2],47,68,71,21,47
1,<environment.Job instance at 0x14e904177960>,37,3,[2 8],48,69,72,21,48
1,<environment.Job instance at 0x14e91003ad20>,38,3,[1 7],50,72,75,22,50
1,<environment.Job instance at 0x14e91003a370>,39,1,[1 7],51,75,76,24,51
1,<environment.Job instance at 0x14e91003ae60>,40,17,[1 7],52,76,93,24,64
1,<environment.Job instance at 0x14e9037eeaa0>,47,1,[9 1],60,72,73,12,64
1,<environment.Job instance at 0x14e903c248c0>,48,3,[2 6],62,93,96,31,67
1,<environment.Job instance at 0x14e903f22aa0>,50,3,[8 2],65,73,76,8,67
1,<environment.Job instance at 0x14e907167a50>,51,1,[2 8],66,96,97,30,68
1,<environment.Job instance at 0x14e904acbb40>,52,3,[1 8],67,97,100,30,71
1,<environment.Job instance at 0x14e9119ef690>,53,3,[10  1],69,100,103,31,74
1,<environment.Job instance at 0x14e9119ef230>,54,1,[8 2],70,76,77,6,74
1,<environment.Job instance at 0x14e907f0a1e0>,55,3,[1 7],71,103,106,32,77
1,<environment.Job instance at 0x14e907f0a730>,56,1,[2 7],72,106,107,34,78
1,<environment.Job instance at 0x14e907f0a410>,57,3,[1 5],73,107,110,34,81
1,<environment.Job instance at 0x14e907f0a460>,58,2,[6 1],74,81,83,7,81
1,<environment.Job instance at 0x14e9487c78c0>,59,1,[7 1],76,83,84,7,81
1,<environment.Job instance at 0x14e90354dbe0>,19,17,[5 1],23,103,120,80,97
1,<environment.Job instance at 0x14e9042262d0>,65,3,[7 2],85,97,100,12,97
1,<environment.Job instance at 0x14e903891e60>,60,14,[7 1],77,120,134,43,105
1,<environment.Job instance at 0x14e904226280>,68,1,[7 2],88,134,135,46,106
1,<environment.Job instance at 0x14e907f5b5f0>,69,2,[7 1],89,135,137,46,108
1,<environment.Job instance at 0x14e907f5b0a0>,71,3,[7 1],91,137,140,46,117
1,<environment.Job instance at 0x14e907f5b780>,72,2,[9 1],92,140,142,48,117
1,<environment.Job instance at 0x14e907f5b3c0>,73,14,[1 8],93,117,131,24,117
1,<environment.Job instance at 0x14e904226f50>,66,17,[5 2],86,142,159,56,130
1,<environment.Job instance at 0x14e904adbe60>,92,1,[9 1],121,159,160,38,131
1,<environment.Job instance at 0x14e904adbc30>,93,2,[1 5],125,131,133,6,131
1,<environment.Job instance at 0x14e904adbf50>,94,21,[1 8],127,133,154,6,132
1,<environment.Job instance at 0x14e904adba50>,95,13,[10  2],129,160,173,31,144
1,<environment.Job instance at 0x14e907f60230>,99,3,[10  1],133,173,176,40,147
1,<environment.Job instance at 0x14e907f605a0>,100,1,[1 9],135,159,160,24,147
1,<environment.Job instance at 0x14e907f60550>,101,15,[9 1],136,176,191,40,162
1,<environment.Job instance at 0x14e906d3dd20>,109,3,[6 1],148,191,194,43,165
1,<environment.Job instance at 0x14e906d3d960>,110,12,[9 1],150,194,206,44,181
1,<environment.Job instance at 0x14e906d3ddc0>,113,27,[1 8],155,181,208,26,181
1,<environment.Job instance at 0x14e906d3d3c0>,117,3,[8 2],162,206,209,44,181
1,<environment.Job instance at 0x14e906ff2b90>,118,1,[2 5],163,208,209,45,181
1,<environment.Job instance at 0x14e906ff2d20>,119,1,[2 8],164,209,210,45,181
1,<environment.Job instance at 0x14e907f5baa0>,75,15,[ 2 10],95,1629,1644,1534,1629
1,<environment.Job instance at 0x150c7a0dfb40>,0,17,[ 1 10],3,3,20,0,3
1,<environment.Job instance at 0x150c7a0dfa50>,3,2,[1 7],6,20,22,14,9
1,<environment.Job instance at 0x150c24bb48c0>,8,13,[ 2 10],11,22,35,11,11
1,<environment.Job instance at 0x150c24bb4d20>,9,2,[ 2 10],12,35,37,23,12
1,<environment.Job instance at 0x150c24bb4190>,7,3,[5 1],10,37,40,27,13
1,<environment.Job instance at 0x150c24bb4a50>,10,3,[7 2],14,40,43,26,20
1,<environment.Job instance at 0x150c24b60be0>,17,3,[6 1],23,43,46,20,29
1,<environment.Job instance at 0x150c24b60140>,18,1,[5 2],25,37,38,12,29
1,<environment.Job instance at 0x150c24b60fa0>,19,3,[8 1],26,46,49,20,30
1,<environment.Job instance at 0x150c24b998c0>,22,3,[2 6],29,38,41,9,30
1,<environment.Job instance at 0x150c24b97af0>,23,3,[7 2],30,49,52,19,32
1,<environment.Job instance at 0x150c24b60c80>,12,3,[6 2],16,52,55,36,44
1,<environment.Job instance at 0x150c24b97eb0>,24,20,[ 1 10],32,55,75,23,54
1,<environment.Job instance at 0x150c2448a280>,30,3,[1 8],41,75,78,34,55
1,<environment.Job instance at 0x150c2448aa50>,31,3,[8 1],42,75,78,33,64
1,<environment.Job instance at 0x150c2448a190>,35,3,[10  2],47,78,81,31,65
1,<environment.Job instance at 0x150c2448a730>,37,2,[2 7],49,81,83,32,67
1,<environment.Job instance at 0x150c24704820>,38,2,[8 2],50,81,83,31,67
1,<environment.Job instance at 0x150c247048c0>,39,14,[2 5],51,83,97,32,73
1,<environment.Job instance at 0x150c244880f0>,44,1,[2 9],57,97,98,40,73
1,<environment.Job instance at 0x150c244884b0>,46,1,[1 7],59,98,99,39,73
1,<environment.Job instance at 0x150c24488dc0>,47,14,[5 1],60,83,97,23,75
1,<environment.Job instance at 0x150c24bb8460>,49,1,[ 1 10],67,99,100,32,75
1,<environment.Job instance at 0x150c24bade60>,50,1,[1 8],68,100,101,32,75
1,<environment.Job instance at 0x150c2448acd0>,32,16,[9 1],43,100,116,57,87
1,<environment.Job instance at 0x150c24baef50>,57,3,[1 9],80,101,104,21,87
1,<environment.Job instance at 0x150c24baeb90>,58,3,[6 1],83,116,119,33,90
1,<environment.Job instance at 0x150c24bae3c0>,60,17,[ 1 10],86,119,136,33,109
1,<environment.Job instance at 0x150c24499fa0>,89,15,[6 2],132,338,353,206,338
1,<environment.Job instance at 0x150c2449cdc0>,105,1,[9 2],159,396,397,237,396
1,<environment.Job instance at 0x150c2449ceb0>,106,14,[5 1],160,401,415,241,401
1,<environment.Job instance at 0x150c2449cf50>,107,2,[7 2],161,415,417,254,401
1,<environment.Job instance at 0x150c2449cf00>,108,3,[1 7],162,401,404,239,401
1,<environment.Job instance at 0x150c2449c0f0>,109,2,[2 8],163,404,406,241,401
1,<environment.Job instance at 0x150c2449cfa0>,110,3,[1 5],164,406,409,242,401
1,<environment.Job instance at 0x150c2449f370>,111,15,[1 5],165,409,424,244,401
1,<environment.Job instance at 0x150c2449f460>,112,3,[9 1],167,417,420,250,401
1,<environment.Job instance at 0x150c2449f550>,113,3,[2 7],168,424,427,256,401
1,<environment.Job instance at 0x150c2449f640>,114,2,[ 2 10],170,427,429,257,401
1,<environment.Job instance at 0x150c2449f320>,116,3,[10  2],175,429,432,254,408
1,<environment.Job instance at 0x150c2449f730>,118,12,[10  2],179,432,444,253,416
1,<environment.Job instance at 0x150c2449caf0>,101,15,[9 2],153,498,513,345,498
1,<environment.Job instance at 0x150c2449ca50>,3,17,[1 5],4,4,21,0,4
1,<environment.Job instance at 0x150c24491cd0>,1,1,[1 6],2,21,22,19,5
1,<environment.Job instance at 0x150c319fa550>,5,1,[1 9],6,22,23,16,6
1,<environment.Job instance at 0x150c244b8a50>,6,3,[ 1 10],7,23,26,16,7
1,<environment.Job instance at 0x150c319fa4b0>,7,2,[5 1],9,9,11,0,9
1,<environment.Job instance at 0x150c319fae10>,9,3,[6 2],11,11,14,0,11
1,<environment.Job instance at 0x150c319faa50>,10,1,[ 1 10],12,26,27,14,12
1,<environment.Job instance at 0x150c319fa8c0>,14,3,[ 1 10],17,27,30,10,17
1,<environment.Job instance at 0x150c319faeb0>,8,12,[1 9],10,30,42,20,25
1,<environment.Job instance at 0x150c319fa190>,12,3,[1 8],14,42,45,28,25
1,<environment.Job instance at 0x150c31911f50>,21,3,[2 6],25,45,48,20,28
1,<environment.Job instance at 0x150c319115f0>,27,3,[6 1],43,45,48,2,45
1,<environment.Job instance at 0x150c31911b40>,20,12,[2 6],24,79,91,55,79
1,<environment.Job instance at 0x150c318ffdc0>,33,3,[1 6],52,91,94,39,79
1,<environment.Job instance at 0x150c318ff640>,34,2,[1 6],53,94,96,41,79
1,<environment.Job instance at 0x150c31911d70>,24,3,[9 2],39,91,94,52,79
1,<environment.Job instance at 0x150c318ffcd0>,37,1,[5 1],57,81,82,24,81
1,<environment.Job instance at 0x150c3261fe60>,40,2,[9 2],60,94,96,34,81
1,<environment.Job instance at 0x150c3261f960>,41,2,[6 1],62,84,86,22,84
1,<environment.Job instance at 0x150c3261fa00>,42,1,[10  1],63,96,97,33,84
1,<environment.Job instance at 0x150c3261f780>,43,2,[6 1],64,86,88,22,84
1,<environment.Job instance at 0x150c318ff910>,36,22,[2 7],55,97,119,42,90
1,<environment.Job instance at 0x150c3261ff00>,45,3,[9 1],69,119,122,50,93
1,<environment.Job instance at 0x150c3261f4b0>,46,3,[1 7],70,119,122,49,93
1,<environment.Job instance at 0x150c3261fd20>,47,3,[10  1],71,122,125,51,102
1,<environment.Job instance at 0x150c3261fb90>,51,1,[7 1],79,105,106,26,105
1,<environment.Job instance at 0x150c3261fc80>,52,2,[1 8],81,125,127,44,105
1,<environment.Job instance at 0x150c3252c7d0>,54,3,[10  2],83,127,130,44,105
1,<environment.Job instance at 0x150c3252cdc0>,56,2,[5 2],85,106,108,21,105
1,<environment.Job instance at 0x150c3252ca50>,59,2,[2 7],91,130,132,39,105
1,<environment.Job instance at 0x150c3252c140>,60,3,[ 2 10],93,132,135,39,106
1,<environment.Job instance at 0x150c3252cc80>,61,1,[1 5],94,135,136,41,107
1,<environment.Job instance at 0x150c31cde6e0>,64,2,[5 2],98,108,110,10,107
1,<environment.Job instance at 0x150c31cde870>,65,2,[1 5],99,135,137,36,108
1,<environment.Job instance at 0x150c31cdef00>,66,1,[7 2],100,110,111,10,109
1,<environment.Job instance at 0x150c31cdeb90>,71,1,[6 2],107,111,112,4,109
1,<environment.Job instance at 0x150c31cdee60>,72,3,[2 5],108,136,139,28,110
1,<environment.Job instance at 0x150c31cc4f50>,73,14,[2 5],109,137,151,28,122
1,<environment.Job instance at 0x150c31cc4500>,80,17,[1 9],116,151,168,35,139
1,<environment.Job instance at 0x150c31a13410>,83,1,[8 1],121,139,140,18,139
1,<environment.Job instance at 0x150c31a137d0>,84,13,[5 2],122,168,181,46,154
1,<environment.Job instance at 0x150c31a13c80>,91,14,[ 2 10],132,189,203,57,189
1,<environment.Job instance at 0x150c319a9dc0>,118,1,[8 2],166,203,204,37,189
1,<environment.Job instance at 0x150c319a91e0>,119,3,[10  1],167,204,207,37,189
1,<environment.Job instance at 0x150c319a9f50>,116,14,[ 2 10],164,207,221,43,192
1,<environment.Job instance at 0x150c319f6730>,122,2,[2 8],172,221,223,49,204
1,<environment.Job instance at 0x150c319f6eb0>,123,2,[1 5],173,223,225,50,204
1,<environment.Job instance at 0x150c319f6780>,124,3,[10  2],174,225,228,51,204
1,<environment.Job instance at 0x150c3291e500>,126,3,[2 5],179,228,231,49,204
1,<environment.Job instance at 0x150c319f6870>,120,15,[7 2],169,228,243,59,219
1,<environment.Job instance at 0x150c319fa7d0>,13,18,[ 2 10],16,269,287,253,269
1,<environment.Job instance at 0x150c3261f050>,44,13,[2 9],65,287,300,222,279
1,<environment.Job instance at 0x150c244ae4b0>,0,17,[1 7],2,3,20,1,3
1,<environment.Job instance at 0x150c23d8a690>,8,2,[1 5],16,20,22,4,16
1,<environment.Job instance at 0x150c23d8aaa0>,10,2,[10  1],18,22,24,4,20
1,<environment.Job instance at 0x150c23d8ab40>,12,3,[2 5],22,24,27,2,23
1,<environment.Job instance at 0x150c318cff50>,15,1,[8 1],25,29,30,4,29
1,<environment.Job instance at 0x150c246e1550>,16,1,[9 1],26,51,52,25,51
1,<environment.Job instance at 0x150c23d8a9b0>,9,16,[1 7],17,51,67,34,51
1,<environment.Job instance at 0x150c27b318c0>,18,17,[10  1],28,67,84,39,55
1,<environment.Job instance at 0x150c33fc8050>,24,18,[7 2],41,84,102,43,73
1,<environment.Job instance at 0x150c2570de60>,41,15,[2 6],65,84,99,19,73
1,<environment.Job instance at 0x150c2726e5a0>,42,3,[1 7],66,99,102,33,73
1,<environment.Job instance at 0x150c27d5c870>,36,13,[5 1],59,102,115,43,86
1,<environment.Job instance at 0x150c23d31d20>,50,1,[2 7],76,102,103,26,86
1,<environment.Job instance at 0x150c23e34910>,52,14,[ 1 10],79,115,129,36,100
1,<environment.Job instance at 0x150c23d0ac30>,55,3,[7 1],85,129,132,44,103
1,<environment.Job instance at 0x150c23d0a960>,56,3,[10  2],86,132,135,46,106
1,<environment.Job instance at 0x150c2570d4b0>,43,18,[1 8],67,135,153,68,128
1,<environment.Job instance at 0x150c33fc80a0>,22,22,[1 7],34,188,210,154,188
1,<environment.Job instance at 0x150c23d5b960>,79,14,[10  2],116,210,224,94,203
1,<environment.Job instance at 0x150c23d5b550>,80,1,[2 5],117,224,225,107,204
1,<environment.Job instance at 0x150c23d5b1e0>,82,1,[1 5],119,224,225,105,204
1,<environment.Job instance at 0x150c23dc6140>,83,1,[8 1],122,204,205,82,204
1,<environment.Job instance at 0x150c23dc6dc0>,84,2,[7 1],123,205,207,82,205
1,<environment.Job instance at 0x150c23dc69b0>,85,2,[2 7],124,225,227,101,205
1,<environment.Job instance at 0x150c23d26cd0>,86,1,[5 2],125,207,208,82,207
1,<environment.Job instance at 0x150c23d261e0>,87,1,[1 5],128,227,228,99,207
1,<environment.Job instance at 0x150c23d26780>,88,2,[6 1],129,208,210,79,207
1,<environment.Job instance at 0x150c23e30410>,96,12,[8 2],140,700,712,560,700
1,<environment.Job instance at 0x150c23cd10f0>,1,2,[1 6],2,3,5,1,3
1,<environment.Job instance at 0x150c24b77a50>,5,3,[6 2],7,10,13,3,10
1,<environment.Job instance at 0x150c24b665a0>,8,1,[10  2],11,13,14,2,11
1,<environment.Job instance at 0x150c26f70d20>,9,3,[7 1],13,15,18,2,15
1,<environment.Job instance at 0x150c27181190>,10,3,[2 7],15,16,19,1,16
1,<environment.Job instance at 0x150c23ceec30>,14,3,[2 7],23,23,26,0,23
1,<environment.Job instance at 0x150c23c6b3c0>,12,13,[10  1],20,26,39,6,23
1,<environment.Job instance at 0x150c27c01b40>,16,2,[1 9],26,39,41,13,26
1,<environment.Job instance at 0x150c27c013c0>,17,1,[1 8],27,41,42,14,27
1,<environment.Job instance at 0x150c27c01870>,18,3,[ 1 10],28,42,45,14,28
1,<environment.Job instance at 0x150c27c01a00>,19,2,[1 5],29,45,47,16,31
1,<environment.Job instance at 0x150c2435ffa0>,23,3,[7 2],38,45,48,7,38
1,<environment.Job instance at 0x150c23f10fa0>,24,2,[2 6],40,47,49,7,40
1,<environment.Job instance at 0x150c23f74e10>,25,2,[2 5],42,49,51,7,43
1,<environment.Job instance at 0x150c3252d8c0>,27,1,[1 9],46,51,52,5,46
1,<environment.Job instance at 0x150c2435fe60>,22,17,[9 1],37,51,68,14,47
1,<environment.Job instance at 0x150c3252df50>,29,1,[1 7],48,52,53,4,48
1,<environment.Job instance at 0x150c3261f960>,30,3,[8 1],50,68,71,18,50
1,<environment.Job instance at 0x150c3261f780>,31,3,[2 5],52,68,71,16,52
1,<environment.Job instance at 0x150c3261f550>,32,13,[1 9],54,54,67,0,54
1,<environment.Job instance at 0x150c3261fa50>,33,12,[2 7],56,71,83,15,60
1,<environment.Job instance at 0x150c31a33d20>,37,2,[8 2],61,71,73,10,61
1,<environment.Job instance at 0x150c31a33f00>,38,1,[1 5],62,67,68,5,62
1,<environment.Job instance at 0x150c319f7b40>,39,2,[8 1],63,73,75,10,63
1,<environment.Job instance at 0x150c319f7780>,42,2,[1 9],69,83,85,14,69
1,<environment.Job instance at 0x150c28074aa0>,44,15,[ 1 10],72,85,100,13,72
1,<environment.Job instance at 0x150c28074e60>,45,3,[9 1],73,100,103,27,74
1,<environment.Job instance at 0x150c28074190>,46,3,[7 2],75,75,78,0,75
1,<environment.Job instance at 0x150c319f7fa0>,43,3,[1 7],71,100,103,29,77
1,<environment.Job instance at 0x150c31cdec30>,49,3,[8 1],78,78,81,0,78
1,<environment.Job instance at 0x150c2437f780>,50,3,[2 6],80,103,106,23,80
1,<environment.Job instance at 0x150c28074730>,47,14,[8 2],76,103,117,27,89
1,<environment.Job instance at 0x150c23ef5370>,57,1,[6 2],90,117,118,27,90
1,<environment.Job instance at 0x150c23c8caa0>,58,1,[ 2 10],92,118,119,26,92
1,<environment.Job instance at 0x150c240e60f0>,59,2,[5 2],95,119,121,24,103
1,<environment.Job instance at 0x150c240e6aa0>,60,14,[ 1 10],96,121,135,25,106
1,<environment.Job instance at 0x150c26385b90>,69,14,[1 9],108,135,149,27,120
1,<environment.Job instance at 0x150c24158320>,73,1,[6 2],114,149,150,35,128
1,<environment.Job instance at 0x150c24158a00>,74,2,[6 1],115,135,137,20,128
1,<environment.Job instance at 0x150c24158cd0>,75,3,[8 1],117,137,140,20,128
1,<environment.Job instance at 0x150c24158410>,79,14,[1 6],124,149,163,25,134
1,<environment.Job instance at 0x150c23cb7230>,84,3,[1 8],130,163,166,33,137
1,<environment.Job instance at 0x150c26de7690>,66,1,[2 9],104,166,167,62,138
1,<environment.Job instance at 0x150c23cb7d70>,86,2,[7 1],134,140,142,6,138
1,<environment.Job instance at 0x150c23c9b690>,87,1,[2 7],136,167,168,31,139
1,<environment.Job instance at 0x150c23c9b6e0>,88,2,[1 6],137,168,170,31,141
1,<environment.Job instance at 0x150c23c9b9b0>,89,3,[8 2],138,150,153,12,141
1,<environment.Job instance at 0x150c23cddbe0>,90,2,[7 1],140,142,144,2,141
1,<environment.Job instance at 0x150c23cddd20>,91,18,[7 1],141,153,171,12,143
1,<environment.Job instance at 0x150c23c4bf00>,93,12,[5 1],147,171,183,24,164
1,<environment.Job instance at 0x150c26e6a820>,103,3,[1 8],162,170,173,8,164
1,<environment.Job instance at 0x150c26e6a960>,104,2,[10  2],163,183,185,20,164
1,<environment.Job instance at 0x150c26e6a6e0>,107,17,[2 8],167,2331,2348,2164,2331
1,<environment.Job instance at 0x150c26e6a690>,2,1,[7 2],4,4,5,0,4
1,<environment.Job instance at 0x150c23e74550>,4,1,[10  1],7,7,8,0,7
1,<environment.Job instance at 0x150c23e74730>,6,15,[5 1],9,9,24,0,9
1,<environment.Job instance at 0x150c23e74050>,8,18,[2 7],11,17,35,6,17
1,<environment.Job instance at 0x150c23fbc780>,16,12,[ 2 10],21,35,47,14,21
1,<environment.Job instance at 0x150c23f8bb90>,17,3,[10  2],22,47,50,25,22
1,<environment.Job instance at 0x150c23f8bfa0>,22,1,[9 2],29,50,51,21,29
1,<environment.Job instance at 0x150c23f8bf50>,23,3,[2 8],30,51,54,21,30
1,<environment.Job instance at 0x150c2401b050>,24,13,[1 6],31,54,67,23,39
1,<environment.Job instance at 0x150c23fb0f50>,34,1,[8 1],41,51,52,10,41
1,<environment.Job instance at 0x150c240034b0>,36,3,[9 1],43,54,57,11,43
1,<environment.Job instance at 0x150c23fb54b0>,37,12,[9 2],44,57,69,13,49
1,<environment.Job instance at 0x150c23fa0e60>,41,15,[7 2],50,69,84,19,55
1,<environment.Job instance at 0x150c23fa0370>,42,1,[7 2],51,84,85,33,56
1,<environment.Job instance at 0x150c23fa0e10>,43,12,[8 2],52,85,97,33,68
1,<environment.Job instance at 0x150c23f63320>,49,12,[2 8],64,69,81,5,68
1,<environment.Job instance at 0x150c23f632d0>,50,3,[10  2],65,97,100,32,71
1,<environment.Job instance at 0x150c23f4fa50>,52,14,[1 5],68,81,95,13,71
1,<environment.Job instance at 0x150c23f4f410>,53,14,[9 2],69,100,114,31,85
1,<environment.Job instance at 0x150c2403db40>,54,1,[2 7],71,95,96,24,85
1,<environment.Job instance at 0x150c2403d0a0>,55,2,[10  2],72,114,116,42,87
1,<environment.Job instance at 0x150c24021320>,56,12,[8 1],74,116,128,42,99
1,<environment.Job instance at 0x150c24021be0>,58,2,[7 1],79,128,130,49,101
1,<environment.Job instance at 0x150c24021410>,59,1,[1 8],80,101,102,21,101
1,<environment.Job instance at 0x150c24021550>,60,18,[1 9],81,116,134,35,105
1,<environment.Job instance at 0x150c24025e60>,66,1,[6 2],91,134,135,43,106
1,<environment.Job instance at 0x150c23e74fa0>,5,15,[1 7],8,134,149,126,122
1,<environment.Job instance at 0x150c24025370>,69,2,[5 2],96,135,137,39,122
1,<environment.Job instance at 0x150c24025f50>,70,2,[10  2],97,149,151,52,122
1,<environment.Job instance at 0x150c7a0df320>,9,1,[8 2],13,14,15,1,14
1,<environment.Job instance at 0x150c26e095f0>,11,2,[1 7],15,15,17,0,15
1,<environment.Job instance at 0x150c31a01f00>,1,16,[ 2 10],3,17,33,14,16
1,<environment.Job instance at 0x150c26e09320>,13,18,[8 2],17,33,51,16,25
1,<environment.Job instance at 0x150c26e09820>,19,2,[2 6],24,35,37,11,35
1,<environment.Job instance at 0x150c24478230>,20,14,[2 5],25,40,54,15,40
1,<environment.Job instance at 0x150c24bb4af0>,21,12,[5 1],26,51,63,25,41
1,<environment.Job instance at 0x150c23d31190>,22,13,[1 7],27,54,67,27,46
1,<environment.Job instance at 0x150c27c7ffa0>,25,13,[1 8],31,67,80,36,59
1,<environment.Job instance at 0x150c27167b90>,31,1,[2 6],43,80,81,37,59
1,<environment.Job instance at 0x150c24036640>,34,3,[6 2],48,63,66,15,59
1,<environment.Job instance at 0x150c263711e0>,36,14,[1 8],51,81,95,30,73
1,<environment.Job instance at 0x150c26371e60>,37,17,[9 1],52,81,98,29,73
1,<environment.Job instance at 0x150c26e09f50>,16,17,[1 9],21,95,112,74,84
1,<environment.Job instance at 0x150c2637c050>,49,3,[7 1],67,98,101,31,84
1,<environment.Job instance at 0x150c2637c280>,50,2,[2 9],69,112,114,43,85
1,<environment.Job instance at 0x150c23cedf50>,51,2,[5 1],70,101,103,31,85
1,<environment.Job instance at 0x150c2707b3c0>,1,1,[9 2],3,5,6,2,5
1,<environment.Job instance at 0x150c26e21f00>,3,2,[7 2],7,12,14,5,12
1,<environment.Job instance at 0x150c326c5820>,8,3,[2 6],12,12,15,0,12
1,<environment.Job instance at 0x150c3199d500>,11,2,[8 2],18,18,20,0,18
1,<environment.Job instance at 0x150c3199d320>,15,18,[9 1],25,26,44,1,26
1,<environment.Job instance at 0x150c23ced550>,4,17,[9 1],8,44,61,36,43
1,<environment.Job instance at 0x150c27076b40>,5,1,[7 2],9,61,62,52,44
1,<environment.Job instance at 0x150c241f8140>,23,3,[7 1],34,62,65,28,44
1,<environment.Job instance at 0x150c23e0c870>,24,17,[1 7],35,53,70,18,53
1,<environment.Job instance at 0x150c3264dc30>,39,18,[1 9],57,70,88,13,61
1,<environment.Job instance at 0x150c23f52780>,42,2,[2 7],61,88,90,27,61
1,<environment.Job instance at 0x150c31a0f0f0>,45,3,[9 1],65,75,78,10,75
1,<environment.Job instance at 0x150c23cdd8c0>,47,3,[1 9],67,90,93,23,75
1,<environment.Job instance at 0x150c23ff6e60>,48,2,[9 2],68,93,95,25,77
1,<environment.Job instance at 0x150c23ff61e0>,49,3,[7 1],69,78,81,9,78
1,<environment.Job instance at 0x150c23ff6e10>,50,3,[2 7],70,95,98,25,78
1,<environment.Job instance at 0x150c26dce820>,51,2,[9 2],71,98,100,27,78
1,<environment.Job instance at 0x150c23efb8c0>,54,1,[1 8],76,93,94,17,82
1,<environment.Job instance at 0x150c23efbe10>,55,14,[1 8],77,98,112,21,86
1,<environment.Job instance at 0x150c271f1a00>,69,1,[10  1],95,112,113,17,97
1,<environment.Job instance at 0x150c271f1c30>,70,1,[5 2],97,97,98,0,97
1,<environment.Job instance at 0x150c270a87d0>,76,3,[1 6],107,113,116,6,110
1,<environment.Job instance at 0x150c270a8230>,77,3,[1 9],108,116,119,8,110
1,<environment.Job instance at 0x150c3264d0f0>,40,16,[2 9],58,141,157,83,141
1,<environment.Job instance at 0x150c24bc0460>,91,17,[10  2],130,157,174,27,150
1,<environment.Job instance at 0x150c2727e8c0>,104,18,[1 9],149,185,203,36,185
1,<environment.Job instance at 0x150c2727e460>,107,18,[5 2],153,203,221,50,196
1,<environment.Job instance at 0x150c2727ee10>,105,12,[1 9],151,221,233,70,204
1,<environment.Job instance at 0x150c2727e140>,113,1,[6 2],161,233,234,72,205
1,<environment.Job instance at 0x150c2727e0a0>,114,2,[1 7],163,205,207,42,205
1,<environment.Job instance at 0x150c2727efa0>,115,17,[5 1],164,207,224,43,205
1,<environment.Job instance at 0x150c2727eaa0>,116,2,[2 8],165,233,235,68,206
1,<environment.Job instance at 0x150c2727e9b0>,117,1,[6 1],166,224,225,58,207
1,<environment.Job instance at 0x150c2727e3c0>,118,3,[8 2],167,234,237,67,208
1,<environment.Job instance at 0x150c2727e4b0>,119,17,[1 8],168,235,252,67,225
1,<environment.Job instance at 0x150c27bd4d70>,124,2,[2 6],174,252,254,78,225
1,<environment.Job instance at 0x150c27bd4190>,126,3,[2 6],177,254,257,77,228
1,<environment.Job instance at 0x150c24bc07d0>,90,2,[2 6],129,286,288,157,286
1,<environment.Job instance at 0x150c243ad140>,0,16,[1 7],1,1,17,0,1
1,<environment.Job instance at 0x150c23c65960>,7,18,[10  1],9,17,35,8,9
1,<environment.Job instance at 0x150c23c651e0>,12,2,[2 6],17,35,37,18,20
1,<environment.Job instance at 0x150c23c4e2d0>,21,1,[10  1],27,37,38,10,27
1,<environment.Job instance at 0x150c240a4820>,22,1,[6 2],28,35,36,7,28
1,<environment.Job instance at 0x150c23c95550>,13,15,[10  2],18,38,53,20,30
1,<environment.Job instance at 0x150c2438d190>,14,2,[6 2],19,53,55,34,37
1,<environment.Job instance at 0x150c23ffb730>,32,1,[2 5],41,53,54,12,41
1,<environment.Job instance at 0x150c23ffb460>,33,2,[ 1 10],42,55,57,13,42
1,<environment.Job instance at 0x150c270661e0>,34,2,[2 8],43,57,59,14,43
1,<environment.Job instance at 0x150c270665a0>,36,2,[6 1],47,57,59,10,47
1,<environment.Job instance at 0x150c28090370>,39,2,[8 2],52,59,61,7,55
1,<environment.Job instance at 0x150c240afb90>,43,2,[8 2],58,61,63,3,58
1,<environment.Job instance at 0x150c240af0f0>,44,1,[7 2],59,63,64,4,59
1,<environment.Job instance at 0x150c6088edc0>,48,2,[10  1],63,64,66,1,63
1,<environment.Job instance at 0x150c6088e9b0>,49,1,[8 2],64,66,67,2,64
1,<environment.Job instance at 0x150c6088ef00>,50,2,[5 1],65,67,69,2,65
1,<environment.Job instance at 0x150c6088e910>,51,2,[6 1],66,69,71,3,66
1,<environment.Job instance at 0x150c6088ee60>,52,3,[6 2],67,71,74,4,67
1,<environment.Job instance at 0x150c6088e050>,53,3,[10  1],68,74,77,6,68
1,<environment.Job instance at 0x150c6088e870>,54,18,[2 7],69,77,95,8,69
1,<environment.Job instance at 0x150c6088ec30>,55,3,[1 7],70,70,73,0,70
1,<environment.Job instance at 0x150c23d556e0>,56,3,[2 7],71,95,98,24,71
1,<environment.Job instance at 0x150c23d55e10>,57,1,[9 1],74,98,99,24,74
1,<environment.Job instance at 0x150c240afa00>,47,17,[7 1],62,77,94,15,75
1,<environment.Job instance at 0x150c23d55aa0>,59,2,[2 8],80,99,101,19,80
1,<environment.Job instance at 0x150c23d55f00>,61,16,[8 1],83,99,115,16,87
1,<environment.Job instance at 0x150c241a2aa0>,67,3,[5 2],90,94,97,4,90
1,<environment.Job instance at 0x150c241a2460>,68,2,[2 9],92,101,103,9,92
1,<environment.Job instance at 0x150c241a26e0>,70,16,[9 1],94,115,131,21,102
1,<environment.Job instance at 0x150c241a2b40>,73,18,[1 6],100,103,121,3,102
1,<environment.Job instance at 0x150c241a2780>,74,2,[10  1],102,131,133,29,107
1,<environment.Job instance at 0x150c23d55960>,64,18,[5 2],86,133,151,47,132
1,<environment.Job instance at 0x150c240b6460>,81,14,[7 1],116,151,165,35,141
1,<environment.Job instance at 0x150c30639780>,90,2,[7 2],132,165,167,33,141
1,<environment.Job instance at 0x150c30639960>,91,2,[2 5],133,141,143,8,141
1,<environment.Job instance at 0x150c30639d70>,92,3,[2 6],134,143,146,9,141
1,<environment.Job instance at 0x150c30639af0>,93,15,[1 6],136,146,161,10,141
1,<environment.Job instance at 0x150c26fe7190>,94,3,[8 2],137,167,170,30,141
1,<environment.Job instance at 0x150c26fe7910>,95,2,[2 7],138,161,163,23,141
1,<environment.Job instance at 0x150c26fe7230>,96,2,[2 8],140,163,165,23,141
1,<environment.Job instance at 0x150c23fb5c30>,97,1,[6 2],142,170,171,28,142
1,<environment.Job instance at 0x150c23fb5370>,99,1,[2 6],144,165,166,21,145
1,<environment.Job instance at 0x150c23fb5d70>,100,2,[ 2 10],145,171,173,26,145
1,<environment.Job instance at 0x150c280b40a0>,109,17,[ 2 10],156,173,190,17,161
1,<environment.Job instance at 0x150c280b4dc0>,112,3,[ 1 10],160,190,193,30,164
1,<environment.Job instance at 0x150c27fa2fa0>,113,1,[1 9],161,193,194,32,165
1,<environment.Job instance at 0x150c27fa2eb0>,114,3,[7 2],162,194,197,32,168
1,<environment.Job instance at 0x150c240b6eb0>,82,18,[9 2],118,197,215,79,197
1,<environment.Job instance at 0x150c27fa2320>,115,15,[7 2],163,1010,1025,847,1010
1,<environment.Job instance at 0x150c2373d230>,1,3,[9 2],7,10,13,3,10
1,<environment.Job instance at 0x150c26f32780>,6,1,[5 2],12,13,14,1,12
1,<environment.Job instance at 0x150c2373d280>,3,14,[5 1],9,13,27,4,12
1,<environment.Job instance at 0x150c31977500>,11,14,[2 6],19,19,33,0,19
1,<environment.Job instance at 0x150c319770f0>,12,2,[ 2 10],20,33,35,13,20
1,<environment.Job instance at 0x150c2373d410>,5,18,[ 2 10],11,35,53,24,24
1,<environment.Job instance at 0x150c24393550>,16,18,[2 7],25,53,71,28,42
1,<environment.Job instance at 0x150c240a7be0>,30,1,[1 5],40,71,72,31,43
1,<environment.Job instance at 0x150c78054050>,31,2,[2 5],41,71,73,30,44
1,<environment.Job instance at 0x150c3187d8c0>,32,3,[8 2],42,53,56,11,44
1,<environment.Job instance at 0x150c293367d0>,33,3,[ 1 10],43,73,76,30,47
1,<environment.Job instance at 0x150c27fa2d70>,34,13,[5 2],44,56,69,12,47
1,<environment.Job instance at 0x150c23d55460>,35,18,[2 8],45,76,94,31,75
1,<environment.Job instance at 0x150c241deeb0>,14,16,[5 2],23,79,95,56,79
1,<environment.Job instance at 0x150c241303c0>,42,15,[1 7],52,94,109,42,81
1,<environment.Job instance at 0x150c24130a00>,45,3,[10  2],56,109,112,53,83
1,<environment.Job instance at 0x150c24130410>,47,1,[2 9],58,112,113,54,84
1,<environment.Job instance at 0x150c24134be0>,48,18,[7 1],59,112,130,53,101
1,<environment.Job instance at 0x150c23c489b0>,64,1,[9 2],86,101,102,15,101
1,<environment.Job instance at 0x150c23c48e10>,65,2,[1 8],88,113,115,25,101
1,<environment.Job instance at 0x150c23c48eb0>,66,1,[1 7],89,115,116,26,101
1,<environment.Job instance at 0x150c23f06370>,67,17,[9 1],95,130,147,35,118
1,<environment.Job instance at 0x150c2719eb40>,75,2,[6 2],104,147,149,43,120
1,<environment.Job instance at 0x150c2719ef00>,76,3,[2 6],105,120,123,15,120
1,<environment.Job instance at 0x150c2719e3c0>,77,1,[1 8],106,123,124,17,120
1,<environment.Job instance at 0x150c2719e5a0>,78,13,[2 7],107,147,160,40,131
1,<environment.Job instance at 0x150c242b12d0>,83,25,[5 2],114,149,174,35,145
1,<environment.Job instance at 0x150c237e1690>,2,2,[2 8],4,4,6,0,4
1,<environment.Job instance at 0x150c242b12d0>,3,3,[1 9],5,6,9,1,5
1,<environment.Job instance at 0x150c237f0960>,0,12,[6 1],1,5,17,4,5
1,<environment.Job instance at 0x150c242b1280>,4,17,[1 7],7,9,26,2,7
1,<environment.Job instance at 0x150c2703c2d0>,7,1,[7 2],13,17,18,4,13
1,<environment.Job instance at 0x150c2703cb90>,8,2,[8 1],14,18,20,4,14
1,<environment.Job instance at 0x150c608b08c0>,5,16,[8 2],10,20,36,10,14
1,<environment.Job instance at 0x150c2703c870>,6,3,[1 5],11,26,29,15,16
1,<environment.Job instance at 0x150c2717c6e0>,11,3,[1 9],17,36,39,19,17
1,<environment.Job instance at 0x150c27c4ba50>,12,2,[2 5],18,29,31,11,18
1,<environment.Job instance at 0x150c24458370>,17,2,[2 7],24,31,33,7,27
1,<environment.Job instance at 0x150c27c4b280>,10,21,[7 1],16,36,57,20,31
1,<environment.Job instance at 0x150c26ea7320>,21,3,[1 8],33,33,36,0,33
1,<environment.Job instance at 0x150c325eea00>,23,2,[5 2],35,57,59,22,37
1,<environment.Job instance at 0x150c27d4f6e0>,24,3,[8 1],37,59,62,22,37
1,<environment.Job instance at 0x150c319a6140>,25,2,[6 1],38,62,64,24,40
1,<environment.Job instance at 0x150c26ea70f0>,22,17,[7 2],34,64,81,30,56
1,<environment.Job instance at 0x150c271640f0>,37,3,[ 1 10],57,81,84,24,57
1,<environment.Job instance at 0x150c27164c30>,38,2,[9 2],59,84,86,25,59
1,<environment.Job instance at 0x150c27164f00>,39,2,[2 9],62,62,64,0,62
1,<environment.Job instance at 0x150c23c69410>,40,1,[6 1],63,86,87,23,63
1,<environment.Job instance at 0x150c23c69320>,41,2,[1 6],64,64,66,0,64
1,<environment.Job instance at 0x150c23c694b0>,42,12,[2 5],66,66,78,0,66
1,<environment.Job instance at 0x150c28020870>,46,17,[ 2 10],72,87,104,15,77
1,<environment.Job instance at 0x150c280202d0>,47,2,[8 1],73,104,106,31,77
1,<environment.Job instance at 0x150c23cf12d0>,48,2,[1 8],75,78,80,3,77
1,<environment.Job instance at 0x150c23cf18c0>,49,3,[2 8],76,104,107,28,78
1,<environment.Job instance at 0x150c23cf1e10>,50,1,[8 2],77,106,107,29,78
1,<environment.Job instance at 0x150c27d21a00>,51,1,[2 7],80,80,81,0,80
1,<environment.Job instance at 0x150c27d21e10>,52,3,[5 2],81,107,110,26,81
1,<environment.Job instance at 0x150c27d215a0>,53,2,[8 2],82,110,112,28,83
1,<environment.Job instance at 0x150c27d217d0>,54,3,[2 5],85,107,110,22,85
1,<environment.Job instance at 0x150c28020550>,45,1,[8 1],71,112,113,41,94
1,<environment.Job instance at 0x150c32600960>,58,3,[1 7],89,110,113,21,94
1,<environment.Job instance at 0x150c32600e10>,59,1,[2 7],93,113,114,20,94
1,<environment.Job instance at 0x150c26f966e0>,61,15,[7 2],95,115,130,20,115
1,<environment.Job instance at 0x150c280dce60>,73,1,[7 2],116,130,131,14,116
1,<environment.Job instance at 0x150c280dc3c0>,74,2,[7 2],117,131,133,14,117
1,<environment.Job instance at 0x150c280dcf00>,75,1,[9 2],119,133,134,14,119
1,<environment.Job instance at 0x150c280dc640>,76,2,[ 1 10],120,134,136,14,120
1,<environment.Job instance at 0x150c280dcc30>,72,13,[10  2],115,136,149,21,120
1,<environment.Job instance at 0x150c26f968c0>,60,13,[8 1],94,149,162,55,133
1,<environment.Job instance at 0x150c7a13d190>,82,17,[1 6],127,149,166,22,137
1,<environment.Job instance at 0x150c241284b0>,91,3,[ 1 10],139,166,169,27,140
1,<environment.Job instance at 0x150c7a025b40>,93,2,[2 9],142,169,171,27,142
1,<environment.Job instance at 0x150c7a025a50>,94,2,[1 9],143,171,173,28,144
1,<environment.Job instance at 0x150c24128280>,92,13,[1 7],141,173,186,32,157
1,<environment.Job instance at 0x150c243ca820>,104,1,[1 8],158,186,187,28,158
1,<environment.Job instance at 0x150c243caeb0>,96,16,[7 2],145,179,195,34,179
1,<environment.Job instance at 0x150c27c7ddc0>,116,2,[2 7],174,187,189,13,179
1,<environment.Job instance at 0x150c27c7de10>,117,2,[2 9],175,195,197,20,179
1,<environment.Job instance at 0x150c27c7d370>,118,1,[2 7],176,189,190,13,179
1,<environment.Job instance at 0x150c27c7df00>,119,2,[8 1],177,195,197,18,179
1,<environment.Job instance at 0x150c27c7db90>,115,16,[5 2],173,249,265,76,249
1,<environment.Job instance at 0x150c280dc410>,71,15,[ 1 10],114,298,313,184,298
1,<environment.Job instance at 0x150c23f869b0>,0,16,[9 1],1,3,19,2,3
1,<environment.Job instance at 0x150c23a88d70>,1,2,[2 9],3,19,21,16,3
1,<environment.Job instance at 0x150c23f86b40>,4,2,[10  2],7,21,23,14,11
1,<environment.Job instance at 0x150c23fefdc0>,8,3,[ 2 10],13,23,26,10,13
1,<environment.Job instance at 0x150c24003280>,10,1,[8 2],15,26,27,11,21
1,<environment.Job instance at 0x150c2392d2d0>,16,1,[5 2],25,27,28,2,25
1,<environment.Job instance at 0x150c2392d960>,17,3,[8 2],26,28,31,2,26
1,<environment.Job instance at 0x150c2392de60>,18,17,[ 1 10],28,35,52,7,35
1,<environment.Job instance at 0x150c2392dc30>,20,1,[5 1],30,52,53,22,35
1,<environment.Job instance at 0x150c2392ddc0>,21,3,[2 7],32,52,55,20,35
1,<environment.Job instance at 0x150c2392df50>,22,3,[8 2],34,53,56,19,35
1,<environment.Job instance at 0x150c2392deb0>,23,1,[1 9],35,56,57,21,35
1,<environment.Job instance at 0x150c2431a050>,24,1,[8 1],36,56,57,20,36
1,<environment.Job instance at 0x150c319f0730>,25,2,[ 1 10],40,57,59,17,42
1,<environment.Job instance at 0x150c319f0960>,27,1,[2 6],44,55,56,11,48
1,<environment.Job instance at 0x150c24121280>,31,13,[8 1],49,65,78,16,65
1,<environment.Job instance at 0x150c241a9910>,44,1,[5 1],66,78,79,12,66
1,<environment.Job instance at 0x150c23f860f0>,9,13,[2 8],14,70,83,56,70
1,<environment.Job instance at 0x150c6095f0f0>,51,2,[6 2],77,79,81,2,77
1,<environment.Job instance at 0x150c2392d8c0>,19,15,[1 6],29,83,98,54,77
1,<environment.Job instance at 0x150c326f0d70>,37,17,[6 1],58,82,99,24,82
1,<environment.Job instance at 0x150c23c14a50>,57,1,[2 5],84,98,99,14,84
1,<environment.Job instance at 0x150c608ad190>,58,2,[1 9],85,99,101,14,85
1,<environment.Job instance at 0x150c608ad5a0>,59,15,[8 2],86,101,116,15,87
1,<environment.Job instance at 0x150c24c1baf0>,61,1,[1 5],88,101,102,13,88
1,<environment.Job instance at 0x150c24c1bd70>,62,2,[6 2],89,116,118,27,89
1,<environment.Job instance at 0x150c24c1b050>,63,3,[10  1],90,118,121,28,92
1,<environment.Job instance at 0x150c24c1bb90>,64,2,[7 2],92,121,123,29,94
1,<environment.Job instance at 0x150c33fc8320>,65,1,[9 2],94,123,124,29,98
1,<environment.Job instance at 0x150c319a6910>,67,3,[2 5],97,102,105,5,98
1,<environment.Job instance at 0x150c319a6190>,68,17,[9 2],99,130,147,31,130
1,<environment.Job instance at 0x150c2383a500>,86,3,[5 1],129,147,150,18,131
1,<environment.Job instance at 0x150c2383a730>,87,1,[ 1 10],130,150,151,20,131
1,<environment.Job instance at 0x150c2383a640>,88,3,[1 7],131,131,134,0,131
1,<environment.Job instance at 0x150c239321e0>,89,3,[5 2],133,147,150,14,133
1,<environment.Job instance at 0x150c23932f50>,91,3,[1 7],136,136,139,0,136
1,<environment.Job instance at 0x150c23932500>,92,2,[2 8],138,151,153,13,138
1,<environment.Job instance at 0x150c23a71370>,100,1,[9 1],152,156,157,4,156
1,<environment.Job instance at 0x150c23f61320>,53,16,[2 6],80,168,184,88,168
1,<environment.Job instance at 0x150c23a71320>,103,14,[8 1],157,170,184,13,170
1,<environment.Job instance at 0x150c23a71af0>,107,15,[2 5],162,184,199,22,170
1,<environment.Job instance at 0x150c23a715f0>,108,1,[2 7],163,199,200,36,171
1,<environment.Job instance at 0x150c23a714b0>,109,3,[2 5],164,184,187,20,171
1,<environment.Job instance at 0x150c24b77050>,73,17,[1 8],109,200,217,91,193
1,<environment.Job instance at 0x150c23a71f50>,104,3,[ 1 10],159,217,220,58,207
1,<environment.Job instance at 0x150c23a71f00>,110,15,[1 5],165,220,235,55,207
1,<environment.Job instance at 0x150c2382b870>,114,2,[ 2 10],170,235,237,65,232
1,<environment.Job instance at 0x150c272983c0>,1,3,[1 5],2,2,5,0,2
1,<environment.Job instance at 0x150c242e07d0>,3,1,[ 2 10],8,8,9,0,8
1,<environment.Job instance at 0x150c23b8db40>,4,2,[1 8],9,9,11,0,9
1,<environment.Job instance at 0x150c31996c80>,6,2,[6 1],12,12,14,0,12
1,<environment.Job instance at 0x150c23bac0f0>,7,3,[2 5],13,13,16,0,13
1,<environment.Job instance at 0x150c242e0280>,10,17,[1 8],18,484,501,466,484
1,<environment.Job instance at 0x150c270e8c30>,9,12,[7 2],17,577,589,560,577
1,<environment.Job instance at 0x150c27260730>,110,17,[7 2],179,747,764,568,747
1,<environment.Job instance at 0x150c2398e410>,0,1,[2 8],1,2,3,1,2
1,<environment.Job instance at 0x150c2389d6e0>,5,2,[ 1 10],11,11,13,0,11
1,<environment.Job instance at 0x150c2389da00>,6,16,[1 5],12,13,29,1,12
1,<environment.Job instance at 0x150c2389d5a0>,7,3,[8 2],13,13,16,0,13
1,<environment.Job instance at 0x150c2389d320>,8,2,[2 9],15,29,31,14,15
1,<environment.Job instance at 0x150c2389d3c0>,10,13,[10  2],17,56,69,39,56
1,<environment.Job instance at 0x150c246dd050>,23,14,[9 2],37,69,83,32,59
1,<environment.Job instance at 0x150c246dd780>,29,13,[ 2 10],43,121,134,78,121
1,<environment.Job instance at 0x150c2389d140>,2,15,[2 9],7,147,162,140,147
1,<environment.Job instance at 0x150c237bb7d0>,43,14,[7 2],63,162,176,99,153
1,<environment.Job instance at 0x150c2386eaa0>,44,3,[6 2],66,176,179,110,153
1,<environment.Job instance at 0x150c2386ed70>,45,2,[2 7],67,162,164,95,155
1,<environment.Job instance at 0x150c2386efa0>,46,3,[2 5],69,164,167,95,158
1,<environment.Job instance at 0x150c2386e9b0>,47,2,[5 2],71,179,181,108,158
1,<environment.Job instance at 0x150c2386e0a0>,48,3,[9 1],74,181,184,107,159
1,<environment.Job instance at 0x150c2386e8c0>,49,1,[7 1],75,160,161,85,160
1,<environment.Job instance at 0x150c2386ee10>,53,1,[9 1],79,184,185,105,160
1,<environment.Job instance at 0x150c2386e1e0>,54,2,[8 2],80,185,187,105,160
1,<environment.Job instance at 0x150c2386e870>,55,2,[2 5],82,167,169,85,160
1,<environment.Job instance at 0x150c31cebfa0>,56,3,[2 6],83,169,172,86,160
1,<environment.Job instance at 0x150c31ceb3c0>,57,14,[2 6],84,185,199,101,170
1,<environment.Job instance at 0x150c31ceb410>,58,2,[1 9],86,181,183,95,170
1,<environment.Job instance at 0x150c23752780>,59,1,[8 2],87,187,188,100,170
1,<environment.Job instance at 0x150c237521e0>,60,15,[2 6],88,199,214,111,190
1,<environment.Job instance at 0x150c23f55550>,74,15,[8 1],104,193,208,89,193
1,<environment.Job instance at 0x150c240c7500>,6,2,[9 1],10,11,13,1,11
1,<environment.Job instance at 0x150c25711960>,10,3,[8 1],15,21,24,6,21
1,<environment.Job instance at 0x150c23f55960>,3,19,[ 1 10],5,24,43,19,23
1,<environment.Job instance at 0x150c25711c30>,16,2,[1 6],24,43,45,19,24
1,<environment.Job instance at 0x150c25711a00>,18,3,[7 1],29,43,46,14,29
1,<environment.Job instance at 0x150c240dcf50>,20,1,[2 6],31,45,46,14,31
1,<environment.Job instance at 0x150c240dc690>,21,3,[8 1],33,46,49,13,33
1,<environment.Job instance at 0x150c240dc140>,22,15,[2 5],35,46,61,11,35
1,<environment.Job instance at 0x150c240dc230>,23,1,[9 1],36,61,62,25,36
1,<environment.Job instance at 0x150c240dc870>,24,15,[10  2],37,62,77,25,48
1,<environment.Job instance at 0x150c240dcb40>,28,2,[9 1],41,77,79,36,50
1,<environment.Job instance at 0x150c240dcdc0>,29,2,[1 6],42,77,79,35,50
1,<environment.Job instance at 0x150c3265bdc0>,39,17,[1 9],55,79,96,24,67
1,<environment.Job instance at 0x150c3265b0f0>,40,1,[7 2],56,96,97,40,68
1,<environment.Job instance at 0x150c24225460>,30,15,[8 2],43,109,124,66,109
1,<environment.Job instance at 0x150c32571140>,63,1,[7 1],97,124,125,27,109
1,<environment.Job instance at 0x150c24b62c30>,65,1,[10  2],100,145,146,45,145
1,<environment.Job instance at 0x150c24b62410>,66,3,[2 5],101,146,149,45,145
1,<environment.Job instance at 0x150c24b62460>,67,1,[ 1 10],102,149,150,47,145
1,<environment.Job instance at 0x150c24b62be0>,68,2,[9 1],103,150,152,47,145
1,<environment.Job instance at 0x150c24b62280>,69,2,[7 2],104,146,148,42,145
1,<environment.Job instance at 0x150c24b7a8c0>,70,3,[8 1],105,152,155,47,145
1,<environment.Job instance at 0x150c24b7a780>,73,3,[7 2],108,155,158,47,145
1,<environment.Job instance at 0x150c26fe7870>,74,2,[1 7],109,150,152,41,145
1,<environment.Job instance at 0x150c26fe79b0>,78,3,[2 9],115,158,161,43,158
1,<environment.Job instance at 0x150c26fe7190>,79,1,[5 2],116,161,162,45,158
1,<environment.Job instance at 0x150c24b7a3c0>,71,18,[ 1 10],106,162,180,56,158
1,<environment.Job instance at 0x150c26fe7a50>,81,2,[5 1],119,158,160,39,158
1,<environment.Job instance at 0x150c26fe7f00>,82,22,[10  2],120,180,202,60,173
1,<environment.Job instance at 0x150c26fe7960>,90,12,[1 7],136,202,214,66,185
1,<environment.Job instance at 0x150c26fe77d0>,83,17,[5 1],122,202,219,80,190
1,<environment.Job instance at 0x150c240f4b40>,96,2,[9 2],143,219,221,76,192
1,<environment.Job instance at 0x150c240f4960>,97,2,[5 1],144,214,216,70,192
1,<environment.Job instance at 0x150c240f4a00>,98,18,[7 1],145,221,239,76,210
1,<environment.Job instance at 0x150c23a76cd0>,108,22,[1 8],160,216,238,56,210
1,<environment.Job instance at 0x150c23ac9140>,109,2,[5 1],162,239,241,77,212
1,<environment.Job instance at 0x150c23c926e0>,112,1,[7 1],167,241,242,74,213
1,<environment.Job instance at 0x150c26fe7e10>,91,14,[10  2],137,242,256,105,227
1,<environment.Job instance at 0x150c240dcd70>,26,12,[6 1],39,323,335,284,323
1,<environment.Job instance at 0x150c2710e370>,122,17,[1 8],179,340,357,161,340
1,<environment.Job instance at 0x150c25711b90>,13,21,[5 2],18,360,381,342,360
1,<environment.Job instance at 0x150c27d31910>,0,16,[8 2],1,3,19,2,3
1,<environment.Job instance at 0x150c27d31b40>,1,1,[8 2],3,19,20,16,3
1,<environment.Job instance at 0x150c23879be0>,9,1,[5 1],13,20,21,7,13
1,<environment.Job instance at 0x150c2707ab40>,12,17,[9 1],16,21,38,5,19
1,<environment.Job instance at 0x150c23a719b0>,15,3,[1 9],20,20,23,0,20
1,<environment.Job instance at 0x150c239350f0>,16,1,[5 1],21,38,39,17,21
1,<environment.Job instance at 0x150c23879b40>,11,3,[10  1],15,39,42,24,21
1,<environment.Job instance at 0x150c2382b870>,19,2,[2 9],25,42,44,17,26
1,<environment.Job instance at 0x150c24c70f00>,20,3,[2 5],27,44,47,17,35
1,<environment.Job instance at 0x150c243c34b0>,21,18,[2 5],29,942,960,913,942
1,<environment.Job instance at 0x150c243c3460>,23,3,[8 2],31,1092,1095,1061,1092
1,<environment.Job instance at 0x150c23d833c0>,24,1,[9 2],32,1616,1617,1584,1616
1,<environment.Job instance at 0x150c23d83af0>,22,18,[ 1 10],30,2127,2145,2097,2127
1,<environment.Job instance at 0x150c23d839b0>,25,18,[2 7],33,2163,2181,2130,2163
1,<environment.Job instance at 0x150c23a73690>,40,3,[7 1],53,2182,2185,2129,2182
1,<environment.Job instance at 0x150c23a73b40>,35,25,[2 5],47,2338,2363,2291,2338
1,<environment.Job instance at 0x150c23a73410>,42,2,[6 2],57,2358,2360,2301,2358
1,<environment.Job instance at 0x150c23a73550>,43,3,[8 2],58,2438,2441,2380,2438
1,<environment.Job instance at 0x150c23a73190>,44,2,[2 5],59,2485,2487,2426,2485
1,<environment.Job instance at 0x150c23a73d20>,45,2,[7 2],60,2506,2508,2446,2506
1,<environment.Job instance at 0x150c23a88960>,46,3,[2 5],62,2757,2760,2695,2757
1,<environment.Job instance at 0x150c23a88af0>,47,3,[5 2],64,2858,2861,2794,2858
1,<environment.Job instance at 0x150c23fe6e10>,0,20,[1 7],2,2,22,0,2
1,<environment.Job instance at 0x150c24bd1b40>,4,14,[ 2 10],6,22,36,16,7
1,<environment.Job instance at 0x150c239c5780>,5,2,[7 1],8,8,10,0,8
1,<environment.Job instance at 0x150c239c5fa0>,6,1,[1 7],9,36,37,27,9
1,<environment.Job instance at 0x150c239c5dc0>,7,2,[7 1],10,10,12,0,10
1,<environment.Job instance at 0x150c23fd0e10>,8,1,[5 1],11,12,13,1,11
1,<environment.Job instance at 0x150c23fd04b0>,9,3,[1 7],12,37,40,25,12
1,<environment.Job instance at 0x150c239c5b90>,10,1,[9 1],16,16,17,0,16
1,<environment.Job instance at 0x150c24bd1b90>,3,3,[6 1],5,36,39,31,20
1,<environment.Job instance at 0x150c24238230>,15,2,[9 1],23,39,41,16,24
1,<environment.Job instance at 0x150c32603d70>,20,3,[2 7],28,153,156,125,153
1,<environment.Job instance at 0x150c26e619b0>,21,3,[9 2],29,156,159,127,153
1,<environment.Job instance at 0x150c32603af0>,19,17,[6 1],27,159,176,132,156
1,<environment.Job instance at 0x150c32603780>,22,17,[6 2],35,176,193,141,166
1,<environment.Job instance at 0x150c3264b0a0>,32,1,[8 1],50,193,194,143,166
1,<environment.Job instance at 0x150c246e8140>,33,1,[1 8],51,166,167,115,166
1,<environment.Job instance at 0x150c246e89b0>,36,1,[1 9],55,169,170,114,169
1,<environment.Job instance at 0x150c24288500>,37,17,[1 5],56,170,187,114,169
1,<environment.Job instance at 0x150c2401aa00>,34,13,[1 7],53,187,200,134,172
1,<environment.Job instance at 0x150c23f09f00>,39,2,[6 2],62,194,196,132,172
1,<environment.Job instance at 0x150c23f09870>,40,3,[1 5],63,200,203,137,174
1,<environment.Job instance at 0x150c23f09410>,41,1,[1 6],64,203,204,139,183
1,<environment.Job instance at 0x150c238e2dc0>,48,1,[2 5],78,200,201,122,184
1,<environment.Job instance at 0x150c238e23c0>,50,13,[2 7],80,204,217,124,195
1,<environment.Job instance at 0x150c238e2640>,51,2,[7 1],81,196,198,115,195
1,<environment.Job instance at 0x150c238e2af0>,52,1,[2 7],84,217,218,133,195
1,<environment.Job instance at 0x150c238e2e60>,54,1,[1 7],86,218,219,132,196
1,<environment.Job instance at 0x150c2380d410>,55,3,[1 7],87,219,222,132,196
1,<environment.Job instance at 0x150c2380d230>,56,3,[6 1],88,201,204,113,196
1,<environment.Job instance at 0x150c238e28c0>,53,18,[9 2],85,218,236,133,211
1,<environment.Job instance at 0x150c242f8370>,63,14,[1 6],100,222,236,122,211
1,<environment.Job instance at 0x150c242f8690>,67,3,[10  1],105,236,239,131,211
1,<environment.Job instance at 0x150c32687320>,57,15,[1 9],89,239,254,150,233
1,<environment.Job instance at 0x150c242f8c30>,75,1,[1 8],115,254,255,139,233
1,<environment.Job instance at 0x150c242f8550>,79,2,[5 2],119,254,256,135,233
1,<environment.Job instance at 0x150c26e77370>,80,2,[7 1],120,239,241,119,233
1,<environment.Job instance at 0x150c26e770f0>,83,1,[6 1],123,241,242,118,233
1,<environment.Job instance at 0x150c26e77910>,85,3,[1 6],125,255,258,130,233
1,<environment.Job instance at 0x150c26e77a00>,86,1,[8 2],127,256,257,129,233
1,<environment.Job instance at 0x150c26e77b90>,88,3,[2 5],132,258,261,126,233
1,<environment.Job instance at 0x150c26e772d0>,91,1,[1 5],137,258,259,121,233
1,<environment.Job instance at 0x150c26e77410>,92,1,[2 9],139,261,262,122,233
1,<environment.Job instance at 0x150c26e77280>,93,14,[8 2],140,262,276,122,254
1,<environment.Job instance at 0x150c24032cd0>,103,2,[ 1 10],154,276,278,122,254
1,<environment.Job instance at 0x150c24032460>,104,3,[5 1],155,259,262,104,254
1,<environment.Job instance at 0x150c24032f50>,107,2,[9 1],159,278,280,119,254
1,<environment.Job instance at 0x150c240327d0>,106,12,[9 2],157,567,579,410,567
1,<environment.Job instance at 0x150c2401a820>,4,1,[2 6],8,8,9,0,8
1,<environment.Job instance at 0x150c236c9a50>,5,14,[6 2],9,16,30,7,16
1,<environment.Job instance at 0x150c27199870>,14,13,[1 8],19,19,32,0,19
1,<environment.Job instance at 0x150c27199730>,15,1,[2 8],20,32,33,12,20
1,<environment.Job instance at 0x150c27199c80>,16,1,[1 5],21,33,34,12,21
1,<environment.Job instance at 0x150c23b7d2d0>,17,2,[2 9],24,34,36,10,27
1,<environment.Job instance at 0x150c271992d0>,20,12,[5 1],27,30,42,3,27
1,<environment.Job instance at 0x150c2401beb0>,22,3,[2 5],30,36,39,6,30
1,<environment.Job instance at 0x150c27d2cbe0>,24,1,[2 9],32,39,40,7,32
1,<environment.Job instance at 0x150c26d9f820>,26,17,[ 1 10],35,42,59,7,35
1,<environment.Job instance at 0x150c31ccc320>,27,1,[5 1],38,40,41,2,38
1,<environment.Job instance at 0x150c2724b9b0>,29,3,[2 5],40,59,62,19,40
1,<environment.Job instance at 0x150c24012320>,30,1,[2 9],41,41,42,0,41
1,<environment.Job instance at 0x150c31cccd20>,28,1,[2 8],39,62,63,23,47
1,<environment.Job instance at 0x150c23bb58c0>,31,18,[1 5],42,63,81,21,53
1,<environment.Job instance at 0x150c3259cbe0>,41,18,[6 2],58,215,233,157,215
1,<environment.Job instance at 0x150c325ef460>,62,18,[1 6],84,259,277,175,259
1,<environment.Job instance at 0x150c325efc30>,65,3,[ 1 10],87,277,280,190,259
1,<environment.Job instance at 0x150c2378b2d0>,66,2,[8 1],88,259,261,171,259
1,<environment.Job instance at 0x150c2378bf50>,68,3,[1 8],90,280,283,190,259
1,<environment.Job instance at 0x150c27118910>,72,2,[1 7],98,283,285,185,261
1,<environment.Job instance at 0x150c2934c3c0>,74,3,[9 1],103,267,270,164,267
1,<environment.Job instance at 0x150c2934cb90>,75,3,[6 2],104,270,273,166,270
1,<environment.Job instance at 0x150c2934cc30>,76,3,[7 1],107,273,276,166,270
1,<environment.Job instance at 0x150c2934c730>,77,3,[10  2],108,285,288,177,270
1,<environment.Job instance at 0x150c2934c9b0>,78,2,[ 2 10],109,288,290,179,270
1,<environment.Job instance at 0x150c2934c910>,79,17,[1 8],111,290,307,179,278
1,<environment.Job instance at 0x150c319f6820>,86,1,[6 2],122,290,291,168,290
1,<environment.Job instance at 0x150c319f6c30>,87,12,[10  2],123,307,319,184,293
1,<environment.Job instance at 0x150c240f4a50>,93,16,[ 1 10],130,319,335,189,312
1,<environment.Job instance at 0x150c242ac0a0>,95,3,[ 2 10],134,335,338,201,312
1,<environment.Job instance at 0x150c242ac1e0>,97,14,[ 2 10],136,338,352,202,324
1,<environment.Job instance at 0x150c242ac870>,98,3,[5 2],137,352,355,215,326
1,<environment.Job instance at 0x150c242ac730>,100,1,[10  1],139,355,356,216,329
1,<environment.Job instance at 0x150c319f60f0>,83,18,[9 1],116,356,374,240,346
1,<environment.Job instance at 0x150c3259cd20>,43,17,[6 2],60,415,432,355,415
1,<environment.Job instance at 0x150c242acf00>,103,16,[6 2],142,432,448,290,421
1,<environment.Job instance at 0x150c242acbe0>,109,3,[2 8],151,421,424,270,421
1,<environment.Job instance at 0x150c242acf50>,110,1,[2 8],153,424,425,271,421
1,<environment.Job instance at 0x150c242acb40>,111,3,[2 7],154,425,428,271,421
1,<environment.Job instance at 0x150c242ac0f0>,112,1,[2 5],155,428,429,273,421
1,<environment.Job instance at 0x150c242ace60>,113,2,[1 6],156,429,431,273,421
1,<environment.Job instance at 0x150c242acaa0>,114,2,[10  2],157,448,450,291,421
1,<environment.Job instance at 0x150c242aca00>,115,3,[8 1],160,450,453,290,424
1,<environment.Job instance at 0x150c242ac960>,116,3,[ 1 10],161,453,456,292,427
1,<environment.Job instance at 0x150c242ac910>,117,2,[8 1],162,456,458,294,430
1,<environment.Job instance at 0x150c242ac500>,119,14,[2 9],164,457,471,293,457
1,<environment.Job instance at 0x150c246e8050>,129,16,[2 5],178,471,487,293,467
1,<environment.Job instance at 0x150c236c9b40>,2,1,[2 6],4,5,6,1,5
1,<environment.Job instance at 0x150c236a1870>,4,2,[5 1],7,8,10,1,8
1,<environment.Job instance at 0x150c236a1be0>,6,1,[7 2],11,11,12,0,11
1,<environment.Job instance at 0x150c236a1230>,7,1,[1 8],13,13,14,0,13
1,<environment.Job instance at 0x150c236a12d0>,8,3,[5 1],15,15,18,0,15
1,<environment.Job instance at 0x150c23934640>,9,2,[2 6],16,17,19,1,17
1,<environment.Job instance at 0x150c239f8730>,11,3,[ 1 10],18,19,22,1,19
1,<environment.Job instance at 0x150c318b7820>,12,1,[8 2],19,22,23,3,22
1,<environment.Job instance at 0x150c239f8410>,15,2,[9 1],23,34,36,11,34
1,<environment.Job instance at 0x150c318b7b90>,10,18,[8 1],17,36,54,19,34
1,<environment.Job instance at 0x150c27d488c0>,23,3,[1 9],36,36,39,0,36
1,<environment.Job instance at 0x150c27d48320>,26,2,[8 1],39,54,56,15,39
1,<environment.Job instance at 0x150c23cae5a0>,27,15,[1 7],40,42,57,2,42
1,<environment.Job instance at 0x150c23caea00>,28,2,[1 7],41,57,59,16,42
1,<environment.Job instance at 0x150c23cae550>,29,2,[10  1],42,59,61,17,42
1,<environment.Job instance at 0x150c23ce0140>,30,1,[5 2],44,56,57,12,44
1,<environment.Job instance at 0x150c23cae8c0>,31,3,[10  1],45,61,64,16,45
1,<environment.Job instance at 0x150c27222870>,32,1,[8 1],46,57,58,11,46
1,<environment.Job instance at 0x150c27d48550>,24,16,[10  1],37,64,80,27,61
1,<environment.Job instance at 0x150c23b52f50>,33,14,[1 9],47,80,94,33,65
1,<environment.Job instance at 0x150c27d487d0>,25,2,[6 1],38,80,82,42,71
1,<environment.Job instance at 0x150c242646e0>,49,12,[5 2],65,94,106,29,77
1,<environment.Job instance at 0x150c28075d70>,56,1,[1 9],75,106,107,31,78
1,<environment.Job instance at 0x150c7804a1e0>,57,1,[9 1],76,82,83,6,78
1,<environment.Job instance at 0x150c26e56a00>,58,1,[10  2],77,107,108,30,79
1,<environment.Job instance at 0x150c2417d0f0>,59,1,[6 2],79,108,109,29,80
1,<environment.Job instance at 0x150c24264b40>,50,2,[9 2],66,109,111,43,86
1,<environment.Job instance at 0x150c27be20a0>,60,12,[8 2],80,111,123,31,94
1,<environment.Job instance at 0x150c27d417d0>,64,1,[6 2],89,123,124,34,95
1,<environment.Job instance at 0x150c24428370>,65,2,[1 6],90,95,97,5,95
1,<environment.Job instance at 0x150c318ecf50>,61,3,[10  2],81,124,127,43,108
1,<environment.Job instance at 0x150c27d41a50>,66,12,[1 9],91,127,139,36,116
1,<environment.Job instance at 0x150c608a3780>,82,1,[8 1],117,127,128,10,117
1,<environment.Job instance at 0x150c26f19690>,86,2,[1 5],122,139,141,17,124
1,<environment.Job instance at 0x150c24c46690>,83,20,[7 2],119,139,159,20,130
1,<environment.Job instance at 0x150c2368b690>,92,3,[2 8],128,141,144,13,130
1,<environment.Job instance at 0x150c2368b500>,93,20,[7 2],129,159,179,30,150
1,<environment.Job instance at 0x150c2935bbe0>,102,24,[2 5],143,150,174,7,150
1,<environment.Job instance at 0x150c2935b5a0>,104,1,[2 5],146,174,175,28,150
1,<environment.Job instance at 0x150c2935b050>,105,1,[ 1 10],147,179,180,32,151
1,<environment.Job instance at 0x150c2935b820>,106,16,[2 7],148,180,196,32,167
1,<environment.Job instance at 0x150c280ac230>,113,14,[10  1],165,196,210,31,181
1,<environment.Job instance at 0x150c27b924b0>,45,24,[10  2],60,588,612,528,588
1,<environment.Job instance at 0x150c23f90c80>,6,3,[2 5],8,8,11,0,8
1,<environment.Job instance at 0x150c246da780>,7,2,[2 5],9,9,11,0,9
1,<environment.Job instance at 0x150c2421a280>,8,13,[1 5],10,12,25,2,12
1,<environment.Job instance at 0x150c318fe4b0>,12,13,[6 1],14,14,27,0,14
1,<environment.Job instance at 0x150c2932f0a0>,13,3,[8 2],15,27,30,12,15
1,<environment.Job instance at 0x150c3061b320>,14,1,[9 1],16,30,31,14,16
1,<environment.Job instance at 0x150c3061ba00>,15,13,[1 8],17,25,38,8,17
1,<environment.Job instance at 0x150c325235f0>,16,3,[8 1],18,31,34,13,18
1,<environment.Job instance at 0x150c3061b140>,18,3,[7 2],20,34,37,14,20
1,<environment.Job instance at 0x150c23a79e10>,20,3,[2 6],25,38,41,13,25
1,<environment.Job instance at 0x150c23a793c0>,22,12,[10  2],27,41,53,14,27
1,<environment.Job instance at 0x150c23a79c80>,23,2,[1 7],28,53,55,25,28
1,<environment.Job instance at 0x150c23a79fa0>,24,1,[10  1],30,55,56,25,30
1,<environment.Job instance at 0x150c23a79d20>,25,2,[1 7],31,56,58,25,31
1,<environment.Job instance at 0x150c24b426e0>,26,2,[8 1],34,37,39,3,34
1,<environment.Job instance at 0x150c24b42fa0>,27,3,[2 7],36,58,61,22,36
1,<environment.Job instance at 0x150c24b42b90>,28,3,[7 2],37,56,59,19,37
1,<environment.Job instance at 0x150c33f88230>,29,3,[2 8],38,61,64,23,38
1,<environment.Job instance at 0x150c23932140>,30,3,[1 7],40,64,67,24,40
1,<environment.Job instance at 0x150c239320f0>,31,1,[1 7],41,67,68,26,41
1,<environment.Job instance at 0x150c246fca50>,32,17,[1 7],42,68,85,26,57
1,<environment.Job instance at 0x150c246fc2d0>,35,3,[10  1],45,85,88,40,62
1,<environment.Job instance at 0x150c246fcf00>,36,3,[ 1 10],46,88,91,42,63
1,<environment.Job instance at 0x150c246fc870>,37,3,[1 6],48,91,94,43,65
1,<environment.Job instance at 0x150c24494550>,5,17,[2 6],7,94,111,87,82
1,<environment.Job instance at 0x150c23866fa0>,57,3,[7 2],75,82,85,7,82
1,<environment.Job instance at 0x150c246fcb90>,38,18,[8 2],49,91,109,42,86
1,<environment.Job instance at 0x150c280bf140>,60,1,[7 2],78,109,110,31,86
1,<environment.Job instance at 0x150c27d419b0>,61,2,[7 1],79,110,112,31,86
1,<environment.Job instance at 0x150c27d41eb0>,64,2,[9 1],82,117,119,35,117
1,<environment.Job instance at 0x150c318a8a50>,65,14,[1 8],83,117,131,34,117
1,<environment.Job instance at 0x150c27d41a00>,63,3,[7 1],81,119,122,38,117
1,<environment.Job instance at 0x150c318a8280>,66,18,[7 2],84,122,140,38,117
1,<environment.Job instance at 0x150c318a88c0>,68,3,[7 1],86,140,143,54,117
1,<environment.Job instance at 0x150c23ce0690>,69,2,[5 2],88,143,145,55,117
1,<environment.Job instance at 0x150c23ce0370>,70,1,[6 2],89,145,146,56,117
1,<environment.Job instance at 0x150c23ce0870>,71,3,[1 6],90,131,134,41,117
1,<environment.Job instance at 0x150c318a8640>,67,15,[ 2 10],85,146,161,61,140
1,<environment.Job instance at 0x150c28078190>,84,1,[9 1],111,161,162,50,143
1,<environment.Job instance at 0x150c23ce0be0>,83,18,[5 2],110,162,180,52,151
1,<environment.Job instance at 0x150c33ff7230>,88,3,[ 1 10],120,180,183,60,154
1,<environment.Job instance at 0x150c33ff75a0>,89,3,[10  2],121,183,186,62,157
1,<environment.Job instance at 0x150c27f73370>,91,3,[10  1],123,186,189,63,160
1,<environment.Job instance at 0x150c27f73190>,92,1,[1 9],125,161,162,36,160
1,<environment.Job instance at 0x150c33ff7410>,87,13,[10  2],119,189,202,70,173
1,<environment.Job instance at 0x150c27f73910>,99,2,[7 2],134,202,204,68,175
1,<environment.Job instance at 0x150c27f735a0>,100,2,[6 2],137,204,206,67,177
1,<environment.Job instance at 0x150c27f73b40>,101,3,[6 1],138,206,209,68,180
1,<environment.Job instance at 0x150c27001cd0>,104,3,[1 5],143,202,205,59,187
1,<environment.Job instance at 0x150c27001960>,106,3,[2 7],148,205,208,57,187
1,<environment.Job instance at 0x150c270010a0>,107,3,[6 1],149,209,212,60,187
1,<environment.Job instance at 0x150c27001910>,108,3,[ 1 10],151,212,215,61,187
1,<environment.Job instance at 0x150c270015a0>,109,3,[8 2],152,215,218,63,189
1,<environment.Job instance at 0x150c608b7e10>,111,1,[2 8],154,208,209,54,189
1,<environment.Job instance at 0x150c608e3280>,124,16,[2 7],176,215,231,39,210
1,<environment.Job instance at 0x150c27f73a00>,93,15,[9 1],126,231,246,105,217
1,<environment.Job instance at 0x150c608e34b0>,127,3,[ 2 10],179,246,249,67,220
1,<environment.Job instance at 0x150c23ce0dc0>,74,18,[5 1],93,482,500,389,482
1,<environment.Job instance at 0x150c608e3230>,123,12,[10  2],171,500,512,329,500
1,<environment.Job instance at 0x150c23a79f00>,21,18,[ 2 10],26,527,545,501,527
1,<environment.Job instance at 0x150c23e0d0a0>,0,19,[9 2],1,1,20,0,1
1,<environment.Job instance at 0x150c23e0d370>,3,3,[1 8],6,6,9,0,6
1,<environment.Job instance at 0x150c23e0d780>,2,2,[1 6],5,9,11,4,7
1,<environment.Job instance at 0x150c23ec9280>,11,2,[ 1 10],15,20,22,5,15
1,<environment.Job instance at 0x150c23ec9a50>,12,1,[6 1],17,22,23,5,17
1,<environment.Job instance at 0x150c238f8820>,13,1,[ 2 10],18,23,24,5,19
1,<environment.Job instance at 0x150c238f8af0>,14,14,[7 2],19,24,38,5,20
1,<environment.Job instance at 0x150c23bbb370>,16,3,[2 8],23,24,27,1,23
1,<environment.Job instance at 0x150c23f3ee10>,17,3,[1 7],25,27,30,2,25
1,<environment.Job instance at 0x150c238f8a50>,18,2,[2 7],28,30,32,2,28
1,<environment.Job instance at 0x150c237a56e0>,19,2,[1 5],31,32,34,1,31
1,<environment.Job instance at 0x150c23b20640>,20,18,[2 7],32,34,52,2,32
1,<environment.Job instance at 0x150c242ce140>,21,14,[2 9],34,52,66,18,37
1,<environment.Job instance at 0x150c242ce3c0>,24,1,[1 5],38,66,67,28,38
1,<environment.Job instance at 0x150c23f02eb0>,25,17,[1 6],39,67,84,28,59
1,<environment.Job instance at 0x150c242ced20>,23,1,[7 2],37,74,75,37,74
1,<environment.Job instance at 0x150c23baf780>,15,3,[9 2],21,89,92,68,89
1,<environment.Job instance at 0x150c23c5e5a0>,41,3,[2 9],61,92,95,31,89
1,<environment.Job instance at 0x150c23b3d6e0>,43,2,[1 8],64,89,91,25,89
1,<environment.Job instance at 0x150c23c5ef00>,39,16,[2 8],59,95,111,36,89
1,<environment.Job instance at 0x150c246f3e60>,50,16,[ 1 10],73,111,127,38,98
1,<environment.Job instance at 0x150c23b3cb40>,60,1,[2 7],90,127,128,37,100
1,<environment.Job instance at 0x150c7a065c30>,61,2,[9 1],93,128,130,35,101
1,<environment.Job instance at 0x150c23b3c3c0>,62,1,[2 5],94,130,131,36,102
1,<environment.Job instance at 0x150c23b3c2d0>,63,1,[7 2],95,102,103,7,102
1,<environment.Job instance at 0x150c24038280>,66,1,[7 1],99,103,104,4,103
1,<environment.Job instance at 0x150c23b3daa0>,46,2,[10  2],67,131,133,64,121
1,<environment.Job instance at 0x150c23c56aa0>,80,14,[2 8],115,133,147,18,125
1,<environment.Job instance at 0x150c23c560f0>,83,1,[10  1],119,147,148,28,125
1,<environment.Job instance at 0x150c23c56fa0>,84,2,[10  2],121,148,150,27,125
1,<environment.Job instance at 0x150c23c56640>,87,14,[ 2 10],124,150,164,26,150
1,<environment.Job instance at 0x150c241a9be0>,105,15,[6 1],148,227,242,79,227
1,<environment.Job instance at 0x150c23c56460>,81,18,[7 2],117,1507,1525,1390,1507
1,<environment.Job instance at 0x150c280e07d0>,113,2,[1 6],157,1741,1743,1584,1741
1,<environment.Job instance at 0x14bc44ac6aa0>,1,2,[2 5],4,4,6,0,4
1,<environment.Job instance at 0x14bc44b5ae60>,3,2,[1 7],6,6,8,0,6
1,<environment.Job instance at 0x14bbef589d70>,4,2,[6 1],7,7,9,0,7
1,<environment.Job instance at 0x14bbef589d20>,5,3,[9 1],8,9,12,1,8
1,<environment.Job instance at 0x14bbef59c820>,9,2,[ 2 10],12,13,15,1,13
1,<environment.Job instance at 0x14bbef5896e0>,6,16,[2 7],9,15,31,6,13
1,<environment.Job instance at 0x14bbef530af0>,11,28,[1 9],15,31,59,16,30
1,<environment.Job instance at 0x14bbef530f50>,12,3,[6 2],16,59,62,43,45
1,<environment.Job instance at 0x14bbef5df280>,21,22,[8 2],28,62,84,34,59
1,<environment.Job instance at 0x14bbef5bad70>,16,17,[1 7],22,60,77,38,60
1,<environment.Job instance at 0x14bbeee5e3c0>,30,3,[1 8],41,77,80,36,60
1,<environment.Job instance at 0x14bbeee5ea00>,31,3,[8 1],42,84,87,42,60
1,<environment.Job instance at 0x14bbeee60640>,26,3,[9 1],36,87,90,51,68
1,<environment.Job instance at 0x14bbeee5e730>,33,2,[5 1],44,90,92,46,73
1,<environment.Job instance at 0x14bbeee5e6e0>,34,3,[9 2],45,92,95,47,73
1,<environment.Job instance at 0x14bbeee5e5a0>,36,3,[1 6],48,82,85,34,82
1,<environment.Job instance at 0x14bbef0c46e0>,42,3,[1 6],55,85,88,30,82
1,<environment.Job instance at 0x14bbeee5e910>,32,16,[9 1],43,95,111,52,82
1,<environment.Job instance at 0x14bbef56c3c0>,46,1,[1 7],59,88,89,29,82
1,<environment.Job instance at 0x14bbef0c40f0>,45,2,[2 5],58,111,113,53,95
1,<environment.Job instance at 0x14bbef0da0f0>,47,14,[5 1],60,111,125,51,96
1,<environment.Job instance at 0x14bbeee5db90>,50,1,[1 8],68,96,97,28,96
1,<environment.Job instance at 0x14bbeee5dfa0>,49,1,[ 1 10],67,125,126,58,101
1,<environment.Job instance at 0x14bbeee5dd20>,51,16,[10  1],69,126,142,57,114
1,<environment.Job instance at 0x14bbef0d92d0>,61,2,[5 2],87,114,116,27,114
1,<environment.Job instance at 0x14bbef571e10>,62,2,[1 5],89,116,118,27,114
1,<environment.Job instance at 0x14bbef0d6d70>,66,2,[9 2],94,142,144,48,127
1,<environment.Job instance at 0x14bbef0d6410>,67,15,[1 9],95,144,159,49,136
1,<environment.Job instance at 0x14bbeee67b90>,76,3,[2 8],111,159,162,48,136
1,<environment.Job instance at 0x14bbeee67be0>,77,2,[10  2],113,162,164,49,136
1,<environment.Job instance at 0x14bbeee67cd0>,78,3,[8 1],117,144,147,27,136
1,<environment.Job instance at 0x14bbeee67dc0>,79,3,[10  1],119,164,167,45,138
1,<environment.Job instance at 0x14bbeee67f50>,80,3,[9 2],120,167,170,47,141
1,<environment.Job instance at 0x14bbeee67fa0>,81,12,[1 7],121,167,179,46,150
1,<environment.Job instance at 0x14bbeee6e0a0>,82,16,[1 7],122,179,195,57,169
1,<environment.Job instance at 0x14bbeee5df00>,52,1,[8 1],70,183,184,113,183
1,<environment.Job instance at 0x14bbeee711e0>,93,18,[1 5],137,195,213,58,185
1,<environment.Job instance at 0x14bbeee71780>,99,3,[2 9],148,213,216,65,187
1,<environment.Job instance at 0x14bbeee71b90>,101,15,[9 2],153,188,203,35,188
1,<environment.Job instance at 0x14bbeee71eb0>,106,14,[5 1],160,203,217,43,189
1,<environment.Job instance at 0x14bbeee71f50>,107,2,[7 2],161,217,219,56,190
1,<environment.Job instance at 0x14bbeee71dc0>,108,3,[1 7],162,216,219,54,190
1,<environment.Job instance at 0x14bbeee71f00>,110,3,[1 5],164,219,222,55,193
1,<environment.Job instance at 0x14bbeee71fa0>,111,15,[1 5],165,219,234,54,209
1,<environment.Job instance at 0x14bbeee720f0>,112,3,[9 1],167,222,225,55,209
1,<environment.Job instance at 0x14bbeee72320>,113,3,[2 7],168,234,237,66,209
1,<environment.Job instance at 0x14bbeee72780>,116,3,[10  2],175,237,240,62,211
1,<environment.Job instance at 0x14bbeee710f0>,94,1,[ 2 10],138,240,241,102,220
1,<environment.Job instance at 0x14bbeee728c0>,117,16,[6 1],177,241,257,64,229
1,<environment.Job instance at 0x14bbeee72aa0>,123,17,[1 5],184,241,258,57,233
1,<environment.Job instance at 0x14bbeee76410>,126,3,[ 1 10],187,258,261,71,234
1,<environment.Job instance at 0x14bbeee72be0>,120,1,[5 2],181,261,262,80,259
1,<environment.Job instance at 0x14bbef0d0320>,56,18,[1 7],79,288,306,209,288
1,<environment.Job instance at 0x14bbef0da780>,1,1,[ 1 10],2,2,3,0,2
1,<environment.Job instance at 0x14bbfc35df50>,3,3,[1 8],4,4,7,0,4
1,<environment.Job instance at 0x14bbfc351640>,5,3,[ 1 10],7,7,10,0,7
1,<environment.Job instance at 0x14bbfc3515a0>,6,2,[8 2],8,10,12,2,8
1,<environment.Job instance at 0x14bbfc351190>,7,2,[ 2 10],10,12,14,2,10
1,<environment.Job instance at 0x14bbfc351d20>,8,2,[2 5],11,14,16,3,11
1,<environment.Job instance at 0x14bbfc351780>,9,1,[1 5],12,14,15,2,12
1,<environment.Job instance at 0x14bbfc351b40>,11,12,[2 6],14,16,28,2,14
1,<environment.Job instance at 0x14bbfc351460>,12,3,[2 6],15,28,31,13,15
1,<environment.Job instance at 0x14bbfc3518c0>,13,18,[ 1 10],27,31,49,4,27
1,<environment.Job instance at 0x14bbfc3f3af0>,23,13,[ 2 10],41,80,93,39,80
1,<environment.Job instance at 0x14bbfc3f3dc0>,30,18,[2 8],49,93,111,44,82
1,<environment.Job instance at 0x14bbfc3adc80>,54,17,[1 7],86,196,213,110,196
1,<environment.Job instance at 0x14bbfc3c3af0>,61,14,[ 1 10],96,213,227,117,205
1,<environment.Job instance at 0x14bbfc349f50>,71,17,[1 9],106,227,244,121,221
1,<environment.Job instance at 0x14bbfc3492d0>,70,17,[10  1],105,244,261,139,232
1,<environment.Job instance at 0x14bbfd00bf00>,88,2,[ 1 10],131,261,263,130,235
1,<environment.Job instance at 0x14bbfd00b280>,89,2,[6 1],132,235,237,103,235
1,<environment.Job instance at 0x14bbfd00b910>,90,2,[10  2],133,263,265,130,236
1,<environment.Job instance at 0x14bbfd00b5a0>,91,3,[2 6],134,265,268,131,239
1,<environment.Job instance at 0x14bbfd00b3c0>,92,2,[7 2],136,265,267,129,239
1,<environment.Job instance at 0x14bbfd00bd70>,93,1,[9 1],138,239,240,101,239
1,<environment.Job instance at 0x14bbfd00ba50>,94,3,[1 9],139,268,271,129,242
1,<environment.Job instance at 0x14bbfd00ba00>,96,2,[6 2],141,271,273,130,246
1,<environment.Job instance at 0x14bbfd00bb40>,97,2,[2 6],144,271,273,127,246
1,<environment.Job instance at 0x14bbfd00b4b0>,98,1,[1 7],145,273,274,128,246
1,<environment.Job instance at 0x14bbfd00b140>,99,2,[10  2],146,274,276,128,247
1,<environment.Job instance at 0x14bbef897a00>,107,14,[ 2 10],154,276,290,122,270
1,<environment.Job instance at 0x14bbfc364140>,113,2,[2 8],162,290,292,128,270
1,<environment.Job instance at 0x14bbfc364050>,114,2,[1 5],163,292,294,129,277
1,<environment.Job instance at 0x14bbfc3643c0>,116,3,[2 5],166,292,295,126,278
1,<environment.Job instance at 0x14bbfc364500>,117,3,[2 5],169,294,297,125,278
1,<environment.Job instance at 0x14bbfcf9cf50>,118,17,[1 7],172,297,314,125,288
1,<environment.Job instance at 0x14bbfc3f3550>,22,15,[7 2],39,582,597,543,582
1,<environment.Job instance at 0x14bbfd002be0>,123,12,[1 8],182,1145,1157,963,1145
1,<environment.Job instance at 0x14bbee6fe2d0>,1,3,[1 7],3,3,6,0,3
1,<environment.Job instance at 0x14bbee709460>,6,17,[10  1],8,10,27,2,10
1,<environment.Job instance at 0x14bbfe9bcaf0>,13,2,[7 1],22,27,29,5,22
1,<environment.Job instance at 0x14bbf1829b40>,14,1,[1 8],24,27,28,3,24
1,<environment.Job instance at 0x14bbf18290a0>,15,3,[10  2],25,29,32,4,25
1,<environment.Job instance at 0x14bbee6a0af0>,16,3,[1 5],26,32,35,6,26
1,<environment.Job instance at 0x14bbee6a0640>,17,15,[10  1],28,35,50,7,31
1,<environment.Job instance at 0x14bbee6a0fa0>,20,1,[5 2],32,32,33,0,32
1,<environment.Job instance at 0x14bbef56e870>,21,3,[10  2],34,50,53,16,34
1,<environment.Job instance at 0x14bbee77deb0>,22,3,[8 1],35,53,56,18,35
1,<environment.Job instance at 0x14bbee7deaf0>,26,16,[1 5],41,53,69,12,41
1,<environment.Job instance at 0x14bbee7de960>,27,2,[9 2],42,56,58,14,54
1,<environment.Job instance at 0x14bbf1b57d70>,31,18,[1 8],47,69,87,22,58
1,<environment.Job instance at 0x14bbf1c03050>,32,2,[8 2],49,58,60,9,58
1,<environment.Job instance at 0x14bbf1a49500>,34,1,[7 2],51,60,61,9,58
1,<environment.Job instance at 0x14bbeeb9e410>,35,15,[7 2],52,61,76,9,59
1,<environment.Job instance at 0x14bbee6fa190>,41,2,[2 8],63,87,89,24,63
1,<environment.Job instance at 0x14bbee6fa320>,42,17,[10  2],64,89,106,25,77
1,<environment.Job instance at 0x14bbee8d6fa0>,54,1,[9 2],78,78,79,0,78
1,<environment.Job instance at 0x14bbf1b4f550>,55,2,[ 1 10],79,106,108,27,79
1,<environment.Job instance at 0x14bbee776190>,56,3,[2 7],80,108,111,28,82
1,<environment.Job instance at 0x14bbf29f0aa0>,33,15,[10  2],50,111,126,61,97
1,<environment.Job instance at 0x14bbee776320>,60,3,[6 2],85,108,111,23,101
1,<environment.Job instance at 0x14bbee8d3730>,61,2,[1 6],87,126,128,39,101
1,<environment.Job instance at 0x14bbee7769b0>,57,26,[10  1],81,128,154,47,125
1,<environment.Job instance at 0x14bbee8d30f0>,70,1,[1 5],99,154,155,55,126
1,<environment.Job instance at 0x14bbee79d780>,71,1,[8 1],102,126,127,24,126
1,<environment.Job instance at 0x14bbee79df50>,72,2,[7 1],103,154,156,51,127
1,<environment.Job instance at 0x14bbee79d8c0>,73,2,[2 7],104,155,157,51,128
1,<environment.Job instance at 0x14bbee79d460>,74,1,[5 2],105,156,157,51,128
1,<environment.Job instance at 0x14bbee79d280>,75,1,[1 5],108,157,158,49,129
1,<environment.Job instance at 0x14bbee79d320>,76,2,[6 1],109,157,159,48,130
1,<environment.Job instance at 0x14bbee708690>,29,15,[2 6],45,158,173,113,144
1,<environment.Job instance at 0x14bbee8d38c0>,69,14,[10  2],98,173,187,75,158
1,<environment.Job instance at 0x14bbee723190>,100,2,[10  1],146,187,189,41,160
1,<environment.Job instance at 0x14bbee7231e0>,101,1,[2 8],147,189,190,42,161
1,<environment.Job instance at 0x14bbee723af0>,102,2,[7 2],150,161,163,11,161
1,<environment.Job instance at 0x14bbee788be0>,111,2,[1 6],162,190,192,28,179
1,<environment.Job instance at 0x14bbee788c80>,112,2,[1 6],163,192,194,29,179
1,<environment.Job instance at 0x14bbee788690>,113,3,[6 2],164,189,192,25,179
1,<environment.Job instance at 0x14bbee788140>,114,1,[10  1],166,194,195,28,179
1,<environment.Job instance at 0x14bbee788370>,115,3,[6 2],167,195,198,28,179
1,<environment.Job instance at 0x14bbee788230>,116,1,[2 8],168,195,196,27,179
1,<environment.Job instance at 0x14bbee788d70>,117,1,[6 1],170,192,193,22,179
1,<environment.Job instance at 0x14bbee788aa0>,118,1,[10  2],171,198,199,27,179
1,<environment.Job instance at 0x14bbee788410>,119,3,[7 1],173,199,202,26,179
1,<environment.Job instance at 0x14bbee788960>,120,3,[2 7],175,199,202,24,179
1,<environment.Job instance at 0x14bbee788870>,121,1,[8 1],176,193,194,17,179
1,<environment.Job instance at 0x14bbee808500>,84,12,[8 2],120,202,214,82,199
1,<environment.Job instance at 0x14bbf254f8c0>,37,22,[7 2],55,273,295,218,273
1,<environment.Job instance at 0x14bbee80b780>,125,18,[2 8],184,986,1004,802,986
1,<environment.Job instance at 0x14bbee80b780>,4,2,[2 6],10,10,12,0,10
1,<environment.Job instance at 0x14bbee63f280>,5,2,[2 5],12,12,14,0,12
1,<environment.Job instance at 0x14bbeeb9ec80>,6,16,[ 2 10],13,14,30,1,13
1,<environment.Job instance at 0x14bbee88cd20>,3,3,[7 2],8,30,33,22,14
1,<environment.Job instance at 0x14bbf19747d0>,7,1,[1 9],16,33,34,17,17
1,<environment.Job instance at 0x14bbf25f2050>,9,1,[1 7],18,30,31,12,18
1,<environment.Job instance at 0x14bbf17a49b0>,10,3,[8 1],20,33,36,13,20
1,<environment.Job instance at 0x14bbeeb0dbe0>,11,3,[2 5],22,34,37,12,22
1,<environment.Job instance at 0x14bbf17a4050>,8,18,[7 1],17,36,54,19,26
1,<environment.Job instance at 0x14bbf1813a00>,14,1,[1 9],27,37,38,10,27
1,<environment.Job instance at 0x14bbee671820>,15,3,[ 1 10],28,54,57,26,28
1,<environment.Job instance at 0x14bbee6716e0>,16,3,[ 1 10],30,57,60,27,31
1,<environment.Job instance at 0x14bbee671f50>,18,1,[1 5],32,32,33,0,32
1,<environment.Job instance at 0x14bbee671140>,19,2,[8 1],33,60,62,27,33
1,<environment.Job instance at 0x14bbf17b3af0>,20,1,[5 2],35,62,63,27,35
1,<environment.Job instance at 0x14bbee6710f0>,17,2,[8 2],31,63,65,32,44
1,<environment.Job instance at 0x14bbeeb0de60>,12,13,[1 9],24,65,78,41,49
1,<environment.Job instance at 0x14bbef59c870>,28,3,[9 2],47,78,81,31,52
1,<environment.Job instance at 0x14bbef59c140>,29,3,[8 1],48,65,68,17,52
1,<environment.Job instance at 0x14bbef59c050>,30,3,[2 6],50,60,63,10,52
1,<environment.Job instance at 0x14bbef5980a0>,26,3,[7 2],45,81,84,36,70
1,<environment.Job instance at 0x14bbf25af190>,44,2,[2 9],72,84,86,12,72
1,<environment.Job instance at 0x14bbf25af5a0>,45,16,[1 8],73,86,102,13,85
1,<environment.Job instance at 0x14bbf19d9b40>,50,15,[1 5],79,102,117,23,89
1,<environment.Job instance at 0x14bbf19d95f0>,51,1,[1 5],82,102,103,20,89
1,<environment.Job instance at 0x14bbf19d9be0>,52,3,[10  1],83,117,120,34,91
1,<environment.Job instance at 0x14bbf178c0f0>,55,3,[8 1],87,92,95,5,92
1,<environment.Job instance at 0x14bbf255f460>,57,1,[2 9],90,120,121,30,92
1,<environment.Job instance at 0x14bbeea85e10>,56,1,[1 9],89,121,122,32,93
1,<environment.Job instance at 0x14bbeea29410>,60,2,[1 7],95,122,124,27,95
1,<environment.Job instance at 0x14bbfc407050>,61,1,[2 7],96,124,125,28,96
1,<environment.Job instance at 0x14bbee6c7320>,64,3,[1 8],100,125,128,25,108
1,<environment.Job instance at 0x14bbee6c7be0>,65,17,[8 2],103,122,139,19,111
1,<environment.Job instance at 0x14bbef552c80>,59,14,[1 6],94,128,142,34,124
1,<environment.Job instance at 0x14bbee63beb0>,74,12,[ 2 10],118,142,154,24,130
1,<environment.Job instance at 0x14bbeead2d70>,83,3,[1 8],132,154,157,22,132
1,<environment.Job instance at 0x14bbeead2500>,84,2,[10  2],133,157,159,24,133
1,<environment.Job instance at 0x14bbeead2a50>,87,17,[2 8],137,175,192,38,175
1,<environment.Job instance at 0x14bbef598870>,27,14,[8 2],46,274,288,228,274
1,<environment.Job instance at 0x14bbfc493e60>,49,14,[1 9],78,1849,1863,1771,1849
1,<environment.Job instance at 0x14bbeeb42f00>,2,3,[9 1],3,3,6,0,3
1,<environment.Job instance at 0x14bbee829370>,5,12,[2 9],7,7,19,0,7
1,<environment.Job instance at 0x14bbee82ca50>,4,3,[8 2],6,19,22,13,10
1,<environment.Job instance at 0x14bbee829aa0>,7,15,[7 2],10,22,37,12,11
1,<environment.Job instance at 0x14bbee829f00>,8,1,[7 2],11,37,38,26,15
1,<environment.Job instance at 0x14bbee96eaf0>,13,1,[2 9],17,38,39,21,17
1,<environment.Job instance at 0x14bbee8297d0>,9,12,[8 2],12,39,51,27,22
1,<environment.Job instance at 0x14bbee976b90>,15,12,[2 8],24,24,36,0,24
1,<environment.Job instance at 0x14bbee976a50>,16,3,[10  2],25,51,54,26,25
1,<environment.Job instance at 0x14bbee982b40>,28,2,[ 1 10],45,54,56,9,45
1,<environment.Job instance at 0x14bbee982aa0>,29,3,[5 1],46,56,59,10,46
1,<environment.Job instance at 0x14bbee964730>,30,2,[5 2],47,56,58,9,47
1,<environment.Job instance at 0x14bbee958690>,19,14,[9 2],29,59,73,30,55
1,<environment.Job instance at 0x14bbee9645f0>,35,2,[5 2],56,73,75,17,56
1,<environment.Job instance at 0x14bbee97e550>,36,2,[10  2],57,75,77,18,57
1,<environment.Job instance at 0x14bbee97ea50>,38,2,[10  1],60,77,79,17,61
1,<environment.Job instance at 0x14bbee97e5f0>,39,1,[ 2 10],62,79,80,17,62
1,<environment.Job instance at 0x14bbee98bf00>,40,1,[10  2],64,80,81,16,65
1,<environment.Job instance at 0x14bbee829eb0>,12,1,[ 2 10],15,81,82,66,67
1,<environment.Job instance at 0x14bbee98bcd0>,41,16,[7 1],65,82,98,17,71
1,<environment.Job instance at 0x14bbee98b370>,47,16,[1 6],71,82,98,11,73
1,<environment.Job instance at 0x14bbef663eb0>,49,3,[6 2],74,98,101,24,74
1,<environment.Job instance at 0x14bbef6635a0>,50,1,[9 2],75,101,102,26,75
1,<environment.Job instance at 0x14bbef663320>,51,3,[6 1],77,102,105,25,77
1,<environment.Job instance at 0x14bbee9f08c0>,54,2,[2 7],81,98,100,17,81
1,<environment.Job instance at 0x14bbef663fa0>,55,12,[2 7],83,102,114,19,85
1,<environment.Job instance at 0x14bbee9fc820>,57,15,[2 9],85,114,129,29,100
1,<environment.Job instance at 0x14bbfe9e7410>,89,18,[8 1],138,140,158,2,140
1,<environment.Job instance at 0x14bbee98bdc0>,42,12,[10  1],66,164,176,98,164
1,<environment.Job instance at 0x14bbee89b370>,77,13,[10  2],116,176,189,60,170
1,<environment.Job instance at 0x14bbf260bdc0>,103,2,[1 7],155,189,191,34,173
1,<environment.Job instance at 0x14bbf19f0280>,98,2,[ 1 10],150,191,193,41,187
1,<environment.Job instance at 0x14bbee95beb0>,117,13,[1 8],171,263,276,92,263
1,<environment.Job instance at 0x14bbee95b280>,119,3,[7 1],173,263,266,90,263
1,<environment.Job instance at 0x14bbf298cbe0>,106,18,[1 9],158,283,301,125,283
1,<environment.Job instance at 0x14bbee9e4870>,26,18,[1 9],41,330,348,289,330
1,<environment.Job instance at 0x14bbee9e4910>,2,2,[10  2],3,3,5,0,3
1,<environment.Job instance at 0x14bbfcf17050>,3,3,[10  1],4,5,8,1,4
1,<environment.Job instance at 0x14bbee9e4870>,4,2,[ 1 10],6,8,10,2,6
1,<environment.Job instance at 0x14bbfcf1d460>,5,3,[2 6],7,10,13,3,7
1,<environment.Job instance at 0x14bbfcf1d9b0>,6,2,[1 9],8,13,15,5,8
1,<environment.Job instance at 0x14bbfcf1df00>,7,3,[2 8],9,15,18,6,9
1,<environment.Job instance at 0x14bbfcf1dd70>,8,1,[1 7],11,18,19,7,11
1,<environment.Job instance at 0x14bc40226140>,9,2,[2 8],12,19,21,7,13
1,<environment.Job instance at 0x14bc402260f0>,14,2,[2 9],19,21,23,2,19
1,<environment.Job instance at 0x14bbeecedfa0>,15,2,[5 1],20,20,22,0,20
1,<environment.Job instance at 0x14bbf25fe3c0>,13,3,[7 1],17,27,30,10,27
1,<environment.Job instance at 0x14bbee597b90>,21,2,[1 9],29,29,31,0,29
1,<environment.Job instance at 0x14bbfc3d0e10>,22,1,[2 9],31,31,32,0,31
1,<environment.Job instance at 0x14bc402126e0>,23,2,[ 2 10],32,32,34,0,32
1,<environment.Job instance at 0x14bbeed52e10>,24,3,[2 9],33,34,37,1,33
1,<environment.Job instance at 0x14bbee883a50>,25,13,[2 7],35,37,50,2,36
1,<environment.Job instance at 0x14bbef56c3c0>,27,14,[2 9],37,50,64,13,46
1,<environment.Job instance at 0x14bc40226050>,17,2,[1 5],22,64,66,42,54
1,<environment.Job instance at 0x14bbf1c6cb90>,38,17,[5 2],52,64,81,12,56
1,<environment.Job instance at 0x14bbf00f4a50>,43,13,[5 1],57,66,79,9,60
1,<environment.Job instance at 0x14bbeea57460>,47,1,[5 2],62,79,80,17,62
1,<environment.Job instance at 0x14bbf1b2a0f0>,51,15,[ 1 10],66,198,213,132,198
1,<environment.Job instance at 0x14bbfcf5dbe0>,59,1,[1 5],79,213,214,134,198
1,<environment.Job instance at 0x14bbee6e0fa0>,60,2,[6 2],80,213,215,133,198
1,<environment.Job instance at 0x14bbef502910>,61,2,[5 1],82,215,217,133,198
1,<environment.Job instance at 0x14bbfc3b4be0>,63,3,[8 2],87,217,220,130,198
1,<environment.Job instance at 0x14bbeeae22d0>,64,14,[1 6],90,214,228,124,199
1,<environment.Job instance at 0x14bbee886910>,65,2,[2 5],91,228,230,137,201
1,<environment.Job instance at 0x14bbee8865f0>,66,12,[9 1],92,230,242,138,213
1,<environment.Job instance at 0x14bbee886a00>,72,2,[10  2],99,242,244,143,215
1,<environment.Job instance at 0x14bbee886050>,73,3,[2 7],100,244,247,144,218
1,<environment.Job instance at 0x14bbeeac3730>,103,3,[2 6],142,326,329,184,326
1,<environment.Job instance at 0x14bbeeac3fa0>,104,27,[1 5],145,329,356,184,327
1,<environment.Job instance at 0x14bbeeac3190>,105,2,[2 5],147,329,331,182,327
1,<environment.Job instance at 0x14bbeeac3870>,106,2,[8 2],148,327,329,179,327
1,<environment.Job instance at 0x14bbee877550>,49,22,[6 2],64,347,369,283,347
1,<environment.Job instance at 0x14bbeeac3be0>,112,2,[8 2],158,369,371,211,348
1,<environment.Job instance at 0x14bbeead85f0>,113,3,[9 2],159,371,374,212,351
1,<environment.Job instance at 0x14bbeead8c30>,115,13,[5 1],161,679,692,518,679
1,<environment.Job instance at 0x14bbeead8730>,133,27,[ 2 10],186,1244,1271,1058,1244
1,<environment.Job instance at 0x14bbee91d050>,5,3,[1 9],7,7,10,0,7
1,<environment.Job instance at 0x14bbee91dfa0>,6,2,[9 2],8,10,12,2,9
1,<environment.Job instance at 0x14bbee91d7d0>,8,3,[2 7],10,12,15,2,10
1,<environment.Job instance at 0x14bbee91dbe0>,9,2,[9 2],11,15,17,4,11
1,<environment.Job instance at 0x14bbee91d320>,12,1,[1 8],16,16,17,0,16
1,<environment.Job instance at 0x14bbf2ab45f0>,14,2,[ 1 10],18,21,23,3,21
1,<environment.Job instance at 0x14bbee91d460>,11,1,[2 9],14,23,24,9,23
1,<environment.Job instance at 0x14bbee78d230>,18,2,[9 2],23,24,26,1,23
1,<environment.Job instance at 0x14bbee91d500>,16,12,[6 2],21,26,38,5,23
1,<environment.Job instance at 0x14bbee6811e0>,13,14,[1 8],17,24,38,7,23
1,<environment.Job instance at 0x14bbee9ac190>,20,2,[1 9],25,38,40,13,25
1,<environment.Job instance at 0x14bbf260d820>,22,2,[ 1 10],27,40,42,13,28
1,<environment.Job instance at 0x14bbef0bbcd0>,15,3,[8 2],19,42,45,23,33
1,<environment.Job instance at 0x14bbeeae4e10>,24,17,[1 9],31,45,62,14,39
1,<environment.Job instance at 0x14bbeeb2f190>,31,2,[8 1],43,45,47,2,44
1,<environment.Job instance at 0x14bbf1c54190>,33,2,[1 9],46,62,64,16,46
1,<environment.Job instance at 0x14bbf1c540a0>,34,3,[1 6],47,64,67,17,47
1,<environment.Job instance at 0x14bbf1c54780>,35,3,[1 9],48,67,70,19,48
1,<environment.Job instance at 0x14bbf17ac6e0>,37,2,[9 1],55,55,57,0,55
1,<environment.Job instance at 0x14bbf17ace60>,38,1,[1 8],57,70,71,13,57
1,<environment.Job instance at 0x14bbf17ac230>,40,2,[1 8],60,71,73,11,60
1,<environment.Job instance at 0x14bbf17acb90>,41,2,[9 1],61,61,63,0,61
1,<environment.Job instance at 0x14bbf17ac5f0>,39,2,[9 1],58,63,65,5,63
1,<environment.Job instance at 0x14bbf192d5a0>,44,12,[1 7],65,73,85,8,65
1,<environment.Job instance at 0x14bbf0d3faf0>,45,24,[8 1],66,77,101,11,77
1,<environment.Job instance at 0x14bbeea03190>,53,14,[2 9],78,85,99,7,78
1,<environment.Job instance at 0x14bbf2592cd0>,54,2,[1 6],79,99,101,20,79
1,<environment.Job instance at 0x14bbee78f410>,55,3,[1 9],81,101,104,20,81
1,<environment.Job instance at 0x14bbee78b640>,56,1,[10  1],82,104,105,22,82
1,<environment.Job instance at 0x14bbfc05a0a0>,57,3,[5 1],83,101,104,18,83
1,<environment.Job instance at 0x14bbf2971b40>,58,2,[8 1],84,105,107,21,84
1,<environment.Job instance at 0x14bbf26f3410>,59,3,[ 2 10],85,107,110,22,85
1,<environment.Job instance at 0x14bbf17d3aa0>,63,12,[1 9],91,121,133,30,121
1,<environment.Job instance at 0x14bbf1b68c30>,64,3,[1 9],92,133,136,41,121
1,<environment.Job instance at 0x14bbee8d30f0>,65,18,[5 2],93,136,154,43,125
1,<environment.Job instance at 0x14bbee8d35a0>,66,3,[9 2],94,154,157,60,128
1,<environment.Job instance at 0x14bbee8d3190>,67,3,[8 2],96,157,160,61,131
1,<environment.Job instance at 0x14bbfd08de10>,68,17,[2 7],98,136,153,38,131
1,<environment.Job instance at 0x14bbfd08da50>,69,2,[1 6],99,153,155,54,131
1,<environment.Job instance at 0x14bbfd08d460>,70,18,[5 2],100,160,178,60,149
1,<environment.Job instance at 0x14bbf2657780>,79,1,[5 2],111,160,161,49,149
1,<environment.Job instance at 0x14bbf2657b40>,80,13,[1 9],112,178,191,66,162
1,<environment.Job instance at 0x14bbeeb61690>,81,15,[2 9],113,233,248,120,233
1,<environment.Job instance at 0x14bbee678be0>,86,18,[1 8],119,248,266,129,238
1,<environment.Job instance at 0x14bbf29fdaf0>,87,1,[1 6],120,266,267,146,238
1,<environment.Job instance at 0x14bbf29fdd20>,88,16,[1 7],121,267,283,146,254
1,<environment.Job instance at 0x14bbf17bcf00>,90,3,[1 7],124,283,286,159,257
1,<environment.Job instance at 0x14bbf3d01960>,91,2,[9 2],125,257,259,132,257
1,<environment.Job instance at 0x14bbf3d01b40>,92,2,[7 1],126,259,261,133,257
1,<environment.Job instance at 0x14bbf3d01b90>,94,1,[8 1],128,261,262,133,257
1,<environment.Job instance at 0x14bbf3d011e0>,95,18,[10  1],129,286,304,157,275
1,<environment.Job instance at 0x14bbf25b3eb0>,117,3,[5 2],158,304,307,146,286
1,<environment.Job instance at 0x14bbf25b3a50>,118,1,[10  1],159,307,308,148,286
1,<environment.Job instance at 0x14bbf25b3640>,121,2,[ 1 10],162,308,310,146,286
1,<environment.Job instance at 0x14bbf25b32d0>,122,2,[2 8],163,304,306,141,286
1,<environment.Job instance at 0x14bbf25b3e60>,123,1,[8 2],164,310,311,146,286
1,<environment.Job instance at 0x14bbf25b39b0>,126,1,[9 2],171,311,312,140,286
1,<environment.Job instance at 0x14bbf25b3d20>,127,2,[8 2],172,312,314,140,286
1,<environment.Job instance at 0x14bbfcf71460>,62,18,[1 9],89,328,346,239,328
1,<environment.Job instance at 0x14bbee94e6e0>,140,3,[6 2],187,346,349,159,329
1,<environment.Job instance at 0x14bbf00f17d0>,4,2,[2 5],11,11,13,0,11
1,<environment.Job instance at 0x14bbeed8ecd0>,3,2,[2 8],10,13,15,3,11
1,<environment.Job instance at 0x14bbf00f1aa0>,6,2,[2 6],14,15,17,1,14
1,<environment.Job instance at 0x14bbf00f1a00>,7,1,[10  2],15,17,18,2,15
1,<environment.Job instance at 0x14bbf00f10f0>,5,16,[8 1],13,18,34,5,15
1,<environment.Job instance at 0x14bbf00f1dc0>,8,18,[5 2],16,34,52,18,30
1,<environment.Job instance at 0x14bbf25f7cd0>,18,2,[10  1],32,52,54,20,32
1,<environment.Job instance at 0x14bbef53c910>,19,3,[9 2],33,54,57,21,33
1,<environment.Job instance at 0x14bbee6be5a0>,20,1,[2 9],34,57,58,23,34
1,<environment.Job instance at 0x14bbee95f820>,21,1,[7 2],36,58,59,22,36
1,<environment.Job instance at 0x14bbee46df00>,1,1,[8 2],2,2,3,0,2
1,<environment.Job instance at 0x14bbee46d5f0>,0,3,[10  1],1,3,6,2,2
1,<environment.Job instance at 0x14bbee46d550>,3,1,[9 2],6,6,7,0,6
1,<environment.Job instance at 0x14bbff2677d0>,4,2,[1 8],8,8,10,0,8
1,<environment.Job instance at 0x14bbff267960>,5,1,[1 7],9,10,11,1,9
1,<environment.Job instance at 0x14bbee95f820>,2,19,[1 5],5,13,32,8,13
1,<environment.Job instance at 0x14bbef626460>,8,3,[ 2 10],17,32,35,15,17
1,<environment.Job instance at 0x14bbef626550>,9,3,[2 8],18,35,38,17,18
1,<environment.Job instance at 0x14bbf18514b0>,11,3,[10  2],21,38,41,17,21
1,<environment.Job instance at 0x14bbee920d20>,12,2,[2 7],22,41,43,19,22
1,<environment.Job instance at 0x14bbf18c7dc0>,13,12,[ 1 10],23,43,55,20,26
1,<environment.Job instance at 0x14bbf2615410>,17,13,[2 7],27,55,68,28,39
1,<environment.Job instance at 0x14bbf19a78c0>,10,2,[2 7],19,68,70,49,64
1,<environment.Job instance at 0x14bbee683c30>,18,1,[1 5],28,70,71,42,64
1,<environment.Job instance at 0x14bbeeb8a7d0>,28,1,[2 8],41,71,72,30,65
1,<environment.Job instance at 0x14bbf1775be0>,23,15,[ 2 10],36,72,87,36,65
1,<environment.Job instance at 0x14bbf18dc3c0>,34,2,[1 9],49,87,89,38,65
1,<environment.Job instance at 0x14bbeeb2ce10>,35,1,[1 6],50,89,90,39,65
1,<environment.Job instance at 0x14bbf18dc140>,31,3,[2 5],46,90,93,44,65
1,<environment.Job instance at 0x14bbf18dc910>,36,3,[6 1],53,65,68,12,65
1,<environment.Job instance at 0x14bbf1879dc0>,38,2,[2 7],55,93,95,38,66
1,<environment.Job instance at 0x14bbeeb2cb40>,37,2,[9 2],54,95,97,41,68
1,<environment.Job instance at 0x14bbf1879e60>,39,1,[2 5],56,70,71,14,68
1,<environment.Job instance at 0x14bbf1879870>,41,2,[ 1 10],60,97,99,37,70
1,<environment.Job instance at 0x14bbf18dc960>,32,1,[2 6],47,99,100,52,82
1,<environment.Job instance at 0x14bbf1879d70>,42,16,[7 2],62,99,115,37,86
1,<environment.Job instance at 0x14bbf2a4a410>,49,1,[9 1],76,87,88,11,86
1,<environment.Job instance at 0x14bbf260c2d0>,51,1,[1 5],78,90,91,12,88
1,<environment.Job instance at 0x14bbee302c80>,52,3,[10  1],79,115,118,36,89
1,<environment.Job instance at 0x14bbeeac3be0>,53,3,[2 9],81,118,121,37,92
1,<environment.Job instance at 0x14bbf1879730>,40,14,[1 9],59,121,135,62,118
1,<environment.Job instance at 0x14bbee85f640>,65,1,[8 1],100,118,119,18,118
1,<environment.Job instance at 0x14bbee85f460>,66,12,[6 1],101,119,131,18,118
1,<environment.Job instance at 0x14bbee85f780>,67,13,[2 6],102,135,148,33,119
1,<environment.Job instance at 0x14bbee85f820>,68,2,[2 8],104,148,150,44,121
1,<environment.Job instance at 0x14bbee85f230>,69,3,[1 9],105,150,153,45,124
1,<environment.Job instance at 0x14bbef897b40>,72,3,[1 5],111,153,156,42,143
1,<environment.Job instance at 0x14bbeeae53c0>,73,1,[7 2],113,143,144,30,143
1,<environment.Job instance at 0x14bbef897460>,74,2,[8 1],114,144,146,30,144
1,<environment.Job instance at 0x14bbf29a75f0>,77,3,[1 9],117,156,159,39,147
1,<environment.Job instance at 0x14bbf29a7eb0>,78,2,[2 5],118,153,155,35,147
1,<environment.Job instance at 0x14bbeeae5960>,75,18,[7 2],115,204,222,89,204
1,<environment.Job instance at 0x14bbfc038cd0>,94,1,[6 2],143,222,223,79,208
1,<environment.Job instance at 0x14bbfc02dcd0>,79,14,[8 2],119,226,240,107,226
1,<environment.Job instance at 0x14bbf29b8370>,103,3,[ 1 10],157,288,291,131,288
1,<environment.Job instance at 0x14bbeed85b90>,108,12,[2 5],166,291,303,125,289
1,<environment.Job instance at 0x14bbef872730>,112,17,[ 2 10],172,303,320,131,292
1,<environment.Job instance at 0x14bbef872f00>,120,3,[2 5],185,293,296,108,293
1,<environment.Job instance at 0x14bbee67c190>,43,12,[8 1],63,896,908,833,896
1,<environment.Job instance at 0x14bbfd0f7730>,13,13,[10  2],25,25,38,0,25
1,<environment.Job instance at 0x14bbeee88320>,1,13,[8 1],4,38,51,34,32
1,<environment.Job instance at 0x14bbee0a1140>,20,1,[9 1],33,51,52,18,33
1,<environment.Job instance at 0x14bbf2694f00>,21,1,[9 1],34,52,53,18,35
1,<environment.Job instance at 0x14bbfcf744b0>,23,17,[1 6],37,40,57,3,40
1,<environment.Job instance at 0x14bbfcf71f50>,24,2,[8 2],40,53,55,13,40
1,<environment.Job instance at 0x14bbf1b59500>,25,2,[5 2],41,55,57,14,41
1,<environment.Job instance at 0x14bbf00f1140>,26,2,[6 1],42,57,59,15,44
1,<environment.Job instance at 0x14bbef549a00>,27,1,[1 9],43,57,58,14,44
1,<environment.Job instance at 0x14bbef549eb0>,28,1,[7 1],44,59,60,15,44
1,<environment.Job instance at 0x14bbee8955f0>,29,2,[2 5],45,58,60,13,46
1,<environment.Job instance at 0x14bbee895460>,31,13,[5 2],47,60,73,13,54
1,<environment.Job instance at 0x14bbfcfce870>,19,15,[1 8],32,60,75,28,58
1,<environment.Job instance at 0x14bbee895050>,37,16,[7 2],55,73,89,18,69
1,<environment.Job instance at 0x14bbee559050>,47,1,[8 1],71,89,90,18,74
1,<environment.Job instance at 0x14bbee559500>,49,1,[9 2],75,90,91,15,75
1,<environment.Job instance at 0x14bbfd08d500>,3,17,[1 8],9,23,40,14,23
1,<environment.Job instance at 0x14bbef549a00>,16,3,[5 1],29,29,32,0,29
1,<environment.Job instance at 0x14bbf2985cd0>,17,1,[ 1 10],30,40,41,10,30
1,<environment.Job instance at 0x14bbf2985be0>,19,3,[5 2],33,33,36,0,33
1,<environment.Job instance at 0x14bbf2985410>,20,1,[8 2],34,36,37,2,34
1,<environment.Job instance at 0x14bbf29853c0>,18,3,[1 7],31,41,44,10,36
1,<environment.Job instance at 0x14bbf2985870>,21,3,[1 7],36,44,47,8,36
1,<environment.Job instance at 0x14bbf2985780>,22,2,[2 8],38,47,49,9,39
1,<environment.Job instance at 0x14bbeed6f780>,25,1,[1 8],45,49,50,4,47
1,<environment.Job instance at 0x14bbfcf145f0>,27,3,[2 9],49,50,53,1,49
1,<environment.Job instance at 0x14bbfcf140a0>,26,1,[7 2],48,49,50,1,49
1,<environment.Job instance at 0x14bbef549550>,12,15,[7 1],23,50,65,27,50
1,<environment.Job instance at 0x14bbfcf10f50>,30,1,[9 1],52,65,66,13,52
1,<environment.Job instance at 0x14bbfcf10230>,31,2,[7 2],55,66,68,11,55
1,<environment.Job instance at 0x14bbee898d70>,32,3,[9 2],56,68,71,12,56
1,<environment.Job instance at 0x14bbee6e2190>,33,14,[8 1],57,71,85,14,57
1,<environment.Job instance at 0x14bbee898e60>,35,3,[9 1],60,85,88,25,60
1,<environment.Job instance at 0x14bbef589e60>,34,3,[ 1 10],59,88,91,29,63
1,<environment.Job instance at 0x14bbf24fcc30>,39,3,[2 5],64,71,74,7,64
1,<environment.Job instance at 0x14bbfd2feeb0>,40,15,[1 5],65,91,106,26,79
1,<environment.Job instance at 0x14bbee3a9cd0>,54,1,[ 2 10],88,106,107,18,88
1,<environment.Job instance at 0x14bbee26ee10>,55,2,[1 8],89,107,109,18,89
1,<environment.Job instance at 0x14bbee3a9d70>,53,15,[2 9],84,327,342,243,327
1,<environment.Job instance at 0x14bbee24d320>,78,17,[2 9],131,342,359,211,338
1,<environment.Job instance at 0x14bbeea45c80>,37,15,[2 5],62,499,514,437,499
1,<environment.Job instance at 0x14bbeead25a0>,46,14,[2 5],72,502,516,430,502
1,<environment.Job instance at 0x14bbee478f00>,111,3,[2 5],187,514,517,327,512
1,<environment.Job instance at 0x14bbee478af0>,112,2,[9 2],188,535,537,347,535
1,<environment.Job instance at 0x14bbeedb2960>,4,2,[2 9],6,6,8,0,6
1,<environment.Job instance at 0x14bbeedb2370>,8,1,[8 1],17,17,18,0,17
1,<environment.Job instance at 0x14bbfcf39730>,11,2,[1 5],20,21,23,1,21
1,<environment.Job instance at 0x14bbfcf39d20>,12,3,[2 9],21,23,26,2,21
1,<environment.Job instance at 0x14bbfcf3c820>,14,14,[1 8],23,27,41,4,27
1,<environment.Job instance at 0x14bbee203f50>,25,12,[9 1],36,37,49,1,37
1,<environment.Job instance at 0x14bbee56a460>,26,3,[1 8],38,41,44,3,39
1,<environment.Job instance at 0x14bbfc3beb90>,28,2,[7 2],40,49,51,9,40
1,<environment.Job instance at 0x14bbee3a3280>,29,2,[1 6],41,44,46,3,43
1,<environment.Job instance at 0x14bbf2610550>,10,12,[1 6],19,46,58,27,44
1,<environment.Job instance at 0x14bbf2a64780>,32,2,[8 2],45,51,53,6,46
1,<environment.Job instance at 0x14bbeee3caf0>,33,1,[2 9],47,58,59,11,47
1,<environment.Job instance at 0x14bbeee3c550>,34,2,[1 7],48,59,61,11,48
1,<environment.Job instance at 0x14bbee3acbe0>,35,2,[8 1],49,53,55,4,49
1,<environment.Job instance at 0x14bbee3ac500>,36,1,[5 1],50,55,56,5,50
1,<environment.Job instance at 0x14bbf1c1b910>,4,2,[9 1],8,12,14,4,12
1,<environment.Job instance at 0x14bbf1c1b9b0>,5,3,[1 8],9,12,15,3,12
1,<environment.Job instance at 0x14bbee9b1b40>,7,3,[8 2],14,14,17,0,14
1,<environment.Job instance at 0x14bbf1c1be60>,8,16,[2 8],15,22,38,7,22
1,<environment.Job instance at 0x14bbee201910>,13,3,[7 1],25,25,28,0,25
1,<environment.Job instance at 0x14bbee2018c0>,14,3,[2 6],26,38,41,12,26
1,<environment.Job instance at 0x14bbfc31cd70>,15,3,[2 9],27,41,44,14,27
1,<environment.Job instance at 0x14bbee2febe0>,16,2,[8 1],28,28,30,0,28
1,<environment.Job instance at 0x14bbee20cfa0>,17,13,[10  1],30,44,57,14,30
1,<environment.Job instance at 0x14bbee535230>,18,3,[8 1],31,31,34,0,31
1,<environment.Job instance at 0x14bbee486870>,19,2,[2 6],36,57,59,21,36
1,<environment.Job instance at 0x14bbee303c30>,20,3,[10  1],37,59,62,22,37
1,<environment.Job instance at 0x14bbee303730>,21,3,[1 8],39,62,65,23,39
1,<environment.Job instance at 0x14bbee53a460>,22,2,[5 2],41,57,59,16,41
1,<environment.Job instance at 0x14bbeec3d5a0>,24,1,[2 9],44,65,66,21,44
1,<environment.Job instance at 0x14bbfe977eb0>,25,3,[ 2 10],45,66,69,21,45
1,<environment.Job instance at 0x14bbfe9770f0>,26,2,[6 1],46,62,64,16,46
1,<environment.Job instance at 0x14bbfcf69500>,27,1,[8 1],49,64,65,15,49
1,<environment.Job instance at 0x14bbeec3dc80>,23,1,[2 7],43,69,70,26,51
1,<environment.Job instance at 0x14bbfcf69640>,28,12,[7 1],50,69,81,19,54
1,<environment.Job instance at 0x14bbeec69500>,33,3,[ 2 10],55,81,84,26,55
1,<environment.Job instance at 0x14bbeec69c80>,34,1,[6 2],56,84,85,28,56
1,<environment.Job instance at 0x14bbeec692d0>,35,2,[5 1],57,85,87,28,58
1,<environment.Job instance at 0x14bbeec694b0>,37,3,[2 7],60,70,73,10,60
1,<environment.Job instance at 0x14bbeec69d20>,38,3,[9 2],61,87,90,26,61
1,<environment.Job instance at 0x14bbfe9c43c0>,42,2,[2 7],67,73,75,6,70
1,<environment.Job instance at 0x14bbfe9c4e10>,43,2,[8 1],68,90,92,22,70
1,<environment.Job instance at 0x14bbf1b28870>,44,2,[9 1],70,92,94,22,70
1,<environment.Job instance at 0x14bbf26be550>,45,3,[6 1],71,94,97,23,71
1,<environment.Job instance at 0x14bbeec69460>,30,16,[1 7],52,84,100,32,74
1,<environment.Job instance at 0x14bbee4f8e60>,48,3,[8 1],75,97,100,22,75
1,<environment.Job instance at 0x14bbf1ad6d20>,49,1,[1 7],76,76,77,0,76
1,<environment.Job instance at 0x14bbee440af0>,50,2,[1 9],77,77,79,0,77
1,<environment.Job instance at 0x14bbeee50c80>,53,2,[ 1 10],83,100,102,17,84
1,<environment.Job instance at 0x14bbee598aa0>,56,3,[7 1],89,102,105,13,93
1,<environment.Job instance at 0x14bbeee505f0>,51,21,[5 2],78,105,126,27,97
1,<environment.Job instance at 0x14bbee5987d0>,58,1,[2 6],91,102,103,11,97
1,<environment.Job instance at 0x14bbee262f50>,59,3,[8 1],93,126,129,33,100
1,<environment.Job instance at 0x14bbee5d45f0>,60,15,[2 5],95,104,119,9,104
1,<environment.Job instance at 0x14bbee5d4140>,61,1,[9 1],96,129,130,33,104
1,<environment.Job instance at 0x14bbee5d43c0>,63,2,[2 8],98,119,121,21,109
1,<environment.Job instance at 0x14bbee5d4500>,65,15,[2 8],100,130,145,30,116
1,<environment.Job instance at 0x14bbee5d4d20>,67,2,[1 6],102,121,123,19,116
1,<environment.Job instance at 0x14bbfcf69aa0>,29,26,[8 2],51,135,161,84,135
1,<environment.Job instance at 0x14bbf26107d0>,76,2,[2 7],114,145,147,31,135
1,<environment.Job instance at 0x14bbf2610730>,81,3,[6 1],121,172,175,51,172
1,<environment.Job instance at 0x14bbee5b0fa0>,82,3,[1 8],122,172,175,50,172
1,<environment.Job instance at 0x14bbee5b0eb0>,84,15,[1 8],126,175,190,49,172
1,<environment.Job instance at 0x14bbee5d4640>,62,15,[10  2],97,190,205,93,177
1,<environment.Job instance at 0x14bbee5b03c0>,89,3,[ 2 10],134,205,208,71,179
1,<environment.Job instance at 0x14bbf539dcd0>,90,3,[1 9],136,208,211,72,182
1,<environment.Job instance at 0x14bbf539df00>,91,2,[10  2],137,211,213,74,184
1,<environment.Job instance at 0x14bbf539d230>,92,1,[ 2 10],141,213,214,72,185
1,<environment.Job instance at 0x14bbee117370>,109,18,[ 1 10],166,214,232,48,203
1,<environment.Job instance at 0x14bbeed52a00>,120,22,[10  2],180,238,260,58,238
1,<environment.Job instance at 0x14bbeec69140>,36,18,[6 2],58,1037,1055,979,1037
1,<environment.Job instance at 0x14bbfe9c2eb0>,0,1,[ 1 10],2,4,5,2,4
1,<environment.Job instance at 0x14bbee200280>,5,3,[1 9],8,19,22,11,19
1,<environment.Job instance at 0x14bbf253fc30>,15,3,[9 2],22,28,31,6,28
1,<environment.Job instance at 0x14bbf2a7cb90>,20,3,[5 2],29,31,34,2,30
1,<environment.Job instance at 0x14bbf2a7cb40>,21,22,[1 8],30,30,52,0,30
1,<environment.Job instance at 0x14bbfcf86780>,4,14,[10  2],7,52,66,45,38
1,<environment.Job instance at 0x14bbf2a800a0>,27,3,[6 1],39,39,42,0,39
1,<environment.Job instance at 0x14bbee8629b0>,28,1,[ 2 10],40,66,67,26,40
1,<environment.Job instance at 0x14bbee862cd0>,29,2,[1 9],41,67,69,26,41
1,<environment.Job instance at 0x14bbee862c80>,30,12,[ 2 10],42,69,81,27,52
1,<environment.Job instance at 0x14bbee35f230>,47,2,[9 2],64,81,83,17,81
1,<environment.Job instance at 0x14bbee1eb2d0>,48,3,[10  1],65,83,86,18,81
1,<environment.Job instance at 0x14bbf1926820>,3,12,[1 7],6,86,98,80,81
1,<environment.Job instance at 0x14bbf26c13c0>,5,1,[8 1],12,12,13,0,12
1,<environment.Job instance at 0x14bbef4ed730>,8,15,[6 1],15,52,67,37,52
1,<environment.Job instance at 0x14bbfc3362d0>,27,3,[6 1],45,67,70,22,52
1,<environment.Job instance at 0x14bbfc336050>,28,14,[ 2 10],46,70,84,24,55
1,<environment.Job instance at 0x14bbee0d5190>,29,2,[7 1],48,84,86,36,57
1,<environment.Job instance at 0x14bbef4f3a50>,30,1,[1 7],49,57,58,8,57
1,<environment.Job instance at 0x14bbef4f38c0>,31,2,[7 1],50,86,88,36,59
1,<environment.Job instance at 0x14bbee2e3500>,33,3,[1 7],52,59,62,7,59
1,<environment.Job instance at 0x14bbef4ed820>,9,16,[7 2],17,281,297,264,281
1,<environment.Job instance at 0x14bbee3a8140>,95,18,[6 2],149,310,328,161,310
1,<environment.Job instance at 0x14bbeead1730>,114,13,[2 7],174,325,338,151,325
1,<environment.Job instance at 0x14bbee363aa0>,0,13,[9 2],1,1,14,0,1
1,<environment.Job instance at 0x14bbf267c9b0>,6,2,[9 1],9,14,16,5,9
1,<environment.Job instance at 0x14bbef527dc0>,8,3,[1 6],11,22,25,11,22
1,<environment.Job instance at 0x14bbee716910>,17,3,[2 9],30,32,35,2,32
1,<environment.Job instance at 0x14bbee9adaf0>,20,1,[1 5],35,37,38,2,37
1,<environment.Job instance at 0x14bbf192fd70>,21,13,[8 2],37,39,52,2,39
1,<environment.Job instance at 0x14bbeed72b40>,25,2,[2 9],41,52,54,11,46
1,<environment.Job instance at 0x14bbf1a31be0>,28,1,[ 2 10],44,54,55,10,47
1,<environment.Job instance at 0x14bbf1bab0a0>,30,20,[5 2],46,55,75,9,48
1,<environment.Job instance at 0x14bbef5336e0>,32,13,[1 8],49,118,131,69,118
1,<environment.Job instance at 0x14bbee14e2d0>,46,1,[2 8],69,131,132,62,122
1,<environment.Job instance at 0x14bbfc4a0d70>,50,1,[7 2],75,125,126,50,125
1,<environment.Job instance at 0x14bbfc4a0320>,51,12,[10  2],77,132,144,55,127
1,<environment.Job instance at 0x14bbef53aaa0>,53,3,[6 1],81,144,147,63,137
1,<environment.Job instance at 0x14bbef537aa0>,54,3,[2 6],82,173,176,91,173
1,<environment.Job instance at 0x14bbfd06f780>,23,14,[6 2],39,233,247,194,233
1,<environment.Job instance at 0x14bbfc3de960>,95,3,[10  2],138,247,250,109,233
1,<environment.Job instance at 0x14bbfc3def50>,96,2,[ 2 10],139,250,252,111,233
1,<environment.Job instance at 0x14bbf258c7d0>,101,18,[9 1],146,253,271,107,253
1,<environment.Job instance at 0x14bbef65d190>,97,17,[1 8],141,265,282,124,265
1,<environment.Job instance at 0x14bbee3c9d70>,109,20,[6 2],158,273,293,115,273
1,<environment.Job instance at 0x14bbfe9c4320>,112,2,[1 6],162,282,284,120,273
1,<environment.Job instance at 0x14bbfe9c4140>,113,3,[ 2 10],164,293,296,129,273
1,<environment.Job instance at 0x14bbfcefd870>,61,17,[6 2],90,363,380,273,363
1,<environment.Job instance at 0x14bbfc2c3d20>,1,2,[8 1],2,3,5,1,3
1,<environment.Job instance at 0x14bbfc2c3460>,5,3,[ 2 10],7,10,13,3,10
1,<environment.Job instance at 0x14bbee861a00>,3,14,[2 9],4,18,32,14,18
1,<environment.Job instance at 0x14bbef660280>,14,1,[1 8],19,32,33,13,19
1,<environment.Job instance at 0x14bbef660b40>,15,1,[2 5],20,33,34,13,20
1,<environment.Job instance at 0x14bbf1b5e0f0>,20,2,[5 1],27,951,953,924,951
1,<environment.Job instance at 0x14bbee444be0>,21,16,[6 2],28,953,969,925,951
1,<environment.Job instance at 0x14bbee2fe820>,27,3,[ 1 10],38,969,972,931,951
1,<environment.Job instance at 0x14bbef640d70>,28,1,[8 2],39,972,973,933,951
1,<environment.Job instance at 0x14bbef660cd0>,17,3,[8 2],22,973,976,951,956
1,<environment.Job instance at 0x14bbf1a90d20>,35,3,[5 2],47,976,979,929,957
1,<environment.Job instance at 0x14bbf1c0ea00>,29,16,[6 2],40,979,995,939,966
1,<environment.Job instance at 0x14bbee68b820>,39,3,[1 9],56,995,998,939,969
1,<environment.Job instance at 0x14bbee68b140>,41,2,[6 1],58,995,997,937,970
1,<environment.Job instance at 0x14bbee68bbe0>,42,2,[8 1],59,997,999,938,971
1,<environment.Job instance at 0x14bbee68ba50>,43,15,[1 7],60,972,987,912,971
1,<environment.Job instance at 0x14bbee3c4f50>,44,2,[1 7],61,987,989,926,971
1,<environment.Job instance at 0x14bbee967f00>,45,2,[10  1],62,999,1001,937,972
1,<environment.Job instance at 0x14bbf00e3dc0>,46,1,[5 2],64,1001,1002,937,973
1,<environment.Job instance at 0x14bbee3c4fa0>,47,3,[10  1],65,1002,1005,937,976
1,<environment.Job instance at 0x14bbf2712410>,48,1,[8 1],66,1005,1006,939,977
1,<environment.Job instance at 0x14bbee68bcd0>,40,16,[10  1],57,1006,1022,949,993
1,<environment.Job instance at 0x14bbee12f9b0>,63,19,[8 1],82,1022,1041,940,1012
1,<environment.Job instance at 0x14bbee12f8c0>,66,2,[9 2],86,1041,1043,955,1014
1,<environment.Job instance at 0x14bbee12fdc0>,67,1,[ 1 10],88,1043,1044,955,1015
1,<environment.Job instance at 0x14bbef0d0aa0>,69,1,[2 6],92,1022,1023,930,1017
1,<environment.Job instance at 0x14bbef0d03c0>,70,1,[1 8],93,1023,1024,930,1017
1,<environment.Job instance at 0x14bbef0d0870>,72,1,[1 9],95,1026,1027,931,1026
1,<environment.Job instance at 0x14bbeeb2f9b0>,74,1,[10  2],97,1044,1045,947,1026
1,<environment.Job instance at 0x14bbeeb2fd20>,75,1,[6 2],99,1045,1046,946,1026
1,<environment.Job instance at 0x14bbeeb2f0a0>,80,1,[6 2],109,1046,1047,937,1026
1,<environment.Job instance at 0x14bbeeb2f280>,83,3,[7 1],112,1047,1050,935,1026
1,<environment.Job instance at 0x14bbeeb2fb40>,84,1,[1 6],113,1027,1028,914,1026
1,<environment.Job instance at 0x14bbeeb2fa00>,85,3,[6 2],114,1050,1053,936,1026
1,<environment.Job instance at 0x14bbeeb2fdc0>,86,2,[2 7],116,1028,1030,912,1026
1,<environment.Job instance at 0x14bbeeb2ff00>,87,3,[1 5],117,1030,1033,913,1027
1,<environment.Job instance at 0x14bbeeb2feb0>,88,3,[1 6],120,1033,1036,913,1027
1,<environment.Job instance at 0x14bbeeb2f690>,91,3,[5 1],127,1053,1056,926,1027
1,<environment.Job instance at 0x14bbeeb2f370>,93,1,[6 2],129,1056,1057,927,1028
1,<environment.Job instance at 0x14bbeeb2f1e0>,94,3,[ 2 10],130,1057,1060,927,1031
1,<environment.Job instance at 0x14bbee3ba280>,95,3,[5 2],133,1053,1056,920,1031
1,<environment.Job instance at 0x14bbee3ba320>,96,2,[2 8],135,1036,1038,901,1031
1,<environment.Job instance at 0x14bbee3ba410>,97,3,[ 2 10],136,1060,1063,924,1034
1,<environment.Job instance at 0x14bbee3baaa0>,98,1,[8 1],137,1063,1064,926,1035
1,<environment.Job instance at 0x14bbeeb2f6e0>,92,13,[10  1],128,1064,1077,936,1048
1,<environment.Job instance at 0x14bbee3ba5f0>,108,3,[2 8],148,1050,1053,902,1050
1,<environment.Job instance at 0x14bbee3ba1e0>,111,2,[7 1],151,1077,1079,926,1054
1,<environment.Job instance at 0x14bbee3ba640>,112,18,[2 8],152,1077,1095,925,1066
1,<environment.Job instance at 0x14bbee3bac80>,99,20,[7 2],139,1079,1099,940,1077
1,<environment.Job instance at 0x14bbf2523460>,119,13,[5 2],164,1099,1112,935,1083
1,<environment.Job instance at 0x14bbf2523f50>,126,3,[1 6],179,1095,1098,916,1083
1,<environment.Job instance at 0x14bbf2523190>,128,15,[ 1 10],184,1112,1127,928,1098
1,<environment.Job instance at 0x14bbfd0b2730>,37,15,[5 1],52,1178,1193,1126,1178
1,<environment.Job instance at 0x14bbf2523370>,130,13,[8 1],186,1200,1213,1014,1200
1,<environment.Job instance at 0x14bbee86d4b0>,4,1,[9 1],5,5,6,0,5
1,<environment.Job instance at 0x14bbee86db40>,7,2,[1 9],10,10,12,0,10
1,<environment.Job instance at 0x14bbf1b83370>,14,3,[2 5],18,18,21,0,18
1,<environment.Job instance at 0x14bbee7c98c0>,15,2,[2 5],19,19,21,0,19
1,<environment.Job instance at 0x14bbee5295f0>,16,13,[1 5],20,21,34,1,20
1,<environment.Job instance at 0x14bbee86df50>,6,12,[1 7],9,34,46,25,20
1,<environment.Job instance at 0x14bbeeac5140>,19,17,[5 1],23,23,40,0,23
1,<environment.Job instance at 0x14bbee879640>,21,3,[8 2],25,40,43,15,25
1,<environment.Job instance at 0x14bbee261370>,24,3,[8 1],28,43,46,15,28
1,<environment.Job instance at 0x14bbee26b140>,26,3,[7 2],30,46,49,16,30
1,<environment.Job instance at 0x14bbee26bd70>,27,13,[7 2],33,49,62,16,37
1,<environment.Job instance at 0x14bbfcfacaa0>,31,2,[1 7],38,46,48,8,38
1,<environment.Job instance at 0x14bbfcfacdc0>,32,1,[10  1],40,62,63,22,40
1,<environment.Job instance at 0x14bbfcfac5f0>,33,2,[1 7],41,48,50,7,41
1,<environment.Job instance at 0x14bbeecc9c80>,34,2,[8 1],44,63,65,19,44
1,<environment.Job instance at 0x14bbeecc98c0>,35,3,[2 7],46,50,53,4,46
1,<environment.Job instance at 0x14bbeecc9280>,36,3,[7 2],47,65,68,18,47
1,<environment.Job instance at 0x14bbeecc9230>,37,3,[2 8],48,53,56,5,48
1,<environment.Job instance at 0x14bbeecc9d70>,38,3,[1 7],50,56,59,6,50
1,<environment.Job instance at 0x14bbee52e550>,39,1,[1 7],51,59,60,8,51
1,<environment.Job instance at 0x14bbfc6e1d70>,30,12,[10  2],37,68,80,31,52
1,<environment.Job instance at 0x14bbee72aaa0>,42,2,[8 2],54,80,82,26,54
1,<environment.Job instance at 0x14bbee72a500>,43,3,[10  1],55,82,85,27,56
1,<environment.Job instance at 0x14bbee5178c0>,45,3,[1 6],58,63,66,5,58
1,<environment.Job instance at 0x14bbee72ad20>,40,17,[1 7],52,86,103,34,86
1,<environment.Job instance at 0x14bbee278c30>,65,3,[7 2],85,86,89,1,86
1,<environment.Job instance at 0x14bbee28c0a0>,66,17,[5 2],86,93,110,7,93
1,<environment.Job instance at 0x14bbeea9a3c0>,74,18,[7 2],94,110,128,16,99
1,<environment.Job instance at 0x14bbeea9a7d0>,76,3,[7 1],96,128,131,32,102
1,<environment.Job instance at 0x14bbeea75550>,77,2,[5 2],98,103,105,5,102
1,<environment.Job instance at 0x14bbeea75190>,78,1,[6 2],99,131,132,32,103
1,<environment.Job instance at 0x14bbeea75be0>,79,3,[1 6],100,105,108,5,103
1,<environment.Job instance at 0x14bbeea75d70>,80,16,[8 2],101,152,168,51,152
1,<environment.Job instance at 0x14bbee731a00>,96,3,[ 1 10],130,168,171,38,152
1,<environment.Job instance at 0x14bbee731500>,97,3,[10  2],131,171,174,40,152
1,<environment.Job instance at 0x14bbee731fa0>,98,16,[1 8],132,152,168,20,152
1,<environment.Job instance at 0x14bbee7311e0>,101,15,[9 1],136,174,189,38,160
1,<environment.Job instance at 0x14bbeeaafa50>,107,2,[7 2],144,189,191,45,162
1,<environment.Job instance at 0x14bbeeaaf410>,108,2,[6 2],147,191,193,44,164
1,<environment.Job instance at 0x14bbeeaaf870>,109,3,[6 1],148,193,196,45,167
1,<environment.Job instance at 0x14bbeeaaf910>,110,12,[9 1],150,196,208,46,180
1,<environment.Job instance at 0x14bbee25a050>,113,27,[1 8],155,182,209,27,182
1,<environment.Job instance at 0x14bbee25a2d0>,116,3,[ 1 10],161,209,212,48,183
1,<environment.Job instance at 0x14bbee25a410>,118,1,[2 5],163,212,213,49,185
1,<environment.Job instance at 0x14bbf1a2cd70>,123,1,[5 2],171,208,209,37,186
1,<environment.Job instance at 0x14bbf1a2ca50>,126,3,[1 5],175,212,215,37,186
1,<environment.Job instance at 0x14bbf1a2cfa0>,129,1,[ 1 10],178,215,216,37,187
1,<environment.Job instance at 0x14bbf1a2c3c0>,130,3,[8 2],180,216,219,36,190
1,<environment.Job instance at 0x14bbeea56cd0>,134,17,[10  2],188,219,236,31,210
1,<environment.Job instance at 0x14bbee7c9280>,11,18,[9 1],15,720,738,705,720
1,<environment.Job instance at 0x14bbeed647d0>,0,19,[9 2],1,1,20,0,1
1,<environment.Job instance at 0x14bbee731eb0>,4,3,[9 2],7,20,23,13,7
1,<environment.Job instance at 0x14bbef5fb690>,3,3,[1 8],6,9,12,3,9
1,<environment.Job instance at 0x14bbef548e60>,11,2,[ 1 10],15,23,25,8,15
1,<environment.Job instance at 0x14bbeeb979b0>,12,1,[6 1],17,25,26,8,17
1,<environment.Job instance at 0x14bbef548960>,10,15,[10  2],14,26,41,12,17
1,<environment.Job instance at 0x14bbef5486e0>,15,3,[9 2],21,41,44,20,21
1,<environment.Job instance at 0x14bbee0a7820>,16,3,[2 8],23,44,47,21,23
1,<environment.Job instance at 0x14bbee0a7c80>,17,3,[1 7],25,41,44,16,25
1,<environment.Job instance at 0x14bbee0a7a00>,18,2,[2 7],28,47,49,19,29
1,<environment.Job instance at 0x14bbf19b8b40>,19,2,[1 5],31,49,51,18,31
1,<environment.Job instance at 0x14bbee675f00>,21,14,[2 9],34,51,65,17,36
1,<environment.Job instance at 0x14bbf29ac3c0>,23,1,[7 2],37,44,45,7,37
1,<environment.Job instance at 0x14bbef892870>,24,1,[1 5],38,49,50,11,38
1,<environment.Job instance at 0x14bbee5339b0>,26,1,[1 8],40,65,66,25,42
1,<environment.Job instance at 0x14bbee5337d0>,28,1,[10  1],42,66,67,24,50
1,<environment.Job instance at 0x14bbf2a41c30>,29,1,[5 1],43,53,54,10,53
1,<environment.Job instance at 0x14bbf2a5f870>,25,17,[1 6],39,67,84,28,55
1,<environment.Job instance at 0x14bbeec27e60>,31,3,[1 5],47,84,87,37,58
1,<environment.Job instance at 0x14bbeec27460>,32,1,[ 1 10],48,87,88,39,59
1,<environment.Job instance at 0x14bbee0a7f00>,22,17,[8 2],36,88,105,52,80
1,<environment.Job instance at 0x14bbf26c7730>,30,1,[6 2],44,80,81,36,80
1,<environment.Job instance at 0x14bbf26dbeb0>,37,3,[10  2],56,105,108,49,81
1,<environment.Job instance at 0x14bbee70b960>,40,3,[5 2],60,81,84,21,81
1,<environment.Job instance at 0x14bbee70b8c0>,41,3,[2 9],61,108,111,47,82
1,<environment.Job instance at 0x14bbee70beb0>,42,12,[2 9],63,111,123,48,94
1,<environment.Job instance at 0x14bbf2a945a0>,51,3,[2 9],74,123,126,49,97
1,<environment.Job instance at 0x14bbf2a948c0>,52,1,[1 8],75,97,98,22,97
1,<environment.Job instance at 0x14bbf2a94c30>,53,1,[8 2],78,126,127,48,98
1,<environment.Job instance at 0x14bbf2a94af0>,54,2,[7 2],79,127,129,48,100
1,<environment.Job instance at 0x14bbee9251e0>,55,1,[1 8],80,100,101,20,100
1,<environment.Job instance at 0x14bbee4fd3c0>,59,15,[1 5],86,126,141,40,112
1,<environment.Job instance at 0x14bbee4fdaa0>,60,1,[2 7],90,141,142,51,113
1,<environment.Job instance at 0x14bbee4fd2d0>,61,2,[9 1],93,129,131,36,113
1,<environment.Job instance at 0x14bbee4fdc30>,62,1,[2 5],94,131,132,37,113
1,<environment.Job instance at 0x14bbee4fdc80>,63,1,[7 2],95,132,133,37,113
1,<environment.Job instance at 0x14bbee4fd730>,64,2,[1 7],97,142,144,45,115
1,<environment.Job instance at 0x14bbee4fd820>,66,1,[7 1],99,123,124,24,123
1,<environment.Job instance at 0x14bbf273bdc0>,67,1,[7 1],100,124,125,24,123
1,<environment.Job instance at 0x14bbf273b3c0>,68,13,[6 2],101,133,146,32,123
1,<environment.Job instance at 0x14bbf273b1e0>,69,1,[6 1],103,125,126,22,123
1,<environment.Job instance at 0x14bbf273b730>,70,1,[2 8],104,144,145,40,123
1,<environment.Job instance at 0x14bbf273b0a0>,71,2,[2 6],106,145,147,39,123
1,<environment.Job instance at 0x14bbf273bbe0>,72,1,[1 8],107,147,148,40,123
1,<environment.Job instance at 0x14bbf273b870>,73,3,[8 1],108,146,149,38,123
1,<environment.Job instance at 0x14bbf273bf50>,74,3,[5 2],109,149,152,40,123
1,<environment.Job instance at 0x14bbf273be10>,77,3,[1 9],112,152,155,40,126
1,<environment.Job instance at 0x14bbf273b820>,78,3,[1 5],113,148,151,35,126
1,<environment.Job instance at 0x14bbef520e10>,20,18,[2 7],32,163,181,131,163
1,<environment.Job instance at 0x14bbf2605730>,92,18,[7 2],131,165,183,34,165
1,<environment.Job instance at 0x14bbf26055f0>,98,1,[2 5],141,181,182,40,165
1,<environment.Job instance at 0x14bbfc41e5a0>,99,1,[7 2],142,183,184,41,165
1,<environment.Job instance at 0x14bbf2605050>,100,1,[1 9],143,184,185,41,165
1,<environment.Job instance at 0x14bbfc41e190>,101,2,[1 5],144,182,184,38,165
1,<environment.Job instance at 0x14bbfc41e1e0>,102,3,[9 1],145,184,187,39,165
1,<environment.Job instance at 0x14bbfc41ee60>,103,1,[ 2 10],146,187,188,41,165
1,<environment.Job instance at 0x14bbfc41eaa0>,104,3,[8 1],147,188,191,41,165
1,<environment.Job instance at 0x14bbf1c27280>,112,16,[1 8],156,188,204,32,175
1,<environment.Job instance at 0x14bbf1c270a0>,117,2,[1 6],162,204,206,42,187
1,<environment.Job instance at 0x14bbf1c27870>,119,2,[8 1],164,191,193,27,187
1,<environment.Job instance at 0x14bbfc6ba460>,121,2,[1 9],167,206,208,39,187
1,<environment.Job instance at 0x14bbfe9cd410>,122,2,[5 1],168,193,195,25,187
1,<environment.Job instance at 0x14bbfcff19b0>,127,14,[1 6],176,212,226,36,212
1,<environment.Job instance at 0x14bbeec84690>,128,12,[2 9],177,226,238,49,214
1,<environment.Job instance at 0x14bbf2a94730>,130,15,[1 5],179,238,253,59,233
1,<environment.Job instance at 0x14bbf1c27320>,115,15,[6 2],159,621,636,462,621
1,<environment.Job instance at 0x14bbf2605eb0>,87,14,[ 2 10],124,1177,1191,1053,1177
1,<environment.Job instance at 0x14bbf26db190>,35,19,[2 9],54,1212,1231,1158,1212
1,<environment.Job instance at 0x14bbf2a9baa0>,2,1,[1 6],5,5,6,0,5
1,<environment.Job instance at 0x14bbeedb5c80>,4,3,[2 8],7,7,10,0,7
1,<environment.Job instance at 0x14bbeedb5370>,6,2,[2 9],9,10,12,1,9
1,<environment.Job instance at 0x14bbf26db190>,3,15,[ 2 10],6,12,27,6,10
1,<environment.Job instance at 0x14bbeedb5500>,10,16,[1 7],14,27,43,13,25
1,<environment.Job instance at 0x14bbee967be0>,15,1,[2 7],19,43,44,24,25
1,<environment.Job instance at 0x14bbee9675f0>,16,3,[1 5],20,44,47,24,25
1,<environment.Job instance at 0x14bbee967640>,11,13,[8 2],15,34,47,19,34
1,<environment.Job instance at 0x14bbee967280>,17,15,[10  2],23,47,62,24,41
1,<environment.Job instance at 0x14bbee5a5640>,30,15,[6 2],42,62,77,20,48
1,<environment.Job instance at 0x14bbee7eb780>,34,19,[2 5],46,62,81,16,62
1,<environment.Job instance at 0x14bbee731460>,36,16,[10  1],48,81,97,33,68
1,<environment.Job instance at 0x14bbee7999b0>,44,1,[8 2],58,77,78,19,68
1,<environment.Job instance at 0x14bbee7994b0>,45,3,[ 2 10],59,97,100,38,71
1,<environment.Job instance at 0x14bbee799f50>,47,18,[2 8],61,100,118,39,89
1,<environment.Job instance at 0x14bbee624550>,53,15,[9 2],69,284,299,215,284
1,<environment.Job instance at 0x14bbfcfb0190>,65,3,[2 5],91,299,302,208,284
1,<environment.Job instance at 0x14bbfcfb0cd0>,66,2,[8 2],92,299,301,207,284
1,<environment.Job instance at 0x14bbfcfb0a00>,67,2,[10  2],93,302,304,209,284
1,<environment.Job instance at 0x14bbf1a30410>,104,3,[8 2],152,419,422,267,419
1,<environment.Job instance at 0x14bbeea757d0>,112,14,[2 6],167,450,464,283,450
1,<environment.Job instance at 0x14bbeea758c0>,118,1,[10  2],175,464,465,289,453
1,<environment.Job instance at 0x14bbeea75c80>,119,3,[10  1],176,465,468,289,456
1,<environment.Job instance at 0x14bbeea75140>,123,1,[ 2 10],182,468,469,286,457
1,<environment.Job instance at 0x14bbeea75550>,125,3,[ 2 10],184,469,472,285,457
1,<environment.Job instance at 0x14bbeea75f00>,127,3,[ 2 10],186,472,475,286,457
1,<environment.Job instance at 0x14bbeea75a50>,116,13,[9 2],172,885,898,713,885
1,<environment.Job instance at 0x14bbee799190>,38,12,[10  1],51,898,910,847,890
