iteration,job object,job ID,job Length,job ressource requirement,job enter time,job start time,job finish time,job waiting time,current time
1,<environment.Job instance at 0x152ba3a50370>,6,16,[2 7],9,25,41,16,13
1,<environment.Job instance at 0x152ba3a50af0>,10,3,[7 2],14,25,28,11,16
1,<environment.Job instance at 0x152ba3a52640>,0,3,[6 2],1,2,5,1,2
1,<environment.Job instance at 0x152ba3a50410>,2,1,[1 7],3,4,5,1,4
1,<environment.Job instance at 0x152ba2df37d0>,3,14,[6 2],5,7,21,2,7
1,<environment.Job instance at 0x152ba3a52500>,5,3,[6 1],8,21,24,13,8
1,<environment.Job instance at 0x152ba2c86870>,6,1,[5 2],10,24,25,14,10
1,<environment.Job instance at 0x152ba3a52460>,7,3,[8 1],11,25,28,14,11
1,<environment.Job instance at 0x152ba2c2a0f0>,1,1,[6 1],4,6,7,2,6
1,<environment.Job instance at 0x152ba2c2a410>,4,2,[1 9],8,9,11,1,9
1,<environment.Job instance at 0x152ba2c2a190>,2,3,[9 1],6,10,13,4,10
1,<environment.Job instance at 0x152ba196f0a0>,6,3,[1 8],11,11,14,0,11
1,<environment.Job instance at 0x152ba196fd20>,7,3,[8 1],12,13,16,1,13
1,<environment.Job instance at 0x152ba1970640>,1,3,[1 6],3,4,7,1,4
1,<environment.Job instance at 0x152ba06708c0>,7,3,[1 6],10,10,13,0,10
1,<environment.Job instance at 0x152ba065c870>,5,1,[8 1],8,10,11,2,10
1,<environment.Job instance at 0x152ba06702d0>,8,2,[2 8],11,13,15,2,13
1,<environment.Job instance at 0x152ba06b0a00>,11,1,[1 7],14,16,17,2,16
1,<environment.Job instance at 0x152ba1af92d0>,1,1,[ 1 10],7,9,10,2,9
1,<environment.Job instance at 0x152ba3873e10>,4,1,[8 1],10,12,13,2,12
1,<environment.Job instance at 0x152ba07816e0>,3,16,[10  1],9,22,38,13,22
1,<environment.Job instance at 0x152ba38734b0>,6,2,[10  1],14,38,40,24,23
1,<environment.Job instance at 0x152ba4dc8f50>,10,3,[7 2],14,20,23,6,20
1,<environment.Job instance at 0x152ba41689b0>,0,17,[ 1 10],3,23,40,20,20
1,<environment.Job instance at 0x152ba4deb9b0>,0,3,[6 2],1,2,5,1,2
1,<environment.Job instance at 0x152ba4deb050>,2,1,[1 7],3,3,4,0,3
1,<environment.Job instance at 0x152ba4deb2d0>,3,14,[6 2],5,14,28,9,14
1,<environment.Job instance at 0x152b9ec6c8c0>,10,3,[2 6],14,21,24,7,21
1,<environment.Job instance at 0x152b9ec6c780>,9,22,[8 2],13,28,50,15,21
1,<environment.Job instance at 0x152ba4dc8780>,1,13,[1 5],2,64,77,62,64
1,<environment.Job instance at 0x152b9ec6c320>,3,3,[2 8],7,7,10,0,7
1,<environment.Job instance at 0x152b9ec6e1e0>,2,3,[9 1],6,10,13,4,7
1,<environment.Job instance at 0x152ba1ef69b0>,6,3,[1 8],11,11,14,0,11
1,<environment.Job instance at 0x152ba0c8c190>,1,3,[1 6],3,6,9,3,6
1,<environment.Job instance at 0x152ba2d5c460>,0,3,[10  2],2,9,12,7,9
1,<environment.Job instance at 0x152ba12e1050>,8,2,[2 8],11,12,14,1,11
1,<environment.Job instance at 0x152ba12e12d0>,9,1,[2 9],12,14,15,2,12
1,<environment.Job instance at 0x152ba12e8870>,10,2,[2 5],13,15,17,2,14
1,<environment.Job instance at 0x152ba12d9050>,3,16,[10  1],9,14,30,5,14
1,<environment.Job instance at 0x152ba2925f50>,1,2,[2 5],4,5,7,1,5
1,<environment.Job instance at 0x152ba2925dc0>,3,2,[1 7],6,8,10,2,8
1,<environment.Job instance at 0x152ba2925e10>,4,2,[6 1],7,8,10,1,8
1,<environment.Job instance at 0x152baadb00f0>,0,17,[ 1 10],3,10,27,7,10
1,<environment.Job instance at 0x152b9fbc34b0>,8,13,[ 2 10],11,27,40,16,14
1,<environment.Job instance at 0x152b9fbf4460>,6,16,[2 7],9,50,66,41,50
1,<environment.Job instance at 0x152ba264d2d0>,0,3,[6 2],1,3,6,2,3
1,<environment.Job instance at 0x152b9f32fd20>,4,17,[1 7],7,12,29,5,12
1,<environment.Job instance at 0x152b9ef716e0>,8,21,[7 1],12,13,34,1,13
1,<environment.Job instance at 0x152b9ef71690>,10,3,[2 6],14,29,32,15,14
1,<environment.Job instance at 0x152ba1e57230>,1,13,[1 5],2,137,150,135,137
1,<environment.Job instance at 0x152ba36f3c80>,1,1,[6 1],4,6,7,2,6
1,<environment.Job instance at 0x152b9f32f230>,5,13,[1 6],9,9,22,0,9
1,<environment.Job instance at 0x152b9f07cd20>,3,3,[2 8],7,24,27,17,24
1,<environment.Job instance at 0x152b9ef7b5f0>,0,20,[ 1 10],2,39,59,37,39
1,<environment.Job instance at 0x152ba0a560f0>,1,3,[1 6],3,4,7,1,4
1,<environment.Job instance at 0x152b9ef71f00>,2,2,[2 7],4,7,9,3,5
1,<environment.Job instance at 0x152b9da7f230>,9,1,[2 9],12,13,14,1,13
1,<environment.Job instance at 0x152b9da7f190>,11,1,[1 7],14,16,17,2,16
1,<environment.Job instance at 0x152b9da7f320>,10,2,[2 5],13,17,19,4,16
1,<environment.Job instance at 0x152b9da810f0>,0,15,[ 2 10],1,9,24,8,9
1,<environment.Job instance at 0x152b9da7df00>,4,1,[8 1],10,24,25,14,10
1,<environment.Job instance at 0x152ba069a5a0>,5,1,[7 2],12,25,26,13,12
1,<environment.Job instance at 0x152ba06c03c0>,6,2,[10  1],14,26,28,12,14
1,<environment.Job instance at 0x152ba2dea4b0>,3,2,[1 7],6,6,8,0,6
1,<environment.Job instance at 0x152ba2dea370>,4,2,[6 1],7,7,9,0,7
1,<environment.Job instance at 0x152ba2dead20>,5,3,[9 1],8,10,13,2,10
1,<environment.Job instance at 0x152ba1f79460>,6,16,[2 7],9,13,29,4,13
1,<environment.Job instance at 0x152ba27f0a50>,0,17,[ 1 10],3,29,46,26,20
1,<environment.Job instance at 0x152ba1f79910>,8,13,[ 2 10],11,57,70,46,57
1,<environment.Job instance at 0x152ba1e09a50>,0,3,[6 2],1,5,8,4,5
1,<environment.Job instance at 0x152b9ed79b40>,8,21,[7 1],12,12,33,0,12
1,<environment.Job instance at 0x152ba1f5daf0>,1,13,[1 5],2,22,35,20,22
1,<environment.Job instance at 0x152b9ed79500>,9,22,[8 2],13,33,55,20,29
1,<environment.Job instance at 0x152ba3c59780>,5,13,[1 6],9,9,22,0,9
1,<environment.Job instance at 0x152b9faa7f00>,9,2,[5 1],14,14,16,0,14
1,<environment.Job instance at 0x152ba47c8280>,2,3,[9 1],6,16,19,10,14
1,<environment.Job instance at 0x152b9f7c29b0>,1,3,[1 6],3,4,7,1,4
1,<environment.Job instance at 0x152ba4430730>,0,3,[10  2],2,7,10,5,7
1,<environment.Job instance at 0x152b9dd3daf0>,5,1,[8 1],8,10,11,2,9
1,<environment.Job instance at 0x152b9dd3db40>,7,3,[1 6],10,10,13,0,10
1,<environment.Job instance at 0x152b9f6e89b0>,9,1,[2 9],12,13,14,1,12
1,<environment.Job instance at 0x152b9f6e8f00>,8,2,[2 8],11,14,16,3,14
1,<environment.Job instance at 0x152b9f6eb3c0>,11,1,[1 7],14,16,17,2,16
1,<environment.Job instance at 0x152b9f2afc30>,1,1,[ 1 10],7,8,9,1,8
1,<environment.Job instance at 0x152ba5662960>,6,2,[10  1],14,14,16,0,14
1,<environment.Job instance at 0x152ba25eec80>,4,2,[6 1],7,8,10,1,8
1,<environment.Job instance at 0x152ba0e25cd0>,6,16,[2 7],9,9,25,0,9
1,<environment.Job instance at 0x152ba2557f50>,8,13,[ 2 10],11,25,38,14,11
1,<environment.Job instance at 0x152ba2557140>,9,2,[ 2 10],12,38,40,26,12
1,<environment.Job instance at 0x152ba0e25190>,7,3,[5 1],10,56,59,46,56
1,<environment.Job instance at 0x152b9dc5c500>,0,3,[6 2],1,5,8,4,5
1,<environment.Job instance at 0x152ba2557320>,3,14,[6 2],5,8,22,3,6
1,<environment.Job instance at 0x152b9dc5b910>,1,13,[1 5],2,6,19,4,6
1,<environment.Job instance at 0x152ba3092d20>,7,3,[8 1],11,22,25,11,12
1,<environment.Job instance at 0x152b9db8b460>,10,3,[2 6],14,19,22,5,16
1,<environment.Job instance at 0x152ba13ac460>,4,17,[1 7],7,22,39,15,17
1,<environment.Job instance at 0x152ba492d370>,4,2,[1 9],8,9,11,1,9
1,<environment.Job instance at 0x152ba492d960>,2,3,[9 1],6,10,13,4,10
1,<environment.Job instance at 0x152ba126a1e0>,6,3,[1 8],11,11,14,0,11
1,<environment.Job instance at 0x152ba264b550>,9,2,[5 1],14,14,16,0,14
1,<environment.Job instance at 0x152ba2ac6460>,1,3,[1 6],3,3,6,0,3
1,<environment.Job instance at 0x152ba2eab640>,0,3,[10  2],2,6,9,4,6
1,<environment.Job instance at 0x152ba36ce690>,7,3,[1 6],10,11,14,1,11
1,<environment.Job instance at 0x152ba36ce0f0>,10,2,[2 5],13,14,16,1,13
1,<environment.Job instance at 0x152ba5a85d70>,11,1,[1 7],14,16,17,2,15
1,<environment.Job instance at 0x152ba5c84dc0>,4,1,[8 1],10,10,11,0,10
1,<environment.Job instance at 0x152ba5d7d5a0>,5,1,[7 2],12,13,14,1,13
1,<environment.Job instance at 0x152ba5c84280>,6,2,[10  1],14,16,18,2,16
1,<environment.Job instance at 0x152b9f757a50>,4,2,[6 1],7,8,10,1,8
1,<environment.Job instance at 0x152ba5624aa0>,0,17,[ 1 10],3,10,27,7,10
1,<environment.Job instance at 0x152b9f757410>,8,13,[ 2 10],11,27,40,16,11
1,<environment.Job instance at 0x152b9f757f50>,9,2,[ 2 10],12,40,42,28,13
1,<environment.Job instance at 0x152b9f757640>,10,3,[7 2],14,42,45,28,16
1,<environment.Job instance at 0x152b9f757870>,6,16,[2 7],9,52,68,43,52
1,<environment.Job instance at 0x152b9f5774b0>,0,3,[6 2],1,3,6,2,3
1,<environment.Job instance at 0x152b9f509cd0>,1,13,[1 5],2,11,24,9,11
1,<environment.Job instance at 0x152b9f577640>,3,14,[6 2],5,12,26,7,12
1,<environment.Job instance at 0x152ba3394050>,7,3,[8 1],12,12,15,0,12
1,<environment.Job instance at 0x152b9eedd320>,0,20,[ 1 10],2,20,40,18,20
1,<environment.Job instance at 0x152ba4caa5f0>,1,3,[1 6],3,4,7,1,4
1,<environment.Job instance at 0x152ba0c4c8c0>,9,1,[2 9],12,17,18,5,17
1,<environment.Job instance at 0x152ba0c2f780>,4,14,[2 5],6,45,59,39,45
1,<environment.Job instance at 0x152ba3ffd960>,3,16,[10  1],9,10,26,1,10
1,<environment.Job instance at 0x152ba15945f0>,6,2,[10  1],14,26,28,12,14
1,<environment.Job instance at 0x152ba162e5f0>,5,1,[7 2],12,28,29,16,22
1,<environment.Job instance at 0x152baaa4f730>,0,17,[ 1 10],3,9,26,6,9
1,<environment.Job instance at 0x152baaab70a0>,7,3,[5 1],10,26,29,16,11
1,<environment.Job instance at 0x152baaa25910>,9,2,[ 2 10],12,29,31,17,12
1,<environment.Job instance at 0x152b9ea36320>,10,3,[7 2],14,31,34,17,14
1,<environment.Job instance at 0x152ba302f410>,4,2,[6 1],7,34,36,27,30
1,<environment.Job instance at 0x152b9eb89960>,0,3,[6 2],1,2,5,1,2
1,<environment.Job instance at 0x152b9eb890a0>,1,13,[1 5],2,3,16,1,3
1,<environment.Job instance at 0x152b9eb94280>,2,1,[1 7],3,16,17,13,4
1,<environment.Job instance at 0x152ba0c3fdc0>,3,14,[6 2],5,13,27,8,13
1,<environment.Job instance at 0x152b9f804870>,10,3,[2 6],14,17,20,3,14
1,<environment.Job instance at 0x152ba0fac320>,4,17,[1 7],7,606,623,599,606
1,<environment.Job instance at 0x152ba01e9e10>,6,3,[1 8],11,11,14,0,11
1,<environment.Job instance at 0x152b9ec686e0>,7,3,[8 1],12,12,15,0,12
1,<environment.Job instance at 0x152b9e311d20>,8,16,[9 1],13,24,40,11,24
1,<environment.Job instance at 0x152ba56d7410>,5,13,[1 6],9,63,76,54,63
1,<environment.Job instance at 0x152b9f8045a0>,0,3,[10  2],2,7,10,5,7
1,<environment.Job instance at 0x152ba32891e0>,5,1,[8 1],8,10,11,2,9
1,<environment.Job instance at 0x152ba3289820>,7,3,[1 6],10,10,13,0,10
1,<environment.Job instance at 0x152ba3289eb0>,8,2,[2 8],11,13,15,2,12
1,<environment.Job instance at 0x152ba539c9b0>,11,1,[1 7],14,15,16,1,14
1,<environment.Job instance at 0x152ba274bb90>,4,14,[2 5],6,120,134,114,120
1,<environment.Job instance at 0x152bacfd2b40>,1,1,[ 1 10],7,7,8,0,7
1,<environment.Job instance at 0x152ba0d5d9b0>,2,1,[1 8],8,9,10,1,9
1,<environment.Job instance at 0x152b9dfa5960>,4,1,[8 1],10,10,11,0,10
1,<environment.Job instance at 0x152ba0d5d320>,5,1,[7 2],12,12,13,0,12
1,<environment.Job instance at 0x152b9dfa5410>,6,2,[10  1],14,14,16,0,14
1,<environment.Job instance at 0x152ba0d5d5f0>,3,16,[10  1],9,41,57,32,41
1,<environment.Job instance at 0x152baac901e0>,5,3,[9 1],8,8,11,0,8
1,<environment.Job instance at 0x152ba2c49a00>,0,17,[ 1 10],3,13,30,10,13
1,<environment.Job instance at 0x152ba3bbd910>,10,3,[7 2],14,30,33,16,14
1,<environment.Job instance at 0x152ba5ba2b40>,6,16,[2 7],9,55,71,46,55
1,<environment.Job instance at 0x152ba0fa8500>,0,3,[6 2],1,2,5,1,2
1,<environment.Job instance at 0x152ba0fa8050>,2,1,[1 7],3,3,4,0,3
1,<environment.Job instance at 0x152ba192a1e0>,3,14,[6 2],5,11,25,6,11
1,<environment.Job instance at 0x152baa9b86e0>,0,20,[ 1 10],2,8,28,6,8
1,<environment.Job instance at 0x152ba5b5c8c0>,5,13,[1 6],9,28,41,19,13
1,<environment.Job instance at 0x152ba47915a0>,9,2,[5 1],14,28,30,14,14
1,<environment.Job instance at 0x152ba47914b0>,8,16,[9 1],13,36,52,23,36
1,<environment.Job instance at 0x152ba1dc8320>,0,3,[10  2],2,9,12,7,9
1,<environment.Job instance at 0x152b9f52e5f0>,7,3,[1 6],10,12,15,2,11
1,<environment.Job instance at 0x152ba45836e0>,10,2,[2 5],13,15,17,2,14
1,<environment.Job instance at 0x152ba058a1e0>,11,1,[1 7],14,17,18,3,14
1,<environment.Job instance at 0x152b9e417320>,1,1,[ 1 10],7,7,8,0,7
1,<environment.Job instance at 0x152b9e417b40>,2,1,[1 8],8,9,10,1,9
1,<environment.Job instance at 0x152ba5930960>,4,1,[8 1],10,10,11,0,10
1,<environment.Job instance at 0x152ba5930a50>,5,1,[7 2],12,12,13,0,12
1,<environment.Job instance at 0x152ba5930370>,6,2,[10  1],14,14,16,0,14
1,<environment.Job instance at 0x152ba4583780>,3,16,[10  1],9,30,46,21,30
1,<environment.Job instance at 0x152ba3d390a0>,3,2,[1 7],6,7,9,1,7
1,<environment.Job instance at 0x152ba51ee5a0>,5,3,[9 1],8,10,13,2,10
1,<environment.Job instance at 0x152ba3d39690>,0,17,[ 1 10],3,13,30,10,13
1,<environment.Job instance at 0x152ba0649280>,10,3,[7 2],14,30,33,16,16
1,<environment.Job instance at 0x152ba51eeb40>,8,13,[ 2 10],11,33,46,22,33
1,<environment.Job instance at 0x152b9fcf2230>,0,3,[6 2],1,7,10,6,7
1,<environment.Job instance at 0x152b9fcf2910>,5,3,[6 1],8,10,13,2,9
1,<environment.Job instance at 0x152ba473d3c0>,6,1,[5 2],10,13,14,3,10
1,<environment.Job instance at 0x152ba12ff730>,2,3,[9 1],6,7,10,1,7
1,<environment.Job instance at 0x152ba119f9b0>,4,2,[1 9],8,9,11,1,9
1,<environment.Job instance at 0x152ba33374b0>,6,3,[1 8],11,11,14,0,11
1,<environment.Job instance at 0x152baabf60f0>,7,3,[8 1],12,12,15,0,12
1,<environment.Job instance at 0x152b9e259e60>,4,14,[2 5],6,7,21,1,7
1,<environment.Job instance at 0x152ba11c4320>,0,17,[ 1 10],3,6,23,3,6
1,<environment.Job instance at 0x152ba11c46e0>,4,2,[6 1],7,23,25,16,7
1,<environment.Job instance at 0x152ba195fdc0>,5,3,[9 1],8,25,28,17,9
1,<environment.Job instance at 0x152b9f3f33c0>,7,3,[5 1],10,28,31,18,10
1,<environment.Job instance at 0x152ba11c4a50>,2,18,[ 1 10],5,35,53,30,35
1,<environment.Job instance at 0x152ba7cdee10>,0,3,[6 2],1,3,6,2,3
1,<environment.Job instance at 0x152b9f01a3c0>,3,14,[6 2],5,13,27,8,13
1,<environment.Job instance at 0x152ba2c49050>,10,3,[2 6],14,14,17,0,14
1,<environment.Job instance at 0x152ba26b4fa0>,0,20,[ 1 10],2,2,22,0,2
1,<environment.Job instance at 0x152ba5034190>,9,2,[5 1],14,22,24,8,14
1,<environment.Job instance at 0x152ba5af25f0>,5,13,[1 6],9,90,103,81,90
1,<environment.Job instance at 0x152ba27eb140>,1,3,[1 6],3,4,7,1,4
1,<environment.Job instance at 0x152ba19cc910>,6,1,[ 1 10],9,9,10,0,9
1,<environment.Job instance at 0x152baa3d30f0>,7,3,[1 6],10,10,13,0,10
1,<environment.Job instance at 0x152ba200a870>,8,2,[2 8],11,13,15,2,11
1,<environment.Job instance at 0x152b9ed12b40>,11,1,[1 7],14,18,19,4,18
1,<environment.Job instance at 0x152b9f164370>,1,1,[ 1 10],7,9,10,2,9
1,<environment.Job instance at 0x152baa717410>,4,1,[8 1],10,10,11,0,10
1,<environment.Job instance at 0x152baa7174b0>,5,1,[7 2],12,12,13,0,12
1,<environment.Job instance at 0x152baa7177d0>,6,2,[10  1],14,14,16,0,14
1,<environment.Job instance at 0x152b9f164960>,3,16,[10  1],9,22,38,13,22
1,<environment.Job instance at 0x152ba4dcfdc0>,3,2,[1 7],6,7,9,1,7
1,<environment.Job instance at 0x152b9eb8b960>,0,17,[ 1 10],3,10,27,7,10
1,<environment.Job instance at 0x152ba26df780>,8,13,[ 2 10],11,27,40,16,24
1,<environment.Job instance at 0x152ba51fd960>,1,13,[1 5],2,3,16,1,3
1,<environment.Job instance at 0x152b9ec68f50>,0,3,[6 2],1,4,7,3,4
1,<environment.Job instance at 0x152b9ec68c80>,4,17,[1 7],7,209,226,202,209
1,<environment.Job instance at 0x152b9ea27320>,2,3,[9 1],6,6,9,0,6
1,<environment.Job instance at 0x152ba5138d20>,3,3,[2 8],7,9,12,2,7
1,<environment.Job instance at 0x152ba5138fa0>,6,3,[1 8],11,12,15,1,11
1,<environment.Job instance at 0x152ba5138b40>,7,3,[8 1],12,12,15,0,12
1,<environment.Job instance at 0x152b9d8915a0>,0,3,[10  2],2,5,8,3,5
1,<environment.Job instance at 0x152baabb43c0>,5,1,[8 1],8,9,10,1,9
1,<environment.Job instance at 0x152baabb4320>,7,3,[1 6],10,25,28,15,25
1,<environment.Job instance at 0x152ba08ebf50>,6,2,[10  1],14,17,19,3,17
1,<environment.Job instance at 0x152b9f4dafa0>,0,17,[ 1 10],3,8,25,5,8
1,<environment.Job instance at 0x152baa669c80>,6,16,[2 7],9,25,41,16,12
1,<environment.Job instance at 0x152ba49de690>,10,3,[7 2],14,25,28,11,20
1,<environment.Job instance at 0x152ba1886af0>,8,13,[ 2 10],11,41,54,30,32
1,<environment.Job instance at 0x152ba5096320>,0,3,[6 2],1,3,6,2,3
1,<environment.Job instance at 0x152b9f4da870>,3,14,[6 2],5,13,27,8,13
1,<environment.Job instance at 0x152b9ee52d70>,10,3,[2 6],14,14,17,0,14
1,<environment.Job instance at 0x152baa307c30>,1,13,[1 5],2,158,171,156,158
1,<environment.Job instance at 0x152ba2592e10>,1,1,[6 1],4,4,5,0,4
1,<environment.Job instance at 0x152b9f9a59b0>,2,3,[9 1],6,8,11,2,8
1,<environment.Job instance at 0x152ba2592230>,5,13,[1 6],9,10,23,1,10
1,<environment.Job instance at 0x152ba7b04410>,8,16,[9 1],13,13,29,0,13
1,<environment.Job instance at 0x152ba7b04e60>,9,2,[5 1],14,29,31,15,19
1,<environment.Job instance at 0x152b9dfb7550>,0,20,[ 1 10],2,67,87,65,67
1,<environment.Job instance at 0x152b9fbe8af0>,0,3,[10  2],2,5,8,3,5
1,<environment.Job instance at 0x152ba5b0ecd0>,5,1,[8 1],8,8,9,0,8
1,<environment.Job instance at 0x152ba75eb640>,7,3,[1 6],10,11,14,1,11
1,<environment.Job instance at 0x152ba75f2e10>,9,1,[2 9],12,14,15,2,12
1,<environment.Job instance at 0x152ba75f2aa0>,10,2,[2 5],13,15,17,2,13
1,<environment.Job instance at 0x152ba75f2eb0>,11,1,[1 7],14,17,18,3,14
1,<environment.Job instance at 0x152ba7a4c460>,3,16,[10  1],9,10,26,1,10
1,<environment.Job instance at 0x152ba3554b40>,1,2,[2 5],4,7,9,3,7
1,<environment.Job instance at 0x152baa743230>,0,17,[ 1 10],3,9,26,6,9
1,<environment.Job instance at 0x152ba327db90>,7,3,[5 1],10,26,29,16,10
1,<environment.Job instance at 0x152ba327dd20>,8,13,[ 2 10],11,29,42,18,14
1,<environment.Job instance at 0x152ba31e5a50>,10,3,[7 2],14,42,45,28,17
1,<environment.Job instance at 0x152b9e09b0f0>,0,3,[6 2],1,2,5,1,2
1,<environment.Job instance at 0x152b9e09bb40>,2,1,[1 7],3,3,4,0,3
1,<environment.Job instance at 0x152ba327d1e0>,1,13,[1 5],2,11,24,9,11
1,<environment.Job instance at 0x152ba98014b0>,1,1,[6 1],4,4,5,0,4
1,<environment.Job instance at 0x152ba98b8690>,3,3,[2 8],7,9,12,2,9
1,<environment.Job instance at 0x152ba983c050>,5,13,[1 6],9,12,25,3,9
1,<environment.Job instance at 0x152ba983c190>,6,3,[1 8],11,25,28,14,14
1,<environment.Job instance at 0x152ba9867960>,8,16,[9 1],13,25,41,12,25
1,<environment.Job instance at 0x152ba4296190>,4,14,[2 5],6,7,21,1,7
1,<environment.Job instance at 0x152ba2375910>,5,1,[7 2],12,12,13,0,12
1,<environment.Job instance at 0x152ba4934280>,3,16,[10  1],9,41,57,32,41
1,<environment.Job instance at 0x152ba0b7a690>,1,2,[2 5],4,4,6,0,4
1,<environment.Job instance at 0x152b9f050690>,0,17,[ 1 10],3,6,23,3,6
1,<environment.Job instance at 0x152baad67280>,4,2,[6 1],7,23,25,16,7
1,<environment.Job instance at 0x152b9dd51f50>,5,3,[9 1],8,25,28,17,8
1,<environment.Job instance at 0x152ba3c1daf0>,6,16,[2 7],9,28,44,19,15
1,<environment.Job instance at 0x152ba0b7acd0>,2,18,[ 1 10],5,580,598,575,580
1,<environment.Job instance at 0x152ba4fc0a50>,0,3,[6 2],1,2,5,1,2
1,<environment.Job instance at 0x152ba4fc0b90>,2,1,[1 7],3,3,4,0,3
1,<environment.Job instance at 0x152ba4fc0550>,3,14,[6 2],5,13,27,8,13
1,<environment.Job instance at 0x152ba0cbf280>,10,3,[2 6],14,85,88,71,85
1,<environment.Job instance at 0x152ba0cbfaf0>,9,22,[8 2],13,195,217,182,195
1,<environment.Job instance at 0x152baa51daa0>,1,1,[6 1],4,4,5,0,4
1,<environment.Job instance at 0x152baaac9fa0>,2,3,[9 1],6,6,9,0,6
1,<environment.Job instance at 0x152ba0160140>,7,3,[8 1],12,12,15,0,12
1,<environment.Job instance at 0x152ba0160050>,5,13,[1 6],9,52,65,43,52
1,<environment.Job instance at 0x152bab4c7d70>,0,3,[10  2],2,7,10,5,7
1,<environment.Job instance at 0x152ba09ad0a0>,5,1,[8 1],8,10,11,2,9
1,<environment.Job instance at 0x152ba3703820>,7,3,[1 6],10,11,14,1,11
1,<environment.Job instance at 0x152b9de20320>,10,2,[2 5],13,16,18,3,16
1,<environment.Job instance at 0x152ba0531fa0>,4,14,[2 5],6,18,32,12,18
1,<environment.Job instance at 0x152ba7a5d500>,4,1,[8 1],10,12,13,2,12
1,<environment.Job instance at 0x152ba9d2c6e0>,1,2,[2 5],4,4,6,0,4
1,<environment.Job instance at 0x152ba221e460>,0,17,[ 1 10],3,12,29,9,12
1,<environment.Job instance at 0x152baa8c7960>,10,3,[7 2],14,29,32,15,14
1,<environment.Job instance at 0x152ba0769730>,2,18,[ 1 10],5,52,70,47,52
1,<environment.Job instance at 0x152baa2fbb40>,0,3,[6 2],1,6,9,5,6
1,<environment.Job instance at 0x152baa8c7c80>,1,13,[1 5],2,314,327,312,314
1,<environment.Job instance at 0x152b9fd98b40>,2,3,[9 1],6,6,9,0,6
1,<environment.Job instance at 0x152ba0a3feb0>,3,3,[2 8],7,9,12,2,7
1,<environment.Job instance at 0x152ba0a3fe10>,4,2,[1 9],8,12,14,4,8
1,<environment.Job instance at 0x152ba0a3fc80>,5,13,[1 6],9,14,27,5,13
1,<environment.Job instance at 0x152ba0a3f410>,9,2,[5 1],14,15,17,1,15
1,<environment.Job instance at 0x152ba0a3f780>,8,16,[9 1],13,19,35,6,19
1,<environment.Job instance at 0x152ba0a3f780>,4,14,[2 5],6,10,24,4,10
1,<environment.Job instance at 0x152ba3c4eb90>,9,1,[2 9],12,24,25,12,17
1,<environment.Job instance at 0x152ba5a1ca00>,1,1,[ 1 10],7,9,10,2,9
1,<environment.Job instance at 0x152ba76e48c0>,3,16,[10  1],9,10,26,1,9
1,<environment.Job instance at 0x152ba76e4eb0>,6,2,[10  1],14,26,28,12,20
1,<environment.Job instance at 0x152ba01ac7d0>,1,2,[2 5],4,4,6,0,4
1,<environment.Job instance at 0x152ba01ac280>,2,18,[ 1 10],5,6,24,1,6
1,<environment.Job instance at 0x152baac3a370>,0,17,[ 1 10],3,24,41,21,12
1,<environment.Job instance at 0x152ba2c9b820>,10,3,[7 2],14,41,44,27,15
1,<environment.Job instance at 0x152ba057dd70>,6,16,[2 7],9,41,57,32,35
1,<environment.Job instance at 0x152ba4119e10>,0,3,[6 2],1,3,6,2,3
1,<environment.Job instance at 0x152ba2dd0500>,1,13,[1 5],2,9,22,7,9
1,<environment.Job instance at 0x152ba2883690>,1,1,[6 1],4,5,6,1,5
1,<environment.Job instance at 0x152baad20dc0>,2,3,[9 1],6,6,9,0,6
1,<environment.Job instance at 0x152b9e144c30>,5,13,[1 6],9,9,22,0,9
1,<environment.Job instance at 0x152baabc2d20>,7,3,[8 1],12,12,15,0,12
1,<environment.Job instance at 0x152baace94b0>,9,2,[5 1],14,16,18,2,16
1,<environment.Job instance at 0x152ba1f34d70>,3,2,[8 2],5,5,7,0,5
1,<environment.Job instance at 0x152baa5fb9b0>,4,14,[2 5],6,17,31,11,17
1,<environment.Job instance at 0x152ba33681e0>,1,1,[ 1 10],7,7,8,0,7
1,<environment.Job instance at 0x152ba76e2280>,2,1,[1 8],8,8,9,0,8
1,<environment.Job instance at 0x152ba76e28c0>,4,1,[8 1],10,10,11,0,10
1,<environment.Job instance at 0x152b9dc56820>,5,1,[7 2],12,12,13,0,12
1,<environment.Job instance at 0x152b9ed9e780>,6,2,[10  1],14,18,20,4,18
1,<environment.Job instance at 0x1520455c7050>,2,18,[ 1 10],5,7,25,2,7
1,<environment.Job instance at 0x1520455c7140>,0,17,[ 1 10],3,25,42,22,14
1,<environment.Job instance at 0x151ff00fdb40>,16,17,[1 7],22,42,59,20,33
1,<environment.Job instance at 0x151fef983320>,25,1,[6 1],34,42,43,8,34
1,<environment.Job instance at 0x151fef9831e0>,26,3,[9 1],36,43,46,7,36
1,<environment.Job instance at 0x151fef983640>,27,3,[2 8],37,59,62,22,37
1,<environment.Job instance at 0x151fef983c30>,28,2,[1 9],38,62,64,24,38
1,<environment.Job instance at 0x151fef983730>,29,13,[1 6],39,64,77,25,48
1,<environment.Job instance at 0x151ff00be5a0>,33,2,[5 1],44,49,51,5,49
1,<environment.Job instance at 0x151fef983820>,34,3,[9 2],45,51,54,6,49
1,<environment.Job instance at 0x151fef983190>,35,3,[10  2],47,77,80,30,51
1,<environment.Job instance at 0x151fef9850a0>,24,20,[ 1 10],32,80,100,48,79
1,<environment.Job instance at 0x151fef9932d0>,0,14,[2 5],1,11,25,10,11
1,<environment.Job instance at 0x151ff9a1ae10>,10,1,[ 1 10],17,25,26,8,17
1,<environment.Job instance at 0x151ff9a1c2d0>,11,1,[1 8],18,26,27,8,18
1,<environment.Job instance at 0x151ff9a1c1e0>,14,1,[7 2],22,23,24,1,23
1,<environment.Job instance at 0x151ff9a1c500>,15,2,[10  1],24,27,29,3,25
1,<environment.Job instance at 0x151ff9a1ad20>,8,14,[5 1],10,29,43,19,29
1,<environment.Job instance at 0x151ff27c84b0>,4,1,[8 1],7,7,8,0,7
1,<environment.Job instance at 0x151ff27c88c0>,8,2,[10  2],13,16,18,3,16
1,<environment.Job instance at 0x151ff2740960>,9,3,[8 1],17,18,21,1,18
1,<environment.Job instance at 0x151ff305d4b0>,10,3,[10  1],19,21,24,2,20
1,<environment.Job instance at 0x151fefbff7d0>,11,3,[9 2],20,24,27,4,20
1,<environment.Job instance at 0x151ff27c8550>,12,12,[1 7],21,24,36,3,22
1,<environment.Job instance at 0x151ff27bb640>,14,2,[9 1],23,27,29,4,24
1,<environment.Job instance at 0x151ff23ace60>,16,2,[1 5],25,36,38,11,25
1,<environment.Job instance at 0x151ff23acaf0>,17,3,[2 5],27,36,39,9,27
1,<environment.Job instance at 0x151ff23ac1e0>,18,3,[8 1],28,29,32,1,28
1,<environment.Job instance at 0x151ff23ac410>,19,3,[1 6],29,39,42,10,29
1,<environment.Job instance at 0x151ff5ec2050>,20,15,[6 2],32,38,53,6,38
1,<environment.Job instance at 0x151fef37b730>,26,3,[7 1],39,53,56,14,39
1,<environment.Job instance at 0x151ff2693190>,27,1,[2 5],43,43,44,0,43
1,<environment.Job instance at 0x151ff2693910>,28,2,[1 7],45,45,47,0,45
1,<environment.Job instance at 0x151ff2693c80>,29,2,[9 1],46,56,58,10,46
1,<environment.Job instance at 0x151ff2693aa0>,30,3,[2 9],48,53,56,5,48
1,<environment.Job instance at 0x151fef26fbe0>,13,16,[1 7],22,98,114,76,98
1,<environment.Job instance at 0x151ff247d320>,1,15,[9 2],3,3,18,0,3
1,<environment.Job instance at 0x151ffb487d70>,23,17,[1 5],34,34,51,0,34
1,<environment.Job instance at 0x151ff8e83f00>,24,1,[1 8],35,51,52,16,35
1,<environment.Job instance at 0x151ff32495a0>,25,1,[1 9],36,52,53,16,40
1,<environment.Job instance at 0x151ff31feeb0>,29,3,[6 2],41,41,44,0,41
1,<environment.Job instance at 0x151ff31fe8c0>,30,1,[ 1 10],42,53,54,11,42
1,<environment.Job instance at 0x151fef5ba0a0>,34,3,[ 1 10],47,54,57,7,48
1,<environment.Job instance at 0x151fef5ba280>,35,2,[8 2],48,48,50,0,48
1,<environment.Job instance at 0x151ff0128b90>,17,16,[6 1],27,283,299,256,283
1,<environment.Job instance at 0x151ff9b08a00>,0,2,[2 5],1,3,5,2,3
1,<environment.Job instance at 0x151fef7ff0f0>,5,18,[ 1 10],17,31,49,14,31
1,<environment.Job instance at 0x151fef7ff640>,12,25,[1 8],25,49,74,24,49
1,<environment.Job instance at 0x151ff9b48cd0>,17,2,[1 6],33,74,76,41,51
1,<environment.Job instance at 0x151ff9b48870>,20,1,[5 1],37,51,52,14,51
1,<environment.Job instance at 0x151ff9b48d20>,21,2,[2 8],38,76,78,38,52
1,<environment.Job instance at 0x151ff9b48d70>,22,18,[2 8],39,81,99,42,81
1,<environment.Job instance at 0x151ff30825f0>,28,3,[9 1],49,99,102,50,81
1,<environment.Job instance at 0x151ff2438370>,0,3,[10  1],1,5,8,4,5
1,<environment.Job instance at 0x151ff3221b90>,2,15,[ 1 10],5,11,26,6,11
1,<environment.Job instance at 0x151ff8db8550>,6,1,[1 6],12,26,27,14,12
1,<environment.Job instance at 0x151fef379370>,7,3,[10  2],13,27,30,14,14
1,<environment.Job instance at 0x151ff184a820>,16,17,[1 7],26,30,47,4,26
1,<environment.Job instance at 0x151ff4835e60>,19,1,[7 2],30,30,31,0,30
1,<environment.Job instance at 0x151ff3146280>,20,3,[8 2],32,34,37,2,34
1,<environment.Job instance at 0x151fef3e1b90>,22,2,[2 5],35,47,49,12,35
1,<environment.Job instance at 0x151ff24d4280>,3,16,[7 1],8,39,55,31,39
1,<environment.Job instance at 0x151fef6b6320>,27,2,[7 1],40,55,57,15,40
1,<environment.Job instance at 0x151ff014f550>,28,2,[1 8],41,49,51,8,41
1,<environment.Job instance at 0x151ff9a736e0>,23,14,[ 1 10],36,126,140,90,126
1,<environment.Job instance at 0x151ff3021c30>,1,13,[5 2],2,3,16,1,3
1,<environment.Job instance at 0x151ff2693690>,3,14,[10  1],6,16,30,10,8
1,<environment.Job instance at 0x151fef931cd0>,5,15,[2 7],9,31,46,22,31
1,<environment.Job instance at 0x151fef934910>,21,26,[1 7],30,101,127,71,101
1,<environment.Job instance at 0x151fef847e60>,1,2,[2 8],2,4,6,2,4
1,<environment.Job instance at 0x151fef6c2e10>,4,3,[2 5],6,12,15,6,12
1,<environment.Job instance at 0x151fef669d20>,7,1,[1 5],16,19,20,3,19
1,<environment.Job instance at 0x151fef669dc0>,9,1,[1 7],20,20,21,0,20
1,<environment.Job instance at 0x151ff3021fa0>,6,17,[1 7],12,22,39,10,22
1,<environment.Job instance at 0x151fef6697d0>,12,3,[1 6],24,39,42,15,24
1,<environment.Job instance at 0x151fef2fa6e0>,18,3,[2 5],32,42,45,10,32
1,<environment.Job instance at 0x151fef25b870>,19,3,[1 7],33,45,48,12,36
1,<environment.Job instance at 0x151fef6695a0>,10,12,[6 1],21,37,49,16,37
1,<environment.Job instance at 0x151ff2695640>,24,17,[10  1],38,49,66,11,44
1,<environment.Job instance at 0x151fef46d0a0>,21,1,[8 1],35,66,67,31,48
1,<environment.Job instance at 0x151feeef63c0>,1,2,[7 1],2,2,4,0,2
1,<environment.Job instance at 0x151feec0b640>,3,3,[10  2],5,5,8,0,5
1,<environment.Job instance at 0x151ff37b4280>,4,3,[1 5],6,8,11,2,6
1,<environment.Job instance at 0x151ff5e8ff00>,9,3,[10  2],14,14,17,0,14
1,<environment.Job instance at 0x151ff5e8fd20>,10,3,[8 1],15,17,20,2,15
1,<environment.Job instance at 0x151ff5e9edc0>,11,3,[5 1],17,20,23,3,17
1,<environment.Job instance at 0x151ff5e8f820>,12,13,[5 1],19,23,36,4,23
1,<environment.Job instance at 0x151ff9b0b3c0>,17,15,[2 6],25,25,40,0,25
1,<environment.Job instance at 0x151ff357ec80>,18,3,[1 7],26,40,43,14,26
1,<environment.Job instance at 0x151fef696050>,15,2,[9 2],22,40,42,18,29
1,<environment.Job instance at 0x151fef8e44b0>,19,18,[1 8],27,43,61,16,41
1,<environment.Job instance at 0x151ff37e24b0>,29,2,[2 8],43,61,63,18,43
1,<environment.Job instance at 0x151fef77f6e0>,28,14,[ 1 10],39,249,263,210,249
1,<environment.Job instance at 0x151ff37ba5a0>,0,3,[2 8],1,42,45,41,42
1,<environment.Job instance at 0x151ff3087550>,17,2,[2 5],24,45,47,21,42
1,<environment.Job instance at 0x151fef3b3500>,31,1,[7 1],42,54,55,12,54
1,<environment.Job instance at 0x151ff2668780>,32,13,[1 8],43,54,67,11,54
1,<environment.Job instance at 0x151fef201960>,33,3,[ 2 10],44,67,70,23,54
1,<environment.Job instance at 0x151feec2a3c0>,34,1,[1 7],45,70,71,25,54
1,<environment.Job instance at 0x151ff31fe370>,15,18,[2 8],19,618,636,599,618
1,<environment.Job instance at 0x151fef1d0dc0>,1,2,[ 2 10],5,15,17,10,15
1,<environment.Job instance at 0x151feeeaa690>,10,3,[9 2],16,17,20,1,16
1,<environment.Job instance at 0x151fef5a9320>,13,12,[10  1],21,22,34,1,22
1,<environment.Job instance at 0x151feeeaa780>,14,15,[5 2],23,34,49,11,23
1,<environment.Job instance at 0x151fef358f50>,18,14,[10  1],31,49,63,18,34
1,<environment.Job instance at 0x151ff8deacd0>,2,3,[2 7],5,7,10,2,7
1,<environment.Job instance at 0x151ff8dea730>,4,13,[10  1],10,14,27,4,14
1,<environment.Job instance at 0x151feef6b0f0>,8,2,[1 9],16,27,29,11,16
1,<environment.Job instance at 0x151feef6ba50>,9,1,[1 8],17,29,30,12,17
1,<environment.Job instance at 0x151feef6b500>,10,3,[ 1 10],18,30,33,12,18
1,<environment.Job instance at 0x151feef6b730>,11,2,[1 5],19,33,35,14,19
1,<environment.Job instance at 0x151feef6b6e0>,14,17,[9 1],27,33,50,6,27
1,<environment.Job instance at 0x151feef6bd20>,12,17,[2 5],23,50,67,27,38
1,<environment.Job instance at 0x151ff2327690>,21,1,[1 7],38,38,39,0,38
1,<environment.Job instance at 0x151ff23272d0>,22,3,[8 1],40,50,53,10,40
1,<environment.Job instance at 0x151ff2327d20>,23,3,[2 5],42,53,56,11,42
1,<environment.Job instance at 0x151ff23277d0>,20,18,[7 1],37,81,99,44,81
1,<environment.Job instance at 0x151ff8f031e0>,10,14,[8 2],16,16,30,0,16
1,<environment.Job instance at 0x151fef51cd70>,14,20,[5 1],21,30,50,9,21
1,<environment.Job instance at 0x151ff00fdd70>,7,15,[ 1 10],12,50,65,38,36
1,<environment.Job instance at 0x151ffb4aeaf0>,24,2,[7 1],37,65,67,28,38
1,<environment.Job instance at 0x151fef152460>,25,3,[1 8],39,40,43,1,40
1,<environment.Job instance at 0x151ff31fec80>,27,2,[2 9],42,43,45,1,42
1,<environment.Job instance at 0x151ff8dea870>,1,3,[10  1],3,5,8,2,5
1,<environment.Job instance at 0x151feebde280>,0,1,[1 5],2,8,9,6,8
1,<environment.Job instance at 0x151ff2402aa0>,5,1,[1 9],9,13,14,4,13
1,<environment.Job instance at 0x151ff8dada00>,9,2,[1 7],15,15,17,0,15
1,<environment.Job instance at 0x151ff8dad190>,10,1,[2 7],16,17,18,1,16
1,<environment.Job instance at 0x151ff9a89500>,11,2,[1 9],17,18,20,1,18
1,<environment.Job instance at 0x151ff8dade60>,13,3,[1 8],20,20,23,0,20
1,<environment.Job instance at 0x151ff2402370>,12,16,[2 5],18,24,40,6,24
1,<environment.Job instance at 0x151ff308de60>,18,3,[8 2],28,30,33,2,30
1,<environment.Job instance at 0x151ff9b089b0>,21,13,[8 2],32,36,49,4,36
1,<environment.Job instance at 0x151ff23feb90>,20,18,[7 1],31,49,67,18,43
1,<environment.Job instance at 0x151fef6aefa0>,28,2,[8 2],44,67,69,23,44
1,<environment.Job instance at 0x151fef6aee60>,29,1,[1 7],45,45,46,0,45
1,<environment.Job instance at 0x151fef6aed70>,30,3,[2 9],46,49,52,3,46
1,<environment.Job instance at 0x151ff3064be0>,22,12,[5 1],37,90,102,53,90
1,<environment.Job instance at 0x151fef3e2d70>,0,3,[1 8],2,7,10,5,7
1,<environment.Job instance at 0x151ff481e7d0>,5,3,[1 9],8,10,13,2,8
1,<environment.Job instance at 0x151ff8f1f910>,4,17,[2 8],7,13,30,6,8
1,<environment.Job instance at 0x151ff8d80550>,9,2,[5 1],13,13,15,0,13
1,<environment.Job instance at 0x151ff0055fa0>,8,3,[1 8],12,30,33,18,13
1,<environment.Job instance at 0x151ff32175a0>,10,2,[2 9],14,33,35,19,18
1,<environment.Job instance at 0x151ff4844d20>,13,3,[10  2],20,35,38,15,28
1,<environment.Job instance at 0x151fef5da8c0>,20,15,[5 1],29,38,53,9,31
1,<environment.Job instance at 0x151feeea4a50>,23,3,[1 5],32,38,41,6,32
1,<environment.Job instance at 0x151feeea4cd0>,24,3,[1 6],33,41,44,8,33
1,<environment.Job instance at 0x151feeea4370>,25,2,[2 6],34,44,46,10,34
1,<environment.Job instance at 0x151feeea44b0>,26,1,[9 1],35,53,54,18,35
1,<environment.Job instance at 0x151fef07ea00>,27,1,[ 2 10],36,54,55,18,36
1,<environment.Job instance at 0x151fef07e820>,28,2,[1 8],38,46,48,8,39
1,<environment.Job instance at 0x151fef07e5f0>,29,16,[5 1],39,55,71,16,43
1,<environment.Job instance at 0x151fef07ee10>,30,12,[ 2 10],41,71,83,30,57
1,<environment.Job instance at 0x151ff26865f0>,35,16,[8 1],48,83,99,35,80
1,<environment.Job instance at 0x151fef1e71e0>,0,13,[1 6],1,4,17,3,4
1,<environment.Job instance at 0x151ff26865f0>,4,3,[2 6],5,17,20,12,5
1,<environment.Job instance at 0x151ff2ffa2d0>,5,3,[10  2],6,20,23,14,14
1,<environment.Job instance at 0x151ff9b23d70>,14,3,[8 2],16,16,19,0,16
1,<environment.Job instance at 0x151ff0bede10>,15,12,[2 9],17,23,35,6,19
1,<environment.Job instance at 0x151ff27d30f0>,17,15,[7 2],20,37,52,17,37
1,<environment.Job instance at 0x151feeb79d20>,27,1,[7 1],37,52,53,15,37
1,<environment.Job instance at 0x151feee44910>,28,14,[1 5],38,38,52,0,38
1,<environment.Job instance at 0x151feee44f50>,29,14,[9 2],39,53,67,14,45
1,<environment.Job instance at 0x151fefbcd780>,31,2,[10  2],42,67,69,25,45
1,<environment.Job instance at 0x151fefbcd4b0>,32,12,[8 1],44,69,81,25,52
1,<environment.Job instance at 0x151ffbdae7d0>,34,2,[7 1],49,81,83,32,54
1,<environment.Job instance at 0x151ff0be4d20>,2,2,[ 1 10],5,5,7,0,5
1,<environment.Job instance at 0x151ff2401640>,3,3,[5 1],6,7,10,1,6
1,<environment.Job instance at 0x151feef1a4b0>,4,2,[5 2],7,7,9,0,7
1,<environment.Job instance at 0x151fef1cc640>,17,12,[5 1],27,27,39,0,27
1,<environment.Job instance at 0x151fef1cc7d0>,18,1,[5 2],28,28,29,0,28
1,<environment.Job instance at 0x151fef42e370>,19,13,[1 7],29,29,42,0,29
1,<environment.Job instance at 0x151fef6c50a0>,23,3,[6 2],34,39,42,5,38
1,<environment.Job instance at 0x151fef45ac80>,27,1,[8 2],40,42,43,2,41
1,<environment.Job instance at 0x151fef1bc910>,29,12,[2 7],43,43,55,0,43
1,<environment.Job instance at 0x151ff5eac0a0>,30,20,[ 2 10],44,55,75,11,46
1,<environment.Job instance at 0x151fef384460>,32,12,[1 5],46,75,87,29,58
1,<environment.Job instance at 0x151ff25ece60>,33,3,[8 2],47,75,78,28,58
1,<environment.Job instance at 0x151ff3195af0>,35,13,[ 2 10],49,87,100,38,71
1,<environment.Job instance at 0x151feef2d410>,8,18,[9 1],15,100,118,85,100
1,<environment.Job instance at 0x151ff8d70280>,0,2,[2 5],2,5,7,3,5
1,<environment.Job instance at 0x151ff8d70be0>,1,14,[5 2],5,9,23,4,9
1,<environment.Job instance at 0x151fef4ffe60>,23,1,[1 8],42,49,50,7,49
1,<environment.Job instance at 0x151fef7397d0>,28,13,[1 6],49,97,110,48,97
1,<environment.Job instance at 0x151fef2838c0>,27,18,[8 1],48,254,272,206,254
1,<environment.Job instance at 0x151fef662a50>,2,3,[7 2],5,6,9,1,6
1,<environment.Job instance at 0x151fef6620f0>,5,1,[10  2],9,9,10,0,9
1,<environment.Job instance at 0x151fef662910>,1,16,[ 2 10],3,14,30,11,14
1,<environment.Job instance at 0x151fef662be0>,11,2,[1 7],15,30,32,15,16
1,<environment.Job instance at 0x151ff31e42d0>,13,18,[8 2],17,30,48,13,30
1,<environment.Job instance at 0x151ff31e4f50>,21,12,[5 1],26,48,60,22,31
1,<environment.Job instance at 0x151ff31e47d0>,22,13,[1 7],27,32,45,5,31
1,<environment.Job instance at 0x151ff231f500>,28,1,[1 8],35,101,102,66,101
1,<environment.Job instance at 0x151ff231f050>,29,1,[8 2],36,101,102,65,101
1,<environment.Job instance at 0x151ff231f7d0>,30,3,[1 8],40,102,105,62,101
1,<environment.Job instance at 0x151ff231fe10>,31,1,[2 6],43,105,106,62,101
1,<environment.Job instance at 0x151ff231fd20>,32,1,[2 7],45,106,107,61,101
1,<environment.Job instance at 0x151ff25f7f00>,33,1,[7 1],46,102,103,56,101
1,<environment.Job instance at 0x151ff25f7190>,34,3,[6 2],48,103,106,55,101
1,<environment.Job instance at 0x151ff00bc780>,1,17,[9 1],2,2,19,0,2
1,<environment.Job instance at 0x151ff3489af0>,13,3,[7 1],17,19,22,2,18
1,<environment.Job instance at 0x151fef1fb410>,20,19,[10  1],27,28,47,1,28
1,<environment.Job instance at 0x151ff3489140>,17,2,[1 5],22,47,49,25,30
1,<environment.Job instance at 0x151ff3489c30>,12,18,[10  1],16,49,67,33,38
1,<environment.Job instance at 0x151ff352e370>,29,1,[2 6],39,67,68,28,39
1,<environment.Job instance at 0x151feee8c5a0>,30,1,[9 2],40,47,48,7,40
1,<environment.Job instance at 0x151feee8cc80>,31,2,[ 1 10],41,68,70,27,41
1,<environment.Job instance at 0x151ff9adaa00>,32,3,[10  2],42,70,73,28,44
1,<environment.Job instance at 0x151bf4ea2e10>,0,17,[ 1 10],3,9,26,6,9
1,<environment.Job instance at 0x151b9f4e7320>,7,3,[5 1],10,26,29,16,10
1,<environment.Job instance at 0x151b9f4e76e0>,8,13,[ 2 10],11,29,42,18,13
1,<environment.Job instance at 0x151b9f9aee60>,10,3,[7 2],14,42,45,28,18
1,<environment.Job instance at 0x151b9f9cb730>,15,14,[6 2],20,45,59,25,34
1,<environment.Job instance at 0x151b9f4fe8c0>,25,1,[6 1],34,59,60,25,34
1,<environment.Job instance at 0x151b9f286050>,26,3,[9 1],36,60,63,24,36
1,<environment.Job instance at 0x151b9f2840a0>,27,3,[2 8],37,42,45,5,37
1,<environment.Job instance at 0x151b9f2845a0>,28,2,[1 9],38,59,61,21,38
1,<environment.Job instance at 0x151b9f2841e0>,29,13,[1 6],39,45,58,6,39
1,<environment.Job instance at 0x151b9f284640>,30,3,[1 8],41,61,64,20,43
1,<environment.Job instance at 0x151b9f284f50>,33,2,[5 1],44,63,65,19,44
1,<environment.Job instance at 0x151b9f284910>,34,3,[9 2],45,65,68,20,45
1,<environment.Job instance at 0x151b9f27b550>,35,3,[10  2],47,68,71,21,49
1,<environment.Job instance at 0x151b9f9903c0>,38,2,[8 2],50,71,73,21,51
1,<environment.Job instance at 0x151b9f282f00>,40,1,[8 1],53,73,74,20,54
1,<environment.Job instance at 0x151b9f282dc0>,42,3,[1 6],55,64,67,9,56
1,<environment.Job instance at 0x151b9f9b2960>,44,1,[2 9],57,73,74,16,57
1,<environment.Job instance at 0x151b9f9bd500>,45,2,[2 5],58,71,73,13,58
1,<environment.Job instance at 0x151b9f9bd460>,46,1,[1 7],59,67,68,8,62
1,<environment.Job instance at 0x151bf4ea2d20>,2,18,[ 1 10],5,92,110,87,92
1,<environment.Job instance at 0x151ba9395c30>,6,2,[10  1],14,14,16,0,14
1,<environment.Job instance at 0x151ba934d230>,7,2,[2 7],15,16,18,1,15
1,<environment.Job instance at 0x151ba9410870>,9,3,[1 9],20,21,24,1,21
1,<environment.Job instance at 0x151ba9410280>,8,18,[1 7],19,26,44,7,26
1,<environment.Job instance at 0x151ba9410550>,13,2,[5 2],27,27,29,0,27
1,<environment.Job instance at 0x151ba9410960>,14,2,[1 5],29,44,46,15,29
1,<environment.Job instance at 0x151ba87865f0>,15,2,[7 2],30,30,32,0,30
1,<environment.Job instance at 0x151ba87862d0>,16,18,[1 7],31,46,64,15,35
1,<environment.Job instance at 0x151ba8786d20>,20,1,[1 5],38,44,45,6,38
1,<environment.Job instance at 0x151ba87864b0>,21,1,[10  2],41,64,65,23,41
1,<environment.Job instance at 0x151ba879ae10>,22,1,[8 1],42,42,43,0,42
1,<environment.Job instance at 0x151ba879a370>,23,2,[1 6],43,65,67,22,43
1,<environment.Job instance at 0x151ba879a1e0>,24,2,[2 6],46,67,69,21,46
1,<environment.Job instance at 0x151ba8799460>,25,1,[8 1],47,47,48,0,47
1,<environment.Job instance at 0x151ba87990a0>,26,2,[1 5],48,69,71,21,48
1,<environment.Job instance at 0x151ba8799140>,0,12,[1 7],1,2,14,1,2
1,<environment.Job instance at 0x151ba28e8b40>,2,2,[9 1],3,4,6,1,4
1,<environment.Job instance at 0x151ba1e282d0>,4,2,[1 5],5,14,16,9,5
1,<environment.Job instance at 0x151ba1e28550>,5,3,[2 5],7,14,17,7,8
1,<environment.Job instance at 0x151ba290ee10>,7,3,[1 6],9,17,20,8,9
1,<environment.Job instance at 0x151ba94d8c30>,8,15,[6 2],12,20,35,8,20
1,<environment.Job instance at 0x151ba1bc8280>,15,1,[2 5],23,23,24,0,23
1,<environment.Job instance at 0x151b9ec36960>,16,2,[1 7],25,25,27,0,25
1,<environment.Job instance at 0x151b9ee306e0>,17,2,[9 1],26,35,37,9,26
1,<environment.Job instance at 0x151ba1bc84b0>,18,3,[2 9],28,37,40,9,28
1,<environment.Job instance at 0x151ba1e19640>,19,2,[6 1],32,37,39,5,32
1,<environment.Job instance at 0x151b9ee27b90>,20,15,[9 2],33,40,55,7,38
1,<environment.Job instance at 0x151ba412d780>,24,1,[9 2],39,55,56,16,39
1,<environment.Job instance at 0x151ba412d0a0>,25,14,[5 1],40,56,70,16,41
1,<environment.Job instance at 0x151ba28ec870>,27,3,[1 7],42,42,45,0,42
1,<environment.Job instance at 0x151ba28ec5f0>,28,2,[2 8],43,56,58,13,43
1,<environment.Job instance at 0x151b9f1a9e10>,29,3,[1 5],44,45,48,1,44
1,<environment.Job instance at 0x151b9f1a9050>,30,15,[1 5],45,58,73,13,46
1,<environment.Job instance at 0x151b9f1a9410>,31,3,[9 1],47,70,73,23,47
1,<environment.Job instance at 0x151b9f1a91e0>,32,3,[2 7],48,73,76,25,48
1,<environment.Job instance at 0x151b9f1a94b0>,33,2,[ 2 10],50,76,78,26,50
1,<environment.Job instance at 0x151ba8799fa0>,1,16,[1 7],2,1243,1259,1241,1243
1,<environment.Job instance at 0x151ba943d550>,1,1,[1 6],2,2,3,0,2
1,<environment.Job instance at 0x151ba943d960>,0,1,[5 2],1,2,3,1,2
1,<environment.Job instance at 0x151ba1be00a0>,3,17,[1 5],4,10,27,6,10
1,<environment.Job instance at 0x151b9ea961e0>,23,26,[2 5],38,42,68,4,42
1,<environment.Job instance at 0x151b9ea965a0>,24,3,[9 2],39,68,71,29,42
1,<environment.Job instance at 0x151b9ee9ba00>,25,1,[10  1],40,71,72,31,43
1,<environment.Job instance at 0x151bab66de60>,26,2,[5 2],41,43,45,2,43
1,<environment.Job instance at 0x151b9efb95a0>,27,3,[6 1],43,45,48,2,43
1,<environment.Job instance at 0x151b9efb9230>,28,1,[8 2],44,48,49,4,44
1,<environment.Job instance at 0x151b9f23ef00>,33,3,[1 6],52,68,71,16,62
1,<environment.Job instance at 0x151b9f23ea00>,35,2,[1 7],54,72,74,18,62
1,<environment.Job instance at 0x151b9f9dd320>,37,1,[5 1],57,62,63,5,62
1,<environment.Job instance at 0x151b9eed4d70>,31,15,[7 2],49,1111,1126,1062,1111
1,<environment.Job instance at 0x151ba04ef5f0>,0,2,[6 1],2,5,7,3,5
1,<environment.Job instance at 0x151b9eed4d70>,4,3,[9 1],9,9,12,0,9
1,<environment.Job instance at 0x151b9f1da3c0>,5,3,[1 7],10,10,13,0,10
1,<environment.Job instance at 0x151b9f1da410>,6,3,[10  1],11,13,16,2,13
1,<environment.Job instance at 0x151b9f1dabe0>,3,13,[2 9],5,24,37,19,24
1,<environment.Job instance at 0x151ba1e3da00>,16,3,[1 8],27,37,40,10,28
1,<environment.Job instance at 0x151ba1e3d5f0>,19,3,[ 2 10],33,40,43,7,33
1,<environment.Job instance at 0x151b9f138fa0>,9,16,[7 1],18,43,59,25,37
1,<environment.Job instance at 0x151ba933f320>,23,2,[5 2],38,38,40,0,38
1,<environment.Job instance at 0x151ba933f5f0>,24,2,[1 5],39,43,45,4,39
1,<environment.Job instance at 0x151ba933feb0>,25,1,[7 2],40,59,60,19,40
1,<environment.Job instance at 0x151ba933faa0>,26,3,[8 2],42,60,63,18,42
1,<environment.Job instance at 0x151ba933f1e0>,27,3,[5 2],43,63,66,20,43
1,<environment.Job instance at 0x151ba1c33b40>,28,2,[2 5],45,45,47,0,45
1,<environment.Job instance at 0x151ba1c33f00>,29,14,[ 1 10],46,66,80,20,51
1,<environment.Job instance at 0x151ba1cb3140>,1,13,[5 2],2,3,16,1,3
1,<environment.Job instance at 0x151ba1cb3cd0>,3,14,[10  1],6,16,30,10,6
1,<environment.Job instance at 0x151b9f0a98c0>,5,15,[2 7],9,35,50,26,35
1,<environment.Job instance at 0x151ba2926d20>,19,1,[9 1],28,50,51,22,43
1,<environment.Job instance at 0x151ba2e421e0>,28,1,[7 2],39,46,47,7,46
1,<environment.Job instance at 0x151b9edc0230>,30,3,[1 9],41,55,58,14,55
1,<environment.Job instance at 0x151b9ef2feb0>,32,2,[8 1],43,62,64,19,62
1,<environment.Job instance at 0x151ba1cb3be0>,2,18,[6 2],3,76,94,73,76
1,<environment.Job instance at 0x151ba29a0910>,40,2,[1 5],53,76,78,23,76
1,<environment.Job instance at 0x151ba29a00f0>,41,3,[10  2],54,94,97,40,76
1,<environment.Job instance at 0x151ba29a0cd0>,42,3,[2 5],56,78,81,22,76
1,<environment.Job instance at 0x151ba29a0d20>,43,3,[2 5],59,81,84,22,76
1,<environment.Job instance at 0x151ba29a0b90>,37,15,[7 2],49,116,131,67,116
1,<environment.Job instance at 0x151ba2e5b6e0>,4,12,[6 1],11,11,23,0,11
1,<environment.Job instance at 0x151b9f0ad1e0>,5,12,[1 8],12,12,24,0,12
1,<environment.Job instance at 0x151ba8703f50>,6,3,[1 6],14,24,27,10,14
1,<environment.Job instance at 0x151b9f0eff00>,13,3,[1 7],23,27,30,4,25
1,<environment.Job instance at 0x151ba1e76b90>,14,3,[5 1],24,25,28,1,25
1,<environment.Job instance at 0x151b9f0ef410>,15,1,[8 1],25,28,29,3,25
1,<environment.Job instance at 0x151b9f0ef230>,16,1,[9 1],26,29,30,3,26
1,<environment.Job instance at 0x151b9f0870f0>,17,18,[1 8],27,30,48,3,27
1,<environment.Job instance at 0x151ba1e76690>,10,2,[10  1],18,48,50,30,31
1,<environment.Job instance at 0x151b9f0ab910>,21,1,[8 1],33,33,34,0,33
1,<environment.Job instance at 0x151b9f286820>,23,13,[9 2],37,52,65,15,52
1,<environment.Job instance at 0x151b9eda96e0>,33,3,[10  2],54,65,68,11,55
1,<environment.Job instance at 0x151ba1e30460>,35,3,[5 1],57,68,71,11,57
1,<environment.Job instance at 0x151b9f2865f0>,24,18,[7 2],41,235,253,194,235
1,<environment.Job instance at 0x151b9ef335a0>,14,14,[ 1 10],19,25,39,6,25
1,<environment.Job instance at 0x151ba2e7e5a0>,18,3,[10  2],26,39,42,13,26
1,<environment.Job instance at 0x151b9eb5a820>,16,17,[10  2],24,42,59,18,34
1,<environment.Job instance at 0x151b9f1c1fa0>,5,18,[1 8],7,1001,1019,994,1001
1,<environment.Job instance at 0x151ba1f85190>,6,18,[10  2],10,10,28,0,10
1,<environment.Job instance at 0x151ba87cd8c0>,4,1,[1 5],8,28,29,20,13
1,<environment.Job instance at 0x151b9ea275a0>,10,3,[ 2 10],14,29,32,15,14
1,<environment.Job instance at 0x151b9ea27cd0>,11,1,[1 7],15,32,33,17,20
1,<environment.Job instance at 0x151b9ea27f00>,14,1,[2 9],22,33,34,11,22
1,<environment.Job instance at 0x151b9ea27370>,15,2,[ 2 10],25,34,36,9,25
1,<environment.Job instance at 0x151ba87cdaa0>,12,18,[2 7],19,36,54,17,27
1,<environment.Job instance at 0x151b9edba7d0>,16,2,[7 1],26,37,39,11,37
1,<environment.Job instance at 0x151b9efc5c80>,21,16,[10  2],31,54,70,23,44
1,<environment.Job instance at 0x151b9f203e60>,33,17,[1 6],53,84,101,31,84
1,<environment.Job instance at 0x151b9eda9780>,13,12,[1 5],22,24,36,2,24
1,<environment.Job instance at 0x151b9eda9e10>,16,2,[1 9],26,36,38,10,26
1,<environment.Job instance at 0x151ba1bfc140>,17,1,[1 8],27,38,39,11,27
1,<environment.Job instance at 0x151ba86efd70>,18,3,[ 1 10],28,39,42,11,28
1,<environment.Job instance at 0x151b9eda98c0>,19,2,[1 5],29,29,31,0,29
1,<environment.Job instance at 0x151ba1f85550>,27,1,[1 9],46,46,47,0,46
1,<environment.Job instance at 0x151b9f2a9780>,28,18,[7 1],47,56,74,9,56
1,<environment.Job instance at 0x151ba1d6c550>,34,1,[1 9],57,57,58,0,57
1,<environment.Job instance at 0x151baada2690>,35,3,[ 1 10],58,74,77,16,58
1,<environment.Job instance at 0x151b9eda9870>,15,18,[2 8],24,85,103,61,85
1,<environment.Job instance at 0x151bab6513c0>,0,2,[8 2],1,3,5,2,3
1,<environment.Job instance at 0x151b9e7f4280>,3,1,[5 2],5,9,10,4,9
1,<environment.Job instance at 0x151b9e7f44b0>,6,3,[1 7],11,12,15,1,12
1,<environment.Job instance at 0x151b9e7f4190>,8,3,[9 1],13,13,16,0,13
1,<environment.Job instance at 0x151b9e7f4d70>,9,3,[7 2],15,16,19,1,15
1,<environment.Job instance at 0x151b9e7f4c80>,10,14,[8 2],16,21,35,5,21
1,<environment.Job instance at 0x151ba9318820>,16,2,[9 1],23,35,37,12,28
1,<environment.Job instance at 0x151b9fa87f50>,24,2,[7 1],37,41,43,4,41
1,<environment.Job instance at 0x151b9ec75550>,25,3,[1 8],39,41,44,2,41
1,<environment.Job instance at 0x151ba936f690>,26,1,[6 1],40,43,44,3,41
1,<environment.Job instance at 0x151ba1c8ec80>,27,2,[2 9],42,44,46,2,42
1,<environment.Job instance at 0x151ba1c8e410>,28,16,[1 8],43,46,62,3,43
1,<environment.Job instance at 0x151b9eca3550>,29,1,[2 9],44,62,63,18,44
1,<environment.Job instance at 0x151babaf86e0>,30,3,[9 1],45,46,49,1,45
1,<environment.Job instance at 0x151babaf8280>,31,17,[10  2],46,63,80,17,59
1,<environment.Job instance at 0x151b9e779500>,0,1,[2 9],1,5,6,4,5
1,<environment.Job instance at 0x151b9e779b90>,3,1,[2 7],6,6,7,0,6
1,<environment.Job instance at 0x151b9e779e10>,4,2,[1 9],7,8,10,1,8
1,<environment.Job instance at 0x151b9e779be0>,6,3,[1 8],10,10,13,0,10
1,<environment.Job instance at 0x151b9e779140>,1,14,[1 6],4,25,39,21,25
1,<environment.Job instance at 0x151b9e73faa0>,19,3,[1 7],31,39,42,8,36
1,<environment.Job instance at 0x151b9e73f190>,20,1,[8 1],33,36,37,3,36
1,<environment.Job instance at 0x151b9e73f820>,21,2,[8 2],34,37,39,3,36
1,<environment.Job instance at 0x151b9e73f550>,22,1,[1 7],35,42,43,7,36
1,<environment.Job instance at 0x151b9e73f640>,23,3,[2 9],36,43,46,7,36
1,<environment.Job instance at 0x151b9e8f35a0>,30,3,[1 9],48,56,59,8,56
1,<environment.Job instance at 0x151b9e8f3640>,31,3,[9 1],49,56,59,7,56
1,<environment.Job instance at 0x151b9e73feb0>,1,1,[2 9],3,8,9,5,8
1,<environment.Job instance at 0x151b9f18d550>,6,15,[5 1],9,11,26,2,11
1,<environment.Job instance at 0x151ba1c76960>,9,3,[1 5],12,12,15,0,12
1,<environment.Job instance at 0x151ba1c76500>,10,3,[1 6],13,15,18,2,13
1,<environment.Job instance at 0x151ba1c76c30>,11,2,[2 6],14,18,20,4,14
1,<environment.Job instance at 0x151b9ead4dc0>,12,1,[9 1],15,26,27,11,15
1,<environment.Job instance at 0x151ba1f35b40>,13,1,[ 2 10],16,27,28,11,16
1,<environment.Job instance at 0x151ba1c76640>,14,2,[1 8],18,20,22,2,18
1,<environment.Job instance at 0x151ba86efbe0>,17,3,[10  2],22,28,31,6,26
1,<environment.Job instance at 0x151ba2b4a6e0>,38,3,[8 2],46,48,51,2,48
1,<environment.Job instance at 0x151ba2b4af50>,39,12,[2 9],47,51,63,4,48
1,<environment.Job instance at 0x151b9ee3ebe0>,42,1,[7 2],51,63,64,12,53
1,<environment.Job instance at 0x151b9ee3ed20>,43,12,[8 2],52,64,76,12,53
1,<environment.Job instance at 0x151b9ee3e870>,44,1,[ 1 10],53,76,77,23,53
1,<environment.Job instance at 0x151b9e688910>,46,1,[ 2 10],55,77,78,22,55
1,<environment.Job instance at 0x151b9e6887d0>,47,1,[2 9],57,78,79,21,57
1,<environment.Job instance at 0x151b9f1bcdc0>,41,15,[7 2],50,79,94,29,76
1,<environment.Job instance at 0x151ba4135d20>,0,12,[2 8],4,5,17,1,5
1,<environment.Job instance at 0x151ba882c370>,1,3,[10  2],5,17,20,12,7
1,<environment.Job instance at 0x151b9fa0ec80>,20,2,[5 2],36,36,38,0,36
1,<environment.Job instance at 0x151b9e745cd0>,21,2,[10  2],37,38,40,1,37
1,<environment.Job instance at 0x151b9eb27aa0>,23,2,[10  1],40,40,42,0,40
1,<environment.Job instance at 0x151b9eb27af0>,24,1,[ 2 10],42,42,43,0,42
1,<environment.Job instance at 0x151b9eb27a00>,25,1,[10  2],44,44,45,0,44
1,<environment.Job instance at 0x151b9eb27cd0>,26,16,[7 1],45,45,61,0,45
1,<environment.Job instance at 0x151b9eb27f50>,27,12,[10  1],46,61,73,15,46
1,<environment.Job instance at 0x151ba1cf3a50>,31,12,[9 2],50,73,85,23,57
1,<environment.Job instance at 0x151ba1cf3a00>,34,3,[6 2],54,85,88,31,59
1,<environment.Job instance at 0x151b9e878460>,19,18,[9 1],35,324,342,289,324
1,<environment.Job instance at 0x151ba87f5690>,0,2,[2 7],1,4,6,3,4
1,<environment.Job instance at 0x151ba1eb8550>,3,15,[2 9],5,6,21,1,5
1,<environment.Job instance at 0x151ba87f5190>,4,12,[1 5],6,21,33,15,8
1,<environment.Job instance at 0x151bab640190>,7,13,[ 2 10],9,33,46,24,28
1,<environment.Job instance at 0x151baad7e0a0>,17,2,[7 1],26,28,30,2,28
1,<environment.Job instance at 0x151ba2b30c30>,18,2,[7 1],29,30,32,1,29
1,<environment.Job instance at 0x151b9f167aa0>,10,12,[8 2],17,46,58,29,32
1,<environment.Job instance at 0x151ba2931f00>,24,1,[2 6],37,46,47,9,37
1,<environment.Job instance at 0x151ba8799280>,25,3,[1 7],38,47,50,9,39
1,<environment.Job instance at 0x151ba87996e0>,26,1,[8 2],40,58,59,18,44
1,<environment.Job instance at 0x151ba41212d0>,28,1,[5 2],45,59,60,14,50
1,<environment.Job instance at 0x151bab681140>,34,2,[ 2 10],56,60,62,4,56
1,<environment.Job instance at 0x151ba41217d0>,30,2,[10  2],51,62,64,11,58
1,<environment.Job instance at 0x151b9f1a0f00>,35,18,[8 1],58,64,82,6,59
1,<environment.Job instance at 0x151ba1c33be0>,36,13,[1 6],59,330,343,271,330
1,<environment.Job instance at 0x151ba29310f0>,23,13,[10  2],36,733,746,697,733
1,<environment.Job instance at 0x151ba93a0be0>,0,2,[9 2],1,1,3,0,1
1,<environment.Job instance at 0x151ba93a0fa0>,2,3,[7 2],5,7,10,2,7
1,<environment.Job instance at 0x151b9efc0870>,4,2,[1 5],8,9,11,1,9
1,<environment.Job instance at 0x151ba8870dc0>,6,2,[ 1 10],10,12,14,2,12
1,<environment.Job instance at 0x151b9e4fe500>,9,1,[8 2],13,14,15,1,13
1,<environment.Job instance at 0x151bf01df320>,40,2,[ 1 10],56,66,68,10,66
1,<environment.Job instance at 0x151ba2a7abe0>,41,3,[2 6],57,68,71,11,66
1,<environment.Job instance at 0x151bf01dffa0>,43,3,[2 8],59,71,74,12,67
1,<environment.Job instance at 0x151b9ec6d460>,0,1,[1 7],1,6,7,5,6
1,<environment.Job instance at 0x151b9ea7e230>,4,18,[10  1],6,7,25,1,7
1,<environment.Job instance at 0x151ba1ddf050>,5,3,[7 1],7,33,36,26,33
1,<environment.Job instance at 0x151ba87d2870>,18,3,[10  2],26,36,39,10,33
1,<environment.Job instance at 0x151ba87d2820>,19,14,[2 9],27,39,53,12,39
1,<environment.Job instance at 0x151b9fa10dc0>,28,3,[8 2],40,68,71,28,68
1,<environment.Job instance at 0x151ba28f7af0>,30,17,[5 2],42,83,100,41,83
1,<environment.Job instance at 0x151ba29dad70>,35,13,[5 1],47,83,96,36,83
1,<environment.Job instance at 0x151ba1f97960>,36,3,[5 2],48,96,99,48,83
1,<environment.Job instance at 0x151ba1dfae10>,37,1,[8 2],50,100,101,50,83
1,<environment.Job instance at 0x151ba29db320>,38,3,[10  2],51,101,104,50,83
1,<environment.Job instance at 0x151ba29db0f0>,39,1,[5 2],52,99,100,47,83
1,<environment.Job instance at 0x151ba8753320>,46,2,[1 6],59,104,106,45,102
1,<environment.Job instance at 0x151ba8753960>,43,15,[ 1 10],56,138,153,82,138
1,<environment.Job instance at 0x151b9e889780>,12,19,[10  1],17,161,180,144,161
1,<environment.Job instance at 0x151ba57a1f50>,0,3,[6 2],2,5,8,3,5
1,<environment.Job instance at 0x151b9e553c30>,12,2,[1 8],24,25,27,1,25
1,<environment.Job instance at 0x151bab79eaf0>,16,2,[10  2],29,29,31,0,29
1,<environment.Job instance at 0x151b9e6e8500>,17,3,[2 7],30,31,34,1,30
1,<environment.Job instance at 0x151b9eb0de10>,20,2,[1 7],35,40,42,5,40
1,<environment.Job instance at 0x151ba1ccbaa0>,21,3,[8 1],36,43,46,7,43
1,<environment.Job instance at 0x151b9e9bba00>,19,3,[5 2],34,129,132,95,129
1,<environment.Job instance at 0x151b9e6c3d70>,3,2,[7 2],7,7,9,0,7
1,<environment.Job instance at 0x151b9e6c3cd0>,0,3,[7 1],2,9,12,7,8
1,<environment.Job instance at 0x151b9e6c3550>,4,17,[9 1],8,12,29,4,8
1,<environment.Job instance at 0x151b9e6c35f0>,5,1,[7 2],9,29,30,20,11
1,<environment.Job instance at 0x151b9e6c3730>,8,3,[2 6],12,29,32,17,14
1,<environment.Job instance at 0x151b9eeef2d0>,13,12,[2 9],22,32,44,10,22
1,<environment.Job instance at 0x151b9eeefeb0>,14,3,[2 6],23,44,47,21,23
1,<environment.Job instance at 0x151b9eeef690>,22,3,[6 2],33,68,71,35,68
1,<environment.Job instance at 0x151b9eeefdc0>,23,3,[7 1],34,71,74,37,68
1,<environment.Job instance at 0x151b9eeef6e0>,24,17,[1 7],35,72,89,37,72
1,<environment.Job instance at 0x151b9eeefaa0>,26,1,[1 5],37,89,90,52,84
1,<environment.Job instance at 0x151b9e7296e0>,30,1,[9 1],44,84,85,40,84
1,<environment.Job instance at 0x151b9e729910>,31,2,[5 2],45,85,87,40,85
1,<environment.Job instance at 0x151b9e7299b0>,34,12,[2 8],49,90,102,41,86
1,<environment.Job instance at 0x151b9e729e10>,37,3,[2 5],55,102,105,47,86
1,<environment.Job instance at 0x151ba1e5adc0>,1,15,[10  2],3,3,18,0,3
1,<environment.Job instance at 0x151ba1e5aa00>,0,2,[2 7],1,18,20,17,15
1,<environment.Job instance at 0x151b9e90b2d0>,12,1,[1 8],16,20,21,4,17
1,<environment.Job instance at 0x151b9e90bd20>,14,2,[ 1 10],18,21,23,3,18
1,<environment.Job instance at 0x151b9e90bb40>,15,3,[8 2],19,23,26,4,19
1,<environment.Job instance at 0x151b9e90b5a0>,16,12,[6 2],21,52,64,31,52
1,<environment.Job instance at 0x151bab6648c0>,25,1,[9 1],32,64,65,32,52
1,<environment.Job instance at 0x151ba1c29b90>,26,2,[2 5],33,52,54,19,52
1,<environment.Job instance at 0x151b9f1c6af0>,27,1,[10  1],35,65,66,30,52
1,<environment.Job instance at 0x151ba1f53460>,28,1,[5 2],37,66,67,29,52
1,<environment.Job instance at 0x151b9e975370>,29,27,[5 1],39,66,93,27,64
1,<environment.Job instance at 0x151bf01e4140>,35,3,[1 9],48,67,70,19,64
1,<environment.Job instance at 0x151ba200b140>,36,2,[2 7],52,70,72,18,64
1,<environment.Job instance at 0x151ba2d78f00>,37,2,[9 1],55,93,95,38,66
1,<environment.Job instance at 0x151ba29f3b90>,38,1,[1 8],57,72,73,15,66
1,<environment.Job instance at 0x151ba29f3370>,39,2,[9 1],58,95,97,37,68
1,<environment.Job instance at 0x1475ba242c30>,0,17,[ 1 10],3,9,26,6,9
1,<environment.Job instance at 0x147564ce0280>,7,3,[5 1],10,26,29,16,10
1,<environment.Job instance at 0x147564ce0050>,8,13,[ 2 10],11,29,42,18,14
1,<environment.Job instance at 0x147564ce01e0>,12,3,[6 2],16,42,45,26,18
1,<environment.Job instance at 0x147564d29640>,21,22,[8 2],28,45,67,17,43
1,<environment.Job instance at 0x14756487ca00>,25,1,[6 1],34,67,68,33,43
1,<environment.Job instance at 0x1475648731e0>,26,3,[9 1],36,68,71,32,43
1,<environment.Job instance at 0x147564d192d0>,27,3,[2 8],37,43,46,6,43
1,<environment.Job instance at 0x14756460a0f0>,28,2,[1 9],38,67,69,29,43
1,<environment.Job instance at 0x14756460a640>,29,13,[1 6],39,46,59,7,43
1,<environment.Job instance at 0x14756460a6e0>,30,3,[1 8],41,59,62,18,47
1,<environment.Job instance at 0x14756460a2d0>,31,3,[8 1],42,71,74,29,48
1,<environment.Job instance at 0x14756460ac80>,32,16,[9 1],43,77,93,34,77
1,<environment.Job instance at 0x147564601820>,41,1,[ 1 10],54,93,94,39,77
1,<environment.Job instance at 0x147564601b40>,42,3,[1 6],55,77,80,22,77
1,<environment.Job instance at 0x147564d163c0>,43,2,[2 8],56,94,96,38,77
1,<environment.Job instance at 0x1475646085f0>,44,1,[2 9],57,96,97,39,77
1,<environment.Job instance at 0x147564608e60>,45,2,[2 5],58,97,99,39,77
1,<environment.Job instance at 0x147564608dc0>,46,1,[1 7],59,80,81,21,77
1,<environment.Job instance at 0x147564608140>,47,14,[5 1],60,94,108,34,82
1,<environment.Job instance at 0x147564608320>,49,1,[ 1 10],67,108,109,41,82
1,<environment.Job instance at 0x147564d38b90>,50,1,[1 8],68,82,83,14,82
1,<environment.Job instance at 0x147564601280>,40,1,[8 1],53,109,110,56,106
1,<environment.Job instance at 0x14756504fa50>,13,13,[1 5],17,111,124,94,111
1,<environment.Job instance at 0x14756487b8c0>,1,2,[10  1],4,6,8,2,6
1,<environment.Job instance at 0x1475726a8320>,0,1,[7 2],2,10,11,8,10
1,<environment.Job instance at 0x147571c1aa50>,5,3,[6 1],13,14,17,1,14
1,<environment.Job instance at 0x147571c35aa0>,10,2,[7 2],20,20,22,0,20
1,<environment.Job instance at 0x147571c350a0>,11,18,[1 7],21,21,39,0,21
1,<environment.Job instance at 0x147571c35fa0>,12,2,[2 7],23,39,41,16,23
1,<environment.Job instance at 0x147571c35af0>,13,2,[9 2],24,24,26,0,24
1,<environment.Job instance at 0x147571c35960>,14,15,[1 9],25,41,56,16,27
1,<environment.Job instance at 0x1475726aa730>,15,1,[1 5],28,56,57,28,28
1,<environment.Job instance at 0x147571c35640>,16,1,[10  2],31,57,58,26,31
1,<environment.Job instance at 0x1475726aac30>,17,1,[8 1],32,41,42,9,41
1,<environment.Job instance at 0x147564ce6a00>,3,18,[1 7],9,58,76,49,48
1,<environment.Job instance at 0x1475726b2500>,24,2,[10  2],43,76,78,33,51
1,<environment.Job instance at 0x1475726b0910>,29,16,[1 7],52,78,94,26,65
1,<environment.Job instance at 0x147571e40870>,41,1,[ 2 10],68,94,95,26,68
1,<environment.Job instance at 0x147571bf0e10>,42,3,[7 1],69,69,72,0,69
1,<environment.Job instance at 0x1475726adb90>,0,1,[2 5],3,6,7,3,6
1,<environment.Job instance at 0x147571e40f00>,3,3,[2 9],8,12,15,4,12
1,<environment.Job instance at 0x147566f95230>,6,1,[1 8],14,15,16,1,15
1,<environment.Job instance at 0x14756710eaa0>,7,2,[2 5],16,18,20,2,18
1,<environment.Job instance at 0x1475650185a0>,9,1,[9 2],19,20,21,1,20
1,<environment.Job instance at 0x147565018a50>,12,3,[1 7],22,22,25,0,22
1,<environment.Job instance at 0x147565018b90>,13,2,[2 8],23,25,27,2,23
1,<environment.Job instance at 0x14756406d1e0>,14,3,[1 5],24,27,30,3,24
1,<environment.Job instance at 0x147563ef9b40>,15,15,[1 5],25,28,43,3,28
1,<environment.Job instance at 0x147563facaf0>,18,2,[ 2 10],30,43,45,13,30
1,<environment.Job instance at 0x14757279b690>,27,17,[1 5],44,46,63,2,46
1,<environment.Job instance at 0x14757279b320>,32,12,[1 9],50,63,75,13,50
1,<environment.Job instance at 0x1475727a0c80>,33,3,[6 2],51,55,58,4,55
1,<environment.Job instance at 0x147564ce8af0>,0,18,[ 1 10],7,10,28,3,10
1,<environment.Job instance at 0x147567d2e050>,4,2,[5 2],11,28,30,17,11
1,<environment.Job instance at 0x147567d2e280>,5,3,[6 1],13,30,33,17,13
1,<environment.Job instance at 0x147567d2e820>,6,1,[8 2],14,33,34,19,15
1,<environment.Job instance at 0x147571b1e190>,13,2,[1 7],24,28,30,4,27
1,<environment.Job instance at 0x147571b1e0f0>,14,22,[2 7],25,30,52,5,27
1,<environment.Job instance at 0x147571b1e7d0>,15,1,[5 1],27,34,35,7,27
1,<environment.Job instance at 0x147571b1ec30>,16,2,[2 8],28,52,54,24,28
1,<environment.Job instance at 0x147567e16190>,17,18,[2 8],29,54,72,25,43
1,<environment.Job instance at 0x147571b1e280>,21,2,[6 1],34,43,45,9,43
1,<environment.Job instance at 0x147567d2e410>,9,15,[7 2],19,48,63,29,48
1,<environment.Job instance at 0x1475648565f0>,22,13,[2 9],35,72,85,37,57
1,<environment.Job instance at 0x1475644c3550>,35,3,[1 8],57,85,88,28,59
1,<environment.Job instance at 0x1475644c3910>,37,2,[2 7],61,88,90,27,61
1,<environment.Job instance at 0x1475644c3690>,38,3,[ 2 10],63,90,93,27,64
1,<environment.Job instance at 0x14756812d5f0>,40,2,[1 9],65,93,95,28,66
1,<environment.Job instance at 0x1475a00efcd0>,42,2,[5 2],68,70,72,2,70
1,<environment.Job instance at 0x1475a00efd20>,43,2,[1 5],69,95,97,26,70
1,<environment.Job instance at 0x147564083910>,27,15,[ 1 10],45,165,180,120,165
1,<environment.Job instance at 0x1475673050a0>,0,3,[8 2],2,6,9,4,6
1,<environment.Job instance at 0x147564548b40>,4,1,[6 2],7,9,10,2,7
1,<environment.Job instance at 0x1475645487d0>,5,3,[2 5],8,8,11,0,8
1,<environment.Job instance at 0x147564548320>,6,14,[2 5],9,10,24,1,10
1,<environment.Job instance at 0x147564548410>,8,2,[1 8],11,24,26,13,11
1,<environment.Job instance at 0x1475644beaa0>,15,1,[6 1],19,19,20,0,19
1,<environment.Job instance at 0x1475644be5a0>,16,1,[8 1],21,21,22,0,21
1,<environment.Job instance at 0x1475644be500>,20,1,[6 2],28,28,29,0,28
1,<environment.Job instance at 0x1475644be230>,21,15,[2 7],29,32,47,3,32
1,<environment.Job instance at 0x14756448e910>,24,14,[ 2 10],32,47,61,15,32
1,<environment.Job instance at 0x14756458d460>,25,2,[6 2],33,33,35,0,33
1,<environment.Job instance at 0x1475644abd70>,26,3,[8 2],34,35,38,1,34
1,<environment.Job instance at 0x1475644ab960>,27,1,[6 2],36,38,39,2,37
1,<environment.Job instance at 0x1475644abaf0>,28,2,[1 6],38,61,63,23,40
1,<environment.Job instance at 0x1475644ab730>,30,2,[ 1 10],41,63,65,22,42
1,<environment.Job instance at 0x1475644ab4b0>,31,2,[6 1],42,42,44,0,42
1,<environment.Job instance at 0x1475644aba50>,32,2,[10  2],43,65,67,22,43
1,<environment.Job instance at 0x14756432a2d0>,33,3,[2 6],44,67,70,23,50
1,<environment.Job instance at 0x1475a00ba500>,38,2,[6 2],51,61,63,10,51
1,<environment.Job instance at 0x147567098a00>,39,2,[2 6],54,70,72,16,55
1,<environment.Job instance at 0x147567098910>,41,2,[10  2],56,72,74,16,56
1,<environment.Job instance at 0x147567098690>,42,2,[6 2],57,67,69,10,67
1,<environment.Job instance at 0x1475a01662d0>,48,2,[8 1],63,69,71,6,69
1,<environment.Job instance at 0x1475644b3460>,11,27,[5 1],14,766,793,752,766
1,<environment.Job instance at 0x147566502640>,1,2,[2 8],2,2,4,0,2
1,<environment.Job instance at 0x1475a01668c0>,2,2,[1 5],3,4,6,1,4
1,<environment.Job instance at 0x1475644f07d0>,4,3,[2 5],6,6,9,0,6
1,<environment.Job instance at 0x1475a0a2d550>,5,3,[2 5],9,9,12,0,9
1,<environment.Job instance at 0x1475a0a2d050>,7,1,[1 5],16,16,17,0,16
1,<environment.Job instance at 0x1475a0a2d640>,8,2,[5 1],19,19,21,0,19
1,<environment.Job instance at 0x1475a0a2dc80>,9,1,[1 7],20,20,21,0,20
1,<environment.Job instance at 0x1475a0a2d3c0>,10,12,[6 1],21,22,34,1,22
1,<environment.Job instance at 0x1475727a0a50>,12,3,[1 6],24,24,27,0,24
1,<environment.Job instance at 0x147563e89780>,19,3,[1 7],33,48,51,15,48
1,<environment.Job instance at 0x147567092820>,20,3,[5 1],34,48,51,14,48
1,<environment.Job instance at 0x147563e890f0>,22,1,[9 1],36,51,52,15,48
1,<environment.Job instance at 0x1475670b8550>,23,18,[1 8],37,51,69,14,48
1,<environment.Job instance at 0x147567c98b90>,29,13,[9 2],47,52,65,5,51
1,<environment.Job instance at 0x147567d590a0>,31,2,[7 1],52,65,67,13,52
1,<environment.Job instance at 0x147571b37500>,32,1,[1 8],54,69,70,15,54
1,<environment.Job instance at 0x1475664e9500>,33,3,[10  2],55,70,73,15,55
1,<environment.Job instance at 0x147567cd4cd0>,34,3,[1 5],56,73,76,17,56
1,<environment.Job instance at 0x147571a80910>,39,3,[10  2],64,76,79,12,64
1,<environment.Job instance at 0x147571a80730>,40,3,[8 1],65,67,70,2,66
1,<environment.Job instance at 0x147571a80690>,41,3,[5 1],67,73,76,6,68
1,<environment.Job instance at 0x147571a80cd0>,42,13,[5 1],69,209,222,140,209
1,<environment.Job instance at 0x147571a800f0>,2,12,[1 8],3,3,15,0,3
1,<environment.Job instance at 0x147571bb4b90>,3,15,[2 6],5,15,30,10,5
1,<environment.Job instance at 0x1475673f2140>,0,16,[1 5],1,30,46,29,24
1,<environment.Job instance at 0x147572740230>,17,3,[7 1],25,25,28,0,25
1,<environment.Job instance at 0x1475673d7c30>,18,3,[10  2],26,46,49,20,26
1,<environment.Job instance at 0x1475700ca320>,19,15,[7 1],27,28,43,1,27
1,<environment.Job instance at 0x147563efd320>,20,2,[2 6],28,49,51,21,28
1,<environment.Job instance at 0x147572761820>,21,2,[6 1],29,43,45,14,29
1,<environment.Job instance at 0x147564df93c0>,22,3,[2 8],31,51,54,20,31
1,<environment.Job instance at 0x147567ccd690>,23,2,[5 2],32,49,51,17,32
1,<environment.Job instance at 0x147564df97d0>,24,2,[2 7],33,54,56,21,33
1,<environment.Job instance at 0x147570134f00>,25,3,[1 8],34,56,59,22,34
1,<environment.Job instance at 0x147567d17dc0>,34,3,[6 2],45,53,56,8,53
1,<environment.Job instance at 0x147567d17b90>,35,2,[1 6],47,59,61,12,53
1,<environment.Job instance at 0x1475707c00f0>,41,14,[10  2],56,61,75,5,59
1,<environment.Job instance at 0x14756709ecd0>,44,1,[1 5],59,75,76,16,70
1,<environment.Job instance at 0x14756709ed20>,45,1,[8 1],62,75,76,13,70
1,<environment.Job instance at 0x147563fa5c80>,46,2,[7 1],63,76,78,13,70
1,<environment.Job instance at 0x147567cacaa0>,47,2,[2 7],64,92,94,28,92
1,<environment.Job instance at 0x147563fbef50>,5,18,[2 7],9,13,31,4,13
1,<environment.Job instance at 0x147563e62b40>,14,16,[10  2],21,31,47,10,23
1,<environment.Job instance at 0x14756412d410>,2,13,[1 8],3,47,60,44,33
1,<environment.Job instance at 0x147564289be0>,22,2,[10  1],36,60,62,24,40
1,<environment.Job instance at 0x1475641c2e10>,18,14,[9 2],28,62,76,34,57
1,<environment.Job instance at 0x1475638b1140>,2,18,[2 8],4,5,23,1,5
1,<environment.Job instance at 0x14756412d870>,33,3,[7 2],55,56,59,1,56
1,<environment.Job instance at 0x14756412deb0>,35,3,[9 2],57,59,62,2,57
1,<environment.Job instance at 0x147571a032d0>,36,3,[8 1],58,62,65,4,58
1,<environment.Job instance at 0x14757014dbe0>,37,3,[2 6],60,62,65,2,60
1,<environment.Job instance at 0x147563f11550>,40,2,[9 1],63,65,67,2,63
1,<environment.Job instance at 0x147567ca8960>,41,2,[2 7],65,67,69,2,65
1,<environment.Job instance at 0x147567ca8780>,42,2,[10  1],67,69,71,2,67
1,<environment.Job instance at 0x14756412d190>,31,15,[ 1 10],52,294,309,242,294
1,<environment.Job instance at 0x1475642bc370>,0,1,[ 2 10],2,6,7,4,6
1,<environment.Job instance at 0x14756504a9b0>,3,2,[7 1],7,7,9,0,7
1,<environment.Job instance at 0x14756504a960>,4,3,[1 8],9,9,12,0,9
1,<environment.Job instance at 0x147567deb690>,5,1,[6 1],10,11,12,1,11
1,<environment.Job instance at 0x147567debe10>,6,2,[2 9],12,12,14,0,12
1,<environment.Job instance at 0x1475642bc6e0>,2,14,[ 1 10],6,14,28,8,12
1,<environment.Job instance at 0x147567deb910>,10,17,[10  2],16,28,45,12,21
1,<environment.Job instance at 0x147567debcd0>,7,16,[1 8],13,45,61,32,36
1,<environment.Job instance at 0x147563f16aa0>,24,2,[1 9],37,61,63,24,40
1,<environment.Job instance at 0x147563fdc3c0>,28,2,[7 1],44,53,55,9,53
1,<environment.Job instance at 0x1475645800a0>,27,17,[8 2],43,70,87,27,70
1,<environment.Job instance at 0x14757000f9b0>,39,3,[1 7],61,70,73,9,70
1,<environment.Job instance at 0x14757000f0a0>,40,1,[8 1],63,87,88,24,70
1,<environment.Job instance at 0x14757000fdc0>,41,2,[8 2],64,88,90,24,70
1,<environment.Job instance at 0x14757000faf0>,42,1,[1 7],65,73,74,8,70
1,<environment.Job instance at 0x14757000f280>,43,3,[2 9],66,90,93,24,70
1,<environment.Job instance at 0x147567e9caf0>,36,12,[ 2 10],58,136,148,78,136
1,<environment.Job instance at 0x147570182780>,0,3,[1 8],2,2,5,0,2
1,<environment.Job instance at 0x14756396d1e0>,5,3,[1 9],8,8,11,0,8
1,<environment.Job instance at 0x14756396d640>,6,3,[9 1],9,9,12,0,9
1,<environment.Job instance at 0x14756396db90>,4,17,[2 8],7,12,29,5,9
1,<environment.Job instance at 0x1475640f5dc0>,17,3,[2 7],26,29,32,3,26
1,<environment.Job instance at 0x1475a0054f00>,19,15,[1 7],28,32,47,4,31
1,<environment.Job instance at 0x147567d25960>,20,15,[5 1],29,34,49,5,34
1,<environment.Job instance at 0x1475640bc690>,23,3,[1 5],32,47,50,15,37
1,<environment.Job instance at 0x147570118410>,28,2,[1 8],38,50,52,12,41
1,<environment.Job instance at 0x14756410c7d0>,31,3,[10  2],42,52,55,10,42
1,<environment.Job instance at 0x147564cbae10>,32,1,[1 7],44,55,56,11,44
1,<environment.Job instance at 0x147564cba0f0>,33,3,[1 6],45,56,59,11,45
1,<environment.Job instance at 0x147564cba780>,34,2,[5 2],46,49,51,3,49
1,<environment.Job instance at 0x147564cbaf00>,37,3,[2 8],50,59,62,9,50
1,<environment.Job instance at 0x147563feadc0>,42,3,[2 6],55,75,78,20,75
1,<environment.Job instance at 0x14756406d3c0>,51,12,[9 2],64,285,297,221,285
1,<environment.Job instance at 0x147567e0da50>,1,12,[8 2],2,4,16,2,4
1,<environment.Job instance at 0x147563c7cfa0>,6,16,[6 1],8,16,32,8,11
1,<environment.Job instance at 0x147567e0dc80>,0,1,[7 2],1,32,33,31,14
1,<environment.Job instance at 0x147563c7c230>,7,12,[2 8],14,14,26,0,14
1,<environment.Job instance at 0x147571b85780>,8,3,[10  2],15,33,36,18,18
1,<environment.Job instance at 0x147571b854b0>,9,1,[7 1],17,36,37,19,18
1,<environment.Job instance at 0x147571b85550>,14,12,[8 1],24,37,49,13,27
1,<environment.Job instance at 0x147571b85640>,11,14,[9 2],19,58,72,39,58
1,<environment.Job instance at 0x147563c4c960>,24,1,[6 2],41,72,73,31,58
1,<environment.Job instance at 0x147563c4c500>,28,2,[10  2],47,74,76,27,74
1,<environment.Job instance at 0x147563c4cd70>,31,1,[ 2 10],52,76,77,24,74
1,<environment.Job instance at 0x147563c4c5a0>,32,1,[10  2],54,77,78,23,74
1,<environment.Job instance at 0x147563c4ceb0>,35,12,[5 1],57,78,90,21,78
1,<environment.Job instance at 0x147572713c30>,36,1,[5 2],58,81,82,23,81
1,<environment.Job instance at 0x1475727133c0>,41,3,[6 2],64,97,100,33,97
1,<environment.Job instance at 0x147572713460>,42,1,[9 2],65,100,101,35,97
1,<environment.Job instance at 0x147572713690>,43,3,[6 1],67,101,104,34,97
1,<environment.Job instance at 0x147572713aa0>,44,1,[ 1 10],68,104,105,36,97
1,<environment.Job instance at 0x147572713cd0>,39,16,[1 6],61,170,186,109,170
1,<environment.Job instance at 0x147572713550>,37,13,[1 7],59,186,199,127,183
1,<environment.Job instance at 0x1475643ba730>,0,2,[2 7],1,3,5,2,3
1,<environment.Job instance at 0x147571b85910>,1,12,[2 7],3,5,17,2,3
1,<environment.Job instance at 0x14756433cfa0>,9,14,[5 2],15,63,77,48,63
1,<environment.Job instance at 0x147563fa4f50>,30,2,[10  2],51,77,79,26,63
1,<environment.Job instance at 0x1475640a0640>,31,1,[1 8],52,63,64,11,63
1,<environment.Job instance at 0x147563d369b0>,32,1,[9 1],54,79,80,25,63
1,<environment.Job instance at 0x147563d77f50>,33,3,[2 7],55,64,67,9,63
1,<environment.Job instance at 0x1475a0092550>,34,2,[ 2 10],56,80,82,24,63
1,<environment.Job instance at 0x147570159500>,36,13,[1 6],59,82,95,23,74
1,<environment.Job instance at 0x147564da5fa0>,37,12,[1 5],60,95,107,35,78
1,<environment.Job instance at 0x147563876870>,40,3,[7 2],65,82,85,17,78
1,<environment.Job instance at 0x147563876e10>,41,2,[ 2 10],67,107,109,40,80
1,<environment.Job instance at 0x147563876aa0>,42,2,[1 5],68,95,97,27,80
1,<environment.Job instance at 0x147563876910>,43,1,[10  2],69,109,110,40,81
1,<environment.Job instance at 0x147572713550>,3,15,[2 9],5,141,156,136,141
1,<environment.Job instance at 0x1475a0078e10>,9,17,[1 9],11,65,82,54,65
1,<environment.Job instance at 0x147571bbc870>,30,17,[9 1],42,82,99,40,82
1,<environment.Job instance at 0x147563f71320>,1,2,[ 2 10],2,5,7,3,5
1,<environment.Job instance at 0x1475642a6190>,4,3,[10  2],6,7,10,1,6
1,<environment.Job instance at 0x1475642a6500>,10,3,[10  2],12,12,15,0,12
1,<environment.Job instance at 0x14756711e500>,3,13,[2 7],5,16,29,11,16
1,<environment.Job instance at 0x1475640f8b90>,15,15,[5 1],21,22,37,1,22
1,<environment.Job instance at 0x14756441da50>,17,12,[1 6],23,29,41,6,23
1,<environment.Job instance at 0x1475640f8aa0>,18,12,[7 2],24,37,49,13,36
1,<environment.Job instance at 0x1475670927d0>,28,3,[ 1 10],35,49,52,14,37
1,<environment.Job instance at 0x1475700bdb90>,36,2,[8 2],46,109,111,63,109
1,<environment.Job instance at 0x1475700bdd20>,41,3,[8 2],57,111,114,54,110
1,<environment.Job instance at 0x147563c05d20>,49,12,[2 8],68,133,145,65,133
1,<environment.Job instance at 0x1475638b1190>,50,2,[10  2],69,145,147,76,133
1,<environment.Job instance at 0x147563c055a0>,48,15,[8 1],67,483,498,416,483
1,<environment.Job instance at 0x147565040410>,4,2,[2 5],9,9,11,0,9
1,<environment.Job instance at 0x1475650405f0>,5,1,[10  2],10,13,14,3,13
1,<environment.Job instance at 0x147563c058c0>,9,16,[2 5],14,16,32,2,16
1,<environment.Job instance at 0x1475707a44b0>,11,3,[7 2],17,22,25,5,22
1,<environment.Job instance at 0x147563a3ce10>,17,3,[2 5],23,25,28,2,25
1,<environment.Job instance at 0x147567e49cd0>,21,3,[7 1],32,32,35,0,32
1,<environment.Job instance at 0x147567d937d0>,20,15,[5 2],30,35,50,5,33
1,<environment.Job instance at 0x147567065be0>,25,17,[9 1],38,50,67,12,38
1,<environment.Job instance at 0x147563f115a0>,22,1,[9 2],33,67,68,34,41
1,<environment.Job instance at 0x1475641ed190>,29,3,[2 6],42,42,45,0,42
1,<environment.Job instance at 0x14756428a550>,31,2,[2 5],47,47,49,0,47
1,<environment.Job instance at 0x14756428a5f0>,32,2,[8 2],48,68,70,20,48
1,<environment.Job instance at 0x14757279a910>,36,18,[9 1],55,986,1004,931,986
1,<environment.Job instance at 0x1475681037d0>,0,2,[6 1],2,16,18,14,16
1,<environment.Job instance at 0x147563c1d410>,11,18,[1 9],17,18,36,1,18
1,<environment.Job instance at 0x147563e8e6e0>,13,13,[10  2],20,36,49,16,20
1,<environment.Job instance at 0x147567e8f500>,14,2,[2 7],21,49,51,28,22
1,<environment.Job instance at 0x147564374be0>,15,15,[10  2],23,144,159,121,144
1,<environment.Job instance at 0x147563c0b280>,31,16,[1 5],42,159,175,117,146
1,<environment.Job instance at 0x147567ca6cd0>,32,2,[9 2],43,159,161,116,146
1,<environment.Job instance at 0x147563832190>,39,1,[9 1],52,161,162,109,146
1,<environment.Job instance at 0x147563832320>,40,2,[2 5],53,162,164,109,146
1,<environment.Job instance at 0x1475638320a0>,41,1,[10  1],55,175,176,120,147
1,<environment.Job instance at 0x1475638320f0>,42,1,[5 2],57,164,165,107,148
1,<environment.Job instance at 0x1475638329b0>,44,3,[2 7],62,176,179,114,157
1,<environment.Job instance at 0x147563832910>,45,2,[8 1],63,165,167,102,157
1,<environment.Job instance at 0x147563832e60>,46,25,[ 1 10],64,179,204,115,175
1,<environment.Job instance at 0x147567e8fdc0>,12,16,[2 9],18,204,220,186,204
1,<environment.Job instance at 0x147564c93cd0>,1,2,[9 1],5,13,15,8,13
1,<environment.Job instance at 0x147563896be0>,33,2,[1 6],49,906,908,857,906
1,<environment.Job instance at 0x147563dc8460>,35,1,[6 2],51,907,908,856,907
1,<environment.Job instance at 0x147563896640>,36,2,[1 7],53,908,910,855,907
1,<environment.Job instance at 0x14756431fe60>,37,17,[5 1],54,914,931,860,914
1,<environment.Job instance at 0x14756431f6e0>,42,18,[8 1],59,931,949,872,920
1,<environment.Job instance at 0x147564460960>,45,15,[2 9],63,920,935,857,920
1,<environment.Job instance at 0x1475644601e0>,46,2,[2 6],64,935,937,871,920
1,<environment.Job instance at 0x147564460d70>,48,3,[2 6],67,937,940,870,936
1,<environment.Job instance at 0x1475644600a0>,44,13,[1 9],62,1712,1725,1650,1712
1,<environment.Job instance at 0x14756405aa00>,1,3,[2 5],2,2,5,0,2
1,<environment.Job instance at 0x14756405a550>,2,3,[1 7],4,5,8,1,4
1,<environment.Job instance at 0x14756405a5f0>,3,2,[9 2],5,7,9,2,7
1,<environment.Job instance at 0x1475644cc0a0>,4,2,[7 1],6,9,11,3,8
1,<environment.Job instance at 0x1475644cc500>,9,2,[7 2],12,12,14,0,12
1,<environment.Job instance at 0x1475644cc410>,11,17,[10  2],16,16,33,0,16
1,<environment.Job instance at 0x1475644cc0f0>,10,1,[ 2 10],13,33,34,20,20
1,<environment.Job instance at 0x1475644ccc80>,16,2,[2 7],21,34,36,13,21
1,<environment.Job instance at 0x147563fe90a0>,17,1,[7 2],22,34,35,12,22
1,<environment.Job instance at 0x147563fe9640>,18,1,[1 9],23,36,37,13,24
1,<environment.Job instance at 0x1475644ccfa0>,13,15,[10  2],18,37,52,19,29
1,<environment.Job instance at 0x147563fe93c0>,20,16,[9 1],26,52,68,26,51
1,<environment.Job instance at 0x1475645a0f00>,39,2,[8 2],52,68,70,16,52
1,<environment.Job instance at 0x147563cdc1e0>,40,1,[6 2],53,70,71,17,53
1,<environment.Job instance at 0x147563cdc820>,41,3,[ 2 10],55,71,74,16,55
1,<environment.Job instance at 0x147563fd0960>,54,18,[2 7],69,97,115,28,97
1,<environment.Job instance at 0x147563e7bc80>,0,3,[2 7],1,1,4,0,1
1,<environment.Job instance at 0x147563cdc190>,1,1,[9 1],4,6,7,2,6
1,<environment.Job instance at 0x147563e7b320>,3,2,[2 8],10,11,13,1,11
1,<environment.Job instance at 0x147563911050>,5,16,[8 1],13,13,29,0,13
1,<environment.Job instance at 0x147563e7b460>,2,18,[2 8],8,25,43,17,25
1,<environment.Job instance at 0x147564d085f0>,20,1,[2 9],34,43,44,9,41
1,<environment.Job instance at 0x147564cdb5a0>,23,13,[9 2],44,44,57,0,44
1,<environment.Job instance at 0x147563c39050>,24,1,[1 8],45,50,51,5,50
1,<environment.Job instance at 0x14756813c8c0>,33,18,[2 6],60,71,89,11,71
1,<environment.Job instance at 0x147571a196e0>,38,3,[8 2],67,71,74,4,71
1,<environment.Job instance at 0x14756740f320>,39,2,[2 7],68,89,91,21,71
1,<environment.Job instance at 0x150446fa39b0>,2,18,[ 1 10],5,5,23,0,5
1,<environment.Job instance at 0x150446fa3a50>,3,2,[1 7],6,23,25,17,12
1,<environment.Job instance at 0x1503f1a66500>,10,3,[7 2],14,23,26,9,14
1,<environment.Job instance at 0x1503f1a62a50>,12,3,[6 2],16,26,29,10,16
1,<environment.Job instance at 0x1503f1a62a00>,13,13,[1 5],17,25,38,8,17
1,<environment.Job instance at 0x1503f1a9df50>,14,1,[1 7],18,38,39,20,18
1,<environment.Job instance at 0x1503f1a305f0>,15,14,[6 2],20,34,48,14,34
1,<environment.Job instance at 0x1503f132c050>,25,1,[6 1],34,48,49,14,34
1,<environment.Job instance at 0x1503f132a550>,26,3,[9 1],36,49,52,13,36
1,<environment.Job instance at 0x1503f132a320>,27,3,[2 8],37,39,42,2,37
1,<environment.Job instance at 0x1503f132aa50>,28,2,[1 9],38,48,50,10,38
1,<environment.Job instance at 0x1503f132a1e0>,29,13,[1 6],39,50,63,11,39
1,<environment.Job instance at 0x1503f132adc0>,30,3,[1 8],41,42,45,1,41
1,<environment.Job instance at 0x1503f132af00>,31,3,[8 1],42,52,55,10,42
1,<environment.Job instance at 0x1503f1a4ed70>,52,1,[8 1],70,70,71,0,70
1,<environment.Job instance at 0x1503f1a4e500>,53,1,[7 2],72,72,73,0,72
1,<environment.Job instance at 0x1503f1a4e870>,54,2,[10  1],74,74,76,0,74
1,<environment.Job instance at 0x1503f1a4e910>,55,2,[2 7],75,76,78,1,75
1,<environment.Job instance at 0x1503f1a4d4b0>,48,15,[ 2 10],61,289,304,228,289
1,<environment.Job instance at 0x1503ff4b3fa0>,11,1,[10  2],21,21,22,0,21
1,<environment.Job instance at 0x1503ff406050>,12,1,[8 1],22,22,23,0,22
1,<environment.Job instance at 0x1503fe844370>,13,2,[1 6],23,23,25,0,23
1,<environment.Job instance at 0x1503ff406aa0>,14,2,[2 6],26,26,28,0,26
1,<environment.Job instance at 0x1503fe844be0>,16,2,[1 5],28,28,30,0,28
1,<environment.Job instance at 0x1503ff4816e0>,2,17,[ 1 10],6,32,49,26,32
1,<environment.Job instance at 0x1503fe844a50>,17,17,[9 2],30,64,81,34,64
1,<environment.Job instance at 0x1503feb601e0>,35,18,[1 5],57,64,82,7,64
1,<environment.Job instance at 0x1503feb606e0>,36,1,[ 2 10],58,82,83,24,64
1,<environment.Job instance at 0x1503feb60eb0>,37,3,[7 1],59,83,86,24,64
1,<environment.Job instance at 0x1503feb60e10>,38,1,[2 5],63,81,82,18,64
1,<environment.Job instance at 0x1503ff4297d0>,39,2,[1 7],65,83,85,18,65
1,<environment.Job instance at 0x1503ff429320>,40,2,[9 1],66,86,88,20,66
1,<environment.Job instance at 0x1503ff429a50>,41,3,[2 9],68,88,91,20,68
1,<environment.Job instance at 0x1503feb64c30>,42,2,[6 1],72,88,90,16,72
1,<environment.Job instance at 0x1503feb64410>,43,15,[9 2],73,91,106,18,91
1,<environment.Job instance at 0x1503feb65d20>,23,12,[1 7],41,290,302,249,290
1,<environment.Job instance at 0x1503f106b960>,4,15,[1 5],5,9,24,4,9
1,<environment.Job instance at 0x1503f3f19870>,7,2,[ 2 10],10,24,26,14,12
1,<environment.Job instance at 0x1503f3f192d0>,8,13,[9 1],12,26,39,14,13
1,<environment.Job instance at 0x1503f4178140>,11,12,[10  2],19,39,51,20,24
1,<environment.Job instance at 0x1503f49a8e60>,17,1,[1 8],25,26,27,1,25
1,<environment.Job instance at 0x1503f3c3f910>,18,1,[1 9],26,27,28,1,26
1,<environment.Job instance at 0x1503f4086690>,19,3,[ 1 10],27,51,54,24,27
1,<environment.Job instance at 0x1503f4086370>,20,2,[5 1],29,54,56,25,29
1,<environment.Job instance at 0x1503f0e76d20>,21,12,[1 9],30,54,66,24,38
1,<environment.Job instance at 0x1503f0cb3fa0>,38,1,[10  1],60,66,67,6,66
1,<environment.Job instance at 0x15043d7d7320>,44,15,[7 2],69,71,86,2,71
1,<environment.Job instance at 0x1503f3f3ad70>,46,3,[1 6],72,72,75,0,72
1,<environment.Job instance at 0x1503f3f3ae10>,47,2,[1 6],73,75,77,2,73
1,<environment.Job instance at 0x1503f3f3a640>,48,2,[1 7],74,77,79,3,74
1,<environment.Job instance at 0x1503f3f3a5a0>,49,22,[2 7],75,79,101,4,75
1,<environment.Job instance at 0x1503f3f3a500>,50,1,[5 1],77,86,87,9,77
1,<environment.Job instance at 0x1503f3ebf410>,51,2,[2 8],78,101,103,23,78
1,<environment.Job instance at 0x1503f41781e0>,1,1,[10  1],3,5,6,2,5
1,<environment.Job instance at 0x15043ce420f0>,4,3,[9 1],9,10,13,1,10
1,<environment.Job instance at 0x1503f4a49f50>,6,3,[10  1],11,13,16,2,11
1,<environment.Job instance at 0x1503f4a498c0>,7,2,[1 5],12,16,18,4,13
1,<environment.Job instance at 0x1503f4178730>,3,13,[2 9],5,21,34,16,21
1,<environment.Job instance at 0x1503f0b33820>,19,3,[ 2 10],33,34,37,1,34
1,<environment.Job instance at 0x1503f4a49d20>,9,16,[7 1],18,37,53,19,37
1,<environment.Job instance at 0x1503f12a5a00>,23,2,[5 2],38,53,55,15,38
1,<environment.Job instance at 0x1503fe8026e0>,24,2,[1 5],39,39,41,0,39
1,<environment.Job instance at 0x1503fe802c30>,25,1,[7 2],40,55,56,15,40
1,<environment.Job instance at 0x1503f31f7050>,26,3,[8 2],42,56,59,14,42
1,<environment.Job instance at 0x1503f31f7280>,27,3,[5 2],43,59,62,16,43
1,<environment.Job instance at 0x1503f31f7a00>,28,2,[2 5],45,45,47,0,45
1,<environment.Job instance at 0x1503f31f71e0>,29,14,[ 1 10],46,62,76,16,47
1,<environment.Job instance at 0x1503f3202dc0>,31,3,[2 5],48,49,52,1,49
1,<environment.Job instance at 0x1503f0bd9e10>,33,2,[7 1],50,76,78,26,50
1,<environment.Job instance at 0x1503f0bd9eb0>,34,2,[1 8],51,52,54,1,51
1,<environment.Job instance at 0x1503f19cec30>,44,18,[6 2],63,95,113,32,95
1,<environment.Job instance at 0x1503f1a37aa0>,50,14,[ 2 10],72,113,127,41,98
1,<environment.Job instance at 0x1503f1593a00>,51,2,[6 2],73,127,129,54,100
1,<environment.Job instance at 0x1503f1593c30>,52,3,[8 2],74,129,132,55,103
1,<environment.Job instance at 0x1503f19b0f00>,53,1,[6 2],76,132,133,56,104
1,<environment.Job instance at 0x1503f19b0b90>,54,2,[1 6],78,104,106,26,104
1,<environment.Job instance at 0x1503f19ce960>,43,13,[5 2],62,150,163,88,150
1,<environment.Job instance at 0x1503f0fbeaa0>,0,2,[ 1 10],1,10,12,9,10
1,<environment.Job instance at 0x1503f0e4dd70>,8,2,[6 2],11,12,14,1,11
1,<environment.Job instance at 0x1503f0e4ddc0>,9,2,[2 6],14,14,16,0,14
1,<environment.Job instance at 0x1503f0e4d550>,10,1,[1 7],15,16,17,1,15
1,<environment.Job instance at 0x1503f4af85f0>,11,2,[10  2],16,17,19,1,17
1,<environment.Job instance at 0x1503f4af8a00>,13,2,[10  1],18,19,21,1,18
1,<environment.Job instance at 0x1503f3cef7d0>,14,1,[7 2],19,21,22,2,19
1,<environment.Job instance at 0x1503f3cefa00>,15,3,[6 2],20,22,25,2,20
1,<environment.Job instance at 0x1503f3ceffa0>,16,3,[1 9],21,25,28,4,22
1,<environment.Job instance at 0x1503f3cef410>,18,2,[8 1],23,25,27,2,23
1,<environment.Job instance at 0x1503f4af8dc0>,1,2,[7 1],2,2,4,0,2
1,<environment.Job instance at 0x1503ff5a7550>,2,1,[1 8],4,5,6,1,5
1,<environment.Job instance at 0x15043ce6da50>,4,3,[1 5],6,7,10,1,7
1,<environment.Job instance at 0x1503f0c178c0>,5,15,[10  1],8,10,25,2,8
1,<environment.Job instance at 0x1503ff5a7be0>,6,3,[7 2],10,25,28,15,17
1,<environment.Job instance at 0x1503ff5a7050>,0,18,[7 2],1,28,46,27,25
1,<environment.Job instance at 0x1503feb61140>,18,3,[1 7],26,26,29,0,26
1,<environment.Job instance at 0x1503f3ddd280>,19,18,[1 8],27,29,47,2,27
1,<environment.Job instance at 0x1503f134eb40>,20,2,[8 2],29,46,48,17,29
1,<environment.Job instance at 0x1504442fc8c0>,26,1,[2 7],36,50,51,14,50
1,<environment.Job instance at 0x1503f31eafa0>,29,2,[2 8],43,51,53,8,50
1,<environment.Job instance at 0x1503f4024230>,31,3,[7 1],45,57,60,12,57
1,<environment.Job instance at 0x1504442fc5a0>,32,3,[10  2],46,60,63,14,57
1,<environment.Job instance at 0x1503f40d25a0>,34,2,[2 6],48,74,76,26,74
1,<environment.Job instance at 0x1503f1aebb90>,36,3,[2 8],51,76,79,25,74
1,<environment.Job instance at 0x1503f0dafd20>,37,2,[5 2],52,74,76,22,74
1,<environment.Job instance at 0x1503f1aebb40>,38,2,[2 7],53,79,81,26,74
1,<environment.Job instance at 0x1503f3dc7820>,39,3,[1 8],54,81,84,27,74
1,<environment.Job instance at 0x1503f0ea6b40>,41,16,[8 1],57,85,101,28,85
1,<environment.Job instance at 0x1503f3ff46e0>,47,12,[8 2],63,101,113,38,85
1,<environment.Job instance at 0x1503f3ff4230>,48,3,[6 2],65,113,116,48,87
1,<environment.Job instance at 0x1503f3ff4550>,49,2,[1 6],67,87,89,20,87
1,<environment.Job instance at 0x1503f3ff4d70>,51,18,[2 8],69,91,109,22,91
1,<environment.Job instance at 0x1503fe8028c0>,56,1,[2 5],77,109,110,32,91
1,<environment.Job instance at 0x1503fe802730>,57,14,[10  2],78,116,130,38,101
1,<environment.Job instance at 0x1503fe802c30>,58,1,[1 5],79,110,111,31,101
1,<environment.Job instance at 0x1503fe8025f0>,55,14,[10  2],76,135,149,59,135
1,<environment.Job instance at 0x1503f0ad2550>,1,2,[7 1],3,3,5,0,3
1,<environment.Job instance at 0x1503f499da00>,0,1,[8 1],2,5,6,3,3
1,<environment.Job instance at 0x1503f0ad2280>,6,18,[10  2],10,10,28,0,10
1,<environment.Job instance at 0x1503f3ff4f00>,2,2,[2 7],4,28,30,24,19
1,<environment.Job instance at 0x1503f0d6ceb0>,13,12,[8 2],20,31,43,11,31
1,<environment.Job instance at 0x1503f0d018c0>,22,1,[8 2],33,43,44,10,34
1,<environment.Job instance at 0x1503f1ac5280>,24,3,[9 2],36,44,47,8,36
1,<environment.Job instance at 0x1503f49ec6e0>,9,13,[1 8],13,40,53,27,40
1,<environment.Job instance at 0x1503fe94ed20>,27,12,[10  1],41,53,65,12,51
1,<environment.Job instance at 0x1503f3ca4190>,32,14,[10  1],51,65,79,14,54
1,<environment.Job instance at 0x1503fe94e280>,26,1,[1 5],39,80,81,41,80
1,<environment.Job instance at 0x1503f3ca4410>,35,2,[8 1],56,91,93,35,91
1,<environment.Job instance at 0x1503f0bcb320>,0,12,[1 5],2,6,18,4,6
1,<environment.Job instance at 0x1503f0bcbcd0>,4,1,[1 8],7,18,19,11,11
1,<environment.Job instance at 0x1503f0bcbeb0>,2,18,[2 8],4,19,37,15,15
1,<environment.Job instance at 0x1503f12805a0>,10,3,[7 2],18,22,25,4,22
1,<environment.Job instance at 0x1503f0f87050>,13,16,[ 2 10],23,37,53,14,24
1,<environment.Job instance at 0x1503f0c555f0>,16,1,[1 7],28,53,54,25,28
1,<environment.Job instance at 0x1503f0d65a50>,14,1,[1 9],26,54,55,28,32
1,<environment.Job instance at 0x1503f0de9c80>,29,2,[1 9],49,55,57,6,49
1,<environment.Job instance at 0x1503f0f41f00>,30,3,[1 7],51,57,60,6,51
1,<environment.Job instance at 0x1503f0c5df00>,31,15,[ 1 10],52,60,75,8,52
1,<environment.Job instance at 0x1503f0c5d2d0>,32,3,[9 1],53,53,56,0,53
1,<environment.Job instance at 0x1503f0c5d050>,33,3,[7 2],55,57,60,2,55
1,<environment.Job instance at 0x1503f0b83410>,44,1,[6 2],70,75,76,5,70
1,<environment.Job instance at 0x1503f0b83910>,45,1,[ 2 10],72,76,77,4,76
1,<environment.Job instance at 0x1503f0b83280>,48,2,[7 1],77,77,79,0,77
1,<environment.Job instance at 0x1503f0fd1c30>,0,2,[2 9],2,3,5,1,3
1,<environment.Job instance at 0x1503f05b8b40>,2,1,[2 9],4,5,6,1,4
1,<environment.Job instance at 0x1503f10995a0>,7,1,[1 5],12,14,15,2,14
1,<environment.Job instance at 0x1503f0b21a00>,29,12,[5 1],47,48,60,1,48
1,<environment.Job instance at 0x1503f0b21be0>,31,1,[10  1],49,60,61,11,49
1,<environment.Job instance at 0x1503f0b215a0>,33,3,[1 7],51,55,58,4,55
1,<environment.Job instance at 0x1503f4ef88c0>,42,3,[8 1],66,123,126,57,123
1,<environment.Job instance at 0x1503f4ef8140>,44,3,[1 9],68,1100,1103,1032,1100
1,<environment.Job instance at 0x1503f0db9370>,5,14,[1 9],8,1135,1149,1127,1135
1,<environment.Job instance at 0x1503f1126c30>,0,2,[8 1],1,4,6,3,4
1,<environment.Job instance at 0x1503f0de3dc0>,3,3,[2 7],6,9,12,3,9
1,<environment.Job instance at 0x1503fc079500>,7,2,[2 9],10,12,14,2,12
1,<environment.Job instance at 0x1503fc079370>,10,3,[1 6],13,14,17,1,14
1,<environment.Job instance at 0x1503fc079320>,5,15,[1 7],8,24,39,16,24
1,<environment.Job instance at 0x1503f0d4b640>,19,3,[1 6],25,39,42,14,25
1,<environment.Job instance at 0x1503f1b17be0>,15,16,[5 1],19,50,66,31,50
1,<environment.Job instance at 0x1503fc076c80>,42,1,[7 2],51,66,67,15,59
1,<environment.Job instance at 0x1503fc076190>,43,12,[8 2],52,67,79,15,60
1,<environment.Job instance at 0x1503fc076410>,44,1,[ 1 10],53,79,80,26,60
1,<environment.Job instance at 0x1503fc076960>,45,2,[2 6],54,60,62,6,60
1,<environment.Job instance at 0x1503fc0763c0>,46,1,[ 2 10],55,80,81,25,64
1,<environment.Job instance at 0x1503f3fcffa0>,50,3,[10  2],65,81,84,16,65
1,<environment.Job instance at 0x1503f3fcf190>,51,1,[7 1],67,84,85,17,67
1,<environment.Job instance at 0x1503f3fcfa00>,52,14,[1 5],68,84,98,16,69
1,<environment.Job instance at 0x1503f0a743c0>,24,13,[1 6],31,98,111,67,94
1,<environment.Job instance at 0x1503f3f4c460>,27,12,[1 9],34,124,136,90,124
1,<environment.Job instance at 0x150446ef9500>,1,15,[1 9],3,3,18,0,3
1,<environment.Job instance at 0x1503f31fec80>,2,2,[ 1 10],5,18,20,13,5
1,<environment.Job instance at 0x1503f31fe820>,3,3,[5 1],6,6,9,0,6
1,<environment.Job instance at 0x1503f4021730>,4,2,[5 2],7,20,22,13,7
1,<environment.Job instance at 0x1503feb59e60>,7,14,[9 2],14,22,36,8,14
1,<environment.Job instance at 0x1503f0feedc0>,8,18,[9 1],15,36,54,21,25
1,<environment.Job instance at 0x1503f4af45a0>,20,12,[9 2],30,54,66,24,41
1,<environment.Job instance at 0x1503f1238e60>,36,2,[2 5],52,79,81,27,79
1,<environment.Job instance at 0x1503f1238c80>,37,14,[5 2],55,79,93,24,79
1,<environment.Job instance at 0x1503f10867d0>,39,2,[2 5],58,81,83,23,79
1,<environment.Job instance at 0x1503f10869b0>,40,3,[2 8],59,83,86,24,79
1,<environment.Job instance at 0x1503f1086cd0>,46,2,[7 1],69,93,95,24,89
1,<environment.Job instance at 0x1503f10863c0>,47,17,[8 1],72,95,112,23,89
1,<environment.Job instance at 0x1503f3e18eb0>,52,1,[2 6],77,89,90,12,89
1,<environment.Job instance at 0x1503f3e18d20>,53,3,[1 7],78,90,93,12,89
1,<environment.Job instance at 0x1503f1238f50>,34,15,[7 2],48,190,205,142,190
1,<environment.Job instance at 0x1503f08f95a0>,0,2,[2 8],2,11,13,9,11
1,<environment.Job instance at 0x1503f08f9cd0>,4,1,[1 8],12,13,14,1,12
1,<environment.Job instance at 0x1503f08f90f0>,2,18,[1 9],10,14,32,4,14
1,<environment.Job instance at 0x1503f08f9500>,5,1,[9 1],14,20,21,6,20
1,<environment.Job instance at 0x1503f3f300f0>,11,2,[9 2],21,32,34,11,21
1,<environment.Job instance at 0x1503f08f9a50>,8,18,[8 1],18,34,52,16,24
1,<environment.Job instance at 0x1503f3f300a0>,12,16,[ 2 10],23,52,68,29,49
1,<environment.Job instance at 0x1503f4b66d20>,31,14,[2 5],45,70,84,25,70
1,<environment.Job instance at 0x1503f4b66960>,33,13,[1 7],47,84,97,37,71
1,<environment.Job instance at 0x1503f4b8bf50>,38,3,[7 1],53,78,81,25,78
1,<environment.Job instance at 0x1503f4b8bf00>,39,1,[1 8],55,97,98,42,78
1,<environment.Job instance at 0x1503f07f8960>,41,3,[1 8],60,98,101,38,78
1,<environment.Job instance at 0x1503f07f8d20>,42,1,[2 6],63,101,102,38,78
1,<environment.Job instance at 0x1503f07f8280>,43,1,[2 7],65,102,103,37,78
1,<environment.Job instance at 0x1503f07f8a00>,45,3,[6 2],68,81,84,13,78
1,<environment.Job instance at 0x1503f07f8f50>,49,2,[10  2],73,103,105,30,96
1,<environment.Job instance at 0x1503f07f8aa0>,52,3,[2 6],77,105,108,28,98
1,<environment.Job instance at 0x1503f08dbb40>,4,18,[10  1],6,6,24,0,6
1,<environment.Job instance at 0x1503f112c0f0>,10,16,[7 1],14,24,40,10,14
1,<environment.Job instance at 0x1503f112c3c0>,11,3,[ 2 10],15,40,43,25,23
1,<environment.Job instance at 0x1503f0a174b0>,17,13,[2 7],25,27,40,2,27
1,<environment.Job instance at 0x1503f093ab40>,20,2,[8 1],28,43,45,15,29
1,<environment.Job instance at 0x1503f1b11a00>,22,1,[9 2],30,45,46,15,33
1,<environment.Job instance at 0x1503f0fee7d0>,12,19,[10  1],17,46,65,29,39
1,<environment.Job instance at 0x1503f0d83910>,25,14,[7 2],35,65,79,30,50
1,<environment.Job instance at 0x1503f0d4b730>,36,3,[5 2],48,79,82,31,53
1,<environment.Job instance at 0x1503f4b83910>,37,1,[8 2],50,82,83,32,61
1,<environment.Job instance at 0x1503fe7d9e10>,44,2,[2 9],57,83,85,26,61
1,<environment.Job instance at 0x1503f0e540f0>,31,12,[1 6],43,120,132,77,120
1,<environment.Job instance at 0x1503f0c494b0>,1,12,[9 1],2,2,14,0,2
1,<environment.Job instance at 0x1503f4aabbe0>,0,2,[2 5],1,14,16,13,8
1,<environment.Job instance at 0x1503f1360410>,7,2,[10  2],9,16,18,7,9
1,<environment.Job instance at 0x1503f1360a50>,8,3,[2 7],10,18,21,8,10
1,<environment.Job instance at 0x1503f4aab7d0>,5,15,[8 1],7,18,33,11,16
1,<environment.Job instance at 0x1503feb7ef50>,20,3,[7 2],27,33,36,6,27
1,<environment.Job instance at 0x1503feb7e690>,21,1,[1 7],28,28,29,0,28
1,<environment.Job instance at 0x1503feb7edc0>,22,1,[8 2],29,36,37,7,29
1,<environment.Job instance at 0x1503f1300320>,23,3,[ 1 10],30,37,40,7,30
1,<environment.Job instance at 0x1503f0bd2140>,31,1,[9 2],43,64,65,21,64
1,<environment.Job instance at 0x1503f0bd2370>,33,2,[7 2],47,67,69,20,67
1,<environment.Job instance at 0x1503f4bbe320>,30,3,[7 1],42,69,72,27,67
1,<environment.Job instance at 0x1503f0bd24b0>,34,17,[9 1],48,72,89,24,68
1,<environment.Job instance at 0x1503f0bd26e0>,38,3,[2 6],52,68,71,16,68
1,<environment.Job instance at 0x1503f0bd20a0>,40,2,[2 5],57,89,91,32,69
1,<environment.Job instance at 0x1503f0bd25a0>,41,2,[8 2],58,89,91,31,69
1,<environment.Job instance at 0x1503f0cee0a0>,47,2,[8 2],68,110,112,42,110
1,<environment.Job instance at 0x1503f110ed20>,48,3,[9 2],69,112,115,43,110
1,<environment.Job instance at 0x1503f110e230>,49,16,[1 7],70,110,126,40,110
1,<environment.Job instance at 0x1503f110e820>,50,13,[5 1],71,115,128,44,110
1,<environment.Job instance at 0x1503f3e95820>,55,1,[8 1],76,128,129,52,110
1,<environment.Job instance at 0x1503f3e95280>,56,1,[1 5],77,126,127,49,110
1,<environment.Job instance at 0x1503f10bec30>,57,1,[ 1 10],79,129,130,50,110
1,<environment.Job instance at 0x1503f4bbe0a0>,29,15,[5 2],40,449,464,409,449
1,<environment.Job instance at 0x1503fe854e60>,3,2,[5 2],5,5,7,0,5
1,<environment.Job instance at 0x1503fe854690>,4,3,[5 2],7,8,11,1,8
1,<environment.Job instance at 0x150444315410>,5,13,[7 2],8,11,24,3,8
1,<environment.Job instance at 0x1503f0aaa5f0>,15,15,[10  2],23,24,39,1,23
1,<environment.Job instance at 0x1503f4ee6140>,16,2,[1 5],24,39,41,15,24
1,<environment.Job instance at 0x1503f09940f0>,17,3,[9 1],25,39,42,14,25
1,<environment.Job instance at 0x1503f07564b0>,18,19,[2 5],26,42,61,16,32
1,<environment.Job instance at 0x1503f4a706e0>,19,3,[1 9],27,61,64,34,35
1,<environment.Job instance at 0x1503f49a5a50>,20,2,[9 2],28,64,66,36,47
1,<environment.Job instance at 0x1503f0564500>,31,16,[1 5],42,64,80,22,64
1,<environment.Job instance at 0x1503f4a1a7d0>,47,2,[1 9],66,80,82,14,66
1,<environment.Job instance at 0x1503f4a1a6e0>,48,3,[1 6],67,82,85,15,67
1,<environment.Job instance at 0x1504442f00f0>,49,3,[1 9],68,85,88,17,68
1,<environment.Job instance at 0x1504442f05f0>,50,2,[2 7],72,88,90,16,76
1,<environment.Job instance at 0x1504442f0960>,52,1,[1 8],77,90,91,13,79
1,<environment.Job instance at 0x1503f0cb04b0>,11,18,[1 9],17,98,116,81,98
1,<environment.Job instance at 0x1503ff4f28c0>,0,2,[9 1],1,3,5,2,3
1,<environment.Job instance at 0x1503f11290a0>,48,3,[2 5],62,661,664,599,661
1,<environment.Job instance at 0x1503f1129780>,49,3,[1 7],64,665,668,601,665
1,<environment.Job instance at 0x1503f4bcc9b0>,52,1,[1 8],67,701,702,634,701
1,<environment.Job instance at 0x1503f1a954b0>,60,15,[10  2],78,729,744,651,729
1,<environment.Job instance at 0x1503f3e18c80>,5,1,[10  1],7,7,8,0,7
1,<environment.Job instance at 0x1503f3e18730>,6,1,[6 2],8,8,9,0,8
1,<environment.Job instance at 0x1503f0dbfc80>,15,1,[ 1 10],20,26,27,6,26
1,<environment.Job instance at 0x1503fe8c2910>,25,3,[ 2 10],35,35,38,0,35
1,<environment.Job instance at 0x1503f3f180f0>,48,18,[5 2],66,86,104,20,86
1,<environment.Job instance at 0x1503f3f18e10>,51,3,[5 2],70,89,92,19,89
1,<environment.Job instance at 0x1503f3f18280>,52,2,[2 9],72,104,106,32,89
1,<environment.Job instance at 0x1503f3f18a50>,54,16,[9 1],74,106,122,32,104
1,<environment.Job instance at 0x1503fd4e23c0>,42,18,[2 8],58,244,262,186,244
1,<environment.Job instance at 0x1503f3f6b8c0>,1,3,[9 2],3,3,6,0,3
1,<environment.Job instance at 0x1503f49ab1e0>,12,1,[9 1],26,27,28,1,27
1,<environment.Job instance at 0x1503f3f6be10>,16,2,[7 2],32,71,73,39,71
1,<environment.Job instance at 0x1503f3db83c0>,20,3,[8 2],37,73,76,36,71
1,<environment.Job instance at 0x15043ce2e690>,21,2,[2 7],38,71,73,33,71
1,<environment.Job instance at 0x1503f085f870>,22,2,[2 8],40,73,75,33,72
1,<environment.Job instance at 0x1503f1305690>,23,1,[6 2],42,76,77,34,73
1,<environment.Job instance at 0x1503f10ee190>,29,3,[ 2 10],49,359,362,310,359
1,<environment.Job instance at 0x1503f3f6b550>,7,14,[7 1],16,885,899,869,885
1,<environment.Job instance at 0x1503f3d6b870>,1,3,[9 2],7,9,12,2,9
1,<environment.Job instance at 0x1503f3d6b640>,4,18,[1 9],10,12,30,2,12
1,<environment.Job instance at 0x1503f0ecdb90>,7,1,[5 1],13,16,17,3,16
1,<environment.Job instance at 0x1503f0ecd870>,9,12,[ 1 10],17,30,42,13,19
1,<environment.Job instance at 0x1503f0ecdc30>,12,2,[ 2 10],20,42,44,22,20
1,<environment.Job instance at 0x1503f114dbe0>,37,3,[7 1],47,118,121,71,118
1,<environment.Job instance at 0x1503f114ddc0>,38,2,[5 1],48,121,123,73,118
1,<environment.Job instance at 0x1503f0eb2550>,39,14,[10  2],49,123,137,74,118
1,<environment.Job instance at 0x1503f0eb2fa0>,41,17,[9 1],51,137,154,86,125
1,<environment.Job instance at 0x1503f0eb24b0>,43,1,[6 1],54,154,155,100,126
1,<environment.Job instance at 0x1503f0eb2b40>,44,17,[1 5],55,137,154,82,126
1,<environment.Job instance at 0x1503f0eb2320>,45,3,[10  2],56,155,158,99,129
1,<environment.Job instance at 0x1503f0eb2c30>,46,3,[9 1],57,158,161,101,132
1,<environment.Job instance at 0x1503f0eb25a0>,47,1,[2 9],58,154,155,96,132
1,<environment.Job instance at 0x1503f0ecdf50>,5,18,[ 2 10],11,161,179,150,154
1,<environment.Job instance at 0x1503f0ed2be0>,17,1,[6 1],26,179,180,153,156
1,<environment.Job instance at 0x1503f06095a0>,0,3,[10  1],1,6,9,5,6
1,<environment.Job instance at 0x1503f0609280>,4,2,[1 8],8,9,11,1,8
1,<environment.Job instance at 0x1503f09365a0>,5,1,[1 7],9,15,16,6,15
1,<environment.Job instance at 0x1503f0936050>,7,3,[7 1],16,16,19,0,16
1,<environment.Job instance at 0x1503f0936640>,8,3,[ 2 10],17,19,22,2,17
1,<environment.Job instance at 0x1503f09365f0>,6,17,[9 1],15,22,39,7,17
1,<environment.Job instance at 0x1503f0936c80>,9,3,[2 8],18,39,42,21,23
1,<environment.Job instance at 0x1503f11df410>,14,2,[6 2],24,39,41,15,25
1,<environment.Job instance at 0x1503f11e0320>,16,1,[1 8],26,27,28,1,27
1,<environment.Job instance at 0x1503fc011aa0>,18,1,[1 5],28,28,29,0,28
1,<environment.Job instance at 0x1503fe814be0>,19,12,[1 6],29,42,54,13,29
1,<environment.Job instance at 0x1503f19b3460>,20,1,[2 5],32,54,55,22,32
1,<environment.Job instance at 0x1503ff5187d0>,21,16,[1 6],33,55,71,22,43
1,<environment.Job instance at 0x1503f0c639b0>,26,15,[2 6],39,71,86,32,66
1,<environment.Job instance at 0x1503fe7675a0>,34,2,[1 9],49,86,88,37,66
1,<environment.Job instance at 0x1503fe767690>,35,1,[1 6],50,88,89,38,66
1,<environment.Job instance at 0x1503fe723fa0>,36,3,[6 1],53,66,69,13,66
1,<environment.Job instance at 0x1503fe723870>,37,2,[9 2],54,69,71,15,66
1,<environment.Job instance at 0x1503fe7235a0>,38,2,[2 7],55,89,91,34,66
1,<environment.Job instance at 0x1503ff432be0>,39,1,[2 5],56,91,92,35,66
1,<environment.Job instance at 0x1503fc043320>,40,14,[1 9],59,92,106,33,77
1,<environment.Job instance at 0x1503fe7c9230>,43,12,[8 1],63,94,106,31,94
1,<environment.Job instance at 0x1503f11df050>,13,12,[ 1 10],23,131,143,108,131
1,<environment.Job instance at 0x146285d8a550>,0,17,[ 1 10],3,8,25,5,8
1,<environment.Job instance at 0x146230824640>,6,16,[2 7],9,25,41,16,12
1,<environment.Job instance at 0x146230874d70>,10,3,[7 2],14,25,28,11,14
1,<environment.Job instance at 0x1462308952d0>,17,3,[6 1],23,29,32,6,29
1,<environment.Job instance at 0x146230895140>,18,1,[5 2],25,32,33,7,29
1,<environment.Job instance at 0x146230874230>,19,3,[8 1],26,33,36,7,29
1,<environment.Job instance at 0x14623085d910>,22,3,[2 6],29,41,44,12,29
1,<environment.Job instance at 0x14623085feb0>,23,3,[7 2],30,36,39,6,30
1,<environment.Job instance at 0x14623085af50>,24,20,[ 1 10],32,44,64,12,35
1,<environment.Job instance at 0x14623014e1e0>,25,1,[6 1],34,39,40,5,35
1,<environment.Job instance at 0x14623014c730>,26,3,[9 1],36,64,67,28,38
1,<environment.Job instance at 0x14623014c960>,27,3,[2 8],37,67,70,30,41
1,<environment.Job instance at 0x14623014caa0>,28,2,[1 9],38,64,66,26,41
1,<environment.Job instance at 0x14623014c410>,30,3,[1 8],41,70,73,29,44
1,<environment.Job instance at 0x14623014cf00>,31,3,[8 1],42,67,70,25,44
1,<environment.Job instance at 0x14623014bbe0>,40,1,[8 1],53,70,71,17,55
1,<environment.Job instance at 0x14623014baa0>,41,1,[ 1 10],54,73,74,19,55
1,<environment.Job instance at 0x14623014b0a0>,42,3,[1 6],55,74,77,19,55
1,<environment.Job instance at 0x14623014ba50>,43,2,[2 8],56,77,79,21,56
1,<environment.Job instance at 0x1462308811e0>,44,1,[2 9],57,79,80,22,57
1,<environment.Job instance at 0x1462303b8910>,45,2,[2 5],58,80,82,22,58
1,<environment.Job instance at 0x1462303b8230>,46,1,[1 7],59,66,67,7,59
1,<environment.Job instance at 0x14623087f8c0>,47,14,[5 1],60,74,88,14,61
1,<environment.Job instance at 0x1462303b26e0>,49,1,[ 1 10],67,88,89,21,68
1,<environment.Job instance at 0x1462303b2190>,51,16,[10  1],69,89,105,20,80
1,<environment.Job instance at 0x1462303c4b40>,57,3,[1 9],80,82,85,2,80
1,<environment.Job instance at 0x1462303c4a00>,58,3,[6 1],83,105,108,22,83
1,<environment.Job instance at 0x146285d8a460>,2,18,[ 1 10],5,121,139,116,121
1,<environment.Job instance at 0x146230166410>,0,18,[1 7],1,1,19,0,1
1,<environment.Job instance at 0x146239976550>,10,2,[1 5],18,19,21,1,18
1,<environment.Job instance at 0x146230166320>,3,15,[1 9],5,21,36,16,18
1,<environment.Job instance at 0x146239976410>,11,17,[9 2],20,39,56,19,39
1,<environment.Job instance at 0x1462399779b0>,25,15,[6 2],42,56,71,14,46
1,<environment.Job instance at 0x146239980af0>,29,18,[1 5],47,47,65,0,47
1,<environment.Job instance at 0x146239620c80>,30,1,[ 2 10],48,71,72,23,48
1,<environment.Job instance at 0x14623976f550>,31,3,[7 1],49,72,75,23,49
1,<environment.Job instance at 0x14623976f2d0>,32,1,[2 5],53,65,66,12,53
1,<environment.Job instance at 0x14623976f0f0>,33,2,[1 7],55,66,68,11,55
1,<environment.Job instance at 0x14623976ffa0>,34,2,[9 1],56,75,77,19,56
1,<environment.Job instance at 0x14623976f410>,35,3,[2 9],58,72,75,14,58
1,<environment.Job instance at 0x14623976ff50>,36,2,[6 1],62,77,79,15,62
1,<environment.Job instance at 0x14623976f370>,37,15,[9 2],63,79,94,16,69
1,<environment.Job instance at 0x14623a1dfb90>,49,3,[2 7],78,94,97,16,79
1,<environment.Job instance at 0x14623a1df050>,50,2,[ 2 10],80,97,99,17,80
1,<environment.Job instance at 0x14623971b6e0>,51,13,[9 1],82,99,112,17,88
1,<environment.Job instance at 0x14623971b780>,53,16,[6 1],87,128,144,41,128
1,<environment.Job instance at 0x14622fa69910>,13,18,[ 2 10],16,18,36,2,18
1,<environment.Job instance at 0x14622f9fb050>,16,2,[ 2 10],20,40,42,20,40
1,<environment.Job instance at 0x14622f9c95f0>,26,2,[5 2],41,44,46,3,44
1,<environment.Job instance at 0x14622fba7140>,29,25,[1 8],45,45,70,0,45
1,<environment.Job instance at 0x14622fba7d70>,32,13,[ 2 10],51,70,83,19,55
1,<environment.Job instance at 0x146230141140>,37,1,[5 1],57,57,58,0,57
1,<environment.Job instance at 0x14622fba7460>,38,2,[2 8],58,83,85,25,58
1,<environment.Job instance at 0x14622f9d04b0>,46,3,[1 7],70,85,88,15,83
1,<environment.Job instance at 0x14622f9d01e0>,48,2,[1 5],72,88,90,16,84
1,<environment.Job instance at 0x14622f9d0690>,49,15,[ 1 10],75,90,105,15,86
1,<environment.Job instance at 0x146233ceb050>,51,1,[7 1],79,86,87,7,86
1,<environment.Job instance at 0x14622f9ce230>,52,2,[1 8],81,105,107,24,86
1,<environment.Job instance at 0x14622f9cee10>,53,1,[1 6],82,107,108,25,86
1,<environment.Job instance at 0x14622f9d05a0>,2,1,[1 5],4,4,5,0,4
1,<environment.Job instance at 0x146232b009b0>,3,2,[1 9],5,5,7,0,5
1,<environment.Job instance at 0x14622f9fb640>,6,2,[1 5],9,9,11,0,9
1,<environment.Job instance at 0x146233da0c30>,9,3,[5 2],13,13,16,0,13
1,<environment.Job instance at 0x1462313dc8c0>,11,14,[ 1 10],16,17,31,1,17
1,<environment.Job instance at 0x146233da2960>,32,14,[ 2 10],42,213,227,171,213
1,<environment.Job instance at 0x14623997d140>,38,2,[ 1 10],51,227,229,176,213
1,<environment.Job instance at 0x146236692460>,39,2,[6 1],52,229,231,177,213
1,<environment.Job instance at 0x146233da2b40>,40,2,[10  2],53,231,233,178,213
1,<environment.Job instance at 0x146233da2f00>,41,3,[2 6],54,233,236,179,213
1,<environment.Job instance at 0x146235018c30>,42,2,[7 2],56,233,235,177,213
1,<environment.Job instance at 0x14622fa37e60>,43,1,[9 1],58,236,237,178,213
1,<environment.Job instance at 0x14622fa37320>,44,3,[1 9],59,236,239,177,213
1,<environment.Job instance at 0x14622fa37c80>,46,2,[6 2],61,239,241,178,216
1,<environment.Job instance at 0x14622fa37370>,47,2,[2 6],64,229,231,165,216
1,<environment.Job instance at 0x14622fa370a0>,48,1,[1 7],65,239,240,174,216
1,<environment.Job instance at 0x14622fa37870>,49,2,[10  2],66,241,243,175,217
1,<environment.Job instance at 0x146239722190>,1,1,[1 5],6,7,8,1,7
1,<environment.Job instance at 0x146239699640>,2,2,[5 1],9,9,11,0,9
1,<environment.Job instance at 0x1462339bceb0>,3,1,[1 7],10,10,11,0,10
1,<environment.Job instance at 0x1462339bc4b0>,5,12,[1 8],12,14,26,2,14
1,<environment.Job instance at 0x146232b13c30>,18,17,[10  1],28,29,46,1,29
1,<environment.Job instance at 0x1462339bc5f0>,4,12,[6 1],11,46,58,35,37
1,<environment.Job instance at 0x1462399ab690>,30,3,[7 2],50,58,61,8,51
1,<environment.Job instance at 0x1462399abf00>,32,1,[5 2],52,61,62,9,53
1,<environment.Job instance at 0x14623997e230>,33,3,[10  2],54,62,65,8,55
1,<environment.Job instance at 0x1462399a3870>,38,16,[1 5],61,65,81,4,62
1,<environment.Job instance at 0x14623998ac80>,24,18,[7 2],41,79,97,38,79
1,<environment.Job instance at 0x1462399a3460>,44,2,[8 2],69,97,99,28,79
1,<environment.Job instance at 0x1462399a3640>,45,15,[10  2],70,99,114,29,89
1,<environment.Job instance at 0x1462399a39b0>,47,15,[7 2],72,114,129,42,107
1,<environment.Job instance at 0x1462337dbd70>,53,2,[2 8],83,114,116,31,107
1,<environment.Job instance at 0x1462337db690>,54,17,[10  2],84,129,146,45,125
1,<environment.Job instance at 0x146232e86460>,58,2,[2 6],88,125,127,37,125
1,<environment.Job instance at 0x146232e86d70>,59,2,[6 1],89,146,148,57,125
1,<environment.Job instance at 0x146232e86a50>,57,15,[7 1],87,172,187,85,172
1,<environment.Job instance at 0x1462313cd690>,0,3,[2 8],1,7,10,6,7
1,<environment.Job instance at 0x1462313bf910>,6,1,[9 2],8,10,11,2,9
1,<environment.Job instance at 0x1462313bf4b0>,5,16,[8 1],7,11,27,4,9
1,<environment.Job instance at 0x1462313bf5f0>,8,3,[2 7],10,45,48,35,45
1,<environment.Job instance at 0x1462313bfd20>,16,1,[7 1],23,45,46,22,45
1,<environment.Job instance at 0x1462313bf190>,17,2,[2 5],24,48,50,24,45
1,<environment.Job instance at 0x1462313bf730>,18,1,[5 2],25,46,47,21,45
1,<environment.Job instance at 0x1462313bfc30>,19,14,[10  2],26,50,64,24,48
1,<environment.Job instance at 0x1462337b58c0>,22,1,[1 5],29,48,49,19,48
1,<environment.Job instance at 0x1462337b5370>,23,1,[8 1],32,49,50,17,48
1,<environment.Job instance at 0x1462337b5140>,24,2,[7 1],33,64,66,31,48
1,<environment.Job instance at 0x1462337b5b40>,25,2,[2 7],34,64,66,30,48
1,<environment.Job instance at 0x1462337b50f0>,26,1,[5 2],35,66,67,31,48
1,<environment.Job instance at 0x1462337b5960>,27,1,[1 5],38,66,67,28,48
1,<environment.Job instance at 0x146239564820>,28,2,[6 1],39,67,69,28,48
1,<environment.Job instance at 0x1462313bf870>,11,12,[8 2],13,69,81,56,58
1,<environment.Job instance at 0x1462339d01e0>,45,1,[8 2],63,87,88,24,87
1,<environment.Job instance at 0x14623082a0a0>,1,2,[1 6],2,2,4,0,2
1,<environment.Job instance at 0x1462395cd410>,3,3,[6 2],4,6,9,2,6
1,<environment.Job instance at 0x1462313bfaf0>,2,2,[1 6],3,7,9,4,7
1,<environment.Job instance at 0x146232a87050>,5,3,[6 2],7,9,12,2,7
1,<environment.Job instance at 0x146232a87eb0>,6,1,[2 8],8,10,11,2,10
1,<environment.Job instance at 0x146232a875f0>,9,3,[7 1],13,13,16,0,13
1,<environment.Job instance at 0x146232a87c80>,8,1,[10  2],11,16,17,5,14
1,<environment.Job instance at 0x1462395e68c0>,10,3,[2 7],15,17,20,2,17
1,<environment.Job instance at 0x1462395e66e0>,12,13,[10  1],20,27,40,7,27
1,<environment.Job instance at 0x146232b7b5f0>,18,3,[ 1 10],28,40,43,12,28
1,<environment.Job instance at 0x1462395e62d0>,19,2,[1 5],29,43,45,14,29
1,<environment.Job instance at 0x14627460d550>,21,14,[9 2],34,43,57,9,35
1,<environment.Job instance at 0x146232e321e0>,20,17,[2 5],33,57,74,24,46
1,<environment.Job instance at 0x146232edb6e0>,34,1,[1 9],57,74,75,17,57
1,<environment.Job instance at 0x146233d71780>,35,3,[ 1 10],58,75,78,17,58
1,<environment.Job instance at 0x146233d71640>,36,3,[ 1 10],60,78,81,18,60
1,<environment.Job instance at 0x146233d71eb0>,37,2,[8 2],61,61,63,0,61
1,<environment.Job instance at 0x1462300c8410>,38,1,[1 5],62,63,64,1,62
1,<environment.Job instance at 0x1462300c8c80>,39,2,[8 1],63,64,66,1,63
1,<environment.Job instance at 0x1462300c8140>,40,1,[5 2],65,66,67,1,65
1,<environment.Job instance at 0x14623201b1e0>,46,3,[7 2],75,81,84,6,75
1,<environment.Job instance at 0x14623201ba00>,48,3,[9 2],77,84,87,7,77
1,<environment.Job instance at 0x14623201b9b0>,49,3,[8 1],78,87,90,9,78
1,<environment.Job instance at 0x14623201b280>,50,3,[2 6],80,81,84,1,80
1,<environment.Job instance at 0x146233945640>,22,17,[9 1],37,90,107,53,87
1,<environment.Job instance at 0x146233888410>,56,15,[8 1],89,107,122,18,100
1,<environment.Job instance at 0x14623201b230>,45,3,[9 1],73,122,125,49,109
1,<environment.Job instance at 0x1462313d1780>,0,1,[ 2 10],2,5,6,3,5
1,<environment.Job instance at 0x14622fcf1640>,3,2,[7 1],7,7,9,0,7
1,<environment.Job instance at 0x146232ca9410>,4,3,[1 8],9,10,13,1,10
1,<environment.Job instance at 0x146232d31870>,5,1,[6 1],10,10,11,0,10
1,<environment.Job instance at 0x14622fcfb730>,6,2,[2 9],12,13,15,1,13
1,<environment.Job instance at 0x146232cacc80>,8,1,[2 9],14,15,16,1,14
1,<environment.Job instance at 0x146232cb7140>,9,3,[9 1],15,16,19,1,15
1,<environment.Job instance at 0x146232cac550>,11,14,[1 9],18,19,33,1,19
1,<environment.Job instance at 0x146232cb7410>,13,1,[1 5],22,33,34,11,22
1,<environment.Job instance at 0x146232cc2640>,14,3,[10  1],23,34,37,11,23
1,<environment.Job instance at 0x14623013baf0>,15,1,[6 2],24,33,34,9,24
1,<environment.Job instance at 0x146232cc26e0>,16,2,[6 1],25,25,27,0,25
1,<environment.Job instance at 0x146232cc2f00>,17,3,[8 1],27,27,30,0,27
1,<environment.Job instance at 0x14622fab0cd0>,18,1,[1 9],29,37,38,8,29
1,<environment.Job instance at 0x146233917500>,19,1,[2 9],30,38,39,8,30
1,<environment.Job instance at 0x14622fab08c0>,20,1,[2 9],31,39,40,8,31
1,<environment.Job instance at 0x14623016be10>,21,14,[1 6],34,40,54,6,35
1,<environment.Job instance at 0x146232b64370>,23,1,[2 7],36,54,55,18,36
1,<environment.Job instance at 0x14622fa37960>,24,2,[1 9],37,55,57,18,37
1,<environment.Job instance at 0x14622fa378c0>,25,16,[2 5],38,57,73,19,44
1,<environment.Job instance at 0x146274555fa0>,39,3,[1 7],61,73,76,12,61
1,<environment.Job instance at 0x146274555320>,40,1,[8 1],63,63,64,0,63
1,<environment.Job instance at 0x14622fabd820>,41,2,[8 2],64,64,66,0,64
1,<environment.Job instance at 0x146274555a00>,42,1,[1 7],65,76,77,11,65
1,<environment.Job instance at 0x1462745550a0>,43,3,[2 9],66,95,98,29,95
1,<environment.Job instance at 0x146239693af0>,50,3,[1 9],78,98,101,20,96
1,<environment.Job instance at 0x146239693730>,51,3,[9 1],79,98,101,19,97
1,<environment.Job instance at 0x1462745d0d70>,36,12,[ 2 10],58,125,137,67,125
1,<environment.Job instance at 0x14622fba5050>,0,2,[8 1],1,7,9,6,7
1,<environment.Job instance at 0x14622fc09e10>,5,15,[1 7],8,11,26,3,11
1,<environment.Job instance at 0x14622fc09280>,9,3,[1 5],12,26,29,14,18
1,<environment.Job instance at 0x14622fcf4820>,15,16,[5 1],19,24,40,5,24
1,<environment.Job instance at 0x14622f982a00>,19,3,[1 6],25,29,32,4,25
1,<environment.Job instance at 0x1462337f5640>,20,2,[5 2],26,32,34,6,26
1,<environment.Job instance at 0x14622fba5230>,6,15,[5 1],9,34,49,25,29
1,<environment.Job instance at 0x146232f94230>,21,16,[8 1],28,49,65,21,49
1,<environment.Job instance at 0x14623999aeb0>,42,1,[7 2],51,65,66,14,55
1,<environment.Job instance at 0x14623999acd0>,43,12,[8 2],52,66,78,14,55
1,<environment.Job instance at 0x146239561640>,44,1,[ 1 10],53,78,79,25,55
1,<environment.Job instance at 0x14622fb56cd0>,45,2,[2 6],54,55,57,1,55
1,<environment.Job instance at 0x146239561f50>,46,1,[ 2 10],55,79,80,24,55
1,<environment.Job instance at 0x1462382da550>,47,1,[2 9],57,57,58,0,57
1,<environment.Job instance at 0x1462382da640>,48,16,[6 1],58,80,96,22,73
1,<environment.Job instance at 0x1462382da4b0>,54,1,[2 7],71,73,74,2,73
1,<environment.Job instance at 0x1462382da960>,55,2,[10  2],72,96,98,24,73
1,<environment.Job instance at 0x1462382da320>,57,1,[6 1],78,98,99,20,78
1,<environment.Job instance at 0x14622fa865a0>,58,2,[7 1],79,99,101,20,79
1,<environment.Job instance at 0x14622fa86aa0>,60,18,[1 9],81,98,116,17,87
1,<environment.Job instance at 0x14622fa86a50>,61,15,[1 9],83,116,131,33,109
1,<environment.Job instance at 0x14622f3e41e0>,0,1,[6 2],1,4,5,3,4
1,<environment.Job instance at 0x14622f64ae10>,1,14,[9 2],4,5,19,1,5
1,<environment.Job instance at 0x146232e6c2d0>,3,2,[5 2],6,19,21,13,7
1,<environment.Job instance at 0x146239684b40>,22,2,[2 7],31,31,33,0,31
1,<environment.Job instance at 0x146239677280>,23,12,[2 7],33,33,45,0,33
1,<environment.Job instance at 0x146239630910>,27,3,[8 2],37,37,40,0,37
1,<environment.Job instance at 0x14622f3e40f0>,9,16,[7 1],15,43,59,28,43
1,<environment.Job instance at 0x146239630410>,28,15,[7 2],38,59,74,21,47
1,<environment.Job instance at 0x1462300c7550>,33,2,[2 5],48,48,50,0,48
1,<environment.Job instance at 0x1462300c73c0>,34,3,[2 8],49,50,53,1,49
1,<environment.Job instance at 0x146239549af0>,35,2,[1 9],51,53,55,2,51
1,<environment.Job instance at 0x146232c68e60>,37,1,[8 2],53,74,75,21,53
1,<environment.Job instance at 0x1462397049b0>,57,18,[8 1],88,89,107,1,89
1,<environment.Job instance at 0x146239630be0>,2,3,[7 2],5,5,8,0,5
1,<environment.Job instance at 0x14622fa875a0>,3,2,[ 2 10],7,8,10,1,7
1,<environment.Job instance at 0x146232c61a00>,4,2,[1 5],8,10,12,2,10
1,<environment.Job instance at 0x146232c610f0>,8,2,[8 2],12,12,14,0,12
1,<environment.Job instance at 0x146232edbb90>,9,1,[8 2],13,14,15,1,13
1,<environment.Job instance at 0x146232edb6e0>,19,2,[2 6],24,33,35,9,33
1,<environment.Job instance at 0x14622ff12af0>,20,14,[2 5],25,35,49,10,33
1,<environment.Job instance at 0x14622fece6e0>,21,12,[5 1],26,33,45,7,33
1,<environment.Job instance at 0x146236667320>,22,13,[1 7],27,49,62,22,33
1,<environment.Job instance at 0x146232d8c730>,25,13,[1 8],31,62,75,31,48
1,<environment.Job instance at 0x146232d3af50>,35,2,[2 6],50,75,77,25,51
1,<environment.Job instance at 0x14622f8aacd0>,2,14,[7 2],5,8,22,3,8
1,<environment.Job instance at 0x14622f8aa230>,6,15,[5 1],11,22,37,11,11
1,<environment.Job instance at 0x14622f8aa8c0>,7,17,[5 2],12,22,39,10,12
1,<environment.Job instance at 0x14622f8aa7d0>,8,12,[1 6],13,37,49,24,21
1,<environment.Job instance at 0x14622f98fcd0>,44,3,[5 2],64,163,166,99,163
1,<environment.Job instance at 0x1462840e9b40>,19,3,[ 1 10],25,204,207,179,204
1,<environment.Job instance at 0x146232cf6aa0>,20,15,[ 1 10],26,250,265,224,250
1,<environment.Job instance at 0x146232e37cd0>,18,3,[9 2],29,1677,1680,1648,1677
1,<environment.Job instance at 0x14622ffe2280>,42,2,[2 7],61,1834,1836,1773,1834
1,<environment.Job instance at 0x14622ffe2be0>,43,15,[10  2],63,1837,1852,1774,1837
1,<environment.Job instance at 0x146232e58b90>,54,1,[1 8],76,1852,1853,1776,1837
1,<environment.Job instance at 0x146232e58190>,55,14,[1 8],77,1853,1867,1776,1838
1,<environment.Job instance at 0x146232e58870>,56,2,[ 1 10],78,1867,1869,1789,1841
1,<environment.Job instance at 0x146232e58cd0>,60,2,[9 2],83,1852,1854,1769,1841
1,<environment.Job instance at 0x146232e58730>,61,3,[1 5],84,1869,1872,1785,1843
1,<environment.Job instance at 0x146232e37690>,7,16,[ 2 10],11,1881,1897,1870,1881
1,<environment.Job instance at 0x146284100a50>,4,1,[5 2],7,9,10,2,9
1,<environment.Job instance at 0x1462841006e0>,6,3,[2 7],12,12,15,0,12
1,<environment.Job instance at 0x146284100410>,7,2,[8 1],13,14,16,1,14
1,<environment.Job instance at 0x146284100fa0>,9,2,[1 9],16,16,18,0,16
1,<environment.Job instance at 0x14622fcb90a0>,10,3,[1 6],17,18,21,1,17
1,<environment.Job instance at 0x14622fcb9d20>,11,3,[1 9],18,21,24,3,18
1,<environment.Job instance at 0x14623959feb0>,12,2,[2 7],22,24,26,2,22
1,<environment.Job instance at 0x14622fe71190>,13,2,[9 1],25,26,28,1,25
1,<environment.Job instance at 0x14622fe713c0>,14,1,[1 8],27,27,28,0,27
1,<environment.Job instance at 0x14622fe71460>,15,2,[9 1],28,28,30,0,28
1,<environment.Job instance at 0x14622fe719b0>,16,2,[1 8],30,30,32,0,30
1,<environment.Job instance at 0x14622fe712d0>,17,2,[9 1],31,31,33,0,31
1,<environment.Job instance at 0x14622ff609b0>,18,23,[2 9],33,35,58,2,35
1,<environment.Job instance at 0x14622fd44b90>,22,1,[6 2],37,58,59,21,37
1,<environment.Job instance at 0x14623974d280>,23,1,[1 6],38,58,59,20,38
1,<environment.Job instance at 0x14622f8e7140>,24,2,[2 6],39,59,61,20,39
1,<environment.Job instance at 0x146232013eb0>,25,17,[10  2],40,70,87,30,70
1,<environment.Job instance at 0x146233d20230>,39,12,[1 9],61,87,99,26,70
1,<environment.Job instance at 0x146233d200f0>,40,3,[1 9],62,99,102,37,73
1,<environment.Job instance at 0x146233d20690>,41,18,[5 2],63,102,120,39,100
1,<environment.Job instance at 0x1462339627d0>,47,1,[6 2],71,120,121,49,100
1,<environment.Job instance at 0x146233962c80>,48,2,[1 7],73,102,104,29,100
1,<environment.Job instance at 0x146233962550>,49,17,[5 1],74,121,138,47,109
1,<environment.Job instance at 0x14623668b0f0>,55,1,[5 2],81,109,110,28,109
1,<environment.Job instance at 0x14623668bc30>,56,13,[1 9],82,121,134,39,109
1,<environment.Job instance at 0x14623668bb40>,57,15,[2 9],83,134,149,51,126
1,<environment.Job instance at 0x146232dc0a50>,60,3,[2 6],87,149,152,62,126
1,<environment.Job instance at 0x14622f33a870>,2,3,[1 7],4,5,8,1,5
1,<environment.Job instance at 0x14622f33aaf0>,4,2,[7 1],6,6,8,0,6
1,<environment.Job instance at 0x146232c76780>,5,1,[1 8],7,8,9,1,7
1,<environment.Job instance at 0x146230918a00>,6,1,[8 1],8,8,9,0,8
1,<environment.Job instance at 0x146232c67af0>,18,1,[1 9],23,24,25,1,24
1,<environment.Job instance at 0x146232eb6550>,19,1,[1 8],24,25,26,1,24
1,<environment.Job instance at 0x1462308d9d20>,20,16,[9 1],26,32,48,6,32
1,<environment.Job instance at 0x14623004a820>,26,1,[2 7],35,48,49,13,38
1,<environment.Job instance at 0x14623957b320>,27,1,[1 8],36,38,39,2,38
1,<environment.Job instance at 0x14622f749be0>,28,1,[7 1],37,48,49,11,38
1,<environment.Job instance at 0x146230006a00>,29,3,[5 2],38,49,52,11,38
1,<environment.Job instance at 0x1462300060a0>,30,1,[10  1],39,52,53,13,39
1,<environment.Job instance at 0x146230006640>,31,1,[ 1 10],40,53,54,13,40
1,<environment.Job instance at 0x146230006690>,32,1,[2 5],41,49,50,8,42
1,<environment.Job instance at 0x14623003a960>,34,2,[2 8],43,50,52,7,43
1,<environment.Job instance at 0x14623003a730>,35,1,[8 2],44,54,55,10,44
1,<environment.Job instance at 0x146230018140>,36,2,[6 1],47,55,57,8,47
1,<environment.Job instance at 0x146230018f50>,37,1,[5 2],50,57,58,7,50
1,<environment.Job instance at 0x146230015b90>,46,3,[1 8],61,61,64,0,61
1,<environment.Job instance at 0x14623974ce60>,56,3,[2 7],71,71,74,0,71
1,<environment.Job instance at 0x1462396dd640>,57,1,[9 1],74,74,75,0,74
1,<environment.Job instance at 0x1462396dd960>,58,18,[2 8],78,78,96,0,78
1,<environment.Job instance at 0x1462396dda50>,59,2,[2 8],80,96,98,16,82
1,<environment.Job instance at 0x1462396dd5a0>,65,17,[9 1],87,2749,2766,2662,2749
1,<environment.Job instance at 0x1462396dd050>,64,18,[5 2],86,2766,2784,2680,2759
1,<environment.Job instance at 0x146232ca3050>,2,16,[9 1],4,4,20,0,4
1,<environment.Job instance at 0x146233975320>,0,2,[2 9],2,20,22,18,8
1,<environment.Job instance at 0x14622fc10050>,18,1,[9 1],36,44,45,8,44
1,<environment.Job instance at 0x14622fc9e910>,20,1,[1 7],39,58,59,19,58
1,<environment.Job instance at 0x14622fc108c0>,22,2,[7 2],42,58,60,16,58
1,<environment.Job instance at 0x14622f6727d0>,24,3,[2 6],44,59,62,15,58
1,<environment.Job instance at 0x14622fdd5320>,25,15,[1 6],46,66,81,20,66
1,<environment.Job instance at 0x14622f9c90a0>,30,3,[1 6],53,81,84,28,66
1,<environment.Job instance at 0x14622f9c9a00>,31,1,[2 6],54,84,85,30,67
1,<environment.Job instance at 0x14622f9c9e10>,32,2,[ 2 10],55,85,87,30,67
1,<environment.Job instance at 0x1462320215f0>,40,3,[9 2],65,87,90,22,86
1,<environment.Job instance at 0x14622f766af0>,47,15,[7 2],73,110,125,37,110
1,<environment.Job instance at 0x14622f766d70>,42,17,[5 2],68,1652,1669,1584,1652
1,<environment.Job instance at 0x14622f766a50>,1,3,[9 2],7,8,11,1,8
1,<environment.Job instance at 0x146232ec8a00>,4,18,[1 9],10,11,29,1,11
1,<environment.Job instance at 0x1462396a87d0>,18,16,[2 8],27,29,45,2,27
1,<environment.Job instance at 0x1462396a8f00>,19,3,[1 7],28,45,48,17,28
1,<environment.Job instance at 0x146233985050>,32,3,[8 2],42,49,52,7,49
1,<environment.Job instance at 0x146232aeea50>,1,3,[7 1],6,10,13,4,10
1,<environment.Job instance at 0x1462313d1c80>,6,2,[2 7],12,15,17,3,15
1,<environment.Job instance at 0x1462313d1b90>,10,1,[1 8],16,17,18,1,17
1,<environment.Job instance at 0x14622f745a50>,12,1,[1 5],18,18,19,0,18
1,<environment.Job instance at 0x14622fa78780>,0,17,[9 1],5,24,41,19,24
1,<environment.Job instance at 0x1462395e22d0>,17,15,[ 2 10],26,41,56,15,28
1,<environment.Job instance at 0x14622f745c80>,19,3,[8 1],28,56,59,28,30
1,<environment.Job instance at 0x14622ffe1550>,20,15,[2 6],29,56,71,27,53
1,<environment.Job instance at 0x1462399759b0>,35,2,[ 1 10],50,71,73,21,53
1,<environment.Job instance at 0x14623958b550>,36,16,[7 2],52,73,89,21,60
1,<environment.Job instance at 0x1462339e6e60>,38,1,[6 1],56,61,62,5,61
1,<environment.Job instance at 0x14622f6bb5f0>,39,2,[8 1],57,62,64,5,61
1,<environment.Job instance at 0x14622f6bb550>,42,13,[9 2],65,89,102,24,73
1,<environment.Job instance at 0x14622f6bb140>,43,1,[9 1],66,102,103,36,74
1,<environment.Job instance at 0x14622f6bb8c0>,45,1,[1 5],68,96,97,28,96
1,<environment.Job instance at 0x14622f6bba00>,46,3,[10  1],69,103,106,34,96
1,<environment.Job instance at 0x1462395b2aa0>,47,3,[2 9],71,106,109,35,96
1,<environment.Job instance at 0x1462308c6370>,27,15,[1 7],38,188,203,150,188
1,<environment.Job instance at 0x14622fca6780>,30,3,[6 1],43,202,205,159,202
1,<environment.Job instance at 0x14623017b5a0>,0,12,[6 1],1,8,20,7,8
1,<environment.Job instance at 0x146232efd050>,11,3,[1 9],17,17,20,0,17
1,<environment.Job instance at 0x146232efdcd0>,12,2,[2 5],18,20,22,2,18
1,<environment.Job instance at 0x14622ff31410>,19,2,[1 9],29,29,31,0,29
1,<environment.Job instance at 0x14623017b8c0>,1,13,[2 6],2,36,49,34,36
1,<environment.Job instance at 0x14622ff01dc0>,27,12,[9 2],41,52,64,11,52
1,<environment.Job instance at 0x14622ff169b0>,30,15,[9 2],46,64,79,18,52
1,<environment.Job instance at 0x14622ff01f00>,28,1,[6 2],43,79,80,36,59
1,<environment.Job instance at 0x14622ff16be0>,32,1,[6 1],49,80,81,31,76
1,<environment.Job instance at 0x146232efde60>,20,17,[9 2],31,81,98,50,77
1,<environment.Job instance at 0x14622f841280>,47,2,[8 1],73,98,100,25,77
1,<environment.Job instance at 0x14622fed4e10>,48,2,[1 8],75,77,79,2,77
1,<environment.Job instance at 0x14622fed40f0>,49,3,[2 8],76,98,101,22,77
1,<environment.Job instance at 0x146232c60d20>,50,1,[8 2],77,100,101,23,77
1,<environment.Job instance at 0x14623a2bda50>,51,1,[2 7],80,80,81,0,80
1,<environment.Job instance at 0x14623a2bd320>,52,3,[5 2],81,101,104,20,81
1,<environment.Job instance at 0x146230006820>,53,2,[8 2],82,104,106,22,82
1,<environment.Job instance at 0x1462300065f0>,54,3,[2 5],85,101,104,16,85
1,<environment.Job instance at 0x14623997ef00>,56,1,[2 5],87,104,105,17,94
1,<environment.Job instance at 0x146233854870>,1,13,[8 1],4,7,20,3,7
1,<environment.Job instance at 0x146233854280>,5,3,[7 2],12,20,23,8,13
1,<environment.Job instance at 0x14622f947dc0>,8,3,[6 2],17,23,26,6,19
1,<environment.Job instance at 0x14622f947c80>,10,3,[1 9],21,26,29,5,21
1,<environment.Job instance at 0x14622f947730>,11,2,[5 1],23,26,28,3,23
1,<environment.Job instance at 0x146233844460>,13,13,[10  2],25,29,42,4,25
1,<environment.Job instance at 0x1462338444b0>,16,1,[9 2],29,42,43,13,30
1,<environment.Job instance at 0x146233844140>,12,15,[ 1 10],24,43,58,19,32
1,<environment.Job instance at 0x146233844eb0>,20,1,[9 1],33,58,59,25,35
1,<environment.Job instance at 0x14622f977320>,23,17,[1 6],37,58,75,21,48
1,<environment.Job instance at 0x1462338416e0>,32,3,[ 1 10],49,75,78,26,49
1,<environment.Job instance at 0x146233841a00>,33,13,[1 7],51,78,91,27,62
1,<environment.Job instance at 0x146232d042d0>,44,18,[2 8],67,102,120,35,102
1,<environment.Job instance at 0x14a0cf84cfa0>,5,3,[9 1],8,8,11,0,8
1,<environment.Job instance at 0x14a0cf7f1140>,6,16,[2 7],9,11,27,2,9
1,<environment.Job instance at 0x14a0cf7ff320>,7,3,[5 1],10,11,14,1,10
1,<environment.Job instance at 0x14a0cf84ca50>,8,13,[ 2 10],11,27,40,16,12
1,<environment.Job instance at 0x14a0cf85f2d0>,10,3,[7 2],14,14,17,0,14
1,<environment.Job instance at 0x14a0cf83e820>,18,1,[5 2],25,25,26,0,25
1,<environment.Job instance at 0x14a0cf82f4b0>,19,3,[8 1],26,40,43,14,26
1,<environment.Job instance at 0x14a0cfb63910>,25,1,[6 1],34,43,44,9,41
1,<environment.Job instance at 0x14a0cf1210a0>,26,3,[9 1],36,44,47,8,41
1,<environment.Job instance at 0x14a0cf121a00>,27,3,[2 8],37,41,44,4,41
1,<environment.Job instance at 0x14a0cf121af0>,28,2,[1 9],38,44,46,6,41
1,<environment.Job instance at 0x14a0cf121aa0>,29,13,[1 6],39,46,59,7,41
1,<environment.Job instance at 0x14a0cf121140>,30,3,[1 8],41,59,62,18,41
1,<environment.Job instance at 0x14a0cf121640>,31,3,[8 1],42,47,50,5,42
1,<environment.Job instance at 0x14a0cf121eb0>,32,16,[9 1],43,50,66,7,43
1,<environment.Job instance at 0x14a0cf121230>,33,2,[5 1],44,66,68,22,44
1,<environment.Job instance at 0x14a0cf843aa0>,34,3,[9 2],45,68,71,23,45
1,<environment.Job instance at 0x14a0cf39d3c0>,35,3,[10  2],47,71,74,24,47
1,<environment.Job instance at 0x14a0cf39d730>,36,3,[1 6],48,62,65,14,48
1,<environment.Job instance at 0x14a0cf39d0f0>,37,2,[2 7],49,66,68,17,49
1,<environment.Job instance at 0x14a0cf120f50>,38,2,[8 2],50,74,76,24,50
1,<environment.Job instance at 0x14a0cf120cd0>,39,14,[2 5],51,74,88,23,59
1,<environment.Job instance at 0x14a0cf393730>,47,14,[5 1],60,76,90,16,61
1,<environment.Job instance at 0x14a0cf399320>,49,1,[ 1 10],67,90,91,23,67
1,<environment.Job instance at 0x14a0cf3995f0>,50,1,[1 8],68,68,69,0,68
1,<environment.Job instance at 0x14a0cf39c3c0>,56,18,[1 7],79,91,109,12,80
1,<environment.Job instance at 0x14a0cf39c280>,58,3,[6 1],83,91,94,8,83
1,<environment.Job instance at 0x14a0cf39c5a0>,61,2,[5 2],87,88,90,1,87
1,<environment.Job instance at 0x14a0cf12a0f0>,62,2,[1 5],89,109,111,20,89
1,<environment.Job instance at 0x14a0cf12a190>,63,2,[7 2],90,94,96,4,90
1,<environment.Job instance at 0x14a0cf12a640>,65,2,[2 7],93,111,113,18,100
1,<environment.Job instance at 0x14a0cf12a820>,66,2,[9 2],94,100,102,6,100
1,<environment.Job instance at 0x14a0cf12a910>,67,15,[1 9],95,113,128,18,100
1,<environment.Job instance at 0x14a0cf12a6e0>,68,1,[1 5],98,109,110,11,100
1,<environment.Job instance at 0x14a124d5ea50>,2,18,[ 1 10],5,711,729,706,711
1,<environment.Job instance at 0x14a0cf13c1e0>,0,1,[10  2],1,1,2,0,1
1,<environment.Job instance at 0x14a0dd1cf550>,24,18,[1 5],37,39,57,2,39
1,<environment.Job instance at 0x14a0dc60b1e0>,26,3,[7 1],39,39,42,0,39
1,<environment.Job instance at 0x14a0dc616d70>,27,1,[2 5],43,43,44,0,43
1,<environment.Job instance at 0x14a0dd2c30a0>,28,2,[1 7],45,57,59,12,45
1,<environment.Job instance at 0x14a0dc567960>,33,1,[1 8],54,59,60,5,54
1,<environment.Job instance at 0x14a0dc5670f0>,34,2,[2 5],56,60,62,4,57
1,<environment.Job instance at 0x14a0dc98fdc0>,60,3,[6 2],91,101,104,10,101
1,<environment.Job instance at 0x14a0dc98f3c0>,61,1,[ 1 10],92,104,105,12,101
1,<environment.Job instance at 0x14a0dc98f870>,63,3,[1 8],94,112,115,18,112
1,<environment.Job instance at 0x14a0dd2cfa00>,3,12,[2 6],4,10,22,6,10
1,<environment.Job instance at 0x14a0dc97c3c0>,5,18,[ 1 10],17,26,44,9,26
1,<environment.Job instance at 0x14a0ce9a5910>,14,15,[7 2],29,44,59,15,31
1,<environment.Job instance at 0x14a0ce9a55a0>,16,3,[1 6],32,44,47,12,32
1,<environment.Job instance at 0x14a0ce9a52d0>,17,2,[1 6],33,47,49,14,33
1,<environment.Job instance at 0x14a0ce9a5320>,18,2,[1 7],34,49,51,15,34
1,<environment.Job instance at 0x14a0cf091230>,23,2,[9 2],40,59,61,19,43
1,<environment.Job instance at 0x14a0ce9a6190>,24,2,[6 1],42,61,63,19,43
1,<environment.Job instance at 0x14a0ce9a6780>,25,1,[10  1],43,63,64,20,43
1,<environment.Job instance at 0x14a0d2c7a910>,26,2,[6 1],44,64,66,20,44
1,<environment.Job instance at 0x14a0ce9e3b40>,27,13,[2 9],45,64,77,19,48
1,<environment.Job instance at 0x14a0ce9e30a0>,28,3,[9 1],49,77,80,28,51
1,<environment.Job instance at 0x14a0ce9e3320>,29,3,[1 7],50,51,54,1,51
1,<environment.Job instance at 0x14a0ce9e3690>,30,3,[10  1],51,80,83,29,55
1,<environment.Job instance at 0x14a0ce9a3730>,33,16,[7 1],58,83,99,25,82
1,<environment.Job instance at 0x14a0d1ef7dc0>,47,2,[5 2],78,99,101,21,82
1,<environment.Job instance at 0x14a0ceb7b410>,48,2,[1 5],79,83,85,4,82
1,<environment.Job instance at 0x14a0ceb7b230>,49,1,[7 2],80,101,102,21,82
1,<environment.Job instance at 0x14a0ceb7beb0>,50,3,[8 2],82,102,105,20,82
1,<environment.Job instance at 0x14a0cea3e690>,51,3,[5 2],83,105,108,22,83
1,<environment.Job instance at 0x14a0cea3e960>,52,2,[2 5],85,85,87,0,85
1,<environment.Job instance at 0x14a0cea3eaf0>,53,14,[ 1 10],86,108,122,22,93
1,<environment.Job instance at 0x14a0cf7f3aa0>,55,3,[2 5],88,93,96,5,93
1,<environment.Job instance at 0x14a0cf7f3230>,56,14,[2 5],89,122,136,33,121
1,<environment.Job instance at 0x14a0cf7f3e60>,60,3,[9 2],93,136,139,43,121
1,<environment.Job instance at 0x14a0ce9eef50>,62,17,[10  1],95,146,163,51,146
1,<environment.Job instance at 0x14a0cf87ce10>,4,1,[6 2],8,8,9,0,8
1,<environment.Job instance at 0x14a0ce9ee960>,39,2,[2 8],52,207,209,155,207
1,<environment.Job instance at 0x14a0d280d1e0>,45,1,[1 5],66,209,210,143,209
1,<environment.Job instance at 0x14a0d2cc4960>,47,1,[1 7],70,210,211,140,209
1,<environment.Job instance at 0x14a0d1f13190>,48,12,[6 1],71,209,221,138,209
1,<environment.Job instance at 0x14a0cf393460>,50,3,[1 6],74,211,214,137,209
1,<environment.Job instance at 0x14a0d2d162d0>,59,1,[8 1],85,260,261,175,260
1,<environment.Job instance at 0x14a0cec36780>,61,18,[1 8],87,262,280,175,262
1,<environment.Job instance at 0x14a0cf7cad70>,57,3,[1 7],83,282,285,199,282
1,<environment.Job instance at 0x14a0dc99c460>,1,2,[7 1],2,2,4,0,2
1,<environment.Job instance at 0x14a0dc99cd20>,2,1,[1 8],4,4,5,0,4
1,<environment.Job instance at 0x14a0dc081c80>,3,3,[10  2],5,5,8,0,5
1,<environment.Job instance at 0x14a0cf908a00>,4,3,[1 5],6,12,15,6,12
1,<environment.Job instance at 0x14a0cf9126e0>,9,3,[10  2],14,15,18,1,14
1,<environment.Job instance at 0x14a0cf912c30>,10,3,[8 1],15,18,21,3,15
1,<environment.Job instance at 0x14a0cf912a50>,11,3,[5 1],17,21,24,4,21
1,<environment.Job instance at 0x14a0cea0bbe0>,19,18,[1 8],27,27,45,0,27
1,<environment.Job instance at 0x14a0cea0bcd0>,20,2,[8 2],29,29,31,0,29
1,<environment.Job instance at 0x14a0cea0b1e0>,21,15,[10  2],30,45,60,15,36
1,<environment.Job instance at 0x14a0cea07370>,26,1,[2 7],36,60,61,24,36
1,<environment.Job instance at 0x14a0cea07320>,27,3,[10  2],37,61,64,24,37
1,<environment.Job instance at 0x14a0dc659410>,7,16,[10  2],11,11,27,0,11
1,<environment.Job instance at 0x14a0d2cc8c80>,0,1,[2 9],2,27,28,25,16
1,<environment.Job instance at 0x14a0dc53f6e0>,14,15,[5 2],23,28,43,5,26
1,<environment.Job instance at 0x14a0cedd9eb0>,19,17,[1 6],33,39,56,6,39
1,<environment.Job instance at 0x14a0d1c9fe10>,32,1,[6 1],50,52,53,2,52
1,<environment.Job instance at 0x14a0dc53fe10>,11,14,[9 2],18,64,78,46,64
1,<environment.Job instance at 0x14a0dd353f50>,41,2,[1 9],66,78,80,12,66
1,<environment.Job instance at 0x14a0d1c9f1e0>,42,1,[1 8],67,67,68,0,67
1,<environment.Job instance at 0x14a0dec60b40>,43,3,[ 1 10],68,80,83,12,68
1,<environment.Job instance at 0x14a0dec60230>,44,2,[1 5],69,69,71,0,69
1,<environment.Job instance at 0x14a0d27d96e0>,45,17,[2 5],73,83,100,10,73
1,<environment.Job instance at 0x14a0d0ff6910>,54,1,[1 7],88,100,101,12,91
1,<environment.Job instance at 0x14a0cf1212d0>,0,2,[8 2],1,3,5,2,3
1,<environment.Job instance at 0x14a0d2830c30>,3,1,[5 2],5,7,8,2,7
1,<environment.Job instance at 0x14a0cece9050>,5,2,[1 9],9,10,12,1,10
1,<environment.Job instance at 0x14a0dc5cf0f0>,6,3,[1 7],11,12,15,1,11
1,<environment.Job instance at 0x14a0d2823c30>,25,3,[1 8],39,39,42,0,39
1,<environment.Job instance at 0x14a0dc96c9b0>,26,1,[6 1],40,40,41,0,40
1,<environment.Job instance at 0x14a0dd23b640>,27,2,[2 9],42,42,44,0,42
1,<environment.Job instance at 0x14a0dc96c8c0>,28,16,[1 8],43,44,60,1,43
1,<environment.Job instance at 0x14a0d1cc7f50>,29,1,[2 9],44,60,61,16,46
1,<environment.Job instance at 0x14a0cf386730>,32,14,[1 9],48,61,75,13,48
1,<environment.Job instance at 0x14a0dc66f0f0>,45,2,[1 9],67,75,77,8,74
1,<environment.Job instance at 0x14a0dc66f230>,47,3,[1 8],70,82,85,12,82
1,<environment.Job instance at 0x14a0d1b89050>,51,2,[1 6],77,85,87,8,85
1,<environment.Job instance at 0x14a0df2c7960>,0,3,[1 8],2,5,8,3,5
1,<environment.Job instance at 0x14a0ce8aca00>,3,3,[8 1],6,8,11,2,8
1,<environment.Job instance at 0x14a0cea60730>,6,3,[9 1],9,11,14,2,9
1,<environment.Job instance at 0x14a0d1a94280>,7,3,[6 1],10,14,17,4,11
1,<environment.Job instance at 0x14a0ceef9dc0>,8,3,[1 8],12,12,15,0,12
1,<environment.Job instance at 0x14a0cece92d0>,4,17,[2 8],7,15,32,8,12
1,<environment.Job instance at 0x14a0ceef93c0>,13,3,[10  2],20,32,35,12,20
1,<environment.Job instance at 0x14a0cef13050>,15,1,[2 9],23,35,36,12,31
1,<environment.Job instance at 0x14a0df6f4f00>,23,3,[1 5],32,36,39,4,33
1,<environment.Job instance at 0x14a0d03a3140>,25,2,[2 6],34,39,41,5,34
1,<environment.Job instance at 0x14a0d03a34b0>,26,1,[9 1],35,36,37,1,35
1,<environment.Job instance at 0x14a0dc5c60f0>,27,1,[ 2 10],36,41,42,5,37
1,<environment.Job instance at 0x14a0d2d035a0>,28,2,[1 8],38,42,44,4,40
1,<environment.Job instance at 0x14a0d2d038c0>,30,12,[ 2 10],41,45,57,4,45
1,<environment.Job instance at 0x14a0d2d03d20>,34,2,[5 2],46,57,59,11,48
1,<environment.Job instance at 0x14a0ceab7b40>,36,1,[9 2],49,59,60,10,49
1,<environment.Job instance at 0x14a0ceab7dc0>,37,3,[2 8],50,60,63,10,50
1,<environment.Job instance at 0x14a0ceab7140>,38,13,[1 6],51,63,76,12,58
1,<environment.Job instance at 0x14a0ceb17280>,46,2,[10  1],59,76,78,17,64
1,<environment.Job instance at 0x14a0cf0e7500>,52,3,[8 2],66,69,72,3,69
1,<environment.Job instance at 0x14a0cf0e7e10>,55,15,[7 2],70,80,95,10,80
1,<environment.Job instance at 0x14a0d28c1780>,58,1,[ 1 10],73,95,96,22,80
1,<environment.Job instance at 0x14a0d28c1190>,59,2,[2 6],74,80,82,6,80
1,<environment.Job instance at 0x14a0d28c1a50>,60,1,[ 2 10],75,96,97,21,80
1,<environment.Job instance at 0x14a0d28c1dc0>,61,1,[2 9],77,97,98,20,80
1,<environment.Job instance at 0x14a0d1c77820>,63,12,[2 8],84,98,110,14,85
1,<environment.Job instance at 0x14a0d1c770a0>,65,1,[7 1],87,97,98,10,88
1,<environment.Job instance at 0x14a0d1c77eb0>,66,14,[1 5],88,110,124,22,99
1,<environment.Job instance at 0x14a0d1ede370>,1,15,[1 9],3,10,25,7,10
1,<environment.Job instance at 0x14a0cebd6230>,6,1,[6 2],11,25,26,14,11
1,<environment.Job instance at 0x14a0d2cc8820>,17,12,[5 1],27,35,47,8,35
1,<environment.Job instance at 0x14a1200b3140>,20,12,[9 2],30,47,59,17,35
1,<environment.Job instance at 0x14a124c859b0>,30,20,[ 2 10],44,59,79,15,54
1,<environment.Job instance at 0x14a0d28b8dc0>,31,15,[2 9],45,79,94,34,65
1,<environment.Job instance at 0x14a0d1dd44b0>,36,2,[2 5],52,94,96,42,67
1,<environment.Job instance at 0x14a0d1dd4410>,37,14,[5 2],55,110,124,55,110
1,<environment.Job instance at 0x14a0dc530a50>,53,3,[1 7],78,110,113,32,110
1,<environment.Job instance at 0x14a0dc530500>,55,2,[2 8],82,113,115,31,111
1,<environment.Job instance at 0x14a0dc530870>,59,1,[1 8],92,115,116,23,111
1,<environment.Job instance at 0x14a0dc530820>,60,1,[9 1],94,124,125,30,111
1,<environment.Job instance at 0x14a0dc530d70>,61,3,[2 7],95,116,119,21,111
1,<environment.Job instance at 0x14a0dc530d20>,62,2,[ 2 10],96,125,127,29,111
1,<environment.Job instance at 0x14a0dc5302d0>,63,18,[8 1],98,127,145,29,120
1,<environment.Job instance at 0x14a0ce3d6190>,2,3,[7 2],5,5,8,0,5
1,<environment.Job instance at 0x14a0dc0f0910>,4,2,[1 5],8,8,10,0,8
1,<environment.Job instance at 0x14a0ce3d6280>,3,2,[ 2 10],7,14,16,7,14
1,<environment.Job instance at 0x14a0dc6fb280>,14,18,[1 9],18,19,37,1,19
1,<environment.Job instance at 0x14a0cf83a500>,16,17,[1 9],21,37,54,16,26
1,<environment.Job instance at 0x14a0ceb05b90>,30,3,[1 8],40,55,58,15,55
1,<environment.Job instance at 0x14a0dd36d460>,38,2,[10  2],53,66,68,13,66
1,<environment.Job instance at 0x14a0d2cf9f00>,41,3,[2 6],57,68,71,11,66
1,<environment.Job instance at 0x14a0cea0a870>,42,2,[1 9],58,71,73,13,66
1,<environment.Job instance at 0x14a0dd1d5af0>,43,3,[2 8],59,73,76,14,67
1,<environment.Job instance at 0x14a0ceadd4b0>,55,3,[ 2 10],75,85,88,10,85
1,<environment.Job instance at 0x14a0cefac5a0>,57,2,[1 9],79,88,90,9,85
1,<environment.Job instance at 0x14a0cf830320>,58,1,[2 9],81,90,91,9,85
1,<environment.Job instance at 0x14a0d1c090f0>,59,2,[ 2 10],82,91,93,9,85
1,<environment.Job instance at 0x14a0cf117370>,60,3,[2 9],83,93,96,10,85
1,<environment.Job instance at 0x14a0d2cbdeb0>,70,12,[2 5],96,114,126,18,114
1,<environment.Job instance at 0x14a0d1e7ba50>,1,17,[5 2],2,4,21,2,4
1,<environment.Job instance at 0x14a0d1e7b140>,0,15,[5 1],1,16,31,15,16
1,<environment.Job instance at 0x14a0ce970460>,15,2,[2 9],17,21,23,4,17
1,<environment.Job instance at 0x14a0dec7e5f0>,17,2,[1 6],19,24,26,5,24
1,<environment.Job instance at 0x14a0d27a3af0>,19,3,[6 2],22,31,34,9,24
1,<environment.Job instance at 0x14a0d279df00>,20,1,[2 9],23,26,27,3,24
1,<environment.Job instance at 0x14a0d279d190>,21,2,[8 2],26,34,36,8,26
1,<environment.Job instance at 0x14a0dc5686e0>,22,1,[1 5],29,29,30,0,29
1,<environment.Job instance at 0x14a0dd22f870>,23,2,[6 2],30,36,38,6,30
1,<environment.Job instance at 0x14a0dd25dc80>,24,2,[5 1],32,38,40,6,32
1,<environment.Job instance at 0x14a0ceddf500>,25,13,[10  2],34,40,53,6,34
1,<environment.Job instance at 0x14a0ce9ee550>,26,3,[8 2],37,53,56,16,37
1,<environment.Job instance at 0x14a0dc5cfaf0>,27,14,[1 6],40,53,67,13,40
1,<environment.Job instance at 0x14a0d1a9d0a0>,28,2,[2 5],41,67,69,26,41
1,<environment.Job instance at 0x14a0d1ab4550>,45,14,[2 9],63,69,83,6,64
1,<environment.Job instance at 0x14a0d1ab46e0>,47,1,[1 9],66,83,84,17,66
1,<environment.Job instance at 0x14a0d1ab45a0>,48,3,[7 2],67,84,87,17,67
1,<environment.Job instance at 0x14a0d1ab4190>,49,1,[1 7],68,84,85,16,68
1,<environment.Job instance at 0x14a0d1ab4280>,50,1,[8 2],69,87,88,18,69
1,<environment.Job instance at 0x14a0d1ab4e10>,51,3,[ 1 10],70,88,91,18,70
1,<environment.Job instance at 0x14a0d1e7be60>,12,22,[6 2],14,422,444,408,422
1,<environment.Job instance at 0x14a0ce97ba50>,2,18,[9 1],5,12,30,7,12
1,<environment.Job instance at 0x14a0dc626280>,9,3,[6 2],13,30,33,17,13
1,<environment.Job instance at 0x14a0dc626320>,10,3,[7 1],14,33,36,19,14
1,<environment.Job instance at 0x14a0ce97bbe0>,11,17,[1 7],15,15,32,0,15
1,<environment.Job instance at 0x14a0dc626460>,12,1,[8 1],16,36,37,20,16
1,<environment.Job instance at 0x14a0ce9f8190>,13,1,[1 5],17,32,33,15,17
1,<environment.Job instance at 0x14a0cf0087d0>,14,1,[ 1 10],19,37,38,18,19
1,<environment.Job instance at 0x14a0cf912b40>,15,2,[6 1],22,38,40,16,22
1,<environment.Job instance at 0x14a0ce968320>,16,1,[8 1],23,40,41,17,23
1,<environment.Job instance at 0x14a0dc73eb40>,17,1,[9 1],24,41,42,17,24
1,<environment.Job instance at 0x14a0d1a6f780>,18,2,[5 2],25,42,44,17,25
1,<environment.Job instance at 0x14a0cec66500>,19,3,[5 2],27,42,45,15,28
1,<environment.Job instance at 0x14a0d2841910>,21,12,[2 8],29,44,56,15,33
1,<environment.Job instance at 0x14a0d2841190>,23,3,[1 6],34,34,37,0,34
1,<environment.Job instance at 0x14a0ce6c16e0>,24,3,[2 5],35,38,41,3,35
1,<environment.Job instance at 0x14a0d2cf31e0>,27,16,[2 9],38,633,649,595,633
1,<environment.Job instance at 0x14a0d2ccc870>,35,2,[9 2],48,649,651,601,633
1,<environment.Job instance at 0x14a0d2ccc690>,36,3,[7 1],49,633,636,584,633
1,<environment.Job instance at 0x14a0d2cccf00>,37,3,[2 7],50,651,654,601,633
1,<environment.Job instance at 0x14a0d2ccc4b0>,38,2,[9 2],51,654,656,603,633
1,<environment.Job instance at 0x14a0ce49d6e0>,42,14,[1 8],57,655,669,598,655
1,<environment.Job instance at 0x14a0ce49db40>,41,1,[1 8],56,669,670,613,659
1,<environment.Job instance at 0x14a0ce49d550>,45,12,[6 2],61,666,678,605,666
1,<environment.Job instance at 0x14a0d29cfdc0>,55,2,[2 5],73,670,672,597,666
1,<environment.Job instance at 0x14a0dc0b4410>,56,1,[10  1],75,678,679,603,666
1,<environment.Job instance at 0x14a0cee0bcd0>,57,1,[5 2],77,679,680,602,666
1,<environment.Job instance at 0x14a0cee0b370>,59,3,[2 7],82,672,675,590,669
1,<environment.Job instance at 0x14a0cee0b640>,60,2,[8 1],83,680,682,597,669
1,<environment.Job instance at 0x14a0cea00550>,61,25,[ 1 10],84,682,707,598,679
1,<environment.Job instance at 0x14a0cea00780>,65,2,[2 7],92,723,725,631,723
1,<environment.Job instance at 0x14a0ce75b9b0>,0,2,[9 1],1,3,5,2,3
1,<environment.Job instance at 0x14a0d1d88410>,28,2,[1 6],39,50,52,11,50
1,<environment.Job instance at 0x14a0d1dafd70>,24,18,[5 2],33,68,86,35,68
1,<environment.Job instance at 0x14a0d1d88230>,29,18,[5 2],40,73,91,33,73
1,<environment.Job instance at 0x14a0d1db08c0>,40,15,[2 9],53,91,106,38,77
1,<environment.Job instance at 0x14a0d1db0c80>,41,2,[2 6],54,86,88,32,77
1,<environment.Job instance at 0x14a0d1db04b0>,43,3,[2 6],57,88,91,31,77
1,<environment.Job instance at 0x14a0ce84b910>,46,1,[1 6],60,106,107,46,83
1,<environment.Job instance at 0x14a0ce84b370>,48,3,[2 5],62,107,110,45,88
1,<environment.Job instance at 0x14a0ce84b730>,49,3,[1 7],64,110,113,46,88
1,<environment.Job instance at 0x14a0ce84bbe0>,50,2,[9 2],65,110,112,45,88
1,<environment.Job instance at 0x14a0ce84b5f0>,51,2,[7 1],66,91,93,25,88
1,<environment.Job instance at 0x14a0ce84bc80>,52,1,[1 8],67,113,114,46,88
1,<environment.Job instance at 0x14a0ce84bd70>,53,1,[8 1],68,93,94,25,88
1,<environment.Job instance at 0x14a0ce8465f0>,55,2,[1 6],70,114,116,44,95
1,<environment.Job instance at 0x14a0ce846690>,57,1,[ 2 10],73,116,117,43,95
1,<environment.Job instance at 0x14a0ce8468c0>,61,2,[6 2],79,112,114,33,112
1,<environment.Job instance at 0x14a0ce8460a0>,62,15,[7 1],80,121,136,41,121
1,<environment.Job instance at 0x14a0d1e5a410>,72,2,[8 2],93,136,138,43,133
1,<environment.Job instance at 0x14a0d1e5a0f0>,73,1,[2 7],95,144,145,49,144
1,<environment.Job instance at 0x14a0ce846c80>,60,15,[10  2],78,1400,1415,1322,1400
1,<environment.Job instance at 0x14a0dc5e1690>,1,2,[ 1 10],2,2,4,0,2
1,<environment.Job instance at 0x14a0ce6afd70>,0,1,[2 5],1,4,5,3,2
1,<environment.Job instance at 0x14a0ce6afeb0>,2,2,[2 8],3,16,18,13,16
1,<environment.Job instance at 0x14a0d03b0550>,11,2,[8 2],18,18,20,0,18
1,<environment.Job instance at 0x14a0d03b0dc0>,12,1,[7 2],19,20,21,1,19
1,<environment.Job instance at 0x14a0d03b0be0>,14,3,[1 8],21,21,24,0,21
1,<environment.Job instance at 0x14a0d03b0af0>,15,17,[7 1],22,29,46,7,29
1,<environment.Job instance at 0x14a0ceb05960>,23,3,[1 7],30,30,33,0,30
1,<environment.Job instance at 0x14a0dc0f0140>,24,3,[2 7],31,33,36,2,31
1,<environment.Job instance at 0x14a0d2841c80>,25,1,[9 1],34,46,47,12,34
1,<environment.Job instance at 0x14a0dc0f0730>,26,18,[2 8],38,47,65,9,38
1,<environment.Job instance at 0x14a0cefc9640>,27,2,[2 8],40,40,42,0,40
1,<environment.Job instance at 0x14a0ced1f550>,28,2,[2 5],41,42,44,1,41
1,<environment.Job instance at 0x14a0ce726690>,40,12,[8 1],59,67,79,8,67
1,<environment.Job instance at 0x14a0ce726230>,42,2,[10  1],62,79,81,17,67
1,<environment.Job instance at 0x14a0d1b733c0>,43,3,[9 2],63,81,84,18,67
1,<environment.Job instance at 0x14a0d1b73190>,44,1,[2 9],64,67,68,3,67
1,<environment.Job instance at 0x14a0d1b73690>,45,1,[7 2],66,84,85,18,67
1,<environment.Job instance at 0x14a0d1eb0be0>,48,1,[1 8],75,86,87,11,86
1,<environment.Job instance at 0x14a0d1eb0820>,51,1,[2 5],79,96,97,17,96
1,<environment.Job instance at 0x14a0dc60acd0>,58,2,[7 2],92,127,129,35,127
1,<environment.Job instance at 0x14a0dd2cbb90>,59,2,[2 5],93,127,129,34,127
1,<environment.Job instance at 0x14a0dd2cbe60>,60,3,[2 6],94,129,132,35,127
1,<environment.Job instance at 0x14a0dd2cb280>,62,3,[8 2],97,158,161,61,158
1,<environment.Job instance at 0x14a0dc60b0f0>,1,3,[1 6],3,4,7,1,4
1,<environment.Job instance at 0x14a0d1eb05f0>,4,16,[9 2],6,6,22,0,6
1,<environment.Job instance at 0x14a0dc6b1aa0>,3,2,[ 2 10],5,22,24,17,14
1,<environment.Job instance at 0x14a0ce534550>,11,3,[9 2],15,24,27,9,16
1,<environment.Job instance at 0x14a0dc734e10>,12,17,[ 2 10],16,27,44,11,20
1,<environment.Job instance at 0x14a0d1a6feb0>,37,1,[5 1],53,53,54,0,53
1,<environment.Job instance at 0x14a0d1eb1550>,38,2,[1 5],56,56,58,0,56
1,<environment.Job instance at 0x14a0dd21fa00>,39,12,[ 1 10],57,58,70,1,57
1,<environment.Job instance at 0x14a0dd21f910>,40,12,[1 9],58,70,82,12,59
1,<environment.Job instance at 0x14a0ce92dd70>,42,2,[ 2 10],60,82,84,22,60
1,<environment.Job instance at 0x14a0cecd7140>,49,3,[1 7],68,86,89,18,86
1,<environment.Job instance at 0x14a0cea46f50>,50,1,[2 6],69,89,90,20,86
1,<environment.Job instance at 0x14a0cefc4730>,52,2,[2 6],71,92,94,21,92
1,<environment.Job instance at 0x14a0cefc4be0>,53,1,[2 6],72,95,96,23,95
1,<environment.Job instance at 0x14a0cefc4b90>,54,1,[7 2],74,99,100,25,99
1,<environment.Job instance at 0x14a0d1a614b0>,59,14,[6 1],79,408,422,329,408
1,<environment.Job instance at 0x14a0cebe31e0>,0,2,[2 7],2,13,15,11,13
1,<environment.Job instance at 0x14a0cf06c5f0>,10,3,[8 1],14,15,18,1,15
1,<environment.Job instance at 0x14a0cf06c1e0>,12,3,[10  1],21,21,24,0,21
1,<environment.Job instance at 0x14a0cf06ce60>,13,1,[8 2],22,24,25,2,22
1,<environment.Job instance at 0x14a0ce9fdcd0>,18,17,[9 1],35,35,52,0,35
1,<environment.Job instance at 0x14a0dd5c0d20>,21,3,[2 8],38,52,55,14,38
1,<environment.Job instance at 0x14a0d27a37d0>,23,3,[10  2],41,55,58,14,41
1,<environment.Job instance at 0x14a0cf06c8c0>,14,19,[1 5],25,58,77,33,52
1,<environment.Job instance at 0x14a0dd2c53c0>,33,16,[1 6],53,77,93,24,64
1,<environment.Job instance at 0x14a0cf85e050>,40,1,[2 8],61,93,94,32,65
1,<environment.Job instance at 0x14a0cf85e1e0>,41,2,[6 1],63,65,67,2,65
1,<environment.Job instance at 0x14a0dc0ca500>,42,1,[1 5],65,67,68,2,65
1,<environment.Job instance at 0x14a0d1e10640>,43,3,[2 5],66,68,71,2,66
1,<environment.Job instance at 0x14a0cf100e60>,44,1,[2 6],67,94,95,27,67
1,<environment.Job instance at 0x14a0ce29fcd0>,45,15,[1 7],68,95,110,27,81
1,<environment.Job instance at 0x14a0ce2a0960>,56,1,[6 1],86,86,87,0,86
1,<environment.Job instance at 0x14a0ce2a04b0>,57,2,[8 1],87,87,89,0,87
1,<environment.Job instance at 0x14a0cf0cd7d0>,60,13,[9 2],95,97,110,2,97
1,<environment.Job instance at 0x14a0cf0cd4b0>,61,1,[9 1],96,110,111,14,97
1,<environment.Job instance at 0x14a0dd2c5c80>,38,15,[2 6],59,139,154,80,139
1,<environment.Job instance at 0x14a0dd2c51e0>,35,15,[ 2 10],56,154,169,98,144
1,<environment.Job instance at 0x14a0ce6882d0>,0,3,[2 9],1,3,6,2,3
1,<environment.Job instance at 0x14a0ced295f0>,2,1,[2 7],6,7,8,1,7
1,<environment.Job instance at 0x14a0ce6880f0>,4,17,[2 6],8,12,29,4,12
1,<environment.Job instance at 0x14a0d1b2bf50>,7,1,[1 7],13,29,30,16,13
1,<environment.Job instance at 0x14a0d1b2b500>,8,14,[1 7],15,30,44,15,15
1,<environment.Job instance at 0x14a0df9ada00>,9,2,[10  2],16,44,46,28,17
1,<environment.Job instance at 0x14a0d1b909b0>,11,14,[2 7],18,46,60,28,31
1,<environment.Job instance at 0x14a0ce9304b0>,19,3,[1 5],31,60,63,29,34
1,<environment.Job instance at 0x14a0d1d83d70>,20,1,[7 2],33,34,35,1,34
1,<environment.Job instance at 0x14a0cebe59b0>,21,2,[8 1],34,35,37,1,34
1,<environment.Job instance at 0x14a0ceb53960>,22,18,[7 2],35,55,73,20,55
1,<environment.Job instance at 0x14a0d2961b40>,34,3,[1 8],53,63,66,10,55
1,<environment.Job instance at 0x14a0d2961aa0>,35,17,[7 2],54,73,90,19,67
1,<environment.Job instance at 0x14a0d2961730>,36,2,[5 2],55,90,92,35,67
1,<environment.Job instance at 0x14a0ceef9af0>,37,3,[8 1],57,92,95,35,67
1,<environment.Job instance at 0x14a0ceb6f370>,38,2,[6 1],58,95,97,37,68
1,<environment.Job instance at 0x14a0ceb6f460>,39,3,[6 2],60,97,100,37,71
1,<environment.Job instance at 0x14a0dec8bf00>,48,3,[2 7],75,95,98,20,95
1,<environment.Job instance at 0x14a0d2c53230>,49,18,[7 2],76,100,118,24,99
1,<environment.Job instance at 0x14a0dd246af0>,61,2,[1 8],95,118,120,23,118
1,<environment.Job instance at 0x14a0ce7695f0>,62,3,[2 8],96,120,123,24,118
1,<environment.Job instance at 0x14a0d1dc60a0>,2,3,[2 5],5,5,8,0,5
1,<environment.Job instance at 0x14a0ce3385f0>,3,14,[6 1],6,7,21,1,7
1,<environment.Job instance at 0x14a0d1e88410>,12,3,[7 2],22,22,25,0,22
1,<environment.Job instance at 0x14a0df59ddc0>,13,2,[6 2],23,25,27,2,23
1,<environment.Job instance at 0x14a0d1e88b40>,14,1,[10  1],25,27,28,2,25
1,<environment.Job instance at 0x14a0df59db90>,15,3,[6 2],27,28,31,1,27
1,<environment.Job instance at 0x14a0ce388280>,16,2,[1 9],29,31,33,2,29
1,<environment.Job instance at 0x14a0cec3ea50>,17,3,[1 9],31,33,36,2,31
1,<environment.Job instance at 0x14a0cee18f00>,18,2,[5 1],33,34,36,1,34
1,<environment.Job instance at 0x14a0d1b2faf0>,24,2,[ 1 10],40,40,42,0,40
1,<environment.Job instance at 0x14a0ce9fef50>,25,14,[2 8],41,42,56,1,41
1,<environment.Job instance at 0x14a0ceb17410>,26,15,[1 8],42,56,71,14,44
1,<environment.Job instance at 0x14a0dc7567d0>,32,2,[5 2],51,51,53,0,51
1,<environment.Job instance at 0x14a0dc7562d0>,33,2,[6 1],52,53,55,1,52
1,<environment.Job instance at 0x14a0ce4f7b40>,34,1,[1 9],53,71,72,18,53
1,<environment.Job instance at 0x14a0ce4f7230>,35,1,[7 1],54,55,56,1,54
1,<environment.Job instance at 0x14a0ce4f7550>,36,2,[2 5],55,72,74,17,55
1,<environment.Job instance at 0x14a0ceccaaf0>,37,1,[2 8],56,74,75,18,56
1,<environment.Job instance at 0x14a0ceccacd0>,38,13,[5 2],57,72,85,15,61
1,<environment.Job instance at 0x14a0cecca230>,41,2,[2 9],62,85,87,23,62
1,<environment.Job instance at 0x14a0dc6b1690>,42,2,[1 9],63,87,89,24,63
1,<environment.Job instance at 0x14a0dc6655a0>,45,3,[6 1],66,85,88,19,76
1,<environment.Job instance at 0x14a0dc6b1eb0>,43,18,[8 1],64,179,197,115,179
1,<environment.Job instance at 0x14a0ced2d5f0>,64,2,[2 7],94,179,181,85,179
1,<environment.Job instance at 0x14a0ced2d050>,65,2,[2 9],95,181,183,86,179
1,<environment.Job instance at 0x14a0ced2da50>,66,1,[2 7],96,183,184,87,179
1,<environment.Job instance at 0x14a0ced2d280>,67,2,[8 1],97,197,199,100,179
1,<environment.Job instance at 0x14a0ce388910>,19,15,[ 1 10],34,228,243,194,228
1,<environment.Job instance at 0x14a0dd236280>,1,2,[2 9],3,7,9,4,7
1,<environment.Job instance at 0x14a0cef86780>,9,13,[2 8],14,14,27,0,14
1,<environment.Job instance at 0x14a0d1ee3be0>,39,2,[1 9],60,60,62,0,60
1,<environment.Job instance at 0x14a0d2d41f50>,42,2,[6 1],64,64,66,0,64
1,<environment.Job instance at 0x14a0d2d421e0>,47,19,[2 8],71,72,91,1,72
1,<environment.Job instance at 0x14a0ce353dc0>,48,1,[8 1],72,72,73,0,72
1,<environment.Job instance at 0x14a0dc60c280>,49,1,[1 5],74,91,92,17,75
1,<environment.Job instance at 0x14a0df2f79b0>,55,3,[2 7],82,94,97,12,94
1,<environment.Job instance at 0x14a0df2cfa50>,68,17,[9 2],99,1204,1221,1105,1204
1,<environment.Job instance at 0x14a0ceda31e0>,1,2,[8 2],7,9,11,2,9
1,<environment.Job instance at 0x14a0d1cec6e0>,4,2,[9 2],11,11,13,0,11
1,<environment.Job instance at 0x14a0d1ceca00>,5,2,[2 5],12,13,15,1,12
1,<environment.Job instance at 0x14a0cea2a2d0>,6,3,[8 1],13,13,16,0,13
1,<environment.Job instance at 0x14a0ced7f500>,7,1,[2 8],14,15,16,1,14
1,<environment.Job instance at 0x14a0ceee5640>,8,1,[ 1 10],17,17,18,0,17
1,<environment.Job instance at 0x14a0cea32780>,9,2,[1 8],20,20,22,0,20
1,<environment.Job instance at 0x14a0cef06c80>,10,1,[9 2],21,21,22,0,21
1,<environment.Job instance at 0x14a0cea32550>,11,2,[2 6],22,22,24,0,22
1,<environment.Job instance at 0x14a0d1c845f0>,2,3,[5 1],8,23,26,15,23
1,<environment.Job instance at 0x14a0ced84050>,13,3,[1 7],24,24,27,0,24
1,<environment.Job instance at 0x14a0ceeff230>,14,14,[9 1],26,27,41,1,27
1,<environment.Job instance at 0x14a0ceedfe60>,12,15,[7 1],23,41,56,18,37
1,<environment.Job instance at 0x14a0d1ba4820>,22,2,[2 8],38,41,43,3,38
1,<environment.Job instance at 0x14a0d1ba4fa0>,23,2,[1 8],39,39,41,0,39
1,<environment.Job instance at 0x14a0d1ba4780>,24,3,[1 7],42,43,46,1,42
1,<environment.Job instance at 0x14a0d1ba4910>,25,1,[1 8],45,46,47,1,45
1,<environment.Job instance at 0x14a0d1cea0f0>,16,3,[5 1],29,56,59,27,45
1,<environment.Job instance at 0x14a0ced06cd0>,26,1,[7 2],48,59,60,11,48
1,<environment.Job instance at 0x14a0ced06370>,27,3,[2 9],49,49,52,0,49
1,<environment.Job instance at 0x14a0ced064b0>,28,16,[2 5],50,52,68,2,52
1,<environment.Job instance at 0x14a0d2871550>,31,2,[7 2],55,60,62,5,55
1,<environment.Job instance at 0x14a0d28717d0>,32,3,[9 2],56,68,71,12,56
1,<environment.Job instance at 0x14a0d28711e0>,33,14,[8 1],57,71,85,14,65
1,<environment.Job instance at 0x14a0d1bb03c0>,43,2,[1 5],69,141,143,72,141
1,<environment.Job instance at 0x14a0cedc3c80>,44,2,[ 2 10],70,143,145,73,141
1,<environment.Job instance at 0x14a0cedc37d0>,45,3,[7 1],71,145,148,74,141
1,<environment.Job instance at 0x14a0cedc3230>,46,14,[2 5],72,145,159,73,141
1,<environment.Job instance at 0x14a0dc67e9b0>,48,3,[2 7],76,159,162,83,141
1,<environment.Job instance at 0x14a0cef4bfa0>,51,3,[5 1],81,148,151,67,141
1,<environment.Job instance at 0x14a0d1d3b6e0>,52,3,[1 5],82,151,154,69,141
1,<environment.Job instance at 0x14a0d1d71460>,53,15,[2 9],84,162,177,78,159
1,<environment.Job instance at 0x1510ffb8f7d0>,5,3,[9 1],8,8,11,0,8
1,<environment.Job instance at 0x1510ffb8fe60>,6,16,[2 7],9,11,27,2,9
1,<environment.Job instance at 0x1510ffb37140>,7,3,[5 1],10,11,14,1,10
1,<environment.Job instance at 0x1510ffb8f1e0>,8,13,[ 2 10],11,27,40,16,15
1,<environment.Job instance at 0x1510ffb45b40>,12,3,[6 2],16,16,19,0,16
1,<environment.Job instance at 0x1510ffb39a50>,13,13,[1 5],17,40,53,23,24
1,<environment.Job instance at 0x1510ffb392d0>,18,1,[5 2],25,25,26,0,25
1,<environment.Job instance at 0x1510ffb39640>,19,3,[8 1],26,40,43,14,26
1,<environment.Job instance at 0x1510ff6cd0f0>,23,3,[7 2],30,43,46,13,30
1,<environment.Job instance at 0x1510ffbe1640>,24,20,[ 1 10],32,53,73,21,44
1,<environment.Job instance at 0x1510ff467780>,32,16,[9 1],43,73,89,30,65
1,<environment.Job instance at 0x1510ff4661e0>,43,2,[2 8],56,89,91,33,65
1,<environment.Job instance at 0x1510ff466230>,44,1,[2 9],57,91,92,34,65
1,<environment.Job instance at 0x1510ff466cd0>,45,2,[2 5],58,92,94,34,65
1,<environment.Job instance at 0x1510ff4660a0>,46,1,[1 7],59,73,74,14,65
1,<environment.Job instance at 0x1510ff466140>,47,14,[5 1],60,89,103,29,74
1,<environment.Job instance at 0x1510ff6d9fa0>,49,1,[ 1 10],67,103,104,36,75
1,<environment.Job instance at 0x1510ff6e2eb0>,50,1,[1 8],68,75,76,7,75
1,<environment.Job instance at 0x1510ff6e2a50>,51,16,[10  1],69,104,120,35,95
1,<environment.Job instance at 0x1510ffb9ae10>,57,3,[1 9],80,95,98,15,95
1,<environment.Job instance at 0x1510ffb9ad70>,58,3,[6 1],83,120,123,37,95
1,<environment.Job instance at 0x1510ff6df410>,60,17,[ 1 10],86,123,140,37,111
1,<environment.Job instance at 0x1510ff6dfe60>,61,2,[5 2],87,140,142,53,113
1,<environment.Job instance at 0x1510ff6dfb40>,63,2,[7 2],90,142,144,52,115
1,<environment.Job instance at 0x1510ff6dff50>,64,18,[1 7],91,140,158,49,129
1,<environment.Job instance at 0x1510ff470500>,68,1,[1 5],98,158,159,60,130
1,<environment.Job instance at 0x1510ff4707d0>,69,1,[10  2],101,159,160,58,131
1,<environment.Job instance at 0x1510ff4705a0>,70,1,[8 1],102,144,145,42,131
1,<environment.Job instance at 0x1510ff470910>,71,2,[1 6],103,160,162,57,133
1,<environment.Job instance at 0x1510ff470870>,72,2,[2 6],106,162,164,56,135
1,<environment.Job instance at 0x1510ff4708c0>,73,1,[8 1],107,145,146,38,135
1,<environment.Job instance at 0x1510ff470a00>,74,2,[1 5],108,164,166,56,137
1,<environment.Job instance at 0x1511550e2a50>,2,18,[ 1 10],5,171,189,166,171
1,<environment.Job instance at 0x1510ff4840f0>,0,3,[2 8],1,5,8,4,5
1,<environment.Job instance at 0x15110d518b90>,3,3,[10  1],9,9,12,0,9
1,<environment.Job instance at 0x1510ff467b40>,4,3,[9 2],10,12,15,2,12
1,<environment.Job instance at 0x15110c998140>,7,2,[9 1],13,15,17,2,13
1,<environment.Job instance at 0x1510ff483eb0>,8,18,[2 5],14,17,35,3,17
1,<environment.Job instance at 0x15110d67ca50>,11,3,[8 1],18,18,21,0,18
1,<environment.Job instance at 0x151102ceb0f0>,12,3,[1 6],19,35,38,16,20
1,<environment.Job instance at 0x15110c9d8690>,18,1,[ 2 10],28,38,39,10,32
1,<environment.Job instance at 0x15110c9d81e0>,21,2,[1 7],35,39,41,4,37
1,<environment.Job instance at 0x151102ceb050>,13,15,[6 2],22,39,54,17,39
1,<environment.Job instance at 0x15110d51e0f0>,24,2,[6 1],42,54,56,12,42
1,<environment.Job instance at 0x15110d51e960>,29,1,[9 2],49,56,57,7,53
1,<environment.Job instance at 0x15110d519410>,31,2,[7 2],51,57,59,6,53
1,<environment.Job instance at 0x15110d5198c0>,32,3,[1 7],52,53,56,1,53
1,<environment.Job instance at 0x15110d519b90>,33,2,[2 8],53,57,59,4,53
1,<environment.Job instance at 0x15110d519960>,34,3,[1 5],54,59,62,5,54
1,<environment.Job instance at 0x15110d519460>,35,15,[1 5],55,59,74,4,57
1,<environment.Job instance at 0x15110d51c460>,37,3,[2 7],58,74,77,16,58
1,<environment.Job instance at 0x15110d51c1e0>,38,2,[ 2 10],60,77,79,17,60
1,<environment.Job instance at 0x15110d51cc80>,39,13,[9 1],62,79,92,17,63
1,<environment.Job instance at 0x15110d51c640>,40,3,[10  2],65,92,95,27,67
1,<environment.Job instance at 0x15110c997820>,44,1,[5 2],71,95,96,24,77
1,<environment.Job instance at 0x15110c9bb370>,53,3,[6 2],81,96,99,15,89
1,<environment.Job instance at 0x15110c9bb2d0>,54,1,[ 1 10],82,99,100,17,89
1,<environment.Job instance at 0x15110c9b6c30>,56,3,[1 8],84,89,92,5,89
1,<environment.Job instance at 0x15110229f4b0>,0,2,[5 2],1,5,7,4,5
1,<environment.Job instance at 0x151102d3f230>,4,26,[2 9],6,9,35,3,9
1,<environment.Job instance at 0x1510fee382d0>,6,13,[ 2 10],11,35,48,24,28
1,<environment.Job instance at 0x1510fece0f50>,19,3,[9 1],29,48,51,19,29
1,<environment.Job instance at 0x1510ff6bbc30>,20,3,[1 7],30,48,51,18,30
1,<environment.Job instance at 0x1510fed6ec80>,21,3,[10  1],31,51,54,20,31
1,<environment.Job instance at 0x1510fee0a9b0>,22,2,[1 5],32,54,56,22,35
1,<environment.Job instance at 0x151101d98e60>,24,16,[7 1],38,60,76,22,60
1,<environment.Job instance at 0x151102003c80>,38,2,[5 2],58,76,78,18,60
1,<environment.Job instance at 0x1510fed53aa0>,39,2,[1 5],59,60,62,1,60
1,<environment.Job instance at 0x1510fed53f50>,40,1,[7 2],60,78,79,18,60
1,<environment.Job instance at 0x1511020554b0>,41,3,[8 2],62,79,82,17,62
1,<environment.Job instance at 0x151102055550>,42,3,[5 2],63,82,85,19,63
1,<environment.Job instance at 0x151102055460>,43,2,[2 5],65,65,67,0,65
1,<environment.Job instance at 0x151102055410>,44,14,[ 1 10],66,85,99,19,70
1,<environment.Job instance at 0x1511020553c0>,45,1,[6 2],67,99,100,32,71
1,<environment.Job instance at 0x1511020556e0>,46,3,[2 5],68,71,74,3,71
1,<environment.Job instance at 0x151101d816e0>,13,18,[2 8],19,99,117,80,90
1,<environment.Job instance at 0x151101da21e0>,53,17,[10  1],75,117,134,42,105
1,<environment.Job instance at 0x151101d7ec30>,47,14,[2 5],69,134,148,65,119
1,<environment.Job instance at 0x15110d63c460>,71,2,[ 1 10],101,148,150,47,141
1,<environment.Job instance at 0x15110d5fdcd0>,72,2,[6 1],102,141,143,39,141
1,<environment.Job instance at 0x15110d63c410>,73,2,[10  2],103,150,152,47,141
1,<environment.Job instance at 0x15110d5fd5a0>,74,3,[2 6],104,152,155,48,141
1,<environment.Job instance at 0x15110d5fdf00>,75,2,[7 2],106,153,155,47,153
1,<environment.Job instance at 0x15110d63ceb0>,60,14,[10  1],86,182,196,96,182
1,<environment.Job instance at 0x1511021765a0>,0,2,[6 2],1,11,13,10,11
1,<environment.Job instance at 0x15110f925730>,12,14,[6 1],15,30,44,15,30
1,<environment.Job instance at 0x1510ffc5a910>,22,17,[1 7],32,35,52,3,35
1,<environment.Job instance at 0x15110133d780>,27,12,[1 8],42,52,64,10,46
1,<environment.Job instance at 0x15110134cdc0>,31,16,[1 7],47,64,80,17,61
1,<environment.Job instance at 0x1511059988c0>,30,2,[1 5],46,80,82,34,61
1,<environment.Job instance at 0x15110134c0f0>,34,3,[2 5],52,80,83,28,62
1,<environment.Job instance at 0x15110c88e190>,15,15,[7 2],19,65,80,46,65
1,<environment.Job instance at 0x151101fd55f0>,45,13,[9 2],67,83,96,16,67
1,<environment.Job instance at 0x15110c985a00>,72,1,[2 7],106,196,197,90,196
1,<environment.Job instance at 0x15110c985eb0>,73,3,[10  2],107,197,200,90,196
1,<environment.Job instance at 0x1510ffb07b40>,67,15,[10  2],100,509,524,409,509
1,<environment.Job instance at 0x1510ffc39cd0>,1,17,[10  2],4,4,21,0,4
1,<environment.Job instance at 0x1510ffc39b90>,0,2,[2 8],3,21,23,18,10
1,<environment.Job instance at 0x151102cd9730>,7,3,[2 8],11,23,26,12,12
1,<environment.Job instance at 0x151101e5ad20>,53,2,[2 9],74,337,339,263,337
1,<environment.Job instance at 0x151102156550>,12,16,[8 1],17,858,874,841,858
1,<environment.Job instance at 0x1510fec5c460>,0,1,[10  2],1,5,6,4,5
1,<environment.Job instance at 0x151101e5aaa0>,3,1,[8 1],6,8,9,2,8
1,<environment.Job instance at 0x1510ffc04cd0>,5,12,[1 5],12,14,26,2,14
1,<environment.Job instance at 0x1510ffc040a0>,8,2,[1 9],16,26,28,10,16
1,<environment.Job instance at 0x1510ffc36b40>,9,1,[1 8],17,28,29,11,17
1,<environment.Job instance at 0x1510ffc042d0>,10,3,[ 1 10],18,29,32,11,18
1,<environment.Job instance at 0x1510ffc04aa0>,11,2,[1 5],19,19,21,0,19
1,<environment.Job instance at 0x1510ffc4be10>,13,14,[9 2],24,32,46,8,25
1,<environment.Job instance at 0x1510ffc4bb40>,12,17,[2 5],23,46,63,23,34
1,<environment.Job instance at 0x151102d3e910>,19,1,[1 9],36,63,64,27,36
1,<environment.Job instance at 0x15110205be10>,20,18,[7 1],37,46,64,9,44
1,<environment.Job instance at 0x1510ff3a8c80>,25,12,[2 7],46,64,76,18,47
1,<environment.Job instance at 0x15110f8e8d20>,27,3,[ 1 10],48,76,79,28,50
1,<environment.Job instance at 0x15110c8b3dc0>,29,2,[8 2],51,64,66,13,51
1,<environment.Job instance at 0x1510ff1585f0>,30,1,[1 5],52,79,80,27,52
1,<environment.Job instance at 0x1510fec01fa0>,31,2,[8 1],53,66,68,13,53
1,<environment.Job instance at 0x1510ffc3d4b0>,32,1,[5 2],55,68,69,13,55
1,<environment.Job instance at 0x151100702d20>,41,3,[8 1],68,79,82,11,74
1,<environment.Job instance at 0x151100702fa0>,42,3,[2 6],70,80,83,10,74
1,<environment.Job instance at 0x151100702370>,45,2,[9 1],73,83,85,10,77
1,<environment.Job instance at 0x1511007024b0>,46,2,[2 7],75,85,87,10,77
1,<environment.Job instance at 0x151101fb8730>,47,2,[10  1],77,87,89,10,77
1,<environment.Job instance at 0x151101fb8370>,48,15,[8 1],79,91,106,12,91
1,<environment.Job instance at 0x151101fb8eb0>,50,1,[ 2 10],82,106,107,24,91
1,<environment.Job instance at 0x151101fb8910>,51,2,[5 2],85,107,109,22,91
1,<environment.Job instance at 0x151101fb8190>,52,14,[ 1 10],86,109,123,23,94
1,<environment.Job instance at 0x151101e44c80>,58,1,[2 9],94,94,95,0,94
1,<environment.Job instance at 0x151101e44460>,59,3,[9 1],95,123,126,28,97
1,<environment.Job instance at 0x151101e44320>,60,17,[10  2],96,126,143,30,123
1,<environment.Job instance at 0x151101e44d20>,63,1,[1 5],102,123,124,21,123
1,<environment.Job instance at 0x151101e44730>,64,3,[10  1],103,143,146,40,123
1,<environment.Job instance at 0x151101e44f50>,65,1,[6 2],104,146,147,42,123
1,<environment.Job instance at 0x151101e44a50>,66,2,[6 1],105,147,149,42,123
1,<environment.Job instance at 0x151101e44cd0>,67,3,[8 1],107,149,152,42,123
1,<environment.Job instance at 0x151101e44fa0>,68,1,[1 9],109,124,125,15,123
1,<environment.Job instance at 0x1510ffc4b0f0>,14,17,[9 1],27,152,169,125,145
1,<environment.Job instance at 0x1510fec6e0a0>,3,1,[2 7],6,6,7,0,6
1,<environment.Job instance at 0x151100702320>,4,2,[1 9],7,8,10,1,8
1,<environment.Job instance at 0x151102121aa0>,6,3,[1 8],10,10,13,0,10
1,<environment.Job instance at 0x151101f40050>,1,14,[1 6],4,16,30,12,16
1,<environment.Job instance at 0x15110210fb40>,13,18,[7 1],21,25,43,4,25
1,<environment.Job instance at 0x15110efa4910>,14,13,[8 2],22,43,56,21,31
1,<environment.Job instance at 0x15110c9bb7d0>,20,1,[8 1],33,56,57,23,33
1,<environment.Job instance at 0x15110f8a8690>,21,2,[8 2],34,57,59,23,34
1,<environment.Job instance at 0x1510ff337460>,22,1,[1 7],35,35,36,0,35
1,<environment.Job instance at 0x1510ff337320>,23,3,[2 9],36,36,39,0,36
1,<environment.Job instance at 0x15110c8a66e0>,49,3,[1 6],73,86,89,13,86
1,<environment.Job instance at 0x15110c8a6230>,50,2,[2 6],74,89,91,15,86
1,<environment.Job instance at 0x15110c8a6e10>,51,1,[9 1],75,86,87,11,86
1,<environment.Job instance at 0x151102201230>,52,1,[ 2 10],76,91,92,15,86
1,<environment.Job instance at 0x151102201f00>,53,2,[1 8],78,92,94,14,86
1,<environment.Job instance at 0x15110205a320>,79,15,[9 2],109,550,565,441,550
1,<environment.Job instance at 0x1510ff366cd0>,2,1,[ 1 10],3,4,5,1,4
1,<environment.Job instance at 0x151102167d20>,5,1,[2 9],7,7,8,0,7
1,<environment.Job instance at 0x1510ff366b40>,1,12,[8 2],2,9,21,7,9
1,<environment.Job instance at 0x15110200d500>,7,12,[2 8],14,16,28,2,16
1,<environment.Job instance at 0x1510ff342780>,25,14,[9 2],44,46,60,2,46
1,<environment.Job instance at 0x1510fef37500>,24,1,[6 2],41,81,82,40,81
1,<environment.Job instance at 0x1510fec92d20>,30,2,[10  1],50,138,140,88,138
1,<environment.Job instance at 0x15110d578960>,0,2,[2 8],2,10,12,8,10
1,<environment.Job instance at 0x151102259230>,3,2,[10  2],11,12,14,1,11
1,<environment.Job instance at 0x151102259fa0>,4,1,[1 8],12,14,15,2,12
1,<environment.Job instance at 0x151102259b40>,5,1,[9 1],14,14,15,0,14
1,<environment.Job instance at 0x15110c982cd0>,6,3,[2 7],15,15,18,0,15
1,<environment.Job instance at 0x15110c9824b0>,7,2,[ 2 10],16,18,20,2,16
1,<environment.Job instance at 0x15110c9820f0>,8,18,[8 1],18,24,42,6,24
1,<environment.Job instance at 0x151102b41780>,13,3,[7 2],25,42,45,17,25
1,<environment.Job instance at 0x1510fec750f0>,14,2,[ 2 10],27,45,47,18,27
1,<environment.Job instance at 0x1510fee08640>,15,2,[1 5],28,28,30,0,28
1,<environment.Job instance at 0x1510ff0e0460>,16,1,[10  2],29,47,48,18,29
1,<environment.Job instance at 0x1510ffaf5050>,17,2,[ 1 10],30,48,50,18,30
1,<environment.Job instance at 0x1510fed75fa0>,22,2,[1 7],35,35,37,0,35
1,<environment.Job instance at 0x151103003320>,26,3,[10  1],39,50,53,11,46
1,<environment.Job instance at 0x151103003c30>,27,17,[1 9],41,53,70,12,46
1,<environment.Job instance at 0x1510ff1ad320>,28,2,[2 5],42,70,72,28,46
1,<environment.Job instance at 0x1510ff1add70>,30,2,[2 6],44,72,74,28,48
1,<environment.Job instance at 0x1510ff1ad0f0>,31,14,[2 5],45,74,88,29,68
1,<environment.Job instance at 0x15110ef85320>,46,2,[2 6],70,88,90,18,71
1,<environment.Job instance at 0x1510ff43baf0>,49,2,[10  2],73,90,92,17,77
1,<environment.Job instance at 0x15110ef85730>,50,3,[10  1],74,92,95,18,77
1,<environment.Job instance at 0x1511022ac870>,51,2,[ 1 10],76,95,97,19,77
1,<environment.Job instance at 0x1510ff0133c0>,52,3,[2 6],77,97,100,20,77
1,<environment.Job instance at 0x1510ff0e3410>,53,2,[1 9],78,100,102,22,78
1,<environment.Job instance at 0x151102125230>,54,3,[2 8],79,102,105,23,79
1,<environment.Job instance at 0x1510ff41e730>,55,1,[1 7],81,105,106,24,81
1,<environment.Job instance at 0x151101fdf820>,56,2,[2 8],82,106,108,24,82
1,<environment.Job instance at 0x151102b48050>,57,3,[8 1],83,83,86,0,83
1,<environment.Job instance at 0x151101de2320>,58,2,[2 6],84,108,110,24,84
1,<environment.Job instance at 0x1510ff0b5cd0>,68,2,[1 9],99,110,112,11,99
1,<environment.Job instance at 0x1510ff0b5280>,71,3,[2 9],103,112,115,9,103
1,<environment.Job instance at 0x1510ff0b5b40>,72,13,[2 7],105,115,128,10,107
1,<environment.Job instance at 0x151102b7d910>,24,18,[8 2],37,137,155,100,137
1,<environment.Job instance at 0x151103003050>,25,18,[1 9],38,160,178,122,160
1,<environment.Job instance at 0x15110d65dc30>,74,14,[2 9],107,178,192,71,165
1,<environment.Job instance at 0x1510fea85fa0>,0,2,[ 1 10],1,6,8,5,6
1,<environment.Job instance at 0x15110d65d0a0>,4,1,[1 5],8,8,9,0,8
1,<environment.Job instance at 0x151102083780>,5,3,[8 2],10,11,14,1,11
1,<environment.Job instance at 0x151102083be0>,7,17,[5 2],12,19,36,7,19
1,<environment.Job instance at 0x1511020ae5a0>,14,1,[8 2],20,36,37,16,20
1,<environment.Job instance at 0x1511020ae9b0>,15,3,[10  2],21,37,40,16,21
1,<environment.Job instance at 0x1511020ae960>,16,1,[5 2],22,22,23,0,22
1,<environment.Job instance at 0x151102ca48c0>,20,15,[ 1 10],26,40,55,14,26
1,<environment.Job instance at 0x1510fe900b90>,21,2,[2 9],27,55,57,28,28
1,<environment.Job instance at 0x151101db5140>,24,3,[10  1],30,57,60,27,32
1,<environment.Job instance at 0x1510ffe7b140>,25,3,[6 2],32,60,63,28,34
1,<environment.Job instance at 0x15110efb2aa0>,27,2,[8 2],36,63,65,27,36
1,<environment.Job instance at 0x15110efb2eb0>,28,1,[1 5],39,60,61,21,39
1,<environment.Job instance at 0x1510ffaf2730>,29,2,[6 2],40,65,67,25,40
1,<environment.Job instance at 0x151102cafeb0>,32,3,[8 2],47,67,70,20,50
1,<environment.Job instance at 0x151103040460>,34,2,[2 5],51,61,63,10,52
1,<environment.Job instance at 0x151103040dc0>,36,2,[6 2],53,70,72,17,53
1,<environment.Job instance at 0x1510ffb7ac30>,37,2,[1 8],54,63,65,9,59
1,<environment.Job instance at 0x1510ff3370a0>,40,12,[2 8],58,65,77,7,64
1,<environment.Job instance at 0x15110d519910>,45,2,[1 7],65,77,79,12,65
1,<environment.Job instance at 0x15110d519500>,49,3,[2 8],71,79,82,8,71
1,<environment.Job instance at 0x1511020a9f50>,2,18,[9 1],5,5,23,0,5
1,<environment.Job instance at 0x1510ff3d26e0>,0,12,[2 9],2,69,81,67,69
1,<environment.Job instance at 0x1510fe7d0870>,23,3,[1 6],34,81,84,47,69
1,<environment.Job instance at 0x1510fe7d0b90>,24,3,[2 5],35,84,87,49,69
1,<environment.Job instance at 0x1510fee85370>,26,18,[1 9],37,87,105,50,76
1,<environment.Job instance at 0x151102009690>,62,2,[1 9],86,468,470,382,468
1,<environment.Job instance at 0x1511021a5140>,2,18,[6 2],7,7,25,0,7
1,<environment.Job instance at 0x1511021a5320>,3,14,[2 9],8,1250,1264,1242,1250
1,<environment.Job instance at 0x151101eeaa50>,32,2,[2 6],44,1264,1266,1220,1250
1,<environment.Job instance at 0x151102cce4b0>,2,2,[10  1],3,3,5,0,3
1,<environment.Job instance at 0x151102b96410>,7,3,[10  1],8,9,12,1,9
1,<environment.Job instance at 0x151102bbc280>,9,3,[1 7],10,12,15,2,12
1,<environment.Job instance at 0x15110214b730>,1,17,[7 1],2,18,35,16,18
1,<environment.Job instance at 0x151102bcb690>,13,2,[2 8],20,20,22,0,20
1,<environment.Job instance at 0x151102bcb280>,14,2,[2 5],21,22,24,1,21
1,<environment.Job instance at 0x151102bcb7d0>,15,16,[8 1],23,35,51,12,26
1,<environment.Job instance at 0x15110d509b40>,40,1,[9 1],66,88,89,22,88
1,<environment.Job instance at 0x15110d509190>,42,1,[1 7],69,88,89,19,88
1,<environment.Job instance at 0x15110d509c80>,44,2,[7 2],72,89,91,17,88
1,<environment.Job instance at 0x15110d509280>,45,2,[2 5],73,89,91,16,88
1,<environment.Job instance at 0x15110d509e60>,46,3,[2 6],74,91,94,17,88
1,<environment.Job instance at 0x15110d509960>,47,15,[1 6],76,94,109,18,88
1,<environment.Job instance at 0x1510ff1efc80>,48,3,[8 2],77,91,94,14,88
1,<environment.Job instance at 0x15110d509870>,49,2,[2 7],78,109,111,31,88
1,<environment.Job instance at 0x1510ff1ef910>,50,2,[2 8],80,111,113,31,89
1,<environment.Job instance at 0x1510ff1efd20>,51,1,[6 2],82,94,95,12,90
1,<environment.Job instance at 0x1510ff1ef5a0>,52,3,[1 6],83,113,116,30,91
1,<environment.Job instance at 0x15110d6df0f0>,53,1,[2 6],84,116,117,32,91
1,<environment.Job instance at 0x15110d6dfaa0>,54,2,[ 2 10],85,117,119,32,91
1,<environment.Job instance at 0x15110d6dfe10>,55,16,[9 2],86,119,135,33,113
1,<environment.Job instance at 0x1510fe9f9d70>,65,1,[2 9],99,135,136,36,113
1,<environment.Job instance at 0x1510fe9f92d0>,66,3,[ 1 10],100,136,139,36,113
1,<environment.Job instance at 0x15110c9efaa0>,67,1,[1 9],101,139,140,38,113
1,<environment.Job instance at 0x15110c9efb90>,68,3,[7 2],102,113,116,11,113
1,<environment.Job instance at 0x1510fe9f9640>,63,17,[ 2 10],96,164,181,68,164
1,<environment.Job instance at 0x151101eb3280>,1,2,[9 1],2,2,4,0,2
1,<environment.Job instance at 0x1510febe1550>,0,3,[2 6],1,5,8,4,5
1,<environment.Job instance at 0x151102c06730>,8,3,[9 1],12,12,15,0,12
1,<environment.Job instance at 0x1510fe933370>,11,14,[5 1],19,20,34,1,20
1,<environment.Job instance at 0x151102ca0dc0>,13,18,[ 2 10],21,34,52,13,23
1,<environment.Job instance at 0x151101fde3c0>,2,12,[ 1 10],3,7,19,4,7
1,<environment.Job instance at 0x1510fea72a50>,7,1,[1 5],8,19,20,11,9
1,<environment.Job instance at 0x151102cdb4b0>,9,1,[2 5],12,19,20,7,12
1,<environment.Job instance at 0x1510feba9c80>,10,16,[1 6],13,20,36,7,15
1,<environment.Job instance at 0x15110efbe320>,12,15,[ 2 10],16,36,51,20,33
1,<environment.Job instance at 0x1510fea72280>,14,3,[8 1],18,153,156,135,153
1,<environment.Job instance at 0x1510fef8ee10>,38,1,[9 1],56,162,163,106,162
1,<environment.Job instance at 0x1510fef8e0f0>,41,3,[10  1],59,163,166,104,163
1,<environment.Job instance at 0x15110c8a0320>,45,1,[6 1],67,166,167,99,166
1,<environment.Job instance at 0x151101e5a3c0>,50,14,[1 7],75,201,215,126,201
1,<environment.Job instance at 0x151102f5a190>,51,2,[10  2],76,215,217,139,203
1,<environment.Job instance at 0x15110d51ecd0>,54,1,[8 1],80,203,204,123,203
1,<environment.Job instance at 0x15110d51e7d0>,55,12,[6 1],81,217,229,136,203
1,<environment.Job instance at 0x15110d51ebe0>,57,2,[2 8],84,217,219,133,203
1,<environment.Job instance at 0x15110d51ea50>,58,3,[1 9],85,219,222,134,203
1,<environment.Job instance at 0x15110d51ea00>,59,17,[1 7],87,223,240,136,223
1,<environment.Job instance at 0x15110d51e820>,61,3,[1 5],91,240,243,149,223
1,<environment.Job instance at 0x15110d51e2d0>,62,1,[7 2],93,229,230,136,229
1,<environment.Job instance at 0x15110d51e230>,66,3,[1 9],97,258,261,161,258
1,<environment.Job instance at 0x15110c9fe6e0>,70,1,[10  2],101,263,264,162,263
1,<environment.Job instance at 0x15110c9fe910>,71,2,[5 1],103,264,266,161,264
1,<environment.Job instance at 0x15110c9fefa0>,72,2,[2 7],104,266,268,162,266
1,<environment.Job instance at 0x15110d5973c0>,0,17,[9 2],1,17,34,16,17
1,<environment.Job instance at 0x151102f9bc80>,12,1,[6 1],19,34,35,15,19
1,<environment.Job instance at 0x151101dde910>,13,3,[2 8],20,34,37,14,20
1,<environment.Job instance at 0x151102f5a5f0>,14,19,[1 5],23,37,56,14,27
1,<environment.Job instance at 0x1510fe832500>,18,2,[9 2],29,37,39,8,35
1,<environment.Job instance at 0x1510fe6fd6e0>,16,18,[7 2],26,47,65,21,47
1,<environment.Job instance at 0x1511020d2050>,22,12,[2 5],36,57,69,21,57
1,<environment.Job instance at 0x151101d9c500>,37,3,[9 2],58,69,72,11,58
1,<environment.Job instance at 0x1510febb5640>,38,3,[1 7],59,69,72,10,61
1,<environment.Job instance at 0x151102d30280>,52,13,[10  2],85,91,104,6,91
1,<environment.Job instance at 0x1511022620a0>,58,15,[1 8],92,104,119,12,98
1,<environment.Job instance at 0x1510ff164230>,70,13,[5 2],107,442,455,335,442
1,<environment.Job instance at 0x15110d5e67d0>,3,18,[8 1],4,4,22,0,4
1,<environment.Job instance at 0x15110d5e68c0>,4,16,[7 2],5,22,38,17,10
1,<environment.Job instance at 0x1510ff42a280>,0,13,[1 7],1,35,48,34,35
1,<environment.Job instance at 0x1510feb4df50>,18,2,[1 7],27,48,50,21,37
1,<environment.Job instance at 0x1510feb4db90>,19,1,[9 1],29,38,39,9,37
1,<environment.Job instance at 0x1510feb4da00>,21,3,[ 1 10],31,50,53,19,37
1,<environment.Job instance at 0x15110c03baf0>,10,1,[8 2],16,39,40,23,37
1,<environment.Job instance at 0x1510ff101140>,30,2,[2 9],43,53,55,10,43
1,<environment.Job instance at 0x1510ffc2c230>,40,1,[5 1],58,82,83,24,82
1,<environment.Job instance at 0x15110d624c30>,43,2,[1 6],61,82,84,21,82
1,<environment.Job instance at 0x15110d624140>,44,20,[10  2],64,84,104,20,84
1,<environment.Job instance at 0x15110d624820>,49,1,[5 1],70,104,105,34,84
1,<environment.Job instance at 0x15110d6249b0>,50,3,[2 7],72,104,107,32,84
1,<environment.Job instance at 0x15110d53f780>,51,3,[8 2],74,105,108,31,84
1,<environment.Job instance at 0x15110d624be0>,52,1,[1 9],75,108,109,33,84
1,<environment.Job instance at 0x15110d53fbe0>,53,1,[8 1],76,108,109,32,84
1,<environment.Job instance at 0x1510fed0e910>,54,2,[ 1 10],80,109,111,29,84
1,<environment.Job instance at 0x1510fed0e5f0>,55,3,[2 7],81,111,114,30,85
1,<environment.Job instance at 0x1510fed0edc0>,56,1,[2 6],84,107,108,23,85
1,<environment.Job instance at 0x1510ffb04f00>,57,2,[8 2],85,111,113,26,85
1,<environment.Job instance at 0x1510ffb04fa0>,58,3,[ 2 10],86,114,117,28,88
1,<environment.Job instance at 0x1510ffb04b90>,59,3,[2 6],87,117,120,30,91
1,<environment.Job instance at 0x1510fe879730>,68,2,[1 9],100,120,122,20,109
1,<environment.Job instance at 0x1510fe879be0>,69,2,[1 5],102,122,124,20,109
1,<environment.Job instance at 0x1510fe879960>,70,1,[2 9],103,124,125,21,109
1,<environment.Job instance at 0x1510fe879320>,73,1,[5 1],106,113,114,7,109
1,<environment.Job instance at 0x15110d624370>,47,17,[ 1 10],68,278,295,210,278
1,<environment.Job instance at 0x1510ff6a9aa0>,2,1,[1 5],4,4,5,0,4
1,<environment.Job instance at 0x1510ff6a9a50>,4,2,[6 2],7,7,9,0,7
1,<environment.Job instance at 0x1510ff6a9e60>,5,3,[2 6],8,8,11,0,8
1,<environment.Job instance at 0x1510ff6a99b0>,6,16,[2 6],10,11,27,1,11
1,<environment.Job instance at 0x1510ff3847d0>,8,3,[2 7],12,27,30,15,12
1,<environment.Job instance at 0x1510fee92500>,9,1,[ 1 10],13,30,31,17,13
1,<environment.Job instance at 0x1510ffbfaaf0>,10,1,[2 5],14,31,32,17,14
1,<environment.Job instance at 0x15115404a1e0>,11,2,[1 9],15,32,34,17,15
1,<environment.Job instance at 0x1510ff6a9f00>,12,15,[8 2],16,34,49,18,34
1,<environment.Job instance at 0x1510feae4f50>,24,2,[8 2],37,49,51,12,37
1,<environment.Job instance at 0x1510feae48c0>,25,3,[5 1],38,51,54,13,38
1,<environment.Job instance at 0x1510fe92a960>,59,16,[10  1],91,92,108,1,92
1,<environment.Job instance at 0x151101da6a00>,61,1,[2 7],93,108,109,15,93
1,<environment.Job instance at 0x151101da61e0>,62,3,[2 5],94,109,112,15,94
1,<environment.Job instance at 0x151102d13280>,63,15,[1 5],95,109,124,14,95
1,<environment.Job instance at 0x1510feff1c80>,56,14,[8 1],87,177,191,90,177
1,<environment.Job instance at 0x151102d13500>,69,14,[2 5],102,184,198,82,184
1,<environment.Job instance at 0x151101e73b40>,1,3,[1 5],2,2,5,0,2
1,<environment.Job instance at 0x151101e73fa0>,0,3,[5 1],1,4,7,3,4
1,<environment.Job instance at 0x151101e73d70>,2,15,[2 9],4,7,22,3,7
1,<environment.Job instance at 0x151101e73c30>,6,2,[6 1],12,14,16,2,14
1,<environment.Job instance at 0x151101e43370>,8,15,[6 1],15,17,32,2,17
1,<environment.Job instance at 0x151101e434b0>,10,17,[1 8],18,26,43,8,26
1,<environment.Job instance at 0x1510fe814960>,33,2,[1 9],67,88,90,21,88
1,<environment.Job instance at 0x1510fedaf500>,0,2,[1 5],1,1,3,0,1
1,<environment.Job instance at 0x1510ffbafc30>,1,1,[1 6],2,4,5,2,4
1,<environment.Job instance at 0x1510fedaff50>,4,2,[2 9],6,19,21,13,19
1,<environment.Job instance at 0x151102ca08c0>,11,2,[1 5],20,21,23,1,20
1,<environment.Job instance at 0x1510fe888500>,12,3,[2 9],21,23,26,2,22
1,<environment.Job instance at 0x1510fe888820>,14,14,[1 8],23,26,40,3,23
1,<environment.Job instance at 0x15110c92dc80>,18,1,[1 8],28,40,41,12,32
1,<environment.Job instance at 0x15110c92d0f0>,22,2,[ 2 10],32,41,43,9,35
1,<environment.Job instance at 0x1510fea20190>,25,12,[9 1],36,43,55,7,42
1,<environment.Job instance at 0x1510fe87d3c0>,33,1,[2 9],47,55,56,8,47
1,<environment.Job instance at 0x1510ffbf2910>,34,2,[1 7],48,48,50,0,48
1,<environment.Job instance at 0x1511020dc230>,35,2,[8 1],49,55,57,6,49
1,<environment.Job instance at 0x1510ff48a6e0>,36,1,[5 1],50,57,58,7,53
1,<environment.Job instance at 0x1510feb22640>,38,3,[2 5],57,57,60,0,57
1,<environment.Job instance at 0x1510feb22690>,39,1,[5 2],59,60,61,1,60
1,<environment.Job instance at 0x1510feb226e0>,41,13,[1 5],61,62,75,1,62
1,<environment.Job instance at 0x1510feb22910>,43,2,[7 1],64,67,69,3,67
1,<environment.Job instance at 0x15110d5b55f0>,45,1,[1 6],68,75,76,7,69
1,<environment.Job instance at 0x15110d5b59b0>,47,1,[2 8],71,76,77,5,75
1,<environment.Job instance at 0x1530bda096e0>,2,18,[ 1 10],5,5,23,0,5
1,<environment.Job instance at 0x153113415be0>,3,2,[1 7],6,23,25,17,6
1,<environment.Job instance at 0x1530bde90500>,4,2,[6 1],7,23,25,16,8
1,<environment.Job instance at 0x1530bde906e0>,6,16,[2 7],9,25,41,16,22
1,<environment.Job instance at 0x1530bdecbaf0>,17,3,[6 1],23,25,28,2,23
1,<environment.Job instance at 0x1530bdf5f5a0>,18,1,[5 2],25,28,29,3,25
1,<environment.Job instance at 0x1530bdec0730>,19,3,[8 1],26,29,32,3,26
1,<environment.Job instance at 0x1530bd7b8280>,32,16,[9 1],43,52,68,9,52
1,<environment.Job instance at 0x1530bda34eb0>,40,1,[8 1],53,68,69,15,53
1,<environment.Job instance at 0x1530bd7b7aa0>,41,1,[ 1 10],54,69,70,15,54
1,<environment.Job instance at 0x1530bd7b7b90>,42,3,[1 6],55,55,58,0,55
1,<environment.Job instance at 0x1530bd7b7fa0>,43,2,[2 8],56,70,72,14,56
1,<environment.Job instance at 0x1530bd7b7a50>,44,1,[2 9],57,68,69,11,57
1,<environment.Job instance at 0x1530bd7b7370>,45,2,[2 5],58,72,74,14,58
1,<environment.Job instance at 0x1530bda1e050>,46,1,[1 7],59,59,60,0,59
1,<environment.Job instance at 0x1530bda1e910>,47,14,[5 1],60,70,84,10,60
1,<environment.Job instance at 0x1530bda246e0>,48,15,[ 2 10],61,84,99,23,80
1,<environment.Job instance at 0x1530bda33b40>,57,3,[1 9],80,81,84,1,81
1,<environment.Job instance at 0x1530bda330f0>,58,3,[6 1],83,99,102,16,86
1,<environment.Job instance at 0x1530bd7c1140>,61,2,[5 2],87,102,104,15,87
1,<environment.Job instance at 0x1530bd7c12d0>,62,2,[1 5],89,99,101,10,89
1,<environment.Job instance at 0x1530bd7c1280>,63,2,[7 2],90,104,106,14,90
1,<environment.Job instance at 0x1530bd7c1460>,64,18,[1 7],91,101,119,10,94
1,<environment.Job instance at 0x1530bd7c1050>,65,2,[2 7],93,119,121,26,94
1,<environment.Job instance at 0x1530bd7c16e0>,66,2,[9 2],94,106,108,12,94
1,<environment.Job instance at 0x1530bd7c15f0>,67,15,[1 9],95,121,136,26,108
1,<environment.Job instance at 0x1530bdee0640>,16,17,[1 7],22,195,212,173,195
1,<environment.Job instance at 0x1530bd7d7b40>,0,12,[1 7],1,4,16,3,4
1,<environment.Job instance at 0x1530bdee0370>,4,2,[1 5],5,16,18,11,5
1,<environment.Job instance at 0x1530c6cbbe10>,5,3,[2 5],7,16,19,9,8
1,<environment.Job instance at 0x1530c6cbb140>,7,3,[1 6],9,19,22,10,9
1,<environment.Job instance at 0x1530c6ccc870>,8,15,[6 2],12,20,35,8,20
1,<environment.Job instance at 0x1530c6cb85f0>,15,1,[2 5],23,23,24,0,23
1,<environment.Job instance at 0x1530c7855230>,16,2,[1 7],25,25,27,0,25
1,<environment.Job instance at 0x1530c7855640>,17,2,[9 1],26,35,37,9,26
1,<environment.Job instance at 0x1530c784e690>,18,3,[2 9],28,37,40,9,28
1,<environment.Job instance at 0x1530c7855d70>,19,2,[6 1],32,37,39,5,33
1,<environment.Job instance at 0x1530c6c95640>,31,3,[9 1],47,47,50,0,47
1,<environment.Job instance at 0x1530c6cc2550>,32,3,[2 7],48,50,53,2,49
1,<environment.Job instance at 0x1530c6c23b40>,33,2,[ 2 10],50,53,55,3,52
1,<environment.Job instance at 0x1530c6d343c0>,39,1,[5 2],61,65,66,4,65
1,<environment.Job instance at 0x1530c6c81e60>,43,1,[1 8],65,65,66,0,65
1,<environment.Job instance at 0x1530c6c5b0a0>,44,1,[1 9],66,66,67,0,66
1,<environment.Job instance at 0x1530c6cecfa0>,45,3,[ 1 10],67,67,70,0,67
1,<environment.Job instance at 0x1530c6c89be0>,46,2,[5 1],69,70,72,1,69
1,<environment.Job instance at 0x1530c6d94050>,47,12,[1 9],70,70,82,0,70
1,<environment.Job instance at 0x1530c6cec4b0>,48,3,[6 2],71,82,85,11,71
1,<environment.Job instance at 0x1530c6dd2d20>,49,1,[ 1 10],72,85,86,13,72
1,<environment.Job instance at 0x1530c6dd2050>,51,3,[1 8],74,82,85,8,76
1,<environment.Job instance at 0x1530c7008d70>,0,2,[6 1],2,3,5,1,3
1,<environment.Job instance at 0x1530c7008280>,1,1,[10  1],3,5,6,2,3
1,<environment.Job instance at 0x1530c7008af0>,2,2,[6 1],4,6,8,2,5
1,<environment.Job instance at 0x1530c7008050>,3,13,[2 9],5,6,19,1,6
1,<environment.Job instance at 0x1530c0145190>,9,16,[7 1],18,18,34,0,18
1,<environment.Job instance at 0x1530c0516d20>,10,1,[7 1],19,34,35,15,19
1,<environment.Job instance at 0x1530bd1d0e10>,15,2,[5 2],25,35,37,10,25
1,<environment.Job instance at 0x1530bd1d0730>,16,3,[1 8],27,27,30,0,27
1,<environment.Job instance at 0x1530c0495fa0>,17,2,[5 2],29,35,37,6,29
1,<environment.Job instance at 0x1530c0495690>,18,2,[2 7],31,31,33,0,31
1,<environment.Job instance at 0x1530c04955a0>,19,3,[ 2 10],33,37,40,4,33
1,<environment.Job instance at 0x1530bd1cca00>,20,1,[1 5],34,34,35,0,34
1,<environment.Job instance at 0x1530bd1d1e60>,21,2,[1 9],35,40,42,5,36
1,<environment.Job instance at 0x1530bd1d1d20>,23,2,[5 2],38,45,47,7,45
1,<environment.Job instance at 0x1530bd0f2730>,29,14,[ 1 10],46,49,63,3,49
1,<environment.Job instance at 0x1530bd0a8cd0>,33,2,[7 1],50,63,65,13,50
1,<environment.Job instance at 0x1530bd0a8870>,34,2,[1 8],51,63,65,12,51
1,<environment.Job instance at 0x1530bd1cec30>,40,2,[5 1],57,65,67,8,57
1,<environment.Job instance at 0x1530bd1ce910>,41,1,[6 1],59,67,68,8,59
1,<environment.Job instance at 0x1530bd1ce4b0>,42,1,[8 1],61,68,69,7,62
1,<environment.Job instance at 0x1530e407c190>,44,18,[6 2],63,77,95,14,77
1,<environment.Job instance at 0x1530bd1ca140>,50,14,[ 2 10],72,95,109,23,80
1,<environment.Job instance at 0x1530bd1cae60>,51,2,[6 2],73,109,111,36,96
1,<environment.Job instance at 0x1530bd219be0>,68,2,[6 2],97,111,113,14,97
1,<environment.Job instance at 0x1530bd219550>,69,2,[10  1],98,113,115,15,98
1,<environment.Job instance at 0x1530bd219dc0>,70,1,[7 2],99,115,116,16,99
1,<environment.Job instance at 0x1530bd219e10>,71,3,[6 2],100,116,119,16,110
1,<environment.Job instance at 0x1530bd0eff50>,2,2,[5 1],9,9,11,0,9
1,<environment.Job instance at 0x1530c00dea00>,4,12,[6 1],11,11,23,0,11
1,<environment.Job instance at 0x1530c00de0f0>,5,12,[1 8],12,14,26,2,14
1,<environment.Job instance at 0x1530c00de4b0>,15,1,[8 1],25,35,36,10,35
1,<environment.Job instance at 0x1530c0e5dc80>,35,3,[5 1],57,57,60,0,57
1,<environment.Job instance at 0x1530c04b1a50>,36,13,[5 1],59,68,81,9,68
1,<environment.Job instance at 0x1530e5bc0690>,42,3,[1 7],66,68,71,2,68
1,<environment.Job instance at 0x1530c7938b90>,43,18,[1 8],67,71,89,4,68
1,<environment.Job instance at 0x1530c0242d70>,44,2,[8 2],69,81,83,12,70
1,<environment.Job instance at 0x1530c6c38c30>,46,1,[7 2],71,83,84,12,73
1,<environment.Job instance at 0x1530c00decd0>,2,2,[2 7],4,4,6,0,4
1,<environment.Job instance at 0x1530bdf88730>,6,18,[10  2],10,10,28,0,10
1,<environment.Job instance at 0x1530bdfa1d70>,19,1,[10  2],29,29,30,0,29
1,<environment.Job instance at 0x1530bdfa1820>,20,1,[10  1],30,30,31,0,30
1,<environment.Job instance at 0x1530bdfa16e0>,21,16,[10  2],31,33,49,2,33
1,<environment.Job instance at 0x1530bdfa1730>,23,2,[2 9],34,49,51,15,34
1,<environment.Job instance at 0x1530bdfa15a0>,24,3,[9 2],36,51,54,15,36
1,<environment.Job instance at 0x1530bdfa1690>,25,14,[9 2],38,54,68,16,41
1,<environment.Job instance at 0x1530bdf88d20>,9,13,[1 8],13,60,73,47,60
1,<environment.Job instance at 0x1530c6d077d0>,61,17,[9 1],97,98,115,1,98
1,<environment.Job instance at 0x1530c6cfd230>,66,1,[1 9],106,106,107,0,106
1,<environment.Job instance at 0x1530c6cfdfa0>,72,12,[2 7],116,116,128,0,116
1,<environment.Job instance at 0x1530c6cfd4b0>,73,1,[1 9],117,128,129,11,117
1,<environment.Job instance at 0x1530e6069d20>,74,3,[ 1 10],118,129,132,11,118
1,<environment.Job instance at 0x1530c1340e10>,65,16,[ 2 10],103,287,303,184,287
1,<environment.Job instance at 0x1530bd00fc80>,5,2,[1 9],9,10,12,1,10
1,<environment.Job instance at 0x1530bd0b6d20>,6,3,[1 7],11,12,15,1,12
1,<environment.Job instance at 0x1530bd49cb90>,8,3,[9 1],13,13,16,0,13
1,<environment.Job instance at 0x1530bd49caa0>,9,3,[7 2],15,16,19,1,15
1,<environment.Job instance at 0x1530bd5102d0>,10,14,[8 2],16,21,35,5,21
1,<environment.Job instance at 0x1530c04cc9b0>,18,2,[10  1],27,35,37,8,27
1,<environment.Job instance at 0x1530c12a5410>,19,15,[8 1],29,40,55,11,40
1,<environment.Job instance at 0x1530e52f0b40>,25,3,[1 8],39,40,43,1,40
1,<environment.Job instance at 0x1530e52f0230>,26,1,[6 1],40,55,56,15,40
1,<environment.Job instance at 0x1530e52f0320>,27,2,[2 9],42,43,45,1,42
1,<environment.Job instance at 0x1530bd16f640>,28,16,[1 8],43,45,61,2,43
1,<environment.Job instance at 0x1530bd16f0f0>,29,1,[2 9],44,61,62,17,49
1,<environment.Job instance at 0x1530c04a7870>,34,1,[1 5],52,62,63,10,52
1,<environment.Job instance at 0x1530c04a7aa0>,35,3,[10  1],53,63,66,10,53
1,<environment.Job instance at 0x1530c04a7af0>,36,1,[6 2],54,56,57,2,54
1,<environment.Job instance at 0x1530c04a73c0>,37,2,[6 1],55,57,59,2,55
1,<environment.Job instance at 0x1530c0515d20>,38,3,[8 1],57,59,62,2,57
1,<environment.Job instance at 0x1530c0515c30>,40,1,[2 9],60,66,67,6,60
1,<environment.Job instance at 0x1530bd39f140>,43,2,[1 7],65,67,69,2,65
1,<environment.Job instance at 0x1530bd39fc30>,44,1,[2 7],66,69,70,3,66
1,<environment.Job instance at 0x1530bd39f3c0>,45,2,[1 9],67,70,72,3,67
1,<environment.Job instance at 0x1530bd530af0>,46,16,[2 5],68,72,88,4,68
1,<environment.Job instance at 0x1530bd4a95f0>,47,3,[1 8],70,88,91,18,70
1,<environment.Job instance at 0x1530bd37d190>,56,12,[5 1],87,87,99,0,87
1,<environment.Job instance at 0x1530bd5b3dc0>,57,12,[ 2 10],88,99,111,11,93
1,<environment.Job instance at 0x1530bd5b3cd0>,58,1,[10  1],89,111,112,22,93
1,<environment.Job instance at 0x1530bd5b3460>,60,3,[1 7],91,94,97,3,94
1,<environment.Job instance at 0x1530bd5b35a0>,62,2,[8 2],94,112,114,18,94
1,<environment.Job instance at 0x1530bd4d5c30>,63,1,[1 7],95,97,98,2,95
1,<environment.Job instance at 0x1530bd02e730>,64,3,[2 9],96,114,117,18,96
1,<environment.Job instance at 0x1530bd0d7a50>,78,1,[2 6],117,120,121,3,120
1,<environment.Job instance at 0x1530bd10a690>,0,2,[8 1],1,2,4,1,2
1,<environment.Job instance at 0x1530bd10a370>,1,1,[2 9],3,4,5,1,4
1,<environment.Job instance at 0x1530c1074a00>,3,3,[2 7],6,6,9,0,6
1,<environment.Job instance at 0x1530c1074910>,5,15,[1 7],8,14,29,6,14
1,<environment.Job instance at 0x1530e5984d20>,12,1,[9 1],15,17,18,2,17
1,<environment.Job instance at 0x1530bd142190>,14,2,[1 8],18,29,31,11,20
1,<environment.Job instance at 0x1530e59843c0>,6,15,[5 1],9,29,44,20,29
1,<environment.Job instance at 0x1530c1087960>,23,3,[2 8],30,31,34,1,30
1,<environment.Job instance at 0x1530c6c0afa0>,24,13,[1 6],31,34,47,3,31
1,<environment.Job instance at 0x1530c05f0c30>,46,1,[ 2 10],55,77,78,22,77
1,<environment.Job instance at 0x1530bdf870a0>,49,12,[2 8],64,78,90,14,78
1,<environment.Job instance at 0x1530bdf870f0>,50,3,[10  2],65,90,93,25,78
1,<environment.Job instance at 0x1530bdf87190>,51,1,[7 1],67,78,79,11,78
1,<environment.Job instance at 0x1530bdf87050>,56,12,[8 1],74,93,105,19,92
1,<environment.Job instance at 0x1530bdeb43c0>,57,1,[6 1],78,105,106,27,92
1,<environment.Job instance at 0x1530bdeb4820>,58,2,[7 1],79,106,108,27,92
1,<environment.Job instance at 0x1530bdeb4b90>,59,1,[1 8],80,93,94,13,92
1,<environment.Job instance at 0x1530bdeb4f50>,62,2,[ 1 10],85,108,110,23,106
1,<environment.Job instance at 0x1530bdeb4640>,64,2,[5 2],87,110,112,23,106
1,<environment.Job instance at 0x1530c6ba60f0>,68,18,[9 1],95,117,135,22,117
1,<environment.Job instance at 0x1530c6ba65f0>,69,2,[5 2],96,135,137,39,117
1,<environment.Job instance at 0x1530c6ba6d70>,70,2,[10  2],97,137,139,40,117
1,<environment.Job instance at 0x1530c6ba6f00>,74,1,[10  2],104,139,140,35,128
1,<environment.Job instance at 0x1530c6ba68c0>,77,12,[5 1],107,140,152,33,134
1,<environment.Job instance at 0x1530c6ba6230>,81,16,[1 6],111,140,156,29,134
1,<environment.Job instance at 0x1530c6bc90a0>,84,1,[9 2],115,152,153,37,145
1,<environment.Job instance at 0x1530c7856410>,85,3,[6 1],117,153,156,36,145
1,<environment.Job instance at 0x1530c78565a0>,86,1,[ 1 10],118,156,157,38,145
1,<environment.Job instance at 0x1530c6ba6820>,67,14,[9 2],94,397,411,303,397
1,<environment.Job instance at 0x1530c049cf00>,0,2,[2 7],1,4,6,3,4
1,<environment.Job instance at 0x1530bd4e0730>,1,12,[2 7],3,6,18,3,5
1,<environment.Job instance at 0x1530c049cc30>,3,15,[2 9],5,18,33,13,15
1,<environment.Job instance at 0x1530bd745c30>,10,12,[8 2],17,33,45,16,17
1,<environment.Job instance at 0x1530bd7459b0>,11,2,[2 5],18,33,35,15,18
1,<environment.Job instance at 0x1530bcf789b0>,12,3,[2 8],19,35,38,16,19
1,<environment.Job instance at 0x1530bcf78370>,13,2,[1 9],21,45,47,24,21
1,<environment.Job instance at 0x1530bd432230>,18,2,[7 1],29,29,31,0,29
1,<environment.Job instance at 0x1530bd05ffa0>,25,3,[1 7],38,38,41,0,38
1,<environment.Job instance at 0x1530c6c340a0>,26,1,[8 2],40,47,48,7,40
1,<environment.Job instance at 0x1530c6c34230>,27,2,[2 8],42,42,44,0,42
1,<environment.Job instance at 0x1530c6c34c80>,28,1,[5 2],45,48,49,3,45
1,<environment.Job instance at 0x1530c6c34f00>,29,18,[1 9],50,50,68,0,50
1,<environment.Job instance at 0x1530bdf66910>,40,3,[7 2],65,68,71,3,68
1,<environment.Job instance at 0x1530bdf66aa0>,41,2,[ 2 10],67,71,73,4,68
1,<environment.Job instance at 0x1530bdf66f00>,42,2,[1 5],68,68,70,0,68
1,<environment.Job instance at 0x1530bdf66cd0>,43,1,[10  2],69,73,74,4,69
1,<environment.Job instance at 0x1530c0fc6140>,44,2,[ 1 10],70,74,76,4,70
1,<environment.Job instance at 0x1530c06082d0>,49,2,[1 7],75,81,83,6,81
1,<environment.Job instance at 0x1530c0fd7dc0>,52,18,[1 9],78,137,155,59,137
1,<environment.Job instance at 0x1530c0fd7690>,53,3,[10  1],79,155,158,76,137
1,<environment.Job instance at 0x1530c0fd71e0>,54,17,[1 9],81,158,175,77,150
1,<environment.Job instance at 0x1530c6c25500>,55,2,[2 5],82,175,177,93,151
1,<environment.Job instance at 0x1530c6c25320>,57,2,[2 6],84,177,179,93,151
1,<environment.Job instance at 0x1530c6c25c80>,58,14,[2 5],85,179,193,94,165
1,<environment.Job instance at 0x1530c0f7baa0>,62,2,[8 2],89,175,177,86,174
1,<environment.Job instance at 0x1530c0f7ba50>,63,13,[1 8],91,193,206,102,177
1,<environment.Job instance at 0x1530c0f7b050>,65,3,[7 1],93,180,183,87,180
1,<environment.Job instance at 0x1530e6066690>,66,1,[1 8],95,206,207,111,182
1,<environment.Job instance at 0x1530c6d93e10>,67,1,[8 2],96,183,184,87,182
1,<environment.Job instance at 0x1530e6066960>,68,3,[1 8],100,207,210,107,182
1,<environment.Job instance at 0x1530c6d93820>,69,1,[2 6],103,210,211,107,188
1,<environment.Job instance at 0x1530c6d930a0>,70,1,[2 7],105,211,212,106,188
1,<environment.Job instance at 0x1530c6d93b40>,71,1,[7 1],106,201,202,95,201
1,<environment.Job instance at 0x1530c6d939b0>,74,14,[1 8],111,212,226,101,201
1,<environment.Job instance at 0x1530c6d93280>,76,2,[10  2],113,226,228,113,204
1,<environment.Job instance at 0x1530c6d93aa0>,78,2,[ 1 10],116,228,230,112,204
1,<environment.Job instance at 0x1530c6d93dc0>,79,3,[2 6],117,230,233,113,205
1,<environment.Job instance at 0x1530c6d93c80>,80,2,[1 9],118,233,235,115,206
1,<environment.Job instance at 0x1530c6d93a50>,81,3,[2 8],119,235,238,116,210
1,<environment.Job instance at 0x1530c6c25d20>,60,13,[1 7],87,2100,2113,2013,2100
1,<environment.Job instance at 0x1530bd5f5460>,2,3,[8 1],3,4,7,1,4
1,<environment.Job instance at 0x1530bd2b23c0>,6,2,[2 9],9,10,12,1,10
1,<environment.Job instance at 0x1530bd2b2af0>,10,16,[7 1],14,35,51,21,35
1,<environment.Job instance at 0x1530bd7a18c0>,26,12,[2 5],36,38,50,2,38
1,<environment.Job instance at 0x1530bd157460>,35,13,[5 1],47,62,75,15,62
1,<environment.Job instance at 0x1530c1058b90>,44,2,[2 9],57,62,64,5,62
1,<environment.Job instance at 0x1530bd06c690>,69,3,[8 1],96,217,220,121,217
1,<environment.Job instance at 0x1530bca35b40>,0,3,[7 1],2,2,5,0,2
1,<environment.Job instance at 0x1530bd0fcd20>,4,17,[9 1],8,8,25,0,8
1,<environment.Job instance at 0x1530bd33de60>,7,16,[ 2 10],11,25,41,14,17
1,<environment.Job instance at 0x1530c04a4960>,14,3,[2 6],23,41,44,18,30
1,<environment.Job instance at 0x1530c79d5d20>,28,2,[6 1],42,42,44,0,42
1,<environment.Job instance at 0x1530c79d51e0>,29,1,[8 1],43,44,45,1,43
1,<environment.Job instance at 0x1530c79d5a00>,30,1,[9 1],44,45,46,1,44
1,<environment.Job instance at 0x1530c79d58c0>,31,2,[5 2],45,46,48,1,45
1,<environment.Job instance at 0x1530c79d55a0>,32,3,[5 2],47,47,50,0,47
1,<environment.Job instance at 0x1530c039f050>,33,13,[7 2],48,50,63,2,49
1,<environment.Job instance at 0x1530bd556b40>,35,3,[1 9],50,63,66,13,50
1,<environment.Job instance at 0x1530bd556640>,36,3,[1 6],54,54,57,0,54
1,<environment.Job instance at 0x1530bd556f50>,37,3,[2 5],55,57,60,2,55
1,<environment.Job instance at 0x1530bd556690>,39,18,[1 9],57,66,84,9,57
1,<environment.Job instance at 0x1530c03baeb0>,47,3,[1 9],67,84,87,17,84
1,<environment.Job instance at 0x1530c3cd77d0>,49,3,[7 1],69,84,87,15,84
1,<environment.Job instance at 0x1530c3cd7e60>,50,3,[2 7],70,87,90,17,85
1,<environment.Job instance at 0x1530c79af730>,54,1,[1 8],76,92,93,16,92
1,<environment.Job instance at 0x1531103781e0>,55,14,[1 8],77,94,108,17,94
1,<environment.Job instance at 0x1530c0f6ab90>,56,2,[ 1 10],78,108,110,30,94
1,<environment.Job instance at 0x1530c79af960>,57,3,[8 2],79,94,97,15,94
1,<environment.Job instance at 0x1530bd751b40>,58,12,[6 2],81,110,122,29,94
1,<environment.Job instance at 0x1530be1f00f0>,60,2,[9 2],83,97,99,14,94
1,<environment.Job instance at 0x1530c6d21140>,61,3,[1 5],84,110,113,26,94
1,<environment.Job instance at 0x1530c0f19d70>,62,2,[1 9],85,122,124,37,95
1,<environment.Job instance at 0x1530bd2e3b40>,63,2,[10  2],86,124,126,38,97
1,<environment.Job instance at 0x1530c03655a0>,65,1,[5 2],90,99,100,9,97
1,<environment.Job instance at 0x1530c0232fa0>,67,1,[9 1],92,100,101,8,97
1,<environment.Job instance at 0x1530bd1ca0a0>,68,2,[2 5],93,113,115,20,97
1,<environment.Job instance at 0x1530bd6f2190>,69,1,[10  1],95,126,127,31,98
1,<environment.Job instance at 0x1530c0308140>,70,1,[5 2],97,101,102,4,98
1,<environment.Job instance at 0x1530c0f7d690>,0,2,[9 1],1,3,5,2,3
1,<environment.Job instance at 0x1530c02776e0>,25,3,[9 2],34,45,48,11,45
1,<environment.Job instance at 0x1530bd63faa0>,26,3,[8 2],36,48,51,12,45
1,<environment.Job instance at 0x1530c0e6a2d0>,27,17,[2 7],38,48,65,10,45
1,<environment.Job instance at 0x1530bcaaf870>,28,2,[1 6],39,45,47,6,45
1,<environment.Job instance at 0x1530bca539b0>,29,18,[5 2],40,51,69,11,51
1,<environment.Job instance at 0x1530c3cfe500>,38,1,[5 2],51,65,66,14,51
1,<environment.Job instance at 0x1530c0558820>,39,13,[1 9],52,69,82,17,53
1,<environment.Job instance at 0x1530c0558f00>,40,15,[2 9],53,82,97,29,68
1,<environment.Job instance at 0x1530c0558fa0>,46,1,[1 6],60,68,69,8,68
1,<environment.Job instance at 0x1530bd53daa0>,48,3,[2 5],62,97,100,35,78
1,<environment.Job instance at 0x1530bd53dcd0>,49,3,[1 7],64,100,103,36,78
1,<environment.Job instance at 0x1530bd53d0f0>,50,2,[9 2],65,100,102,35,79
1,<environment.Job instance at 0x1530bd53d280>,51,2,[7 1],66,79,81,13,79
1,<environment.Job instance at 0x1530bd53dd70>,52,1,[1 8],67,103,104,36,79
1,<environment.Job instance at 0x1530bd53d1e0>,53,1,[8 1],68,81,82,13,79
1,<environment.Job instance at 0x1530e5c1a4b0>,73,1,[2 7],95,142,143,47,142
1,<environment.Job instance at 0x1530bd34e7d0>,90,2,[8 2],118,143,145,25,143
1,<environment.Job instance at 0x1530c04a4dc0>,1,17,[7 1],2,3,20,1,3
1,<environment.Job instance at 0x1530c04a44b0>,6,3,[6 2],7,20,23,13,8
1,<environment.Job instance at 0x1530bd64bfa0>,7,3,[10  1],8,23,26,15,9
1,<environment.Job instance at 0x1530bde9acd0>,13,2,[2 8],20,26,28,6,22
1,<environment.Job instance at 0x1530c0e96230>,15,16,[8 1],23,26,42,3,23
1,<environment.Job instance at 0x1530c6cbb140>,34,1,[1 8],55,262,263,207,262
1,<environment.Job instance at 0x1530c030c820>,57,3,[ 2 10],89,1226,1229,1137,1226
1,<environment.Job instance at 0x1530c6db6f50>,1,3,[9 2],7,8,11,1,8
1,<environment.Job instance at 0x1530c6db6460>,3,14,[5 1],9,11,25,2,9
1,<environment.Job instance at 0x1530c6db6410>,0,3,[9 1],2,25,28,23,11
1,<environment.Job instance at 0x1530bd788820>,6,1,[5 2],12,12,13,0,12
1,<environment.Job instance at 0x1530bd788140>,7,1,[5 1],13,13,14,0,13
1,<environment.Job instance at 0x1530bd788b90>,8,2,[1 5],16,16,18,0,16
1,<environment.Job instance at 0x1530bd788e10>,9,12,[ 1 10],17,28,40,11,17
1,<environment.Job instance at 0x1530bd788d20>,10,12,[1 9],18,40,52,22,27
1,<environment.Job instance at 0x1530bd788870>,20,1,[2 6],29,52,53,23,43
1,<environment.Job instance at 0x1530c0457e60>,21,3,[2 9],30,53,56,23,43
1,<environment.Job instance at 0x1530c04570f0>,22,2,[2 6],31,56,58,25,43
1,<environment.Job instance at 0x1530c0457230>,23,1,[2 6],32,58,59,26,43
1,<environment.Job instance at 0x1530c0457aa0>,24,1,[7 2],34,52,53,18,43
1,<environment.Job instance at 0x1530c0457cd0>,25,2,[2 6],35,59,61,24,43
1,<environment.Job instance at 0x1530c0457730>,26,1,[10  1],36,61,62,25,43
1,<environment.Job instance at 0x1530c0457f00>,27,3,[8 2],37,56,59,19,43
1,<environment.Job instance at 0x1530bd613640>,31,2,[2 5],41,62,64,21,54
1,<environment.Job instance at 0x1530bd6136e0>,32,3,[8 2],42,62,65,20,54
1,<environment.Job instance at 0x1530bd613050>,33,3,[ 1 10],43,65,68,22,54
1,<environment.Job instance at 0x1530bd613690>,34,13,[5 2],44,68,81,24,58
1,<environment.Job instance at 0x1530bd613960>,41,17,[9 1],51,85,102,34,85
1,<environment.Job instance at 0x1530bcda1500>,43,1,[6 1],54,102,103,48,85
1,<environment.Job instance at 0x1530bcd7daf0>,45,3,[10  2],56,103,106,47,90
1,<environment.Job instance at 0x1530bcd7dbe0>,46,3,[9 1],57,106,109,49,90
1,<environment.Job instance at 0x1530bcd7daa0>,47,1,[2 9],58,102,103,44,90
1,<environment.Job instance at 0x1530bcd7d320>,48,18,[7 1],59,110,128,51,110
1,<environment.Job instance at 0x1530c03f35a0>,64,1,[9 2],86,128,129,42,110
1,<environment.Job instance at 0x1530c03f3870>,65,2,[1 8],88,110,112,22,110
1,<environment.Job instance at 0x1530bcd8d550>,66,1,[1 7],89,112,113,23,110
1,<environment.Job instance at 0x1530bcd8d870>,67,17,[9 1],95,129,146,34,121
1,<environment.Job instance at 0x1530bd1f8550>,75,2,[6 2],104,146,148,42,121
1,<environment.Job instance at 0x1530bd1f8c30>,76,3,[2 6],105,121,124,16,121
1,<environment.Job instance at 0x1530bd1f8910>,77,1,[1 8],106,124,125,18,121
1,<environment.Job instance at 0x1530bd783f00>,78,13,[2 7],107,146,159,39,130
1,<environment.Job instance at 0x1530bd783500>,79,1,[1 5],108,130,131,22,130
1,<environment.Job instance at 0x1530bd7830f0>,80,12,[1 6],109,131,143,22,130
1,<environment.Job instance at 0x1530bd79c6e0>,81,1,[2 5],112,159,160,47,132
1,<environment.Job instance at 0x1530bd79cb90>,82,16,[1 6],113,160,176,47,153
1,<environment.Job instance at 0x1530bd788eb0>,4,18,[1 9],10,189,207,179,189
1,<environment.Job instance at 0x1530bcd92eb0>,3,3,[2 5],6,6,9,0,6
1,<environment.Job instance at 0x1530bce28280>,0,1,[2 8],1,9,10,8,8
1,<environment.Job instance at 0x1530bcd80690>,6,2,[1 9],9,10,12,1,9
1,<environment.Job instance at 0x1530bcd80b90>,7,1,[1 6],10,12,13,2,10
1,<environment.Job instance at 0x1530bcd802d0>,8,3,[6 1],13,13,16,0,13
1,<environment.Job instance at 0x1530bcebe140>,9,2,[9 2],14,16,18,2,14
1,<environment.Job instance at 0x1530bcd80960>,10,2,[2 7],15,18,20,3,15
1,<environment.Job instance at 0x1530bcd80b40>,11,1,[2 5],16,20,21,4,16
1,<environment.Job instance at 0x1530c790a1e0>,13,2,[ 1 10],20,21,23,1,20
1,<environment.Job instance at 0x1530bcda1820>,14,16,[7 2],22,23,39,1,22
1,<environment.Job instance at 0x1530bcda1b90>,15,12,[8 1],23,39,51,16,32
1,<environment.Job instance at 0x1530bce9dd70>,20,13,[9 2],35,51,64,16,37
1,<environment.Job instance at 0x1530bce979b0>,19,17,[6 2],33,67,84,34,67
1,<environment.Job instance at 0x1530bcce83c0>,32,1,[1 7],53,67,68,14,67
1,<environment.Job instance at 0x1530bd364dc0>,33,14,[1 7],55,68,82,13,67
1,<environment.Job instance at 0x1530bd157cd0>,34,2,[10  2],56,84,86,28,67
1,<environment.Job instance at 0x1530bd793910>,35,3,[5 1],57,86,89,29,67
1,<environment.Job instance at 0x1530bcea60f0>,36,14,[2 7],58,86,100,28,71
1,<environment.Job instance at 0x1530bd1cd5f0>,37,1,[8 1],60,89,90,29,71
1,<environment.Job instance at 0x1530c04dc640>,38,12,[6 1],61,90,102,29,73
1,<environment.Job instance at 0x1530c04dcaf0>,39,13,[2 6],62,100,113,38,84
1,<environment.Job instance at 0x1530c04dc500>,40,2,[2 8],64,113,115,49,86
1,<environment.Job instance at 0x1530c04dc050>,41,3,[1 9],65,115,118,50,89
1,<environment.Job instance at 0x1530bce8ea00>,49,3,[1 9],77,118,121,41,111
1,<environment.Job instance at 0x1530c04d9370>,50,2,[2 5],78,121,123,43,111
1,<environment.Job instance at 0x1530c04d9190>,52,14,[6 1],80,122,136,42,122
1,<environment.Job instance at 0x1530c04d9550>,57,2,[1 9],89,123,125,34,122
1,<environment.Job instance at 0x1530c04d9820>,59,3,[1 8],93,125,128,32,122
1,<environment.Job instance at 0x1530c04d90a0>,61,2,[5 2],95,136,138,41,132
1,<environment.Job instance at 0x1530bceab690>,62,3,[8 1],97,138,141,41,133
1,<environment.Job instance at 0x1530bceab410>,63,2,[6 1],98,141,143,43,133
1,<environment.Job instance at 0x1530bceabe10>,64,3,[6 2],100,143,146,43,133
1,<environment.Job instance at 0x1530bceabf00>,65,12,[9 2],101,146,158,45,139
1,<environment.Job instance at 0x1530bceabc80>,66,1,[6 2],103,158,159,55,140
1,<environment.Job instance at 0x1530bceab230>,70,1,[6 1],109,159,160,50,156
1,<environment.Job instance at 0x1530bceab870>,72,19,[1 5],113,156,175,43,156
1,<environment.Job instance at 0x1530c6cb9c30>,32,15,[ 1 10],54,62,77,8,62
1,<environment.Job instance at 0x1530bcf88640>,40,1,[9 1],63,77,78,14,63
1,<environment.Job instance at 0x1530c6cb7460>,41,1,[9 1],64,78,79,14,64
1,<environment.Job instance at 0x1530c1092640>,43,17,[1 6],67,77,94,10,67
1,<environment.Job instance at 0x1530bd6f8fa0>,44,2,[8 2],70,79,81,9,70
1,<environment.Job instance at 0x1530bd6f9730>,45,2,[5 2],71,81,83,10,77
1,<environment.Job instance at 0x1530c03cd7d0>,52,3,[ 1 10],79,94,97,15,79
1,<environment.Job instance at 0x1530bcdbbe60>,53,13,[1 7],81,97,110,16,85
1,<environment.Job instance at 0x1530bd72faf0>,56,18,[8 1],84,97,115,13,93
1,<environment.Job instance at 0x1530e5c27e60>,1,2,[2 9],3,3,5,0,3
1,<environment.Job instance at 0x1530e5c27910>,2,1,[5 2],5,5,6,0,5
1,<environment.Job instance at 0x1530e5c27730>,4,2,[10  2],7,7,9,0,7
1,<environment.Job instance at 0x1530bcc713c0>,10,1,[8 2],15,31,32,16,31
1,<environment.Job instance at 0x1530bde61960>,14,2,[1 6],21,39,41,18,39
1,<environment.Job instance at 0x1530bde61500>,16,1,[5 2],25,39,40,14,39
1,<environment.Job instance at 0x1530bcaa1d70>,19,15,[1 6],29,41,56,12,39
1,<environment.Job instance at 0x1530bcbcfd70>,21,3,[2 7],32,56,59,24,39
1,<environment.Job instance at 0x1530c01b2140>,22,3,[8 2],34,40,43,6,39
1,<environment.Job instance at 0x1530c6d94af0>,23,1,[1 9],35,59,60,24,40
1,<environment.Job instance at 0x1530bd2bf190>,26,3,[2 7],41,60,63,19,42
1,<environment.Job instance at 0x1530bd2bf0a0>,27,1,[2 6],44,63,64,19,44
1,<environment.Job instance at 0x1530bd35feb0>,28,2,[8 2],45,45,47,0,45
1,<environment.Job instance at 0x1530bcb77be0>,29,3,[ 2 10],46,64,67,18,46
1,<environment.Job instance at 0x1530bcb77280>,30,3,[2 6],47,67,70,20,47
1,<environment.Job instance at 0x1530c015f050>,34,2,[9 2],54,54,56,0,54
1,<environment.Job instance at 0x1530bd3550a0>,40,2,[1 5],62,70,72,8,64
1,<environment.Job instance at 0x1530c7852b90>,51,2,[6 2],77,78,80,1,78
1,<environment.Job instance at 0x1530c7852d70>,52,3,[2 6],78,78,81,0,78
1,<environment.Job instance at 0x1530c7852e10>,53,16,[2 6],80,81,97,1,80
1,<environment.Job instance at 0x1530c7852320>,54,15,[5 1],81,81,96,0,81
1,<environment.Job instance at 0x1530c7852a50>,55,3,[2 7],82,97,100,15,82
1,<environment.Job instance at 0x1530c7852550>,56,1,[ 1 10],83,100,101,17,83
1,<environment.Job instance at 0x1530c6d2f690>,57,1,[2 5],84,101,102,17,84
1,<environment.Job instance at 0x1530c6d2f4b0>,58,2,[1 9],85,102,104,17,85
1,<environment.Job instance at 0x1530c6d2f0f0>,63,3,[10  1],90,104,107,14,90
1,<environment.Job instance at 0x1530c6d2f320>,64,2,[7 2],92,96,98,4,92
1,<environment.Job instance at 0x1530c6d2f5f0>,65,1,[9 2],94,107,108,13,95
1,<environment.Job instance at 0x1530e5312d70>,67,3,[2 5],97,108,111,11,99
1,<environment.Job instance at 0x1530e5312af0>,71,2,[8 2],107,108,110,1,107
1,<environment.Job instance at 0x1530e5312460>,72,3,[5 1],108,110,113,2,108
1,<environment.Job instance at 0x1530c12f3d70>,73,17,[1 8],109,111,128,2,109
1,<environment.Job instance at 0x1530c12f3e60>,74,2,[9 2],111,113,115,2,111
1,<environment.Job instance at 0x1530c12f3c80>,75,2,[2 5],112,128,130,16,112
1,<environment.Job instance at 0x1530c12f3b40>,76,3,[8 1],113,115,118,2,113
1,<environment.Job instance at 0x1530c12f3500>,77,1,[2 8],114,130,131,16,117
1,<environment.Job instance at 0x1530bcaa1370>,18,17,[ 1 10],28,330,347,302,330
1,<environment.Job instance at 0x1530bc95b410>,3,3,[1 7],4,4,7,0,4
1,<environment.Job instance at 0x1530bc95ba00>,2,15,[7 1],3,5,20,2,5
1,<environment.Job instance at 0x1530bd0995a0>,10,1,[8 2],14,20,21,6,14
1,<environment.Job instance at 0x1530bd0994b0>,11,3,[1 7],16,16,19,0,16
1,<environment.Job instance at 0x1530bd099780>,12,2,[2 8],18,19,21,1,19
1,<environment.Job instance at 0x1530bd67be10>,14,3,[1 7],22,23,26,1,23
1,<environment.Job instance at 0x1530bd67ba00>,15,1,[1 8],25,26,27,1,25
1,<environment.Job instance at 0x1530bd67b780>,18,16,[2 5],30,31,47,1,31
1,<environment.Job instance at 0x1530c035ee10>,20,1,[9 1],32,47,48,15,34
1,<environment.Job instance at 0x1530c035e280>,21,2,[7 2],35,35,37,0,35
1,<environment.Job instance at 0x1530c0160cd0>,22,3,[9 2],36,48,51,12,36
1,<environment.Job instance at 0x1530c01605a0>,23,14,[8 1],37,51,65,14,45
1,<environment.Job instance at 0x1530bd5511e0>,28,1,[2 7],43,51,52,8,45
1,<environment.Job instance at 0x1530e403c7d0>,29,3,[2 5],44,52,55,8,45
1,<environment.Job instance at 0x1530bd551af0>,30,15,[1 5],45,55,70,10,47
1,<environment.Job instance at 0x1530e5324960>,32,2,[10  2],47,70,72,23,67
1,<environment.Job instance at 0x1530e5324f50>,33,2,[1 5],49,67,69,18,67
1,<environment.Job instance at 0x1530bde952d0>,35,3,[7 1],51,72,75,21,67
1,<environment.Job instance at 0x1530c028d280>,36,14,[2 5],52,72,86,20,69
1,<environment.Job instance at 0x1530c028d0f0>,40,2,[7 1],58,75,77,17,70
1,<environment.Job instance at 0x1530c028d5a0>,41,3,[5 1],61,77,80,16,74
1,<environment.Job instance at 0x1530c028dd70>,42,3,[1 5],62,80,83,18,74
1,<environment.Job instance at 0x1530c028d960>,43,15,[2 9],64,86,101,22,74
1,<environment.Job instance at 0x1530c028dd20>,45,2,[1 8],69,101,103,32,74
1,<environment.Job instance at 0x1530bf6b5e10>,47,2,[6 1],72,83,85,11,80
1,<environment.Job instance at 0x1530bcdd3640>,50,12,[7 2],77,101,113,24,89
1,<environment.Job instance at 0x1530e5312640>,53,3,[1 6],80,103,106,23,89
1,<environment.Job instance at 0x1530bd404050>,54,2,[2 7],81,106,108,25,89
1,<environment.Job instance at 0x1530bcd46500>,55,3,[7 1],83,89,92,6,89
1,<environment.Job instance at 0x1530bd78e820>,56,3,[9 2],84,113,116,29,89
1,<environment.Job instance at 0x1530bde86d70>,57,2,[7 1],89,92,94,3,91
1,<environment.Job instance at 0x1530bd2382d0>,58,14,[10  1],90,120,134,30,120
1,<environment.Job instance at 0x1530bd127280>,64,1,[7 1],103,498,499,395,498
1,<environment.Job instance at 0x1530bd127460>,65,2,[2 8],105,498,500,393,498
1,<environment.Job instance at 0x1530bd127410>,70,13,[8 2],113,578,591,465,578
1,<environment.Job instance at 0x1530bda1a500>,5,14,[2 7],7,2076,2090,2069,2076
1,<environment.Job instance at 0x1530c6cce500>,0,1,[6 1],3,5,6,2,5
1,<environment.Job instance at 0x1530bcc8c780>,2,3,[2 9],6,11,14,5,11
1,<environment.Job instance at 0x1530c0e93550>,6,1,[6 1],12,14,15,2,14
1,<environment.Job instance at 0x1530c04221e0>,8,15,[1 7],15,28,43,13,28
1,<environment.Job instance at 0x1530bd315690>,18,3,[5 1],29,29,32,0,29
1,<environment.Job instance at 0x1530c6c7aa50>,19,3,[9 1],30,32,35,2,30
1,<environment.Job instance at 0x1530bcfb52d0>,20,12,[1 8],31,43,55,12,31
1,<environment.Job instance at 0x1530c0eb05f0>,21,2,[1 6],32,55,57,23,35
1,<environment.Job instance at 0x1530bdf163c0>,25,3,[2 5],39,57,60,18,52
1,<environment.Job instance at 0x1530bdf16a50>,23,15,[6 2],36,68,83,32,68
1,<environment.Job instance at 0x1530c790af50>,28,1,[2 6],43,68,69,25,68
1,<environment.Job instance at 0x1530bdf168c0>,30,3,[2 5],47,69,72,22,68
1,<environment.Job instance at 0x1530c0167550>,31,2,[9 2],48,83,85,35,70
1,<environment.Job instance at 0x1530c0271f50>,45,2,[1 5],70,72,74,2,70
1,<environment.Job instance at 0x1530c01a0370>,46,3,[2 9],71,85,88,14,71
1,<environment.Job instance at 0x1530c6c115f0>,47,2,[1 6],72,74,76,2,72
1,<environment.Job instance at 0x1530c04acd70>,48,14,[1 8],73,88,102,15,73
1,<environment.Job instance at 0x1530c04acf50>,49,17,[ 2 10],74,309,326,235,309
1,<environment.Job instance at 0x1530bd215f00>,67,1,[2 9],97,326,327,229,309
1,<environment.Job instance at 0x1530bd215190>,75,13,[1 5],111,327,340,216,311
1,<environment.Job instance at 0x1530bcc22e10>,76,3,[1 8],112,340,343,228,314
1,<environment.Job instance at 0x1530bcc22b40>,77,2,[7 1],114,326,328,212,314
1,<environment.Job instance at 0x1530bcc22eb0>,78,2,[2 8],116,343,345,227,317
1,<environment.Job instance at 0x1530bcc22a00>,79,1,[1 6],118,345,346,227,335
1,<environment.Job instance at 0x1530c7938410>,10,13,[10  2],17,51,64,34,51
1,<environment.Job instance at 0x1530c7938fa0>,13,2,[5 1],21,64,66,43,51
1,<environment.Job instance at 0x1530c7938cd0>,14,2,[ 1 10],22,66,68,44,51
1,<environment.Job instance at 0x1530c7938230>,15,15,[10  1],23,75,90,52,75
1,<environment.Job instance at 0x1530bd36cc30>,30,3,[7 1],44,90,93,46,75
1,<environment.Job instance at 0x1530bde5b3c0>,31,3,[7 2],45,93,96,48,75
1,<environment.Job instance at 0x1530bde5b910>,32,24,[2 9],47,96,120,49,91
1,<environment.Job instance at 0x1530bdee1140>,33,1,[6 2],50,120,121,70,92
1,<environment.Job instance at 0x1530bdee1d70>,35,3,[9 2],54,121,124,67,95
1,<environment.Job instance at 0x1530c12cd960>,36,16,[1 5],55,120,136,65,107
1,<environment.Job instance at 0x1530bcbc8dc0>,56,3,[2 6],83,201,204,118,201
1,<environment.Job instance at 0x1530bcbc89b0>,58,2,[1 9],86,204,206,118,201
1,<environment.Job instance at 0x1530bcbc8410>,59,1,[8 2],87,201,202,114,201
1,<environment.Job instance at 0x1530bcbc8550>,60,15,[2 6],88,206,221,118,201
1,<environment.Job instance at 0x1530bde46d70>,62,1,[2 7],90,221,222,131,201
1,<environment.Job instance at 0x1530c052feb0>,65,2,[6 1],94,202,204,108,201
1,<environment.Job instance at 0x1530bca340a0>,70,2,[10  2],100,222,224,122,201
1,<environment.Job instance at 0x1530bca34cd0>,71,1,[1 6],101,224,225,123,201
1,<environment.Job instance at 0x1530c0ecf190>,82,3,[7 1],113,219,222,106,219
1,<environment.Job instance at 0x1530bca058c0>,83,2,[2 9],115,225,227,110,219
1,<environment.Job instance at 0x1530c02a60a0>,84,3,[5 2],117,227,230,110,219
1,<environment.Job instance at 0x1530bca4ff50>,1,17,[7 1],3,3,20,0,3
1,<environment.Job instance at 0x1530bca4f870>,0,14,[5 1],1,20,34,19,8
1,<environment.Job instance at 0x1530c03e6fa0>,5,3,[1 8],9,9,12,0,9
1,<environment.Job instance at 0x1530c03e6e60>,7,3,[8 2],14,34,37,20,15
1,<environment.Job instance at 0x1530c03e6e10>,9,2,[6 2],16,37,39,21,16
1,<environment.Job instance at 0x1530c03e6c30>,10,1,[7 2],18,39,40,21,19
1,<environment.Job instance at 0x1530c03dfb40>,11,2,[ 2 10],23,40,42,17,23
1,<environment.Job instance at 0x1530bcf5e5a0>,30,16,[1 7],52,52,68,0,52
1,<environment.Job instance at 0x14567ecc8b40>,0,17,[ 1 10],3,8,25,5,8
1,<environment.Job instance at 0x145629ae6f00>,6,16,[2 7],9,25,41,16,12
1,<environment.Job instance at 0x1456292f75f0>,10,3,[7 2],14,25,28,11,14
1,<environment.Job instance at 0x1456292f7050>,9,2,[ 2 10],12,41,43,29,17
1,<environment.Job instance at 0x1456297dab90>,18,1,[5 2],25,28,29,3,27
1,<environment.Job instance at 0x1456297b9230>,19,3,[8 1],26,29,32,3,27
1,<environment.Job instance at 0x1456297b4b40>,22,3,[2 6],29,43,46,14,32
1,<environment.Job instance at 0x1456297b6690>,23,3,[7 2],30,32,35,2,32
1,<environment.Job instance at 0x145629809230>,24,20,[ 1 10],32,46,66,14,37
1,<environment.Job instance at 0x1456290a6460>,25,1,[6 1],34,37,38,3,37
1,<environment.Job instance at 0x1456290a6410>,26,3,[9 1],36,66,69,30,40
1,<environment.Job instance at 0x1456290a6550>,27,3,[2 8],37,69,72,32,43
1,<environment.Job instance at 0x1456290a6050>,28,2,[1 9],38,66,68,28,43
1,<environment.Job instance at 0x1456290a66e0>,29,13,[1 6],39,73,86,34,73
1,<environment.Job instance at 0x1456297d90a0>,52,1,[8 1],70,74,75,4,74
1,<environment.Job instance at 0x1456290af050>,61,2,[5 2],87,87,89,0,87
1,<environment.Job instance at 0x1456290af320>,62,2,[1 5],89,89,91,0,89
1,<environment.Job instance at 0x1456290af460>,64,18,[1 7],91,93,111,2,93
1,<environment.Job instance at 0x1456290af870>,66,2,[9 2],94,94,96,0,94
1,<environment.Job instance at 0x1456290afa00>,67,15,[1 9],95,111,126,16,98
1,<environment.Job instance at 0x1456290afe60>,71,2,[1 6],103,126,128,23,103
1,<environment.Job instance at 0x1456290aff50>,72,2,[2 6],106,128,130,22,106
1,<environment.Job instance at 0x1456290b5500>,75,17,[9 2],110,130,147,20,128
1,<environment.Job instance at 0x1456290b5f00>,85,2,[1 5],125,130,132,5,128
1,<environment.Job instance at 0x1456290b5e10>,86,3,[2 5],127,147,150,20,128
1,<environment.Job instance at 0x1456290b70f0>,87,3,[8 1],128,147,150,19,128
1,<environment.Job instance at 0x1456290b7190>,88,3,[1 6],129,132,135,3,129
1,<environment.Job instance at 0x14562931eb90>,56,18,[1 7],79,233,251,154,233
1,<environment.Job instance at 0x14562931e370>,5,1,[ 2 10],8,9,10,1,9
1,<environment.Job instance at 0x1456290c8fa0>,1,1,[5 2],3,11,12,8,11
1,<environment.Job instance at 0x1456325bb3c0>,11,2,[6 1],22,22,24,0,22
1,<environment.Job instance at 0x145632605230>,23,3,[9 1],37,37,40,0,37
1,<environment.Job instance at 0x145632608c80>,24,3,[2 7],38,40,43,2,38
1,<environment.Job instance at 0x1456326080a0>,25,2,[ 2 10],40,43,45,3,40
1,<environment.Job instance at 0x1456326263c0>,30,18,[2 5],50,50,68,0,50
1,<environment.Job instance at 0x1456325df2d0>,32,1,[1 6],52,68,69,16,52
1,<environment.Job instance at 0x1456325dfd70>,34,17,[1 5],54,69,86,15,57
1,<environment.Job instance at 0x1456325e4050>,38,2,[5 1],59,59,61,0,59
1,<environment.Job instance at 0x1456325e44b0>,39,12,[1 9],60,86,98,26,69
1,<environment.Job instance at 0x1456325e4960>,41,1,[ 1 10],62,98,99,36,70
1,<environment.Job instance at 0x1456331432d0>,45,3,[ 1 10],67,99,102,32,80
1,<environment.Job instance at 0x1456331435f0>,46,2,[8 2],68,80,82,12,80
1,<environment.Job instance at 0x1456325bdbe0>,47,2,[ 2 10],70,102,104,32,80
1,<environment.Job instance at 0x145633141a00>,48,2,[2 5],71,82,84,11,80
1,<environment.Job instance at 0x1456331413c0>,49,1,[1 5],72,84,85,12,80
1,<environment.Job instance at 0x1456326c5d70>,55,3,[9 2],89,108,111,19,108
1,<environment.Job instance at 0x1456326c5f50>,56,1,[10  1],90,111,112,21,108
1,<environment.Job instance at 0x1456326c5fa0>,57,2,[5 2],91,112,114,21,108
1,<environment.Job instance at 0x1456326c5140>,58,3,[6 1],93,114,117,21,108
1,<environment.Job instance at 0x1456326c5500>,59,1,[8 2],94,117,118,23,108
1,<environment.Job instance at 0x1456326c5050>,60,25,[1 8],95,112,137,17,108
1,<environment.Job instance at 0x1456326c5b90>,63,13,[ 2 10],101,137,150,36,121
1,<environment.Job instance at 0x1456326c5550>,64,3,[1 6],102,150,153,48,124
1,<environment.Job instance at 0x1456326c5410>,65,2,[1 6],103,153,155,50,126
1,<environment.Job instance at 0x145632526230>,68,1,[5 1],107,130,131,23,130
1,<environment.Job instance at 0x145632526be0>,71,2,[9 2],110,131,133,21,130
1,<environment.Job instance at 0x145632533c30>,72,2,[6 1],112,133,135,21,130
1,<environment.Job instance at 0x145632533690>,73,1,[10  1],113,155,156,42,130
1,<environment.Job instance at 0x145632533050>,74,2,[6 1],114,135,137,21,130
1,<environment.Job instance at 0x145632533230>,75,13,[2 9],115,156,169,41,140
1,<environment.Job instance at 0x14562894a280>,10,2,[1 9],15,16,18,1,16
1,<environment.Job instance at 0x14562894ad70>,12,2,[5 2],18,18,20,0,18
1,<environment.Job instance at 0x145628a38640>,13,2,[1 5],19,22,24,3,22
1,<environment.Job instance at 0x145628a38e10>,16,3,[5 2],23,26,29,3,26
1,<environment.Job instance at 0x14562894ac80>,11,17,[1 7],16,26,43,10,26
1,<environment.Job instance at 0x145628a38b40>,19,1,[6 2],27,30,31,3,30
1,<environment.Job instance at 0x145628a2ebe0>,23,2,[1 8],31,43,45,12,32
1,<environment.Job instance at 0x14562892e910>,25,3,[9 2],33,33,36,0,33
1,<environment.Job instance at 0x1456289b5e10>,32,13,[5 2],42,43,56,1,43
1,<environment.Job instance at 0x14562896ab90>,34,14,[10  1],46,56,70,10,49
1,<environment.Job instance at 0x14562896a7d0>,37,2,[2 8],50,50,52,0,50
1,<environment.Job instance at 0x14562896a0f0>,38,12,[1 9],51,70,82,19,54
1,<environment.Job instance at 0x14562896ac80>,40,2,[6 2],53,82,84,29,73
1,<environment.Job instance at 0x1456289502d0>,54,2,[2 6],74,82,84,8,74
1,<environment.Job instance at 0x145628950870>,55,1,[1 7],75,84,85,9,84
1,<environment.Job instance at 0x1456289c57d0>,74,3,[2 5],99,99,102,0,99
1,<environment.Job instance at 0x1456289c5280>,75,17,[1 7],102,102,119,0,102
1,<environment.Job instance at 0x1456289c5690>,76,1,[1 5],106,119,120,13,106
1,<environment.Job instance at 0x1456289c5af0>,77,2,[5 1],109,109,111,0,109
1,<environment.Job instance at 0x1456289c5e10>,78,1,[1 7],110,120,121,10,110
1,<environment.Job instance at 0x145628a47730>,79,12,[6 1],111,111,123,0,111
1,<environment.Job instance at 0x145628a47870>,80,12,[1 8],112,121,133,9,112
1,<environment.Job instance at 0x145628a47460>,81,3,[1 6],114,133,136,19,114
1,<environment.Job instance at 0x14562af6d910>,0,3,[5 2],1,4,7,3,4
1,<environment.Job instance at 0x14565c0eb7d0>,5,18,[7 2],11,11,29,0,11
1,<environment.Job instance at 0x14562be63e10>,20,2,[9 2],32,32,34,0,32
1,<environment.Job instance at 0x14562ccd1690>,21,12,[1 8],33,33,45,0,33
1,<environment.Job instance at 0x14562c8c0190>,22,15,[2 6],35,45,60,10,40
1,<environment.Job instance at 0x145628981280>,31,1,[2 7],46,60,61,14,49
1,<environment.Job instance at 0x14562cc49690>,32,3,[10  2],47,61,64,14,49
1,<environment.Job instance at 0x1456324981e0>,33,14,[ 1 10],49,64,78,15,57
1,<environment.Job instance at 0x1456298ad190>,46,16,[8 1],67,78,94,11,67
1,<environment.Job instance at 0x14565c137230>,47,1,[9 2],68,94,95,26,68
1,<environment.Job instance at 0x14562c8376e0>,48,2,[ 1 10],69,95,97,26,69
1,<environment.Job instance at 0x14563260d870>,49,3,[2 7],70,78,81,8,70
1,<environment.Job instance at 0x14562bac1af0>,53,3,[6 2],75,97,100,22,78
1,<environment.Job instance at 0x14562bd78410>,61,1,[2 5],87,97,98,10,94
1,<environment.Job instance at 0x14562bcd6780>,62,14,[10  2],88,100,114,12,98
1,<environment.Job instance at 0x145632637730>,63,1,[1 5],89,98,99,9,98
1,<environment.Job instance at 0x145632637dc0>,64,1,[8 1],92,114,115,22,98
1,<environment.Job instance at 0x14562df503c0>,65,2,[7 1],93,115,117,22,98
1,<environment.Job instance at 0x14562df500a0>,66,2,[2 7],94,114,116,20,98
1,<environment.Job instance at 0x14562df50b40>,67,1,[5 2],95,117,118,22,99
1,<environment.Job instance at 0x14562df50410>,68,1,[1 5],98,99,100,1,99
1,<environment.Job instance at 0x14562df76dc0>,69,2,[6 1],99,118,120,19,99
1,<environment.Job instance at 0x1456324b2af0>,70,18,[10  2],100,123,141,23,123
1,<environment.Job instance at 0x14562cbac640>,78,1,[2 9],112,141,142,29,123
1,<environment.Job instance at 0x14562cbacdc0>,79,2,[ 2 10],115,142,144,27,123
1,<environment.Job instance at 0x14562895f370>,80,2,[7 1],116,144,146,28,123
1,<environment.Job instance at 0x14562895f050>,81,3,[1 5],117,144,147,27,123
1,<environment.Job instance at 0x1456289aa190>,82,2,[5 2],118,146,148,28,123
1,<environment.Job instance at 0x14562895feb0>,83,1,[10  2],119,148,149,29,123
1,<environment.Job instance at 0x14563313a2d0>,84,1,[10  1],120,149,150,29,123
1,<environment.Job instance at 0x145629ade280>,90,1,[1 5],129,147,148,18,135
1,<environment.Job instance at 0x145629842730>,73,13,[1 8],103,264,277,161,264
1,<environment.Job instance at 0x14565c1335f0>,1,15,[5 2],3,3,18,0,3
1,<environment.Job instance at 0x14562ba10c30>,6,17,[1 6],13,21,38,8,21
1,<environment.Job instance at 0x14562ba0d190>,17,3,[6 2],27,28,31,1,28
1,<environment.Job instance at 0x14562ba310a0>,13,2,[1 6],22,38,40,16,31
1,<environment.Job instance at 0x14562ba0d780>,21,3,[7 1],33,33,36,0,33
1,<environment.Job instance at 0x14562ba0d9b0>,22,3,[2 7],35,40,43,5,35
1,<environment.Job instance at 0x14562ba0d870>,23,1,[8 1],36,36,37,0,36
1,<environment.Job instance at 0x14562bdf47d0>,25,12,[1 5],42,43,55,1,42
1,<environment.Job instance at 0x14562ba0d730>,24,13,[10  1],40,55,68,15,54
1,<environment.Job instance at 0x14562beb22d0>,34,17,[9 1],57,68,85,11,63
1,<environment.Job instance at 0x14562bdb05f0>,39,1,[1 9],66,68,69,2,66
1,<environment.Job instance at 0x14562bdb02d0>,35,3,[7 2],58,85,88,27,67
1,<environment.Job instance at 0x14562c92e640>,55,3,[1 7],91,99,102,8,99
1,<environment.Job instance at 0x14562c92e140>,56,15,[ 1 10],92,102,117,10,99
1,<environment.Job instance at 0x14562c92eb40>,57,3,[9 1],93,99,102,6,99
1,<environment.Job instance at 0x14562c715af0>,58,3,[7 2],95,117,120,22,99
1,<environment.Job instance at 0x14562c715460>,59,14,[8 2],96,120,134,24,116
1,<environment.Job instance at 0x14562ba2b9b0>,65,2,[9 1],103,134,136,31,122
1,<environment.Job instance at 0x14562ba2bd20>,71,2,[5 2],115,136,138,21,123
1,<environment.Job instance at 0x14565c053f50>,78,1,[2 9],124,139,140,15,139
1,<environment.Job instance at 0x1456297dae10>,79,3,[9 1],125,140,143,15,139
1,<environment.Job instance at 0x1456324a7c30>,80,17,[10  2],126,151,168,25,151
1,<environment.Job instance at 0x14562ba2b910>,1,3,[10  1],3,3,6,0,3
1,<environment.Job instance at 0x14565d909730>,5,1,[1 9],9,15,16,6,15
1,<environment.Job instance at 0x1456324be140>,10,1,[2 7],16,18,19,2,18
1,<environment.Job instance at 0x14565cbdb0f0>,13,3,[1 8],20,20,23,0,20
1,<environment.Job instance at 0x1456324bef00>,8,14,[1 6],14,35,49,21,35
1,<environment.Job instance at 0x14562c74fbe0>,22,12,[5 1],37,37,49,0,37
1,<environment.Job instance at 0x14565cbdbf50>,14,17,[8 2],23,52,69,29,52
1,<environment.Job instance at 0x14562cbb4a00>,32,3,[1 8],52,52,55,0,52
1,<environment.Job instance at 0x14562cbb4a50>,33,2,[10  2],53,69,71,16,53
1,<environment.Job instance at 0x14562c74faa0>,23,12,[ 2 10],38,71,83,33,66
1,<environment.Job instance at 0x145632682eb0>,48,1,[7 2],74,85,86,11,85
1,<environment.Job instance at 0x145628c02a50>,36,17,[2 8],57,94,111,37,94
1,<environment.Job instance at 0x1456326827d0>,51,15,[1 7],78,111,126,33,111
1,<environment.Job instance at 0x145632609050>,54,18,[2 7],81,128,146,47,128
1,<environment.Job instance at 0x14563319e2d0>,57,2,[2 6],84,148,150,64,148
1,<environment.Job instance at 0x1456325e4af0>,61,16,[5 1],89,165,181,76,165
1,<environment.Job instance at 0x145628b6f2d0>,86,15,[9 2],119,181,196,62,177
1,<environment.Job instance at 0x14563319e0f0>,55,3,[1 5],82,186,189,104,186
1,<environment.Job instance at 0x145628b6fbe0>,92,1,[ 2 10],125,196,197,71,190
1,<environment.Job instance at 0x14567ec18230>,93,1,[2 9],127,197,198,70,190
1,<environment.Job instance at 0x145628b6f0a0>,85,12,[2 9],117,225,237,108,225
1,<environment.Job instance at 0x14565c032b90>,70,13,[1 6],101,238,251,137,238
1,<environment.Job instance at 0x1456289f7e10>,8,1,[6 1],18,18,19,0,18
1,<environment.Job instance at 0x14562ba22f00>,18,14,[9 2],34,34,48,0,34
1,<environment.Job instance at 0x14562ba22910>,17,1,[6 2],31,48,49,17,39
1,<environment.Job instance at 0x1456324c4f50>,28,12,[5 1],47,49,61,2,47
1,<environment.Job instance at 0x14562c820cd0>,30,13,[1 7],49,49,62,0,49
1,<environment.Job instance at 0x1456297569b0>,31,12,[9 2],50,61,73,11,51
1,<environment.Job instance at 0x1456289e0c30>,26,16,[7 1],45,73,89,28,62
1,<environment.Job instance at 0x145628e1c870>,43,12,[1 5],66,73,85,7,73
1,<environment.Job instance at 0x145628e1cc80>,44,3,[8 2],67,89,92,22,73
1,<environment.Job instance at 0x1456312380a0>,45,15,[7 2],68,113,128,45,113
1,<environment.Job instance at 0x1456288f2f00>,63,1,[2 6],97,113,114,16,113
1,<environment.Job instance at 0x1456288f2aa0>,64,3,[1 7],98,114,117,16,113
1,<environment.Job instance at 0x1456288f2af0>,65,1,[8 2],100,128,129,28,113
1,<environment.Job instance at 0x1456288f2e60>,66,2,[2 8],102,117,119,15,113
1,<environment.Job instance at 0x1456288f26e0>,67,1,[5 2],105,129,130,24,113
1,<environment.Job instance at 0x1456328e5460>,68,18,[1 9],110,130,148,20,127
1,<environment.Job instance at 0x1456328e5d70>,70,1,[1 8],112,127,128,15,127
1,<environment.Job instance at 0x1456328e5370>,71,1,[9 1],114,130,131,16,127
1,<environment.Job instance at 0x1456328e5aa0>,72,3,[2 7],115,148,151,33,127
1,<environment.Job instance at 0x1456328e50f0>,73,2,[ 2 10],116,151,153,35,128
1,<environment.Job instance at 0x1456328e53c0>,77,2,[9 2],121,153,155,32,148
1,<environment.Job instance at 0x1456328e5a50>,79,3,[7 2],125,166,169,41,166
1,<environment.Job instance at 0x1456328e52d0>,80,2,[ 2 10],127,199,201,72,199
1,<environment.Job instance at 0x145628b42e10>,15,13,[1 7],17,1038,1051,1021,1038
1,<environment.Job instance at 0x145628d4bbe0>,20,3,[7 1],23,1038,1041,1015,1038
1,<environment.Job instance at 0x14562bbec140>,21,1,[1 8],25,1051,1052,1026,1038
1,<environment.Job instance at 0x14562bbec320>,22,1,[8 2],26,1041,1042,1015,1038
1,<environment.Job instance at 0x14562bbec370>,23,3,[1 8],30,1052,1055,1022,1038
1,<environment.Job instance at 0x14562893d820>,24,1,[2 6],33,1055,1056,1022,1038
1,<environment.Job instance at 0x14562893d8c0>,25,1,[2 7],35,1056,1057,1021,1038
1,<environment.Job instance at 0x14562893d050>,26,1,[7 1],36,1042,1043,1006,1038
1,<environment.Job instance at 0x1456324957d0>,27,3,[6 2],38,1043,1046,1005,1038
1,<environment.Job instance at 0x145632495f50>,28,2,[2 6],40,1057,1059,1017,1038
1,<environment.Job instance at 0x14562ba92460>,29,14,[1 8],41,1059,1073,1018,1044
1,<environment.Job instance at 0x145631234dc0>,31,2,[10  2],43,1073,1075,1030,1046
1,<environment.Job instance at 0x1456312341e0>,33,2,[ 1 10],46,1075,1077,1029,1048
1,<environment.Job instance at 0x145629303370>,34,3,[2 6],47,1077,1080,1030,1051
1,<environment.Job instance at 0x14562ba99d70>,50,2,[1 9],69,1331,1333,1262,1331
1,<environment.Job instance at 0x145628c3e370>,55,3,[10  2],76,1333,1336,1257,1331
1,<environment.Job instance at 0x14562bd189b0>,57,2,[8 1],78,1331,1333,1253,1331
1,<environment.Job instance at 0x14562bd18e10>,58,1,[2 6],79,1336,1337,1257,1331
1,<environment.Job instance at 0x14562baa18c0>,59,1,[9 2],80,1337,1338,1257,1331
1,<environment.Job instance at 0x14562baa1a00>,60,2,[ 1 10],81,1338,1340,1257,1331
1,<environment.Job instance at 0x1456326ca370>,61,3,[10  2],82,1340,1343,1258,1331
1,<environment.Job instance at 0x1456326ca870>,62,14,[7 2],85,1358,1372,1273,1358
1,<environment.Job instance at 0x145629852640>,73,3,[5 2],98,1372,1375,1274,1358
1,<environment.Job instance at 0x145629852eb0>,74,1,[8 2],100,1375,1376,1275,1358
1,<environment.Job instance at 0x145629852910>,75,3,[10  2],101,1376,1379,1275,1358
1,<environment.Job instance at 0x145628d4aeb0>,76,1,[5 2],102,1372,1373,1270,1358
1,<environment.Job instance at 0x14565c130a00>,83,2,[1 6],109,1394,1396,1285,1394
1,<environment.Job instance at 0x14565c130280>,84,3,[10  1],110,1396,1399,1286,1394
1,<environment.Job instance at 0x14565c1300a0>,85,3,[6 2],112,1399,1402,1287,1394
1,<environment.Job instance at 0x14565c1305a0>,86,1,[2 9],113,1402,1403,1289,1394
1,<environment.Job instance at 0x14565c130910>,87,2,[8 2],116,1394,1396,1278,1394
1,<environment.Job instance at 0x14562c812b90>,89,2,[6 2],120,1403,1405,1283,1394
1,<environment.Job instance at 0x14562c8120a0>,90,2,[5 1],122,1405,1407,1283,1394
1,<environment.Job instance at 0x1456289f9f50>,1,12,[9 1],2,2,14,0,2
1,<environment.Job instance at 0x1456289f9500>,0,2,[2 5],1,14,16,13,5
1,<environment.Job instance at 0x14562bb5bb90>,19,1,[1 9],26,26,27,0,26
1,<environment.Job instance at 0x14562902a230>,20,3,[7 2],27,27,30,0,27
1,<environment.Job instance at 0x14562bd33320>,21,1,[1 7],28,28,29,0,28
1,<environment.Job instance at 0x14562df76370>,22,1,[8 2],29,30,31,1,29
1,<environment.Job instance at 0x145628f86b90>,23,3,[ 1 10],30,31,34,1,30
1,<environment.Job instance at 0x1456289f1500>,28,1,[9 2],38,52,53,14,52
1,<environment.Job instance at 0x1456326664b0>,6,12,[2 8],8,74,86,66,74
1,<environment.Job instance at 0x14563265ffa0>,34,17,[9 1],48,86,103,38,75
1,<environment.Job instance at 0x1456331d1870>,37,16,[ 2 10],51,122,138,71,122
1,<environment.Job instance at 0x1456290328c0>,29,15,[5 2],40,160,175,120,160
1,<environment.Job instance at 0x14562905de10>,50,13,[5 1],71,160,173,89,160
1,<environment.Job instance at 0x14565cbeeaa0>,51,12,[8 1],72,175,187,103,160
1,<environment.Job instance at 0x14565cbeed70>,52,3,[6 2],73,187,190,114,161
1,<environment.Job instance at 0x14565cbeeb40>,55,1,[8 1],76,190,191,114,165
1,<environment.Job instance at 0x14565cbee320>,56,1,[1 5],77,173,174,96,166
1,<environment.Job instance at 0x14565cbee190>,60,1,[9 1],84,191,192,107,166
1,<environment.Job instance at 0x14565cbee2d0>,64,12,[2 8],89,174,186,85,166
1,<environment.Job instance at 0x14565cbee8c0>,65,3,[1 9],90,190,193,100,166
1,<environment.Job instance at 0x14565d8fc5a0>,66,3,[1 6],94,186,189,92,166
1,<environment.Job instance at 0x14565d8fc690>,67,3,[2 5],95,193,196,98,167
1,<environment.Job instance at 0x14565d8fc960>,69,18,[1 9],97,196,214,99,190
1,<environment.Job instance at 0x14567ec09eb0>,84,1,[1 8],116,215,216,99,215
1,<environment.Job instance at 0x14562c7bcd70>,85,14,[1 8],117,216,230,99,215
1,<environment.Job instance at 0x14562c7bceb0>,87,3,[8 2],119,215,218,96,215
1,<environment.Job instance at 0x14562c7bca00>,89,16,[1 5],122,230,246,108,217
1,<environment.Job instance at 0x14562c7bce10>,90,2,[9 2],123,218,220,95,217
1,<environment.Job instance at 0x14562c7bc0a0>,91,3,[1 5],124,230,233,106,217
1,<environment.Job instance at 0x14562c7bc690>,92,2,[1 9],125,246,248,121,219
1,<environment.Job instance at 0x14567ecfd410>,70,16,[2 9],98,432,448,334,432
1,<environment.Job instance at 0x14567ecfd190>,1,1,[9 1],2,4,5,2,4
1,<environment.Job instance at 0x145628bf0f50>,3,1,[10  1],5,5,6,0,5
1,<environment.Job instance at 0x145628bf0280>,4,1,[5 2],7,10,11,3,10
1,<environment.Job instance at 0x14562897c8c0>,6,3,[2 7],12,12,15,0,12
1,<environment.Job instance at 0x14562897cfa0>,7,2,[8 1],13,14,16,1,14
1,<environment.Job instance at 0x14562df763c0>,9,2,[1 9],16,16,18,0,16
1,<environment.Job instance at 0x14565c026c80>,10,3,[1 6],17,18,21,1,17
1,<environment.Job instance at 0x14562897cb90>,11,3,[1 9],18,21,24,3,18
1,<environment.Job instance at 0x1456328da1e0>,12,2,[2 7],22,24,26,2,22
1,<environment.Job instance at 0x14562897c640>,13,2,[9 1],25,26,28,1,25
1,<environment.Job instance at 0x1456325a9d20>,14,1,[1 8],27,27,28,0,27
1,<environment.Job instance at 0x1456325a97d0>,15,2,[9 1],28,28,30,0,28
1,<environment.Job instance at 0x1456289b74b0>,16,2,[1 8],30,34,36,4,34
1,<environment.Job instance at 0x1456289c3f50>,20,12,[1 7],35,36,48,1,35
1,<environment.Job instance at 0x14562bb5b370>,22,1,[6 2],37,37,38,0,37
1,<environment.Job instance at 0x14562cca5d20>,23,1,[1 6],38,48,49,10,38
1,<environment.Job instance at 0x14562bbf1d20>,24,2,[2 6],39,49,51,10,39
1,<environment.Job instance at 0x14562bbf1f00>,26,2,[ 1 10],42,61,63,19,61
1,<environment.Job instance at 0x14562bbf1550>,25,17,[10  2],40,63,80,23,61
1,<environment.Job instance at 0x14562bbf1c80>,30,2,[1 6],49,80,82,31,61
1,<environment.Job instance at 0x14562bbf1230>,31,3,[1 9],51,82,85,31,61
1,<environment.Job instance at 0x14562bbf1af0>,32,1,[10  1],52,85,86,33,61
1,<environment.Job instance at 0x14562bbf12d0>,33,3,[5 1],53,80,83,27,61
1,<environment.Job instance at 0x14562bbf1cd0>,34,2,[8 1],54,83,85,29,61
1,<environment.Job instance at 0x14562bbf1730>,35,3,[ 2 10],55,86,89,31,61
1,<environment.Job instance at 0x145632526960>,40,3,[1 9],62,89,92,27,85
1,<environment.Job instance at 0x14562c797730>,42,3,[9 2],64,95,98,31,95
1,<environment.Job instance at 0x145632526e10>,43,3,[8 2],66,98,101,32,95
1,<environment.Job instance at 0x14565d921960>,44,17,[2 7],68,98,115,30,95
1,<environment.Job instance at 0x14565d921410>,46,18,[5 2],70,101,119,31,96
1,<environment.Job instance at 0x14562cc92be0>,58,2,[2 6],84,115,117,31,107
1,<environment.Job instance at 0x145629842cd0>,60,3,[2 6],87,127,130,40,127
1,<environment.Job instance at 0x145628eee140>,63,1,[1 6],90,131,132,41,131
1,<environment.Job instance at 0x1456298421e0>,64,16,[1 7],91,132,148,41,131
1,<environment.Job instance at 0x14562cc58fa0>,65,3,[2 5],92,148,151,56,131
1,<environment.Job instance at 0x14562bc7f370>,66,3,[1 7],94,151,154,57,131
1,<environment.Job instance at 0x14562c752d70>,67,2,[9 2],95,131,133,36,131
1,<environment.Job instance at 0x14562cc38140>,68,2,[7 1],96,133,135,37,131
1,<environment.Job instance at 0x14562c7689b0>,69,1,[1 8],97,154,155,57,131
1,<environment.Job instance at 0x14562c768a50>,70,1,[8 1],98,135,136,37,131
1,<environment.Job instance at 0x14562ba7b550>,76,2,[2 6],107,155,157,48,141
1,<environment.Job instance at 0x14562ba7b780>,77,15,[10  2],108,157,172,49,154
1,<environment.Job instance at 0x14562bb8d8c0>,82,1,[1 9],113,172,173,59,154
1,<environment.Job instance at 0x1456289b5dc0>,83,1,[1 8],114,173,174,59,154
1,<environment.Job instance at 0x14562bb8d050>,84,16,[9 1],116,172,188,56,159
1,<environment.Job instance at 0x1456289aac80>,89,2,[8 2],123,188,190,65,166
1,<environment.Job instance at 0x14562b9c0aa0>,90,1,[2 7],125,188,189,63,166
1,<environment.Job instance at 0x14565c117be0>,91,1,[1 8],126,174,175,48,166
1,<environment.Job instance at 0x14565c117500>,92,1,[7 1],127,190,191,63,166
1,<environment.Job instance at 0x14562bbaa230>,93,3,[5 2],128,191,194,63,166
1,<environment.Job instance at 0x14562bbaafa0>,94,1,[10  1],129,194,195,65,166
1,<environment.Job instance at 0x14562bbf15f0>,28,18,[6 2],47,1292,1310,1245,1292
1,<environment.Job instance at 0x1456286b7640>,0,1,[2 5],1,3,4,2,3
1,<environment.Job instance at 0x145628aaac30>,6,1,[9 2],11,12,13,1,12
1,<environment.Job instance at 0x1456288e9320>,5,1,[5 2],10,13,14,3,13
1,<environment.Job instance at 0x14567c036320>,9,3,[ 2 10],15,16,19,1,16
1,<environment.Job instance at 0x14562897db90>,11,2,[8 2],18,19,21,1,19
1,<environment.Job instance at 0x1456298adb40>,14,3,[1 8],21,21,24,0,21
1,<environment.Job instance at 0x14567c036f00>,15,17,[7 1],22,31,48,9,31
1,<environment.Job instance at 0x14562df4d1e0>,25,1,[9 1],34,48,49,14,34
1,<environment.Job instance at 0x145628bd56e0>,26,18,[2 8],38,49,67,11,40
1,<environment.Job instance at 0x14562b9fac80>,28,2,[2 5],41,44,46,3,44
1,<environment.Job instance at 0x14562cb90190>,31,1,[10  2],45,67,68,22,45
1,<environment.Job instance at 0x1456289419b0>,32,18,[5 2],46,68,86,22,67
1,<environment.Job instance at 0x1456326134b0>,41,18,[1 6],60,68,86,8,67
1,<environment.Job instance at 0x145632613820>,42,2,[10  1],62,86,88,24,68
1,<environment.Job instance at 0x1456326135f0>,44,1,[2 9],64,88,89,24,68
1,<environment.Job instance at 0x1456326135a0>,45,1,[7 2],66,89,90,23,68
1,<environment.Job instance at 0x14562bd785a0>,50,18,[9 2],78,104,122,26,104
1,<environment.Job instance at 0x145628ef34b0>,62,3,[8 2],97,122,125,25,104
1,<environment.Job instance at 0x145628ef3870>,63,2,[2 7],98,122,124,24,104
1,<environment.Job instance at 0x145628ef3be0>,64,2,[2 8],100,124,126,24,104
1,<environment.Job instance at 0x145628ef30f0>,65,1,[6 2],102,125,126,23,104
1,<environment.Job instance at 0x145628ef3280>,66,3,[1 6],103,104,107,1,104
1,<environment.Job instance at 0x145628ef3050>,67,1,[2 6],104,126,127,22,104
1,<environment.Job instance at 0x14562bb4beb0>,68,2,[ 2 10],105,127,129,22,105
1,<environment.Job instance at 0x14562bb4b3c0>,69,16,[9 2],106,129,145,23,125
1,<environment.Job instance at 0x14562bb4bb40>,79,1,[2 9],119,145,146,26,133
1,<environment.Job instance at 0x14562bb4b780>,80,3,[ 1 10],120,146,149,26,133
1,<environment.Job instance at 0x14562baf04b0>,81,1,[1 9],121,149,150,28,133
1,<environment.Job instance at 0x14562baf0a50>,82,3,[7 2],122,150,153,28,133
1,<environment.Job instance at 0x145628dcf960>,0,3,[2 6],1,12,15,11,12
1,<environment.Job instance at 0x14562bb514b0>,9,3,[9 2],17,18,21,1,18
1,<environment.Job instance at 0x145628d4a9b0>,11,14,[5 1],19,21,35,2,21
1,<environment.Job instance at 0x1456283c48c0>,14,1,[5 2],22,22,23,0,22
1,<environment.Job instance at 0x14562bb516e0>,15,1,[5 1],23,23,24,0,23
1,<environment.Job instance at 0x14562a3175a0>,16,2,[1 5],26,26,28,0,26
1,<environment.Job instance at 0x145628e37c30>,17,12,[ 1 10],27,35,47,8,27
1,<environment.Job instance at 0x14562bafac30>,18,12,[1 9],28,47,59,19,30
1,<environment.Job instance at 0x14563252c5a0>,46,2,[5 1],58,192,194,134,192
1,<environment.Job instance at 0x14563252cfa0>,47,14,[10  2],59,194,208,135,192
1,<environment.Job instance at 0x145628e39140>,51,1,[6 1],64,208,209,144,205
1,<environment.Job instance at 0x145628e39050>,52,17,[1 5],65,208,225,143,205
1,<environment.Job instance at 0x145628e395f0>,53,3,[10  2],66,225,228,159,205
1,<environment.Job instance at 0x145628e39960>,54,3,[9 1],67,209,212,142,205
1,<environment.Job instance at 0x145628e39b40>,55,1,[2 9],68,228,229,160,205
1,<environment.Job instance at 0x14562c80dbe0>,56,18,[7 1],69,228,246,159,217
1,<environment.Job instance at 0x145628835280>,72,1,[9 2],96,217,218,121,217
1,<environment.Job instance at 0x145628835e60>,73,2,[1 8],98,229,231,131,217
1,<environment.Job instance at 0x14562861ae10>,74,1,[1 7],99,231,232,132,217
1,<environment.Job instance at 0x145628835a50>,75,17,[9 1],105,246,263,141,234
1,<environment.Job instance at 0x1456285a0190>,83,2,[6 2],114,263,265,149,236
1,<environment.Job instance at 0x145628a558c0>,84,3,[2 6],115,236,239,121,236
1,<environment.Job instance at 0x145628a55140>,85,1,[1 8],116,239,240,123,236
1,<environment.Job instance at 0x145628a55aa0>,86,13,[2 7],117,263,276,146,247
1,<environment.Job instance at 0x145628a55e60>,87,1,[1 5],118,247,248,129,247
1,<environment.Job instance at 0x145628c331e0>,91,25,[5 2],124,265,290,141,261
1,<environment.Job instance at 0x14563258c870>,12,18,[1 9],20,339,357,319,339
1,<environment.Job instance at 0x145629730820>,0,1,[2 8],1,8,9,7,8
1,<environment.Job instance at 0x1456297d53c0>,6,2,[1 9],9,9,11,0,9
1,<environment.Job instance at 0x1456297d55f0>,7,1,[1 6],10,12,13,2,12
1,<environment.Job instance at 0x1456297d56e0>,8,3,[6 1],13,14,17,1,14
1,<environment.Job instance at 0x14562cc6cf00>,10,2,[2 7],15,16,18,1,16
1,<environment.Job instance at 0x1456297d58c0>,5,15,[1 7],8,18,33,10,17
1,<environment.Job instance at 0x14562cc6c280>,12,14,[1 9],19,33,47,14,25
1,<environment.Job instance at 0x14562cc6cb40>,14,16,[7 2],22,59,75,37,59
1,<environment.Job instance at 0x14562bce02d0>,23,1,[1 5],38,68,69,30,68
1,<environment.Job instance at 0x14562bce0f50>,29,17,[2 6],48,75,92,27,75
1,<environment.Job instance at 0x14562cc6cb90>,20,13,[9 2],35,121,134,86,121
1,<environment.Job instance at 0x14562bce0be0>,32,1,[1 7],53,121,122,68,121
1,<environment.Job instance at 0x14562bce0af0>,33,14,[1 7],55,123,137,68,123
1,<environment.Job instance at 0x14562bce0640>,35,3,[5 1],57,134,137,77,129
1,<environment.Job instance at 0x14562bce0410>,37,1,[8 1],60,137,138,77,129
1,<environment.Job instance at 0x14562bce0e60>,38,12,[6 1],61,138,150,77,135
1,<environment.Job instance at 0x14562bce0960>,40,2,[2 8],64,137,139,73,135
1,<environment.Job instance at 0x14562bce0320>,41,3,[1 9],65,139,142,74,135
1,<environment.Job instance at 0x14562bce0eb0>,42,17,[1 7],67,142,159,75,135
1,<environment.Job instance at 0x145628666410>,43,16,[8 2],70,251,267,181,251
1,<environment.Job instance at 0x145628666f50>,45,1,[7 2],73,267,268,194,251
1,<environment.Job instance at 0x1456286661e0>,46,2,[8 1],74,268,270,194,251
1,<environment.Job instance at 0x14562bce0910>,31,18,[2 9],52,290,308,238,290
1,<environment.Job instance at 0x145628666690>,53,1,[10  2],81,308,309,227,305
1,<environment.Job instance at 0x145628666460>,54,2,[5 1],83,305,307,222,305
1,<environment.Job instance at 0x14562be6ac80>,55,2,[2 7],84,309,311,225,305
1,<environment.Job instance at 0x14562be6a7d0>,57,2,[1 9],89,311,313,222,305
1,<environment.Job instance at 0x145628666230>,52,14,[6 1],80,345,359,265,345
1,<environment.Job instance at 0x145628666eb0>,51,14,[8 2],79,359,373,280,352
1,<environment.Job instance at 0x14562be6aa50>,62,3,[8 1],97,373,376,276,352
1,<environment.Job instance at 0x14562be6a500>,63,2,[6 1],98,376,378,278,368
1,<environment.Job instance at 0x14562be6ad70>,68,15,[9 2],106,396,411,290,396
1,<environment.Job instance at 0x14562be6a780>,65,12,[9 2],101,417,429,316,417
1,<environment.Job instance at 0x14562be6a140>,71,3,[2 8],110,429,432,319,428
1,<environment.Job instance at 0x14562be6afa0>,74,18,[7 2],116,449,467,333,449
1,<environment.Job instance at 0x14562bcccf00>,79,2,[1 6],124,482,484,358,482
1,<environment.Job instance at 0x14562bccc2d0>,80,12,[2 5],126,985,997,859,985
1,<environment.Job instance at 0x14562862d550>,0,1,[8 1],1,2,3,1,2
1,<environment.Job instance at 0x14562862d7d0>,2,2,[8 1],3,4,6,1,4
1,<environment.Job instance at 0x14565c09a500>,3,2,[1 8],5,5,7,0,5
1,<environment.Job instance at 0x14565c09a960>,4,3,[2 8],6,7,10,1,6
1,<environment.Job instance at 0x14562bccc2d0>,5,1,[8 2],7,8,9,1,8
1,<environment.Job instance at 0x14565c09a2d0>,6,1,[2 7],10,10,11,0,10
1,<environment.Job instance at 0x14562afa07d0>,7,3,[5 2],11,11,14,0,11
1,<environment.Job instance at 0x14562afa0cd0>,8,2,[8 2],12,14,16,2,12
1,<environment.Job instance at 0x14562afa0820>,9,3,[2 5],15,15,18,0,15
1,<environment.Job instance at 0x14562862dc30>,1,17,[ 2 10],2,18,35,16,17
1,<environment.Job instance at 0x14565d91d140>,16,15,[7 2],25,35,50,10,31
1,<environment.Job instance at 0x14565c01f500>,19,3,[7 2],32,50,53,18,40
1,<environment.Job instance at 0x14562df44c30>,10,14,[6 1],16,53,67,37,47
1,<environment.Job instance at 0x14562bbef410>,29,2,[7 2],47,67,69,20,47
1,<environment.Job instance at 0x145628acf8c0>,30,1,[9 2],49,69,70,20,49
1,<environment.Job instance at 0x14562ba18aa0>,31,2,[ 1 10],50,70,72,20,50
1,<environment.Job instance at 0x14562c797fa0>,32,14,[2 8],51,53,67,2,53
1,<environment.Job instance at 0x14562ba1ce10>,35,1,[9 1],54,72,73,18,55
1,<environment.Job instance at 0x1456297f0a00>,37,17,[1 6],57,72,89,15,72
1,<environment.Job instance at 0x1456325f68c0>,49,2,[1 9],73,89,91,16,73
1,<environment.Job instance at 0x14562c8cd870>,50,18,[8 1],74,82,100,8,82
1,<environment.Job instance at 0x14562c8cd780>,54,2,[7 1],78,100,102,22,82
1,<environment.Job instance at 0x14562c8cdf00>,61,1,[8 1],91,107,108,16,107
1,<environment.Job instance at 0x14562c8cda00>,62,1,[5 2],93,108,109,15,107
1,<environment.Job instance at 0x14562c8cd910>,63,1,[9 2],95,109,110,14,107
1,<environment.Job instance at 0x145632633b90>,68,3,[ 1 10],101,126,129,25,126
1,<environment.Job instance at 0x145632633640>,70,16,[5 2],103,129,145,26,127
1,<environment.Job instance at 0x14565d4ba910>,77,2,[2 9],113,145,147,32,127
1,<environment.Job instance at 0x14565d4ba320>,78,1,[5 2],115,129,130,14,127
1,<environment.Job instance at 0x14565d4ba050>,79,2,[2 6],116,130,132,14,127
1,<environment.Job instance at 0x14565d4ba460>,80,2,[10  2],117,147,149,30,127
1,<environment.Job instance at 0x14565c028500>,87,1,[5 1],128,153,154,25,153
1,<environment.Job instance at 0x14565c028d70>,88,1,[9 1],129,154,155,25,153
1,<environment.Job instance at 0x14565d4ba7d0>,76,16,[9 1],111,384,400,273,384
1,<environment.Job instance at 0x145628ba2820>,0,2,[1 6],1,5,7,4,5
1,<environment.Job instance at 0x14562bbb8c30>,3,3,[8 2],6,8,11,2,8
1,<environment.Job instance at 0x14565d4ba230>,5,15,[1 6],9,11,26,2,11
1,<environment.Job instance at 0x1456289a87d0>,7,3,[2 7],12,26,29,14,13
1,<environment.Job instance at 0x1456289a81e0>,8,3,[8 2],14,19,22,5,19
1,<environment.Job instance at 0x14562837baa0>,11,2,[ 1 10],20,29,31,9,21
1,<environment.Job instance at 0x14562837b690>,13,1,[2 6],24,31,32,7,25
1,<environment.Job instance at 0x14565c0eb1e0>,15,3,[ 2 10],26,32,35,6,26
1,<environment.Job instance at 0x14562cc92cd0>,16,3,[2 6],27,35,38,8,27
1,<environment.Job instance at 0x14562858ff50>,18,3,[6 2],30,35,38,5,30
1,<environment.Job instance at 0x1456325f0d70>,19,2,[6 2],32,38,40,6,32
1,<environment.Job instance at 0x1456285829b0>,20,2,[9 2],34,40,42,6,34
1,<environment.Job instance at 0x145628467a00>,21,3,[6 2],36,42,45,6,36
1,<environment.Job instance at 0x14562cc92a00>,22,1,[1 9],37,45,46,8,37
1,<environment.Job instance at 0x1456285971e0>,38,3,[2 6],58,58,61,0,58
1,<environment.Job instance at 0x145628468b40>,39,16,[2 6],60,61,77,1,61
1,<environment.Job instance at 0x145628585b90>,42,1,[ 1 10],63,77,78,14,63
1,<environment.Job instance at 0x145628d4ae60>,72,3,[5 1],109,109,112,0,109
1,<environment.Job instance at 0x145628d4af50>,73,1,[ 1 10],110,112,113,2,110
1,<environment.Job instance at 0x145628c8ad20>,74,3,[1 7],111,113,116,2,111
1,<environment.Job instance at 0x145628549190>,80,3,[1 7],122,122,125,0,122
1,<environment.Job instance at 0x14562b9cc3c0>,4,14,[8 1],7,7,21,0,7
1,<environment.Job instance at 0x1456325922d0>,7,16,[10  1],11,21,37,10,11
1,<environment.Job instance at 0x145632592780>,8,15,[2 5],12,37,52,25,30
1,<environment.Job instance at 0x1456283202d0>,17,14,[2 5],22,54,68,32,54
1,<environment.Job instance at 0x14562bd2c4b0>,19,3,[2 7],26,68,71,42,59
1,<environment.Job instance at 0x14562bb34fa0>,40,1,[1 5],63,90,91,27,90
1,<environment.Job instance at 0x14562b9bd640>,50,16,[1 5],82,127,143,45,127
1,<environment.Job instance at 0x1456289e2f50>,51,13,[8 2],83,127,140,44,127
1,<environment.Job instance at 0x14567ecc7a00>,61,2,[1 8],106,143,145,37,127
1,<environment.Job instance at 0x145632675a00>,63,2,[ 1 10],108,145,147,37,128
1,<environment.Job instance at 0x145632675320>,64,1,[6 1],109,140,141,31,128
1,<environment.Job instance at 0x145632675be0>,65,2,[7 1],110,141,143,31,128
1,<environment.Job instance at 0x145632675690>,66,1,[10  1],111,147,148,36,128
1,<environment.Job instance at 0x145632675e10>,67,3,[1 8],112,148,151,36,128
1,<environment.Job instance at 0x1456326759b0>,68,3,[1 5],117,151,154,34,128
1,<environment.Job instance at 0x145632675aa0>,69,18,[ 2 10],118,154,172,36,143
1,<environment.Job instance at 0x145632675460>,73,2,[1 6],122,172,174,50,145
1,<environment.Job instance at 0x1456326755f0>,74,3,[5 2],125,148,151,23,145
1,<environment.Job instance at 0x145628965aa0>,24,15,[2 9],34,201,216,167,201
1,<environment.Job instance at 0x1456298794b0>,3,14,[6 2],4,4,18,0,4
1,<environment.Job instance at 0x14562bbfd7d0>,5,2,[9 2],8,18,20,10,12
1,<environment.Job instance at 0x14562bbfd320>,6,13,[2 8],9,20,33,11,12
1,<environment.Job instance at 0x14562847daa0>,18,12,[1 6],29,33,45,4,31
1,<environment.Job instance at 0x145628838640>,19,2,[1 5],30,45,47,15,34
1,<environment.Job instance at 0x1456283c6460>,25,2,[7 1],37,38,40,1,38
1,<environment.Job instance at 0x1456326b1500>,27,1,[7 1],39,40,41,1,39
1,<environment.Job instance at 0x145628d119b0>,34,3,[1 8],48,48,51,0,48
1,<environment.Job instance at 0x145628be3370>,37,2,[1 6],51,51,53,0,51
1,<environment.Job instance at 0x14562bd613c0>,1,3,[9 2],4,7,10,3,7
1,<environment.Job instance at 0x145628eef140>,5,3,[2 9],8,10,13,2,8
1,<environment.Job instance at 0x14565c0a3730>,11,2,[2 7],17,17,19,0,17
1,<environment.Job instance at 0x14565c0a3dc0>,12,3,[2 5],19,19,22,0,19
1,<environment.Job instance at 0x1456289273c0>,13,2,[5 2],21,21,23,0,21
1,<environment.Job instance at 0x145628927be0>,14,3,[9 1],24,24,27,0,24
1,<environment.Job instance at 0x145628927320>,15,1,[7 1],25,27,28,2,25
1,<environment.Job instance at 0x1456289276e0>,16,2,[2 7],26,27,29,1,26
1,<environment.Job instance at 0x14562bb87d20>,17,18,[1 5],27,29,47,2,27
1,<environment.Job instance at 0x14565d4a9910>,9,14,[7 2],13,38,52,25,38
1,<environment.Job instance at 0x14565d239d20>,25,1,[8 2],37,52,53,15,38
1,<environment.Job instance at 0x145628923f50>,40,15,[8 1],54,55,70,1,55
1,<environment.Job instance at 0x14562af96050>,52,3,[2 5],69,75,78,6,75
1,<environment.Job instance at 0x14562af96960>,54,14,[5 1],71,75,89,4,75
1,<environment.Job instance at 0x145628d512d0>,56,1,[ 2 10],75,89,90,14,75
1,<environment.Job instance at 0x145628d51870>,58,2,[9 1],78,90,92,12,79
1,<environment.Job instance at 0x145628d51a50>,59,3,[1 8],79,79,82,0,79
1,<environment.Job instance at 0x14562bb09e60>,60,16,[8 1],82,92,108,10,92
1,<environment.Job instance at 0x14562bb09d20>,65,2,[ 2 10],93,108,110,15,93
1,<environment.Job instance at 0x14562c794e10>,72,3,[8 1],101,110,113,9,102
1,<environment.Job instance at 0x14562c794280>,73,2,[2 6],106,106,108,0,106
1,<environment.Job instance at 0x145628bbdaf0>,74,3,[10  1],107,113,116,6,107
1,<environment.Job instance at 0x145628bbdfa0>,75,3,[1 8],109,110,113,1,109
1,<environment.Job instance at 0x14565c06d550>,85,14,[5 1],123,140,154,17,140
1,<environment.Job instance at 0x14565c06d7d0>,90,18,[6 2],128,154,172,26,144
1,<environment.Job instance at 0x145628ba2aa0>,47,15,[2 9],62,249,264,187,249
1,<environment.Job instance at 0x145628426640>,0,3,[9 2],1,2,5,1,2
1,<environment.Job instance at 0x145628426eb0>,2,1,[1 6],3,3,4,0,3
1,<environment.Job instance at 0x145628426500>,1,12,[5 1],2,5,17,3,5
1,<environment.Job instance at 0x14565d239aa0>,7,3,[6 1],11,17,20,6,11
1,<environment.Job instance at 0x1456285aa9b0>,8,17,[7 1],13,20,37,7,13
1,<environment.Job instance at 0x145628426410>,3,19,[ 1 10],5,37,56,32,27
1,<environment.Job instance at 0x14562cbe5c30>,18,3,[7 1],29,56,59,27,30
1,<environment.Job instance at 0x14563254bbe0>,20,1,[2 6],31,31,32,0,31
1,<environment.Job instance at 0x14563254b910>,21,3,[8 1],33,59,62,26,33
1,<environment.Job instance at 0x14562af71910>,31,2,[2 5],45,63,65,18,63
1,<environment.Job instance at 0x145628dfb910>,42,17,[10  1],60,89,106,29,89
1,<environment.Job instance at 0x145628dfb460>,43,3,[6 1],61,106,109,45,89
1,<environment.Job instance at 0x145628dfb780>,44,3,[1 8],62,106,109,44,89
1,<environment.Job instance at 0x145628dfba50>,45,1,[1 9],64,109,110,45,89
1,<environment.Job instance at 0x14562cbac410>,47,2,[1 6],69,110,112,41,101
1,<environment.Job instance at 0x14562cbac690>,48,1,[2 8],71,112,113,41,101
1,<environment.Job instance at 0x14562cbac870>,51,3,[ 2 10],74,117,120,43,117
1,<environment.Job instance at 0x14562cc28190>,52,3,[1 9],76,120,123,44,117
1,<environment.Job instance at 0x14562baa2910>,53,2,[10  2],77,123,125,46,117
1,<environment.Job instance at 0x14562baa27d0>,54,1,[ 2 10],81,125,126,44,117
1,<environment.Job instance at 0x14562baa2690>,55,12,[2 9],82,126,138,44,117
1,<environment.Job instance at 0x14562837b550>,56,2,[ 2 10],88,138,140,50,117
1,<environment.Job instance at 0x14562837bc30>,57,1,[2 6],89,140,141,51,117
1,<environment.Job instance at 0x14562afa0c80>,58,1,[2 8],90,141,142,51,117
1,<environment.Job instance at 0x14562bc76e60>,59,2,[6 2],91,140,142,49,119
1,<environment.Job instance at 0x14562902f3c0>,60,1,[9 2],92,142,143,50,120
1,<environment.Job instance at 0x14562be3cf00>,61,1,[6 2],93,143,144,50,127
1,<environment.Job instance at 0x14562be3c190>,63,1,[7 1],97,135,136,38,135
1,<environment.Job instance at 0x14562be3c0f0>,66,3,[2 5],101,150,153,49,150
1,<environment.Job instance at 0x14562bc3feb0>,67,1,[ 1 10],102,153,154,51,150
1,<environment.Job instance at 0x14562bc3f5f0>,68,2,[9 1],103,154,156,51,150
1,<environment.Job instance at 0x14565d68caf0>,70,3,[8 1],105,150,153,45,150
1,<environment.Job instance at 0x14562ba37fa0>,71,18,[ 1 10],106,156,174,50,154
1,<environment.Job instance at 0x14562ba37820>,73,3,[7 2],108,174,177,66,162
1,<environment.Job instance at 0x145628eb0a00>,0,1,[ 1 10],2,6,7,4,6
1,<environment.Job instance at 0x14562af71e10>,3,12,[1 7],6,8,20,2,8
1,<environment.Job instance at 0x145628ed2410>,6,2,[8 2],9,10,12,1,10
1,<environment.Job instance at 0x145628ea6fa0>,11,18,[7 1],15,15,33,0,15
1,<environment.Job instance at 0x145628ea65f0>,12,1,[2 6],19,20,21,1,20
1,<environment.Job instance at 0x145628ed26e0>,8,16,[1 8],12,23,39,11,23
1,<environment.Job instance at 0x14565c0e3410>,16,1,[1 8],25,39,40,14,35
1,<environment.Job instance at 0x145628ea6550>,14,12,[1 6],21,40,52,19,37
1,<environment.Job instance at 0x14565c0e30a0>,24,17,[1 7],36,52,69,16,42
1,<environment.Job instance at 0x145628787640>,38,1,[8 2],53,60,61,7,60
1,<environment.Job instance at 0x145628787690>,39,2,[10  2],55,69,71,14,60
1,<environment.Job instance at 0x1456287876e0>,40,18,[1 9],56,71,89,15,60
1,<environment.Job instance at 0x145628787e60>,41,2,[7 2],57,61,63,4,60
1,<environment.Job instance at 0x145628787fa0>,42,3,[2 5],58,89,92,31,63
1,<environment.Job instance at 0x145628787d70>,43,1,[ 1 10],60,92,93,32,64
1,<environment.Job instance at 0x145628787af0>,44,2,[1 7],61,93,95,32,66
1,<environment.Job instance at 0x145628787050>,45,1,[7 2],62,66,67,4,66
1,<environment.Job instance at 0x145628787b40>,46,1,[5 1],63,67,68,4,66
1,<environment.Job instance at 0x145628787960>,47,2,[9 2],64,93,95,29,66
1,<environment.Job instance at 0x14562c838fa0>,48,3,[10  1],65,95,98,30,69
1,<environment.Job instance at 0x14565c0f3d20>,37,16,[8 2],51,108,124,57,108
1,<environment.Job instance at 0x14562c838d70>,49,17,[9 1],66,124,141,58,122
1,<environment.Job instance at 0x14562c889c30>,63,20,[1 5],84,129,149,45,129
1,<environment.Job instance at 0x145632585be0>,67,1,[9 1],88,141,142,53,129
1,<environment.Job instance at 0x145632585550>,68,2,[ 2 10],89,149,151,60,129
1,<environment.Job instance at 0x145632585460>,69,2,[7 1],91,142,144,51,129
1,<environment.Job instance at 0x1456325858c0>,70,1,[2 8],94,151,152,57,129
1,<environment.Job instance at 0x145632585690>,71,2,[ 1 10],96,152,154,56,129
1,<environment.Job instance at 0x1456325855a0>,74,3,[8 2],99,144,147,45,129
1,<environment.Job instance at 0x145632585500>,75,2,[ 2 10],101,154,156,53,129
1,<environment.Job instance at 0x145632585a00>,76,3,[2 9],102,156,159,54,130
1,<environment.Job instance at 0x1456325859b0>,77,3,[7 1],103,156,159,53,130
1,<environment.Job instance at 0x145632585410>,78,16,[1 8],105,253,269,148,253
1,<environment.Job instance at 0x14562863dc80>,90,16,[ 2 10],123,269,285,146,258
1,<environment.Job instance at 0x14565c105a50>,93,3,[8 2],127,258,261,131,258
1,<environment.Job instance at 0x145628876230>,94,2,[9 1],128,261,263,133,258
1,<environment.Job instance at 0x148f4cd55a50>,2,18,[ 1 10],5,5,23,0,5
1,<environment.Job instance at 0x148f4cd55af0>,3,2,[1 7],6,23,25,17,6
1,<environment.Job instance at 0x148ef7880d20>,4,2,[6 1],7,23,25,16,7
1,<environment.Job instance at 0x148ef73a7320>,5,3,[9 1],8,25,28,17,8
1,<environment.Job instance at 0x148ef7812e10>,6,16,[2 7],9,28,44,19,15
1,<environment.Job instance at 0x148ef786e2d0>,12,3,[6 2],16,28,31,12,16
1,<environment.Job instance at 0x148ef786ed20>,13,13,[1 5],17,44,57,27,29
1,<environment.Job instance at 0x148ef784a5f0>,18,1,[5 2],25,31,32,6,29
1,<environment.Job instance at 0x148ef7855640>,19,3,[8 1],26,32,35,6,29
1,<environment.Job instance at 0x148ef78550f0>,21,22,[8 2],28,35,57,7,33
1,<environment.Job instance at 0x148ef71447d0>,25,1,[6 1],34,57,58,23,34
1,<environment.Job instance at 0x148ef7144be0>,26,3,[9 1],36,58,61,22,36
1,<environment.Job instance at 0x148ef71448c0>,27,3,[2 8],37,61,64,24,37
1,<environment.Job instance at 0x148ef7144960>,28,2,[1 9],38,57,59,19,38
1,<environment.Job instance at 0x148ef7144b40>,29,13,[1 6],39,64,77,25,48
1,<environment.Job instance at 0x148ef71443c0>,30,3,[1 8],41,77,80,36,51
1,<environment.Job instance at 0x148ef71445a0>,31,3,[8 1],42,61,64,19,51
1,<environment.Job instance at 0x148ef7146050>,32,16,[9 1],43,73,89,30,73
1,<environment.Job instance at 0x148ef7852e10>,41,1,[ 1 10],54,89,90,35,73
1,<environment.Job instance at 0x148ef7142cd0>,42,3,[1 6],55,80,83,25,73
1,<environment.Job instance at 0x148ef71425f0>,43,2,[2 8],56,90,92,34,73
1,<environment.Job instance at 0x148ef71428c0>,44,1,[2 9],57,92,93,35,73
1,<environment.Job instance at 0x148ef7142140>,45,2,[2 5],58,93,95,35,73
1,<environment.Job instance at 0x148ef7142190>,46,1,[1 7],59,83,84,24,73
1,<environment.Job instance at 0x148ef7142280>,47,14,[5 1],60,90,104,30,79
1,<environment.Job instance at 0x148ef7872af0>,49,1,[ 1 10],67,104,105,37,79
1,<environment.Job instance at 0x148ef787d500>,50,1,[1 8],68,84,85,16,79
1,<environment.Job instance at 0x148ef787d460>,51,16,[10  1],69,105,121,36,99
1,<environment.Job instance at 0x148ef73b5780>,57,3,[1 9],80,99,102,19,99
1,<environment.Job instance at 0x148ef7866d20>,58,3,[6 1],83,121,124,38,99
1,<environment.Job instance at 0x148ef78666e0>,60,17,[ 1 10],86,125,142,39,125
1,<environment.Job instance at 0x148ef78664b0>,61,2,[5 2],87,142,144,55,125
1,<environment.Job instance at 0x148ef7866e60>,62,2,[1 5],89,142,144,53,125
1,<environment.Job instance at 0x148ef7866aa0>,63,2,[7 2],90,144,146,54,125
1,<environment.Job instance at 0x148ef78662d0>,64,18,[1 7],91,144,162,53,134
1,<environment.Job instance at 0x148ef714ea50>,75,17,[9 2],110,160,177,50,160
1,<environment.Job instance at 0x148ef71532d0>,83,2,[9 1],123,177,179,54,160
1,<environment.Job instance at 0x148ef7153370>,84,18,[2 5],124,179,197,55,168
1,<environment.Job instance at 0x148ef7153410>,85,2,[1 5],125,168,170,43,168
1,<environment.Job instance at 0x148ef7153be0>,86,3,[2 5],127,179,182,52,168
1,<environment.Job instance at 0x148ef7153e10>,87,3,[8 1],128,182,185,54,168
1,<environment.Job instance at 0x148ef7153eb0>,88,3,[1 6],129,170,173,41,168
1,<environment.Job instance at 0x148ef7153cd0>,89,15,[6 2],132,192,207,60,192
1,<environment.Job instance at 0x148ef71574b0>,95,3,[7 1],139,207,210,68,192
1,<environment.Job instance at 0x148efacb0fa0>,0,1,[2 5],3,7,8,4,7
1,<environment.Job instance at 0x148ef71570f0>,3,3,[2 9],8,9,12,1,9
1,<environment.Job instance at 0x148f006928c0>,5,15,[9 2],13,13,28,0,13
1,<environment.Job instance at 0x148ef7168190>,4,2,[6 1],12,28,30,16,14
1,<environment.Job instance at 0x148f00692dc0>,7,2,[2 5],16,28,30,12,18
1,<environment.Job instance at 0x148f00692f50>,9,1,[9 2],19,30,31,11,20
1,<environment.Job instance at 0x148f00692cd0>,11,2,[7 2],21,31,33,10,22
1,<environment.Job instance at 0x148f011fbe60>,13,2,[2 8],23,31,33,8,23
1,<environment.Job instance at 0x148f011fb500>,14,3,[1 5],24,24,27,0,24
1,<environment.Job instance at 0x148f011fb550>,15,15,[1 5],25,33,48,8,32
1,<environment.Job instance at 0x148f011de550>,20,3,[10  2],35,48,51,13,35
1,<environment.Job instance at 0x148f00666d20>,28,1,[1 8],45,51,52,6,45
1,<environment.Job instance at 0x148f00762be0>,29,1,[1 9],46,52,53,6,46
1,<environment.Job instance at 0x148f011d70f0>,30,3,[ 1 10],47,53,56,6,47
1,<environment.Job instance at 0x148f00626a50>,31,2,[5 1],49,51,53,2,49
1,<environment.Job instance at 0x148f006264b0>,32,12,[1 9],50,56,68,6,50
1,<environment.Job instance at 0x148f00626eb0>,33,3,[6 2],51,68,71,17,51
1,<environment.Job instance at 0x148f006260f0>,34,1,[ 1 10],52,71,72,19,52
1,<environment.Job instance at 0x148f006be460>,36,3,[1 8],54,68,71,14,54
1,<environment.Job instance at 0x148f006be050>,37,18,[ 2 10],56,72,90,16,65
1,<environment.Job instance at 0x148f0066b4b0>,44,12,[2 6],64,90,102,26,90
1,<environment.Job instance at 0x148f0066bdc0>,48,3,[9 2],79,102,105,23,90
1,<environment.Job instance at 0x148f00642820>,49,1,[10  1],80,105,106,25,90
1,<environment.Job instance at 0x148f01225280>,50,2,[5 2],81,90,92,9,90
1,<environment.Job instance at 0x148f01225640>,51,3,[6 1],83,92,95,9,90
1,<environment.Job instance at 0x148f006b5370>,52,1,[8 2],84,95,96,11,90
1,<environment.Job instance at 0x148f006b5d20>,54,26,[2 9],86,106,132,20,103
1,<environment.Job instance at 0x148f006b5a00>,55,15,[7 2],89,132,147,43,118
1,<environment.Job instance at 0x148f0067b370>,64,2,[9 2],100,147,149,47,120
1,<environment.Job instance at 0x148f0067b640>,65,2,[6 1],102,120,122,18,120
1,<environment.Job instance at 0x148f0067beb0>,66,1,[10  1],103,149,150,46,121
1,<environment.Job instance at 0x148f0067b410>,67,2,[6 1],104,122,124,18,121
1,<environment.Job instance at 0x148f0067bf50>,68,13,[2 9],105,150,163,45,134
1,<environment.Job instance at 0x148f0066f870>,69,3,[9 1],109,163,166,54,137
1,<environment.Job instance at 0x148f00680b40>,74,16,[7 1],118,166,182,48,153
1,<environment.Job instance at 0x148f00627960>,0,3,[8 2],2,2,5,0,2
1,<environment.Job instance at 0x148f006a5690>,1,3,[5 2],3,5,8,2,4
1,<environment.Job instance at 0x148f00627140>,2,2,[2 5],5,5,7,0,5
1,<environment.Job instance at 0x148ef6ac4690>,4,1,[6 2],7,8,9,1,7
1,<environment.Job instance at 0x148f00627f00>,5,3,[2 5],8,8,11,0,8
1,<environment.Job instance at 0x148ef6b5bdc0>,7,2,[7 1],10,10,12,0,10
1,<environment.Job instance at 0x148f02c60be0>,8,2,[1 8],11,11,13,0,11
1,<environment.Job instance at 0x148ef6a78aa0>,14,2,[5 1],17,17,19,0,17
1,<environment.Job instance at 0x148ef78dfdc0>,15,1,[6 1],19,19,20,0,19
1,<environment.Job instance at 0x148f012cac80>,16,1,[8 1],21,21,22,0,21
1,<environment.Job instance at 0x148ef6a0cd20>,17,13,[5 2],22,23,36,1,23
1,<environment.Job instance at 0x148ef69c3910>,19,14,[10  1],26,36,50,10,29
1,<environment.Job instance at 0x148ef6ab96e0>,22,2,[2 8],30,30,32,0,30
1,<environment.Job instance at 0x148ef6ab97d0>,23,12,[1 9],31,50,62,19,33
1,<environment.Job instance at 0x148ef6ab9550>,25,2,[6 2],33,62,64,29,35
1,<environment.Job instance at 0x148efac8bdc0>,26,3,[8 2],34,64,67,30,38
1,<environment.Job instance at 0x148ef6ab9be0>,27,1,[6 2],36,67,68,31,39
1,<environment.Job instance at 0x148ef6b2f050>,30,2,[ 1 10],41,68,70,27,50
1,<environment.Job instance at 0x148ef6b47d70>,38,2,[6 2],51,70,72,19,51
1,<environment.Job instance at 0x148ef6b47730>,39,2,[2 6],54,62,64,8,54
1,<environment.Job instance at 0x148ef6b47140>,40,1,[1 7],55,64,65,9,55
1,<environment.Job instance at 0x148ef9c40050>,41,2,[10  2],56,72,74,16,56
1,<environment.Job instance at 0x148ef6b476e0>,42,2,[6 2],57,74,76,17,57
1,<environment.Job instance at 0x148ef69dab90>,43,2,[10  1],58,76,78,18,64
1,<environment.Job instance at 0x148ef69e7eb0>,55,2,[2 8],72,81,83,9,81
1,<environment.Job instance at 0x148ef69e79b0>,56,2,[1 5],73,83,85,10,81
1,<environment.Job instance at 0x148ef69e7f50>,57,3,[10  2],74,85,88,11,81
1,<environment.Job instance at 0x148ef69e72d0>,58,3,[2 5],76,88,91,12,81
1,<environment.Job instance at 0x148ef69ccfa0>,59,3,[2 5],79,88,91,9,81
1,<environment.Job instance at 0x148efac4bb40>,60,17,[1 7],82,91,108,9,82
1,<environment.Job instance at 0x148ef69cd820>,65,12,[1 8],92,165,177,73,165
1,<environment.Job instance at 0x148ef69cd550>,73,3,[1 7],103,177,180,74,175
1,<environment.Job instance at 0x148ef6a1c820>,79,3,[5 2],111,212,215,101,212
1,<environment.Job instance at 0x148ef6a1c6e0>,81,1,[8 1],113,215,216,102,212
1,<environment.Job instance at 0x148ef6a16a00>,93,3,[10  2],134,274,277,140,274
1,<environment.Job instance at 0x148ef6b58aa0>,12,17,[10  1],15,366,383,351,366
1,<environment.Job instance at 0x148ef6b58c80>,2,12,[1 8],3,3,15,0,3
1,<environment.Job instance at 0x148ef73b6b90>,0,16,[1 5],1,15,31,14,8
1,<environment.Job instance at 0x148f005a2550>,13,3,[10  2],17,31,34,14,26
1,<environment.Job instance at 0x148ef6a782d0>,20,2,[2 6],28,34,36,6,28
1,<environment.Job instance at 0x148efbff84b0>,29,2,[ 1 10],39,40,42,1,40
1,<environment.Job instance at 0x148f01274780>,73,15,[5 2],103,393,408,290,393
1,<environment.Job instance at 0x148f01249460>,79,1,[2 9],114,408,409,294,393
1,<environment.Job instance at 0x148f006a5460>,80,2,[8 1],116,408,410,292,393
1,<environment.Job instance at 0x148f006a5aa0>,81,2,[9 2],118,410,412,292,393
1,<environment.Job instance at 0x148ef9dcd500>,82,2,[6 1],119,412,414,293,393
1,<environment.Job instance at 0x148ef9dcd550>,83,3,[ 1 10],120,414,417,294,393
1,<environment.Job instance at 0x148ef9dcde10>,84,1,[7 1],121,417,418,296,393
1,<environment.Job instance at 0x148f015cf690>,85,2,[1 6],122,393,395,271,393
1,<environment.Job instance at 0x148f015cffa0>,86,2,[1 6],123,395,397,272,393
1,<environment.Job instance at 0x148f015cf8c0>,87,3,[6 2],124,418,421,294,393
1,<environment.Job instance at 0x148f015cf460>,88,1,[10  1],126,421,422,295,393
1,<environment.Job instance at 0x148f015cfaf0>,89,3,[6 2],127,422,425,295,396
1,<environment.Job instance at 0x148f015cf960>,90,1,[2 8],128,397,398,269,396
1,<environment.Job instance at 0x148ef7852500>,91,1,[6 1],130,425,426,295,398
1,<environment.Job instance at 0x148eff2d4cd0>,92,1,[10  2],131,426,427,295,398
1,<environment.Job instance at 0x148f01225460>,93,3,[7 1],133,427,430,294,401
1,<environment.Job instance at 0x148ef713b230>,94,3,[2 7],135,401,404,266,401
1,<environment.Job instance at 0x148ef713b320>,95,1,[8 1],136,430,431,294,406
1,<environment.Job instance at 0x148ef6e16f00>,0,12,[1 5],2,4,16,2,4
1,<environment.Job instance at 0x148efa9dcb40>,4,1,[1 8],7,16,17,9,7
1,<environment.Job instance at 0x148efa9dc820>,5,3,[ 1 10],8,17,20,9,8
1,<environment.Job instance at 0x148efa9dc190>,6,2,[1 5],9,13,15,4,13
1,<environment.Job instance at 0x148efa9dc140>,8,14,[9 2],14,20,34,6,19
1,<environment.Job instance at 0x148efa9dc640>,11,2,[2 6],20,34,36,14,20
1,<environment.Job instance at 0x148f005699b0>,12,2,[2 5],22,36,38,14,22
1,<environment.Job instance at 0x148f00742500>,13,16,[ 2 10],23,38,54,15,34
1,<environment.Job instance at 0x148f4cdb7460>,20,12,[2 7],36,54,66,18,39
1,<environment.Job instance at 0x148f005776e0>,23,3,[ 1 10],40,66,69,26,40
1,<environment.Job instance at 0x148efacd25f0>,40,2,[9 1],63,69,71,6,63
1,<environment.Job instance at 0x148eface40f0>,41,2,[2 7],65,71,73,6,65
1,<environment.Job instance at 0x148eface4be0>,42,2,[10  1],67,73,75,6,67
1,<environment.Job instance at 0x148eface45f0>,43,15,[8 1],69,76,91,7,76
1,<environment.Job instance at 0x148eface4cd0>,48,2,[7 1],77,91,93,14,77
1,<environment.Job instance at 0x148efacc7960>,49,3,[1 8],79,79,82,0,79
1,<environment.Job instance at 0x148efacc77d0>,53,1,[2 9],84,84,85,0,84
1,<environment.Job instance at 0x148efacc7e10>,54,3,[9 1],85,93,96,8,85
1,<environment.Job instance at 0x148efacd9730>,58,1,[1 5],92,97,98,5,97
1,<environment.Job instance at 0x148efacd9050>,59,3,[10  1],93,98,101,5,97
1,<environment.Job instance at 0x148efacd9d20>,60,1,[6 2],94,101,102,7,99
1,<environment.Job instance at 0x148efacd9140>,61,2,[6 1],95,102,104,7,99
1,<environment.Job instance at 0x148efacd93c0>,62,3,[8 1],97,104,107,7,99
1,<environment.Job instance at 0x148ef6a74e60>,63,1,[1 9],99,102,103,3,99
1,<environment.Job instance at 0x148ef6a74b90>,64,1,[2 9],100,103,104,3,101
1,<environment.Job instance at 0x148ef6a745a0>,65,1,[2 9],101,104,105,3,101
1,<environment.Job instance at 0x148f01372230>,71,3,[1 8],110,114,117,4,114
1,<environment.Job instance at 0x148f013720f0>,73,2,[7 1],114,117,119,3,117
1,<environment.Job instance at 0x148efa85baf0>,74,1,[2 7],116,117,118,1,117
1,<environment.Job instance at 0x148efa863b40>,75,2,[1 6],117,118,120,1,117
1,<environment.Job instance at 0x148efa863f50>,76,3,[8 2],118,119,122,1,118
1,<environment.Job instance at 0x148efa840320>,81,12,[ 2 10],128,128,140,0,128
1,<environment.Job instance at 0x148efa9c8910>,86,2,[8 2],134,140,142,6,138
1,<environment.Job instance at 0x148f00607af0>,88,3,[2 9],136,142,145,6,138
1,<environment.Job instance at 0x148eface8500>,31,15,[ 1 10],52,304,319,252,304
1,<environment.Job instance at 0x148f03510af0>,0,3,[1 8],2,6,9,4,6
1,<environment.Job instance at 0x148efd65d1e0>,3,3,[8 1],6,6,9,0,6
1,<environment.Job instance at 0x148efa854550>,5,3,[1 9],8,9,12,1,8
1,<environment.Job instance at 0x148efac9f550>,6,3,[9 1],9,9,12,0,9
1,<environment.Job instance at 0x148efac9f280>,7,3,[6 1],10,12,15,2,10
1,<environment.Job instance at 0x148f48099d20>,13,3,[10  2],20,21,24,1,21
1,<environment.Job instance at 0x148f00553230>,16,1,[7 2],24,27,28,3,27
1,<environment.Job instance at 0x148efa854690>,4,17,[2 8],7,30,47,23,30
1,<environment.Job instance at 0x148f005a2780>,19,15,[1 7],28,47,62,19,37
1,<environment.Job instance at 0x148eff2df320>,42,3,[2 6],55,66,69,11,66
1,<environment.Job instance at 0x148eff2dfb90>,43,3,[10  2],56,69,72,13,66
1,<environment.Job instance at 0x148eff2dfe10>,45,2,[1 9],58,77,79,19,77
1,<environment.Job instance at 0x148eff2dffa0>,46,2,[10  1],59,79,81,20,77
1,<environment.Job instance at 0x148eff2df2d0>,48,1,[8 1],61,77,78,16,77
1,<environment.Job instance at 0x148eff2dfa00>,49,1,[1 5],62,81,82,19,77
1,<environment.Job instance at 0x148eff2df280>,50,3,[9 1],63,81,84,18,77
1,<environment.Job instance at 0x148eff2dfc80>,51,12,[9 2],64,84,96,20,77
1,<environment.Job instance at 0x148f011df370>,54,15,[9 2],69,96,111,27,86
1,<environment.Job instance at 0x148ef9cdd3c0>,67,14,[9 2],89,111,125,22,107
1,<environment.Job instance at 0x148ef9cdd910>,68,1,[2 7],91,125,126,34,107
1,<environment.Job instance at 0x148ef9cdd730>,69,2,[10  2],92,126,128,34,107
1,<environment.Job instance at 0x148f02c3e640>,70,12,[8 1],94,128,140,34,112
1,<environment.Job instance at 0x148ef6ef6230>,74,18,[1 9],101,128,146,27,117
1,<environment.Job instance at 0x148efa91aa50>,76,2,[ 1 10],105,146,148,41,119
1,<environment.Job instance at 0x148efa91a460>,77,3,[5 1],106,140,143,34,119
1,<environment.Job instance at 0x148efa91ab40>,78,2,[5 2],107,148,150,41,121
1,<environment.Job instance at 0x148ef9e150a0>,83,2,[5 2],116,148,150,32,146
1,<environment.Job instance at 0x148ef9bc5870>,84,2,[10  2],117,150,152,33,146
1,<environment.Job instance at 0x148ef900d820>,88,1,[10  2],124,153,154,29,153
1,<environment.Job instance at 0x148ef6eb53c0>,82,18,[9 1],115,154,172,39,153
1,<environment.Job instance at 0x148f01386af0>,95,16,[1 6],131,159,175,28,159
1,<environment.Job instance at 0x148ef6996be0>,87,1,[ 2 10],122,178,179,56,178
1,<environment.Job instance at 0x148efa7be370>,90,12,[10  1],126,179,191,53,179
1,<environment.Job instance at 0x148efa942690>,0,2,[2 7],1,3,5,2,3
1,<environment.Job instance at 0x148ef783ce60>,4,12,[1 5],6,6,18,0,6
1,<environment.Job instance at 0x148ef77e87d0>,5,3,[8 2],7,7,10,0,7
1,<environment.Job instance at 0x148efc009e60>,12,3,[2 8],19,19,22,0,19
1,<environment.Job instance at 0x148efc0098c0>,13,2,[1 9],21,22,24,1,21
1,<environment.Job instance at 0x148f0352d1e0>,15,1,[8 2],23,28,29,5,28
1,<environment.Job instance at 0x148efc00ef50>,20,1,[6 1],33,35,36,2,35
1,<environment.Job instance at 0x148f02c3e190>,22,2,[ 1 10],35,36,38,1,35
1,<environment.Job instance at 0x148efa9429b0>,1,12,[2 7],3,38,50,35,37
1,<environment.Job instance at 0x148f00655960>,27,2,[2 8],42,51,53,9,51
1,<environment.Job instance at 0x148ef6ccc870>,33,3,[2 7],55,58,61,3,58
1,<environment.Job instance at 0x148f015faaf0>,36,13,[1 6],59,61,74,2,59
1,<environment.Job instance at 0x148f015fa9b0>,37,12,[1 5],60,74,86,14,60
1,<environment.Job instance at 0x148f015fadc0>,38,2,[9 2],61,61,63,0,61
1,<environment.Job instance at 0x148f0137ae10>,49,2,[1 7],75,86,88,11,78
1,<environment.Job instance at 0x148f0137a780>,53,3,[10  1],79,90,93,11,90
1,<environment.Job instance at 0x148f0137a5a0>,54,17,[1 9],81,93,110,12,90
1,<environment.Job instance at 0x148f0137afa0>,55,2,[2 5],82,110,112,28,90
1,<environment.Job instance at 0x148f0137a0f0>,57,2,[2 6],84,112,114,28,92
1,<environment.Job instance at 0x148ef6c66410>,62,2,[8 2],89,115,117,26,115
1,<environment.Job instance at 0x148ef6afea50>,64,2,[8 2],92,117,119,25,115
1,<environment.Job instance at 0x148ef6afea00>,65,3,[7 1],93,119,122,26,115
1,<environment.Job instance at 0x148ef6fea230>,66,1,[1 8],95,115,116,20,115
1,<environment.Job instance at 0x148ef6fea190>,67,1,[8 2],96,122,123,26,115
1,<environment.Job instance at 0x148ef6feaaa0>,68,3,[1 8],100,116,119,16,116
1,<environment.Job instance at 0x148ef6fea820>,69,1,[2 6],103,119,120,16,117
1,<environment.Job instance at 0x148ef6fea280>,70,1,[2 7],105,120,121,15,118
1,<environment.Job instance at 0x148ef6feac80>,71,1,[7 1],106,123,124,17,119
1,<environment.Job instance at 0x148ef6feaa00>,73,2,[2 6],110,121,123,11,119
1,<environment.Job instance at 0x148ef6fea3c0>,74,14,[1 8],111,123,137,12,122
1,<environment.Job instance at 0x148ef6feac30>,77,3,[10  1],114,137,140,23,123
1,<environment.Job instance at 0x148ef6b091e0>,78,2,[ 1 10],116,140,142,24,123
1,<environment.Job instance at 0x148ef6b09460>,80,2,[1 9],118,142,144,24,123
1,<environment.Job instance at 0x148ef78deeb0>,86,18,[10  1],126,2668,2686,2542,2668
1,<environment.Job instance at 0x148ef68f5820>,0,1,[2 9],1,4,5,3,4
1,<environment.Job instance at 0x148ef78c2960>,5,14,[2 9],7,7,21,0,7
1,<environment.Job instance at 0x148ef7899370>,6,2,[8 1],8,15,17,7,15
1,<environment.Job instance at 0x148ef78b36e0>,15,15,[5 1],21,21,36,0,21
1,<environment.Job instance at 0x148ef78b3be0>,12,12,[2 5],16,23,35,7,23
1,<environment.Job instance at 0x148ef9ac3910>,18,12,[7 2],24,36,48,12,31
1,<environment.Job instance at 0x148eff2d4190>,25,1,[5 2],32,35,36,3,32
1,<environment.Job instance at 0x148efa97c320>,29,15,[ 1 10],36,48,63,12,36
1,<environment.Job instance at 0x148f012c46e0>,30,2,[2 9],37,63,65,26,37
1,<environment.Job instance at 0x148f012c4780>,35,1,[2 9],43,65,66,22,46
1,<environment.Job instance at 0x148ef9e10a00>,21,13,[5 1],27,63,76,36,51
1,<environment.Job instance at 0x148eff2dba00>,45,2,[6 2],63,76,78,13,63
1,<environment.Job instance at 0x148ef78f4050>,51,3,[2 7],70,71,74,1,71
1,<environment.Job instance at 0x148ef7b79460>,57,1,[10  2],80,80,81,0,80
1,<environment.Job instance at 0x148ef6e1a3c0>,58,3,[2 8],81,81,84,0,81
1,<environment.Job instance at 0x148ef6e1ae10>,59,3,[6 1],82,82,85,0,82
1,<environment.Job instance at 0x148ef6e1a050>,60,14,[2 9],83,84,98,1,84
1,<environment.Job instance at 0x148ef6e1a140>,62,1,[1 9],86,98,99,12,86
1,<environment.Job instance at 0x148ef6e1abe0>,63,3,[7 2],87,99,102,12,87
1,<environment.Job instance at 0x148ef6e1adc0>,64,1,[1 7],88,99,100,11,88
1,<environment.Job instance at 0x148ef6e1a0f0>,65,1,[8 2],89,102,103,13,89
1,<environment.Job instance at 0x148ef6e1a5f0>,66,3,[ 1 10],90,103,106,13,90
1,<environment.Job instance at 0x148ef7b83460>,69,3,[2 5],93,106,109,13,102
1,<environment.Job instance at 0x148ef7b83e10>,73,3,[7 1],102,118,121,16,118
1,<environment.Job instance at 0x148ef7b831e0>,74,1,[9 2],103,121,122,18,120
1,<environment.Job instance at 0x148ef7b83be0>,76,2,[7 2],107,122,124,15,120
1,<environment.Job instance at 0x148ef7b83370>,77,17,[9 1],108,124,141,16,120
1,<environment.Job instance at 0x148ef7b833c0>,81,3,[2 6],112,141,144,29,120
1,<environment.Job instance at 0x148ef7b83730>,83,2,[2 5],117,144,146,27,128
1,<environment.Job instance at 0x148ef7b83640>,84,2,[8 2],118,141,143,23,128
1,<environment.Job instance at 0x148ef7b54280>,90,2,[8 2],128,164,166,36,164
1,<environment.Job instance at 0x148ef7b54be0>,91,3,[9 2],129,166,169,37,165
1,<environment.Job instance at 0x148ef7b54aa0>,92,16,[1 7],130,165,181,35,165
1,<environment.Job instance at 0x148ef7b54af0>,95,3,[6 2],133,169,172,36,169
1,<environment.Job instance at 0x148ef7b54fa0>,97,17,[1 7],135,181,198,46,177
1,<environment.Job instance at 0x148ef7b54c30>,100,1,[ 1 10],139,198,199,59,179
1,<environment.Job instance at 0x148ef7b83050>,72,15,[5 2],100,212,227,112,212
1,<environment.Job instance at 0x148ef9037f00>,0,2,[6 1],2,2,4,0,2
1,<environment.Job instance at 0x148ef698a780>,3,2,[5 2],5,8,10,3,8
1,<environment.Job instance at 0x148ef698a5a0>,6,12,[2 8],9,16,28,7,16
1,<environment.Job instance at 0x148f039b70a0>,11,18,[1 9],17,28,46,11,18
1,<environment.Job instance at 0x148efa8042d0>,19,3,[1 9],27,46,49,19,32
1,<environment.Job instance at 0x148efa804500>,20,2,[9 2],28,49,51,21,32
1,<environment.Job instance at 0x148eff2dfa50>,21,3,[7 1],29,34,37,5,34
1,<environment.Job instance at 0x148f0359daa0>,22,3,[2 7],30,51,54,21,35
1,<environment.Job instance at 0x148ef73a7780>,23,2,[9 2],31,54,56,23,37
1,<environment.Job instance at 0x148efa7cbbe0>,28,2,[ 1 10],38,56,58,18,38
1,<environment.Job instance at 0x148efa7cb370>,29,3,[8 2],39,51,54,12,39
1,<environment.Job instance at 0x148ef6b2eeb0>,30,12,[6 2],41,58,70,17,52
1,<environment.Job instance at 0x148ef6c415a0>,39,1,[9 1],52,70,71,18,52
1,<environment.Job instance at 0x148ef7813410>,40,2,[2 5],53,58,60,5,53
1,<environment.Job instance at 0x148ef6955460>,41,1,[10  1],55,71,72,16,55
1,<environment.Job instance at 0x148ef6955640>,42,1,[5 2],57,72,73,15,57
1,<environment.Job instance at 0x148ef6aa16e0>,44,3,[2 7],62,62,65,0,62
1,<environment.Job instance at 0x148ef6aa1910>,45,2,[8 1],63,73,75,10,63
1,<environment.Job instance at 0x148ef6aa1640>,46,25,[ 1 10],64,75,100,11,71
1,<environment.Job instance at 0x148ef6aa1dc0>,47,2,[1 9],66,73,75,7,71
1,<environment.Job instance at 0x148ef6aa1280>,48,3,[1 6],67,100,103,33,74
1,<environment.Job instance at 0x148ef6aa1960>,49,3,[1 9],68,103,106,35,78
1,<environment.Job instance at 0x148ef6de4320>,54,2,[1 8],80,106,108,26,81
1,<environment.Job instance at 0x148efac99f00>,58,12,[1 7],85,108,120,23,91
1,<environment.Job instance at 0x148efac99640>,60,1,[6 2],87,100,101,13,91
1,<environment.Job instance at 0x148efac99d20>,61,1,[1 6],88,120,121,32,92
1,<environment.Job instance at 0x148efac992d0>,62,2,[2 6],89,121,123,32,95
1,<environment.Job instance at 0x148efac99730>,64,2,[ 1 10],92,123,125,31,96
1,<environment.Job instance at 0x148efac995a0>,66,18,[6 2],97,126,144,29,126
1,<environment.Job instance at 0x148ef7876640>,80,3,[9 2],114,144,147,30,126
1,<environment.Job instance at 0x148ef7876320>,81,3,[8 2],116,147,150,31,126
1,<environment.Job instance at 0x148ef6bb26e0>,82,17,[2 7],118,126,143,8,126
1,<environment.Job instance at 0x148ef6bb28c0>,83,2,[1 6],119,143,145,24,126
1,<environment.Job instance at 0x148ef6bb2d70>,84,18,[5 2],120,150,168,30,139
1,<environment.Job instance at 0x148f006af690>,93,1,[5 2],131,150,151,19,143
1,<environment.Job instance at 0x148ef6396190>,2,3,[1 7],4,4,7,0,4
1,<environment.Job instance at 0x148ef9abba50>,3,2,[9 2],5,5,7,0,5
1,<environment.Job instance at 0x148efa8047d0>,4,2,[7 1],6,7,9,1,6
1,<environment.Job instance at 0x148ef9abb960>,5,1,[1 8],7,7,8,0,7
1,<environment.Job instance at 0x148efa901be0>,6,1,[8 1],8,9,10,1,8
1,<environment.Job instance at 0x148f480a3c30>,10,1,[ 2 10],13,13,14,0,13
1,<environment.Job instance at 0x148ef6aa1690>,15,15,[7 1],20,22,37,2,22
1,<environment.Job instance at 0x148ef704e0f0>,19,1,[1 8],24,25,26,1,25
1,<environment.Job instance at 0x148ef9bcfa00>,25,2,[8 2],33,40,42,7,40
1,<environment.Job instance at 0x148ef6df7500>,29,3,[5 2],38,42,45,4,40
1,<environment.Job instance at 0x148ef6df7960>,31,1,[ 1 10],40,45,46,5,40
1,<environment.Job instance at 0x148ef704e4b0>,20,16,[9 1],26,46,62,20,42
1,<environment.Job instance at 0x148ef9df8460>,32,1,[2 5],41,62,63,21,58
1,<environment.Job instance at 0x148f00656dc0>,44,1,[7 2],59,62,63,3,59
1,<environment.Job instance at 0x148f00656910>,49,1,[8 2],64,64,65,0,64
1,<environment.Job instance at 0x148ef903c1e0>,50,2,[5 1],65,65,67,0,65
1,<environment.Job instance at 0x148ef903ca50>,51,2,[6 1],66,67,69,1,66
1,<environment.Job instance at 0x148ef713b910>,52,3,[6 2],67,69,72,2,67
1,<environment.Job instance at 0x148ef9b78550>,53,3,[10  1],68,72,75,4,68
1,<environment.Job instance at 0x148ef7b6af50>,54,18,[2 7],69,75,93,6,73
1,<environment.Job instance at 0x148ef6c8f960>,55,3,[1 7],70,93,96,23,82
1,<environment.Job instance at 0x148ef6c8f410>,56,3,[2 7],71,96,99,25,82
1,<environment.Job instance at 0x148ef9a61280>,57,1,[9 1],74,93,94,19,82
1,<environment.Job instance at 0x148f006a51e0>,65,17,[9 1],87,103,120,16,103
1,<environment.Job instance at 0x148ef6ede910>,70,16,[9 1],94,135,151,41,135
1,<environment.Job instance at 0x148ef9deb870>,82,18,[9 2],118,166,184,48,166
1,<environment.Job instance at 0x148ef6998d70>,90,2,[7 2],132,184,186,52,166
1,<environment.Job instance at 0x148ef6998460>,91,2,[2 5],133,184,186,51,166
1,<environment.Job instance at 0x148ef69989b0>,92,3,[2 6],134,186,189,52,166
1,<environment.Job instance at 0x148ef6998370>,93,15,[1 6],136,166,181,30,166
1,<environment.Job instance at 0x148ef6998a50>,94,3,[8 2],137,186,189,49,166
1,<environment.Job instance at 0x148ef6998780>,95,2,[2 7],138,189,191,51,166
1,<environment.Job instance at 0x148ef9bcfc30>,23,22,[10  1],30,507,529,477,507
1,<environment.Job instance at 0x148ef9c5c690>,4,16,[9 2],6,6,22,0,6
1,<environment.Job instance at 0x148ef9c5c320>,7,3,[5 1],10,22,25,12,11
1,<environment.Job instance at 0x148f03545230>,9,1,[2 7],13,22,23,9,16
1,<environment.Job instance at 0x148f03545690>,13,17,[5 2],18,34,51,16,34
1,<environment.Job instance at 0x148ef9e20d70>,26,2,[9 2],35,51,53,16,35
1,<environment.Job instance at 0x148f006edcd0>,29,2,[2 6],39,39,41,0,39
1,<environment.Job instance at 0x148ef69f0370>,30,3,[9 1],42,53,56,11,42
1,<environment.Job instance at 0x148ef6a8b8c0>,31,3,[9 2],47,56,59,9,47
1,<environment.Job instance at 0x148f01320be0>,40,12,[1 9],58,59,71,1,58
1,<environment.Job instance at 0x148ef70675f0>,41,14,[2 6],59,71,85,12,64
1,<environment.Job instance at 0x148ef7067c80>,45,3,[ 1 10],64,85,88,21,64
1,<environment.Job instance at 0x148ef9e4e730>,47,1,[6 1],66,69,70,3,69
1,<environment.Job instance at 0x148ef9e4eeb0>,48,16,[2 8],67,94,110,27,94
1,<environment.Job instance at 0x148ef9e4e140>,60,1,[1 5],80,110,111,30,94
1,<environment.Job instance at 0x148efa82b1e0>,0,3,[10  2],1,3,6,2,3
1,<environment.Job instance at 0x148efc0092d0>,2,12,[ 1 10],3,6,18,3,4
1,<environment.Job instance at 0x148efa82beb0>,3,2,[6 2],4,18,20,14,7
1,<environment.Job instance at 0x148efa97c140>,7,1,[1 5],8,18,19,10,8
1,<environment.Job instance at 0x148efa82ba50>,8,12,[1 6],9,19,31,10,13
1,<environment.Job instance at 0x148ef6bd2aa0>,23,2,[1 9],29,37,39,8,37
1,<environment.Job instance at 0x148efa804c30>,27,2,[2 7],35,39,41,4,37
1,<environment.Job instance at 0x148f012c7f00>,28,1,[2 5],36,41,42,5,37
1,<environment.Job instance at 0x148ef78735a0>,44,1,[2 7],66,76,77,10,76
1,<environment.Job instance at 0x148efad6d190>,46,17,[2 6],68,77,94,9,77
1,<environment.Job instance at 0x148efad6db90>,47,1,[ 1 10],69,94,95,25,77
1,<environment.Job instance at 0x148f0131d960>,49,1,[1 7],73,95,96,22,86
1,<environment.Job instance at 0x148f0131deb0>,50,14,[1 7],75,96,110,21,87
1,<environment.Job instance at 0x148f0131d780>,51,2,[10  2],76,110,112,34,90
1,<environment.Job instance at 0x148ef78ccdc0>,53,14,[2 7],78,112,126,34,97
1,<environment.Job instance at 0x148f015d60f0>,57,2,[2 8],84,126,128,42,99
1,<environment.Job instance at 0x148ef9cf1690>,58,3,[1 9],85,128,131,43,102
1,<environment.Job instance at 0x148ef78e8b90>,61,3,[1 5],91,131,134,40,119
1,<environment.Job instance at 0x148ef78b70f0>,62,1,[7 2],93,119,120,26,119
1,<environment.Job instance at 0x148ef78b7f50>,63,2,[8 1],94,120,122,26,119
1,<environment.Job instance at 0x148ef9c2a050>,66,3,[1 9],97,134,137,37,130
1,<environment.Job instance at 0x148ef9c2a280>,67,2,[2 5],98,131,133,33,131
1,<environment.Job instance at 0x148ef6f46b90>,56,13,[2 6],82,146,159,64,146
1,<environment.Job instance at 0x148f4cc860a0>,69,14,[6 1],100,146,160,46,146
1,<environment.Job instance at 0x148efa8cec80>,77,17,[7 2],114,160,177,46,148
1,<environment.Job instance at 0x148ef7b79960>,83,1,[6 2],123,177,178,54,149
1,<environment.Job instance at 0x148efc001dc0>,75,17,[9 2],111,1725,1742,1614,1725
1,<environment.Job instance at 0x148ef6e98050>,1,1,[6 1],3,3,4,0,3
1,<environment.Job instance at 0x148ef6e98e10>,0,2,[2 9],2,3,5,1,3
1,<environment.Job instance at 0x148ef6e98960>,3,12,[2 5],6,11,23,5,11
1,<environment.Job instance at 0x148ef7873c30>,2,2,[1 6],4,23,25,19,20
1,<environment.Job instance at 0x148f00744140>,13,3,[5 2],21,22,25,1,22
1,<environment.Job instance at 0x148f007443c0>,15,3,[2 5],25,25,28,0,25
1,<environment.Job instance at 0x148f007446e0>,7,17,[ 2 10],12,32,49,20,32
1,<environment.Job instance at 0x148ef6829eb0>,16,14,[6 1],26,49,63,23,39
1,<environment.Job instance at 0x148ef68292d0>,25,3,[7 2],42,63,66,21,42
1,<environment.Job instance at 0x148ef7107af0>,26,2,[6 2],43,66,68,23,43
1,<environment.Job instance at 0x148ef71077d0>,27,1,[10  1],45,68,69,23,45
1,<environment.Job instance at 0x148ef7107c80>,28,3,[6 2],47,69,72,22,47
1,<environment.Job instance at 0x148ef71079b0>,29,2,[1 9],49,49,51,0,49
1,<environment.Job instance at 0x148f0075d190>,30,3,[1 9],51,51,54,0,51
1,<environment.Job instance at 0x148f0075d320>,31,2,[5 1],53,72,74,19,53
1,<environment.Job instance at 0x148f0075d5a0>,32,15,[ 1 10],54,74,89,20,61
1,<environment.Job instance at 0x148f0075d4b0>,39,15,[1 8],62,89,104,27,75
1,<environment.Job instance at 0x148ef711b690>,44,2,[8 2],70,89,91,19,76
1,<environment.Job instance at 0x148ef711b3c0>,45,2,[5 2],71,91,93,20,77
1,<environment.Job instance at 0x148ef6f5dd70>,52,3,[ 1 10],79,104,107,25,79
1,<environment.Job instance at 0x148ef6808910>,65,1,[1 8],98,107,108,9,104
1,<environment.Job instance at 0x148ef68086e0>,67,1,[8 1],101,107,108,6,104
1,<environment.Job instance at 0x148ef6808050>,68,1,[5 2],103,108,109,5,104
1,<environment.Job instance at 0x148ef6f6c550>,69,1,[9 2],105,109,110,4,105
1,<environment.Job instance at 0x148ef6f6c190>,71,2,[1 7],107,117,119,10,117
1,<environment.Job instance at 0x148ef6f6c230>,73,15,[5 2],110,117,132,7,117
1,<environment.Job instance at 0x148ef6f6ca50>,74,3,[ 1 10],111,132,135,21,117
1,<environment.Job instance at 0x148ef6f6caf0>,76,16,[5 2],113,135,151,22,133
1,<environment.Job instance at 0x148ef9dd35f0>,83,2,[2 9],123,151,153,28,133
1,<environment.Job instance at 0x148ef9dd36e0>,84,1,[5 2],125,135,136,10,133
1,<environment.Job instance at 0x148ef9dd3a50>,85,2,[2 6],126,136,138,10,133
1,<environment.Job instance at 0x148f005bb870>,86,2,[10  2],127,153,155,26,133
1,<environment.Job instance at 0x148ef9db9230>,89,2,[1 5],132,140,142,8,140
1,<environment.Job instance at 0x148ef62bf910>,90,3,[ 2 10],133,155,158,22,140
1,<environment.Job instance at 0x148efa83a5f0>,91,13,[2 8],134,158,171,24,142
1,<environment.Job instance at 0x148ef9dd3a00>,82,16,[9 1],121,184,200,63,184
1,<environment.Job instance at 0x148ef6f5d7d0>,57,16,[7 2],85,241,257,156,241
1,<environment.Job instance at 0x148ef6705eb0>,0,2,[1 6],1,4,6,3,4
1,<environment.Job instance at 0x148ef679ae60>,1,20,[10  2],4,6,26,2,5
1,<environment.Job instance at 0x148ef9b19820>,5,15,[1 6],9,26,41,17,12
1,<environment.Job instance at 0x148ef71025f0>,8,3,[8 2],14,26,29,12,15
1,<environment.Job instance at 0x148ef71208c0>,10,1,[8 1],16,29,30,13,24
1,<environment.Job instance at 0x148ef63d2be0>,25,2,[1 9],40,41,43,1,40
1,<environment.Job instance at 0x148ef6895870>,26,2,[1 5],42,43,45,1,42
1,<environment.Job instance at 0x148efbffbf00>,27,1,[2 9],43,45,46,2,43
1,<environment.Job instance at 0x148efac3c780>,29,17,[8 2],45,50,67,5,50
1,<environment.Job instance at 0x148ef9c14dc0>,46,3,[2 6],67,71,74,4,71
1,<environment.Job instance at 0x148ef9c14a50>,48,2,[6 2],69,71,73,2,71
1,<environment.Job instance at 0x148ef9c14370>,49,3,[10  1],70,74,77,4,71
1,<environment.Job instance at 0x148ef9c144b0>,50,2,[7 2],72,77,79,5,72
1,<environment.Job instance at 0x148f0353b2d0>,51,1,[9 2],74,79,80,5,74
1,<environment.Job instance at 0x148f0353b500>,52,1,[10  2],75,80,81,5,75
1,<environment.Job instance at 0x148f0353b7d0>,53,3,[2 5],77,81,84,4,77
1,<environment.Job instance at 0x148ef70ac280>,40,15,[5 1],61,88,103,27,88
1,<environment.Job instance at 0x148ef63ce460>,33,19,[2 8],51,125,144,74,125
1,<environment.Job instance at 0x148ef708d0f0>,86,1,[9 1],132,269,270,137,269
1,<environment.Job instance at 0x148ef708d410>,84,16,[2 5],130,277,293,147,277
1,<environment.Job instance at 0x148ef708d500>,89,14,[8 1],137,285,299,148,285
1,<environment.Job instance at 0x148efac9fc80>,1,15,[2 5],2,3,18,1,3
1,<environment.Job instance at 0x148ef792b3c0>,2,1,[2 7],3,18,19,15,6
1,<environment.Job instance at 0x148ef65280f0>,6,2,[10  2],7,19,21,12,13
1,<environment.Job instance at 0x148ef668b3c0>,11,1,[ 1 10],14,21,22,7,21
1,<environment.Job instance at 0x148ef6845cd0>,16,3,[1 5],22,24,27,2,24
1,<environment.Job instance at 0x148ef9ce6aa0>,18,1,[ 2 10],28,28,29,0,28
1,<environment.Job instance at 0x148ef9e76910>,19,2,[1 8],29,29,31,0,29
1,<environment.Job instance at 0x148ef9d21960>,22,3,[2 5],33,33,36,0,33
1,<environment.Job instance at 0x148ef9cbb230>,17,15,[2 9],24,36,51,12,36
1,<environment.Job instance at 0x148ef6c545a0>,24,12,[7 2],37,51,63,14,37
1,<environment.Job instance at 0x148ef6c54410>,25,17,[1 8],38,75,92,37,75
1,<environment.Job instance at 0x148ef6c54140>,29,3,[7 1],43,75,78,32,75
1,<environment.Job instance at 0x148f0070d5f0>,30,3,[9 2],44,78,81,34,75
1,<environment.Job instance at 0x148f0070d780>,32,14,[10  1],50,92,106,42,77
1,<environment.Job instance at 0x148f0070deb0>,31,2,[7 1],49,108,110,59,108
1,<environment.Job instance at 0x148f0070d910>,37,3,[9 2],61,111,114,50,111
1,<environment.Job instance at 0x148f0070d3c0>,40,13,[7 2],68,126,139,58,126
1,<environment.Job instance at 0x148f005cf0a0>,23,15,[6 1],35,150,165,115,150
1,<environment.Job instance at 0x148ef6da11e0>,63,3,[5 1],109,165,168,56,150
1,<environment.Job instance at 0x148f03568190>,64,3,[9 1],110,168,171,58,150
1,<environment.Job instance at 0x148f03568a00>,65,12,[1 8],111,151,163,40,151
1,<environment.Job instance at 0x148f03568c30>,66,2,[1 6],112,163,165,51,151
1,<environment.Job instance at 0x148f03568960>,67,3,[5 2],115,165,168,50,151
1,<environment.Job instance at 0x148f012c53c0>,9,17,[ 2 10],14,14,31,0,14
1,<environment.Job instance at 0x148ef79434b0>,20,3,[1 8],28,31,34,3,28
1,<environment.Job instance at 0x148ef9ec53c0>,21,1,[ 2 10],29,34,35,5,29
1,<environment.Job instance at 0x148ef6619460>,22,2,[7 2],30,31,33,1,30
1,<environment.Job instance at 0x148efbfe99b0>,23,2,[1 6],31,35,37,4,31
1,<environment.Job instance at 0x148ef9cf0eb0>,25,13,[ 1 10],34,37,50,3,34
1,<environment.Job instance at 0x148ef9ec6820>,26,2,[8 2],35,50,52,15,37
1,<environment.Job instance at 0x148ef6f867d0>,28,2,[1 7],38,50,52,12,38
1,<environment.Job instance at 0x148f02c6b960>,29,2,[8 1],39,52,54,13,40
1,<environment.Job instance at 0x148ef7836960>,35,13,[1 5],51,75,88,24,75
1,<environment.Job instance at 0x148ef6d6c870>,36,3,[1 8],52,88,91,36,75
1,<environment.Job instance at 0x148ef6d6c8c0>,37,2,[7 1],54,75,77,21,75
1,<environment.Job instance at 0x148ef6d6caf0>,38,2,[2 8],56,91,93,35,75
1,<environment.Job instance at 0x148ef6d6c5f0>,39,1,[1 6],58,93,94,35,75
1,<environment.Job instance at 0x148ef6d6c2d0>,40,17,[7 2],59,148,165,89,148
1,<environment.Job instance at 0x148ef6d6ca50>,43,15,[2 9],67,165,180,98,157
1,<environment.Job instance at 0x148ef9d1eeb0>,45,15,[6 1],70,165,180,95,157
1,<environment.Job instance at 0x148ef6d6caa0>,46,2,[ 1 10],71,180,182,109,157
1,<environment.Job instance at 0x148ef6d6cdc0>,47,16,[1 5],72,182,198,110,171
1,<environment.Job instance at 0x148ef6d6ce10>,48,3,[8 2],73,182,185,109,176
1,<environment.Job instance at 0x148ef6e676e0>,49,2,[2 9],75,198,200,123,182
1,<environment.Job instance at 0x148ef6e670f0>,51,13,[10  2],77,200,213,123,193
1,<environment.Job instance at 0x148ef6e67b40>,54,2,[5 1],81,213,215,132,205
1,<environment.Job instance at 0x148ef6e67f00>,55,2,[ 1 10],82,215,217,133,205
1,<environment.Job instance at 0x148ef9bd2c30>,56,15,[10  1],83,217,232,134,205
1,<environment.Job instance at 0x148ef9bd24b0>,58,1,[8 2],86,238,239,152,238
1,<environment.Job instance at 0x148ef9bd28c0>,59,1,[8 1],87,239,240,152,238
1,<environment.Job instance at 0x148ef9bd2500>,61,1,[2 7],91,238,239,147,238
1,<environment.Job instance at 0x148ef9bd2f50>,63,3,[8 1],96,240,243,144,239
1,<environment.Job instance at 0x148ef9bd2140>,64,14,[9 2],97,243,257,146,239
1,<environment.Job instance at 0x148ef9bd2230>,65,28,[ 1 10],98,257,285,159,256
1,<environment.Job instance at 0x148ef9bd2640>,67,2,[2 7],100,285,287,185,260
1,<environment.Job instance at 0x148ef9bd2730>,68,1,[6 2],101,285,286,184,265
1,<environment.Job instance at 0x148ef9bd2320>,70,13,[ 2 10],103,287,300,184,277
1,<environment.Job instance at 0x148ef69e7230>,78,1,[1 5],116,300,301,184,296
1,<environment.Job instance at 0x148ef69e7cd0>,83,14,[9 2],122,300,314,178,296
1,<environment.Job instance at 0x148ef69e7d70>,84,14,[7 2],123,314,328,191,309
1,<environment.Job instance at 0x148ef6baec80>,92,18,[1 5],137,383,401,246,383
1,<environment.Job instance at 0x148ef6ea03c0>,0,2,[2 5],2,5,7,3,5
1,<environment.Job instance at 0x148ef65a7050>,2,14,[2 6],4,7,21,3,5
1,<environment.Job instance at 0x148f0054e2d0>,5,15,[2 6],8,21,36,13,10
1,<environment.Job instance at 0x148ef6d13fa0>,16,1,[1 6],21,36,37,15,21
1,<environment.Job instance at 0x148ef6d13e60>,18,15,[9 1],23,73,88,50,73
1,<environment.Job instance at 0x148efa943820>,39,16,[8 1],52,88,104,36,76
1,<environment.Job instance at 0x148ef78614b0>,46,3,[7 1],65,104,107,39,78
1,<environment.Job instance at 0x148ef63e2820>,47,3,[2 6],66,88,91,22,78
1,<environment.Job instance at 0x148ef63e2320>,48,3,[2 9],67,91,94,24,78
1,<environment.Job instance at 0x148ef63e2730>,49,2,[8 1],68,107,109,39,80
1,<environment.Job instance at 0x148ef6627500>,50,13,[10  1],70,110,123,40,110
1,<environment.Job instance at 0x148ef9bb1c30>,63,16,[1 7],92,123,139,31,114
1,<environment.Job instance at 0x148ef9b8f6e0>,73,1,[1 6],103,146,147,43,146
1,<environment.Job instance at 0x148efa9f3c30>,75,2,[2 7],107,150,152,43,150
1,<environment.Job instance at 0x148efa9f30a0>,76,2,[8 1],108,151,153,43,151
1,<environment.Job instance at 0x148efa9f35f0>,77,2,[9 1],110,153,155,43,151
1,<environment.Job instance at 0x148efa9f30f0>,78,3,[6 1],111,155,158,44,152
1,<environment.Job instance at 0x148efa9f3050>,79,17,[7 1],113,158,175,45,156
1,<environment.Job instance at 0x148efa7fab90>,81,3,[8 1],115,175,178,60,156
1,<environment.Job instance at 0x148efa9f3eb0>,82,1,[1 7],116,156,157,40,156
1,<environment.Job instance at 0x148efa9f31e0>,83,2,[1 9],117,157,159,40,156
1,<environment.Job instance at 0x148efa9f3140>,85,17,[2 7],122,168,185,46,168
1,<environment.Job instance at 0x148f012c79b0>,87,2,[1 6],124,185,187,61,168
1,<environment.Job instance at 0x148f0059b370>,90,16,[5 2],130,178,194,48,174
1,<environment.Job instance at 0x148f0059bfa0>,91,1,[2 6],131,187,188,56,174
1,<environment.Job instance at 0x148f0059bcd0>,92,3,[8 1],133,194,197,61,174
1,<environment.Job instance at 0x148f0059b410>,93,15,[2 5],135,188,203,53,174
1,<environment.Job instance at 0x148f0059bf50>,96,2,[2 8],138,203,205,65,176
1,<environment.Job instance at 0x148ef78804b0>,97,12,[6 1],139,197,209,58,180
1,<environment.Job instance at 0x148f0059b7d0>,95,15,[10  2],137,1078,1093,941,1078
1,<environment.Job instance at 0x148f039add20>,12,1,[7 2],16,16,17,0,16
1,<environment.Job instance at 0x148ef9e8b050>,26,1,[ 2 10],41,1341,1342,1300,1341
1,<environment.Job instance at 0x148ef6332a50>,35,1,[7 1],57,1429,1430,1372,1429
1,<environment.Job instance at 0x148ef9e8bcd0>,34,17,[2 9],54,1432,1449,1378,1432
1,<environment.Job instance at 0x148eff2e5230>,46,2,[1 7],69,1449,1451,1380,1432
1,<environment.Job instance at 0x148ef66b41e0>,1,1,[8 2],3,4,5,1,4
1,<environment.Job instance at 0x148ef9c4eb40>,6,1,[ 1 10],10,10,11,0,10
1,<environment.Job instance at 0x148ef9cd0910>,7,2,[1 7],11,11,13,0,11
1,<environment.Job instance at 0x148ef67e1730>,8,1,[7 2],12,12,13,0,12
1,<environment.Job instance at 0x148f4cd55aa0>,9,1,[5 1],13,13,14,0,13
1,<environment.Job instance at 0x148f0073ce60>,10,2,[9 2],14,14,16,0,14
1,<environment.Job instance at 0x148ef6440690>,11,3,[10  1],15,16,19,1,15
1,<environment.Job instance at 0x148ef9cd0f50>,3,18,[1 9],6,48,66,42,48
1,<environment.Job instance at 0x148ef6850fa0>,16,1,[5 1],21,67,68,46,67
1,<environment.Job instance at 0x148ef6e65820>,12,17,[9 1],16,118,135,102,118
1,<environment.Job instance at 0x148efa97c140>,55,14,[ 1 10],76,135,149,59,120
1,<environment.Job instance at 0x148ef9d6c0a0>,57,2,[9 1],78,149,151,71,122
1,<environment.Job instance at 0x148ef6c50320>,58,14,[5 2],79,803,817,724,803
1,<environment.Job instance at 0x148f03772e60>,78,12,[7 2],108,817,829,709,803
1,<environment.Job instance at 0x148ef784c140>,79,15,[ 1 10],109,829,844,720,815
1,<environment.Job instance at 0x148ef6652af0>,80,3,[2 7],110,815,818,705,815
1,<environment.Job instance at 0x148f0121f050>,81,2,[5 2],111,844,846,733,817
1,<environment.Job instance at 0x148f0121f230>,82,1,[6 2],112,846,847,734,818
1,<environment.Job instance at 0x148ef6fa36e0>,97,14,[1 9],136,896,910,760,896
1,<environment.Job instance at 0x148ef6e56a00>,0,1,[5 1],2,8,9,6,8
1,<environment.Job instance at 0x148ef6e56be0>,3,3,[6 1],7,11,14,4,11
1,<environment.Job instance at 0x148ef655df50>,25,1,[10  1],43,64,65,21,64
1,<environment.Job instance at 0x148efa985d20>,37,3,[6 1],60,85,88,25,85
1,<environment.Job instance at 0x148efa985e10>,38,1,[10  1],62,88,89,26,85
1,<environment.Job instance at 0x148efa985a50>,39,2,[9 1],63,89,91,26,85
1,<environment.Job instance at 0x148ef65410f0>,44,3,[2 7],68,112,115,44,112
1,<environment.Job instance at 0x148ef6541690>,45,3,[9 2],69,115,118,46,113
1,<environment.Job instance at 0x148ef6541fa0>,49,15,[5 1],81,134,149,53,134
1,<environment.Job instance at 0x148efa9906e0>,52,1,[2 6],85,149,150,64,149
1,<environment.Job instance at 0x148efa990cd0>,56,1,[8 1],90,157,158,67,157
1,<environment.Job instance at 0x148efa990e60>,59,17,[8 1],94,158,175,64,157
1,<environment.Job instance at 0x148efa9908c0>,60,1,[1 9],95,157,158,62,157
1,<environment.Job instance at 0x148f012ba1e0>,63,2,[6 2],102,175,177,73,172
1,<environment.Job instance at 0x148f012ba640>,66,3,[9 1],105,177,180,72,173
1,<environment.Job instance at 0x148f012baa50>,68,3,[2 5],108,173,176,65,173
1,<environment.Job instance at 0x148f012ba550>,69,1,[1 5],109,176,177,67,173
1,<environment.Job instance at 0x148f012ba730>,72,1,[2 5],118,180,181,62,174
1,<environment.Job instance at 0x148f012bac30>,73,17,[1 5],119,177,194,58,177
1,<environment.Job instance at 0x148f012ba230>,71,12,[8 1],113,192,204,79,192
1,<environment.Job instance at 0x148f012ba870>,79,3,[1 7],127,194,197,67,192
1,<environment.Job instance at 0x148f01286460>,80,3,[6 1],128,204,207,76,192
1,<environment.Job instance at 0x148f012863c0>,81,15,[1 9],129,197,212,68,192
1,<environment.Job instance at 0x148f01286550>,82,2,[1 8],130,212,214,82,192
1,<environment.Job instance at 0x148f01286640>,84,12,[9 2],135,212,224,77,195
1,<environment.Job instance at 0x148f012865a0>,85,3,[8 2],137,224,227,87,198
1,<environment.Job instance at 0x1525f1d0faf0>,2,18,[ 1 10],5,5,23,0,5
1,<environment.Job instance at 0x15259c80aaa0>,3,2,[1 7],6,23,25,17,6
1,<environment.Job instance at 0x1525f1d0fa50>,4,2,[6 1],7,23,25,16,7
1,<environment.Job instance at 0x15259c80a050>,5,3,[9 1],8,25,28,17,8
1,<environment.Job instance at 0x15259c812b90>,7,3,[5 1],10,28,31,18,10
1,<environment.Job instance at 0x15259c331230>,6,16,[2 7],9,28,44,19,15
1,<environment.Job instance at 0x15259c7f8d70>,12,3,[6 2],16,31,34,15,16
1,<environment.Job instance at 0x15259c7f8050>,13,13,[1 5],17,44,57,27,28
1,<environment.Job instance at 0x15259c0ce690>,34,3,[9 2],45,49,52,4,49
1,<environment.Job instance at 0x15259c0c5a00>,35,3,[10  2],47,57,60,10,49
1,<environment.Job instance at 0x15259c0c5410>,36,3,[1 6],48,60,63,12,49
1,<environment.Job instance at 0x15259c0c5910>,37,2,[2 7],49,63,65,14,49
1,<environment.Job instance at 0x15259c7dde10>,38,2,[8 2],50,52,54,2,50
1,<environment.Job instance at 0x15259c0cc0f0>,39,14,[2 5],51,65,79,14,60
1,<environment.Job instance at 0x15259c7f1550>,48,15,[ 2 10],61,79,94,18,69
1,<environment.Job instance at 0x15259c7f2e60>,52,1,[8 1],70,70,71,0,70
1,<environment.Job instance at 0x15259c7f2640>,53,1,[7 2],72,72,73,0,72
1,<environment.Job instance at 0x15259c7f2230>,54,2,[10  1],74,94,96,20,74
1,<environment.Job instance at 0x15259c7f2280>,55,2,[2 7],75,96,98,21,76
1,<environment.Job instance at 0x15259c0d8050>,65,2,[2 7],93,245,247,152,245
1,<environment.Job instance at 0x15259c0d8410>,68,1,[1 5],98,247,248,149,245
1,<environment.Job instance at 0x15259c0de6e0>,90,1,[5 2],133,299,300,166,299
1,<environment.Job instance at 0x15259c7d4780>,0,2,[6 1],2,4,6,2,4
1,<environment.Job instance at 0x15259c0f4b40>,1,15,[9 2],3,6,21,3,4
1,<environment.Job instance at 0x15259c0f4a50>,3,2,[2 5],6,21,23,15,11
1,<environment.Job instance at 0x1525a55df140>,8,3,[1 7],12,12,15,0,12
1,<environment.Job instance at 0x1525a554abe0>,20,1,[5 2],31,32,33,1,32
1,<environment.Job instance at 0x1525a55b00a0>,34,3,[ 1 10],47,58,61,11,58
1,<environment.Job instance at 0x1525a55b06e0>,38,1,[1 5],52,61,62,9,58
1,<environment.Job instance at 0x1525a55b0be0>,40,12,[2 6],54,62,74,8,62
1,<environment.Job instance at 0x1525a5633be0>,42,18,[ 1 10],67,74,92,7,67
1,<environment.Job instance at 0x1525a56a8c80>,46,2,[5 2],71,71,73,0,71
1,<environment.Job instance at 0x1525a562b870>,47,3,[6 1],73,92,95,19,73
1,<environment.Job instance at 0x1525a58f56e0>,48,1,[8 2],74,95,96,21,74
1,<environment.Job instance at 0x1525a560a640>,51,15,[7 2],79,100,115,21,100
1,<environment.Job instance at 0x1525a560a4b0>,52,13,[ 2 10],81,115,128,34,100
1,<environment.Job instance at 0x1525a560a190>,53,3,[1 6],82,100,103,18,100
1,<environment.Job instance at 0x1525a560a870>,54,2,[1 6],83,103,105,20,100
1,<environment.Job instance at 0x1525a560ad20>,55,2,[1 7],84,105,107,21,100
1,<environment.Job instance at 0x1525a560a410>,61,2,[6 1],92,128,130,36,122
1,<environment.Job instance at 0x1525a560a140>,63,2,[6 1],94,130,132,36,122
1,<environment.Job instance at 0x1525a5671f00>,64,13,[2 9],95,128,141,33,122
1,<environment.Job instance at 0x1525a5671050>,66,3,[1 7],100,141,144,41,122
1,<environment.Job instance at 0x1525a624e3c0>,84,2,[5 2],128,141,143,13,138
1,<environment.Job instance at 0x1525a624e640>,85,2,[1 5],129,144,146,15,138
1,<environment.Job instance at 0x1525a624e820>,86,1,[7 2],130,143,144,13,138
1,<environment.Job instance at 0x1525a624e410>,87,3,[8 2],132,144,147,12,138
1,<environment.Job instance at 0x1525a624ee10>,88,3,[5 2],133,147,150,14,138
1,<environment.Job instance at 0x1525a624eb40>,89,2,[2 5],135,146,148,11,138
1,<environment.Job instance at 0x1525a624edc0>,90,14,[ 1 10],136,150,164,14,138
1,<environment.Job instance at 0x1525a624ea50>,91,1,[6 2],137,164,165,27,138
1,<environment.Job instance at 0x1525a55b1d70>,92,3,[2 5],138,164,167,26,138
1,<environment.Job instance at 0x1525a55b1dc0>,93,14,[2 5],139,165,179,26,151
1,<environment.Job instance at 0x1525a55b1190>,94,2,[7 1],140,167,169,27,151
1,<environment.Job instance at 0x1525a55b1870>,95,2,[1 8],141,179,181,38,154
1,<environment.Job instance at 0x1525a5559aa0>,100,17,[1 9],146,192,209,46,192
1,<environment.Job instance at 0x15259b9cfd70>,1,13,[5 2],2,3,16,1,3
1,<environment.Job instance at 0x1525a560a8c0>,3,14,[10  1],6,16,30,10,6
1,<environment.Job instance at 0x15259ba912d0>,9,2,[6 2],13,30,32,17,23
1,<environment.Job instance at 0x1525a5906fa0>,2,18,[6 2],3,35,53,32,35
1,<environment.Job instance at 0x15259d35f050>,25,2,[10  2],36,53,55,17,36
1,<environment.Job instance at 0x15259b97f410>,26,2,[6 2],37,55,57,18,37
1,<environment.Job instance at 0x15259ee89f00>,27,2,[10  1],38,57,59,19,38
1,<environment.Job instance at 0x15259b957dc0>,28,1,[7 2],39,59,60,20,39
1,<environment.Job instance at 0x15259b957cd0>,29,3,[6 2],40,60,63,20,40
1,<environment.Job instance at 0x15259b957780>,30,3,[1 9],41,63,66,22,41
1,<environment.Job instance at 0x15259b955fa0>,34,14,[6 1],45,63,77,18,58
1,<environment.Job instance at 0x15259b9558c0>,39,2,[2 8],52,59,61,7,58
1,<environment.Job instance at 0x15259b955e10>,40,2,[1 5],53,61,63,8,58
1,<environment.Job instance at 0x15259b955230>,41,3,[10  2],54,77,80,23,58
1,<environment.Job instance at 0x15259b9554b0>,42,3,[2 5],56,66,69,10,58
1,<environment.Job instance at 0x1525a5600870>,43,3,[2 5],59,69,72,10,59
1,<environment.Job instance at 0x1525a56006e0>,44,17,[1 7],62,80,97,18,68
1,<environment.Job instance at 0x15259bb2ad20>,46,2,[5 1],69,80,82,11,71
1,<environment.Job instance at 0x15259bab3460>,56,3,[2 5],82,146,149,64,146
1,<environment.Job instance at 0x15259ee35b90>,13,15,[6 1],19,254,269,235,254
1,<environment.Job instance at 0x15259b951e10>,77,3,[10  2],114,269,272,155,255
1,<environment.Job instance at 0x15259b951550>,79,3,[5 1],117,272,275,155,271
1,<environment.Job instance at 0x15259b951410>,83,2,[9 2],122,275,277,153,273
1,<environment.Job instance at 0x15259b951050>,86,3,[1 7],126,277,280,151,277
1,<environment.Job instance at 0x15259b951b40>,87,18,[1 8],127,280,298,153,277
1,<environment.Job instance at 0x15259b951460>,88,2,[8 2],129,277,279,148,277
1,<environment.Job instance at 0x15259b951a00>,89,15,[10  2],130,298,313,168,289
1,<environment.Job instance at 0x15259b9a6690>,94,1,[2 7],136,313,314,177,295
1,<environment.Job instance at 0x15259b9a6be0>,95,3,[10  2],137,314,317,177,295
1,<environment.Job instance at 0x15259b9a6b90>,96,14,[ 1 10],139,317,331,178,302
1,<environment.Job instance at 0x15259b9a6960>,97,2,[2 8],143,331,333,188,304
1,<environment.Job instance at 0x15259b951aa0>,84,12,[1 8],123,333,345,210,328
1,<environment.Job instance at 0x15259b951870>,80,13,[5 1],119,337,350,218,337
1,<environment.Job instance at 0x15259b9e0aa0>,0,3,[2 8],1,4,7,3,4
1,<environment.Job instance at 0x15259b9e0d70>,3,3,[1 8],4,8,11,4,8
1,<environment.Job instance at 0x15259eddc280>,5,2,[1 9],9,9,11,0,9
1,<environment.Job instance at 0x15259b84bf50>,10,14,[8 2],16,16,30,0,16
1,<environment.Job instance at 0x15259b84b6e0>,15,16,[10  2],22,30,46,8,25
1,<environment.Job instance at 0x15259f732e10>,19,15,[8 1],29,46,61,17,32
1,<environment.Job instance at 0x15259b84fa00>,29,1,[2 9],44,67,68,23,67
1,<environment.Job instance at 0x15259b84f050>,30,3,[9 1],45,68,71,23,68
1,<environment.Job instance at 0x15259fc6eb90>,33,15,[1 5],49,72,87,23,72
1,<environment.Job instance at 0x15259fc6ebe0>,34,1,[1 5],52,72,73,20,72
1,<environment.Job instance at 0x15259fc6ec80>,35,3,[10  1],53,87,90,34,72
1,<environment.Job instance at 0x15259fc6e690>,36,1,[6 2],54,73,74,19,72
1,<environment.Job instance at 0x15259edddf50>,37,2,[6 1],55,74,76,19,72
1,<environment.Job instance at 0x15259eddd9b0>,38,3,[8 1],57,76,79,19,72
1,<environment.Job instance at 0x15259eddd320>,39,1,[1 9],59,90,91,31,72
1,<environment.Job instance at 0x15259eddd820>,40,1,[2 9],60,91,92,31,72
1,<environment.Job instance at 0x15259edddbe0>,41,1,[2 9],61,92,93,31,72
1,<environment.Job instance at 0x15259eddd140>,42,14,[1 6],64,93,107,29,78
1,<environment.Job instance at 0x15259eddd6e0>,43,2,[1 7],65,107,109,42,80
1,<environment.Job instance at 0x15259eddd410>,45,2,[1 9],67,109,111,42,82
1,<environment.Job instance at 0x15259bab90f0>,0,13,[1 6],1,3,16,2,3
1,<environment.Job instance at 0x15259b84fd70>,3,12,[1 9],4,16,28,12,14
1,<environment.Job instance at 0x15259c795370>,18,1,[7 2],21,28,29,7,21
1,<environment.Job instance at 0x15259c7bb4b0>,19,12,[8 2],22,29,41,7,28
1,<environment.Job instance at 0x15259c7bbf00>,25,12,[2 8],34,34,46,0,34
1,<environment.Job instance at 0x15259c7bbe60>,26,3,[10  2],35,46,49,11,35
1,<environment.Job instance at 0x15259c7bb320>,27,1,[7 1],37,41,42,4,37
1,<environment.Job instance at 0x15259fbe0780>,28,14,[1 5],38,49,63,11,38
1,<environment.Job instance at 0x15259fbe0410>,29,14,[9 2],39,59,73,20,59
1,<environment.Job instance at 0x1525a4289460>,37,15,[1 9],53,73,88,20,59
1,<environment.Job instance at 0x1525a4289c80>,38,2,[ 1 10],55,88,90,33,61
1,<environment.Job instance at 0x1525a5573a00>,42,1,[6 2],61,90,91,29,62
1,<environment.Job instance at 0x1525a55a51e0>,43,14,[9 2],64,91,105,27,80
1,<environment.Job instance at 0x1525a55a56e0>,45,2,[5 2],66,105,107,39,80
1,<environment.Job instance at 0x1525a428d370>,46,2,[10  2],67,107,109,40,80
1,<environment.Job instance at 0x1525a428d0f0>,49,1,[ 2 10],72,109,110,37,87
1,<environment.Job instance at 0x1525a428d910>,50,1,[10  2],74,110,111,36,87
1,<environment.Job instance at 0x1525a428dd20>,54,1,[5 2],78,105,106,27,89
1,<environment.Job instance at 0x1525a428df50>,55,13,[1 7],79,92,105,13,92
1,<environment.Job instance at 0x1525a428daa0>,57,16,[1 6],81,111,127,30,98
1,<environment.Job instance at 0x1525a428de60>,59,3,[6 2],84,111,114,27,103
1,<environment.Job instance at 0x1525a42653c0>,66,20,[ 2 10],94,127,147,33,118
1,<environment.Job instance at 0x1525a4265550>,68,12,[1 5],96,147,159,51,130
1,<environment.Job instance at 0x1525a25ee5a0>,69,3,[8 2],97,147,150,50,130
1,<environment.Job instance at 0x1525a25ee870>,74,12,[8 2],107,150,162,43,141
1,<environment.Job instance at 0x1525a25ee140>,75,2,[2 5],108,159,161,51,141
1,<environment.Job instance at 0x1525a25ee960>,76,3,[2 8],109,161,164,52,141
1,<environment.Job instance at 0x1525a25eef50>,77,2,[1 9],111,164,166,53,141
1,<environment.Job instance at 0x15259f7704b0>,79,1,[8 2],113,162,163,49,153
1,<environment.Job instance at 0x15259f770500>,82,2,[7 1],119,165,167,46,165
1,<environment.Job instance at 0x15259f770730>,84,1,[6 1],123,167,168,44,165
1,<environment.Job instance at 0x15259f770d70>,85,1,[7 2],124,168,169,44,165
1,<environment.Job instance at 0x15259f7700f0>,86,2,[ 1 10],125,169,171,44,165
1,<environment.Job instance at 0x15259f770550>,87,13,[10  2],126,171,184,45,166
1,<environment.Job instance at 0x15259c340730>,94,2,[10  2],141,184,186,43,166
1,<environment.Job instance at 0x15259f9a8d70>,95,1,[1 8],142,166,167,24,166
1,<environment.Job instance at 0x15259eb1f1e0>,96,1,[9 1],144,186,187,42,166
1,<environment.Job instance at 0x15259ea15e60>,97,3,[2 7],145,187,190,42,166
1,<environment.Job instance at 0x15259ede5f00>,98,2,[ 2 10],146,190,192,44,166
1,<environment.Job instance at 0x15259ba1da00>,99,18,[8 1],148,192,210,44,181
1,<environment.Job instance at 0x1525a25f5b90>,15,12,[2 9],17,699,711,682,699
1,<environment.Job instance at 0x15259bc11aa0>,0,2,[9 2],1,3,5,2,3
1,<environment.Job instance at 0x15259f8008c0>,2,3,[7 2],5,5,8,0,5
1,<environment.Job instance at 0x1525a55a31e0>,3,2,[ 2 10],7,8,10,1,7
1,<environment.Job instance at 0x15259f800870>,4,2,[1 5],8,10,12,2,8
1,<environment.Job instance at 0x15259ec525a0>,1,16,[ 2 10],3,12,28,9,8
1,<environment.Job instance at 0x1525a5553a00>,5,1,[10  2],9,28,29,19,12
1,<environment.Job instance at 0x1525a5553f50>,9,1,[8 2],13,29,30,16,15
1,<environment.Job instance at 0x1525a555afa0>,17,2,[2 5],22,29,31,7,23
1,<environment.Job instance at 0x1525a555a280>,19,2,[2 6],24,31,33,7,24
1,<environment.Job instance at 0x15259b89ed20>,20,14,[2 5],25,33,47,8,25
1,<environment.Job instance at 0x15259f881410>,21,12,[5 1],26,30,42,4,27
1,<environment.Job instance at 0x15259f96b460>,25,13,[1 8],31,49,62,18,49
1,<environment.Job instance at 0x1525a0f73910>,26,2,[8 2],32,49,51,17,49
1,<environment.Job instance at 0x15259f8a0be0>,27,3,[7 1],33,51,54,18,49
1,<environment.Job instance at 0x15259f8a0c80>,28,1,[1 8],35,62,63,27,49
1,<environment.Job instance at 0x1525a54cd280>,29,1,[8 2],36,54,55,18,49
1,<environment.Job instance at 0x15259f8a0370>,30,3,[1 8],40,63,66,23,49
1,<environment.Job instance at 0x15259ed950f0>,31,1,[2 6],43,66,67,23,49
1,<environment.Job instance at 0x15259eb76c80>,32,1,[2 7],45,67,68,22,49
1,<environment.Job instance at 0x15259eb76af0>,33,1,[7 1],46,55,56,9,49
1,<environment.Job instance at 0x15259ed955f0>,34,3,[6 2],48,56,59,8,49
1,<environment.Job instance at 0x15259fd25cd0>,39,3,[10  1],54,68,71,14,55
1,<environment.Job instance at 0x15259fbd30f0>,40,2,[ 1 10],56,71,73,15,56
1,<environment.Job instance at 0x15259fbd3320>,41,3,[2 6],57,73,76,16,57
1,<environment.Job instance at 0x15259bfb2a00>,42,2,[1 9],58,76,78,18,58
1,<environment.Job instance at 0x15259fbd3500>,43,3,[2 8],59,78,81,19,66
1,<environment.Job instance at 0x15259edd7b90>,49,3,[7 1],67,73,76,6,67
1,<environment.Job instance at 0x1525f00860a0>,55,3,[ 2 10],75,81,84,6,75
1,<environment.Job instance at 0x1525f0086780>,63,14,[2 9],87,129,143,42,129
1,<environment.Job instance at 0x15259eafd370>,69,14,[7 2],95,143,157,48,142
1,<environment.Job instance at 0x15259eafdd70>,76,12,[7 2],104,157,169,53,142
1,<environment.Job instance at 0x15259eafd910>,77,2,[2 7],105,143,145,38,142
1,<environment.Job instance at 0x15259eafd690>,79,13,[5 1],107,169,182,62,153
1,<environment.Job instance at 0x1525a25f5140>,88,2,[2 9],117,169,171,52,153
1,<environment.Job instance at 0x1525a25f5d20>,90,2,[1 6],119,176,178,57,176
1,<environment.Job instance at 0x1525a25f5410>,91,3,[10  1],120,182,185,62,176
1,<environment.Job instance at 0x1525a25f5cd0>,92,3,[6 2],122,185,188,63,176
1,<environment.Job instance at 0x1525a25f5820>,93,1,[2 9],123,178,179,55,176
1,<environment.Job instance at 0x1525a25f5640>,94,2,[8 2],126,188,190,62,176
1,<environment.Job instance at 0x1525a25f5500>,95,1,[1 5],129,179,180,50,176
1,<environment.Job instance at 0x15259c8cff00>,96,2,[6 2],130,190,192,60,176
1,<environment.Job instance at 0x15259bba45f0>,97,2,[5 1],132,180,182,48,176
1,<environment.Job instance at 0x15259bba4640>,98,13,[10  2],134,192,205,58,181
1,<environment.Job instance at 0x15259bd329b0>,107,12,[2 8],148,205,217,57,188
1,<environment.Job instance at 0x15259bd32b90>,108,2,[10  2],149,217,219,68,190
1,<environment.Job instance at 0x1525a5699640>,2,2,[1 7],5,5,7,0,5
1,<environment.Job instance at 0x15259ee71190>,3,3,[8 1],6,6,9,0,6
1,<environment.Job instance at 0x15259bbc1640>,4,2,[2 5],9,9,11,0,9
1,<environment.Job instance at 0x1525a5688dc0>,5,1,[10  2],10,11,12,1,10
1,<environment.Job instance at 0x1525a5694c80>,6,3,[2 8],11,12,15,1,11
1,<environment.Job instance at 0x1525a5688780>,7,3,[6 1],12,13,16,1,13
1,<environment.Job instance at 0x15259bef47d0>,18,3,[5 1],24,24,27,0,24
1,<environment.Job instance at 0x15259bedb3c0>,19,1,[9 2],28,28,29,0,28
1,<environment.Job instance at 0x1525a5688640>,8,14,[2 9],13,38,52,25,38
1,<environment.Job instance at 0x15259bef4730>,16,2,[10  1],22,52,54,30,44
1,<environment.Job instance at 0x15259c8364b0>,38,2,[8 2],58,223,225,165,223
1,<environment.Job instance at 0x15259eb77410>,55,12,[2 8],79,437,449,358,437
1,<environment.Job instance at 0x15259c7db4b0>,63,2,[2 7],91,449,451,358,437
1,<environment.Job instance at 0x15259ee29a00>,64,15,[10  2],93,470,485,377,470
1,<environment.Job instance at 0x15259eb6ee60>,81,2,[9 2],113,485,487,372,470
1,<environment.Job instance at 0x15259eb6e690>,82,3,[1 5],114,485,488,371,470
1,<environment.Job instance at 0x15259eb6ea00>,83,2,[1 9],115,488,490,373,470
1,<environment.Job instance at 0x15259ee36690>,84,2,[10  2],116,490,492,374,470
1,<environment.Job instance at 0x15259ee36f50>,85,2,[ 1 10],117,492,494,375,470
1,<environment.Job instance at 0x15259ee36e10>,86,1,[5 2],120,487,488,367,471
1,<environment.Job instance at 0x15259c836a00>,42,12,[8 1],62,1109,1121,1047,1109
1,<environment.Job instance at 0x15259b8be190>,0,2,[9 1],1,3,5,2,3
1,<environment.Job instance at 0x15259bd76af0>,40,15,[2 9],53,862,877,809,862
1,<environment.Job instance at 0x15259ba4ea00>,41,2,[2 6],54,877,879,823,862
1,<environment.Job instance at 0x15259ba4e460>,43,3,[2 6],57,879,882,822,869
1,<environment.Job instance at 0x1525e069caf0>,48,3,[2 5],62,882,885,820,881
1,<environment.Job instance at 0x1525e069cf00>,49,3,[1 7],64,885,888,821,881
1,<environment.Job instance at 0x1525e069ccd0>,50,2,[9 2],65,885,887,820,881
1,<environment.Job instance at 0x1525e069ce60>,51,2,[7 1],66,881,883,815,881
1,<environment.Job instance at 0x1525f1e94aa0>,52,1,[1 8],67,888,889,821,881
1,<environment.Job instance at 0x1525e069ceb0>,53,1,[8 1],68,883,884,815,881
1,<environment.Job instance at 0x1525e069cc30>,54,18,[10  1],69,889,907,820,889
1,<environment.Job instance at 0x15259f79d460>,59,2,[2 6],77,907,909,830,889
1,<environment.Job instance at 0x15259ec3cd70>,61,2,[6 2],79,907,909,828,898
1,<environment.Job instance at 0x15259f79d410>,62,15,[7 1],80,909,924,829,898
1,<environment.Job instance at 0x15259ec3c690>,63,2,[2 7],81,909,911,828,898
1,<environment.Job instance at 0x15259ba35780>,64,1,[7 2],82,924,925,842,898
1,<environment.Job instance at 0x15259ba35b40>,65,1,[1 9],83,911,912,828,898
1,<environment.Job instance at 0x15259ba35c80>,66,1,[1 8],84,912,913,828,898
1,<environment.Job instance at 0x15259ba35960>,67,16,[9 1],86,925,941,839,914
1,<environment.Job instance at 0x15259ba35320>,72,2,[8 2],93,941,943,848,914
1,<environment.Job instance at 0x15259ba35b90>,73,1,[2 7],95,914,915,819,914
1,<environment.Job instance at 0x15259ba351e0>,74,1,[1 8],96,915,916,819,914
1,<environment.Job instance at 0x15259ba35690>,75,1,[7 1],97,943,944,846,916
1,<environment.Job instance at 0x15259ba35460>,76,3,[5 2],98,944,947,846,918
1,<environment.Job instance at 0x15259ba35f50>,77,1,[10  1],99,947,948,848,919
1,<environment.Job instance at 0x15259ba356e0>,78,1,[ 1 10],100,948,949,848,920
1,<environment.Job instance at 0x15259ba35e10>,79,1,[2 5],101,920,921,819,920
1,<environment.Job instance at 0x15259ba35e60>,80,2,[ 1 10],102,949,951,847,930
1,<environment.Job instance at 0x15259ebe4410>,90,2,[8 2],118,951,953,833,930
1,<environment.Job instance at 0x15259ebe4d70>,91,1,[7 2],119,953,954,834,931
1,<environment.Job instance at 0x15259ebe44b0>,95,2,[10  1],123,954,956,831,935
1,<environment.Job instance at 0x15259ebe4870>,96,1,[8 2],124,956,957,832,935
1,<environment.Job instance at 0x15259ebe4eb0>,97,2,[5 1],125,944,946,819,935
1,<environment.Job instance at 0x15262b0d9820>,98,2,[6 1],126,957,959,831,935
1,<environment.Job instance at 0x1525e0965050>,99,3,[6 2],127,959,962,832,935
1,<environment.Job instance at 0x1525f1c40140>,100,3,[10  1],128,962,965,834,936
1,<environment.Job instance at 0x15259f88bc80>,101,18,[2 7],129,965,983,836,958
1,<environment.Job instance at 0x15259f88baa0>,105,18,[2 8],138,983,1001,845,973
1,<environment.Job instance at 0x15259bd760a0>,36,17,[1 8],48,1647,1664,1599,1647
1,<environment.Job instance at 0x15259b325050>,0,2,[2 9],2,4,6,2,4
1,<environment.Job instance at 0x15259ba4e190>,2,16,[9 1],4,6,22,2,4
1,<environment.Job instance at 0x15259ba4e2d0>,3,2,[2 9],6,22,24,16,10
1,<environment.Job instance at 0x1525a0f90b40>,6,2,[10  1],12,24,26,12,12
1,<environment.Job instance at 0x1525a0f90a50>,7,3,[9 2],13,26,29,13,13
1,<environment.Job instance at 0x1525a6298730>,8,1,[2 9],14,29,30,15,14
1,<environment.Job instance at 0x15259c8d14b0>,9,1,[7 2],16,30,31,14,16
1,<environment.Job instance at 0x1525a0f90370>,4,12,[8 1],9,31,43,22,23
1,<environment.Job instance at 0x15259bc90280>,21,18,[2 6],40,47,65,7,47
1,<environment.Job instance at 0x1525a621faa0>,27,2,[2 7],48,65,67,17,48
1,<environment.Job instance at 0x1525a621f690>,28,2,[2 8],50,67,69,17,56
1,<environment.Job instance at 0x15259bb87230>,34,2,[10  1],58,69,71,11,58
1,<environment.Job instance at 0x15259bb87d20>,35,3,[ 2 10],59,71,74,12,59
1,<environment.Job instance at 0x1525a56c3960>,44,3,[ 1 10],70,74,77,4,70
1,<environment.Job instance at 0x15259c8b9690>,45,1,[1 9],71,77,78,6,71
1,<environment.Job instance at 0x15259c8b95a0>,46,3,[7 2],72,78,81,6,72
1,<environment.Job instance at 0x15259b953370>,50,19,[9 2],80,88,107,8,88
1,<environment.Job instance at 0x15259ecb60f0>,65,1,[5 2],102,107,108,5,102
1,<environment.Job instance at 0x15259ecb6be0>,66,1,[5 1],103,107,108,4,103
1,<environment.Job instance at 0x15259c7cd280>,68,12,[ 1 10],107,108,120,1,107
1,<environment.Job instance at 0x15259babaaa0>,69,12,[1 9],108,120,132,12,109
1,<environment.Job instance at 0x1525a56bb2d0>,71,2,[ 2 10],110,132,134,22,110
1,<environment.Job instance at 0x15259f98fbe0>,76,1,[6 1],116,120,121,4,116
1,<environment.Job instance at 0x15259f98fd70>,78,3,[1 7],118,134,137,16,120
1,<environment.Job instance at 0x15259f98faf0>,79,1,[2 6],119,137,138,18,120
1,<environment.Job instance at 0x15259f98f050>,80,3,[2 9],120,138,141,18,120
1,<environment.Job instance at 0x15259f98ffa0>,81,2,[2 6],121,141,143,20,121
1,<environment.Job instance at 0x15259f98f280>,82,1,[2 6],122,143,144,21,122
1,<environment.Job instance at 0x15259f7cb870>,83,1,[7 2],124,134,135,10,124
1,<environment.Job instance at 0x15259ed6b7d0>,14,18,[9 2],28,1453,1471,1425,1453
1,<environment.Job instance at 0x15259c82dc30>,107,18,[7 1],149,1512,1530,1363,1512
1,<environment.Job instance at 0x15259ea8aeb0>,0,2,[2 7],2,4,6,2,4
1,<environment.Job instance at 0x15259f95cdc0>,3,3,[5 1],5,8,11,3,8
1,<environment.Job instance at 0x15259ecf4410>,6,2,[ 1 10],9,11,13,2,11
1,<environment.Job instance at 0x15259ba08280>,8,3,[2 5],12,14,17,2,14
1,<environment.Job instance at 0x15259ed0ccd0>,11,3,[1 9],15,17,20,2,17
1,<environment.Job instance at 0x15259ba08190>,12,3,[10  1],21,24,27,3,24
1,<environment.Job instance at 0x15259dfa2960>,17,1,[1 7],29,29,30,0,29
1,<environment.Job instance at 0x15259ba81730>,23,3,[10  2],41,44,47,3,44
1,<environment.Job instance at 0x15259c0716e0>,18,17,[9 1],35,49,66,14,49
1,<environment.Job instance at 0x15259c05f640>,32,1,[2 5],52,66,67,14,52
1,<environment.Job instance at 0x15259c05fc80>,33,16,[1 6],53,67,83,14,54
1,<environment.Job instance at 0x15259c05f7d0>,35,15,[ 2 10],56,83,98,27,69
1,<environment.Job instance at 0x1525a54baaf0>,41,2,[6 1],63,69,71,6,69
1,<environment.Job instance at 0x1525a61687d0>,42,1,[1 5],65,98,99,33,70
1,<environment.Job instance at 0x1525a6168b40>,43,3,[2 5],66,98,101,32,72
1,<environment.Job instance at 0x15259bcba0a0>,45,15,[1 7],68,101,116,33,87
1,<environment.Job instance at 0x15259be370a0>,53,2,[ 1 10],80,116,118,36,89
1,<environment.Job instance at 0x15259ea120f0>,69,17,[2 6],108,139,156,31,139
1,<environment.Job instance at 0x1525a61c45a0>,73,14,[1 7],115,156,170,41,141
1,<environment.Job instance at 0x1525a61c4640>,75,3,[5 1],117,141,144,24,141
1,<environment.Job instance at 0x1525a61c4c80>,84,3,[1 5],131,170,173,39,160
1,<environment.Job instance at 0x1525a61a9fa0>,97,2,[1 9],149,184,186,35,184
1,<environment.Job instance at 0x15259bae50a0>,2,17,[7 2],4,4,21,0,4
1,<environment.Job instance at 0x15259bf13550>,1,3,[1 8],3,8,11,5,8
1,<environment.Job instance at 0x15259eae19b0>,6,3,[6 2],10,21,24,11,12
1,<environment.Job instance at 0x15259bae55f0>,8,1,[6 2],13,24,25,11,22
1,<environment.Job instance at 0x1525a55b1cd0>,17,3,[ 1 10],27,44,47,17,44
1,<environment.Job instance at 0x1525a0f76c80>,19,2,[2 9],32,47,49,15,44
1,<environment.Job instance at 0x1525a568edc0>,36,1,[2 5],57,64,65,7,64
1,<environment.Job instance at 0x15259b8210f0>,37,3,[9 2],58,65,68,7,64
1,<environment.Job instance at 0x1525a568e500>,38,3,[1 7],59,65,68,6,64
1,<environment.Job instance at 0x1525a568e3c0>,39,1,[2 7],63,68,69,5,64
1,<environment.Job instance at 0x15259f7358c0>,40,13,[8 1],64,68,81,4,65
1,<environment.Job instance at 0x15259c020690>,58,15,[1 8],92,92,107,0,92
1,<environment.Job instance at 0x15259c0202d0>,60,1,[9 1],94,94,95,0,94
1,<environment.Job instance at 0x15259ec9c9b0>,63,2,[8 2],100,107,109,7,107
1,<environment.Job instance at 0x15259b6d3d70>,64,2,[5 2],101,109,111,8,107
1,<environment.Job instance at 0x15259b6d3320>,66,1,[1 9],103,111,112,8,107
1,<environment.Job instance at 0x15259b6d3230>,67,1,[7 1],104,111,112,7,107
1,<environment.Job instance at 0x15259b571cd0>,69,1,[2 8],106,109,110,3,109
1,<environment.Job instance at 0x15259b571a50>,70,13,[5 2],107,112,125,5,112
1,<environment.Job instance at 0x15259c0731e0>,73,2,[2 9],112,125,127,13,112
1,<environment.Job instance at 0x15259c858c80>,74,2,[1 9],113,127,129,14,113
1,<environment.Job instance at 0x15259c858960>,75,18,[8 1],114,125,143,11,116
1,<environment.Job instance at 0x15259c073960>,72,13,[1 7],111,144,157,33,144
1,<environment.Job instance at 0x15259ec17410>,2,1,[5 2],5,5,6,0,5
1,<environment.Job instance at 0x15259ee05f00>,3,2,[2 6],6,7,9,1,7
1,<environment.Job instance at 0x15259ee05910>,4,2,[10  2],7,9,11,2,8
1,<environment.Job instance at 0x15259be18d70>,12,1,[9 1],19,19,20,0,19
1,<environment.Job instance at 0x15259be18280>,16,1,[5 2],25,71,72,46,71
1,<environment.Job instance at 0x15259edec320>,49,1,[1 5],74,74,75,0,74
1,<environment.Job instance at 0x15259edecdc0>,50,16,[2 5],75,75,91,0,75
1,<environment.Job instance at 0x15259edec500>,51,2,[6 2],77,77,79,0,77
1,<environment.Job instance at 0x15259edeca00>,52,3,[2 6],78,91,94,13,78
1,<environment.Job instance at 0x15259edec280>,53,16,[2 6],80,99,115,19,99
1,<environment.Job instance at 0x15259bea5640>,69,1,[8 2],100,101,102,1,101
1,<environment.Job instance at 0x15259b5af4b0>,71,2,[8 2],107,107,109,0,107
1,<environment.Job instance at 0x15259ec2fd20>,83,3,[1 7],124,126,129,2,126
1,<environment.Job instance at 0x1525a61683c0>,8,15,[2 5],12,21,36,9,21
1,<environment.Job instance at 0x15259b354910>,17,14,[2 5],22,43,57,21,43
1,<environment.Job instance at 0x1525e0042460>,34,3,[1 6],50,57,60,7,53
1,<environment.Job instance at 0x15259b346190>,35,2,[2 7],51,60,62,9,53
1,<environment.Job instance at 0x15259c0ce910>,36,3,[7 1],53,53,56,0,53
1,<environment.Job instance at 0x15259ee72280>,37,3,[9 2],54,57,60,3,54
1,<environment.Job instance at 0x1525a62d4a50>,44,3,[9 2],71,80,83,9,80
1,<environment.Job instance at 0x15259c7572d0>,49,17,[2 9],81,83,100,2,83
1,<environment.Job instance at 0x15259b929f50>,61,2,[1 8],106,106,108,0,106
1,<environment.Job instance at 0x15259b929d20>,63,2,[ 1 10],108,109,111,1,109
1,<environment.Job instance at 0x15259c7a2f50>,65,2,[7 1],110,111,113,1,110
1,<environment.Job instance at 0x15259c7a2b90>,66,1,[10  1],111,113,114,2,111
1,<environment.Job instance at 0x15259c7a2280>,67,3,[1 8],112,114,117,2,112
1,<environment.Job instance at 0x15259c7a2e60>,68,3,[1 5],117,117,120,0,117
1,<environment.Job instance at 0x15259c7a2960>,69,18,[ 2 10],118,120,138,2,120
1,<environment.Job instance at 0x15259c7a2730>,72,12,[1 8],121,138,150,17,121
1,<environment.Job instance at 0x1525a61c4b40>,88,3,[6 1],143,148,151,5,148
1,<environment.Job instance at 0x1525a61c4640>,90,2,[2 9],146,150,152,4,148
1,<environment.Job instance at 0x1525a61c4230>,91,3,[8 2],149,152,155,3,149
1,<environment.Job instance at 0x15259b938140>,81,14,[6 2],134,155,169,21,155
1,<environment.Job instance at 0x15259b66a960>,0,1,[2 8],5,7,8,2,7
1,<environment.Job instance at 0x15259b608230>,3,1,[7 1],8,11,12,3,11
1,<environment.Job instance at 0x1525e04b84b0>,7,2,[1 6],12,12,14,0,12
1,<environment.Job instance at 0x1525a61a5c30>,8,14,[1 8],13,14,28,1,14
1,<environment.Job instance at 0x15259b893b90>,17,1,[5 2],23,23,24,0,23
1,<environment.Job instance at 0x15259eb34410>,20,3,[1 8],28,28,31,0,28
1,<environment.Job instance at 0x15259ee72b90>,21,1,[ 2 10],29,31,32,2,29
1,<environment.Job instance at 0x15259eb20690>,22,2,[7 2],30,32,34,2,30
1,<environment.Job instance at 0x15259becb050>,23,2,[1 6],31,32,34,1,31
1,<environment.Job instance at 0x15259bb35960>,25,13,[ 1 10],34,34,47,0,34
1,<environment.Job instance at 0x1525a42540a0>,26,2,[8 2],35,47,49,12,35
1,<environment.Job instance at 0x1525a42545f0>,27,1,[2 9],37,49,50,12,37
1,<environment.Job instance at 0x15259b3341e0>,28,2,[1 7],38,47,49,9,38
1,<environment.Job instance at 0x15259f95e1e0>,29,2,[8 1],39,49,51,10,39
1,<environment.Job instance at 0x15259f95eb90>,30,1,[5 1],40,51,52,11,40
1,<environment.Job instance at 0x1525a4265050>,33,1,[5 2],49,71,72,22,71
1,<environment.Job instance at 0x1525a4265410>,34,16,[ 1 10],50,72,88,22,71
1,<environment.Job instance at 0x1525a4265e10>,35,13,[1 5],51,88,101,37,79
1,<environment.Job instance at 0x15259b9fdc80>,4,12,[1 6],9,122,134,113,122
1,<environment.Job instance at 0x15259f961320>,46,2,[ 1 10],71,134,136,63,126
1,<environment.Job instance at 0x15259edbb0f0>,47,16,[1 5],72,136,152,64,129
1,<environment.Job instance at 0x15259edbb7d0>,48,3,[8 2],73,136,139,63,135
1,<environment.Job instance at 0x15259fc1fc80>,53,3,[2 5],80,159,162,79,159
1,<environment.Job instance at 0x1525a629d140>,54,2,[5 1],81,159,161,78,159
1,<environment.Job instance at 0x1525a629dd70>,55,2,[ 1 10],82,162,164,80,159
1,<environment.Job instance at 0x1525a629dcd0>,58,1,[8 2],86,172,173,86,172
1,<environment.Job instance at 0x15259eae6c80>,59,1,[8 1],87,173,174,86,172
1,<environment.Job instance at 0x15259eae6870>,60,24,[2 9],88,173,197,85,172
1,<environment.Job instance at 0x15259f7c7780>,61,1,[2 7],91,172,173,81,172
1,<environment.Job instance at 0x15259bb25190>,66,2,[7 1],99,189,191,90,189
1,<environment.Job instance at 0x15259bc2d5a0>,67,2,[2 7],100,197,199,97,189
1,<environment.Job instance at 0x15259bc2d550>,68,1,[6 2],101,197,198,96,189
1,<environment.Job instance at 0x15259bc2d230>,69,2,[1 5],102,199,201,97,189
1,<environment.Job instance at 0x15259bc2dfa0>,70,13,[ 2 10],103,201,214,98,189
1,<environment.Job instance at 0x15259bc2da50>,71,3,[7 1],104,191,194,87,189
1,<environment.Job instance at 0x1525a54bbaa0>,72,3,[7 2],105,198,201,93,189
1,<environment.Job instance at 0x1525a54bb320>,74,1,[6 2],110,214,215,104,213
1,<environment.Job instance at 0x1525a54bb230>,75,16,[5 2],112,216,232,104,216
1,<environment.Job instance at 0x1525a54bb7d0>,76,3,[9 2],114,232,235,118,216
1,<environment.Job instance at 0x15259f947fa0>,78,1,[1 5],116,240,241,124,240
1,<environment.Job instance at 0x1525a54bb460>,79,3,[ 2 10],117,242,245,125,242
1,<environment.Job instance at 0x15259c7f0230>,80,3,[2 9],118,245,248,127,243
1,<environment.Job instance at 0x15259f7cbf00>,94,1,[9 1],139,293,294,154,293
1,<environment.Job instance at 0x15259f7cbf50>,95,2,[8 2],140,294,296,154,293
1,<environment.Job instance at 0x15259f7cb910>,96,2,[2 5],142,294,296,152,294
1,<environment.Job instance at 0x15259f7cb9b0>,97,3,[2 6],143,296,299,153,295
1,<environment.Job instance at 0x15259f7cbaf0>,98,14,[2 6],144,309,323,165,309
1,<environment.Job instance at 0x15259f7cb960>,100,1,[8 2],147,309,310,162,309
1,<environment.Job instance at 0x15259f7cb690>,101,15,[2 6],148,323,338,175,309
1,<environment.Job instance at 0x15259f7cbd70>,102,3,[7 1],149,310,313,161,309
1,<environment.Job instance at 0x15259f7cb2d0>,93,18,[10  2],138,2100,2118,1962,2100
1,<environment.Job instance at 0x15259fbdc280>,0,3,[2 7],2,3,6,1,3
1,<environment.Job instance at 0x15259fbdcc30>,2,2,[6 1],4,6,8,2,6
1,<environment.Job instance at 0x15259f8e46e0>,5,3,[8 2],8,8,11,0,8
1,<environment.Job instance at 0x15259b8acf50>,6,3,[6 2],9,13,16,4,13
1,<environment.Job instance at 0x1525a556f8c0>,10,15,[9 1],13,16,31,3,14
1,<environment.Job instance at 0x15259b4fe410>,15,2,[6 1],19,31,33,12,20
1,<environment.Job instance at 0x15259bb58eb0>,17,2,[6 1],21,33,35,12,22
1,<environment.Job instance at 0x15259bb58d70>,19,3,[7 1],23,35,38,12,23
1,<environment.Job instance at 0x15259bb581e0>,20,2,[2 9],25,31,33,6,25
1,<environment.Job instance at 0x15259b9be690>,21,3,[5 2],27,38,41,11,27
1,<environment.Job instance at 0x15259b3b9370>,24,2,[1 5],30,33,35,3,30
1,<environment.Job instance at 0x15259f75cbe0>,25,14,[5 1],31,38,52,7,31
1,<environment.Job instance at 0x15259bfd6230>,37,20,[10  2],54,56,76,2,56
1,<environment.Job instance at 0x15259b9d75f0>,42,13,[10  1],60,76,89,16,63
1,<environment.Job instance at 0x15259bb21460>,55,16,[1 7],82,89,105,7,85
1,<environment.Job instance at 0x15259f920870>,58,3,[ 2 10],85,105,108,20,88
1,<environment.Job instance at 0x15259f9200f0>,62,3,[2 7],90,108,111,18,90
1,<environment.Job instance at 0x15259c7f6c80>,63,3,[9 2],91,91,94,0,91
1,<environment.Job instance at 0x15259b5fa3c0>,23,3,[2 5],29,111,114,82,92
1,<environment.Job instance at 0x15259c7f6500>,70,3,[6 1],101,108,111,7,103
1,<environment.Job instance at 0x1525a61ebc30>,1,3,[1 8],2,6,9,4,6
1,<environment.Job instance at 0x15259bbd8be0>,3,15,[1 8],6,9,24,3,7
1,<environment.Job instance at 0x15259b840a50>,22,1,[10  2],40,945,946,905,945
1,<environment.Job instance at 0x15259b840b90>,23,3,[2 5],41,946,949,905,945
1,<environment.Job instance at 0x15259b840550>,24,1,[ 1 10],42,949,950,907,945
1,<environment.Job instance at 0x15259ec961e0>,25,2,[9 1],43,950,952,907,945
1,<environment.Job instance at 0x15259ec96d20>,26,2,[7 2],44,946,948,902,946
1,<environment.Job instance at 0x15259ec960a0>,27,3,[8 1],45,952,955,907,946
1,<environment.Job instance at 0x15259ec5a910>,0,3,[8 2],1,3,6,2,3
1,<environment.Job instance at 0x15259b331870>,6,16,[8 2],7,13,29,6,13
1,<environment.Job instance at 0x15259b331f00>,10,1,[2 8],14,14,15,0,14
1,<environment.Job instance at 0x15259b331aa0>,11,2,[ 1 10],16,29,31,13,16
1,<environment.Job instance at 0x15259fc8daa0>,18,16,[1 8],25,31,47,6,25
1,<environment.Job instance at 0x15259fc8a870>,19,2,[6 2],27,31,33,4,30
1,<environment.Job instance at 0x15259ecdf4b0>,23,3,[2 5],32,47,50,15,32
1,<environment.Job instance at 0x15259d339910>,24,3,[5 2],34,42,45,8,42
1,<environment.Job instance at 0x1525e06d82d0>,30,16,[ 2 10],43,50,66,7,44
1,<environment.Job instance at 0x15259b2cd8c0>,32,14,[ 1 10],46,66,80,20,57
1,<environment.Job instance at 0x15259be86aa0>,56,15,[ 1 10],79,80,95,1,79
1,<environment.Job instance at 0x15259be864b0>,57,3,[2 7],80,95,98,15,83
1,<environment.Job instance at 0x15259b8124b0>,61,2,[2 6],84,98,100,14,86
1,<environment.Job instance at 0x15259b812320>,68,3,[1 9],92,100,103,8,93
1,<environment.Job instance at 0x15259b812500>,69,3,[9 2],94,103,106,9,94
1,<environment.Job instance at 0x15259c754eb0>,76,1,[8 2],109,109,110,0,109
1,<environment.Job instance at 0x15259c754190>,77,17,[5 1],110,114,131,4,114
1,<environment.Job instance at 0x15259c754460>,80,2,[7 1],115,131,133,16,115
1,<environment.Job instance at 0x1525f1c3cc30>,81,3,[6 1],117,133,136,16,117
1,<environment.Job instance at 0x1525f1c3ce60>,82,1,[2 5],118,118,119,0,118
1,<environment.Job instance at 0x1525f1c3cb90>,83,1,[8 1],122,136,137,14,123
1,<environment.Job instance at 0x1525f1c3c8c0>,86,15,[6 1],125,139,154,14,139
1,<environment.Job instance at 0x1525e0992280>,93,1,[7 1],135,154,155,19,139
1,<environment.Job instance at 0x15259c09bf50>,96,2,[2 5],139,159,161,20,159
1,<environment.Job instance at 0x15259c772c30>,2,18,[8 2],4,4,22,0,4
1,<environment.Job instance at 0x15259c8070a0>,10,1,[9 1],16,22,23,6,16
1,<environment.Job instance at 0x15259b46f460>,24,2,[2 6],38,39,41,1,39
1,<environment.Job instance at 0x15259ec46410>,25,15,[5 1],41,41,56,0,41
1,<environment.Job instance at 0x15259d362a00>,26,18,[1 7],42,42,60,0,42
1,<environment.Job instance at 0x15259bfd0d70>,27,16,[1 7],44,60,76,16,48
1,<environment.Job instance at 0x15259c8a9460>,32,1,[8 1],50,56,57,6,50
1,<environment.Job instance at 0x15259b8a5af0>,33,1,[1 8],51,76,77,25,51
1,<environment.Job instance at 0x15259b8a5410>,34,13,[1 7],53,77,90,24,61
1,<environment.Job instance at 0x15259fc826e0>,39,2,[6 2],62,62,64,0,62
1,<environment.Job instance at 0x15259fc82690>,40,3,[1 5],63,90,93,27,64
1,<environment.Job instance at 0x15259fc82140>,41,1,[1 6],64,93,94,29,65
1,<environment.Job instance at 0x15259b358780>,42,3,[9 1],65,65,68,0,65
1,<environment.Job instance at 0x15259b689fa0>,43,2,[7 1],67,68,70,1,67
1,<environment.Job instance at 0x15259ec2a5f0>,50,13,[2 7],80,94,107,14,91
1,<environment.Job instance at 0x15259fc613c0>,55,3,[1 7],87,107,110,20,91
1,<environment.Job instance at 0x1525a25e2dc0>,56,3,[6 1],88,91,94,3,91
1,<environment.Job instance at 0x1525a25e2780>,58,2,[1 8],90,110,112,20,92
1,<environment.Job instance at 0x15259ba489b0>,61,3,[8 2],97,98,101,1,98
1,<environment.Job instance at 0x15259ba48b90>,63,14,[1 6],100,120,134,20,120
1,<environment.Job instance at 0x15259c84e410>,66,15,[6 1],104,132,147,28,132
1,<environment.Job instance at 0x15259b773820>,70,1,[9 1],108,147,148,39,132
1,<environment.Job instance at 0x15259f982460>,91,1,[1 5],137,144,145,7,144
1,<environment.Job instance at 0x15259bc6de10>,92,1,[2 9],139,145,146,6,144
1,<environment.Job instance at 0x15259bc6d5f0>,93,14,[8 2],140,148,162,8,144
1,<environment.Job instance at 0x15259bc6d5a0>,94,2,[8 2],142,162,164,20,144
1,<environment.Job instance at 0x15259bbccaa0>,95,3,[6 2],144,164,167,20,144
1,<environment.Job instance at 0x15259b8290f0>,96,2,[2 9],146,167,169,21,146
1,<environment.Job instance at 0x15259b8297d0>,97,1,[8 2],147,169,170,22,147
1,<environment.Job instance at 0x15259b829190>,98,3,[5 1],148,170,173,22,148
1,<environment.Job instance at 0x15259bb84d20>,99,3,[8 1],149,173,176,24,149
1,<environment.Job instance at 0x15259ed8ef00>,8,3,[1 6],11,12,15,1,12
1,<environment.Job instance at 0x15259ed8ecd0>,13,1,[8 2],17,21,22,4,21
1,<environment.Job instance at 0x15259ed8e5f0>,14,1,[9 1],21,22,23,1,21
1,<environment.Job instance at 0x15259ed8ec80>,15,14,[2 6],22,23,37,1,23
1,<environment.Job instance at 0x1525a5643370>,16,1,[5 1],28,28,29,0,28
1,<environment.Job instance at 0x1525a5643550>,17,3,[2 9],30,37,40,7,30
1,<environment.Job instance at 0x1525a5643460>,18,1,[6 2],32,32,33,0,32
1,<environment.Job instance at 0x1525a5643230>,19,18,[2 6],34,40,58,6,37
1,<environment.Job instance at 0x15259b412370>,25,2,[2 9],41,58,60,17,42
1,<environment.Job instance at 0x15259b412cd0>,31,2,[2 7],48,60,62,12,54
1,<environment.Job instance at 0x1525a5643870>,21,13,[8 2],37,60,73,23,54
1,<environment.Job instance at 0x15259b412280>,32,13,[1 8],49,62,75,13,57
1,<environment.Job instance at 0x15259b7c21e0>,39,17,[6 1],59,76,93,17,76
1,<environment.Job instance at 0x15259b416870>,46,1,[2 8],69,76,77,7,76
1,<environment.Job instance at 0x15259b416730>,47,3,[2 5],70,77,80,7,76
1,<environment.Job instance at 0x15259b416dc0>,48,1,[2 9],71,80,81,9,76
1,<environment.Job instance at 0x15259b416e60>,49,18,[1 5],72,81,99,9,76
1,<environment.Job instance at 0x15259b416910>,50,1,[7 2],75,93,94,18,76
1,<environment.Job instance at 0x15259b4161e0>,51,12,[10  2],77,99,111,22,83
1,<environment.Job instance at 0x15259b7aae10>,74,2,[9 2],107,796,798,689,796
1,<environment.Job instance at 0x15259b7aa050>,75,3,[2 8],108,798,801,690,796
1,<environment.Job instance at 0x15259b7aa0a0>,76,16,[5 2],109,798,814,689,797
1,<environment.Job instance at 0x15259b7aa230>,77,3,[5 2],110,801,804,691,797
1,<environment.Job instance at 0x15259b7aa0f0>,78,1,[6 2],111,814,815,703,797
1,<environment.Job instance at 0x15259b7aaaa0>,82,2,[9 1],116,837,839,721,837
1,<environment.Job instance at 0x15259b7aa370>,83,3,[ 1 10],117,839,842,722,837
1,<environment.Job instance at 0x15259b7aa3c0>,84,2,[8 1],118,842,844,724,837
1,<environment.Job instance at 0x15259b7aafa0>,85,2,[1 9],119,837,839,718,837
1,<environment.Job instance at 0x15259b7aae60>,86,3,[1 8],120,842,845,722,837
1,<environment.Job instance at 0x15259b7aa5a0>,87,21,[1 8],122,845,866,723,837
1,<environment.Job instance at 0x15259b7aa690>,88,3,[1 7],125,866,869,741,842
1,<environment.Job instance at 0x15259b7aa550>,89,1,[1 5],126,869,870,743,846
1,<environment.Job instance at 0x15259b7aad70>,93,3,[6 2],134,846,849,712,846
1,<environment.Job instance at 0x15259ee0a0f0>,95,3,[10  2],138,870,873,732,846
1,<environment.Job instance at 0x15259ee0a1e0>,96,2,[ 2 10],139,873,875,734,846
1,<environment.Job instance at 0x15259ee0a780>,102,12,[1 9],148,875,887,727,862
1,<environment.Job instance at 0x14749ddaab90>,0,17,[ 1 10],3,9,26,6,9
1,<environment.Job instance at 0x147448886910>,7,3,[5 1],10,26,29,16,10
1,<environment.Job instance at 0x147448878190>,8,13,[ 2 10],11,29,42,18,13
1,<environment.Job instance at 0x147448878e10>,10,3,[7 2],14,42,45,28,16
1,<environment.Job instance at 0x147448878280>,13,13,[1 5],17,42,55,25,41
1,<environment.Job instance at 0x14744885cd70>,23,3,[7 2],30,45,48,15,41
1,<environment.Job instance at 0x14744886dcd0>,24,20,[ 1 10],32,55,75,23,46
1,<environment.Job instance at 0x14744814e500>,30,3,[1 8],41,75,78,34,49
1,<environment.Job instance at 0x14744814ecd0>,31,3,[8 1],42,49,52,7,49
1,<environment.Job instance at 0x14744814e1e0>,32,16,[9 1],43,75,91,32,71
1,<environment.Job instance at 0x147448872e60>,52,1,[8 1],70,91,92,21,71
1,<environment.Job instance at 0x1474483bfd20>,53,1,[7 2],72,92,93,20,72
1,<environment.Job instance at 0x1474483bf410>,54,2,[10  1],74,93,95,19,74
1,<environment.Job instance at 0x147448871eb0>,55,2,[2 7],75,91,93,16,75
1,<environment.Job instance at 0x1474488710f0>,56,18,[1 7],79,95,113,16,84
1,<environment.Job instance at 0x147448871e60>,57,3,[1 9],80,86,89,6,86
1,<environment.Job instance at 0x147448158550>,61,2,[5 2],87,95,97,8,87
1,<environment.Job instance at 0x147448158730>,62,2,[1 5],89,89,91,0,89
1,<environment.Job instance at 0x1474481587d0>,63,2,[7 2],90,97,99,7,91
1,<environment.Job instance at 0x147448158820>,65,2,[2 7],93,113,115,20,93
1,<environment.Job instance at 0x147448158960>,66,2,[9 2],94,99,101,5,94
1,<environment.Job instance at 0x147448158aa0>,67,15,[1 9],95,115,130,20,101
1,<environment.Job instance at 0x147448158e10>,68,1,[1 5],98,130,131,32,102
1,<environment.Job instance at 0x147448158dc0>,69,1,[10  2],101,131,132,30,103
1,<environment.Job instance at 0x147448158e60>,70,1,[8 1],102,103,104,1,103
1,<environment.Job instance at 0x147448158c80>,71,2,[1 6],103,132,134,29,105
1,<environment.Job instance at 0x14744815d230>,72,2,[2 6],106,134,136,28,107
1,<environment.Job instance at 0x14744815d140>,74,2,[1 5],108,136,138,28,109
1,<environment.Job instance at 0x14744815d460>,75,17,[9 2],110,136,153,26,130
1,<environment.Job instance at 0x14744815df00>,83,2,[9 1],123,132,134,9,130
1,<environment.Job instance at 0x14744815de60>,84,18,[2 5],124,153,171,29,142
1,<environment.Job instance at 0x147448160140>,85,2,[1 5],125,142,144,17,142
1,<environment.Job instance at 0x1474481606e0>,90,1,[5 2],133,153,154,20,142
1,<environment.Job instance at 0x1474481607d0>,91,1,[5 2],134,154,155,20,142
1,<environment.Job instance at 0x147448160550>,92,16,[1 9],136,171,187,35,164
1,<environment.Job instance at 0x1474481629b0>,103,2,[2 5],156,165,167,9,165
1,<environment.Job instance at 0x147448162aa0>,105,1,[9 2],159,187,188,28,166
1,<environment.Job instance at 0x14744887c4b0>,48,15,[ 2 10],61,255,270,194,255
1,<environment.Job instance at 0x147448176820>,2,2,[2 8],3,4,6,1,4
1,<environment.Job instance at 0x147451977960>,8,13,[9 1],12,12,25,0,12
1,<environment.Job instance at 0x147451977640>,10,16,[6 1],17,25,41,8,17
1,<environment.Job instance at 0x147451769d70>,23,1,[ 1 10],32,41,42,9,37
1,<environment.Job instance at 0x14745168aaf0>,26,18,[ 2 10],36,42,60,6,39
1,<environment.Job instance at 0x1474516e0460>,27,3,[ 1 10],37,60,63,23,39
1,<environment.Job instance at 0x1474516abdc0>,28,2,[8 2],38,63,65,25,39
1,<environment.Job instance at 0x1474516abf00>,29,2,[ 2 10],40,65,67,25,40
1,<environment.Job instance at 0x1474515e6780>,30,2,[2 5],41,63,65,22,41
1,<environment.Job instance at 0x1474521e9dc0>,31,1,[1 5],42,67,68,25,42
1,<environment.Job instance at 0x14745197d640>,34,3,[2 6],45,68,71,23,60
1,<environment.Job instance at 0x14745197d280>,35,18,[ 1 10],57,71,89,14,65
1,<environment.Job instance at 0x1474517708c0>,46,3,[1 6],72,89,92,17,89
1,<environment.Job instance at 0x1474521ea8c0>,53,2,[9 2],80,89,91,9,89
1,<environment.Job instance at 0x1474521ea5a0>,54,2,[6 1],82,91,93,9,89
1,<environment.Job instance at 0x1474516cce10>,55,1,[10  1],83,93,94,10,89
1,<environment.Job instance at 0x1474519783c0>,56,2,[6 1],84,94,96,10,89
1,<environment.Job instance at 0x147451978370>,57,13,[2 9],85,94,107,9,89
1,<environment.Job instance at 0x147451978640>,58,3,[9 1],89,107,110,18,90
1,<environment.Job instance at 0x147451978730>,59,3,[1 7],90,107,110,17,93
1,<environment.Job instance at 0x147451978fa0>,60,3,[10  1],91,110,113,19,93
1,<environment.Job instance at 0x147451978f00>,61,2,[1 5],92,113,115,21,95
1,<environment.Job instance at 0x14745176c4b0>,62,15,[ 1 10],95,115,130,20,101
1,<environment.Job instance at 0x14745176c280>,64,1,[7 1],99,101,102,2,101
1,<environment.Job instance at 0x14745176c460>,65,2,[1 8],101,130,132,29,103
1,<environment.Job instance at 0x147451746730>,66,1,[1 6],102,132,133,30,104
1,<environment.Job instance at 0x147451746230>,67,3,[10  2],103,133,136,30,107
1,<environment.Job instance at 0x147451746780>,68,2,[8 2],104,113,115,9,107
1,<environment.Job instance at 0x147451746dc0>,69,2,[5 2],105,130,132,25,107
1,<environment.Job instance at 0x147451746320>,70,3,[1 8],107,136,139,29,110
1,<environment.Job instance at 0x1474517464b0>,71,2,[5 2],109,136,138,27,110
1,<environment.Job instance at 0x147451746820>,72,2,[2 7],111,139,141,28,112
1,<environment.Job instance at 0x1474517463c0>,73,3,[ 2 10],113,168,171,55,168
1,<environment.Job instance at 0x1474519a09b0>,103,12,[1 9],151,188,200,37,188
1,<environment.Job instance at 0x1474519a0730>,104,14,[ 2 10],152,200,214,48,195
1,<environment.Job instance at 0x1474519a0e10>,108,2,[1 6],158,214,216,56,195
1,<environment.Job instance at 0x1474519a0aa0>,101,15,[2 7],149,216,231,67,213
1,<environment.Job instance at 0x14744b8a3410>,0,2,[ 1 10],1,10,12,9,10
1,<environment.Job instance at 0x147447b555a0>,8,2,[6 2],11,12,14,1,11
1,<environment.Job instance at 0x147447b55aa0>,9,2,[2 6],14,14,16,0,14
1,<environment.Job instance at 0x147447b5cf50>,10,1,[1 7],15,16,17,1,15
1,<environment.Job instance at 0x147447b5ca00>,11,2,[10  2],16,17,19,1,16
1,<environment.Job instance at 0x147447b5c960>,12,2,[6 2],17,19,21,2,18
1,<environment.Job instance at 0x147447b5ce10>,14,1,[7 2],19,21,22,2,19
1,<environment.Job instance at 0x1474502eff50>,25,2,[2 8],32,64,66,32,64
1,<environment.Job instance at 0x1474515be0f0>,32,2,[5 1],49,64,66,15,64
1,<environment.Job instance at 0x1474515be640>,33,1,[1 7],50,66,67,16,64
1,<environment.Job instance at 0x1474515be320>,34,12,[6 1],51,66,78,15,64
1,<environment.Job instance at 0x1474515bed20>,35,12,[1 8],52,67,79,15,64
1,<environment.Job instance at 0x1474515bea50>,36,3,[1 6],54,79,82,25,64
1,<environment.Job instance at 0x14744b7f0190>,42,3,[2 5],62,82,85,20,71
1,<environment.Job instance at 0x14744b7f0460>,43,3,[1 7],63,85,88,22,71
1,<environment.Job instance at 0x14744b7f0280>,44,3,[5 1],64,78,81,14,71
1,<environment.Job instance at 0x14744ba23cd0>,46,1,[9 1],66,81,82,15,71
1,<environment.Job instance at 0x14744ba23e10>,47,18,[1 8],67,88,106,21,77
1,<environment.Job instance at 0x14744ba23730>,49,3,[5 2],71,82,85,11,77
1,<environment.Job instance at 0x147448b8ee60>,50,1,[6 1],72,85,86,13,77
1,<environment.Job instance at 0x14745239e5a0>,51,1,[8 1],73,86,87,13,77
1,<environment.Job instance at 0x1474523a9af0>,53,13,[9 2],77,87,100,10,77
1,<environment.Job instance at 0x14744ba230f0>,48,17,[10  1],68,106,123,38,105
1,<environment.Job instance at 0x1474502e9820>,67,1,[1 7],100,123,124,23,117
1,<environment.Job instance at 0x14744aef6e60>,54,18,[7 2],81,138,156,57,138
1,<environment.Job instance at 0x14744aa95320>,74,2,[8 2],109,156,158,47,138
1,<environment.Job instance at 0x14744aa95a50>,75,15,[10  2],110,158,173,48,151
1,<environment.Job instance at 0x14744aa95cd0>,76,1,[7 2],111,173,174,62,151
1,<environment.Job instance at 0x14744aa95c30>,80,1,[2 7],116,173,174,57,158
1,<environment.Job instance at 0x14744aa95f50>,81,3,[10  2],117,174,177,57,158
1,<environment.Job instance at 0x14744aa955a0>,82,14,[ 1 10],119,177,191,58,162
1,<environment.Job instance at 0x14744aa95e60>,83,2,[2 8],123,191,193,68,165
1,<environment.Job instance at 0x14744b80e500>,93,3,[1 8],134,196,199,62,196
1,<environment.Job instance at 0x14744b80e0f0>,90,3,[2 8],131,199,202,68,196
1,<environment.Job instance at 0x1474502e5320>,105,18,[2 8],149,214,232,65,214
1,<environment.Job instance at 0x14744b7ea870>,111,14,[10  2],158,232,246,74,217
1,<environment.Job instance at 0x14744b7ea410>,112,1,[1 5],159,246,247,87,218
1,<environment.Job instance at 0x147450307550>,0,1,[8 1],2,5,6,3,5
1,<environment.Job instance at 0x147452229410>,6,18,[10  2],10,11,29,1,11
1,<environment.Job instance at 0x147447e43fa0>,4,1,[1 5],8,29,30,21,14
1,<environment.Job instance at 0x147448119730>,11,1,[1 7],15,30,31,15,19
1,<environment.Job instance at 0x14744ad3bb40>,25,14,[9 2],38,49,63,11,49
1,<environment.Job instance at 0x147447921c30>,31,2,[7 2],50,63,65,13,50
1,<environment.Job instance at 0x147447921f00>,34,1,[2 9],54,65,66,11,54
1,<environment.Job instance at 0x147447c02870>,35,2,[8 1],56,65,67,9,56
1,<environment.Job instance at 0x147447c02820>,36,2,[9 2],58,67,69,9,58
1,<environment.Job instance at 0x147447c02e10>,37,2,[6 1],59,69,71,10,59
1,<environment.Job instance at 0x147447c02c80>,38,3,[ 1 10],60,71,74,11,60
1,<environment.Job instance at 0x147447c02910>,39,1,[7 1],61,74,75,13,61
1,<environment.Job instance at 0x1474519776e0>,40,2,[1 6],62,62,64,0,62
1,<environment.Job instance at 0x1474515b7f00>,41,2,[1 6],63,66,68,3,63
1,<environment.Job instance at 0x1474515bee10>,42,3,[6 2],64,75,78,11,64
1,<environment.Job instance at 0x1474515bef00>,43,1,[10  1],66,78,79,12,66
1,<environment.Job instance at 0x14745176f320>,44,3,[6 2],67,79,82,12,67
1,<environment.Job instance at 0x147447dd55f0>,45,1,[2 8],68,69,70,1,68
1,<environment.Job instance at 0x14744b8a4b40>,46,1,[6 1],70,82,83,12,72
1,<environment.Job instance at 0x14744aa8beb0>,48,3,[7 1],73,83,86,10,73
1,<environment.Job instance at 0x14745174d730>,49,3,[2 7],75,75,78,0,75
1,<environment.Job instance at 0x147452229640>,9,13,[1 8],13,79,92,66,76
1,<environment.Job instance at 0x14744794bd70>,51,13,[10  1],80,92,105,12,82
1,<environment.Job instance at 0x147447909a50>,52,12,[1 5],82,105,117,23,100
1,<environment.Job instance at 0x147451728780>,72,12,[2 7],116,117,129,1,117
1,<environment.Job instance at 0x14744ae3d9b0>,74,3,[ 1 10],118,132,135,14,132
1,<environment.Job instance at 0x1474516e6a00>,84,3,[9 1],133,135,138,2,133
1,<environment.Job instance at 0x147447de9230>,85,3,[7 2],135,138,141,3,135
1,<environment.Job instance at 0x147447de9730>,86,14,[8 2],136,142,156,6,142
1,<environment.Job instance at 0x147447c000a0>,92,2,[9 1],143,156,158,13,145
1,<environment.Job instance at 0x147447c00320>,93,2,[2 7],145,145,147,0,145
1,<environment.Job instance at 0x147447dec2d0>,94,2,[10  1],147,158,160,11,147
1,<environment.Job instance at 0x147447dec050>,95,15,[8 1],149,160,175,11,156
1,<environment.Job instance at 0x147451724dc0>,100,2,[7 1],157,175,177,18,157
1,<environment.Job instance at 0x147451724cd0>,101,3,[1 8],159,160,163,1,159
1,<environment.Job instance at 0x147447c00820>,91,16,[10  2],142,226,242,84,226
1,<environment.Job instance at 0x1474515c0dc0>,0,2,[2 9],2,3,5,1,3
1,<environment.Job instance at 0x147447bfc2d0>,2,1,[2 9],4,5,6,1,5
1,<environment.Job instance at 0x147447bfc050>,5,14,[1 9],8,9,23,1,9
1,<environment.Job instance at 0x147447bfc5a0>,7,1,[1 5],12,23,24,11,15
1,<environment.Job instance at 0x147447bfc500>,11,3,[8 1],17,17,20,0,17
1,<environment.Job instance at 0x147447bfc140>,12,1,[1 9],19,24,25,5,19
1,<environment.Job instance at 0x147447bfc0a0>,13,1,[2 9],20,25,26,5,20
1,<environment.Job instance at 0x147447bfce10>,14,1,[2 9],21,26,27,5,21
1,<environment.Job instance at 0x1474515c0050>,1,16,[1 8],3,27,43,24,22
1,<environment.Job instance at 0x147447bfc910>,15,14,[1 6],24,43,57,19,28
1,<environment.Job instance at 0x147447d49af0>,20,3,[1 8],30,57,60,27,31
1,<environment.Job instance at 0x147447d49c80>,21,17,[8 2],33,52,69,19,52
1,<environment.Job instance at 0x147447bd3780>,34,1,[8 1],53,69,70,16,53
1,<environment.Job instance at 0x147447bd3370>,35,2,[8 2],54,70,72,16,54
1,<environment.Job instance at 0x147447bd31e0>,36,1,[1 7],55,60,61,5,55
1,<environment.Job instance at 0x147447bd37d0>,37,3,[2 9],56,72,75,16,57
1,<environment.Job instance at 0x147447d639b0>,39,3,[1 8],62,63,66,1,63
1,<environment.Job instance at 0x147447db1eb0>,52,3,[10  2],80,81,84,1,81
1,<environment.Job instance at 0x147447db1d20>,54,1,[2 9],83,84,85,1,84
1,<environment.Job instance at 0x147447db1050>,58,15,[1 7],88,88,103,0,88
1,<environment.Job instance at 0x147447db13c0>,59,15,[5 1],89,91,106,2,91
1,<environment.Job instance at 0x14744b7ec5a0>,62,3,[1 5],92,103,106,11,92
1,<environment.Job instance at 0x14744b7ec640>,63,3,[1 6],93,106,109,13,93
1,<environment.Job instance at 0x14744b7ec730>,64,2,[2 6],94,109,111,15,94
1,<environment.Job instance at 0x14744b7ec500>,65,1,[9 1],95,106,107,11,95
1,<environment.Job instance at 0x147447beed20>,66,1,[ 2 10],96,111,112,15,96
1,<environment.Job instance at 0x147447bee8c0>,67,2,[1 8],98,112,114,14,98
1,<environment.Job instance at 0x147447bee820>,68,16,[5 1],99,112,128,13,101
1,<environment.Job instance at 0x147447d6dd70>,70,3,[10  2],102,128,131,26,111
1,<environment.Job instance at 0x1474523ae640>,98,2,[2 6],134,180,182,46,180
1,<environment.Job instance at 0x14748c0c2d20>,104,1,[7 1],147,180,181,33,180
1,<environment.Job instance at 0x147447b68c30>,105,14,[1 5],148,182,196,34,180
1,<environment.Job instance at 0x14744aede2d0>,109,12,[8 1],154,253,265,99,253
1,<environment.Job instance at 0x14748c9d1f00>,1,15,[1 9],3,6,21,3,6
1,<environment.Job instance at 0x14744892b230>,4,2,[5 2],7,21,23,14,7
1,<environment.Job instance at 0x147448925f50>,16,12,[10  1],26,29,41,3,29
1,<environment.Job instance at 0x147447a8acd0>,21,16,[1 6],31,41,57,10,31
1,<environment.Job instance at 0x147448097c80>,31,15,[2 9],45,57,72,12,45
1,<environment.Job instance at 0x14744b9b7410>,36,2,[2 5],52,72,74,20,54
1,<environment.Job instance at 0x14744b9b7eb0>,37,14,[5 2],55,72,86,17,57
1,<environment.Job instance at 0x14745176bc30>,39,2,[2 5],58,74,76,16,58
1,<environment.Job instance at 0x14744b8ab370>,40,3,[2 8],59,78,81,19,78
1,<environment.Job instance at 0x147447b13410>,54,1,[8 2],80,86,87,6,83
1,<environment.Job instance at 0x14744b9eb550>,56,1,[5 2],85,90,91,5,90
1,<environment.Job instance at 0x14744b9eb0a0>,58,2,[10  2],91,91,93,0,91
1,<environment.Job instance at 0x14744b9eb0f0>,59,1,[1 8],92,93,94,1,92
1,<environment.Job instance at 0x14744b9eb9b0>,60,1,[9 1],94,94,95,0,94
1,<environment.Job instance at 0x14744b9eb640>,61,3,[2 7],95,95,98,0,95
1,<environment.Job instance at 0x14744b9eb190>,62,2,[ 2 10],96,98,100,2,98
1,<environment.Job instance at 0x14744b9eb6e0>,64,13,[1 6],99,100,113,1,99
1,<environment.Job instance at 0x14744b9eb730>,65,12,[1 5],100,113,125,13,100
1,<environment.Job instance at 0x14744b9ebaa0>,67,16,[ 2 10],103,125,141,22,112
1,<environment.Job instance at 0x14744af550f0>,72,2,[ 1 10],110,141,143,31,114
1,<environment.Job instance at 0x14744af55be0>,74,2,[8 2],112,114,116,2,114
1,<environment.Job instance at 0x14744af555a0>,75,1,[8 2],113,116,117,3,114
1,<environment.Job instance at 0x14744abaad70>,4,18,[10  1],6,6,24,0,6
1,<environment.Job instance at 0x14744ac1feb0>,33,2,[2 7],45,355,357,310,355
1,<environment.Job instance at 0x14744ac1f1e0>,35,13,[5 1],47,355,368,308,355
1,<environment.Job instance at 0x14744af3bfa0>,42,3,[ 1 10],55,368,371,313,355
1,<environment.Job instance at 0x147447e11960>,43,15,[ 1 10],56,371,386,315,359
1,<environment.Job instance at 0x14744af3b1e0>,44,2,[2 9],57,359,361,302,359
1,<environment.Job instance at 0x1474479f35f0>,48,3,[6 2],62,386,389,324,364
1,<environment.Job instance at 0x14744aaa04b0>,49,1,[2 9],63,389,390,326,369
1,<environment.Job instance at 0x14745155d8c0>,57,2,[2 5],81,386,388,305,370
1,<environment.Job instance at 0x147447be2e60>,58,12,[9 1],82,390,402,308,373
1,<environment.Job instance at 0x147447da20a0>,67,3,[5 2],94,402,405,308,396
1,<environment.Job instance at 0x147447da2dc0>,68,2,[1 7],95,396,398,301,396
1,<environment.Job instance at 0x1474480582d0>,73,3,[6 1],102,405,408,303,400
1,<environment.Job instance at 0x1474480588c0>,74,14,[2 9],103,405,419,302,403
1,<environment.Job instance at 0x1474480584b0>,78,1,[1 7],108,419,420,311,412
1,<environment.Job instance at 0x1474479d9410>,87,3,[7 1],122,412,415,290,412
1,<environment.Job instance at 0x1474480ae820>,88,1,[9 2],123,419,420,296,412
1,<environment.Job instance at 0x147447947e60>,92,1,[7 2],129,427,428,298,427
1,<environment.Job instance at 0x147447947960>,93,1,[ 1 10],130,428,429,298,427
1,<environment.Job instance at 0x1474479470f0>,95,3,[2 6],132,440,443,308,440
1,<environment.Job instance at 0x1474479473c0>,97,2,[2 5],137,443,445,306,440
1,<environment.Job instance at 0x147447cdee10>,100,12,[2 9],142,445,457,303,440
1,<environment.Job instance at 0x147447cde0f0>,101,3,[2 6],143,457,460,314,440
1,<environment.Job instance at 0x147447cdec30>,102,18,[9 1],145,460,478,315,456
1,<environment.Job instance at 0x14744ae2c320>,108,12,[8 1],152,478,490,326,461
1,<environment.Job instance at 0x14744ae2cb90>,109,3,[6 2],153,490,493,337,464
1,<environment.Job instance at 0x14744ae2c960>,110,3,[7 1],154,493,496,339,467
1,<environment.Job instance at 0x14744ae2c910>,111,17,[1 7],155,467,484,312,467
1,<environment.Job instance at 0x14744ae2cc30>,113,1,[1 5],157,484,485,327,468
1,<environment.Job instance at 0x14744ab6bcd0>,17,13,[2 7],25,691,704,666,691
1,<environment.Job instance at 0x147451556640>,6,12,[2 8],9,11,23,2,11
1,<environment.Job instance at 0x147447cc7370>,8,3,[1 6],14,23,26,9,15
1,<environment.Job instance at 0x147451556960>,5,13,[7 2],8,18,31,10,18
1,<environment.Job instance at 0x14748c52c550>,13,13,[10  2],20,31,44,11,20
1,<environment.Job instance at 0x14748c537910>,14,2,[2 7],21,26,28,5,21
1,<environment.Job instance at 0x14748c52c230>,15,15,[10  2],23,44,59,21,30
1,<environment.Job instance at 0x14748c525fa0>,20,2,[9 2],28,59,61,31,32
1,<environment.Job instance at 0x1474523186e0>,21,3,[7 1],29,61,64,32,35
1,<environment.Job instance at 0x147452318dc0>,22,3,[2 7],30,61,64,31,35
1,<environment.Job instance at 0x14745231c230>,23,2,[9 2],31,64,66,33,37
1,<environment.Job instance at 0x14748c5395f0>,40,2,[2 5],53,97,99,44,97
1,<environment.Job instance at 0x14748c539050>,41,1,[10  1],55,99,100,44,97
1,<environment.Job instance at 0x147451999e10>,44,3,[2 7],62,100,103,38,97
1,<environment.Job instance at 0x147451999e60>,45,2,[8 1],63,97,99,34,97
1,<environment.Job instance at 0x1474519990f0>,47,2,[1 9],66,103,105,37,99
1,<environment.Job instance at 0x14748c5416e0>,48,3,[1 6],67,105,108,38,99
1,<environment.Job instance at 0x14748c541be0>,49,3,[1 9],68,108,111,40,99
1,<environment.Job instance at 0x14748c541870>,50,2,[2 7],72,111,113,39,99
1,<environment.Job instance at 0x1474519758c0>,51,2,[9 1],75,103,105,28,99
1,<environment.Job instance at 0x147451975640>,52,1,[1 8],77,113,114,36,99
1,<environment.Job instance at 0x147448119460>,53,2,[9 1],78,105,107,27,99
1,<environment.Job instance at 0x1474481195a0>,54,2,[1 8],80,114,116,34,99
1,<environment.Job instance at 0x1474519ae190>,55,2,[9 1],81,107,109,26,99
1,<environment.Job instance at 0x1474519ae5f0>,58,12,[1 7],85,120,132,35,120
1,<environment.Job instance at 0x1474519aeb40>,59,24,[8 1],86,120,144,34,120
1,<environment.Job instance at 0x14748c02d6e0>,62,2,[2 6],89,132,134,43,120
1,<environment.Job instance at 0x14744add8e10>,63,17,[10  2],90,144,161,54,132
1,<environment.Job instance at 0x14749dcd7780>,68,2,[1 6],99,134,136,35,132
1,<environment.Job instance at 0x14748c570910>,69,3,[1 9],101,136,139,35,132
1,<environment.Job instance at 0x147448020190>,70,1,[10  1],102,161,162,59,133
1,<environment.Job instance at 0x147448020870>,71,3,[5 1],103,162,165,59,136
1,<environment.Job instance at 0x147448020cd0>,72,2,[8 1],104,165,167,61,138
1,<environment.Job instance at 0x147448020410>,73,3,[ 2 10],105,167,170,62,141
1,<environment.Job instance at 0x147448020f50>,78,3,[1 9],112,170,173,58,168
1,<environment.Job instance at 0x147448020d70>,79,18,[5 2],113,173,191,60,169
1,<environment.Job instance at 0x147452212870>,83,2,[1 6],119,173,175,54,169
1,<environment.Job instance at 0x147448b60910>,86,2,[1 7],123,179,181,56,179
1,<environment.Job instance at 0x147448b60730>,87,17,[5 1],124,181,198,57,180
1,<environment.Job instance at 0x147448b60370>,89,1,[6 1],126,198,199,72,180
1,<environment.Job instance at 0x1474523079b0>,90,3,[8 2],127,199,202,72,180
1,<environment.Job instance at 0x147452307eb0>,91,17,[1 8],128,191,208,63,180
1,<environment.Job instance at 0x147452307280>,96,2,[2 6],134,208,210,74,202
1,<environment.Job instance at 0x147452307820>,98,3,[2 6],137,216,219,79,216
1,<environment.Job instance at 0x1474523357d0>,103,3,[2 5],142,231,234,89,231
1,<environment.Job instance at 0x147452335730>,104,3,[1 7],144,234,237,90,231
1,<environment.Job instance at 0x147452335870>,105,2,[9 2],145,234,236,89,231
1,<environment.Job instance at 0x147452335410>,106,2,[7 1],146,231,233,85,231
1,<environment.Job instance at 0x1474523350f0>,107,1,[1 8],147,237,238,90,231
1,<environment.Job instance at 0x147452335460>,108,1,[8 1],148,233,234,85,231
1,<environment.Job instance at 0x1474523355a0>,109,18,[10  1],149,238,256,89,231
1,<environment.Job instance at 0x147452335eb0>,110,2,[1 6],150,256,258,106,231
1,<environment.Job instance at 0x147452335910>,111,2,[7 2],152,236,238,84,231
1,<environment.Job instance at 0x1474523354b0>,112,1,[ 2 10],153,258,259,105,231
1,<environment.Job instance at 0x147452335dc0>,113,17,[10  2],156,259,276,103,250
1,<environment.Job instance at 0x14744bd01280>,116,2,[6 2],159,256,258,97,250
1,<environment.Job instance at 0x14744a0228c0>,4,16,[9 1],6,7,23,1,7
1,<environment.Job instance at 0x147448886730>,0,2,[2 7],1,24,26,23,24
1,<environment.Job instance at 0x147448058e10>,20,2,[6 1],27,28,30,1,28
1,<environment.Job instance at 0x14744aac4550>,30,3,[1 8],41,41,44,0,41
1,<environment.Job instance at 0x147447ceb690>,31,17,[7 1],42,42,59,0,42
1,<environment.Job instance at 0x147447be2aa0>,32,2,[10  1],43,59,61,16,43
1,<environment.Job instance at 0x147447a16410>,33,1,[8 2],44,61,62,17,44
1,<environment.Job instance at 0x14744ab3cb40>,34,2,[5 1],45,62,64,17,45
1,<environment.Job instance at 0x14744ab3cbe0>,35,2,[6 1],46,64,66,18,46
1,<environment.Job instance at 0x14748c541c80>,36,3,[6 2],47,66,69,19,47
1,<environment.Job instance at 0x14748c541910>,37,3,[10  1],48,69,72,21,48
1,<environment.Job instance at 0x14748c5411e0>,38,18,[2 7],49,72,90,23,71
1,<environment.Job instance at 0x14744ae2c280>,47,1,[10  2],65,90,91,25,71
1,<environment.Job instance at 0x14744abb5690>,49,17,[9 1],67,99,116,32,99
1,<environment.Job instance at 0x147447e58f50>,58,2,[10  1],82,116,118,34,99
1,<environment.Job instance at 0x147447e58b40>,59,3,[9 2],83,118,121,35,99
1,<environment.Job instance at 0x147447e58dc0>,60,1,[2 9],84,121,122,37,99
1,<environment.Job instance at 0x147447e58a50>,61,1,[7 2],86,122,123,36,99
1,<environment.Job instance at 0x147447e58be0>,63,13,[9 2],94,126,139,32,126
1,<environment.Job instance at 0x147447e58eb0>,67,1,[2 5],99,139,140,40,126
1,<environment.Job instance at 0x1474515595a0>,69,20,[9 1],105,143,163,38,143
1,<environment.Job instance at 0x147451559c80>,72,1,[1 7],109,143,144,34,143
1,<environment.Job instance at 0x147451559870>,73,18,[2 6],110,163,181,53,152
1,<environment.Job instance at 0x14744b8b6190>,77,15,[1 6],116,181,196,65,169
1,<environment.Job instance at 0x14744b8b6d20>,86,2,[10  1],128,196,198,68,169
1,<environment.Job instance at 0x14744b8b6780>,87,3,[ 2 10],129,198,201,69,172
1,<environment.Job instance at 0x14744b8b60f0>,88,3,[5 1],130,172,175,42,172
1,<environment.Job instance at 0x14744b8b6500>,89,1,[9 1],131,181,182,50,172
1,<environment.Job instance at 0x14744b8b6140>,90,1,[2 7],133,201,202,68,173
1,<environment.Job instance at 0x14744ab6b140>,91,2,[8 1],134,175,177,41,173
1,<environment.Job instance at 0x14744ab6bfa0>,92,3,[9 2],135,182,185,47,173
1,<environment.Job instance at 0x14744ab6b690>,93,17,[ 2 10],136,202,219,66,190
1,<environment.Job instance at 0x14744ab6baa0>,96,3,[ 1 10],140,219,222,79,193
1,<environment.Job instance at 0x14744ab6bd70>,97,1,[1 9],141,222,223,81,194
1,<environment.Job instance at 0x14744ab6ba50>,98,3,[7 2],142,223,226,81,197
1,<environment.Job instance at 0x14744b7eac30>,109,2,[1 9],158,226,228,68,226
1,<environment.Job instance at 0x14744b7ea500>,110,2,[2 6],159,228,230,69,226
1,<environment.Job instance at 0x1474502d42d0>,0,3,[9 1],2,4,7,2,4
1,<environment.Job instance at 0x1474502d45a0>,1,3,[9 2],7,9,12,2,9
1,<environment.Job instance at 0x14744abdcaa0>,4,18,[1 9],10,12,30,2,11
1,<environment.Job instance at 0x14748c2f4eb0>,6,1,[5 2],12,30,31,18,12
1,<environment.Job instance at 0x14744b8cc050>,7,1,[5 1],13,13,14,0,13
1,<environment.Job instance at 0x147452220c30>,8,2,[1 5],16,30,32,14,16
1,<environment.Job instance at 0x147450307f50>,9,12,[ 1 10],17,32,44,15,17
1,<environment.Job instance at 0x14744885dcd0>,15,3,[ 1 10],24,44,47,20,25
1,<environment.Job instance at 0x147447486730>,14,13,[2 6],22,22,35,0,22
1,<environment.Job instance at 0x147447715e10>,15,2,[2 8],24,35,37,11,24
1,<environment.Job instance at 0x14744754de60>,16,3,[1 9],25,37,40,12,25
1,<environment.Job instance at 0x1474474d4be0>,17,17,[1 7],27,40,57,13,28
1,<environment.Job instance at 0x14744749c0a0>,18,16,[8 2],30,40,56,10,39
1,<environment.Job instance at 0x14744749f410>,27,14,[6 1],40,56,70,16,41
1,<environment.Job instance at 0x14744749f2d0>,28,1,[10  2],41,70,71,29,42
1,<environment.Job instance at 0x14744749f7d0>,29,2,[5 1],43,71,73,28,44
1,<environment.Job instance at 0x14744749f550>,30,2,[2 7],44,57,59,13,44
1,<environment.Job instance at 0x147447681e60>,32,2,[1 9],49,59,61,10,49
1,<environment.Job instance at 0x1474474c9b40>,35,17,[7 2],54,73,90,19,64
1,<environment.Job instance at 0x147447675f50>,51,2,[9 2],79,122,124,43,122
1,<environment.Job instance at 0x1474475a6190>,52,2,[2 9],82,124,126,42,123
1,<environment.Job instance at 0x14744733caa0>,61,2,[1 8],95,225,227,130,225
1,<environment.Job instance at 0x147447746780>,76,2,[1 9],119,290,292,171,290
1,<environment.Job instance at 0x14744764c140>,85,13,[10  2],135,293,306,158,293
1,<environment.Job instance at 0x147447645d70>,92,1,[9 1],143,306,307,163,293
1,<environment.Job instance at 0x147447645af0>,93,1,[9 1],144,307,308,163,293
1,<environment.Job instance at 0x147447609460>,19,3,[1 5],31,363,366,332,363
1,<environment.Job instance at 0x14744738c870>,3,18,[8 1],4,4,22,0,4
1,<environment.Job instance at 0x14744adda140>,48,15,[1 6],69,77,92,8,77
1,<environment.Job instance at 0x14744b8b51e0>,54,2,[ 1 10],80,92,94,12,90
1,<environment.Job instance at 0x14745223ecd0>,62,2,[6 2],92,94,96,2,94
1,<environment.Job instance at 0x14745223eaf0>,64,3,[6 2],96,98,101,2,98
1,<environment.Job instance at 0x147452268fa0>,82,16,[2 6],120,191,207,71,191
1,<environment.Job instance at 0x1474515716e0>,103,2,[9 2],151,207,209,56,191
1,<environment.Job instance at 0x147451571d70>,104,2,[2 5],152,209,211,57,191
1,<environment.Job instance at 0x147451571230>,105,3,[8 1],153,194,197,41,194
1,<environment.Job instance at 0x14745163b820>,6,3,[5 1],9,9,12,0,9
1,<environment.Job instance at 0x14745163b050>,7,1,[ 1 10],10,12,13,2,10
1,<environment.Job instance at 0x14745163b6e0>,8,3,[1 7],11,13,16,2,11
1,<environment.Job instance at 0x14745163b280>,9,3,[5 2],13,13,16,0,13
1,<environment.Job instance at 0x14745163b9b0>,10,1,[8 2],14,16,17,2,14
1,<environment.Job instance at 0x14745163b870>,11,3,[1 7],16,16,19,0,16
1,<environment.Job instance at 0x147448094b40>,12,2,[2 8],18,19,21,1,18
1,<environment.Job instance at 0x147448094c30>,13,2,[1 8],19,21,23,2,20
1,<environment.Job instance at 0x147448094c80>,14,3,[1 7],22,29,32,7,29
1,<environment.Job instance at 0x147447df7690>,18,16,[2 5],30,37,53,7,37
1,<environment.Job instance at 0x147447dad050>,24,3,[ 1 10],39,53,56,14,45
1,<environment.Job instance at 0x14744b7f3550>,80,2,[1 8],136,1096,1098,960,1096
1,<environment.Job instance at 0x1474493cedc0>,89,3,[5 1],149,1100,1103,951,1100
1,<environment.Job instance at 0x14744bd13aa0>,0,1,[1 8],1,4,5,3,4
1,<environment.Job instance at 0x14744bd135f0>,3,14,[6 2],4,6,20,2,6
1,<environment.Job instance at 0x14744b7cb910>,4,3,[2 5],7,11,14,4,11
1,<environment.Job instance at 0x14744b7cbbe0>,6,13,[2 8],9,14,27,5,12
1,<environment.Job instance at 0x14744b7cbd20>,9,1,[1 6],12,27,28,15,16
1,<environment.Job instance at 0x1474522b1eb0>,13,3,[8 2],19,29,32,10,29
1,<environment.Job instance at 0x147447b53d20>,19,2,[1 5],30,33,35,3,33
1,<environment.Job instance at 0x147447f6f8c0>,18,12,[1 6],29,41,53,12,41
1,<environment.Job instance at 0x14744bd12280>,30,2,[ 2 10],42,53,55,11,44
1,<environment.Job instance at 0x14744ad7b9b0>,33,12,[9 1],46,55,67,9,46
1,<environment.Job instance at 0x14744bd12140>,34,3,[1 8],48,55,58,7,48
1,<environment.Job instance at 0x14748c686e60>,35,1,[ 2 10],49,67,68,18,49
1,<environment.Job instance at 0x14744788a2d0>,36,2,[7 2],50,50,52,0,50
1,<environment.Job instance at 0x1474523ae3c0>,37,2,[1 6],51,58,60,7,51
1,<environment.Job instance at 0x1474523ae190>,39,13,[ 1 10],54,68,81,14,56
1,<environment.Job instance at 0x1474523ae6e0>,40,2,[8 2],55,81,83,26,57
1,<environment.Job instance at 0x14744bd35190>,42,2,[1 7],58,60,62,2,59
1,<environment.Job instance at 0x14744add8870>,44,1,[5 1],60,83,84,23,61
1,<environment.Job instance at 0x1474472e2640>,50,3,[1 8],72,456,459,384,456
1,<environment.Job instance at 0x1474472e2f50>,51,2,[7 1],74,456,458,382,456
1,<environment.Job instance at 0x1474472e2fa0>,52,2,[2 8],76,459,461,383,456
1,<environment.Job instance at 0x1474472e2690>,53,1,[1 6],78,461,462,383,456
1,<environment.Job instance at 0x1474472e25a0>,54,17,[7 2],79,502,519,423,502
1,<environment.Job instance at 0x1474472e2820>,57,15,[2 9],87,519,534,432,505
1,<environment.Job instance at 0x1474472e2230>,59,15,[6 1],90,519,534,429,506
1,<environment.Job instance at 0x1474472e2460>,60,2,[ 1 10],91,534,536,443,507
1,<environment.Job instance at 0x1474472e2d20>,61,16,[1 5],92,536,552,444,525
1,<environment.Job instance at 0x1474472e2500>,62,3,[8 2],93,536,539,443,526
1,<environment.Job instance at 0x147447b52e10>,63,2,[2 9],95,552,554,457,526
1,<environment.Job instance at 0x1474472e2c80>,65,13,[10  2],97,554,567,457,538
1,<environment.Job instance at 0x14748ca25500>,67,3,[2 5],100,567,570,467,555
1,<environment.Job instance at 0x1474472e26e0>,68,2,[5 1],101,567,569,466,555
1,<environment.Job instance at 0x14748cd0d410>,69,2,[ 1 10],102,570,572,468,555
1,<environment.Job instance at 0x14749dcebc30>,70,15,[10  1],103,572,587,469,560
1,<environment.Job instance at 0x1474476a4410>,1,3,[2 6],3,3,6,0,3
1,<environment.Job instance at 0x1474476a44b0>,2,14,[2 6],4,7,21,3,7
1,<environment.Job instance at 0x1474473316e0>,5,15,[2 6],8,21,36,13,13
1,<environment.Job instance at 0x14744b9c28c0>,31,3,[2 5],39,43,46,4,43
1,<environment.Job instance at 0x14744bc8b1e0>,40,3,[8 2],54,61,64,7,61
1,<environment.Job instance at 0x1474519a0910>,46,3,[7 1],65,75,78,10,75
1,<environment.Job instance at 0x147447cb90a0>,47,3,[2 6],66,76,79,10,76
1,<environment.Job instance at 0x1474479d5d20>,48,3,[2 9],67,79,82,12,76
1,<environment.Job instance at 0x1474479d5a00>,49,2,[8 1],68,78,80,10,76
1,<environment.Job instance at 0x147447cb9500>,45,20,[10  2],64,82,102,18,77
1,<environment.Job instance at 0x1474479d5fa0>,50,13,[10  1],70,102,115,32,91
1,<environment.Job instance at 0x14744bce5370>,65,16,[8 2],94,117,133,23,117
1,<environment.Job instance at 0x147447349820>,75,2,[2 7],107,117,119,10,117
1,<environment.Job instance at 0x147447349af0>,76,2,[8 1],108,133,135,25,117
1,<environment.Job instance at 0x147447349aa0>,77,2,[9 1],110,135,137,25,117
1,<environment.Job instance at 0x1474473492d0>,78,3,[6 1],111,137,140,26,117
1,<environment.Job instance at 0x14748c5863c0>,85,17,[2 7],122,142,159,20,142
1,<environment.Job instance at 0x14748c586d20>,86,2,[ 1 10],123,159,161,36,142
1,<environment.Job instance at 0x14748c5868c0>,87,2,[1 6],124,161,163,37,142
1,<environment.Job instance at 0x14748c586730>,89,3,[7 1],129,142,145,13,142
1,<environment.Job instance at 0x14748c586e10>,90,16,[5 2],130,161,177,31,148
1,<environment.Job instance at 0x14748c586f00>,91,1,[2 6],131,163,164,32,148
1,<environment.Job instance at 0x14748c5860f0>,92,3,[8 1],133,148,151,15,148
1,<environment.Job instance at 0x14748c586a50>,93,15,[2 5],135,164,179,29,150
1,<environment.Job instance at 0x14748c586960>,94,1,[9 1],136,179,180,43,151
1,<environment.Job instance at 0x147451699870>,95,15,[10  2],137,180,195,43,176
1,<environment.Job instance at 0x147447645a50>,4,2,[1 6],9,9,11,0,9
1,<environment.Job instance at 0x1474479cef50>,5,1,[2 8],11,12,13,1,12
1,<environment.Job instance at 0x14744a017730>,49,3,[1 9],78,122,125,44,122
1,<environment.Job instance at 0x14744a017550>,50,2,[8 2],79,125,127,46,122
1,<environment.Job instance at 0x14744a0175a0>,51,3,[10  2],80,127,130,47,122
1,<environment.Job instance at 0x14744a0179b0>,52,16,[1 8],82,130,146,48,122
1,<environment.Job instance at 0x147447c036e0>,53,2,[9 2],83,130,132,47,122
1,<environment.Job instance at 0x147447c034b0>,54,2,[5 1],84,122,124,38,122
1,<environment.Job instance at 0x147447c030f0>,55,18,[7 1],85,132,150,47,124
1,<environment.Job instance at 0x147447c03050>,56,1,[2 6],89,125,126,36,124
1,<environment.Job instance at 0x147447c03f00>,57,3,[ 2 10],90,150,153,60,124
1,<environment.Job instance at 0x147447c03640>,58,12,[1 6],91,756,768,665,756
1,<environment.Job instance at 0x147447ce26e0>,71,3,[6 1],109,757,760,648,757
1,<environment.Job instance at 0x14744ac046e0>,79,17,[1 8],119,768,785,649,762
1,<environment.Job instance at 0x14744ac04eb0>,80,1,[1 8],120,785,786,665,762
1,<environment.Job instance at 0x14744ac043c0>,81,16,[8 2],121,782,798,661,782
1,<environment.Job instance at 0x147447eaed70>,85,2,[7 2],127,798,800,671,782
1,<environment.Job instance at 0x147447eaee10>,86,3,[2 5],128,786,789,658,782
1,<environment.Job instance at 0x147447eae6e0>,87,1,[ 1 10],130,800,801,670,782
1,<environment.Job instance at 0x147447eae820>,88,2,[1 7],131,789,791,658,782
1,<environment.Job instance at 0x147447eae4b0>,89,1,[7 2],132,801,802,669,782
1,<environment.Job instance at 0x147447eae190>,90,1,[5 1],133,802,803,669,782
1,<environment.Job instance at 0x147447eae0f0>,91,2,[9 2],134,803,805,669,782
1,<environment.Job instance at 0x147447eae140>,92,3,[10  1],135,805,808,670,782
1,<environment.Job instance at 0x147447ce25a0>,70,16,[2 5],108,818,834,710,818
1,<environment.Job instance at 0x147447eaef00>,93,17,[9 1],136,834,851,698,822
1,<environment.Job instance at 0x147447dd5320>,107,20,[1 5],154,822,842,668,822
1,<environment.Job instance at 0x147447dd5780>,108,2,[7 2],155,851,853,696,824
1,<environment.Job instance at 0x147447dd5140>,109,2,[1 8],156,842,844,686,824
1,<environment.Job instance at 0x147447dd5730>,110,16,[8 2],157,853,869,696,844
1,<environment.Job instance at 0x147447dd53c0>,103,18,[ 1 10],150,926,944,776,926
1,<environment.Job instance at 0x1474515af960>,1,1,[2 8],4,7,8,3,7
1,<environment.Job instance at 0x1474515afe10>,4,3,[10  2],8,8,11,0,8
1,<environment.Job instance at 0x1474515affa0>,5,3,[8 2],9,11,14,2,10
1,<environment.Job instance at 0x1474515afc30>,6,2,[ 2 10],11,14,16,3,13
1,<environment.Job instance at 0x1474515af8c0>,9,16,[1 8],15,19,35,4,19
1,<environment.Job instance at 0x147451591b90>,13,2,[7 2],20,32,34,12,32
1,<environment.Job instance at 0x147447c735a0>,21,16,[ 2 10],33,35,51,2,34
1,<environment.Job instance at 0x14744bce5500>,23,14,[ 1 10],36,51,65,15,36
1,<environment.Job instance at 0x147448878b40>,24,3,[8 2],37,65,68,28,39
1,<environment.Job instance at 0x14744aef1c30>,27,3,[2 8],40,65,68,25,40
1,<environment.Job instance at 0x14744aef1370>,26,14,[5 2],39,68,82,29,54
1,<environment.Job instance at 0x147447900fa0>,43,1,[5 2],65,71,72,6,71
1,<environment.Job instance at 0x1474515e2190>,47,15,[ 1 10],69,82,97,13,75
1,<environment.Job instance at 0x14744740fcd0>,52,2,[2 6],74,75,77,1,75
1,<environment.Job instance at 0x14748c074c30>,53,3,[7 2],76,97,100,21,76
1,<environment.Job instance at 0x14748c0746e0>,54,14,[1 8],77,97,111,20,82
1,<environment.Job instance at 0x14749dcd1a50>,55,3,[2 6],78,111,114,33,85
1,<environment.Job instance at 0x1474472df730>,56,2,[1 5],79,114,116,35,87
1,<environment.Job instance at 0x14744ae55aa0>,67,1,[8 2],99,100,101,1,100
1,<environment.Job instance at 0x14744740f1e0>,51,15,[8 1],73,113,128,40,113
1,<environment.Job instance at 0x147447b3ee10>,77,15,[6 1],115,128,143,13,123
1,<environment.Job instance at 0x147447b3eeb0>,79,1,[2 6],118,246,247,128,246
1,<environment.Job instance at 0x147447abe6e0>,87,2,[2 5],129,247,249,118,246
1,<environment.Job instance at 0x147447abe550>,88,1,[1 7],132,249,250,117,246
1,<environment.Job instance at 0x147447abe640>,89,1,[ 1 10],134,250,251,116,246
1,<environment.Job instance at 0x14744abf4f00>,90,3,[8 2],136,246,249,110,246
1,<environment.Job instance at 0x147447b85f00>,10,2,[2 6],18,18,20,0,18
1,<environment.Job instance at 0x147447b85050>,11,15,[5 1],21,24,39,3,24
1,<environment.Job instance at 0x147447b850a0>,14,1,[2 6],25,25,26,0,25
1,<environment.Job instance at 0x147447b85410>,15,3,[6 1],26,39,42,13,26
1,<environment.Job instance at 0x147447b85f50>,8,17,[6 2],15,42,59,27,31
1,<environment.Job instance at 0x147447b85140>,17,18,[2 9],28,59,77,31,49
1,<environment.Job instance at 0x147447d5e730>,33,12,[8 1],53,59,71,6,53
1,<environment.Job instance at 0x147447d5eb90>,34,1,[2 5],58,77,78,19,60
1,<environment.Job instance at 0x14744b857410>,37,2,[7 1],61,71,73,10,61
1,<environment.Job instance at 0x14744b857370>,38,1,[2 7],64,78,79,14,64
1,<environment.Job instance at 0x14744b857640>,39,18,[9 2],65,80,98,15,80
1,<environment.Job instance at 0x14744aefadc0>,49,14,[1 6],80,80,94,0,80
1,<environment.Job instance at 0x14744aefab90>,50,14,[5 1],81,98,112,17,83
1,<environment.Job instance at 0x14744aefafa0>,52,15,[6 1],84,112,127,28,98
1,<environment.Job instance at 0x14744aefa730>,54,2,[8 1],86,127,129,41,100
1,<environment.Job instance at 0x14744aefa5a0>,55,1,[10  1],87,129,130,42,101
1,<environment.Job instance at 0x14744aefa960>,56,1,[9 1],88,130,131,42,102
1,<environment.Job instance at 0x1474488a8eb0>,23,17,[1 5],36,156,173,120,156
1,<environment.Job instance at 0x1474476633c0>,95,3,[1 6],141,211,214,70,211
1,<environment.Job instance at 0x1474476639b0>,99,2,[8 1],146,223,225,77,223
1,<environment.Job instance at 0x1474476638c0>,100,1,[8 2],147,225,226,78,225
1,<environment.Job instance at 0x1474474b0820>,0,1,[6 2],2,2,3,0,2
1,<environment.Job instance at 0x14744bd018c0>,2,1,[1 5],5,5,6,0,5
1,<environment.Job instance at 0x14744ab77410>,3,13,[8 2],7,7,20,0,7
1,<environment.Job instance at 0x14744aa95c30>,5,14,[6 2],9,20,34,11,10
1,<environment.Job instance at 0x14744b9b9500>,17,2,[2 9],24,34,36,10,24
1,<environment.Job instance at 0x14744ab14730>,19,2,[1 9],26,36,38,10,26
1,<environment.Job instance at 0x14744e66ed70>,20,12,[5 1],27,34,46,7,29
1,<environment.Job instance at 0x1474519a0a00>,22,3,[2 5],30,31,34,1,31
1,<environment.Job instance at 0x14744ab985a0>,24,1,[2 9],32,38,39,6,32
1,<environment.Job instance at 0x147452346410>,25,2,[9 2],33,46,48,13,35
1,<environment.Job instance at 0x14744b864af0>,33,12,[10  2],47,51,63,4,51
1,<environment.Job instance at 0x14744b921fa0>,35,3,[6 1],51,63,66,12,56
1,<environment.Job instance at 0x14748c556c80>,46,2,[1 7],65,90,92,25,90
1,<environment.Job instance at 0x14748c5565a0>,47,3,[9 1],66,90,93,24,90
1,<environment.Job instance at 0x14748c556a00>,48,12,[1 6],67,92,104,25,91
1,<environment.Job instance at 0x14744b7e1cd0>,50,3,[9 1],70,93,96,23,91
1,<environment.Job instance at 0x14744b7e10f0>,51,2,[ 2 10],71,104,106,33,92
1,<environment.Job instance at 0x14744b7e1c80>,53,3,[2 7],74,106,109,32,92
1,<environment.Job instance at 0x1474516b7f00>,56,2,[9 2],77,102,104,25,102
1,<environment.Job instance at 0x1474516b73c0>,59,3,[5 2],80,112,115,32,112
1,<environment.Job instance at 0x1474516b7370>,60,1,[6 2],81,115,116,34,112
1,<environment.Job instance at 0x1474516b76e0>,64,2,[9 1],86,146,148,60,146
1,<environment.Job instance at 0x1474516b7730>,65,3,[ 1 10],87,148,151,61,146
1,<environment.Job instance at 0x1474516b7aa0>,66,2,[8 1],88,151,153,63,146
1,<environment.Job instance at 0x1474516b7fa0>,67,2,[1 9],89,151,153,62,148
1,<environment.Job instance at 0x1474516b7cd0>,68,3,[1 8],90,153,156,63,150
1,<environment.Job instance at 0x147452229820>,70,3,[1 7],95,156,159,61,150
1,<environment.Job instance at 0x147452229050>,74,3,[9 1],103,160,163,57,160
1,<environment.Job instance at 0x1474522292d0>,75,3,[6 2],104,163,166,59,160
1,<environment.Job instance at 0x147452229fa0>,76,3,[7 1],107,166,169,59,160
1,<environment.Job instance at 0x147452229d20>,77,3,[10  2],108,169,172,61,163
1,<environment.Job instance at 0x147447e95a00>,78,2,[ 2 10],109,172,174,63,165
1,<environment.Job instance at 0x147447e95a50>,80,2,[1 9],112,198,200,86,198
1,<environment.Job instance at 0x147447e95dc0>,82,2,[10  2],115,211,213,96,211
1,<environment.Job instance at 0x147447e950a0>,83,18,[9 1],116,214,232,98,214
1,<environment.Job instance at 0x1474476a8410>,88,1,[10  1],124,232,233,108,214
1,<environment.Job instance at 0x1474476a86e0>,89,1,[1 5],125,214,215,89,214
1,<environment.Job instance at 0x1474476a8a00>,90,18,[ 2 10],126,233,251,107,223
1,<environment.Job instance at 0x1474476a81e0>,92,1,[5 2],129,251,252,122,225
1,<environment.Job instance at 0x1474476a8320>,93,16,[ 1 10],130,252,268,122,239
1,<environment.Job instance at 0x1474476a82d0>,98,3,[5 2],137,268,271,131,242
1,<environment.Job instance at 0x1474476a8640>,99,3,[8 1],138,271,274,133,245
1,<environment.Job instance at 0x147447ce2730>,101,15,[2 7],140,268,283,128,254
1,<environment.Job instance at 0x147447ce2370>,103,16,[6 2],142,274,290,132,262
1,<environment.Job instance at 0x1474493b5780>,107,1,[1 5],149,283,284,134,262
1,<environment.Job instance at 0x1474493b5af0>,108,1,[10  2],150,290,291,140,262
1,<environment.Job instance at 0x1474493b5e60>,109,3,[2 8],151,284,287,133,262
1,<environment.Job instance at 0x1474493b5910>,110,1,[2 8],153,287,288,134,262
1,<environment.Job instance at 0x1474493b5a00>,113,2,[1 6],156,288,290,132,286
1,<environment.Job instance at 0x14744adc9b90>,0,3,[ 1 10],1,3,6,2,3
1,<environment.Job instance at 0x14744ab80d20>,3,14,[2 9],4,17,31,13,17
1,<environment.Job instance at 0x1474523b7c80>,11,18,[5 1],16,27,45,11,27
1,<environment.Job instance at 0x1474488276e0>,21,16,[6 2],28,45,61,17,33
1,<environment.Job instance at 0x14744af5fe60>,34,2,[7 2],46,61,63,15,50
1,<environment.Job instance at 0x147447900690>,39,3,[1 9],56,63,66,7,56
1,<environment.Job instance at 0x14744bd5f780>,44,2,[1 7],61,61,63,0,61
1,<environment.Job instance at 0x14744bc690f0>,45,2,[10  1],62,66,68,4,62
1,<environment.Job instance at 0x14744bc693c0>,46,1,[5 2],64,68,69,4,64
1,<environment.Job instance at 0x14744bc69820>,47,3,[10  1],65,69,72,4,65
1,<environment.Job instance at 0x147447932410>,48,1,[8 1],66,72,73,6,66
1,<environment.Job instance at 0x147451551d70>,49,14,[1 9],67,72,86,5,67
1,<environment.Job instance at 0x1474476a5640>,50,1,[10  1],68,86,87,18,68
1,<environment.Job instance at 0x147451551960>,51,1,[7 2],69,87,88,18,69
1,<environment.Job instance at 0x14744731b5f0>,52,3,[6 2],70,88,91,18,74
1,<environment.Job instance at 0x14744ba2ca00>,57,1,[ 1 10],75,91,92,16,75
1,<environment.Job instance at 0x14744ba2c0f0>,58,1,[1 8],76,87,88,11,76
1,<environment.Job instance at 0x147447dad4b0>,59,1,[7 2],77,92,93,15,77
1,<environment.Job instance at 0x14744bc7a050>,64,18,[ 1 10],84,93,111,9,92
1,<environment.Job instance at 0x14744bc7a7d0>,65,12,[5 2],85,111,123,26,97
1,<environment.Job instance at 0x14744bc7a690>,69,1,[2 6],92,111,112,19,97
1,<environment.Job instance at 0x14744bc7a9b0>,70,1,[1 8],93,112,113,19,97
1,<environment.Job instance at 0x14744bc7aeb0>,71,12,[ 2 10],94,123,135,29,106
1,<environment.Job instance at 0x147447e33550>,72,1,[1 9],95,135,136,40,107
1,<environment.Job instance at 0x14744add3960>,75,1,[6 2],99,136,137,37,108
1,<environment.Job instance at 0x14744add3e60>,76,12,[8 2],100,137,149,37,120
1,<environment.Job instance at 0x14744bc95dc0>,89,2,[5 2],121,121,123,0,121
1,<environment.Job instance at 0x1474493ad190>,93,1,[6 2],129,149,150,20,129
1,<environment.Job instance at 0x1474493adcd0>,94,3,[ 2 10],130,150,153,20,130
1,<environment.Job instance at 0x1474493e7f50>,100,3,[9 2],140,153,156,13,144
1,<environment.Job instance at 0x1474493e72d0>,105,1,[8 2],145,156,157,11,146
1,<environment.Job instance at 0x14745160edc0>,107,3,[2 6],147,147,150,0,147
1,<environment.Job instance at 0x14745160e0a0>,108,3,[2 8],148,156,159,8,148
1,<environment.Job instance at 0x14745160eaf0>,110,2,[10  2],150,159,161,9,150
1,<environment.Job instance at 0x14745160e9b0>,111,2,[7 1],151,157,159,6,151
1,<environment.Job instance at 0x14745160e320>,112,18,[2 8],152,161,179,9,153
1,<environment.Job instance at 0x14744bca4460>,114,1,[1 7],156,179,180,23,157
1,<environment.Job instance at 0x14744bca4b90>,116,1,[1 6],159,180,181,21,159
1,<environment.Job instance at 0x14e95a009a50>,4,2,[6 1],7,7,9,0,7
1,<environment.Job instance at 0x14e95a009b40>,0,17,[ 1 10],3,9,26,6,9
1,<environment.Job instance at 0x14e904a9ca50>,7,3,[5 1],10,26,29,16,10
1,<environment.Job instance at 0x14e904a9caa0>,8,13,[ 2 10],11,29,42,18,13
1,<environment.Job instance at 0x14e904a9c050>,10,3,[7 2],14,42,45,28,16
1,<environment.Job instance at 0x14e904b45af0>,13,13,[1 5],17,55,68,38,55
1,<environment.Job instance at 0x14e9046404b0>,40,1,[8 1],53,55,56,2,55
1,<environment.Job instance at 0x14e904640dc0>,41,1,[ 1 10],54,68,69,14,55
1,<environment.Job instance at 0x14e9046400f0>,42,3,[1 6],55,69,72,14,55
1,<environment.Job instance at 0x14e9043c3230>,43,2,[2 8],56,72,74,16,56
1,<environment.Job instance at 0x14e9043c3af0>,44,1,[2 9],57,74,75,17,57
1,<environment.Job instance at 0x14e9043c3140>,45,2,[2 5],58,58,60,0,58
1,<environment.Job instance at 0x14e904630a50>,46,1,[1 7],59,75,76,16,61
1,<environment.Job instance at 0x14e90463f640>,51,16,[10  1],69,76,92,7,71
1,<environment.Job instance at 0x14e9046361e0>,48,15,[ 2 10],61,92,107,31,86
1,<environment.Job instance at 0x14e9043cd640>,65,2,[2 7],93,107,109,14,93
1,<environment.Job instance at 0x14e9043cd4b0>,66,2,[9 2],94,109,111,15,94
1,<environment.Job instance at 0x14e90463c0a0>,56,18,[1 7],79,109,127,30,102
1,<environment.Job instance at 0x14e9043d3fa0>,84,18,[2 5],124,127,145,3,126
1,<environment.Job instance at 0x14e9043d9c80>,106,14,[5 1],160,173,187,13,173
1,<environment.Job instance at 0x14e9043d9f50>,111,15,[1 5],165,207,222,42,207
1,<environment.Job instance at 0x14e9043f0cd0>,3,12,[10  2],9,10,22,1,10
1,<environment.Job instance at 0x14e912462050>,15,1,[ 1 10],22,22,23,0,22
1,<environment.Job instance at 0x14e912456cd0>,19,3,[ 1 10],27,27,30,0,27
1,<environment.Job instance at 0x14e9118e55a0>,20,2,[8 2],28,30,32,2,28
1,<environment.Job instance at 0x14e911bfa780>,21,2,[ 2 10],30,32,34,2,30
1,<environment.Job instance at 0x14e9118f3e60>,22,2,[2 5],31,36,38,5,36
1,<environment.Job instance at 0x14e91246af00>,26,3,[2 6],35,60,63,25,60
1,<environment.Job instance at 0x14e91246acd0>,29,3,[9 2],49,67,70,18,67
1,<environment.Job instance at 0x14e91246a960>,30,1,[10  1],50,70,71,20,67
1,<environment.Job instance at 0x14e91246ac80>,31,2,[5 2],51,71,73,20,67
1,<environment.Job instance at 0x14e91246ad70>,32,3,[6 1],53,73,76,20,68
1,<environment.Job instance at 0x14e912487b90>,33,1,[8 2],54,76,77,22,68
1,<environment.Job instance at 0x14e9124632d0>,36,15,[7 2],59,96,111,37,96
1,<environment.Job instance at 0x14e912463870>,38,3,[1 6],62,96,99,34,96
1,<environment.Job instance at 0x14e912463dc0>,39,2,[1 6],63,99,101,36,96
1,<environment.Job instance at 0x14e912463d70>,40,2,[1 7],64,101,103,37,96
1,<environment.Job instance at 0x14e91194bd70>,41,22,[2 7],65,103,125,38,96
1,<environment.Job instance at 0x14e9124635f0>,42,1,[5 1],67,111,112,44,96
1,<environment.Job instance at 0x14e91255c3c0>,43,2,[2 8],68,125,127,57,98
1,<environment.Job instance at 0x14e911919910>,50,3,[9 1],79,127,130,48,124
1,<environment.Job instance at 0x14e912468410>,51,3,[1 7],80,127,130,47,124
1,<environment.Job instance at 0x14e912468050>,52,3,[10  1],81,130,133,49,125
1,<environment.Job instance at 0x14e9119abf50>,55,16,[7 1],88,133,149,45,131
1,<environment.Job instance at 0x14e9118b4050>,57,2,[1 8],91,133,135,42,131
1,<environment.Job instance at 0x14e9118b4870>,58,1,[1 6],92,135,136,43,131
1,<environment.Job instance at 0x14e9118b40f0>,59,3,[10  2],93,149,152,56,131
1,<environment.Job instance at 0x14e91254a690>,60,2,[8 2],94,152,154,58,131
1,<environment.Job instance at 0x14e9118b45f0>,61,2,[5 2],95,154,156,59,131
1,<environment.Job instance at 0x14e9118f1f00>,62,3,[1 8],97,136,139,39,131
1,<environment.Job instance at 0x14e9118d9640>,63,2,[5 2],99,154,156,55,131
1,<environment.Job instance at 0x14e9118d95f0>,64,2,[2 7],101,139,141,38,131
1,<environment.Job instance at 0x14e9118d9e60>,65,3,[ 2 10],103,156,159,53,131
1,<environment.Job instance at 0x14e9118d9e10>,66,1,[1 5],104,141,142,37,131
1,<environment.Job instance at 0x14e9118d9be0>,67,2,[1 9],105,142,144,37,131
1,<environment.Job instance at 0x14e9118d95a0>,68,17,[1 7],106,159,176,53,147
1,<environment.Job instance at 0x14e9118d9780>,76,1,[6 2],117,159,160,42,147
1,<environment.Job instance at 0x14e9118d9fa0>,77,3,[2 5],118,176,179,58,150
1,<environment.Job instance at 0x14e9118d9910>,78,14,[2 5],119,176,190,57,161
1,<environment.Job instance at 0x14e912550550>,90,18,[6 2],133,2269,2287,2136,2269
1,<environment.Job instance at 0x14e912550730>,97,2,[6 2],143,2287,2289,2144,2269
1,<environment.Job instance at 0x14e912550af0>,98,3,[8 2],144,2289,2292,2145,2269
1,<environment.Job instance at 0x14e9125507d0>,99,1,[6 2],146,2292,2293,2146,2269
1,<environment.Job instance at 0x14e9125504b0>,100,2,[1 6],148,2269,2271,2121,2269
1,<environment.Job instance at 0x14e912468d20>,54,15,[ 1 10],85,2528,2543,2443,2528
1,<environment.Job instance at 0x14e9119f25f0>,0,3,[1 9],1,4,7,3,4
1,<environment.Job instance at 0x14e903d8cfa0>,4,14,[6 1],5,6,20,1,6
1,<environment.Job instance at 0x14e911c03b90>,6,3,[10  1],7,20,23,13,8
1,<environment.Job instance at 0x14e903d8c690>,7,15,[7 2],9,48,63,39,48
1,<environment.Job instance at 0x14e91058a550>,33,3,[5 2],51,63,66,12,51
1,<environment.Job instance at 0x14e91058a690>,34,1,[6 1],52,66,67,14,52
1,<environment.Job instance at 0x14e91058a6e0>,35,1,[8 1],53,67,68,14,53
1,<environment.Job instance at 0x14e907f63d20>,37,13,[9 2],57,75,88,18,75
1,<environment.Job instance at 0x14e907f63820>,40,1,[1 8],64,75,76,11,75
1,<environment.Job instance at 0x14e906ec2c30>,41,3,[10  2],65,88,91,23,75
1,<environment.Job instance at 0x14e907f63b90>,42,3,[1 5],66,76,79,10,75
1,<environment.Job instance at 0x14e9117cc410>,43,15,[10  1],68,91,106,23,80
1,<environment.Job instance at 0x14e904aa8d70>,51,1,[1 7],80,80,81,0,80
1,<environment.Job instance at 0x14e904aa8960>,55,15,[2 6],85,170,185,85,170
1,<environment.Job instance at 0x14e907ec7190>,72,2,[2 6],108,255,257,147,255
1,<environment.Job instance at 0x14e907ec7320>,73,2,[6 1],109,255,257,146,255
1,<environment.Job instance at 0x14e907ec70a0>,74,3,[2 8],111,257,260,146,255
1,<environment.Job instance at 0x14e904312be0>,75,2,[5 2],112,257,259,145,255
1,<environment.Job instance at 0x14e9043127d0>,76,2,[2 7],113,260,262,147,255
1,<environment.Job instance at 0x14e904312c80>,77,3,[1 8],114,262,265,148,255
1,<environment.Job instance at 0x14e9105551e0>,108,1,[1 7],155,526,527,371,526
1,<environment.Job instance at 0x14e910555960>,110,12,[8 2],160,670,682,510,670
1,<environment.Job instance at 0x14e903dc82d0>,18,12,[6 1],31,682,694,651,678
1,<environment.Job instance at 0x14e903b9cc80>,13,1,[2 9],24,24,25,0,24
1,<environment.Job instance at 0x14e903b9caf0>,14,2,[8 1],26,26,28,0,26
1,<environment.Job instance at 0x14e904022690>,15,2,[9 2],28,28,30,0,28
1,<environment.Job instance at 0x14e904097730>,17,3,[ 1 10],30,30,33,0,30
1,<environment.Job instance at 0x14e903fc33c0>,18,1,[7 1],31,33,34,2,31
1,<environment.Job instance at 0x14e907ba4c30>,19,2,[1 6],32,33,35,1,32
1,<environment.Job instance at 0x14e904dd3aa0>,20,2,[1 6],33,35,37,2,33
1,<environment.Job instance at 0x14e907ba40a0>,21,3,[6 2],34,34,37,0,34
1,<environment.Job instance at 0x14e911c1c320>,22,1,[10  1],36,37,38,1,36
1,<environment.Job instance at 0x14e911c1cfa0>,23,3,[6 2],37,38,41,1,37
1,<environment.Job instance at 0x14e903bd5e10>,24,1,[2 8],38,39,40,1,39
1,<environment.Job instance at 0x14e903c1c370>,32,3,[2 7],53,53,56,0,53
1,<environment.Job instance at 0x14e903c1d460>,34,2,[1 9],56,56,58,0,56
1,<environment.Job instance at 0x14e903c1d050>,35,1,[1 8],57,58,59,1,57
1,<environment.Job instance at 0x14e903c1d1e0>,36,3,[ 1 10],58,62,65,4,62
1,<environment.Job instance at 0x14e907b1cf50>,40,17,[9 1],67,71,88,4,71
1,<environment.Job instance at 0x14e91194b320>,43,2,[2 5],72,88,90,16,73
1,<environment.Job instance at 0x14e911908410>,45,1,[1 9],76,77,78,1,77
1,<environment.Job instance at 0x14e907b1b5f0>,47,1,[1 7],78,78,79,0,78
1,<environment.Job instance at 0x14e907b27af0>,48,3,[8 1],80,88,91,8,80
1,<environment.Job instance at 0x14e912534c30>,60,2,[1 9],99,101,103,2,101
1,<environment.Job instance at 0x14e912534eb0>,61,3,[1 7],101,103,106,2,101
1,<environment.Job instance at 0x14e904064410>,62,15,[ 1 10],102,106,121,4,102
1,<environment.Job instance at 0x14e9040645a0>,63,3,[9 1],103,103,106,0,103
1,<environment.Job instance at 0x14e9040640f0>,64,3,[7 2],105,121,124,16,105
1,<environment.Job instance at 0x14e911919550>,75,1,[6 2],120,154,155,34,154
1,<environment.Job instance at 0x14e911919370>,77,2,[5 2],125,155,157,30,155
1,<environment.Job instance at 0x14e911919140>,79,2,[7 1],127,157,159,30,155
1,<environment.Job instance at 0x14e9119195f0>,81,1,[6 1],130,159,160,29,155
1,<environment.Job instance at 0x14e911919780>,82,2,[2 9],132,157,159,25,155
1,<environment.Job instance at 0x14e911919690>,83,16,[1 8],133,159,175,26,155
1,<environment.Job instance at 0x14e911919b90>,84,1,[2 9],134,175,176,41,155
1,<environment.Job instance at 0x14e911919b40>,85,3,[9 1],135,160,163,25,155
1,<environment.Job instance at 0x14e91188a550>,90,3,[10  1],143,185,188,42,185
1,<environment.Job instance at 0x14e91188ad70>,91,1,[6 2],144,188,189,44,185
1,<environment.Job instance at 0x14e91188adc0>,92,2,[6 1],145,189,191,44,185
1,<environment.Job instance at 0x14e91188a320>,93,3,[8 1],147,191,194,44,185
1,<environment.Job instance at 0x14e91188af50>,94,1,[1 9],149,189,190,40,185
1,<environment.Job instance at 0x14e91188acd0>,96,1,[2 9],151,190,191,39,185
1,<environment.Job instance at 0x14e907b52820>,97,14,[1 6],154,191,205,37,185
1,<environment.Job instance at 0x14e906ce3730>,99,1,[2 7],156,188,189,32,185
1,<environment.Job instance at 0x14e906ce38c0>,100,2,[1 9],157,205,207,48,185
1,<environment.Job instance at 0x14e906ce3050>,101,16,[2 5],158,207,223,49,194
1,<environment.Job instance at 0x14e906ce3a00>,104,2,[7 1],164,194,196,30,194
1,<environment.Job instance at 0x14e906ce3aa0>,105,1,[2 7],166,223,224,57,197
1,<environment.Job instance at 0x14e904b8bb90>,1,13,[8 2],2,2,15,0,2
1,<environment.Job instance at 0x14e906ce3dc0>,2,12,[5 1],7,15,27,8,7
1,<environment.Job instance at 0x14e9071fcb40>,0,18,[7 1],1,46,64,45,46
1,<environment.Job instance at 0x14e9070bd870>,30,1,[10  1],47,64,65,17,47
1,<environment.Job instance at 0x14e9070bd460>,31,15,[1 7],48,48,63,0,48
1,<environment.Job instance at 0x14e9040900a0>,32,15,[5 1],49,65,80,16,52
1,<environment.Job instance at 0x14e904090280>,35,3,[1 5],52,65,68,13,52
1,<environment.Job instance at 0x14e904090370>,36,3,[1 6],53,68,71,15,53
1,<environment.Job instance at 0x14e910093a00>,37,2,[2 6],54,71,73,17,54
1,<environment.Job instance at 0x14e910093f50>,38,1,[9 1],55,80,81,25,55
1,<environment.Job instance at 0x14e910093320>,39,1,[ 2 10],56,81,82,25,56
1,<environment.Job instance at 0x14e907b1a870>,40,2,[1 8],58,73,75,15,58
1,<environment.Job instance at 0x14e907b1a550>,41,16,[5 1],59,82,98,23,71
1,<environment.Job instance at 0x14e907ecdaa0>,48,1,[9 2],69,98,99,29,71
1,<environment.Job instance at 0x14e9480b1730>,49,3,[2 8],70,75,78,5,71
1,<environment.Job instance at 0x14e907ecd7d0>,50,13,[1 6],71,82,95,11,71
1,<environment.Job instance at 0x14e9062999b0>,68,1,[7 2],91,130,131,39,130
1,<environment.Job instance at 0x14e9071c0730>,70,1,[ 1 10],93,131,132,38,130
1,<environment.Job instance at 0x14e9071c05a0>,71,2,[2 6],94,132,134,38,131
1,<environment.Job instance at 0x14e9071c09b0>,72,1,[ 2 10],95,134,135,39,131
1,<environment.Job instance at 0x14e9071c02d0>,73,1,[2 9],97,135,136,38,131
1,<environment.Job instance at 0x14e9071c0870>,74,16,[6 1],98,139,155,41,139
1,<environment.Job instance at 0x14e9071c0d70>,75,12,[2 8],104,140,152,36,140
1,<environment.Job instance at 0x14e9071c0c80>,76,3,[10  2],105,155,158,50,140
1,<environment.Job instance at 0x14e9071c0640>,77,1,[7 1],107,158,159,51,140
1,<environment.Job instance at 0x14e9071c0820>,78,14,[1 5],108,158,172,50,144
1,<environment.Job instance at 0x14e9071c0dc0>,80,1,[2 7],111,152,153,41,144
1,<environment.Job instance at 0x14e904b0a690>,81,2,[10  2],112,172,174,60,145
1,<environment.Job instance at 0x14e904b0aaf0>,87,15,[1 9],123,174,189,51,163
1,<environment.Job instance at 0x14e904b0af50>,92,1,[6 2],131,163,164,32,163
1,<environment.Job instance at 0x14e904dfd6e0>,104,1,[5 2],148,201,202,53,201
1,<environment.Job instance at 0x14e904dfd9b0>,105,13,[1 7],149,201,214,52,201
1,<environment.Job instance at 0x14e9118abaa0>,109,3,[6 2],154,210,213,56,210
1,<environment.Job instance at 0x14e9125560f0>,111,3,[6 1],157,213,216,56,212
1,<environment.Job instance at 0x14e9125565a0>,112,1,[ 1 10],158,216,217,58,213
1,<environment.Job instance at 0x14e912556c80>,115,12,[2 7],163,217,229,54,215
1,<environment.Job instance at 0x14e907ad0d70>,120,15,[7 2],168,223,238,55,223
1,<environment.Job instance at 0x14e9070c79b0>,1,14,[5 2],5,7,21,2,7
1,<environment.Job instance at 0x14e903eca500>,3,2,[2 5],8,12,14,4,12
1,<environment.Job instance at 0x14e907ae1f50>,7,1,[8 2],13,21,22,8,18
1,<environment.Job instance at 0x14e907a4bc80>,9,2,[7 1],16,22,24,6,18
1,<environment.Job instance at 0x14e904b8b5f0>,11,17,[8 1],22,24,41,2,23
1,<environment.Job instance at 0x14e903b99c80>,18,1,[8 2],30,41,42,11,36
1,<environment.Job instance at 0x14e906e3e410>,22,2,[10  2],41,42,44,1,41
1,<environment.Job instance at 0x14e9124c7870>,25,3,[2 7],45,45,48,0,45
1,<environment.Job instance at 0x14e9124c7550>,26,2,[ 2 10],46,48,50,2,46
1,<environment.Job instance at 0x14e9124c7500>,27,18,[8 1],48,54,72,6,54
1,<environment.Job instance at 0x14e911932d70>,32,3,[7 2],55,72,75,17,55
1,<environment.Job instance at 0x14e911932730>,33,2,[ 2 10],57,75,77,18,57
1,<environment.Job instance at 0x14e911932b90>,34,2,[1 5],58,58,60,0,58
1,<environment.Job instance at 0x14e911932f50>,35,1,[10  2],59,77,78,18,59
1,<environment.Job instance at 0x14e911932410>,36,2,[ 1 10],60,78,80,18,60
1,<environment.Job instance at 0x14e9070920a0>,38,2,[8 2],62,80,82,18,62
1,<environment.Job instance at 0x14e911932960>,39,1,[8 2],63,82,83,19,63
1,<environment.Job instance at 0x14e907a345f0>,45,3,[10  1],69,83,86,14,80
1,<environment.Job instance at 0x14e907be6dc0>,46,17,[1 9],71,86,103,15,80
1,<environment.Job instance at 0x14e907be60f0>,47,2,[2 5],72,80,82,8,80
1,<environment.Job instance at 0x14e904b6b0a0>,49,2,[2 6],74,103,105,29,80
1,<environment.Job instance at 0x14e904b6b050>,50,14,[2 5],75,105,119,30,90
1,<environment.Job instance at 0x14e9071a05f0>,52,13,[1 7],77,119,132,42,104
1,<environment.Job instance at 0x14e90719af00>,55,13,[1 8],81,141,154,60,141
1,<environment.Job instance at 0x14e9118fc2d0>,79,3,[7 1],117,150,153,33,150
1,<environment.Job instance at 0x14e9118fcf00>,80,2,[2 9],119,154,156,35,150
1,<environment.Job instance at 0x14e9118fc410>,81,2,[5 1],120,153,155,33,152
1,<environment.Job instance at 0x14e9118e59b0>,118,2,[2 9],167,2471,2473,2304,2471
1,<environment.Job instance at 0x14e9118e58c0>,2,2,[8 2],6,9,11,3,9
1,<environment.Job instance at 0x14e903d5d7d0>,7,3,[8 2],17,17,20,0,17
1,<environment.Job instance at 0x14e903d5daf0>,10,12,[9 1],22,22,34,0,22
1,<environment.Job instance at 0x14e9487d1c30>,14,15,[8 1],27,34,49,7,27
1,<environment.Job instance at 0x14e9487d1820>,15,12,[2 8],28,34,46,6,31
1,<environment.Job instance at 0x14e903d5d050>,8,14,[1 6],20,47,61,27,47
1,<environment.Job instance at 0x14e906d059b0>,28,1,[1 9],46,61,62,15,48
1,<environment.Job instance at 0x14e904b8ebe0>,31,1,[8 2],49,49,50,0,49
1,<environment.Job instance at 0x14e9100f41e0>,32,3,[ 1 10],50,62,65,12,50
1,<environment.Job instance at 0x14e911975550>,59,13,[5 1],91,101,114,10,101
1,<environment.Job instance at 0x14e911975460>,61,3,[6 2],93,114,117,21,101
1,<environment.Job instance at 0x14e9041c7460>,62,3,[7 1],94,117,120,23,101
1,<environment.Job instance at 0x14e9040f0b40>,63,17,[1 7],95,101,118,6,101
1,<environment.Job instance at 0x14e9040f0b90>,64,1,[8 1],96,120,121,24,101
1,<environment.Job instance at 0x14e9040ece60>,65,1,[1 5],97,118,119,21,101
1,<environment.Job instance at 0x14e9040f8f50>,66,1,[ 1 10],99,121,122,22,101
1,<environment.Job instance at 0x14e903d060a0>,68,1,[8 1],103,122,123,19,103
1,<environment.Job instance at 0x14e91055d780>,69,1,[9 1],104,123,124,19,104
1,<environment.Job instance at 0x14e906ff4320>,71,3,[5 2],107,124,127,17,107
1,<environment.Job instance at 0x14e9041be500>,54,18,[9 1],85,127,145,42,123
1,<environment.Job instance at 0x14e904e07280>,81,2,[2 7],121,145,147,24,128
1,<environment.Job instance at 0x14e904e07d70>,82,15,[10  2],123,147,162,24,133
1,<environment.Job instance at 0x14e90434f9b0>,86,3,[1 9],127,133,136,6,133
1,<environment.Job instance at 0x14e90434f0f0>,87,2,[9 2],128,162,164,34,135
1,<environment.Job instance at 0x14e907f60dc0>,88,3,[7 1],129,164,167,35,138
1,<environment.Job instance at 0x14e907f60640>,89,3,[2 7],130,164,167,34,138
1,<environment.Job instance at 0x14e907f60550>,90,2,[9 2],131,167,169,36,140
1,<environment.Job instance at 0x14e907eb1550>,95,2,[ 1 10],138,169,171,31,165
1,<environment.Job instance at 0x14e9040d5280>,96,3,[8 2],139,171,174,32,165
1,<environment.Job instance at 0x14e906f50190>,97,12,[6 2],141,174,186,33,167
1,<environment.Job instance at 0x14e906f50af0>,106,1,[9 1],152,186,187,34,167
1,<environment.Job instance at 0x14e906f50910>,107,2,[2 5],153,171,173,18,167
1,<environment.Job instance at 0x14e906f506e0>,108,1,[10  1],155,187,188,32,167
1,<environment.Job instance at 0x14e906f50370>,109,1,[5 2],157,188,189,31,167
1,<environment.Job instance at 0x14e906f50140>,111,3,[2 7],162,173,176,11,168
1,<environment.Job instance at 0x14e906f50690>,112,2,[8 1],163,189,191,26,168
1,<environment.Job instance at 0x14e9117ed730>,114,2,[1 9],166,189,191,23,189
1,<environment.Job instance at 0x14e9117edcd0>,115,3,[1 6],167,191,194,24,189
1,<environment.Job instance at 0x14e910054eb0>,116,3,[1 9],168,194,197,26,189
1,<environment.Job instance at 0x14e904e077d0>,79,16,[2 9],118,441,457,323,441
1,<environment.Job instance at 0x14e959f46d20>,0,2,[2 7],2,3,5,1,3
1,<environment.Job instance at 0x14e94880c4b0>,1,2,[9 1],5,8,10,3,8
1,<environment.Job instance at 0x14e9100269b0>,3,2,[9 1],8,10,12,2,9
1,<environment.Job instance at 0x14e910026730>,4,2,[1 8],10,14,16,4,14
1,<environment.Job instance at 0x14e903dd9410>,14,2,[ 1 10],22,27,29,5,27
1,<environment.Job instance at 0x14e907b7a460>,17,14,[2 9],28,30,44,2,30
1,<environment.Job instance at 0x14e94809b550>,19,3,[1 9],31,44,47,13,34
1,<environment.Job instance at 0x14e9124656e0>,23,3,[ 2 10],35,47,50,12,38
1,<environment.Job instance at 0x14e907b40e60>,28,3,[1 9],42,68,71,26,68
1,<environment.Job instance at 0x14e948144be0>,31,3,[8 2],46,71,74,25,71
1,<environment.Job instance at 0x14e904b88640>,38,2,[2 8],55,78,80,23,78
1,<environment.Job instance at 0x14e904b88dc0>,39,1,[6 1],56,78,79,22,78
1,<environment.Job instance at 0x14e9487b8eb0>,40,3,[8 2],57,79,82,22,79
1,<environment.Job instance at 0x14e9487b8500>,43,1,[5 2],61,102,103,41,102
1,<environment.Job instance at 0x14e9487b8280>,44,13,[1 9],62,103,116,41,102
1,<environment.Job instance at 0x14e91012c2d0>,48,3,[2 6],67,116,119,49,108
1,<environment.Job instance at 0x14e9487aec80>,53,3,[2 5],72,119,122,47,115
1,<environment.Job instance at 0x14e9487aefa0>,54,3,[1 7],74,122,125,48,115
1,<environment.Job instance at 0x14e903b99e10>,55,2,[9 2],75,122,124,47,115
1,<environment.Job instance at 0x14e903b99370>,56,2,[7 1],76,115,117,39,115
1,<environment.Job instance at 0x14e94805fd70>,57,1,[1 8],77,125,126,48,117
1,<environment.Job instance at 0x14e94805f640>,58,1,[8 1],78,120,121,42,120
1,<environment.Job instance at 0x14e907bc62d0>,87,1,[8 2],114,199,200,85,199
1,<environment.Job instance at 0x14e907bc6370>,88,2,[6 1],117,201,203,84,201
1,<environment.Job instance at 0x14e907be3eb0>,93,3,[ 2 10],125,215,218,90,215
1,<environment.Job instance at 0x14e907bc4c80>,114,2,[2 6],154,277,279,123,277
1,<environment.Job instance at 0x14e907bc4320>,119,3,[5 2],160,304,307,144,304
1,<environment.Job instance at 0x14e9070c45a0>,0,2,[10  1],2,3,5,1,3
1,<environment.Job instance at 0x14e907bc40f0>,2,1,[2 9],4,5,6,1,4
1,<environment.Job instance at 0x14e906d5cf00>,28,2,[10  1],48,2772,2774,2724,2772
1,<environment.Job instance at 0x14e907f54d20>,30,3,[5 1],50,2838,2841,2788,2838
1,<environment.Job instance at 0x14e907b63410>,34,3,[9 2],55,2841,2844,2786,2838
1,<environment.Job instance at 0x14e911897690>,0,17,[9 1],5,17,34,12,17
1,<environment.Job instance at 0x14e9042534b0>,12,1,[1 5],18,18,19,0,18
1,<environment.Job instance at 0x14e907a32910>,13,12,[1 6],19,19,31,0,19
1,<environment.Job instance at 0x14e904253d20>,14,1,[2 5],22,34,35,12,22
1,<environment.Job instance at 0x14e904100d20>,15,16,[1 6],23,35,51,12,23
1,<environment.Job instance at 0x14e904100a50>,16,25,[5 2],24,34,59,10,30
1,<environment.Job instance at 0x14e90413d870>,20,15,[2 6],29,52,67,23,52
1,<environment.Job instance at 0x14e91003ab40>,31,2,[9 2],44,67,69,23,52
1,<environment.Job instance at 0x14e91003ae60>,32,2,[2 7],45,69,71,24,53
1,<environment.Job instance at 0x14e91003a320>,33,1,[2 5],46,71,72,25,54
1,<environment.Job instance at 0x14e907a9a0a0>,34,14,[1 9],49,72,86,23,58
1,<environment.Job instance at 0x14e91010ea50>,38,1,[6 1],56,59,60,3,58
1,<environment.Job instance at 0x14e91010ecd0>,39,2,[8 1],57,62,64,5,62
1,<environment.Job instance at 0x14e91010e870>,37,12,[8 1],53,92,104,39,92
1,<environment.Job instance at 0x14e903dcba50>,45,1,[1 5],68,100,101,32,100
1,<environment.Job instance at 0x14e9043a8af0>,49,1,[2 7],76,108,109,32,108
1,<environment.Job instance at 0x14e9043a8fa0>,50,1,[6 1],77,118,119,41,118
1,<environment.Job instance at 0x14e9043a8d20>,51,17,[2 6],78,134,151,56,134
1,<environment.Job instance at 0x14e9043a8b40>,53,18,[2 9],82,196,214,114,196
1,<environment.Job instance at 0x14e9043a8b90>,54,1,[1 7],83,214,215,131,214
1,<environment.Job instance at 0x14e907209fa0>,55,14,[1 7],85,303,317,218,303
1,<environment.Job instance at 0x14e907209230>,57,3,[5 1],87,424,427,337,424
1,<environment.Job instance at 0x14e907209500>,58,14,[2 7],88,495,509,407,495
1,<environment.Job instance at 0x14e910146410>,59,1,[8 1],90,520,521,430,520
1,<environment.Job instance at 0x14e910146b40>,63,3,[1 9],95,530,533,435,530
1,<environment.Job instance at 0x14e910146230>,61,13,[2 6],92,576,589,484,576
1,<environment.Job instance at 0x14e911960fa0>,71,3,[1 9],107,596,599,489,596
1,<environment.Job instance at 0x14e903d8de10>,72,2,[2 5],108,599,601,491,597
1,<environment.Job instance at 0x14e90402f910>,69,18,[7 2],105,616,634,511,616
1,<environment.Job instance at 0x14e904dfdd20>,74,14,[6 1],110,639,653,529,639
1,<environment.Job instance at 0x14e911960690>,78,23,[1 8],116,669,692,553,669
1,<environment.Job instance at 0x14e904081f00>,80,17,[9 2],121,688,705,567,688
1,<environment.Job instance at 0x14e904acca00>,81,3,[1 8],123,692,695,569,690
1,<environment.Job instance at 0x14e904acc050>,82,17,[7 2],124,706,723,582,706
1,<environment.Job instance at 0x14e904accf50>,84,3,[8 1],127,723,726,596,720
1,<environment.Job instance at 0x14e9056333c0>,87,12,[9 2],131,729,741,598,729
1,<environment.Job instance at 0x14e911980a50>,73,14,[8 2],109,752,766,643,752
1,<environment.Job instance at 0x14e905633870>,92,1,[6 1],139,773,774,634,773
1,<environment.Job instance at 0x14e903f9daa0>,93,3,[2 8],140,773,776,633,773
1,<environment.Job instance at 0x14e905633f00>,90,15,[9 2],136,776,791,640,773
1,<environment.Job instance at 0x14e9040731e0>,97,3,[ 1 10],147,791,794,644,774
1,<environment.Job instance at 0x14e9040730f0>,98,2,[9 2],149,794,796,645,774
1,<environment.Job instance at 0x14e904073cd0>,99,2,[2 9],152,796,798,644,774
1,<environment.Job instance at 0x14e9040b52d0>,100,1,[6 1],153,775,776,622,775
1,<environment.Job instance at 0x14e9040b5500>,101,2,[1 6],154,776,778,622,775
1,<environment.Job instance at 0x14e9040b5870>,105,1,[8 1],161,807,808,646,807
1,<environment.Job instance at 0x14e904073a00>,96,18,[7 2],146,809,827,663,809
1,<environment.Job instance at 0x14e9041236e0>,0,3,[5 2],1,6,9,5,6
1,<environment.Job instance at 0x14e9037aad70>,4,1,[2 5],7,7,8,0,7
1,<environment.Job instance at 0x14e9037aacd0>,5,3,[9 2],8,9,12,1,9
1,<environment.Job instance at 0x14e9037e1500>,3,14,[6 1],6,12,26,6,10
1,<environment.Job instance at 0x14e903a145a0>,11,2,[1 9],19,24,26,5,24
1,<environment.Job instance at 0x14e903a140f0>,14,1,[10  1],25,27,28,2,27
1,<environment.Job instance at 0x14e903a14e60>,16,2,[1 9],29,31,33,2,31
1,<environment.Job instance at 0x14e903a14e10>,18,2,[5 1],33,34,36,1,34
1,<environment.Job instance at 0x14e9037a1550>,20,13,[10  2],35,36,49,1,35
1,<environment.Job instance at 0x14e9037a1190>,21,1,[7 2],36,49,50,13,36
1,<environment.Job instance at 0x14e9037a1690>,22,2,[7 2],37,50,52,13,37
1,<environment.Job instance at 0x14e9037a13c0>,23,1,[9 2],39,52,53,13,39
1,<environment.Job instance at 0x14e9037a5230>,24,2,[ 1 10],40,53,55,13,40
1,<environment.Job instance at 0x14e9037a57d0>,25,14,[2 8],41,55,69,14,41
1,<environment.Job instance at 0x14e9037a5f00>,26,15,[1 8],42,69,84,27,59
1,<environment.Job instance at 0x14e903b1f140>,61,3,[ 1 10],91,772,775,681,772
1,<environment.Job instance at 0x14e9037a5320>,30,17,[1 6],47,2679,2696,2632,2679
1,<environment.Job instance at 0x14e90384acd0>,2,1,[1 5],4,4,5,0,4
1,<environment.Job instance at 0x14e9037aaa00>,4,2,[6 2],7,7,9,0,7
1,<environment.Job instance at 0x14e9037aa500>,5,3,[2 6],8,8,11,0,8
1,<environment.Job instance at 0x14e90384a460>,6,16,[2 6],10,11,27,1,11
1,<environment.Job instance at 0x14e9037aac30>,8,3,[2 7],12,27,30,15,13
1,<environment.Job instance at 0x14e9124d3a50>,37,14,[9 1],56,57,71,1,57
1,<environment.Job instance at 0x14e907b7b780>,39,3,[5 1],59,71,74,12,59
1,<environment.Job instance at 0x14e907b7b0f0>,40,1,[ 1 10],60,74,75,14,60
1,<environment.Job instance at 0x14e907b7bf00>,41,3,[1 7],61,61,64,0,61
1,<environment.Job instance at 0x14e907b7b820>,42,3,[5 2],63,71,74,8,63
1,<environment.Job instance at 0x14e904b8e500>,43,1,[8 2],64,75,76,11,64
1,<environment.Job instance at 0x14e904b8e870>,44,3,[1 7],66,75,78,9,72
1,<environment.Job instance at 0x14e90428f0f0>,48,1,[1 8],75,81,82,6,81
1,<environment.Job instance at 0x14e907b400a0>,53,1,[9 1],82,82,83,0,82
1,<environment.Job instance at 0x14e907b40190>,54,2,[7 2],85,86,88,1,86
1,<environment.Job instance at 0x14e907b404b0>,58,3,[9 1],90,91,94,1,91
1,<environment.Job instance at 0x14e94805ec30>,60,15,[2 5],92,101,116,9,101
1,<environment.Job instance at 0x14e94805e820>,69,14,[2 5],102,114,128,12,114
1,<environment.Job instance at 0x14e903fc5370>,76,15,[2 9],114,128,143,14,115
1,<environment.Job instance at 0x14e9037ccc30>,21,17,[9 2],29,463,480,434,463
1,<environment.Job instance at 0x14e906d39190>,0,1,[6 1],3,4,5,1,4
1,<environment.Job instance at 0x14e9487d17d0>,1,3,[ 1 10],5,10,13,5,10
1,<environment.Job instance at 0x14e907c8fbe0>,6,1,[6 1],12,15,16,3,15
1,<environment.Job instance at 0x14e903c54050>,9,2,[1 8],16,16,18,0,16
1,<environment.Job instance at 0x14e90461d4b0>,11,2,[ 1 10],18,18,20,0,18
1,<environment.Job instance at 0x14e90461d550>,12,1,[6 1],19,20,21,1,19
1,<environment.Job instance at 0x14e90461dbe0>,13,2,[7 1],20,21,23,1,20
1,<environment.Job instance at 0x14e95836b500>,14,1,[10  1],21,23,24,2,21
1,<environment.Job instance at 0x14e903c54a50>,15,3,[1 8],22,24,27,2,22
1,<environment.Job instance at 0x14e95836b190>,16,3,[1 5],27,27,30,0,27
1,<environment.Job instance at 0x14e906f05be0>,17,18,[ 2 10],28,31,49,3,31
1,<environment.Job instance at 0x14e907008230>,21,2,[1 6],32,49,51,17,32
1,<environment.Job instance at 0x14e95837fdc0>,22,3,[5 2],35,49,52,14,35
1,<environment.Job instance at 0x14e903b31d20>,19,3,[9 1],30,52,55,22,52
1,<environment.Job instance at 0x14e906df5a50>,29,14,[6 2],44,55,69,11,53
1,<environment.Job instance at 0x14e906df5410>,31,2,[9 2],48,69,71,21,58
1,<environment.Job instance at 0x14e906df5190>,38,2,[2 9],56,71,73,15,63
1,<environment.Job instance at 0x14e906df50a0>,27,1,[2 5],42,65,66,23,65
1,<environment.Job instance at 0x14e907b59780>,40,1,[2 8],65,68,69,3,68
1,<environment.Job instance at 0x14e911882820>,44,12,[1 6],69,73,85,4,69
1,<environment.Job instance at 0x14e95837fcd0>,23,15,[6 2],36,74,89,38,74
1,<environment.Job instance at 0x14e903e5f640>,53,1,[7 1],79,89,90,10,83
1,<environment.Job instance at 0x14e903e5f960>,54,1,[1 9],80,89,90,9,83
1,<environment.Job instance at 0x14e903e5f280>,55,1,[6 2],81,90,91,9,83
1,<environment.Job instance at 0x14e903e5f4b0>,56,2,[ 2 10],82,91,93,9,83
1,<environment.Job instance at 0x14e903e5fd70>,57,1,[5 2],83,93,94,10,83
1,<environment.Job instance at 0x14e9072090a0>,52,1,[1 8],78,87,88,9,87
1,<environment.Job instance at 0x14e903e215a0>,81,1,[2 8],121,141,142,20,141
1,<environment.Job instance at 0x14e903e21820>,83,15,[2 9],127,142,157,15,142
1,<environment.Job instance at 0x14e903e21550>,85,15,[6 1],130,153,168,23,153
1,<environment.Job instance at 0x14e904169f00>,88,3,[8 2],133,168,171,35,153
1,<environment.Job instance at 0x14e904169690>,89,2,[2 9],135,157,159,22,153
1,<environment.Job instance at 0x14e904169e60>,91,13,[10  2],137,180,193,43,180
1,<environment.Job instance at 0x14e904169b90>,93,3,[2 5],140,193,196,53,180
1,<environment.Job instance at 0x14e904169370>,94,2,[5 1],141,193,195,52,180
1,<environment.Job instance at 0x14e904169460>,95,2,[ 1 10],142,196,198,54,180
1,<environment.Job instance at 0x14e904169d20>,96,15,[10  1],143,198,213,55,185
1,<environment.Job instance at 0x14e94805fcd0>,106,2,[7 1],159,234,236,75,234
1,<environment.Job instance at 0x14e94805f5f0>,107,2,[2 7],160,234,236,74,234
1,<environment.Job instance at 0x14e94805f780>,108,1,[6 2],161,236,237,75,234
1,<environment.Job instance at 0x14e94805f6e0>,109,2,[1 5],162,236,238,74,234
1,<environment.Job instance at 0x14e94805f320>,110,13,[ 2 10],163,238,251,75,234
1,<environment.Job instance at 0x14e904ba8a50>,1,3,[9 2],4,6,9,2,6
1,<environment.Job instance at 0x14e904ba84b0>,0,16,[5 2],2,11,27,9,11
1,<environment.Job instance at 0x14e906286d70>,8,14,[9 2],12,27,41,15,14
1,<environment.Job instance at 0x14e906286500>,10,3,[6 2],16,41,44,25,16
1,<environment.Job instance at 0x14e9118699b0>,11,2,[2 7],17,17,19,0,17
1,<environment.Job instance at 0x14e91258e780>,12,3,[2 5],19,19,22,0,19
1,<environment.Job instance at 0x14e911869a50>,13,2,[5 2],21,22,24,1,21
1,<environment.Job instance at 0x14e90706faf0>,14,3,[9 1],24,44,47,20,24
1,<environment.Job instance at 0x14e906f30eb0>,15,1,[7 1],25,47,48,22,25
1,<environment.Job instance at 0x14e911868410>,16,2,[2 7],26,41,43,15,27
1,<environment.Job instance at 0x14e912570730>,24,2,[1 9],36,57,59,21,57
1,<environment.Job instance at 0x14e90708db40>,25,1,[8 2],37,59,60,22,57
1,<environment.Job instance at 0x14e90708d1e0>,26,15,[2 6],38,59,74,21,58
1,<environment.Job instance at 0x14e90708d460>,27,3,[7 1],39,60,63,21,58
1,<environment.Job instance at 0x14e907f10820>,29,3,[2 7],42,74,77,32,58
1,<environment.Job instance at 0x14e904e0bd70>,30,3,[ 2 10],43,77,80,34,59
1,<environment.Job instance at 0x14e904e0b910>,31,2,[6 1],44,63,65,19,60
1,<environment.Job instance at 0x14e912478cd0>,32,3,[ 1 10],45,80,83,35,60
1,<environment.Job instance at 0x14e912486460>,34,3,[8 2],48,65,68,17,60
1,<environment.Job instance at 0x14e907026550>,35,3,[6 2],49,68,71,19,60
1,<environment.Job instance at 0x14e907026280>,36,2,[10  2],50,83,85,33,60
1,<environment.Job instance at 0x14e9119eff50>,37,1,[1 6],51,85,86,34,60
1,<environment.Job instance at 0x14e9119efc80>,38,1,[5 1],52,71,72,19,65
1,<environment.Job instance at 0x14e907009d70>,46,2,[6 1],61,75,77,14,75
1,<environment.Job instance at 0x14e9071b0a00>,47,15,[2 9],62,86,101,24,75
1,<environment.Job instance at 0x14e9071b0b90>,52,3,[2 5],69,101,104,32,83
1,<environment.Job instance at 0x14e906d8a870>,59,3,[1 8],79,104,107,25,103
1,<environment.Job instance at 0x14e906d8aaa0>,67,3,[7 1],95,117,120,22,117
1,<environment.Job instance at 0x14e903ce9f50>,72,3,[8 1],101,120,123,19,118
1,<environment.Job instance at 0x14e903ce9c30>,73,2,[2 6],106,118,120,12,118
1,<environment.Job instance at 0x14e903ce9230>,75,3,[1 8],109,120,123,11,119
1,<environment.Job instance at 0x14e903ce9140>,76,2,[5 2],111,124,126,13,124
1,<environment.Job instance at 0x14e903ce9730>,78,1,[2 9],114,126,127,12,126
1,<environment.Job instance at 0x14e903ce98c0>,79,3,[ 2 10],115,127,130,12,126
1,<environment.Job instance at 0x14e903ce9320>,80,2,[6 1],116,130,132,14,126
1,<environment.Job instance at 0x14e903846910>,85,14,[5 1],123,145,159,22,145
1,<environment.Job instance at 0x14e903846f00>,87,3,[ 2 10],125,159,162,34,145
1,<environment.Job instance at 0x14e903846e60>,88,1,[6 2],126,162,163,36,145
1,<environment.Job instance at 0x14e903846820>,89,2,[5 1],127,145,147,18,145
1,<environment.Job instance at 0x14e911886c80>,91,3,[2 7],130,162,165,32,161
1,<environment.Job instance at 0x14e911886af0>,92,3,[9 2],131,165,168,34,161
1,<environment.Job instance at 0x14e9118860a0>,93,12,[5 1],132,168,180,36,162
1,<environment.Job instance at 0x14e911886500>,96,2,[2 7],137,168,170,31,163
1,<environment.Job instance at 0x14e9118864b0>,97,2,[8 1],138,163,165,25,163
1,<environment.Job instance at 0x14e911886dc0>,98,2,[9 1],140,180,182,40,163
1,<environment.Job instance at 0x14e911886690>,99,3,[6 1],141,182,185,41,163
1,<environment.Job instance at 0x14e911886e10>,102,3,[8 1],145,185,188,40,174
1,<environment.Job instance at 0x14e911886cd0>,103,1,[1 7],146,174,175,28,174
1,<environment.Job instance at 0x14e911886780>,104,2,[1 9],147,175,177,28,174
1,<environment.Job instance at 0x14e90564d7d0>,106,17,[2 7],152,182,199,30,176
1,<environment.Job instance at 0x14e90564de60>,107,2,[ 1 10],153,199,201,46,176
1,<environment.Job instance at 0x14e90564d460>,108,2,[1 6],154,177,179,23,176
1,<environment.Job instance at 0x14e90564d910>,110,3,[7 1],159,188,191,29,177
1,<environment.Job instance at 0x14e90394ed70>,115,1,[9 1],166,201,202,35,192
1,<environment.Job instance at 0x14e90394eb90>,118,12,[6 1],169,203,215,34,203
1,<environment.Job instance at 0x14e9041bd370>,0,2,[9 1],1,3,5,2,3
1,<environment.Job instance at 0x14e9041bd5a0>,2,15,[8 2],3,6,21,3,6
1,<environment.Job instance at 0x14e91055d3c0>,44,12,[6 1],67,67,79,0,67
1,<environment.Job instance at 0x14e91055dbe0>,45,3,[7 2],68,79,82,11,68
1,<environment.Job instance at 0x14e91055d6e0>,46,2,[1 7],69,69,71,0,69
1,<environment.Job instance at 0x14e903f5af50>,59,1,[ 1 10],92,169,170,77,169
1,<environment.Job instance at 0x14e903f5a410>,63,14,[10  2],97,170,184,73,169
1,<environment.Job instance at 0x14e903756af0>,68,2,[9 2],103,184,186,81,169
1,<environment.Job instance at 0x14e903756280>,69,2,[5 1],104,186,188,82,169
1,<environment.Job instance at 0x14e903756190>,74,3,[9 2],112,188,191,76,185
1,<environment.Job instance at 0x14e903756140>,75,1,[1 8],115,185,186,70,185
1,<environment.Job instance at 0x14e9037567d0>,76,2,[5 2],116,186,188,70,185
1,<environment.Job instance at 0x14e903756050>,78,2,[5 2],118,194,196,76,194
1,<environment.Job instance at 0x14e903756cd0>,79,3,[5 2],119,194,197,75,194
1,<environment.Job instance at 0x14e9037563c0>,81,2,[5 1],122,196,198,74,194
1,<environment.Job instance at 0x14e903756320>,82,3,[6 2],125,198,201,73,194
1,<environment.Job instance at 0x14e903756f00>,83,17,[1 7],126,197,214,71,194
1,<environment.Job instance at 0x14e903756730>,84,1,[7 1],127,201,202,74,194
1,<environment.Job instance at 0x14e903f540a0>,91,1,[5 1],136,218,219,82,218
1,<environment.Job instance at 0x14e903f54640>,92,1,[8 2],137,223,224,86,223
1,<environment.Job instance at 0x14e903f54320>,95,1,[1 8],140,249,250,109,249
1,<environment.Job instance at 0x14e9036ba0a0>,97,1,[8 2],143,261,262,118,261
1,<environment.Job instance at 0x14e9036ba230>,101,3,[2 5],148,277,280,129,277
1,<environment.Job instance at 0x14e9036ba370>,110,2,[10  2],158,294,296,136,294
1,<environment.Job instance at 0x14e903c24e60>,111,3,[1 9],160,296,299,136,294
1,<environment.Job instance at 0x14e903f30be0>,0,3,[8 2],1,3,6,2,3
1,<environment.Job instance at 0x14e903569a50>,4,2,[7 2],5,6,8,1,5
1,<environment.Job instance at 0x14e903569d20>,5,2,[1 8],6,6,8,0,6
1,<environment.Job instance at 0x14e9124620f0>,9,2,[7 1],11,14,16,3,14
1,<environment.Job instance at 0x14e9035690f0>,6,16,[8 2],7,25,41,18,25
1,<environment.Job instance at 0x14e9487f2fa0>,19,2,[6 2],27,41,43,14,27
1,<environment.Job instance at 0x14e9487f2410>,20,3,[8 2],28,43,46,15,28
1,<environment.Job instance at 0x14e90565ab40>,21,2,[2 5],29,29,31,0,29
1,<environment.Job instance at 0x14e90565a050>,22,2,[7 2],30,46,48,16,30
1,<environment.Job instance at 0x14e90565acd0>,23,3,[2 5],32,32,35,0,32
1,<environment.Job instance at 0x14e903a973c0>,24,3,[5 2],34,48,51,14,34
1,<environment.Job instance at 0x14e903b93870>,25,16,[6 1],36,51,67,15,43
1,<environment.Job instance at 0x14e90365f550>,33,3,[8 2],47,67,70,20,47
1,<environment.Job instance at 0x14e90365f230>,34,2,[9 1],48,70,72,22,48
1,<environment.Job instance at 0x14e9042b9c30>,35,14,[5 2],49,2720,2734,2671,2720
1,<environment.Job instance at 0x14e907b88140>,56,15,[ 1 10],79,2734,2749,2655,2720
1,<environment.Job instance at 0x14e907f6bdc0>,57,3,[2 7],80,2721,2724,2641,2721
1,<environment.Job instance at 0x14e90415c0f0>,58,2,[5 2],81,2724,2726,2643,2722
1,<environment.Job instance at 0x14e907b88b90>,59,1,[6 2],82,2749,2750,2667,2722
1,<environment.Job instance at 0x14e90415c870>,60,15,[8 1],83,2750,2765,2667,2738
1,<environment.Job instance at 0x14e959f66910>,75,16,[2 7],108,2749,2765,2641,2738
1,<environment.Job instance at 0x14e906ffdeb0>,76,1,[8 2],109,2765,2766,2656,2738
1,<environment.Job instance at 0x14e903ea4870>,8,17,[6 2],15,25,42,10,25
1,<environment.Job instance at 0x14e910561280>,15,3,[6 1],26,42,45,16,26
1,<environment.Job instance at 0x14e90705c230>,18,1,[8 1],30,45,46,15,30
1,<environment.Job instance at 0x14e90418d7d0>,19,1,[1 8],31,31,32,0,31
1,<environment.Job instance at 0x14e9041b3640>,20,13,[1 7],33,33,46,0,33
1,<environment.Job instance at 0x14e903c95fa0>,23,17,[1 5],36,56,73,20,56
1,<environment.Job instance at 0x14e903753730>,44,2,[1 8],70,73,75,3,70
1,<environment.Job instance at 0x14e907060b40>,47,3,[8 2],77,78,81,1,78
1,<environment.Job instance at 0x14e90629ab40>,48,21,[10  2],79,83,104,4,83
1,<environment.Job instance at 0x14e90629a320>,49,14,[1 6],80,104,118,24,89
1,<environment.Job instance at 0x14e9070d9960>,53,3,[10  1],85,118,121,33,92
1,<environment.Job instance at 0x14e9070d95a0>,54,2,[8 1],86,104,106,18,93
1,<environment.Job instance at 0x14e906d0a370>,55,1,[10  1],87,121,122,34,93
1,<environment.Job instance at 0x14e906d7d500>,56,1,[9 1],88,106,107,18,93
1,<environment.Job instance at 0x14e903732f50>,65,2,[5 2],99,107,109,8,105
1,<environment.Job instance at 0x14e9037327d0>,67,2,[2 5],101,122,124,21,105
1,<environment.Job instance at 0x14e907c16640>,69,1,[6 1],103,109,110,6,105
1,<environment.Job instance at 0x14e903592c30>,71,3,[1 6],105,124,127,19,107
1,<environment.Job instance at 0x14e903592be0>,72,1,[8 2],107,110,111,3,107
1,<environment.Job instance at 0x14e903592140>,73,3,[5 2],108,111,114,3,108
1,<environment.Job instance at 0x14e903afa050>,87,13,[9 2],131,140,153,9,140
1,<environment.Job instance at 0x14e903afa690>,93,2,[9 1],139,153,155,14,140
1,<environment.Job instance at 0x14e903c99af0>,95,3,[1 6],141,145,148,4,145
1,<environment.Job instance at 0x14e948056960>,103,1,[5 1],158,158,159,0,158
1,<environment.Job instance at 0x14e9480567d0>,104,3,[2 9],160,160,163,0,160
1,<environment.Job instance at 0x14e948056c80>,105,1,[6 2],162,163,164,1,162
1,<environment.Job instance at 0x14e9101308c0>,0,2,[2 9],1,4,6,3,4
1,<environment.Job instance at 0x14e9037bbf50>,4,3,[2 9],5,6,9,1,5
1,<environment.Job instance at 0x14e9037bb910>,2,12,[1 7],3,10,22,7,10
1,<environment.Job instance at 0x14e9043a85a0>,11,27,[1 8],15,22,49,7,20
1,<environment.Job instance at 0x14e9040b1dc0>,16,13,[6 1],21,27,40,6,27
1,<environment.Job instance at 0x14e903bf77d0>,20,1,[5 1],28,40,41,12,28
1,<environment.Job instance at 0x14e9118b9b90>,21,1,[2 8],29,49,50,20,29
1,<environment.Job instance at 0x14e9118b9cd0>,22,3,[2 5],30,50,53,20,30
1,<environment.Job instance at 0x14e90718f2d0>,23,1,[2 9],31,53,54,22,31
1,<environment.Job instance at 0x14e9118b7af0>,14,17,[6 1],19,41,58,22,34
1,<environment.Job instance at 0x14e9118c0550>,24,18,[1 5],32,54,72,22,47
1,<environment.Job instance at 0x14e9480aaa00>,15,3,[2 5],20,58,61,38,52
1,<environment.Job instance at 0x14e903e170f0>,34,18,[6 2],48,61,79,13,61
1,<environment.Job instance at 0x14e906e850a0>,42,1,[7 1],59,79,80,20,61
1,<environment.Job instance at 0x14e9119ab550>,43,3,[9 1],60,80,83,20,61
1,<environment.Job instance at 0x14e9119ab690>,44,2,[ 2 10],61,83,85,22,61
1,<environment.Job instance at 0x14e9119ab820>,45,1,[ 1 10],62,85,86,23,62
1,<environment.Job instance at 0x14e9119ab5a0>,46,3,[2 7],64,72,75,8,64
1,<environment.Job instance at 0x14e9119abdc0>,47,13,[6 2],65,86,99,21,71
1,<environment.Job instance at 0x14e9124e9410>,48,3,[1 8],66,75,78,9,71
1,<environment.Job instance at 0x14e9124e9d70>,49,2,[9 2],67,99,101,32,72
1,<environment.Job instance at 0x14e9124e9b40>,50,3,[2 8],68,86,89,18,72
1,<environment.Job instance at 0x14e9124e95f0>,51,16,[5 2],69,101,117,32,88
1,<environment.Job instance at 0x14e9124e9640>,56,17,[5 2],75,101,118,26,89
1,<environment.Job instance at 0x14e9124e9f50>,57,2,[9 1],76,118,120,42,91
1,<environment.Job instance at 0x14e907f0b230>,58,3,[ 1 10],77,120,123,43,94
1,<environment.Job instance at 0x14e907f0b0a0>,59,2,[8 1],78,123,125,45,96
1,<environment.Job instance at 0x14e907f0b460>,63,3,[1 7],85,98,101,13,98
1,<environment.Job instance at 0x14e907f0b8c0>,67,3,[9 1],93,125,128,32,101
1,<environment.Job instance at 0x14e904ba8d70>,73,2,[1 9],102,118,120,16,102
1,<environment.Job instance at 0x14e904ba81e0>,74,13,[8 1],103,128,141,25,118
1,<environment.Job instance at 0x14e904ba8dc0>,76,18,[9 1],106,141,159,35,130
1,<environment.Job instance at 0x14e907a7ffa0>,80,12,[10  2],113,159,171,46,142
1,<environment.Job instance at 0x14e907a7f960>,87,2,[1 6],122,171,173,49,161
1,<environment.Job instance at 0x14e907a7f9b0>,88,3,[ 2 10],124,173,176,49,161
1,<environment.Job instance at 0x14e907a7f7d0>,90,14,[ 2 10],126,178,192,52,178
1,<environment.Job instance at 0x14e907a7f870>,91,3,[5 2],127,192,195,65,178
1,<environment.Job instance at 0x14e907a7fc80>,92,3,[8 1],128,195,198,67,178
1,<environment.Job instance at 0x14e907a7faa0>,93,1,[10  1],129,198,199,69,178
1,<environment.Job instance at 0x14e907a7fdc0>,94,15,[2 7],130,199,214,69,185
1,<environment.Job instance at 0x14e9037bc4b0>,97,18,[1 5],133,214,232,81,210
1,<environment.Job instance at 0x14e906f81780>,113,2,[2 7],155,232,234,77,210
1,<environment.Job instance at 0x14e904359eb0>,114,3,[ 2 10],157,234,237,77,210
1,<environment.Job instance at 0x14e9043593c0>,115,1,[10  2],159,237,238,78,210
1,<environment.Job instance at 0x14e9043590a0>,116,3,[ 2 10],161,238,241,77,212
1,<environment.Job instance at 0x14e9043595a0>,117,3,[10  1],162,241,244,79,215
1,<environment.Job instance at 0x14e904359d20>,118,1,[10  1],164,244,245,80,216
1,<environment.Job instance at 0x14e904359be0>,121,12,[2 5],167,216,228,49,216
1,<environment.Job instance at 0x14e9100dff00>,23,3,[1 9],36,36,39,0,36
1,<environment.Job instance at 0x14e904bcb320>,25,2,[6 1],38,45,47,7,45
1,<environment.Job instance at 0x14e903827af0>,26,2,[8 1],39,47,49,8,45
1,<environment.Job instance at 0x14e9125bdc80>,27,15,[1 7],40,46,61,6,46
1,<environment.Job instance at 0x14e948094af0>,33,14,[1 9],47,61,75,14,54
1,<environment.Job instance at 0x14e9480949b0>,35,1,[7 2],49,56,57,7,56
1,<environment.Job instance at 0x14e906ed74b0>,39,2,[2 5],53,75,77,22,56
1,<environment.Job instance at 0x14e9119efaa0>,49,12,[5 2],65,90,102,25,90
1,<environment.Job instance at 0x14e90371fb40>,53,1,[2 6],72,90,91,18,90
1,<environment.Job instance at 0x14e903a3f870>,54,1,[1 8],73,91,92,18,90
1,<environment.Job instance at 0x14e90371f460>,55,12,[ 2 10],74,102,114,28,91
1,<environment.Job instance at 0x14e90371feb0>,56,1,[1 9],75,114,115,39,91
1,<environment.Job instance at 0x14e907f5b960>,57,1,[9 1],76,114,115,38,92
1,<environment.Job instance at 0x14e906f53370>,58,1,[10  2],77,115,116,38,92
1,<environment.Job instance at 0x14e907f5baf0>,59,1,[6 2],79,116,117,37,92
1,<environment.Job instance at 0x14e948075820>,63,3,[2 6],88,154,157,66,154
1,<environment.Job instance at 0x14e906ce7f50>,67,3,[7 1],92,154,157,62,154
1,<environment.Job instance at 0x14e906ce73c0>,68,1,[1 6],93,157,158,64,155
1,<environment.Job instance at 0x14e906ce7910>,69,3,[6 2],94,157,160,63,155
1,<environment.Job instance at 0x14e906ce7af0>,70,2,[2 7],96,158,160,62,157
1,<environment.Job instance at 0x14e906ce74b0>,71,3,[1 5],97,160,163,63,157
1,<environment.Job instance at 0x14e906ce7320>,72,3,[1 6],100,163,166,63,157
1,<environment.Job instance at 0x14e904221eb0>,84,3,[9 2],120,244,247,124,244
1,<environment.Job instance at 0x14e91252fdc0>,86,2,[1 5],122,244,246,122,244
1,<environment.Job instance at 0x14e91252f320>,87,1,[6 2],123,247,248,124,245
1,<environment.Job instance at 0x14e91252f960>,89,1,[8 2],125,248,249,123,246
1,<environment.Job instance at 0x14e91252f0f0>,90,18,[1 6],126,250,268,124,250
1,<environment.Job instance at 0x14e91252f460>,91,3,[2 6],127,268,271,141,260
1,<environment.Job instance at 0x14e91252f820>,95,2,[7 1],131,294,296,163,294
1,<environment.Job instance at 0x14e91252fd20>,97,1,[10  1],133,296,297,163,294
1,<environment.Job instance at 0x14e91252f9b0>,98,1,[1 7],136,294,295,158,294
1,<environment.Job instance at 0x14e903f2c0f0>,99,1,[10  2],137,297,298,160,294
1,<environment.Job instance at 0x14e903f2cc80>,100,1,[1 6],139,295,296,156,295
1,<environment.Job instance at 0x14e903f2c5a0>,101,2,[2 6],142,298,300,156,295
1,<environment.Job instance at 0x14e903f2cd70>,103,13,[5 2],144,306,319,162,306
1,<environment.Job instance at 0x14e903f2c370>,107,17,[2 5],149,306,323,157,306
1,<environment.Job instance at 0x14e903f2c9b0>,108,2,[ 2 10],151,323,325,172,306
1,<environment.Job instance at 0x14e903f2cd20>,109,15,[1 9],155,325,340,170,323
1,<environment.Job instance at 0x14e903891050>,10,18,[8 1],17,362,380,345,362
1,<environment.Job instance at 0x14e911937640>,0,2,[2 8],1,2,4,1,2
1,<environment.Job instance at 0x14e9119379b0>,1,12,[7 1],2,2,14,0,2
1,<environment.Job instance at 0x14e903739370>,2,1,[2 5],3,6,7,3,6
1,<environment.Job instance at 0x14e95a201e10>,11,18,[9 1],15,15,33,0,15
1,<environment.Job instance at 0x14e911937c30>,6,12,[1 7],9,19,31,10,19
1,<environment.Job instance at 0x14e903a2e4b0>,13,17,[2 6],17,33,50,16,22
1,<environment.Job instance at 0x14e906f77230>,22,1,[9 1],26,50,51,24,26
1,<environment.Job instance at 0x14e906f77b40>,23,13,[1 8],27,50,63,23,34
1,<environment.Job instance at 0x14e907f135f0>,28,3,[2 6],35,63,66,28,37
1,<environment.Job instance at 0x14e907b6bcd0>,27,13,[7 2],33,51,64,18,43
1,<environment.Job instance at 0x14e907f13b90>,30,12,[10  2],37,66,78,29,53
1,<environment.Job instance at 0x14e907b06370>,42,2,[8 2],54,64,66,10,54
1,<environment.Job instance at 0x14e910122d70>,43,3,[10  1],55,78,81,23,55
1,<environment.Job instance at 0x14e904bb2c30>,44,3,[ 1 10],56,81,84,25,56
1,<environment.Job instance at 0x14e9037eefa0>,45,3,[1 6],58,84,87,26,58
1,<environment.Job instance at 0x14e904226910>,64,18,[1 5],82,97,115,15,97
1,<environment.Job instance at 0x14e907f5b0f0>,76,3,[7 1],96,118,121,22,118
1,<environment.Job instance at 0x14e948068910>,77,2,[5 2],98,121,123,23,118
1,<environment.Job instance at 0x14e948068d20>,78,1,[6 2],99,123,124,24,118
1,<environment.Job instance at 0x14e948068780>,79,3,[1 6],100,118,121,18,118
1,<environment.Job instance at 0x14e907c1f320>,80,16,[8 2],101,124,140,23,118
1,<environment.Job instance at 0x14e907c1fe60>,81,2,[1 7],102,121,123,19,118
1,<environment.Job instance at 0x14e906ea5140>,84,2,[5 2],109,140,142,31,126
1,<environment.Job instance at 0x14e906ea5370>,85,2,[7 1],110,142,144,32,126
1,<environment.Job instance at 0x14e906ea55f0>,86,1,[5 1],111,140,141,29,127
1,<environment.Job instance at 0x14e906ea5af0>,87,2,[ 1 10],114,144,146,30,127
1,<environment.Job instance at 0x14e906ea5b90>,90,3,[6 2],118,146,149,28,127
1,<environment.Job instance at 0x14e904adb690>,91,18,[5 2],120,149,167,29,140
1,<environment.Job instance at 0x14e904adbf00>,96,3,[ 1 10],130,167,170,37,141
1,<environment.Job instance at 0x14e907f60cd0>,97,3,[10  2],131,170,173,39,144
1,<environment.Job instance at 0x14e907f60410>,98,16,[1 8],132,173,189,41,162
1,<environment.Job instance at 0x14e906d3d050>,108,2,[6 2],147,173,175,26,166
1,<environment.Job instance at 0x14e906d3d910>,112,3,[1 5],153,189,192,36,181
1,<environment.Job instance at 0x14e906d3d2d0>,114,3,[2 7],158,192,195,34,181
1,<environment.Job instance at 0x14e906d3d370>,115,3,[6 1],159,181,184,22,181
1,<environment.Job instance at 0x14e906d3d5a0>,116,3,[ 1 10],161,195,198,34,181
1,<environment.Job instance at 0x14e906ff2cd0>,121,3,[1 9],169,198,201,29,181
1,<environment.Job instance at 0x150c7a114eb0>,1,2,[2 5],4,4,6,0,4
1,<environment.Job instance at 0x150c7a0dfaa0>,2,18,[ 1 10],5,6,24,1,6
1,<environment.Job instance at 0x150c24bb4f00>,4,2,[6 1],7,24,26,17,7
1,<environment.Job instance at 0x150c24bb4af0>,5,3,[9 1],8,26,29,18,8
1,<environment.Job instance at 0x150c24bb42d0>,6,16,[2 7],9,29,45,20,16
1,<environment.Job instance at 0x150c24b60460>,13,13,[1 5],17,45,58,28,29
1,<environment.Job instance at 0x150c24b66be0>,15,14,[6 2],20,29,43,9,29
1,<environment.Job instance at 0x150c24c17a00>,16,17,[1 7],22,58,75,36,46
1,<environment.Job instance at 0x150c2448a500>,26,3,[9 1],36,46,49,10,46
1,<environment.Job instance at 0x150c2448a690>,27,3,[2 8],37,75,78,38,49
1,<environment.Job instance at 0x150c2448a050>,28,2,[1 9],38,78,80,40,51
1,<environment.Job instance at 0x150c2448a7d0>,29,13,[1 6],39,80,93,41,64
1,<environment.Job instance at 0x150c2448ad20>,33,2,[5 1],44,64,66,20,64
1,<environment.Job instance at 0x150c2448a460>,34,3,[9 2],45,66,69,21,64
1,<environment.Job instance at 0x150c2448af00>,36,3,[1 6],48,93,96,45,67
1,<environment.Job instance at 0x150c24481690>,40,1,[8 1],53,69,70,16,67
1,<environment.Job instance at 0x150c24481460>,41,1,[ 1 10],54,96,97,42,68
1,<environment.Job instance at 0x150c24b96c30>,42,3,[1 6],55,97,100,42,71
1,<environment.Job instance at 0x150c24b96410>,43,2,[2 8],56,100,102,44,73
1,<environment.Job instance at 0x150c244885f0>,45,2,[2 5],58,102,104,44,75
1,<environment.Job instance at 0x150c24488230>,48,15,[ 2 10],61,104,119,43,97
1,<environment.Job instance at 0x150c24bae730>,61,2,[5 2],87,97,99,10,97
1,<environment.Job instance at 0x150c244945a0>,62,2,[1 5],89,102,104,13,97
1,<environment.Job instance at 0x150c244943c0>,63,2,[7 2],90,99,101,9,98
1,<environment.Job instance at 0x150c244945f0>,64,18,[1 7],91,119,137,28,111
1,<environment.Job instance at 0x150c2449c4b0>,94,1,[ 2 10],138,338,339,200,338
1,<environment.Job instance at 0x150c24c095f0>,25,1,[6 1],34,458,459,424,458
1,<environment.Job instance at 0x150c244b8a00>,0,1,[5 2],1,2,3,1,2
1,<environment.Job instance at 0x150c318ff190>,32,13,[ 2 10],51,79,92,28,79
1,<environment.Job instance at 0x150c318ff370>,35,2,[1 7],54,92,94,38,79
1,<environment.Job instance at 0x150c318ff410>,38,2,[2 8],58,94,96,36,79
1,<environment.Job instance at 0x150c318ffe10>,39,18,[2 8],59,96,114,37,94
1,<environment.Job instance at 0x150c3261fbe0>,50,16,[7 1],78,108,124,30,108
1,<environment.Job instance at 0x150c31cde960>,67,3,[8 2],102,124,127,22,108
1,<environment.Job instance at 0x150c31cdee10>,68,3,[5 2],103,127,130,24,108
1,<environment.Job instance at 0x150c31cde190>,69,2,[2 5],105,114,116,9,109
1,<environment.Job instance at 0x150c31cde820>,70,14,[ 1 10],106,130,144,24,115
1,<environment.Job instance at 0x150c31cc4a00>,74,2,[7 1],110,144,146,34,117
1,<environment.Job instance at 0x150c31cc4820>,75,2,[1 8],111,117,119,6,117
1,<environment.Job instance at 0x150c31cc41e0>,81,2,[5 1],117,146,148,29,138
1,<environment.Job instance at 0x150c3261ad70>,82,1,[6 1],119,148,149,29,139
1,<environment.Job instance at 0x150c31a13640>,86,14,[10  1],126,149,163,23,144
1,<environment.Job instance at 0x150c31a13370>,87,1,[6 2],128,163,164,35,144
1,<environment.Job instance at 0x150c31a6f190>,88,15,[2 7],129,163,178,34,149
1,<environment.Job instance at 0x150c27bc40a0>,89,2,[2 8],130,178,180,48,151
1,<environment.Job instance at 0x150c31a13b90>,90,12,[1 9],131,180,192,49,163
1,<environment.Job instance at 0x150c31977f00>,92,2,[6 2],133,192,194,59,189
1,<environment.Job instance at 0x150c319a9410>,117,14,[6 1],165,204,218,39,204
1,<environment.Job instance at 0x150c3261f050>,1,1,[1 5],6,6,7,0,6
1,<environment.Job instance at 0x150c31cc2460>,2,2,[5 1],9,9,11,0,9
1,<environment.Job instance at 0x150c23e148c0>,3,1,[1 7],10,10,11,0,10
1,<environment.Job instance at 0x150c31cc2960>,5,12,[1 8],12,12,24,0,12
1,<environment.Job instance at 0x150c23e14af0>,6,3,[1 6],14,24,27,10,14
1,<environment.Job instance at 0x150c27b07e60>,27,3,[10  2],45,53,56,8,53
1,<environment.Job instance at 0x150c27b07af0>,28,3,[1 5],46,56,59,10,53
1,<environment.Job instance at 0x150c2716c730>,29,15,[10  1],48,59,74,11,53
1,<environment.Job instance at 0x150c2727e550>,30,3,[7 2],50,56,59,6,53
1,<environment.Job instance at 0x150c27043e60>,31,1,[2 8],51,74,75,23,53
1,<environment.Job instance at 0x150c270437d0>,32,1,[5 2],52,74,75,22,54
1,<environment.Job instance at 0x150c23d7ff50>,33,3,[10  2],54,75,78,21,54
1,<environment.Job instance at 0x150c23d7f820>,34,3,[8 1],55,78,81,23,55
1,<environment.Job instance at 0x150c326db9b0>,35,3,[5 1],57,81,84,24,60
1,<environment.Job instance at 0x150c326f5410>,39,2,[9 2],62,84,86,22,67
1,<environment.Job instance at 0x150c263640f0>,40,12,[1 8],63,78,90,15,73
1,<environment.Job instance at 0x150c27185d20>,44,2,[8 2],69,86,88,17,73
1,<environment.Job instance at 0x150c26dae370>,45,15,[10  2],70,90,105,20,76
1,<environment.Job instance at 0x150c23de0140>,46,1,[7 2],71,88,89,17,76
1,<environment.Job instance at 0x150c23d6e050>,47,15,[7 2],72,105,120,33,92
1,<environment.Job instance at 0x150c23e345a0>,53,2,[2 8],83,105,107,22,92
1,<environment.Job instance at 0x150c23d0a370>,54,17,[10  2],84,120,137,36,108
1,<environment.Job instance at 0x150c326c1690>,58,2,[2 6],88,108,110,20,108
1,<environment.Job instance at 0x150c23e33b90>,60,3,[2 8],91,110,113,19,109
1,<environment.Job instance at 0x150c23eb2a00>,61,2,[5 2],92,137,139,45,110
1,<environment.Job instance at 0x150c23eb21e0>,62,2,[2 7],93,113,115,20,110
1,<environment.Job instance at 0x150c23eb23c0>,63,3,[1 8],94,115,118,21,110
1,<environment.Job instance at 0x150c23eb24b0>,66,1,[9 2],98,139,140,41,121
1,<environment.Job instance at 0x150c23eb2280>,67,2,[ 1 10],99,140,142,41,121
1,<environment.Job instance at 0x150c23eb3fa0>,68,3,[2 7],100,142,145,42,121
1,<environment.Job instance at 0x150c23da8910>,71,12,[8 2],103,188,200,85,188
1,<environment.Job instance at 0x150c23d5b370>,77,2,[2 5],114,188,190,74,188
1,<environment.Job instance at 0x150c23d5be60>,78,1,[5 2],115,200,201,85,188
1,<environment.Job instance at 0x150c23d1d050>,93,3,[ 2 10],134,244,247,110,244
1,<environment.Job instance at 0x150c23d26a00>,89,18,[10  2],130,2745,2763,2615,2745
1,<environment.Job instance at 0x150c23cd10a0>,0,1,[7 1],1,4,5,3,4
1,<environment.Job instance at 0x150c23d8a6e0>,3,3,[6 2],4,5,8,1,5
1,<environment.Job instance at 0x150c26e894b0>,4,1,[10  1],6,13,14,7,13
1,<environment.Job instance at 0x150c23cee2d0>,13,12,[1 5],22,27,39,5,27
1,<environment.Job instance at 0x150c27c014b0>,20,17,[2 5],33,33,50,0,33
1,<environment.Job instance at 0x150c24014370>,21,14,[9 2],34,50,64,16,35
1,<environment.Job instance at 0x150c23ceeb40>,15,18,[2 8],24,64,82,40,56
1,<environment.Job instance at 0x150c24b17cd0>,34,1,[1 9],57,82,83,25,58
1,<environment.Job instance at 0x150c24b17410>,36,3,[ 1 10],60,83,86,23,63
1,<environment.Job instance at 0x150c319f78c0>,40,1,[5 2],65,65,66,0,65
1,<environment.Job instance at 0x150c31a24fa0>,53,2,[9 1],83,86,88,3,83
1,<environment.Job instance at 0x150c23c85280>,54,2,[2 7],85,88,90,3,85
1,<environment.Job instance at 0x150c31a01230>,51,20,[5 1],81,94,114,13,94
1,<environment.Job instance at 0x150c23c8c230>,56,15,[8 1],89,114,129,25,100
1,<environment.Job instance at 0x150c27ca2640>,61,2,[7 1],97,129,131,32,102
1,<environment.Job instance at 0x150c241673c0>,62,3,[1 8],99,102,105,3,102
1,<environment.Job instance at 0x150c2717c820>,63,1,[6 1],100,131,132,31,103
1,<environment.Job instance at 0x150c241675f0>,64,2,[2 9],102,105,107,3,103
1,<environment.Job instance at 0x150c27beb870>,65,16,[1 8],103,107,123,4,104
1,<environment.Job instance at 0x150c27bebd20>,67,3,[9 1],105,132,135,27,106
1,<environment.Job instance at 0x150c24130c30>,68,17,[10  2],106,142,159,36,142
1,<environment.Job instance at 0x150c23c4bbe0>,94,12,[ 2 10],148,159,171,11,154
1,<environment.Job instance at 0x150c23c4bcd0>,95,1,[10  1],149,171,172,22,154
1,<environment.Job instance at 0x150c23c5a410>,99,2,[8 2],154,172,174,18,156
1,<environment.Job instance at 0x150c23c5aaf0>,100,1,[1 7],155,172,173,17,156
1,<environment.Job instance at 0x150c23c5a3c0>,101,3,[2 9],156,174,177,18,156
1,<environment.Job instance at 0x150c26e6a5a0>,3,3,[2 7],6,9,12,3,9
1,<environment.Job instance at 0x150c23e741e0>,7,2,[2 9],10,12,14,2,11
1,<environment.Job instance at 0x150c23e74aa0>,9,3,[1 5],12,14,17,2,12
1,<environment.Job instance at 0x150c23e74230>,10,3,[1 6],13,17,20,4,13
1,<environment.Job instance at 0x150c23e74500>,11,2,[2 6],14,20,22,6,14
1,<environment.Job instance at 0x150c23e74b90>,12,1,[9 1],15,15,16,0,15
1,<environment.Job instance at 0x150c23e74690>,13,1,[ 2 10],16,22,23,6,16
1,<environment.Job instance at 0x150c23fbc500>,14,2,[1 8],18,23,25,5,18
1,<environment.Job instance at 0x150c23fbc460>,15,16,[5 1],19,23,39,4,22
1,<environment.Job instance at 0x150c23f8bd20>,18,1,[1 7],24,25,26,1,24
1,<environment.Job instance at 0x150c23f8beb0>,19,3,[1 6],25,26,29,1,25
1,<environment.Job instance at 0x150c23f8bc30>,20,2,[5 2],26,29,31,3,26
1,<environment.Job instance at 0x150c23f8bf00>,21,16,[8 1],28,39,55,11,32
1,<environment.Job instance at 0x150c2401bd20>,26,2,[1 5],33,33,35,0,33
1,<environment.Job instance at 0x150c2401bd70>,27,12,[1 9],34,35,47,1,34
1,<environment.Job instance at 0x150c2401b3c0>,28,3,[2 6],35,47,50,12,35
1,<environment.Job instance at 0x150c23faa7d0>,29,3,[10  2],36,55,58,19,36
1,<environment.Job instance at 0x150c23fb5be0>,38,3,[8 2],46,58,61,12,49
1,<environment.Job instance at 0x150c23fb5eb0>,39,12,[2 9],47,61,73,14,49
1,<environment.Job instance at 0x150c23fb5dc0>,40,15,[9 2],49,73,88,24,60
1,<environment.Job instance at 0x150c23fa0050>,44,1,[ 1 10],53,88,89,35,60
1,<environment.Job instance at 0x150c24016d70>,47,1,[2 9],57,89,90,32,61
1,<environment.Job instance at 0x150c240168c0>,48,16,[6 1],58,101,117,43,101
1,<environment.Job instance at 0x150c24021aa0>,61,15,[1 9],83,101,116,18,101
1,<environment.Job instance at 0x150c24020640>,62,2,[ 1 10],85,117,119,32,101
1,<environment.Job instance at 0x150c240209b0>,63,3,[5 1],86,119,122,33,101
1,<environment.Job instance at 0x150c24025910>,64,2,[5 2],87,119,121,32,101
1,<environment.Job instance at 0x150c27c81140>,2,3,[7 2],5,5,8,0,5
1,<environment.Job instance at 0x150c26da7280>,3,2,[ 2 10],7,8,10,1,7
1,<environment.Job instance at 0x150c26da70f0>,4,2,[1 5],8,10,12,2,8
1,<environment.Job instance at 0x150c23c6b640>,5,1,[10  2],9,12,13,3,9
1,<environment.Job instance at 0x150c7a0df1e0>,6,2,[ 1 10],10,13,15,3,10
1,<environment.Job instance at 0x150c7a0df2d0>,8,2,[8 2],12,15,17,3,13
1,<environment.Job instance at 0x150c3199db90>,13,12,[2 9],22,26,38,4,26
1,<environment.Job instance at 0x150c608e0a50>,17,2,[8 2],28,38,40,10,28
1,<environment.Job instance at 0x150c608d3410>,18,3,[9 2],29,40,43,11,29
1,<environment.Job instance at 0x150c319d1cd0>,19,16,[1 7],30,38,54,8,30
1,<environment.Job instance at 0x150c241f8fa0>,25,1,[8 1],36,49,50,13,49
1,<environment.Job instance at 0x150c3264da00>,35,3,[1 9],50,54,57,4,52
1,<environment.Job instance at 0x150c3264d5a0>,36,3,[1 6],54,57,60,3,54
1,<environment.Job instance at 0x150c3264d410>,37,3,[2 5],55,60,63,5,55
1,<environment.Job instance at 0x150c3264d870>,38,27,[ 2 10],56,63,90,7,61
1,<environment.Job instance at 0x150c23f52190>,41,13,[10  2],60,90,103,30,82
1,<environment.Job instance at 0x150c23e037d0>,56,2,[ 1 10],78,103,105,25,82
1,<environment.Job instance at 0x150c2634ffa0>,57,3,[8 2],79,105,108,26,82
1,<environment.Job instance at 0x150c2634ff00>,58,12,[6 2],81,108,120,27,91
1,<environment.Job instance at 0x150c325af410>,60,2,[9 2],83,120,122,37,93
1,<environment.Job instance at 0x150c2717c870>,61,3,[1 5],84,105,108,21,93
1,<environment.Job instance at 0x150c2717cf50>,63,2,[10  2],86,122,124,36,95
1,<environment.Job instance at 0x150c2717cc30>,66,17,[1 9],91,124,141,33,112
1,<environment.Job instance at 0x150c270a83c0>,79,2,[9 1],115,135,137,20,135
1,<environment.Job instance at 0x150c32920690>,86,12,[1 7],125,141,153,16,135
1,<environment.Job instance at 0x150c329205a0>,88,1,[6 2],127,141,142,14,140
1,<environment.Job instance at 0x150c329201e0>,89,1,[1 6],128,153,154,25,141
1,<environment.Job instance at 0x150c24bc03c0>,92,2,[ 1 10],132,154,156,22,150
1,<environment.Job instance at 0x150c24bc08c0>,93,2,[1 5],134,156,158,22,150
1,<environment.Job instance at 0x150c24bc0730>,95,14,[2 9],138,180,194,42,180
1,<environment.Job instance at 0x150c24bc0e10>,97,3,[1 9],141,194,197,53,180
1,<environment.Job instance at 0x150c24bc0550>,98,1,[10  1],142,197,198,55,180
1,<environment.Job instance at 0x150c24bc0b40>,99,3,[5 1],143,180,183,37,180
1,<environment.Job instance at 0x150c24bc0f00>,100,2,[8 1],144,183,185,39,180
1,<environment.Job instance at 0x150c24bc00f0>,101,3,[ 2 10],145,198,201,53,180
1,<environment.Job instance at 0x150c2727e2d0>,106,3,[1 9],152,201,204,49,196
1,<environment.Job instance at 0x150c2727e690>,108,3,[9 2],154,204,207,50,196
1,<environment.Job instance at 0x150c2727e5a0>,109,3,[8 2],156,207,210,51,196
1,<environment.Job instance at 0x150c2727e780>,110,17,[2 7],158,207,224,49,197
1,<environment.Job instance at 0x150c2727ea50>,111,2,[1 6],159,204,206,45,197
1,<environment.Job instance at 0x150c2727e500>,112,18,[5 2],160,210,228,50,208
1,<environment.Job instance at 0x150c2727e410>,121,1,[5 2],171,224,225,53,217
1,<environment.Job instance at 0x150c27bd4f00>,122,13,[1 9],172,228,241,56,217
1,<environment.Job instance at 0x150c27bd4050>,128,18,[1 8],179,241,259,62,232
1,<environment.Job instance at 0x150c243adaa0>,1,3,[2 5],2,2,5,0,2
1,<environment.Job instance at 0x150c26fa1500>,2,3,[1 7],4,5,8,1,4
1,<environment.Job instance at 0x150c243adf50>,3,2,[9 2],5,5,7,0,5
1,<environment.Job instance at 0x150c243ad370>,4,2,[7 1],6,7,9,1,6
1,<environment.Job instance at 0x150c243adb90>,5,1,[1 8],7,8,9,1,7
1,<environment.Job instance at 0x150c243ad9b0>,6,1,[8 1],8,9,10,1,8
1,<environment.Job instance at 0x150c23c65e10>,8,2,[1 6],10,10,12,0,10
1,<environment.Job instance at 0x150c243ad910>,9,2,[7 2],12,12,14,0,12
1,<environment.Job instance at 0x150c23c65050>,10,1,[ 2 10],13,14,15,1,14
1,<environment.Job instance at 0x150c27b4b8c0>,16,2,[2 7],21,21,23,0,21
1,<environment.Job instance at 0x150c23c656e0>,17,1,[7 2],22,22,23,0,22
1,<environment.Job instance at 0x150c318c9a00>,18,1,[1 9],23,23,24,0,23
1,<environment.Job instance at 0x150c23c4e6e0>,19,1,[1 8],24,24,25,0,24
1,<environment.Job instance at 0x150c319bc3c0>,20,16,[9 1],26,31,47,5,31
1,<environment.Job instance at 0x150c27cfaeb0>,25,2,[8 2],33,47,49,14,33
1,<environment.Job instance at 0x150c2933ee10>,26,1,[2 7],35,47,48,12,35
1,<environment.Job instance at 0x150c2933e730>,27,1,[1 8],36,36,37,0,36
1,<environment.Job instance at 0x150c28063aa0>,28,1,[7 1],37,49,50,12,37
1,<environment.Job instance at 0x150c27b18d20>,29,3,[5 2],38,50,53,12,38
1,<environment.Job instance at 0x150c23ffb640>,30,1,[10  1],39,53,54,14,39
1,<environment.Job instance at 0x150c23ffb0a0>,31,1,[ 1 10],40,54,55,14,43
1,<environment.Job instance at 0x150c27066c80>,35,1,[8 2],44,55,56,11,48
1,<environment.Job instance at 0x150c23c4e820>,23,22,[10  1],30,56,78,26,51
1,<environment.Job instance at 0x150c270669b0>,37,1,[5 2],50,78,79,28,60
1,<environment.Job instance at 0x150c240afe10>,46,3,[1 8],61,78,81,17,61
1,<environment.Job instance at 0x150c23d552d0>,58,18,[2 8],78,81,99,3,80
1,<environment.Job instance at 0x150c23d55500>,60,2,[2 5],81,99,101,18,83
1,<environment.Job instance at 0x150c23d55550>,62,2,[2 6],84,101,103,17,84
1,<environment.Job instance at 0x150c23d553c0>,65,17,[9 1],87,103,120,16,100
1,<environment.Job instance at 0x150c241a2a50>,71,2,[2 9],96,120,122,24,100
1,<environment.Job instance at 0x150c241a2320>,72,12,[8 1],99,120,132,21,103
1,<environment.Job instance at 0x150c240b6b40>,75,3,[9 2],103,132,135,29,106
1,<environment.Job instance at 0x150c240b6cd0>,76,1,[2 9],104,122,123,18,106
1,<environment.Job instance at 0x150c240b67d0>,77,1,[7 2],106,135,136,29,107
1,<environment.Job instance at 0x150c240b6410>,83,1,[2 5],119,138,139,19,138
1,<environment.Job instance at 0x150c240b6c80>,85,20,[9 1],125,140,160,15,140
1,<environment.Job instance at 0x150c240b68c0>,86,1,[9 1],126,160,161,34,140
1,<environment.Job instance at 0x150c306391e0>,87,1,[2 9],128,161,162,33,140
1,<environment.Job instance at 0x150c30639a50>,88,1,[1 7],129,140,141,11,140
1,<environment.Job instance at 0x150c30639be0>,89,18,[2 6],130,162,180,32,151
1,<environment.Job instance at 0x150c24b58370>,102,2,[10  1],148,180,182,32,154
1,<environment.Job instance at 0x150c280b4af0>,103,3,[ 2 10],149,182,185,33,156
1,<environment.Job instance at 0x150c280b4e10>,110,17,[5 2],158,185,202,27,173
1,<environment.Job instance at 0x150c27fa2dc0>,116,3,[ 1 10],165,202,205,37,176
1,<environment.Job instance at 0x150c27fa2c30>,117,2,[5 2],168,176,178,8,176
1,<environment.Job instance at 0x150c27fa25a0>,119,3,[2 6],171,185,188,14,182
1,<environment.Job instance at 0x150c27fa2460>,120,2,[9 1],172,205,207,33,182
1,<environment.Job instance at 0x150c27fa2d20>,121,3,[8 1],173,207,210,34,182
1,<environment.Job instance at 0x150c24198780>,122,1,[1 7],174,188,189,14,182
1,<environment.Job instance at 0x150c26364230>,123,2,[9 2],175,210,212,35,183
1,<environment.Job instance at 0x150c27b4b410>,125,2,[1 9],178,205,207,27,196
1,<environment.Job instance at 0x150c23ffb5f0>,126,2,[2 6],179,196,198,17,196
1,<environment.Job instance at 0x150c240d3c80>,0,3,[9 1],2,7,10,5,7
1,<environment.Job instance at 0x150c26f32500>,4,18,[1 9],10,12,30,2,12
1,<environment.Job instance at 0x150c31977050>,7,1,[5 1],13,14,15,1,14
1,<environment.Job instance at 0x150c26f32e10>,8,2,[1 5],16,30,32,14,16
1,<environment.Job instance at 0x150c31977960>,9,12,[ 1 10],17,32,44,15,17
1,<environment.Job instance at 0x150c31977af0>,10,12,[1 9],18,44,56,26,27
1,<environment.Job instance at 0x150c60879910>,17,1,[6 1],26,27,28,1,27
1,<environment.Job instance at 0x150c24130d70>,40,26,[ 1 10],50,60,86,10,60
1,<environment.Job instance at 0x150c24130320>,43,1,[6 1],54,86,87,32,83
1,<environment.Job instance at 0x150c24130af0>,46,3,[9 1],57,87,90,30,84
1,<environment.Job instance at 0x150c32620780>,49,2,[2 7],62,90,92,28,84
1,<environment.Job instance at 0x150c32620320>,50,2,[ 2 10],63,92,94,29,84
1,<environment.Job instance at 0x150c326206e0>,52,3,[5 1],65,94,97,29,93
1,<environment.Job instance at 0x150c32620f50>,53,3,[1 5],67,94,97,27,93
1,<environment.Job instance at 0x150c32620640>,54,3,[1 9],68,97,100,29,93
1,<environment.Job instance at 0x150c326209b0>,55,2,[ 1 10],69,100,102,31,93
1,<environment.Job instance at 0x150c32620690>,56,1,[ 2 10],71,102,103,31,93
1,<environment.Job instance at 0x150c60878050>,57,3,[2 5],72,103,106,31,93
1,<environment.Job instance at 0x150c60878230>,58,1,[2 5],73,103,104,30,93
1,<environment.Job instance at 0x150c60878c30>,59,3,[8 1],74,97,100,23,93
1,<environment.Job instance at 0x150c60878410>,60,3,[1 9],75,106,109,31,93
1,<environment.Job instance at 0x150c608784b0>,61,3,[10  1],81,109,112,28,94
1,<environment.Job instance at 0x150c60878a00>,62,1,[8 2],82,104,105,22,95
1,<environment.Job instance at 0x150c23c48550>,63,19,[1 5],85,112,131,27,102
1,<environment.Job instance at 0x150c23f06f50>,68,3,[7 1],96,105,108,9,102
1,<environment.Job instance at 0x150c23f06fa0>,69,3,[ 2 10],97,131,134,34,105
1,<environment.Job instance at 0x150c23f06140>,70,3,[2 8],98,134,137,36,108
1,<environment.Job instance at 0x150c23f06460>,71,2,[2 7],99,137,139,38,110
1,<environment.Job instance at 0x150c23f06550>,72,3,[10  2],101,139,142,38,113
1,<environment.Job instance at 0x150c2719ee10>,79,1,[1 5],108,125,126,17,125
1,<environment.Job instance at 0x150c242b18c0>,84,15,[ 2 10],116,142,157,26,135
1,<environment.Job instance at 0x150c242b1f00>,86,3,[8 1],118,157,160,39,137
1,<environment.Job instance at 0x150c237e16e0>,1,13,[2 6],2,4,17,2,4
1,<environment.Job instance at 0x150c2717cb40>,13,14,[8 2],19,19,33,0,19
1,<environment.Job instance at 0x150c24ecc460>,15,1,[10  2],21,33,34,12,21
1,<environment.Job instance at 0x150c33fb1d70>,16,2,[5 1],23,34,36,11,25
1,<environment.Job instance at 0x150c27cff8c0>,19,2,[1 9],29,34,36,5,29
1,<environment.Job instance at 0x150c6063c280>,27,12,[9 2],41,42,54,1,42
1,<environment.Job instance at 0x150c27d613c0>,28,1,[6 2],43,54,55,11,43
1,<environment.Job instance at 0x150c27d61780>,32,1,[6 1],49,55,56,6,51
1,<environment.Job instance at 0x150c6095f4b0>,34,19,[1 5],53,55,74,2,55
1,<environment.Job instance at 0x150c24ecc190>,14,14,[6 1],20,77,91,57,77
1,<environment.Job instance at 0x150c27d61c80>,30,15,[9 2],46,91,106,45,86
1,<environment.Job instance at 0x150c32600c30>,56,1,[2 5],87,106,107,19,94
1,<environment.Job instance at 0x150c32600aa0>,57,3,[9 2],88,107,110,19,94
1,<environment.Job instance at 0x150c26f963c0>,63,2,[1 9],99,110,112,11,99
1,<environment.Job instance at 0x150c26f96370>,64,3,[7 2],102,112,115,10,102
1,<environment.Job instance at 0x150c26f96aa0>,65,2,[6 2],103,115,117,12,103
1,<environment.Job instance at 0x150c26f96a00>,66,1,[10  1],105,117,118,12,105
1,<environment.Job instance at 0x150c26f96910>,67,3,[6 2],107,118,121,11,107
1,<environment.Job instance at 0x150c26f96dc0>,68,2,[1 9],109,121,123,12,109
1,<environment.Job instance at 0x150c280dc960>,69,3,[1 9],111,123,126,12,112
1,<environment.Job instance at 0x150c272c05f0>,77,14,[2 8],121,126,140,5,124
1,<environment.Job instance at 0x150c24128cd0>,83,2,[8 2],130,130,132,0,130
1,<environment.Job instance at 0x150c24128c30>,84,2,[5 2],131,132,134,1,131
1,<environment.Job instance at 0x150c24128870>,85,2,[6 1],132,134,136,2,132
1,<environment.Job instance at 0x150c24128d20>,86,1,[1 9],133,140,141,7,133
1,<environment.Job instance at 0x150c24128af0>,87,1,[7 1],134,136,137,2,134
1,<environment.Job instance at 0x150c24128f00>,88,2,[2 5],135,141,143,6,135
1,<environment.Job instance at 0x150c24128410>,89,1,[2 8],136,143,144,7,136
1,<environment.Job instance at 0x150c272c0320>,78,15,[1 8],122,144,159,22,140
1,<environment.Job instance at 0x150c24128190>,90,13,[5 2],137,149,162,12,149
1,<environment.Job instance at 0x150c243ca870>,101,3,[8 2],155,162,165,7,155
1,<environment.Job instance at 0x150c26e01b40>,106,1,[8 1],161,165,166,4,161
1,<environment.Job instance at 0x150c26e01910>,107,1,[5 2],163,166,167,3,163
1,<environment.Job instance at 0x150c27c7d780>,108,1,[9 2],165,167,168,2,165
1,<environment.Job instance at 0x150c27c7d9b0>,110,2,[1 7],167,172,174,5,172
1,<environment.Job instance at 0x150c27c7de60>,111,1,[9 1],169,172,173,3,172
1,<environment.Job instance at 0x150c27c7d640>,112,15,[5 2],170,173,188,3,172
1,<environment.Job instance at 0x150c27c7dfa0>,113,3,[ 1 10],171,188,191,17,172
1,<environment.Job instance at 0x150c24128550>,95,18,[8 1],144,308,326,164,308
1,<environment.Job instance at 0x150c243ca230>,2,1,[5 2],5,7,8,2,7
1,<environment.Job instance at 0x150c23a280f0>,46,1,[9 1],70,70,71,0,70
1,<environment.Job instance at 0x150c30621460>,47,19,[2 8],71,71,90,0,71
1,<environment.Job instance at 0x150c306216e0>,48,1,[8 1],72,72,73,0,72
1,<environment.Job instance at 0x150c24c8e370>,49,1,[1 5],74,90,91,16,74
1,<environment.Job instance at 0x150c23879f50>,50,16,[2 5],75,90,106,15,77
1,<environment.Job instance at 0x150c7a020eb0>,52,3,[2 6],78,106,109,28,80
1,<environment.Job instance at 0x150c2383a050>,83,3,[1 7],124,125,128,1,125
1,<environment.Job instance at 0x150c23932d20>,97,3,[2 9],149,150,153,1,150
1,<environment.Job instance at 0x150c23a71190>,105,3,[9 1],160,169,172,9,169
1,<environment.Job instance at 0x150c23a71e60>,106,16,[10  1],161,172,188,11,171
1,<environment.Job instance at 0x150c2382b780>,113,2,[1 5],169,193,195,24,193
1,<environment.Job instance at 0x150c2382bd70>,115,3,[7 1],171,193,196,22,193
1,<environment.Job instance at 0x150c2382b370>,116,14,[2 5],172,195,209,23,193
1,<environment.Job instance at 0x150c2382b6e0>,117,1,[ 1 10],174,209,210,35,193
1,<environment.Job instance at 0x150c2382b0f0>,118,3,[2 7],176,210,213,34,193
1,<environment.Job instance at 0x150c2382bfa0>,119,2,[9 1],177,213,215,36,193
1,<environment.Job instance at 0x150c2382bb90>,120,2,[7 1],178,196,198,18,193
1,<environment.Job instance at 0x150c2382b4b0>,2,15,[2 9],4,7,22,3,7
1,<environment.Job instance at 0x150c272858c0>,22,3,[9 2],41,68,71,27,68
1,<environment.Job instance at 0x150c23b522d0>,27,17,[2 9],51,184,201,133,184
1,<environment.Job instance at 0x150c23b52280>,29,13,[8 2],53,311,324,258,311
1,<environment.Job instance at 0x150c23b4f780>,63,3,[2 5],110,332,335,222,332
1,<environment.Job instance at 0x150c33fd7f50>,79,17,[ 2 10],134,442,459,308,442
1,<environment.Job instance at 0x150c2801a690>,97,1,[2 9],157,484,485,327,484
1,<environment.Job instance at 0x150c2389d4b0>,4,15,[6 1],10,17,32,7,17
1,<environment.Job instance at 0x150c246dd870>,13,2,[5 1],21,32,34,11,30
1,<environment.Job instance at 0x150c246dd910>,14,2,[ 1 10],22,34,36,12,30
1,<environment.Job instance at 0x150c246ddfa0>,15,15,[10  1],23,36,51,13,30
1,<environment.Job instance at 0x150c23a12c30>,0,3,[9 2],1,2,5,1,2
1,<environment.Job instance at 0x150c23a12370>,1,12,[5 1],2,5,17,3,2
1,<environment.Job instance at 0x150c23a12be0>,2,1,[1 6],3,5,6,2,5
1,<environment.Job instance at 0x150c240c71e0>,4,2,[2 7],7,7,9,0,7
1,<environment.Job instance at 0x150c257119b0>,7,3,[6 1],11,17,20,6,11
1,<environment.Job instance at 0x150c240c77d0>,5,2,[8 1],8,20,22,12,11
1,<environment.Job instance at 0x150c25711820>,15,2,[ 1 10],23,29,31,6,29
1,<environment.Job instance at 0x150c25711b40>,19,16,[5 2],30,37,53,7,37
1,<environment.Job instance at 0x150c240dc500>,27,15,[2 8],40,50,65,10,50
1,<environment.Job instance at 0x150c24225780>,31,2,[2 5],45,65,67,20,50
1,<environment.Job instance at 0x150c3265bf50>,43,3,[6 1],61,77,80,16,77
1,<environment.Job instance at 0x150c3265b1e0>,44,3,[1 8],62,77,80,15,77
1,<environment.Job instance at 0x150c3265bd20>,45,1,[1 9],64,80,81,16,77
1,<environment.Job instance at 0x150c3265b370>,46,15,[1 8],66,81,96,15,77
1,<environment.Job instance at 0x150c3265b5a0>,47,2,[1 6],69,96,98,27,77
1,<environment.Job instance at 0x150c3265bfa0>,48,1,[2 8],71,98,99,27,77
1,<environment.Job instance at 0x150c3265bf00>,51,3,[ 2 10],74,104,107,30,104
1,<environment.Job instance at 0x150c23866a50>,52,3,[1 9],76,107,110,31,104
1,<environment.Job instance at 0x150c23866f00>,53,2,[10  2],77,110,112,33,104
1,<environment.Job instance at 0x150c325710f0>,54,1,[ 2 10],81,112,113,31,104
1,<environment.Job instance at 0x150c32571870>,55,12,[2 9],82,113,125,31,104
1,<environment.Job instance at 0x150c325710a0>,56,2,[ 2 10],88,125,127,37,104
1,<environment.Job instance at 0x150c32571b90>,57,1,[2 6],89,127,128,38,104
1,<environment.Job instance at 0x150c32571690>,59,2,[6 2],91,127,129,36,106
1,<environment.Job instance at 0x150c325719b0>,62,17,[2 9],94,145,162,51,145
1,<environment.Job instance at 0x150c24b7a230>,72,12,[6 1],107,145,157,38,145
1,<environment.Job instance at 0x150c26fe7140>,92,3,[1 9],138,190,193,52,190
1,<environment.Job instance at 0x150c240f4370>,94,3,[10  2],140,193,196,53,190
1,<environment.Job instance at 0x150c240f4c30>,95,16,[1 8],142,196,212,54,192
1,<environment.Job instance at 0x150c270fe780>,99,1,[2 6],149,212,213,63,192
1,<environment.Job instance at 0x150c78043f00>,107,3,[5 2],159,210,213,51,210
1,<environment.Job instance at 0x150c270f0730>,110,3,[6 2],165,213,216,48,211
1,<environment.Job instance at 0x150c242da640>,111,17,[1 7],166,213,230,47,213
1,<environment.Job instance at 0x150c280ef190>,114,3,[6 1],169,216,219,47,213
1,<environment.Job instance at 0x150c2375b0f0>,115,1,[ 2 10],170,230,231,60,213
1,<environment.Job instance at 0x150c27ff0e60>,116,2,[1 9],171,231,233,60,213
1,<environment.Job instance at 0x150c27ba0a50>,117,12,[ 2 10],172,233,245,61,216
1,<environment.Job instance at 0x150c26fe6140>,119,1,[5 1],176,224,225,48,224
1,<environment.Job instance at 0x150c2710e410>,120,1,[8 2],177,225,226,48,224
1,<environment.Job instance at 0x150c272695f0>,113,16,[2 5],168,351,367,183,351
1,<environment.Job instance at 0x150c236ec2d0>,2,2,[10  2],5,6,8,1,6
1,<environment.Job instance at 0x150c236ecaf0>,4,2,[7 2],7,8,10,1,7
1,<environment.Job instance at 0x150c23a814b0>,5,3,[2 5],8,8,11,0,8
1,<environment.Job instance at 0x150c236ec0a0>,6,1,[ 1 10],10,11,12,1,10
1,<environment.Job instance at 0x150c23879280>,7,2,[1 7],11,12,14,1,11
1,<environment.Job instance at 0x150c23879960>,8,1,[7 2],12,13,14,1,13
1,<environment.Job instance at 0x150c23fe6a50>,1,1,[10  1],3,3,4,0,3
1,<environment.Job instance at 0x150c23fd0c80>,12,14,[10  1],19,53,67,34,53
1,<environment.Job instance at 0x150c3063d6e0>,18,1,[5 1],26,72,73,46,72
1,<environment.Job instance at 0x150c236c90f0>,23,14,[8 1],37,153,167,116,153
1,<environment.Job instance at 0x150c60a01f50>,24,2,[2 6],38,153,155,115,153
1,<environment.Job instance at 0x150c236c93c0>,25,15,[5 1],41,167,182,126,158
1,<environment.Job instance at 0x150c26da2b90>,27,16,[1 7],44,160,176,116,160
1,<environment.Job instance at 0x150c2401a5a0>,28,1,[2 6],45,176,177,131,166
1,<environment.Job instance at 0x150c238e20f0>,49,17,[1 5],79,195,212,116,195
1,<environment.Job instance at 0x150c246e8e60>,35,17,[8 1],54,196,213,142,196
1,<environment.Job instance at 0x150c2a9c4be0>,58,2,[1 8],90,212,214,122,196
1,<environment.Job instance at 0x150c26dab730>,60,12,[9 2],95,213,225,118,196
1,<environment.Job instance at 0x150c24130e10>,61,3,[8 2],97,225,228,128,199
1,<environment.Job instance at 0x150c242f88c0>,72,2,[8 1],112,233,235,121,233
1,<environment.Job instance at 0x150c242f8e60>,73,1,[9 1],113,235,236,122,233
1,<environment.Job instance at 0x150c242f8280>,74,1,[2 8],114,233,234,119,233
1,<environment.Job instance at 0x150c242f8870>,76,1,[2 9],116,234,235,118,233
1,<environment.Job instance at 0x150c242f8f00>,77,3,[ 2 10],117,236,239,119,233
1,<environment.Job instance at 0x150c242f8190>,78,3,[1 7],118,239,242,121,233
1,<environment.Job instance at 0x150c26e771e0>,81,2,[2 5],121,242,244,121,233
1,<environment.Job instance at 0x150c26e775f0>,82,1,[8 2],122,239,240,117,233
1,<environment.Job instance at 0x150c26e77960>,84,1,[10  2],124,244,245,120,233
1,<environment.Job instance at 0x150c26e77dc0>,87,3,[5 2],128,240,243,112,233
1,<environment.Job instance at 0x150c26e77c30>,89,2,[1 6],133,245,247,112,233
1,<environment.Job instance at 0x150c26e77d20>,90,13,[2 7],134,247,260,113,234
1,<environment.Job instance at 0x150c26e77f50>,94,2,[8 2],142,245,247,103,234
1,<environment.Job instance at 0x150c26e770a0>,95,3,[6 2],144,247,250,103,234
1,<environment.Job instance at 0x150c26e77a50>,96,2,[2 9],146,260,262,114,234
1,<environment.Job instance at 0x150c26e77aa0>,97,1,[8 2],147,243,244,96,234
1,<environment.Job instance at 0x150c26e77e60>,98,3,[5 1],148,250,253,102,234
1,<environment.Job instance at 0x150c26e77d70>,99,3,[8 1],149,253,256,104,234
1,<environment.Job instance at 0x150c24032820>,102,1,[1 9],152,262,263,110,254
1,<environment.Job instance at 0x150c24032690>,105,3,[2 6],156,263,266,107,254
1,<environment.Job instance at 0x150c26da2460>,26,18,[1 7],42,532,550,490,532
1,<environment.Job instance at 0x150c2401a820>,31,18,[2 9],48,578,596,530,578
1,<environment.Job instance at 0x150c27c2a820>,1,18,[2 6],4,5,23,1,5
1,<environment.Job instance at 0x150c23c99d20>,0,1,[6 2],2,12,13,10,12
1,<environment.Job instance at 0x150c236c9730>,9,12,[1 7],13,23,35,10,15
1,<environment.Job instance at 0x150c27c2ad70>,3,13,[8 2],7,16,29,9,16
1,<environment.Job instance at 0x150c319f06e0>,13,2,[2 7],18,35,37,17,21
1,<environment.Job instance at 0x150c27b8b6e0>,21,17,[6 1],29,30,47,1,30
1,<environment.Job instance at 0x150c239d5a50>,23,13,[6 1],31,47,60,16,32
1,<environment.Job instance at 0x150c27d121e0>,25,2,[9 2],33,60,62,27,38
1,<environment.Job instance at 0x150c2431a550>,32,1,[7 2],45,62,63,17,53
1,<environment.Job instance at 0x150c241a2870>,35,3,[6 1],51,63,66,12,55
1,<environment.Job instance at 0x150c325a9050>,36,3,[2 6],52,55,58,3,55
1,<environment.Job instance at 0x150c325a9820>,37,2,[7 2],54,66,68,12,55
1,<environment.Job instance at 0x150c325d74b0>,38,2,[10  1],55,68,70,13,55
1,<environment.Job instance at 0x150c3259c780>,39,2,[2 7],56,58,60,2,56
1,<environment.Job instance at 0x150c3259cb40>,40,14,[2 7],57,70,84,13,57
1,<environment.Job instance at 0x150c2431adc0>,33,12,[10  2],47,84,96,37,72
1,<environment.Job instance at 0x150c3259ce10>,45,2,[1 9],63,218,220,155,218
1,<environment.Job instance at 0x150c3259c320>,49,1,[7 1],69,218,219,149,218
1,<environment.Job instance at 0x150c325ef730>,50,3,[9 1],70,219,222,149,219
1,<environment.Job instance at 0x150c325ef190>,55,3,[1 8],76,257,260,181,257
1,<environment.Job instance at 0x150c325ef910>,63,17,[5 2],85,270,287,185,270
1,<environment.Job instance at 0x150c319f6be0>,80,2,[1 9],112,287,289,175,270
1,<environment.Job instance at 0x150c319f6a50>,81,13,[8 1],113,287,300,174,271
1,<environment.Job instance at 0x150c319f62d0>,82,2,[10  2],115,300,302,185,273
1,<environment.Job instance at 0x150c246e8e10>,120,2,[2 7],165,431,433,266,431
1,<environment.Job instance at 0x150c246e80a0>,121,3,[ 2 10],167,433,436,266,432
1,<environment.Job instance at 0x150c246e8370>,123,3,[ 2 10],171,440,443,269,440
1,<environment.Job instance at 0x150c246e83c0>,130,1,[1 8],179,457,458,278,457
1,<environment.Job instance at 0x150c246e87d0>,127,18,[5 1],176,485,503,309,485
1,<environment.Job instance at 0x150c236a1a50>,5,16,[6 2],8,10,26,2,10
1,<environment.Job instance at 0x150c318b73c0>,13,16,[6 2],20,39,55,19,39
1,<environment.Job instance at 0x150c23b52cd0>,34,1,[10  1],48,55,56,7,48
1,<environment.Job instance at 0x150c23b52fa0>,35,1,[7 2],49,56,57,7,49
1,<environment.Job instance at 0x150c280c39b0>,36,3,[6 2],50,57,60,7,50
1,<environment.Job instance at 0x150c271a9410>,38,1,[1 6],52,52,53,0,52
1,<environment.Job instance at 0x150c325aca50>,40,15,[ 1 10],54,60,75,6,54
1,<environment.Job instance at 0x150c325aceb0>,41,1,[ 1 10],55,75,76,20,55
1,<environment.Job instance at 0x150c27d4c050>,42,1,[1 8],56,56,57,0,56
1,<environment.Job instance at 0x150c27d4ce10>,43,1,[7 2],57,76,77,19,58
1,<environment.Job instance at 0x150c60a9a370>,63,3,[2 6],88,95,98,7,95
1,<environment.Job instance at 0x150c27d41f50>,67,3,[7 1],92,95,98,3,95
1,<environment.Job instance at 0x150c325ddb40>,68,1,[1 6],93,98,99,5,95
1,<environment.Job instance at 0x150c325ddd70>,69,3,[6 2],94,98,101,4,95
1,<environment.Job instance at 0x150c2403d320>,70,2,[2 7],96,99,101,3,96
1,<environment.Job instance at 0x150c32529820>,71,3,[1 5],97,101,104,4,97
1,<environment.Job instance at 0x150c32529af0>,72,3,[1 6],100,104,107,4,100
1,<environment.Job instance at 0x150c33f8a960>,74,2,[1 5],106,107,109,1,106
1,<environment.Job instance at 0x150c23efe820>,78,3,[ 2 10],110,110,113,0,110
1,<environment.Job instance at 0x150c2368bcd0>,98,1,[1 7],136,138,139,2,138
1,<environment.Job instance at 0x150c2935b6e0>,100,1,[1 6],139,139,140,0,139
1,<environment.Job instance at 0x150c2935be60>,101,2,[2 6],142,150,152,8,150
1,<environment.Job instance at 0x150c2935b8c0>,103,13,[5 2],144,151,164,7,151
1,<environment.Job instance at 0x150c2935b4b0>,107,17,[2 5],149,152,169,3,151
1,<environment.Job instance at 0x150c2935b2d0>,108,2,[ 2 10],151,169,171,18,151
1,<environment.Job instance at 0x150c7a111b40>,109,15,[1 9],155,171,186,16,157
1,<environment.Job instance at 0x150c7a111230>,110,3,[1 6],159,186,189,27,162
1,<environment.Job instance at 0x150c280ac0f0>,115,3,[5 1],167,171,174,4,170
1,<environment.Job instance at 0x150c24bfbf50>,116,3,[1 7],168,189,192,21,170
1,<environment.Job instance at 0x150c24bfb910>,117,2,[2 8],171,192,194,21,171
1,<environment.Job instance at 0x150c2369e320>,118,12,[7 1],172,174,186,2,172
1,<environment.Job instance at 0x150c2369e550>,119,1,[2 5],173,194,195,21,173
1,<environment.Job instance at 0x150c2369e370>,120,2,[2 6],174,195,197,21,174
1,<environment.Job instance at 0x150c2369e500>,123,12,[1 7],179,197,209,18,180
1,<environment.Job instance at 0x150c319daeb0>,0,1,[6 2],1,5,6,4,5
1,<environment.Job instance at 0x150c24ba7230>,3,18,[9 1],5,6,24,1,5
1,<environment.Job instance at 0x150c2368b8c0>,4,2,[9 1],6,24,26,18,10
1,<environment.Job instance at 0x150c246da1e0>,9,1,[2 9],11,26,27,15,11
1,<environment.Job instance at 0x150c2932ffa0>,10,2,[8 1],12,26,28,14,12
1,<environment.Job instance at 0x150c318fed70>,11,17,[5 1],13,28,45,15,20
1,<environment.Job instance at 0x150c23a792d0>,19,13,[7 2],23,45,58,22,42
1,<environment.Job instance at 0x150c272c23c0>,39,1,[9 1],50,76,77,26,76
1,<environment.Job instance at 0x150c246fcf50>,40,3,[2 6],52,77,80,25,76
1,<environment.Job instance at 0x150c27b7dd70>,41,2,[1 8],53,80,82,27,76
1,<environment.Job instance at 0x150c27b7d910>,42,3,[8 2],55,77,80,22,76
1,<environment.Job instance at 0x150c24ba2230>,43,1,[2 8],56,82,83,26,76
1,<environment.Job instance at 0x150c23669f00>,44,3,[1 8],57,83,86,26,76
1,<environment.Job instance at 0x150c319c4f50>,45,3,[10  1],59,86,89,27,76
1,<environment.Job instance at 0x150c319c4f00>,46,1,[8 2],60,80,81,20,76
1,<environment.Job instance at 0x150c319c4c80>,47,3,[1 7],61,89,92,28,76
1,<environment.Job instance at 0x150c319c4fa0>,48,1,[2 7],62,92,93,30,76
1,<environment.Job instance at 0x150c319c4b90>,49,3,[1 5],63,93,96,30,76
1,<environment.Job instance at 0x150c33fd4870>,50,2,[6 1],64,81,83,17,76
1,<environment.Job instance at 0x150c33fd4190>,51,1,[7 1],66,83,84,17,76
1,<environment.Job instance at 0x150c319fafa0>,52,14,[7 1],67,89,103,22,78
1,<environment.Job instance at 0x150c23866410>,54,2,[9 1],69,84,86,15,78
1,<environment.Job instance at 0x150c23866320>,55,1,[1 7],71,96,97,25,78
1,<environment.Job instance at 0x150c23866050>,56,18,[1 5],72,97,115,25,86
1,<environment.Job instance at 0x150c31a26e60>,58,17,[5 2],76,116,133,40,116
1,<environment.Job instance at 0x150c23ce00f0>,76,2,[5 2],99,132,134,33,132
1,<environment.Job instance at 0x150c23ce00a0>,77,2,[7 1],100,134,136,34,132
1,<environment.Job instance at 0x150c23ce0d70>,78,1,[5 1],101,133,134,32,132
1,<environment.Job instance at 0x150c23ce0e60>,79,2,[ 1 10],104,136,138,32,132
1,<environment.Job instance at 0x150c23ce0410>,80,2,[10  1],105,138,140,33,132
1,<environment.Job instance at 0x150c23ce0050>,81,23,[1 9],106,140,163,34,140
1,<environment.Job instance at 0x150c23ce06e0>,82,3,[6 2],108,163,166,55,154
1,<environment.Job instance at 0x150c33ff7730>,90,16,[1 8],122,163,179,41,161
1,<environment.Job instance at 0x150c27f73410>,94,2,[7 2],127,166,168,39,161
1,<environment.Job instance at 0x150c27f73d70>,97,2,[5 1],130,168,170,38,167
1,<environment.Job instance at 0x150c27f73e60>,98,18,[9 1],132,194,212,62,194
1,<environment.Job instance at 0x150c608b7320>,113,3,[1 9],159,194,197,35,194
1,<environment.Job instance at 0x150c608b7e60>,114,2,[10  1],160,212,214,52,194
1,<environment.Job instance at 0x150c608b7aa0>,115,1,[5 2],161,214,215,53,194
1,<environment.Job instance at 0x150c608b7cd0>,116,1,[6 2],162,215,216,53,194
1,<environment.Job instance at 0x150c608e3a50>,117,1,[9 1],163,216,217,53,194
1,<environment.Job instance at 0x150c608e3dc0>,118,3,[1 5],165,197,200,32,194
1,<environment.Job instance at 0x150c608e3410>,119,3,[10  1],166,217,220,51,194
1,<environment.Job instance at 0x150c608e35f0>,120,3,[10  1],167,220,223,53,194
1,<environment.Job instance at 0x150c608e3aa0>,121,1,[ 1 10],168,223,224,55,197
1,<environment.Job instance at 0x150c608e3be0>,122,3,[8 2],170,224,227,54,198
1,<environment.Job instance at 0x150c23e0d8c0>,1,2,[10  1],2,8,10,6,8
1,<environment.Job instance at 0x150c23edf7d0>,6,2,[2 6],9,10,12,1,9
1,<environment.Job instance at 0x150c23edfa00>,4,3,[9 2],7,12,15,5,10
1,<environment.Job instance at 0x150c23f04f50>,7,2,[7 1],10,10,12,0,10
1,<environment.Job instance at 0x150c23edfc30>,8,2,[5 2],12,15,17,3,12
1,<environment.Job instance at 0x150c23edf2d0>,9,3,[8 1],13,17,20,4,13
1,<environment.Job instance at 0x150c23e0d820>,10,15,[10  2],14,34,49,20,34
1,<environment.Job instance at 0x150c242ce640>,22,17,[8 2],36,49,66,13,43
1,<environment.Job instance at 0x150c23c504b0>,27,1,[1 6],41,49,50,8,43
1,<environment.Job instance at 0x150c23ba3b90>,28,1,[10  1],42,66,67,24,43
1,<environment.Job instance at 0x150c23ba3550>,29,1,[5 1],43,67,68,24,43
1,<environment.Job instance at 0x150c23ba2320>,30,1,[6 2],44,68,69,24,44
1,<environment.Job instance at 0x150c23ba2b40>,31,3,[1 5],47,50,53,3,47
1,<environment.Job instance at 0x150c23f395f0>,32,1,[ 1 10],48,69,70,21,48
1,<environment.Job instance at 0x150c23c5e320>,40,3,[5 2],60,89,92,29,89
1,<environment.Job instance at 0x150c23c5e140>,42,12,[2 9],63,92,104,29,89
1,<environment.Job instance at 0x150c23b3dd70>,44,1,[2 8],65,89,90,24,89
1,<environment.Job instance at 0x150c23b3d5a0>,47,3,[2 6],68,104,107,36,89
1,<environment.Job instance at 0x150c246f3f00>,51,3,[2 9],74,107,110,33,89
1,<environment.Job instance at 0x150c246f3fa0>,52,1,[1 8],75,90,91,15,89
1,<environment.Job instance at 0x150c7a118230>,53,1,[8 2],78,104,105,26,89
1,<environment.Job instance at 0x150c2a9ce370>,54,2,[7 2],79,105,107,26,89
1,<environment.Job instance at 0x150c2a9ce280>,55,1,[1 8],80,91,92,11,89
1,<environment.Job instance at 0x150c2a9ce7d0>,56,1,[2 9],81,110,111,29,89
1,<environment.Job instance at 0x150c2a9ce230>,57,14,[9 1],84,111,125,27,97
1,<environment.Job instance at 0x150c240385f0>,69,1,[6 1],103,125,126,22,111
1,<environment.Job instance at 0x150c31ce2e10>,70,1,[2 8],104,125,126,21,111
1,<environment.Job instance at 0x150c31ce2140>,71,2,[2 6],106,126,128,20,111
1,<environment.Job instance at 0x150c31ce2d70>,72,1,[1 8],107,111,112,4,111
1,<environment.Job instance at 0x150c31ce29b0>,73,3,[8 1],108,126,129,18,111
1,<environment.Job instance at 0x150c31ce27d0>,74,3,[5 2],109,129,132,20,111
1,<environment.Job instance at 0x150c31ce2d20>,75,2,[10  1],110,132,134,22,111
1,<environment.Job instance at 0x150c31ce2640>,76,1,[7 2],111,134,135,23,111
1,<environment.Job instance at 0x150c23c564b0>,77,3,[1 9],112,112,115,0,112
1,<environment.Job instance at 0x150c23c56f00>,78,3,[1 5],113,115,118,2,113
1,<environment.Job instance at 0x150c23c56c30>,82,14,[8 1],118,227,241,109,227
1,<environment.Job instance at 0x14bc44ac6b90>,0,17,[ 1 10],3,9,26,6,9
1,<environment.Job instance at 0x14bbef589730>,7,3,[5 1],10,26,29,16,10
1,<environment.Job instance at 0x14bbef589820>,8,13,[ 2 10],11,29,42,18,13
1,<environment.Job instance at 0x14bbef530be0>,10,3,[7 2],14,42,45,28,16
1,<environment.Job instance at 0x14bbef530b40>,13,13,[1 5],17,42,55,25,26
1,<environment.Job instance at 0x14bbef530870>,15,14,[6 2],20,45,59,25,30
1,<environment.Job instance at 0x14bbef5df910>,17,3,[6 1],23,59,62,36,33
1,<environment.Job instance at 0x14bbef5305f0>,18,1,[5 2],25,62,63,37,34
1,<environment.Job instance at 0x14bbef593640>,19,3,[8 1],26,63,66,37,37
1,<environment.Job instance at 0x14bbef56fd20>,22,3,[2 6],29,55,58,26,47
1,<environment.Job instance at 0x14bbef56fd70>,23,3,[7 2],30,66,69,36,47
1,<environment.Job instance at 0x14bbef894730>,24,20,[ 1 10],32,69,89,37,60
1,<environment.Job instance at 0x14bbef591280>,27,3,[2 8],37,60,63,23,60
1,<environment.Job instance at 0x14bbeee5e140>,28,2,[1 9],38,63,65,25,60
1,<environment.Job instance at 0x14bbef56f320>,29,13,[1 6],39,89,102,50,74
1,<environment.Job instance at 0x14bbeee5e410>,37,2,[2 7],49,102,104,53,75
1,<environment.Job instance at 0x14bbeee5e280>,38,2,[8 2],50,89,91,39,75
1,<environment.Job instance at 0x14bbeee5ed70>,39,14,[2 5],51,104,118,53,89
1,<environment.Job instance at 0x14bbef0dac30>,48,15,[ 2 10],61,118,133,57,105
1,<environment.Job instance at 0x14bbeee5d1e0>,53,1,[7 2],72,105,106,33,105
1,<environment.Job instance at 0x14bbeee5de10>,54,2,[10  1],74,133,135,59,106
1,<environment.Job instance at 0x14bbef0d0d70>,57,3,[1 9],80,135,138,55,109
1,<environment.Job instance at 0x14bbef0d93c0>,60,17,[ 1 10],86,138,155,52,126
1,<environment.Job instance at 0x14bbef0d6b90>,65,2,[2 7],93,155,157,62,128
1,<environment.Job instance at 0x14bbef0d6370>,68,1,[1 5],98,157,158,59,129
1,<environment.Job instance at 0x14bbef0d6f50>,69,1,[10  2],101,158,159,57,130
1,<environment.Job instance at 0x14bbeee671e0>,70,1,[8 1],102,135,136,33,130
1,<environment.Job instance at 0x14bbeee67140>,71,2,[1 6],103,159,161,56,132
1,<environment.Job instance at 0x14bbeee675f0>,72,2,[2 6],106,161,163,55,134
1,<environment.Job instance at 0x14bbeee67730>,73,1,[8 1],107,136,137,29,134
1,<environment.Job instance at 0x14bbeee67230>,74,2,[1 5],108,163,165,55,136
1,<environment.Job instance at 0x14bbeee67a00>,75,17,[9 2],110,163,180,53,152
1,<environment.Job instance at 0x14bbeee6e1e0>,83,2,[9 1],123,159,161,36,152
1,<environment.Job instance at 0x14bbeee6e280>,84,18,[2 5],124,180,198,56,169
1,<environment.Job instance at 0x14bbeee6e320>,85,2,[1 5],125,169,171,44,169
1,<environment.Job instance at 0x14bbeee6e690>,86,3,[2 5],127,180,183,53,169
1,<environment.Job instance at 0x14bbeee6e7d0>,87,3,[8 1],128,183,186,55,169
1,<environment.Job instance at 0x14bbeee6ecd0>,90,1,[5 2],133,186,187,53,169
1,<environment.Job instance at 0x14bbeee6ed70>,91,1,[5 2],134,187,188,53,169
1,<environment.Job instance at 0x14bbeee6ed20>,92,16,[1 9],136,198,214,62,185
1,<environment.Job instance at 0x14bbeee71410>,95,3,[7 1],139,188,191,49,185
1,<environment.Job instance at 0x14bbeee712d0>,96,1,[2 5],143,191,192,48,185
1,<environment.Job instance at 0x14bbeee71500>,97,2,[1 7],145,214,216,69,187
1,<environment.Job instance at 0x14bbeee715a0>,98,2,[9 1],146,198,200,52,187
1,<environment.Job instance at 0x14bbeee718c0>,100,2,[6 1],152,192,194,40,187
1,<environment.Job instance at 0x14bbeee71c30>,102,1,[1 8],154,216,217,62,188
1,<environment.Job instance at 0x14bbeee71cd0>,103,2,[2 5],156,194,196,38,188
1,<environment.Job instance at 0x14bbeee72a00>,118,12,[10  2],179,219,231,40,219
1,<environment.Job instance at 0x14bbeee72a50>,119,18,[2 5],180,231,249,51,220
1,<environment.Job instance at 0x14bbeee72cd0>,121,1,[1 6],182,249,250,67,221
1,<environment.Job instance at 0x14bc44ac6af0>,2,18,[ 1 10],5,266,284,261,266
1,<environment.Job instance at 0x14bbeee90280>,0,3,[6 2],1,4,7,3,4
1,<environment.Job instance at 0x14bbeee90190>,4,18,[ 2 10],6,28,46,22,28
1,<environment.Job instance at 0x14bbfc351a50>,15,3,[9 2],29,46,49,17,29
1,<environment.Job instance at 0x14bbfc3517d0>,16,1,[10  1],30,49,50,19,30
1,<environment.Job instance at 0x14bbfc2ec5f0>,17,2,[5 2],31,50,52,19,31
1,<environment.Job instance at 0x14bbfc2ec9b0>,18,3,[6 1],33,52,55,19,33
1,<environment.Job instance at 0x14bbfc2ecc30>,19,1,[8 2],34,55,56,21,34
1,<environment.Job instance at 0x14bbfc3f3a50>,32,2,[6 1],52,80,82,28,80
1,<environment.Job instance at 0x14bbfc3f3280>,34,2,[6 1],54,82,84,28,80
1,<environment.Job instance at 0x14bbfc3f3500>,35,13,[2 9],55,80,93,25,80
1,<environment.Job instance at 0x14bbfc3f30a0>,36,3,[9 1],59,93,96,34,80
1,<environment.Job instance at 0x14bbfc3f36e0>,37,3,[1 7],60,93,96,33,80
1,<environment.Job instance at 0x14bbfc3f3730>,38,3,[10  1],61,96,99,35,80
1,<environment.Job instance at 0x14bbfc3f33c0>,39,2,[1 5],62,99,101,37,80
1,<environment.Job instance at 0x14bbfc3f3190>,40,15,[ 1 10],65,196,211,131,196
1,<environment.Job instance at 0x14bbfc3c3fa0>,63,3,[2 5],98,211,214,113,196
1,<environment.Job instance at 0x14bbfc349370>,64,14,[2 5],99,211,225,112,196
1,<environment.Job instance at 0x14bbfc349a50>,65,2,[7 1],100,214,216,114,196
1,<environment.Job instance at 0x14bbfc349f00>,66,2,[1 8],101,225,227,124,198
1,<environment.Job instance at 0x14bbfc349dc0>,72,2,[5 1],107,221,223,114,221
1,<environment.Job instance at 0x14bbfc3495a0>,73,1,[6 1],109,223,224,114,221
1,<environment.Job instance at 0x14bbfc349460>,74,1,[8 1],111,224,225,113,221
1,<environment.Job instance at 0x14bbfc3495f0>,75,13,[5 2],112,225,238,113,221
1,<environment.Job instance at 0x14bbfc349c30>,77,14,[10  1],116,238,252,122,223
1,<environment.Job instance at 0x14bbfc45ce60>,78,1,[6 2],118,252,253,134,224
1,<environment.Job instance at 0x14bbfc45c870>,83,2,[6 2],123,253,255,130,234
1,<environment.Job instance at 0x14bbfc45c190>,84,3,[8 2],124,255,258,131,234
1,<environment.Job instance at 0x14bbfc45c7d0>,85,1,[6 2],126,258,259,132,234
1,<environment.Job instance at 0x14bbfc45c3c0>,86,2,[1 6],128,234,236,106,234
1,<environment.Job instance at 0x14bbfc45c370>,87,15,[6 1],129,259,274,130,248
1,<environment.Job instance at 0x14bbfd00bd20>,101,2,[10  1],148,274,276,126,248
1,<environment.Job instance at 0x14bbfd00b780>,102,1,[7 2],149,276,277,127,248
1,<environment.Job instance at 0x14bbfd00b820>,103,3,[6 2],150,277,280,127,251
1,<environment.Job instance at 0x14bbfd00bdc0>,104,3,[1 9],151,259,262,108,251
1,<environment.Job instance at 0x14bbfc393dc0>,108,14,[6 1],155,280,294,125,270
1,<environment.Job instance at 0x14bbfc4007d0>,109,1,[8 2],156,294,295,138,270
1,<environment.Job instance at 0x14bbfc400230>,110,3,[10  1],157,295,298,138,270
1,<environment.Job instance at 0x14bbfc400eb0>,111,15,[7 2],159,298,313,139,284
1,<environment.Job instance at 0x14bbf25b3410>,119,1,[1 5],176,284,285,108,284
1,<environment.Job instance at 0x14bbfcf713c0>,120,2,[5 1],179,313,315,134,286
1,<environment.Job instance at 0x14bbfc49a0f0>,121,1,[1 7],180,286,287,106,286
1,<environment.Job instance at 0x14bbfc364910>,122,12,[6 1],181,315,327,134,298
1,<environment.Job instance at 0x14bbfd0023c0>,124,3,[1 6],184,298,301,114,298
1,<environment.Job instance at 0x14bbfd002690>,126,2,[1 5],186,307,309,121,307
1,<environment.Job instance at 0x14bbfd002320>,128,2,[10  1],188,327,329,139,307
1,<environment.Job instance at 0x14bbfc45cbe0>,81,12,[1 9],121,771,783,650,771
1,<environment.Job instance at 0x14bbfc45c1e0>,82,14,[ 2 10],122,1150,1164,1028,1150
1,<environment.Job instance at 0x14bbfc314e10>,0,3,[2 5],2,7,10,5,7
1,<environment.Job instance at 0x14bbfc05a550>,7,3,[5 2],11,11,14,0,11
1,<environment.Job instance at 0x14bbf195c4b0>,8,1,[6 1],12,14,15,2,12
1,<environment.Job instance at 0x14bbfe9d1280>,9,1,[8 1],13,15,16,2,13
1,<environment.Job instance at 0x14bbfc314d70>,5,18,[1 8],7,15,33,8,15
1,<environment.Job instance at 0x14bbfe9bceb0>,11,13,[9 2],17,36,49,19,36
1,<environment.Job instance at 0x14bbee7de320>,23,3,[5 1],37,49,52,12,37
1,<environment.Job instance at 0x14bbee6a0b90>,18,3,[7 2],30,52,55,22,38
1,<environment.Job instance at 0x14bbee7dee10>,24,13,[5 1],39,55,68,16,39
1,<environment.Job instance at 0x14bbee7de460>,25,1,[1 7],40,41,42,1,41
1,<environment.Job instance at 0x14bbfd09f960>,39,3,[10  2],57,68,71,11,58
1,<environment.Job instance at 0x14bbee6faaf0>,44,3,[10  2],66,71,74,5,66
1,<environment.Job instance at 0x14bbee754f50>,48,3,[2 8],71,74,77,3,71
1,<environment.Job instance at 0x14bbee6e21e0>,53,16,[8 1],77,103,119,26,103
1,<environment.Job instance at 0x14bbee8d3780>,64,1,[7 1],93,119,120,26,103
1,<environment.Job instance at 0x14bbee8d3190>,65,2,[2 5],94,103,105,9,103
1,<environment.Job instance at 0x14bbee8d3820>,66,1,[5 2],95,120,121,25,103
1,<environment.Job instance at 0x14bbee79da00>,78,2,[2 6],111,130,132,19,130
1,<environment.Job instance at 0x14bbee6e1d70>,79,1,[7 1],112,131,132,19,131
1,<environment.Job instance at 0x14bbee6e1a00>,80,13,[1 8],113,132,145,19,132
1,<environment.Job instance at 0x14bbee808820>,85,1,[2 9],122,145,146,23,144
1,<environment.Job instance at 0x14bbee6ffd20>,86,2,[ 2 10],125,146,148,21,144
1,<environment.Job instance at 0x14bbee6ff7d0>,87,2,[7 1],126,144,146,18,144
1,<environment.Job instance at 0x14bbee6d8a50>,88,3,[1 5],127,148,151,21,144
1,<environment.Job instance at 0x14bbf1ca9690>,89,2,[5 2],128,148,150,20,144
1,<environment.Job instance at 0x14bbf1ca9d20>,90,1,[10  2],129,151,152,22,144
1,<environment.Job instance at 0x14bbee6a78c0>,91,1,[10  1],130,152,153,22,144
1,<environment.Job instance at 0x14bbee6a7a50>,92,16,[10  2],131,153,169,22,144
1,<environment.Job instance at 0x14bbee748af0>,93,1,[8 2],133,150,151,17,144
1,<environment.Job instance at 0x14bbee748be0>,94,2,[2 9],134,169,171,35,144
1,<environment.Job instance at 0x14bbee7482d0>,95,3,[9 2],136,171,174,35,145
1,<environment.Job instance at 0x14bbee7489b0>,97,1,[1 5],139,171,172,32,152
1,<environment.Job instance at 0x14bbee748d70>,98,12,[10  1],141,174,186,33,157
1,<environment.Job instance at 0x14bbee79da50>,77,18,[10  2],110,186,204,76,179
1,<environment.Job instance at 0x14bbee723c80>,110,1,[7 1],161,204,205,43,182
1,<environment.Job instance at 0x14bbee80baa0>,124,3,[2 7],183,204,207,21,184
1,<environment.Job instance at 0x14bbee80b280>,126,2,[1 9],186,207,209,21,186
1,<environment.Job instance at 0x14bbee80b5f0>,127,1,[1 8],187,209,210,22,187
1,<environment.Job instance at 0x14bbee80b870>,128,3,[ 1 10],188,210,213,22,188
1,<environment.Job instance at 0x14bbee80d230>,129,2,[1 5],189,213,215,24,189
1,<environment.Job instance at 0x14bbee80b690>,122,13,[10  1],180,923,936,743,923
1,<environment.Job instance at 0x14bbee61db40>,1,14,[9 2],4,5,19,1,5
1,<environment.Job instance at 0x14bbee5e01e0>,2,17,[9 1],7,19,36,12,7
1,<environment.Job instance at 0x14bbee6c5e60>,0,17,[2 5],3,36,53,33,24
1,<environment.Job instance at 0x14bbf17a4d70>,13,12,[2 7],26,53,65,27,36
1,<environment.Job instance at 0x14bbf26386e0>,22,2,[1 9],39,65,67,26,39
1,<environment.Job instance at 0x14bbf26388c0>,23,3,[1 7],41,67,70,26,41
1,<environment.Job instance at 0x14bbfcf390a0>,33,2,[9 1],53,65,67,12,55
1,<environment.Job instance at 0x14bbfcf39500>,34,2,[2 7],55,70,72,15,55
1,<environment.Job instance at 0x14bbfcf39c80>,35,2,[10  1],57,72,74,15,57
1,<environment.Job instance at 0x14bbfcf39280>,37,1,[6 2],60,67,68,7,67
1,<environment.Job instance at 0x14bbfcf39e10>,38,1,[ 2 10],62,74,75,12,67
1,<environment.Job instance at 0x14bbf254ac30>,39,2,[5 2],65,68,70,3,67
1,<environment.Job instance at 0x14bbf254aa00>,40,14,[ 1 10],66,75,89,9,67
1,<environment.Job instance at 0x14bbf25af370>,42,3,[1 8],69,89,92,20,70
1,<environment.Job instance at 0x14bbf25afe10>,47,3,[9 1],75,89,92,14,75
1,<environment.Job instance at 0x14bbee6c7e60>,66,2,[7 1],104,110,112,6,110
1,<environment.Job instance at 0x14bbee6c7cd0>,67,1,[2 7],106,110,111,4,110
1,<environment.Job instance at 0x14bbee6748c0>,68,2,[1 6],107,111,113,4,110
1,<environment.Job instance at 0x14bbee674550>,69,3,[8 2],108,112,115,4,110
1,<environment.Job instance at 0x14bbee6a26e0>,70,2,[7 1],110,115,117,5,110
1,<environment.Job instance at 0x14bbee63b5f0>,73,12,[5 1],117,124,136,7,124
1,<environment.Job instance at 0x14bbee68b280>,77,3,[1 7],121,124,127,3,124
1,<environment.Job instance at 0x14bbee68b960>,78,1,[8 1],123,136,137,13,124
1,<environment.Job instance at 0x14bbee68b460>,79,2,[8 2],124,137,139,13,124
1,<environment.Job instance at 0x14bbeea3faf0>,80,1,[1 7],125,127,128,2,125
1,<environment.Job instance at 0x14bbeea3fb40>,81,3,[2 9],126,128,131,2,126
1,<environment.Job instance at 0x14bbee6a2640>,1,1,[1 5],2,4,5,2,4
1,<environment.Job instance at 0x14bbee98c640>,3,12,[9 2],4,7,19,3,7
1,<environment.Job instance at 0x14bbee829fa0>,10,1,[ 1 10],13,19,20,6,15
1,<environment.Job instance at 0x14bbee829780>,6,15,[9 2],9,26,41,17,26
1,<environment.Job instance at 0x14bbee9580f0>,17,1,[7 1],27,41,42,14,27
1,<environment.Job instance at 0x14bbee958c80>,18,14,[1 5],28,31,45,3,31
1,<environment.Job instance at 0x14bbee96ef00>,14,16,[6 1],18,43,59,25,43
1,<environment.Job instance at 0x14bbee98bd70>,43,12,[5 1],67,67,79,0,67
1,<environment.Job instance at 0x14bbee98baa0>,44,1,[5 2],68,68,69,0,68
1,<environment.Job instance at 0x14bbee98b9b0>,45,13,[1 7],69,70,83,1,70
1,<environment.Job instance at 0x14bbee98bc80>,46,12,[9 2],70,79,91,9,71
1,<environment.Job instance at 0x14bbef663e10>,48,16,[7 1],73,91,107,18,83
1,<environment.Job instance at 0x14bbee9fce60>,58,12,[1 5],86,87,99,1,87
1,<environment.Job instance at 0x14bbee9fcc80>,59,3,[8 2],87,107,110,20,87
1,<environment.Job instance at 0x14bbee9f2d20>,61,13,[ 2 10],89,110,123,21,99
1,<environment.Job instance at 0x14bbee9f2e10>,62,2,[2 5],92,99,101,7,99
1,<environment.Job instance at 0x14bbee9f23c0>,63,14,[5 2],95,123,137,28,108
1,<environment.Job instance at 0x14bbee9f20a0>,65,2,[2 5],98,108,110,10,108
1,<environment.Job instance at 0x14bbee9f21e0>,66,3,[2 8],99,123,126,24,108
1,<environment.Job instance at 0x14bbf17d44b0>,67,2,[1 9],101,137,139,36,110
1,<environment.Job instance at 0x14bbf2678d70>,79,3,[1 7],118,126,129,8,121
1,<environment.Job instance at 0x14bbf256d780>,80,1,[8 2],120,139,140,19,121
1,<environment.Job instance at 0x14bbee8a7b40>,81,2,[2 8],122,129,131,7,122
1,<environment.Job instance at 0x14bbff26b280>,86,1,[9 1],134,137,138,3,135
1,<environment.Job instance at 0x14bbfcf635f0>,87,3,[2 7],135,139,142,4,139
1,<environment.Job instance at 0x14bbef6487d0>,88,2,[ 2 10],136,142,144,6,139
1,<environment.Job instance at 0x14bbf26b4280>,90,13,[1 6],139,144,157,5,142
1,<environment.Job instance at 0x14bbf1ca3f00>,92,2,[9 2],141,150,152,9,150
1,<environment.Job instance at 0x14bbef0c37d0>,94,3,[7 2],145,163,166,18,163
1,<environment.Job instance at 0x14bbf17f1b90>,95,2,[ 2 10],147,166,168,19,164
1,<environment.Job instance at 0x14bbf19f03c0>,96,2,[1 5],148,164,166,16,164
1,<environment.Job instance at 0x14bbee8ca870>,97,1,[10  2],149,168,169,19,164
1,<environment.Job instance at 0x14bbf257e230>,100,2,[8 2],152,169,171,17,164
1,<environment.Job instance at 0x14bbf1a0c550>,101,1,[8 2],153,171,172,18,164
1,<environment.Job instance at 0x14bbef651910>,107,3,[10  1],159,209,212,50,209
1,<environment.Job instance at 0x14bbeeaf26e0>,109,2,[2 5],162,230,232,68,230
1,<environment.Job instance at 0x14bbeee1ef00>,111,2,[2 6],164,233,235,69,233
1,<environment.Job instance at 0x14bbef6201e0>,112,14,[2 5],165,258,272,93,258
1,<environment.Job instance at 0x14bbf2a53870>,114,13,[1 7],167,283,296,116,283
1,<environment.Job instance at 0x14bbfcf17320>,1,17,[9 1],2,2,19,0,2
1,<environment.Job instance at 0x14bbfcf17b90>,0,14,[1 8],1,13,27,12,13
1,<environment.Job instance at 0x14bc40226690>,12,18,[10  1],16,27,45,11,16
1,<environment.Job instance at 0x14bbeea9a780>,26,3,[10  2],36,45,48,9,37
1,<environment.Job instance at 0x14bbfc45c550>,34,12,[2 5],46,48,60,2,46
1,<environment.Job instance at 0x14bbfc45cd20>,35,1,[1 5],48,48,49,0,48
1,<environment.Job instance at 0x14bbfc45c410>,36,3,[8 2],50,50,53,0,50
1,<environment.Job instance at 0x14bbf25b4730>,37,15,[5 1],51,53,68,2,52
1,<environment.Job instance at 0x14bbf1c6c820>,39,12,[1 6],53,60,72,7,53
1,<environment.Job instance at 0x14bbf25daaa0>,41,2,[2 7],55,72,74,17,55
1,<environment.Job instance at 0x14bbf00f4230>,42,12,[2 6],56,74,86,18,57
1,<environment.Job instance at 0x14bbf00f4690>,44,3,[5 2],58,68,71,10,58
1,<environment.Job instance at 0x14bbeea0beb0>,54,2,[1 6],69,198,200,129,198
1,<environment.Job instance at 0x14bbfcf5daf0>,57,1,[2 9],73,200,201,127,198
1,<environment.Job instance at 0x14bbeeae3230>,58,2,[8 2],76,198,200,122,198
1,<environment.Job instance at 0x14bbee886870>,67,2,[6 2],93,204,206,111,204
1,<environment.Job instance at 0x14bbee886c80>,68,2,[1 8],94,204,206,110,204
1,<environment.Job instance at 0x14bbee886dc0>,70,15,[8 1],97,206,221,109,206
1,<environment.Job instance at 0x14bbee886e60>,71,12,[2 8],98,220,232,122,220
1,<environment.Job instance at 0x14bbee886550>,76,2,[1 7],105,232,234,127,220
1,<environment.Job instance at 0x14bbee8861e0>,77,3,[8 1],106,221,224,115,220
1,<environment.Job instance at 0x14bbee886cd0>,78,2,[2 5],109,234,236,125,220
1,<environment.Job instance at 0x14bbee886aa0>,79,1,[10  2],110,236,237,126,220
1,<environment.Job instance at 0x14bbee8863c0>,80,3,[2 8],111,237,240,126,220
1,<environment.Job instance at 0x14bbee7de960>,81,3,[6 1],112,224,227,112,220
1,<environment.Job instance at 0x14bbee7de910>,96,1,[9 2],133,274,275,141,274
1,<environment.Job instance at 0x14bbee7de140>,102,16,[ 2 10],141,327,343,186,327
1,<environment.Job instance at 0x14bbeeac3dc0>,108,12,[2 9],152,343,355,191,327
1,<environment.Job instance at 0x14bbeeac3b40>,109,3,[2 6],153,355,358,202,329
1,<environment.Job instance at 0x14bbeead84b0>,117,3,[6 2],163,376,379,213,376
1,<environment.Job instance at 0x14bbeead8370>,118,3,[7 1],164,379,382,215,376
1,<environment.Job instance at 0x14bbeead8640>,120,1,[8 1],166,385,386,219,385
1,<environment.Job instance at 0x14bbeead87d0>,121,1,[1 5],167,386,387,219,386
1,<environment.Job instance at 0x14bbeead8190>,122,1,[ 1 10],169,391,392,222,391
1,<environment.Job instance at 0x14bbeead86e0>,123,2,[6 1],172,392,394,220,392
1,<environment.Job instance at 0x14bbeead8280>,125,1,[9 1],174,394,395,220,393
1,<environment.Job instance at 0x14bbeead89b0>,126,2,[5 2],175,395,397,220,393
1,<environment.Job instance at 0x14bbeead8dc0>,127,3,[5 2],177,395,398,218,395
1,<environment.Job instance at 0x14bbff0199b0>,1,15,[10  2],3,3,18,0,3
1,<environment.Job instance at 0x14bbf1974dc0>,0,2,[2 7],1,18,20,17,8
1,<environment.Job instance at 0x14bbee91deb0>,7,3,[7 1],9,18,21,9,11
1,<environment.Job instance at 0x14bbee91d370>,17,16,[1 5],22,23,39,1,23
1,<environment.Job instance at 0x14bbf261ed70>,19,3,[1 5],24,25,28,1,25
1,<environment.Job instance at 0x14bbee7a0b40>,21,2,[10  2],26,39,41,13,31
1,<environment.Job instance at 0x14bbf18fa820>,25,1,[9 1],32,32,33,0,32
1,<environment.Job instance at 0x14bbeeae47d0>,26,2,[2 5],33,33,35,0,33
1,<environment.Job instance at 0x14bbfd094aa0>,27,1,[10  1],35,41,42,6,35
1,<environment.Job instance at 0x14bbfd094d20>,28,1,[5 2],37,37,38,0,37
1,<environment.Job instance at 0x14bbeeae40f0>,23,1,[5 2],30,42,43,12,40
1,<environment.Job instance at 0x14bbf1977a00>,30,3,[2 7],42,42,45,0,42
1,<environment.Job instance at 0x14bbf19775a0>,32,25,[ 1 10],44,50,75,6,50
1,<environment.Job instance at 0x14bbf17acf00>,36,2,[2 7],52,75,77,23,62
1,<environment.Job instance at 0x14bbf0d3fcd0>,48,2,[2 6],69,77,79,8,69
1,<environment.Job instance at 0x14bbeea03230>,49,17,[10  2],70,79,96,9,70
1,<environment.Job instance at 0x14bbeea03c30>,50,2,[ 1 10],72,96,98,24,72
1,<environment.Job instance at 0x14bbeea03b90>,51,2,[1 5],74,98,100,24,76
1,<environment.Job instance at 0x14bbf0d3ff50>,46,1,[6 2],67,100,101,33,100
1,<environment.Job instance at 0x14bbf0d258c0>,52,18,[6 2],77,131,149,54,131
1,<environment.Job instance at 0x14bbf3d255f0>,71,1,[6 2],101,149,150,48,131
1,<environment.Job instance at 0x14bbf3d252d0>,72,2,[1 7],103,131,133,28,131
1,<environment.Job instance at 0x14bbf264ab40>,73,17,[5 1],104,150,167,46,138
1,<environment.Job instance at 0x14bbf264a050>,74,2,[2 8],105,138,140,33,138
1,<environment.Job instance at 0x14bbf264af00>,75,1,[6 1],106,167,168,61,139
1,<environment.Job instance at 0x14bbf264a6e0>,76,3,[8 2],107,168,171,61,142
1,<environment.Job instance at 0x14bbf264ad70>,77,17,[1 8],108,143,160,35,143
1,<environment.Job instance at 0x14bbf2657690>,78,18,[8 1],109,171,189,62,165
1,<environment.Job instance at 0x14bbf2657640>,82,2,[2 6],114,165,167,51,165
1,<environment.Job instance at 0x14bbf3d01af0>,96,2,[1 6],130,257,259,127,257
1,<environment.Job instance at 0x14bbeea10910>,97,2,[7 2],132,257,259,125,257
1,<environment.Job instance at 0x14bbeea10780>,98,1,[ 2 10],133,259,260,126,257
1,<environment.Job instance at 0x14bbeea10460>,99,17,[10  2],136,260,277,124,257
1,<environment.Job instance at 0x14bbeea106e0>,100,2,[2 6],137,277,279,140,257
1,<environment.Job instance at 0x14bbeea109b0>,101,15,[10  2],138,279,294,141,265
1,<environment.Job instance at 0x14bbeea10370>,102,2,[6 2],139,277,279,138,265
1,<environment.Job instance at 0x14bbee94e2d0>,131,2,[8 2],178,305,307,127,305
1,<environment.Job instance at 0x14bbee94e140>,132,1,[7 2],179,307,308,128,305
1,<environment.Job instance at 0x14bbee94eeb0>,134,3,[1 8],181,305,308,124,305
1,<environment.Job instance at 0x14bbee94e500>,137,1,[8 2],184,328,329,144,328
1,<environment.Job instance at 0x14bbee94ee60>,138,2,[5 1],185,329,331,144,328
1,<environment.Job instance at 0x14bbee94ecd0>,139,2,[6 1],186,331,333,145,328
1,<environment.Job instance at 0x14bbee94ea50>,141,3,[10  1],188,333,336,145,328
1,<environment.Job instance at 0x14bbee94e230>,142,18,[2 7],189,336,354,147,328
1,<environment.Job instance at 0x14bbf2981050>,0,3,[2 7],1,3,6,2,3
1,<environment.Job instance at 0x14bbf2981d20>,2,18,[2 8],8,8,26,0,8
1,<environment.Job instance at 0x14bbef626190>,7,3,[7 1],16,18,21,2,18
1,<environment.Job instance at 0x14bbf18c7280>,14,2,[6 2],24,27,29,3,27
1,<environment.Job instance at 0x14bbff267550>,6,17,[9 1],15,29,46,14,29
1,<environment.Job instance at 0x14bbeebd0550>,19,12,[1 6],29,29,41,0,29
1,<environment.Job instance at 0x14bbee683410>,20,1,[2 5],32,46,47,14,32
1,<environment.Job instance at 0x14bbf1775780>,21,16,[1 6],33,47,63,14,34
1,<environment.Job instance at 0x14bbf17751e0>,25,3,[8 1],38,64,67,26,64
1,<environment.Job instance at 0x14bbeeb8a140>,26,15,[2 6],39,64,79,25,64
1,<environment.Job instance at 0x14bbf18dc820>,29,2,[6 1],43,67,69,24,65
1,<environment.Job instance at 0x14bbf18dc730>,30,1,[1 5],45,79,80,34,65
1,<environment.Job instance at 0x14bbf18dc370>,33,15,[1 7],48,80,95,32,71
1,<environment.Job instance at 0x14bbee7f8a50>,44,1,[6 1],66,71,72,5,71
1,<environment.Job instance at 0x14bbf1b1c230>,45,2,[8 1],67,72,74,5,71
1,<environment.Job instance at 0x14bbf2a4a820>,55,1,[2 7],86,97,98,11,97
1,<environment.Job instance at 0x14bbeee76910>,56,1,[6 1],87,97,98,10,97
1,<environment.Job instance at 0x14bbee2018c0>,57,17,[2 6],88,98,115,10,97
1,<environment.Job instance at 0x14bbfc04d4b0>,58,1,[ 1 10],89,115,116,26,97
1,<environment.Job instance at 0x14bbee681af0>,59,18,[2 9],92,116,134,24,107
1,<environment.Job instance at 0x14bbfc382910>,60,1,[1 7],93,134,135,41,108
1,<environment.Job instance at 0x14bbee754eb0>,63,3,[5 1],97,116,119,19,116
1,<environment.Job instance at 0x14bbee85fe60>,64,14,[2 7],98,135,149,37,124
1,<environment.Job instance at 0x14bbee85f5a0>,70,17,[1 7],107,149,166,42,140
1,<environment.Job instance at 0x14bbfc3df2d0>,48,13,[9 2],75,149,162,74,143
1,<environment.Job instance at 0x14bbfc02d730>,81,1,[10  2],121,171,172,50,171
1,<environment.Job instance at 0x14bbeea94870>,82,2,[5 1],123,172,174,49,171
1,<environment.Job instance at 0x14bbfe9dc500>,83,2,[2 7],124,172,174,48,171
1,<environment.Job instance at 0x14bbfc0383c0>,84,23,[1 8],126,174,197,48,171
1,<environment.Job instance at 0x14bbfc038aa0>,87,3,[1 8],133,197,200,64,193
1,<environment.Job instance at 0x14bbfc038c80>,89,2,[5 2],135,204,206,69,204
1,<environment.Job instance at 0x14bbfc038a00>,90,3,[8 1],137,206,209,69,204
1,<environment.Job instance at 0x14bbfc0382d0>,91,2,[6 1],138,209,211,71,204
1,<environment.Job instance at 0x14bbfc038230>,92,3,[6 2],140,211,214,71,204
1,<environment.Job instance at 0x14bbeee88e60>,0,1,[2 7],3,10,11,7,10
1,<environment.Job instance at 0x14bbeee888c0>,5,3,[7 2],12,17,20,5,17
1,<environment.Job instance at 0x14bbfc3ad7d0>,9,2,[1 9],19,21,23,2,21
1,<environment.Job instance at 0x14bbfd0f7a00>,11,2,[5 1],23,23,25,0,23
1,<environment.Job instance at 0x14bbfd0f77d0>,12,15,[ 1 10],24,25,40,1,25
1,<environment.Job instance at 0x14bbfd0f71e0>,15,2,[7 2],27,40,42,13,27
1,<environment.Job instance at 0x14bbef521910>,16,1,[9 2],29,42,43,13,30
1,<environment.Job instance at 0x14bbfc0350a0>,18,14,[2 8],31,48,62,17,48
1,<environment.Job instance at 0x14bbee895d20>,32,3,[ 1 10],49,62,65,13,49
1,<environment.Job instance at 0x14bbee895780>,33,13,[1 7],51,65,78,14,58
1,<environment.Job instance at 0x14bbf53968c0>,39,2,[10  2],57,78,80,21,58
1,<environment.Job instance at 0x14bbf26071e0>,40,2,[7 1],58,58,60,0,58
1,<environment.Job instance at 0x14bbfd08de60>,0,2,[9 1],3,5,7,2,5
1,<environment.Job instance at 0x14bbf29afd70>,1,2,[8 2],7,9,11,2,9
1,<environment.Job instance at 0x14bbf53a1be0>,4,2,[9 2],11,11,13,0,11
1,<environment.Job instance at 0x14bbf53a1550>,5,2,[2 5],12,13,15,1,12
1,<environment.Job instance at 0x14bbf53a14b0>,6,3,[8 1],13,13,16,0,13
1,<environment.Job instance at 0x14bbf53a1140>,7,1,[2 8],14,15,16,1,14
1,<environment.Job instance at 0x14bbf53a1a00>,8,1,[ 1 10],17,17,18,0,17
1,<environment.Job instance at 0x14bbfc3e1780>,9,2,[1 8],20,20,22,0,20
1,<environment.Job instance at 0x14bbfc3e10f0>,10,1,[9 2],21,21,22,0,21
1,<environment.Job instance at 0x14bbfc3e1b40>,11,2,[2 6],22,22,24,0,22
1,<environment.Job instance at 0x14bbf29af640>,2,3,[5 1],8,23,26,15,23
1,<environment.Job instance at 0x14bbff6caaf0>,13,3,[1 7],24,24,27,0,24
1,<environment.Job instance at 0x14bbef549f50>,14,14,[9 1],26,26,40,0,26
1,<environment.Job instance at 0x14bbef549690>,15,14,[2 7],27,40,54,13,30
1,<environment.Job instance at 0x14bbfcf14b90>,24,3,[1 7],42,54,57,12,43
1,<environment.Job instance at 0x14bbfcf10500>,28,16,[2 5],50,57,73,7,55
1,<environment.Job instance at 0x14bbeebb8f00>,48,3,[2 7],76,76,79,0,76
1,<environment.Job instance at 0x14bbee3a9780>,51,3,[5 1],81,81,84,0,81
1,<environment.Job instance at 0x14bbee3a9e60>,52,3,[1 5],82,82,85,0,82
1,<environment.Job instance at 0x14bbee26e320>,68,14,[10  1],110,339,353,229,339
1,<environment.Job instance at 0x14bbee24de10>,81,1,[6 1],143,353,354,210,339
1,<environment.Job instance at 0x14bbee24d230>,82,3,[ 1 10],145,354,357,209,339
1,<environment.Job instance at 0x14bbee24d280>,83,3,[2 9],146,357,360,211,339
1,<environment.Job instance at 0x14bbee24daa0>,84,2,[1 9],147,360,362,213,339
1,<environment.Job instance at 0x14bbee24d550>,85,2,[1 6],149,362,364,213,339
1,<environment.Job instance at 0x14bbee531870>,86,3,[1 8],150,364,367,214,339
1,<environment.Job instance at 0x14bc40227690>,87,1,[6 1],152,357,358,205,339
1,<environment.Job instance at 0x14bbee9c49b0>,88,2,[10  1],154,367,369,213,340
1,<environment.Job instance at 0x14bbee9c40a0>,89,15,[1 7],155,502,517,347,502
1,<environment.Job instance at 0x14bbee478370>,113,13,[2 8],189,517,530,328,502
1,<environment.Job instance at 0x14bbeedb24b0>,2,3,[6 1],3,4,7,1,4
1,<environment.Job instance at 0x14bbfc2fc0a0>,0,2,[1 5],1,10,12,9,10
1,<environment.Job instance at 0x14bbeedb2e60>,5,3,[8 2],9,10,13,1,10
1,<environment.Job instance at 0x14bbeedb2d70>,6,1,[2 8],15,17,18,2,17
1,<environment.Job instance at 0x14bbfc3a19b0>,9,1,[7 1],18,24,25,6,24
1,<environment.Job instance at 0x14bc449f37d0>,18,1,[1 8],28,28,29,0,28
1,<environment.Job instance at 0x14bbee1ddf50>,19,1,[7 1],29,29,30,0,29
1,<environment.Job instance at 0x14bbee3b8e10>,20,1,[1 9],30,30,31,0,30
1,<environment.Job instance at 0x14bbee51ddc0>,21,1,[6 2],31,31,32,0,31
1,<environment.Job instance at 0x14bbf19fd280>,22,2,[ 2 10],32,32,34,0,32
1,<environment.Job instance at 0x14bbfcf965f0>,23,1,[5 2],33,34,35,1,33
1,<environment.Job instance at 0x14bbfcf63c80>,1,17,[7 1],3,3,20,0,3
1,<environment.Job instance at 0x14bbf2aba460>,0,14,[5 1],1,20,34,19,15
1,<environment.Job instance at 0x14bbee9390a0>,9,2,[6 2],16,34,36,18,16
1,<environment.Job instance at 0x14bbee939a00>,10,1,[7 2],18,36,37,18,18
1,<environment.Job instance at 0x14bbf29da5f0>,11,2,[ 2 10],23,37,39,14,23
1,<environment.Job instance at 0x14bbf1c1b280>,6,16,[8 1],12,41,57,29,41
1,<environment.Job instance at 0x14bbeec69550>,31,14,[5 1],53,57,71,4,53
1,<environment.Job instance at 0x14bbeec69f50>,32,16,[8 2],54,73,89,19,73
1,<environment.Job instance at 0x14bbf26106e0>,72,1,[1 5],109,128,129,19,128
1,<environment.Job instance at 0x14bbf2610320>,73,3,[9 2],110,128,131,18,128
1,<environment.Job instance at 0x14bbf26100f0>,74,1,[2 5],111,131,132,20,128
1,<environment.Job instance at 0x14bbf2610af0>,80,17,[10  1],120,193,210,73,193
1,<environment.Job instance at 0x14bbee117640>,110,12,[6 1],167,210,222,43,193
1,<environment.Job instance at 0x14bbee117fa0>,111,3,[7 2],168,222,225,54,196
1,<environment.Job instance at 0x14bbee1172d0>,112,2,[1 7],169,210,212,41,196
1,<environment.Job instance at 0x14bbee117c30>,116,3,[2 9],175,212,215,37,212
1,<environment.Job instance at 0x14bbeed52690>,117,1,[5 2],176,225,226,49,212
1,<environment.Job instance at 0x14bbeed52be0>,119,2,[5 1],179,227,229,48,227
1,<environment.Job instance at 0x14bbeed521e0>,122,2,[7 2],183,238,240,55,238
1,<environment.Job instance at 0x14bbeed52eb0>,123,1,[8 1],185,240,241,55,238
1,<environment.Job instance at 0x14bbf539dc80>,93,12,[2 9],142,261,273,119,261
1,<environment.Job instance at 0x14bbfc3b9a50>,12,1,[2 6],19,19,20,0,19
1,<environment.Job instance at 0x14bbfc3b9460>,13,3,[ 2 10],20,20,23,0,20
1,<environment.Job instance at 0x14bbef550af0>,14,12,[1 6],21,30,42,9,30
1,<environment.Job instance at 0x14bbfc404e10>,22,2,[5 1],32,32,34,0,32
1,<environment.Job instance at 0x14bbee974eb0>,23,3,[6 2],35,35,38,0,35
1,<environment.Job instance at 0x14bbee87d640>,24,17,[1 7],36,42,59,6,36
1,<environment.Job instance at 0x14bbfc404690>,25,1,[7 1],37,38,39,1,37
1,<environment.Job instance at 0x14bbf2a80a50>,26,16,[2 5],38,59,75,21,47
1,<environment.Job instance at 0x14bbf1bf09b0>,33,1,[8 2],47,47,48,0,47
1,<environment.Job instance at 0x14bbf1bf0b90>,34,18,[6 2],48,56,74,8,56
1,<environment.Job instance at 0x14bbf1bf0280>,36,1,[1 8],50,75,76,25,56
1,<environment.Job instance at 0x14bbf1bf02d0>,37,16,[8 2],51,74,90,23,67
1,<environment.Job instance at 0x14bbf5396f50>,38,1,[8 2],53,90,91,37,67
1,<environment.Job instance at 0x14bbee46d0a0>,40,18,[1 9],56,91,109,35,80
1,<environment.Job instance at 0x14bbf2aae050>,43,1,[ 1 10],60,109,110,49,81
1,<environment.Job instance at 0x14bbf26c1410>,1,3,[7 2],4,6,9,2,6
1,<environment.Job instance at 0x14bbf26c1f50>,0,1,[5 1],2,9,10,7,7
1,<environment.Job instance at 0x14bbee1eb370>,3,3,[6 1],7,10,13,3,7
1,<environment.Job instance at 0x14bbef4f1b40>,25,1,[10  1],43,43,44,0,43
1,<environment.Job instance at 0x14bbee925190>,36,14,[10  1],59,60,74,1,60
1,<environment.Job instance at 0x14bbee925fa0>,37,3,[6 1],60,74,77,14,60
1,<environment.Job instance at 0x14bbee925f00>,38,1,[10  1],62,77,78,15,62
1,<environment.Job instance at 0x14bbee759820>,39,2,[9 1],63,78,80,15,63
1,<environment.Job instance at 0x14bbfd0637d0>,64,3,[1 5],103,161,164,58,161
1,<environment.Job instance at 0x14bbf19c3960>,109,3,[1 6],165,278,281,113,278
1,<environment.Job instance at 0x14bbeead1460>,111,3,[5 2],168,281,284,113,281
1,<environment.Job instance at 0x14bbef4edcd0>,1,1,[1 9],2,3,4,1,3
1,<environment.Job instance at 0x14bbfd05ac30>,2,2,[ 1 10],4,4,6,0,4
1,<environment.Job instance at 0x14bbf1829a50>,4,3,[2 6],6,6,9,0,6
1,<environment.Job instance at 0x14bbee363820>,5,12,[9 2],7,10,22,3,10
1,<environment.Job instance at 0x14bbfd05a370>,3,3,[5 1],5,22,25,17,13
1,<environment.Job instance at 0x14bbef527190>,11,2,[2 7],14,22,24,8,14
1,<environment.Job instance at 0x14bbf2671af0>,12,2,[8 1],16,25,27,9,16
1,<environment.Job instance at 0x14bbeeb2f8c0>,13,1,[8 2],17,27,28,10,17
1,<environment.Job instance at 0x14bbfd0c66e0>,14,1,[9 1],21,28,29,7,21
1,<environment.Job instance at 0x14bbee345cd0>,15,14,[2 6],22,29,43,7,24
1,<environment.Job instance at 0x14bbeea55f00>,16,1,[5 1],28,30,31,2,30
1,<environment.Job instance at 0x14bbff02b7d0>,18,1,[6 2],32,32,33,0,32
1,<environment.Job instance at 0x14bbf192fdc0>,19,18,[2 6],34,43,61,9,37
1,<environment.Job instance at 0x14bbff272050>,22,1,[2 6],38,61,62,23,39
1,<environment.Job instance at 0x14bbf1a31320>,27,12,[1 7],43,62,74,19,46
1,<environment.Job instance at 0x14bbf1bab4b0>,29,3,[2 9],45,74,77,29,48
1,<environment.Job instance at 0x14bbef533dc0>,31,2,[2 7],48,77,79,29,50
1,<environment.Job instance at 0x14bbef5338c0>,34,1,[1 5],51,79,80,28,51
1,<environment.Job instance at 0x14bbee11e140>,37,2,[1 9],56,80,82,24,56
1,<environment.Job instance at 0x14bbee12feb0>,38,12,[5 1],57,57,69,0,57
1,<environment.Job instance at 0x14bbee126230>,40,3,[2 5],60,97,100,37,97
1,<environment.Job instance at 0x14bbee126460>,42,1,[2 9],62,115,116,53,115
1,<environment.Job instance at 0x14bbee126fa0>,43,2,[9 2],63,116,118,53,115
1,<environment.Job instance at 0x14bbee126c30>,44,17,[ 1 10],65,118,135,53,117
1,<environment.Job instance at 0x14bbee126410>,45,1,[5 1],68,135,136,67,118
1,<environment.Job instance at 0x14bbee14e0f0>,47,3,[2 5],70,135,138,65,118
1,<environment.Job instance at 0x14bbee14e3c0>,48,1,[2 9],71,138,139,67,118
1,<environment.Job instance at 0x14bbef537280>,55,2,[7 2],84,147,149,63,147
1,<environment.Job instance at 0x14bbef537b90>,56,2,[10  1],85,149,151,64,147
1,<environment.Job instance at 0x14bbef537e10>,57,2,[2 7],86,147,149,61,147
1,<environment.Job instance at 0x14bbef5372d0>,58,14,[2 7],87,151,165,64,147
1,<environment.Job instance at 0x14bbfcefd320>,62,2,[5 2],91,180,182,89,180
1,<environment.Job instance at 0x14bbfc498f50>,63,2,[1 9],93,182,184,89,180
1,<environment.Job instance at 0x14bbfc498780>,64,2,[1 7],95,180,182,85,180
1,<environment.Job instance at 0x14bbfc498910>,65,3,[9 1],96,182,185,86,181
1,<environment.Job instance at 0x14bbfc498870>,66,12,[1 6],97,184,196,87,181
1,<environment.Job instance at 0x14bbfc48d870>,68,3,[9 1],100,185,188,85,184
1,<environment.Job instance at 0x14bbfc48d9b0>,69,2,[ 2 10],101,196,198,95,184
1,<environment.Job instance at 0x14bbee4628c0>,71,3,[2 7],104,198,201,94,184
1,<environment.Job instance at 0x14bbfc48dd20>,74,2,[9 2],107,201,203,94,195
1,<environment.Job instance at 0x14bbfc48d780>,75,3,[2 8],108,203,206,95,195
1,<environment.Job instance at 0x14bbf19fedc0>,77,3,[5 2],110,204,207,94,204
1,<environment.Job instance at 0x14bbee56a8c0>,78,1,[6 2],111,207,208,96,204
1,<environment.Job instance at 0x14bbfd0665f0>,80,18,[1 6],114,209,227,95,209
1,<environment.Job instance at 0x14bbff6d77d0>,82,2,[9 1],116,219,221,103,219
1,<environment.Job instance at 0x14bbf272d8c0>,85,2,[1 9],119,227,229,108,221
1,<environment.Job instance at 0x14bbf272d370>,86,3,[1 8],120,229,232,109,221
1,<environment.Job instance at 0x14bbef4feb90>,88,3,[1 7],125,232,235,107,221
1,<environment.Job instance at 0x14bbef4e94b0>,89,1,[1 5],126,235,236,109,223
1,<environment.Job instance at 0x14bbef4e9640>,92,3,[9 1],133,233,236,100,233
1,<environment.Job instance at 0x14bbee87dfa0>,93,3,[6 2],134,236,239,102,233
1,<environment.Job instance at 0x14bbee87de60>,94,3,[7 1],137,239,242,102,233
1,<environment.Job instance at 0x14bbef65d280>,98,2,[1 9],142,239,241,97,233
1,<environment.Job instance at 0x14bbef65d550>,99,13,[8 1],143,242,255,99,234
1,<environment.Job instance at 0x14bbee7cb7d0>,100,2,[10  2],145,255,257,110,234
1,<environment.Job instance at 0x14bbeee62fa0>,102,12,[1 9],148,257,269,109,253
1,<environment.Job instance at 0x14bbee3c9eb0>,104,1,[6 2],152,269,270,117,253
1,<environment.Job instance at 0x14bbee3c97d0>,105,12,[10  2],153,270,282,117,253
1,<environment.Job instance at 0x14bbee3c9410>,106,1,[10  1],154,282,283,128,254
1,<environment.Job instance at 0x14bbee3c9f00>,107,1,[1 5],155,254,255,99,254
1,<environment.Job instance at 0x14bbf00d72d0>,110,1,[5 2],159,283,284,124,273
1,<environment.Job instance at 0x14bbf00d7780>,111,16,[ 1 10],160,284,300,124,273
1,<environment.Job instance at 0x14bbfe9c4550>,115,14,[ 2 10],166,309,323,143,309
1,<environment.Job instance at 0x14bbfc2810f0>,130,1,[2 5],185,367,368,182,367
1,<environment.Job instance at 0x14bbfc281730>,131,2,[1 6],186,368,370,182,367
1,<environment.Job instance at 0x14bbf17a4640>,132,2,[10  2],187,370,372,183,367
1,<environment.Job instance at 0x14bbfc281eb0>,124,18,[5 2],178,739,757,561,739
1,<environment.Job instance at 0x14bbfc2c3e10>,0,3,[ 1 10],1,4,7,3,4
1,<environment.Job instance at 0x14bbee861e60>,4,2,[2 7],5,9,11,4,9
1,<environment.Job instance at 0x14bbeee10aa0>,7,3,[ 2 10],11,11,14,0,11
1,<environment.Job instance at 0x14bbeee102d0>,8,3,[10  1],12,14,17,2,12
1,<environment.Job instance at 0x14bbeee10dc0>,9,1,[10  1],14,17,18,3,14
1,<environment.Job instance at 0x14bbeee10870>,11,18,[5 1],16,499,517,483,499
1,<environment.Job instance at 0x14bbee6752d0>,31,2,[9 1],43,952,954,909,952
1,<environment.Job instance at 0x14bbfc43c8c0>,32,16,[1 7],44,954,970,910,954
1,<environment.Job instance at 0x14bbf1a90be0>,34,2,[7 2],46,956,958,910,956
1,<environment.Job instance at 0x14bbee66adc0>,36,3,[2 8],49,970,973,921,958
1,<environment.Job instance at 0x14bbfd0b2f00>,38,15,[6 2],54,978,993,924,978
1,<environment.Job instance at 0x14bbef646820>,50,1,[10  1],68,993,994,925,978
1,<environment.Job instance at 0x14bbef646dc0>,51,1,[7 2],69,994,995,925,978
1,<environment.Job instance at 0x14bbef6468c0>,52,3,[6 2],70,995,998,925,978
1,<environment.Job instance at 0x14bbef6465f0>,53,2,[9 2],71,998,1000,927,978
1,<environment.Job instance at 0x14bbef646f50>,54,1,[1 6],72,978,979,906,978
1,<environment.Job instance at 0x14bbef646460>,55,2,[2 5],73,979,981,906,978
1,<environment.Job instance at 0x14bbef646be0>,56,15,[ 1 10],74,1000,1015,926,986
1,<environment.Job instance at 0x14bbef646c80>,57,1,[ 1 10],75,1015,1016,940,987
1,<environment.Job instance at 0x14bbee12fc80>,58,1,[1 8],76,987,988,911,987
1,<environment.Job instance at 0x14bbee12f5a0>,59,1,[7 2],77,1016,1017,939,988
1,<environment.Job instance at 0x14bbef0d07d0>,68,18,[10  1],91,1026,1044,935,1026
1,<environment.Job instance at 0x14bbee3ba550>,100,3,[9 2],140,1044,1047,904,1037
1,<environment.Job instance at 0x14bbee3ba7d0>,101,14,[2 6],141,1047,1061,906,1047
1,<environment.Job instance at 0x14bbee3ba730>,103,1,[6 2],143,1048,1049,905,1048
1,<environment.Job instance at 0x14bbee3baaf0>,105,1,[8 2],145,1049,1050,904,1048
1,<environment.Job instance at 0x14bbee3ba870>,106,18,[1 6],146,1061,1079,915,1050
1,<environment.Job instance at 0x14bbee3ba460>,107,3,[2 6],147,1079,1082,932,1053
1,<environment.Job instance at 0x14bbee3baeb0>,110,2,[10  2],150,1082,1084,932,1055
1,<environment.Job instance at 0x14bbee3ba370>,113,1,[10  1],153,1084,1085,931,1056
1,<environment.Job instance at 0x14bbee3bae60>,114,1,[1 7],156,1085,1086,929,1058
1,<environment.Job instance at 0x14bbee3ba3c0>,115,1,[10  2],157,1086,1087,929,1061
1,<environment.Job instance at 0x14bbee3ba9b0>,116,1,[1 6],159,1087,1088,928,1067
1,<environment.Job instance at 0x14bbf2523780>,120,1,[2 5],166,1088,1089,922,1067
1,<environment.Job instance at 0x14bbf2523eb0>,121,1,[ 1 10],167,1089,1090,922,1067
1,<environment.Job instance at 0x14bbf2523730>,122,16,[2 7],168,1090,1106,922,1078
1,<environment.Job instance at 0x14bbf2523af0>,124,2,[ 2 10],171,1106,1108,935,1079
1,<environment.Job instance at 0x14bbf2523910>,131,3,[5 1],187,1099,1102,912,1099
1,<environment.Job instance at 0x14bbf2523c80>,132,3,[1 7],188,1108,1111,920,1099
1,<environment.Job instance at 0x14bbf25234b0>,123,17,[2 5],169,1201,1218,1032,1201
1,<environment.Job instance at 0x14bbee86ddc0>,0,2,[2 8],1,2,4,1,2
1,<environment.Job instance at 0x14bbfe9cd190>,1,12,[7 1],2,4,16,2,4
1,<environment.Job instance at 0x14bbee86d190>,2,1,[2 5],3,5,6,2,5
1,<environment.Job instance at 0x14bbee86d9b0>,5,1,[1 7],6,10,11,4,10
1,<environment.Job instance at 0x14bbee879050>,20,13,[6 1],24,25,38,1,25
1,<environment.Job instance at 0x14bbee0a7370>,13,17,[2 6],17,26,43,9,26
1,<environment.Job instance at 0x14bbee261af0>,23,13,[1 8],27,43,56,16,33
1,<environment.Job instance at 0x14bbfc6e1410>,28,3,[2 6],35,56,59,21,35
1,<environment.Job instance at 0x14bbfc6e1aa0>,29,18,[ 2 10],36,59,77,23,52
1,<environment.Job instance at 0x14bbfcf82dc0>,47,1,[9 1],60,77,78,17,60
1,<environment.Job instance at 0x14bbfcf82870>,48,3,[2 6],62,78,81,16,62
1,<environment.Job instance at 0x14bbfcf82e10>,49,2,[1 8],63,81,83,18,63
1,<environment.Job instance at 0x14bbf1ba2dc0>,50,3,[8 2],65,78,81,13,65
1,<environment.Job instance at 0x14bbeee01410>,71,3,[7 1],91,91,94,0,91
1,<environment.Job instance at 0x14bbeee015a0>,73,14,[1 8],93,94,108,1,94
1,<environment.Job instance at 0x14bbeea756e0>,81,2,[1 7],102,108,110,6,104
1,<environment.Job instance at 0x14bbee7447d0>,87,2,[ 1 10],114,114,116,0,114
1,<environment.Job instance at 0x14bbeeab6370>,88,2,[10  1],115,116,118,1,115
1,<environment.Job instance at 0x14bbee731f00>,95,13,[10  2],129,152,165,23,152
1,<environment.Job instance at 0x14bbee731c80>,99,3,[10  1],133,165,168,32,152
1,<environment.Job instance at 0x14bbee731690>,100,1,[1 9],135,168,169,33,152
1,<environment.Job instance at 0x14bbee731d20>,102,2,[7 2],137,169,171,32,152
1,<environment.Job instance at 0x14bbee731370>,103,1,[ 2 10],138,171,172,33,152
1,<environment.Job instance at 0x14bbeeaaf960>,105,2,[5 1],140,172,174,32,154
1,<environment.Job instance at 0x14bbee25a190>,112,3,[1 5],153,180,183,27,180
1,<environment.Job instance at 0x14bbee25aaf0>,114,3,[2 7],158,183,186,25,180
1,<environment.Job instance at 0x14bbee25ab40>,115,3,[6 1],159,184,187,25,184
1,<environment.Job instance at 0x14bbee25a140>,121,3,[1 9],169,186,189,17,185
1,<environment.Job instance at 0x14bbee25a280>,122,2,[10  1],170,189,191,19,186
1,<environment.Job instance at 0x14bbf1a2c050>,124,1,[6 2],172,191,192,19,186
1,<environment.Job instance at 0x14bbf1a2caf0>,125,1,[9 1],173,187,188,14,186
1,<environment.Job instance at 0x14bbf1a2c870>,127,3,[10  1],176,192,195,16,186
1,<environment.Job instance at 0x14bbf1a2c910>,128,3,[10  1],177,195,198,18,187
1,<environment.Job instance at 0x14bbf1a2c0f0>,131,12,[10  2],181,198,210,17,190
1,<environment.Job instance at 0x14bbeea56320>,133,2,[ 2 10],187,210,212,23,190
1,<environment.Job instance at 0x14bbeea56190>,135,3,[ 2 10],189,212,215,23,210
1,<environment.Job instance at 0x14bbeea56f00>,132,16,[2 7],186,763,779,577,763
1,<environment.Job instance at 0x14bbee731eb0>,91,18,[5 2],120,772,790,652,772
1,<environment.Job instance at 0x14bbeed64910>,2,2,[1 6],5,8,10,3,8
1,<environment.Job instance at 0x14bbee8842d0>,6,2,[2 6],9,10,12,1,9
1,<environment.Job instance at 0x14bbee8845f0>,7,2,[7 1],10,10,12,0,10
1,<environment.Job instance at 0x14bbee4f1190>,8,2,[5 2],12,13,15,1,13
1,<environment.Job instance at 0x14bbf2a27320>,13,1,[ 2 10],18,18,19,0,18
1,<environment.Job instance at 0x14bbef548460>,9,3,[8 1],13,26,29,13,26
1,<environment.Job instance at 0x14bbee0a7320>,14,14,[7 2],19,34,48,15,34
1,<environment.Job instance at 0x14bbf2aac2d0>,34,1,[10  1],52,81,82,29,81
1,<environment.Job instance at 0x14bbee7fafa0>,38,2,[5 1],57,82,84,25,81
1,<environment.Job instance at 0x14bbee70b500>,39,16,[2 8],59,82,98,23,82
1,<environment.Job instance at 0x14bbee70b6e0>,43,2,[1 8],64,98,100,34,82
1,<environment.Job instance at 0x14bbee70bf50>,44,1,[2 8],65,100,101,35,82
1,<environment.Job instance at 0x14bbf2a94690>,45,2,[10  2],66,101,103,35,82
1,<environment.Job instance at 0x14bbf2a94a50>,46,2,[10  2],67,103,105,36,82
1,<environment.Job instance at 0x14bbf2a94e60>,47,3,[2 6],68,105,108,37,82
1,<environment.Job instance at 0x14bbf2a944b0>,48,2,[ 2 10],70,108,110,38,82
1,<environment.Job instance at 0x14bbf2a94870>,49,2,[10  1],71,110,112,39,83
1,<environment.Job instance at 0x14bbf2a94910>,50,16,[ 1 10],73,112,128,39,100
1,<environment.Job instance at 0x14bbee4fd9b0>,57,14,[9 1],84,128,142,44,126
1,<environment.Job instance at 0x14bbee880870>,80,14,[2 8],115,142,156,27,127
1,<environment.Job instance at 0x14bbee880910>,81,18,[7 2],117,142,160,25,131
1,<environment.Job instance at 0x14bbee880fa0>,83,1,[10  1],119,160,161,41,132
1,<environment.Job instance at 0x14bbee880b40>,84,2,[10  2],121,161,163,40,134
1,<environment.Job instance at 0x14bbf2605f50>,94,1,[2 7],134,165,166,31,165
1,<environment.Job instance at 0x14bbf2605a00>,95,3,[8 2],136,165,168,29,165
1,<environment.Job instance at 0x14bbf26053c0>,96,3,[1 9],138,168,171,30,165
1,<environment.Job instance at 0x14bbf26059b0>,97,3,[5 1],139,168,171,29,165
1,<environment.Job instance at 0x14bbfc41e690>,106,13,[2 5],149,171,184,22,166
1,<environment.Job instance at 0x14bbfc41e640>,107,1,[10  1],150,184,185,34,166
1,<environment.Job instance at 0x14bbfe987820>,108,1,[10  1],151,185,186,34,167
1,<environment.Job instance at 0x14bbf1c27230>,113,2,[1 6],157,186,188,29,167
1,<environment.Job instance at 0x14bbf1c27140>,114,2,[ 2 10],158,188,190,30,167
1,<environment.Job instance at 0x14bbfc41ec80>,105,15,[6 1],148,190,205,42,187
1,<environment.Job instance at 0x14bbf2a9b5f0>,0,1,[1 7],1,5,6,4,5
1,<environment.Job instance at 0x14bbeedb50a0>,7,1,[1 9],11,11,12,0,11
1,<environment.Job instance at 0x14bbeedb5aa0>,8,3,[1 6],12,12,15,0,12
1,<environment.Job instance at 0x14bbee967b90>,13,1,[2 7],17,25,26,8,25
1,<environment.Job instance at 0x14bbee967d20>,14,15,[5 2],18,25,40,7,25
1,<environment.Job instance at 0x14bbee69d280>,20,1,[ 1 10],26,40,41,14,26
1,<environment.Job instance at 0x14bbfc6aae60>,21,1,[6 1],30,41,42,11,30
1,<environment.Job instance at 0x14bbee62d7d0>,22,2,[7 1],31,42,44,11,32
1,<environment.Job instance at 0x14bbeee59a50>,26,2,[6 1],37,44,46,7,37
1,<environment.Job instance at 0x14bbef0d0550>,27,1,[1 9],38,41,42,3,38
1,<environment.Job instance at 0x14bbff288a00>,28,1,[1 6],39,39,40,0,39
1,<environment.Job instance at 0x14bbee774690>,29,13,[8 1],41,46,59,5,42
1,<environment.Job instance at 0x14bbee705b90>,31,26,[1 9],43,43,69,0,43
1,<environment.Job instance at 0x14bbee705d70>,32,2,[6 1],44,59,61,15,44
1,<environment.Job instance at 0x14bbee799e10>,40,1,[5 2],54,69,70,15,62
1,<environment.Job instance at 0x14bbee799af0>,41,3,[1 5],55,69,72,14,62
1,<environment.Job instance at 0x14bbee799410>,42,17,[1 7],56,72,89,16,62
1,<environment.Job instance at 0x14bbee799550>,43,2,[7 1],57,73,75,16,73
1,<environment.Job instance at 0x14bbee6247d0>,48,3,[2 6],63,89,92,26,73
1,<environment.Job instance at 0x14bbee624a50>,49,1,[7 1],64,75,76,11,75
1,<environment.Job instance at 0x14bbee624460>,50,1,[9 2],65,76,77,11,75
1,<environment.Job instance at 0x14bbeedb58c0>,5,15,[1 7],8,181,196,173,181
1,<environment.Job instance at 0x14bbee6246e0>,54,1,[1 7],70,254,255,184,254
1,<environment.Job instance at 0x14bbee624d20>,55,3,[2 8],71,255,258,184,254
1,<environment.Job instance at 0x14bbee624410>,56,1,[5 2],72,254,255,182,254
1,<environment.Job instance at 0x14bbee624c30>,57,2,[ 1 10],76,258,260,182,255
1,<environment.Job instance at 0x14bbee6243c0>,58,2,[1 9],77,260,262,183,255
1,<environment.Job instance at 0x14bc449edaa0>,59,1,[2 5],81,262,263,181,255
1,<environment.Job instance at 0x14bc449edaf0>,61,22,[1 5],84,268,290,184,268
1,<environment.Job instance at 0x14bc449edbe0>,62,12,[1 9],85,290,302,205,283
1,<environment.Job instance at 0x14bc449ed9b0>,63,3,[1 8],87,391,394,304,391
1,<environment.Job instance at 0x14bbf1a30c30>,93,2,[1 8],133,394,396,261,394
1,<environment.Job instance at 0x14bbf1a30c80>,94,2,[9 2],134,435,437,301,435
1,<environment.Job instance at 0x14bbeea75a00>,113,3,[2 8],168,437,440,269,435
1,<environment.Job instance at 0x14bbeea75050>,114,2,[2 5],169,440,442,271,439
1,<environment.Job instance at 0x14bbeea75690>,115,3,[10  1],170,442,445,272,439
