iteration,job object,job ID,job Length,job ressource requirement,job enter time,job start time,job finish time,job waiting time,current time
1,<environment.Job instance at 0x14811f6e2320>,5,3,[10  2],8,12,15,4,12
1,<environment.Job instance at 0x14811f6e2b40>,3,15,[11  1],4,37,52,33,37
1,<environment.Job instance at 0x148149868190>,3,25,[12  2],4,6,31,2,6
1,<environment.Job instance at 0x1481498683c0>,6,3,[1 8],8,107,110,99,107
1,<environment.Job instance at 0x14811f62f7d0>,1,1,[1 6],3,3,4,0,3
1,<environment.Job instance at 0x14816831cf50>,7,3,[2 9],9,11,14,2,11
1,<environment.Job instance at 0x14811e6ae4b0>,5,1,[2 5],6,68,69,62,68
1,<environment.Job instance at 0x14811e6aee10>,3,1,[13  1],4,270,271,266,270
1,<environment.Job instance at 0x14811ac69e10>,5,16,[8 1],7,13,29,6,13
1,<environment.Job instance at 0x14811b7d5f00>,3,1,[8 2],4,4,5,0,4
1,<environment.Job instance at 0x14811b3c7af0>,2,1,[ 2 14],3,5,6,2,4
1,<environment.Job instance at 0x14814977cb40>,4,3,[5 2],6,7,10,1,7
1,<environment.Job instance at 0x14814977c9b0>,5,15,[9 2],7,11,26,4,11
1,<environment.Job instance at 0x14814977cc80>,6,18,[2 6],8,12,30,4,12
1,<environment.Job instance at 0x14814977c690>,7,1,[1 6],9,15,16,6,15
1,<environment.Job instance at 0x14814977cf00>,3,1,[8 1],4,39,40,35,39
1,<environment.Job instance at 0x14811b6ae8c0>,0,3,[11  2],1,290,293,289,290
1,<environment.Job instance at 0x14811e4c6be0>,2,1,[1 8],6,9,10,3,9
1,<environment.Job instance at 0x14811b7d7eb0>,5,2,[1 8],9,20,22,11,20
1,<environment.Job instance at 0x14811e4c61e0>,1,3,[12  1],4,406,409,402,406
1,<environment.Job instance at 0x14817032c280>,6,28,[2 8],9,23,51,14,23
1,<environment.Job instance at 0x14817032c640>,1,13,[ 1 14],2,259,272,257,259
1,<environment.Job instance at 0x148149774aa0>,3,2,[ 2 10],4,4,6,0,4
1,<environment.Job instance at 0x14811b52b410>,0,2,[ 1 10],1,1,3,0,1
1,<environment.Job instance at 0x14811b52bf50>,3,1,[2 9],4,5,6,1,5
1,<environment.Job instance at 0x14811dfe4460>,2,2,[2 5],3,3,5,0,3
1,<environment.Job instance at 0x14811dfef550>,3,2,[ 2 12],6,6,8,0,6
1,<environment.Job instance at 0x14811b401500>,1,2,[6 2],2,4,6,2,4
1,<environment.Job instance at 0x14811b4012d0>,2,1,[1 5],3,5,6,2,5
1,<environment.Job instance at 0x14811b4015f0>,6,3,[1 5],9,9,12,0,9
1,<environment.Job instance at 0x14811b401aa0>,4,3,[ 2 10],5,12,15,7,12
1,<environment.Job instance at 0x14811b401cd0>,5,3,[ 1 13],6,27,30,21,27
1,<environment.Job instance at 0x14811b4013c0>,0,13,[ 1 11],1,280,293,279,280
1,<environment.Job instance at 0x14811b401280>,3,16,[1 7],4,1483,1499,1479,1483
1,<environment.Job instance at 0x14811b2a1230>,1,2,[1 7],4,4,6,0,4
1,<environment.Job instance at 0x14811b38b500>,2,2,[10  1],3,4,6,1,4
1,<environment.Job instance at 0x14811f66dd70>,2,15,[ 1 11],7,30,45,23,30
1,<environment.Job instance at 0x148168316e60>,0,2,[2 9],1,1,3,0,1
1,<environment.Job instance at 0x14811e09f0a0>,6,3,[8 1],9,10,13,1,10
1,<environment.Job instance at 0x14811b637780>,0,2,[1 9],1,1,3,0,1
1,<environment.Job instance at 0x14811f58cf00>,1,14,[14  1],2,287,301,285,287
1,<environment.Job instance at 0x14811ace60f0>,7,15,[7 2],8,11,26,3,11
1,<environment.Job instance at 0x14811e4ac500>,5,1,[6 2],9,32,33,23,32
1,<environment.Job instance at 0x14811e4aca50>,3,13,[12  2],7,704,717,697,704
1,<environment.Job instance at 0x14811e5355a0>,0,1,[1 7],1,1,2,0,1
1,<environment.Job instance at 0x14811e5348c0>,5,15,[7 1],7,11,26,4,11
1,<environment.Job instance at 0x14814976e780>,0,1,[2 6],1,1,2,0,1
1,<environment.Job instance at 0x14814976ef50>,5,3,[5 1],7,18,21,11,18
1,<environment.Job instance at 0x14814a234190>,0,2,[2 6],1,1,3,0,1
1,<environment.Job instance at 0x14811bfe9b40>,2,14,[6 1],3,5,19,2,5
1,<environment.Job instance at 0x14811f79c320>,6,3,[7 1],7,7,10,0,7
1,<environment.Job instance at 0x14811f79c050>,7,13,[10  1],8,19,32,11,10
1,<environment.Job instance at 0x14816808d640>,8,25,[12  1],9,32,57,23,28
1,<environment.Job instance at 0x14811b581eb0>,5,26,[2 8],8,9,35,1,9
1,<environment.Job instance at 0x14811e140eb0>,7,2,[6 1],9,14,16,5,14
1,<environment.Job instance at 0x14811b71a320>,4,1,[10  2],8,8,9,0,8
1,<environment.Job instance at 0x14811b71a460>,3,1,[8 1],9,9,10,0,9
1,<environment.Job instance at 0x14814a21bc30>,1,1,[ 1 12],6,52,53,46,52
1,<environment.Job instance at 0x14814a1e5640>,4,13,[13  2],7,268,281,261,268
1,<environment.Job instance at 0x14811e09bd20>,7,15,[6 1],9,71,86,62,71
1,<environment.Job instance at 0x14811b057c30>,0,1,[6 2],1,1,2,0,1
1,<environment.Job instance at 0x1481680ac2d0>,3,17,[5 2],4,12,29,8,12
1,<environment.Job instance at 0x1481680acc30>,5,12,[ 1 10],7,53,65,46,53
1,<environment.Job instance at 0x14811bf480a0>,3,21,[2 5],5,6,27,1,6
1,<environment.Job instance at 0x14811f5df140>,4,16,[6 1],7,8,24,1,8
1,<environment.Job instance at 0x148149893a00>,1,2,[6 2],2,4,6,2,4
1,<environment.Job instance at 0x148168c24820>,8,3,[5 2],9,10,13,1,10
1,<environment.Job instance at 0x14811caa7140>,4,1,[13  1],5,13,14,8,11
1,<environment.Job instance at 0x148168c24a50>,6,1,[5 1],7,17,18,10,17
1,<environment.Job instance at 0x14811b170910>,3,22,[8 1],5,5,27,0,5
1,<environment.Job instance at 0x14811b168280>,1,2,[2 9],2,2,4,0,2
1,<environment.Job instance at 0x14811b8cca50>,6,22,[2 6],9,9,31,0,9
1,<environment.Job instance at 0x14811b0c7af0>,3,19,[1 5],6,6,25,0,6
1,<environment.Job instance at 0x14811b7d5820>,2,1,[ 2 10],4,11,12,7,11
1,<environment.Job instance at 0x14811b7d5f50>,0,3,[ 2 14],2,29,32,27,29
1,<environment.Job instance at 0x14814a1e57d0>,5,2,[6 1],9,29,31,20,29
1,<environment.Job instance at 0x148148055960>,4,1,[2 9],6,33,34,27,33
1,<environment.Job instance at 0x14811b3148c0>,5,2,[10  2],7,46,48,39,46
1,<environment.Job instance at 0x1481480550a0>,0,15,[14  1],1,287,302,286,287
1,<environment.Job instance at 0x14811ed1e5a0>,1,26,[ 2 13],3,3,29,0,3
1,<environment.Job instance at 0x14811ed1e190>,4,2,[12  1],7,32,34,25,32
1,<environment.Job instance at 0x14811e000550>,3,2,[ 1 11],7,8,10,1,8
1,<environment.Job instance at 0x14811b080050>,0,2,[2 9],1,1,3,0,1
1,<environment.Job instance at 0x14811b080a00>,3,28,[5 2],4,5,33,1,5
1,<environment.Job instance at 0x14811b080be0>,8,2,[2 6],9,37,39,28,37
1,<environment.Job instance at 0x14811b080b40>,6,3,[ 2 14],7,51,54,44,51
1,<environment.Job instance at 0x14811b7dcf00>,4,16,[7 1],5,5,21,0,5
1,<environment.Job instance at 0x14811fb45b40>,2,23,[2 6],4,5,28,1,5
1,<environment.Job instance at 0x14811acd01e0>,5,1,[5 2],8,15,16,7,15
1,<environment.Job instance at 0x148168087870>,6,3,[12  1],9,2391,2394,2382,2391
1,<environment.Job instance at 0x148149930690>,3,2,[1 8],9,9,11,0,9
1,<environment.Job instance at 0x148149868370>,1,1,[ 2 10],7,11,12,4,11
1,<environment.Job instance at 0x14816834b5a0>,2,3,[11  1],9,23,26,14,23
1,<environment.Job instance at 0x14811bf4a550>,6,2,[ 1 12],9,11,13,2,11
1,<environment.Job instance at 0x14811b075cd0>,1,21,[5 1],2,2,23,0,2
1,<environment.Job instance at 0x148149955be0>,3,2,[2 8],5,8,10,3,8
1,<environment.Job instance at 0x14811f5a30a0>,0,3,[ 2 13],2,51,54,49,51
1,<environment.Job instance at 0x148148097370>,1,27,[5 2],2,2,29,0,2
1,<environment.Job instance at 0x14814a37caf0>,4,28,[1 6],7,7,35,0,7
1,<environment.Job instance at 0x14811b2bd690>,0,21,[9 1],1,1,22,0,1
1,<environment.Job instance at 0x14811e4cf370>,3,3,[9 1],6,6,9,0,6
1,<environment.Job instance at 0x14811e4cf320>,4,12,[9 1],7,15,27,8,15
1,<environment.Job instance at 0x14811e4cf640>,5,20,[ 2 11],8,17,37,9,17
1,<environment.Job instance at 0x14811ac439b0>,3,1,[2 8],5,5,6,0,5
1,<environment.Job instance at 0x1481497d5690>,7,26,[8 1],8,8,34,0,8
1,<environment.Job instance at 0x14811f764870>,1,21,[9 2],2,2,23,0,2
1,<environment.Job instance at 0x14811b0b06e0>,7,17,[ 2 10],9,11,28,2,11
1,<environment.Job instance at 0x14811e5005f0>,0,1,[1 8],2,3,4,1,3
1,<environment.Job instance at 0x14811e500230>,2,1,[6 1],5,5,6,0,5
1,<environment.Job instance at 0x14811e500af0>,3,28,[14  1],8,9,37,1,9
1,<environment.Job instance at 0x14811b398690>,6,2,[1 8],9,13,15,4,13
1,<environment.Job instance at 0x14811b398550>,4,2,[11  2],6,46,48,40,46
1,<environment.Job instance at 0x14811b372c80>,4,1,[2 8],7,8,9,1,8
1,<environment.Job instance at 0x1481498c1690>,2,2,[12  1],5,55,57,50,55
1,<environment.Job instance at 0x14811b372be0>,5,18,[10  2],8,113,131,105,113
1,<environment.Job instance at 0x1481482fe8c0>,5,1,[10  1],9,15,16,6,15
1,<environment.Job instance at 0x14814984f2d0>,1,1,[1 6],2,2,3,0,2
1,<environment.Job instance at 0x14814984ff00>,0,16,[7 1],1,2,18,1,2
1,<environment.Job instance at 0x14811bf00aa0>,4,2,[7 2],5,7,9,2,7
1,<environment.Job instance at 0x14811bf000a0>,8,3,[6 1],9,9,12,0,9
1,<environment.Job instance at 0x14811bf000f0>,7,3,[1 9],8,41,44,33,41
1,<environment.Job instance at 0x14811bf00be0>,3,2,[5 1],4,45,47,41,45
1,<environment.Job instance at 0x148168c83870>,2,17,[8 1],7,8,25,1,8
1,<environment.Job instance at 0x14811aeb8190>,3,1,[ 2 13],8,21,22,13,21
1,<environment.Job instance at 0x14814a27cf00>,0,16,[2 5],1,1,17,0,1
1,<environment.Job instance at 0x14811b2dbe10>,1,1,[2 8],3,3,4,0,3
1,<environment.Job instance at 0x14811f7547d0>,5,2,[ 2 13],9,12,14,3,12
1,<environment.Job instance at 0x1481498007d0>,5,16,[ 1 11],7,80,96,73,80
1,<environment.Job instance at 0x14811faa3c30>,6,13,[10  1],8,8,21,0,8
1,<environment.Job instance at 0x14811df8d0a0>,2,2,[1 7],4,4,6,0,4
1,<environment.Job instance at 0x14814979f140>,2,1,[ 1 12],4,5,6,1,5
1,<environment.Job instance at 0x14811b852a00>,6,2,[6 2],8,8,10,0,8
1,<environment.Job instance at 0x14811b8525a0>,7,3,[9 2],9,20,23,11,20
1,<environment.Job instance at 0x14811b852140>,2,2,[13  1],4,23,25,19,23
1,<environment.Job instance at 0x14811b852f00>,4,1,[5 1],6,25,26,19,24
1,<environment.Job instance at 0x14811b852fa0>,3,1,[12  2],5,211,212,206,211
1,<environment.Job instance at 0x14811b852780>,0,2,[1 6],6,6,8,0,6
1,<environment.Job instance at 0x14811e036cd0>,0,1,[7 1],3,3,4,0,3
1,<environment.Job instance at 0x14811e0a2230>,6,20,[7 2],9,10,30,1,10
1,<environment.Job instance at 0x14811c244d20>,0,1,[ 1 13],1,2,3,1,2
1,<environment.Job instance at 0x14811c244190>,1,12,[ 1 14],2,118,130,116,118
1,<environment.Job instance at 0x14811df6e050>,4,1,[6 1],7,7,8,0,7
1,<environment.Job instance at 0x14814a29e2d0>,2,2,[1 6],5,9,11,4,9
1,<environment.Job instance at 0x14811df6e550>,5,18,[10  2],9,9,27,0,9
1,<environment.Job instance at 0x14814a29e4b0>,0,1,[11  1],3,40,41,37,40
1,<environment.Job instance at 0x14814a2db500>,3,15,[7 1],7,7,22,0,7
1,<environment.Job instance at 0x14811c269f00>,2,15,[9 1],4,6,21,2,6
1,<environment.Job instance at 0x14814984f5f0>,4,2,[1 9],6,30,32,24,30
1,<environment.Job instance at 0x14814994d0f0>,5,17,[12  1],7,492,509,485,492
1,<environment.Job instance at 0x14811b148230>,5,12,[ 2 11],8,19,31,11,19
1,<environment.Job instance at 0x14811b148230>,3,15,[5 1],6,7,22,1,7
1,<environment.Job instance at 0x14811facde10>,4,2,[6 2],6,20,22,14,20
1,<environment.Job instance at 0x14811e00fbe0>,1,17,[11  2],2,1389,1406,1387,1389
1,<environment.Job instance at 0x14811e6510f0>,6,3,[10  1],9,18,21,9,18
1,<environment.Job instance at 0x14817278e190>,4,18,[ 1 14],7,28,46,21,28
1,<environment.Job instance at 0x14814a1f3d20>,2,19,[ 2 14],5,21,40,16,21
1,<environment.Job instance at 0x14811e04daf0>,3,13,[ 2 11],5,167,180,162,167
1,<environment.Job instance at 0x14811b8b0be0>,1,2,[ 1 10],2,2,4,0,2
1,<environment.Job instance at 0x14811b8b0cd0>,6,3,[14  2],8,326,329,318,326
1,<environment.Job instance at 0x14811b8ccc80>,0,2,[1 7],1,1,3,0,1
1,<environment.Job instance at 0x14811b5d2140>,7,2,[5 2],9,9,11,0,9
1,<environment.Job instance at 0x14811f5c8640>,1,17,[6 1],2,2,19,0,2
1,<environment.Job instance at 0x148168346eb0>,4,15,[8 1],6,10,25,4,10
1,<environment.Job instance at 0x14811f6c0cd0>,4,17,[7 2],6,6,23,0,6
1,<environment.Job instance at 0x14811f6c0be0>,5,13,[2 5],7,7,20,0,7
1,<environment.Job instance at 0x14811f6c06e0>,6,2,[6 1],9,11,13,2,11
1,<environment.Job instance at 0x14811e693f00>,2,3,[10  1],3,100,103,97,100
1,<environment.Job instance at 0x14811e6939b0>,0,1,[14  1],1,150,151,149,150
1,<environment.Job instance at 0x148148020640>,3,3,[1 5],7,8,11,1,8
1,<environment.Job instance at 0x14811ade89b0>,1,2,[ 1 10],2,2,4,0,2
1,<environment.Job instance at 0x1481498090a0>,2,2,[2 5],3,3,5,0,3
1,<environment.Job instance at 0x14811bfc9730>,4,1,[8 1],7,10,11,3,10
1,<environment.Job instance at 0x148149809eb0>,0,3,[ 1 11],1,11,14,10,11
1,<environment.Job instance at 0x14811bfc93c0>,6,14,[9 2],9,11,25,2,11
1,<environment.Job instance at 0x14811e458be0>,4,1,[8 1],5,5,6,0,5
1,<environment.Job instance at 0x14811e458a00>,8,1,[5 1],9,9,10,0,9
1,<environment.Job instance at 0x14811e458280>,6,1,[8 2],7,30,31,23,30
1,<environment.Job instance at 0x14811e458aa0>,7,2,[7 1],8,316,318,308,316
1,<environment.Job instance at 0x14814800bf50>,3,22,[5 1],6,6,28,0,6
1,<environment.Job instance at 0x14811b53f820>,5,13,[8 1],6,9,22,3,9
1,<environment.Job instance at 0x14811f723730>,6,1,[6 1],7,17,18,10,17
1,<environment.Job instance at 0x14811e454b90>,2,2,[1 6],3,40,42,37,40
1,<environment.Job instance at 0x14811f723d20>,7,2,[ 1 10],8,42,44,34,41
1,<environment.Job instance at 0x14811f723280>,8,1,[5 1],9,48,49,39,48
1,<environment.Job instance at 0x14811e454aa0>,1,18,[ 2 11],2,59,77,57,59
1,<environment.Job instance at 0x14811b53f640>,4,2,[ 1 13],5,577,579,572,577
1,<environment.Job instance at 0x14811b3820a0>,4,2,[11  1],8,45,47,37,45
1,<environment.Job instance at 0x14811b6cd9b0>,2,14,[2 5],6,16,30,10,16
1,<environment.Job instance at 0x14814981fcd0>,0,2,[8 1],1,1,3,0,1
1,<environment.Job instance at 0x14816830a910>,5,2,[1 8],8,11,13,3,11
1,<environment.Job instance at 0x14811b02ecd0>,4,2,[ 1 11],7,20,22,13,20
1,<environment.Job instance at 0x14816830aaa0>,6,16,[ 1 12],9,663,679,654,663
1,<environment.Job instance at 0x14811e02fe10>,1,16,[7 2],2,3,19,1,3
1,<environment.Job instance at 0x14811e02fdc0>,4,3,[1 6],7,91,94,84,91
1,<environment.Job instance at 0x1481499411e0>,0,26,[5 2],2,2,28,0,2
1,<environment.Job instance at 0x148149899780>,4,1,[2 5],5,5,6,0,5
1,<environment.Job instance at 0x14811dfee3c0>,2,2,[14  2],4,8,10,4,8
1,<environment.Job instance at 0x14811f732a00>,6,13,[6 1],8,10,23,2,8
1,<environment.Job instance at 0x14811f732e60>,4,1,[14  2],6,23,24,17,10
1,<environment.Job instance at 0x14811f7327d0>,5,2,[6 2],7,61,63,54,61
1,<environment.Job instance at 0x14814a2f1c30>,1,13,[8 1],4,4,17,0,4
1,<environment.Job instance at 0x14811e0af640>,1,2,[1 9],4,4,6,0,4
1,<environment.Job instance at 0x14811cac8c80>,4,13,[ 1 10],7,7,20,0,7
1,<environment.Job instance at 0x14811cac84b0>,1,1,[ 2 10],2,20,21,18,17
1,<environment.Job instance at 0x14811b3eaa50>,5,2,[14  1],7,72,74,65,72
1,<environment.Job instance at 0x14811bf881e0>,4,15,[7 1],7,10,25,3,10
1,<environment.Job instance at 0x14811b130dc0>,5,2,[10  1],7,17,19,10,17
1,<environment.Job instance at 0x14811b130f00>,4,13,[ 1 13],6,465,478,459,465
1,<environment.Job instance at 0x1481692beaf0>,4,2,[1 8],9,9,11,0,9
1,<environment.Job instance at 0x1481702b8370>,4,27,[9 2],8,31,58,23,31
1,<environment.Job instance at 0x1481702b8cd0>,2,2,[11  1],4,64,66,60,64
1,<environment.Job instance at 0x1481499550a0>,8,1,[2 9],9,9,10,0,9
1,<environment.Job instance at 0x14811b52b0a0>,6,19,[5 1],8,10,29,2,10
1,<environment.Job instance at 0x14811b581550>,4,13,[ 2 10],8,8,21,0,8
1,<environment.Job instance at 0x14811f79c280>,1,21,[6 2],2,2,23,0,2
1,<environment.Job instance at 0x14811f79c9b0>,2,16,[6 1],4,15,31,11,15
1,<environment.Job instance at 0x14811fa4f7d0>,0,1,[ 1 10],2,3,4,1,3
1,<environment.Job instance at 0x14811b6df640>,0,27,[7 1],1,1,28,0,1
1,<environment.Job instance at 0x14811e1b0960>,3,16,[6 2],5,9,25,4,9
1,<environment.Job instance at 0x14811b53e690>,2,1,[8 1],5,5,6,0,5
1,<environment.Job instance at 0x14811b53e9b0>,1,1,[8 1],4,17,18,13,17
1,<environment.Job instance at 0x14814983af00>,4,23,[1 9],6,13,36,7,13
1,<environment.Job instance at 0x14814a240190>,5,2,[6 2],8,281,283,273,281
1,<environment.Job instance at 0x14811e4fff50>,0,16,[ 2 10],3,3,19,0,3
1,<environment.Job instance at 0x14811fa06cd0>,5,2,[13  1],8,348,350,340,348
1,<environment.Job instance at 0x14811ae487d0>,4,17,[6 1],8,9,26,1,9
1,<environment.Job instance at 0x14811ad23b40>,3,15,[7 2],6,6,21,0,6
1,<environment.Job instance at 0x1481499a1230>,3,2,[2 8],8,8,10,0,8
1,<environment.Job instance at 0x14811f5c7550>,5,2,[6 2],7,12,14,5,12
1,<environment.Job instance at 0x14811e161f00>,5,3,[13  1],7,96,99,89,96
1,<environment.Job instance at 0x14811e129230>,4,19,[8 1],8,10,29,2,10
1,<environment.Job instance at 0x14811e129b90>,5,1,[8 2],9,29,30,20,10
1,<environment.Job instance at 0x14811e129960>,2,1,[1 8],6,50,51,44,50
1,<environment.Job instance at 0x14811b203780>,0,14,[13  1],3,107,121,104,107
1,<environment.Job instance at 0x14811e129280>,3,2,[5 2],7,150,152,143,150
1,<environment.Job instance at 0x14811faabf50>,5,14,[9 1],6,6,20,0,6
1,<environment.Job instance at 0x14811faab0a0>,6,16,[5 1],8,8,24,0,8
1,<environment.Job instance at 0x14811faabf00>,7,28,[5 2],9,21,49,12,21
1,<environment.Job instance at 0x14811faab500>,1,3,[ 2 12],2,37,40,35,37
1,<environment.Job instance at 0x14811facd4b0>,2,12,[11  1],3,53,65,50,53
1,<environment.Job instance at 0x14811f774eb0>,2,1,[ 1 10],6,14,15,8,14
1,<environment.Job instance at 0x14811faa15a0>,1,26,[2 6],2,2,28,0,2
1,<environment.Job instance at 0x14811fac6460>,2,21,[2 7],4,4,25,0,4
1,<environment.Job instance at 0x14811b8cc8c0>,3,21,[1 5],9,9,30,0,9
1,<environment.Job instance at 0x14811acea0f0>,0,3,[ 2 13],4,74,77,70,74
1,<environment.Job instance at 0x148168057e60>,3,2,[1 9],5,5,7,0,5
1,<environment.Job instance at 0x14814983ba00>,6,2,[2 8],8,8,10,0,8
1,<environment.Job instance at 0x14811acff370>,0,2,[2 9],1,1,3,0,1
1,<environment.Job instance at 0x14816830d370>,3,1,[2 9],6,11,12,5,11
1,<environment.Job instance at 0x14811fa97aa0>,2,22,[2 8],4,7,29,3,7
1,<environment.Job instance at 0x14811b6265f0>,7,1,[10  2],9,9,10,0,9
1,<environment.Job instance at 0x14811b626910>,5,2,[ 1 12],7,328,330,321,328
1,<environment.Job instance at 0x14811fad2e10>,5,16,[5 1],9,16,32,7,16
1,<environment.Job instance at 0x148149937e60>,6,1,[6 1],8,8,9,0,8
1,<environment.Job instance at 0x14814a2e6960>,0,2,[2 8],2,2,4,0,2
1,<environment.Job instance at 0x14811b0f8910>,1,12,[2 8],6,6,18,0,6
1,<environment.Job instance at 0x14811e02a0f0>,4,2,[2 6],9,10,12,1,10
1,<environment.Job instance at 0x14811f57f1e0>,2,14,[6 1],6,16,30,10,16
1,<environment.Job instance at 0x14811f57ff00>,0,13,[ 1 14],2,204,217,202,204
1,<environment.Job instance at 0x148168bb4e60>,6,3,[5 1],9,9,12,0,9
1,<environment.Job instance at 0x148168bb47d0>,4,3,[7 2],6,21,24,15,21
1,<environment.Job instance at 0x148168bb4eb0>,2,2,[13  2],3,147,149,144,147
1,<environment.Job instance at 0x14811b170460>,2,1,[2 8],3,4,5,1,4
1,<environment.Job instance at 0x14811b170690>,5,3,[2 7],6,6,9,0,6
1,<environment.Job instance at 0x14811b1705a0>,6,1,[10  2],7,7,8,0,7
1,<environment.Job instance at 0x14811b170e10>,4,1,[2 8],5,8,9,3,8
1,<environment.Job instance at 0x14811b170640>,7,13,[2 7],8,9,22,1,9
1,<environment.Job instance at 0x14811b170c80>,8,2,[8 1],9,18,20,9,18
1,<environment.Job instance at 0x14811dfd0eb0>,3,2,[2 9],4,6,8,2,6
1,<environment.Job instance at 0x14814a37cf00>,7,3,[9 1],9,9,12,0,9
1,<environment.Job instance at 0x14811b32e5f0>,6,3,[9 1],8,21,24,13,21
1,<environment.Job instance at 0x14811dfd0d70>,4,17,[8 1],6,88,105,82,88
1,<environment.Job instance at 0x14811b170870>,1,1,[11  2],2,122,123,120,122
1,<environment.Job instance at 0x14811e5d7410>,2,1,[5 1],4,4,5,0,4
1,<environment.Job instance at 0x14811acaad20>,3,1,[2 7],5,5,6,0,5
1,<environment.Job instance at 0x14811ac52370>,4,22,[5 2],9,10,32,1,10
1,<environment.Job instance at 0x14811ac3ba00>,4,19,[7 2],8,8,27,0,8
1,<environment.Job instance at 0x14811ac3b730>,5,13,[5 2],9,11,24,2,11
1,<environment.Job instance at 0x148148306960>,2,1,[ 1 11],6,64,65,58,64
1,<environment.Job instance at 0x14811ac39a50>,0,1,[2 6],1,1,2,0,1
1,<environment.Job instance at 0x14811fa43190>,3,1,[2 9],4,5,6,1,5
1,<environment.Job instance at 0x14811fa43e60>,6,3,[7 2],8,12,15,4,12
1,<environment.Job instance at 0x14811fa434b0>,7,2,[7 1],9,13,15,4,13
1,<environment.Job instance at 0x14811fa43eb0>,4,21,[10  1],5,189,210,184,189
1,<environment.Job instance at 0x14811fa43dc0>,1,18,[ 1 12],2,225,243,223,225
1,<environment.Job instance at 0x14811e4615a0>,2,2,[ 1 10],3,5,7,2,5
1,<environment.Job instance at 0x14811e461690>,3,13,[6 1],4,5,18,1,5
1,<environment.Job instance at 0x14811e461f50>,7,3,[1 7],8,8,11,0,8
1,<environment.Job instance at 0x14811e4618c0>,6,3,[2 8],7,15,18,8,15
1,<environment.Job instance at 0x14811e461e10>,1,1,[ 2 12],2,20,21,18,20
1,<environment.Job instance at 0x14811fb352d0>,2,21,[5 2],4,4,25,0,4
1,<environment.Job instance at 0x14811bf8e690>,5,27,[6 1],9,10,37,1,10
1,<environment.Job instance at 0x14811fa62730>,4,1,[2 7],8,13,14,5,13
1,<environment.Job instance at 0x14811b69ef50>,2,15,[ 2 13],6,52,67,46,52
1,<environment.Job instance at 0x14811f572d20>,2,13,[7 1],5,8,21,3,8
1,<environment.Job instance at 0x14811f572aa0>,4,12,[2 6],7,94,106,87,94
1,<environment.Job instance at 0x14811f572dc0>,1,2,[12  2],4,320,322,316,320
1,<environment.Job instance at 0x14811adfa230>,5,1,[12  1],8,20,21,12,20
1,<environment.Job instance at 0x14816808a640>,1,1,[ 1 11],4,8,9,4,8
1,<environment.Job instance at 0x14811e3e5500>,3,23,[1 9],4,5,28,1,5
1,<environment.Job instance at 0x1481498ebc80>,5,1,[1 5],8,23,24,15,23
1,<environment.Job instance at 0x1481498eb550>,6,3,[9 1],9,31,34,22,31
1,<environment.Job instance at 0x1481498ebdc0>,1,3,[13  1],2,110,113,108,110
1,<environment.Job instance at 0x14811b5a2550>,1,1,[ 1 10],4,5,6,1,5
1,<environment.Job instance at 0x14811f719b90>,4,1,[1 9],8,9,10,1,9
1,<environment.Job instance at 0x14811b5d3f50>,5,26,[1 6],6,8,34,2,8
1,<environment.Job instance at 0x14811b5d3b40>,6,2,[8 1],7,11,13,4,11
1,<environment.Job instance at 0x14811b5d3550>,7,2,[6 1],8,13,15,5,13
1,<environment.Job instance at 0x1481680436e0>,1,3,[11  1],2,623,626,621,623
1,<environment.Job instance at 0x14811b6b9870>,1,17,[ 2 11],2,54,71,52,54
1,<environment.Job instance at 0x14811b6b9050>,2,25,[ 2 14],3,929,954,926,929
1,<environment.Job instance at 0x14811e166140>,2,23,[7 1],3,3,26,0,3
1,<environment.Job instance at 0x14811e166870>,3,22,[5 2],4,4,26,0,4
1,<environment.Job instance at 0x14811b81f3c0>,2,21,[5 1],4,4,25,0,4
1,<environment.Job instance at 0x14811e58ea50>,0,2,[ 2 10],1,1,3,0,1
1,<environment.Job instance at 0x14811af8b910>,1,3,[ 1 12],5,9,12,4,9
1,<environment.Job instance at 0x14811af8bc30>,2,1,[10  1],7,17,18,10,17
1,<environment.Job instance at 0x14811acb8f00>,3,24,[5 2],8,17,41,9,17
1,<environment.Job instance at 0x14811e3d94b0>,4,18,[8 1],8,31,49,23,31
1,<environment.Job instance at 0x14811ace6550>,6,3,[14  2],8,509,512,501,509
1,<environment.Job instance at 0x14811ae3ea50>,1,2,[5 1],3,7,9,4,7
1,<environment.Job instance at 0x14811ae3ec80>,2,1,[8 2],5,9,10,4,9
1,<environment.Job instance at 0x14811ae3eeb0>,4,3,[1 7],9,12,15,3,12
1,<environment.Job instance at 0x14811ae3e550>,3,25,[2 7],7,16,41,9,16
1,<environment.Job instance at 0x14811ae3ebe0>,0,2,[13  2],2,117,119,115,117
1,<environment.Job instance at 0x14811af00460>,5,1,[2 6],8,8,9,0,8
1,<environment.Job instance at 0x14811acbe5f0>,0,1,[1 7],3,4,5,1,4
1,<environment.Job instance at 0x14811acbe820>,1,1,[1 9],4,5,6,1,5
1,<environment.Job instance at 0x14811af205a0>,1,3,[14  1],2,17,20,15,17
1,<environment.Job instance at 0x14811b7dd140>,3,18,[5 1],8,32,50,24,32
1,<environment.Job instance at 0x14811e05e370>,6,22,[7 2],8,14,36,6,14
1,<environment.Job instance at 0x14811e05e460>,2,21,[2 7],5,5,26,0,5
1,<environment.Job instance at 0x14811c258d20>,2,21,[10  2],4,4,25,0,4
1,<environment.Job instance at 0x14811b65bc80>,1,1,[2 6],3,3,4,0,3
1,<environment.Job instance at 0x14811e4ce7d0>,5,3,[ 2 13],8,35,38,27,35
1,<environment.Job instance at 0x14811e4ceaf0>,2,17,[5 1],4,9,26,5,9
1,<environment.Job instance at 0x14811c23c870>,0,1,[ 1 12],1,1,2,0,1
1,<environment.Job instance at 0x14811afad730>,5,2,[2 7],8,8,10,0,8
1,<environment.Job instance at 0x14811afad5f0>,6,2,[9 2],9,11,13,2,11
1,<environment.Job instance at 0x14811afad2d0>,1,1,[13  1],3,211,212,208,211
1,<environment.Job instance at 0x14811f6b4280>,1,1,[ 1 10],3,5,6,2,5
1,<environment.Job instance at 0x14811dfec050>,1,17,[7 1],3,3,20,0,3
1,<environment.Job instance at 0x1481480c9af0>,3,3,[ 2 12],6,20,23,14,20
1,<environment.Job instance at 0x14811f6e6d20>,4,20,[10  2],7,10,30,3,10
1,<environment.Job instance at 0x14811f6e6be0>,1,2,[2 6],3,3,5,0,3
1,<environment.Job instance at 0x14811b13a7d0>,2,1,[2 6],4,4,5,0,4
1,<environment.Job instance at 0x14811b3be6e0>,3,12,[ 1 13],6,101,113,95,101
1,<environment.Job instance at 0x148168384140>,2,25,[2 9],5,6,31,1,6
1,<environment.Job instance at 0x14811b156780>,2,1,[5 2],4,4,5,0,4
1,<environment.Job instance at 0x14811b1560f0>,4,2,[ 2 10],6,6,8,0,6
1,<environment.Job instance at 0x1481480b0190>,5,1,[8 1],7,7,8,0,7
1,<environment.Job instance at 0x1481480b00a0>,6,1,[5 1],8,8,9,0,8
1,<environment.Job instance at 0x1481480b0aa0>,7,1,[5 1],9,9,10,0,9
1,<environment.Job instance at 0x14811b1560a0>,0,1,[ 2 12],1,28,29,27,28
1,<environment.Job instance at 0x14811b83b500>,5,22,[6 2],6,8,30,2,8
1,<environment.Job instance at 0x14811b53f9b0>,4,1,[2 7],5,9,10,4,9
1,<environment.Job instance at 0x14811b83bd70>,7,12,[1 6],9,76,88,67,76
1,<environment.Job instance at 0x14811b53f820>,3,3,[ 2 13],4,201,204,197,201
1,<environment.Job instance at 0x14811b753aa0>,7,17,[10  1],9,34,51,25,34
1,<environment.Job instance at 0x14811e41a3c0>,4,28,[1 5],7,8,36,1,8
1,<environment.Job instance at 0x14811afa8820>,5,18,[2 6],9,15,33,6,15
1,<environment.Job instance at 0x14811afa81e0>,2,1,[1 6],5,34,35,29,34
1,<environment.Job instance at 0x14811afa8230>,3,16,[ 1 11],6,121,137,115,121
1,<environment.Job instance at 0x14811afa8eb0>,4,28,[1 9],8,371,399,363,371
1,<environment.Job instance at 0x14811afa8c30>,1,17,[14  2],4,443,460,439,443
1,<environment.Job instance at 0x1481498ed870>,4,2,[12  1],5,16,18,11,16
1,<environment.Job instance at 0x1481498edc30>,6,16,[7 1],8,18,34,10,17
1,<environment.Job instance at 0x14816830d690>,7,1,[ 1 12],9,17,18,8,17
1,<environment.Job instance at 0x14816830d8c0>,0,2,[ 2 10],1,2,4,1,2
1,<environment.Job instance at 0x1481498debe0>,4,2,[2 7],7,8,10,1,8
1,<environment.Job instance at 0x1481498de050>,6,3,[1 8],9,9,12,0,9
1,<environment.Job instance at 0x1481498dee10>,0,18,[ 2 13],1,163,181,162,163
1,<environment.Job instance at 0x14811e6b8140>,3,2,[ 2 14],8,16,18,8,16
1,<environment.Job instance at 0x14811b88e550>,4,18,[8 2],6,12,30,6,12
1,<environment.Job instance at 0x14811b64c9b0>,0,2,[ 2 10],1,1,3,0,1
1,<environment.Job instance at 0x14811f6d8230>,2,2,[9 1],3,5,7,2,5
1,<environment.Job instance at 0x14811b259a50>,5,14,[1 5],9,12,26,3,12
1,<environment.Job instance at 0x14811f6d80f0>,1,2,[14  1],2,89,91,87,89
1,<environment.Job instance at 0x14816801dd20>,3,1,[ 2 14],5,5,6,0,5
1,<environment.Job instance at 0x14811e52a050>,2,14,[7 1],7,8,22,1,8
1,<environment.Job instance at 0x14814998af00>,6,27,[2 7],9,240,267,231,240
1,<environment.Job instance at 0x14814998a4b0>,3,13,[ 2 12],4,311,324,307,311
1,<environment.Job instance at 0x14811addf0f0>,1,28,[8 1],2,3,31,1,3
1,<environment.Job instance at 0x14811f5898c0>,5,23,[1 9],8,10,33,2,10
1,<environment.Job instance at 0x14811b369140>,1,3,[12  1],6,9,12,3,9
1,<environment.Job instance at 0x1481480a9eb0>,3,23,[6 2],6,7,30,1,7
1,<environment.Job instance at 0x14814a3adeb0>,2,2,[1 9],3,3,5,0,3
1,<environment.Job instance at 0x148148301870>,5,2,[2 7],7,8,10,1,8
1,<environment.Job instance at 0x148148301820>,4,3,[ 2 12],6,20,23,14,20
1,<environment.Job instance at 0x148148301a50>,6,3,[2 8],8,23,26,15,21
1,<environment.Job instance at 0x148148301c30>,4,21,[1 7],8,8,29,0,8
1,<environment.Job instance at 0x14811b622aa0>,4,2,[2 8],8,13,15,5,13
1,<environment.Job instance at 0x14811b6229b0>,5,2,[1 5],9,21,23,12,21
1,<environment.Job instance at 0x14811b3448c0>,2,3,[ 2 13],4,30,33,26,30
1,<environment.Job instance at 0x14811f620fa0>,1,1,[ 1 10],4,6,7,2,6
1,<environment.Job instance at 0x148149839f50>,0,14,[12  1],2,3,17,1,3
1,<environment.Job instance at 0x148149839640>,5,12,[2 5],8,9,21,1,9
1,<environment.Job instance at 0x148149839a50>,3,1,[5 2],6,17,18,11,15
1,<environment.Job instance at 0x148149839460>,4,2,[1 8],7,286,288,279,286
1,<environment.Job instance at 0x14811b148aa0>,5,20,[7 2],7,7,27,0,7
1,<environment.Job instance at 0x14811e015410>,6,2,[8 2],9,9,11,0,9
1,<environment.Job instance at 0x14811b8cf140>,2,1,[ 1 13],3,10,11,7,10
1,<environment.Job instance at 0x14811e015820>,5,18,[ 1 10],7,1328,1346,1321,1328
1,<environment.Job instance at 0x14811b455820>,3,24,[7 1],5,5,29,0,5
1,<environment.Job instance at 0x14811ae765f0>,5,12,[9 2],6,48,60,42,48
1,<environment.Job instance at 0x148168c2b690>,7,14,[8 2],9,296,310,287,296
1,<environment.Job instance at 0x148168c2b500>,4,2,[14  1],5,521,523,516,521
1,<environment.Job instance at 0x148168c2d690>,7,12,[ 1 12],9,107,119,98,107
1,<environment.Job instance at 0x14811ae72c30>,2,1,[5 1],4,4,5,0,4
1,<environment.Job instance at 0x14811ae72cd0>,3,3,[ 1 13],7,215,218,208,215
1,<environment.Job instance at 0x14811ae722d0>,1,2,[12  1],5,274,276,269,274
1,<environment.Job instance at 0x14811b87ceb0>,5,1,[7 2],7,7,8,0,7
1,<environment.Job instance at 0x14811b87c410>,4,1,[5 2],6,8,9,2,8
1,<environment.Job instance at 0x14811b87c370>,7,2,[7 1],9,18,20,9,18
1,<environment.Job instance at 0x14811b87c3c0>,3,1,[ 1 12],4,74,75,70,74
1,<environment.Job instance at 0x1481480b0320>,5,2,[10  2],6,8,10,2,8
1,<environment.Job instance at 0x1481480b0230>,3,1,[ 1 10],4,10,11,6,10
1,<environment.Job instance at 0x1481480b0e60>,7,1,[2 5],8,10,11,2,10
1,<environment.Job instance at 0x1481480b0be0>,6,3,[2 6],7,264,267,257,264
1,<environment.Job instance at 0x14811c25fcd0>,2,19,[8 2],3,3,22,0,3
1,<environment.Job instance at 0x14811fb33460>,8,1,[2 5],9,24,25,15,24
1,<environment.Job instance at 0x14811b363550>,2,1,[2 7],4,5,6,1,5
1,<environment.Job instance at 0x14814a2ff0f0>,5,1,[6 1],7,10,11,3,10
1,<environment.Job instance at 0x14814a2ff280>,6,1,[9 1],8,11,12,3,11
1,<environment.Job instance at 0x14814a2ffc80>,7,21,[1 7],9,70,91,61,70
1,<environment.Job instance at 0x14814a2ffa50>,4,2,[11  2],6,152,154,146,152
1,<environment.Job instance at 0x14811d5020a0>,6,1,[2 7],9,9,10,0,9
1,<environment.Job instance at 0x14814a2ffa50>,2,3,[13  2],4,556,559,552,556
1,<environment.Job instance at 0x14811b7396e0>,4,18,[ 2 13],6,62,80,56,62
1,<environment.Job instance at 0x14811bf423c0>,4,2,[ 1 10],8,9,11,1,9
1,<environment.Job instance at 0x14811bf42c30>,2,2,[2 5],6,14,16,8,14
1,<environment.Job instance at 0x14811bf420f0>,3,19,[7 1],7,42,61,35,42
1,<environment.Job instance at 0x14811bf42500>,0,3,[14  2],1,586,589,585,586
1,<environment.Job instance at 0x14811e5cb820>,4,3,[13  2],6,150,153,144,150
1,<environment.Job instance at 0x1481680267d0>,2,2,[10  1],4,4,6,0,4
1,<environment.Job instance at 0x148168026190>,3,2,[1 5],5,5,7,0,5
1,<environment.Job instance at 0x148168026aa0>,0,1,[ 2 13],1,7,8,6,5
1,<environment.Job instance at 0x14811b01fdc0>,4,3,[6 1],9,9,12,0,9
1,<environment.Job instance at 0x14811b01f0a0>,0,2,[11  1],2,17,19,15,17
1,<environment.Job instance at 0x14811b01fb40>,2,1,[1 8],6,20,21,14,20
1,<environment.Job instance at 0x14811b720960>,4,16,[6 1],6,8,24,2,8
1,<environment.Job instance at 0x148168c2f500>,6,16,[14  2],8,73,89,65,73
1,<environment.Job instance at 0x14814a242be0>,2,21,[2 9],5,5,26,0,5
1,<environment.Job instance at 0x14814a242820>,5,2,[2 6],9,534,536,525,534
1,<environment.Job instance at 0x14814a2420a0>,3,3,[14  1],7,941,944,934,941
1,<environment.Job instance at 0x14811ad44370>,1,1,[1 7],2,4,5,2,4
1,<environment.Job instance at 0x14811cac8280>,4,1,[2 7],6,8,9,2,8
1,<environment.Job instance at 0x14811cac8820>,5,1,[5 1],7,8,9,1,8
1,<environment.Job instance at 0x14811ad44c80>,0,2,[14  2],1,238,240,237,238
1,<environment.Job instance at 0x14811b307dc0>,4,15,[ 1 10],5,5,20,0,5
1,<environment.Job instance at 0x14811bf1aa50>,4,23,[6 2],8,9,32,1,9
1,<environment.Job instance at 0x14811b30a820>,2,22,[5 2],3,3,25,0,3
1,<environment.Job instance at 0x148168c2daa0>,2,3,[14  2],7,465,468,458,465
1,<environment.Job instance at 0x14811b615370>,2,3,[1 5],7,15,18,8,15
1,<environment.Job instance at 0x14811b615d20>,1,3,[ 2 12],6,26,29,20,26
1,<environment.Job instance at 0x1481702b4fa0>,4,2,[7 2],9,86,88,77,86
1,<environment.Job instance at 0x14811ac04e60>,5,3,[2 7],8,29,32,21,29
1,<environment.Job instance at 0x14811ac042d0>,3,16,[ 2 14],6,39,55,33,39
1,<environment.Job instance at 0x14814983b690>,1,1,[2 9],4,4,5,0,4
1,<environment.Job instance at 0x14814a2d04b0>,3,1,[5 2],8,8,9,0,8
1,<environment.Job instance at 0x14811ae656e0>,2,3,[ 2 13],4,21,24,17,21
1,<environment.Job instance at 0x148172954eb0>,1,2,[1 8],2,2,4,0,2
1,<environment.Job instance at 0x14811b451cd0>,5,1,[8 1],6,6,7,0,6
1,<environment.Job instance at 0x14811b451b40>,6,1,[10  2],7,8,9,1,8
1,<environment.Job instance at 0x14811b451460>,7,2,[1 5],8,8,10,0,8
1,<environment.Job instance at 0x14811b451640>,8,2,[ 1 10],9,9,11,0,9
1,<environment.Job instance at 0x148168bc4820>,1,2,[ 2 13],2,20,22,18,20
1,<environment.Job instance at 0x14811f690a50>,0,22,[8 2],3,3,25,0,3
1,<environment.Job instance at 0x14811f690500>,1,26,[7 1],6,6,32,0,6
1,<environment.Job instance at 0x14811ae72dc0>,3,24,[ 2 12],5,6,30,1,6
1,<environment.Job instance at 0x14811ae72c30>,2,26,[1 5],3,4,30,1,4
1,<environment.Job instance at 0x14811f601690>,4,3,[9 1],6,15,18,9,15
1,<environment.Job instance at 0x14811f601c30>,6,16,[ 1 11],8,20,36,12,20
1,<environment.Job instance at 0x14811b8ce3c0>,3,3,[11  1],5,75,78,70,75
1,<environment.Job instance at 0x148149868870>,4,1,[11  1],9,60,61,51,60
1,<environment.Job instance at 0x14811e517a00>,6,1,[11  1],7,11,12,4,11
1,<environment.Job instance at 0x14811b4c4820>,0,1,[1 6],1,1,2,0,1
1,<environment.Job instance at 0x14811c009870>,6,22,[ 1 10],9,10,32,1,10
1,<environment.Job instance at 0x14811b47faa0>,7,21,[8 2],9,9,30,0,9
1,<environment.Job instance at 0x14811b8cf4b0>,6,17,[ 2 13],9,23,40,14,23
1,<environment.Job instance at 0x14811e1b60a0>,0,23,[2 7],1,1,24,0,1
1,<environment.Job instance at 0x14811b639f50>,1,28,[6 2],3,3,31,0,3
1,<environment.Job instance at 0x148168bca370>,0,2,[2 8],1,1,3,0,1
1,<environment.Job instance at 0x14811f603e60>,5,2,[6 2],8,11,13,3,11
1,<environment.Job instance at 0x148168bca870>,3,18,[ 1 14],6,19,37,13,19
1,<environment.Job instance at 0x14811f603280>,4,1,[2 7],7,39,40,32,39
1,<environment.Job instance at 0x148168bd5820>,2,2,[10  2],3,3,5,0,3
1,<environment.Job instance at 0x148168bd5d70>,4,17,[10  2],8,16,33,8,16
1,<environment.Job instance at 0x148168bd59b0>,4,2,[6 2],5,6,8,1,6
1,<environment.Job instance at 0x14811fae3af0>,5,2,[9 1],8,8,10,0,8
1,<environment.Job instance at 0x14811fae3f00>,2,1,[ 1 11],3,37,38,34,37
1,<environment.Job instance at 0x14811fae3c80>,3,23,[11  2],4,55,78,51,55
1,<environment.Job instance at 0x14811fae3c80>,2,21,[12  1],5,8,29,3,8
1,<environment.Job instance at 0x14811bf422d0>,4,21,[6 1],8,9,30,1,9
1,<environment.Job instance at 0x14814989fc30>,1,1,[1 9],2,3,4,1,3
1,<environment.Job instance at 0x14814989f9b0>,4,17,[ 1 12],6,34,51,28,34
1,<environment.Job instance at 0x14814989f8c0>,2,14,[1 8],3,61,75,58,61
1,<environment.Job instance at 0x14811fae7140>,2,16,[9 1],5,7,23,2,7
1,<environment.Job instance at 0x14811f6708c0>,5,2,[1 6],9,9,11,0,9
1,<environment.Job instance at 0x14811afe7690>,4,22,[9 1],8,12,34,4,12
1,<environment.Job instance at 0x14811b5e0e60>,4,2,[2 6],6,9,11,3,9
1,<environment.Job instance at 0x14811b5e00f0>,5,20,[1 8],8,10,30,2,10
1,<environment.Job instance at 0x14811b5e0af0>,6,1,[2 5],9,11,12,2,10
1,<environment.Job instance at 0x14811e1615f0>,0,16,[11  1],1,12,28,11,12
1,<environment.Job instance at 0x14811e166aa0>,1,18,[7 2],2,30,48,28,30
1,<environment.Job instance at 0x14811b5e0140>,3,12,[1 5],4,35,47,31,35
1,<environment.Job instance at 0x14811f5ae910>,3,2,[2 5],5,5,7,0,5
1,<environment.Job instance at 0x14811b6d8690>,4,16,[5 1],6,16,32,10,16
1,<environment.Job instance at 0x14811b6d8960>,6,2,[ 1 12],9,21,23,12,21
1,<environment.Job instance at 0x14811f7642d0>,0,13,[9 2],2,2,15,0,2
1,<environment.Job instance at 0x14811f707230>,0,2,[2 8],1,2,4,1,2
1,<environment.Job instance at 0x14811b0192d0>,5,2,[2 8],9,9,11,0,9
1,<environment.Job instance at 0x14811e574af0>,0,1,[1 7],2,3,4,1,3
1,<environment.Job instance at 0x14811b2bd320>,3,2,[ 1 10],4,4,6,0,4
1,<environment.Job instance at 0x14811b2bd8c0>,1,1,[ 2 10],2,6,7,4,4
1,<environment.Job instance at 0x14811b2bd0f0>,8,23,[6 2],9,9,32,0,9
1,<environment.Job instance at 0x14811df43d70>,5,1,[1 7],7,21,22,14,21
1,<environment.Job instance at 0x14811ae72730>,4,3,[ 1 14],6,54,57,48,54
1,<environment.Job instance at 0x14811af6feb0>,0,1,[ 2 13],2,2,3,0,2
1,<environment.Job instance at 0x148148051c80>,3,16,[5 1],8,31,47,23,31
1,<environment.Job instance at 0x148148051eb0>,0,1,[12  1],2,126,127,124,126
1,<environment.Job instance at 0x14811b09e780>,5,12,[12  1],7,22,34,15,22
1,<environment.Job instance at 0x14811b09ee10>,7,24,[9 2],9,34,58,25,29
1,<environment.Job instance at 0x14811b09ec30>,6,3,[ 1 11],8,134,137,126,134
1,<environment.Job instance at 0x14811adfa870>,3,17,[7 1],4,4,21,0,4
1,<environment.Job instance at 0x14811aedbc80>,2,18,[6 2],4,4,22,0,4
1,<environment.Job instance at 0x14811ad57b40>,0,2,[1 6],1,1,3,0,1
1,<environment.Job instance at 0x14811b2c5e60>,3,1,[2 7],6,19,20,13,19
1,<environment.Job instance at 0x14811b2c5550>,4,16,[5 2],9,22,38,13,22
1,<environment.Job instance at 0x14811ed20960>,0,1,[11  2],1,91,92,90,91
1,<environment.Job instance at 0x14811ace6aa0>,1,22,[12  1],3,5,27,2,5
1,<environment.Job instance at 0x14811ace6280>,3,3,[8 2],5,34,37,29,34
1,<environment.Job instance at 0x14814a26f230>,5,3,[ 2 11],8,10,13,2,10
1,<environment.Job instance at 0x14811ad37910>,2,2,[6 1],3,41,43,38,41
1,<environment.Job instance at 0x14811ad37640>,0,2,[11  1],1,94,96,93,94
1,<environment.Job instance at 0x14811b20a730>,1,21,[7 1],4,4,25,0,4
1,<environment.Job instance at 0x14814986b460>,2,15,[14  2],3,45,60,42,45
1,<environment.Job instance at 0x14811f7817d0>,5,1,[6 2],8,60,61,52,47
1,<environment.Job instance at 0x14811ad9ff50>,4,3,[12  2],8,14,17,6,14
1,<environment.Job instance at 0x14811b72f730>,7,3,[5 2],8,14,17,6,14
1,<environment.Job instance at 0x14811b72fcd0>,5,14,[ 2 13],6,28,42,22,28
1,<environment.Job instance at 0x14811b72f500>,8,1,[ 1 13],9,50,51,41,50
1,<environment.Job instance at 0x14814a3446e0>,4,27,[8 2],6,6,33,0,6
1,<environment.Job instance at 0x14814a344050>,7,3,[1 5],9,20,23,11,20
1,<environment.Job instance at 0x14814a344d20>,6,3,[ 1 14],8,78,81,70,78
1,<environment.Job instance at 0x14811b28f780>,5,3,[2 7],6,6,9,0,6
1,<environment.Job instance at 0x14811b28f8c0>,2,2,[10  1],3,18,20,15,18
1,<environment.Job instance at 0x14811b28ff50>,4,3,[1 8],5,159,162,154,159
1,<environment.Job instance at 0x14814a2c6c80>,1,1,[ 1 10],7,46,47,39,46
1,<environment.Job instance at 0x14811f726230>,5,15,[13  1],8,119,134,111,119
1,<environment.Job instance at 0x14811e3e2fa0>,1,3,[ 2 12],3,5,8,2,5
1,<environment.Job instance at 0x14811f707d20>,0,25,[1 6],1,1,26,0,1
1,<environment.Job instance at 0x14811e69c6e0>,4,3,[1 5],7,66,69,59,66
1,<environment.Job instance at 0x14814a335550>,2,3,[ 2 11],3,77,80,74,77
1,<environment.Job instance at 0x14811f79b550>,4,23,[1 6],7,36,59,29,36
1,<environment.Job instance at 0x14811f6eb050>,2,3,[1 7],4,7,10,3,7
1,<environment.Job instance at 0x14811f6eb820>,4,18,[1 7],6,7,25,1,7
1,<environment.Job instance at 0x14811f79b550>,6,3,[ 1 10],8,25,28,17,8
1,<environment.Job instance at 0x14811f6ebeb0>,5,2,[2 9],7,30,32,23,30
1,<environment.Job instance at 0x148148097320>,0,2,[12  2],2,61,63,59,61
1,<environment.Job instance at 0x14811f6eb0a0>,3,19,[10  1],5,198,217,193,198
1,<environment.Job instance at 0x14811e1265a0>,2,1,[1 9],8,11,12,3,11
1,<environment.Job instance at 0x148168079fa0>,0,24,[11  1],1,1,25,0,1
1,<environment.Job instance at 0x14811ad87f00>,5,1,[ 2 11],9,25,26,16,25
1,<environment.Job instance at 0x148149786230>,0,28,[2 9],1,1,29,0,1
1,<environment.Job instance at 0x14811f68fe60>,3,15,[5 1],6,6,21,0,6
1,<environment.Job instance at 0x14811af3b280>,5,3,[ 2 11],6,25,28,19,25
1,<environment.Job instance at 0x1481498275f0>,3,27,[9 1],5,6,33,1,6
1,<environment.Job instance at 0x14811e4d25f0>,1,2,[1 8],3,3,5,0,3
1,<environment.Job instance at 0x14814a203280>,4,2,[ 2 11],9,9,11,0,9
1,<environment.Job instance at 0x14814a2c6140>,6,3,[ 2 14],8,24,27,16,24
1,<environment.Job instance at 0x14811b811af0>,4,1,[1 9],8,28,29,20,28
1,<environment.Job instance at 0x14811e55bdc0>,5,2,[14  2],8,129,131,121,129
1,<environment.Job instance at 0x14811c241910>,3,3,[13  1],5,168,171,163,168
1,<environment.Job instance at 0x14811e55b870>,6,19,[8 1],8,8,27,0,8
1,<environment.Job instance at 0x14811bf00c30>,0,2,[1 7],4,4,6,0,4
1,<environment.Job instance at 0x14814a2034b0>,3,2,[1 6],4,21,23,17,21
1,<environment.Job instance at 0x14814a203eb0>,5,1,[ 1 14],6,71,72,65,71
1,<environment.Job instance at 0x14811b1c0c80>,5,1,[ 1 10],8,13,14,5,13
1,<environment.Job instance at 0x148149994d70>,2,22,[2 7],6,8,30,2,8
1,<environment.Job instance at 0x148149994550>,4,2,[14  1],9,30,32,21,11
1,<environment.Job instance at 0x14811fb47be0>,0,1,[ 1 11],2,220,221,218,220
1,<environment.Job instance at 0x148149994f50>,1,15,[13  2],3,634,649,631,634
1,<environment.Job instance at 0x148149994410>,3,15,[7 1],7,956,971,949,956
1,<environment.Job instance at 0x14811b274140>,2,15,[9 1],3,8,23,5,8
1,<environment.Job instance at 0x1481497d5cd0>,0,2,[5 2],1,1,3,0,1
1,<environment.Job instance at 0x14811e198280>,3,1,[8 1],7,7,8,0,7
1,<environment.Job instance at 0x14811b2e4aa0>,4,15,[8 1],8,18,33,10,18
1,<environment.Job instance at 0x14811b2e48c0>,2,18,[ 1 14],6,37,55,31,37
1,<environment.Job instance at 0x14811af02410>,5,27,[1 5],6,9,36,3,9
1,<environment.Job instance at 0x14811af02050>,8,3,[8 1],9,36,39,27,36
1,<environment.Job instance at 0x14811b753820>,1,2,[ 2 12],2,3,5,1,3
1,<environment.Job instance at 0x14811b5ee230>,0,2,[2 6],1,1,3,0,1
1,<environment.Job instance at 0x14811e676fa0>,5,16,[7 2],9,14,30,5,14
1,<environment.Job instance at 0x14811b4e4410>,1,12,[12  2],2,246,258,244,246
1,<environment.Job instance at 0x14811aac93c0>,0,2,[1 8],2,2,4,0,2
1,<environment.Job instance at 0x14811c23ff50>,3,1,[2 7],7,11,12,4,11
1,<environment.Job instance at 0x14811c23f960>,4,16,[7 2],8,15,31,7,15
1,<environment.Job instance at 0x14811c23fd70>,1,1,[ 2 13],2,29,30,27,29
1,<environment.Job instance at 0x1481497ba910>,6,3,[8 1],9,12,15,3,12
1,<environment.Job instance at 0x1481497bae10>,4,2,[5 1],5,15,17,10,15
1,<environment.Job instance at 0x1481497ba230>,2,3,[13  2],3,354,357,351,354
1,<environment.Job instance at 0x14811b7517d0>,5,28,[9 1],7,8,36,1,8
1,<environment.Job instance at 0x14811b7510a0>,2,1,[ 1 10],3,74,75,71,74
1,<environment.Job instance at 0x14811b751be0>,6,1,[ 1 12],8,360,361,352,360
1,<environment.Job instance at 0x14811e5080f0>,2,15,[ 1 13],5,8,23,3,8
1,<environment.Job instance at 0x14811b1776e0>,3,18,[1 5],7,38,56,31,38
1,<environment.Job instance at 0x14811aae30f0>,0,2,[ 1 10],1,2,4,1,2
1,<environment.Job instance at 0x14811e508cd0>,2,18,[6 2],5,6,24,1,6
1,<environment.Job instance at 0x14811af45cd0>,3,2,[2 7],5,8,10,3,8
1,<environment.Job instance at 0x14811af458c0>,4,3,[1 8],6,8,11,2,8
1,<environment.Job instance at 0x14811af45d70>,5,16,[2 5],8,714,730,706,714
1,<environment.Job instance at 0x14811e673af0>,5,3,[7 2],9,9,12,0,9
1,<environment.Job instance at 0x14814a359050>,3,3,[5 1],4,48,51,44,48
1,<environment.Job instance at 0x14811b6cd320>,0,12,[ 1 13],1,299,311,298,299
1,<environment.Job instance at 0x14811b30f410>,2,21,[2 7],7,8,29,1,8
1,<environment.Job instance at 0x148168c2d820>,2,3,[12  1],5,11,14,6,11
1,<environment.Job instance at 0x14811acde550>,5,2,[14  2],9,79,81,70,79
1,<environment.Job instance at 0x14811fad40a0>,2,15,[9 1],5,5,20,0,5
1,<environment.Job instance at 0x148168027870>,0,2,[7 2],1,1,3,0,1
1,<environment.Job instance at 0x14811e5be0f0>,3,2,[1 9],4,7,9,3,7
1,<environment.Job instance at 0x148149791d70>,5,1,[2 7],7,9,10,2,7
1,<environment.Job instance at 0x1481497915f0>,6,3,[1 5],8,9,12,1,9
1,<environment.Job instance at 0x148149791c80>,7,2,[1 9],9,10,12,1,9
1,<environment.Job instance at 0x1481497765f0>,1,2,[11  1],2,11,13,9,11
1,<environment.Job instance at 0x14814a256f00>,1,26,[6 2],2,4,30,2,4
1,<environment.Job instance at 0x14811b82bc80>,7,3,[2 9],9,9,12,0,9
1,<environment.Job instance at 0x14811b82ba50>,5,1,[ 1 14],7,30,31,23,16
1,<environment.Job instance at 0x14814a2569b0>,6,2,[ 1 11],8,32,34,24,32
1,<environment.Job instance at 0x14811e0e1640>,3,1,[ 1 10],4,6,7,2,6
1,<environment.Job instance at 0x148149909500>,6,1,[5 1],9,9,10,0,9
1,<environment.Job instance at 0x1481499091e0>,5,20,[8 1],7,9,29,2,9
1,<environment.Job instance at 0x14811e0e1820>,2,20,[8 2],3,37,57,34,37
1,<environment.Job instance at 0x14811e0e1b40>,1,13,[ 1 13],2,153,166,151,153
1,<environment.Job instance at 0x14814a2dbe60>,1,1,[2 7],2,4,5,2,4
1,<environment.Job instance at 0x14811b5f16e0>,7,2,[2 6],9,9,11,0,9
1,<environment.Job instance at 0x14811e6998c0>,6,1,[2 6],9,41,42,32,41
1,<environment.Job instance at 0x14811ad603c0>,2,12,[ 1 11],5,348,360,343,348
1,<environment.Job instance at 0x14811bf90910>,3,3,[1 7],5,29,32,24,29
1,<environment.Job instance at 0x14811b0fe370>,2,12,[12  2],3,239,251,236,239
1,<environment.Job instance at 0x14811b62acd0>,6,12,[10  1],8,13,25,5,13
1,<environment.Job instance at 0x1481497609b0>,4,1,[ 2 10],9,10,11,1,10
1,<environment.Job instance at 0x1481497609b0>,4,12,[8 1],5,8,20,3,8
1,<environment.Job instance at 0x14811b806550>,4,12,[13  1],9,150,162,141,150
1,<environment.Job instance at 0x14811f713d20>,0,12,[11  2],1,22,34,21,22
1,<environment.Job instance at 0x14811f713550>,1,15,[12  2],2,505,520,503,505
1,<environment.Job instance at 0x14811dfd40a0>,0,19,[5 2],2,2,21,0,2
1,<environment.Job instance at 0x14811b39f690>,3,3,[ 1 10],4,4,7,0,4
1,<environment.Job instance at 0x14811bf26be0>,4,16,[8 1],5,5,21,0,5
1,<environment.Job instance at 0x14811bf26640>,7,1,[1 9],9,9,10,0,9
1,<environment.Job instance at 0x14811bf26d70>,5,2,[2 9],7,14,16,7,14
1,<environment.Job instance at 0x14811b39fc30>,6,13,[8 2],8,27,40,19,27
1,<environment.Job instance at 0x14811e4614b0>,5,15,[1 6],8,8,23,0,8
1,<environment.Job instance at 0x14811e461eb0>,3,2,[2 6],4,9,11,5,9
1,<environment.Job instance at 0x14811bf266e0>,2,1,[ 2 10],3,23,24,20,21
1,<environment.Job instance at 0x14811e461e60>,6,2,[7 2],9,46,48,37,46
1,<environment.Job instance at 0x14811bf26690>,1,3,[ 1 11],2,63,66,61,63
1,<environment.Job instance at 0x14811e461c80>,4,3,[10  2],5,76,79,71,76
1,<environment.Job instance at 0x14811e508960>,0,2,[2 7],2,2,4,0,2
1,<environment.Job instance at 0x14811b13a410>,5,1,[1 9],9,9,10,0,9
1,<environment.Job instance at 0x14811b69e410>,6,1,[8 1],8,8,9,0,8
1,<environment.Job instance at 0x14811b69e190>,7,2,[1 6],9,10,12,1,10
1,<environment.Job instance at 0x14811b508be0>,4,2,[2 9],5,43,45,38,43
1,<environment.Job instance at 0x14811b508190>,5,2,[8 2],6,98,100,92,98
1,<environment.Job instance at 0x14811b3b7be0>,1,1,[12  1],2,298,299,296,298
1,<environment.Job instance at 0x14811f6eb140>,4,16,[2 7],6,10,26,4,10
1,<environment.Job instance at 0x14811f6eb9b0>,5,2,[ 1 10],7,26,28,19,15
1,<environment.Job instance at 0x14811f6ebb90>,6,3,[9 2],8,18,21,10,18
1,<environment.Job instance at 0x14811f6eb410>,7,2,[5 2],9,21,23,12,20
1,<environment.Job instance at 0x14811b2fcd70>,0,3,[14  2],1,41,44,40,41
1,<environment.Job instance at 0x14811b2fceb0>,2,17,[7 1],3,44,61,41,43
1,<environment.Job instance at 0x1481498a1dc0>,4,1,[1 6],8,8,9,0,8
1,<environment.Job instance at 0x14811b70df50>,6,28,[5 2],8,13,41,5,13
1,<environment.Job instance at 0x14811b70d140>,4,3,[2 9],5,16,19,11,16
1,<environment.Job instance at 0x148148097230>,0,13,[9 2],1,1,14,0,1
1,<environment.Job instance at 0x14811f561aa0>,3,2,[ 1 11],5,5,7,0,5
1,<environment.Job instance at 0x1481480bec30>,1,23,[1 6],3,3,26,0,3
1,<environment.Job instance at 0x14811e60f870>,1,1,[ 1 14],3,3,4,0,3
1,<environment.Job instance at 0x14811e60fcd0>,2,2,[14  2],5,113,115,108,113
1,<environment.Job instance at 0x14811ae35d70>,4,15,[10  1],9,12,27,3,12
1,<environment.Job instance at 0x14811b6160a0>,0,1,[1 6],3,3,4,0,3
1,<environment.Job instance at 0x14811f6e2f00>,0,2,[ 1 10],1,1,3,0,1
1,<environment.Job instance at 0x14811b863af0>,2,18,[9 1],6,6,24,0,6
1,<environment.Job instance at 0x14811c24a460>,4,12,[ 1 11],8,1621,1633,1613,1621
1,<environment.Job instance at 0x14811b2ae7d0>,0,2,[1 7],1,1,3,0,1
1,<environment.Job instance at 0x14811fa8af00>,7,1,[ 2 10],9,24,25,15,24
1,<environment.Job instance at 0x14814a1e5500>,3,19,[10  1],4,7,26,3,7
1,<environment.Job instance at 0x14814a279aa0>,3,27,[13  1],4,6,33,2,6
1,<environment.Job instance at 0x14811e0e7190>,3,1,[2 7],6,7,8,1,7
1,<environment.Job instance at 0x14811ad9f4b0>,3,3,[11  2],6,149,152,143,149
1,<environment.Job instance at 0x14811d4ea4b0>,4,3,[ 1 10],8,8,11,0,8
1,<environment.Job instance at 0x14811b6c1fa0>,4,18,[ 1 14],8,110,128,102,110
1,<environment.Job instance at 0x14811e5c7c30>,2,23,[1 6],4,4,27,0,4
1,<environment.Job instance at 0x14811b6ab730>,5,2,[13  1],7,47,49,40,47
1,<environment.Job instance at 0x14811b70e230>,3,1,[2 8],4,6,7,2,6
1,<environment.Job instance at 0x148168391370>,3,1,[8 1],5,63,64,58,63
1,<environment.Job instance at 0x14811c2445f0>,1,13,[13  1],2,134,147,132,134
1,<environment.Job instance at 0x14811ac0d230>,0,1,[1 8],1,2,3,1,2
1,<environment.Job instance at 0x14811ac0d190>,2,27,[7 1],3,3,30,0,3
1,<environment.Job instance at 0x14811ae720f0>,2,1,[1 6],3,3,4,0,3
1,<environment.Job instance at 0x14811b730e60>,3,28,[2 9],5,5,33,0,5
1,<environment.Job instance at 0x148149873b90>,5,21,[7 1],9,11,32,2,11
1,<environment.Job instance at 0x14811e0e4320>,3,3,[13  1],7,747,750,740,747
1,<environment.Job instance at 0x14811b2c50a0>,4,2,[ 1 13],8,9,11,1,9
1,<environment.Job instance at 0x14811e198410>,6,28,[7 1],8,10,38,2,10
1,<environment.Job instance at 0x14811f65aa00>,7,25,[2 9],9,9,34,0,9
1,<environment.Job instance at 0x14811b6cd960>,0,2,[ 1 10],2,3,5,1,3
1,<environment.Job instance at 0x14811e5d7280>,0,1,[ 2 10],1,2,3,1,2
1,<environment.Job instance at 0x14811e5d7b40>,1,27,[7 2],3,3,30,0,3
1,<environment.Job instance at 0x14811e5d7be0>,3,2,[1 5],7,11,13,4,11
1,<environment.Job instance at 0x14811e417e60>,2,20,[7 1],6,6,26,0,6
1,<environment.Job instance at 0x14814a21a780>,1,2,[9 2],3,3,5,0,3
1,<environment.Job instance at 0x14811b301dc0>,5,1,[9 2],9,9,10,0,9
1,<environment.Job instance at 0x14811ae358c0>,2,27,[5 2],4,21,48,17,21
1,<environment.Job instance at 0x14811b301050>,4,1,[10  1],8,37,38,29,37
1,<environment.Job instance at 0x14811b4323c0>,5,1,[ 1 11],8,8,9,0,8
1,<environment.Job instance at 0x14811b4320a0>,3,1,[2 8],6,12,13,6,12
1,<environment.Job instance at 0x14811e58d280>,1,13,[5 2],3,3,16,0,3
1,<environment.Job instance at 0x148149909d20>,5,21,[9 1],8,10,31,2,10
1,<environment.Job instance at 0x148149909c80>,3,3,[ 1 12],5,8,11,3,8
1,<environment.Job instance at 0x14811b1f4be0>,4,3,[ 1 13],6,21,24,15,21
1,<environment.Job instance at 0x14811aff0280>,1,15,[5 2],3,3,18,0,3
1,<environment.Job instance at 0x14811f5ec780>,6,3,[6 1],9,10,13,1,10
1,<environment.Job instance at 0x14811f5ecfa0>,4,17,[5 1],7,10,27,3,10
1,<environment.Job instance at 0x14811f5ec410>,2,18,[ 1 12],4,42,60,38,42
1,<environment.Job instance at 0x14811f5ec050>,5,2,[ 1 12],8,185,187,177,185
1,<environment.Job instance at 0x14814800e870>,1,17,[6 2],2,4,21,2,4
1,<environment.Job instance at 0x14811b3d1820>,2,19,[1 7],6,6,25,0,6
1,<environment.Job instance at 0x14811b8473c0>,5,2,[12  2],7,28,30,21,28
1,<environment.Job instance at 0x14811f9dda00>,3,2,[2 6],8,8,10,0,8
1,<environment.Job instance at 0x14811ae02280>,1,2,[12  2],2,16,18,14,16
1,<environment.Job instance at 0x148149744b40>,0,23,[7 1],1,1,24,0,1
1,<environment.Job instance at 0x14811e6f1690>,0,1,[2 7],2,4,5,2,4
1,<environment.Job instance at 0x14811f712500>,0,2,[2 9],1,1,3,0,1
1,<environment.Job instance at 0x14811bfdd280>,6,2,[12  2],8,20,22,12,20
1,<environment.Job instance at 0x14811f712730>,7,24,[2 5],9,47,71,38,47
1,<environment.Job instance at 0x14811f712320>,5,3,[12  2],6,2546,2549,2540,2546
1,<environment.Job instance at 0x14811b760280>,0,18,[ 1 10],2,2,20,0,2
1,<environment.Job instance at 0x14811dfa8eb0>,3,1,[8 1],7,7,8,0,7
1,<environment.Job instance at 0x14811e4ef3c0>,4,2,[ 2 10],8,8,10,0,8
1,<environment.Job instance at 0x14811e4efbe0>,2,1,[2 5],6,11,12,5,11
1,<environment.Job instance at 0x14811e582230>,0,1,[2 8],2,2,3,0,2
1,<environment.Job instance at 0x14814a240eb0>,7,3,[14  1],8,355,358,347,355
1,<environment.Job instance at 0x14814a2408c0>,0,2,[2 5],2,2,4,0,2
1,<environment.Job instance at 0x14814a240c80>,1,15,[2 5],3,4,19,1,4
1,<environment.Job instance at 0x1481480b0cd0>,5,3,[1 9],7,7,10,0,7
1,<environment.Job instance at 0x1481480b0230>,7,3,[ 2 10],9,185,188,176,185
1,<environment.Job instance at 0x14811bf69f50>,2,21,[6 2],3,3,24,0,3
1,<environment.Job instance at 0x148149963370>,6,2,[7 2],7,7,9,0,7
1,<environment.Job instance at 0x148149963cd0>,4,1,[ 1 11],5,9,10,4,9
1,<environment.Job instance at 0x1481499631e0>,8,3,[9 1],9,32,35,23,32
1,<environment.Job instance at 0x14811e015b90>,6,13,[ 2 12],8,141,154,133,141
1,<environment.Job instance at 0x14811bf02230>,3,22,[10  2],4,4,26,0,4
1,<environment.Job instance at 0x14811e0cc1e0>,7,2,[10  2],9,26,28,17,13
1,<environment.Job instance at 0x14814a3c3640>,2,2,[7 1],3,3,5,0,3
1,<environment.Job instance at 0x14811df57640>,3,17,[9 1],4,5,22,1,5
1,<environment.Job instance at 0x1481702b4820>,4,1,[1 8],6,7,8,1,7
1,<environment.Job instance at 0x1481702b4370>,1,3,[ 1 14],2,9,12,7,9
1,<environment.Job instance at 0x1481702b4e10>,2,1,[1 8],4,13,14,9,13
1,<environment.Job instance at 0x1481702b4190>,7,1,[1 5],9,14,15,5,14
1,<environment.Job instance at 0x1481702b4960>,5,2,[ 1 12],7,294,296,287,294
1,<environment.Job instance at 0x14811cac09b0>,1,18,[14  2],2,329,347,327,329
1,<environment.Job instance at 0x14811e632910>,1,16,[11  1],2,25,41,23,25
1,<environment.Job instance at 0x14811b87f9b0>,2,1,[1 7],4,41,42,37,41
1,<environment.Job instance at 0x14811c24a730>,4,1,[11  1],6,261,262,255,261
1,<environment.Job instance at 0x148168306b40>,0,1,[2 6],4,4,5,0,4
1,<environment.Job instance at 0x14811b806cd0>,3,15,[14  1],8,347,362,339,347
1,<environment.Job instance at 0x14811e5ab1e0>,0,3,[13  2],1,61,64,60,61
1,<environment.Job instance at 0x14814985fe10>,4,1,[1 5],9,63,64,54,63
1,<environment.Job instance at 0x14811e5ab0f0>,1,2,[2 6],3,70,72,67,70
1,<environment.Job instance at 0x14811b42d730>,0,22,[7 1],1,1,23,0,1
1,<environment.Job instance at 0x14811b8b0be0>,5,2,[ 1 14],8,18,20,10,18
1,<environment.Job instance at 0x14811b623f00>,2,21,[1 6],4,6,27,2,6
1,<environment.Job instance at 0x14811aae1aa0>,6,1,[2 7],8,138,139,130,138
1,<environment.Job instance at 0x1481498a6eb0>,1,24,[8 2],2,2,26,0,2
1,<environment.Job instance at 0x1481498a6730>,3,2,[8 2],4,26,28,22,8
1,<environment.Job instance at 0x14814a382e10>,4,3,[12  2],5,64,67,59,64
1,<environment.Job instance at 0x14811f62fc30>,5,3,[8 2],7,16,19,9,16
1,<environment.Job instance at 0x14811f62f230>,6,1,[1 8],9,17,18,8,17
1,<environment.Job instance at 0x1481480b4820>,2,18,[10  1],4,28,46,24,28
1,<environment.Job instance at 0x14811b775cd0>,0,16,[ 2 14],2,45,61,43,45
1,<environment.Job instance at 0x14814830a500>,3,22,[7 1],7,7,29,0,7
1,<environment.Job instance at 0x14814804e870>,2,21,[6 1],7,7,28,0,7
1,<environment.Job instance at 0x14814985ac80>,0,15,[10  2],2,2,17,0,2
1,<environment.Job instance at 0x1481480b8320>,4,1,[1 9],7,13,14,6,13
1,<environment.Job instance at 0x1481480b8be0>,5,26,[1 6],8,16,42,8,16
1,<environment.Job instance at 0x14811b59d7d0>,0,1,[5 2],3,3,4,0,3
1,<environment.Job instance at 0x14811e4c92d0>,3,15,[ 1 12],9,66,81,57,66
1,<environment.Job instance at 0x14816801d960>,5,2,[ 1 10],6,8,10,2,8
1,<environment.Job instance at 0x14816801d910>,7,2,[5 1],8,11,13,3,11
1,<environment.Job instance at 0x14811b4675f0>,2,1,[2 7],4,4,5,0,4
1,<environment.Job instance at 0x14811aec3820>,4,26,[11  2],7,54,80,47,54
1,<environment.Job instance at 0x14811aec33c0>,5,3,[1 6],8,68,71,60,68
1,<environment.Job instance at 0x14811aec3780>,3,3,[13  1],6,145,148,139,145
1,<environment.Job instance at 0x14811d4e9320>,4,24,[2 6],7,8,32,1,8
1,<environment.Job instance at 0x14811b50fb40>,5,3,[11  2],7,206,209,199,206
1,<environment.Job instance at 0x14811e3e6dc0>,4,14,[2 8],7,12,26,5,12
1,<environment.Job instance at 0x14811e3e6a00>,0,13,[12  2],1,103,116,102,103
1,<environment.Job instance at 0x14811b76a8c0>,4,14,[7 2],5,5,19,0,5
1,<environment.Job instance at 0x14811f9f88c0>,6,15,[5 2],9,11,26,2,11
1,<environment.Job instance at 0x14814809b190>,4,20,[5 1],7,7,27,0,7
1,<environment.Job instance at 0x14811abffdc0>,0,17,[2 8],3,3,20,0,3
1,<environment.Job instance at 0x14811af3b910>,0,1,[12  2],1,7,8,6,7
1,<environment.Job instance at 0x14811acc3690>,3,25,[2 6],7,19,44,12,19
1,<environment.Job instance at 0x14814a2babe0>,3,1,[ 1 10],5,5,6,0,5
1,<environment.Job instance at 0x14811abe9b90>,6,3,[13  2],9,140,143,131,140
1,<environment.Job instance at 0x14811e51ff50>,4,18,[7 1],6,7,25,1,7
1,<environment.Job instance at 0x14811e51f9b0>,5,3,[14  1],7,662,665,655,662
1,<environment.Job instance at 0x14814830a730>,2,2,[8 1],4,9,11,5,9
1,<environment.Job instance at 0x14814830aeb0>,4,1,[1 7],8,10,11,2,10
1,<environment.Job instance at 0x14811fa97410>,0,2,[11  1],1,213,215,212,213
1,<environment.Job instance at 0x1481497c12d0>,3,18,[ 2 11],8,55,73,47,55
1,<environment.Job instance at 0x14811f66f5a0>,2,1,[1 6],4,7,8,3,7
1,<environment.Job instance at 0x14811f66f8c0>,3,1,[9 2],5,49,50,44,49
1,<environment.Job instance at 0x14811f66f5f0>,4,17,[6 2],6,110,127,104,110
1,<environment.Job instance at 0x14811f66f960>,1,3,[12  2],2,336,339,334,336
1,<environment.Job instance at 0x14811b654b40>,1,28,[7 2],2,4,32,2,4
1,<environment.Job instance at 0x14811b20a820>,1,21,[1 5],4,4,25,0,4
1,<environment.Job instance at 0x14811aee0410>,4,18,[6 2],7,7,25,0,7
1,<environment.Job instance at 0x14811b7cc500>,5,2,[1 6],9,9,11,0,9
1,<environment.Job instance at 0x14811aee0e60>,0,3,[13  2],1,483,486,482,483
1,<environment.Job instance at 0x14811b8da730>,5,3,[1 5],9,11,14,2,11
1,<environment.Job instance at 0x14811b8da6e0>,3,2,[5 1],6,31,33,25,31
1,<environment.Job instance at 0x14811b8dad70>,4,1,[5 1],7,54,55,47,54
1,<environment.Job instance at 0x14811b8daa50>,0,1,[12  1],1,124,125,123,124
1,<environment.Job instance at 0x14811f9e4370>,2,2,[1 8],5,51,53,46,51
1,<environment.Job instance at 0x14811abff370>,5,1,[9 2],8,77,78,69,77
1,<environment.Job instance at 0x14811f9e4870>,0,14,[12  1],1,79,93,78,79
1,<environment.Job instance at 0x14811abffa00>,4,2,[9 2],7,168,170,161,168
1,<environment.Job instance at 0x14811f6e2fa0>,2,20,[6 2],3,6,26,3,6
1,<environment.Job instance at 0x14811f6e2050>,7,3,[9 2],8,8,11,0,8
1,<environment.Job instance at 0x14811f6e2f50>,5,2,[10  1],6,71,73,65,71
1,<environment.Job instance at 0x14811f620eb0>,1,2,[ 1 10],5,5,7,0,5
1,<environment.Job instance at 0x1481482de690>,0,1,[1 8],1,1,2,0,1
1,<environment.Job instance at 0x148168026be0>,5,1,[ 2 13],9,20,21,11,20
1,<environment.Job instance at 0x14811dfb6370>,4,15,[11  1],8,339,354,331,339
1,<environment.Job instance at 0x14814a295050>,1,2,[2 5],2,5,7,3,5
1,<environment.Job instance at 0x14811face500>,4,1,[9 2],5,13,14,8,13
1,<environment.Job instance at 0x14811face410>,6,1,[1 6],7,20,21,13,20
1,<environment.Job instance at 0x14814a3b2280>,7,1,[7 1],8,23,24,15,23
1,<environment.Job instance at 0x14814a295500>,0,16,[ 1 13],1,28,44,27,28
1,<environment.Job instance at 0x14811facef50>,5,1,[10  1],6,48,49,42,48
1,<environment.Job instance at 0x14811face230>,3,13,[6 2],4,250,263,246,250
1,<environment.Job instance at 0x14811b57b410>,3,1,[ 2 14],4,13,14,9,13
1,<environment.Job instance at 0x14811f681050>,5,16,[9 1],9,12,28,3,12
1,<environment.Job instance at 0x14811e3f0be0>,5,2,[7 2],7,11,13,4,11
1,<environment.Job instance at 0x14811e3f0640>,6,1,[8 2],8,25,26,17,25
1,<environment.Job instance at 0x14811e3f0dc0>,3,2,[1 5],4,38,40,34,38
1,<environment.Job instance at 0x14811e3f0fa0>,1,2,[14  1],2,100,102,98,100
1,<environment.Job instance at 0x14814a244af0>,0,2,[ 2 14],1,1,3,0,1
1,<environment.Job instance at 0x14811e015410>,2,21,[7 2],5,7,28,2,7
1,<environment.Job instance at 0x14811e015550>,4,16,[1 6],7,12,28,5,12
1,<environment.Job instance at 0x14811e015780>,6,2,[8 1],9,37,39,28,37
1,<environment.Job instance at 0x148149818870>,1,2,[11  1],4,333,335,329,333
1,<environment.Job instance at 0x14811f6d1aa0>,3,1,[8 1],8,8,9,0,8
1,<environment.Job instance at 0x14811e116820>,0,3,[6 2],1,1,4,0,1
1,<environment.Job instance at 0x14811c2585a0>,4,16,[5 2],8,15,31,7,15
1,<environment.Job instance at 0x14811b6c1b40>,5,3,[ 2 12],8,34,37,26,34
1,<environment.Job instance at 0x14811fb1dbe0>,2,15,[6 1],7,8,23,1,8
1,<environment.Job instance at 0x14811af5c8c0>,6,26,[14  2],9,18,44,9,18
1,<environment.Job instance at 0x14811b0fc5f0>,1,17,[2 6],2,2,19,0,2
1,<environment.Job instance at 0x14811e3d9050>,4,3,[2 8],6,9,12,3,9
1,<environment.Job instance at 0x14811e3d9b40>,5,2,[9 1],7,9,11,2,9
1,<environment.Job instance at 0x14811e3d9cd0>,6,2,[7 1],9,11,13,2,9
1,<environment.Job instance at 0x14811abfe6e0>,1,1,[8 2],2,17,18,15,17
1,<environment.Job instance at 0x14811abfeeb0>,2,18,[8 2],3,30,48,27,30
1,<environment.Job instance at 0x14811abfe1e0>,0,3,[12  2],1,297,300,296,297
1,<environment.Job instance at 0x14811e117960>,2,17,[5 1],6,6,23,0,6
1,<environment.Job instance at 0x148149819b90>,7,3,[ 1 10],8,9,12,1,9
1,<environment.Job instance at 0x1481498196e0>,8,2,[1 9],9,12,14,3,11
1,<environment.Job instance at 0x148149819960>,5,3,[1 5],6,18,21,12,18
1,<environment.Job instance at 0x148149819af0>,6,24,[ 2 14],7,184,208,177,184
1,<environment.Job instance at 0x14811b124c80>,1,3,[11  2],2,570,573,568,570
1,<environment.Job instance at 0x14811e4ce320>,3,1,[ 1 14],7,9,10,2,9
1,<environment.Job instance at 0x148148086230>,0,1,[1 6],3,3,4,0,3
1,<environment.Job instance at 0x148148086780>,2,17,[14  2],7,47,64,40,47
1,<environment.Job instance at 0x14811e42fb40>,3,1,[8 2],5,7,8,2,7
1,<environment.Job instance at 0x14811ad81870>,6,1,[ 2 10],8,8,9,0,8
1,<environment.Job instance at 0x14811ad810a0>,5,2,[1 9],7,13,15,6,13
1,<environment.Job instance at 0x14811e42f550>,1,1,[11  2],3,327,328,324,327
1,<environment.Job instance at 0x1481497d5190>,4,16,[5 1],5,14,30,9,14
1,<environment.Job instance at 0x14814a34f7d0>,0,18,[14  2],1,66,84,65,66
1,<environment.Job instance at 0x1481497d5140>,5,3,[2 5],7,84,87,77,84
1,<environment.Job instance at 0x1481498a4780>,2,14,[1 7],3,429,443,426,429
1,<environment.Job instance at 0x1481497d5500>,7,14,[ 2 11],9,679,693,670,679
1,<environment.Job instance at 0x14811b509c80>,0,3,[ 1 13],1,1,4,0,1
1,<environment.Job instance at 0x14811bf3db40>,4,2,[2 6],9,13,15,4,13
1,<environment.Job instance at 0x14811b367f00>,6,27,[8 2],8,9,36,1,9
1,<environment.Job instance at 0x14811b656960>,0,2,[2 6],3,3,5,0,3
1,<environment.Job instance at 0x14811e05e230>,5,24,[9 1],8,9,33,1,9
1,<environment.Job instance at 0x14811f735190>,5,2,[9 2],6,8,10,2,8
1,<environment.Job instance at 0x14811f7350a0>,6,2,[2 6],7,11,13,4,11
1,<environment.Job instance at 0x14811f735c80>,7,1,[7 1],8,13,14,5,13
1,<environment.Job instance at 0x14811f7357d0>,8,3,[7 1],9,15,18,6,15
1,<environment.Job instance at 0x14811fadd0a0>,1,3,[12  2],2,1548,1551,1546,1548
1,<environment.Job instance at 0x14811f735550>,4,3,[ 1 10],5,1883,1886,1878,1883
1,<environment.Job instance at 0x14811e4ce550>,7,14,[ 2 14],9,415,429,406,415
1,<environment.Job instance at 0x14811b424050>,4,13,[1 8],8,8,21,0,8
1,<environment.Job instance at 0x14811b424960>,5,13,[1 5],9,12,25,3,12
1,<environment.Job instance at 0x14811b424af0>,2,2,[8 1],6,53,55,47,53
1,<environment.Job instance at 0x14811b424eb0>,0,2,[13  1],2,88,90,86,88
1,<environment.Job instance at 0x14811b24d690>,4,26,[9 1],6,13,39,7,13
1,<environment.Job instance at 0x14811b24dd70>,5,2,[2 5],8,188,190,180,188
1,<environment.Job instance at 0x14811b806c80>,0,22,[ 1 10],1,1,23,0,1
1,<environment.Job instance at 0x14811f614780>,5,1,[5 1],8,8,9,0,8
1,<environment.Job instance at 0x14814a3adaa0>,5,1,[ 2 10],8,9,10,1,9
1,<environment.Job instance at 0x14811d518550>,5,2,[2 5],6,7,9,1,7
1,<environment.Job instance at 0x14811d518140>,6,1,[1 7],7,7,8,0,7
1,<environment.Job instance at 0x14811b831f00>,7,3,[13  1],8,10,13,2,10
1,<environment.Job instance at 0x14811b8311e0>,8,1,[1 9],9,13,14,4,13
1,<environment.Job instance at 0x14811adc25a0>,2,15,[ 2 13],3,84,99,81,84
1,<environment.Job instance at 0x14811d5184b0>,4,3,[2 5],5,223,226,218,223
1,<environment.Job instance at 0x14811b615c30>,2,28,[2 8],4,5,33,1,5
1,<environment.Job instance at 0x14811b615690>,5,2,[1 7],8,54,56,46,54
1,<environment.Job instance at 0x14811b58b370>,3,28,[8 2],8,9,37,1,9
1,<environment.Job instance at 0x14811f71b640>,0,1,[1 8],1,1,2,0,1
1,<environment.Job instance at 0x14811f71bc30>,2,1,[1 7],5,6,7,1,6
1,<environment.Job instance at 0x14811bf29820>,4,2,[5 2],8,8,10,0,8
1,<environment.Job instance at 0x14811b3a5af0>,4,3,[ 1 11],6,121,124,115,121
1,<environment.Job instance at 0x14811f712820>,2,1,[ 1 12],7,16,17,9,16
1,<environment.Job instance at 0x14811dffc0a0>,3,1,[ 1 10],4,4,5,0,4
1,<environment.Job instance at 0x14811e14b370>,5,26,[5 1],7,8,34,1,8
1,<environment.Job instance at 0x14811e084190>,0,3,[ 1 11],1,3,6,2,3
1,<environment.Job instance at 0x14811ed205a0>,0,2,[ 1 13],2,4,6,2,4
1,<environment.Job instance at 0x14811ace6a00>,4,3,[ 1 11],8,15,18,7,15
1,<environment.Job instance at 0x14811df83960>,4,2,[8 2],9,46,48,37,46
1,<environment.Job instance at 0x1481498be780>,2,2,[12  2],5,270,272,265,270
1,<environment.Job instance at 0x14814a21b370>,0,2,[ 1 10],1,5,7,4,5
1,<environment.Job instance at 0x14811b067230>,3,15,[5 1],7,9,24,2,9
1,<environment.Job instance at 0x14811e575730>,1,20,[10  1],2,2,22,0,2
1,<environment.Job instance at 0x14811e4f0a00>,1,25,[1 6],2,2,27,0,2
1,<environment.Job instance at 0x14811e4f0910>,7,18,[9 2],9,9,27,0,9
1,<environment.Job instance at 0x14814a3610a0>,4,1,[12  2],7,260,261,253,260
1,<environment.Job instance at 0x14811aa4a1e0>,0,17,[7 1],1,2,19,1,2
1,<environment.Job instance at 0x14811abbc550>,5,1,[2 8],7,7,8,0,7
1,<environment.Job instance at 0x14811abbc6e0>,3,3,[1 6],5,20,23,15,20
1,<environment.Job instance at 0x14811afd0690>,4,1,[1 6],9,9,10,0,9
1,<environment.Job instance at 0x1481498e1f00>,6,27,[7 1],9,9,36,0,9
1,<environment.Job instance at 0x14811b898140>,5,2,[9 1],9,9,11,0,9
1,<environment.Job instance at 0x14811ac0cd20>,3,2,[ 1 10],8,10,12,2,10
1,<environment.Job instance at 0x14811dfa74b0>,0,16,[ 1 14],1,28,44,27,28
1,<environment.Job instance at 0x14811b7f7550>,4,3,[9 1],8,20,23,12,20
1,<environment.Job instance at 0x14811b7f7c30>,5,18,[10  1],9,25,43,16,25
1,<environment.Job instance at 0x14811b69eb40>,2,3,[ 1 14],6,58,61,52,58
1,<environment.Job instance at 0x14811bf02e10>,6,2,[7 1],9,10,12,1,10
1,<environment.Job instance at 0x14811bf02140>,3,1,[11  1],4,66,67,62,66
1,<environment.Job instance at 0x14811bf02910>,5,3,[6 1],7,11,14,4,11
1,<environment.Job instance at 0x148168084690>,2,2,[7 1],3,12,14,9,12
1,<environment.Job instance at 0x1481680842d0>,3,22,[6 2],4,40,62,36,40
1,<environment.Job instance at 0x1481680845a0>,0,13,[ 1 14],1,458,471,457,458
1,<environment.Job instance at 0x14811e15ccd0>,6,2,[1 7],9,9,11,0,9
1,<environment.Job instance at 0x14811b66c500>,4,17,[14  2],9,49,66,40,49
1,<environment.Job instance at 0x14811b7a92d0>,1,24,[7 2],5,5,29,0,5
1,<environment.Job instance at 0x14811b6caf00>,1,28,[5 1],3,3,31,0,3
1,<environment.Job instance at 0x14811ae48be0>,4,1,[ 2 10],6,18,19,12,18
1,<environment.Job instance at 0x14811ae48f50>,6,1,[7 1],8,20,21,12,20
1,<environment.Job instance at 0x14811ae48c80>,2,15,[11  2],4,39,54,35,39
1,<environment.Job instance at 0x14811ae487d0>,7,2,[9 1],9,54,56,45,53
1,<environment.Job instance at 0x14811ae48410>,5,18,[6 1],7,463,481,456,463
1,<environment.Job instance at 0x148149744b90>,3,2,[1 8],6,12,14,6,12
1,<environment.Job instance at 0x14811b7adf50>,0,2,[11  2],2,20,22,18,20
1,<environment.Job instance at 0x14811bf68f50>,4,16,[7 1],9,9,25,0,9
1,<environment.Job instance at 0x14811aeb0cd0>,2,25,[ 2 14],4,5,30,1,5
1,<environment.Job instance at 0x14811b570c30>,0,1,[5 1],3,3,4,0,3
1,<environment.Job instance at 0x14811b0bd050>,2,1,[5 2],4,6,7,2,6
1,<environment.Job instance at 0x14811d50f640>,5,2,[9 1],8,9,11,1,9
1,<environment.Job instance at 0x14811d50fa00>,4,3,[9 1],7,11,14,4,9
1,<environment.Job instance at 0x14811d50f230>,6,2,[7 2],9,14,16,5,9
1,<environment.Job instance at 0x14811b0bd410>,0,15,[ 2 11],2,86,101,84,86
1,<environment.Job instance at 0x14811b0bd7d0>,1,1,[ 1 11],3,101,102,98,97
1,<environment.Job instance at 0x14811b3ae820>,1,27,[8 2],3,3,30,0,3
1,<environment.Job instance at 0x14811b879500>,2,24,[2 8],7,7,31,0,7
1,<environment.Job instance at 0x14811b0bd820>,6,17,[2 6],8,31,48,23,31
1,<environment.Job instance at 0x14811b0bdf00>,7,3,[6 1],9,31,34,22,31
1,<environment.Job instance at 0x14811b4e4690>,2,3,[14  1],4,178,181,174,178
1,<environment.Job instance at 0x14811b0bd8c0>,5,3,[12  2],7,1337,1340,1330,1337
1,<environment.Job instance at 0x14811b589320>,4,3,[10  2],9,45,48,36,45
1,<environment.Job instance at 0x14811ad025a0>,1,16,[ 1 11],4,88,104,84,88
1,<environment.Job instance at 0x148168c251e0>,4,25,[7 1],6,6,31,0,6
1,<environment.Job instance at 0x14811b30ac30>,0,1,[5 2],2,2,3,0,2
1,<environment.Job instance at 0x14811c23f230>,1,1,[2 9],2,2,3,0,2
1,<environment.Job instance at 0x14811e129b90>,4,1,[2 5],6,15,16,9,15
1,<environment.Job instance at 0x14811bfc1500>,3,1,[14  1],5,349,350,344,349
1,<environment.Job instance at 0x148149894f00>,6,1,[9 1],8,17,18,9,17
1,<environment.Job instance at 0x148149894fa0>,4,2,[ 2 12],6,22,24,16,22
1,<environment.Job instance at 0x14811b0f30a0>,5,1,[2 9],7,24,25,17,24
1,<environment.Job instance at 0x14811e0003c0>,2,14,[5 1],3,3,17,0,3
1,<environment.Job instance at 0x14811e000c80>,3,1,[13  2],4,34,35,30,34
1,<environment.Job instance at 0x14811e000370>,5,13,[11  2],9,103,116,94,103
1,<environment.Job instance at 0x148168084b40>,4,2,[2 7],7,8,10,1,8
1,<environment.Job instance at 0x14811e02f2d0>,0,16,[ 2 13],1,10,26,9,10
1,<environment.Job instance at 0x14811e02f410>,3,13,[7 2],6,225,238,219,225
1,<environment.Job instance at 0x14811b47c6e0>,5,3,[ 1 13],6,49,52,43,49
1,<environment.Job instance at 0x14811f60e4b0>,3,15,[ 1 12],6,70,85,64,70
1,<environment.Job instance at 0x14811b115190>,0,2,[1 6],1,1,3,0,1
1,<environment.Job instance at 0x14811af8a8c0>,4,15,[7 2],6,13,28,7,13
1,<environment.Job instance at 0x14811f744b40>,5,16,[10  1],7,29,45,22,29
1,<environment.Job instance at 0x14811b3aec80>,6,3,[2 8],8,114,117,106,114
1,<environment.Job instance at 0x14811b3aec80>,2,16,[9 2],3,17,33,14,17
1,<environment.Job instance at 0x14811e6176e0>,4,2,[ 1 10],7,43,45,36,43
1,<environment.Job instance at 0x14814978daa0>,2,3,[ 2 13],4,46,49,42,46
1,<environment.Job instance at 0x14811e617410>,6,2,[1 9],9,211,213,202,211
1,<environment.Job instance at 0x14814984f8c0>,6,26,[7 2],8,8,34,0,8
1,<environment.Job instance at 0x14814984ffa0>,7,2,[7 1],9,9,11,0,9
1,<environment.Job instance at 0x14814984fa00>,4,1,[1 6],6,41,42,35,41
1,<environment.Job instance at 0x14814984fcd0>,2,2,[14  2],4,49,51,45,49
1,<environment.Job instance at 0x14814984f050>,4,1,[1 9],7,23,24,16,23
1,<environment.Job instance at 0x14811fa431e0>,0,28,[2 8],1,1,29,0,1
1,<environment.Job instance at 0x1481682f6cd0>,6,3,[5 1],7,10,13,3,10
1,<environment.Job instance at 0x14811fa43690>,2,15,[ 2 11],3,35,50,32,35
1,<environment.Job instance at 0x14811ae88780>,4,15,[ 1 10],7,7,22,0,7
1,<environment.Job instance at 0x14811ae88f50>,5,1,[1 9],8,22,23,14,8
1,<environment.Job instance at 0x14811ae887d0>,6,1,[2 5],9,10,11,1,10
1,<environment.Job instance at 0x14811b42d5f0>,0,1,[12  1],2,158,159,156,158
1,<environment.Job instance at 0x1481482fe6e0>,0,1,[ 1 12],2,3,4,1,3
1,<environment.Job instance at 0x14811ac1cf50>,6,2,[6 2],8,8,10,0,8
1,<environment.Job instance at 0x14811b672320>,0,2,[2 9],2,2,4,0,2
1,<environment.Job instance at 0x14811b505af0>,7,25,[2 6],9,10,35,1,10
1,<environment.Job instance at 0x14811b541960>,4,20,[1 7],7,97,117,90,97
1,<environment.Job instance at 0x14811b541fa0>,6,3,[5 1],9,97,100,88,97
1,<environment.Job instance at 0x14814a24f370>,1,17,[11  2],3,192,209,189,192
1,<environment.Job instance at 0x14811b541d70>,3,12,[ 1 11],6,439,451,433,439
1,<environment.Job instance at 0x14811b82dcd0>,4,1,[ 2 10],9,9,10,0,9
1,<environment.Job instance at 0x14811f58c3c0>,8,1,[1 7],9,18,19,9,18
1,<environment.Job instance at 0x148149744f00>,7,1,[14  1],8,112,113,104,112
1,<environment.Job instance at 0x14811b51ee60>,2,2,[1 8],4,4,6,0,4
1,<environment.Job instance at 0x14811bf0a910>,4,1,[2 8],7,7,8,0,7
1,<environment.Job instance at 0x14811e3c90a0>,0,1,[2 8],1,2,3,1,2
