iteration,job object,job ID,job Length,job ressource requirement,job enter time,job start time,job finish time,job waiting time,current time
1,<environment.Job instance at 0x14811b87c4b0>,6,18,[8 1],7,7,25,0,7
1,<environment.Job instance at 0x14811b87c690>,8,13,[6 1],9,25,38,16,21
1,<environment.Job instance at 0x14811b87c690>,1,13,[2 8],2,2,15,0,2
1,<environment.Job instance at 0x14814830a640>,1,17,[6 1],3,3,20,0,3
1,<environment.Job instance at 0x14811d4ead20>,1,12,[ 1 10],2,2,14,0,2
1,<environment.Job instance at 0x14811fac1f00>,5,2,[2 7],7,14,16,7,7
1,<environment.Job instance at 0x14814a2f4be0>,6,16,[10  2],9,16,32,7,9
1,<environment.Job instance at 0x14811f6e2050>,0,3,[9 2],1,1,4,0,1
1,<environment.Job instance at 0x14811f6e2f50>,1,3,[2 9],2,4,7,2,2
1,<environment.Job instance at 0x14811f6e2550>,1,3,[1 5],2,2,5,0,2
1,<environment.Job instance at 0x14811f62f640>,2,1,[2 9],5,6,7,1,6
1,<environment.Job instance at 0x14811f62f780>,4,12,[9 1],8,8,20,0,8
1,<environment.Job instance at 0x14811b0f1500>,3,16,[2 5],6,6,22,0,6
1,<environment.Job instance at 0x14814994c280>,0,15,[2 9],2,2,17,0,2
1,<environment.Job instance at 0x148149757e60>,2,17,[8 1],6,6,23,0,6
1,<environment.Job instance at 0x14811fab3eb0>,0,12,[9 1],1,1,13,0,1
1,<environment.Job instance at 0x14816831c730>,0,13,[7 2],2,2,15,0,2
1,<environment.Job instance at 0x14811b0f8dc0>,0,3,[7 2],1,1,4,0,1
1,<environment.Job instance at 0x14811e5a7050>,2,3,[ 2 10],4,4,7,0,4
1,<environment.Job instance at 0x14811b0f8690>,3,12,[2 8],5,7,19,2,5
1,<environment.Job instance at 0x14811e41fa00>,2,1,[1 5],3,3,4,0,3
1,<environment.Job instance at 0x14811e41fbe0>,5,1,[2 5],8,8,9,0,8
1,<environment.Job instance at 0x14811e41fdc0>,6,15,[7 1],9,9,24,0,9
1,<environment.Job instance at 0x14814a25d730>,1,3,[2 8],2,2,5,0,2
1,<environment.Job instance at 0x14814a25dbe0>,2,12,[9 2],4,5,17,1,4
1,<environment.Job instance at 0x14811ac69230>,3,15,[10  2],5,17,32,12,6
1,<environment.Job instance at 0x14811b7d5500>,4,15,[5 1],5,6,21,1,6
1,<environment.Job instance at 0x14817032c550>,0,3,[1 7],1,1,4,0,1
1,<environment.Job instance at 0x14817032c460>,3,3,[1 9],4,20,23,16,20
1,<environment.Job instance at 0x148168bcfaa0>,1,15,[1 7],5,5,20,0,5
1,<environment.Job instance at 0x148149774e10>,5,17,[ 2 10],6,6,23,0,6
1,<environment.Job instance at 0x148149774190>,6,19,[ 1 10],8,23,42,15,13
1,<environment.Job instance at 0x14811b52b1e0>,1,13,[ 2 10],2,2,15,0,2
1,<environment.Job instance at 0x14811f619d70>,5,3,[ 2 10],7,15,18,8,7
1,<environment.Job instance at 0x14811f619c80>,2,1,[1 7],3,18,19,15,7
1,<environment.Job instance at 0x14811f6191e0>,6,14,[10  1],9,19,33,10,9
1,<environment.Job instance at 0x14811dfe46e0>,0,2,[8 2],1,1,3,0,1
1,<environment.Job instance at 0x14811dfe4550>,3,3,[6 1],4,4,7,0,4
1,<environment.Job instance at 0x14811dfe4050>,5,3,[ 2 10],7,7,10,0,7
1,<environment.Job instance at 0x14811dfe40f0>,6,18,[8 1],8,10,28,2,8
1,<environment.Job instance at 0x14811e078780>,0,17,[1 6],1,1,18,0,1
1,<environment.Job instance at 0x14816830ab90>,3,16,[9 1],6,6,22,0,6
1,<environment.Job instance at 0x14811aff4f00>,1,12,[1 5],2,2,14,0,2
1,<environment.Job instance at 0x14811f9e49b0>,1,3,[2 8],5,5,8,0,5
1,<environment.Job instance at 0x14811f9e4050>,4,18,[7 2],9,9,27,0,9
1,<environment.Job instance at 0x14814808b140>,0,1,[2 8],2,2,3,0,2
1,<environment.Job instance at 0x14811b806e10>,1,18,[10  1],6,6,24,0,6
1,<environment.Job instance at 0x14811e521280>,4,14,[2 8],9,24,38,15,9
1,<environment.Job instance at 0x14811dfef820>,2,2,[5 2],4,4,6,0,4
1,<environment.Job instance at 0x14811dfef410>,4,14,[6 1],7,7,21,0,7
1,<environment.Job instance at 0x14811b2a1c30>,1,1,[7 1],2,2,3,0,2
1,<environment.Job instance at 0x14811b401280>,2,18,[5 2],3,3,21,0,3
1,<environment.Job instance at 0x14811b2a1820>,5,18,[8 1],7,21,39,14,10
1,<environment.Job instance at 0x14811b38b0a0>,4,12,[7 1],8,8,20,0,8
1,<environment.Job instance at 0x14811aff4b40>,0,17,[7 1],2,2,19,0,2
1,<environment.Job instance at 0x1481480c15a0>,3,12,[7 2],7,19,31,12,16
1,<environment.Job instance at 0x1481482f4050>,0,3,[ 2 10],1,1,4,0,1
1,<environment.Job instance at 0x1481480c1fa0>,1,14,[8 2],2,4,18,2,2
1,<environment.Job instance at 0x14811b5820a0>,5,2,[ 1 10],7,18,20,11,7
1,<environment.Job instance at 0x14811b582410>,4,14,[8 1],6,20,34,14,11
1,<environment.Job instance at 0x14811e02a690>,0,13,[5 2],1,2,15,1,2
1,<environment.Job instance at 0x14811b38bf50>,0,12,[7 1],1,3,15,2,3
1,<environment.Job instance at 0x14811d506eb0>,0,2,[2 7],1,1,3,0,1
1,<environment.Job instance at 0x14811fa025f0>,3,16,[7 2],4,5,21,1,5
1,<environment.Job instance at 0x14811fa025a0>,5,18,[5 2],7,21,39,14,12
1,<environment.Job instance at 0x14811b366b90>,0,12,[2 9],3,3,15,0,3
1,<environment.Job instance at 0x1481498a68c0>,1,3,[5 2],4,15,18,11,4
1,<environment.Job instance at 0x14811e55f370>,3,15,[8 2],6,18,33,12,6
1,<environment.Job instance at 0x14811e61afa0>,4,17,[10  1],8,33,50,25,21
1,<environment.Job instance at 0x14811e5405f0>,1,3,[2 7],3,3,6,0,3
1,<environment.Job instance at 0x14811b363c30>,2,1,[1 9],3,3,4,0,3
1,<environment.Job instance at 0x14811b363550>,3,3,[1 8],4,4,7,0,4
1,<environment.Job instance at 0x14811b363a50>,5,18,[ 1 10],6,7,25,1,6
1,<environment.Job instance at 0x148168316dc0>,2,16,[9 1],3,3,19,0,3
1,<environment.Job instance at 0x148168316870>,4,3,[2 7],6,19,22,13,6
1,<environment.Job instance at 0x148168316b90>,5,14,[7 2],7,19,33,12,13
1,<environment.Job instance at 0x148168316370>,2,18,[6 2],6,6,24,0,6
1,<environment.Job instance at 0x148148040be0>,0,14,[1 6],2,2,16,0,2
1,<environment.Job instance at 0x14811e6d6d20>,2,3,[1 7],3,3,6,0,3
1,<environment.Job instance at 0x14811d51ccd0>,5,3,[1 7],8,8,11,0,8
1,<environment.Job instance at 0x14811e09f0a0>,6,14,[1 6],9,11,25,2,9
1,<environment.Job instance at 0x14811e09f550>,1,26,[9 1],4,5,31,1,5
1,<environment.Job instance at 0x14811addf460>,5,12,[5 2],8,31,43,23,14
1,<environment.Job instance at 0x14811e595dc0>,3,15,[2 8],8,8,23,0,8
1,<environment.Job instance at 0x14811e595690>,4,16,[2 8],9,23,39,14,10
1,<environment.Job instance at 0x14811e199c80>,0,13,[ 2 10],2,2,15,0,2
1,<environment.Job instance at 0x14811e6375a0>,4,3,[1 6],7,7,10,0,7
1,<environment.Job instance at 0x14811f58c730>,2,15,[1 5],3,3,18,0,3
1,<environment.Job instance at 0x14811f58c870>,6,15,[10  1],9,18,33,9,9
1,<environment.Job instance at 0x14811e4dc4b0>,4,3,[10  2],7,51,54,44,51
1,<environment.Job instance at 0x148148055870>,2,18,[8 2],3,3,21,0,3
1,<environment.Job instance at 0x14811b6a75a0>,6,17,[2 9],7,21,38,14,9
1,<environment.Job instance at 0x14811bff7820>,1,3,[2 8],2,2,5,0,2
1,<environment.Job instance at 0x148148055d20>,3,3,[5 2],6,6,9,0,6
1,<environment.Job instance at 0x14816830de10>,2,27,[ 2 10],3,3,30,0,3
1,<environment.Job instance at 0x14811b7b1d70>,0,3,[2 5],1,1,4,0,1
1,<environment.Job instance at 0x14811b7b10a0>,2,2,[5 2],3,3,5,0,3
1,<environment.Job instance at 0x14811b7b11e0>,1,12,[6 1],2,5,17,3,5
1,<environment.Job instance at 0x14811f9c7230>,5,1,[7 2],8,17,18,9,8
1,<environment.Job instance at 0x14811f9c7960>,6,3,[10  2],9,18,21,9,9
1,<environment.Job instance at 0x1481480b4f50>,0,15,[1 8],2,2,17,0,2
1,<environment.Job instance at 0x1481480b41e0>,2,19,[2 9],6,17,36,11,7
1,<environment.Job instance at 0x14811e4ac550>,4,17,[9 2],8,36,53,28,26
1,<environment.Job instance at 0x14811e535b90>,1,3,[2 7],2,2,5,0,2
1,<environment.Job instance at 0x1481482f4e10>,3,1,[1 9],5,7,8,2,7
1,<environment.Job instance at 0x14811e534460>,4,1,[2 5],6,8,9,2,8
1,<environment.Job instance at 0x14811bfbbfa0>,1,3,[1 7],3,3,6,0,3
1,<environment.Job instance at 0x14814976e910>,2,17,[2 7],4,6,23,2,4
1,<environment.Job instance at 0x14814976ef00>,3,14,[1 6],5,23,37,18,8
1,<environment.Job instance at 0x14814976e550>,7,1,[1 8],9,37,38,28,9
1,<environment.Job instance at 0x14811bfd5870>,3,16,[10  2],4,4,20,0,4
1,<environment.Job instance at 0x14811bfd51e0>,6,15,[2 6],9,20,35,11,9
1,<environment.Job instance at 0x14811bfd5e60>,3,1,[2 5],4,7,8,3,7
1,<environment.Job instance at 0x14811bfe9140>,0,13,[5 1],1,14,27,13,14
1,<environment.Job instance at 0x14811f79c370>,5,2,[7 1],6,33,35,27,33
1,<environment.Job instance at 0x14811df4b5f0>,3,3,[1 9],8,8,11,0,8
1,<environment.Job instance at 0x14811df4ba00>,4,16,[10  1],9,11,27,2,9
1,<environment.Job instance at 0x148149954050>,0,23,[1 6],1,1,24,0,1
1,<environment.Job instance at 0x14811b5c19b0>,1,18,[2 6],4,4,22,0,4
1,<environment.Job instance at 0x148148074690>,0,12,[1 5],1,1,13,0,1
1,<environment.Job instance at 0x14811b7b61e0>,1,13,[7 2],2,2,15,0,2
1,<environment.Job instance at 0x14811b581910>,0,16,[1 5],1,1,17,0,1
1,<environment.Job instance at 0x148168bd6a00>,1,1,[1 9],2,17,18,15,2
1,<environment.Job instance at 0x148168bd6a50>,2,3,[2 9],4,18,21,14,4
1,<environment.Job instance at 0x148168bd6d20>,0,16,[ 2 10],2,2,18,0,2
1,<environment.Job instance at 0x14811b581c80>,1,3,[10  2],3,18,21,15,3
1,<environment.Job instance at 0x14811fac5c30>,1,1,[6 2],2,2,3,0,2
1,<environment.Job instance at 0x14811b581640>,2,3,[10  2],4,4,7,0,4
1,<environment.Job instance at 0x14811fac5e10>,3,3,[5 1],8,8,11,0,8
1,<environment.Job instance at 0x14811fac5690>,4,1,[2 8],9,9,10,0,9
1,<environment.Job instance at 0x14811fa5beb0>,1,3,[9 1],2,2,5,0,2
1,<environment.Job instance at 0x14811ca8d140>,2,14,[2 8],3,5,19,2,3
1,<environment.Job instance at 0x14811bf40550>,5,21,[1 8],6,19,40,13,14
1,<environment.Job instance at 0x14814807e7d0>,2,17,[1 9],4,4,21,0,4
1,<environment.Job instance at 0x14811b71a1e0>,1,1,[5 1],3,3,4,0,3
1,<environment.Job instance at 0x14811b71a370>,2,13,[10  1],5,5,18,0,5
1,<environment.Job instance at 0x14811b71ab90>,5,3,[2 8],9,18,21,9,9
1,<environment.Job instance at 0x14814a1e5e10>,3,12,[7 1],6,7,19,1,7
1,<environment.Job instance at 0x14814a1e5a00>,5,3,[9 2],8,19,22,11,8
1,<environment.Job instance at 0x14814a1e5500>,2,3,[2 5],4,4,7,0,4
1,<environment.Job instance at 0x14811e09bc80>,4,28,[5 1],6,6,34,0,6
1,<environment.Job instance at 0x14811e09ba00>,5,13,[8 2],7,34,47,27,18
1,<environment.Job instance at 0x14811b0570a0>,1,17,[9 2],3,3,20,0,3
1,<environment.Job instance at 0x14814a301aa0>,7,13,[2 5],9,20,33,11,9
1,<environment.Job instance at 0x14811f5c0c30>,0,14,[1 5],1,1,15,0,1
1,<environment.Job instance at 0x14811b765a00>,4,25,[8 1],9,9,34,0,9
1,<environment.Job instance at 0x14811e4d67d0>,0,16,[1 6],1,1,17,0,1
1,<environment.Job instance at 0x14811e4d6af0>,3,14,[9 2],6,6,20,0,6
1,<environment.Job instance at 0x14811f764140>,0,12,[2 9],2,2,14,0,2
1,<environment.Job instance at 0x14811f764280>,4,12,[1 7],7,14,26,7,7
1,<environment.Job instance at 0x1481680ac550>,0,17,[2 9],1,1,18,0,1
1,<environment.Job instance at 0x14811fa3b140>,5,3,[7 1],6,6,9,0,6
1,<environment.Job instance at 0x14811b44ee60>,6,14,[8 2],7,9,23,2,7
1,<environment.Job instance at 0x14811fa3b960>,7,2,[1 9],9,23,25,14,9
1,<environment.Job instance at 0x1481692bdfa0>,2,1,[6 2],3,25,26,22,25
1,<environment.Job instance at 0x14811b609fa0>,1,13,[2 8],3,3,16,0,3
1,<environment.Job instance at 0x14811c018eb0>,0,25,[9 1],1,1,26,0,1
1,<environment.Job instance at 0x14811bf48280>,6,15,[7 2],9,26,41,17,23
1,<environment.Job instance at 0x14811c018fa0>,1,2,[1 5],2,2,4,0,2
1,<environment.Job instance at 0x14811c241b40>,3,14,[2 6],5,5,19,0,5
1,<environment.Job instance at 0x14811c2418c0>,5,17,[2 5],7,19,36,12,7
1,<environment.Job instance at 0x14811e669410>,1,2,[5 1],2,2,4,0,2
1,<environment.Job instance at 0x14811b0f1a50>,3,17,[9 1],6,7,24,1,7
1,<environment.Job instance at 0x14811ac350f0>,0,3,[2 6],1,1,4,0,1
1,<environment.Job instance at 0x14811e4ce6e0>,2,13,[6 1],4,5,18,1,5
1,<environment.Job instance at 0x14811b6137d0>,6,2,[ 1 10],8,18,20,10,9
1,<environment.Job instance at 0x148149764c30>,1,17,[7 1],4,4,21,0,4
1,<environment.Job instance at 0x148149764b40>,2,17,[2 7],5,5,22,0,5
1,<environment.Job instance at 0x14811b319c80>,0,1,[1 8],1,4,5,3,4
1,<environment.Job instance at 0x14811f5df870>,3,1,[6 2],5,5,6,0,5
1,<environment.Job instance at 0x14811f64da50>,4,3,[8 2],6,6,9,0,6
1,<environment.Job instance at 0x14811b808730>,5,2,[ 1 10],8,9,11,1,9
1,<environment.Job instance at 0x14811ad53f00>,0,14,[2 9],1,1,15,0,1
1,<environment.Job instance at 0x14811caa7f00>,5,3,[2 7],6,15,18,9,9
1,<environment.Job instance at 0x148168ed4a50>,0,3,[2 8],1,1,4,0,1
1,<environment.Job instance at 0x148168c241e0>,2,13,[7 2],4,4,17,0,4
1,<environment.Job instance at 0x14811b1702d0>,3,18,[6 1],5,5,23,0,5
1,<environment.Job instance at 0x14811b8cc550>,4,15,[2 9],6,6,21,0,6
1,<environment.Job instance at 0x14811af6d050>,0,16,[6 2],1,1,17,0,1
1,<environment.Job instance at 0x14814a1e5c80>,3,2,[7 2],6,15,17,9,15
1,<environment.Job instance at 0x14811e1775a0>,0,15,[10  2],4,4,19,0,4
1,<environment.Job instance at 0x14816809be10>,3,14,[5 2],9,21,35,12,21
1,<environment.Job instance at 0x14811ac15f50>,2,3,[2 5],4,4,7,0,4
1,<environment.Job instance at 0x14811ac154b0>,3,25,[6 1],5,5,30,0,5
1,<environment.Job instance at 0x14811f7460a0>,5,22,[2 5],9,9,31,0,9
1,<environment.Job instance at 0x14811ed1eeb0>,2,13,[7 2],4,6,19,2,6
1,<environment.Job instance at 0x14811af7c140>,3,14,[9 1],4,4,18,0,4
1,<environment.Job instance at 0x14811e591cd0>,2,17,[1 8],8,8,25,0,8
1,<environment.Job instance at 0x14811e000e60>,0,17,[1 6],1,1,18,0,1
1,<environment.Job instance at 0x14811b080e10>,2,15,[10  1],3,3,18,0,3
1,<environment.Job instance at 0x14811b080af0>,7,1,[5 1],8,35,36,27,35
1,<environment.Job instance at 0x14811b07d500>,1,12,[6 2],3,4,16,1,4
1,<environment.Job instance at 0x14811b683fa0>,5,14,[7 1],8,16,30,8,8
1,<environment.Job instance at 0x14811b7dcfa0>,1,16,[1 8],2,2,18,0,2
1,<environment.Job instance at 0x14811b5dddc0>,0,26,[1 6],1,1,27,0,1
1,<environment.Job instance at 0x14811acd08c0>,3,23,[9 1],6,10,33,4,10
1,<environment.Job instance at 0x14811acd0550>,6,1,[8 2],9,49,50,40,49
1,<environment.Job instance at 0x148170331500>,5,3,[1 6],7,7,10,0,7
1,<environment.Job instance at 0x148149930b40>,2,13,[2 5],8,8,21,0,8
1,<environment.Job instance at 0x1481497d5c30>,0,3,[1 8],1,1,4,0,1
1,<environment.Job instance at 0x1481497d5410>,2,16,[9 1],4,4,20,0,4
1,<environment.Job instance at 0x14816834b5a0>,3,12,[7 2],6,20,32,14,13
1,<environment.Job instance at 0x14811bf4a1e0>,0,15,[ 2 10],2,2,17,0,2
1,<environment.Job instance at 0x14811c253500>,1,13,[7 1],2,4,17,2,4
1,<environment.Job instance at 0x14811e4efa00>,4,3,[6 1],7,7,10,0,7
1,<environment.Job instance at 0x14811e4efeb0>,5,2,[ 1 10],8,10,12,2,8
1,<environment.Job instance at 0x14811e4efcd0>,0,1,[2 6],2,2,3,0,2
1,<environment.Job instance at 0x14811ed17d70>,0,15,[6 1],2,2,17,0,2
1,<environment.Job instance at 0x1481480c9b90>,2,17,[10  1],6,17,34,11,6
1,<environment.Job instance at 0x1481499557d0>,2,1,[ 2 10],4,19,20,15,19
1,<environment.Job instance at 0x14811e3e7500>,0,12,[2 8],1,1,13,0,1
1,<environment.Job instance at 0x14811f9a65a0>,5,12,[2 8],8,13,25,5,8
1,<environment.Job instance at 0x14811fa800a0>,1,1,[8 2],2,2,3,0,2
1,<environment.Job instance at 0x14811fa801e0>,2,18,[9 1],3,3,21,0,3
1,<environment.Job instance at 0x14814a37cfa0>,2,3,[2 8],5,5,8,0,5
1,<environment.Job instance at 0x14811b2bd460>,1,16,[1 6],2,2,18,0,2
1,<environment.Job instance at 0x14811acf9dc0>,2,15,[10  2],3,18,33,15,4
1,<environment.Job instance at 0x14811ac332d0>,1,1,[1 9],3,9,10,6,9
1,<environment.Job instance at 0x14811e4cf190>,0,3,[ 2 10],1,1,4,0,1
1,<environment.Job instance at 0x14811e4cf640>,1,15,[6 1],3,4,19,1,3
1,<environment.Job instance at 0x14811f9ce0a0>,1,3,[1 9],2,2,5,0,2
1,<environment.Job instance at 0x14811f9ce550>,2,14,[ 1 10],4,5,19,1,4
1,<environment.Job instance at 0x1481497d5fa0>,1,1,[1 6],2,2,3,0,2
1,<environment.Job instance at 0x1481497d5e10>,3,17,[5 1],4,4,21,0,4
1,<environment.Job instance at 0x14811f764d70>,0,27,[6 1],1,1,28,0,1
1,<environment.Job instance at 0x14811e5d7aa0>,2,17,[7 2],3,28,45,25,18
1,<environment.Job instance at 0x14811e500d70>,1,16,[5 2],3,7,23,4,7
1,<environment.Job instance at 0x14811e639a00>,1,15,[6 2],2,2,17,0,2
1,<environment.Job instance at 0x14814a34faf0>,3,17,[5 2],4,4,21,0,4
1,<environment.Job instance at 0x14811b5816e0>,0,3,[1 6],1,1,4,0,1
1,<environment.Job instance at 0x1481482fe730>,2,17,[7 1],4,4,21,0,4
1,<environment.Job instance at 0x14811b760b40>,3,16,[8 2],5,21,37,16,9
1,<environment.Job instance at 0x148168c83730>,0,15,[6 1],5,7,22,2,7
1,<environment.Job instance at 0x14811e6b83c0>,6,15,[8 1],9,9,24,0,9
1,<environment.Job instance at 0x14811e6b83c0>,1,14,[2 9],7,7,21,0,7
1,<environment.Job instance at 0x14811b2dbd70>,3,3,[2 6],5,5,8,0,5
1,<environment.Job instance at 0x14811ace65f0>,6,26,[2 5],9,9,35,0,9
1,<environment.Job instance at 0x1481480b4aa0>,0,3,[1 9],1,1,4,0,1
1,<environment.Job instance at 0x14811ace6780>,1,17,[1 5],2,4,21,2,2
1,<environment.Job instance at 0x14811b359690>,1,3,[7 2],3,3,6,0,3
1,<environment.Job instance at 0x14811b359820>,3,18,[1 7],6,6,24,0,6
1,<environment.Job instance at 0x14814a2ffb90>,1,28,[2 5],3,3,31,0,3
1,<environment.Job instance at 0x148149800e10>,3,1,[1 9],5,31,32,26,5
1,<environment.Job instance at 0x148149800a00>,4,3,[6 2],6,6,9,0,6
1,<environment.Job instance at 0x14811b5f7a00>,1,24,[2 9],2,2,26,0,2
1,<environment.Job instance at 0x14811b5f7870>,3,18,[5 2],7,26,44,19,18
1,<environment.Job instance at 0x14811b007af0>,1,3,[2 7],2,2,5,0,2
1,<environment.Job instance at 0x14811aec6410>,5,3,[1 5],9,9,12,0,9
1,<environment.Job instance at 0x1481480beb40>,1,1,[1 8],2,4,5,2,4
1,<environment.Job instance at 0x14811faa3f00>,4,1,[7 1],5,8,9,3,8
1,<environment.Job instance at 0x14811b0015f0>,7,3,[2 6],9,10,13,1,10
1,<environment.Job instance at 0x1481480bedc0>,2,25,[9 1],3,28,53,25,28
1,<environment.Job instance at 0x14811df8d6e0>,1,3,[9 1],2,2,5,0,2
1,<environment.Job instance at 0x14811df8da00>,2,15,[6 1],3,5,20,2,5
1,<environment.Job instance at 0x14811df8d820>,6,17,[10  1],8,20,37,12,8
1,<environment.Job instance at 0x14811df8d2d0>,1,3,[1 9],2,2,5,0,2
1,<environment.Job instance at 0x14811f6dce10>,3,3,[2 9],5,5,8,0,5
1,<environment.Job instance at 0x14811f744a00>,0,14,[5 2],4,4,18,0,4
1,<environment.Job instance at 0x14814806d0f0>,0,21,[10  2],2,2,23,0,2
1,<environment.Job instance at 0x14814806df00>,2,3,[1 7],5,23,26,18,5
1,<environment.Job instance at 0x14811aed1fa0>,3,14,[2 5],7,26,40,19,11
1,<environment.Job instance at 0x14811faeb7d0>,0,13,[1 5],1,1,14,0,1
1,<environment.Job instance at 0x14811fa47190>,4,3,[2 9],6,14,17,8,7
1,<environment.Job instance at 0x14811fa47c30>,3,1,[10  2],5,17,18,12,7
1,<environment.Job instance at 0x14811b2c4aa0>,6,12,[5 2],9,18,30,9,9
1,<environment.Job instance at 0x14811b852320>,0,20,[9 1],1,1,21,0,1
1,<environment.Job instance at 0x14811b852e60>,5,3,[8 1],7,552,555,545,552
1,<environment.Job instance at 0x14811b852e10>,1,18,[8 1],8,8,26,0,8
1,<environment.Job instance at 0x14811e036dc0>,2,3,[6 2],6,6,9,0,6
1,<environment.Job instance at 0x14811f74ffa0>,3,12,[2 9],7,9,21,2,7
1,<environment.Job instance at 0x14811f74f0f0>,0,17,[6 2],2,2,19,0,2
1,<environment.Job instance at 0x14811b5708c0>,2,13,[2 8],3,3,16,0,3
1,<environment.Job instance at 0x14811e116b90>,6,1,[2 5],9,16,17,7,9
1,<environment.Job instance at 0x14814a29e500>,3,12,[2 9],4,4,16,0,4
1,<environment.Job instance at 0x14811b3985f0>,2,16,[ 2 10],3,3,19,0,3
1,<environment.Job instance at 0x148149809a50>,6,17,[9 2],9,19,36,10,10
1,<environment.Job instance at 0x14811b438a50>,3,17,[5 2],5,5,22,0,5
1,<environment.Job instance at 0x14811b4383c0>,6,17,[8 1],9,22,39,13,10
1,<environment.Job instance at 0x14811c269cd0>,0,13,[1 9],1,1,14,0,1
1,<environment.Job instance at 0x14811fa4f0a0>,0,19,[5 2],1,1,20,0,1
1,<environment.Job instance at 0x14814994dd20>,1,3,[6 1],2,2,5,0,2
1,<environment.Job instance at 0x14814994d0a0>,3,3,[2 5],4,4,7,0,4
1,<environment.Job instance at 0x14811fb62370>,1,15,[9 1],2,2,17,0,2
1,<environment.Job instance at 0x14811f643050>,2,12,[6 1],3,17,29,14,4
1,<environment.Job instance at 0x14811adef640>,0,3,[8 2],1,1,4,0,1
1,<environment.Job instance at 0x14811b2e1c30>,4,3,[1 8],7,7,10,0,7
1,<environment.Job instance at 0x14811adef410>,0,17,[1 8],2,2,19,0,2
1,<environment.Job instance at 0x148168301050>,1,15,[10  1],3,19,34,16,5
1,<environment.Job instance at 0x14811fa2e1e0>,2,16,[7 2],4,4,20,0,4
1,<environment.Job instance at 0x14811f759f00>,0,16,[5 1],1,1,17,0,1
1,<environment.Job instance at 0x14814a2acaa0>,6,18,[8 2],9,17,35,8,9
1,<environment.Job instance at 0x14811b7e9960>,0,3,[2 6],1,1,4,0,1
1,<environment.Job instance at 0x14811bf0c820>,1,3,[2 6],2,4,7,2,2
1,<environment.Job instance at 0x14811b7e92d0>,5,3,[2 7],7,7,10,0,7
1,<environment.Job instance at 0x14811abff960>,6,18,[1 6],8,10,28,2,8
1,<environment.Job instance at 0x14811e00f7d0>,0,2,[2 8],1,2,4,1,2
1,<environment.Job instance at 0x14811e00fdc0>,2,15,[1 5],3,4,19,1,3
1,<environment.Job instance at 0x14811abff960>,3,3,[2 5],5,7,10,2,7
1,<environment.Job instance at 0x14811b10ff00>,0,3,[10  2],1,1,4,0,1
1,<environment.Job instance at 0x14811e49caf0>,0,18,[1 9],1,1,19,0,1
1,<environment.Job instance at 0x14811e3d71e0>,5,15,[1 8],7,19,34,12,7
1,<environment.Job instance at 0x14811e3d7730>,6,2,[8 2],8,19,21,11,8
1,<environment.Job instance at 0x14811e3d74b0>,7,13,[6 1],9,21,34,12,9
1,<environment.Job instance at 0x14814a2863c0>,0,3,[10  1],1,1,4,0,1
1,<environment.Job instance at 0x14814a286af0>,1,14,[6 1],3,4,18,1,4
1,<environment.Job instance at 0x14811e062370>,0,14,[1 6],1,1,15,0,1
1,<environment.Job instance at 0x14814a1f3230>,4,3,[9 1],7,14,17,7,14
1,<environment.Job instance at 0x14811e161fa0>,0,3,[1 7],3,3,6,0,3
1,<environment.Job instance at 0x14811e1614b0>,4,16,[10  2],7,7,23,0,7
1,<environment.Job instance at 0x148168030910>,0,3,[2 9],2,2,5,0,2
1,<environment.Job instance at 0x14811cabb140>,3,16,[5 2],6,6,22,0,6
1,<environment.Job instance at 0x14811d514b40>,5,3,[10  2],8,11,14,3,11
1,<environment.Job instance at 0x14811e1b65f0>,3,3,[2 8],7,7,10,0,7
1,<environment.Job instance at 0x14811b8b0140>,2,3,[ 1 10],4,4,7,0,4
1,<environment.Job instance at 0x14811f687c80>,4,2,[5 1],7,7,9,0,7
1,<environment.Job instance at 0x14811f687370>,5,3,[6 1],8,9,12,1,8
1,<environment.Job instance at 0x14811f6876e0>,6,1,[10  1],9,12,13,3,9
1,<environment.Job instance at 0x14811df47550>,1,17,[2 9],3,3,20,0,3
1,<environment.Job instance at 0x14811b5d2c80>,5,3,[1 7],7,20,23,13,7
1,<environment.Job instance at 0x14811fb2e460>,0,2,[1 5],1,1,3,0,1
1,<environment.Job instance at 0x14811acb79b0>,1,12,[5 1],2,3,15,1,3
1,<environment.Job instance at 0x14811faf8c80>,5,17,[2 7],8,8,25,0,8
1,<environment.Job instance at 0x14811faf84b0>,6,12,[5 1],9,25,37,16,25
1,<environment.Job instance at 0x14811e6fc280>,1,3,[2 6],2,2,5,0,2
1,<environment.Job instance at 0x14811e6fcb90>,2,17,[6 1],5,5,22,0,5
1,<environment.Job instance at 0x14811e6fc690>,3,3,[2 8],6,6,9,0,6
1,<environment.Job instance at 0x14811e6fc820>,5,12,[5 2],9,22,34,13,9
1,<environment.Job instance at 0x148168346b90>,2,3,[2 8],3,3,6,0,3
1,<environment.Job instance at 0x14811b363280>,1,26,[2 7],2,6,32,4,4
1,<environment.Job instance at 0x14811b363e60>,1,15,[7 2],2,3,18,1,3
1,<environment.Job instance at 0x148148020eb0>,2,3,[1 7],3,3,6,0,3
1,<environment.Job instance at 0x148148020320>,4,17,[1 5],6,6,23,0,6
1,<environment.Job instance at 0x14811ae2a3c0>,3,3,[2 5],4,4,7,0,4
1,<environment.Job instance at 0x14811ae2a460>,4,18,[10  1],5,7,25,2,5
1,<environment.Job instance at 0x148149809050>,1,2,[1 9],2,3,5,1,3
1,<environment.Job instance at 0x14811cac0e10>,0,3,[1 5],1,1,4,0,1
1,<environment.Job instance at 0x14811cac06e0>,1,1,[1 5],3,5,6,2,5
1,<environment.Job instance at 0x14811b53ec80>,4,15,[8 2],6,6,21,0,6
1,<environment.Job instance at 0x14811b53e4b0>,5,3,[1 7],8,8,11,0,8
1,<environment.Job instance at 0x14811f719370>,0,14,[ 2 10],1,1,15,0,1
1,<environment.Job instance at 0x14811f719f00>,2,18,[5 2],3,15,33,12,4
1,<environment.Job instance at 0x14811f719d20>,6,14,[10  1],9,33,47,24,19
1,<environment.Job instance at 0x14814977adc0>,0,3,[5 1],1,2,5,1,2
1,<environment.Job instance at 0x14811f719d20>,4,12,[7 2],7,7,19,0,7
1,<environment.Job instance at 0x14811e458b40>,0,17,[6 2],1,1,18,0,1
1,<environment.Job instance at 0x14811e4585a0>,1,13,[ 2 10],2,18,31,16,2
1,<environment.Job instance at 0x14811b7a5fa0>,0,3,[7 1],1,1,4,0,1
1,<environment.Job instance at 0x14814800b0f0>,4,14,[9 2],9,18,32,9,18
1,<environment.Job instance at 0x14811fafad20>,0,16,[8 2],1,1,17,0,1
1,<environment.Job instance at 0x14811ad80190>,6,17,[ 2 10],8,8,25,0,8
1,<environment.Job instance at 0x14811e454f50>,0,3,[2 7],1,1,4,0,1
1,<environment.Job instance at 0x14811b4013c0>,0,17,[6 2],4,4,21,0,4
1,<environment.Job instance at 0x14811b3825f0>,5,1,[8 2],9,46,47,37,46
1,<environment.Job instance at 0x14811b6cd5f0>,0,28,[ 2 10],1,1,29,0,1
1,<environment.Job instance at 0x14811b254780>,2,2,[1 5],4,4,6,0,4
1,<environment.Job instance at 0x14811b02ec80>,1,17,[2 9],3,3,20,0,3
1,<environment.Job instance at 0x14811b7b4d20>,1,12,[7 2],2,2,14,0,2
1,<environment.Job instance at 0x14811e5bdb90>,3,17,[ 1 10],6,14,31,8,6
1,<environment.Job instance at 0x14811e02ffa0>,0,3,[2 5],1,1,4,0,1
1,<environment.Job instance at 0x148168087eb0>,1,3,[9 2],4,4,7,0,4
1,<environment.Job instance at 0x14811bf8ea50>,4,13,[1 8],8,8,21,0,8
1,<environment.Job instance at 0x14811bf8e5a0>,3,14,[10  2],6,6,20,0,6
1,<environment.Job instance at 0x1481498beaf0>,0,18,[1 6],1,1,19,0,1
1,<environment.Job instance at 0x1481498be6e0>,1,14,[9 2],3,6,20,3,6
1,<environment.Job instance at 0x14811dfa8d70>,0,14,[10  1],1,1,15,0,1
1,<environment.Job instance at 0x148149899690>,2,16,[9 2],3,15,31,12,3
1,<environment.Job instance at 0x14811f653a00>,3,3,[6 2],4,4,7,0,4
1,<environment.Job instance at 0x148149894780>,4,3,[2 5],8,8,11,0,8
1,<environment.Job instance at 0x14811aea8230>,0,18,[2 9],1,1,19,0,1
1,<environment.Job instance at 0x14811aea8870>,2,3,[1 9],4,19,22,15,4
1,<environment.Job instance at 0x14811aea80f0>,3,3,[2 7],6,22,25,16,6
1,<environment.Job instance at 0x14811e500500>,0,15,[2 7],1,1,16,0,1
1,<environment.Job instance at 0x14811f732d20>,0,3,[5 2],2,2,5,0,2
1,<environment.Job instance at 0x14811f7327d0>,2,17,[9 1],4,5,22,1,4
1,<environment.Job instance at 0x14816801b4b0>,4,14,[2 8],8,22,36,14,8
1,<environment.Job instance at 0x14814a2f1140>,0,17,[7 2],1,1,18,0,1
1,<environment.Job instance at 0x14811e0af5f0>,3,18,[8 1],7,18,36,11,8
1,<environment.Job instance at 0x14811e0af780>,2,3,[ 2 10],6,6,9,0,6
1,<environment.Job instance at 0x14811e65bfa0>,0,2,[ 1 10],1,7,9,6,7
1,<environment.Job instance at 0x14811cac85a0>,3,17,[ 1 10],5,2711,2728,2706,2711
1,<environment.Job instance at 0x14816836e5a0>,0,13,[7 2],1,1,14,0,1
1,<environment.Job instance at 0x14811e68f0a0>,1,18,[10  2],2,2,20,0,2
1,<environment.Job instance at 0x14811b467c30>,5,12,[5 2],7,20,32,13,8
1,<environment.Job instance at 0x14811b467a50>,2,17,[7 1],5,5,22,0,5
1,<environment.Job instance at 0x14811bf88be0>,0,13,[5 2],3,6,19,3,6
1,<environment.Job instance at 0x14811e48ef00>,3,14,[7 1],9,19,33,10,11
1,<environment.Job instance at 0x148168c2b140>,0,17,[6 2],5,6,23,1,6
1,<environment.Job instance at 0x14811cab1410>,3,14,[10  2],9,23,37,14,9
1,<environment.Job instance at 0x14811dfd6960>,0,17,[1 9],1,1,18,0,1
1,<environment.Job instance at 0x14811f7540f0>,1,17,[6 1],3,3,20,0,3
1,<environment.Job instance at 0x14811b2d4190>,4,18,[2 8],8,8,26,0,8
1,<environment.Job instance at 0x148168368280>,0,13,[7 2],1,1,14,0,1
1,<environment.Job instance at 0x14811b130c30>,3,16,[5 2],5,7,23,2,7
1,<environment.Job instance at 0x14811b28fcd0>,0,1,[1 9],1,1,2,0,1
1,<environment.Job instance at 0x14811b28f690>,1,18,[8 2],2,2,20,0,2
1,<environment.Job instance at 0x14811b481d20>,0,3,[2 5],4,4,7,0,4
1,<environment.Job instance at 0x14811af28b40>,2,1,[2 9],7,7,8,0,7
1,<environment.Job instance at 0x14811af28550>,3,18,[7 2],9,9,27,0,9
1,<environment.Job instance at 0x14811b6d0be0>,2,3,[2 6],3,3,6,0,3
1,<environment.Job instance at 0x1481692be0f0>,2,14,[8 2],5,5,19,0,5
1,<environment.Job instance at 0x1481692be3c0>,1,3,[1 8],3,3,6,0,3
1,<environment.Job instance at 0x14811bfec320>,0,17,[10  2],1,1,18,0,1
1,<environment.Job instance at 0x148149955dc0>,3,3,[1 7],4,4,7,0,4
1,<environment.Job instance at 0x1481702b83c0>,0,3,[1 9],2,2,5,0,2
1,<environment.Job instance at 0x14811ace7dc0>,3,2,[1 8],5,5,7,0,5
1,<environment.Job instance at 0x14811ace7cd0>,4,16,[10  1],6,7,23,1,6
1,<environment.Job instance at 0x14811bf03e10>,2,2,[1 5],3,3,5,0,3
1,<environment.Job instance at 0x14811b52b230>,5,13,[1 6],7,7,20,0,7
1,<environment.Job instance at 0x14811af36910>,0,3,[1 8],2,2,5,0,2
1,<environment.Job instance at 0x148168301870>,2,20,[10  2],4,5,25,1,4
1,<environment.Job instance at 0x1481683016e0>,1,3,[10  2],3,3,6,0,3
1,<environment.Job instance at 0x1481683012d0>,2,3,[2 7],5,6,9,1,5
1,<environment.Job instance at 0x14811b5816e0>,3,15,[7 2],6,7,22,1,7
1,<environment.Job instance at 0x14811e4f5140>,2,3,[7 1],4,4,7,0,4
1,<environment.Job instance at 0x14814999f2d0>,3,1,[ 1 10],5,7,8,2,5
1,<environment.Job instance at 0x14814999fe60>,4,18,[6 1],6,8,26,2,6
1,<environment.Job instance at 0x14811e4f58c0>,7,18,[2 8],9,27,45,18,27
1,<environment.Job instance at 0x14811b6dfaf0>,1,18,[8 1],2,4,22,2,4
1,<environment.Job instance at 0x14811b53e820>,3,3,[2 7],6,13,16,7,13
1,<environment.Job instance at 0x14811b53e780>,0,1,[ 1 10],3,20,21,17,20
1,<environment.Job instance at 0x14811b53e2d0>,4,14,[1 9],8,203,217,195,203
1,<environment.Job instance at 0x1481498be910>,0,3,[1 6],2,2,5,0,2
1,<environment.Job instance at 0x14811fa2ea00>,2,12,[5 2],4,5,17,1,5
1,<environment.Job instance at 0x14814983ad20>,5,3,[1 8],8,38,41,30,38
1,<environment.Job instance at 0x14811b0f8a50>,0,3,[2 9],2,2,5,0,2
1,<environment.Job instance at 0x1481498820a0>,2,3,[7 1],6,6,9,0,6
1,<environment.Job instance at 0x14811d514460>,1,3,[9 2],3,3,6,0,3
1,<environment.Job instance at 0x14811f6205a0>,2,3,[1 6],6,6,9,0,6
1,<environment.Job instance at 0x14811f620c30>,3,13,[1 5],7,9,22,2,7
1,<environment.Job instance at 0x14811e5bdb40>,1,18,[1 8],3,3,21,0,3
1,<environment.Job instance at 0x14814a2405f0>,2,17,[10  2],5,21,38,16,9
1,<environment.Job instance at 0x14814a2403c0>,3,3,[9 2],6,10,13,4,10
1,<environment.Job instance at 0x14814a240910>,4,12,[8 1],7,38,50,31,34
1,<environment.Job instance at 0x148168c1bcd0>,1,13,[8 1],4,5,18,1,5
1,<environment.Job instance at 0x14811fa06050>,2,13,[1 9],4,4,17,0,4
1,<environment.Job instance at 0x14811ae48410>,3,15,[10  1],6,6,21,0,6
1,<environment.Job instance at 0x14814a32fdc0>,0,13,[6 2],1,1,14,0,1
1,<environment.Job instance at 0x148149748be0>,4,12,[5 2],6,14,26,8,8
1,<environment.Job instance at 0x14816802bdc0>,0,16,[7 1],1,1,17,0,1
1,<environment.Job instance at 0x14811c008500>,5,15,[7 2],8,17,32,9,9
1,<environment.Job instance at 0x148148051e10>,0,24,[9 2],1,1,25,0,1
1,<environment.Job instance at 0x14811c0089b0>,4,16,[5 1],8,25,41,17,17
1,<environment.Job instance at 0x14811adce5f0>,1,3,[1 7],4,4,7,0,4
1,<environment.Job instance at 0x14811ad230f0>,5,13,[6 1],8,22,35,14,22
1,<environment.Job instance at 0x14811b5f1c30>,0,15,[2 8],2,2,17,0,2
1,<environment.Job instance at 0x14811ad23280>,1,17,[8 1],3,3,20,0,3
1,<environment.Job instance at 0x1481499a1280>,2,3,[2 8],6,6,9,0,6
1,<environment.Job instance at 0x14811e632af0>,4,3,[2 6],8,9,12,1,8
1,<environment.Job instance at 0x14811b27b410>,1,3,[2 8],3,3,6,0,3
1,<environment.Job instance at 0x14811f6364b0>,4,17,[6 2],6,6,23,0,6
1,<environment.Job instance at 0x14811f5c7f00>,1,23,[2 9],2,2,25,0,2
1,<environment.Job instance at 0x14811f5c7d70>,2,15,[5 2],3,25,40,22,12
1,<environment.Job instance at 0x14811f6dc6e0>,0,3,[2 7],1,1,4,0,1
1,<environment.Job instance at 0x14811ad10190>,0,12,[7 1],1,1,13,0,1
1,<environment.Job instance at 0x14811bf1a820>,3,3,[1 7],7,7,10,0,7
1,<environment.Job instance at 0x14814a25dcd0>,0,14,[ 1 10],3,3,17,0,3
1,<environment.Job instance at 0x14811dfe1870>,3,2,[6 2],9,17,19,8,9
1,<environment.Job instance at 0x14811bf3d410>,0,26,[ 2 10],1,1,27,0,1
1,<environment.Job instance at 0x14811bf3d820>,4,1,[2 9],8,27,28,19,9
1,<environment.Job instance at 0x14811bef57d0>,1,16,[9 2],2,2,18,0,2
1,<environment.Job instance at 0x14811f616730>,1,23,[5 2],4,4,27,0,4
1,<environment.Job instance at 0x14811faab230>,0,17,[1 9],1,1,18,0,1
1,<environment.Job instance at 0x14811b0afc30>,0,3,[7 2],1,1,4,0,1
1,<environment.Job instance at 0x14811b0016e0>,2,3,[2 9],4,4,7,0,4
1,<environment.Job instance at 0x14811ad375f0>,0,17,[2 5],3,3,20,0,3
1,<environment.Job instance at 0x1481680ac050>,3,1,[2 6],7,20,21,13,7
1,<environment.Job instance at 0x1481680acd70>,4,1,[2 6],8,21,22,13,8
1,<environment.Job instance at 0x14811b71a730>,0,12,[1 9],1,1,13,0,1
1,<environment.Job instance at 0x14811b71aeb0>,2,12,[1 5],3,13,25,10,3
1,<environment.Job instance at 0x14811faa1640>,0,3,[2 8],1,1,4,0,1
1,<environment.Job instance at 0x14811faa1e60>,5,14,[1 5],6,6,20,0,6
1,<environment.Job instance at 0x14811bf3df50>,0,12,[1 9],2,2,14,0,2
1,<environment.Job instance at 0x14811e084dc0>,6,2,[7 1],8,10,12,2,10
1,<environment.Job instance at 0x14811b3675a0>,1,13,[1 6],2,2,15,0,2
1,<environment.Job instance at 0x14811ad1e0a0>,3,15,[7 2],4,4,19,0,4
1,<environment.Job instance at 0x14811bfda960>,3,1,[5 1],4,4,5,0,4
1,<environment.Job instance at 0x14811bfda0a0>,4,3,[8 1],5,5,8,0,5
1,<environment.Job instance at 0x14811bfda550>,6,13,[1 9],7,7,20,0,7
1,<environment.Job instance at 0x14811af274b0>,0,3,[5 1],1,1,4,0,1
1,<environment.Job instance at 0x148168057aa0>,2,3,[1 9],4,5,8,1,5
1,<environment.Job instance at 0x14814983bfa0>,5,3,[2 6],7,8,11,1,7
1,<environment.Job instance at 0x1481480c9870>,3,13,[8 2],4,4,17,0,4
1,<environment.Job instance at 0x14816830df50>,1,1,[2 7],3,3,4,0,3
1,<environment.Job instance at 0x14816830d8c0>,4,1,[ 1 10],8,8,9,0,8
1,<environment.Job instance at 0x14811fa97460>,0,13,[ 1 10],1,1,14,0,1
1,<environment.Job instance at 0x14811b626500>,3,13,[1 5],5,20,33,15,20
1,<environment.Job instance at 0x14811b626dc0>,4,3,[ 1 10],6,73,76,67,73
1,<environment.Job instance at 0x14811b8b5960>,0,18,[1 6],4,4,22,0,4
1,<environment.Job instance at 0x14811b626d20>,2,13,[9 1],6,9,22,3,9
1,<environment.Job instance at 0x1481498e18c0>,0,13,[2 5],2,2,15,0,2
1,<environment.Job instance at 0x14811ae9faa0>,0,13,[2 5],2,2,15,0,2
1,<environment.Job instance at 0x14811ae9f460>,2,13,[7 2],4,5,18,1,5
1,<environment.Job instance at 0x148149937370>,4,3,[2 6],6,15,18,9,6
1,<environment.Job instance at 0x14811e5a4140>,0,3,[2 9],1,1,4,0,1
1,<environment.Job instance at 0x1481499378c0>,1,14,[2 5],2,4,18,2,2
1,<environment.Job instance at 0x14811e152d20>,2,16,[8 1],5,5,21,0,5
1,<environment.Job instance at 0x14811e152780>,2,13,[9 2],8,12,25,4,12
1,<environment.Job instance at 0x14814a252aa0>,0,18,[2 6],1,1,19,0,1
1,<environment.Job instance at 0x14811e619460>,1,15,[5 2],2,3,18,1,3
1,<environment.Job instance at 0x14811acda550>,4,1,[10  1],5,19,20,14,5
1,<environment.Job instance at 0x14811e1987d0>,7,12,[5 2],8,20,32,12,12
1,<environment.Job instance at 0x14811f58c4b0>,1,3,[2 5],4,4,7,0,4
1,<environment.Job instance at 0x14811b4fabe0>,3,1,[2 6],7,7,8,0,7
1,<environment.Job instance at 0x14811b4fa1e0>,4,2,[9 1],8,8,10,0,8
1,<environment.Job instance at 0x148168bb40f0>,0,18,[10  1],1,1,19,0,1
1,<environment.Job instance at 0x14811b7a9cd0>,3,18,[1 7],4,4,22,0,4
1,<environment.Job instance at 0x148168bb46e0>,4,16,[9 1],6,7,23,1,7
1,<environment.Job instance at 0x14811b6dc780>,3,16,[6 2],4,4,20,0,4
1,<environment.Job instance at 0x14811b1ba960>,7,13,[7 1],9,20,33,11,9
1,<environment.Job instance at 0x14814a37c410>,5,18,[1 6],7,7,25,0,7
1,<environment.Job instance at 0x14811dfd01e0>,2,18,[8 2],3,26,44,23,26
1,<environment.Job instance at 0x14811b170870>,1,14,[1 8],3,3,17,0,3
1,<environment.Job instance at 0x14811b242e60>,0,18,[ 2 10],1,1,19,0,1
1,<environment.Job instance at 0x14814a3c3410>,4,18,[1 9],8,19,37,11,8
1,<environment.Job instance at 0x14811fb1da00>,1,22,[1 7],2,3,25,1,3
1,<environment.Job instance at 0x14811acaa320>,4,15,[5 1],6,6,21,0,6
1,<environment.Job instance at 0x14811acaa7d0>,7,13,[ 2 10],9,21,34,12,9
1,<environment.Job instance at 0x14811e510960>,0,17,[1 7],1,1,18,0,1
1,<environment.Job instance at 0x148148306be0>,1,12,[ 1 10],4,4,16,0,4
1,<environment.Job instance at 0x14811ac39460>,1,12,[1 8],2,2,14,0,2
1,<environment.Job instance at 0x14811ac39780>,5,25,[7 2],8,8,33,0,8
1,<environment.Job instance at 0x14811fa43230>,2,2,[ 1 10],3,26,28,23,26
1,<environment.Job instance at 0x14811b4a2550>,0,2,[5 1],1,1,3,0,1
1,<environment.Job instance at 0x14811b4a2d20>,1,14,[2 9],2,2,16,0,2
1,<environment.Job instance at 0x14811b4a23c0>,3,15,[10  1],5,16,31,11,5
1,<environment.Job instance at 0x14811b30e0f0>,0,3,[8 2],3,3,6,0,3
1,<environment.Job instance at 0x14811e5867d0>,1,18,[7 1],5,6,24,1,5
1,<environment.Job instance at 0x14811e4612d0>,5,2,[6 1],6,18,20,12,18
1,<environment.Job instance at 0x14811e461050>,4,2,[1 5],5,105,107,100,105
1,<environment.Job instance at 0x14814a370aa0>,0,3,[7 1],2,2,5,0,2
1,<environment.Job instance at 0x14811df910a0>,1,14,[2 7],3,3,17,0,3
1,<environment.Job instance at 0x14811f6dc640>,3,1,[ 2 10],7,17,18,10,7
1,<environment.Job instance at 0x14811e4ceb40>,4,14,[2 5],6,6,20,0,6
1,<environment.Job instance at 0x14811e1b04b0>,0,3,[6 1],1,1,4,0,1
1,<environment.Job instance at 0x14811bf72820>,2,3,[6 2],5,5,8,0,5
1,<environment.Job instance at 0x14811f74f280>,6,1,[1 7],9,9,10,0,9
1,<environment.Job instance at 0x14811f74f1e0>,3,16,[1 5],7,7,23,0,7
1,<environment.Job instance at 0x14811fa62320>,1,3,[5 1],5,6,9,1,6
1,<environment.Job instance at 0x14811b69ee10>,3,12,[9 1],7,9,21,2,8
1,<environment.Job instance at 0x14811adfa640>,2,16,[10  1],4,4,20,0,4
1,<environment.Job instance at 0x14811b3f4280>,1,3,[1 6],3,3,6,0,3
1,<environment.Job instance at 0x14811e0086e0>,2,13,[2 9],5,6,19,1,5
1,<environment.Job instance at 0x14811b611a50>,3,12,[10  1],6,19,31,13,7
1,<environment.Job instance at 0x14811bf48410>,0,17,[9 1],1,1,18,0,1
1,<environment.Job instance at 0x1481498eb4b0>,0,25,[ 1 10],1,1,26,0,1
1,<environment.Job instance at 0x14811f712eb0>,0,3,[1 9],1,1,4,0,1
1,<environment.Job instance at 0x14811b071e60>,3,2,[8 1],7,7,9,0,7
1,<environment.Job instance at 0x14811b071780>,4,3,[10  1],8,9,12,1,8
1,<environment.Job instance at 0x14811d51cd20>,2,18,[2 7],5,5,23,0,5
1,<environment.Job instance at 0x14811b5a2dc0>,0,17,[2 7],3,3,20,0,3
1,<environment.Job instance at 0x148168043640>,0,17,[8 1],2,2,19,0,2
1,<environment.Job instance at 0x148168043b90>,2,18,[2 7],5,5,23,0,5
1,<environment.Job instance at 0x148168043870>,2,16,[5 2],3,11,27,8,11
1,<environment.Job instance at 0x1481498fbaf0>,0,3,[2 6],1,1,4,0,1
1,<environment.Job instance at 0x14811e595370>,4,15,[10  2],6,6,21,0,6
1,<environment.Job instance at 0x14811b2fa500>,0,12,[2 9],1,1,13,0,1
1,<environment.Job instance at 0x14811aedb870>,1,14,[10  1],3,3,17,0,3
1,<environment.Job instance at 0x14811b4d35a0>,5,3,[9 1],9,17,20,8,9
1,<environment.Job instance at 0x14811b6b9c80>,0,17,[1 8],1,1,18,0,1
1,<environment.Job instance at 0x14811b6b97d0>,3,1,[1 8],4,18,19,14,6
1,<environment.Job instance at 0x14811b6b95f0>,4,3,[8 2],7,44,47,37,44
1,<environment.Job instance at 0x14811b6b9320>,5,3,[2 5],8,1073,1076,1065,1073
1,<environment.Job instance at 0x14811b067e10>,4,22,[7 2],6,7,29,1,7
1,<environment.Job instance at 0x14811d506050>,0,24,[2 7],1,1,25,0,1
1,<environment.Job instance at 0x14811ace6f50>,0,3,[6 2],1,1,4,0,1
1,<environment.Job instance at 0x14811e3d94b0>,3,3,[1 5],5,5,8,0,5
1,<environment.Job instance at 0x14811ace6050>,5,3,[2 7],7,8,11,1,7
1,<environment.Job instance at 0x14811dfe8280>,1,20,[1 9],2,2,22,0,2
1,<environment.Job instance at 0x14811e586d70>,0,15,[5 1],1,1,16,0,1
1,<environment.Job instance at 0x14811b2c4460>,6,23,[10  2],8,16,39,8,10
1,<environment.Job instance at 0x14811af000f0>,0,19,[8 1],2,2,21,0,2
1,<environment.Job instance at 0x14811acbef00>,3,18,[9 2],6,6,24,0,6
1,<environment.Job instance at 0x14811e6fc640>,0,3,[7 1],1,1,4,0,1
1,<environment.Job instance at 0x14811e6fc960>,3,3,[ 2 10],7,7,10,0,7
1,<environment.Job instance at 0x14811e6fceb0>,4,3,[6 2],8,10,13,2,8
1,<environment.Job instance at 0x14811b742780>,0,3,[6 1],5,5,8,0,5
1,<environment.Job instance at 0x14811e6fc550>,2,15,[8 1],7,8,23,1,7
1,<environment.Job instance at 0x14811fb1d2d0>,1,15,[7 1],4,4,19,0,4
1,<environment.Job instance at 0x14811ace9eb0>,0,17,[5 1],4,5,22,1,5
1,<environment.Job instance at 0x14811ca92730>,0,16,[2 6],1,1,17,0,1
1,<environment.Job instance at 0x14811ca92f00>,5,3,[6 1],7,7,10,0,7
1,<environment.Job instance at 0x14811af20690>,2,2,[2 7],5,17,19,12,17
1,<environment.Job instance at 0x14811b7dd5f0>,2,13,[1 7],4,4,17,0,4
1,<environment.Job instance at 0x14811e05ec30>,5,13,[8 2],7,9,22,2,9
1,<environment.Job instance at 0x14811e05e460>,7,3,[6 2],9,22,25,13,19
1,<environment.Job instance at 0x14814977ceb0>,0,13,[6 1],1,1,14,0,1
1,<environment.Job instance at 0x14811b0f4a00>,4,14,[1 6],8,8,22,0,8
1,<environment.Job instance at 0x14811c2407d0>,0,3,[7 1],1,1,4,0,1
1,<environment.Job instance at 0x14811b084b90>,2,15,[10  2],4,4,19,0,4
1,<environment.Job instance at 0x14811c2581e0>,1,15,[2 6],3,3,18,0,3
1,<environment.Job instance at 0x14811c258230>,3,15,[9 1],5,18,33,13,12
1,<environment.Job instance at 0x14811f5ce1e0>,1,3,[2 6],3,3,6,0,3
1,<environment.Job instance at 0x14811b65b640>,3,12,[10  2],5,6,18,1,5
1,<environment.Job instance at 0x14811b067fa0>,2,13,[7 1],4,5,18,1,5
1,<environment.Job instance at 0x14811b65b820>,1,15,[9 2],3,3,18,0,3
1,<environment.Job instance at 0x14811c24a140>,5,13,[8 2],8,18,31,10,12
1,<environment.Job instance at 0x14811c24ae60>,1,18,[6 2],3,3,21,0,3
1,<environment.Job instance at 0x14811f61ef50>,4,13,[ 2 10],8,21,34,13,8
1,<environment.Job instance at 0x14811b66a280>,5,13,[6 2],9,12,25,3,12
1,<environment.Job instance at 0x14811b2d40a0>,0,19,[2 7],1,1,20,0,1
1,<environment.Job instance at 0x14811b2c4780>,4,17,[9 1],5,20,37,15,8
1,<environment.Job instance at 0x14811fa8a280>,2,2,[2 5],3,3,5,0,3
1,<environment.Job instance at 0x14811fa8a5a0>,4,24,[2 7],6,6,30,0,6
1,<environment.Job instance at 0x14811fb1f960>,6,13,[1 6],8,30,43,22,14
1,<environment.Job instance at 0x14811b33d870>,0,17,[2 8],5,5,22,0,5
1,<environment.Job instance at 0x14811df840f0>,0,12,[2 9],1,1,13,0,1
1,<environment.Job instance at 0x14811df84eb0>,1,18,[7 2],3,13,31,10,3
1,<environment.Job instance at 0x14811e47e870>,4,3,[2 5],8,13,16,5,8
1,<environment.Job instance at 0x14811c23cc30>,2,1,[5 1],6,7,8,1,7
1,<environment.Job instance at 0x14811c23cb40>,4,3,[1 5],9,9,12,0,9
1,<environment.Job instance at 0x14811c23c2d0>,2,3,[8 1],6,6,9,0,6
1,<environment.Job instance at 0x14811afad8c0>,3,2,[10  2],6,25,27,19,25
1,<environment.Job instance at 0x1481480979b0>,1,3,[2 9],2,2,5,0,2
1,<environment.Job instance at 0x148148097500>,3,1,[10  2],5,5,6,0,5
1,<environment.Job instance at 0x14811b4a4d20>,5,15,[5 2],8,9,24,1,9
1,<environment.Job instance at 0x14811fa06cd0>,2,3,[ 2 10],4,4,7,0,4
1,<environment.Job instance at 0x14811fa060a0>,4,3,[9 2],7,7,10,0,7
1,<environment.Job instance at 0x14811e67d550>,0,18,[6 1],1,1,19,0,1
1,<environment.Job instance at 0x14811e67d8c0>,3,14,[2 6],8,8,22,0,8
1,<environment.Job instance at 0x14811dfecc30>,2,15,[9 2],6,6,21,0,6
1,<environment.Job instance at 0x14811dfec730>,0,18,[1 8],2,2,20,0,2
1,<environment.Job instance at 0x1481482fe640>,5,13,[5 2],9,208,221,199,208
1,<environment.Job instance at 0x14811e129280>,0,15,[6 2],1,2,17,1,2
1,<environment.Job instance at 0x14811e129190>,2,3,[ 2 10],6,17,20,11,6
1,<environment.Job instance at 0x14811e129c30>,4,14,[1 7],8,20,34,12,8
1,<environment.Job instance at 0x14811e129960>,5,15,[8 2],9,20,35,11,10
1,<environment.Job instance at 0x14811e5ab230>,0,1,[2 5],1,2,3,1,2
1,<environment.Job instance at 0x14811e5ab8c0>,2,3,[1 5],3,3,6,0,3
1,<environment.Job instance at 0x14814a2444b0>,3,3,[1 9],4,6,9,2,4
1,<environment.Job instance at 0x14814a244410>,5,1,[10  1],6,9,10,3,7
1,<environment.Job instance at 0x14814a244be0>,6,15,[2 8],7,10,25,3,7
1,<environment.Job instance at 0x1481480c9820>,1,19,[1 8],4,4,23,0,4
1,<environment.Job instance at 0x1481480c9410>,5,2,[10  1],9,23,25,14,20
1,<environment.Job instance at 0x1481499649b0>,0,3,[1 5],1,1,4,0,1
1,<environment.Job instance at 0x148149964500>,1,13,[6 1],2,6,19,4,6
1,<environment.Job instance at 0x14811f6e60f0>,6,15,[1 9],9,10,25,1,10
1,<environment.Job instance at 0x14811f6e6910>,0,22,[1 5],1,1,23,0,1
1,<environment.Job instance at 0x1481498bef50>,2,18,[8 1],8,8,26,0,8
1,<environment.Job instance at 0x14811b13a320>,4,13,[1 7],7,7,20,0,7
1,<environment.Job instance at 0x14811ad73190>,0,3,[9 2],3,3,6,0,3
1,<environment.Job instance at 0x14811b13ad20>,2,14,[5 1],6,9,23,3,9
1,<environment.Job instance at 0x14814a209b40>,4,2,[1 5],8,20,22,12,20
1,<environment.Job instance at 0x14814a24f3c0>,1,16,[9 1],3,3,19,0,3
1,<environment.Job instance at 0x14811b3be230>,1,1,[2 6],2,2,3,0,2
1,<environment.Job instance at 0x14811b241eb0>,2,14,[ 1 10],3,3,17,0,3
1,<environment.Job instance at 0x14811fa4afa0>,2,3,[5 1],3,3,6,0,3
1,<environment.Job instance at 0x14811b6ca050>,3,14,[10  1],5,6,20,1,5
1,<environment.Job instance at 0x148149873870>,0,14,[5 2],3,3,17,0,3
1,<environment.Job instance at 0x14811b4aa820>,4,18,[10  2],7,17,35,10,7
1,<environment.Job instance at 0x14811b4aafa0>,0,3,[2 6],1,1,4,0,1
1,<environment.Job instance at 0x14811c25c230>,3,13,[10  1],7,7,20,0,7
1,<environment.Job instance at 0x148168384b40>,1,16,[10  2],4,4,20,0,4
1,<environment.Job instance at 0x14811ace6050>,2,18,[5 1],3,3,21,0,3
1,<environment.Job instance at 0x14811b84c820>,4,12,[2 7],6,6,18,0,6
1,<environment.Job instance at 0x14811f58cf50>,0,16,[2 5],1,1,17,0,1
1,<environment.Job instance at 0x14811b32e190>,3,14,[2 7],4,17,31,13,4
1,<environment.Job instance at 0x14811e4f2a00>,1,13,[2 5],2,2,15,0,2
1,<environment.Job instance at 0x14811b83b870>,0,3,[2 7],1,1,4,0,1
1,<environment.Job instance at 0x14811b83b5a0>,1,17,[1 5],2,4,21,2,2
1,<environment.Job instance at 0x14811b83be60>,3,18,[5 1],5,5,23,0,5
1,<environment.Job instance at 0x14811b753be0>,6,1,[7 1],8,23,24,15,10
1,<environment.Job instance at 0x14811b753dc0>,5,18,[2 8],7,21,39,14,12
1,<environment.Job instance at 0x14811b74ad70>,0,14,[1 8],3,3,17,0,3
1,<environment.Job instance at 0x1481480c9910>,0,12,[2 7],1,2,14,1,2
1,<environment.Job instance at 0x14811e0af500>,3,17,[1 5],4,14,31,10,4
1,<environment.Job instance at 0x148149901870>,0,14,[8 2],1,1,15,0,1
1,<environment.Job instance at 0x14811afa8b90>,0,3,[2 5],2,2,5,0,2
1,<environment.Job instance at 0x14814a2a7fa0>,0,16,[2 5],2,2,18,0,2
1,<environment.Job instance at 0x14814a2a7190>,1,3,[8 2],3,3,6,0,3
1,<environment.Job instance at 0x14811e4f0aa0>,4,22,[1 5],6,6,28,0,6
1,<environment.Job instance at 0x14811dfa85f0>,0,13,[10  2],1,1,14,0,1
1,<environment.Job instance at 0x14811e060b40>,0,1,[6 2],2,2,3,0,2
1,<environment.Job instance at 0x14811f690c30>,5,16,[1 9],7,7,23,0,7
1,<environment.Job instance at 0x14816830d690>,2,17,[8 1],8,8,25,0,8
1,<environment.Job instance at 0x148168c25b40>,0,3,[1 9],1,1,4,0,1
1,<environment.Job instance at 0x14811e5cfaa0>,5,1,[5 2],7,7,8,0,7
1,<environment.Job instance at 0x14811e5cff00>,6,13,[5 2],8,8,21,0,8
1,<environment.Job instance at 0x1481498dea00>,2,28,[2 6],3,7,35,4,7
1,<environment.Job instance at 0x1481498dedc0>,5,3,[1 5],8,35,38,27,10
1,<environment.Job instance at 0x1481498de280>,3,18,[1 8],4,744,762,740,744
1,<environment.Job instance at 0x14811b7cc960>,0,3,[1 6],2,2,5,0,2
1,<environment.Job instance at 0x14811e1164b0>,3,13,[1 6],9,9,22,0,9
1,<environment.Job instance at 0x14811adc0c30>,0,18,[ 1 10],4,4,22,0,4
1,<environment.Job instance at 0x14814a1c8410>,1,18,[2 9],4,4,22,0,4
1,<environment.Job instance at 0x14811adb24b0>,0,14,[1 6],1,1,15,0,1
1,<environment.Job instance at 0x14811b88edc0>,3,18,[ 2 10],4,15,33,11,4
1,<environment.Job instance at 0x14811b6aac30>,1,3,[1 5],2,2,5,0,2
1,<environment.Job instance at 0x14811b6aaa50>,2,3,[6 1],8,8,11,0,8
1,<environment.Job instance at 0x14814a2184b0>,6,25,[6 2],8,8,33,0,8
1,<environment.Job instance at 0x14811b2593c0>,4,2,[6 1],7,8,10,1,8
1,<environment.Job instance at 0x14811b38dd70>,0,3,[2 5],1,1,4,0,1
1,<environment.Job instance at 0x14811b38ddc0>,1,16,[8 1],2,2,18,0,2
1,<environment.Job instance at 0x14816801daa0>,5,1,[2 9],7,7,8,0,7
1,<environment.Job instance at 0x14816801d6e0>,6,18,[6 2],8,18,36,10,8
1,<environment.Job instance at 0x14811e52ae60>,0,18,[ 2 10],1,1,19,0,1
1,<environment.Job instance at 0x14811e52a4b0>,1,12,[10  2],2,19,31,17,2
1,<environment.Job instance at 0x148168c2dfa0>,2,18,[7 1],3,4,22,1,4
1,<environment.Job instance at 0x14811b6ff4b0>,0,3,[2 6],3,3,6,0,3
1,<environment.Job instance at 0x14811b6ff8c0>,3,1,[5 1],7,7,8,0,7
1,<environment.Job instance at 0x14814a2f1c30>,1,2,[8 1],2,2,4,0,2
1,<environment.Job instance at 0x14811b6ff690>,2,25,[9 1],3,4,29,1,4
1,<environment.Job instance at 0x14814a3877d0>,1,12,[9 1],2,2,14,0,2
1,<environment.Job instance at 0x14814998ad70>,5,16,[1 7],8,9,25,1,9
1,<environment.Job instance at 0x14811addfaa0>,0,15,[1 9],1,1,16,0,1
1,<environment.Job instance at 0x14816803f0a0>,2,15,[10  1],4,4,19,0,4
1,<environment.Job instance at 0x14811dff8460>,4,18,[1 6],6,19,37,13,8
1,<environment.Job instance at 0x14811b369fa0>,3,1,[2 7],8,10,11,2,10
1,<environment.Job instance at 0x14811ae95f50>,2,18,[9 2],4,4,22,0,4
1,<environment.Job instance at 0x14811ae95190>,3,14,[1 8],5,5,19,0,5
1,<environment.Job instance at 0x14814a2d3910>,0,3,[2 7],1,1,4,0,1
1,<environment.Job instance at 0x14811b7531e0>,2,13,[10  2],3,4,17,1,3
1,<environment.Job instance at 0x14811b7538c0>,4,17,[7 2],5,17,34,12,6
1,<environment.Job instance at 0x14811b753640>,6,16,[5 2],8,34,50,26,21
1,<environment.Job instance at 0x148149790e10>,1,3,[9 2],2,2,5,0,2
1,<environment.Job instance at 0x148148301140>,2,3,[2 6],3,3,6,0,3
1,<environment.Job instance at 0x14814983a5a0>,1,17,[2 8],3,3,20,0,3
1,<environment.Job instance at 0x14811b2c44b0>,5,2,[ 2 10],8,20,22,12,8
1,<environment.Job instance at 0x14811b344af0>,0,14,[2 6],1,1,15,0,1
1,<environment.Job instance at 0x14814a3709b0>,5,3,[1 8],7,7,10,0,7
1,<environment.Job instance at 0x14811b2af870>,6,17,[2 9],8,10,27,2,9
1,<environment.Job instance at 0x14811f687730>,4,3,[1 7],8,8,11,0,8
1,<environment.Job instance at 0x148149839550>,2,14,[2 5],4,8,22,4,8
1,<environment.Job instance at 0x14811b148140>,0,15,[2 9],1,1,16,0,1
1,<environment.Job instance at 0x14811b52b5a0>,0,17,[9 2],1,1,18,0,1
1,<environment.Job instance at 0x14811e015fa0>,4,1,[2 7],5,18,19,13,9
1,<environment.Job instance at 0x14811b4553c0>,5,3,[2 9],7,7,10,0,7
1,<environment.Job instance at 0x14811ae76c30>,3,13,[8 2],4,4,17,0,4
1,<environment.Job instance at 0x148168c2d640>,0,2,[7 1],2,2,4,0,2
1,<environment.Job instance at 0x14811b2ae4b0>,3,14,[9 1],5,5,19,0,5
1,<environment.Job instance at 0x14811ae72140>,0,2,[1 5],3,3,5,0,3
1,<environment.Job instance at 0x14811e50c960>,0,1,[ 1 10],1,2,3,1,2
1,<environment.Job instance at 0x14811b87c820>,2,3,[1 8],3,3,6,0,3
1,<environment.Job instance at 0x14811b87c960>,1,3,[1 8],3,3,6,0,3
1,<environment.Job instance at 0x14811b87c3c0>,2,16,[9 1],6,6,22,0,6
1,<environment.Job instance at 0x14811e4fdeb0>,0,18,[2 8],2,2,20,0,2
1,<environment.Job instance at 0x1481480b0730>,2,3,[1 6],3,3,6,0,3
1,<environment.Job instance at 0x14811e4fd870>,0,3,[7 1],1,1,4,0,1
1,<environment.Job instance at 0x14811aeee4b0>,3,1,[2 6],4,4,5,0,4
1,<environment.Job instance at 0x14811b7f4b40>,4,17,[6 1],6,6,23,0,6
1,<environment.Job instance at 0x14811b7c4a00>,1,17,[ 1 10],2,2,19,0,2
1,<environment.Job instance at 0x14811c25fcd0>,4,2,[5 1],9,19,21,10,13
1,<environment.Job instance at 0x14811c25fdc0>,0,20,[5 1],1,1,21,0,1
1,<environment.Job instance at 0x14811fb33aa0>,3,14,[5 2],4,9,23,5,9
1,<environment.Job instance at 0x14811ac3b3c0>,0,3,[2 7],1,1,4,0,1
1,<environment.Job instance at 0x14814a23cb90>,4,12,[6 1],5,5,17,0,5
1,<environment.Job instance at 0x14811ac3bf50>,6,3,[2 6],8,8,11,0,8
1,<environment.Job instance at 0x148168bf0960>,0,16,[9 2],2,3,19,1,3
1,<environment.Job instance at 0x14811dff8dc0>,2,3,[1 6],3,3,6,0,3
1,<environment.Job instance at 0x14811b363690>,4,3,[5 1],8,8,11,0,8
1,<environment.Job instance at 0x14811b363640>,5,14,[6 1],9,11,25,2,11
1,<environment.Job instance at 0x14811b7d15a0>,4,18,[1 7],7,7,25,0,7
1,<environment.Job instance at 0x14811e0db460>,0,13,[1 7],1,1,14,0,1
1,<environment.Job instance at 0x14811d502050>,5,2,[1 7],8,741,743,733,741
1,<environment.Job instance at 0x14811d502320>,0,3,[1 9],1,1,4,0,1
1,<environment.Job instance at 0x14814976ebe0>,3,3,[6 1],5,5,8,0,5
1,<environment.Job instance at 0x14814976e870>,4,22,[2 8],7,7,29,0,7
1,<environment.Job instance at 0x14814976eb90>,0,3,[ 2 10],1,1,4,0,1
1,<environment.Job instance at 0x14814976e550>,1,18,[8 2],2,4,22,2,2
1,<environment.Job instance at 0x14811aff0c30>,0,13,[2 9],1,1,14,0,1
1,<environment.Job instance at 0x14811e5cb8c0>,3,14,[7 2],4,14,28,10,5
1,<environment.Job instance at 0x14811b4e7a00>,3,16,[1 8],6,6,22,0,6
1,<environment.Job instance at 0x14811b080960>,1,3,[2 6],3,3,6,0,3
1,<environment.Job instance at 0x14811b0809b0>,3,3,[5 2],6,6,9,0,6
1,<environment.Job instance at 0x14811e02afa0>,4,3,[1 7],7,7,10,0,7
1,<environment.Job instance at 0x14811b080be0>,5,15,[6 1],9,10,25,1,10
1,<environment.Job instance at 0x14811e02ab40>,4,18,[6 1],6,6,24,0,6
1,<environment.Job instance at 0x148168026550>,1,1,[1 5],3,6,7,3,6
1,<environment.Job instance at 0x14811b01faa0>,2,17,[2 9],4,5,22,1,5
1,<environment.Job instance at 0x148168c2f1e0>,5,2,[6 1],7,7,9,0,7
1,<environment.Job instance at 0x148168c2f5f0>,7,18,[1 7],9,22,40,13,13
1,<environment.Job instance at 0x14811e6d5690>,0,3,[ 2 10],1,1,4,0,1
1,<environment.Job instance at 0x1481480191e0>,1,3,[1 7],3,4,7,1,3
1,<environment.Job instance at 0x14811bf4c190>,0,2,[1 5],1,1,3,0,1
1,<environment.Job instance at 0x14811bf4cb40>,1,3,[6 2],2,2,5,0,2
1,<environment.Job instance at 0x14814a297190>,6,3,[10  2],9,9,12,0,9
1,<environment.Job instance at 0x14814a297190>,1,18,[1 7],2,2,20,0,2
1,<environment.Job instance at 0x14814a297780>,3,2,[2 6],5,20,22,15,5
1,<environment.Job instance at 0x14814986b460>,6,2,[2 7],9,14,16,5,14
1,<environment.Job instance at 0x14811bf3da00>,4,17,[2 6],7,7,24,0,7
1,<environment.Job instance at 0x14811bf3d5f0>,5,3,[1 5],9,24,27,15,9
1,<environment.Job instance at 0x14811b3075a0>,0,13,[6 2],1,1,14,0,1
1,<environment.Job instance at 0x14811b307c30>,3,16,[1 5],4,4,20,0,4
1,<environment.Job instance at 0x14811b30a0f0>,5,13,[10  1],6,20,33,14,8
1,<environment.Job instance at 0x14811b30ad20>,7,1,[2 8],8,33,34,25,15
1,<environment.Job instance at 0x14811bf3d4b0>,0,22,[10  2],2,2,24,0,2
1,<environment.Job instance at 0x14811f70eeb0>,3,3,[5 1],7,24,27,17,7
1,<environment.Job instance at 0x14811bf1af00>,1,3,[2 8],2,2,5,0,2
1,<environment.Job instance at 0x14811adef460>,0,3,[1 5],1,1,4,0,1
1,<environment.Job instance at 0x14811b2bd640>,4,3,[5 1],7,7,10,0,7
1,<environment.Job instance at 0x14811b2bdc30>,5,3,[8 1],8,10,13,2,8
1,<environment.Job instance at 0x148168c2da00>,0,3,[5 1],1,1,4,0,1
1,<environment.Job instance at 0x14811b1ed410>,1,14,[2 8],4,4,18,0,4
1,<environment.Job instance at 0x14811f7130a0>,0,3,[1 9],1,1,4,0,1
1,<environment.Job instance at 0x1481702b4320>,3,13,[6 2],8,47,60,39,47
1,<environment.Job instance at 0x1481702b4190>,1,2,[1 5],4,4,6,0,4
1,<environment.Job instance at 0x1481702b4cd0>,0,14,[5 2],3,4,18,1,4
1,<environment.Job instance at 0x1481702b42d0>,4,3,[6 2],7,18,21,11,9
1,<environment.Job instance at 0x14811bf1e550>,0,14,[2 7],2,2,16,0,2
1,<environment.Job instance at 0x14811f5846e0>,1,14,[1 8],3,3,17,0,3
1,<environment.Job instance at 0x1481480515f0>,0,14,[8 2],1,1,15,0,1
1,<environment.Job instance at 0x14811abe8730>,1,13,[2 6],2,2,15,0,2
1,<environment.Job instance at 0x14811b1c0870>,4,12,[2 5],6,15,27,9,6
1,<environment.Job instance at 0x14811b1c0b40>,6,12,[10  1],8,27,39,19,24
1,<environment.Job instance at 0x1481482f4730>,0,3,[1 6],1,2,5,1,2
1,<environment.Job instance at 0x1481482f4d70>,1,1,[6 1],2,2,3,0,2
1,<environment.Job instance at 0x14811b1c0b40>,2,14,[5 1],3,4,18,1,4
1,<environment.Job instance at 0x14814a2d0550>,5,13,[6 1],7,18,31,11,8
1,<environment.Job instance at 0x14811b1ab8c0>,0,20,[2 9],2,2,22,0,2
1,<environment.Job instance at 0x14811ad43c30>,3,12,[8 1],7,16,28,9,16
1,<environment.Job instance at 0x14811ae65e60>,0,18,[9 2],1,1,19,0,1
1,<environment.Job instance at 0x14811e515d20>,3,3,[ 2 10],5,21,24,16,21
1,<environment.Job instance at 0x14811e515050>,4,1,[9 2],7,24,25,17,23
1,<environment.Job instance at 0x148172954a50>,2,12,[2 9],3,3,15,0,3
1,<environment.Job instance at 0x14816837d140>,5,2,[2 6],6,15,17,9,6
1,<environment.Job instance at 0x14816837d0a0>,6,17,[9 1],7,17,34,10,7
1,<environment.Job instance at 0x148168c5c0f0>,1,17,[1 7],2,2,19,0,2
1,<environment.Job instance at 0x14816801dbe0>,3,13,[7 2],6,12,25,6,12
1,<environment.Job instance at 0x14811b369550>,0,2,[2 6],1,1,3,0,1
1,<environment.Job instance at 0x14811e116d70>,5,3,[1 7],6,6,9,0,6
1,<environment.Job instance at 0x14811b057960>,2,1,[2 5],5,5,6,0,5
1,<environment.Job instance at 0x14816806f550>,3,13,[9 1],5,5,18,0,5
1,<environment.Job instance at 0x14811dfe4d70>,0,12,[5 2],1,3,15,2,3
1,<environment.Job instance at 0x14811dfe48c0>,1,15,[1 6],3,3,18,0,3
1,<environment.Job instance at 0x14811ae72460>,0,3,[9 1],1,1,4,0,1
1,<environment.Job instance at 0x14811ae722d0>,1,16,[ 1 10],2,4,20,2,2
1,<environment.Job instance at 0x14811e3f60a0>,0,12,[1 5],1,1,13,0,1
1,<environment.Job instance at 0x14811f601820>,2,12,[ 1 10],4,4,16,0,4
1,<environment.Job instance at 0x14811f601320>,3,1,[6 2],5,16,17,11,6
1,<environment.Job instance at 0x14811f601be0>,0,1,[ 1 10],1,17,18,16,6
1,<environment.Job instance at 0x14811f7262d0>,0,3,[1 8],1,1,4,0,1
1,<environment.Job instance at 0x14811f726cd0>,1,12,[8 2],2,3,15,1,3
1,<environment.Job instance at 0x14811b4e32d0>,5,3,[10  1],8,15,18,7,8
1,<environment.Job instance at 0x14811b8ced70>,5,1,[1 8],9,43,44,34,43
1,<environment.Job instance at 0x14816830d4b0>,1,22,[10  1],3,3,25,0,3
1,<environment.Job instance at 0x14811b2fa4b0>,2,13,[1 5],4,4,17,0,4
1,<environment.Job instance at 0x14811fafaf50>,1,20,[1 5],2,2,22,0,2
1,<environment.Job instance at 0x14811ae6faf0>,3,12,[5 1],4,5,17,1,5
1,<environment.Job instance at 0x14811e517d70>,8,14,[2 8],9,22,36,13,11
1,<environment.Job instance at 0x14811e517dc0>,1,15,[6 2],2,3,18,1,3
1,<environment.Job instance at 0x14811e5d37d0>,0,13,[6 1],1,1,14,0,1
1,<environment.Job instance at 0x14811c009370>,3,17,[8 2],4,14,31,10,4
1,<environment.Job instance at 0x14811af23370>,1,13,[6 1],2,2,15,0,2
1,<environment.Job instance at 0x14811ad3a1e0>,2,12,[1 7],4,4,16,0,4
1,<environment.Job instance at 0x14811b47f5f0>,5,3,[2 6],7,16,19,9,7
1,<environment.Job instance at 0x14814a370460>,0,3,[1 5],2,2,5,0,2
1,<environment.Job instance at 0x14811b8cf6e0>,1,13,[5 1],3,3,16,0,3
1,<environment.Job instance at 0x14811b8cf230>,5,14,[6 1],8,16,30,8,8
1,<environment.Job instance at 0x14811e443730>,4,1,[1 8],6,7,8,1,7
1,<environment.Job instance at 0x14811e1b6460>,1,3,[2 6],3,3,6,0,3
1,<environment.Job instance at 0x14811b639cd0>,0,17,[5 2],2,2,19,0,2
1,<environment.Job instance at 0x14811faa1c80>,4,12,[ 2 10],7,19,31,12,7
1,<environment.Job instance at 0x148149800190>,1,3,[1 5],4,4,7,0,4
1,<environment.Job instance at 0x14811ad23230>,4,14,[1 6],7,7,21,0,7
1,<environment.Job instance at 0x14811f603f50>,2,13,[1 6],3,3,16,0,3
1,<environment.Job instance at 0x14814984ef50>,0,3,[10  1],1,2,5,1,2
1,<environment.Job instance at 0x14814984e0f0>,3,1,[ 1 10],7,8,9,1,8
1,<environment.Job instance at 0x148168bd5be0>,5,1,[1 6],9,10,11,1,10
1,<environment.Job instance at 0x14814984e410>,1,16,[6 1],2,26,42,24,26
1,<environment.Job instance at 0x14811adf4cd0>,0,1,[2 7],1,1,2,0,1
1,<environment.Job instance at 0x14814a24fb90>,6,17,[5 1],9,9,26,0,9
1,<environment.Job instance at 0x14811fae3e60>,1,1,[ 1 10],2,2,3,0,2
1,<environment.Job instance at 0x14811e152f00>,4,28,[8 1],9,10,38,1,10
1,<environment.Job instance at 0x14811e152190>,2,17,[9 2],4,4,21,0,4
1,<environment.Job instance at 0x14814989f410>,0,2,[ 1 10],1,3,5,2,3
1,<environment.Job instance at 0x14814989f7d0>,3,2,[10  2],5,6,8,1,6
1,<environment.Job instance at 0x14811b3f7be0>,5,16,[5 2],7,8,24,1,8
1,<environment.Job instance at 0x14811b3f7f50>,7,2,[5 1],9,10,12,1,10
1,<environment.Job instance at 0x14811b3f7460>,1,24,[9 2],2,2,26,0,2
1,<environment.Job instance at 0x14811f644f00>,1,1,[1 8],3,6,7,3,6
1,<environment.Job instance at 0x14811f5aec30>,2,17,[7 1],4,6,23,2,6
1,<environment.Job instance at 0x14811f764550>,2,12,[1 5],4,4,16,0,4
1,<environment.Job instance at 0x14811fa078c0>,3,13,[ 2 10],4,4,17,0,4
1,<environment.Job instance at 0x14811fa07690>,5,12,[1 8],7,17,29,10,7
1,<environment.Job instance at 0x14811b0c6230>,0,24,[1 7],1,1,25,0,1
1,<environment.Job instance at 0x14811accd550>,1,3,[10  1],3,3,6,0,3
1,<environment.Job instance at 0x14811b10a960>,3,3,[5 1],5,6,9,1,5
1,<environment.Job instance at 0x14811b10af50>,6,15,[8 1],9,9,24,0,9
1,<environment.Job instance at 0x148149737050>,0,3,[9 1],1,1,4,0,1
1,<environment.Job instance at 0x148172792500>,1,18,[5 1],2,4,22,2,2
1,<environment.Job instance at 0x14814a34f230>,3,12,[8 2],4,22,34,18,5
1,<environment.Job instance at 0x14811aec3cd0>,0,3,[2 7],1,1,4,0,1
1,<environment.Job instance at 0x14811aec3280>,1,18,[2 5],2,4,22,2,2
1,<environment.Job instance at 0x14811aec3190>,2,18,[6 1],4,5,23,1,5
1,<environment.Job instance at 0x14811aec3910>,5,16,[5 1],9,23,39,14,11
1,<environment.Job instance at 0x14811af760f0>,0,16,[ 1 10],1,2,18,1,2
1,<environment.Job instance at 0x14811b102910>,1,13,[7 2],3,18,31,15,12
1,<environment.Job instance at 0x14811e574dc0>,3,1,[ 2 10],5,5,6,0,5
1,<environment.Job instance at 0x14814a23cf00>,1,15,[2 9],3,3,18,0,3
1,<environment.Job instance at 0x14814a23cdc0>,3,15,[8 1],5,5,20,0,5
1,<environment.Job instance at 0x14811b2bdcd0>,6,17,[9 2],7,7,24,0,7
1,<environment.Job instance at 0x14811b2bd0f0>,2,1,[1 5],3,3,4,0,3
1,<environment.Job instance at 0x14811e0fa2d0>,3,17,[6 1],4,4,21,0,4
1,<environment.Job instance at 0x14811e688410>,0,3,[6 2],1,1,4,0,1
1,<environment.Job instance at 0x14811df437d0>,2,26,[1 7],3,3,29,0,3
1,<environment.Job instance at 0x14811b879050>,0,14,[2 8],1,1,15,0,1
1,<environment.Job instance at 0x14811b879730>,1,14,[5 1],2,6,20,4,6
1,<environment.Job instance at 0x14811b879fa0>,3,12,[8 1],7,20,32,13,8
1,<environment.Job instance at 0x14811e089af0>,0,15,[8 1],1,1,16,0,1
1,<environment.Job instance at 0x14811ad32aa0>,1,13,[6 1],2,2,15,0,2
1,<environment.Job instance at 0x14811a9f0410>,1,13,[9 2],3,3,16,0,3
1,<environment.Job instance at 0x148149751c30>,5,3,[1 8],9,9,12,0,9
1,<environment.Job instance at 0x14811bfc9140>,0,3,[1 6],1,1,4,0,1
1,<environment.Job instance at 0x14811bfc9d20>,1,15,[2 6],2,4,19,2,3
1,<environment.Job instance at 0x14811bfc9230>,2,13,[7 1],6,18,31,12,18
1,<environment.Job instance at 0x14816830d730>,1,1,[2 8],4,6,7,2,6
1,<environment.Job instance at 0x14811abd7dc0>,2,22,[2 9],7,9,31,2,9
1,<environment.Job instance at 0x14814805e500>,0,3,[1 8],1,1,4,0,1
1,<environment.Job instance at 0x14816830d460>,2,12,[ 1 10],4,4,16,0,4
1,<environment.Job instance at 0x14811ae958c0>,3,18,[10  2],5,16,34,11,5
1,<environment.Job instance at 0x14811df4bd20>,0,18,[1 6],1,1,19,0,1
1,<environment.Job instance at 0x14811df4b730>,4,13,[2 7],6,19,32,13,6
1,<environment.Job instance at 0x14811b65bc30>,0,13,[9 1],1,1,14,0,1
1,<environment.Job instance at 0x14811abb3b90>,5,17,[8 2],6,14,31,8,9
1,<environment.Job instance at 0x14811abb3b90>,2,16,[2 9],4,4,20,0,4
1,<environment.Job instance at 0x14811b7a7dc0>,3,3,[9 1],6,6,9,0,6
1,<environment.Job instance at 0x14811b7a7d70>,5,20,[1 9],8,8,28,0,8
1,<environment.Job instance at 0x14811b307910>,0,2,[2 5],1,1,3,0,1
1,<environment.Job instance at 0x14811b7a7460>,1,3,[5 2],2,2,5,0,2
1,<environment.Job instance at 0x14811b3074b0>,2,3,[2 6],3,3,6,0,3
1,<environment.Job instance at 0x14814a29d8c0>,4,15,[7 2],5,5,20,0,5
1,<environment.Job instance at 0x14811bf29140>,1,2,[6 1],3,3,5,0,3
1,<environment.Job instance at 0x14811bf29370>,2,18,[6 1],4,5,23,1,5
1,<environment.Job instance at 0x14811b852780>,3,18,[10  2],7,7,25,0,7
1,<environment.Job instance at 0x1481482fe320>,0,12,[2 6],1,1,13,0,1
1,<environment.Job instance at 0x14811f79bc80>,1,23,[ 1 10],2,2,25,0,2
1,<environment.Job instance at 0x14811b2c59b0>,2,3,[2 8],4,4,7,0,4
1,<environment.Job instance at 0x14811b7720f0>,4,3,[1 6],7,7,10,0,7
1,<environment.Job instance at 0x14811ed20870>,1,3,[5 2],2,2,5,0,2
1,<environment.Job instance at 0x14811ed20d70>,1,15,[2 6],3,3,18,0,3
1,<environment.Job instance at 0x14811acde550>,0,3,[5 2],2,2,5,0,2
1,<environment.Job instance at 0x14811acdef50>,1,13,[2 5],3,3,16,0,3
1,<environment.Job instance at 0x14811f790230>,4,20,[6 1],6,7,27,1,7
1,<environment.Job instance at 0x14811ace6870>,4,16,[8 2],7,21,37,14,21
1,<environment.Job instance at 0x14811af821e0>,1,13,[6 1],2,3,16,1,3
1,<environment.Job instance at 0x14811ace6910>,3,18,[10  1],5,16,34,11,14
1,<environment.Job instance at 0x14811b837320>,0,3,[1 5],2,2,5,0,2
1,<environment.Job instance at 0x14811b7a5960>,2,3,[1 7],4,4,7,0,4
1,<environment.Job instance at 0x14811b7a5820>,4,17,[1 6],8,8,25,0,8
1,<environment.Job instance at 0x148168392140>,0,15,[7 1],2,2,17,0,2
1,<environment.Job instance at 0x14811b549820>,4,1,[5 2],7,17,18,10,7
1,<environment.Job instance at 0x14811e47eb40>,2,3,[5 1],7,7,10,0,7
1,<environment.Job instance at 0x14811e47e050>,3,16,[2 8],8,8,24,0,8
1,<environment.Job instance at 0x14811e47ed20>,4,14,[1 5],9,24,38,15,10
1,<environment.Job instance at 0x14811e47ed20>,3,18,[5 1],5,47,65,42,47
1,<environment.Job instance at 0x14811f781320>,4,3,[1 6],6,88,91,82,88
1,<environment.Job instance at 0x148148040e10>,0,16,[10  2],1,1,17,0,1
1,<environment.Job instance at 0x14811bfa9460>,1,14,[8 2],2,17,31,15,2
1,<environment.Job instance at 0x14816832d820>,0,17,[7 2],1,1,18,0,1
1,<environment.Job instance at 0x148168017190>,5,19,[8 2],8,18,37,10,8
1,<environment.Job instance at 0x14814983d7d0>,0,14,[2 9],2,2,16,0,2
1,<environment.Job instance at 0x14811b62dcd0>,1,13,[9 2],4,16,29,12,4
1,<environment.Job instance at 0x14811b72fdc0>,0,15,[2 6],1,1,16,0,1
1,<environment.Job instance at 0x14811b8b6c80>,2,3,[1 7],6,6,9,0,6
1,<environment.Job instance at 0x14814a290d70>,0,14,[1 5],1,1,15,0,1
1,<environment.Job instance at 0x14811b8b6320>,1,14,[9 1],5,6,20,1,6
1,<environment.Job instance at 0x14811b66cb40>,1,3,[5 2],2,2,5,0,2
1,<environment.Job instance at 0x14811ad37af0>,3,3,[7 1],9,9,12,0,9
1,<environment.Job instance at 0x14811ad37460>,0,21,[ 2 10],2,2,23,0,2
1,<environment.Job instance at 0x14814a3449b0>,3,3,[8 1],5,23,26,18,5
1,<environment.Job instance at 0x14811b28f140>,0,15,[5 1],1,7,22,6,7
1,<environment.Job instance at 0x14814a2c6550>,0,3,[10  2],2,2,5,0,2
1,<environment.Job instance at 0x14811f65a640>,1,16,[9 2],3,5,21,2,3
1,<environment.Job instance at 0x14811ae6bc80>,3,3,[8 1],7,7,10,0,7
1,<environment.Job instance at 0x14811f7591e0>,4,28,[9 1],9,10,38,1,9
1,<environment.Job instance at 0x14811f707280>,1,14,[8 1],3,4,18,1,4
1,<environment.Job instance at 0x14814979b870>,3,13,[6 2],5,18,31,13,6
1,<environment.Job instance at 0x14811fac0050>,2,17,[9 1],3,3,20,0,3
1,<environment.Job instance at 0x14811fac0a50>,7,2,[ 2 10],8,20,22,12,8
1,<environment.Job instance at 0x14811e646410>,0,3,[10  1],2,2,5,0,2
1,<environment.Job instance at 0x14811fac02d0>,1,17,[7 2],3,5,22,2,3
1,<environment.Job instance at 0x14811e6467d0>,5,3,[2 7],7,7,10,0,7
1,<environment.Job instance at 0x14811e646230>,6,13,[2 8],8,10,23,2,8
1,<environment.Job instance at 0x14811e646d20>,7,13,[6 2],9,22,35,13,14
1,<environment.Job instance at 0x14811b3ad780>,0,1,[7 2],1,1,2,0,1
1,<environment.Job instance at 0x14811e412910>,3,3,[1 6],5,5,8,0,5
1,<environment.Job instance at 0x14811b60b7d0>,0,13,[1 8],1,1,14,0,1
1,<environment.Job instance at 0x14811b6abf00>,3,2,[9 1],5,15,17,10,15
1,<environment.Job instance at 0x14811caca640>,0,13,[8 2],1,1,14,0,1
1,<environment.Job instance at 0x14811f79bf50>,0,3,[1 9],2,2,5,0,2
1,<environment.Job instance at 0x14811f79be10>,1,14,[2 9],3,5,19,2,3
1,<environment.Job instance at 0x14811f79bd20>,2,17,[10  2],4,19,36,15,7
1,<environment.Job instance at 0x14811f79b500>,5,14,[6 2],9,36,50,27,21
1,<environment.Job instance at 0x14811f6ebaa0>,1,25,[2 8],3,11,36,8,11
1,<environment.Job instance at 0x14811f710aa0>,0,3,[2 7],1,1,4,0,1
1,<environment.Job instance at 0x14811f710780>,2,13,[10  1],5,5,18,0,5
1,<environment.Job instance at 0x14811fb26870>,5,2,[ 1 10],8,18,20,10,8
1,<environment.Job instance at 0x14811fb26730>,6,3,[6 1],9,20,23,11,9
1,<environment.Job instance at 0x148149935050>,0,3,[1 7],1,1,4,0,1
1,<environment.Job instance at 0x14811e126af0>,2,1,[1 6],3,3,4,0,3
1,<environment.Job instance at 0x14811ad87e10>,3,1,[2 6],4,4,5,0,4
1,<environment.Job instance at 0x148168079370>,4,2,[1 6],7,8,10,1,8
1,<environment.Job instance at 0x148168c25230>,1,13,[2 7],2,2,15,0,2
1,<environment.Job instance at 0x14811e077780>,0,3,[1 5],1,1,4,0,1
1,<environment.Job instance at 0x14811e077870>,2,18,[2 5],3,3,21,0,3
1,<environment.Job instance at 0x14811e067e60>,0,3,[7 2],2,2,5,0,2
1,<environment.Job instance at 0x14811e067320>,1,13,[9 2],4,5,18,1,4
1,<environment.Job instance at 0x14811e067550>,4,12,[1 5],9,9,21,0,9
1,<environment.Job instance at 0x14811b1eaaa0>,1,12,[6 1],3,5,17,2,5
1,<environment.Job instance at 0x14811b1ea230>,4,18,[2 6],6,6,24,0,6
1,<environment.Job instance at 0x14811ad23410>,1,1,[6 1],2,2,3,0,2
1,<environment.Job instance at 0x14811bf13cd0>,5,25,[5 2],8,8,33,0,8
1,<environment.Job instance at 0x14811af3b960>,3,3,[2 9],4,4,7,0,4
1,<environment.Job instance at 0x14811af3b640>,4,18,[5 2],5,7,25,2,5
1,<environment.Job instance at 0x148149827280>,0,12,[10  2],1,1,13,0,1
1,<environment.Job instance at 0x14814a3b2aa0>,0,18,[1 7],2,2,20,0,2
1,<environment.Job instance at 0x14814a23bfa0>,3,17,[7 1],8,8,25,0,8
1,<environment.Job instance at 0x14814a2038c0>,0,3,[1 9],1,1,4,0,1
1,<environment.Job instance at 0x14814a203280>,2,17,[1 5],3,4,21,1,3
1,<environment.Job instance at 0x14811e1299b0>,0,12,[1 7],3,3,15,0,3
1,<environment.Job instance at 0x14814a2c6140>,2,17,[5 2],6,11,28,5,11
1,<environment.Job instance at 0x14811b8a4dc0>,0,1,[ 2 10],1,2,3,1,2
1,<environment.Job instance at 0x148168bd67d0>,3,3,[1 9],9,9,12,0,9
1,<environment.Job instance at 0x14811e147af0>,1,17,[ 1 10],2,2,19,0,2
1,<environment.Job instance at 0x14811c2418c0>,4,16,[8 1],7,19,35,12,19
1,<environment.Job instance at 0x14811e55ba50>,1,12,[9 1],2,2,14,0,2
1,<environment.Job instance at 0x14811e55b9b0>,2,14,[2 6],3,14,28,11,3
1,<environment.Job instance at 0x14811bf4cc80>,3,18,[8 1],4,14,32,10,4
1,<environment.Job instance at 0x14811b82b910>,2,3,[8 2],7,7,10,0,7
1,<environment.Job instance at 0x14814a203960>,0,17,[6 1],1,1,18,0,1
1,<environment.Job instance at 0x14811e6cf410>,1,3,[2 6],3,3,6,0,3
1,<environment.Job instance at 0x14814a203640>,3,16,[9 2],7,7,23,0,7
1,<environment.Job instance at 0x14811e5ee780>,1,3,[8 2],2,2,5,0,2
1,<environment.Job instance at 0x14811e5eeaf0>,3,3,[5 2],5,6,9,1,6
1,<environment.Job instance at 0x14811b3add20>,7,2,[6 1],9,9,11,0,9
1,<environment.Job instance at 0x14811b3ad1e0>,1,1,[7 1],2,2,3,0,2
1,<environment.Job instance at 0x14811b6c0c80>,1,3,[2 6],2,3,6,1,3
1,<environment.Job instance at 0x148149994410>,3,3,[1 7],5,6,9,1,5
1,<environment.Job instance at 0x14811b274eb0>,4,2,[1 5],6,9,11,3,8
1,<environment.Job instance at 0x14811b2749b0>,5,17,[8 2],7,51,68,44,51
1,<environment.Job instance at 0x14811b274730>,1,13,[ 2 10],3,3,16,0,3
1,<environment.Job instance at 0x14811b1df910>,2,12,[6 1],3,3,15,0,3
1,<environment.Job instance at 0x14811b398820>,4,16,[6 2],6,15,31,9,7
1,<environment.Job instance at 0x14811af2aaa0>,0,3,[2 7],6,6,9,0,6
1,<environment.Job instance at 0x14811b398280>,1,13,[1 5],7,9,22,2,7
1,<environment.Job instance at 0x14811f742050>,1,1,[9 1],4,4,5,0,4
1,<environment.Job instance at 0x14811af2ad70>,2,2,[ 1 10],6,10,12,4,10
1,<environment.Job instance at 0x14811b2e4640>,3,16,[2 9],7,8,24,1,8
1,<environment.Job instance at 0x14811c018730>,1,18,[8 1],3,3,21,0,3
1,<environment.Job instance at 0x14811c018aa0>,3,3,[5 2],8,21,24,13,8
1,<environment.Job instance at 0x148168026af0>,4,12,[1 6],9,9,21,0,9
1,<environment.Job instance at 0x148168026550>,1,15,[ 1 10],2,2,17,0,2
1,<environment.Job instance at 0x14811af025a0>,3,1,[2 8],4,17,18,13,4
1,<environment.Job instance at 0x148168026af0>,4,16,[7 1],5,17,33,12,5
1,<environment.Job instance at 0x14811af021e0>,7,3,[2 7],8,18,21,10,10
1,<environment.Job instance at 0x14811b307140>,4,13,[1 9],5,5,18,0,5
1,<environment.Job instance at 0x14811b5eed70>,3,16,[7 2],6,72,88,66,72
1,<environment.Job instance at 0x14811b4e4500>,0,13,[2 7],2,2,15,0,2
1,<environment.Job instance at 0x14814a2bad20>,4,14,[1 5],7,15,29,8,7
1,<environment.Job instance at 0x14814a2ba320>,1,12,[1 7],3,3,15,0,3
1,<environment.Job instance at 0x14811fa4baf0>,7,13,[8 2],9,10,23,1,10
1,<environment.Job instance at 0x14811d521be0>,1,1,[2 9],2,3,4,1,3
1,<environment.Job instance at 0x14816830a5f0>,3,3,[7 1],4,4,7,0,4
1,<environment.Job instance at 0x14816830a8c0>,4,18,[10  2],5,7,25,2,5
1,<environment.Job instance at 0x14811ad6c500>,0,27,[ 1 10],1,1,28,0,1
1,<environment.Job instance at 0x14811adfa6e0>,0,16,[10  2],1,1,17,0,1
1,<environment.Job instance at 0x14814a235410>,2,14,[6 2],3,17,31,14,13
1,<environment.Job instance at 0x14811e1985f0>,0,3,[9 2],2,2,5,0,2
1,<environment.Job instance at 0x14811f654fa0>,4,3,[6 1],7,7,10,0,7
1,<environment.Job instance at 0x14811f654d70>,5,12,[2 7],9,9,21,0,9
1,<environment.Job instance at 0x14811f654410>,0,20,[1 6],1,1,21,0,1
1,<environment.Job instance at 0x14811b177910>,0,25,[2 8],2,2,27,0,2
1,<environment.Job instance at 0x14811b1779b0>,1,13,[6 2],4,18,31,14,18
1,<environment.Job instance at 0x14811e5085f0>,1,27,[8 2],3,3,30,0,3
1,<environment.Job instance at 0x14811af45b90>,1,1,[1 6],3,3,4,0,3
1,<environment.Job instance at 0x14811e673500>,2,1,[9 2],3,9,10,6,9
1,<environment.Job instance at 0x14811aae3640>,1,17,[2 9],2,2,19,0,2
1,<environment.Job instance at 0x14811e6773c0>,3,12,[5 1],5,6,18,1,6
1,<environment.Job instance at 0x14811b2bedc0>,5,12,[2 8],7,19,31,12,7
1,<environment.Job instance at 0x14811f5bb870>,0,1,[1 7],3,4,5,1,4
1,<environment.Job instance at 0x14811f5bb5a0>,2,2,[8 1],6,6,8,0,6
1,<environment.Job instance at 0x14811b61c6e0>,3,18,[8 2],7,8,26,1,7
1,<environment.Job instance at 0x14811b688140>,2,14,[7 1],6,6,20,0,6
1,<environment.Job instance at 0x14811ade2370>,0,2,[2 8],1,1,3,0,1
1,<environment.Job instance at 0x14814a3c3e10>,2,1,[1 9],5,5,6,0,5
1,<environment.Job instance at 0x14811b0f1a50>,4,3,[1 7],7,7,10,0,7
1,<environment.Job instance at 0x14811b30faa0>,1,18,[10  1],6,6,24,0,6
1,<environment.Job instance at 0x14811fb5c0a0>,2,12,[5 1],3,3,15,0,3
1,<environment.Job instance at 0x14811fb08cd0>,0,3,[6 1],1,1,4,0,1
1,<environment.Job instance at 0x14814804e730>,2,15,[1 5],3,3,18,0,3
1,<environment.Job instance at 0x148168c2d820>,4,14,[9 2],6,6,20,0,6
1,<environment.Job instance at 0x1481497de500>,0,13,[ 1 10],1,1,14,0,1
1,<environment.Job instance at 0x14811e47ccd0>,1,17,[6 2],2,2,19,0,2
1,<environment.Job instance at 0x1481498ef640>,5,18,[6 1],7,19,37,12,8
1,<environment.Job instance at 0x1481498b7870>,2,1,[2 7],3,3,4,0,3
1,<environment.Job instance at 0x14811ac33f50>,3,27,[1 8],4,4,31,0,4
1,<environment.Job instance at 0x14811b511370>,4,27,[8 2],7,7,34,0,7
1,<environment.Job instance at 0x14811b511e10>,5,17,[8 2],8,34,51,26,22
1,<environment.Job instance at 0x14811f650b40>,0,3,[7 1],2,2,5,0,2
1,<environment.Job instance at 0x14811dfc0370>,1,12,[6 2],3,5,17,2,4
1,<environment.Job instance at 0x14811b690870>,2,16,[7 2],3,12,28,9,12
1,<environment.Job instance at 0x14814a256820>,0,12,[9 2],1,1,13,0,1
1,<environment.Job instance at 0x1481499096e0>,1,3,[6 2],4,4,7,0,4
1,<environment.Job instance at 0x14811b5f15a0>,3,1,[10  2],5,5,6,0,5
1,<environment.Job instance at 0x14811b5f1320>,4,3,[8 2],6,6,9,0,6
1,<environment.Job instance at 0x14811b5f1eb0>,5,2,[1 7],7,8,10,1,8
1,<environment.Job instance at 0x14811ad607d0>,1,2,[6 2],3,3,5,0,3
1,<environment.Job instance at 0x14811b581e60>,0,13,[2 5],1,1,14,0,1
1,<environment.Job instance at 0x14811b33beb0>,2,2,[8 2],5,5,7,0,5
1,<environment.Job instance at 0x14811b581910>,4,2,[1 5],8,8,10,0,8
1,<environment.Job instance at 0x14811aa45960>,1,3,[2 7],2,2,5,0,2
1,<environment.Job instance at 0x14811bf337d0>,2,17,[6 1],3,3,20,0,3
1,<environment.Job instance at 0x14811bf334b0>,6,13,[2 9],9,10,23,1,10
1,<environment.Job instance at 0x14811befbcd0>,0,3,[10  2],1,1,4,0,1
1,<environment.Job instance at 0x14811b0fe0a0>,4,21,[1 7],6,195,216,189,195
1,<environment.Job instance at 0x14811bf2da00>,0,3,[ 1 10],1,1,4,0,1
1,<environment.Job instance at 0x14811bf2db90>,1,3,[5 2],4,4,7,0,4
1,<environment.Job instance at 0x14811aeec320>,1,2,[1 9],3,3,5,0,3
1,<environment.Job instance at 0x14811b687a00>,3,19,[1 5],5,5,24,0,5
1,<environment.Job instance at 0x14811b687f00>,6,16,[9 1],9,9,25,0,9
1,<environment.Job instance at 0x14811b0c3230>,1,3,[10  1],2,2,5,0,2
1,<environment.Job instance at 0x14811b62ac80>,3,15,[9 1],4,5,20,1,5
1,<environment.Job instance at 0x148149809820>,5,2,[1 9],9,9,11,0,9
1,<environment.Job instance at 0x14811e5346e0>,3,3,[6 2],7,7,10,0,7
1,<environment.Job instance at 0x1481497600f0>,1,2,[7 1],2,2,4,0,2
1,<environment.Job instance at 0x14811b1b2e60>,2,3,[6 2],3,4,7,1,3
1,<environment.Job instance at 0x14811e3c9280>,3,20,[9 1],4,7,27,3,4
1,<environment.Job instance at 0x14811bf352d0>,1,2,[1 9],2,2,4,0,2
1,<environment.Job instance at 0x14811bf35cd0>,3,13,[9 2],5,5,18,0,5
1,<environment.Job instance at 0x14811f713b90>,2,2,[1 5],5,7,9,2,7
1,<environment.Job instance at 0x14811ca9df00>,4,1,[2 8],9,48,49,39,48
1,<environment.Job instance at 0x14811e632b40>,3,15,[7 2],6,6,21,0,6
1,<environment.Job instance at 0x1481499a1230>,0,3,[1 9],1,1,4,0,1
1,<environment.Job instance at 0x14811f6d19b0>,2,17,[2 9],3,4,21,1,3
1,<environment.Job instance at 0x14811befb640>,0,3,[5 2],1,1,4,0,1
1,<environment.Job instance at 0x14811befbeb0>,1,14,[2 5],2,2,16,0,2
1,<environment.Job instance at 0x14811e696d20>,3,18,[7 1],5,5,23,0,5
1,<environment.Job instance at 0x14814a240cd0>,1,17,[ 2 10],3,3,20,0,3
1,<environment.Job instance at 0x14811b0cfc30>,4,17,[9 1],7,20,37,13,8
1,<environment.Job instance at 0x14811b499550>,1,1,[ 1 10],3,4,5,1,4
1,<environment.Job instance at 0x14811e3d91e0>,3,1,[8 2],5,5,6,0,5
1,<environment.Job instance at 0x14811ace6a50>,4,17,[1 8],6,6,23,0,6
1,<environment.Job instance at 0x14811ace6af0>,0,18,[7 2],3,3,21,0,3
1,<environment.Job instance at 0x14811b753f50>,0,20,[9 1],1,1,21,0,1
1,<environment.Job instance at 0x14811e55b780>,1,20,[9 2],4,4,24,0,4
1,<environment.Job instance at 0x14814a23c0f0>,2,3,[ 2 10],4,4,7,0,4
1,<environment.Job instance at 0x14811e5085f0>,3,3,[1 7],7,7,10,0,7
1,<environment.Job instance at 0x148168c1bb40>,0,3,[1 7],1,1,4,0,1
1,<environment.Job instance at 0x148168c1bfa0>,1,12,[10  2],2,4,16,2,2
1,<environment.Job instance at 0x14814983a0f0>,0,2,[ 1 10],1,1,3,0,1
1,<environment.Job instance at 0x1481498fc190>,2,1,[5 2],6,6,7,0,6
1,<environment.Job instance at 0x14811ac65640>,0,1,[2 6],2,2,3,0,2
1,<environment.Job instance at 0x14811fb320a0>,5,15,[ 2 10],8,8,23,0,8
1,<environment.Job instance at 0x14811b3b7960>,0,19,[2 7],1,1,20,0,1
1,<environment.Job instance at 0x14811b508050>,3,1,[5 2],4,242,243,238,242
1,<environment.Job instance at 0x14811fa6d410>,2,18,[2 8],4,4,22,0,4
1,<environment.Job instance at 0x14811b2fc8c0>,1,1,[9 2],2,30,31,28,30
1,<environment.Job instance at 0x14811e078aa0>,0,14,[2 9],2,2,16,0,2
1,<environment.Job instance at 0x14811e078910>,2,18,[1 5],4,16,34,12,5
1,<environment.Job instance at 0x14814809b8c0>,2,3,[6 1],4,4,7,0,4
1,<environment.Job instance at 0x14811b307780>,3,3,[10  1],5,7,10,2,5
1,<environment.Job instance at 0x14811b307960>,6,1,[ 1 10],8,16,17,8,16
1,<environment.Job instance at 0x14814a2a7d20>,1,12,[2 8],5,5,17,0,5
1,<environment.Job instance at 0x14814a2a7500>,3,14,[7 1],8,8,22,0,8
1,<environment.Job instance at 0x14811b3b7d70>,2,1,[2 9],6,6,7,0,6
1,<environment.Job instance at 0x14811ae7d230>,4,3,[1 9],9,11,14,2,11
1,<environment.Job instance at 0x14811b834820>,3,17,[9 1],8,8,25,0,8
1,<environment.Job instance at 0x14811b834910>,4,13,[9 1],9,25,38,16,20
1,<environment.Job instance at 0x14811fa31230>,0,3,[2 9],1,1,4,0,1
1,<environment.Job instance at 0x14811b834910>,2,13,[6 2],4,5,18,1,5
1,<environment.Job instance at 0x14811b87f910>,0,18,[2 9],1,1,19,0,1
1,<environment.Job instance at 0x14811b5099b0>,1,3,[2 7],2,2,5,0,2
1,<environment.Job instance at 0x14811b509b40>,4,1,[8 2],5,5,6,0,5
1,<environment.Job instance at 0x14811b509050>,6,3,[8 2],8,8,11,0,8
1,<environment.Job instance at 0x14814a3c3550>,1,3,[2 8],2,2,5,0,2
1,<environment.Job instance at 0x14811b509730>,2,3,[5 1],5,5,8,0,5
1,<environment.Job instance at 0x14811ae7de60>,5,3,[8 1],9,9,12,0,9
1,<environment.Job instance at 0x1481498f5c80>,4,1,[2 8],7,8,9,1,8
1,<environment.Job instance at 0x14814a3597d0>,0,3,[10  2],1,1,4,0,1
1,<environment.Job instance at 0x14811ae7dcd0>,5,3,[ 2 10],9,9,12,0,9
1,<environment.Job instance at 0x1481480be550>,0,3,[6 1],1,1,4,0,1
1,<environment.Job instance at 0x14811ac38aa0>,3,13,[5 2],5,6,19,1,6
1,<environment.Job instance at 0x14811ac38640>,4,13,[2 6],6,18,31,12,18
1,<environment.Job instance at 0x14811b5ad4b0>,4,2,[2 8],8,106,108,98,106
1,<environment.Job instance at 0x1481499a9af0>,0,14,[8 2],1,1,15,0,1
1,<environment.Job instance at 0x14811df48550>,5,18,[2 6],7,7,25,0,7
1,<environment.Job instance at 0x14811ed4a9b0>,0,12,[2 7],1,1,13,0,1
1,<environment.Job instance at 0x14811b0683c0>,4,13,[7 2],7,12,25,5,12
1,<environment.Job instance at 0x14811ae35870>,0,26,[9 2],1,1,27,0,1
1,<environment.Job instance at 0x14811b616c30>,1,14,[2 9],4,4,18,0,4
1,<environment.Job instance at 0x14811c24a0f0>,3,2,[8 1],7,8,10,1,8
1,<environment.Job instance at 0x14811f6e2c30>,1,3,[1 5],3,3,6,0,3
1,<environment.Job instance at 0x14811b2ae1e0>,2,14,[2 8],4,6,20,2,4
1,<environment.Job instance at 0x14811fa8ab40>,4,16,[6 1],6,12,28,6,12
1,<environment.Job instance at 0x14811fa8abe0>,0,19,[9 1],4,4,23,0,4
1,<environment.Job instance at 0x14811ac0a5a0>,0,12,[8 2],1,1,13,0,1
1,<environment.Job instance at 0x14811ac0a910>,1,3,[2 6],2,2,5,0,2
1,<environment.Job instance at 0x14811b654d20>,4,1,[9 1],5,13,14,8,5
1,<environment.Job instance at 0x14811b654c80>,5,15,[ 1 10],6,14,29,8,6
1,<environment.Job instance at 0x14811b6543c0>,6,12,[6 1],7,29,41,22,13
1,<environment.Job instance at 0x14811b881140>,0,17,[9 1],1,1,18,0,1
1,<environment.Job instance at 0x14811b13a500>,0,14,[10  2],1,1,15,0,1
1,<environment.Job instance at 0x14811e02dd70>,1,3,[2 6],4,4,7,0,4
1,<environment.Job instance at 0x14814a279230>,2,2,[1 6],5,7,9,2,5
1,<environment.Job instance at 0x14811e0e74b0>,5,1,[1 9],8,10,11,2,10
1,<environment.Job instance at 0x14811b6cac30>,0,14,[1 8],1,1,15,0,1
1,<environment.Job instance at 0x14811ad9fc30>,0,14,[9 1],1,1,15,0,1
1,<environment.Job instance at 0x14811b4552d0>,1,18,[10  1],4,15,33,11,5
1,<environment.Job instance at 0x14811aedbeb0>,0,17,[2 6],1,1,18,0,1
1,<environment.Job instance at 0x14811aedb9b0>,3,13,[10  1],5,18,31,13,6
1,<environment.Job instance at 0x14811b7f3e10>,1,17,[2 9],3,3,20,0,3
1,<environment.Job instance at 0x14811aec3410>,2,18,[6 1],5,5,23,0,5
1,<environment.Job instance at 0x14811aec3c30>,0,16,[7 1],3,4,20,1,4
1,<environment.Job instance at 0x14811aaad550>,0,13,[7 2],1,1,14,0,1
1,<environment.Job instance at 0x14811b2159b0>,2,18,[9 1],3,14,32,11,3
1,<environment.Job instance at 0x148149888b90>,7,27,[1 6],9,9,36,0,9
1,<environment.Job instance at 0x14811d50f9b0>,0,3,[2 6],1,1,4,0,1
1,<environment.Job instance at 0x14811d50fe10>,1,19,[9 2],3,4,23,1,3
1,<environment.Job instance at 0x14811b1ce460>,4,18,[1 5],6,6,24,0,6
1,<environment.Job instance at 0x14811e198e10>,0,15,[1 7],1,1,16,0,1
1,<environment.Job instance at 0x14811e198c80>,3,12,[ 1 10],8,16,28,8,8
1,<environment.Job instance at 0x14811b4fa1e0>,0,3,[2 7],1,1,4,0,1
1,<environment.Job instance at 0x14811b4fabe0>,2,16,[5 2],5,6,22,1,6
1,<environment.Job instance at 0x14814990c7d0>,0,1,[1 7],1,2,3,1,2
1,<environment.Job instance at 0x14814990c730>,2,1,[2 6],4,4,5,0,4
1,<environment.Job instance at 0x14814990cc30>,3,1,[1 7],6,6,7,0,6
1,<environment.Job instance at 0x14814990c690>,4,2,[6 2],9,9,11,0,9
1,<environment.Job instance at 0x14811b6c1b40>,0,20,[8 1],1,1,21,0,1
1,<environment.Job instance at 0x14811afd9410>,0,17,[9 2],1,1,18,0,1
1,<environment.Job instance at 0x14811b6c1320>,2,15,[10  2],6,18,33,12,8
1,<environment.Job instance at 0x14811e5c7af0>,0,3,[7 2],1,1,4,0,1
1,<environment.Job instance at 0x14811e5c7f00>,4,12,[10  2],7,7,19,0,7
1,<environment.Job instance at 0x14811b177d70>,0,2,[8 1],1,1,3,0,1
1,<environment.Job instance at 0x14811e5c7230>,1,3,[2 6],2,2,5,0,2
1,<environment.Job instance at 0x14811b177640>,4,1,[5 1],6,6,7,0,6
1,<environment.Job instance at 0x14811e5add20>,1,3,[1 5],2,2,5,0,2
1,<environment.Job instance at 0x14811b1f6870>,2,12,[1 6],3,5,17,2,3
1,<environment.Job instance at 0x14811b70e690>,2,1,[10  1],3,3,4,0,3
1,<environment.Job instance at 0x14811b2e51e0>,1,16,[1 6],5,5,21,0,5
1,<environment.Job instance at 0x14811e5d82d0>,2,13,[9 1],6,7,20,1,7
1,<environment.Job instance at 0x14811aceb870>,0,26,[ 2 10],2,2,28,0,2
1,<environment.Job instance at 0x14811b3b7eb0>,0,17,[ 1 10],2,2,19,0,2
1,<environment.Job instance at 0x148149790320>,0,15,[2 5],1,1,16,0,1
1,<environment.Job instance at 0x14811b324be0>,0,1,[1 9],1,3,4,2,3
1,<environment.Job instance at 0x14814a1c6780>,2,12,[1 8],4,4,16,0,4
1,<environment.Job instance at 0x14811b2f50a0>,5,3,[7 1],7,8,11,1,8
1,<environment.Job instance at 0x14811b5b5f50>,0,3,[2 5],1,1,4,0,1
1,<environment.Job instance at 0x14811b35d320>,5,28,[7 1],8,8,36,0,8
1,<environment.Job instance at 0x14814a305b40>,7,23,[6 1],9,9,32,0,9
1,<environment.Job instance at 0x14814a305d70>,1,3,[1 9],5,5,8,0,5
1,<environment.Job instance at 0x148149964640>,0,3,[10  2],1,1,4,0,1
1,<environment.Job instance at 0x148149964050>,3,12,[2 6],6,6,18,0,6
1,<environment.Job instance at 0x14811cacca50>,0,3,[1 9],3,3,6,0,3
1,<environment.Job instance at 0x1481499a7b40>,2,17,[7 1],6,6,23,0,6
1,<environment.Job instance at 0x14811e060550>,0,18,[2 7],1,1,19,0,1
1,<environment.Job instance at 0x14811e198b40>,5,14,[9 1],7,19,33,12,7
1,<environment.Job instance at 0x14811b7420a0>,1,3,[8 2],4,4,7,0,4
1,<environment.Job instance at 0x14814979f280>,3,2,[2 9],7,7,9,0,7
1,<environment.Job instance at 0x14811b1d2b90>,0,3,[2 6],1,1,4,0,1
1,<environment.Job instance at 0x14811b1d27d0>,2,1,[10  1],4,4,5,0,4
1,<environment.Job instance at 0x14811f65a500>,3,1,[2 9],5,5,6,0,5
1,<environment.Job instance at 0x14811f65ae10>,4,1,[5 2],6,6,7,0,6
1,<environment.Job instance at 0x14811f65a2d0>,5,3,[5 1],7,7,10,0,7
1,<environment.Job instance at 0x14811b6cdbe0>,2,12,[10  2],5,5,17,0,5
1,<environment.Job instance at 0x14811ade9550>,5,18,[1 8],8,17,35,9,10
1,<environment.Job instance at 0x14811ade99b0>,1,1,[2 8],2,3,4,1,3
1,<environment.Job instance at 0x14811e5d7b40>,4,17,[2 7],9,9,26,0,9
1,<environment.Job instance at 0x14811dfdde10>,1,3,[10  1],3,3,6,0,3
1,<environment.Job instance at 0x14811b642410>,2,12,[ 1 10],4,6,18,2,4
1,<environment.Job instance at 0x14811e0acc80>,1,2,[ 2 10],3,3,5,0,3
1,<environment.Job instance at 0x14811e0ac640>,2,14,[5 2],4,5,19,1,5
1,<environment.Job instance at 0x14814a21af00>,4,3,[2 6],7,7,10,0,7
1,<environment.Job instance at 0x14814a21a820>,5,13,[2 5],8,10,23,2,8
1,<environment.Job instance at 0x14814a21aaf0>,6,18,[2 5],9,10,28,1,9
1,<environment.Job instance at 0x14811b09e820>,0,18,[1 7],1,1,19,0,1
1,<environment.Job instance at 0x14811b09e9b0>,0,1,[8 2],2,2,3,0,2
1,<environment.Job instance at 0x14811ae35c80>,1,1,[2 8],3,10,11,7,10
1,<environment.Job instance at 0x14811b637910>,0,16,[10  1],1,1,17,0,1
1,<environment.Job instance at 0x14811b432cd0>,0,3,[1 8],1,1,4,0,1
1,<environment.Job instance at 0x14811e152e60>,0,1,[7 2],3,3,4,0,3
1,<environment.Job instance at 0x14811e152b90>,2,3,[1 7],5,5,8,0,5
1,<environment.Job instance at 0x14811e152550>,3,16,[6 1],6,6,22,0,6
1,<environment.Job instance at 0x14811e58d910>,4,15,[6 2],8,8,23,0,8
1,<environment.Job instance at 0x148168345230>,0,2,[ 2 10],1,3,5,2,3
1,<environment.Job instance at 0x1481683459b0>,2,3,[1 7],4,5,8,1,4
1,<environment.Job instance at 0x14811e58d8c0>,5,13,[6 1],7,8,21,1,8
1,<environment.Job instance at 0x14814803ce10>,1,3,[1 5],3,3,6,0,3
1,<environment.Job instance at 0x148149909aa0>,3,18,[6 1],5,5,23,0,5
1,<environment.Job instance at 0x148149909b90>,1,1,[5 1],2,2,3,0,2
1,<environment.Job instance at 0x1481480515f0>,1,3,[2 8],3,3,6,0,3
1,<environment.Job instance at 0x14811b1f4780>,5,1,[8 2],8,9,10,1,9
1,<environment.Job instance at 0x148168c25dc0>,0,3,[7 2],2,2,5,0,2
1,<environment.Job instance at 0x148168c255f0>,1,17,[8 2],4,5,22,1,4
1,<environment.Job instance at 0x14811ababc80>,5,12,[10  1],9,22,34,13,10
1,<environment.Job instance at 0x14811e67a960>,3,23,[9 1],5,5,28,0,5
1,<environment.Job instance at 0x14811ad9bc30>,0,1,[8 1],1,1,2,0,1
1,<environment.Job instance at 0x14811b2af550>,1,13,[2 7],4,4,17,0,4
1,<environment.Job instance at 0x14811bf8e9b0>,4,3,[2 5],9,17,20,8,9
1,<environment.Job instance at 0x14814800e960>,0,19,[2 7],1,1,20,0,1
1,<environment.Job instance at 0x14811f6d83c0>,2,18,[7 2],4,4,22,0,4
1,<environment.Job instance at 0x14811f6d8b40>,6,14,[1 9],9,22,36,13,10
1,<environment.Job instance at 0x14811b3d1640>,3,12,[6 2],8,8,20,0,8
1,<environment.Job instance at 0x14811b3245f0>,0,3,[2 5],2,2,5,0,2
1,<environment.Job instance at 0x14811b324190>,2,2,[1 8],4,5,7,1,5
1,<environment.Job instance at 0x14811b3242d0>,3,14,[2 5],6,7,21,1,6
1,<environment.Job instance at 0x14811b303910>,1,14,[5 2],2,2,16,0,2
1,<environment.Job instance at 0x14811dfa7e60>,0,17,[2 5],2,2,19,0,2
1,<environment.Job instance at 0x14811b847410>,4,15,[6 1],6,8,23,2,8
1,<environment.Job instance at 0x14811e10a410>,0,3,[1 9],1,1,4,0,1
1,<environment.Job instance at 0x14811b299cd0>,2,3,[5 1],4,4,7,0,4
1,<environment.Job instance at 0x14811ae02d20>,6,3,[1 9],9,9,12,0,9
1,<environment.Job instance at 0x14811b53f690>,2,1,[10  1],3,3,4,0,3
1,<environment.Job instance at 0x14814a2d05f0>,3,3,[2 5],4,4,7,0,4
1,<environment.Job instance at 0x14811af901e0>,1,2,[2 9],2,2,4,0,2
1,<environment.Job instance at 0x14811af90f00>,2,18,[6 1],4,4,22,0,4
1,<environment.Job instance at 0x14811af90690>,3,14,[6 1],5,22,36,17,7
1,<environment.Job instance at 0x14811af900f0>,5,18,[5 2],8,36,54,28,25
1,<environment.Job instance at 0x14811af1ba00>,0,16,[5 1],1,2,18,1,2
1,<environment.Job instance at 0x14811af1b9b0>,3,17,[9 2],6,18,35,12,6
1,<environment.Job instance at 0x14811bf8e9b0>,2,3,[2 7],4,4,7,0,4
1,<environment.Job instance at 0x14811bf8e320>,4,2,[10  2],7,7,9,0,7
1,<environment.Job instance at 0x14811bf8e410>,5,13,[1 8],8,9,22,1,8
1,<environment.Job instance at 0x14811aa455a0>,0,17,[6 2],1,1,18,0,1
1,<environment.Job instance at 0x14811e6f1280>,2,15,[5 2],5,5,20,0,5
1,<environment.Job instance at 0x14811f712b90>,3,3,[ 1 10],4,4,7,0,4
1,<environment.Job instance at 0x14814a1db690>,3,14,[8 2],7,7,21,0,7
1,<environment.Job instance at 0x148170331280>,1,3,[5 1],2,3,6,1,3
1,<environment.Job instance at 0x14811ace6320>,2,3,[7 2],4,5,8,1,5
1,<environment.Job instance at 0x14811ace6a50>,5,12,[10  1],9,9,21,0,9
1,<environment.Job instance at 0x14811b82b550>,4,3,[6 2],8,8,11,0,8
1,<environment.Job instance at 0x14811b3ed280>,0,3,[ 2 10],1,1,4,0,1
1,<environment.Job instance at 0x14811b3ed640>,1,14,[1 7],2,4,18,2,2
1,<environment.Job instance at 0x1481499939b0>,3,12,[1 9],4,4,16,0,4
1,<environment.Job instance at 0x148149993140>,5,12,[8 1],6,6,18,0,6
1,<environment.Job instance at 0x14811bfc9820>,2,17,[7 2],6,6,23,0,6
1,<environment.Job instance at 0x14811b7a1eb0>,1,17,[7 1],3,3,20,0,3
1,<environment.Job instance at 0x14811fa5cd20>,0,3,[8 1],2,2,5,0,2
1,<environment.Job instance at 0x14811fa5cd70>,1,17,[5 1],3,5,22,2,3
1,<environment.Job instance at 0x1481480b04b0>,2,3,[2 5],4,4,7,0,4
1,<environment.Job instance at 0x1481480b0410>,3,17,[7 1],5,22,39,17,10
1,<environment.Job instance at 0x14811af1a910>,0,18,[5 2],1,1,19,0,1
1,<environment.Job instance at 0x14811bf69d20>,1,1,[2 8],2,2,3,0,2
1,<environment.Job instance at 0x14814a39c730>,0,20,[1 6],1,1,21,0,1
1,<environment.Job instance at 0x14811e0150f0>,3,13,[6 2],4,4,17,0,4
1,<environment.Job instance at 0x14811e0b0550>,2,1,[1 7],4,6,7,2,6
1,<environment.Job instance at 0x14811e0b02d0>,4,18,[10  1],9,9,27,0,9
1,<environment.Job instance at 0x14811afed2d0>,0,14,[8 2],1,1,15,0,1
1,<environment.Job instance at 0x14811b84cb90>,3,1,[2 9],6,6,7,0,6
1,<environment.Job instance at 0x14811b84c460>,5,13,[1 6],8,8,21,0,8
1,<environment.Job instance at 0x14811b84c7d0>,0,12,[10  2],2,2,14,0,2
1,<environment.Job instance at 0x14811f6430a0>,4,13,[6 2],9,14,27,5,13
1,<environment.Job instance at 0x1481702b4320>,3,2,[2 7],5,5,7,0,5
1,<environment.Job instance at 0x14811cac00f0>,0,18,[8 2],1,1,19,0,1
1,<environment.Job instance at 0x14811cac0820>,3,1,[2 6],7,194,195,187,194
1,<environment.Job instance at 0x14814a35cd20>,0,3,[6 1],2,2,5,0,2
1,<environment.Job instance at 0x14814a35c500>,3,3,[1 9],6,6,9,0,6
1,<environment.Job instance at 0x14814a35c320>,5,14,[ 2 10],8,9,23,1,8
1,<environment.Job instance at 0x148168306690>,1,18,[5 1],3,3,21,0,3
1,<environment.Job instance at 0x14811b215b90>,3,3,[2 9],6,6,9,0,6
1,<environment.Job instance at 0x14811c258f00>,4,15,[5 1],7,9,24,2,7
1,<environment.Job instance at 0x14811e4c4640>,2,13,[8 1],7,7,20,0,7
1,<environment.Job instance at 0x14811fae37d0>,0,18,[5 1],1,1,19,0,1
1,<environment.Job instance at 0x14814985ff50>,2,13,[7 1],5,19,32,14,7
1,<environment.Job instance at 0x14811b42d190>,1,1,[2 6],3,4,5,1,4
1,<environment.Job instance at 0x14811b42d7d0>,3,3,[10  1],6,7,10,1,7
1,<environment.Job instance at 0x14811b8b0a50>,4,18,[1 6],7,10,28,3,8
1,<environment.Job instance at 0x14811b140280>,2,3,[1 8],5,5,8,0,5
1,<environment.Job instance at 0x14811b140a00>,3,12,[5 1],6,8,20,2,8
1,<environment.Job instance at 0x14811ac29460>,0,1,[ 1 10],1,2,3,1,2
1,<environment.Job instance at 0x14811e623f50>,2,15,[ 1 10],3,3,18,0,3
1,<environment.Job instance at 0x14811ed0e8c0>,5,1,[2 8],7,18,19,11,7
1,<environment.Job instance at 0x14811b319690>,7,2,[5 1],9,18,20,9,9
1,<environment.Job instance at 0x14811f6317d0>,0,12,[8 2],1,1,13,0,1
1,<environment.Job instance at 0x14811b623f00>,6,12,[1 6],9,9,21,0,9
1,<environment.Job instance at 0x14811ed0eeb0>,0,17,[6 1],1,2,19,1,2
1,<environment.Job instance at 0x14814a1c8550>,0,18,[2 8],3,3,21,0,3
1,<environment.Job instance at 0x148149748eb0>,3,1,[5 1],5,5,6,0,5
1,<environment.Job instance at 0x14811f5b3460>,4,2,[2 8],6,6,8,0,6
1,<environment.Job instance at 0x14811f5b3190>,6,2,[ 2 10],8,8,10,0,8
1,<environment.Job instance at 0x1481498a6870>,0,3,[1 5],1,1,4,0,1
1,<environment.Job instance at 0x14814a382370>,2,12,[7 2],3,5,17,2,5
1,<environment.Job instance at 0x14814a382730>,5,18,[8 2],6,17,35,11,6
1,<environment.Job instance at 0x14811af02d20>,3,3,[1 6],4,4,7,0,4
1,<environment.Job instance at 0x14811af02870>,6,1,[1 5],9,9,10,0,9
1,<environment.Job instance at 0x14811b367fa0>,0,1,[1 9],2,3,4,1,3
1,<environment.Job instance at 0x14811b367550>,1,14,[5 1],3,4,18,1,4
1,<environment.Job instance at 0x14814986bb40>,3,3,[ 2 10],5,18,21,13,5
1,<environment.Job instance at 0x148168025c30>,4,3,[6 2],6,21,24,15,6
1,<environment.Job instance at 0x14811e6fceb0>,1,1,[9 2],2,2,3,0,2
1,<environment.Job instance at 0x14811e6fc190>,2,3,[1 6],3,3,6,0,3
1,<environment.Job instance at 0x14811e6fc5a0>,5,25,[1 7],8,8,33,0,8
1,<environment.Job instance at 0x14811e6fce10>,2,3,[1 6],4,4,7,0,4
1,<environment.Job instance at 0x14811ad34780>,4,3,[1 7],6,7,10,1,6
1,<environment.Job instance at 0x14814a35cd70>,1,17,[2 5],2,2,19,0,2
1,<environment.Job instance at 0x14814a35c5a0>,2,14,[9 1],5,19,33,14,6
1,<environment.Job instance at 0x14814830a500>,5,14,[2 9],9,33,47,24,18
1,<environment.Job instance at 0x14814830a5a0>,2,17,[2 5],4,4,21,0,4
1,<environment.Job instance at 0x14814804e5a0>,4,13,[10  1],8,27,40,19,27
1,<environment.Job instance at 0x1481498ed370>,3,12,[7 2],6,8,20,2,8
1,<environment.Job instance at 0x14811acaafa0>,4,15,[8 1],7,7,22,0,7
1,<environment.Job instance at 0x14811acaacd0>,5,15,[5 1],9,22,37,13,15
1,<environment.Job instance at 0x14811b7f7320>,1,3,[5 2],5,5,8,0,5
1,<environment.Job instance at 0x14814999c410>,3,3,[1 6],5,5,8,0,5
1,<environment.Job instance at 0x14814999ce10>,4,3,[5 2],6,6,9,0,6
1,<environment.Job instance at 0x14811af2caf0>,1,2,[2 9],3,3,5,0,3
1,<environment.Job instance at 0x14811b0f3050>,3,3,[5 2],7,7,10,0,7
1,<environment.Job instance at 0x14811b0f3230>,1,17,[ 1 10],2,2,19,0,2
1,<environment.Job instance at 0x14816801dd70>,3,18,[9 1],4,19,37,15,8
1,<environment.Job instance at 0x1481497bad20>,2,1,[2 9],4,4,5,0,4
1,<environment.Job instance at 0x148149753370>,4,1,[10  1],7,7,8,0,7
1,<environment.Job instance at 0x1481497ba410>,5,17,[10  2],8,8,25,0,8
1,<environment.Job instance at 0x14811b4678c0>,0,3,[7 1],1,1,4,0,1
1,<environment.Job instance at 0x14811b4670f0>,1,16,[10  1],2,4,20,2,2
1,<environment.Job instance at 0x14811f6b1dc0>,5,15,[1 5],9,20,35,11,10
1,<environment.Job instance at 0x14811e1299b0>,0,3,[9 2],2,2,5,0,2
1,<environment.Job instance at 0x1481480a70a0>,3,3,[6 2],6,6,9,0,6
1,<environment.Job instance at 0x14811d4e9a50>,5,18,[2 6],9,9,27,0,9
1,<environment.Job instance at 0x14814977afa0>,0,3,[2 9],1,1,4,0,1
1,<environment.Job instance at 0x14814977aa50>,1,12,[1 6],2,4,16,2,2
1,<environment.Job instance at 0x148149791be0>,4,17,[ 2 10],9,16,33,7,9
1,<environment.Job instance at 0x1481497915a0>,1,15,[10  1],2,2,17,0,2
1,<environment.Job instance at 0x1481497915f0>,2,13,[1 6],4,17,30,13,4
1,<environment.Job instance at 0x14811b50f0f0>,3,18,[9 2],5,17,35,12,6
1,<environment.Job instance at 0x14811b0f83c0>,0,1,[2 6],3,3,4,0,3
1,<environment.Job instance at 0x14811b76ab90>,1,3,[2 9],2,2,5,0,2
1,<environment.Job instance at 0x14811b76a460>,2,15,[5 1],3,4,19,1,4
1,<environment.Job instance at 0x14811b76ad70>,8,2,[2 5],9,9,11,0,9
1,<environment.Job instance at 0x14811b2f5460>,0,3,[2 5],1,1,4,0,1
1,<environment.Job instance at 0x14811af6daa0>,0,3,[2 5],1,1,4,0,1
1,<environment.Job instance at 0x14811af6d280>,2,1,[2 6],4,4,5,0,4
1,<environment.Job instance at 0x1481727ef460>,0,3,[2 6],1,1,4,0,1
1,<environment.Job instance at 0x14814803c820>,1,3,[2 5],3,3,6,0,3
1,<environment.Job instance at 0x14811abff4b0>,2,1,[2 5],4,4,5,0,4
1,<environment.Job instance at 0x14811abfff50>,1,18,[1 6],4,4,22,0,4
1,<environment.Job instance at 0x14811af3b640>,1,1,[5 1],4,4,5,0,4
1,<environment.Job instance at 0x14811acc3c30>,2,3,[8 2],5,7,10,2,7
1,<environment.Job instance at 0x1481703383c0>,4,2,[7 2],8,10,12,2,9
1,<environment.Job instance at 0x14814a2ba910>,1,15,[8 1],2,3,18,1,3
1,<environment.Job instance at 0x14814a2ba230>,6,3,[ 1 10],8,18,21,10,8
1,<environment.Job instance at 0x14811fb1e050>,2,17,[7 1],9,9,26,0,9
1,<environment.Job instance at 0x14811e0fdf00>,1,3,[2 5],3,3,6,0,3
1,<environment.Job instance at 0x14811e0fd1e0>,2,3,[1 7],4,6,9,2,4
1,<environment.Job instance at 0x14811e0fd960>,3,16,[9 2],6,6,22,0,6
1,<environment.Job instance at 0x14811faabf00>,0,15,[1 5],2,2,17,0,2
1,<environment.Job instance at 0x14811faab2d0>,1,25,[6 2],3,3,28,0,3
1,<environment.Job instance at 0x14811b87cf50>,0,2,[ 1 10],2,2,4,0,2
1,<environment.Job instance at 0x14811b87c2d0>,2,15,[1 5],4,4,19,0,4
1,<environment.Job instance at 0x14811fa97140>,1,1,[1 5],3,19,20,16,19
1,<environment.Job instance at 0x14814830a910>,5,14,[6 1],9,71,85,62,71
1,<environment.Job instance at 0x14814830a5f0>,3,2,[2 9],6,332,334,326,332
1,<environment.Job instance at 0x14814830aa00>,1,15,[1 6],5,5,20,0,5
1,<environment.Job instance at 0x1481497c1fa0>,4,1,[2 9],9,33,34,24,33
1,<environment.Job instance at 0x14811b82d640>,0,16,[5 2],1,1,17,0,1
1,<environment.Job instance at 0x14811b38baf0>,0,3,[7 2],4,4,7,0,4
1,<environment.Job instance at 0x14811dfb6370>,2,12,[5 2],6,7,19,1,7
1,<environment.Job instance at 0x14811dfb6690>,4,13,[2 6],8,8,21,0,8
1,<environment.Job instance at 0x14814990fe60>,0,3,[5 1],1,1,4,0,1
1,<environment.Job instance at 0x14811e4c8d20>,2,3,[1 8],4,4,7,0,4
1,<environment.Job instance at 0x14811e4c86e0>,3,13,[8 2],5,6,19,1,6
1,<environment.Job instance at 0x14811f6d1d20>,2,15,[10  1],7,7,22,0,7
1,<environment.Job instance at 0x14811f6d1f50>,3,3,[1 5],8,22,25,14,8
1,<environment.Job instance at 0x14811fa8e9b0>,0,3,[1 9],1,1,4,0,1
1,<environment.Job instance at 0x14811fa8e870>,1,14,[5 2],2,4,18,2,4
1,<environment.Job instance at 0x14811bfbb910>,3,13,[9 2],6,18,31,12,6
1,<environment.Job instance at 0x14811bfbbaf0>,4,13,[5 1],8,31,44,23,15
1,<environment.Job instance at 0x14811fa8a190>,0,13,[2 9],3,3,16,0,3
1,<environment.Job instance at 0x14811b2e0550>,3,2,[2 7],5,5,7,0,5
1,<environment.Job instance at 0x14811b2e04b0>,6,2,[10  2],8,8,10,0,8
1,<environment.Job instance at 0x14811adc7370>,7,3,[1 7],9,10,13,1,9
1,<environment.Job instance at 0x14811f9e4500>,3,15,[1 6],6,102,117,96,102
1,<environment.Job instance at 0x14811bfd5d20>,1,15,[1 9],2,2,17,0,2
1,<environment.Job instance at 0x14811f6e2230>,4,1,[ 2 10],5,17,18,12,11
1,<environment.Job instance at 0x14811faec2d0>,3,2,[ 2 10],6,6,8,0,6
1,<environment.Job instance at 0x148149751050>,1,1,[1 5],2,6,7,4,6
1,<environment.Job instance at 0x14811bf6c190>,2,14,[1 6],6,6,20,0,6
1,<environment.Job instance at 0x14811b8063c0>,1,3,[2 7],4,4,7,0,4
1,<environment.Job instance at 0x14811b8069b0>,2,3,[2 5],3,3,6,0,3
1,<environment.Job instance at 0x14814a2d51e0>,6,18,[5 1],8,8,26,0,8
1,<environment.Job instance at 0x14811ac453c0>,0,16,[6 2],1,1,17,0,1
1,<environment.Job instance at 0x1481480b4e10>,1,18,[1 7],6,6,24,0,6
1,<environment.Job instance at 0x14811ac32f00>,3,14,[7 2],4,4,18,0,4
1,<environment.Job instance at 0x14811ac325a0>,5,3,[1 9],8,18,21,10,8
1,<environment.Job instance at 0x14811ac327d0>,6,17,[9 1],9,18,35,9,9
1,<environment.Job instance at 0x1481482ce230>,3,18,[1 6],9,9,27,0,9
1,<environment.Job instance at 0x148148023b90>,0,17,[6 1],3,3,20,0,3
1,<environment.Job instance at 0x1481482cec80>,1,13,[6 1],5,20,33,15,16
1,<environment.Job instance at 0x14811f71bc30>,1,18,[10  2],2,2,20,0,2
1,<environment.Job instance at 0x14811f6810f0>,1,26,[9 2],5,5,31,0,5
1,<environment.Job instance at 0x14811e3f0190>,0,28,[2 5],1,1,29,0,1
1,<environment.Job instance at 0x1481498d5500>,0,1,[2 5],1,1,2,0,1
1,<environment.Job instance at 0x1481498d5aa0>,1,3,[2 8],2,2,5,0,2
1,<environment.Job instance at 0x14811e3f0230>,2,12,[2 9],5,5,17,0,5
1,<environment.Job instance at 0x14811ed4c370>,3,28,[1 6],9,9,37,0,9
1,<environment.Job instance at 0x14814a244dc0>,1,3,[2 8],2,2,5,0,2
1,<environment.Job instance at 0x14811ae38c80>,2,12,[1 7],3,5,17,2,3
1,<environment.Job instance at 0x14811ae38d70>,4,3,[10  2],7,17,20,10,7
1,<environment.Job instance at 0x14811fa58820>,0,3,[1 9],3,3,6,0,3
1,<environment.Job instance at 0x14814a2080f0>,2,3,[2 8],5,6,9,1,5
1,<environment.Job instance at 0x14811fa58190>,3,1,[ 2 10],6,9,10,3,8
1,<environment.Job instance at 0x148149818410>,6,3,[2 9],9,10,13,1,9
1,<environment.Job instance at 0x148149818be0>,3,1,[7 2],6,7,8,1,7
1,<environment.Job instance at 0x14811ad6ebe0>,2,15,[7 2],7,8,23,1,8
1,<environment.Job instance at 0x14811df7b550>,0,13,[2 6],3,3,16,0,3
1,<environment.Job instance at 0x148168c56410>,1,1,[1 5],3,3,4,0,3
1,<environment.Job instance at 0x14811f6d1910>,4,15,[2 6],9,9,24,0,9
1,<environment.Job instance at 0x148168c60820>,0,12,[2 7],2,2,14,0,2
1,<environment.Job instance at 0x148168c60500>,2,18,[8 1],4,4,22,0,4
1,<environment.Job instance at 0x14811e1165f0>,2,14,[ 1 10],6,6,20,0,6
1,<environment.Job instance at 0x14814a2d0910>,0,3,[5 2],1,1,4,0,1
1,<environment.Job instance at 0x14814a2d0780>,2,13,[2 5],6,6,19,0,6
1,<environment.Job instance at 0x14811e5d05a0>,0,3,[1 8],1,1,4,0,1
1,<environment.Job instance at 0x14811e5d09b0>,1,3,[1 5],3,4,7,1,3
1,<environment.Job instance at 0x14811e5d0be0>,4,16,[7 2],6,6,22,0,6
1,<environment.Job instance at 0x14814a23ce60>,1,18,[6 1],3,3,21,0,3
1,<environment.Job instance at 0x148148074c80>,0,3,[ 1 10],2,2,5,0,2
1,<environment.Job instance at 0x14811b6c1c80>,4,3,[5 2],7,7,10,0,7
1,<environment.Job instance at 0x14811f7765a0>,0,24,[7 2],2,2,26,0,2
1,<environment.Job instance at 0x14814a35c870>,3,13,[5 1],7,7,20,0,7
1,<environment.Job instance at 0x14811f5f6140>,5,3,[2 6],9,9,12,0,9
1,<environment.Job instance at 0x14811e3f00a0>,0,14,[2 9],1,1,15,0,1
1,<environment.Job instance at 0x14811af5cb40>,0,12,[2 9],1,2,14,1,2
1,<environment.Job instance at 0x14811b0fc870>,0,3,[7 2],1,1,4,0,1
1,<environment.Job instance at 0x14811b0fca50>,2,19,[8 1],3,4,23,1,3
1,<environment.Job instance at 0x14811e117640>,0,3,[8 1],1,1,4,0,1
1,<environment.Job instance at 0x14811ae88c30>,1,12,[ 1 10],5,5,17,0,5
1,<environment.Job instance at 0x14811e1170f0>,0,3,[1 5],1,1,4,0,1
1,<environment.Job instance at 0x14811e117f00>,1,19,[2 8],2,4,23,2,2
1,<environment.Job instance at 0x1481498195a0>,3,18,[10  1],4,23,41,19,13
1,<environment.Job instance at 0x14811f712500>,0,12,[6 2],1,1,13,0,1
1,<environment.Job instance at 0x14811f712b90>,2,3,[1 9],3,13,16,10,3
1,<environment.Job instance at 0x14811fa29370>,0,14,[2 7],1,1,15,0,1
1,<environment.Job instance at 0x14811e3eeb40>,4,2,[6 2],8,8,10,0,8
1,<environment.Job instance at 0x14811f61c410>,1,14,[1 5],2,2,16,0,2
1,<environment.Job instance at 0x14811e55bf00>,4,12,[1 6],5,16,28,11,5
1,<environment.Job instance at 0x14811ad81cd0>,2,1,[ 1 10],4,318,319,314,318
1,<environment.Job instance at 0x14811e5e0d70>,0,17,[6 2],3,3,20,0,3
1,<environment.Job instance at 0x1481497d5230>,6,1,[2 9],8,66,67,58,66
1,<environment.Job instance at 0x1481498a41e0>,1,2,[1 6],2,126,128,124,126
1,<environment.Job instance at 0x1481497d5910>,1,3,[5 1],3,3,6,0,3
1,<environment.Job instance at 0x14811b509eb0>,2,15,[5 2],4,6,21,2,6
1,<environment.Job instance at 0x14811b509640>,4,16,[6 2],9,21,37,12,9
1,<environment.Job instance at 0x1481497d5e60>,0,14,[ 2 10],2,2,16,0,2
1,<environment.Job instance at 0x14811df99140>,2,14,[10  1],5,16,30,11,14
1,<environment.Job instance at 0x1481498e1640>,1,12,[1 8],2,2,14,0,2
1,<environment.Job instance at 0x148149753230>,4,15,[5 1],5,5,20,0,5
1,<environment.Job instance at 0x14814a324e10>,0,24,[8 2],1,1,25,0,1
1,<environment.Job instance at 0x14811b6565f0>,1,12,[10  1],4,4,16,0,4
1,<environment.Job instance at 0x14811e05ef00>,3,15,[5 1],6,6,21,0,6
1,<environment.Job instance at 0x14811faddaa0>,2,1,[6 1],3,371,372,368,371
1,<environment.Job instance at 0x1481682e6460>,0,1,[5 1],2,2,3,0,2
1,<environment.Job instance at 0x1481682e6c30>,1,15,[5 2],3,4,19,1,4
1,<environment.Job instance at 0x14811b33dc80>,6,3,[1 5],8,8,11,0,8
1,<environment.Job instance at 0x14811ae55050>,0,15,[ 1 10],1,1,16,0,1
1,<environment.Job instance at 0x14811ae553c0>,2,13,[5 2],4,38,51,34,38
1,<environment.Job instance at 0x14811b8060f0>,5,16,[10  2],7,7,23,0,7
1,<environment.Job instance at 0x14811bf8d7d0>,0,17,[8 1],1,1,18,0,1
1,<environment.Job instance at 0x14811fa29cd0>,4,1,[1 5],6,6,7,0,6
1,<environment.Job instance at 0x14811b830fa0>,1,3,[2 5],2,2,5,0,2
1,<environment.Job instance at 0x14811adc2b40>,0,18,[1 8],1,1,19,0,1
1,<environment.Job instance at 0x14811adc2230>,1,13,[9 2],2,15,28,13,15
1,<environment.Job instance at 0x14811d5181e0>,3,2,[1 5],4,24,26,20,24
1,<environment.Job instance at 0x14811f9d3b90>,0,3,[2 7],1,1,4,0,1
1,<environment.Job instance at 0x14811f9d3a00>,2,3,[2 6],4,4,7,0,4
1,<environment.Job instance at 0x14814976ba50>,4,18,[1 6],7,7,25,0,7
1,<environment.Job instance at 0x14814976b280>,5,18,[9 2],8,9,27,1,9
1,<environment.Job instance at 0x14811b34f140>,1,1,[5 2],3,3,4,0,3
1,<environment.Job instance at 0x1481499a7460>,3,1,[7 1],7,7,8,0,7
1,<environment.Job instance at 0x1481499a7b90>,4,15,[ 1 10],8,8,23,0,8
1,<environment.Job instance at 0x1481499a7960>,5,17,[7 2],9,23,40,14,11
1,<environment.Job instance at 0x14811e54ca00>,1,3,[2 5],3,3,6,0,3
1,<environment.Job instance at 0x14811b58b6e0>,0,12,[5 1],1,1,13,0,1
1,<environment.Job instance at 0x14811b4378c0>,0,13,[10  2],2,2,15,0,2
1,<environment.Job instance at 0x14811e0d3a50>,0,3,[1 7],2,2,5,0,2
1,<environment.Job instance at 0x14811e0d3f50>,1,16,[2 8],6,6,22,0,6
1,<environment.Job instance at 0x14811b095dc0>,1,3,[2 5],2,2,5,0,2
1,<environment.Job instance at 0x14811b095b90>,4,16,[8 1],5,5,21,0,5
1,<environment.Job instance at 0x14811b0f3190>,1,1,[ 1 10],2,4,5,2,4
1,<environment.Job instance at 0x14811dfa5730>,4,2,[2 6],5,5,7,0,5
1,<environment.Job instance at 0x14811dfa5fa0>,5,2,[8 2],6,6,8,0,6
1,<environment.Job instance at 0x14811dfa56e0>,6,13,[7 2],7,8,21,1,7
1,<environment.Job instance at 0x1481497941e0>,3,15,[1 9],4,21,36,17,8
1,<environment.Job instance at 0x14811ad050a0>,1,3,[1 5],2,2,5,0,2
1,<environment.Job instance at 0x14811bf29820>,2,15,[10  1],3,3,18,0,3
1,<environment.Job instance at 0x1481680933c0>,4,13,[7 2],6,18,31,12,6
1,<environment.Job instance at 0x14811b50f5a0>,0,25,[10  2],2,3,28,1,3
1,<environment.Job instance at 0x14811b878140>,0,1,[1 8],1,1,2,0,1
1,<environment.Job instance at 0x14811b8788c0>,2,21,[2 7],4,4,25,0,4
1,<environment.Job instance at 0x14811e60f050>,0,3,[1 8],1,1,4,0,1
1,<environment.Job instance at 0x14811f7120a0>,1,3,[1 7],3,3,6,0,3
1,<environment.Job instance at 0x14811b0cab40>,3,16,[5 1],6,6,22,0,6
1,<environment.Job instance at 0x14811afdbe10>,0,13,[7 2],1,1,14,0,1
1,<environment.Job instance at 0x14811e084af0>,2,17,[5 1],4,4,21,0,4
1,<environment.Job instance at 0x14811f5f79b0>,4,3,[ 1 10],7,21,24,14,7
1,<environment.Job instance at 0x148149839910>,3,17,[8 1],7,7,24,0,7
1,<environment.Job instance at 0x14811f7131e0>,2,15,[2 6],5,5,20,0,5
1,<environment.Job instance at 0x14811ace6640>,0,17,[1 5],2,2,19,0,2
1,<environment.Job instance at 0x14811ace6370>,2,17,[10  2],4,19,36,15,7
1,<environment.Job instance at 0x14811dfdd2d0>,0,1,[ 1 10],2,5,6,3,5
1,<environment.Job instance at 0x14811dfdddc0>,2,3,[5 2],6,6,9,0,6
1,<environment.Job instance at 0x14811dfdd410>,3,3,[2 7],7,7,10,0,7
1,<environment.Job instance at 0x14811dfdd960>,5,2,[2 9],9,10,12,1,9
1,<environment.Job instance at 0x14811dfdd960>,3,1,[1 6],6,11,12,5,11
1,<environment.Job instance at 0x14811fa57a00>,0,3,[7 1],3,3,6,0,3
1,<environment.Job instance at 0x14811dfd6640>,6,3,[6 2],9,9,12,0,9
1,<environment.Job instance at 0x14811dfd6e10>,0,12,[1 8],3,3,15,0,3
1,<environment.Job instance at 0x14811b0941e0>,0,17,[ 2 10],1,1,18,0,1
1,<environment.Job instance at 0x14811b094870>,4,14,[1 7],6,18,32,12,6
1,<environment.Job instance at 0x14811b094730>,1,18,[5 1],6,6,24,0,6
1,<environment.Job instance at 0x14811b067dc0>,2,3,[1 9],6,6,9,0,6
1,<environment.Job instance at 0x14814a35c960>,0,18,[ 2 10],1,1,19,0,1
1,<environment.Job instance at 0x14811b067fa0>,2,12,[7 2],3,19,31,16,9
1,<environment.Job instance at 0x14811b2ae410>,0,18,[5 2],1,1,19,0,1
1,<environment.Job instance at 0x14811e575500>,4,12,[10  2],6,19,31,13,10
1,<environment.Job instance at 0x14811e42fcd0>,0,18,[7 1],4,4,22,0,4
1,<environment.Job instance at 0x14811fa29640>,3,17,[7 2],8,22,39,14,11
1,<environment.Job instance at 0x14811e4f0190>,2,13,[8 2],3,3,16,0,3
1,<environment.Job instance at 0x14811e4f0aa0>,5,18,[7 2],7,16,34,9,7
1,<environment.Job instance at 0x14811b2be550>,0,2,[5 2],1,1,3,0,1
1,<environment.Job instance at 0x14811b2be4b0>,1,15,[10  2],2,3,18,1,2
1,<environment.Job instance at 0x14811aa4a8c0>,2,1,[6 1],4,7,8,3,7
1,<environment.Job instance at 0x14811aa4a640>,1,18,[6 2],2,10,28,8,10
1,<environment.Job instance at 0x14811b00bfa0>,2,17,[9 2],8,8,25,0,8
1,<environment.Job instance at 0x14811b00b230>,3,3,[2 7],9,25,28,16,9
1,<environment.Job instance at 0x14811e5f01e0>,0,3,[6 2],1,1,4,0,1
1,<environment.Job instance at 0x14811fa436e0>,1,3,[1 5],3,3,6,0,3
1,<environment.Job instance at 0x14811fa43cd0>,2,15,[2 5],4,4,19,0,4
1,<environment.Job instance at 0x14814a37f410>,4,14,[7 1],6,6,20,0,6
1,<environment.Job instance at 0x14811aec34b0>,1,3,[10  2],2,2,5,0,2
1,<environment.Job instance at 0x14811b898aa0>,2,2,[8 2],3,5,7,2,3
1,<environment.Job instance at 0x1481498e1f00>,3,18,[8 1],7,7,25,0,7
1,<environment.Job instance at 0x14811b898050>,4,12,[10  1],8,25,37,17,8
1,<environment.Job instance at 0x14811b6abcd0>,1,1,[9 1],2,2,3,0,2
1,<environment.Job instance at 0x14811b6d8e10>,1,3,[10  2],2,2,5,0,2
1,<environment.Job instance at 0x14811bfb8d70>,1,2,[5 1],3,3,5,0,3
1,<environment.Job instance at 0x148168084410>,0,3,[2 5],2,2,5,0,2
1,<environment.Job instance at 0x14811bfb8410>,1,3,[2 8],4,5,8,1,4
1,<environment.Job instance at 0x14814a24fc80>,0,17,[2 8],2,2,19,0,2
1,<environment.Job instance at 0x14811b497b40>,0,14,[9 2],3,3,17,0,3
1,<environment.Job instance at 0x14811b53f3c0>,1,16,[6 1],3,4,20,1,4
1,<environment.Job instance at 0x14811b0b4be0>,3,21,[2 7],5,6,27,1,6
1,<environment.Job instance at 0x14811b63aeb0>,0,12,[9 2],1,1,13,0,1
1,<environment.Job instance at 0x14811b63a3c0>,1,16,[6 2],2,13,29,11,10
1,<environment.Job instance at 0x14811b45aa50>,1,3,[10  2],2,2,5,0,2
1,<environment.Job instance at 0x14811e15cf50>,1,3,[1 6],2,2,5,0,2
1,<environment.Job instance at 0x14814999c730>,2,19,[1 5],4,5,24,1,4
1,<environment.Job instance at 0x14811b66c370>,2,3,[7 1],6,6,9,0,6
1,<environment.Job instance at 0x14811b66c320>,3,3,[2 8],8,8,11,0,8
1,<environment.Job instance at 0x14811b5b5d70>,0,3,[6 1],1,1,4,0,1
1,<environment.Job instance at 0x14811b5b5500>,1,1,[1 6],4,4,5,0,4
1,<environment.Job instance at 0x14811e0fe5a0>,2,2,[10  1],6,6,8,0,6
1,<environment.Job instance at 0x14811e0feeb0>,3,23,[8 1],9,9,32,0,9
1,<environment.Job instance at 0x14811e0fe870>,0,13,[2 8],1,1,14,0,1
1,<environment.Job instance at 0x14811b5f42d0>,0,3,[1 7],1,1,4,0,1
1,<environment.Job instance at 0x14811bf1a9b0>,3,3,[1 7],4,4,7,0,4
1,<environment.Job instance at 0x14811b6ca320>,0,3,[6 1],1,1,4,0,1
1,<environment.Job instance at 0x14811b43d500>,4,13,[ 2 10],7,7,20,0,7
1,<environment.Job instance at 0x14811f6549b0>,0,12,[1 6],3,3,15,0,3
1,<environment.Job instance at 0x148149744e60>,1,3,[1 7],4,15,18,11,4
1,<environment.Job instance at 0x14811ad36690>,0,12,[1 7],1,1,13,0,1
1,<environment.Job instance at 0x14811ad362d0>,1,18,[2 6],2,13,31,11,2
1,<environment.Job instance at 0x14811ad36410>,3,13,[8 2],5,5,18,0,5
1,<environment.Job instance at 0x1481499ae230>,1,18,[6 1],4,4,22,0,4
1,<environment.Job instance at 0x14811aeb0690>,0,3,[2 5],1,1,4,0,1
1,<environment.Job instance at 0x14811d4e9f00>,1,1,[6 2],2,2,3,0,2
1,<environment.Job instance at 0x14811d4e94b0>,2,3,[1 8],5,5,8,0,5
1,<environment.Job instance at 0x14811e6465a0>,4,15,[6 2],7,7,22,0,7
1,<environment.Job instance at 0x14811c0268c0>,0,18,[1 7],1,1,19,0,1
1,<environment.Job instance at 0x14811b00b230>,6,19,[9 2],9,9,28,0,9
1,<environment.Job instance at 0x14811b00b230>,1,3,[ 2 10],2,2,5,0,2
1,<environment.Job instance at 0x14811f690190>,4,3,[7 1],6,6,9,0,6
1,<environment.Job instance at 0x14811af90cd0>,0,2,[1 5],1,1,3,0,1
1,<environment.Job instance at 0x14811aed16e0>,1,16,[7 1],3,3,19,0,3
1,<environment.Job instance at 0x14811b80a960>,6,17,[2 9],9,9,26,0,9
1,<environment.Job instance at 0x14811b80aa50>,0,3,[2 7],2,2,5,0,2
1,<environment.Job instance at 0x14811b80a7d0>,2,3,[2 5],4,7,10,3,7
1,<environment.Job instance at 0x14811abdb500>,4,14,[1 6],8,10,24,2,8
1,<environment.Job instance at 0x14811b080eb0>,1,2,[ 2 10],4,4,6,0,4
1,<environment.Job instance at 0x14811b8793c0>,0,3,[2 5],1,1,4,0,1
1,<environment.Job instance at 0x1481702b8500>,1,3,[9 1],2,2,5,0,2
1,<environment.Job instance at 0x14811b1f5cd0>,2,12,[8 2],3,5,17,2,3
1,<environment.Job instance at 0x14811ad02a00>,0,3,[1 7],2,2,5,0,2
1,<environment.Job instance at 0x14811b76a8c0>,0,17,[10  1],1,1,18,0,1
1,<environment.Job instance at 0x148168c25230>,5,13,[9 1],8,19,32,11,19
1,<environment.Job instance at 0x14811b30ae10>,2,3,[2 9],4,4,7,0,4
1,<environment.Job instance at 0x14811b30a960>,4,13,[1 5],9,9,22,0,9
1,<environment.Job instance at 0x14814a2dbaf0>,4,1,[2 6],6,7,8,1,7
1,<environment.Job instance at 0x14811c23ffa0>,0,3,[ 2 10],1,1,4,0,1
1,<environment.Job instance at 0x14811e1290a0>,6,2,[1 9],9,378,380,369,378
1,<environment.Job instance at 0x14811b0f3050>,2,18,[6 2],4,4,22,0,4
1,<environment.Job instance at 0x14811b0b4af0>,0,17,[1 5],1,1,18,0,1
1,<environment.Job instance at 0x14816900e0a0>,0,13,[9 2],1,1,14,0,1
1,<environment.Job instance at 0x14811b0b40a0>,4,3,[7 1],8,61,64,53,61
1,<environment.Job instance at 0x14811e02fd70>,2,2,[1 7],5,7,9,2,7
1,<environment.Job instance at 0x14811e000910>,5,17,[9 2],8,19,36,11,19
1,<environment.Job instance at 0x14811b47c280>,2,12,[8 2],3,3,15,0,3
1,<environment.Job instance at 0x14811b47cfa0>,1,3,[1 7],2,2,5,0,2
1,<environment.Job instance at 0x14811faf8a00>,3,2,[1 9],4,5,7,1,4
1,<environment.Job instance at 0x14811faf88c0>,5,3,[6 1],6,6,9,0,6
1,<environment.Job instance at 0x14811faf8cd0>,7,3,[1 7],8,8,11,0,8
1,<environment.Job instance at 0x1481497bab90>,0,2,[2 8],2,2,4,0,2
1,<environment.Job instance at 0x14811f60e730>,5,2,[6 1],9,9,11,0,9
1,<environment.Job instance at 0x14811aeb1e60>,3,12,[2 5],5,5,17,0,5
1,<environment.Job instance at 0x14811aeb1dc0>,5,14,[5 1],7,7,21,0,7
1,<environment.Job instance at 0x14811af8a190>,0,12,[6 2],1,2,14,1,2
1,<environment.Job instance at 0x14811aeb11e0>,2,18,[5 1],3,14,32,11,5
1,<environment.Job instance at 0x14811c23cf00>,0,15,[6 1],1,1,16,0,1
1,<environment.Job instance at 0x14811c23c730>,4,12,[7 1],5,16,28,11,6
1,<environment.Job instance at 0x14811b3aec80>,6,14,[2 5],8,8,22,0,8
1,<environment.Job instance at 0x14811ad81640>,0,17,[1 6],1,1,18,0,1
1,<environment.Job instance at 0x14811ac1cf50>,1,18,[1 6],2,18,36,16,7
1,<environment.Job instance at 0x14811aadb550>,5,1,[10  2],8,36,37,28,8
1,<environment.Job instance at 0x14811aadbd20>,6,2,[1 5],9,37,39,28,10
1,<environment.Job instance at 0x14814978d910>,0,1,[1 9],2,3,4,1,3
1,<environment.Job instance at 0x14811f570cd0>,2,16,[8 2],4,4,20,0,4
1,<environment.Job instance at 0x14811e0cfe60>,4,13,[1 7],6,7,20,1,7
1,<environment.Job instance at 0x14811e5c3280>,3,17,[1 5],5,5,22,0,5
1,<environment.Job instance at 0x14814984f0a0>,0,3,[1 7],1,1,4,0,1
1,<environment.Job instance at 0x14814984fc30>,1,3,[10  1],4,4,7,0,4
1,<environment.Job instance at 0x14811f5b7690>,5,18,[ 2 10],8,8,26,0,8
1,<environment.Job instance at 0x14811f5b7f00>,6,3,[1 5],9,26,29,17,9
1,<environment.Job instance at 0x14811b5490f0>,0,1,[6 1],2,2,3,0,2
1,<environment.Job instance at 0x14814984f050>,1,18,[ 2 10],3,3,21,0,3
1,<environment.Job instance at 0x14811b549820>,2,12,[8 2],5,21,33,16,9
1,<environment.Job instance at 0x14811aea2be0>,5,3,[1 9],9,68,71,59,68
1,<environment.Job instance at 0x14811aea21e0>,4,14,[7 1],7,74,88,67,74
1,<environment.Job instance at 0x1481682f6550>,7,2,[ 2 10],8,17,19,9,17
1,<environment.Job instance at 0x14811adb29b0>,0,14,[2 5],3,3,17,0,3
1,<environment.Job instance at 0x1481682f6dc0>,2,13,[ 2 10],6,17,30,11,6
1,<environment.Job instance at 0x14811c258e60>,0,3,[5 1],2,2,5,0,2
1,<environment.Job instance at 0x14811b301780>,3,13,[1 6],5,5,18,0,5
1,<environment.Job instance at 0x14811b301eb0>,4,3,[5 1],6,6,9,0,6
1,<environment.Job instance at 0x14811b33b910>,5,1,[7 2],9,9,10,0,9
1,<environment.Job instance at 0x148149954d20>,3,2,[7 2],4,4,6,0,4
1,<environment.Job instance at 0x14814a39f190>,5,17,[1 6],6,6,23,0,6
1,<environment.Job instance at 0x14811b3586e0>,2,3,[1 9],3,3,6,0,3
1,<environment.Job instance at 0x14811b358b40>,4,13,[1 9],6,6,19,0,6
1,<environment.Job instance at 0x1481480a7550>,1,14,[7 2],3,3,17,0,3
1,<environment.Job instance at 0x14814a2b9d20>,2,12,[7 1],4,17,29,13,6
1,<environment.Job instance at 0x1481480a7af0>,6,15,[1 8],8,9,24,1,9
1,<environment.Job instance at 0x14811b0f7690>,0,23,[8 2],1,1,24,0,1
1,<environment.Job instance at 0x14811ac1c190>,5,1,[1 5],7,7,8,0,7
1,<environment.Job instance at 0x148168087690>,3,15,[9 2],7,7,22,0,7
1,<environment.Job instance at 0x14811acb1640>,0,13,[1 8],1,1,14,0,1
1,<environment.Job instance at 0x14811acb13c0>,3,3,[10  2],6,14,17,8,6
1,<environment.Job instance at 0x14811f5a9690>,0,18,[10  2],1,1,19,0,1
1,<environment.Job instance at 0x14811f5a9d70>,3,3,[ 1 10],5,19,22,14,5
1,<environment.Job instance at 0x14811b505a50>,5,3,[10  2],7,22,25,15,7
1,<environment.Job instance at 0x14814a24fbe0>,0,25,[7 2],2,2,27,0,2
1,<environment.Job instance at 0x14814a24f6e0>,1,15,[2 5],2,2,17,0,2
1,<environment.Job instance at 0x148168301910>,3,18,[7 2],7,7,25,0,7
1,<environment.Job instance at 0x148149744a00>,0,1,[1 9],1,2,3,1,2
1,<environment.Job instance at 0x148149744d20>,2,17,[10  1],3,3,20,0,3
1,<environment.Job instance at 0x14811f58c780>,3,2,[5 1],4,20,22,16,4
1,<environment.Job instance at 0x14811f58c500>,4,2,[2 7],5,20,22,15,5
1,<environment.Job instance at 0x14811f58cb90>,5,1,[10  1],6,22,23,16,6
1,<environment.Job instance at 0x14811f58c140>,6,27,[1 9],7,23,50,16,21
1,<environment.Job instance at 0x14811e5cf870>,4,3,[6 2],7,7,10,0,7
1,<environment.Job instance at 0x14811b307aa0>,6,12,[10  1],9,10,22,1,9
1,<environment.Job instance at 0x14811bf0a6e0>,1,13,[9 1],3,4,17,1,4
1,<environment.Job instance at 0x14811bf0aa00>,3,1,[2 8],5,17,18,12,5
1,<environment.Job instance at 0x14811ade9780>,2,3,[1 9],4,4,7,0,4
1,<environment.Job instance at 0x14811e3c95f0>,3,2,[1 5],9,9,11,0,9
1,<environment.Job instance at 0x14811e0b6b90>,2,13,[1 6],4,4,17,0,4
1,<environment.Job instance at 0x14811e0b60f0>,7,3,[1 7],9,17,20,8,9
