iteration,job object,job ID,job Length,job ressource requirement,job enter time,job start time,job finish time,job waiting time,current time
1,<environment.Job instance at 0x7f549f6d1a00>,5,13,[5 9],6,15,28,9,6
1,<environment.Job instance at 0x7f54a282a500>,0,18,[ 2 10],1,28,46,27,17
1,<environment.Job instance at 0x7f54a282a320>,3,18,[ 3 10],4,46,64,42,35
1,<environment.Job instance at 0x7f549f6d5460>,1,2,[4 9],2,3,5,1,3
1,<environment.Job instance at 0x7f54a2775af0>,9,14,[ 2 10],10,10,24,0,10
1,<environment.Job instance at 0x7f54a29ab0a0>,15,13,[3 5],16,24,37,8,19
1,<environment.Job instance at 0x7f54a29ab050>,16,3,[ 2 10],17,37,40,20,19
1,<environment.Job instance at 0x7f54a29ab550>,20,18,[5 5],21,41,59,20,41
1,<environment.Job instance at 0x7f54a2775dc0>,6,18,[4 5],7,42,60,35,42
1,<environment.Job instance at 0x7f54a29a28c0>,25,3,[6 4],26,59,62,33,43
1,<environment.Job instance at 0x7f54639caaa0>,5,1,[3 6],6,6,7,0,6
1,<environment.Job instance at 0x7f54639cae10>,7,3,[7 4],8,8,11,0,8
1,<environment.Job instance at 0x7f5463a080f0>,12,2,[4 8],13,21,23,8,21
1,<environment.Job instance at 0x7f5463a088c0>,13,3,[1 6],14,23,26,9,21
1,<environment.Job instance at 0x7f54639ca550>,9,3,[5 3],10,23,26,13,21
1,<environment.Job instance at 0x7f5463a08c30>,15,14,[9 1],16,26,40,10,22
1,<environment.Job instance at 0x7f5463a08910>,18,3,[2 7],19,40,43,21,25
1,<environment.Job instance at 0x7f54639caf00>,6,12,[2 6],7,43,55,36,26
1,<environment.Job instance at 0x7f5463a05aa0>,20,2,[5 6],21,55,57,34,28
1,<environment.Job instance at 0x7f5463a08c80>,19,16,[1 8],20,57,73,37,46
1,<environment.Job instance at 0x7f5463abf5f0>,24,15,[9 1],25,57,72,32,49
1,<environment.Job instance at 0x7f5463ec55a0>,2,16,[6 2],3,3,19,0,3
1,<environment.Job instance at 0x7f5463abfe60>,3,1,[5 6],4,19,20,15,4
1,<environment.Job instance at 0x7f5463ec51e0>,4,2,[8 5],5,20,22,15,5
1,<environment.Job instance at 0x7f5463b37aa0>,10,12,[6 3],11,22,34,11,11
1,<environment.Job instance at 0x7f5463b379b0>,11,3,[1 5],12,12,15,0,12
1,<environment.Job instance at 0x7f5463b37320>,14,13,[1 9],15,34,47,19,18
1,<environment.Job instance at 0x7f5463b37f00>,13,15,[4 8],14,47,62,33,33
1,<environment.Job instance at 0x7f5463aa0dc0>,17,18,[5 2],18,47,65,29,37
1,<environment.Job instance at 0x7f5463aa0190>,26,1,[7 4],27,65,66,38,40
1,<environment.Job instance at 0x7f5463aa0050>,23,12,[1 7],24,66,78,42,49
1,<environment.Job instance at 0x7f5463a9baa0>,0,2,[3 8],1,1,3,0,1
1,<environment.Job instance at 0x7f5463aa0050>,2,14,[9 2],3,16,30,13,16
1,<environment.Job instance at 0x7f5463db7500>,6,13,[5 1],7,30,43,23,20
1,<environment.Job instance at 0x7f5463a9b5f0>,5,17,[5 9],6,30,47,24,23
1,<environment.Job instance at 0x7f5463db7aa0>,13,12,[5 1],14,43,55,29,26
1,<environment.Job instance at 0x7f5463db7be0>,15,17,[8 1],16,55,72,39,43
1,<environment.Job instance at 0x7f5463db7910>,10,17,[2 9],11,47,64,36,44
1,<environment.Job instance at 0x7f54a212fc80>,5,2,[9 2],6,6,8,0,6
1,<environment.Job instance at 0x7f549ed774b0>,6,2,[5 1],7,8,10,1,7
1,<environment.Job instance at 0x7f549ed77460>,7,1,[1 7],8,8,9,0,8
1,<environment.Job instance at 0x7f54a212f690>,9,12,[1 8],10,12,24,2,12
1,<environment.Job instance at 0x7f549ed77140>,14,18,[10  2],15,24,42,9,15
1,<environment.Job instance at 0x7f54a212f140>,0,18,[8 5],1,42,60,41,31
1,<environment.Job instance at 0x7f549ed0c780>,6,15,[7 3],7,9,24,2,9
1,<environment.Job instance at 0x7f549ed874b0>,9,1,[8 5],10,24,25,14,10
1,<environment.Job instance at 0x7f549ed87eb0>,10,14,[2 8],11,25,39,14,11
1,<environment.Job instance at 0x7f549ed87190>,13,2,[3 5],14,18,20,4,18
1,<environment.Job instance at 0x7f54a2373d70>,17,14,[7 1],18,25,39,7,23
1,<environment.Job instance at 0x7f54a1dbea00>,14,16,[8 3],15,39,55,24,27
1,<environment.Job instance at 0x7f54a2373c30>,20,14,[ 3 10],21,55,69,34,40
1,<environment.Job instance at 0x7f549f808c30>,3,1,[2 8],4,5,6,1,5
1,<environment.Job instance at 0x7f5463a2f3c0>,6,15,[10  5],7,9,24,2,9
1,<environment.Job instance at 0x7f5463a2f230>,4,12,[2 9],5,24,36,19,11
1,<environment.Job instance at 0x7f54639f2780>,10,1,[5 1],11,24,25,13,11
1,<environment.Job instance at 0x7f54639c6b90>,12,2,[1 5],13,36,38,23,13
1,<environment.Job instance at 0x7f5463d08a00>,16,3,[2 7],17,38,41,21,18
1,<environment.Job instance at 0x7f5463d0d9b0>,18,3,[4 7],19,41,44,22,21
1,<environment.Job instance at 0x7f5463a2f050>,5,16,[2 6],6,44,60,38,32
1,<environment.Job instance at 0x7f5463d0d690>,20,17,[7 1],21,44,61,23,34
1,<environment.Job instance at 0x7f549ed231e0>,1,3,[3 7],2,2,5,0,2
1,<environment.Job instance at 0x7f5463d08230>,7,13,[4 6],8,8,21,0,8
1,<environment.Job instance at 0x7f5463d085f0>,6,13,[8 3],7,21,34,14,9
1,<environment.Job instance at 0x7f5463d08910>,13,16,[3 5],14,34,50,20,23
1,<environment.Job instance at 0x7f549ed4bcd0>,17,14,[10  3],18,50,64,32,36
1,<environment.Job instance at 0x7f549ed4bb40>,18,13,[8 2],19,64,77,45,48
1,<environment.Job instance at 0x7f549f727460>,4,15,[ 1 10],5,6,21,1,6
1,<environment.Job instance at 0x7f549ec95e60>,13,14,[3 6],14,21,35,7,15
1,<environment.Job instance at 0x7f54a21077d0>,15,1,[3 6],16,35,36,19,16
1,<environment.Job instance at 0x7f549fb77370>,18,2,[7 3],19,21,23,2,19
1,<environment.Job instance at 0x7f549fa21910>,19,14,[2 6],20,36,50,16,21
1,<environment.Job instance at 0x7f54a2045550>,20,2,[6 5],21,50,52,29,24
1,<environment.Job instance at 0x7f549ed1b0f0>,22,12,[4 9],23,52,64,29,37
1,<environment.Job instance at 0x7f5463e3dc80>,4,1,[2 5],5,5,6,0,5
1,<environment.Job instance at 0x7f5463f58e60>,5,2,[9 3],6,6,8,0,6
1,<environment.Job instance at 0x7f5463f58b90>,9,3,[3 6],10,10,13,0,10
1,<environment.Job instance at 0x7f5463f58dc0>,10,3,[7 3],11,11,14,0,11
1,<environment.Job instance at 0x7f5464029e10>,0,19,[2 7],1,13,32,12,12
1,<environment.Job instance at 0x7f5463a63280>,14,13,[1 9],15,32,45,17,16
1,<environment.Job instance at 0x7f549f9ae5a0>,12,12,[3 8],13,45,57,32,29
1,<environment.Job instance at 0x7f54a1caad70>,11,17,[5 7],12,57,74,45,45
1,<environment.Job instance at 0x7f5463940370>,2,3,[4 9],3,3,6,0,3
1,<environment.Job instance at 0x7f54639408c0>,0,3,[1 6],1,6,9,5,3
1,<environment.Job instance at 0x7f546379d050>,4,2,[10  3],5,9,11,4,5
1,<environment.Job instance at 0x7f546379deb0>,3,12,[ 2 10],4,11,23,7,11
1,<environment.Job instance at 0x7f54a1c9f1e0>,11,3,[1 6],12,23,26,11,12
1,<environment.Job instance at 0x7f54a1cbd2d0>,7,18,[3 6],8,26,44,18,15
1,<environment.Job instance at 0x7f54a1c9f640>,15,12,[6 1],16,23,35,7,16
1,<environment.Job instance at 0x7f54a1c9f6e0>,16,2,[ 3 10],17,44,46,27,17
1,<environment.Job instance at 0x7f54a1c9f780>,17,3,[5 1],18,35,38,17,18
1,<environment.Job instance at 0x7f54a1c9f960>,18,2,[5 4],19,38,40,19,19
1,<environment.Job instance at 0x7f54a1c9fcd0>,20,1,[5 1],21,40,41,19,26
1,<environment.Job instance at 0x7f54a1c9f050>,10,18,[5 9],11,46,64,35,35
1,<environment.Job instance at 0x7f54a1cad370>,2,2,[7 4],3,3,5,0,3
1,<environment.Job instance at 0x7f549ee218c0>,10,1,[9 5],11,11,12,0,11
1,<environment.Job instance at 0x7f549ee21370>,7,17,[3 5],8,13,30,5,13
1,<environment.Job instance at 0x7f549ee21910>,12,15,[10  1],13,30,45,17,19
1,<environment.Job instance at 0x7f549ee213c0>,16,13,[3 9],17,45,58,28,34
1,<environment.Job instance at 0x7f549ee215a0>,19,3,[5 9],20,58,61,38,39
1,<environment.Job instance at 0x7f5463d0c780>,4,12,[3 5],5,5,17,0,5
1,<environment.Job instance at 0x7f549f7e4a50>,6,2,[8 4],7,17,19,10,8
1,<environment.Job instance at 0x7f5463d0c3c0>,13,13,[7 5],14,19,32,5,15
1,<environment.Job instance at 0x7f549ec88140>,14,13,[1 8],15,32,45,17,17
1,<environment.Job instance at 0x7f5463cf2230>,21,2,[2 6],22,45,47,23,28
1,<environment.Job instance at 0x7f5463cf2be0>,24,16,[9 4],25,47,63,22,35
1,<environment.Job instance at 0x7f5463cf2640>,25,3,[1 9],26,63,66,37,37
1,<environment.Job instance at 0x7f54637b6190>,0,2,[2 7],1,3,5,2,3
1,<environment.Job instance at 0x7f5463d0caf0>,5,15,[ 1 10],6,8,23,2,8
1,<environment.Job instance at 0x7f549edf4d20>,7,12,[7 2],8,23,35,15,10
1,<environment.Job instance at 0x7f549edb91e0>,13,3,[4 7],14,35,38,21,16
1,<environment.Job instance at 0x7f549edb9690>,17,15,[4 6],18,38,53,20,24
1,<environment.Job instance at 0x7f549edb9af0>,24,16,[4 5],25,53,69,28,40
1,<environment.Job instance at 0x7f54a24044b0>,4,14,[3 8],5,5,19,0,5
1,<environment.Job instance at 0x7f54a24046e0>,6,12,[2 7],7,19,31,12,7
1,<environment.Job instance at 0x7f5463895730>,10,2,[5 1],11,13,15,2,13
1,<environment.Job instance at 0x7f5463895f00>,11,12,[5 5],12,31,43,19,14
1,<environment.Job instance at 0x7f549edb9d70>,5,12,[10  1],6,43,55,37,27
1,<environment.Job instance at 0x7f549f9426e0>,17,2,[7 4],18,55,57,37,43
1,<environment.Job instance at 0x7f549edd4960>,1,18,[4 8],2,57,75,55,46
1,<environment.Job instance at 0x7f5464070e60>,3,18,[5 5],4,6,24,2,6
1,<environment.Job instance at 0x7f5463daedc0>,7,2,[ 3 10],8,24,26,16,8
1,<environment.Job instance at 0x7f54637ba050>,8,18,[1 5],9,26,44,17,15
1,<environment.Job instance at 0x7f549f85aeb0>,11,3,[1 9],12,44,47,32,18
1,<environment.Job instance at 0x7f5464070410>,9,18,[9 5],10,26,44,16,20
1,<environment.Job instance at 0x7f54a1c538c0>,12,13,[9 4],13,47,60,34,31
1,<environment.Job instance at 0x7f549f9c51e0>,18,16,[8 3],19,60,76,41,47
1,<environment.Job instance at 0x7f5463e77640>,0,14,[1 5],1,3,17,2,3
1,<environment.Job instance at 0x7f549ec44410>,7,19,[1 5],8,8,27,0,8
1,<environment.Job instance at 0x7f54a1d91870>,9,18,[6 4],10,17,35,7,11
1,<environment.Job instance at 0x7f5463c68410>,11,13,[6 3],12,35,48,23,20
1,<environment.Job instance at 0x7f54a20395a0>,14,14,[5 3],15,48,62,33,33
1,<environment.Job instance at 0x7f549fa27fa0>,4,3,[4 5],5,6,9,1,6
1,<environment.Job instance at 0x7f549fa27b40>,2,2,[3 6],3,9,11,6,7
1,<environment.Job instance at 0x7f549fa27780>,6,3,[5 8],7,11,14,4,7
1,<environment.Job instance at 0x7f549fa27460>,9,3,[8 2],10,14,17,4,11
1,<environment.Job instance at 0x7f549fa27910>,12,3,[5 9],13,20,23,7,20
1,<environment.Job instance at 0x7f549fa27b90>,14,3,[2 7],15,23,26,8,20
1,<environment.Job instance at 0x7f5463bb27d0>,19,18,[6 1],20,43,61,23,43
1,<environment.Job instance at 0x7f549fa27960>,16,12,[3 9],17,43,55,26,43
1,<environment.Job instance at 0x7f5463bb25f0>,22,12,[6 1],23,61,73,38,44
1,<environment.Job instance at 0x7f5463bb2a00>,18,16,[4 8],19,55,71,36,47
1,<environment.Job instance at 0x7f549ee2fbe0>,0,3,[5 3],1,2,5,1,2
1,<environment.Job instance at 0x7f5463f30af0>,2,2,[5 7],3,4,6,1,4
1,<environment.Job instance at 0x7f549ed48c30>,7,15,[7 4],8,8,23,0,8
1,<environment.Job instance at 0x7f54639e2140>,4,15,[4 8],5,23,38,18,12
1,<environment.Job instance at 0x7f54638c28c0>,14,3,[1 5],15,15,18,0,15
1,<environment.Job instance at 0x7f54640310a0>,16,3,[7 4],17,38,41,21,19
1,<environment.Job instance at 0x7f54639fee10>,18,2,[7 4],19,41,43,22,24
1,<environment.Job instance at 0x7f54a21de690>,19,2,[5 1],20,24,26,4,24
1,<environment.Job instance at 0x7f54a20190f0>,20,2,[10  5],21,43,45,22,24
1,<environment.Job instance at 0x7f5463feb0f0>,21,3,[9 1],22,45,48,23,24
1,<environment.Job instance at 0x7f54638ab500>,17,13,[9 1],18,48,61,30,32
1,<environment.Job instance at 0x7f54639e2640>,6,16,[1 6],7,45,61,38,33
1,<environment.Job instance at 0x7f549f94d5f0>,26,12,[9 5],27,61,73,34,44
1,<environment.Job instance at 0x7f50a1df83c0>,2,12,[5 4],3,3,15,0,3
1,<environment.Job instance at 0x7f509a9eb9b0>,5,13,[5 9],6,15,28,9,6
1,<environment.Job instance at 0x7f509a9ebd20>,7,14,[5 1],8,8,22,0,8
1,<environment.Job instance at 0x7f509a9ebcd0>,8,17,[ 2 10],9,28,45,19,17
1,<environment.Job instance at 0x7f509a9ebc30>,13,13,[1 8],14,45,58,31,29
1,<environment.Job instance at 0x7f509a9ef460>,16,12,[1 8],17,58,70,41,41
1,<environment.Job instance at 0x7f509a9ebf00>,9,17,[ 4 10],10,70,87,60,58
1,<environment.Job instance at 0x7f50a1f74eb0>,9,13,[7 2],10,14,27,4,14
1,<environment.Job instance at 0x7f50a1f74af0>,12,14,[9 1],13,27,41,14,23
1,<environment.Job instance at 0x7f50a1f74b40>,10,18,[5 5],11,41,59,30,30
1,<environment.Job instance at 0x7f50a1f75cd0>,20,2,[10  3],21,59,61,38,32
1,<environment.Job instance at 0x7f50a1e25d20>,22,3,[10  1],23,61,64,38,35
1,<environment.Job instance at 0x7f50a1e251e0>,23,3,[9 2],24,64,67,40,38
1,<environment.Job instance at 0x7f50a1e25140>,24,12,[3 5],25,41,53,16,40
1,<environment.Job instance at 0x7f50a1e25550>,26,3,[5 6],27,67,70,40,43
1,<environment.Job instance at 0x7f50a1e25820>,27,2,[ 4 10],28,70,72,42,43
1,<environment.Job instance at 0x7f50a1e25a50>,29,13,[7 2],30,72,85,42,56
1,<environment.Job instance at 0x7f50a1e256e0>,3,3,[1 5],4,4,7,0,4
1,<environment.Job instance at 0x7f5056d13280>,5,15,[5 3],6,6,21,0,6
1,<environment.Job instance at 0x7f5056d13d20>,8,16,[7 1],9,21,37,12,12
1,<environment.Job instance at 0x7f5056d0c1e0>,12,3,[8 5],13,37,40,24,13
1,<environment.Job instance at 0x7f5056d13370>,11,2,[9 3],12,40,42,28,14
1,<environment.Job instance at 0x7f5056d0cd70>,16,18,[1 6],17,40,58,23,29
1,<environment.Job instance at 0x7f5056d0cc80>,18,14,[5 1],19,45,59,26,45
1,<environment.Job instance at 0x7f5056d0cd20>,19,3,[1 7],20,58,61,38,45
1,<environment.Job instance at 0x7f5056d0c5a0>,20,17,[3 8],21,61,78,40,55
1,<environment.Job instance at 0x7f50571b6f00>,7,2,[9 3],8,8,10,0,8
1,<environment.Job instance at 0x7f505713d190>,12,14,[8 4],13,13,27,0,13
1,<environment.Job instance at 0x7f505713df50>,13,3,[5 4],14,27,30,13,14
1,<environment.Job instance at 0x7f50571b6f50>,10,18,[5 1],11,27,45,16,17
1,<environment.Job instance at 0x7f505713db90>,20,2,[3 8],21,30,32,9,23
1,<environment.Job instance at 0x7f505713ddc0>,15,16,[ 3 10],16,45,61,29,40
1,<environment.Job instance at 0x7f50572bc960>,26,13,[5 1],27,61,74,34,45
1,<environment.Job instance at 0x7f50572bcf00>,2,3,[3 9],3,4,7,1,4
1,<environment.Job instance at 0x7f505738caf0>,5,3,[6 4],6,7,10,1,6
1,<environment.Job instance at 0x7f505738ccd0>,8,12,[9 2],9,10,22,1,9
1,<environment.Job instance at 0x7f505738ce10>,9,1,[8 3],10,22,23,12,10
1,<environment.Job instance at 0x7f5056e6b370>,3,18,[1 6],4,11,29,7,11
1,<environment.Job instance at 0x7f505738cdc0>,11,3,[1 8],12,29,32,17,12
1,<environment.Job instance at 0x7f505739c230>,13,14,[3 5],14,32,46,18,20
1,<environment.Job instance at 0x7f505739c0a0>,12,13,[2 5],13,32,45,19,23
1,<environment.Job instance at 0x7f505739c280>,19,12,[1 8],20,46,58,26,30
1,<environment.Job instance at 0x7f505714e730>,1,16,[7 4],2,58,74,56,47
1,<environment.Job instance at 0x7f505739c730>,27,14,[3 5],28,58,72,30,47
1,<environment.Job instance at 0x7f505739c730>,4,1,[3 8],5,5,6,0,5
1,<environment.Job instance at 0x7f509a992870>,6,15,[7 3],7,7,22,0,7
1,<environment.Job instance at 0x7f509a8d08c0>,9,1,[8 5],10,23,24,13,23
1,<environment.Job instance at 0x7f509a8d02d0>,12,2,[7 1],13,24,26,11,23
1,<environment.Job instance at 0x7f509a8d0780>,13,2,[3 5],14,24,26,10,23
1,<environment.Job instance at 0x7f509a8d06e0>,15,2,[4 6],16,26,28,10,23
1,<environment.Job instance at 0x7f509a8d0820>,16,2,[6 5],17,28,30,11,23
1,<environment.Job instance at 0x7f509a8d0d70>,17,14,[7 1],18,30,44,12,23
1,<environment.Job instance at 0x7f509a8d0460>,18,3,[5 1],19,44,47,25,23
1,<environment.Job instance at 0x7f509a8d0320>,10,14,[2 8],11,30,44,19,23
1,<environment.Job instance at 0x7f509a8d0eb0>,11,15,[10  3],12,47,62,35,34
1,<environment.Job instance at 0x7f50a16b8820>,23,15,[7 4],24,62,77,38,48
1,<environment.Job instance at 0x7f50a16b84b0>,29,3,[8 4],30,77,80,47,56
1,<environment.Job instance at 0x7f5056fb9820>,8,3,[4 7],9,10,13,1,10
1,<environment.Job instance at 0x7f5056fb90a0>,10,17,[7 1],11,13,30,2,11
1,<environment.Job instance at 0x7f50a1526280>,14,2,[4 8],15,30,32,15,22
1,<environment.Job instance at 0x7f509a9d4190>,7,13,[ 1 10],8,32,45,24,22
1,<environment.Job instance at 0x7f5056fb9fa0>,12,2,[6 3],13,45,47,32,45
1,<environment.Job instance at 0x7f5056caf6e0>,19,3,[9 2],20,47,50,27,45
1,<environment.Job instance at 0x7f5056e94af0>,16,15,[4 9],17,50,65,33,45
1,<environment.Job instance at 0x7f5056b6e910>,7,14,[9 1],8,20,34,12,20
1,<environment.Job instance at 0x7f5056d4b460>,12,12,[8 5],13,34,46,21,20
1,<environment.Job instance at 0x7f5056d50640>,14,2,[5 3],15,46,48,31,20
1,<environment.Job instance at 0x7f5056b88e60>,17,16,[2 6],18,46,62,28,34
1,<environment.Job instance at 0x7f50572a2e60>,16,13,[7 1],17,48,61,31,34
1,<environment.Job instance at 0x7f50570829b0>,23,17,[1 8],24,62,79,38,50
1,<environment.Job instance at 0x7f5056f16640>,26,17,[9 1],27,62,79,35,50
1,<environment.Job instance at 0x7f509ac26910>,9,3,[4 8],10,12,15,2,12
1,<environment.Job instance at 0x7f509ac26a00>,13,14,[8 2],14,21,35,7,21
1,<environment.Job instance at 0x7f509ac269b0>,14,2,[4 9],15,35,37,20,21
1,<environment.Job instance at 0x7f509ac26f00>,18,3,[9 1],19,37,40,18,26
1,<environment.Job instance at 0x7f509ac26960>,16,18,[8 2],17,43,61,26,43
1,<environment.Job instance at 0x7f50a19b8d70>,25,2,[9 3],26,61,63,35,44
1,<environment.Job instance at 0x7f50a19b8f50>,26,14,[7 5],27,63,77,36,48
1,<environment.Job instance at 0x7f50a1290aa0>,29,3,[3 6],30,77,80,47,51
1,<environment.Job instance at 0x7f50a1290870>,30,3,[7 3],31,77,80,46,51
1,<environment.Job instance at 0x7f509a786be0>,8,2,[5 5],9,9,11,0,9
1,<environment.Job instance at 0x7f50570dccd0>,9,1,[5 7],10,13,14,3,13
1,<environment.Job instance at 0x7f50570dc4b0>,10,3,[1 6],11,14,17,3,13
1,<environment.Job instance at 0x7f509a786c30>,7,2,[2 6],8,17,19,9,16
1,<environment.Job instance at 0x7f50570dca50>,12,3,[4 9],13,19,22,6,16
1,<environment.Job instance at 0x7f509a818370>,6,14,[10  4],7,22,36,15,20
1,<environment.Job instance at 0x7f50a17c7780>,13,12,[ 2 10],14,36,48,22,25
1,<environment.Job instance at 0x7f50570dc2d0>,17,18,[3 6],18,48,66,30,37
1,<environment.Job instance at 0x7f5056b0c0f0>,25,12,[6 1],26,50,62,24,50
1,<environment.Job instance at 0x7f509a8850f0>,26,2,[ 3 10],27,66,68,39,50
1,<environment.Job instance at 0x7f509a906b40>,27,3,[5 1],28,62,65,34,50
1,<environment.Job instance at 0x7f5056ac6960>,28,2,[5 4],29,68,70,39,50
1,<environment.Job instance at 0x7f50a153de10>,29,14,[9 5],30,70,84,40,55
1,<environment.Job instance at 0x7f50572c6c80>,1,3,[5 9],2,2,5,0,2
1,<environment.Job instance at 0x7f50a17c4fa0>,4,2,[9 2],5,5,7,0,5
1,<environment.Job instance at 0x7f509a90b6e0>,3,3,[5 5],4,7,10,3,7
1,<environment.Job instance at 0x7f50a1492dc0>,8,17,[2 6],9,13,30,4,13
1,<environment.Job instance at 0x7f50a16908c0>,13,17,[5 3],14,15,32,1,15
1,<environment.Job instance at 0x7f509a8854b0>,15,13,[8 5],16,32,45,16,16
1,<environment.Job instance at 0x7f50a1690960>,17,14,[2 5],18,30,44,12,20
1,<environment.Job instance at 0x7f509ae02fa0>,18,16,[6 5],19,45,61,26,33
1,<environment.Job instance at 0x7f50a1492eb0>,7,17,[3 5],8,45,62,37,38
1,<environment.Job instance at 0x7f50a1492140>,12,15,[10  1],13,62,77,49,48
1,<environment.Job instance at 0x7f509a854f50>,3,13,[7 5],4,4,17,0,4
1,<environment.Job instance at 0x7f5057340280>,7,2,[ 2 10],8,17,19,9,8
1,<environment.Job instance at 0x7f5056ad9780>,5,3,[10  4],6,22,25,16,22
1,<environment.Job instance at 0x7f50573401e0>,6,14,[1 7],7,25,39,18,22
1,<environment.Job instance at 0x7f50573407d0>,11,2,[2 6],12,39,41,27,22
1,<environment.Job instance at 0x7f5057340690>,9,16,[5 3],10,25,41,15,24
1,<environment.Job instance at 0x7f5057340b90>,17,13,[ 4 10],18,41,54,23,27
1,<environment.Job instance at 0x7f5057340910>,13,16,[8 5],14,54,70,40,41
1,<environment.Job instance at 0x7f5057340f50>,22,3,[1 9],23,70,73,47,53
1,<environment.Job instance at 0x7f5057365550>,28,14,[9 1],29,70,84,41,55
1,<environment.Job instance at 0x7f5057340d70>,20,14,[1 8],21,73,87,52,59
1,<environment.Job instance at 0x7f509a848910>,2,2,[8 4],3,4,6,1,4
1,<environment.Job instance at 0x7f509a848050>,7,1,[10  5],8,8,9,0,8
1,<environment.Job instance at 0x7f509a8483c0>,9,1,[5 1],10,16,17,6,16
1,<environment.Job instance at 0x7f5056e86a50>,10,12,[1 7],11,16,28,5,16
1,<environment.Job instance at 0x7f5056e86d70>,11,3,[6 4],12,28,31,16,16
1,<environment.Job instance at 0x7f5056e86780>,13,15,[5 5],14,31,46,17,17
1,<environment.Job instance at 0x7f509a8484b0>,4,16,[4 5],5,31,47,26,31
1,<environment.Job instance at 0x7f5056e86c30>,19,13,[7 4],20,47,60,27,33
1,<environment.Job instance at 0x7f509ad15af0>,26,18,[6 3],27,60,78,33,56
1,<environment.Job instance at 0x7f509ad15730>,28,3,[8 3],29,78,81,49,56
1,<environment.Job instance at 0x7f5056fa3b90>,7,3,[7 5],8,8,11,0,8
1,<environment.Job instance at 0x7f5056fa3960>,5,12,[8 5],6,11,23,5,9
1,<environment.Job instance at 0x7f5056fa3730>,3,3,[10  3],4,23,26,19,9
1,<environment.Job instance at 0x7f5057080050>,10,13,[5 3],11,26,39,15,13
1,<environment.Job instance at 0x7f5056fa3f50>,4,13,[5 3],5,26,39,21,15
1,<environment.Job instance at 0x7f509a890fa0>,20,14,[ 2 10],21,39,53,18,25
1,<environment.Job instance at 0x7f5057080910>,18,12,[ 4 10],19,53,65,34,36
1,<environment.Job instance at 0x7f509a890140>,26,13,[3 9],27,65,78,38,51
1,<environment.Job instance at 0x7f5056acf820>,4,2,[9 3],5,5,7,0,5
1,<environment.Job instance at 0x7f50a161e5f0>,10,14,[1 5],11,11,25,0,11
1,<environment.Job instance at 0x7f50a161e460>,8,16,[9 4],9,12,28,3,12
1,<environment.Job instance at 0x7f50a161e1e0>,6,13,[9 3],7,28,41,21,12
1,<environment.Job instance at 0x7f50a161e9b0>,15,14,[ 1 10],16,41,55,25,27
1,<environment.Job instance at 0x7f50a161eaa0>,18,14,[1 7],19,55,69,36,44
1,<environment.Job instance at 0x7f50a13dcb90>,0,1,[8 1],1,1,2,0,1
1,<environment.Job instance at 0x7f50a13dc5f0>,4,3,[4 5],5,8,11,3,8
1,<environment.Job instance at 0x7f50a1953730>,12,3,[5 9],13,20,23,7,20
1,<environment.Job instance at 0x7f50a1953dc0>,16,12,[3 9],17,23,35,6,21
1,<environment.Job instance at 0x7f50a161ecd0>,1,18,[10  5],2,35,53,33,24
1,<environment.Job instance at 0x7f5057279370>,22,12,[6 1],23,53,65,30,42
1,<environment.Job instance at 0x7f5057279c30>,23,3,[8 3],24,65,68,41,43
1,<environment.Job instance at 0x7f5057279870>,27,16,[1 7],28,53,69,25,46
1,<environment.Job instance at 0x7f5057279af0>,30,15,[4 7],31,69,84,38,56
1,<environment.Job instance at 0x7f5057279af0>,4,3,[1 5],5,6,9,1,6
1,<environment.Job instance at 0x7f509aef9320>,7,13,[9 1],8,8,21,0,8
1,<environment.Job instance at 0x7f50a181a460>,8,2,[7 4],9,21,23,12,9
1,<environment.Job instance at 0x7f5057221870>,15,12,[2 8],16,23,35,7,23
1,<environment.Job instance at 0x7f509a82aaf0>,14,13,[4 8],15,35,48,20,23
1,<environment.Job instance at 0x7f509a82c1e0>,20,2,[5 5],21,48,50,27,24
1,<environment.Job instance at 0x7f509a82c3c0>,19,15,[2 6],20,50,65,30,36
1,<environment.Job instance at 0x7f509add7c80>,24,3,[4 5],25,65,68,40,41
1,<environment.Job instance at 0x7f509a7d5410>,22,13,[2 9],23,68,81,45,52
1,<environment.Job instance at 0x7f509a8e43c0>,2,2,[1 7],3,3,5,0,3
1,<environment.Job instance at 0x7f50a159f640>,4,17,[2 5],5,5,22,0,5
1,<environment.Job instance at 0x7f509a90e3c0>,12,16,[9 4],13,23,39,10,23
1,<environment.Job instance at 0x7f5057281410>,9,14,[5 4],10,39,53,29,24
1,<environment.Job instance at 0x7f50571494b0>,15,2,[4 8],16,53,55,37,26
1,<environment.Job instance at 0x7f5056da6190>,17,2,[1 8],18,55,57,37,31
1,<environment.Job instance at 0x7f509aef6370>,18,2,[10  5],19,57,59,38,32
1,<environment.Job instance at 0x7f509aef6730>,20,3,[2 8],21,59,62,38,33
1,<environment.Job instance at 0x7f5057149190>,13,12,[10  1],14,62,74,48,47
1,<environment.Job instance at 0x7f509aef6280>,25,3,[7 5],26,74,77,48,52
1,<environment.Job instance at 0x7f509aef87d0>,4,16,[7 4],5,5,21,0,5
1,<environment.Job instance at 0x7f50a1541b40>,5,3,[10  4],6,21,24,15,6
1,<environment.Job instance at 0x7f50a1541f00>,6,1,[ 4 10],7,24,25,17,7
1,<environment.Job instance at 0x7f50a1541690>,9,2,[5 8],10,25,27,15,10
1,<environment.Job instance at 0x7f509aa3e2d0>,0,12,[7 4],1,27,39,26,12
1,<environment.Job instance at 0x7f50a1541dc0>,12,14,[4 6],13,39,53,26,26
1,<environment.Job instance at 0x7f50a1541a50>,17,1,[10  4],18,53,54,35,26
1,<environment.Job instance at 0x7f509aa2ba00>,21,3,[8 5],22,54,57,32,35
1,<environment.Job instance at 0x7f509aa2b870>,22,12,[ 1 10],23,57,69,34,42
1,<environment.Job instance at 0x7f509aa2b690>,27,15,[6 2],28,69,84,41,55
1,<environment.Job instance at 0x7f509aa2b050>,31,3,[1 8],32,69,72,37,56
1,<environment.Job instance at 0x7f5056e7b640>,2,14,[9 2],3,6,20,3,6
1,<environment.Job instance at 0x7f509ad19cd0>,9,2,[9 3],10,20,22,10,18
1,<environment.Job instance at 0x7f509ad19af0>,11,1,[5 4],12,22,23,10,19
1,<environment.Job instance at 0x7f50a1336a00>,10,13,[4 6],11,25,38,14,25
1,<environment.Job instance at 0x7f509ad19f50>,14,13,[2 8],15,38,51,23,26
1,<environment.Job instance at 0x7f50a12d62d0>,17,12,[1 6],18,51,63,33,41
1,<environment.Job instance at 0x7f50a12b4a00>,22,18,[7 4],23,51,69,28,46
1,<environment.Job instance at 0x7f280566a190>,2,12,[5 4],3,3,15,0,3
1,<environment.Job instance at 0x7f27fe25b230>,5,13,[5 9],6,15,28,9,6
1,<environment.Job instance at 0x7f27fe25b550>,7,14,[5 1],8,8,22,0,8
1,<environment.Job instance at 0x7f280566a140>,0,18,[ 2 10],1,28,46,27,17
1,<environment.Job instance at 0x7f27fe25ba00>,13,13,[1 8],14,46,59,32,30
1,<environment.Job instance at 0x7f27fe25bc30>,16,12,[1 8],17,59,71,42,42
1,<environment.Job instance at 0x7f27fe25bd70>,17,3,[10  3],18,71,74,53,45
1,<environment.Job instance at 0x7f27fe25baf0>,14,12,[3 7],15,74,86,59,59
1,<environment.Job instance at 0x7f27fe25c0a0>,23,18,[5 2],24,74,92,50,64
1,<environment.Job instance at 0x7f27fe25c4b0>,30,1,[5 5],31,86,87,55,68
1,<environment.Job instance at 0x7f28057d6820>,2,14,[9 1],3,10,24,7,10
1,<environment.Job instance at 0x7f28057d1fa0>,10,2,[10  3],11,24,26,13,11
1,<environment.Job instance at 0x7f28057e4f00>,13,3,[9 2],14,26,29,12,14
1,<environment.Job instance at 0x7f28057e4870>,12,3,[10  1],13,29,32,16,16
1,<environment.Job instance at 0x7f28057e4910>,14,12,[3 5],15,32,44,17,17
1,<environment.Job instance at 0x7f28057e42d0>,17,2,[ 4 10],18,44,46,26,18
1,<environment.Job instance at 0x7f28057da4b0>,21,16,[5 8],22,46,62,24,34
1,<environment.Job instance at 0x7f28057de3c0>,27,3,[5 3],28,41,44,13,41
1,<environment.Job instance at 0x7f28057de190>,28,12,[10  1],29,62,74,33,45
1,<environment.Job instance at 0x7f28057dedc0>,33,17,[5 6],34,74,91,40,68
1,<environment.Job instance at 0x7f2805692230>,35,1,[3 6],36,91,92,55,68
1,<environment.Job instance at 0x7f27ba59ac80>,2,2,[4 9],3,3,5,0,3
1,<environment.Job instance at 0x7f27ba59a780>,3,16,[6 4],4,5,21,1,4
1,<environment.Job instance at 0x7f27ba59a410>,6,15,[6 2],7,21,36,14,7
1,<environment.Job instance at 0x7f27ba5a7140>,7,3,[ 2 10],8,36,39,28,10
1,<environment.Job instance at 0x7f27ba5a7410>,9,3,[5 5],10,39,42,29,13
1,<environment.Job instance at 0x7f27ba5f84b0>,14,2,[8 5],15,42,44,27,15
1,<environment.Job instance at 0x7f27ba5f8a50>,15,14,[3 8],16,21,35,5,16
1,<environment.Job instance at 0x7f27ba5f8500>,16,2,[8 2],17,44,46,27,17
1,<environment.Job instance at 0x7f27ba5a7e60>,12,16,[6 2],13,46,62,33,34
1,<environment.Job instance at 0x7f27ba5f8320>,19,3,[4 8],20,46,49,26,36
1,<environment.Job instance at 0x7f27ba5f8fa0>,23,15,[4 8],24,49,64,25,39
1,<environment.Job instance at 0x7f27ba5f87d0>,27,18,[5 2],28,62,80,34,54
1,<environment.Job instance at 0x7f27ba5f8be0>,28,18,[4 6],29,64,82,35,55
1,<environment.Job instance at 0x7f27ba610820>,33,12,[1 7],34,82,94,48,67
1,<environment.Job instance at 0x7f27ba9ea460>,6,16,[7 2],7,7,23,0,7
1,<environment.Job instance at 0x7f27ba9eaf00>,4,13,[5 9],5,23,36,18,10
1,<environment.Job instance at 0x7f27ba9ead20>,9,1,[9 2],10,36,37,26,11
1,<environment.Job instance at 0x7f27ba9ea0f0>,10,2,[4 5],11,37,39,26,12
1,<environment.Job instance at 0x7f27baa27b40>,11,1,[8 3],12,39,40,27,12
1,<environment.Job instance at 0x7f27ba9eaf50>,12,1,[3 8],13,13,14,0,13
1,<environment.Job instance at 0x7f27baa27cd0>,15,17,[3 5],16,40,57,24,37
1,<environment.Job instance at 0x7f27baa27af0>,17,1,[7 2],18,40,41,22,37
1,<environment.Job instance at 0x7f27baa27be0>,16,15,[ 5 10],17,57,72,40,45
1,<environment.Job instance at 0x7f27baa27fa0>,20,15,[7 4],21,72,87,51,58
1,<environment.Job instance at 0x7f27ba946190>,6,13,[3 6],7,7,20,0,7
1,<environment.Job instance at 0x7f27baa27a00>,4,2,[1 7],5,20,22,15,7
1,<environment.Job instance at 0x7f27ba946370>,7,1,[9 4],8,22,23,14,8
1,<environment.Job instance at 0x7f27ba9466e0>,11,3,[3 6],12,25,28,13,25
1,<environment.Job instance at 0x7f27ba946a50>,16,16,[5 7],17,28,44,11,25
1,<environment.Job instance at 0x7f27ba946c30>,19,15,[7 4],20,44,59,24,30
1,<environment.Job instance at 0x7f27ba946cd0>,20,17,[4 5],21,59,76,38,47
1,<environment.Job instance at 0x7f27ba9595f0>,27,17,[7 5],28,76,93,48,64
1,<environment.Job instance at 0x7f27fe018cd0>,3,1,[2 8],4,4,5,0,4
1,<environment.Job instance at 0x7f27ba9593c0>,1,14,[3 6],2,9,23,7,9
1,<environment.Job instance at 0x7f28053e2be0>,10,1,[5 1],11,11,12,0,11
1,<environment.Job instance at 0x7f27fe48c460>,12,2,[1 5],13,23,25,10,13
1,<environment.Job instance at 0x7f27fe48c550>,15,12,[2 5],16,25,37,9,25
1,<environment.Job instance at 0x7f27fe48cc80>,16,3,[2 7],17,37,40,20,25
1,<environment.Job instance at 0x7f27fe48c2d0>,17,13,[ 1 10],18,40,53,22,26
1,<environment.Job instance at 0x7f27fe48c6e0>,18,3,[4 7],19,53,56,34,27
1,<environment.Job instance at 0x7f27fe0185a0>,6,15,[10  5],7,56,71,49,43
1,<environment.Job instance at 0x7f27ba4f0730>,28,14,[3 6],29,71,85,42,67
1,<environment.Job instance at 0x7f27ba4f0e60>,29,3,[9 2],30,85,88,55,67
1,<environment.Job instance at 0x7f27ba4f0f00>,31,3,[10  4],32,88,91,56,69
1,<environment.Job instance at 0x7f27ba4f0c80>,32,2,[6 4],33,71,73,38,69
1,<environment.Job instance at 0x7f27ba4f0c80>,3,1,[5 2],4,4,5,0,4
1,<environment.Job instance at 0x7f27fe197e60>,6,13,[8 4],7,11,24,4,11
1,<environment.Job instance at 0x7f27ba73f3c0>,14,2,[5 3],15,24,26,9,19
1,<environment.Job instance at 0x7f27ba73fd70>,15,15,[5 7],16,24,39,8,20
1,<environment.Job instance at 0x7f2804e6ca50>,17,16,[2 6],18,39,55,21,26
1,<environment.Job instance at 0x7f27baada550>,20,3,[9 1],21,55,58,34,36
1,<environment.Job instance at 0x7f27ba6bbb90>,22,2,[3 5],23,58,60,35,36
1,<environment.Job instance at 0x7f27fe68cf00>,23,17,[1 8],24,60,77,36,48
1,<environment.Job instance at 0x7f27ba714780>,26,17,[9 1],27,60,77,33,53
1,<environment.Job instance at 0x7f27ba4f0960>,2,13,[3 9],3,77,90,74,61
1,<environment.Job instance at 0x7f27bab53b90>,4,2,[4 9],5,5,7,0,5
1,<environment.Job instance at 0x7f27ba5762d0>,8,3,[9 1],9,9,12,0,9
1,<environment.Job instance at 0x7f27fe093c30>,6,18,[8 2],7,12,30,5,10
1,<environment.Job instance at 0x7f2804ee1b40>,12,3,[ 3 10],13,30,33,17,26
1,<environment.Job instance at 0x7f27ba3ec5f0>,13,15,[6 5],14,33,48,19,26
1,<environment.Job instance at 0x7f27ba3ec960>,16,14,[7 5],17,48,62,31,33
1,<environment.Job instance at 0x7f2804fd5730>,3,14,[8 2],4,62,76,58,48
1,<environment.Job instance at 0x7f27bac1d550>,22,12,[3 8],23,76,88,53,60
1,<environment.Job instance at 0x7f27bac0dd70>,4,14,[7 5],5,5,19,0,5
1,<environment.Job instance at 0x7f27ba55d7d0>,5,12,[6 1],6,19,31,13,6
1,<environment.Job instance at 0x7f27ba55dcd0>,6,2,[ 3 10],7,31,33,24,7
1,<environment.Job instance at 0x7f27ba55d960>,7,3,[5 1],8,33,36,25,8
1,<environment.Job instance at 0x7f27ba55d5a0>,8,2,[5 4],9,33,35,24,9
1,<environment.Job instance at 0x7f2804bfae60>,12,2,[5 5],13,35,37,22,13
1,<environment.Job instance at 0x7f2804bfa960>,13,1,[7 1],14,37,38,23,15
1,<environment.Job instance at 0x7f27ba55dc80>,3,18,[ 1 10],4,38,56,34,28
1,<environment.Job instance at 0x7f2804bfa910>,20,12,[7 2],21,56,68,35,43
1,<environment.Job instance at 0x7f2804bfadc0>,25,3,[7 2],26,68,71,42,45
1,<environment.Job instance at 0x7f2804bfabe0>,26,14,[9 2],27,71,85,44,56
1,<environment.Job instance at 0x7f27fe01f410>,4,3,[7 4],5,5,8,0,5
1,<environment.Job instance at 0x7f27bab29d20>,1,13,[6 5],2,8,21,6,5
1,<environment.Job instance at 0x7f27fe01f640>,6,2,[5 5],7,21,23,14,7
1,<environment.Job instance at 0x7f27fe01f4b0>,7,1,[10  3],8,23,24,15,8
1,<environment.Job instance at 0x7f27fe01fe10>,5,3,[9 4],6,24,27,18,9
1,<environment.Job instance at 0x7f27fe01fb90>,10,15,[5 6],11,27,42,16,13
1,<environment.Job instance at 0x7f2804beb550>,11,2,[2 9],12,42,44,30,15
1,<environment.Job instance at 0x7f27fe294c30>,16,14,[5 4],17,27,41,10,19
1,<environment.Job instance at 0x7f27fe539aa0>,18,2,[4 5],19,44,46,25,27
1,<environment.Job instance at 0x7f2804b458c0>,20,17,[2 6],21,46,63,25,34
1,<environment.Job instance at 0x7f27fe01f730>,8,17,[7 2],9,46,63,37,37
1,<environment.Job instance at 0x7f2804fae4b0>,25,3,[9 2],26,63,66,37,37
1,<environment.Job instance at 0x7f27ba347d20>,17,15,[10  1],18,66,81,48,63
1,<environment.Job instance at 0x7f2804f91140>,34,13,[1 8],35,81,94,46,65
1,<environment.Job instance at 0x7f2804ecceb0>,0,2,[2 7],1,2,4,1,2
1,<environment.Job instance at 0x7f27fe6fa910>,7,12,[7 2],8,8,20,0,8
1,<environment.Job instance at 0x7f27fe57cc30>,4,17,[5 1],5,20,37,15,9
1,<environment.Job instance at 0x7f27fe6fa8c0>,9,12,[4 6],10,20,32,10,11
1,<environment.Job instance at 0x7f27ba8cb640>,11,3,[5 2],12,32,35,20,12
1,<environment.Job instance at 0x7f27ba46a280>,13,3,[4 7],14,35,38,21,15
1,<environment.Job instance at 0x7f27fe2bb2d0>,17,15,[4 6],18,38,53,20,24
1,<environment.Job instance at 0x7f27ba346820>,21,2,[8 4],22,53,55,31,27
1,<environment.Job instance at 0x7f27fe29d370>,5,15,[ 1 10],6,55,70,49,42
1,<environment.Job instance at 0x7f27ba9eac30>,2,3,[4 8],3,3,6,0,3
1,<environment.Job instance at 0x7f27ba4131e0>,3,13,[5 5],4,6,19,2,4
1,<environment.Job instance at 0x7f27ba91fcd0>,4,2,[1 6],5,19,21,14,6
1,<environment.Job instance at 0x7f27ba9eaaa0>,5,14,[4 6],6,21,35,15,9
1,<environment.Job instance at 0x7f27baad8d20>,10,2,[3 9],11,35,37,24,15
1,<environment.Job instance at 0x7f27baad8e10>,13,3,[10  3],14,37,40,23,17
1,<environment.Job instance at 0x7f27baad8e60>,11,2,[7 1],12,35,37,23,27
1,<environment.Job instance at 0x7f27baabb280>,16,14,[6 4],17,40,54,23,27
1,<environment.Job instance at 0x7f27baabb7d0>,23,12,[7 4],24,54,66,30,37
1,<environment.Job instance at 0x7f27baabbfa0>,30,14,[ 2 10],31,66,80,35,51
1,<environment.Job instance at 0x7f27baabbf50>,28,12,[ 4 10],29,80,92,51,64
1,<environment.Job instance at 0x7f27ba7fcbe0>,4,2,[9 3],5,5,7,0,5
1,<environment.Job instance at 0x7f27ba7fc820>,3,14,[3 6],4,7,21,3,5
1,<environment.Job instance at 0x7f27ba7fc640>,10,14,[1 5],11,21,35,10,12
1,<environment.Job instance at 0x7f27ba7fc690>,8,16,[9 4],9,21,37,12,20
1,<environment.Job instance at 0x7f27ba7fce10>,14,13,[2 6],15,37,50,22,23
1,<environment.Job instance at 0x7f27ba7fc0a0>,16,18,[7 4],17,37,55,20,28
1,<environment.Job instance at 0x7f27ba7fc230>,18,14,[1 7],19,55,69,36,41
1,<environment.Job instance at 0x7f27ba7fc550>,21,13,[6 3],22,57,70,35,57
1,<environment.Job instance at 0x7f27ba6bd960>,22,14,[3 9],23,70,84,47,60
1,<environment.Job instance at 0x7f27fe634eb0>,6,12,[3 9],7,16,28,9,16
1,<environment.Job instance at 0x7f27fe634370>,9,18,[6 1],10,17,35,7,17
1,<environment.Job instance at 0x7f27fe6343c0>,11,3,[2 6],12,28,31,16,18
1,<environment.Job instance at 0x7f27fe634960>,10,15,[2 8],11,31,46,20,20
1,<environment.Job instance at 0x7f27fe35aeb0>,17,16,[1 7],18,46,62,28,33
1,<environment.Job instance at 0x7f27fe634690>,3,16,[8 1],4,35,51,31,35
1,<environment.Job instance at 0x7f27fe35a230>,22,1,[5 1],23,51,52,28,39
1,<environment.Job instance at 0x7f27fe1c5460>,24,13,[8 2],25,52,65,27,42
1,<environment.Job instance at 0x7f27fe1c5a00>,25,1,[6 4],26,65,66,39,42
1,<environment.Job instance at 0x7f27fe1c5690>,26,3,[6 1],27,66,69,39,42
1,<environment.Job instance at 0x7f27fe1c55a0>,28,13,[2 5],29,62,75,33,46
1,<environment.Job instance at 0x7f27fe1c5140>,29,1,[8 1],30,69,70,39,46
1,<environment.Job instance at 0x7f27fe1c59b0>,32,15,[ 2 10],33,75,90,42,61
1,<environment.Job instance at 0x7f27ba854aa0>,0,2,[5 5],1,4,6,3,4
1,<environment.Job instance at 0x7f27fe1c5af0>,5,18,[7 5],6,6,24,0,6
1,<environment.Job instance at 0x7f27ba3afaf0>,8,13,[1 5],9,9,22,0,9
1,<environment.Job instance at 0x7f27ba3afd20>,11,1,[8 4],12,24,25,12,12
1,<environment.Job instance at 0x7f27ba854960>,2,13,[2 9],3,25,38,22,12
1,<environment.Job instance at 0x7f27ba3afcd0>,12,1,[2 5],13,22,23,9,13
1,<environment.Job instance at 0x7f27ba3afeb0>,13,2,[ 4 10],14,38,40,24,14
1,<environment.Job instance at 0x7f27ba3ab050>,15,3,[5 6],16,40,43,24,16
1,<environment.Job instance at 0x7f27ba3ab3c0>,16,1,[2 6],17,24,25,7,17
1,<environment.Job instance at 0x7f27ba3ab730>,20,1,[ 2 10],21,43,44,22,29
1,<environment.Job instance at 0x7f27ba3ab690>,21,2,[1 5],22,44,46,22,29
1,<environment.Job instance at 0x7f27ba3ab870>,23,14,[ 5 10],24,46,60,22,31
1,<environment.Job instance at 0x7f27ba3ab9b0>,25,3,[9 2],26,60,63,34,34
1,<environment.Job instance at 0x7f27ba3abdc0>,30,13,[5 6],31,63,76,32,48
1,<environment.Job instance at 0x7f27ba3a6280>,32,12,[10  4],33,76,88,43,59
1,<environment.Job instance at 0x7f28051ccd20>,6,17,[2 5],7,7,24,0,7
1,<environment.Job instance at 0x7f27ba70eaa0>,9,13,[6 4],10,11,24,1,11
1,<environment.Job instance at 0x7f27ba70e960>,10,3,[8 3],11,24,27,13,13
1,<environment.Job instance at 0x7f2805691a00>,12,2,[3 6],13,27,29,14,14
1,<environment.Job instance at 0x7f27ba70e550>,8,12,[9 3],9,29,41,20,19
1,<environment.Job instance at 0x7f27ba711320>,14,12,[9 1],15,41,53,26,26
1,<environment.Job instance at 0x7f27ba3a65a0>,2,15,[8 4],3,53,68,50,39
1,<environment.Job instance at 0x7f27ba711af0>,22,13,[7 2],23,68,81,45,52
1,<environment.Job instance at 0x7f27ba7110a0>,23,3,[8 2],24,81,84,57,55
1,<environment.Job instance at 0x7f27ba711410>,25,3,[5 3],26,84,87,58,60
1,<environment.Job instance at 0x7f27baa38320>,27,3,[1 9],28,87,90,59,61
1,<environment.Job instance at 0x7f2805100aa0>,2,1,[5 9],3,3,4,0,3
1,<environment.Job instance at 0x7f27baa385a0>,3,1,[2 6],4,4,5,0,4
1,<environment.Job instance at 0x7f2805100500>,0,12,[5 6],1,9,21,8,9
1,<environment.Job instance at 0x7f2804e2f780>,9,3,[1 7],10,21,24,11,10
1,<environment.Job instance at 0x7f27fe597230>,10,2,[1 6],11,24,26,13,11
1,<environment.Job instance at 0x7f27ba5006e0>,13,2,[2 7],14,26,28,12,14
1,<environment.Job instance at 0x7f27fe597280>,12,14,[ 4 10],13,28,42,15,15
1,<environment.Job instance at 0x7f27ba8c47d0>,14,3,[10  5],15,42,45,27,20
1,<environment.Job instance at 0x7f27fe597d20>,16,12,[8 4],17,45,57,28,28
1,<environment.Job instance at 0x7f2804e2fdc0>,6,18,[6 4],7,57,75,50,46
1,<environment.Job instance at 0x7f27ba4fb5a0>,23,16,[2 6],24,46,62,22,46
1,<environment.Job instance at 0x7f27ba56baa0>,24,2,[6 1],25,75,77,50,48
1,<environment.Job instance at 0x7f27bab92af0>,26,12,[2 7],27,75,87,48,58
1,<environment.Job instance at 0x7f27babe04b0>,29,2,[9 3],30,87,89,57,60
1,<environment.Job instance at 0x7f27babe00f0>,30,13,[4 6],31,62,75,31,61
1,<environment.Job instance at 0x7f27ba4cf4b0>,6,1,[9 2],7,22,23,15,22
1,<environment.Job instance at 0x7f27ba63c410>,7,1,[5 3],8,23,24,15,22
1,<environment.Job instance at 0x7f27ba4a9be0>,9,3,[10  1],10,24,27,14,22
1,<environment.Job instance at 0x7f27ba63c230>,5,3,[2 8],6,27,30,21,22
1,<environment.Job instance at 0x7f27ba63c4b0>,13,13,[8 4],14,30,43,16,22
1,<environment.Job instance at 0x7f27ba9c85a0>,12,3,[10  4],13,43,46,30,22
1,<environment.Job instance at 0x7f2804c28910>,16,1,[5 2],17,23,24,6,22
1,<environment.Job instance at 0x7f27fe576dc0>,14,3,[9 3],15,46,49,31,23
1,<environment.Job instance at 0x7f27fe573dc0>,19,13,[8 2],20,49,62,29,35
1,<environment.Job instance at 0x7f27fe54faf0>,17,13,[10  4],18,62,75,44,50
1,<environment.Job instance at 0x7f27fe573690>,24,3,[10  2],25,75,78,50,56
1,<environment.Job instance at 0x7f27fe48f9b0>,28,2,[1 9],29,78,80,49,61
1,<environment.Job instance at 0x7f27fe48fc30>,29,14,[5 1],30,78,92,48,63
1,<environment.Job instance at 0x7f27baa936e0>,0,12,[4 8],1,80,92,79,63
1,<environment.Job instance at 0x7f27fe48f870>,31,2,[ 5 10],32,92,94,60,65
1,<environment.Job instance at 0x7f2804c5e3c0>,1,3,[7 4],2,2,5,0,2
1,<environment.Job instance at 0x7f2804c5ef50>,9,3,[ 3 10],10,10,13,0,10
1,<environment.Job instance at 0x7f2804c5ee60>,5,13,[9 1],6,13,26,7,10
1,<environment.Job instance at 0x7f2804c5e960>,7,15,[3 6],8,26,41,18,15
1,<environment.Job instance at 0x7f27fe030dc0>,14,13,[3 6],15,41,54,26,25
1,<environment.Job instance at 0x7f27fe0303c0>,21,2,[2 9],22,54,56,32,27
1,<environment.Job instance at 0x7f27fe030500>,16,13,[8 1],17,54,67,37,48
1,<environment.Job instance at 0x7f2804c86500>,27,16,[5 4],28,67,83,39,57
1,<environment.Job instance at 0x7f2804c86550>,29,18,[5 1],30,69,87,39,69
1,<environment.Job instance at 0x7f27fe5a0d70>,1,16,[4 6],2,2,18,0,2
1,<environment.Job instance at 0x7f27fe5a0820>,3,3,[2 7],4,18,21,14,5
1,<environment.Job instance at 0x7f28057d5c30>,5,3,[10  5],6,21,24,15,6
1,<environment.Job instance at 0x7f27fe5c8c30>,4,1,[4 6],5,24,25,19,10
1,<environment.Job instance at 0x7f27fe738dc0>,9,3,[6 2],10,13,16,3,13
1,<environment.Job instance at 0x7f27ba93ffa0>,13,3,[10  4],14,25,28,11,14
1,<environment.Job instance at 0x7f27fe738b90>,10,13,[1 5],11,28,41,17,16
1,<environment.Job instance at 0x7f27ba55d690>,12,14,[3 7],13,41,55,28,26
1,<environment.Job instance at 0x7f2804c3ad70>,8,16,[ 5 10],9,55,71,46,43
1,<environment.Job instance at 0x7f27fe35c0f0>,18,18,[ 5 10],19,71,89,52,60
1,<environment.Job instance at 0x7f17626c10a0>,2,12,[5 4],3,3,15,0,3
1,<environment.Job instance at 0x7f175d2b1230>,5,13,[5 9],6,15,28,9,6
1,<environment.Job instance at 0x7f175d2b1690>,8,17,[ 2 10],9,28,45,19,16
1,<environment.Job instance at 0x7f175d2b13c0>,11,2,[3 9],12,45,47,33,30
1,<environment.Job instance at 0x7f175d2b1960>,12,3,[6 3],13,47,50,34,30
1,<environment.Job instance at 0x7f175d2b11e0>,13,13,[1 8],14,50,63,36,34
1,<environment.Job instance at 0x7f175d2b1aa0>,14,12,[3 7],15,63,75,48,46
1,<environment.Job instance at 0x7f175d2b1c80>,17,3,[10  3],18,75,78,57,49
1,<environment.Job instance at 0x7f175d2b1d70>,18,16,[8 5],19,78,94,59,65
1,<environment.Job instance at 0x7f17628280a0>,0,2,[10  3],1,1,3,0,1
1,<environment.Job instance at 0x7f1762828dc0>,3,3,[9 2],4,4,7,0,4
1,<environment.Job instance at 0x7f176283b870>,6,3,[5 6],7,7,10,0,7
1,<environment.Job instance at 0x7f176283b0a0>,7,2,[ 4 10],8,10,12,2,8
1,<environment.Job instance at 0x7f176283bfa0>,8,12,[3 5],9,14,26,5,14
1,<environment.Job instance at 0x7f1762831e60>,14,2,[4 7],15,26,28,11,23
1,<environment.Job instance at 0x7f17628314b0>,17,3,[5 3],18,23,26,5,23
1,<environment.Job instance at 0x7f17628317d0>,19,2,[10  4],20,28,30,8,23
1,<environment.Job instance at 0x7f1762831eb0>,20,18,[7 5],21,30,48,9,23
1,<environment.Job instance at 0x7f1762831690>,21,1,[9 4],22,48,49,26,23
1,<environment.Job instance at 0x7f1762832870>,23,17,[5 6],24,52,69,28,52
1,<environment.Job instance at 0x7f1762835dc0>,25,1,[3 6],26,69,70,43,52
1,<environment.Job instance at 0x7f1762835f50>,27,3,[7 4],28,69,72,41,52
1,<environment.Job instance at 0x7f1762835780>,26,12,[2 6],27,70,82,43,53
1,<environment.Job instance at 0x7f1762835320>,29,3,[5 3],30,53,56,23,53
1,<environment.Job instance at 0x7f176283b190>,9,13,[7 2],10,72,85,62,58
1,<environment.Job instance at 0x7f1762835500>,34,12,[6 1],35,85,97,50,70
1,<environment.Job instance at 0x7f17626e9280>,38,3,[2 7],39,82,85,43,73
1,<environment.Job instance at 0x7f17626e91e0>,39,16,[1 8],40,85,101,45,73
1,<environment.Job instance at 0x7f17626e9910>,40,2,[5 6],41,101,103,60,74
1,<environment.Job instance at 0x7f17626e9910>,4,13,[1 9],5,5,18,0,5
1,<environment.Job instance at 0x7f1717650280>,5,3,[5 5],6,18,21,12,7
1,<environment.Job instance at 0x7f171765baf0>,10,3,[9 1],11,11,14,0,11
1,<environment.Job instance at 0x7f171765b820>,11,14,[5 3],12,18,32,6,13
1,<environment.Job instance at 0x7f171765b870>,14,1,[9 4],15,32,33,17,15
1,<environment.Job instance at 0x7f171765b550>,16,1,[7 4],17,33,34,16,17
1,<environment.Job instance at 0x7f171765beb0>,17,13,[ 4 10],18,34,47,16,18
1,<environment.Job instance at 0x7f171765b460>,20,12,[2 5],21,47,59,26,37
1,<environment.Job instance at 0x7f1717651d20>,27,2,[9 3],28,59,61,31,39
1,<environment.Job instance at 0x7f1717651af0>,28,14,[8 5],29,61,75,32,46
1,<environment.Job instance at 0x7f1717651050>,31,3,[8 2],32,49,52,17,49
1,<environment.Job instance at 0x7f17176515f0>,33,3,[5 4],34,53,56,19,53
1,<environment.Job instance at 0x7f17176500f0>,9,16,[3 5],10,75,91,65,62
1,<environment.Job instance at 0x7f1717651910>,37,3,[4 9],38,91,94,53,72
1,<environment.Job instance at 0x7f17176658c0>,38,2,[ 3 10],39,94,96,55,72
1,<environment.Job instance at 0x7f1717665c80>,39,1,[10  3],40,96,97,56,72
1,<environment.Job instance at 0x7f17176655f0>,40,2,[3 8],41,97,99,56,72
1,<environment.Job instance at 0x7f17174fbe10>,5,3,[6 4],6,7,10,1,7
1,<environment.Job instance at 0x7f171765bf00>,4,15,[9 5],5,10,25,5,8
1,<environment.Job instance at 0x7f1717a02a00>,10,18,[8 5],11,25,43,14,14
1,<environment.Job instance at 0x7f1717a02370>,12,13,[2 5],13,25,38,12,17
1,<environment.Job instance at 0x7f1717a02eb0>,13,14,[3 5],14,43,57,29,28
1,<environment.Job instance at 0x7f1717a02c80>,14,17,[1 9],15,57,74,42,46
1,<environment.Job instance at 0x7f1717558f00>,27,14,[3 5],28,74,88,46,59
1,<environment.Job instance at 0x7f1717558460>,28,21,[5 1],29,59,80,30,59
1,<environment.Job instance at 0x7f17175580a0>,29,1,[8 5],30,88,89,58,60
1,<environment.Job instance at 0x7f1717558410>,30,1,[9 5],31,89,90,58,61
1,<environment.Job instance at 0x7f17176515f0>,24,18,[10  2],25,90,108,65,79
1,<environment.Job instance at 0x7f1717a0f0a0>,2,2,[9 3],3,3,5,0,3
1,<environment.Job instance at 0x7f1717651c80>,3,15,[7 4],4,5,20,1,4
1,<environment.Job instance at 0x7f1717a0fc80>,4,3,[5 8],5,20,23,15,5
1,<environment.Job instance at 0x7f1717c606e0>,5,2,[2 6],6,6,8,0,6
1,<environment.Job instance at 0x7f1717c60aa0>,8,2,[1 7],9,23,25,14,9
1,<environment.Job instance at 0x7f1717c60be0>,9,3,[8 4],10,25,28,15,10
1,<environment.Job instance at 0x7f1717c60cd0>,10,13,[ 4 10],11,28,41,17,12
1,<environment.Job instance at 0x7f1717c71500>,18,14,[10  4],19,41,55,22,26
1,<environment.Job instance at 0x7f1717a0fd70>,0,14,[ 3 10],1,55,69,54,40
1,<environment.Job instance at 0x7f1717c71870>,21,15,[3 5],22,69,84,47,55
1,<environment.Job instance at 0x7f1717c71a50>,24,12,[3 5],25,69,81,44,55
1,<environment.Job instance at 0x7f1717c71e10>,29,1,[4 6],30,84,85,54,62
1,<environment.Job instance at 0x7f1717c71c80>,30,1,[2 5],31,81,82,50,62
1,<environment.Job instance at 0x7f1717c71d70>,31,14,[3 6],32,85,99,53,70
1,<environment.Job instance at 0x7f1717c71e60>,32,15,[7 3],33,85,100,52,71
1,<environment.Job instance at 0x7f175de002d0>,0,16,[1 9],1,8,24,7,8
1,<environment.Job instance at 0x7f175d4c62d0>,8,14,[2 7],9,24,38,15,10
1,<environment.Job instance at 0x7f175d4c6370>,10,2,[9 4],11,38,40,27,11
1,<environment.Job instance at 0x7f175d4c6af0>,9,17,[5 1],10,14,31,4,14
1,<environment.Job instance at 0x7f175d4c6820>,12,13,[8 1],13,40,53,27,25
1,<environment.Job instance at 0x7f175d4c6500>,16,13,[1 6],17,38,51,21,25
1,<environment.Job instance at 0x7f175d0fbf00>,18,13,[8 2],19,53,66,34,37
1,<environment.Job instance at 0x7f175d4c6e10>,17,14,[10  3],18,66,80,48,51
1,<environment.Job instance at 0x7f175d0fd5a0>,26,13,[8 4],27,80,93,53,66
1,<environment.Job instance at 0x7f175d0fdd70>,27,14,[9 1],28,93,107,65,79
1,<environment.Job instance at 0x7f17178a8d20>,2,3,[1 7],3,4,7,1,4
1,<environment.Job instance at 0x7f17177199b0>,8,1,[2 5],9,9,10,0,9
1,<environment.Job instance at 0x7f1717719960>,9,3,[4 8],10,11,14,1,11
1,<environment.Job instance at 0x7f175d57bc30>,14,2,[4 9],15,18,20,3,18
1,<environment.Job instance at 0x7f175d57b8c0>,15,2,[7 5],16,20,22,4,19
1,<environment.Job instance at 0x7f175d57b780>,17,18,[6 2],18,22,40,4,21
1,<environment.Job instance at 0x7f175d276d20>,18,3,[9 1],19,40,43,21,21
1,<environment.Job instance at 0x7f171789f410>,22,3,[ 3 10],23,43,46,20,40
1,<environment.Job instance at 0x7f171776faa0>,23,15,[6 5],24,46,61,22,40
1,<environment.Job instance at 0x7f1717ab75a0>,29,3,[3 6],30,61,64,31,40
1,<environment.Job instance at 0x7f175d0e80f0>,30,3,[7 3],31,61,64,30,40
1,<environment.Job instance at 0x7f1717a7ddc0>,28,14,[3 8],29,64,78,35,49
1,<environment.Job instance at 0x7f175deb1960>,34,13,[1 9],35,78,91,43,65
1,<environment.Job instance at 0x7f1717719e10>,10,14,[ 4 10],11,91,105,80,77
1,<environment.Job instance at 0x7f1717a02640>,1,3,[1 6],2,2,5,0,2
1,<environment.Job instance at 0x7f1717719e10>,4,14,[7 5],5,5,19,0,5
1,<environment.Job instance at 0x7f171769ec30>,5,12,[6 1],6,19,31,13,6
1,<environment.Job instance at 0x7f171769ed70>,6,2,[ 3 10],7,31,33,24,7
1,<environment.Job instance at 0x7f171769ee60>,7,3,[5 1],8,33,36,25,8
1,<environment.Job instance at 0x7f171769ef50>,8,2,[5 4],9,33,35,24,9
1,<environment.Job instance at 0x7f175d41c820>,0,18,[5 9],1,35,53,34,24
1,<environment.Job instance at 0x7f171768eaa0>,20,12,[7 2],21,53,65,32,36
1,<environment.Job instance at 0x7f171768ebe0>,22,3,[1 9],23,65,68,42,49
1,<environment.Job instance at 0x7f171768ec80>,23,2,[6 5],24,68,70,44,49
1,<environment.Job instance at 0x7f171768ec30>,25,3,[7 2],26,70,73,44,49
1,<environment.Job instance at 0x7f171768ee10>,26,14,[9 2],27,73,87,46,58
1,<environment.Job instance at 0x7f171768ef50>,27,17,[3 8],28,87,104,59,75
1,<environment.Job instance at 0x7f1717680190>,3,3,[8 1],4,5,8,1,5
1,<environment.Job instance at 0x7f175d296500>,6,14,[5 4],7,9,23,2,9
1,<environment.Job instance at 0x7f1717bc4960>,14,12,[3 5],15,15,27,0,15
1,<environment.Job instance at 0x7f1717543f00>,0,15,[5 6],1,27,42,26,20
1,<environment.Job instance at 0x7f17177ee320>,23,13,[7 5],24,42,55,18,36
1,<environment.Job instance at 0x7f17177ee690>,25,3,[10  4],26,55,58,29,36
1,<environment.Job instance at 0x7f176290c640>,27,2,[ 2 10],28,58,60,30,40
1,<environment.Job instance at 0x7f1717b03d70>,29,16,[5 3],30,60,76,30,57
1,<environment.Job instance at 0x7f17628350a0>,26,14,[1 7],27,60,74,33,58
1,<environment.Job instance at 0x7f175de61910>,31,2,[2 6],32,74,76,42,58
1,<environment.Job instance at 0x7f175d5e2190>,24,13,[1 8],25,76,89,51,60
1,<environment.Job instance at 0x7f175d2cb280>,37,13,[ 4 10],38,89,102,51,75
1,<environment.Job instance at 0x7f175d6a8a00>,6,3,[8 3],7,9,12,2,9
1,<environment.Job instance at 0x7f175d6a8c80>,4,16,[4 5],5,12,28,7,10
1,<environment.Job instance at 0x7f175d6a87d0>,11,3,[6 4],12,13,16,1,13
1,<environment.Job instance at 0x7f175d1f4aa0>,10,12,[1 7],11,28,40,17,14
1,<environment.Job instance at 0x7f175d676e60>,15,2,[6 3],16,16,18,0,16
1,<environment.Job instance at 0x7f17177230f0>,17,3,[8 1],18,28,31,10,20
1,<environment.Job instance at 0x7f175d676e10>,14,12,[9 1],15,31,43,16,22
1,<environment.Job instance at 0x7f175d676a00>,19,13,[7 4],20,43,56,23,35
1,<environment.Job instance at 0x7f1717b51be0>,23,15,[4 9],24,56,71,32,44
1,<environment.Job instance at 0x7f175dcfcb90>,27,1,[2 6],28,46,47,18,46
1,<environment.Job instance at 0x7f175d129280>,28,3,[8 3],29,71,74,42,46
1,<environment.Job instance at 0x7f175d388050>,12,17,[ 2 10],13,74,91,61,63
1,<environment.Job instance at 0x7f171780f1e0>,32,15,[4 8],33,91,106,58,77
1,<environment.Job instance at 0x7f175d276410>,3,18,[5 5],4,6,24,2,6
1,<environment.Job instance at 0x7f175d99f0f0>,4,16,[5 5],5,7,23,2,7
1,<environment.Job instance at 0x7f1717428640>,6,13,[3 9],7,24,37,17,9
1,<environment.Job instance at 0x7f1717428b40>,11,3,[1 9],12,37,40,25,12
1,<environment.Job instance at 0x7f1717428d20>,13,12,[2 6],14,40,52,26,24
1,<environment.Job instance at 0x7f1717428be0>,16,13,[5 5],17,52,65,35,36
1,<environment.Job instance at 0x7f1717428fa0>,19,1,[5 4],20,40,41,20,39
1,<environment.Job instance at 0x7f1717424460>,23,1,[10  1],24,65,66,41,54
1,<environment.Job instance at 0x7f1717424550>,25,18,[5 5],26,66,84,40,55
1,<environment.Job instance at 0x7f1717424500>,27,2,[10  3],28,84,86,56,57
1,<environment.Job instance at 0x7f17174246e0>,3,2,[3 5],4,4,6,0,4
1,<environment.Job instance at 0x7f175da37a50>,4,14,[6 4],5,6,20,1,6
1,<environment.Job instance at 0x7f171748b0a0>,7,2,[6 3],8,20,22,12,8
1,<environment.Job instance at 0x7f171748bc30>,8,2,[2 8],9,22,24,13,9
1,<environment.Job instance at 0x7f171748baa0>,9,12,[9 4],10,24,36,14,10
1,<environment.Job instance at 0x7f171748be60>,10,2,[5 4],11,36,38,25,11
1,<environment.Job instance at 0x7f171748b780>,11,2,[3 8],12,38,40,26,12
1,<environment.Job instance at 0x7f171748b460>,12,1,[6 3],13,40,41,27,13
1,<environment.Job instance at 0x7f171748beb0>,15,2,[ 2 10],16,41,43,25,25
1,<environment.Job instance at 0x7f17179de410>,20,1,[8 1],21,43,44,22,29
1,<environment.Job instance at 0x7f17179de050>,22,2,[3 6],23,36,38,13,29
1,<environment.Job instance at 0x7f17179de730>,24,3,[4 5],25,44,47,19,29
1,<environment.Job instance at 0x7f17179dec80>,26,3,[5 8],27,47,50,20,29
1,<environment.Job instance at 0x7f175d6783c0>,28,3,[6 1],29,44,47,15,30
1,<environment.Job instance at 0x7f175d678550>,29,3,[8 2],30,50,53,20,30
1,<environment.Job instance at 0x7f1717b51960>,32,3,[5 9],33,53,56,20,44
1,<environment.Job instance at 0x7f1717b515f0>,33,16,[8 1],34,56,72,22,45
1,<environment.Job instance at 0x7f1717b519b0>,36,12,[3 9],37,72,84,35,64
1,<environment.Job instance at 0x7f1717b51690>,39,18,[6 1],40,72,90,32,64
1,<environment.Job instance at 0x7f175d42fc80>,41,3,[2 6],42,64,67,22,64
1,<environment.Job instance at 0x7f1717b51eb0>,38,16,[4 8],39,84,100,45,72
1,<environment.Job instance at 0x7f17177f0c30>,6,3,[7 4],7,7,10,0,7
1,<environment.Job instance at 0x7f17177f0aa0>,7,13,[9 1],8,10,23,2,10
1,<environment.Job instance at 0x7f171773ebe0>,11,3,[9 1],12,23,26,11,12
1,<environment.Job instance at 0x7f171773ee60>,15,12,[2 8],16,26,38,10,16
1,<environment.Job instance at 0x7f175dde1320>,19,15,[2 6],20,38,53,18,25
1,<environment.Job instance at 0x7f175dde1280>,20,2,[5 5],21,53,55,32,26
1,<environment.Job instance at 0x7f175dde15f0>,22,13,[2 9],23,55,68,32,39
1,<environment.Job instance at 0x7f171773eb90>,14,13,[4 8],15,68,81,53,53
1,<environment.Job instance at 0x7f1717401a50>,32,1,[2 5],33,81,82,48,69
1,<environment.Job instance at 0x7f1717401690>,33,2,[ 4 10],34,82,84,48,69
1,<environment.Job instance at 0x7f175dde1d70>,21,14,[9 4],22,84,98,62,69
1,<environment.Job instance at 0x7f1717401c30>,35,3,[5 6],36,98,101,62,72
1,<environment.Job instance at 0x7f17175b24b0>,0,3,[2 8],1,2,5,1,2
1,<environment.Job instance at 0x7f1717401870>,3,1,[8 5],4,5,6,1,4
1,<environment.Job instance at 0x7f175d05dd20>,5,3,[7 5],6,6,9,0,6
1,<environment.Job instance at 0x7f175d075910>,7,12,[2 8],8,10,22,2,10
1,<environment.Job instance at 0x7f175d3af0f0>,10,13,[2 6],11,22,35,11,11
1,<environment.Job instance at 0x7f175d0754b0>,8,18,[5 3],9,22,40,13,13
1,<environment.Job instance at 0x7f175d3af230>,9,12,[4 6],10,35,47,25,18
1,<environment.Job instance at 0x7f175d08cb90>,18,12,[9 3],19,47,59,28,32
1,<environment.Job instance at 0x7f175d08ceb0>,14,15,[5 6],15,59,74,44,46
1,<environment.Job instance at 0x7f175d0882d0>,25,15,[3 9],26,74,89,48,61
1,<environment.Job instance at 0x7f175d0756e0>,6,17,[2 6],7,89,106,82,77
1,<environment.Job instance at 0x7f175d7a56e0>,32,13,[7 2],33,89,102,56,77
1,<environment.Job instance at 0x7f1717ab2780>,2,1,[5 9],3,3,4,0,3
1,<environment.Job instance at 0x7f175d7a58c0>,3,1,[2 6],4,5,6,1,5
1,<environment.Job instance at 0x7f1717ab21e0>,0,12,[5 6],1,6,18,5,5
1,<environment.Job instance at 0x7f1717c58d70>,4,13,[2 7],5,18,31,13,7
1,<environment.Job instance at 0x7f175da00050>,9,3,[1 7],10,31,34,21,12
1,<environment.Job instance at 0x7f17175d2cd0>,14,3,[10  5],15,34,37,19,16
1,<environment.Job instance at 0x7f17174fd870>,15,16,[7 3],16,37,53,21,24
1,<environment.Job instance at 0x7f17174fd1e0>,16,12,[8 4],17,53,65,36,36
1,<environment.Job instance at 0x7f175d0fa190>,23,16,[2 6],24,40,56,16,40
1,<environment.Job instance at 0x7f175d08d230>,26,12,[2 7],27,65,77,38,48
1,<environment.Job instance at 0x7f17177d0460>,29,2,[9 3],30,77,79,47,51
1,<environment.Job instance at 0x7f1717628140>,33,18,[4 6],34,79,97,45,68
1,<environment.Job instance at 0x7f175d7e04b0>,6,1,[5 2],7,7,8,0,7
1,<environment.Job instance at 0x7f175dd11730>,5,16,[7 3],6,8,24,2,8
1,<environment.Job instance at 0x7f175dd11dc0>,7,13,[10  4],8,24,37,16,8
1,<environment.Job instance at 0x7f175d9db5a0>,14,3,[10  2],15,37,40,22,21
1,<environment.Job instance at 0x7f175d9db7d0>,19,14,[5 1],20,40,54,20,29
1,<environment.Job instance at 0x7f175d9db0a0>,12,16,[5 4],13,40,56,27,30
1,<environment.Job instance at 0x7f175d50c5a0>,21,2,[ 5 10],22,56,58,34,30
1,<environment.Job instance at 0x7f175d50c230>,23,3,[6 2],24,58,61,34,35
1,<environment.Job instance at 0x7f175d50cb40>,25,3,[9 2],26,61,64,35,37
1,<environment.Job instance at 0x7f175d50cc30>,27,3,[8 1],28,64,67,36,45
1,<environment.Job instance at 0x7f175d50c820>,28,3,[10  4],29,67,70,38,45
1,<environment.Job instance at 0x7f175d24aa50>,31,1,[2 5],32,54,55,22,54
1,<environment.Job instance at 0x7f175d24a5f0>,32,13,[ 3 10],33,70,83,37,59
1,<environment.Job instance at 0x7f175d24a230>,34,1,[5 5],35,83,84,48,69
1,<environment.Job instance at 0x7f17173ae460>,35,14,[5 7],36,84,98,48,69
1,<environment.Job instance at 0x7f175d226870>,0,3,[ 4 10],1,3,6,2,3
1,<environment.Job instance at 0x7f171790f2d0>,1,2,[2 9],2,8,10,6,8
1,<environment.Job instance at 0x7f1717a6e730>,9,18,[5 1],10,16,34,6,16
1,<environment.Job instance at 0x7f1717a6e0f0>,10,16,[1 7],11,18,34,7,18
1,<environment.Job instance at 0x7f1717a6ed20>,11,12,[2 6],12,34,46,22,18
1,<environment.Job instance at 0x7f1717a6eb90>,14,3,[8 2],15,34,37,19,19
1,<environment.Job instance at 0x7f1717a6e190>,7,16,[5 4],8,37,53,29,25
1,<environment.Job instance at 0x7f1717a5df50>,18,3,[ 4 10],19,53,56,34,27
1,<environment.Job instance at 0x7f1717a5dd70>,21,16,[5 5],22,56,72,34,43
1,<environment.Job instance at 0x7f1717a3d4b0>,22,18,[2 5],23,56,74,33,45
1,<environment.Job instance at 0x7f1717a5d1e0>,24,14,[ 3 10],25,74,88,49,59
1,<environment.Job instance at 0x7f1717a5d7d0>,19,12,[3 9],20,88,100,68,72
1,<environment.Job instance at 0x7f17175efe60>,3,1,[1 7],4,4,5,0,4
1,<environment.Job instance at 0x7f17175efa50>,6,3,[8 2],7,12,15,5,12
1,<environment.Job instance at 0x7f17175ef320>,7,18,[1 9],8,19,37,11,19
1,<environment.Job instance at 0x7f1717722640>,14,17,[10  5],15,37,54,22,28
1,<environment.Job instance at 0x7f17177229b0>,17,15,[ 4 10],18,54,69,36,43
1,<environment.Job instance at 0x7f17179cdb40>,19,1,[7 1],20,69,70,49,48
1,<environment.Job instance at 0x7f17179cd6e0>,20,3,[5 1],21,70,73,49,48
1,<environment.Job instance at 0x7f1717722320>,23,13,[3 9],24,69,82,45,53
1,<environment.Job instance at 0x7f175d03c140>,25,3,[6 4],26,82,85,56,63
1,<environment.Job instance at 0x7f175d089820>,26,13,[1 6],27,82,95,55,66
1,<environment.Job instance at 0x7f175d659190>,9,3,[5 4],10,17,20,7,17
1,<environment.Job instance at 0x7f1717acee60>,10,2,[3 5],11,17,19,6,17
1,<environment.Job instance at 0x7f175d5b40a0>,12,2,[1 9],13,20,22,7,17
1,<environment.Job instance at 0x7f175d22bb40>,13,1,[3 7],14,22,23,8,17
1,<environment.Job instance at 0x7f175d5b4dc0>,14,3,[8 5],15,23,26,8,17
1,<environment.Job instance at 0x7f1717a60fa0>,15,2,[9 5],16,26,28,10,17
1,<environment.Job instance at 0x7f175d783370>,8,3,[9 5],9,28,31,19,18
1,<environment.Job instance at 0x7f175d4d1870>,19,15,[6 4],20,31,46,11,20
1,<environment.Job instance at 0x7f175d6e1fa0>,20,2,[7 5],21,46,48,25,21
1,<environment.Job instance at 0x7f1717550af0>,23,1,[9 4],24,48,49,24,24
1,<environment.Job instance at 0x7f175d6e1f50>,21,2,[ 2 10],22,49,51,27,26
1,<environment.Job instance at 0x7f175d6b3be0>,18,14,[5 4],19,51,65,32,38
1,<environment.Job instance at 0x7f171727f780>,28,13,[4 8],29,65,78,36,50
1,<environment.Job instance at 0x7f175dd646e0>,29,3,[4 5],30,51,54,21,50
1,<environment.Job instance at 0x7f175d8a8fa0>,36,16,[4 8],37,78,94,41,65
1,<environment.Job instance at 0x7f175dbc50a0>,0,2,[10  4],1,4,6,3,4
1,<environment.Job instance at 0x7f1717398410>,4,1,[2 9],5,6,7,1,5
1,<environment.Job instance at 0x7f1717398190>,6,15,[5 9],7,9,24,2,9
1,<environment.Job instance at 0x7f1717398370>,10,15,[8 4],11,24,39,13,13
1,<environment.Job instance at 0x7f1717c6e5a0>,12,13,[5 3],13,39,52,26,23
1,<environment.Job instance at 0x7f1717c6edc0>,15,3,[9 1],16,52,55,36,26
1,<environment.Job instance at 0x7f1717c6e5f0>,18,12,[5 4],19,39,51,20,35
1,<environment.Job instance at 0x7f1717398b90>,5,18,[4 6],6,55,73,49,44
1,<environment.Job instance at 0x7f1717c6e0f0>,21,1,[2 7],22,51,52,29,44
1,<environment.Job instance at 0x7f1717c6e960>,22,1,[1 8],23,52,53,29,44
1,<environment.Job instance at 0x7f1717c6e410>,20,13,[8 3],21,73,86,52,58
1,<environment.Job instance at 0x7f175d26a280>,27,12,[6 5],28,86,98,58,69
1,<environment.Job instance at 0x7f175d26a2d0>,32,3,[5 8],33,98,101,65,78
1,<environment.Job instance at 0x7f708b152190>,2,12,[5 4],3,3,15,0,3
1,<environment.Job instance at 0x7f7085d42230>,5,13,[5 9],6,15,28,9,6
1,<environment.Job instance at 0x7f7085d42550>,7,14,[5 1],8,8,22,0,8
1,<environment.Job instance at 0x7f7085d42640>,8,17,[ 2 10],9,28,45,19,16
1,<environment.Job instance at 0x7f7085d42960>,12,3,[6 3],13,45,48,32,19
1,<environment.Job instance at 0x7f7085d42a00>,13,13,[1 8],14,48,61,34,36
1,<environment.Job instance at 0x7f7085d427d0>,15,3,[10  2],16,61,64,45,36
1,<environment.Job instance at 0x7f708b152050>,4,18,[10  4],5,64,82,59,55
1,<environment.Job instance at 0x7f7085d460a0>,23,18,[5 2],24,82,100,58,80
1,<environment.Job instance at 0x7f7085d464b0>,28,2,[5 9],29,100,102,71,80
1,<environment.Job instance at 0x7f7085d46320>,30,1,[5 5],31,82,83,51,80
1,<environment.Job instance at 0x7f708b17ad20>,2,2,[2 5],3,3,5,0,3
1,<environment.Job instance at 0x7f7085d463c0>,4,2,[4 7],5,5,7,0,5
1,<environment.Job instance at 0x7f708b2c0c80>,6,2,[4 8],7,7,9,0,7
1,<environment.Job instance at 0x7f708b2c0410>,7,3,[5 3],8,9,12,1,8
1,<environment.Job instance at 0x7f708b2c0d70>,8,12,[10  1],9,12,24,3,10
1,<environment.Job instance at 0x7f708b2b8f50>,11,1,[9 4],12,24,25,12,12
1,<environment.Job instance at 0x7f708b2c6f50>,17,3,[7 4],18,27,30,9,27
1,<environment.Job instance at 0x7f708b2c6c80>,19,3,[5 3],20,47,50,27,47
1,<environment.Job instance at 0x7f708b2c6780>,15,1,[3 6],16,47,48,31,47
1,<environment.Job instance at 0x7f708b2c63c0>,22,2,[4 8],23,50,52,27,47
1,<environment.Job instance at 0x7f708b2c6730>,23,3,[1 6],24,52,55,28,47
1,<environment.Job instance at 0x7f708b2c52d0>,24,12,[6 1],25,50,62,25,48
1,<environment.Job instance at 0x7f708b2c64b0>,14,17,[5 4],15,62,79,47,52
1,<environment.Job instance at 0x7f708b2c5230>,28,3,[2 7],29,55,58,26,55
1,<environment.Job instance at 0x7f708b2cc050>,30,2,[5 6],31,62,64,31,57
1,<environment.Job instance at 0x7f708b2c5e60>,26,15,[9 2],27,79,94,52,65
1,<environment.Job instance at 0x7f708b2cc460>,34,15,[9 1],35,94,109,59,80
1,<environment.Job instance at 0x7f70401104b0>,0,12,[2 5],1,6,18,5,6
1,<environment.Job instance at 0x7f7040110960>,8,14,[8 5],9,10,24,1,10
1,<environment.Job instance at 0x7f70400e4cd0>,13,3,[5 4],14,24,27,10,15
1,<environment.Job instance at 0x7f70400e4d70>,12,14,[8 4],13,27,41,14,16
1,<environment.Job instance at 0x7f70400e42d0>,20,2,[3 8],21,41,43,20,26
1,<environment.Job instance at 0x7f70400e4aa0>,22,14,[9 2],23,43,57,20,32
1,<environment.Job instance at 0x7f70400e43c0>,15,16,[ 3 10],16,57,73,41,44
1,<environment.Job instance at 0x7f70400e4780>,9,17,[9 2],10,73,90,63,61
1,<environment.Job instance at 0x7f70400f2dc0>,33,12,[5 1],34,90,102,56,73
1,<environment.Job instance at 0x7f70400f2960>,34,13,[5 9],35,90,103,55,74
1,<environment.Job instance at 0x7f70404cc2d0>,5,2,[7 1],6,6,8,0,6
1,<environment.Job instance at 0x7f70404cc8c0>,6,14,[5 4],7,10,24,3,10
1,<environment.Job instance at 0x7f70404a85a0>,9,13,[5 7],10,24,37,14,10
1,<environment.Job instance at 0x7f70404cc320>,10,2,[10  1],11,37,39,26,11
1,<environment.Job instance at 0x7f70404a85f0>,12,2,[9 4],13,39,41,26,13
1,<environment.Job instance at 0x7f70404a84b0>,19,14,[5 7],20,41,55,21,26
1,<environment.Job instance at 0x7f70404cc0f0>,7,14,[4 7],8,55,69,47,42
1,<environment.Job instance at 0x7f70404c1370>,26,16,[5 7],27,69,85,42,56
1,<environment.Job instance at 0x7f7040401d70>,30,17,[4 5],31,85,102,54,73
1,<environment.Job instance at 0x7f70404019b0>,34,1,[3 8],35,102,103,67,78
1,<environment.Job instance at 0x7f7040401c30>,36,15,[7 3],37,103,118,66,89
1,<environment.Job instance at 0x7f704013bf00>,0,1,[5 1],1,2,3,1,2
1,<environment.Job instance at 0x7f704043c190>,8,3,[4 7],9,9,12,0,9
1,<environment.Job instance at 0x7f704013b280>,3,12,[8 5],4,13,25,9,13
1,<environment.Job instance at 0x7f704043c410>,12,2,[6 3],13,25,27,12,14
1,<environment.Job instance at 0x7f704043c690>,14,2,[4 8],15,27,29,12,15
1,<environment.Job instance at 0x7f704042c4b0>,10,17,[7 1],11,45,62,34,45
1,<environment.Job instance at 0x7f704043caa0>,19,3,[9 2],20,62,65,42,45
1,<environment.Job instance at 0x7f704043cdc0>,22,2,[6 4],23,65,67,42,45
1,<environment.Job instance at 0x7f704043ceb0>,24,2,[1 9],25,49,51,24,49
1,<environment.Job instance at 0x7f704043ce60>,27,13,[4 9],28,67,80,39,55
1,<environment.Job instance at 0x7f704042f190>,28,12,[8 2],29,80,92,51,63
1,<environment.Job instance at 0x7f704043c280>,9,18,[ 2 10],10,92,110,82,81
1,<environment.Job instance at 0x7f70860fd780>,8,2,[6 5],9,9,11,0,9
1,<environment.Job instance at 0x7f70860fd230>,9,3,[8 5],10,11,14,1,10
1,<environment.Job instance at 0x7f70860fdcd0>,10,13,[3 8],11,14,27,3,13
1,<environment.Job instance at 0x7f7085f9d1e0>,17,13,[6 5],18,27,40,9,19
1,<environment.Job instance at 0x7f7085f9d7d0>,18,2,[7 3],19,40,42,21,23
1,<environment.Job instance at 0x7f7085f9d4b0>,20,2,[6 5],21,42,44,21,23
1,<environment.Job instance at 0x7f7085f9d730>,21,14,[1 9],22,44,58,22,29
1,<environment.Job instance at 0x7f70860fd6e0>,13,14,[3 6],14,58,72,44,46
1,<environment.Job instance at 0x7f7085b21780>,25,14,[7 3],26,58,72,32,46
1,<environment.Job instance at 0x7f7085b21280>,27,3,[5 6],28,72,75,44,48
1,<environment.Job instance at 0x7f7085b21dc0>,33,3,[9 4],34,75,78,41,69
1,<environment.Job instance at 0x7f70403e9820>,37,12,[10  4],38,78,90,40,75
1,<environment.Job instance at 0x7f70403e94b0>,39,3,[4 8],40,90,93,50,75
1,<environment.Job instance at 0x7f7085f86e60>,7,2,[2 6],8,8,10,0,8
1,<environment.Job instance at 0x7f708688d410>,8,2,[5 5],9,10,12,1,9
1,<environment.Job instance at 0x7f708688dc30>,9,1,[5 7],10,12,13,2,10
1,<environment.Job instance at 0x7f7085f86550>,6,14,[10  4],7,13,27,6,10
1,<environment.Job instance at 0x7f7085dbcdc0>,4,12,[4 7],5,27,39,22,15
1,<environment.Job instance at 0x7f70868e5960>,14,2,[10  3],15,39,41,24,16
1,<environment.Job instance at 0x7f7085dccf00>,16,16,[2 6],17,41,57,24,28
1,<environment.Job instance at 0x7f7086337780>,18,14,[6 4],19,41,55,22,29
1,<environment.Job instance at 0x7f70404bd050>,22,3,[4 9],23,57,60,34,34
1,<environment.Job instance at 0x7f7086337320>,20,18,[5 9],21,60,78,39,50
1,<environment.Job instance at 0x7f7085f82d70>,0,14,[8 4],1,78,92,77,65
1,<environment.Job instance at 0x7f7086392960>,23,18,[ 1 10],24,92,110,68,82
1,<environment.Job instance at 0x7f7085c4fb40>,3,15,[6 1],4,5,20,1,5
1,<environment.Job instance at 0x7f7085c4f8c0>,0,3,[10  4],1,20,23,19,5
1,<environment.Job instance at 0x7f7085c4fcd0>,4,3,[7 4],5,23,26,18,7
1,<environment.Job instance at 0x7f7086377550>,7,1,[10  3],8,26,27,18,8
1,<environment.Job instance at 0x7f7086377aa0>,12,2,[7 3],13,27,29,14,13
1,<environment.Job instance at 0x7f7086377cd0>,13,3,[8 1],14,29,32,15,14
1,<environment.Job instance at 0x7f7086377910>,10,15,[5 6],11,32,47,21,18
1,<environment.Job instance at 0x7f7086377b40>,11,2,[2 9],12,18,20,6,18
1,<environment.Job instance at 0x7f7086377e60>,16,14,[5 4],17,32,46,15,27
1,<environment.Job instance at 0x7f7086377c30>,15,12,[10  3],16,47,59,31,30
1,<environment.Job instance at 0x7f70863703c0>,22,1,[4 6],23,59,60,36,31
1,<environment.Job instance at 0x7f70863707d0>,26,2,[8 4],27,60,62,33,34
1,<environment.Job instance at 0x7f70863705a0>,25,3,[9 2],26,62,65,36,37
1,<environment.Job instance at 0x7f7086370fa0>,33,13,[7 5],34,65,78,31,59
1,<environment.Job instance at 0x7f70863742d0>,35,3,[10  4],36,78,81,42,65
1,<environment.Job instance at 0x7f70863740f0>,34,13,[1 8],35,81,94,46,65
1,<environment.Job instance at 0x7f7086374960>,41,2,[2 6],42,94,96,52,77
1,<environment.Job instance at 0x7f7086377fa0>,17,15,[10  1],18,96,111,78,83
1,<environment.Job instance at 0x7f7086374be0>,45,3,[1 9],46,111,114,65,85
1,<environment.Job instance at 0x7f703ff782d0>,2,2,[8 4],3,3,5,0,3
1,<environment.Job instance at 0x7f703ff08280>,6,3,[8 3],7,8,11,1,8
1,<environment.Job instance at 0x7f703ff080f0>,9,1,[5 1],10,11,12,1,10
1,<environment.Job instance at 0x7f708c1809b0>,11,3,[6 4],12,12,15,0,12
1,<environment.Job instance at 0x7f704001af00>,10,12,[1 7],11,15,27,4,12
1,<environment.Job instance at 0x7f708628b320>,13,15,[5 5],14,27,42,13,17
1,<environment.Job instance at 0x7f7086763410>,15,2,[6 3],16,18,20,2,18
1,<environment.Job instance at 0x7f7040259cd0>,17,3,[8 1],18,23,26,5,23
1,<environment.Job instance at 0x7f7085df96e0>,14,12,[9 1],15,42,54,27,25
1,<environment.Job instance at 0x7f704020d870>,23,15,[4 9],24,54,69,30,40
1,<environment.Job instance at 0x7f7085e427d0>,25,2,[4 7],26,69,71,43,47
1,<environment.Job instance at 0x7f70864a5c30>,28,3,[8 3],29,71,74,42,47
1,<environment.Job instance at 0x7f704056eeb0>,12,17,[ 2 10],13,74,91,61,65
1,<environment.Job instance at 0x7f7085d1d6e0>,33,3,[8 4],34,91,94,57,71
1,<environment.Job instance at 0x7f7085d1d3c0>,34,14,[3 8],35,94,108,59,79
1,<environment.Job instance at 0x7f70867a9aa0>,1,3,[1 9],2,4,7,2,4
1,<environment.Job instance at 0x7f7085d1ddc0>,3,12,[2 6],4,10,22,6,10
1,<environment.Job instance at 0x7f7085c998c0>,13,1,[10  1],14,22,23,8,16
1,<environment.Job instance at 0x7f7085fe81e0>,6,13,[5 5],7,23,36,16,17
1,<environment.Job instance at 0x7f708697bcd0>,16,2,[5 9],17,36,38,19,18
1,<environment.Job instance at 0x7f708697be10>,17,2,[10  3],18,38,40,20,21
1,<environment.Job instance at 0x7f704013b6e0>,20,3,[5 7],21,40,43,19,34
1,<environment.Job instance at 0x7f70403f1140>,19,14,[5 1],20,40,54,20,34
1,<environment.Job instance at 0x7f7086164500>,21,1,[7 3],22,54,55,32,34
1,<environment.Job instance at 0x7f7086164d20>,24,14,[9 1],25,55,69,30,42
1,<environment.Job instance at 0x7f7040449d70>,22,18,[4 7],23,69,87,46,58
1,<environment.Job instance at 0x7f7086a32780>,14,17,[9 2],15,87,104,72,75
1,<environment.Job instance at 0x7f7040217a00>,35,18,[1 8],36,87,105,51,77
1,<environment.Job instance at 0x7f70861aedc0>,4,3,[4 5],5,5,8,0,5
1,<environment.Job instance at 0x7f70402170a0>,6,3,[5 8],7,8,11,1,7
1,<environment.Job instance at 0x7f70861aef00>,8,3,[6 1],9,11,14,2,9
1,<environment.Job instance at 0x7f70861aec80>,9,3,[8 2],10,14,17,4,10
1,<environment.Job instance at 0x7f7086189050>,12,3,[5 9],13,21,24,8,21
1,<environment.Job instance at 0x7f7086189320>,14,3,[2 7],15,24,27,9,21
1,<environment.Job instance at 0x7f7086189460>,16,12,[3 9],17,27,39,10,22
1,<environment.Job instance at 0x7f70861891e0>,13,16,[8 1],14,40,56,26,40
1,<environment.Job instance at 0x7f7086189640>,19,18,[6 1],20,56,74,36,45
1,<environment.Job instance at 0x7f7086189d70>,27,16,[1 7],28,56,72,28,56
1,<environment.Job instance at 0x7f7086189fa0>,28,3,[2 7],29,72,75,43,56
1,<environment.Job instance at 0x7f7086189e10>,30,15,[4 7],31,75,90,44,64
1,<environment.Job instance at 0x7f70861b4190>,33,16,[9 4],34,90,106,56,77
1,<environment.Job instance at 0x7f70861b4a00>,41,12,[3 7],42,106,118,64,89
1,<environment.Job instance at 0x7f70865fd460>,3,2,[ 4 10],4,4,6,0,4
1,<environment.Job instance at 0x7f7040632050>,11,2,[1 5],12,14,16,2,14
1,<environment.Job instance at 0x7f704cdfd500>,13,14,[ 5 10],14,17,31,3,17
1,<environment.Job instance at 0x7f7085d17f50>,16,17,[3 5],17,31,48,14,20
1,<environment.Job instance at 0x7f7086815c30>,23,2,[5 1],24,31,33,7,29
1,<environment.Job instance at 0x7f7086815fa0>,24,13,[ 5 10],25,48,61,23,33
1,<environment.Job instance at 0x7f7086815960>,26,3,[5 1],27,43,46,16,43
1,<environment.Job instance at 0x7f7086815dc0>,28,18,[5 5],29,61,79,32,50
1,<environment.Job instance at 0x7f7040389c80>,30,16,[7 5],31,79,95,48,66
1,<environment.Job instance at 0x7f7040389410>,32,2,[1 7],33,95,97,62,74
1,<environment.Job instance at 0x7f7086815050>,18,15,[5 8],19,97,112,78,83
1,<environment.Job instance at 0x7f708686f7d0>,2,3,[8 1],3,3,6,0,3
1,<environment.Job instance at 0x7f708686f500>,0,12,[7 4],1,7,19,6,7
1,<environment.Job instance at 0x7f708664e6e0>,11,18,[4 7],12,19,37,7,13
1,<environment.Job instance at 0x7f708664ec80>,10,15,[5 3],11,19,34,8,14
1,<environment.Job instance at 0x7f7085d1bc80>,15,1,[1 9],16,37,38,21,17
1,<environment.Job instance at 0x7f7085d1b6e0>,17,1,[10  4],18,38,39,20,18
1,<environment.Job instance at 0x7f7085d1b820>,18,2,[3 6],19,39,41,20,21
1,<environment.Job instance at 0x7f708664efa0>,12,14,[4 6],13,41,55,28,26
1,<environment.Job instance at 0x7f7085d1bc30>,21,3,[8 5],22,55,58,33,29
1,<environment.Job instance at 0x7f7085d1b2d0>,22,12,[ 1 10],23,58,70,35,45
1,<environment.Job instance at 0x7f708641cc30>,27,15,[6 2],28,70,85,42,56
1,<environment.Job instance at 0x7f708641ca50>,33,3,[3 8],34,70,73,36,60
1,<environment.Job instance at 0x7f70860bafa0>,34,12,[9 1],35,85,97,50,81
1,<environment.Job instance at 0x7f70860ba910>,38,2,[6 3],39,97,99,58,82
1,<environment.Job instance at 0x7f70860ba550>,39,2,[1 9],40,85,87,45,83
1,<environment.Job instance at 0x7f708664eaf0>,13,17,[9 1],14,99,116,85,88
1,<environment.Job instance at 0x7f7085bf4d20>,1,2,[3 9],2,3,5,1,3
1,<environment.Job instance at 0x7f7085c18820>,0,2,[8 4],1,5,7,4,3
1,<environment.Job instance at 0x7f7085e75550>,2,14,[ 2 10],3,11,25,8,11
1,<environment.Job instance at 0x7f7085d10e60>,8,16,[3 8],9,25,41,16,12
1,<environment.Job instance at 0x7f7085ceb9b0>,15,14,[4 8],16,41,55,25,27
1,<environment.Job instance at 0x7f7085ceb5f0>,24,2,[3 6],25,70,72,45,70
1,<environment.Job instance at 0x7f7085c02280>,25,3,[2 8],26,72,75,46,70
1,<environment.Job instance at 0x7f7085d224b0>,26,1,[9 2],27,75,76,48,70
1,<environment.Job instance at 0x7f70866e6910>,27,1,[5 3],28,70,71,42,70
1,<environment.Job instance at 0x7f7085ceb4b0>,20,12,[4 8],21,76,88,55,70
1,<environment.Job instance at 0x7f703fd4fd70>,29,3,[10  1],30,88,91,58,70
1,<environment.Job instance at 0x7f7086750690>,32,3,[10  4],33,91,94,58,71
1,<environment.Job instance at 0x7f703fd539b0>,34,3,[9 3],35,94,97,59,79
1,<environment.Job instance at 0x7f7086750190>,35,16,[7 3],36,97,113,61,84
1,<environment.Job instance at 0x7f7040616c80>,1,3,[7 4],2,2,5,0,2
1,<environment.Job instance at 0x7f7040616190>,0,2,[6 1],1,6,8,5,6
1,<environment.Job instance at 0x7f708b2ccf50>,5,13,[9 1],6,12,25,6,12
1,<environment.Job instance at 0x7f7085ef62d0>,7,15,[3 6],8,25,40,17,14
1,<environment.Job instance at 0x7f70401f1050>,14,13,[3 6],15,40,53,25,26
1,<environment.Job instance at 0x7f703ff20eb0>,21,2,[2 9],22,53,55,31,26
1,<environment.Job instance at 0x7f708612baf0>,23,3,[8 1],24,53,56,29,48
1,<environment.Job instance at 0x7f708612be10>,24,17,[2 7],25,55,72,30,48
1,<environment.Job instance at 0x7f7040667640>,27,16,[5 4],28,72,88,44,59
1,<environment.Job instance at 0x7f703ff75e60>,29,18,[5 1],30,66,84,36,66
1,<environment.Job instance at 0x7f703ff75be0>,31,12,[2 6],32,84,96,52,67
1,<environment.Job instance at 0x7f703ff75550>,32,17,[6 4],33,88,105,55,76
1,<environment.Job instance at 0x7f703ff75460>,4,13,[5 8],5,5,18,0,5
1,<environment.Job instance at 0x7f7040236be0>,8,16,[9 1],9,34,50,25,34
1,<environment.Job instance at 0x7f7040236230>,12,2,[10  3],13,50,52,37,36
1,<environment.Job instance at 0x7f7040236050>,13,1,[1 7],14,37,38,23,37
1,<environment.Job instance at 0x7f70402368c0>,0,13,[2 8],1,52,65,51,43
1,<environment.Job instance at 0x7f70402367d0>,16,3,[8 2],17,52,55,35,45
1,<environment.Job instance at 0x7f7040236e60>,17,18,[1 9],18,65,83,47,54
1,<environment.Job instance at 0x7f7040236c80>,1,1,[ 3 10],2,2,3,0,2
1,<environment.Job instance at 0x7f703fd0cd20>,4,2,[1 9],5,5,7,0,5
1,<environment.Job instance at 0x7f70401fa9b0>,13,1,[3 7],14,16,17,2,16
1,<environment.Job instance at 0x7f7040208b40>,14,3,[8 5],15,17,20,2,16
1,<environment.Job instance at 0x7f7040208820>,15,2,[9 5],16,20,22,4,16
1,<environment.Job instance at 0x7f70401fa780>,8,3,[9 5],9,22,25,13,17
1,<environment.Job instance at 0x7f70401fabe0>,9,3,[5 4],10,25,28,15,17
1,<environment.Job instance at 0x7f70401fa3c0>,5,14,[5 4],6,25,39,19,17
1,<environment.Job instance at 0x7f70401e9050>,21,2,[ 2 10],22,39,41,17,22
1,<environment.Job instance at 0x7f7040208fa0>,19,15,[6 4],20,41,56,21,31
1,<environment.Job instance at 0x7f7086171320>,26,17,[1 6],27,41,58,14,40
1,<environment.Job instance at 0x7f7086171dc0>,27,13,[9 4],28,56,69,28,41
1,<environment.Job instance at 0x7f70861442d0>,29,3,[4 5],30,69,72,39,51
1,<environment.Job instance at 0x7f7086144140>,30,2,[1 5],31,58,60,27,51
1,<environment.Job instance at 0x7f708616e460>,31,1,[3 6],32,72,73,40,51
1,<environment.Job instance at 0x7f7040208370>,17,18,[6 1],18,69,87,51,58
1,<environment.Job instance at 0x7f708615a820>,37,15,[4 8],38,73,88,35,64
1,<environment.Job instance at 0x7f70868aebe0>,38,15,[1 6],39,88,103,49,75
1,<environment.Job instance at 0x7f7086885c80>,40,1,[7 5],41,103,104,62,75
1,<environment.Job instance at 0x7f7086885320>,3,3,[6 5],4,4,7,0,4
1,<environment.Job instance at 0x7f70869db5a0>,5,3,[9 1],6,7,10,1,6
1,<environment.Job instance at 0x7f704056d9b0>,10,13,[8 3],11,11,24,0,11
1,<environment.Job instance at 0x7f70406ebd20>,11,1,[2 7],12,14,15,2,14
1,<environment.Job instance at 0x7f7085d59960>,12,1,[1 8],13,24,25,11,15
1,<environment.Job instance at 0x7f704047c5f0>,15,15,[10  1],16,29,44,13,29
1,<environment.Job instance at 0x7f704019fa00>,17,12,[6 5],18,44,56,26,32
1,<environment.Job instance at 0x7f7085f67780>,18,3,[1 7],19,56,59,37,33
1,<environment.Job instance at 0x7f7085acd410>,19,3,[7 3],20,56,59,36,33
1,<environment.Job instance at 0x7f7085acdb40>,22,3,[5 8],23,59,62,36,38
1,<environment.Job instance at 0x7f7085acddc0>,23,2,[6 2],24,62,64,38,41
1,<environment.Job instance at 0x7f7085e0db40>,26,2,[ 1 10],27,64,66,37,43
1,<environment.Job instance at 0x7f7085e0ddc0>,27,3,[2 7],28,66,69,38,43
1,<environment.Job instance at 0x7f703ff722d0>,29,1,[5 6],30,69,70,39,43
1,<environment.Job instance at 0x7f7085f50b40>,16,13,[ 2 10],17,70,83,53,55
1,<environment.Job instance at 0x7f70861c8870>,36,2,[5 3],37,66,68,29,59
1,<environment.Job instance at 0x7f70861c8280>,39,2,[4 8],40,62,64,22,60
1,<environment.Job instance at 0x7f70861c8960>,38,12,[6 4],39,83,95,44,66
1,<environment.Job instance at 0x7f70867a9a50>,41,13,[3 5],42,83,96,41,71
1,<environment.Job instance at 0x7f7040075a50>,46,13,[6 4],47,95,108,48,79
1,<environment.Job instance at 0x7f7085adfaa0>,1,3,[6 5],2,2,5,0,2
1,<environment.Job instance at 0x7f70406dd5f0>,3,3,[4 7],4,5,8,1,4
1,<environment.Job instance at 0x7f70406dd690>,7,13,[7 1],8,8,21,0,8
1,<environment.Job instance at 0x7f70406dd140>,8,3,[4 7],9,21,24,12,9
1,<environment.Job instance at 0x7f70406ddfa0>,9,3,[4 8],10,24,27,14,10
1,<environment.Job instance at 0x7f70406dd460>,10,12,[3 8],11,27,39,16,11
1,<environment.Job instance at 0x7f70406ddcd0>,12,15,[6 2],13,21,36,8,18
1,<environment.Job instance at 0x7f70406645f0>,17,2,[9 2],18,39,41,21,23
1,<environment.Job instance at 0x7f7040664e10>,19,14,[7 3],20,41,55,21,26
1,<environment.Job instance at 0x7f7085adf0f0>,0,15,[3 7],1,41,56,40,29
1,<environment.Job instance at 0x7f7040664fa0>,20,14,[8 2],21,56,70,35,41
1,<environment.Job instance at 0x7f7040664dc0>,27,15,[6 1],28,70,85,42,56
1,<environment.Job instance at 0x7f70400b8280>,29,13,[4 7],30,70,83,40,56
1,<environment.Job instance at 0x7f70400b8960>,35,3,[8 5],36,85,88,49,79
1,<environment.Job instance at 0x7f70406f7910>,0,3,[ 2 10],1,4,7,3,4
1,<environment.Job instance at 0x7f7086121870>,3,13,[6 5],4,7,20,3,4
1,<environment.Job instance at 0x7f7086121730>,5,3,[9 4],6,20,23,14,7
1,<environment.Job instance at 0x7f7040581aa0>,9,3,[7 4],10,23,26,13,12
1,<environment.Job instance at 0x7f7040581f50>,11,3,[4 5],12,13,16,1,13
1,<environment.Job instance at 0x7f70868d7410>,12,3,[10  3],13,26,29,13,14
1,<environment.Job instance at 0x7f703fed1280>,20,14,[6 1],21,29,43,8,25
1,<environment.Job instance at 0x7f70406f71e0>,1,13,[5 8],2,43,56,41,31
1,<environment.Job instance at 0x7f7086860190>,25,3,[9 3],26,56,59,30,38
1,<environment.Job instance at 0x7f7040581be0>,13,16,[9 5],14,59,75,45,46
1,<environment.Job instance at 0x7f7085f30dc0>,30,13,[8 4],31,75,88,44,59
1,<environment.Job instance at 0x7f703fed1910>,28,12,[ 1 10],29,88,100,59,71
1,<environment.Job instance at 0x7f70862bf050>,40,16,[ 2 10],41,100,116,59,89
1,<environment.Job instance at 0x7f7e5da74190>,2,12,[5 4],3,3,15,0,3
1,<environment.Job instance at 0x7f7e5da74050>,4,18,[10  4],5,15,33,10,10
1,<environment.Job instance at 0x7f7e56664550>,8,17,[ 2 10],9,33,50,24,22
1,<environment.Job instance at 0x7f7e566649b0>,14,12,[3 7],15,50,62,35,34
1,<environment.Job instance at 0x7f7e56664960>,16,12,[1 8],17,62,74,45,46
1,<environment.Job instance at 0x7f7e56664500>,9,17,[ 4 10],10,74,91,64,63
1,<environment.Job instance at 0x7f7e56664dc0>,24,3,[5 9],25,91,94,66,69
1,<environment.Job instance at 0x7f7e56668320>,27,2,[6 4],28,94,96,66,69
1,<environment.Job instance at 0x7f7e566683c0>,28,2,[5 9],29,96,98,67,71
1,<environment.Job instance at 0x7f7e56668500>,30,1,[5 5],31,98,99,67,71
1,<environment.Job instance at 0x7f7e566685a0>,31,17,[4 9],32,99,116,67,91
1,<environment.Job instance at 0x7f7e5da9c190>,5,1,[3 6],6,6,7,0,6
1,<environment.Job instance at 0x7f7e5da9ca50>,6,12,[2 6],7,10,22,3,10
1,<environment.Job instance at 0x7f7e5da9cf50>,9,3,[5 3],10,10,13,0,10
1,<environment.Job instance at 0x7f7e5dbdaf50>,10,20,[5 7],11,22,42,11,13
1,<environment.Job instance at 0x7f7e5dbdab90>,12,2,[4 8],13,42,44,29,21
1,<environment.Job instance at 0x7f7e5eac6b40>,13,3,[1 6],14,44,47,30,21
1,<environment.Job instance at 0x7f7e5da9c690>,4,17,[5 4],5,44,61,39,32
1,<environment.Job instance at 0x7f7e5da9c460>,3,17,[5 6],4,47,64,43,37
1,<environment.Job instance at 0x7f7e5dbe7780>,24,15,[9 1],25,64,79,39,50
1,<environment.Job instance at 0x7f7e5dbe7230>,29,14,[8 1],30,79,93,49,64
1,<environment.Job instance at 0x7f7e5dbee1e0>,34,15,[10  5],35,93,108,58,79
1,<environment.Job instance at 0x7f7e129d9a50>,0,2,[3 8],1,4,6,3,4
1,<environment.Job instance at 0x7f7e128b0050>,10,17,[2 9],11,23,40,12,23
1,<environment.Job instance at 0x7f7e128b04b0>,13,12,[5 1],14,23,35,9,23
1,<environment.Job instance at 0x7f7e128b03c0>,15,17,[8 1],16,35,52,19,23
1,<environment.Job instance at 0x7f7e128b0870>,16,16,[7 2],17,52,68,35,39
1,<environment.Job instance at 0x7f7e128b20a0>,23,15,[5 6],24,68,83,44,54
1,<environment.Job instance at 0x7f7e12915870>,25,17,[3 5],26,83,100,57,71
1,<environment.Job instance at 0x7f7e129150a0>,29,12,[5 4],30,82,94,52,82
1,<environment.Job instance at 0x7f7e12915140>,30,15,[7 4],31,94,109,63,82
1,<environment.Job instance at 0x7f7e12915b90>,32,16,[8 5],33,109,125,76,97
1,<environment.Job instance at 0x7f7e12fdfcd0>,0,17,[4 5],1,5,22,4,5
1,<environment.Job instance at 0x7f7e128f6820>,7,17,[7 5],8,22,39,14,10
1,<environment.Job instance at 0x7f7e128f6410>,9,1,[8 5],10,39,40,29,15
1,<environment.Job instance at 0x7f7e128f6a50>,12,2,[7 1],13,40,42,27,24
1,<environment.Job instance at 0x7f7e128f62d0>,13,2,[3 5],14,30,32,16,30
1,<environment.Job instance at 0x7f7e128f65a0>,14,16,[8 3],15,42,58,27,31
1,<environment.Job instance at 0x7f7e128f6230>,10,14,[2 8],11,58,72,47,45
1,<environment.Job instance at 0x7f7e12f7e500>,22,2,[9 3],23,72,74,49,45
1,<environment.Job instance at 0x7f7e12943500>,24,3,[5 8],25,74,77,49,55
1,<environment.Job instance at 0x7f7e12943820>,25,2,[2 6],26,55,57,29,55
1,<environment.Job instance at 0x7f7e12943640>,26,15,[6 2],27,77,92,50,63
1,<environment.Job instance at 0x7f7e12f7e5f0>,19,17,[4 8],20,77,94,57,65
1,<environment.Job instance at 0x7f7e12f7e4b0>,23,15,[7 4],24,94,109,70,80
1,<environment.Job instance at 0x7f7e12a52a50>,33,13,[2 5],34,94,107,60,80
1,<environment.Job instance at 0x7f7e56685f50>,37,2,[9 1],38,109,111,71,89
1,<environment.Job instance at 0x7f7e12e660f0>,38,14,[10  4],39,111,125,72,96
1,<environment.Job instance at 0x7f7e12e660f0>,5,12,[4 7],6,6,18,0,6
1,<environment.Job instance at 0x7f7e12d4f5f0>,6,13,[8 3],7,18,31,11,7
1,<environment.Job instance at 0x7f7e12d4f550>,8,14,[2 7],9,18,32,9,13
1,<environment.Job instance at 0x7f7e12d4f500>,10,2,[9 4],11,32,34,21,13
1,<environment.Job instance at 0x7f7e12d4f820>,9,17,[5 1],10,34,51,24,22
1,<environment.Job instance at 0x7f7e12d4fb90>,16,13,[1 6],17,32,45,15,22
1,<environment.Job instance at 0x7f7e12d4f730>,7,13,[4 6],8,45,58,37,35
1,<environment.Job instance at 0x7f7e12d4ffa0>,19,3,[9 3],20,58,61,38,35
1,<environment.Job instance at 0x7f7e12d4f910>,11,18,[5 7],12,61,79,49,50
1,<environment.Job instance at 0x7f7e12d604b0>,25,16,[10  5],26,79,95,53,66
1,<environment.Job instance at 0x7f7e12d60c30>,32,12,[8 5],33,95,107,62,82
1,<environment.Job instance at 0x7f7e12d60960>,35,15,[5 7],36,107,122,71,94
1,<environment.Job instance at 0x7f7e56528f50>,4,1,[2 5],5,5,6,0,5
1,<environment.Job instance at 0x7f7e56528140>,5,2,[9 3],6,7,9,1,7
1,<environment.Job instance at 0x7f7e56528960>,6,14,[7 5],7,9,23,2,9
1,<environment.Job instance at 0x7f7e56528b40>,9,3,[3 6],10,23,26,13,10
1,<environment.Job instance at 0x7f7e56528320>,10,3,[7 3],11,23,26,12,11
1,<environment.Job instance at 0x7f7e590aa500>,14,13,[1 9],15,26,39,11,26
1,<environment.Job instance at 0x7f7e56528410>,12,12,[3 8],13,39,51,26,28
1,<environment.Job instance at 0x7f7e590aad20>,21,15,[3 5],22,51,66,29,45
1,<environment.Job instance at 0x7f7e590aaa50>,24,15,[5 7],25,66,81,41,52
1,<environment.Job instance at 0x7f7e590aaaf0>,27,18,[1 7],28,81,99,53,70
1,<environment.Job instance at 0x7f7e56544af0>,34,1,[5 7],35,99,100,64,94
1,<environment.Job instance at 0x7f7e5da9b4b0>,2,2,[7 4],3,3,5,0,3
1,<environment.Job instance at 0x7f7e128fd550>,4,2,[9 2],5,6,8,1,6
1,<environment.Job instance at 0x7f7e5656ccd0>,3,3,[5 5],4,8,11,4,8
1,<environment.Job instance at 0x7f7e12b21960>,8,17,[2 6],9,12,29,3,12
1,<environment.Job instance at 0x7f7e5690c410>,13,17,[5 3],14,14,31,0,14
1,<environment.Job instance at 0x7f7e58c35e10>,15,13,[8 5],16,31,44,15,16
1,<environment.Job instance at 0x7f7e58c35c80>,17,14,[2 5],18,29,43,11,24
1,<environment.Job instance at 0x7f7e12c18140>,19,3,[5 9],20,44,47,24,24
1,<environment.Job instance at 0x7f7e12e52460>,20,2,[6 4],21,47,49,26,24
1,<environment.Job instance at 0x7f7e12e527d0>,21,2,[3 5],22,47,49,25,25
1,<environment.Job instance at 0x7f7e5672a2d0>,22,15,[2 5],23,49,64,26,35
1,<environment.Job instance at 0x7f7e12b21370>,5,13,[3 9],6,64,77,58,48
1,<environment.Job instance at 0x7f7e56a96c80>,28,13,[6 1],29,54,67,25,54
1,<environment.Job instance at 0x7f7e12f2c820>,31,13,[6 5],32,77,90,45,61
1,<environment.Job instance at 0x7f7e12f95e10>,33,15,[6 1],34,90,105,56,78
1,<environment.Job instance at 0x7f7e58de8be0>,35,3,[9 4],36,105,108,69,79
1,<environment.Job instance at 0x7f7e58de8910>,38,17,[7 2],39,108,125,69,97
1,<environment.Job instance at 0x7f7e58e47640>,0,2,[2 7],1,1,3,0,1
1,<environment.Job instance at 0x7f7e58de88c0>,1,12,[1 8],2,6,18,4,6
1,<environment.Job instance at 0x7f7e56acecd0>,11,3,[5 2],12,12,15,0,12
1,<environment.Job instance at 0x7f7e56acef50>,9,12,[4 6],10,18,30,8,13
1,<environment.Job instance at 0x7f7e56aceeb0>,10,13,[5 3],11,18,31,7,13
1,<environment.Job instance at 0x7f7e56aa8140>,13,3,[4 7],14,30,33,16,14
1,<environment.Job instance at 0x7f7e56aa8190>,12,17,[9 4],13,33,50,20,21
1,<environment.Job instance at 0x7f7e56aa8460>,18,2,[5 8],19,50,52,31,23
1,<environment.Job instance at 0x7f7e56aa8b40>,22,2,[8 4],23,52,54,29,27
1,<environment.Job instance at 0x7f7e56aa8500>,15,16,[9 4],16,54,70,38,42
1,<environment.Job instance at 0x7f7e58e47be0>,5,15,[ 1 10],6,70,85,64,56
1,<environment.Job instance at 0x7f7e56ac2550>,33,15,[5 5],34,85,100,51,71
1,<environment.Job instance at 0x7f7e56ac2500>,34,12,[9 1],35,100,112,65,83
1,<environment.Job instance at 0x7f7e56ac2af0>,3,18,[5 5],4,4,22,0,4
1,<environment.Job instance at 0x7f7e5929c3c0>,8,18,[1 5],9,9,27,0,9
1,<environment.Job instance at 0x7f7e12ded1e0>,9,18,[9 5],10,22,40,12,11
1,<environment.Job instance at 0x7f7e12dedb90>,12,13,[9 4],13,40,53,27,25
1,<environment.Job instance at 0x7f7e12ded410>,14,16,[2 7],15,53,69,38,40
1,<environment.Job instance at 0x7f7e56455aa0>,23,1,[10  1],24,69,70,45,55
1,<environment.Job instance at 0x7f7e56455730>,18,16,[8 3],19,70,86,51,57
1,<environment.Job instance at 0x7f7e58e55aa0>,26,2,[5 9],27,86,88,59,59
1,<environment.Job instance at 0x7f7e12df8500>,29,14,[5 1],30,86,100,56,83
1,<environment.Job instance at 0x7f7e12df8960>,30,3,[5 7],31,88,91,57,83
1,<environment.Job instance at 0x7f7e58e55cd0>,25,18,[5 5],26,91,109,65,83
1,<environment.Job instance at 0x7f7e58d45c80>,35,12,[7 1],36,109,121,73,92
1,<environment.Job instance at 0x7f7e58c45c30>,6,3,[5 8],7,7,10,0,7
1,<environment.Job instance at 0x7f7e12cb94b0>,8,3,[6 1],9,10,13,1,9
1,<environment.Job instance at 0x7f7e12ba9780>,12,3,[5 9],13,20,23,7,20
1,<environment.Job instance at 0x7f7e12ba9500>,14,3,[2 7],15,23,26,8,23
1,<environment.Job instance at 0x7f7e56933f00>,16,12,[3 9],17,36,48,19,36
1,<environment.Job instance at 0x7f7e569335f0>,18,16,[4 8],19,48,64,29,40
1,<environment.Job instance at 0x7f7e564b2460>,21,3,[2 6],22,64,67,42,40
1,<environment.Job instance at 0x7f7e56601140>,22,12,[6 1],23,45,57,22,45
1,<environment.Job instance at 0x7f7e12dc2a50>,23,3,[8 3],24,64,67,40,45
1,<environment.Job instance at 0x7f7e12dc2460>,26,1,[7 4],27,67,68,40,45
1,<environment.Job instance at 0x7f7e591fa230>,28,3,[2 7],29,68,71,39,50
1,<environment.Job instance at 0x7f7e591fab40>,29,18,[2 7],30,71,89,41,60
1,<environment.Job instance at 0x7f7e591fa500>,32,1,[5 1],33,62,63,29,62
1,<environment.Job instance at 0x7f7e58c23aa0>,33,16,[9 4],34,89,105,55,79
1,<environment.Job instance at 0x7f7e58c23a00>,35,1,[6 4],36,105,106,69,79
1,<environment.Job instance at 0x7f7e58c23780>,39,1,[8 1],40,79,80,39,79
1,<environment.Job instance at 0x7f7e5910ffa0>,42,15,[ 2 10],43,106,121,63,92
1,<environment.Job instance at 0x7f7e566524b0>,1,2,[1 5],2,2,4,0,2
1,<environment.Job instance at 0x7f7e592f5460>,6,17,[3 5],7,9,26,2,9
1,<environment.Job instance at 0x7f7e56699690>,9,1,[4 5],10,10,11,0,10
1,<environment.Job instance at 0x7f7e56699780>,10,13,[5 6],11,26,39,15,11
1,<environment.Job instance at 0x7f7e56699b90>,16,3,[5 1],17,23,26,6,23
1,<environment.Job instance at 0x7f7e56699cd0>,17,1,[2 6],18,39,40,21,24
1,<environment.Job instance at 0x7f7e56699c30>,15,15,[8 1],16,39,54,23,25
1,<environment.Job instance at 0x7f7e56699f50>,19,15,[6 2],20,54,69,34,40
1,<environment.Job instance at 0x7f7e566c16e0>,26,15,[3 5],27,54,69,27,47
1,<environment.Job instance at 0x7f7e566c18c0>,29,14,[5 4],30,69,83,39,63
1,<environment.Job instance at 0x7f7e56699eb0>,18,18,[5 5],19,69,87,50,65
1,<environment.Job instance at 0x7f7e566c1870>,32,16,[9 4],33,87,103,54,74
1,<environment.Job instance at 0x7f7e566ab1e0>,40,3,[2 8],41,103,106,62,93
1,<environment.Job instance at 0x7f7e566ab0a0>,41,13,[7 4],42,106,119,64,93
1,<environment.Job instance at 0x7f7e566ab500>,45,3,[7 5],46,119,122,73,94
1,<environment.Job instance at 0x7f7e566c6e60>,1,3,[8 5],2,2,5,0,2
1,<environment.Job instance at 0x7f7e565de4b0>,6,1,[5 5],7,8,9,1,8
1,<environment.Job instance at 0x7f7e12c35be0>,8,3,[ 1 10],9,11,14,2,11
1,<environment.Job instance at 0x7f7e12c355a0>,9,3,[9 3],10,14,17,4,11
1,<environment.Job instance at 0x7f7e12c35d20>,11,3,[1 8],12,17,20,5,13
1,<environment.Job instance at 0x7f7e565de0a0>,7,15,[6 2],8,17,32,9,14
1,<environment.Job instance at 0x7f7e56ade6e0>,13,3,[3 8],14,33,36,19,33
1,<environment.Job instance at 0x7f7e56adeb90>,18,2,[6 3],19,36,38,17,33
1,<environment.Job instance at 0x7f7e56ade460>,19,2,[1 9],20,38,40,18,33
1,<environment.Job instance at 0x7f7e56aded20>,20,12,[5 6],21,40,52,19,33
1,<environment.Job instance at 0x7f7e5689b280>,22,1,[5 9],23,52,53,29,36
1,<environment.Job instance at 0x7f7e5689b910>,23,1,[2 6],24,36,37,12,36
1,<environment.Job instance at 0x7f7e56ade7d0>,14,12,[9 1],15,53,65,38,37
1,<environment.Job instance at 0x7f7e5689b9b0>,26,18,[6 4],27,65,83,38,54
1,<environment.Job instance at 0x7f7e5689b550>,29,3,[1 7],30,83,86,53,64
1,<environment.Job instance at 0x7f7e5689b7d0>,30,2,[1 6],31,65,67,34,65
1,<environment.Job instance at 0x7f7e58c57f50>,33,2,[2 7],34,86,88,52,72
1,<environment.Job instance at 0x7f7e58c57c30>,34,3,[10  5],35,88,91,53,72
1,<environment.Job instance at 0x7f7e58c57d70>,36,12,[8 4],37,91,103,54,74
1,<environment.Job instance at 0x7f7e58c57d20>,37,16,[1 8],38,103,119,65,90
1,<environment.Job instance at 0x7f7e58c57960>,38,2,[4 6],39,119,121,80,92
1,<environment.Job instance at 0x7f7e58d4f0f0>,42,14,[9 2],43,103,117,60,93
1,<environment.Job instance at 0x7f7e58d4fa50>,44,2,[6 1],45,117,119,72,95
1,<environment.Job instance at 0x7f7e12b138c0>,4,3,[9 3],5,5,8,0,5
1,<environment.Job instance at 0x7f7e58befaf0>,6,1,[5 2],7,8,9,1,8
1,<environment.Job instance at 0x7f7e58bef1e0>,7,13,[10  4],8,11,24,3,11
1,<environment.Job instance at 0x7f7e58bef460>,9,13,[8 2],10,24,37,14,14
1,<environment.Job instance at 0x7f7e58bef190>,12,16,[5 4],13,37,53,24,24
1,<environment.Job instance at 0x7f7e566ba230>,18,2,[1 9],19,53,55,34,26
1,<environment.Job instance at 0x7f7e566ba050>,17,18,[1 6],18,26,44,8,26
1,<environment.Job instance at 0x7f7e566ba910>,19,14,[5 1],20,44,58,24,31
1,<environment.Job instance at 0x7f7e566ba640>,21,2,[ 5 10],22,58,60,36,31
1,<environment.Job instance at 0x7f7e566ba550>,23,3,[6 2],24,60,63,36,43
1,<environment.Job instance at 0x7f7e566badc0>,24,1,[7 4],25,63,64,38,43
1,<environment.Job instance at 0x7f7e566bad70>,25,3,[9 2],26,64,67,38,43
1,<environment.Job instance at 0x7f7e12b21820>,27,3,[8 1],28,67,70,39,50
1,<environment.Job instance at 0x7f7e12b13aa0>,0,18,[6 4],1,70,88,69,59
1,<environment.Job instance at 0x7f7e56a1f280>,34,1,[5 5],35,88,89,53,73
1,<environment.Job instance at 0x7f7e12b21dc0>,29,18,[6 2],30,89,107,59,78
1,<environment.Job instance at 0x7f7e12807cd0>,39,2,[8 2],40,107,109,67,89
1,<environment.Job instance at 0x7f7e12807690>,40,2,[5 4],41,109,111,68,89
1,<environment.Job instance at 0x7f7e128078c0>,41,2,[6 1],42,111,113,69,89
1,<environment.Job instance at 0x7f7e12807370>,42,12,[1 9],43,111,123,68,95
1,<environment.Job instance at 0x7f7e128072d0>,43,1,[7 3],44,123,124,79,95
1,<environment.Job instance at 0x7f7e12807320>,44,2,[2 5],45,95,97,50,95
1,<environment.Job instance at 0x7f7e12b29190>,3,3,[5 3],4,4,7,0,4
1,<environment.Job instance at 0x7f7e59292230>,2,18,[2 5],3,5,23,2,5
1,<environment.Job instance at 0x7f7e56793190>,5,1,[6 1],6,7,8,1,6
1,<environment.Job instance at 0x7f7e56793820>,6,1,[ 5 10],7,23,24,16,7
1,<environment.Job instance at 0x7f7e56793230>,11,15,[5 2],12,24,39,12,14
1,<environment.Job instance at 0x7f7e59053320>,16,1,[5 9],17,39,40,22,21
1,<environment.Job instance at 0x7f7e56757410>,17,2,[10  2],18,40,42,22,23
1,<environment.Job instance at 0x7f7e56a9ceb0>,18,2,[8 5],19,42,44,23,25
1,<environment.Job instance at 0x7f7e56757f00>,19,17,[9 4],20,44,61,24,35
1,<environment.Job instance at 0x7f7e5677f7d0>,28,13,[8 2],29,61,74,32,48
1,<environment.Job instance at 0x7f7e590855f0>,30,2,[8 2],31,74,76,43,58
1,<environment.Job instance at 0x7f7e59292b90>,4,14,[ 3 10],5,76,90,71,62
1,<environment.Job instance at 0x7f7e56a37820>,37,15,[10  4],38,90,105,52,76
1,<environment.Job instance at 0x7f7e566cb780>,20,13,[10  1],21,105,118,84,89
1,<environment.Job instance at 0x7f7e58d1f870>,2,3,[2 8],3,3,6,0,3
1,<environment.Job instance at 0x7f7e12a19960>,6,16,[1 5],7,8,24,1,8
1,<environment.Job instance at 0x7f7e58cf1640>,7,2,[5 2],8,8,10,0,8
1,<environment.Job instance at 0x7f7e56a37190>,4,17,[8 5],5,10,27,5,9
1,<environment.Job instance at 0x7f7e12a19a00>,8,13,[10  4],9,27,40,18,12
1,<environment.Job instance at 0x7f7e12a19b40>,11,12,[7 2],12,40,52,28,23
1,<environment.Job instance at 0x7f7e12f49a00>,19,12,[7 5],20,52,64,32,38
1,<environment.Job instance at 0x7f7e5656c730>,24,15,[6 2],25,64,79,39,52
1,<environment.Job instance at 0x7f7e12a4ce60>,31,17,[5 8],32,79,96,47,67
1,<environment.Job instance at 0x7f7e12b99140>,14,18,[ 4 10],15,96,114,81,88
1,<environment.Job instance at 0x7f7e12fa9230>,36,14,[4 7],37,114,128,77,99
1,<environment.Job instance at 0x7f7e12a03c80>,6,12,[9 1],7,7,19,0,7
1,<environment.Job instance at 0x7f7e58febc30>,7,3,[1 6],8,8,11,0,8
1,<environment.Job instance at 0x7f7e12bf4140>,14,2,[7 5],15,21,23,6,21
1,<environment.Job instance at 0x7f7e12bf4690>,17,1,[10  1],18,29,30,11,29
1,<environment.Job instance at 0x7f7e58febb40>,11,13,[9 3],12,30,43,18,29
1,<environment.Job instance at 0x7f7e12bf46e0>,20,2,[10  4],21,43,45,22,29
1,<environment.Job instance at 0x7f7e12bf41e0>,21,17,[ 2 10],22,45,62,23,34
1,<environment.Job instance at 0x7f7e12bf4e60>,23,12,[3 9],24,62,74,38,45
1,<environment.Job instance at 0x7f7e12c2a460>,25,18,[4 6],26,74,92,48,63
1,<environment.Job instance at 0x7f7e58feb1e0>,8,18,[10  4],9,92,110,83,85
1,<environment.Job instance at 0x7f7e1301dd20>,32,13,[5 3],33,110,123,77,95
1,<environment.Job instance at 0x7f7e1301d050>,33,3,[6 5],34,123,126,89,97
1,<environment.Job instance at 0x7f7e1301db40>,3,3,[7 1],4,4,7,0,4
1,<environment.Job instance at 0x7f7e56720640>,4,12,[7 1],5,7,19,2,7
1,<environment.Job instance at 0x7f7e56720500>,7,1,[8 4],8,19,20,11,8
1,<environment.Job instance at 0x7f7e56720e10>,8,12,[7 5],9,20,32,11,10
1,<environment.Job instance at 0x7f7e56720be0>,9,2,[3 9],10,10,12,0,10
1,<environment.Job instance at 0x7f7e5673f050>,14,2,[8 5],15,32,34,17,16
1,<environment.Job instance at 0x7f7e5673f820>,17,14,[5 6],18,34,48,16,19
1,<environment.Job instance at 0x7f7e1268b870>,0,15,[5 5],1,48,63,47,34
1,<environment.Job instance at 0x7f7e5673ffa0>,20,15,[3 7],21,63,78,42,51
1,<environment.Job instance at 0x7f7e5672d410>,21,3,[6 5],22,78,81,56,52
1,<environment.Job instance at 0x7f7e126f94b0>,25,3,[8 5],26,81,84,55,65
1,<environment.Job instance at 0x7f7e56b2ad20>,26,15,[4 6],27,84,99,57,71
1,<environment.Job instance at 0x7f7e56b4d550>,32,15,[6 2],33,86,101,53,86
1,<environment.Job instance at 0x7f7e5673f8c0>,16,17,[4 8],17,99,116,82,88
1,<environment.Job instance at 0x7f7e12d729b0>,36,14,[6 2],37,101,115,64,96
1,<environment.Job instance at 0x7f7e12c595f0>,2,14,[3 7],3,4,18,1,4
1,<environment.Job instance at 0x7f7e12807aa0>,7,1,[7 5],8,18,19,10,8
1,<environment.Job instance at 0x7f7e5937bcd0>,8,1,[10  1],9,19,20,10,9
1,<environment.Job instance at 0x7f7e5937bb40>,9,3,[3 5],10,20,23,10,10
1,<environment.Job instance at 0x7f7e12807910>,10,3,[ 2 10],11,23,26,12,11
1,<environment.Job instance at 0x7f7e12ab1c80>,12,14,[6 2],13,26,40,13,13
1,<environment.Job instance at 0x7f7e12ff85a0>,18,12,[6 3],19,40,52,21,23
1,<environment.Job instance at 0x7f7e1279f1e0>,19,3,[7 4],20,52,55,32,26
1,<environment.Job instance at 0x7f7e1264e690>,21,3,[4 5],22,28,31,6,28
1,<environment.Job instance at 0x7f7e12693eb0>,22,3,[10  3],23,55,58,32,29
1,<environment.Job instance at 0x7f7e56a94dc0>,26,14,[10  3],27,58,72,31,43
1,<environment.Job instance at 0x7f7e1265de60>,27,17,[5 6],28,72,89,44,60
1,<environment.Job instance at 0x7f7e12c4c2d0>,31,17,[9 3],32,89,106,57,77
1,<environment.Job instance at 0x7f7e12c4caa0>,35,3,[9 3],36,106,109,70,80
1,<environment.Job instance at 0x7f7e12e39870>,37,3,[6 1],38,109,112,71,90
1,<environment.Job instance at 0x7f7e12e39910>,38,12,[ 1 10],39,112,124,73,95
1,<environment.Job instance at 0x7f7e12e39f00>,39,3,[5 3],40,124,127,84,98
1,<environment.Job instance at 0x7f7e12e39690>,3,1,[8 3],4,4,5,0,4
1,<environment.Job instance at 0x7f7e56527460>,7,15,[6 2],8,8,23,0,8
1,<environment.Job instance at 0x7f7e58d101e0>,2,18,[2 5],3,9,27,6,9
1,<environment.Job instance at 0x7f7e12e39f00>,5,15,[8 4],6,23,38,17,9
1,<environment.Job instance at 0x7f7e56527410>,10,16,[1 6],11,27,43,16,16
1,<environment.Job instance at 0x7f7e56527820>,14,18,[9 3],15,38,56,23,27
1,<environment.Job instance at 0x7f7e567cc550>,20,14,[1 7],21,43,57,22,32
1,<environment.Job instance at 0x7f7e56527870>,15,16,[3 8],16,57,73,41,44
1,<environment.Job instance at 0x7f7e56527a50>,12,15,[10  3],13,73,88,60,62
1,<environment.Job instance at 0x7f7e12785d20>,31,13,[1 7],32,88,101,56,72
1,<environment.Job instance at 0x7f7e58f221e0>,32,2,[5 3],33,88,90,55,72
1,<environment.Job instance at 0x7f7e58f22410>,34,14,[5 3],35,90,104,55,81
1,<environment.Job instance at 0x7f7e12785280>,30,15,[3 7],31,101,116,70,87
1,<environment.Job instance at 0x7f7e12b1ff50>,2,14,[10  5],3,6,20,3,6
1,<environment.Job instance at 0x7f7e1298b870>,4,17,[4 9],5,20,37,15,9
1,<environment.Job instance at 0x7f7e125cdcd0>,11,3,[9 2],12,37,40,25,23
1,<environment.Job instance at 0x7f7e5671a190>,13,15,[5 3],14,40,55,26,26
1,<environment.Job instance at 0x7f7e12f0c780>,15,3,[6 3],16,55,58,39,29
1,<environment.Job instance at 0x7f7e12f0cbe0>,14,3,[10  5],15,58,61,43,32
1,<environment.Job instance at 0x7f7e12f0caf0>,17,2,[9 5],18,61,63,43,34
1,<environment.Job instance at 0x7f7e12f0cc30>,19,1,[1 5],20,37,38,17,34
1,<environment.Job instance at 0x7f7e12f0c1e0>,18,18,[6 4],19,63,81,44,52
1,<environment.Job instance at 0x7f7e12f0c910>,24,1,[1 7],25,52,53,27,52
1,<environment.Job instance at 0x7f7e12f0ceb0>,27,18,[5 3],28,81,99,53,70
1,<environment.Job instance at 0x7f7e12bea9b0>,30,12,[2 6],31,76,88,45,76
1,<environment.Job instance at 0x7f7e12beaeb0>,32,16,[8 1],33,99,115,66,88
1,<environment.Job instance at 0x7f7e1277c190>,34,13,[8 1],35,115,128,80,99
1,<environment.Job instance at 0x7f7e1277c050>,36,16,[2 7],37,99,115,62,99
1,<environment.Job instance at 0x7fc1937e40f0>,2,12,[5 4],3,3,15,0,3
1,<environment.Job instance at 0x7fc18e3d4230>,5,13,[5 9],6,15,28,9,6
1,<environment.Job instance at 0x7fc1937e4190>,4,18,[10  4],5,28,46,23,18
1,<environment.Job instance at 0x7fc18e3d4910>,12,3,[6 3],13,46,49,33,37
1,<environment.Job instance at 0x7fc18e3d4a50>,13,13,[1 8],14,49,62,35,37
1,<environment.Job instance at 0x7fc18e3d4be0>,16,12,[1 8],17,62,74,45,45
1,<environment.Job instance at 0x7fc19386b690>,3,18,[ 3 10],4,74,92,70,72
1,<environment.Job instance at 0x7fc18e3d4d20>,24,3,[5 9],25,92,95,67,75
1,<environment.Job instance at 0x7fc18e3d6050>,25,3,[1 6],26,95,98,69,75
1,<environment.Job instance at 0x7fc18e3d60f0>,27,2,[6 4],28,95,97,67,76
1,<environment.Job instance at 0x7fc18e3d6230>,28,2,[5 9],29,98,100,69,76
1,<environment.Job instance at 0x7fc18e3d64b0>,30,1,[5 5],31,100,101,69,76
1,<environment.Job instance at 0x7fc18e3d63c0>,31,17,[4 9],32,101,118,69,98
1,<environment.Job instance at 0x7fc18e3d65f0>,34,3,[9 5],35,118,121,83,99
1,<environment.Job instance at 0x7fc18e3d6500>,35,16,[8 1],36,121,137,85,108
1,<environment.Job instance at 0x7fc193952cd0>,3,3,[1 6],4,6,9,2,6
1,<environment.Job instance at 0x7fc1939581e0>,6,15,[9 2],7,11,26,4,11
1,<environment.Job instance at 0x7fc193958c30>,10,2,[5 6],11,26,28,15,12
1,<environment.Job instance at 0x7fc193958a50>,9,16,[1 8],10,28,44,18,15
1,<environment.Job instance at 0x7fc19395e910>,15,15,[5 3],16,44,59,28,30
1,<environment.Job instance at 0x7fc19395e0f0>,19,14,[8 1],20,59,73,39,44
1,<environment.Job instance at 0x7fc19380ce60>,24,15,[10  5],25,73,88,48,59
1,<environment.Job instance at 0x7fc148684e10>,0,2,[4 5],1,2,4,1,2
1,<environment.Job instance at 0x7fc148684910>,7,1,[7 2],8,8,9,0,8
1,<environment.Job instance at 0x7fc148622f50>,9,12,[5 4],10,11,23,1,11
1,<environment.Job instance at 0x7fc148622640>,10,15,[7 4],11,23,38,12,12
1,<environment.Job instance at 0x7fc148622c30>,11,13,[3 6],12,13,26,1,13
1,<environment.Job instance at 0x7fc1486f20a0>,15,12,[2 6],16,26,38,10,23
1,<environment.Job instance at 0x7fc1486f21e0>,17,3,[4 9],18,38,41,20,23
1,<environment.Job instance at 0x7fc1486848c0>,3,15,[5 6],4,41,56,37,27
1,<environment.Job instance at 0x7fc1486f25f0>,21,16,[7 4],22,56,72,34,43
1,<environment.Job instance at 0x7fc1486f20f0>,23,18,[1 6],24,57,75,33,57
1,<environment.Job instance at 0x7fc1486f2690>,26,17,[2 6],27,75,92,48,63
1,<environment.Job instance at 0x7fc1486f2a00>,27,16,[2 8],28,92,108,64,79
1,<environment.Job instance at 0x7fc148623a50>,32,13,[2 5],33,108,121,75,93
1,<environment.Job instance at 0x7fc1486230f0>,33,14,[3 5],34,108,122,74,93
1,<environment.Job instance at 0x7fc148b8a460>,0,13,[ 4 10],1,7,20,6,7
1,<environment.Job instance at 0x7fc148b8ad20>,6,2,[3 5],7,20,22,13,7
1,<environment.Job instance at 0x7fc148b25be0>,11,15,[3 5],12,20,35,8,12
1,<environment.Job instance at 0x7fc148b2d7d0>,14,12,[3 5],15,22,34,7,15
1,<environment.Job instance at 0x7fc148b2d0f0>,17,2,[5 9],18,35,37,17,21
1,<environment.Job instance at 0x7fc148b2d320>,15,17,[6 3],16,37,54,21,26
1,<environment.Job instance at 0x7fc148b2dbe0>,21,14,[3 6],22,37,51,15,26
1,<environment.Job instance at 0x7fc148b2de10>,25,16,[2 6],26,51,67,25,38
1,<environment.Job instance at 0x7fc148a95af0>,28,16,[3 6],29,67,83,38,54
1,<environment.Job instance at 0x7fc148a95e10>,32,2,[1 5],33,83,85,50,56
1,<environment.Job instance at 0x7fc148a95eb0>,35,12,[2 5],36,83,95,47,69
1,<environment.Job instance at 0x7fc148a955f0>,36,3,[2 7],37,95,98,58,69
1,<environment.Job instance at 0x7fc148a7ed70>,38,3,[4 7],39,98,101,59,79
1,<environment.Job instance at 0x7fc148a7ef00>,39,18,[ 2 10],40,101,119,61,90
1,<environment.Job instance at 0x7fc148799c80>,46,15,[4 9],47,119,134,72,106
1,<environment.Job instance at 0x7fc148799190>,2,2,[3 5],3,3,5,0,3
1,<environment.Job instance at 0x7fc18e530960>,0,3,[9 1],1,5,8,4,4
1,<environment.Job instance at 0x7fc148ac4640>,7,3,[10  3],8,8,11,0,8
1,<environment.Job instance at 0x7fc148ac4a50>,11,3,[9 3],12,12,15,0,12
1,<environment.Job instance at 0x7fc148ac4c30>,13,13,[9 5],14,15,28,1,14
1,<environment.Job instance at 0x7fc148ac4d20>,14,15,[ 1 10],15,28,43,13,15
1,<environment.Job instance at 0x7fc148ac4eb0>,16,2,[9 2],17,43,45,26,18
1,<environment.Job instance at 0x7fc148ada370>,19,3,[8 5],20,45,48,25,20
1,<environment.Job instance at 0x7fc148ac4f50>,17,2,[5 2],18,48,50,30,22
1,<environment.Job instance at 0x7fc148ada730>,23,14,[3 6],24,48,62,24,35
1,<environment.Job instance at 0x7fc148ada4b0>,25,1,[3 6],26,62,63,36,35
1,<environment.Job instance at 0x7fc148adac80>,27,13,[6 5],28,63,76,35,48
1,<environment.Job instance at 0x7fc148adad20>,28,2,[7 3],29,50,52,21,48
1,<environment.Job instance at 0x7fc148adaf00>,31,14,[1 9],32,76,90,44,62
1,<environment.Job instance at 0x7fc148adaeb0>,34,17,[7 4],35,90,107,55,79
1,<environment.Job instance at 0x7fc148acf4b0>,38,12,[5 6],39,107,119,68,93
1,<environment.Job instance at 0x7fc148a5dd70>,4,2,[10  3],5,5,7,0,5
1,<environment.Job instance at 0x7fc148a5df50>,2,3,[4 9],3,7,10,4,5
1,<environment.Job instance at 0x7fc148a5d4b0>,0,3,[1 6],1,10,13,9,6
1,<environment.Job instance at 0x7fc148a5d9b0>,7,18,[3 6],8,13,31,5,8
1,<environment.Job instance at 0x7fc148a62870>,8,14,[6 4],9,10,24,1,10
1,<environment.Job instance at 0x7fc148a5de10>,3,12,[ 2 10],4,31,43,27,15
1,<environment.Job instance at 0x7fc148acf5f0>,6,16,[2 6],7,43,59,36,32
1,<environment.Job instance at 0x7fc148a625f0>,14,14,[7 5],15,59,73,44,44
1,<environment.Job instance at 0x7fc148a62a50>,15,12,[6 1],16,73,85,57,56
1,<environment.Job instance at 0x7fc148a62a00>,10,18,[5 9],11,85,103,74,75
1,<environment.Job instance at 0x7fc148a6f870>,25,17,[ 5 10],26,103,120,77,94
1,<environment.Job instance at 0x7fc148a6f4b0>,26,17,[ 1 10],27,120,137,93,108
1,<environment.Job instance at 0x7fc18e7ecf50>,5,3,[10  4],6,6,9,0,6
1,<environment.Job instance at 0x7fc18e7ec780>,7,2,[ 2 10],8,9,11,1,8
1,<environment.Job instance at 0x7fc1911004b0>,11,2,[2 6],12,22,24,10,22
1,<environment.Job instance at 0x7fc18e7ec730>,4,13,[1 8],5,24,37,19,22
1,<environment.Job instance at 0x7fc18e7ecb90>,6,14,[1 7],7,37,51,30,24
1,<environment.Job instance at 0x7fc18e7ec4b0>,9,16,[5 3],10,37,53,27,29
1,<environment.Job instance at 0x7fc1911008c0>,13,16,[8 5],14,53,69,39,40
1,<environment.Job instance at 0x7fc148b4b870>,21,12,[5 6],22,69,81,47,52
1,<environment.Job instance at 0x7fc18e7be320>,20,14,[1 8],21,81,95,60,66
1,<environment.Job instance at 0x7fc18e1ca870>,28,14,[9 1],29,81,95,52,67
1,<environment.Job instance at 0x7fc148b4b3c0>,18,17,[3 9],19,95,112,76,83
1,<environment.Job instance at 0x7fc18e69b780>,38,18,[6 5],39,112,130,73,101
1,<environment.Job instance at 0x7fc18e582d70>,2,3,[4 8],3,4,7,1,4
1,<environment.Job instance at 0x7fc18e82e280>,6,1,[5 1],7,7,8,0,7
1,<environment.Job instance at 0x7fc18e82e4b0>,8,3,[2 6],9,10,13,1,10
1,<environment.Job instance at 0x7fc18e5825f0>,3,13,[5 5],4,13,26,9,11
1,<environment.Job instance at 0x7fc18e82e640>,10,2,[3 9],11,26,28,15,11
1,<environment.Job instance at 0x7fc18e82e6e0>,13,3,[10  3],14,28,31,14,16
1,<environment.Job instance at 0x7fc18e82e960>,14,13,[5 3],15,31,44,16,16
1,<environment.Job instance at 0x7fc18e82ed20>,17,3,[7 5],18,44,47,26,20
1,<environment.Job instance at 0x7fc18e82ec80>,16,14,[6 4],17,47,61,30,33
1,<environment.Job instance at 0x7fc18e82c910>,28,12,[ 4 10],29,61,73,32,46
1,<environment.Job instance at 0x7fc18e82c370>,22,17,[6 4],23,73,90,50,61
1,<environment.Job instance at 0x7fc18e82d0f0>,36,13,[3 9],37,90,103,53,76
1,<environment.Job instance at 0x7fc18e82d3c0>,41,3,[1 9],42,103,106,61,83
1,<environment.Job instance at 0x7fc18e82d460>,42,13,[9 4],43,106,119,63,90
1,<environment.Job instance at 0x7fc18e82d5a0>,44,16,[2 7],45,119,135,74,107
1,<environment.Job instance at 0x7fc18e82db90>,3,2,[3 5],4,4,6,0,4
1,<environment.Job instance at 0x7fc18e82d820>,2,15,[5 9],3,6,21,3,6
1,<environment.Job instance at 0x7fc18e3f2190>,7,2,[6 3],8,21,23,13,8
1,<environment.Job instance at 0x7fc148ba59b0>,10,2,[5 4],11,23,25,12,11
1,<environment.Job instance at 0x7fc18e6c6460>,16,2,[7 1],17,25,27,8,17
1,<environment.Job instance at 0x7fc148b5ab40>,18,16,[7 2],19,27,43,8,20
1,<environment.Job instance at 0x7fc148747dc0>,19,1,[1 8],20,25,26,5,20
1,<environment.Job instance at 0x7fc148747870>,17,18,[3 8],18,26,44,8,21
1,<environment.Job instance at 0x7fc148892af0>,28,3,[6 1],29,43,46,14,29
1,<environment.Job instance at 0x7fc18e55ff50>,29,3,[8 2],30,46,49,16,30
1,<environment.Job instance at 0x7fc1487a2b90>,32,3,[5 9],33,49,52,16,42
1,<environment.Job instance at 0x7fc18e3c3b90>,25,18,[9 2],26,52,70,26,42
1,<environment.Job instance at 0x7fc1487a2aa0>,33,16,[8 1],34,70,86,36,62
1,<environment.Job instance at 0x7fc190ac2280>,40,15,[2 8],41,70,85,29,65
1,<environment.Job instance at 0x7fc18e13c8c0>,45,16,[10  5],46,86,102,40,73
1,<environment.Job instance at 0x7fc18e13cfa0>,48,3,[2 7],49,102,105,53,76
1,<environment.Job instance at 0x7fc190bd2280>,50,15,[4 7],51,105,120,54,92
1,<environment.Job instance at 0x7fc190bd27d0>,54,13,[8 2],55,120,133,65,104
1,<environment.Job instance at 0x7fc14895b910>,58,13,[2 5],59,120,133,61,106
1,<environment.Job instance at 0x7fc148808960>,5,3,[5 6],6,6,9,0,6
1,<environment.Job instance at 0x7fc18e6e5c80>,6,1,[2 6],7,9,10,2,7
1,<environment.Job instance at 0x7fc18e1e2640>,15,3,[9 2],16,16,19,0,16
1,<environment.Job instance at 0x7fc1488089b0>,9,17,[2 6],10,19,36,9,17
1,<environment.Job instance at 0x7fc18e4e3c30>,19,1,[4 5],20,36,37,16,22
1,<environment.Job instance at 0x7fc18e2149b0>,20,13,[5 6],21,37,50,16,22
1,<environment.Job instance at 0x7fc1489ec8c0>,23,2,[5 1],24,34,36,10,34
1,<environment.Job instance at 0x7fc148b5a0f0>,24,13,[ 5 10],25,50,63,25,35
1,<environment.Job instance at 0x7fc19356b9b0>,25,15,[8 1],26,63,78,37,49
1,<environment.Job instance at 0x7fc18e214370>,18,15,[5 8],19,78,93,59,64
1,<environment.Job instance at 0x7fc18e189550>,31,15,[5 4],32,93,108,61,79
1,<environment.Job instance at 0x7fc14886c1e0>,36,15,[3 5],37,93,108,56,89
1,<environment.Job instance at 0x7fc18e884aa0>,6,1,[5 5],7,8,9,1,8
1,<environment.Job instance at 0x7fc18e884af0>,7,15,[6 2],8,11,26,3,11
1,<environment.Job instance at 0x7fc18e884820>,13,3,[3 8],14,15,18,1,15
1,<environment.Job instance at 0x7fc18e884d70>,14,12,[9 1],15,26,38,11,15
1,<environment.Job instance at 0x7fc18e848410>,19,2,[1 9],20,33,35,13,33
1,<environment.Job instance at 0x7fc18e848370>,16,14,[6 4],17,40,54,23,40
1,<environment.Job instance at 0x7fc18e8485f0>,22,1,[5 9],23,54,55,31,42
1,<environment.Job instance at 0x7fc18e848690>,23,1,[2 6],24,44,45,20,44
1,<environment.Job instance at 0x7fc18e848730>,24,13,[2 7],25,55,68,30,44
1,<environment.Job instance at 0x7fc18e8489b0>,28,14,[6 4],29,68,82,39,63
1,<environment.Job instance at 0x7fc18e848a50>,29,3,[1 7],30,82,85,52,63
1,<environment.Job instance at 0x7fc18e848af0>,30,2,[1 6],31,68,70,37,63
1,<environment.Job instance at 0x7fc18e85c0a0>,33,2,[2 7],34,85,87,51,64
1,<environment.Job instance at 0x7fc18e85c3c0>,34,3,[10  5],35,87,90,52,69
1,<environment.Job instance at 0x7fc148c859b0>,4,15,[10  2],5,90,105,85,77
1,<environment.Job instance at 0x7fc18e85c320>,35,16,[7 3],36,105,121,69,92
1,<environment.Job instance at 0x7fc18e85caa0>,43,16,[2 6],44,105,121,61,96
1,<environment.Job instance at 0x7fc18e85c460>,44,2,[6 1],45,121,123,76,96
1,<environment.Job instance at 0x7fc18e85ce60>,46,12,[2 7],47,121,133,74,108
1,<environment.Job instance at 0x7fc18e85caf0>,4,3,[10  2],5,5,8,0,5
1,<environment.Job instance at 0x7fc18e4551e0>,8,2,[1 9],9,9,11,0,9
1,<environment.Job instance at 0x7fc18e455eb0>,7,18,[1 6],8,12,30,4,12
1,<environment.Job instance at 0x7fc18e455140>,13,3,[6 2],14,14,17,0,14
1,<environment.Job instance at 0x7fc18e455190>,12,14,[7 3],13,17,31,4,15
1,<environment.Job instance at 0x7fc148cc0f00>,15,3,[9 2],16,31,34,15,30
1,<environment.Job instance at 0x7fc148cc05f0>,18,3,[10  4],19,34,37,15,30
1,<environment.Job instance at 0x7fc148cc0e10>,17,3,[8 1],18,37,40,19,30
1,<environment.Job instance at 0x7fc148cc0b90>,21,1,[2 5],22,37,38,15,31
1,<environment.Job instance at 0x7fc148cc0550>,19,18,[6 2],20,40,58,20,32
1,<environment.Job instance at 0x7fc148cc0be0>,22,13,[ 3 10],23,58,71,35,43
1,<environment.Job instance at 0x7fc18e20d190>,29,2,[8 2],30,71,73,41,52
1,<environment.Job instance at 0x7fc148d96aa0>,31,2,[6 1],32,73,75,41,52
1,<environment.Job instance at 0x7fc190b412d0>,33,1,[7 3],34,75,76,41,52
1,<environment.Job instance at 0x7fc190b41f00>,34,2,[2 5],35,52,54,17,52
1,<environment.Job instance at 0x7fc18e20dc30>,32,12,[1 9],33,76,88,43,61
1,<environment.Job instance at 0x7fc190b41780>,35,16,[4 9],36,88,104,52,75
1,<environment.Job instance at 0x7fc190b41500>,36,18,[5 5],37,104,122,67,93
1,<environment.Job instance at 0x7fc190c7fa50>,49,2,[6 1],50,95,97,45,95
1,<environment.Job instance at 0x7fc18e69c320>,51,3,[7 4],52,122,125,70,96
1,<environment.Job instance at 0x7fc18e1d98c0>,2,2,[5 3],3,3,5,0,3
1,<environment.Job instance at 0x7fc18e1d99b0>,7,3,[9 4],8,8,11,0,8
1,<environment.Job instance at 0x7fc18e1d9230>,8,13,[8 2],9,11,24,2,10
1,<environment.Job instance at 0x7fc18e1d9d20>,6,16,[5 6],7,24,40,17,12
1,<environment.Job instance at 0x7fc18e3d6a00>,11,16,[4 6],12,40,56,28,27
1,<environment.Job instance at 0x7fc18e3d6500>,21,1,[6 3],22,40,41,18,33
1,<environment.Job instance at 0x7fc18e4490a0>,22,14,[3 7],23,56,70,33,41
1,<environment.Job instance at 0x7fc18e3d60a0>,18,16,[ 5 10],19,70,86,51,57
1,<environment.Job instance at 0x7fc18e449eb0>,30,13,[2 8],31,86,99,55,71
1,<environment.Job instance at 0x7fc1910a7500>,34,13,[5 8],35,99,112,64,89
1,<environment.Job instance at 0x7fc1910a7460>,38,16,[9 1],39,112,128,73,106
1,<environment.Job instance at 0x7fc18e8a64b0>,4,16,[8 2],5,6,22,1,6
1,<environment.Job instance at 0x7fc18e61e5f0>,1,17,[5 8],2,22,39,20,12
1,<environment.Job instance at 0x7fc190a80410>,14,2,[1 9],15,39,41,24,20
1,<environment.Job instance at 0x7fc190a806e0>,15,14,[5 4],16,41,55,25,26
1,<environment.Job instance at 0x7fc190a80690>,18,3,[9 5],19,55,58,36,32
1,<environment.Job instance at 0x7fc190a80960>,19,3,[5 4],20,41,44,21,35
1,<environment.Job instance at 0x7fc190a5ee60>,21,12,[3 5],22,58,70,36,41
1,<environment.Job instance at 0x7fc190a5e5a0>,22,2,[1 9],23,70,72,47,43
1,<environment.Job instance at 0x7fc190a5ee10>,20,2,[3 5],21,44,46,23,43
1,<environment.Job instance at 0x7fc18e4e85f0>,25,2,[9 5],26,72,74,46,45
1,<environment.Job instance at 0x7fc190a5d2d0>,29,15,[6 4],30,74,89,44,60
1,<environment.Job instance at 0x7fc1488b8b40>,30,2,[7 5],31,60,62,29,60
1,<environment.Job instance at 0x7fc148574460>,36,17,[1 6],37,74,91,37,71
1,<environment.Job instance at 0x7fc18e3cdaa0>,9,13,[10  4],10,91,104,81,75
1,<environment.Job instance at 0x7fc190ecc730>,44,14,[ 5 10],45,104,118,59,90
1,<environment.Job instance at 0x7fc1488cba50>,47,15,[4 8],48,118,133,70,106
1,<environment.Job instance at 0x7fc190b45f00>,7,12,[6 5],8,8,20,0,8
1,<environment.Job instance at 0x7fc19105deb0>,9,3,[7 3],10,20,23,10,10
1,<environment.Job instance at 0x7fc18e2bf730>,11,12,[5 3],12,23,35,11,12
1,<environment.Job instance at 0x7fc148aa6820>,12,3,[5 8],13,35,38,22,13
1,<environment.Job instance at 0x7fc148a5edc0>,19,1,[5 6],20,26,27,6,26
1,<environment.Job instance at 0x7fc1483e2910>,20,18,[3 5],21,38,56,17,27
1,<environment.Job instance at 0x7fc18e5649b0>,22,3,[5 8],23,56,59,33,30
1,<environment.Job instance at 0x7fc1487a30a0>,23,14,[6 2],24,38,52,14,30
1,<environment.Job instance at 0x7fc1488d0550>,26,2,[5 3],27,32,34,5,32
1,<environment.Job instance at 0x7fc1488d0fa0>,28,12,[6 4],29,59,71,30,42
1,<environment.Job instance at 0x7fc1488d0e10>,31,13,[3 5],32,59,72,27,43
1,<environment.Job instance at 0x7fc190a850f0>,36,13,[6 4],37,71,84,34,55
1,<environment.Job instance at 0x7fc190a85b40>,39,12,[5 8],40,84,96,44,68
1,<environment.Job instance at 0x7fc190a854b0>,40,2,[5 4],41,96,98,55,69
1,<environment.Job instance at 0x7fc148c78050>,43,3,[6 1],44,98,101,54,73
1,<environment.Job instance at 0x7fc148c785a0>,45,3,[8 1],46,101,104,55,75
1,<environment.Job instance at 0x7fc190a5c3c0>,53,14,[ 5 10],54,104,118,50,93
1,<environment.Job instance at 0x7fc18e544cd0>,55,13,[7 4],56,118,131,62,102
1,<environment.Job instance at 0x7fc18e544780>,57,3,[6 5],58,131,134,73,105
1,<environment.Job instance at 0x7fc148b298c0>,0,2,[8 1],1,2,4,1,2
1,<environment.Job instance at 0x7fc14835ed70>,8,1,[5 3],9,19,20,10,19
1,<environment.Job instance at 0x7fc14835eeb0>,12,2,[5 4],13,26,28,13,26
1,<environment.Job instance at 0x7fc14835ee10>,13,15,[ 3 10],14,36,51,22,36
1,<environment.Job instance at 0x7fc14835e500>,15,14,[7 5],16,56,70,40,56
1,<environment.Job instance at 0x7fc14850a320>,21,3,[1 5],22,56,59,34,56
1,<environment.Job instance at 0x7fc14850a3c0>,22,12,[8 2],23,70,82,47,57
1,<environment.Job instance at 0x7fc14835e140>,14,12,[7 5],15,82,94,67,65
1,<environment.Job instance at 0x7fc14850a5a0>,32,1,[1 5],33,77,78,44,77
1,<environment.Job instance at 0x7fc14835fbe0>,33,12,[6 5],34,94,106,60,77
1,<environment.Job instance at 0x7fc14835faf0>,36,1,[7 4],37,106,107,69,89
1,<environment.Job instance at 0x7fc14850a8c0>,31,16,[8 4],32,107,123,75,97
1,<environment.Job instance at 0x7fc18e4640f0>,8,2,[3 8],9,22,24,13,22
1,<environment.Job instance at 0x7fc18e8fd500>,9,15,[9 1],10,24,39,14,22
1,<environment.Job instance at 0x7fc18e8fd2d0>,12,1,[3 6],13,39,40,26,22
1,<environment.Job instance at 0x7fc18e8fd3c0>,13,2,[5 5],14,40,42,26,22
1,<environment.Job instance at 0x7fc18e8fdfa0>,15,3,[2 8],16,42,45,26,25
1,<environment.Job instance at 0x7fc18e8fd550>,10,12,[10  4],11,45,57,34,30
1,<environment.Job instance at 0x7fc18e8fe190>,18,3,[4 5],19,57,60,38,32
1,<environment.Job instance at 0x7fc18e8fed70>,20,13,[3 7],21,60,73,39,49
1,<environment.Job instance at 0x7fc18e8fe870>,21,1,[7 2],22,60,61,38,49
1,<environment.Job instance at 0x7fc18e8fef50>,23,2,[4 9],24,73,75,49,55
1,<environment.Job instance at 0x7fc190a5ecd0>,5,12,[10  3],6,9,21,3,9
1,<environment.Job instance at 0x7fc18e22a0a0>,8,1,[1 5],9,21,22,12,10
1,<environment.Job instance at 0x7fc1909bdd20>,10,12,[4 5],11,21,33,10,12
1,<environment.Job instance at 0x7fc14849f320>,12,18,[1 5],13,22,40,9,16
1,<environment.Job instance at 0x7fc190e86230>,11,16,[1 5],12,33,49,21,20
1,<environment.Job instance at 0x7fc1483d2a50>,19,3,[9 3],20,40,43,20,25
1,<environment.Job instance at 0x7fc1483d2c80>,21,2,[5 2],22,43,45,21,25
1,<environment.Job instance at 0x7fc190eea4b0>,25,1,[3 5],26,45,46,19,27
1,<environment.Job instance at 0x7fc190eea550>,26,3,[8 4],27,46,49,19,29
1,<environment.Job instance at 0x7fc18e291690>,9,14,[2 5],10,49,63,39,34
1,<environment.Job instance at 0x7fc190eeac30>,28,3,[7 1],29,49,52,20,34
1,<environment.Job instance at 0x7fc190eea5a0>,29,3,[7 5],30,52,55,22,34
1,<environment.Job instance at 0x7fc1483d2be0>,18,16,[6 5],19,55,71,36,43
1,<environment.Job instance at 0x7fc190eea0f0>,32,14,[10  5],33,71,85,38,56
1,<environment.Job instance at 0x7fc1484192d0>,6,16,[1 7],7,85,101,78,72
1,<environment.Job instance at 0x7fc190eea320>,34,17,[4 9],35,101,118,66,98
1,<environment.Job instance at 0x7fc18e8bad70>,41,3,[9 2],42,118,121,76,99
1,<environment.Job instance at 0x7fc190c8f690>,3,3,[5 2],4,4,7,0,4
1,<environment.Job instance at 0x7fc18e837730>,7,2,[4 5],8,8,10,0,8
1,<environment.Job instance at 0x7fc18e8376e0>,6,12,[1 9],7,10,22,3,8
1,<environment.Job instance at 0x7fc18e8379b0>,4,12,[ 1 10],5,22,34,17,8
1,<environment.Job instance at 0x7fc18e837f00>,10,3,[1 9],11,34,37,23,11
1,<environment.Job instance at 0x7fc18e837c30>,11,2,[3 5],12,37,39,25,12
1,<environment.Job instance at 0x7fc18e837320>,14,16,[3 5],15,37,53,22,24
1,<environment.Job instance at 0x7fc18e837aa0>,16,12,[1 5],17,39,51,22,36
1,<environment.Job instance at 0x7fc18e433500>,18,3,[7 1],19,51,54,32,36
1,<environment.Job instance at 0x7fc18e433aa0>,21,12,[7 5],22,54,66,32,37
1,<environment.Job instance at 0x7fc18e433d20>,24,3,[5 3],25,66,69,41,45
1,<environment.Job instance at 0x7fc18e8372d0>,12,16,[4 7],13,66,82,53,53
1,<environment.Job instance at 0x7fc148af81e0>,27,13,[9 2],28,82,95,54,68
1,<environment.Job instance at 0x7fc148af8c30>,33,14,[5 9],34,95,109,61,83
1,<environment.Job instance at 0x7fc148af8910>,34,2,[ 4 10],35,109,111,74,83
1,<environment.Job instance at 0x7fc18e837e60>,15,15,[ 3 10],16,111,126,95,101
1,<environment.Job instance at 0x7fc18e52ed20>,3,2,[8 4],4,4,6,0,4
1,<environment.Job instance at 0x7fc148654320>,2,2,[7 3],3,6,8,3,5
1,<environment.Job instance at 0x7fc14830e730>,5,16,[6 5],6,8,24,2,8
1,<environment.Job instance at 0x7fc190b8f640>,8,3,[7 1],9,24,27,15,9
1,<environment.Job instance at 0x7fc18e52ea50>,6,15,[1 6],7,24,39,17,10
1,<environment.Job instance at 0x7fc148346910>,16,14,[7 3],17,27,41,10,19
1,<environment.Job instance at 0x7fc148d11b90>,20,3,[8 1],21,41,44,20,24
1,<environment.Job instance at 0x7fc148d11690>,21,14,[1 8],22,41,55,19,27
1,<environment.Job instance at 0x7fc18e8878c0>,13,15,[9 4],14,55,70,41,41
1,<environment.Job instance at 0x7fc18e84a5f0>,27,2,[ 1 10],28,70,72,42,54
1,<environment.Job instance at 0x7fc148d11910>,17,18,[2 8],18,72,90,54,65
1,<environment.Job instance at 0x7fc18e84af00>,33,14,[7 2],34,72,86,38,72
1,<environment.Job instance at 0x7fc18e84a8c0>,35,12,[8 1],36,86,98,50,72
1,<environment.Job instance at 0x7fc18e84a050>,32,17,[1 7],33,90,107,57,78
1,<environment.Job instance at 0x7fc18e84a410>,39,12,[4 6],40,107,119,67,90
1,<environment.Job instance at 0x7fc18e84a550>,40,17,[5 2],41,98,115,57,90
1,<environment.Job instance at 0x7fc18e878960>,46,12,[2 8],47,119,131,72,102
1,<environment.Job instance at 0x7fd152d49d70>,4,18,[10  4],5,7,25,2,7
1,<environment.Job instance at 0x7fd14b8b1550>,7,14,[5 1],8,25,39,17,10
1,<environment.Job instance at 0x7fd14b8b1730>,9,17,[ 4 10],10,39,56,29,28
1,<environment.Job instance at 0x7fd14b8b1aa0>,14,12,[3 7],15,56,68,41,39
1,<environment.Job instance at 0x7fd14b8b1d70>,18,16,[8 5],19,68,84,49,55
1,<environment.Job instance at 0x7fd152cc00f0>,0,18,[ 2 10],1,84,102,83,83
1,<environment.Job instance at 0x7fd14b8b1fa0>,24,3,[5 9],25,102,105,77,83
1,<environment.Job instance at 0x7fd14b8b3230>,25,3,[1 6],26,105,108,79,83
1,<environment.Job instance at 0x7fd14b8b34b0>,28,2,[5 9],29,108,110,79,83
1,<environment.Job instance at 0x7fd14b8b36e0>,32,17,[9 3],33,110,127,77,98
1,<environment.Job instance at 0x7fd14b8b3960>,37,14,[5 5],38,127,141,89,112
1,<environment.Job instance at 0x7fd152e2ca50>,7,3,[1 8],8,8,11,0,8
1,<environment.Job instance at 0x7fd152ce7460>,8,16,[7 1],9,11,27,2,11
1,<environment.Job instance at 0x7fd152e270a0>,12,3,[8 5],13,27,30,14,13
1,<environment.Job instance at 0x7fd152e27be0>,14,15,[10  5],15,30,45,15,16
1,<environment.Job instance at 0x7fd152e2c960>,4,15,[9 1],5,45,60,40,34
1,<environment.Job instance at 0x7fd152e30d70>,16,18,[1 6],17,45,63,28,34
1,<environment.Job instance at 0x7fd152e30690>,21,16,[5 4],22,60,76,38,49
1,<environment.Job instance at 0x7fd152e34e60>,25,15,[6 2],26,76,91,50,62
1,<environment.Job instance at 0x7fd152e34b40>,26,15,[6 2],27,91,106,64,77
1,<environment.Job instance at 0x7fd152e34af0>,30,13,[2 6],31,78,91,47,78
1,<environment.Job instance at 0x7fd152e34370>,32,16,[6 2],33,106,122,73,93
1,<environment.Job instance at 0x7fd152e3a320>,35,14,[3 8],36,93,107,57,93
1,<environment.Job instance at 0x7fd152e3a190>,37,17,[3 8],38,107,124,69,96
1,<environment.Job instance at 0x7fd152e3a8c0>,40,12,[6 3],41,124,136,83,108
1,<environment.Job instance at 0x7fd107be3780>,3,18,[1 6],4,4,22,0,4
1,<environment.Job instance at 0x7fd107be32d0>,5,3,[6 4],6,6,9,0,6
1,<environment.Job instance at 0x7fd107be35a0>,10,18,[8 5],11,22,40,11,11
1,<environment.Job instance at 0x7fd107be3690>,12,13,[2 5],13,26,39,13,26
1,<environment.Job instance at 0x7fd107be3e10>,8,12,[9 2],9,40,52,31,26
1,<environment.Job instance at 0x7fd107c8e0f0>,19,12,[1 8],20,40,52,20,32
1,<environment.Job instance at 0x7fd107be3820>,4,15,[9 5],5,52,67,47,40
1,<environment.Job instance at 0x7fd107b7ca00>,24,18,[10  2],25,67,85,42,56
1,<environment.Job instance at 0x7fd152ce8be0>,1,16,[7 4],2,85,101,83,72
1,<environment.Job instance at 0x7fd107c3bb90>,32,17,[8 2],33,101,118,68,90
1,<environment.Job instance at 0x7fd107c3be10>,33,18,[7 5],34,118,136,84,109
1,<environment.Job instance at 0x7fd107c83f00>,5,12,[2 5],6,6,18,0,6
1,<environment.Job instance at 0x7fd107ba3cd0>,7,13,[ 1 10],8,18,31,10,8
1,<environment.Job instance at 0x7fd107ba3d20>,14,2,[4 8],15,31,33,16,22
1,<environment.Job instance at 0x7fd107ba31e0>,12,2,[6 3],13,33,35,20,22
1,<environment.Job instance at 0x7fd107ba35a0>,18,14,[3 6],19,45,59,26,45
1,<environment.Job instance at 0x7fd107ba3fa0>,10,17,[7 1],11,45,62,34,45
1,<environment.Job instance at 0x7fd107ba3a50>,16,15,[4 9],17,62,77,45,49
1,<environment.Job instance at 0x7fd10801d910>,30,12,[1 5],31,77,89,46,61
1,<environment.Job instance at 0x7fd10801daa0>,33,18,[8 1],34,77,95,43,70
1,<environment.Job instance at 0x7fd10801d690>,39,17,[2 6],40,104,121,64,104
1,<environment.Job instance at 0x7fd107ba3870>,20,18,[4 8],21,121,139,100,110
1,<environment.Job instance at 0x7fd1521bb8c0>,0,1,[10  3],1,1,2,0,1
1,<environment.Job instance at 0x7fd107fae640>,9,3,[4 8],10,10,13,0,10
1,<environment.Job instance at 0x7fd107fae230>,7,12,[10  4],8,13,25,5,13
1,<environment.Job instance at 0x7fd107fae820>,13,14,[8 2],14,25,39,11,14
1,<environment.Job instance at 0x7fd107fac0a0>,22,3,[ 3 10],23,40,43,17,40
1,<environment.Job instance at 0x7fd107fac3c0>,25,2,[9 3],26,43,45,17,40
1,<environment.Job instance at 0x7fd107fac5a0>,26,14,[7 5],27,45,59,18,40
1,<environment.Job instance at 0x7fd107fae6e0>,12,17,[2 5],13,45,62,32,40
1,<environment.Job instance at 0x7fd107fac6e0>,29,3,[3 6],30,62,65,32,40
1,<environment.Job instance at 0x7fd107fac8c0>,32,12,[3 8],33,65,77,32,50
1,<environment.Job instance at 0x7fd107fac140>,23,15,[6 5],24,77,92,53,63
1,<environment.Job instance at 0x7fd107facaa0>,35,16,[4 5],36,77,93,41,64
1,<environment.Job instance at 0x7fd107fab460>,41,15,[3 5],42,92,107,50,78
1,<environment.Job instance at 0x7fd107facd20>,39,17,[ 5 10],40,107,124,67,96
1,<environment.Job instance at 0x7fd107fab5a0>,46,14,[ 5 10],47,124,138,77,109
1,<environment.Job instance at 0x7fd1520c3050>,1,3,[5 9],2,3,6,1,3
1,<environment.Job instance at 0x7fd1520c3870>,4,2,[9 2],5,6,8,1,5
1,<environment.Job instance at 0x7fd14b9bbc30>,8,17,[2 6],9,9,26,0,9
1,<environment.Job instance at 0x7fd14b9bbc80>,13,17,[5 3],14,14,31,0,14
1,<environment.Job instance at 0x7fd107fd3500>,15,13,[8 5],16,31,44,15,16
1,<environment.Job instance at 0x7fd107fd31e0>,18,16,[6 5],19,44,60,25,31
1,<environment.Job instance at 0x7fd107fd3d20>,21,2,[3 5],22,44,46,22,31
1,<environment.Job instance at 0x7fd107fd3a50>,22,15,[2 5],23,46,61,23,32
1,<environment.Job instance at 0x7fd107fd30a0>,24,16,[9 2],25,61,77,36,48
1,<environment.Job instance at 0x7fd107fb93c0>,27,1,[3 6],28,77,78,49,58
1,<environment.Job instance at 0x7fd107fb97d0>,28,13,[6 1],29,77,90,48,61
1,<environment.Job instance at 0x7fd107fb9190>,29,13,[1 8],30,61,74,31,61
1,<environment.Job instance at 0x7fd107fb9460>,32,13,[ 5 10],33,90,103,57,74
1,<environment.Job instance at 0x7fd14b9bba50>,12,15,[10  1],13,103,118,90,89
1,<environment.Job instance at 0x7fd107fd8460>,39,16,[10  2],40,118,134,78,105
1,<environment.Job instance at 0x7fd107fd8640>,41,2,[2 9],42,134,136,92,111
1,<environment.Job instance at 0x7fd107fd8730>,42,2,[7 3],43,136,138,93,111
1,<environment.Job instance at 0x7fd107fd8820>,43,3,[8 1],44,138,141,94,112
1,<environment.Job instance at 0x7fd10818c5f0>,1,2,[8 4],2,4,6,2,4
1,<environment.Job instance at 0x7fd10818c410>,2,2,[8 4],3,6,8,3,6
1,<environment.Job instance at 0x7fd107ca9690>,6,3,[8 3],7,8,11,1,7
1,<environment.Job instance at 0x7fd107efc9b0>,9,1,[5 1],10,11,12,1,11
1,<environment.Job instance at 0x7fd14bc8f0a0>,11,3,[6 4],12,12,15,0,12
1,<environment.Job instance at 0x7fd14bc8fc30>,10,12,[1 7],11,15,27,4,13
1,<environment.Job instance at 0x7fd14b6340f0>,13,15,[5 5],14,27,42,13,14
1,<environment.Job instance at 0x7fd14bc8f780>,12,17,[ 2 10],13,42,59,29,35
1,<environment.Job instance at 0x7fd10815b4b0>,25,2,[4 7],26,59,61,33,49
1,<environment.Job instance at 0x7fd1081476e0>,26,18,[6 3],27,59,77,32,49
1,<environment.Job instance at 0x7fd107d68820>,27,1,[2 6],28,61,62,33,49
1,<environment.Job instance at 0x7fd14bb1f9b0>,28,3,[8 3],29,77,80,48,51
1,<environment.Job instance at 0x7fd1522c8870>,31,18,[4 8],32,80,98,48,69
1,<environment.Job instance at 0x7fd1522e82d0>,32,15,[4 8],33,98,113,65,84
1,<environment.Job instance at 0x7fd15262b9b0>,36,12,[2 7],37,113,125,76,96
1,<environment.Job instance at 0x7fd14bab6be0>,4,16,[4 5],5,125,141,120,112
1,<environment.Job instance at 0x7fd15262b640>,41,12,[5 5],42,125,137,83,115
1,<environment.Job instance at 0x7fd14bc6cf00>,4,2,[9 3],5,5,7,0,5
1,<environment.Job instance at 0x7fd107a31780>,6,13,[9 3],7,8,21,1,8
1,<environment.Job instance at 0x7fd14b92b460>,3,14,[3 6],4,21,35,17,9
1,<environment.Job instance at 0x7fd107a319b0>,8,16,[9 4],9,35,51,26,22
1,<environment.Job instance at 0x7fd107a31f00>,15,14,[ 1 10],16,51,65,35,37
1,<environment.Job instance at 0x7fd107a33320>,18,14,[1 7],19,65,79,46,51
1,<environment.Job instance at 0x7fd107a33690>,22,14,[3 9],23,79,93,56,64
1,<environment.Job instance at 0x7fd107a33550>,24,14,[5 3],25,65,79,40,64
1,<environment.Job instance at 0x7fd107ee0780>,5,15,[3 5],6,6,21,0,6
1,<environment.Job instance at 0x7fd1081264b0>,6,3,[7 4],7,7,10,0,7
1,<environment.Job instance at 0x7fd107ac55a0>,8,2,[7 4],9,10,12,1,9
1,<environment.Job instance at 0x7fd107ac57d0>,9,2,[5 1],10,12,14,2,10
1,<environment.Job instance at 0x7fd107ac5a00>,10,2,[10  5],11,21,23,10,11
1,<environment.Job instance at 0x7fd107abbb90>,11,3,[9 1],12,23,26,11,12
1,<environment.Job instance at 0x7fd107abb190>,15,12,[2 8],16,26,38,10,23
1,<environment.Job instance at 0x7fd107abb410>,12,13,[9 1],13,38,51,25,23
1,<environment.Job instance at 0x7fd107addaa0>,19,15,[2 6],20,51,66,31,37
1,<environment.Job instance at 0x7fd107ebd7d0>,24,3,[4 5],25,66,69,41,40
1,<environment.Job instance at 0x7fd1523fec30>,22,13,[2 9],23,69,82,46,54
1,<environment.Job instance at 0x7fd14bc921e0>,33,2,[ 4 10],34,82,84,48,67
1,<environment.Job instance at 0x7fd15235a0f0>,34,18,[10  2],35,84,102,49,73
1,<environment.Job instance at 0x7fd152349c30>,37,15,[5 8],38,102,117,64,89
1,<environment.Job instance at 0x7fd15223eb40>,43,14,[ 5 10],44,117,131,73,102
1,<environment.Job instance at 0x7fd14b893370>,48,15,[5 8],49,131,146,82,117
1,<environment.Job instance at 0x7fd14b902140>,6,1,[ 4 10],7,8,9,1,8
1,<environment.Job instance at 0x7fd107bf8cd0>,11,18,[4 7],12,12,30,0,12
1,<environment.Job instance at 0x7fd14b7f30a0>,0,12,[7 4],1,30,42,29,14
1,<environment.Job instance at 0x7fd152890280>,17,1,[10  4],18,42,43,24,18
1,<environment.Job instance at 0x7fd14bd042d0>,18,2,[3 6],19,30,32,11,19
1,<environment.Job instance at 0x7fd108270410>,20,15,[5 5],21,43,58,22,29
1,<environment.Job instance at 0x7fd14b764410>,24,15,[10  2],25,58,73,33,46
1,<environment.Job instance at 0x7fd14bbaeb90>,28,3,[ 1 10],29,73,76,44,57
1,<environment.Job instance at 0x7fd14b698d70>,8,17,[9 5],9,76,93,67,75
1,<environment.Job instance at 0x7fd14bc12230>,36,14,[6 4],37,93,107,56,79
1,<environment.Job instance at 0x7fd14bc12370>,39,2,[1 9],40,107,109,67,80
1,<environment.Job instance at 0x7fd14bc12640>,40,12,[5 6],41,109,121,68,94
1,<environment.Job instance at 0x7fd1522cb0a0>,42,1,[5 9],43,121,122,78,94
1,<environment.Job instance at 0x7fd14bc12eb0>,34,12,[9 1],35,122,134,87,105
1,<environment.Job instance at 0x7fd107c46c80>,1,2,[1 9],2,2,4,0,2
1,<environment.Job instance at 0x7fd14bc12320>,2,3,[10  4],3,4,7,1,3
1,<environment.Job instance at 0x7fd14bd13e10>,5,16,[7 3],6,8,24,2,8
1,<environment.Job instance at 0x7fd14bc12eb0>,4,3,[9 3],5,24,27,19,8
1,<environment.Job instance at 0x7fd14bd13f50>,8,13,[8 5],9,27,40,18,11
1,<environment.Job instance at 0x7fd14bb4f4b0>,13,3,[ 4 10],14,40,43,26,19
1,<environment.Job instance at 0x7fd14bb4f690>,12,16,[5 4],13,43,59,30,30
1,<environment.Job instance at 0x7fd14bd1c320>,27,3,[8 1],28,59,62,31,47
1,<environment.Job instance at 0x7fd14bb4fcd0>,20,17,[9 2],21,62,79,41,51
1,<environment.Job instance at 0x7fd14bd1c460>,29,18,[6 2],30,79,97,49,68
1,<environment.Job instance at 0x7fd14bd1c8c0>,33,14,[ 4 10],34,97,111,63,84
1,<environment.Job instance at 0x7fd14bd1cc80>,39,2,[8 2],40,111,113,71,84
1,<environment.Job instance at 0x7fd14bd1c050>,40,2,[5 4],41,113,115,72,86
1,<environment.Job instance at 0x7fd14bd1ceb0>,41,2,[6 1],42,115,117,73,88
1,<environment.Job instance at 0x7fd14bd1cc30>,43,1,[7 3],44,117,118,73,95
1,<environment.Job instance at 0x7fd14bd1ce10>,44,2,[2 5],45,95,97,50,95
1,<environment.Job instance at 0x7fd14b99b320>,0,18,[6 4],1,118,136,117,107
1,<environment.Job instance at 0x7fd14bd17690>,2,2,[5 3],3,3,5,0,3
1,<environment.Job instance at 0x7fd1527f21e0>,4,1,[6 1],5,7,8,2,7
1,<environment.Job instance at 0x7fd1527f2730>,5,15,[1 5],6,9,24,3,9
1,<environment.Job instance at 0x7fd14bd178c0>,8,13,[8 2],9,11,24,2,11
1,<environment.Job instance at 0x7fd14b9f7af0>,12,15,[5 1],13,24,39,11,13
1,<environment.Job instance at 0x7fd14b9f7cd0>,11,16,[4 6],12,24,40,12,19
1,<environment.Job instance at 0x7fd14b9f75f0>,17,15,[10  4],18,40,55,22,26
1,<environment.Job instance at 0x7fd14b960780>,22,14,[3 7],23,55,69,32,40
1,<environment.Job instance at 0x7fd14bd17aa0>,0,13,[10  1],1,69,82,68,54
1,<environment.Job instance at 0x7fd15229c230>,30,13,[2 8],31,82,95,51,66
1,<environment.Job instance at 0x7fd15229cd20>,34,13,[5 8],35,95,108,60,86
1,<environment.Job instance at 0x7fd107e24230>,38,16,[9 1],39,108,124,69,96
1,<environment.Job instance at 0x7fd14b8fa730>,4,2,[1 9],5,5,7,0,5
1,<environment.Job instance at 0x7fd14bd658c0>,10,2,[3 5],11,16,18,5,16
1,<environment.Job instance at 0x7fd14bd65e60>,11,12,[3 5],12,16,28,4,16
1,<environment.Job instance at 0x7fd14b8fa050>,5,14,[5 4],6,18,32,12,17
1,<environment.Job instance at 0x7fd14bd65dc0>,9,3,[5 4],10,28,31,18,19
1,<environment.Job instance at 0x7fd14b8faf00>,8,3,[9 5],9,32,35,23,21
1,<environment.Job instance at 0x7fd14b93b7d0>,18,14,[5 4],19,35,49,16,21
1,<environment.Job instance at 0x7fd14b625910>,21,2,[ 2 10],22,49,51,27,22
1,<environment.Job instance at 0x7fd14b625820>,23,1,[9 4],24,51,52,27,27
1,<environment.Job instance at 0x7fd14b93b320>,20,2,[7 5],21,52,54,31,27
1,<environment.Job instance at 0x7fd14b625050>,26,17,[1 6],27,54,71,27,43
1,<environment.Job instance at 0x7fd107c2fc80>,29,3,[4 5],30,71,74,41,51
1,<environment.Job instance at 0x7fd152ce6500>,3,14,[ 4 10],4,74,88,70,60
1,<environment.Job instance at 0x7fd107c2f050>,37,15,[4 8],38,88,103,50,76
1,<environment.Job instance at 0x7fd107c2f9b0>,38,15,[1 6],39,103,118,64,89
1,<environment.Job instance at 0x7fd107b4cc80>,44,17,[1 6],45,118,135,73,106
1,<environment.Job instance at 0x7fd107b4cd70>,47,2,[6 5],48,135,137,87,118
1,<environment.Job instance at 0x7fd107b4cf50>,2,3,[5 8],3,3,6,0,3
1,<environment.Job instance at 0x7fd107b4cd70>,5,1,[1 7],6,6,7,0,6
1,<environment.Job instance at 0x7fd152154280>,4,2,[3 9],5,7,9,2,6
1,<environment.Job instance at 0x7fd1524f2f50>,0,18,[3 5],1,9,27,8,6
1,<environment.Job instance at 0x7fd15212ad70>,12,18,[4 8],13,27,45,14,17
1,<environment.Job instance at 0x7fd1521282d0>,11,13,[3 5],12,45,58,33,29
1,<environment.Job instance at 0x7fd107f84550>,27,2,[5 8],28,58,60,30,34
1,<environment.Job instance at 0x7fd14ba11c80>,28,3,[6 2],29,34,37,5,34
1,<environment.Job instance at 0x7fd1521e2370>,29,2,[10  1],30,60,62,30,34
1,<environment.Job instance at 0x7fd14ba113c0>,30,12,[2 5],31,45,57,14,35
1,<environment.Job instance at 0x7fd14ba11910>,32,1,[7 4],33,57,58,24,39
1,<environment.Job instance at 0x7fd14b9e7280>,33,14,[ 5 10],34,62,76,28,50
1,<environment.Job instance at 0x7fd1522d4820>,36,16,[3 8],37,76,92,39,66
1,<environment.Job instance at 0x7fd15218a7d0>,37,3,[6 5],38,92,95,54,66
1,<environment.Job instance at 0x7fd15212a730>,16,13,[6 4],17,95,108,78,81
1,<environment.Job instance at 0x7fd107e96be0>,48,12,[7 5],49,108,120,59,92
1,<environment.Job instance at 0x7fd15235eeb0>,50,18,[9 3],51,120,138,69,109
1,<environment.Job instance at 0x7fd1078eafa0>,6,1,[7 4],7,7,8,0,7
1,<environment.Job instance at 0x7fd107a626e0>,9,2,[2 6],10,10,12,0,10
1,<environment.Job instance at 0x7fd10815caf0>,10,15,[1 8],11,12,27,1,12
1,<environment.Job instance at 0x7fd152bb62d0>,11,2,[6 3],12,27,29,15,13
1,<environment.Job instance at 0x7fd14bd95500>,3,12,[6 5],4,29,41,25,15
1,<environment.Job instance at 0x7fd1527ea410>,19,1,[9 1],20,24,25,4,24
1,<environment.Job instance at 0x7fd1527eaeb0>,17,14,[4 7],18,41,55,23,26
1,<environment.Job instance at 0x7fd14baab140>,22,14,[3 7],23,55,69,32,42
1,<environment.Job instance at 0x7fd152156320>,25,15,[ 1 10],26,69,84,43,57
1,<environment.Job instance at 0x7fd107e8e910>,32,14,[6 2],33,84,98,51,69
1,<environment.Job instance at 0x7fd107a2cd70>,24,17,[3 5],25,84,101,59,72
1,<environment.Job instance at 0x7fd14b61b7d0>,38,12,[6 3],39,98,110,59,81
1,<environment.Job instance at 0x7fd14b61b500>,41,3,[4 5],42,101,104,59,81
1,<environment.Job instance at 0x7fd14b61b8c0>,42,3,[10  3],43,110,113,67,84
1,<environment.Job instance at 0x7fd14b61b230>,46,14,[10  3],47,113,127,66,98
1,<environment.Job instance at 0x7fd107b059b0>,48,2,[7 1],49,127,129,78,106
1,<environment.Job instance at 0x7fd107b05690>,49,17,[5 2],50,129,146,79,118
1,<environment.Job instance at 0x7fd15266f9b0>,1,3,[2 9],2,3,6,1,3
1,<environment.Job instance at 0x7fd10783edc0>,3,1,[8 3],4,6,7,2,4
1,<environment.Job instance at 0x7fd10783e9b0>,6,14,[2 6],7,9,23,2,9
1,<environment.Job instance at 0x7fd107ff0460>,0,15,[2 8],1,23,38,22,10
1,<environment.Job instance at 0x7fd10783e0f0>,7,15,[6 2],8,12,27,4,12
1,<environment.Job instance at 0x7fd10799b6e0>,14,18,[9 3],15,38,56,23,27
1,<environment.Job instance at 0x7fd10799b1e0>,16,14,[6 2],17,56,70,39,41
1,<environment.Job instance at 0x7fd10799bfa0>,17,3,[8 3],18,70,73,52,44
1,<environment.Job instance at 0x7fd10799baf0>,20,14,[1 7],21,44,58,23,44
1,<environment.Job instance at 0x7fd10799b780>,11,12,[2 8],12,58,70,46,46
1,<environment.Job instance at 0x7fd10799b5f0>,24,14,[5 6],25,73,87,48,58
1,<environment.Job instance at 0x7fd107892690>,31,13,[1 7],32,87,100,55,74
1,<environment.Job instance at 0x7fd107892640>,34,14,[5 3],35,78,92,43,78
1,<environment.Job instance at 0x7fd107892050>,35,2,[5 2],36,92,94,56,78
1,<environment.Job instance at 0x7fd1078923c0>,37,19,[ 2 10],38,100,119,62,90
1,<environment.Job instance at 0x7fd10799b050>,27,17,[ 5 10],28,119,136,91,108
1,<environment.Job instance at 0x7fd10783b550>,7,18,[5 3],8,9,27,1,9
1,<environment.Job instance at 0x7fd14b62c690>,9,13,[9 3],10,27,40,17,12
1,<environment.Job instance at 0x7fd10783b5f0>,2,15,[9 5],3,40,55,37,26
1,<environment.Job instance at 0x7fd14b633be0>,16,16,[2 7],17,55,71,38,44
1,<environment.Job instance at 0x7fd14b644d70>,27,13,[6 1],28,55,68,27,44
1,<environment.Job instance at 0x7fd14b6449b0>,26,17,[5 1],27,68,85,41,56
1,<environment.Job instance at 0x7fd14b6516e0>,29,16,[5 5],30,71,87,41,59
1,<environment.Job instance at 0x7fd14b6510a0>,32,17,[3 5],33,85,102,52,74
1,<environment.Job instance at 0x7fd14bc1ff50>,42,1,[2 9],43,102,103,59,74
1,<environment.Job instance at 0x7fd14bc1f320>,43,18,[6 1],44,87,105,43,79
1,<environment.Job instance at 0x7fd14bbf4370>,44,16,[1 6],45,103,119,58,90
1,<environment.Job instance at 0x7fd14bbf4780>,49,2,[9 5],50,119,121,69,101
1,<environment.Job instance at 0x7fd14bbf4d20>,50,1,[8 3],51,105,106,54,101
1,<environment.Job instance at 0x7fd14bbf4af0>,51,2,[10  3],52,121,123,69,101
1,<environment.Job instance at 0x7fd14bbece60>,52,3,[ 4 10],53,123,126,70,101
1,<environment.Job instance at 0x7fd14bbecf00>,53,15,[8 2],54,126,141,72,112
1,<environment.Job instance at 0x7fd14bbec6e0>,56,2,[ 2 10],57,141,143,84,115
1,<environment.Job instance at 0x7fd14bb59c30>,58,1,[9 5],59,143,144,84,115
1,<environment.Job instance at 0x7fd107d7ae10>,5,12,[1 8],6,6,18,0,6
1,<environment.Job instance at 0x7fd14b7e25f0>,9,13,[6 5],10,18,31,8,10
1,<environment.Job instance at 0x7fd14bb59960>,2,15,[1 9],3,31,46,28,18
1,<environment.Job instance at 0x7fd14b7e2050>,12,3,[3 8],13,46,49,33,21
1,<environment.Job instance at 0x7fd14b7e26e0>,10,16,[10  2],11,49,65,38,36
1,<environment.Job instance at 0x7fd107e4aaf0>,11,16,[ 2 10],12,65,81,53,52
1,<environment.Job instance at 0x7fd1078d4c80>,21,13,[8 2],22,81,94,59,66
1,<environment.Job instance at 0x7fd1528171e0>,20,17,[1 7],21,81,98,60,70
1,<environment.Job instance at 0x7fd108120f00>,25,16,[2 9],26,98,114,72,85
1,<environment.Job instance at 0x7fd107e8fd20>,29,13,[ 1 10],30,114,127,84,98
1,<environment.Job instance at 0x7fd14bbb6cd0>,1,2,[4 5],2,3,5,1,3
1,<environment.Job instance at 0x7fd14bbd7550>,9,2,[9 5],10,10,12,0,10
1,<environment.Job instance at 0x7fd107d13780>,2,16,[9 2],3,12,28,9,10
1,<environment.Job instance at 0x7fd14bbd70f0>,10,3,[8 2],11,28,31,17,13
1,<environment.Job instance at 0x7fd14bbd7320>,11,15,[9 3],12,31,46,19,26
1,<environment.Job instance at 0x7fd14bbd75a0>,18,16,[1 7],19,29,45,10,29
1,<environment.Job instance at 0x7fd14bbd71e0>,15,13,[7 2],16,46,59,30,37
1,<environment.Job instance at 0x7fd14bbd7a00>,21,16,[10  1],22,59,75,37,47
1,<environment.Job instance at 0x7fd1522cb6e0>,26,2,[3 7],27,51,53,24,51
1,<environment.Job instance at 0x7fd1522cb640>,30,14,[1 9],31,78,92,47,78
1,<environment.Job instance at 0x7fd14bca3fa0>,36,15,[ 1 10],37,92,107,55,78
1,<environment.Job instance at 0x7fd14bca36e0>,38,1,[4 5],39,107,108,68,79
1,<environment.Job instance at 0x7fd1522cba00>,33,3,[4 8],34,108,111,74,97
1,<environment.Job instance at 0x7fd14bca38c0>,45,12,[5 1],46,107,119,61,97
1,<environment.Job instance at 0x7fd14bca3eb0>,47,3,[ 2 10],48,119,122,71,102
1,<environment.Job instance at 0x7fd14bca35a0>,48,3,[10  5],49,122,125,73,104
1,<environment.Job instance at 0x7fd14bbd7050>,8,12,[ 4 10],9,125,137,116,110
1,<environment.Job instance at 0x7fd107e35e10>,2,3,[1 9],3,3,6,0,3
1,<environment.Job instance at 0x7fd14bbdc1e0>,3,1,[6 2],4,6,7,2,4
1,<environment.Job instance at 0x7fd15218a5a0>,4,2,[1 8],5,6,8,1,5
1,<environment.Job instance at 0x7fd107d79e60>,6,3,[6 5],7,8,11,1,7
1,<environment.Job instance at 0x7fd14bc513c0>,13,2,[2 7],14,14,16,0,14
1,<environment.Job instance at 0x7fd15218ad20>,10,1,[3 7],11,16,17,5,15
1,<environment.Job instance at 0x7fd14b8a0fa0>,14,18,[7 1],15,16,34,1,16
1,<environment.Job instance at 0x7fd107e35a00>,0,12,[5 7],1,34,46,33,20
1,<environment.Job instance at 0x7fd1520a4b90>,18,1,[2 9],19,21,22,2,21
1,<environment.Job instance at 0x7fd15213f190>,21,1,[ 5 10],22,46,47,24,22
1,<environment.Job instance at 0x7fd15213fa00>,23,3,[4 6],24,47,50,23,25
1,<environment.Job instance at 0x7fd14b633230>,25,12,[10  4],26,50,62,24,35
1,<environment.Job instance at 0x7fd14b633f00>,26,13,[7 3],27,62,75,35,46
1,<environment.Job instance at 0x7fd107a8e050>,32,3,[4 6],33,75,78,42,49
1,<environment.Job instance at 0x7fd107a8e2d0>,33,2,[1 5],34,62,64,28,50
1,<environment.Job instance at 0x7fd107a8ef00>,35,3,[10  1],36,78,81,42,58
1,<environment.Job instance at 0x7fd107a8e8c0>,38,3,[6 4],39,75,78,36,61
1,<environment.Job instance at 0x7fd107ab6e60>,41,15,[3 5],42,81,96,39,67
1,<environment.Job instance at 0x7fd107ab6be0>,42,2,[5 3],43,81,83,38,67
1,<environment.Job instance at 0x7fd107ab61e0>,43,13,[ 4 10],44,96,109,52,82
1,<environment.Job instance at 0x7fd14b6339b0>,24,18,[ 4 10],25,109,127,84,100
1,<environment.Job instance at 0x7fd107ab6190>,50,3,[5 1],51,127,130,76,101
1,<environment.Job instance at 0x7fd107a95f50>,52,3,[6 1],53,130,133,77,108
1,<environment.Job instance at 0x7fd107a959b0>,53,2,[1 5],54,127,129,73,108
1,<environment.Job instance at 0x7fd107a95b40>,54,3,[7 2],55,133,136,78,108
1,<environment.Job instance at 0x7fd107a95370>,56,1,[7 2],57,136,137,79,109
1,<environment.Job instance at 0x7fee2504b0f0>,2,12,[5 4],3,3,15,0,3
1,<environment.Job instance at 0x7fee1dc3b230>,5,13,[5 9],6,15,28,9,6
1,<environment.Job instance at 0x7fee1dc3b550>,7,14,[5 1],8,8,22,0,8
1,<environment.Job instance at 0x7fee2504b1e0>,0,18,[ 2 10],1,28,46,27,18
1,<environment.Job instance at 0x7fee1dc3b780>,9,17,[ 4 10],10,46,63,36,35
1,<environment.Job instance at 0x7fee1dc3be10>,18,16,[8 5],19,63,79,44,50
1,<environment.Job instance at 0x7fee1dc3bf00>,21,3,[ 2 10],22,79,82,57,62
1,<environment.Job instance at 0x7fee1dc3f0a0>,23,18,[5 2],24,82,100,58,71
1,<environment.Job instance at 0x7fee1dc3f4b0>,28,2,[5 9],29,100,102,71,73
1,<environment.Job instance at 0x7fee1dc3f3c0>,29,13,[1 6],30,82,95,52,73
1,<environment.Job instance at 0x7fee1dc3f870>,33,2,[5 3],34,102,104,68,101
1,<environment.Job instance at 0x7fee1dc3f6e0>,34,3,[9 5],35,104,107,69,101
1,<environment.Job instance at 0x7fee1dc3faa0>,35,16,[8 1],36,107,123,71,103
1,<environment.Job instance at 0x7fee1dc3fc80>,38,12,[3 6],39,123,135,84,108
1,<environment.Job instance at 0x7fee1dc3fe60>,39,18,[5 8],40,135,153,95,124
1,<environment.Job instance at 0x7fee1dc3f820>,1,2,[9 3],2,2,4,0,2
1,<environment.Job instance at 0x7fee251b1f00>,8,14,[5 1],9,9,23,0,9
1,<environment.Job instance at 0x7fede6a90730>,6,18,[1 6],7,9,27,2,9
1,<environment.Job instance at 0x7fee251b2dc0>,12,2,[4 9],13,27,29,14,13
1,<environment.Job instance at 0x7fee251b20f0>,13,16,[6 4],14,29,45,15,17
1,<environment.Job instance at 0x7fee251b2640>,16,15,[6 2],17,45,60,28,31
1,<environment.Job instance at 0x7fee25072410>,10,17,[3 8],11,45,62,34,35
1,<environment.Job instance at 0x7fee251c5d70>,22,16,[6 2],23,60,76,37,47
1,<environment.Job instance at 0x7fee251c55f0>,25,14,[3 8],26,62,76,36,50
1,<environment.Job instance at 0x7fee251c5460>,18,12,[3 9],19,76,88,57,60
1,<environment.Job instance at 0x7fee251bb6e0>,30,12,[6 3],31,88,100,57,71
1,<environment.Job instance at 0x7fee251bb690>,34,13,[1 9],35,100,113,65,84
1,<environment.Job instance at 0x7fee251bc910>,37,18,[5 2],38,113,131,75,102
1,<environment.Job instance at 0x7fee251bc410>,39,16,[3 5],40,113,129,73,102
1,<environment.Job instance at 0x7fee251bf320>,47,13,[ 4 10],48,131,144,83,116
1,<environment.Job instance at 0x7fedd9ef24b0>,7,14,[3 5],8,10,24,2,10
1,<environment.Job instance at 0x7fedd9ef2730>,8,21,[5 1],9,14,35,5,14
1,<environment.Job instance at 0x7fedd9ff7fa0>,12,17,[8 2],13,35,52,22,23
1,<environment.Job instance at 0x7fedd9f53e10>,19,13,[5 7],20,52,65,32,36
1,<environment.Job instance at 0x7fedd9f53af0>,16,14,[5 4],17,65,79,48,50
1,<environment.Job instance at 0x7fee1da0c050>,30,13,[7 4],31,79,92,48,63
1,<environment.Job instance at 0x7fee1ddb9b40>,33,18,[9 2],34,92,110,58,84
1,<environment.Job instance at 0x7fedd9fd7500>,38,15,[2 5],39,110,125,71,99
1,<environment.Job instance at 0x7fedd9fd7b40>,39,15,[7 4],40,110,125,70,99
1,<environment.Job instance at 0x7fedd9fd7d70>,43,13,[8 3],44,125,138,81,115
1,<environment.Job instance at 0x7fedd9fd72d0>,45,18,[9 5],46,138,156,92,127
1,<environment.Job instance at 0x7fedda249550>,3,18,[8 1],4,9,27,5,9
1,<environment.Job instance at 0x7fee1dcf5140>,9,17,[2 6],10,15,32,5,15
1,<environment.Job instance at 0x7fee1df1ce10>,11,3,[3 7],12,32,35,20,15
1,<environment.Job instance at 0x7fee1e0da820>,12,17,[4 6],13,35,52,22,29
1,<environment.Job instance at 0x7fee1e0da640>,15,12,[4 7],16,52,64,36,36
1,<environment.Job instance at 0x7fee202f6550>,19,17,[5 1],20,45,62,25,45
1,<environment.Job instance at 0x7fee202f6910>,20,2,[9 4],21,64,66,43,45
1,<environment.Job instance at 0x7fee1da86460>,22,13,[8 1],23,66,79,43,53
1,<environment.Job instance at 0x7fedd9f3ae10>,26,13,[1 6],27,64,77,37,60
1,<environment.Job instance at 0x7fee1ddc9960>,10,16,[1 9],11,77,93,66,65
1,<environment.Job instance at 0x7fedda39ce10>,29,3,[9 3],30,93,96,63,77
1,<environment.Job instance at 0x7fedd9e822d0>,31,1,[10  1],32,96,97,64,77
1,<environment.Job instance at 0x7fedda3a8280>,28,13,[8 2],29,97,110,68,81
1,<environment.Job instance at 0x7fedd9e82640>,35,16,[10  5],36,110,126,74,97
1,<environment.Job instance at 0x7fedd9e826e0>,37,14,[9 1],38,126,140,88,111
1,<environment.Job instance at 0x7fedda390460>,42,12,[8 5],43,140,152,97,126
1,<environment.Job instance at 0x7fedda3f4eb0>,3,1,[8 5],4,4,5,0,4
1,<environment.Job instance at 0x7fedd9fd00f0>,0,18,[4 6],1,8,26,7,8
1,<environment.Job instance at 0x7fee1e057730>,7,18,[1 7],8,26,44,18,15
1,<environment.Job instance at 0x7fee1dbaf820>,10,1,[6 5],11,44,45,33,28
1,<environment.Job instance at 0x7fee20708730>,11,14,[5 4],12,45,59,33,30
1,<environment.Job instance at 0x7fedda5281e0>,14,1,[5 7],15,59,60,44,50
1,<environment.Job instance at 0x7fee1da5b910>,17,12,[5 5],18,60,72,42,55
1,<environment.Job instance at 0x7fee1da2e960>,19,12,[9 1],20,72,84,52,56
1,<environment.Job instance at 0x7fee1da2e050>,21,12,[5 9],22,84,96,62,67
1,<environment.Job instance at 0x7fedda298b90>,24,12,[4 7],25,96,108,71,80
1,<environment.Job instance at 0x7fee1da38500>,27,2,[2 6],28,108,110,80,89
1,<environment.Job instance at 0x7fee1da2ec30>,18,15,[5 9],19,110,125,91,96
1,<environment.Job instance at 0x7fee1da3ae10>,34,2,[10  3],35,125,127,90,102
1,<environment.Job instance at 0x7fee1da3a6e0>,33,12,[ 2 10],34,127,139,93,110
1,<environment.Job instance at 0x7fee1da3a550>,37,18,[3 6],38,139,157,101,129
1,<environment.Job instance at 0x7fee1da3a640>,38,14,[6 4],39,139,153,100,129
1,<environment.Job instance at 0x7fee2044a140>,2,1,[4 6],3,3,4,0,3
1,<environment.Job instance at 0x7fee2044a9b0>,5,3,[9 2],6,6,9,0,6
1,<environment.Job instance at 0x7fee2044a870>,7,3,[10  4],8,9,12,1,9
1,<environment.Job instance at 0x7fee2044aeb0>,8,3,[3 9],9,12,15,3,10
1,<environment.Job instance at 0x7fee206210f0>,15,3,[10  4],16,17,20,1,17
1,<environment.Job instance at 0x7fee20621c30>,13,13,[7 5],14,20,33,6,17
1,<environment.Job instance at 0x7fee206216e0>,14,13,[1 8],15,33,46,18,18
1,<environment.Job instance at 0x7fee206211e0>,19,16,[5 3],20,46,62,26,33
1,<environment.Job instance at 0x7fee1daeccd0>,27,13,[ 4 10],28,62,75,34,46
1,<environment.Job instance at 0x7fee1daec640>,30,14,[1 8],31,75,89,44,61
1,<environment.Job instance at 0x7fee1daec4b0>,31,12,[5 6],32,89,101,57,72
1,<environment.Job instance at 0x7fee1daec500>,33,13,[5 1],34,75,88,41,73
1,<environment.Job instance at 0x7fee20621410>,23,16,[8 5],24,101,117,77,88
1,<environment.Job instance at 0x7fee1daec8c0>,39,17,[1 9],40,117,134,77,105
1,<environment.Job instance at 0x7fee20621190>,20,18,[ 5 10],21,134,152,113,123
1,<environment.Job instance at 0x7fee1dbabf50>,0,2,[3 9],1,2,4,1,2
1,<environment.Job instance at 0x7fee201c10f0>,1,2,[7 1],2,6,8,4,6
1,<environment.Job instance at 0x7fee1df94af0>,3,3,[10  3],4,9,12,5,9
1,<environment.Job instance at 0x7fee1df5df50>,5,12,[8 5],6,12,24,6,9
1,<environment.Job instance at 0x7fee1df5dd20>,9,1,[8 2],10,24,25,14,10
1,<environment.Job instance at 0x7fee2023c5f0>,10,13,[5 3],11,25,38,14,11
1,<environment.Job instance at 0x7fee1e16be10>,11,17,[2 7],12,24,41,12,15
1,<environment.Job instance at 0x7fee1df02d70>,16,3,[5 4],17,41,44,24,17
1,<environment.Job instance at 0x7fee1def77d0>,19,1,[5 7],20,44,45,24,21
1,<environment.Job instance at 0x7fee1df245a0>,12,17,[6 4],13,45,62,32,33
1,<environment.Job instance at 0x7fee2032b1e0>,24,16,[5 5],25,62,78,37,49
1,<environment.Job instance at 0x7fee1df2d370>,23,18,[5 5],24,62,80,38,52
1,<environment.Job instance at 0x7fee1debabe0>,18,12,[ 4 10],19,80,92,61,64
1,<environment.Job instance at 0x7fee1db64780>,32,13,[9 4],33,92,105,59,77
1,<environment.Job instance at 0x7fedda439190>,34,16,[2 7],35,105,121,70,92
1,<environment.Job instance at 0x7fee1db4c0f0>,38,16,[8 3],39,105,121,66,92
1,<environment.Job instance at 0x7fee1dcc8550>,22,16,[ 3 10],23,121,137,98,109
1,<environment.Job instance at 0x7fee1db4c3c0>,2,3,[5 9],3,5,8,2,5
1,<environment.Job instance at 0x7fedda5220f0>,9,18,[6 1],10,24,42,14,24
1,<environment.Job instance at 0x7fedda52cf50>,8,16,[4 8],9,24,40,15,24
1,<environment.Job instance at 0x7fedda522140>,11,3,[2 6],12,40,43,28,25
1,<environment.Job instance at 0x7fedda522280>,13,3,[8 3],14,42,45,28,27
1,<environment.Job instance at 0x7fedda522050>,10,15,[2 8],11,45,60,34,31
1,<environment.Job instance at 0x7fee1db4c500>,3,16,[8 1],4,45,61,41,36
1,<environment.Job instance at 0x7fedda522af0>,22,1,[5 1],23,61,62,38,39
1,<environment.Job instance at 0x7fedda5227d0>,17,16,[1 7],18,60,76,42,47
1,<environment.Job instance at 0x7fedda522f00>,27,1,[5 1],28,62,63,34,48
1,<environment.Job instance at 0x7fedda515280>,31,12,[3 7],32,76,88,44,62
1,<environment.Job instance at 0x7fedda515500>,34,17,[8 1],35,88,105,53,76
1,<environment.Job instance at 0x7fedda515a50>,37,1,[7 3],38,79,80,41,79
1,<environment.Job instance at 0x7fedda5159b0>,39,18,[2 7],40,89,107,49,89
1,<environment.Job instance at 0x7fedda515c80>,40,3,[5 3],41,105,108,64,89
1,<environment.Job instance at 0x7fedda515dc0>,43,14,[ 4 10],44,108,122,64,96
1,<environment.Job instance at 0x7fedda515d20>,41,18,[3 8],42,122,140,80,111
1,<environment.Job instance at 0x7fedda53ca00>,52,3,[1 8],53,140,143,87,128
1,<environment.Job instance at 0x7fee20758550>,0,3,[2 8],1,4,7,3,4
1,<environment.Job instance at 0x7fedda53c870>,5,3,[7 5],6,7,10,1,7
1,<environment.Job instance at 0x7fee20758230>,1,13,[7 4],2,10,23,8,8
1,<environment.Job instance at 0x7fee205c2af0>,6,17,[2 6],7,10,27,3,9
1,<environment.Job instance at 0x7fee205c2370>,10,13,[2 6],11,27,40,16,11
1,<environment.Job instance at 0x7fee1da7cc80>,12,15,[8 4],13,23,38,10,17
1,<environment.Job instance at 0x7fee205c2050>,7,12,[2 8],8,40,52,32,23
1,<environment.Job instance at 0x7fedda301f50>,19,13,[6 4],20,52,65,32,37
1,<environment.Job instance at 0x7fee1e053140>,22,2,[3 6],23,52,54,29,42
1,<environment.Job instance at 0x7fedda57e640>,24,12,[9 1],25,65,77,40,48
1,<environment.Job instance at 0x7fee1dbd6140>,18,12,[9 3],19,77,89,58,60
1,<environment.Job instance at 0x7fee205ba7d0>,29,18,[7 5],30,89,107,59,78
1,<environment.Job instance at 0x7fedda540870>,32,13,[7 2],33,107,120,74,91
1,<environment.Job instance at 0x7fee205dab90>,35,3,[5 3],36,120,123,84,94
1,<environment.Job instance at 0x7fee207576e0>,34,17,[7 2],35,123,140,88,112
1,<environment.Job instance at 0x7fee202d1780>,43,15,[3 9],44,140,155,96,127
1,<environment.Job instance at 0x7fedd9f4ed70>,1,2,[3 9],2,2,4,0,2
1,<environment.Job instance at 0x7fee204d0690>,6,13,[5 7],7,9,22,2,9
1,<environment.Job instance at 0x7fedda1c5320>,8,16,[3 8],9,22,38,13,11
1,<environment.Job instance at 0x7fedda20a8c0>,15,14,[4 8],16,38,52,22,23
1,<environment.Job instance at 0x7fee1da38050>,18,3,[3 8],19,52,55,33,34
1,<environment.Job instance at 0x7fedda4d8370>,17,12,[1 6],18,55,67,37,39
1,<environment.Job instance at 0x7fee1e05e3c0>,22,1,[1 8],23,67,68,44,47
1,<environment.Job instance at 0x7fee203f9c30>,24,2,[3 6],25,71,73,46,71
1,<environment.Job instance at 0x7fedda5265a0>,19,16,[10  5],20,73,89,53,72
1,<environment.Job instance at 0x7fee1e04aeb0>,29,3,[10  1],30,89,92,59,73
1,<environment.Job instance at 0x7fee1e04a280>,32,3,[10  4],33,92,95,59,74
1,<environment.Job instance at 0x7fedda0eb640>,2,14,[ 2 10],3,95,109,92,82
1,<environment.Job instance at 0x7fedd9edea00>,38,13,[8 5],39,109,122,70,93
1,<environment.Job instance at 0x7fedd9ede820>,37,13,[10  4],38,122,135,84,106
1,<environment.Job instance at 0x7fedd9ede8c0>,42,16,[5 4],43,135,151,92,125
1,<environment.Job instance at 0x7fedd9ede730>,49,14,[5 1],50,135,149,85,127
1,<environment.Job instance at 0x7fee20534550>,3,3,[5 3],4,4,7,0,4
1,<environment.Job instance at 0x7fedda27a640>,2,18,[2 5],3,7,25,4,7
1,<environment.Job instance at 0x7fee20369b40>,10,2,[5 2],11,12,14,1,12
1,<environment.Job instance at 0x7fee20369b90>,11,15,[5 2],12,14,29,2,13
1,<environment.Job instance at 0x7fee20369f50>,17,2,[10  2],18,29,31,11,27
1,<environment.Job instance at 0x7fee20365280>,18,2,[8 5],19,31,33,12,27
1,<environment.Job instance at 0x7fee203653c0>,20,13,[10  1],21,33,46,12,28
1,<environment.Job instance at 0x7fee20365500>,22,2,[5 3],23,46,48,23,28
1,<environment.Job instance at 0x7fee203656e0>,25,15,[1 5],26,46,61,20,33
1,<environment.Job instance at 0x7fee203655a0>,23,18,[4 5],24,48,66,24,37
1,<environment.Job instance at 0x7fee20365780>,26,16,[5 6],27,66,82,39,53
1,<environment.Job instance at 0x7fee20365dc0>,32,15,[5 1],33,61,76,28,58
1,<environment.Job instance at 0x7fee20353140>,33,3,[2 7],34,82,85,48,58
1,<environment.Job instance at 0x7fee20353460>,35,3,[10  5],36,85,88,49,59
1,<environment.Job instance at 0x7fee20369fa0>,15,16,[10  3],16,88,104,72,75
1,<environment.Job instance at 0x7fee20353870>,42,14,[3 7],43,104,118,61,89
1,<environment.Job instance at 0x7fee203535f0>,38,16,[ 5 10],39,118,134,79,105
1,<environment.Job instance at 0x7fee20353cd0>,49,18,[10  2],50,134,152,84,124
1,<environment.Job instance at 0x7fee20353eb0>,7,2,[9 4],8,9,11,1,9
1,<environment.Job instance at 0x7fedda24c910>,8,12,[10  3],9,11,23,2,10
1,<environment.Job instance at 0x7fedda24ce10>,12,16,[6 1],13,23,39,10,13
1,<environment.Job instance at 0x7fedda24c870>,14,2,[1 9],15,23,25,8,21
1,<environment.Job instance at 0x7fee1dbcb0f0>,15,14,[5 4],16,39,53,23,24
1,<environment.Job instance at 0x7fedda1b3aa0>,18,3,[9 5],19,53,56,34,28
1,<environment.Job instance at 0x7fedda1b3730>,19,3,[5 4],20,39,42,19,29
1,<environment.Job instance at 0x7fedda1b3910>,20,2,[3 5],21,31,33,10,31
1,<environment.Job instance at 0x7fedda1b3be0>,22,2,[1 9],23,35,37,12,35
1,<environment.Job instance at 0x7fedda1b3e60>,23,1,[3 7],24,37,38,13,35
1,<environment.Job instance at 0x7fee1dffb0f0>,24,3,[8 5],25,56,59,31,35
1,<environment.Job instance at 0x7fee1dffb5a0>,25,2,[9 5],26,59,61,33,35
1,<environment.Job instance at 0x7fee1dffb320>,26,16,[4 9],27,61,77,34,48
1,<environment.Job instance at 0x7fee1dffb0a0>,29,15,[6 4],30,77,92,47,65
1,<environment.Job instance at 0x7fee251b2910>,33,1,[9 4],34,92,93,58,65
1,<environment.Job instance at 0x7fee251b2eb0>,36,17,[1 6],37,77,94,40,66
1,<environment.Job instance at 0x7fee24c52d20>,37,13,[9 4],38,93,106,55,77
1,<environment.Job instance at 0x7fee1dab7730>,42,18,[6 5],43,106,124,63,95
1,<environment.Job instance at 0x7fee1dde6aa0>,47,15,[4 8],48,124,139,76,110
1,<environment.Job instance at 0x7fee1dde6f50>,48,15,[1 6],49,139,154,90,125
1,<environment.Job instance at 0x7fee1e0e05a0>,5,1,[1 7],6,6,7,0,6
1,<environment.Job instance at 0x7fee1ded7730>,4,2,[3 9],5,7,9,2,7
1,<environment.Job instance at 0x7fee1e0e0500>,6,2,[5 3],7,9,11,2,7
1,<environment.Job instance at 0x7fee1e0e0140>,8,12,[6 4],9,11,23,2,9
1,<environment.Job instance at 0x7fee1e0e0c30>,9,2,[4 8],10,23,25,13,10
1,<environment.Job instance at 0x7fee1e0e0dc0>,11,13,[3 5],12,25,38,13,12
1,<environment.Job instance at 0x7fee1ddcbb90>,0,18,[3 5],1,25,43,24,19
1,<environment.Job instance at 0x7fee1de44500>,20,2,[5 4],21,38,40,17,21
1,<environment.Job instance at 0x7fee1e09e460>,18,12,[10  4],19,43,55,24,29
1,<environment.Job instance at 0x7fee206e7be0>,23,3,[6 1],24,40,43,16,30
1,<environment.Job instance at 0x7fedda0f7d20>,32,1,[7 4],33,55,56,22,34
1,<environment.Job instance at 0x7fedda0f7f50>,35,13,[7 4],36,56,69,20,43
1,<environment.Job instance at 0x7fedda0f7910>,33,14,[ 5 10],34,69,83,35,54
1,<environment.Job instance at 0x7fee1e102820>,42,17,[5 7],43,83,100,40,71
1,<environment.Job instance at 0x7fee208ef0f0>,48,12,[7 5],49,100,112,51,83
1,<environment.Job instance at 0x7fee1e102c30>,36,16,[3 8],37,112,128,75,99
1,<environment.Job instance at 0x7fee1def90f0>,57,14,[5 6],58,128,142,70,113
1,<environment.Job instance at 0x7fee206c33c0>,58,16,[8 4],59,142,158,83,129
1,<environment.Job instance at 0x7fee206c3550>,2,2,[2 8],3,6,8,3,6
1,<environment.Job instance at 0x7fedd9f0cd70>,4,14,[5 3],5,8,22,3,6
1,<environment.Job instance at 0x7fee1de33d20>,5,2,[8 1],6,22,24,16,11
1,<environment.Job instance at 0x7fedd9f02d20>,10,12,[9 4],11,24,36,13,13
1,<environment.Job instance at 0x7fedd9f28190>,12,14,[3 7],13,36,50,23,21
1,<environment.Job instance at 0x7fedd9f287d0>,15,15,[ 1 10],16,50,65,34,36
1,<environment.Job instance at 0x7fedd9f28870>,18,1,[10  1],19,65,66,46,37
1,<environment.Job instance at 0x7fedd9f05370>,23,13,[6 5],24,66,79,42,50
1,<environment.Job instance at 0x7fedd9f1e280>,28,12,[6 3],29,79,91,50,64
1,<environment.Job instance at 0x7fedda49b5f0>,29,3,[7 4],30,91,94,61,65
1,<environment.Job instance at 0x7fedda505140>,31,3,[4 5],32,66,69,34,66
1,<environment.Job instance at 0x7fedda4831e0>,32,3,[10  3],33,94,97,61,68
1,<environment.Job instance at 0x7fee202f1cd0>,0,15,[1 8],1,97,112,96,84
1,<environment.Job instance at 0x7fedda4b7aa0>,38,2,[7 1],39,97,99,58,91
1,<environment.Job instance at 0x7fee1e05ebe0>,39,17,[5 2],40,99,116,59,92
1,<environment.Job instance at 0x7fedda484fa0>,40,14,[6 1],41,116,130,75,101
1,<environment.Job instance at 0x7fee1df515f0>,42,3,[8 4],43,130,133,87,107
1,<environment.Job instance at 0x7fedd9ee8c30>,43,15,[2 7],44,112,127,68,107
1,<environment.Job instance at 0x7fedda4a3dc0>,45,3,[9 3],46,133,136,87,107
1,<environment.Job instance at 0x7fee20280370>,46,17,[8 4],47,136,153,89,124
1,<environment.Job instance at 0x7fedd9c7da50>,3,3,[6 1],4,5,8,1,5
1,<environment.Job instance at 0x7fee1dbb7050>,10,15,[3 7],11,12,27,1,12
1,<environment.Job instance at 0x7fee1da10320>,11,13,[1 7],12,29,42,17,29
1,<environment.Job instance at 0x7fee250710f0>,21,18,[9 3],22,41,59,19,41
1,<environment.Job instance at 0x7fee1def7730>,23,3,[3 6],24,59,62,35,42
1,<environment.Job instance at 0x7fee205d5af0>,24,13,[4 7],25,62,75,37,46
1,<environment.Job instance at 0x7fedda11ba50>,27,3,[10  5],28,75,78,47,57
1,<environment.Job instance at 0x7fee20383370>,29,14,[1 8],30,78,92,48,66
1,<environment.Job instance at 0x7fee1def7eb0>,28,18,[7 1],29,78,96,49,73
1,<environment.Job instance at 0x7fee2021c320>,31,12,[4 6],32,96,108,64,80
1,<environment.Job instance at 0x7fee1e0143c0>,40,13,[4 9],41,108,121,67,92
1,<environment.Job instance at 0x7fee1e014a00>,43,14,[6 1],44,100,114,56,100
1,<environment.Job instance at 0x7fee1e014640>,42,16,[8 1],43,121,137,78,108
1,<environment.Job instance at 0x7fee1e014e60>,48,2,[6 1],49,137,139,88,126
1,<environment.Job instance at 0x7fee1e1355f0>,49,12,[1 8],50,126,138,76,126
1,<environment.Job instance at 0x7fee1e1350a0>,50,13,[6 3],51,139,152,88,126
1,<environment.Job instance at 0x7fee1e135460>,4,2,[7 3],5,5,7,0,5
1,<environment.Job instance at 0x7fedd9c25140>,3,13,[2 7],4,7,20,3,7
1,<environment.Job instance at 0x7fedd9c25280>,9,3,[9 5],10,20,23,10,10
1,<environment.Job instance at 0x7fedd9d282d0>,10,2,[8 4],11,23,25,12,11
1,<environment.Job instance at 0x7fedd9c25370>,6,14,[8 5],7,25,39,18,15
1,<environment.Job instance at 0x7fee1ded0e60>,18,14,[5 5],19,39,53,20,26
1,<environment.Job instance at 0x7fedda098e10>,26,2,[ 2 10],27,53,55,26,37
1,<environment.Job instance at 0x7fedda0989b0>,28,1,[9 5],29,55,56,26,37
1,<environment.Job instance at 0x7fedd9d28f50>,15,16,[10  1],16,56,72,40,44
1,<environment.Job instance at 0x7fedda098190>,30,2,[9 2],31,72,74,41,59
1,<environment.Job instance at 0x7fedda0983c0>,35,1,[8 4],36,74,75,38,60
1,<environment.Job instance at 0x7fedd9d289b0>,13,18,[6 1],14,75,93,61,64
1,<environment.Job instance at 0x7fedd9d15b40>,37,2,[4 5],38,75,77,37,64
1,<environment.Job instance at 0x7fedda098730>,36,12,[1 9],37,77,89,40,64
1,<environment.Job instance at 0x7fedd9d15870>,40,3,[1 9],41,89,92,48,77
1,<environment.Job instance at 0x7fedd9d15dc0>,42,16,[4 7],43,92,108,49,79
1,<environment.Job instance at 0x7fedd9d155a0>,38,18,[5 9],39,108,126,69,97
1,<environment.Job instance at 0x7fedd9d15640>,46,12,[1 5],47,126,138,79,109
1,<environment.Job instance at 0x7fedd9d15820>,48,3,[7 1],49,126,129,77,109
1,<environment.Job instance at 0x7fedd9d15690>,51,12,[7 5],52,129,141,77,114
1,<environment.Job instance at 0x7fedda048aa0>,55,15,[8 3],56,141,156,85,127
1,<environment.Job instance at 0x7fee20306460>,1,15,[6 1],2,11,26,9,11
1,<environment.Job instance at 0x7fee203fcfa0>,15,16,[6 5],16,27,43,11,27
1,<environment.Job instance at 0x7fee203d4aa0>,16,15,[1 6],17,43,58,26,29
1,<environment.Job instance at 0x7fee203d4be0>,19,14,[2 7],20,58,72,38,45
1,<environment.Job instance at 0x7fee203d4780>,26,14,[7 3],27,53,67,26,53
1,<environment.Job instance at 0x7fee203e7f50>,28,3,[ 2 10],29,72,75,43,54
1,<environment.Job instance at 0x7fee203eafa0>,30,3,[8 1],31,67,70,36,54
1,<environment.Job instance at 0x7fee1dda9910>,31,14,[1 8],32,75,89,43,60
1,<environment.Job instance at 0x7fee1dda9d20>,33,12,[10  2],34,89,101,55,72
1,<environment.Job instance at 0x7fee203d4640>,23,15,[9 4],24,101,116,77,87
1,<environment.Job instance at 0x7fee1ddaa5f0>,43,14,[7 2],44,116,130,72,101
1,<environment.Job instance at 0x7fedda048730>,3,18,[1 7],4,116,134,112,105
1,<environment.Job instance at 0x7fee20305b40>,49,12,[4 6],50,134,146,84,118
1,<environment.Job instance at 0x7fee203058c0>,50,17,[5 2],51,130,147,79,118
1,<environment.Job instance at 0x7fedda5ec910>,4,2,[4 5],5,10,12,5,10
1,<environment.Job instance at 0x7fedda5ecaa0>,8,15,[3 5],9,15,30,6,15
1,<environment.Job instance at 0x7fee1e07d050>,12,15,[8 3],13,30,45,17,16
1,<environment.Job instance at 0x7fee208d49b0>,16,13,[2 7],17,30,43,13,20
1,<environment.Job instance at 0x7fedd9dc6550>,14,12,[2 9],15,45,57,30,28
1,<environment.Job instance at 0x7fedd9c4f730>,5,13,[9 1],6,57,70,51,42
1,<environment.Job instance at 0x7fee1de47e60>,18,14,[2 8],19,70,84,51,56
1,<environment.Job instance at 0x7fee1de47370>,27,2,[1 6],28,57,59,29,57
1,<environment.Job instance at 0x7fee1dfb2d70>,28,3,[10  2],29,84,87,55,58
1,<environment.Job instance at 0x7fee1dfb2960>,31,12,[7 1],32,70,82,38,63
1,<environment.Job instance at 0x7fee2037eeb0>,32,13,[6 3],33,87,100,54,71
1,<environment.Job instance at 0x7fee2037e7d0>,37,14,[6 1],38,100,114,62,85
1,<environment.Job instance at 0x7fedda24fbe0>,40,16,[4 9],41,100,116,59,89
1,<environment.Job instance at 0x7fee1dca7780>,45,14,[8 2],46,116,130,70,106
1,<environment.Job instance at 0x7fee1e0921e0>,48,2,[7 4],49,130,132,81,106
1,<environment.Job instance at 0x7fedd9c4dcd0>,50,1,[3 6],51,130,131,79,106
1,<environment.Job instance at 0x7fee1d9e7eb0>,52,2,[6 2],53,132,134,79,111
1,<environment.Job instance at 0x7fee1d9e70f0>,53,16,[1 9],54,134,150,80,122
1,<environment.Job instance at 0x7fee1db6a870>,56,2,[9 1],57,134,136,77,123
1,<environment.Job instance at 0x7fee1de47050>,3,13,[7 2],4,4,17,0,4
1,<environment.Job instance at 0x7fee20240dc0>,6,3,[10  1],7,17,20,10,7
1,<environment.Job instance at 0x7fee20240960>,8,2,[10  3],9,20,22,11,10
1,<environment.Job instance at 0x7fee20240730>,12,2,[1 7],13,31,33,18,31
1,<environment.Job instance at 0x7fee202401e0>,10,18,[5 5],11,36,54,25,36
1,<environment.Job instance at 0x7fedd9c7d050>,0,14,[7 5],1,54,68,53,42
1,<environment.Job instance at 0x7fedda5712d0>,25,17,[10  2],26,68,85,42,56
1,<environment.Job instance at 0x7fedda5496e0>,27,12,[5 6],28,85,97,57,69
1,<environment.Job instance at 0x7fedda571640>,22,16,[5 5],23,97,113,74,85
1,<environment.Job instance at 0x7fedda54c190>,36,13,[5 7],37,113,126,76,101
1,<environment.Job instance at 0x7fedda54c5a0>,37,3,[7 4],38,126,129,88,102
1,<environment.Job instance at 0x7fedda54c460>,39,13,[5 2],40,104,117,64,104
1,<environment.Job instance at 0x7fedda54c9b0>,42,2,[3 8],43,129,131,86,104
1,<environment.Job instance at 0x7fedda54c550>,44,17,[4 8],45,131,148,86,119
1,<environment.Job instance at 0x7fedd9c4f9b0>,9,1,[1 5],10,24,25,14,24
1,<environment.Job instance at 0x7fedd9c4fe60>,10,12,[7 4],11,24,36,13,24
1,<environment.Job instance at 0x7fedd9c4faf0>,11,2,[3 9],12,36,38,24,24
1,<environment.Job instance at 0x7fedd9c4fbe0>,12,16,[7 5],13,38,54,25,27
1,<environment.Job instance at 0x7fee1def5140>,15,3,[5 9],16,54,57,38,34
1,<environment.Job instance at 0x7fedd9c4f5a0>,8,13,[9 1],9,57,70,48,52
1,<environment.Job instance at 0x7fee1def5320>,19,2,[5 5],20,70,72,50,52
1,<environment.Job instance at 0x7fee205a4820>,22,2,[8 3],23,72,74,49,54
1,<environment.Job instance at 0x7fee1def59b0>,18,18,[2 5],19,70,88,51,59
1,<environment.Job instance at 0x7fee20286c30>,24,3,[4 8],25,88,91,63,62
1,<environment.Job instance at 0x7fee1deb2050>,23,12,[2 9],24,91,103,67,75
1,<environment.Job instance at 0x7fedd9bbfbe0>,29,16,[ 1 10],30,103,119,73,92
1,<environment.Job instance at 0x7fee206a5c30>,39,3,[ 1 10],40,119,122,79,95
1,<environment.Job instance at 0x7fee2029f550>,40,13,[7 2],41,122,135,81,106
1,<environment.Job instance at 0x7fee1daa9b90>,44,3,[2 5],45,122,125,77,106
1,<environment.Job instance at 0x7fee1daa97d0>,50,13,[2 8],51,125,138,74,112
1,<environment.Job instance at 0x7fee1daabd70>,52,12,[7 5],53,138,150,85,122
1,<environment.Job instance at 0x7f1892aa80a0>,2,12,[5 4],3,4,16,1,4
1,<environment.Job instance at 0x7f1892aec5a0>,3,18,[ 3 10],4,16,34,12,8
1,<environment.Job instance at 0x7f1892aa80f0>,0,18,[ 2 10],1,34,52,33,24
1,<environment.Job instance at 0x7f188b699a50>,13,13,[1 8],14,52,65,38,42
1,<environment.Job instance at 0x7f188b6998c0>,15,3,[10  2],16,65,68,49,44
1,<environment.Job instance at 0x7f188b6997d0>,17,3,[10  3],18,68,71,50,47
1,<environment.Job instance at 0x7f188b699af0>,14,12,[3 7],15,71,83,56,55
1,<environment.Job instance at 0x7f188b699d70>,21,3,[ 2 10],22,83,86,61,66
1,<environment.Job instance at 0x7f188b699f00>,23,18,[5 2],24,86,104,62,75
1,<environment.Job instance at 0x7f188b69b230>,28,2,[5 9],29,104,106,75,77
1,<environment.Job instance at 0x7f188b69b500>,30,1,[5 5],31,86,87,55,77
1,<environment.Job instance at 0x7f188b699640>,9,17,[ 4 10],10,106,123,96,96
1,<environment.Job instance at 0x7f188b69b140>,34,3,[9 5],35,123,126,88,97
1,<environment.Job instance at 0x7f188b69ba50>,37,14,[5 5],38,126,140,88,112
1,<environment.Job instance at 0x7f188b69b5a0>,31,17,[4 9],32,140,157,108,128
1,<environment.Job instance at 0x7f188b69b320>,41,14,[6 1],42,140,154,98,128
1,<environment.Job instance at 0x7f1892c0eaf0>,2,2,[4 9],3,3,5,0,3
1,<environment.Job instance at 0x7f188b69bd70>,4,1,[7 1],5,5,6,0,5
1,<environment.Job instance at 0x7f1892c0ebe0>,5,15,[6 2],6,7,22,1,7
1,<environment.Job instance at 0x7f1892acfcd0>,7,3,[ 2 10],8,22,25,14,8
1,<environment.Job instance at 0x7f1892acf1e0>,8,12,[3 9],9,25,37,16,10
1,<environment.Job instance at 0x7f1892c0f410>,9,3,[5 5],10,37,40,27,18
1,<environment.Job instance at 0x7f1892c0f6e0>,14,2,[8 5],15,40,42,25,20
1,<environment.Job instance at 0x7f1892c0f960>,16,2,[8 2],17,42,44,25,20
1,<environment.Job instance at 0x7f1892acf370>,6,15,[6 2],7,44,59,37,31
1,<environment.Job instance at 0x7f1892c224b0>,17,17,[3 8],18,44,61,26,35
1,<environment.Job instance at 0x7f1892c226e0>,23,15,[4 8],24,61,76,37,47
1,<environment.Job instance at 0x7f1892c18320>,27,18,[5 2],28,59,77,31,49
1,<environment.Job instance at 0x7f1892c186e0>,29,16,[3 5],30,76,92,46,63
1,<environment.Job instance at 0x7f1892ad1550>,36,1,[7 4],37,77,78,40,69
1,<environment.Job instance at 0x7f1892c0fdc0>,11,16,[1 9],12,92,108,80,79
1,<environment.Job instance at 0x7f1892ad14b0>,40,12,[2 5],41,108,120,67,92
1,<environment.Job instance at 0x7f1892ad1460>,44,12,[5 7],45,120,132,75,103
1,<environment.Job instance at 0x7f1892ad15f0>,45,17,[10  5],46,132,149,86,120
1,<environment.Job instance at 0x7f1892ad01e0>,52,14,[8 4],53,149,163,96,134
1,<environment.Job instance at 0x7f184793b910>,2,2,[9 4],3,3,5,0,3
1,<environment.Job instance at 0x7f18478f1690>,4,2,[1 7],5,8,10,3,8
1,<environment.Job instance at 0x7f1847a33500>,10,13,[7 4],11,11,24,0,11
1,<environment.Job instance at 0x7f1847a33140>,11,3,[3 6],12,12,15,0,12
1,<environment.Job instance at 0x7f1847a0b550>,6,13,[3 6],7,15,28,8,12
1,<environment.Job instance at 0x7f188b4f8b40>,13,18,[9 2],14,28,46,14,19
1,<environment.Job instance at 0x7f188b523960>,19,15,[7 4],20,46,61,26,32
1,<environment.Job instance at 0x7f188b4f3dc0>,24,1,[3 8],25,61,62,36,37
1,<environment.Job instance at 0x7f18478e58c0>,18,15,[2 5],19,62,77,43,49
1,<environment.Job instance at 0x7f18478eb910>,26,15,[7 3],27,62,77,35,49
1,<environment.Job instance at 0x7f188bb3d5a0>,30,14,[2 8],31,77,91,46,62
1,<environment.Job instance at 0x7f188b4b5870>,34,16,[8 3],35,91,107,56,78
1,<environment.Job instance at 0x7f1847a17910>,39,17,[4 8],40,107,124,67,96
1,<environment.Job instance at 0x7f1847a17140>,42,2,[9 3],43,124,126,81,97
1,<environment.Job instance at 0x7f1847a17870>,43,15,[7 4],44,126,141,82,112
1,<environment.Job instance at 0x7f18478f7500>,50,13,[ 4 10],51,141,154,90,127
1,<environment.Job instance at 0x7f18478f7cd0>,52,2,[6 1],53,154,156,101,129
1,<environment.Job instance at 0x7f18478f7dc0>,53,13,[2 5],54,154,167,100,139
1,<environment.Job instance at 0x7f188b68d460>,6,13,[8 4],7,8,21,1,8
1,<environment.Job instance at 0x7f18478f7dc0>,7,14,[9 1],8,21,35,13,14
1,<environment.Job instance at 0x7f188b6eabe0>,16,13,[7 1],17,35,48,18,21
1,<environment.Job instance at 0x7f1892665690>,17,16,[2 6],18,35,51,17,23
1,<environment.Job instance at 0x7f188b6f0d20>,15,15,[5 7],16,51,66,35,37
1,<environment.Job instance at 0x7f188b68a550>,28,12,[ 2 10],29,66,78,37,52
1,<environment.Job instance at 0x7f188b68d870>,5,16,[10  5],6,78,94,72,66
1,<environment.Job instance at 0x7f1847e365f0>,40,13,[3 8],41,94,107,53,78
1,<environment.Job instance at 0x7f1847e6ce10>,43,14,[3 6],44,107,121,63,92
1,<environment.Job instance at 0x7f1847a22780>,47,13,[6 5],48,121,134,73,105
1,<environment.Job instance at 0x7f1847e3c190>,51,14,[1 9],52,134,148,82,119
1,<environment.Job instance at 0x7f1847a17eb0>,54,17,[7 4],55,148,165,93,139
1,<environment.Job instance at 0x7f1847e3b730>,2,3,[4 9],3,4,7,1,4
1,<environment.Job instance at 0x7f189242d820>,5,12,[6 1],6,6,18,0,6
1,<environment.Job instance at 0x7f188bae04b0>,6,2,[ 3 10],7,18,20,11,7
1,<environment.Job instance at 0x7f188b5130f0>,7,3,[5 1],8,20,23,12,8
1,<environment.Job instance at 0x7f188bae0190>,8,2,[5 4],9,20,22,11,9
1,<environment.Job instance at 0x7f188bae0e10>,10,1,[5 1],11,22,23,11,11
1,<environment.Job instance at 0x7f188bac1140>,9,14,[9 5],10,23,37,13,15
1,<environment.Job instance at 0x7f188babbd20>,15,17,[ 5 10],16,37,54,21,25
1,<environment.Job instance at 0x7f188bafd5f0>,25,3,[7 2],26,54,57,28,40
1,<environment.Job instance at 0x7f188bafd4b0>,26,14,[9 2],27,57,71,30,42
1,<environment.Job instance at 0x7f188bafdcd0>,29,3,[4 9],30,71,74,41,59
1,<environment.Job instance at 0x7f188bafde60>,30,13,[10  4],31,74,87,43,60
1,<environment.Job instance at 0x7f188bafd910>,31,15,[1 9],32,87,102,55,73
1,<environment.Job instance at 0x7f188b617730>,33,3,[1 8],34,102,105,68,76
1,<environment.Job instance at 0x7f188bafa140>,34,3,[5 2],35,102,105,67,76
1,<environment.Job instance at 0x7f188baf4780>,37,1,[7 4],38,105,106,67,77
1,<environment.Job instance at 0x7f188bafa320>,38,17,[2 7],39,106,123,67,94
1,<environment.Job instance at 0x7f188baf4960>,42,2,[7 4],43,123,125,80,107
1,<environment.Job instance at 0x7f188baf5550>,43,3,[5 5],44,125,128,81,107
1,<environment.Job instance at 0x7f188baf5a50>,44,2,[9 2],45,128,130,83,107
1,<environment.Job instance at 0x7f188baf50f0>,45,13,[3 9],46,130,143,84,115
1,<environment.Job instance at 0x7f188baf54b0>,47,17,[3 5],48,143,160,95,131
1,<environment.Job instance at 0x7f1892395910>,4,17,[5 1],5,6,23,1,6
1,<environment.Job instance at 0x7f189212e320>,7,12,[7 2],8,23,35,15,9
1,<environment.Job instance at 0x7f189212e500>,11,3,[5 2],12,13,16,1,13
1,<environment.Job instance at 0x7f189212e6e0>,13,3,[4 7],14,16,19,2,14
1,<environment.Job instance at 0x7f1847cb18c0>,1,12,[1 8],2,19,31,17,16
1,<environment.Job instance at 0x7f189212e9b0>,12,17,[9 4],13,35,52,22,23
1,<environment.Job instance at 0x7f1892329fa0>,17,15,[4 6],18,52,67,34,38
1,<environment.Job instance at 0x7f188b567370>,24,16,[4 5],25,67,83,42,55
1,<environment.Job instance at 0x7f188b5675a0>,31,3,[6 4],32,56,59,24,56
1,<environment.Job instance at 0x7f188b5674b0>,32,17,[ 2 10],33,83,100,50,71
1,<environment.Job instance at 0x7f188b567910>,34,12,[9 1],35,100,112,65,84
1,<environment.Job instance at 0x7f1847e85730>,1,1,[6 5],2,3,4,1,3
1,<environment.Job instance at 0x7f1847e859b0>,4,2,[9 3],5,5,7,0,5
1,<environment.Job instance at 0x7f1847e85f50>,6,13,[9 3],7,7,20,0,7
1,<environment.Job instance at 0x7f1847ee9640>,5,18,[1 8],6,20,38,14,9
1,<environment.Job instance at 0x7f188b5e56e0>,10,14,[1 5],11,38,52,27,23
1,<environment.Job instance at 0x7f18920b69b0>,8,16,[9 4],9,38,54,29,35
1,<environment.Job instance at 0x7f1891f1ab90>,16,18,[7 4],17,54,72,37,44
1,<environment.Job instance at 0x7f1847d5e1e0>,17,19,[1 5],18,52,71,34,45
1,<environment.Job instance at 0x7f1847d5e050>,19,18,[6 4],20,72,90,52,61
1,<environment.Job instance at 0x7f1847f66320>,24,14,[5 3],25,90,104,65,75
1,<environment.Job instance at 0x7f188b914960>,0,2,[5 5],1,2,4,1,2
1,<environment.Job instance at 0x7f188b914910>,4,3,[4 5],5,7,10,2,7
1,<environment.Job instance at 0x7f184790a370>,5,18,[7 5],6,17,35,11,17
1,<environment.Job instance at 0x7f184790a8c0>,11,1,[8 4],12,35,36,23,17
1,<environment.Job instance at 0x7f184790aa00>,12,1,[2 5],13,18,19,5,18
1,<environment.Job instance at 0x7f184790aaa0>,13,2,[ 4 10],14,36,38,22,18
1,<environment.Job instance at 0x7f184790ac80>,16,1,[2 6],17,35,36,18,22
1,<environment.Job instance at 0x7f184790ab40>,14,18,[10  2],15,45,63,30,45
1,<environment.Job instance at 0x7f18479076e0>,26,17,[3 5],27,63,80,36,51
1,<environment.Job instance at 0x7f1847907820>,28,15,[5 8],29,80,95,51,66
1,<environment.Job instance at 0x7f1847907be0>,34,13,[ 5 10],35,95,108,60,81
1,<environment.Job instance at 0x7f1847907e60>,38,18,[5 5],39,108,126,69,98
1,<environment.Job instance at 0x7f1847907f50>,40,16,[7 5],41,126,142,85,116
1,<environment.Job instance at 0x7f18479161e0>,43,17,[5 9],44,142,159,98,131
1,<environment.Job instance at 0x7f1892258050>,2,1,[5 9],3,3,4,0,3
1,<environment.Job instance at 0x7f188b884d20>,0,12,[5 6],1,7,19,6,7
1,<environment.Job instance at 0x7f1891f959b0>,5,17,[10  3],6,19,36,13,9
1,<environment.Job instance at 0x7f1847e61550>,10,2,[1 6],11,36,38,25,11
1,<environment.Job instance at 0x7f189226d780>,13,2,[2 7],14,38,40,24,15
1,<environment.Job instance at 0x7f188b456960>,15,16,[7 3],16,36,52,20,23
1,<environment.Job instance at 0x7f188b4566e0>,18,2,[4 6],19,52,54,33,29
1,<environment.Job instance at 0x7f188b8b1910>,21,15,[8 4],22,54,69,32,40
1,<environment.Job instance at 0x7f1847e30d20>,23,16,[2 6],24,54,70,30,45
1,<environment.Job instance at 0x7f1847e30b90>,24,2,[6 1],25,52,54,27,45
1,<environment.Job instance at 0x7f1847c6ed20>,22,14,[9 2],23,70,84,47,55
1,<environment.Job instance at 0x7f188b799eb0>,29,2,[9 3],30,84,86,54,57
1,<environment.Job instance at 0x7f188b585fa0>,33,18,[4 6],34,86,104,52,76
1,<environment.Job instance at 0x7f188b456be0>,12,14,[ 4 10],13,104,118,91,90
1,<environment.Job instance at 0x7f188b99a730>,38,3,[10  2],39,118,121,79,92
1,<environment.Job instance at 0x7f188b5a1b90>,37,12,[1 6],38,121,133,83,104
1,<environment.Job instance at 0x7f188b5af410>,42,18,[7 4],43,121,139,78,110
1,<environment.Job instance at 0x7f188b7a31e0>,45,2,[3 9],46,139,141,93,122
1,<environment.Job instance at 0x7f188b7a3d20>,46,2,[5 7],47,141,143,94,122
1,<environment.Job instance at 0x7f188b7a3690>,47,1,[8 1],48,143,144,95,122
1,<environment.Job instance at 0x7f188b7a3230>,48,3,[9 5],49,144,147,95,122
1,<environment.Job instance at 0x7f1892455870>,50,2,[8 4],51,147,149,96,127
1,<environment.Job instance at 0x7f1892455fa0>,51,2,[3 9],52,149,151,97,127
1,<environment.Job instance at 0x7f188b7a3dc0>,49,15,[3 9],50,151,166,101,137
1,<environment.Job instance at 0x7f189212cc30>,3,12,[5 4],4,4,16,0,4
1,<environment.Job instance at 0x7f1892494dc0>,9,3,[ 3 10],10,16,19,6,10
1,<environment.Job instance at 0x7f188b71e8c0>,12,2,[3 7],13,19,21,6,13
1,<environment.Job instance at 0x7f188b8d45a0>,5,13,[9 1],6,21,34,15,13
1,<environment.Job instance at 0x7f188bbb0910>,16,13,[8 1],17,34,47,17,18
1,<environment.Job instance at 0x7f1847ea1960>,20,3,[ 4 10],21,47,50,26,24
1,<environment.Job instance at 0x7f18929d3640>,21,2,[2 9],22,34,36,12,24
1,<environment.Job instance at 0x7f1891faa3c0>,24,17,[2 7],25,50,67,25,46
1,<environment.Job instance at 0x7f1847ea15a0>,18,16,[10  3],19,67,83,48,58
1,<environment.Job instance at 0x7f189212c370>,2,18,[3 7],3,84,102,81,84
1,<environment.Job instance at 0x7f1847ee9370>,29,18,[5 1],30,86,104,56,86
1,<environment.Job instance at 0x7f1847ee9280>,31,12,[2 6],32,102,114,70,87
1,<environment.Job instance at 0x7f1847ee99b0>,32,17,[6 4],33,104,121,71,96
1,<environment.Job instance at 0x7f188b8a76e0>,39,12,[3 9],40,121,133,81,104
1,<environment.Job instance at 0x7f188b8a7dc0>,41,16,[5 5],42,133,149,91,120
1,<environment.Job instance at 0x7f188b8a7190>,42,18,[2 5],43,133,151,90,123
1,<environment.Job instance at 0x7f1892263b90>,45,1,[6 1],46,128,129,82,128
1,<environment.Job instance at 0x7f1847f86140>,51,15,[5 2],52,149,164,97,135
1,<environment.Job instance at 0x7f188bb3ee60>,2,3,[2 8],3,3,6,0,3
1,<environment.Job instance at 0x7f188bb3e820>,5,17,[1 7],6,6,23,0,6
1,<environment.Job instance at 0x7f188bb3e140>,0,13,[5 8],1,23,36,22,7
1,<environment.Job instance at 0x7f18479b65f0>,16,15,[ 3 10],17,36,51,19,22
1,<environment.Job instance at 0x7f18479b6500>,19,12,[7 5],20,51,63,31,35
1,<environment.Job instance at 0x7f18479b6b90>,24,15,[6 2],25,63,78,38,49
1,<environment.Job instance at 0x7f18479b6d70>,25,2,[9 1],26,78,80,52,51
1,<environment.Job instance at 0x7f18479b6c30>,27,3,[5 2],28,80,83,52,56
1,<environment.Job instance at 0x7f18479a5190>,31,17,[5 8],32,80,97,48,68
1,<environment.Job instance at 0x7f18479c8eb0>,8,13,[10  4],9,97,110,88,87
1,<environment.Job instance at 0x7f18479a52d0>,33,14,[3 6],34,110,124,76,97
1,<environment.Job instance at 0x7f18479a55f0>,38,12,[10  3],39,124,136,85,107
1,<environment.Job instance at 0x7f18479a5c80>,41,1,[ 3 10],42,136,137,94,118
1,<environment.Job instance at 0x7f18479a5730>,36,14,[4 7],37,137,151,100,124
1,<environment.Job instance at 0x7f18479a5c30>,45,14,[5 4],46,151,165,105,136
1,<environment.Job instance at 0x7f18479dc230>,49,3,[5 4],50,151,154,101,139
1,<environment.Job instance at 0x7f18479dc3c0>,50,2,[3 5],51,154,156,103,139
1,<environment.Job instance at 0x7f18479dc4b0>,51,12,[3 5],52,156,168,104,139
1,<environment.Job instance at 0x7f1847ce1dc0>,6,13,[ 2 10],7,13,26,6,13
1,<environment.Job instance at 0x7f1847ce10a0>,8,3,[1 7],9,26,29,17,13
1,<environment.Job instance at 0x7f1847ce10f0>,7,12,[6 5],8,29,41,21,13
1,<environment.Job instance at 0x7f1847cb8eb0>,12,3,[5 8],13,41,44,28,16
1,<environment.Job instance at 0x7f1847cb8410>,13,2,[6 2],14,26,28,12,16
1,<environment.Job instance at 0x7f18925ff5a0>,17,3,[2 7],18,44,47,26,19
1,<environment.Job instance at 0x7f1847cb84b0>,11,12,[5 3],12,44,56,32,28
1,<environment.Job instance at 0x7f18925ff8c0>,19,1,[5 6],20,47,48,27,29
1,<environment.Job instance at 0x7f1892494780>,23,14,[6 2],24,56,70,32,41
1,<environment.Job instance at 0x7f1892494410>,25,1,[1 7],26,48,49,22,41
1,<environment.Job instance at 0x7f188b406870>,31,13,[3 5],32,52,65,20,52
1,<environment.Job instance at 0x7f1892494dc0>,28,12,[6 4],29,70,82,41,53
1,<environment.Job instance at 0x7f188b406f50>,36,13,[6 4],37,82,95,45,66
1,<environment.Job instance at 0x7f188b8d4230>,40,2,[5 4],41,95,97,54,75
1,<environment.Job instance at 0x7f18925dfc80>,43,3,[6 1],44,97,100,53,94
1,<environment.Job instance at 0x7f18925dfeb0>,45,3,[8 1],46,100,103,54,94
1,<environment.Job instance at 0x7f188b4baaa0>,46,2,[5 9],47,103,105,56,94
1,<environment.Job instance at 0x7f1847edbaf0>,47,2,[5 8],48,105,107,57,94
1,<environment.Job instance at 0x7f1847edb460>,48,3,[6 2],49,107,110,58,94
1,<environment.Job instance at 0x7f1847edba50>,49,2,[10  1],50,110,112,60,94
1,<environment.Job instance at 0x7f189240a870>,50,12,[2 5],51,112,124,61,95
1,<environment.Job instance at 0x7f1847cd49b0>,53,14,[ 5 10],54,124,138,70,109
1,<environment.Job instance at 0x7f1847e957d0>,60,15,[5 5],61,138,153,77,124
1,<environment.Job instance at 0x7f188bb63be0>,64,12,[7 1],65,153,165,88,136
1,<environment.Job instance at 0x7f188bb636e0>,67,1,[8 4],68,165,166,97,137
1,<environment.Job instance at 0x7f1847f0c6e0>,4,2,[3 6],5,5,7,0,5
1,<environment.Job instance at 0x7f1847f0c190>,6,1,[7 4],7,7,8,0,7
1,<environment.Job instance at 0x7f1847f0cf50>,5,15,[9 1],6,8,23,2,7
1,<environment.Job instance at 0x7f18925321e0>,8,2,[7 4],9,23,25,14,9
1,<environment.Job instance at 0x7f18925324b0>,9,2,[2 6],10,23,25,13,13
1,<environment.Job instance at 0x7f1892532190>,12,2,[2 8],13,25,27,12,13
1,<environment.Job instance at 0x7f1892532640>,10,15,[1 8],11,27,42,16,13
1,<environment.Job instance at 0x7f18925320f0>,15,2,[8 1],16,25,27,9,17
1,<environment.Job instance at 0x7f1892532c80>,11,2,[6 3],12,42,44,30,19
1,<environment.Job instance at 0x7f188b7709b0>,19,1,[9 1],20,27,28,7,20
1,<environment.Job instance at 0x7f188b770aa0>,22,14,[3 7],23,42,56,19,27
1,<environment.Job instance at 0x7f188b770690>,23,16,[ 5 10],24,56,72,32,43
1,<environment.Job instance at 0x7f1847d83aa0>,32,14,[6 2],33,72,86,39,59
1,<environment.Job instance at 0x7f188b770b90>,24,17,[3 5],25,72,89,47,65
1,<environment.Job instance at 0x7f1847d83780>,34,2,[1 5],35,86,88,51,65
1,<environment.Job instance at 0x7f1847d83190>,35,3,[9 4],36,89,92,53,65
1,<environment.Job instance at 0x7f1847d83af0>,38,12,[6 3],39,92,104,53,75
1,<environment.Job instance at 0x7f1847d83f00>,25,15,[ 1 10],26,104,119,78,90
1,<environment.Job instance at 0x7f188b82bd70>,46,14,[10  3],47,119,133,72,104
1,<environment.Job instance at 0x7f188b82b0a0>,50,14,[6 1],51,133,147,82,118
1,<environment.Job instance at 0x7f18478a7c30>,53,15,[2 7],54,133,148,79,121
1,<environment.Job instance at 0x7f18478a75f0>,55,3,[9 3],56,148,151,92,122
1,<environment.Job instance at 0x7f18478a7910>,57,3,[6 1],58,151,154,93,125
1,<environment.Job instance at 0x7f18478a7460>,60,13,[8 4],61,154,167,93,138
1,<environment.Job instance at 0x7f18478a7690>,3,3,[6 1],4,4,7,0,4
1,<environment.Job instance at 0x7f188b9babe0>,6,1,[3 9],7,9,10,2,9
1,<environment.Job instance at 0x7f188b4d20f0>,10,15,[3 7],11,11,26,0,11
1,<environment.Job instance at 0x7f188b4d2c30>,11,13,[1 7],12,26,39,14,12
1,<environment.Job instance at 0x7f188b4d2dc0>,14,14,[5 3],15,29,43,14,29
1,<environment.Job instance at 0x7f188b4e6d70>,15,2,[5 2],16,39,41,23,29
1,<environment.Job instance at 0x7f188b4b14b0>,22,14,[5 5],23,41,55,18,41
1,<environment.Job instance at 0x7f188b4e6af0>,23,3,[3 6],24,55,58,31,41
1,<environment.Job instance at 0x7f188b4cc960>,24,13,[4 7],25,58,71,33,43
1,<environment.Job instance at 0x7f188bb4d140>,27,3,[10  5],28,71,74,43,47
1,<environment.Job instance at 0x7f188b4d29b0>,7,17,[ 5 10],8,74,91,66,63
1,<environment.Job instance at 0x7f188b4e6500>,21,18,[9 3],22,91,109,69,80
1,<environment.Job instance at 0x7f188b49dfa0>,37,15,[8 5],38,109,124,71,95
1,<environment.Job instance at 0x7f188b496690>,43,14,[6 1],44,124,138,80,109
1,<environment.Job instance at 0x7f18476aa500>,40,13,[4 9],41,124,137,83,111
1,<environment.Job instance at 0x7f1847d61870>,48,2,[6 1],49,138,140,89,128
1,<environment.Job instance at 0x7f1847a5e690>,49,12,[1 8],50,137,149,87,128
1,<environment.Job instance at 0x7f1847a5e730>,2,1,[2 9],3,5,6,2,5
1,<environment.Job instance at 0x7f188b61f9b0>,4,16,[1 6],5,8,24,3,8
1,<environment.Job instance at 0x7f1847b0d140>,9,2,[9 5],10,24,26,14,10
1,<environment.Job instance at 0x7f1891f85140>,10,1,[8 3],11,11,12,0,11
1,<environment.Job instance at 0x7f1891f85e60>,11,2,[10  3],12,26,28,14,12
1,<environment.Job instance at 0x7f1891f85af0>,12,3,[ 4 10],13,28,31,15,13
1,<environment.Job instance at 0x7f1891f85460>,14,2,[7 5],15,31,33,16,22
1,<environment.Job instance at 0x7f1847e51f50>,18,1,[9 5],19,33,34,14,22
1,<environment.Job instance at 0x7f1847c6e820>,16,2,[ 2 10],17,44,46,27,44
1,<environment.Job instance at 0x7f1847f0c910>,20,2,[9 2],21,46,48,25,44
1,<environment.Job instance at 0x7f1847f0cd20>,23,3,[5 2],24,48,51,24,44
1,<environment.Job instance at 0x7f1847f0c960>,21,16,[1 7],22,46,62,24,44
1,<environment.Job instance at 0x7f1892479dc0>,25,1,[8 4],26,62,63,36,44
1,<environment.Job instance at 0x7f1847daed20>,26,12,[1 9],27,63,75,36,46
1,<environment.Job instance at 0x7f1847bf5910>,29,16,[8 4],30,75,91,45,62
1,<environment.Job instance at 0x7f1847bf5370>,33,16,[5 9],34,91,107,57,78
1,<environment.Job instance at 0x7f1847bf54b0>,41,12,[7 5],42,107,119,65,92
1,<environment.Job instance at 0x7f1847bf55f0>,43,12,[8 2],44,119,131,75,102
1,<environment.Job instance at 0x7f1892247f50>,47,13,[9 2],48,131,144,83,116
1,<environment.Job instance at 0x7f1847887730>,52,12,[9 4],53,144,156,91,129
1,<environment.Job instance at 0x7f188ba53730>,1,3,[6 4],2,2,5,0,2
1,<environment.Job instance at 0x7f1847630690>,2,16,[3 7],3,8,24,5,8
1,<environment.Job instance at 0x7f18477c7320>,11,14,[1 8],12,24,38,12,13
1,<environment.Job instance at 0x7f18477c73c0>,12,16,[6 4],13,38,54,25,26
1,<environment.Job instance at 0x7f18477c7460>,13,12,[10  2],14,54,66,40,40
1,<environment.Job instance at 0x7f18477c77d0>,7,18,[2 8],8,66,84,58,55
1,<environment.Job instance at 0x7f1847ad1690>,23,14,[7 2],24,66,80,42,57
1,<environment.Job instance at 0x7f1847ad1f00>,29,12,[4 6],30,84,96,54,68
1,<environment.Job instance at 0x7f1847ad14b0>,30,17,[5 2],31,80,97,49,69
1,<environment.Job instance at 0x7f188b5bac30>,37,18,[2 7],38,96,114,58,85
1,<environment.Job instance at 0x7f188b5bab90>,40,15,[6 1],41,97,112,56,91
1,<environment.Job instance at 0x7f188b5ba640>,46,2,[4 7],47,114,116,67,99
1,<environment.Job instance at 0x7f188b5bafa0>,47,2,[ 4 10],48,116,118,68,99
1,<environment.Job instance at 0x7f188b5ba500>,48,3,[8 2],49,118,121,69,99
1,<environment.Job instance at 0x7f1847ad1c80>,27,15,[ 3 10],28,121,136,93,107
1,<environment.Job instance at 0x7f188b5baf00>,51,2,[5 3],52,112,114,60,107
1,<environment.Job instance at 0x7f188b5ba460>,52,2,[5 5],53,136,138,83,109
1,<environment.Job instance at 0x7f18476f0190>,56,2,[9 2],57,138,140,81,124
1,<environment.Job instance at 0x7f18476f00f0>,57,2,[4 6],58,140,142,82,124
1,<environment.Job instance at 0x7f18476f0780>,59,2,[9 2],60,142,144,82,125
1,<environment.Job instance at 0x7f18476f00a0>,60,3,[3 7],61,144,147,83,125
1,<environment.Job instance at 0x7f18476f0960>,65,1,[4 8],66,147,148,81,130
1,<environment.Job instance at 0x7f188b5badc0>,45,14,[4 9],46,148,162,102,133
1,<environment.Job instance at 0x7f1891f053c0>,5,3,[4 7],6,9,12,3,9
1,<environment.Job instance at 0x7f1891f05640>,7,14,[6 1],8,10,24,2,10
1,<environment.Job instance at 0x7f1847f101e0>,1,12,[7 1],2,24,36,22,14
1,<environment.Job instance at 0x7f1891f058c0>,8,12,[5 3],9,36,48,27,20
1,<environment.Job instance at 0x7f1891f14f00>,15,14,[8 2],16,48,62,32,33
1,<environment.Job instance at 0x7f1891f31190>,29,18,[5 2],30,62,80,32,52
1,<environment.Job instance at 0x7f1891f059b0>,12,17,[3 6],13,62,79,49,53
1,<environment.Job instance at 0x7f1891f31c80>,34,3,[8 2],35,80,83,45,59
1,<environment.Job instance at 0x7f18922a3f00>,35,14,[9 4],36,83,97,47,68
1,<environment.Job instance at 0x7f1891f31370>,30,17,[8 2],31,97,114,66,87
1,<environment.Job instance at 0x7f188b49c870>,41,18,[1 7],42,97,115,55,91
1,<environment.Job instance at 0x7f188ba095a0>,52,13,[5 8],53,115,128,62,100
1,<environment.Job instance at 0x7f18479d1e60>,61,1,[ 5 10],62,128,129,66,114
1,<environment.Job instance at 0x7f188b9fb3c0>,39,12,[9 5],40,129,141,89,115
1,<environment.Job instance at 0x7f189240c730>,63,3,[4 6],64,141,144,77,115
1,<environment.Job instance at 0x7f18479d1c30>,65,12,[10  4],66,144,156,78,128
1,<environment.Job instance at 0x7f18479d5730>,69,12,[3 8],70,156,168,86,139
1,<environment.Job instance at 0x7f1847acfb90>,3,16,[10  1],4,5,21,1,5
1,<environment.Job instance at 0x7f18924c05f0>,12,12,[7 2],13,21,33,8,13
1,<environment.Job instance at 0x7f184777e9b0>,13,3,[ 3 10],14,33,36,19,14
1,<environment.Job instance at 0x7f1847acfcd0>,8,14,[4 7],9,36,50,27,23
1,<environment.Job instance at 0x7f1847ad5500>,18,1,[7 4],19,50,51,31,26
1,<environment.Job instance at 0x7f1847ad5a00>,19,3,[ 1 10],20,51,54,31,27
1,<environment.Job instance at 0x7f18920832d0>,23,12,[6 3],24,37,49,13,37
1,<environment.Job instance at 0x7f188b61be10>,26,14,[8 2],27,54,68,27,39
1,<environment.Job instance at 0x7f1892109af0>,29,16,[1 8],30,54,70,24,44
1,<environment.Job instance at 0x7f1892109960>,32,12,[3 6],33,70,82,37,53
1,<environment.Job instance at 0x7f18476978c0>,35,13,[3 7],36,82,95,46,70
1,<environment.Job instance at 0x7f184778b370>,43,16,[5 5],44,96,112,52,96
1,<environment.Job instance at 0x7f184778b2d0>,46,1,[7 2],47,122,123,75,122
1,<environment.Job instance at 0x7f1847ed6780>,47,16,[7 4],48,123,139,75,122
1,<environment.Job instance at 0x7f1847ed6190>,48,12,[8 2],49,139,151,90,122
1,<environment.Job instance at 0x7f1847ed6640>,2,12,[7 5],3,4,16,1,4
1,<environment.Job instance at 0x7f188b4b3780>,10,14,[5 1],11,16,30,5,11
1,<environment.Job instance at 0x7f18929985a0>,14,2,[8 5],15,55,57,40,55
1,<environment.Job instance at 0x7f1892998f00>,17,17,[5 5],18,79,96,61,79
1,<environment.Job instance at 0x7f1892039cd0>,23,13,[6 4],24,96,109,72,80
1,<environment.Job instance at 0x7f1892039460>,19,18,[1 5],20,80,98,60,80
1,<environment.Job instance at 0x7f188bae85a0>,0,13,[2 8],1,109,122,108,93
1,<environment.Job instance at 0x7f18920396e0>,33,1,[3 5],34,104,105,70,104
1,<environment.Job instance at 0x7f1892039dc0>,34,3,[10  1],35,122,125,87,104
1,<environment.Job instance at 0x7f1847d58870>,35,1,[10  4],36,125,126,89,105
1,<environment.Job instance at 0x7f1892039f00>,30,14,[2 7],31,126,140,95,112
1,<environment.Job instance at 0x7f1892998e10>,12,17,[4 9],13,140,157,127,128
1,<environment.Job instance at 0x7f188b79ea00>,3,16,[5 2],4,4,20,0,4
1,<environment.Job instance at 0x7f1847df0a50>,1,17,[5 5],2,4,21,2,4
1,<environment.Job instance at 0x7f188b79e730>,2,13,[8 4],3,21,34,18,10
1,<environment.Job instance at 0x7f188b523460>,11,1,[8 4],12,34,35,22,14
1,<environment.Job instance at 0x7f188b5239b0>,12,2,[ 1 10],13,35,37,22,14
1,<environment.Job instance at 0x7f1847edefa0>,16,2,[4 7],17,37,39,20,17
1,<environment.Job instance at 0x7f1847ede640>,18,14,[8 5],19,39,53,20,24
1,<environment.Job instance at 0x7f18476069b0>,9,14,[8 1],10,58,72,48,58
1,<environment.Job instance at 0x7f1847ede410>,21,12,[5 6],22,72,84,50,58
1,<environment.Job instance at 0x7f188b5230a0>,10,12,[4 6],11,84,96,73,69
1,<environment.Job instance at 0x7f18920c6d70>,28,2,[5 8],29,96,98,67,69
1,<environment.Job instance at 0x7f18920c6d20>,30,15,[ 3 10],31,98,113,67,94
1,<environment.Job instance at 0x7f18920c6cd0>,29,14,[3 9],30,113,127,83,98
1,<environment.Job instance at 0x7f18478310a0>,39,12,[8 3],40,127,139,87,110
1,<environment.Job instance at 0x7f1847831be0>,37,18,[3 7],38,139,157,101,128
1,<environment.Job instance at 0x7fdcfeb740f0>,2,12,[5 4],3,3,15,0,3
1,<environment.Job instance at 0x7fdcfeb74190>,5,13,[5 9],6,15,28,9,8
1,<environment.Job instance at 0x7fdcf77655a0>,8,17,[ 2 10],9,28,45,19,16
1,<environment.Job instance at 0x7fdcf7765730>,11,2,[3 9],12,45,47,33,25
1,<environment.Job instance at 0x7fdcf77656e0>,12,3,[6 3],13,47,50,34,25
1,<environment.Job instance at 0x7fdcf7765960>,13,13,[1 8],14,50,63,36,34
1,<environment.Job instance at 0x7fdcf7765aa0>,15,3,[10  2],16,63,66,47,37
1,<environment.Job instance at 0x7fdcf7765af0>,16,12,[1 8],17,66,78,49,50
1,<environment.Job instance at 0x7fdcf7765780>,9,17,[ 4 10],10,78,95,68,66
1,<environment.Job instance at 0x7fdcf7765fa0>,24,3,[5 9],25,95,98,70,74
1,<environment.Job instance at 0x7fdcf77671e0>,27,2,[6 4],28,98,100,70,74
1,<environment.Job instance at 0x7fdcf77675a0>,31,17,[4 9],32,100,117,68,88
1,<environment.Job instance at 0x7fdcf77678c0>,35,16,[8 1],36,117,133,81,104
1,<environment.Job instance at 0x7fdcf7767c80>,38,12,[3 6],39,133,145,94,116
1,<environment.Job instance at 0x7fdcf7767d20>,41,14,[6 1],42,133,147,91,128
1,<environment.Job instance at 0x7fdcf7767dc0>,42,14,[8 4],43,147,161,104,132
1,<environment.Job instance at 0x7fdcfece0410>,2,16,[6 2],3,3,19,0,3
1,<environment.Job instance at 0x7fdcfece06e0>,4,2,[8 5],5,19,21,14,5
1,<environment.Job instance at 0x7fdcfeb9b320>,6,2,[8 2],7,21,23,14,7
1,<environment.Job instance at 0x7fdcfecdbaf0>,10,12,[6 3],11,23,35,12,11
1,<environment.Job instance at 0x7fdcfeceefa0>,14,13,[1 9],15,35,48,20,21
1,<environment.Job instance at 0x7fdcfeceef00>,13,15,[4 8],14,48,63,34,34
1,<environment.Job instance at 0x7fdcfecee550>,20,3,[9 1],21,38,41,17,38
1,<environment.Job instance at 0x7fdcfeceed70>,17,18,[5 2],18,48,66,30,45
1,<environment.Job instance at 0x7fdcfece44b0>,23,12,[1 7],24,63,75,39,47
1,<environment.Job instance at 0x7fdcfecdf870>,30,12,[2 5],31,75,87,44,66
1,<environment.Job instance at 0x7fdcfecdf460>,32,2,[8 2],33,66,68,33,66
1,<environment.Job instance at 0x7fdcfecdb0a0>,8,16,[3 9],9,87,103,78,76
1,<environment.Job instance at 0x7fdcfece8f50>,39,17,[9 2],40,103,120,63,91
1,<environment.Job instance at 0x7fdcfece80f0>,41,3,[8 2],42,120,123,78,98
1,<environment.Job instance at 0x7fdcfece85f0>,42,14,[8 4],43,123,137,80,108
1,<environment.Job instance at 0x7fdcfeb9d4b0>,47,3,[4 9],48,137,140,89,114
1,<environment.Job instance at 0x7fdcfeb9d820>,48,2,[ 3 10],49,140,142,91,115
1,<environment.Job instance at 0x7fdcfeb9de60>,49,1,[10  3],50,142,143,92,115
1,<environment.Job instance at 0x7fdcfece8af0>,44,17,[10  5],45,143,160,98,135
1,<environment.Job instance at 0x7fdcfeb9db90>,56,13,[5 1],57,160,173,103,148
1,<environment.Job instance at 0x7fdcb39cef00>,1,2,[3 8],2,3,5,1,3
1,<environment.Job instance at 0x7fdcb39ce960>,4,1,[3 8],5,5,6,0,5
1,<environment.Job instance at 0x7fdcb3a27050>,9,1,[8 5],10,12,13,2,12
1,<environment.Job instance at 0x7fdcb3a27280>,10,14,[2 8],11,15,29,4,15
1,<environment.Job instance at 0x7fdcf753afa0>,12,2,[7 1],13,16,18,3,16
1,<environment.Job instance at 0x7fdcf753acd0>,13,2,[3 5],14,29,31,15,16
1,<environment.Job instance at 0x7fdcf79a3b90>,6,15,[7 3],7,29,44,22,16
1,<environment.Job instance at 0x7fdcf74d74b0>,18,3,[5 1],19,25,28,6,25
1,<environment.Job instance at 0x7fdcb3a27820>,11,15,[10  3],12,44,59,32,30
1,<environment.Job instance at 0x7fdcf78e3e10>,23,15,[7 4],24,59,74,35,45
1,<environment.Job instance at 0x7fdcb3a27a00>,19,17,[4 8],20,74,91,54,62
1,<environment.Job instance at 0x7fdcf7687c80>,30,13,[ 4 10],31,91,104,60,76
1,<environment.Job instance at 0x7fdcb3a1f820>,32,2,[6 1],33,76,78,43,76
1,<environment.Job instance at 0x7fdcf74d5e10>,33,13,[2 5],34,104,117,70,88
1,<environment.Job instance at 0x7fdcb39ce0a0>,0,17,[4 5],1,104,121,103,92
1,<environment.Job instance at 0x7fdcb3a7c8c0>,38,14,[10  4],39,121,135,82,108
1,<environment.Job instance at 0x7fdcb3a7c140>,44,12,[3 5],45,135,147,90,120
1,<environment.Job instance at 0x7fdcb3a17460>,47,2,[5 9],48,147,149,99,123
1,<environment.Job instance at 0x7fdcb3a173c0>,48,17,[2 8],49,149,166,100,139
1,<environment.Job instance at 0x7fdcb3a17640>,54,12,[2 9],55,166,178,111,149
1,<environment.Job instance at 0x7fdcfe5227d0>,8,2,[6 5],9,10,12,1,10
1,<environment.Job instance at 0x7fdcb3b422d0>,9,3,[8 5],10,12,15,2,10
1,<environment.Job instance at 0x7fdcb3b66cd0>,7,2,[5 2],8,15,17,7,11
1,<environment.Job instance at 0x7fdcf77c4dc0>,13,14,[3 6],14,15,29,1,14
1,<environment.Job instance at 0x7fdcf77502d0>,15,1,[3 6],16,29,30,13,16
1,<environment.Job instance at 0x7fdcf75b8640>,16,15,[ 5 10],17,30,45,13,17
1,<environment.Job instance at 0x7fdcf77bde10>,18,2,[7 3],19,20,22,1,20
1,<environment.Job instance at 0x7fdcf7750af0>,20,2,[6 5],21,45,47,24,21
1,<environment.Job instance at 0x7fdcf7c6e6e0>,21,14,[1 9],22,47,61,25,32
1,<environment.Job instance at 0x7fdcf77ae050>,10,13,[3 8],11,61,74,50,46
1,<environment.Job instance at 0x7fdcb3ed5dc0>,27,3,[5 6],28,74,77,46,59
1,<environment.Job instance at 0x7fdcb39f10f0>,28,12,[5 6],29,77,89,48,60
1,<environment.Job instance at 0x7fdcb3a17c80>,34,2,[4 8],35,89,91,54,82
1,<environment.Job instance at 0x7fdcf78d03c0>,38,1,[2 5],39,91,92,52,82
1,<environment.Job instance at 0x7fdcf78d0fa0>,39,3,[4 8],40,92,95,52,82
1,<environment.Job instance at 0x7fdcf78d0d20>,40,14,[ 4 10],41,95,109,54,82
1,<environment.Job instance at 0x7fdcf774ee10>,23,18,[4 8],24,109,127,85,99
1,<environment.Job instance at 0x7fdcb3a0ebe0>,46,18,[8 2],47,127,145,80,116
1,<environment.Job instance at 0x7fdcf78d0e10>,42,17,[2 5],43,127,144,84,120
1,<environment.Job instance at 0x7fdcb3b05a00>,52,3,[ 3 10],53,145,148,92,134
1,<environment.Job instance at 0x7fdcb3b05190>,53,15,[6 5],54,148,163,94,134
1,<environment.Job instance at 0x7fdcb3ebce60>,59,3,[3 6],60,163,166,103,145
1,<environment.Job instance at 0x7fdcb3ebc190>,60,3,[7 3],61,163,166,102,145
1,<environment.Job instance at 0x7fdcfe59a690>,4,2,[9 2],5,5,7,0,5
1,<environment.Job instance at 0x7fdcf75d9c30>,7,17,[3 5],8,12,29,4,12
1,<environment.Job instance at 0x7fdcf75d9a00>,8,17,[2 6],9,29,46,20,18
1,<environment.Job instance at 0x7fdcfe59a1e0>,0,18,[8 1],1,29,47,28,20
1,<environment.Job instance at 0x7fdcf75e25f0>,12,15,[10  1],13,47,62,34,34
1,<environment.Job instance at 0x7fdcf7604640>,19,3,[5 9],20,62,65,42,37
1,<environment.Job instance at 0x7fdcf7604820>,23,14,[4 8],24,65,79,41,51
1,<environment.Job instance at 0x7fdcf76015a0>,28,13,[6 1],29,65,78,36,62
1,<environment.Job instance at 0x7fdcf7601fa0>,26,15,[9 1],27,79,94,52,65
1,<environment.Job instance at 0x7fdcf7601500>,24,16,[9 2],25,94,110,69,81
1,<environment.Job instance at 0x7fdcf7601050>,34,3,[7 4],35,110,113,75,87
1,<environment.Job instance at 0x7fdcf7601dc0>,35,3,[9 4],36,113,116,77,87
1,<environment.Job instance at 0x7fdcf76011e0>,29,13,[1 8],30,91,104,61,91
1,<environment.Job instance at 0x7fdcf7601b40>,32,13,[ 5 10],33,116,129,83,103
1,<environment.Job instance at 0x7fdcf75d6aa0>,41,2,[2 9],42,129,131,87,105
1,<environment.Job instance at 0x7fdcf75d6640>,42,2,[7 3],43,131,133,88,105
1,<environment.Job instance at 0x7fdcf75d6460>,43,3,[8 1],44,133,136,89,107
1,<environment.Job instance at 0x7fdcf75d6370>,45,12,[10  3],46,136,148,90,120
1,<environment.Job instance at 0x7fdcf75d66e0>,40,15,[5 6],41,148,163,107,134
1,<environment.Job instance at 0x7fdcf75debe0>,54,12,[3 5],55,163,175,108,148
1,<environment.Job instance at 0x7fdcf75d0d70>,55,3,[9 2],56,175,178,119,149
1,<environment.Job instance at 0x7fdcfe3bb9b0>,4,14,[3 8],5,5,19,0,5
1,<environment.Job instance at 0x7fdcfe3bbc80>,3,3,[8 4],4,19,22,15,6
1,<environment.Job instance at 0x7fdcfe3bb3c0>,6,12,[2 7],7,22,34,15,8
1,<environment.Job instance at 0x7fdcf7721d20>,11,12,[5 5],12,34,46,22,17
1,<environment.Job instance at 0x7fdcf7721640>,13,13,[7 4],14,46,59,32,30
1,<environment.Job instance at 0x7fdcf7721780>,19,16,[7 2],20,59,75,39,46
1,<environment.Job instance at 0x7fdcf7721960>,21,16,[5 7],22,75,91,53,62
1,<environment.Job instance at 0x7fdcf7719190>,25,14,[4 6],26,91,105,65,76
1,<environment.Job instance at 0x7fdcf7719640>,28,3,[2 6],29,105,108,76,79
1,<environment.Job instance at 0x7fdcf7719550>,30,2,[3 9],31,108,110,77,91
1,<environment.Job instance at 0x7fdcf77197d0>,31,2,[7 1],32,105,107,73,93
1,<environment.Job instance at 0x7fdcf7719910>,34,13,[5 3],35,110,123,75,99
1,<environment.Job instance at 0x7fdcfe081870>,37,3,[7 5],38,123,126,85,101
1,<environment.Job instance at 0x7fdcfe081b40>,40,13,[5 3],41,110,123,69,105
1,<environment.Job instance at 0x7fdcf7721c80>,18,17,[9 5],19,126,143,107,114
1,<environment.Job instance at 0x7fdcfe0812d0>,43,12,[7 4],44,143,155,99,127
1,<environment.Job instance at 0x7fdcfe081820>,42,17,[6 4],43,155,172,112,143
1,<environment.Job instance at 0x7fdcf7899280>,0,1,[8 1],1,1,2,0,1
1,<environment.Job instance at 0x7fdcb3d3a820>,14,3,[2 7],15,20,23,5,20
1,<environment.Job instance at 0x7fdcb3a4a730>,5,18,[9 2],6,27,45,21,27
1,<environment.Job instance at 0x7fdcf7a345a0>,23,3,[8 3],24,45,48,21,42
1,<environment.Job instance at 0x7fdcf7675730>,18,16,[4 8],19,48,64,29,43
1,<environment.Job instance at 0x7fdcb3bbbaa0>,26,1,[7 4],27,64,65,37,43
1,<environment.Job instance at 0x7fdcf769db90>,28,3,[2 7],29,45,48,16,45
1,<environment.Job instance at 0x7fdcf769d0f0>,27,16,[1 7],28,65,81,37,52
1,<environment.Job instance at 0x7fdcf76bd7d0>,34,13,[8 2],35,68,81,33,68
1,<environment.Job instance at 0x7fdcfe53ef00>,36,3,[6 1],37,81,84,44,68
1,<environment.Job instance at 0x7fdcfe53ebe0>,38,13,[2 5],39,81,94,42,68
1,<environment.Job instance at 0x7fdcfe53edc0>,41,12,[3 7],42,94,106,52,77
1,<environment.Job instance at 0x7fdcf7839dc0>,43,3,[10  3],44,106,109,62,90
1,<environment.Job instance at 0x7fdcf7b266e0>,42,15,[ 2 10],43,109,124,66,97
1,<environment.Job instance at 0x7fdcf7839280>,50,3,[5 3],51,124,127,73,107
1,<environment.Job instance at 0x7fdcfdff3fa0>,51,18,[3 8],52,127,145,75,116
1,<environment.Job instance at 0x7fdcf76fc690>,56,16,[1 6],57,145,161,88,134
1,<environment.Job instance at 0x7fdcf76fcfa0>,57,15,[7 4],58,145,160,87,134
1,<environment.Job instance at 0x7fdcf76fc870>,59,17,[ 1 10],60,161,178,101,149
1,<environment.Job instance at 0x7fdcfe024b40>,2,15,[8 4],3,3,18,0,3
1,<environment.Job instance at 0x7fdcfe0248c0>,5,1,[5 9],6,18,19,12,6
1,<environment.Job instance at 0x7fdcb3c6ff00>,0,13,[2 6],1,19,32,18,8
1,<environment.Job instance at 0x7fdcb40f2eb0>,10,3,[8 3],11,29,32,18,29
1,<environment.Job instance at 0x7fdcb40f2f50>,9,13,[6 4],10,32,45,22,29
1,<environment.Job instance at 0x7fdcf7766280>,16,1,[6 3],17,45,46,28,29
1,<environment.Job instance at 0x7fdcb40f2c30>,6,17,[2 5],7,32,49,25,29
1,<environment.Job instance at 0x7fdcf77660f0>,12,2,[3 6],13,49,51,36,29
1,<environment.Job instance at 0x7fdcf77661e0>,15,15,[3 9],16,51,66,35,37
1,<environment.Job instance at 0x7fdcf77665a0>,21,14,[5 8],22,66,80,44,51
1,<environment.Job instance at 0x7fdcf7766500>,20,17,[10  1],21,80,97,59,68
1,<environment.Job instance at 0x7fdcf7766780>,24,17,[7 2],25,97,114,72,86
1,<environment.Job instance at 0x7fdcb410f4b0>,34,16,[7 4],35,114,130,79,101
1,<environment.Job instance at 0x7fdcb410f410>,39,2,[5 8],40,130,132,90,115
1,<environment.Job instance at 0x7fdcb410f910>,40,15,[5 3],41,132,147,91,118
1,<environment.Job instance at 0x7fdcb410f9b0>,41,18,[4 7],42,132,150,90,123
1,<environment.Job instance at 0x7fdcb410f320>,33,15,[3 9],34,150,165,116,136
1,<environment.Job instance at 0x7fdcb410fe10>,47,1,[10  4],48,165,166,117,137
1,<environment.Job instance at 0x7fdcb410feb0>,48,2,[3 6],49,166,168,117,140
1,<environment.Job instance at 0x7fdcb410f6e0>,2,3,[10  4],3,4,7,1,4
1,<environment.Job instance at 0x7fdcb410faa0>,3,13,[8 4],4,7,20,3,4
1,<environment.Job instance at 0x7fdcb3fbf820>,9,13,[8 2],10,20,33,10,12
1,<environment.Job instance at 0x7fdcb3fbfdc0>,12,16,[5 4],13,33,49,20,20
1,<environment.Job instance at 0x7fdcf7b555a0>,5,16,[7 3],6,49,65,43,38
1,<environment.Job instance at 0x7fdcf7ab2cd0>,22,14,[7 3],23,65,79,42,50
1,<environment.Job instance at 0x7fdcf7a64a00>,17,18,[1 6],18,53,71,35,53
1,<environment.Job instance at 0x7fdcb3ad7c80>,33,14,[ 4 10],34,79,93,45,65
1,<environment.Job instance at 0x7fdcf7980410>,34,1,[5 5],35,93,94,58,66
1,<environment.Job instance at 0x7fdcfdf63140>,36,16,[9 2],37,94,110,57,81
1,<environment.Job instance at 0x7fdcf765af00>,39,2,[8 2],40,110,112,70,83
1,<environment.Job instance at 0x7fdcf7535e10>,40,2,[5 4],41,112,114,71,85
1,<environment.Job instance at 0x7fdcf7535a50>,41,2,[6 1],42,114,116,72,87
1,<environment.Job instance at 0x7fdcf7b25b40>,42,12,[1 9],43,114,126,71,97
1,<environment.Job instance at 0x7fdcf7b29cd0>,20,17,[9 2],21,126,143,105,114
1,<environment.Job instance at 0x7fdcf7b25af0>,45,16,[4 9],46,143,159,97,132
1,<environment.Job instance at 0x7fdcf797d320>,62,18,[3 7],63,159,177,96,148
1,<environment.Job instance at 0x7fdcb3de4a50>,9,2,[10  2],10,17,19,7,17
1,<environment.Job instance at 0x7fdcfe545460>,13,1,[1 7],14,27,28,13,27
1,<environment.Job instance at 0x7fdcfe545dc0>,8,16,[9 1],9,27,43,18,27
1,<environment.Job instance at 0x7fdcf7a6f0a0>,16,3,[8 2],17,43,46,26,27
1,<environment.Job instance at 0x7fdcf775f820>,4,13,[5 8],5,46,59,41,35
1,<environment.Job instance at 0x7fdcf7a6f9b0>,19,14,[2 8],20,59,73,39,45
1,<environment.Job instance at 0x7fdcf798ad20>,6,12,[9 1],7,8,20,1,8
1,<environment.Job instance at 0x7fdcb3e547d0>,11,13,[9 3],12,20,33,8,12
1,<environment.Job instance at 0x7fdcb3e54910>,12,1,[1 7],13,13,14,0,13
1,<environment.Job instance at 0x7fdcb3e54410>,7,3,[1 6],8,14,17,6,13
1,<environment.Job instance at 0x7fdcb3e54aa0>,14,2,[7 5],15,33,35,18,15
1,<environment.Job instance at 0x7fdcb3e54e10>,17,1,[10  1],18,35,36,17,27
1,<environment.Job instance at 0x7fdcb3e54eb0>,18,3,[2 6],19,36,39,17,27
1,<environment.Job instance at 0x7fdcb3e54b90>,16,16,[ 1 10],17,39,55,22,28
1,<environment.Job instance at 0x7fdcb3e54fa0>,20,2,[10  4],21,55,57,34,28
1,<environment.Job instance at 0x7fdcb3e2b230>,23,12,[3 9],24,57,69,33,40
1,<environment.Job instance at 0x7fdcb3e2b550>,26,15,[5 9],27,69,84,42,58
1,<environment.Job instance at 0x7fdcb3e2b370>,25,18,[4 6],26,84,102,58,73
1,<environment.Job instance at 0x7fdcb3e2ba50>,31,12,[8 1],32,102,114,70,85
1,<environment.Job instance at 0x7fdcb3e2baf0>,32,13,[5 3],33,85,98,52,85
1,<environment.Job instance at 0x7fdcb3e2bcd0>,35,3,[9 1],36,114,117,78,88
1,<environment.Job instance at 0x7fdcb3e2bfa0>,38,12,[5 4],39,117,129,78,100
1,<environment.Job instance at 0x7fdcb3e51460>,41,1,[2 7],42,110,111,68,110
1,<environment.Job instance at 0x7fdcb3e51500>,42,1,[1 8],43,111,112,68,110
1,<environment.Job instance at 0x7fdcb3e2b870>,29,17,[ 1 10],30,129,146,99,117
1,<environment.Job instance at 0x7fdcb3e51780>,46,13,[ 2 10],47,146,159,99,130
1,<environment.Job instance at 0x7fdcb3e51aa0>,51,12,[5 3],52,159,171,107,142
1,<environment.Job instance at 0x7fdcf7612140>,0,2,[8 1],1,1,3,0,1
1,<environment.Job instance at 0x7fdcb3f7e2d0>,4,1,[ 2 10],5,5,6,0,5
1,<environment.Job instance at 0x7fdcfedc1140>,9,3,[ 4 10],10,20,23,10,20
1,<environment.Job instance at 0x7fdcb403cc80>,12,2,[5 4],13,23,25,10,20
1,<environment.Job instance at 0x7fdcb3f7e190>,8,1,[5 3],9,23,24,14,20
1,<environment.Job instance at 0x7fdcf7612500>,2,14,[5 2],3,24,38,21,20
1,<environment.Job instance at 0x7fdcb403c050>,17,16,[8 4],18,38,54,20,28
1,<environment.Job instance at 0x7fdcb403c230>,19,1,[9 3],20,54,55,34,45
1,<environment.Job instance at 0x7fdcb3ebc0f0>,21,3,[1 5],22,45,48,23,45
1,<environment.Job instance at 0x7fdcb3ebcd20>,22,12,[8 2],23,55,67,32,45
1,<environment.Job instance at 0x7fdcb3ebc780>,24,1,[10  4],25,67,68,42,46
1,<environment.Job instance at 0x7fdcb403c640>,15,14,[7 5],16,68,82,52,60
1,<environment.Job instance at 0x7fdcfe403500>,31,16,[8 4],32,82,98,50,81
1,<environment.Job instance at 0x7fdcfe4036e0>,34,2,[3 6],35,98,100,63,81
1,<environment.Job instance at 0x7fdcfe403280>,30,1,[1 9],31,100,101,69,81
1,<environment.Job instance at 0x7fdcfe403a50>,36,1,[7 4],37,98,99,61,81
1,<environment.Job instance at 0x7fdcfe403370>,35,15,[9 1],36,100,115,64,86
1,<environment.Job instance at 0x7fdcb40efeb0>,38,2,[7 4],39,115,117,76,88
1,<environment.Job instance at 0x7fdcb40ef870>,39,2,[2 6],40,88,90,48,88
1,<environment.Job instance at 0x7fdcb40efa00>,41,2,[6 3],42,117,119,75,109
1,<environment.Job instance at 0x7fdcb40efcd0>,40,15,[1 8],41,119,134,78,109
1,<environment.Job instance at 0x7fdcb3fb2910>,45,2,[8 1],46,119,121,73,109
1,<environment.Job instance at 0x7fdcb40efb40>,43,13,[10  3],44,134,147,90,120
1,<environment.Job instance at 0x7fdcb3fb20f0>,54,17,[3 5],55,147,164,92,135
1,<environment.Job instance at 0x7fdcb40ef140>,3,1,[8 3],4,4,5,0,4
1,<environment.Job instance at 0x7fdcfeb73230>,4,15,[10  1],5,5,20,0,5
1,<environment.Job instance at 0x7fdcfeb73be0>,7,15,[6 2],8,20,35,12,9
1,<environment.Job instance at 0x7fdcfe3212d0>,11,12,[2 8],12,20,32,8,13
1,<environment.Job instance at 0x7fdcb400be10>,9,17,[5 4],10,35,52,25,23
1,<environment.Job instance at 0x7fdcb400b6e0>,6,14,[2 6],7,34,48,27,34
1,<environment.Job instance at 0x7fdcf78f0c30>,16,14,[6 2],17,52,66,35,37
1,<environment.Job instance at 0x7fdcf78f01e0>,15,16,[3 8],16,52,68,36,43
1,<environment.Job instance at 0x7fdcf78f0eb0>,20,14,[1 7],21,68,82,47,54
1,<environment.Job instance at 0x7fdcfe321c30>,14,18,[9 3],15,68,86,53,57
1,<environment.Job instance at 0x7fdcf7bcb190>,30,15,[3 7],31,86,101,55,72
1,<environment.Job instance at 0x7fdcfe6eb780>,34,14,[5 3],35,86,100,51,77
1,<environment.Job instance at 0x7fdcf75c04b0>,41,18,[9 3],42,101,119,59,98
1,<environment.Job instance at 0x7fdcf75c0e60>,44,13,[4 7],45,119,132,74,103
1,<environment.Job instance at 0x7fdcf79c8cd0>,49,14,[1 8],50,132,146,82,123
1,<environment.Job instance at 0x7fdcf79c8370>,51,12,[4 6],52,146,158,94,130
1,<environment.Job instance at 0x7fdcf79c8500>,53,13,[10  4],54,158,171,104,143
1,<environment.Job instance at 0x7fdcfdf5ee60>,4,2,[7 3],5,5,7,0,5
1,<environment.Job instance at 0x7fdcf7615fa0>,7,1,[8 1],8,8,9,0,8
1,<environment.Job instance at 0x7fdcb3a90f00>,2,17,[3 5],3,9,26,6,9
1,<environment.Job instance at 0x7fdcf76155a0>,9,3,[9 5],10,26,29,16,10
1,<environment.Job instance at 0x7fdcf7629960>,10,2,[8 4],11,29,31,18,11
1,<environment.Job instance at 0x7fdcf7629f50>,13,18,[6 1],14,31,49,17,20
1,<environment.Job instance at 0x7fdcf761f0f0>,19,2,[9 5],20,49,51,29,34
1,<environment.Job instance at 0x7fdcf761f2d0>,20,1,[8 3],21,51,52,30,34
1,<environment.Job instance at 0x7fdcf761f410>,21,2,[10  3],22,52,54,30,34
1,<environment.Job instance at 0x7fdcf761f190>,22,3,[ 4 10],23,54,57,31,35
1,<environment.Job instance at 0x7fdcfe3cf820>,23,15,[8 2],24,57,72,33,43
1,<environment.Job instance at 0x7fdcf779c640>,30,2,[9 2],31,72,74,41,61
1,<environment.Job instance at 0x7fdcf78971e0>,31,16,[1 7],32,61,77,29,61
1,<environment.Job instance at 0x7fdcb3ce1f00>,33,3,[5 2],34,74,77,40,61
1,<environment.Job instance at 0x7fdcb3c23230>,34,12,[ 1 10],35,77,89,42,61
1,<environment.Job instance at 0x7fdcb3c23f00>,35,1,[8 4],36,89,90,53,61
1,<environment.Job instance at 0x7fdcb3c17730>,36,12,[1 9],37,90,102,53,73
1,<environment.Job instance at 0x7fdcf788b460>,40,3,[1 9],41,102,105,61,78
1,<environment.Job instance at 0x7fdcb3ccd370>,41,2,[3 5],42,105,107,63,78
1,<environment.Job instance at 0x7fdcf788b960>,39,16,[8 4],40,107,123,67,94
1,<environment.Job instance at 0x7fdcb3ccd820>,42,16,[4 7],43,123,139,80,110
1,<environment.Job instance at 0x7fdcf77d0dc0>,55,15,[8 3],56,139,154,83,126
1,<environment.Job instance at 0x7fdcf76dbc30>,60,14,[5 3],61,154,168,93,139
1,<environment.Job instance at 0x7fdcf7b8f410>,1,3,[6 4],2,2,5,0,2
1,<environment.Job instance at 0x7fdcf77205a0>,2,16,[3 7],3,12,28,9,12
1,<environment.Job instance at 0x7fdcb3fdcd70>,13,12,[10  2],14,28,40,14,14
1,<environment.Job instance at 0x7fdcb3fe1820>,11,14,[1 8],12,40,54,28,27
1,<environment.Job instance at 0x7fdcb39526e0>,20,15,[8 4],21,54,69,33,41
1,<environment.Job instance at 0x7fdcb3930dc0>,23,14,[7 2],24,69,83,45,55
1,<environment.Job instance at 0x7fdcb3a800f0>,25,12,[8 1],26,83,95,57,66
1,<environment.Job instance at 0x7fdcfe203c30>,28,12,[10  1],29,95,107,66,78
1,<environment.Job instance at 0x7fdcf7a0c640>,29,12,[4 6],30,107,119,77,90
1,<environment.Job instance at 0x7fdcf7a0c5f0>,30,17,[5 2],31,107,124,76,95
1,<environment.Job instance at 0x7fdcb3850910>,38,12,[1 5],39,119,131,80,102
1,<environment.Job instance at 0x7fdcf79c3eb0>,49,13,[2 6],50,131,144,81,115
1,<environment.Job instance at 0x7fdcf79c3640>,51,2,[5 3],52,126,128,74,126
1,<environment.Job instance at 0x7fdcf7bd3dc0>,58,2,[ 5 10],59,147,149,88,147
1,<environment.Job instance at 0x7fdcf7bd3a00>,59,2,[9 2],60,149,151,89,147
1,<environment.Job instance at 0x7fdcf7bd3320>,60,3,[3 7],61,151,154,90,147
1,<environment.Job instance at 0x7fdcf7bd3780>,61,2,[4 5],62,154,156,92,147
1,<environment.Job instance at 0x7fdcb3f51aa0>,65,1,[4 8],66,156,157,90,147
1,<environment.Job instance at 0x7fdcf79b5d70>,3,14,[5 4],4,4,18,0,4
1,<environment.Job instance at 0x7fdcb3754af0>,5,14,[8 2],6,18,32,12,10
1,<environment.Job instance at 0x7fdcb3754eb0>,8,2,[7 4],9,32,34,23,15
1,<environment.Job instance at 0x7fdcb36f20a0>,12,2,[6 2],13,34,36,21,18
1,<environment.Job instance at 0x7fdcb36f28c0>,16,2,[9 1],17,36,38,19,20
1,<environment.Job instance at 0x7fdcb36f2780>,19,18,[5 2],20,38,56,18,27
1,<environment.Job instance at 0x7fdcb3741820>,22,13,[6 1],23,56,69,33,41
1,<environment.Job instance at 0x7fdcb37412d0>,24,3,[8 2],25,69,72,44,43
1,<environment.Job instance at 0x7fdcb37413c0>,26,12,[7 2],27,72,84,45,58
1,<environment.Job instance at 0x7fdcb3741370>,29,12,[9 5],30,84,96,54,68
1,<environment.Job instance at 0x7fdcb3741f50>,32,3,[1 9],33,96,99,63,79
1,<environment.Job instance at 0x7fdcb3741be0>,34,2,[1 8],35,79,81,44,79
1,<environment.Job instance at 0x7fdcb37415f0>,36,3,[6 5],37,99,102,62,79
1,<environment.Job instance at 0x7fdcb36fd690>,42,13,[5 8],43,102,115,59,86
1,<environment.Job instance at 0x7fdcb36fd780>,45,2,[10  4],46,115,117,69,93
1,<environment.Job instance at 0x7fdcb36fef50>,50,12,[9 3],51,117,129,66,105
1,<environment.Job instance at 0x7fdcb36feb90>,51,1,[ 5 10],52,129,130,77,105
1,<environment.Job instance at 0x7fdcb36fe0f0>,53,3,[4 6],54,130,133,76,110
1,<environment.Job instance at 0x7fdcb36feaf0>,55,12,[10  4],56,133,145,77,116
1,<environment.Job instance at 0x7fdcb37372d0>,59,12,[3 8],60,145,157,85,128
1,<environment.Job instance at 0x7fdcb3737cd0>,62,3,[4 6],63,157,160,94,131
1,<environment.Job instance at 0x7fdcb37378c0>,63,2,[1 5],64,160,162,96,133
1,<environment.Job instance at 0x7fdcb3c0c140>,4,1,[10  3],5,5,6,0,5
1,<environment.Job instance at 0x7fdcfe1716e0>,5,3,[4 6],6,10,13,4,10
1,<environment.Job instance at 0x7fdcfe1713c0>,7,3,[6 5],8,13,16,5,10
1,<environment.Job instance at 0x7fdcfe171d70>,10,3,[2 6],11,16,19,5,11
1,<environment.Job instance at 0x7fdcfe171e10>,8,12,[6 1],9,16,28,7,13
1,<environment.Job instance at 0x7fdcfe196370>,13,2,[7 2],14,28,30,14,15
1,<environment.Job instance at 0x7fdcfe196a00>,15,13,[3 7],16,19,32,3,16
1,<environment.Job instance at 0x7fdcfe196d20>,12,12,[3 6],13,32,44,19,18
1,<environment.Job instance at 0x7fdcfe196870>,18,3,[2 5],19,44,47,25,19
1,<environment.Job instance at 0x7fdcfe190be0>,23,16,[5 5],24,44,60,20,43
1,<environment.Job instance at 0x7fdcfe171b90>,14,17,[4 5],15,47,64,32,45
1,<environment.Job instance at 0x7fdcb3feb9b0>,27,16,[7 4],28,69,85,41,69
1,<environment.Job instance at 0x7fdcf76780a0>,30,2,[ 4 10],31,91,93,60,91
1,<environment.Job instance at 0x7fdcf76645a0>,33,1,[1 7],34,93,94,59,91
1,<environment.Job instance at 0x7fdcf7659b40>,35,3,[4 7],36,97,100,61,97
1,<environment.Job instance at 0x7fdcf7678640>,32,14,[1 7],33,100,114,67,99
1,<environment.Job instance at 0x7fdcf7685be0>,37,17,[8 2],38,100,117,62,99
1,<environment.Job instance at 0x7fdcf766a960>,38,1,[7 1],39,117,118,78,99
1,<environment.Job instance at 0x7fdcfe57daa0>,39,2,[1 8],40,114,116,74,99
1,<environment.Job instance at 0x7fdcb400f7d0>,40,1,[2 9],41,117,118,76,99
1,<environment.Job instance at 0x7fdcf766a820>,41,15,[6 1],42,118,133,76,104
1,<environment.Job instance at 0x7fdcfe1640a0>,24,18,[7 5],25,133,151,108,122
1,<environment.Job instance at 0x7fdcfe4830a0>,44,3,[1 9],45,122,125,77,122
1,<environment.Job instance at 0x7fdcb3c23be0>,46,12,[1 9],47,151,163,104,134
1,<environment.Job instance at 0x7fdcfe4737d0>,50,12,[9 5],51,163,175,112,147
1,<environment.Job instance at 0x7fdcb3a90d20>,6,1,[1 6],7,7,8,0,7
1,<environment.Job instance at 0x7fdcfe3f7a00>,13,18,[2 9],14,17,35,3,17
1,<environment.Job instance at 0x7fdcf79539b0>,9,13,[3 8],10,35,48,25,20
1,<environment.Job instance at 0x7fdcf7b4fc30>,19,17,[7 1],20,28,45,8,28
1,<environment.Job instance at 0x7fdcf7953280>,12,17,[4 7],13,48,65,35,41
1,<environment.Job instance at 0x7fdcb40f7730>,22,14,[5 6],23,65,79,42,50
1,<environment.Job instance at 0x7fdcb3ec3d20>,31,3,[5 9],32,95,98,63,95
1,<environment.Job instance at 0x7fdcfe3a2640>,33,2,[7 1],34,98,100,64,96
1,<environment.Job instance at 0x7fdcb3923af0>,38,19,[2 5],39,118,137,79,118
1,<environment.Job instance at 0x7fdcb3df85f0>,27,17,[7 2],28,143,160,115,143
1,<environment.Job instance at 0x7fdcb38982d0>,1,3,[5 3],2,2,5,0,2
1,<environment.Job instance at 0x7fdcf7a0ca00>,5,2,[8 5],6,6,8,0,6
1,<environment.Job instance at 0x7fdcb38987d0>,6,1,[5 3],7,8,9,1,7
1,<environment.Job instance at 0x7fdcb3898320>,8,1,[ 2 10],9,9,10,0,9
1,<environment.Job instance at 0x7fdcb3898550>,11,3,[7 1],12,13,16,1,13
1,<environment.Job instance at 0x7fdcf78a7050>,13,3,[5 5],14,16,19,2,14
1,<environment.Job instance at 0x7fdcf78a79b0>,12,17,[8 1],13,19,36,6,14
1,<environment.Job instance at 0x7fdcf78a75f0>,15,1,[5 5],16,16,17,0,16
1,<environment.Job instance at 0x7fdcf78a70a0>,14,13,[7 4],15,36,49,21,20
1,<environment.Job instance at 0x7fdcb3898f50>,4,15,[ 5 10],5,49,64,44,36
1,<environment.Job instance at 0x7fdcf78a72d0>,17,16,[5 9],18,64,80,46,51
1,<environment.Job instance at 0x7fdcb3ad5820>,27,3,[3 5],28,80,83,52,54
1,<environment.Job instance at 0x7fdcf7b6f960>,29,3,[3 5],30,80,83,50,60
1,<environment.Job instance at 0x7fdcf7b6f2d0>,30,1,[4 6],31,83,84,52,60
1,<environment.Job instance at 0x7fdcf7b6fc80>,31,1,[2 7],32,84,85,52,60
1,<environment.Job instance at 0x7fdcf78a7d70>,21,17,[4 6],22,85,102,63,73
1,<environment.Job instance at 0x7fdcb3865c80>,39,12,[1 5],40,102,114,62,89
1,<environment.Job instance at 0x7fdcb3865eb0>,40,3,[2 6],41,114,117,73,89
1,<environment.Job instance at 0x7fdcb38657d0>,43,17,[6 4],44,106,123,62,106
1,<environment.Job instance at 0x7fdcb3865af0>,45,12,[9 4],46,123,135,77,106
1,<environment.Job instance at 0x7fdcb3865e10>,41,18,[1 8],42,135,153,93,124
1,<environment.Job instance at 0x7fdcb3865d20>,47,17,[4 8],48,153,170,105,142
1,<environment.Job instance at 0x7fdcf7c6cb40>,6,2,[2 7],7,7,9,0,7
1,<environment.Job instance at 0x7fdcb36d8500>,7,17,[2 9],8,10,27,2,10
1,<environment.Job instance at 0x7fdcb36d81e0>,10,2,[ 4 10],11,27,29,16,11
1,<environment.Job instance at 0x7fdcb3a3aaa0>,0,13,[6 4],1,29,42,28,29
1,<environment.Job instance at 0x7fdcf7a9d640>,16,16,[10  2],17,42,58,25,32
1,<environment.Job instance at 0x7fdcb36d8a00>,9,12,[9 3],10,58,70,48,42
1,<environment.Job instance at 0x7fdcb4099410>,19,14,[9 3],20,70,84,50,55
1,<environment.Job instance at 0x7fdcb4099be0>,22,2,[7 2],23,84,86,61,57
1,<environment.Job instance at 0x7fdcb40991e0>,24,1,[6 1],25,86,87,61,61
1,<environment.Job instance at 0x7fdcb4099190>,25,18,[8 2],26,87,105,61,79
1,<environment.Job instance at 0x7fdcb40995f0>,28,15,[7 5],29,105,120,76,91
1,<environment.Job instance at 0x7fdcf7b70780>,32,3,[3 5],33,105,108,72,91
1,<environment.Job instance at 0x7fdcb4099af0>,18,15,[5 7],19,120,135,101,106
1,<environment.Job instance at 0x7fdcf7b36a00>,37,1,[9 1],38,135,136,97,110
1,<environment.Job instance at 0x7fdcf7b361e0>,38,12,[5 3],39,120,132,81,110
1,<environment.Job instance at 0x7fdcf7b36320>,39,13,[6 2],40,136,149,96,120
1,<environment.Job instance at 0x7fdcf7b364b0>,40,3,[8 1],41,149,152,108,123
1,<environment.Job instance at 0x7fdcf7b39c30>,43,16,[1 8],44,135,151,91,126
1,<environment.Job instance at 0x7fdcb4099960>,21,16,[7 3],22,152,168,130,139
1,<environment.Job instance at 0x7f75ae3400f0>,2,12,[5 4],3,3,15,0,3
1,<environment.Job instance at 0x7f75a6f30230>,5,13,[5 9],6,15,28,9,6
1,<environment.Job instance at 0x7f75a6f30550>,7,14,[5 1],8,8,22,0,8
1,<environment.Job instance at 0x7f75a6f303c0>,9,17,[ 4 10],10,28,45,18,16
1,<environment.Job instance at 0x7f75a6f307d0>,13,13,[1 8],14,45,58,31,29
1,<environment.Job instance at 0x7f75a6f309b0>,16,12,[1 8],17,58,70,41,41
1,<environment.Job instance at 0x7f75a6f30640>,8,17,[ 2 10],9,70,87,61,60
1,<environment.Job instance at 0x7f75a6f31320>,27,2,[6 4],28,87,89,59,63
1,<environment.Job instance at 0x7f75a6f313c0>,28,2,[5 9],29,89,91,60,64
1,<environment.Job instance at 0x7f75a6f31820>,31,17,[4 9],32,91,108,59,81
1,<environment.Job instance at 0x7f75a6f31780>,34,3,[9 5],35,108,111,73,85
1,<environment.Job instance at 0x7f75a6f31aa0>,37,14,[5 5],38,111,125,73,98
1,<environment.Job instance at 0x7f75a6f31960>,35,16,[8 1],36,125,141,89,112
1,<environment.Job instance at 0x7f75a6f37410>,45,16,[6 2],46,141,157,95,132
1,<environment.Job instance at 0x7f75a6f37280>,46,3,[5 4],47,157,160,110,132
1,<environment.Job instance at 0x7f75a6f37370>,47,1,[2 6],48,132,133,84,132
1,<environment.Job instance at 0x7f75a6f37500>,51,2,[4 9],52,160,162,108,139
1,<environment.Job instance at 0x7f75ae368c80>,5,3,[5 5],6,6,9,0,6
1,<environment.Job instance at 0x7f75ae368f50>,10,3,[9 1],11,11,14,0,11
1,<environment.Job instance at 0x7f75ae368690>,7,18,[5 2],8,14,32,6,12
1,<environment.Job instance at 0x7f75ae4aee60>,14,1,[9 4],15,32,33,17,15
1,<environment.Job instance at 0x7f75ae4a6d20>,16,1,[7 4],17,33,34,16,17
1,<environment.Job instance at 0x7f75ae4aec80>,11,14,[5 3],12,17,31,5,17
1,<environment.Job instance at 0x7f75ae367eb0>,18,14,[4 7],19,34,48,15,19
1,<environment.Job instance at 0x7f756fd853c0>,20,12,[2 5],21,48,60,27,35
1,<environment.Job instance at 0x7f75ae369230>,21,1,[5 1],22,35,36,13,35
1,<environment.Job instance at 0x7f75ae369140>,27,2,[9 3],28,60,62,32,39
1,<environment.Job instance at 0x7f75ae4aed20>,13,12,[1 7],14,60,72,46,46
1,<environment.Job instance at 0x7f75ae3699b0>,29,17,[9 2],30,62,79,32,54
1,<environment.Job instance at 0x7f75ae369050>,31,3,[8 2],32,54,57,22,54
1,<environment.Job instance at 0x7f75ae369aa0>,32,14,[8 4],33,79,93,46,64
1,<environment.Job instance at 0x7f75ae369370>,35,16,[ 3 10],36,93,109,57,82
1,<environment.Job instance at 0x7f75ae4b4f50>,37,3,[4 9],38,109,112,71,83
1,<environment.Job instance at 0x7f75ae4b3d70>,44,17,[10  2],45,112,129,67,105
1,<environment.Job instance at 0x7f75ae4b3370>,47,1,[1 6],48,129,130,81,105
1,<environment.Job instance at 0x7f75ae4b39b0>,46,13,[5 1],47,129,142,82,114
1,<environment.Job instance at 0x7f75ae368a00>,4,13,[1 9],5,130,143,125,116
1,<environment.Job instance at 0x7f75ae4ba460>,54,13,[5 9],55,143,156,88,127
1,<environment.Job instance at 0x7f75ae4ba9b0>,56,16,[7 2],57,156,172,99,143
1,<environment.Job instance at 0x7f75631d48c0>,2,2,[9 3],3,3,5,0,3
1,<environment.Job instance at 0x7f75ae4b0190>,3,15,[7 4],4,5,20,1,4
1,<environment.Job instance at 0x7f75631d4e10>,4,3,[5 8],5,20,23,15,5
1,<environment.Job instance at 0x7f75a6d7db40>,5,2,[2 6],6,6,8,0,6
1,<environment.Job instance at 0x7f75a6d7db90>,6,15,[6 2],7,23,38,16,9
1,<environment.Job instance at 0x7f756324bb90>,9,3,[8 4],10,38,41,28,12
1,<environment.Job instance at 0x7f75a71944b0>,8,2,[1 7],9,23,25,14,12
1,<environment.Job instance at 0x7f75631f2f00>,13,13,[2 5],14,25,38,11,14
1,<environment.Job instance at 0x7f75631f2f50>,15,1,[5 7],16,41,42,25,16
1,<environment.Job instance at 0x7f75631f2dc0>,18,14,[10  4],19,42,56,23,28
1,<environment.Job instance at 0x7f756336ac80>,0,14,[ 3 10],1,56,70,55,41
1,<environment.Job instance at 0x7f75a73ee910>,24,12,[3 5],25,70,82,45,53
1,<environment.Job instance at 0x7f75a73d8410>,27,2,[5 9],28,82,84,54,57
1,<environment.Job instance at 0x7f75a6dc06e0>,28,17,[2 8],29,84,101,55,75
1,<environment.Job instance at 0x7f75a73d83c0>,32,15,[7 3],33,101,116,68,88
1,<environment.Job instance at 0x7f75632d9820>,35,16,[2 6],36,101,117,65,88
1,<environment.Job instance at 0x7f75632d9320>,36,15,[10  5],37,117,132,80,111
1,<environment.Job instance at 0x7f7563186e10>,38,16,[3 6],39,132,148,93,119
1,<environment.Job instance at 0x7f75631860f0>,45,12,[2 5],46,148,160,102,134
1,<environment.Job instance at 0x7f75632399b0>,48,3,[4 7],49,160,163,111,135
1,<environment.Job instance at 0x7f7563239d70>,49,18,[ 2 10],50,163,181,113,153
1,<environment.Job instance at 0x7f75ae4abb90>,0,1,[10  3],1,7,8,6,7
1,<environment.Job instance at 0x7f75a6e2c1e0>,4,2,[4 8],5,8,10,3,8
1,<environment.Job instance at 0x7f75ae230aa0>,3,3,[9 4],4,10,13,6,8
1,<environment.Job instance at 0x7f75a6f2aa00>,14,2,[4 9],15,21,23,6,21
1,<environment.Job instance at 0x7f75632790f0>,15,2,[7 5],16,23,25,7,21
1,<environment.Job instance at 0x7f75a6f9e0a0>,17,18,[6 2],18,25,43,7,21
1,<environment.Job instance at 0x7f75a7040370>,18,3,[9 1],19,43,46,24,21
1,<environment.Job instance at 0x7f75a9a5d960>,6,14,[8 1],7,46,60,39,41
1,<environment.Job instance at 0x7f75632e0dc0>,24,1,[2 5],25,46,47,21,44
1,<environment.Job instance at 0x7f7563332b40>,25,2,[9 3],26,60,62,34,44
1,<environment.Job instance at 0x7f75a6ff87d0>,26,14,[7 5],27,62,76,35,47
1,<environment.Job instance at 0x7f75a6f3faa0>,29,3,[3 6],30,76,79,46,50
1,<environment.Job instance at 0x7f75636d5aa0>,30,3,[7 3],31,76,79,45,50
1,<environment.Job instance at 0x7f75a6f15640>,16,18,[8 2],17,79,97,62,68
1,<environment.Job instance at 0x7f75a6f3f780>,31,17,[5 7],32,97,114,65,85
1,<environment.Job instance at 0x7f75631e8280>,41,15,[3 5],42,114,129,72,100
1,<environment.Job instance at 0x7f75a7015690>,44,15,[5 7],45,129,144,84,117
1,<environment.Job instance at 0x7f75631e8870>,40,18,[4 6],41,144,162,103,133
1,<environment.Job instance at 0x7f75a703b410>,51,14,[5 4],52,144,158,92,142
1,<environment.Job instance at 0x7f7563503b90>,1,2,[2 9],2,2,4,0,2
1,<environment.Job instance at 0x7f75a70417d0>,0,15,[5 6],1,10,25,9,10
1,<environment.Job instance at 0x7f75a7341c30>,11,2,[5 7],12,25,27,13,12
1,<environment.Job instance at 0x7f75a734e640>,12,1,[4 6],13,27,28,14,13
1,<environment.Job instance at 0x7f75a734e280>,13,1,[4 9],14,28,29,14,14
1,<environment.Job instance at 0x7f75a734e500>,15,3,[9 2],16,29,32,13,16
1,<environment.Job instance at 0x7f75a734e5f0>,14,12,[3 5],15,32,44,17,16
1,<environment.Job instance at 0x7f75637dd460>,16,2,[8 4],17,44,46,27,19
1,<environment.Job instance at 0x7f75a73510a0>,18,3,[3 9],19,46,49,27,31
1,<environment.Job instance at 0x7f75a733cc30>,7,15,[10  1],8,49,64,41,40
1,<environment.Job instance at 0x7f75a7334640>,25,3,[10  4],26,64,67,38,41
1,<environment.Job instance at 0x7f75a73345a0>,27,2,[ 2 10],28,67,69,39,41
1,<environment.Job instance at 0x7f75a7334820>,26,14,[1 7],27,69,83,42,54
1,<environment.Job instance at 0x7f75a7351820>,22,15,[10  1],23,83,98,60,70
1,<environment.Job instance at 0x7f75a733cb40>,5,12,[10  3],6,98,110,92,83
1,<environment.Job instance at 0x7f75a7328500>,40,14,[1 8],41,110,124,69,95
1,<environment.Job instance at 0x7f75a73284b0>,43,13,[5 1],44,110,123,66,99
1,<environment.Job instance at 0x7f75a732aa50>,46,12,[1 5],47,124,136,77,107
1,<environment.Job instance at 0x7f75a732ab90>,48,14,[9 1],49,123,137,74,110
1,<environment.Job instance at 0x7f75a732adc0>,52,15,[6 2],53,137,152,84,123
1,<environment.Job instance at 0x7f75a7334aa0>,33,16,[8 5],34,152,168,118,142
1,<environment.Job instance at 0x7f756354e640>,60,2,[2 7],61,145,147,84,145
1,<environment.Job instance at 0x7f756354ec80>,61,12,[1 8],62,168,180,106,152
1,<environment.Job instance at 0x7f75a6d39230>,3,18,[5 5],4,4,22,0,4
1,<environment.Job instance at 0x7f75638a7820>,4,16,[5 5],5,6,22,1,6
1,<environment.Job instance at 0x7f75638a7b90>,6,13,[3 9],7,22,35,15,7
1,<environment.Job instance at 0x7f75638a75a0>,7,2,[ 3 10],8,35,37,27,8
1,<environment.Job instance at 0x7f756389a4b0>,11,3,[1 9],12,37,40,25,13
1,<environment.Job instance at 0x7f756389acd0>,14,16,[2 7],15,40,56,25,28
1,<environment.Job instance at 0x7f756389a8c0>,18,16,[8 3],19,40,56,21,31
1,<environment.Job instance at 0x7f75638a7230>,9,18,[9 5],10,56,74,46,47
1,<environment.Job instance at 0x7f756389a9b0>,23,1,[10  1],24,74,75,50,47
1,<environment.Job instance at 0x7f756389a0a0>,26,2,[5 9],27,75,77,48,48
1,<environment.Job instance at 0x7f75a6ee8140>,27,2,[10  3],28,77,79,49,50
1,<environment.Job instance at 0x7f75a6ee8b40>,29,14,[5 1],30,79,93,49,75
1,<environment.Job instance at 0x7f75a6ee85a0>,30,3,[5 7],31,79,82,48,75
1,<environment.Job instance at 0x7f75a6ee8960>,31,1,[7 3],32,93,94,61,75
1,<environment.Job instance at 0x7f75a6ee8500>,33,18,[7 1],34,94,112,60,83
1,<environment.Job instance at 0x7f75a6ee8aa0>,35,12,[7 1],36,112,124,76,100
1,<environment.Job instance at 0x7f75a99132d0>,37,3,[6 3],38,124,127,86,101
1,<environment.Job instance at 0x7f75a6ee8cd0>,32,18,[4 7],33,124,142,91,115
1,<environment.Job instance at 0x7f75a9913e10>,43,14,[3 6],44,142,156,98,127
1,<environment.Job instance at 0x7f75a9913960>,44,2,[9 3],45,156,158,111,129
1,<environment.Job instance at 0x7f75a99131e0>,46,13,[9 3],47,158,171,111,143
1,<environment.Job instance at 0x7f75a9913460>,49,15,[5 7],50,171,186,121,157
1,<environment.Job instance at 0x7f7563313f50>,2,3,[1 8],3,3,6,0,3
1,<environment.Job instance at 0x7f75a6e859b0>,6,3,[7 4],7,7,10,0,7
1,<environment.Job instance at 0x7f75a6e85280>,9,2,[5 1],10,10,12,0,10
1,<environment.Job instance at 0x7f7563313460>,8,2,[7 4],9,12,14,3,10
1,<environment.Job instance at 0x7f75a6e85c30>,10,2,[10  5],11,14,16,3,11
1,<environment.Job instance at 0x7f75633bb550>,11,3,[9 1],12,24,27,12,24
1,<environment.Job instance at 0x7f756348c460>,17,17,[10  4],18,27,44,9,24
1,<environment.Job instance at 0x7f75a6e85870>,14,13,[4 8],15,44,57,29,28
1,<environment.Job instance at 0x7f75a9665640>,22,13,[2 9],23,57,70,34,42
1,<environment.Job instance at 0x7f75633bb2d0>,12,13,[9 1],13,70,83,57,54
1,<environment.Job instance at 0x7f756330dfa0>,21,14,[9 4],22,83,97,61,68
1,<environment.Job instance at 0x7f75a6d8bc80>,35,3,[5 6],36,97,100,61,76
1,<environment.Job instance at 0x7f75a6d8b1e0>,36,1,[2 6],37,100,101,63,76
1,<environment.Job instance at 0x7f75a6ff8280>,37,15,[5 8],38,101,116,63,87
1,<environment.Job instance at 0x7f75a6ff8640>,41,2,[1 5],42,93,95,51,93
1,<environment.Job instance at 0x7f75a6ff8a50>,42,1,[9 5],43,116,117,73,93
1,<environment.Job instance at 0x7f75a6ff8eb0>,39,17,[2 6],40,117,134,77,105
1,<environment.Job instance at 0x7f75a6ff8d70>,48,15,[5 8],49,134,149,85,121
1,<environment.Job instance at 0x7f75a73d20a0>,52,12,[10  4],53,149,161,96,133
1,<environment.Job instance at 0x7f75a9a58870>,55,15,[8 1],56,161,176,105,147
1,<environment.Job instance at 0x7f75a982da50>,2,1,[5 9],3,3,4,0,3
1,<environment.Job instance at 0x7f75a6ff33c0>,3,1,[2 6],4,4,5,0,4
1,<environment.Job instance at 0x7f75637e0af0>,4,13,[2 7],5,5,18,0,5
1,<environment.Job instance at 0x7f75a6ff3230>,0,12,[5 6],1,18,30,17,7
1,<environment.Job instance at 0x7f75637e0d70>,8,14,[6 4],9,30,44,21,15
1,<environment.Job instance at 0x7f75637eb870>,18,2,[4 6],19,30,32,11,27
1,<environment.Job instance at 0x7f75637eb780>,16,12,[8 4],17,44,56,27,29
1,<environment.Job instance at 0x7f75637ebaa0>,22,14,[9 2],23,56,70,33,42
1,<environment.Job instance at 0x7f75637ebbe0>,24,2,[6 1],25,70,72,45,43
1,<environment.Job instance at 0x7f75637eb8c0>,17,16,[1 8],18,56,72,38,43
1,<environment.Job instance at 0x7f75637ea190>,29,2,[9 3],30,72,74,42,49
1,<environment.Job instance at 0x7f75637ea5f0>,31,1,[5 4],32,74,75,42,54
1,<environment.Job instance at 0x7f75637ea460>,30,13,[4 6],31,74,87,43,59
1,<environment.Job instance at 0x7f75637ea140>,34,13,[2 8],35,87,100,52,72
1,<environment.Job instance at 0x7f75637eaa50>,38,3,[10  2],39,100,103,61,75
1,<environment.Job instance at 0x7f75637eb410>,12,14,[ 4 10],13,103,117,90,91
1,<environment.Job instance at 0x7f75637ea550>,33,18,[4 6],34,117,135,83,106
1,<environment.Job instance at 0x7f75637f1370>,46,2,[5 7],47,135,137,88,109
1,<environment.Job instance at 0x7f75637f1410>,47,1,[8 1],48,137,138,89,109
1,<environment.Job instance at 0x7f75637f1460>,50,2,[8 4],51,138,140,87,111
1,<environment.Job instance at 0x7f75637f11e0>,51,2,[3 9],52,140,142,88,113
1,<environment.Job instance at 0x7f75637f1780>,53,16,[3 8],54,142,158,88,129
1,<environment.Job instance at 0x7f75637f1af0>,54,13,[10  5],55,158,171,103,142
1,<environment.Job instance at 0x7f75637f1690>,49,15,[3 9],50,171,186,121,158
1,<environment.Job instance at 0x7f75637f1fa0>,3,3,[8 1],4,4,7,0,4
1,<environment.Job instance at 0x7f75a6ccbdc0>,0,3,[ 4 10],1,7,10,6,4
1,<environment.Job instance at 0x7f75a6ccbeb0>,8,17,[6 5],9,13,30,4,13
1,<environment.Job instance at 0x7f756333ef50>,11,12,[2 6],12,30,42,18,19
1,<environment.Job instance at 0x7f75a96b3320>,12,17,[6 4],13,30,47,17,27
1,<environment.Job instance at 0x7f75a96b3f50>,14,3,[8 2],15,47,50,32,27
1,<environment.Job instance at 0x7f75631a84b0>,18,3,[ 4 10],19,50,53,31,28
1,<environment.Job instance at 0x7f75a9c0ff50>,19,12,[3 9],20,53,65,33,37
1,<environment.Job instance at 0x7f75a9b30820>,20,15,[1 8],21,65,80,44,51
1,<environment.Job instance at 0x7f75a6eb1820>,24,14,[ 3 10],25,80,94,55,66
1,<environment.Job instance at 0x7f75a9be57d0>,37,2,[10  2],38,94,96,56,79
1,<environment.Job instance at 0x7f75a9c201e0>,38,2,[8 5],39,96,98,57,79
1,<environment.Job instance at 0x7f75a7146c30>,35,16,[10  3],36,98,114,62,86
1,<environment.Job instance at 0x7f75a6f4bf00>,42,2,[5 3],43,114,116,71,88
1,<environment.Job instance at 0x7f75a6f4bc80>,43,18,[4 5],44,114,132,70,103
1,<environment.Job instance at 0x7f75a6f4b140>,45,15,[1 5],46,116,131,70,103
1,<environment.Job instance at 0x7f75a6f30c30>,39,17,[9 4],40,132,149,92,120
1,<environment.Job instance at 0x7f75637f1eb0>,4,17,[2 7],5,149,166,144,138
1,<environment.Job instance at 0x7f75a6d8ff00>,4,2,[1 9],5,5,7,0,5
1,<environment.Job instance at 0x7f75a9a6bd70>,9,3,[5 4],10,16,19,6,16
1,<environment.Job instance at 0x7f75a9a6b960>,13,1,[3 7],14,19,20,5,16
1,<environment.Job instance at 0x7f75a950e910>,12,2,[1 9],13,20,22,7,16
1,<environment.Job instance at 0x7f75a9a6b320>,14,3,[8 5],15,22,25,7,16
1,<environment.Job instance at 0x7f75a94b0a00>,15,2,[9 5],16,25,27,9,16
1,<environment.Job instance at 0x7f7562fe8a00>,8,3,[9 5],9,27,30,18,18
1,<environment.Job instance at 0x7f75a99d9690>,5,14,[5 4],6,30,44,24,18
1,<environment.Job instance at 0x7f75a9a5d4b0>,18,14,[5 4],19,30,44,11,24
1,<environment.Job instance at 0x7f7563339d20>,21,2,[ 2 10],22,44,46,22,32
1,<environment.Job instance at 0x7f75a743a280>,17,18,[6 1],18,46,64,28,41
1,<environment.Job instance at 0x7f75a72d4730>,26,17,[1 6],27,46,63,19,42
1,<environment.Job instance at 0x7f75a6f88b90>,28,13,[4 8],29,63,76,34,47
1,<environment.Job instance at 0x7f75a734d3c0>,32,18,[6 5],33,76,94,43,65
1,<environment.Job instance at 0x7f75a95dba00>,41,12,[5 6],42,94,106,52,78
1,<environment.Job instance at 0x7f75a95db8c0>,42,2,[3 5],43,78,80,35,78
1,<environment.Job instance at 0x7f75a972b910>,3,14,[ 4 10],4,106,120,102,92
1,<environment.Job instance at 0x7f75a95db910>,44,17,[1 6],45,120,137,75,108
1,<environment.Job instance at 0x7f75a95db960>,45,14,[3 8],46,137,151,91,122
1,<environment.Job instance at 0x7f75a9a5bbe0>,48,18,[10  1],49,151,169,102,140
1,<environment.Job instance at 0x7f75632785f0>,54,13,[1 9],55,169,182,114,153
1,<environment.Job instance at 0x7f75ae368460>,57,3,[7 5],58,182,185,124,156
1,<environment.Job instance at 0x7f75637b34b0>,3,3,[7 1],4,4,7,0,4
1,<environment.Job instance at 0x7f75a6e237d0>,5,3,[ 1 10],6,7,10,1,6
1,<environment.Job instance at 0x7f75a6e23af0>,9,2,[3 9],10,10,12,0,10
1,<environment.Job instance at 0x7f75a6e238c0>,8,12,[7 5],9,12,24,3,12
1,<environment.Job instance at 0x7f7563548550>,0,15,[5 5],1,24,39,23,15
1,<environment.Job instance at 0x7f75a6e25190>,15,3,[10  5],16,39,42,23,16
1,<environment.Job instance at 0x7f75a6e23d20>,10,18,[9 3],11,42,60,31,31
1,<environment.Job instance at 0x7f75a6e25780>,20,15,[3 7],21,60,75,39,46
1,<environment.Job instance at 0x7f75a6e25be0>,26,15,[4 6],27,75,90,48,62
1,<environment.Job instance at 0x7f75a6e25b40>,29,3,[4 8],30,90,93,60,64
1,<environment.Job instance at 0x7f75a6e25e60>,30,12,[3 8],31,93,105,62,76
1,<environment.Job instance at 0x7f75a6e25c80>,27,13,[7 1],28,93,106,65,82
1,<environment.Job instance at 0x7f75a6e3e0f0>,36,14,[6 2],37,106,120,69,91
1,<environment.Job instance at 0x7f75a6e3e2d0>,35,16,[3 5],36,105,121,69,92
1,<environment.Job instance at 0x7f75a6e3e690>,40,14,[8 2],41,121,135,80,107
1,<environment.Job instance at 0x7f75a6e3ed20>,47,15,[6 1],48,135,150,87,122
1,<environment.Job instance at 0x7f75a6e3e910>,44,18,[4 8],45,135,153,90,128
1,<environment.Job instance at 0x7f75a6e48370>,58,1,[5 3],59,153,154,94,149
1,<environment.Job instance at 0x7f75a6e48550>,59,3,[ 4 10],60,154,157,94,149
1,<environment.Job instance at 0x7f75a6e485f0>,60,13,[5 8],61,157,170,96,149
1,<environment.Job instance at 0x7f75a6e48be0>,64,12,[7 5],65,170,182,105,156
1,<environment.Job instance at 0x7f75a6e9d500>,8,2,[3 8],9,9,11,0,9
1,<environment.Job instance at 0x7f75a97ebcd0>,9,15,[9 1],10,11,26,1,11
1,<environment.Job instance at 0x7f75a6e9dc30>,7,15,[1 8],8,13,28,5,13
1,<environment.Job instance at 0x7f75635b20f0>,11,15,[10  4],12,28,43,16,22
1,<environment.Job instance at 0x7f75635b2a50>,20,13,[3 7],21,43,56,22,29
1,<environment.Job instance at 0x7f75635b2aa0>,21,1,[7 2],22,43,44,21,29
1,<environment.Job instance at 0x7f75a6f73d20>,23,2,[4 9],24,56,58,32,55
1,<environment.Job instance at 0x7f75a9620460>,24,21,[10  5],25,64,85,39,64
1,<environment.Job instance at 0x7f7563728550>,29,12,[5 1],30,85,97,55,81
1,<environment.Job instance at 0x7f7563728dc0>,31,13,[7 4],32,97,110,65,81
1,<environment.Job instance at 0x7f7563728b40>,34,2,[3 8],35,85,87,50,81
1,<environment.Job instance at 0x7f75637288c0>,38,3,[6 2],39,110,113,71,108
1,<environment.Job instance at 0x7f75637280a0>,39,15,[5 5],40,113,128,73,108
1,<environment.Job instance at 0x7f7563728fa0>,35,3,[ 1 10],36,128,131,92,108
1,<environment.Job instance at 0x7f75a7143be0>,41,3,[2 9],42,131,134,89,108
1,<environment.Job instance at 0x7f7563728d70>,42,18,[2 5],43,134,152,91,123
1,<environment.Job instance at 0x7f75a6ed91e0>,49,17,[5 4],50,134,151,84,124
1,<environment.Job instance at 0x7f75a6ed9410>,51,12,[2 8],52,152,164,100,140
1,<environment.Job instance at 0x7f75a6ed93c0>,52,15,[10  3],53,164,179,111,152
1,<environment.Job instance at 0x7f75a6ed9b40>,7,18,[5 3],8,9,27,1,9
1,<environment.Job instance at 0x7f75a6ff38c0>,11,3,[5 2],12,12,15,0,12
1,<environment.Job instance at 0x7f75a94fbe60>,12,16,[8 1],13,27,43,14,15
1,<environment.Job instance at 0x7f75a94fbb40>,10,12,[2 6],11,15,27,4,15
1,<environment.Job instance at 0x7f75a9611640>,17,2,[7 1],18,43,45,25,18
1,<environment.Job instance at 0x7f75a94fbd20>,16,16,[2 7],17,27,43,10,22
1,<environment.Job instance at 0x7f75a9611eb0>,19,17,[3 5],20,43,60,23,31
1,<environment.Job instance at 0x7f75a9611730>,21,14,[7 5],22,45,59,23,31
1,<environment.Job instance at 0x7f75a6da90a0>,25,1,[5 1],26,59,60,33,33
1,<environment.Job instance at 0x7f75a6da9050>,27,13,[6 1],28,60,73,32,45
1,<environment.Job instance at 0x7f75a6da9230>,32,17,[3 5],33,60,77,27,59
1,<environment.Job instance at 0x7f75a6da9dc0>,33,13,[2 7],34,77,90,43,61
1,<environment.Job instance at 0x7f75638f3fa0>,38,18,[6 5],39,90,108,51,79
1,<environment.Job instance at 0x7f75a9611280>,20,17,[5 8],21,108,125,87,96
1,<environment.Job instance at 0x7f7563474870>,48,14,[5 5],49,125,139,76,110
1,<environment.Job instance at 0x7f75a6de01e0>,56,2,[ 2 10],57,139,141,82,124
1,<environment.Job instance at 0x7f75a6de0550>,58,1,[9 5],59,141,142,82,125
1,<environment.Job instance at 0x7f75638f3960>,45,16,[10  1],46,142,158,96,140
1,<environment.Job instance at 0x7f75a6de0370>,63,3,[5 2],64,158,161,94,140
1,<environment.Job instance at 0x7f75a96e54b0>,65,1,[8 4],66,161,162,95,140
1,<environment.Job instance at 0x7f75a96e5d20>,66,12,[1 9],67,162,174,95,145
1,<environment.Job instance at 0x7f75a96e57d0>,67,2,[4 5],68,158,160,90,145
1,<environment.Job instance at 0x7f75a9c011e0>,0,2,[1 7],1,2,4,1,2
1,<environment.Job instance at 0x7f756374a5a0>,3,18,[1 7],4,14,32,10,14
1,<environment.Job instance at 0x7f75a97c9320>,7,2,[7 5],8,32,34,24,22
1,<environment.Job instance at 0x7f75631eaf50>,11,18,[5 6],12,34,52,22,23
1,<environment.Job instance at 0x7f75631d2050>,18,3,[7 1],19,26,29,7,26
1,<environment.Job instance at 0x7f75631eac30>,16,15,[1 6],17,52,67,35,38
1,<environment.Job instance at 0x7f75a73e69b0>,23,15,[9 4],24,52,67,28,47
1,<environment.Job instance at 0x7f75631ea0a0>,9,12,[4 7],10,67,79,57,53
1,<environment.Job instance at 0x7f7563559a00>,32,16,[6 4],33,79,95,46,66
1,<environment.Job instance at 0x7f75631ef5a0>,36,18,[ 2 10],37,95,113,58,84
1,<environment.Job instance at 0x7f75631ef5f0>,41,18,[7 3],42,113,131,71,102
1,<environment.Job instance at 0x7f75a707cbe0>,42,17,[1 7],43,113,130,70,102
1,<environment.Job instance at 0x7f75a97060f0>,48,12,[10  1],49,131,143,82,114
1,<environment.Job instance at 0x7f75a98943c0>,53,3,[6 5],54,143,146,89,127
1,<environment.Job instance at 0x7f75a9894fa0>,54,3,[6 4],55,146,149,91,127
1,<environment.Job instance at 0x7f75632b92d0>,55,18,[4 5],56,143,161,87,136
1,<environment.Job instance at 0x7f75a97420f0>,56,12,[2 8],57,161,173,104,145
1,<environment.Job instance at 0x7f756376dc30>,62,3,[10  5],63,173,176,110,147
1,<environment.Job instance at 0x7f75a7172280>,68,3,[8 2],69,161,164,92,156
1,<environment.Job instance at 0x7f75a6f20550>,3,3,[8 1],4,4,7,0,4
1,<environment.Job instance at 0x7f75a9673b90>,5,3,[4 7],6,7,10,1,6
1,<environment.Job instance at 0x7f75a96737d0>,7,14,[6 1],8,9,23,1,9
1,<environment.Job instance at 0x7f75a7172280>,2,13,[6 3],3,23,36,20,11
1,<environment.Job instance at 0x7f75a9673500>,8,12,[5 3],9,36,48,27,22
1,<environment.Job instance at 0x7f75a6d8f410>,18,2,[7 4],19,48,50,29,28
1,<environment.Job instance at 0x7f75a71c3960>,20,1,[3 6],21,28,29,7,28
1,<environment.Job instance at 0x7f75a9578730>,26,2,[9 1],27,50,52,23,36
1,<environment.Job instance at 0x7f75a98c8c30>,29,18,[5 2],30,52,70,22,41
1,<environment.Job instance at 0x7f75a7119d20>,12,17,[3 6],13,52,69,39,44
1,<environment.Job instance at 0x7f75a6e26be0>,31,2,[7 3],32,70,72,38,44
1,<environment.Job instance at 0x7f75a6e268c0>,32,13,[6 1],33,72,85,39,57
1,<environment.Job instance at 0x7f75a6e26e60>,34,3,[8 2],35,85,88,50,68
1,<environment.Job instance at 0x7f7562fde3c0>,35,14,[9 4],36,88,102,52,74
1,<environment.Job instance at 0x7f7562fde0f0>,40,12,[5 7],41,102,114,61,88
1,<environment.Job instance at 0x7f7562fde5f0>,36,12,[7 2],37,114,126,77,97
1,<environment.Job instance at 0x7f7562fded70>,41,18,[1 7],42,114,132,72,103
1,<environment.Job instance at 0x7f75637ea870>,57,1,[10  4],58,132,133,74,115
1,<environment.Job instance at 0x7f75631affa0>,60,12,[9 3],61,133,145,72,116
1,<environment.Job instance at 0x7f75631afaa0>,61,1,[ 5 10],62,145,146,83,117
1,<environment.Job instance at 0x7f75631afa00>,63,3,[4 6],64,146,149,82,135
1,<environment.Job instance at 0x7f75a6e26c30>,30,17,[8 2],31,149,166,118,138
1,<environment.Job instance at 0x7f75a6f49410>,66,13,[7 3],67,166,179,99,150
1,<environment.Job instance at 0x7f756349a960>,5,3,[4 6],6,9,12,3,9
1,<environment.Job instance at 0x7f75a6e28eb0>,2,1,[9 3],3,12,13,9,9
1,<environment.Job instance at 0x7f756349a690>,7,3,[6 5],8,13,16,5,9
1,<environment.Job instance at 0x7f756349a460>,10,3,[2 6],11,16,19,5,12
1,<environment.Job instance at 0x7f756349a410>,6,14,[8 2],7,16,30,9,12
1,<environment.Job instance at 0x7f756349adc0>,12,12,[3 6],13,30,42,17,13
1,<environment.Job instance at 0x7f756349ad20>,13,2,[7 2],14,30,32,16,14
1,<environment.Job instance at 0x7f7562f25690>,16,3,[5 2],17,32,35,15,17
1,<environment.Job instance at 0x7f7562f256e0>,15,13,[3 7],16,43,56,27,43
1,<environment.Job instance at 0x7f7562f25cd0>,26,1,[7 2],27,69,70,42,69
1,<environment.Job instance at 0x7f7562f25780>,27,16,[7 4],28,70,86,42,69
1,<environment.Job instance at 0x7f7562f25b90>,28,12,[8 2],29,86,98,57,73
1,<environment.Job instance at 0x7f7562f25640>,30,2,[ 4 10],31,98,100,67,91
1,<environment.Job instance at 0x7f7562f2af00>,33,1,[1 7],34,91,92,57,91
1,<environment.Job instance at 0x7f7562f2ad20>,35,3,[4 7],36,100,103,64,96
1,<environment.Job instance at 0x7f7562f2a640>,37,17,[8 2],38,103,120,65,97
1,<environment.Job instance at 0x7f7562f2a230>,39,2,[1 8],40,103,105,63,97
1,<environment.Job instance at 0x7f7562f2af50>,36,15,[9 4],37,120,135,83,107
1,<environment.Job instance at 0x7f7562f259b0>,21,13,[ 3 10],22,135,148,113,121
1,<environment.Job instance at 0x7f75a9aa0460>,46,12,[1 9],47,148,160,101,134
1,<environment.Job instance at 0x7f75a9aa0aa0>,50,12,[9 5],51,160,172,109,143
1,<environment.Job instance at 0x7f75a9aa0780>,41,15,[6 1],42,172,187,130,158
1,<environment.Job instance at 0x7f756338e870>,4,15,[9 1],5,5,20,0,5
1,<environment.Job instance at 0x7f756338e050>,5,3,[3 8],6,20,23,14,6
1,<environment.Job instance at 0x7f75633aceb0>,10,13,[1 5],11,23,36,12,13
1,<environment.Job instance at 0x7f75633ac410>,13,13,[2 7],14,36,49,22,33
1,<environment.Job instance at 0x7f75633ac460>,18,1,[2 8],19,51,52,32,51
1,<environment.Job instance at 0x7f75633aeb40>,23,2,[7 1],24,51,53,27,51
1,<environment.Job instance at 0x7f75633a15a0>,29,3,[5 8],30,98,101,68,98
1,<environment.Job instance at 0x7f756339a280>,27,3,[7 1],28,118,121,90,118
1,<environment.Job instance at 0x7f75633b2b90>,36,18,[10  3],37,141,159,104,141
1,<environment.Job instance at 0x7f75633b2280>,37,16,[3 9],38,159,175,121,146
1,<environment.Job instance at 0x7f75635c04b0>,3,2,[ 4 10],4,4,6,0,4
1,<environment.Job instance at 0x7f75a6da9eb0>,6,3,[3 8],7,7,10,0,7
1,<environment.Job instance at 0x7f756368c870>,9,3,[3 5],10,10,13,0,10
1,<environment.Job instance at 0x7f75a9511500>,10,1,[4 6],11,13,14,2,11
1,<environment.Job instance at 0x7f75a71f8be0>,11,1,[2 7],12,14,15,2,12
1,<environment.Job instance at 0x7f75a9854d20>,13,14,[8 4],14,15,29,1,15
1,<environment.Job instance at 0x7f756322ca50>,15,18,[4 6],16,29,47,13,27
1,<environment.Job instance at 0x7f75ae0d10f0>,20,3,[2 6],21,47,50,26,30
1,<environment.Job instance at 0x7f756322c8c0>,19,12,[1 5],20,50,62,30,33
1,<environment.Job instance at 0x7f75a6dc74b0>,26,2,[5 2],27,50,52,23,50
1,<environment.Job instance at 0x7f75ae3688c0>,23,17,[6 4],24,52,69,28,50
1,<environment.Job instance at 0x7f75a6dc7a00>,28,2,[1 6],29,62,64,33,50
1,<environment.Job instance at 0x7f75a6dc72d0>,29,3,[9 2],30,69,72,39,50
1,<environment.Job instance at 0x7f75ae0d1050>,21,18,[1 8],22,69,87,47,58
1,<environment.Job instance at 0x7f75a9844aa0>,32,3,[9 1],33,72,75,39,58
1,<environment.Job instance at 0x7f75a6dc7f50>,27,17,[4 8],28,87,104,59,76
1,<environment.Job instance at 0x7f75a951d140>,38,1,[10  4],39,104,105,65,76
1,<environment.Job instance at 0x7f75a951deb0>,34,16,[10  1],35,105,121,70,94
1,<environment.Job instance at 0x7f756368ca50>,4,14,[10  2],5,121,135,116,107
1,<environment.Job instance at 0x7f75a7116640>,48,18,[5 8],49,135,153,86,124
1,<environment.Job instance at 0x7f75a9742a50>,56,13,[9 3],57,153,166,96,137
1,<environment.Job instance at 0x7f75a959c140>,58,15,[4 6],59,166,181,107,152
1,<environment.Job instance at 0x7f75a952b5f0>,3,2,[5 8],4,4,6,0,4
1,<environment.Job instance at 0x7f75ae2385f0>,2,3,[3 5],3,6,9,3,5
1,<environment.Job instance at 0x7f75a990b500>,7,1,[9 1],8,9,10,1,8
1,<environment.Job instance at 0x7f75a990bfa0>,8,12,[5 3],9,10,22,1,9
1,<environment.Job instance at 0x7f7563020a50>,9,13,[6 2],10,22,35,12,10
1,<environment.Job instance at 0x7f7563020af0>,11,2,[1 6],12,12,14,0,12
1,<environment.Job instance at 0x7f7563020c80>,15,15,[4 8],16,22,37,6,20
1,<environment.Job instance at 0x7f7563020b90>,19,2,[5 8],20,37,39,17,20
1,<environment.Job instance at 0x7f7563020f00>,21,1,[2 5],22,39,40,17,24
1,<environment.Job instance at 0x7f7563020820>,22,2,[3 7],23,40,42,17,24
1,<environment.Job instance at 0x7f7563079280>,24,13,[5 6],25,42,55,17,26
1,<environment.Job instance at 0x7f7563020e60>,20,15,[2 9],21,55,70,34,41
1,<environment.Job instance at 0x7f7563079190>,29,1,[8 4],30,70,71,40,42
1,<environment.Job instance at 0x7f75630202d0>,14,15,[9 3],15,71,86,56,57
1,<environment.Job instance at 0x7f75630790a0>,32,13,[8 3],33,86,99,53,71
1,<environment.Job instance at 0x7f7563079c80>,36,18,[2 5],37,86,104,49,81
1,<environment.Job instance at 0x7f7563079460>,39,2,[5 9],40,104,106,64,81
1,<environment.Job instance at 0x7f75a6f88050>,40,2,[5 1],41,99,101,58,81
1,<environment.Job instance at 0x7f75a6f88be0>,41,1,[10  5],42,106,107,64,81
1,<environment.Job instance at 0x7f75a6f88b40>,42,3,[1 6],43,81,84,38,81
1,<environment.Job instance at 0x7f7563079f00>,30,14,[1 8],31,107,121,76,92
1,<environment.Job instance at 0x7f75a6f882d0>,46,3,[1 5],47,101,104,54,92
1,<environment.Job instance at 0x7f75a6f88320>,48,13,[4 6],49,121,134,72,105
1,<environment.Job instance at 0x7f75a6f88370>,52,17,[5 2],53,111,128,58,111
1,<environment.Job instance at 0x7f75a6f889b0>,53,14,[8 5],54,134,148,80,119
1,<environment.Job instance at 0x7f75630797d0>,33,15,[4 9],34,148,163,114,135
1,<environment.Job instance at 0x7f75a6f88c30>,44,14,[10  2],45,163,177,118,149
1,<environment.Job instance at 0x7f75a98e1410>,6,13,[9 2],7,7,20,0,7
1,<environment.Job instance at 0x7f75a98f64b0>,10,13,[9 1],11,20,33,9,12
1,<environment.Job instance at 0x7f75a98f6500>,13,16,[1 7],14,14,30,0,14
1,<environment.Job instance at 0x7f75a98f65f0>,16,15,[7 1],17,33,48,16,19
1,<environment.Job instance at 0x7f75a98f6b90>,17,13,[ 5 10],18,48,61,30,32
1,<environment.Job instance at 0x7f75a98f60f0>,19,2,[8 3],20,61,63,41,38
1,<environment.Job instance at 0x7f75a98fecd0>,21,2,[9 5],22,63,65,41,38
1,<environment.Job instance at 0x7f75a98fee10>,24,2,[9 4],25,65,67,40,40
1,<environment.Job instance at 0x7f75a98feb40>,25,2,[2 8],26,40,42,14,40
1,<environment.Job instance at 0x7f75a98fe140>,27,14,[5 1],28,67,81,39,53
1,<environment.Job instance at 0x7f75a98fe410>,31,16,[1 8],32,67,83,35,65
1,<environment.Job instance at 0x7f75a98f6910>,11,16,[10  2],12,83,99,71,70
1,<environment.Job instance at 0x7f75a990de10>,32,16,[ 5 10],33,99,115,66,88
1,<environment.Job instance at 0x7f5bbb5510a0>,2,12,[5 4],3,3,15,0,3
1,<environment.Job instance at 0x7f5bb4141230>,5,13,[5 9],6,15,28,9,7
1,<environment.Job instance at 0x7f5bb4141690>,8,17,[ 2 10],9,28,45,19,16
1,<environment.Job instance at 0x7f5bb41413c0>,12,3,[6 3],13,45,48,32,28
1,<environment.Job instance at 0x7f5bb4141640>,13,13,[1 8],14,48,61,34,33
1,<environment.Job instance at 0x7f5bb4141870>,14,12,[3 7],15,61,73,46,44
1,<environment.Job instance at 0x7f5bbb5dad70>,3,18,[ 3 10],4,73,91,69,72
1,<environment.Job instance at 0x7f5bb4141d20>,21,3,[ 2 10],22,91,94,69,72
1,<environment.Job instance at 0x7f5bb4141fa0>,24,3,[5 9],25,94,97,69,76
1,<environment.Job instance at 0x7f5bb4143230>,25,3,[1 6],26,97,100,71,76
1,<environment.Job instance at 0x7f5bb41434b0>,27,2,[6 4],28,97,99,69,76
1,<environment.Job instance at 0x7f5bb41433c0>,28,2,[5 9],29,100,102,71,76
1,<environment.Job instance at 0x7f5bb4143280>,30,1,[5 5],31,102,103,71,79
1,<environment.Job instance at 0x7f5bb4143460>,32,17,[9 3],33,105,122,72,105
1,<environment.Job instance at 0x7f5bb4143820>,34,3,[9 5],35,122,125,87,105
1,<environment.Job instance at 0x7f5bb4143960>,37,14,[5 5],38,125,139,87,110
1,<environment.Job instance at 0x7f5bb4143aa0>,39,18,[5 8],40,139,157,99,128
1,<environment.Job instance at 0x7f5bbb5510f0>,0,18,[ 2 10],1,157,175,156,151
1,<environment.Job instance at 0x7f5bb41482d0>,46,3,[5 4],47,175,178,128,151
1,<environment.Job instance at 0x7f5bb4148460>,48,13,[6 1],49,178,191,129,163
1,<environment.Job instance at 0x7f5bb4148500>,51,2,[4 9],52,178,180,126,163
1,<environment.Job instance at 0x7f5bb415f2d0>,2,1,[ 5 10],3,3,4,0,3
1,<environment.Job instance at 0x7f5b7053bd70>,4,1,[9 4],5,5,6,0,5
1,<environment.Job instance at 0x7f5b7053aaa0>,6,1,[7 4],7,7,8,0,7
1,<environment.Job instance at 0x7f5b7053a5f0>,12,2,[8 2],13,25,27,12,25
1,<environment.Job instance at 0x7f5b7053a050>,13,1,[3 9],14,27,28,13,26
1,<environment.Job instance at 0x7f5b70531910>,17,2,[9 3],18,28,30,10,26
1,<environment.Job instance at 0x7f5b70531cd0>,14,12,[5 7],15,30,42,15,26
1,<environment.Job instance at 0x7f5b7053a410>,10,12,[2 5],11,42,54,31,26
1,<environment.Job instance at 0x7f5b7053e410>,20,18,[5 1],21,30,48,9,26
1,<environment.Job instance at 0x7f5b7053eb90>,23,3,[5 4],24,48,51,24,29
1,<environment.Job instance at 0x7f5b7053eeb0>,18,14,[8 5],19,51,65,32,38
1,<environment.Job instance at 0x7f5b70533c30>,27,3,[4 9],28,65,68,37,48
1,<environment.Job instance at 0x7f5b7053cf50>,28,2,[ 3 10],29,68,70,39,48
1,<environment.Job instance at 0x7f5b7053ceb0>,32,14,[9 2],33,70,84,37,58
1,<environment.Job instance at 0x7f5b7054d190>,34,17,[10  2],35,84,101,49,72
1,<environment.Job instance at 0x7f5b7054daf0>,35,17,[5 9],36,101,118,65,89
1,<environment.Job instance at 0x7f5b7066fc30>,43,12,[5 1],44,101,113,57,96
1,<environment.Job instance at 0x7f5b707fbfa0>,44,13,[5 9],45,118,131,73,102
1,<environment.Job instance at 0x7f5b706c49b0>,46,16,[7 2],47,131,147,84,118
1,<environment.Job instance at 0x7f5b70629320>,50,2,[4 5],51,147,149,96,129
1,<environment.Job instance at 0x7f5b70657e10>,52,1,[3 8],53,131,132,78,129
1,<environment.Job instance at 0x7f5b70629190>,53,15,[5 6],54,149,164,95,135
1,<environment.Job instance at 0x7f5b706513c0>,55,17,[3 5],56,164,181,108,157
1,<environment.Job instance at 0x7f5b7061ddc0>,59,12,[5 4],60,168,180,108,168
1,<environment.Job instance at 0x7f5b7061d9b0>,60,15,[7 4],61,180,195,119,169
1,<environment.Job instance at 0x7f5b7061d910>,61,13,[3 6],62,181,194,119,169
1,<environment.Job instance at 0x7f5b703b6b90>,4,12,[3 5],5,5,17,0,5
1,<environment.Job instance at 0x7f5b70400550>,9,1,[4 6],10,17,18,7,11
1,<environment.Job instance at 0x7f5b704004b0>,10,1,[2 5],11,12,13,1,12
1,<environment.Job instance at 0x7f5b703aa370>,11,14,[3 6],12,18,32,6,12
1,<environment.Job instance at 0x7f5b703fe2d0>,12,15,[7 3],13,18,33,5,14
1,<environment.Job instance at 0x7f5b703aa820>,13,1,[2 8],14,33,34,19,15
1,<environment.Job instance at 0x7f5b703aa910>,14,12,[2 9],15,34,46,19,19
1,<environment.Job instance at 0x7f5bb3fdddc0>,20,1,[5 1],21,33,34,12,23
1,<environment.Job instance at 0x7f5bb3f18be0>,22,2,[1 5],23,46,48,23,30
1,<environment.Job instance at 0x7f5bb45e1050>,23,12,[8 5],24,46,58,22,30
1,<environment.Job instance at 0x7f5bb42bb5a0>,26,3,[2 7],27,58,61,31,40
1,<environment.Job instance at 0x7f5bb4332f00>,17,16,[ 3 10],18,61,77,43,48
1,<environment.Job instance at 0x7f5b703aa640>,18,16,[3 6],19,77,93,58,64
1,<environment.Job instance at 0x7f5bbb6c59b0>,32,2,[6 3],33,77,79,44,64
1,<environment.Job instance at 0x7f5bb3ebed70>,29,18,[ 2 10],30,93,111,63,86
1,<environment.Job instance at 0x7f5b704716e0>,41,3,[10  4],42,111,114,69,88
1,<environment.Job instance at 0x7f5b70471320>,42,2,[6 4],43,88,90,45,88
1,<environment.Job instance at 0x7f5b70471eb0>,44,2,[1 9],45,114,116,69,90
1,<environment.Job instance at 0x7f5b70471c30>,38,14,[3 6],39,116,130,77,103
1,<environment.Job instance at 0x7f5b70471910>,48,12,[8 2],49,130,142,81,114
1,<environment.Job instance at 0x7f5b70471cd0>,47,13,[4 9],48,142,155,94,128
1,<environment.Job instance at 0x7f5b7039a550>,60,16,[1 9],61,155,171,94,142
1,<environment.Job instance at 0x7f5b704712d0>,45,18,[ 3 10],46,171,189,125,160
1,<environment.Job instance at 0x7f5b7071bf00>,2,12,[3 8],3,5,17,2,5
1,<environment.Job instance at 0x7f5bb412ab40>,5,16,[4 5],6,17,33,11,7
1,<environment.Job instance at 0x7f5bb41ab780>,11,15,[3 5],12,17,32,5,12
1,<environment.Job instance at 0x7f5bb41abc30>,14,15,[5 7],15,33,48,18,19
1,<environment.Job instance at 0x7f5bb412a690>,4,13,[1 9],5,48,61,43,34
1,<environment.Job instance at 0x7f5bb41abe60>,20,1,[6 5],21,61,62,40,47
1,<environment.Job instance at 0x7f5bb41abbe0>,9,17,[ 5 10],10,71,88,61,71
1,<environment.Job instance at 0x7f5bb41a5af0>,27,12,[5 5],28,88,100,60,72
1,<environment.Job instance at 0x7f5bb41a5730>,29,12,[9 1],30,100,112,70,84
1,<environment.Job instance at 0x7f5bb41a5910>,31,12,[5 9],32,112,124,80,95
1,<environment.Job instance at 0x7f5bbb57a730>,36,14,[10  4],37,124,138,87,110
1,<environment.Job instance at 0x7f5bbb57a230>,39,1,[5 7],40,138,139,98,110
1,<environment.Job instance at 0x7f5bb41927d0>,2,3,[1 9],3,3,6,0,3
1,<environment.Job instance at 0x7f5bbb57a460>,3,13,[5 1],4,4,17,0,4
1,<environment.Job instance at 0x7f5bb45b1be0>,6,12,[1 5],7,9,21,2,9
1,<environment.Job instance at 0x7f5bb45b11e0>,10,1,[9 4],11,17,18,6,11
1,<environment.Job instance at 0x7f5bb45b1460>,8,14,[9 1],9,18,32,9,14
1,<environment.Job instance at 0x7f5b7083c8c0>,13,3,[10  3],14,32,35,18,14
1,<environment.Job instance at 0x7f5b70811870>,14,3,[3 6],15,35,38,20,15
1,<environment.Job instance at 0x7f5b7083c960>,12,15,[6 2],13,35,50,22,26
1,<environment.Job instance at 0x7f5bb45a9500>,20,2,[2 7],21,38,40,17,26
1,<environment.Job instance at 0x7f5bb45a9460>,21,12,[1 8],22,40,52,18,27
1,<environment.Job instance at 0x7f5bb45a9af0>,22,1,[6 3],23,52,53,29,28
1,<environment.Job instance at 0x7f5bb45a9eb0>,18,18,[6 5],19,53,71,34,42
1,<environment.Job instance at 0x7f5b7081caa0>,29,12,[4 6],30,71,83,41,54
1,<environment.Job instance at 0x7f5bb3faef50>,25,15,[ 1 10],26,83,98,57,69
1,<environment.Job instance at 0x7f5bb3fc3e60>,35,16,[9 4],36,98,114,62,87
1,<environment.Job instance at 0x7f5b709f96e0>,42,2,[8 4],43,114,116,71,97
1,<environment.Job instance at 0x7f5bb45a9870>,19,18,[ 5 10],20,116,134,96,112
1,<environment.Job instance at 0x7f5bb48e5820>,44,16,[4 5],45,134,150,89,126
1,<environment.Job instance at 0x7f5b70748050>,0,14,[1 5],1,5,19,4,5
1,<environment.Job instance at 0x7f5bbb772320>,7,19,[1 5],8,8,27,0,8
1,<environment.Job instance at 0x7f5b70a3c1e0>,6,18,[7 4],7,19,37,12,8
1,<environment.Job instance at 0x7f5b70566190>,11,13,[6 3],12,37,50,25,21
1,<environment.Job instance at 0x7f5b70a3caa0>,8,14,[1 7],9,37,51,28,25
1,<environment.Job instance at 0x7f5b70566910>,15,2,[8 3],16,50,52,34,26
1,<environment.Job instance at 0x7f5b70566960>,16,3,[ 5 10],17,52,55,35,26
1,<environment.Job instance at 0x7f5b705667d0>,14,14,[5 3],15,55,69,40,40
1,<environment.Job instance at 0x7f5b70566460>,19,17,[9 2],20,69,86,49,61
1,<environment.Job instance at 0x7f5b70566d70>,20,14,[10  1],21,86,100,65,75
1,<environment.Job instance at 0x7f5bb40bc230>,25,17,[3 6],26,100,117,74,88
1,<environment.Job instance at 0x7f5b707fbf50>,28,12,[ 4 10],29,117,129,88,101
1,<environment.Job instance at 0x7f5b707fbc30>,30,16,[ 2 10],31,129,145,98,116
1,<environment.Job instance at 0x7f5bb4416aa0>,34,14,[6 4],35,145,159,110,130
1,<environment.Job instance at 0x7f5bb4416f00>,35,18,[ 5 10],36,159,177,123,152
1,<environment.Job instance at 0x7f5bbb574eb0>,48,16,[7 2],49,177,193,128,164
1,<environment.Job instance at 0x7f5bb452f9b0>,4,17,[2 5],5,7,24,2,7
1,<environment.Job instance at 0x7f5b7057a320>,9,14,[5 4],10,23,37,13,23
1,<environment.Job instance at 0x7f5b7057a230>,8,2,[7 5],9,37,39,28,23
1,<environment.Job instance at 0x7f5b70806a50>,11,1,[5 5],12,24,25,12,23
1,<environment.Job instance at 0x7f5b7057a500>,10,12,[10  1],11,39,51,28,24
1,<environment.Job instance at 0x7f5bb421e410>,15,2,[4 8],16,51,53,35,26
1,<environment.Job instance at 0x7f5b70575aa0>,17,2,[1 8],18,53,55,35,27
1,<environment.Job instance at 0x7f5b70575a00>,18,2,[10  5],19,55,57,36,28
1,<environment.Job instance at 0x7f5b705f4fa0>,20,3,[2 8],21,57,60,36,33
1,<environment.Job instance at 0x7f5bb421e780>,13,12,[10  1],14,60,72,46,43
1,<environment.Job instance at 0x7f5b7059cc80>,26,17,[2 6],27,72,89,45,61
1,<environment.Job instance at 0x7f5bb421e960>,16,18,[8 1],17,72,90,55,64
1,<environment.Job instance at 0x7f5bb3ef8320>,27,12,[2 8],28,89,101,61,72
1,<environment.Job instance at 0x7f5b70843d20>,30,13,[2 6],31,101,114,70,85
1,<environment.Job instance at 0x7f5bb49fa550>,38,12,[9 3],39,114,126,75,97
1,<environment.Job instance at 0x7f5bb49fae60>,34,15,[5 6],35,126,141,91,112
1,<environment.Job instance at 0x7f5bb40f37d0>,46,1,[6 3],47,141,142,94,121
1,<environment.Job instance at 0x7f5bb40f3a50>,45,15,[3 9],46,142,157,96,128
1,<environment.Job instance at 0x7f5bb40f3910>,49,18,[7 5],50,157,175,107,146
1,<environment.Job instance at 0x7f5b7054d7d0>,54,17,[7 2],55,175,192,120,163
1,<environment.Job instance at 0x7f5b7054d9b0>,57,3,[1 9],58,192,195,134,166
1,<environment.Job instance at 0x7f5b70373b90>,4,2,[3 6],5,6,8,1,6
1,<environment.Job instance at 0x7f5b7054d9b0>,5,3,[2 8],6,8,11,2,7
1,<environment.Job instance at 0x7f5b70373e10>,6,1,[9 2],7,11,12,4,7
1,<environment.Job instance at 0x7f5b70373f00>,9,3,[10  1],10,12,15,2,10
1,<environment.Job instance at 0x7f5b70366230>,10,18,[6 4],11,15,33,4,11
1,<environment.Job instance at 0x7f5b70366370>,11,2,[1 9],12,33,35,21,12
1,<environment.Job instance at 0x7f5b70366460>,12,3,[10  4],13,35,38,22,13
1,<environment.Job instance at 0x7f5b703666e0>,14,3,[9 3],15,38,41,23,15
1,<environment.Job instance at 0x7f5b703668c0>,16,1,[5 2],17,41,42,24,19
1,<environment.Job instance at 0x7f5b70366780>,18,13,[8 5],19,42,55,23,26
1,<environment.Job instance at 0x7f5b70366640>,13,13,[8 4],14,55,68,41,42
1,<environment.Job instance at 0x7f5b70366960>,22,16,[5 4],23,68,84,45,57
1,<environment.Job instance at 0x7f5b7037e140>,27,18,[1 6],28,60,78,32,60
1,<environment.Job instance at 0x7f5b7037e550>,32,14,[7 3],33,84,98,51,70
1,<environment.Job instance at 0x7f5b7037e6e0>,37,3,[8 1],38,98,101,60,84
1,<environment.Job instance at 0x7f5b7037eb90>,41,1,[2 5],42,85,86,43,85
1,<environment.Job instance at 0x7f5b7037ebe0>,42,13,[ 3 10],43,101,114,58,85
1,<environment.Job instance at 0x7f5b7037ed20>,44,1,[5 5],45,114,115,69,95
1,<environment.Job instance at 0x7f5b70366820>,17,13,[10  4],18,115,128,97,102
1,<environment.Job instance at 0x7f5b7036d0f0>,49,2,[8 2],50,128,130,78,109
1,<environment.Job instance at 0x7f5b7036d050>,50,2,[5 4],51,130,132,79,109
1,<environment.Job instance at 0x7f5b7036d140>,51,2,[6 1],52,132,134,80,109
1,<environment.Job instance at 0x7f5b7036d1e0>,52,12,[1 9],53,132,144,79,120
1,<environment.Job instance at 0x7f5b7036d320>,56,18,[5 5],57,144,162,87,133
1,<environment.Job instance at 0x7f5b7036daa0>,61,14,[10  1],62,162,176,100,147
1,<environment.Job instance at 0x7f5b703544b0>,68,12,[3 9],69,176,188,107,162
1,<environment.Job instance at 0x7f5b70354780>,71,3,[7 4],72,188,191,116,162
1,<environment.Job instance at 0x7f5b709f0aa0>,6,3,[8 2],7,7,10,0,7
1,<environment.Job instance at 0x7f5b70a04280>,10,1,[5 2],11,11,12,0,11
1,<environment.Job instance at 0x7f5b709d5d20>,9,14,[2 8],10,12,26,2,12
1,<environment.Job instance at 0x7f5b70a04fa0>,12,18,[10  5],13,26,44,13,15
1,<environment.Job instance at 0x7f5bb42a45a0>,15,18,[5 6],16,44,62,28,34
1,<environment.Job instance at 0x7f5b70a040a0>,17,15,[ 4 10],18,62,77,44,49
1,<environment.Job instance at 0x7f5bb46ac280>,23,13,[3 9],24,77,90,53,61
1,<environment.Job instance at 0x7f5b703eff50>,29,12,[5 8],30,90,102,60,73
1,<environment.Job instance at 0x7f5bb480a3c0>,30,12,[4 6],31,102,114,71,85
1,<environment.Job instance at 0x7f5bb43ee5f0>,36,3,[5 5],37,114,117,77,92
1,<environment.Job instance at 0x7f5b70824230>,38,15,[3 8],39,117,132,78,103
1,<environment.Job instance at 0x7f5b709d5fa0>,7,18,[1 9],8,132,150,124,124
1,<environment.Job instance at 0x7f5b70a3e280>,3,3,[6 5],4,4,7,0,4
1,<environment.Job instance at 0x7f5bb4b7faa0>,8,12,[5 4],9,9,21,0,9
1,<environment.Job instance at 0x7f5bb4b7f280>,10,13,[8 3],11,21,34,10,13
1,<environment.Job instance at 0x7f5b70598f00>,12,1,[1 8],13,34,35,21,20
1,<environment.Job instance at 0x7f5b7071dbe0>,11,1,[2 7],12,26,27,14,26
1,<environment.Job instance at 0x7f5bb4a61780>,15,15,[10  1],16,35,50,19,32
1,<environment.Job instance at 0x7f5b70824500>,17,12,[6 5],18,50,62,32,38
1,<environment.Job instance at 0x7f5b70ad6eb0>,22,3,[5 8],23,62,65,39,38
1,<environment.Job instance at 0x7f5bb3fa5a00>,23,2,[6 2],24,65,67,41,38
1,<environment.Job instance at 0x7f5bb4e19190>,26,2,[ 1 10],27,67,69,40,52
1,<environment.Job instance at 0x7f5bb3ee7960>,27,3,[2 7],28,69,72,41,52
1,<environment.Job instance at 0x7f5bb44a84b0>,29,1,[5 6],30,72,73,42,59
1,<environment.Job instance at 0x7f5b7071dcd0>,16,13,[ 2 10],17,73,86,56,60
1,<environment.Job instance at 0x7f5bb43eb050>,32,3,[5 8],33,86,89,53,60
1,<environment.Job instance at 0x7f5bb43eb1e0>,35,1,[1 7],36,65,66,29,64
1,<environment.Job instance at 0x7f5bb45ea500>,39,2,[4 8],40,89,91,49,69
1,<environment.Job instance at 0x7f5bb45ea960>,38,12,[6 4],39,91,103,52,75
1,<environment.Job instance at 0x7f5bb45eac30>,41,13,[3 5],42,91,104,49,75
1,<environment.Job instance at 0x7f5bb4b72b40>,46,13,[6 4],47,103,116,56,87
1,<environment.Job instance at 0x7f5bb44a8320>,30,18,[3 5],31,104,122,73,96
1,<environment.Job instance at 0x7f5bb4b72f00>,50,2,[5 4],51,116,118,65,102
1,<environment.Job instance at 0x7f5bb4b72190>,49,12,[5 8],50,122,134,72,105
1,<environment.Job instance at 0x7f5b70a7eb90>,53,3,[6 1],54,118,121,64,105
1,<environment.Job instance at 0x7f5bb4041c30>,0,15,[8 4],1,134,149,133,122
1,<environment.Job instance at 0x7f5bb4506640>,67,3,[6 5],68,149,152,81,127
1,<environment.Job instance at 0x7f5b705bbc30>,70,15,[5 5],71,152,167,81,138
1,<environment.Job instance at 0x7f5bb4df7190>,74,12,[7 1],75,167,179,92,150
1,<environment.Job instance at 0x7f5bb4d3d780>,79,2,[3 9],80,167,169,87,162
1,<environment.Job instance at 0x7f5bb4857aa0>,63,14,[ 5 10],64,179,193,115,165
1,<environment.Job instance at 0x7f5bb407b870>,7,1,[7 5],8,8,9,0,8
1,<environment.Job instance at 0x7f5bb407b960>,8,1,[10  1],9,9,10,0,9
1,<environment.Job instance at 0x7f5bb407baa0>,9,3,[3 5],10,10,13,0,10
1,<environment.Job instance at 0x7f5bb407b730>,5,15,[ 1 10],6,13,28,7,11
1,<environment.Job instance at 0x7f5bb407bb90>,10,3,[ 2 10],11,28,31,17,12
1,<environment.Job instance at 0x7f5bb407bd70>,12,14,[6 2],13,31,45,18,16
1,<environment.Job instance at 0x7f5bb407bf50>,14,2,[1 5],15,31,33,16,17
1,<environment.Job instance at 0x7f5bb407bf00>,15,3,[9 4],16,45,48,29,19
1,<environment.Job instance at 0x7f5bb407bc80>,11,13,[5 8],12,48,61,36,32
1,<environment.Job instance at 0x7f5bb40a4410>,21,3,[4 5],22,34,37,12,34
1,<environment.Job instance at 0x7f5bb40a45f0>,22,3,[10  3],23,61,64,38,35
1,<environment.Job instance at 0x7f5bb45dbc80>,3,16,[ 5 10],4,64,80,60,52
1,<environment.Job instance at 0x7f5bb40a4af0>,30,14,[6 1],31,80,94,49,65
1,<environment.Job instance at 0x7f5bb40a4cd0>,33,15,[2 7],34,80,95,46,68
1,<environment.Job instance at 0x7f5bb406a2d0>,35,3,[9 3],36,95,98,59,69
1,<environment.Job instance at 0x7f5bb406a460>,37,3,[6 1],38,98,101,60,78
1,<environment.Job instance at 0x7f5bb406a550>,38,12,[ 1 10],39,101,113,62,88
1,<environment.Job instance at 0x7f5bb406a730>,41,3,[10  1],42,113,116,71,93
1,<environment.Job instance at 0x7f5bb406a7d0>,42,12,[7 3],43,116,128,73,99
1,<environment.Job instance at 0x7f5bb406ab40>,44,2,[6 5],45,128,130,83,101
1,<environment.Job instance at 0x7f5bb406aaa0>,46,18,[7 3],47,130,148,83,119
1,<environment.Job instance at 0x7f5bb406acd0>,48,18,[1 5],49,120,138,71,120
1,<environment.Job instance at 0x7f5bb406abe0>,51,18,[3 9],52,148,166,96,137
1,<environment.Job instance at 0x7f5bb40911e0>,53,15,[1 5],54,166,181,112,152
1,<environment.Job instance at 0x7f5bb4091410>,57,2,[5 5],58,166,168,108,152
1,<environment.Job instance at 0x7f5bb40915f0>,60,3,[7 3],61,168,171,107,167
1,<environment.Job instance at 0x7f5bb44b3c80>,4,3,[ 3 10],5,7,10,2,7
1,<environment.Job instance at 0x7f5bb44b3320>,6,16,[1 7],7,11,27,4,11
1,<environment.Job instance at 0x7f5bb44b3460>,10,12,[4 5],11,27,39,16,11
1,<environment.Job instance at 0x7f5bb4091910>,3,14,[6 4],4,27,41,23,14
1,<environment.Job instance at 0x7f5b70a455f0>,16,3,[3 9],17,41,44,24,17
1,<environment.Job instance at 0x7f5b70a453c0>,19,3,[9 3],20,44,47,24,29
1,<environment.Job instance at 0x7f5b70a45b40>,21,2,[5 2],22,47,49,25,29
1,<environment.Job instance at 0x7f5bb44b3be0>,12,18,[1 5],13,44,62,31,37
1,<environment.Job instance at 0x7f5b70935af0>,25,1,[3 5],26,39,40,13,38
1,<environment.Job instance at 0x7f5b70935320>,26,3,[8 4],27,49,52,22,39
1,<environment.Job instance at 0x7f5b706e7140>,11,16,[1 5],12,52,68,40,40
1,<environment.Job instance at 0x7f5b709357d0>,28,3,[7 1],29,41,44,12,41
1,<environment.Job instance at 0x7f5bb4067780>,29,3,[7 5],30,62,65,32,41
1,<environment.Job instance at 0x7f5b70935f50>,27,16,[1 7],28,68,84,40,55
1,<environment.Job instance at 0x7f5b70a45370>,17,13,[ 5 10],18,84,97,66,70
1,<environment.Job instance at 0x7f5bb4067cd0>,34,17,[4 9],35,106,123,71,106
1,<environment.Job instance at 0x7f5bb4a41280>,43,15,[5 3],44,123,138,79,110
1,<environment.Job instance at 0x7f5bb4a41140>,49,1,[1 5],50,123,124,73,123
1,<environment.Job instance at 0x7f5bb4a41a50>,50,1,[10  3],51,138,139,87,123
1,<environment.Job instance at 0x7f5bb4a41eb0>,51,17,[7 1],52,139,156,87,127
1,<environment.Job instance at 0x7f5bb4067870>,39,12,[10  1],40,156,168,116,140
1,<environment.Job instance at 0x7f5bb43811e0>,59,13,[9 3],60,168,181,108,157
1,<environment.Job instance at 0x7f5bb43813c0>,62,16,[8 1],63,181,197,118,168
1,<environment.Job instance at 0x7f5bb4c47be0>,0,2,[4 7],1,2,4,1,2
1,<environment.Job instance at 0x7f5bb43812d0>,2,15,[1 9],3,6,21,3,6
1,<environment.Job instance at 0x7f5b7094fe60>,6,2,[5 1],7,7,9,0,7
1,<environment.Job instance at 0x7f5b7094f820>,5,12,[1 8],6,21,33,15,7
1,<environment.Job instance at 0x7f5b7094f730>,8,3,[9 1],9,14,17,5,14
1,<environment.Job instance at 0x7f5bb3f8ceb0>,12,3,[3 8],13,33,36,20,14
1,<environment.Job instance at 0x7f5b7094f9b0>,9,13,[6 5],10,36,49,26,20
1,<environment.Job instance at 0x7f5b7094fbe0>,10,16,[10  2],11,49,65,38,36
1,<environment.Job instance at 0x7f5bb3f8ce60>,11,16,[ 2 10],12,65,81,53,52
1,<environment.Job instance at 0x7f5bb4c79e60>,22,15,[6 2],23,81,96,58,67
1,<environment.Job instance at 0x7f5bb43813c0>,3,18,[10  4],4,96,114,92,85
1,<environment.Job instance at 0x7f5bb4c79e10>,25,16,[2 9],26,114,130,88,103
1,<environment.Job instance at 0x7f5bb4bc30a0>,4,2,[4 5],5,6,8,1,6
1,<environment.Job instance at 0x7f5bb4c79e10>,7,17,[5 6],8,12,29,4,12
1,<environment.Job instance at 0x7f5bb4094a00>,13,3,[7 5],14,29,32,15,17
1,<environment.Job instance at 0x7f5bb408f9b0>,14,12,[2 9],15,32,44,17,24
1,<environment.Job instance at 0x7f5bb408f910>,16,13,[2 7],17,44,57,27,29
1,<environment.Job instance at 0x7f5bb408f500>,19,12,[7 4],20,57,69,37,40
1,<environment.Job instance at 0x7f5bb408f2d0>,18,14,[2 8],19,69,83,50,56
1,<environment.Job instance at 0x7f5bb40793c0>,9,14,[ 2 10],10,83,97,73,68
1,<environment.Job instance at 0x7f5bb4b47e10>,32,13,[6 3],33,97,110,64,81
1,<environment.Job instance at 0x7f5bb46b1910>,35,3,[4 7],36,97,100,61,92
1,<environment.Job instance at 0x7f5bb46a0cd0>,25,15,[10  4],26,110,125,84,103
1,<environment.Job instance at 0x7f5b70383910>,37,14,[6 1],38,125,139,87,111
1,<environment.Job instance at 0x7f5b70a6a230>,40,16,[4 9],41,125,141,84,117
1,<environment.Job instance at 0x7f5bb4b412d0>,45,14,[8 2],46,146,160,100,146
1,<environment.Job instance at 0x7f5bb4b41a50>,47,2,[1 9],48,160,162,112,146
1,<environment.Job instance at 0x7f5b707d2370>,52,2,[6 2],53,162,164,109,157
1,<environment.Job instance at 0x7f5bb47cf460>,51,17,[7 4],52,164,181,112,157
1,<environment.Job instance at 0x7f5b70a3baa0>,56,2,[9 1],57,160,162,103,158
1,<environment.Job instance at 0x7f5bb3f3a370>,5,2,[1 7],6,7,9,1,7
1,<environment.Job instance at 0x7f5bb3f3acd0>,6,15,[3 5],7,9,24,2,9
1,<environment.Job instance at 0x7f5b705c0410>,8,14,[4 7],9,24,38,15,14
1,<environment.Job instance at 0x7f5bb3f9afa0>,15,18,[4 5],16,38,56,22,28
1,<environment.Job instance at 0x7f5bb48b3910>,19,3,[ 1 10],20,56,59,36,31
1,<environment.Job instance at 0x7f5bb4807be0>,23,12,[6 3],24,59,71,35,48
1,<environment.Job instance at 0x7f5bb4226500>,27,3,[6 5],28,49,52,21,49
1,<environment.Job instance at 0x7f5bb4226be0>,26,14,[8 2],27,71,85,44,56
1,<environment.Job instance at 0x7f5bb4226c30>,29,16,[1 8],30,71,87,41,62
1,<environment.Job instance at 0x7f5bb439cbe0>,35,13,[3 7],36,87,100,51,73
1,<environment.Job instance at 0x7f5b7094c6e0>,43,16,[5 5],44,101,117,57,101
1,<environment.Job instance at 0x7f5bb492c960>,46,1,[7 2],47,127,128,80,127
1,<environment.Job instance at 0x7f5bb492c910>,47,16,[7 4],48,128,144,80,127
1,<environment.Job instance at 0x7f5bb476d730>,50,2,[ 4 10],51,144,146,93,140
1,<environment.Job instance at 0x7f5b7090d780>,52,14,[1 7],53,149,163,96,149
1,<environment.Job instance at 0x7f5b7090ddc0>,53,1,[1 7],54,163,164,109,149
1,<environment.Job instance at 0x7f5b7090d6e0>,55,3,[4 7],56,164,167,108,155
1,<environment.Job instance at 0x7f5b7090d9b0>,56,15,[9 4],57,167,182,110,156
1,<environment.Job instance at 0x7f5b701306e0>,2,2,[10  2],3,3,5,0,3
1,<environment.Job instance at 0x7f5b70130500>,9,13,[3 8],10,17,30,7,17
1,<environment.Job instance at 0x7f5bb4a8b280>,7,15,[3 5],8,30,45,22,17
1,<environment.Job instance at 0x7f5b700cffa0>,18,3,[6 2],19,33,36,14,33
1,<environment.Job instance at 0x7f5b700cfd20>,19,17,[7 1],20,36,53,16,33
1,<environment.Job instance at 0x7f5b700cfe10>,20,13,[1 5],21,45,58,24,34
1,<environment.Job instance at 0x7f5b700cfa00>,17,12,[3 5],18,53,65,35,48
1,<environment.Job instance at 0x7f5b700cf280>,23,13,[2 7],24,65,78,41,50
1,<environment.Job instance at 0x7f5b700cf5a0>,28,1,[2 8],29,78,79,49,70
1,<environment.Job instance at 0x7f5b700cf870>,29,1,[8 5],30,79,80,49,70
1,<environment.Job instance at 0x7f5b700cf0f0>,30,1,[8 2],31,70,71,39,70
1,<environment.Job instance at 0x7f5b700c9be0>,31,3,[5 9],32,80,83,48,70
1,<environment.Job instance at 0x7f5b700c94b0>,32,1,[1 9],33,83,84,50,70
1,<environment.Job instance at 0x7f5b700c9370>,33,2,[7 1],34,71,73,37,70
1,<environment.Job instance at 0x7f5b700c9c30>,39,3,[5 8],40,117,120,77,117
1,<environment.Job instance at 0x7f5b700cff00>,14,15,[9 1],15,138,153,123,138
1,<environment.Job instance at 0x7f5b7018e410>,44,2,[8 2],45,160,162,115,160
1,<environment.Job instance at 0x7f5b7018ea00>,45,14,[7 2],46,162,176,116,160
1,<environment.Job instance at 0x7f5b7018e230>,47,16,[3 9],48,176,192,128,164
1,<environment.Job instance at 0x7f5b705d4870>,0,2,[7 1],1,2,4,1,2
1,<environment.Job instance at 0x7f5b7044bc80>,7,3,[3 5],8,8,11,0,8
1,<environment.Job instance at 0x7f5b7046f230>,9,3,[3 5],10,11,14,1,11
1,<environment.Job instance at 0x7f5b7046f3c0>,10,1,[4 6],11,21,22,10,21
1,<environment.Job instance at 0x7f5b7047cb90>,13,14,[8 4],14,24,38,10,24
1,<environment.Job instance at 0x7f5b7047c730>,14,18,[2 6],15,26,44,11,26
1,<environment.Job instance at 0x7f5b7047c960>,19,12,[1 5],20,44,56,24,28
1,<environment.Job instance at 0x7f5b7045cd70>,22,1,[10  2],23,56,57,33,30
1,<environment.Job instance at 0x7f5b704870a0>,26,2,[5 2],27,38,40,11,32
1,<environment.Job instance at 0x7f5b708e0280>,25,12,[9 4],26,44,56,18,33
1,<environment.Job instance at 0x7f5b70487730>,28,2,[1 6],29,57,59,28,33
1,<environment.Job instance at 0x7f5bb4058730>,29,3,[9 2],30,57,60,27,33
1,<environment.Job instance at 0x7f5bb4059c80>,31,13,[ 5 10],32,60,73,28,45
1,<environment.Job instance at 0x7f5b704636e0>,27,17,[4 8],28,73,90,45,65
1,<environment.Job instance at 0x7f5bb41fc5a0>,37,3,[5 6],38,90,93,52,65
1,<environment.Job instance at 0x7f5b70aa8dc0>,35,18,[7 3],36,93,111,57,82
1,<environment.Job instance at 0x7f5bb4c2ca00>,43,2,[5 4],44,90,92,46,82
1,<environment.Job instance at 0x7f5b70aa8d20>,34,16,[10  1],35,111,127,76,98
1,<environment.Job instance at 0x7f5b70a95690>,50,13,[1 6],51,127,140,76,111
1,<environment.Job instance at 0x7f5b70a95190>,53,15,[5 6],54,140,155,86,127
1,<environment.Job instance at 0x7f5b70a9ad70>,57,14,[10  2],58,155,169,97,140
1,<environment.Job instance at 0x7f5b70a954b0>,51,18,[10  3],52,169,187,117,158
1,<environment.Job instance at 0x7f5b708a91e0>,0,3,[8 1],1,2,5,1,2
1,<environment.Job instance at 0x7f5b708a9280>,4,15,[9 3],5,8,23,3,8
1,<environment.Job instance at 0x7f5b7031d8c0>,9,2,[5 8],10,23,25,13,15
1,<environment.Job instance at 0x7f5bb4696d70>,10,15,[2 9],11,25,40,14,18
1,<environment.Job instance at 0x7f5bb46961e0>,11,1,[2 5],12,40,41,28,22
1,<environment.Job instance at 0x7f5b703278c0>,16,2,[6 3],17,40,42,23,25
1,<environment.Job instance at 0x7f5b70327050>,17,12,[5 6],18,42,54,24,25
1,<environment.Job instance at 0x7f5bb424de60>,22,13,[8 3],23,54,67,31,39
1,<environment.Job instance at 0x7f5bb4b69280>,5,15,[4 8],6,67,82,61,53
1,<environment.Job instance at 0x7f5bb424d2d0>,24,2,[6 5],25,82,84,57,55
1,<environment.Job instance at 0x7f5b701325f0>,25,14,[6 2],26,67,81,41,55
1,<environment.Job instance at 0x7f5b706dfdc0>,33,12,[10  3],34,84,96,50,68
1,<environment.Job instance at 0x7f5b706dfcd0>,36,3,[1 5],37,96,99,59,73
1,<environment.Job instance at 0x7f5bb4df65a0>,37,1,[5 4],38,96,97,58,73
1,<environment.Job instance at 0x7f5b706df910>,34,14,[10  2],35,99,113,64,84
1,<environment.Job instance at 0x7f5bb4df6550>,39,3,[7 3],40,113,116,73,87
1,<environment.Job instance at 0x7f5bb4df6aa0>,40,2,[5 2],41,97,99,56,87
1,<environment.Job instance at 0x7f5bb4df6140>,43,14,[8 5],44,116,130,72,101
1,<environment.Job instance at 0x7f5bb46a9be0>,47,16,[3 5],48,130,146,82,119
1,<environment.Job instance at 0x7f5bb4c21f50>,2,16,[2 9],3,146,162,143,133
1,<environment.Job instance at 0x7f5bb45434b0>,54,1,[3 5],55,162,163,107,151
1,<environment.Job instance at 0x7f5b7070acd0>,55,16,[2 7],56,163,179,107,152
1,<environment.Job instance at 0x7f5b70678910>,57,2,[9 2],58,179,181,121,154
1,<environment.Job instance at 0x7f5b70147a50>,11,16,[1 8],12,17,33,5,17
1,<environment.Job instance at 0x7f5b70147be0>,15,1,[5 5],16,33,34,17,32
1,<environment.Job instance at 0x7f5b701472d0>,14,3,[5 3],15,33,36,18,32
1,<environment.Job instance at 0x7f5b70147aa0>,18,2,[2 5],19,34,36,15,34
1,<environment.Job instance at 0x7f5b70147f00>,17,18,[7 4],18,36,54,18,36
1,<environment.Job instance at 0x7f5b70147e60>,16,13,[ 1 10],17,54,67,37,41
1,<environment.Job instance at 0x7f5bb4226f00>,29,17,[8 4],30,67,84,37,55
1,<environment.Job instance at 0x7f5b707b2910>,30,15,[4 8],31,84,99,53,71
1,<environment.Job instance at 0x7f5b707b2be0>,35,13,[5 1],36,84,97,48,73
1,<environment.Job instance at 0x7f5b707b2b90>,39,12,[3 8],40,99,111,59,85
1,<environment.Job instance at 0x7f5b704eb820>,46,14,[6 5],47,111,125,64,98
1,<environment.Job instance at 0x7f5b704eba50>,48,15,[7 4],49,125,140,76,111
1,<environment.Job instance at 0x7f5b704ebe60>,49,12,[3 5],50,111,123,61,111
1,<environment.Job instance at 0x7f5b704eb4b0>,51,12,[5 8],52,140,152,88,124
1,<environment.Job instance at 0x7f5b704eb140>,3,1,[5 2],4,4,5,0,4
1,<environment.Job instance at 0x7f5bb44255a0>,5,12,[6 1],6,6,18,0,6
1,<environment.Job instance at 0x7f5bb47bd640>,8,13,[1 5],9,9,22,0,9
1,<environment.Job instance at 0x7f5bb4425a00>,7,12,[5 4],8,18,30,10,9
1,<environment.Job instance at 0x7f5bb472f690>,10,15,[7 3],11,30,45,19,16
1,<environment.Job instance at 0x7f5bb4425140>,0,14,[ 1 10],1,45,59,44,30
1,<environment.Job instance at 0x7f5b70971910>,19,2,[10  4],20,59,61,39,37
1,<environment.Job instance at 0x7f5bb471ab90>,21,14,[4 7],22,61,75,39,46
1,<environment.Job instance at 0x7f5bb4be8690>,18,13,[9 1],19,75,88,56,60
1,<environment.Job instance at 0x7f5b70174140>,24,17,[5 4],25,88,105,63,76
1,<environment.Job instance at 0x7f5bb484a460>,28,3,[8 5],29,105,108,76,79
1,<environment.Job instance at 0x7f5b70171320>,30,13,[1 7],31,108,121,77,94
1,<environment.Job instance at 0x7f5b70184730>,34,3,[9 5],35,121,124,86,95
1,<environment.Job instance at 0x7f5b70184d20>,35,16,[7 2],36,124,140,88,111
1,<environment.Job instance at 0x7f5b701840a0>,38,14,[ 5 10],39,140,154,101,125
1,<environment.Job instance at 0x7f5b701865f0>,44,13,[ 2 10],45,154,167,109,138
1,<environment.Job instance at 0x7ff206735190>,2,12,[5 4],3,3,15,0,3
1,<environment.Job instance at 0x7ff201325230>,5,13,[5 9],6,15,28,9,6
1,<environment.Job instance at 0x7ff2013253c0>,7,14,[5 1],8,8,22,0,8
1,<environment.Job instance at 0x7ff206735050>,4,18,[10  4],5,28,46,23,18
1,<environment.Job instance at 0x7ff201325aa0>,14,12,[3 7],15,46,58,31,32
1,<environment.Job instance at 0x7ff201325be0>,16,12,[1 8],17,58,70,41,42
1,<environment.Job instance at 0x7ff201325780>,9,17,[ 4 10],10,70,87,60,60
1,<environment.Job instance at 0x7ff2013290f0>,25,3,[1 6],26,87,90,61,68
1,<environment.Job instance at 0x7ff201329320>,27,2,[6 4],28,87,89,59,68
1,<environment.Job instance at 0x7ff2013293c0>,28,2,[5 9],29,90,92,61,69
1,<environment.Job instance at 0x7ff201329500>,30,1,[5 5],31,92,93,61,70
1,<environment.Job instance at 0x7ff201329280>,31,17,[4 9],32,93,110,61,89
1,<environment.Job instance at 0x7ff201329960>,33,2,[5 3],34,110,112,76,89
1,<environment.Job instance at 0x7ff201329870>,34,3,[9 5],35,112,115,77,89
1,<environment.Job instance at 0x7ff201329aa0>,37,14,[5 5],38,115,129,77,101
1,<environment.Job instance at 0x7ff201329b40>,38,12,[3 6],39,129,141,90,112
1,<environment.Job instance at 0x7ff201329d20>,41,14,[6 1],42,129,143,87,124
1,<environment.Job instance at 0x7ff201329fa0>,42,14,[8 4],43,143,157,100,128
1,<environment.Job instance at 0x7ff20132c190>,45,16,[6 2],46,157,173,111,146
1,<environment.Job instance at 0x7ff20132c1e0>,46,3,[5 4],47,173,176,126,147
1,<environment.Job instance at 0x7ff20132c320>,47,1,[2 6],48,147,148,99,147
1,<environment.Job instance at 0x7ff20132c730>,51,2,[4 9],52,176,178,124,157
1,<environment.Job instance at 0x7ff20132c7d0>,2,2,[8 2],3,3,5,0,3
1,<environment.Job instance at 0x7ff20132c730>,3,1,[3 9],4,5,6,1,4
1,<environment.Job instance at 0x7ff1bb720f00>,7,2,[9 3],8,8,10,0,8
1,<environment.Job instance at 0x7ff1bb720230>,12,14,[8 4],13,13,27,0,13
1,<environment.Job instance at 0x7ff1bb720be0>,13,3,[5 4],14,27,30,13,14
1,<environment.Job instance at 0x7ff1bb721d20>,10,18,[5 1],11,27,45,16,16
1,<environment.Job instance at 0x7ff1bb7211e0>,4,12,[5 7],5,30,42,25,18
1,<environment.Job instance at 0x7ff1bb724e10>,19,1,[10  3],20,45,46,25,20
1,<environment.Job instance at 0x7ff1bb7245f0>,20,2,[3 8],21,42,44,21,21
1,<environment.Job instance at 0x7ff1bb718410>,15,16,[ 3 10],16,46,62,30,40
1,<environment.Job instance at 0x7ff1bb724370>,25,17,[5 9],26,62,79,36,54
1,<environment.Job instance at 0x7ff1bb724230>,24,17,[10  2],25,79,96,54,67
1,<environment.Job instance at 0x7ff1bb719500>,33,12,[5 1],34,67,79,33,67
1,<environment.Job instance at 0x7ff1bb719280>,34,13,[5 9],35,96,109,61,81
1,<environment.Job instance at 0x7ff1bb732b40>,36,16,[7 2],37,109,125,72,98
1,<environment.Job instance at 0x7ff1bb737690>,39,1,[9 2],40,125,126,85,98
1,<environment.Job instance at 0x7ff1bb73b050>,40,2,[4 5],41,126,128,85,99
1,<environment.Job instance at 0x7ff1bb870b90>,41,1,[8 3],42,128,129,86,100
1,<environment.Job instance at 0x7ff1bb854cd0>,42,1,[3 8],43,109,110,66,100
1,<environment.Job instance at 0x7ff1bb958d20>,45,17,[3 5],46,129,146,83,127
1,<environment.Job instance at 0x7ff1bb8651e0>,43,15,[5 6],44,146,161,102,135
1,<environment.Job instance at 0x7ff1bb80e320>,49,12,[5 4],50,136,148,86,136
1,<environment.Job instance at 0x7ff1bb80e8c0>,51,13,[3 6],52,161,174,109,145
1,<environment.Job instance at 0x7ff1bb80e7d0>,53,12,[3 8],54,174,186,120,158
1,<environment.Job instance at 0x7ff1bb80e1e0>,54,14,[8 5],55,186,200,131,171
1,<environment.Job instance at 0x7ff20689c500>,2,2,[1 5],3,5,7,2,5
1,<environment.Job instance at 0x7ff2010dbb90>,8,3,[4 7],9,9,12,0,9
1,<environment.Job instance at 0x7ff2010db5a0>,10,17,[7 1],11,12,29,1,12
1,<environment.Job instance at 0x7ff20675d780>,12,2,[6 3],13,29,31,16,13
1,<environment.Job instance at 0x7ff2010dbdc0>,11,18,[3 8],12,47,65,35,47
1,<environment.Job instance at 0x7ff1bb59ac80>,19,3,[9 2],20,65,68,45,47
1,<environment.Job instance at 0x7ff1bb5e6690>,21,3,[10  4],22,68,71,46,47
1,<environment.Job instance at 0x7ff2010fea00>,22,2,[6 4],23,71,73,48,47
1,<environment.Job instance at 0x7ff1bb59a5a0>,18,14,[3 6],19,71,85,52,56
1,<environment.Job instance at 0x7ff2010997d0>,30,12,[1 5],31,85,97,54,69
1,<environment.Job instance at 0x7ff201563eb0>,32,17,[9 1],33,85,102,52,77
1,<environment.Job instance at 0x7ff20109da50>,28,12,[8 2],29,102,114,73,89
1,<environment.Job instance at 0x7ff20110da50>,33,18,[8 1],34,114,132,80,103
1,<environment.Job instance at 0x7ff1bb5eb8c0>,40,16,[1 9],41,114,130,73,112
1,<environment.Job instance at 0x7ff1bb5ebeb0>,45,12,[4 7],46,132,144,86,115
1,<environment.Job instance at 0x7ff2068a64b0>,47,13,[4 6],48,144,157,96,128
1,<environment.Job instance at 0x7ff2068a6c30>,48,14,[2 7],49,157,171,108,142
1,<environment.Job instance at 0x7ff2068a6910>,49,17,[5 1],50,142,159,92,142
1,<environment.Job instance at 0x7ff2010fddc0>,52,13,[8 1],53,159,172,106,143
1,<environment.Job instance at 0x7ff1bb57fcd0>,56,13,[1 6],57,171,184,114,158
1,<environment.Job instance at 0x7ff1bb57f6e0>,57,14,[10  3],58,184,198,126,169
1,<environment.Job instance at 0x7ff2068a1410>,3,18,[6 1],4,7,25,3,7
1,<environment.Job instance at 0x7ff1bbc00c30>,7,2,[2 6],8,8,10,0,8
1,<environment.Job instance at 0x7ff2068a1e60>,4,12,[4 7],5,13,25,8,13
1,<environment.Job instance at 0x7ff1bbc00050>,12,3,[4 9],13,25,28,12,15
1,<environment.Job instance at 0x7ff1bb5e8fa0>,14,2,[10  3],15,28,30,13,15
1,<environment.Job instance at 0x7ff1bb5e8e10>,16,16,[2 6],17,30,46,13,17
1,<environment.Job instance at 0x7ff2068a16e0>,0,14,[8 4],1,30,44,29,21
1,<environment.Job instance at 0x7ff1bb5e8140>,18,14,[6 4],19,44,58,25,35
1,<environment.Job instance at 0x7ff1bb5e8370>,17,18,[3 6],18,46,64,28,36
1,<environment.Job instance at 0x7ff2018914b0>,25,12,[6 1],26,58,70,32,41
1,<environment.Job instance at 0x7ff1bb5e8c30>,20,18,[5 9],21,70,88,49,59
1,<environment.Job instance at 0x7ff2018913c0>,23,18,[ 1 10],24,88,106,64,79
1,<environment.Job instance at 0x7ff201891460>,36,17,[ 1 10],37,106,123,69,94
1,<environment.Job instance at 0x7ff201778960>,40,12,[7 2],41,123,135,82,108
1,<environment.Job instance at 0x7ff2017785f0>,42,3,[1 9],43,135,138,92,111
1,<environment.Job instance at 0x7ff201778fa0>,43,2,[6 5],44,138,140,94,111
1,<environment.Job instance at 0x7ff201778cd0>,44,1,[7 3],45,140,141,95,112
1,<environment.Job instance at 0x7ff201778e10>,45,3,[7 2],46,141,144,95,115
1,<environment.Job instance at 0x7ff201778aa0>,47,17,[3 8],48,141,158,93,133
1,<environment.Job instance at 0x7ff201778870>,1,2,[8 4],2,3,5,1,3
1,<environment.Job instance at 0x7ff201778aa0>,2,2,[8 4],3,5,7,2,3
1,<environment.Job instance at 0x7ff201782dc0>,6,3,[8 3],7,7,10,0,7
1,<environment.Job instance at 0x7ff201782b90>,7,1,[10  5],8,10,11,2,8
1,<environment.Job instance at 0x7ff20129cf00>,9,1,[5 1],10,12,13,2,12
1,<environment.Job instance at 0x7ff1bba1d730>,11,3,[6 4],12,13,16,1,12
1,<environment.Job instance at 0x7ff1bba1d2d0>,10,12,[1 7],11,16,28,5,14
1,<environment.Job instance at 0x7ff1bba1d0f0>,13,15,[5 5],14,28,43,14,15
1,<environment.Job instance at 0x7ff1bba1bd20>,19,13,[7 4],20,43,56,23,35
1,<environment.Job instance at 0x7ff2011c8410>,23,15,[4 9],24,56,71,32,43
1,<environment.Job instance at 0x7ff201760fa0>,28,3,[8 3],29,71,74,42,50
1,<environment.Job instance at 0x7ff201798410>,31,18,[4 8],32,74,92,42,66
1,<environment.Job instance at 0x7ff201760f50>,32,15,[4 8],33,92,107,59,78
1,<environment.Job instance at 0x7ff2011c9550>,36,12,[2 7],37,107,119,70,90
1,<environment.Job instance at 0x7ff20177fa00>,41,12,[5 5],42,119,131,77,102
1,<environment.Job instance at 0x7ff2011a20f0>,43,13,[7 4],44,131,144,87,117
1,<environment.Job instance at 0x7ff1bba1dc30>,12,17,[ 2 10],13,144,161,131,132
1,<environment.Job instance at 0x7ff2011c79b0>,49,16,[7 2],50,161,177,111,148
1,<environment.Job instance at 0x7ff2011c7140>,52,3,[4 8],53,177,180,124,161
1,<environment.Job instance at 0x7ff2011c7370>,53,13,[5 5],54,180,193,126,164
1,<environment.Job instance at 0x7ff1bbbe1870>,55,14,[4 6],56,193,207,137,178
1,<environment.Job instance at 0x7ff201186cd0>,6,3,[5 8],7,7,10,0,7
1,<environment.Job instance at 0x7ff1bb907140>,8,3,[6 1],9,10,13,1,9
1,<environment.Job instance at 0x7ff201a3a7d0>,13,16,[8 1],14,26,42,12,26
1,<environment.Job instance at 0x7ff201a3a6e0>,18,16,[4 8],19,42,58,23,31
1,<environment.Job instance at 0x7ff201a3aeb0>,19,18,[6 1],20,42,60,22,42
1,<environment.Job instance at 0x7ff2010a35a0>,22,12,[6 1],23,60,72,37,43
1,<environment.Job instance at 0x7ff201188eb0>,30,15,[4 7],31,58,73,27,52
1,<environment.Job instance at 0x7ff1bbb79aa0>,33,16,[9 4],34,73,89,39,64
1,<environment.Job instance at 0x7ff1bbb79f50>,36,3,[6 1],37,89,92,52,66
1,<environment.Job instance at 0x7ff1bbb79550>,37,1,[5 1],38,72,73,34,66
1,<environment.Job instance at 0x7ff1bbb71af0>,41,12,[3 7],42,89,101,47,72
1,<environment.Job instance at 0x7ff2010a3be0>,25,16,[10  5],26,101,117,75,88
1,<environment.Job instance at 0x7ff1bbb71c80>,42,15,[ 2 10],43,117,132,74,106
1,<environment.Job instance at 0x7ff1bbb59050>,53,14,[ 4 10],54,132,146,78,117
1,<environment.Job instance at 0x7ff2012975f0>,56,16,[1 6],57,146,162,89,134
1,<environment.Job instance at 0x7ff1bbb599b0>,49,18,[2 7],50,162,180,112,151
1,<environment.Job instance at 0x7ff1bb7cbaf0>,65,15,[3 5],66,180,195,114,166
1,<environment.Job instance at 0x7ff1bb7cbb40>,66,3,[7 4],67,180,183,113,166
1,<environment.Job instance at 0x7ff1bb7ce1e0>,72,13,[9 1],73,195,208,122,179
1,<environment.Job instance at 0x7ff201246690>,2,3,[8 1],3,3,6,0,3
1,<environment.Job instance at 0x7ff1bb7ce280>,3,15,[3 9],4,6,21,2,5
1,<environment.Job instance at 0x7ff2012461e0>,5,3,[10  4],6,21,24,15,7
1,<environment.Job instance at 0x7ff20124c780>,10,15,[5 3],11,24,39,13,12
1,<environment.Job instance at 0x7ff201947d70>,12,14,[4 6],13,24,38,11,13
1,<environment.Job instance at 0x7ff201280870>,17,1,[10  4],18,39,40,21,21
1,<environment.Job instance at 0x7ff201acc820>,18,2,[3 6],19,40,42,21,22
1,<environment.Job instance at 0x7ff2012996e0>,0,12,[7 4],1,40,52,39,23
1,<environment.Job instance at 0x7ff20168ce10>,21,3,[8 5],22,52,55,30,28
1,<environment.Job instance at 0x7ff20124c190>,13,17,[9 1],14,55,72,41,43
1,<environment.Job instance at 0x7ff20168c500>,27,15,[6 2],28,72,87,44,58
1,<environment.Job instance at 0x7ff1bb7734b0>,31,3,[1 8],32,58,61,26,58
1,<environment.Job instance at 0x7ff1bb9744b0>,33,3,[3 8],34,76,79,42,76
1,<environment.Job instance at 0x7ff1bba65730>,34,12,[9 1],35,87,99,52,76
1,<environment.Job instance at 0x7ff1bb9256e0>,38,2,[6 3],39,99,101,60,80
1,<environment.Job instance at 0x7ff1bb925a50>,39,2,[1 9],40,87,89,47,81
1,<environment.Job instance at 0x7ff1bb925320>,40,12,[5 6],41,101,113,60,84
1,<environment.Job instance at 0x7ff1bb925e10>,42,1,[5 9],43,113,114,70,86
1,<environment.Job instance at 0x7ff201edda00>,43,1,[2 6],44,86,87,42,86
1,<environment.Job instance at 0x7ff1bba65910>,36,14,[6 4],37,114,128,77,99
1,<environment.Job instance at 0x7ff1bbb79dc0>,46,18,[6 4],47,128,146,81,117
1,<environment.Job instance at 0x7ff1bbb79280>,49,3,[1 7],50,146,149,96,120
1,<environment.Job instance at 0x7ff1bbb79e60>,50,2,[1 6],51,120,122,69,120
1,<environment.Job instance at 0x7ff1bbb798c0>,53,2,[2 7],54,149,151,95,134
1,<environment.Job instance at 0x7ff1bbb794b0>,54,3,[10  5],55,151,154,96,134
1,<environment.Job instance at 0x7ff1bbb79870>,52,14,[ 4 10],53,154,168,101,143
1,<environment.Job instance at 0x7ff1bbb79e10>,57,16,[1 8],58,168,184,110,156
1,<environment.Job instance at 0x7ff1bb8c3690>,61,15,[8 4],62,184,199,122,170
1,<environment.Job instance at 0x7ff2011fb1e0>,69,2,[9 3],70,199,201,129,175
1,<environment.Job instance at 0x7ff1bbb26320>,0,2,[6 1],1,1,3,0,1
1,<environment.Job instance at 0x7ff2011ceb40>,6,1,[5 7],7,8,9,1,8
1,<environment.Job instance at 0x7ff2011cedc0>,9,3,[ 3 10],10,10,13,0,10
1,<environment.Job instance at 0x7ff2011cebe0>,7,15,[3 6],8,14,29,6,14
1,<environment.Job instance at 0x7ff2011e9140>,13,13,[5 6],14,29,42,15,14
1,<environment.Job instance at 0x7ff2011e90f0>,14,13,[3 6],15,42,55,27,26
1,<environment.Job instance at 0x7ff2011e9b40>,25,14,[7 2],26,48,62,22,48
1,<environment.Job instance at 0x7ff2011e9f00>,27,16,[5 4],28,62,78,34,59
1,<environment.Job instance at 0x7ff2011e4140>,29,18,[5 1],30,72,90,42,72
1,<environment.Job instance at 0x7ff2011e41e0>,30,16,[1 7],31,78,94,47,74
1,<environment.Job instance at 0x7ff2011e4460>,34,3,[8 2],35,90,93,55,77
1,<environment.Job instance at 0x7ff2011e45a0>,36,15,[5 6],37,94,109,57,80
1,<environment.Job instance at 0x7ff2011e9dc0>,28,17,[6 5],29,109,126,80,97
1,<environment.Job instance at 0x7ff2011e9190>,18,16,[10  3],19,126,142,107,113
1,<environment.Job instance at 0x7ff2011e4aa0>,44,14,[ 3 10],45,142,156,97,127
1,<environment.Job instance at 0x7ff2011cecd0>,8,14,[ 1 10],9,156,170,147,155
1,<environment.Job instance at 0x7ff2011eb910>,60,13,[10  1],61,170,183,109,155
1,<environment.Job instance at 0x7ff2011eba00>,65,15,[1 5],66,183,198,117,169
1,<environment.Job instance at 0x7ff20662d410>,1,1,[ 3 10],2,2,3,0,2
1,<environment.Job instance at 0x7ff1bb887f50>,4,2,[1 9],5,5,7,0,5
1,<environment.Job instance at 0x7ff201e3e910>,10,2,[3 5],11,16,18,5,16
1,<environment.Job instance at 0x7ff201eb9140>,12,2,[1 9],13,18,20,5,16
1,<environment.Job instance at 0x7ff1bb5c9460>,14,3,[8 5],15,20,23,5,16
1,<environment.Job instance at 0x7ff201481a00>,15,2,[9 5],16,23,25,7,16
1,<environment.Job instance at 0x7ff1bb887640>,5,14,[5 4],6,25,39,19,17
1,<environment.Job instance at 0x7ff1bb5c92d0>,13,1,[3 7],14,39,40,25,18
1,<environment.Job instance at 0x7ff1bb8873c0>,8,3,[9 5],9,40,43,31,24
1,<environment.Job instance at 0x7ff1bb5c19b0>,21,2,[ 2 10],22,43,45,21,27
1,<environment.Job instance at 0x7ff1bba18f00>,20,2,[7 5],21,45,47,24,27
1,<environment.Job instance at 0x7ff1bba95c30>,23,1,[9 4],24,47,48,23,27
1,<environment.Job instance at 0x7ff1bb8f8870>,19,15,[6 4],20,48,63,28,35
1,<environment.Job instance at 0x7ff2017d9910>,26,17,[1 6],27,47,64,20,35
1,<environment.Job instance at 0x7ff2010a4280>,30,2,[1 5],31,64,66,33,47
1,<environment.Job instance at 0x7ff1bb5e6aa0>,17,18,[6 1],18,63,81,45,52
1,<environment.Job instance at 0x7ff1bb7187d0>,28,13,[4 8],29,66,79,37,57
1,<environment.Job instance at 0x7ff201724af0>,36,16,[4 8],37,79,95,42,67
1,<environment.Job instance at 0x7ff2017248c0>,38,15,[1 6],39,95,110,56,81
1,<environment.Job instance at 0x7ff201b1c500>,42,2,[3 5],43,110,112,67,84
1,<environment.Job instance at 0x7ff201b1cbe0>,44,17,[1 6],45,112,129,67,100
1,<environment.Job instance at 0x7ff201b1cd70>,46,17,[4 6],47,129,146,82,117
1,<environment.Job instance at 0x7ff20138f910>,49,3,[2 7],50,146,149,96,120
1,<environment.Job instance at 0x7ff201aa81e0>,52,17,[ 1 10],53,149,166,96,138
1,<environment.Job instance at 0x7ff201aa88c0>,54,13,[1 9],55,166,179,111,150
1,<environment.Job instance at 0x7ff201aa8550>,57,3,[7 5],58,179,182,121,156
1,<environment.Job instance at 0x7ff2014719b0>,48,18,[10  1],49,182,200,133,171
1,<environment.Job instance at 0x7ff201bd4050>,1,3,[6 5],2,3,6,1,3
1,<environment.Job instance at 0x7ff1bb5d5280>,3,3,[4 7],4,6,9,2,4
1,<environment.Job instance at 0x7ff201343550>,5,3,[8 5],6,9,12,3,7
1,<environment.Job instance at 0x7ff1bb5d5550>,4,13,[10  1],5,12,25,7,8
1,<environment.Job instance at 0x7ff2013437d0>,6,15,[4 6],7,25,40,18,11
1,<environment.Job instance at 0x7ff201e39a50>,12,15,[6 2],13,25,40,12,13
1,<environment.Job instance at 0x7ff201e4d5f0>,15,16,[3 5],16,40,56,24,29
1,<environment.Job instance at 0x7ff201c86690>,11,18,[7 1],12,40,58,28,29
1,<environment.Job instance at 0x7ff2018f6cd0>,23,3,[8 2],24,58,61,34,32
1,<environment.Job instance at 0x7ff1bb6cad70>,22,17,[1 5],23,56,73,33,44
1,<environment.Job instance at 0x7ff1bbab5410>,25,3,[9 4],26,61,64,35,44
1,<environment.Job instance at 0x7ff2066735a0>,20,14,[8 2],21,64,78,43,52
1,<environment.Job instance at 0x7ff20167ca50>,29,13,[4 7],30,78,91,48,63
1,<environment.Job instance at 0x7ff2019f1370>,32,14,[5 2],33,78,92,45,63
1,<environment.Job instance at 0x7ff20153a190>,34,1,[ 2 10],35,92,93,57,69
1,<environment.Job instance at 0x7ff20153af50>,38,1,[5 3],39,91,92,52,81
1,<environment.Job instance at 0x7ff20153a050>,39,3,[ 4 10],40,93,96,53,81
1,<environment.Job instance at 0x7ff20153afa0>,40,13,[5 8],41,96,109,55,84
1,<environment.Job instance at 0x7ff20153ae10>,42,2,[5 4],43,109,111,66,86
1,<environment.Job instance at 0x7ff20110b7d0>,45,14,[7 5],46,111,125,65,96
1,<environment.Job instance at 0x7ff201a68730>,49,1,[9 3],50,125,126,75,109
1,<environment.Job instance at 0x7ff201aa06e0>,47,16,[8 4],48,126,142,78,113
1,<environment.Job instance at 0x7ff201a685a0>,51,3,[1 5],52,113,116,61,113
1,<environment.Job instance at 0x7ff201689050>,53,12,[8 2],54,142,154,88,125
1,<environment.Job instance at 0x7ff2016899b0>,54,1,[10  4],55,154,155,99,126
1,<environment.Job instance at 0x7ff201689be0>,55,2,[8 4],56,155,157,99,128
1,<environment.Job instance at 0x7ff20153aa50>,43,15,[ 3 10],44,157,172,113,148
1,<environment.Job instance at 0x7ff1bb979af0>,62,1,[1 5],63,148,149,85,148
1,<environment.Job instance at 0x7ff2016edaf0>,63,12,[6 5],64,172,184,108,155
1,<environment.Job instance at 0x7ff1bb9e4820>,64,2,[3 6],65,184,186,119,157
1,<environment.Job instance at 0x7ff1bb9e4b40>,66,1,[7 4],67,184,185,117,164
1,<environment.Job instance at 0x7ff1bb9e4eb0>,67,16,[8 4],68,186,202,118,173
1,<environment.Job instance at 0x7ff2014b0af0>,69,2,[2 6],70,186,188,116,173
1,<environment.Job instance at 0x7ff1bbb03b90>,1,3,[2 9],2,3,6,1,3
1,<environment.Job instance at 0x7ff201df10f0>,2,18,[2 5],3,7,25,4,7
1,<environment.Job instance at 0x7ff1bb7c2550>,7,15,[6 2],8,10,25,2,10
1,<environment.Job instance at 0x7ff1bb7c26e0>,11,12,[2 8],12,25,37,13,13
1,<environment.Job instance at 0x7ff1bb7c2c30>,14,18,[9 3],15,37,55,22,26
1,<environment.Job instance at 0x7ff1bb7c2f00>,17,3,[8 3],18,55,58,37,30
1,<environment.Job instance at 0x7ff1bb7c2f50>,19,14,[4 7],20,58,72,38,43
1,<environment.Job instance at 0x7ff201df1690>,4,15,[10  1],5,72,87,67,60
1,<environment.Job instance at 0x7ff201df1730>,0,15,[2 8],1,87,102,86,74
1,<environment.Job instance at 0x7ff1bb7b1b40>,31,13,[1 7],32,102,115,70,86
1,<environment.Job instance at 0x7ff1bb7b1be0>,32,2,[5 3],33,102,104,69,86
1,<environment.Job instance at 0x7ff1bb7b1e10>,37,19,[ 2 10],38,115,134,77,106
1,<environment.Job instance at 0x7ff1bb7b19b0>,40,1,[2 9],41,134,135,93,108
1,<environment.Job instance at 0x7ff1bb7c9280>,42,14,[5 5],43,135,149,92,122
1,<environment.Job instance at 0x7ff1bb7c9410>,46,14,[9 3],47,149,163,102,134
1,<environment.Job instance at 0x7ff1bb7c9910>,51,12,[4 6],52,163,175,111,148
1,<environment.Job instance at 0x7ff1bb7c9a50>,54,2,[8 4],55,175,177,120,151
1,<environment.Job instance at 0x7ff1bb7c9c30>,57,15,[8 5],58,177,192,119,164
1,<environment.Job instance at 0x7ff1bbbf10a0>,0,2,[9 2],1,1,3,0,1
1,<environment.Job instance at 0x7ff1bbbf1b40>,3,3,[5 2],4,4,7,0,4
1,<environment.Job instance at 0x7ff1bbbf18c0>,5,1,[8 4],6,7,8,1,7
1,<environment.Job instance at 0x7ff1bbbf19b0>,6,12,[1 9],7,8,20,1,8
1,<environment.Job instance at 0x7ff1bbbf1050>,4,12,[ 1 10],5,20,32,15,8
1,<environment.Job instance at 0x7ff2012c2870>,9,16,[8 4],10,32,48,22,19
1,<environment.Job instance at 0x7ff2019f1910>,15,15,[ 3 10],16,48,63,32,34
1,<environment.Job instance at 0x7ff2064bc870>,16,12,[1 5],17,34,46,17,34
1,<environment.Job instance at 0x7ff20133f2d0>,24,3,[5 3],25,63,66,38,38
1,<environment.Job instance at 0x7ff20110b550>,23,12,[8 2],24,66,78,42,49
1,<environment.Job instance at 0x7ff1bb8c3a00>,27,13,[9 2],28,78,91,50,64
1,<environment.Job instance at 0x7ff201358690>,32,12,[9 4],33,91,103,58,74
1,<environment.Job instance at 0x7ff2013582d0>,33,14,[5 9],34,103,117,69,88
1,<environment.Job instance at 0x7ff201540870>,39,2,[1 6],40,99,101,59,99
1,<environment.Job instance at 0x7ff201540730>,40,15,[4 9],41,117,132,76,105
1,<environment.Job instance at 0x7ff201540780>,42,2,[4 8],43,132,134,89,109
1,<environment.Job instance at 0x7ff2010d7b90>,46,12,[9 2],47,134,146,87,117
1,<environment.Job instance at 0x7ff2010d79b0>,47,18,[3 7],48,146,164,98,135
1,<environment.Job instance at 0x7ff2010d7af0>,51,17,[7 1],52,146,163,94,135
1,<environment.Job instance at 0x7ff2010d7410>,54,18,[ 2 10],55,164,182,109,153
1,<environment.Job instance at 0x7ff2010d75f0>,57,2,[ 3 10],58,182,184,124,157
1,<environment.Job instance at 0x7ff201d0fcd0>,60,2,[4 7],61,184,186,123,169
1,<environment.Job instance at 0x7ff201d0ff00>,62,15,[1 9],63,186,201,123,172
1,<environment.Job instance at 0x7ff201e4fcd0>,0,3,[3 7],1,2,5,1,2
1,<environment.Job instance at 0x7ff201e4fe10>,3,2,[2 8],4,5,7,1,4
1,<environment.Job instance at 0x7ff2011a9230>,4,3,[5 3],5,7,10,2,5
1,<environment.Job instance at 0x7ff2011a90f0>,9,2,[9 5],10,27,29,17,27
1,<environment.Job instance at 0x7ff2011b5190>,19,1,[ 4 10],20,29,30,9,27
1,<environment.Job instance at 0x7ff2011b5820>,21,16,[10  1],22,34,50,12,34
1,<environment.Job instance at 0x7ff2011b5d70>,23,17,[8 3],24,50,67,26,38
1,<environment.Job instance at 0x7ff1bbb0b2d0>,26,2,[3 7],27,67,69,40,53
1,<environment.Job instance at 0x7ff1bbb0b4b0>,27,15,[5 5],28,69,84,41,55
1,<environment.Job instance at 0x7ff201acd3c0>,34,1,[4 6],35,84,85,49,57
1,<environment.Job instance at 0x7ff201acd500>,35,2,[4 5],36,69,71,33,57
1,<environment.Job instance at 0x7ff201acda00>,36,15,[ 1 10],37,85,100,48,71
1,<environment.Job instance at 0x7ff201acdaf0>,38,1,[4 5],39,72,73,33,72
1,<environment.Job instance at 0x7ff2011a9190>,8,12,[ 4 10],9,100,112,91,83
1,<environment.Job instance at 0x7ff201329780>,49,15,[4 9],50,112,127,62,98
1,<environment.Job instance at 0x7ff201329be0>,53,2,[7 1],54,127,129,73,104
1,<environment.Job instance at 0x7ff201329e10>,54,2,[4 5],55,129,131,74,104
1,<environment.Job instance at 0x7ff1bbb269b0>,56,3,[4 7],57,131,134,74,113
1,<environment.Job instance at 0x7ff1bb53b140>,57,17,[5 6],58,134,151,76,123
1,<environment.Job instance at 0x7ff1bb53b7d0>,59,14,[ 2 10],60,151,165,91,136
1,<environment.Job instance at 0x7ff2015a6fa0>,64,12,[2 9],65,165,177,100,150
1,<environment.Job instance at 0x7ff2015a6c80>,67,3,[1 5],68,177,180,109,156
1,<environment.Job instance at 0x7ff2015a6f00>,69,12,[7 4],70,177,189,107,160
1,<environment.Job instance at 0x7ff2015a6b90>,72,14,[5 3],73,189,203,116,176
1,<environment.Job instance at 0x7ff2015a6b40>,70,18,[5 6],71,189,207,118,178
1,<environment.Job instance at 0x7ff201bc2be0>,3,13,[7 2],4,4,17,0,4
1,<environment.Job instance at 0x7ff201e90910>,4,3,[9 3],5,17,20,12,5
1,<environment.Job instance at 0x7ff201a9df00>,8,2,[10  3],9,20,22,11,10
1,<environment.Job instance at 0x7ff201e6c0a0>,12,2,[1 7],13,31,33,18,31
1,<environment.Job instance at 0x7ff201e6c1e0>,13,13,[1 7],14,33,46,19,31
1,<environment.Job instance at 0x7ff201e6c410>,15,2,[8 4],16,46,48,30,32
1,<environment.Job instance at 0x7ff1bb5cdaa0>,20,1,[3 6],21,48,49,27,37
1,<environment.Job instance at 0x7ff201e8ddc0>,22,16,[5 5],23,49,65,26,42
1,<environment.Job instance at 0x7ff201e6c5f0>,10,18,[5 5],11,49,67,38,43
1,<environment.Job instance at 0x7ff201e8dc30>,23,13,[2 7],24,67,80,43,51
1,<environment.Job instance at 0x7ff201e93b90>,28,13,[5 5],29,80,93,51,65
1,<environment.Job instance at 0x7ff201e93370>,33,2,[ 4 10],34,93,95,59,82
1,<environment.Job instance at 0x7ff201e6c8c0>,14,18,[1 9],15,95,113,80,84
1,<environment.Job instance at 0x7ff201e97910>,38,16,[6 1],39,95,111,56,87
1,<environment.Job instance at 0x7ff201e7c3c0>,25,17,[10  2],26,113,130,87,101
1,<environment.Job instance at 0x7ff201ca1af0>,44,17,[4 8],45,130,147,85,118
1,<environment.Job instance at 0x7ff1bbb32c80>,47,14,[9 1],48,147,161,99,132
1,<environment.Job instance at 0x7ff201e7c280>,26,17,[4 9],27,161,178,134,155
1,<environment.Job instance at 0x7ff1bbb328c0>,52,12,[7 2],53,178,190,125,166
1,<environment.Job instance at 0x7ff1bb7905f0>,53,3,[ 3 10],54,190,193,136,167
1,<environment.Job instance at 0x7ff201eb25a0>,56,3,[5 6],57,193,196,136,169
1,<environment.Job instance at 0x7ff201eb20f0>,2,12,[7 5],3,4,16,1,4
1,<environment.Job instance at 0x7ff2016a26e0>,5,3,[2 5],6,6,9,0,6
1,<environment.Job instance at 0x7ff2016a2aa0>,4,1,[5 7],5,16,17,11,6
1,<environment.Job instance at 0x7ff201d7f320>,0,13,[2 8],1,17,30,16,13
1,<environment.Job instance at 0x7ff2014480a0>,22,1,[ 3 10],23,80,81,57,80
1,<environment.Job instance at 0x7ff201448dc0>,23,13,[6 4],24,81,94,57,80
1,<environment.Job instance at 0x7ff2015135f0>,26,2,[7 5],27,94,96,67,80
1,<environment.Job instance at 0x7ff2013b20a0>,19,18,[1 5],20,81,99,61,80
1,<environment.Job instance at 0x7ff1bbab5a50>,21,14,[10  4],22,99,113,77,84
1,<environment.Job instance at 0x7ff1bb5de500>,32,2,[10  2],33,113,115,80,105
1,<environment.Job instance at 0x7ff1bb5de730>,33,1,[3 5],34,115,116,81,105
1,<environment.Job instance at 0x7ff1bbc35690>,34,3,[10  1],35,116,119,81,105
1,<environment.Job instance at 0x7ff20196f500>,35,1,[10  4],36,119,120,83,105
1,<environment.Job instance at 0x7ff20196f640>,36,1,[1 6],37,120,121,83,106
1,<environment.Job instance at 0x7ff2016a2eb0>,6,17,[10  5],7,121,138,114,112
1,<environment.Job instance at 0x7ff201eb25a0>,3,17,[10  5],4,138,155,134,131
1,<environment.Job instance at 0x7ff1bb71c370>,43,18,[2 9],44,155,173,111,144
1,<environment.Job instance at 0x7ff1bb71ca50>,48,3,[6 2],49,173,176,124,156
1,<environment.Job instance at 0x7ff1bb71cc30>,49,17,[7 1],50,156,173,106,156
1,<environment.Job instance at 0x7ff1bb71c140>,50,13,[1 5],51,173,186,122,157
1,<environment.Job instance at 0x7ff1bbcea2d0>,5,2,[8 5],6,6,8,0,6
1,<environment.Job instance at 0x7ff1bbcea500>,6,1,[5 3],7,8,9,1,7
1,<environment.Job instance at 0x7ff1bb892460>,8,1,[ 2 10],9,9,10,0,9
1,<environment.Job instance at 0x7ff1bb8921e0>,11,3,[7 1],12,12,15,0,12
1,<environment.Job instance at 0x7ff1bb892820>,12,17,[8 1],13,15,32,2,13
1,<environment.Job instance at 0x7ff1bb892910>,13,3,[5 5],14,32,35,18,14
1,<environment.Job instance at 0x7ff1bb8922d0>,9,18,[1 9],10,14,32,4,14
1,<environment.Job instance at 0x7ff1bb8925f0>,16,15,[5 5],17,32,47,15,23
1,<environment.Job instance at 0x7ff1bb892140>,18,16,[7 3],19,47,63,28,34
1,<environment.Job instance at 0x7ff201125eb0>,26,3,[3 8],27,63,66,36,38
1,<environment.Job instance at 0x7ff201125d20>,27,3,[3 5],28,38,41,10,38
1,<environment.Job instance at 0x7ff2011257d0>,29,3,[3 5],30,54,57,24,54
1,<environment.Job instance at 0x7ff1bb892d70>,21,17,[4 6],22,66,83,44,59
1,<environment.Job instance at 0x7ff201125730>,35,18,[4 6],36,83,101,47,72
1,<environment.Job instance at 0x7ff1bba68aa0>,40,3,[2 6],41,101,104,60,76
1,<environment.Job instance at 0x7ff1bba68140>,43,17,[6 4],44,86,103,42,86
1,<environment.Job instance at 0x7ff1bba68230>,45,12,[9 4],46,104,116,58,88
1,<environment.Job instance at 0x7ff1bba68f50>,51,13,[ 5 10],52,116,129,64,101
1,<environment.Job instance at 0x7ff1bba68550>,47,17,[4 8],48,129,146,81,118
1,<environment.Job instance at 0x7ff1bba4ba00>,56,3,[4 7],57,146,149,89,121
1,<environment.Job instance at 0x7ff1bba4b140>,55,18,[7 3],56,149,167,93,138
1,<environment.Job instance at 0x7ff1bba4b0a0>,59,18,[3 7],60,149,167,89,139
1,<environment.Job instance at 0x7ff1bbcea5a0>,0,13,[9 4],1,167,180,166,155
1,<environment.Job instance at 0x7ff1bba4bd70>,68,18,[5 8],69,180,198,111,171
1,<environment.Job instance at 0x7ff1bba5f0a0>,3,2,[5 8],4,6,8,2,6
1,<environment.Job instance at 0x7ff1bb8b7fa0>,7,1,[9 1],8,8,9,0,8
1,<environment.Job instance at 0x7ff1bb8b7c30>,8,12,[5 3],9,9,21,0,9
1,<environment.Job instance at 0x7ff1bb8e5a00>,9,13,[6 2],10,21,34,11,10
1,<environment.Job instance at 0x7ff1bb8e5b40>,10,3,[8 1],11,34,37,23,11
1,<environment.Job instance at 0x7ff1bb8e5be0>,11,2,[1 6],12,12,14,0,12
1,<environment.Job instance at 0x7ff1bb8b75f0>,13,16,[1 8],14,21,37,7,17
1,<environment.Job instance at 0x7ff1bb8ce730>,19,2,[5 8],20,37,39,17,20
1,<environment.Job instance at 0x7ff1bb8eb0a0>,21,1,[2 5],22,39,40,17,25
1,<environment.Job instance at 0x7ff1bb8eb460>,22,2,[3 7],23,40,42,17,25
1,<environment.Job instance at 0x7ff1bb8ebf50>,23,1,[6 3],24,39,40,15,25
1,<environment.Job instance at 0x7ff1bb8eb500>,24,13,[5 6],25,42,55,17,28
1,<environment.Job instance at 0x7ff1bb8b38c0>,26,2,[6 3],27,40,42,13,38
1,<environment.Job instance at 0x7ff2012a8f50>,27,12,[5 6],28,55,67,27,38
1,<environment.Job instance at 0x7ff1bb49fa50>,29,1,[8 4],30,67,68,37,47
1,<environment.Job instance at 0x7ff2012a8e60>,30,14,[1 8],31,68,82,37,54
1,<environment.Job instance at 0x7ff201ec6050>,31,14,[9 1],32,68,82,36,55
1,<environment.Job instance at 0x7ff201ec6e60>,33,15,[4 9],34,82,97,48,69
1,<environment.Job instance at 0x7ff201ffd3c0>,39,2,[5 9],40,97,99,57,72
1,<environment.Job instance at 0x7ff2012a63c0>,40,2,[5 1],41,82,84,41,72
1,<environment.Job instance at 0x7ff201ae5500>,41,1,[10  5],42,99,100,57,72
1,<environment.Job instance at 0x7ff2012928c0>,43,12,[10  3],44,100,112,56,83
1,<environment.Job instance at 0x7ff2012ab050>,47,1,[5 4],48,112,113,64,85
1,<environment.Job instance at 0x7ff2012ab320>,48,13,[4 6],49,112,125,63,96
1,<environment.Job instance at 0x7ff1bb9c3e60>,49,3,[7 3],50,125,128,75,99
1,<environment.Job instance at 0x7ff1bb9c3140>,50,2,[5 2],51,113,115,62,99
1,<environment.Job instance at 0x7ff1bb9c9190>,53,14,[8 5],54,128,142,74,113
1,<environment.Job instance at 0x7ff1bb9c9820>,56,3,[ 2 10],57,142,145,85,117
1,<environment.Job instance at 0x7ff1bb9c9e60>,57,16,[3 5],58,145,161,87,132
1,<environment.Job instance at 0x7ff1bb9c9230>,58,1,[2 6],59,161,162,102,133
1,<environment.Job instance at 0x7ff1bb8b7be0>,6,14,[ 4 10],7,162,176,155,147
1,<environment.Job instance at 0x7ff1bb9c92d0>,59,18,[5 6],60,176,194,116,165
1,<environment.Job instance at 0x7ff1bb9dd550>,64,1,[3 5],65,194,195,129,171
1,<environment.Job instance at 0x7ff201580960>,4,2,[9 4],5,5,7,0,5
1,<environment.Job instance at 0x7ff206784b90>,10,2,[2 5],11,21,23,10,21
1,<environment.Job instance at 0x7ff1bb8f8fa0>,7,14,[5 1],8,26,40,18,26
1,<environment.Job instance at 0x7ff206784af0>,11,16,[1 8],12,26,42,14,26
1,<environment.Job instance at 0x7ff201d595a0>,14,3,[5 3],15,42,45,27,26
1,<environment.Job instance at 0x7ff201fc0e60>,15,1,[5 5],16,42,43,26,26
1,<environment.Job instance at 0x7ff201d59fa0>,16,13,[ 1 10],17,45,58,28,32
1,<environment.Job instance at 0x7ff201d59f00>,12,16,[ 5 10],13,58,74,45,45
1,<environment.Job instance at 0x7ff2068ab190>,20,14,[10  2],21,74,88,53,65
1,<environment.Job instance at 0x7ff20181f460>,29,17,[8 4],30,88,105,58,78
1,<environment.Job instance at 0x7ff201e49cd0>,30,15,[4 8],31,105,120,74,93
1,<environment.Job instance at 0x7ff2066254b0>,35,13,[5 1],36,105,118,69,94
1,<environment.Job instance at 0x7ff1bb3f0f00>,41,15,[5 5],42,120,135,78,110
1,<environment.Job instance at 0x7ff1bb3f0460>,42,16,[3 5],43,120,136,77,110
1,<environment.Job instance at 0x7ff1bb3f0c80>,43,18,[8 4],44,136,154,92,128
1,<environment.Job instance at 0x7ff1bb7d4280>,46,14,[6 5],47,154,168,107,141
1,<environment.Job instance at 0x7ff1bb5b9730>,49,12,[3 5],50,154,166,104,149
1,<environment.Job instance at 0x7ff1bb5b9b90>,50,15,[2 7],51,168,183,117,154
1,<environment.Job instance at 0x7ff1bb5b9960>,54,13,[5 6],55,183,196,128,168
1,<environment.Job instance at 0x7ff1bb861aa0>,2,1,[5 6],3,3,4,0,3
1,<environment.Job instance at 0x7ff1bb861d20>,3,15,[6 1],4,4,19,0,4
1,<environment.Job instance at 0x7ff1bb861820>,5,14,[4 7],6,6,20,0,6
1,<environment.Job instance at 0x7ff2011211e0>,1,18,[4 9],2,20,38,18,9
1,<environment.Job instance at 0x7ff1bb861870>,0,15,[7 3],1,38,53,37,24
1,<environment.Job instance at 0x7ff1bb861af0>,14,17,[5 4],15,53,70,38,41
1,<environment.Job instance at 0x7ff201a1a5a0>,18,3,[8 5],19,70,73,51,44
1,<environment.Job instance at 0x7ff201a1a550>,21,3,[6 5],22,73,76,51,47
1,<environment.Job instance at 0x7ff201a1a0a0>,24,3,[9 5],25,76,79,51,61
1,<environment.Job instance at 0x7ff201a1a320>,25,16,[7 2],26,79,95,53,66
1,<environment.Job instance at 0x7ff201a1a500>,28,14,[ 5 10],29,95,109,66,81
1,<environment.Job instance at 0x7ff201a1ac30>,32,3,[5 7],33,110,113,77,110
1,<environment.Job instance at 0x7ff1bb3fee60>,33,15,[5 5],34,113,128,79,113
1,<environment.Job instance at 0x7ff1bb3fe550>,34,13,[ 2 10],35,128,141,93,117
1,<environment.Job instance at 0x7ff1bb3fe690>,37,18,[9 5],38,141,159,103,132
1,<environment.Job instance at 0x7ff201ed5e10>,1,15,[9 1],2,4,19,2,4
1,<environment.Job instance at 0x7ff201716820>,7,2,[10  4],8,19,21,11,8
1,<environment.Job instance at 0x7ff2017164b0>,9,17,[1 9],10,21,38,11,10
1,<environment.Job instance at 0x7ff1bb54d780>,13,12,[5 7],14,38,50,24,21
1,<environment.Job instance at 0x7ff1bba29960>,17,15,[6 4],18,50,65,32,36
1,<environment.Job instance at 0x7ff1bb9ca9b0>,19,13,[3 9],20,65,78,45,49
1,<environment.Job instance at 0x7ff201ae5d20>,22,16,[6 1],23,67,83,44,67
1,<environment.Job instance at 0x7ff201716780>,8,15,[2 9],9,78,93,69,68
1,<environment.Job instance at 0x7ff201684b90>,26,12,[10  3],27,93,105,66,77
1,<environment.Job instance at 0x7ff2013f90a0>,29,18,[4 9],30,105,123,75,94
1,<environment.Job instance at 0x7ff201800dc0>,37,15,[5 2],38,123,138,85,109
1,<environment.Job instance at 0x7ff201800a00>,38,15,[3 7],39,123,138,84,116
1,<environment.Job instance at 0x7ff1bb2f7050>,40,15,[5 4],41,138,153,97,124
1,<environment.Job instance at 0x7ff1bb2f7230>,42,18,[4 6],43,138,156,95,136
1,<environment.Job instance at 0x7fde418410a0>,2,12,[5 4],3,3,15,0,3
1,<environment.Job instance at 0x7fde3a431230>,5,13,[5 9],6,15,28,9,6
1,<environment.Job instance at 0x7fde3a4315a0>,7,14,[5 1],8,8,22,0,8
1,<environment.Job instance at 0x7fde3a431730>,8,17,[ 2 10],9,28,45,19,16
1,<environment.Job instance at 0x7fde3a4311e0>,10,1,[7 3],11,45,46,34,23
1,<environment.Job instance at 0x7fde3a4318c0>,11,2,[3 9],12,46,48,34,23
1,<environment.Job instance at 0x7fde3a4315f0>,12,3,[6 3],13,48,51,35,23
1,<environment.Job instance at 0x7fde3a431a00>,14,12,[3 7],15,48,60,33,35
1,<environment.Job instance at 0x7fde3a431a50>,16,12,[1 8],17,60,72,43,43
1,<environment.Job instance at 0x7fde3a431550>,9,17,[ 4 10],10,72,89,62,61
1,<environment.Job instance at 0x7fde3a431e60>,24,3,[5 9],25,89,92,64,66
1,<environment.Job instance at 0x7fde3a4331e0>,25,3,[1 6],26,92,95,66,66
1,<environment.Job instance at 0x7fde3a4333c0>,28,2,[5 9],29,95,97,66,68
1,<environment.Job instance at 0x7fde3a433500>,30,1,[5 5],31,97,98,66,69
1,<environment.Job instance at 0x7fde3a433640>,32,17,[9 3],33,98,115,65,87
1,<environment.Job instance at 0x7fde3a433aa0>,37,14,[5 5],38,115,129,77,103
1,<environment.Job instance at 0x7fde3a433a00>,38,12,[3 6],39,129,141,90,113
1,<environment.Job instance at 0x7fde3a433eb0>,41,14,[6 1],42,129,143,87,123
1,<environment.Job instance at 0x7fde3a433dc0>,42,14,[8 4],43,143,157,100,130
1,<environment.Job instance at 0x7fde418410f0>,0,18,[ 2 10],1,157,175,156,147
1,<environment.Job instance at 0x7fde3a437320>,45,16,[6 2],46,175,191,129,163
1,<environment.Job instance at 0x7fde3a4375f0>,48,13,[6 1],49,191,204,142,175
1,<environment.Job instance at 0x7fde3a437640>,51,2,[4 9],52,191,193,139,175
1,<environment.Job instance at 0x7fde3a43a3c0>,1,3,[8 2],2,4,7,2,4
1,<environment.Job instance at 0x7fddf682cd70>,7,3,[4 9],8,9,12,1,9
1,<environment.Job instance at 0x7fddf682f690>,9,1,[10  3],10,12,13,2,10
1,<environment.Job instance at 0x7fddf682f7d0>,10,2,[3 8],11,13,15,2,11
1,<environment.Job instance at 0x7fddf682ce10>,8,2,[ 3 10],9,15,17,6,12
1,<environment.Job instance at 0x7fddf682f190>,12,14,[9 2],13,17,31,4,13
1,<environment.Job instance at 0x7fddf682c7d0>,3,3,[5 4],4,31,34,27,16
1,<environment.Job instance at 0x7fddf682f910>,14,17,[10  2],15,34,51,19,24
1,<environment.Job instance at 0x7fddf6830190>,16,13,[5 1],17,51,64,34,37
1,<environment.Job instance at 0x7fddf6830230>,20,17,[2 9],21,51,68,30,41
1,<environment.Job instance at 0x7fddf6824780>,23,12,[5 1],24,64,76,40,47
1,<environment.Job instance at 0x7fddf68246e0>,24,13,[5 9],25,68,81,43,54
1,<environment.Job instance at 0x7fddf6824140>,26,16,[7 2],27,81,97,54,68
1,<environment.Job instance at 0x7fddf682deb0>,30,2,[4 5],31,97,99,66,70
1,<environment.Job instance at 0x7fddf689b4b0>,35,17,[3 5],36,96,113,60,96
1,<environment.Job instance at 0x7fddf6824280>,25,17,[8 1],26,113,130,87,102
1,<environment.Job instance at 0x7fddf6aa6050>,40,15,[7 4],41,130,145,89,119
1,<environment.Job instance at 0x7fddf691f1e0>,41,13,[3 6],42,130,143,88,120
1,<environment.Job instance at 0x7fddf6971c30>,43,12,[3 8],44,145,157,101,128
1,<environment.Job instance at 0x7fddf69b6910>,45,12,[2 6],46,157,169,111,141
1,<environment.Job instance at 0x7fddf691aaf0>,49,16,[9 4],50,169,185,119,157
1,<environment.Job instance at 0x7fddf691a3c0>,53,18,[1 6],54,170,188,116,170
1,<environment.Job instance at 0x7fddf691a870>,54,15,[9 5],55,188,203,133,178
1,<environment.Job instance at 0x7fddf66f4d70>,2,2,[6 4],3,3,5,0,3
1,<environment.Job instance at 0x7fddf6cac460>,5,18,[ 3 10],6,10,28,4,10
1,<environment.Job instance at 0x7fddf6683b90>,10,12,[1 5],11,28,40,17,11
1,<environment.Job instance at 0x7fde3a5bc730>,13,18,[8 1],14,28,46,14,22
1,<environment.Job instance at 0x7fddf66833c0>,12,17,[9 1],13,46,63,33,35
1,<environment.Job instance at 0x7fde3a682320>,21,3,[3 7],22,63,66,41,47
1,<environment.Job instance at 0x7fde3a644140>,25,12,[4 7],26,66,78,40,53
1,<environment.Job instance at 0x7fde3a20b820>,26,13,[8 3],27,78,91,51,62
1,<environment.Job instance at 0x7fddf668beb0>,28,14,[2 7],29,78,92,49,68
1,<environment.Job instance at 0x7fddf668cd70>,27,13,[4 6],28,92,105,64,80
1,<environment.Job instance at 0x7fddf66a7910>,33,16,[3 5],34,105,121,71,92
1,<environment.Job instance at 0x7fddf66a6aa0>,38,13,[8 2],39,121,134,82,105
1,<environment.Job instance at 0x7fddf66839b0>,7,13,[4 9],8,134,147,126,118
1,<environment.Job instance at 0x7fddf66a5a50>,46,13,[8 4],47,147,160,100,131
1,<environment.Job instance at 0x7fddf66a58c0>,50,17,[9 4],51,160,177,109,155
1,<environment.Job instance at 0x7fddf66f1e60>,54,2,[5 3],55,177,179,122,156
1,<environment.Job instance at 0x7fddf66a8f50>,55,15,[5 7],56,177,192,121,163
1,<environment.Job instance at 0x7fddf66a5910>,45,16,[10  5],46,192,208,146,182
1,<environment.Job instance at 0x7fddf6bfe280>,8,16,[9 2],9,14,30,5,14
1,<environment.Job instance at 0x7fddf6bfe640>,10,12,[7 2],11,30,42,19,14
1,<environment.Job instance at 0x7fddf6bfef00>,12,3,[1 9],13,42,45,29,16
1,<environment.Job instance at 0x7fddf6bfe5a0>,13,2,[6 5],14,45,47,31,18
1,<environment.Job instance at 0x7fddf6bfe550>,11,13,[1 9],12,47,60,35,31
1,<environment.Job instance at 0x7fde3a7d51e0>,19,3,[4 9],20,60,63,40,38
1,<environment.Job instance at 0x7fde3a7d5fa0>,20,13,[10  4],21,63,76,42,47
1,<environment.Job instance at 0x7fde3a7d5eb0>,22,17,[2 5],23,76,93,53,64
1,<environment.Job instance at 0x7fde3a7d5910>,29,14,[4 9],30,93,107,63,79
1,<environment.Job instance at 0x7fde3a7d5e10>,31,3,[5 9],32,107,110,75,81
1,<environment.Job instance at 0x7fddf6cc2eb0>,6,17,[ 1 10],7,110,127,103,99
1,<environment.Job instance at 0x7fde3cae7870>,38,17,[2 6],39,127,144,88,115
1,<environment.Job instance at 0x7fde3cae7410>,42,15,[10  1],43,144,159,101,139
1,<environment.Job instance at 0x7fde3cae7550>,43,17,[5 3],44,159,176,115,147
1,<environment.Job instance at 0x7fde3cae74b0>,47,14,[2 5],48,159,173,111,157
1,<environment.Job instance at 0x7fde3cae72d0>,48,16,[6 5],49,176,192,127,164
1,<environment.Job instance at 0x7fddf6bc1c30>,53,14,[4 8],54,192,206,138,177
1,<environment.Job instance at 0x7fde3a702410>,0,2,[5 1],1,1,3,0,1
1,<environment.Job instance at 0x7fddf6a04fa0>,3,13,[7 4],4,6,19,2,6
1,<environment.Job instance at 0x7fde3a702460>,4,3,[7 4],5,19,22,14,8
1,<environment.Job instance at 0x7fddf6bc1460>,1,12,[5 5],2,22,34,20,11
1,<environment.Job instance at 0x7fddf6a68aa0>,12,3,[4 8],13,34,37,21,14
1,<environment.Job instance at 0x7fddf6a39aa0>,13,13,[5 5],14,37,50,23,21
1,<environment.Job instance at 0x7fddf6a39b90>,15,14,[4 6],16,50,64,34,35
1,<environment.Job instance at 0x7fddf6a687d0>,9,16,[7 2],10,64,80,54,51
1,<environment.Job instance at 0x7fddf6b292d0>,30,13,[5 3],31,80,93,49,68
1,<environment.Job instance at 0x7fddf6b29fa0>,31,17,[2 7],32,72,89,40,72
1,<environment.Job instance at 0x7fddf6b295f0>,32,17,[6 4],33,93,110,60,81
1,<environment.Job instance at 0x7fddf6b085a0>,36,3,[5 4],37,89,92,52,82
1,<environment.Job instance at 0x7fde3a868910>,38,12,[ 4 10],39,110,122,71,94
1,<environment.Job instance at 0x7fddf6a686e0>,10,16,[ 3 10],11,122,138,111,109
1,<environment.Job instance at 0x7fddf6cd67d0>,43,18,[5 5],44,138,156,94,127
1,<environment.Job instance at 0x7fde3a399eb0>,46,13,[3 9],47,156,169,109,140
1,<environment.Job instance at 0x7fddf6da6e60>,52,13,[9 4],53,169,182,116,153
1,<environment.Job instance at 0x7fde3cef5e10>,54,16,[2 7],55,182,198,127,170
1,<environment.Job instance at 0x7fde3a2a45f0>,58,16,[8 3],59,182,198,123,173
1,<environment.Job instance at 0x7fde3a2a4d20>,63,1,[10  1],64,198,199,134,188
1,<environment.Job instance at 0x7fde3a23af50>,64,17,[9 2],65,199,216,134,188
1,<environment.Job instance at 0x7fddf687ba50>,2,2,[5 7],3,4,6,1,4
1,<environment.Job instance at 0x7fddf68a1730>,4,15,[4 8],5,10,25,5,10
1,<environment.Job instance at 0x7fde3a5623c0>,12,3,[1 8],13,25,28,12,13
1,<environment.Job instance at 0x7fde3a5621e0>,14,3,[1 5],15,28,31,13,15
1,<environment.Job instance at 0x7fde3a5626e0>,13,12,[3 8],14,31,43,17,15
1,<environment.Job instance at 0x7fde3a2820a0>,16,3,[7 4],17,28,31,11,23
1,<environment.Job instance at 0x7fde3a282e10>,18,2,[7 4],19,43,45,24,23
1,<environment.Job instance at 0x7fde3a282e60>,20,2,[10  5],21,45,47,24,24
1,<environment.Job instance at 0x7fde3a282f50>,21,3,[9 1],22,25,28,3,25
1,<environment.Job instance at 0x7fde3a282140>,22,13,[9 1],23,47,60,24,34
1,<environment.Job instance at 0x7fddf698fa50>,24,13,[4 8],25,60,73,35,44
1,<environment.Job instance at 0x7fde3cef5370>,1,18,[3 8],2,73,91,71,62
1,<environment.Job instance at 0x7fde3a958c30>,32,13,[2 9],33,91,104,58,75
1,<environment.Job instance at 0x7fde3a562780>,9,17,[ 1 10],10,104,121,94,93
1,<environment.Job instance at 0x7fddf691fb90>,42,1,[2 5],43,121,122,78,94
1,<environment.Job instance at 0x7fddf691f6e0>,45,3,[5 6],46,122,125,76,109
1,<environment.Job instance at 0x7fddf691fc80>,47,15,[5 8],48,125,140,77,111
1,<environment.Job instance at 0x7fddf691f640>,50,1,[ 2 10],51,140,141,89,126
1,<environment.Job instance at 0x7fddf691f9b0>,51,2,[1 5],52,141,143,89,126
1,<environment.Job instance at 0x7fddf691fd20>,52,1,[9 5],53,141,142,88,126
1,<environment.Job instance at 0x7fddf691f780>,53,14,[ 5 10],54,143,157,89,128
1,<environment.Job instance at 0x7fddf691fb40>,58,15,[5 8],59,157,172,98,145
1,<environment.Job instance at 0x7fddf691f3c0>,60,13,[5 6],61,172,185,111,156
1,<environment.Job instance at 0x7fddf6703910>,64,13,[ 5 10],65,185,198,120,170
1,<environment.Job instance at 0x7fddf6703fa0>,68,18,[5 5],69,198,216,129,187
1,<environment.Job instance at 0x7fde3a753f00>,4,2,[6 1],5,5,7,0,5
1,<environment.Job instance at 0x7fddf68a1a50>,5,17,[5 3],6,8,25,2,8
1,<environment.Job instance at 0x7fde3a388cd0>,9,2,[9 3],10,25,27,15,18
1,<environment.Job instance at 0x7fde3a388230>,6,12,[2 7],7,27,39,20,18
1,<environment.Job instance at 0x7fddf6af7230>,11,1,[5 4],12,20,21,8,20
1,<environment.Job instance at 0x7fde3a388280>,13,18,[4 6],14,39,57,25,32
1,<environment.Job instance at 0x7fddf69c10a0>,17,12,[1 6],18,57,69,39,43
1,<environment.Job instance at 0x7fddf6d0b370>,18,3,[10  2],19,69,72,50,43
1,<environment.Job instance at 0x7fddf6a30cd0>,20,2,[4 6],21,72,74,51,45
1,<environment.Job instance at 0x7fde3a388af0>,10,13,[4 6],11,74,87,63,61
1,<environment.Job instance at 0x7fddf69c16e0>,25,2,[3 9],26,87,89,61,73
1,<environment.Job instance at 0x7fddf6925d20>,27,1,[8 1],28,89,90,61,73
1,<environment.Job instance at 0x7fddf6925f50>,28,3,[9 5],29,90,93,61,73
1,<environment.Job instance at 0x7fde3a3fc050>,31,2,[3 9],32,93,95,61,73
1,<environment.Job instance at 0x7fddf6a7bb90>,23,14,[ 2 10],24,95,109,71,80
1,<environment.Job instance at 0x7fde3a3f6aa0>,33,16,[3 8],34,109,125,75,96
1,<environment.Job instance at 0x7fddf69c15a0>,19,17,[5 7],20,125,142,105,113
1,<environment.Job instance at 0x7fde3ce628c0>,41,12,[4 7],42,142,154,100,126
1,<environment.Job instance at 0x7fde3a712410>,45,14,[4 8],46,154,168,108,140
1,<environment.Job instance at 0x7fde3a4b67d0>,1,15,[8 4],2,168,183,166,154
1,<environment.Job instance at 0x7fde3cb9ea50>,52,1,[1 8],53,183,184,130,164
1,<environment.Job instance at 0x7fde3cbb4be0>,54,2,[3 6],55,184,186,129,183
1,<environment.Job instance at 0x7fde3cbb4f50>,55,3,[2 8],56,186,189,130,183
1,<environment.Job instance at 0x7fde3cbb4c30>,57,1,[5 3],58,184,185,126,183
1,<environment.Job instance at 0x7fde3cf53320>,50,12,[4 8],51,189,201,138,183
1,<environment.Job instance at 0x7fde3cbb4d70>,59,3,[10  1],60,201,204,141,184
1,<environment.Job instance at 0x7fde3ca42be0>,61,2,[1 9],62,204,206,142,185
1,<environment.Job instance at 0x7fde3ca42dc0>,62,3,[10  4],63,206,209,143,185
1,<environment.Job instance at 0x7fde3ca42dc0>,3,3,[2 7],4,4,7,0,4
1,<environment.Job instance at 0x7fddf69bbdc0>,4,1,[4 6],5,7,8,2,5
1,<environment.Job instance at 0x7fddf69bbe60>,5,3,[10  5],6,8,11,2,6
1,<environment.Job instance at 0x7fddf69eb640>,2,15,[5 1],3,11,26,8,9
1,<environment.Job instance at 0x7fddf69e1280>,9,3,[6 2],10,26,29,16,12
1,<environment.Job instance at 0x7fde3cd3d870>,1,16,[4 6],2,14,30,12,14
1,<environment.Job instance at 0x7fddf69e1320>,12,14,[3 7],13,30,44,17,19
1,<environment.Job instance at 0x7fde3ccd6e10>,8,16,[ 5 10],9,44,60,35,31
1,<environment.Job instance at 0x7fddf69e16e0>,24,13,[5 8],25,60,73,35,46
1,<environment.Job instance at 0x7fddf69e7230>,28,16,[9 1],29,73,89,44,61
1,<environment.Job instance at 0x7fddf69e1cd0>,19,18,[10  2],20,89,107,69,79
1,<environment.Job instance at 0x7fddf69e7b40>,5,18,[4 6],6,7,25,1,7
1,<environment.Job instance at 0x7fde3cbd7550>,3,12,[3 9],4,25,37,21,9
1,<environment.Job instance at 0x7fde3ce37d70>,11,12,[8 1],12,37,49,25,20
1,<environment.Job instance at 0x7fddf69b35a0>,15,3,[9 1],16,49,52,33,28
1,<environment.Job instance at 0x7fde3cbdfaa0>,12,13,[5 3],13,52,65,39,36
1,<environment.Job instance at 0x7fddf69b3f00>,18,12,[5 4],19,52,64,33,37
1,<environment.Job instance at 0x7fde3c9bc3c0>,22,1,[1 8],23,45,46,22,45
1,<environment.Job instance at 0x7fde3a8ef690>,20,13,[8 3],21,65,78,44,49
1,<environment.Job instance at 0x7fddf6a2ff00>,26,13,[ 2 10],27,78,91,51,63
1,<environment.Job instance at 0x7fde419ba780>,29,3,[7 3],30,91,94,61,73
1,<environment.Job instance at 0x7fde3a577a50>,31,12,[5 3],32,94,106,62,77
1,<environment.Job instance at 0x7fde3ce4ee10>,33,2,[6 2],34,106,108,72,79
1,<environment.Job instance at 0x7fde3a6f2be0>,37,3,[2 7],38,92,95,54,92
1,<environment.Job instance at 0x7fde3d0210f0>,40,18,[3 5],41,95,113,54,93
1,<environment.Job instance at 0x7fde3d021d20>,41,15,[3 7],42,113,128,71,99
1,<environment.Job instance at 0x7fde3a5dc4b0>,43,14,[6 2],44,108,122,64,99
1,<environment.Job instance at 0x7fddf6d559b0>,49,2,[4 8],50,128,130,78,104
1,<environment.Job instance at 0x7fddf6d55870>,52,18,[4 8],53,130,148,77,119
1,<environment.Job instance at 0x7fddf6d55f00>,53,15,[ 2 10],54,148,163,94,134
1,<environment.Job instance at 0x7fde3a44cf00>,63,3,[6 1],64,144,147,80,144
1,<environment.Job instance at 0x7fde3a44cc30>,65,3,[8 1],66,163,166,97,144
1,<environment.Job instance at 0x7fde3a44c690>,67,2,[5 8],68,166,168,98,144
1,<environment.Job instance at 0x7fde3a44cb40>,68,3,[6 2],69,168,171,99,144
1,<environment.Job instance at 0x7fde3cbac5a0>,69,2,[10  1],70,171,173,101,144
1,<environment.Job instance at 0x7fde3cbacb90>,70,12,[2 5],71,173,185,102,156
1,<environment.Job instance at 0x7fde3cbac140>,71,17,[7 4],72,173,190,101,161
1,<environment.Job instance at 0x7fde3cbac4b0>,73,14,[ 5 10],74,190,204,116,176
1,<environment.Job instance at 0x7fde3d148dc0>,2,14,[6 2],3,3,17,0,3
1,<environment.Job instance at 0x7fde3a4cc050>,4,2,[1 5],5,5,7,0,5
1,<environment.Job instance at 0x7fddf6621910>,8,12,[6 3],9,17,29,8,9
1,<environment.Job instance at 0x7fde3a4cc7d0>,9,3,[7 4],10,29,32,19,10
1,<environment.Job instance at 0x7fde3a4cc550>,12,3,[10  3],13,32,35,19,14
1,<environment.Job instance at 0x7fddf6a916e0>,18,2,[7 1],19,35,37,16,23
1,<environment.Job instance at 0x7fde41861af0>,20,14,[6 1],21,37,51,16,25
1,<environment.Job instance at 0x7fde3a3fee10>,22,3,[8 4],23,51,54,28,40
1,<environment.Job instance at 0x7fddf6896d20>,16,14,[10  3],17,54,68,37,40
1,<environment.Job instance at 0x7fde3cd55410>,28,12,[ 1 10],29,68,80,39,54
1,<environment.Job instance at 0x7fddf6d22550>,34,2,[6 5],35,80,82,45,59
1,<environment.Job instance at 0x7fde3a3fe280>,26,17,[8 4],27,82,99,55,71
1,<environment.Job instance at 0x7fddf68fcf50>,38,18,[1 5],39,80,98,41,77
1,<environment.Job instance at 0x7fddf68fc730>,39,2,[1 6],40,98,100,58,77
1,<environment.Job instance at 0x7fddf68fc410>,40,16,[ 2 10],41,100,116,59,87
1,<environment.Job instance at 0x7fddf68fc140>,42,15,[5 5],43,116,131,73,102
1,<environment.Job instance at 0x7fddf68fc640>,43,15,[1 5],44,116,131,72,102
1,<environment.Job instance at 0x7fde3ce7d050>,49,15,[4 6],50,131,146,81,118
1,<environment.Job instance at 0x7fddf6c4e500>,13,16,[9 5],14,146,162,132,133
1,<environment.Job instance at 0x7fddf66d5730>,58,2,[3 8],59,162,164,103,140
1,<environment.Job instance at 0x7fde3a41cd70>,59,15,[9 1],60,164,179,104,150
1,<environment.Job instance at 0x7fde3a41c2d0>,61,15,[10  4],62,179,194,117,169
1,<environment.Job instance at 0x7fde3a4cc870>,7,18,[ 1 10],8,194,212,186,185
1,<environment.Job instance at 0x7fde3a1e4a00>,2,14,[10  5],3,6,20,3,6
1,<environment.Job instance at 0x7fde3a259280>,9,12,[10  1],10,20,32,10,14
1,<environment.Job instance at 0x7fde3a259460>,10,15,[8 5],11,32,47,21,18
1,<environment.Job instance at 0x7fde3a2593c0>,11,3,[9 2],12,47,50,35,21
1,<environment.Job instance at 0x7fde3a2597d0>,15,3,[6 3],16,50,53,34,26
1,<environment.Job instance at 0x7fde3a2598c0>,16,2,[6 5],17,53,55,36,26
1,<environment.Job instance at 0x7fde3a2599b0>,19,1,[1 5],20,36,37,16,36
1,<environment.Job instance at 0x7fde3a259500>,20,1,[10  3],21,55,56,34,36
1,<environment.Job instance at 0x7fde3a259cd0>,21,17,[7 1],22,56,73,34,44
1,<environment.Job instance at 0x7fde3a259dc0>,23,2,[2 7],24,51,53,27,51
1,<environment.Job instance at 0x7fde3a259fa0>,25,3,[3 6],26,56,59,30,52
1,<environment.Job instance at 0x7fde3a2595a0>,13,15,[5 3],14,73,88,59,59
1,<environment.Job instance at 0x7fde3a264500>,27,18,[5 3],28,73,91,45,63
1,<environment.Job instance at 0x7fde3a2645f0>,30,12,[2 6],31,88,100,57,72
1,<environment.Job instance at 0x7fde3a264780>,31,3,[5 2],32,91,94,59,72
1,<environment.Job instance at 0x7fde3a264960>,34,13,[8 1],35,94,107,59,85
1,<environment.Job instance at 0x7fde3a264c80>,36,16,[2 7],37,100,116,63,88
1,<environment.Job instance at 0x7fde3a264cd0>,39,17,[3 5],40,116,133,76,104
1,<environment.Job instance at 0x7fde3a264e10>,41,14,[7 5],42,116,130,74,104
1,<environment.Job instance at 0x7fde3a26a2d0>,46,17,[5 1],47,130,147,83,118
1,<environment.Job instance at 0x7fde3a264d70>,40,17,[5 8],41,133,150,92,123
1,<environment.Job instance at 0x7fde3a26a4b0>,49,16,[5 5],50,150,166,100,138
1,<environment.Job instance at 0x7fde3a26adc0>,58,18,[6 5],59,166,184,107,155
1,<environment.Job instance at 0x7fde3a27f370>,65,16,[10  1],66,184,200,118,171
1,<environment.Job instance at 0x7fde3a27f410>,68,14,[5 5],69,200,214,131,185
1,<environment.Job instance at 0x7fddf6a89550>,3,2,[8 4],4,7,9,3,7
1,<environment.Job instance at 0x7fddf6adcfa0>,1,18,[5 6],2,9,27,7,8
1,<environment.Job instance at 0x7fde3a6e6be0>,9,14,[2 7],10,27,41,17,12
1,<environment.Job instance at 0x7fde3a6e6550>,16,14,[7 3],17,27,41,10,26
1,<environment.Job instance at 0x7fde3d0bad20>,20,3,[8 1],21,41,44,20,26
1,<environment.Job instance at 0x7fde3d0bad70>,21,14,[1 8],22,41,55,19,26
1,<environment.Job instance at 0x7fde3a6e6870>,12,16,[3 7],13,55,71,42,44
1,<environment.Job instance at 0x7fde3a54d0a0>,27,2,[ 1 10],28,71,73,43,47
1,<environment.Job instance at 0x7fde3d0ba690>,22,16,[6 4],23,73,89,50,61
1,<environment.Job instance at 0x7fddf66d5a00>,33,14,[7 2],34,89,103,55,74
1,<environment.Job instance at 0x7fddf66d5820>,32,17,[1 7],33,89,106,56,78
1,<environment.Job instance at 0x7fddf66d5550>,39,12,[4 6],40,106,118,66,89
1,<environment.Job instance at 0x7fddf6c6b550>,40,17,[5 2],41,103,120,62,91
1,<environment.Job instance at 0x7fde3a4883c0>,44,3,[6 4],45,120,123,75,102
1,<environment.Job instance at 0x7fde3a488050>,45,18,[4 5],46,118,136,72,108
1,<environment.Job instance at 0x7fde3a488460>,46,12,[2 8],47,136,148,89,119
1,<environment.Job instance at 0x7fde3a488190>,48,12,[1 5],49,123,135,74,120
1,<environment.Job instance at 0x7fde3a4884b0>,50,15,[6 1],51,135,150,84,121
1,<environment.Job instance at 0x7fde3a3fccd0>,55,14,[4 9],56,148,162,92,134
1,<environment.Job instance at 0x7fddf66d5dc0>,37,15,[ 3 10],38,162,177,124,158
1,<environment.Job instance at 0x7fddf6bfb280>,66,2,[9 2],67,177,179,110,158
1,<environment.Job instance at 0x7fddf6bfbc80>,70,3,[3 7],71,179,182,108,158
1,<environment.Job instance at 0x7fddf6bfbf50>,71,2,[4 5],72,182,184,110,158
1,<environment.Job instance at 0x7fddf6a87190>,78,12,[ 4 10],79,184,196,105,171
1,<environment.Job instance at 0x7fddf6949500>,72,16,[9 2],73,196,212,123,185
1,<environment.Job instance at 0x7fddf6cb17d0>,88,16,[1 7],89,196,212,107,189
1,<environment.Job instance at 0x7fddf6cb1e10>,89,1,[ 4 10],90,212,213,122,189
1,<environment.Job instance at 0x7fde3cb6c8c0>,2,3,[1 9],3,3,6,0,3
1,<environment.Job instance at 0x7fde3cb6c2d0>,6,3,[6 5],7,7,10,0,7
1,<environment.Job instance at 0x7fde3cb6c5f0>,7,3,[1 9],8,10,13,2,8
1,<environment.Job instance at 0x7fde3cb6c460>,9,2,[5 3],10,13,15,3,10
1,<environment.Job instance at 0x7fddf6af5dc0>,10,1,[3 7],11,13,14,2,12
1,<environment.Job instance at 0x7fddf6af5140>,12,13,[5 8],13,15,28,2,13
1,<environment.Job instance at 0x7fddf6af5c80>,13,2,[2 7],14,28,30,14,14
1,<environment.Job instance at 0x7fddf6af5910>,14,18,[7 1],15,28,46,13,18
1,<environment.Job instance at 0x7fddf6af5050>,18,1,[2 9],19,30,31,11,19
1,<environment.Job instance at 0x7fddf6ac5a00>,23,3,[4 6],24,46,49,22,26
1,<environment.Job instance at 0x7fddf6ac58c0>,25,12,[10  4],26,49,61,23,32
1,<environment.Job instance at 0x7fddf6aacaa0>,29,12,[3 8],30,61,73,31,46
1,<environment.Job instance at 0x7fddf6aac9b0>,32,3,[4 6],33,73,76,40,47
1,<environment.Job instance at 0x7fde3a61d320>,35,3,[10  1],36,76,79,40,51
1,<environment.Job instance at 0x7fde3a61d500>,36,1,[7 5],37,79,80,42,51
1,<environment.Job instance at 0x7fde3a61d820>,38,3,[6 4],39,73,76,34,61
1,<environment.Job instance at 0x7fde3a82c730>,41,15,[3 5],42,79,94,37,65
1,<environment.Job instance at 0x7fde3a82c550>,44,15,[10  3],45,94,109,49,80
1,<environment.Job instance at 0x7fde3a61d550>,34,18,[3 8],35,109,127,74,99
1,<environment.Job instance at 0x7fddf6a54190>,55,3,[5 3],56,127,130,71,101
1,<environment.Job instance at 0x7fddf6a54640>,60,14,[7 5],61,130,144,69,115
1,<environment.Job instance at 0x7fde3a561370>,63,13,[7 2],64,144,157,80,128
1,<environment.Job instance at 0x7fde3a561d70>,66,3,[10  1],67,157,160,90,131
1,<environment.Job instance at 0x7fde3a561870>,70,18,[5 5],71,161,179,90,161
1,<environment.Job instance at 0x7fddf66c9730>,75,2,[8 4],76,179,181,103,168
1,<environment.Job instance at 0x7fddf6ab5690>,78,1,[5 2],79,171,172,92,171
1,<environment.Job instance at 0x7fddf6ab5910>,79,17,[8 2],80,181,198,101,171
1,<environment.Job instance at 0x7fddf6ab5d70>,82,16,[5 5],83,198,214,115,185
1,<environment.Job instance at 0x7fde3cac04b0>,6,14,[1 8],7,55,69,48,55
1,<environment.Job instance at 0x7fde3cace690>,14,17,[5 2],15,55,72,40,55
1,<environment.Job instance at 0x7fde3cace050>,15,3,[5 9],16,72,75,56,55
1,<environment.Job instance at 0x7fde3cace370>,17,3,[5 9],18,82,85,64,82
1,<environment.Job instance at 0x7fde3cac05f0>,4,16,[4 6],5,85,101,80,82
1,<environment.Job instance at 0x7fde3cae1d20>,23,12,[2 9],24,101,113,77,84
1,<environment.Job instance at 0x7fde3cac0b90>,8,13,[9 1],9,113,126,104,99
1,<environment.Job instance at 0x7fde3cf70730>,26,15,[9 2],27,126,141,99,113
1,<environment.Job instance at 0x7fddf6a6f7d0>,34,2,[9 1],35,141,143,106,114
1,<environment.Job instance at 0x7fddf67b3fa0>,40,13,[7 2],41,143,156,102,127
1,<environment.Job instance at 0x7fddf6a70730>,43,2,[7 1],44,156,158,112,129
1,<environment.Job instance at 0x7fddf6a70c30>,44,3,[2 5],45,143,146,98,129
1,<environment.Job instance at 0x7fde3cb33140>,50,13,[2 8],51,146,159,95,131
1,<environment.Job instance at 0x7fde3a644370>,29,16,[ 1 10],30,159,175,129,147
1,<environment.Job instance at 0x7fde3a504320>,60,14,[5 1],61,175,189,114,160
1,<environment.Job instance at 0x7fde3cac2b90>,0,3,[2 8],1,4,7,3,4
1,<environment.Job instance at 0x7fddf68e6960>,4,17,[1 5],5,17,34,12,17
1,<environment.Job instance at 0x7fde3a4cf640>,13,14,[2 7],14,34,48,20,19
1,<environment.Job instance at 0x7fde3cb212d0>,3,16,[5 2],4,21,37,17,21
1,<environment.Job instance at 0x7fde3a81bdc0>,17,2,[10  1],18,48,50,30,22
1,<environment.Job instance at 0x7fde3cb21190>,10,12,[4 6],11,50,62,39,33
1,<environment.Job instance at 0x7fddf67dac30>,25,14,[3 5],26,62,76,36,47
1,<environment.Job instance at 0x7fde3a8ef280>,23,17,[2 5],24,62,79,38,54
1,<environment.Job instance at 0x7fddf69b9dc0>,28,2,[5 8],29,79,81,50,54
1,<environment.Job instance at 0x7fddf69b9cd0>,29,14,[3 9],30,81,95,51,66
1,<environment.Job instance at 0x7fde3d059640>,32,16,[5 8],33,95,111,62,89
1,<environment.Job instance at 0x7fddf66eabe0>,36,17,[4 9],37,111,128,74,99
1,<environment.Job instance at 0x7fddf66ead20>,40,13,[9 4],41,128,141,87,112
1,<environment.Job instance at 0x7fde3d0f2e10>,44,15,[ 5 10],45,141,156,96,130
1,<environment.Job instance at 0x7fddf6ce0b40>,49,18,[1 9],50,156,174,106,145
1,<environment.Job instance at 0x7fddf6ce0cd0>,51,3,[7 1],52,156,159,104,146
1,<environment.Job instance at 0x7fddf69487d0>,52,17,[8 1],53,159,176,106,149
1,<environment.Job instance at 0x7fddf6ab2230>,56,15,[5 5],57,176,191,119,162
1,<environment.Job instance at 0x7fddf6ab2780>,58,16,[7 3],59,191,207,132,178
1,<environment.Job instance at 0x7fddf691aeb0>,5,18,[8 1],6,6,24,0,6
1,<environment.Job instance at 0x7fddf651d3c0>,6,2,[2 7],7,7,9,0,7
1,<environment.Job instance at 0x7fddf651db40>,9,12,[9 3],10,24,36,14,11
1,<environment.Job instance at 0x7fddf651de10>,17,15,[7 3],18,53,68,35,53
1,<environment.Job instance at 0x7fddf651dcd0>,19,14,[9 3],20,68,82,48,54
1,<environment.Job instance at 0x7fddf651daf0>,22,2,[7 2],23,82,84,59,58
1,<environment.Job instance at 0x7fddf651de60>,21,16,[7 3],22,84,100,62,71
1,<environment.Job instance at 0x7fde3a8bd5a0>,26,3,[2 6],27,82,85,55,74
1,<environment.Job instance at 0x7fddf651d190>,7,17,[2 9],8,100,117,92,88
1,<environment.Job instance at 0x7fde3a8bd410>,34,17,[7 5],35,117,134,82,106
1,<environment.Job instance at 0x7fde3a8bd7d0>,35,13,[7 1],36,134,147,98,118
1,<environment.Job instance at 0x7fde3ce0e410>,39,13,[6 2],40,147,160,107,131
1,<environment.Job instance at 0x7fde3ce0e280>,43,16,[1 8],44,136,152,92,136
1,<environment.Job instance at 0x7fde3ce0e2d0>,44,15,[9 3],45,160,175,115,147
1,<environment.Job instance at 0x7fde3a8bd730>,36,14,[ 4 10],37,175,189,138,161
1,<environment.Job instance at 0x7fddf651d960>,23,17,[9 1],24,189,206,165,177
1,<environment.Job instance at 0x7fddf64b2a50>,3,12,[3 7],4,5,17,1,5
1,<environment.Job instance at 0x7fddf6d60050>,4,3,[1 6],5,17,20,12,6
1,<environment.Job instance at 0x7fddf66ba820>,5,3,[2 8],6,20,23,14,8
1,<environment.Job instance at 0x7fddf66ba230>,7,17,[2 8],8,23,40,15,13
1,<environment.Job instance at 0x7fddf64b29b0>,2,3,[ 4 10],3,40,43,37,15
1,<environment.Job instance at 0x7fddf66b9640>,15,2,[ 3 10],16,43,45,27,16
1,<environment.Job instance at 0x7fddf66b9cd0>,16,15,[7 1],17,25,40,8,25
1,<environment.Job instance at 0x7fddf66b93c0>,17,13,[ 5 10],18,45,58,27,29
1,<environment.Job instance at 0x7fddf66dc280>,24,2,[9 4],25,58,60,33,37
1,<environment.Job instance at 0x7fddf66cc5f0>,25,2,[2 8],26,60,62,34,38
1,<environment.Job instance at 0x7fddf68cc280>,27,14,[5 1],28,60,74,32,53
1,<environment.Job instance at 0x7fddf67f7eb0>,30,2,[2 5],31,70,72,39,70
1,<environment.Job instance at 0x7fddf66ca6e0>,11,16,[10  2],12,74,90,62,70
1,<environment.Job instance at 0x7fddf677be60>,32,16,[ 5 10],33,90,106,57,80
1,<environment.Job instance at 0x7fddf66d0a50>,37,18,[7 4],38,106,124,68,97
1,<environment.Job instance at 0x7fddf6a3d6e0>,4,16,[10  5],5,8,24,3,8
1,<environment.Job instance at 0x7fde3a6bffa0>,5,12,[6 1],6,24,36,18,11
1,<environment.Job instance at 0x7fde3ca53b90>,7,12,[5 4],8,36,48,28,21
1,<environment.Job instance at 0x7fde3cc2f5f0>,15,14,[4 7],16,48,62,32,33
1,<environment.Job instance at 0x7fddf6d7e3c0>,13,15,[6 1],14,48,63,34,35
1,<environment.Job instance at 0x7fddf6513320>,21,14,[4 7],22,62,76,40,48
1,<environment.Job instance at 0x7fde3cc2f730>,11,18,[4 9],12,76,94,64,65
1,<environment.Job instance at 0x7fde3ca68780>,25,3,[6 3],26,68,71,42,68
1,<environment.Job instance at 0x7fde3ca68140>,26,18,[6 5],27,94,112,67,83
1,<environment.Job instance at 0x7fddf6bd1320>,28,3,[8 5],29,112,115,83,86
1,<environment.Job instance at 0x7fddf65aacd0>,31,3,[6 5],32,115,118,83,96
1,<environment.Job instance at 0x7fde3ca53410>,6,16,[ 2 10],7,118,134,111,107
1,<environment.Job instance at 0x7fde3a488eb0>,37,12,[4 6],38,134,146,96,117
1,<environment.Job instance at 0x7fde3a488b40>,42,3,[5 7],43,146,149,103,133
1,<environment.Job instance at 0x7fde3a488550>,43,15,[5 5],44,149,164,105,135
1,<environment.Job instance at 0x7fde3a488f50>,45,2,[8 3],46,164,166,118,142
1,<environment.Job instance at 0x7fde3a4887d0>,46,18,[5 5],47,166,184,119,155
1,<environment.Job instance at 0x7fde3a78d050>,3,15,[3 5],4,4,19,0,4
1,<environment.Job instance at 0x7fde3a78d820>,4,3,[5 5],5,6,9,1,6
1,<environment.Job instance at 0x7fde3a78de10>,5,18,[3 5],6,9,27,3,7
1,<environment.Job instance at 0x7fde3a78d370>,7,2,[10  4],8,27,29,19,9
1,<environment.Job instance at 0x7fde3a78d7d0>,12,16,[4 9],13,29,45,16,18
1,<environment.Job instance at 0x7fde3cdf9fa0>,14,3,[2 6],15,45,48,30,21
1,<environment.Job instance at 0x7fde3cdf9960>,17,15,[6 4],18,45,60,27,33
1,<environment.Job instance at 0x7fde3cdf9e10>,19,13,[3 9],20,60,73,40,47
1,<environment.Job instance at 0x7fde3cdf9c80>,20,14,[6 2],21,73,87,52,58
1,<environment.Job instance at 0x7fde3cdf9aa0>,24,18,[1 6],25,73,91,48,65
1,<environment.Job instance at 0x7fde3cdf9410>,26,12,[10  3],27,91,103,64,74
1,<environment.Job instance at 0x7fde3a78d280>,9,17,[1 9],10,103,120,93,92
1,<environment.Job instance at 0x7fddf6583460>,34,15,[8 1],35,103,118,68,100
1,<environment.Job instance at 0x7fddf6583190>,37,15,[5 2],38,120,135,82,106
1,<environment.Job instance at 0x7fddf65830a0>,38,15,[3 7],39,120,135,81,106
1,<environment.Job instance at 0x7fddf6583c80>,40,15,[5 4],41,135,150,94,122
1,<environment.Job instance at 0x7fddf65834b0>,41,15,[ 4 10],42,150,165,108,137
1,<environment.Job instance at 0x7fde3a4880f0>,0,2,[3 5],1,1,3,0,1
1,<environment.Job instance at 0x7fddf6774e60>,11,3,[7 2],12,26,29,14,26
1,<environment.Job instance at 0x7fde3cf5b4b0>,7,18,[8 5],8,29,47,21,28
1,<environment.Job instance at 0x7fddf6c5c4b0>,16,16,[5 3],17,52,68,35,52
1,<environment.Job instance at 0x7fddf6c5cf50>,17,2,[10  1],18,68,70,50,52
1,<environment.Job instance at 0x7fde3a5dcc80>,19,1,[6 1],20,70,71,50,52
1,<environment.Job instance at 0x7fde3cf5de10>,5,14,[9 5],6,71,85,65,56
1,<environment.Job instance at 0x7fde3cf04140>,22,2,[1 9],23,85,87,62,71
1,<environment.Job instance at 0x7fde3cf04b90>,23,14,[5 6],24,87,101,63,72
1,<environment.Job instance at 0x7fde3cf04640>,27,1,[5 5],28,101,102,73,74
1,<environment.Job instance at 0x7fde3cf04a00>,29,3,[6 1],30,102,105,72,76
1,<environment.Job instance at 0x7fde3cf04730>,32,15,[1 6],33,102,117,69,92
1,<environment.Job instance at 0x7fde3cf04be0>,34,17,[1 7],35,117,134,82,106
1,<environment.Job instance at 0x7fde3a8bd640>,36,13,[5 8],37,134,147,97,118
1,<environment.Job instance at 0x7fde3a8bd960>,38,13,[9 1],39,118,131,79,118
1,<environment.Job instance at 0x7fde3a4c2d20>,42,2,[5 5],43,147,149,104,124
1,<environment.Job instance at 0x7fde3a4c2960>,43,14,[9 1],44,149,163,105,134
1,<environment.Job instance at 0x7fde3a4c2a00>,47,12,[7 4],48,163,175,115,147
1,<environment.Job instance at 0x7febe7b68f00>,8,13,[5 5],9,22,35,13,22
1,<environment.Job instance at 0x7febe7b68f50>,11,15,[4 8],12,35,50,23,22
1,<environment.Job instance at 0x7febe7b6d5a0>,17,3,[4 9],18,50,53,32,25
1,<environment.Job instance at 0x7febe7b6d640>,18,3,[4 7],19,53,56,34,27
1,<environment.Job instance at 0x7febe7b6d780>,20,1,[7 5],21,56,57,35,34
1,<environment.Job instance at 0x7febe7b6d820>,21,1,[6 5],22,57,58,35,34
1,<environment.Job instance at 0x7febe7b6db40>,22,1,[2 7],23,58,59,35,34
1,<environment.Job instance at 0x7febe7b6d6e0>,19,14,[3 5],20,59,73,39,49
1,<environment.Job instance at 0x7febecfa4870>,2,1,[8 5],3,3,4,0,3
1,<environment.Job instance at 0x7febecfa43c0>,6,17,[8 5],7,8,25,1,8
1,<environment.Job instance at 0x7febecfa4320>,3,17,[5 7],4,25,42,21,15
1,<environment.Job instance at 0x7febed0f3f50>,20,3,[10  2],21,42,45,21,34
1,<environment.Job instance at 0x7febed0f37d0>,21,2,[5 1],22,34,36,12,34
1,<environment.Job instance at 0x7febed0f3690>,22,2,[5 9],23,45,47,22,34
1,<environment.Job instance at 0x7febed0f3140>,23,13,[6 3],24,47,60,23,34
1,<environment.Job instance at 0x7febecebfa00>,14,18,[2 9],15,60,78,45,49
1,<environment.Job instance at 0x7feba1f40320>,4,15,[1 9],5,5,20,0,5
1,<environment.Job instance at 0x7feba1f40f50>,3,16,[1 6],4,20,36,16,7
1,<environment.Job instance at 0x7feba1f405a0>,7,17,[9 3],8,20,37,12,9
1,<environment.Job instance at 0x7feba1f40c30>,12,2,[6 2],13,37,39,24,13
1,<environment.Job instance at 0x7feba1f40730>,15,16,[7 5],16,39,55,23,27
1,<environment.Job instance at 0x7feba1f40190>,18,1,[3 6],19,37,38,18,28
1,<environment.Job instance at 0x7feba1e93be0>,20,2,[7 2],21,55,57,34,30
1,<environment.Job instance at 0x7feba1f518c0>,5,1,[9 1],6,6,7,0,6
1,<environment.Job instance at 0x7feba1f32550>,6,1,[6 3],7,7,8,0,7
1,<environment.Job instance at 0x7feba1f32730>,7,3,[4 5],8,8,11,0,8
1,<environment.Job instance at 0x7feba1f32500>,12,3,[3 7],13,13,16,0,13
1,<environment.Job instance at 0x7feba1f321e0>,8,14,[9 5],9,16,30,7,14
1,<environment.Job instance at 0x7feba1f32b90>,14,3,[6 4],15,30,33,15,15
1,<environment.Job instance at 0x7feba22c79b0>,17,2,[10  2],18,33,35,15,18
1,<environment.Job instance at 0x7feba1f38320>,20,2,[9 5],21,35,37,14,21
1,<environment.Job instance at 0x7feba1f38fa0>,21,2,[5 5],22,37,39,15,22
1,<environment.Job instance at 0x7feba1f38140>,22,1,[6 4],23,39,40,16,24
1,<environment.Job instance at 0x7feba1f32640>,13,15,[5 2],14,40,55,26,27
1,<environment.Job instance at 0x7feba1f32190>,4,14,[8 4],5,55,69,50,43
1,<environment.Job instance at 0x7feba2258690>,3,14,[7 5],4,6,20,2,6
1,<environment.Job instance at 0x7feba1f38f00>,7,1,[2 8],8,20,21,12,8
1,<environment.Job instance at 0x7feba2519460>,6,3,[2 8],7,21,24,14,9
1,<environment.Job instance at 0x7feba25198c0>,9,2,[10  4],10,24,26,14,10
1,<environment.Job instance at 0x7feba2519c30>,13,2,[5 6],14,26,28,12,16
1,<environment.Job instance at 0x7feba2519e10>,15,2,[5 5],16,28,30,12,16
1,<environment.Job instance at 0x7feba2519d70>,14,16,[7 2],15,30,46,15,17
1,<environment.Job instance at 0x7feba2508050>,17,3,[1 5],18,28,31,10,18
1,<environment.Job instance at 0x7feba1f38500>,5,14,[10  2],6,46,60,40,34
1,<environment.Job instance at 0x7feba2508870>,24,16,[9 4],25,60,76,35,47
1,<environment.Job instance at 0x7febed0ef140>,6,3,[9 1],7,7,10,0,7
1,<environment.Job instance at 0x7febea18b370>,9,1,[5 4],10,10,11,0,10
1,<environment.Job instance at 0x7febea18b410>,12,1,[3 9],13,13,14,0,13
1,<environment.Job instance at 0x7febea18bdc0>,13,2,[4 7],14,14,16,0,14
1,<environment.Job instance at 0x7febea18baa0>,10,25,[ 3 10],11,16,41,5,14
1,<environment.Job instance at 0x7febea0a2fa0>,19,3,[4 7],20,41,44,21,22
1,<environment.Job instance at 0x7febea0a2320>,21,15,[8 4],22,44,59,22,31
1,<environment.Job instance at 0x7febe7b51a50>,3,2,[5 1],4,4,6,0,4
1,<environment.Job instance at 0x7febe7b518c0>,6,2,[5 5],7,7,9,0,7
1,<environment.Job instance at 0x7febea2c6cd0>,10,1,[ 1 10],11,11,12,0,11
1,<environment.Job instance at 0x7febe7b51eb0>,7,13,[1 9],8,12,25,4,12
1,<environment.Job instance at 0x7febe7ed4b90>,12,1,[5 9],13,25,26,12,13
1,<environment.Job instance at 0x7febe7ed43c0>,11,14,[8 2],12,26,40,14,14
1,<environment.Job instance at 0x7febe7ed4c80>,15,3,[5 2],16,40,43,24,16
1,<environment.Job instance at 0x7febe7b62c30>,16,3,[ 5 10],17,43,46,26,17
1,<environment.Job instance at 0x7febe7c9cb90>,17,1,[8 5],18,46,47,28,20
1,<environment.Job instance at 0x7febe7ed46e0>,18,2,[2 6],19,26,28,7,20
1,<environment.Job instance at 0x7febe8024230>,20,12,[9 2],21,47,59,26,30
1,<environment.Job instance at 0x7febea2e7820>,23,3,[2 5],24,30,33,6,30
1,<environment.Job instance at 0x7feba203d690>,25,12,[2 6],26,59,71,33,42
1,<environment.Job instance at 0x7feba203c2d0>,5,3,[9 4],6,6,9,0,6
1,<environment.Job instance at 0x7feba203c1e0>,8,2,[9 4],9,10,12,1,10
1,<environment.Job instance at 0x7febe7a73c80>,9,3,[ 2 10],10,12,15,2,10
1,<environment.Job instance at 0x7feba1e06320>,6,16,[9 2],7,15,31,8,13
1,<environment.Job instance at 0x7feba24165a0>,13,3,[4 8],14,31,34,17,14
1,<environment.Job instance at 0x7feba24102d0>,12,12,[3 8],13,34,46,21,17
1,<environment.Job instance at 0x7febe7a889b0>,17,15,[5 3],18,46,61,28,34
1,<environment.Job instance at 0x7feba24b69b0>,20,2,[1 7],21,46,48,25,34
1,<environment.Job instance at 0x7feba24b0140>,28,2,[6 3],29,61,63,32,38
1,<environment.Job instance at 0x7feba24b0cd0>,29,3,[7 2],30,38,41,8,38
1,<environment.Job instance at 0x7feba24b64b0>,25,13,[5 5],26,48,61,22,38
1,<environment.Job instance at 0x7feba24b0910>,33,2,[5 5],34,63,65,29,47
1,<environment.Job instance at 0x7feba24b0640>,34,1,[7 4],35,65,66,30,47
1,<environment.Job instance at 0x7febecebd460>,8,14,[ 2 10],9,24,38,15,24
1,<environment.Job instance at 0x7febecebd370>,10,18,[3 5],11,38,56,27,28
1,<environment.Job instance at 0x7febea59f050>,20,13,[5 6],21,56,69,35,41
1,<environment.Job instance at 0x7febea59f460>,21,12,[5 5],22,41,53,19,41
1,<environment.Job instance at 0x7febe7950910>,3,3,[8 4],4,5,8,1,5
1,<environment.Job instance at 0x7febe7950f50>,4,3,[6 1],5,8,11,3,7
1,<environment.Job instance at 0x7febe7950b40>,1,3,[9 3],2,11,14,9,9
1,<environment.Job instance at 0x7febea37b1e0>,12,18,[6 3],13,14,32,1,13
1,<environment.Job instance at 0x7febe79504b0>,6,18,[4 6],7,27,45,20,27
1,<environment.Job instance at 0x7febea1f5e10>,21,3,[ 4 10],22,45,48,23,32
1,<environment.Job instance at 0x7febe7972550>,0,1,[6 3],1,1,2,0,1
1,<environment.Job instance at 0x7feba20b0500>,4,12,[6 4],5,5,17,0,5
1,<environment.Job instance at 0x7febea193550>,6,1,[7 2],7,17,18,10,7
1,<environment.Job instance at 0x7febea193050>,7,2,[2 6],8,9,11,1,9
1,<environment.Job instance at 0x7febea193be0>,9,19,[9 1],10,18,37,8,10
1,<environment.Job instance at 0x7febea48e0f0>,17,2,[2 8],18,37,39,19,18
1,<environment.Job instance at 0x7febea0bdfa0>,18,3,[5 9],19,39,42,20,19
1,<environment.Job instance at 0x7feba20d8730>,15,12,[2 9],16,42,54,26,26
1,<environment.Job instance at 0x7febe7a64a50>,20,3,[1 7],21,28,31,7,28
1,<environment.Job instance at 0x7feba1db15f0>,23,3,[7 3],24,54,57,30,32
1,<environment.Job instance at 0x7feba1e09050>,25,13,[10  4],26,57,70,31,42
1,<environment.Job instance at 0x7febe7b82aa0>,3,2,[5 6],4,4,6,0,4
1,<environment.Job instance at 0x7febe7b0aa00>,6,3,[8 2],7,7,10,0,7
1,<environment.Job instance at 0x7feba1e09050>,5,3,[6 5],6,10,13,4,10
1,<environment.Job instance at 0x7febe7b0a6e0>,11,1,[8 5],12,13,14,1,12
1,<environment.Job instance at 0x7febe7b013c0>,14,12,[4 6],15,15,27,0,15
1,<environment.Job instance at 0x7febe7b01370>,13,2,[5 5],14,27,29,13,16
1,<environment.Job instance at 0x7febe7b015a0>,15,17,[7 1],16,29,46,13,19
1,<environment.Job instance at 0x7febe7b01320>,12,15,[1 6],13,29,44,16,19
1,<environment.Job instance at 0x7febe7b01a50>,20,15,[1 6],21,44,59,23,30
1,<environment.Job instance at 0x7febe7b0a820>,9,15,[ 1 10],10,59,74,49,46
1,<environment.Job instance at 0x7febe7b01e10>,5,3,[8 5],6,7,10,1,7
1,<environment.Job instance at 0x7febea1a04b0>,0,3,[9 5],1,10,13,9,8
1,<environment.Job instance at 0x7febea1a0190>,6,12,[7 1],7,13,25,6,9
1,<environment.Job instance at 0x7febea1a0f00>,2,13,[4 8],3,25,38,22,12
1,<environment.Job instance at 0x7febea1a0910>,12,3,[6 4],13,38,41,25,13
1,<environment.Job instance at 0x7febea362780>,14,15,[9 1],15,41,56,26,28
1,<environment.Job instance at 0x7feba21c9d70>,21,3,[5 5],22,56,59,34,36
1,<environment.Job instance at 0x7feba21c9460>,22,13,[1 5],23,38,51,15,36
1,<environment.Job instance at 0x7feba2490eb0>,25,3,[5 5],26,56,59,30,36
1,<environment.Job instance at 0x7feba2490cd0>,27,2,[7 2],28,59,61,31,36
1,<environment.Job instance at 0x7feba2490820>,28,3,[10  4],29,61,64,32,36
1,<environment.Job instance at 0x7feba2490280>,29,1,[ 2 10],30,64,65,34,36
1,<environment.Job instance at 0x7feba2490370>,31,2,[5 1],32,65,67,33,41
1,<environment.Job instance at 0x7feba1e141e0>,0,16,[9 2],1,6,22,5,6
1,<environment.Job instance at 0x7feba1e14a00>,10,1,[4 6],11,22,23,11,11
1,<environment.Job instance at 0x7feba1e14910>,11,1,[4 6],12,23,24,11,12
1,<environment.Job instance at 0x7feba1e14780>,7,1,[3 6],8,24,25,16,13
1,<environment.Job instance at 0x7feba1e14fa0>,8,3,[8 2],9,25,28,16,14
1,<environment.Job instance at 0x7feba1e14c30>,9,3,[ 5 10],10,28,31,18,15
1,<environment.Job instance at 0x7feba1d5ce10>,19,15,[6 3],20,31,46,11,20
1,<environment.Job instance at 0x7feba1d5c5f0>,21,2,[9 5],22,46,48,24,22
1,<environment.Job instance at 0x7feba23924b0>,22,3,[9 5],23,48,51,25,23
1,<environment.Job instance at 0x7feba1d5ce60>,20,15,[3 9],21,51,66,30,38
1,<environment.Job instance at 0x7febe7f6ad20>,7,13,[8 2],8,8,21,0,8
1,<environment.Job instance at 0x7feba2274fa0>,4,18,[4 7],5,21,39,16,12
1,<environment.Job instance at 0x7febe7f6aaf0>,5,12,[5 6],6,39,51,33,22
1,<environment.Job instance at 0x7febe7f844b0>,19,18,[9 5],20,51,69,31,40
1,<environment.Job instance at 0x7febe7f6e6e0>,4,2,[4 6],5,5,7,0,5
1,<environment.Job instance at 0x7febe7a4caa0>,5,2,[10  5],6,7,9,1,6
1,<environment.Job instance at 0x7febe7a4c5f0>,6,1,[5 7],7,9,10,2,7
1,<environment.Job instance at 0x7febe7f84af0>,3,15,[7 2],4,12,27,8,12
1,<environment.Job instance at 0x7feba1dfe820>,8,14,[1 7],9,14,28,5,14
1,<environment.Job instance at 0x7febe7c7bbe0>,15,13,[1 5],16,28,41,12,16
1,<environment.Job instance at 0x7feba24450f0>,18,14,[8 3],19,27,41,8,19
1,<environment.Job instance at 0x7feba2445460>,21,13,[5 8],22,41,54,19,28
1,<environment.Job instance at 0x7febe8019320>,13,15,[10  4],14,54,69,40,41
1,<environment.Job instance at 0x7feba1d5c0f0>,1,1,[10  4],2,2,3,0,2
1,<environment.Job instance at 0x7feba219feb0>,7,16,[1 5],8,11,27,3,11
1,<environment.Job instance at 0x7feba219fb90>,10,13,[9 3],11,12,25,1,12
1,<environment.Job instance at 0x7febe8007190>,12,15,[3 8],13,27,42,14,13
1,<environment.Job instance at 0x7febe7c1c460>,18,2,[2 7],19,42,44,23,27
1,<environment.Job instance at 0x7febe7b72780>,19,2,[4 6],20,44,46,24,27
1,<environment.Job instance at 0x7feba1df90a0>,15,15,[9 1],16,46,61,30,33
1,<environment.Job instance at 0x7febe7b72b40>,20,16,[2 8],21,61,77,40,48
1,<environment.Job instance at 0x7feba245e500>,4,3,[8 2],5,5,8,0,5
1,<environment.Job instance at 0x7febea16f3c0>,6,3,[8 5],7,8,11,1,8
1,<environment.Job instance at 0x7feba2527fa0>,7,12,[5 4],8,11,23,3,11
1,<environment.Job instance at 0x7febea373a50>,8,14,[8 1],9,23,37,14,12
1,<environment.Job instance at 0x7febea16f140>,14,14,[10  1],15,37,51,22,23
1,<environment.Job instance at 0x7febe79e3500>,20,15,[4 9],21,51,66,30,38
1,<environment.Job instance at 0x7feba2155eb0>,6,13,[3 7],7,7,20,0,7
1,<environment.Job instance at 0x7feba2155280>,9,3,[10  2],10,20,23,10,10
1,<environment.Job instance at 0x7feba2155be0>,8,16,[1 6],9,23,39,14,14
1,<environment.Job instance at 0x7feba2155e60>,12,3,[10  5],13,39,42,26,22
1,<environment.Job instance at 0x7febe7d651e0>,14,14,[10  4],15,42,56,27,27
1,<environment.Job instance at 0x7feba2155500>,15,12,[ 3 10],16,56,68,40,39
1,<environment.Job instance at 0x7feba1f32e60>,7,1,[6 3],8,8,9,0,8
1,<environment.Job instance at 0x7feba1f325f0>,11,1,[2 7],12,12,13,0,12
1,<environment.Job instance at 0x7febe7a790f0>,12,2,[4 5],13,13,15,0,13
1,<environment.Job instance at 0x7feba2511a50>,13,14,[5 5],14,14,28,0,14
1,<environment.Job instance at 0x7febe801aa50>,14,12,[7 4],15,28,40,13,15
1,<environment.Job instance at 0x7febe7bf2960>,21,12,[6 3],22,40,52,18,28
1,<environment.Job instance at 0x7febe7e97eb0>,24,12,[1 8],25,52,64,27,36
1,<environment.Job instance at 0x7febe7dd5b90>,27,18,[6 2],28,52,70,24,45
1,<environment.Job instance at 0x7f2bdc653cd0>,6,20,[6 1],7,10,30,3,10
1,<environment.Job instance at 0x7f2bdc653d20>,7,1,[5 4],8,30,31,22,12
1,<environment.Job instance at 0x7f2bdc653f00>,11,15,[4 8],12,12,27,0,12
1,<environment.Job instance at 0x7f2bdc653dc0>,8,13,[5 5],9,30,43,21,22
1,<environment.Job instance at 0x7f2bdc6575f0>,17,3,[4 9],18,27,30,9,22
1,<environment.Job instance at 0x7f2bdc657690>,18,3,[4 7],19,43,46,24,22
1,<environment.Job instance at 0x7f2bdc657550>,16,16,[3 5],17,46,62,29,33
1,<environment.Job instance at 0x7f2bdc6574b0>,15,18,[2 8],16,62,80,46,51
1,<environment.Job instance at 0x7f2bdc657f50>,26,3,[3 7],27,80,83,53,54
1,<environment.Job instance at 0x7f2bdc65a230>,30,14,[5 2],31,55,69,24,55
1,<environment.Job instance at 0x7f2bdc65a0a0>,32,3,[5 1],33,69,72,36,59
1,<environment.Job instance at 0x7f2bdc65a3c0>,1,2,[4 5],2,3,5,1,3
1,<environment.Job instance at 0x7f2be3bd5460>,6,3,[7 4],7,9,12,2,9
1,<environment.Job instance at 0x7f2be3bd5370>,8,2,[ 3 10],9,12,14,3,9
1,<environment.Job instance at 0x7f2be3bd56e0>,10,3,[10  2],11,14,17,3,11
1,<environment.Job instance at 0x7f2be3bd5640>,11,2,[5 1],12,17,19,5,12
1,<environment.Job instance at 0x7f2be3bdd410>,12,2,[5 9],13,17,19,4,14
1,<environment.Job instance at 0x7f2be3bdd0f0>,13,13,[6 3],14,19,32,5,14
1,<environment.Job instance at 0x7f2be3bdddc0>,17,13,[8 5],18,44,57,26,44
1,<environment.Job instance at 0x7f2be3bddd20>,18,12,[10  2],19,57,69,38,45
1,<environment.Job instance at 0x7f2be3bde1e0>,19,13,[9 4],20,69,82,49,53
1,<environment.Job instance at 0x7f2b98926f50>,4,1,[8 4],5,6,7,1,6
1,<environment.Job instance at 0x7f2b98926b90>,6,3,[ 5 10],7,8,11,1,8
1,<environment.Job instance at 0x7f2b98a1e550>,10,15,[8 3],11,11,26,0,11
1,<environment.Job instance at 0x7f2b98a1e690>,11,1,[3 9],12,26,27,14,12
1,<environment.Job instance at 0x7f2b98a1e2d0>,9,2,[1 8],10,27,29,17,14
1,<environment.Job instance at 0x7f2b98a1ef50>,13,16,[ 3 10],14,29,45,15,16
1,<environment.Job instance at 0x7f2b989d30a0>,3,2,[7 3],4,4,6,0,4
1,<environment.Job instance at 0x7f2b989d35a0>,7,1,[2 9],8,8,9,0,8
1,<environment.Job instance at 0x7f2b989d3aa0>,13,2,[8 3],14,14,16,0,14
1,<environment.Job instance at 0x7f2b989d3280>,12,3,[10  2],13,16,19,3,15
1,<environment.Job instance at 0x7f2b989d3c80>,14,12,[3 8],15,19,31,4,16
1,<environment.Job instance at 0x7f2b988f0820>,16,14,[5 5],17,31,45,14,17
1,<environment.Job instance at 0x7f2b988f00a0>,19,2,[9 4],20,45,47,25,20
1,<environment.Job instance at 0x7f2b988f0dc0>,21,14,[1 6],22,45,59,23,30
1,<environment.Job instance at 0x7f2b988f0c80>,23,14,[7 5],24,59,73,35,44
1,<environment.Job instance at 0x7f2b989d3410>,9,12,[9 3],10,47,59,37,46
1,<environment.Job instance at 0x7f2b98946af0>,36,12,[ 3 10],37,73,85,36,56
1,<environment.Job instance at 0x7f2b98a2c730>,2,2,[9 3],3,3,5,0,3
1,<environment.Job instance at 0x7f2b98ff3c80>,6,16,[7 4],7,9,25,2,9
1,<environment.Job instance at 0x7f2b98ff3eb0>,9,3,[5 1],10,25,28,15,10
1,<environment.Job instance at 0x7f2b98ff3fa0>,10,3,[7 3],11,28,31,17,11
1,<environment.Job instance at 0x7f2b98ff3a00>,7,2,[4 5],8,26,28,18,26
1,<environment.Job instance at 0x7f2b99006500>,16,3,[9 1],17,31,34,14,26
1,<environment.Job instance at 0x7f2b99006640>,18,18,[4 5],19,34,52,15,26
1,<environment.Job instance at 0x7f2b990066e0>,19,1,[5 4],20,34,35,14,26
1,<environment.Job instance at 0x7f2b99006820>,21,1,[ 2 10],22,52,53,30,52
1,<environment.Job instance at 0x7f2b99006910>,22,1,[3 9],23,53,54,30,52
1,<environment.Job instance at 0x7f2b99006870>,23,2,[4 7],24,54,56,30,52
1,<environment.Job instance at 0x7f2b990067d0>,24,12,[7 2],25,56,68,31,52
1,<environment.Job instance at 0x7f2b99006a00>,25,2,[1 5],26,56,58,30,52
1,<environment.Job instance at 0x7f2b99006f00>,28,15,[3 6],29,58,73,29,52
1,<environment.Job instance at 0x7f2b99006c80>,27,13,[9 2],28,73,86,45,58
1,<environment.Job instance at 0x7f2bdf1a1eb0>,5,13,[6 4],6,6,19,0,6
1,<environment.Job instance at 0x7f2bdf378b90>,6,2,[5 5],7,19,21,12,7
1,<environment.Job instance at 0x7f2bdca18690>,0,15,[8 2],1,21,36,20,9
1,<environment.Job instance at 0x7f2bdca7adc0>,15,3,[5 2],16,36,39,20,20
1,<environment.Job instance at 0x7f2bdca7a320>,16,3,[ 5 10],17,39,42,22,20
1,<environment.Job instance at 0x7f2bdf20ed70>,11,14,[8 2],12,42,56,30,30
1,<environment.Job instance at 0x7f2bdc9ec0a0>,23,3,[2 5],24,34,37,10,34
1,<environment.Job instance at 0x7f2bdc9ec550>,25,12,[2 6],26,42,54,16,35
1,<environment.Job instance at 0x7f2bdc9ecbe0>,24,12,[5 9],25,56,68,31,40
1,<environment.Job instance at 0x7f2bdede6d20>,20,12,[9 2],21,68,80,47,52
1,<environment.Job instance at 0x7f2bded3a5a0>,5,3,[3 8],6,6,9,0,6
1,<environment.Job instance at 0x7f2bdf15f4b0>,8,18,[1 5],9,24,42,15,24
1,<environment.Job instance at 0x7f2b98ab8370>,11,1,[ 4 10],12,42,43,30,24
1,<environment.Job instance at 0x7f2b98ab8320>,12,3,[10  4],13,43,46,30,24
1,<environment.Job instance at 0x7f2bdf15c140>,9,2,[8 2],10,24,26,14,24
1,<environment.Job instance at 0x7f2b98ab8eb0>,13,2,[5 7],14,46,48,32,24
1,<environment.Job instance at 0x7f2bdec31140>,16,3,[2 8],17,48,51,31,24
1,<environment.Job instance at 0x7f2bdc6e1a00>,18,2,[6 3],19,26,28,7,25
1,<environment.Job instance at 0x7f2b98ab85f0>,15,13,[5 5],16,28,41,12,25
1,<environment.Job instance at 0x7f2be381a230>,24,1,[7 4],25,41,42,16,25
1,<environment.Job instance at 0x7f2bdedf3eb0>,26,3,[6 3],27,51,54,24,29
1,<environment.Job instance at 0x7f2bded3a140>,7,15,[5 3],8,54,69,46,41
1,<environment.Job instance at 0x7f2b98c1f280>,29,3,[5 5],30,54,57,24,42
1,<environment.Job instance at 0x7f2bdc589af0>,34,17,[7 2],35,69,86,34,58
1,<environment.Job instance at 0x7f2b98990f00>,3,13,[4 9],4,4,17,0,4
1,<environment.Job instance at 0x7f2b9881a4b0>,4,2,[2 5],5,17,19,12,5
1,<environment.Job instance at 0x7f2bdc557d20>,8,1,[2 8],9,19,20,10,10
1,<environment.Job instance at 0x7f2bdc47f140>,9,1,[ 3 10],10,20,21,10,10
1,<environment.Job instance at 0x7f2b987d70f0>,7,3,[10  2],8,21,24,13,11
1,<environment.Job instance at 0x7f2b989905f0>,0,13,[5 6],1,24,37,23,17
1,<environment.Job instance at 0x7f2b98c34870>,16,3,[ 3 10],17,37,40,20,17
1,<environment.Job instance at 0x7f2bdc4500f0>,17,2,[10  4],18,40,42,22,18
1,<environment.Job instance at 0x7f2b98c1c820>,19,14,[5 7],20,42,56,22,28
1,<environment.Job instance at 0x7f2b98b98be0>,28,15,[8 5],29,56,71,27,45
1,<environment.Job instance at 0x7f2bdc488b90>,10,16,[10  2],11,71,87,60,59
1,<environment.Job instance at 0x7f2bdc45dfa0>,2,2,[9 3],3,3,5,0,3
1,<environment.Job instance at 0x7f2bdc45da00>,3,12,[1 8],4,5,17,1,4
1,<environment.Job instance at 0x7f2bdc45d370>,9,1,[10  3],10,17,18,7,10
1,<environment.Job instance at 0x7f2be3956be0>,10,19,[1 5],11,18,37,7,13
1,<environment.Job instance at 0x7f2be39566e0>,14,2,[7 5],15,18,20,3,18
1,<environment.Job instance at 0x7f2be3956af0>,16,3,[2 7],17,37,40,20,18
1,<environment.Job instance at 0x7f2be3956910>,17,18,[5 1],18,20,38,2,19
1,<environment.Job instance at 0x7f2bdec48640>,18,3,[5 8],19,40,43,21,19
1,<environment.Job instance at 0x7f2bdec48500>,19,15,[9 5],20,43,58,23,29
1,<environment.Job instance at 0x7f2be3956c30>,12,18,[10  4],13,58,76,45,47
1,<environment.Job instance at 0x7f2bdecb5c80>,4,1,[5 7],5,5,6,0,5
1,<environment.Job instance at 0x7f2bdecb5fa0>,3,15,[6 3],4,8,23,4,8
1,<environment.Job instance at 0x7f2b98f405a0>,6,2,[2 9],7,23,25,16,9
1,<environment.Job instance at 0x7f2bdc850870>,5,18,[7 5],6,25,43,19,22
1,<environment.Job instance at 0x7f2bdca426e0>,10,1,[6 3],11,43,44,32,31
1,<environment.Job instance at 0x7f2bdc776d70>,13,2,[5 6],14,44,46,30,31
1,<environment.Job instance at 0x7f2bdf163fa0>,14,2,[2 5],15,32,34,17,32
1,<environment.Job instance at 0x7f2b987bc8c0>,12,18,[5 1],13,44,62,31,33
1,<environment.Job instance at 0x7f2b98f97410>,16,3,[8 2],17,62,65,45,36
1,<environment.Job instance at 0x7f2bdf17a5a0>,20,14,[3 6],21,47,61,26,47
1,<environment.Job instance at 0x7f2bdc9899b0>,21,1,[8 5],22,65,66,43,47
1,<environment.Job instance at 0x7f2b98725050>,23,2,[5 5],24,66,68,42,47
1,<environment.Job instance at 0x7f2bdf17a410>,19,15,[ 1 10],20,68,83,48,55
1,<environment.Job instance at 0x7f2bdf17a410>,5,3,[8 5],6,7,10,1,7
1,<environment.Job instance at 0x7f2b987291e0>,6,12,[7 1],7,10,22,3,9
1,<environment.Job instance at 0x7f2b98d6dc80>,10,14,[6 4],11,22,36,11,11
1,<environment.Job instance at 0x7f2b98ee4b90>,17,1,[9 4],18,36,37,18,18
1,<environment.Job instance at 0x7f2b98ee5280>,14,15,[9 1],15,37,52,22,23
1,<environment.Job instance at 0x7f2b98d5c9b0>,21,3,[5 5],22,52,55,30,28
1,<environment.Job instance at 0x7f2bdee55a50>,22,13,[1 5],23,28,41,5,28
1,<environment.Job instance at 0x7f2bdee553c0>,24,2,[10  3],25,55,57,30,29
1,<environment.Job instance at 0x7f2bdefd53c0>,25,3,[5 5],26,52,55,26,29
1,<environment.Job instance at 0x7f2bdefd55f0>,26,2,[3 9],27,57,59,30,30
1,<environment.Job instance at 0x7f2bdc8dbf00>,28,3,[10  4],29,59,62,30,34
1,<environment.Job instance at 0x7f2bded4d0f0>,32,14,[6 5],33,62,76,29,50
1,<environment.Job instance at 0x7f2b98ce9a00>,0,1,[4 6],1,8,9,7,8
1,<environment.Job instance at 0x7f2b98ce9690>,3,16,[6 5],4,10,26,6,10
1,<environment.Job instance at 0x7f2bdec5c6e0>,11,2,[9 5],12,26,28,14,13
1,<environment.Job instance at 0x7f2bdec5c820>,12,3,[9 5],13,28,31,15,13
1,<environment.Job instance at 0x7f2bded4d5f0>,9,15,[6 3],10,31,46,21,18
1,<environment.Job instance at 0x7f2bdec5c9b0>,15,16,[5 3],16,46,62,30,33
1,<environment.Job instance at 0x7f2bdec5ceb0>,19,13,[3 6],20,37,50,17,37
1,<environment.Job instance at 0x7f2bdec5cb40>,21,14,[4 6],22,50,64,28,40
1,<environment.Job instance at 0x7f2bdec5caf0>,14,17,[9 5],15,64,81,49,52
1,<environment.Job instance at 0x7f2bdc535af0>,1,2,[2 6],2,28,30,26,28
1,<environment.Job instance at 0x7f2be3bd2140>,8,1,[6 1],9,28,29,19,28
1,<environment.Job instance at 0x7f2be3bd28c0>,11,14,[7 1],12,29,43,17,28
1,<environment.Job instance at 0x7f2be3bd2b40>,12,16,[9 4],13,43,59,30,30
1,<environment.Job instance at 0x7f2be3bd21e0>,15,3,[1 5],16,32,35,16,32
1,<environment.Job instance at 0x7f2bdc7dbc80>,17,14,[4 7],18,59,73,41,44
1,<environment.Job instance at 0x7f2bdc7db640>,19,1,[10  3],20,73,74,53,49
1,<environment.Job instance at 0x7f2b98ed72d0>,2,3,[5 2],3,4,7,1,4
1,<environment.Job instance at 0x7f2b98ed7be0>,3,2,[2 5],4,5,7,1,5
1,<environment.Job instance at 0x7f2b98ed70a0>,5,16,[4 6],6,7,23,1,6
1,<environment.Job instance at 0x7f2b98ed7460>,7,3,[8 5],8,23,26,15,8
1,<environment.Job instance at 0x7f2b98ed7370>,10,2,[5 6],11,26,28,15,11
1,<environment.Job instance at 0x7f2b98ed7140>,11,13,[2 8],12,28,41,16,15
1,<environment.Job instance at 0x7f2b98ed70f0>,6,18,[9 4],7,41,59,34,30
1,<environment.Job instance at 0x7f2bdc4d1a50>,19,12,[5 7],20,59,71,39,43
1,<environment.Job instance at 0x7f2b98ed7fa0>,9,16,[2 8],10,71,87,61,58
1,<environment.Job instance at 0x7f2b98ebebe0>,0,3,[7 3],1,2,5,1,2
1,<environment.Job instance at 0x7f2b98ed7fa0>,3,13,[1 7],4,7,20,3,7
1,<environment.Job instance at 0x7f2bdefaf410>,8,1,[ 1 10],9,20,21,11,9
1,<environment.Job instance at 0x7f2bdefaf500>,9,2,[3 6],10,21,23,11,10
1,<environment.Job instance at 0x7f2bdefaf1e0>,6,16,[6 1],7,21,37,14,13
1,<environment.Job instance at 0x7f2bdefaf7d0>,12,14,[9 1],13,37,51,24,22
1,<environment.Job instance at 0x7f2bdefafdc0>,18,14,[8 1],19,51,65,32,37
1,<environment.Job instance at 0x7f2bdcaec4b0>,1,13,[ 3 10],2,65,78,63,50
1,<environment.Job instance at 0x7f2bdc713e60>,0,1,[8 1],1,4,5,3,4
1,<environment.Job instance at 0x7f2bdc713c80>,3,14,[5 5],4,5,19,1,4
1,<environment.Job instance at 0x7f2bdc713fa0>,6,13,[3 7],7,19,32,12,11
1,<environment.Job instance at 0x7f2bdc444460>,9,3,[10  2],10,32,35,22,13
1,<environment.Job instance at 0x7f2bdc444960>,12,3,[10  5],13,35,38,22,29
1,<environment.Job instance at 0x7f2bdc713690>,1,18,[3 7],2,38,56,36,30
1,<environment.Job instance at 0x7f2bdc444190>,15,12,[ 3 10],16,56,68,40,39
1,<environment.Job instance at 0x7f2b98c051e0>,20,16,[9 2],21,68,84,47,57
1,<environment.Job instance at 0x7f2bdc80c8c0>,3,14,[5 5],4,6,20,2,6
1,<environment.Job instance at 0x7f2b98f980f0>,4,12,[7 4],5,20,32,15,6
1,<environment.Job instance at 0x7f2bdc714b40>,5,2,[10  5],6,32,34,26,7
1,<environment.Job instance at 0x7f2bdede48c0>,9,18,[1 5],10,11,29,1,11
1,<environment.Job instance at 0x7f2b98adf5a0>,14,12,[1 8],15,34,46,19,18
1,<environment.Job instance at 0x7f2b98743dc0>,13,15,[4 8],14,46,61,32,32
1,<environment.Job instance at 0x7f2b9872cd20>,19,13,[7 5],20,61,74,41,45
1,<environment.Job instance at 0x7f2b98c00af0>,18,14,[ 4 10],19,74,88,55,59
1,<environment.Job instance at 0x7f2bdca95b40>,5,1,[7 1],6,6,7,0,6
1,<environment.Job instance at 0x7f2bdca8ffa0>,7,1,[2 6],8,8,9,0,8
1,<environment.Job instance at 0x7f2bdca972d0>,8,14,[9 5],9,9,23,0,9
1,<environment.Job instance at 0x7f2bdca97460>,12,1,[5 2],13,23,24,10,18
1,<environment.Job instance at 0x7f2bdca95320>,4,17,[8 5],5,24,41,19,19
1,<environment.Job instance at 0x7f2b98ade190>,15,3,[ 3 10],16,41,44,25,24
1,<environment.Job instance at 0x7f2b98ade280>,16,13,[10  5],17,44,57,27,30
1,<environment.Job instance at 0x7f2b98ae7870>,24,15,[8 1],25,57,72,32,46
1,<environment.Job instance at 0x7f2b98ae7550>,25,14,[5 7],26,72,86,46,57
1,<environment.Job instance at 0x7f2b98f7b7d0>,1,16,[6 5],2,4,20,2,4
1,<environment.Job instance at 0x7f2b98f7beb0>,0,2,[7 4],1,20,22,19,7
1,<environment.Job instance at 0x7f2bdc4f8960>,9,3,[4 5],10,10,13,0,10
1,<environment.Job instance at 0x7f2bdf158a50>,10,15,[5 1],11,22,37,11,11
1,<environment.Job instance at 0x7f2bdf1117d0>,11,13,[5 2],12,22,35,10,12
1,<environment.Job instance at 0x7f2bded94b90>,15,3,[5 7],16,35,38,19,19
1,<environment.Job instance at 0x7f2b98840140>,21,14,[6 1],22,38,52,16,23
1,<environment.Job instance at 0x7f2b98840a50>,23,14,[4 8],24,38,52,14,26
1,<environment.Job instance at 0x7f2b98840aa0>,24,17,[3 7],25,52,69,27,40
1,<environment.Job instance at 0x7f2bdc4560f0>,31,14,[ 1 10],32,69,83,37,55
1,<environment.Job instance at 0x7f2bdf074fa0>,0,1,[10  3],1,3,4,2,3
1,<environment.Job instance at 0x7f2bdf074f00>,3,3,[2 6],4,5,8,1,5
1,<environment.Job instance at 0x7f2bdf074050>,2,17,[5 1],3,6,23,3,6
1,<environment.Job instance at 0x7f2bdf0743c0>,4,2,[9 2],5,23,25,18,6
1,<environment.Job instance at 0x7f2bdf074d70>,8,14,[9 5],9,25,39,16,12
1,<environment.Job instance at 0x7f2b98d925f0>,12,17,[1 5],13,21,38,8,21
1,<environment.Job instance at 0x7fa1e06665f0>,7,1,[5 4],8,8,9,0,8
1,<environment.Job instance at 0x7fa1e06666e0>,8,13,[5 5],9,10,23,1,10
1,<environment.Job instance at 0x7fa1e06663c0>,10,12,[3 7],11,23,35,12,12
1,<environment.Job instance at 0x7fa1e7a76190>,5,2,[1 5],6,35,37,29,22
1,<environment.Job instance at 0x7fa1e0666e10>,17,3,[4 9],18,37,40,19,25
1,<environment.Job instance at 0x7fa1e0666f50>,19,14,[3 5],20,40,54,20,25
1,<environment.Job instance at 0x7fa1e7a76140>,0,13,[9 3],1,54,67,53,50
1,<environment.Job instance at 0x7fa1e0667690>,26,3,[3 7],27,67,70,40,50
1,<environment.Job instance at 0x7fa1e0667960>,25,12,[ 5 10],26,70,82,44,53
1,<environment.Job instance at 0x7fa1e0667be0>,30,14,[5 2],31,82,96,51,67
1,<environment.Job instance at 0x7fa1e0667c80>,31,14,[2 5],32,82,96,50,67
1,<environment.Job instance at 0x7fa1e0667d20>,32,3,[5 1],33,67,70,34,67
1,<environment.Job instance at 0x7fa1e7bdd960>,0,3,[10  2],1,5,8,4,5
1,<environment.Job instance at 0x7fa1e0667230>,3,13,[6 3],4,8,21,4,5
1,<environment.Job instance at 0x7fa1e7a9eaa0>,10,14,[2 6],11,14,28,3,14
1,<environment.Job instance at 0x7fa1e7a9ee10>,11,15,[5 9],12,28,43,16,15
1,<environment.Job instance at 0x7fa1e7a9e2d0>,4,14,[5 1],5,21,35,16,16
1,<environment.Job instance at 0x7fa1e7be40a0>,15,17,[3 9],16,43,60,27,32
1,<environment.Job instance at 0x7fa1e7a9ff50>,25,15,[5 7],26,60,75,34,48
1,<environment.Job instance at 0x7fa1e7be4c80>,16,18,[9 2],17,75,93,58,64
1,<environment.Job instance at 0x7fa19c988870>,2,3,[4 7],3,3,6,0,3
1,<environment.Job instance at 0x7fa1e7a9f8c0>,4,2,[2 7],5,6,8,1,5
1,<environment.Job instance at 0x7fa19c988b40>,6,17,[1 7],7,12,29,5,12
1,<environment.Job instance at 0x7fa19c988730>,9,12,[4 9],10,29,41,19,14
1,<environment.Job instance at 0x7fa19c9a4640>,15,1,[9 1],16,18,19,2,18
1,<environment.Job instance at 0x7fa19c9a4fa0>,16,1,[6 3],17,22,23,5,22
1,<environment.Job instance at 0x7fa19c9a41e0>,17,3,[4 5],18,41,44,23,28
1,<environment.Job instance at 0x7fa19c9a4a00>,18,14,[9 5],19,44,58,25,29
1,<environment.Job instance at 0x7fa19c98da50>,24,3,[6 4],25,41,44,16,38
1,<environment.Job instance at 0x7fa19c98df50>,21,15,[1 7],22,58,73,36,46
1,<environment.Job instance at 0x7fa19c98d640>,27,2,[10  2],28,73,75,45,46
1,<environment.Job instance at 0x7fa19c98d280>,30,2,[9 5],31,75,77,44,50
1,<environment.Job instance at 0x7fa19c98d370>,31,2,[5 5],32,77,79,45,50
1,<environment.Job instance at 0x7fa19c98d320>,4,16,[7 2],5,6,22,1,6
1,<environment.Job instance at 0x7fa19c968a00>,8,1,[10  5],9,22,23,13,9
1,<environment.Job instance at 0x7fa19ca6b190>,0,3,[5 6],1,23,26,22,14
1,<environment.Job instance at 0x7fa19c968f50>,10,18,[4 5],11,26,44,15,16
1,<environment.Job instance at 0x7fa19c8bbe60>,19,13,[6 3],20,29,42,9,29
1,<environment.Job instance at 0x7fa19c8bbd20>,20,13,[7 4],21,44,57,23,29
1,<environment.Job instance at 0x7fa19c8bb960>,27,3,[1 6],28,44,47,16,40
1,<environment.Job instance at 0x7fa19c8bbeb0>,17,16,[9 2],18,57,73,39,45
1,<environment.Job instance at 0x7fa19ca3c370>,28,18,[6 3],29,73,91,44,64
1,<environment.Job instance at 0x7fa19cd5c050>,4,15,[10  4],5,6,21,1,6
1,<environment.Job instance at 0x7fa19cd5c3c0>,7,3,[6 3],8,21,24,13,11
1,<environment.Job instance at 0x7fa19cd5c820>,12,18,[8 2],13,24,42,11,14
1,<environment.Job instance at 0x7fa19cd5cfa0>,18,1,[2 7],19,21,22,2,19
1,<environment.Job instance at 0x7fa19cd5ccd0>,17,14,[ 1 10],18,42,56,24,27
1,<environment.Job instance at 0x7fa19cd58280>,21,3,[4 5],22,56,59,34,30
1,<environment.Job instance at 0x7fa19cd58140>,23,2,[5 1],24,56,58,32,31
1,<environment.Job instance at 0x7fa19cd5ceb0>,19,16,[9 4],20,59,75,39,46
1,<environment.Job instance at 0x7fa19cd58550>,28,17,[3 6],29,75,92,46,63
1,<environment.Job instance at 0x7fa1e04243c0>,5,3,[9 4],6,6,9,0,6
1,<environment.Job instance at 0x7fa1e081a8c0>,4,18,[3 6],5,9,27,4,7
1,<environment.Job instance at 0x7fa1e3256c80>,12,12,[3 8],13,27,39,14,13
1,<environment.Job instance at 0x7fa1e3256870>,13,3,[4 8],14,39,42,25,14
1,<environment.Job instance at 0x7fa1e2bd2280>,15,3,[3 8],16,42,45,26,34
1,<environment.Job instance at 0x7fa1e2bd2690>,17,15,[5 3],18,45,60,27,34
1,<environment.Job instance at 0x7fa1e2bd25a0>,19,2,[8 2],20,60,62,40,34
1,<environment.Job instance at 0x7fa1e2bd2a00>,20,2,[1 7],21,45,47,24,34
1,<environment.Job instance at 0x7fa1e07f4370>,21,1,[ 4 10],22,62,63,40,34
1,<environment.Job instance at 0x7fa1e07f4780>,22,3,[10  4],23,63,66,40,39
1,<environment.Job instance at 0x7fa1e07f4140>,23,2,[5 7],24,47,49,23,39
1,<environment.Job instance at 0x7fa1e07f4500>,24,1,[3 8],25,66,67,41,39
1,<environment.Job instance at 0x7fa1e08fe0a0>,26,3,[2 8],27,67,70,40,44
1,<environment.Job instance at 0x7fa1e08fe7d0>,27,1,[5 5],28,49,50,21,44
1,<environment.Job instance at 0x7fa1e08fe6e0>,28,2,[6 3],29,70,72,41,44
1,<environment.Job instance at 0x7fa1e08fe1e0>,29,3,[7 2],30,66,69,36,45
1,<environment.Job instance at 0x7fa1e2daab90>,31,3,[1 6],32,51,54,19,51
1,<environment.Job instance at 0x7fa1e2bd2b90>,18,18,[1 5],19,70,88,51,59
1,<environment.Job instance at 0x7fa1e04241e0>,6,16,[9 2],7,72,88,65,63
1,<environment.Job instance at 0x7fa19cb32820>,4,2,[2 5],5,5,7,0,5
1,<environment.Job instance at 0x7fa1e0971960>,6,1,[3 8],7,8,9,1,8
1,<environment.Job instance at 0x7fa19cf28280>,8,1,[2 8],9,9,10,0,9
1,<environment.Job instance at 0x7fa19cf28140>,9,1,[ 3 10],10,10,11,0,10
1,<environment.Job instance at 0x7fa1e09712d0>,5,14,[7 4],6,13,27,7,13
1,<environment.Job instance at 0x7fa19cf28190>,11,13,[4 5],12,27,40,15,13
1,<environment.Job instance at 0x7fa1e08a20f0>,18,16,[6 3],19,27,43,8,20
1,<environment.Job instance at 0x7fa1e05d2d70>,21,14,[1 5],22,40,54,18,25
1,<environment.Job instance at 0x7fa19ccc7e10>,15,12,[ 1 10],16,54,66,38,40
1,<environment.Job instance at 0x7fa1e08180f0>,28,15,[8 5],29,66,81,37,52
1,<environment.Job instance at 0x7fa19cf28af0>,10,16,[10  2],11,81,97,70,68
1,<environment.Job instance at 0x7fa19cf28af0>,6,3,[2 7],7,9,12,2,9
1,<environment.Job instance at 0x7fa19d012a50>,7,18,[5 1],8,11,29,3,11
1,<environment.Job instance at 0x7fa19d012c80>,10,1,[6 3],11,29,30,18,11
1,<environment.Job instance at 0x7fa19d0126e0>,11,13,[5 3],12,30,43,18,18
1,<environment.Job instance at 0x7fa19d012f50>,12,15,[5 1],13,30,45,17,20
1,<environment.Job instance at 0x7fa19d012f00>,16,1,[7 2],17,45,46,28,20
1,<environment.Job instance at 0x7fa19d00c280>,17,2,[2 6],18,20,22,2,20
1,<environment.Job instance at 0x7fa19d00c320>,20,12,[2 5],21,43,55,22,27
1,<environment.Job instance at 0x7fa19d012eb0>,14,12,[6 4],15,46,58,31,29
1,<environment.Job instance at 0x7fa19d00c690>,22,1,[2 9],23,58,59,35,30
1,<environment.Job instance at 0x7fa19d00c820>,24,1,[5 8],25,59,60,34,31
1,<environment.Job instance at 0x7fa19d00caf0>,25,12,[2 9],26,60,72,34,45
1,<environment.Job instance at 0x7fa19d00cdc0>,28,3,[5 9],29,72,75,43,46
1,<environment.Job instance at 0x7fa19d000280>,32,3,[ 1 10],33,75,78,42,53
1,<environment.Job instance at 0x7fa19d000320>,33,3,[7 3],34,78,81,44,53
1,<environment.Job instance at 0x7fa19d00c960>,26,14,[3 9],27,81,95,54,66
1,<environment.Job instance at 0x7fa19d0003c0>,3,2,[5 5],4,4,6,0,4
1,<environment.Job instance at 0x7fa19d000550>,2,15,[1 6],3,6,21,3,6
1,<environment.Job instance at 0x7fa1e7befd20>,5,17,[7 1],6,9,26,3,9
1,<environment.Job instance at 0x7fa1e7befeb0>,7,18,[1 7],8,21,39,13,10
1,<environment.Job instance at 0x7fa1e060dbe0>,9,14,[10  1],10,39,53,29,24
1,<environment.Job instance at 0x7fa1e07f1460>,16,3,[8 1],17,33,36,16,33
1,<environment.Job instance at 0x7fa1e07f10a0>,17,14,[6 2],18,53,67,35,38
1,<environment.Job instance at 0x7fa1e07f1b40>,20,12,[8 1],21,67,79,46,50
1,<environment.Job instance at 0x7fa19cef9dc0>,24,12,[6 5],25,79,91,54,65
1,<environment.Job instance at 0x7fa1e0a419b0>,8,1,[ 3 10],9,9,10,0,9
1,<environment.Job instance at 0x7fa19cef9050>,7,13,[9 4],8,10,23,2,10
1,<environment.Job instance at 0x7fa1e0a41640>,10,15,[4 5],11,23,38,12,11
1,<environment.Job instance at 0x7fa1e053cbe0>,14,3,[6 1],15,23,26,8,18
1,<environment.Job instance at 0x7fa1e053c550>,15,16,[4 5],16,26,42,10,25
1,<environment.Job instance at 0x7fa1e053c910>,19,18,[7 3],20,42,60,22,31
1,<environment.Job instance at 0x7fa1e0b70aa0>,23,12,[4 6],24,60,72,36,44
1,<environment.Job instance at 0x7fa19cd89820>,25,13,[2 6],26,44,57,18,44
1,<environment.Job instance at 0x7fa1e0b00b40>,29,3,[ 5 10],30,72,75,42,47
1,<environment.Job instance at 0x7fa1e08a5910>,33,16,[6 5],34,75,91,41,66
1,<environment.Job instance at 0x7fa1e0729230>,7,13,[8 2],8,8,21,0,8
1,<environment.Job instance at 0x7fa1e064f2d0>,3,3,[9 2],4,21,24,17,11
1,<environment.Job instance at 0x7fa1e09c5280>,5,12,[5 6],6,24,36,18,12
1,<environment.Job instance at 0x7fa1e064f820>,4,18,[4 7],5,36,54,31,25
1,<environment.Job instance at 0x7fa1e2f67690>,19,18,[9 5],20,54,72,34,43
1,<environment.Job instance at 0x7fa19cb89c80>,2,18,[9 4],3,7,25,4,7
1,<environment.Job instance at 0x7fa19cb89820>,8,17,[5 7],9,25,42,16,13
1,<environment.Job instance at 0x7fa1e30d67d0>,17,3,[8 5],18,42,45,24,28
1,<environment.Job instance at 0x7fa1e30d6fa0>,19,16,[2 8],20,45,61,25,32
1,<environment.Job instance at 0x7fa1e30d6960>,22,18,[5 1],23,45,63,22,42
1,<environment.Job instance at 0x7fa19cb895a0>,14,15,[ 2 10],15,63,78,48,50
1,<environment.Job instance at 0x7fa19cb89190>,11,16,[ 4 10],12,78,94,66,67
1,<environment.Job instance at 0x7fa1e7bdf190>,0,3,[7 3],1,1,4,0,1
1,<environment.Job instance at 0x7fa1e2e62e10>,3,13,[1 7],4,4,17,0,4
1,<environment.Job instance at 0x7fa1e2e62dc0>,4,3,[3 5],5,17,20,12,5
1,<environment.Job instance at 0x7fa1e2e62280>,7,1,[8 3],8,8,9,0,8
1,<environment.Job instance at 0x7fa19c833550>,8,1,[ 1 10],9,20,21,11,10
1,<environment.Job instance at 0x7fa1e2e62eb0>,9,2,[3 6],10,21,23,11,13
1,<environment.Job instance at 0x7fa1e2e62140>,11,15,[9 5],12,23,38,11,13
1,<environment.Job instance at 0x7fa19cfbe050>,14,3,[8 2],15,38,41,23,15
1,<environment.Job instance at 0x7fa19cfbe230>,17,12,[5 4],18,41,53,23,24
1,<environment.Job instance at 0x7fa19cfbe0a0>,12,14,[9 1],13,53,67,40,38
1,<environment.Job instance at 0x7fa19c6d7870>,24,14,[10  1],25,67,81,42,52
1,<environment.Job instance at 0x7fa19c772910>,30,15,[4 9],31,81,96,50,67
1,<environment.Job instance at 0x7fa19ca66820>,2,3,[10  5],3,3,6,0,3
1,<environment.Job instance at 0x7fa1e3103140>,5,12,[ 3 10],6,6,18,0,6
1,<environment.Job instance at 0x7fa1e3103f00>,4,14,[10  4],5,18,32,13,7
1,<environment.Job instance at 0x7fa1e09d7050>,11,2,[5 5],12,32,34,20,12
1,<environment.Job instance at 0x7fa1e07261e0>,10,16,[9 2],11,34,50,23,22
1,<environment.Job instance at 0x7fa19cb97a00>,16,12,[6 4],17,50,62,33,33
1,<environment.Job instance at 0x7fa19cf14dc0>,18,17,[1 6],19,38,55,19,38
1,<environment.Job instance at 0x7fa1e3103d70>,3,15,[4 9],4,62,77,58,48
1,<environment.Job instance at 0x7fa19cf146e0>,19,17,[9 2],20,77,94,57,67
1,<environment.Job instance at 0x7fa19cfc6b40>,6,2,[8 3],7,9,11,2,9
1,<environment.Job instance at 0x7fa19cfc6d70>,8,13,[3 7],9,13,26,4,13
1,<environment.Job instance at 0x7fa19cfc6b90>,9,15,[8 5],10,26,41,16,18
1,<environment.Job instance at 0x7fa19cfbd140>,11,13,[9 4],12,41,54,29,27
1,<environment.Job instance at 0x7fa19cfbd5f0>,19,2,[3 7],20,54,56,34,37
1,<environment.Job instance at 0x7fa19cfbd690>,20,2,[9 1],21,56,58,35,37
1,<environment.Job instance at 0x7fa19cfbdbe0>,25,3,[9 1],26,58,61,32,39
1,<environment.Job instance at 0x7fa19cfca140>,29,14,[3 8],30,61,75,31,49
1,<environment.Job instance at 0x7fa19cfca1e0>,30,12,[5 9],31,75,87,44,60
1,<environment.Job instance at 0x7fa1e2c44780>,4,1,[1 7],5,5,6,0,5
1,<environment.Job instance at 0x7fa19cfca1e0>,3,3,[1 8],4,6,9,2,5
1,<environment.Job instance at 0x7fa1e097e7d0>,0,18,[5 4],1,9,27,8,9
1,<environment.Job instance at 0x7fa1e2c44280>,10,14,[2 6],11,11,25,0,11
1,<environment.Job instance at 0x7fa1e2c44af0>,9,13,[7 2],10,27,40,17,11
1,<environment.Job instance at 0x7fa19c9bc140>,16,18,[3 6],17,25,43,8,19
1,<environment.Job instance at 0x7fa19c9bcdc0>,17,18,[5 5],18,43,61,25,33
1,<environment.Job instance at 0x7fa19c9bceb0>,23,18,[4 5],24,43,61,19,38
1,<environment.Job instance at 0x7fa1e2c44960>,14,16,[9 2],15,61,77,46,48
1,<environment.Job instance at 0x7fa1e32e8550>,30,2,[7 4],31,77,79,46,54
1,<environment.Job instance at 0x7fa1e32e8c80>,31,16,[6 5],32,79,95,47,66
1,<environment.Job instance at 0x7fa19cfbd500>,2,3,[5 8],3,3,6,0,3
1,<environment.Job instance at 0x7fa19c8ff960>,8,1,[9 5],9,9,10,0,9
1,<environment.Job instance at 0x7fa19c8ffaf0>,6,12,[3 5],7,10,22,3,10
1,<environment.Job instance at 0x7fa19c8ff140>,9,1,[7 3],10,10,11,0,10
1,<environment.Job instance at 0x7fa19c8ffc30>,10,2,[9 4],11,22,24,11,11
1,<environment.Job instance at 0x7fa1e053c280>,11,1,[3 8],12,24,25,12,12
1,<environment.Job instance at 0x7fa19cfc5460>,18,3,[9 2],19,25,28,6,22
1,<environment.Job instance at 0x7fa19ca23eb0>,19,2,[4 5],20,28,30,8,22
1,<environment.Job instance at 0x7fa1e09d4820>,20,1,[10  3],21,30,31,9,22
1,<environment.Job instance at 0x7fa1e053c4b0>,12,18,[9 2],13,31,49,18,22
1,<environment.Job instance at 0x7fa1e09d4190>,21,14,[1 5],22,31,45,9,22
1,<environment.Job instance at 0x7fa1e08da5a0>,25,12,[8 3],26,49,61,23,32
1,<environment.Job instance at 0x7fa1e2cc0960>,29,14,[8 5],30,61,75,31,49
1,<environment.Job instance at 0x7fa19c969e60>,31,15,[7 3],32,75,90,43,61
1,<environment.Job instance at 0x7fa1e2f72500>,35,1,[ 1 10],36,90,91,54,65
1,<environment.Job instance at 0x7fa1e2f726e0>,3,13,[9 3],4,6,19,2,6
1,<environment.Job instance at 0x7fa1e2c98f50>,7,1,[3 8],8,19,20,11,8
1,<environment.Job instance at 0x7fa1e2c98d20>,6,14,[5 4],7,20,34,13,9
1,<environment.Job instance at 0x7fa1e0b80280>,9,3,[6 1],10,34,37,24,10
1,<environment.Job instance at 0x7fa1e0b800f0>,10,2,[2 6],11,20,22,9,11
1,<environment.Job instance at 0x7fa1e0b804b0>,11,2,[7 1],12,37,39,25,12
1,<environment.Job instance at 0x7fa1e0b805a0>,12,3,[6 1],13,39,42,26,13
1,<environment.Job instance at 0x7fa1e0b80af0>,17,2,[3 8],18,34,36,16,18
1,<environment.Job instance at 0x7fa1e0b80a50>,16,1,[6 4],17,42,43,25,18
1,<environment.Job instance at 0x7fa1e0a5ff00>,5,14,[ 3 10],6,43,57,37,29
1,<environment.Job instance at 0x7fa1e0b80f50>,21,3,[1 8],22,36,39,14,29
1,<environment.Job instance at 0x7fa1e0b805f0>,19,17,[9 1],20,57,74,37,45
1,<environment.Job instance at 0x7fa1e0b870f0>,27,12,[9 2],28,74,86,46,57
1,<environment.Job instance at 0x7fa1e0b877d0>,31,12,[8 2],32,86,98,54,69
1,<environment.Job instance at 0x7fa1e0b87910>,3,13,[6 4],4,4,17,0,4
1,<environment.Job instance at 0x7fa1e08a8140>,6,16,[2 7],7,17,33,10,7
1,<environment.Job instance at 0x7fa1e2bd8820>,12,12,[1 7],13,33,45,20,16
1,<environment.Job instance at 0x7fa1e2ba9f00>,4,12,[10  3],5,45,57,40,30
1,<environment.Job instance at 0x7fa19cb25fa0>,18,13,[3 6],19,57,70,38,41
1,<environment.Job instance at 0x7fa1e2dec500>,24,12,[7 2],25,57,69,32,48
1,<environment.Job instance at 0x7fa1e2dcdeb0>,25,17,[ 5 10],26,70,87,44,58
1,<environment.Job instance at 0x7fa19cb866e0>,3,18,[6 3],4,6,24,2,6
1,<environment.Job instance at 0x7fa19cb86dc0>,4,17,[10  3],5,24,41,19,14
1,<environment.Job instance at 0x7fa19cb920f0>,11,2,[ 1 10],12,41,43,29,20
1,<environment.Job instance at 0x7fa19c7f3780>,13,12,[4 8],14,43,55,29,26
1,<environment.Job instance at 0x7fa1e2c6bb40>,20,3,[5 7],21,68,71,47,68
1,<environment.Job instance at 0x7fa19cfa8b90>,21,3,[7 4],22,71,74,49,68
1,<environment.Job instance at 0x7fa19cba5be0>,22,3,[1 5],23,71,74,48,68
1,<environment.Job instance at 0x7fa1e2ff1370>,23,2,[5 6],24,74,76,50,68
1,<environment.Job instance at 0x7fa19ca235f0>,25,13,[3 7],26,76,89,50,68
1,<environment.Job instance at 0x7f6b414768c0>,11,15,[4 8],12,12,27,0,12
1,<environment.Job instance at 0x7f6b414764b0>,10,12,[3 7],11,27,39,16,14
1,<environment.Job instance at 0x7f6b41476b90>,14,13,[7 3],15,27,40,12,15
1,<environment.Job instance at 0x7f6b41476f50>,17,3,[4 9],18,40,43,22,22
1,<environment.Job instance at 0x7f6b41476f00>,18,3,[4 7],19,43,46,24,23
1,<environment.Job instance at 0x7f6b41476d20>,19,14,[3 5],20,46,60,26,31
1,<environment.Job instance at 0x7f6b41476be0>,15,18,[2 8],16,60,78,44,49
1,<environment.Job instance at 0x7f6b414777d0>,29,12,[5 4],30,78,90,48,61
1,<environment.Job instance at 0x7f6b41477a50>,30,14,[5 2],31,61,75,30,61
1,<environment.Job instance at 0x7f6b41477d20>,31,14,[2 5],32,78,92,46,63
1,<environment.Job instance at 0x7f6b41477fa0>,35,15,[9 5],36,92,107,56,78
1,<environment.Job instance at 0x7f6b489ed410>,2,16,[ 4 10],3,3,19,0,3
1,<environment.Job instance at 0x7f6b489ede10>,7,3,[10  5],8,19,22,11,8
1,<environment.Job instance at 0x7f6b488aec80>,8,2,[7 4],9,22,24,13,9
1,<environment.Job instance at 0x7f6b489edcd0>,0,14,[2 6],1,22,36,21,12
1,<environment.Job instance at 0x7f6b488ae5f0>,13,2,[6 1],14,24,26,10,14
1,<environment.Job instance at 0x7f6b488aed70>,11,3,[1 8],12,36,39,24,14
1,<environment.Job instance at 0x7f6b489f41e0>,14,3,[4 5],15,39,42,24,15
1,<environment.Job instance at 0x7f6b489f4e60>,18,2,[5 2],19,26,28,7,19
1,<environment.Job instance at 0x7f6b489f4d20>,15,15,[5 7],16,42,57,26,30
1,<environment.Job instance at 0x7f6b489fa780>,22,16,[3 9],23,57,73,34,44
1,<environment.Job instance at 0x7f6b489ed6e0>,6,18,[9 2],7,73,91,66,63
1,<environment.Job instance at 0x7f6b489fab40>,23,16,[1 6],24,73,89,49,73
1,<environment.Job instance at 0x7f6afd772c30>,2,3,[3 7],3,5,8,2,5
1,<environment.Job instance at 0x7f6afd772fa0>,4,3,[6 4],5,8,11,3,6
1,<environment.Job instance at 0x7f6afd772190>,11,2,[5 5],12,12,14,0,12
1,<environment.Job instance at 0x7f6afd772410>,12,1,[6 4],13,14,15,1,13
1,<environment.Job instance at 0x7f6afd772550>,9,14,[3 6],10,14,28,4,13
1,<environment.Job instance at 0x7f6afd772640>,13,18,[6 5],14,28,46,14,19
1,<environment.Job instance at 0x7f6afd76f230>,20,1,[5 8],21,46,47,25,39
1,<environment.Job instance at 0x7f6afd76f050>,21,13,[8 5],22,47,60,25,39
1,<environment.Job instance at 0x7f6afd76f1e0>,24,3,[4 6],25,60,63,35,41
1,<environment.Job instance at 0x7f6afd7694b0>,25,2,[5 2],26,60,62,34,42
1,<environment.Job instance at 0x7f6afd7690f0>,29,12,[9 3],30,63,75,33,46
1,<environment.Job instance at 0x7f6afd769eb0>,31,17,[10  2],32,75,92,43,65
1,<environment.Job instance at 0x7f6afd763550>,36,14,[5 5],37,92,106,55,77
1,<environment.Job instance at 0x7f6afdbe22d0>,8,18,[4 6],9,9,27,0,9
1,<environment.Job instance at 0x7f6afdbe2be0>,9,3,[5 1],10,11,14,1,11
1,<environment.Job instance at 0x7f6afdbe2dc0>,10,3,[7 3],11,27,30,16,11
1,<environment.Job instance at 0x7f6afdc2a5f0>,7,2,[4 5],8,34,36,26,34
1,<environment.Job instance at 0x7f6afdbe2640>,13,12,[9 1],14,36,48,22,34
1,<environment.Job instance at 0x7f6afdbe2d20>,16,3,[9 1],17,48,51,31,39
1,<environment.Job instance at 0x7f6afdbe2780>,17,17,[5 2],18,51,68,33,40
1,<environment.Job instance at 0x7f6afdc48fa0>,21,1,[ 2 10],22,68,69,46,50
1,<environment.Job instance at 0x7f6afdc48050>,22,1,[3 9],23,69,70,46,50
1,<environment.Job instance at 0x7f6afdc48690>,23,2,[4 7],24,51,53,27,50
1,<environment.Job instance at 0x7f6afdbe2870>,18,18,[4 5],19,70,88,51,62
1,<environment.Job instance at 0x7f6afdc4b6e0>,30,17,[2 6],31,88,105,57,76
1,<environment.Job instance at 0x7f6afdbdd870>,35,1,[8 1],36,88,89,52,78
1,<environment.Job instance at 0x7f6afdb707d0>,5,12,[2 6],6,10,22,4,10
1,<environment.Job instance at 0x7f6afdb70e60>,12,3,[7 1],13,13,16,0,13
1,<environment.Job instance at 0x7f6afdb70780>,6,15,[2 7],7,54,69,47,54
1,<environment.Job instance at 0x7f6afdb5f140>,17,1,[4 5],18,69,70,51,54
1,<environment.Job instance at 0x7f6afdb5f1e0>,18,1,[2 9],19,70,71,51,54
1,<environment.Job instance at 0x7f6afdb5f280>,19,13,[4 6],20,71,84,51,55
1,<environment.Job instance at 0x7f6afdb5f320>,20,15,[7 1],21,84,99,63,70
1,<environment.Job instance at 0x7f6afdb5f460>,22,13,[1 6],23,84,97,61,70
1,<environment.Job instance at 0x7f6afdb5f500>,23,3,[3 5],24,97,100,73,71
1,<environment.Job instance at 0x7f6afdb13190>,1,17,[2 6],2,3,20,1,3
1,<environment.Job instance at 0x7f6afdb13640>,2,19,[8 2],3,7,26,4,7
1,<environment.Job instance at 0x7f6b43a98b40>,13,1,[1 7],14,20,21,6,14
1,<environment.Job instance at 0x7f6b43a98370>,11,3,[7 3],12,26,29,14,16
1,<environment.Job instance at 0x7f6b43a98fa0>,10,18,[3 5],11,26,44,15,18
1,<environment.Job instance at 0x7f6b43a98960>,21,12,[5 5],22,29,41,7,27
1,<environment.Job instance at 0x7f6afdd245f0>,22,12,[5 5],23,41,53,18,27
1,<environment.Job instance at 0x7f6afdd24730>,23,13,[4 9],24,53,66,29,38
1,<environment.Job instance at 0x7f6afdd24140>,27,3,[10  2],28,66,69,38,41
1,<environment.Job instance at 0x7f6afdd24b40>,29,1,[ 3 10],30,69,70,39,41
1,<environment.Job instance at 0x7f6b43a986e0>,19,15,[10  2],20,70,85,50,58
1,<environment.Job instance at 0x7f6afdd240f0>,35,12,[ 1 10],36,85,97,49,68
1,<environment.Job instance at 0x7f6b43be3d70>,2,2,[9 3],3,3,5,0,3
1,<environment.Job instance at 0x7f6b43be3820>,1,13,[5 5],2,5,18,3,5
1,<environment.Job instance at 0x7f6b41798f50>,3,12,[1 8],4,18,30,14,5
1,<environment.Job instance at 0x7f6b419701e0>,5,3,[1 5],6,8,11,2,8
1,<environment.Job instance at 0x7f6afda405a0>,13,13,[6 5],14,30,43,16,14
1,<environment.Job instance at 0x7f6afd9db730>,16,3,[2 7],17,43,46,26,19
1,<environment.Job instance at 0x7f6afdc6d910>,21,13,[5 3],22,43,56,21,33
1,<environment.Job instance at 0x7f6afda78780>,24,12,[6 4],25,56,68,31,39
1,<environment.Job instance at 0x7f6afd920410>,19,15,[9 5],20,68,83,48,54
1,<environment.Job instance at 0x7f6b43f37820>,28,14,[5 9],29,83,97,54,68
1,<environment.Job instance at 0x7f6afdcf4aa0>,4,12,[4 6],5,5,17,0,5
1,<environment.Job instance at 0x7f6afdcf4f50>,10,15,[1 6],11,17,32,6,11
1,<environment.Job instance at 0x7f6afdcf4e10>,9,14,[10  1],10,32,46,22,17
1,<environment.Job instance at 0x7f6afdcd9460>,14,12,[8 4],15,46,58,31,29
1,<environment.Job instance at 0x7f6afdcd95a0>,16,3,[8 1],17,58,61,41,39
1,<environment.Job instance at 0x7f6afdcd96e0>,17,14,[6 2],18,61,75,43,46
1,<environment.Job instance at 0x7f6b43bc97d0>,0,14,[3 6],1,61,75,60,47
1,<environment.Job instance at 0x7f6afdcd97d0>,19,17,[7 2],20,75,92,55,66
1,<environment.Job instance at 0x7f6afdcd9b90>,25,2,[4 7],26,92,94,66,78
1,<environment.Job instance at 0x7f6afd637d20>,4,3,[6 1],5,6,9,1,6
1,<environment.Job instance at 0x7f6afd945e10>,9,18,[7 3],10,14,32,4,14
1,<environment.Job instance at 0x7f6afd945820>,10,16,[9 2],11,32,48,21,19
1,<environment.Job instance at 0x7f6afd60fb40>,12,2,[5 8],13,48,50,35,21
1,<environment.Job instance at 0x7f6b412aac80>,17,1,[3 6],18,25,26,7,25
1,<environment.Job instance at 0x7f6b412aa960>,19,3,[ 5 10],20,50,53,30,26
1,<environment.Job instance at 0x7f6b412613c0>,15,13,[2 6],16,53,66,37,37
1,<environment.Job instance at 0x7f6afda20050>,26,1,[2 6],27,66,67,39,41
1,<environment.Job instance at 0x7f6afd70d780>,27,17,[5 2],28,53,70,25,41
1,<environment.Job instance at 0x7f6afd968960>,29,15,[6 3],30,70,85,40,56
1,<environment.Job instance at 0x7f6afd736f50>,31,2,[9 5],32,85,87,53,58
1,<environment.Job instance at 0x7f6b487bb640>,34,17,[9 5],35,87,104,52,75
1,<environment.Job instance at 0x7f6afda32410>,8,1,[6 1],9,9,10,0,9
1,<environment.Job instance at 0x7f6afda32460>,4,17,[6 5],5,11,28,6,11
1,<environment.Job instance at 0x7f6b41347370>,11,14,[7 1],12,28,42,16,13
1,<environment.Job instance at 0x7f6afdd6bb40>,13,3,[5 8],14,42,45,28,18
1,<environment.Job instance at 0x7f6afd8c3960>,14,1,[6 1],15,45,46,30,18
1,<environment.Job instance at 0x7f6b415fb0f0>,17,14,[4 7],18,45,59,27,32
1,<environment.Job instance at 0x7f6afd6c1cd0>,20,16,[5 1],21,46,62,25,42
1,<environment.Job instance at 0x7f6afdbace60>,22,17,[4 5],23,59,76,36,47
1,<environment.Job instance at 0x7f6afdbadb40>,21,16,[ 2 10],22,76,92,54,64
1,<environment.Job instance at 0x7f6b41221f50>,0,2,[2 7],1,1,3,0,1
1,<environment.Job instance at 0x7f6b4132a460>,2,3,[3 8],3,4,7,1,4
1,<environment.Job instance at 0x7f6b415e86e0>,8,2,[7 3],9,9,11,0,9
1,<environment.Job instance at 0x7f6b415e8aa0>,10,13,[9 3],11,12,25,1,12
1,<environment.Job instance at 0x7f6b415e8be0>,12,15,[3 8],13,25,40,12,16
1,<environment.Job instance at 0x7f6b415e8d70>,14,13,[5 4],15,40,53,25,24
1,<environment.Job instance at 0x7f6b415e8af0>,18,2,[2 7],19,53,55,34,26
1,<environment.Job instance at 0x7f6b415ba0f0>,19,2,[4 6],20,40,42,20,27
1,<environment.Job instance at 0x7f6b415ba190>,20,16,[2 8],21,55,71,34,44
1,<environment.Job instance at 0x7f6b415baaa0>,28,14,[5 4],29,71,85,42,63
1,<environment.Job instance at 0x7f6b415bad20>,31,18,[9 3],32,85,103,53,74
1,<environment.Job instance at 0x7f6b415a9190>,37,1,[5 7],38,103,104,65,78
1,<environment.Job instance at 0x7f6b415a9140>,2,13,[6 5],3,8,21,5,8
1,<environment.Job instance at 0x7f6b48781a50>,7,15,[6 1],8,21,36,13,12
1,<environment.Job instance at 0x7f6afdb7f780>,9,1,[9 4],10,36,37,26,12
1,<environment.Job instance at 0x7f6b48781af0>,6,2,[7 2],7,37,39,30,16
1,<environment.Job instance at 0x7f6b48773d20>,13,3,[10  1],14,39,42,25,22
1,<environment.Job instance at 0x7f6afdb7ffa0>,11,3,[3 7],12,24,27,12,24
1,<environment.Job instance at 0x7f6afdbe6fa0>,16,2,[6 4],17,42,44,25,24
1,<environment.Job instance at 0x7f6afdbe6dc0>,15,2,[10  5],16,44,46,28,26
1,<environment.Job instance at 0x7f6afdbe63c0>,18,3,[2 7],19,29,32,10,29
1,<environment.Job instance at 0x7f6afdbe6280>,20,1,[8 1],21,46,47,25,31
1,<environment.Job instance at 0x7f6b415a9190>,4,18,[1 8],5,46,64,41,35
1,<environment.Job instance at 0x7f6b413ce3c0>,23,14,[5 5],24,64,78,40,53
1,<environment.Job instance at 0x7f6b43e93870>,28,16,[1 6],29,78,94,49,65
1,<environment.Job instance at 0x7f6afdbe6640>,2,2,[4 5],3,3,5,0,3
1,<environment.Job instance at 0x7f6afdbe6140>,5,2,[10  5],6,6,8,0,6
1,<environment.Job instance at 0x7f6b48a00140>,0,18,[9 2],1,9,27,8,9
1,<environment.Job instance at 0x7f6b43f49a50>,9,18,[1 5],10,10,28,0,10
1,<environment.Job instance at 0x7f6b412c26e0>,11,12,[6 3],12,27,39,15,12
1,<environment.Job instance at 0x7f6b412c20a0>,16,13,[9 5],17,39,52,22,23
1,<environment.Job instance at 0x7f6b412c2b40>,19,13,[7 5],20,52,65,32,36
1,<environment.Job instance at 0x7f6b415d25f0>,22,15,[7 3],23,65,80,42,51
1,<environment.Job instance at 0x7f6b41510a50>,26,2,[8 3],27,80,82,53,63
1,<environment.Job instance at 0x7f6b41510eb0>,27,3,[2 8],28,82,85,54,63
1,<environment.Job instance at 0x7f6b41510f50>,28,13,[3 7],29,67,80,38,67
1,<environment.Job instance at 0x7f6b41510690>,29,15,[8 5],30,85,100,55,71
1,<environment.Job instance at 0x7f6b43f9a6e0>,0,2,[8 5],1,5,7,4,5
1,<environment.Job instance at 0x7f6afdad2dc0>,5,14,[5 7],6,7,21,1,7
1,<environment.Job instance at 0x7f6afdaf48c0>,10,18,[5 4],11,21,39,10,13
1,<environment.Job instance at 0x7f6afdaf4d70>,14,1,[1 7],15,39,40,24,15
1,<environment.Job instance at 0x7f6b416ac140>,18,18,[ 4 10],19,40,58,21,29
1,<environment.Job instance at 0x7f6b416a8230>,23,16,[3 8],24,58,74,34,45
1,<environment.Job instance at 0x7f6b4120edc0>,29,3,[2 9],30,74,77,44,59
1,<environment.Job instance at 0x7f6b416e7a50>,30,3,[9 2],31,77,80,46,60
1,<environment.Job instance at 0x7f6b416e7f00>,31,3,[2 9],32,80,83,48,60
1,<environment.Job instance at 0x7f6afda24af0>,34,15,[3 5],35,83,98,48,69
1,<environment.Job instance at 0x7f6b418e78c0>,1,13,[9 1],2,6,19,4,6
1,<environment.Job instance at 0x7f6afdc5cd20>,7,3,[8 3],8,19,22,11,8
1,<environment.Job instance at 0x7f6b43d67690>,9,1,[7 3],10,22,23,12,10
1,<environment.Job instance at 0x7f6b4143e1e0>,11,1,[3 8],12,23,24,11,13
1,<environment.Job instance at 0x7f6b4143eaf0>,12,18,[9 2],13,24,42,11,19
1,<environment.Job instance at 0x7f6b4142c2d0>,19,2,[4 5],20,42,44,22,20
1,<environment.Job instance at 0x7f6afdb7f050>,21,14,[1 5],22,24,38,2,23
1,<environment.Job instance at 0x7f6afd957b40>,15,14,[6 3],16,42,56,26,29
1,<environment.Job instance at 0x7f6afdcc15a0>,28,14,[9 5],29,56,70,27,41
1,<environment.Job instance at 0x7f6afdcc1d70>,32,17,[1 5],33,58,75,25,58
1,<environment.Job instance at 0x7f6b4877eb40>,27,17,[5 5],28,70,87,42,58
1,<environment.Job instance at 0x7f6b43ad0370>,1,2,[7 1],2,3,5,1,3
1,<environment.Job instance at 0x7f6afd696730>,11,3,[1 8],12,12,15,0,12
1,<environment.Job instance at 0x7f6afde290a0>,14,15,[5 3],15,24,39,9,24
1,<environment.Job instance at 0x7f6afde299b0>,15,15,[8 3],16,39,54,23,25
1,<environment.Job instance at 0x7f6afde29820>,18,3,[5 8],19,54,57,35,29
1,<environment.Job instance at 0x7f6afde29280>,24,15,[4 7],25,57,72,32,43
1,<environment.Job instance at 0x7f6afde293c0>,21,12,[8 2],22,72,84,50,59
1,<environment.Job instance at 0x7f6afd696c80>,9,17,[9 1],10,84,101,74,72
1,<environment.Job instance at 0x7f6afd6a8b40>,32,15,[1 6],33,72,87,39,72
1,<environment.Job instance at 0x7f6b43b08b40>,2,3,[3 7],3,3,6,0,3
1,<environment.Job instance at 0x7f6afd6a80f0>,3,3,[5 4],4,6,9,2,5
1,<environment.Job instance at 0x7f6afd6a8d70>,4,12,[7 2],5,9,21,4,8
1,<environment.Job instance at 0x7f6b43b08370>,9,2,[1 9],10,21,23,11,10
1,<environment.Job instance at 0x7f6b43b083c0>,0,14,[3 5],1,23,37,22,11
1,<environment.Job instance at 0x7f6b4198c1e0>,11,2,[10  4],12,37,39,25,13
1,<environment.Job instance at 0x7f6b4199ccd0>,12,16,[5 3],13,39,55,26,26
1,<environment.Job instance at 0x7f6b4196e3c0>,21,12,[2 5],22,39,51,17,34
1,<environment.Job instance at 0x7f6b41991960>,19,16,[6 2],20,55,71,35,42
1,<environment.Job instance at 0x7f6b4196e460>,23,14,[1 6],24,51,65,27,43
1,<environment.Job instance at 0x7f6b41785be0>,28,13,[5 7],29,71,84,42,55
1,<environment.Job instance at 0x7f6afdc92780>,32,14,[6 1],33,84,98,51,72
1,<environment.Job instance at 0x7f6b43f70780>,2,2,[3 7],3,3,5,0,3
1,<environment.Job instance at 0x7f6b43c06be0>,6,16,[3 8],7,7,23,0,7
1,<environment.Job instance at 0x7f6afd5ac4b0>,5,14,[6 1],6,9,23,3,9
1,<environment.Job instance at 0x7f6afde29230>,10,13,[7 3],11,23,36,12,11
1,<environment.Job instance at 0x7f6afd651fa0>,14,18,[ 2 10],15,36,54,21,25
1,<environment.Job instance at 0x7f6b415c4aa0>,12,12,[10  2],13,54,66,41,40
1,<environment.Job instance at 0x7f6b416240f0>,20,17,[8 2],21,66,83,45,55
1,<environment.Job instance at 0x7f6afd5df820>,25,13,[2 7],26,68,81,42,68
1,<environment.Job instance at 0x7f6b41624b40>,21,14,[4 9],22,83,97,61,68
1,<environment.Job instance at 0x7f6afd672370>,5,3,[10  1],6,6,9,0,6
1,<environment.Job instance at 0x7f6afd6721e0>,3,12,[5 8],4,9,21,5,7
1,<environment.Job instance at 0x7f6afd672140>,6,3,[2 5],7,21,24,14,8
1,<environment.Job instance at 0x7f6afd672960>,7,13,[5 5],8,21,34,13,8
1,<environment.Job instance at 0x7f6b43ad2370>,18,3,[2 8],19,34,37,15,19
1,<environment.Job instance at 0x7f6b43ad2960>,17,12,[6 2],18,34,46,16,19
1,<environment.Job instance at 0x7f6b415863c0>,26,1,[5 5],27,27,28,0,27
1,<environment.Job instance at 0x7f6b41586f00>,23,14,[1 8],24,37,51,13,30
1,<environment.Job instance at 0x7f6b41586690>,28,3,[2 5],29,31,34,2,31
1,<environment.Job instance at 0x7f6b41586d20>,29,1,[5 1],30,46,47,16,32
1,<environment.Job instance at 0x7f6b415866e0>,31,3,[2 9],32,51,54,19,33
1,<environment.Job instance at 0x7f6afd6fc730>,32,3,[10  3],33,54,57,21,33
1,<environment.Job instance at 0x7f6afd6fcdc0>,34,3,[2 8],35,57,60,22,39
1,<environment.Job instance at 0x7f6afd6fc870>,35,13,[5 1],36,57,70,21,41
1,<environment.Job instance at 0x7f6afd6fcc30>,37,2,[5 7],38,60,62,22,41
1,<environment.Job instance at 0x7f6afd6fc6e0>,38,12,[1 6],39,62,74,23,45
1,<environment.Job instance at 0x7f6afd6fc3c0>,39,1,[6 3],40,70,71,30,45
1,<environment.Job instance at 0x7f6afd784fa0>,42,1,[5 5],43,74,75,31,59
1,<environment.Job instance at 0x7f6afd784b40>,44,14,[10  4],45,75,89,30,61
1,<environment.Job instance at 0x7f6afd784820>,47,13,[7 4],48,89,102,41,73
1,<environment.Job instance at 0x7f6b41557050>,1,1,[5 1],2,2,3,0,2
1,<environment.Job instance at 0x7f6afd88ee60>,6,2,[1 8],7,7,9,0,7
1,<environment.Job instance at 0x7f6b4168caa0>,12,17,[8 1],13,13,30,0,13
1,<environment.Job instance at 0x7f6b43f711e0>,14,13,[2 5],15,27,40,12,27
1,<environment.Job instance at 0x7f6afdded870>,9,17,[8 4],10,30,47,20,27
1,<environment.Job instance at 0x7f6b43bd4b40>,18,14,[1 6],19,40,54,21,30
1,<environment.Job instance at 0x7f6afd78d960>,22,18,[6 4],23,47,65,24,37
1,<environment.Job instance at 0x7f6afd7d11e0>,11,16,[2 6],12,54,70,42,47
1,<environment.Job instance at 0x7f6b416da280>,27,12,[2 5],28,70,82,42,53
1,<environment.Job instance at 0x7f6b416dab40>,29,15,[8 4],30,65,80,35,57
1,<environment.Job instance at 0x7f6b411f2280>,34,16,[5 3],35,80,96,45,67
1,<environment.Job instance at 0x7f6b411f2320>,35,13,[2 6],36,82,95,46,70
1,<environment.Job instance at 0x7f6b41212e10>,41,12,[7 4],42,96,108,54,79
1,<environment.Job instance at 0x7f3835320230>,3,3,[4 8],4,4,7,0,4
1,<environment.Job instance at 0x7f383c730190>,5,2,[1 5],6,7,9,1,6
1,<environment.Job instance at 0x7f3835320190>,4,14,[1 6],5,9,23,4,9
1,<environment.Job instance at 0x7f38353203c0>,7,1,[5 4],8,10,11,2,10
1,<environment.Job instance at 0x7f38353206e0>,8,13,[5 5],9,23,36,14,10
1,<environment.Job instance at 0x7f383c730140>,0,13,[9 3],1,36,49,35,21
1,<environment.Job instance at 0x7f3835320c80>,17,3,[4 9],18,49,52,31,28
1,<environment.Job instance at 0x7f3835320dc0>,18,3,[4 7],19,52,55,33,30
1,<environment.Job instance at 0x7f3835320b40>,16,16,[3 5],17,55,71,38,42
1,<environment.Job instance at 0x7f38353215a0>,26,3,[3 7],27,71,74,44,55
1,<environment.Job instance at 0x7f3835321370>,27,15,[8 4],28,74,89,46,61
1,<environment.Job instance at 0x7f3835321320>,24,18,[2 6],25,74,92,49,63
1,<environment.Job instance at 0x7f3835321910>,32,3,[5 1],33,67,70,34,67
1,<environment.Job instance at 0x7f3835321a00>,31,14,[2 5],32,92,106,60,77
1,<environment.Job instance at 0x7f38353217d0>,33,14,[5 5],34,92,106,58,77
1,<environment.Job instance at 0x7f3835321dc0>,39,2,[5 6],40,106,108,66,80
1,<environment.Job instance at 0x7f383c758be0>,3,2,[6 1],4,4,6,0,4
1,<environment.Job instance at 0x7f383c897640>,0,2,[9 3],1,6,8,5,4
1,<environment.Job instance at 0x7f383c758a00>,4,3,[4 5],5,8,11,3,7
1,<environment.Job instance at 0x7f383c758870>,6,2,[1 8],7,11,13,4,9
1,<environment.Job instance at 0x7f383c7586e0>,10,18,[2 7],11,13,31,2,12
1,<environment.Job instance at 0x7f383c89ea00>,13,16,[1 6],14,31,47,17,18
1,<environment.Job instance at 0x7f383c896d20>,17,17,[9 3],18,31,48,13,30
1,<environment.Job instance at 0x7f383c8a4f50>,22,2,[6 2],23,48,50,25,31
1,<environment.Job instance at 0x7f383c8a4e60>,23,15,[6 1],24,50,65,26,36
1,<environment.Job instance at 0x7f383c8a4320>,24,14,[2 5],25,48,62,23,39
1,<environment.Job instance at 0x7f383c8a4c80>,27,1,[1 5],28,62,63,34,52
1,<environment.Job instance at 0x7f383c8a43c0>,28,1,[3 6],29,63,64,34,52
1,<environment.Job instance at 0x7f383c8a3be0>,30,2,[7 2],31,65,67,34,52
1,<environment.Job instance at 0x7f383c8a3280>,31,1,[2 6],32,64,65,32,52
1,<environment.Job instance at 0x7f383c89ec80>,12,16,[3 9],13,72,88,59,72
1,<environment.Job instance at 0x7f383c8aa1e0>,3,2,[7 3],4,4,6,0,4
1,<environment.Job instance at 0x7f37f16d0b40>,4,3,[4 6],5,6,9,1,5
1,<environment.Job instance at 0x7f383c8aa910>,2,14,[2 9],3,12,26,9,12
1,<environment.Job instance at 0x7f37f16d0c80>,13,2,[8 3],14,26,28,12,14
1,<environment.Job instance at 0x7f37f16d0640>,14,12,[3 8],15,28,40,13,16
1,<environment.Job instance at 0x7f37f16e29b0>,21,14,[1 6],22,40,54,18,25
1,<environment.Job instance at 0x7f37f16e2f00>,22,14,[2 7],23,54,68,31,39
1,<environment.Job instance at 0x7f37f16c21e0>,30,3,[5 6],31,68,71,37,56
1,<environment.Job instance at 0x7f37f16c2460>,33,2,[5 6],34,71,73,37,61
1,<environment.Job instance at 0x7f37f16c2cd0>,34,16,[7 2],35,73,89,38,61
1,<environment.Job instance at 0x7f37f16c24b0>,40,18,[4 5],41,89,107,48,78
1,<environment.Job instance at 0x7f37f1719410>,2,1,[5 5],3,3,4,0,3
1,<environment.Job instance at 0x7f37f16c2e10>,5,1,[8 1],6,26,27,20,26
1,<environment.Job instance at 0x7f37f1a795a0>,12,2,[2 6],13,26,28,13,26
1,<environment.Job instance at 0x7f37f1a79730>,13,2,[7 3],14,27,29,13,26
1,<environment.Job instance at 0x7f37f1a79050>,14,15,[10  4],15,29,44,14,26
1,<environment.Job instance at 0x7f37f1a79fa0>,8,13,[5 1],9,44,57,35,28
1,<environment.Job instance at 0x7f37f1c4d870>,17,3,[6 3],18,57,60,39,32
1,<environment.Job instance at 0x7f37f1c4d640>,21,2,[1 5],22,44,46,22,32
1,<environment.Job instance at 0x7f37f1c52be0>,0,17,[2 6],1,46,63,45,35
1,<environment.Job instance at 0x7f37f1c4dfa0>,23,3,[9 5],24,63,66,39,37
1,<environment.Job instance at 0x7f37f1a72500>,26,1,[7 3],27,60,61,33,50
1,<environment.Job instance at 0x7f37f1a720f0>,27,14,[ 1 10],28,66,80,38,51
1,<environment.Job instance at 0x7f37f171a050>,30,15,[8 2],31,80,95,49,68
1,<environment.Job instance at 0x7f37f1be7dc0>,33,2,[5 1],34,95,97,61,68
1,<environment.Job instance at 0x7f37f1be7a00>,35,13,[6 4],36,97,110,61,83
1,<environment.Job instance at 0x7f37f1c4d410>,25,17,[4 6],26,95,112,69,85
1,<environment.Job instance at 0x7f37f17db960>,3,3,[4 8],4,5,8,1,5
1,<environment.Job instance at 0x7f37f1a1b1e0>,11,1,[ 4 10],12,25,26,13,25
1,<environment.Job instance at 0x7f37f17dbcd0>,4,15,[4 6],5,26,41,21,25
1,<environment.Job instance at 0x7f37f1a1b640>,18,2,[6 3],19,26,28,7,25
1,<environment.Job instance at 0x7f37f1a1b500>,16,3,[2 8],17,41,44,24,25
1,<environment.Job instance at 0x7f37f1a1b6e0>,19,3,[7 2],20,41,44,21,25
1,<environment.Job instance at 0x7f37f1a1b820>,21,3,[1 6],22,44,47,22,25
1,<environment.Job instance at 0x7f37f1a10be0>,8,18,[1 5],9,47,65,38,37
1,<environment.Job instance at 0x7f37f1a1bc80>,24,1,[7 4],25,44,45,19,37
1,<environment.Job instance at 0x7f37f1a07460>,26,3,[6 3],27,38,41,11,38
1,<environment.Job instance at 0x7f37f1a07410>,28,14,[7 5],29,47,61,18,44
1,<environment.Job instance at 0x7f37f1a1b780>,20,14,[7 5],21,61,75,40,46
1,<environment.Job instance at 0x7f37f1a077d0>,30,18,[9 5],31,75,93,44,65
1,<environment.Job instance at 0x7f37f1a0a7d0>,48,14,[ 2 10],49,93,107,44,80
1,<environment.Job instance at 0x7f37f1c500f0>,1,3,[9 3],2,6,9,4,6
1,<environment.Job instance at 0x7f37f1a0aa00>,2,3,[ 4 10],3,9,12,6,9
1,<environment.Job instance at 0x7f38378908c0>,8,17,[7 4],9,12,29,3,11
1,<environment.Job instance at 0x7f3837890dc0>,10,12,[8 5],11,29,41,18,12
1,<environment.Job instance at 0x7f3837890640>,14,2,[1 8],15,41,43,26,15
1,<environment.Job instance at 0x7f38354cbd20>,17,2,[2 8],18,43,45,25,21
1,<environment.Job instance at 0x7f383582ad20>,20,15,[7 5],21,45,60,24,36
1,<environment.Job instance at 0x7f383582ac30>,25,2,[6 3],26,60,62,34,43
1,<environment.Job instance at 0x7f383582a780>,29,13,[1 9],30,67,80,37,67
1,<environment.Job instance at 0x7f383582afa0>,31,13,[5 5],32,80,93,48,67
1,<environment.Job instance at 0x7f38355e7c30>,35,3,[1 5],36,80,83,44,74
1,<environment.Job instance at 0x7f38355e7d20>,36,3,[9 3],37,93,96,56,75
1,<environment.Job instance at 0x7f38355e7550>,37,13,[6 4],38,96,109,58,82
1,<environment.Job instance at 0x7f3837bb50a0>,5,18,[7 5],6,8,26,2,8
1,<environment.Job instance at 0x7f37f1c3e690>,10,1,[6 3],11,26,27,15,19
1,<environment.Job instance at 0x7f37f1c3efa0>,13,2,[5 6],14,30,32,16,30
1,<environment.Job instance at 0x7f3835687190>,14,2,[2 5],15,32,34,17,30
1,<environment.Job instance at 0x7f3835687320>,15,3,[6 5],16,32,35,16,30
1,<environment.Job instance at 0x7f3835687aa0>,16,3,[8 2],17,35,38,18,30
1,<environment.Job instance at 0x7f37f1a9b780>,17,13,[7 3],18,38,51,20,37
1,<environment.Job instance at 0x7f37f1a9b280>,19,15,[ 1 10],20,51,66,31,45
1,<environment.Job instance at 0x7f38352fa7d0>,21,1,[8 5],22,66,67,44,46
1,<environment.Job instance at 0x7f37f17702d0>,23,2,[5 5],24,67,69,43,48
1,<environment.Job instance at 0x7f38379c1dc0>,24,12,[4 6],25,69,81,44,55
1,<environment.Job instance at 0x7f3837f09550>,2,16,[9 2],3,81,97,78,68
1,<environment.Job instance at 0x7f383576ecd0>,30,15,[1 6],31,81,96,50,76
1,<environment.Job instance at 0x7f3837a130f0>,31,14,[10  4],32,97,111,65,82
1,<environment.Job instance at 0x7f3838051500>,1,2,[5 1],2,3,5,1,3
1,<environment.Job instance at 0x7f37f1b9e7d0>,8,1,[ 3 10],9,9,10,0,9
1,<environment.Job instance at 0x7f37f1b9eaf0>,12,21,[1 6],13,13,34,0,13
1,<environment.Job instance at 0x7f37f1b9e870>,10,15,[4 5],11,34,49,23,20
1,<environment.Job instance at 0x7f37f1b9e550>,7,13,[9 4],8,49,62,41,36
1,<environment.Job instance at 0x7f37f1b9ec80>,19,18,[7 3],20,62,80,42,51
1,<environment.Job instance at 0x7f37f1b9b2d0>,22,2,[5 8],23,80,82,57,57
1,<environment.Job instance at 0x7f37f1b9b3c0>,23,12,[4 6],24,82,94,58,66
1,<environment.Job instance at 0x7f37f1b9b690>,24,3,[6 4],25,82,85,57,66
1,<environment.Job instance at 0x7f37f1b9b640>,25,13,[2 6],26,66,79,40,66
1,<environment.Job instance at 0x7f37f1b9b6e0>,27,1,[3 6],28,79,80,51,66
1,<environment.Job instance at 0x7f37f1b9b820>,29,3,[ 5 10],30,94,97,64,69
1,<environment.Job instance at 0x7f37f1b9b960>,31,1,[4 6],32,97,98,65,69
1,<environment.Job instance at 0x7f37f1b9baa0>,33,16,[6 5],34,98,114,64,85
1,<environment.Job instance at 0x7f37f16fba00>,8,1,[6 1],9,28,29,19,28
1,<environment.Job instance at 0x7f37f16fbf50>,9,15,[5 2],10,29,44,19,28
1,<environment.Job instance at 0x7f37f16fbaf0>,11,14,[7 1],12,44,58,32,29
1,<environment.Job instance at 0x7f38352b8640>,13,3,[5 8],14,29,32,15,29
1,<environment.Job instance at 0x7f3837a83370>,14,1,[6 1],15,58,59,43,30
1,<environment.Job instance at 0x7f3837a83d20>,15,3,[1 5],16,32,35,16,30
1,<environment.Job instance at 0x7f3837a83b90>,17,14,[4 7],18,58,72,40,44
1,<environment.Job instance at 0x7f3837a83460>,19,1,[10  3],20,72,73,52,52
1,<environment.Job instance at 0x7f3837a834b0>,20,16,[5 1],21,73,89,52,60
1,<environment.Job instance at 0x7f38379013c0>,22,17,[4 5],23,73,90,50,68
1,<environment.Job instance at 0x7f37f16fbaa0>,7,16,[ 5 10],8,90,106,82,77
1,<environment.Job instance at 0x7f38357de140>,6,2,[7 3],7,7,9,0,7
1,<environment.Job instance at 0x7f37f183d550>,0,13,[9 3],1,9,22,8,7
1,<environment.Job instance at 0x7f38357defa0>,8,2,[2 7],9,22,24,13,9
1,<environment.Job instance at 0x7f38357def50>,4,13,[5 4],5,24,37,19,11
1,<environment.Job instance at 0x7f37f1af30f0>,12,17,[1 7],13,37,54,24,28
1,<environment.Job instance at 0x7f37f161c050>,13,17,[6 4],14,54,71,40,42
1,<environment.Job instance at 0x7f37f1bad2d0>,23,12,[4 9],24,71,83,47,57
1,<environment.Job instance at 0x7f37f1942280>,21,18,[9 3],22,83,101,61,73
1,<environment.Job instance at 0x7f38351eeaf0>,0,1,[8 1],1,1,2,0,1
1,<environment.Job instance at 0x7f38351eec80>,3,14,[5 5],4,4,18,0,4
1,<environment.Job instance at 0x7f38351eef50>,6,13,[3 7],7,18,31,11,8
1,<environment.Job instance at 0x7f37f1a24870>,9,3,[10  2],10,31,34,21,11
1,<environment.Job instance at 0x7f37f1a1a140>,13,15,[4 9],14,34,49,20,25
1,<environment.Job instance at 0x7f37f1a1a3c0>,15,12,[ 3 10],16,49,61,33,33
1,<environment.Job instance at 0x7f37f1a1a5a0>,18,12,[10  1],19,61,73,42,45
1,<environment.Job instance at 0x7f37f19e3410>,2,17,[1 9],3,73,90,70,63
1,<environment.Job instance at 0x7f37f1a1ad20>,26,12,[6 4],27,90,102,63,75
1,<environment.Job instance at 0x7f37f1a1ae60>,28,17,[1 6],29,90,107,61,89
1,<environment.Job instance at 0x7f37f18ec370>,6,3,[8 3],7,7,10,0,7
1,<environment.Job instance at 0x7f37f18ecaf0>,7,16,[7 2],8,10,26,2,8
1,<environment.Job instance at 0x7f37f18ec460>,9,2,[3 7],10,10,12,0,10
1,<environment.Job instance at 0x7f37f18ec190>,11,2,[6 2],12,26,28,14,12
1,<environment.Job instance at 0x7f37f1a1ae60>,2,16,[1 7],3,13,29,10,13
1,<environment.Job instance at 0x7f38355a94b0>,15,3,[9 1],16,28,31,12,16
1,<environment.Job instance at 0x7f37f18ecf00>,12,14,[9 3],13,31,45,18,16
1,<environment.Job instance at 0x7f38352ce140>,20,12,[5 9],21,45,57,24,29
1,<environment.Job instance at 0x7f37f1837be0>,27,16,[8 4],28,57,73,29,44
1,<environment.Job instance at 0x7f37f1778820>,30,17,[8 4],31,73,90,42,61
1,<environment.Job instance at 0x7f37f1778c30>,33,13,[8 3],34,90,103,56,75
1,<environment.Job instance at 0x7f38352d5140>,38,14,[9 5],39,103,117,64,89
1,<environment.Job instance at 0x7f37f1973460>,3,1,[5 5],4,4,5,0,4
1,<environment.Job instance at 0x7f37f1564c30>,9,3,[4 5],10,10,13,0,10
1,<environment.Job instance at 0x7f37f1973730>,6,12,[ 1 10],7,13,25,6,11
1,<environment.Job instance at 0x7f37f15642d0>,11,13,[5 2],12,25,38,13,12
1,<environment.Job instance at 0x7f37f15649b0>,12,1,[10  2],13,38,39,25,13
1,<environment.Job instance at 0x7f37f1564f50>,13,1,[2 9],14,39,40,25,14
1,<environment.Job instance at 0x7f37f1a132d0>,15,3,[5 7],16,25,28,9,16
1,<environment.Job instance at 0x7f37f1a13460>,16,1,[1 8],17,28,29,11,17
1,<environment.Job instance at 0x7f37f1a135f0>,17,3,[4 5],18,29,32,11,18
1,<environment.Job instance at 0x7f37f1564b40>,10,15,[5 1],11,39,54,28,26
1,<environment.Job instance at 0x7f37f18725a0>,8,15,[1 8],9,40,55,31,28
1,<environment.Job instance at 0x7f37f1853730>,26,14,[7 5],27,55,69,28,41
1,<environment.Job instance at 0x7f38352c2be0>,30,18,[5 5],31,69,87,38,58
1,<environment.Job instance at 0x7f38352c25f0>,37,3,[9 4],38,87,90,49,70
1,<environment.Job instance at 0x7f38352c2d20>,38,3,[6 3],39,90,93,51,70
1,<environment.Job instance at 0x7f38352c2690>,36,12,[8 3],37,93,105,56,78
1,<environment.Job instance at 0x7f37f1cc97d0>,1,2,[6 2],2,2,4,0,2
1,<environment.Job instance at 0x7f38378f8640>,7,3,[3 7],8,8,11,0,8
1,<environment.Job instance at 0x7f3835524b90>,0,12,[2 6],1,12,24,11,12
1,<environment.Job instance at 0x7f3837a35dc0>,11,16,[2 5],12,24,40,12,12
1,<environment.Job instance at 0x7f3837a35c80>,12,15,[2 5],13,24,39,11,13
1,<environment.Job instance at 0x7f3837a35c30>,9,13,[4 8],10,40,53,30,27
1,<environment.Job instance at 0x7f3837a319b0>,18,2,[7 5],19,53,55,34,31
1,<environment.Job instance at 0x7f3837a35cd0>,8,17,[7 5],9,55,72,46,43
1,<environment.Job instance at 0x7f3837a31410>,25,14,[ 3 10],26,72,86,46,57
1,<environment.Job instance at 0x7f383538d050>,28,12,[1 9],29,86,98,57,69
1,<environment.Job instance at 0x7f3835387910>,36,1,[6 4],37,98,99,61,86
1,<environment.Job instance at 0x7f3837a597d0>,37,2,[3 8],38,99,101,61,86
1,<environment.Job instance at 0x7f3837a31af0>,19,16,[5 6],20,101,117,81,89
1,<environment.Job instance at 0x7f37f17dbc80>,1,2,[4 9],2,3,5,1,3
1,<environment.Job instance at 0x7f37f195eaf0>,7,13,[7 1],8,8,21,0,8
1,<environment.Job instance at 0x7f37f195e690>,9,12,[4 8],10,21,33,11,10
1,<environment.Job instance at 0x7f383512f320>,12,12,[1 7],13,33,45,20,16
1,<environment.Job instance at 0x7f37f195ed20>,10,14,[1 9],11,45,59,34,30
1,<environment.Job instance at 0x7f37f190a7d0>,18,13,[3 6],19,59,72,40,46
1,<environment.Job instance at 0x7f383c480dc0>,14,17,[10  5],15,72,89,57,60
1,<environment.Job instance at 0x7f383528a140>,27,1,[ 5 10],28,89,90,61,67
1,<environment.Job instance at 0x7f383528a230>,30,15,[6 2],31,90,105,59,76
1,<environment.Job instance at 0x7f37f17dba50>,0,18,[3 6],1,90,108,89,89
1,<environment.Job instance at 0x7f38355ffaf0>,0,3,[5 7],1,6,9,5,6
1,<environment.Job instance at 0x7f37f1ac9fa0>,9,13,[4 5],10,10,23,0,10
1,<environment.Job instance at 0x7f37f1ac9cd0>,13,2,[ 3 10],14,23,25,9,14
1,<environment.Job instance at 0x7f38355ffaa0>,5,13,[3 7],6,25,38,19,15
1,<environment.Job instance at 0x7f37f1983190>,15,14,[6 1],16,25,39,9,17
1,<environment.Job instance at 0x7f37f1983c80>,18,15,[1 8],19,38,53,19,24
1,<environment.Job instance at 0x7f3835457910>,22,12,[10  2],23,53,65,30,36
1,<environment.Job instance at 0x7f37f1ac9190>,14,14,[9 5],15,65,79,50,52
1,<environment.Job instance at 0x7f3835457cd0>,25,14,[8 4],26,79,93,53,64
1,<environment.Job instance at 0x7f3835457af0>,29,1,[6 1],30,93,94,63,66
1,<environment.Job instance at 0x7f38354576e0>,31,14,[4 9],32,93,107,61,78
1,<environment.Job instance at 0x7f37f13a1fa0>,39,2,[5 1],40,94,96,54,87
1,<environment.Job instance at 0x7f3835167320>,4,1,[2 5],5,5,6,0,5
1,<environment.Job instance at 0x7f383797b280>,5,3,[10  1],6,7,10,1,7
1,<environment.Job instance at 0x7f383797b320>,9,2,[1 8],10,10,12,0,10
1,<environment.Job instance at 0x7f383798a370>,15,3,[4 8],16,16,19,0,16
1,<environment.Job instance at 0x7f383798a6e0>,17,12,[6 2],18,18,30,0,18
1,<environment.Job instance at 0x7f3837992dc0>,23,14,[1 8],24,24,38,0,24
1,<environment.Job instance at 0x7f3837981c80>,24,12,[3 9],25,38,50,13,25
1,<environment.Job instance at 0x7f3837981780>,25,15,[5 1],26,30,45,4,27
1,<environment.Job instance at 0x7f38355ed870>,26,1,[5 5],27,50,51,23,27
1,<environment.Job instance at 0x7f383797baa0>,10,12,[10  4],11,51,63,40,34
1,<environment.Job instance at 0x7f38379884b0>,28,3,[2 5],29,63,66,34,37
1,<environment.Job instance at 0x7f383796ccd0>,29,1,[5 1],30,45,46,15,37
1,<environment.Job instance at 0x7f37f14b3460>,30,2,[10  1],31,66,68,35,39
1,<environment.Job instance at 0x7f37f14aa910>,32,3,[10  3],33,68,71,35,42
1,<environment.Job instance at 0x7f3835271be0>,34,3,[2 8],35,71,74,36,45
1,<environment.Job instance at 0x7f383560b870>,37,2,[5 7],38,74,76,36,48
1,<environment.Job instance at 0x7f38352585f0>,39,1,[6 3],40,63,64,23,54
1,<environment.Job instance at 0x7f38352585a0>,38,12,[1 6],39,76,88,37,65
1,<environment.Job instance at 0x7f3835275d70>,46,2,[8 3],47,86,88,39,86
1,<environment.Job instance at 0x7f3835275c80>,47,13,[7 4],48,88,101,40,86
1,<environment.Job instance at 0x7f3837e0ef50>,0,3,[ 4 10],1,3,6,2,3
1,<environment.Job instance at 0x7f3837e0e5a0>,4,13,[2 5],5,7,20,2,7
1,<environment.Job instance at 0x7f37f1b8b550>,8,14,[1 6],9,20,34,11,9
1,<environment.Job instance at 0x7f37f16b5870>,12,18,[6 4],13,14,32,1,14
1,<environment.Job instance at 0x7f383c4ed0f0>,15,3,[5 5],16,34,37,18,17
1,<environment.Job instance at 0x7f37f15c24b0>,17,12,[2 5],18,34,46,16,18
1,<environment.Job instance at 0x7f37f1a8bd20>,19,15,[8 4],20,37,52,17,26
1,<environment.Job instance at 0x7f3837e0e9b0>,5,17,[1 8],6,52,69,46,40
1,<environment.Job instance at 0x7f3835580280>,28,18,[5 6],29,69,87,40,58
1,<environment.Job instance at 0x7f3837a5f820>,36,12,[4 6],37,87,99,50,70
1,<environment.Job instance at 0x7f37f1945cd0>,40,17,[8 3],41,99,116,58,87
1,<environment.Job instance at 0x7f3837ff8230>,0,2,[2 6],1,1,3,0,1
1,<environment.Job instance at 0x7f3837ff8e10>,6,2,[5 5],7,8,10,1,8
1,<environment.Job instance at 0x7f38378e05f0>,7,2,[9 3],8,10,12,2,8
1,<environment.Job instance at 0x7f3837ff8fa0>,1,3,[5 8],2,12,15,10,9
1,<environment.Job instance at 0x7f38378e0370>,10,3,[8 4],11,15,18,4,11
1,<environment.Job instance at 0x7f38378e0d20>,11,13,[5 5],12,18,31,6,12
1,<environment.Job instance at 0x7f383c7536e0>,15,3,[5 6],16,31,34,15,16
1,<environment.Job instance at 0x7f38378e0280>,8,16,[1 8],9,34,50,25,21
1,<environment.Job instance at 0x7f38378e0c80>,9,12,[9 3],10,50,62,40,35
1,<environment.Job instance at 0x7f37f1b7afa0>,30,17,[2 8],31,62,79,31,50
1,<environment.Job instance at 0x7f37f1b7a640>,36,12,[1 9],37,79,91,42,66
1,<environment.Job instance at 0x7f37f1c36370>,38,16,[10  3],39,91,107,52,79
1,<environment.Job instance at 0x7f38378a69b0>,3,2,[9 4],4,6,8,2,6
1,<environment.Job instance at 0x7f383c754550>,9,3,[ 4 10],10,10,13,0,10
1,<environment.Job instance at 0x7f3837cc8e10>,10,14,[5 5],11,13,27,2,11
1,<environment.Job instance at 0x7f38378a6320>,8,13,[5 9],9,27,40,18,12
1,<environment.Job instance at 0x7f383537f2d0>,16,12,[9 1],17,40,52,23,23
1,<environment.Job instance at 0x7f383519feb0>,18,14,[7 3],19,52,66,33,37
1,<environment.Job instance at 0x7f3837a99a50>,27,16,[2 6],28,52,68,24,44
1,<environment.Job instance at 0x7f3837c9f500>,20,12,[3 8],21,68,80,47,63
1,<environment.Job instance at 0x7f38378a6410>,1,12,[7 5],2,80,92,78,66
1,<environment.Job instance at 0x7f37f1c747d0>,33,17,[5 1],34,92,109,58,80
1,<environment.Job instance at 0x7fd53cf09640>,8,13,[5 5],9,15,28,6,15
1,<environment.Job instance at 0x7fd544319190>,5,2,[1 5],6,22,24,16,22
1,<environment.Job instance at 0x7fd53cf098c0>,14,13,[7 3],15,28,41,13,22
1,<environment.Job instance at 0x7fd53cf09730>,10,12,[3 7],11,28,40,17,22
1,<environment.Job instance at 0x7fd53cf09f00>,19,14,[3 5],20,40,54,20,25
1,<environment.Job instance at 0x7fd53cf0a960>,25,12,[ 5 10],26,54,66,28,49
1,<environment.Job instance at 0x7fd53cf0ab40>,29,12,[5 4],30,66,78,36,49
1,<environment.Job instance at 0x7fd53cf0ac80>,31,14,[2 5],32,66,80,34,51
1,<environment.Job instance at 0x7fd53cf09d20>,16,16,[3 5],17,78,94,61,73
1,<environment.Job instance at 0x7fd53cf0e280>,40,15,[10  3],41,94,109,53,80
1,<environment.Job instance at 0x7fd53cf0e5a0>,45,13,[6 5],46,109,122,63,93
1,<environment.Job instance at 0x7fd544340e60>,4,15,[1 9],5,5,20,0,5
1,<environment.Job instance at 0x7fd54447fb90>,3,16,[1 6],4,20,36,16,7
1,<environment.Job instance at 0x7fd544340dc0>,7,17,[9 3],8,20,37,12,8
1,<environment.Job instance at 0x7fd544480960>,12,2,[6 2],13,37,39,24,15
1,<environment.Job instance at 0x7fd544493820>,14,14,[2 5],15,37,51,22,22
1,<environment.Job instance at 0x7fd5444939b0>,18,1,[3 6],19,51,52,32,24
1,<environment.Job instance at 0x7fd5444930f0>,21,1,[2 6],22,52,53,30,32
1,<environment.Job instance at 0x7fd5444933c0>,20,2,[7 2],21,39,41,18,32
1,<environment.Job instance at 0x7fd54448de60>,30,15,[8 3],31,80,95,49,80
1,<environment.Job instance at 0x7fd54448d320>,32,13,[ 5 10],33,95,108,62,87
1,<environment.Job instance at 0x7fd5443415a0>,34,3,[5 6],35,108,111,73,87
1,<environment.Job instance at 0x7fd4f92e6c80>,4,3,[9 2],5,5,8,0,5
1,<environment.Job instance at 0x7fd544341c30>,3,14,[7 5],4,8,22,4,6
1,<environment.Job instance at 0x7fd4f92e1a00>,6,3,[2 8],7,22,25,15,7
1,<environment.Job instance at 0x7fd4f92e1460>,7,1,[2 8],8,25,26,17,8
1,<environment.Job instance at 0x7fd4f91e73c0>,10,3,[5 6],11,26,29,15,13
1,<environment.Job instance at 0x7fd4f91e76e0>,13,2,[5 6],14,29,31,15,23
1,<environment.Job instance at 0x7fd4f91e7a50>,15,2,[5 5],16,31,33,15,25
1,<environment.Job instance at 0x7fd4f91e7640>,17,3,[1 5],18,31,34,13,25
1,<environment.Job instance at 0x7fd4f91e7960>,14,16,[7 2],15,33,49,18,25
1,<environment.Job instance at 0x7fd4f91e7e10>,21,18,[2 8],22,34,52,12,29
1,<environment.Job instance at 0x7fd4f92e16e0>,5,14,[10  2],6,52,66,46,38
1,<environment.Job instance at 0x7fd4f9240960>,26,14,[10  1],27,66,80,39,52
1,<environment.Job instance at 0x7fd4f92409b0>,29,13,[6 3],30,80,93,50,64
1,<environment.Job instance at 0x7fd4f9240f50>,31,1,[8 3],32,93,94,61,66
1,<environment.Job instance at 0x7fd4f92cb190>,33,1,[ 4 10],34,94,95,60,67
1,<environment.Job instance at 0x7fd4f92cbd20>,34,3,[4 7],35,80,83,45,67
1,<environment.Job instance at 0x7fd4f92cbcd0>,37,3,[1 6],38,83,86,45,69
1,<environment.Job instance at 0x7fd4f92cbbe0>,39,2,[5 8],40,95,97,55,79
1,<environment.Job instance at 0x7fd4f92cb9b0>,41,2,[9 5],42,97,99,55,82
1,<environment.Job instance at 0x7fd4f92e69b0>,0,13,[10  5],1,99,112,98,83
1,<environment.Job instance at 0x7fd4f91fe9b0>,1,3,[4 5],2,2,5,0,2
1,<environment.Job instance at 0x7fd4f91fe960>,5,13,[6 4],6,6,19,0,6
1,<environment.Job instance at 0x7fd4f91fe910>,6,2,[5 5],7,19,21,12,7
1,<environment.Job instance at 0x7fd5443011e0>,10,1,[ 1 10],11,21,22,10,11
1,<environment.Job instance at 0x7fd54435bd70>,11,14,[8 2],12,22,36,10,12
1,<environment.Job instance at 0x7fd4f92ff870>,16,3,[ 5 10],17,36,39,19,17
1,<environment.Job instance at 0x7fd4f92ff820>,17,1,[8 5],18,39,40,21,18
1,<environment.Job instance at 0x7fd4f92ffbe0>,18,2,[2 6],19,22,24,3,19
1,<environment.Job instance at 0x7fd4f92ff690>,20,12,[9 2],21,40,52,19,24
1,<environment.Job instance at 0x7fd4f92ff5f0>,21,2,[1 7],22,24,26,2,24
1,<environment.Job instance at 0x7fd4f92ff3c0>,23,3,[2 5],24,30,33,6,30
1,<environment.Job instance at 0x7fd4f92f7140>,25,12,[2 6],26,52,64,26,35
1,<environment.Job instance at 0x7fd4f92ffe10>,24,12,[5 9],25,64,76,39,51
1,<environment.Job instance at 0x7fd4f919baf0>,32,3,[7 1],33,58,61,25,58
1,<environment.Job instance at 0x7fd53d06c0a0>,0,2,[10  2],1,6,8,5,6
1,<environment.Job instance at 0x7fd4f94d7370>,1,17,[2 6],2,25,42,23,25
1,<environment.Job instance at 0x7fd4f95f79b0>,11,3,[7 3],12,25,28,13,25
1,<environment.Job instance at 0x7fd4f95f7870>,9,17,[9 1],10,42,59,32,37
1,<environment.Job instance at 0x7fd4f95f7640>,21,12,[5 5],22,59,71,37,42
1,<environment.Job instance at 0x7fd4f95f75f0>,22,12,[5 5],23,59,71,36,42
1,<environment.Job instance at 0x7fd4f95f7c30>,15,13,[ 1 10],16,71,84,55,55
1,<environment.Job instance at 0x7fd4f95f74b0>,23,13,[4 9],24,84,97,60,68
1,<environment.Job instance at 0x7fd4f960df00>,37,2,[10  4],38,97,99,59,71
1,<environment.Job instance at 0x7fd4f960db90>,35,12,[ 1 10],36,99,111,63,83
1,<environment.Job instance at 0x7fd4f960df50>,39,14,[5 7],40,111,125,71,97
1,<environment.Job instance at 0x7fd541b31c80>,0,1,[6 3],1,3,4,2,3
1,<environment.Job instance at 0x7fd541b31aa0>,2,15,[5 1],3,5,20,2,5
1,<environment.Job instance at 0x7fd4f95f31e0>,4,12,[6 4],5,20,32,15,5
1,<environment.Job instance at 0x7fd541b319b0>,12,1,[2 9],13,14,15,1,14
1,<environment.Job instance at 0x7fd541b315a0>,10,12,[2 5],11,16,28,5,16
1,<environment.Job instance at 0x7fd541b31be0>,11,16,[6 5],12,32,48,20,19
1,<environment.Job instance at 0x7fd53d21fe10>,20,3,[1 7],21,48,51,27,22
1,<environment.Job instance at 0x7fd53d21fd70>,19,13,[5 9],20,51,64,31,36
1,<environment.Job instance at 0x7fd53d1c5460>,25,13,[10  4],26,64,77,38,48
1,<environment.Job instance at 0x7fd53d1c5640>,30,14,[6 4],31,77,91,46,62
1,<environment.Job instance at 0x7fd53d1c5cd0>,31,18,[3 6],32,77,95,45,69
1,<environment.Job instance at 0x7fd53cd89690>,38,16,[8 5],39,95,111,56,82
1,<environment.Job instance at 0x7fd53cd89640>,42,16,[9 2],43,111,127,68,98
1,<environment.Job instance at 0x7fd4f95b6c30>,6,12,[7 1],7,7,19,0,7
1,<environment.Job instance at 0x7fd53cee83c0>,0,3,[9 5],1,19,22,18,8
1,<environment.Job instance at 0x7fd53cdc04b0>,5,3,[8 5],6,22,25,16,9
1,<environment.Job instance at 0x7fd53cee8820>,2,13,[4 8],3,25,38,22,9
1,<environment.Job instance at 0x7fd5417bc0f0>,19,14,[3 7],20,38,52,18,23
1,<environment.Job instance at 0x7fd53d358730>,21,3,[5 5],22,52,55,30,27
1,<environment.Job instance at 0x7fd54160ceb0>,24,2,[10  3],25,55,57,30,30
1,<environment.Job instance at 0x7fd54160c3c0>,25,3,[5 5],26,52,55,26,30
1,<environment.Job instance at 0x7fd54193f280>,27,2,[7 2],28,38,40,10,30
1,<environment.Job instance at 0x7fd54193f690>,28,3,[10  4],29,57,60,28,31
1,<environment.Job instance at 0x7fd5419b3140>,32,14,[6 5],33,60,74,27,45
1,<environment.Job instance at 0x7fd5419b3c30>,37,13,[9 4],38,74,87,36,62
1,<environment.Job instance at 0x7fd5414e5500>,40,15,[4 5],41,87,102,46,74
1,<environment.Job instance at 0x7fd541a1fc30>,43,17,[8 5],44,102,119,58,90
1,<environment.Job instance at 0x7fd5419a6780>,0,1,[5 9],1,2,3,1,2
1,<environment.Job instance at 0x7fd5416b1a00>,2,3,[5 2],3,8,11,5,8
1,<environment.Job instance at 0x7fd4f94ccb40>,6,17,[5 5],7,10,27,3,10
1,<environment.Job instance at 0x7fd4f94cc9b0>,5,12,[5 6],6,27,39,21,12
1,<environment.Job instance at 0x7fd4f9359320>,4,18,[4 7],5,39,57,34,28
1,<environment.Job instance at 0x7fd4f94ae5a0>,17,3,[6 4],18,57,60,39,31
1,<environment.Job instance at 0x7fd4f94aea50>,21,2,[2 6],22,57,59,35,50
1,<environment.Job instance at 0x7fd4f94aeaf0>,22,3,[9 1],23,60,63,37,50
1,<environment.Job instance at 0x7fd4f94aeaa0>,24,17,[6 5],25,77,94,52,77
1,<environment.Job instance at 0x7fd4f94ae820>,27,16,[ 5 10],28,94,110,66,86
1,<environment.Job instance at 0x7fd4f94ae8c0>,28,1,[6 1],29,110,111,81,86
1,<environment.Job instance at 0x7fd5415e83c0>,0,2,[2 7],1,4,6,3,4
1,<environment.Job instance at 0x7fd4f939a550>,8,2,[7 3],9,9,11,0,9
1,<environment.Job instance at 0x7fd5415e2550>,7,16,[1 5],8,11,27,3,11
1,<environment.Job instance at 0x7fd5415e2820>,10,13,[9 3],11,13,26,2,13
1,<environment.Job instance at 0x7fd4f95cb050>,13,13,[6 5],14,26,39,12,14
1,<environment.Job instance at 0x7fd4f95cb280>,14,13,[5 4],15,39,52,24,24
1,<environment.Job instance at 0x7fd4f94aef00>,4,17,[3 6],5,39,56,34,32
1,<environment.Job instance at 0x7fd4f909ed20>,23,17,[6 4],24,52,69,28,40
1,<environment.Job instance at 0x7fd4f978bc30>,25,16,[1 6],26,56,72,30,50
1,<environment.Job instance at 0x7fd4f90ad190>,28,14,[5 4],29,69,83,40,57
1,<environment.Job instance at 0x7fd53cda02d0>,33,12,[4 9],34,83,95,49,68
1,<environment.Job instance at 0x7fd4f94bb7d0>,35,3,[1 6],36,72,75,36,68
1,<environment.Job instance at 0x7fd53d15f370>,37,1,[5 7],38,95,96,57,68
1,<environment.Job instance at 0x7fd4f96cb0a0>,31,18,[9 3],32,96,114,64,85
1,<environment.Job instance at 0x7fd54448ce60>,6,13,[3 7],7,9,22,2,9
1,<environment.Job instance at 0x7fd4f95b9870>,9,3,[10  2],10,22,25,12,10
1,<environment.Job instance at 0x7fd5415ed0f0>,8,16,[1 6],9,25,41,16,14
1,<environment.Job instance at 0x7fd544244190>,12,3,[10  5],13,41,44,28,16
1,<environment.Job instance at 0x7fd544257e10>,14,14,[10  4],15,44,58,29,31
1,<environment.Job instance at 0x7fd541a269b0>,15,12,[ 3 10],16,58,70,42,41
1,<environment.Job instance at 0x7fd541880af0>,20,16,[9 2],21,70,86,49,59
1,<environment.Job instance at 0x7fd53d2e20a0>,21,2,[5 5],22,86,88,64,59
1,<environment.Job instance at 0x7fd53cea3730>,23,2,[8 4],24,88,90,64,70
1,<environment.Job instance at 0x7fd53cef75a0>,25,12,[5 9],26,90,102,64,73
1,<environment.Job instance at 0x7fd541829f00>,27,17,[8 2],28,102,119,74,91
1,<environment.Job instance at 0x7fd541808a50>,1,2,[6 2],2,8,10,6,8
1,<environment.Job instance at 0x7fd53cdbdc80>,2,14,[9 3],3,10,24,7,9
1,<environment.Job instance at 0x7fd5419cf690>,9,14,[3 8],10,24,38,14,12
1,<environment.Job instance at 0x7fd5419cf5f0>,10,12,[5 9],11,38,50,27,25
1,<environment.Job instance at 0x7fd5419cf7d0>,11,18,[5 9],12,50,68,38,39
1,<environment.Job instance at 0x7fd5419cfa00>,20,17,[8 4],21,68,85,47,56
1,<environment.Job instance at 0x7fd5419e6820>,27,1,[2 6],28,68,69,40,58
1,<environment.Job instance at 0x7fd5419e6050>,21,14,[ 5 10],22,85,99,63,73
1,<environment.Job instance at 0x7fd5419e65f0>,32,1,[5 2],33,99,100,66,82
1,<environment.Job instance at 0x7fd5419e6d20>,35,3,[ 3 10],36,100,103,64,88
1,<environment.Job instance at 0x7fd5419e69b0>,33,17,[6 4],34,103,120,69,91
1,<environment.Job instance at 0x7fd5419e6dc0>,37,14,[2 6],38,103,117,65,91
1,<environment.Job instance at 0x7fd5419fb280>,40,2,[8 5],41,120,122,79,93
1,<environment.Job instance at 0x7fd54179e550>,4,17,[3 7],5,7,24,2,7
1,<environment.Job instance at 0x7fd54179ecd0>,5,3,[10  2],6,24,27,18,9
1,<environment.Job instance at 0x7fd54179e3c0>,7,2,[9 1],8,27,29,19,12
1,<environment.Job instance at 0x7fd53cf42c80>,12,1,[3 9],13,29,30,16,13
1,<environment.Job instance at 0x7fd53cf42b90>,10,18,[5 5],11,30,48,19,20
1,<environment.Job instance at 0x7fd53cf42050>,13,18,[5 2],14,30,48,16,26
1,<environment.Job instance at 0x7fd53cf425f0>,17,3,[9 4],18,48,51,30,26
1,<environment.Job instance at 0x7fd53cf42aa0>,18,3,[6 3],19,51,54,32,26
1,<environment.Job instance at 0x7fd53cf42d70>,16,12,[8 3],17,54,66,37,38
1,<environment.Job instance at 0x7fd541702780>,27,3,[8 3],28,66,69,38,40
1,<environment.Job instance at 0x7fd53ceeca00>,34,14,[5 9],35,69,83,34,55
1,<environment.Job instance at 0x7fd5414c14b0>,42,17,[5 1],43,69,86,26,67
1,<environment.Job instance at 0x7fd53d2b4a50>,45,12,[8 3],46,86,98,40,69
1,<environment.Job instance at 0x7fd53d2b42d0>,47,17,[5 5],48,98,115,50,86
1,<environment.Job instance at 0x7fd53cd54370>,2,3,[6 1],3,3,6,0,3
1,<environment.Job instance at 0x7fd5419b25a0>,7,2,[3 8],8,8,10,0,8
1,<environment.Job instance at 0x7fd5419b2dc0>,11,3,[1 8],12,12,15,0,12
1,<environment.Job instance at 0x7fd5419b2b40>,12,26,[1 5],13,15,41,2,13
1,<environment.Job instance at 0x7fd53cd54960>,1,2,[7 1],2,14,16,12,14
1,<environment.Job instance at 0x7fd53cd548c0>,9,17,[9 1],10,16,33,6,16
1,<environment.Job instance at 0x7fd5419b2550>,16,1,[9 3],17,33,34,16,17
1,<environment.Job instance at 0x7fd5419b2a00>,17,12,[9 2],18,34,46,16,18
1,<environment.Job instance at 0x7fd5418f3730>,18,3,[5 8],19,46,49,27,20
1,<environment.Job instance at 0x7fd5418f3410>,19,2,[3 9],20,49,51,29,23
1,<environment.Job instance at 0x7fd5418f33c0>,24,15,[4 7],25,51,66,26,37
1,<environment.Job instance at 0x7fd5418f3960>,28,2,[5 7],29,66,68,37,40
1,<environment.Job instance at 0x7fd5419b21e0>,10,16,[4 8],11,68,84,57,55
1,<environment.Job instance at 0x7fd53ce3a410>,32,15,[1 6],33,84,99,51,70
1,<environment.Job instance at 0x7fd53ce3aaa0>,35,12,[5 2],36,72,84,36,72
1,<environment.Job instance at 0x7fd53d376230>,36,18,[7 1],37,84,102,47,73
1,<environment.Job instance at 0x7fd53d376550>,40,1,[3 5],41,99,100,58,82
1,<environment.Job instance at 0x7fd53d376410>,42,13,[1 9],43,100,113,57,84
1,<environment.Job instance at 0x7fd53d376af0>,44,14,[2 7],45,113,127,68,98
1,<environment.Job instance at 0x7fd541628aa0>,48,16,[5 1],49,102,118,53,99
1,<environment.Job instance at 0x7fd5416285a0>,7,2,[2 6],8,8,10,0,8
1,<environment.Job instance at 0x7fd53d28d4b0>,9,3,[7 2],10,11,14,1,11
1,<environment.Job instance at 0x7fd541628a50>,4,16,[7 3],5,31,47,26,31
1,<environment.Job instance at 0x7fd541700f50>,16,3,[10  1],17,47,50,30,33
1,<environment.Job instance at 0x7fd541700b40>,17,15,[7 2],18,50,65,32,43
1,<environment.Job instance at 0x7fd541700a50>,18,1,[5 1],19,65,66,46,43
1,<environment.Job instance at 0x7fd53d323780>,2,16,[9 3],3,66,82,63,54
1,<environment.Job instance at 0x7fd541711050>,24,3,[1 6],25,55,58,30,55
1,<environment.Job instance at 0x7fd53d29caf0>,26,1,[7 1],27,82,83,55,55
1,<environment.Job instance at 0x7fd4f9242a50>,28,18,[8 3],29,83,101,54,72
1,<environment.Job instance at 0x7fd541b9f1e0>,1,2,[1 8],2,2,4,0,2
1,<environment.Job instance at 0x7fd4f979e0a0>,9,2,[2 5],10,10,12,0,10
1,<environment.Job instance at 0x7fd53d1297d0>,10,3,[7 5],11,11,14,0,11
1,<environment.Job instance at 0x7fd53d129370>,11,2,[5 4],12,14,16,2,12
1,<environment.Job instance at 0x7fd53d38f280>,2,18,[5 6],3,14,32,11,13
1,<environment.Job instance at 0x7fd4f981ed70>,14,13,[9 1],15,32,45,17,16
1,<environment.Job instance at 0x7fd53ce17140>,16,3,[1 8],17,32,35,15,17
1,<environment.Job instance at 0x7fd53ce40280>,17,3,[6 1],18,45,48,27,19
1,<environment.Job instance at 0x7fd53ce17280>,20,14,[ 3 10],21,48,62,27,34
1,<environment.Job instance at 0x7fd53cea2a50>,23,14,[9 2],24,62,76,38,47
1,<environment.Job instance at 0x7fd4f9144e10>,29,15,[4 9],30,76,91,46,62
1,<environment.Job instance at 0x7fd5414572d0>,35,16,[8 5],36,91,107,55,78
1,<environment.Job instance at 0x7fd4f9144b40>,36,13,[4 5],37,107,120,70,91
1,<environment.Job instance at 0x7fd53ce9a8c0>,47,13,[5 5],48,107,120,59,97
1,<environment.Job instance at 0x7fd4f8f0cf50>,7,1,[6 4],8,22,23,14,22
1,<environment.Job instance at 0x7fd4f8f0cd70>,9,14,[3 5],10,22,36,12,22
1,<environment.Job instance at 0x7fd4f8f0c0f0>,15,14,[2 9],16,36,50,20,22
1,<environment.Job instance at 0x7fd4f8f0c870>,18,2,[6 4],19,25,27,6,25
1,<environment.Job instance at 0x7fd4f8f0c190>,21,1,[5 1],22,38,39,16,38
1,<environment.Job instance at 0x7fd4f8ee7820>,22,2,[5 7],23,50,52,27,38
1,<environment.Job instance at 0x7fd4f8ee7190>,23,1,[5 6],24,52,53,28,38
1,<environment.Job instance at 0x7fd4f8ee7280>,25,14,[10  1],26,53,67,27,41
1,<environment.Job instance at 0x7fd4f987eeb0>,29,17,[8 4],30,67,84,37,55
1,<environment.Job instance at 0x7fd4f987e9b0>,31,16,[2 6],32,67,83,35,60
1,<environment.Job instance at 0x7fd4f8f0cb40>,14,17,[9 5],15,84,101,69,72
1,<environment.Job instance at 0x7fd4f987efa0>,37,3,[4 9],38,101,104,63,82
1,<environment.Job instance at 0x7fd4f8ef2460>,38,14,[1 6],39,104,118,65,89
1,<environment.Job instance at 0x7fd53cf1a960>,6,3,[1 8],7,18,21,11,18
1,<environment.Job instance at 0x7fd541947be0>,4,1,[7 5],5,21,22,16,18
1,<environment.Job instance at 0x7fd53cf1a050>,11,17,[6 5],12,22,39,10,18
1,<environment.Job instance at 0x7fd53cef8460>,22,2,[2 8],23,39,41,16,23
1,<environment.Job instance at 0x7fd53cef8c80>,27,2,[9 3],28,41,43,13,34
1,<environment.Job instance at 0x7fd53cf05410>,16,16,[3 6],17,43,59,26,34
1,<environment.Job instance at 0x7fd53cef8d70>,30,3,[8 4],31,59,62,28,34
1,<environment.Job instance at 0x7fd53cef8e60>,29,12,[9 3],30,62,74,32,46
1,<environment.Job instance at 0x7fd4f982ffa0>,40,13,[8 3],41,74,87,33,63
1,<environment.Job instance at 0x7fd53cf1ac80>,5,17,[ 4 10],6,87,104,81,77
1,<environment.Job instance at 0x7fd4f983b1e0>,49,15,[6 1],50,104,119,54,91
1,<environment.Job instance at 0x7fd4f983bd20>,50,17,[2 8],51,104,121,53,92
1,<environment.Job instance at 0x7fd4f8eebd70>,2,1,[9 4],3,3,4,0,3
1,<environment.Job instance at 0x7fd4f983be60>,5,2,[1 8],6,10,12,4,10
1,<environment.Job instance at 0x7fd53ce8beb0>,6,18,[3 5],7,14,32,7,14
1,<environment.Job instance at 0x7fd4f930af50>,13,2,[9 4],14,32,34,18,15
1,<environment.Job instance at 0x7fd4f9361e60>,15,2,[ 5 10],16,34,36,18,16
1,<environment.Job instance at 0x7fd53ce8b0a0>,7,14,[8 3],8,36,50,28,25
1,<environment.Job instance at 0x7fd4f9013e10>,19,3,[ 4 10],20,50,53,30,26
1,<environment.Job instance at 0x7fd4f9013c80>,20,14,[5 5],21,53,67,32,38
1,<environment.Job instance at 0x7fd4f9013140>,16,14,[3 9],17,67,81,50,53
1,<environment.Job instance at 0x7fd4f96cec80>,30,12,[3 8],31,81,93,50,64
1,<environment.Job instance at 0x7fd4f9013a00>,18,13,[5 9],19,93,106,74,78
1,<environment.Job instance at 0x7fd5416b9640>,37,16,[2 6],38,106,122,68,96
1,<environment.Job instance at 0x7fd5416b98c0>,39,15,[5 3],40,106,121,66,98
1,<environment.Job instance at 0x7fd4f9398b90>,3,1,[9 3],4,4,5,0,4
1,<environment.Job instance at 0x7fd4f9392050>,8,3,[6 2],9,15,18,6,15
1,<environment.Job instance at 0x7fd4f9392280>,10,16,[5 4],11,18,34,7,15
1,<environment.Job instance at 0x7fd4f93928c0>,15,3,[8 5],16,34,37,18,16
1,<environment.Job instance at 0x7fd4f9392e10>,9,18,[5 5],10,37,55,27,26
1,<environment.Job instance at 0x7fd53d2504b0>,20,14,[7 4],21,55,69,34,40
1,<environment.Job instance at 0x7fd53d2509b0>,28,2,[10  1],29,69,71,40,48
1,<environment.Job instance at 0x7fd53d250780>,29,13,[6 1],30,71,84,41,55
1,<environment.Job instance at 0x7fd53d250d20>,31,17,[6 1],32,84,101,52,72
1,<environment.Job instance at 0x7fd53d250050>,33,15,[5 8],34,101,116,67,87
1,<environment.Job instance at 0x7fd541a01320>,3,13,[7 3],4,4,17,0,4
1,<environment.Job instance at 0x7fd541a012d0>,4,3,[2 5],5,6,9,1,6
1,<environment.Job instance at 0x7fd5419fa8c0>,7,3,[3 5],8,9,12,1,8
1,<environment.Job instance at 0x7fd5419facd0>,8,3,[6 4],9,17,20,8,9
1,<environment.Job instance at 0x7fd541a01910>,2,15,[4 9],3,20,35,17,10
1,<environment.Job instance at 0x7fd5419fa960>,10,3,[ 5 10],11,35,38,24,11
1,<environment.Job instance at 0x7fd4f922b0a0>,17,2,[10  5],18,38,40,20,18
1,<environment.Job instance at 0x7fd4f922b3c0>,18,3,[10  4],19,40,43,21,19
1,<environment.Job instance at 0x7fd541a01820>,6,15,[6 4],7,43,58,36,29
1,<environment.Job instance at 0x7fd4f922b2d0>,21,12,[4 6],22,43,55,21,29
1,<environment.Job instance at 0x7fd4f922b230>,25,1,[1 5],26,55,56,29,31
1,<environment.Job instance at 0x7fd4f922b410>,27,18,[3 8],28,58,76,30,47
1,<environment.Job instance at 0x7fd53cc81050>,33,17,[7 2],34,59,76,25,59
1,<environment.Job instance at 0x7fd53cc81690>,37,18,[1 8],38,76,94,38,65
1,<environment.Job instance at 0x7fd53cc81190>,38,2,[6 2],39,76,78,37,65
1,<environment.Job instance at 0x7fd53cc81be0>,41,3,[10  5],42,94,97,52,78
1,<environment.Job instance at 0x7fd53cc81820>,42,18,[1 6],43,97,115,54,86
1,<environment.Job instance at 0x7fd541a2d230>,45,16,[7 4],46,97,113,51,89
1,<environment.Job instance at 0x7fd53ce914b0>,47,3,[8 5],48,115,118,67,96
1,<environment.Job instance at 0x7fe845f4f190>,2,22,[4 8],3,3,25,0,3
1,<environment.Job instance at 0x7fe83eb3f730>,8,13,[5 5],9,25,38,16,10
1,<environment.Job instance at 0x7fe83eb3f9b0>,11,15,[4 8],12,38,53,26,24
1,<environment.Job instance at 0x7fe83eb3fcd0>,15,18,[2 8],16,53,71,37,43
1,<environment.Job instance at 0x7fe83eb40b40>,29,12,[5 4],30,71,83,41,54
1,<environment.Job instance at 0x7fe83eb40be0>,30,14,[5 2],31,55,69,24,55
1,<environment.Job instance at 0x7fe83eb40dc0>,33,14,[5 5],34,71,85,37,56
1,<environment.Job instance at 0x7fe845f4f1e0>,0,13,[9 3],1,85,98,84,73
1,<environment.Job instance at 0x7fe83eb40500>,24,18,[2 6],25,98,116,73,87
1,<environment.Job instance at 0x7fe83eb44730>,45,13,[6 5],46,116,129,70,101
1,<environment.Job instance at 0x7fe83eb44960>,47,2,[6 5],48,129,131,81,109
1,<environment.Job instance at 0x7fe8460b60a0>,2,2,[6 2],3,3,5,0,3
1,<environment.Job instance at 0x7fe8460b6640>,4,14,[2 5],5,6,20,1,6
1,<environment.Job instance at 0x7fe8460c9870>,7,1,[1 5],8,9,10,1,9
1,<environment.Job instance at 0x7fe8460c9fa0>,8,1,[3 6],9,20,21,11,9
1,<environment.Job instance at 0x7fe8460c98c0>,11,1,[2 6],12,21,22,9,12
1,<environment.Job instance at 0x7fe8460c92d0>,10,2,[7 2],11,14,16,3,14
1,<environment.Job instance at 0x7fe8460b6c80>,3,15,[6 1],4,19,34,15,19
1,<environment.Job instance at 0x7fe8460c9e10>,14,1,[8 4],15,34,35,19,19
1,<environment.Job instance at 0x7fe8460c0c80>,19,2,[1 8],20,35,37,15,34
1,<environment.Job instance at 0x7fe8460c0280>,21,1,[3 9],22,56,57,34,56
1,<environment.Job instance at 0x7fe8460c0d20>,25,14,[ 2 10],26,82,96,56,82
1,<environment.Job instance at 0x7fe8460c0a50>,23,16,[ 3 10],24,96,112,72,88
1,<environment.Job instance at 0x7fe8460babe0>,32,3,[4 7],33,112,115,79,88
1,<environment.Job instance at 0x7fe7faebbb40>,5,1,[3 8],6,6,7,0,6
1,<environment.Job instance at 0x7fe7faebb190>,0,18,[4 5],1,7,25,6,7
1,<environment.Job instance at 0x7fe7fadef410>,9,13,[6 3],10,11,24,1,11
1,<environment.Job instance at 0x7fe7fadef5a0>,10,13,[7 4],11,25,38,14,13
1,<environment.Job instance at 0x7fe7fadefa50>,18,18,[6 3],19,38,56,19,27
1,<environment.Job instance at 0x7fe7faebb460>,6,14,[10  1],7,56,70,49,48
1,<environment.Job instance at 0x7fe7fadefbe0>,21,2,[9 5],22,70,72,48,48
1,<environment.Job instance at 0x7fe7fae53cd0>,27,2,[4 5],28,72,74,44,60
1,<environment.Job instance at 0x7fe7fae53960>,26,16,[7 4],27,74,90,47,62
1,<environment.Job instance at 0x7fe7fae535f0>,33,12,[9 1],34,90,102,56,80
1,<environment.Job instance at 0x7fe7fae537d0>,28,18,[4 6],29,102,120,73,92
1,<environment.Job instance at 0x7fe7fadf20f0>,44,12,[7 2],45,120,132,75,103
1,<environment.Job instance at 0x7fe7fadf2370>,46,3,[8 4],47,132,135,85,108
1,<environment.Job instance at 0x7fe7fb2b6910>,8,1,[2 9],9,44,45,35,44
1,<environment.Job instance at 0x7fe7fb2d7280>,9,13,[4 6],10,45,58,35,44
1,<environment.Job instance at 0x7fe7fb2d7d70>,10,15,[7 1],11,58,73,47,44
1,<environment.Job instance at 0x7fe7fb2d7140>,13,3,[3 5],14,58,61,44,44
1,<environment.Job instance at 0x7fe7fb2d7190>,12,13,[1 6],13,61,74,48,47
1,<environment.Job instance at 0x7fe7fb2d78c0>,16,1,[2 6],17,74,75,57,47
1,<environment.Job instance at 0x7fe7fb2d72d0>,19,16,[5 4],20,73,89,53,60
1,<environment.Job instance at 0x7fe7fadc6960>,24,18,[3 6],25,75,93,50,64
1,<environment.Job instance at 0x7fe7fb2d7410>,11,17,[10  3],12,93,110,81,81
1,<environment.Job instance at 0x7fe7fadc6190>,32,12,[3 8],33,110,122,77,94
1,<environment.Job instance at 0x7fe7fadc63c0>,33,3,[4 8],34,122,125,88,96
1,<environment.Job instance at 0x7fe7fadc65a0>,35,3,[3 8],36,125,128,89,104
1,<environment.Job instance at 0x7fe7fadc64b0>,3,14,[2 7],4,4,18,0,4
1,<environment.Job instance at 0x7fe7fb22cfa0>,7,3,[3 5],8,18,21,10,10
1,<environment.Job instance at 0x7fe7fb22c0f0>,10,1,[5 1],11,11,12,0,11
1,<environment.Job instance at 0x7fe7fb22c2d0>,8,15,[8 5],9,21,36,12,14
1,<environment.Job instance at 0x7fe7fb239320>,14,3,[6 1],15,36,39,21,19
1,<environment.Job instance at 0x7fe7fb2395f0>,18,17,[7 4],19,39,56,20,30
1,<environment.Job instance at 0x7fe83eb78e10>,0,18,[4 7],1,56,74,55,45
1,<environment.Job instance at 0x7fe7fb239730>,20,12,[8 5],21,74,86,53,64
1,<environment.Job instance at 0x7fe7fb239960>,22,18,[6 3],23,86,104,63,77
1,<environment.Job instance at 0x7fe7fb239a00>,23,2,[9 1],24,104,106,80,77
1,<environment.Job instance at 0x7fe7fafa06e0>,3,2,[5 6],4,4,6,0,4
1,<environment.Job instance at 0x7fe7fafa04b0>,4,2,[2 5],5,6,8,1,5
1,<environment.Job instance at 0x7fe7fafa0cd0>,6,3,[8 2],7,9,12,2,9
1,<environment.Job instance at 0x7fe7fafa0960>,8,20,[6 2],9,12,32,3,11
1,<environment.Job instance at 0x7fe845f723c0>,11,1,[8 5],12,32,33,20,12
1,<environment.Job instance at 0x7fe845f725f0>,13,2,[5 5],14,33,35,19,14
1,<environment.Job instance at 0x7fe845f72be0>,14,12,[4 6],15,15,27,0,15
1,<environment.Job instance at 0x7fe845f72dc0>,15,17,[7 1],16,35,52,19,23
1,<environment.Job instance at 0x7fe845f72eb0>,12,15,[1 6],13,35,50,22,23
1,<environment.Job instance at 0x7fe845f72730>,17,18,[1 7],18,50,68,32,39
1,<environment.Job instance at 0x7fe83f817190>,24,12,[8 4],25,68,80,43,51
1,<environment.Job instance at 0x7fe83f8175f0>,27,14,[6 2],28,80,94,52,65
1,<environment.Job instance at 0x7fe83e9895a0>,30,12,[8 1],31,94,106,63,77
1,<environment.Job instance at 0x7fe83e9898c0>,34,12,[6 5],35,106,118,71,94
1,<environment.Job instance at 0x7fe7fb313aa0>,3,16,[6 5],4,6,22,2,6
1,<environment.Job instance at 0x7fe83f161690>,9,15,[6 3],10,22,37,12,10
1,<environment.Job instance at 0x7fe83ee850a0>,13,12,[6 2],14,37,49,23,23
1,<environment.Job instance at 0x7fe7fb4161e0>,19,13,[3 6],20,31,44,11,31
1,<environment.Job instance at 0x7fe83ee60f50>,21,14,[4 6],22,44,58,22,31
1,<environment.Job instance at 0x7fe7fb0895f0>,14,17,[9 5],15,58,75,43,48
1,<environment.Job instance at 0x7fe83ee60b40>,30,3,[2 7],31,75,78,44,50
1,<environment.Job instance at 0x7fe83f037690>,2,18,[5 9],3,78,96,75,67
1,<environment.Job instance at 0x7fe83ebc4960>,18,14,[9 4],19,96,110,77,82
1,<environment.Job instance at 0x7fe83f66e500>,35,18,[10  3],36,110,128,74,100
1,<environment.Job instance at 0x7fe83f684190>,6,12,[6 3],7,7,19,0,7
1,<environment.Job instance at 0x7fe83f6843c0>,7,15,[ 5 10],8,19,34,11,11
1,<environment.Job instance at 0x7fe83f684690>,10,1,[4 8],11,34,35,23,12
1,<environment.Job instance at 0x7fe83f684820>,12,3,[5 2],13,34,37,21,13
1,<environment.Job instance at 0x7fe83f684a00>,14,15,[ 2 10],15,37,52,22,23
1,<environment.Job instance at 0x7fe83f684b40>,16,18,[9 4],17,52,70,35,41
1,<environment.Job instance at 0x7fe83f684fa0>,22,18,[5 1],23,70,88,47,59
1,<environment.Job instance at 0x7fe83f684e60>,21,13,[2 8],22,71,84,49,71
1,<environment.Job instance at 0x7fe83f681550>,26,18,[4 6],27,84,102,57,74
1,<environment.Job instance at 0x7fe83f6810a0>,25,17,[7 4],26,102,119,76,90
1,<environment.Job instance at 0x7fe83f681910>,34,17,[3 6],35,102,119,67,91
1,<environment.Job instance at 0x7fe83f681f50>,41,16,[2 7],42,119,135,77,106
1,<environment.Job instance at 0x7fe83f008410>,5,13,[4 7],6,6,19,0,6
1,<environment.Job instance at 0x7fe83f008eb0>,9,1,[9 4],10,19,20,9,10
1,<environment.Job instance at 0x7fe83f008c30>,7,15,[6 1],8,20,35,12,16
1,<environment.Job instance at 0x7fe83ea28d70>,12,2,[5 6],13,35,37,22,16
1,<environment.Job instance at 0x7fe83ea28af0>,11,3,[3 7],12,20,23,8,16
1,<environment.Job instance at 0x7fe83f008d70>,13,3,[10  1],14,37,40,23,16
1,<environment.Job instance at 0x7fe7fb359e60>,15,2,[10  5],16,40,42,24,16
1,<environment.Job instance at 0x7fe7fb3c4910>,16,2,[6 4],17,42,44,25,17
1,<environment.Job instance at 0x7fe83eaf58c0>,18,3,[2 7],19,23,26,4,20
1,<environment.Job instance at 0x7fe83f21b8c0>,19,2,[10  2],20,44,46,24,20
1,<environment.Job instance at 0x7fe83f6680a0>,20,1,[8 1],21,46,47,25,22
1,<environment.Job instance at 0x7fe83f3fa320>,21,18,[3 7],22,47,65,25,36
1,<environment.Job instance at 0x7fe83f2b10a0>,26,13,[3 7],27,65,78,38,50
1,<environment.Job instance at 0x7fe83f288e60>,28,16,[1 6],29,78,94,49,65
1,<environment.Job instance at 0x7fe83f008500>,8,18,[5 8],9,94,112,85,83
1,<environment.Job instance at 0x7fe7fb3528c0>,34,14,[10  4],35,112,126,77,101
1,<environment.Job instance at 0x7fe7fb3528c0>,3,13,[3 7],4,4,17,0,4
1,<environment.Job instance at 0x7fe83f286960>,5,1,[5 2],6,6,7,0,6
1,<environment.Job instance at 0x7fe7fb4412d0>,6,3,[8 3],7,17,20,10,7
1,<environment.Job instance at 0x7fe83f2867d0>,4,15,[6 4],5,20,35,15,8
1,<environment.Job instance at 0x7fe7fb441960>,9,2,[3 7],10,35,37,25,10
1,<environment.Job instance at 0x7fe83ec40370>,10,2,[9 1],11,37,39,26,11
1,<environment.Job instance at 0x7fe83ec40af0>,11,2,[6 2],12,12,14,0,12
1,<environment.Job instance at 0x7fe7fac8e640>,13,2,[2 7],14,17,19,3,15
1,<environment.Job instance at 0x7fe83ec40820>,14,1,[9 2],15,39,40,24,16
1,<environment.Job instance at 0x7fe7fb2c1190>,15,3,[9 1],16,40,43,24,17
1,<environment.Job instance at 0x7fe7fb2c1d20>,20,12,[5 9],21,43,55,22,26
1,<environment.Job instance at 0x7fe83e9a75f0>,26,12,[7 5],27,55,67,28,40
1,<environment.Job instance at 0x7fe83eb235f0>,28,14,[6 3],29,67,81,38,52
1,<environment.Job instance at 0x7fe7fb3522d0>,2,16,[1 7],3,70,86,67,70
1,<environment.Job instance at 0x7fe83e9d6af0>,31,14,[ 5 10],32,86,100,54,71
1,<environment.Job instance at 0x7fe83e94a2d0>,37,1,[2 6],38,100,101,62,83
1,<environment.Job instance at 0x7fe83f813730>,16,16,[4 9],17,101,117,84,88
1,<environment.Job instance at 0x7fe83ebf9be0>,33,13,[8 3],34,117,130,83,103
1,<environment.Job instance at 0x7fe7fb1fde60>,3,14,[4 8],4,5,19,1,5
1,<environment.Job instance at 0x7fe7fb1fd6e0>,2,2,[1 5],3,19,21,16,5
1,<environment.Job instance at 0x7fe83ebf9be0>,5,3,[10  2],6,21,24,15,6
1,<environment.Job instance at 0x7fe83eb44640>,1,14,[6 1],2,24,38,22,12
1,<environment.Job instance at 0x7fe7fb4f4280>,9,18,[2 9],10,24,42,14,15
1,<environment.Job instance at 0x7fe7fb4ea2d0>,16,12,[8 3],17,42,54,25,26
1,<environment.Job instance at 0x7fe7fb4ea690>,22,3,[5 8],23,54,57,31,28
1,<environment.Job instance at 0x7fe7fb4f4aa0>,13,18,[5 2],14,54,72,40,44
1,<environment.Job instance at 0x7fe7fb1fd870>,4,17,[3 7],5,57,74,52,45
1,<environment.Job instance at 0x7fe7fb4ce230>,33,3,[9 5],34,74,77,40,54
1,<environment.Job instance at 0x7fe7fb4ce370>,35,14,[6 3],36,77,91,41,62
1,<environment.Job instance at 0x7fe7fb4ce5f0>,39,2,[4 5],40,77,79,37,64
1,<environment.Job instance at 0x7fe7fb4ce730>,41,14,[1 5],42,79,93,37,65
1,<environment.Job instance at 0x7fe7fb4ce7d0>,42,17,[5 1],43,91,108,48,79
1,<environment.Job instance at 0x7fe7fb4ce2d0>,34,14,[5 9],35,93,107,58,83
1,<environment.Job instance at 0x7fe7fb4ce190>,32,18,[9 2],33,108,126,75,98
1,<environment.Job instance at 0x7fe7fb4d02d0>,4,15,[5 3],5,5,20,0,5
1,<environment.Job instance at 0x7fe83f812dc0>,6,1,[9 3],7,20,21,13,7
1,<environment.Job instance at 0x7fe83e8f2910>,7,12,[9 2],8,21,33,13,8
1,<environment.Job instance at 0x7fe83e8f2230>,8,3,[5 8],9,33,36,24,9
1,<environment.Job instance at 0x7fe7fad1d280>,9,2,[3 9],10,36,38,26,10
1,<environment.Job instance at 0x7fe7fb278a50>,16,3,[2 5],17,17,20,0,17
1,<environment.Job instance at 0x7fe7fb2781e0>,20,12,[ 5 10],21,38,50,17,24
1,<environment.Job instance at 0x7fe7fb278910>,22,15,[1 6],23,50,65,27,37
1,<environment.Job instance at 0x7fe83eda4c80>,24,13,[1 9],25,65,78,40,50
1,<environment.Job instance at 0x7fe83eda4820>,25,12,[5 2],26,50,62,24,50
1,<environment.Job instance at 0x7fe83eda4d20>,27,3,[7 5],28,78,81,50,52
1,<environment.Job instance at 0x7fe83eda4cd0>,28,2,[5 3],29,62,64,33,52
1,<environment.Job instance at 0x7fe7fb2b12d0>,30,1,[3 5],31,78,79,47,68
1,<environment.Job instance at 0x7fe7fb4cee10>,0,16,[4 8],1,81,97,80,68
1,<environment.Job instance at 0x7fe83efa57d0>,33,3,[9 4],34,97,100,63,71
1,<environment.Job instance at 0x7fe7fb2b1910>,32,13,[1 9],33,100,113,67,84
1,<environment.Job instance at 0x7fe8460bb730>,38,16,[5 1],39,100,116,61,87
1,<environment.Job instance at 0x7fe83f2a6c80>,34,14,[2 7],35,113,127,78,100
1,<environment.Job instance at 0x7fe7fb434b40>,42,14,[6 3],43,116,130,73,105
1,<environment.Job instance at 0x7fe83ecf7f50>,3,3,[6 1],4,8,11,4,8
1,<environment.Job instance at 0x7fe83eaf7aa0>,8,18,[8 3],9,11,29,2,9
1,<environment.Job instance at 0x7fe83eaf7870>,5,16,[2 7],6,11,27,5,11
1,<environment.Job instance at 0x7fe83eaf7780>,12,15,[ 2 10],13,35,50,22,35
1,<environment.Job instance at 0x7fe7fb156230>,13,18,[6 3],14,50,68,36,40
1,<environment.Job instance at 0x7fe7fb156b90>,17,18,[6 4],18,68,86,50,58
1,<environment.Job instance at 0x7fe7fb1565f0>,23,12,[4 8],24,86,98,62,69
1,<environment.Job instance at 0x7fe7fb156550>,14,17,[10  3],15,98,115,83,96
1,<environment.Job instance at 0x7fe83e93f0f0>,35,13,[3 7],36,115,128,79,103
1,<environment.Job instance at 0x7fe83e93fc30>,4,1,[9 1],5,6,7,1,6
1,<environment.Job instance at 0x7fe7fb3ab7d0>,7,2,[9 2],8,8,10,0,8
1,<environment.Job instance at 0x7fe83f3dc0a0>,8,1,[5 5],9,10,11,1,9
1,<environment.Job instance at 0x7fe7fb3ab910>,9,18,[7 2],10,11,29,1,11
1,<environment.Job instance at 0x7fe7fb3bdfa0>,12,1,[ 3 10],13,29,30,16,15
1,<environment.Job instance at 0x7fe83f0a30a0>,14,1,[2 5],15,16,17,1,16
1,<environment.Job instance at 0x7fe83f65eeb0>,0,15,[1 6],1,30,45,29,17
1,<environment.Job instance at 0x7fe83f0a3820>,16,3,[2 5],17,19,22,2,19
1,<environment.Job instance at 0x7fe7fb3b4280>,15,3,[10  1],16,45,48,29,20
1,<environment.Job instance at 0x7fe83ea5bc80>,20,12,[10  4],21,48,60,27,32
1,<environment.Job instance at 0x7fe83f172aa0>,27,12,[6 2],28,60,72,32,44
1,<environment.Job instance at 0x7fe83ea24fa0>,28,3,[2 8],29,60,63,31,44
1,<environment.Job instance at 0x7fe83ea24870>,29,2,[4 5],30,63,65,33,44
1,<environment.Job instance at 0x7fe83ea249b0>,30,1,[7 1],31,44,45,13,44
1,<environment.Job instance at 0x7fe83ea24aa0>,31,2,[2 6],32,65,67,33,44
1,<environment.Job instance at 0x7fe7fb3a1a00>,33,14,[1 8],34,67,81,33,52
1,<environment.Job instance at 0x7fe83f651550>,35,15,[5 1],36,72,87,36,58
1,<environment.Job instance at 0x7fe83f1f3280>,34,12,[3 9],35,81,93,46,65
1,<environment.Job instance at 0x7fe83ed5f4b0>,41,3,[2 9],42,93,96,51,67
1,<environment.Job instance at 0x7fe83f14e690>,45,13,[5 1],46,87,100,41,72
1,<environment.Job instance at 0x7fe83f14e9b0>,48,12,[1 6],49,96,108,47,79
1,<environment.Job instance at 0x7fe83f14e230>,50,16,[6 2],51,100,116,49,87
1,<environment.Job instance at 0x7fe83ebdb2d0>,55,17,[4 9],56,116,133,60,104
1,<environment.Job instance at 0x7fe83e9f21e0>,4,13,[2 8],5,5,18,0,5
1,<environment.Job instance at 0x7fe83e9e99b0>,5,3,[5 5],6,18,21,12,6
1,<environment.Job instance at 0x7fe7fac4b730>,6,1,[5 3],7,18,19,11,7
1,<environment.Job instance at 0x7fe83e9e9870>,7,12,[2 5],8,19,31,11,9
1,<environment.Job instance at 0x7fe7faf2dd20>,11,12,[5 1],12,21,33,9,12
1,<environment.Job instance at 0x7fe7faf2d140>,12,2,[1 9],13,31,33,18,13
1,<environment.Job instance at 0x7fe7fb3462d0>,13,2,[6 3],14,33,35,19,14
1,<environment.Job instance at 0x7fe7fb346230>,14,16,[5 3],15,35,51,20,22
1,<environment.Job instance at 0x7fe83e8eff50>,23,13,[4 7],24,33,46,9,33
1,<environment.Job instance at 0x7fe83ed3cd20>,26,12,[4 6],27,46,58,19,33
1,<environment.Job instance at 0x7fe83efe33c0>,31,12,[7 5],32,58,70,26,47
1,<environment.Job instance at 0x7fe83ed36460>,32,12,[5 4],33,70,82,37,56
1,<environment.Job instance at 0x7fe7fb3468c0>,18,18,[5 6],19,70,88,51,66
1,<environment.Job instance at 0x7fe83ed36640>,36,15,[1 5],37,88,103,51,74
1,<environment.Job instance at 0x7fe83ed36b40>,39,3,[5 2],40,82,85,42,78
1,<environment.Job instance at 0x7fe83ed36730>,40,14,[6 1],41,88,102,47,80
1,<environment.Job instance at 0x7fe83f338500>,43,3,[5 6],44,103,106,59,81
1,<environment.Job instance at 0x7fe83f338e60>,45,2,[7 1],46,106,108,60,81
1,<environment.Job instance at 0x7fe7fabd2050>,47,14,[9 3],48,108,122,60,95
1,<environment.Job instance at 0x7fe7fabd2af0>,49,15,[8 4],50,122,137,72,108
1,<environment.Job instance at 0x7fe7fb4a2f50>,3,13,[5 1],4,4,17,0,4
1,<environment.Job instance at 0x7fe7fb4a2a50>,4,16,[6 3],5,17,33,12,5
1,<environment.Job instance at 0x7fe7fb4a2320>,5,1,[5 7],6,7,8,1,7
1,<environment.Job instance at 0x7fe7fab200a0>,11,3,[1 7],12,12,15,0,12
1,<environment.Job instance at 0x7fe7fb4a2eb0>,6,12,[1 9],7,33,45,26,18
1,<environment.Job instance at 0x7fe7fab207d0>,15,1,[9 4],16,45,46,29,19
1,<environment.Job instance at 0x7fe7faac9b90>,21,12,[1 7],22,46,58,24,29
1,<environment.Job instance at 0x7fe7faac9280>,22,17,[1 6],23,58,75,35,46
1,<environment.Job instance at 0x7fe7fb4a25a0>,8,16,[10  3],9,75,91,66,62
1,<environment.Job instance at 0x7fe7fb0f58c0>,32,2,[7 5],33,91,93,58,64
1,<environment.Job instance at 0x7fe7fb0f56e0>,35,3,[6 1],36,93,96,57,80
1,<environment.Job instance at 0x7fe7fb0f5960>,38,18,[5 6],39,96,114,57,85
1,<environment.Job instance at 0x7fe7fb0f5b40>,40,1,[8 1],41,114,115,73,107
1,<environment.Job instance at 0x7fe7fb0f5af0>,41,12,[8 3],42,115,127,73,107
1,<environment.Job instance at 0x7fe7fb437690>,5,15,[8 2],6,6,21,0,6
1,<environment.Job instance at 0x7fe7fb41e050>,6,1,[6 2],7,21,22,14,7
1,<environment.Job instance at 0x7fe7fb41eaa0>,12,1,[ 4 10],13,22,23,9,15
1,<environment.Job instance at 0x7fe7fb41ec80>,11,18,[6 1],12,23,41,11,15
1,<environment.Job instance at 0x7fe7fb43fd70>,15,3,[1 7],16,16,19,0,16
1,<environment.Job instance at 0x7fe7fb43f910>,16,12,[3 5],17,23,35,6,17
1,<environment.Job instance at 0x7fe7fb42c960>,18,12,[3 5],19,35,47,16,20
1,<environment.Job instance at 0x7fe83e8de370>,24,2,[1 8],25,49,51,24,49
1,<environment.Job instance at 0x7fe7fb417c30>,25,3,[9 5],26,51,54,25,49
1,<environment.Job instance at 0x7fe7fb417cd0>,26,17,[3 8],27,54,71,27,49
1,<environment.Job instance at 0x7fe7fb43be60>,29,18,[5 2],30,54,72,24,49
1,<environment.Job instance at 0x7fe7faf6d820>,31,2,[8 5],32,72,74,40,49
1,<environment.Job instance at 0x7fe7fb43bd20>,33,1,[ 3 10],34,74,75,40,49
1,<environment.Job instance at 0x7fe7fb43fcd0>,17,3,[1 7],18,75,78,57,49
1,<environment.Job instance at 0x7fe83f5248c0>,34,2,[10  3],35,78,80,43,51
1,<environment.Job instance at 0x7fe83f51a870>,38,14,[3 7],39,80,94,41,73
1,<environment.Job instance at 0x7fe7fb41e9b0>,13,14,[2 9],14,94,108,80,82
1,<environment.Job instance at 0x7fe7fb075320>,43,1,[9 3],44,108,109,64,90
1,<environment.Job instance at 0x7fe7fb183870>,46,1,[1 9],47,109,110,62,99
1,<environment.Job instance at 0x7fe7fb183690>,47,1,[6 4],48,110,111,62,99
1,<environment.Job instance at 0x7fe7fb1836e0>,48,3,[6 2],49,111,114,62,99
1,<environment.Job instance at 0x7fe7fb17e1e0>,35,18,[5 5],36,114,132,78,104
1,<environment.Job instance at 0x7fe7faf82b90>,50,16,[5 4],51,114,130,63,104
1,<environment.Job instance at 0x7fe7fac74690>,58,3,[1 7],59,111,114,52,104
1,<environment.Job instance at 0x7fe83ea5b690>,1,2,[5 2],2,2,4,0,2
1,<environment.Job instance at 0x7fe7faffc4b0>,4,13,[6 5],5,5,18,0,5
1,<environment.Job instance at 0x7fe7faffce10>,5,13,[6 1],6,18,31,12,8
1,<environment.Job instance at 0x7fe7fb0c9370>,8,1,[2 8],9,18,19,9,9
1,<environment.Job instance at 0x7fe7fac5c190>,11,3,[3 8],12,19,22,7,12
1,<environment.Job instance at 0x7fe83f10a370>,10,1,[ 2 10],11,31,32,20,12
1,<environment.Job instance at 0x7fe83eb77370>,12,2,[2 5],13,14,16,1,14
1,<environment.Job instance at 0x7fe83eb77dc0>,13,2,[1 9],14,22,24,8,16
1,<environment.Job instance at 0x7fe83eca2690>,16,1,[10  4],17,32,33,15,17
1,<environment.Job instance at 0x7fe7fb0c9640>,7,2,[10  1],8,33,35,25,18
1,<environment.Job instance at 0x7fe83eca2960>,17,2,[7 3],18,35,37,17,18
1,<environment.Job instance at 0x7fe7fac100f0>,14,2,[2 7],15,24,26,9,18
1,<environment.Job instance at 0x7fe7fab69550>,19,2,[5 5],20,37,39,17,20
1,<environment.Job instance at 0x7fe7fafc7410>,21,12,[9 4],22,39,51,17,24
1,<environment.Job instance at 0x7fe7fb002820>,25,3,[ 4 10],26,51,54,25,29
1,<environment.Job instance at 0x7fe7fb002410>,27,2,[4 6],28,29,31,1,29
1,<environment.Job instance at 0x7fe83ea417d0>,15,17,[5 8],16,54,71,38,43
1,<environment.Job instance at 0x7fe7fb002690>,30,12,[9 2],31,71,83,40,59
1,<environment.Job instance at 0x7fe83ea5b0a0>,0,13,[8 2],1,83,96,82,69
1,<environment.Job instance at 0x7fe7fb3a1d70>,38,3,[6 4],39,96,99,57,74
1,<environment.Job instance at 0x7fe7fb3a12d0>,40,3,[ 5 10],41,99,102,58,76
1,<environment.Job instance at 0x7fe7fb3a1780>,39,16,[ 1 10],40,102,118,62,89
1,<environment.Job instance at 0x7fe7fb3a1b90>,41,13,[3 5],42,118,131,76,103
1,<environment.Job instance at 0x7fe83f18f9b0>,4,2,[9 3],5,5,7,0,5
1,<environment.Job instance at 0x7fe83efb6960>,7,3,[6 3],8,8,11,0,8
1,<environment.Job instance at 0x7fe83efb6d20>,12,17,[3 8],13,14,31,1,14
1,<environment.Job instance at 0x7fe83efb6be0>,13,14,[4 9],14,31,45,17,17
1,<environment.Job instance at 0x7fe83f826cd0>,9,13,[4 9],10,45,58,35,29
1,<environment.Job instance at 0x7fe83efb6550>,18,14,[10  3],19,58,72,39,43
1,<environment.Job instance at 0x7fe7faad2d70>,25,12,[2 6],26,72,84,46,55
1,<environment.Job instance at 0x7fe7faad2c30>,27,12,[3 7],28,84,96,56,68
1,<environment.Job instance at 0x7fe7faad2640>,19,18,[8 2],20,96,114,76,85
1,<environment.Job instance at 0x7fe7faad2320>,34,13,[7 1],35,114,127,79,99
1,<environment.Job instance at 0x7fe7faab32d0>,2,3,[5 5],3,3,6,0,3
1,<environment.Job instance at 0x7fe83eeabd20>,6,2,[4 9],7,7,9,0,7
1,<environment.Job instance at 0x7fe83f02b0a0>,7,2,[9 2],8,9,11,1,8
1,<environment.Job instance at 0x7fe83f02b460>,8,13,[5 4],9,11,24,2,9
1,<environment.Job instance at 0x7fe83ed95550>,10,1,[6 1],11,24,25,13,11
1,<environment.Job instance at 0x7fe83ed95a50>,12,1,[1 5],13,13,14,0,13
1,<environment.Job instance at 0x7fe83ed95960>,11,15,[5 1],12,25,40,13,14
1,<environment.Job instance at 0x7fe7faac8730>,13,1,[7 1],14,40,41,26,15
1,<environment.Job instance at 0x7fe83f02b230>,9,17,[4 6],10,15,32,5,15
1,<environment.Job instance at 0x7fe83f6f90f0>,0,13,[1 8],1,32,45,31,17
1,<environment.Job instance at 0x7fe83f2b1960>,23,14,[5 4],24,45,59,21,30
1,<environment.Job instance at 0x7fe7faef11e0>,25,15,[7 1],26,59,74,33,45
1,<environment.Job instance at 0x7fe83f805a00>,16,15,[10  5],17,74,89,57,60
1,<environment.Job instance at 0x7fe7fb43fcd0>,28,12,[3 7],29,61,73,32,61
1,<environment.Job instance at 0x7fe845b4d280>,31,2,[10  3],32,89,91,57,75
1,<environment.Job instance at 0x7fe845b4d870>,32,16,[2 8],33,91,107,58,79
1,<environment.Job instance at 0x7fe83ec74c30>,34,14,[7 2],35,91,105,56,88
1,<environment.Job instance at 0x7fe83ec74e10>,36,13,[10  2],37,107,120,70,91
1,<environment.Job instance at 0x7fe83ec74280>,41,12,[6 3],42,120,132,78,107
1,<environment.Job instance at 0x7f64ca4e7500>,6,20,[6 1],7,8,28,1,8
1,<environment.Job instance at 0x7f64d18f70a0>,7,1,[5 4],8,28,29,20,10
1,<environment.Job instance at 0x7f64ca4e7190>,4,14,[1 6],5,22,36,17,22
1,<environment.Job instance at 0x7f64ca4e7a00>,11,15,[4 8],12,36,51,24,22
1,<environment.Job instance at 0x7f64ca4e7dc0>,17,3,[4 9],18,51,54,33,26
1,<environment.Job instance at 0x7f64ca4e7aa0>,21,1,[6 5],22,54,55,32,34
1,<environment.Job instance at 0x7f64ca4e9320>,24,18,[2 6],25,55,73,30,50
1,<environment.Job instance at 0x7f64ca4e9690>,26,3,[3 7],27,73,76,46,50
1,<environment.Job instance at 0x7f64ca4e99b0>,29,12,[5 4],30,55,67,25,52
1,<environment.Job instance at 0x7f64ca4e9a50>,30,14,[5 2],31,67,81,36,56
1,<environment.Job instance at 0x7f64ca4e9af0>,31,14,[2 5],32,76,90,44,62
1,<environment.Job instance at 0x7f64ca4e9780>,27,15,[8 4],28,81,96,53,72
1,<environment.Job instance at 0x7f64ca4ec280>,40,15,[10  3],41,96,111,55,83
1,<environment.Job instance at 0x7f64ca4e7b40>,13,18,[ 4 10],14,111,129,97,100
1,<environment.Job instance at 0x7f64ca4ec6e0>,47,2,[6 5],48,129,131,81,102
1,<environment.Job instance at 0x7f64ca4ec820>,49,16,[2 5],50,129,145,79,118
1,<environment.Job instance at 0x7f64d1a63a00>,0,2,[7 2],1,2,4,1,2
1,<environment.Job instance at 0x7f64d1a63500>,4,1,[8 4],5,5,6,0,5
1,<environment.Job instance at 0x7f64d1a5e910>,9,2,[1 8],10,11,13,1,11
1,<environment.Job instance at 0x7f64d1a5e410>,10,15,[8 3],11,13,28,2,12
1,<environment.Job instance at 0x7f64d1a5e500>,11,1,[3 9],12,28,29,16,12
1,<environment.Job instance at 0x7f64d1a5e960>,12,13,[ 5 10],13,29,42,16,13
1,<environment.Job instance at 0x7f64d1a71230>,16,1,[9 3],17,42,43,25,17
1,<environment.Job instance at 0x7f64d1a716e0>,20,16,[2 8],21,71,87,50,71
1,<environment.Job instance at 0x7f64d1a71870>,13,16,[ 3 10],14,87,103,73,81
1,<environment.Job instance at 0x7f64d1a67820>,28,1,[4 6],29,103,104,74,82
1,<environment.Job instance at 0x7f64d1a671e0>,29,12,[4 9],30,104,116,74,87
1,<environment.Job instance at 0x7f64d1a6bdc0>,32,14,[1 8],33,116,130,83,101
1,<environment.Job instance at 0x7f64d1a6b320>,38,14,[9 5],39,130,144,91,118
1,<environment.Job instance at 0x7f64d191fc80>,1,2,[9 5],2,3,5,1,3
1,<environment.Job instance at 0x7f64868e6140>,7,2,[4 5],8,8,10,0,8
1,<environment.Job instance at 0x7f64868e1e60>,4,16,[7 5],5,10,26,5,8
1,<environment.Job instance at 0x7f64868e6870>,14,14,[5 5],15,26,40,11,25
1,<environment.Job instance at 0x7f64868e6eb0>,9,3,[5 1],10,26,29,16,25
1,<environment.Job instance at 0x7f64868e6780>,16,3,[9 1],17,40,43,23,25
1,<environment.Job instance at 0x7f64868e6500>,19,1,[5 4],20,33,34,13,33
1,<environment.Job instance at 0x7f64868e5cd0>,26,3,[8 4],27,52,55,25,52
1,<environment.Job instance at 0x7f64868e51e0>,29,3,[4 7],30,55,58,25,52
1,<environment.Job instance at 0x7f64868e6730>,24,12,[7 2],25,58,70,33,52
1,<environment.Job instance at 0x7f64868e59b0>,30,17,[2 6],31,58,75,27,52
1,<environment.Job instance at 0x7f64868e5910>,38,13,[5 1],39,82,95,43,82
1,<environment.Job instance at 0x7f64868e5050>,31,15,[8 4],32,95,110,63,84
1,<environment.Job instance at 0x7f64868c9e10>,47,3,[6 3],48,110,113,62,100
1,<environment.Job instance at 0x7f64868c94b0>,48,13,[8 5],49,113,126,64,101
1,<environment.Job instance at 0x7f648681b0a0>,52,18,[8 2],53,126,144,73,115
1,<environment.Job instance at 0x7f64ca5af5f0>,3,3,[4 8],4,4,7,0,4
1,<environment.Job instance at 0x7f64ca6375f0>,10,2,[1 7],11,25,27,14,25
1,<environment.Job instance at 0x7f64ca4e1730>,8,18,[1 5],9,27,45,18,25
1,<environment.Job instance at 0x7f64ca6379b0>,14,1,[3 8],15,45,46,30,25
1,<environment.Job instance at 0x7f64ca5b2370>,12,3,[10  4],13,46,49,33,25
1,<environment.Job instance at 0x7f64ca652550>,18,2,[6 3],19,25,27,6,25
1,<environment.Job instance at 0x7f64ca7ae820>,15,13,[5 5],16,27,40,11,25
1,<environment.Job instance at 0x7f64ca652e60>,19,3,[7 2],20,40,43,20,26
1,<environment.Job instance at 0x7f64ca5f2550>,20,14,[7 5],21,49,63,28,34
1,<environment.Job instance at 0x7f6486910a50>,27,12,[5 8],28,63,75,35,49
1,<environment.Job instance at 0x7f6486781aa0>,29,3,[5 5],30,75,78,45,49
1,<environment.Job instance at 0x7f6486bde6e0>,34,17,[7 2],35,78,95,43,66
1,<environment.Job instance at 0x7f6486857320>,39,17,[8 1],40,95,112,55,84
1,<environment.Job instance at 0x7f6486857780>,41,17,[2 6],42,86,103,44,86
1,<environment.Job instance at 0x7f6486781b90>,28,14,[7 5],29,112,126,83,97
1,<environment.Job instance at 0x7f6486857910>,48,14,[ 2 10],49,126,140,77,111
1,<environment.Job instance at 0x7f6486816c80>,51,3,[7 3],52,140,143,88,114
1,<environment.Job instance at 0x7f6486e1e690>,2,2,[9 3],3,3,5,0,3
1,<environment.Job instance at 0x7f6486c5ff50>,5,3,[1 5],6,6,9,0,6
1,<environment.Job instance at 0x7f64ca2d0910>,6,3,[9 3],7,7,10,0,7
1,<environment.Job instance at 0x7f6486b2b500>,7,13,[6 4],8,10,23,2,10
1,<environment.Job instance at 0x7f64ca2d08c0>,10,19,[1 5],11,11,30,0,11
1,<environment.Job instance at 0x7f64ca2d05a0>,8,14,[10  3],9,30,44,21,18
1,<environment.Job instance at 0x7f64ca940eb0>,16,3,[2 7],17,44,47,27,19
1,<environment.Job instance at 0x7f64ca90fa50>,17,18,[5 1],18,44,62,26,34
1,<environment.Job instance at 0x7f6486b46870>,21,13,[5 3],22,47,60,25,34
1,<environment.Job instance at 0x7f64ca8ec320>,22,15,[5 1],23,60,75,37,46
1,<environment.Job instance at 0x7f6486c8a320>,1,13,[5 5],2,62,75,60,50
1,<environment.Job instance at 0x7f64ca8d9140>,30,12,[2 5],31,75,87,44,60
1,<environment.Job instance at 0x7f64ca8d9be0>,31,16,[6 5],32,75,91,43,63
1,<environment.Job instance at 0x7f64ca8d9c80>,34,1,[5 8],35,91,92,56,63
1,<environment.Job instance at 0x7f64ca8d9dc0>,37,2,[2 8],38,92,94,54,76
1,<environment.Job instance at 0x7f64ca908280>,38,3,[5 9],39,94,97,55,76
1,<environment.Job instance at 0x7f64ca8d9960>,36,14,[3 9],37,97,111,60,82
1,<environment.Job instance at 0x7f64ca8ec6e0>,23,18,[5 9],24,111,129,87,100
1,<environment.Job instance at 0x7f64ca918a00>,49,15,[7 1],50,129,144,79,115
1,<environment.Job instance at 0x7f64cedfbfa0>,1,13,[1 7],2,2,15,0,2
1,<environment.Job instance at 0x7f64cedfbeb0>,0,3,[9 5],1,15,18,14,3
1,<environment.Job instance at 0x7f64cef21dc0>,5,3,[8 5],6,18,21,12,7
1,<environment.Job instance at 0x7f64cef21fa0>,6,12,[7 1],7,21,33,14,7
1,<environment.Job instance at 0x7f64cef21f50>,12,3,[6 4],13,33,36,20,13
1,<environment.Job instance at 0x7f64cef21c30>,13,3,[6 2],14,36,39,22,14
1,<environment.Job instance at 0x7f64cef212d0>,11,1,[10  4],12,39,40,27,16
1,<environment.Job instance at 0x7f64ca39adc0>,17,1,[9 4],18,40,41,22,20
1,<environment.Job instance at 0x7f64ca39a6e0>,19,14,[3 7],20,41,55,21,27
1,<environment.Job instance at 0x7f64ca39a820>,21,3,[5 5],22,55,58,33,39
1,<environment.Job instance at 0x7f64ca39acd0>,22,13,[1 5],23,55,68,32,39
1,<environment.Job instance at 0x7f64ca39a550>,24,2,[10  3],25,68,70,43,41
1,<environment.Job instance at 0x7f64ca39a690>,25,3,[5 5],26,58,61,32,41
1,<environment.Job instance at 0x7f64ca39a780>,26,2,[3 9],27,70,72,43,43
1,<environment.Job instance at 0x7f64ca39a2d0>,27,2,[7 2],28,44,46,16,44
1,<environment.Job instance at 0x7f64ca39af00>,29,1,[ 2 10],30,72,73,42,46
1,<environment.Job instance at 0x7f64ca39ae10>,31,2,[5 1],32,48,50,16,48
1,<environment.Job instance at 0x7f64ca39a460>,32,14,[6 5],33,73,87,40,59
1,<environment.Job instance at 0x7f64ca981320>,38,1,[ 3 10],39,87,88,48,69
1,<environment.Job instance at 0x7f64ca981780>,34,15,[10  3],35,88,103,53,74
1,<environment.Job instance at 0x7f6486c271e0>,43,17,[8 5],44,103,120,59,91
1,<environment.Job instance at 0x7f6486c278c0>,44,3,[6 1],45,120,123,75,94
1,<environment.Job instance at 0x7f6486a9f780>,1,2,[2 6],2,6,8,4,6
1,<environment.Job instance at 0x7f64ca84eaa0>,8,1,[6 1],9,9,10,0,9
1,<environment.Job instance at 0x7f64ca84e870>,9,15,[5 2],10,10,25,0,10
1,<environment.Job instance at 0x7f64ca84e2d0>,15,3,[1 5],16,28,31,12,28
1,<environment.Job instance at 0x7f64ca4eecd0>,16,15,[9 5],17,28,43,11,28
1,<environment.Job instance at 0x7f64ca4ee820>,17,14,[4 7],18,43,57,25,28
1,<environment.Job instance at 0x7f64ca4d80a0>,19,1,[10  3],20,57,58,37,34
1,<environment.Job instance at 0x7f64ca8c9500>,20,16,[5 1],21,58,74,37,46
1,<environment.Job instance at 0x7f64cecbd410>,22,17,[4 5],23,58,75,35,48
1,<environment.Job instance at 0x7f648695ca50>,7,16,[ 5 10],8,75,91,67,63
1,<environment.Job instance at 0x7f64cea754b0>,30,15,[ 4 10],31,91,106,60,79
1,<environment.Job instance at 0x7f6486b2eaf0>,33,15,[7 2],34,106,121,72,92
1,<environment.Job instance at 0x7f6486e1b3c0>,39,17,[9 4],40,121,138,81,109
1,<environment.Job instance at 0x7f6486e1be60>,3,13,[1 7],4,6,19,2,6
1,<environment.Job instance at 0x7f6486d38a00>,7,1,[8 3],8,8,9,0,8
1,<environment.Job instance at 0x7f6486d38af0>,8,1,[ 1 10],9,19,20,10,9
1,<environment.Job instance at 0x7f6486d38be0>,9,2,[3 6],10,20,22,10,10
1,<environment.Job instance at 0x7f6486b91aa0>,4,3,[3 5],5,22,25,17,12
1,<environment.Job instance at 0x7f6486d38d20>,11,15,[9 5],12,25,40,13,14
1,<environment.Job instance at 0x7f6486d38e60>,14,3,[8 2],15,15,18,0,15
1,<environment.Job instance at 0x7f6486d461e0>,16,3,[8 5],17,40,43,23,18
1,<environment.Job instance at 0x7f6486d462d0>,17,12,[5 4],18,43,55,25,26
1,<environment.Job instance at 0x7f6486d46500>,18,14,[8 1],19,55,69,36,41
1,<environment.Job instance at 0x7f6486d465a0>,19,16,[ 4 10],20,69,85,49,56
1,<environment.Job instance at 0x7f6486d46b40>,30,15,[4 9],31,85,100,54,71
1,<environment.Job instance at 0x7f6486d46c80>,31,15,[7 5],32,100,115,68,86
1,<environment.Job instance at 0x7f64ca486cd0>,1,13,[ 3 10],2,115,128,113,102
1,<environment.Job instance at 0x7f6486d3a4b0>,39,15,[5 6],40,128,143,88,115
1,<environment.Job instance at 0x7f64869d7c80>,5,2,[10  5],6,6,8,0,6
1,<environment.Job instance at 0x7f64869d7dc0>,6,1,[2 5],7,8,9,1,7
1,<environment.Job instance at 0x7f6486d24a00>,0,18,[9 2],1,9,27,8,9
1,<environment.Job instance at 0x7f64869d7b40>,9,18,[1 5],10,11,29,1,11
1,<environment.Job instance at 0x7f64ceabfe60>,11,12,[6 3],12,27,39,15,12
1,<environment.Job instance at 0x7f64d1647d20>,16,13,[9 5],17,39,52,22,24
1,<environment.Job instance at 0x7f64ca4d5690>,19,13,[7 5],20,52,65,32,37
1,<environment.Job instance at 0x7f6486cf8230>,22,15,[7 3],23,65,80,42,51
1,<environment.Job instance at 0x7f6486cf8320>,27,3,[2 8],28,80,83,52,67
1,<environment.Job instance at 0x7f64cf19beb0>,29,15,[8 5],30,83,98,53,70
1,<environment.Job instance at 0x7f64cef8b460>,28,13,[3 7],29,98,111,69,82
1,<environment.Job instance at 0x7f6486e66e60>,37,16,[7 2],38,98,114,60,98
1,<environment.Job instance at 0x7f64ca6336e0>,42,14,[9 3],43,114,128,71,99
1,<environment.Job instance at 0x7f64cec47960>,32,16,[1 7],33,111,127,78,99
1,<environment.Job instance at 0x7f64cead40a0>,49,14,[3 8],50,128,142,78,113
1,<environment.Job instance at 0x7f64865beeb0>,3,1,[5 5],4,4,5,0,4
1,<environment.Job instance at 0x7f64ca719280>,5,16,[6 5],6,7,23,1,7
1,<environment.Job instance at 0x7f64ca7e55a0>,9,3,[4 5],10,10,13,0,10
1,<environment.Job instance at 0x7f64ca7e5c30>,11,13,[5 2],12,23,36,11,12
1,<environment.Job instance at 0x7f64ca7e5d20>,10,15,[5 1],11,23,38,12,13
1,<environment.Job instance at 0x7f6486e83910>,13,1,[2 9],14,36,37,22,14
1,<environment.Job instance at 0x7f64ca678870>,14,1,[10  4],15,38,39,23,15
1,<environment.Job instance at 0x7f6486c26230>,16,1,[1 8],17,37,38,20,17
1,<environment.Job instance at 0x7f6486b35e10>,17,3,[4 5],18,18,21,0,18
1,<environment.Job instance at 0x7f64ca2f2910>,15,3,[5 7],16,39,42,23,19
1,<environment.Job instance at 0x7f64ca7e9730>,8,15,[1 8],9,42,57,33,28
1,<environment.Job instance at 0x7f64ca2f2410>,18,14,[7 2],19,42,56,23,29
1,<environment.Job instance at 0x7f6486cf9870>,26,14,[7 5],27,57,71,30,42
1,<environment.Job instance at 0x7f6486cf9910>,24,17,[3 7],25,71,88,46,59
1,<environment.Job instance at 0x7f64cece3dc0>,36,12,[8 3],37,88,100,51,71
1,<environment.Job instance at 0x7f64cece3c80>,38,3,[6 3],39,71,74,32,71
1,<environment.Job instance at 0x7f64cece3cd0>,41,13,[9 1],42,100,113,58,84
1,<environment.Job instance at 0x7f6486e9dd20>,19,18,[1 9],20,100,118,80,89
1,<environment.Job instance at 0x7f6486ddf050>,54,14,[5 9],55,118,132,63,107
1,<environment.Job instance at 0x7f64ca724550>,55,14,[6 3],56,132,146,76,117
1,<environment.Job instance at 0x7f64866ed5f0>,63,3,[2 6],64,132,135,68,118
1,<environment.Job instance at 0x7f64cee84d20>,2,3,[6 1],3,3,6,0,3
1,<environment.Job instance at 0x7f6486b3c820>,14,15,[5 3],15,24,39,9,24
1,<environment.Job instance at 0x7f6486b3c8c0>,15,15,[8 3],16,39,54,23,25
1,<environment.Job instance at 0x7f6486b3cc80>,21,12,[8 2],22,54,66,32,37
1,<environment.Job instance at 0x7f6486b640f0>,26,3,[2 5],27,44,47,17,44
1,<environment.Job instance at 0x7f6486b64460>,28,2,[5 7],29,66,68,37,48
1,<environment.Job instance at 0x7f6486b3c4b0>,10,16,[4 8],11,68,84,57,58
1,<environment.Job instance at 0x7f6486b645f0>,31,16,[4 9],32,84,100,52,71
1,<environment.Job instance at 0x7f6486b64870>,35,12,[5 2],36,100,112,64,83
1,<environment.Job instance at 0x7f6486b64d70>,37,3,[7 5],38,112,115,74,88
1,<environment.Job instance at 0x7f6486b3c780>,13,17,[ 4 10],14,115,132,101,103
1,<environment.Job instance at 0x7f6486b55410>,45,2,[1 9],46,132,134,86,109
1,<environment.Job instance at 0x7f6486b55410>,3,3,[6 1],4,4,7,0,4
1,<environment.Job instance at 0x7f6486d239b0>,4,3,[1 6],5,5,8,0,5
1,<environment.Job instance at 0x7f6486d238c0>,5,16,[2 7],6,9,25,3,9
1,<environment.Job instance at 0x7f648691e2d0>,8,18,[8 3],9,12,30,3,12
1,<environment.Job instance at 0x7f648691ee60>,13,18,[6 3],14,30,48,16,20
1,<environment.Job instance at 0x7f6486b55370>,2,18,[3 6],3,50,68,47,50
1,<environment.Job instance at 0x7f6486b4f1e0>,17,18,[6 4],18,50,68,32,50
1,<environment.Job instance at 0x7f6486b4fc80>,21,2,[ 1 10],22,68,70,46,52
1,<environment.Job instance at 0x7f6486b4fd70>,22,3,[2 6],23,70,73,47,52
1,<environment.Job instance at 0x7f6486b4f3c0>,23,12,[4 8],24,73,85,49,58
1,<environment.Job instance at 0x7f6486b4fb40>,19,15,[9 3],20,85,100,65,73
1,<environment.Job instance at 0x7f64ca982d70>,32,3,[1 5],33,85,88,52,74
1,<environment.Job instance at 0x7f64ca8ecbe0>,35,13,[3 7],36,100,113,64,84
1,<environment.Job instance at 0x7f6486dc4f00>,2,1,[ 3 10],3,3,4,0,3
1,<environment.Job instance at 0x7f6486dc4be0>,4,1,[2 5],5,5,6,0,5
1,<environment.Job instance at 0x7f6486dc4640>,6,3,[2 5],7,7,10,0,7
1,<environment.Job instance at 0x7f64ca3d3c80>,0,2,[7 1],1,7,9,6,7
1,<environment.Job instance at 0x7f6486dc4960>,3,12,[5 8],4,10,22,6,10
1,<environment.Job instance at 0x7f6486dc4b90>,5,3,[10  1],6,22,25,16,10
1,<environment.Job instance at 0x7f6486dc4dc0>,11,12,[4 5],12,25,37,13,13
1,<environment.Job instance at 0x7f64ca5083c0>,13,3,[6 1],14,25,28,11,14
1,<environment.Job instance at 0x7f64ca508140>,17,12,[6 2],18,28,40,10,18
1,<environment.Job instance at 0x7f6486c10690>,21,2,[2 6],22,37,39,15,22
1,<environment.Job instance at 0x7f64ca41d960>,23,14,[1 8],24,39,53,15,25
1,<environment.Job instance at 0x7f64ca41d280>,25,15,[5 1],26,40,55,14,36
1,<environment.Job instance at 0x7f64ca41d2d0>,24,12,[3 9],25,53,65,28,36
1,<environment.Job instance at 0x7f64ca41db90>,29,1,[5 1],30,55,56,25,36
1,<environment.Job instance at 0x7f64ca699eb0>,38,12,[1 6],39,65,77,26,51
1,<environment.Job instance at 0x7f64ca25cbe0>,33,15,[8 4],34,65,80,31,54
1,<environment.Job instance at 0x7f64ca337320>,44,14,[10  4],45,80,94,35,68
1,<environment.Job instance at 0x7f64ca337370>,50,13,[10  1],51,94,107,43,87
1,<environment.Job instance at 0x7f64ca79e960>,56,19,[9 4],57,109,128,52,109
1,<environment.Job instance at 0x7f64ca5081e0>,12,18,[ 5 10],13,128,146,115,118
1,<environment.Job instance at 0x7f64ca79e500>,59,2,[5 9],60,146,148,86,119
1,<environment.Job instance at 0x7f64ca42d0a0>,4,2,[7 3],5,5,7,0,5
1,<environment.Job instance at 0x7f64d1826a50>,1,12,[7 4],2,7,19,5,6
1,<environment.Job instance at 0x7f64ca6452d0>,7,16,[3 5],8,9,25,1,9
1,<environment.Job instance at 0x7f6486bee6e0>,8,2,[1 6],9,25,27,16,12
1,<environment.Job instance at 0x7f64ca42bf50>,12,12,[5 4],13,19,31,6,13
1,<environment.Job instance at 0x7f64ca645320>,6,12,[4 6],7,27,39,20,13
1,<environment.Job instance at 0x7f64ca42b550>,16,15,[1 5],17,39,54,22,25
1,<environment.Job instance at 0x7f64ca42bb90>,10,17,[8 3],11,39,56,28,32
1,<environment.Job instance at 0x7f64ca430f00>,21,2,[4 8],22,56,58,34,35
1,<environment.Job instance at 0x7f64ca436230>,24,3,[9 3],25,58,61,33,35
1,<environment.Job instance at 0x7f64ca436410>,25,2,[7 1],26,61,63,35,35
1,<environment.Job instance at 0x7f64864fe280>,27,14,[9 3],28,63,77,35,49
1,<environment.Job instance at 0x7f64ca436a00>,26,13,[ 1 10],27,77,90,50,63
1,<environment.Job instance at 0x7f6486b22190>,34,2,[ 4 10],35,90,92,55,67
1,<environment.Job instance at 0x7f6486997e10>,37,15,[6 1],38,92,107,54,78
1,<environment.Job instance at 0x7f64cefba4b0>,40,2,[4 6],41,92,94,51,80
1,<environment.Job instance at 0x7f64ceb102d0>,46,3,[1 8],47,105,108,58,105
1,<environment.Job instance at 0x7f6486e1f870>,47,1,[3 5],48,108,109,60,105
1,<environment.Job instance at 0x7f64ceb01190>,48,2,[5 7],49,109,111,60,105
1,<environment.Job instance at 0x7f64ceb012d0>,49,2,[2 5],50,111,113,61,105
1,<environment.Job instance at 0x7f64ca42b6e0>,14,17,[5 6],15,113,130,98,105
1,<environment.Job instance at 0x7f6486916500>,54,2,[1 7],55,130,132,75,105
1,<environment.Job instance at 0x7f6486916050>,55,1,[2 5],56,108,109,52,105
1,<environment.Job instance at 0x7f64ca90a7d0>,57,3,[9 2],58,130,133,72,114
1,<environment.Job instance at 0x7f64cefbe190>,59,3,[5 2],60,114,117,54,114
1,<environment.Job instance at 0x7f64cefbeeb0>,61,3,[5 8],62,133,136,71,115
1,<environment.Job instance at 0x7f64ca50ba00>,6,1,[7 3],7,18,19,11,18
1,<environment.Job instance at 0x7f64ca50bc80>,7,15,[1 7],8,18,33,10,18
1,<environment.Job instance at 0x7f64ca50b7d0>,5,3,[6 1],6,45,48,39,45
1,<environment.Job instance at 0x7f64cefbeb90>,1,16,[ 2 10],2,71,87,69,71
1,<environment.Job instance at 0x7f64ca8a6460>,16,2,[5 6],17,87,89,70,71
1,<environment.Job instance at 0x7f64ca4db820>,19,12,[ 5 10],20,89,101,69,75
1,<environment.Job instance at 0x7f6486caf5f0>,21,2,[10  5],22,101,103,79,91
1,<environment.Job instance at 0x7f64ca50b960>,11,12,[8 3],12,103,115,91,91
1,<environment.Job instance at 0x7f64cedd8b90>,28,14,[7 5],29,115,129,86,102
1,<environment.Job instance at 0x7f6486870410>,26,18,[3 5],27,115,133,88,105
1,<environment.Job instance at 0x7f64864ceb90>,8,3,[6 2],9,10,13,1,10
1,<environment.Job instance at 0x7f64864ce6e0>,9,18,[5 5],10,13,31,3,11
1,<environment.Job instance at 0x7f64865d1a00>,14,17,[6 1],15,31,48,16,19
1,<environment.Job instance at 0x7f64865d1be0>,20,14,[7 4],21,48,62,27,34
1,<environment.Job instance at 0x7f6486596690>,25,18,[5 3],26,62,80,36,51
1,<environment.Job instance at 0x7f6486596b40>,27,15,[5 1],28,62,77,34,51
1,<environment.Job instance at 0x7f648646eeb0>,30,12,[ 4 10],31,80,92,49,64
1,<environment.Job instance at 0x7f648646e460>,32,16,[9 2],33,92,108,59,80
1,<environment.Job instance at 0x7f648646edc0>,37,3,[10  3],38,108,111,70,86
1,<environment.Job instance at 0x7f648646ef50>,41,1,[9 5],42,111,112,69,111
1,<environment.Job instance at 0x7f648646e6e0>,42,3,[5 9],43,112,115,69,111
1,<environment.Job instance at 0x7f648646e500>,43,13,[10  1],44,115,128,71,111
1,<environment.Job instance at 0x7f648646eb90>,44,2,[8 1],45,128,130,83,111
1,<environment.Job instance at 0x7f648646e5f0>,45,1,[4 6],46,130,131,84,111
1,<environment.Job instance at 0x7f64869c2d20>,12,13,[3 6],13,17,30,4,17
1,<environment.Job instance at 0x7f64869c2910>,11,1,[3 9],12,30,31,18,17
1,<environment.Job instance at 0x7f64869c2c30>,13,17,[7 2],14,31,48,17,20
1,<environment.Job instance at 0x7f64869bffa0>,15,1,[5 9],16,48,49,32,21
1,<environment.Job instance at 0x7f64869bf780>,24,1,[3 8],25,46,47,21,46
1,<environment.Job instance at 0x7f64869b0280>,25,16,[7 4],26,49,65,23,46
1,<environment.Job instance at 0x7f64869b02d0>,26,13,[4 6],27,65,78,38,52
1,<environment.Job instance at 0x7f64ca7e1a50>,34,2,[5 3],35,65,67,30,65
1,<environment.Job instance at 0x7f6486d6ce10>,37,2,[4 9],38,78,80,40,66
1,<environment.Job instance at 0x7f64ca812960>,39,2,[1 6],40,89,91,49,89
1,<environment.Job instance at 0x7f64869ea050>,22,18,[1 6],23,91,109,68,89
1,<environment.Job instance at 0x7f6486d36dc0>,45,2,[3 7],46,109,111,63,92
1,<environment.Job instance at 0x7f6486d39e10>,46,3,[1 5],47,111,114,64,92
1,<environment.Job instance at 0x7f6486a78230>,42,16,[7 1],43,97,113,54,97
1,<environment.Job instance at 0x7f64ca85b320>,41,12,[10  1],42,114,126,72,97
1,<environment.Job instance at 0x7f6486d39b90>,49,17,[7 5],50,126,143,76,115
1,<environment.Job instance at 0x7f6486d39b40>,8,12,[1 5],9,9,21,0,9
1,<environment.Job instance at 0x7f64cf1460a0>,9,2,[2 5],10,14,16,4,14
1,<environment.Job instance at 0x7f64864bd8c0>,13,1,[9 4],14,16,17,2,16
1,<environment.Job instance at 0x7f64ca3284b0>,15,12,[6 4],16,17,29,1,16
1,<environment.Job instance at 0x7f64cec89a00>,17,14,[7 4],18,29,43,11,18
1,<environment.Job instance at 0x7f64ca7ae960>,19,3,[1 6],20,28,31,8,28
1,<environment.Job instance at 0x7f64ca8498c0>,22,14,[7 5],23,43,57,20,30
1,<environment.Job instance at 0x7f64ca849820>,23,1,[6 5],24,57,58,33,30
1,<environment.Job instance at 0x7f64864d5cd0>,18,14,[6 4],19,58,72,39,43
1,<environment.Job instance at 0x7f6486972fa0>,28,13,[5 2],29,72,85,43,57
1,<environment.Job instance at 0x7f64869720a0>,31,3,[1 5],32,60,63,28,60
1,<environment.Job instance at 0x7f64869726e0>,33,15,[5 7],34,72,87,38,60
1,<environment.Job instance at 0x7f6486972730>,34,16,[2 8],35,87,103,52,75
1,<environment.Job instance at 0x7f64865dc870>,39,16,[5 5],40,103,119,63,90
1,<environment.Job instance at 0x7f64865dc550>,37,17,[ 5 10],38,119,136,81,109
1,<environment.Job instance at 0x7f64864f8500>,53,3,[ 3 10],54,136,139,82,113
1,<environment.Job instance at 0x7f64864f87d0>,5,17,[9 1],6,7,24,1,7
1,<environment.Job instance at 0x7f6486d04730>,6,12,[3 9],7,24,36,17,8
1,<environment.Job instance at 0x7f64867ecfa0>,2,3,[9 2],3,36,39,33,10
1,<environment.Job instance at 0x7f6486bab3c0>,10,2,[2 6],11,39,41,28,14
1,<environment.Job instance at 0x7f6486bab5a0>,12,2,[ 4 10],13,41,43,28,15
1,<environment.Job instance at 0x7f64864f8be0>,4,2,[2 7],5,43,45,38,20
1,<environment.Job instance at 0x7f6486bab500>,16,3,[ 3 10],17,45,48,28,20
1,<environment.Job instance at 0x7f6486babe60>,19,1,[10  2],20,48,49,28,30
1,<environment.Job instance at 0x7f6486bab7d0>,17,18,[1 8],18,49,67,31,38
1,<environment.Job instance at 0x7f64ca38aaf0>,22,1,[1 9],23,67,68,44,41
1,<environment.Job instance at 0x7f64ca38a780>,23,17,[6 1],24,49,66,25,42
1,<environment.Job instance at 0x7f6486babf00>,20,18,[8 3],21,68,86,47,59
1,<environment.Job instance at 0x7f6486562410>,31,16,[5 5],32,86,102,54,83
1,<environment.Job instance at 0x7f6486562b90>,34,15,[7 4],35,102,117,67,90
1,<environment.Job instance at 0x7f6486562f00>,36,2,[4 7],37,117,119,80,90
1,<environment.Job instance at 0x7f6486bab960>,14,14,[ 3 10],15,119,133,104,109
1,<environment.Job instance at 0x7f6486562050>,41,12,[8 5],42,133,145,91,118
1,<environment.Job instance at 0x7f64ca34aaf0>,1,1,[1 8],2,2,3,0,2
1,<environment.Job instance at 0x7f64cea408c0>,4,3,[7 5],5,5,8,0,5
1,<environment.Job instance at 0x7f64cf04d5a0>,8,15,[5 4],9,10,25,1,10
1,<environment.Job instance at 0x7f64ceee89b0>,11,2,[5 5],12,12,14,0,12
1,<environment.Job instance at 0x7f64ceee82d0>,12,18,[1 5],13,14,32,1,13
1,<environment.Job instance at 0x7f64ceee8550>,10,17,[10  2],11,32,49,21,23
1,<environment.Job instance at 0x7f64ca9915f0>,15,3,[7 1],16,25,28,9,24
1,<environment.Job instance at 0x7f64cea409b0>,7,14,[4 9],8,49,63,41,40
1,<environment.Job instance at 0x7f6486990190>,25,3,[10  3],26,63,66,37,45
1,<environment.Job instance at 0x7f64866c29b0>,27,15,[4 6],28,66,81,38,52
1,<environment.Job instance at 0x7f64cec535f0>,32,13,[5 1],33,66,79,33,64
1,<environment.Job instance at 0x7f64cec53910>,35,3,[5 5],36,81,84,45,64
1,<environment.Job instance at 0x7f64ca80c320>,36,14,[ 3 10],37,84,98,47,69
1,<environment.Job instance at 0x7f64cecf9aa0>,39,14,[5 4],40,98,112,58,83
1,<environment.Job instance at 0x7f40487dd690>,7,1,[5 4],8,8,9,0,8
1,<environment.Job instance at 0x7f40487dd780>,8,13,[5 5],9,10,23,1,10
1,<environment.Job instance at 0x7f40487dda50>,13,18,[ 4 10],14,23,41,9,14
1,<environment.Job instance at 0x7f40487ddb90>,14,13,[7 3],15,41,54,26,25
1,<environment.Job instance at 0x7f40487ddd20>,17,3,[4 9],18,54,57,36,28
1,<environment.Job instance at 0x7f40487e11e0>,24,18,[2 6],25,57,75,32,49
1,<environment.Job instance at 0x7f40487e1550>,26,3,[3 7],27,49,52,22,49
1,<environment.Job instance at 0x7f40487e1640>,27,15,[8 4],28,57,72,29,51
1,<environment.Job instance at 0x7f40487e15a0>,25,12,[ 5 10],26,75,87,49,58
1,<environment.Job instance at 0x7f40487e1b90>,32,3,[5 1],33,72,75,39,63
1,<environment.Job instance at 0x7f40487e1690>,29,12,[5 4],30,87,99,57,75
1,<environment.Job instance at 0x7f40487ddaa0>,16,16,[3 5],17,87,103,70,82
1,<environment.Job instance at 0x7f40487e2280>,40,15,[10  3],41,103,118,62,91
1,<environment.Job instance at 0x7f40487ddc30>,15,18,[2 8],16,118,136,102,109
1,<environment.Job instance at 0x7f40487e2a50>,49,16,[2 5],50,136,152,86,124
1,<environment.Job instance at 0x7f40487e2460>,43,18,[5 5],44,136,154,92,125
1,<environment.Job instance at 0x7f404fc13e10>,1,1,[3 9],2,2,3,0,2
1,<environment.Job instance at 0x7f404fd53c80>,6,1,[9 3],7,9,10,2,9
1,<environment.Job instance at 0x7f404fc13690>,0,15,[8 3],1,12,27,11,12
1,<environment.Job instance at 0x7f404fd665a0>,11,13,[5 6],12,27,40,15,12
1,<environment.Job instance at 0x7f404fd66550>,16,17,[1 7],17,40,57,23,28
1,<environment.Job instance at 0x7f404fd666e0>,18,1,[4 6],19,57,58,38,30
1,<environment.Job instance at 0x7f404fd5c230>,21,15,[10  4],22,58,73,36,44
1,<environment.Job instance at 0x7f404fd5c280>,24,14,[8 4],25,73,87,48,60
1,<environment.Job instance at 0x7f404fd603c0>,31,15,[1 7],32,87,102,55,73
1,<environment.Job instance at 0x7f404fc14be0>,33,15,[5 2],34,87,102,53,75
1,<environment.Job instance at 0x7f404fc14c30>,34,3,[6 4],35,102,105,67,76
1,<environment.Job instance at 0x7f404fc145a0>,36,2,[8 1],37,105,107,68,83
1,<environment.Job instance at 0x7f404fc145f0>,39,14,[3 6],40,107,121,67,92
1,<environment.Job instance at 0x7f404fc14aa0>,42,1,[6 4],43,107,108,64,93
1,<environment.Job instance at 0x7f404fc14dc0>,44,19,[6 1],45,108,127,63,101
1,<environment.Job instance at 0x7f404fd5faf0>,45,16,[ 2 10],46,127,143,81,115
1,<environment.Job instance at 0x7f4004a2b9b0>,9,3,[4 7],10,10,13,0,10
1,<environment.Job instance at 0x7f4004a2b0f0>,10,17,[2 6],11,13,30,2,11
1,<environment.Job instance at 0x7f4004a2baa0>,11,15,[8 4],12,13,28,1,12
1,<environment.Job instance at 0x7f4004b62730>,14,2,[8 5],15,30,32,15,15
1,<environment.Job instance at 0x7f4004a76c30>,15,1,[8 1],16,28,29,12,16
1,<environment.Job instance at 0x7f4004a2faa0>,5,2,[1 5],6,36,38,30,36
1,<environment.Job instance at 0x7f4004a768c0>,20,2,[ 5 10],21,38,40,17,36
1,<environment.Job instance at 0x7f4004a762d0>,19,2,[10  2],20,40,42,20,36
1,<environment.Job instance at 0x7f4004a76280>,23,2,[7 3],24,36,38,12,36
1,<environment.Job instance at 0x7f40485add70>,22,2,[2 6],23,42,44,19,36
1,<environment.Job instance at 0x7f4048a3be10>,27,3,[6 3],28,42,45,14,36
1,<environment.Job instance at 0x7f40489fddc0>,28,13,[8 5],29,45,58,16,36
1,<environment.Job instance at 0x7f40485ad320>,24,15,[10  4],25,58,73,33,47
1,<environment.Job instance at 0x7f4004b51a00>,33,3,[9 5],34,73,76,39,47
1,<environment.Job instance at 0x7f4004a2ee10>,37,14,[ 1 10],38,76,90,38,63
1,<environment.Job instance at 0x7f4004a2eb40>,44,17,[9 4],45,90,107,45,78
1,<environment.Job instance at 0x7f4004a91460>,47,13,[1 9],48,107,120,59,92
1,<environment.Job instance at 0x7f4004a91be0>,51,14,[8 2],52,120,134,68,106
1,<environment.Job instance at 0x7f4048a38c30>,54,15,[5 1],55,134,149,79,121
1,<environment.Job instance at 0x7f4004a93870>,64,12,[5 9],65,134,146,69,124
1,<environment.Job instance at 0x7f4004a93870>,6,12,[8 3],7,10,22,3,10
1,<environment.Job instance at 0x7f40488ed730>,9,17,[8 1],10,22,39,12,10
1,<environment.Job instance at 0x7f40488948c0>,15,3,[2 5],16,16,19,0,16
1,<environment.Job instance at 0x7f4048c1eaf0>,7,15,[2 9],8,27,42,19,27
1,<environment.Job instance at 0x7f40488971e0>,18,14,[ 2 10],19,42,56,23,29
1,<environment.Job instance at 0x7f4048834a00>,26,3,[8 1],27,39,42,12,29
1,<environment.Job instance at 0x7f404884b960>,25,13,[ 1 10],26,56,69,30,45
1,<environment.Job instance at 0x7f404f670cd0>,31,12,[5 5],32,69,81,37,53
1,<environment.Job instance at 0x7f404f6709b0>,32,12,[5 5],33,69,81,36,57
1,<environment.Job instance at 0x7f404f612230>,35,14,[7 4],36,81,95,45,66
1,<environment.Job instance at 0x7f4004a7fc80>,45,12,[ 1 10],46,95,107,49,80
1,<environment.Job instance at 0x7f40487ec050>,46,3,[ 3 10],47,107,110,60,81
1,<environment.Job instance at 0x7f40487ecaa0>,47,2,[10  4],48,110,112,62,83
1,<environment.Job instance at 0x7f4004adf8c0>,40,16,[10  2],41,112,128,71,99
1,<environment.Job instance at 0x7f4004fb3f00>,53,14,[2 7],54,128,142,74,113
1,<environment.Job instance at 0x7f404f1c7500>,57,3,[3 5],58,142,145,84,116
1,<environment.Job instance at 0x7f4004aefa50>,60,1,[5 1],61,128,129,67,124
1,<environment.Job instance at 0x7f4048547b40>,61,3,[9 3],62,145,148,83,124
1,<environment.Job instance at 0x7f4048817fa0>,63,3,[8 4],64,148,151,84,124
1,<environment.Job instance at 0x7f4048817780>,64,3,[6 1],65,129,132,64,124
1,<environment.Job instance at 0x7f400515ff00>,3,3,[7 3],4,4,7,0,4
1,<environment.Job instance at 0x7f4005063690>,8,2,[5 7],9,9,11,0,9
1,<environment.Job instance at 0x7f4005063140>,10,14,[6 4],11,11,25,0,11
1,<environment.Job instance at 0x7f4005182820>,11,18,[3 6],12,12,30,0,12
1,<environment.Job instance at 0x7f404f1256e0>,9,15,[7 1],10,25,40,15,15
1,<environment.Job instance at 0x7f404f57bb90>,17,2,[4 5],18,40,42,22,18
1,<environment.Job instance at 0x7f40050bd550>,14,14,[7 1],15,42,56,27,28
1,<environment.Job instance at 0x7f40050c3b90>,21,14,[5 8],22,56,70,34,41
1,<environment.Job instance at 0x7f404f588640>,24,1,[5 7],25,70,71,45,48
1,<environment.Job instance at 0x7f404f5881e0>,25,18,[7 5],26,71,89,45,60
1,<environment.Job instance at 0x7f404f586280>,32,18,[5 1],33,89,107,56,82
1,<environment.Job instance at 0x7f404f588280>,33,2,[5 6],34,89,91,55,82
1,<environment.Job instance at 0x7f404f5869b0>,36,3,[8 2],37,107,110,70,82
1,<environment.Job instance at 0x7f404f586cd0>,39,15,[ 1 10],40,110,125,70,96
1,<environment.Job instance at 0x7f404f585fa0>,44,12,[4 6],45,125,137,80,110
1,<environment.Job instance at 0x7f404f585af0>,45,17,[7 1],46,137,154,91,125
1,<environment.Job instance at 0x7f404f585910>,47,18,[1 7],48,137,155,89,129
1,<environment.Job instance at 0x7f404f0e6b40>,4,3,[6 4],5,6,9,1,6
1,<environment.Job instance at 0x7f404f0e6f50>,3,12,[4 6],4,13,25,9,13
1,<environment.Job instance at 0x7f404f4c4eb0>,13,16,[6 5],14,25,41,11,15
1,<environment.Job instance at 0x7f404f4c45a0>,21,2,[9 5],22,41,43,19,22
1,<environment.Job instance at 0x7f4048c5b960>,22,3,[9 5],23,43,46,20,23
1,<environment.Job instance at 0x7f404f4c4050>,17,17,[5 2],18,46,63,28,34
1,<environment.Job instance at 0x7f4048c5b690>,25,16,[5 3],26,46,62,20,34
1,<environment.Job instance at 0x7f4048c5b1e0>,24,17,[9 5],25,63,80,38,52
1,<environment.Job instance at 0x7f404f0f7cd0>,29,13,[3 6],30,80,93,50,64
1,<environment.Job instance at 0x7f404f542dc0>,39,14,[6 1],40,80,94,40,74
1,<environment.Job instance at 0x7f404f542c30>,41,17,[10  4],42,94,111,52,82
1,<environment.Job instance at 0x7f404f542f50>,37,17,[4 9],38,111,128,73,101
1,<environment.Job instance at 0x7f404f542c80>,47,18,[3 6],48,128,146,80,123
1,<environment.Job instance at 0x7f404f5420a0>,51,3,[8 4],52,146,149,94,123
1,<environment.Job instance at 0x7f404f5423c0>,52,3,[5 2],53,128,131,75,123
1,<environment.Job instance at 0x7f404f17e550>,3,2,[2 5],4,5,7,1,5
1,<environment.Job instance at 0x7f4004fc92d0>,5,16,[4 6],6,7,23,1,6
1,<environment.Job instance at 0x7f404f641910>,10,2,[5 6],11,23,25,12,11
1,<environment.Job instance at 0x7f404f641460>,9,16,[2 8],10,25,41,15,12
1,<environment.Job instance at 0x7f4048791cd0>,12,18,[5 1],13,15,33,2,15
1,<environment.Job instance at 0x7f4048852820>,11,13,[2 8],12,41,54,29,25
1,<environment.Job instance at 0x7f404f7a9730>,19,12,[5 7],20,54,66,34,41
1,<environment.Job instance at 0x7f404fc10460>,4,15,[ 2 10],5,66,81,61,52
1,<environment.Job instance at 0x7f4005162d70>,23,17,[10  5],24,81,98,57,70
1,<environment.Job instance at 0x7f4048b35780>,32,15,[3 8],33,98,113,65,87
1,<environment.Job instance at 0x7f404efdeeb0>,34,13,[5 4],35,113,126,78,97
1,<environment.Job instance at 0x7f40488b4f50>,16,18,[4 6],17,113,131,96,106
1,<environment.Job instance at 0x7f404efde8c0>,39,2,[4 6],40,131,133,91,106
1,<environment.Job instance at 0x7f404efde640>,40,16,[2 8],41,133,149,92,122
1,<environment.Job instance at 0x7f4048ccfaa0>,44,1,[8 1],45,133,134,88,125
1,<environment.Job instance at 0x7f40489075f0>,2,3,[10  5],3,3,6,0,3
1,<environment.Job instance at 0x7f4048ccf690>,3,15,[4 9],4,6,21,2,6
1,<environment.Job instance at 0x7f4004bcb050>,8,12,[10  1],9,21,33,12,9
1,<environment.Job instance at 0x7f4004bcb3c0>,11,2,[5 5],12,33,35,21,12
1,<environment.Job instance at 0x7f4048ccfaa0>,4,14,[10  4],5,35,49,30,20
1,<environment.Job instance at 0x7f4004bcb8c0>,17,17,[8 2],18,49,66,31,37
1,<environment.Job instance at 0x7f4004bcb730>,18,17,[1 6],19,49,66,30,38
1,<environment.Job instance at 0x7f4004bcbaf0>,22,15,[2 9],23,66,81,43,52
1,<environment.Job instance at 0x7f4004bcbfa0>,27,16,[3 5],28,81,97,53,68
1,<environment.Job instance at 0x7f4004bb7410>,30,13,[6 4],31,81,94,50,70
1,<environment.Job instance at 0x7f4004bb7500>,34,17,[8 3],35,97,114,62,85
1,<environment.Job instance at 0x7f4004bb7a50>,38,15,[8 3],39,114,129,75,100
1,<environment.Job instance at 0x7f4004bb7aa0>,41,16,[5 3],42,129,145,87,116
1,<environment.Job instance at 0x7f404f5993c0>,0,2,[8 5],1,6,8,5,6
1,<environment.Job instance at 0x7f4004bb7fa0>,5,14,[5 7],6,8,22,2,6
1,<environment.Job instance at 0x7f404f5997d0>,6,1,[ 3 10],7,22,23,15,7
1,<environment.Job instance at 0x7f4004bb7e10>,4,15,[8 1],5,23,38,18,11
1,<environment.Job instance at 0x7f404884bfa0>,8,15,[ 4 10],9,38,53,29,24
1,<environment.Job instance at 0x7f4048bbe280>,22,2,[6 3],23,53,55,30,30
1,<environment.Job instance at 0x7f4004e14a50>,23,16,[3 8],24,55,71,31,42
1,<environment.Job instance at 0x7f404f0aadc0>,25,3,[3 9],26,71,74,45,46
1,<environment.Job instance at 0x7f404f0aa4b0>,27,18,[5 5],28,74,92,46,63
1,<environment.Job instance at 0x7f404f38edc0>,29,3,[2 9],30,92,95,62,66
1,<environment.Job instance at 0x7f404f38e0f0>,30,3,[9 2],31,95,98,64,69
1,<environment.Job instance at 0x7f404f0aa550>,31,3,[2 9],32,98,101,66,72
1,<environment.Job instance at 0x7f4048717e60>,33,18,[4 5],34,74,92,40,73
1,<environment.Job instance at 0x7f404f126690>,35,18,[5 8],36,101,119,65,90
1,<environment.Job instance at 0x7f40050b5d20>,41,16,[6 5],42,119,135,77,107
1,<environment.Job instance at 0x7f404f22feb0>,43,1,[5 5],44,135,136,91,113
1,<environment.Job instance at 0x7f404f22f5f0>,45,16,[6 5],46,136,152,90,124
1,<environment.Job instance at 0x7f40486f1c30>,3,3,[7 2],4,4,7,0,4
1,<environment.Job instance at 0x7f40485e3cd0>,7,3,[3 7],8,8,11,0,8
1,<environment.Job instance at 0x7f4004d03870>,0,12,[2 6],1,11,23,10,11
1,<environment.Job instance at 0x7f4048962be0>,11,16,[2 5],12,23,39,11,12
1,<environment.Job instance at 0x7f404f38ed70>,12,15,[2 5],13,23,38,10,13
1,<environment.Job instance at 0x7f404f555690>,15,15,[5 4],16,38,53,22,24
1,<environment.Job instance at 0x7f4048545640>,13,16,[1 5],14,39,55,25,26
1,<environment.Job instance at 0x7f404f1f4370>,18,2,[7 5],19,53,55,34,26
1,<environment.Job instance at 0x7f4004e6e780>,20,18,[4 5],21,55,73,34,44
1,<environment.Job instance at 0x7f404f330280>,6,18,[1 5],7,55,73,48,44
1,<environment.Job instance at 0x7f40487c68c0>,21,18,[4 9],22,73,91,51,62
1,<environment.Job instance at 0x7f4004c188c0>,37,2,[3 8],38,91,93,53,71
1,<environment.Job instance at 0x7f4004e537d0>,10,17,[10  1],11,93,110,82,82
1,<environment.Job instance at 0x7f4004c184b0>,39,17,[9 1],40,110,127,70,98
1,<environment.Job instance at 0x7f4004b71640>,44,15,[5 3],45,127,142,82,113
1,<environment.Job instance at 0x7f404f024870>,50,13,[10  5],51,142,155,91,127
1,<environment.Job instance at 0x7f404f1275f0>,0,2,[5 4],1,3,5,2,3
1,<environment.Job instance at 0x7f40487660f0>,7,2,[2 6],8,8,10,0,8
1,<environment.Job instance at 0x7f40487c3b40>,9,3,[7 2],10,11,14,1,11
1,<environment.Job instance at 0x7f4004ac14b0>,4,16,[7 3],5,14,30,9,11
1,<environment.Job instance at 0x7f404882a1e0>,12,14,[6 1],13,30,44,17,29
1,<environment.Job instance at 0x7f404f3cea00>,16,3,[10  1],17,44,47,27,29
1,<environment.Job instance at 0x7f404f3ee370>,18,1,[5 1],19,47,48,28,29
1,<environment.Job instance at 0x7f404f3ee0a0>,19,2,[7 4],20,48,50,28,30
1,<environment.Job instance at 0x7f404f3ef1e0>,20,2,[1 9],21,30,32,9,30
1,<environment.Job instance at 0x7f404f3ce5f0>,17,15,[7 2],18,50,65,32,48
1,<environment.Job instance at 0x7f404f3c5280>,23,3,[6 1],24,65,68,41,48
1,<environment.Job instance at 0x7f4048bc7410>,24,3,[1 6],25,48,51,23,48
1,<environment.Job instance at 0x7f4048bc72d0>,25,16,[2 7],26,51,67,25,49
1,<environment.Job instance at 0x7f4004b080f0>,28,18,[8 3],29,68,86,39,57
1,<environment.Job instance at 0x7f4048bab7d0>,15,18,[10  4],16,90,108,74,90
1,<environment.Job instance at 0x7f4004b085f0>,32,15,[ 2 10],33,108,123,75,95
1,<environment.Job instance at 0x7f4004b08870>,4,1,[9 1],5,5,6,0,5
1,<environment.Job instance at 0x7f40488d5aa0>,7,2,[9 2],8,8,10,0,8
1,<environment.Job instance at 0x7f40488d5d20>,8,1,[5 5],9,10,11,1,9
1,<environment.Job instance at 0x7f40488d5730>,6,13,[4 5],7,10,23,3,10
1,<environment.Job instance at 0x7f40488d5230>,9,18,[7 2],10,23,41,13,12
1,<environment.Job instance at 0x7f4004bfc780>,15,3,[10  1],16,41,44,25,17
1,<environment.Job instance at 0x7f4004bfcaa0>,13,12,[5 8],14,44,56,30,28
1,<environment.Job instance at 0x7f4004bfc2d0>,23,3,[6 1],24,56,59,32,32
1,<environment.Job instance at 0x7f4004bfcdc0>,25,3,[4 8],26,56,59,30,35
1,<environment.Job instance at 0x7f4004bfc7d0>,27,12,[6 2],28,59,71,31,42
1,<environment.Job instance at 0x7f4004c4f370>,28,3,[2 8],29,59,62,30,45
1,<environment.Job instance at 0x7f4004c4fbe0>,29,2,[4 5],30,62,64,32,45
1,<environment.Job instance at 0x7f4004c4fdc0>,31,2,[2 6],32,64,66,32,46
1,<environment.Job instance at 0x7f4004c4fa00>,34,12,[3 9],35,71,83,36,55
1,<environment.Job instance at 0x7f40488d5780>,5,16,[8 5],6,83,99,77,70
1,<environment.Job instance at 0x7f4004c4f190>,38,3,[2 5],39,83,86,44,70
1,<environment.Job instance at 0x7f4004c4f6e0>,44,3,[2 8],45,99,102,54,74
1,<environment.Job instance at 0x7f4004bfd7d0>,45,13,[5 1],46,99,112,53,83
1,<environment.Job instance at 0x7f4004bfdaf0>,47,2,[5 7],48,102,104,54,83
1,<environment.Job instance at 0x7f4004bfd780>,54,14,[10  4],55,112,126,57,97
1,<environment.Job instance at 0x7f4004bfd640>,57,13,[7 4],58,126,139,68,110
1,<environment.Job instance at 0x7f4004beb7d0>,61,16,[5 7],62,139,155,77,126
1,<environment.Job instance at 0x7f4004f7e4b0>,0,1,[4 9],1,5,6,4,5
1,<environment.Job instance at 0x7f404f558dc0>,3,13,[4 7],4,7,20,3,7
1,<environment.Job instance at 0x7f404f5585f0>,4,2,[7 3],5,20,22,15,9
1,<environment.Job instance at 0x7f4004aa5780>,6,12,[4 6],7,22,34,15,11
1,<environment.Job instance at 0x7f40048c0320>,12,12,[5 4],13,22,34,9,15
1,<environment.Job instance at 0x7f404fe394b0>,16,15,[1 5],17,34,49,17,20
1,<environment.Job instance at 0x7f4048c1e500>,10,17,[8 3],11,34,51,23,30
1,<environment.Job instance at 0x7f4004842f50>,18,2,[5 5],19,51,53,32,30
1,<environment.Job instance at 0x7f4004842780>,19,3,[5 2],20,51,54,31,30
1,<environment.Job instance at 0x7f40048e2c30>,21,2,[4 8],22,53,55,31,32
1,<environment.Job instance at 0x7f400485e140>,26,13,[ 1 10],27,55,68,28,39
1,<environment.Job instance at 0x7f4048552be0>,27,14,[9 3],28,68,82,40,54
1,<environment.Job instance at 0x7f4004dba7d0>,29,15,[8 4],30,82,97,52,69
1,<environment.Job instance at 0x7f404f386cd0>,37,15,[6 1],38,97,112,59,83
1,<environment.Job instance at 0x7f404f386500>,44,1,[7 5],45,112,113,67,106
1,<environment.Job instance at 0x7f40486d85f0>,32,16,[6 3],33,113,129,80,106
1,<environment.Job instance at 0x7f404f386960>,48,2,[5 7],49,129,131,80,106
1,<environment.Job instance at 0x7f4048a96a00>,50,16,[1 5],51,106,122,55,106
1,<environment.Job instance at 0x7f4048a965f0>,52,3,[6 2],53,131,134,78,108
1,<environment.Job instance at 0x7f404f084eb0>,54,2,[1 7],55,122,124,67,115
1,<environment.Job instance at 0x7f404f0848c0>,56,16,[3 6],57,131,147,74,119
1,<environment.Job instance at 0x7f40050d8280>,59,3,[5 2],60,134,137,74,120
1,<environment.Job instance at 0x7f40050d8230>,60,2,[2 6],61,124,126,63,120
1,<environment.Job instance at 0x7f40050d8c30>,62,2,[2 8],63,147,149,84,122
1,<environment.Job instance at 0x7f4048a18640>,6,2,[5 6],7,7,9,0,7
1,<environment.Job instance at 0x7f40488e6230>,7,12,[4 7],8,9,21,1,8
1,<environment.Job instance at 0x7f4048b2a2d0>,8,1,[9 2],9,21,22,12,9
1,<environment.Job instance at 0x7f40488e6280>,9,12,[ 5 10],10,22,34,12,10
1,<environment.Job instance at 0x7f40049bb2d0>,13,2,[3 6],14,34,36,20,20
1,<environment.Job instance at 0x7f404f533370>,14,1,[1 7],15,21,22,6,20
1,<environment.Job instance at 0x7f40049bb410>,15,2,[1 8],16,36,38,20,20
1,<environment.Job instance at 0x7f404f537370>,17,14,[8 3],18,38,52,20,23
1,<environment.Job instance at 0x7f404f537190>,18,14,[7 5],19,52,66,33,37
1,<environment.Job instance at 0x7f4048a18b40>,5,16,[10  2],6,66,82,60,53
1,<environment.Job instance at 0x7f4004819730>,28,13,[5 9],29,82,95,53,66
1,<environment.Job instance at 0x7f404f3307d0>,36,12,[9 1],37,95,107,58,79
1,<environment.Job instance at 0x7f404f330e60>,40,12,[3 8],41,107,119,66,90
1,<environment.Job instance at 0x7f404f57b7d0>,47,16,[2 6],48,119,135,71,108
1,<environment.Job instance at 0x7f4048991190>,2,1,[6 3],3,3,4,0,3
1,<environment.Job instance at 0x7f404f57b0a0>,3,2,[4 5],4,4,6,0,4
1,<environment.Job instance at 0x7f4048564230>,5,18,[5 3],6,8,26,2,8
1,<environment.Job instance at 0x7f4004fa5eb0>,8,2,[10  1],9,26,28,17,9
1,<environment.Job instance at 0x7f404f57b7d0>,9,13,[6 1],10,28,41,18,13
1,<environment.Job instance at 0x7f4004fa5f50>,10,12,[ 4 10],11,41,53,30,25
1,<environment.Job instance at 0x7f40050e5dc0>,14,2,[6 1],15,53,55,38,26
1,<environment.Job instance at 0x7f4004b23fa0>,16,1,[10  5],17,55,56,38,27
1,<environment.Job instance at 0x7f4004b23d20>,17,3,[10  3],18,56,59,38,30
1,<environment.Job instance at 0x7f4005114370>,21,1,[9 5],22,59,60,37,56
1,<environment.Job instance at 0x7f400511f6e0>,22,3,[5 9],23,60,63,37,56
1,<environment.Job instance at 0x7f40050f59b0>,13,15,[5 8],14,63,78,49,56
1,<environment.Job instance at 0x7f4004b36c80>,25,1,[4 6],26,78,79,52,56
1,<environment.Job instance at 0x7f4004b36b40>,28,18,[5 5],29,80,98,51,80
1,<environment.Job instance at 0x7f4004b53640>,29,15,[3 6],30,98,113,68,84
1,<environment.Job instance at 0x7f4004b53960>,31,1,[9 3],32,113,114,81,85
1,<environment.Job instance at 0x7f4004b53140>,32,1,[1 7],33,113,114,80,85
1,<environment.Job instance at 0x7f4004b53780>,33,1,[5 4],34,85,86,51,85
1,<environment.Job instance at 0x7f4004b480f0>,35,2,[8 2],36,114,116,78,87
1,<environment.Job instance at 0x7f4004b48910>,37,3,[9 4],38,116,119,78,90
1,<environment.Job instance at 0x7f4004b48230>,36,1,[10  4],37,119,120,82,92
1,<environment.Job instance at 0x7f4004b48640>,40,2,[ 4 10],41,120,122,79,93
1,<environment.Job instance at 0x7f4004b48190>,41,1,[9 1],42,122,123,80,94
1,<environment.Job instance at 0x7f4004b484b0>,43,3,[9 5],44,123,126,79,101
1,<environment.Job instance at 0x7f4004b487d0>,42,18,[7 2],43,126,144,83,115
1,<environment.Job instance at 0x7f404f0630a0>,4,2,[5 3],5,5,7,0,5
1,<environment.Job instance at 0x7f404f063870>,7,2,[4 9],8,8,10,0,8
1,<environment.Job instance at 0x7f404f063d20>,10,3,[7 1],11,27,30,16,27
1,<environment.Job instance at 0x7f404f063320>,9,2,[1 6],10,27,29,17,27
1,<environment.Job instance at 0x7f4048caf4b0>,12,16,[7 1],13,30,46,17,27
1,<environment.Job instance at 0x7f4048caf640>,15,2,[3 7],16,31,33,15,31
1,<environment.Job instance at 0x7f4048caffa0>,19,17,[7 5],20,46,63,26,36
1,<environment.Job instance at 0x7f4048caf0f0>,22,13,[1 8],23,63,76,40,47
1,<environment.Job instance at 0x7f4004ea9d20>,2,17,[6 3],3,76,93,73,64
1,<environment.Job instance at 0x7f4048caf780>,24,17,[3 6],25,76,93,51,68
1,<environment.Job instance at 0x7f4048cafa00>,26,15,[8 5],27,93,108,66,79
1,<environment.Job instance at 0x7f4048c9a140>,36,15,[5 2],37,108,123,71,94
1,<environment.Job instance at 0x7f4048caf730>,21,15,[4 9],22,123,138,101,109
1,<environment.Job instance at 0x7f4048c9a500>,41,13,[ 1 10],42,138,151,96,123
1,<environment.Job instance at 0x7f404f37e190>,2,2,[5 5],3,3,5,0,3
1,<environment.Job instance at 0x7f4004c15780>,3,1,[3 5],4,4,5,0,4
1,<environment.Job instance at 0x7f4048bb5780>,4,2,[6 5],5,5,7,0,5
1,<environment.Job instance at 0x7f404f180140>,5,1,[ 4 10],6,7,8,1,7
1,<environment.Job instance at 0x7f404f180a00>,7,3,[1 7],8,9,12,1,9
1,<environment.Job instance at 0x7f404efdd5f0>,8,2,[3 7],9,12,14,3,12
1,<environment.Job instance at 0x7f4004bb74b0>,12,3,[5 5],13,14,17,1,13
1,<environment.Job instance at 0x7f404f21b2d0>,11,13,[8 2],12,17,30,5,13
1,<environment.Job instance at 0x7f4048af8500>,13,3,[ 3 10],14,30,33,16,14
1,<environment.Job instance at 0x7f4048af8e10>,14,1,[10  2],15,33,34,18,16
1,<environment.Job instance at 0x7f4004aafaf0>,16,2,[4 9],17,34,36,17,17
1,<environment.Job instance at 0x7f404fd57320>,20,1,[6 1],21,34,35,13,21
1,<environment.Job instance at 0x7f40488bcaa0>,21,15,[5 1],22,35,50,13,22
1,<environment.Job instance at 0x7f40486e6e10>,23,1,[7 1],24,50,51,26,24
1,<environment.Job instance at 0x7f404f21b550>,10,13,[1 8],11,37,50,26,37
1,<environment.Job instance at 0x7f404f181280>,26,15,[10  5],27,51,66,24,37
1,<environment.Job instance at 0x7f4048772050>,29,2,[5 1],30,66,68,36,39
1,<environment.Job instance at 0x7f404f22c960>,19,17,[4 6],20,66,83,46,54
1,<environment.Job instance at 0x7f4004882780>,33,14,[5 4],34,68,82,34,55
1,<environment.Job instance at 0x7f404f0952d0>,35,15,[7 1],36,83,98,47,69
1,<environment.Job instance at 0x7f4048644eb0>,37,17,[9 4],38,98,115,60,86
1,<environment.Job instance at 0x7f40486449b0>,38,12,[3 7],39,115,127,76,98
1,<environment.Job instance at 0x7f404f170e60>,43,12,[3 6],44,127,139,83,114
1,<environment.Job instance at 0x7f404f1700f0>,44,14,[7 2],45,115,129,70,114
1,<environment.Job instance at 0x7f404f3ef190>,46,13,[10  2],47,139,152,92,123
1,<environment.Job instance at 0x7f4048ca4370>,3,1,[6 1],4,4,5,0,4
1,<environment.Job instance at 0x7f40049a1820>,5,2,[1 9],6,6,8,0,6
1,<environment.Job instance at 0x7f4048823370>,4,3,[6 2],5,8,11,3,6
1,<environment.Job instance at 0x7f4048823730>,7,2,[ 1 10],8,11,13,3,8
1,<environment.Job instance at 0x7f40488237d0>,8,1,[7 4],9,13,14,4,9
1,<environment.Job instance at 0x7f4048823910>,9,1,[2 5],10,10,11,0,10
1,<environment.Job instance at 0x7f4048823a00>,10,18,[6 1],11,14,32,3,11
1,<environment.Job instance at 0x7f4048823af0>,11,3,[7 4],12,32,35,20,12
1,<environment.Job instance at 0x7f4048823c30>,13,3,[6 1],14,35,38,21,14
1,<environment.Job instance at 0x7f4048823e10>,14,18,[2 5],15,15,33,0,15
1,<environment.Job instance at 0x7f4048823fa0>,16,3,[9 5],17,38,41,21,18
1,<environment.Job instance at 0x7f4048820050>,17,15,[10  1],18,41,56,23,28
1,<environment.Job instance at 0x7f4048820870>,27,1,[1 6],28,36,37,8,36
1,<environment.Job instance at 0x7f4048820d20>,29,2,[7 3],30,56,58,26,41
1,<environment.Job instance at 0x7f4048820e60>,30,1,[2 9],31,58,59,27,42
1,<environment.Job instance at 0x7f4048820fa0>,31,1,[7 3],32,59,60,27,42
1,<environment.Job instance at 0x7f4048847230>,32,18,[7 3],33,60,78,27,49
1,<environment.Job instance at 0x7f4048847370>,34,3,[6 2],35,78,81,43,52
1,<environment.Job instance at 0x7f4048823c80>,12,16,[1 7],13,59,75,46,52
1,<environment.Job instance at 0x7f4048847320>,40,15,[8 2],41,81,96,40,68
1,<environment.Job instance at 0x7f4048ca4140>,2,14,[ 3 10],3,96,110,93,82
1,<environment.Job instance at 0x7f4048820780>,25,17,[8 3],26,110,127,84,98
1,<environment.Job instance at 0x7f4048847eb0>,47,13,[10  3],48,127,140,79,111
1,<environment.Job instance at 0x7f404883b960>,58,3,[4 6],59,140,143,81,114
1,<environment.Job instance at 0x7f404883b7d0>,53,13,[8 4],54,143,156,89,127
1,<environment.Job instance at 0x7f4005153500>,4,1,[3 8],5,9,10,4,9
1,<environment.Job instance at 0x7f40051537d0>,8,17,[9 3],9,13,30,4,13
1,<environment.Job instance at 0x7f4048cccc30>,11,13,[4 5],12,30,43,18,14
1,<environment.Job instance at 0x7f4048cccfa0>,12,3,[6 3],13,30,33,17,14
1,<environment.Job instance at 0x7f4048ccc870>,15,2,[3 8],16,43,45,27,16
1,<environment.Job instance at 0x7f4048ccc500>,14,2,[8 2],15,45,47,30,18
1,<environment.Job instance at 0x7f4004f6ba50>,18,3,[7 5],19,47,50,28,21
1,<environment.Job instance at 0x7f404892baf0>,19,17,[10  1],20,50,67,30,38
1,<environment.Job instance at 0x7f404f7b5e60>,26,3,[6 3],27,38,41,11,38
1,<environment.Job instance at 0x7f4004b17f50>,28,15,[5 3],29,67,82,38,53
1,<environment.Job instance at 0x7f4004b67af0>,29,15,[4 9],30,82,97,52,69
1,<environment.Job instance at 0x7f4004fcb1e0>,36,13,[9 1],37,97,110,60,83
1,<environment.Job instance at 0x7f4048767e60>,39,13,[2 8],40,110,123,70,94
1,<environment.Job instance at 0x7f4004b71500>,41,16,[1 7],42,123,139,81,110
1,<environment.Job instance at 0x7f4004b71550>,45,12,[4 8],46,139,151,93,123
1,<environment.Job instance at 0x7f4004916cd0>,3,1,[8 5],4,5,6,1,5
1,<environment.Job instance at 0x7f40488d8aa0>,10,1,[6 3],11,11,12,0,11
1,<environment.Job instance at 0x7f404f0612d0>,8,18,[5 5],9,14,32,5,14
1,<environment.Job instance at 0x7f404f05ca00>,14,2,[1 7],15,32,34,17,15
1,<environment.Job instance at 0x7f4004a22640>,16,2,[10  3],17,34,36,17,18
1,<environment.Job instance at 0x7f404f05cdc0>,17,17,[2 5],18,36,53,18,24
1,<environment.Job instance at 0x7f400490a500>,21,16,[5 1],22,36,52,14,30
1,<environment.Job instance at 0x7f400490ae10>,22,14,[1 8],23,53,67,30,38
1,<environment.Job instance at 0x7f4005103910>,11,18,[8 2],12,52,70,40,49
1,<environment.Job instance at 0x7f404f0ead70>,27,14,[6 2],28,70,84,42,55
1,<environment.Job instance at 0x7f400490a410>,19,17,[9 4],20,84,101,64,73
1,<environment.Job instance at 0x7f4005062cd0>,34,2,[5 7],35,101,103,66,74
1,<environment.Job instance at 0x7f4004c84f00>,35,3,[5 5],36,103,106,67,77
1,<environment.Job instance at 0x7f400490ad20>,20,15,[10  4],21,106,121,85,92
1,<environment.Job instance at 0x7f404f4edb40>,43,15,[5 6],44,121,136,77,108
1,<environment.Job instance at 0x7f404f4ed3c0>,50,14,[5 6],51,136,150,85,121
1,<environment.Job instance at 0x7ff92edd28c0>,11,15,[4 8],12,12,27,0,12
1,<environment.Job instance at 0x7ff9341e20f0>,0,13,[9 3],1,27,40,26,22
1,<environment.Job instance at 0x7ff92edd2820>,10,12,[3 7],11,40,52,29,24
1,<environment.Job instance at 0x7ff92edd2dc0>,17,3,[4 9],18,52,55,34,30
1,<environment.Job instance at 0x7ff92edd2e60>,18,3,[4 7],19,55,58,36,30
1,<environment.Job instance at 0x7ff92edd2fa0>,20,1,[7 5],21,58,59,37,44
1,<environment.Job instance at 0x7ff92edd2af0>,21,1,[6 5],22,59,60,37,44
1,<environment.Job instance at 0x7ff92edd2d20>,16,16,[3 5],17,58,74,41,45
1,<environment.Job instance at 0x7ff92edd2f00>,19,14,[3 5],20,60,74,40,54
1,<environment.Job instance at 0x7ff92edd4320>,26,3,[3 7],27,74,77,47,56
1,<environment.Job instance at 0x7ff92edd47d0>,29,12,[5 4],30,77,89,47,60
1,<environment.Job instance at 0x7ff92edd4500>,30,14,[5 2],31,74,88,43,69
1,<environment.Job instance at 0x7ff92edd4b90>,32,3,[5 1],33,88,91,55,71
1,<environment.Job instance at 0x7ff92edd42d0>,24,18,[2 6],25,89,107,64,78
1,<environment.Job instance at 0x7ff92edd45f0>,27,15,[8 4],28,91,106,63,78
1,<environment.Job instance at 0x7ff92edd4eb0>,37,2,[2 6],38,107,109,69,80
1,<environment.Job instance at 0x7ff92edd4be0>,40,15,[10  3],41,109,124,68,98
1,<environment.Job instance at 0x7ff92edd7640>,45,13,[6 5],46,124,137,78,108
1,<environment.Job instance at 0x7ff92edd7960>,49,16,[2 5],50,127,143,77,127
1,<environment.Job instance at 0x7ff92edd7780>,48,15,[10  1],49,143,158,94,131
1,<environment.Job instance at 0x7ff8f2a8a4b0>,4,2,[2 7],5,5,7,0,5
1,<environment.Job instance at 0x7ff934349960>,10,2,[3 8],11,11,13,0,11
1,<environment.Job instance at 0x7ff934349af0>,9,12,[4 9],10,13,25,3,12
1,<environment.Job instance at 0x7ff93420abe0>,12,14,[1 8],13,25,39,12,13
1,<environment.Job instance at 0x7ff93420a5a0>,13,3,[1 9],14,39,42,25,14
1,<environment.Job instance at 0x7ff934348f00>,19,2,[4 9],20,42,44,22,25
1,<environment.Job instance at 0x7ff934348af0>,18,14,[9 5],19,44,58,25,32
1,<environment.Job instance at 0x7ff9343485f0>,21,15,[1 7],22,58,73,36,44
1,<environment.Job instance at 0x7ff934209320>,23,15,[5 2],24,58,73,34,44
1,<environment.Job instance at 0x7ff93435c140>,33,18,[6 5],34,73,91,39,62
1,<environment.Job instance at 0x7ff934356e60>,39,14,[2 6],40,91,105,51,78
1,<environment.Job instance at 0x7ff934356780>,40,1,[5 8],41,105,106,64,78
1,<environment.Job instance at 0x7ff93435c0f0>,35,16,[ 2 10],36,106,122,70,93
1,<environment.Job instance at 0x7ff934356b40>,42,14,[2 9],43,122,136,79,107
1,<environment.Job instance at 0x7ff934352820>,52,3,[10  2],53,136,139,83,120
1,<environment.Job instance at 0x7ff934352690>,53,2,[8 3],54,139,141,85,120
1,<environment.Job instance at 0x7ff9343524b0>,54,12,[3 8],55,141,153,86,125
1,<environment.Job instance at 0x7ff93434e550>,59,2,[9 4],60,153,155,93,133
1,<environment.Job instance at 0x7ff8e914bbe0>,3,2,[7 3],4,5,7,1,5
1,<environment.Job instance at 0x7ff8e91a7780>,0,2,[ 5 10],1,7,9,6,6
1,<environment.Job instance at 0x7ff8e90df410>,7,3,[6 3],8,9,12,1,8
1,<environment.Job instance at 0x7ff8e90268c0>,10,18,[6 1],11,12,30,1,11
1,<environment.Job instance at 0x7ff92f02dfa0>,13,3,[9 5],14,30,33,16,16
1,<environment.Job instance at 0x7ff8e9031af0>,16,1,[7 3],17,33,34,16,18
1,<environment.Job instance at 0x7ff8e9031410>,17,14,[ 1 10],18,34,48,16,22
1,<environment.Job instance at 0x7ff8e9025eb0>,18,1,[2 7],19,24,25,5,24
1,<environment.Job instance at 0x7ff92eb40be0>,20,15,[8 2],21,48,63,27,34
1,<environment.Job instance at 0x7ff8e91b5370>,25,13,[6 4],26,63,76,37,52
1,<environment.Job instance at 0x7ff92eba23c0>,27,13,[1 9],28,76,89,48,61
1,<environment.Job instance at 0x7ff92eb3b500>,29,15,[ 5 10],30,89,104,59,76
1,<environment.Job instance at 0x7ff8e91b5f00>,24,17,[9 4],25,104,121,79,92
1,<environment.Job instance at 0x7ff8e9189190>,44,12,[5 9],45,121,133,76,104
1,<environment.Job instance at 0x7ff8e91890f0>,46,15,[2 7],47,133,148,86,120
1,<environment.Job instance at 0x7ff8e90310a0>,19,16,[9 4],20,148,164,128,137
1,<environment.Job instance at 0x7ff8e905a2d0>,52,3,[7 1],53,137,140,84,137
1,<environment.Job instance at 0x7ff92ebcd550>,1,12,[5 5],2,4,16,2,4
1,<environment.Job instance at 0x7ff92f118fa0>,5,14,[7 4],6,16,30,10,7
1,<environment.Job instance at 0x7ff92f49b0a0>,2,12,[5 5],3,30,42,27,16
1,<environment.Job instance at 0x7ff92ef42280>,16,3,[ 3 10],17,42,45,25,17
1,<environment.Job instance at 0x7ff92ec23a50>,17,2,[10  4],18,45,47,27,18
1,<environment.Job instance at 0x7ff8e95d3b40>,3,13,[4 9],4,47,60,43,32
1,<environment.Job instance at 0x7ff92ee288c0>,23,14,[2 7],24,60,74,36,47
1,<environment.Job instance at 0x7ff8e9596e60>,28,15,[8 5],29,74,89,45,61
1,<environment.Job instance at 0x7ff8e95c69b0>,30,1,[5 1],31,61,62,30,61
1,<environment.Job instance at 0x7ff8e95c64b0>,32,3,[ 4 10],33,89,92,56,64
1,<environment.Job instance at 0x7ff8e95c6af0>,34,3,[6 1],35,66,69,31,66
1,<environment.Job instance at 0x7ff8e95c6050>,33,3,[8 4],34,92,95,58,66
1,<environment.Job instance at 0x7ff92f0d5730>,15,12,[ 1 10],16,95,107,79,78
1,<environment.Job instance at 0x7ff8e91890f0>,38,17,[7 4],39,107,124,68,95
1,<environment.Job instance at 0x7ff8e9189c30>,40,12,[8 5],41,124,136,83,108
1,<environment.Job instance at 0x7ff8e9189dc0>,41,3,[9 2],42,136,139,94,110
1,<environment.Job instance at 0x7ff8e9189870>,43,2,[9 1],44,139,141,95,117
1,<environment.Job instance at 0x7ff8e9189410>,44,2,[1 8],45,136,138,91,117
1,<environment.Job instance at 0x7ff8e9189be0>,45,16,[6 3],46,141,157,95,128
1,<environment.Job instance at 0x7ff8e90cae10>,47,2,[2 8],48,157,159,109,130
1,<environment.Job instance at 0x7ff8e90cae10>,3,2,[5 5],4,4,6,0,4
1,<environment.Job instance at 0x7ff8e94b85a0>,4,12,[4 6],5,7,19,2,7
1,<environment.Job instance at 0x7ff8e9576f50>,5,17,[7 1],6,19,36,13,8
1,<environment.Job instance at 0x7ff8e9576e10>,0,14,[3 6],1,19,33,18,11
1,<environment.Job instance at 0x7ff8e97746e0>,10,15,[1 6],11,33,48,22,20
1,<environment.Job instance at 0x7ff92f21ee10>,15,15,[7 4],16,36,51,20,26
1,<environment.Job instance at 0x7ff8e9772d70>,19,17,[7 2],20,51,68,31,40
1,<environment.Job instance at 0x7ff92f215dc0>,22,18,[5 1],23,68,86,45,58
1,<environment.Job instance at 0x7ff92f223d70>,25,2,[4 7],26,68,70,42,59
1,<environment.Job instance at 0x7ff8e94b8960>,7,18,[1 7],8,86,104,78,86
1,<environment.Job instance at 0x7ff92f22da00>,28,1,[5 7],29,104,105,75,86
1,<environment.Job instance at 0x7ff92f22d3c0>,30,3,[4 8],31,105,108,74,88
1,<environment.Job instance at 0x7ff92f22d320>,31,1,[10  2],32,108,109,76,88
1,<environment.Job instance at 0x7ff92f243550>,40,3,[9 5],41,109,112,68,93
1,<environment.Job instance at 0x7ff92f243370>,41,13,[1 7],42,112,125,70,96
1,<environment.Job instance at 0x7ff92f243a50>,45,3,[8 5],46,125,128,79,108
1,<environment.Job instance at 0x7ff92f2430f0>,46,12,[7 1],47,128,140,81,118
1,<environment.Job instance at 0x7ff92f243eb0>,49,3,[5 1],50,120,123,70,120
1,<environment.Job instance at 0x7ff92f23f910>,52,3,[6 4],53,140,143,87,120
1,<environment.Job instance at 0x7ff92f23fc30>,53,3,[6 2],54,143,146,89,120
1,<environment.Job instance at 0x7ff92f23f7d0>,54,15,[9 1],55,146,161,91,132
1,<environment.Job instance at 0x7ff92f813640>,5,12,[5 6],6,6,18,0,6
1,<environment.Job instance at 0x7ff8e94d7a00>,2,3,[5 2],3,8,11,5,8
1,<environment.Job instance at 0x7ff92f813690>,7,13,[8 2],8,18,31,10,8
1,<environment.Job instance at 0x7ff92f813370>,10,2,[4 9],11,31,33,20,12
1,<environment.Job instance at 0x7ff92f8133c0>,13,16,[4 9],14,33,49,19,21
1,<environment.Job instance at 0x7ff92f8281e0>,21,2,[2 6],22,49,51,27,31
1,<environment.Job instance at 0x7ff92f828c30>,22,3,[9 1],23,51,54,28,32
1,<environment.Job instance at 0x7ff92f828410>,24,17,[6 5],25,58,75,33,58
1,<environment.Job instance at 0x7ff92f8284b0>,27,16,[ 5 10],28,83,99,55,83
1,<environment.Job instance at 0x7ff92f34f6e0>,29,15,[5 2],30,99,114,69,85
1,<environment.Job instance at 0x7ff8e9104e60>,0,3,[7 3],1,3,6,2,3
1,<environment.Job instance at 0x7ff92f34f6e0>,4,3,[3 5],5,7,10,2,7
1,<environment.Job instance at 0x7ff8e9104410>,7,1,[8 3],8,10,11,2,8
1,<environment.Job instance at 0x7ff8e9104e10>,6,16,[6 1],7,11,27,4,8
1,<environment.Job instance at 0x7ff8e91abf50>,12,14,[9 1],13,27,41,14,14
1,<environment.Job instance at 0x7ff92f139c30>,18,14,[8 1],19,41,55,22,26
1,<environment.Job instance at 0x7ff92f4d5230>,20,18,[5 8],21,55,73,34,44
1,<environment.Job instance at 0x7ff92f09f500>,21,17,[3 7],22,73,90,51,61
1,<environment.Job instance at 0x7ff92ed202d0>,24,14,[10  1],25,90,104,65,76
1,<environment.Job instance at 0x7ff92f08e2d0>,30,15,[4 9],31,104,119,73,90
1,<environment.Job instance at 0x7ff92f41e960>,35,3,[5 1],36,104,107,68,100
1,<environment.Job instance at 0x7ff92f41ed20>,36,17,[9 3],37,119,136,82,108
1,<environment.Job instance at 0x7ff92ed3b5f0>,40,15,[9 1],41,136,151,95,122
1,<environment.Job instance at 0x7ff8e91ab140>,10,16,[5 9],11,151,167,140,138
1,<environment.Job instance at 0x7ff92f4dc550>,7,3,[2 8],8,16,19,8,16
1,<environment.Job instance at 0x7ff92f4dc7d0>,11,13,[9 4],12,19,32,7,19
1,<environment.Job instance at 0x7ff92f4dc910>,13,13,[3 7],14,32,45,18,21
1,<environment.Job instance at 0x7ff92f4dca50>,15,1,[5 2],16,32,33,16,25
1,<environment.Job instance at 0x7ff92f4dccd0>,16,3,[8 3],17,45,48,28,25
1,<environment.Job instance at 0x7ff92f4dc9b0>,14,15,[6 4],15,48,63,33,34
1,<environment.Job instance at 0x7ff92f4e1320>,23,2,[2 7],24,45,47,21,35
1,<environment.Job instance at 0x7ff92f4e13c0>,24,1,[9 2],25,63,64,38,38
1,<environment.Job instance at 0x7ff92f4e1870>,29,14,[3 8],30,64,78,34,50
1,<environment.Job instance at 0x7ff92f4e1820>,28,15,[7 1],29,64,79,35,52
1,<environment.Job instance at 0x7ff92f4e1b40>,33,2,[8 1],34,79,81,45,55
1,<environment.Job instance at 0x7ff92f4e4190>,36,12,[7 5],37,81,93,44,64
1,<environment.Job instance at 0x7ff92f4e4410>,38,14,[6 3],39,93,107,54,78
1,<environment.Job instance at 0x7ff92f4e47d0>,41,14,[ 5 10],42,107,121,65,94
1,<environment.Job instance at 0x7ff92f4e49b0>,44,17,[8 5],45,121,138,76,109
1,<environment.Job instance at 0x7ff92f4e1dc0>,35,17,[10  3],36,138,155,102,127
1,<environment.Job instance at 0x7ff92f4e4d70>,52,1,[5 2],53,155,156,102,131
1,<environment.Job instance at 0x7ff92f4e4fa0>,51,13,[5 2],52,155,168,103,139
1,<environment.Job instance at 0x7ff92ee31cd0>,0,1,[4 8],1,2,3,1,2
1,<environment.Job instance at 0x7ff92f4e45f0>,2,3,[5 8],3,3,6,0,3
1,<environment.Job instance at 0x7ff92f5a8550>,6,12,[3 5],7,7,19,0,7
1,<environment.Job instance at 0x7ff92ee315f0>,7,3,[8 3],8,19,22,11,9
1,<environment.Job instance at 0x7ff92ee31a50>,8,1,[9 5],9,22,23,13,9
1,<environment.Job instance at 0x7ff933f5a870>,12,18,[9 2],13,23,41,10,13
1,<environment.Job instance at 0x7ff92eb3ceb0>,13,3,[9 5],14,41,44,27,15
1,<environment.Job instance at 0x7ff92ec0f640>,19,2,[4 5],20,44,46,24,21
1,<environment.Job instance at 0x7ff92ec0f230>,20,1,[10  3],21,46,47,25,21
1,<environment.Job instance at 0x7ff92f2c7140>,21,14,[1 5],22,23,37,1,23
1,<environment.Job instance at 0x7ff934403320>,23,3,[2 6],24,47,50,23,24
1,<environment.Job instance at 0x7ff92f47d320>,24,2,[9 2],25,50,52,25,26
1,<environment.Job instance at 0x7ff8e91b2eb0>,25,12,[8 3],26,52,64,26,35
1,<environment.Job instance at 0x7ff92ecc9820>,29,14,[8 5],30,64,78,34,50
1,<environment.Job instance at 0x7ff933eb71e0>,32,17,[1 5],33,51,68,18,51
1,<environment.Job instance at 0x7ff92f2b4640>,27,17,[5 5],28,78,95,50,66
1,<environment.Job instance at 0x7ff8e9543f50>,35,1,[ 1 10],36,107,108,71,107
1,<environment.Job instance at 0x7ff8e9543c80>,39,1,[10  5],40,108,109,68,107
1,<environment.Job instance at 0x7ff8e9543dc0>,42,2,[ 2 10],43,109,111,66,108
1,<environment.Job instance at 0x7ff8e94e7aa0>,43,3,[1 6],44,111,114,67,108
1,<environment.Job instance at 0x7ff92ef7c320>,40,18,[5 4],41,111,129,70,108
1,<environment.Job instance at 0x7ff8e94e71e0>,45,3,[10  3],46,129,132,83,108
1,<environment.Job instance at 0x7ff8e94e7c80>,47,3,[5 6],48,114,117,66,111
1,<environment.Job instance at 0x7ff8e94e7e10>,44,16,[8 1],45,132,148,87,119
1,<environment.Job instance at 0x7ff92f3eaa50>,50,12,[2 6],51,132,144,81,121
1,<environment.Job instance at 0x7ff92f3c2460>,51,2,[6 2],52,148,150,96,121
1,<environment.Job instance at 0x7ff92f3c21e0>,53,3,[7 2],54,150,153,96,124
1,<environment.Job instance at 0x7ff92f3c2280>,55,13,[5 5],56,153,166,97,137
1,<environment.Job instance at 0x7ff92f3c2eb0>,4,12,[10  3],5,6,18,1,6
1,<environment.Job instance at 0x7ff92f3c2280>,3,13,[6 4],4,18,31,14,7
1,<environment.Job instance at 0x7ff92f87c7d0>,9,12,[4 8],10,31,43,21,16
1,<environment.Job instance at 0x7ff92ef7c230>,10,14,[1 9],11,43,57,32,28
1,<environment.Job instance at 0x7ff92f2850f0>,20,14,[3 5],21,57,71,36,42
1,<environment.Job instance at 0x7ff92ed7cd20>,23,3,[5 4],24,57,60,33,42
1,<environment.Job instance at 0x7ff92ec56370>,26,12,[5 6],27,71,83,44,54
1,<environment.Job instance at 0x7ff92edeb3c0>,32,16,[5 3],33,67,83,34,67
1,<environment.Job instance at 0x7ff92ec56aa0>,28,12,[6 1],29,83,95,54,67
1,<environment.Job instance at 0x7ff92edeb140>,37,14,[ 5 10],38,95,109,57,82
1,<environment.Job instance at 0x7ff92edeb8c0>,33,16,[9 5],34,109,125,75,96
1,<environment.Job instance at 0x7ff92f2d54b0>,48,13,[5 7],49,125,138,76,109
1,<environment.Job instance at 0x7ff8e961e2d0>,52,14,[6 1],53,138,152,85,123
1,<environment.Job instance at 0x7ff8e961e910>,1,2,[1 8],2,2,4,0,2
1,<environment.Job instance at 0x7ff8e966dd70>,2,18,[5 6],3,6,24,3,6
1,<environment.Job instance at 0x7ff92f517be0>,6,1,[6 4],7,24,25,17,7
1,<environment.Job instance at 0x7ff92f517dc0>,9,2,[2 5],10,24,26,14,10
1,<environment.Job instance at 0x7ff92f517cd0>,10,3,[7 5],11,25,28,14,11
1,<environment.Job instance at 0x7ff92f517f50>,7,2,[9 5],8,28,30,20,11
1,<environment.Job instance at 0x7ff92f546370>,13,2,[8 3],14,30,32,16,14
1,<environment.Job instance at 0x7ff92f5467d0>,17,3,[6 1],18,32,35,14,18
1,<environment.Job instance at 0x7ff92f517d70>,5,17,[3 9],6,32,49,26,20
1,<environment.Job instance at 0x7ff92f86dc80>,4,18,[10  2],5,49,67,44,39
1,<environment.Job instance at 0x7ff92f546fa0>,24,15,[3 7],25,67,82,42,53
1,<environment.Job instance at 0x7ff92f526500>,30,15,[1 6],31,82,97,51,68
1,<environment.Job instance at 0x7ff92f526640>,32,2,[5 5],33,97,99,64,70
1,<environment.Job instance at 0x7ff92f5268c0>,36,13,[4 5],37,97,110,60,89
1,<environment.Job instance at 0x7ff92f526a00>,38,1,[5 5],39,99,100,60,89
1,<environment.Job instance at 0x7ff92f526a50>,39,18,[7 2],40,110,128,70,99
1,<environment.Job instance at 0x7ff92f526f50>,5,3,[5 5],6,6,9,0,6
1,<environment.Job instance at 0x7ff92f103550>,6,1,[5 3],7,7,8,0,7
1,<environment.Job instance at 0x7ff92f54c050>,4,13,[2 8],5,9,22,4,7
1,<environment.Job instance at 0x7ff92f1031e0>,8,3,[10  4],9,22,25,13,9
1,<environment.Job instance at 0x7ff92f1030a0>,7,12,[2 5],8,25,37,17,9
1,<environment.Job instance at 0x7ff92f1036e0>,14,16,[5 3],15,25,41,10,20
1,<environment.Job instance at 0x7ff92f1034b0>,11,12,[5 1],12,37,49,25,20
1,<environment.Job instance at 0x7ff92f103eb0>,18,18,[5 6],19,41,59,22,30
1,<environment.Job instance at 0x7ff92f0e2320>,26,12,[4 6],27,59,71,32,42
1,<environment.Job instance at 0x7ff92f0e2140>,23,13,[4 7],24,71,84,47,55
1,<environment.Job instance at 0x7ff92edc62d0>,30,17,[8 3],31,84,101,53,72
1,<environment.Job instance at 0x7ff92f441820>,36,15,[1 5],37,84,99,47,75
1,<environment.Job instance at 0x7ff92f441a00>,39,3,[5 2],40,75,78,35,75
1,<environment.Job instance at 0x7ff92f4419b0>,40,14,[6 1],41,101,115,60,86
1,<environment.Job instance at 0x7ff92f441690>,43,3,[5 6],44,115,118,71,91
1,<environment.Job instance at 0x7ff8e8fdb730>,44,3,[9 3],45,118,121,73,94
1,<environment.Job instance at 0x7ff92f037aa0>,45,2,[7 1],46,121,123,75,95
1,<environment.Job instance at 0x7ff92f0376e0>,46,13,[ 1 10],47,123,136,76,109
1,<environment.Job instance at 0x7ff92f441eb0>,32,12,[5 4],33,136,148,103,120
1,<environment.Job instance at 0x7ff92f037910>,52,16,[6 3],53,148,164,95,138
1,<environment.Job instance at 0x7ff92f103500>,2,2,[7 5],3,4,6,1,4
1,<environment.Job instance at 0x7ff8e9527410>,6,1,[7 3],7,18,19,11,18
1,<environment.Job instance at 0x7ff92f85a780>,10,1,[8 1],11,45,46,34,45
1,<environment.Job instance at 0x7ff92f85a690>,11,12,[8 3],12,46,58,34,45
1,<environment.Job instance at 0x7ff92f85ac80>,15,16,[10  2],16,71,87,55,71
1,<environment.Job instance at 0x7ff92f85af50>,17,12,[4 7],18,87,99,69,71
1,<environment.Job instance at 0x7ff92f85af00>,18,1,[9 2],19,99,100,80,71
1,<environment.Job instance at 0x7ff92f85a910>,14,16,[5 6],15,100,116,85,91
1,<environment.Job instance at 0x7ff92f5d0dc0>,23,2,[3 6],24,116,118,92,91
1,<environment.Job instance at 0x7ff8e9527820>,8,18,[5 6],9,118,136,109,108
1,<environment.Job instance at 0x7ff92f103a00>,3,15,[10  1],4,136,151,132,122
1,<environment.Job instance at 0x7ff92f5d0a50>,38,13,[5 9],39,151,164,112,136
1,<environment.Job instance at 0x7ff92ee89a00>,2,1,[6 3],3,3,4,0,3
1,<environment.Job instance at 0x7ff92eba4d70>,3,2,[4 5],4,4,6,0,4
1,<environment.Job instance at 0x7ff92f5d0cd0>,8,2,[10  1],9,10,12,1,10
1,<environment.Job instance at 0x7ff8e9381460>,9,13,[6 1],10,12,25,2,12
1,<environment.Job instance at 0x7ff8e8fa1c30>,7,15,[5 1],8,25,40,17,18
1,<environment.Job instance at 0x7ff8e8fa1c80>,5,18,[5 3],6,25,43,19,22
1,<environment.Job instance at 0x7ff8e8fd2e10>,14,2,[6 1],15,43,45,28,23
1,<environment.Job instance at 0x7ff8e8fd25f0>,15,3,[7 2],16,45,48,29,24
1,<environment.Job instance at 0x7ff8e8fd2af0>,17,3,[10  3],18,48,51,30,24
1,<environment.Job instance at 0x7ff8e8f97730>,22,3,[5 9],23,51,54,28,50
1,<environment.Job instance at 0x7ff8e8fd2f50>,10,12,[ 4 10],11,54,66,43,50
1,<environment.Job instance at 0x7ff92ec70500>,28,18,[5 5],29,78,96,49,78
1,<environment.Job instance at 0x7ff92f2d61e0>,29,15,[3 6],30,96,111,66,82
1,<environment.Job instance at 0x7ff8e8f8edc0>,30,1,[ 5 10],31,111,112,80,83
1,<environment.Job instance at 0x7ff8e8f8e4b0>,31,1,[9 3],32,112,113,80,84
1,<environment.Job instance at 0x7ff92f06c640>,32,1,[1 7],33,112,113,79,84
1,<environment.Job instance at 0x7ff92f074910>,33,1,[5 4],34,84,85,50,84
1,<environment.Job instance at 0x7ff92f0746e0>,35,2,[8 2],36,113,115,77,98
1,<environment.Job instance at 0x7ff92ec75870>,36,1,[10  4],37,115,116,78,98
1,<environment.Job instance at 0x7ff8e8f87f50>,40,2,[ 4 10],41,116,118,75,101
1,<environment.Job instance at 0x7ff8e8f870a0>,42,18,[7 2],43,118,136,75,107
1,<environment.Job instance at 0x7ff8e8f7fa00>,45,16,[2 7],46,121,137,75,121
1,<environment.Job instance at 0x7ff92f8bbd20>,44,16,[5 8],45,137,153,92,124
1,<environment.Job instance at 0x7ff8e8f7f370>,47,12,[10  4],48,153,165,105,136
1,<environment.Job instance at 0x7ff8e906ba00>,3,13,[6 5],4,4,17,0,4
1,<environment.Job instance at 0x7ff8e955b5a0>,5,2,[3 7],6,17,19,11,6
1,<environment.Job instance at 0x7ff92eb75d70>,7,18,[4 5],8,19,37,11,12
1,<environment.Job instance at 0x7ff934231af0>,13,18,[1 8],14,37,55,23,27
1,<environment.Job instance at 0x7ff92ed47f50>,18,12,[4 8],19,55,67,36,41
1,<environment.Job instance at 0x7ff8e8fafd20>,9,17,[7 5],10,67,84,57,56
1,<environment.Job instance at 0x7ff92f288c30>,27,3,[6 3],28,84,87,56,69
1,<environment.Job instance at 0x7ff92f288fa0>,29,13,[4 9],30,87,100,57,71
1,<environment.Job instance at 0x7ff92f2888c0>,31,13,[ 1 10],32,100,113,68,90
1,<environment.Job instance at 0x7ff92f288a50>,32,17,[3 8],33,113,130,80,102
1,<environment.Job instance at 0x7ff92ee0b050>,37,3,[7 3],38,130,133,92,113
1,<environment.Job instance at 0x7ff92f288410>,35,13,[ 3 10],36,133,146,97,118
1,<environment.Job instance at 0x7ff92ee0bc30>,41,17,[5 4],42,146,163,104,134
1,<environment.Job instance at 0x7ff92eb8ffa0>,1,15,[5 1],2,10,25,8,10
1,<environment.Job instance at 0x7ff8e92997d0>,6,15,[10  5],7,25,40,18,13
1,<environment.Job instance at 0x7ff8e92993c0>,15,15,[7 1],16,40,55,24,26
1,<environment.Job instance at 0x7ff8e9299be0>,17,17,[9 4],18,55,72,37,46
1,<environment.Job instance at 0x7ff8e9299820>,20,18,[2 9],21,72,90,51,61
1,<environment.Job instance at 0x7ff8e929d1e0>,24,14,[7 2],25,90,104,65,75
1,<environment.Job instance at 0x7ff8e929daa0>,26,13,[10  2],27,104,117,77,88
1,<environment.Job instance at 0x7ff8e929d820>,31,12,[6 3],32,117,129,85,100
1,<environment.Job instance at 0x7ff8e92991e0>,5,17,[4 6],6,117,134,111,113
1,<environment.Job instance at 0x7ff8e929d690>,36,2,[10  2],37,134,136,97,115
1,<environment.Job instance at 0x7ff8e929d780>,39,12,[7 5],40,136,148,96,120
1,<environment.Job instance at 0x7ff8e929d370>,30,16,[1 9],31,148,164,117,136
1,<environment.Job instance at 0x7ff92eef2640>,0,1,[2 9],1,2,3,1,2
1,<environment.Job instance at 0x7ff8e929d230>,4,3,[6 2],5,5,8,0,5
1,<environment.Job instance at 0x7ff8e9468870>,8,1,[5 8],9,10,11,1,10
1,<environment.Job instance at 0x7ff8e94689b0>,10,15,[8 2],11,12,27,1,12
1,<environment.Job instance at 0x7ff8e9471460>,13,13,[3 7],14,27,40,13,17
1,<environment.Job instance at 0x7ff8e945c2d0>,12,15,[9 5],13,40,55,27,26
1,<environment.Job instance at 0x7ff8e947c640>,22,1,[ 3 10],23,55,56,32,31
1,<environment.Job instance at 0x7ff8e90096e0>,23,13,[8 4],24,56,69,32,40
1,<environment.Job instance at 0x7ff8e8fe7aa0>,24,2,[2 5],25,56,58,31,40
1,<environment.Job instance at 0x7ff8e8fe7d70>,27,3,[8 4],28,69,72,41,44
1,<environment.Job instance at 0x7ff8e945c870>,11,16,[4 9],12,72,88,60,59
1,<environment.Job instance at 0x7ff92f46ac80>,31,12,[7 5],32,88,100,56,71
1,<environment.Job instance at 0x7ff8e90120a0>,34,14,[5 5],35,100,114,65,87
1,<environment.Job instance at 0x7ff8e945c960>,18,18,[10  5],19,114,132,95,106
1,<environment.Job instance at 0x7ff92ed3d640>,44,3,[7 5],45,132,135,87,124
1,<environment.Job instance at 0x7ff92f3b6eb0>,45,2,[5 6],46,135,137,89,124
1,<environment.Job instance at 0x7ff92ed63550>,43,13,[8 4],44,137,150,93,136
1,<environment.Job instance at 0x7ff8e8e93870>,12,2,[8 5],13,42,44,29,42
1,<environment.Job instance at 0x7ff8e8fd0c80>,11,16,[6 2],12,44,60,32,44
1,<environment.Job instance at 0x7ff92f7fc780>,15,14,[ 2 10],16,74,88,58,74
1,<environment.Job instance at 0x7ff92f7fc280>,16,17,[9 4],17,88,105,71,76
1,<environment.Job instance at 0x7ff8e8eea960>,20,13,[ 4 10],21,105,118,84,89
1,<environment.Job instance at 0x7ff8e8e0bb90>,23,13,[ 4 10],24,118,131,94,105
1,<environment.Job instance at 0x7ff8e8e0b0f0>,24,2,[3 9],25,131,133,106,105
1,<environment.Job instance at 0x7ff8e8ec4e10>,29,15,[7 2],30,133,148,103,123
1,<environment.Job instance at 0x7ff8e8ec4460>,31,3,[8 3],32,148,151,116,123
1,<environment.Job instance at 0x7ff8e8ec4fa0>,32,2,[9 2],33,151,153,118,124
1,<environment.Job instance at 0x7ff92f7b4820>,3,1,[2 5],4,4,5,0,4
1,<environment.Job instance at 0x7ff92f7b4a50>,6,15,[5 8],7,8,23,1,8
1,<environment.Job instance at 0x7ff93434e410>,8,2,[1 9],9,23,25,14,9
1,<environment.Job instance at 0x7ff92f4ccb40>,12,13,[5 5],13,25,38,12,13
1,<environment.Job instance at 0x7ff92f4cc500>,13,12,[5 2],14,25,37,11,17
1,<environment.Job instance at 0x7ff92f7b4280>,7,13,[ 1 10],8,38,51,30,22
1,<environment.Job instance at 0x7ff92f4cc410>,19,18,[6 5],20,51,69,31,40
1,<environment.Job instance at 0x7ff8e8f5b050>,0,14,[5 6],1,69,83,68,55
1,<environment.Job instance at 0x7ff8e92173c0>,28,12,[2 5],29,55,67,26,55
1,<environment.Job instance at 0x7ff8e9217820>,29,17,[5 2],30,69,86,39,57
1,<environment.Job instance at 0x7ff8e9217730>,30,3,[5 6],31,83,86,52,57
1,<environment.Job instance at 0x7ff8e92179b0>,33,18,[8 3],34,86,104,52,75
1,<environment.Job instance at 0x7ff92f771730>,39,12,[1 7],40,86,98,46,76
1,<environment.Job instance at 0x7ff92f771be0>,41,14,[1 7],42,98,112,56,84
1,<environment.Job instance at 0x7ff8e9217b90>,31,18,[9 3],32,104,122,72,95
1,<environment.Job instance at 0x7ff92f771780>,47,18,[3 8],48,122,140,74,111
1,<environment.Job instance at 0x7ff92eb53690>,51,17,[9 5],52,140,157,88,128
1,<environment.Job instance at 0x7ff92f4aef00>,11,2,[3 6],12,12,14,0,12
1,<environment.Job instance at 0x7ff8e8d435f0>,9,12,[7 5],10,14,26,4,12
1,<environment.Job instance at 0x7ff92ed1eb40>,13,13,[6 3],14,26,39,12,14
1,<environment.Job instance at 0x7ff8e9018690>,16,3,[4 9],17,39,42,22,17
1,<environment.Job instance at 0x7ff92f435550>,18,1,[3 6],19,26,27,7,20
1,<environment.Job instance at 0x7ff92f435e60>,20,2,[8 1],21,42,44,21,27
1,<environment.Job instance at 0x7ff92f435a00>,22,17,[9 5],23,44,61,21,33
1,<environment.Job instance at 0x7ff92f3eba00>,27,15,[1 9],28,61,76,33,48
1,<environment.Job instance at 0x7ff92f54b960>,36,1,[3 8],37,76,77,39,52
1,<environment.Job instance at 0x7ff92f54bb90>,38,3,[4 9],39,77,80,38,72
1,<environment.Job instance at 0x7ff92f54baf0>,39,3,[7 4],40,80,83,40,72
1,<environment.Job instance at 0x7ff92f54b870>,40,2,[1 7],41,83,85,42,72
1,<environment.Job instance at 0x7ff92f54bfa0>,43,14,[7 2],44,83,97,39,73
1,<environment.Job instance at 0x7ff92f54ba50>,46,12,[ 4 10],47,97,109,50,80
1,<environment.Job instance at 0x7ff92ec57cd0>,48,18,[8 3],49,109,127,60,99
1,<environment.Job instance at 0x7ff92ec57f50>,49,16,[ 4 10],50,130,146,80,130
1,<environment.Job instance at 0x7ff92f5320f0>,56,2,[ 1 10],57,146,148,89,131
1,<environment.Job instance at 0x7ff92f532aa0>,57,13,[ 5 10],58,148,161,90,133
1,<environment.Job instance at 0x7f9a51b820f0>,5,2,[1 5],6,7,9,1,7
1,<environment.Job instance at 0x7f9a51b821e0>,0,13,[9 3],1,22,35,21,22
1,<environment.Job instance at 0x7f9a4c7727d0>,10,12,[3 7],11,35,47,24,22
1,<environment.Job instance at 0x7f9a4c772be0>,14,13,[7 3],15,35,48,20,22
1,<environment.Job instance at 0x7f9a4c772dc0>,17,3,[4 9],18,48,51,30,23
1,<environment.Job instance at 0x7f9a4c774320>,22,1,[2 7],23,47,48,24,27
1,<environment.Job instance at 0x7f9a4c772820>,11,15,[4 8],12,51,66,39,50
1,<environment.Job instance at 0x7f9a4c774b40>,29,12,[5 4],30,66,78,36,51
1,<environment.Job instance at 0x7f9a4c774be0>,30,14,[5 2],31,51,65,20,51
1,<environment.Job instance at 0x7f9a4c774c80>,31,14,[2 5],32,66,80,34,51
1,<environment.Job instance at 0x7f9a4c774d20>,32,3,[5 1],33,78,81,45,52
1,<environment.Job instance at 0x7f9a4c774dc0>,33,14,[5 5],34,80,94,46,72
1,<environment.Job instance at 0x7f9a4c774f00>,37,2,[2 6],38,94,96,56,73
1,<environment.Job instance at 0x7f9a4c7771e0>,39,2,[5 6],40,96,98,56,75
1,<environment.Job instance at 0x7f9a4c772b40>,13,18,[ 4 10],14,98,116,84,87
1,<environment.Job instance at 0x7f9a4c7775a0>,45,13,[6 5],46,116,129,70,101
1,<environment.Job instance at 0x7f9a4c7776e0>,47,2,[6 5],48,129,131,81,108
1,<environment.Job instance at 0x7f9a4c777780>,48,15,[10  1],49,131,146,82,117
1,<environment.Job instance at 0x7f9a4c774fa0>,35,15,[9 5],36,146,161,110,134
1,<environment.Job instance at 0x7f9a4c779230>,3,3,[1 9],4,4,7,0,4
1,<environment.Job instance at 0x7f9a51baa960>,11,15,[1 7],12,12,27,0,12
1,<environment.Job instance at 0x7f9a51baaaa0>,12,3,[3 7],13,27,30,14,14
1,<environment.Job instance at 0x7f9a51ce85f0>,13,15,[5 2],14,15,30,1,15
1,<environment.Job instance at 0x7f9a51ce8f00>,14,3,[6 4],15,30,33,15,15
1,<environment.Job instance at 0x7f9a51ba9eb0>,17,2,[10  2],18,33,35,15,20
1,<environment.Job instance at 0x7f9a51cf6dc0>,20,2,[9 5],21,35,37,14,21
1,<environment.Job instance at 0x7f9a51cf65f0>,21,2,[5 5],22,37,39,15,22
1,<environment.Job instance at 0x7f9a51cf6b40>,19,14,[3 6],20,39,53,19,27
1,<environment.Job instance at 0x7f9a51cfc780>,29,14,[2 6],30,53,67,23,45
1,<environment.Job instance at 0x7f9a51cfc320>,30,1,[5 8],31,67,68,36,45
1,<environment.Job instance at 0x7f9a51cfc1e0>,31,13,[8 5],32,68,81,36,53
1,<environment.Job instance at 0x7f9a51cfc7d0>,33,2,[7 3],34,53,55,19,53
1,<environment.Job instance at 0x7f9a51cfc8c0>,34,3,[4 6],35,81,84,46,55
1,<environment.Job instance at 0x7f9a51cfc6e0>,35,2,[5 2],36,55,57,19,55
1,<environment.Job instance at 0x7f9a51cfc9b0>,39,12,[9 3],40,84,96,44,67
1,<environment.Job instance at 0x7f9a51cf2190>,44,12,[3 8],45,96,108,51,79
1,<environment.Job instance at 0x7f9a51cf5d70>,25,16,[ 2 10],26,108,124,82,95
1,<environment.Job instance at 0x7f9a4c6da780>,51,14,[1 6],52,124,138,72,109
1,<environment.Job instance at 0x7f9a51cee410>,53,14,[7 5],54,138,152,84,123
1,<environment.Job instance at 0x7f9a51cfbc80>,64,16,[7 2],65,152,168,87,139
1,<environment.Job instance at 0x7f9a51cfb730>,5,13,[6 4],6,6,19,0,6
1,<environment.Job instance at 0x7f9a06b17c80>,6,2,[5 5],7,19,21,12,8
1,<environment.Job instance at 0x7f9a06a2b550>,7,13,[1 9],8,21,34,13,9
1,<environment.Job instance at 0x7f9a06a25c80>,10,1,[ 1 10],11,34,35,23,11
1,<environment.Job instance at 0x7f9a06a2df00>,15,3,[5 2],16,35,38,19,16
1,<environment.Job instance at 0x7f9a06a8a820>,16,3,[ 5 10],17,38,41,21,17
1,<environment.Job instance at 0x7f9a06a8a280>,17,1,[8 5],18,41,42,23,18
1,<environment.Job instance at 0x7f9a06a8a0a0>,18,2,[2 6],19,35,37,16,23
1,<environment.Job instance at 0x7f9a06a25e60>,9,15,[ 5 10],10,42,57,32,29
1,<environment.Job instance at 0x7f9a06a8a140>,23,3,[2 5],24,57,60,33,37
1,<environment.Job instance at 0x7f9a4c4e2370>,26,15,[2 7],27,60,75,33,46
1,<environment.Job instance at 0x7f9a06a9e3c0>,24,12,[5 9],25,75,87,50,58
1,<environment.Job instance at 0x7f9a06b01f00>,32,3,[7 1],33,58,61,25,58
1,<environment.Job instance at 0x7f9a4c548910>,29,15,[ 3 10],30,100,115,70,100
1,<environment.Job instance at 0x7f9a06b014b0>,37,1,[4 5],38,115,116,77,100
1,<environment.Job instance at 0x7f9a06a8aaa0>,20,12,[9 2],21,116,128,95,100
1,<environment.Job instance at 0x7f9a06a99820>,38,1,[2 9],39,128,129,89,100
1,<environment.Job instance at 0x7f9a06a99a00>,42,13,[1 6],43,129,142,86,114
1,<environment.Job instance at 0x7f9a06a99aa0>,43,3,[3 5],44,142,145,98,116
1,<environment.Job instance at 0x7f9a06a99870>,45,12,[ 4 10],46,145,157,99,133
1,<environment.Job instance at 0x7f9a06a99230>,49,16,[5 4],50,157,173,107,144
1,<environment.Job instance at 0x7f9a4c8ec0f0>,51,2,[6 3],52,173,175,121,146
1,<environment.Job instance at 0x7f9a4ef1b960>,0,1,[5 1],1,4,5,3,4
1,<environment.Job instance at 0x7f9a4c5caeb0>,4,3,[6 1],5,5,8,0,5
1,<environment.Job instance at 0x7f9a51780460>,2,3,[ 4 10],3,8,11,5,6
1,<environment.Job instance at 0x7f9a517807d0>,3,3,[8 4],4,11,14,7,10
1,<environment.Job instance at 0x7f9a06baa550>,11,3,[9 2],12,14,17,2,12
1,<environment.Job instance at 0x7f9a4ca94690>,8,17,[7 4],9,17,34,8,12
1,<environment.Job instance at 0x7f9a4c8a5140>,13,2,[9 1],14,34,36,20,14
1,<environment.Job instance at 0x7f9a4c903820>,14,2,[1 8],15,15,17,0,15
1,<environment.Job instance at 0x7f9a4c846fa0>,12,18,[6 3],13,36,54,23,31
1,<environment.Job instance at 0x7f9a4c83ad20>,17,2,[2 8],18,54,56,36,36
1,<environment.Job instance at 0x7f9a4c89c500>,21,3,[ 4 10],22,56,59,34,36
1,<environment.Job instance at 0x7f9a06f4b230>,23,1,[3 5],24,59,60,35,55
1,<environment.Job instance at 0x7f9a06ecec30>,20,15,[7 5],21,59,74,38,55
1,<environment.Job instance at 0x7f9a4ece5c80>,25,2,[6 3],26,74,76,48,56
1,<environment.Job instance at 0x7f9a4ece5dc0>,26,2,[3 8],27,76,78,49,56
1,<environment.Job instance at 0x7f9a06dba820>,29,13,[1 9],30,84,97,54,84
1,<environment.Job instance at 0x7f9a06ee7640>,31,13,[5 5],32,97,110,65,87
1,<environment.Job instance at 0x7f9a06ee7690>,34,16,[10  3],35,110,126,75,99
1,<environment.Job instance at 0x7f9a069d6c80>,35,3,[1 5],36,99,102,63,99
1,<environment.Job instance at 0x7f9a069d6eb0>,38,14,[10  3],39,126,140,87,113
1,<environment.Job instance at 0x7f9a06b9c640>,42,18,[10  4],43,140,158,97,129
1,<environment.Job instance at 0x7f9a06e20c30>,48,3,[5 8],49,158,161,109,135
1,<environment.Job instance at 0x7f9a06b17370>,51,13,[5 3],52,161,174,109,145
1,<environment.Job instance at 0x7f9a06b17f50>,5,3,[8 5],6,7,10,1,7
1,<environment.Job instance at 0x7f9a06b170a0>,6,12,[7 1],7,10,22,3,8
1,<environment.Job instance at 0x7f9a51aa5f50>,0,3,[9 5],1,22,25,21,10
1,<environment.Job instance at 0x7f9a4cbb55f0>,9,3,[5 1],10,25,28,15,10
1,<environment.Job instance at 0x7f9a4cb82550>,11,1,[10  4],12,28,29,16,12
1,<environment.Job instance at 0x7f9a06dbbd20>,13,3,[6 2],14,29,32,15,14
1,<environment.Job instance at 0x7f9a06c38cd0>,2,13,[4 8],3,29,42,26,17
1,<environment.Job instance at 0x7f9a4c6061e0>,17,1,[9 4],18,42,43,24,18
1,<environment.Job instance at 0x7f9a4c606aa0>,20,15,[9 4],21,43,58,22,29
1,<environment.Job instance at 0x7f9a4c614640>,22,13,[1 5],23,42,55,19,31
1,<environment.Job instance at 0x7f9a4c614fa0>,25,3,[5 5],26,58,61,32,32
1,<environment.Job instance at 0x7f9a4c614280>,27,2,[7 2],28,61,63,33,34
1,<environment.Job instance at 0x7f9a4c614aa0>,28,3,[10  4],29,63,66,34,38
1,<environment.Job instance at 0x7f9a4c614460>,29,1,[ 2 10],30,66,67,36,38
1,<environment.Job instance at 0x7f9a4c606780>,18,17,[5 5],19,67,84,48,55
1,<environment.Job instance at 0x7f9a4c613be0>,37,13,[9 4],38,84,97,46,68
1,<environment.Job instance at 0x7f9a4c613370>,38,1,[ 3 10],39,97,98,58,69
1,<environment.Job instance at 0x7f9a4c6100a0>,40,15,[4 5],41,98,113,57,84
1,<environment.Job instance at 0x7f9a4c610a00>,44,3,[6 1],45,98,101,53,93
1,<environment.Job instance at 0x7f9a4c610730>,45,16,[4 5],46,101,117,55,93
1,<environment.Job instance at 0x7f9a4c610f50>,39,17,[5 9],40,147,164,107,147
1,<environment.Job instance at 0x7f9a06d8a1e0>,8,14,[1 7],9,13,27,4,13
1,<environment.Job instance at 0x7f9a4c756870>,15,13,[1 5],16,27,40,11,16
1,<environment.Job instance at 0x7f9a4c756eb0>,17,2,[6 4],18,27,29,9,18
1,<environment.Job instance at 0x7f9a4c756dc0>,18,14,[8 3],19,29,43,10,19
1,<environment.Job instance at 0x7f9a4c756cd0>,21,13,[5 8],22,43,56,21,27
1,<environment.Job instance at 0x7f9a4c756c30>,9,17,[9 4],10,56,73,46,44
1,<environment.Job instance at 0x7f9a4cbf0190>,27,15,[ 5 10],28,73,88,45,59
1,<environment.Job instance at 0x7f9a4cbf0320>,28,17,[5 7],29,88,105,59,76
1,<environment.Job instance at 0x7f9a4c7562d0>,16,15,[ 5 10],17,105,120,88,91
1,<environment.Job instance at 0x7f9a4ee38a00>,39,16,[2 8],40,120,136,80,107
1,<environment.Job instance at 0x7f9a4ee38af0>,41,13,[2 8],42,136,149,94,121
1,<environment.Job instance at 0x7f9a4ee38280>,46,18,[4 6],47,149,167,102,138
1,<environment.Job instance at 0x7f9a4f21df00>,7,16,[5 8],8,8,24,0,8
1,<environment.Job instance at 0x7f9a4cb5ed70>,8,16,[1 6],9,24,40,15,12
1,<environment.Job instance at 0x7f9a06f7daa0>,6,13,[3 7],7,40,53,33,24
1,<environment.Job instance at 0x7f9a4c81abe0>,15,12,[ 3 10],16,53,65,37,38
1,<environment.Job instance at 0x7f9a4ef31140>,18,12,[10  1],19,65,77,46,48
1,<environment.Job instance at 0x7f9a06a74640>,21,2,[5 5],22,77,79,55,58
1,<environment.Job instance at 0x7f9a4c7a5fa0>,2,17,[1 9],3,79,96,76,73
1,<environment.Job instance at 0x7f9a4c810aa0>,26,12,[6 4],27,96,108,69,79
1,<environment.Job instance at 0x7f9a4c91c9b0>,28,17,[1 6],29,96,113,67,87
1,<environment.Job instance at 0x7f9a4c81a4b0>,14,14,[10  4],15,113,127,98,100
1,<environment.Job instance at 0x7f9a4c682be0>,29,17,[9 2],30,127,144,97,116
1,<environment.Job instance at 0x7f9a4c69d730>,41,1,[9 4],42,144,145,102,124
1,<environment.Job instance at 0x7f9a4c69d140>,44,17,[8 3],45,145,162,100,134
1,<environment.Job instance at 0x7f9a4c6d0b90>,48,15,[8 3],49,162,177,113,148
1,<environment.Job instance at 0x7f9a4ef2e320>,4,1,[1 7],5,5,6,0,5
1,<environment.Job instance at 0x7f9a4c924d20>,0,18,[5 4],1,9,27,8,9
1,<environment.Job instance at 0x7f9a4ef2e960>,10,14,[2 6],11,13,27,2,13
1,<environment.Job instance at 0x7f9a4ef2ed20>,14,16,[9 2],15,27,43,12,20
1,<environment.Job instance at 0x7f9a4ef2edc0>,15,3,[3 9],16,43,46,27,20
1,<environment.Job instance at 0x7f9a4ef2ecd0>,19,3,[2 9],20,46,49,26,26
1,<environment.Job instance at 0x7f9a4ef180f0>,20,3,[9 2],21,49,52,28,26
1,<environment.Job instance at 0x7f9a4ef18460>,21,3,[2 9],22,52,55,30,27
1,<environment.Job instance at 0x7f9a4ef185a0>,23,18,[4 5],24,55,73,31,44
1,<environment.Job instance at 0x7f9a4ef18640>,24,15,[3 5],25,55,70,30,44
1,<environment.Job instance at 0x7f9a4ef2ef00>,17,18,[5 5],18,70,88,52,60
1,<environment.Job instance at 0x7f9a4ef18dc0>,30,2,[7 4],31,88,90,57,61
1,<environment.Job instance at 0x7f9a4ef187d0>,25,18,[5 8],26,90,108,64,80
1,<environment.Job instance at 0x7f9a4ef18c80>,36,12,[ 1 10],37,108,120,71,92
1,<environment.Job instance at 0x7f9a4ef22320>,38,15,[1 8],39,120,135,81,106
1,<environment.Job instance at 0x7f9a4ef22460>,40,15,[5 1],41,120,135,79,106
1,<environment.Job instance at 0x7f9a4ef22aa0>,47,3,[4 5],48,135,138,87,109
1,<environment.Job instance at 0x7f9a4ef22b40>,48,14,[7 2],49,138,152,89,123
1,<environment.Job instance at 0x7f9a4ef22d20>,51,14,[6 1],52,152,166,100,138
1,<environment.Job instance at 0x7f9a4ef22e60>,53,14,[4 8],54,152,166,98,138
1,<environment.Job instance at 0x7f9a4ef22a00>,57,2,[9 1],58,166,168,108,149
1,<environment.Job instance at 0x7f9a4ef22730>,58,2,[ 2 10],59,168,170,109,149
1,<environment.Job instance at 0x7f9a4eefe1e0>,2,3,[6 1],3,4,7,1,4
1,<environment.Job instance at 0x7f9a4f21a820>,6,1,[6 4],7,7,8,0,7
1,<environment.Job instance at 0x7f9a4c6da0a0>,10,16,[4 8],11,24,40,13,24
1,<environment.Job instance at 0x7f9a06f90b90>,14,15,[5 3],15,40,55,25,26
1,<environment.Job instance at 0x7f9a4f1dde10>,21,12,[8 2],22,55,67,33,40
1,<environment.Job instance at 0x7f9a06f85050>,28,2,[5 7],29,48,50,19,48
1,<environment.Job instance at 0x7f9a4cb5e230>,24,15,[4 7],25,67,82,42,53
1,<environment.Job instance at 0x7f9a06a6d280>,32,15,[1 6],33,82,97,49,68
1,<environment.Job instance at 0x7f9a06adc1e0>,35,12,[5 2],36,74,86,38,74
1,<environment.Job instance at 0x7f9a4cbf6a00>,36,18,[7 1],37,86,104,49,76
1,<environment.Job instance at 0x7f9a06e209b0>,37,3,[7 5],38,104,107,66,78
1,<environment.Job instance at 0x7f9a4cbf63c0>,38,2,[5 3],39,107,109,68,80
1,<environment.Job instance at 0x7f9a4ee62cd0>,40,1,[3 5],41,97,98,56,83
1,<environment.Job instance at 0x7f9a4c78bf50>,42,13,[1 9],43,109,122,66,95
1,<environment.Job instance at 0x7f9a4c78ba00>,43,3,[9 4],44,122,125,78,96
1,<environment.Job instance at 0x7f9a4c69d500>,45,2,[1 9],46,99,101,53,99
1,<environment.Job instance at 0x7f9a4c69d2d0>,46,16,[9 3],47,125,141,78,112
1,<environment.Job instance at 0x7f9a4ed5fcd0>,55,2,[10  1],56,141,143,85,115
1,<environment.Job instance at 0x7f9a4ed5f730>,57,17,[4 6],58,143,160,85,131
1,<environment.Job instance at 0x7f9a4ed5f690>,62,16,[1 9],63,160,176,97,147
1,<environment.Job instance at 0x7f9a4c71ec80>,1,3,[7 4],2,2,5,0,2
1,<environment.Job instance at 0x7f9a4cc7c0a0>,0,3,[5 7],1,14,17,13,14
1,<environment.Job instance at 0x7f9a06a74910>,12,2,[3 7],13,17,19,4,14
1,<environment.Job instance at 0x7f9a06df1410>,14,14,[9 5],15,19,33,4,16
1,<environment.Job instance at 0x7f9a4cb67370>,15,14,[6 1],16,33,47,17,20
1,<environment.Job instance at 0x7f9a06e24d70>,16,16,[3 8],17,33,49,16,20
1,<environment.Job instance at 0x7f9a4f428dc0>,20,13,[7 3],21,49,62,28,33
1,<environment.Job instance at 0x7f9a4eedcf50>,25,14,[8 4],26,62,76,36,47
1,<environment.Job instance at 0x7f9a069c7640>,28,3,[6 2],29,76,79,47,51
1,<environment.Job instance at 0x7f9a4c903e60>,29,1,[6 1],30,79,80,49,51
1,<environment.Job instance at 0x7f9a069c70f0>,27,18,[5 9],28,80,98,52,69
1,<environment.Job instance at 0x7f9a4ef14fa0>,32,16,[6 2],33,98,114,65,85
1,<environment.Job instance at 0x7f9a06c95f00>,35,13,[2 7],36,98,111,62,85
1,<environment.Job instance at 0x7f9a4ca51e60>,17,18,[ 5 10],18,114,132,96,104
1,<environment.Job instance at 0x7f9a4c8435f0>,43,12,[1 8],44,132,144,88,115
1,<environment.Job instance at 0x7f9a4c8432d0>,45,14,[5 9],46,144,158,98,129
1,<environment.Job instance at 0x7f9a4cb691e0>,47,16,[3 5],48,158,174,110,145
1,<environment.Job instance at 0x7f9a06c75500>,4,1,[7 2],5,5,6,0,5
1,<environment.Job instance at 0x7f9a4f2592d0>,7,1,[6 4],8,8,9,0,8
1,<environment.Job instance at 0x7f9a4f259320>,9,14,[3 5],10,22,36,12,22
1,<environment.Job instance at 0x7f9a4f259500>,10,3,[ 4 10],11,36,39,25,22
1,<environment.Job instance at 0x7f9a4f2595a0>,13,2,[1 5],14,22,24,8,22
1,<environment.Job instance at 0x7f9a4cb690f0>,1,14,[2 7],2,39,53,37,25
1,<environment.Job instance at 0x7f9a4f259820>,17,12,[ 3 10],18,53,65,35,36
1,<environment.Job instance at 0x7f9a4f259c80>,24,13,[10  5],25,65,78,40,52
1,<environment.Job instance at 0x7f9a4f259640>,14,17,[9 5],15,78,95,63,66
1,<environment.Job instance at 0x7f9a4f272550>,29,17,[8 4],30,95,112,65,83
1,<environment.Job instance at 0x7f9a4f272730>,34,13,[2 5],35,95,108,60,83
1,<environment.Job instance at 0x7f9a4f272aa0>,37,3,[4 9],38,112,115,74,96
1,<environment.Job instance at 0x7f9a4f272af0>,38,14,[1 6],39,115,129,76,101
1,<environment.Job instance at 0x7f9a4f2596e0>,15,14,[2 9],16,129,143,113,115
1,<environment.Job instance at 0x7f9a4f272f50>,44,13,[2 8],45,143,156,98,127
1,<environment.Job instance at 0x7f9a4f241500>,49,15,[8 4],50,156,171,106,143
1,<environment.Job instance at 0x7f9a4f241b90>,55,13,[2 6],56,156,169,100,147
1,<environment.Job instance at 0x7f9a4cb2fc30>,5,1,[5 7],6,6,7,0,6
1,<environment.Job instance at 0x7f9a4f241cd0>,4,16,[6 3],5,7,23,2,6
1,<environment.Job instance at 0x7f9a4cb2f0f0>,7,18,[7 1],8,23,41,15,12
1,<environment.Job instance at 0x7f9a4cb2f320>,6,12,[1 9],7,23,35,16,18
1,<environment.Job instance at 0x7f9a4cb2fdc0>,17,2,[5 8],18,41,43,23,19
1,<environment.Job instance at 0x7f9a4c70d1e0>,19,3,[8 1],20,43,46,23,20
1,<environment.Job instance at 0x7f9a4c70ddc0>,20,2,[2 7],21,21,23,0,21
1,<environment.Job instance at 0x7f9a4c70d280>,21,12,[1 7],22,43,55,21,26
1,<environment.Job instance at 0x7f9a4cb2f730>,18,12,[ 3 10],19,55,67,36,41
1,<environment.Job instance at 0x7f9a0701d190>,32,2,[7 5],33,67,69,34,43
1,<environment.Job instance at 0x7f9a4cb2f050>,8,16,[10  3],9,69,85,60,56
1,<environment.Job instance at 0x7f9a4c71b5f0>,35,3,[6 1],36,85,88,49,59
1,<environment.Job instance at 0x7f9a4c71bfa0>,38,18,[5 6],39,88,106,49,77
1,<environment.Job instance at 0x7f9a4cb67f00>,0,17,[2 8],1,112,129,111,112
1,<environment.Job instance at 0x7f9a06e343c0>,47,12,[4 7],48,129,141,81,113
1,<environment.Job instance at 0x7f9a06e34e10>,51,2,[10  5],52,141,143,89,132
1,<environment.Job instance at 0x7f9a06e345a0>,52,1,[9 4],53,143,144,90,132
1,<environment.Job instance at 0x7f9a06e34960>,53,2,[3 6],54,144,146,90,132
1,<environment.Job instance at 0x7f9a06e34820>,44,16,[5 6],45,146,162,101,133
1,<environment.Job instance at 0x7f9a4c71b500>,33,15,[10  1],34,162,177,128,148
1,<environment.Job instance at 0x7f9a4c77ac30>,10,16,[5 4],11,11,27,0,11
1,<environment.Job instance at 0x7f9a51e03190>,1,17,[3 6],2,12,29,10,12
1,<environment.Job instance at 0x7f9a4c77a0f0>,11,18,[5 5],12,29,47,17,18
1,<environment.Job instance at 0x7f9a4c77ac80>,9,18,[5 5],10,29,47,19,21
1,<environment.Job instance at 0x7f9a4c85ca50>,25,18,[5 3],26,47,65,21,36
1,<environment.Job instance at 0x7f9a4c77a870>,16,17,[3 7],17,47,64,30,37
1,<environment.Job instance at 0x7f9a4c85c230>,30,12,[ 4 10],31,65,77,34,50
1,<environment.Job instance at 0x7f9a4c85c500>,32,16,[9 2],33,77,93,44,65
1,<environment.Job instance at 0x7f9a4eead320>,41,1,[9 5],42,93,94,51,90
1,<environment.Job instance at 0x7f9a4eeadf50>,42,3,[5 9],43,94,97,51,90
1,<environment.Job instance at 0x7f9a4eeadaa0>,43,13,[10  1],44,97,110,53,90
1,<environment.Job instance at 0x7f9a4eeadeb0>,44,2,[8 1],45,110,112,65,90
1,<environment.Job instance at 0x7f9a4eead370>,48,18,[5 5],49,118,136,69,118
1,<environment.Job instance at 0x7f9a4c6d0eb0>,51,1,[9 3],52,136,137,84,119
1,<environment.Job instance at 0x7f9a4c6d0230>,52,1,[1 7],53,136,137,83,119
1,<environment.Job instance at 0x7f9a4c6d0af0>,53,1,[5 4],54,120,121,66,120
1,<environment.Job instance at 0x7f9a4eeadb90>,49,15,[3 6],50,137,152,87,123
1,<environment.Job instance at 0x7f9a4c58cd20>,62,18,[7 2],63,137,155,74,129
1,<environment.Job instance at 0x7f9a4c58c4b0>,65,16,[2 7],66,152,168,86,143
1,<environment.Job instance at 0x7f9a4c8f0870>,7,2,[4 9],8,8,10,0,8
1,<environment.Job instance at 0x7f9a0691e190>,11,12,[10  1],12,27,39,15,27
1,<environment.Job instance at 0x7f9a0691e050>,10,3,[7 1],11,39,42,28,27
1,<environment.Job instance at 0x7f9a0691ed70>,13,13,[6 5],14,42,55,28,27
1,<environment.Job instance at 0x7f9a0691eeb0>,16,3,[1 5],17,39,42,22,27
1,<environment.Job instance at 0x7f9a0691ecd0>,15,2,[3 7],16,55,57,39,29
1,<environment.Job instance at 0x7f9a0690edc0>,9,2,[1 6],10,57,59,47,32
1,<environment.Job instance at 0x7f9a0691e640>,18,15,[5 4],19,57,72,38,43
1,<environment.Job instance at 0x7f9a0691e0a0>,19,17,[7 5],20,72,89,52,60
1,<environment.Job instance at 0x7f9a068fa730>,26,15,[8 5],27,89,104,62,75
1,<environment.Job instance at 0x7f9a069c8230>,29,17,[7 1],30,104,121,74,92
1,<environment.Job instance at 0x7f9a4ee41f00>,34,2,[9 3],35,121,123,86,102
1,<environment.Job instance at 0x7f9a06cb2870>,37,3,[6 3],38,123,126,85,102
1,<environment.Job instance at 0x7f9a06904e60>,24,17,[3 6],25,104,121,79,102
1,<environment.Job instance at 0x7f9a069335f0>,39,13,[4 9],40,126,139,86,111
1,<environment.Job instance at 0x7f9a06d90190>,30,16,[10  3],31,139,155,108,127
1,<environment.Job instance at 0x7f9a4c4fa050>,45,13,[ 3 10],46,155,168,109,139
1,<environment.Job instance at 0x7f9a06e24820>,1,15,[5 1],2,5,20,3,5
1,<environment.Job instance at 0x7f9a4ee9e5a0>,2,1,[1 5],3,5,6,2,5
1,<environment.Job instance at 0x7f9a07007500>,7,1,[3 6],8,8,9,0,8
1,<environment.Job instance at 0x7f9a06c1aeb0>,8,2,[7 1],9,20,22,11,9
1,<environment.Job instance at 0x7f9a06f04780>,5,17,[4 6],6,22,39,16,18
1,<environment.Job instance at 0x7f9a06d5deb0>,15,15,[7 1],16,39,54,23,25
1,<environment.Job instance at 0x7f9a06d5d4b0>,17,17,[9 4],18,54,71,36,42
1,<environment.Job instance at 0x7f9a06e84140>,18,12,[3 7],19,42,54,23,42
1,<environment.Job instance at 0x7f9a4cacb5f0>,22,16,[2 8],23,71,87,48,58
1,<environment.Job instance at 0x7f9a06fa1050>,24,14,[7 2],25,71,85,46,63
1,<environment.Job instance at 0x7f9a07076a50>,26,13,[10  2],27,87,100,60,72
1,<environment.Job instance at 0x7f9a4edf9e10>,30,16,[1 9],31,100,116,69,87
1,<environment.Job instance at 0x7f9a4edf9910>,31,12,[6 3],32,116,128,84,103
1,<environment.Job instance at 0x7f9a0707c6e0>,37,12,[ 2 10],38,128,140,90,113
1,<environment.Job instance at 0x7f9a0707c910>,42,17,[5 8],43,140,157,97,129
1,<environment.Job instance at 0x7f9a07089d70>,45,12,[ 4 10],46,157,169,111,141
1,<environment.Job instance at 0x7f9a067f04b0>,2,15,[9 5],3,7,22,4,7
1,<environment.Job instance at 0x7f9a067f0d70>,3,13,[3 7],4,22,35,18,8
1,<environment.Job instance at 0x7f9a067612d0>,12,1,[ 3 10],13,35,36,22,21
1,<environment.Job instance at 0x7f9a06761870>,13,13,[8 4],14,36,49,22,21
1,<environment.Job instance at 0x7f9a06761dc0>,14,2,[2 5],15,36,38,21,21
1,<environment.Job instance at 0x7f9a06761b90>,16,15,[7 3],17,49,64,32,35
1,<environment.Job instance at 0x7f9a06761320>,7,13,[10  3],8,64,77,56,49
1,<environment.Job instance at 0x7f9a066ff820>,24,14,[5 5],25,77,91,52,62
1,<environment.Job instance at 0x7f9a066ff280>,27,12,[ 4 10],28,91,103,63,75
1,<environment.Job instance at 0x7f9a067f0960>,0,15,[8 2],1,103,118,102,89
1,<environment.Job instance at 0x7f9a066ffeb0>,33,13,[8 4],34,118,131,84,107
1,<environment.Job instance at 0x7f9a06702e60>,35,2,[5 6],36,131,133,95,107
1,<environment.Job instance at 0x7f9a06702320>,37,14,[4 9],38,133,147,95,118
1,<environment.Job instance at 0x7f9a06702410>,38,15,[5 4],39,147,162,108,133
1,<environment.Job instance at 0x7f9a4ed6c0a0>,5,3,[4 8],6,6,9,0,6
1,<environment.Job instance at 0x7f9a4ed6c5f0>,6,3,[9 4],7,9,12,2,7
1,<environment.Job instance at 0x7f9a4c720320>,4,2,[3 9],5,12,14,7,7
1,<environment.Job instance at 0x7f9a4ed6caf0>,7,12,[6 5],8,14,26,6,9
1,<environment.Job instance at 0x7f9a4ed6c7d0>,11,3,[8 3],12,26,29,14,13
1,<environment.Job instance at 0x7f9a4ed6ccd0>,12,2,[9 2],13,29,31,16,13
1,<environment.Job instance at 0x7f9a06dc2190>,0,13,[ 4 10],1,31,44,30,15
1,<environment.Job instance at 0x7f9a4ed5c5a0>,15,3,[8 2],16,44,47,28,20
1,<environment.Job instance at 0x7f9a4ed5c780>,18,3,[ 3 10],19,47,50,28,28
1,<environment.Job instance at 0x7f9a4ed5c500>,14,15,[3 5],15,50,65,35,37
1,<environment.Job instance at 0x7f9a4ed6a410>,23,2,[8 5],24,65,67,41,45
1,<environment.Job instance at 0x7f9a4ed5c460>,21,14,[6 4],22,50,64,28,46
1,<environment.Job instance at 0x7f9a4ed6c6e0>,8,18,[4 7],9,67,85,58,56
1,<environment.Job instance at 0x7f9a4ed35eb0>,24,17,[3 5],25,85,102,60,73
1,<environment.Job instance at 0x7f9a4cac6190>,39,14,[1 5],40,85,99,45,74
1,<environment.Job instance at 0x7f9a4cac6f50>,37,17,[8 4],38,102,119,64,90
1,<environment.Job instance at 0x7f9a4c57ecd0>,47,3,[4 8],48,119,122,71,113
1,<environment.Job instance at 0x7f9a4c56a870>,48,2,[5 4],49,122,124,73,113
1,<environment.Job instance at 0x7f9a4c56a960>,49,1,[9 5],50,124,125,74,113
1,<environment.Job instance at 0x7f9a06702280>,2,17,[10  4],3,125,142,122,113
1,<environment.Job instance at 0x7f9a4c56adc0>,50,18,[5 8],51,142,160,91,142
1,<environment.Job instance at 0x7f9a06cd9910>,61,17,[6 2],62,160,177,98,148
1,<environment.Job instance at 0x7f9a06cd9be0>,62,1,[2 5],63,160,161,97,148
1,<environment.Job instance at 0x7f9a06c9d730>,4,2,[6 2],5,5,7,0,5
1,<environment.Job instance at 0x7f9a067b4370>,0,3,[5 6],1,7,10,6,6
1,<environment.Job instance at 0x7f9a06901550>,1,18,[9 3],2,10,28,8,10
1,<environment.Job instance at 0x7f9a06cd9c80>,5,15,[2 7],6,28,43,22,14
1,<environment.Job instance at 0x7f9a06c9d6e0>,3,18,[8 3],4,28,46,24,19
1,<environment.Job instance at 0x7f9a4f29deb0>,19,15,[10  3],20,46,61,26,32
1,<environment.Job instance at 0x7f9a4f455f50>,24,13,[2 5],25,61,74,36,45
1,<environment.Job instance at 0x7f9a06cd9be0>,9,12,[1 7],10,74,86,64,62
1,<environment.Job instance at 0x7f9a06772140>,28,16,[8 1],29,65,81,36,65
1,<environment.Job instance at 0x7f9a068d7cd0>,27,12,[1 7],28,86,98,58,71
1,<environment.Job instance at 0x7f9a4f49a690>,29,14,[9 3],30,81,95,51,71
1,<environment.Job instance at 0x7f9a06ba83c0>,32,12,[2 8],33,98,110,65,82
1,<environment.Job instance at 0x7f9a06ba8820>,34,15,[5 2],35,95,110,60,82
1,<environment.Job instance at 0x7f9a4f49a050>,30,12,[3 6],31,110,122,79,93
1,<environment.Job instance at 0x7f9a4ca09fa0>,40,13,[2 9],41,122,135,81,107
1,<environment.Job instance at 0x7f9a4ca090a0>,42,2,[10  2],43,135,137,92,108
1,<environment.Job instance at 0x7f9a4f148e10>,3,14,[7 2],4,6,20,2,6
1,<environment.Job instance at 0x7f9a4c95e730>,5,17,[6 3],6,20,37,14,10
1,<environment.Job instance at 0x7f9a4c95e0f0>,10,1,[5 9],11,37,38,26,11
1,<environment.Job instance at 0x7f9a4c95e640>,11,1,[2 5],12,12,13,0,12
1,<environment.Job instance at 0x7f9a4c95edc0>,6,12,[ 4 10],7,38,50,31,23
1,<environment.Job instance at 0x7f9a4c95e230>,17,13,[ 5 10],18,50,63,32,37
1,<environment.Job instance at 0x7f9a06b6a5f0>,28,1,[3 8],29,63,64,34,40
1,<environment.Job instance at 0x7f9a06b6afa0>,27,17,[6 2],28,63,80,35,54
1,<environment.Job instance at 0x7f9a06b6a9b0>,34,3,[7 2],35,80,83,45,54
1,<environment.Job instance at 0x7f9a4f2b3050>,36,1,[5 8],37,83,84,46,55
1,<environment.Job instance at 0x7f9a4c9ae3c0>,38,12,[9 5],39,84,96,45,70
1,<environment.Job instance at 0x7f9a4c9ae690>,40,18,[9 1],41,96,114,55,85
1,<environment.Job instance at 0x7f9a4c95e780>,8,18,[8 3],9,114,132,105,103
1,<environment.Job instance at 0x7f9a4c9aeeb0>,49,12,[6 2],50,132,144,82,117
1,<environment.Job instance at 0x7f9a4c9ae820>,51,1,[10  3],52,144,145,92,117
1,<environment.Job instance at 0x7f9a4c9ae910>,52,1,[10  1],53,145,146,92,117
1,<environment.Job instance at 0x7f9a4f0e0910>,53,13,[8 5],54,146,159,92,130
1,<environment.Job instance at 0x7f9a4f0e0140>,60,18,[7 4],61,159,177,98,148
1,<environment.Job instance at 0x7f9a4c8cee10>,2,1,[ 1 10],3,4,5,1,4
1,<environment.Job instance at 0x7f9a4c8ce9b0>,4,3,[5 5],5,5,8,0,5
1,<environment.Job instance at 0x7f9a06763050>,9,17,[10  4],10,12,29,2,12
1,<environment.Job instance at 0x7f9a066df550>,21,3,[5 9],22,29,32,7,22
1,<environment.Job instance at 0x7f9a4c70eeb0>,3,17,[3 7],4,32,49,28,23
1,<environment.Job instance at 0x7f9a066df370>,25,13,[8 2],26,49,62,23,37
1,<environment.Job instance at 0x7f9a066df730>,29,15,[3 5],30,62,77,32,50
1,<environment.Job instance at 0x7f9a4c903be0>,32,2,[9 1],33,77,79,44,51
1,<environment.Job instance at 0x7f9a4eebceb0>,35,3,[3 5],36,62,65,26,59
1,<environment.Job instance at 0x7f9a4eebc4b0>,36,14,[2 9],37,79,93,42,64
1,<environment.Job instance at 0x7f9a4eebca50>,38,15,[4 7],39,93,108,54,79
1,<environment.Job instance at 0x7f9a066df690>,27,17,[7 5],28,108,125,80,98
1,<environment.Job instance at 0x7f9a4eecedc0>,44,14,[9 2],45,125,139,80,120
1,<environment.Job instance at 0x7f9a4eecef00>,47,15,[3 7],48,139,154,91,126
1,<environment.Job instance at 0x7f9a4eebca00>,40,17,[9 5],41,154,171,113,142
1,<environment.Job instance at 0x7f4f19ff40f0>,5,2,[1 5],6,8,10,2,8
1,<environment.Job instance at 0x7f4f12be54b0>,6,20,[6 1],7,9,29,2,9
1,<environment.Job instance at 0x7f4f12be5820>,10,12,[3 7],11,12,24,1,12
1,<environment.Job instance at 0x7f4f12be56e0>,11,15,[4 8],12,24,39,12,22
1,<environment.Job instance at 0x7f4f12be5be0>,14,13,[7 3],15,39,52,24,23
1,<environment.Job instance at 0x7f4f12be5e60>,18,3,[4 7],19,52,55,33,26
1,<environment.Job instance at 0x7f4f12be7410>,24,18,[2 6],25,55,73,30,50
1,<environment.Job instance at 0x7f4f12be7870>,27,15,[8 4],28,55,70,27,54
1,<environment.Job instance at 0x7f4f12be7a50>,30,14,[5 2],31,70,84,39,55
1,<environment.Job instance at 0x7f4f12be5c80>,15,18,[2 8],16,76,94,60,76
1,<environment.Job instance at 0x7f4f12be7c80>,37,2,[2 6],38,94,96,56,76
1,<environment.Job instance at 0x7f4f12be7fa0>,35,15,[9 5],36,96,111,60,82
1,<environment.Job instance at 0x7f4f12bea5a0>,45,13,[6 5],46,111,124,65,96
1,<environment.Job instance at 0x7f4f12bea780>,48,15,[10  1],49,124,139,75,110
1,<environment.Job instance at 0x7f4f12beacd0>,51,3,[1 5],52,139,142,87,123
1,<environment.Job instance at 0x7f4f12bead70>,52,1,[8 5],53,139,140,86,123
1,<environment.Job instance at 0x7f4f12beae10>,53,17,[5 7],54,142,159,88,130
1,<environment.Job instance at 0x7f4f12c00500>,2,3,[3 7],3,3,6,0,3
1,<environment.Job instance at 0x7f4f12be7140>,1,15,[1 7],2,8,23,6,8
1,<environment.Job instance at 0x7f4f1a15b780>,10,2,[9 5],11,23,25,12,11
1,<environment.Job instance at 0x7f4f1a15bbe0>,11,2,[5 5],12,25,27,13,13
1,<environment.Job instance at 0x7f4f1a16efa0>,15,16,[ 2 10],16,27,43,11,22
1,<environment.Job instance at 0x7f4f1a16ee10>,19,14,[2 6],20,43,57,23,29
1,<environment.Job instance at 0x7f4f1a16e0f0>,20,1,[5 8],21,57,58,36,30
1,<environment.Job instance at 0x7f4f1a1647d0>,29,12,[9 3],30,58,70,28,48
1,<environment.Job instance at 0x7f4f1a168e10>,32,3,[10  2],33,70,73,37,60
1,<environment.Job instance at 0x7f4f1a168320>,33,2,[8 3],34,73,75,39,60
1,<environment.Job instance at 0x7f4f1a168690>,34,12,[3 8],35,75,87,40,62
1,<environment.Job instance at 0x7f4f1a168af0>,36,14,[5 5],37,87,101,50,72
1,<environment.Job instance at 0x7f4f1a01c5a0>,40,13,[10  5],41,101,114,60,85
1,<environment.Job instance at 0x7f4f1a01c280>,43,14,[7 5],44,114,128,70,99
1,<environment.Job instance at 0x7f4f1a01c690>,46,3,[2 8],47,128,131,81,108
1,<environment.Job instance at 0x7f4f1a167190>,47,1,[2 8],48,131,132,83,108
1,<environment.Job instance at 0x7f4f1a167d70>,49,2,[10  4],50,132,134,82,110
1,<environment.Job instance at 0x7f4f1a167370>,50,3,[5 6],51,134,137,83,110
1,<environment.Job instance at 0x7f4f1a1673c0>,53,2,[5 6],54,137,139,83,115
1,<environment.Job instance at 0x7f4f12afb1e0>,54,16,[7 2],55,139,155,84,126
1,<environment.Job instance at 0x7f4f1a01c460>,41,14,[1 6],42,139,153,97,127
1,<environment.Job instance at 0x7f4f1a16d730>,3,3,[2 5],4,5,8,1,5
1,<environment.Job instance at 0x7f4f12956820>,6,15,[2 7],7,10,25,3,10
1,<environment.Job instance at 0x7f4eceefc870>,12,3,[7 1],13,13,16,0,13
1,<environment.Job instance at 0x7f4eceefc6e0>,8,15,[7 5],9,54,69,45,54
1,<environment.Job instance at 0x7f4ecef679b0>,17,1,[4 5],18,69,70,51,54
1,<environment.Job instance at 0x7f4f193eacd0>,18,1,[2 9],19,70,71,51,54
1,<environment.Job instance at 0x7f4ecee9f5f0>,4,12,[5 9],5,71,83,66,54
1,<environment.Job instance at 0x7f4f12d66230>,23,3,[3 5],24,54,57,30,54
1,<environment.Job instance at 0x7f4ecef67190>,16,16,[ 5 10],17,83,99,66,71
1,<environment.Job instance at 0x7f4f12a7a0a0>,29,16,[5 4],30,99,115,69,86
1,<environment.Job instance at 0x7f4f13088b90>,32,12,[8 1],33,115,127,82,98
1,<environment.Job instance at 0x7f4f12a7b050>,35,3,[9 4],36,127,130,91,114
1,<environment.Job instance at 0x7f4eceefcf50>,9,15,[ 3 10],10,130,145,120,119
1,<environment.Job instance at 0x7f4ecef0be10>,36,16,[9 2],37,145,161,108,133
1,<environment.Job instance at 0x7f4ecee43c30>,42,12,[3 8],43,161,173,118,146
1,<environment.Job instance at 0x7f4ecee43f50>,45,3,[3 8],46,173,176,127,147
1,<environment.Job instance at 0x7f4f12bceb40>,5,3,[1 5],6,6,9,0,6
1,<environment.Job instance at 0x7f4ecf51ea50>,6,3,[9 3],7,7,10,0,7
1,<environment.Job instance at 0x7f4f12bce4b0>,8,14,[10  3],9,15,29,6,15
1,<environment.Job instance at 0x7f4f12d18690>,13,13,[6 5],14,29,42,15,15
1,<environment.Job instance at 0x7f4ecf37edc0>,21,13,[5 3],22,42,55,20,26
1,<environment.Job instance at 0x7f4ecee369b0>,22,15,[5 1],23,42,57,19,28
1,<environment.Job instance at 0x7f4ecee363c0>,24,12,[6 4],25,57,69,32,40
1,<environment.Job instance at 0x7f4ecf2a6140>,30,12,[2 5],31,55,67,24,54
1,<environment.Job instance at 0x7f4ecf2a6910>,31,16,[6 5],32,69,85,37,56
1,<environment.Job instance at 0x7f4f12c6f8c0>,1,13,[5 5],2,85,98,83,69
1,<environment.Job instance at 0x7f4ecf2a61e0>,37,2,[2 8],38,98,100,60,71
1,<environment.Job instance at 0x7f4ecee879b0>,40,3,[1 7],41,100,103,59,89
1,<environment.Job instance at 0x7f4ecee97a50>,41,18,[8 4],42,103,121,61,92
1,<environment.Job instance at 0x7f4ecee970a0>,43,3,[7 3],44,100,103,56,93
1,<environment.Job instance at 0x7f4f12ca8140>,45,13,[10  4],46,121,134,75,105
1,<environment.Job instance at 0x7f4f12cca460>,49,15,[7 1],50,134,149,84,120
1,<environment.Job instance at 0x7f4f12ca8320>,44,17,[3 9],45,134,151,89,125
1,<environment.Job instance at 0x7f4ecee810f0>,54,14,[7 1],55,149,163,94,139
1,<environment.Job instance at 0x7f4ecf39ee10>,51,18,[3 6],52,151,169,99,141
1,<environment.Job instance at 0x7f4f193f3f50>,61,14,[5 8],62,169,183,107,154
1,<environment.Job instance at 0x7f4f193f3f50>,4,3,[6 1],5,5,8,0,5
1,<environment.Job instance at 0x7f4ecf1ef230>,5,16,[4 5],6,10,26,4,10
1,<environment.Job instance at 0x7f4ecf4dc910>,10,16,[9 2],11,26,42,15,13
1,<environment.Job instance at 0x7f4ecf226370>,14,3,[6 4],15,42,45,27,24
1,<environment.Job instance at 0x7f4ecf4b0be0>,17,1,[3 6],18,42,43,24,25
1,<environment.Job instance at 0x7f4ecf1ff500>,18,3,[8 2],19,45,48,26,26
1,<environment.Job instance at 0x7f4ecf1ff780>,19,3,[ 5 10],20,48,51,28,27
1,<environment.Job instance at 0x7f4ecf1ff410>,20,1,[4 6],21,43,44,22,27
1,<environment.Job instance at 0x7f4ecf1ff280>,21,1,[4 6],22,44,45,22,27
1,<environment.Job instance at 0x7f4ecf4b0a00>,15,13,[2 6],16,51,64,35,37
1,<environment.Job instance at 0x7f4ecf208a00>,27,17,[5 2],28,51,68,23,40
1,<environment.Job instance at 0x7f4ecf2081e0>,29,15,[6 3],30,68,83,38,55
1,<environment.Job instance at 0x7f4ecf2080a0>,32,3,[9 5],33,83,86,50,61
1,<environment.Job instance at 0x7f4ecf2083c0>,33,12,[6 2],34,86,98,52,69
1,<environment.Job instance at 0x7f4ecf20e6e0>,35,16,[5 3],36,98,114,62,85
1,<environment.Job instance at 0x7f4ecf20ef00>,39,13,[3 6],40,92,105,52,92
1,<environment.Job instance at 0x7f4ecf20eaa0>,41,14,[4 6],42,105,119,63,94
1,<environment.Job instance at 0x7f4ecf2085a0>,30,15,[3 9],31,119,134,88,105
1,<environment.Job instance at 0x7f4ecf1fd140>,49,14,[6 1],50,118,132,68,118
1,<environment.Job instance at 0x7f4ecf1fd0f0>,51,17,[10  4],52,134,151,82,122
1,<environment.Job instance at 0x7f4ecf1fdaf0>,47,17,[4 9],48,151,168,103,141
1,<environment.Job instance at 0x7f4ecf1ece60>,57,18,[3 6],58,168,186,110,157
1,<environment.Job instance at 0x7f4f19872230>,7,16,[1 5],8,12,28,4,12
1,<environment.Job instance at 0x7f4f19921f50>,12,15,[3 8],13,28,43,15,15
1,<environment.Job instance at 0x7f4ecf30b500>,14,13,[5 4],15,15,28,0,15
1,<environment.Job instance at 0x7f4ecf30b820>,19,2,[4 6],20,43,45,23,23
1,<environment.Job instance at 0x7f4f19921e60>,11,16,[2 7],12,45,61,33,32
1,<environment.Job instance at 0x7f4ecf30bfa0>,20,16,[2 8],21,61,77,40,49
1,<environment.Job instance at 0x7f4ecf31d820>,28,14,[5 4],29,77,91,48,62
1,<environment.Job instance at 0x7f4f19872410>,4,17,[3 6],5,77,94,72,65
1,<environment.Job instance at 0x7f4ecf31da50>,38,16,[2 7],39,94,110,55,81
1,<environment.Job instance at 0x7f4f12bc9cd0>,40,3,[7 3],41,91,94,50,81
1,<environment.Job instance at 0x7f4f12bc9550>,42,18,[5 8],43,110,128,67,103
1,<environment.Job instance at 0x7f4f12bc99b0>,50,16,[5 9],51,128,144,77,122
1,<environment.Job instance at 0x7f4f12bc9aa0>,52,14,[9 1],53,144,158,91,129
1,<environment.Job instance at 0x7f4f12bc9eb0>,51,15,[9 5],52,158,173,106,150
1,<environment.Job instance at 0x7f4f12fc5870>,1,1,[2 7],2,2,3,0,2
1,<environment.Job instance at 0x7f4f195216e0>,2,2,[4 5],3,5,7,2,5
1,<environment.Job instance at 0x7f4f12959780>,0,18,[9 2],1,12,30,11,12
1,<environment.Job instance at 0x7f4ecf164f00>,9,18,[1 5],10,12,30,2,12
1,<environment.Job instance at 0x7f4ecefebb90>,11,12,[6 3],12,30,42,18,14
1,<environment.Job instance at 0x7f4ecf170e60>,16,13,[9 5],17,42,55,25,26
1,<environment.Job instance at 0x7f4ecf170870>,18,14,[ 4 10],19,55,69,36,40
1,<environment.Job instance at 0x7f4ecf170280>,21,14,[9 5],22,69,83,47,54
1,<environment.Job instance at 0x7f4ecf083d70>,26,2,[8 3],27,83,85,56,68
1,<environment.Job instance at 0x7f4ecf387140>,27,3,[2 8],28,85,88,57,73
1,<environment.Job instance at 0x7f4f12b53d70>,28,13,[3 7],29,88,101,59,73
1,<environment.Job instance at 0x7f4ecf29df50>,31,13,[9 4],32,101,114,69,85
1,<environment.Job instance at 0x7f4ecf22cd20>,34,15,[6 4],35,114,129,79,101
1,<environment.Job instance at 0x7f4f195fca50>,43,2,[2 7],44,129,131,85,104
1,<environment.Job instance at 0x7f4f195fc2d0>,42,14,[9 3],43,131,145,88,116
1,<environment.Job instance at 0x7f4f195fce60>,46,16,[4 9],47,145,161,98,132
1,<environment.Job instance at 0x7f4f195fceb0>,56,12,[7 5],57,161,173,104,145
1,<environment.Job instance at 0x7f4ecf4d4a50>,4,15,[10  2],5,7,22,2,7
1,<environment.Job instance at 0x7f4ecf4d4e60>,9,1,[7 3],10,22,23,12,10
1,<environment.Job instance at 0x7f4ecf4d4f00>,10,2,[9 4],11,23,25,12,11
1,<environment.Job instance at 0x7f4ecf4cf050>,11,1,[3 8],12,25,26,13,13
1,<environment.Job instance at 0x7f4ecf4cf140>,13,3,[9 5],14,26,29,12,14
1,<environment.Job instance at 0x7f4ecf4d4be0>,6,12,[3 5],7,29,41,22,16
1,<environment.Job instance at 0x7f4ecf4cf820>,18,3,[9 2],19,41,44,22,22
1,<environment.Job instance at 0x7f4ecf4cf9b0>,21,14,[1 5],22,26,40,4,23
1,<environment.Job instance at 0x7f4ecf4c9190>,25,12,[8 3],26,44,56,18,28
1,<environment.Job instance at 0x7f4ecf4c9550>,28,14,[9 5],29,56,70,27,42
1,<environment.Job instance at 0x7f4ecf4cf2d0>,14,14,[5 9],15,70,84,55,56
1,<environment.Job instance at 0x7f4ecf4c98c0>,33,3,[3 9],34,84,87,50,62
1,<environment.Job instance at 0x7f4ecf4c9a50>,35,1,[ 1 10],36,87,88,51,70
1,<environment.Job instance at 0x7f4f19654960>,1,13,[9 1],2,88,101,86,72
1,<environment.Job instance at 0x7f4ecf4c9e10>,40,18,[5 4],41,114,132,73,114
1,<environment.Job instance at 0x7f4ecf4c9640>,32,17,[1 5],33,116,133,83,116
1,<environment.Job instance at 0x7f4ecf4c9af0>,41,14,[8 4],42,132,146,90,118
1,<environment.Job instance at 0x7f4ecf4e04b0>,49,3,[6 1],50,146,149,96,135
1,<environment.Job instance at 0x7f4ecf4e0550>,50,12,[2 6],51,135,147,84,135
1,<environment.Job instance at 0x7f4ecf4e05f0>,51,2,[6 2],52,149,151,97,135
1,<environment.Job instance at 0x7f4ecf4e0820>,54,13,[5 8],55,151,164,96,135
1,<environment.Job instance at 0x7f4ecf4e0910>,57,3,[3 7],58,147,150,89,142
1,<environment.Job instance at 0x7f4ecf4e0c80>,60,17,[10  1],61,164,181,103,152
1,<environment.Job instance at 0x7f4f19408be0>,2,3,[3 7],3,3,6,0,3
1,<environment.Job instance at 0x7f4ecf4e0c30>,3,3,[5 4],4,6,9,2,4
1,<environment.Job instance at 0x7f4f1956e550>,4,12,[7 2],5,9,21,4,6
1,<environment.Job instance at 0x7f4f1956e5a0>,6,12,[5 6],7,21,33,14,14
1,<environment.Job instance at 0x7f4f19b49690>,8,12,[6 1],9,33,45,24,17
1,<environment.Job instance at 0x7f4f1958f820>,16,3,[10  3],17,45,48,28,19
1,<environment.Job instance at 0x7f4f19b345a0>,21,12,[2 5],22,33,45,11,29
1,<environment.Job instance at 0x7f4ecf2cb140>,13,16,[9 5],14,48,64,34,35
1,<environment.Job instance at 0x7f4f1a15bf50>,27,2,[2 6],28,64,66,36,47
1,<environment.Job instance at 0x7f4ecf1e1870>,28,13,[5 7],29,66,79,37,51
1,<environment.Job instance at 0x7f4f194760f0>,32,14,[6 1],33,79,93,46,67
1,<environment.Job instance at 0x7f4f12fc5f50>,19,16,[6 2],20,93,109,73,84
1,<environment.Job instance at 0x7f4f129b6a00>,36,3,[10  1],37,109,112,72,84
1,<environment.Job instance at 0x7f4f129b8640>,42,18,[3 6],43,112,130,69,101
1,<environment.Job instance at 0x7f4f194694b0>,43,3,[6 1],44,112,115,68,101
1,<environment.Job instance at 0x7f4f194696e0>,44,3,[1 6],45,101,104,56,101
1,<environment.Job instance at 0x7f4ecf18dd20>,37,15,[7 2],38,116,131,78,116
1,<environment.Job instance at 0x7f4f12e43730>,48,18,[8 3],49,131,149,82,122
1,<environment.Job instance at 0x7f4f12cbc910>,49,15,[6 5],50,149,164,99,135
1,<environment.Job instance at 0x7f4f12b235a0>,3,12,[5 8],4,4,16,0,4
1,<environment.Job instance at 0x7f4f12b23fa0>,4,1,[2 5],5,16,17,11,6
1,<environment.Job instance at 0x7f4f1a15b960>,0,2,[7 1],1,16,18,15,8
1,<environment.Job instance at 0x7f4f19b746e0>,9,2,[1 8],10,17,19,7,10
1,<environment.Job instance at 0x7f4f195fc0a0>,11,12,[4 5],12,19,31,7,12
1,<environment.Job instance at 0x7f4ecf1bdcd0>,15,3,[4 8],16,31,34,15,16
1,<environment.Job instance at 0x7f4ecee852d0>,10,12,[10  4],11,34,46,23,17
1,<environment.Job instance at 0x7f4f130eed20>,17,12,[6 2],18,18,30,0,18
1,<environment.Job instance at 0x7f4f12fbd3c0>,18,3,[2 8],19,46,49,27,20
1,<environment.Job instance at 0x7f4f12fbd0f0>,20,1,[7 1],21,46,47,25,21
1,<environment.Job instance at 0x7f4ecf037140>,19,2,[4 5],20,49,51,29,22
1,<environment.Job instance at 0x7f4f12fbdaa0>,25,15,[5 1],26,47,62,21,33
1,<environment.Job instance at 0x7f4f12d63a50>,7,13,[5 5],8,51,64,43,36
1,<environment.Job instance at 0x7f4ecf4c4e60>,30,2,[10  1],31,64,66,33,37
1,<environment.Job instance at 0x7f4ecf4c4e10>,32,3,[10  3],33,66,69,33,40
1,<environment.Job instance at 0x7f4f1967dc80>,29,1,[5 1],30,62,63,32,41
1,<environment.Job instance at 0x7f4ecf4c4a00>,34,3,[2 8],35,69,72,34,46
1,<environment.Job instance at 0x7f4ecf509730>,38,12,[1 6],39,72,84,33,57
1,<environment.Job instance at 0x7f4ecf5891e0>,42,1,[5 5],43,84,85,41,67
1,<environment.Job instance at 0x7f4ecf4c4190>,33,15,[8 4],34,85,100,51,71
1,<environment.Job instance at 0x7f4f12a5a550>,45,17,[4 9],46,100,117,54,96
1,<environment.Job instance at 0x7f4eceef7a50>,55,13,[6 4],56,117,130,61,109
1,<environment.Job instance at 0x7f4ecf3e3a50>,59,2,[5 9],60,130,132,70,121
1,<environment.Job instance at 0x7f4f130e25a0>,61,14,[2 7],62,142,156,80,142
1,<environment.Job instance at 0x7f4ecf1ddcd0>,62,3,[5 1],63,143,146,80,143
1,<environment.Job instance at 0x7f4ecf57bd20>,64,1,[7 2],65,146,147,81,145
1,<environment.Job instance at 0x7f4ecf57bb40>,63,18,[10  5],64,156,174,92,147
1,<environment.Job instance at 0x7f4ecf57bd70>,3,22,[5 4],4,6,28,2,6
1,<environment.Job instance at 0x7f4eced80820>,6,3,[1 8],7,28,31,21,7
1,<environment.Job instance at 0x7f4eced80c30>,8,2,[5 7],9,31,33,22,10
1,<environment.Job instance at 0x7f4eced80f50>,12,3,[6 2],13,28,31,15,13
1,<environment.Job instance at 0x7f4eced77640>,18,1,[1 6],19,19,20,0,19
1,<environment.Job instance at 0x7f4eced77730>,19,3,[5 2],20,20,23,0,20
1,<environment.Job instance at 0x7f4eced776e0>,20,2,[2 6],21,23,25,2,21
1,<environment.Job instance at 0x7f4eced77910>,21,3,[5 8],22,33,36,11,22
1,<environment.Job instance at 0x7f4eced77af0>,22,2,[2 8],23,36,38,13,23
1,<environment.Job instance at 0x7f4eced774b0>,17,3,[9 2],18,38,41,20,24
1,<environment.Job instance at 0x7f4eced77eb0>,26,2,[5 5],27,41,43,14,31
1,<environment.Job instance at 0x7f4eced77fa0>,27,2,[9 3],28,43,45,15,31
1,<environment.Job instance at 0x7f4eced6c0f0>,28,16,[1 8],29,45,61,16,33
1,<environment.Job instance at 0x7f4eced6c230>,30,3,[8 4],31,61,64,30,35
1,<environment.Job instance at 0x7f4eced6caa0>,35,3,[5 6],36,64,67,28,48
1,<environment.Job instance at 0x7f4eced6c910>,37,1,[5 1],38,48,49,10,48
1,<environment.Job instance at 0x7f4eced77320>,16,16,[3 6],17,67,83,50,55
1,<environment.Job instance at 0x7f4eced6c8c0>,34,17,[10  4],35,83,100,48,71
1,<environment.Job instance at 0x7f4eced7d4b0>,48,3,[9 1],49,100,103,51,94
1,<environment.Job instance at 0x7f4eced7d410>,49,15,[6 1],50,103,118,53,94
1,<environment.Job instance at 0x7f4eced7d8c0>,50,17,[2 8],51,103,120,52,96
1,<environment.Job instance at 0x7f4eced7da00>,52,12,[10  3],53,120,132,67,103
1,<environment.Job instance at 0x7f4eced7db90>,56,12,[1 9],57,132,144,75,115
1,<environment.Job instance at 0x7f4eced7daf0>,57,18,[7 1],58,132,150,74,128
1,<environment.Job instance at 0x7f4eced7de10>,59,15,[9 3],60,150,165,90,136
1,<environment.Job instance at 0x7f4eced8f0f0>,66,3,[ 4 10],67,165,168,98,142
1,<environment.Job instance at 0x7f4eced8f500>,67,2,[5 8],68,168,170,100,142
1,<environment.Job instance at 0x7f4eced8f4b0>,68,12,[ 3 10],69,170,182,101,154
1,<environment.Job instance at 0x7f4eced8f7d0>,2,1,[7 2],3,3,4,0,3
1,<environment.Job instance at 0x7f4eced8f870>,6,1,[6 2],7,7,8,0,7
1,<environment.Job instance at 0x7f4f1299f460>,9,14,[8 5],10,14,28,4,14
1,<environment.Job instance at 0x7f4f1299f690>,12,1,[ 4 10],13,28,29,15,18
1,<environment.Job instance at 0x7f4f1299f640>,11,18,[6 1],12,29,47,17,19
1,<environment.Job instance at 0x7f4f1299f8c0>,15,3,[1 7],16,29,32,13,19
1,<environment.Job instance at 0x7f4ecef432d0>,16,12,[3 5],17,32,44,15,22
1,<environment.Job instance at 0x7f4ecef43be0>,18,12,[3 5],19,44,56,25,27
1,<environment.Job instance at 0x7f4f195cf0a0>,23,2,[ 3 10],24,56,58,32,50
1,<environment.Job instance at 0x7f4f195cf870>,25,3,[9 5],26,58,61,32,51
1,<environment.Job instance at 0x7f4f195cf460>,26,17,[3 8],27,61,78,34,51
1,<environment.Job instance at 0x7f4ecedfa820>,33,1,[ 3 10],34,78,79,44,62
1,<environment.Job instance at 0x7f4ecedfa8c0>,34,2,[10  3],35,79,81,44,63
1,<environment.Job instance at 0x7f4ecedfa730>,35,18,[5 5],36,81,99,45,71
1,<environment.Job instance at 0x7f4f1299f9b0>,13,14,[2 9],14,99,113,85,87
1,<environment.Job instance at 0x7f4f1299f0f0>,4,12,[ 4 10],5,113,125,108,100
1,<environment.Job instance at 0x7f4f130a6500>,53,2,[1 9],54,125,127,71,111
1,<environment.Job instance at 0x7f4f1a01cc30>,54,17,[6 1],55,125,142,70,113
1,<environment.Job instance at 0x7f4f19496eb0>,58,3,[1 7],59,127,130,68,118
1,<environment.Job instance at 0x7f4f130a6370>,51,18,[5 5],52,142,160,90,131
1,<environment.Job instance at 0x7f4ecf48d280>,62,1,[6 3],63,160,161,97,149
1,<environment.Job instance at 0x7f4f12b681e0>,63,2,[4 5],64,149,151,85,149
1,<environment.Job instance at 0x7f4f12b68c30>,65,18,[5 3],66,161,179,95,151
1,<environment.Job instance at 0x7f4f12a79320>,3,1,[ 4 10],4,4,5,0,4
1,<environment.Job instance at 0x7f4f12a797d0>,5,1,[1 5],6,6,7,0,6
1,<environment.Job instance at 0x7f4f12a79550>,1,12,[4 6],2,7,19,5,6
1,<environment.Job instance at 0x7f4ecf463a50>,8,1,[2 6],9,19,20,10,9
1,<environment.Job instance at 0x7f4ecf4639b0>,11,1,[3 9],12,20,21,8,15
1,<environment.Job instance at 0x7f4f13030550>,15,1,[5 9],16,21,22,5,17
1,<environment.Job instance at 0x7f4ecf4631e0>,12,13,[3 6],13,25,38,12,25
1,<environment.Job instance at 0x7f4f13030f00>,18,2,[6 2],19,25,27,6,25
1,<environment.Job instance at 0x7f4f13030fa0>,19,17,[6 3],20,27,44,7,27
1,<environment.Job instance at 0x7f4f13030460>,22,18,[1 6],23,38,56,15,29
1,<environment.Job instance at 0x7f4f13030320>,25,16,[7 4],26,44,60,18,31
1,<environment.Job instance at 0x7f4ecf1dd7d0>,27,3,[8 5],28,60,63,32,34
1,<environment.Job instance at 0x7f4ecf1ddfa0>,28,3,[9 3],29,63,66,34,37
1,<environment.Job instance at 0x7f4ecf17c2d0>,34,2,[5 3],35,66,68,31,55
1,<environment.Job instance at 0x7f4ecf17c5a0>,35,1,[9 2],36,68,69,32,55
1,<environment.Job instance at 0x7f4f13030aa0>,23,17,[10  3],24,69,86,45,57
1,<environment.Job instance at 0x7f4f13030870>,14,18,[1 8],15,86,104,71,80
1,<environment.Job instance at 0x7f4ecf1c6050>,45,2,[3 7],46,104,106,58,86
1,<environment.Job instance at 0x7f4ecf1c6550>,47,18,[4 5],48,106,124,58,95
1,<environment.Job instance at 0x7f4ecf1c64b0>,48,15,[5 4],49,106,121,57,97
1,<environment.Job instance at 0x7f4ecf4bbaa0>,42,16,[7 1],43,124,140,81,111
1,<environment.Job instance at 0x7f4ecf4bbeb0>,41,12,[10  1],42,140,152,98,124
1,<environment.Job instance at 0x7f4ecee01c80>,52,13,[1 8],53,125,138,72,125
1,<environment.Job instance at 0x7f4eceda98c0>,56,15,[8 5],57,152,167,95,138
1,<environment.Job instance at 0x7f4f12fe30a0>,59,17,[7 1],60,167,184,107,155
1,<environment.Job instance at 0x7f4f129df230>,2,2,[5 5],3,3,5,0,3
1,<environment.Job instance at 0x7f4f12fe3460>,3,1,[3 5],4,4,5,0,4
1,<environment.Job instance at 0x7f4f12a43fa0>,1,14,[4 8],2,5,19,3,4
1,<environment.Job instance at 0x7f4f129df410>,7,3,[1 7],8,19,22,11,8
1,<environment.Job instance at 0x7f4f12cf00a0>,12,3,[5 5],13,22,25,9,15
1,<environment.Job instance at 0x7f4f12cebe10>,14,1,[10  2],15,25,26,10,16
1,<environment.Job instance at 0x7f4f12cebe60>,16,2,[4 9],17,26,28,9,17
1,<environment.Job instance at 0x7f4f12cf74b0>,10,13,[1 8],11,28,41,17,17
1,<environment.Job instance at 0x7f4ecf32ca50>,21,15,[5 1],22,26,41,4,23
1,<environment.Job instance at 0x7f4f19602640>,18,13,[5 4],19,41,54,22,25
1,<environment.Job instance at 0x7f4ecf2e8a00>,19,17,[4 6],20,41,58,21,32
1,<environment.Job instance at 0x7f4ecedccf00>,28,2,[7 1],29,58,60,29,35
1,<environment.Job instance at 0x7f4ecf334820>,29,2,[5 1],30,54,56,24,35
1,<environment.Job instance at 0x7f4ecedd1320>,15,18,[7 4],16,60,78,44,49
1,<environment.Job instance at 0x7f4f12cd96e0>,34,15,[7 5],35,78,93,43,65
1,<environment.Job instance at 0x7f4f12cd9690>,36,15,[5 5],37,93,108,56,79
1,<environment.Job instance at 0x7f4ecf2b4190>,38,12,[3 7],39,108,120,69,92
1,<environment.Job instance at 0x7f4f12b29910>,42,16,[2 8],43,120,136,77,111
1,<environment.Job instance at 0x7f4f12b29a50>,44,14,[7 2],45,114,128,69,114
1,<environment.Job instance at 0x7f4f12b294b0>,46,13,[10  2],47,136,149,89,122
1,<environment.Job instance at 0x7f4f12b29050>,50,16,[1 9],51,149,165,98,147
1,<environment.Job instance at 0x7f4f12a4caa0>,52,16,[5 3],53,165,181,112,152
1,<environment.Job instance at 0x7f4ecf3100a0>,1,1,[7 3],2,5,6,3,5
1,<environment.Job instance at 0x7f4f12b3e690>,4,3,[6 2],5,7,10,2,7
1,<environment.Job instance at 0x7f4ecf182870>,6,3,[5 3],7,10,13,3,8
1,<environment.Job instance at 0x7f4f12a300f0>,8,1,[5 8],9,13,14,4,9
1,<environment.Job instance at 0x7f4eced62f50>,11,16,[4 9],12,14,30,2,13
1,<environment.Job instance at 0x7f4eced6c1e0>,14,1,[8 1],15,30,31,15,15
1,<environment.Job instance at 0x7f4eced627d0>,9,3,[ 2 10],10,31,34,21,18
1,<environment.Job instance at 0x7f4f12a30d70>,5,14,[8 2],6,34,48,28,19
1,<environment.Job instance at 0x7f4ecee23550>,22,1,[ 3 10],23,48,49,25,26
1,<environment.Job instance at 0x7f4eced62dc0>,12,15,[9 5],13,49,64,36,35
1,<environment.Job instance at 0x7f4f12e6a3c0>,27,3,[8 4],28,64,67,36,43
1,<environment.Job instance at 0x7f4f12e6a500>,28,3,[4 6],29,67,70,38,44
1,<environment.Job instance at 0x7f4ecf45a050>,20,17,[6 4],21,67,84,46,56
1,<environment.Job instance at 0x7f4ecee23fa0>,16,16,[ 5 10],17,84,100,67,71
1,<environment.Job instance at 0x7f4f12d74c30>,36,12,[5 9],37,100,112,63,83
1,<environment.Job instance at 0x7f4f12d74960>,37,12,[ 4 10],38,112,124,74,95
1,<environment.Job instance at 0x7f4f12d74be0>,43,13,[8 4],44,124,137,80,113
1,<environment.Job instance at 0x7f4f12c83690>,44,3,[7 5],45,137,140,92,113
1,<environment.Job instance at 0x7f4f12c834b0>,45,2,[5 6],46,140,142,94,113
1,<environment.Job instance at 0x7f4f1954b500>,47,14,[4 9],48,142,156,94,142
1,<environment.Job instance at 0x7f4f1954bd70>,48,15,[5 4],49,156,171,107,144
1,<environment.Job instance at 0x7f4f12b89820>,6,3,[9 4],7,7,10,0,7
1,<environment.Job instance at 0x7f4f12b89280>,7,12,[6 5],8,10,22,2,8
1,<environment.Job instance at 0x7f4f12b89730>,11,3,[8 3],12,22,25,10,12
1,<environment.Job instance at 0x7f4f12b891e0>,13,18,[ 4 10],14,25,43,11,14
1,<environment.Job instance at 0x7f4f1980b5f0>,18,3,[ 3 10],19,43,46,24,32
1,<environment.Job instance at 0x7f4f1980be10>,19,13,[4 7],20,46,59,26,32
1,<environment.Job instance at 0x7f4f12b89910>,3,13,[ 4 10],4,59,72,55,44
1,<environment.Job instance at 0x7f4f1980b050>,27,3,[7 3],28,72,75,44,46
1,<environment.Job instance at 0x7f4f1983d780>,32,13,[9 5],33,75,88,42,60
1,<environment.Job instance at 0x7f4f1983de60>,39,14,[1 5],40,72,86,32,70
1,<environment.Job instance at 0x7f4f1980b910>,20,15,[1 8],21,88,103,67,75
1,<environment.Job instance at 0x7f4ecebd1910>,47,3,[4 8],48,103,106,55,98
1,<environment.Job instance at 0x7f4f1983d550>,41,16,[1 8],42,106,122,64,99
1,<environment.Job instance at 0x7f4ecebd14b0>,51,2,[2 5],52,122,124,70,99
1,<environment.Job instance at 0x7f4ecebd1690>,53,3,[1 5],54,122,125,68,100
1,<environment.Job instance at 0x7f4ecebd13c0>,55,2,[ 5 10],56,125,127,69,124
1,<environment.Job instance at 0x7f4f12a47460>,2,17,[10  4],3,127,144,124,124
1,<environment.Job instance at 0x7f4ecedabcd0>,60,14,[9 4],61,144,158,83,129
1,<environment.Job instance at 0x7f4ecedabd20>,62,1,[2 5],63,158,159,95,145
1,<environment.Job instance at 0x7f4ecedab140>,64,12,[4 9],65,159,171,94,154
1,<environment.Job instance at 0x7f4ecedab370>,65,12,[2 6],66,171,183,105,154
1,<environment.Job instance at 0x7f4ecedaba00>,68,3,[7 2],69,171,174,102,155
1,<environment.Job instance at 0x7f4ecebd7b40>,72,2,[3 9],73,183,185,110,159
1,<environment.Job instance at 0x7f4eceb6cb90>,2,1,[2 9],3,3,4,0,3
1,<environment.Job instance at 0x7f4f129c74b0>,8,13,[5 2],9,9,22,0,9
1,<environment.Job instance at 0x7f4f12959b90>,1,14,[1 7],2,10,24,8,10
1,<environment.Job instance at 0x7f4ecebd75f0>,4,13,[1 6],5,24,37,19,12
1,<environment.Job instance at 0x7f4f129c7640>,7,18,[3 8],8,37,55,29,26
1,<environment.Job instance at 0x7f4f1298e370>,19,14,[9 3],20,55,69,35,40
1,<environment.Job instance at 0x7f4f1298e640>,22,12,[2 8],23,69,81,46,52
1,<environment.Job instance at 0x7f4f12999d70>,27,12,[6 5],28,81,93,53,65
1,<environment.Job instance at 0x7f4f193fa960>,30,13,[2 9],31,93,106,62,77
1,<environment.Job instance at 0x7f4f12b5e780>,41,2,[2 8],42,122,124,80,122
1,<environment.Job instance at 0x7f4ecf0d58c0>,38,17,[8 1],39,138,155,99,138
1,<environment.Job instance at 0x7f4f12b56be0>,46,2,[4 9],47,155,157,108,142
1,<environment.Job instance at 0x7f4ecf03a780>,1,2,[9 4],2,2,4,0,2
1,<environment.Job instance at 0x7f4ecf4b4960>,10,3,[9 5],11,13,16,2,13
1,<environment.Job instance at 0x7f4f12f1d410>,14,3,[7 2],15,16,19,1,16
1,<environment.Job instance at 0x7f4f12f1daa0>,15,3,[1 8],16,16,19,0,16
1,<environment.Job instance at 0x7f4f12f1dc80>,16,1,[5 8],17,19,20,2,17
1,<environment.Job instance at 0x7f4f12d73960>,18,12,[9 5],19,20,32,1,19
1,<environment.Job instance at 0x7f4f12a53e60>,19,12,[ 5 10],20,32,44,12,20
1,<environment.Job instance at 0x7f4ececd4a50>,22,3,[5 5],23,44,47,21,29
1,<environment.Job instance at 0x7f4ecefea870>,24,14,[3 5],25,44,58,19,29
1,<environment.Job instance at 0x7f4ecf4be500>,7,17,[6 2],8,47,64,39,35
1,<environment.Job instance at 0x7f4ecefeab40>,27,2,[3 5],28,58,60,30,35
1,<environment.Job instance at 0x7f4ecefea500>,29,12,[6 2],30,64,76,34,47
1,<environment.Job instance at 0x7f4ecf22b0a0>,35,13,[6 4],36,76,89,40,68
1,<environment.Job instance at 0x7f4ecf22b730>,39,15,[8 3],40,89,104,49,83
1,<environment.Job instance at 0x7f4ecf22b960>,40,18,[7 4],41,104,122,63,95
1,<environment.Job instance at 0x7f4ecedad3c0>,43,2,[3 7],44,122,124,78,102
1,<environment.Job instance at 0x7f4ecedad280>,44,1,[ 1 10],45,124,125,79,103
1,<environment.Job instance at 0x7f4ecf22b2d0>,42,2,[ 5 10],43,125,127,82,107
1,<environment.Job instance at 0x7f4f19941a50>,46,3,[8 4],47,127,130,80,107
1,<environment.Job instance at 0x7f4f12cdf2d0>,47,18,[7 1],48,130,148,82,120
1,<environment.Job instance at 0x7f4f12cdf0f0>,50,2,[7 3],51,148,150,97,126
1,<environment.Job instance at 0x7f4f12cdff00>,53,12,[ 1 10],54,150,162,96,133
1,<environment.Job instance at 0x7f4ecedccd70>,56,16,[3 5],57,134,150,77,134
1,<environment.Job instance at 0x7f4ecedcc140>,57,14,[5 1],58,162,176,104,147
1,<environment.Job instance at 0x7f4f19941fa0>,45,18,[5 9],46,162,180,116,159
1,<environment.Job instance at 0x7f4f19b2bc30>,2,2,[9 1],3,3,5,0,3
1,<environment.Job instance at 0x7f4ecf30eeb0>,5,3,[3 5],6,7,10,1,7
1,<environment.Job instance at 0x7f4ecf30e460>,9,13,[3 7],10,11,24,1,11
1,<environment.Job instance at 0x7f4ecef6d2d0>,11,14,[5 4],12,24,38,12,12
1,<environment.Job instance at 0x7f4ecf30ed70>,7,13,[4 7],8,38,51,30,24
1,<environment.Job instance at 0x7f4ecef6d820>,17,15,[3 7],18,51,66,33,37
1,<environment.Job instance at 0x7f4ecef6d6e0>,20,14,[6 3],21,38,52,17,37
1,<environment.Job instance at 0x7f4ecf30e550>,6,14,[2 9],7,66,80,59,51
1,<environment.Job instance at 0x7f4ecf113af0>,26,2,[3 7],27,80,82,53,62
1,<environment.Job instance at 0x7f4ecef6d3c0>,21,16,[9 2],22,82,98,60,74
1,<environment.Job instance at 0x7f4ecf113230>,28,3,[7 4],29,98,101,69,74
1,<environment.Job instance at 0x7f4ecf1135a0>,30,14,[5 3],31,101,115,70,86
1,<environment.Job instance at 0x7f4ecf113a00>,32,16,[1 7],33,101,117,68,92
1,<environment.Job instance at 0x7f4ecef6da50>,22,14,[2 8],23,122,136,99,122
1,<environment.Job instance at 0x7f4f12fbad20>,40,13,[5 2],41,122,135,81,122
1,<environment.Job instance at 0x7f4f12fbab40>,41,2,[2 9],42,136,138,94,122
1,<environment.Job instance at 0x7f4ecf113460>,34,13,[5 9],35,138,151,103,130
1,<environment.Job instance at 0x7f4f12fbae60>,43,13,[9 5],44,151,164,107,147
1,<environment.Job instance at 0x7f4f12fba910>,48,1,[ 1 10],49,164,165,115,147
1,<environment.Job instance at 0x7f4f12fba140>,49,2,[1 5],50,151,153,101,147
1,<environment.Job instance at 0x7f4f12fba4b0>,51,14,[1 9],52,165,179,113,151
1,<environment.Job instance at 0x7f4eceb4fa00>,0,1,[4 5],1,1,2,0,1
1,<environment.Job instance at 0x7f4eceb4f5f0>,3,12,[6 3],4,4,16,0,4
1,<environment.Job instance at 0x7f4eceb4f9b0>,4,3,[9 1],5,16,19,11,5
1,<environment.Job instance at 0x7f4eceb4f6e0>,5,2,[10  1],6,19,21,13,6
1,<environment.Job instance at 0x7f4ececd3960>,6,1,[ 3 10],7,21,22,14,7
1,<environment.Job instance at 0x7f4eceb4fe60>,7,3,[5 1],8,22,25,14,8
1,<environment.Job instance at 0x7f4eceb4f730>,9,14,[9 5],10,25,39,15,11
1,<environment.Job instance at 0x7f4f193cc410>,12,3,[8 1],13,39,42,26,14
1,<environment.Job instance at 0x7f4f130f0410>,16,2,[8 5],17,42,44,25,18
1,<environment.Job instance at 0x7f4f194527d0>,14,15,[1 5],15,22,37,7,18
1,<environment.Job instance at 0x7f4f12e76a50>,19,3,[4 9],20,44,47,24,23
1,<environment.Job instance at 0x7f4f12e762d0>,23,3,[10  2],24,47,50,23,24
1,<environment.Job instance at 0x7f4f130f0aa0>,17,12,[1 6],18,50,62,32,34
1,<environment.Job instance at 0x7f4ecf3a91e0>,26,17,[10  3],27,62,79,35,50
1,<environment.Job instance at 0x7f4f193cc460>,13,18,[5 6],14,79,97,65,73
1,<environment.Job instance at 0x7f4f130be140>,35,15,[5 2],36,79,94,43,73
1,<environment.Job instance at 0x7f4f130be640>,37,1,[3 5],38,97,98,59,81
1,<environment.Job instance at 0x7f4ecef93730>,38,3,[10  1],39,98,101,59,81
1,<environment.Job instance at 0x7f4ecef93a00>,39,1,[3 8],40,101,102,61,81
1,<environment.Job instance at 0x7f4ecef93d70>,42,17,[5 8],43,102,119,59,95
1,<environment.Job instance at 0x7f4ecef937d0>,44,1,[7 5],45,97,98,52,95
1,<environment.Job instance at 0x7f4ecef93af0>,46,15,[6 2],47,119,134,72,106
1,<environment.Job instance at 0x7f4ecef958c0>,51,12,[3 5],52,119,131,67,106
1,<environment.Job instance at 0x7f4f12e760a0>,20,18,[ 4 10],21,134,152,113,126
1,<environment.Job instance at 0x7f4ecef739b0>,61,15,[7 5],62,152,167,90,138
1,<environment.Job instance at 0x7f4f130be5a0>,28,17,[ 2 10],29,167,184,138,158
1,<environment.Job instance at 0x7f333fcec4b0>,6,20,[6 1],7,7,27,0,7
1,<environment.Job instance at 0x7f333fcec8c0>,11,15,[4 8],12,22,37,10,22
1,<environment.Job instance at 0x7f333fcecbe0>,14,13,[7 3],15,37,50,22,22
1,<environment.Job instance at 0x7f333fcecdc0>,17,3,[4 9],18,50,53,32,24
1,<environment.Job instance at 0x7f333fcece60>,18,3,[4 7],19,53,56,34,27
1,<environment.Job instance at 0x7f333fcec820>,10,12,[3 7],11,37,49,26,28
1,<environment.Job instance at 0x7f333fcecaa0>,21,1,[6 5],22,56,57,34,32
1,<environment.Job instance at 0x7f333fcecc80>,15,18,[2 8],16,57,75,41,49
1,<environment.Job instance at 0x7f333fceea50>,29,12,[5 4],30,75,87,45,58
1,<environment.Job instance at 0x7f333fceeaf0>,30,14,[5 2],31,58,72,27,58
1,<environment.Job instance at 0x7f333fceeb90>,31,14,[2 5],32,75,89,43,60
1,<environment.Job instance at 0x7f333fceedc0>,32,3,[5 1],33,72,75,39,60
1,<environment.Job instance at 0x7f333fceefa0>,35,15,[9 5],36,89,104,53,75
1,<environment.Job instance at 0x7f333fceef00>,37,2,[2 6],38,104,106,66,86
1,<environment.Job instance at 0x7f333fcf1140>,38,2,[ 1 10],39,106,108,67,86
1,<environment.Job instance at 0x7f333fcf11e0>,39,2,[5 6],40,108,110,68,86
1,<environment.Job instance at 0x7f333fcee3c0>,25,12,[ 5 10],26,110,122,84,94
1,<environment.Job instance at 0x7f333fcf1500>,44,3,[5 5],45,122,125,77,102
1,<environment.Job instance at 0x7f333fcf15a0>,45,13,[6 5],46,125,138,79,110
1,<environment.Job instance at 0x7f333fcf16e0>,47,2,[6 5],48,138,140,90,120
1,<environment.Job instance at 0x7f333fcf1780>,48,15,[10  1],49,140,155,91,126
1,<environment.Job instance at 0x7f333fcf1280>,40,15,[10  3],41,155,170,114,151
1,<environment.Job instance at 0x7f333fcee230>,1,2,[5 5],2,2,4,0,2
1,<environment.Job instance at 0x7f333fcf1cd0>,2,1,[6 4],3,4,5,1,4
1,<environment.Job instance at 0x7f3347123e10>,9,14,[2 6],10,10,24,0,10
1,<environment.Job instance at 0x7f3347269910>,10,1,[5 8],11,24,25,13,11
1,<environment.Job instance at 0x7f3347269cd0>,11,13,[8 5],12,25,38,13,12
1,<environment.Job instance at 0x7f3347269870>,12,14,[2 9],13,38,52,25,23
1,<environment.Job instance at 0x7f3347124f50>,16,1,[5 9],17,52,53,35,29
1,<environment.Job instance at 0x7f3347124d70>,22,3,[10  2],23,53,56,30,30
1,<environment.Job instance at 0x7f334726fdc0>,29,2,[9 4],30,56,58,26,48
1,<environment.Job instance at 0x7f334726ff50>,30,13,[10  5],31,58,71,27,49
1,<environment.Job instance at 0x7f334726f3c0>,31,14,[1 6],32,71,85,39,56
1,<environment.Job instance at 0x7f334726e690>,33,14,[7 5],34,85,99,51,70
1,<environment.Job instance at 0x7f334726ebe0>,39,2,[10  4],40,99,101,59,72
1,<environment.Job instance at 0x7f33472755a0>,43,2,[5 6],44,101,103,57,77
1,<environment.Job instance at 0x7f3347275d70>,46,12,[ 3 10],47,103,115,56,89
1,<environment.Job instance at 0x7f3347275e10>,50,18,[4 5],51,115,133,64,105
1,<environment.Job instance at 0x7f3347124af0>,20,18,[10  3],21,133,151,112,123
1,<environment.Job instance at 0x7f334726be10>,56,14,[10  1],57,151,165,94,138
1,<environment.Job instance at 0x7f334726bc30>,59,13,[6 3],60,165,178,105,149
1,<environment.Job instance at 0x7f3347267af0>,64,3,[4 7],65,165,168,100,161
1,<environment.Job instance at 0x7f3347267640>,66,19,[2 7],67,168,187,101,161
1,<environment.Job instance at 0x7f32fbfa47d0>,0,15,[7 1],1,3,18,2,3
1,<environment.Job instance at 0x7f32fbf9e0f0>,3,3,[3 5],4,4,7,0,4
1,<environment.Job instance at 0x7f32fc67b0a0>,2,13,[1 6],3,7,20,4,6
1,<environment.Job instance at 0x7f32fbf9e5a0>,6,1,[2 6],7,20,21,13,7
1,<environment.Job instance at 0x7f32fbf9ecd0>,4,14,[1 5],5,21,35,16,11
1,<environment.Job instance at 0x7f32fbf9e460>,10,14,[8 3],11,18,32,7,12
1,<environment.Job instance at 0x7f333fb4d140>,11,2,[6 3],12,32,34,20,12
1,<environment.Job instance at 0x7f3340193320>,12,12,[8 1],13,34,46,21,22
1,<environment.Job instance at 0x7f32fbf40cd0>,19,3,[ 2 10],20,46,49,26,23
1,<environment.Job instance at 0x7f32fbf404b0>,16,16,[9 2],17,49,65,32,36
1,<environment.Job instance at 0x7f333faa9b40>,23,3,[4 8],24,65,68,41,39
1,<environment.Job instance at 0x7f3340190fa0>,25,3,[3 8],26,68,71,42,42
1,<environment.Job instance at 0x7f333fac0870>,28,18,[1 5],29,71,89,42,60
1,<environment.Job instance at 0x7f333fac09b0>,29,2,[8 2],30,71,73,41,60
1,<environment.Job instance at 0x7f333fb82140>,33,2,[5 7],34,89,91,55,63
1,<environment.Job instance at 0x7f32fc066460>,34,1,[3 8],35,91,92,56,63
1,<environment.Job instance at 0x7f32fbff7a00>,39,3,[7 2],40,68,71,28,64
1,<environment.Job instance at 0x7f32fbff7dc0>,40,14,[7 5],41,73,87,32,66
1,<environment.Job instance at 0x7f32fbf40190>,21,17,[7 5],22,92,109,70,80
1,<environment.Job instance at 0x7f32fbf4a0a0>,48,14,[7 5],49,109,123,60,94
1,<environment.Job instance at 0x7f32fbf4a910>,54,17,[7 2],55,123,140,68,111
1,<environment.Job instance at 0x7f32fbf41aa0>,47,12,[5 8],48,140,152,92,128
1,<environment.Job instance at 0x7f333fee3eb0>,61,17,[2 6],62,152,169,90,140
1,<environment.Job instance at 0x7f333fabad20>,59,17,[8 1],60,152,169,92,140
1,<environment.Job instance at 0x7f333fb83410>,69,17,[9 1],70,169,186,99,157
1,<environment.Job instance at 0x7f32fbf836e0>,2,1,[2 9],3,3,4,0,3
1,<environment.Job instance at 0x7f32fbf838c0>,4,1,[5 8],5,6,7,1,6
1,<environment.Job instance at 0x7f32fbf83dc0>,8,3,[5 9],9,9,12,0,9
1,<environment.Job instance at 0x7f32fbf830a0>,7,2,[2 8],8,12,14,4,10
1,<environment.Job instance at 0x7f32fbf83a50>,5,12,[2 9],6,14,26,8,13
1,<environment.Job instance at 0x7f32fc608410>,13,3,[7 3],14,26,29,12,14
1,<environment.Job instance at 0x7f32fc6089b0>,12,3,[ 1 10],13,29,32,16,16
1,<environment.Job instance at 0x7f32fbf83820>,6,14,[3 9],7,32,46,25,18
1,<environment.Job instance at 0x7f32fc5f3050>,18,2,[5 7],19,46,48,27,20
1,<environment.Job instance at 0x7f32fbfea8c0>,20,14,[6 4],21,48,62,27,33
1,<environment.Job instance at 0x7f32fbfea0f0>,21,18,[3 6],22,48,66,26,47
1,<environment.Job instance at 0x7f32fbfea7d0>,24,14,[7 1],25,62,76,37,48
1,<environment.Job instance at 0x7f32fc6086e0>,14,17,[3 9],15,66,83,51,58
1,<environment.Job instance at 0x7f32fbf3d190>,31,14,[5 8],32,83,97,51,68
1,<environment.Job instance at 0x7f32fbf3d7d0>,33,15,[6 3],34,97,112,63,83
1,<environment.Job instance at 0x7f32fbf3d5a0>,40,1,[6 3],41,112,113,71,97
1,<environment.Job instance at 0x7f32fbf3d640>,38,17,[10  3],39,113,130,74,103
1,<environment.Job instance at 0x7f32fbf3d550>,43,2,[5 6],44,130,132,86,108
1,<environment.Job instance at 0x7f32fbf3d870>,44,2,[2 5],45,108,110,63,108
1,<environment.Job instance at 0x7f32fc53d6e0>,46,3,[8 2],47,132,135,85,115
1,<environment.Job instance at 0x7f334717fd20>,47,13,[7 3],48,135,148,87,120
1,<environment.Job instance at 0x7f334726ec80>,51,1,[8 5],52,148,149,96,120
1,<environment.Job instance at 0x7f334726ea00>,52,15,[1 6],53,132,147,79,120
1,<environment.Job instance at 0x7f334726e690>,55,17,[7 1],56,149,166,93,138
1,<environment.Job instance at 0x7f32fc474320>,57,18,[1 7],58,149,167,91,140
1,<environment.Job instance at 0x7f32fc474370>,59,14,[10  1],60,167,181,107,157
1,<environment.Job instance at 0x7f32fc474050>,60,15,[1 6],61,181,196,120,167
1,<environment.Job instance at 0x7f333fd06370>,3,2,[6 3],4,4,6,0,4
1,<environment.Job instance at 0x7f32fc3281e0>,4,1,[9 4],5,6,7,1,5
1,<environment.Job instance at 0x7f32fc3288c0>,6,1,[4 9],7,7,8,0,7
1,<environment.Job instance at 0x7f32fc328730>,8,2,[8 5],9,9,11,0,9
1,<environment.Job instance at 0x7f32fc2fac30>,14,14,[7 4],15,15,29,0,15
1,<environment.Job instance at 0x7f333fd06aa0>,11,17,[10  4],12,29,46,17,17
1,<environment.Job instance at 0x7f333fb035f0>,17,18,[3 6],18,46,64,28,35
1,<environment.Job instance at 0x7f32fc325050>,22,3,[5 2],23,46,49,23,35
1,<environment.Job instance at 0x7f32fc2f2b40>,25,12,[5 6],26,64,76,38,47
1,<environment.Job instance at 0x7f32fc3058c0>,27,13,[8 2],28,76,89,48,63
1,<environment.Job instance at 0x7f32fc3051e0>,29,3,[7 4],30,89,92,59,63
1,<environment.Job instance at 0x7f32fc328910>,7,17,[4 9],8,92,109,84,91
1,<environment.Job instance at 0x7f32fc321410>,34,1,[1 9],35,109,110,74,102
1,<environment.Job instance at 0x7f333fb3eb90>,6,3,[8 5],7,8,11,1,8
1,<environment.Job instance at 0x7f3346a80f50>,2,14,[9 1],3,11,25,8,8
1,<environment.Job instance at 0x7f333fb3e640>,8,14,[8 1],9,25,39,16,11
1,<environment.Job instance at 0x7f33468c0c30>,14,14,[10  1],15,39,53,24,24
1,<environment.Job instance at 0x7f32fc474690>,19,13,[ 2 10],20,53,66,33,38
1,<environment.Job instance at 0x7f32fc474c30>,21,15,[7 5],22,66,81,44,52
1,<environment.Job instance at 0x7f334726e7d0>,26,17,[9 3],27,81,98,54,69
1,<environment.Job instance at 0x7f32fc3bfe10>,0,16,[5 9],1,98,114,97,85
1,<environment.Job instance at 0x7f333ff2a140>,35,13,[4 7],36,114,127,78,98
1,<environment.Job instance at 0x7f333ff2a6e0>,37,15,[6 1],38,114,129,76,101
1,<environment.Job instance at 0x7f333ff2a5f0>,41,3,[3 7],42,127,130,85,118
1,<environment.Job instance at 0x7f32fc1e0eb0>,42,2,[5 6],43,130,132,87,118
1,<environment.Job instance at 0x7f32fc1e0280>,43,3,[10  1],44,132,135,88,118
1,<environment.Job instance at 0x7f32fc1e0500>,44,15,[7 5],45,135,150,90,121
1,<environment.Job instance at 0x7f32fc26b5f0>,48,3,[2 7],49,150,153,101,132
1,<environment.Job instance at 0x7f32fc26b190>,51,18,[3 7],52,153,171,101,142
1,<environment.Job instance at 0x7f33400c8aa0>,53,14,[5 5],54,171,185,117,156
1,<environment.Job instance at 0x7f333fc46a50>,2,19,[8 3],3,4,23,1,4
1,<environment.Job instance at 0x7f333fc46d20>,3,13,[8 3],4,23,36,19,11
1,<environment.Job instance at 0x7f32fc193af0>,12,1,[5 2],13,36,37,23,20
1,<environment.Job instance at 0x7f32fc15d820>,15,3,[ 3 10],16,37,40,21,22
1,<environment.Job instance at 0x7f32fc15d1e0>,11,13,[5 2],12,40,53,28,24
1,<environment.Job instance at 0x7f32fc339320>,17,14,[2 6],18,40,54,22,25
1,<environment.Job instance at 0x7f32fc15d460>,16,13,[10  5],17,54,67,37,40
1,<environment.Job instance at 0x7f32fc45cd70>,25,14,[5 7],26,67,81,41,54
1,<environment.Job instance at 0x7f333fd94190>,27,15,[3 9],28,81,96,53,69
1,<environment.Job instance at 0x7f333fd94460>,28,15,[ 4 10],29,96,111,67,83
1,<environment.Job instance at 0x7f32fc15d5f0>,14,17,[4 7],15,111,128,96,99
1,<environment.Job instance at 0x7f333fd94eb0>,39,13,[7 2],40,128,141,88,112
1,<environment.Job instance at 0x7f33400c81e0>,44,16,[9 2],45,141,157,96,128
1,<environment.Job instance at 0x7f33400c8e10>,47,18,[5 5],48,157,175,109,147
1,<environment.Job instance at 0x7f333fe38af0>,51,3,[2 9],52,175,178,123,149
1,<environment.Job instance at 0x7f333fe38eb0>,53,18,[4 5],54,157,175,103,151
1,<environment.Job instance at 0x7f32fc0cb0f0>,55,18,[5 8],56,178,196,122,167
1,<environment.Job instance at 0x7f32fc485280>,2,3,[1 7],3,3,6,0,3
1,<environment.Job instance at 0x7f32fc0c06e0>,3,13,[9 3],4,7,20,3,7
1,<environment.Job instance at 0x7f32fbebfbe0>,7,1,[3 8],8,20,21,12,8
1,<environment.Job instance at 0x7f32fbebfa50>,9,3,[6 1],10,20,23,10,10
1,<environment.Job instance at 0x7f32fbebff50>,11,2,[7 1],12,23,25,11,12
1,<environment.Job instance at 0x7f32fbebc550>,16,1,[6 4],17,25,26,8,18
1,<environment.Job instance at 0x7f32fbebc5f0>,17,2,[3 8],18,21,23,3,19
1,<environment.Job instance at 0x7f32fbebc4b0>,15,18,[ 2 10],16,26,44,10,19
1,<environment.Job instance at 0x7f32fbebfcd0>,8,12,[1 9],9,44,56,35,27
1,<environment.Job instance at 0x7f32fbebc960>,21,3,[1 8],22,56,59,34,30
1,<environment.Job instance at 0x7f32fbebc640>,24,15,[5 3],25,59,74,34,46
1,<environment.Job instance at 0x7f32fbebceb0>,27,12,[9 2],28,74,86,46,57
1,<environment.Job instance at 0x7f32fbebcf50>,29,2,[3 9],30,86,88,56,59
1,<environment.Job instance at 0x7f32fbee4370>,31,12,[8 2],32,88,100,56,72
1,<environment.Job instance at 0x7f32fbee45a0>,36,3,[2 5],37,88,91,51,78
1,<environment.Job instance at 0x7f32fbee4910>,38,2,[5 7],39,100,102,61,78
1,<environment.Job instance at 0x7f32fbee41e0>,30,13,[10  5],31,102,115,71,87
1,<environment.Job instance at 0x7f32fbee4a50>,40,12,[ 5 10],41,115,127,74,98
1,<environment.Job instance at 0x7f32fbee4c80>,45,12,[5 2],46,127,139,81,110
1,<environment.Job instance at 0x7f32fc485140>,5,14,[ 3 10],6,139,153,133,127
1,<environment.Job instance at 0x7f32fbeb6280>,53,3,[9 4],54,153,156,99,133
1,<environment.Job instance at 0x7f32fbeb61e0>,52,13,[1 9],53,156,169,103,140
1,<environment.Job instance at 0x7f32fbeb6870>,60,17,[4 7],61,169,186,108,157
1,<environment.Job instance at 0x7f32fbeb6c30>,62,14,[6 3],63,169,183,106,160
1,<environment.Job instance at 0x7f333fb7c550>,2,2,[3 7],3,3,5,0,3
1,<environment.Job instance at 0x7f32fbeb6f50>,3,2,[ 3 10],4,5,7,1,4
1,<environment.Job instance at 0x7f333fb7cfa0>,5,14,[6 1],6,8,22,2,8
1,<environment.Job instance at 0x7f333fb7ca00>,4,14,[9 5],5,22,36,17,10
1,<environment.Job instance at 0x7f32fbf72500>,11,2,[6 2],12,36,38,24,12
1,<environment.Job instance at 0x7f32fbf72730>,10,13,[7 3],11,38,51,27,22
1,<environment.Job instance at 0x7f32fc48e0a0>,15,14,[8 4],16,51,65,35,37
1,<environment.Job instance at 0x7f333fee35a0>,18,3,[6 2],19,65,68,46,44
1,<environment.Job instance at 0x7f333ff4a320>,20,17,[8 2],21,68,85,47,57
1,<environment.Job instance at 0x7f333fa6a500>,25,13,[2 7],26,72,85,46,72
1,<environment.Job instance at 0x7f32fc48ee60>,16,18,[ 2 10],17,85,103,68,74
1,<environment.Job instance at 0x7f32fc4b0e10>,32,13,[3 7],33,103,116,70,87
1,<environment.Job instance at 0x7f33469e8820>,33,12,[1 8],34,116,128,82,99
1,<environment.Job instance at 0x7f32fc1bb050>,35,14,[5 9],36,128,142,92,115
1,<environment.Job instance at 0x7f333ff2db90>,36,15,[2 7],37,142,157,105,128
1,<environment.Job instance at 0x7f32fc2a0d70>,39,16,[8 5],40,157,173,117,144
1,<environment.Job instance at 0x7f32fc56aa00>,43,14,[4 8],44,173,187,129,158
1,<environment.Job instance at 0x7f333fb3a870>,4,13,[2 5],5,6,19,1,6
1,<environment.Job instance at 0x7f334020dc80>,7,3,[4 9],8,19,22,11,8
1,<environment.Job instance at 0x7f334020d0f0>,9,3,[3 5],10,10,13,0,10
1,<environment.Job instance at 0x7f334681f050>,0,3,[ 4 10],1,22,25,21,12
1,<environment.Job instance at 0x7f333fc3d550>,1,16,[2 6],2,25,41,23,13
1,<environment.Job instance at 0x7f33469cef00>,14,13,[2 8],15,41,54,26,26
1,<environment.Job instance at 0x7f32fc1e5690>,15,3,[5 5],16,54,57,38,28
1,<environment.Job instance at 0x7f3346a67be0>,18,3,[10  4],19,57,60,38,31
1,<environment.Job instance at 0x7f32fc6a7550>,20,1,[1 7],21,60,61,39,44
1,<environment.Job instance at 0x7f3346a403c0>,21,12,[5 1],22,44,56,22,44
1,<environment.Job instance at 0x7f3346a407d0>,23,2,[6 3],24,60,62,36,44
1,<environment.Job instance at 0x7f3346a67c80>,17,12,[2 5],18,61,73,43,47
1,<environment.Job instance at 0x7f3346a405f0>,24,16,[5 3],25,62,78,37,50
1,<environment.Job instance at 0x7f32fc1181e0>,25,13,[2 6],26,73,86,47,57
1,<environment.Job instance at 0x7f32fc3a5f50>,33,13,[4 7],34,86,99,52,70
1,<environment.Job instance at 0x7f33468ab6e0>,36,12,[4 6],37,99,111,62,83
1,<environment.Job instance at 0x7f32fc3a5c80>,31,12,[7 4],32,111,123,79,98
1,<environment.Job instance at 0x7f33468ab280>,41,12,[7 5],42,123,135,81,107
1,<environment.Job instance at 0x7f33468ab460>,46,15,[1 5],47,115,130,68,115
1,<environment.Job instance at 0x7f33468abf00>,40,17,[8 3],41,135,152,94,135
1,<environment.Job instance at 0x7f32fc588870>,53,3,[5 6],54,152,155,98,137
1,<environment.Job instance at 0x7f3340086e10>,56,13,[ 1 10],57,155,168,98,139
1,<environment.Job instance at 0x7f333fb49500>,59,15,[8 4],60,168,183,108,154
1,<environment.Job instance at 0x7f333fd9bcd0>,2,1,[9 4],3,3,4,0,3
1,<environment.Job instance at 0x7f32fc61c820>,4,1,[1 7],5,9,10,4,9
1,<environment.Job instance at 0x7f334678ae10>,5,2,[1 8],6,10,12,4,10
1,<environment.Job instance at 0x7f32fc61cf50>,13,2,[9 4],14,14,16,0,14
1,<environment.Job instance at 0x7f32fc61c9b0>,7,14,[8 3],8,16,30,8,16
1,<environment.Job instance at 0x7f32fc60d4b0>,17,2,[8 3],18,30,32,12,18
1,<environment.Job instance at 0x7f32fc60d5a0>,18,13,[5 9],19,32,45,13,20
1,<environment.Job instance at 0x7f32fc60d780>,19,3,[ 4 10],20,45,48,25,20
1,<environment.Job instance at 0x7f32fc60d0a0>,16,14,[3 9],17,48,62,31,34
1,<environment.Job instance at 0x7f32fc60df00>,28,14,[7 3],29,62,76,33,49
1,<environment.Job instance at 0x7f32fc60da00>,21,17,[2 9],22,76,93,54,64
1,<environment.Job instance at 0x7f32fc606aa0>,39,15,[5 3],40,93,108,53,83
1,<environment.Job instance at 0x7f32fc61cf00>,14,18,[3 8],15,108,126,93,98
1,<environment.Job instance at 0x7f32fc606e60>,45,15,[9 5],46,126,141,80,115
1,<environment.Job instance at 0x7f32fc60c640>,51,16,[8 5],52,141,157,89,133
1,<environment.Job instance at 0x7f32fc60c820>,54,17,[5 7],55,157,174,102,145
1,<environment.Job instance at 0x7f32fc60c8c0>,55,12,[5 1],56,157,169,101,152
1,<environment.Job instance at 0x7f32fc60ca00>,57,3,[9 3],58,174,177,116,152
1,<environment.Job instance at 0x7f32fc60cbe0>,60,12,[6 1],61,177,189,116,160
1,<environment.Job instance at 0x7f32fc4b3a50>,1,2,[5 2],2,2,4,0,2
1,<environment.Job instance at 0x7f32fc4b33c0>,4,13,[6 5],5,5,18,0,5
1,<environment.Job instance at 0x7f32fc4b3cd0>,5,13,[6 1],6,18,31,12,6
1,<environment.Job instance at 0x7f333fb86eb0>,8,1,[2 8],9,18,19,9,10
1,<environment.Job instance at 0x7f333fb86640>,10,1,[ 2 10],11,31,32,20,11
1,<environment.Job instance at 0x7f333fb868c0>,12,2,[2 5],13,13,15,0,13
1,<environment.Job instance at 0x7f333fb863c0>,11,3,[3 8],12,19,22,7,13
1,<environment.Job instance at 0x7f33468eb1e0>,14,2,[2 7],15,22,24,7,15
1,<environment.Job instance at 0x7f33468ebd20>,16,1,[10  4],17,32,33,15,17
1,<environment.Job instance at 0x7f33468eb780>,17,2,[7 3],18,33,35,15,18
1,<environment.Job instance at 0x7f33468eb4b0>,18,12,[6 2],19,35,47,16,20
1,<environment.Job instance at 0x7f333fca1af0>,26,1,[1 6],27,33,34,6,32
1,<environment.Job instance at 0x7f333fca1820>,27,2,[4 6],28,35,37,7,32
1,<environment.Job instance at 0x7f333fca1280>,24,13,[6 5],25,47,60,22,34
1,<environment.Job instance at 0x7f333fd4b780>,30,12,[9 2],31,60,72,29,43
1,<environment.Job instance at 0x7f32fc3568c0>,33,13,[7 3],34,72,85,38,56
1,<environment.Job instance at 0x7f33468ebb40>,22,17,[5 5],23,85,102,62,73
1,<environment.Job instance at 0x7f32fc356a00>,32,15,[4 9],33,102,117,69,90
1,<environment.Job instance at 0x7f32fc21ffa0>,49,14,[5 9],50,117,131,67,102
1,<environment.Job instance at 0x7f32fc21fe60>,46,12,[10  3],47,131,143,84,114
1,<environment.Job instance at 0x7f333fe71280>,58,1,[2 6],59,143,144,84,126
1,<environment.Job instance at 0x7f333fe71d20>,59,12,[1 5],60,144,156,84,128
1,<environment.Job instance at 0x7f333fe71af0>,57,18,[3 8],58,156,174,98,145
1,<environment.Job instance at 0x7f32fc307eb0>,68,2,[6 2],69,160,162,91,160
1,<environment.Job instance at 0x7f32fc307730>,69,17,[6 3],70,174,191,104,162
1,<environment.Job instance at 0x7f32fc307d20>,71,3,[10  5],72,191,194,119,165
1,<environment.Job instance at 0x7f32fc307d20>,4,2,[2 5],5,5,7,0,5
1,<environment.Job instance at 0x7f3346b36910>,8,12,[1 5],9,9,21,0,9
1,<environment.Job instance at 0x7f33400a8a50>,11,3,[7 5],12,12,15,0,12
1,<environment.Job instance at 0x7f33400a8dc0>,9,2,[2 5],10,15,17,5,13
1,<environment.Job instance at 0x7f33400a8fa0>,13,1,[9 4],14,17,18,3,14
1,<environment.Job instance at 0x7f33400a8370>,14,16,[8 4],15,18,34,3,16
1,<environment.Job instance at 0x7f33400a8820>,15,12,[6 4],16,34,46,18,17
1,<environment.Job instance at 0x7f33400a82d0>,10,13,[1 5],11,21,34,10,20
1,<environment.Job instance at 0x7f3346acb2d0>,17,14,[7 4],18,46,60,28,31
1,<environment.Job instance at 0x7f333fa634b0>,22,14,[7 5],23,60,74,37,45
1,<environment.Job instance at 0x7f3346ccdf50>,29,17,[1 5],30,56,73,26,56
1,<environment.Job instance at 0x7f32fc319820>,33,15,[5 7],34,74,89,40,60
1,<environment.Job instance at 0x7f32fc319b90>,34,16,[2 8],35,89,105,54,77
1,<environment.Job instance at 0x7f32fc3191e0>,38,15,[2 6],39,105,120,66,92
1,<environment.Job instance at 0x7f32fc319640>,40,17,[6 1],41,97,114,56,97
1,<environment.Job instance at 0x7f32fc08cc80>,25,18,[2 9],26,120,138,94,109
1,<environment.Job instance at 0x7f32fc13e780>,55,18,[7 4],56,138,156,82,128
1,<environment.Job instance at 0x7f32fc6addc0>,61,15,[5 1],62,156,171,94,142
1,<environment.Job instance at 0x7f32fc5034b0>,4,3,[6 2],5,5,8,0,5
1,<environment.Job instance at 0x7f333fbed780>,5,2,[1 9],6,8,10,2,6
1,<environment.Job instance at 0x7f333fbeda00>,7,2,[ 1 10],8,10,12,2,8
1,<environment.Job instance at 0x7f333fbedf00>,8,1,[7 4],9,12,13,3,9
1,<environment.Job instance at 0x7f333fbede10>,9,1,[2 5],10,12,13,2,10
1,<environment.Job instance at 0x7f333fbedb90>,10,18,[6 1],11,13,31,2,11
1,<environment.Job instance at 0x7f333fbee0a0>,11,3,[7 4],12,31,34,19,13
1,<environment.Job instance at 0x7f333fbeeb90>,14,18,[2 5],15,18,36,3,18
1,<environment.Job instance at 0x7f32fc35e370>,19,15,[2 5],20,34,49,14,21
1,<environment.Job instance at 0x7f32fbeb09b0>,21,1,[10  5],22,49,50,27,22
1,<environment.Job instance at 0x7f32fc348cd0>,22,2,[1 8],23,50,52,27,24
1,<environment.Job instance at 0x7f32fc370c30>,24,2,[6 2],25,36,38,11,26
1,<environment.Job instance at 0x7f32fc35e050>,23,3,[9 3],24,52,55,28,26
1,<environment.Job instance at 0x7f32fc180140>,27,1,[1 6],28,52,53,24,30
1,<environment.Job instance at 0x7f32fc180280>,29,2,[7 3],30,38,40,8,30
1,<environment.Job instance at 0x7f32fc233280>,30,1,[2 9],31,55,56,24,35
1,<environment.Job instance at 0x7f32fc345f50>,31,1,[7 3],32,40,41,8,35
1,<environment.Job instance at 0x7f333fca5d20>,25,17,[8 3],26,56,73,30,44
1,<environment.Job instance at 0x7f33466631e0>,39,3,[ 2 10],40,73,76,33,48
1,<environment.Job instance at 0x7f334017ccd0>,42,15,[9 5],43,76,91,33,62
1,<environment.Job instance at 0x7f32fc345af0>,32,18,[7 3],33,91,109,58,80
1,<environment.Job instance at 0x7f3346ac3870>,47,13,[10  3],48,109,122,61,94
1,<environment.Job instance at 0x7f333fcaa640>,53,13,[8 4],54,122,135,68,110
1,<environment.Job instance at 0x7f333fcaa320>,57,3,[8 4],58,135,138,77,120
1,<environment.Job instance at 0x7f333fcaa280>,58,3,[4 6],59,138,141,79,120
1,<environment.Job instance at 0x7f33465cf690>,50,17,[6 4],51,138,155,87,126
1,<environment.Job instance at 0x7f32fc22daf0>,61,12,[7 5],62,155,167,93,138
1,<environment.Job instance at 0x7f32fc22d2d0>,64,14,[5 5],65,167,181,102,153
1,<environment.Job instance at 0x7f32fc22dcd0>,67,12,[ 4 10],68,181,193,113,166
1,<environment.Job instance at 0x7f32fc22d410>,3,1,[5 6],4,4,5,0,4
1,<environment.Job instance at 0x7f32fc56dfa0>,8,14,[10  1],9,34,48,25,34
1,<environment.Job instance at 0x7f32fc56d780>,12,2,[8 5],13,48,50,35,36
1,<environment.Job instance at 0x7f32fc56db90>,7,18,[3 6],8,50,68,42,48
1,<environment.Job instance at 0x7f3346c21370>,15,14,[ 2 10],16,68,82,52,53
1,<environment.Job instance at 0x7f32fbf9ca00>,18,14,[ 1 10],19,82,96,63,67
1,<environment.Job instance at 0x7f32fbf9c140>,22,17,[10  4],23,96,113,73,84
1,<environment.Job instance at 0x7f32fc5035f0>,29,15,[7 2],30,113,128,83,99
1,<environment.Job instance at 0x7f32fc54b320>,34,15,[3 5],35,113,128,78,102
1,<environment.Job instance at 0x7f32fc5433c0>,35,3,[8 2],36,128,131,92,102
1,<environment.Job instance at 0x7f32fc543b40>,38,3,[ 3 10],39,131,134,92,117
1,<environment.Job instance at 0x7f33467857d0>,39,13,[4 7],40,134,147,94,118
1,<environment.Job instance at 0x7f3346785d20>,41,14,[6 4],42,147,161,105,133
1,<environment.Job instance at 0x7f33401a9960>,43,2,[8 5],44,161,163,117,134
1,<environment.Job instance at 0x7f32fc54b050>,33,18,[ 4 10],34,163,181,129,152
1,<environment.Job instance at 0x7f32fbee9a50>,57,17,[8 4],58,181,198,123,169
1,<environment.Job instance at 0x7f333fc21c80>,1,18,[9 3],2,4,22,2,4
1,<environment.Job instance at 0x7f32fbcc7320>,6,3,[9 4],7,22,25,15,7
1,<environment.Job instance at 0x7f333fc21500>,3,18,[8 3],4,25,43,21,14
1,<environment.Job instance at 0x7f32fbd46410>,14,13,[1 6],15,18,31,3,18
1,<environment.Job instance at 0x7f32fbcc7230>,11,14,[1 7],12,31,45,19,19
1,<environment.Job instance at 0x7f32fbd46780>,18,13,[5 2],19,43,56,24,27
1,<environment.Job instance at 0x7f333fdddaa0>,24,13,[2 5],25,45,58,20,29
1,<environment.Job instance at 0x7f32fbd46320>,17,18,[3 8],18,58,76,40,47
1,<environment.Job instance at 0x7f32fbcdf2d0>,29,14,[9 3],30,76,90,46,61
1,<environment.Job instance at 0x7f32fbcdf3c0>,32,12,[2 8],33,90,102,57,73
1,<environment.Job instance at 0x7f32fbcdf870>,34,15,[5 2],35,90,105,55,77
1,<environment.Job instance at 0x7f32fbcc7b40>,2,17,[4 8],3,102,119,99,91
1,<environment.Job instance at 0x7f32fbf146e0>,45,1,[10  5],46,119,120,73,114
1,<environment.Job instance at 0x7f32fbf145f0>,48,17,[8 1],49,141,158,92,141
1,<environment.Job instance at 0x7f32fbf141e0>,54,20,[1 9],55,160,180,105,160
1,<environment.Job instance at 0x7f32fbf14e60>,56,2,[4 9],57,180,182,123,161
1,<environment.Job instance at 0x7f3346b3feb0>,1,2,[9 4],2,2,4,0,2
1,<environment.Job instance at 0x7f32fbf14e60>,4,1,[5 4],5,5,6,0,5
1,<environment.Job instance at 0x7f32fc2fefa0>,8,1,[3 8],9,12,13,3,12
1,<environment.Job instance at 0x7f333fe25960>,10,3,[9 5],11,13,16,2,13
1,<environment.Job instance at 0x7f333fe26780>,12,3,[6 5],13,16,19,3,13
1,<environment.Job instance at 0x7f333fe25fa0>,7,17,[6 2],8,19,36,11,15
1,<environment.Job instance at 0x7f333fe26eb0>,16,1,[5 8],17,36,37,19,17
1,<environment.Job instance at 0x7f333fe39140>,21,12,[7 5],22,37,49,15,22
1,<environment.Job instance at 0x7f333fe390a0>,24,14,[3 5],25,37,51,12,29
1,<environment.Job instance at 0x7f333fe260f0>,17,16,[6 5],18,49,65,31,36
1,<environment.Job instance at 0x7f32fbfd65a0>,27,2,[3 5],28,51,53,23,36
1,<environment.Job instance at 0x7f333fd70500>,28,14,[5 1],29,65,79,36,52
1,<environment.Job instance at 0x7f32fc2bcaa0>,33,13,[8 5],34,79,92,45,64
1,<environment.Job instance at 0x7f333fd70c30>,29,12,[6 2],30,92,104,62,76
1,<environment.Job instance at 0x7f32fbfef8c0>,42,2,[ 5 10],43,104,106,61,104
1,<environment.Job instance at 0x7f333fd7a870>,43,2,[3 7],44,106,108,62,104
1,<environment.Job instance at 0x7f32fbfb9dc0>,44,1,[ 1 10],45,108,109,63,104
1,<environment.Job instance at 0x7f32fbfefa00>,40,18,[7 4],41,109,127,68,104
1,<environment.Job instance at 0x7f32fbfb9230>,46,3,[8 4],47,127,130,80,104
1,<environment.Job instance at 0x7f33400590f0>,49,17,[6 3],50,130,147,80,118
1,<environment.Job instance at 0x7f334004ffa0>,50,2,[7 3],51,147,149,96,120
1,<environment.Job instance at 0x7f334004f190>,53,12,[ 1 10],54,149,161,95,135
1,<environment.Job instance at 0x7f334004fa50>,55,2,[4 5],56,135,137,79,135
1,<environment.Job instance at 0x7f334004fc30>,56,16,[3 5],57,161,177,104,148
1,<environment.Job instance at 0x7f334004fc80>,57,14,[5 1],58,161,175,103,148
1,<environment.Job instance at 0x7f33400374b0>,59,2,[6 5],60,175,177,115,151
1,<environment.Job instance at 0x7f32fbf3adc0>,64,17,[7 5],65,177,194,112,165
1,<environment.Job instance at 0x7f3346b50b90>,8,3,[8 3],9,9,12,0,9
1,<environment.Job instance at 0x7f33401403c0>,10,14,[6 3],11,12,26,1,12
1,<environment.Job instance at 0x7f334726f5f0>,12,14,[2 8],13,26,40,13,14
1,<environment.Job instance at 0x7f334726ff50>,13,3,[9 2],14,40,43,26,18
1,<environment.Job instance at 0x7f333fbf1eb0>,14,2,[8 3],15,43,45,28,18
1,<environment.Job instance at 0x7f333fbf1820>,16,2,[3 7],17,20,22,3,20
1,<environment.Job instance at 0x7f3346b500a0>,7,15,[3 7],8,45,60,37,32
1,<environment.Job instance at 0x7f32fc2fbb90>,19,18,[7 3],20,45,63,25,35
1,<environment.Job instance at 0x7f333fc3e8c0>,22,16,[1 7],23,60,76,37,48
1,<environment.Job instance at 0x7f333ff07050>,25,3,[2 8],26,76,79,50,50
1,<environment.Job instance at 0x7f33466ef5f0>,23,15,[7 1],24,63,78,39,50
1,<environment.Job instance at 0x7f333ff075a0>,26,2,[ 1 10],27,79,81,52,76
1,<environment.Job instance at 0x7f333fdafd70>,31,2,[2 9],32,81,83,49,77
1,<environment.Job instance at 0x7f333fdaf410>,36,17,[9 2],37,101,118,64,101
1,<environment.Job instance at 0x7f32fbd2fa00>,39,2,[1 5],40,101,103,61,101
1,<environment.Job instance at 0x7f333fdafcd0>,33,13,[9 5],34,118,131,84,107
1,<environment.Job instance at 0x7f32fbd2fdc0>,42,14,[5 8],43,131,145,88,116
1,<environment.Job instance at 0x7f32fbd2f960>,44,12,[ 2 10],45,145,157,100,129
1,<environment.Job instance at 0x7f32fbd2f6e0>,41,14,[1 9],42,157,171,115,142
1,<environment.Job instance at 0x7f32fc1208c0>,52,13,[5 1],53,157,170,104,142
1,<environment.Job instance at 0x7f32fc5e0fa0>,56,3,[10  3],57,171,174,114,146
1,<environment.Job instance at 0x7f32fc5e09b0>,58,14,[3 9],59,174,188,115,161
1,<environment.Job instance at 0x7f32fbf9c050>,5,1,[8 1],6,6,7,0,6
1,<environment.Job instance at 0x7f333fdfd2d0>,9,12,[2 8],10,13,25,3,13
1,<environment.Job instance at 0x7f334681d230>,15,15,[5 2],16,33,48,17,33
1,<environment.Job instance at 0x7f334681db90>,12,14,[5 8],13,34,48,21,34
1,<environment.Job instance at 0x7f334681d960>,17,1,[3 5],18,48,49,30,34
1,<environment.Job instance at 0x7f334681df00>,18,3,[10  1],19,49,52,30,35
1,<environment.Job instance at 0x7f334681d190>,20,16,[6 1],21,52,68,31,39
1,<environment.Job instance at 0x7f334681d3c0>,16,16,[ 1 10],17,68,84,51,65
1,<environment.Job instance at 0x7f32fbcc1960>,29,1,[3 7],30,107,108,77,107
1,<environment.Job instance at 0x7f32fbcc1e10>,30,2,[1 7],31,108,110,77,107
1,<environment.Job instance at 0x7f32fbcc1fa0>,31,12,[3 5],32,110,122,78,108
1,<environment.Job instance at 0x7f32fbcc15f0>,33,2,[5 4],34,110,112,76,108
1,<environment.Job instance at 0x7f333fdfdd70>,6,17,[10  3],7,134,151,127,134
1,<environment.Job instance at 0x7f32fc2fc0f0>,41,15,[7 5],42,151,166,109,138
1,<environment.Job instance at 0x7f32fc5b44b0>,4,15,[5 6],5,6,21,1,6
1,<environment.Job instance at 0x7f32fc5b4050>,5,15,[9 2],6,21,36,15,10
1,<environment.Job instance at 0x7f32fc5b4dc0>,9,3,[4 8],10,36,39,26,20
1,<environment.Job instance at 0x7f32fc5ed5f0>,15,14,[1 8],16,39,53,23,24
1,<environment.Job instance at 0x7f32fc5edb90>,17,14,[5 1],18,36,50,18,24
1,<environment.Job instance at 0x7f32fc5b4d20>,10,16,[9 1],11,50,66,39,37
1,<environment.Job instance at 0x7f32fc5c2460>,24,17,[4 7],25,66,83,41,55
1,<environment.Job instance at 0x7f32fc5c2a50>,30,1,[5 2],31,66,67,35,61
1,<environment.Job instance at 0x7f32fc5c2a00>,29,16,[7 4],30,83,99,53,75
1,<environment.Job instance at 0x7f32fc5c25a0>,32,14,[6 2],33,99,113,66,85
1,<environment.Job instance at 0x7f32fc5d0dc0>,37,15,[2 8],38,99,114,61,89
1,<environment.Job instance at 0x7f32fc5c2960>,33,14,[2 9],34,114,128,80,99
1,<environment.Job instance at 0x7f32fc5d05a0>,48,15,[1 9],49,128,143,79,119
1,<environment.Job instance at 0x7f334666d0a0>,50,2,[5 8],51,143,145,92,119
1,<environment.Job instance at 0x7f334666df00>,51,2,[9 2],52,145,147,93,119
1,<environment.Job instance at 0x7f334666de60>,54,2,[8 5],55,147,149,92,135
1,<environment.Job instance at 0x7f3346689d20>,57,3,[5 5],58,149,152,91,138
1,<environment.Job instance at 0x7f3346689eb0>,58,3,[1 7],59,152,155,93,138
1,<environment.Job instance at 0x7f3346689f00>,59,17,[8 2],60,152,169,92,140
1,<environment.Job instance at 0x7f3346689460>,65,16,[1 6],66,155,171,89,155
1,<environment.Job instance at 0x7f333ff62c30>,66,13,[1 5],67,171,184,104,155
1,<environment.Job instance at 0x7f333ff62d20>,69,1,[7 3],70,169,170,99,165
1,<environment.Job instance at 0x7fec064e05a0>,6,20,[6 1],7,8,28,1,8
1,<environment.Job instance at 0x7fec064e0690>,8,13,[5 5],9,28,41,19,12
1,<environment.Job instance at 0x7fec064e0c30>,14,13,[7 3],15,41,54,26,25
1,<environment.Job instance at 0x7fec064e0d70>,16,16,[3 5],17,29,45,12,29
1,<environment.Job instance at 0x7fec064e0e10>,17,3,[4 9],18,54,57,36,29
1,<environment.Job instance at 0x7fec064e1140>,22,1,[2 7],23,45,46,22,38
1,<environment.Job instance at 0x7fec064e0cd0>,15,18,[2 8],16,57,75,41,49
1,<environment.Job instance at 0x7fec064e1460>,26,3,[3 7],27,49,52,22,49
1,<environment.Job instance at 0x7fec064e1690>,27,15,[8 4],28,75,90,47,61
1,<environment.Job instance at 0x7fec064e1410>,24,18,[2 6],25,75,93,50,64
1,<environment.Job instance at 0x7fec064e08c0>,11,15,[4 8],12,93,108,81,79
1,<environment.Job instance at 0x7fec064e73c0>,42,2,[4 6],43,108,110,65,90
1,<environment.Job instance at 0x7fec064e7280>,40,15,[10  3],41,110,125,69,98
1,<environment.Job instance at 0x7fec064e7460>,43,18,[5 5],44,125,143,81,116
1,<environment.Job instance at 0x7fec064e7a50>,49,16,[2 5],50,125,141,75,119
1,<environment.Job instance at 0x7fec064e0b90>,13,18,[ 4 10],14,143,161,129,133
1,<environment.Job instance at 0x7febc28da320>,3,2,[7 3],4,8,10,4,8
1,<environment.Job instance at 0x7febc28de0f0>,10,18,[10  3],11,11,29,0,11
1,<environment.Job instance at 0x7febc28de230>,12,3,[10  2],13,29,32,16,13
1,<environment.Job instance at 0x7febc28dec80>,15,1,[6 2],16,32,33,16,16
1,<environment.Job instance at 0x7febc28de4b0>,13,2,[8 3],14,33,35,19,17
1,<environment.Job instance at 0x7febc28dee10>,16,14,[5 5],17,35,49,18,20
1,<environment.Job instance at 0x7febc28decd0>,14,12,[3 8],15,49,61,34,32
1,<environment.Job instance at 0x7febc28dbaa0>,23,14,[7 5],24,61,75,37,46
1,<environment.Job instance at 0x7febc28d3d70>,30,3,[5 6],31,75,78,44,49
1,<environment.Job instance at 0x7febc28db640>,20,13,[10  5],21,78,91,57,62
1,<environment.Job instance at 0x7febc295e190>,44,16,[9 4],45,91,107,46,78
1,<environment.Job instance at 0x7febc2a06e10>,47,16,[9 2],48,107,123,59,94
1,<environment.Job instance at 0x7febc29fba50>,49,13,[6 3],50,123,136,73,108
1,<environment.Job instance at 0x7febc29c7140>,54,3,[4 7],55,123,126,68,118
1,<environment.Job instance at 0x7febc29b0e10>,57,3,[1 6],58,127,130,69,127
1,<environment.Job instance at 0x7febc29b0c30>,58,18,[6 3],59,136,154,77,127
1,<environment.Job instance at 0x7febc29b03c0>,61,2,[9 5],62,154,156,92,151
1,<environment.Job instance at 0x7febc29b0550>,62,2,[9 3],63,156,158,93,151
1,<environment.Job instance at 0x7febc295adc0>,40,18,[4 5],41,158,176,117,155
1,<environment.Job instance at 0x7febc29b05a0>,67,2,[4 5],68,158,160,90,155
1,<environment.Job instance at 0x7febc29bc960>,69,3,[5 1],70,177,180,107,177
1,<environment.Job instance at 0x7febc29bc780>,70,3,[7 3],71,180,183,109,177
1,<environment.Job instance at 0x7febc2803370>,3,3,[4 8],4,4,7,0,4
1,<environment.Job instance at 0x7febc2803d70>,5,3,[3 8],6,7,10,1,6
1,<environment.Job instance at 0x7febc28032d0>,8,18,[1 5],9,24,42,15,24
1,<environment.Job instance at 0x7febc2803870>,9,2,[8 2],10,24,26,14,24
1,<environment.Job instance at 0x7fec0d934dc0>,13,2,[5 7],14,42,44,28,24
1,<environment.Job instance at 0x7fec0d934780>,14,1,[3 8],15,44,45,29,25
1,<environment.Job instance at 0x7fec0d918820>,16,3,[2 8],17,45,48,28,25
1,<environment.Job instance at 0x7fec0d9181e0>,17,1,[5 5],18,26,27,8,25
1,<environment.Job instance at 0x7fec0d9187d0>,18,2,[6 3],19,27,29,8,25
1,<environment.Job instance at 0x7fec0d918c80>,19,3,[7 2],20,29,32,9,25
1,<environment.Job instance at 0x7febc2803960>,12,3,[10  4],13,48,51,35,25
1,<environment.Job instance at 0x7fec0da665f0>,21,3,[1 6],22,51,54,29,25
1,<environment.Job instance at 0x7fec069ea190>,24,1,[7 4],25,32,33,7,30
1,<environment.Job instance at 0x7fec0d918460>,20,14,[7 5],21,54,68,33,39
1,<environment.Job instance at 0x7fec0672ab40>,27,12,[5 8],28,68,80,40,53
1,<environment.Job instance at 0x7febc2821550>,31,3,[9 4],32,80,83,48,54
1,<environment.Job instance at 0x7febc2821960>,36,12,[8 3],37,83,95,46,73
1,<environment.Job instance at 0x7febc2821eb0>,37,15,[2 9],38,95,110,57,81
1,<environment.Job instance at 0x7febc2821cd0>,38,1,[2 6],39,83,84,44,81
1,<environment.Job instance at 0x7febc2821fa0>,39,17,[8 1],40,95,112,55,83
1,<environment.Job instance at 0x7febc27860a0>,30,18,[9 5],31,112,130,81,104
1,<environment.Job instance at 0x7febc2778d20>,49,17,[9 1],50,130,147,80,118
1,<environment.Job instance at 0x7fec069d52d0>,50,18,[3 5],51,147,165,96,136
1,<environment.Job instance at 0x7febc29bcf00>,1,17,[7 5],2,147,164,145,137
1,<environment.Job instance at 0x7fec0625c050>,61,12,[5 5],62,164,176,102,148
1,<environment.Job instance at 0x7fec0625c5f0>,62,12,[5 5],63,165,177,102,148
1,<environment.Job instance at 0x7fec0625c820>,60,13,[5 6],61,177,190,116,161
1,<environment.Job instance at 0x7fec062b5370>,67,3,[10  2],68,190,193,122,170
1,<environment.Job instance at 0x7fec062b5960>,65,14,[7 4],66,193,207,127,178
1,<environment.Job instance at 0x7fec08b96320>,1,14,[5 8],2,2,16,0,2
1,<environment.Job instance at 0x7fec06951780>,4,1,[5 7],5,16,17,11,5
1,<environment.Job instance at 0x7fec08b9bd70>,7,3,[7 1],8,17,20,9,8
1,<environment.Job instance at 0x7fec069515f0>,6,2,[2 9],7,17,19,10,9
1,<environment.Job instance at 0x7fec08b9b5f0>,12,18,[5 1],13,20,38,7,13
1,<environment.Job instance at 0x7fec08b9b6e0>,13,2,[5 6],14,20,22,6,15
1,<environment.Job instance at 0x7fec08b9bf00>,14,2,[2 5],15,22,24,7,16
1,<environment.Job instance at 0x7fec08b9b500>,15,3,[6 5],16,38,41,22,16
1,<environment.Job instance at 0x7febc2db73c0>,17,13,[7 3],18,41,54,23,30
1,<environment.Job instance at 0x7fec08b9be10>,10,1,[6 3],11,54,55,43,30
1,<environment.Job instance at 0x7febc2db7820>,20,14,[3 6],21,41,55,20,31
1,<environment.Job instance at 0x7febc2db74b0>,21,1,[8 5],22,55,56,33,31
1,<environment.Job instance at 0x7fec065c5780>,23,2,[5 5],24,56,58,32,42
1,<environment.Job instance at 0x7fec06951960>,2,16,[9 2],3,58,74,55,46
1,<environment.Job instance at 0x7fec065c5a00>,27,18,[1 7],28,58,76,30,47
1,<environment.Job instance at 0x7fec065c5050>,29,14,[10  1],30,76,90,46,61
1,<environment.Job instance at 0x7fec06821d20>,31,14,[10  4],32,90,104,58,76
1,<environment.Job instance at 0x7fec06821190>,33,2,[10  5],34,104,106,70,83
1,<environment.Job instance at 0x7fec06821960>,34,12,[8 4],35,106,118,71,89
1,<environment.Job instance at 0x7fec06821320>,36,3,[8 1],37,118,121,81,98
1,<environment.Job instance at 0x7fec06821f00>,37,14,[6 2],38,121,135,83,106
1,<environment.Job instance at 0x7fec06821aa0>,40,12,[8 1],41,135,147,94,118
1,<environment.Job instance at 0x7fec06821820>,44,12,[6 5],45,147,159,102,133
1,<environment.Job instance at 0x7fec068215a0>,45,2,[4 7],46,133,135,87,133
1,<environment.Job instance at 0x7fec068e8e10>,47,12,[ 4 10],48,159,171,111,154
1,<environment.Job instance at 0x7fec068e8050>,52,3,[9 1],53,171,174,118,167
1,<environment.Job instance at 0x7fec068e8820>,53,2,[ 4 10],54,174,176,120,167
1,<environment.Job instance at 0x7fec065ae5f0>,4,17,[6 5],5,7,24,2,7
1,<environment.Job instance at 0x7fec06370e60>,8,1,[6 1],9,30,31,21,30
1,<environment.Job instance at 0x7fec062c5050>,11,14,[7 1],12,31,45,19,30
1,<environment.Job instance at 0x7fec062c59b0>,14,1,[6 1],15,45,46,30,30
1,<environment.Job instance at 0x7fec062c5c30>,15,3,[1 5],16,31,34,15,31
1,<environment.Job instance at 0x7fec062c5e10>,12,16,[9 4],13,46,62,33,33
1,<environment.Job instance at 0x7fec062c5870>,16,15,[9 5],17,62,77,45,48
1,<environment.Job instance at 0x7fec062e25a0>,22,17,[4 5],23,77,94,54,65
1,<environment.Job instance at 0x7fec062d1410>,25,12,[8 1],26,94,106,68,77
1,<environment.Job instance at 0x7fec062d34b0>,28,3,[7 1],29,106,109,77,86
1,<environment.Job instance at 0x7fec062d3870>,29,1,[7 3],30,109,110,79,86
1,<environment.Job instance at 0x7fec062cb8c0>,30,15,[ 4 10],31,110,125,79,97
1,<environment.Job instance at 0x7febc2b23c30>,34,2,[4 6],35,125,127,90,98
1,<environment.Job instance at 0x7febc2bbe550>,45,13,[1 5],46,127,140,81,125
1,<environment.Job instance at 0x7febc2e7c050>,46,15,[ 5 10],47,140,155,93,126
1,<environment.Job instance at 0x7fec064564b0>,49,14,[9 5],50,155,169,105,140
1,<environment.Job instance at 0x7febc2890320>,53,18,[ 4 10],54,169,187,115,168
1,<environment.Job instance at 0x7febc2ea6cd0>,57,15,[ 5 10],58,187,202,129,173
1,<environment.Job instance at 0x7fec06370be0>,2,17,[1 9],3,5,22,2,5
1,<environment.Job instance at 0x7febc2cee3c0>,6,13,[3 7],7,22,35,15,8
1,<environment.Job instance at 0x7febc2d31870>,12,3,[10  5],13,35,38,22,17
1,<environment.Job instance at 0x7fec063f9820>,13,15,[4 9],14,38,53,24,26
1,<environment.Job instance at 0x7fec063f95a0>,15,12,[ 3 10],16,53,65,37,37
1,<environment.Job instance at 0x7fec063f9190>,18,12,[10  1],19,65,77,46,49
1,<environment.Job instance at 0x7fec0d4e8e60>,21,2,[5 5],22,77,79,55,60
1,<environment.Job instance at 0x7febc2d319b0>,14,14,[10  4],15,79,93,64,64
1,<environment.Job instance at 0x7febc29c43c0>,26,12,[6 4],27,93,105,66,76
1,<environment.Job instance at 0x7febc29c4c30>,28,17,[1 6],29,93,110,64,82
1,<environment.Job instance at 0x7febc29c4190>,32,15,[2 9],33,110,125,77,96
1,<environment.Job instance at 0x7febc29c4c80>,36,3,[9 2],37,125,128,88,109
1,<environment.Job instance at 0x7febc29c4500>,37,16,[3 5],38,128,144,90,115
1,<environment.Job instance at 0x7febc2982cd0>,39,3,[2 6],40,144,147,104,118
1,<environment.Job instance at 0x7febc2982870>,40,13,[6 4],41,128,141,87,118
1,<environment.Job instance at 0x7febc2982780>,43,18,[ 2 10],44,165,183,121,165
1,<environment.Job instance at 0x7febc2982410>,47,17,[7 4],48,183,200,135,177
1,<environment.Job instance at 0x7fec08e00b90>,0,2,[7 4],1,2,4,1,2
1,<environment.Job instance at 0x7febc28b0960>,3,1,[5 5],4,4,5,0,4
1,<environment.Job instance at 0x7fec08ff6640>,5,16,[6 5],6,7,23,1,7
1,<environment.Job instance at 0x7fec0637b730>,9,3,[4 5],10,10,13,0,10
1,<environment.Job instance at 0x7febc2a2f870>,8,15,[1 8],9,23,38,14,10
1,<environment.Job instance at 0x7febc2db7870>,10,15,[5 1],11,23,38,12,13
1,<environment.Job instance at 0x7febc28f64b0>,12,1,[10  2],13,38,39,25,15
1,<environment.Job instance at 0x7fec08ad0690>,15,3,[5 7],16,39,42,23,17
1,<environment.Job instance at 0x7fec062bb6e0>,16,1,[1 8],17,42,43,25,18
1,<environment.Job instance at 0x7febc2919410>,17,3,[4 5],18,18,21,0,18
1,<environment.Job instance at 0x7fec08eef7d0>,21,14,[6 1],22,42,56,20,27
1,<environment.Job instance at 0x7febc2abce60>,22,2,[1 5],23,43,45,20,27
1,<environment.Job instance at 0x7fec08a6bf50>,23,14,[4 8],24,45,59,21,35
1,<environment.Job instance at 0x7febc28db870>,28,2,[ 2 10],29,59,61,30,40
1,<environment.Job instance at 0x7febc2a475a0>,26,14,[7 5],27,61,75,34,46
1,<environment.Job instance at 0x7fec0d8efaf0>,31,14,[ 1 10],32,75,89,43,60
1,<environment.Job instance at 0x7fec062a7280>,36,12,[8 3],37,89,101,52,75
1,<environment.Job instance at 0x7febc2988960>,42,3,[5 8],43,101,104,58,82
1,<environment.Job instance at 0x7febc2988be0>,44,15,[10  2],45,104,119,59,93
1,<environment.Job instance at 0x7fec0d91a910>,53,3,[9 5],54,119,122,65,99
1,<environment.Job instance at 0x7fec0d91a460>,54,14,[5 9],55,122,136,67,107
1,<environment.Job instance at 0x7fec0da69d70>,58,3,[9 2],59,136,139,77,116
1,<environment.Job instance at 0x7fec06250500>,59,2,[4 5],60,139,141,79,116
1,<environment.Job instance at 0x7fec0907e1e0>,62,17,[5 1],63,139,156,76,127
1,<environment.Job instance at 0x7fec06597730>,19,18,[1 9],20,141,159,121,130
1,<environment.Job instance at 0x7fec066d84b0>,69,14,[8 5],70,159,173,89,145
1,<environment.Job instance at 0x7fec06744c80>,73,3,[3 9],74,173,176,99,156
1,<environment.Job instance at 0x7fec066d86e0>,67,17,[5 5],68,176,193,108,168
1,<environment.Job instance at 0x7fec066d8820>,3,13,[6 4],4,4,17,0,4
1,<environment.Job instance at 0x7fec067bf690>,4,12,[10  3],5,17,29,12,8
1,<environment.Job instance at 0x7febc26b0e60>,9,12,[4 8],10,29,41,19,13
1,<environment.Job instance at 0x7febc26b0f50>,10,14,[1 9],11,41,55,30,26
1,<environment.Job instance at 0x7febc26c5690>,18,13,[3 6],19,55,68,36,39
1,<environment.Job instance at 0x7febc26c5a00>,23,3,[5 4],24,55,58,31,40
1,<environment.Job instance at 0x7febc26c5b40>,24,12,[7 2],25,58,70,33,41
1,<environment.Job instance at 0x7febc26c5b90>,30,15,[6 2],31,70,85,39,57
1,<environment.Job instance at 0x7fec067bf9b0>,0,18,[3 6],1,68,86,67,57
1,<environment.Job instance at 0x7febc26bf230>,34,16,[8 5],35,86,102,51,73
1,<environment.Job instance at 0x7febc26bfbe0>,41,12,[2 5],42,86,98,44,83
1,<environment.Job instance at 0x7febc26bfc80>,42,16,[9 3],43,102,118,59,89
1,<environment.Job instance at 0x7febc26bfcd0>,43,14,[1 6],44,102,116,58,89
1,<environment.Job instance at 0x7febc26bff50>,48,13,[5 7],49,118,131,69,104
1,<environment.Job instance at 0x7febc26b6460>,52,14,[6 1],53,131,145,78,122
1,<environment.Job instance at 0x7febc26b6690>,56,3,[10  1],57,145,148,88,132
1,<environment.Job instance at 0x7febc26b6be0>,57,15,[7 2],58,148,163,90,134
1,<environment.Job instance at 0x7febc26b6b90>,60,2,[1 9],61,134,136,73,134
1,<environment.Job instance at 0x7febc26b6e10>,62,18,[3 6],63,151,169,88,151
1,<environment.Job instance at 0x7febc26b6f50>,65,16,[2 7],66,169,185,103,156
1,<environment.Job instance at 0x7febc26be190>,68,18,[8 3],69,172,190,103,172
1,<environment.Job instance at 0x7febc26be4b0>,69,15,[6 5],70,190,205,120,176
1,<environment.Job instance at 0x7febc287b320>,0,2,[7 1],1,2,4,1,2
1,<environment.Job instance at 0x7febc26be370>,2,1,[ 3 10],3,4,5,1,4
1,<environment.Job instance at 0x7fec067eb2d0>,6,3,[2 5],7,9,12,2,9
1,<environment.Job instance at 0x7fec067eb320>,4,1,[2 5],5,9,10,4,9
1,<environment.Job instance at 0x7fec08ce9cd0>,7,13,[5 5],8,12,25,4,12
1,<environment.Job instance at 0x7fec08ce9f50>,9,2,[1 8],10,25,27,15,14
1,<environment.Job instance at 0x7fec08ce9f00>,10,12,[10  4],11,27,39,16,14
1,<environment.Job instance at 0x7fec06406be0>,23,14,[1 8],24,39,53,15,33
1,<environment.Job instance at 0x7fec0da69c80>,18,3,[2 8],19,53,56,34,34
1,<environment.Job instance at 0x7fec064963c0>,29,1,[5 1],30,39,40,9,34
1,<environment.Job instance at 0x7fec091b3e60>,30,2,[10  1],31,56,58,25,34
1,<environment.Job instance at 0x7fec08c4a5a0>,31,3,[2 9],32,58,61,26,34
1,<environment.Job instance at 0x7fec08cf3960>,32,3,[10  3],33,61,64,28,35
1,<environment.Job instance at 0x7febc2b2cf50>,34,3,[2 8],35,64,67,29,38
1,<environment.Job instance at 0x7fec06427fa0>,35,13,[5 1],36,40,53,4,38
1,<environment.Job instance at 0x7fec06427140>,37,2,[5 7],38,67,69,29,40
1,<environment.Job instance at 0x7fec08cef5a0>,39,1,[6 3],40,69,70,29,48
1,<environment.Job instance at 0x7febc2c21190>,44,14,[10  4],45,70,84,25,63
1,<environment.Job instance at 0x7fec063d62d0>,47,13,[7 4],48,84,97,36,70
1,<environment.Job instance at 0x7febc2c21230>,45,17,[4 9],46,97,114,51,85
1,<environment.Job instance at 0x7fec063d63c0>,54,1,[6 5],55,114,115,59,104
1,<environment.Job instance at 0x7fec063d6a00>,55,13,[6 4],56,115,128,59,104
1,<environment.Job instance at 0x7fec063d6820>,56,19,[9 4],57,128,147,71,118
1,<environment.Job instance at 0x7fec08fac1e0>,61,14,[2 7],62,147,161,85,132
1,<environment.Job instance at 0x7fec08facb40>,62,3,[5 1],63,147,150,84,132
1,<environment.Job instance at 0x7fec08fac8c0>,64,1,[7 2],65,150,151,85,135
1,<environment.Job instance at 0x7fec062fc960>,12,18,[ 5 10],13,161,179,148,155
1,<environment.Job instance at 0x7fec08fac6e0>,70,3,[ 4 10],71,179,182,108,155
1,<environment.Job instance at 0x7fec0671b9b0>,71,3,[6 5],72,182,185,110,156
1,<environment.Job instance at 0x7fec0671b910>,73,2,[1 5],74,182,184,108,171
1,<environment.Job instance at 0x7fec0671b2d0>,74,17,[9 5],75,185,202,110,173
1,<environment.Job instance at 0x7febc2a26190>,0,2,[2 6],1,2,4,1,2
1,<environment.Job instance at 0x7febc2a265f0>,1,3,[5 8],2,5,8,3,5
1,<environment.Job instance at 0x7febc2a26640>,6,2,[5 5],7,8,10,1,7
1,<environment.Job instance at 0x7febc2a7db90>,7,2,[9 3],8,10,12,2,9
1,<environment.Job instance at 0x7fec0637bb40>,11,13,[5 5],12,12,25,0,12
1,<environment.Job instance at 0x7fec0637b460>,14,17,[10  4],15,25,42,10,16
1,<environment.Job instance at 0x7fec08f91eb0>,20,13,[8 3],21,42,55,21,26
1,<environment.Job instance at 0x7fec066923c0>,28,3,[9 1],29,55,58,26,29
1,<environment.Job instance at 0x7fec06692be0>,29,15,[6 1],30,58,73,28,44
1,<environment.Job instance at 0x7fec06692c30>,32,12,[10  3],33,73,85,40,56
1,<environment.Job instance at 0x7fec06692aa0>,36,12,[1 9],37,57,69,20,57
1,<environment.Job instance at 0x7fec06692280>,37,18,[7 1],38,85,103,47,74
1,<environment.Job instance at 0x7febc29729b0>,41,3,[1 7],42,89,92,47,89
1,<environment.Job instance at 0x7febc2972280>,43,16,[4 9],44,103,119,59,93
1,<environment.Job instance at 0x7fec067a8500>,47,2,[5 8],48,119,121,71,94
1,<environment.Job instance at 0x7fec08f3d190>,48,12,[ 3 10],49,121,133,72,104
1,<environment.Job instance at 0x7fec067a8a50>,49,3,[8 1],50,133,136,83,107
1,<environment.Job instance at 0x7fec08f3d140>,50,2,[2 7],51,133,135,82,107
1,<environment.Job instance at 0x7fec06975aa0>,52,17,[1 6],53,135,152,82,123
1,<environment.Job instance at 0x7fec06692b90>,30,17,[2 8],31,152,169,121,144
1,<environment.Job instance at 0x7fec064ed410>,62,2,[7 5],63,169,171,106,148
1,<environment.Job instance at 0x7fec06295190>,65,3,[6 1],66,164,167,98,164
1,<environment.Job instance at 0x7fec06295d20>,66,1,[7 3],67,171,172,104,164
1,<environment.Job instance at 0x7febc2b13280>,67,15,[1 7],68,171,186,103,166
1,<environment.Job instance at 0x7fec064589b0>,1,17,[3 6],2,4,21,2,4
1,<environment.Job instance at 0x7fec064748c0>,3,1,[9 3],4,21,22,17,6
1,<environment.Job instance at 0x7fec0698c9b0>,7,1,[6 4],8,8,9,0,8
1,<environment.Job instance at 0x7fec0698cbe0>,8,3,[6 2],9,9,12,0,9
1,<environment.Job instance at 0x7fec0698cd20>,11,18,[5 5],12,22,40,10,12
1,<environment.Job instance at 0x7fec0698cd70>,10,16,[5 4],11,22,38,11,17
1,<environment.Job instance at 0x7fec069775f0>,20,14,[7 4],21,40,54,19,25
1,<environment.Job instance at 0x7fec069541e0>,28,2,[10  1],29,54,56,25,35
1,<environment.Job instance at 0x7fec06954320>,29,13,[6 1],30,56,69,26,40
1,<environment.Job instance at 0x7fec069544b0>,31,17,[6 1],32,69,86,37,57
1,<environment.Job instance at 0x7fec069545f0>,33,15,[5 8],34,86,101,52,73
1,<environment.Job instance at 0x7fec06954f50>,44,2,[8 1],45,101,103,56,98
1,<environment.Job instance at 0x7fec0696a0f0>,48,18,[5 5],49,126,144,77,126
1,<environment.Job instance at 0x7fec0696a5f0>,54,18,[ 2 10],55,144,162,89,134
1,<environment.Job instance at 0x7fec0696ac80>,65,16,[2 7],66,162,178,96,149
1,<environment.Job instance at 0x7fec0696aeb0>,68,12,[3 8],69,178,190,109,161
1,<environment.Job instance at 0x7fec06966230>,70,13,[8 2],71,190,203,119,178
1,<environment.Job instance at 0x7fec06966370>,72,13,[1 7],73,190,203,117,178
1,<environment.Job instance at 0x7fec06966320>,2,1,[5 5],3,3,4,0,3
1,<environment.Job instance at 0x7fec06966370>,4,2,[9 3],5,5,7,0,5
1,<environment.Job instance at 0x7febc2ba00f0>,11,13,[ 1 10],12,13,26,1,13
1,<environment.Job instance at 0x7febc2db6460>,9,13,[4 9],10,26,39,16,14
1,<environment.Job instance at 0x7febc2a38e10>,17,3,[7 3],18,39,42,21,22
1,<environment.Job instance at 0x7febc2a38b40>,18,14,[10  3],19,42,56,23,27
1,<environment.Job instance at 0x7febc2a38eb0>,21,17,[5 4],22,56,73,34,44
1,<environment.Job instance at 0x7febc2a38d20>,25,12,[2 6],26,56,68,30,54
1,<environment.Job instance at 0x7febc2a38640>,19,18,[8 2],20,73,91,53,62
1,<environment.Job instance at 0x7fec06832690>,29,15,[ 4 10],30,91,106,61,77
1,<environment.Job instance at 0x7febc2a38960>,15,13,[ 3 10],16,106,119,90,94
1,<environment.Job instance at 0x7fec06832460>,34,13,[7 1],35,119,132,84,103
1,<environment.Job instance at 0x7fec06832640>,36,12,[4 6],37,132,144,95,117
1,<environment.Job instance at 0x7fec06832960>,38,12,[3 9],39,144,156,105,133
1,<environment.Job instance at 0x7febc2ab7320>,44,15,[6 3],45,156,171,111,145
1,<environment.Job instance at 0x7febc2ab7fa0>,46,16,[2 9],47,171,187,124,159
1,<environment.Job instance at 0x7febc2ab7af0>,49,3,[4 7],50,187,190,137,173
1,<environment.Job instance at 0x7febc2ab7cd0>,50,1,[7 3],51,190,191,139,173
1,<environment.Job instance at 0x7febc2ab7460>,51,1,[5 8],52,191,192,139,173
1,<environment.Job instance at 0x7febc2ab74b0>,53,2,[9 1],54,192,194,138,173
1,<environment.Job instance at 0x7fec0647b870>,55,3,[4 5],56,194,197,138,173
1,<environment.Job instance at 0x7fec0647bf00>,56,2,[8 2],57,197,199,140,173
1,<environment.Job instance at 0x7fec0647b910>,57,3,[10  4],58,199,202,141,174
1,<environment.Job instance at 0x7febc25fbd20>,4,2,[2 7],5,5,7,0,5
1,<environment.Job instance at 0x7febc2abc690>,9,18,[5 3],10,10,28,0,10
1,<environment.Job instance at 0x7febc2abc910>,10,2,[2 6],11,11,13,0,11
1,<environment.Job instance at 0x7febc2abceb0>,12,2,[ 4 10],13,28,30,15,13
1,<environment.Job instance at 0x7febc27acb40>,7,14,[5 6],8,30,44,22,15
1,<environment.Job instance at 0x7febc2c56230>,16,3,[ 3 10],17,44,47,27,18
1,<environment.Job instance at 0x7febc2c56dc0>,15,15,[2 6],16,47,62,31,34
1,<environment.Job instance at 0x7febc2c56730>,20,18,[8 3],21,47,65,26,39
1,<environment.Job instance at 0x7febc27ac780>,5,17,[9 1],6,65,82,59,60
1,<environment.Job instance at 0x7fec08efd1e0>,31,16,[5 5],32,82,98,50,69
1,<environment.Job instance at 0x7fec08efd320>,30,13,[4 7],31,98,111,67,90
1,<environment.Job instance at 0x7febc2a1b5f0>,36,2,[4 7],37,111,113,74,90
1,<environment.Job instance at 0x7febc2a1b0a0>,38,1,[ 2 10],39,113,114,74,90
1,<environment.Job instance at 0x7febc2a1b780>,37,17,[4 9],38,114,131,76,102
1,<environment.Job instance at 0x7fec0902f0a0>,46,13,[5 4],47,131,144,84,118
1,<environment.Job instance at 0x7febc2a51d70>,48,15,[8 2],49,144,159,95,130
1,<environment.Job instance at 0x7febc2a518c0>,50,12,[8 3],51,159,171,108,142
1,<environment.Job instance at 0x7febc2a51be0>,52,14,[ 3 10],53,171,185,118,156
1,<environment.Job instance at 0x7fec06519910>,62,16,[1 7],63,185,201,122,172
1,<environment.Job instance at 0x7fec06519550>,2,2,[7 5],3,6,8,3,6
1,<environment.Job instance at 0x7febc2707960>,5,2,[4 7],6,8,10,2,7
1,<environment.Job instance at 0x7febc2707730>,8,17,[9 3],9,12,29,3,12
1,<environment.Job instance at 0x7febc2704f50>,12,3,[6 3],13,29,32,16,13
1,<environment.Job instance at 0x7febc2704eb0>,14,2,[8 2],15,32,34,17,15
1,<environment.Job instance at 0x7febc2704640>,17,13,[5 5],18,34,47,16,18
1,<environment.Job instance at 0x7fec08b26230>,18,3,[7 5],19,47,50,28,21
1,<environment.Job instance at 0x7fec08b24cd0>,22,14,[9 2],23,50,64,27,36
1,<environment.Job instance at 0x7febc271a690>,28,15,[5 3],29,64,79,35,50
1,<environment.Job instance at 0x7febc2704820>,9,18,[2 7],10,64,82,54,54
1,<environment.Job instance at 0x7febc271a190>,29,15,[4 9],30,82,97,52,68
1,<environment.Job instance at 0x7fec08b52af0>,35,16,[3 7],36,97,113,61,84
1,<environment.Job instance at 0x7fec069a0640>,41,16,[1 7],42,113,129,71,100
1,<environment.Job instance at 0x7febc28ff3c0>,47,18,[3 6],48,129,147,81,118
1,<environment.Job instance at 0x7febc28ff780>,52,2,[8 5],53,147,149,94,130
1,<environment.Job instance at 0x7febc28ff0a0>,48,14,[10  1],49,149,163,100,134
1,<environment.Job instance at 0x7febc2704140>,10,16,[ 1 10],11,163,179,152,150
1,<environment.Job instance at 0x7febc2d24d20>,58,14,[ 1 10],59,179,193,120,164
1,<environment.Job instance at 0x7febc2905d70>,3,1,[2 5],4,7,8,3,7
1,<environment.Job instance at 0x7fec09170230>,6,15,[5 8],7,8,23,1,8
1,<environment.Job instance at 0x7febc287dd70>,8,2,[1 9],9,23,25,14,9
1,<environment.Job instance at 0x7fec09170370>,12,13,[5 5],13,25,38,12,13
1,<environment.Job instance at 0x7febc287dc30>,13,12,[5 2],14,25,37,11,15
1,<environment.Job instance at 0x7febc2abb050>,18,12,[2 6],19,38,50,19,22
1,<environment.Job instance at 0x7febc2d95e10>,0,14,[5 6],1,50,64,49,39
1,<environment.Job instance at 0x7fec08abcd70>,27,13,[1 7],28,64,77,36,48
1,<environment.Job instance at 0x7fec08fd8f00>,28,12,[2 5],29,77,89,48,60
1,<environment.Job instance at 0x7fec0657a410>,29,17,[5 2],30,60,77,30,60
1,<environment.Job instance at 0x7febc2abb9b0>,19,18,[6 5],20,77,95,57,66
1,<environment.Job instance at 0x7fec08c9e730>,33,18,[8 3],34,95,113,61,84
1,<environment.Job instance at 0x7febc2c19c80>,39,12,[1 7],40,95,107,55,85
1,<environment.Job instance at 0x7febc2c19e60>,41,14,[1 7],42,107,121,65,96
1,<environment.Job instance at 0x7febc2c199b0>,43,18,[2 6],44,121,139,77,110
1,<environment.Job instance at 0x7fec08e6cf00>,48,13,[5 2],49,114,127,65,114
1,<environment.Job instance at 0x7fec08ac6820>,25,18,[1 6],26,139,157,113,128
1,<environment.Job instance at 0x7fec08bff6e0>,54,13,[2 5],55,157,170,102,141
1,<environment.Job instance at 0x7fec08bff190>,58,16,[8 1],59,151,167,92,151
1,<environment.Job instance at 0x7fec08bff410>,59,14,[9 3],60,170,184,110,156
1,<environment.Job instance at 0x7fec068a3050>,61,14,[7 4],62,184,198,122,169
1,<environment.Job instance at 0x7fec06255c80>,65,14,[1 5],66,174,188,108,174
1,<environment.Job instance at 0x7febc2d1ff00>,5,17,[6 3],6,8,25,2,8
1,<environment.Job instance at 0x7febc2d1f640>,6,12,[ 4 10],7,25,37,18,11
1,<environment.Job instance at 0x7febc2d1f730>,11,1,[2 5],12,12,13,0,12
1,<environment.Job instance at 0x7febc2d1f500>,4,13,[2 8],5,37,50,32,22
1,<environment.Job instance at 0x7febc2585eb0>,16,2,[ 1 10],17,50,52,33,23
1,<environment.Job instance at 0x7febc2d1fc30>,7,14,[9 4],8,52,66,44,38
1,<environment.Job instance at 0x7febc2585370>,22,1,[2 7],23,66,67,43,38
1,<environment.Job instance at 0x7febc2539500>,27,17,[6 2],28,66,83,38,55
1,<environment.Job instance at 0x7febc2539460>,32,3,[6 5],33,83,86,50,57
1,<environment.Job instance at 0x7febc2539dc0>,34,3,[7 2],35,86,89,51,60
1,<environment.Job instance at 0x7febc2539910>,36,1,[5 8],37,89,90,52,61
1,<environment.Job instance at 0x7fec06402be0>,38,12,[9 5],39,90,102,51,73
1,<environment.Job instance at 0x7febc2539af0>,31,18,[1 9],32,102,120,70,92
1,<environment.Job instance at 0x7fec06402550>,40,18,[9 1],41,102,120,61,98
1,<environment.Job instance at 0x7fec0903fc80>,2,17,[7 2],3,120,137,117,108
1,<environment.Job instance at 0x7fec06a08af0>,49,12,[6 2],50,137,149,87,122
1,<environment.Job instance at 0x7fec06a08640>,53,13,[8 5],54,149,162,95,141
1,<environment.Job instance at 0x7fec06402eb0>,45,17,[10  2],46,162,179,116,153
1,<environment.Job instance at 0x7fec06a08050>,59,15,[8 3],60,179,194,119,165
1,<environment.Job instance at 0x7fec08b24640>,62,2,[ 5 10],63,194,196,131,174
1,<environment.Job instance at 0x7fec08b24c30>,63,2,[3 7],64,196,198,132,174
1,<environment.Job instance at 0x7fec08b24140>,64,1,[ 1 10],65,198,199,133,174
1,<environment.Job instance at 0x7fec0652fe60>,0,3,[4 8],1,6,9,5,6
1,<environment.Job instance at 0x7fec06967e60>,5,3,[3 5],6,9,12,3,7
1,<environment.Job instance at 0x7fec08b24550>,4,16,[1 7],5,12,28,7,10
1,<environment.Job instance at 0x7fec0697bbe0>,11,14,[5 4],12,28,42,16,13
1,<environment.Job instance at 0x7fec0697be10>,12,12,[1 5],13,28,40,15,18
1,<environment.Job instance at 0x7fec06967d20>,7,13,[4 7],8,42,55,34,26
1,<environment.Job instance at 0x7fec0697bdc0>,14,14,[9 2],15,55,69,40,41
1,<environment.Job instance at 0x7febc2c1c0a0>,24,2,[8 3],25,69,71,44,42
1,<environment.Job instance at 0x7febc2c1c3c0>,23,3,[9 2],24,71,74,47,45
1,<environment.Job instance at 0x7fec067c8460>,26,2,[3 7],27,74,76,47,47
1,<environment.Job instance at 0x7fec08bfd910>,28,3,[7 4],29,76,79,47,55
1,<environment.Job instance at 0x7febc2bef870>,29,18,[7 3],30,79,97,49,68
1,<environment.Job instance at 0x7febc2c173c0>,32,16,[1 7],33,79,95,46,72
1,<environment.Job instance at 0x7fec069678c0>,6,14,[2 9],7,97,111,90,85
1,<environment.Job instance at 0x7fec065b9730>,40,13,[5 2],41,112,125,71,112
1,<environment.Job instance at 0x7fec067a7960>,41,2,[2 9],42,125,127,83,112
1,<environment.Job instance at 0x7fec0697ba00>,10,17,[9 5],11,127,144,116,115
1,<environment.Job instance at 0x7fec065ae870>,46,17,[9 2],47,144,161,97,137
1,<environment.Job instance at 0x7fec065ae280>,47,12,[6 5],48,161,173,113,144
1,<environment.Job instance at 0x7febc2845230>,50,18,[5 7],51,173,191,122,162
1,<environment.Job instance at 0x7fec065bd870>,58,14,[9 1],59,191,205,132,176
1,<environment.Job instance at 0x7febc2ba1c30>,5,1,[8 1],6,6,7,0,6
1,<environment.Job instance at 0x7febc2cf8410>,12,14,[5 8],13,13,27,0,13
1,<environment.Job instance at 0x7febc255f870>,15,15,[5 2],16,32,47,16,32
1,<environment.Job instance at 0x7fec08af8af0>,9,12,[2 8],10,39,51,29,39
1,<environment.Job instance at 0x7fec0671d6e0>,17,1,[3 5],18,51,52,33,39
1,<environment.Job instance at 0x7febc2dbbdc0>,18,3,[10  1],19,52,55,33,39
1,<environment.Job instance at 0x7febc280fd70>,19,1,[3 8],20,55,56,35,41
1,<environment.Job instance at 0x7febc2be07d0>,20,16,[6 1],21,55,71,34,48
1,<environment.Job instance at 0x7fec0671da50>,16,16,[ 1 10],17,71,87,54,58
1,<environment.Job instance at 0x7fec06263aa0>,27,1,[3 8],28,58,59,30,58
1,<environment.Job instance at 0x7fec062634b0>,29,1,[3 7],30,66,67,36,66
1,<environment.Job instance at 0x7fec06263b40>,30,2,[1 7],31,67,69,36,66
1,<environment.Job instance at 0x7fec06263820>,31,12,[3 5],32,87,99,55,70
1,<environment.Job instance at 0x7fec06263910>,33,2,[5 4],34,87,89,53,70
1,<environment.Job instance at 0x7fec062e0820>,37,18,[3 8],38,99,117,61,91
1,<environment.Job instance at 0x7fec062e0870>,41,15,[7 5],42,117,132,75,103
1,<environment.Job instance at 0x7fec08dece60>,8,17,[ 2 10],9,140,157,131,140
1,<environment.Job instance at 0x7fec062e0190>,47,17,[10  5],48,157,174,109,151
1,<environment.Job instance at 0x7febc275c2d0>,50,3,[4 8],51,174,177,123,151
1,<environment.Job instance at 0x7febc275c960>,51,18,[5 5],52,177,195,125,166
1,<environment.Job instance at 0x7febc28620f0>,1,3,[7 5],2,2,5,0,2
1,<environment.Job instance at 0x7fec069ee730>,3,3,[6 4],4,5,8,1,4
1,<environment.Job instance at 0x7fec08acd1e0>,4,2,[7 5],5,8,10,3,5
1,<environment.Job instance at 0x7fec08acde60>,6,3,[1 8],7,10,13,3,8
1,<environment.Job instance at 0x7fec08acd780>,8,3,[2 7],9,13,16,4,11
1,<environment.Job instance at 0x7fec08acdb90>,5,14,[1 8],6,16,30,10,11
1,<environment.Job instance at 0x7fec08acd410>,10,18,[5 8],11,30,48,19,19
1,<environment.Job instance at 0x7fec06a020f0>,22,14,[6 2],23,48,62,25,33
1,<environment.Job instance at 0x7febc2500230>,14,17,[4 7],15,48,65,33,36
1,<environment.Job instance at 0x7fec06a023c0>,27,15,[2 8],28,65,80,37,51
1,<environment.Job instance at 0x7fec06a02320>,33,3,[10  5],34,80,83,46,54
1,<environment.Job instance at 0x7fec06a02460>,35,3,[5 6],36,83,86,47,57
1,<environment.Job instance at 0x7febc29561e0>,38,15,[1 9],39,93,108,54,93
1,<environment.Job instance at 0x7febc29560f0>,40,2,[5 8],41,108,110,67,93
1,<environment.Job instance at 0x7febc2956be0>,41,2,[9 2],42,110,112,68,93
1,<environment.Job instance at 0x7febc29569b0>,47,3,[5 5],48,112,115,64,98
1,<environment.Job instance at 0x7febc2956cd0>,48,3,[1 7],49,115,118,66,98
1,<environment.Job instance at 0x7fec0679a4b0>,49,17,[8 2],50,115,132,65,103
1,<environment.Job instance at 0x7fec0679a9b0>,50,16,[6 5],51,132,148,81,121
1,<environment.Job instance at 0x7fec0679ab40>,53,16,[3 5],54,132,148,78,124
1,<environment.Job instance at 0x7fec0679a6e0>,55,16,[1 6],56,148,164,92,137
1,<environment.Job instance at 0x7fec0679a8c0>,61,2,[2 5],62,164,166,102,142
1,<environment.Job instance at 0x7febc26c13c0>,62,17,[5 5],63,164,181,101,152
1,<environment.Job instance at 0x7febc26c1640>,66,13,[4 7],67,181,194,114,168
1,<environment.Job instance at 0x7febc27558c0>,1,1,[2 7],2,2,3,0,2
1,<environment.Job instance at 0x7febc2755af0>,0,15,[5 2],1,8,23,7,8
1,<environment.Job instance at 0x7fec064972d0>,9,3,[4 9],10,23,26,13,10
1,<environment.Job instance at 0x7febc23f1e10>,10,13,[8 3],11,26,39,15,12
1,<environment.Job instance at 0x7fec08f66e60>,16,15,[4 6],17,39,54,22,27
1,<environment.Job instance at 0x7fec08f66eb0>,20,3,[7 3],21,54,57,33,38
1,<environment.Job instance at 0x7fec08f66a00>,23,17,[6 2],24,59,76,35,59
1,<environment.Job instance at 0x7fec08f66230>,25,13,[10  1],26,76,89,50,60
1,<environment.Job instance at 0x7fec06497dc0>,11,14,[ 2 10],12,89,103,77,74
1,<environment.Job instance at 0x7febc2d8a7d0>,29,18,[8 1],30,103,121,73,92
1,<environment.Job instance at 0x7fec08eeebe0>,35,14,[6 3],36,121,135,85,106
1,<environment.Job instance at 0x7fec08eeed70>,37,14,[7 3],38,135,149,97,120
1,<environment.Job instance at 0x7fec08eeef00>,39,14,[2 6],40,132,146,92,132
1,<environment.Job instance at 0x7fec08eee730>,40,12,[5 4],41,149,161,108,133
1,<environment.Job instance at 0x7fec08eeef50>,42,2,[3 5],43,146,148,103,146
1,<environment.Job instance at 0x7fec08eee190>,43,13,[8 3],44,161,174,117,146
1,<environment.Job instance at 0x7febc2d8a2d0>,32,13,[10  1],33,174,187,141,160
1,<environment.Job instance at 0x7febc2d8a4b0>,30,15,[1 7],31,187,202,156,178
1,<environment.Job instance at 0x7fc2906780a0>,5,2,[1 5],6,6,8,0,6
1,<environment.Job instance at 0x7fc289268190>,4,14,[1 6],5,8,22,3,6
1,<environment.Job instance at 0x7fc2892684b0>,10,12,[3 7],11,22,34,11,22
1,<environment.Job instance at 0x7fc2906780f0>,0,13,[9 3],1,34,47,33,24
1,<environment.Job instance at 0x7fc289268dc0>,17,3,[4 9],18,47,50,29,25
1,<environment.Job instance at 0x7fc289268e60>,18,3,[4 7],19,50,53,31,25
1,<environment.Job instance at 0x7fc289268fa0>,20,1,[7 5],21,53,54,32,25
1,<environment.Job instance at 0x7fc289268a50>,21,1,[6 5],22,54,55,32,26
1,<environment.Job instance at 0x7fc28926c2d0>,22,1,[2 7],23,55,56,32,27
1,<environment.Job instance at 0x7fc289268960>,15,18,[2 8],16,56,74,40,49
1,<environment.Job instance at 0x7fc28926cb40>,29,12,[5 4],30,74,86,44,58
1,<environment.Job instance at 0x7fc28926cbe0>,30,14,[5 2],31,64,78,33,64
1,<environment.Job instance at 0x7fc28926cc80>,31,14,[2 5],32,78,92,46,64
1,<environment.Job instance at 0x7fc28926cd20>,32,3,[5 1],33,86,89,53,64
1,<environment.Job instance at 0x7fc28926c870>,25,12,[ 5 10],26,92,104,66,75
1,<environment.Job instance at 0x7fc28926cf00>,37,2,[2 6],38,104,106,66,83
1,<environment.Job instance at 0x7fc28926d280>,40,15,[10  3],41,106,121,65,95
1,<environment.Job instance at 0x7fc28926d5a0>,45,13,[6 5],46,121,134,75,106
1,<environment.Job instance at 0x7fc28926d780>,48,15,[10  1],49,134,149,85,122
1,<environment.Job instance at 0x7fc28926c0a0>,24,18,[2 6],25,149,167,124,139
1,<environment.Job instance at 0x7fc28926dd20>,53,17,[5 7],54,167,184,113,158
1,<environment.Job instance at 0x7fc289285550>,2,3,[10  2],3,3,6,0,3
1,<environment.Job instance at 0x7fc2456c62d0>,3,2,[8 3],4,6,8,2,4
1,<environment.Job instance at 0x7fc245639910>,4,12,[3 8],5,8,20,3,5
1,<environment.Job instance at 0x7fc28926dd20>,5,1,[6 2],6,8,9,2,6
1,<environment.Job instance at 0x7fc2456595a0>,11,14,[1 6],12,20,34,8,12
1,<environment.Job instance at 0x7fc245662550>,13,14,[7 5],14,34,48,20,19
1,<environment.Job instance at 0x7fc245663730>,20,3,[5 6],21,48,51,27,25
1,<environment.Job instance at 0x7fc2456630f0>,23,2,[5 6],24,51,53,27,25
1,<environment.Job instance at 0x7fc2456672d0>,26,12,[ 3 10],27,53,65,26,41
1,<environment.Job instance at 0x7fc245663320>,24,16,[7 2],25,65,81,40,53
1,<environment.Job instance at 0x7fc2456665f0>,31,18,[2 8],32,65,83,33,54
1,<environment.Job instance at 0x7fc245666410>,36,14,[10  1],37,83,97,46,68
1,<environment.Job instance at 0x7fc24565b5f0>,37,16,[9 2],38,97,113,59,84
1,<environment.Job instance at 0x7fc24565bc80>,40,13,[7 4],41,113,126,72,98
1,<environment.Job instance at 0x7fc2456e61e0>,44,3,[4 7],45,126,129,81,100
1,<environment.Job instance at 0x7fc24567af00>,48,18,[6 3],49,126,144,77,115
1,<environment.Job instance at 0x7fc24578ff50>,54,16,[7 5],55,144,160,89,133
1,<environment.Job instance at 0x7fc24578a140>,57,2,[4 5],58,160,162,102,157
1,<environment.Job instance at 0x7fc24572f230>,58,18,[4 6],59,162,180,103,158
1,<environment.Job instance at 0x7fc24589b410>,59,3,[5 1],60,160,163,100,158
1,<environment.Job instance at 0x7fc245751960>,64,14,[5 5],65,180,194,115,167
1,<environment.Job instance at 0x7fc245751a50>,63,12,[9 1],64,194,206,130,177
1,<environment.Job instance at 0x7fc245736a50>,73,2,[4 7],74,206,208,132,187
1,<environment.Job instance at 0x7fc245736a50>,3,2,[5 5],4,4,6,0,4
1,<environment.Job instance at 0x7fc2906a0140>,4,1,[7 4],5,6,7,1,6
1,<environment.Job instance at 0x7fc2906a0a00>,6,3,[6 3],7,7,10,0,7
1,<environment.Job instance at 0x7fc2906a0690>,0,14,[7 5],1,10,24,9,7
1,<environment.Job instance at 0x7fc2907e8320>,9,3,[5 5],10,24,27,14,10
1,<environment.Job instance at 0x7fc2454dcdc0>,11,3,[9 4],12,27,30,15,12
1,<environment.Job instance at 0x7fc2454c1500>,13,2,[9 2],14,30,32,16,14
1,<environment.Job instance at 0x7fc2907e84b0>,16,12,[8 3],17,32,44,15,19
1,<environment.Job instance at 0x7fc2906a0460>,5,16,[10  4],6,44,60,38,33
1,<environment.Job instance at 0x7fc2906a08c0>,7,12,[5 8],8,60,72,52,46
1,<environment.Job instance at 0x7fc28b7b6a50>,28,14,[ 2 10],29,72,86,43,60
1,<environment.Job instance at 0x7fc2454dc7d0>,10,18,[9 5],11,86,104,75,75
1,<environment.Job instance at 0x7fc24550e9b0>,40,13,[5 6],41,104,117,63,88
1,<environment.Job instance at 0x7fc24550e0a0>,42,12,[5 5],43,117,129,74,100
1,<environment.Job instance at 0x7fc24550ef50>,43,13,[4 9],44,129,142,85,113
1,<environment.Job instance at 0x7fc24550e5f0>,47,3,[10  2],48,142,145,94,116
1,<environment.Job instance at 0x7fc24550eeb0>,39,15,[10  2],40,145,160,105,131
1,<environment.Job instance at 0x7fc24559df50>,56,3,[ 3 10],57,160,163,103,134
1,<environment.Job instance at 0x7fc24559d3c0>,55,12,[ 1 10],56,163,175,107,146
1,<environment.Job instance at 0x7fc2455506e0>,61,14,[1 5],62,175,189,113,160
1,<environment.Job instance at 0x7fc245550be0>,63,14,[2 7],64,189,203,125,174
1,<environment.Job instance at 0x7fc245500140>,65,2,[5 5],66,175,177,109,175
1,<environment.Job instance at 0x7fc245500f50>,67,3,[3 5],68,177,180,109,176
1,<environment.Job instance at 0x7fc2455007d0>,68,15,[8 5],69,203,218,134,189
1,<environment.Job instance at 0x7fc24587f320>,3,2,[10  5],4,5,7,1,5
1,<environment.Job instance at 0x7fc2892d69b0>,5,15,[7 4],6,7,22,1,6
1,<environment.Job instance at 0x7fc289373370>,4,12,[8 4],5,22,34,17,7
1,<environment.Job instance at 0x7fc289373cd0>,6,3,[8 1],7,34,37,27,10
1,<environment.Job instance at 0x7fc2892d65f0>,12,18,[5 1],13,37,55,24,29
1,<environment.Job instance at 0x7fc2892d6a50>,14,12,[6 5],15,55,67,40,55
1,<environment.Job instance at 0x7fc2892d6f00>,9,17,[7 2],10,67,84,57,55
1,<environment.Job instance at 0x7fc289251370>,31,13,[1 7],32,67,80,35,65
1,<environment.Job instance at 0x7fc289251aa0>,30,3,[9 5],31,84,87,53,65
1,<environment.Job instance at 0x7fc28924daa0>,34,2,[4 6],35,87,89,52,68
1,<environment.Job instance at 0x7fc28924d2d0>,35,3,[8 5],36,89,92,53,68
1,<environment.Job instance at 0x7fc289251730>,22,3,[9 1],23,92,95,69,68
1,<environment.Job instance at 0x7fc289251230>,32,13,[4 8],33,95,108,62,80
1,<environment.Job instance at 0x7fc28924dbe0>,39,3,[5 1],40,95,98,55,80
1,<environment.Job instance at 0x7fc28924db90>,42,3,[6 4],43,108,111,65,87
1,<environment.Job instance at 0x7fc28924d050>,47,1,[9 4],48,111,112,63,92
1,<environment.Job instance at 0x7fc28924d320>,48,17,[5 5],49,112,129,63,100
1,<environment.Job instance at 0x7fc28924d550>,49,14,[3 7],50,129,143,79,115
1,<environment.Job instance at 0x7fc28924dc80>,51,3,[5 5],52,115,118,63,115
1,<environment.Job instance at 0x7fc2892ccf50>,54,2,[10  3],55,143,145,88,116
1,<environment.Job instance at 0x7fc2892cc870>,55,3,[5 5],56,118,121,62,116
1,<environment.Job instance at 0x7fc2892cc410>,56,2,[3 9],57,145,147,88,118
1,<environment.Job instance at 0x7fc2892ccf00>,58,3,[10  4],59,147,150,88,121
1,<environment.Job instance at 0x7fc2892cc730>,61,2,[5 1],62,122,124,60,122
1,<environment.Job instance at 0x7fc245b3fb90>,64,15,[10  3],65,150,165,85,136
1,<environment.Job instance at 0x7fc2896790f0>,68,1,[ 3 10],69,165,166,96,147
1,<environment.Job instance at 0x7fc289679e60>,67,13,[9 4],68,166,179,98,150
1,<environment.Job instance at 0x7fc289679aa0>,73,17,[8 5],74,179,196,105,167
1,<environment.Job instance at 0x7fc289679500>,74,3,[6 1],75,196,199,121,170
1,<environment.Job instance at 0x7fc289679280>,69,17,[5 9],70,199,216,129,189
1,<environment.Job instance at 0x7fc28bd35aa0>,5,13,[1 5],6,7,20,1,7
1,<environment.Job instance at 0x7fc28bd35910>,7,2,[6 4],8,8,10,0,8
1,<environment.Job instance at 0x7fc28907a050>,8,14,[8 3],9,10,24,1,9
1,<environment.Job instance at 0x7fc28bd51050>,9,14,[9 5],10,24,38,14,12
1,<environment.Job instance at 0x7fc28960c0f0>,3,15,[10  4],4,38,53,34,31
1,<environment.Job instance at 0x7fc28bd4a550>,16,12,[6 3],17,53,65,36,36
1,<environment.Job instance at 0x7fc2896a9aa0>,22,3,[5 2],23,65,68,42,47
1,<environment.Job instance at 0x7fc2896a97d0>,23,2,[2 5],24,53,55,29,47
1,<environment.Job instance at 0x7fc2896a9460>,24,15,[ 2 10],25,68,83,43,54
1,<environment.Job instance at 0x7fc2896a9550>,17,15,[ 5 10],18,83,98,65,71
1,<environment.Job instance at 0x7fc289080190>,31,13,[2 8],32,98,111,66,82
1,<environment.Job instance at 0x7fc289061b90>,35,17,[7 4],36,111,128,75,100
1,<environment.Job instance at 0x7fc289061500>,36,18,[4 6],37,128,146,91,117
1,<environment.Job instance at 0x7fc2896ac410>,33,18,[ 5 10],34,146,164,112,135
1,<environment.Job instance at 0x7fc289089960>,43,17,[10  5],44,164,181,120,152
1,<environment.Job instance at 0x7fc289068c30>,48,2,[7 3],49,181,183,132,157
1,<environment.Job instance at 0x7fc289068190>,51,16,[2 7],52,181,197,129,168
1,<environment.Job instance at 0x7fc289068230>,53,13,[6 5],54,197,210,143,181
1,<environment.Job instance at 0x7fc245930320>,0,1,[4 5],1,1,2,0,1
1,<environment.Job instance at 0x7fc245930f00>,6,3,[6 2],7,7,10,0,7
1,<environment.Job instance at 0x7fc2455a2af0>,7,1,[6 3],8,10,11,2,8
1,<environment.Job instance at 0x7fc2455a20f0>,9,2,[5 4],10,11,13,1,10
1,<environment.Job instance at 0x7fc2455a25f0>,11,1,[2 7],12,13,14,1,12
1,<environment.Job instance at 0x7fc2455a2960>,12,2,[4 5],13,14,16,1,13
1,<environment.Job instance at 0x7fc2890ae140>,15,2,[10  5],16,18,20,2,18
1,<environment.Job instance at 0x7fc2890ae6e0>,14,12,[7 4],15,20,32,5,18
1,<environment.Job instance at 0x7fc2890aec30>,19,18,[1 5],20,20,38,0,20
1,<environment.Job instance at 0x7fc2890aed20>,21,12,[6 3],22,32,44,10,22
1,<environment.Job instance at 0x7fc2907e3280>,23,15,[4 8],24,44,59,20,30
1,<environment.Job instance at 0x7fc245535b90>,27,18,[6 2],28,44,62,16,36
1,<environment.Job instance at 0x7fc2455350a0>,29,13,[7 5],30,62,75,32,46
1,<environment.Job instance at 0x7fc245535140>,31,14,[9 5],32,75,89,43,62
1,<environment.Job instance at 0x7fc289776640>,38,13,[3 7],39,89,102,50,75
1,<environment.Job instance at 0x7fc289776190>,41,13,[9 4],42,102,115,60,86
1,<environment.Job instance at 0x7fc289776690>,43,13,[3 7],44,115,128,71,99
1,<environment.Job instance at 0x7fc24574d6e0>,47,16,[7 2],48,115,131,67,109
1,<environment.Job instance at 0x7fc24574d0f0>,52,14,[9 3],53,131,145,78,116
1,<environment.Job instance at 0x7fc24574dc80>,58,15,[7 1],59,145,160,86,131
1,<environment.Job instance at 0x7fc24574d3c0>,59,14,[3 8],60,145,159,85,131
1,<environment.Job instance at 0x7fc24574df00>,61,18,[5 9],62,160,178,98,149
1,<environment.Job instance at 0x7fc2894d70f0>,66,12,[7 5],67,178,190,111,161
1,<environment.Job instance at 0x7fc2894d7820>,68,14,[6 3],69,190,204,121,175
1,<environment.Job instance at 0x7fc2894d7d70>,71,14,[ 5 10],72,204,218,132,189
1,<environment.Job instance at 0x7fc289726d70>,4,2,[9 2],5,6,8,1,6
1,<environment.Job instance at 0x7fc2459b2c30>,9,14,[8 5],10,10,24,0,10
1,<environment.Job instance at 0x7fc2459b2cd0>,8,14,[9 5],9,24,38,15,12
1,<environment.Job instance at 0x7fc2459aaaa0>,15,1,[ 1 10],16,38,39,22,24
1,<environment.Job instance at 0x7fc2459aa7d0>,13,3,[3 9],14,67,70,53,67
1,<environment.Job instance at 0x7fc2459b2b40>,12,17,[1 5],13,70,87,57,67
1,<environment.Job instance at 0x7fc28b843140>,25,3,[10  3],26,87,90,61,69
1,<environment.Job instance at 0x7fc289218eb0>,24,16,[8 1],25,70,86,45,70
1,<environment.Job instance at 0x7fc28926dc80>,27,3,[5 6],28,90,93,62,70
1,<environment.Job instance at 0x7fc245701a00>,29,3,[6 1],30,93,96,63,72
1,<environment.Job instance at 0x7fc245701730>,30,12,[2 6],31,93,105,62,77
1,<environment.Job instance at 0x7fc28bb23b90>,33,3,[7 2],34,96,99,62,77
1,<environment.Job instance at 0x7fc28bb23a00>,36,18,[1 5],37,105,123,68,94
1,<environment.Job instance at 0x7fc28bb23be0>,37,3,[3 7],38,123,126,85,97
1,<environment.Job instance at 0x7fc28b9d93c0>,38,17,[7 5],39,105,122,66,97
1,<environment.Job instance at 0x7fc28bb235a0>,34,13,[5 8],35,126,139,91,110
1,<environment.Job instance at 0x7fc28b9d9870>,43,16,[1 5],44,139,155,95,126
1,<environment.Job instance at 0x7fc289253550>,45,15,[5 4],46,139,154,93,126
1,<environment.Job instance at 0x7fc289253eb0>,49,16,[5 6],50,155,171,105,142
1,<environment.Job instance at 0x7fc289515d20>,52,3,[1 7],53,171,174,118,146
1,<environment.Job instance at 0x7fc289515730>,53,13,[9 3],54,171,184,117,156
1,<environment.Job instance at 0x7fc245a415f0>,56,14,[5 4],57,156,170,99,156
1,<environment.Job instance at 0x7fc28904d370>,57,1,[3 8],58,184,185,126,156
1,<environment.Job instance at 0x7fc28904d550>,59,3,[6 1],60,184,187,124,158
1,<environment.Job instance at 0x7fc245923780>,60,2,[2 6],61,185,187,124,158
1,<environment.Job instance at 0x7fc2459230a0>,62,3,[6 1],63,187,190,124,161
1,<environment.Job instance at 0x7fc2892530f0>,51,18,[4 9],52,187,205,135,176
1,<environment.Job instance at 0x7fc28bd87460>,4,17,[10  3],5,18,35,13,18
1,<environment.Job instance at 0x7fc289398f00>,7,18,[6 4],8,35,53,27,27
1,<environment.Job instance at 0x7fc2893953c0>,12,3,[2 6],13,35,38,22,28
1,<environment.Job instance at 0x7fc289395460>,13,12,[4 8],14,53,65,39,36
1,<environment.Job instance at 0x7fc2893956e0>,17,2,[5 5],18,65,67,47,38
1,<environment.Job instance at 0x7fc289395820>,20,3,[5 7],21,67,70,46,41
1,<environment.Job instance at 0x7fc289395d70>,25,13,[3 7],26,70,83,44,58
1,<environment.Job instance at 0x7fc289372190>,30,17,[5 9],31,83,100,52,71
1,<environment.Job instance at 0x7fc289372460>,34,14,[9 5],35,100,114,65,85
1,<environment.Job instance at 0x7fc2893726e0>,37,18,[ 5 10],38,114,132,76,103
1,<environment.Job instance at 0x7fc289372f00>,42,12,[10  2],43,132,144,89,116
1,<environment.Job instance at 0x7fc28936a280>,45,14,[8 4],46,144,158,98,134
1,<environment.Job instance at 0x7fc28936a1e0>,46,18,[ 2 10],47,158,176,111,148
1,<environment.Job instance at 0x7fc28936a640>,51,14,[4 9],52,176,190,124,161
1,<environment.Job instance at 0x7fc28936aa50>,55,13,[2 7],56,190,203,134,174
1,<environment.Job instance at 0x7fc28936af50>,1,1,[5 1],2,2,3,0,2
1,<environment.Job instance at 0x7fc2459e8230>,2,2,[5 7],3,3,5,0,3
1,<environment.Job instance at 0x7fc289579140>,3,1,[5 6],4,5,6,1,4
1,<environment.Job instance at 0x7fc289579eb0>,6,2,[1 8],7,9,11,2,9
1,<environment.Job instance at 0x7fc245b74d70>,10,3,[ 4 10],11,11,14,0,11
1,<environment.Job instance at 0x7fc245ac5d70>,9,17,[8 4],10,14,31,4,14
1,<environment.Job instance at 0x7fc289579e10>,7,17,[1 7],8,31,48,23,22
1,<environment.Job instance at 0x7fc245b74cd0>,17,3,[4 9],18,48,51,30,23
1,<environment.Job instance at 0x7fc2896a8500>,19,3,[3 5],20,51,54,31,25
1,<environment.Job instance at 0x7fc2896a8a00>,20,3,[2 6],21,25,28,4,25
1,<environment.Job instance at 0x7fc245b744b0>,14,13,[2 5],15,51,64,36,35
1,<environment.Job instance at 0x7fc2907ebb90>,24,13,[2 8],25,64,77,39,51
1,<environment.Job instance at 0x7fc245b74fa0>,15,17,[1 8],16,77,94,61,65
1,<environment.Job instance at 0x7fc245ab6a00>,31,12,[5 1],32,65,77,33,65
1,<environment.Job instance at 0x7fc24557e7d0>,29,15,[8 4],30,94,109,64,80
1,<environment.Job instance at 0x7fc245717e10>,43,13,[4 7],44,109,122,65,97
1,<environment.Job instance at 0x7fc289594910>,46,12,[4 6],47,122,134,75,111
1,<environment.Job instance at 0x7fc289594a00>,47,16,[3 5],48,134,150,86,121
1,<environment.Job instance at 0x7fc2892858c0>,51,12,[7 5],52,134,146,82,129
1,<environment.Job instance at 0x7fc245abb690>,52,12,[5 4],53,146,158,93,129
1,<environment.Job instance at 0x7fc28944e410>,54,17,[5 6],55,150,167,95,141
1,<environment.Job instance at 0x7fc2891a7550>,60,14,[6 1],61,167,181,106,152
1,<environment.Job instance at 0x7fc2891a7f50>,62,17,[3 8],63,167,184,104,155
1,<environment.Job instance at 0x7fc2456ec780>,69,15,[8 4],70,184,199,114,170
1,<environment.Job instance at 0x7fc28b840690>,72,16,[6 3],73,199,215,126,187
1,<environment.Job instance at 0x7fc245baf460>,3,2,[9 4],4,4,6,0,4
1,<environment.Job instance at 0x7fc245baf140>,6,14,[3 9],7,8,22,1,8
1,<environment.Job instance at 0x7fc245bafc30>,7,2,[8 3],8,22,24,14,9
1,<environment.Job instance at 0x7fc24592c410>,10,14,[5 5],11,24,38,13,11
1,<environment.Job instance at 0x7fc245a96460>,1,12,[7 5],2,38,50,36,21
1,<environment.Job instance at 0x7fc28bef1050>,20,12,[3 8],21,50,62,29,34
1,<environment.Job instance at 0x7fc24592cc30>,11,17,[2 9],12,62,79,50,53
1,<environment.Job instance at 0x7fc2457101e0>,30,17,[6 4],31,79,96,48,67
1,<environment.Job instance at 0x7fc2896f9c30>,36,2,[4 6],37,79,81,42,73
1,<environment.Job instance at 0x7fc2895af140>,38,14,[3 8],39,96,110,57,81
1,<environment.Job instance at 0x7fc2895afdc0>,39,3,[2 9],40,110,113,70,84
1,<environment.Job instance at 0x7fc2895af730>,41,16,[8 5],42,113,129,71,100
1,<environment.Job instance at 0x7fc2895af960>,44,17,[5 7],45,129,146,84,117
1,<environment.Job instance at 0x7fc245b1a1e0>,54,12,[ 4 10],55,146,158,91,129
1,<environment.Job instance at 0x7fc289526780>,3,13,[7 3],4,4,17,0,4
1,<environment.Job instance at 0x7fc24554c690>,4,3,[2 5],5,5,8,0,5
1,<environment.Job instance at 0x7fc24554c730>,5,3,[1 5],6,8,11,2,6
1,<environment.Job instance at 0x7fc24554c9b0>,8,3,[6 4],9,17,20,8,9
1,<environment.Job instance at 0x7fc24554cc30>,11,13,[3 5],12,12,25,0,12
1,<environment.Job instance at 0x7fc24554cd70>,12,1,[2 8],13,25,26,12,13
1,<environment.Job instance at 0x7fc289205500>,0,12,[9 2],1,26,38,25,15
1,<environment.Job instance at 0x7fc245550230>,17,2,[10  5],18,38,40,20,18
1,<environment.Job instance at 0x7fc245550370>,18,3,[10  4],19,40,43,21,19
1,<environment.Job instance at 0x7fc2455501e0>,16,12,[10  3],17,43,55,26,26
1,<environment.Job instance at 0x7fc245550640>,22,18,[10  3],23,55,73,32,44
1,<environment.Job instance at 0x7fc245550dc0>,32,13,[3 6],33,73,86,40,61
1,<environment.Job instance at 0x7fc245550cd0>,27,18,[3 8],28,86,104,58,75
1,<environment.Job instance at 0x7fc245541050>,37,18,[1 8],38,104,122,66,93
1,<environment.Job instance at 0x7fc245541d20>,46,13,[4 6],47,122,135,75,106
1,<environment.Job instance at 0x7fc24554caf0>,9,16,[ 1 10],10,135,151,125,122
1,<environment.Job instance at 0x7fc24556d780>,59,2,[1 6],60,151,153,91,142
1,<environment.Job instance at 0x7fc24556d820>,60,3,[7 1],61,151,154,90,142
1,<environment.Job instance at 0x7fc24556dbe0>,62,16,[7 1],63,154,170,91,142
1,<environment.Job instance at 0x7fc24556ddc0>,65,2,[3 7],66,153,155,87,150
1,<environment.Job instance at 0x7fc24556de60>,66,3,[1 5],67,155,158,88,150
1,<environment.Job instance at 0x7fc24556df00>,67,18,[4 5],68,170,188,102,159
1,<environment.Job instance at 0x7fc24556dfa0>,68,15,[5 4],69,170,185,101,159
1,<environment.Job instance at 0x7fc24556db40>,61,12,[10  1],62,188,200,126,171
1,<environment.Job instance at 0x7fc245551460>,72,13,[1 8],73,200,213,127,184
1,<environment.Job instance at 0x7fc28b96e230>,2,3,[5 5],3,3,6,0,3
1,<environment.Job instance at 0x7fc245551370>,3,3,[ 3 10],4,6,9,2,5
1,<environment.Job instance at 0x7fc28b96e690>,1,13,[8 2],2,9,22,7,6
1,<environment.Job instance at 0x7fc2895afb40>,7,2,[9 2],8,22,24,14,8
1,<environment.Job instance at 0x7fc28bf7ff00>,8,13,[5 4],9,24,37,15,10
1,<environment.Job instance at 0x7fc2894da410>,13,1,[7 1],14,37,38,23,16
1,<environment.Job instance at 0x7fc2458c2fa0>,18,2,[7 1],19,38,40,19,20
1,<environment.Job instance at 0x7fc2458c2d20>,19,2,[5 1],20,24,26,4,20
1,<environment.Job instance at 0x7fc2894da3c0>,15,17,[4 6],16,40,57,24,28
1,<environment.Job instance at 0x7fc245b4b190>,23,14,[5 4],24,40,54,16,35
1,<environment.Job instance at 0x7fc245b4b9b0>,24,15,[7 5],25,57,72,32,44
1,<environment.Job instance at 0x7fc245b4b050>,26,15,[5 5],27,72,87,45,58
1,<environment.Job instance at 0x7fc290570870>,28,12,[3 7],29,87,99,58,70
1,<environment.Job instance at 0x7fc290570b90>,31,2,[10  3],32,99,101,67,83
1,<environment.Job instance at 0x7fc290570460>,32,16,[2 8],33,101,117,68,88
1,<environment.Job instance at 0x7fc2905706e0>,33,12,[3 6],34,117,129,83,100
1,<environment.Job instance at 0x7fc2891dd0f0>,38,3,[9 4],39,129,132,90,109
1,<environment.Job instance at 0x7fc2891ddcd0>,41,12,[6 3],42,117,129,75,117
1,<environment.Job instance at 0x7fc2891dd730>,42,16,[5 3],43,132,148,89,119
1,<environment.Job instance at 0x7fc2891dd3c0>,36,13,[10  2],37,148,161,111,132
1,<environment.Job instance at 0x7fc28bcc2f50>,47,12,[ 2 10],48,161,173,113,145
1,<environment.Job instance at 0x7fc28bcc2a50>,51,14,[ 5 10],52,173,187,121,159
1,<environment.Job instance at 0x7fc28bc170f0>,55,12,[ 4 10],56,187,199,131,173
1,<environment.Job instance at 0x7fc28bc175a0>,58,16,[1 9],59,199,215,140,186
1,<environment.Job instance at 0x7fc28906d8c0>,5,2,[5 6],6,6,8,0,6
1,<environment.Job instance at 0x7fc28906db90>,8,15,[5 4],9,10,25,1,10
1,<environment.Job instance at 0x7fc2459fc6e0>,11,2,[5 5],12,12,14,0,12
1,<environment.Job instance at 0x7fc2459fc7d0>,10,17,[10  2],11,25,42,14,13
1,<environment.Job instance at 0x7fc2459fc370>,15,3,[7 1],16,42,45,26,37
1,<environment.Job instance at 0x7fc28906de60>,7,14,[4 9],8,45,59,37,44
1,<environment.Job instance at 0x7fc2459fce60>,17,16,[5 1],18,48,64,30,48
1,<environment.Job instance at 0x7fc2459fc8c0>,21,3,[7 4],22,64,67,42,49
1,<environment.Job instance at 0x7fc2459fc640>,23,3,[9 3],24,67,70,43,49
1,<environment.Job instance at 0x7fc2459fca00>,24,16,[9 5],25,70,86,45,57
1,<environment.Job instance at 0x7fc2459fce10>,25,3,[10  3],26,86,89,60,60
1,<environment.Job instance at 0x7fc2459fcf50>,26,2,[1 9],27,60,62,33,60
1,<environment.Job instance at 0x7fc2905738c0>,29,18,[1 9],30,89,107,59,84
1,<environment.Job instance at 0x7fc28bf453c0>,38,17,[3 8],39,107,124,68,107
1,<environment.Job instance at 0x7fc28bf457d0>,41,12,[6 4],42,124,136,82,108
1,<environment.Job instance at 0x7fc24560a140>,3,1,[8 5],4,6,7,2,6
1,<environment.Job instance at 0x7fc288fe5690>,2,2,[3 9],3,8,10,5,8
1,<environment.Job instance at 0x7fc2455d4af0>,10,1,[6 3],11,11,12,0,11
1,<environment.Job instance at 0x7fc2455d4050>,7,17,[2 8],8,13,30,5,13
1,<environment.Job instance at 0x7fc2455d5d20>,15,14,[5 5],16,30,44,14,16
1,<environment.Job instance at 0x7fc2455d5fa0>,17,17,[2 5],18,30,47,12,18
1,<environment.Job instance at 0x7fc2896835f0>,21,16,[5 1],22,44,60,22,32
1,<environment.Job instance at 0x7fc2455dfe10>,22,14,[1 8],23,47,61,24,32
1,<environment.Job instance at 0x7fc2455df5f0>,23,17,[7 4],24,61,78,37,49
1,<environment.Job instance at 0x7fc24552ab40>,29,13,[5 3],30,78,91,48,63
1,<environment.Job instance at 0x7fc245529b40>,34,2,[5 7],35,78,80,43,65
1,<environment.Job instance at 0x7fc245510f50>,35,3,[5 5],36,80,83,44,66
1,<environment.Job instance at 0x7fc28968c0a0>,36,1,[1 9],37,91,92,54,67
1,<environment.Job instance at 0x7fc2896860f0>,37,17,[9 5],38,92,109,54,80
1,<environment.Job instance at 0x7fc28900c820>,39,14,[ 1 10],40,109,123,69,94
1,<environment.Job instance at 0x7fc28bcd6eb0>,44,16,[10  5],45,123,139,78,110
1,<environment.Job instance at 0x7fc28bda6780>,55,3,[6 5],56,139,142,83,124
1,<environment.Job instance at 0x7fc245522c30>,56,15,[5 8],57,142,157,85,128
1,<environment.Job instance at 0x7fc28bee5640>,59,17,[2 5],60,157,174,97,145
1,<environment.Job instance at 0x7fc245bb4320>,62,13,[5 5],63,157,170,94,157
1,<environment.Job instance at 0x7fc28bd8bc30>,63,12,[5 2],64,170,182,106,157
1,<environment.Job instance at 0x7fc28bd8b460>,66,18,[3 7],67,174,192,107,164
1,<environment.Job instance at 0x7fc2893a3230>,70,15,[5 5],71,192,207,121,181
1,<environment.Job instance at 0x7fc2896b05f0>,9,12,[7 5],10,10,22,0,10
1,<environment.Job instance at 0x7fc28b99c7d0>,10,1,[ 5 10],11,22,23,11,11
1,<environment.Job instance at 0x7fc28b99c690>,11,2,[3 6],12,23,25,11,12
1,<environment.Job instance at 0x7fc28b99c280>,12,15,[6 1],13,23,38,10,13
1,<environment.Job instance at 0x7fc2458d5690>,16,3,[4 9],17,25,28,8,17
1,<environment.Job instance at 0x7fc28b99c3c0>,14,13,[2 9],15,28,41,13,17
1,<environment.Job instance at 0x7fc2454fd2d0>,20,2,[8 1],21,38,40,17,21
1,<environment.Job instance at 0x7fc2454fd230>,22,17,[9 5],23,41,58,18,33
1,<environment.Job instance at 0x7fc2894848c0>,25,3,[5 7],26,58,61,32,33
1,<environment.Job instance at 0x7fc28b9d9dc0>,31,3,[2 7],32,61,64,29,40
1,<environment.Job instance at 0x7fc28b9d9aa0>,34,3,[10  3],35,64,67,29,43
1,<environment.Job instance at 0x7fc245959c30>,35,2,[6 3],36,61,63,25,43
1,<environment.Job instance at 0x7fc245959050>,36,1,[3 8],37,67,68,30,43
1,<environment.Job instance at 0x7fc245ac88c0>,38,3,[4 9],39,68,71,29,58
1,<environment.Job instance at 0x7fc245ac8b90>,39,3,[7 4],40,71,74,31,58
1,<environment.Job instance at 0x7fc245ac8d20>,40,2,[1 7],41,74,76,33,58
1,<environment.Job instance at 0x7fc245ac82d0>,42,17,[7 2],43,74,91,31,62
1,<environment.Job instance at 0x7fc245ac8500>,44,13,[2 8],45,76,89,31,64
1,<environment.Job instance at 0x7fc2896b99b0>,46,12,[ 4 10],47,91,103,44,74
1,<environment.Job instance at 0x7fc2896b9f50>,48,18,[8 3],49,103,121,54,92
1,<environment.Job instance at 0x7fc28b7a6eb0>,52,18,[3 8],53,121,139,68,112
1,<environment.Job instance at 0x7fc289685640>,54,12,[7 2],55,121,133,66,112
1,<environment.Job instance at 0x7fc289165c80>,2,1,[ 1 10],3,3,4,0,3
1,<environment.Job instance at 0x7fc2896d9500>,3,17,[3 7],4,6,23,2,6
1,<environment.Job instance at 0x7fc2896d96e0>,7,2,[9 3],8,23,25,15,8
1,<environment.Job instance at 0x7fc245258cd0>,8,3,[5 6],9,25,28,16,9
1,<environment.Job instance at 0x7fc2896d9af0>,6,2,[2 7],7,28,30,21,10
1,<environment.Job instance at 0x7fc2452588c0>,10,2,[6 2],11,11,13,0,11
1,<environment.Job instance at 0x7fc245258460>,12,1,[4 5],13,30,31,17,14
1,<environment.Job instance at 0x7fc245258c80>,14,2,[7 1],15,15,17,0,15
1,<environment.Job instance at 0x7fc289165aa0>,0,16,[7 5],1,31,47,30,18
1,<environment.Job instance at 0x7fc245258a00>,17,1,[4 7],18,47,48,29,19
1,<environment.Job instance at 0x7fc2452582d0>,18,1,[5 3],19,19,20,0,19
1,<environment.Job instance at 0x7fc245258e10>,20,3,[5 6],21,48,51,27,31
1,<environment.Job instance at 0x7fc28b912fa0>,21,3,[5 9],22,51,54,29,32
1,<environment.Job instance at 0x7fc245258370>,15,15,[3 5],16,32,47,16,32
1,<environment.Job instance at 0x7fc28b912910>,26,13,[4 5],27,54,67,27,38
1,<environment.Job instance at 0x7fc28b912dc0>,29,15,[3 5],30,54,69,24,49
1,<environment.Job instance at 0x7fc28b912f00>,30,3,[4 8],31,69,72,38,49
1,<environment.Job instance at 0x7fc245268230>,31,1,[8 1],32,72,73,40,49
1,<environment.Job instance at 0x7fc245268f00>,32,2,[9 1],33,73,75,40,49
1,<environment.Job instance at 0x7fc245268910>,34,16,[1 7],35,72,88,37,59
1,<environment.Job instance at 0x7fc2451f0870>,37,13,[4 7],38,88,101,50,72
1,<environment.Job instance at 0x7fc245268050>,36,14,[2 9],37,101,115,64,86
1,<environment.Job instance at 0x7fc2451f0b40>,41,14,[5 4],42,115,129,73,101
1,<environment.Job instance at 0x7fc2451f0640>,47,15,[3 7],48,129,144,81,123
1,<environment.Job instance at 0x7fc245333140>,50,14,[6 3],51,129,143,78,124
1,<environment.Job instance at 0x7fc245333f00>,52,14,[2 8],53,144,158,91,130
1,<environment.Job instance at 0x7fc2451f00a0>,38,15,[4 7],39,158,173,119,144
1,<environment.Job instance at 0x7fc28b904640>,60,14,[5 3],61,162,176,101,162
1,<environment.Job instance at 0x7fc28b904140>,62,16,[1 7],63,173,189,110,162
1,<environment.Job instance at 0x7fc28b904dc0>,63,15,[7 1],64,176,191,112,164
1,<environment.Job instance at 0x7fc24533e1e0>,0,1,[4 5],1,4,5,3,4
1,<environment.Job instance at 0x7fc24533e910>,3,12,[6 3],4,5,17,1,5
1,<environment.Job instance at 0x7fc2893865a0>,7,3,[5 1],8,17,20,9,9
1,<environment.Job instance at 0x7fc28937a9b0>,4,3,[9 1],5,20,23,15,9
1,<environment.Job instance at 0x7fc28936fa50>,15,2,[10  4],16,23,25,7,16
1,<environment.Job instance at 0x7fc28936fcd0>,16,2,[8 5],17,25,27,8,17
1,<environment.Job instance at 0x7fc289395460>,17,12,[1 6],18,27,39,9,18
1,<environment.Job instance at 0x7fc28b8b0fa0>,18,3,[9 1],19,27,30,8,19
1,<environment.Job instance at 0x7fc289386500>,10,13,[5 6],11,39,52,28,23
1,<environment.Job instance at 0x7fc2457e36e0>,22,3,[6 3],23,30,33,7,23
1,<environment.Job instance at 0x7fc2457e3eb0>,25,1,[8 1],26,33,34,7,26
1,<environment.Job instance at 0x7fc2457be190>,24,13,[8 4],25,52,65,27,36
1,<environment.Job instance at 0x7fc28937f780>,29,12,[2 8],30,65,77,35,48
1,<environment.Job instance at 0x7fc28937ffa0>,32,14,[5 8],33,77,91,44,64
1,<environment.Job instance at 0x7fc28920f6e0>,35,15,[5 2],36,70,85,34,70
1,<environment.Job instance at 0x7fc2890ec050>,40,16,[6 1],41,95,111,54,95
1,<environment.Job instance at 0x7fc289395870>,20,18,[ 4 10],21,111,129,90,105
1,<environment.Job instance at 0x7fc289229960>,46,15,[6 2],47,129,144,82,115
1,<environment.Job instance at 0x7fc289219be0>,50,2,[1 7],51,129,131,78,118
1,<environment.Job instance at 0x7fc289219640>,51,12,[3 5],52,131,143,79,118
1,<environment.Job instance at 0x7fc28bd12140>,42,17,[5 8],43,146,163,103,146
1,<environment.Job instance at 0x7fc245a94320>,61,15,[7 5],62,163,178,101,149
1,<environment.Job instance at 0x7fc289287500>,1,1,[5 3],2,2,3,0,2
1,<environment.Job instance at 0x7fc289539730>,5,15,[9 2],6,6,21,0,6
1,<environment.Job instance at 0x7fc245366e10>,6,17,[5 4],7,21,38,14,9
1,<environment.Job instance at 0x7fc289037e10>,4,15,[5 6],5,21,36,16,12
1,<environment.Job instance at 0x7fc2453bd050>,13,3,[6 4],14,38,41,24,20
1,<environment.Job instance at 0x7fc2453bd690>,14,2,[7 5],15,41,43,26,21
1,<environment.Job instance at 0x7fc289255eb0>,8,17,[5 1],9,43,60,34,31
1,<environment.Job instance at 0x7fc2453bdd20>,15,14,[1 8],16,43,57,27,32
1,<environment.Job instance at 0x7fc2458b7460>,22,3,[2 8],23,57,60,34,39
1,<environment.Job instance at 0x7fc289216460>,23,12,[10  4],24,60,72,36,44
1,<environment.Job instance at 0x7fc2895a99b0>,30,1,[5 2],31,72,73,41,60
1,<environment.Job instance at 0x7fc289216730>,24,17,[4 7],25,72,89,47,60
1,<environment.Job instance at 0x7fc2451f50a0>,32,14,[6 2],33,73,87,40,61
1,<environment.Job instance at 0x7fc2893d0dc0>,36,1,[ 4 10],37,89,90,52,76
1,<environment.Job instance at 0x7fc2893d0c30>,37,15,[2 8],38,90,105,52,77
1,<environment.Job instance at 0x7fc2894b95f0>,33,14,[2 9],34,105,119,71,90
1,<environment.Job instance at 0x7fc2893d03c0>,43,3,[10  5],44,119,122,75,93
1,<environment.Job instance at 0x7fc28901b0a0>,44,1,[ 4 10],45,122,123,77,94
1,<environment.Job instance at 0x7fc28901b0f0>,45,3,[5 6],46,123,126,77,97
1,<environment.Job instance at 0x7fc245510a50>,48,15,[1 9],49,126,141,77,112
1,<environment.Job instance at 0x7fc245b0abe0>,54,2,[8 5],55,141,143,86,121
1,<environment.Job instance at 0x7fc245b0a640>,57,3,[5 5],58,143,146,85,121
1,<environment.Job instance at 0x7fc245b0a460>,58,3,[1 7],59,146,149,87,121
1,<environment.Job instance at 0x7fc28b8f95a0>,59,17,[8 2],60,146,163,86,134
1,<environment.Job instance at 0x7fc28bd8b6e0>,63,16,[3 5],64,163,179,99,150
1,<environment.Job instance at 0x7fc2893f94b0>,66,13,[1 5],67,153,166,86,153
1,<environment.Job instance at 0x7fc2893f9550>,68,15,[5 6],69,179,194,110,165
1,<environment.Job instance at 0x7fc2893f97d0>,69,1,[7 3],70,166,167,96,165
1,<environment.Job instance at 0x7fc28b9da730>,71,2,[2 5],72,170,172,98,170
1,<environment.Job instance at 0x7fc28b9da780>,72,17,[5 5],73,194,211,121,182
1,<environment.Job instance at 0x7fc2452d7230>,9,3,[4 9],10,10,13,0,10
1,<environment.Job instance at 0x7fc28bb26cd0>,10,13,[8 3],11,13,26,2,12
1,<environment.Job instance at 0x7fc28bb26d70>,13,2,[2 6],14,14,16,0,14
1,<environment.Job instance at 0x7fc2452d70a0>,8,14,[9 1],9,26,40,17,15
1,<environment.Job instance at 0x7fc28bb26a50>,14,13,[ 2 10],15,40,53,25,24
1,<environment.Job instance at 0x7fc28bb26b40>,20,3,[7 3],21,53,56,32,35
1,<environment.Job instance at 0x7fc2453293c0>,22,1,[5 5],23,56,57,33,56
1,<environment.Job instance at 0x7fc28bb26690>,12,18,[7 1],13,57,75,44,56
1,<environment.Job instance at 0x7fc245329c80>,26,18,[7 3],27,75,93,48,65
1,<environment.Job instance at 0x7fc2452d7050>,0,15,[5 2],1,93,108,92,79
1,<environment.Job instance at 0x7fc2453292d0>,28,18,[5 7],29,93,111,64,82
1,<environment.Job instance at 0x7fc245329280>,35,14,[6 3],36,111,125,75,96
1,<environment.Job instance at 0x7fc245329a50>,30,15,[1 7],31,111,126,80,104
1,<environment.Job instance at 0x7fc2453299b0>,37,14,[7 3],38,125,139,87,110
1,<environment.Job instance at 0x7fc28965e140>,41,13,[7 1],42,139,152,97,123
1,<environment.Job instance at 0x7fc28965eaa0>,44,13,[6 4],45,152,165,107,136
1,<environment.Job instance at 0x7fc245329cd0>,38,13,[8 3],39,165,178,126,156
1,<environment.Job instance at 0x7fc28965edc0>,49,1,[5 4],50,178,179,128,158
1,<environment.Job instance at 0x7fc28965ed20>,50,1,[7 1],51,179,180,128,158
1,<environment.Job instance at 0x7fc28965e230>,53,12,[1 6],54,163,175,109,163
1,<environment.Job instance at 0x7fc28965e7d0>,54,2,[5 8],55,180,182,125,163
1,<environment.Job instance at 0x7fc28965e780>,55,1,[3 9],56,179,180,123,163
1,<environment.Job instance at 0x7fc245261870>,56,2,[8 3],57,182,184,125,163
1,<environment.Job instance at 0x7fc2452617d0>,57,1,[5 9],58,184,185,126,163
1,<environment.Job instance at 0x7fc2452615f0>,59,2,[7 3],60,185,187,125,164
1,<environment.Job instance at 0x7fc2452615a0>,60,2,[6 3],61,187,189,126,164
1,<environment.Job instance at 0x7fc245329820>,33,16,[ 2 10],34,189,205,155,177
1,<environment.Job instance at 0x7fc29069f820>,68,1,[9 1],69,205,206,136,187
1,<environment.Job instance at 0x7fc2895c60f0>,8,1,[10  5],9,10,11,1,10
1,<environment.Job instance at 0x7fc2895c6dc0>,5,15,[3 8],6,12,27,6,12
1,<environment.Job instance at 0x7fc28bb05780>,20,1,[9 4],21,57,58,36,57
1,<environment.Job instance at 0x7fc28bb05550>,21,1,[4 8],22,58,59,36,57
1,<environment.Job instance at 0x7fc28b8402d0>,13,16,[4 9],14,109,125,95,109
1,<environment.Job instance at 0x7fc28bb05e10>,30,14,[6 5],31,125,139,94,110
1,<environment.Job instance at 0x7fc28bb05640>,33,3,[ 2 10],34,139,142,105,113
1,<environment.Job instance at 0x7fc28bb05140>,34,12,[10  4],35,142,154,107,125
1,<environment.Job instance at 0x7fc2456b5fa0>,36,15,[3 7],37,154,169,117,140
1,<environment.Job instance at 0x7fc2454ebc30>,41,17,[5 2],42,154,171,112,145
1,<environment.Job instance at 0x7fc2454eb910>,47,16,[5 1],48,169,185,121,156
1,<environment.Job instance at 0x7fc2454ebf00>,54,3,[5 6],55,180,183,125,180
1,<environment.Job instance at 0x7fc24560e4b0>,55,15,[1 8],56,183,198,127,181
1,<environment.Job instance at 0x7fc24560e870>,57,2,[5 7],58,198,200,140,181
1,<environment.Job instance at 0x7fc2455f9190>,64,3,[6 1],65,185,188,120,182
1,<environment.Job instance at 0x7fc2455f95f0>,67,2,[9 5],68,200,202,132,182
1,<environment.Job instance at 0x7f586b0193c0>,2,12,[5 4],3,3,15,0,3
1,<environment.Job instance at 0x7f5867c0f9b0>,5,13,[5 9],6,15,28,9,6
1,<environment.Job instance at 0x7f586b0194b0>,0,18,[ 2 10],1,28,46,27,17
1,<environment.Job instance at 0x7f586b0192d0>,3,18,[ 3 10],4,46,64,42,35
1,<environment.Job instance at 0x7f5867c13410>,1,2,[4 9],2,3,5,1,3
1,<environment.Job instance at 0x7f586af66190>,9,14,[ 2 10],10,10,24,0,10
1,<environment.Job instance at 0x7f586b049640>,15,13,[3 5],16,24,37,8,19
1,<environment.Job instance at 0x7f5867b9e6e0>,16,3,[ 2 10],17,37,40,20,19
1,<environment.Job instance at 0x7f586b19a8c0>,20,18,[5 5],21,41,59,20,41
1,<environment.Job instance at 0x7f586af65410>,6,18,[4 5],7,42,60,35,42
1,<environment.Job instance at 0x7f586b191140>,25,3,[6 4],26,59,62,33,43
1,<environment.Job instance at 0x7f581ff11d20>,5,1,[3 6],6,6,7,0,6
1,<environment.Job instance at 0x7f581ff11cd0>,7,3,[7 4],8,8,11,0,8
1,<environment.Job instance at 0x7f581ff3e0f0>,12,2,[4 8],13,21,23,8,21
1,<environment.Job instance at 0x7f581ff3e2d0>,13,3,[1 6],14,23,26,9,21
1,<environment.Job instance at 0x7f581ff11c80>,9,3,[5 3],10,23,26,13,21
1,<environment.Job instance at 0x7f581ff3ee10>,15,14,[9 1],16,26,40,10,22
1,<environment.Job instance at 0x7f581ff3efa0>,18,3,[2 7],19,40,43,21,25
1,<environment.Job instance at 0x7f581ff11910>,6,12,[2 6],7,43,55,36,26
1,<environment.Job instance at 0x7f581ff3ea00>,20,2,[5 6],21,55,57,34,28
1,<environment.Job instance at 0x7f581ff3e7d0>,19,16,[1 8],20,57,73,37,46
1,<environment.Job instance at 0x7f581ff3eaf0>,24,15,[9 1],25,57,72,32,49
1,<environment.Job instance at 0x7f582003a050>,2,16,[6 2],3,3,19,0,3
1,<environment.Job instance at 0x7f581ff3e870>,3,1,[5 6],4,19,20,15,4
1,<environment.Job instance at 0x7f582003a9b0>,4,2,[8 5],5,20,22,15,5
1,<environment.Job instance at 0x7f581ffa5be0>,10,12,[6 3],11,22,34,11,11
1,<environment.Job instance at 0x7f581ffa56e0>,11,3,[1 5],12,12,15,0,12
1,<environment.Job instance at 0x7f581ffa5fa0>,14,13,[1 9],15,34,47,19,18
1,<environment.Job instance at 0x7f581ffa57d0>,13,15,[4 8],14,47,62,33,33
1,<environment.Job instance at 0x7f581ffa5820>,17,18,[5 2],18,47,65,29,37
1,<environment.Job instance at 0x7f58200811e0>,26,1,[7 4],27,65,66,38,40
1,<environment.Job instance at 0x7f58202bd5a0>,23,12,[1 7],24,66,78,42,49
1,<environment.Job instance at 0x7f58203bd0a0>,0,2,[3 8],1,1,3,0,1
1,<environment.Job instance at 0x7f58202bd5a0>,2,14,[9 2],3,16,30,13,16
1,<environment.Job instance at 0x7f58205b94b0>,6,13,[5 1],7,30,43,23,20
1,<environment.Job instance at 0x7f58202c7aa0>,5,17,[5 9],6,30,47,24,23
1,<environment.Job instance at 0x7f58205b9a50>,13,12,[5 1],14,43,55,29,26
1,<environment.Job instance at 0x7f58205b9b90>,15,17,[8 1],16,55,72,39,43
1,<environment.Job instance at 0x7f58205b98c0>,10,17,[2 9],11,47,64,36,44
1,<environment.Job instance at 0x7f58205b32d0>,5,2,[9 2],6,6,8,0,6
1,<environment.Job instance at 0x7f58679f04b0>,6,2,[5 1],7,8,10,1,7
1,<environment.Job instance at 0x7f5868235c30>,7,1,[1 7],8,8,9,0,8
1,<environment.Job instance at 0x7f58682351e0>,9,12,[1 8],10,12,24,2,12
1,<environment.Job instance at 0x7f5867a427d0>,14,18,[10  2],15,24,42,9,15
1,<environment.Job instance at 0x7f58679f0690>,0,18,[8 5],1,42,60,41,31
1,<environment.Job instance at 0x7f58200695f0>,6,15,[7 3],7,9,24,2,9
1,<environment.Job instance at 0x7f58202b20a0>,9,1,[8 5],10,24,25,14,10
1,<environment.Job instance at 0x7f58202b23c0>,10,14,[2 8],11,25,39,14,11
1,<environment.Job instance at 0x7f58202b2c80>,13,2,[3 5],14,18,20,4,18
1,<environment.Job instance at 0x7f5867e935a0>,17,14,[7 1],18,25,39,7,23
1,<environment.Job instance at 0x7f5867f17d70>,14,16,[8 3],15,39,55,24,27
1,<environment.Job instance at 0x7f5868261d70>,20,14,[ 3 10],21,55,69,34,40
1,<environment.Job instance at 0x7f58200cce60>,3,1,[2 8],4,5,6,1,5
1,<environment.Job instance at 0x7f586800ed70>,6,15,[10  5],7,9,24,2,9
1,<environment.Job instance at 0x7f581fe62140>,4,12,[2 9],5,24,36,19,11
1,<environment.Job instance at 0x7f5867ebf1e0>,10,1,[5 1],11,24,25,13,11
1,<environment.Job instance at 0x7f5867eb1960>,12,2,[1 5],13,36,38,23,13
1,<environment.Job instance at 0x7f581fd71be0>,16,3,[2 7],17,38,41,21,18
1,<environment.Job instance at 0x7f5868099c30>,18,3,[4 7],19,41,44,22,21
1,<environment.Job instance at 0x7f581fe62960>,5,16,[2 6],6,44,60,38,32
1,<environment.Job instance at 0x7f58682e7a50>,20,17,[7 1],21,44,61,23,34
1,<environment.Job instance at 0x7f58682f9870>,1,3,[3 7],2,2,5,0,2
1,<environment.Job instance at 0x7f586842b280>,7,13,[4 6],8,8,21,0,8
1,<environment.Job instance at 0x7f5867a5bb90>,6,13,[8 3],7,21,34,14,9
1,<environment.Job instance at 0x7f586842bb90>,13,16,[3 5],14,34,50,20,23
1,<environment.Job instance at 0x7f586842bf00>,17,14,[10  3],18,50,64,32,36
1,<environment.Job instance at 0x7f586842b460>,18,13,[8 2],19,64,77,45,48
1,<environment.Job instance at 0x7f58201dc050>,4,15,[ 1 10],5,6,21,1,6
1,<environment.Job instance at 0x7f58680e4af0>,13,14,[3 6],14,21,35,7,15
1,<environment.Job instance at 0x7f58203dec30>,15,1,[3 6],16,35,36,19,16
1,<environment.Job instance at 0x7f586871bb40>,18,2,[7 3],19,21,23,2,19
1,<environment.Job instance at 0x7f58685adbe0>,19,14,[2 6],20,36,50,16,21
1,<environment.Job instance at 0x7f58685adb40>,20,2,[6 5],21,50,52,29,24
1,<environment.Job instance at 0x7f5868894050>,22,12,[4 9],23,52,64,29,37
1,<environment.Job instance at 0x7f58200f8910>,4,1,[2 5],5,5,6,0,5
1,<environment.Job instance at 0x7f582059b9b0>,5,2,[9 3],6,6,8,0,6
1,<environment.Job instance at 0x7f5867b38960>,9,3,[3 6],10,10,13,0,10
1,<environment.Job instance at 0x7f5867fbfbe0>,10,3,[7 3],11,11,14,0,11
1,<environment.Job instance at 0x7f5867ac2af0>,0,19,[2 7],1,13,32,12,12
1,<environment.Job instance at 0x7f5820423280>,14,13,[1 9],15,32,45,17,16
1,<environment.Job instance at 0x7f5820423550>,12,12,[3 8],13,45,57,32,29
1,<environment.Job instance at 0x7f58204235a0>,11,17,[5 7],12,57,74,45,45
1,<environment.Job instance at 0x7f581ff904b0>,2,3,[4 9],3,3,6,0,3
1,<environment.Job instance at 0x7f581ff90230>,0,3,[1 6],1,6,9,5,3
1,<environment.Job instance at 0x7f5867c7ceb0>,4,2,[10  3],5,9,11,4,5
1,<environment.Job instance at 0x7f581fcf65a0>,3,12,[ 2 10],4,11,23,7,11
1,<environment.Job instance at 0x7f581fe68190>,11,3,[1 6],12,23,26,11,12
1,<environment.Job instance at 0x7f581fe5ad70>,7,18,[3 6],8,26,44,18,15
1,<environment.Job instance at 0x7f581fe685f0>,15,12,[6 1],16,23,35,7,16
1,<environment.Job instance at 0x7f581fe68690>,16,2,[ 3 10],17,44,46,27,17
1,<environment.Job instance at 0x7f581fe68730>,17,3,[5 1],18,35,38,17,18
1,<environment.Job instance at 0x7f581fe68910>,18,2,[5 4],19,38,40,19,19
1,<environment.Job instance at 0x7f581fe68c80>,20,1,[5 1],21,40,41,19,26
1,<environment.Job instance at 0x7f581fe5af50>,10,18,[5 9],11,46,64,35,35
1,<environment.Job instance at 0x7f581fe930f0>,2,2,[7 4],3,3,5,0,3
1,<environment.Job instance at 0x7f5868743e60>,10,1,[9 5],11,11,12,0,11
1,<environment.Job instance at 0x7f586823aaa0>,7,17,[3 5],8,13,30,5,13
1,<environment.Job instance at 0x7f58687430a0>,12,15,[10  1],13,30,45,17,19
1,<environment.Job instance at 0x7f5868743af0>,16,13,[3 9],17,45,58,28,34
1,<environment.Job instance at 0x7f5868743140>,19,3,[5 9],20,58,61,38,39
1,<environment.Job instance at 0x7f581fcfd1e0>,4,12,[3 5],5,5,17,0,5
1,<environment.Job instance at 0x7f58687430f0>,6,2,[8 4],7,17,19,10,8
1,<environment.Job instance at 0x7f5867b14550>,13,13,[7 5],14,19,32,5,15
1,<environment.Job instance at 0x7f5867b14820>,14,13,[1 8],15,32,45,17,17
1,<environment.Job instance at 0x7f5867b14730>,21,2,[2 6],22,45,47,23,28
1,<environment.Job instance at 0x7f586b199fa0>,24,16,[9 4],25,47,63,22,35
1,<environment.Job instance at 0x7f586b199f50>,25,3,[1 9],26,63,66,37,37
1,<environment.Job instance at 0x7f586802bc80>,0,2,[2 7],1,3,5,2,3
1,<environment.Job instance at 0x7f5867b146e0>,5,15,[ 1 10],6,8,23,2,8
1,<environment.Job instance at 0x7f586816ecd0>,7,12,[7 2],8,23,35,15,10
1,<environment.Job instance at 0x7f58681830f0>,13,3,[4 7],14,35,38,21,16
1,<environment.Job instance at 0x7f5868183640>,17,15,[4 6],18,38,53,20,24
1,<environment.Job instance at 0x7f5868183aa0>,24,16,[4 5],25,53,69,28,40
1,<environment.Job instance at 0x7f5820309550>,4,14,[3 8],5,5,19,0,5
1,<environment.Job instance at 0x7f58203098c0>,6,12,[2 7],7,19,31,12,7
1,<environment.Job instance at 0x7f5820309050>,10,2,[5 1],11,13,15,2,13
1,<environment.Job instance at 0x7f5820309c80>,11,12,[5 5],12,31,43,19,14
1,<environment.Job instance at 0x7f5868183d20>,5,12,[10  1],6,43,55,37,27
1,<environment.Job instance at 0x7f5820309c30>,17,2,[7 4],18,55,57,37,43
1,<environment.Job instance at 0x7f5820332e60>,1,18,[4 8],2,57,75,55,46
1,<environment.Job instance at 0x7f5820466cd0>,3,18,[5 5],4,6,24,2,6
1,<environment.Job instance at 0x7f5867dbcb40>,7,2,[ 3 10],8,24,26,16,8
1,<environment.Job instance at 0x7f58205055f0>,8,18,[1 5],9,26,44,17,15
1,<environment.Job instance at 0x7f5867a16dc0>,11,3,[1 9],12,44,47,32,18
1,<environment.Job instance at 0x7f582010ccd0>,9,18,[9 5],10,26,44,16,20
1,<environment.Job instance at 0x7f5867a16f50>,12,13,[9 4],13,47,60,34,31
1,<environment.Job instance at 0x7f58204e4280>,18,16,[8 3],19,60,76,41,47
1,<environment.Job instance at 0x7f5820488c80>,0,14,[1 5],1,3,17,2,3
1,<environment.Job instance at 0x7f5867c82550>,7,19,[1 5],8,8,27,0,8
1,<environment.Job instance at 0x7f5867c82230>,9,18,[6 4],10,17,35,7,11
1,<environment.Job instance at 0x7f581ff29050>,11,13,[6 3],12,35,48,23,20
1,<environment.Job instance at 0x7f58200f58c0>,14,14,[5 3],15,48,62,33,33
1,<environment.Job instance at 0x7f5867e000f0>,4,3,[4 5],5,6,9,1,6
1,<environment.Job instance at 0x7f5867e00fa0>,2,2,[3 6],3,9,11,6,7
1,<environment.Job instance at 0x7f5867e00820>,6,3,[5 8],7,11,14,4,7
1,<environment.Job instance at 0x7f5867e00640>,9,3,[8 2],10,14,17,4,11
1,<environment.Job instance at 0x7f5867e00780>,12,3,[5 9],13,20,23,7,20
1,<environment.Job instance at 0x7f5867d32190>,14,3,[2 7],15,23,26,8,20
1,<environment.Job instance at 0x7f58681fb230>,19,18,[6 1],20,43,61,23,43
1,<environment.Job instance at 0x7f5867d32dc0>,16,12,[3 9],17,43,55,26,43
1,<environment.Job instance at 0x7f58681fbb40>,22,12,[6 1],23,61,73,38,44
1,<environment.Job instance at 0x7f58681fb190>,18,16,[4 8],19,55,71,36,47
1,<environment.Job instance at 0x7f5867aec960>,0,3,[5 3],1,2,5,1,2
1,<environment.Job instance at 0x7f5867aeca00>,2,2,[5 7],3,4,6,1,4
1,<environment.Job instance at 0x7f5820366820>,7,15,[7 4],8,8,23,0,8
1,<environment.Job instance at 0x7f5820366aa0>,4,15,[4 8],5,23,38,18,12
1,<environment.Job instance at 0x7f581ffd6370>,14,3,[1 5],15,15,18,0,15
1,<environment.Job instance at 0x7f58205907d0>,16,3,[7 4],17,38,41,21,19
1,<environment.Job instance at 0x7f581ffd68c0>,18,2,[7 4],19,41,43,22,24
1,<environment.Job instance at 0x7f58205065f0>,19,2,[5 1],20,24,26,4,24
1,<environment.Job instance at 0x7f58202e4a50>,20,2,[10  5],21,43,45,22,24
1,<environment.Job instance at 0x7f586842d4b0>,21,3,[9 1],22,45,48,23,24
1,<environment.Job instance at 0x7f5820264b90>,17,13,[9 1],18,48,61,30,32
1,<environment.Job instance at 0x7f5820366640>,6,16,[1 6],7,45,61,38,33
1,<environment.Job instance at 0x7f582014cbe0>,26,12,[9 5],27,61,73,34,44
1,<environment.Job instance at 0x7fc5c89483c0>,2,12,[5 4],3,3,15,0,3
1,<environment.Job instance at 0x7fc5c153a9b0>,5,13,[5 9],6,15,28,9,6
1,<environment.Job instance at 0x7fc5c153ad20>,7,14,[5 1],8,8,22,0,8
1,<environment.Job instance at 0x7fc5c153acd0>,8,17,[ 2 10],9,28,45,19,17
1,<environment.Job instance at 0x7fc5c153ac30>,13,13,[1 8],14,45,58,31,29
1,<environment.Job instance at 0x7fc5c153e460>,16,12,[1 8],17,58,70,41,41
1,<environment.Job instance at 0x7fc5c153af00>,9,17,[ 4 10],10,70,87,60,58
1,<environment.Job instance at 0x7fc5c8abf730>,9,13,[7 2],10,14,27,4,14
1,<environment.Job instance at 0x7fc5c8abf640>,12,14,[9 1],13,27,41,14,23
1,<environment.Job instance at 0x7fc5c8abfe10>,10,18,[5 5],11,41,59,30,30
1,<environment.Job instance at 0x7fc5c8975be0>,20,2,[10  3],21,59,61,38,32
1,<environment.Job instance at 0x7fc5c8975640>,22,3,[10  1],23,61,64,38,35
1,<environment.Job instance at 0x7fc5c89759b0>,23,3,[9 2],24,64,67,40,38
1,<environment.Job instance at 0x7fc5c8975cd0>,24,12,[3 5],25,41,53,16,40
1,<environment.Job instance at 0x7fc5c8975780>,26,3,[5 6],27,67,70,40,43
1,<environment.Job instance at 0x7fc5c89754b0>,27,2,[ 4 10],28,70,72,42,43
1,<environment.Job instance at 0x7fc5c8975b40>,29,13,[7 2],30,72,85,42,56
1,<environment.Job instance at 0x7fc5c8ab92d0>,3,3,[1 5],4,4,7,0,4
1,<environment.Job instance at 0x7fc57d9305f0>,5,15,[5 3],6,6,21,0,6
1,<environment.Job instance at 0x7fc57d930fa0>,8,16,[7 1],9,21,37,12,12
1,<environment.Job instance at 0x7fc57d868be0>,12,3,[8 5],13,37,40,24,13
1,<environment.Job instance at 0x7fc57d9304b0>,11,2,[9 3],12,40,42,28,14
1,<environment.Job instance at 0x7fc57d868230>,16,18,[1 6],17,40,58,23,29
1,<environment.Job instance at 0x7fc57d868d70>,18,14,[5 1],19,45,59,26,45
1,<environment.Job instance at 0x7fc57d868550>,19,3,[1 7],20,58,61,38,45
1,<environment.Job instance at 0x7fc57d868050>,20,17,[3 8],21,61,78,40,55
1,<environment.Job instance at 0x7fc57dbe97d0>,7,2,[9 3],8,8,10,0,8
1,<environment.Job instance at 0x7fc57dd25eb0>,12,14,[8 4],13,13,27,0,13
1,<environment.Job instance at 0x7fc57dd25a00>,13,3,[5 4],14,27,30,13,14
1,<environment.Job instance at 0x7fc5c8abf730>,10,18,[5 1],11,27,45,16,17
1,<environment.Job instance at 0x7fc57d839960>,20,2,[3 8],21,30,32,9,23
1,<environment.Job instance at 0x7fc57d839690>,15,16,[ 3 10],16,45,61,29,40
1,<environment.Job instance at 0x7fc5c15465f0>,26,13,[5 1],27,61,74,34,45
1,<environment.Job instance at 0x7fc5c1546910>,2,3,[3 9],3,4,7,1,4
1,<environment.Job instance at 0x7fc57dc23460>,5,3,[6 4],6,7,10,1,6
1,<environment.Job instance at 0x7fc57dc23780>,8,12,[9 2],9,10,22,1,9
1,<environment.Job instance at 0x7fc57dc23e10>,9,1,[8 3],10,22,23,12,10
1,<environment.Job instance at 0x7fc57d7e81e0>,3,18,[1 6],4,11,29,7,11
1,<environment.Job instance at 0x7fc57dc23aa0>,11,3,[1 8],12,29,32,17,12
1,<environment.Job instance at 0x7fc57dc3e280>,13,14,[3 5],14,32,46,18,20
1,<environment.Job instance at 0x7fc57dc3e0f0>,12,13,[2 5],13,32,45,19,23
1,<environment.Job instance at 0x7fc57dc3e2d0>,19,12,[1 8],20,46,58,26,30
1,<environment.Job instance at 0x7fc5c1546780>,1,16,[7 4],2,58,74,56,47
1,<environment.Job instance at 0x7fc57dc3e780>,27,14,[3 5],28,58,72,30,47
1,<environment.Job instance at 0x7fc57dc3e780>,4,1,[3 8],5,5,6,0,5
1,<environment.Job instance at 0x7fc5c1647d20>,6,15,[7 3],7,7,22,0,7
1,<environment.Job instance at 0x7fc5c16475f0>,9,1,[8 5],10,23,24,13,23
1,<environment.Job instance at 0x7fc5c1647640>,12,2,[7 1],13,24,26,11,23
1,<environment.Job instance at 0x7fc5c1647820>,13,2,[3 5],14,24,26,10,23
1,<environment.Job instance at 0x7fc5c16a7d70>,15,2,[4 6],16,26,28,10,23
1,<environment.Job instance at 0x7fc5c16a7640>,16,2,[6 5],17,28,30,11,23
1,<environment.Job instance at 0x7fc5c16a7eb0>,17,14,[7 1],18,30,44,12,23
1,<environment.Job instance at 0x7fc5c16a7320>,18,3,[5 1],19,44,47,25,23
1,<environment.Job instance at 0x7fc5c16473c0>,10,14,[2 8],11,30,44,19,23
1,<environment.Job instance at 0x7fc5c1647690>,11,15,[10  3],12,47,62,35,34
1,<environment.Job instance at 0x7fc5c16a7410>,23,15,[7 4],24,62,77,38,48
1,<environment.Job instance at 0x7fc57ddf0320>,29,3,[8 4],30,77,80,47,56
1,<environment.Job instance at 0x7fc5c165ba00>,8,3,[4 7],9,10,13,1,10
1,<environment.Job instance at 0x7fc57dd49c80>,10,17,[7 1],11,13,30,2,11
1,<environment.Job instance at 0x7fc57ddea820>,14,2,[4 8],15,30,32,15,22
1,<environment.Job instance at 0x7fc5c165b280>,7,13,[ 1 10],8,32,45,24,22
1,<environment.Job instance at 0x7fc5c1989f00>,12,2,[6 3],13,45,47,32,45
1,<environment.Job instance at 0x7fc57ddea3c0>,19,3,[9 2],20,47,50,27,45
1,<environment.Job instance at 0x7fc57ddeadc0>,16,15,[4 9],17,50,65,33,45
1,<environment.Job instance at 0x7fc5c3c2d7d0>,7,14,[9 1],8,20,34,12,20
1,<environment.Job instance at 0x7fc57dd8e3c0>,12,12,[8 5],13,34,46,21,20
1,<environment.Job instance at 0x7fc5c1490c30>,14,2,[5 3],15,46,48,31,20
1,<environment.Job instance at 0x7fc57db65b90>,17,16,[2 6],18,46,62,28,34
1,<environment.Job instance at 0x7fc5c1950a50>,16,13,[7 1],17,48,61,31,34
1,<environment.Job instance at 0x7fc57da55190>,23,17,[1 8],24,62,79,38,50
1,<environment.Job instance at 0x7fc57da4af50>,26,17,[9 1],27,62,79,35,50
1,<environment.Job instance at 0x7fc57dc18f00>,9,3,[4 8],10,12,15,2,12
1,<environment.Job instance at 0x7fc57dc18aa0>,13,14,[8 2],14,21,35,7,21
1,<environment.Job instance at 0x7fc57dc18b90>,14,2,[4 9],15,35,37,20,21
1,<environment.Job instance at 0x7fc57dd107d0>,18,3,[9 1],19,37,40,18,26
1,<environment.Job instance at 0x7fc57dd10550>,16,18,[8 2],17,43,61,26,43
1,<environment.Job instance at 0x7fc57dd10fa0>,25,2,[9 3],26,61,63,35,44
1,<environment.Job instance at 0x7fc57dd10b90>,26,14,[7 5],27,63,77,36,48
1,<environment.Job instance at 0x7fc57d784730>,29,3,[3 6],30,77,80,47,51
1,<environment.Job instance at 0x7fc57d7841e0>,30,3,[7 3],31,77,80,46,51
1,<environment.Job instance at 0x7fc5c40d7280>,8,2,[5 5],9,9,11,0,9
1,<environment.Job instance at 0x7fc5c3c9ae10>,9,1,[5 7],10,13,14,3,13
1,<environment.Job instance at 0x7fc5c3c9a7d0>,10,3,[1 6],11,14,17,3,13
1,<environment.Job instance at 0x7fc5c141a7d0>,7,2,[2 6],8,17,19,9,16
1,<environment.Job instance at 0x7fc57de68a50>,12,3,[4 9],13,19,22,6,16
1,<environment.Job instance at 0x7fc5c141a960>,6,14,[10  4],7,22,36,15,20
1,<environment.Job instance at 0x7fc57de685a0>,13,12,[ 2 10],14,36,48,22,25
1,<environment.Job instance at 0x7fc5c17f79b0>,17,18,[3 6],18,48,66,30,37
1,<environment.Job instance at 0x7fc57d8770f0>,25,12,[6 1],26,50,62,24,50
1,<environment.Job instance at 0x7fc5c14cb730>,26,2,[ 3 10],27,66,68,39,50
1,<environment.Job instance at 0x7fc5c142f820>,27,3,[5 1],28,62,65,34,50
1,<environment.Job instance at 0x7fc5c3e3f0f0>,28,2,[5 4],29,68,70,39,50
1,<environment.Job instance at 0x7fc5c3e3f050>,29,14,[9 5],30,70,84,40,55
1,<environment.Job instance at 0x7fc5c180c640>,1,3,[5 9],2,2,5,0,2
1,<environment.Job instance at 0x7fc5c18a6fa0>,4,2,[9 2],5,5,7,0,5
1,<environment.Job instance at 0x7fc5c18a64b0>,3,3,[5 5],4,7,10,3,7
1,<environment.Job instance at 0x7fc57def8500>,8,17,[2 6],9,13,30,4,13
1,<environment.Job instance at 0x7fc5c3e45e60>,13,17,[5 3],14,15,32,1,15
1,<environment.Job instance at 0x7fc57d688410>,15,13,[8 5],16,32,45,16,16
1,<environment.Job instance at 0x7fc5c3e458c0>,17,14,[2 5],18,30,44,12,20
1,<environment.Job instance at 0x7fc5c153e280>,18,16,[6 5],19,45,61,26,33
1,<environment.Job instance at 0x7fc57def8dc0>,7,17,[3 5],8,45,62,37,38
1,<environment.Job instance at 0x7fc5c17f9c30>,12,15,[10  1],13,62,77,49,48
1,<environment.Job instance at 0x7fc5c8838280>,3,13,[7 5],4,4,17,0,4
1,<environment.Job instance at 0x7fc5c3f2d280>,7,2,[ 2 10],8,17,19,9,8
1,<environment.Job instance at 0x7fc5c14cbdc0>,5,3,[10  4],6,22,25,16,22
1,<environment.Job instance at 0x7fc5c3f2d1e0>,6,14,[1 7],7,25,39,18,22
1,<environment.Job instance at 0x7fc5c3f2d7d0>,11,2,[2 6],12,39,41,27,22
1,<environment.Job instance at 0x7fc5c3f2d690>,9,16,[5 3],10,25,41,15,24
1,<environment.Job instance at 0x7fc5c3f2db90>,17,13,[ 4 10],18,41,54,23,27
1,<environment.Job instance at 0x7fc5c3f2d910>,13,16,[8 5],14,54,70,40,41
1,<environment.Job instance at 0x7fc5c3f2df50>,22,3,[1 9],23,70,73,47,53
1,<environment.Job instance at 0x7fc5c3f34550>,28,14,[9 1],29,70,84,41,55
1,<environment.Job instance at 0x7fc5c3f2dd70>,20,14,[1 8],21,73,87,52,59
1,<environment.Job instance at 0x7fc57da54f00>,2,2,[8 4],3,4,6,1,4
1,<environment.Job instance at 0x7fc57da54780>,7,1,[10  5],8,8,9,0,8
1,<environment.Job instance at 0x7fc57da54d70>,9,1,[5 1],10,16,17,6,16
1,<environment.Job instance at 0x7fc57da54960>,10,12,[1 7],11,16,28,5,16
1,<environment.Job instance at 0x7fc57da54690>,11,3,[6 4],12,28,31,16,16
1,<environment.Job instance at 0x7fc57da541e0>,13,15,[5 5],14,31,46,17,17
1,<environment.Job instance at 0x7fc57da54c80>,4,16,[4 5],5,31,47,26,31
1,<environment.Job instance at 0x7fc5c191d0a0>,19,13,[7 4],20,47,60,27,33
1,<environment.Job instance at 0x7fc5c180f370>,26,18,[6 3],27,60,78,33,56
1,<environment.Job instance at 0x7fc5c180f6e0>,28,3,[8 3],29,78,81,49,56
1,<environment.Job instance at 0x7fc5c3e3e370>,7,3,[7 5],8,8,11,0,8
1,<environment.Job instance at 0x7fc5c192ef50>,5,12,[8 5],6,11,23,5,9
1,<environment.Job instance at 0x7fc5c180f960>,3,3,[10  3],4,23,26,19,9
1,<environment.Job instance at 0x7fc5c3e3e3c0>,10,13,[5 3],11,26,39,15,13
1,<environment.Job instance at 0x7fc5c192ee10>,4,13,[5 3],5,26,39,21,15
1,<environment.Job instance at 0x7fc57dedf320>,20,14,[ 2 10],21,39,53,18,25
1,<environment.Job instance at 0x7fc5c8ab1a00>,18,12,[ 4 10],19,53,65,34,36
1,<environment.Job instance at 0x7fc57dedf5f0>,26,13,[3 9],27,65,78,38,51
1,<environment.Job instance at 0x7fc5c1311e60>,4,2,[9 3],5,5,7,0,5
1,<environment.Job instance at 0x7fc57d6185f0>,10,14,[1 5],11,11,25,0,11
1,<environment.Job instance at 0x7fc57d618460>,8,16,[9 4],9,12,28,3,12
1,<environment.Job instance at 0x7fc57d6181e0>,6,13,[9 3],7,28,41,21,12
1,<environment.Job instance at 0x7fc57d6189b0>,15,14,[ 1 10],16,41,55,25,27
1,<environment.Job instance at 0x7fc57d618aa0>,18,14,[1 7],19,55,69,36,44
1,<environment.Job instance at 0x7fc57de26230>,0,1,[8 1],1,1,2,0,1
1,<environment.Job instance at 0x7fc57de26280>,4,3,[4 5],5,8,11,3,8
1,<environment.Job instance at 0x7fc57db2c1e0>,12,3,[5 9],13,20,23,7,20
1,<environment.Job instance at 0x7fc57db2cbe0>,16,12,[3 9],17,23,35,6,21
1,<environment.Job instance at 0x7fc57d618cd0>,1,18,[10  5],2,35,53,33,24
1,<environment.Job instance at 0x7fc5c1425f00>,22,12,[6 1],23,53,65,30,42
1,<environment.Job instance at 0x7fc5c1425960>,23,3,[8 3],24,65,68,41,43
1,<environment.Job instance at 0x7fc5c139d8c0>,27,16,[1 7],28,53,69,25,46
1,<environment.Job instance at 0x7fc5c139dc30>,30,15,[4 7],31,69,84,38,56
1,<environment.Job instance at 0x7fc5c139dc30>,4,3,[1 5],5,6,9,1,6
1,<environment.Job instance at 0x7fc57d7cc460>,7,13,[9 1],8,8,21,0,8
1,<environment.Job instance at 0x7fc57d685870>,8,2,[7 4],9,21,23,12,9
1,<environment.Job instance at 0x7fc5c3e345a0>,15,12,[2 8],16,23,35,7,23
1,<environment.Job instance at 0x7fc5c400b1e0>,14,13,[4 8],15,35,48,20,23
1,<environment.Job instance at 0x7fc5c3e34a50>,20,2,[5 5],21,48,50,27,24
1,<environment.Job instance at 0x7fc5c13ad0a0>,19,15,[2 6],20,50,65,30,36
1,<environment.Job instance at 0x7fc57db95550>,24,3,[4 5],25,65,68,40,41
1,<environment.Job instance at 0x7fc5c41c33c0>,22,13,[2 9],23,68,81,45,52
1,<environment.Job instance at 0x7fc5c16114b0>,2,2,[1 7],3,3,5,0,3
1,<environment.Job instance at 0x7fc5c136aa50>,4,17,[2 5],5,5,22,0,5
1,<environment.Job instance at 0x7fc5c17d5690>,12,16,[9 4],13,23,39,10,23
1,<environment.Job instance at 0x7fc5c3eeb4b0>,9,14,[5 4],10,39,53,29,24
1,<environment.Job instance at 0x7fc5c17562d0>,15,2,[4 8],16,53,55,37,26
1,<environment.Job instance at 0x7fc5c150d2d0>,17,2,[1 8],18,55,57,37,31
1,<environment.Job instance at 0x7fc5c150dcd0>,18,2,[10  5],19,57,59,38,32
1,<environment.Job instance at 0x7fc5c17c85f0>,20,3,[2 8],21,59,62,38,33
1,<environment.Job instance at 0x7fc5c17d5460>,13,12,[10  1],14,62,74,48,47
1,<environment.Job instance at 0x7fc5c17c87d0>,25,3,[7 5],26,74,77,48,52
1,<environment.Job instance at 0x7fc57d969af0>,4,16,[7 4],5,5,21,0,5
1,<environment.Job instance at 0x7fc5c189a780>,5,3,[10  4],6,21,24,15,6
1,<environment.Job instance at 0x7fc5c189a640>,6,1,[ 4 10],7,24,25,17,7
1,<environment.Job instance at 0x7fc5c189acd0>,9,2,[5 8],10,25,27,15,10
1,<environment.Job instance at 0x7fc57d969eb0>,0,12,[7 4],1,27,39,26,12
1,<environment.Job instance at 0x7fc5c189a690>,12,14,[4 6],13,39,53,26,26
1,<environment.Job instance at 0x7fc5c189a500>,17,1,[10  4],18,53,54,35,26
1,<environment.Job instance at 0x7fc57de710f0>,21,3,[8 5],22,54,57,32,35
1,<environment.Job instance at 0x7fc57de71730>,22,12,[ 1 10],23,57,69,34,42
1,<environment.Job instance at 0x7fc57de71410>,27,15,[6 2],28,69,84,41,55
1,<environment.Job instance at 0x7fc57de71b90>,31,3,[1 8],32,69,72,37,56
1,<environment.Job instance at 0x7fc5c189a050>,2,14,[9 2],3,6,20,3,6
1,<environment.Job instance at 0x7fc5c1787c30>,9,2,[9 3],10,20,22,10,18
1,<environment.Job instance at 0x7fc5c1787280>,11,1,[5 4],12,22,23,10,19
1,<environment.Job instance at 0x7fc5c1787370>,10,13,[4 6],11,25,38,14,25
1,<environment.Job instance at 0x7fc57d90e6e0>,14,13,[2 8],15,38,51,23,26
1,<environment.Job instance at 0x7fc5c17ed370>,17,12,[1 6],18,51,63,33,41
1,<environment.Job instance at 0x7fc57dd06640>,22,18,[7 4],23,51,69,28,46
1,<environment.Job instance at 0x7fb30212c190>,2,12,[5 4],3,3,15,0,3
1,<environment.Job instance at 0x7fb2fad1d230>,5,13,[5 9],6,15,28,9,6
1,<environment.Job instance at 0x7fb2fad1d550>,7,14,[5 1],8,8,22,0,8
1,<environment.Job instance at 0x7fb30212c140>,0,18,[ 2 10],1,28,46,27,17
1,<environment.Job instance at 0x7fb2fad1da00>,13,13,[1 8],14,46,59,32,30
1,<environment.Job instance at 0x7fb2fad1dc30>,16,12,[1 8],17,59,71,42,42
1,<environment.Job instance at 0x7fb2fad1dd70>,17,3,[10  3],18,71,74,53,45
1,<environment.Job instance at 0x7fb2fad1daf0>,14,12,[3 7],15,74,86,59,59
1,<environment.Job instance at 0x7fb2fad1e0a0>,23,18,[5 2],24,74,92,50,64
1,<environment.Job instance at 0x7fb2fad1e4b0>,30,1,[5 5],31,86,87,55,68
1,<environment.Job instance at 0x7fb302298640>,2,14,[9 1],3,10,24,7,10
1,<environment.Job instance at 0x7fb302293fa0>,10,2,[10  3],11,24,26,13,11
1,<environment.Job instance at 0x7fb3022a6f00>,13,3,[9 2],14,26,29,12,14
1,<environment.Job instance at 0x7fb3022a6690>,12,3,[10  1],13,29,32,16,16
1,<environment.Job instance at 0x7fb3022a64b0>,14,12,[3 5],15,32,44,17,17
1,<environment.Job instance at 0x7fb3022a6e10>,17,2,[ 4 10],18,44,46,26,18
1,<environment.Job instance at 0x7fb30229c370>,21,16,[5 8],22,46,62,24,34
1,<environment.Job instance at 0x7fb3022a00f0>,27,3,[5 3],28,41,44,13,41
1,<environment.Job instance at 0x7fb3022a05f0>,28,12,[10  1],29,62,74,33,45
1,<environment.Job instance at 0x7fb3022a0dc0>,33,17,[5 6],34,74,91,40,68
1,<environment.Job instance at 0x7fb3021547d0>,35,1,[3 6],36,91,92,55,68
1,<environment.Job instance at 0x7fb2b70d2320>,2,2,[4 9],3,3,5,0,3
1,<environment.Job instance at 0x7fb302154460>,3,16,[6 4],4,5,21,1,4
1,<environment.Job instance at 0x7fb2b70d2f00>,6,15,[6 2],7,21,36,14,7
1,<environment.Job instance at 0x7fb2b710f5f0>,7,3,[ 2 10],8,36,39,28,10
1,<environment.Job instance at 0x7fb2b710f230>,9,3,[5 5],10,39,42,29,13
1,<environment.Job instance at 0x7fb2b710fb90>,14,2,[8 5],15,42,44,27,15
1,<environment.Job instance at 0x7fb2b710fc80>,15,14,[3 8],16,21,35,5,16
1,<environment.Job instance at 0x7fb2b710fdc0>,16,2,[8 2],17,44,46,27,17
1,<environment.Job instance at 0x7fb2b710f7d0>,12,16,[6 2],13,46,62,33,34
1,<environment.Job instance at 0x7fb2b710fe60>,19,3,[4 8],20,46,49,26,36
1,<environment.Job instance at 0x7fb2b710fb40>,23,15,[4 8],24,49,64,25,39
1,<environment.Job instance at 0x7fb2b701fdc0>,27,18,[5 2],28,62,80,34,54
1,<environment.Job instance at 0x7fb2b701f1e0>,28,18,[4 6],29,64,82,35,55
1,<environment.Job instance at 0x7fb2b701fa50>,33,12,[1 7],34,82,94,48,67
1,<environment.Job instance at 0x7fb2b70f20a0>,6,16,[7 2],7,7,23,0,7
1,<environment.Job instance at 0x7fb2b70f2e60>,4,13,[5 9],5,23,36,18,10
1,<environment.Job instance at 0x7fb2b74e9d70>,9,1,[9 2],10,36,37,26,11
1,<environment.Job instance at 0x7fb2b74e9cd0>,10,2,[4 5],11,37,39,26,12
1,<environment.Job instance at 0x7fb2b74e9e60>,11,1,[8 3],12,39,40,27,12
1,<environment.Job instance at 0x7fb2b74e9f50>,12,1,[3 8],13,13,14,0,13
1,<environment.Job instance at 0x7fb2b74e9780>,15,17,[3 5],16,40,57,24,37
1,<environment.Job instance at 0x7fb2b74e9be0>,17,1,[7 2],18,40,41,22,37
1,<environment.Job instance at 0x7fb2b74e9c30>,16,15,[ 5 10],17,57,72,40,45
1,<environment.Job instance at 0x7fb2b74d65a0>,20,15,[7 4],21,72,87,51,58
1,<environment.Job instance at 0x7fb2b7408050>,6,13,[3 6],7,7,20,0,7
1,<environment.Job instance at 0x7fb2b74d6f00>,4,2,[1 7],5,20,22,15,7
1,<environment.Job instance at 0x7fb2b7408320>,7,1,[9 4],8,22,23,14,8
1,<environment.Job instance at 0x7fb2b7408690>,11,3,[3 6],12,25,28,13,25
1,<environment.Job instance at 0x7fb2b7408a00>,16,16,[5 7],17,28,44,11,25
1,<environment.Job instance at 0x7fb2b7408be0>,19,15,[7 4],20,44,59,24,30
1,<environment.Job instance at 0x7fb2b7408c80>,20,17,[4 5],21,59,76,38,47
1,<environment.Job instance at 0x7fb2b74025a0>,27,17,[7 5],28,76,93,48,64
1,<environment.Job instance at 0x7fb301ca5140>,3,1,[2 8],4,4,5,0,4
1,<environment.Job instance at 0x7fb2b7402370>,1,14,[3 6],2,9,23,7,9
1,<environment.Job instance at 0x7fb301c779b0>,10,1,[5 1],11,11,12,0,11
1,<environment.Job instance at 0x7fb2fab8da00>,12,2,[1 5],13,23,25,10,13
1,<environment.Job instance at 0x7fb2fab8d730>,15,12,[2 5],16,25,37,9,25
1,<environment.Job instance at 0x7fb2fab8d780>,16,3,[2 7],17,37,40,20,25
1,<environment.Job instance at 0x7fb2fab8d690>,17,13,[ 1 10],18,40,53,22,26
1,<environment.Job instance at 0x7fb2fab8deb0>,18,3,[4 7],19,53,56,34,27
1,<environment.Job instance at 0x7fb301c77280>,6,15,[10  5],7,56,71,49,43
1,<environment.Job instance at 0x7fb2b7573b90>,28,14,[3 6],29,71,85,42,67
1,<environment.Job instance at 0x7fb2b7573a00>,29,3,[9 2],30,85,88,55,67
1,<environment.Job instance at 0x7fb2b7573280>,31,3,[10  4],32,88,91,56,69
1,<environment.Job instance at 0x7fb2b75732d0>,32,2,[6 4],33,71,73,38,69
1,<environment.Job instance at 0x7fb2b75732d0>,3,1,[5 2],4,4,5,0,4
1,<environment.Job instance at 0x7fb2b6f65f00>,6,13,[8 4],7,11,24,4,11
1,<environment.Job instance at 0x7fb2b757ea00>,14,2,[5 3],15,24,26,9,19
1,<environment.Job instance at 0x7fb2b757ef50>,15,15,[5 7],16,24,39,8,20
1,<environment.Job instance at 0x7fb30162a2d0>,17,16,[2 6],18,39,55,21,26
1,<environment.Job instance at 0x7fb2fae6dd20>,20,3,[9 1],21,55,58,34,36
1,<environment.Job instance at 0x7fb2fb1e3cd0>,22,2,[3 5],23,58,60,35,36
1,<environment.Job instance at 0x7fb2b71dd370>,23,17,[1 8],24,60,77,36,48
1,<environment.Job instance at 0x7fb2b71db730>,26,17,[9 1],27,60,77,33,53
1,<environment.Job instance at 0x7fb2b7573460>,2,13,[3 9],3,77,90,74,61
1,<environment.Job instance at 0x7fb2b769a780>,4,2,[4 9],5,5,7,0,5
1,<environment.Job instance at 0x7fb2faad0c80>,8,3,[9 1],9,9,12,0,9
1,<environment.Job instance at 0x7fb2b7201690>,6,18,[8 2],7,12,30,5,10
1,<environment.Job instance at 0x7fb2fac0c370>,12,3,[ 3 10],13,30,33,17,26
1,<environment.Job instance at 0x7fb2fae311e0>,13,15,[6 5],14,33,48,19,26
1,<environment.Job instance at 0x7fb2b72cd870>,16,14,[7 5],17,48,62,31,33
1,<environment.Job instance at 0x7fb2fac6a320>,3,14,[8 2],4,62,76,58,48
1,<environment.Job instance at 0x7fb2b72cd820>,22,12,[3 8],23,76,88,53,60
1,<environment.Job instance at 0x7fb3017c29b0>,4,14,[7 5],5,5,19,0,5
1,<environment.Job instance at 0x7fb3017c20f0>,5,12,[6 1],6,19,31,13,6
1,<environment.Job instance at 0x7fb3017c2410>,6,2,[ 3 10],7,31,33,24,7
1,<environment.Job instance at 0x7fb3017c2690>,7,3,[5 1],8,33,36,25,8
1,<environment.Job instance at 0x7fb3017c2c30>,8,2,[5 4],9,33,35,24,9
1,<environment.Job instance at 0x7fb3017c25f0>,12,2,[5 5],13,35,37,22,13
1,<environment.Job instance at 0x7fb3017c23c0>,13,1,[7 1],14,37,38,23,15
1,<environment.Job instance at 0x7fb3017c2500>,3,18,[ 1 10],4,38,56,34,28
1,<environment.Job instance at 0x7fb301bfb910>,20,12,[7 2],21,56,68,35,43
1,<environment.Job instance at 0x7fb301bfb1e0>,25,3,[7 2],26,68,71,42,45
1,<environment.Job instance at 0x7fb301bfbd20>,26,14,[9 2],27,71,85,44,56
1,<environment.Job instance at 0x7fb2fb11eeb0>,4,3,[7 4],5,5,8,0,5
1,<environment.Job instance at 0x7fb2fb118500>,1,13,[6 5],2,8,21,6,5
1,<environment.Job instance at 0x7fb2b6eba640>,6,2,[5 5],7,21,23,14,7
1,<environment.Job instance at 0x7fb301c83a00>,7,1,[10  3],8,23,24,15,8
1,<environment.Job instance at 0x7fb2b6eba230>,5,3,[9 4],6,24,27,18,9
1,<environment.Job instance at 0x7fb301c830f0>,10,15,[5 6],11,27,42,16,13
1,<environment.Job instance at 0x7fb2facf3af0>,11,2,[2 9],12,42,44,30,15
1,<environment.Job instance at 0x7fb2facf35f0>,16,14,[5 4],17,27,41,10,19
1,<environment.Job instance at 0x7fb301a260a0>,18,2,[4 5],19,44,46,25,27
1,<environment.Job instance at 0x7fb2fae4edc0>,20,17,[2 6],21,46,63,25,34
1,<environment.Job instance at 0x7fb2fb023b40>,8,17,[7 2],9,46,63,37,37
1,<environment.Job instance at 0x7fb2b75a5230>,25,3,[9 2],26,63,66,37,37
1,<environment.Job instance at 0x7fb2fb1874b0>,17,15,[10  1],18,66,81,48,63
1,<environment.Job instance at 0x7fb2b7605f50>,34,13,[1 8],35,81,94,46,65
1,<environment.Job instance at 0x7fb2b6df7b40>,0,2,[2 7],1,2,4,1,2
1,<environment.Job instance at 0x7fb3019b65f0>,7,12,[7 2],8,8,20,0,8
1,<environment.Job instance at 0x7fb3019b6280>,4,17,[5 1],5,20,37,15,9
1,<environment.Job instance at 0x7fb3018d5230>,9,12,[4 6],10,20,32,10,11
1,<environment.Job instance at 0x7fb3019b67d0>,11,3,[5 2],12,32,35,20,12
1,<environment.Job instance at 0x7fb2faed3460>,13,3,[4 7],14,35,38,21,15
1,<environment.Job instance at 0x7fb2b6dfca00>,17,15,[4 6],18,38,53,20,24
1,<environment.Job instance at 0x7fb2fae284b0>,21,2,[8 4],22,53,55,31,27
1,<environment.Job instance at 0x7fb3019b65a0>,5,15,[ 1 10],6,55,70,49,42
1,<environment.Job instance at 0x7fb2fad1e5a0>,2,3,[4 8],3,3,6,0,3
1,<environment.Job instance at 0x7fb2b6dac2d0>,3,13,[5 5],4,6,19,2,4
1,<environment.Job instance at 0x7fb3016235a0>,4,2,[1 6],5,19,21,14,6
1,<environment.Job instance at 0x7fb2fad1ee60>,5,14,[4 6],6,21,35,15,9
1,<environment.Job instance at 0x7fb2b6ed0d20>,10,2,[3 9],11,35,37,24,15
1,<environment.Job instance at 0x7fb2b6ed0e10>,13,3,[10  3],14,37,40,23,17
1,<environment.Job instance at 0x7fb2b6ed0e60>,11,2,[7 1],12,35,37,23,27
1,<environment.Job instance at 0x7fb2b6ede280>,16,14,[6 4],17,40,54,23,27
1,<environment.Job instance at 0x7fb2b6ede7d0>,23,12,[7 4],24,54,66,30,37
1,<environment.Job instance at 0x7fb2b6edefa0>,30,14,[ 2 10],31,66,80,35,51
1,<environment.Job instance at 0x7fb2b6edef50>,28,12,[ 4 10],29,80,92,51,64
1,<environment.Job instance at 0x7fb2b7309fa0>,4,2,[9 3],5,5,7,0,5
1,<environment.Job instance at 0x7fb2b7309640>,3,14,[3 6],4,7,21,3,5
1,<environment.Job instance at 0x7fb2b7309a00>,10,14,[1 5],11,21,35,10,12
1,<environment.Job instance at 0x7fb2b7309280>,8,16,[9 4],9,21,37,12,20
1,<environment.Job instance at 0x7fb301a98820>,14,13,[2 6],15,37,50,22,23
1,<environment.Job instance at 0x7fb301a98550>,16,18,[7 4],17,37,55,20,28
1,<environment.Job instance at 0x7fb301a982d0>,18,14,[1 7],19,55,69,36,41
1,<environment.Job instance at 0x7fb301a98640>,21,13,[6 3],22,57,70,35,57
1,<environment.Job instance at 0x7fb301707410>,22,14,[3 9],23,70,84,47,60
1,<environment.Job instance at 0x7fb2b6e0c3c0>,6,12,[3 9],7,16,28,9,16
1,<environment.Job instance at 0x7fb2b6e0c5a0>,9,18,[6 1],10,17,35,7,17
1,<environment.Job instance at 0x7fb2b6e0c140>,11,3,[2 6],12,28,31,16,18
1,<environment.Job instance at 0x7fb2b6e0ce60>,10,15,[2 8],11,31,46,20,20
1,<environment.Job instance at 0x7fb2b6e0c9b0>,17,16,[1 7],18,46,62,28,33
1,<environment.Job instance at 0x7fb2b762d0a0>,3,16,[8 1],4,35,51,31,35
1,<environment.Job instance at 0x7fb2fac04410>,22,1,[5 1],23,51,52,28,39
1,<environment.Job instance at 0x7fb2fac04370>,24,13,[8 2],25,52,65,27,42
1,<environment.Job instance at 0x7fb2fac04e10>,25,1,[6 4],26,65,66,39,42
1,<environment.Job instance at 0x7fb2fac04050>,26,3,[6 1],27,66,69,39,42
1,<environment.Job instance at 0x7fb2fac040a0>,28,13,[2 5],29,62,75,33,46
1,<environment.Job instance at 0x7fb2fac04820>,29,1,[8 1],30,69,70,39,46
1,<environment.Job instance at 0x7fb2b7318690>,32,15,[ 2 10],33,75,90,42,61
1,<environment.Job instance at 0x7fb2b733feb0>,0,2,[5 5],1,4,6,3,4
1,<environment.Job instance at 0x7fb2b7318280>,5,18,[7 5],6,6,24,0,6
1,<environment.Job instance at 0x7fb2b7075b40>,8,13,[1 5],9,9,22,0,9
1,<environment.Job instance at 0x7fb2b7075d70>,11,1,[8 4],12,24,25,12,12
1,<environment.Job instance at 0x7fb2b733f5a0>,2,13,[2 9],3,25,38,22,12
1,<environment.Job instance at 0x7fb2b7075d20>,12,1,[2 5],13,22,23,9,13
1,<environment.Job instance at 0x7fb2b7067050>,13,2,[ 4 10],14,38,40,24,14
1,<environment.Job instance at 0x7fb2b70670a0>,15,3,[5 6],16,40,43,24,16
1,<environment.Job instance at 0x7fb2b7067410>,16,1,[2 6],17,24,25,7,17
1,<environment.Job instance at 0x7fb2b7067780>,20,1,[ 2 10],21,43,44,22,29
1,<environment.Job instance at 0x7fb2b70676e0>,21,2,[1 5],22,44,46,22,29
1,<environment.Job instance at 0x7fb2b70678c0>,23,14,[ 5 10],24,46,60,22,31
1,<environment.Job instance at 0x7fb2b7067a00>,25,3,[9 2],26,60,63,34,34
1,<environment.Job instance at 0x7fb2b7067fa0>,30,13,[5 6],31,63,76,32,48
1,<environment.Job instance at 0x7fb2b709a280>,32,12,[10  4],33,76,88,43,59
1,<environment.Job instance at 0x7fb2b726a550>,6,17,[2 5],7,7,24,0,7
1,<environment.Job instance at 0x7fb2b726a280>,9,13,[6 4],10,11,24,1,11
1,<environment.Job instance at 0x7fb2b726a500>,10,3,[8 3],11,24,27,13,13
1,<environment.Job instance at 0x7fb2b726aaf0>,12,2,[3 6],13,27,29,14,14
1,<environment.Job instance at 0x7fb2b726af00>,8,12,[9 3],9,29,41,20,19
1,<environment.Job instance at 0x7fb301a01d20>,14,12,[9 1],15,41,53,26,26
1,<environment.Job instance at 0x7fb2b709a5f0>,2,15,[8 4],3,53,68,50,39
1,<environment.Job instance at 0x7fb301b06e60>,22,13,[7 2],23,68,81,45,52
1,<environment.Job instance at 0x7fb301b06320>,23,3,[8 2],24,81,84,57,55
1,<environment.Job instance at 0x7fb301b06640>,25,3,[5 3],26,84,87,58,60
1,<environment.Job instance at 0x7fb301b06d70>,27,3,[1 9],28,87,90,59,61
1,<environment.Job instance at 0x7fb2b74b25a0>,2,1,[5 9],3,3,4,0,3
1,<environment.Job instance at 0x7fb301a81fa0>,3,1,[2 6],4,4,5,0,4
1,<environment.Job instance at 0x7fb2b74b2e60>,0,12,[5 6],1,9,21,8,9
1,<environment.Job instance at 0x7fb2b72e40a0>,9,3,[1 7],10,21,24,11,10
1,<environment.Job instance at 0x7fb3015b9f50>,10,2,[1 6],11,24,26,13,11
1,<environment.Job instance at 0x7fb2b72e40f0>,13,2,[2 7],14,26,28,12,14
1,<environment.Job instance at 0x7fb3015b9320>,12,14,[ 4 10],13,28,42,15,15
1,<environment.Job instance at 0x7fb3015b9c30>,14,3,[10  5],15,42,45,27,20
1,<environment.Job instance at 0x7fb301cb5140>,16,12,[8 4],17,45,57,28,28
1,<environment.Job instance at 0x7fb2fae50190>,6,18,[6 4],7,57,75,50,46
1,<environment.Job instance at 0x7fb2fb165aa0>,23,16,[2 6],24,46,62,22,46
1,<environment.Job instance at 0x7fb2fab931e0>,24,2,[6 1],25,75,77,50,48
1,<environment.Job instance at 0x7fb2fb219af0>,26,12,[2 7],27,75,87,48,58
1,<environment.Job instance at 0x7fb2b6f5a780>,29,2,[9 3],30,87,89,57,60
1,<environment.Job instance at 0x7fb3016bbe10>,30,13,[4 6],31,62,75,31,61
1,<environment.Job instance at 0x7fb301657190>,6,1,[9 2],7,22,23,15,22
1,<environment.Job instance at 0x7fb301657230>,7,1,[5 3],8,23,24,15,22
1,<environment.Job instance at 0x7fb3016575f0>,9,3,[10  1],10,24,27,14,22
1,<environment.Job instance at 0x7fb301657af0>,5,3,[2 8],6,27,30,21,22
1,<environment.Job instance at 0x7fb3016570a0>,13,13,[8 4],14,30,43,16,22
1,<environment.Job instance at 0x7fb2b7304eb0>,12,3,[10  4],13,43,46,30,22
1,<environment.Job instance at 0x7fb2fadb6af0>,16,1,[5 2],17,23,24,6,22
1,<environment.Job instance at 0x7fb301657500>,14,3,[9 3],15,46,49,31,23
1,<environment.Job instance at 0x7fb2b75fc140>,19,13,[8 2],20,49,62,29,35
1,<environment.Job instance at 0x7fb2b7619410>,17,13,[10  4],18,62,75,44,50
1,<environment.Job instance at 0x7fb2b7678460>,24,3,[10  2],25,75,78,50,56
1,<environment.Job instance at 0x7fb2b6defc30>,28,2,[1 9],29,78,80,49,61
1,<environment.Job instance at 0x7fb2b6def410>,29,14,[5 1],30,78,92,48,63
1,<environment.Job instance at 0x7fb2b7352a50>,0,12,[4 8],1,80,92,79,63
1,<environment.Job instance at 0x7fb2b6e220a0>,31,2,[ 5 10],32,92,94,60,65
1,<environment.Job instance at 0x7fb2fab65a50>,1,3,[7 4],2,2,5,0,2
1,<environment.Job instance at 0x7fb2fac48d70>,9,3,[ 3 10],10,10,13,0,10
1,<environment.Job instance at 0x7fb2fab65960>,5,13,[9 1],6,13,26,7,10
1,<environment.Job instance at 0x7fb2fac48550>,7,15,[3 6],8,26,41,18,15
1,<environment.Job instance at 0x7fb2fac48a00>,14,13,[3 6],15,41,54,26,25
1,<environment.Job instance at 0x7fb3018e7280>,21,2,[2 9],22,54,56,32,27
1,<environment.Job instance at 0x7fb3018e7910>,16,13,[8 1],17,54,67,37,48
1,<environment.Job instance at 0x7fb2b711b960>,27,16,[5 4],28,67,83,39,57
1,<environment.Job instance at 0x7fb2b711bc30>,29,18,[5 1],30,69,87,39,69
1,<environment.Job instance at 0x7fb2b6f24140>,1,16,[4 6],2,2,18,0,2
1,<environment.Job instance at 0x7fb2b6f24a00>,3,3,[2 7],4,18,21,14,5
1,<environment.Job instance at 0x7fb3019d00f0>,5,3,[10  5],6,21,24,15,6
1,<environment.Job instance at 0x7fb2b6f24820>,4,1,[4 6],5,24,25,19,10
1,<environment.Job instance at 0x7fb3019d0af0>,9,3,[6 2],10,13,16,3,13
1,<environment.Job instance at 0x7fb3019d01e0>,13,3,[10  4],14,25,28,11,14
1,<environment.Job instance at 0x7fb3019d0870>,10,13,[1 5],11,28,41,17,16
1,<environment.Job instance at 0x7fb3019d0b90>,12,14,[3 7],13,41,55,28,26
1,<environment.Job instance at 0x7fb3019d0aa0>,8,16,[ 5 10],9,55,71,46,43
1,<environment.Job instance at 0x7fb2faf581e0>,18,18,[ 5 10],19,71,89,52,60
1,<environment.Job instance at 0x7f93a987d0a0>,2,12,[5 4],3,3,15,0,3
1,<environment.Job instance at 0x7f93a446d230>,5,13,[5 9],6,15,28,9,6
1,<environment.Job instance at 0x7f93a446d690>,8,17,[ 2 10],9,28,45,19,16
1,<environment.Job instance at 0x7f93a446d3c0>,11,2,[3 9],12,45,47,33,30
1,<environment.Job instance at 0x7f93a446d960>,12,3,[6 3],13,47,50,34,30
1,<environment.Job instance at 0x7f93a446d1e0>,13,13,[1 8],14,50,63,36,34
1,<environment.Job instance at 0x7f93a446daa0>,14,12,[3 7],15,63,75,48,46
1,<environment.Job instance at 0x7f93a446dc80>,17,3,[10  3],18,75,78,57,49
1,<environment.Job instance at 0x7f93a446dd70>,18,16,[8 5],19,78,94,59,65
1,<environment.Job instance at 0x7f93a99e4c80>,0,2,[10  3],1,1,3,0,1
1,<environment.Job instance at 0x7f93a4477b90>,3,3,[9 2],4,4,7,0,4
1,<environment.Job instance at 0x7f93a99f7730>,6,3,[5 6],7,7,10,0,7
1,<environment.Job instance at 0x7f93a99f7320>,7,2,[ 4 10],8,10,12,2,8
1,<environment.Job instance at 0x7f93a99f7780>,8,12,[3 5],9,14,26,5,14
1,<environment.Job instance at 0x7f93a99ed4b0>,14,2,[4 7],15,26,28,11,23
1,<environment.Job instance at 0x7f93a99f1730>,17,3,[5 3],18,23,26,5,23
1,<environment.Job instance at 0x7f93a99f14b0>,19,2,[10  4],20,28,30,8,23
1,<environment.Job instance at 0x7f93a99f1780>,20,18,[7 5],21,30,48,9,23
1,<environment.Job instance at 0x7f93a99f1f50>,21,1,[9 4],22,48,49,26,23
1,<environment.Job instance at 0x7f93a98a5910>,23,17,[5 6],24,52,69,28,52
1,<environment.Job instance at 0x7f93a98a55f0>,25,1,[3 6],26,69,70,43,52
1,<environment.Job instance at 0x7f93a98a5cd0>,27,3,[7 4],28,69,72,41,52
1,<environment.Job instance at 0x7f93a98a53c0>,26,12,[2 6],27,70,82,43,53
1,<environment.Job instance at 0x7f93a98a5960>,29,3,[5 3],30,53,56,23,53
1,<environment.Job instance at 0x7f93a99f70f0>,9,13,[7 2],10,72,85,62,58
1,<environment.Job instance at 0x7f93a99f0780>,34,12,[6 1],35,85,97,50,70
1,<environment.Job instance at 0x7f93a99f0fa0>,38,3,[2 7],39,82,85,43,73
1,<environment.Job instance at 0x7f93a99f0b90>,39,16,[1 8],40,85,101,45,73
1,<environment.Job instance at 0x7f93a99f0a50>,40,2,[5 6],41,101,103,60,74
1,<environment.Job instance at 0x7f93a99f0a50>,4,13,[1 9],5,5,18,0,5
1,<environment.Job instance at 0x7f935e85ecd0>,5,3,[5 5],6,18,21,12,7
1,<environment.Job instance at 0x7f935e85e460>,10,3,[9 1],11,11,14,0,11
1,<environment.Job instance at 0x7f935e85e690>,11,14,[5 3],12,18,32,6,13
1,<environment.Job instance at 0x7f935e8487d0>,14,1,[9 4],15,32,33,17,15
1,<environment.Job instance at 0x7f935e848550>,16,1,[7 4],17,33,34,16,17
1,<environment.Job instance at 0x7f935e8485a0>,17,13,[ 4 10],18,34,47,16,18
1,<environment.Job instance at 0x7f935e848af0>,20,12,[2 5],21,47,59,26,37
1,<environment.Job instance at 0x7f935e848960>,27,2,[9 3],28,59,61,31,39
1,<environment.Job instance at 0x7f935e848190>,28,14,[8 5],29,61,75,32,46
1,<environment.Job instance at 0x7f935e865f50>,31,3,[8 2],32,49,52,17,49
1,<environment.Job instance at 0x7f935e8650f0>,33,3,[5 4],34,53,56,19,53
1,<environment.Job instance at 0x7f935e85ef00>,9,16,[3 5],10,75,91,65,62
1,<environment.Job instance at 0x7f935e865c30>,37,3,[4 9],38,91,94,53,72
1,<environment.Job instance at 0x7f935e865320>,38,2,[ 3 10],39,94,96,55,72
1,<environment.Job instance at 0x7f935e8655f0>,39,1,[10  3],40,96,97,56,72
1,<environment.Job instance at 0x7f935e865fa0>,40,2,[3 8],41,97,99,56,72
1,<environment.Job instance at 0x7f935e841e60>,5,3,[6 4],6,7,10,1,7
1,<environment.Job instance at 0x7f935e8414b0>,4,15,[9 5],5,10,25,5,8
1,<environment.Job instance at 0x7f935eb26460>,10,18,[8 5],11,25,43,14,14
1,<environment.Job instance at 0x7f935eb26d70>,12,13,[2 5],13,25,38,12,17
1,<environment.Job instance at 0x7f935eb26910>,13,14,[3 5],14,43,57,29,28
1,<environment.Job instance at 0x7f935eb262d0>,14,17,[1 9],15,57,74,42,46
1,<environment.Job instance at 0x7f935e8390a0>,27,14,[3 5],28,74,88,46,59
1,<environment.Job instance at 0x7f935e839af0>,28,21,[5 1],29,59,80,30,59
1,<environment.Job instance at 0x7f935e839f50>,29,1,[8 5],30,88,89,58,60
1,<environment.Job instance at 0x7f935e839e10>,30,1,[9 5],31,89,90,58,61
1,<environment.Job instance at 0x7f935ec5b050>,24,18,[10  2],25,90,108,65,79
1,<environment.Job instance at 0x7f935e6b8500>,2,2,[9 3],3,3,5,0,3
1,<environment.Job instance at 0x7f935e839140>,3,15,[7 4],4,5,20,1,4
1,<environment.Job instance at 0x7f935e6b8870>,4,3,[5 8],5,20,23,15,5
1,<environment.Job instance at 0x7f935ee116e0>,5,2,[2 6],6,6,8,0,6
1,<environment.Job instance at 0x7f935ee11aa0>,8,2,[1 7],9,23,25,14,9
1,<environment.Job instance at 0x7f935ee11be0>,9,3,[8 4],10,25,28,15,10
1,<environment.Job instance at 0x7f935ee11cd0>,10,13,[ 4 10],11,28,41,17,12
1,<environment.Job instance at 0x7f935ee2d500>,18,14,[10  4],19,41,55,22,26
1,<environment.Job instance at 0x7f935e6b87d0>,0,14,[ 3 10],1,55,69,54,40
1,<environment.Job instance at 0x7f935ee2d870>,21,15,[3 5],22,69,84,47,55
1,<environment.Job instance at 0x7f935ee2da50>,24,12,[3 5],25,69,81,44,55
1,<environment.Job instance at 0x7f935ee2de10>,29,1,[4 6],30,84,85,54,62
1,<environment.Job instance at 0x7f935ee2dc80>,30,1,[2 5],31,81,82,50,62
1,<environment.Job instance at 0x7f935ee2dd70>,31,14,[3 6],32,85,99,53,70
1,<environment.Job instance at 0x7f935ee2de60>,32,15,[7 3],33,85,100,52,71
1,<environment.Job instance at 0x7f93a45eba50>,0,16,[1 9],1,8,24,7,8
1,<environment.Job instance at 0x7f93a45ebcd0>,8,14,[2 7],9,24,38,15,10
1,<environment.Job instance at 0x7f93a47242d0>,10,2,[9 4],11,38,40,27,11
1,<environment.Job instance at 0x7f93a4724780>,9,17,[5 1],10,14,31,4,14
1,<environment.Job instance at 0x7f93a4724370>,12,13,[8 1],13,40,53,27,25
1,<environment.Job instance at 0x7f93a47da370>,16,13,[1 6],17,38,51,21,25
1,<environment.Job instance at 0x7f93a47da1e0>,18,13,[8 2],19,53,66,34,37
1,<environment.Job instance at 0x7f93a47da050>,17,14,[10  3],18,66,80,48,51
1,<environment.Job instance at 0x7f93a45a1b90>,26,13,[8 4],27,80,93,53,66
1,<environment.Job instance at 0x7f93a45a1460>,27,14,[9 1],28,93,107,65,79
1,<environment.Job instance at 0x7f93a6aca8c0>,2,3,[1 7],3,4,7,1,4
1,<environment.Job instance at 0x7f93a6acad70>,8,1,[2 5],9,9,10,0,9
1,<environment.Job instance at 0x7f93a473dd20>,9,3,[4 8],10,11,14,1,11
1,<environment.Job instance at 0x7f93a473d050>,14,2,[4 9],15,18,20,3,18
1,<environment.Job instance at 0x7f93a4544fa0>,15,2,[7 5],16,20,22,4,19
1,<environment.Job instance at 0x7f935e71dd20>,17,18,[6 2],18,22,40,4,21
1,<environment.Job instance at 0x7f935ed2d690>,18,3,[9 1],19,40,43,21,21
1,<environment.Job instance at 0x7f935ed3ddc0>,22,3,[ 3 10],23,43,46,20,40
1,<environment.Job instance at 0x7f93a44ee960>,23,15,[6 5],24,46,61,22,40
1,<environment.Job instance at 0x7f93a482f820>,29,3,[3 6],30,61,64,31,40
1,<environment.Job instance at 0x7f93a482fe60>,30,3,[7 3],31,61,64,30,40
1,<environment.Job instance at 0x7f93a46d1230>,28,14,[3 8],29,64,78,35,49
1,<environment.Job instance at 0x7f93a4401870>,34,13,[1 9],35,78,91,43,65
1,<environment.Job instance at 0x7f93a473dfa0>,10,14,[ 4 10],11,91,105,80,77
1,<environment.Job instance at 0x7f935eb265f0>,1,3,[1 6],2,2,5,0,2
1,<environment.Job instance at 0x7f93a473dfa0>,4,14,[7 5],5,5,19,0,5
1,<environment.Job instance at 0x7f935e9abc30>,5,12,[6 1],6,19,31,13,6
1,<environment.Job instance at 0x7f935e9abd70>,6,2,[ 3 10],7,31,33,24,7
1,<environment.Job instance at 0x7f935e9abe60>,7,3,[5 1],8,33,36,25,8
1,<environment.Job instance at 0x7f935e9abf50>,8,2,[5 4],9,33,35,24,9
1,<environment.Job instance at 0x7f93a4734d20>,0,18,[5 9],1,35,53,34,24
1,<environment.Job instance at 0x7f935e9a3aa0>,20,12,[7 2],21,53,65,32,36
1,<environment.Job instance at 0x7f935e9a3be0>,22,3,[1 9],23,65,68,42,49
1,<environment.Job instance at 0x7f935e9a3c80>,23,2,[6 5],24,68,70,44,49
1,<environment.Job instance at 0x7f935e9a3c30>,25,3,[7 2],26,70,73,44,49
1,<environment.Job instance at 0x7f935e9a3e10>,26,14,[9 2],27,73,87,46,58
1,<environment.Job instance at 0x7f935e9a3f50>,27,17,[3 8],28,87,104,59,75
1,<environment.Job instance at 0x7f935e99a190>,3,3,[8 1],4,5,8,1,5
1,<environment.Job instance at 0x7f935e5db780>,6,14,[5 4],7,9,23,2,9
1,<environment.Job instance at 0x7f93a6fee4b0>,14,12,[3 5],15,15,27,0,15
1,<environment.Job instance at 0x7f935e5dbe10>,0,15,[5 6],1,27,42,26,20
1,<environment.Job instance at 0x7f935eab4370>,23,13,[7 5],24,42,55,18,36
1,<environment.Job instance at 0x7f935e8c1e60>,25,3,[10  4],26,55,58,29,36
1,<environment.Job instance at 0x7f93a44a50f0>,27,2,[ 2 10],28,58,60,30,40
1,<environment.Job instance at 0x7f93a457e2d0>,29,16,[5 3],30,60,76,30,57
1,<environment.Job instance at 0x7f935e7be820>,26,14,[1 7],27,60,74,33,58
1,<environment.Job instance at 0x7f93a42299b0>,31,2,[2 6],32,74,76,42,58
1,<environment.Job instance at 0x7f93a42a10f0>,24,13,[1 8],25,76,89,51,60
1,<environment.Job instance at 0x7f93a441c0f0>,37,13,[ 4 10],38,89,102,51,75
1,<environment.Job instance at 0x7f93a4902730>,6,3,[8 3],7,9,12,2,9
1,<environment.Job instance at 0x7f93a42a5140>,4,16,[4 5],5,12,28,7,10
1,<environment.Job instance at 0x7f935ecffa00>,11,3,[6 4],12,13,16,1,13
1,<environment.Job instance at 0x7f93a4934820>,10,12,[1 7],11,28,40,17,14
1,<environment.Job instance at 0x7f935ede4050>,15,2,[6 3],16,16,18,0,16
1,<environment.Job instance at 0x7f93a4851b90>,17,3,[8 1],18,28,31,10,20
1,<environment.Job instance at 0x7f93a43160a0>,14,12,[9 1],15,31,43,16,22
1,<environment.Job instance at 0x7f93a43fd460>,19,13,[7 4],20,43,56,23,35
1,<environment.Job instance at 0x7f93a4490690>,23,15,[4 9],24,56,71,32,44
1,<environment.Job instance at 0x7f93a43d75f0>,27,1,[2 6],28,46,47,18,46
1,<environment.Job instance at 0x7f93a48ff0f0>,28,3,[8 3],29,71,74,42,46
1,<environment.Job instance at 0x7f935ede40f0>,12,17,[ 2 10],13,74,91,61,63
1,<environment.Job instance at 0x7f93a44d16e0>,32,15,[4 8],33,91,106,58,77
1,<environment.Job instance at 0x7f93a44d15a0>,3,18,[5 5],4,6,24,2,6
1,<environment.Job instance at 0x7f93a477ee10>,4,16,[5 5],5,7,23,2,7
1,<environment.Job instance at 0x7f935e78a640>,6,13,[3 9],7,24,37,17,9
1,<environment.Job instance at 0x7f935e78ab40>,11,3,[1 9],12,37,40,25,12
1,<environment.Job instance at 0x7f935e78ad20>,13,12,[2 6],14,40,52,26,24
1,<environment.Job instance at 0x7f935e78abe0>,16,13,[5 5],17,52,65,35,36
1,<environment.Job instance at 0x7f935e78afa0>,19,1,[5 4],20,40,41,20,39
1,<environment.Job instance at 0x7f935e77c460>,23,1,[10  1],24,65,66,41,54
1,<environment.Job instance at 0x7f935e77c550>,25,18,[5 5],26,66,84,40,55
1,<environment.Job instance at 0x7f935e77c500>,27,2,[10  3],28,84,86,56,57
1,<environment.Job instance at 0x7f935e77c6e0>,3,2,[3 5],4,4,6,0,4
1,<environment.Job instance at 0x7f93a6b34c80>,4,14,[6 4],5,6,20,1,6
1,<environment.Job instance at 0x7f93a6b34460>,7,2,[6 3],8,20,22,12,8
1,<environment.Job instance at 0x7f93a6b34be0>,8,2,[2 8],9,22,24,13,9
1,<environment.Job instance at 0x7f93a6b34320>,9,12,[9 4],10,24,36,14,10
1,<environment.Job instance at 0x7f93a46a6500>,10,2,[5 4],11,36,38,25,11
1,<environment.Job instance at 0x7f93a46a61e0>,11,2,[3 8],12,38,40,26,12
1,<environment.Job instance at 0x7f93a46a6230>,12,1,[6 3],13,40,41,27,13
1,<environment.Job instance at 0x7f93a46a6e60>,15,2,[ 2 10],16,41,43,25,25
1,<environment.Job instance at 0x7f93a6d06960>,20,1,[8 1],21,43,44,22,29
1,<environment.Job instance at 0x7f93a6d06cd0>,22,2,[3 6],23,36,38,13,29
1,<environment.Job instance at 0x7f93a6d06320>,24,3,[4 5],25,44,47,19,29
1,<environment.Job instance at 0x7f93a6d064b0>,26,3,[5 8],27,47,50,20,29
1,<environment.Job instance at 0x7f93a6d06640>,28,3,[6 1],29,44,47,15,30
1,<environment.Job instance at 0x7f93a6d1c4b0>,29,3,[8 2],30,50,53,20,30
1,<environment.Job instance at 0x7f93a45071e0>,32,3,[5 9],33,53,56,20,44
1,<environment.Job instance at 0x7f93a45077d0>,33,16,[8 1],34,56,72,22,45
1,<environment.Job instance at 0x7f93a4507910>,36,12,[3 9],37,72,84,35,64
1,<environment.Job instance at 0x7f93a4507320>,39,18,[6 1],40,72,90,32,64
1,<environment.Job instance at 0x7f93a4507fa0>,41,3,[2 6],42,64,67,22,64
1,<environment.Job instance at 0x7f93a4507280>,38,16,[4 8],39,84,100,45,72
1,<environment.Job instance at 0x7f93a7121820>,6,3,[7 4],7,7,10,0,7
1,<environment.Job instance at 0x7f93a7121500>,7,13,[9 1],8,10,23,2,10
1,<environment.Job instance at 0x7f93a6c15a00>,11,3,[9 1],12,23,26,11,12
1,<environment.Job instance at 0x7f93a6c15dc0>,15,12,[2 8],16,26,38,10,16
1,<environment.Job instance at 0x7f93a6c152d0>,19,15,[2 6],20,38,53,18,25
1,<environment.Job instance at 0x7f93a6c15a50>,20,2,[5 5],21,53,55,32,26
1,<environment.Job instance at 0x7f93a6c151e0>,22,13,[2 9],23,55,68,32,39
1,<environment.Job instance at 0x7f93a6c15fa0>,14,13,[4 8],15,68,81,53,53
1,<environment.Job instance at 0x7f93a421eaf0>,32,1,[2 5],33,81,82,48,69
1,<environment.Job instance at 0x7f93a421e0f0>,33,2,[ 4 10],34,82,84,48,69
1,<environment.Job instance at 0x7f93a6c15910>,21,14,[9 4],22,84,98,62,69
1,<environment.Job instance at 0x7f93a421efa0>,35,3,[5 6],36,98,101,62,72
1,<environment.Job instance at 0x7f93a4859eb0>,0,3,[2 8],1,2,5,1,2
1,<environment.Job instance at 0x7f93a6d7c2d0>,3,1,[8 5],4,5,6,1,4
1,<environment.Job instance at 0x7f935e71ae60>,5,3,[7 5],6,6,9,0,6
1,<environment.Job instance at 0x7f93a6a98f50>,7,12,[2 8],8,10,22,2,10
1,<environment.Job instance at 0x7f93a6a88730>,10,13,[2 6],11,22,35,11,11
1,<environment.Job instance at 0x7f93a6a98fa0>,8,18,[5 3],9,22,40,13,13
1,<environment.Job instance at 0x7f93a6a98d20>,9,12,[4 6],10,35,47,25,18
1,<environment.Job instance at 0x7f93a6a888c0>,18,12,[9 3],19,47,59,28,32
1,<environment.Job instance at 0x7f93a6a88e60>,14,15,[5 6],15,59,74,44,46
1,<environment.Job instance at 0x7f935e760a50>,25,15,[3 9],26,74,89,48,61
1,<environment.Job instance at 0x7f93a6a98cd0>,6,17,[2 6],7,89,106,82,77
1,<environment.Job instance at 0x7f935e753b90>,32,13,[7 2],33,89,102,56,77
1,<environment.Job instance at 0x7f935e6b9870>,2,1,[5 9],3,3,4,0,3
1,<environment.Job instance at 0x7f93a4991140>,3,1,[2 6],4,5,6,1,5
1,<environment.Job instance at 0x7f935e6b93c0>,0,12,[5 6],1,6,18,5,5
1,<environment.Job instance at 0x7f93a498e870>,4,13,[2 7],5,18,31,13,7
1,<environment.Job instance at 0x7f93a6e69b40>,9,3,[1 7],10,31,34,21,12
1,<environment.Job instance at 0x7f93a977f640>,14,3,[10  5],15,34,37,19,16
1,<environment.Job instance at 0x7f935ec23b90>,15,16,[7 3],16,37,53,21,24
1,<environment.Job instance at 0x7f93a451c820>,16,12,[8 4],17,53,65,36,36
1,<environment.Job instance at 0x7f935ee0f140>,23,16,[2 6],24,40,56,16,40
1,<environment.Job instance at 0x7f935eb2a960>,26,12,[2 7],27,65,77,38,48
1,<environment.Job instance at 0x7f93a4926140>,29,2,[9 3],30,77,79,47,51
1,<environment.Job instance at 0x7f935e6b5140>,33,18,[4 6],34,79,97,45,68
1,<environment.Job instance at 0x7f93a6b61640>,6,1,[5 2],7,7,8,0,7
1,<environment.Job instance at 0x7f935e524960>,5,16,[7 3],6,8,24,2,8
1,<environment.Job instance at 0x7f935e524820>,7,13,[10  4],8,24,37,16,8
1,<environment.Job instance at 0x7f935e453a50>,14,3,[10  2],15,37,40,22,21
1,<environment.Job instance at 0x7f935e453e60>,19,14,[5 1],20,40,54,20,29
1,<environment.Job instance at 0x7f935e4531e0>,12,16,[5 4],13,40,56,27,30
1,<environment.Job instance at 0x7f935e453960>,21,2,[ 5 10],22,56,58,34,30
1,<environment.Job instance at 0x7f935e453dc0>,23,3,[6 2],24,58,61,34,35
1,<environment.Job instance at 0x7f935e453eb0>,25,3,[9 2],26,61,64,35,37
1,<environment.Job instance at 0x7f935e453320>,27,3,[8 1],28,64,67,36,45
1,<environment.Job instance at 0x7f935e453b40>,28,3,[10  4],29,67,70,38,45
1,<environment.Job instance at 0x7f935e46caf0>,31,1,[2 5],32,54,55,22,54
1,<environment.Job instance at 0x7f935e46c190>,32,13,[ 3 10],33,70,83,37,59
1,<environment.Job instance at 0x7f935e46c910>,34,1,[5 5],35,83,84,48,69
1,<environment.Job instance at 0x7f935e46c7d0>,35,14,[5 7],36,84,98,48,69
1,<environment.Job instance at 0x7f935e4450a0>,0,3,[ 4 10],1,3,6,2,3
1,<environment.Job instance at 0x7f93a4895b40>,1,2,[2 9],2,8,10,6,8
1,<environment.Job instance at 0x7f93a4939b90>,9,18,[5 1],10,16,34,6,16
1,<environment.Job instance at 0x7f93a4939eb0>,10,16,[1 7],11,18,34,7,18
1,<environment.Job instance at 0x7f93a4939d70>,11,12,[2 6],12,34,46,22,18
1,<environment.Job instance at 0x7f93a4953f00>,14,3,[8 2],15,34,37,19,19
1,<environment.Job instance at 0x7f93a4939910>,7,16,[5 4],8,37,53,29,25
1,<environment.Job instance at 0x7f93a4940910>,18,3,[ 4 10],19,53,56,34,27
1,<environment.Job instance at 0x7f93a4940e10>,21,16,[5 5],22,56,72,34,43
1,<environment.Job instance at 0x7f93a4940b90>,22,18,[2 5],23,56,74,33,45
1,<environment.Job instance at 0x7f93a494e190>,24,14,[ 3 10],25,74,88,49,59
1,<environment.Job instance at 0x7f93a4940af0>,19,12,[3 9],20,88,100,68,72
1,<environment.Job instance at 0x7f93a963a0f0>,3,1,[1 7],4,4,5,0,4
1,<environment.Job instance at 0x7f935e5835a0>,6,3,[8 2],7,12,15,5,12
1,<environment.Job instance at 0x7f935e5830f0>,7,18,[1 9],8,19,37,11,19
1,<environment.Job instance at 0x7f93a421af00>,14,17,[10  5],15,37,54,22,28
1,<environment.Job instance at 0x7f93a4783b90>,17,15,[ 4 10],18,54,69,36,43
1,<environment.Job instance at 0x7f93a424df50>,19,1,[7 1],20,69,70,49,48
1,<environment.Job instance at 0x7f93a424daa0>,20,3,[5 1],21,70,73,49,48
1,<environment.Job instance at 0x7f935ecaa780>,23,13,[3 9],24,69,82,45,53
1,<environment.Job instance at 0x7f935ecaa5f0>,25,3,[6 4],26,82,85,56,63
1,<environment.Job instance at 0x7f935ecaa640>,26,13,[1 6],27,82,95,55,66
1,<environment.Job instance at 0x7f93a714c820>,9,3,[5 4],10,17,20,7,17
1,<environment.Job instance at 0x7f93a6ed36e0>,10,2,[3 5],11,17,19,6,17
1,<environment.Job instance at 0x7f935e56ea00>,12,2,[1 9],13,20,22,7,17
1,<environment.Job instance at 0x7f93a714cf00>,13,1,[3 7],14,22,23,8,17
1,<environment.Job instance at 0x7f935eb430f0>,14,3,[8 5],15,23,26,8,17
1,<environment.Job instance at 0x7f935eb4b9b0>,15,2,[9 5],16,26,28,10,17
1,<environment.Job instance at 0x7f93a47ee460>,8,3,[9 5],9,28,31,19,18
1,<environment.Job instance at 0x7f93a6b622d0>,19,15,[6 4],20,31,46,11,20
1,<environment.Job instance at 0x7f935e6af690>,20,2,[7 5],21,46,48,25,21
1,<environment.Job instance at 0x7f935ecc7460>,23,1,[9 4],24,48,49,24,24
1,<environment.Job instance at 0x7f93a6a442d0>,21,2,[ 2 10],22,49,51,27,26
1,<environment.Job instance at 0x7f935e523230>,18,14,[5 4],19,51,65,32,38
1,<environment.Job instance at 0x7f93a98c1dc0>,28,13,[4 8],29,65,78,36,50
1,<environment.Job instance at 0x7f93a44a0b90>,29,3,[4 5],30,51,54,21,50
1,<environment.Job instance at 0x7f93a4940b40>,36,16,[4 8],37,78,94,41,65
1,<environment.Job instance at 0x7f93a4395690>,0,2,[10  4],1,4,6,3,4
1,<environment.Job instance at 0x7f93a494c3c0>,4,1,[2 9],5,6,7,1,5
1,<environment.Job instance at 0x7f93a494c820>,6,15,[5 9],7,9,24,2,9
1,<environment.Job instance at 0x7f93a494cf50>,10,15,[8 4],11,24,39,13,13
1,<environment.Job instance at 0x7f93a494cdc0>,12,13,[5 3],13,39,52,26,23
1,<environment.Job instance at 0x7f935eb62cd0>,15,3,[9 1],16,52,55,36,26
1,<environment.Job instance at 0x7f935eb62960>,18,12,[5 4],19,39,51,20,35
1,<environment.Job instance at 0x7f93a494c280>,5,18,[4 6],6,55,73,49,44
1,<environment.Job instance at 0x7f935eb62870>,21,1,[2 7],22,51,52,29,44
1,<environment.Job instance at 0x7f935eb62370>,22,1,[1 8],23,52,53,29,44
1,<environment.Job instance at 0x7f935eb62f00>,20,13,[8 3],21,73,86,52,58
1,<environment.Job instance at 0x7f93a4826690>,27,12,[6 5],28,86,98,58,69
1,<environment.Job instance at 0x7f93a4826960>,32,3,[5 8],33,98,101,65,78
1,<environment.Job instance at 0x7f646afbc190>,2,12,[5 4],3,3,15,0,3
1,<environment.Job instance at 0x7f6463bad230>,5,13,[5 9],6,15,28,9,6
1,<environment.Job instance at 0x7f6463bad550>,7,14,[5 1],8,8,22,0,8
1,<environment.Job instance at 0x7f6463bad640>,8,17,[ 2 10],9,28,45,19,16
1,<environment.Job instance at 0x7f6463bad960>,12,3,[6 3],13,45,48,32,19
1,<environment.Job instance at 0x7f6463bada00>,13,13,[1 8],14,48,61,34,36
1,<environment.Job instance at 0x7f6463bad7d0>,15,3,[10  2],16,61,64,45,36
1,<environment.Job instance at 0x7f646afbc050>,4,18,[10  4],5,64,82,59,55
1,<environment.Job instance at 0x7f6463bb10a0>,23,18,[5 2],24,82,100,58,80
1,<environment.Job instance at 0x7f6463bb14b0>,28,2,[5 9],29,100,102,71,80
1,<environment.Job instance at 0x7f6463bb1320>,30,1,[5 5],31,82,83,51,80
1,<environment.Job instance at 0x7f646b128af0>,2,2,[2 5],3,3,5,0,3
1,<environment.Job instance at 0x7f646b128500>,4,2,[4 7],5,5,7,0,5
1,<environment.Job instance at 0x7f646afe3dc0>,6,2,[4 8],7,7,9,0,7
1,<environment.Job instance at 0x7f646b123cd0>,7,3,[5 3],8,9,12,1,8
1,<environment.Job instance at 0x7f646b1230f0>,8,12,[10  1],9,12,24,3,10
1,<environment.Job instance at 0x7f646b12c230>,11,1,[9 4],12,24,25,12,12
1,<environment.Job instance at 0x7f646b12ceb0>,17,3,[7 4],18,27,30,9,27
1,<environment.Job instance at 0x7f646b130730>,19,3,[5 3],20,47,50,27,47
1,<environment.Job instance at 0x7f646b12cc30>,15,1,[3 6],16,47,48,31,47
1,<environment.Job instance at 0x7f646b130780>,22,2,[4 8],23,50,52,27,47
1,<environment.Job instance at 0x7f646b130c30>,23,3,[1 6],24,52,55,28,47
1,<environment.Job instance at 0x7f646b130b40>,24,12,[6 1],25,50,62,25,48
1,<environment.Job instance at 0x7f646b12cd70>,14,17,[5 4],15,62,79,47,52
1,<environment.Job instance at 0x7f646b136690>,28,3,[2 7],29,55,58,26,55
1,<environment.Job instance at 0x7f646b1365f0>,30,2,[5 6],31,62,64,31,57
1,<environment.Job instance at 0x7f646b1300f0>,26,15,[9 2],27,79,94,52,65
1,<environment.Job instance at 0x7f646b136780>,34,15,[9 1],35,94,109,59,80
1,<environment.Job instance at 0x7f641feed230>,0,12,[2 5],1,6,18,5,6
1,<environment.Job instance at 0x7f646b1367d0>,8,14,[8 5],9,10,24,1,10
1,<environment.Job instance at 0x7f641ffa36e0>,13,3,[5 4],14,24,27,10,15
1,<environment.Job instance at 0x7f641ffa39b0>,12,14,[8 4],13,27,41,14,16
1,<environment.Job instance at 0x7f641fea8730>,20,2,[3 8],21,41,43,20,26
1,<environment.Job instance at 0x7f641fea8820>,22,14,[9 2],23,43,57,20,32
1,<environment.Job instance at 0x7f641ffa3d20>,15,16,[ 3 10],16,57,73,41,44
1,<environment.Job instance at 0x7f641ffa3a50>,9,17,[9 2],10,73,90,63,61
1,<environment.Job instance at 0x7f641fea5af0>,33,12,[5 1],34,90,102,56,73
1,<environment.Job instance at 0x7f641fea55a0>,34,13,[5 9],35,90,103,55,74
1,<environment.Job instance at 0x7f64204c3fa0>,5,2,[7 1],6,6,8,0,6
1,<environment.Job instance at 0x7f642abc0a00>,6,14,[5 4],7,10,24,3,10
1,<environment.Job instance at 0x7f641ffc4c80>,9,13,[5 7],10,24,37,14,10
1,<environment.Job instance at 0x7f642052ccd0>,10,2,[10  1],11,37,39,26,11
1,<environment.Job instance at 0x7f641ffc4960>,12,2,[9 4],13,39,41,26,13
1,<environment.Job instance at 0x7f64205275a0>,19,14,[5 7],20,41,55,21,26
1,<environment.Job instance at 0x7f64204c3f50>,7,14,[4 7],8,55,69,47,42
1,<environment.Job instance at 0x7f64203a6410>,26,16,[5 7],27,69,85,42,56
1,<environment.Job instance at 0x7f64203a61e0>,30,17,[4 5],31,85,102,54,73
1,<environment.Job instance at 0x7f642052bf00>,34,1,[3 8],35,102,103,67,78
1,<environment.Job instance at 0x7f642052bfa0>,36,15,[7 3],37,103,118,66,89
1,<environment.Job instance at 0x7f64202911e0>,0,1,[5 1],1,2,3,1,2
1,<environment.Job instance at 0x7f64202a5190>,8,3,[4 7],9,9,12,0,9
1,<environment.Job instance at 0x7f6420291690>,3,12,[8 5],4,13,25,9,13
1,<environment.Job instance at 0x7f64202a5410>,12,2,[6 3],13,25,27,12,14
1,<environment.Job instance at 0x7f64202a5690>,14,2,[4 8],15,27,29,12,15
1,<environment.Job instance at 0x7f642029b140>,10,17,[7 1],11,45,62,34,45
1,<environment.Job instance at 0x7f64202a5aa0>,19,3,[9 2],20,62,65,42,45
1,<environment.Job instance at 0x7f64202a5dc0>,22,2,[6 4],23,65,67,42,45
1,<environment.Job instance at 0x7f64202a5eb0>,24,2,[1 9],25,49,51,24,49
1,<environment.Job instance at 0x7f64202a5e60>,27,13,[4 9],28,67,80,39,55
1,<environment.Job instance at 0x7f64202b2190>,28,12,[8 2],29,80,92,51,63
1,<environment.Job instance at 0x7f64202a5280>,9,18,[ 2 10],10,92,110,82,81
1,<environment.Job instance at 0x7f646afe08c0>,8,2,[6 5],9,9,11,0,9
1,<environment.Job instance at 0x7f646afe05f0>,9,3,[8 5],10,11,14,1,10
1,<environment.Job instance at 0x7f646afe0d20>,10,13,[3 8],11,14,27,3,13
1,<environment.Job instance at 0x7f641ffa3d70>,17,13,[6 5],18,27,40,9,19
1,<environment.Job instance at 0x7f641ffa3be0>,18,2,[7 3],19,40,42,21,23
1,<environment.Job instance at 0x7f641ffa3410>,20,2,[6 5],21,42,44,21,23
1,<environment.Job instance at 0x7f642030b7d0>,21,14,[1 9],22,44,58,22,29
1,<environment.Job instance at 0x7f646afe0c30>,13,14,[3 6],14,58,72,44,46
1,<environment.Job instance at 0x7f642030b5f0>,25,14,[7 3],26,58,72,32,46
1,<environment.Job instance at 0x7f64202de410>,27,3,[5 6],28,72,75,44,48
1,<environment.Job instance at 0x7f646ab7e9b0>,33,3,[9 4],34,75,78,41,69
1,<environment.Job instance at 0x7f646ab7e7d0>,37,12,[10  4],38,78,90,40,75
1,<environment.Job instance at 0x7f646ab7ec30>,39,3,[4 8],40,90,93,50,75
1,<environment.Job instance at 0x7f6463c035f0>,7,2,[2 6],8,8,10,0,8
1,<environment.Job instance at 0x7f646a46e5a0>,8,2,[5 5],9,10,12,1,9
1,<environment.Job instance at 0x7f646a46e0a0>,9,1,[5 7],10,12,13,2,10
1,<environment.Job instance at 0x7f6463c03730>,6,14,[10  4],7,13,27,6,10
1,<environment.Job instance at 0x7f64202de6e0>,4,12,[4 7],5,27,39,22,15
1,<environment.Job instance at 0x7f6463be7d20>,14,2,[10  3],15,39,41,24,16
1,<environment.Job instance at 0x7f6463ece3c0>,16,16,[2 6],17,41,57,24,28
1,<environment.Job instance at 0x7f6463ece0a0>,18,14,[6 4],19,41,55,22,29
1,<environment.Job instance at 0x7f6463cb3a50>,22,3,[4 9],23,57,60,34,34
1,<environment.Job instance at 0x7f64200412d0>,20,18,[5 9],21,60,78,39,50
1,<environment.Job instance at 0x7f646afdfd70>,0,14,[8 4],1,78,92,77,65
1,<environment.Job instance at 0x7f6463cb3230>,23,18,[ 1 10],24,92,110,68,82
1,<environment.Job instance at 0x7f6463cbcfa0>,3,15,[6 1],4,5,20,1,5
1,<environment.Job instance at 0x7f6420263500>,0,3,[10  4],1,20,23,19,5
1,<environment.Job instance at 0x7f6463cbc3c0>,4,3,[7 4],5,23,26,18,7
1,<environment.Job instance at 0x7f641fe85550>,7,1,[10  3],8,26,27,18,8
1,<environment.Job instance at 0x7f641fe85aa0>,12,2,[7 3],13,27,29,14,13
1,<environment.Job instance at 0x7f641fe85cd0>,13,3,[8 1],14,29,32,15,14
1,<environment.Job instance at 0x7f641fe85910>,10,15,[5 6],11,32,47,21,18
1,<environment.Job instance at 0x7f641fe85b40>,11,2,[2 9],12,18,20,6,18
1,<environment.Job instance at 0x7f641fe85e60>,16,14,[5 4],17,32,46,15,27
1,<environment.Job instance at 0x7f641fe85c30>,15,12,[10  3],16,47,59,31,30
1,<environment.Job instance at 0x7f641feac3c0>,22,1,[4 6],23,59,60,36,31
1,<environment.Job instance at 0x7f641feac7d0>,26,2,[8 4],27,60,62,33,34
1,<environment.Job instance at 0x7f641feac5a0>,25,3,[9 2],26,62,65,36,37
1,<environment.Job instance at 0x7f641feacfa0>,33,13,[7 5],34,65,78,31,59
1,<environment.Job instance at 0x7f641fea22d0>,35,3,[10  4],36,78,81,42,65
1,<environment.Job instance at 0x7f641fea20f0>,34,13,[1 8],35,81,94,46,65
1,<environment.Job instance at 0x7f641fea2960>,41,2,[2 6],42,94,96,52,77
1,<environment.Job instance at 0x7f641fe85fa0>,17,15,[10  1],18,96,111,78,83
1,<environment.Job instance at 0x7f641fea2be0>,45,3,[1 9],46,111,114,65,85
1,<environment.Job instance at 0x7f64203c2dc0>,2,2,[8 4],3,3,5,0,3
1,<environment.Job instance at 0x7f64203c2c30>,6,3,[8 3],7,8,11,1,8
1,<environment.Job instance at 0x7f64203c2a00>,9,1,[5 1],10,11,12,1,10
1,<environment.Job instance at 0x7f6420384820>,11,3,[6 4],12,12,15,0,12
1,<environment.Job instance at 0x7f64203c27d0>,10,12,[1 7],11,15,27,4,12
1,<environment.Job instance at 0x7f6420384500>,13,15,[5 5],14,27,42,13,17
1,<environment.Job instance at 0x7f6463bb7690>,15,2,[6 3],16,18,20,2,18
1,<environment.Job instance at 0x7f641fd3c370>,17,3,[8 1],18,23,26,5,23
1,<environment.Job instance at 0x7f6420384460>,14,12,[9 1],15,42,54,27,25
1,<environment.Job instance at 0x7f642045a230>,23,15,[4 9],24,54,69,30,40
1,<environment.Job instance at 0x7f64205614b0>,25,2,[4 7],26,69,71,43,47
1,<environment.Job instance at 0x7f641ff49870>,28,3,[8 3],29,71,74,42,47
1,<environment.Job instance at 0x7f64203c2410>,12,17,[ 2 10],13,74,91,61,65
1,<environment.Job instance at 0x7f6463b08af0>,33,3,[8 4],34,91,94,57,71
1,<environment.Job instance at 0x7f641ff3f4b0>,34,14,[3 8],35,94,108,59,79
1,<environment.Job instance at 0x7f64639bda00>,1,3,[1 9],2,4,7,2,4
1,<environment.Job instance at 0x7f6463e59280>,3,12,[2 6],4,10,22,6,10
1,<environment.Job instance at 0x7f646b125190>,13,1,[10  1],14,22,23,8,16
1,<environment.Job instance at 0x7f6463e592d0>,6,13,[5 5],7,23,36,16,17
1,<environment.Job instance at 0x7f6420126960>,16,2,[5 9],17,36,38,19,18
1,<environment.Job instance at 0x7f64204ae730>,17,2,[10  3],18,38,40,20,21
1,<environment.Job instance at 0x7f646afe66e0>,20,3,[5 7],21,40,43,19,34
1,<environment.Job instance at 0x7f646a6560a0>,19,14,[5 1],20,40,54,20,34
1,<environment.Job instance at 0x7f6463b2e730>,21,1,[7 3],22,54,55,32,34
1,<environment.Job instance at 0x7f646a656730>,24,14,[9 1],25,55,69,30,42
1,<environment.Job instance at 0x7f6463b2ecd0>,22,18,[4 7],23,69,87,46,58
1,<environment.Job instance at 0x7f646a94edc0>,14,17,[9 2],15,87,104,72,75
1,<environment.Job instance at 0x7f64204db690>,35,18,[1 8],36,87,105,51,77
1,<environment.Job instance at 0x7f6463f88b40>,4,3,[4 5],5,5,8,0,5
1,<environment.Job instance at 0x7f64204db730>,6,3,[5 8],7,8,11,1,7
1,<environment.Job instance at 0x7f6463f88f50>,8,3,[6 1],9,11,14,2,9
1,<environment.Job instance at 0x7f6463f88eb0>,9,3,[8 2],10,14,17,4,10
1,<environment.Job instance at 0x7f6463f72050>,12,3,[5 9],13,21,24,8,21
1,<environment.Job instance at 0x7f6463f72320>,14,3,[2 7],15,24,27,9,21
1,<environment.Job instance at 0x7f6463f72460>,16,12,[3 9],17,27,39,10,22
1,<environment.Job instance at 0x7f6463f721e0>,13,16,[8 1],14,40,56,26,40
1,<environment.Job instance at 0x7f6463f72640>,19,18,[6 1],20,56,74,36,45
1,<environment.Job instance at 0x7f6463f72d70>,27,16,[1 7],28,56,72,28,56
1,<environment.Job instance at 0x7f6463f72fa0>,28,3,[2 7],29,72,75,43,56
1,<environment.Job instance at 0x7f6463f72e10>,30,15,[4 7],31,75,90,44,64
1,<environment.Job instance at 0x7f6463f95190>,33,16,[9 4],34,90,106,56,77
1,<environment.Job instance at 0x7f6463f95a00>,41,12,[3 7],42,106,118,64,89
1,<environment.Job instance at 0x7f64201fc190>,3,2,[ 4 10],4,4,6,0,4
1,<environment.Job instance at 0x7f6463e63820>,11,2,[1 5],12,14,16,2,14
1,<environment.Job instance at 0x7f6463e63190>,13,14,[ 5 10],14,17,31,3,17
1,<environment.Job instance at 0x7f6420252c30>,16,17,[3 5],17,31,48,14,20
1,<environment.Job instance at 0x7f64202523c0>,23,2,[5 1],24,31,33,7,29
1,<environment.Job instance at 0x7f6420252820>,24,13,[ 5 10],25,48,61,23,33
1,<environment.Job instance at 0x7f6420252690>,26,3,[5 1],27,43,46,16,43
1,<environment.Job instance at 0x7f6420252b90>,28,18,[5 5],29,61,79,32,50
1,<environment.Job instance at 0x7f646a54dfa0>,30,16,[7 5],31,79,95,48,66
1,<environment.Job instance at 0x7f646a54d640>,32,2,[1 7],33,95,97,62,74
1,<environment.Job instance at 0x7f64202520f0>,18,15,[5 8],19,97,112,78,83
1,<environment.Job instance at 0x7f6463ca2550>,2,3,[8 1],3,3,6,0,3
1,<environment.Job instance at 0x7f6463ca2870>,0,12,[7 4],1,7,19,6,7
1,<environment.Job instance at 0x7f646405c7d0>,11,18,[4 7],12,19,37,7,13
1,<environment.Job instance at 0x7f646405c820>,10,15,[5 3],11,19,34,8,14
1,<environment.Job instance at 0x7f646405c730>,15,1,[1 9],16,37,38,21,17
1,<environment.Job instance at 0x7f646405c9b0>,17,1,[10  4],18,38,39,20,18
1,<environment.Job instance at 0x7f646405cbe0>,18,2,[3 6],19,39,41,20,21
1,<environment.Job instance at 0x7f646405cc80>,12,14,[4 6],13,41,55,28,26
1,<environment.Job instance at 0x7f646a75b7d0>,21,3,[8 5],22,55,58,33,29
1,<environment.Job instance at 0x7f646a75bfa0>,22,12,[ 1 10],23,58,70,35,45
1,<environment.Job instance at 0x7f646a75b140>,27,15,[6 2],28,70,85,42,56
1,<environment.Job instance at 0x7f6463cbcaa0>,33,3,[3 8],34,70,73,36,60
1,<environment.Job instance at 0x7f6463cbca00>,34,12,[9 1],35,85,97,50,81
1,<environment.Job instance at 0x7f6463cbc370>,38,2,[6 3],39,97,99,58,82
1,<environment.Job instance at 0x7f6463cbc9b0>,39,2,[1 9],40,85,87,45,83
1,<environment.Job instance at 0x7f646405cf00>,13,17,[9 1],14,99,116,85,88
1,<environment.Job instance at 0x7f64202beb40>,1,2,[3 9],2,3,5,1,3
1,<environment.Job instance at 0x7f64201f2640>,0,2,[8 4],1,5,7,4,3
1,<environment.Job instance at 0x7f64201f2280>,2,14,[ 2 10],3,11,25,8,11
1,<environment.Job instance at 0x7f6464011cd0>,8,16,[3 8],9,25,41,16,12
1,<environment.Job instance at 0x7f6463fe57d0>,15,14,[4 8],16,41,55,25,27
1,<environment.Job instance at 0x7f6463ac2910>,24,2,[3 6],25,70,72,45,70
1,<environment.Job instance at 0x7f646a53a0f0>,25,3,[2 8],26,72,75,46,70
1,<environment.Job instance at 0x7f64201f9a50>,26,1,[9 2],27,75,76,48,70
1,<environment.Job instance at 0x7f6463fe98c0>,27,1,[5 3],28,70,71,42,70
1,<environment.Job instance at 0x7f6464010370>,20,12,[4 8],21,76,88,55,70
1,<environment.Job instance at 0x7f642038cc30>,29,3,[10  1],30,88,91,58,70
1,<environment.Job instance at 0x7f646a482690>,32,3,[10  4],33,91,94,58,71
1,<environment.Job instance at 0x7f646a482fa0>,34,3,[9 3],35,94,97,59,79
1,<environment.Job instance at 0x7f641fbd02d0>,35,16,[7 3],36,97,113,61,84
1,<environment.Job instance at 0x7f6463c64b40>,1,3,[7 4],2,2,5,0,2
1,<environment.Job instance at 0x7f6463d3e9b0>,0,2,[6 1],1,6,8,5,6
1,<environment.Job instance at 0x7f6463d3e550>,5,13,[9 1],6,12,25,6,12
1,<environment.Job instance at 0x7f646a985e10>,7,15,[3 6],8,25,40,17,14
1,<environment.Job instance at 0x7f64201c2410>,14,13,[3 6],15,40,53,25,26
1,<environment.Job instance at 0x7f646a5ffaa0>,21,2,[2 9],22,53,55,31,26
1,<environment.Job instance at 0x7f641fef0dc0>,23,3,[8 1],24,53,56,29,48
1,<environment.Job instance at 0x7f641fef0d70>,24,17,[2 7],25,55,72,30,48
1,<environment.Job instance at 0x7f6463adc1e0>,27,16,[5 4],28,72,88,44,59
1,<environment.Job instance at 0x7f6463adc870>,29,18,[5 1],30,66,84,36,66
1,<environment.Job instance at 0x7f6463adc050>,31,12,[2 6],32,84,96,52,67
1,<environment.Job instance at 0x7f6463adc3c0>,32,17,[6 4],33,88,105,55,76
1,<environment.Job instance at 0x7f64204e4190>,4,13,[5 8],5,5,18,0,5
1,<environment.Job instance at 0x7f641fb93af0>,8,16,[9 1],9,34,50,25,34
1,<environment.Job instance at 0x7f641fb93dc0>,12,2,[10  3],13,50,52,37,36
1,<environment.Job instance at 0x7f641fb93a50>,13,1,[1 7],14,37,38,23,37
1,<environment.Job instance at 0x7f64204e4f00>,0,13,[2 8],1,52,65,51,43
1,<environment.Job instance at 0x7f641fb93690>,16,3,[8 2],17,52,55,35,45
1,<environment.Job instance at 0x7f641fb93320>,17,18,[1 9],18,65,83,47,54
1,<environment.Job instance at 0x7f641fb92c30>,1,1,[ 3 10],2,2,3,0,2
1,<environment.Job instance at 0x7f641ff09320>,4,2,[1 9],5,5,7,0,5
1,<environment.Job instance at 0x7f641ff28820>,13,1,[3 7],14,16,17,2,16
1,<environment.Job instance at 0x7f641ff28050>,14,3,[8 5],15,17,20,2,16
1,<environment.Job instance at 0x7f641ff280f0>,15,2,[9 5],16,20,22,4,16
1,<environment.Job instance at 0x7f641ff09140>,8,3,[9 5],9,22,25,13,17
1,<environment.Job instance at 0x7f641ff09c30>,9,3,[5 4],10,25,28,15,17
1,<environment.Job instance at 0x7f641ff090a0>,5,14,[5 4],6,25,39,19,17
1,<environment.Job instance at 0x7f641ff31370>,21,2,[ 2 10],22,39,41,17,22
1,<environment.Job instance at 0x7f64200ae140>,19,15,[6 4],20,41,56,21,31
1,<environment.Job instance at 0x7f641ffe1d20>,26,17,[1 6],27,41,58,14,40
1,<environment.Job instance at 0x7f6463b3d550>,27,13,[9 4],28,56,69,28,41
1,<environment.Job instance at 0x7f641ff10460>,29,3,[4 5],30,69,72,39,51
1,<environment.Job instance at 0x7f641ff10370>,30,2,[1 5],31,58,60,27,51
1,<environment.Job instance at 0x7f646a8a2fa0>,31,1,[3 6],32,72,73,40,51
1,<environment.Job instance at 0x7f641ff286e0>,17,18,[6 1],18,69,87,51,58
1,<environment.Job instance at 0x7f6463b1b5a0>,37,15,[4 8],38,73,88,35,64
1,<environment.Job instance at 0x7f641ffddd70>,38,15,[1 6],39,88,103,49,75
1,<environment.Job instance at 0x7f6463b3ed70>,40,1,[7 5],41,103,104,62,75
1,<environment.Job instance at 0x7f6463b51d70>,3,3,[6 5],4,4,7,0,4
1,<environment.Job instance at 0x7f646a5c25f0>,5,3,[9 1],6,7,10,1,6
1,<environment.Job instance at 0x7f6463fc59b0>,10,13,[8 3],11,11,24,0,11
1,<environment.Job instance at 0x7f642003a8c0>,11,1,[2 7],12,14,15,2,14
1,<environment.Job instance at 0x7f6463fc5870>,12,1,[1 8],13,24,25,11,15
1,<environment.Job instance at 0x7f641ff32be0>,15,15,[10  1],16,29,44,13,29
1,<environment.Job instance at 0x7f642003a500>,17,12,[6 5],18,44,56,26,32
1,<environment.Job instance at 0x7f642003abe0>,18,3,[1 7],19,56,59,37,33
1,<environment.Job instance at 0x7f646aefae10>,19,3,[7 3],20,56,59,36,33
1,<environment.Job instance at 0x7f6463c640a0>,22,3,[5 8],23,59,62,36,38
1,<environment.Job instance at 0x7f641fe7ea50>,23,2,[6 2],24,62,64,38,41
1,<environment.Job instance at 0x7f6463fd8c80>,26,2,[ 1 10],27,64,66,37,43
1,<environment.Job instance at 0x7f641fe40af0>,27,3,[2 7],28,66,69,38,43
1,<environment.Job instance at 0x7f641fe40f00>,29,1,[5 6],30,69,70,39,43
1,<environment.Job instance at 0x7f641ff32230>,16,13,[ 2 10],17,70,83,53,55
1,<environment.Job instance at 0x7f641fd8a870>,36,2,[5 3],37,66,68,29,59
1,<environment.Job instance at 0x7f641fd8a4b0>,39,2,[4 8],40,62,64,22,60
1,<environment.Job instance at 0x7f641fd8a230>,38,12,[6 4],39,83,95,44,66
1,<environment.Job instance at 0x7f641fd8a190>,41,13,[3 5],42,83,96,41,71
1,<environment.Job instance at 0x7f642044e3c0>,46,13,[6 4],47,95,108,48,79
1,<environment.Job instance at 0x7f6463b15c30>,1,3,[6 5],2,2,5,0,2
1,<environment.Job instance at 0x7f642044e8c0>,3,3,[4 7],4,5,8,1,4
1,<environment.Job instance at 0x7f646a9e4fa0>,7,13,[7 1],8,8,21,0,8
1,<environment.Job instance at 0x7f646a9e4a50>,8,3,[4 7],9,21,24,12,9
1,<environment.Job instance at 0x7f646a9e40f0>,9,3,[4 8],10,24,27,14,10
1,<environment.Job instance at 0x7f646a9e4550>,10,12,[3 8],11,27,39,16,11
1,<environment.Job instance at 0x7f646a9e4690>,12,15,[6 2],13,21,36,8,18
1,<environment.Job instance at 0x7f641fdf8af0>,17,2,[9 2],18,39,41,21,23
1,<environment.Job instance at 0x7f641fdf8cd0>,19,14,[7 3],20,41,55,21,26
1,<environment.Job instance at 0x7f6463b15280>,0,15,[3 7],1,41,56,40,29
1,<environment.Job instance at 0x7f641fdf86e0>,20,14,[8 2],21,56,70,35,41
1,<environment.Job instance at 0x7f641fdf87d0>,27,15,[6 1],28,70,85,42,56
1,<environment.Job instance at 0x7f646ab79eb0>,29,13,[4 7],30,70,83,40,56
1,<environment.Job instance at 0x7f646ab79960>,35,3,[8 5],36,85,88,49,79
1,<environment.Job instance at 0x7f64200dfa00>,0,3,[ 2 10],1,4,7,3,4
1,<environment.Job instance at 0x7f64200ee690>,3,13,[6 5],4,7,20,3,4
1,<environment.Job instance at 0x7f641fd9faf0>,5,3,[9 4],6,20,23,14,7
1,<environment.Job instance at 0x7f6463983050>,9,3,[7 4],10,23,26,13,12
1,<environment.Job instance at 0x7f646a45f870>,11,3,[4 5],12,13,16,1,13
1,<environment.Job instance at 0x7f646a45f820>,12,3,[10  3],13,26,29,13,14
1,<environment.Job instance at 0x7f646a906a50>,20,14,[6 1],21,29,43,8,25
1,<environment.Job instance at 0x7f646a9cd8c0>,1,13,[5 8],2,43,56,41,31
1,<environment.Job instance at 0x7f646a46c1e0>,25,3,[9 3],26,56,59,30,38
1,<environment.Job instance at 0x7f646a45f0f0>,13,16,[9 5],14,59,75,45,46
1,<environment.Job instance at 0x7f646a900870>,30,13,[8 4],31,75,88,44,59
1,<environment.Job instance at 0x7f646a46c410>,28,12,[ 1 10],29,88,100,59,71
1,<environment.Job instance at 0x7f646a463af0>,40,16,[ 2 10],41,100,116,59,89
1,<environment.Job instance at 0x7fea6709d190>,2,12,[5 4],3,3,15,0,3
1,<environment.Job instance at 0x7fea6709d050>,4,18,[10  4],5,15,33,10,10
1,<environment.Job instance at 0x7fea5fc8e550>,8,17,[ 2 10],9,33,50,24,22
1,<environment.Job instance at 0x7fea5fc8e9b0>,14,12,[3 7],15,50,62,35,34
1,<environment.Job instance at 0x7fea5fc8e960>,16,12,[1 8],17,62,74,45,46
1,<environment.Job instance at 0x7fea5fc8e500>,9,17,[ 4 10],10,74,91,64,63
1,<environment.Job instance at 0x7fea5fc8edc0>,24,3,[5 9],25,91,94,66,69
1,<environment.Job instance at 0x7fea5fc92320>,27,2,[6 4],28,94,96,66,69
1,<environment.Job instance at 0x7fea5fc923c0>,28,2,[5 9],29,96,98,67,71
1,<environment.Job instance at 0x7fea5fc92500>,30,1,[5 5],31,98,99,67,71
1,<environment.Job instance at 0x7fea5fc925a0>,31,17,[4 9],32,99,116,67,91
1,<environment.Job instance at 0x7fea670c5910>,5,1,[3 6],6,6,7,0,6
1,<environment.Job instance at 0x7fea670c5960>,6,12,[2 6],7,10,22,3,10
1,<environment.Job instance at 0x7fea670c53c0>,9,3,[5 3],10,10,13,0,10
1,<environment.Job instance at 0x7fea670c5f50>,10,20,[5 7],11,22,42,11,13
1,<environment.Job instance at 0x7fea6720bd20>,12,2,[4 8],13,42,44,29,21
1,<environment.Job instance at 0x7fea6720ba00>,13,3,[1 6],14,44,47,30,21
1,<environment.Job instance at 0x7fea670c5d70>,4,17,[5 4],5,44,61,39,32
1,<environment.Job instance at 0x7fea670c5c80>,3,17,[5 6],4,47,64,43,37
1,<environment.Job instance at 0x7fea67211320>,24,15,[9 1],25,64,79,39,50
1,<environment.Job instance at 0x7fea672107d0>,29,14,[8 1],30,79,93,49,64
1,<environment.Job instance at 0x7fea67217050>,34,15,[10  5],35,93,108,58,79
1,<environment.Job instance at 0x7fea1bf934b0>,0,2,[3 8],1,4,6,3,4
1,<environment.Job instance at 0x7fea1c02f0f0>,10,17,[2 9],11,23,40,12,23
1,<environment.Job instance at 0x7fea1c02faa0>,13,12,[5 1],14,23,35,9,23
1,<environment.Job instance at 0x7fea1c02f960>,15,17,[8 1],16,35,52,19,23
1,<environment.Job instance at 0x7fea1c02fd20>,16,16,[7 2],17,52,68,35,39
1,<environment.Job instance at 0x7fea1bf14a50>,23,15,[5 6],24,68,83,44,54
1,<environment.Job instance at 0x7fea1bf14500>,25,17,[3 5],26,83,100,57,71
1,<environment.Job instance at 0x7fea1bf14e60>,29,12,[5 4],30,82,94,52,82
1,<environment.Job instance at 0x7fea1bf14dc0>,30,15,[7 4],31,94,109,63,82
1,<environment.Job instance at 0x7fea1bf14910>,32,16,[8 5],33,109,125,76,97
1,<environment.Job instance at 0x7fea1c089b40>,0,17,[4 5],1,5,22,4,5
1,<environment.Job instance at 0x7fea1c3f77d0>,7,17,[7 5],8,22,39,14,10
1,<environment.Job instance at 0x7fea1c3f7e10>,9,1,[8 5],10,39,40,29,15
1,<environment.Job instance at 0x7fea1c3f7730>,12,2,[7 1],13,40,42,27,24
1,<environment.Job instance at 0x7fea1c3f7be0>,13,2,[3 5],14,30,32,16,30
1,<environment.Job instance at 0x7fea1c3f7b90>,14,16,[8 3],15,42,58,27,31
1,<environment.Job instance at 0x7fea1c3f7a00>,10,14,[2 8],11,58,72,47,45
1,<environment.Job instance at 0x7fea1c5ab690>,22,2,[9 3],23,72,74,49,45
1,<environment.Job instance at 0x7fea1c33abe0>,24,3,[5 8],25,74,77,49,55
1,<environment.Job instance at 0x7fea1c33a820>,25,2,[2 6],26,55,57,29,55
1,<environment.Job instance at 0x7fea1c33a7d0>,26,15,[6 2],27,77,92,50,63
1,<environment.Job instance at 0x7fea1c5ab280>,19,17,[4 8],20,77,94,57,65
1,<environment.Job instance at 0x7fea1c33ad20>,23,15,[7 4],24,94,109,70,80
1,<environment.Job instance at 0x7fea1c065a00>,33,13,[2 5],34,94,107,60,80
1,<environment.Job instance at 0x7fea1c065c80>,37,2,[9 1],38,109,111,71,89
1,<environment.Job instance at 0x7fea1c065140>,38,14,[10  4],39,111,125,72,96
1,<environment.Job instance at 0x7fea1c065140>,5,12,[4 7],6,6,18,0,6
1,<environment.Job instance at 0x7fea1c3855a0>,6,13,[8 3],7,18,31,11,7
1,<environment.Job instance at 0x7fea1c385500>,8,14,[2 7],9,18,32,9,13
1,<environment.Job instance at 0x7fea1c3854b0>,10,2,[9 4],11,32,34,21,13
1,<environment.Job instance at 0x7fea1c3857d0>,9,17,[5 1],10,34,51,24,22
1,<environment.Job instance at 0x7fea1c385b40>,16,13,[1 6],17,32,45,15,22
1,<environment.Job instance at 0x7fea1c3856e0>,7,13,[4 6],8,45,58,37,35
1,<environment.Job instance at 0x7fea1c385e10>,19,3,[9 3],20,58,61,38,35
1,<environment.Job instance at 0x7fea1c3858c0>,11,18,[5 7],12,61,79,49,50
1,<environment.Job instance at 0x7fea1c390460>,25,16,[10  5],26,79,95,53,66
1,<environment.Job instance at 0x7fea1c390be0>,32,12,[8 5],33,95,107,62,82
1,<environment.Job instance at 0x7fea1c390910>,35,15,[5 7],36,107,122,71,94
1,<environment.Job instance at 0x7fea6006a820>,4,1,[2 5],5,5,6,0,5
1,<environment.Job instance at 0x7fea5fffacd0>,5,2,[9 3],6,7,9,1,7
1,<environment.Job instance at 0x7fea5fa00aa0>,6,14,[7 5],7,9,23,2,9
1,<environment.Job instance at 0x7fea5fa00370>,9,3,[3 6],10,23,26,13,10
1,<environment.Job instance at 0x7fea5fa00e60>,10,3,[7 3],11,23,26,12,11
1,<environment.Job instance at 0x7fea5fa00780>,14,13,[1 9],15,26,39,11,26
1,<environment.Job instance at 0x7fea5fa005a0>,12,12,[3 8],13,39,51,26,28
1,<environment.Job instance at 0x7fea1c1cc320>,21,15,[3 5],22,51,66,29,45
1,<environment.Job instance at 0x7fea1c1cccd0>,24,15,[5 7],25,66,81,41,52
1,<environment.Job instance at 0x7fea1c143460>,27,18,[1 7],28,81,99,53,70
1,<environment.Job instance at 0x7fea1c143e60>,34,1,[5 7],35,99,100,64,94
1,<environment.Job instance at 0x7fea66a095f0>,2,2,[7 4],3,3,5,0,3
1,<environment.Job instance at 0x7fea1bf3f820>,4,2,[9 2],5,6,8,1,6
1,<environment.Job instance at 0x7fea1c143140>,3,3,[5 5],4,8,11,4,8
1,<environment.Job instance at 0x7fea1c21f640>,8,17,[2 6],9,12,29,3,12
1,<environment.Job instance at 0x7fea5fec7460>,13,17,[5 3],14,14,31,0,14
1,<environment.Job instance at 0x7fea1c13ceb0>,15,13,[8 5],16,31,44,15,16
1,<environment.Job instance at 0x7fea1c33bf50>,17,14,[2 5],18,29,43,11,24
1,<environment.Job instance at 0x7fea666780a0>,19,3,[5 9],20,44,47,24,24
1,<environment.Job instance at 0x7fea1c0bf370>,20,2,[6 4],21,47,49,26,24
1,<environment.Job instance at 0x7fea66a6ecd0>,21,2,[3 5],22,47,49,25,25
1,<environment.Job instance at 0x7fea1c566870>,22,15,[2 5],23,49,64,26,35
1,<environment.Job instance at 0x7fea1c0e2370>,5,13,[3 9],6,64,77,58,48
1,<environment.Job instance at 0x7fea667e3640>,28,13,[6 1],29,54,67,25,54
1,<environment.Job instance at 0x7fea5faf4dc0>,31,13,[6 5],32,77,90,45,61
1,<environment.Job instance at 0x7fea66630730>,33,15,[6 1],34,90,105,56,78
1,<environment.Job instance at 0x7fea66b667d0>,35,3,[9 4],36,105,108,69,79
1,<environment.Job instance at 0x7fea66b66780>,38,17,[7 2],39,108,125,69,97
1,<environment.Job instance at 0x7fea669d6960>,0,2,[2 7],1,1,3,0,1
1,<environment.Job instance at 0x7fea1c245910>,1,12,[1 8],2,6,18,4,6
1,<environment.Job instance at 0x7fea1c598cd0>,11,3,[5 2],12,12,15,0,12
1,<environment.Job instance at 0x7fea1c598f50>,9,12,[4 6],10,18,30,8,13
1,<environment.Job instance at 0x7fea1c598eb0>,10,13,[5 3],11,18,31,7,13
1,<environment.Job instance at 0x7fea1c59b140>,13,3,[4 7],14,30,33,16,14
1,<environment.Job instance at 0x7fea1c59b190>,12,17,[9 4],13,33,50,20,21
1,<environment.Job instance at 0x7fea1c59b460>,18,2,[5 8],19,50,52,31,23
1,<environment.Job instance at 0x7fea1c59bb40>,22,2,[8 4],23,52,54,29,27
1,<environment.Job instance at 0x7fea1c59b500>,15,16,[9 4],16,54,70,38,42
1,<environment.Job instance at 0x7fea669d6730>,5,15,[ 1 10],6,70,85,64,56
1,<environment.Job instance at 0x7fea600ae550>,33,15,[5 5],34,85,100,51,71
1,<environment.Job instance at 0x7fea600ae500>,34,12,[9 1],35,100,112,65,83
1,<environment.Job instance at 0x7fea600aeaf0>,3,18,[5 5],4,4,22,0,4
1,<environment.Job instance at 0x7fea5fb48870>,8,18,[1 5],9,9,27,0,9
1,<environment.Job instance at 0x7fea6000dc80>,9,18,[9 5],10,22,40,12,11
1,<environment.Job instance at 0x7fea5faefb40>,12,13,[9 4],13,40,53,27,25
1,<environment.Job instance at 0x7fea6000f4b0>,14,16,[2 7],15,53,69,38,40
1,<environment.Job instance at 0x7fea666e0af0>,23,1,[10  1],24,69,70,45,55
1,<environment.Job instance at 0x7fea666e05a0>,18,16,[8 3],19,70,86,51,57
1,<environment.Job instance at 0x7fea1c462190>,26,2,[5 9],27,86,88,59,59
1,<environment.Job instance at 0x7fea600351e0>,29,14,[5 1],30,86,100,56,83
1,<environment.Job instance at 0x7fea66942780>,30,3,[5 7],31,88,91,57,83
1,<environment.Job instance at 0x7fea1c4621e0>,25,18,[5 5],26,91,109,65,83
1,<environment.Job instance at 0x7fea5ff29f00>,35,12,[7 1],36,109,121,73,92
1,<environment.Job instance at 0x7fea1c533730>,6,3,[5 8],7,7,10,0,7
1,<environment.Job instance at 0x7fea66a67fa0>,8,3,[6 1],9,10,13,1,9
1,<environment.Job instance at 0x7fea1c533780>,12,3,[5 9],13,20,23,7,20
1,<environment.Job instance at 0x7fea66a0a6e0>,14,3,[2 7],15,23,26,8,23
1,<environment.Job instance at 0x7fea66942c80>,16,12,[3 9],17,36,48,19,36
1,<environment.Job instance at 0x7fea66942690>,18,16,[4 8],19,48,64,29,40
1,<environment.Job instance at 0x7fea66840a00>,21,3,[2 6],22,64,67,42,40
1,<environment.Job instance at 0x7fea1c2df7d0>,22,12,[6 1],23,45,57,22,45
1,<environment.Job instance at 0x7fea5fb43190>,23,3,[8 3],24,64,67,40,45
1,<environment.Job instance at 0x7fea66647910>,26,1,[7 4],27,67,68,40,45
1,<environment.Job instance at 0x7fea600b8140>,28,3,[2 7],29,68,71,39,50
1,<environment.Job instance at 0x7fea600b8960>,29,18,[2 7],30,71,89,41,60
1,<environment.Job instance at 0x7fea5fbfbf00>,32,1,[5 1],33,62,63,29,62
1,<environment.Job instance at 0x7fea5fe399b0>,33,16,[9 4],34,89,105,55,79
1,<environment.Job instance at 0x7fea5fe39230>,35,1,[6 4],36,105,106,69,79
1,<environment.Job instance at 0x7fea1c25ad70>,39,1,[8 1],40,79,80,39,79
1,<environment.Job instance at 0x7fea1c25a410>,42,15,[ 2 10],43,106,121,63,92
1,<environment.Job instance at 0x7fea1c25a730>,1,2,[1 5],2,2,4,0,2
1,<environment.Job instance at 0x7fea5feaee10>,6,17,[3 5],7,9,26,2,9
1,<environment.Job instance at 0x7fea1c214690>,9,1,[4 5],10,10,11,0,10
1,<environment.Job instance at 0x7fea1c214780>,10,13,[5 6],11,26,39,15,11
1,<environment.Job instance at 0x7fea1c214b90>,16,3,[5 1],17,23,26,6,23
1,<environment.Job instance at 0x7fea1c214cd0>,17,1,[2 6],18,39,40,21,24
1,<environment.Job instance at 0x7fea1c214c30>,15,15,[8 1],16,39,54,23,25
1,<environment.Job instance at 0x7fea1c214f50>,19,15,[6 2],20,54,69,34,40
1,<environment.Job instance at 0x7fea1c2156e0>,26,15,[3 5],27,54,69,27,47
1,<environment.Job instance at 0x7fea1c2158c0>,29,14,[5 4],30,69,83,39,63
1,<environment.Job instance at 0x7fea1c214eb0>,18,18,[5 5],19,69,87,50,65
1,<environment.Job instance at 0x7fea1c215870>,32,16,[9 4],33,87,103,54,74
1,<environment.Job instance at 0x7fea1c2401e0>,40,3,[2 8],41,103,106,62,93
1,<environment.Job instance at 0x7fea1c2400a0>,41,13,[7 4],42,106,119,64,93
1,<environment.Job instance at 0x7fea1c240500>,45,3,[7 5],46,119,122,73,94
1,<environment.Job instance at 0x7fea1c1cab40>,1,3,[8 5],2,2,5,0,2
1,<environment.Job instance at 0x7fea669e5af0>,6,1,[5 5],7,8,9,1,8
1,<environment.Job instance at 0x7fea6673b960>,8,3,[ 1 10],9,11,14,2,11
1,<environment.Job instance at 0x7fea6673bbe0>,9,3,[9 3],10,14,17,4,11
1,<environment.Job instance at 0x7fea5fcf2af0>,11,3,[1 8],12,17,20,5,13
1,<environment.Job instance at 0x7fea5fad4cd0>,7,15,[6 2],8,17,32,9,14
1,<environment.Job instance at 0x7fea5fcf2e10>,13,3,[3 8],14,33,36,19,33
1,<environment.Job instance at 0x7fea5fcf2b40>,18,2,[6 3],19,36,38,17,33
1,<environment.Job instance at 0x7fea5fcf2780>,19,2,[1 9],20,38,40,18,33
1,<environment.Job instance at 0x7fea5fcf2d20>,20,12,[5 6],21,40,52,19,33
1,<environment.Job instance at 0x7fea5fcf2d70>,22,1,[5 9],23,52,53,29,36
1,<environment.Job instance at 0x7fea5fcf2280>,23,1,[2 6],24,36,37,12,36
1,<environment.Job instance at 0x7fea5fcf22d0>,14,12,[9 1],15,53,65,38,37
1,<environment.Job instance at 0x7fea5fcf2a00>,26,18,[6 4],27,65,83,38,54
1,<environment.Job instance at 0x7fea1bf2a3c0>,29,3,[1 7],30,83,86,53,64
1,<environment.Job instance at 0x7fea1bf2acd0>,30,2,[1 6],31,65,67,34,65
1,<environment.Job instance at 0x7fea601b7aa0>,33,2,[2 7],34,86,88,52,72
1,<environment.Job instance at 0x7fea601b7690>,34,3,[10  5],35,88,91,53,72
1,<environment.Job instance at 0x7fea601b7320>,36,12,[8 4],37,91,103,54,74
1,<environment.Job instance at 0x7fea5fff44b0>,37,16,[1 8],38,103,119,65,90
1,<environment.Job instance at 0x7fea5fff45a0>,38,2,[4 6],39,119,121,80,92
1,<environment.Job instance at 0x7fea5fff4c80>,42,14,[9 2],43,103,117,60,93
1,<environment.Job instance at 0x7fea6685e730>,44,2,[6 1],45,117,119,72,95
1,<environment.Job instance at 0x7fea6685e730>,4,3,[9 3],5,5,8,0,5
1,<environment.Job instance at 0x7fea66adc8c0>,6,1,[5 2],7,8,9,1,8
1,<environment.Job instance at 0x7fea1c251dc0>,7,13,[10  4],8,11,24,3,11
1,<environment.Job instance at 0x7fea1c251870>,9,13,[8 2],10,24,37,14,14
1,<environment.Job instance at 0x7fea1c251f50>,12,16,[5 4],13,37,53,24,24
1,<environment.Job instance at 0x7fea5fa574b0>,18,2,[1 9],19,53,55,34,26
1,<environment.Job instance at 0x7fea5fa57320>,17,18,[1 6],18,26,44,8,26
1,<environment.Job instance at 0x7fea5fa57fa0>,19,14,[5 1],20,44,58,24,31
1,<environment.Job instance at 0x7fea6009a8c0>,21,2,[ 5 10],22,58,60,36,31
1,<environment.Job instance at 0x7fea6009a500>,23,3,[6 2],24,60,63,36,43
1,<environment.Job instance at 0x7fea6009ae60>,24,1,[7 4],25,63,64,38,43
1,<environment.Job instance at 0x7fea6009a9b0>,25,3,[9 2],26,64,67,38,43
1,<environment.Job instance at 0x7fea6697cf00>,27,3,[8 1],28,67,70,39,50
1,<environment.Job instance at 0x7fea66adc730>,0,18,[6 4],1,70,88,69,59
1,<environment.Job instance at 0x7fea6697c1e0>,34,1,[5 5],35,88,89,53,73
1,<environment.Job instance at 0x7fea6697cb40>,29,18,[6 2],30,89,107,59,78
1,<environment.Job instance at 0x7fea1bf390a0>,39,2,[8 2],40,107,109,67,89
1,<environment.Job instance at 0x7fea1bf39780>,40,2,[5 4],41,109,111,68,89
1,<environment.Job instance at 0x7fea1bf39910>,41,2,[6 1],42,111,113,69,89
1,<environment.Job instance at 0x7fea5ff8ff00>,42,12,[1 9],43,111,123,68,95
1,<environment.Job instance at 0x7fea5ff8faf0>,43,1,[7 3],44,123,124,79,95
1,<environment.Job instance at 0x7fea5ff8fe10>,44,2,[2 5],45,95,97,50,95
1,<environment.Job instance at 0x7fea5ff8f370>,3,3,[5 3],4,4,7,0,4
1,<environment.Job instance at 0x7fea5fd45b40>,2,18,[2 5],3,5,23,2,5
1,<environment.Job instance at 0x7fea5ff5d820>,5,1,[6 1],6,7,8,1,6
1,<environment.Job instance at 0x7fea5ff5db40>,6,1,[ 5 10],7,23,24,16,7
1,<environment.Job instance at 0x7fea5ff5d2d0>,11,15,[5 2],12,24,39,12,14
1,<environment.Job instance at 0x7fea5ff45b40>,16,1,[5 9],17,39,40,22,21
1,<environment.Job instance at 0x7fea5ff45820>,17,2,[10  2],18,40,42,22,23
1,<environment.Job instance at 0x7fea5ff45a50>,18,2,[8 5],19,42,44,23,25
1,<environment.Job instance at 0x7fea5ff45cd0>,19,17,[9 4],20,44,61,24,35
1,<environment.Job instance at 0x7fea1be2bb90>,28,13,[8 2],29,61,74,32,48
1,<environment.Job instance at 0x7fea1c085a50>,30,2,[8 2],31,74,76,43,58
1,<environment.Job instance at 0x7fea5fd45230>,4,14,[ 3 10],5,76,90,71,62
1,<environment.Job instance at 0x7fea1becc190>,37,15,[10  4],38,90,105,52,76
1,<environment.Job instance at 0x7fea5ff45d70>,20,13,[10  1],21,105,118,84,89
1,<environment.Job instance at 0x7fea1bd1a690>,2,3,[2 8],3,3,6,0,3
1,<environment.Job instance at 0x7fea66658410>,6,16,[1 5],7,8,24,1,8
1,<environment.Job instance at 0x7fea66658230>,7,2,[5 2],8,8,10,0,8
1,<environment.Job instance at 0x7fea5fdd4500>,4,17,[8 5],5,10,27,5,9
1,<environment.Job instance at 0x7fea66658a50>,8,13,[10  4],9,27,40,18,12
1,<environment.Job instance at 0x7fea1c454550>,11,12,[7 2],12,40,52,28,23
1,<environment.Job instance at 0x7fea666e0190>,19,12,[7 5],20,52,64,32,38
1,<environment.Job instance at 0x7fea5fd24870>,24,15,[6 2],25,64,79,39,52
1,<environment.Job instance at 0x7fea6669d230>,31,17,[5 8],32,79,96,47,67
1,<environment.Job instance at 0x7fea6004b320>,14,18,[ 4 10],15,96,114,81,88
1,<environment.Job instance at 0x7fea66974eb0>,36,14,[4 7],37,114,128,77,99
1,<environment.Job instance at 0x7fea1c465af0>,6,12,[9 1],7,7,19,0,7
1,<environment.Job instance at 0x7fea1bc754b0>,7,3,[1 6],8,8,11,0,8
1,<environment.Job instance at 0x7fea1bc75500>,14,2,[7 5],15,21,23,6,21
1,<environment.Job instance at 0x7fea1bc75c30>,17,1,[10  1],18,29,30,11,29
1,<environment.Job instance at 0x7fea1bc75e60>,11,13,[9 3],12,30,43,18,29
1,<environment.Job instance at 0x7fea1bc750a0>,20,2,[10  4],21,43,45,22,29
1,<environment.Job instance at 0x7fea1bc756e0>,21,17,[ 2 10],22,45,62,23,34
1,<environment.Job instance at 0x7fea1bc75cd0>,23,12,[3 9],24,62,74,38,45
1,<environment.Job instance at 0x7fea1c5d83c0>,25,18,[4 6],26,74,92,48,63
1,<environment.Job instance at 0x7fea1bc75a00>,8,18,[10  4],9,92,110,83,85
1,<environment.Job instance at 0x7fea1c5d8690>,32,13,[5 3],33,110,123,77,95
1,<environment.Job instance at 0x7fea1c5d8050>,33,3,[6 5],34,123,126,89,97
1,<environment.Job instance at 0x7fea1c5d84b0>,3,3,[7 1],4,4,7,0,4
1,<environment.Job instance at 0x7fea5fc0ea50>,4,12,[7 1],5,7,19,2,7
1,<environment.Job instance at 0x7fea5fc0e2d0>,7,1,[8 4],8,19,20,11,8
1,<environment.Job instance at 0x7fea5fc0edc0>,8,12,[7 5],9,20,32,11,10
1,<environment.Job instance at 0x7fea5fc0e140>,9,2,[3 9],10,10,12,0,10
1,<environment.Job instance at 0x7fea1c2a2e10>,14,2,[8 5],15,32,34,17,16
1,<environment.Job instance at 0x7fea5fc168c0>,17,14,[5 6],18,34,48,16,19
1,<environment.Job instance at 0x7fea1bc699b0>,0,15,[5 5],1,48,63,47,34
1,<environment.Job instance at 0x7fea1c032cd0>,20,15,[3 7],21,63,78,42,51
1,<environment.Job instance at 0x7fea5fc0c9b0>,21,3,[6 5],22,78,81,56,52
1,<environment.Job instance at 0x7fea1c357a00>,25,3,[8 5],26,81,84,55,65
1,<environment.Job instance at 0x7fea1c5ce320>,26,15,[4 6],27,84,99,57,71
1,<environment.Job instance at 0x7fea1c022460>,32,15,[6 2],33,86,101,53,86
1,<environment.Job instance at 0x7fea5fb28fa0>,16,17,[4 8],17,99,116,82,88
1,<environment.Job instance at 0x7fea5fc08230>,36,14,[6 2],37,101,115,64,96
1,<environment.Job instance at 0x7fea5fc08a50>,2,14,[3 7],3,4,18,1,4
1,<environment.Job instance at 0x7fea1c48e410>,7,1,[7 5],8,18,19,10,8
1,<environment.Job instance at 0x7fea1be96780>,8,1,[10  1],9,19,20,10,9
1,<environment.Job instance at 0x7fea6683b6e0>,9,3,[3 5],10,20,23,10,10
1,<environment.Job instance at 0x7fea1be96370>,10,3,[ 2 10],11,23,26,12,11
1,<environment.Job instance at 0x7fea66936690>,12,14,[6 2],13,26,40,13,13
1,<environment.Job instance at 0x7fea2f7b5a00>,18,12,[6 3],19,40,52,21,23
1,<environment.Job instance at 0x7fea67209b40>,19,3,[7 4],20,52,55,32,26
1,<environment.Job instance at 0x7fea5fbbdfa0>,21,3,[4 5],22,28,31,6,28
1,<environment.Job instance at 0x7fea66580780>,22,3,[10  3],23,55,58,32,29
1,<environment.Job instance at 0x7fea5fbe4be0>,26,14,[10  3],27,58,72,31,43
1,<environment.Job instance at 0x7fea5fbe4370>,27,17,[5 6],28,72,89,44,60
1,<environment.Job instance at 0x7fea5fc01a50>,31,17,[9 3],32,89,106,57,77
1,<environment.Job instance at 0x7fea5ff326e0>,35,3,[9 3],36,106,109,70,80
1,<environment.Job instance at 0x7fea5ff324b0>,37,3,[6 1],38,109,112,71,90
1,<environment.Job instance at 0x7fea5ff325f0>,38,12,[ 1 10],39,112,124,73,95
1,<environment.Job instance at 0x7fea5ff32c30>,39,3,[5 3],40,124,127,84,98
1,<environment.Job instance at 0x7fea1bd6e550>,3,1,[8 3],4,4,5,0,4
1,<environment.Job instance at 0x7fea1bd6e6e0>,7,15,[6 2],8,8,23,0,8
1,<environment.Job instance at 0x7fea1bd6ebe0>,2,18,[2 5],3,9,27,6,9
1,<environment.Job instance at 0x7fea1bd6e370>,5,15,[8 4],6,23,38,17,9
1,<environment.Job instance at 0x7fea5fa08d70>,10,16,[1 6],11,27,43,16,16
1,<environment.Job instance at 0x7fea5fa08a50>,14,18,[9 3],15,38,56,23,27
1,<environment.Job instance at 0x7fea5fa08e10>,20,14,[1 7],21,43,57,22,32
1,<environment.Job instance at 0x7fea5fa08870>,15,16,[3 8],16,57,73,41,44
1,<environment.Job instance at 0x7fea5fa086e0>,12,15,[10  3],13,73,88,60,62
1,<environment.Job instance at 0x7fea666c4c30>,31,13,[1 7],32,88,101,56,72
1,<environment.Job instance at 0x7fea666c4e60>,32,2,[5 3],33,88,90,55,72
1,<environment.Job instance at 0x7fea66bf4be0>,34,14,[5 3],35,90,104,55,81
1,<environment.Job instance at 0x7fea666c46e0>,30,15,[3 7],31,101,116,70,87
1,<environment.Job instance at 0x7fea66aa1d70>,2,14,[10  5],3,6,20,3,6
1,<environment.Job instance at 0x7fea5fc0d5a0>,4,17,[4 9],5,20,37,15,9
1,<environment.Job instance at 0x7fea1bc8b4b0>,11,3,[9 2],12,37,40,25,23
1,<environment.Job instance at 0x7fea1be7faa0>,13,15,[5 3],14,40,55,26,26
1,<environment.Job instance at 0x7fea1be7f3c0>,15,3,[6 3],16,55,58,39,29
1,<environment.Job instance at 0x7fea1be7f870>,14,3,[10  5],15,58,61,43,32
1,<environment.Job instance at 0x7fea1be7f690>,17,2,[9 5],18,61,63,43,34
1,<environment.Job instance at 0x7fea1bc0df00>,19,1,[1 5],20,37,38,17,34
1,<environment.Job instance at 0x7fea1bc0d0a0>,18,18,[6 4],19,63,81,44,52
1,<environment.Job instance at 0x7fea1c2a2cd0>,24,1,[1 7],25,52,53,27,52
1,<environment.Job instance at 0x7fea5fc800f0>,27,18,[5 3],28,81,99,53,70
1,<environment.Job instance at 0x7fea66a3eb90>,30,12,[2 6],31,76,88,45,76
1,<environment.Job instance at 0x7fea66a3ea50>,32,16,[8 1],33,99,115,66,88
1,<environment.Job instance at 0x7fea5feaee10>,34,13,[8 1],35,115,128,80,99
1,<environment.Job instance at 0x7fea1c3e1af0>,36,16,[2 7],37,99,115,62,99
1,<environment.Job instance at 0x7f3a6319d0f0>,2,12,[5 4],3,3,15,0,3
1,<environment.Job instance at 0x7f3a5bd8e230>,5,13,[5 9],6,15,28,9,6
1,<environment.Job instance at 0x7f3a6319d190>,4,18,[10  4],5,28,46,23,18
1,<environment.Job instance at 0x7f3a5bd8e910>,12,3,[6 3],13,46,49,33,37
1,<environment.Job instance at 0x7f3a5bd8ea50>,13,13,[1 8],14,49,62,35,37
1,<environment.Job instance at 0x7f3a5bd8ebe0>,16,12,[1 8],17,62,74,45,45
1,<environment.Job instance at 0x7f3a63224690>,3,18,[ 3 10],4,74,92,70,72
1,<environment.Job instance at 0x7f3a5bd8ed20>,24,3,[5 9],25,92,95,67,75
1,<environment.Job instance at 0x7f3a5bd90050>,25,3,[1 6],26,95,98,69,75
1,<environment.Job instance at 0x7f3a5bd900f0>,27,2,[6 4],28,95,97,67,76
1,<environment.Job instance at 0x7f3a5bd90230>,28,2,[5 9],29,98,100,69,76
1,<environment.Job instance at 0x7f3a5bd904b0>,30,1,[5 5],31,100,101,69,76
1,<environment.Job instance at 0x7f3a5bd903c0>,31,17,[4 9],32,101,118,69,98
1,<environment.Job instance at 0x7f3a5bd905f0>,34,3,[9 5],35,118,121,83,99
1,<environment.Job instance at 0x7f3a5bd90500>,35,16,[8 1],36,121,137,85,108
1,<environment.Job instance at 0x7f3a631c5a00>,3,3,[1 6],4,6,9,2,6
1,<environment.Job instance at 0x7f3a631c5190>,6,15,[9 2],7,11,26,4,11
1,<environment.Job instance at 0x7f3a631c5820>,10,2,[5 6],11,26,28,15,12
1,<environment.Job instance at 0x7f3a631c5f50>,9,16,[1 8],10,28,44,18,15
1,<environment.Job instance at 0x7f3a63303d20>,15,15,[5 3],16,44,59,28,30
1,<environment.Job instance at 0x7f3a633111e0>,19,14,[8 1],20,59,73,39,44
1,<environment.Job instance at 0x7f3a63311c80>,24,15,[10  5],25,73,88,48,59
1,<environment.Job instance at 0x7f3a180883c0>,0,2,[4 5],1,2,4,1,2
1,<environment.Job instance at 0x7f3a63311c80>,7,1,[7 2],8,8,9,0,8
1,<environment.Job instance at 0x7f3a18085d20>,9,12,[5 4],10,11,23,1,11
1,<environment.Job instance at 0x7f3a180855f0>,10,15,[7 4],11,23,38,12,12
1,<environment.Job instance at 0x7f3a180855a0>,11,13,[3 6],12,13,26,1,13
1,<environment.Job instance at 0x7f3a18081730>,15,12,[2 6],16,26,38,10,23
1,<environment.Job instance at 0x7f3a18081410>,17,3,[4 9],18,38,41,20,23
1,<environment.Job instance at 0x7f3a18085410>,3,15,[5 6],4,41,56,37,27
1,<environment.Job instance at 0x7f3a1807dc80>,21,16,[7 4],22,56,72,34,43
1,<environment.Job instance at 0x7f3a1807d320>,23,18,[1 6],24,57,75,33,57
1,<environment.Job instance at 0x7f3a1807d190>,26,17,[2 6],27,75,92,48,63
1,<environment.Job instance at 0x7f3a1807d2d0>,27,16,[2 8],28,92,108,64,79
1,<environment.Job instance at 0x7f3a180d17d0>,32,13,[2 5],33,108,121,75,93
1,<environment.Job instance at 0x7f3a180d1280>,33,14,[3 5],34,108,122,74,93
1,<environment.Job instance at 0x7f3a1844c6e0>,0,13,[ 4 10],1,7,20,6,7
1,<environment.Job instance at 0x7f3a1844cc30>,6,2,[3 5],7,20,22,13,7
1,<environment.Job instance at 0x7f3a186bedc0>,11,15,[3 5],12,20,35,8,12
1,<environment.Job instance at 0x7f3a186beb90>,14,12,[3 5],15,22,34,7,15
1,<environment.Job instance at 0x7f3a186bee60>,17,2,[5 9],18,35,37,17,21
1,<environment.Job instance at 0x7f3a186be050>,15,17,[6 3],16,37,54,21,26
1,<environment.Job instance at 0x7f3a1844eb90>,21,14,[3 6],22,37,51,15,26
1,<environment.Job instance at 0x7f3a1844e1e0>,25,16,[2 6],26,51,67,25,38
1,<environment.Job instance at 0x7f3a1844e190>,28,16,[3 6],29,67,83,38,54
1,<environment.Job instance at 0x7f3a181640f0>,32,2,[1 5],33,83,85,50,56
1,<environment.Job instance at 0x7f3a18164280>,35,12,[2 5],36,83,95,47,69
1,<environment.Job instance at 0x7f3a181642d0>,36,3,[2 7],37,95,98,58,69
1,<environment.Job instance at 0x7f3a18437fa0>,38,3,[4 7],39,98,101,59,79
1,<environment.Job instance at 0x7f3a18014960>,39,18,[ 2 10],40,101,119,61,90
1,<environment.Job instance at 0x7f3a18014af0>,46,15,[4 9],47,119,134,72,106
1,<environment.Job instance at 0x7f3a180143c0>,2,2,[3 5],3,3,5,0,3
1,<environment.Job instance at 0x7f3a5be59eb0>,0,3,[9 1],1,5,8,4,4
1,<environment.Job instance at 0x7f3a18486c30>,7,3,[10  3],8,8,11,0,8
1,<environment.Job instance at 0x7f3a18486dc0>,11,3,[9 3],12,12,15,0,12
1,<environment.Job instance at 0x7f3a1848c280>,13,13,[9 5],14,15,28,1,14
1,<environment.Job instance at 0x7f3a1848c370>,14,15,[ 1 10],15,28,43,13,15
1,<environment.Job instance at 0x7f3a1848c730>,16,2,[9 2],17,43,45,26,18
1,<environment.Job instance at 0x7f3a1848c960>,19,3,[8 5],20,45,48,25,20
1,<environment.Job instance at 0x7f3a1848c6e0>,17,2,[5 2],18,48,50,30,22
1,<environment.Job instance at 0x7f3a1848cd20>,23,14,[3 6],24,48,62,24,35
1,<environment.Job instance at 0x7f3a1848cf00>,25,1,[3 6],26,62,63,36,35
1,<environment.Job instance at 0x7f3a184922d0>,27,13,[6 5],28,63,76,35,48
1,<environment.Job instance at 0x7f3a18492370>,28,2,[7 3],29,50,52,21,48
1,<environment.Job instance at 0x7f3a18492550>,31,14,[1 9],32,76,90,44,62
1,<environment.Job instance at 0x7f3a184925a0>,34,17,[7 4],35,90,107,55,79
1,<environment.Job instance at 0x7f3a18492aa0>,38,12,[5 6],39,107,119,68,93
1,<environment.Job instance at 0x7f3a1835af50>,4,2,[10  3],5,5,7,0,5
1,<environment.Job instance at 0x7f3a1835a370>,2,3,[4 9],3,7,10,4,5
1,<environment.Job instance at 0x7f3a1835ae60>,0,3,[1 6],1,10,13,9,6
1,<environment.Job instance at 0x7f3a18492d70>,7,18,[3 6],8,13,31,5,8
1,<environment.Job instance at 0x7f3a1835ad70>,8,14,[6 4],9,10,24,1,10
1,<environment.Job instance at 0x7f3a1835aaa0>,3,12,[ 2 10],4,31,43,27,15
1,<environment.Job instance at 0x7f3a1835a0f0>,6,16,[2 6],7,43,59,36,32
1,<environment.Job instance at 0x7f3a1835a5a0>,14,14,[7 5],15,59,73,44,44
1,<environment.Job instance at 0x7f3a5bf19f00>,15,12,[6 1],16,73,85,57,56
1,<environment.Job instance at 0x7f3a1835a5f0>,10,18,[5 9],11,85,103,74,75
1,<environment.Job instance at 0x7f3a62c33230>,25,17,[ 5 10],26,103,120,77,94
1,<environment.Job instance at 0x7f3a62c33d20>,26,17,[ 1 10],27,120,137,93,108
1,<environment.Job instance at 0x7f3a186c2a00>,5,3,[10  4],6,6,9,0,6
1,<environment.Job instance at 0x7f3a5c178640>,7,2,[ 2 10],8,9,11,1,8
1,<environment.Job instance at 0x7f3a186c20f0>,11,2,[2 6],12,22,24,10,22
1,<environment.Job instance at 0x7f3a186c2c30>,4,13,[1 8],5,24,37,19,22
1,<environment.Job instance at 0x7f3a186c25f0>,6,14,[1 7],7,37,51,30,24
1,<environment.Job instance at 0x7f3a186c2370>,9,16,[5 3],10,37,53,27,29
1,<environment.Job instance at 0x7f3a185042d0>,13,16,[8 5],14,53,69,39,40
1,<environment.Job instance at 0x7f3a183845f0>,21,12,[5 6],22,69,81,47,52
1,<environment.Job instance at 0x7f3a186454b0>,20,14,[1 8],21,81,95,60,66
1,<environment.Job instance at 0x7f3a5bf1fdc0>,28,14,[9 1],29,81,95,52,67
1,<environment.Job instance at 0x7f3a18625500>,18,17,[3 9],19,95,112,76,83
1,<environment.Job instance at 0x7f3a627224b0>,38,18,[6 5],39,112,130,73,101
1,<environment.Job instance at 0x7f3a1835ec80>,2,3,[4 8],3,4,7,1,4
1,<environment.Job instance at 0x7f3a5bd5b280>,6,1,[5 1],7,7,8,0,7
1,<environment.Job instance at 0x7f3a5bd5b4b0>,8,3,[2 6],9,10,13,1,10
1,<environment.Job instance at 0x7f3a6293b690>,3,13,[5 5],4,13,26,9,11
1,<environment.Job instance at 0x7f3a5bd5b640>,10,2,[3 9],11,26,28,15,11
1,<environment.Job instance at 0x7f3a5bd5b6e0>,13,3,[10  3],14,28,31,14,16
1,<environment.Job instance at 0x7f3a5bd5b960>,14,13,[5 3],15,31,44,16,16
1,<environment.Job instance at 0x7f3a5bd5bd20>,17,3,[7 5],18,44,47,26,20
1,<environment.Job instance at 0x7f3a5bd5bc80>,16,14,[6 4],17,47,61,30,33
1,<environment.Job instance at 0x7f3a5bd3e910>,28,12,[ 4 10],29,61,73,32,46
1,<environment.Job instance at 0x7f3a5bd3e370>,22,17,[6 4],23,73,90,50,61
1,<environment.Job instance at 0x7f3a5bd5a0f0>,36,13,[3 9],37,90,103,53,76
1,<environment.Job instance at 0x7f3a5bd5a3c0>,41,3,[1 9],42,103,106,61,83
1,<environment.Job instance at 0x7f3a5bd5a460>,42,13,[9 4],43,106,119,63,90
1,<environment.Job instance at 0x7f3a5bd5a5a0>,44,16,[2 7],45,119,135,74,107
1,<environment.Job instance at 0x7f3a5bd5ab90>,3,2,[3 5],4,4,6,0,4
1,<environment.Job instance at 0x7f3a5bd5a820>,2,15,[5 9],3,6,21,3,6
1,<environment.Job instance at 0x7f3a627259b0>,7,2,[6 3],8,21,23,13,8
1,<environment.Job instance at 0x7f3a5bcd22d0>,10,2,[5 4],11,23,25,12,11
1,<environment.Job instance at 0x7f3a62766aa0>,16,2,[7 1],17,25,27,8,17
1,<environment.Job instance at 0x7f3a5bcb49b0>,18,16,[7 2],19,27,43,8,20
1,<environment.Job instance at 0x7f3a5bcb8140>,19,1,[1 8],20,25,26,5,20
1,<environment.Job instance at 0x7f3a5bcb4f50>,17,18,[3 8],18,26,44,8,21
1,<environment.Job instance at 0x7f3a627351e0>,28,3,[6 1],29,43,46,14,29
1,<environment.Job instance at 0x7f3a1810bf50>,29,3,[8 2],30,46,49,16,30
1,<environment.Job instance at 0x7f3a5bd86280>,32,3,[5 9],33,49,52,16,42
1,<environment.Job instance at 0x7f3a183c5f00>,25,18,[9 2],26,52,70,26,42
1,<environment.Job instance at 0x7f3a5bd86b90>,33,16,[8 1],34,70,86,36,62
1,<environment.Job instance at 0x7f3a186a37d0>,40,15,[2 8],41,70,85,29,65
1,<environment.Job instance at 0x7f3a18104320>,45,16,[10  5],46,86,102,40,73
1,<environment.Job instance at 0x7f3a1857e780>,48,3,[2 7],49,102,105,53,76
1,<environment.Job instance at 0x7f3a1857e4b0>,50,15,[4 7],51,105,120,54,92
1,<environment.Job instance at 0x7f3a1857ef00>,54,13,[8 2],55,120,133,65,104
1,<environment.Job instance at 0x7f3a1857e460>,58,13,[2 5],59,120,133,61,106
1,<environment.Job instance at 0x7f3a186635a0>,5,3,[5 6],6,6,9,0,6
1,<environment.Job instance at 0x7f3a18663500>,6,1,[2 6],7,9,10,2,7
1,<environment.Job instance at 0x7f3a18635370>,15,3,[9 2],16,16,19,0,16
1,<environment.Job instance at 0x7f3a625d56e0>,9,17,[2 6],10,19,36,9,17
1,<environment.Job instance at 0x7f3a62732320>,19,1,[4 5],20,36,37,16,22
1,<environment.Job instance at 0x7f3a627325a0>,20,13,[5 6],21,37,50,16,22
1,<environment.Job instance at 0x7f3a17f31820>,23,2,[5 1],24,34,36,10,34
1,<environment.Job instance at 0x7f3a6261a050>,24,13,[ 5 10],25,50,63,25,35
1,<environment.Job instance at 0x7f3a181c1640>,25,15,[8 1],26,63,78,37,49
1,<environment.Job instance at 0x7f3a5bf1ed20>,18,15,[5 8],19,78,93,59,64
1,<environment.Job instance at 0x7f3a5bd6e730>,31,15,[5 4],32,93,108,61,79
1,<environment.Job instance at 0x7f3a18504190>,36,15,[3 5],37,93,108,56,89
1,<environment.Job instance at 0x7f3a6279baa0>,6,1,[5 5],7,8,9,1,8
1,<environment.Job instance at 0x7f3a6279baf0>,7,15,[6 2],8,11,26,3,11
1,<environment.Job instance at 0x7f3a6279b820>,13,3,[3 8],14,15,18,1,15
1,<environment.Job instance at 0x7f3a6279bd70>,14,12,[9 1],15,26,38,11,15
1,<environment.Job instance at 0x7f3a18700410>,19,2,[1 9],20,33,35,13,33
1,<environment.Job instance at 0x7f3a18700370>,16,14,[6 4],17,40,54,23,40
1,<environment.Job instance at 0x7f3a187005f0>,22,1,[5 9],23,54,55,31,42
1,<environment.Job instance at 0x7f3a18700690>,23,1,[2 6],24,44,45,20,44
1,<environment.Job instance at 0x7f3a18700730>,24,13,[2 7],25,55,68,30,44
1,<environment.Job instance at 0x7f3a187009b0>,28,14,[6 4],29,68,82,39,63
1,<environment.Job instance at 0x7f3a18700a50>,29,3,[1 7],30,82,85,52,63
1,<environment.Job instance at 0x7f3a18700af0>,30,2,[1 6],31,68,70,37,63
1,<environment.Job instance at 0x7f3a186de0a0>,33,2,[2 7],34,85,87,51,64
1,<environment.Job instance at 0x7f3a186de3c0>,34,3,[10  5],35,87,90,52,69
1,<environment.Job instance at 0x7f3a62b380a0>,4,15,[10  2],5,90,105,85,77
1,<environment.Job instance at 0x7f3a186de320>,35,16,[7 3],36,105,121,69,92
1,<environment.Job instance at 0x7f3a186deaa0>,43,16,[2 6],44,105,121,61,96
1,<environment.Job instance at 0x7f3a186de460>,44,2,[6 1],45,121,123,76,96
1,<environment.Job instance at 0x7f3a186dee60>,46,12,[2 7],47,121,133,74,108
1,<environment.Job instance at 0x7f3a186deaf0>,4,3,[10  2],5,5,8,0,5
1,<environment.Job instance at 0x7f3a62aaaa50>,8,2,[1 9],9,9,11,0,9
1,<environment.Job instance at 0x7f3a62aaa500>,7,18,[1 6],8,12,30,4,12
1,<environment.Job instance at 0x7f3a62aaab40>,13,3,[6 2],14,14,17,0,14
1,<environment.Job instance at 0x7f3a6308ad20>,12,14,[7 3],13,17,31,4,15
1,<environment.Job instance at 0x7f3a185f9280>,15,3,[9 2],16,31,34,15,30
1,<environment.Job instance at 0x7f3a185f98c0>,18,3,[10  4],19,34,37,15,30
1,<environment.Job instance at 0x7f3a185f9640>,17,3,[8 1],18,37,40,19,30
1,<environment.Job instance at 0x7f3a185f9cd0>,21,1,[2 5],22,37,38,15,31
1,<environment.Job instance at 0x7f3a185f9690>,19,18,[6 2],20,40,58,20,32
1,<environment.Job instance at 0x7f3a185f9c30>,22,13,[ 3 10],23,58,71,35,43
1,<environment.Job instance at 0x7f3a5bd0acd0>,29,2,[8 2],30,71,73,41,52
1,<environment.Job instance at 0x7f3a5bd0abe0>,31,2,[6 1],32,73,75,41,52
1,<environment.Job instance at 0x7f3a63308c80>,33,1,[7 3],34,75,76,41,52
1,<environment.Job instance at 0x7f3a633083c0>,34,2,[2 5],35,52,54,17,52
1,<environment.Job instance at 0x7f3a63308eb0>,32,12,[1 9],33,76,88,43,61
1,<environment.Job instance at 0x7f3a63308be0>,35,16,[4 9],36,88,104,52,75
1,<environment.Job instance at 0x7f3a63308960>,36,18,[5 5],37,104,122,67,93
1,<environment.Job instance at 0x7f3a180d3aa0>,49,2,[6 1],50,95,97,45,95
1,<environment.Job instance at 0x7f3a5bb71c80>,51,3,[7 4],52,122,125,70,96
1,<environment.Job instance at 0x7f3a5bc63190>,2,2,[5 3],3,3,5,0,3
1,<environment.Job instance at 0x7f3a5bd6be10>,7,3,[9 4],8,8,11,0,8
1,<environment.Job instance at 0x7f3a5bd6bbe0>,8,13,[8 2],9,11,24,2,10
1,<environment.Job instance at 0x7f3a5bd6bc30>,6,16,[5 6],7,24,40,17,12
1,<environment.Job instance at 0x7f3a5bd6b870>,11,16,[4 6],12,40,56,28,27
1,<environment.Job instance at 0x7f3a5be18f00>,21,1,[6 3],22,40,41,18,33
1,<environment.Job instance at 0x7f3a5be18140>,22,14,[3 7],23,56,70,33,41
1,<environment.Job instance at 0x7f3a5be18960>,18,16,[ 5 10],19,70,86,51,57
1,<environment.Job instance at 0x7f3a1849bbe0>,30,13,[2 8],31,86,99,55,71
1,<environment.Job instance at 0x7f3a5bdf8820>,34,13,[5 8],35,99,112,64,89
1,<environment.Job instance at 0x7f3a5bdf8410>,38,16,[9 1],39,112,128,73,106
1,<environment.Job instance at 0x7f3a5bd6d870>,4,16,[8 2],5,6,22,1,6
1,<environment.Job instance at 0x7f3a6308abe0>,1,17,[5 8],2,22,39,20,12
1,<environment.Job instance at 0x7f3a181a8320>,14,2,[1 9],15,39,41,24,20
1,<environment.Job instance at 0x7f3a181a8410>,15,14,[5 4],16,41,55,25,26
1,<environment.Job instance at 0x7f3a181a8730>,18,3,[9 5],19,55,58,36,32
1,<environment.Job instance at 0x7f3a181a8c30>,19,3,[5 4],20,41,44,21,35
1,<environment.Job instance at 0x7f3a181a86e0>,21,12,[3 5],22,58,70,36,41
1,<environment.Job instance at 0x7f3a181a8d20>,22,2,[1 9],23,70,72,47,43
1,<environment.Job instance at 0x7f3a181a8960>,20,2,[3 5],21,44,46,23,43
1,<environment.Job instance at 0x7f3a5bd6c8c0>,25,2,[9 5],26,72,74,46,45
1,<environment.Job instance at 0x7f3a181c2cd0>,29,15,[6 4],30,74,89,44,60
1,<environment.Job instance at 0x7f3a5bdf73c0>,30,2,[7 5],31,60,62,29,60
1,<environment.Job instance at 0x7f3a5c267050>,36,17,[1 6],37,74,91,37,71
1,<environment.Job instance at 0x7f3a1819daf0>,9,13,[10  4],10,91,104,81,75
1,<environment.Job instance at 0x7f3a5bc32960>,44,14,[ 5 10],45,104,118,59,90
1,<environment.Job instance at 0x7f3a5bc2dd70>,47,15,[4 8],48,118,133,70,106
1,<environment.Job instance at 0x7f3a5bdc1640>,7,12,[6 5],8,8,20,0,8
1,<environment.Job instance at 0x7f3a5bfcfb90>,9,3,[7 3],10,20,23,10,10
1,<environment.Job instance at 0x7f3a62a71410>,11,12,[5 3],12,23,35,11,12
1,<environment.Job instance at 0x7f3a62bd43c0>,12,3,[5 8],13,35,38,22,13
1,<environment.Job instance at 0x7f3a6261ffa0>,19,1,[5 6],20,26,27,6,26
1,<environment.Job instance at 0x7f3a5bd0c4b0>,20,18,[3 5],21,38,56,17,27
1,<environment.Job instance at 0x7f3a5c17dc80>,22,3,[5 8],23,56,59,33,30
1,<environment.Job instance at 0x7f3a5c17d1e0>,23,14,[6 2],24,38,52,14,30
1,<environment.Job instance at 0x7f3a5c00cdc0>,26,2,[5 3],27,32,34,5,32
1,<environment.Job instance at 0x7f3a5c17d5f0>,28,12,[6 4],29,59,71,30,42
1,<environment.Job instance at 0x7f3a62beeaa0>,31,13,[3 5],32,59,72,27,43
1,<environment.Job instance at 0x7f3a62bee6e0>,36,13,[6 4],37,71,84,34,55
1,<environment.Job instance at 0x7f3a5c238640>,39,12,[5 8],40,84,96,44,68
1,<environment.Job instance at 0x7f3a5c2389b0>,40,2,[5 4],41,96,98,55,69
1,<environment.Job instance at 0x7f3a5c238dc0>,43,3,[6 1],44,98,101,54,73
1,<environment.Job instance at 0x7f3a5bb85c80>,45,3,[8 1],46,101,104,55,75
1,<environment.Job instance at 0x7f3a5bd62050>,53,14,[ 5 10],54,104,118,50,93
1,<environment.Job instance at 0x7f3a62bb6050>,55,13,[7 4],56,118,131,62,102
1,<environment.Job instance at 0x7f3a62bb6190>,57,3,[6 5],58,131,134,73,105
1,<environment.Job instance at 0x7f3a17ebe370>,0,2,[8 1],1,2,4,1,2
1,<environment.Job instance at 0x7f3a17ebe190>,8,1,[5 3],9,19,20,10,19
1,<environment.Job instance at 0x7f3a17ebe500>,12,2,[5 4],13,26,28,13,26
1,<environment.Job instance at 0x7f3a17ebe8c0>,13,15,[ 3 10],14,36,51,22,36
1,<environment.Job instance at 0x7f3a17ebec80>,15,14,[7 5],16,56,70,40,56
1,<environment.Job instance at 0x7f3a17ebeaa0>,21,3,[1 5],22,56,59,34,56
1,<environment.Job instance at 0x7f3a17d76910>,22,12,[8 2],23,70,82,47,57
1,<environment.Job instance at 0x7f3a17ebe9b0>,14,12,[7 5],15,82,94,67,65
1,<environment.Job instance at 0x7f3a17d76f50>,32,1,[1 5],33,77,78,44,77
1,<environment.Job instance at 0x7f3a17d760f0>,33,12,[6 5],34,94,106,60,77
1,<environment.Job instance at 0x7f3a17d76b40>,36,1,[7 4],37,106,107,69,89
1,<environment.Job instance at 0x7f3a17d76e10>,31,16,[8 4],32,107,123,75,97
1,<environment.Job instance at 0x7f3a5bb89500>,8,2,[3 8],9,22,24,13,22
1,<environment.Job instance at 0x7f3a5bb89550>,9,15,[9 1],10,24,39,14,22
1,<environment.Job instance at 0x7f3a5bb893c0>,12,1,[3 6],13,39,40,26,22
1,<environment.Job instance at 0x7f3a5bb89a00>,13,2,[5 5],14,40,42,26,22
1,<environment.Job instance at 0x7f3a5bb89c80>,15,3,[2 8],16,42,45,26,25
1,<environment.Job instance at 0x7f3a5bb890f0>,10,12,[10  4],11,45,57,34,30
1,<environment.Job instance at 0x7f3a5bbb0a00>,18,3,[4 5],19,57,60,38,32
1,<environment.Job instance at 0x7f3a5bb8f0f0>,20,13,[3 7],21,60,73,39,49
1,<environment.Job instance at 0x7f3a5bbb0d70>,21,1,[7 2],22,60,61,38,49
1,<environment.Job instance at 0x7f3a18508730>,23,2,[4 9],24,73,75,49,55
1,<environment.Job instance at 0x7f3a1872f640>,5,12,[10  3],6,9,21,3,9
1,<environment.Job instance at 0x7f3a1872faa0>,8,1,[1 5],9,21,22,12,10
1,<environment.Job instance at 0x7f3a5bcbe140>,10,12,[4 5],11,21,33,10,12
1,<environment.Job instance at 0x7f3a1872f500>,12,18,[1 5],13,22,40,9,16
1,<environment.Job instance at 0x7f3a5bc4eaa0>,11,16,[1 5],12,33,49,21,20
1,<environment.Job instance at 0x7f3a1848d7d0>,19,3,[9 3],20,40,43,20,25
1,<environment.Job instance at 0x7f3a6279e780>,21,2,[5 2],22,43,45,21,25
1,<environment.Job instance at 0x7f3a628bff50>,25,1,[3 5],26,45,46,19,27
1,<environment.Job instance at 0x7f3a628bf410>,26,3,[8 4],27,46,49,19,29
1,<environment.Job instance at 0x7f3a5bc4efa0>,9,14,[2 5],10,49,63,39,34
1,<environment.Job instance at 0x7f3a6261b820>,28,3,[7 1],29,49,52,20,34
1,<environment.Job instance at 0x7f3a6261baf0>,29,3,[7 5],30,52,55,22,34
1,<environment.Job instance at 0x7f3a62946410>,18,16,[6 5],19,55,71,36,43
1,<environment.Job instance at 0x7f3a17d98780>,32,14,[10  5],33,71,85,38,56
1,<environment.Job instance at 0x7f3a1872f550>,6,16,[1 7],7,85,101,78,72
1,<environment.Job instance at 0x7f3a17d980a0>,34,17,[4 9],35,101,118,66,98
1,<environment.Job instance at 0x7f3a17d98820>,41,3,[9 2],42,118,121,76,99
1,<environment.Job instance at 0x7f3a5bb68500>,3,3,[5 2],4,4,7,0,4
1,<environment.Job instance at 0x7f3a5bb68410>,7,2,[4 5],8,8,10,0,8
1,<environment.Job instance at 0x7f3a5bb68780>,6,12,[1 9],7,10,22,3,8
1,<environment.Job instance at 0x7f3a5bb68370>,4,12,[ 1 10],5,22,34,17,8
1,<environment.Job instance at 0x7f3a5bb68640>,10,3,[1 9],11,34,37,23,11
1,<environment.Job instance at 0x7f3a5bb68730>,11,2,[3 5],12,37,39,25,12
1,<environment.Job instance at 0x7f3a5be90820>,14,16,[3 5],15,37,53,22,24
1,<environment.Job instance at 0x7f3a5be90af0>,16,12,[1 5],17,39,51,22,36
1,<environment.Job instance at 0x7f3a5be90050>,18,3,[7 1],19,51,54,32,36
1,<environment.Job instance at 0x7f3a5be90730>,21,12,[7 5],22,54,66,32,37
1,<environment.Job instance at 0x7f3a625c90a0>,24,3,[5 3],25,66,69,41,45
1,<environment.Job instance at 0x7f3a5bb68aa0>,12,16,[4 7],13,66,82,53,53
1,<environment.Job instance at 0x7f3a5c18e370>,27,13,[9 2],28,82,95,54,68
1,<environment.Job instance at 0x7f3a5c18ef00>,33,14,[5 9],34,95,109,61,83
1,<environment.Job instance at 0x7f3a5c18eb90>,34,2,[ 4 10],35,109,111,74,83
1,<environment.Job instance at 0x7f3a5be90b40>,15,15,[ 3 10],16,111,126,95,101
1,<environment.Job instance at 0x7f3a182785a0>,3,2,[8 4],4,4,6,0,4
1,<environment.Job instance at 0x7f3a18278b90>,2,2,[7 3],3,6,8,3,5
1,<environment.Job instance at 0x7f3a182788c0>,5,16,[6 5],6,8,24,2,8
1,<environment.Job instance at 0x7f3a6297ee10>,8,3,[7 1],9,24,27,15,9
1,<environment.Job instance at 0x7f3a186c2640>,6,15,[1 6],7,24,39,17,10
1,<environment.Job instance at 0x7f3a5c21b9b0>,16,14,[7 3],17,27,41,10,19
1,<environment.Job instance at 0x7f3a181e8640>,20,3,[8 1],21,41,44,20,24
1,<environment.Job instance at 0x7f3a181e8460>,21,14,[1 8],22,41,55,19,27
1,<environment.Job instance at 0x7f3a5c21baf0>,13,15,[9 4],14,55,70,41,41
1,<environment.Job instance at 0x7f3a5bb89d20>,27,2,[ 1 10],28,70,72,42,54
1,<environment.Job instance at 0x7f3a5c21b4b0>,17,18,[2 8],18,72,90,54,65
1,<environment.Job instance at 0x7f3a1819a8c0>,33,14,[7 2],34,72,86,38,72
1,<environment.Job instance at 0x7f3a5c1d5af0>,35,12,[8 1],36,86,98,50,72
1,<environment.Job instance at 0x7f3a1819afa0>,32,17,[1 7],33,90,107,57,78
1,<environment.Job instance at 0x7f3a5c1d5910>,39,12,[4 6],40,107,119,67,90
1,<environment.Job instance at 0x7f3a5c1cd3c0>,40,17,[5 2],41,98,115,57,90
1,<environment.Job instance at 0x7f3a5c1cd050>,46,12,[2 8],47,119,131,72,102
1,<environment.Job instance at 0x7f2b12126d70>,4,18,[10  4],5,7,25,2,7
1,<environment.Job instance at 0x7f2b0ac8d550>,7,14,[5 1],8,25,39,17,10
1,<environment.Job instance at 0x7f2b0ac8d730>,9,17,[ 4 10],10,39,56,29,28
1,<environment.Job instance at 0x7f2b0ac8daa0>,14,12,[3 7],15,56,68,41,39
1,<environment.Job instance at 0x7f2b0ac8dd70>,18,16,[8 5],19,68,84,49,55
1,<environment.Job instance at 0x7f2b1209d0f0>,0,18,[ 2 10],1,84,102,83,83
1,<environment.Job instance at 0x7f2b0ac8dfa0>,24,3,[5 9],25,102,105,77,83
1,<environment.Job instance at 0x7f2b0ac8f230>,25,3,[1 6],26,105,108,79,83
1,<environment.Job instance at 0x7f2b0ac8f4b0>,28,2,[5 9],29,108,110,79,83
1,<environment.Job instance at 0x7f2b0ac8f6e0>,32,17,[9 3],33,110,127,77,98
1,<environment.Job instance at 0x7f2b0ac8f960>,37,14,[5 5],38,127,141,89,112
1,<environment.Job instance at 0x7f2b12213280>,7,3,[1 8],8,8,11,0,8
1,<environment.Job instance at 0x7f2b12203a00>,8,16,[7 1],9,11,27,2,11
1,<environment.Job instance at 0x7f2b122040f0>,12,3,[8 5],13,27,30,14,13
1,<environment.Job instance at 0x7f2b12204640>,14,15,[10  5],15,30,45,15,16
1,<environment.Job instance at 0x7f2b122096e0>,4,15,[9 1],5,45,60,40,34
1,<environment.Job instance at 0x7f2b12217410>,16,18,[1 6],17,45,63,28,34
1,<environment.Job instance at 0x7f2b122171e0>,21,16,[5 4],22,60,76,38,49
1,<environment.Job instance at 0x7f2b12217550>,25,15,[6 2],26,76,91,50,62
1,<environment.Job instance at 0x7f2b122173c0>,26,15,[6 2],27,91,106,64,77
1,<environment.Job instance at 0x7f2b1220d320>,30,13,[2 6],31,78,91,47,78
1,<environment.Job instance at 0x7f2b1220dc30>,32,16,[6 2],33,106,122,73,93
1,<environment.Job instance at 0x7f2b122111e0>,35,14,[3 8],36,93,107,57,93
1,<environment.Job instance at 0x7f2b12211f50>,37,17,[3 8],38,107,124,69,96
1,<environment.Job instance at 0x7f2b12211e10>,40,12,[6 3],41,124,136,83,108
1,<environment.Job instance at 0x7f2ac6f41870>,3,18,[1 6],4,4,22,0,4
1,<environment.Job instance at 0x7f2ac6f41280>,5,3,[6 4],6,6,9,0,6
1,<environment.Job instance at 0x7f2ac6f41c30>,10,18,[8 5],11,22,40,11,11
1,<environment.Job instance at 0x7f2ac6f41190>,12,13,[2 5],13,26,39,13,26
1,<environment.Job instance at 0x7f2ac6f41690>,8,12,[9 2],9,40,52,31,26
1,<environment.Job instance at 0x7f2ac6f41a00>,19,12,[1 8],20,40,52,20,32
1,<environment.Job instance at 0x7f2ac6f417d0>,4,15,[9 5],5,52,67,47,40
1,<environment.Job instance at 0x7f2ac7004c80>,24,18,[10  2],25,67,85,42,56
1,<environment.Job instance at 0x7f2b120c52d0>,1,16,[7 4],2,85,101,83,72
1,<environment.Job instance at 0x7f2ac6fa4af0>,32,17,[8 2],33,101,118,68,90
1,<environment.Job instance at 0x7f2ac6fa4dc0>,33,18,[7 5],34,118,136,84,109
1,<environment.Job instance at 0x7f2ac734b140>,5,12,[2 5],6,6,18,0,6
1,<environment.Job instance at 0x7f2ac734bc80>,7,13,[ 1 10],8,18,31,10,8
1,<environment.Job instance at 0x7f2ac6f15fa0>,14,2,[4 8],15,31,33,16,22
1,<environment.Job instance at 0x7f2ac70600a0>,12,2,[6 3],13,33,35,20,22
1,<environment.Job instance at 0x7f2ac6f150f0>,18,14,[3 6],19,45,59,26,45
1,<environment.Job instance at 0x7f2ac7060eb0>,10,17,[7 1],11,45,62,34,45
1,<environment.Job instance at 0x7f2ac6f15640>,16,15,[4 9],17,62,77,45,49
1,<environment.Job instance at 0x7f2ac6f15cd0>,30,12,[1 5],31,77,89,46,61
1,<environment.Job instance at 0x7f2ac7350370>,33,18,[8 1],34,77,95,43,70
1,<environment.Job instance at 0x7f2ac73500f0>,39,17,[2 6],40,104,121,64,104
1,<environment.Job instance at 0x7f2ac6f15c30>,20,18,[4 8],21,121,139,100,110
1,<environment.Job instance at 0x7f2b0b0c0050>,0,1,[10  3],1,1,2,0,1
1,<environment.Job instance at 0x7f2ac738b5f0>,9,3,[4 8],10,10,13,0,10
1,<environment.Job instance at 0x7f2ac738b1e0>,7,12,[10  4],8,13,25,5,13
1,<environment.Job instance at 0x7f2ac738b7d0>,13,14,[8 2],14,25,39,11,14
1,<environment.Job instance at 0x7f2ac738bf50>,22,3,[ 3 10],23,40,43,17,40
1,<environment.Job instance at 0x7f2ac7389370>,25,2,[9 3],26,43,45,17,40
1,<environment.Job instance at 0x7f2ac7389550>,26,14,[7 5],27,45,59,18,40
1,<environment.Job instance at 0x7f2ac738b690>,12,17,[2 5],13,45,62,32,40
1,<environment.Job instance at 0x7f2ac7389690>,29,3,[3 6],30,62,65,32,40
1,<environment.Job instance at 0x7f2ac7389870>,32,12,[3 8],33,65,77,32,50
1,<environment.Job instance at 0x7f2ac73890f0>,23,15,[6 5],24,77,92,53,63
1,<environment.Job instance at 0x7f2ac7389a50>,35,16,[4 5],36,77,93,41,64
1,<environment.Job instance at 0x7f2ac737a410>,41,15,[3 5],42,92,107,50,78
1,<environment.Job instance at 0x7f2ac7389cd0>,39,17,[ 5 10],40,107,124,67,96
1,<environment.Job instance at 0x7f2ac737a550>,46,14,[ 5 10],47,124,138,77,109
1,<environment.Job instance at 0x7f2ac737a6e0>,1,3,[5 9],2,3,6,1,3
1,<environment.Job instance at 0x7f2b0ad61960>,4,2,[9 2],5,6,8,1,5
1,<environment.Job instance at 0x7f2b0ad616e0>,8,17,[2 6],9,9,26,0,9
1,<environment.Job instance at 0x7f2b0ad619b0>,13,17,[5 3],14,14,31,0,14
1,<environment.Job instance at 0x7f2b0f8b5c80>,15,13,[8 5],16,31,44,15,16
1,<environment.Job instance at 0x7f2b0f36e960>,18,16,[6 5],19,44,60,25,31
1,<environment.Job instance at 0x7f2b0aae1320>,21,2,[3 5],22,44,46,22,31
1,<environment.Job instance at 0x7f2b0aae1aa0>,22,15,[2 5],23,46,61,23,32
1,<environment.Job instance at 0x7f2b0aae1140>,24,16,[9 2],25,61,77,36,48
1,<environment.Job instance at 0x7f2b0aae1280>,27,1,[3 6],28,77,78,49,58
1,<environment.Job instance at 0x7f2b0aae1870>,28,13,[6 1],29,77,90,48,61
1,<environment.Job instance at 0x7f2b0aae1a00>,29,13,[1 8],30,61,74,31,61
1,<environment.Job instance at 0x7f2b0aae1780>,32,13,[ 5 10],33,90,103,57,74
1,<environment.Job instance at 0x7f2b0ad613c0>,12,15,[10  1],13,103,118,90,89
1,<environment.Job instance at 0x7f2b0aacd370>,39,16,[10  2],40,118,134,78,105
1,<environment.Job instance at 0x7f2b0aacdcd0>,41,2,[2 9],42,134,136,92,111
1,<environment.Job instance at 0x7f2b120202d0>,42,2,[7 3],43,136,138,93,111
1,<environment.Job instance at 0x7f2b0aacdf50>,43,3,[8 1],44,138,141,94,112
1,<environment.Job instance at 0x7f2b0af7fb40>,1,2,[8 4],2,4,6,2,4
1,<environment.Job instance at 0x7f2b0af7f8c0>,2,2,[8 4],3,6,8,3,6
1,<environment.Job instance at 0x7f2ac70d42d0>,6,3,[8 3],7,8,11,1,7
1,<environment.Job instance at 0x7f2b0afa3d70>,9,1,[5 1],10,11,12,1,11
1,<environment.Job instance at 0x7f2b0b03cd20>,11,3,[6 4],12,12,15,0,12
1,<environment.Job instance at 0x7f2b0b03c780>,10,12,[1 7],11,15,27,4,13
1,<environment.Job instance at 0x7f2ac712ed70>,13,15,[5 5],14,27,42,13,14
1,<environment.Job instance at 0x7f2b0f2b52d0>,12,17,[ 2 10],13,42,59,29,35
1,<environment.Job instance at 0x7f2ac714fcd0>,25,2,[4 7],26,59,61,33,49
1,<environment.Job instance at 0x7f2ac714f410>,26,18,[6 3],27,59,77,32,49
1,<environment.Job instance at 0x7f2ac7261c80>,27,1,[2 6],28,61,62,33,49
1,<environment.Job instance at 0x7f2ac7261e60>,28,3,[8 3],29,77,80,48,51
1,<environment.Job instance at 0x7f2b0ab19f00>,31,18,[4 8],32,80,98,48,69
1,<environment.Job instance at 0x7f2b0ab190f0>,32,15,[4 8],33,98,113,65,84
1,<environment.Job instance at 0x7f2b0ab19640>,36,12,[2 7],37,113,125,76,96
1,<environment.Job instance at 0x7f2ac70d4370>,4,16,[4 5],5,125,141,120,112
1,<environment.Job instance at 0x7f2b0aad0d20>,41,12,[5 5],42,125,137,83,115
1,<environment.Job instance at 0x7f2ac758e2d0>,4,2,[9 3],5,5,7,0,5
1,<environment.Job instance at 0x7f2ac6fd5550>,6,13,[9 3],7,8,21,1,8
1,<environment.Job instance at 0x7f2b0f9ae640>,3,14,[3 6],4,21,35,17,9
1,<environment.Job instance at 0x7f2ac6fd5780>,8,16,[9 4],9,35,51,26,22
1,<environment.Job instance at 0x7f2ac6fd5eb0>,15,14,[ 1 10],16,51,65,35,37
1,<environment.Job instance at 0x7f2ac6fd5e60>,18,14,[1 7],19,65,79,46,51
1,<environment.Job instance at 0x7f2ac6fe8460>,22,14,[3 9],23,79,93,56,64
1,<environment.Job instance at 0x7f2ac6fe8320>,24,14,[5 3],25,65,79,40,64
1,<environment.Job instance at 0x7f2b0ab177d0>,5,15,[3 5],6,6,21,0,6
1,<environment.Job instance at 0x7f2b0f7148c0>,6,3,[7 4],7,7,10,0,7
1,<environment.Job instance at 0x7f2b0ac76640>,8,2,[7 4],9,10,12,1,9
1,<environment.Job instance at 0x7f2b0ac76820>,9,2,[5 1],10,12,14,2,10
1,<environment.Job instance at 0x7f2b0ac76fa0>,10,2,[10  5],11,21,23,10,11
1,<environment.Job instance at 0x7f2b0ac76b90>,11,3,[9 1],12,23,26,11,12
1,<environment.Job instance at 0x7f2b0ac76190>,15,12,[2 8],16,26,38,10,23
1,<environment.Job instance at 0x7f2b0ac76500>,12,13,[9 1],13,38,51,25,23
1,<environment.Job instance at 0x7f2b0aef12d0>,19,15,[2 6],20,51,66,31,37
1,<environment.Job instance at 0x7f2b0adb02d0>,24,3,[4 5],25,66,69,41,40
1,<environment.Job instance at 0x7f2b0f2b9320>,22,13,[2 9],23,69,82,46,54
1,<environment.Job instance at 0x7f2ac75c7f00>,33,2,[ 4 10],34,82,84,48,67
1,<environment.Job instance at 0x7f2ac7244690>,34,18,[10  2],35,84,102,49,73
1,<environment.Job instance at 0x7f2b0ab65640>,37,15,[5 8],38,102,117,64,89
1,<environment.Job instance at 0x7f2ac727ad70>,43,14,[ 5 10],44,117,131,73,102
1,<environment.Job instance at 0x7f2b0ade9050>,48,15,[5 8],49,131,146,82,117
1,<environment.Job instance at 0x7f2b0ac78550>,6,1,[ 4 10],7,8,9,1,8
1,<environment.Job instance at 0x7f2b0ac78820>,11,18,[4 7],12,12,30,0,12
1,<environment.Job instance at 0x7f2b0f58bd20>,0,12,[7 4],1,30,42,29,14
1,<environment.Job instance at 0x7f2ac73302d0>,17,1,[10  4],18,42,43,24,18
1,<environment.Job instance at 0x7f2ac7593c30>,18,2,[3 6],19,30,32,11,19
1,<environment.Job instance at 0x7f2b0aaa84b0>,20,15,[5 5],21,43,58,22,29
1,<environment.Job instance at 0x7f2b0aaa83c0>,24,15,[10  2],25,58,73,33,46
1,<environment.Job instance at 0x7f2b0f3c7410>,28,3,[ 1 10],29,73,76,44,57
1,<environment.Job instance at 0x7f2b0f64fd20>,8,17,[9 5],9,76,93,67,75
1,<environment.Job instance at 0x7f2b120c1d20>,36,14,[6 4],37,93,107,56,79
1,<environment.Job instance at 0x7f2b0ab20f50>,39,2,[1 9],40,107,109,67,80
1,<environment.Job instance at 0x7f2b0ab20280>,40,12,[5 6],41,109,121,68,94
1,<environment.Job instance at 0x7f2b0ab20140>,42,1,[5 9],43,121,122,78,94
1,<environment.Job instance at 0x7f2b120c10f0>,34,12,[9 1],35,122,134,87,105
1,<environment.Job instance at 0x7f2b0ad64aa0>,1,2,[1 9],2,2,4,0,2
1,<environment.Job instance at 0x7f2b120c1140>,2,3,[10  4],3,4,7,1,3
1,<environment.Job instance at 0x7f2b0aa05e10>,5,16,[7 3],6,8,24,2,8
1,<environment.Job instance at 0x7f2b120c10f0>,4,3,[9 3],5,24,27,19,8
1,<environment.Job instance at 0x7f2b0aa05f50>,8,13,[8 5],9,27,40,18,11
1,<environment.Job instance at 0x7f2b0afe94b0>,13,3,[ 4 10],14,40,43,26,19
1,<environment.Job instance at 0x7f2b0afe9690>,12,16,[5 4],13,43,59,30,30
1,<environment.Job instance at 0x7f2b0a9f7320>,27,3,[8 1],28,59,62,31,47
1,<environment.Job instance at 0x7f2b0afe9cd0>,20,17,[9 2],21,62,79,41,51
1,<environment.Job instance at 0x7f2b0a9f7460>,29,18,[6 2],30,79,97,49,68
1,<environment.Job instance at 0x7f2b0a9f78c0>,33,14,[ 4 10],34,97,111,63,84
1,<environment.Job instance at 0x7f2b0a9f7c80>,39,2,[8 2],40,111,113,71,84
1,<environment.Job instance at 0x7f2b0a9f7050>,40,2,[5 4],41,113,115,72,86
1,<environment.Job instance at 0x7f2b0a9f7eb0>,41,2,[6 1],42,115,117,73,88
1,<environment.Job instance at 0x7f2b0a9f7c30>,43,1,[7 3],44,117,118,73,95
1,<environment.Job instance at 0x7f2b0a9f7e10>,44,2,[2 5],45,95,97,50,95
1,<environment.Job instance at 0x7f2b0f734c30>,0,18,[6 4],1,118,136,117,107
1,<environment.Job instance at 0x7f2b11fdb5f0>,2,2,[5 3],3,3,5,0,3
1,<environment.Job instance at 0x7f2b0a9ff5f0>,4,1,[6 1],5,7,8,2,7
1,<environment.Job instance at 0x7f2b1220eb90>,5,15,[1 5],6,9,24,3,9
1,<environment.Job instance at 0x7f2b0afdb1e0>,8,13,[8 2],9,11,24,2,11
1,<environment.Job instance at 0x7f2b0abf23c0>,12,15,[5 1],13,24,39,11,13
1,<environment.Job instance at 0x7f2b0abf21e0>,11,16,[4 6],12,24,40,12,19
1,<environment.Job instance at 0x7f2b0ac487d0>,17,15,[10  4],18,40,55,22,26
1,<environment.Job instance at 0x7f2b0f25ecd0>,22,14,[3 7],23,55,69,32,40
1,<environment.Job instance at 0x7f2b11fdb4b0>,0,13,[10  1],1,69,82,68,54
1,<environment.Job instance at 0x7f2b0f25e910>,30,13,[2 8],31,82,95,51,66
1,<environment.Job instance at 0x7f2ac73fa820>,34,13,[5 8],35,95,108,60,86
1,<environment.Job instance at 0x7f2ac6d641e0>,38,16,[9 1],39,108,124,69,96
1,<environment.Job instance at 0x7f2b0ac98d20>,4,2,[1 9],5,5,7,0,5
1,<environment.Job instance at 0x7f2b0ac987d0>,10,2,[3 5],11,16,18,5,16
1,<environment.Job instance at 0x7f2b0ac98b40>,11,12,[3 5],12,16,28,4,16
1,<environment.Job instance at 0x7f2b0ac98140>,5,14,[5 4],6,18,32,12,17
1,<environment.Job instance at 0x7f2b0ac98780>,9,3,[5 4],10,28,31,18,19
1,<environment.Job instance at 0x7f2b0ac98730>,8,3,[9 5],9,32,35,23,21
1,<environment.Job instance at 0x7f2b0f58af50>,18,14,[5 4],19,35,49,16,21
1,<environment.Job instance at 0x7f2ac71c99b0>,21,2,[ 2 10],22,49,51,27,22
1,<environment.Job instance at 0x7f2b0f2a5500>,23,1,[9 4],24,51,52,27,27
1,<environment.Job instance at 0x7f2b0f58ae10>,20,2,[7 5],21,52,54,31,27
1,<environment.Job instance at 0x7f2b0f2a5410>,26,17,[1 6],27,54,71,27,43
1,<environment.Job instance at 0x7f2b0f2a5910>,29,3,[4 5],30,71,74,41,51
1,<environment.Job instance at 0x7f2b0ac17500>,3,14,[ 4 10],4,74,88,70,60
1,<environment.Job instance at 0x7f2ac746edc0>,37,15,[4 8],38,88,103,50,76
1,<environment.Job instance at 0x7f2ac746eaa0>,38,15,[1 6],39,103,118,64,89
1,<environment.Job instance at 0x7f2ac746e960>,44,17,[1 6],45,118,135,73,106
1,<environment.Job instance at 0x7f2ac746e320>,47,2,[6 5],48,135,137,87,118
1,<environment.Job instance at 0x7f2ac7215c80>,2,3,[5 8],3,3,6,0,3
1,<environment.Job instance at 0x7f2ac6d7a550>,5,1,[1 7],6,6,7,0,6
1,<environment.Job instance at 0x7f2ac6d7a500>,4,2,[3 9],5,7,9,2,6
1,<environment.Job instance at 0x7f2b0f783370>,0,18,[3 5],1,9,27,8,6
1,<environment.Job instance at 0x7f2ac7622910>,12,18,[4 8],13,27,45,14,17
1,<environment.Job instance at 0x7f2ac7627550>,11,13,[3 5],12,45,58,33,29
1,<environment.Job instance at 0x7f2ac6fbde60>,27,2,[5 8],28,58,60,30,34
1,<environment.Job instance at 0x7f2ac75e4be0>,28,3,[6 2],29,34,37,5,34
1,<environment.Job instance at 0x7f2ac6fc5190>,29,2,[10  1],30,60,62,30,34
1,<environment.Job instance at 0x7f2b0abb9780>,30,12,[2 5],31,45,57,14,35
1,<environment.Job instance at 0x7f2b0aa96f00>,32,1,[7 4],33,57,58,24,39
1,<environment.Job instance at 0x7f2ac6e099b0>,33,14,[ 5 10],34,62,76,28,50
1,<environment.Job instance at 0x7f2b0aa78b90>,36,16,[3 8],37,76,92,39,66
1,<environment.Job instance at 0x7f2b0f37e7d0>,37,3,[6 5],38,92,95,54,66
1,<environment.Job instance at 0x7f2ac7622730>,16,13,[6 4],17,95,108,78,81
1,<environment.Job instance at 0x7f2ac75d52d0>,48,12,[7 5],49,108,120,59,92
1,<environment.Job instance at 0x7f2b0abc8fa0>,50,18,[9 3],51,120,138,69,109
1,<environment.Job instance at 0x7f2ac7637820>,6,1,[7 4],7,7,8,0,7
1,<environment.Job instance at 0x7f2ac71f50a0>,9,2,[2 6],10,10,12,0,10
1,<environment.Job instance at 0x7f2ac71f58c0>,10,15,[1 8],11,12,27,1,12
1,<environment.Job instance at 0x7f2ac71f5050>,11,2,[6 3],12,27,29,15,13
1,<environment.Job instance at 0x7f2ac6fa1320>,3,12,[6 5],4,29,41,25,15
1,<environment.Job instance at 0x7f2b0f613280>,19,1,[9 1],20,24,25,4,24
1,<environment.Job instance at 0x7f2ac700d050>,17,14,[4 7],18,41,55,23,26
1,<environment.Job instance at 0x7f2ac720a050>,22,14,[3 7],23,55,69,32,42
1,<environment.Job instance at 0x7f2b120c4cd0>,25,15,[ 1 10],26,69,84,43,57
1,<environment.Job instance at 0x7f2b0afd4230>,32,14,[6 2],33,84,98,51,69
1,<environment.Job instance at 0x7f2ac7597910>,24,17,[3 5],25,84,101,59,72
1,<environment.Job instance at 0x7f2ac700f2d0>,38,12,[6 3],39,98,110,59,81
1,<environment.Job instance at 0x7f2ac700fd70>,41,3,[4 5],42,101,104,59,81
1,<environment.Job instance at 0x7f2ac700fdc0>,42,3,[10  3],43,110,113,67,84
1,<environment.Job instance at 0x7f2ac700f460>,46,14,[10  3],47,113,127,66,98
1,<environment.Job instance at 0x7f2ac700f320>,48,2,[7 1],49,127,129,78,106
1,<environment.Job instance at 0x7f2b0aa010a0>,49,17,[5 2],50,129,146,79,118
1,<environment.Job instance at 0x7f2ac6cd9f50>,1,3,[2 9],2,3,6,1,3
1,<environment.Job instance at 0x7f2ac6cd94b0>,3,1,[8 3],4,6,7,2,4
1,<environment.Job instance at 0x7f2ac6cd9460>,6,14,[2 6],7,9,23,2,9
1,<environment.Job instance at 0x7f2ac6cd9500>,0,15,[2 8],1,23,38,22,10
1,<environment.Job instance at 0x7f2ac6cd9af0>,7,15,[6 2],8,12,27,4,12
1,<environment.Job instance at 0x7f2ac6cd9410>,14,18,[9 3],15,38,56,23,27
1,<environment.Job instance at 0x7f2ac6cd90f0>,16,14,[6 2],17,56,70,39,41
1,<environment.Job instance at 0x7f2ac6cd97d0>,17,3,[8 3],18,70,73,52,44
1,<environment.Job instance at 0x7f2ac6c19b90>,20,14,[1 7],21,44,58,23,44
1,<environment.Job instance at 0x7f2ac6cd9be0>,11,12,[2 8],12,58,70,46,46
1,<environment.Job instance at 0x7f2ac6c19690>,24,14,[5 6],25,73,87,48,58
1,<environment.Job instance at 0x7f2ac6d2a910>,31,13,[1 7],32,87,100,55,74
1,<environment.Job instance at 0x7f2ac6d2a780>,34,14,[5 3],35,78,92,43,78
1,<environment.Job instance at 0x7f2ac6d2a190>,35,2,[5 2],36,92,94,56,78
1,<environment.Job instance at 0x7f2ac6d2a320>,37,19,[ 2 10],38,100,119,62,90
1,<environment.Job instance at 0x7f2ac6d2a870>,27,17,[ 5 10],28,119,136,91,108
1,<environment.Job instance at 0x7f2ac6d14500>,7,18,[5 3],8,9,27,1,9
1,<environment.Job instance at 0x7f2b0f654fa0>,9,13,[9 3],10,27,40,17,12
1,<environment.Job instance at 0x7f2ac6d144b0>,2,15,[9 5],3,40,55,37,26
1,<environment.Job instance at 0x7f2ac6ff7a50>,16,16,[2 7],17,55,71,38,44
1,<environment.Job instance at 0x7f2ac6fd9690>,27,13,[6 1],28,55,68,27,44
1,<environment.Job instance at 0x7f2ac734f370>,26,17,[5 1],27,68,85,41,56
1,<environment.Job instance at 0x7f2ac7423f00>,29,16,[5 5],30,71,87,41,59
1,<environment.Job instance at 0x7f2ac6fdec80>,32,17,[3 5],33,85,102,52,74
1,<environment.Job instance at 0x7f2ac708e320>,42,1,[2 9],43,102,103,59,74
1,<environment.Job instance at 0x7f2ac708e820>,43,18,[6 1],44,87,105,43,79
1,<environment.Job instance at 0x7f2ac7091be0>,44,16,[1 6],45,103,119,58,90
1,<environment.Job instance at 0x7f2ac7091050>,49,2,[9 5],50,119,121,69,101
1,<environment.Job instance at 0x7f2ac7091fa0>,50,1,[8 3],51,105,106,54,101
1,<environment.Job instance at 0x7f2ac7091280>,51,2,[10  3],52,121,123,69,101
1,<environment.Job instance at 0x7f2ac70916e0>,52,3,[ 4 10],53,123,126,70,101
1,<environment.Job instance at 0x7f2ac7060870>,53,15,[8 2],54,126,141,72,112
1,<environment.Job instance at 0x7f2ac70602d0>,56,2,[ 2 10],57,141,143,84,115
1,<environment.Job instance at 0x7f2ac70604b0>,58,1,[9 5],59,143,144,84,115
1,<environment.Job instance at 0x7f2b12210190>,5,12,[1 8],6,6,18,0,6
1,<environment.Job instance at 0x7f2ac6daddc0>,9,13,[6 5],10,18,31,8,10
1,<environment.Job instance at 0x7f2ac736c050>,2,15,[1 9],3,31,46,28,18
1,<environment.Job instance at 0x7f2ac6dad550>,12,3,[3 8],13,46,49,33,21
1,<environment.Job instance at 0x7f2ac6dad910>,10,16,[10  2],11,49,65,38,36
1,<environment.Job instance at 0x7f2b0adb0dc0>,11,16,[ 2 10],12,65,81,53,52
1,<environment.Job instance at 0x7f2b0aef1f00>,21,13,[8 2],22,81,94,59,66
1,<environment.Job instance at 0x7f2ac6e725a0>,20,17,[1 7],21,81,98,60,70
1,<environment.Job instance at 0x7f2b0f355230>,25,16,[2 9],26,98,114,72,85
1,<environment.Job instance at 0x7f2b0aedf820>,29,13,[ 1 10],30,114,127,84,98
1,<environment.Job instance at 0x7f2ac731e690>,1,2,[4 5],2,3,5,1,3
1,<environment.Job instance at 0x7f2ac6c18be0>,9,2,[9 5],10,10,12,0,10
1,<environment.Job instance at 0x7f2ac731e140>,2,16,[9 2],3,12,28,9,10
1,<environment.Job instance at 0x7f2ac6c18d20>,10,3,[8 2],11,28,31,17,13
1,<environment.Job instance at 0x7f2ac6c18320>,11,15,[9 3],12,31,46,19,26
1,<environment.Job instance at 0x7f2b0aedd8c0>,18,16,[1 7],19,29,45,10,29
1,<environment.Job instance at 0x7f2b0aeddbe0>,15,13,[7 2],16,46,59,30,37
1,<environment.Job instance at 0x7f2b0aedd0f0>,21,16,[10  1],22,59,75,37,47
1,<environment.Job instance at 0x7f2b0f36f960>,26,2,[3 7],27,51,53,24,51
1,<environment.Job instance at 0x7f2b0f36f3c0>,30,14,[1 9],31,78,92,47,78
1,<environment.Job instance at 0x7f2b0f36fe10>,36,15,[ 1 10],37,92,107,55,78
1,<environment.Job instance at 0x7f2b0f36f5f0>,38,1,[4 5],39,107,108,68,79
1,<environment.Job instance at 0x7f2b0f36f1e0>,33,3,[4 8],34,108,111,74,97
1,<environment.Job instance at 0x7f2ac6d8cb90>,45,12,[5 1],46,107,119,61,97
1,<environment.Job instance at 0x7f2ac6d8c0f0>,47,3,[ 2 10],48,119,122,71,102
1,<environment.Job instance at 0x7f2ac6d8cbe0>,48,3,[10  5],49,122,125,73,104
1,<environment.Job instance at 0x7f2ac6c18fa0>,8,12,[ 4 10],9,125,137,116,110
1,<environment.Job instance at 0x7f2ac6e77aa0>,2,3,[1 9],3,3,6,0,3
1,<environment.Job instance at 0x7f2b0adb0dc0>,3,1,[6 2],4,6,7,2,4
1,<environment.Job instance at 0x7f2b0adb0050>,4,2,[1 8],5,6,8,1,5
1,<environment.Job instance at 0x7f2b0adb0cd0>,6,3,[6 5],7,8,11,1,7
1,<environment.Job instance at 0x7f2b0f5996e0>,13,2,[2 7],14,14,16,0,14
1,<environment.Job instance at 0x7f2b0f710d20>,10,1,[3 7],11,16,17,5,15
1,<environment.Job instance at 0x7f2b0f599690>,14,18,[7 1],15,16,34,1,16
1,<environment.Job instance at 0x7f2ac6e775f0>,0,12,[5 7],1,34,46,33,20
1,<environment.Job instance at 0x7f2ac6dce7d0>,18,1,[2 9],19,21,22,2,21
1,<environment.Job instance at 0x7f2ac6bff4b0>,21,1,[ 5 10],22,46,47,24,22
1,<environment.Job instance at 0x7f2b0aa65fa0>,23,3,[4 6],24,47,50,23,25
1,<environment.Job instance at 0x7f2b0aa65c30>,25,12,[10  4],26,50,62,24,35
1,<environment.Job instance at 0x7f2ac706c500>,26,13,[7 3],27,62,75,35,46
1,<environment.Job instance at 0x7f2ac758eaf0>,32,3,[4 6],33,75,78,42,49
1,<environment.Job instance at 0x7f2ac758ee60>,33,2,[1 5],34,62,64,28,50
1,<environment.Job instance at 0x7f2ac758e460>,35,3,[10  1],36,78,81,42,58
1,<environment.Job instance at 0x7f2ac758fcd0>,38,3,[6 4],39,75,78,36,61
1,<environment.Job instance at 0x7f2ac758f780>,41,15,[3 5],42,81,96,39,67
1,<environment.Job instance at 0x7f2ac758f0a0>,42,2,[5 3],43,81,83,38,67
1,<environment.Job instance at 0x7f2ac758faf0>,43,13,[ 4 10],44,96,109,52,82
1,<environment.Job instance at 0x7f2b0aa65640>,24,18,[ 4 10],25,109,127,84,100
1,<environment.Job instance at 0x7f2b0adf4500>,50,3,[5 1],51,127,130,76,101
1,<environment.Job instance at 0x7f2b0adf43c0>,52,3,[6 1],53,130,133,77,108
1,<environment.Job instance at 0x7f2b0adf4aa0>,53,2,[1 5],54,127,129,73,108
1,<environment.Job instance at 0x7f2b0adf4fa0>,54,3,[7 2],55,133,136,78,108
1,<environment.Job instance at 0x7f2b0adf4780>,56,1,[7 2],57,136,137,79,109
1,<environment.Job instance at 0x7f734c2110f0>,2,12,[5 4],3,3,15,0,3
1,<environment.Job instance at 0x7f73490b2230>,5,13,[5 9],6,15,28,9,6
1,<environment.Job instance at 0x7f73490b2550>,7,14,[5 1],8,8,22,0,8
1,<environment.Job instance at 0x7f734c2111e0>,0,18,[ 2 10],1,28,46,27,18
1,<environment.Job instance at 0x7f73490b2780>,9,17,[ 4 10],10,46,63,36,35
1,<environment.Job instance at 0x7f73490b2e10>,18,16,[8 5],19,63,79,44,50
1,<environment.Job instance at 0x7f73490b2f00>,21,3,[ 2 10],22,79,82,57,62
1,<environment.Job instance at 0x7f73490b60a0>,23,18,[5 2],24,82,100,58,71
1,<environment.Job instance at 0x7f73490b64b0>,28,2,[5 9],29,100,102,71,73
1,<environment.Job instance at 0x7f73490b63c0>,29,13,[1 6],30,82,95,52,73
1,<environment.Job instance at 0x7f73490b6870>,33,2,[5 3],34,102,104,68,101
1,<environment.Job instance at 0x7f73490b66e0>,34,3,[9 5],35,104,107,69,101
1,<environment.Job instance at 0x7f73490b6aa0>,35,16,[8 1],36,107,123,71,103
1,<environment.Job instance at 0x7f73490b6c80>,38,12,[3 6],39,123,135,84,108
1,<environment.Job instance at 0x7f73490b6e60>,39,18,[5 8],40,135,153,95,124
1,<environment.Job instance at 0x7f734c239cd0>,1,2,[9 3],2,2,4,0,2
1,<environment.Job instance at 0x7f734c238e60>,8,14,[5 1],9,9,23,0,9
1,<environment.Job instance at 0x7f734c3779b0>,6,18,[1 6],7,9,27,2,9
1,<environment.Job instance at 0x7f734c385370>,12,2,[4 9],13,27,29,14,13
1,<environment.Job instance at 0x7f734c385e60>,13,16,[6 4],14,29,45,15,17
1,<environment.Job instance at 0x7f734c3853c0>,16,15,[6 2],17,45,60,28,31
1,<environment.Job instance at 0x7f734c238dc0>,10,17,[3 8],11,45,62,34,35
1,<environment.Job instance at 0x7f734c3846e0>,22,16,[6 2],23,60,76,37,47
1,<environment.Job instance at 0x7f734c384c80>,25,14,[3 8],26,62,76,36,50
1,<environment.Job instance at 0x7f734c384e60>,18,12,[3 9],19,76,88,57,60
1,<environment.Job instance at 0x7f734c38bfa0>,30,12,[6 3],31,88,100,57,71
1,<environment.Job instance at 0x7f734c38b140>,34,13,[1 9],35,100,113,65,84
1,<environment.Job instance at 0x7f734c37cd70>,37,18,[5 2],38,113,131,75,102
1,<environment.Job instance at 0x7f734c37c6e0>,39,16,[3 5],40,113,129,73,102
1,<environment.Job instance at 0x7f734c381690>,47,13,[ 4 10],48,131,144,83,116
1,<environment.Job instance at 0x7f7303368140>,7,14,[3 5],8,10,24,2,10
1,<environment.Job instance at 0x7f7303368960>,8,21,[5 1],9,14,35,5,14
1,<environment.Job instance at 0x7f7348f3e050>,12,17,[8 2],13,35,52,22,23
1,<environment.Job instance at 0x7f73033bbc80>,19,13,[5 7],20,52,65,32,36
1,<environment.Job instance at 0x7f73033bba50>,16,14,[5 4],17,65,79,48,50
1,<environment.Job instance at 0x7f7348e96820>,30,13,[7 4],31,79,92,48,63
1,<environment.Job instance at 0x7f73034af8c0>,33,18,[9 2],34,92,110,58,84
1,<environment.Job instance at 0x7f73033af7d0>,38,15,[2 5],39,110,125,71,99
1,<environment.Job instance at 0x7f73033af2d0>,39,15,[7 4],40,110,125,70,99
1,<environment.Job instance at 0x7f7348e75e60>,43,13,[8 3],44,125,138,81,115
1,<environment.Job instance at 0x7f7348f3fe60>,45,18,[9 5],46,138,156,92,127
1,<environment.Job instance at 0x7f7348f0d820>,3,18,[8 1],4,9,27,5,9
1,<environment.Job instance at 0x7f7349326d70>,9,17,[2 6],10,15,32,5,15
1,<environment.Job instance at 0x7f7303352730>,11,3,[3 7],12,32,35,20,15
1,<environment.Job instance at 0x7f7349150e10>,12,17,[4 6],13,35,52,22,29
1,<environment.Job instance at 0x7f73491113c0>,15,12,[4 7],16,52,64,36,36
1,<environment.Job instance at 0x7f73491dcfa0>,19,17,[5 1],20,45,62,25,45
1,<environment.Job instance at 0x7f7349161af0>,20,2,[9 4],21,64,66,43,45
1,<environment.Job instance at 0x7f7349206730>,22,13,[8 1],23,66,79,43,53
1,<environment.Job instance at 0x7f734913c190>,26,13,[1 6],27,64,77,37,60
1,<environment.Job instance at 0x7f73033aa370>,10,16,[1 9],11,77,93,66,65
1,<environment.Job instance at 0x7f734c23a820>,29,3,[9 3],30,93,96,63,77
1,<environment.Job instance at 0x7f734c23a9b0>,31,1,[10  1],32,96,97,64,77
1,<environment.Job instance at 0x7f734c23ab40>,28,13,[8 2],29,97,110,68,81
1,<environment.Job instance at 0x7f730334b7d0>,35,16,[10  5],36,110,126,74,97
1,<environment.Job instance at 0x7f730334ba50>,37,14,[9 1],38,126,140,88,111
1,<environment.Job instance at 0x7f730334b910>,42,12,[8 5],43,140,152,97,126
1,<environment.Job instance at 0x7f730334b3c0>,3,1,[8 5],4,4,5,0,4
1,<environment.Job instance at 0x7f734bbf76e0>,0,18,[4 6],1,8,26,7,8
1,<environment.Job instance at 0x7f7303783550>,7,18,[1 7],8,26,44,18,15
1,<environment.Job instance at 0x7f7348ebd7d0>,10,1,[6 5],11,44,45,33,28
1,<environment.Job instance at 0x7f734bb90f50>,11,14,[5 4],12,45,59,33,30
1,<environment.Job instance at 0x7f73495205f0>,14,1,[5 7],15,59,60,44,50
1,<environment.Job instance at 0x7f7303a49f00>,17,12,[5 5],18,60,72,42,55
1,<environment.Job instance at 0x7f7303a39960>,19,12,[9 1],20,72,84,52,56
1,<environment.Job instance at 0x7f7303a398c0>,21,12,[5 9],22,84,96,62,67
1,<environment.Job instance at 0x7f7303a39730>,24,12,[4 7],25,96,108,71,80
1,<environment.Job instance at 0x7f7303a5fb40>,27,2,[2 6],28,108,110,80,89
1,<environment.Job instance at 0x7f7349026c80>,18,15,[5 9],19,110,125,91,96
1,<environment.Job instance at 0x7f7303a67e10>,34,2,[10  3],35,125,127,90,102
1,<environment.Job instance at 0x7f7303a67730>,33,12,[ 2 10],34,127,139,93,110
1,<environment.Job instance at 0x7f7303a67280>,37,18,[3 6],38,139,157,101,129
1,<environment.Job instance at 0x7f7303a67140>,38,14,[6 4],39,139,153,100,129
1,<environment.Job instance at 0x7f734bb57820>,2,1,[4 6],3,3,4,0,3
1,<environment.Job instance at 0x7f734bb57dc0>,5,3,[9 2],6,6,9,0,6
1,<environment.Job instance at 0x7f734bb57870>,7,3,[10  4],8,9,12,1,9
1,<environment.Job instance at 0x7f734bb57550>,8,3,[3 9],9,12,15,3,10
1,<environment.Job instance at 0x7f734bbc2410>,15,3,[10  4],16,17,20,1,17
1,<environment.Job instance at 0x7f734bb575f0>,13,13,[7 5],14,20,33,6,17
1,<environment.Job instance at 0x7f734bbc2550>,14,13,[1 8],15,33,46,18,18
1,<environment.Job instance at 0x7f734bbc25a0>,19,16,[5 3],20,46,62,26,33
1,<environment.Job instance at 0x7f734bbc53c0>,27,13,[ 4 10],28,62,75,34,46
1,<environment.Job instance at 0x7f734bbc5640>,30,14,[1 8],31,75,89,44,61
1,<environment.Job instance at 0x7f734bbc5280>,31,12,[5 6],32,89,101,57,72
1,<environment.Job instance at 0x7f734bbc59b0>,33,13,[5 1],34,75,88,41,73
1,<environment.Job instance at 0x7f734bbc5e60>,23,16,[8 5],24,101,117,77,88
1,<environment.Job instance at 0x7f7349561d20>,39,17,[1 9],40,117,134,77,105
1,<environment.Job instance at 0x7f734bbc2690>,20,18,[ 5 10],21,134,152,113,123
1,<environment.Job instance at 0x7f734ba6d730>,0,2,[3 9],1,2,4,1,2
1,<environment.Job instance at 0x7f730356d910>,1,2,[7 1],2,6,8,4,6
1,<environment.Job instance at 0x7f734b696c30>,3,3,[10  3],4,9,12,5,9
1,<environment.Job instance at 0x7f734914ffa0>,5,12,[8 5],6,12,24,6,9
1,<environment.Job instance at 0x7f7303495280>,9,1,[8 2],10,24,25,14,10
1,<environment.Job instance at 0x7f7303832320>,10,13,[5 3],11,25,38,14,11
1,<environment.Job instance at 0x7f734949de60>,11,17,[2 7],12,24,41,12,15
1,<environment.Job instance at 0x7f734b7932d0>,16,3,[5 4],17,41,44,24,17
1,<environment.Job instance at 0x7f734b63d190>,19,1,[5 7],20,44,45,24,21
1,<environment.Job instance at 0x7f734949d280>,12,17,[6 4],13,45,62,32,33
1,<environment.Job instance at 0x7f7348f972d0>,24,16,[5 5],25,62,78,37,49
1,<environment.Job instance at 0x7f7349460460>,23,18,[5 5],24,62,80,38,52
1,<environment.Job instance at 0x7f7348f978c0>,18,12,[ 4 10],19,80,92,61,64
1,<environment.Job instance at 0x7f7348fe05a0>,32,13,[9 4],33,92,105,59,77
1,<environment.Job instance at 0x7f73490d55a0>,34,16,[2 7],35,105,121,70,92
1,<environment.Job instance at 0x7f7303368140>,38,16,[8 3],39,105,121,66,92
1,<environment.Job instance at 0x7f734bd110f0>,22,16,[ 3 10],23,121,137,98,109
1,<environment.Job instance at 0x7f73491091e0>,2,3,[5 9],3,5,8,2,5
1,<environment.Job instance at 0x7f73034ab0f0>,9,18,[6 1],10,24,42,14,24
1,<environment.Job instance at 0x7f7303484b40>,8,16,[4 8],9,24,40,15,24
1,<environment.Job instance at 0x7f73034ab140>,11,3,[2 6],12,40,43,28,25
1,<environment.Job instance at 0x7f73034ab280>,13,3,[8 3],14,42,45,28,27
1,<environment.Job instance at 0x7f73034ab050>,10,15,[2 8],11,45,60,34,31
1,<environment.Job instance at 0x7f7349109230>,3,16,[8 1],4,45,61,41,36
1,<environment.Job instance at 0x7f73034abaf0>,22,1,[5 1],23,61,62,38,39
1,<environment.Job instance at 0x7f73034ab7d0>,17,16,[1 7],18,60,76,42,47
1,<environment.Job instance at 0x7f73034abf00>,27,1,[5 1],28,62,63,34,48
1,<environment.Job instance at 0x7f73034a6280>,31,12,[3 7],32,76,88,44,62
1,<environment.Job instance at 0x7f73034a6500>,34,17,[8 1],35,88,105,53,76
1,<environment.Job instance at 0x7f73034a6a50>,37,1,[7 3],38,79,80,41,79
1,<environment.Job instance at 0x7f73034a69b0>,39,18,[2 7],40,89,107,49,89
1,<environment.Job instance at 0x7f73034a6c80>,40,3,[5 3],41,105,108,64,89
1,<environment.Job instance at 0x7f73034a6dc0>,43,14,[ 4 10],44,108,122,64,96
1,<environment.Job instance at 0x7f73034a6d20>,41,18,[3 8],42,122,140,80,111
1,<environment.Job instance at 0x7f7303478a00>,52,3,[1 8],53,140,143,87,128
1,<environment.Job instance at 0x7f730348edc0>,0,3,[2 8],1,4,7,3,4
1,<environment.Job instance at 0x7f7303828190>,5,3,[7 5],6,7,10,1,7
1,<environment.Job instance at 0x7f730348e7d0>,1,13,[7 4],2,10,23,8,8
1,<environment.Job instance at 0x7f7303478a00>,6,17,[2 6],7,10,27,3,9
1,<environment.Job instance at 0x7f7303683b40>,10,13,[2 6],11,27,40,16,11
1,<environment.Job instance at 0x7f734b6712d0>,12,15,[8 4],13,23,38,10,17
1,<environment.Job instance at 0x7f7349096c80>,7,12,[2 8],8,40,52,32,23
1,<environment.Job instance at 0x7f734ba2cf00>,19,13,[6 4],20,52,65,32,37
1,<environment.Job instance at 0x7f734b8a3e10>,22,2,[3 6],23,52,54,29,42
1,<environment.Job instance at 0x7f734900fd20>,24,12,[9 1],25,65,77,40,48
1,<environment.Job instance at 0x7f734bbd4dc0>,18,12,[9 3],19,77,89,58,60
1,<environment.Job instance at 0x7f73039e94b0>,29,18,[7 5],30,89,107,59,78
1,<environment.Job instance at 0x7f7303806870>,32,13,[7 2],33,107,120,74,91
1,<environment.Job instance at 0x7f73493c2e10>,35,3,[5 3],36,120,123,84,94
1,<environment.Job instance at 0x7f73039d3460>,34,17,[7 2],35,123,140,88,112
1,<environment.Job instance at 0x7f734b69b230>,43,15,[3 9],44,140,155,96,127
1,<environment.Job instance at 0x7f734ba9c140>,1,2,[3 9],2,2,4,0,2
1,<environment.Job instance at 0x7f7348eb0aa0>,6,13,[5 7],7,9,22,2,9
1,<environment.Job instance at 0x7f7303972e10>,8,16,[3 8],9,22,38,13,11
1,<environment.Job instance at 0x7f7348f3b410>,15,14,[4 8],16,38,52,22,23
1,<environment.Job instance at 0x7f73494c3140>,18,3,[3 8],19,52,55,33,34
1,<environment.Job instance at 0x7f734950ea00>,17,12,[1 6],18,55,67,37,39
1,<environment.Job instance at 0x7f73494c3b90>,22,1,[1 8],23,67,68,44,47
1,<environment.Job instance at 0x7f73494c3c80>,24,2,[3 6],25,71,73,46,71
1,<environment.Job instance at 0x7f734c1073c0>,19,16,[10  5],20,73,89,53,72
1,<environment.Job instance at 0x7f730358eb40>,29,3,[10  1],30,89,92,59,73
1,<environment.Job instance at 0x7f7348e3a6e0>,32,3,[10  4],33,92,95,59,74
1,<environment.Job instance at 0x7f7348eb0280>,2,14,[ 2 10],3,95,109,92,82
1,<environment.Job instance at 0x7f734953d960>,38,13,[8 5],39,109,122,70,93
1,<environment.Job instance at 0x7f734953d640>,37,13,[10  4],38,122,135,84,106
1,<environment.Job instance at 0x7f734953dcd0>,42,16,[5 4],43,135,151,92,125
1,<environment.Job instance at 0x7f73490ec9b0>,49,14,[5 1],50,135,149,85,127
1,<environment.Job instance at 0x7f73490ec5a0>,3,3,[5 3],4,4,7,0,4
1,<environment.Job instance at 0x7f734bb73eb0>,2,18,[2 5],3,7,25,4,7
1,<environment.Job instance at 0x7f7303939b40>,10,2,[5 2],11,12,14,1,12
1,<environment.Job instance at 0x7f7303939b90>,11,15,[5 2],12,14,29,2,13
1,<environment.Job instance at 0x7f7303939f50>,17,2,[10  2],18,29,31,11,27
1,<environment.Job instance at 0x7f730394f280>,18,2,[8 5],19,31,33,12,27
1,<environment.Job instance at 0x7f730394f3c0>,20,13,[10  1],21,33,46,12,28
1,<environment.Job instance at 0x7f730394f500>,22,2,[5 3],23,46,48,23,28
1,<environment.Job instance at 0x7f730394f6e0>,25,15,[1 5],26,46,61,20,33
1,<environment.Job instance at 0x7f730394f5a0>,23,18,[4 5],24,48,66,24,37
1,<environment.Job instance at 0x7f730394f780>,26,16,[5 6],27,66,82,39,53
1,<environment.Job instance at 0x7f730394fdc0>,32,15,[5 1],33,61,76,28,58
1,<environment.Job instance at 0x7f7303956140>,33,3,[2 7],34,82,85,48,58
1,<environment.Job instance at 0x7f7303956460>,35,3,[10  5],36,85,88,49,59
1,<environment.Job instance at 0x7f7303939fa0>,15,16,[10  3],16,88,104,72,75
1,<environment.Job instance at 0x7f7303956870>,42,14,[3 7],43,104,118,61,89
1,<environment.Job instance at 0x7f73039565f0>,38,16,[ 5 10],39,118,134,79,105
1,<environment.Job instance at 0x7f7303956cd0>,49,18,[10  2],50,134,152,84,124
1,<environment.Job instance at 0x7f7303956eb0>,7,2,[9 4],8,9,11,1,9
1,<environment.Job instance at 0x7f734c1131e0>,8,12,[10  3],9,11,23,2,10
1,<environment.Job instance at 0x7f734c37df00>,12,16,[6 1],13,23,39,10,13
1,<environment.Job instance at 0x7f734c37d280>,14,2,[1 9],15,23,25,8,21
1,<environment.Job instance at 0x7f734c113be0>,15,14,[5 4],16,39,53,23,24
1,<environment.Job instance at 0x7f73032a9960>,18,3,[9 5],19,53,56,34,28
1,<environment.Job instance at 0x7f73032a9460>,19,3,[5 4],20,39,42,19,29
1,<environment.Job instance at 0x7f73032a9be0>,20,2,[3 5],21,31,33,10,31
1,<environment.Job instance at 0x7f73032a9a00>,22,2,[1 9],23,35,37,12,35
1,<environment.Job instance at 0x7f73032a9d70>,23,1,[3 7],24,37,38,13,35
1,<environment.Job instance at 0x7f73493eeb40>,24,3,[8 5],25,56,59,31,35
1,<environment.Job instance at 0x7f73493ee140>,25,2,[9 5],26,59,61,33,35
1,<environment.Job instance at 0x7f73493ee460>,26,16,[4 9],27,61,77,34,48
1,<environment.Job instance at 0x7f73493eec30>,29,15,[6 4],30,77,92,47,65
1,<environment.Job instance at 0x7f730337a050>,33,1,[9 4],34,92,93,58,65
1,<environment.Job instance at 0x7f730337ae60>,36,17,[1 6],37,77,94,40,66
1,<environment.Job instance at 0x7f734c109960>,37,13,[9 4],38,93,106,55,77
1,<environment.Job instance at 0x7f734c1090a0>,42,18,[6 5],43,106,124,63,95
1,<environment.Job instance at 0x7f73039a4780>,47,15,[4 8],48,124,139,76,110
1,<environment.Job instance at 0x7f73039a4e60>,48,15,[1 6],49,139,154,90,125
1,<environment.Job instance at 0x7f73493c7050>,5,1,[1 7],6,6,7,0,6
1,<environment.Job instance at 0x7f73039a4320>,4,2,[3 9],5,7,9,2,7
1,<environment.Job instance at 0x7f73493c7e10>,6,2,[5 3],7,9,11,2,7
1,<environment.Job instance at 0x7f73493c7eb0>,8,12,[6 4],9,11,23,2,9
1,<environment.Job instance at 0x7f73493c7dc0>,9,2,[4 8],10,23,25,13,10
1,<environment.Job instance at 0x7f734b9c9910>,11,13,[3 5],12,25,38,13,12
1,<environment.Job instance at 0x7f73493c7af0>,0,18,[3 5],1,25,43,24,19
1,<environment.Job instance at 0x7f734bd640f0>,20,2,[5 4],21,38,40,17,21
1,<environment.Job instance at 0x7f734bd64af0>,18,12,[10  4],19,43,55,24,29
1,<environment.Job instance at 0x7f7303795b40>,23,3,[6 1],24,40,43,16,30
1,<environment.Job instance at 0x7f734b675aa0>,32,1,[7 4],33,55,56,22,34
1,<environment.Job instance at 0x7f734b675820>,35,13,[7 4],36,56,69,20,43
1,<environment.Job instance at 0x7f734b675050>,33,14,[ 5 10],34,69,83,35,54
1,<environment.Job instance at 0x7f734b675370>,42,17,[5 7],43,83,100,40,71
1,<environment.Job instance at 0x7f73495d8fa0>,48,12,[7 5],49,100,112,51,83
1,<environment.Job instance at 0x7f734b675a50>,36,16,[3 8],37,112,128,75,99
1,<environment.Job instance at 0x7f7303877af0>,57,14,[5 6],58,128,142,70,113
1,<environment.Job instance at 0x7f7303877c30>,58,16,[8 4],59,142,158,83,129
1,<environment.Job instance at 0x7f7348f30cd0>,2,2,[2 8],3,6,8,3,6
1,<environment.Job instance at 0x7f734bd9f960>,4,14,[5 3],5,8,22,3,6
1,<environment.Job instance at 0x7f7348f9a2d0>,5,2,[8 1],6,22,24,16,11
1,<environment.Job instance at 0x7f73034a4460>,10,12,[9 4],11,24,36,13,13
1,<environment.Job instance at 0x7f73034a40f0>,12,14,[3 7],13,36,50,23,21
1,<environment.Job instance at 0x7f73034a4c80>,15,15,[ 1 10],16,50,65,34,36
1,<environment.Job instance at 0x7f73034a48c0>,18,1,[10  1],19,65,66,46,37
1,<environment.Job instance at 0x7f73034ffc30>,23,13,[6 5],24,66,79,42,50
1,<environment.Job instance at 0x7f7349469140>,28,12,[6 3],29,79,91,50,64
1,<environment.Job instance at 0x7f7349469050>,29,3,[7 4],30,91,94,61,65
1,<environment.Job instance at 0x7f73038cb8c0>,31,3,[4 5],32,66,69,34,66
1,<environment.Job instance at 0x7f734947cc30>,32,3,[10  3],33,94,97,61,68
1,<environment.Job instance at 0x7f734c237320>,0,15,[1 8],1,97,112,96,84
1,<environment.Job instance at 0x7f73037ade10>,38,2,[7 1],39,97,99,58,91
1,<environment.Job instance at 0x7f73038c68c0>,39,17,[5 2],40,99,116,59,92
1,<environment.Job instance at 0x7f73038c6a50>,40,14,[6 1],41,116,130,75,101
1,<environment.Job instance at 0x7f73038cc230>,42,3,[8 4],43,130,133,87,107
1,<environment.Job instance at 0x7f730350acd0>,43,15,[2 7],44,112,127,68,107
1,<environment.Job instance at 0x7f734b81cfa0>,45,3,[9 3],46,133,136,87,107
1,<environment.Job instance at 0x7f73038b8fa0>,46,17,[8 4],47,136,153,89,124
1,<environment.Job instance at 0x7f7303602d20>,3,3,[6 1],4,5,8,1,5
1,<environment.Job instance at 0x7f734b6f1870>,10,15,[3 7],11,12,27,1,12
1,<environment.Job instance at 0x7f73038c95a0>,11,13,[1 7],12,29,42,17,29
1,<environment.Job instance at 0x7f73037249b0>,21,18,[9 3],22,41,59,19,41
1,<environment.Job instance at 0x7f7303956320>,23,3,[3 6],24,59,62,35,42
1,<environment.Job instance at 0x7f734bd91230>,24,13,[4 7],25,62,75,37,46
1,<environment.Job instance at 0x7f730398f3c0>,27,3,[10  5],28,75,78,47,57
1,<environment.Job instance at 0x7f73039ff5a0>,29,14,[1 8],30,78,92,48,66
1,<environment.Job instance at 0x7f73034d77d0>,28,18,[7 1],29,78,96,49,73
1,<environment.Job instance at 0x7f73039ff6e0>,31,12,[4 6],32,96,108,64,80
1,<environment.Job instance at 0x7f73032dfc80>,40,13,[4 9],41,108,121,67,92
1,<environment.Job instance at 0x7f7303a2a050>,43,14,[6 1],44,100,114,56,100
1,<environment.Job instance at 0x7f7303a2aa50>,42,16,[8 1],43,121,137,78,108
1,<environment.Job instance at 0x7f7303606b90>,48,2,[6 1],49,137,139,88,126
1,<environment.Job instance at 0x7f73036060f0>,49,12,[1 8],50,126,138,76,126
1,<environment.Job instance at 0x7f73036064b0>,50,13,[6 3],51,139,152,88,126
1,<environment.Job instance at 0x7f7349473190>,4,2,[7 3],5,5,7,0,5
1,<environment.Job instance at 0x7f73030b7e10>,3,13,[2 7],4,7,20,3,7
1,<environment.Job instance at 0x7f73030b7c80>,9,3,[9 5],10,20,23,10,10
1,<environment.Job instance at 0x7f73030b74b0>,10,2,[8 4],11,23,25,12,11
1,<environment.Job instance at 0x7f73030b7230>,6,14,[8 5],7,25,39,18,15
1,<environment.Job instance at 0x7f730303c370>,18,14,[5 5],19,39,53,20,26
1,<environment.Job instance at 0x7f730303f6e0>,26,2,[ 2 10],27,53,55,26,37
1,<environment.Job instance at 0x7f730303f3c0>,28,1,[9 5],29,55,56,26,37
1,<environment.Job instance at 0x7f730303ca50>,15,16,[10  1],16,56,72,40,44
1,<environment.Job instance at 0x7f730303f230>,30,2,[9 2],31,72,74,41,59
1,<environment.Job instance at 0x7f730303dd70>,35,1,[8 4],36,74,75,38,60
1,<environment.Job instance at 0x7f730303caf0>,13,18,[6 1],14,75,93,61,64
1,<environment.Job instance at 0x7f730303d910>,37,2,[4 5],38,75,77,37,64
1,<environment.Job instance at 0x7f730303d370>,36,12,[1 9],37,77,89,40,64
1,<environment.Job instance at 0x7f730303db90>,40,3,[1 9],41,89,92,48,77
1,<environment.Job instance at 0x7f730303d550>,42,16,[4 7],43,92,108,49,79
1,<environment.Job instance at 0x7f730303d2d0>,38,18,[5 9],39,108,126,69,97
1,<environment.Job instance at 0x7f730303e550>,46,12,[1 5],47,126,138,79,109
1,<environment.Job instance at 0x7f730303e640>,48,3,[7 1],49,126,129,77,109
1,<environment.Job instance at 0x7f730303ecd0>,51,12,[7 5],52,129,141,77,114
1,<environment.Job instance at 0x7f730303ed20>,55,15,[8 3],56,141,156,85,127
1,<environment.Job instance at 0x7f7303872d70>,1,15,[6 1],2,11,26,9,11
1,<environment.Job instance at 0x7f7349143d70>,15,16,[6 5],16,27,43,11,27
1,<environment.Job instance at 0x7f7349143f00>,16,15,[1 6],17,43,58,26,29
1,<environment.Job instance at 0x7f73491365a0>,19,14,[2 7],20,58,72,38,45
1,<environment.Job instance at 0x7f73491283c0>,26,14,[7 3],27,53,67,26,53
1,<environment.Job instance at 0x7f734b870e60>,28,3,[ 2 10],29,72,75,43,54
1,<environment.Job instance at 0x7f734b870410>,30,3,[8 1],31,67,70,36,54
1,<environment.Job instance at 0x7f734bae6320>,31,14,[1 8],32,75,89,43,60
1,<environment.Job instance at 0x7f734bae6050>,33,12,[10  2],34,89,101,55,72
1,<environment.Job instance at 0x7f73491281e0>,23,15,[9 4],24,101,116,77,87
1,<environment.Job instance at 0x7f734baf5dc0>,43,14,[7 2],44,116,130,72,101
1,<environment.Job instance at 0x7f734ba21960>,3,18,[1 7],4,116,134,112,105
1,<environment.Job instance at 0x7f734b819500>,49,12,[4 6],50,134,146,84,118
1,<environment.Job instance at 0x7f734bb208c0>,50,17,[5 2],51,130,147,79,118
1,<environment.Job instance at 0x7f734bd37230>,4,2,[4 5],5,10,12,5,10
1,<environment.Job instance at 0x7f7348edf690>,8,15,[3 5],9,15,30,6,15
1,<environment.Job instance at 0x7f7349028140>,12,15,[8 3],13,30,45,17,16
1,<environment.Job instance at 0x7f73034a65a0>,16,13,[2 7],17,30,43,13,20
1,<environment.Job instance at 0x7f73031e2550>,14,12,[2 9],15,45,57,30,28
1,<environment.Job instance at 0x7f734bd378c0>,5,13,[9 1],6,57,70,51,42
1,<environment.Job instance at 0x7f734b80ecd0>,18,14,[2 8],19,70,84,51,56
1,<environment.Job instance at 0x7f7348e69140>,27,2,[1 6],28,57,59,29,57
1,<environment.Job instance at 0x7f7348e800a0>,28,3,[10  2],29,84,87,55,58
1,<environment.Job instance at 0x7f7348e80190>,31,12,[7 1],32,70,82,38,63
1,<environment.Job instance at 0x7f7348e80690>,32,13,[6 3],33,87,100,54,71
1,<environment.Job instance at 0x7f7348e80a00>,37,14,[6 1],38,100,114,62,85
1,<environment.Job instance at 0x7f73036c1a50>,40,16,[4 9],41,100,116,59,89
1,<environment.Job instance at 0x7f73036c1410>,45,14,[8 2],46,116,130,70,106
1,<environment.Job instance at 0x7f73036c1230>,48,2,[7 4],49,130,132,81,106
1,<environment.Job instance at 0x7f73036c12d0>,50,1,[3 6],51,130,131,79,106
1,<environment.Job instance at 0x7f73036c1dc0>,52,2,[6 2],53,132,134,79,111
1,<environment.Job instance at 0x7f73036c9e10>,53,16,[1 9],54,134,150,80,122
1,<environment.Job instance at 0x7f73033272d0>,56,2,[9 1],57,134,136,77,123
1,<environment.Job instance at 0x7f73037732d0>,3,13,[7 2],4,4,17,0,4
1,<environment.Job instance at 0x7f73036ca640>,6,3,[10  1],7,17,20,10,7
1,<environment.Job instance at 0x7f734b7766e0>,8,2,[10  3],9,20,22,11,10
1,<environment.Job instance at 0x7f734b776140>,12,2,[1 7],13,31,33,18,31
1,<environment.Job instance at 0x7f734b776460>,10,18,[5 5],11,36,54,25,36
1,<environment.Job instance at 0x7f7303773d20>,0,14,[7 5],1,54,68,53,42
1,<environment.Job instance at 0x7f734937a780>,25,17,[10  2],26,68,85,42,56
1,<environment.Job instance at 0x7f734937ad20>,27,12,[5 6],28,85,97,57,69
1,<environment.Job instance at 0x7f734b776780>,22,16,[5 5],23,97,113,74,85
1,<environment.Job instance at 0x7f734926a0a0>,36,13,[5 7],37,113,126,76,101
1,<environment.Job instance at 0x7f734926ad70>,37,3,[7 4],38,126,129,88,102
1,<environment.Job instance at 0x7f7303370be0>,39,13,[5 2],40,104,117,64,104
1,<environment.Job instance at 0x7f7303370dc0>,42,2,[3 8],43,129,131,86,104
1,<environment.Job instance at 0x7f7303370a50>,44,17,[4 8],45,131,148,86,119
1,<environment.Job instance at 0x7f73490512d0>,9,1,[1 5],10,24,25,14,24
1,<environment.Job instance at 0x7f7349051e10>,10,12,[7 4],11,24,36,13,24
1,<environment.Job instance at 0x7f7349051460>,11,2,[3 9],12,36,38,24,24
1,<environment.Job instance at 0x7f7349578af0>,12,16,[7 5],13,38,54,25,27
1,<environment.Job instance at 0x7f7303586f50>,15,3,[5 9],16,54,57,38,34
1,<environment.Job instance at 0x7f7349051fa0>,8,13,[9 1],9,57,70,48,52
1,<environment.Job instance at 0x7f734bae8280>,19,2,[5 5],20,70,72,50,52
1,<environment.Job instance at 0x7f734baf5690>,22,2,[8 3],23,72,74,49,54
1,<environment.Job instance at 0x7f734bae83c0>,18,18,[2 5],19,70,88,51,59
1,<environment.Job instance at 0x7f73492507d0>,24,3,[4 8],25,88,91,63,62
1,<environment.Job instance at 0x7f734baf5f50>,23,12,[2 9],24,91,103,67,75
1,<environment.Job instance at 0x7f730358d190>,29,16,[ 1 10],30,103,119,73,92
1,<environment.Job instance at 0x7f7302fe9f50>,39,3,[ 1 10],40,119,122,79,95
1,<environment.Job instance at 0x7f7303805dc0>,40,13,[7 2],41,122,135,81,106
1,<environment.Job instance at 0x7f7303805cd0>,44,3,[2 5],45,122,125,77,106
1,<environment.Job instance at 0x7f7303805230>,50,13,[2 8],51,125,138,74,112
1,<environment.Job instance at 0x7f730382a410>,52,12,[7 5],53,138,150,85,122
1,<environment.Job instance at 0x7f916a9fd0a0>,2,12,[5 4],3,4,16,1,4
1,<environment.Job instance at 0x7f916aa415a0>,3,18,[ 3 10],4,16,34,12,8
1,<environment.Job instance at 0x7f916a9fd0f0>,0,18,[ 2 10],1,34,52,33,24
1,<environment.Job instance at 0x7f91635eda50>,13,13,[1 8],14,52,65,38,42
1,<environment.Job instance at 0x7f91635ed8c0>,15,3,[10  2],16,65,68,49,44
1,<environment.Job instance at 0x7f91635ed7d0>,17,3,[10  3],18,68,71,50,47
1,<environment.Job instance at 0x7f91635edaf0>,14,12,[3 7],15,71,83,56,55
1,<environment.Job instance at 0x7f91635edd70>,21,3,[ 2 10],22,83,86,61,66
1,<environment.Job instance at 0x7f91635edf00>,23,18,[5 2],24,86,104,62,75
1,<environment.Job instance at 0x7f91635ef230>,28,2,[5 9],29,104,106,75,77
1,<environment.Job instance at 0x7f91635ef500>,30,1,[5 5],31,86,87,55,77
1,<environment.Job instance at 0x7f91635ed640>,9,17,[ 4 10],10,106,123,96,96
1,<environment.Job instance at 0x7f91635ef140>,34,3,[9 5],35,123,126,88,97
1,<environment.Job instance at 0x7f91635efa50>,37,14,[5 5],38,126,140,88,112
1,<environment.Job instance at 0x7f91635ef5a0>,31,17,[4 9],32,140,157,108,128
1,<environment.Job instance at 0x7f91635ef320>,41,14,[6 1],42,140,154,98,128
1,<environment.Job instance at 0x7f916ab69640>,2,2,[4 9],3,3,5,0,3
1,<environment.Job instance at 0x7f91635efd70>,4,1,[7 1],5,5,6,0,5
1,<environment.Job instance at 0x7f91292b3230>,5,15,[6 2],6,7,22,1,7
1,<environment.Job instance at 0x7f916aa24370>,7,3,[ 2 10],8,22,25,14,8
1,<environment.Job instance at 0x7f916ab64410>,8,12,[3 9],9,25,37,16,10
1,<environment.Job instance at 0x7f916ab64be0>,9,3,[5 5],10,37,40,27,18
1,<environment.Job instance at 0x7f916ab77870>,14,2,[8 5],15,40,42,25,20
1,<environment.Job instance at 0x7f916ab77fa0>,16,2,[8 2],17,42,44,25,20
1,<environment.Job instance at 0x7f916aa24690>,6,15,[6 2],7,44,59,37,31
1,<environment.Job instance at 0x7f916ab775a0>,17,17,[3 8],18,44,61,26,35
1,<environment.Job instance at 0x7f916ab6d370>,23,15,[4 8],24,61,76,37,47
1,<environment.Job instance at 0x7f916ab6dc30>,27,18,[5 2],28,59,77,31,49
1,<environment.Job instance at 0x7f916ab6dd70>,29,16,[3 5],30,76,92,46,63
1,<environment.Job instance at 0x7f916ab71780>,36,1,[7 4],37,77,78,40,69
1,<environment.Job instance at 0x7f916ab64960>,11,16,[1 9],12,92,108,80,79
1,<environment.Job instance at 0x7f916ab710f0>,40,12,[2 5],41,108,120,67,92
1,<environment.Job instance at 0x7f916ab71c30>,44,12,[5 7],45,120,132,75,103
1,<environment.Job instance at 0x7f916aa25be0>,45,17,[10  5],46,132,149,86,120
1,<environment.Job instance at 0x7f916aa25b40>,52,14,[8 4],53,149,163,96,134
1,<environment.Job instance at 0x7f911f96c910>,2,2,[9 4],3,3,5,0,3
1,<environment.Job instance at 0x7f911f96c050>,4,2,[1 7],5,8,10,3,8
1,<environment.Job instance at 0x7f911f8a5f00>,10,13,[7 4],11,11,24,0,11
1,<environment.Job instance at 0x7f911f8a5550>,11,3,[3 6],12,12,15,0,12
1,<environment.Job instance at 0x7f911f88adc0>,6,13,[3 6],7,15,28,8,12
1,<environment.Job instance at 0x7f911f8a5dc0>,13,18,[9 2],14,28,46,14,19
1,<environment.Job instance at 0x7f911f966230>,19,15,[7 4],20,46,61,26,32
1,<environment.Job instance at 0x7f916347ecd0>,24,1,[3 8],25,61,62,36,37
1,<environment.Job instance at 0x7f9163375410>,18,15,[2 5],19,62,77,43,49
1,<environment.Job instance at 0x7f91633c1a00>,26,15,[7 3],27,62,77,35,49
1,<environment.Job instance at 0x7f91637dfeb0>,30,14,[2 8],31,77,91,46,62
1,<environment.Job instance at 0x7f911f927c80>,34,16,[8 3],35,91,107,56,78
1,<environment.Job instance at 0x7f911f9270f0>,39,17,[4 8],40,107,124,67,96
1,<environment.Job instance at 0x7f916aa4c9b0>,42,2,[9 3],43,124,126,81,97
1,<environment.Job instance at 0x7f911f9cec30>,43,15,[7 4],44,126,141,82,112
1,<environment.Job instance at 0x7f91637fd690>,50,13,[ 4 10],51,141,154,90,127
1,<environment.Job instance at 0x7f911f841eb0>,52,2,[6 1],53,154,156,101,129
1,<environment.Job instance at 0x7f911f875af0>,53,13,[2 5],54,154,167,100,139
1,<environment.Job instance at 0x7f9166094780>,6,13,[8 4],7,8,21,1,8
1,<environment.Job instance at 0x7f911fd4d140>,7,14,[9 1],8,21,35,13,14
1,<environment.Job instance at 0x7f9163a08b40>,16,13,[7 1],17,35,48,18,21
1,<environment.Job instance at 0x7f9163a8cdc0>,17,16,[2 6],18,35,51,17,23
1,<environment.Job instance at 0x7f9165beeeb0>,15,15,[5 7],16,51,66,35,37
1,<environment.Job instance at 0x7f916364c370>,28,12,[ 2 10],29,66,78,37,52
1,<environment.Job instance at 0x7f9166094460>,5,16,[10  5],6,78,94,72,66
1,<environment.Job instance at 0x7f911f852960>,40,13,[3 8],41,94,107,53,78
1,<environment.Job instance at 0x7f91636b0cd0>,43,14,[3 6],44,107,121,63,92
1,<environment.Job instance at 0x7f911f9154b0>,47,13,[6 5],48,121,134,73,105
1,<environment.Job instance at 0x7f911f915140>,51,14,[1 9],52,134,148,82,119
1,<environment.Job instance at 0x7f911f9157d0>,54,17,[7 4],55,148,165,93,139
1,<environment.Job instance at 0x7f911f915280>,2,3,[4 9],3,4,7,1,4
1,<environment.Job instance at 0x7f91633f51e0>,5,12,[6 1],6,6,18,0,6
1,<environment.Job instance at 0x7f911fc29af0>,6,2,[ 3 10],7,18,20,11,7
1,<environment.Job instance at 0x7f911fc290f0>,7,3,[5 1],8,20,23,12,8
1,<environment.Job instance at 0x7f91639fed20>,8,2,[5 4],9,20,22,11,9
1,<environment.Job instance at 0x7f911fc29aa0>,10,1,[5 1],11,22,23,11,11
1,<environment.Job instance at 0x7f9163458fa0>,9,14,[9 5],10,23,37,13,15
1,<environment.Job instance at 0x7f91639e1550>,15,17,[ 5 10],16,37,54,21,25
1,<environment.Job instance at 0x7f9163561f00>,25,3,[7 2],26,54,57,28,40
1,<environment.Job instance at 0x7f9163561960>,26,14,[9 2],27,57,71,30,42
1,<environment.Job instance at 0x7f91639ed500>,29,3,[4 9],30,71,74,41,59
1,<environment.Job instance at 0x7f91639edbe0>,30,13,[10  4],31,74,87,43,60
1,<environment.Job instance at 0x7f91639ed960>,31,15,[1 9],32,87,102,55,73
1,<environment.Job instance at 0x7f91639ed640>,33,3,[1 8],34,102,105,68,76
1,<environment.Job instance at 0x7f91639ed280>,34,3,[5 2],35,102,105,67,76
1,<environment.Job instance at 0x7f91635715a0>,37,1,[7 4],38,105,106,67,77
1,<environment.Job instance at 0x7f91639ed6e0>,38,17,[2 7],39,106,123,67,94
1,<environment.Job instance at 0x7f91639e7e60>,42,2,[7 4],43,123,125,80,107
1,<environment.Job instance at 0x7f91639e76e0>,43,3,[5 5],44,125,128,81,107
1,<environment.Job instance at 0x7f9163a02050>,44,2,[9 2],45,128,130,83,107
1,<environment.Job instance at 0x7f9163a02c80>,45,13,[3 9],46,130,143,84,115
1,<environment.Job instance at 0x7f9163a02aa0>,47,17,[3 5],48,143,160,95,131
1,<environment.Job instance at 0x7f9166128b40>,4,17,[5 1],5,6,23,1,6
1,<environment.Job instance at 0x7f9166128c80>,7,12,[7 2],8,23,35,15,9
1,<environment.Job instance at 0x7f9165fb3780>,11,3,[5 2],12,13,16,1,13
1,<environment.Job instance at 0x7f9165fb3e10>,13,3,[4 7],14,16,19,2,14
1,<environment.Job instance at 0x7f911fbfd820>,1,12,[1 8],2,19,31,17,16
1,<environment.Job instance at 0x7f9165fb3af0>,12,17,[9 4],13,35,52,22,23
1,<environment.Job instance at 0x7f9165fb3b40>,17,15,[4 6],18,52,67,34,38
1,<environment.Job instance at 0x7f911fca2050>,24,16,[4 5],25,67,83,42,55
1,<environment.Job instance at 0x7f911fca2fa0>,31,3,[6 4],32,56,59,24,56
1,<environment.Job instance at 0x7f911fca2e10>,32,17,[ 2 10],33,83,100,50,71
1,<environment.Job instance at 0x7f911fca2410>,34,12,[9 1],35,100,112,65,84
1,<environment.Job instance at 0x7f91661a5140>,1,1,[6 5],2,3,4,1,3
1,<environment.Job instance at 0x7f91661a5410>,4,2,[9 3],5,5,7,0,5
1,<environment.Job instance at 0x7f91661a51e0>,6,13,[9 3],7,7,20,0,7
1,<environment.Job instance at 0x7f9166138460>,5,18,[1 8],6,20,38,14,9
1,<environment.Job instance at 0x7f916627d960>,10,14,[1 5],11,38,52,27,23
1,<environment.Job instance at 0x7f911f97d2d0>,8,16,[9 4],9,38,54,29,35
1,<environment.Job instance at 0x7f916373b730>,16,18,[7 4],17,54,72,37,44
1,<environment.Job instance at 0x7f916373ba50>,17,19,[1 5],18,52,71,34,45
1,<environment.Job instance at 0x7f916382f0f0>,19,18,[6 4],20,72,90,52,61
1,<environment.Job instance at 0x7f916371ee10>,24,14,[5 3],25,90,104,65,75
1,<environment.Job instance at 0x7f916369c6e0>,0,2,[5 5],1,2,4,1,2
1,<environment.Job instance at 0x7f916369c190>,4,3,[4 5],5,7,10,2,7
1,<environment.Job instance at 0x7f911fb1f370>,5,18,[7 5],6,17,35,11,17
1,<environment.Job instance at 0x7f911fb1f8c0>,11,1,[8 4],12,35,36,23,17
1,<environment.Job instance at 0x7f911fb1fa00>,12,1,[2 5],13,18,19,5,18
1,<environment.Job instance at 0x7f911fb1faa0>,13,2,[ 4 10],14,36,38,22,18
1,<environment.Job instance at 0x7f911fb1fc80>,16,1,[2 6],17,35,36,18,22
1,<environment.Job instance at 0x7f911fb1fb40>,14,18,[10  2],15,45,63,30,45
1,<environment.Job instance at 0x7f911fb2c6e0>,26,17,[3 5],27,63,80,36,51
1,<environment.Job instance at 0x7f911fb2c820>,28,15,[5 8],29,80,95,51,66
1,<environment.Job instance at 0x7f911fb2cbe0>,34,13,[ 5 10],35,95,108,60,81
1,<environment.Job instance at 0x7f911fb2ce60>,38,18,[5 5],39,108,126,69,98
1,<environment.Job instance at 0x7f911fb2cf50>,40,16,[7 5],41,126,142,85,116
1,<environment.Job instance at 0x7f911fb2f1e0>,43,17,[5 9],44,142,159,98,131
1,<environment.Job instance at 0x7f91635c37d0>,2,1,[5 9],3,3,4,0,3
1,<environment.Job instance at 0x7f91635c3e60>,0,12,[5 6],1,7,19,6,7
1,<environment.Job instance at 0x7f911fb2f870>,5,17,[10  3],6,19,36,13,9
1,<environment.Job instance at 0x7f9163559050>,10,2,[1 6],11,36,38,25,11
1,<environment.Job instance at 0x7f91662caaa0>,13,2,[2 7],14,38,40,24,15
1,<environment.Job instance at 0x7f911f9aecd0>,15,16,[7 3],16,36,52,20,23
1,<environment.Job instance at 0x7f911fe405f0>,18,2,[4 6],19,52,54,33,29
1,<environment.Job instance at 0x7f911fd36820>,21,15,[8 4],22,54,69,32,40
1,<environment.Job instance at 0x7f911f9cdb40>,23,16,[2 6],24,54,70,30,45
1,<environment.Job instance at 0x7f911f9d4e60>,24,2,[6 1],25,52,54,27,45
1,<environment.Job instance at 0x7f911f9cd3c0>,22,14,[9 2],23,70,84,47,55
1,<environment.Job instance at 0x7f9166022c30>,29,2,[9 3],30,84,86,54,57
1,<environment.Job instance at 0x7f911fc7b280>,33,18,[4 6],34,86,104,52,76
1,<environment.Job instance at 0x7f911f9ae190>,12,14,[ 4 10],13,104,118,91,90
1,<environment.Job instance at 0x7f9165c8e370>,38,3,[10  2],39,118,121,79,92
1,<environment.Job instance at 0x7f911fd5a500>,37,12,[1 6],38,121,133,83,104
1,<environment.Job instance at 0x7f911fcb4be0>,42,18,[7 4],43,121,139,78,110
1,<environment.Job instance at 0x7f911fc28d70>,45,2,[3 9],46,139,141,93,122
1,<environment.Job instance at 0x7f911fc28fa0>,46,2,[5 7],47,141,143,94,122
1,<environment.Job instance at 0x7f911fc7ca00>,47,1,[8 1],48,143,144,95,122
1,<environment.Job instance at 0x7f911fc7cbe0>,48,3,[9 5],49,144,147,95,122
1,<environment.Job instance at 0x7f911fc7c4b0>,50,2,[8 4],51,147,149,96,127
1,<environment.Job instance at 0x7f911fc7c640>,51,2,[3 9],52,149,151,97,127
1,<environment.Job instance at 0x7f911fc7cfa0>,49,15,[3 9],50,151,166,101,137
1,<environment.Job instance at 0x7f911fc7cfa0>,3,12,[5 4],4,4,16,0,4
1,<environment.Job instance at 0x7f911f946320>,9,3,[ 3 10],10,16,19,6,10
1,<environment.Job instance at 0x7f9163645af0>,12,2,[3 7],13,19,21,6,13
1,<environment.Job instance at 0x7f911f946870>,5,13,[9 1],6,21,34,15,13
1,<environment.Job instance at 0x7f9165ba5550>,16,13,[8 1],17,34,47,17,18
1,<environment.Job instance at 0x7f9165dd5870>,20,3,[ 4 10],21,47,50,26,24
1,<environment.Job instance at 0x7f9165dd55a0>,21,2,[2 9],22,34,36,12,24
1,<environment.Job instance at 0x7f916a60d370>,24,17,[2 7],25,50,67,25,46
1,<environment.Job instance at 0x7f916609d550>,18,16,[10  3],19,67,83,48,58
1,<environment.Job instance at 0x7f911fc7c0f0>,2,18,[3 7],3,84,102,81,84
1,<environment.Job instance at 0x7f91633bfc80>,29,18,[5 1],30,86,104,56,86
1,<environment.Job instance at 0x7f9166085c80>,31,12,[2 6],32,102,114,70,87
1,<environment.Job instance at 0x7f9166085640>,32,17,[6 4],33,104,121,71,96
1,<environment.Job instance at 0x7f91660855a0>,39,12,[3 9],40,121,133,81,104
1,<environment.Job instance at 0x7f916611d320>,41,16,[5 5],42,133,149,91,120
1,<environment.Job instance at 0x7f916611ddc0>,42,18,[2 5],43,133,151,90,123
1,<environment.Job instance at 0x7f916611d640>,45,1,[6 1],46,128,129,82,128
1,<environment.Job instance at 0x7f9163620e10>,51,15,[5 2],52,149,164,97,135
1,<environment.Job instance at 0x7f911ffaf370>,2,3,[2 8],3,3,6,0,3
1,<environment.Job instance at 0x7f911ffafb90>,5,17,[1 7],6,6,23,0,6
1,<environment.Job instance at 0x7f911ffaf140>,0,13,[5 8],1,23,36,22,7
1,<environment.Job instance at 0x7f9163a515f0>,16,15,[ 3 10],17,36,51,19,22
1,<environment.Job instance at 0x7f9163a51500>,19,12,[7 5],20,51,63,31,35
1,<environment.Job instance at 0x7f9163a51b90>,24,15,[6 2],25,63,78,38,49
1,<environment.Job instance at 0x7f9163a51d70>,25,2,[9 1],26,78,80,52,51
1,<environment.Job instance at 0x7f9163a51c30>,27,3,[5 2],28,80,83,52,56
1,<environment.Job instance at 0x7f9163a2c190>,31,17,[5 8],32,80,97,48,68
1,<environment.Job instance at 0x7f9163a48eb0>,8,13,[10  4],9,97,110,88,87
1,<environment.Job instance at 0x7f9163a2c2d0>,33,14,[3 6],34,110,124,76,97
1,<environment.Job instance at 0x7f9163a2c5f0>,38,12,[10  3],39,124,136,85,107
1,<environment.Job instance at 0x7f9163a2cc80>,41,1,[ 3 10],42,136,137,94,118
1,<environment.Job instance at 0x7f9163a2c730>,36,14,[4 7],37,137,151,100,124
1,<environment.Job instance at 0x7f9163a2cc30>,45,14,[5 4],46,151,165,105,136
1,<environment.Job instance at 0x7f9163a2b230>,49,3,[5 4],50,151,154,101,139
1,<environment.Job instance at 0x7f9163a2b3c0>,50,2,[3 5],51,154,156,103,139
1,<environment.Job instance at 0x7f9163a2b4b0>,51,12,[3 5],52,156,168,104,139
1,<environment.Job instance at 0x7f916375bcd0>,6,13,[ 2 10],7,13,26,6,13
1,<environment.Job instance at 0x7f916375be60>,8,3,[1 7],9,26,29,17,13
1,<environment.Job instance at 0x7f916375beb0>,7,12,[6 5],8,29,41,21,13
1,<environment.Job instance at 0x7f916375baf0>,12,3,[5 8],13,41,44,28,16
1,<environment.Job instance at 0x7f9163a02730>,13,2,[6 2],14,26,28,12,16
1,<environment.Job instance at 0x7f9163a020f0>,17,3,[2 7],18,44,47,26,19
1,<environment.Job instance at 0x7f916375b870>,11,12,[5 3],12,44,56,32,28
1,<environment.Job instance at 0x7f916384d050>,19,1,[5 6],20,47,48,27,29
1,<environment.Job instance at 0x7f916384d780>,23,14,[6 2],24,56,70,32,41
1,<environment.Job instance at 0x7f916384d2d0>,25,1,[1 7],26,48,49,22,41
1,<environment.Job instance at 0x7f916384d460>,31,13,[3 5],32,52,65,20,52
1,<environment.Job instance at 0x7f916384df50>,28,12,[6 4],29,70,82,41,53
1,<environment.Job instance at 0x7f911f8935f0>,36,13,[6 4],37,82,95,45,66
1,<environment.Job instance at 0x7f911f893eb0>,40,2,[5 4],41,95,97,54,75
1,<environment.Job instance at 0x7f911f7b67d0>,43,3,[6 1],44,97,100,53,94
1,<environment.Job instance at 0x7f911f7b64b0>,45,3,[8 1],46,100,103,54,94
1,<environment.Job instance at 0x7f911f7b69b0>,46,2,[5 9],47,103,105,56,94
1,<environment.Job instance at 0x7f911fc7f0f0>,47,2,[5 8],48,105,107,57,94
1,<environment.Job instance at 0x7f911fc7f640>,48,3,[6 2],49,107,110,58,94
1,<environment.Job instance at 0x7f911fc7f230>,49,2,[10  1],50,110,112,60,94
1,<environment.Job instance at 0x7f911fc7fe10>,50,12,[2 5],51,112,124,61,95
1,<environment.Job instance at 0x7f911fc59dc0>,53,14,[ 5 10],54,124,138,70,109
1,<environment.Job instance at 0x7f911f944b90>,60,15,[5 5],61,138,153,77,124
1,<environment.Job instance at 0x7f911f944a00>,64,12,[7 1],65,153,165,88,136
1,<environment.Job instance at 0x7f911ff74370>,67,1,[8 4],68,165,166,97,137
1,<environment.Job instance at 0x7f916379f8c0>,4,2,[3 6],5,5,7,0,5
1,<environment.Job instance at 0x7f916379feb0>,6,1,[7 4],7,7,8,0,7
1,<environment.Job instance at 0x7f916379ff00>,5,15,[9 1],6,8,23,2,7
1,<environment.Job instance at 0x7f916379f320>,8,2,[7 4],9,23,25,14,9
1,<environment.Job instance at 0x7f916379f5a0>,9,2,[2 6],10,23,25,13,13
1,<environment.Job instance at 0x7f916aa21aa0>,12,2,[2 8],13,25,27,12,13
1,<environment.Job instance at 0x7f916379ff50>,10,15,[1 8],11,27,42,16,13
1,<environment.Job instance at 0x7f916aa21c30>,15,2,[8 1],16,25,27,9,17
1,<environment.Job instance at 0x7f916379ffa0>,11,2,[6 3],12,42,44,30,19
1,<environment.Job instance at 0x7f916aa21280>,19,1,[9 1],20,27,28,7,20
1,<environment.Job instance at 0x7f91633a93c0>,22,14,[3 7],23,42,56,19,27
1,<environment.Job instance at 0x7f91633a9820>,23,16,[ 5 10],24,56,72,32,43
1,<environment.Job instance at 0x7f91638bc410>,32,14,[6 2],33,72,86,39,59
1,<environment.Job instance at 0x7f91633a9b40>,24,17,[3 5],25,72,89,47,65
1,<environment.Job instance at 0x7f91638bc640>,34,2,[1 5],35,86,88,51,65
1,<environment.Job instance at 0x7f91638bcb40>,35,3,[9 4],36,89,92,53,65
1,<environment.Job instance at 0x7f91638bce10>,38,12,[6 3],39,92,104,53,75
1,<environment.Job instance at 0x7f91633a9af0>,25,15,[ 1 10],26,104,119,78,90
1,<environment.Job instance at 0x7f9165dc7af0>,46,14,[10  3],47,119,133,72,104
1,<environment.Job instance at 0x7f9165dc7d20>,50,14,[6 1],51,133,147,82,118
1,<environment.Job instance at 0x7f9165dc7d70>,53,15,[2 7],54,133,148,79,121
1,<environment.Job instance at 0x7f9165dc7230>,55,3,[9 3],56,148,151,92,122
1,<environment.Job instance at 0x7f9165dc7c80>,57,3,[6 1],58,151,154,93,125
1,<environment.Job instance at 0x7f911f9c90f0>,60,13,[8 4],61,154,167,93,138
1,<environment.Job instance at 0x7f911f9c9280>,3,3,[6 1],4,4,7,0,4
1,<environment.Job instance at 0x7f911f9601e0>,6,1,[3 9],7,9,10,2,9
1,<environment.Job instance at 0x7f911f9d37d0>,10,15,[3 7],11,11,26,0,11
1,<environment.Job instance at 0x7f9163725eb0>,11,13,[1 7],12,26,39,14,12
1,<environment.Job instance at 0x7f9163725910>,14,14,[5 3],15,29,43,14,29
1,<environment.Job instance at 0x7f9163725c30>,15,2,[5 2],16,39,41,23,29
1,<environment.Job instance at 0x7f9163738050>,22,14,[5 5],23,41,55,18,41
1,<environment.Job instance at 0x7f9163738190>,23,3,[3 6],24,55,58,31,41
1,<environment.Job instance at 0x7f911f9ec7d0>,24,13,[4 7],25,58,71,33,43
1,<environment.Job instance at 0x7f9165f71640>,27,3,[10  5],28,71,74,43,47
1,<environment.Job instance at 0x7f911f9d3be0>,7,17,[ 5 10],8,74,91,66,63
1,<environment.Job instance at 0x7f911f9ddf50>,21,18,[9 3],22,91,109,69,80
1,<environment.Job instance at 0x7f91633f7f50>,37,15,[8 5],38,109,124,71,95
1,<environment.Job instance at 0x7f91635393c0>,43,14,[6 1],44,124,138,80,109
1,<environment.Job instance at 0x7f911f7cdb90>,40,13,[4 9],41,124,137,83,111
1,<environment.Job instance at 0x7f9165f59fa0>,48,2,[6 1],49,138,140,89,128
1,<environment.Job instance at 0x7f9165f59960>,49,12,[1 8],50,137,149,87,128
1,<environment.Job instance at 0x7f9165f59dc0>,2,1,[2 9],3,5,6,2,5
1,<environment.Job instance at 0x7f911fd88730>,4,16,[1 6],5,8,24,3,8
1,<environment.Job instance at 0x7f911f8c0d70>,9,2,[9 5],10,24,26,14,10
1,<environment.Job instance at 0x7f911fe2d1e0>,10,1,[8 3],11,11,12,0,11
1,<environment.Job instance at 0x7f911fe2ddc0>,11,2,[10  3],12,26,28,14,12
1,<environment.Job instance at 0x7f911fe2d0f0>,12,3,[ 4 10],13,28,31,15,13
1,<environment.Job instance at 0x7f91638f7230>,14,2,[7 5],15,31,33,16,22
1,<environment.Job instance at 0x7f9166039910>,18,1,[9 5],19,33,34,14,22
1,<environment.Job instance at 0x7f911fe2d7d0>,16,2,[ 2 10],17,44,46,27,44
1,<environment.Job instance at 0x7f911fe0b500>,20,2,[9 2],21,46,48,25,44
1,<environment.Job instance at 0x7f9165fc2320>,23,3,[5 2],24,48,51,24,44
1,<environment.Job instance at 0x7f911fe0b870>,21,16,[1 7],22,46,62,24,44
1,<environment.Job instance at 0x7f91635ea0f0>,25,1,[8 4],26,62,63,36,44
1,<environment.Job instance at 0x7f9163a88b40>,26,12,[1 9],27,63,75,36,46
1,<environment.Job instance at 0x7f9163a887d0>,29,16,[8 4],30,75,91,45,62
1,<environment.Job instance at 0x7f911f6b9af0>,33,16,[5 9],34,91,107,57,78
1,<environment.Job instance at 0x7f911f6b9230>,41,12,[7 5],42,107,119,65,92
1,<environment.Job instance at 0x7f911f6b9b40>,43,12,[8 2],44,119,131,75,102
1,<environment.Job instance at 0x7f911fec8a50>,47,13,[9 2],48,131,144,83,116
1,<environment.Job instance at 0x7f911f776aa0>,52,12,[9 4],53,144,156,91,129
1,<environment.Job instance at 0x7f916aa26230>,1,3,[6 4],2,2,5,0,2
1,<environment.Job instance at 0x7f91634cd410>,2,16,[3 7],3,8,24,5,8
1,<environment.Job instance at 0x7f91637f94b0>,11,14,[1 8],12,24,38,12,13
1,<environment.Job instance at 0x7f91637f9f50>,12,16,[6 4],13,38,54,25,26
1,<environment.Job instance at 0x7f91637f9a00>,13,12,[10  2],14,54,66,40,40
1,<environment.Job instance at 0x7f91634cd5a0>,7,18,[2 8],8,66,84,58,55
1,<environment.Job instance at 0x7f916a990c80>,23,14,[7 2],24,66,80,42,57
1,<environment.Job instance at 0x7f91633e8960>,29,12,[4 6],30,84,96,54,68
1,<environment.Job instance at 0x7f91633e8500>,30,17,[5 2],31,80,97,49,69
1,<environment.Job instance at 0x7f911fc97cd0>,37,18,[2 7],38,96,114,58,85
1,<environment.Job instance at 0x7f911fc975f0>,40,15,[6 1],41,97,112,56,91
1,<environment.Job instance at 0x7f911ffafd70>,46,2,[4 7],47,114,116,67,99
1,<environment.Job instance at 0x7f911ffafe10>,47,2,[ 4 10],48,116,118,68,99
1,<environment.Job instance at 0x7f911ffaf9b0>,48,3,[8 2],49,118,121,69,99
1,<environment.Job instance at 0x7f91633e8690>,27,15,[ 3 10],28,121,136,93,107
1,<environment.Job instance at 0x7f91638c68c0>,51,2,[5 3],52,112,114,60,107
1,<environment.Job instance at 0x7f91638c6c80>,52,2,[5 5],53,136,138,83,109
1,<environment.Job instance at 0x7f91638c64b0>,56,2,[9 2],57,138,140,81,124
1,<environment.Job instance at 0x7f91638c6410>,57,2,[4 6],58,140,142,82,124
1,<environment.Job instance at 0x7f91638c6960>,59,2,[9 2],60,142,144,82,125
1,<environment.Job instance at 0x7f9166088730>,60,3,[3 7],61,144,147,83,125
1,<environment.Job instance at 0x7f916ab64910>,65,1,[4 8],66,147,148,81,130
1,<environment.Job instance at 0x7f911ffaf640>,45,14,[4 9],46,148,162,102,133
1,<environment.Job instance at 0x7f9165caa370>,5,3,[4 7],6,9,12,3,9
1,<environment.Job instance at 0x7f9165caab40>,7,14,[6 1],8,10,24,2,10
1,<environment.Job instance at 0x7f911f604780>,1,12,[7 1],2,24,36,22,14
1,<environment.Job instance at 0x7f9165caa730>,8,12,[5 3],9,36,48,27,20
1,<environment.Job instance at 0x7f9165cae5a0>,15,14,[8 2],16,48,62,32,33
1,<environment.Job instance at 0x7f9165cdc690>,29,18,[5 2],30,62,80,32,52
1,<environment.Job instance at 0x7f9165caea00>,12,17,[3 6],13,62,79,49,53
1,<environment.Job instance at 0x7f911fe88cd0>,34,3,[8 2],35,80,83,45,59
1,<environment.Job instance at 0x7f911fe817d0>,35,14,[9 4],36,83,97,47,68
1,<environment.Job instance at 0x7f911fe88690>,30,17,[8 2],31,97,114,66,87
1,<environment.Job instance at 0x7f91635e0eb0>,41,18,[1 7],42,97,115,55,91
1,<environment.Job instance at 0x7f911fd14140>,52,13,[5 8],53,115,128,62,100
1,<environment.Job instance at 0x7f9165fd9a00>,61,1,[ 5 10],62,128,129,66,114
1,<environment.Job instance at 0x7f9163a06d20>,39,12,[9 5],40,129,141,89,115
1,<environment.Job instance at 0x7f9165fd99b0>,63,3,[4 6],64,141,144,77,115
1,<environment.Job instance at 0x7f9165fd9b90>,65,12,[10  4],66,144,156,78,128
1,<environment.Job instance at 0x7f9165ff0140>,69,12,[3 8],70,156,168,86,139
1,<environment.Job instance at 0x7f9165d03640>,3,16,[10  1],4,5,21,1,5
1,<environment.Job instance at 0x7f911f67c410>,12,12,[7 2],13,21,33,8,13
1,<environment.Job instance at 0x7f911f705c30>,13,3,[ 3 10],14,33,36,19,14
1,<environment.Job instance at 0x7f916ab69e60>,8,14,[4 7],9,36,50,27,23
1,<environment.Job instance at 0x7f91636fe410>,18,1,[7 4],19,50,51,31,26
1,<environment.Job instance at 0x7f91636fe0a0>,19,3,[ 1 10],20,51,54,31,27
1,<environment.Job instance at 0x7f9165c1d190>,23,12,[6 3],24,37,49,13,37
1,<environment.Job instance at 0x7f911fe7f410>,26,14,[8 2],27,54,68,27,39
1,<environment.Job instance at 0x7f911f6df8c0>,29,16,[1 8],30,54,70,24,44
1,<environment.Job instance at 0x7f91660e3050>,32,12,[3 6],33,70,82,37,53
1,<environment.Job instance at 0x7f91660e34b0>,35,13,[3 7],36,82,95,46,70
1,<environment.Job instance at 0x7f911f752cd0>,43,16,[5 5],44,96,112,52,96
1,<environment.Job instance at 0x7f9166073eb0>,46,1,[7 2],47,122,123,75,122
1,<environment.Job instance at 0x7f91660739b0>,47,16,[7 4],48,123,139,75,122
1,<environment.Job instance at 0x7f9166073a00>,48,12,[8 2],49,139,151,90,122
1,<environment.Job instance at 0x7f916354b910>,2,12,[7 5],3,4,16,1,4
1,<environment.Job instance at 0x7f9166130050>,10,14,[5 1],11,16,30,5,11
1,<environment.Job instance at 0x7f911f71cd70>,14,2,[8 5],15,55,57,40,55
1,<environment.Job instance at 0x7f911f71c8c0>,17,17,[5 5],18,79,96,61,79
1,<environment.Job instance at 0x7f9166283d70>,23,13,[6 4],24,96,109,72,80
1,<environment.Job instance at 0x7f911f71c500>,19,18,[1 5],20,80,98,60,80
1,<environment.Job instance at 0x7f916354b870>,0,13,[2 8],1,109,122,108,93
1,<environment.Job instance at 0x7f911fb88dc0>,33,1,[3 5],34,104,105,70,104
1,<environment.Job instance at 0x7f911fb88960>,34,3,[10  1],35,122,125,87,104
1,<environment.Job instance at 0x7f911fb88c30>,35,1,[10  4],36,125,126,89,105
1,<environment.Job instance at 0x7f911fb88870>,30,14,[2 7],31,126,140,95,112
1,<environment.Job instance at 0x7f9166130500>,12,17,[4 9],13,140,157,127,128
1,<environment.Job instance at 0x7f9163ace0f0>,3,16,[5 2],4,4,20,0,4
1,<environment.Job instance at 0x7f91635e5fa0>,1,17,[5 5],2,4,21,2,4
1,<environment.Job instance at 0x7f9165ea84b0>,2,13,[8 4],3,21,34,18,10
1,<environment.Job instance at 0x7f911fc3b460>,11,1,[8 4],12,34,35,22,14
1,<environment.Job instance at 0x7f9163aa6b90>,12,2,[ 1 10],13,35,37,22,14
1,<environment.Job instance at 0x7f911fbb5a50>,16,2,[4 7],17,37,39,20,17
1,<environment.Job instance at 0x7f911fbb5190>,18,14,[8 5],19,39,53,20,24
1,<environment.Job instance at 0x7f911fc3ba50>,9,14,[8 1],10,58,72,48,58
1,<environment.Job instance at 0x7f91639d2690>,21,12,[5 6],22,72,84,50,58
1,<environment.Job instance at 0x7f911f57c1e0>,10,12,[4 6],11,84,96,73,69
1,<environment.Job instance at 0x7f911f84e230>,28,2,[5 8],29,96,98,67,69
1,<environment.Job instance at 0x7f911fd8fc80>,30,15,[ 3 10],31,98,113,67,94
1,<environment.Job instance at 0x7f911f84ee60>,29,14,[3 9],30,113,127,83,98
1,<environment.Job instance at 0x7f911f6d0d70>,39,12,[8 3],40,127,139,87,110
1,<environment.Job instance at 0x7f911f6d09b0>,37,18,[3 7],38,139,157,101,128
1,<environment.Job instance at 0x7f9facea00f0>,2,12,[5 4],3,3,15,0,3
1,<environment.Job instance at 0x7f9facea0190>,5,13,[5 9],6,15,28,9,8
1,<environment.Job instance at 0x7f9fa7a915a0>,8,17,[ 2 10],9,28,45,19,16
1,<environment.Job instance at 0x7f9fa7a91730>,11,2,[3 9],12,45,47,33,25
1,<environment.Job instance at 0x7f9fa7a916e0>,12,3,[6 3],13,47,50,34,25
1,<environment.Job instance at 0x7f9fa7a91960>,13,13,[1 8],14,50,63,36,34
1,<environment.Job instance at 0x7f9fa7a91aa0>,15,3,[10  2],16,63,66,47,37
1,<environment.Job instance at 0x7f9fa7a91af0>,16,12,[1 8],17,66,78,49,50
1,<environment.Job instance at 0x7f9fa7a91780>,9,17,[ 4 10],10,78,95,68,66
1,<environment.Job instance at 0x7f9fa7a91fa0>,24,3,[5 9],25,95,98,70,74
1,<environment.Job instance at 0x7f9fa7a931e0>,27,2,[6 4],28,98,100,70,74
1,<environment.Job instance at 0x7f9fa7a935a0>,31,17,[4 9],32,100,117,68,88
1,<environment.Job instance at 0x7f9fa7a938c0>,35,16,[8 1],36,117,133,81,104
1,<environment.Job instance at 0x7f9fa7a93c80>,38,12,[3 6],39,133,145,94,116
1,<environment.Job instance at 0x7f9fa7a93d20>,41,14,[6 1],42,133,147,91,128
1,<environment.Job instance at 0x7f9fa7a93dc0>,42,14,[8 4],43,147,161,104,132
1,<environment.Job instance at 0x7f9fa7aa8f00>,2,16,[6 2],3,3,19,0,3
1,<environment.Job instance at 0x7f9fad006be0>,4,2,[8 5],5,19,21,14,5
1,<environment.Job instance at 0x7f9fad00ce60>,6,2,[8 2],7,21,23,14,7
1,<environment.Job instance at 0x7f9fad00c6e0>,10,12,[6 3],11,23,35,12,11
1,<environment.Job instance at 0x7f9fad007dc0>,14,13,[1 9],15,35,48,20,21
1,<environment.Job instance at 0x7f9fad007780>,13,15,[4 8],14,48,63,34,34
1,<environment.Job instance at 0x7f9fad01a690>,20,3,[9 1],21,38,41,17,38
1,<environment.Job instance at 0x7f9fad007e10>,17,18,[5 2],18,48,66,30,45
1,<environment.Job instance at 0x7f9fad01a2d0>,23,12,[1 7],24,63,75,39,47
1,<environment.Job instance at 0x7f9fad010fa0>,30,12,[2 5],31,75,87,44,66
1,<environment.Job instance at 0x7f9fad010190>,32,2,[8 2],33,66,68,33,66
1,<environment.Job instance at 0x7f9fad00c730>,8,16,[3 9],9,87,103,78,76
1,<environment.Job instance at 0x7f9facec9820>,39,17,[9 2],40,103,120,63,91
1,<environment.Job instance at 0x7f9facec9960>,41,3,[8 2],42,120,123,78,98
1,<environment.Job instance at 0x7f9facec9870>,42,14,[8 4],43,123,137,80,108
1,<environment.Job instance at 0x7f9facec9e10>,47,3,[4 9],48,137,140,89,114
1,<environment.Job instance at 0x7f9fad0141e0>,48,2,[ 3 10],49,140,142,91,115
1,<environment.Job instance at 0x7f9fad014c30>,49,1,[10  3],50,142,143,92,115
1,<environment.Job instance at 0x7f9facec94b0>,44,17,[10  5],45,143,160,98,135
1,<environment.Job instance at 0x7f9facec8be0>,56,13,[5 1],57,160,173,103,148
1,<environment.Job instance at 0x7f9f61d30370>,1,2,[3 8],2,3,5,1,3
1,<environment.Job instance at 0x7f9f623215f0>,4,1,[3 8],5,5,6,0,5
1,<environment.Job instance at 0x7f9f61d2d4b0>,9,1,[8 5],10,12,13,2,12
1,<environment.Job instance at 0x7f9f61d2dc80>,10,14,[2 8],11,15,29,4,15
1,<environment.Job instance at 0x7f9f61d33960>,12,2,[7 1],13,16,18,3,16
1,<environment.Job instance at 0x7f9f61d336e0>,13,2,[3 5],14,29,31,15,16
1,<environment.Job instance at 0x7f9f61d30e60>,6,15,[7 3],7,29,44,22,16
1,<environment.Job instance at 0x7f9fa7848820>,18,3,[5 1],19,25,28,6,25
1,<environment.Job instance at 0x7f9f61d2d5f0>,11,15,[10  3],12,44,59,32,30
1,<environment.Job instance at 0x7f9fa7f34050>,23,15,[7 4],24,59,74,35,45
1,<environment.Job instance at 0x7f9f61cf4dc0>,19,17,[4 8],20,74,91,54,62
1,<environment.Job instance at 0x7f9fa78b3c30>,30,13,[ 4 10],31,91,104,60,76
1,<environment.Job instance at 0x7f9f61d36f50>,32,2,[6 1],33,76,78,43,76
1,<environment.Job instance at 0x7f9f61d36fa0>,33,13,[2 5],34,104,117,70,88
1,<environment.Job instance at 0x7f9f61d30690>,0,17,[4 5],1,104,121,103,92
1,<environment.Job instance at 0x7f9f61d36a50>,38,14,[10  4],39,121,135,82,108
1,<environment.Job instance at 0x7f9f61cdb550>,44,12,[3 5],45,135,147,90,120
1,<environment.Job instance at 0x7f9f61cdb050>,47,2,[5 9],48,147,149,99,123
1,<environment.Job instance at 0x7f9f61cdb9b0>,48,17,[2 8],49,149,166,100,139
1,<environment.Job instance at 0x7f9fa77fbf50>,54,12,[2 9],55,166,178,111,149
1,<environment.Job instance at 0x7f9f61ec1640>,8,2,[6 5],9,10,12,1,10
1,<environment.Job instance at 0x7f9f62268f50>,9,3,[8 5],10,12,15,2,10
1,<environment.Job instance at 0x7f9f623c7550>,7,2,[5 2],8,15,17,7,11
1,<environment.Job instance at 0x7f9f6236de60>,13,14,[3 6],14,15,29,1,14
1,<environment.Job instance at 0x7f9f6228f5a0>,15,1,[3 6],16,29,30,13,16
1,<environment.Job instance at 0x7f9f623ad7d0>,16,15,[ 5 10],17,30,45,13,17
1,<environment.Job instance at 0x7f9f61ce30f0>,18,2,[7 3],19,20,22,1,20
1,<environment.Job instance at 0x7f9fa7bb1320>,20,2,[6 5],21,45,47,24,21
1,<environment.Job instance at 0x7f9fad00c280>,21,14,[1 9],22,47,61,25,32
1,<environment.Job instance at 0x7f9faca5daf0>,10,13,[3 8],11,61,74,50,46
1,<environment.Job instance at 0x7f9fad01a0f0>,27,3,[5 6],28,74,77,46,59
1,<environment.Job instance at 0x7f9f61d35640>,28,12,[5 6],29,77,89,48,60
1,<environment.Job instance at 0x7f9facec9960>,34,2,[4 8],35,89,91,54,82
1,<environment.Job instance at 0x7f9facec9b40>,38,1,[2 5],39,91,92,52,82
1,<environment.Job instance at 0x7f9facec95a0>,39,3,[4 8],40,92,95,52,82
1,<environment.Job instance at 0x7f9facec96e0>,40,14,[ 4 10],41,95,109,54,82
1,<environment.Job instance at 0x7f9fad007f50>,23,18,[4 8],24,109,127,85,99
1,<environment.Job instance at 0x7f9fad0140f0>,46,18,[8 2],47,127,145,80,116
1,<environment.Job instance at 0x7f9facec93c0>,42,17,[2 5],43,127,144,84,120
1,<environment.Job instance at 0x7f9f61d318c0>,52,3,[ 3 10],53,145,148,92,134
1,<environment.Job instance at 0x7f9f61d3a410>,53,15,[6 5],54,148,163,94,134
1,<environment.Job instance at 0x7f9f61ce42d0>,59,3,[3 6],60,163,166,103,145
1,<environment.Job instance at 0x7f9f61cefa00>,60,3,[7 3],61,163,166,102,145
1,<environment.Job instance at 0x7f9f61d9c9b0>,4,2,[9 2],5,5,7,0,5
1,<environment.Job instance at 0x7f9fa7e9c190>,7,17,[3 5],8,12,29,4,12
1,<environment.Job instance at 0x7f9fa7e9c410>,8,17,[2 6],9,29,46,20,18
1,<environment.Job instance at 0x7f9f61d8c6e0>,0,18,[8 1],1,29,47,28,20
1,<environment.Job instance at 0x7f9f6244aa50>,12,15,[10  1],13,47,62,34,34
1,<environment.Job instance at 0x7f9fa7e92280>,19,3,[5 9],20,62,65,42,37
1,<environment.Job instance at 0x7f9fa7e921e0>,23,14,[4 8],24,65,79,41,51
1,<environment.Job instance at 0x7f9fa7e89aa0>,28,13,[6 1],29,65,78,36,62
1,<environment.Job instance at 0x7f9fa7e89fa0>,26,15,[9 1],27,79,94,52,65
1,<environment.Job instance at 0x7f9fa7e89820>,24,16,[9 2],25,94,110,69,81
1,<environment.Job instance at 0x7f9fa7e89050>,34,3,[7 4],35,110,113,75,87
1,<environment.Job instance at 0x7f9fa7e89e60>,35,3,[9 4],36,113,116,77,87
1,<environment.Job instance at 0x7f9fa7e89640>,29,13,[1 8],30,91,104,61,91
1,<environment.Job instance at 0x7f9fa7e89140>,32,13,[ 5 10],33,116,129,83,103
1,<environment.Job instance at 0x7f9fa7e94a00>,41,2,[2 9],42,129,131,87,105
1,<environment.Job instance at 0x7f9fa7e94780>,42,2,[7 3],43,131,133,88,105
1,<environment.Job instance at 0x7f9fa7e94140>,43,3,[8 1],44,133,136,89,107
1,<environment.Job instance at 0x7f9fa7e94460>,45,12,[10  3],46,136,148,90,120
1,<environment.Job instance at 0x7f9fa7e94b40>,40,15,[5 6],41,148,163,107,134
1,<environment.Job instance at 0x7f9fa7e96e10>,54,12,[3 5],55,163,175,108,148
1,<environment.Job instance at 0x7f9fa7e86d70>,55,3,[9 2],56,175,178,119,149
1,<environment.Job instance at 0x7f9fac72c7d0>,4,14,[3 8],5,5,19,0,5
1,<environment.Job instance at 0x7f9fac72c320>,3,3,[8 4],4,19,22,15,6
1,<environment.Job instance at 0x7f9fac72c0f0>,6,12,[2 7],7,22,34,15,8
1,<environment.Job instance at 0x7f9fac3b30a0>,11,12,[5 5],12,34,46,22,17
1,<environment.Job instance at 0x7f9fac3b3a50>,13,13,[7 4],14,46,59,32,30
1,<environment.Job instance at 0x7f9fac3b3460>,19,16,[7 2],20,59,75,39,46
1,<environment.Job instance at 0x7f9fac3b3690>,21,16,[5 7],22,75,91,53,62
1,<environment.Job instance at 0x7f9fac3b3f00>,25,14,[4 6],26,91,105,65,76
1,<environment.Job instance at 0x7f9fac3b3550>,28,3,[2 6],29,105,108,76,79
1,<environment.Job instance at 0x7f9fa7d5b0a0>,30,2,[3 9],31,108,110,77,91
1,<environment.Job instance at 0x7f9fa7d5bd20>,31,2,[7 1],32,105,107,73,93
1,<environment.Job instance at 0x7f9fa7d5b190>,34,13,[5 3],35,110,123,75,99
1,<environment.Job instance at 0x7f9fa7d5b9b0>,37,3,[7 5],38,123,126,85,101
1,<environment.Job instance at 0x7f9fa7d5bd70>,40,13,[5 3],41,110,123,69,105
1,<environment.Job instance at 0x7f9fac3b33c0>,18,17,[9 5],19,126,143,107,114
1,<environment.Job instance at 0x7f9fa7d5bb40>,43,12,[7 4],44,143,155,99,127
1,<environment.Job instance at 0x7f9fa7d5b550>,42,17,[6 4],43,155,172,112,143
1,<environment.Job instance at 0x7f9fac431500>,0,1,[8 1],1,1,2,0,1
1,<environment.Job instance at 0x7f9fa7b7b2d0>,14,3,[2 7],15,20,23,5,20
1,<environment.Job instance at 0x7f9fa7d755f0>,5,18,[9 2],6,27,45,21,27
1,<environment.Job instance at 0x7f9fa7dde1e0>,23,3,[8 3],24,45,48,21,42
1,<environment.Job instance at 0x7f9fa7b7b3c0>,18,16,[4 8],19,48,64,29,43
1,<environment.Job instance at 0x7f9fa7c3f320>,26,1,[7 4],27,64,65,37,43
1,<environment.Job instance at 0x7f9f61d2dfa0>,28,3,[2 7],29,45,48,16,45
1,<environment.Job instance at 0x7f9fa7dde730>,27,16,[1 7],28,65,81,37,52
1,<environment.Job instance at 0x7f9f621fbb40>,34,13,[8 2],35,68,81,33,68
1,<environment.Job instance at 0x7f9f621fbf00>,36,3,[6 1],37,81,84,44,68
1,<environment.Job instance at 0x7f9f621fbaf0>,38,13,[2 5],39,81,94,42,68
1,<environment.Job instance at 0x7f9f621fbeb0>,41,12,[3 7],42,94,106,52,77
1,<environment.Job instance at 0x7f9f61efa7d0>,43,3,[10  3],44,106,109,62,90
1,<environment.Job instance at 0x7f9f621fb8c0>,42,15,[ 2 10],43,109,124,66,97
1,<environment.Job instance at 0x7f9f61ed7fa0>,50,3,[5 3],51,124,127,73,107
1,<environment.Job instance at 0x7f9f61ed72d0>,51,18,[3 8],52,127,145,75,116
1,<environment.Job instance at 0x7f9f61edb640>,56,16,[1 6],57,145,161,88,134
1,<environment.Job instance at 0x7f9f62210050>,57,15,[7 4],58,145,160,87,134
1,<environment.Job instance at 0x7f9f62210730>,59,17,[ 1 10],60,161,178,101,149
1,<environment.Job instance at 0x7f9f6208e640>,2,15,[8 4],3,3,18,0,3
1,<environment.Job instance at 0x7f9f622101e0>,5,1,[5 9],6,18,19,12,6
1,<environment.Job instance at 0x7f9fac354fa0>,0,13,[2 6],1,19,32,18,8
1,<environment.Job instance at 0x7f9f6208c320>,10,3,[8 3],11,29,32,18,29
1,<environment.Job instance at 0x7f9f6208c690>,9,13,[6 4],10,32,45,22,29
1,<environment.Job instance at 0x7f9fa7a92280>,16,1,[6 3],17,45,46,28,29
1,<environment.Job instance at 0x7f9f6208c0a0>,6,17,[2 5],7,32,49,25,29
1,<environment.Job instance at 0x7f9fa7a920f0>,12,2,[3 6],13,49,51,36,29
1,<environment.Job instance at 0x7f9fa7a921e0>,15,15,[3 9],16,51,66,35,37
1,<environment.Job instance at 0x7f9fa7a925a0>,21,14,[5 8],22,66,80,44,51
1,<environment.Job instance at 0x7f9fa7a92500>,20,17,[10  1],21,80,97,59,68
1,<environment.Job instance at 0x7f9fa7a92780>,24,17,[7 2],25,97,114,72,86
1,<environment.Job instance at 0x7f9f620604b0>,34,16,[7 4],35,114,130,79,101
1,<environment.Job instance at 0x7f9f62060410>,39,2,[5 8],40,130,132,90,115
1,<environment.Job instance at 0x7f9f62060910>,40,15,[5 3],41,132,147,91,118
1,<environment.Job instance at 0x7f9f620609b0>,41,18,[4 7],42,132,150,90,123
1,<environment.Job instance at 0x7f9f62060320>,33,15,[3 9],34,150,165,116,136
1,<environment.Job instance at 0x7f9f62060e10>,47,1,[10  4],48,165,166,117,137
1,<environment.Job instance at 0x7f9f62060eb0>,48,2,[3 6],49,166,168,117,140
1,<environment.Job instance at 0x7f9f620606e0>,2,3,[10  4],3,4,7,1,4
1,<environment.Job instance at 0x7f9f62060aa0>,3,13,[8 4],4,7,20,3,4
1,<environment.Job instance at 0x7f9fa79ba730>,9,13,[8 2],10,20,33,10,12
1,<environment.Job instance at 0x7f9fa79ba640>,12,16,[5 4],13,33,49,20,20
1,<environment.Job instance at 0x7f9fac4c80f0>,5,16,[7 3],6,49,65,43,38
1,<environment.Job instance at 0x7f9fac54f7d0>,22,14,[7 3],23,65,79,42,50
1,<environment.Job instance at 0x7f9fa7f76460>,17,18,[1 6],18,53,71,35,53
1,<environment.Job instance at 0x7f9fa78e90a0>,33,14,[ 4 10],34,79,93,45,65
1,<environment.Job instance at 0x7f9fa78e95a0>,34,1,[5 5],35,93,94,58,66
1,<environment.Job instance at 0x7f9fac4ca0a0>,36,16,[9 2],37,94,110,57,81
1,<environment.Job instance at 0x7f9fac4ca960>,39,2,[8 2],40,110,112,70,83
1,<environment.Job instance at 0x7f9f622ce960>,40,2,[5 4],41,112,114,71,85
1,<environment.Job instance at 0x7f9fac73a6e0>,41,2,[6 1],42,114,116,72,87
1,<environment.Job instance at 0x7f9fa7900c80>,42,12,[1 9],43,114,126,71,97
1,<environment.Job instance at 0x7f9fa797b5f0>,20,17,[9 2],21,126,143,105,114
1,<environment.Job instance at 0x7f9fac52acd0>,45,16,[4 9],46,143,159,97,132
1,<environment.Job instance at 0x7f9f61ffa960>,62,18,[3 7],63,159,177,96,148
1,<environment.Job instance at 0x7f9fa7f013c0>,9,2,[10  2],10,17,19,7,17
1,<environment.Job instance at 0x7f9fa79fb460>,13,1,[1 7],14,27,28,13,27
1,<environment.Job instance at 0x7f9f62371eb0>,8,16,[9 1],9,27,43,18,27
1,<environment.Job instance at 0x7f9f61b6c320>,16,3,[8 2],17,43,46,26,27
1,<environment.Job instance at 0x7f9f62327fa0>,4,13,[5 8],5,46,59,41,35
1,<environment.Job instance at 0x7f9f6237d8c0>,19,14,[2 8],20,59,73,39,45
1,<environment.Job instance at 0x7f9fac6d5b40>,6,12,[9 1],7,8,20,1,8
1,<environment.Job instance at 0x7f9f623aa7d0>,11,13,[9 3],12,20,33,8,12
1,<environment.Job instance at 0x7f9f623aa910>,12,1,[1 7],13,13,14,0,13
1,<environment.Job instance at 0x7f9f623aa410>,7,3,[1 6],8,14,17,6,13
1,<environment.Job instance at 0x7f9f623aaaa0>,14,2,[7 5],15,33,35,18,15
1,<environment.Job instance at 0x7f9f623aae10>,17,1,[10  1],18,35,36,17,27
1,<environment.Job instance at 0x7f9f623aaeb0>,18,3,[2 6],19,36,39,17,27
1,<environment.Job instance at 0x7f9f623aab90>,16,16,[ 1 10],17,39,55,22,28
1,<environment.Job instance at 0x7f9f623aafa0>,20,2,[10  4],21,55,57,34,28
1,<environment.Job instance at 0x7f9f623a9230>,23,12,[3 9],24,57,69,33,40
1,<environment.Job instance at 0x7f9f623a9550>,26,15,[5 9],27,69,84,42,58
1,<environment.Job instance at 0x7f9f623a9370>,25,18,[4 6],26,84,102,58,73
1,<environment.Job instance at 0x7f9f623a9a50>,31,12,[8 1],32,102,114,70,85
1,<environment.Job instance at 0x7f9f623a9af0>,32,13,[5 3],33,85,98,52,85
1,<environment.Job instance at 0x7f9f623a9cd0>,35,3,[9 1],36,114,117,78,88
1,<environment.Job instance at 0x7f9f623a9fa0>,38,12,[5 4],39,117,129,78,100
1,<environment.Job instance at 0x7f9f623b7460>,41,1,[2 7],42,110,111,68,110
1,<environment.Job instance at 0x7f9f623b7500>,42,1,[1 8],43,111,112,68,110
1,<environment.Job instance at 0x7f9f623a9870>,29,17,[ 1 10],30,129,146,99,117
1,<environment.Job instance at 0x7f9f623b7780>,46,13,[ 2 10],47,146,159,99,130
1,<environment.Job instance at 0x7f9f623b7aa0>,51,12,[5 3],52,159,171,107,142
1,<environment.Job instance at 0x7f9f61d2d640>,0,2,[8 1],1,1,3,0,1
1,<environment.Job instance at 0x7f9f61d2dbe0>,4,1,[ 2 10],5,5,6,0,5
1,<environment.Job instance at 0x7f9f61d2dd70>,9,3,[ 4 10],10,20,23,10,20
1,<environment.Job instance at 0x7f9f61d2d5a0>,12,2,[5 4],13,23,25,10,20
1,<environment.Job instance at 0x7f9f61d2db90>,8,1,[5 3],9,23,24,14,20
1,<environment.Job instance at 0x7f9f61d2d4b0>,2,14,[5 2],3,24,38,21,20
1,<environment.Job instance at 0x7f9fac42c910>,17,16,[8 4],18,38,54,20,28
1,<environment.Job instance at 0x7f9fac42c8c0>,19,1,[9 3],20,54,55,34,45
1,<environment.Job instance at 0x7f9fa78df820>,21,3,[1 5],22,45,48,23,45
1,<environment.Job instance at 0x7f9fa78dfdc0>,22,12,[8 2],23,55,67,32,45
1,<environment.Job instance at 0x7f9fa7b1e550>,24,1,[10  4],25,67,68,42,46
1,<environment.Job instance at 0x7f9fac42c6e0>,15,14,[7 5],16,68,82,52,60
1,<environment.Job instance at 0x7f9f61e9e910>,31,16,[8 4],32,82,98,50,81
1,<environment.Job instance at 0x7f9f61e9e5f0>,34,2,[3 6],35,98,100,63,81
1,<environment.Job instance at 0x7f9f61e9e9b0>,30,1,[1 9],31,100,101,69,81
1,<environment.Job instance at 0x7f9f61e9e3c0>,36,1,[7 4],37,98,99,61,81
1,<environment.Job instance at 0x7f9f61e9e870>,35,15,[9 1],36,100,115,64,86
1,<environment.Job instance at 0x7f9fa7b12e10>,38,2,[7 4],39,115,117,76,88
1,<environment.Job instance at 0x7f9fa7b12c30>,39,2,[2 6],40,88,90,48,88
1,<environment.Job instance at 0x7f9fa7b12a50>,41,2,[6 3],42,117,119,75,109
1,<environment.Job instance at 0x7f9fa7b12140>,40,15,[1 8],41,119,134,78,109
1,<environment.Job instance at 0x7f9fa7942d70>,45,2,[8 1],46,119,121,73,109
1,<environment.Job instance at 0x7f9fa79420f0>,43,13,[10  3],44,134,147,90,120
1,<environment.Job instance at 0x7f9f620cc690>,54,17,[3 5],55,147,164,92,135
1,<environment.Job instance at 0x7f9f61e9e8c0>,3,1,[8 3],4,4,5,0,4
1,<environment.Job instance at 0x7f9fa7f5b320>,4,15,[10  1],5,5,20,0,5
1,<environment.Job instance at 0x7f9fa7f5b910>,7,15,[6 2],8,20,35,12,9
1,<environment.Job instance at 0x7f9fa7942dc0>,11,12,[2 8],12,20,32,8,13
1,<environment.Job instance at 0x7f9fa7942af0>,9,17,[5 4],10,35,52,25,23
1,<environment.Job instance at 0x7f9fa7f5baa0>,6,14,[2 6],7,34,48,27,34
1,<environment.Job instance at 0x7f9fa7942eb0>,16,14,[6 2],17,52,66,35,37
1,<environment.Job instance at 0x7f9fa7942fa0>,15,16,[3 8],16,52,68,36,43
1,<environment.Job instance at 0x7f9f62006730>,20,14,[1 7],21,68,82,47,54
1,<environment.Job instance at 0x7f9fa7942d20>,14,18,[9 3],15,68,86,53,57
1,<environment.Job instance at 0x7f9fac5dacd0>,30,15,[3 7],31,86,101,55,72
1,<environment.Job instance at 0x7f9fac5dac80>,34,14,[5 3],35,86,100,51,77
1,<environment.Job instance at 0x7f9fa7a472d0>,41,18,[9 3],42,101,119,59,98
1,<environment.Job instance at 0x7f9fa7a47910>,44,13,[4 7],45,119,132,74,103
1,<environment.Job instance at 0x7f9fa7a47230>,49,14,[1 8],50,132,146,82,123
1,<environment.Job instance at 0x7f9fa7a47b90>,51,12,[4 6],52,146,158,94,130
1,<environment.Job instance at 0x7f9fa7a47c80>,53,13,[10  4],54,158,171,104,143
1,<environment.Job instance at 0x7f9f62156730>,4,2,[7 3],5,5,7,0,5
1,<environment.Job instance at 0x7f9f623d4960>,7,1,[8 1],8,8,9,0,8
1,<environment.Job instance at 0x7f9fac51f910>,2,17,[3 5],3,9,26,6,9
1,<environment.Job instance at 0x7f9f623d4fa0>,9,3,[9 5],10,26,29,16,10
1,<environment.Job instance at 0x7f9f623d42d0>,10,2,[8 4],11,29,31,18,11
1,<environment.Job instance at 0x7f9f623d2050>,13,18,[6 1],14,31,49,17,20
1,<environment.Job instance at 0x7f9f623d2820>,19,2,[9 5],20,49,51,29,34
1,<environment.Job instance at 0x7f9f623d2d70>,20,1,[8 3],21,51,52,30,34
1,<environment.Job instance at 0x7f9f623d2960>,21,2,[10  3],22,52,54,30,34
1,<environment.Job instance at 0x7f9fac4fc8c0>,22,3,[ 4 10],23,54,57,31,35
1,<environment.Job instance at 0x7f9f61e8c7d0>,23,15,[8 2],24,57,72,33,43
1,<environment.Job instance at 0x7f9f61e755a0>,30,2,[9 2],31,72,74,41,61
1,<environment.Job instance at 0x7f9f61dbf190>,31,16,[1 7],32,61,77,29,61
1,<environment.Job instance at 0x7f9f61e75dc0>,33,3,[5 2],34,74,77,40,61
1,<environment.Job instance at 0x7f9f61e975f0>,34,12,[ 1 10],35,77,89,42,61
1,<environment.Job instance at 0x7f9f6239b410>,35,1,[8 4],36,89,90,53,61
1,<environment.Job instance at 0x7f9f6239b190>,36,12,[1 9],37,90,102,53,73
1,<environment.Job instance at 0x7f9f622a73c0>,40,3,[1 9],41,102,105,61,78
1,<environment.Job instance at 0x7f9f622a79b0>,41,2,[3 5],42,105,107,63,78
1,<environment.Job instance at 0x7f9f61d98a00>,39,16,[8 4],40,107,123,67,94
1,<environment.Job instance at 0x7f9f61eac870>,42,16,[4 7],43,123,139,80,110
1,<environment.Job instance at 0x7f9fa79e0b40>,55,15,[8 3],56,139,154,83,126
1,<environment.Job instance at 0x7f9f62099550>,60,14,[5 3],61,154,168,93,139
1,<environment.Job instance at 0x7f9faca9e140>,1,3,[6 4],2,2,5,0,2
1,<environment.Job instance at 0x7f9fac544820>,2,16,[3 7],3,12,28,9,12
1,<environment.Job instance at 0x7f9f61f49d20>,13,12,[10  2],14,28,40,14,14
1,<environment.Job instance at 0x7f9fa7bbb1e0>,11,14,[1 8],12,40,54,28,27
1,<environment.Job instance at 0x7f9fa78db500>,20,15,[8 4],21,54,69,33,41
1,<environment.Job instance at 0x7f9fa78dbaf0>,23,14,[7 2],24,69,83,45,55
1,<environment.Job instance at 0x7f9fac5f4c30>,25,12,[8 1],26,83,95,57,66
1,<environment.Job instance at 0x7f9fa7e50a00>,28,12,[10  1],29,95,107,66,78
1,<environment.Job instance at 0x7f9fa7e50dc0>,29,12,[4 6],30,107,119,77,90
1,<environment.Job instance at 0x7f9fac64deb0>,30,17,[5 2],31,107,124,76,95
1,<environment.Job instance at 0x7f9f61fda410>,38,12,[1 5],39,119,131,80,102
1,<environment.Job instance at 0x7f9f61ee3aa0>,49,13,[2 6],50,131,144,81,115
1,<environment.Job instance at 0x7f9f622d4f00>,51,2,[5 3],52,126,128,74,126
1,<environment.Job instance at 0x7f9fa78b9d70>,58,2,[ 5 10],59,147,149,88,147
1,<environment.Job instance at 0x7f9fa78b9f00>,59,2,[9 2],60,149,151,89,147
1,<environment.Job instance at 0x7f9fa78b9640>,60,3,[3 7],61,151,154,90,147
1,<environment.Job instance at 0x7f9fa7bba4b0>,61,2,[4 5],62,154,156,92,147
1,<environment.Job instance at 0x7f9fa78625a0>,65,1,[4 8],66,156,157,90,147
1,<environment.Job instance at 0x7f9f62319550>,3,14,[5 4],4,4,18,0,4
1,<environment.Job instance at 0x7f9f61a792d0>,5,14,[8 2],6,18,32,12,10
1,<environment.Job instance at 0x7f9f61a79dc0>,8,2,[7 4],9,32,34,23,15
1,<environment.Job instance at 0x7f9fa7e28b40>,12,2,[6 2],13,34,36,21,18
1,<environment.Job instance at 0x7f9fa7e28cd0>,16,2,[9 1],17,36,38,19,20
1,<environment.Job instance at 0x7f9fa7e285f0>,19,18,[5 2],20,38,56,18,27
1,<environment.Job instance at 0x7f9f61a7d7d0>,22,13,[6 1],23,56,69,33,41
1,<environment.Job instance at 0x7f9f61a7d960>,24,3,[8 2],25,69,72,44,43
1,<environment.Job instance at 0x7f9f61a7daf0>,26,12,[7 2],27,72,84,45,58
1,<environment.Job instance at 0x7f9f61a7d5f0>,29,12,[9 5],30,84,96,54,68
1,<environment.Job instance at 0x7f9f61a7d6e0>,32,3,[1 9],33,96,99,63,79
1,<environment.Job instance at 0x7f9f61a7d460>,34,2,[1 8],35,79,81,44,79
1,<environment.Job instance at 0x7f9f61a7d5a0>,36,3,[6 5],37,99,102,62,79
1,<environment.Job instance at 0x7f9f61a6d410>,42,13,[5 8],43,102,115,59,86
1,<environment.Job instance at 0x7f9f61a6d730>,45,2,[10  4],46,115,117,69,93
1,<environment.Job instance at 0x7f9f61a6d640>,50,12,[9 3],51,117,129,66,105
1,<environment.Job instance at 0x7f9f61a6d780>,51,1,[ 5 10],52,129,130,77,105
1,<environment.Job instance at 0x7f9f61a6df00>,53,3,[4 6],54,130,133,76,110
1,<environment.Job instance at 0x7f9f61a6dfa0>,55,12,[10  4],56,133,145,77,116
1,<environment.Job instance at 0x7f9f61a1ea00>,59,12,[3 8],60,145,157,85,128
1,<environment.Job instance at 0x7f9f61a1e4b0>,62,3,[4 6],63,157,160,94,131
1,<environment.Job instance at 0x7f9f61a1ed70>,63,2,[1 5],64,160,162,96,133
1,<environment.Job instance at 0x7f9f62368af0>,4,1,[10  3],5,5,6,0,5
1,<environment.Job instance at 0x7f9fac403b40>,5,3,[4 6],6,10,13,4,10
1,<environment.Job instance at 0x7f9fac403960>,7,3,[6 5],8,13,16,5,10
1,<environment.Job instance at 0x7f9fac4038c0>,10,3,[2 6],11,16,19,5,11
1,<environment.Job instance at 0x7f9fac403870>,8,12,[6 1],9,16,28,7,13
1,<environment.Job instance at 0x7f9fac40caa0>,13,2,[7 2],14,28,30,14,15
1,<environment.Job instance at 0x7f9fac40cd20>,15,13,[3 7],16,19,32,3,16
1,<environment.Job instance at 0x7f9fac40c5a0>,12,12,[3 6],13,32,44,19,18
1,<environment.Job instance at 0x7f9fac40cd70>,18,3,[2 5],19,44,47,25,19
1,<environment.Job instance at 0x7f9fac4373c0>,23,16,[5 5],24,44,60,20,43
1,<environment.Job instance at 0x7f9fac737410>,14,17,[4 5],15,47,64,32,45
1,<environment.Job instance at 0x7f9fa7bffe60>,27,16,[7 4],28,69,85,41,69
1,<environment.Job instance at 0x7f9fa7bddd70>,30,2,[ 4 10],31,91,93,60,91
1,<environment.Job instance at 0x7f9fa7b3d460>,33,1,[1 7],34,93,94,59,91
1,<environment.Job instance at 0x7f9fa7b055a0>,35,3,[4 7],36,97,100,61,97
1,<environment.Job instance at 0x7f9fa7bf8370>,32,14,[1 7],33,100,114,67,99
1,<environment.Job instance at 0x7f9f61e08a50>,37,17,[8 2],38,100,117,62,99
1,<environment.Job instance at 0x7f9fa7beb0a0>,38,1,[7 1],39,117,118,78,99
1,<environment.Job instance at 0x7f9f61dfbf50>,39,2,[1 8],40,114,116,74,99
1,<environment.Job instance at 0x7f9f61dfb7d0>,40,1,[2 9],41,117,118,76,99
1,<environment.Job instance at 0x7f9fa7b2feb0>,41,15,[6 1],42,118,133,76,104
1,<environment.Job instance at 0x7f9fac437820>,24,18,[7 5],25,133,151,108,122
1,<environment.Job instance at 0x7f9fa7b04d70>,44,3,[1 9],45,122,125,77,122
1,<environment.Job instance at 0x7f9fa7b048c0>,46,12,[1 9],47,151,163,104,134
1,<environment.Job instance at 0x7f9fa7b424b0>,50,12,[9 5],51,163,175,112,147
1,<environment.Job instance at 0x7f9fa7c471e0>,6,1,[1 6],7,7,8,0,7
1,<environment.Job instance at 0x7f9f620a7230>,13,18,[2 9],14,17,35,3,17
1,<environment.Job instance at 0x7f9fac42c190>,9,13,[3 8],10,35,48,25,20
1,<environment.Job instance at 0x7f9fac2f9d70>,19,17,[7 1],20,28,45,8,28
1,<environment.Job instance at 0x7f9f620a70a0>,12,17,[4 7],13,48,65,35,41
1,<environment.Job instance at 0x7f9fa7f139b0>,22,14,[5 6],23,65,79,42,50
1,<environment.Job instance at 0x7f9fa79e0dc0>,31,3,[5 9],32,95,98,63,95
1,<environment.Job instance at 0x7f9fa79e0280>,33,2,[7 1],34,98,100,64,96
1,<environment.Job instance at 0x7f9fa79e0fa0>,38,19,[2 5],39,118,137,79,118
1,<environment.Job instance at 0x7f9fac31f6e0>,27,17,[7 2],28,143,160,115,143
1,<environment.Job instance at 0x7f9fa7e2b730>,1,3,[5 3],2,2,5,0,2
1,<environment.Job instance at 0x7f9fac31f6e0>,5,2,[8 5],6,6,8,0,6
1,<environment.Job instance at 0x7f9f61c2d7d0>,6,1,[5 3],7,8,9,1,7
1,<environment.Job instance at 0x7f9f61c2d410>,8,1,[ 2 10],9,9,10,0,9
1,<environment.Job instance at 0x7f9f61c2d6e0>,11,3,[7 1],12,13,16,1,13
1,<environment.Job instance at 0x7f9f61c2deb0>,13,3,[5 5],14,16,19,2,14
1,<environment.Job instance at 0x7f9f61c2df00>,12,17,[8 1],13,19,36,6,14
1,<environment.Job instance at 0x7f9f61e3ab40>,15,1,[5 5],16,16,17,0,16
1,<environment.Job instance at 0x7f9f61e3a140>,14,13,[7 4],15,36,49,21,20
1,<environment.Job instance at 0x7f9f61c2d550>,4,15,[ 5 10],5,49,64,44,36
1,<environment.Job instance at 0x7f9f61e3ae60>,17,16,[5 9],18,64,80,46,51
1,<environment.Job instance at 0x7f9f61e3ad70>,27,3,[3 5],28,80,83,52,54
1,<environment.Job instance at 0x7f9f61e3a7d0>,29,3,[3 5],30,80,83,50,60
1,<environment.Job instance at 0x7f9f61e84cd0>,30,1,[4 6],31,83,84,52,60
1,<environment.Job instance at 0x7f9f61e84f50>,31,1,[2 7],32,84,85,52,60
1,<environment.Job instance at 0x7f9f61e3a730>,21,17,[4 6],22,85,102,63,73
1,<environment.Job instance at 0x7f9f61e84c80>,39,12,[1 5],40,102,114,62,89
1,<environment.Job instance at 0x7f9f61e84a00>,40,3,[2 6],41,114,117,73,89
1,<environment.Job instance at 0x7f9f61e847d0>,43,17,[6 4],44,106,123,62,106
1,<environment.Job instance at 0x7f9fa78aa690>,45,12,[9 4],46,123,135,77,106
1,<environment.Job instance at 0x7f9f61e84500>,41,18,[1 8],42,135,153,93,124
1,<environment.Job instance at 0x7f9fa78aabe0>,47,17,[4 8],48,153,170,105,142
1,<environment.Job instance at 0x7f9fac73d780>,6,2,[2 7],7,7,9,0,7
1,<environment.Job instance at 0x7f9fa79f7460>,7,17,[2 9],8,10,27,2,10
1,<environment.Job instance at 0x7f9fa7fbba00>,10,2,[ 4 10],11,27,29,16,11
1,<environment.Job instance at 0x7f9f61dbffa0>,0,13,[6 4],1,29,42,28,29
1,<environment.Job instance at 0x7f9fa7824dc0>,16,16,[10  2],17,42,58,25,32
1,<environment.Job instance at 0x7f9fa7fbba50>,9,12,[9 3],10,58,70,48,42
1,<environment.Job instance at 0x7f9fa7824eb0>,19,14,[9 3],20,70,84,50,55
1,<environment.Job instance at 0x7f9f623cfa00>,22,2,[7 2],23,84,86,61,57
1,<environment.Job instance at 0x7f9f623cf370>,24,1,[6 1],25,86,87,61,61
1,<environment.Job instance at 0x7f9f61fe6b40>,25,18,[8 2],26,87,105,61,79
1,<environment.Job instance at 0x7f9fac85b320>,28,15,[7 5],29,105,120,76,91
1,<environment.Job instance at 0x7f9fac7062d0>,32,3,[3 5],33,105,108,72,91
1,<environment.Job instance at 0x7f9fa7824d70>,18,15,[5 7],19,120,135,101,106
1,<environment.Job instance at 0x7f9fac852f50>,37,1,[9 1],38,135,136,97,110
1,<environment.Job instance at 0x7f9fac852aa0>,38,12,[5 3],39,120,132,81,110
1,<environment.Job instance at 0x7f9fa7faf0a0>,39,13,[6 2],40,136,149,96,120
1,<environment.Job instance at 0x7f9fa7faff00>,40,3,[8 1],41,149,152,108,123
1,<environment.Job instance at 0x7f9fa7faf410>,43,16,[1 8],44,135,151,91,126
1,<environment.Job instance at 0x7f9f61a89dc0>,21,16,[7 3],22,152,168,130,139
1,<environment.Job instance at 0x7f75ce4940f0>,2,12,[5 4],3,3,15,0,3
1,<environment.Job instance at 0x7f75c7084230>,5,13,[5 9],6,15,28,9,6
1,<environment.Job instance at 0x7f75c7084550>,7,14,[5 1],8,8,22,0,8
1,<environment.Job instance at 0x7f75c70843c0>,9,17,[ 4 10],10,28,45,18,16
1,<environment.Job instance at 0x7f75c70847d0>,13,13,[1 8],14,45,58,31,29
1,<environment.Job instance at 0x7f75c70849b0>,16,12,[1 8],17,58,70,41,41
1,<environment.Job instance at 0x7f75c7084640>,8,17,[ 2 10],9,70,87,61,60
1,<environment.Job instance at 0x7f75c7085320>,27,2,[6 4],28,87,89,59,63
1,<environment.Job instance at 0x7f75c70853c0>,28,2,[5 9],29,89,91,60,64
1,<environment.Job instance at 0x7f75c7085820>,31,17,[4 9],32,91,108,59,81
1,<environment.Job instance at 0x7f75c7085780>,34,3,[9 5],35,108,111,73,85
1,<environment.Job instance at 0x7f75c7085aa0>,37,14,[5 5],38,111,125,73,98
1,<environment.Job instance at 0x7f75c7085960>,35,16,[8 1],36,125,141,89,112
1,<environment.Job instance at 0x7f75c708b410>,45,16,[6 2],46,141,157,95,132
1,<environment.Job instance at 0x7f75c708b280>,46,3,[5 4],47,157,160,110,132
1,<environment.Job instance at 0x7f75c708b370>,47,1,[2 6],48,132,133,84,132
1,<environment.Job instance at 0x7f75c708b500>,51,2,[4 9],52,160,162,108,139
1,<environment.Job instance at 0x7f75ce4bcc80>,5,3,[5 5],6,6,9,0,6
1,<environment.Job instance at 0x7f75ce4bcaa0>,10,3,[9 1],11,11,14,0,11
1,<environment.Job instance at 0x7f75ce4bc3c0>,7,18,[5 2],8,14,32,6,12
1,<environment.Job instance at 0x7f75ce602870>,14,1,[9 4],15,32,33,17,15
1,<environment.Job instance at 0x7f75ce5fa5f0>,16,1,[7 4],17,33,34,16,17
1,<environment.Job instance at 0x7f75ce602910>,11,14,[5 3],12,17,31,5,17
1,<environment.Job instance at 0x7f75ce608dc0>,18,14,[4 7],19,34,48,15,19
1,<environment.Job instance at 0x7f75ce6085f0>,20,12,[2 5],21,48,60,27,35
1,<environment.Job instance at 0x7f75ce608690>,21,1,[5 1],22,35,36,13,35
1,<environment.Job instance at 0x7f75ce607190>,27,2,[9 3],28,60,62,32,39
1,<environment.Job instance at 0x7f75ce6021e0>,13,12,[1 7],14,60,72,46,46
1,<environment.Job instance at 0x7f75ce607e60>,29,17,[9 2],30,62,79,32,54
1,<environment.Job instance at 0x7f75ce607e10>,31,3,[8 2],32,54,57,22,54
1,<environment.Job instance at 0x7f75ce607b90>,32,14,[8 4],33,79,93,46,64
1,<environment.Job instance at 0x7f75ce60e5f0>,35,16,[ 3 10],36,93,109,57,82
1,<environment.Job instance at 0x7f75ce60e780>,37,3,[4 9],38,109,112,71,83
1,<environment.Job instance at 0x7f75ce604d70>,44,17,[10  2],45,112,129,67,105
1,<environment.Job instance at 0x7f75ce604eb0>,47,1,[1 6],48,129,130,81,105
1,<environment.Job instance at 0x7f75ce604230>,46,13,[5 1],47,129,142,82,114
1,<environment.Job instance at 0x7f75ce4bc460>,4,13,[1 9],5,130,143,125,116
1,<environment.Job instance at 0x7f75ce600a50>,54,13,[5 9],55,143,156,88,127
1,<environment.Job instance at 0x7f75ce600640>,56,16,[7 2],57,156,172,99,143
1,<environment.Job instance at 0x7f75832e34b0>,2,2,[9 3],3,3,5,0,3
1,<environment.Job instance at 0x7f75ce60d4b0>,3,15,[7 4],4,5,20,1,4
1,<environment.Job instance at 0x7f758333c370>,4,3,[5 8],5,20,23,15,5
1,<environment.Job instance at 0x7f75cb9337d0>,5,2,[2 6],6,6,8,0,6
1,<environment.Job instance at 0x7f7583346320>,6,15,[6 2],7,23,38,16,9
1,<environment.Job instance at 0x7f7583346d20>,9,3,[8 4],10,38,41,28,12
1,<environment.Job instance at 0x7f7583346a50>,8,2,[1 7],9,23,25,14,12
1,<environment.Job instance at 0x7f758332bd20>,13,13,[2 5],14,25,38,11,14
1,<environment.Job instance at 0x7f758332bc30>,15,1,[5 7],16,41,42,25,16
1,<environment.Job instance at 0x7f758332b960>,18,14,[10  4],19,42,56,23,28
1,<environment.Job instance at 0x7f75832e3d70>,0,14,[ 3 10],1,56,70,55,41
1,<environment.Job instance at 0x7f75c7205640>,24,12,[3 5],25,70,82,45,53
1,<environment.Job instance at 0x7f758332eb90>,27,2,[5 9],28,82,84,54,57
1,<environment.Job instance at 0x7f75c6df0780>,28,17,[2 8],29,84,101,55,75
1,<environment.Job instance at 0x7f75c6ecbb40>,32,15,[7 3],33,101,116,68,88
1,<environment.Job instance at 0x7f758339fc80>,35,16,[2 6],36,101,117,65,88
1,<environment.Job instance at 0x7f758339f3c0>,36,15,[10  5],37,117,132,80,111
1,<environment.Job instance at 0x7f758339feb0>,38,16,[3 6],39,132,148,93,119
1,<environment.Job instance at 0x7f75832d90a0>,45,12,[2 5],46,148,160,102,134
1,<environment.Job instance at 0x7f75832d90f0>,48,3,[4 7],49,160,163,111,135
1,<environment.Job instance at 0x7f75832d95f0>,49,18,[ 2 10],50,163,181,113,153
1,<environment.Job instance at 0x7f75c6e83aa0>,0,1,[10  3],1,7,8,6,7
1,<environment.Job instance at 0x7f75c6e83690>,4,2,[4 8],5,8,10,3,8
1,<environment.Job instance at 0x7f75832d9910>,3,3,[9 4],4,10,13,6,8
1,<environment.Job instance at 0x7f75c71ca230>,14,2,[4 9],15,21,23,6,21
1,<environment.Job instance at 0x7f75c71ca320>,15,2,[7 5],16,23,25,7,21
1,<environment.Job instance at 0x7f75c714f280>,17,18,[6 2],18,25,43,7,21
1,<environment.Job instance at 0x7f7583464a50>,18,3,[9 1],19,43,46,24,21
1,<environment.Job instance at 0x7f75837d2e10>,6,14,[8 1],7,46,60,39,41
1,<environment.Job instance at 0x7f75cb5f0fa0>,24,1,[2 5],25,46,47,21,44
1,<environment.Job instance at 0x7f75cb5f0a50>,25,2,[9 3],26,60,62,34,44
1,<environment.Job instance at 0x7f75c706d050>,26,14,[7 5],27,62,76,35,47
1,<environment.Job instance at 0x7f758332a960>,29,3,[3 6],30,76,79,46,50
1,<environment.Job instance at 0x7f7583829410>,30,3,[7 3],31,76,79,45,50
1,<environment.Job instance at 0x7f758373e370>,16,18,[8 2],17,79,97,62,68
1,<environment.Job instance at 0x7f75cbc84820>,31,17,[5 7],32,97,114,65,85
1,<environment.Job instance at 0x7f7583549190>,41,15,[3 5],42,114,129,72,100
1,<environment.Job instance at 0x7f758336a960>,44,15,[5 7],45,129,144,84,117
1,<environment.Job instance at 0x7f75835493c0>,40,18,[4 6],41,144,162,103,133
1,<environment.Job instance at 0x7f758336ac30>,51,14,[5 4],52,144,158,92,142
1,<environment.Job instance at 0x7f75cb9426e0>,1,2,[2 9],2,2,4,0,2
1,<environment.Job instance at 0x7f75c70dc140>,0,15,[5 6],1,10,25,9,10
1,<environment.Job instance at 0x7f75836e2280>,11,2,[5 7],12,25,27,13,12
1,<environment.Job instance at 0x7f75836e2640>,12,1,[4 6],13,27,28,14,13
1,<environment.Job instance at 0x7f75836e25a0>,13,1,[4 9],14,28,29,14,14
1,<environment.Job instance at 0x7f75c6f1f050>,15,3,[9 2],16,29,32,13,16
1,<environment.Job instance at 0x7f75836e9640>,14,12,[3 5],15,32,44,17,16
1,<environment.Job instance at 0x7f75836a0370>,16,2,[8 4],17,44,46,27,19
1,<environment.Job instance at 0x7f75836986e0>,18,3,[3 9],19,46,49,27,31
1,<environment.Job instance at 0x7f75836df140>,7,15,[10  1],8,49,64,41,40
1,<environment.Job instance at 0x7f75836a78c0>,25,3,[10  4],26,64,67,38,41
1,<environment.Job instance at 0x7f75836a7780>,27,2,[ 2 10],28,67,69,39,41
1,<environment.Job instance at 0x7f75836a7f00>,26,14,[1 7],27,69,83,42,54
1,<environment.Job instance at 0x7f7583698a00>,22,15,[10  1],23,83,98,60,70
1,<environment.Job instance at 0x7f75836c4d70>,5,12,[10  3],6,98,110,92,83
1,<environment.Job instance at 0x7f75836ae5a0>,40,14,[1 8],41,110,124,69,95
1,<environment.Job instance at 0x7f75836ae320>,43,13,[5 1],44,110,123,66,99
1,<environment.Job instance at 0x7f758368bd20>,46,12,[1 5],47,124,136,77,107
1,<environment.Job instance at 0x7f758368b690>,48,14,[9 1],49,123,137,74,110
1,<environment.Job instance at 0x7f758368b9b0>,52,15,[6 2],53,137,152,84,123
1,<environment.Job instance at 0x7f75836a7320>,33,16,[8 5],34,152,168,118,142
1,<environment.Job instance at 0x7f75c747b6e0>,60,2,[2 7],61,145,147,84,145
1,<environment.Job instance at 0x7f75c749b7d0>,61,12,[1 8],62,168,180,106,152
1,<environment.Job instance at 0x7f75cbb33cd0>,3,18,[5 5],4,4,22,0,4
1,<environment.Job instance at 0x7f75c7345d70>,4,16,[5 5],5,6,22,1,6
1,<environment.Job instance at 0x7f75c7345c30>,6,13,[3 9],7,22,35,15,7
1,<environment.Job instance at 0x7f75c73455f0>,7,2,[ 3 10],8,35,37,27,8
1,<environment.Job instance at 0x7f75c7345c80>,11,3,[1 9],12,37,40,25,13
1,<environment.Job instance at 0x7f75c7345500>,14,16,[2 7],15,40,56,25,28
1,<environment.Job instance at 0x7f75c705cdc0>,18,16,[8 3],19,40,56,21,31
1,<environment.Job instance at 0x7f75c7345cd0>,9,18,[9 5],10,56,74,46,47
1,<environment.Job instance at 0x7f75c705cc30>,23,1,[10  1],24,74,75,50,47
1,<environment.Job instance at 0x7f75c705cb90>,26,2,[5 9],27,75,77,48,48
1,<environment.Job instance at 0x7f75c705cf50>,27,2,[10  3],28,77,79,49,50
1,<environment.Job instance at 0x7f75c705c780>,29,14,[5 1],30,79,93,49,75
1,<environment.Job instance at 0x7f75c705cc80>,30,3,[5 7],31,79,82,48,75
1,<environment.Job instance at 0x7f75c705c190>,31,1,[7 3],32,93,94,61,75
1,<environment.Job instance at 0x7f75839f2280>,33,18,[7 1],34,94,112,60,83
1,<environment.Job instance at 0x7f75839f2d20>,35,12,[7 1],36,112,124,76,100
1,<environment.Job instance at 0x7f75839f2be0>,37,3,[6 3],38,124,127,86,101
1,<environment.Job instance at 0x7f75c705c410>,32,18,[4 7],33,124,142,91,115
1,<environment.Job instance at 0x7f75839f2500>,43,14,[3 6],44,142,156,98,127
1,<environment.Job instance at 0x7f75839f2af0>,44,2,[9 3],45,156,158,111,129
1,<environment.Job instance at 0x7f75839f2a50>,46,13,[9 3],47,158,171,111,143
1,<environment.Job instance at 0x7f75839f2e60>,49,15,[5 7],50,171,186,121,157
1,<environment.Job instance at 0x7f75cb6a8a50>,2,3,[1 8],3,3,6,0,3
1,<environment.Job instance at 0x7f75c715ba50>,6,3,[7 4],7,7,10,0,7
1,<environment.Job instance at 0x7f75cb679b90>,9,2,[5 1],10,10,12,0,10
1,<environment.Job instance at 0x7f75c715b140>,8,2,[7 4],9,12,14,3,10
1,<environment.Job instance at 0x7f75c70cd410>,10,2,[10  5],11,14,16,3,11
1,<environment.Job instance at 0x7f75834e7550>,11,3,[9 1],12,24,27,12,24
1,<environment.Job instance at 0x7f75c75791e0>,17,17,[10  4],18,27,44,9,24
1,<environment.Job instance at 0x7f75834e7870>,14,13,[4 8],15,44,57,29,28
1,<environment.Job instance at 0x7f75cb73b8c0>,22,13,[2 9],23,57,70,34,42
1,<environment.Job instance at 0x7f75c70cd190>,12,13,[9 1],13,70,83,57,54
1,<environment.Job instance at 0x7f75cb73bc80>,21,14,[9 4],22,83,97,61,68
1,<environment.Job instance at 0x7f75c72363c0>,35,3,[5 6],36,97,100,61,76
1,<environment.Job instance at 0x7f75c72365f0>,36,1,[2 6],37,100,101,63,76
1,<environment.Job instance at 0x7f75837992d0>,37,15,[5 8],38,101,116,63,87
1,<environment.Job instance at 0x7f75837998c0>,41,2,[1 5],42,93,95,51,93
1,<environment.Job instance at 0x7f7583799b40>,42,1,[9 5],43,116,117,73,93
1,<environment.Job instance at 0x7f7583799550>,39,17,[2 6],40,117,134,77,105
1,<environment.Job instance at 0x7f75c6fa18c0>,48,15,[5 8],49,134,149,85,121
1,<environment.Job instance at 0x7f75c6fa1cd0>,52,12,[10  4],53,149,161,96,133
1,<environment.Job instance at 0x7f758367e7d0>,55,15,[8 1],56,161,176,105,147
1,<environment.Job instance at 0x7f75836009b0>,2,1,[5 9],3,3,4,0,3
1,<environment.Job instance at 0x7f75837727d0>,3,1,[2 6],4,4,5,0,4
1,<environment.Job instance at 0x7f758324b8c0>,4,13,[2 7],5,5,18,0,5
1,<environment.Job instance at 0x7f75837723c0>,0,12,[5 6],1,18,30,17,7
1,<environment.Job instance at 0x7f758324bdc0>,8,14,[6 4],9,30,44,21,15
1,<environment.Job instance at 0x7f758325f640>,18,2,[4 6],19,30,32,11,27
1,<environment.Job instance at 0x7f758325f550>,16,12,[8 4],17,44,56,27,29
1,<environment.Job instance at 0x7f758325f870>,22,14,[9 2],23,56,70,33,42
1,<environment.Job instance at 0x7f758325f9b0>,24,2,[6 1],25,70,72,45,43
1,<environment.Job instance at 0x7f758325f690>,17,16,[1 8],18,56,72,38,43
1,<environment.Job instance at 0x7f7583271190>,29,2,[9 3],30,72,74,42,49
1,<environment.Job instance at 0x7f75832713c0>,31,1,[5 4],32,74,75,42,54
1,<environment.Job instance at 0x7f7583271230>,30,13,[4 6],31,74,87,43,59
1,<environment.Job instance at 0x7f7583271050>,34,13,[2 8],35,87,100,52,72
1,<environment.Job instance at 0x7f7583271820>,38,3,[10  2],39,100,103,61,75
1,<environment.Job instance at 0x7f758324bc80>,12,14,[ 4 10],13,103,117,90,91
1,<environment.Job instance at 0x7f7583271320>,33,18,[4 6],34,117,135,83,106
1,<environment.Job instance at 0x7f7583271fa0>,46,2,[5 7],47,135,137,88,109
1,<environment.Job instance at 0x7f7583271eb0>,47,1,[8 1],48,137,138,89,109
1,<environment.Job instance at 0x7f758324c230>,50,2,[8 4],51,138,140,87,111
1,<environment.Job instance at 0x7f758324c0a0>,51,2,[3 9],52,140,142,88,113
1,<environment.Job instance at 0x7f758324c550>,53,16,[3 8],54,142,158,88,129
1,<environment.Job instance at 0x7f758324c8c0>,54,13,[10  5],55,158,171,103,142
1,<environment.Job instance at 0x7f758324c460>,49,15,[3 9],50,171,186,121,158
1,<environment.Job instance at 0x7f758324cc80>,3,3,[8 1],4,4,7,0,4
1,<environment.Job instance at 0x7f75cb92faf0>,0,3,[ 4 10],1,7,10,6,4
1,<environment.Job instance at 0x7f758392f6e0>,8,17,[6 5],9,13,30,4,13
1,<environment.Job instance at 0x7f75cb5e2aa0>,11,12,[2 6],12,30,42,18,19
1,<environment.Job instance at 0x7f758366e870>,12,17,[6 4],13,30,47,17,27
1,<environment.Job instance at 0x7f758366e730>,14,3,[8 2],15,47,50,32,27
1,<environment.Job instance at 0x7f75838c1eb0>,18,3,[ 4 10],19,50,53,31,28
1,<environment.Job instance at 0x7f75cb63c910>,19,12,[3 9],20,53,65,33,37
1,<environment.Job instance at 0x7f75cb63cc30>,20,15,[1 8],21,65,80,44,51
1,<environment.Job instance at 0x7f7583829d70>,24,14,[ 3 10],25,80,94,55,66
1,<environment.Job instance at 0x7f7583604b90>,37,2,[10  2],38,94,96,56,79
1,<environment.Job instance at 0x7f7583604460>,38,2,[8 5],39,96,98,57,79
1,<environment.Job instance at 0x7f75c726a6e0>,35,16,[10  3],36,98,114,62,86
1,<environment.Job instance at 0x7f75833cec80>,42,2,[5 3],43,114,116,71,88
1,<environment.Job instance at 0x7f75833ce0a0>,43,18,[4 5],44,114,132,70,103
1,<environment.Job instance at 0x7f75837763c0>,45,15,[1 5],46,116,131,70,103
1,<environment.Job instance at 0x7f758377e4b0>,39,17,[9 4],40,132,149,92,120
1,<environment.Job instance at 0x7f758324cdc0>,4,17,[2 7],5,149,166,144,138
1,<environment.Job instance at 0x7f75cb8064b0>,4,2,[1 9],5,5,7,0,5
1,<environment.Job instance at 0x7f75c7546dc0>,9,3,[5 4],10,16,19,6,16
1,<environment.Job instance at 0x7f75c7444a50>,13,1,[3 7],14,19,20,5,16
1,<environment.Job instance at 0x7f75c702fc80>,12,2,[1 9],13,20,22,7,16
1,<environment.Job instance at 0x7f75835e6dc0>,14,3,[8 5],15,22,25,7,16
1,<environment.Job instance at 0x7f75c74446e0>,15,2,[9 5],16,25,27,9,16
1,<environment.Job instance at 0x7f75cb806500>,8,3,[9 5],9,27,30,18,18
1,<environment.Job instance at 0x7f75cb806910>,5,14,[5 4],6,30,44,24,18
1,<environment.Job instance at 0x7f75cbb4f820>,18,14,[5 4],19,30,44,11,24
1,<environment.Job instance at 0x7f7583955d70>,21,2,[ 2 10],22,44,46,22,32
1,<environment.Job instance at 0x7f7583713280>,17,18,[6 1],18,46,64,28,41
1,<environment.Job instance at 0x7f75c717ea50>,26,17,[1 6],27,46,63,19,42
1,<environment.Job instance at 0x7f75c6fff190>,28,13,[4 8],29,63,76,34,47
1,<environment.Job instance at 0x7f75c6fd47d0>,32,18,[6 5],33,76,94,43,65
1,<environment.Job instance at 0x7f75c6def1e0>,41,12,[5 6],42,94,106,52,78
1,<environment.Job instance at 0x7f75c6def0f0>,42,2,[3 5],43,78,80,35,78
1,<environment.Job instance at 0x7f75cb5e25a0>,3,14,[ 4 10],4,106,120,102,92
1,<environment.Job instance at 0x7f75c701a320>,44,17,[1 6],45,120,137,75,108
1,<environment.Job instance at 0x7f75c701a960>,45,14,[3 8],46,137,151,91,122
1,<environment.Job instance at 0x7f7583744a00>,48,18,[10  1],49,151,169,102,140
1,<environment.Job instance at 0x7f7583275320>,54,13,[1 9],55,169,182,114,153
1,<environment.Job instance at 0x7f75832750a0>,57,3,[7 5],58,182,185,124,156
1,<environment.Job instance at 0x7f7583275c30>,3,3,[7 1],4,4,7,0,4
1,<environment.Job instance at 0x7f75838c77d0>,5,3,[ 1 10],6,7,10,1,6
1,<environment.Job instance at 0x7f75838c7af0>,9,2,[3 9],10,10,12,0,10
1,<environment.Job instance at 0x7f75838c78c0>,8,12,[7 5],9,12,24,3,12
1,<environment.Job instance at 0x7f758397be60>,0,15,[5 5],1,24,39,23,15
1,<environment.Job instance at 0x7f75838bb190>,15,3,[10  5],16,39,42,23,16
1,<environment.Job instance at 0x7f75838c7d20>,10,18,[9 3],11,42,60,31,31
1,<environment.Job instance at 0x7f75838bb780>,20,15,[3 7],21,60,75,39,46
1,<environment.Job instance at 0x7f75838bbbe0>,26,15,[4 6],27,75,90,48,62
1,<environment.Job instance at 0x7f75838bbb40>,29,3,[4 8],30,90,93,60,64
1,<environment.Job instance at 0x7f75838bbe60>,30,12,[3 8],31,93,105,62,76
1,<environment.Job instance at 0x7f75838bbc80>,27,13,[7 1],28,93,106,65,82
1,<environment.Job instance at 0x7f758388b0f0>,36,14,[6 2],37,106,120,69,91
1,<environment.Job instance at 0x7f758388b2d0>,35,16,[3 5],36,105,121,69,92
1,<environment.Job instance at 0x7f758388b690>,40,14,[8 2],41,121,135,80,107
1,<environment.Job instance at 0x7f758388bd20>,47,15,[6 1],48,135,150,87,122
1,<environment.Job instance at 0x7f758388b910>,44,18,[4 8],45,135,153,90,128
1,<environment.Job instance at 0x7f75838a2370>,58,1,[5 3],59,153,154,94,149
1,<environment.Job instance at 0x7f75838a2550>,59,3,[ 4 10],60,154,157,94,149
1,<environment.Job instance at 0x7f75838a25f0>,60,13,[5 8],61,157,170,96,149
1,<environment.Job instance at 0x7f75838a2be0>,64,12,[7 5],65,170,182,105,156
1,<environment.Job instance at 0x7f75c6e156e0>,8,2,[3 8],9,9,11,0,9
1,<environment.Job instance at 0x7f75c6e15c30>,9,15,[9 1],10,11,26,1,11
1,<environment.Job instance at 0x7f75cbb4f4b0>,7,15,[1 8],8,13,28,5,13
1,<environment.Job instance at 0x7f75c6e150a0>,11,15,[10  4],12,28,43,16,22
1,<environment.Job instance at 0x7f75c6e15aa0>,20,13,[3 7],21,43,56,22,29
1,<environment.Job instance at 0x7f75c6e15b90>,21,1,[7 2],22,43,44,21,29
1,<environment.Job instance at 0x7f75c6def4b0>,23,2,[4 9],24,56,58,32,55
1,<environment.Job instance at 0x7f75c6defb90>,24,21,[10  5],25,64,85,39,64
1,<environment.Job instance at 0x7f75cb730960>,29,12,[5 1],30,85,97,55,81
1,<environment.Job instance at 0x7f75cb730d70>,31,13,[7 4],32,97,110,65,81
1,<environment.Job instance at 0x7f75cb7304b0>,34,2,[3 8],35,85,87,50,81
1,<environment.Job instance at 0x7f75cb730d20>,38,3,[6 2],39,110,113,71,108
1,<environment.Job instance at 0x7f7583656730>,39,15,[5 5],40,113,128,73,108
1,<environment.Job instance at 0x7f75cb730be0>,35,3,[ 1 10],36,128,131,92,108
1,<environment.Job instance at 0x7f7583656f50>,41,3,[2 9],42,131,134,89,108
1,<environment.Job instance at 0x7f7583656aa0>,42,18,[2 5],43,134,152,91,123
1,<environment.Job instance at 0x7f75832759b0>,49,17,[5 4],50,134,151,84,124
1,<environment.Job instance at 0x7f7583275730>,51,12,[2 8],52,152,164,100,140
1,<environment.Job instance at 0x7f7583275af0>,52,15,[10  3],53,164,179,111,152
1,<environment.Job instance at 0x7f7583312b90>,7,18,[5 3],8,9,27,1,9
1,<environment.Job instance at 0x7f7583443230>,11,3,[5 2],12,12,15,0,12
1,<environment.Job instance at 0x7f75834431e0>,12,16,[8 1],13,27,43,14,15
1,<environment.Job instance at 0x7f7583443500>,10,12,[2 6],11,15,27,4,15
1,<environment.Job instance at 0x7f75c7325b40>,17,2,[7 1],18,43,45,25,18
1,<environment.Job instance at 0x7f75c73251e0>,16,16,[2 7],17,27,43,10,22
1,<environment.Job instance at 0x7f75838520a0>,19,17,[3 5],20,43,60,23,31
1,<environment.Job instance at 0x7f7583852280>,21,14,[7 5],22,45,59,23,31
1,<environment.Job instance at 0x7f75835ec730>,25,1,[5 1],26,59,60,33,33
1,<environment.Job instance at 0x7f75835ec500>,27,13,[6 1],28,60,73,32,45
1,<environment.Job instance at 0x7f75835ec050>,32,17,[3 5],33,60,77,27,59
1,<environment.Job instance at 0x7f75835ecc30>,33,13,[2 7],34,77,90,43,61
1,<environment.Job instance at 0x7f75cb88b0f0>,38,18,[6 5],39,90,108,51,79
1,<environment.Job instance at 0x7f7583852820>,20,17,[5 8],21,108,125,87,96
1,<environment.Job instance at 0x7f75832a1640>,48,14,[5 5],49,125,139,76,110
1,<environment.Job instance at 0x7f75832a1910>,56,2,[ 2 10],57,139,141,82,124
1,<environment.Job instance at 0x7f7583384d20>,58,1,[9 5],59,141,142,82,125
1,<environment.Job instance at 0x7f75832a1500>,45,16,[10  1],46,142,158,96,140
1,<environment.Job instance at 0x7f7583384320>,63,3,[5 2],64,158,161,94,140
1,<environment.Job instance at 0x7f7583282b90>,65,1,[8 4],66,161,162,95,140
1,<environment.Job instance at 0x7f7583282f50>,66,12,[1 9],67,162,174,95,145
1,<environment.Job instance at 0x7f7583282c80>,67,2,[4 5],68,158,160,90,145
1,<environment.Job instance at 0x7f75c6ff80f0>,0,2,[1 7],1,2,4,1,2
1,<environment.Job instance at 0x7f7583282410>,3,18,[1 7],4,14,32,10,14
1,<environment.Job instance at 0x7f7583795140>,7,2,[7 5],8,32,34,24,22
1,<environment.Job instance at 0x7f75837a6eb0>,11,18,[5 6],12,34,52,22,23
1,<environment.Job instance at 0x7f7583a01dc0>,18,3,[7 1],19,26,29,7,26
1,<environment.Job instance at 0x7f75837a65a0>,16,15,[1 6],17,52,67,35,38
1,<environment.Job instance at 0x7f75c6e668c0>,23,15,[9 4],24,52,67,28,47
1,<environment.Job instance at 0x7f75837a60f0>,9,12,[4 7],10,67,79,57,53
1,<environment.Job instance at 0x7f75cbb7d550>,32,16,[6 4],33,79,95,46,66
1,<environment.Job instance at 0x7f75c6eb1aa0>,36,18,[ 2 10],37,95,113,58,84
1,<environment.Job instance at 0x7f75837caf50>,41,18,[7 3],42,113,131,71,102
1,<environment.Job instance at 0x7f75cb6cdb90>,42,17,[1 7],43,113,130,70,102
1,<environment.Job instance at 0x7f75c6e315a0>,48,12,[10  1],49,131,143,82,114
1,<environment.Job instance at 0x7f75833aaf50>,53,3,[6 5],54,143,146,89,127
1,<environment.Job instance at 0x7f75c6f99140>,54,3,[6 4],55,146,149,91,127
1,<environment.Job instance at 0x7f75833aa320>,55,18,[4 5],56,143,161,87,136
1,<environment.Job instance at 0x7f75839f41e0>,56,12,[2 8],57,161,173,104,145
1,<environment.Job instance at 0x7f75839ec1e0>,62,3,[10  5],63,173,176,110,147
1,<environment.Job instance at 0x7f75839eccd0>,68,3,[8 2],69,161,164,92,156
1,<environment.Job instance at 0x7f75cb685c80>,3,3,[8 1],4,4,7,0,4
1,<environment.Job instance at 0x7f75c734d6e0>,5,3,[4 7],6,7,10,1,6
1,<environment.Job instance at 0x7f75c734d1e0>,7,14,[6 1],8,9,23,1,9
1,<environment.Job instance at 0x7f75839eccd0>,2,13,[6 3],3,23,36,20,11
1,<environment.Job instance at 0x7f75832e9140>,8,12,[5 3],9,36,48,27,22
1,<environment.Job instance at 0x7f75cb7e43c0>,18,2,[7 4],19,48,50,29,28
1,<environment.Job instance at 0x7f7583324d70>,20,1,[3 6],21,28,29,7,28
1,<environment.Job instance at 0x7f75c6eeffa0>,26,2,[9 1],27,50,52,23,36
1,<environment.Job instance at 0x7f75c717e230>,29,18,[5 2],30,52,70,22,41
1,<environment.Job instance at 0x7f75832e9a50>,12,17,[3 6],13,52,69,39,44
1,<environment.Job instance at 0x7f7583551fa0>,31,2,[7 3],32,70,72,38,44
1,<environment.Job instance at 0x7f75835511e0>,32,13,[6 1],33,72,85,39,57
1,<environment.Job instance at 0x7f7583551320>,34,3,[8 2],35,85,88,50,68
1,<environment.Job instance at 0x7f758326b140>,35,14,[9 4],36,88,102,52,74
1,<environment.Job instance at 0x7f75cba7d8c0>,40,12,[5 7],41,102,114,61,88
1,<environment.Job instance at 0x7f758326bb90>,36,12,[7 2],37,114,126,77,97
1,<environment.Job instance at 0x7f75cba7d730>,41,18,[1 7],42,114,132,72,103
1,<environment.Job instance at 0x7f75c700fbe0>,57,1,[10  4],58,132,133,74,115
1,<environment.Job instance at 0x7f7583575500>,60,12,[9 3],61,133,145,72,116
1,<environment.Job instance at 0x7f7583575e60>,61,1,[ 5 10],62,145,146,83,117
1,<environment.Job instance at 0x7f75835758c0>,63,3,[4 6],64,146,149,82,135
1,<environment.Job instance at 0x7f7583551f00>,30,17,[8 2],31,149,166,118,138
1,<environment.Job instance at 0x7f75c6fef3c0>,66,13,[7 3],67,166,179,99,150
1,<environment.Job instance at 0x7f75c70490a0>,5,3,[4 6],6,9,12,3,9
1,<environment.Job instance at 0x7f7583a47320>,2,1,[9 3],3,12,13,9,9
1,<environment.Job instance at 0x7f75c7049190>,7,3,[6 5],8,13,16,5,9
1,<environment.Job instance at 0x7f75c7049c80>,10,3,[2 6],11,16,19,5,12
1,<environment.Job instance at 0x7f75c70499b0>,6,14,[8 2],7,16,30,9,12
1,<environment.Job instance at 0x7f758337db40>,12,12,[3 6],13,30,42,17,13
1,<environment.Job instance at 0x7f758337dd20>,13,2,[7 2],14,30,32,16,14
1,<environment.Job instance at 0x7f758337de60>,16,3,[5 2],17,32,35,15,17
1,<environment.Job instance at 0x7f758337df50>,15,13,[3 7],16,43,56,27,43
1,<environment.Job instance at 0x7f7583162fa0>,26,1,[7 2],27,69,70,42,69
1,<environment.Job instance at 0x7f7583162d20>,27,16,[7 4],28,70,86,42,69
1,<environment.Job instance at 0x7f7583162dc0>,28,12,[8 2],29,86,98,57,73
1,<environment.Job instance at 0x7f7583162820>,30,2,[ 4 10],31,98,100,67,91
1,<environment.Job instance at 0x7f75831626e0>,33,1,[1 7],34,91,92,57,91
1,<environment.Job instance at 0x7f7583162960>,35,3,[4 7],36,100,103,64,96
1,<environment.Job instance at 0x7f75c7066280>,37,17,[8 2],38,103,120,65,97
1,<environment.Job instance at 0x7f75c7066fa0>,39,2,[1 8],40,103,105,63,97
1,<environment.Job instance at 0x7f75c7066550>,36,15,[9 4],37,120,135,83,107
1,<environment.Job instance at 0x7f7583162500>,21,13,[ 3 10],22,135,148,113,121
1,<environment.Job instance at 0x7f75c7066aa0>,46,12,[1 9],47,148,160,101,134
1,<environment.Job instance at 0x7f75c70662d0>,50,12,[9 5],51,160,172,109,143
1,<environment.Job instance at 0x7f75c7066870>,41,15,[6 1],42,172,187,130,158
1,<environment.Job instance at 0x7f75c7584870>,4,15,[9 1],5,5,20,0,5
1,<environment.Job instance at 0x7f75c7584050>,5,3,[3 8],6,20,23,14,6
1,<environment.Job instance at 0x7f75c7054370>,10,13,[1 5],11,23,36,12,13
1,<environment.Job instance at 0x7f75c75b35a0>,13,13,[2 7],14,36,49,22,33
1,<environment.Job instance at 0x7f75c75b3dc0>,18,1,[2 8],19,51,52,32,51
1,<environment.Job instance at 0x7f75c7597f00>,23,2,[7 1],24,51,53,27,51
1,<environment.Job instance at 0x7f75cb6863c0>,29,3,[5 8],30,98,101,68,98
1,<environment.Job instance at 0x7f75c739ed70>,27,3,[7 1],28,118,121,90,118
1,<environment.Job instance at 0x7f75834a3730>,36,18,[10  3],37,141,159,104,141
1,<environment.Job instance at 0x7f7583496190>,37,16,[3 9],38,159,175,121,146
1,<environment.Job instance at 0x7f75834bc2d0>,3,2,[ 4 10],4,4,6,0,4
1,<environment.Job instance at 0x7f758300e690>,6,3,[3 8],7,7,10,0,7
1,<environment.Job instance at 0x7f75830c0640>,9,3,[3 5],10,10,13,0,10
1,<environment.Job instance at 0x7f758300e960>,10,1,[4 6],11,13,14,2,11
1,<environment.Job instance at 0x7f75c733b550>,11,1,[2 7],12,14,15,2,12
1,<environment.Job instance at 0x7f75cbc67d20>,13,14,[8 4],14,15,29,1,15
1,<environment.Job instance at 0x7f7583787370>,15,18,[4 6],16,29,47,13,27
1,<environment.Job instance at 0x7f75cbc0c780>,20,3,[2 6],21,47,50,26,30
1,<environment.Job instance at 0x7f75c7197d20>,19,12,[1 5],20,50,62,30,33
1,<environment.Job instance at 0x7f758393c410>,26,2,[5 2],27,50,52,23,50
1,<environment.Job instance at 0x7f758316edc0>,23,17,[6 4],24,52,69,28,50
1,<environment.Job instance at 0x7f758393cd70>,28,2,[1 6],29,62,64,33,50
1,<environment.Job instance at 0x7f758393c870>,29,3,[9 2],30,69,72,39,50
1,<environment.Job instance at 0x7f75cbc0cb90>,21,18,[1 8],22,69,87,47,58
1,<environment.Job instance at 0x7f758393c0a0>,32,3,[9 1],33,72,75,39,58
1,<environment.Job instance at 0x7f758393c050>,27,17,[4 8],28,87,104,59,76
1,<environment.Job instance at 0x7f75cbbf2fa0>,38,1,[10  4],39,104,105,65,76
1,<environment.Job instance at 0x7f75cbbf29b0>,34,16,[10  1],35,105,121,70,94
1,<environment.Job instance at 0x7f75c71e0140>,4,14,[10  2],5,121,135,116,107
1,<environment.Job instance at 0x7f75c70db5a0>,48,18,[5 8],49,135,153,86,124
1,<environment.Job instance at 0x7f75839f4820>,56,13,[9 3],57,153,166,96,137
1,<environment.Job instance at 0x7f75832aeaf0>,58,15,[4 6],59,166,181,107,152
1,<environment.Job instance at 0x7f75c713e4b0>,3,2,[5 8],4,4,6,0,4
1,<environment.Job instance at 0x7f75c70236e0>,2,3,[3 5],3,6,9,3,5
1,<environment.Job instance at 0x7f75c713e0f0>,7,1,[9 1],8,9,10,1,8
1,<environment.Job instance at 0x7f75c713e0a0>,8,12,[5 3],9,10,22,1,9
1,<environment.Job instance at 0x7f75c713ec30>,9,13,[6 2],10,22,35,12,10
1,<environment.Job instance at 0x7f75c713e960>,11,2,[1 6],12,12,14,0,12
1,<environment.Job instance at 0x7f75cb5e4d70>,15,15,[4 8],16,22,37,6,20
1,<environment.Job instance at 0x7f75cb5e4f00>,19,2,[5 8],20,37,39,17,20
1,<environment.Job instance at 0x7f75cb5e4aa0>,21,1,[2 5],22,39,40,17,24
1,<environment.Job instance at 0x7f75cb5e40f0>,22,2,[3 7],23,40,42,17,24
1,<environment.Job instance at 0x7f75838b56e0>,24,13,[5 6],25,42,55,17,26
1,<environment.Job instance at 0x7f75cb5e41e0>,20,15,[2 9],21,55,70,34,41
1,<environment.Job instance at 0x7f75838b5410>,29,1,[8 4],30,70,71,40,42
1,<environment.Job instance at 0x7f75cb5e4190>,14,15,[9 3],15,71,86,56,57
1,<environment.Job instance at 0x7f75838b55f0>,32,13,[8 3],33,86,99,53,71
1,<environment.Job instance at 0x7f75c6e9d230>,36,18,[2 5],37,86,104,49,81
1,<environment.Job instance at 0x7f75c6e9da50>,39,2,[5 9],40,104,106,64,81
1,<environment.Job instance at 0x7f75c6e9d640>,40,2,[5 1],41,99,101,58,81
1,<environment.Job instance at 0x7f75c6e9d500>,41,1,[10  5],42,106,107,64,81
1,<environment.Job instance at 0x7f75c6e9d4b0>,42,3,[1 6],43,81,84,38,81
1,<environment.Job instance at 0x7f75838b5aa0>,30,14,[1 8],31,107,121,76,92
1,<environment.Job instance at 0x7f75833803c0>,46,3,[1 5],47,101,104,54,92
1,<environment.Job instance at 0x7f75833807d0>,48,13,[4 6],49,121,134,72,105
1,<environment.Job instance at 0x7f7583380eb0>,52,17,[5 2],53,111,128,58,111
1,<environment.Job instance at 0x7f7583380550>,53,14,[8 5],54,134,148,80,119
1,<environment.Job instance at 0x7f75838b5b40>,33,15,[4 9],34,148,163,114,135
1,<environment.Job instance at 0x7f75c6e9d2d0>,44,14,[10  2],45,163,177,118,149
1,<environment.Job instance at 0x7f75835f6cd0>,6,13,[9 2],7,7,20,0,7
1,<environment.Job instance at 0x7f75835f6640>,10,13,[9 1],11,20,33,9,12
1,<environment.Job instance at 0x7f75835f6fa0>,13,16,[1 7],14,14,30,0,14
1,<environment.Job instance at 0x7f75835f6780>,16,15,[7 1],17,33,48,16,19
1,<environment.Job instance at 0x7f75835f6820>,17,13,[ 5 10],18,48,61,30,32
1,<environment.Job instance at 0x7f75835f02d0>,19,2,[8 3],20,61,63,41,38
1,<environment.Job instance at 0x7f75835f05a0>,21,2,[9 5],22,63,65,41,38
1,<environment.Job instance at 0x7f75835f0690>,24,2,[9 4],25,65,67,40,40
1,<environment.Job instance at 0x7f75835f0eb0>,25,2,[2 8],26,40,42,14,40
1,<environment.Job instance at 0x7f75835f0050>,27,14,[5 1],28,67,81,39,53
1,<environment.Job instance at 0x7f75835f0730>,31,16,[1 8],32,67,83,35,65
1,<environment.Job instance at 0x7f75835f6410>,11,16,[10  2],12,83,99,71,70
1,<environment.Job instance at 0x7f75835cba50>,32,16,[ 5 10],33,99,115,66,88
1,<environment.Job instance at 0x7f506e3530a0>,2,12,[5 4],3,3,15,0,3
1,<environment.Job instance at 0x7f5066f43230>,5,13,[5 9],6,15,28,9,7
1,<environment.Job instance at 0x7f5066f43690>,8,17,[ 2 10],9,28,45,19,16
1,<environment.Job instance at 0x7f5066f433c0>,12,3,[6 3],13,45,48,32,28
1,<environment.Job instance at 0x7f5066f43640>,13,13,[1 8],14,48,61,34,33
1,<environment.Job instance at 0x7f5066f43870>,14,12,[3 7],15,61,73,46,44
1,<environment.Job instance at 0x7f506e3dcd70>,3,18,[ 3 10],4,73,91,69,72
1,<environment.Job instance at 0x7f5066f43d20>,21,3,[ 2 10],22,91,94,69,72
1,<environment.Job instance at 0x7f5066f43fa0>,24,3,[5 9],25,94,97,69,76
1,<environment.Job instance at 0x7f5066f45230>,25,3,[1 6],26,97,100,71,76
1,<environment.Job instance at 0x7f5066f454b0>,27,2,[6 4],28,97,99,69,76
1,<environment.Job instance at 0x7f5066f453c0>,28,2,[5 9],29,100,102,71,76
1,<environment.Job instance at 0x7f5066f45280>,30,1,[5 5],31,102,103,71,79
1,<environment.Job instance at 0x7f5066f45460>,32,17,[9 3],33,105,122,72,105
1,<environment.Job instance at 0x7f5066f45820>,34,3,[9 5],35,122,125,87,105
1,<environment.Job instance at 0x7f5066f45960>,37,14,[5 5],38,125,139,87,110
1,<environment.Job instance at 0x7f5066f45aa0>,39,18,[5 8],40,139,157,99,128
1,<environment.Job instance at 0x7f506e3530f0>,0,18,[ 2 10],1,157,175,156,151
1,<environment.Job instance at 0x7f5066f4a2d0>,46,3,[5 4],47,175,178,128,151
1,<environment.Job instance at 0x7f5066f4a460>,48,13,[6 1],49,178,191,129,163
1,<environment.Job instance at 0x7f5066f4a500>,51,2,[4 9],52,178,180,126,163
1,<environment.Job instance at 0x7f5066f612d0>,2,1,[ 5 10],3,3,4,0,3
1,<environment.Job instance at 0x7f5066f4a690>,4,1,[9 4],5,5,6,0,5
1,<environment.Job instance at 0x7f50233a1370>,6,1,[7 4],7,7,8,0,7
1,<environment.Job instance at 0x7f5023354410>,12,2,[8 2],13,25,27,12,25
1,<environment.Job instance at 0x7f50233542d0>,13,1,[3 9],14,27,28,13,26
1,<environment.Job instance at 0x7f5023471c30>,17,2,[9 3],18,28,30,10,26
1,<environment.Job instance at 0x7f50233540a0>,14,12,[5 7],15,30,42,15,26
1,<environment.Job instance at 0x7f502334f190>,10,12,[2 5],11,42,54,31,26
1,<environment.Job instance at 0x7f5023355190>,20,18,[5 1],21,30,48,9,26
1,<environment.Job instance at 0x7f5023488e60>,23,3,[5 4],24,48,51,24,29
1,<environment.Job instance at 0x7f502348de60>,18,14,[8 5],19,51,65,32,38
1,<environment.Job instance at 0x7f502342b410>,27,3,[4 9],28,65,68,37,48
1,<environment.Job instance at 0x7f5023468aa0>,28,2,[ 3 10],29,68,70,39,48
1,<environment.Job instance at 0x7f502341f0f0>,32,14,[9 2],33,70,84,37,58
1,<environment.Job instance at 0x7f502346c870>,34,17,[10  2],35,84,101,49,72
1,<environment.Job instance at 0x7f5023464b40>,35,17,[5 9],36,101,118,65,89
1,<environment.Job instance at 0x7f5023427320>,43,12,[5 1],44,101,113,57,96
1,<environment.Job instance at 0x7f50234274b0>,44,13,[5 9],45,118,131,73,102
1,<environment.Job instance at 0x7f5023427230>,46,16,[7 2],47,131,147,84,118
1,<environment.Job instance at 0x7f5023410d20>,50,2,[4 5],51,147,149,96,129
1,<environment.Job instance at 0x7f50234108c0>,52,1,[3 8],53,131,132,78,129
1,<environment.Job instance at 0x7f5023410370>,53,15,[5 6],54,149,164,95,135
1,<environment.Job instance at 0x7f5023410730>,55,17,[3 5],56,164,181,108,157
1,<environment.Job instance at 0x7f5023410b90>,59,12,[5 4],60,168,180,108,168
1,<environment.Job instance at 0x7f50234100a0>,60,15,[7 4],61,180,195,119,169
1,<environment.Job instance at 0x7f5023482b90>,61,13,[3 6],62,181,194,119,169
1,<environment.Job instance at 0x7f502319b0a0>,4,12,[3 5],5,5,17,0,5
1,<environment.Job instance at 0x7f502326a140>,9,1,[4 6],10,17,18,7,11
1,<environment.Job instance at 0x7f506e4c9640>,10,1,[2 5],11,12,13,1,12
1,<environment.Job instance at 0x7f502326af00>,11,14,[3 6],12,18,32,6,12
1,<environment.Job instance at 0x7f5066d94190>,12,15,[7 3],13,18,33,5,14
1,<environment.Job instance at 0x7f50673df0a0>,13,1,[2 8],14,33,34,19,15
1,<environment.Job instance at 0x7f50231a5d20>,14,12,[2 9],15,34,46,19,19
1,<environment.Job instance at 0x7f5023283780>,20,1,[5 1],21,33,34,12,23
1,<environment.Job instance at 0x7f50694da2d0>,22,2,[1 5],23,46,48,23,30
1,<environment.Job instance at 0x7f5066cb79b0>,23,12,[8 5],24,46,58,22,30
1,<environment.Job instance at 0x7f5066cb8be0>,26,3,[2 7],27,58,61,31,40
1,<environment.Job instance at 0x7f50231a5f50>,17,16,[ 3 10],18,61,77,43,48
1,<environment.Job instance at 0x7f50231acaf0>,18,16,[3 6],19,77,93,58,64
1,<environment.Job instance at 0x7f50670ce5a0>,32,2,[6 3],33,77,79,44,64
1,<environment.Job instance at 0x7f5066cc0640>,29,18,[ 2 10],30,93,111,63,86
1,<environment.Job instance at 0x7f50231f0d70>,41,3,[10  4],42,111,114,69,88
1,<environment.Job instance at 0x7f50231f0f50>,42,2,[6 4],43,88,90,45,88
1,<environment.Job instance at 0x7f50231f0be0>,44,2,[1 9],45,114,116,69,90
1,<environment.Job instance at 0x7f50231f1fa0>,38,14,[3 6],39,116,130,77,103
1,<environment.Job instance at 0x7f50231f0a00>,48,12,[8 2],49,130,142,81,114
1,<environment.Job instance at 0x7f50231f0190>,47,13,[4 9],48,142,155,94,128
1,<environment.Job instance at 0x7f506e4bfc30>,60,16,[1 9],61,155,171,94,142
1,<environment.Job instance at 0x7f50231f08c0>,45,18,[ 3 10],46,171,189,125,160
1,<environment.Job instance at 0x7f506709f050>,2,12,[3 8],3,5,17,2,5
1,<environment.Job instance at 0x7f506709fc80>,5,16,[4 5],6,17,33,11,7
1,<environment.Job instance at 0x7f502369ccd0>,11,15,[3 5],12,17,32,5,12
1,<environment.Job instance at 0x7f502369c410>,14,15,[5 7],15,33,48,18,19
1,<environment.Job instance at 0x7f506709fd70>,4,13,[1 9],5,48,61,43,34
1,<environment.Job instance at 0x7f502369ce10>,20,1,[6 5],21,61,62,40,47
1,<environment.Job instance at 0x7f506709f820>,9,17,[ 5 10],10,71,88,61,71
1,<environment.Job instance at 0x7f502369c460>,27,12,[5 5],28,88,100,60,72
1,<environment.Job instance at 0x7f50238810f0>,29,12,[9 1],30,100,112,70,84
1,<environment.Job instance at 0x7f5023881190>,31,12,[5 9],32,112,124,80,95
1,<environment.Job instance at 0x7f5023881af0>,36,14,[10  4],37,124,138,87,110
1,<environment.Job instance at 0x7f5023289370>,39,1,[5 7],40,138,139,98,110
1,<environment.Job instance at 0x7f50235fd500>,2,3,[1 9],3,3,6,0,3
1,<environment.Job instance at 0x7f50232897d0>,3,13,[5 1],4,4,17,0,4
1,<environment.Job instance at 0x7f5023577050>,6,12,[1 5],7,9,21,2,9
1,<environment.Job instance at 0x7f5023577c30>,10,1,[9 4],11,17,18,6,11
1,<environment.Job instance at 0x7f50235776e0>,8,14,[9 1],9,18,32,9,14
1,<environment.Job instance at 0x7f5023577500>,13,3,[10  3],14,32,35,18,14
1,<environment.Job instance at 0x7f50237d7690>,14,3,[3 6],15,35,38,20,15
1,<environment.Job instance at 0x7f5023577460>,12,15,[6 2],13,35,50,22,26
1,<environment.Job instance at 0x7f50235675a0>,20,2,[2 7],21,38,40,17,26
1,<environment.Job instance at 0x7f5023563dc0>,21,12,[1 8],22,40,52,18,27
1,<environment.Job instance at 0x7f5023567410>,22,1,[6 3],23,52,53,29,28
1,<environment.Job instance at 0x7f502357dbe0>,18,18,[6 5],19,53,71,34,42
1,<environment.Job instance at 0x7f5023585eb0>,29,12,[4 6],30,71,83,41,54
1,<environment.Job instance at 0x7f5023562a00>,25,15,[ 1 10],26,83,98,57,69
1,<environment.Job instance at 0x7f5066d510f0>,35,16,[9 4],36,98,114,62,87
1,<environment.Job instance at 0x7f50235e20f0>,42,2,[8 4],43,114,116,71,97
1,<environment.Job instance at 0x7f502357dc80>,19,18,[ 5 10],20,116,134,96,112
1,<environment.Job instance at 0x7f5066d4e690>,44,16,[4 5],45,134,150,89,126
1,<environment.Job instance at 0x7f50674604b0>,0,14,[1 5],1,5,19,4,5
1,<environment.Job instance at 0x7f5066d4e690>,7,19,[1 5],8,8,27,0,8
1,<environment.Job instance at 0x7f5067460460>,6,18,[7 4],7,19,37,12,8
1,<environment.Job instance at 0x7f5067460050>,11,13,[6 3],12,37,50,25,21
1,<environment.Job instance at 0x7f50674608c0>,8,14,[1 7],9,37,51,28,25
1,<environment.Job instance at 0x7f5023488d20>,15,2,[8 3],16,50,52,34,26
1,<environment.Job instance at 0x7f5023488320>,16,3,[ 5 10],17,52,55,35,26
1,<environment.Job instance at 0x7f50234886e0>,14,14,[5 3],15,55,69,40,40
1,<environment.Job instance at 0x7f5023488910>,19,17,[9 2],20,69,86,49,61
1,<environment.Job instance at 0x7f50234885f0>,20,14,[10  1],21,86,100,65,75
1,<environment.Job instance at 0x7f5023488c30>,25,17,[3 6],26,100,117,74,88
1,<environment.Job instance at 0x7f502322a820>,28,12,[ 4 10],29,117,129,88,101
1,<environment.Job instance at 0x7f502322a500>,30,16,[ 2 10],31,129,145,98,116
1,<environment.Job instance at 0x7f502322aa50>,34,14,[6 4],35,145,159,110,130
1,<environment.Job instance at 0x7f502322af50>,35,18,[ 5 10],36,159,177,123,152
1,<environment.Job instance at 0x7f5069c1be10>,48,16,[7 2],49,177,193,128,164
1,<environment.Job instance at 0x7f50671b8aa0>,4,17,[2 5],5,7,24,2,7
1,<environment.Job instance at 0x7f502358dc80>,9,14,[5 4],10,23,37,13,23
1,<environment.Job instance at 0x7f502358d370>,8,2,[7 5],9,37,39,28,23
1,<environment.Job instance at 0x7f5066e89050>,11,1,[5 5],12,24,25,12,23
1,<environment.Job instance at 0x7f502358ddc0>,10,12,[10  1],11,39,51,28,24
1,<environment.Job instance at 0x7f50698983c0>,15,2,[4 8],16,51,53,35,26
1,<environment.Job instance at 0x7f5023801460>,17,2,[1 8],18,53,55,35,27
1,<environment.Job instance at 0x7f5069898050>,18,2,[10  5],19,55,57,36,28
1,<environment.Job instance at 0x7f50237e5eb0>,20,3,[2 8],21,57,60,36,33
1,<environment.Job instance at 0x7f5023482b90>,13,12,[10  1],14,60,72,46,43
1,<environment.Job instance at 0x7f502351bbe0>,26,17,[2 6],27,72,89,45,61
1,<environment.Job instance at 0x7f5069898550>,16,18,[8 1],17,72,90,55,64
1,<environment.Job instance at 0x7f50670d27d0>,27,12,[2 8],28,89,101,61,72
1,<environment.Job instance at 0x7f5023866af0>,30,13,[2 6],31,101,114,70,85
1,<environment.Job instance at 0x7f5066f4ff50>,38,12,[9 3],39,114,126,75,97
1,<environment.Job instance at 0x7f5066f4f2d0>,34,15,[5 6],35,126,141,91,112
1,<environment.Job instance at 0x7f5069bfbc80>,46,1,[6 3],47,141,142,94,121
1,<environment.Job instance at 0x7f5069bfb9b0>,45,15,[3 9],46,142,157,96,128
1,<environment.Job instance at 0x7f5069bfba00>,49,18,[7 5],50,157,175,107,146
1,<environment.Job instance at 0x7f5069bfbb90>,54,17,[7 2],55,175,192,120,163
1,<environment.Job instance at 0x7f50672f2aa0>,57,3,[1 9],58,192,195,134,166
1,<environment.Job instance at 0x7f50233f9960>,4,2,[3 6],5,6,8,1,6
1,<environment.Job instance at 0x7f50672f2aa0>,5,3,[2 8],6,8,11,2,7
1,<environment.Job instance at 0x7f50233f9be0>,6,1,[9 2],7,11,12,4,7
1,<environment.Job instance at 0x7f50233f9d20>,9,3,[10  1],10,12,15,2,10
1,<environment.Job instance at 0x7f50233f9fa0>,10,18,[6 4],11,15,33,4,11
1,<environment.Job instance at 0x7f50233f2050>,11,2,[1 9],12,33,35,21,12
1,<environment.Job instance at 0x7f50233f2140>,12,3,[10  4],13,35,38,22,13
1,<environment.Job instance at 0x7f50233f24b0>,14,3,[9 3],15,38,41,23,15
1,<environment.Job instance at 0x7f50233f2690>,16,1,[5 2],17,41,42,24,19
1,<environment.Job instance at 0x7f50233f2550>,18,13,[8 5],19,42,55,23,26
1,<environment.Job instance at 0x7f50233f2410>,13,13,[8 4],14,55,68,41,42
1,<environment.Job instance at 0x7f50233f2730>,22,16,[5 4],23,68,84,45,57
1,<environment.Job instance at 0x7f50233f2e60>,27,18,[1 6],28,60,78,32,60
1,<environment.Job instance at 0x7f50233e9320>,32,14,[7 3],33,84,98,51,70
1,<environment.Job instance at 0x7f50233e94b0>,37,3,[8 1],38,98,101,60,84
1,<environment.Job instance at 0x7f50233e9960>,41,1,[2 5],42,85,86,43,85
1,<environment.Job instance at 0x7f50233e99b0>,42,13,[ 3 10],43,101,114,58,85
1,<environment.Job instance at 0x7f50233e9af0>,44,1,[5 5],45,114,115,69,95
1,<environment.Job instance at 0x7f50233f25f0>,17,13,[10  4],18,115,128,97,102
1,<environment.Job instance at 0x7f50233e9d70>,49,2,[8 2],50,128,130,78,109
1,<environment.Job instance at 0x7f50233e9e10>,50,2,[5 4],51,130,132,79,109
1,<environment.Job instance at 0x7f50233e9eb0>,51,2,[6 1],52,132,134,80,109
1,<environment.Job instance at 0x7f50233e9f50>,52,12,[1 9],53,132,144,79,120
1,<environment.Job instance at 0x7f50233f40a0>,56,18,[5 5],57,144,162,87,133
1,<environment.Job instance at 0x7f50233f4870>,61,14,[10  1],62,162,176,100,147
1,<environment.Job instance at 0x7f50233ce280>,68,12,[3 9],69,176,188,107,162
1,<environment.Job instance at 0x7f50233ce550>,71,3,[7 4],72,188,191,116,162
1,<environment.Job instance at 0x7f506e243fa0>,6,3,[8 2],7,7,10,0,7
1,<environment.Job instance at 0x7f50234ec550>,10,1,[5 2],11,11,12,0,11
1,<environment.Job instance at 0x7f50234ec500>,9,14,[2 8],10,12,26,2,12
1,<environment.Job instance at 0x7f50695fb6e0>,12,18,[10  5],13,26,44,13,15
1,<environment.Job instance at 0x7f5023541640>,15,18,[5 6],16,44,62,28,34
1,<environment.Job instance at 0x7f5023541910>,17,15,[ 4 10],18,62,77,44,49
1,<environment.Job instance at 0x7f5066ec23c0>,23,13,[3 9],24,77,90,53,61
1,<environment.Job instance at 0x7f5066e7ad20>,29,12,[5 8],30,90,102,60,73
1,<environment.Job instance at 0x7f5066ec28c0>,30,12,[4 6],31,102,114,71,85
1,<environment.Job instance at 0x7f5069497e10>,36,3,[5 5],37,114,117,77,92
1,<environment.Job instance at 0x7f5069497b40>,38,15,[3 8],39,117,132,78,103
1,<environment.Job instance at 0x7f5066ec8d20>,7,18,[1 9],8,132,150,124,124
1,<environment.Job instance at 0x7f50674510a0>,3,3,[6 5],4,4,7,0,4
1,<environment.Job instance at 0x7f5067451b90>,8,12,[5 4],9,9,21,0,9
1,<environment.Job instance at 0x7f5067451550>,10,13,[8 3],11,21,34,10,13
1,<environment.Job instance at 0x7f502379c910>,12,1,[1 8],13,34,35,21,20
1,<environment.Job instance at 0x7f502379c370>,11,1,[2 7],12,26,27,14,26
1,<environment.Job instance at 0x7f506985a320>,15,15,[10  1],16,35,50,19,32
1,<environment.Job instance at 0x7f506985a730>,17,12,[6 5],18,50,62,32,38
1,<environment.Job instance at 0x7f50235b2230>,22,3,[5 8],23,62,65,39,38
1,<environment.Job instance at 0x7f50697380a0>,23,2,[6 2],24,65,67,41,38
1,<environment.Job instance at 0x7f5069845af0>,26,2,[ 1 10],27,67,69,40,52
1,<environment.Job instance at 0x7f50698457d0>,27,3,[2 7],28,69,72,41,52
1,<environment.Job instance at 0x7f50698452d0>,29,1,[5 6],30,72,73,42,59
1,<environment.Job instance at 0x7f50238c7050>,16,13,[ 2 10],17,73,86,56,60
1,<environment.Job instance at 0x7f5067295820>,32,3,[5 8],33,86,89,53,60
1,<environment.Job instance at 0x7f5069916230>,35,1,[1 7],36,65,66,29,64
1,<environment.Job instance at 0x7f50238db370>,39,2,[4 8],40,89,91,49,69
1,<environment.Job instance at 0x7f50699168c0>,38,12,[6 4],39,91,103,52,75
1,<environment.Job instance at 0x7f50671638c0>,41,13,[3 5],42,91,104,49,75
1,<environment.Job instance at 0x7f5067163be0>,46,13,[6 4],47,103,116,56,87
1,<environment.Job instance at 0x7f50235c5870>,30,18,[3 5],31,104,122,73,96
1,<environment.Job instance at 0x7f50671634b0>,50,2,[5 4],51,116,118,65,102
1,<environment.Job instance at 0x7f50671633c0>,49,12,[5 8],50,122,134,72,105
1,<environment.Job instance at 0x7f506959d7d0>,53,3,[6 1],54,118,121,64,105
1,<environment.Job instance at 0x7f502333c550>,0,15,[8 4],1,134,149,133,122
1,<environment.Job instance at 0x7f50230cd190>,67,3,[6 5],68,149,152,81,127
1,<environment.Job instance at 0x7f50672de870>,70,15,[5 5],71,152,167,81,138
1,<environment.Job instance at 0x7f50699ea370>,74,12,[7 1],75,167,179,92,150
1,<environment.Job instance at 0x7f5023406910>,79,2,[3 9],80,167,169,87,162
1,<environment.Job instance at 0x7f50694d1730>,63,14,[ 5 10],64,179,193,115,165
1,<environment.Job instance at 0x7f5023347870>,7,1,[7 5],8,8,9,0,8
1,<environment.Job instance at 0x7f5023347960>,8,1,[10  1],9,9,10,0,9
1,<environment.Job instance at 0x7f5023347aa0>,9,3,[3 5],10,10,13,0,10
1,<environment.Job instance at 0x7f5023347730>,5,15,[ 1 10],6,13,28,7,11
1,<environment.Job instance at 0x7f5023347b90>,10,3,[ 2 10],11,28,31,17,12
1,<environment.Job instance at 0x7f5023347d70>,12,14,[6 2],13,31,45,18,16
1,<environment.Job instance at 0x7f5023347f50>,14,2,[1 5],15,31,33,16,17
1,<environment.Job instance at 0x7f5023347f00>,15,3,[9 4],16,45,48,29,19
1,<environment.Job instance at 0x7f5023347c80>,11,13,[5 8],12,48,61,36,32
1,<environment.Job instance at 0x7f502332d410>,21,3,[4 5],22,34,37,12,34
1,<environment.Job instance at 0x7f502332d5f0>,22,3,[10  3],23,61,64,38,35
1,<environment.Job instance at 0x7f50235409b0>,3,16,[ 5 10],4,64,80,60,52
1,<environment.Job instance at 0x7f502332daf0>,30,14,[6 1],31,80,94,49,65
1,<environment.Job instance at 0x7f502332dcd0>,33,15,[2 7],34,80,95,46,68
1,<environment.Job instance at 0x7f50233232d0>,35,3,[9 3],36,95,98,59,69
1,<environment.Job instance at 0x7f5023323460>,37,3,[6 1],38,98,101,60,78
1,<environment.Job instance at 0x7f5023323550>,38,12,[ 1 10],39,101,113,62,88
1,<environment.Job instance at 0x7f5023323730>,41,3,[10  1],42,113,116,71,93
1,<environment.Job instance at 0x7f50233237d0>,42,12,[7 3],43,116,128,73,99
1,<environment.Job instance at 0x7f5023323b40>,44,2,[6 5],45,128,130,83,101
1,<environment.Job instance at 0x7f5023323aa0>,46,18,[7 3],47,130,148,83,119
1,<environment.Job instance at 0x7f5023323cd0>,48,18,[1 5],49,120,138,71,120
1,<environment.Job instance at 0x7f5023323be0>,51,18,[3 9],52,148,166,96,137
1,<environment.Job instance at 0x7f502330c1e0>,53,15,[1 5],54,166,181,112,152
1,<environment.Job instance at 0x7f502330c410>,57,2,[5 5],58,166,168,108,152
1,<environment.Job instance at 0x7f502330c5f0>,60,3,[7 3],61,168,171,107,167
1,<environment.Job instance at 0x7f506701acd0>,4,3,[ 3 10],5,7,10,2,7
1,<environment.Job instance at 0x7f506701afa0>,6,16,[1 7],7,11,27,4,11
1,<environment.Job instance at 0x7f50697380a0>,10,12,[4 5],11,27,39,16,11
1,<environment.Job instance at 0x7f502330c910>,3,14,[6 4],4,27,41,23,14
1,<environment.Job instance at 0x7f5066e97e10>,16,3,[3 9],17,41,44,24,17
1,<environment.Job instance at 0x7f5066f0bb90>,19,3,[9 3],20,44,47,24,29
1,<environment.Job instance at 0x7f5066f0b190>,21,2,[5 2],22,47,49,25,29
1,<environment.Job instance at 0x7f50230ca7d0>,12,18,[1 5],13,44,62,31,37
1,<environment.Job instance at 0x7f5066f0b5f0>,25,1,[3 5],26,39,40,13,38
1,<environment.Job instance at 0x7f5066f0bf50>,26,3,[8 4],27,49,52,22,39
1,<environment.Job instance at 0x7f50230ca140>,11,16,[1 5],12,52,68,40,40
1,<environment.Job instance at 0x7f5066f0b370>,28,3,[7 1],29,41,44,12,41
1,<environment.Job instance at 0x7f5066f0bb40>,29,3,[7 5],30,62,65,32,41
1,<environment.Job instance at 0x7f5066f0bc30>,27,16,[1 7],28,68,84,40,55
1,<environment.Job instance at 0x7f5066e97aa0>,17,13,[ 5 10],18,84,97,66,70
1,<environment.Job instance at 0x7f502381a050>,34,17,[4 9],35,106,123,71,106
1,<environment.Job instance at 0x7f5023801f00>,43,15,[5 3],44,123,138,79,110
1,<environment.Job instance at 0x7f50671c2960>,49,1,[1 5],50,123,124,73,123
1,<environment.Job instance at 0x7f50671c2c80>,50,1,[10  3],51,138,139,87,123
1,<environment.Job instance at 0x7f50671c2e60>,51,17,[7 1],52,139,156,87,127
1,<environment.Job instance at 0x7f5067153460>,39,12,[10  1],40,156,168,116,140
1,<environment.Job instance at 0x7f50698a4a50>,59,13,[9 3],60,168,181,108,157
1,<environment.Job instance at 0x7f50698a4af0>,62,16,[8 1],63,181,197,118,168
1,<environment.Job instance at 0x7f5022f5af50>,0,2,[4 7],1,2,4,1,2
1,<environment.Job instance at 0x7f5022f5adc0>,2,15,[1 9],3,6,21,3,6
1,<environment.Job instance at 0x7f50670ce230>,6,2,[5 1],7,7,9,0,7
1,<environment.Job instance at 0x7f50670ce320>,5,12,[1 8],6,21,33,15,7
1,<environment.Job instance at 0x7f50235a3690>,8,3,[9 1],9,14,17,5,14
1,<environment.Job instance at 0x7f50235a3c30>,12,3,[3 8],13,33,36,20,14
1,<environment.Job instance at 0x7f50235a3a50>,9,13,[6 5],10,36,49,26,20
1,<environment.Job instance at 0x7f50670ce550>,10,16,[10  2],11,49,65,38,36
1,<environment.Job instance at 0x7f50235a39b0>,11,16,[ 2 10],12,65,81,53,52
1,<environment.Job instance at 0x7f5023321b40>,22,15,[6 2],23,81,96,58,67
1,<environment.Job instance at 0x7f50698a4af0>,3,18,[10  4],4,96,114,92,85
1,<environment.Job instance at 0x7f5023321e60>,25,16,[2 9],26,114,130,88,103
1,<environment.Job instance at 0x7f5067449d70>,4,2,[4 5],5,6,8,1,6
1,<environment.Job instance at 0x7f5023321f50>,7,17,[5 6],8,12,29,4,12
1,<environment.Job instance at 0x7f5067324780>,13,3,[7 5],14,29,32,15,17
1,<environment.Job instance at 0x7f5067220af0>,14,12,[2 9],15,32,44,17,24
1,<environment.Job instance at 0x7f5067220910>,16,13,[2 7],17,44,57,27,29
1,<environment.Job instance at 0x7f5067220500>,19,12,[7 4],20,57,69,37,40
1,<environment.Job instance at 0x7f5067220410>,18,14,[2 8],19,69,83,50,56
1,<environment.Job instance at 0x7f5067324820>,9,14,[ 2 10],10,83,97,73,68
1,<environment.Job instance at 0x7f506722d050>,32,13,[6 3],33,97,110,64,81
1,<environment.Job instance at 0x7f50231fbaf0>,35,3,[4 7],36,97,100,61,92
1,<environment.Job instance at 0x7f506721ad20>,25,15,[10  4],26,110,125,84,103
1,<environment.Job instance at 0x7f50235e46e0>,37,14,[6 1],38,125,139,87,111
1,<environment.Job instance at 0x7f506994f230>,40,16,[4 9],41,125,141,84,117
1,<environment.Job instance at 0x7f506996a870>,45,14,[8 2],46,146,160,100,146
1,<environment.Job instance at 0x7f5069a620a0>,47,2,[1 9],48,160,162,112,146
1,<environment.Job instance at 0x7f5023774050>,52,2,[6 2],53,162,164,109,157
1,<environment.Job instance at 0x7f5069a62780>,51,17,[7 4],52,164,181,112,157
1,<environment.Job instance at 0x7f50235f49b0>,56,2,[9 1],57,160,162,103,158
1,<environment.Job instance at 0x7f506722cbe0>,5,2,[1 7],6,7,9,1,7
1,<environment.Job instance at 0x7f506722cfa0>,6,15,[3 5],7,9,24,2,9
1,<environment.Job instance at 0x7f5067163dc0>,8,14,[4 7],9,24,38,15,14
1,<environment.Job instance at 0x7f5022f87370>,15,18,[4 5],16,38,56,22,28
1,<environment.Job instance at 0x7f50696d0dc0>,19,3,[ 1 10],20,56,59,36,31
1,<environment.Job instance at 0x7f50696d00f0>,23,12,[6 3],24,59,71,35,48
1,<environment.Job instance at 0x7f5066dfbbe0>,27,3,[6 5],28,49,52,21,49
1,<environment.Job instance at 0x7f502308bdc0>,26,14,[8 2],27,71,85,44,56
1,<environment.Job instance at 0x7f5066e06190>,29,16,[1 8],30,71,87,41,62
1,<environment.Job instance at 0x7f50696ebbe0>,35,13,[3 7],36,87,100,51,73
1,<environment.Job instance at 0x7f502351faa0>,43,16,[5 5],44,101,117,57,101
1,<environment.Job instance at 0x7f502351f910>,46,1,[7 2],47,127,128,80,127
1,<environment.Job instance at 0x7f502351f690>,47,16,[7 4],48,128,144,80,127
1,<environment.Job instance at 0x7f50231a7190>,50,2,[ 4 10],51,144,146,93,140
1,<environment.Job instance at 0x7f50231a7dc0>,52,14,[1 7],53,149,163,96,149
1,<environment.Job instance at 0x7f50231a78c0>,53,1,[1 7],54,163,164,109,149
1,<environment.Job instance at 0x7f5023495460>,55,3,[4 7],56,164,167,108,155
1,<environment.Job instance at 0x7f5023495230>,56,15,[9 4],57,167,182,110,156
1,<environment.Job instance at 0x7f506987be60>,2,2,[10  2],3,3,5,0,3
1,<environment.Job instance at 0x7f50234de4b0>,9,13,[3 8],10,17,30,7,17
1,<environment.Job instance at 0x7f5066dece10>,7,15,[3 5],8,30,45,22,17
1,<environment.Job instance at 0x7f50234de500>,18,3,[6 2],19,33,36,14,33
1,<environment.Job instance at 0x7f50234de910>,19,17,[7 1],20,36,53,16,33
1,<environment.Job instance at 0x7f50234dee60>,20,13,[1 5],21,45,58,24,34
1,<environment.Job instance at 0x7f50234de780>,17,12,[3 5],18,53,65,35,48
1,<environment.Job instance at 0x7f5022f334b0>,23,13,[2 7],24,65,78,41,50
1,<environment.Job instance at 0x7f5022f33fa0>,28,1,[2 8],29,78,79,49,70
1,<environment.Job instance at 0x7f5022f330f0>,29,1,[8 5],30,79,80,49,70
1,<environment.Job instance at 0x7f5022f33870>,30,1,[8 2],31,70,71,39,70
1,<environment.Job instance at 0x7f5022f33320>,31,3,[5 9],32,80,83,48,70
1,<environment.Job instance at 0x7f5022f336e0>,32,1,[1 9],33,83,84,50,70
1,<environment.Job instance at 0x7f5022f338c0>,33,2,[7 1],34,71,73,37,70
1,<environment.Job instance at 0x7f5022f33f50>,39,3,[5 8],40,117,120,77,117
1,<environment.Job instance at 0x7f50234ded70>,14,15,[9 1],15,138,153,123,138
1,<environment.Job instance at 0x7f5022ed0730>,44,2,[8 2],45,160,162,115,160
1,<environment.Job instance at 0x7f5022ed0f00>,45,14,[7 2],46,162,176,116,160
1,<environment.Job instance at 0x7f5022ed0eb0>,47,16,[3 9],48,176,192,128,164
1,<environment.Job instance at 0x7f506e37a4b0>,0,2,[7 1],1,2,4,1,2
1,<environment.Job instance at 0x7f5023272190>,7,3,[3 5],8,8,11,0,8
1,<environment.Job instance at 0x7f5023272a50>,9,3,[3 5],10,11,14,1,11
1,<environment.Job instance at 0x7f50232725a0>,10,1,[4 6],11,21,22,10,21
1,<environment.Job instance at 0x7f5023272dc0>,13,14,[8 4],14,24,38,10,24
1,<environment.Job instance at 0x7f5023243aa0>,14,18,[2 6],15,26,44,11,26
1,<environment.Job instance at 0x7f5023243c80>,19,12,[1 5],20,44,56,24,28
1,<environment.Job instance at 0x7f5023243e10>,22,1,[10  2],23,56,57,33,30
1,<environment.Job instance at 0x7f502327fd70>,26,2,[5 2],27,38,40,11,32
1,<environment.Job instance at 0x7f50232778c0>,25,12,[9 4],26,44,56,18,33
1,<environment.Job instance at 0x7f502327a4b0>,28,2,[1 6],29,57,59,28,33
1,<environment.Job instance at 0x7f502327f320>,29,3,[9 2],30,57,60,27,33
1,<environment.Job instance at 0x7f502327ac30>,31,13,[ 5 10],32,60,73,28,45
1,<environment.Job instance at 0x7f502327f6e0>,27,17,[4 8],28,73,90,45,65
1,<environment.Job instance at 0x7f5066f56a50>,37,3,[5 6],38,90,93,52,65
1,<environment.Job instance at 0x7f50673490a0>,35,18,[7 3],36,93,111,57,82
1,<environment.Job instance at 0x7f5066f352d0>,43,2,[5 4],44,90,92,46,82
1,<environment.Job instance at 0x7f50698f6dc0>,34,16,[10  1],35,111,127,76,98
1,<environment.Job instance at 0x7f5066f35e10>,50,13,[1 6],51,127,140,76,111
1,<environment.Job instance at 0x7f5066f4b9b0>,53,15,[5 6],54,140,155,86,127
1,<environment.Job instance at 0x7f502300baf0>,57,14,[10  2],58,155,169,97,140
1,<environment.Job instance at 0x7f5066f356e0>,51,18,[10  3],52,169,187,117,158
1,<environment.Job instance at 0x7f506700e2d0>,0,3,[8 1],1,2,5,1,2
1,<environment.Job instance at 0x7f5069892280>,4,15,[9 3],5,8,23,3,8
1,<environment.Job instance at 0x7f5069af3550>,9,2,[5 8],10,23,25,13,15
1,<environment.Job instance at 0x7f5069af3cd0>,10,15,[2 9],11,25,40,14,18
1,<environment.Job instance at 0x7f5066ed1af0>,11,1,[2 5],12,40,41,28,22
1,<environment.Job instance at 0x7f502332db40>,16,2,[6 3],17,40,42,23,25
1,<environment.Job instance at 0x7f502332d870>,17,12,[5 6],18,42,54,24,25
1,<environment.Job instance at 0x7f502330b410>,22,13,[8 3],23,54,67,31,39
1,<environment.Job instance at 0x7f506700e730>,5,15,[4 8],6,67,82,61,53
1,<environment.Job instance at 0x7f5069567c80>,24,2,[6 5],25,82,84,57,55
1,<environment.Job instance at 0x7f50236d6aa0>,25,14,[6 2],26,67,81,41,55
1,<environment.Job instance at 0x7f5069676050>,33,12,[10  3],34,84,96,50,68
1,<environment.Job instance at 0x7f50696760f0>,36,3,[1 5],37,96,99,59,73
1,<environment.Job instance at 0x7f5069676eb0>,37,1,[5 4],38,96,97,58,73
1,<environment.Job instance at 0x7f5069676190>,34,14,[10  2],35,99,113,64,84
1,<environment.Job instance at 0x7f5069676b40>,39,3,[7 3],40,113,116,73,87
1,<environment.Job instance at 0x7f5069676f00>,40,2,[5 2],41,97,99,56,87
1,<environment.Job instance at 0x7f506722d0f0>,43,14,[8 5],44,116,130,72,101
1,<environment.Job instance at 0x7f506df51870>,47,16,[3 5],48,130,146,82,119
1,<environment.Job instance at 0x7f502301d8c0>,2,16,[2 9],3,146,162,143,133
1,<environment.Job instance at 0x7f5066ebbb90>,54,1,[3 5],55,162,163,107,151
1,<environment.Job instance at 0x7f5067163fa0>,55,16,[2 7],56,163,179,107,152
1,<environment.Job instance at 0x7f5069a288c0>,57,2,[9 2],58,179,181,121,154
1,<environment.Job instance at 0x7f5067388b40>,11,16,[1 8],12,17,33,5,17
1,<environment.Job instance at 0x7f5067388370>,15,1,[5 5],16,33,34,17,32
1,<environment.Job instance at 0x7f50673882d0>,14,3,[5 3],15,33,36,18,32
1,<environment.Job instance at 0x7f5067388820>,18,2,[2 5],19,34,36,15,34
1,<environment.Job instance at 0x7f5067388870>,17,18,[7 4],18,36,54,18,36
1,<environment.Job instance at 0x7f5067388f00>,16,13,[ 1 10],17,54,67,37,41
1,<environment.Job instance at 0x7f502378f370>,29,17,[8 4],30,67,84,37,55
1,<environment.Job instance at 0x7f502378f7d0>,30,15,[4 8],31,84,99,53,71
1,<environment.Job instance at 0x7f502378f0f0>,35,13,[5 1],36,84,97,48,73
1,<environment.Job instance at 0x7f502378ffa0>,39,12,[3 8],40,99,111,59,85
1,<environment.Job instance at 0x7f5023363230>,46,14,[6 5],47,111,125,64,98
1,<environment.Job instance at 0x7f5023363050>,48,15,[7 4],49,125,140,76,111
1,<environment.Job instance at 0x7f50233634b0>,49,12,[3 5],50,111,123,61,111
1,<environment.Job instance at 0x7f5023363820>,51,12,[5 8],52,140,152,88,124
1,<environment.Job instance at 0x7f5066f44e60>,3,1,[5 2],4,4,5,0,4
1,<environment.Job instance at 0x7f5069659c80>,5,12,[6 1],6,6,18,0,6
1,<environment.Job instance at 0x7f50696591e0>,8,13,[1 5],9,9,22,0,9
1,<environment.Job instance at 0x7f5069659cd0>,7,12,[5 4],8,18,30,10,9
1,<environment.Job instance at 0x7f5066de4a00>,10,15,[7 3],11,30,45,19,16
1,<environment.Job instance at 0x7f5066cf4640>,0,14,[ 1 10],1,45,59,44,30
1,<environment.Job instance at 0x7f5069a3dc30>,19,2,[10  4],20,59,61,39,37
1,<environment.Job instance at 0x7f5066d3e500>,21,14,[4 7],22,61,75,39,46
1,<environment.Job instance at 0x7f5069585eb0>,18,13,[9 1],19,75,88,56,60
1,<environment.Job instance at 0x7f5066db9780>,24,17,[5 4],25,88,105,63,76
1,<environment.Job instance at 0x7f5066dd78c0>,28,3,[8 5],29,105,108,76,79
1,<environment.Job instance at 0x7f5066dd7500>,30,13,[1 7],31,108,121,77,94
1,<environment.Job instance at 0x7f5066dd7fa0>,34,3,[9 5],35,121,124,86,95
1,<environment.Job instance at 0x7f5066ddbeb0>,35,16,[7 2],36,124,140,88,111
1,<environment.Job instance at 0x7f5066ddba50>,38,14,[ 5 10],39,140,154,101,125
1,<environment.Job instance at 0x7f5066daeb90>,44,13,[ 2 10],45,154,167,109,138
1,<environment.Job instance at 0x7ff817948190>,2,12,[5 4],3,3,15,0,3
1,<environment.Job instance at 0x7ff810538230>,5,13,[5 9],6,15,28,9,6
1,<environment.Job instance at 0x7ff8105383c0>,7,14,[5 1],8,8,22,0,8
1,<environment.Job instance at 0x7ff817948050>,4,18,[10  4],5,28,46,23,18
1,<environment.Job instance at 0x7ff810538aa0>,14,12,[3 7],15,46,58,31,32
1,<environment.Job instance at 0x7ff810538be0>,16,12,[1 8],17,58,70,41,42
1,<environment.Job instance at 0x7ff810538780>,9,17,[ 4 10],10,70,87,60,60
1,<environment.Job instance at 0x7ff81053c0f0>,25,3,[1 6],26,87,90,61,68
1,<environment.Job instance at 0x7ff81053c320>,27,2,[6 4],28,87,89,59,68
1,<environment.Job instance at 0x7ff81053c3c0>,28,2,[5 9],29,90,92,61,69
1,<environment.Job instance at 0x7ff81053c500>,30,1,[5 5],31,92,93,61,70
1,<environment.Job instance at 0x7ff81053c280>,31,17,[4 9],32,93,110,61,89
1,<environment.Job instance at 0x7ff81053c960>,33,2,[5 3],34,110,112,76,89
1,<environment.Job instance at 0x7ff81053c870>,34,3,[9 5],35,112,115,77,89
1,<environment.Job instance at 0x7ff81053caa0>,37,14,[5 5],38,115,129,77,101
1,<environment.Job instance at 0x7ff81053cb40>,38,12,[3 6],39,129,141,90,112
1,<environment.Job instance at 0x7ff81053cd20>,41,14,[6 1],42,129,143,87,124
1,<environment.Job instance at 0x7ff81053cfa0>,42,14,[8 4],43,143,157,100,128
1,<environment.Job instance at 0x7ff81053f190>,45,16,[6 2],46,157,173,111,146
1,<environment.Job instance at 0x7ff81053f1e0>,46,3,[5 4],47,173,176,126,147
1,<environment.Job instance at 0x7ff81053f320>,47,1,[2 6],48,147,148,99,147
1,<environment.Job instance at 0x7ff81053f730>,51,2,[4 9],52,176,178,124,157
1,<environment.Job instance at 0x7ff81053f7d0>,2,2,[8 2],3,3,5,0,3
1,<environment.Job instance at 0x7ff81053f730>,3,1,[3 9],4,5,6,1,4
1,<environment.Job instance at 0x7ff7cc9331e0>,7,2,[9 3],8,8,10,0,8
1,<environment.Job instance at 0x7ff7cc9296e0>,12,14,[8 4],13,13,27,0,13
1,<environment.Job instance at 0x7ff7cc929550>,13,3,[5 4],14,27,30,13,14
1,<environment.Job instance at 0x7ff7cc933320>,10,18,[5 1],11,27,45,16,16
1,<environment.Job instance at 0x7ff7cc9337d0>,4,12,[5 7],5,30,42,25,18
1,<environment.Job instance at 0x7ff7cc936a50>,19,1,[10  3],20,45,46,25,20
1,<environment.Job instance at 0x7ff7cc936370>,20,2,[3 8],21,42,44,21,21
1,<environment.Job instance at 0x7ff7cc936f00>,15,16,[ 3 10],16,46,62,30,40
1,<environment.Job instance at 0x7ff7cc92ba00>,25,17,[5 9],26,62,79,36,54
1,<environment.Job instance at 0x7ff7cc92b690>,24,17,[10  2],25,79,96,54,67
1,<environment.Job instance at 0x7ff7cc934730>,33,12,[5 1],34,67,79,33,67
1,<environment.Job instance at 0x7ff7cc9457d0>,34,13,[5 9],35,96,109,61,81
1,<environment.Job instance at 0x7ff7cc94ac80>,36,16,[7 2],37,109,125,72,98
1,<environment.Job instance at 0x7ff7cc94ab40>,39,1,[9 2],40,125,126,85,98
1,<environment.Job instance at 0x7ff7ccb499b0>,40,2,[4 5],41,126,128,85,99
1,<environment.Job instance at 0x7ff7cca67cd0>,41,1,[8 3],42,128,129,86,100
1,<environment.Job instance at 0x7ff7cca261e0>,42,1,[3 8],43,109,110,66,100
1,<environment.Job instance at 0x7ff7ccb6c820>,45,17,[3 5],46,129,146,83,127
1,<environment.Job instance at 0x7ff7cca789b0>,43,15,[5 6],44,146,161,102,135
1,<environment.Job instance at 0x7ff7cca21aa0>,49,12,[5 4],50,136,148,86,136
1,<environment.Job instance at 0x7ff7cca212d0>,51,13,[3 6],52,161,174,109,145
1,<environment.Job instance at 0x7ff7cca21410>,53,12,[3 8],54,174,186,120,158
1,<environment.Job instance at 0x7ff7cca21370>,54,14,[8 5],55,186,200,131,171
1,<environment.Job instance at 0x7ff7cc79bf00>,2,2,[1 5],3,5,7,2,5
1,<environment.Job instance at 0x7ff7cc7ad230>,8,3,[4 7],9,9,12,0,9
1,<environment.Job instance at 0x7ff7cc7f64b0>,10,17,[7 1],11,12,29,1,12
1,<environment.Job instance at 0x7ff7cc7f61e0>,12,2,[6 3],13,29,31,16,13
1,<environment.Job instance at 0x7ff7cc7f6960>,11,18,[3 8],12,47,65,35,47
1,<environment.Job instance at 0x7ff8107414b0>,19,3,[9 2],20,65,68,45,47
1,<environment.Job instance at 0x7ff810a81500>,21,3,[10  4],22,68,71,46,47
1,<environment.Job instance at 0x7ff810a4b500>,22,2,[6 4],23,71,73,48,47
1,<environment.Job instance at 0x7ff81038e140>,18,14,[3 6],19,71,85,52,56
1,<environment.Job instance at 0x7ff7ccecdeb0>,30,12,[1 5],31,85,97,54,69
1,<environment.Job instance at 0x7ff8106bd640>,32,17,[9 1],33,85,102,52,77
1,<environment.Job instance at 0x7ff810a04f00>,28,12,[8 2],29,102,114,73,89
1,<environment.Job instance at 0x7ff8106bd960>,33,18,[8 1],34,114,132,80,103
1,<environment.Job instance at 0x7ff81792a0f0>,40,16,[1 9],41,114,130,73,112
1,<environment.Job instance at 0x7ff7cc879e60>,45,12,[4 7],46,132,144,86,115
1,<environment.Job instance at 0x7ff7cc8799b0>,47,13,[4 6],48,144,157,96,128
1,<environment.Job instance at 0x7ff7cc792820>,48,14,[2 7],49,157,171,108,142
1,<environment.Job instance at 0x7ff7cc792d70>,49,17,[5 1],50,142,159,92,142
1,<environment.Job instance at 0x7ff7cc792870>,52,13,[8 1],53,159,172,106,143
1,<environment.Job instance at 0x7ff7cc792050>,56,13,[1 6],57,171,184,114,158
1,<environment.Job instance at 0x7ff7cc7fe0a0>,57,14,[10  3],58,184,198,126,169
1,<environment.Job instance at 0x7ff8109dcf00>,3,18,[6 1],4,7,25,3,7
1,<environment.Job instance at 0x7ff8109dccd0>,7,2,[2 6],8,8,10,0,8
1,<environment.Job instance at 0x7ff8109dc140>,4,12,[4 7],5,13,25,8,13
1,<environment.Job instance at 0x7ff8109dcc80>,12,3,[4 9],13,25,28,12,15
1,<environment.Job instance at 0x7ff8109dca00>,14,2,[10  3],15,28,30,13,15
1,<environment.Job instance at 0x7ff810acf140>,16,16,[2 6],17,30,46,13,17
1,<environment.Job instance at 0x7ff7ccb13f50>,0,14,[8 4],1,30,44,29,21
1,<environment.Job instance at 0x7ff810acf2d0>,18,14,[6 4],19,44,58,25,35
1,<environment.Job instance at 0x7ff810acf410>,17,18,[3 6],18,46,64,28,36
1,<environment.Job instance at 0x7ff810834280>,25,12,[6 1],26,58,70,32,41
1,<environment.Job instance at 0x7ff810acf1e0>,20,18,[5 9],21,70,88,49,59
1,<environment.Job instance at 0x7ff810acf500>,23,18,[ 1 10],24,88,106,64,79
1,<environment.Job instance at 0x7ff810834910>,36,17,[ 1 10],37,106,123,69,94
1,<environment.Job instance at 0x7ff810834190>,40,12,[7 2],41,123,135,82,108
1,<environment.Job instance at 0x7ff7cc7f93c0>,42,3,[1 9],43,135,138,92,111
1,<environment.Job instance at 0x7ff7cc7f9460>,43,2,[6 5],44,138,140,94,111
1,<environment.Job instance at 0x7ff7cc7f98c0>,44,1,[7 3],45,140,141,95,112
1,<environment.Job instance at 0x7ff7cc7f9190>,45,3,[7 2],46,141,144,95,115
1,<environment.Job instance at 0x7ff7cc7f95f0>,47,17,[3 8],48,141,158,93,133
1,<environment.Job instance at 0x7ff7cc7f9140>,1,2,[8 4],2,3,5,1,3
1,<environment.Job instance at 0x7ff7cc7f95f0>,2,2,[8 4],3,5,7,2,3
1,<environment.Job instance at 0x7ff7ccc31c80>,6,3,[8 3],7,7,10,0,7
1,<environment.Job instance at 0x7ff7ccc31370>,7,1,[10  5],8,10,11,2,8
1,<environment.Job instance at 0x7ff7ccc316e0>,9,1,[5 1],10,12,13,2,12
1,<environment.Job instance at 0x7ff810333370>,11,3,[6 4],12,13,16,1,12
1,<environment.Job instance at 0x7ff8103330f0>,10,12,[1 7],11,16,28,5,14
1,<environment.Job instance at 0x7ff810333fa0>,13,15,[5 5],14,28,43,14,15
1,<environment.Job instance at 0x7ff81034cd70>,19,13,[7 4],20,43,56,23,35
1,<environment.Job instance at 0x7ff81034cdc0>,23,15,[4 9],24,56,71,32,43
1,<environment.Job instance at 0x7ff7ccb4de60>,28,3,[8 3],29,71,74,42,50
1,<environment.Job instance at 0x7ff810336af0>,31,18,[4 8],32,74,92,42,66
1,<environment.Job instance at 0x7ff8103495f0>,32,15,[4 8],33,92,107,59,78
1,<environment.Job instance at 0x7ff7ccbaa230>,36,12,[2 7],37,107,119,70,90
1,<environment.Job instance at 0x7ff8110317d0>,41,12,[5 5],42,119,131,77,102
1,<environment.Job instance at 0x7ff81049fd20>,43,13,[7 4],44,131,144,87,117
1,<environment.Job instance at 0x7ff81032e140>,12,17,[ 2 10],13,144,161,131,132
1,<environment.Job instance at 0x7ff810932fa0>,49,16,[7 2],50,161,177,111,148
1,<environment.Job instance at 0x7ff8103c9af0>,52,3,[4 8],53,177,180,124,161
1,<environment.Job instance at 0x7ff8103c99b0>,53,13,[5 5],54,180,193,126,164
1,<environment.Job instance at 0x7ff8103c9690>,55,14,[4 6],56,193,207,137,178
1,<environment.Job instance at 0x7ff810a89af0>,6,3,[5 8],7,7,10,0,7
1,<environment.Job instance at 0x7ff810a89e60>,8,3,[6 1],9,10,13,1,9
1,<environment.Job instance at 0x7ff810a89640>,13,16,[8 1],14,26,42,12,26
1,<environment.Job instance at 0x7ff810a47d20>,18,16,[4 8],19,42,58,23,31
1,<environment.Job instance at 0x7ff810a47640>,19,18,[6 1],20,42,60,22,42
1,<environment.Job instance at 0x7ff810a47500>,22,12,[6 1],23,60,72,37,43
1,<environment.Job instance at 0x7ff810a479b0>,30,15,[4 7],31,58,73,27,52
1,<environment.Job instance at 0x7ff810a47e60>,33,16,[9 4],34,73,89,39,64
1,<environment.Job instance at 0x7ff810a081e0>,36,3,[6 1],37,89,92,52,66
1,<environment.Job instance at 0x7ff810a089b0>,37,1,[5 1],38,72,73,34,66
1,<environment.Job instance at 0x7ff810a08af0>,41,12,[3 7],42,89,101,47,72
1,<environment.Job instance at 0x7ff810a47eb0>,25,16,[10  5],26,101,117,75,88
1,<environment.Job instance at 0x7ff810a08370>,42,15,[ 2 10],43,117,132,74,106
1,<environment.Job instance at 0x7ff7cca1d0a0>,53,14,[ 4 10],54,132,146,78,117
1,<environment.Job instance at 0x7ff7cca1d910>,56,16,[1 6],57,146,162,89,134
1,<environment.Job instance at 0x7ff8102ff500>,49,18,[2 7],50,162,180,112,151
1,<environment.Job instance at 0x7ff8102b4b90>,65,15,[3 5],66,180,195,114,166
1,<environment.Job instance at 0x7ff8102b4870>,66,3,[7 4],67,180,183,113,166
1,<environment.Job instance at 0x7ff81091f8c0>,72,13,[9 1],73,195,208,122,179
1,<environment.Job instance at 0x7ff7ccdb3fa0>,2,3,[8 1],3,3,6,0,3
1,<environment.Job instance at 0x7ff7ccd11910>,3,15,[3 9],4,6,21,2,5
1,<environment.Job instance at 0x7ff7ccdb3500>,5,3,[10  4],6,21,24,15,7
1,<environment.Job instance at 0x7ff810963910>,10,15,[5 3],11,24,39,13,12
1,<environment.Job instance at 0x7ff8106e6f50>,12,14,[4 6],13,24,38,11,13
1,<environment.Job instance at 0x7ff7cce32f50>,17,1,[10  4],18,39,40,21,21
1,<environment.Job instance at 0x7ff810c4ebe0>,18,2,[3 6],19,40,42,21,22
1,<environment.Job instance at 0x7ff7ccdb30f0>,0,12,[7 4],1,40,52,39,23
1,<environment.Job instance at 0x7ff8110dbeb0>,21,3,[8 5],22,52,55,30,28
1,<environment.Job instance at 0x7ff8106ea3c0>,13,17,[9 1],14,55,72,41,43
1,<environment.Job instance at 0x7ff8108047d0>,27,15,[6 2],28,72,87,44,58
1,<environment.Job instance at 0x7ff810d33820>,31,3,[1 8],32,58,61,26,58
1,<environment.Job instance at 0x7ff7ccbfe9b0>,33,3,[3 8],34,76,79,42,76
1,<environment.Job instance at 0x7ff810686d20>,34,12,[9 1],35,87,99,52,76
1,<environment.Job instance at 0x7ff817972910>,38,2,[6 3],39,99,101,60,80
1,<environment.Job instance at 0x7ff817972cd0>,39,2,[1 9],40,87,89,47,81
1,<environment.Job instance at 0x7ff817972960>,40,12,[5 6],41,101,113,60,84
1,<environment.Job instance at 0x7ff817972af0>,42,1,[5 9],43,113,114,70,86
1,<environment.Job instance at 0x7ff7cc945910>,43,1,[2 6],44,86,87,42,86
1,<environment.Job instance at 0x7ff810686a50>,36,14,[6 4],37,114,128,77,99
1,<environment.Job instance at 0x7ff8106157d0>,46,18,[6 4],47,128,146,81,117
1,<environment.Job instance at 0x7ff810615370>,49,3,[1 7],50,146,149,96,120
1,<environment.Job instance at 0x7ff810615b90>,50,2,[1 6],51,120,122,69,120
1,<environment.Job instance at 0x7ff810615140>,53,2,[2 7],54,149,151,95,134
1,<environment.Job instance at 0x7ff810615730>,54,3,[10  5],55,151,154,96,134
1,<environment.Job instance at 0x7ff810615cd0>,52,14,[ 4 10],53,154,168,101,143
1,<environment.Job instance at 0x7ff81102baa0>,57,16,[1 8],58,168,184,110,156
1,<environment.Job instance at 0x7ff7cc81d460>,61,15,[8 4],62,184,199,122,170
1,<environment.Job instance at 0x7ff8107d5f00>,69,2,[9 3],70,199,201,129,175
1,<environment.Job instance at 0x7ff8106bd960>,0,2,[6 1],1,1,3,0,1
1,<environment.Job instance at 0x7ff7cc779b40>,6,1,[5 7],7,8,9,1,8
1,<environment.Job instance at 0x7ff7cc779dc0>,9,3,[ 3 10],10,10,13,0,10
1,<environment.Job instance at 0x7ff7cc779be0>,7,15,[3 6],8,14,29,6,14
1,<environment.Job instance at 0x7ff7cc75f140>,13,13,[5 6],14,29,42,15,14
1,<environment.Job instance at 0x7ff7cc75f0f0>,14,13,[3 6],15,42,55,27,26
1,<environment.Job instance at 0x7ff7cc75fb40>,25,14,[7 2],26,48,62,22,48
1,<environment.Job instance at 0x7ff7cc75ff00>,27,16,[5 4],28,62,78,34,59
1,<environment.Job instance at 0x7ff7cc753140>,29,18,[5 1],30,72,90,42,72
1,<environment.Job instance at 0x7ff7cc7531e0>,30,16,[1 7],31,78,94,47,74
1,<environment.Job instance at 0x7ff7cc753460>,34,3,[8 2],35,90,93,55,77
1,<environment.Job instance at 0x7ff7cc7535a0>,36,15,[5 6],37,94,109,57,80
1,<environment.Job instance at 0x7ff7cc75fdc0>,28,17,[6 5],29,109,126,80,97
1,<environment.Job instance at 0x7ff7cc75f190>,18,16,[10  3],19,126,142,107,113
1,<environment.Job instance at 0x7ff7cc753aa0>,44,14,[ 3 10],45,142,156,97,127
1,<environment.Job instance at 0x7ff7cc779cd0>,8,14,[ 1 10],9,156,170,147,155
1,<environment.Job instance at 0x7ff7cc74f910>,60,13,[10  1],61,170,183,109,155
1,<environment.Job instance at 0x7ff7cc74fa00>,65,15,[1 5],66,183,198,117,169
1,<environment.Job instance at 0x7ff7ccb12910>,1,1,[ 3 10],2,2,3,0,2
1,<environment.Job instance at 0x7ff81062c820>,4,2,[1 9],5,5,7,0,5
1,<environment.Job instance at 0x7ff81062c730>,10,2,[3 5],11,16,18,5,16
1,<environment.Job instance at 0x7ff7ccc7c640>,12,2,[1 9],13,18,20,5,16
1,<environment.Job instance at 0x7ff7ccc7c230>,14,3,[8 5],15,20,23,5,16
1,<environment.Job instance at 0x7ff7ccc7c730>,15,2,[9 5],16,23,25,7,16
1,<environment.Job instance at 0x7ff81062c460>,5,14,[5 4],6,25,39,19,17
1,<environment.Job instance at 0x7ff7ccc7c370>,13,1,[3 7],14,39,40,25,18
1,<environment.Job instance at 0x7ff81062c3c0>,8,3,[9 5],9,40,43,31,24
1,<environment.Job instance at 0x7ff8106a61e0>,21,2,[ 2 10],22,43,45,21,27
1,<environment.Job instance at 0x7ff7cccfc050>,20,2,[7 5],21,45,47,24,27
1,<environment.Job instance at 0x7ff7ccbfab90>,23,1,[9 4],24,47,48,23,27
1,<environment.Job instance at 0x7ff810b72b90>,19,15,[6 4],20,48,63,28,35
1,<environment.Job instance at 0x7ff7cc7d0d20>,26,17,[1 6],27,47,64,20,35
1,<environment.Job instance at 0x7ff8103276e0>,30,2,[1 5],31,64,66,33,47
1,<environment.Job instance at 0x7ff8106b2b90>,17,18,[6 1],18,63,81,45,52
1,<environment.Job instance at 0x7ff810ddb870>,28,13,[4 8],29,66,79,37,57
1,<environment.Job instance at 0x7ff7ccc430a0>,36,16,[4 8],37,79,95,42,67
1,<environment.Job instance at 0x7ff8110eccd0>,38,15,[1 6],39,95,110,56,81
1,<environment.Job instance at 0x7ff7cc7fe640>,42,2,[3 5],43,110,112,67,84
1,<environment.Job instance at 0x7ff7ccc776e0>,44,17,[1 6],45,112,129,67,100
1,<environment.Job instance at 0x7ff810417370>,46,17,[4 6],47,129,146,82,117
1,<environment.Job instance at 0x7ff7cc994a00>,49,3,[2 7],50,146,149,96,120
1,<environment.Job instance at 0x7ff8106595a0>,52,17,[ 1 10],53,149,166,96,138
1,<environment.Job instance at 0x7ff810659be0>,54,13,[1 9],55,166,179,111,150
1,<environment.Job instance at 0x7ff810659910>,57,3,[7 5],58,179,182,121,156
1,<environment.Job instance at 0x7ff7cc9940a0>,48,18,[10  1],49,182,200,133,171
1,<environment.Job instance at 0x7ff8105e06e0>,1,3,[6 5],2,3,6,1,3
1,<environment.Job instance at 0x7ff7cce09f50>,3,3,[4 7],4,6,9,2,4
1,<environment.Job instance at 0x7ff810a55690>,5,3,[8 5],6,9,12,3,7
1,<environment.Job instance at 0x7ff7cce09e10>,4,13,[10  1],5,12,25,7,8
1,<environment.Job instance at 0x7ff7cc9da0f0>,6,15,[4 6],7,25,40,18,11
1,<environment.Job instance at 0x7ff7ccc373c0>,12,15,[6 2],13,25,40,12,13
1,<environment.Job instance at 0x7ff7ccadd820>,15,16,[3 5],16,40,56,24,29
1,<environment.Job instance at 0x7ff810848780>,11,18,[7 1],12,40,58,28,29
1,<environment.Job instance at 0x7ff810530b90>,23,3,[8 2],24,58,61,34,32
1,<environment.Job instance at 0x7ff8105305a0>,22,17,[1 5],23,56,73,33,44
1,<environment.Job instance at 0x7ff810530e10>,25,3,[9 4],26,61,64,35,44
1,<environment.Job instance at 0x7ff810ea7410>,20,14,[8 2],21,64,78,43,52
1,<environment.Job instance at 0x7ff810530960>,29,13,[4 7],30,78,91,48,63
1,<environment.Job instance at 0x7ff8105a6f50>,32,14,[5 2],33,78,92,45,63
1,<environment.Job instance at 0x7ff8105a68c0>,34,1,[ 2 10],35,92,93,57,69
1,<environment.Job instance at 0x7ff8105a6870>,38,1,[5 3],39,91,92,52,81
1,<environment.Job instance at 0x7ff810fcbf00>,39,3,[ 4 10],40,93,96,53,81
1,<environment.Job instance at 0x7ff8105a6f00>,40,13,[5 8],41,96,109,55,84
1,<environment.Job instance at 0x7ff7cce48550>,42,2,[5 4],43,109,111,66,86
1,<environment.Job instance at 0x7ff810e3a140>,45,14,[7 5],46,111,125,65,96
1,<environment.Job instance at 0x7ff810e3a640>,49,1,[9 3],50,125,126,75,109
1,<environment.Job instance at 0x7ff810e3a500>,47,16,[8 4],48,126,142,78,113
1,<environment.Job instance at 0x7ff810d260f0>,51,3,[1 5],52,113,116,61,113
1,<environment.Job instance at 0x7ff810d262d0>,53,12,[8 2],54,142,154,88,125
1,<environment.Job instance at 0x7ff811171640>,54,1,[10  4],55,154,155,99,126
1,<environment.Job instance at 0x7ff811171b40>,55,2,[8 4],56,155,157,99,128
1,<environment.Job instance at 0x7ff7cce48fa0>,43,15,[ 3 10],44,157,172,113,148
1,<environment.Job instance at 0x7ff8102f15f0>,62,1,[1 5],63,148,149,85,148
1,<environment.Job instance at 0x7ff8107d5690>,63,12,[6 5],64,172,184,108,155
1,<environment.Job instance at 0x7ff8107d5550>,64,2,[3 6],65,184,186,119,157
1,<environment.Job instance at 0x7ff8107d50f0>,66,1,[7 4],67,184,185,117,164
1,<environment.Job instance at 0x7ff8107d5280>,67,16,[8 4],68,186,202,118,173
1,<environment.Job instance at 0x7ff7ccbfc550>,69,2,[2 6],70,186,188,116,173
1,<environment.Job instance at 0x7ff810f37cd0>,1,3,[2 9],2,3,6,1,3
1,<environment.Job instance at 0x7ff8105460f0>,2,18,[2 5],3,7,25,4,7
1,<environment.Job instance at 0x7ff810bbe550>,7,15,[6 2],8,10,25,2,10
1,<environment.Job instance at 0x7ff810bbe6e0>,11,12,[2 8],12,25,37,13,13
1,<environment.Job instance at 0x7ff810bbec30>,14,18,[9 3],15,37,55,22,26
1,<environment.Job instance at 0x7ff810bbef00>,17,3,[8 3],18,55,58,37,30
1,<environment.Job instance at 0x7ff810bbef50>,19,14,[4 7],20,58,72,38,43
1,<environment.Job instance at 0x7ff810546500>,4,15,[10  1],5,72,87,67,60
1,<environment.Job instance at 0x7ff810546c30>,0,15,[2 8],1,87,102,86,74
1,<environment.Job instance at 0x7ff810bd4b40>,31,13,[1 7],32,102,115,70,86
1,<environment.Job instance at 0x7ff810bd4be0>,32,2,[5 3],33,102,104,69,86
1,<environment.Job instance at 0x7ff810bd4e10>,37,19,[ 2 10],38,115,134,77,106
1,<environment.Job instance at 0x7ff810bd49b0>,40,1,[2 9],41,134,135,93,108
1,<environment.Job instance at 0x7ff810be0280>,42,14,[5 5],43,135,149,92,122
1,<environment.Job instance at 0x7ff810be0410>,46,14,[9 3],47,149,163,102,134
1,<environment.Job instance at 0x7ff810be0910>,51,12,[4 6],52,163,175,111,148
1,<environment.Job instance at 0x7ff810be0a50>,54,2,[8 4],55,175,177,120,151
1,<environment.Job instance at 0x7ff810be0c30>,57,15,[8 5],58,177,192,119,164
1,<environment.Job instance at 0x7ff810fcb870>,0,2,[9 2],1,1,3,0,1
1,<environment.Job instance at 0x7ff810fcb410>,3,3,[5 2],4,4,7,0,4
1,<environment.Job instance at 0x7ff810fcb370>,5,1,[8 4],6,7,8,1,7
1,<environment.Job instance at 0x7ff810fcbe10>,6,12,[1 9],7,8,20,1,8
1,<environment.Job instance at 0x7ff810fcb910>,4,12,[ 1 10],5,20,32,15,8
1,<environment.Job instance at 0x7ff81074d780>,9,16,[8 4],10,32,48,22,19
1,<environment.Job instance at 0x7ff8176fd5f0>,15,15,[ 3 10],16,48,63,32,34
1,<environment.Job instance at 0x7ff81074d910>,16,12,[1 5],17,34,46,17,34
1,<environment.Job instance at 0x7ff7ccbb9a00>,24,3,[5 3],25,63,66,38,38
1,<environment.Job instance at 0x7ff7ccbb98c0>,23,12,[8 2],24,66,78,42,49
1,<environment.Job instance at 0x7ff7ccbb90f0>,27,13,[9 2],28,78,91,50,64
1,<environment.Job instance at 0x7ff7ccbb97d0>,32,12,[9 4],33,91,103,58,74
1,<environment.Job instance at 0x7ff7ccbb9b40>,33,14,[5 9],34,103,117,69,88
1,<environment.Job instance at 0x7ff810868c30>,39,2,[1 6],40,99,101,59,99
1,<environment.Job instance at 0x7ff810868c80>,40,15,[4 9],41,117,132,76,105
1,<environment.Job instance at 0x7ff8108682d0>,42,2,[4 8],43,132,134,89,109
1,<environment.Job instance at 0x7ff8108680f0>,46,12,[9 2],47,134,146,87,117
1,<environment.Job instance at 0x7ff810868960>,47,18,[3 7],48,146,164,98,135
1,<environment.Job instance at 0x7ff7cc75a550>,51,17,[7 1],52,146,163,94,135
1,<environment.Job instance at 0x7ff7cc75aaa0>,54,18,[ 2 10],55,164,182,109,153
1,<environment.Job instance at 0x7ff817aae5f0>,57,2,[ 3 10],58,182,184,124,157
1,<environment.Job instance at 0x7ff810e39b90>,60,2,[4 7],61,184,186,123,169
1,<environment.Job instance at 0x7ff8105a2230>,62,15,[1 9],63,186,201,123,172
1,<environment.Job instance at 0x7ff810bd6d20>,0,3,[3 7],1,2,5,1,2
1,<environment.Job instance at 0x7ff811228af0>,3,2,[2 8],4,5,7,1,4
1,<environment.Job instance at 0x7ff8112287d0>,4,3,[5 3],5,7,10,2,5
1,<environment.Job instance at 0x7ff810ab85f0>,9,2,[9 5],10,27,29,17,27
1,<environment.Job instance at 0x7ff810ab87d0>,19,1,[ 4 10],20,29,30,9,27
1,<environment.Job instance at 0x7ff8108ba780>,21,16,[10  1],22,34,50,12,34
1,<environment.Job instance at 0x7ff8108ba8c0>,23,17,[8 3],24,50,67,26,38
1,<environment.Job instance at 0x7ff8108ba870>,26,2,[3 7],27,67,69,40,53
1,<environment.Job instance at 0x7ff8102bc9b0>,27,15,[5 5],28,69,84,41,55
1,<environment.Job instance at 0x7ff8110d6b40>,34,1,[4 6],35,84,85,49,57
1,<environment.Job instance at 0x7ff8110d69b0>,35,2,[4 5],36,69,71,33,57
1,<environment.Job instance at 0x7ff8110d6e60>,36,15,[ 1 10],37,85,100,48,71
1,<environment.Job instance at 0x7ff8110d6f00>,38,1,[4 5],39,72,73,33,72
1,<environment.Job instance at 0x7ff811228370>,8,12,[ 4 10],9,100,112,91,83
1,<environment.Job instance at 0x7ff810658050>,49,15,[4 9],50,112,127,62,98
1,<environment.Job instance at 0x7ff810658c80>,53,2,[7 1],54,127,129,73,104
1,<environment.Job instance at 0x7ff8106585a0>,54,2,[4 5],55,129,131,74,104
1,<environment.Job instance at 0x7ff8103b7eb0>,56,3,[4 7],57,131,134,74,113
1,<environment.Job instance at 0x7ff8103b7dc0>,57,17,[5 6],58,134,151,76,123
1,<environment.Job instance at 0x7ff8103b7870>,59,14,[ 2 10],60,151,165,91,136
1,<environment.Job instance at 0x7ff8104f1730>,64,12,[2 9],65,165,177,100,150
1,<environment.Job instance at 0x7ff8104f10f0>,67,3,[1 5],68,177,180,109,156
1,<environment.Job instance at 0x7ff8104f1f50>,69,12,[7 4],70,177,189,107,160
1,<environment.Job instance at 0x7ff8104f1960>,72,14,[5 3],73,189,203,116,176
1,<environment.Job instance at 0x7ff8104f1230>,70,18,[5 6],71,189,207,118,178
1,<environment.Job instance at 0x7ff8104f15f0>,3,13,[7 2],4,4,17,0,4
1,<environment.Job instance at 0x7ff810b7aaa0>,4,3,[9 3],5,17,20,12,5
1,<environment.Job instance at 0x7ff8104d9fa0>,8,2,[10  3],9,20,22,11,10
1,<environment.Job instance at 0x7ff810d3ee60>,12,2,[1 7],13,31,33,18,31
1,<environment.Job instance at 0x7ff8104bd730>,13,13,[1 7],14,33,46,19,31
1,<environment.Job instance at 0x7ff8104bd140>,15,2,[8 4],16,46,48,30,32
1,<environment.Job instance at 0x7ff8104bdaf0>,20,1,[3 6],21,48,49,27,37
1,<environment.Job instance at 0x7ff8104da4b0>,22,16,[5 5],23,49,65,26,42
1,<environment.Job instance at 0x7ff810d3edc0>,10,18,[5 5],11,49,67,38,43
1,<environment.Job instance at 0x7ff810f51500>,23,13,[2 7],24,67,80,43,51
1,<environment.Job instance at 0x7ff810f47f50>,28,13,[5 5],29,80,93,51,65
1,<environment.Job instance at 0x7ff810463d20>,33,2,[ 4 10],34,93,95,59,82
1,<environment.Job instance at 0x7ff8104bd6e0>,14,18,[1 9],15,95,113,80,84
1,<environment.Job instance at 0x7ff810f4b640>,38,16,[6 1],39,95,111,56,87
1,<environment.Job instance at 0x7ff8104dac30>,25,17,[10  2],26,113,130,87,101
1,<environment.Job instance at 0x7ff8105cd460>,44,17,[4 8],45,130,147,85,118
1,<environment.Job instance at 0x7ff8102e6370>,47,14,[9 1],48,147,161,99,132
1,<environment.Job instance at 0x7ff810f4f370>,26,17,[4 9],27,161,178,134,155
1,<environment.Job instance at 0x7ff8102e6c80>,52,12,[7 2],53,178,190,125,166
1,<environment.Job instance at 0x7ff8102e61e0>,53,3,[ 3 10],54,190,193,136,167
1,<environment.Job instance at 0x7ff810bf4550>,56,3,[5 6],57,193,196,136,169
1,<environment.Job instance at 0x7ff817649780>,2,12,[7 5],3,4,16,1,4
1,<environment.Job instance at 0x7ff810cf46e0>,5,3,[2 5],6,6,9,0,6
1,<environment.Job instance at 0x7ff7ccc4dd70>,4,1,[5 7],5,16,17,11,6
1,<environment.Job instance at 0x7ff810cf4d20>,0,13,[2 8],1,17,30,16,13
1,<environment.Job instance at 0x7ff8111ec320>,22,1,[ 3 10],23,80,81,57,80
1,<environment.Job instance at 0x7ff7ccac4a00>,23,13,[6 4],24,81,94,57,80
1,<environment.Job instance at 0x7ff7ccac45f0>,26,2,[7 5],27,94,96,67,80
1,<environment.Job instance at 0x7ff7ccac40f0>,19,18,[1 5],20,81,99,61,80
1,<environment.Job instance at 0x7ff7ccac4500>,21,14,[10  4],22,99,113,77,84
1,<environment.Job instance at 0x7ff7cc60fa50>,32,2,[10  2],33,113,115,80,105
1,<environment.Job instance at 0x7ff7cc60fd70>,33,1,[3 5],34,115,116,81,105
1,<environment.Job instance at 0x7ff811045460>,34,3,[10  1],35,116,119,81,105
1,<environment.Job instance at 0x7ff810ccbc80>,35,1,[10  4],36,119,120,83,105
1,<environment.Job instance at 0x7ff810ccb3c0>,36,1,[1 6],37,120,121,83,106
1,<environment.Job instance at 0x7ff7ccc4d7d0>,6,17,[10  5],7,121,138,114,112
1,<environment.Job instance at 0x7ff810bf4550>,3,17,[10  5],4,138,155,134,131
1,<environment.Job instance at 0x7ff7cccfafa0>,43,18,[2 9],44,155,173,111,144
1,<environment.Job instance at 0x7ff8102b6910>,48,3,[6 2],49,173,176,124,156
1,<environment.Job instance at 0x7ff8102b61e0>,49,17,[7 1],50,156,173,106,156
1,<environment.Job instance at 0x7ff8102b6640>,50,13,[1 5],51,173,186,122,157
1,<environment.Job instance at 0x7ff8103ae550>,5,2,[8 5],6,6,8,0,6
1,<environment.Job instance at 0x7ff8103ae5a0>,6,1,[5 3],7,8,9,1,7
1,<environment.Job instance at 0x7ff8103ae500>,8,1,[ 2 10],9,9,10,0,9
1,<environment.Job instance at 0x7ff7cc5a0140>,11,3,[7 1],12,12,15,0,12
1,<environment.Job instance at 0x7ff7cc5a04b0>,12,17,[8 1],13,15,32,2,13
1,<environment.Job instance at 0x7ff7cc5a0e10>,13,3,[5 5],14,32,35,18,14
1,<environment.Job instance at 0x7ff7cc5a0c80>,9,18,[1 9],10,14,32,4,14
1,<environment.Job instance at 0x7ff7cc5a0af0>,16,15,[5 5],17,32,47,15,23
1,<environment.Job instance at 0x7ff7cc5a0500>,18,16,[7 3],19,47,63,28,34
1,<environment.Job instance at 0x7ff7cc597230>,26,3,[3 8],27,63,66,36,38
1,<environment.Job instance at 0x7ff7cc597b90>,27,3,[3 5],28,38,41,10,38
1,<environment.Job instance at 0x7ff7cc597cd0>,29,3,[3 5],30,54,57,24,54
1,<environment.Job instance at 0x7ff7cc5a0640>,21,17,[4 6],22,66,83,44,59
1,<environment.Job instance at 0x7ff7cc597190>,35,18,[4 6],36,83,101,47,72
1,<environment.Job instance at 0x7ff7cc628a00>,40,3,[2 6],41,101,104,60,76
1,<environment.Job instance at 0x7ff7cc628c30>,43,17,[6 4],44,86,103,42,86
1,<environment.Job instance at 0x7ff7cc6280a0>,45,12,[9 4],46,104,116,58,88
1,<environment.Job instance at 0x7ff7cc628b40>,51,13,[ 5 10],52,116,129,64,101
1,<environment.Job instance at 0x7ff7cc6280f0>,47,17,[4 8],48,129,146,81,118
1,<environment.Job instance at 0x7ff8109d7320>,56,3,[4 7],57,146,149,89,121
1,<environment.Job instance at 0x7ff7cc628cd0>,55,18,[7 3],56,149,167,93,138
1,<environment.Job instance at 0x7ff8109d7640>,59,18,[3 7],60,149,167,89,139
1,<environment.Job instance at 0x7ff8103ae0f0>,0,13,[9 4],1,167,180,166,155
1,<environment.Job instance at 0x7ff8109b47d0>,68,18,[5 8],69,180,198,111,171
1,<environment.Job instance at 0x7ff8109b4c80>,3,2,[5 8],4,6,8,2,6
1,<environment.Job instance at 0x7ff8103840a0>,7,1,[9 1],8,8,9,0,8
1,<environment.Job instance at 0x7ff810384fa0>,8,12,[5 3],9,9,21,0,9
1,<environment.Job instance at 0x7ff810384960>,9,13,[6 2],10,21,34,11,10
1,<environment.Job instance at 0x7ff810384af0>,10,3,[8 1],11,34,37,23,11
1,<environment.Job instance at 0x7ff810382960>,11,2,[1 6],12,12,14,0,12
1,<environment.Job instance at 0x7ff810384780>,13,16,[1 8],14,21,37,7,17
1,<environment.Job instance at 0x7ff810382500>,19,2,[5 8],20,37,39,17,20
1,<environment.Job instance at 0x7ff810392280>,21,1,[2 5],22,39,40,17,25
1,<environment.Job instance at 0x7ff810392140>,22,2,[3 7],23,40,42,17,25
1,<environment.Job instance at 0x7ff8107ef1e0>,23,1,[6 3],24,39,40,15,25
1,<environment.Job instance at 0x7ff81038c050>,24,13,[5 6],25,42,55,17,28
1,<environment.Job instance at 0x7ff81038cfa0>,26,2,[6 3],27,40,42,13,38
1,<environment.Job instance at 0x7ff81038c460>,27,12,[5 6],28,55,67,27,38
1,<environment.Job instance at 0x7ff810372a00>,29,1,[8 4],30,67,68,37,47
1,<environment.Job instance at 0x7ff810ef66e0>,30,14,[1 8],31,68,82,37,54
1,<environment.Job instance at 0x7ff810ef6d70>,31,14,[9 1],32,68,82,36,55
1,<environment.Job instance at 0x7ff810ef6a00>,33,15,[4 9],34,82,97,48,69
1,<environment.Job instance at 0x7ff810808320>,39,2,[5 9],40,97,99,57,72
1,<environment.Job instance at 0x7ff8108088c0>,40,2,[5 1],41,82,84,41,72
1,<environment.Job instance at 0x7ff810f94a50>,41,1,[10  5],42,99,100,57,72
1,<environment.Job instance at 0x7ff81082aa50>,43,12,[10  3],44,100,112,56,83
1,<environment.Job instance at 0x7ff7ccdba370>,47,1,[5 4],48,112,113,64,85
1,<environment.Job instance at 0x7ff7cc74d410>,48,13,[4 6],49,112,125,63,96
1,<environment.Job instance at 0x7ff7cc74d050>,49,3,[7 3],50,125,128,75,99
1,<environment.Job instance at 0x7ff7ccd89e10>,50,2,[5 2],51,113,115,62,99
1,<environment.Job instance at 0x7ff7ccd89460>,53,14,[8 5],54,128,142,74,113
1,<environment.Job instance at 0x7ff7ccd891e0>,56,3,[ 2 10],57,142,145,85,117
1,<environment.Job instance at 0x7ff7ccd890f0>,57,16,[3 5],58,145,161,87,132
1,<environment.Job instance at 0x7ff7ccd89960>,58,1,[2 6],59,161,162,102,133
1,<environment.Job instance at 0x7ff810384f00>,6,14,[ 4 10],7,162,176,155,147
1,<environment.Job instance at 0x7ff7ccd89320>,59,18,[5 6],60,176,194,116,165
1,<environment.Job instance at 0x7ff81053a0a0>,64,1,[3 5],65,194,195,129,171
1,<environment.Job instance at 0x7ff8108b0190>,4,2,[9 4],5,5,7,0,5
1,<environment.Job instance at 0x7ff810fdfc30>,10,2,[2 5],11,21,23,10,21
1,<environment.Job instance at 0x7ff8108b0cd0>,7,14,[5 1],8,26,40,18,26
1,<environment.Job instance at 0x7ff81051dd70>,11,16,[1 8],12,26,42,14,26
1,<environment.Job instance at 0x7ff7cccae280>,14,3,[5 3],15,42,45,27,26
1,<environment.Job instance at 0x7ff7cce027d0>,15,1,[5 5],16,42,43,26,26
1,<environment.Job instance at 0x7ff810552460>,16,13,[ 1 10],17,45,58,28,32
1,<environment.Job instance at 0x7ff810fdf820>,12,16,[ 5 10],13,58,74,45,45
1,<environment.Job instance at 0x7ff810d171e0>,20,14,[10  2],21,74,88,53,65
1,<environment.Job instance at 0x7ff810941be0>,29,17,[8 4],30,88,105,58,78
1,<environment.Job instance at 0x7ff810941190>,30,15,[4 8],31,105,120,74,93
1,<environment.Job instance at 0x7ff810941eb0>,35,13,[5 1],36,105,118,69,94
1,<environment.Job instance at 0x7ff81092c910>,41,15,[5 5],42,120,135,78,110
1,<environment.Job instance at 0x7ff81092c4b0>,42,16,[3 5],43,120,136,77,110
1,<environment.Job instance at 0x7ff81092c870>,43,18,[8 4],44,136,154,92,128
1,<environment.Job instance at 0x7ff81092c320>,46,14,[6 5],47,154,168,107,141
1,<environment.Job instance at 0x7ff8104e7d70>,49,12,[3 5],50,154,166,104,149
1,<environment.Job instance at 0x7ff8104e7f50>,50,15,[2 7],51,168,183,117,154
1,<environment.Job instance at 0x7ff810c15af0>,54,13,[5 6],55,183,196,128,168
1,<environment.Job instance at 0x7ff81105a460>,2,1,[5 6],3,3,4,0,3
1,<environment.Job instance at 0x7ff810b7bfa0>,3,15,[6 1],4,4,19,0,4
1,<environment.Job instance at 0x7ff7cc7dce10>,5,14,[4 7],6,6,20,0,6
1,<environment.Job instance at 0x7ff81105a960>,1,18,[4 9],2,20,38,18,9
1,<environment.Job instance at 0x7ff81105aaa0>,0,15,[7 3],1,38,53,37,24
1,<environment.Job instance at 0x7ff7cc7dcaa0>,14,17,[5 4],15,53,70,38,41
1,<environment.Job instance at 0x7ff7cc7dcd70>,18,3,[8 5],19,70,73,51,44
1,<environment.Job instance at 0x7ff7cc5b7370>,21,3,[6 5],22,73,76,51,47
1,<environment.Job instance at 0x7ff7cc5b7fa0>,24,3,[9 5],25,76,79,51,61
1,<environment.Job instance at 0x7ff7cc5b7190>,25,16,[7 2],26,79,95,53,66
1,<environment.Job instance at 0x7ff7cc5b7500>,28,14,[ 5 10],29,95,109,66,81
1,<environment.Job instance at 0x7ff7cc5b7e10>,32,3,[5 7],33,110,113,77,110
1,<environment.Job instance at 0x7ff7cc5b7aa0>,33,15,[5 5],34,113,128,79,113
1,<environment.Job instance at 0x7ff7cc5b7be0>,34,13,[ 2 10],35,128,141,93,117
1,<environment.Job instance at 0x7ff8103b0af0>,37,18,[9 5],38,141,159,103,132
1,<environment.Job instance at 0x7ff8110259b0>,1,15,[9 1],2,4,19,2,4
1,<environment.Job instance at 0x7ff8103b6c30>,7,2,[10  4],8,19,21,11,8
1,<environment.Job instance at 0x7ff8103b61e0>,9,17,[1 9],10,21,38,11,10
1,<environment.Job instance at 0x7ff7cc759690>,13,12,[5 7],14,38,50,24,21
1,<environment.Job instance at 0x7ff7cc9e0be0>,17,15,[6 4],18,50,65,32,36
1,<environment.Job instance at 0x7ff8109b09b0>,19,13,[3 9],20,65,78,45,49
1,<environment.Job instance at 0x7ff8109693c0>,22,16,[6 1],23,67,83,44,67
1,<environment.Job instance at 0x7ff7cc7f8870>,8,15,[2 9],9,78,93,69,68
1,<environment.Job instance at 0x7ff7cca3a6e0>,26,12,[10  3],27,93,105,66,77
1,<environment.Job instance at 0x7ff7cca3ac80>,29,18,[4 9],30,105,123,75,94
1,<environment.Job instance at 0x7ff7cc43f550>,37,15,[5 2],38,123,138,85,109
1,<environment.Job instance at 0x7ff7cc43f460>,38,15,[3 7],39,123,138,84,116
1,<environment.Job instance at 0x7ff81058b320>,40,15,[5 4],41,138,153,97,124
1,<environment.Job instance at 0x7ff81058b500>,42,18,[4 6],43,138,156,95,136
1,<environment.Job instance at 0x7f100b14c0a0>,2,12,[5 4],3,3,15,0,3
1,<environment.Job instance at 0x7f1003d3c230>,5,13,[5 9],6,15,28,9,6
1,<environment.Job instance at 0x7f1003d3c5a0>,7,14,[5 1],8,8,22,0,8
1,<environment.Job instance at 0x7f1003d3c730>,8,17,[ 2 10],9,28,45,19,16
1,<environment.Job instance at 0x7f1003d3c1e0>,10,1,[7 3],11,45,46,34,23
1,<environment.Job instance at 0x7f1003d3c8c0>,11,2,[3 9],12,46,48,34,23
1,<environment.Job instance at 0x7f1003d3c5f0>,12,3,[6 3],13,48,51,35,23
1,<environment.Job instance at 0x7f1003d3ca00>,14,12,[3 7],15,48,60,33,35
1,<environment.Job instance at 0x7f1003d3ca50>,16,12,[1 8],17,60,72,43,43
1,<environment.Job instance at 0x7f1003d3c550>,9,17,[ 4 10],10,72,89,62,61
1,<environment.Job instance at 0x7f1003d3ce60>,24,3,[5 9],25,89,92,64,66
1,<environment.Job instance at 0x7f1003d3e1e0>,25,3,[1 6],26,92,95,66,66
1,<environment.Job instance at 0x7f1003d3e3c0>,28,2,[5 9],29,95,97,66,68
1,<environment.Job instance at 0x7f1003d3e500>,30,1,[5 5],31,97,98,66,69
1,<environment.Job instance at 0x7f1003d3e640>,32,17,[9 3],33,98,115,65,87
1,<environment.Job instance at 0x7f1003d3eaa0>,37,14,[5 5],38,115,129,77,103
1,<environment.Job instance at 0x7f1003d3ea00>,38,12,[3 6],39,129,141,90,113
1,<environment.Job instance at 0x7f1003d3eeb0>,41,14,[6 1],42,129,143,87,123
1,<environment.Job instance at 0x7f1003d3edc0>,42,14,[8 4],43,143,157,100,130
1,<environment.Job instance at 0x7f100b14c0f0>,0,18,[ 2 10],1,157,175,156,147
1,<environment.Job instance at 0x7f1003d42320>,45,16,[6 2],46,175,191,129,163
1,<environment.Job instance at 0x7f1003d425f0>,48,13,[6 1],49,191,204,142,175
1,<environment.Job instance at 0x7f1003d42640>,51,2,[4 9],52,191,193,139,175
1,<environment.Job instance at 0x7f1003d453c0>,1,3,[8 2],2,4,7,2,4
1,<environment.Job instance at 0x7f0fc013a7d0>,7,3,[4 9],8,9,12,1,9
1,<environment.Job instance at 0x7f0fc013af50>,9,1,[10  3],10,12,13,2,10
1,<environment.Job instance at 0x7f0fc013ae10>,10,2,[3 8],11,13,15,2,11
1,<environment.Job instance at 0x7f0fc013a870>,8,2,[ 3 10],9,15,17,6,12
1,<environment.Job instance at 0x7f0fc013a230>,12,14,[9 2],13,17,31,4,13
1,<environment.Job instance at 0x7f1003d5a6e0>,3,3,[5 4],4,31,34,27,16
1,<environment.Job instance at 0x7f0fc013ab90>,14,17,[10  2],15,34,51,19,24
1,<environment.Job instance at 0x7f0fc012f960>,16,13,[5 1],17,51,64,34,37
1,<environment.Job instance at 0x7f0fc012f730>,20,17,[2 9],21,51,68,30,41
1,<environment.Job instance at 0x7f0fc0138af0>,23,12,[5 1],24,64,76,40,47
1,<environment.Job instance at 0x7f0fc0138640>,24,13,[5 9],25,68,81,43,54
1,<environment.Job instance at 0x7f0fc0138190>,26,16,[7 2],27,81,97,54,68
1,<environment.Job instance at 0x7f0fc0149fa0>,30,2,[4 5],31,97,99,66,70
1,<environment.Job instance at 0x7f0fc022a230>,35,17,[3 5],36,96,113,60,96
1,<environment.Job instance at 0x7f0fc01a6960>,25,17,[8 1],26,113,130,87,102
1,<environment.Job instance at 0x7f0fc026bcd0>,40,15,[7 4],41,130,145,89,119
1,<environment.Job instance at 0x7f0fc03f1460>,41,13,[3 6],42,130,143,88,120
1,<environment.Job instance at 0x7f0fc036fe10>,43,12,[3 8],44,145,157,101,128
1,<environment.Job instance at 0x7f0fc0225be0>,45,12,[2 6],46,157,169,111,141
1,<environment.Job instance at 0x7f0fc0225410>,49,16,[9 4],50,169,185,119,157
1,<environment.Job instance at 0x7f0fc0267910>,53,18,[1 6],54,170,188,116,170
1,<environment.Job instance at 0x7f0fc02670f0>,54,15,[9 5],55,188,203,133,178
1,<environment.Job instance at 0x7f0fbfffd690>,2,2,[6 4],3,3,5,0,3
1,<environment.Job instance at 0x7f0fc0219dc0>,5,18,[ 3 10],6,10,28,4,10
1,<environment.Job instance at 0x7f10064de8c0>,10,12,[1 5],11,28,40,17,11
1,<environment.Job instance at 0x7f0fbfffdf00>,13,18,[8 1],14,28,46,14,22
1,<environment.Job instance at 0x7f0fbff97a50>,12,17,[9 1],13,46,63,33,35
1,<environment.Job instance at 0x7f0fc0064370>,21,3,[3 7],22,63,66,41,47
1,<environment.Job instance at 0x7f1004254b40>,25,12,[4 7],26,66,78,40,53
1,<environment.Job instance at 0x7f0fc0064fa0>,26,13,[8 3],27,78,91,51,62
1,<environment.Job instance at 0x7f100b2b30f0>,28,14,[2 7],29,78,92,49,68
1,<environment.Job instance at 0x7f1003f25a00>,27,13,[4 6],28,92,105,64,80
1,<environment.Job instance at 0x7f1003ec7640>,33,16,[3 5],34,105,121,71,92
1,<environment.Job instance at 0x7f0fc0002870>,38,13,[8 2],39,121,134,82,105
1,<environment.Job instance at 0x7f0fbfffd370>,7,13,[4 9],8,134,147,126,118
1,<environment.Job instance at 0x7f100b2c0050>,46,13,[8 4],47,147,160,100,131
1,<environment.Job instance at 0x7f100b2c5410>,50,17,[9 4],51,160,177,109,155
1,<environment.Job instance at 0x7f0fc0003f50>,54,2,[5 3],55,177,179,122,156
1,<environment.Job instance at 0x7f1003b3ffa0>,55,15,[5 7],56,177,192,121,163
1,<environment.Job instance at 0x7f100b2c0f50>,45,16,[10  5],46,192,208,146,182
1,<environment.Job instance at 0x7f100418c910>,8,16,[9 2],9,14,30,5,14
1,<environment.Job instance at 0x7f100409b960>,10,12,[7 2],11,30,42,19,14
1,<environment.Job instance at 0x7f100409b280>,12,3,[1 9],13,42,45,29,16
1,<environment.Job instance at 0x7f100409b8c0>,13,2,[6 5],14,45,47,31,18
1,<environment.Job instance at 0x7f100409b690>,11,13,[1 9],12,47,60,35,31
1,<environment.Job instance at 0x7f100409b6e0>,19,3,[4 9],20,60,63,40,38
1,<environment.Job instance at 0x7f100409b9b0>,20,13,[10  4],21,63,76,42,47
1,<environment.Job instance at 0x7f0fc06162d0>,22,17,[2 5],23,76,93,53,64
1,<environment.Job instance at 0x7f0fc06168c0>,29,14,[4 9],30,93,107,63,79
1,<environment.Job instance at 0x7f0fc0616500>,31,3,[5 9],32,107,110,75,81
1,<environment.Job instance at 0x7f100418ce60>,6,17,[ 1 10],7,110,127,103,99
1,<environment.Job instance at 0x7f1003eac0f0>,38,17,[2 6],39,127,144,88,115
1,<environment.Job instance at 0x7f1003eac1e0>,42,15,[10  1],43,144,159,101,139
1,<environment.Job instance at 0x7f1003eac6e0>,43,17,[5 3],44,159,176,115,147
1,<environment.Job instance at 0x7f1003eac870>,47,14,[2 5],48,159,173,111,157
1,<environment.Job instance at 0x7f1003eac5a0>,48,16,[6 5],49,176,192,127,164
1,<environment.Job instance at 0x7f1003eac5f0>,53,14,[4 8],54,192,206,138,177
1,<environment.Job instance at 0x7f10040af1e0>,0,2,[5 1],1,1,3,0,1
1,<environment.Job instance at 0x7f10040af820>,3,13,[7 4],4,6,19,2,6
1,<environment.Job instance at 0x7f10040af140>,4,3,[7 4],5,19,22,14,8
1,<environment.Job instance at 0x7f1006477780>,1,12,[5 5],2,22,34,20,11
1,<environment.Job instance at 0x7f100417d2d0>,12,3,[4 8],13,34,37,21,14
1,<environment.Job instance at 0x7f100417dcd0>,13,13,[5 5],14,37,50,23,21
1,<environment.Job instance at 0x7f100417d820>,15,14,[4 6],16,50,64,34,35
1,<environment.Job instance at 0x7f0fc0434dc0>,9,16,[7 2],10,64,80,54,51
1,<environment.Job instance at 0x7f100417a4b0>,30,13,[5 3],31,80,93,49,68
1,<environment.Job instance at 0x7f10067ff0a0>,31,17,[2 7],32,72,89,40,72
1,<environment.Job instance at 0x7f10067ff690>,32,17,[6 4],33,93,110,60,81
1,<environment.Job instance at 0x7f1004179be0>,36,3,[5 4],37,89,92,52,82
1,<environment.Job instance at 0x7f0fc0345460>,38,12,[ 4 10],39,110,122,71,94
1,<environment.Job instance at 0x7f100417d1e0>,10,16,[ 3 10],11,122,138,111,109
1,<environment.Job instance at 0x7f0fc0355280>,43,18,[5 5],44,138,156,94,127
1,<environment.Job instance at 0x7f0fc03555f0>,46,13,[3 9],47,156,169,109,140
1,<environment.Job instance at 0x7f1003bdcf00>,52,13,[9 4],53,169,182,116,153
1,<environment.Job instance at 0x7f100683d730>,54,16,[2 7],55,182,198,127,170
1,<environment.Job instance at 0x7f1003bd1320>,58,16,[8 3],59,182,198,123,173
1,<environment.Job instance at 0x7f1003bbcf00>,63,1,[10  1],64,198,199,134,188
1,<environment.Job instance at 0x7f1003b48410>,64,17,[9 2],65,199,216,134,188
1,<environment.Job instance at 0x7f0fc0345140>,2,2,[5 7],3,4,6,1,4
1,<environment.Job instance at 0x7f1003aadb90>,4,15,[4 8],5,10,25,5,10
1,<environment.Job instance at 0x7f1003aad910>,12,3,[1 8],13,25,28,12,13
1,<environment.Job instance at 0x7f0fc0278d70>,14,3,[1 5],15,28,31,13,15
1,<environment.Job instance at 0x7f0fc02783c0>,13,12,[3 8],14,31,43,17,15
1,<environment.Job instance at 0x7f0fc02780a0>,16,3,[7 4],17,28,31,11,23
1,<environment.Job instance at 0x7f0fc0278410>,18,2,[7 4],19,43,45,24,23
1,<environment.Job instance at 0x7f0fc02781e0>,20,2,[10  5],21,45,47,24,24
1,<environment.Job instance at 0x7f0fc0278370>,21,3,[9 1],22,25,28,3,25
1,<environment.Job instance at 0x7f0fc0278c80>,22,13,[9 1],23,47,60,24,34
1,<environment.Job instance at 0x7f0fc0278dc0>,24,13,[4 8],25,60,73,35,44
1,<environment.Job instance at 0x7f1003b48b40>,1,18,[3 8],2,73,91,71,62
1,<environment.Job instance at 0x7f10069c5140>,32,13,[2 9],33,91,104,58,75
1,<environment.Job instance at 0x7f1003aadaa0>,9,17,[ 1 10],10,104,121,94,93
1,<environment.Job instance at 0x7f1003f89d20>,42,1,[2 5],43,121,122,78,94
1,<environment.Job instance at 0x7f1003f898c0>,45,3,[5 6],46,122,125,76,109
1,<environment.Job instance at 0x7f1003f89050>,47,15,[5 8],48,125,140,77,111
1,<environment.Job instance at 0x7f1003f89370>,50,1,[ 2 10],51,140,141,89,126
1,<environment.Job instance at 0x7f1003f89a50>,51,2,[1 5],52,141,143,89,126
1,<environment.Job instance at 0x7f1003f89410>,52,1,[9 5],53,141,142,88,126
1,<environment.Job instance at 0x7f1003f89f00>,53,14,[ 5 10],54,143,157,89,128
1,<environment.Job instance at 0x7f1003f89d70>,58,15,[5 8],59,157,172,98,145
1,<environment.Job instance at 0x7f0fc031a140>,60,13,[5 6],61,172,185,111,156
1,<environment.Job instance at 0x7f0fc031af50>,64,13,[ 5 10],65,185,198,120,170
1,<environment.Job instance at 0x7f0fc031a780>,68,18,[5 5],69,198,216,129,187
1,<environment.Job instance at 0x7f1003fe1f50>,4,2,[6 1],5,5,7,0,5
1,<environment.Job instance at 0x7f1003fe1550>,5,17,[5 3],6,8,25,2,8
1,<environment.Job instance at 0x7f1003fe1e60>,9,2,[9 3],10,25,27,15,18
1,<environment.Job instance at 0x7f10067e7190>,6,12,[2 7],7,27,39,20,18
1,<environment.Job instance at 0x7f10040433c0>,11,1,[5 4],12,20,21,8,20
1,<environment.Job instance at 0x7f10040430f0>,13,18,[4 6],14,39,57,25,32
1,<environment.Job instance at 0x7f100679ca00>,17,12,[1 6],18,57,69,39,43
1,<environment.Job instance at 0x7f1003ff8d70>,18,3,[10  2],19,69,72,50,43
1,<environment.Job instance at 0x7f10040b9910>,20,2,[4 6],21,72,74,51,45
1,<environment.Job instance at 0x7f1004043f00>,10,13,[4 6],11,74,87,63,61
1,<environment.Job instance at 0x7f1003e4f4b0>,25,2,[3 9],26,87,89,61,73
1,<environment.Job instance at 0x7f10068d6c30>,27,1,[8 1],28,89,90,61,73
1,<environment.Job instance at 0x7f0fc05fd960>,28,3,[9 5],29,90,93,61,73
1,<environment.Job instance at 0x7f0fc06133c0>,31,2,[3 9],32,93,95,61,73
1,<environment.Job instance at 0x7f1003e4fe60>,23,14,[ 2 10],24,95,109,71,80
1,<environment.Job instance at 0x7f0fc0613410>,33,16,[3 8],34,109,125,75,96
1,<environment.Job instance at 0x7f100679cb90>,19,17,[5 7],20,125,142,105,113
1,<environment.Job instance at 0x7f0fc033a7d0>,41,12,[4 7],42,142,154,100,126
1,<environment.Job instance at 0x7f0fc033aa50>,45,14,[4 8],46,154,168,108,140
1,<environment.Job instance at 0x7f0fc031af00>,1,15,[8 4],2,168,183,166,154
1,<environment.Job instance at 0x7f0fc03900a0>,52,1,[1 8],53,183,184,130,164
1,<environment.Job instance at 0x7f1006310730>,54,2,[3 6],55,184,186,129,183
1,<environment.Job instance at 0x7f1006310b90>,55,3,[2 8],56,186,189,130,183
1,<environment.Job instance at 0x7f10065247d0>,57,1,[5 3],58,184,185,126,183
1,<environment.Job instance at 0x7f0fc03908c0>,50,12,[4 8],51,189,201,138,183
1,<environment.Job instance at 0x7f1006524a00>,59,3,[10  1],60,201,204,141,184
1,<environment.Job instance at 0x7f0fc04003c0>,61,2,[1 9],62,204,206,142,185
1,<environment.Job instance at 0x7f0fc0400910>,62,3,[10  4],63,206,209,143,185
1,<environment.Job instance at 0x7f0fc0400910>,3,3,[2 7],4,4,7,0,4
1,<environment.Job instance at 0x7f0fbff25dc0>,4,1,[4 6],5,7,8,2,5
1,<environment.Job instance at 0x7f0fbff25e60>,5,3,[10  5],6,8,11,2,6
1,<environment.Job instance at 0x7f0fc0400aa0>,2,15,[5 1],3,11,26,8,9
1,<environment.Job instance at 0x7f0fbff29280>,9,3,[6 2],10,26,29,16,12
1,<environment.Job instance at 0x7f1006759c30>,1,16,[4 6],2,14,30,12,14
1,<environment.Job instance at 0x7f0fbff29320>,12,14,[3 7],13,30,44,17,19
1,<environment.Job instance at 0x7f1003f77af0>,8,16,[ 5 10],9,44,60,35,31
1,<environment.Job instance at 0x7f0fbff296e0>,24,13,[5 8],25,60,73,35,46
1,<environment.Job instance at 0x7f0fbff15230>,28,16,[9 1],29,73,89,44,61
1,<environment.Job instance at 0x7f0fbff29cd0>,19,18,[10  2],20,89,107,69,79
1,<environment.Job instance at 0x7f0fbff15b40>,5,18,[4 6],6,7,25,1,7
1,<environment.Job instance at 0x7f0fc0531f50>,3,12,[3 9],4,25,37,21,9
1,<environment.Job instance at 0x7f0fc05310a0>,11,12,[8 1],12,37,49,25,20
1,<environment.Job instance at 0x7f0fc06d5cd0>,15,3,[9 1],16,49,52,33,28
1,<environment.Job instance at 0x7f100418c870>,12,13,[5 3],13,52,65,39,36
1,<environment.Job instance at 0x7f0fc019de60>,18,12,[5 4],19,52,64,33,37
1,<environment.Job instance at 0x7f0fc0321e60>,22,1,[1 8],23,45,46,22,45
1,<environment.Job instance at 0x7f100b2b5190>,20,13,[8 3],21,65,78,44,49
1,<environment.Job instance at 0x7f0fc0425550>,26,13,[ 2 10],27,78,91,51,63
1,<environment.Job instance at 0x7f0fc03413c0>,29,3,[7 3],30,91,94,61,73
1,<environment.Job instance at 0x7f0fc0425b90>,31,12,[5 3],32,94,106,62,77
1,<environment.Job instance at 0x7f0fbffe00a0>,33,2,[6 2],34,106,108,72,79
1,<environment.Job instance at 0x7f0fc04707d0>,37,3,[2 7],38,92,95,54,92
1,<environment.Job instance at 0x7f1004154690>,40,18,[3 5],41,95,113,54,93
1,<environment.Job instance at 0x7f0fc0233640>,41,15,[3 7],42,113,128,71,99
1,<environment.Job instance at 0x7f10068ce3c0>,43,14,[6 2],44,108,122,64,99
1,<environment.Job instance at 0x7f0fbffdcb40>,49,2,[4 8],50,128,130,78,104
1,<environment.Job instance at 0x7f0fbffdceb0>,52,18,[4 8],53,130,148,77,119
1,<environment.Job instance at 0x7f0fbffdc7d0>,53,15,[ 2 10],54,148,163,94,134
1,<environment.Job instance at 0x7f0fc00e9550>,63,3,[6 1],64,144,147,80,144
1,<environment.Job instance at 0x7f0fc00e9370>,65,3,[8 1],66,163,166,97,144
1,<environment.Job instance at 0x7f0fc00e9230>,67,2,[5 8],68,166,168,98,144
1,<environment.Job instance at 0x7f0fc00e9910>,68,3,[6 2],69,168,171,99,144
1,<environment.Job instance at 0x7f0fc00e9690>,69,2,[10  1],70,171,173,101,144
1,<environment.Job instance at 0x7f0fc00e9f50>,70,12,[2 5],71,173,185,102,156
1,<environment.Job instance at 0x7f0fc00e9460>,71,17,[7 4],72,173,190,101,161
1,<environment.Job instance at 0x7f1003bacdc0>,73,14,[ 5 10],74,190,204,116,176
1,<environment.Job instance at 0x7f100b16fb40>,2,14,[6 2],3,3,17,0,3
1,<environment.Job instance at 0x7f10067d4be0>,4,2,[1 5],5,5,7,0,5
1,<environment.Job instance at 0x7f10067d4eb0>,8,12,[6 3],9,17,29,8,9
1,<environment.Job instance at 0x7f10067db050>,9,3,[7 4],10,29,32,19,10
1,<environment.Job instance at 0x7f0fc06a1910>,12,3,[10  3],13,32,35,19,14
1,<environment.Job instance at 0x7f1006708dc0>,18,2,[7 1],19,35,37,16,23
1,<environment.Job instance at 0x7f10067081e0>,20,14,[6 1],21,37,51,16,25
1,<environment.Job instance at 0x7f10069fcb90>,22,3,[8 4],23,51,54,28,40
1,<environment.Job instance at 0x7f1003ad6be0>,16,14,[10  3],17,54,68,37,40
1,<environment.Job instance at 0x7f1003fb87d0>,28,12,[ 1 10],29,68,80,39,54
1,<environment.Job instance at 0x7f1006a65960>,34,2,[6 5],35,80,82,45,59
1,<environment.Job instance at 0x7f1003b2a1e0>,26,17,[8 4],27,82,99,55,71
1,<environment.Job instance at 0x7f1003c76b40>,38,18,[1 5],39,80,98,41,77
1,<environment.Job instance at 0x7f1003c76e60>,39,2,[1 6],40,98,100,58,77
1,<environment.Job instance at 0x7f1003c76c80>,40,16,[ 2 10],41,100,116,59,87
1,<environment.Job instance at 0x7f1003c76c30>,42,15,[5 5],43,116,131,73,102
1,<environment.Job instance at 0x7f1003c7b410>,43,15,[1 5],44,116,131,72,102
1,<environment.Job instance at 0x7f1003c7b7d0>,49,15,[4 6],50,131,146,81,118
1,<environment.Job instance at 0x7f1003ad6aa0>,13,16,[9 5],14,146,162,132,133
1,<environment.Job instance at 0x7f1006852230>,58,2,[3 8],59,162,164,103,140
1,<environment.Job instance at 0x7f0fc04d0280>,59,15,[9 1],60,164,179,104,150
1,<environment.Job instance at 0x7f0fc04d01e0>,61,15,[10  4],62,179,194,117,169
1,<environment.Job instance at 0x7f10067db190>,7,18,[ 1 10],8,194,212,186,185
1,<environment.Job instance at 0x7f0fc00d5780>,2,14,[10  5],3,6,20,3,6
1,<environment.Job instance at 0x7f1006466280>,9,12,[10  1],10,20,32,10,14
1,<environment.Job instance at 0x7f1006466460>,10,15,[8 5],11,32,47,21,18
1,<environment.Job instance at 0x7f10064663c0>,11,3,[9 2],12,47,50,35,21
1,<environment.Job instance at 0x7f10064667d0>,15,3,[6 3],16,50,53,34,26
1,<environment.Job instance at 0x7f10064668c0>,16,2,[6 5],17,53,55,36,26
1,<environment.Job instance at 0x7f10064669b0>,19,1,[1 5],20,36,37,16,36
1,<environment.Job instance at 0x7f1006466500>,20,1,[10  3],21,55,56,34,36
1,<environment.Job instance at 0x7f1006466cd0>,21,17,[7 1],22,56,73,34,44
1,<environment.Job instance at 0x7f1006466dc0>,23,2,[2 7],24,51,53,27,51
1,<environment.Job instance at 0x7f1006466fa0>,25,3,[3 6],26,56,59,30,52
1,<environment.Job instance at 0x7f10064665a0>,13,15,[5 3],14,73,88,59,59
1,<environment.Job instance at 0x7f0fbff9d500>,27,18,[5 3],28,73,91,45,63
1,<environment.Job instance at 0x7f0fbff9d5f0>,30,12,[2 6],31,88,100,57,72
1,<environment.Job instance at 0x7f0fbff9d780>,31,3,[5 2],32,91,94,59,72
1,<environment.Job instance at 0x7f0fbff9d960>,34,13,[8 1],35,94,107,59,85
1,<environment.Job instance at 0x7f0fbff9dc80>,36,16,[2 7],37,100,116,63,88
1,<environment.Job instance at 0x7f0fbff9dcd0>,39,17,[3 5],40,116,133,76,104
1,<environment.Job instance at 0x7f0fbff9de10>,41,14,[7 5],42,116,130,74,104
1,<environment.Job instance at 0x7f0fbff912d0>,46,17,[5 1],47,130,147,83,118
1,<environment.Job instance at 0x7f0fbff9dd70>,40,17,[5 8],41,133,150,92,123
1,<environment.Job instance at 0x7f0fbff914b0>,49,16,[5 5],50,150,166,100,138
1,<environment.Job instance at 0x7f0fbff91dc0>,58,18,[6 5],59,166,184,107,155
1,<environment.Job instance at 0x7f0fbffa7370>,65,16,[10  1],66,184,200,118,171
1,<environment.Job instance at 0x7f0fbffa7410>,68,14,[5 5],69,200,214,131,185
1,<environment.Job instance at 0x7f0fbfecb7d0>,3,2,[8 4],4,7,9,3,7
1,<environment.Job instance at 0x7f0fbfecbd20>,1,18,[5 6],2,9,27,7,8
1,<environment.Job instance at 0x7f100b044730>,9,14,[2 7],10,27,41,17,12
1,<environment.Job instance at 0x7f1006331b90>,16,14,[7 3],17,27,41,10,26
1,<environment.Job instance at 0x7f10040e0dc0>,20,3,[8 1],21,41,44,20,26
1,<environment.Job instance at 0x7f10040e0d20>,21,14,[1 8],22,41,55,19,26
1,<environment.Job instance at 0x7f100b044460>,12,16,[3 7],13,55,71,42,44
1,<environment.Job instance at 0x7f0fc04cc820>,27,2,[ 1 10],28,71,73,43,47
1,<environment.Job instance at 0x7f10040e0f00>,22,16,[6 4],23,73,89,50,61
1,<environment.Job instance at 0x7f0fc0618550>,33,14,[7 2],34,89,103,55,74
1,<environment.Job instance at 0x7f0fc0618d70>,32,17,[1 7],33,89,106,56,78
1,<environment.Job instance at 0x7f0fc0618910>,39,12,[4 6],40,106,118,66,89
1,<environment.Job instance at 0x7f0fc0618e10>,40,17,[5 2],41,103,120,62,91
1,<environment.Job instance at 0x7f0fc0618230>,44,3,[6 4],45,120,123,75,102
1,<environment.Job instance at 0x7f10040d7780>,45,18,[4 5],46,118,136,72,108
1,<environment.Job instance at 0x7f10040d7a00>,46,12,[2 8],47,136,148,89,119
1,<environment.Job instance at 0x7f10040d7190>,48,12,[1 5],49,123,135,74,120
1,<environment.Job instance at 0x7f1006a6dfa0>,50,15,[6 1],51,135,150,84,121
1,<environment.Job instance at 0x7f1006a6de60>,55,14,[4 9],56,148,162,92,134
1,<environment.Job instance at 0x7f0fc0618460>,37,15,[ 3 10],38,162,177,124,158
1,<environment.Job instance at 0x7f0fc02a4fa0>,66,2,[9 2],67,177,179,110,158
1,<environment.Job instance at 0x7f1003fcde60>,70,3,[3 7],71,179,182,108,158
1,<environment.Job instance at 0x7f1003fcdb40>,71,2,[4 5],72,182,184,110,158
1,<environment.Job instance at 0x7f1003d42230>,78,12,[ 4 10],79,184,196,105,171
1,<environment.Job instance at 0x7f1003fcdc80>,72,16,[9 2],73,196,212,123,185
1,<environment.Job instance at 0x7f1003d42690>,88,16,[1 7],89,196,212,107,189
1,<environment.Job instance at 0x7f1003d42b90>,89,1,[ 4 10],90,212,213,122,189
1,<environment.Job instance at 0x7f1004062c80>,2,3,[1 9],3,3,6,0,3
1,<environment.Job instance at 0x7f1003d422d0>,6,3,[6 5],7,7,10,0,7
1,<environment.Job instance at 0x7f1004062e60>,7,3,[1 9],8,10,13,2,8
1,<environment.Job instance at 0x7f10040624b0>,9,2,[5 3],10,13,15,3,10
1,<environment.Job instance at 0x7f0fc05fb3c0>,10,1,[3 7],11,13,14,2,12
1,<environment.Job instance at 0x7f0fc05fbb90>,12,13,[5 8],13,15,28,2,13
1,<environment.Job instance at 0x7f0fc01f0cd0>,13,2,[2 7],14,28,30,14,14
1,<environment.Job instance at 0x7f0fc01f0370>,14,18,[7 1],15,28,46,13,18
1,<environment.Job instance at 0x7f0fc01f0e10>,18,1,[2 9],19,30,31,11,19
1,<environment.Job instance at 0x7f1003ce8500>,23,3,[4 6],24,46,49,22,26
1,<environment.Job instance at 0x7f10063e4320>,25,12,[10  4],26,49,61,23,32
1,<environment.Job instance at 0x7f10063e4f00>,29,12,[3 8],30,61,73,31,46
1,<environment.Job instance at 0x7f10063e4be0>,32,3,[4 6],33,73,76,40,47
1,<environment.Job instance at 0x7f10067d9820>,35,3,[10  1],36,76,79,40,51
1,<environment.Job instance at 0x7f10067d9280>,36,1,[7 5],37,79,80,42,51
1,<environment.Job instance at 0x7f10067d98c0>,38,3,[6 4],39,73,76,34,61
1,<environment.Job instance at 0x7f10067d9c80>,41,15,[3 5],42,79,94,37,65
1,<environment.Job instance at 0x7f0fc014e640>,44,15,[10  3],45,94,109,49,80
1,<environment.Job instance at 0x7f10067d96e0>,34,18,[3 8],35,109,127,74,99
1,<environment.Job instance at 0x7f0fc04ccd20>,55,3,[5 3],56,127,130,71,101
1,<environment.Job instance at 0x7f0fc04cc280>,60,14,[7 5],61,130,144,69,115
1,<environment.Job instance at 0x7f0fc0357d70>,63,13,[7 2],64,144,157,80,128
1,<environment.Job instance at 0x7f0fc03579b0>,66,3,[10  1],67,157,160,90,131
1,<environment.Job instance at 0x7f10065475a0>,70,18,[5 5],71,161,179,90,161
1,<environment.Job instance at 0x7f1006547a50>,75,2,[8 4],76,179,181,103,168
1,<environment.Job instance at 0x7f1006547820>,78,1,[5 2],79,171,172,92,171
1,<environment.Job instance at 0x7f1003d0f460>,79,17,[8 2],80,181,198,101,171
1,<environment.Job instance at 0x7f0fc0390780>,82,16,[5 5],83,198,214,115,185
1,<environment.Job instance at 0x7f0fbffc0230>,6,14,[1 8],7,55,69,48,55
1,<environment.Job instance at 0x7f1003da5aa0>,14,17,[5 2],15,55,72,40,55
1,<environment.Job instance at 0x7f1003da5eb0>,15,3,[5 9],16,72,75,56,55
1,<environment.Job instance at 0x7f1003da5e60>,17,3,[5 9],18,82,85,64,82
1,<environment.Job instance at 0x7f0fbff921e0>,4,16,[4 6],5,85,101,80,82
1,<environment.Job instance at 0x7f1003d8c370>,23,12,[2 9],24,101,113,77,84
1,<environment.Job instance at 0x7f10040b8690>,8,13,[9 1],9,113,126,104,99
1,<environment.Job instance at 0x7f1003d8c2d0>,26,15,[9 2],27,126,141,99,113
1,<environment.Job instance at 0x7f0fc05f3e10>,34,2,[9 1],35,141,143,106,114
1,<environment.Job instance at 0x7f1003ac4af0>,40,13,[7 2],41,143,156,102,127
1,<environment.Job instance at 0x7f0fc0004af0>,43,2,[7 1],44,156,158,112,129
1,<environment.Job instance at 0x7f0fc0004050>,44,3,[2 5],45,143,146,98,129
1,<environment.Job instance at 0x7f100637b730>,50,13,[2 8],51,146,159,95,131
1,<environment.Job instance at 0x7f1003d73780>,29,16,[ 1 10],30,159,175,129,147
1,<environment.Job instance at 0x7f1006330190>,60,14,[5 1],61,175,189,114,160
1,<environment.Job instance at 0x7f100b2c5870>,0,3,[2 8],1,4,7,3,4
1,<environment.Job instance at 0x7f100b2c0a00>,4,17,[1 5],5,17,34,12,17
1,<environment.Job instance at 0x7f1003c76cd0>,13,14,[2 7],14,34,48,20,19
1,<environment.Job instance at 0x7f1003dbd0a0>,3,16,[5 2],4,21,37,17,21
1,<environment.Job instance at 0x7f0fc05261e0>,17,2,[10  1],18,48,50,30,22
1,<environment.Job instance at 0x7f1003c76460>,10,12,[4 6],11,50,62,39,33
1,<environment.Job instance at 0x7f0fc0176e10>,25,14,[3 5],26,62,76,36,47
1,<environment.Job instance at 0x7f100b2ba910>,23,17,[2 5],24,62,79,38,54
1,<environment.Job instance at 0x7f0fc0229eb0>,28,2,[5 8],29,79,81,50,54
1,<environment.Job instance at 0x7f0fc053d1e0>,29,14,[3 9],30,81,95,51,66
1,<environment.Job instance at 0x7f1003cfe370>,32,16,[5 8],33,95,111,62,89
1,<environment.Job instance at 0x7f1003f750a0>,36,17,[4 9],37,111,128,74,99
1,<environment.Job instance at 0x7f0fc0556960>,40,13,[9 4],41,128,141,87,112
1,<environment.Job instance at 0x7f0fc0556550>,44,15,[ 5 10],45,141,156,96,130
1,<environment.Job instance at 0x7f0fc0556f50>,49,18,[1 9],50,156,174,106,145
1,<environment.Job instance at 0x7f0fc0556e60>,51,3,[7 1],52,156,159,104,146
1,<environment.Job instance at 0x7f0fc0556140>,52,17,[8 1],53,159,176,106,149
1,<environment.Job instance at 0x7f0fc03ee460>,56,15,[5 5],57,176,191,119,162
1,<environment.Job instance at 0x7f1003b845f0>,58,16,[7 3],59,191,207,132,178
1,<environment.Job instance at 0x7f1003be4910>,5,18,[8 1],6,6,24,0,6
1,<environment.Job instance at 0x7f0fbfd4dbe0>,6,2,[2 7],7,7,9,0,7
1,<environment.Job instance at 0x7f0fbfd4dc80>,9,12,[9 3],10,24,36,14,11
1,<environment.Job instance at 0x7f0fbfd4d280>,17,15,[7 3],18,53,68,35,53
1,<environment.Job instance at 0x7f0fbfd4de60>,19,14,[9 3],20,68,82,48,54
1,<environment.Job instance at 0x7f0fbfd4deb0>,22,2,[7 2],23,82,84,59,58
1,<environment.Job instance at 0x7f0fbfd4d5f0>,21,16,[7 3],22,84,100,62,71
1,<environment.Job instance at 0x7f0fbfe3d5a0>,26,3,[2 6],27,82,85,55,74
1,<environment.Job instance at 0x7f0fbfd4dd20>,7,17,[2 9],8,100,117,92,88
1,<environment.Job instance at 0x7f0fbfe3d730>,34,17,[7 5],35,117,134,82,106
1,<environment.Job instance at 0x7f0fbfe3d6e0>,35,13,[7 1],36,134,147,98,118
1,<environment.Job instance at 0x7f0fbfe3d640>,39,13,[6 2],40,147,160,107,131
1,<environment.Job instance at 0x7f0fbfe3d2d0>,43,16,[1 8],44,136,152,92,136
1,<environment.Job instance at 0x7f0fbfe3d280>,44,15,[9 3],45,160,175,115,147
1,<environment.Job instance at 0x7f0fbfe3d230>,36,14,[ 4 10],37,175,189,138,161
1,<environment.Job instance at 0x7f0fbfd4d5a0>,23,17,[9 1],24,189,206,165,177
1,<environment.Job instance at 0x7f1003c2fa00>,3,12,[3 7],4,5,17,1,5
1,<environment.Job instance at 0x7f0fbfe30780>,4,3,[1 6],5,17,20,12,6
1,<environment.Job instance at 0x7f0fc0640230>,5,3,[2 8],6,20,23,14,8
1,<environment.Job instance at 0x7f0fc0640fa0>,7,17,[2 8],8,23,40,15,13
1,<environment.Job instance at 0x7f1003c2feb0>,2,3,[ 4 10],3,40,43,37,15
1,<environment.Job instance at 0x7f0fc062adc0>,15,2,[ 3 10],16,43,45,27,16
1,<environment.Job instance at 0x7f0fc062ad20>,16,15,[7 1],17,25,40,8,25
1,<environment.Job instance at 0x7f0fc062a370>,17,13,[ 5 10],18,45,58,27,29
1,<environment.Job instance at 0x7f0fc06255a0>,24,2,[9 4],25,58,60,33,37
1,<environment.Job instance at 0x7f0fc063c1e0>,25,2,[2 8],26,60,62,34,38
1,<environment.Job instance at 0x7f0fc063c5f0>,27,14,[5 1],28,60,74,32,53
1,<environment.Job instance at 0x7f1006477640>,30,2,[2 5],31,70,72,39,70
1,<environment.Job instance at 0x7f0fc060d870>,11,16,[10  2],12,74,90,62,70
1,<environment.Job instance at 0x7f10064681e0>,32,16,[ 5 10],33,90,106,57,80
1,<environment.Job instance at 0x7f100645a550>,37,18,[7 4],38,106,124,68,97
1,<environment.Job instance at 0x7f100644d280>,4,16,[10  5],5,8,24,3,8
1,<environment.Job instance at 0x7f1006440fa0>,5,12,[6 1],6,24,36,18,11
1,<environment.Job instance at 0x7f1003d27dc0>,7,12,[5 4],8,36,48,28,21
1,<environment.Job instance at 0x7f0fc01c9e60>,15,14,[4 7],16,48,62,32,33
1,<environment.Job instance at 0x7f10062cab90>,13,15,[6 1],14,48,63,34,35
1,<environment.Job instance at 0x7f0fc0335320>,21,14,[4 7],22,62,76,40,48
1,<environment.Job instance at 0x7f0fc01c9eb0>,11,18,[4 9],12,76,94,64,65
1,<environment.Job instance at 0x7f1003f98eb0>,25,3,[6 3],26,68,71,42,68
1,<environment.Job instance at 0x7f0fc0387320>,26,18,[6 5],27,94,112,67,83
1,<environment.Job instance at 0x7f1003f340a0>,28,3,[8 5],29,112,115,83,86
1,<environment.Job instance at 0x7f0fc02ccbe0>,31,3,[6 5],32,115,118,83,96
1,<environment.Job instance at 0x7f1003d27730>,6,16,[ 2 10],7,118,134,111,107
1,<environment.Job instance at 0x7f1004033690>,37,12,[4 6],38,134,146,96,117
1,<environment.Job instance at 0x7f1004033d70>,42,3,[5 7],43,146,149,103,133
1,<environment.Job instance at 0x7f1004033f50>,43,15,[5 5],44,149,164,105,135
1,<environment.Job instance at 0x7f1006629550>,45,2,[8 3],46,164,166,118,142
1,<environment.Job instance at 0x7f1006629c30>,46,18,[5 5],47,166,184,119,155
1,<environment.Job instance at 0x7f10066290f0>,3,15,[3 5],4,4,19,0,4
1,<environment.Job instance at 0x7f1003aab460>,4,3,[5 5],5,6,9,1,6
1,<environment.Job instance at 0x7f1003aaba00>,5,18,[3 5],6,9,27,3,7
1,<environment.Job instance at 0x7f1003aab320>,7,2,[10  4],8,27,29,19,9
1,<environment.Job instance at 0x7f1003aab4b0>,12,16,[4 9],13,29,45,16,18
1,<environment.Job instance at 0x7f1003aabc30>,14,3,[2 6],15,45,48,30,21
1,<environment.Job instance at 0x7f1003cc9be0>,17,15,[6 4],18,45,60,27,33
1,<environment.Job instance at 0x7f1003cc9910>,19,13,[3 9],20,60,73,40,47
1,<environment.Job instance at 0x7f1003cc9370>,20,14,[6 2],21,73,87,52,58
1,<environment.Job instance at 0x7f1003cc9320>,24,18,[1 6],25,73,91,48,65
1,<environment.Job instance at 0x7f1003cc9690>,26,12,[10  3],27,91,103,64,74
1,<environment.Job instance at 0x7f1003aabfa0>,9,17,[1 9],10,103,120,93,92
1,<environment.Job instance at 0x7f0fbfe640f0>,34,15,[8 1],35,103,118,68,100
1,<environment.Job instance at 0x7f0fbfe64870>,37,15,[5 2],38,120,135,82,106
1,<environment.Job instance at 0x7f0fbfe64a00>,38,15,[3 7],39,120,135,81,106
1,<environment.Job instance at 0x7f0fbfe64b90>,40,15,[5 4],41,135,150,94,122
1,<environment.Job instance at 0x7f0fbfe64550>,41,15,[ 4 10],42,150,165,108,137
1,<environment.Job instance at 0x7f1004254640>,0,2,[3 5],1,1,3,0,1
1,<environment.Job instance at 0x7f0fbfd805f0>,11,3,[7 2],12,26,29,14,26
1,<environment.Job instance at 0x7f0fc04d2230>,7,18,[8 5],8,29,47,21,28
1,<environment.Job instance at 0x7f1003d93a50>,16,16,[5 3],17,52,68,35,52
1,<environment.Job instance at 0x7f1003d93820>,17,2,[10  1],18,68,70,50,52
1,<environment.Job instance at 0x7f0fc0686320>,19,1,[6 1],20,70,71,50,52
1,<environment.Job instance at 0x7f0fc006ec30>,5,14,[9 5],6,71,85,65,56
1,<environment.Job instance at 0x7f0fc0686870>,22,2,[1 9],23,85,87,62,71
1,<environment.Job instance at 0x7f0fc0686be0>,23,14,[5 6],24,87,101,63,72
1,<environment.Job instance at 0x7f1003fd6aa0>,27,1,[5 5],28,101,102,73,74
1,<environment.Job instance at 0x7f1003ccacd0>,29,3,[6 1],30,102,105,72,76
1,<environment.Job instance at 0x7f1003ccaa00>,32,15,[1 6],33,102,117,69,92
1,<environment.Job instance at 0x7f1003ccad20>,34,17,[1 7],35,117,134,82,106
1,<environment.Job instance at 0x7f1006688c30>,36,13,[5 8],37,134,147,97,118
1,<environment.Job instance at 0x7f0fc0284dc0>,38,13,[9 1],39,118,131,79,118
1,<environment.Job instance at 0x7f10040f8870>,42,2,[5 5],43,147,149,104,124
1,<environment.Job instance at 0x7f1003ff4500>,43,14,[9 1],44,149,163,105,134
1,<environment.Job instance at 0x7f1003ff40a0>,47,12,[7 4],48,163,175,115,147
