iteration,job object,job ID,job Length,job ressource requirement,job enter time,job start time,job finish time,job waiting time,current time
1,<environment.Job instance at 0x1490e7656820>,7,1,[2 6],8,9,10,1,9
1,<environment.Job instance at 0x1490e7656320>,6,18,[8 1],7,9,27,2,9
1,<environment.Job instance at 0x1490e76569b0>,8,13,[6 1],9,27,40,18,11
1,<environment.Job instance at 0x1490e7656410>,10,13,[2 8],12,14,27,2,14
1,<environment.Job instance at 0x1490e77fb0f0>,11,3,[1 8],13,27,30,14,14
1,<environment.Job instance at 0x1490e7656550>,5,3,[9 2],6,40,43,34,14
1,<environment.Job instance at 0x1490e69208c0>,4,17,[6 1],8,11,28,3,11
1,<environment.Job instance at 0x1490e68800f0>,6,3,[6 2],11,28,31,17,11
1,<environment.Job instance at 0x1490e76fe0a0>,2,1,[ 1 10],5,31,32,26,12
1,<environment.Job instance at 0x1490e69277d0>,3,1,[2 7],5,9,10,4,9
1,<environment.Job instance at 0x1490e6920c30>,1,12,[ 1 10],2,17,29,15,17
1,<environment.Job instance at 0x1490e55af6e0>,6,16,[10  2],9,29,45,20,26
1,<environment.Job instance at 0x1490e474c2d0>,2,1,[8 1],6,7,8,1,7
1,<environment.Job instance at 0x1490e435f7d0>,1,2,[ 1 10],5,8,10,3,8
1,<environment.Job instance at 0x1490e474cc80>,3,3,[1 5],7,10,13,3,9
1,<environment.Job instance at 0x1490e4428b40>,8,3,[1 8],13,14,17,1,14
1,<environment.Job instance at 0x1490e44dd6e0>,0,2,[2 8],1,1,3,0,1
1,<environment.Job instance at 0x1490e44dd8c0>,2,1,[2 9],5,5,6,0,5
1,<environment.Job instance at 0x1490e44dd280>,5,2,[8 2],9,9,11,0,9
1,<environment.Job instance at 0x1490e33fd910>,3,1,[6 2],4,5,6,1,5
1,<environment.Job instance at 0x1490ed0162d0>,4,2,[7 2],5,8,10,3,8
1,<environment.Job instance at 0x1490e3623140>,11,3,[1 8],13,14,17,1,14
1,<environment.Job instance at 0x1490e3623cd0>,9,2,[6 1],11,14,16,3,14
1,<environment.Job instance at 0x1490e33fd4b0>,8,13,[6 1],9,16,29,7,14
1,<environment.Job instance at 0x1490e2077b90>,4,17,[6 1],8,8,25,0,8
1,<environment.Job instance at 0x1490e20774b0>,8,3,[6 1],14,25,28,11,18
1,<environment.Job instance at 0x1490e20773c0>,6,3,[6 2],11,37,40,26,37
1,<environment.Job instance at 0x1490e2077a50>,1,12,[ 1 10],2,4,16,2,4
1,<environment.Job instance at 0x1490e2077eb0>,0,2,[8 1],1,16,18,15,4
1,<environment.Job instance at 0x1490e4ef82d0>,4,2,[2 7],6,16,18,10,6
1,<environment.Job instance at 0x1490e4d09690>,5,2,[2 7],7,18,20,11,7
1,<environment.Job instance at 0x1490e4d09c80>,7,15,[2 9],10,33,48,23,33
1,<environment.Job instance at 0x1490e5a94460>,6,1,[10  1],11,11,12,0,11
1,<environment.Job instance at 0x1490e50291e0>,2,1,[8 1],6,12,13,6,11
1,<environment.Job instance at 0x1490e50299b0>,3,3,[1 5],7,12,15,5,11
1,<environment.Job instance at 0x1490e5aa6230>,7,3,[7 2],12,19,22,7,19
1,<environment.Job instance at 0x1490e5b7dfa0>,0,2,[2 8],1,3,5,2,3
1,<environment.Job instance at 0x1490e5a94f00>,4,12,[9 1],8,10,22,2,10
1,<environment.Job instance at 0x1490e523d280>,6,2,[1 7],12,12,14,0,12
1,<environment.Job instance at 0x1490e23fff00>,3,1,[6 2],4,5,6,1,5
1,<environment.Job instance at 0x1490e23ec690>,4,2,[7 2],5,8,10,3,8
1,<environment.Job instance at 0x1490e2400230>,8,13,[6 1],9,12,25,3,12
1,<environment.Job instance at 0x1490e23ecf00>,9,2,[6 1],11,25,27,14,12
1,<environment.Job instance at 0x1490e273e910>,11,3,[1 8],13,13,16,0,13
1,<environment.Job instance at 0x1490e24006e0>,12,3,[1 8],14,16,19,2,14
1,<environment.Job instance at 0x1490e36566e0>,6,3,[6 2],11,20,23,9,20
1,<environment.Job instance at 0x1490e25c2960>,5,2,[10  1],10,23,25,13,20
1,<environment.Job instance at 0x1490e25c19b0>,1,12,[ 1 10],2,2,14,0,2
1,<environment.Job instance at 0x1490e24b37d0>,0,2,[8 1],1,14,16,13,6
1,<environment.Job instance at 0x1490e873eb40>,8,3,[9 2],11,16,19,5,11
1,<environment.Job instance at 0x1490e8525230>,9,3,[2 9],12,19,22,7,12
1,<environment.Job instance at 0x1490e32a3a00>,2,2,[2 8],4,14,16,10,13
1,<environment.Job instance at 0x1490e5ea7d20>,3,3,[1 5],7,11,14,4,11
1,<environment.Job instance at 0x1490e5ea7b90>,6,1,[10  1],11,14,15,3,12
1,<environment.Job instance at 0x1490e5ea7230>,8,3,[1 8],13,16,19,3,16
1,<environment.Job instance at 0x1490e63543c0>,2,1,[2 9],5,5,6,0,5
1,<environment.Job instance at 0x1490e6563c80>,5,2,[8 2],9,9,11,0,9
1,<environment.Job instance at 0x1490e6563140>,7,3,[6 1],13,13,16,0,13
1,<environment.Job instance at 0x1490e23ebaa0>,4,2,[7 2],5,5,7,0,5
1,<environment.Job instance at 0x1490ed0169b0>,3,1,[6 2],4,7,8,3,6
1,<environment.Job instance at 0x1490e21ae870>,7,1,[2 6],8,8,9,0,8
1,<environment.Job instance at 0x1490e20ed4b0>,8,13,[6 1],9,9,22,0,9
1,<environment.Job instance at 0x1490e20ed5a0>,11,3,[1 8],13,21,24,8,21
1,<environment.Job instance at 0x1490ebc52230>,3,1,[2 5],6,9,10,3,9
1,<environment.Job instance at 0x1490ebc52550>,2,1,[ 1 10],5,13,14,8,13
1,<environment.Job instance at 0x1490ebd55f00>,4,2,[2 7],6,6,8,0,6
1,<environment.Job instance at 0x1490ebe0ce10>,1,12,[ 1 10],2,10,22,8,10
1,<environment.Job instance at 0x1490e76eea50>,7,15,[2 9],10,22,37,12,10
1,<environment.Job instance at 0x1490e381aa00>,9,3,[2 9],12,37,40,25,13
1,<environment.Job instance at 0x1490edcec550>,7,3,[7 2],12,12,15,0,12
1,<environment.Job instance at 0x1490edcec7d0>,8,3,[1 8],13,13,16,0,13
1,<environment.Job instance at 0x1490e6e52820>,6,1,[10  1],11,16,17,5,14
1,<environment.Job instance at 0x1490e3ae51e0>,1,1,[1 6],3,5,6,2,5
1,<environment.Job instance at 0x1490ecace050>,5,2,[8 2],9,9,11,0,9
1,<environment.Job instance at 0x1490ecaceb40>,7,3,[6 1],13,13,16,0,13
1,<environment.Job instance at 0x1490e3ae5730>,2,1,[2 9],5,13,14,8,13
1,<environment.Job instance at 0x1490ecace1e0>,4,12,[9 1],8,16,28,8,13
1,<environment.Job instance at 0x1490ecace370>,6,2,[1 7],12,19,21,7,19
1,<environment.Job instance at 0x1490e63f23c0>,4,2,[7 2],5,5,7,0,5
1,<environment.Job instance at 0x1490e63f2c80>,3,1,[6 2],4,7,8,3,6
1,<environment.Job instance at 0x1490e78c72d0>,7,1,[2 6],8,8,9,0,8
1,<environment.Job instance at 0x1490e5feceb0>,8,13,[6 1],9,9,22,0,9
1,<environment.Job instance at 0x1490e2ec5be0>,6,3,[6 2],11,11,14,0,11
1,<environment.Job instance at 0x1490e2e3e1e0>,8,3,[6 1],14,14,17,0,14
1,<environment.Job instance at 0x1490e2ec5fa0>,5,2,[10  1],10,18,20,8,18
1,<environment.Job instance at 0x1490e2deb410>,5,2,[2 7],7,7,9,0,7
1,<environment.Job instance at 0x1490e6589b90>,7,15,[2 9],10,24,39,14,24
1,<environment.Job instance at 0x1490e2deb460>,1,12,[ 1 10],2,124,136,122,124
1,<environment.Job instance at 0x1490e4d79140>,7,3,[7 2],12,12,15,0,12
1,<environment.Job instance at 0x1490e8919190>,2,1,[8 1],6,15,16,9,12
1,<environment.Job instance at 0x1490e6575550>,5,2,[8 2],9,9,11,0,9
1,<environment.Job instance at 0x1490ee944640>,6,2,[1 7],12,12,14,0,12
1,<environment.Job instance at 0x1490e70f4410>,7,3,[6 1],13,13,16,0,13
1,<environment.Job instance at 0x1490e45a1140>,4,12,[9 1],8,16,28,8,14
1,<environment.Job instance at 0x1490e2e2dbe0>,5,3,[9 2],6,6,9,0,6
1,<environment.Job instance at 0x1490e2e2deb0>,7,1,[2 6],8,9,10,1,8
1,<environment.Job instance at 0x1490e8b3daa0>,8,13,[6 1],9,9,22,0,9
1,<environment.Job instance at 0x1490e8b3d2d0>,11,3,[1 8],13,13,16,0,13
1,<environment.Job instance at 0x1490e2e3ecd0>,12,3,[1 8],14,16,19,2,14
1,<environment.Job instance at 0x1490e25c40a0>,0,2,[8 1],2,3,5,1,3
1,<environment.Job instance at 0x1490e24a84b0>,3,1,[2 5],6,6,7,0,6
1,<environment.Job instance at 0x1490e4e88320>,6,3,[6 2],11,11,14,0,11
1,<environment.Job instance at 0x1490e4e882d0>,8,3,[6 1],14,25,28,11,25
1,<environment.Job instance at 0x1490e47ac690>,1,12,[ 1 10],2,2,14,0,2
1,<environment.Job instance at 0x1490e54ad460>,4,2,[2 7],6,14,16,8,6
1,<environment.Job instance at 0x1490e430b3c0>,8,3,[9 2],11,16,19,5,11
1,<environment.Job instance at 0x1490e5c44af0>,9,3,[2 9],12,19,22,7,12
1,<environment.Job instance at 0x1490e60c30a0>,10,1,[2 7],13,22,23,9,13
1,<environment.Job instance at 0x1490e550eaa0>,0,3,[10  2],3,4,7,1,4
1,<environment.Job instance at 0x1490e35d4370>,3,3,[1 5],7,13,16,6,13
1,<environment.Job instance at 0x1490eb70caf0>,7,3,[6 1],13,13,16,0,13
1,<environment.Job instance at 0x1490eb96f550>,5,3,[9 2],6,6,9,0,6
1,<environment.Job instance at 0x1490eb96f5f0>,7,1,[2 6],8,9,10,1,8
1,<environment.Job instance at 0x1490eb96fd20>,8,13,[6 1],9,9,22,0,9
1,<environment.Job instance at 0x1490eb96f820>,10,13,[2 8],12,12,25,0,12
1,<environment.Job instance at 0x1490eb96fd70>,6,18,[8 1],7,22,40,15,15
1,<environment.Job instance at 0x1490e6e25190>,6,3,[6 2],11,11,14,0,11
1,<environment.Job instance at 0x1490e60991e0>,5,2,[10  1],10,25,27,15,25
1,<environment.Job instance at 0x1490e5533230>,8,3,[6 1],14,75,78,61,75
1,<environment.Job instance at 0x1490e4fa1dc0>,2,2,[2 8],4,5,7,1,5
1,<environment.Job instance at 0x1490eba0baf0>,4,2,[2 7],6,7,9,1,6
1,<environment.Job instance at 0x1490e6cb79b0>,5,2,[2 7],7,9,11,2,8
1,<environment.Job instance at 0x1490e5a17640>,7,15,[2 9],10,11,26,1,10
1,<environment.Job instance at 0x1490e44b7370>,9,3,[2 9],12,26,29,14,12
1,<environment.Job instance at 0x1490e5a17140>,6,16,[10  2],9,383,399,374,383
1,<environment.Job instance at 0x1490e8d9e9b0>,3,3,[1 5],7,8,11,1,8
1,<environment.Job instance at 0x1490ef4bef50>,7,3,[7 2],12,13,16,1,13
1,<environment.Job instance at 0x1490ef4bec80>,8,3,[1 8],13,14,17,1,14
1,<environment.Job instance at 0x1490ed7edaa0>,4,12,[9 1],8,8,20,0,8
1,<environment.Job instance at 0x1490ebbdefa0>,7,3,[6 1],13,20,23,7,13
1,<environment.Job instance at 0x1490e6b5f5f0>,3,16,[8 2],6,23,39,17,19
1,<environment.Job instance at 0x1490e57c8320>,2,1,[2 5],3,3,4,0,3
1,<environment.Job instance at 0x1490e5fa8af0>,5,3,[9 2],6,6,9,0,6
1,<environment.Job instance at 0x1490e5fa8b40>,7,1,[2 6],8,9,10,1,9
1,<environment.Job instance at 0x1490e6a52410>,9,2,[6 1],11,11,13,0,11
1,<environment.Job instance at 0x1490e4923fa0>,10,13,[2 8],12,12,25,0,12
1,<environment.Job instance at 0x1490e4923500>,11,3,[1 8],13,25,28,12,13
1,<environment.Job instance at 0x1490e49235f0>,12,3,[1 8],14,28,31,14,14
1,<environment.Job instance at 0x1490e5856c80>,6,3,[6 2],11,11,14,0,11
1,<environment.Job instance at 0x1490e5856730>,5,2,[10  1],10,25,27,15,25
1,<environment.Job instance at 0x1490e58560a0>,8,3,[6 1],14,55,58,41,55
1,<environment.Job instance at 0x1490e5856140>,5,2,[2 7],7,7,9,0,7
1,<environment.Job instance at 0x1490e84b5af0>,8,3,[9 2],11,11,14,0,11
1,<environment.Job instance at 0x1490e30c8af0>,9,3,[2 9],12,14,17,2,12
1,<environment.Job instance at 0x1490e30c8960>,10,1,[2 7],13,17,18,4,13
1,<environment.Job instance at 0x1490e30cc5f0>,1,12,[ 1 10],2,492,504,490,492
1,<environment.Job instance at 0x1490ec61d410>,6,1,[10  1],11,15,16,4,15
1,<environment.Job instance at 0x1490e2ad9500>,5,2,[8 2],9,9,11,0,9
1,<environment.Job instance at 0x1490e805aaf0>,7,3,[6 1],13,14,17,1,14
1,<environment.Job instance at 0x1490e805a500>,3,16,[8 2],6,47,63,41,47
1,<environment.Job instance at 0x1490e316d280>,2,1,[2 5],3,3,4,0,3
1,<environment.Job instance at 0x1490eb7819b0>,5,3,[9 2],6,6,9,0,6
1,<environment.Job instance at 0x1490eb82d910>,7,1,[2 6],8,9,10,1,8
1,<environment.Job instance at 0x1490eba0c1e0>,8,13,[6 1],9,9,22,0,9
1,<environment.Job instance at 0x1490eb82df50>,11,3,[1 8],13,13,16,0,13
1,<environment.Job instance at 0x1490eba0c140>,12,3,[1 8],14,16,19,2,14
1,<environment.Job instance at 0x1490ebf61f00>,4,17,[6 1],8,57,74,49,57
1,<environment.Job instance at 0x1490eb82d870>,1,12,[ 1 10],2,7,19,5,7
1,<environment.Job instance at 0x1490e1fd8460>,9,3,[2 9],12,19,22,7,12
1,<environment.Job instance at 0x1490e4a04e10>,2,1,[8 1],6,6,7,0,6
1,<environment.Job instance at 0x1490e48781e0>,2,1,[2 9],5,5,6,0,5
1,<environment.Job instance at 0x1490e4e0c730>,5,2,[8 2],9,9,11,0,9
1,<environment.Job instance at 0x1490e4878550>,4,12,[9 1],8,11,23,3,9
1,<environment.Job instance at 0x1490e4e0c780>,6,2,[1 7],12,12,14,0,12
1,<environment.Job instance at 0x1490e4e0c5f0>,7,3,[6 1],13,23,26,10,13
1,<environment.Job instance at 0x1490e36926e0>,1,3,[1 9],2,2,5,0,2
1,<environment.Job instance at 0x1490e6b37280>,5,3,[9 2],6,6,9,0,6
1,<environment.Job instance at 0x1490ed0163c0>,7,1,[2 6],8,9,10,1,8
1,<environment.Job instance at 0x1490eb8125a0>,9,2,[6 1],11,11,13,0,11
1,<environment.Job instance at 0x1490ecd7c4b0>,10,13,[2 8],12,12,25,0,12
1,<environment.Job instance at 0x1490e29deb90>,11,3,[1 8],13,25,28,12,13
1,<environment.Job instance at 0x1490e8e7a9b0>,12,3,[1 8],14,28,31,14,14
1,<environment.Job instance at 0x1490eb7054b0>,6,18,[8 1],7,77,95,70,77
1,<environment.Job instance at 0x1490e64bd2d0>,4,17,[6 1],8,105,122,97,105
1,<environment.Job instance at 0x1490eb49f5a0>,1,12,[ 1 10],2,6,18,4,6
1,<environment.Job instance at 0x1490e49f6190>,8,3,[9 2],11,18,21,7,11
1,<environment.Job instance at 0x1490ecb9feb0>,9,3,[2 9],12,21,24,9,12
1,<environment.Job instance at 0x1490ec999910>,6,16,[10  2],9,46,62,37,46
1,<environment.Job instance at 0x1490ec93f1e0>,8,3,[1 8],13,13,16,0,13
1,<environment.Job instance at 0x1490e5bd9820>,4,12,[9 1],8,8,20,0,8
1,<environment.Job instance at 0x1490ec2d6960>,5,2,[8 2],9,20,22,11,9
1,<environment.Job instance at 0x1490ec2d6230>,7,3,[6 1],13,22,25,9,13
1,<environment.Job instance at 0x1490ec2d63c0>,6,2,[1 7],12,16,18,4,16
1,<environment.Job instance at 0x1490e6b37eb0>,2,1,[2 5],3,3,4,0,3
1,<environment.Job instance at 0x1490e6b37320>,5,3,[9 2],6,6,9,0,6
1,<environment.Job instance at 0x1490e2312eb0>,7,1,[2 6],8,9,10,1,8
1,<environment.Job instance at 0x1490e1fc6370>,8,13,[6 1],9,9,22,0,9
1,<environment.Job instance at 0x1490e2312960>,9,2,[6 1],11,22,24,11,11
1,<environment.Job instance at 0x1490e1fc6960>,12,3,[1 8],14,14,17,0,14
1,<environment.Job instance at 0x1490e2312e10>,6,18,[8 1],7,38,56,31,38
1,<environment.Job instance at 0x1490e721beb0>,4,17,[6 1],8,281,298,273,281
1,<environment.Job instance at 0x1490e70d0f50>,8,3,[6 1],14,298,301,284,292
1,<environment.Job instance at 0x1490ecdce6e0>,1,12,[ 1 10],2,5,17,3,5
1,<environment.Job instance at 0x1490e4ed61e0>,8,3,[9 2],11,17,20,6,11
1,<environment.Job instance at 0x1490e620f870>,9,3,[2 9],12,20,23,8,12
1,<environment.Job instance at 0x1490e2d73cd0>,10,1,[2 7],13,23,24,10,13
1,<environment.Job instance at 0x1490e3406af0>,6,16,[10  2],9,1983,1999,1974,1983
1,<environment.Job instance at 0x1490e7990b40>,3,3,[1 5],7,10,13,3,10
1,<environment.Job instance at 0x1490ebfe5d20>,4,3,[1 6],8,13,16,5,11
1,<environment.Job instance at 0x1490ebfe5500>,7,3,[7 2],12,12,15,0,12
1,<environment.Job instance at 0x1490eaa5ceb0>,5,2,[8 2],9,9,11,0,9
1,<environment.Job instance at 0x1490eb624820>,6,2,[1 7],12,12,14,0,12
1,<environment.Job instance at 0x1490eaa5cc80>,7,3,[6 1],13,13,16,0,13
1,<environment.Job instance at 0x1490eccca780>,3,16,[8 2],6,84,100,78,84
1,<environment.Job instance at 0x1490e50665f0>,5,3,[9 2],6,6,9,0,6
1,<environment.Job instance at 0x1490ec3dbaf0>,7,1,[2 6],8,9,10,1,8
1,<environment.Job instance at 0x1490e235ed20>,8,13,[6 1],9,9,22,0,9
1,<environment.Job instance at 0x1490e3fc27d0>,11,3,[1 8],13,13,16,0,13
1,<environment.Job instance at 0x1490e5ec4a50>,12,3,[1 8],14,16,19,2,14
1,<environment.Job instance at 0x1490e8dade10>,5,2,[10  1],10,10,12,0,10
1,<environment.Job instance at 0x1490e785c4b0>,4,17,[6 1],8,68,85,60,68
1,<environment.Job instance at 0x1490e1fa0aa0>,6,16,[10  2],9,11,27,2,11
1,<environment.Job instance at 0x1490e2608aa0>,8,3,[9 2],11,27,30,16,11
1,<environment.Job instance at 0x1490e26082d0>,9,3,[2 9],12,30,33,18,17
1,<environment.Job instance at 0x1490ec0e0640>,5,2,[8 2],9,9,11,0,9
1,<environment.Job instance at 0x1490eb166730>,7,3,[6 1],13,13,16,0,13
1,<environment.Job instance at 0x1490e52e9d20>,3,16,[8 2],6,21,37,15,21
1,<environment.Job instance at 0x1490e438caf0>,7,1,[2 6],8,8,9,0,8
1,<environment.Job instance at 0x1490e57815a0>,8,13,[6 1],9,9,22,0,9
1,<environment.Job instance at 0x1490e58ca050>,10,13,[2 8],12,45,58,33,45
1,<environment.Job instance at 0x1490ea8fe190>,3,1,[2 5],6,6,7,0,6
1,<environment.Job instance at 0x1490e28568c0>,7,15,[2 9],10,301,316,291,301
1,<environment.Job instance at 0x1490e3336820>,1,12,[ 1 10],2,426,438,424,426
1,<environment.Job instance at 0x1490e6f0ba50>,8,3,[1 8],13,15,18,2,15
1,<environment.Job instance at 0x1490e4435190>,3,16,[8 2],6,15,31,9,15
1,<environment.Job instance at 0x1490e7e752d0>,1,3,[1 9],2,3,6,1,3
1,<environment.Job instance at 0x1490e7e75d70>,3,1,[6 2],4,6,7,2,4
1,<environment.Job instance at 0x1490e4df3690>,2,1,[2 5],3,6,7,3,4
1,<environment.Job instance at 0x1490e8311690>,9,2,[6 1],11,11,13,0,11
1,<environment.Job instance at 0x1490e539daf0>,10,13,[2 8],12,12,25,0,12
1,<environment.Job instance at 0x1490e539d960>,11,3,[1 8],13,25,28,12,13
1,<environment.Job instance at 0x1490e2792280>,12,3,[1 8],14,28,31,14,14
1,<environment.Job instance at 0x1490e5ffc370>,8,13,[6 1],9,69,82,60,69
1,<environment.Job instance at 0x1490e799e550>,5,2,[10  1],10,10,12,0,10
1,<environment.Job instance at 0x1490e369feb0>,6,3,[6 2],11,13,16,2,13
1,<environment.Job instance at 0x1490ea35c190>,2,2,[2 8],4,4,6,0,4
1,<environment.Job instance at 0x1490ea35c5f0>,3,1,[2 7],5,6,7,1,5
1,<environment.Job instance at 0x1490eb85a960>,4,2,[2 7],6,7,9,1,6
1,<environment.Job instance at 0x1490eb8a4dc0>,6,16,[10  2],9,10,26,1,10
1,<environment.Job instance at 0x1490eb85a780>,8,3,[9 2],11,26,29,15,11
1,<environment.Job instance at 0x1490eb85a370>,9,3,[2 9],12,29,32,17,12
1,<environment.Job instance at 0x1490ed6c7a00>,10,1,[2 7],13,32,33,19,14
1,<environment.Job instance at 0x1490e9ca9690>,1,12,[ 1 10],2,765,777,763,765
1,<environment.Job instance at 0x1490e4a30be0>,3,16,[8 2],6,6,22,0,6
1,<environment.Job instance at 0x1490e6112280>,7,3,[6 1],13,22,25,9,13
1,<environment.Job instance at 0x1490ea161cd0>,7,1,[2 6],8,9,10,1,9
1,<environment.Job instance at 0x1490e9f4f280>,9,2,[6 1],11,11,13,0,11
1,<environment.Job instance at 0x1490e9f40230>,10,13,[2 8],12,12,25,0,12
1,<environment.Job instance at 0x1490ea161d70>,11,3,[1 8],13,25,28,12,13
1,<environment.Job instance at 0x1490e9ea5e60>,12,3,[1 8],14,28,31,14,14
1,<environment.Job instance at 0x1490eb105730>,5,2,[10  1],10,10,12,0,10
1,<environment.Job instance at 0x1490eabf5910>,6,3,[6 2],11,12,15,1,11
1,<environment.Job instance at 0x1490e5feaa50>,8,3,[6 1],14,15,18,1,14
1,<environment.Job instance at 0x1490eafa0c30>,8,3,[9 2],11,11,14,0,11
1,<environment.Job instance at 0x1490eafa0640>,9,3,[2 9],12,14,17,2,12
1,<environment.Job instance at 0x1490eafa0140>,10,1,[2 7],13,17,18,4,13
1,<environment.Job instance at 0x1490eb72b820>,7,15,[2 9],10,42,57,32,42
1,<environment.Job instance at 0x1490e39b1aa0>,4,3,[1 6],8,8,11,0,8
1,<environment.Job instance at 0x1490e7e18280>,4,12,[9 1],8,21,33,13,21
1,<environment.Job instance at 0x1490e7e18a00>,3,16,[8 2],6,133,149,127,133
1,<environment.Job instance at 0x1490e2b619b0>,7,1,[2 6],8,8,9,0,8
1,<environment.Job instance at 0x1490ed097cd0>,9,2,[6 1],11,11,13,0,11
1,<environment.Job instance at 0x1490e710c910>,10,13,[2 8],12,511,524,499,511
1,<environment.Job instance at 0x1490e2b61b40>,6,18,[8 1],7,518,536,511,518
1,<environment.Job instance at 0x1490ebb47af0>,4,17,[6 1],8,22,39,14,22
1,<environment.Job instance at 0x1490ead4aaf0>,1,12,[ 1 10],2,5,17,3,5
1,<environment.Job instance at 0x1490ea3ecf50>,4,2,[2 7],6,17,19,11,7
1,<environment.Job instance at 0x1490ea3ecd20>,8,3,[9 2],11,19,22,8,11
1,<environment.Job instance at 0x1490e86d7f50>,10,1,[2 7],13,22,23,9,13
1,<environment.Job instance at 0x1490ea3ec6e0>,7,15,[2 9],10,527,542,517,527
1,<environment.Job instance at 0x1490ec85eaf0>,6,1,[10  1],11,11,12,0,11
1,<environment.Job instance at 0x1490e7e98140>,5,2,[8 2],9,9,11,0,9
1,<environment.Job instance at 0x1490e7e989b0>,4,12,[9 1],8,11,23,3,11
1,<environment.Job instance at 0x1490e7e98370>,7,3,[6 1],13,23,26,10,17
1,<environment.Job instance at 0x1490e7e98c80>,3,16,[8 2],6,42,58,36,42
1,<environment.Job instance at 0x1490ea9e3730>,11,3,[1 8],13,13,16,0,13
1,<environment.Job instance at 0x1490e470b640>,12,3,[1 8],14,16,19,2,14
1,<environment.Job instance at 0x1490e3fc8280>,8,13,[6 1],9,43,56,34,43
1,<environment.Job instance at 0x1490e5513870>,5,2,[10  1],10,10,12,0,10
1,<environment.Job instance at 0x1490e3f5d640>,6,3,[6 2],11,12,15,1,11
1,<environment.Job instance at 0x1490eb0ca730>,8,3,[6 1],14,15,18,1,14
1,<environment.Job instance at 0x1490eb44e960>,4,17,[6 1],8,80,97,72,80
1,<environment.Job instance at 0x1490e2f94e10>,7,15,[2 9],10,10,25,0,10
1,<environment.Job instance at 0x1490e4879fa0>,1,12,[ 1 10],2,49,61,47,49
1,<environment.Job instance at 0x1490e9627960>,7,3,[7 2],12,13,16,1,13
1,<environment.Job instance at 0x1490e952f050>,4,12,[9 1],8,8,20,0,8
1,<environment.Job instance at 0x1490ea610460>,5,2,[8 2],9,20,22,11,10
1,<environment.Job instance at 0x1490ea610050>,7,3,[6 1],13,22,25,9,13
1,<environment.Job instance at 0x1490ea610500>,6,2,[1 7],12,13,15,1,13
1,<environment.Job instance at 0x1490e317b8c0>,11,3,[1 8],13,13,16,0,13
1,<environment.Job instance at 0x1490eb4f9f00>,12,3,[1 8],14,16,19,2,14
1,<environment.Job instance at 0x1490ebd2a7d0>,5,2,[10  1],10,10,12,0,10
1,<environment.Job instance at 0x1490ebd2a870>,6,3,[6 2],11,12,15,1,11
1,<environment.Job instance at 0x1490ec838e10>,8,3,[6 1],14,15,18,1,14
1,<environment.Job instance at 0x1490eb834a00>,2,2,[2 8],4,4,6,0,4
1,<environment.Job instance at 0x1490e2078e60>,3,1,[2 7],5,6,7,1,5
1,<environment.Job instance at 0x1490e2078c80>,4,2,[2 7],6,7,9,1,6
1,<environment.Job instance at 0x1490e2078d70>,5,2,[2 7],7,9,11,2,7
1,<environment.Job instance at 0x1490e2078c30>,8,3,[9 2],11,11,14,0,11
1,<environment.Job instance at 0x1490e28d9190>,9,3,[2 9],12,14,17,2,12
1,<environment.Job instance at 0x1490e28d95f0>,10,1,[2 7],13,17,18,4,14
1,<environment.Job instance at 0x1490e9de5280>,7,15,[2 9],10,1025,1040,1015,1025
1,<environment.Job instance at 0x1490e7fc0550>,4,12,[9 1],8,11,23,3,11
1,<environment.Job instance at 0x1490ea3cd910>,5,3,[9 2],6,6,9,0,6
1,<environment.Job instance at 0x1490eb4f8aa0>,9,2,[6 1],11,11,13,0,11
1,<environment.Job instance at 0x1490e4a45730>,11,3,[1 8],13,13,16,0,13
1,<environment.Job instance at 0x1490e2fb8b90>,12,3,[1 8],14,16,19,2,14
1,<environment.Job instance at 0x1490e60ee780>,10,13,[2 8],12,19,32,7,16
1,<environment.Job instance at 0x1490ea2fa460>,5,2,[10  1],10,10,12,0,10
1,<environment.Job instance at 0x1490ecfffd20>,6,3,[6 2],11,12,15,1,11
1,<environment.Job instance at 0x1490ecfff050>,8,3,[6 1],14,32,35,18,32
1,<environment.Job instance at 0x1490e4d8c140>,8,3,[9 2],11,11,14,0,11
1,<environment.Job instance at 0x1490e4d8c050>,9,3,[2 9],12,14,17,2,12
1,<environment.Job instance at 0x1490e487d1e0>,10,1,[2 7],13,17,18,4,13
1,<environment.Job instance at 0x1490e4d8cb90>,4,12,[9 1],8,11,23,3,11
1,<environment.Job instance at 0x1490e92b42d0>,6,2,[1 7],12,13,15,1,13
1,<environment.Job instance at 0x1490e9c133c0>,7,3,[6 1],13,23,26,10,13
1,<environment.Job instance at 0x1490ea3c58c0>,5,2,[8 2],9,26,28,17,17
1,<environment.Job instance at 0x1490e63fd3c0>,7,1,[2 6],8,11,12,3,11
1,<environment.Job instance at 0x1490ee578280>,9,2,[6 1],11,11,13,0,11
1,<environment.Job instance at 0x1490eca1e5f0>,8,13,[6 1],9,13,26,4,11
1,<environment.Job instance at 0x1490eb85acd0>,11,3,[1 8],13,13,16,0,13
1,<environment.Job instance at 0x1490e3a963c0>,12,3,[1 8],14,16,19,2,14
1,<environment.Job instance at 0x1490e8e6a2d0>,10,13,[2 8],12,25,38,13,25
1,<environment.Job instance at 0x1490e98fd0f0>,5,2,[10  1],10,10,12,0,10
1,<environment.Job instance at 0x1490e98fdaa0>,6,3,[6 2],11,12,15,1,11
1,<environment.Job instance at 0x1490e983cc30>,8,3,[6 1],14,15,18,1,15
1,<environment.Job instance at 0x1490eaa432d0>,2,2,[2 8],4,4,6,0,4
1,<environment.Job instance at 0x1490eb8db0a0>,8,3,[9 2],11,11,14,0,11
1,<environment.Job instance at 0x1490eb6be050>,9,3,[2 9],12,14,17,2,12
1,<environment.Job instance at 0x1490eb6be3c0>,10,1,[2 7],13,17,18,4,13
1,<environment.Job instance at 0x1490eb8db500>,7,15,[2 9],10,88,103,78,88
1,<environment.Job instance at 0x1490e9a7cb40>,2,1,[8 1],6,6,7,0,6
1,<environment.Job instance at 0x1490e44ace10>,4,12,[9 1],8,12,24,4,12
1,<environment.Job instance at 0x1490e878c9b0>,7,1,[2 6],8,8,9,0,8
1,<environment.Job instance at 0x1490eccb20a0>,5,3,[9 2],6,9,12,3,9
1,<environment.Job instance at 0x1490e54feb90>,11,3,[1 8],13,13,16,0,13
1,<environment.Job instance at 0x1490e54feb40>,12,3,[1 8],14,16,19,2,14
1,<environment.Job instance at 0x1490e7043730>,8,13,[6 1],9,17,30,8,17
1,<environment.Job instance at 0x1490e54fedc0>,10,13,[2 8],12,24,37,12,24
1,<environment.Job instance at 0x1490e2c6ec30>,5,2,[10  1],10,10,12,0,10
1,<environment.Job instance at 0x1490e2c6e960>,6,3,[6 2],11,12,15,1,11
1,<environment.Job instance at 0x1490ec1da3c0>,8,3,[6 1],14,15,18,1,14
1,<environment.Job instance at 0x1490ebfa7780>,2,2,[2 8],4,4,6,0,4
1,<environment.Job instance at 0x1490ec9c39b0>,8,3,[9 2],11,11,14,0,11
1,<environment.Job instance at 0x1490e7850f50>,9,3,[2 9],12,14,17,2,12
1,<environment.Job instance at 0x1490ec9c3c80>,7,15,[2 9],10,1375,1390,1365,1375
1,<environment.Job instance at 0x1490ecbf9f50>,4,12,[9 1],8,8,20,0,8
1,<environment.Job instance at 0x1490e686aa50>,5,2,[8 2],9,20,22,11,9
1,<environment.Job instance at 0x1490e686a500>,6,2,[1 7],12,12,14,0,12
1,<environment.Job instance at 0x1490e5aaf7d0>,5,3,[9 2],6,6,9,0,6
1,<environment.Job instance at 0x1490eb6daaf0>,8,13,[6 1],9,9,22,0,9
1,<environment.Job instance at 0x1490e3809960>,10,13,[2 8],12,13,26,1,13
1,<environment.Job instance at 0x1490ef2d39b0>,12,3,[1 8],14,26,29,12,14
1,<environment.Job instance at 0x1490e840bc30>,11,3,[1 8],13,29,32,16,16
1,<environment.Job instance at 0x1490ebf6d6e0>,5,2,[10  1],10,10,12,0,10
1,<environment.Job instance at 0x1490ebf6d960>,6,3,[6 2],11,13,16,2,13
1,<environment.Job instance at 0x1490e25415f0>,8,3,[6 1],14,16,19,2,15
1,<environment.Job instance at 0x1490e6920280>,8,3,[9 2],11,11,14,0,11
1,<environment.Job instance at 0x1490ea828960>,9,3,[2 9],12,14,17,2,12
1,<environment.Job instance at 0x1490e45d7730>,10,1,[2 7],13,17,18,4,13
1,<environment.Job instance at 0x1490ec550780>,1,12,[ 1 10],2,19,31,17,19
1,<environment.Job instance at 0x1490eadb7aa0>,3,3,[1 5],7,9,12,2,9
1,<environment.Job instance at 0x1490de39d320>,4,12,[9 1],8,13,25,5,13
1,<environment.Job instance at 0x1490e9f4ef00>,6,18,[8 1],7,8,26,1,8
1,<environment.Job instance at 0x1490ebf238c0>,10,13,[2 8],12,12,25,0,12
1,<environment.Job instance at 0x1490e2fa2af0>,11,3,[1 8],13,25,28,12,13
1,<environment.Job instance at 0x1490eafb5190>,12,3,[1 8],14,28,31,14,14
1,<environment.Job instance at 0x1490eafb5820>,9,2,[6 1],11,26,28,15,16
1,<environment.Job instance at 0x1490e5964aa0>,5,2,[10  1],10,10,12,0,10
1,<environment.Job instance at 0x1490e5964500>,6,3,[6 2],11,21,24,10,21
1,<environment.Job instance at 0x1490eb812280>,8,3,[6 1],14,386,389,372,386
1,<environment.Job instance at 0x1490eaa4fcd0>,7,15,[2 9],10,10,25,0,10
1,<environment.Job instance at 0x1490e994d230>,8,3,[9 2],11,25,28,14,12
1,<environment.Job instance at 0x1490e994dd70>,10,1,[2 7],13,28,29,15,14
1,<environment.Job instance at 0x1490eca5fe10>,7,3,[7 2],12,12,15,0,12
1,<environment.Job instance at 0x1490e8396fa0>,4,12,[9 1],8,8,20,0,8
1,<environment.Job instance at 0x1490eaa400a0>,5,2,[8 2],9,20,22,11,9
1,<environment.Job instance at 0x1490eaa400f0>,6,2,[1 7],12,12,14,0,12
1,<environment.Job instance at 0x1490eaa407d0>,7,3,[6 1],13,22,25,9,13
1,<environment.Job instance at 0x1490eca70af0>,7,1,[2 6],8,8,9,0,8
1,<environment.Job instance at 0x1490ea025280>,8,13,[6 1],9,9,22,0,9
1,<environment.Job instance at 0x1490e74db1e0>,9,2,[6 1],11,22,24,11,11
1,<environment.Job instance at 0x1490ea0253c0>,11,3,[1 8],13,13,16,0,13
1,<environment.Job instance at 0x1490ea025a00>,10,13,[2 8],12,16,29,4,13
1,<environment.Job instance at 0x1490ea025640>,12,3,[1 8],14,29,32,15,14
1,<environment.Job instance at 0x1490e48d45f0>,5,3,[9 2],6,29,32,23,16
1,<environment.Job instance at 0x1490e880f7d0>,6,3,[6 2],11,11,14,0,11
1,<environment.Job instance at 0x1490e880f8c0>,5,2,[10  1],10,21,23,11,21
1,<environment.Job instance at 0x1490e5530870>,8,3,[6 1],14,386,389,372,386
1,<environment.Job instance at 0x1490ea0088c0>,8,3,[9 2],11,11,14,0,11
1,<environment.Job instance at 0x1490e9d8bd20>,9,3,[2 9],12,14,17,2,12
1,<environment.Job instance at 0x1490e9d8b960>,10,1,[2 7],13,17,18,4,13
1,<environment.Job instance at 0x1490e9d8b870>,7,15,[2 9],10,63,78,53,63
1,<environment.Job instance at 0x1490e9ecc8c0>,4,12,[9 1],8,8,20,0,8
1,<environment.Job instance at 0x1490e1dcf9b0>,5,2,[8 2],9,20,22,11,9
1,<environment.Job instance at 0x1490e66ecfa0>,7,3,[6 1],13,22,25,9,13
1,<environment.Job instance at 0x1490ea1e2a50>,6,2,[1 7],12,15,17,3,15
1,<environment.Job instance at 0x1490e9b3b640>,5,3,[9 2],6,6,9,0,6
1,<environment.Job instance at 0x1490e9a95960>,8,13,[6 1],9,9,22,0,9
1,<environment.Job instance at 0x1490e9a95320>,9,2,[6 1],11,22,24,11,11
1,<environment.Job instance at 0x1490e9a95c80>,10,13,[2 8],12,12,25,0,12
1,<environment.Job instance at 0x1490e9a95dc0>,11,3,[1 8],13,25,28,12,13
1,<environment.Job instance at 0x1490ec8c1500>,12,3,[1 8],14,28,31,14,14
1,<environment.Job instance at 0x1490e965daf0>,7,1,[2 6],8,37,38,29,37
1,<environment.Job instance at 0x1490ec0a8c30>,6,3,[6 2],11,11,14,0,11
1,<environment.Job instance at 0x1490e463cf50>,5,2,[10  1],10,117,119,107,117
1,<environment.Job instance at 0x1490e463cfa0>,8,3,[6 1],14,148,151,134,148
1,<environment.Job instance at 0x1490ea5c1f50>,2,2,[2 8],4,4,6,0,4
1,<environment.Job instance at 0x1490ea737280>,3,1,[2 7],5,6,7,1,5
1,<environment.Job instance at 0x1490ea5c1be0>,4,2,[2 7],6,7,9,1,6
1,<environment.Job instance at 0x1490e9484640>,5,2,[2 7],7,9,11,2,7
1,<environment.Job instance at 0x1490e94845f0>,8,3,[9 2],11,11,14,0,11
1,<environment.Job instance at 0x1490e94840a0>,9,3,[2 9],12,14,17,2,12
1,<environment.Job instance at 0x1490e7998050>,10,1,[2 7],13,17,18,4,13
1,<environment.Job instance at 0x1490e9484cd0>,7,15,[2 9],10,299,314,289,299
1,<environment.Job instance at 0x1490e1a5efa0>,4,12,[9 1],8,8,20,0,8
1,<environment.Job instance at 0x150a27469550>,1,3,[1 9],2,2,5,0,2
1,<environment.Job instance at 0x150a27512c30>,2,1,[2 5],3,7,8,4,7
1,<environment.Job instance at 0x150a275129b0>,3,1,[6 2],4,7,8,3,7
1,<environment.Job instance at 0x150a267a29b0>,4,2,[7 2],5,8,10,3,8
1,<environment.Job instance at 0x150a267a27d0>,7,1,[2 6],8,9,10,1,9
1,<environment.Job instance at 0x150a267a5eb0>,0,2,[6 1],1,3,5,2,3
1,<environment.Job instance at 0x150a267a5e10>,3,3,[1 8],4,9,12,5,9
1,<environment.Job instance at 0x150a27947690>,4,2,[8 1],7,11,13,4,11
1,<environment.Job instance at 0x150a26fb3c30>,2,2,[10  1],5,5,7,0,5
1,<environment.Job instance at 0x150a25248eb0>,5,3,[6 1],9,10,13,1,10
1,<environment.Job instance at 0x150a26ea70a0>,1,12,[ 1 10],2,2,14,0,2
1,<environment.Job instance at 0x150a2524a460>,0,2,[8 1],1,14,16,13,3
1,<environment.Job instance at 0x150a2524a410>,3,1,[2 7],5,14,15,9,6
1,<environment.Job instance at 0x150a24605460>,5,2,[2 7],7,15,17,8,7
1,<environment.Job instance at 0x150a2468d0f0>,0,3,[9 2],1,14,17,13,14
1,<environment.Job instance at 0x150a25240190>,1,3,[1 9],2,2,5,0,2
1,<environment.Job instance at 0x150a263821e0>,3,1,[6 2],4,6,7,2,6
1,<environment.Job instance at 0x150a25293fa0>,0,12,[2 5],1,6,18,5,6
1,<environment.Job instance at 0x150a26cc9910>,7,1,[2 6],8,18,19,10,8
1,<environment.Job instance at 0x150a268ffd20>,2,1,[2 5],3,9,10,6,9
1,<environment.Job instance at 0x150a26fad280>,1,13,[2 8],2,4,17,2,4
1,<environment.Job instance at 0x150a26fab0f0>,0,2,[6 1],1,6,8,5,6
1,<environment.Job instance at 0x1509e72d64b0>,4,2,[8 1],7,10,12,3,10
1,<environment.Job instance at 0x1509e72d6dc0>,5,2,[ 1 10],8,17,19,9,10
1,<environment.Job instance at 0x1509e7719d20>,2,2,[10  1],5,5,7,0,5
1,<environment.Job instance at 0x1509e77195a0>,5,3,[6 1],9,10,13,1,10
1,<environment.Job instance at 0x1509e7703c30>,0,2,[8 1],1,2,4,1,2
1,<environment.Job instance at 0x1509e7719960>,1,12,[ 1 10],2,5,17,3,5
1,<environment.Job instance at 0x1509e4548960>,5,2,[2 7],7,17,19,10,7
1,<environment.Job instance at 0x1509e4573a00>,2,1,[2 7],3,15,16,12,15
1,<environment.Job instance at 0x150a25b0a690>,0,12,[2 5],1,2,14,1,2
1,<environment.Job instance at 0x150a25d0f960>,3,1,[6 2],4,5,6,1,5
1,<environment.Job instance at 0x1509e5af03c0>,4,2,[7 2],5,6,8,1,6
1,<environment.Job instance at 0x150a26835d70>,1,3,[1 9],2,14,17,12,6
1,<environment.Job instance at 0x1509e5be02d0>,7,1,[2 6],8,17,18,9,8
1,<environment.Job instance at 0x1509e5b11910>,0,2,[6 1],1,2,4,1,2
1,<environment.Job instance at 0x1509e5b11500>,2,3,[1 8],3,5,8,2,5
1,<environment.Job instance at 0x1509e6f9d370>,4,2,[8 1],7,10,12,3,10
1,<environment.Job instance at 0x1509e5af0370>,3,3,[1 8],4,10,13,6,10
1,<environment.Job instance at 0x1509e6f5de60>,2,2,[10  1],5,5,7,0,5
1,<environment.Job instance at 0x1509e6f5d730>,0,1,[2 5],1,14,15,13,14
1,<environment.Job instance at 0x1509e6d41730>,0,2,[8 1],1,1,3,0,1
1,<environment.Job instance at 0x150a25900500>,5,2,[2 7],7,8,10,1,8
1,<environment.Job instance at 0x150a2796a6e0>,6,16,[10  2],9,10,26,1,10
1,<environment.Job instance at 0x150a25f0c910>,0,3,[9 2],1,2,5,1,2
1,<environment.Job instance at 0x150a25f0c2d0>,2,1,[2 7],3,5,6,2,4
1,<environment.Job instance at 0x1509e44000f0>,5,3,[10  2],8,9,12,1,9
1,<environment.Job instance at 0x1509e43fb690>,0,12,[2 5],1,2,14,1,2
1,<environment.Job instance at 0x1509e43fb140>,3,1,[6 2],4,5,6,1,5
1,<environment.Job instance at 0x1509e5aeb8c0>,4,2,[7 2],5,6,8,1,6
1,<environment.Job instance at 0x1509e705fc30>,1,3,[1 9],2,14,17,12,6
1,<environment.Job instance at 0x1509e59ec0a0>,7,1,[2 6],8,17,18,9,8
1,<environment.Job instance at 0x1509e59ec2d0>,8,13,[6 1],9,10,23,1,10
1,<environment.Job instance at 0x1509e5abf4b0>,0,2,[6 1],1,4,6,3,4
1,<environment.Job instance at 0x1509e59e9690>,1,13,[2 8],2,8,21,6,8
1,<environment.Job instance at 0x1509e5c389b0>,2,3,[1 8],3,21,24,18,8
1,<environment.Job instance at 0x1509e55de0f0>,4,2,[8 1],7,10,12,3,10
1,<environment.Job instance at 0x150a26387a00>,2,2,[10  1],5,5,7,0,5
1,<environment.Job instance at 0x150a24ab50a0>,5,3,[6 1],9,10,13,1,10
1,<environment.Job instance at 0x1509e6c35e60>,0,2,[8 1],1,2,4,1,2
1,<environment.Job instance at 0x1509e6c355a0>,1,12,[ 1 10],2,4,16,2,2
1,<environment.Job instance at 0x1509e6c35550>,2,2,[2 8],4,16,18,12,6
1,<environment.Job instance at 0x150a25590be0>,6,16,[10  2],9,18,34,9,9
1,<environment.Job instance at 0x1509e7161f00>,2,1,[2 7],3,7,8,4,7
1,<environment.Job instance at 0x150a245ab230>,0,12,[2 5],1,2,14,1,2
1,<environment.Job instance at 0x1509e440b370>,3,1,[6 2],4,5,6,1,5
1,<environment.Job instance at 0x1509e6926280>,4,2,[7 2],5,6,8,1,6
1,<environment.Job instance at 0x150a245b1aa0>,1,3,[1 9],2,14,17,12,6
1,<environment.Job instance at 0x1509e6c53370>,7,1,[2 6],8,17,18,9,8
1,<environment.Job instance at 0x1509e6c53870>,8,13,[6 1],9,10,23,1,10
1,<environment.Job instance at 0x150a2727f0a0>,0,2,[6 1],1,4,6,3,4
1,<environment.Job instance at 0x150a2727f960>,3,3,[1 8],4,6,9,2,6
1,<environment.Job instance at 0x1509e65fc690>,1,13,[2 8],2,9,22,7,7
1,<environment.Job instance at 0x150a25047780>,4,2,[8 1],7,11,13,4,11
1,<environment.Job instance at 0x1509e69294b0>,5,2,[ 1 10],8,22,24,14,11
1,<environment.Job instance at 0x1509e60405f0>,2,2,[10  1],5,5,7,0,5
1,<environment.Job instance at 0x1509e6216e60>,5,3,[6 1],9,10,13,1,10
1,<environment.Job instance at 0x1509e62a2370>,0,2,[8 1],1,2,4,1,2
1,<environment.Job instance at 0x1509e6216690>,1,12,[ 1 10],2,4,16,2,2
1,<environment.Job instance at 0x1509e62a21e0>,2,2,[2 8],4,16,18,12,6
1,<environment.Job instance at 0x150a26a4b730>,2,1,[2 7],3,3,4,0,3
1,<environment.Job instance at 0x150a24c4f820>,1,3,[2 9],2,7,10,5,7
1,<environment.Job instance at 0x150a29ab2be0>,4,2,[7 2],5,6,8,1,6
1,<environment.Job instance at 0x150a2687caf0>,1,3,[1 9],2,8,11,6,6
1,<environment.Job instance at 0x150a2687c0f0>,3,1,[6 2],4,11,12,7,6
1,<environment.Job instance at 0x150a260ee910>,7,1,[2 6],8,11,12,3,8
1,<environment.Job instance at 0x150a260ee320>,8,13,[6 1],9,12,25,3,10
1,<environment.Job instance at 0x1509e6f5d370>,0,2,[6 1],1,4,6,3,4
1,<environment.Job instance at 0x1509e6f922d0>,4,2,[8 1],7,10,12,3,10
1,<environment.Job instance at 0x1509e5bcd8c0>,5,2,[ 1 10],8,12,14,4,11
1,<environment.Job instance at 0x1509e5bb6410>,2,2,[10  1],5,5,7,0,5
1,<environment.Job instance at 0x1509e6e76690>,3,3,[6 2],6,10,13,4,10
1,<environment.Job instance at 0x150a25daa8c0>,0,2,[8 1],1,3,5,2,3
1,<environment.Job instance at 0x150a27910960>,1,12,[ 1 10],2,5,17,3,4
1,<environment.Job instance at 0x150a25daa6e0>,2,2,[2 8],4,17,19,13,4
1,<environment.Job instance at 0x150a25daab40>,3,1,[2 7],5,19,20,14,6
1,<environment.Job instance at 0x1509e75c1a50>,1,3,[2 9],2,3,6,1,3
1,<environment.Job instance at 0x150a20200b90>,2,1,[2 5],3,7,8,4,7
1,<environment.Job instance at 0x150a20200780>,3,1,[6 2],4,7,8,3,7
1,<environment.Job instance at 0x1509e45287d0>,8,13,[6 1],9,9,22,0,9
1,<environment.Job instance at 0x150a20200820>,1,13,[2 8],2,5,18,3,5
1,<environment.Job instance at 0x1509e44dc2d0>,5,2,[ 1 10],8,18,20,10,15
1,<environment.Job instance at 0x1509e451a7d0>,2,2,[10  1],5,5,7,0,5
1,<environment.Job instance at 0x1509e5af0050>,6,16,[10  2],9,11,27,2,11
1,<environment.Job instance at 0x150a24875c30>,2,1,[2 7],3,4,5,1,4
1,<environment.Job instance at 0x1509e62a2960>,3,1,[6 2],4,6,7,2,6
1,<environment.Job instance at 0x150a24c31410>,4,2,[7 2],5,7,9,2,6
1,<environment.Job instance at 0x150a24c31190>,7,1,[2 6],8,8,9,0,8
1,<environment.Job instance at 0x150a24c31320>,5,3,[9 2],6,9,12,3,9
1,<environment.Job instance at 0x1509e7420b40>,8,13,[6 1],9,12,25,3,9
1,<environment.Job instance at 0x150a268f2230>,1,13,[2 8],2,6,19,4,6
1,<environment.Job instance at 0x1509e73c1af0>,4,2,[8 1],7,10,12,3,10
1,<environment.Job instance at 0x1509e4f8d230>,5,2,[ 1 10],8,19,21,11,10
1,<environment.Job instance at 0x1509e4f8d230>,2,2,[10  1],5,5,7,0,5
1,<environment.Job instance at 0x150a25c15a00>,5,3,[6 1],9,10,13,1,10
1,<environment.Job instance at 0x1509e5a0cd20>,0,2,[8 1],1,3,5,2,3
1,<environment.Job instance at 0x150a25c15460>,1,12,[ 1 10],2,5,17,3,4
1,<environment.Job instance at 0x1509e5a0cc80>,2,2,[2 8],4,17,19,13,6
1,<environment.Job instance at 0x1509e5a0cdc0>,5,3,[10  2],8,16,19,8,16
1,<environment.Job instance at 0x1509e651e190>,3,1,[6 2],4,6,7,2,6
1,<environment.Job instance at 0x1509e651ea00>,4,2,[7 2],5,7,9,2,6
1,<environment.Job instance at 0x1509e651ee60>,7,1,[2 6],8,8,9,0,8
1,<environment.Job instance at 0x1509e651e9b0>,5,3,[9 2],6,9,12,3,9
1,<environment.Job instance at 0x1509e651e960>,8,13,[6 1],9,12,25,3,9
1,<environment.Job instance at 0x1509e66c76e0>,1,13,[2 8],2,2,15,0,2
1,<environment.Job instance at 0x150a2444cc80>,3,3,[1 8],4,15,18,11,8
1,<environment.Job instance at 0x150a25b0eaf0>,4,2,[8 1],7,9,11,2,9
1,<environment.Job instance at 0x1509e6ba0eb0>,2,2,[10  1],5,5,7,0,5
1,<environment.Job instance at 0x150a25f9d6e0>,5,3,[6 1],9,10,13,1,10
1,<environment.Job instance at 0x1509e524cfa0>,0,2,[8 1],1,3,5,2,3
1,<environment.Job instance at 0x150a25f9dc30>,2,2,[2 8],4,4,6,0,4
1,<environment.Job instance at 0x1509e524cc30>,1,12,[ 1 10],2,6,18,4,5
1,<environment.Job instance at 0x150a271e2460>,4,2,[2 7],6,18,20,12,6
1,<environment.Job instance at 0x150a271e2960>,5,2,[2 7],7,20,22,13,7
1,<environment.Job instance at 0x150a25f9d3c0>,6,16,[10  2],9,22,38,13,17
1,<environment.Job instance at 0x1509dff13e60>,1,3,[2 9],2,12,15,10,12
1,<environment.Job instance at 0x150a268fb1e0>,4,2,[7 2],5,6,8,1,6
1,<environment.Job instance at 0x150a268fbdc0>,3,1,[6 2],4,8,9,4,6
1,<environment.Job instance at 0x150a268fb190>,7,1,[2 6],8,8,9,0,8
1,<environment.Job instance at 0x150a260f2b90>,8,13,[6 1],9,10,23,1,10
1,<environment.Job instance at 0x150a2735b550>,1,13,[2 8],2,2,15,0,2
1,<environment.Job instance at 0x1509e4404d20>,0,2,[6 1],1,2,4,1,2
1,<environment.Job instance at 0x1509e7268a50>,3,3,[1 8],4,15,18,11,4
1,<environment.Job instance at 0x150a2735b0a0>,4,2,[8 1],7,9,11,2,9
1,<environment.Job instance at 0x150a27242550>,2,2,[10  1],5,5,7,0,5
1,<environment.Job instance at 0x1509e4ce7820>,5,3,[6 1],9,11,14,2,11
1,<environment.Job instance at 0x1509e46d1370>,1,12,[ 1 10],2,2,14,0,2
1,<environment.Job instance at 0x1509e46d1690>,3,1,[2 7],5,14,15,9,5
1,<environment.Job instance at 0x1509e46d1be0>,2,2,[2 8],4,15,17,11,5
1,<environment.Job instance at 0x1509e46d1640>,5,2,[2 7],7,17,19,10,7
1,<environment.Job instance at 0x1509e706d500>,4,2,[1 8],5,22,24,17,22
1,<environment.Job instance at 0x1509e733c1e0>,4,2,[7 2],5,6,8,1,6
1,<environment.Job instance at 0x1509e733cf00>,7,1,[2 6],8,8,9,0,8
1,<environment.Job instance at 0x1509e733ca00>,5,3,[9 2],6,11,14,5,11
1,<environment.Job instance at 0x1509e66c7460>,3,3,[1 8],4,4,7,0,4
1,<environment.Job instance at 0x1509e5d44aa0>,1,13,[2 8],2,13,26,11,13
1,<environment.Job instance at 0x1509e5d44aa0>,2,2,[10  1],5,7,9,2,7
1,<environment.Job instance at 0x1509e5c21320>,5,3,[6 1],9,9,12,0,9
1,<environment.Job instance at 0x150a243714b0>,0,2,[8 1],1,2,4,1,2
1,<environment.Job instance at 0x150a20259320>,5,2,[2 7],7,7,9,0,7
1,<environment.Job instance at 0x150a202590f0>,1,3,[2 9],2,4,7,2,4
1,<environment.Job instance at 0x1509e7388230>,4,2,[1 8],5,7,9,2,5
1,<environment.Job instance at 0x150a24ae1690>,1,3,[1 9],2,6,9,4,6
1,<environment.Job instance at 0x150a24ae1b40>,4,2,[7 2],5,9,11,4,6
1,<environment.Job instance at 0x150a2660baf0>,7,1,[2 6],8,9,10,1,8
1,<environment.Job instance at 0x150a258280f0>,5,3,[9 2],6,11,14,5,9
1,<environment.Job instance at 0x150a2660b460>,8,13,[6 1],9,14,27,5,9
1,<environment.Job instance at 0x1509e5f054b0>,3,3,[1 8],4,4,7,0,4
1,<environment.Job instance at 0x150a263d6730>,1,13,[2 8],2,56,69,54,56
1,<environment.Job instance at 0x1509e4921d20>,2,2,[10  1],5,6,8,1,6
1,<environment.Job instance at 0x150a200acfa0>,3,3,[6 2],6,8,11,2,6
1,<environment.Job instance at 0x150a266dbc80>,1,17,[6 1],3,11,28,8,8
1,<environment.Job instance at 0x150a255357d0>,2,2,[2 8],4,6,8,2,6
1,<environment.Job instance at 0x1509e5036f00>,6,16,[10  2],9,9,25,0,9
1,<environment.Job instance at 0x1509e5036140>,4,2,[2 7],6,25,27,19,15
1,<environment.Job instance at 0x150a244bca00>,4,2,[1 8],5,6,8,1,6
1,<environment.Job instance at 0x1509e5466e10>,5,3,[9 2],6,6,9,0,6
1,<environment.Job instance at 0x1509e5466c80>,4,2,[7 2],5,9,11,4,6
1,<environment.Job instance at 0x1509e536df50>,3,1,[6 2],4,11,12,7,8
1,<environment.Job instance at 0x1509e5466eb0>,8,13,[6 1],9,12,25,3,9
1,<environment.Job instance at 0x1509e495efa0>,0,2,[6 1],1,2,4,1,2
1,<environment.Job instance at 0x1509e495e5a0>,2,3,[1 8],3,3,6,0,3
1,<environment.Job instance at 0x1509e5466a00>,1,13,[2 8],2,6,19,4,4
1,<environment.Job instance at 0x150a25000be0>,3,3,[1 8],4,19,22,15,4
1,<environment.Job instance at 0x150a25000f00>,5,2,[ 1 10],8,22,24,14,9
1,<environment.Job instance at 0x150a24bce0a0>,2,2,[10  1],5,5,7,0,5
1,<environment.Job instance at 0x150a262554b0>,3,3,[6 2],6,9,12,3,9
1,<environment.Job instance at 0x150a26458f50>,0,2,[8 1],1,3,5,2,3
1,<environment.Job instance at 0x150a26458870>,3,1,[2 7],5,7,8,2,7
1,<environment.Job instance at 0x150a2552aaa0>,5,3,[9 2],6,6,9,0,6
1,<environment.Job instance at 0x1509e75ac280>,7,1,[2 6],8,9,10,1,8
1,<environment.Job instance at 0x1509e75ac5a0>,8,13,[6 1],9,9,22,0,9
1,<environment.Job instance at 0x1509df541d20>,3,3,[1 8],4,4,7,0,4
1,<environment.Job instance at 0x1509df4c0c30>,0,1,[2 5],1,3,4,2,3
1,<environment.Job instance at 0x1509e53e20f0>,2,2,[10  1],5,6,8,1,6
1,<environment.Job instance at 0x1509e4679af0>,5,3,[6 1],9,14,17,5,14
1,<environment.Job instance at 0x1509e4679c80>,0,2,[8 1],1,2,4,1,2
1,<environment.Job instance at 0x1509e4679aa0>,3,1,[2 7],5,6,7,1,6
1,<environment.Job instance at 0x150a26ac5cd0>,5,2,[2 7],7,7,9,0,7
1,<environment.Job instance at 0x150a27207dc0>,0,3,[9 2],1,2,5,1,2
1,<environment.Job instance at 0x1509e4d59d20>,2,1,[2 7],3,5,6,2,3
1,<environment.Job instance at 0x1509e4679b40>,1,3,[2 9],2,13,16,11,13
1,<environment.Job instance at 0x1509e75b3820>,1,3,[1 9],2,6,9,4,6
1,<environment.Job instance at 0x1509e50b5820>,4,2,[7 2],5,9,11,4,6
1,<environment.Job instance at 0x1509e50b5e60>,7,1,[2 6],8,9,10,1,8
1,<environment.Job instance at 0x1509e5f65640>,8,13,[6 1],9,11,24,2,10
1,<environment.Job instance at 0x1509e75b3050>,5,3,[9 2],6,24,27,18,24
1,<environment.Job instance at 0x1509e75b3050>,3,3,[1 8],4,4,7,0,4
1,<environment.Job instance at 0x150a25d1ae60>,1,13,[2 8],2,13,26,11,13
1,<environment.Job instance at 0x1509e50de460>,0,1,[2 5],1,3,4,2,3
1,<environment.Job instance at 0x150a2437d5f0>,3,3,[6 2],6,6,9,0,6
1,<environment.Job instance at 0x150a2437d9b0>,5,3,[6 1],9,14,17,5,14
1,<environment.Job instance at 0x1509e524f4b0>,0,2,[8 1],1,2,4,1,2
1,<environment.Job instance at 0x1509e524fc30>,2,2,[2 8],4,4,6,0,4
1,<environment.Job instance at 0x1509e50dee10>,1,12,[ 1 10],2,9,21,7,9
1,<environment.Job instance at 0x1509e49cd910>,2,1,[2 7],3,3,4,0,3
1,<environment.Job instance at 0x1509e68d1640>,1,3,[2 9],2,4,7,2,4
1,<environment.Job instance at 0x150a24cde370>,1,3,[1 9],2,6,9,4,6
1,<environment.Job instance at 0x1509e72b2c80>,4,2,[7 2],5,9,11,4,6
1,<environment.Job instance at 0x1509e72b22d0>,7,1,[2 6],8,9,10,1,8
1,<environment.Job instance at 0x1509e72b2d70>,8,13,[6 1],9,11,24,2,10
1,<environment.Job instance at 0x1509e66e00f0>,3,3,[1 8],4,4,7,0,4
1,<environment.Job instance at 0x1509e4105b40>,0,1,[2 5],1,3,4,2,3
1,<environment.Job instance at 0x150a28c662d0>,2,2,[10  1],5,7,9,2,7
1,<environment.Job instance at 0x150a26b4db40>,5,3,[6 1],9,9,12,0,9
1,<environment.Job instance at 0x150a26b4daf0>,3,3,[6 2],6,13,16,7,13
1,<environment.Job instance at 0x150a26b4d140>,0,2,[8 1],1,2,4,1,2
1,<environment.Job instance at 0x150a26b04960>,2,2,[2 8],4,4,6,0,4
1,<environment.Job instance at 0x150a26b04050>,3,1,[2 7],5,6,7,1,5
1,<environment.Job instance at 0x1509df67a960>,4,2,[2 7],6,7,9,1,6
1,<environment.Job instance at 0x1509df67a2d0>,5,2,[2 7],7,9,11,2,7
1,<environment.Job instance at 0x1509df67a280>,6,16,[10  2],9,11,27,2,9
1,<environment.Job instance at 0x150a26e69460>,1,3,[1 9],2,6,9,4,6
1,<environment.Job instance at 0x1509e4cbb6e0>,4,2,[7 2],5,9,11,4,6
1,<environment.Job instance at 0x1509e4cbb4b0>,7,1,[2 6],8,9,10,1,8
1,<environment.Job instance at 0x150a26e69050>,5,3,[9 2],6,11,14,5,9
1,<environment.Job instance at 0x1509e4cbb280>,8,13,[6 1],9,14,27,5,9
1,<environment.Job instance at 0x150a2515a4b0>,5,2,[ 1 10],8,8,10,0,8
1,<environment.Job instance at 0x150a26b9dbe0>,0,1,[2 5],1,3,4,2,3
1,<environment.Job instance at 0x150a2498c280>,1,17,[6 1],3,5,22,2,5
1,<environment.Job instance at 0x150a245a1230>,3,3,[6 2],6,22,25,16,6
1,<environment.Job instance at 0x150a245a1a50>,2,2,[10  1],5,25,27,20,11
1,<environment.Job instance at 0x1509e561d5a0>,0,2,[8 1],1,1,3,0,1
1,<environment.Job instance at 0x1509e561db40>,1,12,[ 1 10],2,3,15,1,3
1,<environment.Job instance at 0x1509e5d67730>,2,2,[2 8],4,15,17,11,4
1,<environment.Job instance at 0x1509e5d672d0>,5,2,[2 7],7,17,19,10,7
1,<environment.Job instance at 0x1509e5d67a50>,1,3,[2 9],2,3,6,1,3
1,<environment.Job instance at 0x1509df29ec30>,1,3,[1 9],2,6,9,4,6
1,<environment.Job instance at 0x1509e57285f0>,4,2,[7 2],5,9,11,4,6
1,<environment.Job instance at 0x1509e57283c0>,7,1,[2 6],8,9,10,1,8
1,<environment.Job instance at 0x1509e5728c30>,8,13,[6 1],9,11,24,2,10
1,<environment.Job instance at 0x1509e4689780>,3,3,[1 8],4,4,7,0,4
1,<environment.Job instance at 0x1509e4b7b050>,0,1,[2 5],1,3,4,2,3
1,<environment.Job instance at 0x1509e4b7bb90>,3,3,[6 2],6,6,9,0,6
1,<environment.Job instance at 0x1509e4b7b910>,2,2,[10  1],5,9,11,4,6
1,<environment.Job instance at 0x1509e71b9a50>,5,3,[6 1],9,13,16,4,13
1,<environment.Job instance at 0x150a2619ee60>,0,2,[8 1],1,1,3,0,1
1,<environment.Job instance at 0x150a2619e7d0>,1,12,[ 1 10],2,3,15,1,3
1,<environment.Job instance at 0x150a2619eb90>,2,2,[2 8],4,15,17,11,4
1,<environment.Job instance at 0x1509e47fe370>,5,2,[2 7],7,17,19,10,7
1,<environment.Job instance at 0x1509e47fec80>,6,16,[10  2],9,19,35,10,17
1,<environment.Job instance at 0x1509e47fedc0>,1,3,[2 9],2,11,14,9,11
1,<environment.Job instance at 0x1509de9d6280>,4,2,[7 2],5,6,8,1,6
1,<environment.Job instance at 0x1509de9d6370>,3,1,[6 2],4,8,9,4,6
1,<environment.Job instance at 0x1509de9d67d0>,7,1,[2 6],8,8,9,0,8
1,<environment.Job instance at 0x1509de9d62d0>,8,13,[6 1],9,10,23,1,10
1,<environment.Job instance at 0x1509de9d7910>,2,3,[1 8],3,3,6,0,3
1,<environment.Job instance at 0x1509e536c0f0>,3,3,[1 8],4,6,9,2,4
1,<environment.Job instance at 0x1509e4f85e10>,0,1,[2 5],1,3,4,2,3
1,<environment.Job instance at 0x1509e4197690>,3,3,[6 2],6,6,9,0,6
1,<environment.Job instance at 0x1509e4f851e0>,2,2,[10  1],5,9,11,4,6
1,<environment.Job instance at 0x1509e4197b90>,5,3,[6 1],9,13,16,4,13
1,<environment.Job instance at 0x1509e6829b90>,0,2,[8 1],1,1,3,0,1
1,<environment.Job instance at 0x1509e574f960>,1,12,[ 1 10],2,3,15,1,3
1,<environment.Job instance at 0x1509e68295a0>,2,2,[2 8],4,15,17,11,4
1,<environment.Job instance at 0x1509e6829230>,5,2,[2 7],7,17,19,10,7
1,<environment.Job instance at 0x150a27b38b90>,5,3,[10  2],8,8,11,0,8
1,<environment.Job instance at 0x150a247cd8c0>,4,2,[7 2],5,6,8,1,6
1,<environment.Job instance at 0x150a247cd9b0>,7,1,[2 6],8,8,9,0,8
1,<environment.Job instance at 0x150a247cdb90>,3,1,[6 2],4,9,10,5,9
1,<environment.Job instance at 0x150a247cd820>,8,13,[6 1],9,10,23,1,9
1,<environment.Job instance at 0x1509dfc885f0>,0,2,[6 1],1,2,4,1,2
1,<environment.Job instance at 0x1509e48fd230>,2,3,[1 8],3,3,6,0,3
1,<environment.Job instance at 0x1509e4616b40>,3,3,[1 8],4,6,9,2,4
1,<environment.Job instance at 0x1509e4663410>,4,2,[8 1],7,7,9,0,7
1,<environment.Job instance at 0x1509e4616d70>,5,2,[ 1 10],8,9,11,1,8
1,<environment.Job instance at 0x1509e4616640>,2,2,[10  1],5,5,7,0,5
1,<environment.Job instance at 0x1509defc5640>,3,3,[6 2],6,10,13,4,10
1,<environment.Job instance at 0x150a264e1820>,0,2,[8 1],1,2,4,1,2
1,<environment.Job instance at 0x150a264e12d0>,2,2,[2 8],4,4,6,0,4
1,<environment.Job instance at 0x150a264e19b0>,3,1,[2 7],5,6,7,1,5
1,<environment.Job instance at 0x1509df4e90f0>,1,12,[ 1 10],2,7,19,5,5
1,<environment.Job instance at 0x1509e6cffa00>,4,2,[2 7],6,19,21,13,7
1,<environment.Job instance at 0x1509e6d304b0>,0,3,[9 2],1,3,6,2,3
1,<environment.Job instance at 0x1509e6d30410>,1,3,[2 9],2,6,9,4,4
1,<environment.Job instance at 0x1509e72b0aa0>,4,2,[1 8],5,9,11,4,9
1,<environment.Job instance at 0x150a2589dc80>,1,3,[1 9],2,6,9,4,6
1,<environment.Job instance at 0x150a24b05370>,7,1,[2 6],8,9,10,1,8
1,<environment.Job instance at 0x1509e5916a00>,8,13,[6 1],9,9,22,0,9
1,<environment.Job instance at 0x150a25c48f00>,0,2,[6 1],1,2,4,1,2
1,<environment.Job instance at 0x1509e44aa820>,2,3,[1 8],3,3,6,0,3
1,<environment.Job instance at 0x150a24ab2960>,3,3,[1 8],4,6,9,2,4
1,<environment.Job instance at 0x150a25c481e0>,4,2,[8 1],7,7,9,0,7
1,<environment.Job instance at 0x1509df649280>,5,2,[ 1 10],8,9,11,1,8
1,<environment.Job instance at 0x150a26644640>,0,1,[2 5],1,4,5,3,4
1,<environment.Job instance at 0x1509e4653d70>,1,17,[6 1],3,4,21,1,4
1,<environment.Job instance at 0x150a24d67230>,2,2,[10  1],5,21,23,16,5
1,<environment.Job instance at 0x1509e59012d0>,3,3,[6 2],6,23,26,17,7
1,<environment.Job instance at 0x150a263f30a0>,1,12,[ 1 10],2,3,15,1,3
1,<environment.Job instance at 0x150a263f34b0>,4,2,[2 7],6,15,17,9,7
1,<environment.Job instance at 0x150a253f4230>,2,1,[2 7],3,4,5,1,4
1,<environment.Job instance at 0x1509e46155a0>,5,3,[10  2],8,8,11,0,8
1,<environment.Job instance at 0x150a2724d730>,5,3,[9 2],6,6,9,0,6
1,<environment.Job instance at 0x1509e4f240f0>,4,2,[7 2],5,9,11,4,6
1,<environment.Job instance at 0x1509debc15a0>,3,1,[6 2],4,11,12,7,8
1,<environment.Job instance at 0x150a273bee60>,8,13,[6 1],9,12,25,3,9
1,<environment.Job instance at 0x150a201dde10>,0,2,[6 1],1,2,4,1,2
1,<environment.Job instance at 0x150a24645f50>,2,3,[1 8],3,3,6,0,3
1,<environment.Job instance at 0x1509df632460>,3,3,[1 8],4,6,9,2,4
1,<environment.Job instance at 0x1509df632a50>,4,2,[8 1],7,8,10,1,8
1,<environment.Job instance at 0x1509df6e5140>,2,2,[10  1],5,5,7,0,5
1,<environment.Job instance at 0x1509df6e5fa0>,3,3,[6 2],6,10,13,4,10
1,<environment.Job instance at 0x1509e681ac30>,0,2,[8 1],1,2,4,1,2
1,<environment.Job instance at 0x1509df2ec870>,0,3,[9 2],1,1,4,0,1
1,<environment.Job instance at 0x1509e6cb6d20>,1,3,[2 9],2,4,7,2,4
1,<environment.Job instance at 0x150a26931550>,5,3,[10  2],8,8,11,0,8
1,<environment.Job instance at 0x1509debc1eb0>,4,2,[7 2],5,5,7,0,5
1,<environment.Job instance at 0x1509debc1730>,1,3,[1 9],2,7,10,5,6
1,<environment.Job instance at 0x1509e527fb40>,3,1,[6 2],4,10,11,6,6
1,<environment.Job instance at 0x1509dee69a00>,7,1,[2 6],8,10,11,2,8
1,<environment.Job instance at 0x1509e6cfde60>,8,13,[6 1],9,11,24,2,10
1,<environment.Job instance at 0x1509e4dae4b0>,3,3,[1 8],4,4,7,0,4
1,<environment.Job instance at 0x1509e640e690>,0,1,[2 5],1,1,2,0,1
1,<environment.Job instance at 0x150a26fadaa0>,1,17,[6 1],3,6,23,3,6
1,<environment.Job instance at 0x1509e6b47460>,0,2,[8 1],1,1,3,0,1
1,<environment.Job instance at 0x150a2518ea00>,6,16,[10  2],9,15,31,6,15
1,<environment.Job instance at 0x1509e640efa0>,1,3,[2 9],2,2,5,0,2
1,<environment.Job instance at 0x150a2505efa0>,2,1,[2 7],3,5,6,2,4
1,<environment.Job instance at 0x1509de5d60f0>,5,3,[9 2],6,6,9,0,6
1,<environment.Job instance at 0x150a26da0f50>,3,1,[6 2],4,9,10,5,8
1,<environment.Job instance at 0x1509de5d6d70>,8,13,[6 1],9,10,23,1,9
1,<environment.Job instance at 0x150a2629f190>,0,2,[6 1],1,2,4,1,2
1,<environment.Job instance at 0x1509de5d6280>,3,3,[1 8],4,4,7,0,4
1,<environment.Job instance at 0x1509e7309870>,5,2,[ 1 10],8,9,11,1,9
1,<environment.Job instance at 0x1509e73095a0>,2,2,[10  1],5,5,7,0,5
1,<environment.Job instance at 0x1509de993460>,3,3,[6 2],6,10,13,4,10
1,<environment.Job instance at 0x1509e5d36fa0>,2,2,[2 8],4,4,6,0,4
1,<environment.Job instance at 0x1509df525aa0>,3,1,[2 7],5,6,7,1,5
1,<environment.Job instance at 0x1509df525af0>,6,16,[10  2],9,9,25,0,9
1,<environment.Job instance at 0x1509dfd452d0>,0,3,[9 2],1,3,6,2,3
1,<environment.Job instance at 0x1509dfc28320>,1,3,[2 9],2,6,9,4,4
1,<environment.Job instance at 0x1509e4fbd1e0>,5,3,[9 2],6,6,9,0,6
1,<environment.Job instance at 0x150a25e9d6e0>,7,1,[2 6],8,9,10,1,8
1,<environment.Job instance at 0x1509dd721e10>,3,1,[6 2],4,9,10,5,9
1,<environment.Job instance at 0x150a24e97320>,8,13,[6 1],9,10,23,1,9
1,<environment.Job instance at 0x150a258ffeb0>,0,2,[6 1],1,2,4,1,2
1,<environment.Job instance at 0x1509e4632fa0>,2,3,[1 8],3,3,6,0,3
1,<environment.Job instance at 0x1509e5824d70>,3,3,[1 8],4,6,9,2,4
1,<environment.Job instance at 0x1509df22c960>,4,2,[8 1],7,7,9,0,7
1,<environment.Job instance at 0x1509e45559b0>,2,2,[10  1],5,5,7,0,5
1,<environment.Job instance at 0x1509e4555f00>,3,3,[6 2],6,7,10,1,6
1,<environment.Job instance at 0x1509de4b8780>,5,3,[6 1],9,10,13,1,9
1,<environment.Job instance at 0x150a2561e3c0>,0,2,[8 1],1,2,4,1,2
1,<environment.Job instance at 0x1509de1581e0>,5,2,[2 7],7,7,9,0,7
1,<environment.Job instance at 0x1509e61df5f0>,1,3,[2 9],2,4,7,2,4
1,<environment.Job instance at 0x1509e61df910>,4,2,[1 8],5,7,9,2,5
1,<environment.Job instance at 0x1509e61dfcd0>,2,1,[2 7],3,9,10,6,5
1,<environment.Job instance at 0x1509e61df4b0>,5,3,[10  2],8,10,13,2,8
1,<environment.Job instance at 0x150a271b27d0>,5,3,[9 2],6,6,9,0,6
1,<environment.Job instance at 0x150a25715410>,7,1,[2 6],8,9,10,1,8
1,<environment.Job instance at 0x1509e4a2db90>,2,1,[2 5],3,10,11,7,9
1,<environment.Job instance at 0x1509e675e4b0>,8,13,[6 1],9,9,22,0,9
1,<environment.Job instance at 0x1509e40b8870>,0,2,[6 1],1,2,4,1,2
1,<environment.Job instance at 0x1509ddbf5af0>,3,3,[1 8],4,4,7,0,4
1,<environment.Job instance at 0x1509ddbd13c0>,4,2,[8 1],7,8,10,1,8
1,<environment.Job instance at 0x1509dde440f0>,2,2,[10  1],5,5,7,0,5
1,<environment.Job instance at 0x1509df524410>,3,3,[6 2],6,9,12,3,9
1,<environment.Job instance at 0x1509e5a78410>,2,2,[2 8],4,4,6,0,4
1,<environment.Job instance at 0x1509e5a78f50>,3,1,[2 7],5,6,7,1,5
1,<environment.Job instance at 0x1509e5a78820>,6,16,[10  2],9,9,25,0,9
1,<environment.Job instance at 0x1509e5ac8a50>,1,3,[2 9],2,3,6,1,3
1,<environment.Job instance at 0x1509e478bb90>,5,3,[10  2],8,8,11,0,8
1,<environment.Job instance at 0x1509e6c5b320>,5,3,[9 2],6,6,9,0,6
1,<environment.Job instance at 0x1509e6c5b230>,6,18,[8 1],7,9,27,2,8
1,<environment.Job instance at 0x1509e6c5be10>,7,1,[2 6],8,9,10,1,9
1,<environment.Job instance at 0x1509e6c5b690>,8,13,[6 1],9,27,40,18,17
1,<environment.Job instance at 0x150a2004b4b0>,0,2,[6 1],1,2,4,1,2
1,<environment.Job instance at 0x150a2004be60>,2,3,[1 8],3,3,6,0,3
1,<environment.Job instance at 0x1509de59cd70>,4,2,[8 1],7,7,9,0,7
1,<environment.Job instance at 0x1509dd6c19b0>,5,2,[ 1 10],8,9,11,1,8
1,<environment.Job instance at 0x150a25a88500>,1,17,[6 1],3,3,20,0,3
1,<environment.Job instance at 0x1509e506b640>,0,2,[8 1],1,2,4,1,2
1,<environment.Job instance at 0x1509e506bb90>,2,2,[2 8],4,4,6,0,4
1,<environment.Job instance at 0x1509e506bc30>,3,1,[2 7],5,6,7,1,6
1,<environment.Job instance at 0x1509e6c48a50>,6,16,[10  2],9,9,25,0,9
1,<environment.Job instance at 0x1509e5472aa0>,0,3,[9 2],1,1,4,0,1
1,<environment.Job instance at 0x150a252e14b0>,1,3,[2 9],2,4,7,2,2
1,<environment.Job instance at 0x1509e4a70a00>,5,3,[9 2],6,6,9,0,6
1,<environment.Job instance at 0x1509dd134460>,3,3,[1 8],4,4,7,0,4
1,<environment.Job instance at 0x1509dd134cd0>,0,1,[2 5],1,3,4,2,3
1,<environment.Job instance at 0x1509dd134230>,2,2,[10  1],5,5,7,0,5
1,<environment.Job instance at 0x1509e608f870>,3,3,[6 2],6,7,10,1,6
1,<environment.Job instance at 0x1509ddd8ab90>,0,2,[8 1],1,1,3,0,1
1,<environment.Job instance at 0x1509e608faf0>,1,12,[ 1 10],2,3,15,1,3
1,<environment.Job instance at 0x150a269ed050>,2,2,[2 8],4,15,17,11,4
1,<environment.Job instance at 0x150a269edc80>,5,2,[2 7],7,17,19,10,7
1,<environment.Job instance at 0x150a242e5960>,1,3,[2 9],2,2,5,0,2
1,<environment.Job instance at 0x150a24c94320>,0,3,[9 2],1,5,8,4,3
1,<environment.Job instance at 0x150a24f035f0>,5,3,[9 2],6,6,9,0,6
1,<environment.Job instance at 0x150a24f03a50>,7,1,[2 6],8,9,10,1,8
1,<environment.Job instance at 0x150a24f03c80>,8,13,[6 1],9,9,22,0,9
1,<environment.Job instance at 0x150a24f03dc0>,3,1,[6 2],4,22,23,18,9
1,<environment.Job instance at 0x1509e5067640>,0,2,[6 1],1,1,3,0,1
1,<environment.Job instance at 0x1509e5067730>,1,13,[2 8],2,2,15,0,2
1,<environment.Job instance at 0x1509e5067d20>,3,3,[1 8],4,15,18,11,4
1,<environment.Job instance at 0x1509e5067fa0>,5,2,[ 1 10],8,18,20,10,8
1,<environment.Job instance at 0x1509e5067140>,4,2,[8 1],7,9,11,2,9
1,<environment.Job instance at 0x1509e5e3fe60>,2,2,[10  1],5,5,7,0,5
1,<environment.Job instance at 0x1509dd16baa0>,3,3,[6 2],6,10,13,4,10
1,<environment.Job instance at 0x1509dd16dcd0>,0,2,[8 1],1,2,4,1,2
1,<environment.Job instance at 0x1509dd16d9b0>,2,2,[2 8],4,4,6,0,4
1,<environment.Job instance at 0x1509dd16df50>,3,1,[2 7],5,6,7,1,5
1,<environment.Job instance at 0x1509e45a9d70>,4,2,[2 7],6,7,9,1,6
1,<environment.Job instance at 0x1509e45a9500>,5,2,[2 7],7,9,11,2,7
1,<environment.Job instance at 0x1509e5216050>,0,3,[9 2],1,1,4,0,1
1,<environment.Job instance at 0x1509e5216be0>,2,1,[2 7],3,6,7,3,6
1,<environment.Job instance at 0x1509e6220eb0>,5,3,[9 2],6,6,9,0,6
1,<environment.Job instance at 0x1509e62204b0>,7,1,[2 6],8,9,10,1,8
1,<environment.Job instance at 0x1509e6220500>,8,13,[6 1],9,9,22,0,9
1,<environment.Job instance at 0x150a24edb3c0>,0,2,[6 1],1,1,3,0,1
1,<environment.Job instance at 0x1509e6a3ea00>,1,13,[2 8],2,2,15,0,2
1,<environment.Job instance at 0x1509e62208c0>,3,3,[1 8],4,15,18,11,4
1,<environment.Job instance at 0x1509e5847eb0>,4,2,[8 1],7,8,10,1,8
1,<environment.Job instance at 0x1509e6a3e7d0>,2,2,[10  1],5,5,7,0,5
1,<environment.Job instance at 0x1509e506b1e0>,3,3,[6 2],6,10,13,4,10
1,<environment.Job instance at 0x1509e7211550>,0,2,[8 1],1,1,3,0,1
1,<environment.Job instance at 0x1509e5796af0>,1,12,[ 1 10],2,3,15,1,2
1,<environment.Job instance at 0x1509e506bd20>,3,1,[2 7],5,15,16,10,5
1,<environment.Job instance at 0x1509dd443c30>,4,2,[2 7],6,16,18,10,6
1,<environment.Job instance at 0x1509dd443910>,6,16,[10  2],9,18,34,9,9
1,<environment.Job instance at 0x150a25d175a0>,4,2,[1 8],5,6,8,1,6
1,<environment.Job instance at 0x1509dd55e190>,5,3,[9 2],6,7,10,1,7
1,<environment.Job instance at 0x1509dd55e780>,3,1,[6 2],4,10,11,6,7
1,<environment.Job instance at 0x1509dd55e0a0>,7,1,[2 6],8,10,11,2,8
1,<environment.Job instance at 0x1509e5a66aa0>,0,2,[6 1],1,2,4,1,2
1,<environment.Job instance at 0x1509dd9c3320>,2,3,[1 8],3,3,6,0,3
1,<environment.Job instance at 0x1509ddeeffa0>,1,17,[6 1],3,3,20,0,3
1,<environment.Job instance at 0x150a25458e10>,5,3,[6 1],9,20,23,11,14
1,<environment.Job instance at 0x1509e6d21aa0>,2,2,[2 8],4,5,7,1,5
1,<environment.Job instance at 0x1509dd5c5550>,0,3,[9 2],1,1,4,0,1
1,<environment.Job instance at 0x150a254bd5f0>,1,3,[2 9],2,4,7,2,3
1,<environment.Job instance at 0x1509dd7910a0>,4,2,[1 8],5,235,237,230,235
1,<environment.Job instance at 0x1509de846eb0>,1,3,[1 9],2,6,9,4,6
1,<environment.Job instance at 0x1509de12c320>,5,3,[9 2],6,9,12,3,6
1,<environment.Job instance at 0x1509de846d70>,6,18,[8 1],7,12,30,5,8
1,<environment.Job instance at 0x1509e57974b0>,8,13,[6 1],9,30,43,21,15
1,<environment.Job instance at 0x1509e4901640>,0,2,[6 1],1,2,4,1,2
1,<environment.Job instance at 0x1509e4901eb0>,2,3,[1 8],3,3,6,0,3
1,<environment.Job instance at 0x1509e4617320>,1,13,[2 8],2,15,28,13,15
1,<environment.Job instance at 0x150a25272820>,1,17,[6 1],3,3,20,0,3
1,<environment.Job instance at 0x150a266d8d70>,6,16,[10  2],9,9,25,0,9
1,<environment.Job instance at 0x1509e7438320>,0,3,[9 2],1,1,4,0,1
1,<environment.Job instance at 0x1509de911b40>,1,3,[2 9],2,4,7,2,3
1,<environment.Job instance at 0x1509de087500>,5,3,[10  2],8,235,238,227,235
1,<environment.Job instance at 0x150a24e3b500>,1,3,[1 9],2,6,9,4,6
1,<environment.Job instance at 0x1509e5fa9c30>,5,3,[9 2],6,9,12,3,6
1,<environment.Job instance at 0x150a2515ae10>,6,18,[8 1],7,12,30,5,8
1,<environment.Job instance at 0x1509ddb744b0>,8,13,[6 1],9,30,43,21,15
1,<environment.Job instance at 0x1509dd5fb500>,0,2,[6 1],1,2,4,1,2
1,<environment.Job instance at 0x1509de7f51e0>,2,3,[1 8],3,3,6,0,3
1,<environment.Job instance at 0x1509e63621e0>,1,13,[2 8],2,9,22,7,9
1,<environment.Job instance at 0x1509e4e23b90>,1,17,[6 1],3,3,20,0,3
1,<environment.Job instance at 0x150a24e3b7d0>,3,3,[6 2],6,20,23,14,9
1,<environment.Job instance at 0x1509de0af9b0>,5,3,[6 1],9,23,26,14,14
1,<environment.Job instance at 0x1509dcc2faa0>,2,2,[2 8],4,23,25,19,23
1,<environment.Job instance at 0x1509e4b503c0>,2,1,[2 7],3,4,5,1,4
1,<environment.Job instance at 0x1509df0c40f0>,5,3,[10  2],8,8,11,0,8
1,<environment.Job instance at 0x1509e741a460>,1,3,[1 9],2,6,9,4,6
1,<environment.Job instance at 0x150a25964690>,3,1,[6 2],4,9,10,5,7
1,<environment.Job instance at 0x150a259648c0>,5,3,[9 2],6,17,20,11,17
1,<environment.Job instance at 0x1509dfeb4910>,0,2,[6 1],1,2,4,1,2
1,<environment.Job instance at 0x150a268473c0>,2,3,[1 8],3,3,6,0,3
1,<environment.Job instance at 0x1509df1cd5a0>,2,2,[10  1],5,10,12,5,10
1,<environment.Job instance at 0x1509dc905dc0>,6,16,[10  2],9,9,25,0,9
1,<environment.Job instance at 0x1509e6fb5280>,0,3,[9 2],1,2,5,1,2
1,<environment.Job instance at 0x1509ddd80370>,3,1,[6 2],4,7,8,3,7
1,<environment.Job instance at 0x1509dd5fd500>,7,1,[2 6],8,8,9,0,8
1,<environment.Job instance at 0x1509dd5fd9b0>,8,13,[6 1],9,9,22,0,9
1,<environment.Job instance at 0x1509df025be0>,0,2,[6 1],1,1,3,0,1
1,<environment.Job instance at 0x1509ddd80b90>,1,13,[2 8],2,2,15,0,2
1,<environment.Job instance at 0x1509ddea1730>,3,3,[1 8],4,15,18,11,4
1,<environment.Job instance at 0x1509df025050>,4,2,[8 1],7,10,12,3,10
1,<environment.Job instance at 0x1509dfd0f910>,2,2,[10  1],5,5,7,0,5
1,<environment.Job instance at 0x1509dfd0fb90>,5,3,[6 1],9,9,12,0,9
1,<environment.Job instance at 0x1509e48fa320>,6,16,[10  2],9,9,25,0,9
1,<environment.Job instance at 0x1509e48fa190>,0,3,[9 2],1,2,5,1,2
1,<environment.Job instance at 0x150a25e28b90>,8,13,[6 1],9,10,23,1,10
1,<environment.Job instance at 0x1509de51afa0>,1,17,[6 1],3,3,20,0,3
1,<environment.Job instance at 0x1509e6a2c640>,5,3,[6 1],9,20,23,11,9
1,<environment.Job instance at 0x1509dd0a62d0>,6,16,[10  2],9,9,25,0,9
1,<environment.Job instance at 0x1509dc69d410>,0,3,[9 2],1,1,4,0,1
1,<environment.Job instance at 0x1509e57f2e10>,2,1,[2 7],3,4,5,1,3
1,<environment.Job instance at 0x1509deddb190>,4,2,[1 8],5,5,7,0,5
1,<environment.Job instance at 0x1509de0afcd0>,1,3,[1 9],2,6,9,4,6
1,<environment.Job instance at 0x1509ddf40dc0>,6,18,[8 1],7,7,25,0,7
1,<environment.Job instance at 0x1509ddf40820>,7,1,[2 6],8,9,10,1,8
1,<environment.Job instance at 0x1509ddf40050>,8,13,[6 1],9,25,38,16,9
1,<environment.Job instance at 0x1509ddf40b90>,5,3,[9 2],6,38,41,32,24
1,<environment.Job instance at 0x1509e40dd9b0>,4,2,[8 1],7,7,9,0,7
1,<environment.Job instance at 0x1509e40dd370>,5,2,[ 1 10],8,9,11,1,8
1,<environment.Job instance at 0x1509e40dd320>,1,17,[6 1],3,3,20,0,3
1,<environment.Job instance at 0x1509e6bd56e0>,5,3,[6 1],9,20,23,11,9
1,<environment.Job instance at 0x1509e5781d70>,3,1,[2 7],5,5,6,0,5
1,<environment.Job instance at 0x1509e67d9230>,6,16,[10  2],9,9,25,0,9
1,<environment.Job instance at 0x1509e4af94b0>,1,3,[2 9],2,2,5,0,2
1,<environment.Job instance at 0x150a25d1e370>,3,1,[6 2],4,7,8,3,7
1,<environment.Job instance at 0x1509dc4845f0>,7,1,[2 6],8,8,9,0,8
1,<environment.Job instance at 0x1509dc484820>,8,13,[6 1],9,9,22,0,9
1,<environment.Job instance at 0x1509dd40c1e0>,0,2,[6 1],1,1,3,0,1
1,<environment.Job instance at 0x1509dd40c5a0>,1,13,[2 8],2,2,15,0,2
1,<environment.Job instance at 0x150a275855f0>,3,3,[1 8],4,15,18,11,7
1,<environment.Job instance at 0x150a2433fb90>,1,17,[6 1],3,4,21,1,4
1,<environment.Job instance at 0x1509deb19fa0>,6,16,[10  2],9,9,25,0,9
1,<environment.Job instance at 0x1509df073280>,0,3,[9 2],1,2,5,1,2
1,<environment.Job instance at 0x1509d754b910>,6,18,[8 1],7,8,26,1,8
1,<environment.Job instance at 0x1509d754ba50>,8,13,[6 1],9,26,39,17,11
1,<environment.Job instance at 0x1509d754b870>,5,2,[ 1 10],8,10,12,2,10
1,<environment.Job instance at 0x1509df6cc460>,0,1,[2 5],1,2,3,1,2
1,<environment.Job instance at 0x1509dc5d8a50>,1,17,[6 1],3,5,22,2,5
1,<environment.Job instance at 0x1509dd7c9e10>,3,3,[6 2],6,22,25,16,6
1,<environment.Job instance at 0x1509d75636e0>,5,3,[6 1],9,25,28,16,9
1,<environment.Job instance at 0x1509e51c56e0>,6,16,[10  2],9,9,25,0,9
1,<environment.Job instance at 0x1509e49562d0>,2,1,[2 7],3,4,5,1,4
1,<environment.Job instance at 0x1509e7472e10>,4,2,[1 8],5,5,7,0,5
1,<environment.Job instance at 0x1509d7b75780>,1,3,[1 9],2,2,5,0,2
1,<environment.Job instance at 0x1509d7b753c0>,5,3,[9 2],6,6,9,0,6
1,<environment.Job instance at 0x1509d7b75230>,6,18,[8 1],7,9,27,2,8
1,<environment.Job instance at 0x1509d7b75c80>,8,13,[6 1],9,27,40,18,11
1,<environment.Job instance at 0x1509d7b75f50>,4,2,[7 2],5,40,42,35,24
1,<environment.Job instance at 0x150a2545de60>,0,1,[2 5],1,3,4,2,3
1,<environment.Job instance at 0x1509dc343a50>,3,3,[6 2],6,6,9,0,6
1,<environment.Job instance at 0x1509dc343cd0>,0,2,[8 1],1,1,3,0,1
1,<environment.Job instance at 0x1509d7b69320>,1,12,[ 1 10],2,3,15,1,2
1,<environment.Job instance at 0x1509dc343dc0>,2,2,[2 8],4,15,17,11,6
1,<environment.Job instance at 0x1509d7cf7d20>,0,3,[9 2],1,3,6,2,3
1,<environment.Job instance at 0x150a269de690>,0,12,[2 5],1,2,14,1,2
1,<environment.Job instance at 0x1509e779aaf0>,8,13,[6 1],9,9,22,0,9
1,<environment.Job instance at 0x150a29a86a50>,1,17,[6 1],3,3,20,0,3
1,<environment.Job instance at 0x1509d78245a0>,6,16,[10  2],9,9,25,0,9
1,<environment.Job instance at 0x1509dc3b14b0>,1,3,[2 9],2,3,6,1,3
1,<environment.Job instance at 0x1509dc7fd9b0>,0,12,[2 5],1,2,14,1,2
1,<environment.Job instance at 0x150a2700b410>,8,13,[6 1],9,15,28,6,15
1,<environment.Job instance at 0x1509dc5b5eb0>,2,2,[10  1],5,5,7,0,5
1,<environment.Job instance at 0x1509e5e7daa0>,3,3,[6 2],6,7,10,1,6
1,<environment.Job instance at 0x1509de05b320>,6,16,[10  2],9,9,25,0,9
1,<environment.Job instance at 0x1509d70d69b0>,0,3,[9 2],1,3,6,2,3
1,<environment.Job instance at 0x1509d75db3c0>,0,12,[2 5],1,2,14,1,2
1,<environment.Job instance at 0x1509de8737d0>,8,13,[6 1],9,15,28,6,15
1,<environment.Job instance at 0x1509dcfde6e0>,3,3,[1 8],4,4,7,0,4
1,<environment.Job instance at 0x1509ddba3f00>,1,17,[6 1],3,5,22,2,5
1,<environment.Job instance at 0x150a243d6c80>,6,16,[10  2],9,9,25,0,9
1,<environment.Job instance at 0x150a26f500a0>,0,3,[9 2],1,1,4,0,1
1,<environment.Job instance at 0x150a26f50aa0>,1,3,[2 9],2,4,7,2,2
1,<environment.Job instance at 0x1509d74734b0>,0,12,[2 5],1,2,14,1,2
1,<environment.Job instance at 0x1509dc4a4780>,8,13,[6 1],9,15,28,6,15
1,<environment.Job instance at 0x1509dc678aa0>,3,3,[1 8],4,4,7,0,4
1,<environment.Job instance at 0x1509e6ed2140>,2,2,[10  1],5,5,7,0,5
1,<environment.Job instance at 0x1509e486ac30>,3,3,[6 2],6,7,10,1,6
1,<environment.Job instance at 0x1509dc79a1e0>,2,2,[2 8],4,4,6,0,4
1,<environment.Job instance at 0x1509dc79a5f0>,5,2,[2 7],7,11,13,4,11
1,<environment.Job instance at 0x1509de47ac30>,0,12,[2 5],1,2,14,1,2
1,<environment.Job instance at 0x150a268f8190>,8,13,[6 1],9,15,28,6,15
1,<environment.Job instance at 0x1509e4c7d0a0>,3,3,[1 8],4,4,7,0,4
1,<environment.Job instance at 0x1509e51ff1e0>,4,2,[8 1],7,7,9,0,7
1,<environment.Job instance at 0x1509dc5db280>,2,2,[10  1],5,5,7,0,5
1,<environment.Job instance at 0x1509df6bd320>,3,3,[6 2],6,7,10,1,6
1,<environment.Job instance at 0x1509d6c4faf0>,6,16,[10  2],9,9,25,0,9
1,<environment.Job instance at 0x1509d6c513c0>,0,3,[9 2],1,2,5,1,2
1,<environment.Job instance at 0x1509e6d69780>,2,1,[2 7],3,5,6,2,4
1,<environment.Job instance at 0x1509d7c72be0>,0,12,[2 5],1,2,14,1,2
1,<environment.Job instance at 0x1509dc6cf0a0>,8,13,[6 1],9,9,22,0,9
1,<environment.Job instance at 0x1509dc811320>,0,1,[2 5],1,6,7,5,6
1,<environment.Job instance at 0x1509de6901e0>,1,12,[ 1 10],2,2,14,0,2
1,<environment.Job instance at 0x1509dc90f960>,2,2,[2 8],4,14,16,10,6
1,<environment.Job instance at 0x1509dd35dcd0>,6,16,[10  2],9,16,32,7,10
1,<environment.Job instance at 0x150a2619e050>,2,1,[2 7],3,3,4,0,3
1,<environment.Job instance at 0x1509d7f78d20>,4,2,[1 8],5,5,7,0,5
1,<environment.Job instance at 0x1509e56aae10>,5,3,[10  2],8,8,11,0,8
1,<environment.Job instance at 0x1509d6fdd050>,0,12,[2 5],1,2,14,1,2
1,<environment.Job instance at 0x150a26d5ca00>,8,13,[6 1],9,9,22,0,9
1,<environment.Job instance at 0x1509dda7ee10>,3,3,[1 8],4,4,7,0,4
1,<environment.Job instance at 0x1509dda7e7d0>,2,2,[10  1],5,5,7,0,5
1,<environment.Job instance at 0x1509de0af370>,3,3,[6 2],6,7,10,1,6
1,<environment.Job instance at 0x1509d7e8b8c0>,6,16,[10  2],9,9,25,0,9
1,<environment.Job instance at 0x1509d7e830a0>,1,3,[2 9],2,3,6,1,3
1,<environment.Job instance at 0x150a26fbfaf0>,0,12,[2 5],1,2,14,1,2
1,<environment.Job instance at 0x1509d6f61b90>,8,13,[6 1],9,9,22,0,9
1,<environment.Job instance at 0x1509dd385aa0>,3,3,[1 8],4,4,7,0,4
1,<environment.Job instance at 0x1509e5bacdc0>,1,17,[6 1],3,5,22,2,5
1,<environment.Job instance at 0x1509d7b5b370>,0,2,[8 1],1,1,3,0,1
1,<environment.Job instance at 0x1509d6e4baf0>,1,12,[ 1 10],2,3,15,1,2
1,<environment.Job instance at 0x1509d7b5b640>,2,2,[2 8],4,15,17,11,6
1,<environment.Job instance at 0x1509d6617dc0>,5,2,[2 7],7,17,19,10,7
1,<environment.Job instance at 0x1509d6617410>,6,16,[10  2],9,19,35,10,9
1,<environment.Job instance at 0x1509d7b5bd20>,4,2,[2 7],6,35,37,29,31
1,<environment.Job instance at 0x150a2644e5a0>,0,3,[9 2],1,1,4,0,1
1,<environment.Job instance at 0x150a26de34b0>,1,3,[2 9],2,4,7,2,2
1,<environment.Job instance at 0x1509d7ad2460>,0,12,[2 5],1,2,14,1,2
1,<environment.Job instance at 0x1509d73b5500>,8,13,[6 1],9,9,22,0,9
1,<environment.Job instance at 0x1509dd7d8b40>,3,3,[1 8],4,4,7,0,4
1,<environment.Job instance at 0x1509d73b5230>,1,17,[6 1],3,3,20,0,3
1,<environment.Job instance at 0x1509d697dcd0>,6,16,[10  2],9,9,25,0,9
1,<environment.Job instance at 0x1509d6974690>,0,3,[9 2],1,2,5,1,2
1,<environment.Job instance at 0x1509ded73780>,0,12,[2 5],1,2,14,1,2
1,<environment.Job instance at 0x1509e590b820>,8,13,[6 1],9,9,22,0,9
1,<environment.Job instance at 0x1509ded73410>,5,3,[9 2],6,22,25,16,17
1,<environment.Job instance at 0x1509e4c61b90>,0,2,[6 1],1,1,3,0,1
1,<environment.Job instance at 0x1509d76ca910>,1,13,[2 8],2,2,15,0,2
1,<environment.Job instance at 0x150a250116e0>,3,3,[1 8],4,15,18,11,5
1,<environment.Job instance at 0x1509dd7ce320>,1,17,[6 1],3,6,23,3,6
1,<environment.Job instance at 0x1509d6516aa0>,2,2,[2 8],4,4,6,0,4
1,<environment.Job instance at 0x1509ded73f00>,6,16,[10  2],9,9,25,0,9
1,<environment.Job instance at 0x1509df45c690>,0,12,[2 5],1,2,14,1,2
1,<environment.Job instance at 0x1509e53fde60>,1,13,[2 8],2,2,15,0,2
1,<environment.Job instance at 0x1509d7ec5500>,1,17,[6 1],3,5,22,2,5
1,<environment.Job instance at 0x1509e5916d20>,2,2,[2 8],4,4,6,0,4
1,<environment.Job instance at 0x1509d7caaa50>,3,1,[2 7],5,6,7,1,5
1,<environment.Job instance at 0x1509d7caa8c0>,5,2,[2 7],7,7,9,0,7
1,<environment.Job instance at 0x1509d6cf6690>,6,16,[10  2],9,9,25,0,9
1,<environment.Job instance at 0x1509e4f5e0f0>,1,3,[2 9],2,2,5,0,2
1,<environment.Job instance at 0x1509e47d7e10>,0,12,[2 5],1,2,14,1,2
1,<environment.Job instance at 0x1509dd0be7d0>,0,2,[6 1],1,2,4,1,2
1,<environment.Job instance at 0x1509e49e73c0>,2,3,[1 8],3,4,7,1,4
1,<environment.Job instance at 0x1509d696c3c0>,0,1,[2 5],1,2,3,1,2
1,<environment.Job instance at 0x1509df50bd20>,1,17,[6 1],3,43,60,40,43
1,<environment.Job instance at 0x1509e75eaf50>,0,2,[8 1],1,2,4,1,2
1,<environment.Job instance at 0x1509d66bf190>,6,16,[10  2],9,9,25,0,9
1,<environment.Job instance at 0x1509e5471140>,5,3,[10  2],8,8,11,0,8
1,<environment.Job instance at 0x1509de41ba00>,0,12,[2 5],1,2,14,1,2
1,<environment.Job instance at 0x1509d7490820>,3,3,[1 8],4,4,7,0,4
1,<environment.Job instance at 0x1509e5afb460>,2,2,[10  1],5,6,8,1,6
1,<environment.Job instance at 0x1509dc41b2d0>,0,2,[8 1],1,2,4,1,2
1,<environment.Job instance at 0x1509d5d70550>,6,16,[10  2],9,9,25,0,9
1,<environment.Job instance at 0x1509dc854190>,0,3,[9 2],1,2,5,1,2
1,<environment.Job instance at 0x1509df02ed70>,0,12,[2 5],1,2,14,1,2
1,<environment.Job instance at 0x1509d62bf960>,6,18,[8 1],7,7,25,0,7
1,<environment.Job instance at 0x1509df02ee10>,5,3,[9 2],6,28,31,22,28
1,<environment.Job instance at 0x1509d68adb90>,3,3,[1 8],4,4,7,0,4
1,<environment.Job instance at 0x1509d6f9d730>,4,2,[8 1],7,7,9,0,7
1,<environment.Job instance at 0x1509dc8ee690>,2,2,[10  1],5,5,7,0,5
1,<environment.Job instance at 0x1509dce7d0a0>,3,3,[6 2],6,7,10,1,6
1,<environment.Job instance at 0x1509e5a52dc0>,0,2,[8 1],1,2,4,1,2
1,<environment.Job instance at 0x1509df6cd6e0>,6,16,[10  2],9,9,25,0,9
1,<environment.Job instance at 0x1509dd5d44b0>,1,3,[2 9],2,2,5,0,2
1,<environment.Job instance at 0x1509d77ab140>,0,12,[2 5],1,2,14,1,2
1,<environment.Job instance at 0x1509d7a9ed20>,6,18,[8 1],7,16,34,9,16
1,<environment.Job instance at 0x1509e4ad3be0>,5,3,[9 2],6,42,45,36,42
1,<environment.Job instance at 0x1509d6ea9730>,0,2,[6 1],1,2,4,1,2
1,<environment.Job instance at 0x1509dc1975f0>,2,3,[1 8],3,3,6,0,3
1,<environment.Job instance at 0x1509dccf7820>,1,17,[6 1],3,7,24,4,7
1,<environment.Job instance at 0x1509e5d77fa0>,1,12,[ 1 10],2,2,14,0,2
1,<environment.Job instance at 0x150a25cbb370>,6,16,[10  2],9,14,30,5,9
1,<environment.Job instance at 0x150a25cbbc30>,5,2,[2 7],7,30,32,23,27
1,<environment.Job instance at 0x1509d5c10050>,2,1,[2 7],3,3,4,0,3
1,<environment.Job instance at 0x1509d7a59460>,0,12,[2 5],1,2,14,1,2
1,<environment.Job instance at 0x150a24b72f50>,4,2,[8 1],7,8,10,1,8
1,<environment.Job instance at 0x1509e5071500>,3,3,[6 2],6,10,13,4,10
1,<environment.Job instance at 0x1509dc8eef50>,3,1,[2 7],5,6,7,1,6
1,<environment.Job instance at 0x1509d6a943c0>,6,16,[10  2],9,9,25,0,9
1,<environment.Job instance at 0x1509e6943820>,1,3,[2 9],2,2,5,0,2
1,<environment.Job instance at 0x150a2684d0f0>,0,12,[2 5],1,2,14,1,2
1,<environment.Job instance at 0x1509e4739aa0>,6,18,[8 1],7,15,33,8,15
1,<environment.Job instance at 0x1509de4de960>,0,2,[6 1],1,2,4,1,2
1,<environment.Job instance at 0x1509d5fb50a0>,2,3,[1 8],3,3,6,0,3
1,<environment.Job instance at 0x1509defc8410>,3,3,[1 8],4,6,9,2,5
1,<environment.Job instance at 0x1509d7877a50>,1,17,[6 1],3,6,23,3,6
1,<environment.Job instance at 0x1509d5b90c80>,2,2,[2 8],4,4,6,0,4
1,<environment.Job instance at 0x1509dc8d6b40>,6,16,[10  2],9,9,25,0,9
1,<environment.Job instance at 0x1509dc9e79b0>,0,12,[2 5],1,2,14,1,2
1,<environment.Job instance at 0x150a24b54aa0>,4,2,[2 7],6,7,9,1,7
1,<environment.Job instance at 0x1509d59b83c0>,6,16,[10  2],9,9,25,0,9
1,<environment.Job instance at 0x1509d6bf66e0>,1,3,[2 9],2,3,6,1,3
1,<environment.Job instance at 0x150a2428ec80>,0,12,[2 5],1,2,14,1,2
1,<environment.Job instance at 0x1509deddf230>,5,3,[9 2],6,28,31,22,28
1,<environment.Job instance at 0x1509e6998c30>,2,2,[2 8],4,4,6,0,4
1,<environment.Job instance at 0x1509e679d820>,0,12,[2 5],1,2,14,1,2
1,<environment.Job instance at 0x1509e73cd280>,0,2,[6 1],1,1,3,0,1
1,<environment.Job instance at 0x1509dd406870>,1,13,[2 8],2,2,15,0,2
1,<environment.Job instance at 0x1509d733f140>,0,2,[8 1],1,1,3,0,1
1,<environment.Job instance at 0x150a255258c0>,1,12,[ 1 10],2,3,15,1,2
1,<environment.Job instance at 0x1509d5c52960>,6,16,[10  2],9,15,31,6,9
1,<environment.Job instance at 0x1509d47ae3c0>,5,3,[10  2],8,17,20,9,17
1,<environment.Job instance at 0x1509d45c2460>,0,12,[2 5],1,2,14,1,2
1,<environment.Job instance at 0x150a24499cd0>,5,2,[ 1 10],8,8,10,0,8
1,<environment.Job instance at 0x1509dcfd4550>,0,1,[2 5],1,2,3,1,2
1,<environment.Job instance at 0x1509dde99190>,1,17,[6 1],3,105,122,102,105
1,<environment.Job instance at 0x150a2584f1e0>,4,2,[2 7],6,7,9,1,7
1,<environment.Job instance at 0x150a2584fbe0>,6,16,[10  2],9,9,25,0,9
1,<environment.Job instance at 0x150a24a4bfa0>,0,12,[2 5],1,2,14,1,2
1,<environment.Job instance at 0x1509ddb5f960>,0,1,[2 5],1,2,3,1,2
1,<environment.Job instance at 0x1509d6330640>,1,17,[6 1],3,105,122,102,105
1,<environment.Job instance at 0x150a25a29140>,6,16,[10  2],9,9,25,0,9
1,<environment.Job instance at 0x1509d47371e0>,0,12,[2 5],1,2,14,1,2
1,<environment.Job instance at 0x1509d4437f00>,0,1,[2 5],1,2,3,1,2
1,<environment.Job instance at 0x1509e6a110f0>,0,2,[8 1],1,2,4,1,2
1,<environment.Job instance at 0x1509e57254b0>,6,16,[10  2],9,9,25,0,9
1,<environment.Job instance at 0x1509e777f190>,0,3,[9 2],1,2,5,1,2
1,<environment.Job instance at 0x1509d7169140>,0,12,[2 5],1,2,14,1,2
1,<environment.Job instance at 0x1509d738c0f0>,5,3,[9 2],6,40,43,34,40
1,<environment.Job instance at 0x1509dfcc9690>,1,13,[2 8],2,2,15,0,2
1,<environment.Job instance at 0x1509dea48370>,1,17,[6 1],3,5,22,2,5
1,<environment.Job instance at 0x150a26273b40>,3,1,[2 7],5,5,6,0,5
1,<environment.Job instance at 0x1509e71a2af0>,6,16,[10  2],9,9,25,0,9
1,<environment.Job instance at 0x1509d564e960>,1,3,[2 9],2,2,5,0,2
1,<environment.Job instance at 0x1509d604fe60>,0,12,[2 5],1,2,14,1,2
1,<environment.Job instance at 0x1509d579a0a0>,6,18,[8 1],7,16,34,9,16
1,<environment.Job instance at 0x150a25143af0>,5,3,[9 2],6,38,41,32,38
1,<environment.Job instance at 0x150a27a89780>,1,13,[2 8],2,2,15,0,2
1,<environment.Job instance at 0x1509d7c0f1e0>,1,17,[6 1],3,5,22,2,5
1,<environment.Job instance at 0x1509df19d230>,6,16,[10  2],9,9,25,0,9
1,<environment.Job instance at 0x1509e6f55dc0>,1,3,[2 9],2,2,5,0,2
1,<environment.Job instance at 0x1509d747a320>,0,12,[2 5],1,2,14,1,2
1,<environment.Job instance at 0x150a24bde4b0>,6,18,[8 1],7,9,27,2,9
1,<environment.Job instance at 0x1509d751bd20>,1,17,[6 1],3,5,22,2,5
1,<environment.Job instance at 0x150a268947d0>,0,2,[8 1],1,1,3,0,1
1,<environment.Job instance at 0x150a26894280>,1,12,[ 1 10],2,3,15,1,2
1,<environment.Job instance at 0x1509e76ec550>,4,2,[2 7],6,15,17,9,6
1,<environment.Job instance at 0x1509e76ecaf0>,6,16,[10  2],9,17,33,8,9
1,<environment.Job instance at 0x1509d7302c80>,0,3,[9 2],1,1,4,0,1
1,<environment.Job instance at 0x1509d7e0f230>,1,3,[2 9],2,4,7,2,2
1,<environment.Job instance at 0x1509d64d9190>,0,12,[2 5],1,2,14,1,2
1,<environment.Job instance at 0x1509d64585a0>,6,18,[8 1],7,15,33,8,15
1,<environment.Job instance at 0x1509d4867f00>,2,3,[1 8],3,4,7,1,4
1,<environment.Job instance at 0x1509ddca88c0>,1,17,[6 1],3,6,23,3,6
1,<environment.Job instance at 0x1509d5401eb0>,6,16,[10  2],9,9,25,0,9
1,<environment.Job instance at 0x1509d76cac30>,0,3,[9 2],1,2,5,1,2
1,<environment.Job instance at 0x1509e4ff2730>,5,3,[10  2],8,10,13,2,10
1,<environment.Job instance at 0x1509d6da4d70>,0,12,[2 5],1,2,14,1,2
1,<environment.Job instance at 0x1509d44316e0>,8,13,[6 1],9,15,28,6,15
1,<environment.Job instance at 0x1509d44315a0>,1,17,[6 1],3,5,22,2,5
1,<environment.Job instance at 0x1509cc36fdc0>,0,2,[8 1],1,1,3,0,1
1,<environment.Job instance at 0x1509cc2f4f50>,1,12,[ 1 10],2,3,15,1,2
1,<environment.Job instance at 0x1509d779aeb0>,0,12,[2 5],1,2,14,1,2
1,<environment.Job instance at 0x1509d7abd640>,8,13,[6 1],9,15,28,6,15
1,<environment.Job instance at 0x1509dc252c30>,1,17,[6 1],3,5,22,2,5
1,<environment.Job instance at 0x1509d68ffd70>,0,2,[8 1],1,1,3,0,1
1,<environment.Job instance at 0x1509df038be0>,1,12,[ 1 10],2,3,15,1,2
1,<environment.Job instance at 0x1509ddf8a370>,6,16,[10  2],9,15,31,6,9
1,<environment.Job instance at 0x1509d7caa280>,1,3,[2 9],2,2,5,0,2
1,<environment.Job instance at 0x1509e6639f50>,0,12,[2 5],1,2,14,1,2
1,<environment.Job instance at 0x1509d6c8a370>,0,1,[2 5],1,2,3,1,2
1,<environment.Job instance at 0x1509d4f9c9b0>,1,17,[6 1],3,43,60,40,43
1,<environment.Job instance at 0x1509dce576e0>,0,2,[8 1],1,3,5,2,3
1,<environment.Job instance at 0x1509cfe825f0>,5,2,[2 7],7,7,9,0,7
1,<environment.Job instance at 0x1509dd632730>,6,16,[10  2],9,9,25,0,9
1,<environment.Job instance at 0x1509cfe82d70>,0,3,[9 2],1,2,5,1,2
1,<environment.Job instance at 0x1509d7f475f0>,4,2,[1 8],5,7,9,2,7
1,<environment.Job instance at 0x1509d716f190>,0,12,[2 5],1,2,14,1,2
1,<environment.Job instance at 0x150a271ce5a0>,8,13,[6 1],9,16,29,7,16
1,<environment.Job instance at 0x150a2428e460>,1,17,[6 1],3,8,25,5,8
1,<environment.Job instance at 0x1509d60b1e60>,3,1,[2 7],5,5,6,0,5
1,<environment.Job instance at 0x1509d5bb2d70>,6,16,[10  2],9,9,25,0,9
1,<environment.Job instance at 0x150a25b6b280>,2,1,[2 7],3,3,4,0,3
1,<environment.Job instance at 0x1509df227af0>,0,12,[2 5],1,1,13,0,1
1,<environment.Job instance at 0x1509d67da280>,5,3,[9 2],6,13,16,7,6
1,<environment.Job instance at 0x1509df2271e0>,6,18,[8 1],7,16,34,9,10
1,<environment.Job instance at 0x1509d70974b0>,0,2,[6 1],1,2,4,1,2
1,<environment.Job instance at 0x1509cbe08d70>,0,1,[2 5],1,1,2,0,1
1,<environment.Job instance at 0x1509cc1447d0>,1,17,[6 1],3,4,21,1,4
1,<environment.Job instance at 0x1509dcd6e870>,2,2,[10  1],5,21,23,16,5
1,<environment.Job instance at 0x150a25a61e60>,3,3,[6 2],6,23,26,17,11
1,<environment.Job instance at 0x1509cc144320>,5,3,[6 1],9,37,40,28,37
1,<environment.Job instance at 0x150a25a61fa0>,1,12,[ 1 10],2,2,14,0,2
1,<environment.Job instance at 0x1509d5bea640>,6,16,[10  2],9,14,30,5,9
1,<environment.Job instance at 0x150a24902b40>,0,3,[9 2],1,1,4,0,1
1,<environment.Job instance at 0x1509d77beb40>,0,12,[2 5],1,2,14,1,2
1,<environment.Job instance at 0x1509d7a23320>,8,13,[6 1],9,15,28,6,15
1,<environment.Job instance at 0x1509e56aaf00>,3,3,[1 8],4,4,7,0,4
1,<environment.Job instance at 0x1509d7a230a0>,4,2,[8 1],7,8,10,1,8
1,<environment.Job instance at 0x1509d78ac780>,1,17,[6 1],3,14,31,11,14
1,<environment.Job instance at 0x1509dc4ac190>,4,2,[2 7],6,7,9,1,7
1,<environment.Job instance at 0x1509dc4acfa0>,6,16,[10  2],9,9,25,0,9
1,<environment.Job instance at 0x1509df5b9280>,0,3,[9 2],1,1,4,0,1
1,<environment.Job instance at 0x1509e4c48190>,1,3,[2 9],2,4,7,2,3
1,<environment.Job instance at 0x150a26116370>,0,12,[2 5],1,2,14,1,2
1,<environment.Job instance at 0x1509cc07d0a0>,6,18,[8 1],7,9,27,2,9
1,<environment.Job instance at 0x1509dddd8c30>,3,3,[1 8],4,4,7,0,4
1,<environment.Job instance at 0x1509cc3919b0>,0,1,[2 5],1,1,2,0,1
1,<environment.Job instance at 0x1509cc391230>,1,17,[6 1],3,4,21,1,4
1,<environment.Job instance at 0x1509e75c1320>,6,16,[10  2],9,9,25,0,9
1,<environment.Job instance at 0x1509ddd09140>,0,3,[9 2],1,1,4,0,1
1,<environment.Job instance at 0x1509d7db0500>,0,12,[2 5],1,1,13,0,1
1,<environment.Job instance at 0x1509cc25d2d0>,5,3,[9 2],6,13,16,7,6
1,<environment.Job instance at 0x1509cc25d5f0>,6,18,[8 1],7,16,34,9,10
1,<environment.Job instance at 0x1509cc243460>,0,2,[6 1],1,5,7,4,5
1,<environment.Job instance at 0x1509cbe999b0>,4,2,[8 1],7,9,11,2,9
1,<environment.Job instance at 0x1509cbe6f6e0>,1,17,[6 1],3,7,24,4,7
1,<environment.Job instance at 0x1509dfd0f5a0>,2,2,[2 8],4,4,6,0,4
1,<environment.Job instance at 0x1509d4ec5b90>,6,16,[10  2],9,9,25,0,9
1,<environment.Job instance at 0x1509dc88a0f0>,0,3,[9 2],1,1,4,0,1
1,<environment.Job instance at 0x1509e6d23e10>,5,3,[10  2],8,9,12,1,9
1,<environment.Job instance at 0x1509d5137320>,0,12,[2 5],1,1,13,0,1
1,<environment.Job instance at 0x1509d795c550>,8,13,[6 1],9,15,28,6,15
1,<environment.Job instance at 0x150a249662d0>,1,17,[6 1],3,5,22,2,5
1,<environment.Job instance at 0x1509e5d92780>,1,12,[ 1 10],2,2,14,0,2
1,<environment.Job instance at 0x1509de5adc80>,4,2,[2 7],6,14,16,8,8
1,<environment.Job instance at 0x150a24c25460>,6,16,[10  2],9,16,32,7,9
1,<environment.Job instance at 0x150a24c25f00>,1,3,[2 9],2,2,5,0,2
1,<environment.Job instance at 0x1509d4e5a1e0>,5,3,[10  2],8,9,12,1,9
1,<environment.Job instance at 0x1509e5cff6e0>,0,12,[2 5],1,2,14,1,2
1,<environment.Job instance at 0x1509df7e15a0>,6,18,[8 1],7,16,34,9,16
1,<environment.Job instance at 0x1509d47cf960>,1,12,[ 1 10],2,2,14,0,2
1,<environment.Job instance at 0x150a2555fcd0>,6,16,[10  2],9,14,30,5,9
1,<environment.Job instance at 0x1509de5e2050>,0,12,[2 5],1,1,13,0,1
1,<environment.Job instance at 0x1509cefeb230>,8,13,[6 1],9,10,23,1,10
1,<environment.Job instance at 0x1509dc288a50>,1,17,[6 1],3,5,22,2,5
1,<environment.Job instance at 0x1509d73a9820>,6,16,[10  2],9,9,25,0,9
1,<environment.Job instance at 0x1509d63d18c0>,0,12,[2 5],1,2,14,1,2
1,<environment.Job instance at 0x1509dc79d370>,6,18,[8 1],7,9,27,2,9
1,<environment.Job instance at 0x1509ce90a9b0>,5,2,[ 1 10],8,8,10,0,8
1,<environment.Job instance at 0x1509ce90ab90>,1,17,[6 1],3,5,22,2,5
1,<environment.Job instance at 0x1509ceb62d20>,6,16,[10  2],9,9,25,0,9
1,<environment.Job instance at 0x1509d4a4b140>,1,3,[2 9],2,2,5,0,2
1,<environment.Job instance at 0x1509ce8282d0>,0,12,[2 5],1,2,14,1,2
1,<environment.Job instance at 0x1509ce828a00>,6,18,[8 1],7,9,27,2,9
1,<environment.Job instance at 0x1509d659fa00>,3,3,[1 8],4,4,7,0,4
1,<environment.Job instance at 0x1509d659f5a0>,0,1,[2 5],1,1,2,0,1
1,<environment.Job instance at 0x1509d659f230>,1,17,[6 1],3,4,21,1,4
1,<environment.Job instance at 0x1509cf1fdf00>,6,16,[10  2],9,9,25,0,9
1,<environment.Job instance at 0x1509d59cbaf0>,1,3,[2 9],2,3,6,1,3
1,<environment.Job instance at 0x1509dd9c9230>,0,12,[2 5],1,1,13,0,1
1,<environment.Job instance at 0x1509d4b333c0>,8,13,[6 1],9,10,23,1,10
1,<environment.Job instance at 0x1509de61fd20>,3,3,[1 8],4,4,7,0,4
1,<environment.Job instance at 0x1509e5e33370>,0,1,[2 5],1,1,2,0,1
1,<environment.Job instance at 0x1509e5e33b90>,1,17,[6 1],3,3,20,0,3
1,<environment.Job instance at 0x1509dd0a3d20>,0,2,[8 1],1,2,4,1,2
1,<environment.Job instance at 0x150a200c6960>,6,16,[10  2],9,9,25,0,9
1,<environment.Job instance at 0x1509d71d9f50>,0,3,[9 2],1,1,4,0,1
1,<environment.Job instance at 0x1509d51e3960>,5,3,[10  2],8,8,11,0,8
1,<environment.Job instance at 0x1509d4e38640>,0,12,[2 5],1,2,14,1,2
1,<environment.Job instance at 0x1509dfcccc80>,6,18,[8 1],7,16,34,9,16
1,<environment.Job instance at 0x1509ce0eb0a0>,1,12,[ 1 10],2,2,14,0,2
1,<environment.Job instance at 0x150a26f474b0>,6,16,[10  2],9,14,30,5,9
1,<environment.Job instance at 0x1509e58477d0>,1,3,[2 9],2,3,6,1,3
1,<environment.Job instance at 0x1509d6919230>,0,12,[2 5],1,1,13,0,1
1,<environment.Job instance at 0x1509de8bc140>,8,13,[6 1],9,10,23,1,10
1,<environment.Job instance at 0x1509cbe962d0>,3,3,[1 8],4,4,7,0,4
1,<environment.Job instance at 0x1509cbe967d0>,5,2,[ 1 10],8,8,10,0,8
1,<environment.Job instance at 0x1509d764e6e0>,1,17,[6 1],3,5,22,2,5
1,<environment.Job instance at 0x1509e5343dc0>,5,3,[6 1],9,22,25,13,9
1,<environment.Job instance at 0x1509d647ca50>,6,16,[10  2],9,9,25,0,9
1,<environment.Job instance at 0x150a253d3aa0>,0,3,[9 2],1,1,4,0,1
1,<environment.Job instance at 0x150a269f6b90>,1,3,[2 9],2,4,7,2,3
1,<environment.Job instance at 0x150a262db460>,0,12,[2 5],1,2,14,1,2
1,<environment.Job instance at 0x1509ce3072d0>,6,18,[8 1],7,9,27,2,9
1,<environment.Job instance at 0x1509ce40df00>,4,2,[8 1],7,7,9,0,7
1,<environment.Job instance at 0x1509ceb297d0>,1,17,[6 1],3,5,22,2,5
1,<environment.Job instance at 0x1509cf15cf50>,1,12,[ 1 10],2,2,14,0,2
1,<environment.Job instance at 0x1509cf020f00>,6,16,[10  2],9,14,30,5,9
1,<environment.Job instance at 0x1509ce15c280>,0,12,[2 5],1,1,13,0,1
1,<environment.Job instance at 0x1509cc215be0>,8,13,[6 1],9,10,23,1,10
1,<environment.Job instance at 0x1509d5ed1e10>,3,3,[1 8],4,4,7,0,4
1,<environment.Job instance at 0x1509cc361a50>,4,2,[8 1],7,8,10,1,8
1,<environment.Job instance at 0x1509dd836320>,1,17,[6 1],3,5,22,2,5
1,<environment.Job instance at 0x1509d6552c30>,1,12,[ 1 10],2,2,14,0,2
1,<environment.Job instance at 0x1509d6739be0>,6,16,[10  2],9,14,30,5,9
1,<environment.Job instance at 0x1509ccffd870>,0,12,[2 5],1,1,13,0,1
1,<environment.Job instance at 0x1509ce435d20>,8,13,[6 1],9,15,28,6,15
1,<environment.Job instance at 0x1509cde3b8c0>,1,17,[6 1],3,3,20,0,3
1,<environment.Job instance at 0x150a268f3f00>,6,16,[10  2],9,9,25,0,9
1,<environment.Job instance at 0x1509d5f1ca00>,5,3,[10  2],8,18,21,10,18
1,<environment.Job instance at 0x1509cee4afa0>,0,12,[2 5],1,1,13,0,1
1,<environment.Job instance at 0x1509d78909b0>,8,13,[6 1],9,10,23,1,10
1,<environment.Job instance at 0x1509d6f24af0>,1,17,[6 1],3,3,20,0,3
1,<environment.Job instance at 0x1509ceee70f0>,6,16,[10  2],9,9,25,0,9
1,<environment.Job instance at 0x1509df42c500>,1,3,[2 9],2,2,5,0,2
1,<environment.Job instance at 0x1509dea5caa0>,2,1,[2 7],3,5,6,2,3
1,<environment.Job instance at 0x150a20111dc0>,0,12,[2 5],1,2,14,1,2
1,<environment.Job instance at 0x150a24d76690>,8,13,[6 1],9,15,28,6,15
1,<environment.Job instance at 0x1509cef98500>,1,17,[6 1],3,5,22,2,5
1,<environment.Job instance at 0x1509e503df00>,6,16,[10  2],9,9,25,0,9
1,<environment.Job instance at 0x1509e5177690>,0,3,[9 2],1,1,4,0,1
1,<environment.Job instance at 0x150a26e4c2d0>,0,12,[2 5],1,2,14,1,2
1,<environment.Job instance at 0x150a26e4cb90>,6,18,[8 1],7,9,27,2,9
1,<environment.Job instance at 0x1509cebbbaa0>,0,1,[2 5],1,1,2,0,1
1,<environment.Job instance at 0x1509ce7b69b0>,1,17,[6 1],3,4,21,1,4
1,<environment.Job instance at 0x1509d6da42d0>,6,16,[10  2],9,9,25,0,9
1,<environment.Job instance at 0x1509cd75f6e0>,0,12,[2 5],1,2,14,1,2
1,<environment.Job instance at 0x1509d4943500>,6,18,[8 1],7,10,28,3,10
1,<environment.Job instance at 0x1509ce69baa0>,1,17,[6 1],3,5,22,2,5
1,<environment.Job instance at 0x1509e52ff500>,6,16,[10  2],9,9,25,0,9
1,<environment.Job instance at 0x1509dca70820>,1,3,[2 9],2,2,5,0,2
1,<environment.Job instance at 0x1509d78780f0>,2,1,[2 7],3,5,6,2,3
1,<environment.Job instance at 0x1509ce0b1500>,0,12,[2 5],1,1,13,0,1
1,<environment.Job instance at 0x1509cc613690>,8,13,[6 1],9,10,23,1,10
1,<environment.Job instance at 0x1509de88eeb0>,0,1,[2 5],1,1,2,0,1
1,<environment.Job instance at 0x1509d5308820>,1,17,[6 1],3,3,20,0,3
1,<environment.Job instance at 0x1509ddf005f0>,1,12,[ 1 10],2,2,14,0,2
1,<environment.Job instance at 0x1509ddf00c30>,6,16,[10  2],9,14,30,5,9
1,<environment.Job instance at 0x1509d696ea50>,0,12,[2 5],1,2,14,1,2
1,<environment.Job instance at 0x1509de054910>,6,18,[8 1],7,9,27,2,9
1,<environment.Job instance at 0x1509dea6d050>,1,17,[6 1],3,6,23,3,6
1,<environment.Job instance at 0x1509cfbccfa0>,1,12,[ 1 10],2,2,14,0,2
1,<environment.Job instance at 0x1509d6b5caf0>,6,16,[10  2],9,14,30,5,9
1,<environment.Job instance at 0x1509ce325730>,0,12,[2 5],1,1,13,0,1
1,<environment.Job instance at 0x1509cdbf4050>,6,18,[8 1],7,9,27,2,9
1,<environment.Job instance at 0x1509cfa4d640>,1,17,[6 1],3,3,20,0,3
1,<environment.Job instance at 0x1509ccc4ce10>,6,16,[10  2],9,9,25,0,9
1,<environment.Job instance at 0x1509dc8bfb40>,5,3,[10  2],8,10,13,2,10
1,<environment.Job instance at 0x1509d5072b40>,0,12,[2 5],1,1,13,0,1
1,<environment.Job instance at 0x1509e6cff6e0>,8,13,[6 1],9,10,23,1,10
1,<environment.Job instance at 0x1509ccdb23c0>,4,2,[8 1],7,8,10,1,8
1,<environment.Job instance at 0x1509d61b3fa0>,1,17,[6 1],3,3,20,0,3
1,<environment.Job instance at 0x1509cf5e7e60>,6,16,[10  2],9,9,25,0,9
1,<environment.Job instance at 0x1509cf5e73c0>,0,3,[9 2],1,1,4,0,1
1,<environment.Job instance at 0x1509de159280>,0,12,[2 5],1,2,14,1,2
1,<environment.Job instance at 0x1509cc045e60>,6,18,[8 1],7,7,25,0,7
1,<environment.Job instance at 0x150a2643a730>,8,13,[6 1],9,27,40,18,27
1,<environment.Job instance at 0x1509dc93a780>,1,17,[6 1],3,8,25,5,8
1,<environment.Job instance at 0x1509d41f5280>,1,12,[ 1 10],2,2,14,0,2
1,<environment.Job instance at 0x1509cc704370>,3,1,[2 7],5,14,15,9,5
1,<environment.Job instance at 0x1509cc704550>,6,16,[10  2],9,15,31,6,9
1,<environment.Job instance at 0x1509e6f52c30>,0,12,[2 5],1,2,14,1,2
1,<environment.Job instance at 0x1509d617c230>,2,1,[2 5],3,8,9,5,8
1,<environment.Job instance at 0x1509d4dbd5a0>,8,13,[6 1],9,10,23,1,10
1,<environment.Job instance at 0x1509ccd6d5a0>,5,3,[9 2],6,29,32,23,29
1,<environment.Job instance at 0x150a25c36550>,1,17,[6 1],3,3,20,0,3
1,<environment.Job instance at 0x1509d503a410>,6,16,[10  2],9,9,25,0,9
1,<environment.Job instance at 0x1509ce242f00>,0,3,[9 2],1,1,4,0,1
1,<environment.Job instance at 0x150a24d71dc0>,0,12,[2 5],1,2,14,1,2
1,<environment.Job instance at 0x1509ce5b1280>,6,18,[8 1],7,9,27,2,9
1,<environment.Job instance at 0x150a25bad2d0>,1,13,[2 8],2,2,15,0,2
1,<environment.Job instance at 0x1509cdb26dc0>,1,17,[6 1],3,5,22,2,5
1,<environment.Job instance at 0x1509dfde19b0>,0,2,[8 1],1,1,3,0,1
1,<environment.Job instance at 0x1509dc7a07d0>,1,12,[ 1 10],2,3,15,1,2
1,<environment.Job instance at 0x1509cc144c80>,6,16,[10  2],9,15,31,6,9
1,<environment.Job instance at 0x150a24d76640>,5,3,[10  2],8,10,13,2,10
1,<environment.Job instance at 0x1509d7870f50>,0,12,[2 5],1,2,14,1,2
1,<environment.Job instance at 0x1509cd738dc0>,6,18,[8 1],7,8,26,1,8
1,<environment.Job instance at 0x1509cd738280>,8,13,[6 1],9,26,39,17,24
1,<environment.Job instance at 0x1509dc554eb0>,1,13,[2 8],2,2,15,0,2
1,<environment.Job instance at 0x1509dc19c640>,1,12,[ 1 10],2,2,14,0,2
1,<environment.Job instance at 0x1509d4a0b190>,6,16,[10  2],9,14,30,5,9
1,<environment.Job instance at 0x150a269be280>,0,12,[2 5],1,2,14,1,2
1,<environment.Job instance at 0x150a24870be0>,6,18,[8 1],7,8,26,1,8
1,<environment.Job instance at 0x1509d4f90cd0>,8,13,[6 1],9,26,39,17,24
1,<environment.Job instance at 0x1509e6120500>,1,13,[2 8],2,2,15,0,2
1,<environment.Job instance at 0x1509d604f640>,1,12,[ 1 10],2,2,14,0,2
1,<environment.Job instance at 0x1509dc6e03c0>,6,16,[10  2],9,14,30,5,9
1,<environment.Job instance at 0x150a2589c690>,0,12,[2 5],1,2,14,1,2
1,<environment.Job instance at 0x1509cdb45050>,6,18,[8 1],7,8,26,1,8
1,<environment.Job instance at 0x1509cdb455a0>,8,13,[6 1],9,27,40,18,27
1,<environment.Job instance at 0x1509d43aa730>,1,13,[2 8],2,2,15,0,2
1,<environment.Job instance at 0x1509d4a96320>,1,12,[ 1 10],2,2,14,0,2
1,<environment.Job instance at 0x1509d53236e0>,6,16,[10  2],9,14,30,5,9
