iteration,job object,job ID,job Length,job ressource requirement,job enter time,job start time,job finish time,job waiting time,current time
1,<environment.Job instance at 0x1490ed0308c0>,1,3,[1 9],2,13,16,11,2
1,<environment.Job instance at 0x1490ed030730>,2,1,[2 5],3,5,6,2,5
1,<environment.Job instance at 0x1490e7656cd0>,4,2,[7 2],5,11,13,6,11
1,<environment.Job instance at 0x1490e7722050>,12,3,[1 8],14,25,28,11,25
1,<environment.Job instance at 0x1490e76fefa0>,3,1,[2 5],6,7,8,1,7
1,<environment.Job instance at 0x1490ed03caa0>,0,2,[8 1],1,3,5,2,3
1,<environment.Job instance at 0x1490e6927d70>,2,2,[2 8],4,6,8,2,6
1,<environment.Job instance at 0x1490e55af460>,5,2,[2 7],7,9,11,2,9
1,<environment.Job instance at 0x1490e55af3c0>,7,15,[2 9],10,11,26,1,10
1,<environment.Job instance at 0x1490e55affa0>,9,3,[2 9],12,26,29,14,13
1,<environment.Job instance at 0x1490e5592b90>,10,1,[2 7],13,29,30,16,13
1,<environment.Job instance at 0x1490e4339050>,0,3,[10  2],3,10,13,7,10
1,<environment.Job instance at 0x1490e455dd70>,7,3,[7 2],12,13,16,1,12
1,<environment.Job instance at 0x1490e423e140>,6,1,[10  1],11,16,17,5,13
1,<environment.Job instance at 0x1490e4428820>,1,1,[1 6],3,3,4,0,3
1,<environment.Job instance at 0x1490e4860230>,3,16,[8 2],6,7,23,1,7
1,<environment.Job instance at 0x1490e805f2d0>,6,2,[1 7],12,12,14,0,12
1,<environment.Job instance at 0x1490e805fa00>,4,12,[9 1],8,23,35,15,12
1,<environment.Job instance at 0x1490ed016640>,0,12,[2 5],1,1,13,0,1
1,<environment.Job instance at 0x1490ed016af0>,2,1,[2 5],3,3,4,0,3
1,<environment.Job instance at 0x1490e8410820>,1,3,[1 9],2,13,16,11,5
1,<environment.Job instance at 0x1490e33fd730>,7,1,[2 6],8,16,17,8,11
1,<environment.Job instance at 0x1490e33fd640>,10,13,[2 8],12,17,30,5,16
1,<environment.Job instance at 0x1490e33fbaa0>,12,3,[1 8],14,30,33,16,16
1,<environment.Job instance at 0x1490e34c58c0>,3,1,[2 5],6,7,8,1,7
1,<environment.Job instance at 0x1490e34c55f0>,2,1,[ 1 10],5,8,9,3,8
1,<environment.Job instance at 0x1490e34fd960>,2,2,[2 8],4,4,6,0,4
1,<environment.Job instance at 0x1490e20773c0>,3,1,[2 7],5,7,8,2,7
1,<environment.Job instance at 0x1490e4d09aa0>,6,16,[10  2],9,10,26,1,10
1,<environment.Job instance at 0x1490e4d09730>,9,3,[2 9],12,26,29,14,12
1,<environment.Job instance at 0x1490e5a94b40>,4,3,[1 6],8,8,11,0,8
1,<environment.Job instance at 0x1490e5aa6f50>,8,3,[1 8],13,13,16,0,13
1,<environment.Job instance at 0x1490e5b3b690>,3,16,[8 2],6,6,22,0,6
1,<environment.Job instance at 0x1490e519bf00>,1,1,[1 6],3,6,7,3,6
1,<environment.Job instance at 0x1490e23ff640>,0,12,[2 5],1,1,13,0,1
1,<environment.Job instance at 0x1490e23ff0a0>,1,3,[1 9],2,13,16,11,2
1,<environment.Job instance at 0x1490e23ff460>,2,1,[2 5],3,5,6,2,5
1,<environment.Job instance at 0x1490e23ec2d0>,7,1,[2 6],8,16,17,8,11
1,<environment.Job instance at 0x1490e23ec140>,6,18,[8 1],7,16,34,9,16
1,<environment.Job instance at 0x1490e2400cd0>,10,13,[2 8],12,21,34,9,21
1,<environment.Job instance at 0x1490e24dde60>,3,1,[2 5],6,7,8,1,7
1,<environment.Job instance at 0x1490e25c2eb0>,2,1,[ 1 10],5,8,9,3,8
1,<environment.Job instance at 0x1490e3656c80>,4,17,[6 1],8,24,41,16,24
1,<environment.Job instance at 0x1490e6d4ebe0>,3,1,[2 7],5,5,6,0,5
1,<environment.Job instance at 0x1490e87abc30>,5,2,[2 7],7,7,9,0,7
1,<environment.Job instance at 0x1490e6cd2be0>,6,16,[10  2],9,9,25,0,9
1,<environment.Job instance at 0x1490ed81f410>,7,15,[2 9],10,41,56,31,41
1,<environment.Job instance at 0x1490e5ea7410>,0,3,[10  2],3,8,11,5,8
1,<environment.Job instance at 0x1490e5ea70f0>,7,3,[7 2],12,13,16,1,13
1,<environment.Job instance at 0x1490e63542d0>,0,2,[2 8],1,2,4,1,2
1,<environment.Job instance at 0x1490e6563230>,4,12,[9 1],8,13,25,5,13
1,<environment.Job instance at 0x1490e6563fa0>,6,2,[1 7],12,16,18,4,16
1,<environment.Job instance at 0x1490e52e2aa0>,0,12,[2 5],1,1,13,0,1
1,<environment.Job instance at 0x1490e5b10e60>,1,3,[1 9],2,13,16,11,2
1,<environment.Job instance at 0x1490ed016410>,2,1,[2 5],3,5,6,2,5
1,<environment.Job instance at 0x1490e23eb910>,5,3,[9 2],6,16,19,10,10
1,<environment.Job instance at 0x1490e20f10a0>,9,2,[6 1],11,13,15,2,13
1,<environment.Job instance at 0x1490e20ed8c0>,12,3,[1 8],14,16,19,2,14
1,<environment.Job instance at 0x1490e20ed730>,10,13,[2 8],12,20,33,8,20
1,<environment.Job instance at 0x1490e6589fa0>,4,17,[6 1],8,9,26,1,9
1,<environment.Job instance at 0x1490ebd550a0>,0,2,[8 1],1,3,5,2,3
1,<environment.Job instance at 0x1490ebbbe730>,3,1,[2 7],5,5,6,0,5
1,<environment.Job instance at 0x1490e3effa50>,5,2,[2 7],7,8,10,1,8
1,<environment.Job instance at 0x1490e3eff7d0>,6,16,[10  2],9,10,26,1,10
1,<environment.Job instance at 0x1490e5c9ecd0>,8,3,[9 2],11,26,29,15,24
1,<environment.Job instance at 0x1490ec13ce10>,0,3,[10  2],3,4,7,1,4
1,<environment.Job instance at 0x1490e78fdbe0>,1,2,[ 1 10],5,7,9,2,6
1,<environment.Job instance at 0x1490e6e529b0>,3,3,[1 5],7,9,12,2,7
1,<environment.Job instance at 0x1490e8d2e550>,4,3,[1 6],8,12,15,4,8
1,<environment.Job instance at 0x1490e8d1a5f0>,2,1,[8 1],6,9,10,3,8
1,<environment.Job instance at 0x1490e8cd84b0>,3,16,[8 2],6,6,22,0,6
1,<environment.Job instance at 0x1490e63f2690>,0,12,[2 5],1,1,13,0,1
1,<environment.Job instance at 0x1490e63f2960>,1,3,[1 9],2,13,16,11,2
1,<environment.Job instance at 0x1490e63f2cd0>,2,1,[2 5],3,5,6,2,5
1,<environment.Job instance at 0x1490e5f92460>,5,3,[9 2],6,16,19,10,10
1,<environment.Job instance at 0x1490e3633dc0>,9,2,[6 1],11,12,14,1,12
1,<environment.Job instance at 0x1490e2c9d730>,11,3,[1 8],13,16,19,3,13
1,<environment.Job instance at 0x1490ed001190>,12,3,[1 8],14,19,22,5,14
1,<environment.Job instance at 0x1490ed001c30>,10,13,[2 8],12,91,104,79,91
1,<environment.Job instance at 0x1490ecec32d0>,0,2,[8 1],2,6,8,4,6
1,<environment.Job instance at 0x1490ecf85370>,3,1,[2 5],6,9,10,3,9
1,<environment.Job instance at 0x1490ecf85d70>,4,17,[6 1],8,26,43,18,26
1,<environment.Job instance at 0x1490e20186e0>,0,2,[8 1],1,2,4,1,2
1,<environment.Job instance at 0x1490e4ef1eb0>,2,2,[2 8],4,4,6,0,4
1,<environment.Job instance at 0x1490e2ec5c30>,3,1,[2 7],5,6,7,1,5
1,<environment.Job instance at 0x1490e6589730>,4,2,[2 7],6,8,10,2,8
1,<environment.Job instance at 0x1490e7882c80>,6,16,[10  2],9,10,26,1,10
1,<environment.Job instance at 0x1490e283c730>,8,3,[9 2],11,26,29,15,11
1,<environment.Job instance at 0x1490e283c410>,9,3,[2 9],12,29,32,17,12
1,<environment.Job instance at 0x1490e283cc30>,10,1,[2 7],13,32,33,19,13
1,<environment.Job instance at 0x1490e78a9910>,0,3,[10  2],3,3,6,0,3
1,<environment.Job instance at 0x1490e8919a00>,1,2,[ 1 10],5,7,9,2,7
1,<environment.Job instance at 0x1490ec943a50>,4,3,[1 6],8,9,12,1,8
1,<environment.Job instance at 0x1490e4d79690>,6,1,[10  1],11,12,13,1,12
1,<environment.Job instance at 0x1490e7fc5640>,8,3,[1 8],13,13,16,0,13
1,<environment.Job instance at 0x1490e38d4b90>,0,2,[2 8],1,5,7,4,5
1,<environment.Job instance at 0x1490e3639550>,3,16,[8 2],6,14,30,8,14
1,<environment.Job instance at 0x1490ebadf3c0>,0,12,[2 5],1,1,13,0,1
1,<environment.Job instance at 0x1490ebadf780>,1,3,[1 9],2,13,16,11,2
1,<environment.Job instance at 0x1490e3563050>,2,1,[2 5],3,4,5,1,4
1,<environment.Job instance at 0x1490e2e2da50>,4,2,[7 2],5,10,12,5,10
1,<environment.Job instance at 0x1490e2ec8d20>,9,2,[6 1],11,12,14,1,11
1,<environment.Job instance at 0x1490e2ec8a00>,10,13,[2 8],12,22,35,10,22
1,<environment.Job instance at 0x1490e24a80a0>,2,1,[ 1 10],5,6,7,1,6
1,<environment.Job instance at 0x1490e4e886e0>,4,17,[6 1],8,25,42,17,25
1,<environment.Job instance at 0x1490e4e88eb0>,0,2,[8 1],1,1,3,0,1
1,<environment.Job instance at 0x1490e474c280>,2,2,[2 8],4,4,6,0,4
1,<environment.Job instance at 0x1490e6f04640>,3,1,[2 7],5,7,8,2,7
1,<environment.Job instance at 0x1490e54ad3c0>,5,2,[2 7],7,9,11,2,9
1,<environment.Job instance at 0x1490e4e881e0>,6,16,[10  2],9,19,35,10,19
1,<environment.Job instance at 0x1490e72f1d70>,1,2,[ 1 10],5,5,7,0,5
1,<environment.Job instance at 0x1490e72f1460>,2,1,[8 1],6,7,8,1,7
1,<environment.Job instance at 0x1490e1ed5be0>,4,3,[1 6],8,8,11,0,8
1,<environment.Job instance at 0x1490e1ed5e60>,6,1,[10  1],11,11,12,0,11
1,<environment.Job instance at 0x1490ec930280>,7,3,[7 2],12,12,15,0,12
1,<environment.Job instance at 0x1490ec9303c0>,8,3,[1 8],13,13,16,0,13
1,<environment.Job instance at 0x1490e649ea00>,0,2,[2 8],1,3,5,2,3
1,<environment.Job instance at 0x1490e649ed20>,2,1,[2 9],5,5,6,0,5
1,<environment.Job instance at 0x1490eb65c050>,3,16,[8 2],6,8,24,2,8
1,<environment.Job instance at 0x1490eba0b780>,0,12,[2 5],1,1,13,0,1
1,<environment.Job instance at 0x1490eba0bfa0>,1,3,[1 9],2,13,16,11,2
1,<environment.Job instance at 0x1490eba0b0f0>,2,1,[2 5],3,4,5,1,4
1,<environment.Job instance at 0x1490eb96fe60>,4,2,[7 2],5,10,12,5,10
1,<environment.Job instance at 0x1490eb995f50>,11,3,[1 8],13,16,19,3,13
1,<environment.Job instance at 0x1490eb995550>,12,3,[1 8],14,19,22,5,14
1,<environment.Job instance at 0x1490e540e7d0>,2,1,[ 1 10],5,6,7,1,6
1,<environment.Job instance at 0x1490e3f412d0>,4,17,[6 1],8,43,60,35,43
1,<environment.Job instance at 0x1490eba0b190>,1,12,[ 1 10],2,10,22,8,10
1,<environment.Job instance at 0x1490e44b7870>,8,3,[9 2],11,22,25,11,12
1,<environment.Job instance at 0x1490e6ec3280>,10,1,[2 7],13,25,26,12,20
1,<environment.Job instance at 0x1490ed85a8c0>,0,3,[10  2],3,8,11,5,8
1,<environment.Job instance at 0x1490e8d9e320>,6,1,[10  1],11,13,14,2,13
1,<environment.Job instance at 0x1490e7a28190>,0,2,[2 8],1,3,5,2,3
1,<environment.Job instance at 0x1490e6c44320>,2,1,[2 9],5,8,9,3,8
1,<environment.Job instance at 0x1490e6cff780>,5,2,[8 2],9,9,11,0,9
1,<environment.Job instance at 0x1490e6bfccd0>,6,2,[1 7],12,13,15,1,13
1,<environment.Job instance at 0x1490e57c8460>,0,12,[2 5],1,1,13,0,1
1,<environment.Job instance at 0x1490e57c8f50>,1,3,[1 9],2,13,16,11,4
1,<environment.Job instance at 0x1490e647ee60>,8,13,[6 1],9,16,29,7,16
1,<environment.Job instance at 0x1490e6ad1960>,0,2,[8 1],2,6,8,4,6
1,<environment.Job instance at 0x1490e49dea00>,4,17,[6 1],8,43,60,35,43
1,<environment.Job instance at 0x1490e30ccb40>,0,2,[8 1],1,2,4,1,2
1,<environment.Job instance at 0x1490e30cc3c0>,2,2,[2 8],4,4,6,0,4
1,<environment.Job instance at 0x1490e58560a0>,3,1,[2 7],5,6,7,1,5
1,<environment.Job instance at 0x1490e84b5910>,6,16,[10  2],9,9,25,0,9
1,<environment.Job instance at 0x1490e84b5f00>,7,15,[2 9],10,28,43,18,28
1,<environment.Job instance at 0x1490e50e55a0>,0,3,[10  2],3,11,14,8,11
1,<environment.Job instance at 0x1490ec61db90>,7,3,[7 2],12,14,17,2,12
1,<environment.Job instance at 0x1490e5420960>,8,3,[1 8],13,14,17,1,13
1,<environment.Job instance at 0x1490e5430b90>,0,2,[2 8],1,3,5,2,3
1,<environment.Job instance at 0x1490e5640b90>,2,1,[2 9],5,6,7,1,6
1,<environment.Job instance at 0x1490e805acd0>,4,12,[9 1],8,11,23,3,11
1,<environment.Job instance at 0x1490e316d8c0>,0,12,[2 5],1,1,13,0,1
1,<environment.Job instance at 0x1490e316d320>,1,3,[1 9],2,13,16,11,4
1,<environment.Job instance at 0x1490e316d3c0>,4,2,[7 2],5,10,12,5,10
1,<environment.Job instance at 0x1490eba0c780>,9,2,[6 1],11,12,14,1,11
1,<environment.Job instance at 0x1490eba0c960>,10,13,[2 8],12,16,29,4,14
1,<environment.Job instance at 0x1490eba0c2d0>,0,2,[8 1],2,2,4,0,2
1,<environment.Job instance at 0x1490e4ac0910>,1,2,[ 1 10],3,4,6,1,4
1,<environment.Job instance at 0x1490eb82db40>,2,1,[ 1 10],5,8,9,3,8
1,<environment.Job instance at 0x1490eb106730>,6,3,[6 2],11,13,16,2,13
1,<environment.Job instance at 0x1490ec5156e0>,8,3,[6 1],14,16,19,2,14
1,<environment.Job instance at 0x1490ec2c1a00>,0,2,[8 1],1,2,4,1,2
1,<environment.Job instance at 0x1490ec2c1c30>,2,2,[2 8],4,4,6,0,4
1,<environment.Job instance at 0x1490ec2c12d0>,3,1,[2 7],5,6,7,1,6
1,<environment.Job instance at 0x1490e63e2a00>,5,2,[2 7],7,7,9,0,7
1,<environment.Job instance at 0x1490e2114370>,6,16,[10  2],9,10,26,1,10
1,<environment.Job instance at 0x1490e5174500>,8,3,[9 2],11,26,29,15,14
1,<environment.Job instance at 0x1490ec67bf00>,7,15,[2 9],10,66,81,56,66
1,<environment.Job instance at 0x1490e3603870>,0,3,[10  2],3,3,6,0,3
1,<environment.Job instance at 0x1490e4a04550>,1,2,[ 1 10],5,7,9,2,7
1,<environment.Job instance at 0x1490e628dc30>,4,3,[1 6],8,9,12,1,9
1,<environment.Job instance at 0x1490e628df00>,6,1,[10  1],11,12,13,1,11
1,<environment.Job instance at 0x1490e5468910>,7,3,[7 2],12,13,16,1,12
1,<environment.Job instance at 0x1490e5468410>,8,3,[1 8],13,14,17,1,14
1,<environment.Job instance at 0x1490e4878e10>,3,16,[8 2],6,14,30,8,14
1,<environment.Job instance at 0x1490e6b376e0>,0,12,[2 5],1,1,13,0,1
1,<environment.Job instance at 0x1490e6b371e0>,2,1,[2 5],3,8,9,5,8
1,<environment.Job instance at 0x1490eb42a870>,8,13,[6 1],9,14,27,5,14
1,<environment.Job instance at 0x1490ead971e0>,0,2,[8 1],2,9,11,7,9
1,<environment.Job instance at 0x1490e64bd7d0>,5,2,[10  1],10,11,13,1,10
1,<environment.Job instance at 0x1490eb18d0f0>,6,3,[6 2],11,13,16,2,13
1,<environment.Job instance at 0x1490e64bd550>,8,3,[6 1],14,20,23,6,20
1,<environment.Job instance at 0x1490e5af05f0>,0,2,[8 1],1,2,4,1,2
1,<environment.Job instance at 0x1490e8e9ac30>,2,2,[2 8],4,4,6,0,4
1,<environment.Job instance at 0x1490ec9990f0>,5,2,[2 7],7,9,11,2,9
1,<environment.Job instance at 0x1490e49f65f0>,7,15,[2 9],10,12,27,2,12
1,<environment.Job instance at 0x1490ebfb0dc0>,10,1,[2 7],13,27,28,14,13
1,<environment.Job instance at 0x1490eca2acd0>,0,3,[10  2],3,9,12,6,9
1,<environment.Job instance at 0x1490e22eccd0>,6,1,[10  1],11,12,13,1,11
1,<environment.Job instance at 0x1490ec93fe60>,7,3,[7 2],12,15,18,3,15
1,<environment.Job instance at 0x1490e88e50a0>,0,2,[2 8],1,5,7,4,5
1,<environment.Job instance at 0x1490e5bd9280>,3,16,[8 2],6,17,33,11,17
1,<environment.Job instance at 0x1490ebc7a550>,0,12,[2 5],1,1,13,0,1
1,<environment.Job instance at 0x1490ebc7a460>,1,3,[1 9],2,13,16,11,4
1,<environment.Job instance at 0x1490e1fc6cd0>,10,13,[2 8],12,16,29,4,12
1,<environment.Job instance at 0x1490e1fc61e0>,11,3,[1 8],13,29,32,16,16
1,<environment.Job instance at 0x1490e721b0f0>,0,2,[8 1],2,9,11,7,9
1,<environment.Job instance at 0x1490e721b910>,5,2,[10  1],10,11,13,1,10
1,<environment.Job instance at 0x1490e70d0f00>,6,3,[6 2],11,33,36,22,33
1,<environment.Job instance at 0x1490e70c0550>,0,2,[8 1],1,2,4,1,2
1,<environment.Job instance at 0x1490e5169dc0>,4,2,[2 7],6,9,11,3,9
1,<environment.Job instance at 0x1490e4ed69b0>,7,15,[2 9],10,20,35,10,20
1,<environment.Job instance at 0x1490ebfe5aa0>,6,1,[10  1],11,12,13,1,12
1,<environment.Job instance at 0x1490ebfe56e0>,8,3,[1 8],13,13,16,0,13
1,<environment.Job instance at 0x1490ecdce9b0>,0,2,[2 8],1,2,4,1,2
1,<environment.Job instance at 0x1490ebfe5730>,1,1,[1 6],3,4,5,1,4
1,<environment.Job instance at 0x1490e83e16e0>,2,1,[2 9],5,6,7,1,6
1,<environment.Job instance at 0x1490eb624b40>,4,12,[9 1],8,30,42,22,30
1,<environment.Job instance at 0x1490e3c5e320>,0,12,[2 5],1,1,13,0,1
1,<environment.Job instance at 0x1490eadfc2d0>,1,3,[1 9],2,13,16,11,2
1,<environment.Job instance at 0x1490eadfc320>,2,1,[2 5],3,4,5,1,4
1,<environment.Job instance at 0x1490eadfc1e0>,4,2,[7 2],5,10,12,5,10
1,<environment.Job instance at 0x1490ec301be0>,9,2,[6 1],11,12,14,1,11
1,<environment.Job instance at 0x1490eadfcaf0>,10,13,[2 8],12,16,29,4,15
1,<environment.Job instance at 0x1490e3b9b870>,0,2,[8 1],2,2,4,0,2
1,<environment.Job instance at 0x1490e20d6b90>,1,2,[ 1 10],3,4,6,1,4
1,<environment.Job instance at 0x1490e20d64b0>,2,1,[ 1 10],5,10,11,5,10
1,<environment.Job instance at 0x1490e8dadcd0>,6,3,[6 2],11,13,16,2,13
1,<environment.Job instance at 0x1490e6208e10>,8,3,[6 1],14,25,28,11,25
1,<environment.Job instance at 0x1490e7238640>,1,12,[ 1 10],2,2,14,0,2
1,<environment.Job instance at 0x1490e234ee10>,2,2,[2 8],4,14,16,10,9
1,<environment.Job instance at 0x1490e3aa3730>,7,15,[2 9],10,16,31,6,12
1,<environment.Job instance at 0x1490e66c62d0>,0,3,[10  2],3,7,10,4,7
1,<environment.Job instance at 0x1490e73b2690>,4,3,[1 6],8,10,13,2,9
1,<environment.Job instance at 0x1490e8062dc0>,6,1,[10  1],11,13,14,2,11
1,<environment.Job instance at 0x1490ed9e0640>,7,3,[7 2],12,14,17,2,12
1,<environment.Job instance at 0x1490eaa649b0>,8,3,[1 8],13,14,17,1,13
1,<environment.Job instance at 0x1490eb14aeb0>,0,2,[2 8],1,1,3,0,1
1,<environment.Job instance at 0x1490e80f5320>,1,1,[1 6],3,6,7,3,6
1,<environment.Job instance at 0x1490e2074460>,4,12,[9 1],8,11,23,3,11
1,<environment.Job instance at 0x1490eb25e140>,0,12,[2 5],1,1,13,0,1
1,<environment.Job instance at 0x1490f62d9280>,1,3,[1 9],2,13,16,11,2
1,<environment.Job instance at 0x1490eb25efa0>,2,1,[2 5],3,4,5,1,4
1,<environment.Job instance at 0x1490e5781aa0>,5,3,[9 2],6,16,19,10,10
1,<environment.Job instance at 0x1490e438cdc0>,9,2,[6 1],11,12,14,1,12
1,<environment.Job instance at 0x1490e58cad70>,11,3,[1 8],13,16,19,3,13
1,<environment.Job instance at 0x1490e58caa00>,12,3,[1 8],14,19,22,5,14
1,<environment.Job instance at 0x1490ee9be9b0>,0,2,[8 1],2,2,4,0,2
1,<environment.Job instance at 0x1490e8948c80>,1,2,[ 1 10],3,4,6,1,4
1,<environment.Job instance at 0x1490e32f20a0>,2,1,[ 1 10],5,7,8,2,7
1,<environment.Job instance at 0x1490ea67f910>,4,17,[6 1],8,10,27,2,10
1,<environment.Job instance at 0x1490ec6cf320>,6,3,[6 2],11,27,30,16,16
1,<environment.Job instance at 0x1490e3336e60>,0,2,[8 1],1,2,4,1,2
1,<environment.Job instance at 0x1490e3336500>,2,2,[2 8],4,4,6,0,4
1,<environment.Job instance at 0x1490ebd19aa0>,3,1,[2 7],5,6,7,1,5
1,<environment.Job instance at 0x1490ebd190a0>,4,2,[2 7],6,7,9,1,6
1,<environment.Job instance at 0x1490ebd19c30>,5,2,[2 7],7,9,11,2,7
1,<environment.Job instance at 0x1490ebd19500>,6,16,[10  2],9,11,27,2,10
1,<environment.Job instance at 0x1490e2856190>,8,3,[9 2],11,27,30,16,11
1,<environment.Job instance at 0x1490e28565f0>,9,3,[2 9],12,30,33,18,12
1,<environment.Job instance at 0x1490ec377410>,10,1,[2 7],13,33,34,20,13
1,<environment.Job instance at 0x1490e261c640>,0,3,[10  2],3,3,6,0,3
1,<environment.Job instance at 0x1490e261c910>,1,2,[ 1 10],5,7,9,2,7
1,<environment.Job instance at 0x1490ecc4e870>,4,3,[1 6],8,9,12,1,9
1,<environment.Job instance at 0x1490e7a8d500>,7,3,[7 2],12,13,16,1,13
1,<environment.Job instance at 0x1490e3f9d280>,0,2,[2 8],1,3,5,2,3
1,<environment.Job instance at 0x1490e4417500>,2,1,[2 9],5,6,7,1,6
1,<environment.Job instance at 0x1490ebea1a50>,4,12,[9 1],8,8,20,0,8
1,<environment.Job instance at 0x1490e49ad4b0>,5,2,[8 2],9,20,22,11,10
1,<environment.Job instance at 0x1490e49ad320>,6,2,[1 7],12,12,14,0,12
1,<environment.Job instance at 0x1490e49ad140>,7,3,[6 1],13,22,25,9,14
1,<environment.Job instance at 0x1490e2952aa0>,0,12,[2 5],1,4,16,3,4
1,<environment.Job instance at 0x1490e71985a0>,5,3,[9 2],6,16,19,10,14
1,<environment.Job instance at 0x1490e369f280>,4,17,[6 1],8,63,80,55,63
1,<environment.Job instance at 0x1490ea35c410>,5,2,[2 7],7,9,11,2,9
1,<environment.Job instance at 0x1490eb85a640>,7,15,[2 9],10,14,29,4,14
1,<environment.Job instance at 0x1490e9c9c4b0>,0,3,[10  2],3,15,18,12,15
1,<environment.Job instance at 0x1490ec4fce10>,0,2,[2 8],1,8,10,7,8
1,<environment.Job instance at 0x1490e61dbb90>,0,12,[2 5],1,1,13,0,1
1,<environment.Job instance at 0x1490e61db690>,1,3,[1 9],2,13,16,11,2
1,<environment.Job instance at 0x1490e61dbcd0>,2,1,[2 5],3,4,5,1,4
1,<environment.Job instance at 0x1490ea161050>,5,3,[9 2],6,16,19,10,8
1,<environment.Job instance at 0x1490ea00bcd0>,8,13,[6 1],9,19,32,10,16
1,<environment.Job instance at 0x1490e9f43d70>,0,2,[8 1],2,6,8,4,6
1,<environment.Job instance at 0x1490eb1059b0>,4,17,[6 1],8,42,59,34,42
1,<environment.Job instance at 0x1490eb1057d0>,0,2,[8 1],1,2,4,1,2
1,<environment.Job instance at 0x1490e84a9c80>,2,2,[2 8],4,4,6,0,4
1,<environment.Job instance at 0x1490e2cdba00>,3,1,[2 7],5,6,7,1,5
1,<environment.Job instance at 0x1490eb327280>,4,2,[2 7],6,7,9,1,6
1,<environment.Job instance at 0x1490eb72bf50>,5,2,[2 7],7,9,11,2,7
1,<environment.Job instance at 0x1490e9f83280>,1,12,[ 1 10],2,11,23,9,8
1,<environment.Job instance at 0x1490eb72b280>,6,16,[10  2],9,23,39,14,13
1,<environment.Job instance at 0x1490e6081370>,0,3,[10  2],3,6,9,3,6
1,<environment.Job instance at 0x1490eafa0d70>,3,3,[1 5],7,9,12,2,8
1,<environment.Job instance at 0x1490e35fd960>,6,1,[10  1],11,12,13,1,11
1,<environment.Job instance at 0x1490e59c9820>,7,3,[7 2],12,13,16,1,12
1,<environment.Job instance at 0x1490ecbe6820>,8,3,[1 8],13,13,16,0,13
1,<environment.Job instance at 0x1490eba76a50>,0,2,[2 8],1,1,3,0,1
1,<environment.Job instance at 0x1490eba76f50>,1,1,[1 6],3,3,4,0,3
1,<environment.Job instance at 0x1490e7e18e10>,5,2,[8 2],9,9,11,0,9
1,<environment.Job instance at 0x1490e7e18b40>,6,2,[1 7],12,12,14,0,12
1,<environment.Job instance at 0x1490e7e18fa0>,7,3,[6 1],13,13,16,0,13
1,<environment.Job instance at 0x1490e82bbe10>,0,12,[2 5],1,1,13,0,1
1,<environment.Job instance at 0x1490ec91dcd0>,1,3,[1 9],2,13,16,11,2
1,<environment.Job instance at 0x1490e82bb190>,2,1,[2 5],3,4,5,1,4
1,<environment.Job instance at 0x1490e2b612d0>,5,3,[9 2],6,16,19,10,8
1,<environment.Job instance at 0x1490e710cd70>,11,3,[1 8],13,16,19,3,13
1,<environment.Job instance at 0x1490e710c230>,12,3,[1 8],14,19,22,5,14
1,<environment.Job instance at 0x1490e6ec7500>,0,2,[8 1],2,8,10,6,8
1,<environment.Job instance at 0x1490ead4ad20>,6,3,[6 2],11,11,14,0,11
1,<environment.Job instance at 0x1490ead4a320>,8,3,[6 1],14,14,17,0,14
1,<environment.Job instance at 0x1490e879e640>,0,2,[8 1],1,2,4,1,2
1,<environment.Job instance at 0x1490e879eeb0>,2,2,[2 8],4,4,6,0,4
1,<environment.Job instance at 0x1490e879e5a0>,3,1,[2 7],5,6,7,1,5
1,<environment.Job instance at 0x1490ea3ec8c0>,6,16,[10  2],9,67,83,58,67
1,<environment.Job instance at 0x1490e29895f0>,0,3,[10  2],3,5,8,2,5
1,<environment.Job instance at 0x1490e6a749b0>,2,1,[8 1],6,8,9,2,6
1,<environment.Job instance at 0x1490ec85e1e0>,3,3,[1 5],7,8,11,1,7
1,<environment.Job instance at 0x1490ec85e690>,4,3,[1 6],8,11,14,3,8
1,<environment.Job instance at 0x1490e69b6b40>,7,3,[7 2],12,12,15,0,12
1,<environment.Job instance at 0x1490ec85e320>,8,3,[1 8],13,14,17,1,13
1,<environment.Job instance at 0x1490ec85e0f0>,0,2,[2 8],1,1,3,0,1
1,<environment.Job instance at 0x1490eab0e2d0>,1,1,[1 6],3,3,4,0,3
1,<environment.Job instance at 0x1490e71860a0>,2,1,[2 9],5,6,7,1,6
1,<environment.Job instance at 0x1490e7e98d70>,6,2,[1 7],12,13,15,1,13
1,<environment.Job instance at 0x1490e617edc0>,0,12,[2 5],1,1,13,0,1
1,<environment.Job instance at 0x1490eac785f0>,1,3,[1 9],2,13,16,11,2
1,<environment.Job instance at 0x1490e606e500>,2,1,[2 5],3,4,5,1,4
1,<environment.Job instance at 0x1490e617ec30>,4,2,[7 2],5,7,9,2,7
1,<environment.Job instance at 0x1490e445ac30>,7,1,[2 6],8,16,17,8,9
1,<environment.Job instance at 0x1490ea9dde10>,9,2,[6 1],11,11,13,0,11
1,<environment.Job instance at 0x1490ea9dd870>,10,13,[2 8],12,22,35,10,22
1,<environment.Job instance at 0x1490eb8c0e60>,0,2,[8 1],2,7,9,5,7
1,<environment.Job instance at 0x1490e82b00f0>,0,2,[8 1],1,2,4,1,2
1,<environment.Job instance at 0x1490e1d4baa0>,2,2,[2 8],4,4,6,0,4
1,<environment.Job instance at 0x1490eb0ca320>,3,1,[2 7],5,6,7,1,5
1,<environment.Job instance at 0x1490e8eca5f0>,4,2,[2 7],6,7,9,1,6
1,<environment.Job instance at 0x1490e8eca230>,5,2,[2 7],7,9,11,2,7
1,<environment.Job instance at 0x1490eb8b5f00>,6,16,[10  2],9,11,27,2,10
1,<environment.Job instance at 0x1490e2f944b0>,8,3,[9 2],11,27,30,16,11
1,<environment.Job instance at 0x1490ea5dc2d0>,9,3,[2 9],12,30,33,18,12
1,<environment.Job instance at 0x1490ea5dc500>,10,1,[2 7],13,33,34,20,13
1,<environment.Job instance at 0x1490e7dc7640>,0,3,[10  2],3,15,18,12,15
1,<environment.Job instance at 0x1490e3336910>,0,2,[2 8],1,3,5,2,3
1,<environment.Job instance at 0x1490e7dc7640>,3,16,[8 2],6,17,33,11,17
1,<environment.Job instance at 0x1490ea674230>,0,12,[2 5],1,1,13,0,1
1,<environment.Job instance at 0x1490ea674690>,1,3,[1 9],2,13,16,11,2
1,<environment.Job instance at 0x1490ed4ef370>,2,1,[2 5],3,3,4,0,3
1,<environment.Job instance at 0x1490e2c1a0a0>,3,1,[6 2],4,4,5,0,4
1,<environment.Job instance at 0x1490e2c1a500>,5,3,[9 2],6,16,19,10,7
1,<environment.Job instance at 0x1490e4d79460>,7,1,[2 6],8,19,20,11,9
1,<environment.Job instance at 0x1490eaa4f230>,9,2,[6 1],11,11,13,0,11
1,<environment.Job instance at 0x1490e4aacf00>,10,13,[2 8],12,22,35,10,22
1,<environment.Job instance at 0x1490e2c1aaf0>,8,13,[6 1],9,100,113,91,100
1,<environment.Job instance at 0x1490eb4c10f0>,0,2,[8 1],2,5,7,3,5
1,<environment.Job instance at 0x1490ebd2a820>,3,1,[2 5],6,6,7,0,6
1,<environment.Job instance at 0x1490ec74bc30>,4,17,[6 1],8,106,123,98,106
1,<environment.Job instance at 0x1490eb834f50>,0,2,[8 1],1,1,3,0,1
1,<environment.Job instance at 0x1490eb834320>,1,12,[ 1 10],2,7,19,5,7
1,<environment.Job instance at 0x1490e9de59b0>,6,16,[10  2],9,27,43,18,27
1,<environment.Job instance at 0x1490e28d9af0>,0,3,[10  2],3,9,12,6,9
1,<environment.Job instance at 0x1490ecf1e0a0>,6,1,[10  1],11,12,13,1,11
1,<environment.Job instance at 0x1490e6a36960>,7,3,[7 2],12,18,21,6,18
1,<environment.Job instance at 0x1490e6ad95a0>,0,2,[2 8],1,2,4,1,2
1,<environment.Job instance at 0x1490e2aa72d0>,1,1,[1 6],3,4,5,1,4
1,<environment.Job instance at 0x1490ec5c9050>,2,1,[2 9],5,5,6,0,5
1,<environment.Job instance at 0x1490e8cb6e60>,3,16,[8 2],6,8,24,2,8
1,<environment.Job instance at 0x1490e7fc0370>,5,2,[8 2],9,24,26,15,9
1,<environment.Job instance at 0x1490eb063910>,6,2,[1 7],12,14,16,2,14
1,<environment.Job instance at 0x1490e2bad8c0>,0,12,[2 5],1,1,13,0,1
1,<environment.Job instance at 0x1490e2badbe0>,1,3,[1 9],2,13,16,11,2
1,<environment.Job instance at 0x1490e2badb90>,2,1,[2 5],3,3,4,0,3
1,<environment.Job instance at 0x1490ea3cd8c0>,3,1,[6 2],4,4,5,0,4
1,<environment.Job instance at 0x1490ea3cdf00>,4,2,[7 2],5,7,9,2,7
1,<environment.Job instance at 0x1490e2bad870>,7,1,[2 6],8,16,17,8,8
1,<environment.Job instance at 0x1490e265b370>,8,13,[6 1],9,221,234,212,221
1,<environment.Job instance at 0x1490e9495640>,0,2,[8 1],2,2,4,0,2
1,<environment.Job instance at 0x1490ea2facd0>,1,2,[ 1 10],3,4,6,1,4
1,<environment.Job instance at 0x1490ea2fa370>,2,1,[ 1 10],5,6,7,1,6
1,<environment.Job instance at 0x1490ea2fa960>,4,17,[6 1],8,201,218,193,201
1,<environment.Job instance at 0x1490e2deb870>,0,2,[8 1],1,2,4,1,2
1,<environment.Job instance at 0x1490e49bbaa0>,2,2,[2 8],4,4,6,0,4
1,<environment.Job instance at 0x1490e3892eb0>,4,2,[2 7],6,6,8,0,6
1,<environment.Job instance at 0x1490e8e51d70>,5,2,[2 7],7,8,10,1,7
1,<environment.Job instance at 0x1490e8e51dc0>,6,16,[10  2],9,14,30,5,14
1,<environment.Job instance at 0x1490e4d8cc80>,7,15,[2 9],10,67,82,57,67
1,<environment.Job instance at 0x1490e5166a50>,1,12,[ 1 10],2,545,557,543,545
1,<environment.Job instance at 0x1490eaac6eb0>,0,3,[10  2],3,3,6,0,3
1,<environment.Job instance at 0x1490eb08d690>,1,2,[ 1 10],5,6,8,1,5
1,<environment.Job instance at 0x1490ebb19b40>,3,3,[1 5],7,301,304,294,301
1,<environment.Job instance at 0x1490e980d460>,0,2,[2 8],1,1,3,0,1
1,<environment.Job instance at 0x1490e93c0910>,3,16,[8 2],6,17,33,11,17
1,<environment.Job instance at 0x1490ebdf1690>,0,12,[2 5],1,1,13,0,1
1,<environment.Job instance at 0x1490e90adaf0>,1,3,[1 9],2,13,16,11,2
1,<environment.Job instance at 0x1490ebdf1410>,2,1,[2 5],3,3,4,0,3
1,<environment.Job instance at 0x1490e3a96eb0>,3,1,[6 2],4,4,5,0,4
1,<environment.Job instance at 0x1490ebdf1820>,5,3,[9 2],6,16,19,10,6
1,<environment.Job instance at 0x1490e6f101e0>,6,18,[8 1],7,22,40,15,22
1,<environment.Job instance at 0x1490e98fd190>,4,17,[6 1],8,42,59,34,42
1,<environment.Job instance at 0x1490e97d1eb0>,1,12,[ 1 10],2,4,16,2,4
1,<environment.Job instance at 0x1490e9b4fc30>,3,1,[2 7],5,16,17,11,5
1,<environment.Job instance at 0x1490eb6225f0>,4,2,[2 7],6,17,19,11,6
1,<environment.Job instance at 0x1490eb622fa0>,6,16,[10  2],9,19,35,10,13
1,<environment.Job instance at 0x1490ec0734b0>,0,3,[10  2],3,3,6,0,3
1,<environment.Job instance at 0x1490e3e204b0>,3,3,[1 5],7,7,10,0,7
1,<environment.Job instance at 0x1490ec073640>,4,3,[1 6],8,10,13,2,8
1,<environment.Job instance at 0x1490ee3d30a0>,6,1,[10  1],11,13,14,2,11
1,<environment.Job instance at 0x1490e3ba7370>,7,3,[7 2],12,14,17,2,12
1,<environment.Job instance at 0x1490e796bdc0>,8,3,[1 8],13,14,17,1,13
1,<environment.Job instance at 0x1490e44accd0>,0,2,[2 8],1,2,4,1,2
1,<environment.Job instance at 0x1490e796bdc0>,2,1,[2 9],5,5,6,0,5
1,<environment.Job instance at 0x1490e44ac960>,3,16,[8 2],6,8,24,2,8
1,<environment.Job instance at 0x1490ea20d320>,5,2,[8 2],9,24,26,15,9
1,<environment.Job instance at 0x1490ea20d5f0>,6,2,[1 7],12,12,14,0,12
1,<environment.Job instance at 0x1490ea20d460>,7,3,[6 1],13,26,29,13,18
1,<environment.Job instance at 0x1490e6c6d780>,0,12,[2 5],1,1,13,0,1
1,<environment.Job instance at 0x1490e6c6dc80>,1,3,[1 9],2,13,16,11,2
1,<environment.Job instance at 0x1490e6c6de60>,2,1,[2 5],3,3,4,0,3
1,<environment.Job instance at 0x1490e6c6dfa0>,3,1,[6 2],4,4,5,0,4
1,<environment.Job instance at 0x1490eccb2640>,4,2,[7 2],5,6,8,1,6
1,<environment.Job instance at 0x1490e878ce10>,6,18,[8 1],7,22,40,15,22
1,<environment.Job instance at 0x1490ea43e1e0>,3,1,[2 5],6,6,7,0,6
1,<environment.Job instance at 0x1490e2c6e230>,4,17,[6 1],8,42,59,34,42
1,<environment.Job instance at 0x1490ea2342d0>,1,12,[ 1 10],2,4,16,2,4
1,<environment.Job instance at 0x1490eab01730>,3,1,[2 7],5,16,17,11,5
1,<environment.Job instance at 0x1490ea594fa0>,4,2,[2 7],6,17,19,11,6
1,<environment.Job instance at 0x1490e71648c0>,6,16,[10  2],9,19,35,10,14
1,<environment.Job instance at 0x1490ea51b500>,0,3,[10  2],3,3,6,0,3
1,<environment.Job instance at 0x1490e2688e10>,1,2,[ 1 10],5,6,8,1,5
1,<environment.Job instance at 0x1490e898c640>,2,1,[8 1],6,8,9,2,6
1,<environment.Job instance at 0x1490ecbf9c80>,3,3,[1 5],7,8,11,1,7
1,<environment.Job instance at 0x1490e76361e0>,4,3,[1 6],8,11,14,3,8
1,<environment.Job instance at 0x1490e7636eb0>,6,1,[10  1],11,14,15,3,11
1,<environment.Job instance at 0x1490e898c2d0>,7,3,[7 2],12,15,18,3,12
1,<environment.Job instance at 0x1490e7636d70>,8,3,[1 8],13,15,18,2,13
1,<environment.Job instance at 0x1490ecbfc320>,0,2,[2 8],1,1,3,0,1
1,<environment.Job instance at 0x1490ea51b190>,1,1,[1 6],3,4,5,1,4
1,<environment.Job instance at 0x1490e686afa0>,3,16,[8 2],6,12,28,6,12
1,<environment.Job instance at 0x1490e686aeb0>,7,3,[6 1],13,28,31,15,22
1,<environment.Job instance at 0x1490ec550910>,0,12,[2 5],1,1,13,0,1
1,<environment.Job instance at 0x1490ec550fa0>,1,3,[1 9],2,13,16,11,2
1,<environment.Job instance at 0x1490ee1d2050>,2,1,[2 5],3,3,4,0,3
1,<environment.Job instance at 0x1490ec295640>,3,1,[6 2],4,4,5,0,4
1,<environment.Job instance at 0x1490ec5505a0>,4,2,[7 2],5,6,8,1,6
1,<environment.Job instance at 0x1490e7963280>,6,18,[8 1],7,36,54,29,36
1,<environment.Job instance at 0x1490ed160c80>,0,2,[8 1],2,2,4,0,2
1,<environment.Job instance at 0x1490e670c230>,1,2,[ 1 10],3,4,6,1,3
1,<environment.Job instance at 0x1490eb6da190>,2,1,[ 1 10],5,6,7,1,5
1,<environment.Job instance at 0x1490ec57daf0>,3,1,[2 5],6,7,8,1,6
1,<environment.Job instance at 0x1490ea4a9aa0>,4,17,[6 1],8,466,483,458,466
1,<environment.Job instance at 0x1490ea0c8280>,0,2,[8 1],1,2,4,1,2
1,<environment.Job instance at 0x1490ea15ae10>,2,2,[2 8],4,4,6,0,4
1,<environment.Job instance at 0x1490e7322c30>,3,1,[2 7],5,6,7,1,5
1,<environment.Job instance at 0x1490e4857c30>,4,2,[2 7],6,7,9,1,6
1,<environment.Job instance at 0x1490e4857140>,5,2,[2 7],7,9,11,2,7
1,<environment.Job instance at 0x1490e4fc91e0>,6,16,[10  2],9,11,27,2,9
1,<environment.Job instance at 0x1490e6275370>,7,15,[2 9],10,27,42,17,13
1,<environment.Job instance at 0x1490eb954780>,0,3,[10  2],3,7,10,4,7
1,<environment.Job instance at 0x1490e29b7cd0>,4,3,[1 6],8,10,13,2,8
1,<environment.Job instance at 0x1490ea9ae0f0>,6,1,[10  1],11,13,14,2,11
1,<environment.Job instance at 0x1490eacacb40>,7,3,[7 2],12,14,17,2,12
1,<environment.Job instance at 0x1490e2856a00>,8,3,[1 8],13,14,17,1,13
1,<environment.Job instance at 0x1490e45e1870>,0,2,[2 8],1,1,3,0,1
1,<environment.Job instance at 0x1490e670ceb0>,1,1,[1 6],3,3,4,0,3
1,<environment.Job instance at 0x1490e45e1cd0>,3,16,[8 2],6,8,24,2,8
1,<environment.Job instance at 0x1490de39d550>,5,2,[8 2],9,24,26,15,9
1,<environment.Job instance at 0x1490de39d190>,6,2,[1 7],12,12,14,0,12
1,<environment.Job instance at 0x1490de3b0780>,7,3,[6 1],13,26,29,13,13
1,<environment.Job instance at 0x1490e547ae10>,0,12,[2 5],1,1,13,0,1
1,<environment.Job instance at 0x1490de350e10>,1,3,[1 9],2,13,16,11,2
1,<environment.Job instance at 0x1490eafb5870>,2,1,[2 5],3,3,4,0,3
1,<environment.Job instance at 0x1490eafb59b0>,3,1,[6 2],4,4,5,0,4
1,<environment.Job instance at 0x1490eafb5c30>,4,2,[7 2],5,5,7,0,5
1,<environment.Job instance at 0x1490eafb5c80>,5,3,[9 2],6,16,19,10,7
1,<environment.Job instance at 0x1490eafb5320>,7,1,[2 6],8,19,20,11,8
1,<environment.Job instance at 0x1490eafb5aa0>,8,13,[6 1],9,221,234,212,221
1,<environment.Job instance at 0x1490e98f9640>,0,2,[8 1],2,2,4,0,2
1,<environment.Job instance at 0x1490ea25a7d0>,1,2,[ 1 10],3,4,6,1,3
1,<environment.Job instance at 0x1490e65f87d0>,2,1,[ 1 10],5,6,7,1,6
1,<environment.Job instance at 0x1490ea25a280>,4,17,[6 1],8,1015,1032,1007,1015
1,<environment.Job instance at 0x1490e9b2a0f0>,1,12,[ 1 10],2,4,16,2,4
1,<environment.Job instance at 0x1490eaa4f140>,6,16,[10  2],9,16,32,7,11
1,<environment.Job instance at 0x1490e994daa0>,9,3,[2 9],12,32,35,20,26
1,<environment.Job instance at 0x1490ec4e4c80>,0,3,[10  2],3,4,7,1,4
1,<environment.Job instance at 0x1490ea9e33c0>,2,1,[8 1],6,7,8,1,6
1,<environment.Job instance at 0x1490eb470780>,3,3,[1 5],7,7,10,0,7
1,<environment.Job instance at 0x1490e2dd0410>,4,3,[1 6],8,10,13,2,8
1,<environment.Job instance at 0x1490e991d690>,6,1,[10  1],11,13,14,2,12
1,<environment.Job instance at 0x1490eca5f910>,8,3,[1 8],13,14,17,1,13
1,<environment.Job instance at 0x1490e9bd01e0>,0,2,[2 8],1,1,3,0,1
1,<environment.Job instance at 0x1490ed9655a0>,1,1,[1 6],3,3,4,0,3
1,<environment.Job instance at 0x1490e8396780>,2,1,[2 9],5,5,6,0,5
1,<environment.Job instance at 0x1490e9bcbbe0>,3,16,[8 2],6,20,36,14,20
1,<environment.Job instance at 0x1490ec0ee9b0>,0,12,[2 5],1,1,13,0,1
1,<environment.Job instance at 0x1490ec0eeaf0>,1,3,[1 9],2,13,16,11,2
1,<environment.Job instance at 0x1490ebc21aa0>,2,1,[2 5],3,3,4,0,3
1,<environment.Job instance at 0x1490e48d4dc0>,3,1,[6 2],4,4,5,0,4
1,<environment.Job instance at 0x1490ebc21370>,4,2,[7 2],5,6,8,1,6
1,<environment.Job instance at 0x1490e48d4460>,6,18,[8 1],7,221,239,214,221
1,<environment.Job instance at 0x1490e4828be0>,0,2,[8 1],2,2,4,0,2
1,<environment.Job instance at 0x1490e2630280>,1,2,[ 1 10],3,4,6,1,3
1,<environment.Job instance at 0x1490e2630230>,2,1,[ 1 10],5,6,7,1,6
1,<environment.Job instance at 0x1490ea025320>,4,17,[6 1],8,1015,1032,1007,1015
1,<environment.Job instance at 0x1490ea0085f0>,1,12,[ 1 10],2,4,16,2,4
1,<environment.Job instance at 0x1490ec157b90>,6,16,[10  2],9,65,81,56,65
1,<environment.Job instance at 0x1490e9d8b640>,0,3,[10  2],3,3,6,0,3
1,<environment.Job instance at 0x1490e2cdb7d0>,1,2,[ 1 10],5,6,8,1,5
1,<environment.Job instance at 0x1490e2cdbaa0>,3,3,[1 5],7,8,11,1,7
1,<environment.Job instance at 0x1490e9ecc960>,4,3,[1 6],8,11,14,3,8
1,<environment.Job instance at 0x1490e9ecc780>,6,1,[10  1],11,14,15,3,11
1,<environment.Job instance at 0x1490e3ce3aa0>,7,3,[7 2],12,15,18,3,12
1,<environment.Job instance at 0x1490ecbd1500>,8,3,[1 8],13,15,18,2,13
1,<environment.Job instance at 0x1490e3ad1dc0>,0,2,[2 8],1,1,3,0,1
1,<environment.Job instance at 0x1490e60dd320>,1,1,[1 6],3,3,4,0,3
1,<environment.Job instance at 0x1490e8062fa0>,2,1,[2 9],5,5,6,0,5
1,<environment.Job instance at 0x1490ec581050>,3,16,[8 2],6,30,46,24,30
1,<environment.Job instance at 0x1490ec4e2460>,0,12,[2 5],1,1,13,0,1
1,<environment.Job instance at 0x1490ec4e2050>,1,3,[1 9],2,13,16,11,2
1,<environment.Job instance at 0x1490e9a47140>,2,1,[2 5],3,3,4,0,3
1,<environment.Job instance at 0x1490e9b3b4b0>,3,1,[6 2],4,4,5,0,4
1,<environment.Job instance at 0x1490e9a470a0>,4,2,[7 2],5,6,8,1,6
1,<environment.Job instance at 0x1490e965dbe0>,6,18,[8 1],7,237,255,230,237
1,<environment.Job instance at 0x1490e9c31500>,0,2,[8 1],2,2,4,0,2
1,<environment.Job instance at 0x1490e7f57f50>,1,2,[ 1 10],3,4,6,1,3
1,<environment.Job instance at 0x1490ecad8690>,3,1,[2 5],6,6,7,0,6
1,<environment.Job instance at 0x1490e2208b40>,1,12,[ 1 10],2,7,19,5,7
1,<environment.Job instance at 0x1490ea737690>,6,16,[10  2],9,420,436,411,420
1,<environment.Job instance at 0x1490e4bf5be0>,0,3,[10  2],3,3,6,0,3
1,<environment.Job instance at 0x1490eba34c80>,1,2,[ 1 10],5,6,8,1,5
1,<environment.Job instance at 0x1490e731ea00>,3,3,[1 5],7,8,11,1,7
1,<environment.Job instance at 0x1490ec665140>,4,3,[1 6],8,11,14,3,8
1,<environment.Job instance at 0x1490e6345f50>,6,1,[10  1],11,14,15,3,11
1,<environment.Job instance at 0x1490ec6650f0>,7,3,[7 2],12,15,18,3,12
1,<environment.Job instance at 0x1490ec665be0>,8,3,[1 8],13,15,18,2,14
1,<environment.Job instance at 0x1490e6e27dc0>,0,2,[2 8],1,1,3,0,1
1,<environment.Job instance at 0x1490e37cc640>,1,1,[1 6],3,3,4,0,3
1,<environment.Job instance at 0x1490e5af25a0>,2,1,[2 9],5,5,6,0,5
1,<environment.Job instance at 0x1490e1a5ebe0>,3,16,[8 2],6,8,24,2,8
1,<environment.Job instance at 0x1490e1a5eaa0>,6,2,[1 7],12,12,14,0,12
1,<environment.Job instance at 0x1490e1a5e2d0>,7,3,[6 1],13,24,27,11,14
1,<environment.Job instance at 0x150a267a2820>,6,18,[8 1],7,8,26,1,8
1,<environment.Job instance at 0x150a267a2640>,1,13,[2 8],2,4,17,2,4
1,<environment.Job instance at 0x150a2700c050>,0,1,[2 5],1,1,2,0,1
1,<environment.Job instance at 0x150a25e9b280>,1,17,[6 1],3,3,20,0,3
1,<environment.Job instance at 0x150a24605230>,4,2,[2 7],6,10,12,4,10
1,<environment.Job instance at 0x150a2468d1e0>,2,1,[2 7],3,3,4,0,3
1,<environment.Job instance at 0x150a2471d460>,4,2,[1 8],5,5,7,0,5
1,<environment.Job instance at 0x150a257f6eb0>,5,3,[10  2],8,8,11,0,8
1,<environment.Job instance at 0x150a263d2460>,6,18,[8 1],7,7,25,0,7
1,<environment.Job instance at 0x150a26fab0a0>,2,3,[1 8],3,10,13,7,10
1,<environment.Job instance at 0x1509e7719dc0>,0,1,[2 5],1,1,2,0,1
1,<environment.Job instance at 0x1509e7719f00>,1,17,[6 1],3,3,20,0,3
1,<environment.Job instance at 0x1509e7703d70>,3,1,[2 7],5,7,8,2,7
1,<environment.Job instance at 0x1509e7703780>,4,2,[2 7],6,10,12,4,10
1,<environment.Job instance at 0x1509e7730870>,1,3,[2 9],2,3,6,1,3
1,<environment.Job instance at 0x150a26b37dc0>,4,2,[1 8],5,6,8,1,5
1,<environment.Job instance at 0x1509e5af0140>,6,18,[8 1],7,7,25,0,7
1,<environment.Job instance at 0x1509e6f9d140>,5,2,[ 1 10],8,10,12,2,10
1,<environment.Job instance at 0x1509e5af0780>,1,17,[6 1],3,4,21,1,4
1,<environment.Job instance at 0x1509e6eed140>,5,3,[6 1],9,21,24,12,15
1,<environment.Job instance at 0x1509e6f9dc80>,2,2,[2 8],4,5,7,1,5
1,<environment.Job instance at 0x1509e6f58e10>,4,2,[2 7],6,7,9,1,6
1,<environment.Job instance at 0x150a25900050>,3,1,[2 7],5,9,10,4,8
1,<environment.Job instance at 0x1509e6f58af0>,1,12,[ 1 10],2,10,22,8,8
1,<environment.Job instance at 0x1509e6dfe730>,1,3,[2 9],2,2,5,0,2
1,<environment.Job instance at 0x1509e4400eb0>,4,2,[1 8],5,9,11,4,9
1,<environment.Job instance at 0x1509e5f3d780>,6,18,[8 1],7,7,25,0,7
1,<environment.Job instance at 0x150a259012d0>,5,2,[ 1 10],8,13,15,5,13
1,<environment.Job instance at 0x150a256730f0>,0,1,[2 5],1,1,2,0,1
1,<environment.Job instance at 0x150a25673af0>,1,17,[6 1],3,3,20,0,3
1,<environment.Job instance at 0x150a25590f50>,3,1,[2 7],5,6,7,1,6
1,<environment.Job instance at 0x150a25590aa0>,5,2,[2 7],7,9,11,2,9
1,<environment.Job instance at 0x150a25590280>,1,3,[2 9],2,2,5,0,2
1,<environment.Job instance at 0x1509e7161c30>,0,3,[9 2],1,5,8,4,3
1,<environment.Job instance at 0x1509e7161dc0>,4,2,[1 8],5,11,13,6,11
1,<environment.Job instance at 0x1509e6b478c0>,6,18,[8 1],7,7,25,0,7
1,<environment.Job instance at 0x150a2587faf0>,0,1,[2 5],1,1,2,0,1
1,<environment.Job instance at 0x150a2587fb90>,1,17,[6 1],3,3,20,0,3
1,<environment.Job instance at 0x150a25047230>,3,1,[2 7],5,6,7,1,6
1,<environment.Job instance at 0x150a25047050>,5,2,[2 7],7,10,12,3,10
1,<environment.Job instance at 0x150a25047be0>,6,16,[10  2],9,14,30,5,14
1,<environment.Job instance at 0x150a24d91280>,0,3,[9 2],1,3,6,2,3
1,<environment.Job instance at 0x150a246fe500>,4,2,[1 8],5,11,13,6,11
1,<environment.Job instance at 0x150a2687c0a0>,0,12,[2 5],1,1,13,0,1
1,<environment.Job instance at 0x150a2687c690>,6,18,[8 1],7,7,25,0,7
1,<environment.Job instance at 0x1509e5aec910>,0,1,[2 5],1,1,2,0,1
1,<environment.Job instance at 0x1509e5bb6af0>,1,17,[6 1],3,3,20,0,3
1,<environment.Job instance at 0x1509e6e765f0>,5,3,[6 1],9,20,23,11,14
1,<environment.Job instance at 0x1509e54d8320>,4,2,[2 7],6,6,8,0,6
1,<environment.Job instance at 0x1509e54d8500>,5,2,[2 7],7,8,10,1,8
1,<environment.Job instance at 0x1509e54d82d0>,6,16,[10  2],9,10,26,1,9
1,<environment.Job instance at 0x150a252b8320>,0,3,[9 2],1,3,6,2,3
1,<environment.Job instance at 0x1509e5843a50>,2,1,[2 7],3,6,7,3,4
1,<environment.Job instance at 0x1509e5369460>,5,3,[10  2],8,9,12,1,9
1,<environment.Job instance at 0x150a20200cd0>,0,12,[2 5],1,1,13,0,1
1,<environment.Job instance at 0x1509e450c820>,4,2,[7 2],5,7,9,2,7
1,<environment.Job instance at 0x1509e450c140>,6,18,[8 1],7,9,27,2,7
1,<environment.Job instance at 0x1509e450ccd0>,7,1,[2 6],8,13,14,5,8
1,<environment.Job instance at 0x1509e44dc6e0>,0,2,[6 1],1,2,4,1,2
1,<environment.Job instance at 0x1509e5901eb0>,2,3,[1 8],3,3,6,0,3
1,<environment.Job instance at 0x150a2475f280>,4,2,[8 1],7,8,10,1,8
1,<environment.Job instance at 0x1509e5901c30>,0,1,[2 5],1,4,5,3,4
1,<environment.Job instance at 0x1509e485b820>,5,3,[6 1],9,16,19,7,16
1,<environment.Job instance at 0x1509e485e140>,0,2,[8 1],1,3,5,2,3
1,<environment.Job instance at 0x1509e485e050>,1,12,[ 1 10],2,5,17,3,4
1,<environment.Job instance at 0x1509e485e0a0>,2,2,[2 8],4,17,19,13,6
1,<environment.Job instance at 0x1509e5af0780>,4,2,[2 7],6,19,21,13,7
1,<environment.Job instance at 0x1509e5af04b0>,3,1,[2 7],5,21,22,16,8
1,<environment.Job instance at 0x1509e485b820>,5,2,[2 7],7,22,24,15,8
1,<environment.Job instance at 0x150a24875870>,0,3,[9 2],1,2,5,1,2
1,<environment.Job instance at 0x1509e440caa0>,4,2,[1 8],5,9,11,4,9
1,<environment.Job instance at 0x1509e68177d0>,0,12,[2 5],1,1,13,0,1
1,<environment.Job instance at 0x150a26847d70>,2,1,[2 5],3,3,4,0,3
1,<environment.Job instance at 0x150a24c310a0>,6,18,[8 1],7,7,25,0,7
1,<environment.Job instance at 0x150a25e7feb0>,0,2,[6 1],1,3,5,2,3
1,<environment.Job instance at 0x150a268f2320>,3,3,[1 8],4,4,7,0,4
1,<environment.Job instance at 0x1509e4f8d0f0>,0,1,[2 5],1,1,2,0,1
1,<environment.Job instance at 0x1509e4f8d280>,1,17,[6 1],3,3,20,0,3
1,<environment.Job instance at 0x1509e4eaa960>,3,1,[2 7],5,6,7,1,6
1,<environment.Job instance at 0x1509e4eaa3c0>,5,2,[2 7],7,8,10,1,8
1,<environment.Job instance at 0x1509e4eaa2d0>,6,16,[10  2],9,10,26,1,9
1,<environment.Job instance at 0x1509e55f2690>,2,1,[2 7],3,3,4,0,3
1,<environment.Job instance at 0x1509e55f2190>,1,3,[2 9],2,4,7,2,4
1,<environment.Job instance at 0x150a27563370>,0,12,[2 5],1,1,13,0,1
1,<environment.Job instance at 0x150a24f41410>,2,1,[2 5],3,3,4,0,3
1,<environment.Job instance at 0x1509e651ef00>,6,18,[8 1],7,7,25,0,7
1,<environment.Job instance at 0x1509e5e82500>,0,2,[6 1],1,4,6,3,4
1,<environment.Job instance at 0x1509e651e960>,5,2,[ 1 10],8,9,11,1,9
1,<environment.Job instance at 0x1509e6fc9960>,0,1,[2 5],1,1,2,0,1
1,<environment.Job instance at 0x1509e7302f00>,1,17,[6 1],3,3,20,0,3
1,<environment.Job instance at 0x150a271e25a0>,3,1,[2 7],5,10,11,5,10
1,<environment.Job instance at 0x150a28ad40f0>,0,3,[9 2],1,2,5,1,2
1,<environment.Job instance at 0x1509e51e9e60>,2,1,[2 7],3,5,6,2,3
1,<environment.Job instance at 0x150a257a0c30>,0,12,[2 5],1,1,13,0,1
1,<environment.Job instance at 0x150a257a0f00>,2,1,[2 5],3,3,4,0,3
1,<environment.Job instance at 0x150a268fbeb0>,6,18,[8 1],7,7,25,0,7
1,<environment.Job instance at 0x1509e4fdda50>,2,3,[1 8],3,3,6,0,3
1,<environment.Job instance at 0x1509e7268af0>,5,2,[ 1 10],8,9,11,1,9
1,<environment.Job instance at 0x1509e7268910>,0,1,[2 5],1,1,2,0,1
1,<environment.Job instance at 0x150a27242a00>,1,17,[6 1],3,3,20,0,3
1,<environment.Job instance at 0x1509e46d11e0>,0,2,[8 1],1,2,4,1,2
1,<environment.Job instance at 0x1509e46d19b0>,6,16,[10  2],9,9,25,0,9
1,<environment.Job instance at 0x1509e4b4aa00>,0,3,[9 2],1,2,5,1,2
1,<environment.Job instance at 0x1509e486b410>,2,1,[2 7],3,5,6,2,3
1,<environment.Job instance at 0x150a26f195f0>,1,3,[2 9],2,10,13,8,10
1,<environment.Job instance at 0x150a251d0a50>,0,12,[2 5],1,1,13,0,1
1,<environment.Job instance at 0x1509e733caa0>,6,18,[8 1],7,7,25,0,7
1,<environment.Job instance at 0x150a20031eb0>,0,2,[6 1],1,2,4,1,2
1,<environment.Job instance at 0x150a20031e60>,2,3,[1 8],3,3,6,0,3
1,<environment.Job instance at 0x1509e66c7f50>,4,2,[8 1],7,7,9,0,7
1,<environment.Job instance at 0x1509e6d0f780>,5,2,[ 1 10],8,9,11,1,8
1,<environment.Job instance at 0x150a247db0a0>,1,17,[6 1],3,4,21,1,4
1,<environment.Job instance at 0x1509e5d44500>,3,3,[6 2],6,21,24,15,10
1,<environment.Job instance at 0x1509e5c21af0>,1,12,[ 1 10],2,4,16,2,4
1,<environment.Job instance at 0x150a243713c0>,2,2,[2 8],4,16,18,12,6
1,<environment.Job instance at 0x150a24371910>,3,1,[2 7],5,18,19,13,7
1,<environment.Job instance at 0x150a20259460>,6,16,[10  2],9,19,35,10,9
1,<environment.Job instance at 0x150a20259d20>,0,3,[9 2],1,1,4,0,1
1,<environment.Job instance at 0x150a25061730>,5,3,[10  2],8,9,12,1,9
1,<environment.Job instance at 0x150a24ae1c30>,0,12,[2 5],1,1,13,0,1
1,<environment.Job instance at 0x150a276d1f00>,2,1,[2 5],3,3,4,0,3
1,<environment.Job instance at 0x1509e5ab3a00>,6,18,[8 1],7,7,25,0,7
1,<environment.Job instance at 0x1509e5f05820>,0,2,[6 1],1,2,4,1,2
1,<environment.Job instance at 0x1509e5f05e60>,2,3,[1 8],3,3,6,0,3
1,<environment.Job instance at 0x150a2660b230>,4,2,[8 1],7,7,9,0,7
1,<environment.Job instance at 0x1509e48fd460>,5,2,[ 1 10],8,9,11,1,8
1,<environment.Job instance at 0x1509e4921820>,0,1,[2 5],1,3,4,2,3
1,<environment.Job instance at 0x150a200ace10>,5,3,[6 1],9,13,16,4,13
1,<environment.Job instance at 0x150a200ac7d0>,0,2,[8 1],1,2,4,1,2
1,<environment.Job instance at 0x1509e51e47d0>,1,12,[ 1 10],2,4,16,2,2
1,<environment.Job instance at 0x1509e50363c0>,5,2,[2 7],7,16,18,9,7
1,<environment.Job instance at 0x1509e5036d70>,3,1,[2 7],5,18,19,13,9
1,<environment.Job instance at 0x150a244bcbe0>,0,3,[9 2],1,2,5,1,2
1,<environment.Job instance at 0x150a244bc730>,2,1,[2 7],3,5,6,2,4
1,<environment.Job instance at 0x150a244bc3c0>,5,3,[10  2],8,8,11,0,8
1,<environment.Job instance at 0x1509e536d550>,0,12,[2 5],1,1,13,0,1
1,<environment.Job instance at 0x1509e5466050>,6,18,[8 1],7,7,25,0,7
1,<environment.Job instance at 0x1509e5466c30>,7,1,[2 6],8,13,14,5,8
1,<environment.Job instance at 0x150a24bcebe0>,0,1,[2 5],1,1,2,0,1
1,<environment.Job instance at 0x150a24bce690>,1,17,[6 1],3,3,20,0,3
1,<environment.Job instance at 0x150a2465c820>,5,3,[6 1],9,20,23,11,14
1,<environment.Job instance at 0x150a264585f0>,1,12,[ 1 10],2,3,15,1,3
1,<environment.Job instance at 0x150a26458a00>,6,16,[10  2],9,15,31,6,9
1,<environment.Job instance at 0x150a26458820>,2,2,[2 8],4,31,33,27,9
1,<environment.Job instance at 0x1509e4824b90>,0,3,[9 2],1,2,5,1,2
1,<environment.Job instance at 0x150a262360f0>,2,1,[2 7],3,5,6,2,3
1,<environment.Job instance at 0x150a2583bd20>,1,3,[2 9],2,10,13,8,10
1,<environment.Job instance at 0x150a2027a190>,0,12,[2 5],1,1,13,0,1
1,<environment.Job instance at 0x1509e4bfa0f0>,4,2,[7 2],5,7,9,2,7
1,<environment.Job instance at 0x150a242e5fa0>,0,2,[6 1],1,2,4,1,2
1,<environment.Job instance at 0x1509e53e2280>,2,3,[1 8],3,3,6,0,3
1,<environment.Job instance at 0x1509df541550>,4,2,[8 1],7,7,9,0,7
1,<environment.Job instance at 0x1509df5b54b0>,5,2,[ 1 10],8,9,11,1,8
1,<environment.Job instance at 0x1509e63c7d70>,1,13,[2 8],2,11,24,9,8
1,<environment.Job instance at 0x1509e4679320>,2,2,[2 8],4,4,6,0,4
1,<environment.Job instance at 0x150a26ac5780>,6,16,[10  2],9,9,25,0,9
1,<environment.Job instance at 0x1509e570ca50>,1,12,[ 1 10],2,25,37,23,9
1,<environment.Job instance at 0x150a26ac5dc0>,4,2,[2 7],6,37,39,31,24
1,<environment.Job instance at 0x1509e75b34b0>,0,12,[2 5],1,1,13,0,1
1,<environment.Job instance at 0x1509e75b3dc0>,2,1,[2 5],3,3,4,0,3
1,<environment.Job instance at 0x1509e50b5870>,6,18,[8 1],7,7,25,0,7
1,<environment.Job instance at 0x150a25d1adc0>,0,2,[6 1],1,2,4,1,2
1,<environment.Job instance at 0x150a25d1a550>,2,3,[1 8],3,3,6,0,3
1,<environment.Job instance at 0x150a25d1af00>,4,2,[8 1],7,7,9,0,7
1,<environment.Job instance at 0x1509e50de640>,5,2,[ 1 10],8,9,11,1,8
1,<environment.Job instance at 0x1509e524fb40>,3,1,[2 7],5,5,6,0,5
1,<environment.Job instance at 0x1509e736aeb0>,4,2,[2 7],6,6,8,0,6
1,<environment.Job instance at 0x1509e736acd0>,5,2,[2 7],7,8,10,1,8
1,<environment.Job instance at 0x1509e736a9b0>,6,16,[10  2],9,10,26,1,9
1,<environment.Job instance at 0x1509e49cdb40>,0,3,[9 2],1,4,7,3,4
1,<environment.Job instance at 0x1509e533ad70>,4,2,[1 8],5,6,8,1,6
1,<environment.Job instance at 0x1509e49cd7d0>,5,3,[10  2],8,8,11,0,8
1,<environment.Job instance at 0x150a24cdef50>,0,12,[2 5],1,1,13,0,1
1,<environment.Job instance at 0x150a24cde780>,2,1,[2 5],3,3,4,0,3
1,<environment.Job instance at 0x1509e72b2230>,6,18,[8 1],7,7,25,0,7
1,<environment.Job instance at 0x150a24cdebe0>,5,3,[9 2],6,25,28,19,14
1,<environment.Job instance at 0x1509e503d460>,0,2,[6 1],1,2,4,1,2
1,<environment.Job instance at 0x1509e503daf0>,2,3,[1 8],3,3,6,0,3
1,<environment.Job instance at 0x1509e5d50af0>,4,2,[8 1],7,7,9,0,7
1,<environment.Job instance at 0x1509dfd45140>,5,2,[ 1 10],8,9,11,1,8
1,<environment.Job instance at 0x150a24cde6e0>,1,13,[2 8],2,12,25,10,12
1,<environment.Job instance at 0x1509e4dd3c80>,1,12,[ 1 10],2,31,43,29,31
1,<environment.Job instance at 0x1509defede60>,0,3,[9 2],1,2,5,1,2
1,<environment.Job instance at 0x1509defedfa0>,1,3,[2 9],2,5,8,3,4
1,<environment.Job instance at 0x1509e59f1870>,5,3,[10  2],8,10,13,2,10
1,<environment.Job instance at 0x150a26e69190>,0,12,[2 5],1,1,13,0,1
1,<environment.Job instance at 0x150a26e69b90>,2,1,[2 5],3,3,4,0,3
1,<environment.Job instance at 0x1509e4cbb730>,6,18,[8 1],7,7,25,0,7
1,<environment.Job instance at 0x1509e6a5fa00>,0,2,[6 1],1,2,4,1,2
1,<environment.Job instance at 0x1509e5131aa0>,1,13,[2 8],2,3,16,1,3
1,<environment.Job instance at 0x150a245a1280>,2,3,[1 8],3,16,19,13,3
1,<environment.Job instance at 0x150a245a1c80>,4,2,[8 1],7,8,10,1,8
1,<environment.Job instance at 0x1509e5d67fa0>,6,16,[10  2],9,9,25,0,9
1,<environment.Job instance at 0x150a270575f0>,5,3,[10  2],8,8,11,0,8
1,<environment.Job instance at 0x150a25fa0c80>,0,12,[2 5],1,1,13,0,1
1,<environment.Job instance at 0x150a25fa0be0>,2,1,[2 5],3,3,4,0,3
1,<environment.Job instance at 0x1509e5728fa0>,6,18,[8 1],7,7,25,0,7
1,<environment.Job instance at 0x150a25fa0eb0>,5,3,[9 2],6,25,28,19,14
1,<environment.Job instance at 0x1509e61ec6e0>,0,2,[6 1],1,2,4,1,2
1,<environment.Job instance at 0x150a200e9820>,2,3,[1 8],3,3,6,0,3
1,<environment.Job instance at 0x1509e4689870>,4,2,[8 1],7,7,9,0,7
1,<environment.Job instance at 0x150a27204b90>,5,2,[ 1 10],8,9,11,1,8
1,<environment.Job instance at 0x1509dfebdc30>,1,13,[2 8],2,12,25,10,12
1,<environment.Job instance at 0x1509e47fe5a0>,3,1,[2 7],5,10,11,5,10
1,<environment.Job instance at 0x1509e6fb5f50>,0,3,[9 2],1,2,5,1,2
1,<environment.Job instance at 0x1509e616d370>,2,1,[2 7],3,5,6,2,3
1,<environment.Job instance at 0x1509e6b11d70>,5,3,[10  2],8,9,12,1,9
1,<environment.Job instance at 0x1509e6309b40>,0,12,[2 5],1,1,13,0,1
1,<environment.Job instance at 0x1509df08cd20>,2,1,[2 5],3,3,4,0,3
1,<environment.Job instance at 0x1509de9d65f0>,6,18,[8 1],7,7,25,0,7
1,<environment.Job instance at 0x1509df08cc30>,5,3,[9 2],6,25,28,19,14
1,<environment.Job instance at 0x1509de9d7a50>,0,2,[6 1],1,2,4,1,2
1,<environment.Job instance at 0x1509de9d65a0>,4,2,[8 1],7,7,9,0,7
1,<environment.Job instance at 0x1509e46e3050>,5,2,[ 1 10],8,9,11,1,8
1,<environment.Job instance at 0x1509de9d79b0>,1,13,[2 8],2,11,24,9,10
1,<environment.Job instance at 0x150a26fb81e0>,6,16,[10  2],9,9,25,0,9
1,<environment.Job instance at 0x150a26fb8a00>,0,3,[9 2],1,5,8,4,5
1,<environment.Job instance at 0x1509dea4d910>,4,2,[1 8],5,8,10,3,8
1,<environment.Job instance at 0x1509de8edeb0>,0,12,[2 5],1,1,13,0,1
1,<environment.Job instance at 0x1509e6d69280>,2,1,[2 5],3,3,4,0,3
1,<environment.Job instance at 0x150a247cd460>,5,3,[9 2],6,13,16,7,8
1,<environment.Job instance at 0x1509e48fd640>,1,13,[2 8],2,13,26,11,13
1,<environment.Job instance at 0x1509e4616500>,0,1,[2 5],1,1,2,0,1
1,<environment.Job instance at 0x1509e4616550>,1,17,[6 1],3,3,20,0,3
1,<environment.Job instance at 0x1509e6cff820>,5,2,[2 7],7,8,10,1,8
1,<environment.Job instance at 0x1509e6cff9b0>,6,16,[10  2],9,10,26,1,9
1,<environment.Job instance at 0x1509e6cff9b0>,5,3,[10  2],8,22,25,14,22
1,<environment.Job instance at 0x150a2589d690>,0,12,[2 5],1,1,13,0,1
1,<environment.Job instance at 0x150a2589db40>,2,1,[2 5],3,3,4,0,3
1,<environment.Job instance at 0x1509e47395a0>,4,2,[7 2],5,8,10,3,8
1,<environment.Job instance at 0x1509dede5cd0>,5,3,[9 2],6,13,16,7,12
1,<environment.Job instance at 0x1509dede5eb0>,1,13,[2 8],2,43,56,41,43
1,<environment.Job instance at 0x1509e5901230>,5,3,[6 1],9,12,15,3,12
1,<environment.Job instance at 0x150a24ec3460>,3,1,[2 7],5,5,6,0,5
1,<environment.Job instance at 0x150a263f3550>,6,16,[10  2],9,10,26,1,10
1,<environment.Job instance at 0x150a253f4820>,0,3,[9 2],1,1,4,0,1
1,<environment.Job instance at 0x150a2698c140>,1,3,[2 9],2,4,7,2,2
1,<environment.Job instance at 0x1509e4615460>,4,2,[1 8],5,7,9,2,6
1,<environment.Job instance at 0x150a26ebe460>,0,12,[2 5],1,1,13,0,1
1,<environment.Job instance at 0x150a24be5eb0>,6,18,[8 1],7,7,25,0,7
1,<environment.Job instance at 0x1509e6c495a0>,7,1,[2 6],8,13,14,5,8
1,<environment.Job instance at 0x150a24645b90>,1,13,[2 8],2,4,17,2,4
1,<environment.Job instance at 0x150a26fe9320>,5,2,[ 1 10],8,17,19,9,12
1,<environment.Job instance at 0x1509e714d2d0>,0,1,[2 5],1,1,2,0,1
1,<environment.Job instance at 0x1509e714d230>,1,17,[6 1],3,3,20,0,3
1,<environment.Job instance at 0x1509e6cb6550>,2,2,[2 8],4,4,6,0,4
1,<environment.Job instance at 0x150a267817d0>,1,12,[ 1 10],2,6,18,4,5
1,<environment.Job instance at 0x1509deefbe10>,5,2,[2 7],7,18,20,11,7
1,<environment.Job instance at 0x1509deefb640>,4,2,[2 7],6,20,22,14,9
1,<environment.Job instance at 0x1509deefb6e0>,6,16,[10  2],9,22,38,13,10
1,<environment.Job instance at 0x1509df2ec8c0>,2,1,[2 7],3,5,6,2,5
1,<environment.Job instance at 0x150a269312d0>,4,2,[1 8],5,7,9,2,7
1,<environment.Job instance at 0x1509de6fbe10>,0,12,[2 5],1,1,13,0,1
1,<environment.Job instance at 0x1509de6fbf50>,2,1,[2 5],3,3,4,0,3
1,<environment.Job instance at 0x1509dee695f0>,6,18,[8 1],7,7,25,0,7
1,<environment.Job instance at 0x1509dee694b0>,5,3,[9 2],6,25,28,19,14
1,<environment.Job instance at 0x1509e4daeeb0>,0,2,[6 1],1,2,4,1,2
1,<environment.Job instance at 0x1509dee691e0>,2,3,[1 8],3,3,6,0,3
1,<environment.Job instance at 0x1509dee694b0>,4,2,[8 1],7,7,9,0,7
1,<environment.Job instance at 0x150a25ba6230>,5,2,[ 1 10],8,9,11,1,8
1,<environment.Job instance at 0x1509dee69230>,1,13,[2 8],2,19,32,17,19
1,<environment.Job instance at 0x1509e640e140>,3,3,[6 2],6,6,9,0,6
1,<environment.Job instance at 0x150a24dd5a50>,2,2,[10  1],5,11,13,6,11
1,<environment.Job instance at 0x1509dea96fa0>,5,3,[6 1],9,13,16,4,12
1,<environment.Job instance at 0x1509e640ee10>,1,12,[ 1 10],2,2,14,0,2
1,<environment.Job instance at 0x1509e70bfd20>,2,2,[2 8],4,14,16,10,6
1,<environment.Job instance at 0x1509e6b47e10>,3,1,[2 7],5,16,17,11,7
1,<environment.Job instance at 0x150a2518e820>,5,2,[2 7],7,17,19,10,9
1,<environment.Job instance at 0x1509e46844b0>,0,3,[9 2],1,2,5,1,2
1,<environment.Job instance at 0x150a2505e4b0>,4,2,[1 8],5,6,8,1,6
1,<environment.Job instance at 0x1509e6c3eeb0>,5,3,[10  2],8,8,11,0,8
1,<environment.Job instance at 0x1509e4dad4b0>,0,12,[2 5],1,1,13,0,1
1,<environment.Job instance at 0x1509e6360c30>,2,1,[2 5],3,3,4,0,3
1,<environment.Job instance at 0x1509de5d65f0>,6,18,[8 1],7,7,25,0,7
1,<environment.Job instance at 0x1509e5709cd0>,7,1,[2 6],8,13,14,5,8
1,<environment.Job instance at 0x1509e4fe3be0>,1,13,[2 8],2,3,16,1,3
1,<environment.Job instance at 0x150a26ffc190>,2,3,[1 8],3,16,19,13,3
1,<environment.Job instance at 0x1509e7309c30>,0,1,[2 5],1,1,2,0,1
1,<environment.Job instance at 0x1509e7309410>,1,17,[6 1],3,3,20,0,3
1,<environment.Job instance at 0x1509df525280>,0,2,[8 1],1,2,4,1,2
1,<environment.Job instance at 0x1509dfc15f00>,4,2,[2 7],6,6,8,0,6
1,<environment.Job instance at 0x1509dfc15d20>,5,2,[2 7],7,8,10,1,7
1,<environment.Job instance at 0x1509e6db65a0>,1,12,[ 1 10],2,15,27,13,15
1,<environment.Job instance at 0x1509dd7b6370>,4,2,[1 8],5,15,17,10,15
1,<environment.Job instance at 0x150a20259640>,0,12,[2 5],1,1,13,0,1
1,<environment.Job instance at 0x150a25e9d640>,6,18,[8 1],7,7,25,0,7
1,<environment.Job instance at 0x1509e5824be0>,5,2,[ 1 10],8,8,10,0,8
1,<environment.Job instance at 0x150a244f9af0>,1,13,[2 8],2,22,35,20,22
1,<environment.Job instance at 0x1509e4555f50>,0,1,[2 5],1,3,4,2,3
1,<environment.Job instance at 0x1509e6861dc0>,1,17,[6 1],3,4,21,1,4
1,<environment.Job instance at 0x1509e5336c30>,1,12,[ 1 10],2,3,15,1,3
1,<environment.Job instance at 0x150a2561e960>,2,2,[2 8],4,15,17,11,6
1,<environment.Job instance at 0x150a2561e870>,3,1,[2 7],5,17,18,12,7
1,<environment.Job instance at 0x1509de158500>,4,2,[2 7],6,18,20,12,7
1,<environment.Job instance at 0x1509df57b730>,6,16,[10  2],9,20,36,11,10
1,<environment.Job instance at 0x1509e61dfe10>,0,3,[9 2],1,1,4,0,1
1,<environment.Job instance at 0x1509e4a2d820>,0,12,[2 5],1,1,13,0,1
1,<environment.Job instance at 0x1509e4a2d4b0>,1,3,[1 9],2,13,16,11,3
1,<environment.Job instance at 0x1509de82a280>,6,18,[8 1],7,7,25,0,7
1,<environment.Job instance at 0x1509e6230a00>,2,3,[1 8],3,3,6,0,3
1,<environment.Job instance at 0x1509ddbdb230>,1,13,[2 8],2,7,20,5,7
1,<environment.Job instance at 0x1509dde18d20>,0,1,[2 5],1,1,2,0,1
1,<environment.Job instance at 0x150a201b87d0>,1,17,[6 1],3,3,20,0,3
1,<environment.Job instance at 0x1509e5a78e60>,0,2,[8 1],1,2,4,1,2
1,<environment.Job instance at 0x1509e5a789b0>,4,2,[2 7],6,6,8,0,6
1,<environment.Job instance at 0x1509e5a78d70>,5,2,[2 7],7,8,10,1,7
1,<environment.Job instance at 0x1509e5a782d0>,1,12,[ 1 10],2,54,66,52,54
1,<environment.Job instance at 0x1509e6430b40>,0,3,[9 2],1,1,4,0,1
1,<environment.Job instance at 0x1509e6430500>,2,1,[2 7],3,4,5,1,4
1,<environment.Job instance at 0x1509df6e0640>,4,2,[1 8],5,5,7,0,5
1,<environment.Job instance at 0x150a264d6c80>,0,12,[2 5],1,1,13,0,1
1,<environment.Job instance at 0x1509e61f7dc0>,2,1,[2 5],3,3,4,0,3
1,<environment.Job instance at 0x150a264d6820>,3,1,[6 2],4,7,8,3,7
1,<environment.Job instance at 0x150a2004b910>,3,3,[1 8],4,4,7,0,4
1,<environment.Job instance at 0x1509e5921910>,1,13,[2 8],2,8,21,6,8
1,<environment.Job instance at 0x150a25a88f50>,0,1,[2 5],1,2,3,1,2
1,<environment.Job instance at 0x150a252e1780>,3,3,[6 2],6,6,9,0,6
1,<environment.Job instance at 0x1509e5921910>,2,2,[10  1],5,11,13,6,11
1,<environment.Job instance at 0x1509e6c487d0>,5,2,[2 7],7,7,9,0,7
1,<environment.Job instance at 0x1509e47c6820>,1,12,[ 1 10],2,13,25,11,13
1,<environment.Job instance at 0x1509e6c48500>,4,2,[2 7],6,25,27,19,21
1,<environment.Job instance at 0x1509e6d9cd70>,4,2,[1 8],5,5,7,0,5
1,<environment.Job instance at 0x1509e5472370>,5,3,[10  2],8,17,20,9,17
1,<environment.Job instance at 0x1509dd82f0a0>,0,12,[2 5],1,1,13,0,1
1,<environment.Job instance at 0x1509e51cf730>,7,1,[2 6],8,13,14,5,8
1,<environment.Job instance at 0x1509e696ecd0>,6,18,[8 1],7,9,27,2,9
1,<environment.Job instance at 0x1509dedcb7d0>,0,2,[6 1],1,2,4,1,2
1,<environment.Job instance at 0x1509e6f11be0>,2,3,[1 8],3,3,6,0,3
1,<environment.Job instance at 0x1509e6f11690>,4,2,[8 1],7,7,9,0,7
1,<environment.Job instance at 0x1509dd134640>,5,2,[ 1 10],8,9,11,1,8
1,<environment.Job instance at 0x1509dd82f2d0>,1,13,[2 8],2,15,28,13,15
1,<environment.Job instance at 0x1509e608fd20>,5,3,[6 1],9,15,18,6,15
1,<environment.Job instance at 0x1509e5aeb6e0>,6,16,[10  2],9,9,25,0,9
1,<environment.Job instance at 0x1509e56cdc80>,2,1,[2 7],3,10,11,7,10
1,<environment.Job instance at 0x1509de06bf00>,0,12,[2 5],1,1,13,0,1
1,<environment.Job instance at 0x1509dd82f140>,2,1,[2 5],3,3,4,0,3
1,<environment.Job instance at 0x1509dd82f1e0>,4,2,[7 2],5,8,10,3,8
1,<environment.Job instance at 0x1509e50677d0>,2,3,[1 8],3,3,6,0,3
1,<environment.Job instance at 0x1509e5e3f8c0>,0,1,[2 5],1,1,2,0,1
1,<environment.Job instance at 0x1509e5e3f780>,1,17,[6 1],3,3,20,0,3
1,<environment.Job instance at 0x1509e5e3f320>,1,12,[ 1 10],2,7,19,5,7
1,<environment.Job instance at 0x1509e45a94b0>,6,16,[10  2],9,19,35,10,9
1,<environment.Job instance at 0x1509dd1652d0>,1,3,[2 9],2,3,6,1,3
1,<environment.Job instance at 0x1509ded41960>,5,3,[10  2],8,11,14,3,11
1,<environment.Job instance at 0x1509e62e6500>,0,12,[2 5],1,1,13,0,1
1,<environment.Job instance at 0x1509e62e6960>,2,1,[2 5],3,3,4,0,3
1,<environment.Job instance at 0x150a25d9da50>,4,2,[7 2],5,8,10,3,8
1,<environment.Job instance at 0x1509e5796870>,2,3,[1 8],3,3,6,0,3
1,<environment.Job instance at 0x1509de4356e0>,5,2,[ 1 10],8,12,14,4,12
1,<environment.Job instance at 0x1509df5d62d0>,0,1,[2 5],1,1,2,0,1
1,<environment.Job instance at 0x150a24349e10>,1,17,[6 1],3,3,20,0,3
1,<environment.Job instance at 0x1509dd49fbe0>,2,2,[2 8],4,5,7,1,5
1,<environment.Job instance at 0x1509e506bcd0>,5,2,[2 7],7,7,9,0,7
1,<environment.Job instance at 0x1509dd4470f0>,0,3,[9 2],1,2,5,1,2
1,<environment.Job instance at 0x1509dd447780>,2,1,[2 7],3,5,6,2,4
1,<environment.Job instance at 0x150a279b46e0>,1,3,[2 9],2,6,9,4,5
1,<environment.Job instance at 0x150a25d17500>,5,3,[10  2],8,9,12,1,8
1,<environment.Job instance at 0x1509e6839280>,0,12,[2 5],1,1,13,0,1
1,<environment.Job instance at 0x150a24f2f230>,2,1,[2 5],3,3,4,0,3
1,<environment.Job instance at 0x1509dd55e3c0>,1,3,[1 9],2,13,16,11,8
1,<environment.Job instance at 0x1509dd55e550>,8,13,[6 1],9,9,22,0,9
1,<environment.Job instance at 0x1509dd55ea50>,6,18,[8 1],7,22,40,15,14
1,<environment.Job instance at 0x1509e5a660f0>,3,3,[1 8],4,4,7,0,4
1,<environment.Job instance at 0x1509e5a66230>,4,2,[8 1],7,7,9,0,7
1,<environment.Job instance at 0x1509e64f7870>,5,2,[ 1 10],8,9,11,1,8
1,<environment.Job instance at 0x1509dddfb820>,1,13,[2 8],2,16,29,14,16
1,<environment.Job instance at 0x150a2727f460>,0,1,[2 5],1,2,3,1,2
1,<environment.Job instance at 0x150a254581e0>,3,3,[6 2],6,6,9,0,6
1,<environment.Job instance at 0x1509dde82c30>,1,12,[ 1 10],2,2,14,0,2
1,<environment.Job instance at 0x150a259d4140>,0,2,[8 1],1,14,16,13,7
1,<environment.Job instance at 0x150a259d4870>,4,2,[2 7],6,14,16,8,7
1,<environment.Job instance at 0x150a259d4050>,6,16,[10  2],9,16,32,7,9
1,<environment.Job instance at 0x150a2793acd0>,2,1,[2 7],3,18,19,15,18
1,<environment.Job instance at 0x150a26d32500>,0,12,[2 5],1,1,13,0,1
1,<environment.Job instance at 0x1509de846fa0>,2,1,[2 5],3,3,4,0,3
1,<environment.Job instance at 0x1509df40c460>,3,1,[6 2],4,7,8,3,7
1,<environment.Job instance at 0x1509e50441e0>,7,1,[2 6],8,13,14,5,12
1,<environment.Job instance at 0x1509dde33e60>,3,3,[1 8],4,4,7,0,4
1,<environment.Job instance at 0x1509df5e6eb0>,4,2,[8 1],7,7,9,0,7
1,<environment.Job instance at 0x1509dde330a0>,5,2,[ 1 10],8,9,11,1,8
1,<environment.Job instance at 0x1509dde334b0>,0,1,[2 5],1,2,3,1,2
1,<environment.Job instance at 0x150a26336a00>,3,3,[6 2],6,6,9,0,6
1,<environment.Job instance at 0x150a26d32c30>,1,12,[ 1 10],2,2,14,0,2
1,<environment.Job instance at 0x1509de911280>,4,2,[2 7],6,14,16,8,7
1,<environment.Job instance at 0x1509e4062320>,2,2,[2 8],4,16,18,12,9
1,<environment.Job instance at 0x150a25636780>,2,1,[2 7],3,14,15,11,14
1,<environment.Job instance at 0x150a24e3bb40>,0,12,[2 5],1,1,13,0,1
1,<environment.Job instance at 0x150a24e3b320>,2,1,[2 5],3,3,4,0,3
1,<environment.Job instance at 0x150a2515af50>,3,1,[6 2],4,7,8,3,7
1,<environment.Job instance at 0x1509e5fc2e60>,7,1,[2 6],8,13,14,5,12
1,<environment.Job instance at 0x1509dd5c95a0>,3,3,[1 8],4,4,7,0,4
1,<environment.Job instance at 0x150a25bef320>,4,2,[8 1],7,7,9,0,7
1,<environment.Job instance at 0x1509dd5c9dc0>,5,2,[ 1 10],8,9,11,1,8
1,<environment.Job instance at 0x1509e4e23730>,0,1,[2 5],1,2,3,1,2
1,<environment.Job instance at 0x1509e4e233c0>,2,2,[10  1],5,6,8,1,6
1,<environment.Job instance at 0x1509e7340690>,1,12,[ 1 10],2,2,14,0,2
1,<environment.Job instance at 0x150a2469b5a0>,5,2,[2 7],7,14,16,7,11
1,<environment.Job instance at 0x1509e47d6fa0>,0,3,[9 2],1,1,4,0,1
1,<environment.Job instance at 0x1509ddbfb0f0>,1,3,[2 9],2,4,7,2,2
1,<environment.Job instance at 0x1509df0c4320>,4,2,[1 8],5,7,9,2,6
1,<environment.Job instance at 0x1509e741a050>,0,12,[2 5],1,1,13,0,1
1,<environment.Job instance at 0x1509e741ae60>,2,1,[2 5],3,3,4,0,3
1,<environment.Job instance at 0x150a25964a50>,7,1,[2 6],8,13,14,5,8
1,<environment.Job instance at 0x150a25964fa0>,6,18,[8 1],7,9,27,2,9
1,<environment.Job instance at 0x1509dfff7b40>,8,13,[6 1],9,27,40,18,12
1,<environment.Job instance at 0x150a201f3690>,3,3,[1 8],4,4,7,0,4
1,<environment.Job instance at 0x1509dfeb4410>,4,2,[8 1],7,7,9,0,7
1,<environment.Job instance at 0x1509de1aa3c0>,5,2,[ 1 10],8,9,11,1,8
1,<environment.Job instance at 0x150a25964140>,1,13,[2 8],2,20,33,18,20
1,<environment.Job instance at 0x150a25cfe5f0>,1,17,[6 1],3,5,22,2,5
1,<environment.Job instance at 0x1509e61adfa0>,0,1,[2 5],1,6,7,5,6
1,<environment.Job instance at 0x1509dedcb550>,3,3,[6 2],6,22,25,16,10
1,<environment.Job instance at 0x1509dda0baa0>,0,2,[8 1],1,2,4,1,2
1,<environment.Job instance at 0x1509dda0b460>,2,2,[2 8],4,4,6,0,4
1,<environment.Job instance at 0x1509dda0b320>,3,1,[2 7],5,6,7,1,5
1,<environment.Job instance at 0x150a25cfef50>,4,2,[2 7],6,7,9,1,6
1,<environment.Job instance at 0x1509dc9057d0>,5,2,[2 7],7,9,11,2,7
1,<environment.Job instance at 0x1509dda0bc80>,1,12,[ 1 10],2,17,29,15,17
1,<environment.Job instance at 0x1509dc915410>,1,3,[2 9],2,2,5,0,2
1,<environment.Job instance at 0x1509dda0b870>,2,1,[2 7],3,5,6,2,3
1,<environment.Job instance at 0x1509df40e3c0>,4,2,[1 8],5,6,8,1,6
1,<environment.Job instance at 0x1509dc9159b0>,5,3,[10  2],8,8,11,0,8
1,<environment.Job instance at 0x1509e6c64a50>,0,12,[2 5],1,1,13,0,1
1,<environment.Job instance at 0x1509e6b5e960>,2,1,[2 5],3,3,4,0,3
1,<environment.Job instance at 0x1509ddd80640>,5,3,[9 2],6,13,16,7,7
1,<environment.Job instance at 0x1509e6b5e640>,4,2,[7 2],5,16,18,11,12
1,<environment.Job instance at 0x1509df025a50>,2,3,[1 8],3,3,6,0,3
1,<environment.Job instance at 0x1509ddea1e60>,5,2,[ 1 10],8,9,11,1,9
1,<environment.Job instance at 0x1509dfd0f960>,0,1,[2 5],1,1,2,0,1
1,<environment.Job instance at 0x1509de857dc0>,1,17,[6 1],3,3,20,0,3
1,<environment.Job instance at 0x150a26e53c30>,0,2,[8 1],1,2,4,1,2
1,<environment.Job instance at 0x1509dfd0fdc0>,2,2,[2 8],4,4,6,0,4
1,<environment.Job instance at 0x150a26e53eb0>,3,1,[2 7],5,6,7,1,5
1,<environment.Job instance at 0x1509e48fae60>,4,2,[2 7],6,7,9,1,6
1,<environment.Job instance at 0x150a26e53780>,5,2,[2 7],7,9,11,2,7
1,<environment.Job instance at 0x1509dfd0f6e0>,1,12,[ 1 10],2,16,28,14,16
1,<environment.Job instance at 0x1509dfcdcaa0>,2,1,[2 7],3,3,4,0,3
1,<environment.Job instance at 0x1509e5bfc730>,1,3,[2 9],2,5,8,3,5
1,<environment.Job instance at 0x1509df719730>,5,3,[10  2],8,8,11,0,8
1,<environment.Job instance at 0x1509dfcdcaf0>,4,2,[1 8],5,52,54,47,52
1,<environment.Job instance at 0x150a2732e0a0>,0,12,[2 5],1,1,13,0,1
1,<environment.Job instance at 0x150a2732e500>,2,1,[2 5],3,3,4,0,3
1,<environment.Job instance at 0x1509e6b5e500>,1,3,[1 9],2,13,16,11,7
1,<environment.Job instance at 0x150a26612d70>,3,1,[6 2],4,7,8,3,7
1,<environment.Job instance at 0x150a25e286e0>,7,1,[2 6],8,16,17,8,8
1,<environment.Job instance at 0x1509e6d01730>,0,2,[6 1],1,2,4,1,2
1,<environment.Job instance at 0x1509e6d01c80>,2,3,[1 8],3,3,6,0,3
1,<environment.Job instance at 0x1509dcedda00>,3,3,[1 8],4,6,9,2,4
1,<environment.Job instance at 0x1509e6d01960>,4,2,[8 1],7,7,9,0,7
1,<environment.Job instance at 0x1509dcedde10>,5,2,[ 1 10],8,9,11,1,8
1,<environment.Job instance at 0x1509dd994230>,1,13,[2 8],2,13,26,11,13
1,<environment.Job instance at 0x1509e6a2c050>,3,3,[6 2],6,7,10,1,7
1,<environment.Job instance at 0x1509dcedda50>,2,2,[10  1],5,10,12,5,7
1,<environment.Job instance at 0x1509dd0a60a0>,0,2,[8 1],1,2,4,1,2
1,<environment.Job instance at 0x1509dd0a6820>,2,2,[2 8],4,4,6,0,4
1,<environment.Job instance at 0x1509e6b25d70>,3,1,[2 7],5,6,7,1,5
1,<environment.Job instance at 0x1509deddb5f0>,4,2,[2 7],6,7,9,1,6
1,<environment.Job instance at 0x1509deddbc80>,5,2,[2 7],7,9,11,2,7
1,<environment.Job instance at 0x1509e6a2c3c0>,1,12,[ 1 10],2,21,33,19,21
1,<environment.Job instance at 0x1509deddb690>,1,3,[2 9],2,2,5,0,2
1,<environment.Job instance at 0x1509e64fde10>,5,3,[10  2],8,10,13,2,10
1,<environment.Job instance at 0x1509e69c5460>,0,12,[2 5],1,1,13,0,1
1,<environment.Job instance at 0x1509e69c5d70>,2,1,[2 5],3,3,4,0,3
1,<environment.Job instance at 0x1509ddf40780>,3,1,[6 2],4,8,9,4,8
1,<environment.Job instance at 0x1509e40ddf50>,1,13,[2 8],2,2,15,0,2
1,<environment.Job instance at 0x1509e40dd870>,0,2,[6 1],1,4,6,3,4
1,<environment.Job instance at 0x1509e40dd820>,2,3,[1 8],3,15,18,12,5
1,<environment.Job instance at 0x1509e40dde60>,3,3,[1 8],4,18,21,14,8
1,<environment.Job instance at 0x1509e4af9c80>,0,1,[2 5],1,2,3,1,2
1,<environment.Job instance at 0x1509e4af99b0>,2,2,[10  1],5,6,8,1,6
1,<environment.Job instance at 0x1509e6bd5870>,3,3,[6 2],6,11,14,5,11
1,<environment.Job instance at 0x150a25a10f00>,0,2,[8 1],1,2,4,1,2
1,<environment.Job instance at 0x1509e5434280>,2,2,[2 8],4,4,6,0,4
1,<environment.Job instance at 0x150a25920b40>,4,2,[2 7],6,6,8,0,6
1,<environment.Job instance at 0x1509e5781fa0>,5,2,[2 7],7,8,10,1,7
1,<environment.Job instance at 0x1509e4af9820>,1,12,[ 1 10],2,22,34,20,22
1,<environment.Job instance at 0x150a24ec4c80>,0,3,[9 2],1,1,4,0,1
1,<environment.Job instance at 0x150a24ec4690>,2,1,[2 7],3,4,5,1,4
1,<environment.Job instance at 0x1509df2f9410>,4,2,[1 8],5,5,7,0,5
1,<environment.Job instance at 0x1509df2f9960>,5,3,[10  2],8,8,11,0,8
1,<environment.Job instance at 0x1509ddc9c870>,0,12,[2 5],1,1,13,0,1
1,<environment.Job instance at 0x1509ddeb8910>,2,1,[2 5],3,3,4,0,3
1,<environment.Job instance at 0x1509dc484050>,5,3,[9 2],6,13,16,7,7
1,<environment.Job instance at 0x1509dcb32910>,4,2,[7 2],5,16,18,11,12
1,<environment.Job instance at 0x150a275850a0>,2,3,[1 8],3,3,6,0,3
1,<environment.Job instance at 0x1509dc484410>,4,2,[8 1],7,8,10,1,8
1,<environment.Job instance at 0x150a27585370>,5,2,[ 1 10],8,10,12,2,8
1,<environment.Job instance at 0x150a2433f5a0>,0,1,[2 5],1,1,2,0,1
1,<environment.Job instance at 0x1509dc958e60>,3,3,[6 2],6,8,11,2,8
1,<environment.Job instance at 0x150a2433fe60>,5,3,[6 1],9,11,14,2,11
1,<environment.Job instance at 0x1509de20c1e0>,0,2,[8 1],1,2,4,1,2
1,<environment.Job instance at 0x1509dddaa370>,2,2,[2 8],4,4,6,0,4
1,<environment.Job instance at 0x1509e61bcd20>,3,1,[2 7],5,6,7,1,5
1,<environment.Job instance at 0x1509de20c320>,4,2,[2 7],6,7,9,1,6
1,<environment.Job instance at 0x1509e5819280>,5,2,[2 7],7,9,11,2,7
1,<environment.Job instance at 0x150a28ad0690>,1,12,[ 1 10],2,16,28,14,16
1,<environment.Job instance at 0x1509df073960>,2,1,[2 7],3,3,4,0,3
1,<environment.Job instance at 0x1509dfeb0500>,1,3,[2 9],2,36,39,34,36
1,<environment.Job instance at 0x1509dea4ccd0>,5,3,[10  2],8,694,697,686,694
1,<environment.Job instance at 0x1509dfd10b40>,0,12,[2 5],1,1,13,0,1
1,<environment.Job instance at 0x1509d754baf0>,5,3,[9 2],6,13,16,7,6
1,<environment.Job instance at 0x1509d754bc30>,7,1,[2 6],8,16,17,8,8
1,<environment.Job instance at 0x1509d7563fa0>,0,2,[6 1],1,2,4,1,2
1,<environment.Job instance at 0x1509e72ad500>,2,3,[1 8],3,3,6,0,3
1,<environment.Job instance at 0x1509de6bcbe0>,3,3,[1 8],4,6,9,2,4
1,<environment.Job instance at 0x150a25e9bb90>,4,2,[8 1],7,7,9,0,7
1,<environment.Job instance at 0x1509d7563e10>,1,13,[2 8],2,9,22,7,8
1,<environment.Job instance at 0x1509df6ccc30>,2,2,[10  1],5,6,8,1,6
1,<environment.Job instance at 0x1509dc5ef500>,0,2,[8 1],1,2,4,1,2
1,<environment.Job instance at 0x1509e68787d0>,2,2,[2 8],4,4,6,0,4
1,<environment.Job instance at 0x1509e6e7a730>,3,1,[2 7],5,6,7,1,5
1,<environment.Job instance at 0x1509dc5efd70>,4,2,[2 7],6,7,9,1,6
1,<environment.Job instance at 0x1509e6e7aa00>,5,2,[2 7],7,9,11,2,7
1,<environment.Job instance at 0x1509dc686960>,1,12,[ 1 10],2,19,31,17,19
1,<environment.Job instance at 0x1509e4146d20>,0,3,[9 2],1,2,5,1,2
1,<environment.Job instance at 0x1509d7563d70>,1,3,[2 9],2,5,8,3,4
1,<environment.Job instance at 0x1509de67cb40>,5,3,[10  2],8,8,11,0,8
1,<environment.Job instance at 0x1509d7b75640>,0,12,[2 5],1,1,13,0,1
1,<environment.Job instance at 0x1509d7b755f0>,3,1,[6 2],4,6,7,2,6
1,<environment.Job instance at 0x1509d7b75a00>,7,1,[2 6],8,13,14,5,8
1,<environment.Job instance at 0x1509d7a94c30>,0,2,[6 1],1,2,4,1,2
1,<environment.Job instance at 0x1509d7a94d20>,2,3,[1 8],3,3,6,0,3
1,<environment.Job instance at 0x1509d7a944b0>,3,3,[1 8],4,6,9,2,4
1,<environment.Job instance at 0x1509d7b75d20>,4,2,[8 1],7,7,9,0,7
1,<environment.Job instance at 0x1509dc28f1e0>,5,2,[ 1 10],8,9,11,1,8
1,<environment.Job instance at 0x1509d7b69780>,1,13,[2 8],2,54,67,52,54
1,<environment.Job instance at 0x150a2545d230>,2,2,[10  1],5,5,7,0,5
1,<environment.Job instance at 0x1509d7b694b0>,1,17,[6 1],3,7,24,4,5
1,<environment.Job instance at 0x150a2545ddc0>,5,3,[6 1],9,24,27,15,10
1,<environment.Job instance at 0x1509dd025140>,3,1,[2 7],5,8,9,3,8
1,<environment.Job instance at 0x1509dd0250a0>,5,2,[2 7],7,9,11,2,9
1,<environment.Job instance at 0x1509dc5db870>,6,16,[10  2],9,11,27,2,9
1,<environment.Job instance at 0x1509dc3437d0>,4,2,[2 7],6,27,29,21,15
1,<environment.Job instance at 0x150a200a3780>,1,3,[2 9],2,2,5,0,2
1,<environment.Job instance at 0x1509d7cf7a00>,2,1,[2 7],3,5,6,2,5
1,<environment.Job instance at 0x1509dc6677d0>,5,3,[10  2],8,12,15,4,12
1,<environment.Job instance at 0x150a269de3c0>,1,3,[1 9],2,3,6,1,3
1,<environment.Job instance at 0x1509e66dc960>,5,3,[9 2],6,6,9,0,6
1,<environment.Job instance at 0x150a2853d190>,4,2,[7 2],5,9,11,4,7
1,<environment.Job instance at 0x1509e46de7d0>,0,2,[6 1],1,2,4,1,2
1,<environment.Job instance at 0x1509e46dec30>,2,3,[1 8],3,3,6,0,3
1,<environment.Job instance at 0x1509e6d06410>,3,3,[1 8],4,6,9,2,4
1,<environment.Job instance at 0x1509e46de820>,4,2,[8 1],7,7,9,0,7
1,<environment.Job instance at 0x1509e6d061e0>,5,2,[ 1 10],8,9,11,1,8
1,<environment.Job instance at 0x1509e779ac30>,1,13,[2 8],2,13,26,11,13
1,<environment.Job instance at 0x150a269e5e10>,3,3,[6 2],6,7,10,1,7
1,<environment.Job instance at 0x1509e6d06550>,2,2,[10  1],5,10,12,5,7
1,<environment.Job instance at 0x150a269e5960>,5,3,[6 1],9,12,15,3,10
1,<environment.Job instance at 0x1509e65786e0>,0,2,[8 1],1,2,4,1,2
1,<environment.Job instance at 0x1509e6578870>,2,2,[2 8],4,4,6,0,4
1,<environment.Job instance at 0x1509e6578aa0>,3,1,[2 7],5,6,7,1,5
1,<environment.Job instance at 0x1509dced15f0>,4,2,[2 7],6,7,9,1,6
1,<environment.Job instance at 0x1509dced1a00>,5,2,[2 7],7,9,11,2,7
1,<environment.Job instance at 0x150a269de500>,1,12,[ 1 10],2,19,31,17,19
1,<environment.Job instance at 0x1509e4fbe2d0>,0,3,[9 2],1,1,4,0,1
1,<environment.Job instance at 0x1509e69deaf0>,2,1,[2 7],3,4,5,1,3
1,<environment.Job instance at 0x150a244300f0>,4,2,[1 8],5,9,11,4,9
1,<environment.Job instance at 0x1509dc7fd820>,1,3,[1 9],2,3,6,1,3
1,<environment.Job instance at 0x150a2700bd70>,5,3,[9 2],6,6,9,0,6
1,<environment.Job instance at 0x1509dc5db690>,6,18,[8 1],7,9,27,2,7
1,<environment.Job instance at 0x1509dc5db190>,7,1,[2 6],8,9,10,1,8
1,<environment.Job instance at 0x150a2700bf00>,4,2,[7 2],5,27,29,22,8
1,<environment.Job instance at 0x1509ddefeeb0>,0,2,[6 1],1,2,4,1,2
1,<environment.Job instance at 0x1509ddefe2d0>,2,3,[1 8],3,3,6,0,3
1,<environment.Job instance at 0x1509e5c4f9b0>,1,13,[2 8],2,6,19,4,4
1,<environment.Job instance at 0x150a25d01640>,4,2,[8 1],7,8,10,1,8
1,<environment.Job instance at 0x1509dc5b5820>,0,1,[2 5],1,3,4,2,3
1,<environment.Job instance at 0x1509e5e7d870>,5,3,[6 1],9,11,14,2,11
1,<environment.Job instance at 0x1509dc4cc0a0>,0,2,[8 1],1,2,4,1,2
1,<environment.Job instance at 0x1509df101dc0>,2,2,[2 8],4,4,6,0,4
1,<environment.Job instance at 0x1509dc552c80>,3,1,[2 7],5,6,7,1,5
1,<environment.Job instance at 0x1509de05bdc0>,4,2,[2 7],6,7,9,1,6
1,<environment.Job instance at 0x1509de05b9b0>,5,2,[2 7],7,9,11,2,7
1,<environment.Job instance at 0x1509dc552d70>,1,12,[ 1 10],2,14,26,12,14
1,<environment.Job instance at 0x1509d70d65f0>,1,3,[2 9],2,12,15,10,12
1,<environment.Job instance at 0x1509de88bd20>,1,3,[1 9],2,3,6,1,3
1,<environment.Job instance at 0x150a243d6870>,5,3,[9 2],6,6,9,0,6
1,<environment.Job instance at 0x1509de873780>,6,18,[8 1],7,9,27,2,7
1,<environment.Job instance at 0x1509debe55a0>,7,1,[2 6],8,9,10,1,8
1,<environment.Job instance at 0x1509e73267d0>,4,2,[7 2],5,27,29,22,8
1,<environment.Job instance at 0x1509dcaabf50>,0,2,[6 1],1,2,4,1,2
1,<environment.Job instance at 0x1509dc1923c0>,2,3,[1 8],3,3,6,0,3
1,<environment.Job instance at 0x1509e47af910>,4,2,[8 1],7,7,9,0,7
1,<environment.Job instance at 0x1509dcfde050>,5,2,[ 1 10],8,9,11,1,8
1,<environment.Job instance at 0x1509dc312780>,1,13,[2 8],2,13,26,11,13
1,<environment.Job instance at 0x1509ddba3e10>,2,2,[10  1],5,5,7,0,5
1,<environment.Job instance at 0x1509dc110f00>,3,3,[6 2],6,7,10,1,7
1,<environment.Job instance at 0x1509e72ad280>,5,3,[6 1],9,10,13,1,10
1,<environment.Job instance at 0x1509dc17a370>,0,2,[8 1],1,2,4,1,2
1,<environment.Job instance at 0x150a25c086e0>,2,2,[2 8],4,4,6,0,4
1,<environment.Job instance at 0x150a255f93c0>,3,1,[2 7],5,6,7,1,5
1,<environment.Job instance at 0x150a25c08b90>,4,2,[2 7],6,7,9,1,6
1,<environment.Job instance at 0x150a244430f0>,5,2,[2 7],7,9,11,2,7
1,<environment.Job instance at 0x150a255f95a0>,1,12,[ 1 10],2,14,26,12,14
1,<environment.Job instance at 0x1509e557b460>,2,1,[2 7],3,5,6,2,5
1,<environment.Job instance at 0x1509df23a460>,5,3,[10  2],8,19,22,11,19
1,<environment.Job instance at 0x1509d78aaa00>,1,3,[1 9],2,3,6,1,3
1,<environment.Job instance at 0x1509dc4a48c0>,5,3,[9 2],6,6,9,0,6
1,<environment.Job instance at 0x1509dc4a4140>,6,18,[8 1],7,9,27,2,7
1,<environment.Job instance at 0x1509dc4a4a50>,7,1,[2 6],8,9,10,1,8
1,<environment.Job instance at 0x1509dc4a42d0>,4,2,[7 2],5,27,29,22,8
1,<environment.Job instance at 0x1509dc678c30>,0,2,[6 1],1,2,4,1,2
1,<environment.Job instance at 0x1509e5c9cdc0>,2,3,[1 8],3,3,6,0,3
1,<environment.Job instance at 0x1509dc4a44b0>,1,13,[2 8],2,6,19,4,5
1,<environment.Job instance at 0x1509dced0730>,4,2,[8 1],7,8,10,1,8
1,<environment.Job instance at 0x1509dc8dcdc0>,0,1,[2 5],1,3,4,2,3
1,<environment.Job instance at 0x1509e486a280>,5,3,[6 1],9,9,12,0,9
1,<environment.Job instance at 0x1509dc79a870>,0,2,[8 1],1,2,4,1,2
1,<environment.Job instance at 0x1509e46c5c80>,3,1,[2 7],5,5,6,0,5
1,<environment.Job instance at 0x1509d78aac30>,1,12,[ 1 10],2,6,18,4,6
1,<environment.Job instance at 0x1509df1c90f0>,6,16,[10  2],9,18,34,9,10
1,<environment.Job instance at 0x1509dd7cee60>,1,3,[2 9],2,2,5,0,2
1,<environment.Job instance at 0x1509dd7ce960>,0,3,[9 2],1,5,8,4,3
1,<environment.Job instance at 0x1509dd7ce370>,2,1,[2 7],3,8,9,5,8
1,<environment.Job instance at 0x150a20259690>,5,3,[10  2],8,233,236,225,233
1,<environment.Job instance at 0x1509de47a960>,1,3,[1 9],2,3,6,1,3
1,<environment.Job instance at 0x1509de47a9b0>,5,3,[9 2],6,6,9,0,6
1,<environment.Job instance at 0x1509df748690>,6,18,[8 1],7,9,27,2,7
1,<environment.Job instance at 0x150a268f85a0>,7,1,[2 6],8,9,10,1,8
1,<environment.Job instance at 0x1509de47a690>,4,2,[7 2],5,27,29,22,8
1,<environment.Job instance at 0x1509d79cef00>,0,2,[6 1],1,2,4,1,2
1,<environment.Job instance at 0x1509dc075f00>,2,3,[1 8],3,3,6,0,3
1,<environment.Job instance at 0x1509dc0759b0>,1,13,[2 8],2,6,19,4,5
1,<environment.Job instance at 0x1509dc5db050>,5,2,[ 1 10],8,19,21,11,16
1,<environment.Job instance at 0x1509dc5db370>,0,1,[2 5],1,3,4,2,3
1,<environment.Job instance at 0x1509df6bd500>,5,3,[6 1],9,9,12,0,9
1,<environment.Job instance at 0x1509debb8370>,0,2,[8 1],1,2,4,1,2
1,<environment.Job instance at 0x1509debb80a0>,2,2,[2 8],4,4,6,0,4
1,<environment.Job instance at 0x1509debb8820>,3,1,[2 7],5,6,7,1,5
1,<environment.Job instance at 0x1509d6c4f7d0>,4,2,[2 7],6,7,9,1,6
1,<environment.Job instance at 0x1509d6c4f960>,5,2,[2 7],7,9,11,2,7
1,<environment.Job instance at 0x1509de84d9b0>,1,12,[ 1 10],2,14,26,12,14
1,<environment.Job instance at 0x1509d6c51320>,1,3,[2 9],2,4,7,2,4
1,<environment.Job instance at 0x1509e4c17cd0>,5,3,[10  2],8,8,11,0,8
1,<environment.Job instance at 0x1509e4c17640>,4,2,[1 8],5,12,14,7,12
1,<environment.Job instance at 0x1509d7c72e10>,2,1,[2 5],3,3,4,0,3
1,<environment.Job instance at 0x1509d7016d70>,1,3,[1 9],2,6,9,4,6
1,<environment.Job instance at 0x1509dd27ffa0>,4,2,[7 2],5,9,11,4,7
1,<environment.Job instance at 0x1509d771e140>,0,2,[6 1],1,2,4,1,2
1,<environment.Job instance at 0x1509e64f0b40>,2,3,[1 8],3,3,6,0,3
1,<environment.Job instance at 0x1509e6bed5f0>,3,3,[1 8],4,6,9,2,4
1,<environment.Job instance at 0x1509e64f0410>,4,2,[8 1],7,7,9,0,7
1,<environment.Job instance at 0x1509d771e690>,5,2,[ 1 10],8,9,11,1,8
1,<environment.Job instance at 0x1509dd27f5f0>,1,13,[2 8],2,26,39,24,26
1,<environment.Job instance at 0x1509e64f0550>,3,3,[6 2],6,9,12,3,9
1,<environment.Job instance at 0x1509ded01500>,5,3,[6 1],9,15,18,6,15
1,<environment.Job instance at 0x1509dc0d5870>,0,2,[8 1],1,1,3,0,1
1,<environment.Job instance at 0x150a24b9f3c0>,3,1,[2 7],5,6,7,1,6
1,<environment.Job instance at 0x1509dd35d730>,5,2,[2 7],7,7,9,0,7
1,<environment.Job instance at 0x1509de690910>,4,2,[2 7],6,44,46,38,44
1,<environment.Job instance at 0x1509de0e05f0>,1,3,[2 9],2,2,5,0,2
1,<environment.Job instance at 0x150a200c8230>,0,3,[9 2],1,5,8,4,4
1,<environment.Job instance at 0x1509dc13ba50>,2,1,[2 5],3,3,4,0,3
1,<environment.Job instance at 0x1509d6fdd3c0>,1,3,[1 9],2,6,9,4,6
1,<environment.Job instance at 0x1509ddf1fb90>,4,2,[7 2],5,9,11,4,7
1,<environment.Job instance at 0x1509dda7c280>,0,2,[6 1],1,2,4,1,2
1,<environment.Job instance at 0x1509dda7c640>,2,3,[1 8],3,3,6,0,3
1,<environment.Job instance at 0x1509d6fdddc0>,1,13,[2 8],2,6,19,4,4
1,<environment.Job instance at 0x1509dda7ca50>,4,2,[8 1],7,8,10,1,8
1,<environment.Job instance at 0x1509dda7e190>,0,1,[2 5],1,3,4,2,3
1,<environment.Job instance at 0x1509de0af690>,5,3,[6 1],9,9,12,0,9
1,<environment.Job instance at 0x150a25921960>,0,2,[8 1],1,2,4,1,2
1,<environment.Job instance at 0x150a25921d20>,2,2,[2 8],4,4,6,0,4
1,<environment.Job instance at 0x150a259219b0>,3,1,[2 7],5,6,7,1,5
1,<environment.Job instance at 0x1509d7e8b5a0>,4,2,[2 7],6,7,9,1,6
1,<environment.Job instance at 0x1509d7e8b730>,5,2,[2 7],7,9,11,2,7
1,<environment.Job instance at 0x1509d6e58e60>,1,12,[ 1 10],2,20,32,18,20
1,<environment.Job instance at 0x1509d7e8bf00>,0,3,[9 2],1,1,4,0,1
1,<environment.Job instance at 0x1509d7e8bfa0>,2,1,[2 7],3,7,8,4,7
1,<environment.Job instance at 0x1509d75a22d0>,5,3,[10  2],8,12,15,4,12
1,<environment.Job instance at 0x150a26fbf230>,2,1,[2 5],3,3,4,0,3
1,<environment.Job instance at 0x1509e6a09cd0>,1,3,[1 9],2,6,9,4,6
1,<environment.Job instance at 0x150a26fbf730>,4,2,[7 2],5,9,11,4,7
1,<environment.Job instance at 0x1509d744de60>,0,2,[6 1],1,2,4,1,2
1,<environment.Job instance at 0x1509d744d140>,2,3,[1 8],3,3,6,0,3
1,<environment.Job instance at 0x1509e46f3d70>,4,2,[8 1],7,7,9,0,7
1,<environment.Job instance at 0x1509dd385870>,5,2,[ 1 10],8,9,11,1,8
1,<environment.Job instance at 0x1509e6a09690>,1,13,[2 8],2,13,26,11,13
1,<environment.Job instance at 0x150a25d06a50>,2,2,[10  1],5,5,7,0,5
1,<environment.Job instance at 0x1509dff6edc0>,3,3,[6 2],6,7,10,1,7
1,<environment.Job instance at 0x1509e4fce0a0>,5,3,[6 1],9,10,13,1,10
1,<environment.Job instance at 0x1509d7b5bd20>,4,2,[1 8],5,11,13,6,11
1,<environment.Job instance at 0x1509d7ad2e60>,1,3,[1 9],2,3,6,1,3
1,<environment.Job instance at 0x1509d7318e60>,5,3,[9 2],6,6,9,0,6
1,<environment.Job instance at 0x1509d73b5730>,4,2,[7 2],5,9,11,4,7
1,<environment.Job instance at 0x150a2717a6e0>,0,2,[6 1],1,2,4,1,2
1,<environment.Job instance at 0x1509dde69690>,2,3,[1 8],3,3,6,0,3
1,<environment.Job instance at 0x150a2717a140>,4,2,[8 1],7,7,9,0,7
1,<environment.Job instance at 0x1509d7cc2370>,5,2,[ 1 10],8,9,11,1,8
1,<environment.Job instance at 0x1509df22ac80>,1,13,[2 8],2,11,24,9,9
1,<environment.Job instance at 0x1509d78fb370>,3,3,[6 2],6,7,10,1,7
1,<environment.Job instance at 0x1509dc169b90>,5,3,[6 1],9,10,13,1,10
1,<environment.Job instance at 0x1509ddf5daf0>,0,2,[8 1],1,2,4,1,2
1,<environment.Job instance at 0x1509ddf5d910>,2,2,[2 8],4,4,6,0,4
1,<environment.Job instance at 0x1509ddf5d0f0>,3,1,[2 7],5,6,7,1,5
1,<environment.Job instance at 0x1509d697d0a0>,4,2,[2 7],6,7,9,1,6
1,<environment.Job instance at 0x1509d69e84b0>,5,2,[2 7],7,9,11,2,7
1,<environment.Job instance at 0x1509de03fbe0>,1,12,[ 1 10],2,18,30,16,18
1,<environment.Job instance at 0x1509dc1698c0>,2,1,[2 7],3,3,4,0,3
1,<environment.Job instance at 0x1509d6974280>,1,3,[2 9],2,36,39,34,36
1,<environment.Job instance at 0x150a253d80a0>,2,1,[2 5],3,3,4,0,3
1,<environment.Job instance at 0x1509ded73a50>,1,3,[1 9],2,6,9,4,6
1,<environment.Job instance at 0x150a253d8aa0>,4,2,[7 2],5,9,11,4,7
1,<environment.Job instance at 0x1509dce8f500>,7,1,[2 6],8,9,10,1,8
1,<environment.Job instance at 0x150a25011190>,2,3,[1 8],3,3,6,0,3
1,<environment.Job instance at 0x1509e609d550>,5,2,[ 1 10],8,8,10,0,8
1,<environment.Job instance at 0x1509e5658b90>,4,2,[8 1],7,10,12,3,8
1,<environment.Job instance at 0x1509de16ae10>,0,1,[2 5],1,1,2,0,1
1,<environment.Job instance at 0x1509de16a050>,2,2,[10  1],5,5,7,0,5
1,<environment.Job instance at 0x1509dd222140>,3,3,[6 2],6,9,12,3,9
1,<environment.Job instance at 0x1509dd33b960>,5,3,[6 1],9,12,15,3,12
1,<environment.Job instance at 0x1509de277280>,0,2,[8 1],1,2,4,1,2
1,<environment.Job instance at 0x1509d6516870>,1,12,[ 1 10],2,5,17,3,5
1,<environment.Job instance at 0x1509d6212c80>,4,2,[2 7],6,17,19,11,14
1,<environment.Job instance at 0x1509e4efd1e0>,0,3,[9 2],1,1,4,0,1
1,<environment.Job instance at 0x1509e4efdaa0>,1,3,[2 9],2,4,7,2,3
1,<environment.Job instance at 0x1509d6212c80>,2,1,[2 7],3,8,9,5,8
1,<environment.Job instance at 0x1509df45ca00>,2,1,[2 5],3,3,4,0,3
1,<environment.Job instance at 0x1509d63b42d0>,4,2,[7 2],5,6,8,1,6
1,<environment.Job instance at 0x1509df45c820>,1,3,[1 9],2,8,11,6,7
1,<environment.Job instance at 0x1509d6ad0820>,7,1,[2 6],8,11,12,3,8
1,<environment.Job instance at 0x1509d61c7460>,8,13,[6 1],9,9,22,0,9
1,<environment.Job instance at 0x1509d63ba280>,6,18,[8 1],7,23,41,16,23
1,<environment.Job instance at 0x1509d764c5a0>,2,3,[1 8],3,3,6,0,3
1,<environment.Job instance at 0x1509de980a50>,3,3,[1 8],4,6,9,2,4
1,<environment.Job instance at 0x1509d6346d20>,4,2,[8 1],7,7,9,0,7
1,<environment.Job instance at 0x1509d6feda50>,5,2,[ 1 10],8,9,11,1,8
1,<environment.Job instance at 0x1509d6fed8c0>,0,1,[2 5],1,2,3,1,2
1,<environment.Job instance at 0x1509d6fed960>,2,2,[10  1],5,5,7,0,5
1,<environment.Job instance at 0x150a25bff1e0>,5,3,[6 1],9,11,14,2,11
1,<environment.Job instance at 0x1509e47c90a0>,0,2,[8 1],1,2,4,1,2
1,<environment.Job instance at 0x1509e47c9410>,4,2,[2 7],6,6,8,0,6
1,<environment.Job instance at 0x1509d6a2bf50>,1,12,[ 1 10],2,26,38,24,26
1,<environment.Job instance at 0x1509e4f5e230>,0,3,[9 2],1,1,4,0,1
1,<environment.Job instance at 0x1509e4f5e1e0>,4,2,[1 8],5,17,19,12,17
1,<environment.Job instance at 0x1509e5a5c7d0>,5,3,[10  2],8,1823,1826,1815,1823
1,<environment.Job instance at 0x150a26aea3c0>,2,1,[2 5],3,3,4,0,3
1,<environment.Job instance at 0x1509e47d7aa0>,1,3,[1 9],2,6,9,4,6
1,<environment.Job instance at 0x150a26aea730>,4,2,[7 2],5,9,11,4,7
1,<environment.Job instance at 0x1509d735c2d0>,7,1,[2 6],8,9,10,1,8
1,<environment.Job instance at 0x1509df697cd0>,8,13,[6 1],9,23,36,14,23
1,<environment.Job instance at 0x1509d62ba7d0>,1,13,[2 8],2,2,15,0,2
1,<environment.Job instance at 0x1509dfcc1c30>,3,3,[1 8],4,15,18,11,5
1,<environment.Job instance at 0x1509d696c8c0>,5,2,[ 1 10],8,18,20,10,8
1,<environment.Job instance at 0x1509dc0d15f0>,2,2,[10  1],5,5,7,0,5
1,<environment.Job instance at 0x1509d696ce10>,3,3,[6 2],6,7,10,1,6
1,<environment.Job instance at 0x1509dc6a1820>,2,2,[2 8],4,4,6,0,4
1,<environment.Job instance at 0x1509e4f7e870>,1,12,[ 1 10],2,6,18,4,5
1,<environment.Job instance at 0x1509e75eaaf0>,4,2,[2 7],6,18,20,12,6
1,<environment.Job instance at 0x1509d66bf5f0>,5,2,[2 7],7,20,22,13,7
1,<environment.Job instance at 0x1509d66bf460>,1,3,[2 9],2,2,5,0,2
1,<environment.Job instance at 0x1509d6686a00>,0,3,[9 2],1,5,8,4,2
1,<environment.Job instance at 0x1509de41bf50>,2,1,[2 5],3,3,4,0,3
1,<environment.Job instance at 0x1509de41bdc0>,1,3,[1 9],2,6,9,4,6
1,<environment.Job instance at 0x1509e54eedc0>,4,2,[7 2],5,9,11,4,7
1,<environment.Job instance at 0x1509e54ee5a0>,7,1,[2 6],8,9,10,1,9
1,<environment.Job instance at 0x150a265b0550>,8,13,[6 1],9,11,24,2,9
1,<environment.Job instance at 0x1509deb918c0>,5,3,[9 2],6,24,27,18,10
1,<environment.Job instance at 0x1509d7d5f640>,0,2,[6 1],1,2,4,1,2
1,<environment.Job instance at 0x1509d7d5ff00>,2,3,[1 8],3,3,6,0,3
1,<environment.Job instance at 0x1509d7d5fd20>,4,2,[8 1],7,7,9,0,7
1,<environment.Job instance at 0x1509d74902d0>,5,2,[ 1 10],8,9,11,1,8
1,<environment.Job instance at 0x1509e54eeaf0>,1,13,[2 8],2,35,48,33,35
1,<environment.Job instance at 0x1509d719dbe0>,3,3,[6 2],6,6,9,0,6
1,<environment.Job instance at 0x1509dc683230>,5,3,[6 1],9,11,14,2,11
1,<environment.Job instance at 0x1509d6b76050>,2,2,[2 8],4,4,6,0,4
1,<environment.Job instance at 0x1509d5d76910>,3,1,[2 7],5,6,7,1,5
1,<environment.Job instance at 0x1509d6a45c30>,4,2,[2 7],6,7,9,1,6
1,<environment.Job instance at 0x1509d5d70a50>,5,2,[2 7],7,9,11,2,7
1,<environment.Job instance at 0x1509deb91af0>,1,12,[ 1 10],2,11,23,9,10
1,<environment.Job instance at 0x1509dc854410>,1,3,[2 9],2,19,22,17,19
1,<environment.Job instance at 0x1509d61f8780>,2,1,[2 5],3,3,4,0,3
1,<environment.Job instance at 0x1509d62bf8c0>,4,2,[7 2],5,6,8,1,6
1,<environment.Job instance at 0x1509df02e9b0>,1,3,[1 9],2,8,11,6,8
1,<environment.Job instance at 0x1509d62bf500>,7,1,[2 6],8,11,12,3,9
1,<environment.Job instance at 0x1509d68ad730>,0,2,[6 1],1,2,4,1,2
1,<environment.Job instance at 0x1509dd1ee050>,2,3,[1 8],3,3,6,0,3
1,<environment.Job instance at 0x1509d7c3d500>,1,13,[2 8],2,6,19,4,6
1,<environment.Job instance at 0x1509d6f9deb0>,5,2,[ 1 10],8,19,21,11,16
1,<environment.Job instance at 0x1509d6f9d0f0>,0,1,[2 5],1,3,4,2,3
1,<environment.Job instance at 0x1509e5755e60>,5,3,[6 1],9,9,12,0,9
1,<environment.Job instance at 0x150a26d88a50>,2,2,[2 8],4,4,6,0,4
1,<environment.Job instance at 0x150a20036690>,3,1,[2 7],5,6,7,1,5
1,<environment.Job instance at 0x1509e5a52320>,4,2,[2 7],6,7,9,1,6
1,<environment.Job instance at 0x1509d7d3b4b0>,1,12,[ 1 10],2,9,21,7,7
1,<environment.Job instance at 0x1509df6cd0f0>,5,2,[2 7],7,21,23,14,8
1,<environment.Job instance at 0x1509dd5d43c0>,0,3,[9 2],1,1,4,0,1
1,<environment.Job instance at 0x1509dd5d4230>,4,2,[1 8],5,18,20,13,18
1,<environment.Job instance at 0x1509e4f3a550>,2,1,[2 5],3,3,4,0,3
1,<environment.Job instance at 0x1509d7a9e7d0>,4,2,[7 2],5,6,8,1,6
1,<environment.Job instance at 0x1509d77abaf0>,1,3,[1 9],2,8,11,6,7
1,<environment.Job instance at 0x1509d7a9ec30>,7,1,[2 6],8,11,12,3,8
1,<environment.Job instance at 0x1509d7a9e050>,8,13,[6 1],9,9,22,0,9
1,<environment.Job instance at 0x1509e6856410>,3,3,[1 8],4,4,7,0,4
1,<environment.Job instance at 0x1509e6c4f1e0>,4,2,[8 1],7,7,9,0,7
1,<environment.Job instance at 0x1509d6ea9c80>,5,2,[ 1 10],8,9,11,1,8
1,<environment.Job instance at 0x150a25a61230>,1,13,[2 8],2,11,24,9,10
1,<environment.Job instance at 0x1509d77c8cd0>,0,1,[2 5],1,2,3,1,2
1,<environment.Job instance at 0x1509e56dd0a0>,2,2,[10  1],5,5,7,0,5
1,<environment.Job instance at 0x1509dc1045a0>,3,3,[6 2],6,7,10,1,6
1,<environment.Job instance at 0x1509dc104140>,5,3,[6 1],9,11,14,2,11
1,<environment.Job instance at 0x150a2021f5f0>,0,2,[8 1],1,1,3,0,1
1,<environment.Job instance at 0x150a26bb6cd0>,2,2,[2 8],4,4,6,0,4
1,<environment.Job instance at 0x150a25cbbbe0>,4,2,[2 7],6,13,15,7,13
1,<environment.Job instance at 0x1509d5c10d70>,0,3,[9 2],1,2,5,1,2
1,<environment.Job instance at 0x150a24c25b40>,1,3,[2 9],2,8,11,6,8
1,<environment.Job instance at 0x1509d7a590a0>,2,1,[2 5],3,3,4,0,3
1,<environment.Job instance at 0x1509d7a59550>,1,3,[1 9],2,6,9,4,6
1,<environment.Job instance at 0x1509d7a596e0>,4,2,[7 2],5,9,11,4,7
1,<environment.Job instance at 0x150a25b9d320>,7,1,[2 6],8,9,10,1,8
1,<environment.Job instance at 0x1509d5a96b40>,8,13,[6 1],9,23,36,14,23
1,<environment.Job instance at 0x1509d7f3a550>,0,2,[6 1],1,2,4,1,2
1,<environment.Job instance at 0x1509e7161730>,2,3,[1 8],3,3,6,0,3
1,<environment.Job instance at 0x1509e7420780>,3,3,[1 8],4,6,9,2,4
1,<environment.Job instance at 0x1509d65637d0>,1,13,[2 8],2,9,22,7,4
1,<environment.Job instance at 0x1509e7161320>,5,2,[ 1 10],8,22,24,14,8
1,<environment.Job instance at 0x150a2474f0a0>,2,2,[10  1],5,5,7,0,5
1,<environment.Job instance at 0x150a2474faa0>,0,1,[2 5],1,7,8,6,5
1,<environment.Job instance at 0x1509dc8eed20>,1,12,[ 1 10],2,2,14,0,2
1,<environment.Job instance at 0x1509d7f37370>,0,2,[8 1],1,14,16,13,2
1,<environment.Job instance at 0x1509dc2b1a50>,2,2,[2 8],4,14,16,10,4
1,<environment.Job instance at 0x150a24b72cd0>,4,2,[2 7],6,16,18,10,6
1,<environment.Job instance at 0x1509d7f167d0>,5,2,[2 7],7,18,20,11,8
1,<environment.Job instance at 0x1509e6943320>,0,3,[9 2],1,1,4,0,1
1,<environment.Job instance at 0x1509e6943c30>,4,2,[1 8],5,18,20,13,18
1,<environment.Job instance at 0x150a2684d230>,2,1,[2 5],3,3,4,0,3
1,<environment.Job instance at 0x1509e4739dc0>,4,2,[7 2],5,6,8,1,6
1,<environment.Job instance at 0x150a2684db40>,1,3,[1 9],2,8,11,6,6
1,<environment.Job instance at 0x1509e4739a00>,7,1,[2 6],8,11,12,3,8
1,<environment.Job instance at 0x1509d78ad370>,8,13,[6 1],9,9,22,0,9
1,<environment.Job instance at 0x1509d78ad500>,1,13,[2 8],2,2,15,0,2
1,<environment.Job instance at 0x1509e551e9b0>,5,2,[ 1 10],8,15,17,7,10
1,<environment.Job instance at 0x1509d7877370>,0,1,[2 5],1,1,2,0,1
1,<environment.Job instance at 0x1509d7877280>,2,2,[10  1],5,5,7,0,5
1,<environment.Job instance at 0x1509e4cdab40>,5,3,[6 1],9,9,12,0,9
1,<environment.Job instance at 0x1509d6b502d0>,0,2,[8 1],1,2,4,1,2
1,<environment.Job instance at 0x1509d702d730>,3,1,[2 7],5,5,6,0,5
1,<environment.Job instance at 0x1509d6b50140>,4,2,[2 7],6,6,8,0,6
1,<environment.Job instance at 0x1509d78ad5a0>,1,12,[ 1 10],2,8,20,6,6
1,<environment.Job instance at 0x1509dc8d66e0>,5,2,[2 7],7,20,22,13,8
1,<environment.Job instance at 0x1509e45455a0>,0,3,[9 2],1,2,5,1,2
1,<environment.Job instance at 0x1509e4545550>,1,3,[2 9],2,12,15,10,12
1,<environment.Job instance at 0x1509dc9e7e10>,1,3,[1 9],2,2,5,0,2
1,<environment.Job instance at 0x1509e52283c0>,3,1,[6 2],4,6,7,2,6
1,<environment.Job instance at 0x1509e555da00>,4,2,[7 2],5,7,9,2,7
1,<environment.Job instance at 0x1509e555dd70>,7,1,[2 6],8,8,9,0,8
1,<environment.Job instance at 0x1509e555d7d0>,8,13,[6 1],9,23,36,14,23
1,<environment.Job instance at 0x1509dc4ace10>,0,2,[6 1],1,2,4,1,2
1,<environment.Job instance at 0x1509dd9eafa0>,2,3,[1 8],3,3,6,0,3
1,<environment.Job instance at 0x1509dd8c94b0>,3,3,[1 8],4,6,9,2,4
1,<environment.Job instance at 0x1509dc4ac4b0>,4,2,[8 1],7,7,9,0,7
1,<environment.Job instance at 0x150a26e53050>,1,13,[2 8],2,9,22,7,7
1,<environment.Job instance at 0x1509dd9ea820>,5,2,[ 1 10],8,22,24,14,9
1,<environment.Job instance at 0x1509dc9e76e0>,0,1,[2 5],1,3,4,2,3
1,<environment.Job instance at 0x1509d77e12d0>,2,2,[10  1],5,5,7,0,5
1,<environment.Job instance at 0x1509d7ef45a0>,3,3,[6 2],6,11,14,5,11
1,<environment.Job instance at 0x1509e5718f50>,0,2,[8 1],1,2,4,1,2
1,<environment.Job instance at 0x1509df7c3f50>,1,12,[ 1 10],2,4,16,2,3
1,<environment.Job instance at 0x1509d6834460>,2,2,[2 8],4,16,18,12,4
1,<environment.Job instance at 0x1509d6577690>,3,1,[2 7],5,18,19,13,5
1,<environment.Job instance at 0x1509dc4ac6e0>,5,2,[2 7],7,19,21,12,16
1,<environment.Job instance at 0x1509d67e40f0>,0,3,[9 2],1,1,4,0,1
1,<environment.Job instance at 0x1509e4824500>,2,1,[2 7],3,19,20,16,19
1,<environment.Job instance at 0x1509de42fb90>,1,3,[1 9],2,2,5,0,2
1,<environment.Job instance at 0x150a2428e910>,3,1,[6 2],4,6,7,2,6
1,<environment.Job instance at 0x1509deddfa50>,4,2,[7 2],5,7,9,2,7
1,<environment.Job instance at 0x1509deddff00>,7,1,[2 6],8,8,9,0,8
1,<environment.Job instance at 0x1509deddf730>,8,13,[6 1],9,23,36,14,23
1,<environment.Job instance at 0x1509dc358280>,0,2,[6 1],1,2,4,1,2
1,<environment.Job instance at 0x1509decfe460>,2,3,[1 8],3,3,6,0,3
1,<environment.Job instance at 0x1509dca71c30>,3,3,[1 8],4,6,9,2,4
1,<environment.Job instance at 0x150a26a12780>,1,13,[2 8],2,9,22,7,4
1,<environment.Job instance at 0x1509dc358780>,5,2,[ 1 10],8,22,24,14,8
1,<environment.Job instance at 0x1509d5a20960>,4,2,[8 1],7,9,11,2,9
1,<environment.Job instance at 0x1509dd1ee9b0>,2,2,[10  1],5,5,7,0,5
1,<environment.Job instance at 0x1509de1df1e0>,0,1,[2 5],1,7,8,6,5
1,<environment.Job instance at 0x150a263f7460>,3,3,[6 2],6,11,14,5,11
1,<environment.Job instance at 0x1509d6050460>,0,2,[8 1],1,2,4,1,2
1,<environment.Job instance at 0x1509de856eb0>,3,1,[2 7],5,5,6,0,5
1,<environment.Job instance at 0x1509de8565a0>,4,2,[2 7],6,6,8,0,6
1,<environment.Job instance at 0x1509e54b2be0>,1,12,[ 1 10],2,8,20,6,6
1,<environment.Job instance at 0x150a2550f410>,6,16,[10  2],9,20,36,11,10
1,<environment.Job instance at 0x1509e69d91e0>,0,3,[9 2],1,2,5,1,2
1,<environment.Job instance at 0x1509de208c80>,2,1,[2 7],3,5,6,2,3
1,<environment.Job instance at 0x1509e75aeaf0>,1,3,[2 9],2,10,13,8,10
1,<environment.Job instance at 0x150a25e87b90>,2,1,[2 5],3,3,4,0,3
1,<environment.Job instance at 0x150a2585f410>,1,3,[1 9],2,6,9,4,6
1,<environment.Job instance at 0x1509e679d320>,4,2,[7 2],5,9,11,4,7
1,<environment.Job instance at 0x1509d7c96410>,7,1,[2 6],8,9,10,1,8
1,<environment.Job instance at 0x1509d7c96a00>,8,13,[6 1],9,23,36,14,23
1,<environment.Job instance at 0x1509e679d0a0>,5,3,[9 2],6,52,55,46,52
1,<environment.Job instance at 0x1509dc1b9140>,2,3,[1 8],3,4,7,1,4
1,<environment.Job instance at 0x1509dc1b90a0>,3,3,[1 8],4,7,10,3,4
1,<environment.Job instance at 0x1509d5e4e2d0>,4,2,[8 1],7,8,10,1,8
1,<environment.Job instance at 0x1509d5e4e500>,5,2,[ 1 10],8,10,12,2,9
1,<environment.Job instance at 0x1509d5e610a0>,0,1,[2 5],1,4,5,3,4
1,<environment.Job instance at 0x1509d5e61820>,2,2,[10  1],5,5,7,0,5
1,<environment.Job instance at 0x1509de7d3910>,3,3,[6 2],6,7,10,1,6
1,<environment.Job instance at 0x1509d5e61f50>,5,3,[6 1],9,10,13,1,9
1,<environment.Job instance at 0x1509d733f0a0>,2,2,[2 8],4,4,6,0,4
1,<environment.Job instance at 0x1509d5c52c30>,4,2,[2 7],6,6,8,0,6
1,<environment.Job instance at 0x1509d5c526e0>,5,2,[2 7],7,8,10,1,7
1,<environment.Job instance at 0x1509de7d3640>,1,3,[2 9],2,2,5,0,2
1,<environment.Job instance at 0x1509dd3ad730>,0,3,[9 2],1,5,8,4,2
1,<environment.Job instance at 0x1509e4b7b910>,2,1,[2 5],3,3,4,0,3
1,<environment.Job instance at 0x1509d45c2be0>,1,3,[1 9],2,6,9,4,6
1,<environment.Job instance at 0x1509e4b7bdc0>,4,2,[7 2],5,9,11,4,7
1,<environment.Job instance at 0x1509e4b7b230>,7,1,[2 6],8,9,10,1,8
1,<environment.Job instance at 0x1509e5040e10>,8,13,[6 1],9,23,36,14,23
1,<environment.Job instance at 0x1509e743b0f0>,0,2,[6 1],1,2,4,1,2
1,<environment.Job instance at 0x1509e5eed7d0>,2,3,[1 8],3,3,6,0,3
1,<environment.Job instance at 0x1509d69c37d0>,3,3,[1 8],4,6,9,2,4
1,<environment.Job instance at 0x150a244995a0>,4,2,[8 1],7,7,9,0,7
1,<environment.Job instance at 0x1509e4b7b820>,1,13,[2 8],2,9,22,7,9
1,<environment.Job instance at 0x1509e5f839b0>,2,2,[10  1],5,5,7,0,5
1,<environment.Job instance at 0x1509e5f83460>,3,3,[6 2],6,7,10,1,6
1,<environment.Job instance at 0x1509d60fabe0>,5,3,[6 1],9,118,121,109,118
1,<environment.Job instance at 0x1509dcee0a00>,0,2,[8 1],1,2,4,1,2
1,<environment.Job instance at 0x1509d69d7d20>,2,2,[2 8],4,4,6,0,4
1,<environment.Job instance at 0x1509d69d75f0>,3,1,[2 7],5,6,7,1,5
1,<environment.Job instance at 0x1509e5040820>,1,12,[ 1 10],2,7,19,5,5
1,<environment.Job instance at 0x150a2734a2d0>,5,2,[2 7],7,19,21,12,12
1,<environment.Job instance at 0x1509de9a6e60>,0,3,[9 2],1,2,5,1,2
1,<environment.Job instance at 0x1509d60fafa0>,1,3,[2 9],2,5,8,3,2
1,<environment.Job instance at 0x1509e55477d0>,5,3,[10  2],8,14,17,6,14
1,<environment.Job instance at 0x150a24a4bcd0>,2,1,[2 5],3,3,4,0,3
1,<environment.Job instance at 0x1509e533b460>,1,3,[1 9],2,6,9,4,6
1,<environment.Job instance at 0x1509d60be050>,4,2,[7 2],5,9,11,4,7
1,<environment.Job instance at 0x1509d60fff50>,7,1,[2 6],8,9,10,1,8
1,<environment.Job instance at 0x1509d6405780>,8,13,[6 1],9,23,36,14,23
1,<environment.Job instance at 0x1509d7773f50>,0,2,[6 1],1,2,4,1,2
1,<environment.Job instance at 0x1509d60ffe10>,2,3,[1 8],3,3,6,0,3
1,<environment.Job instance at 0x1509e616f7d0>,3,3,[1 8],4,6,9,2,4
1,<environment.Job instance at 0x1509e6c53aa0>,4,2,[8 1],7,7,9,0,7
1,<environment.Job instance at 0x1509d78aa730>,1,13,[2 8],2,9,22,7,8
1,<environment.Job instance at 0x1509d7641e10>,2,2,[10  1],5,5,7,0,5
1,<environment.Job instance at 0x1509d7641e60>,3,3,[6 2],6,7,10,1,6
1,<environment.Job instance at 0x1509de402230>,0,2,[8 1],1,2,4,1,2
1,<environment.Job instance at 0x1509ddd1c5a0>,2,2,[2 8],4,4,6,0,4
1,<environment.Job instance at 0x1509e4bc4af0>,3,1,[2 7],5,6,7,1,5
1,<environment.Job instance at 0x1509e6214140>,1,12,[ 1 10],2,7,19,5,5
1,<environment.Job instance at 0x150a25a29cd0>,5,2,[2 7],7,19,21,12,15
1,<environment.Job instance at 0x150a25a295f0>,0,3,[9 2],1,2,5,1,2
1,<environment.Job instance at 0x150a20270eb0>,1,3,[2 9],2,5,8,3,3
1,<environment.Job instance at 0x150a25a29050>,4,2,[1 8],5,15,17,10,15
1,<environment.Job instance at 0x1509dcabf1e0>,1,3,[1 9],2,2,5,0,2
1,<environment.Job instance at 0x1509d4ba5f00>,3,1,[6 2],4,6,7,2,6
1,<environment.Job instance at 0x1509dc2165f0>,4,2,[7 2],5,7,9,2,7
1,<environment.Job instance at 0x1509d4bae1e0>,7,1,[2 6],8,8,9,0,8
1,<environment.Job instance at 0x1509d4bae0a0>,8,13,[6 1],9,23,36,14,23
1,<environment.Job instance at 0x1509d4bb26e0>,0,2,[6 1],1,2,4,1,2
1,<environment.Job instance at 0x1509d4bae230>,2,3,[1 8],3,3,6,0,3
1,<environment.Job instance at 0x1509d4bb25a0>,3,3,[1 8],4,6,9,2,4
1,<environment.Job instance at 0x1509d4bb2640>,1,13,[2 8],2,9,22,7,4
1,<environment.Job instance at 0x1509d44597d0>,5,2,[ 1 10],8,22,24,14,8
1,<environment.Job instance at 0x1509d4ba5f50>,4,2,[8 1],7,9,11,2,9
1,<environment.Job instance at 0x1509d4459910>,2,2,[10  1],5,5,7,0,5
1,<environment.Job instance at 0x1509d79fb0f0>,3,3,[6 2],6,7,10,1,6
1,<environment.Job instance at 0x1509d4baeb90>,1,17,[6 1],3,27,44,24,27
1,<environment.Job instance at 0x1509d79fba50>,5,3,[6 1],9,56,59,47,56
1,<environment.Job instance at 0x1509d7bd5320>,2,2,[2 8],4,4,6,0,4
1,<environment.Job instance at 0x1509d4348b40>,3,1,[2 7],5,6,7,1,5
1,<environment.Job instance at 0x1509e57251e0>,4,2,[2 7],6,7,9,1,6
1,<environment.Job instance at 0x1509e57253c0>,5,2,[2 7],7,9,11,2,7
1,<environment.Job instance at 0x1509d7bd5190>,1,12,[ 1 10],2,11,23,9,9
1,<environment.Job instance at 0x1509e5470410>,1,3,[2 9],2,19,22,17,19
1,<environment.Job instance at 0x1509d4caa6e0>,4,2,[1 8],5,201,203,196,201
1,<environment.Job instance at 0x1509e40dba50>,2,1,[2 5],3,3,4,0,3
1,<environment.Job instance at 0x1509e40db0a0>,1,3,[1 9],2,6,9,4,6
1,<environment.Job instance at 0x1509d738c320>,4,2,[7 2],5,9,11,4,7
1,<environment.Job instance at 0x1509d597cbe0>,7,1,[2 6],8,9,10,1,8
1,<environment.Job instance at 0x1509d57ec5a0>,8,13,[6 1],9,23,36,14,23
1,<environment.Job instance at 0x150a27299140>,2,3,[1 8],3,3,6,0,3
1,<environment.Job instance at 0x150a27299320>,3,3,[1 8],4,6,9,2,4
1,<environment.Job instance at 0x1509dfcc95a0>,4,2,[8 1],7,7,9,0,7
1,<environment.Job instance at 0x1509dc91f500>,5,2,[ 1 10],8,9,11,1,8
1,<environment.Job instance at 0x150a24e213c0>,0,1,[2 5],1,2,3,1,2
1,<environment.Job instance at 0x1509dc637640>,2,2,[10  1],5,5,7,0,5
1,<environment.Job instance at 0x1509d7df2e60>,5,3,[6 1],9,11,14,2,11
1,<environment.Job instance at 0x150a262735f0>,0,2,[8 1],1,2,4,1,2
1,<environment.Job instance at 0x1509e4bfb9b0>,2,2,[2 8],4,4,6,0,4
1,<environment.Job instance at 0x1509e71a21e0>,4,2,[2 7],6,6,8,0,6
1,<environment.Job instance at 0x1509df724be0>,5,2,[2 7],7,8,10,1,7
1,<environment.Job instance at 0x150a262732d0>,1,12,[ 1 10],2,24,36,22,24
1,<environment.Job instance at 0x1509e55144b0>,0,3,[9 2],1,1,4,0,1
1,<environment.Job instance at 0x1509e55142d0>,4,2,[1 8],5,17,19,12,17
1,<environment.Job instance at 0x1509d6d54c80>,2,1,[2 5],3,3,4,0,3
1,<environment.Job instance at 0x1509d579adc0>,4,2,[7 2],5,6,8,1,6
1,<environment.Job instance at 0x1509e6e27dc0>,1,3,[1 9],2,8,11,6,7
1,<environment.Job instance at 0x1509dc7c2140>,7,1,[2 6],8,11,12,3,8
1,<environment.Job instance at 0x1509d579a8c0>,8,13,[6 1],9,9,22,0,9
1,<environment.Job instance at 0x150a253ba7d0>,2,3,[1 8],3,3,6,0,3
1,<environment.Job instance at 0x150a25a31c30>,3,3,[1 8],4,6,9,2,4
1,<environment.Job instance at 0x1509e70d3f50>,4,2,[8 1],7,7,9,0,7
1,<environment.Job instance at 0x1509d7c0f050>,5,2,[ 1 10],8,9,11,1,8
1,<environment.Job instance at 0x1509dfee1a00>,0,1,[2 5],1,2,3,1,2
1,<environment.Job instance at 0x1509dfee15a0>,2,2,[10  1],5,5,7,0,5
1,<environment.Job instance at 0x1509d6448230>,5,3,[6 1],9,11,14,2,11
1,<environment.Job instance at 0x1509d5ae2370>,0,2,[8 1],1,2,4,1,2
1,<environment.Job instance at 0x1509d579a190>,2,2,[2 8],4,4,6,0,4
1,<environment.Job instance at 0x1509e5767b90>,4,2,[2 7],6,6,8,0,6
1,<environment.Job instance at 0x1509df19d370>,5,2,[2 7],7,8,10,1,7
1,<environment.Job instance at 0x1509e5aeb7d0>,1,12,[ 1 10],2,24,36,22,24
1,<environment.Job instance at 0x150a247530f0>,0,3,[9 2],1,1,4,0,1
1,<environment.Job instance at 0x1509d5541dc0>,4,2,[1 8],5,17,19,12,17
1,<environment.Job instance at 0x1509d68615f0>,2,1,[2 5],3,3,4,0,3
1,<environment.Job instance at 0x150a24bde5a0>,4,2,[7 2],5,6,8,1,6
1,<environment.Job instance at 0x1509d6861be0>,1,3,[1 9],2,8,11,6,7
1,<environment.Job instance at 0x1509e5f47410>,7,1,[2 6],8,11,12,3,8
1,<environment.Job instance at 0x150a268590f0>,8,13,[6 1],9,9,22,0,9
1,<environment.Job instance at 0x1509d4e25370>,0,2,[6 1],1,2,4,1,2
1,<environment.Job instance at 0x1509e4865cd0>,2,3,[1 8],3,3,6,0,3
1,<environment.Job instance at 0x1509dd7bd7d0>,3,3,[1 8],4,6,9,2,4
1,<environment.Job instance at 0x1509dce96a50>,1,13,[2 8],2,9,22,7,5
1,<environment.Job instance at 0x1509d4e250a0>,4,2,[8 1],7,8,10,1,8
1,<environment.Job instance at 0x150a2021f230>,5,2,[ 1 10],8,22,24,14,16
1,<environment.Job instance at 0x1509d751bc30>,2,2,[10  1],5,5,7,0,5
1,<environment.Job instance at 0x1509de3529b0>,3,3,[6 2],6,7,10,1,6
1,<environment.Job instance at 0x1509de352b40>,5,3,[6 1],9,10,13,1,9
1,<environment.Job instance at 0x1509e76ec820>,5,2,[2 7],7,7,9,0,7
1,<environment.Job instance at 0x1509d715ecd0>,4,2,[1 8],5,19,21,14,19
1,<environment.Job instance at 0x1509e58aecd0>,2,1,[2 5],3,3,4,0,3
1,<environment.Job instance at 0x1509d6458af0>,4,2,[7 2],5,6,8,1,6
1,<environment.Job instance at 0x1509e4e67870>,1,3,[1 9],2,8,11,6,6
1,<environment.Job instance at 0x1509dd024af0>,7,1,[2 6],8,11,12,3,8
1,<environment.Job instance at 0x1509dc58d7d0>,8,13,[6 1],9,9,22,0,9
1,<environment.Job instance at 0x1509d6458e10>,1,13,[2 8],2,2,15,0,2
1,<environment.Job instance at 0x1509d52a3be0>,3,3,[1 8],4,15,18,11,4
1,<environment.Job instance at 0x150a26157230>,0,1,[2 5],1,1,2,0,1
1,<environment.Job instance at 0x150a247724b0>,2,2,[10  1],5,5,7,0,5
1,<environment.Job instance at 0x1509df7c4690>,3,3,[6 2],6,7,10,1,6
1,<environment.Job instance at 0x150a25edc500>,5,3,[6 1],9,10,13,1,9
1,<environment.Job instance at 0x1509d74a7d20>,0,2,[8 1],1,2,4,1,2
1,<environment.Job instance at 0x1509e5f05730>,2,2,[2 8],4,4,6,0,4
1,<environment.Job instance at 0x1509dd149780>,3,1,[2 7],5,6,7,1,5
1,<environment.Job instance at 0x1509d54017d0>,4,2,[2 7],6,7,9,1,6
1,<environment.Job instance at 0x1509d54010a0>,5,2,[2 7],7,9,11,2,7
1,<environment.Job instance at 0x1509d40138c0>,1,12,[ 1 10],2,16,28,14,16
1,<environment.Job instance at 0x1509d7efdd70>,1,3,[2 9],2,2,5,0,2
1,<environment.Job instance at 0x1509d6da4230>,1,3,[1 9],2,2,5,0,2
1,<environment.Job instance at 0x1509d74af5a0>,4,2,[7 2],5,5,7,0,5
1,<environment.Job instance at 0x1509d6da4af0>,6,18,[8 1],7,7,25,0,7
1,<environment.Job instance at 0x1509d74af410>,5,3,[9 2],6,25,28,19,7
1,<environment.Job instance at 0x1509d74af550>,7,1,[2 6],8,8,9,0,8
1,<environment.Job instance at 0x1509e600a690>,0,2,[6 1],1,2,4,1,2
1,<environment.Job instance at 0x1509e600a140>,2,3,[1 8],3,3,6,0,3
1,<environment.Job instance at 0x1509d4c59eb0>,3,3,[1 8],4,6,9,2,4
1,<environment.Job instance at 0x1509e600a3c0>,4,2,[8 1],7,7,9,0,7
1,<environment.Job instance at 0x1509d4c59910>,5,2,[ 1 10],8,9,11,1,8
1,<environment.Job instance at 0x1509d44317d0>,1,13,[2 8],2,13,26,11,13
1,<environment.Job instance at 0x1509d4c59500>,2,2,[10  1],5,5,7,0,5
1,<environment.Job instance at 0x1509cc304f00>,3,3,[6 2],6,7,10,1,6
1,<environment.Job instance at 0x1509d4c59be0>,5,3,[6 1],9,10,13,1,9
1,<environment.Job instance at 0x1509d58ab780>,3,1,[2 7],5,6,7,1,6
1,<environment.Job instance at 0x1509cc304be0>,2,2,[2 8],4,7,9,3,6
1,<environment.Job instance at 0x1509d58abc30>,6,16,[10  2],9,9,25,0,9
1,<environment.Job instance at 0x1509ddf5ae10>,0,3,[9 2],1,2,5,1,2
1,<environment.Job instance at 0x1509d58ab140>,1,3,[2 9],2,5,8,3,3
1,<environment.Job instance at 0x1509d5812230>,5,3,[10  2],8,8,11,0,8
1,<environment.Job instance at 0x1509d64a9460>,4,2,[1 8],5,11,13,6,9
1,<environment.Job instance at 0x1509d779ac80>,1,3,[1 9],2,2,5,0,2
1,<environment.Job instance at 0x150a26e58050>,4,2,[7 2],5,5,7,0,5
1,<environment.Job instance at 0x1509d779a8c0>,6,18,[8 1],7,7,25,0,7
1,<environment.Job instance at 0x150a26e581e0>,5,3,[9 2],6,25,28,19,7
1,<environment.Job instance at 0x150a26e58eb0>,7,1,[2 6],8,8,9,0,8
1,<environment.Job instance at 0x1509d667cd20>,0,2,[6 1],1,2,4,1,2
1,<environment.Job instance at 0x150a24882dc0>,2,3,[1 8],3,3,6,0,3
1,<environment.Job instance at 0x150a25881410>,3,3,[1 8],4,6,9,2,4
1,<environment.Job instance at 0x150a24882370>,4,2,[8 1],7,7,9,0,7
1,<environment.Job instance at 0x150a258812d0>,5,2,[ 1 10],8,9,11,1,8
1,<environment.Job instance at 0x1509d779a0f0>,1,13,[2 8],2,13,26,11,13
1,<environment.Job instance at 0x150a25881f50>,2,2,[10  1],5,5,7,0,5
1,<environment.Job instance at 0x1509e66f8050>,3,3,[6 2],6,7,10,1,6
1,<environment.Job instance at 0x150a25881a50>,5,3,[6 1],9,12,15,3,12
1,<environment.Job instance at 0x1509dd5f5280>,3,1,[2 7],5,6,7,1,6
1,<environment.Job instance at 0x1509e57ec550>,2,2,[2 8],4,7,9,3,6
1,<environment.Job instance at 0x1509dd8096e0>,4,2,[2 7],6,42,44,36,42
1,<environment.Job instance at 0x1509d4f959b0>,0,3,[9 2],1,1,4,0,1
1,<environment.Job instance at 0x1509d7d77370>,4,2,[1 8],5,5,7,0,5
1,<environment.Job instance at 0x1509d7d770f0>,5,3,[10  2],8,8,11,0,8
1,<environment.Job instance at 0x1509e6639410>,1,3,[1 9],2,2,5,0,2
1,<environment.Job instance at 0x1509e66390a0>,3,1,[6 2],4,6,7,2,6
1,<environment.Job instance at 0x1509e49cfaf0>,4,2,[7 2],5,7,9,2,7
1,<environment.Job instance at 0x1509e49cf640>,7,1,[2 6],8,8,9,0,8
1,<environment.Job instance at 0x1509e49cfd20>,8,13,[6 1],9,23,36,14,23
1,<environment.Job instance at 0x1509e49cffa0>,5,3,[9 2],6,36,39,30,34
1,<environment.Job instance at 0x1509d5f362d0>,0,2,[6 1],1,2,4,1,2
1,<environment.Job instance at 0x1509d5f36a50>,2,3,[1 8],3,3,6,0,3
1,<environment.Job instance at 0x1509d5f36320>,3,3,[1 8],4,6,9,2,4
1,<environment.Job instance at 0x150a24fbfb90>,4,2,[8 1],7,7,9,0,7
1,<environment.Job instance at 0x1509dda07f50>,5,2,[ 1 10],8,9,11,1,8
1,<environment.Job instance at 0x1509e49cf870>,1,13,[2 8],2,11,24,9,9
1,<environment.Job instance at 0x1509d6c8adc0>,2,2,[10  1],5,5,7,0,5
1,<environment.Job instance at 0x1509d40cb8c0>,3,3,[6 2],6,7,10,1,6
1,<environment.Job instance at 0x1509dd4d8be0>,1,12,[ 1 10],2,2,14,0,2
1,<environment.Job instance at 0x1509dd4d85f0>,2,2,[2 8],4,14,16,10,4
1,<environment.Job instance at 0x1509cfe822d0>,4,2,[2 7],6,16,18,10,6
1,<environment.Job instance at 0x1509e5963780>,1,3,[2 9],2,2,5,0,2
1,<environment.Job instance at 0x1509d7f471e0>,5,3,[10  2],8,8,11,0,8
1,<environment.Job instance at 0x1509d69e35a0>,2,1,[2 5],3,3,4,0,3
1,<environment.Job instance at 0x1509d4fd8690>,1,3,[1 9],2,4,7,2,3
1,<environment.Job instance at 0x1509d69e3280>,4,2,[7 2],5,7,9,2,6
1,<environment.Job instance at 0x1509d716fcd0>,3,1,[6 2],4,9,10,5,7
1,<environment.Job instance at 0x1509e6f23f50>,7,1,[2 6],8,8,9,0,8
1,<environment.Job instance at 0x1509de899190>,5,3,[9 2],6,39,42,33,39
1,<environment.Job instance at 0x1509d7247be0>,0,2,[6 1],1,2,4,1,2
1,<environment.Job instance at 0x1509e59b1a00>,2,3,[1 8],3,3,6,0,3
1,<environment.Job instance at 0x1509e6c4fc30>,3,3,[1 8],4,6,9,2,4
1,<environment.Job instance at 0x1509e5a52870>,4,2,[8 1],7,7,9,0,7
1,<environment.Job instance at 0x1509e6c4f0f0>,5,2,[ 1 10],8,9,11,1,8
1,<environment.Job instance at 0x1509d7f78690>,1,13,[2 8],2,15,28,13,15
1,<environment.Job instance at 0x150a25bcf4b0>,0,1,[2 5],1,2,3,1,2
1,<environment.Job instance at 0x150a25bcfa00>,2,2,[10  1],5,5,7,0,5
1,<environment.Job instance at 0x150a25bcff00>,3,3,[6 2],6,7,10,1,6
1,<environment.Job instance at 0x1509d5ce80f0>,5,3,[6 1],9,11,14,2,11
1,<environment.Job instance at 0x1509d60b1d70>,0,2,[8 1],1,2,4,1,2
1,<environment.Job instance at 0x1509d60b1fa0>,2,2,[2 8],4,4,6,0,4
1,<environment.Job instance at 0x1509d5bb21e0>,4,2,[2 7],6,6,8,0,6
1,<environment.Job instance at 0x1509d5bb2190>,5,2,[2 7],7,8,10,1,7
1,<environment.Job instance at 0x1509d5653f00>,1,12,[ 1 10],2,11,23,9,11
1,<environment.Job instance at 0x1509dc8f04b0>,0,3,[9 2],1,1,4,0,1
1,<environment.Job instance at 0x1509d4c5d730>,1,3,[2 9],2,4,7,2,2
1,<environment.Job instance at 0x150a25b6bdc0>,4,2,[1 8],5,29,31,24,29
1,<environment.Job instance at 0x1509dcc234b0>,1,3,[1 9],2,2,5,0,2
1,<environment.Job instance at 0x1509d67da730>,4,2,[7 2],5,5,7,0,5
1,<environment.Job instance at 0x1509d67da320>,7,1,[2 6],8,8,9,0,8
1,<environment.Job instance at 0x1509dca285a0>,8,13,[6 1],9,9,22,0,9
1,<environment.Job instance at 0x1509d4a1ad70>,2,3,[1 8],3,3,6,0,3
1,<environment.Job instance at 0x1509dca28640>,3,3,[1 8],4,6,9,2,4
1,<environment.Job instance at 0x150a247ab0a0>,4,2,[8 1],7,7,9,0,7
1,<environment.Job instance at 0x150a247ab910>,5,2,[ 1 10],8,9,11,1,8
1,<environment.Job instance at 0x1509d7097eb0>,1,13,[2 8],2,26,39,24,26
1,<environment.Job instance at 0x150a2468df50>,0,2,[8 1],1,1,3,0,1
1,<environment.Job instance at 0x1509dccf2e10>,2,2,[2 8],4,4,6,0,4
1,<environment.Job instance at 0x1509dccf2a50>,3,1,[2 7],5,6,7,1,5
1,<environment.Job instance at 0x1509df1adc30>,4,2,[2 7],6,7,9,1,6
1,<environment.Job instance at 0x1509dc0dffa0>,5,2,[2 7],7,9,11,2,8
1,<environment.Job instance at 0x1509d57081e0>,1,3,[2 9],2,2,5,0,2
1,<environment.Job instance at 0x1509e665baf0>,2,1,[2 7],3,5,6,2,3
1,<environment.Job instance at 0x1509d4282500>,4,2,[1 8],5,28,30,23,28
1,<environment.Job instance at 0x1509d6603960>,1,3,[1 9],2,2,5,0,2
1,<environment.Job instance at 0x1509d6eabd20>,4,2,[7 2],5,5,7,0,5
1,<environment.Job instance at 0x1509d6eabe60>,6,18,[8 1],7,7,25,0,7
1,<environment.Job instance at 0x1509de72a4b0>,5,3,[9 2],6,25,28,19,7
1,<environment.Job instance at 0x1509d7a235f0>,7,1,[2 6],8,8,9,0,8
1,<environment.Job instance at 0x1509e56aa460>,0,2,[6 1],1,2,4,1,2
1,<environment.Job instance at 0x1509e56aab40>,2,3,[1 8],3,3,6,0,3
1,<environment.Job instance at 0x1509d7a23f50>,1,13,[2 8],2,6,19,4,4
1,<environment.Job instance at 0x1509d434c870>,5,2,[ 1 10],8,19,21,11,8
1,<environment.Job instance at 0x1509d78acb90>,0,1,[2 5],1,1,2,0,1
1,<environment.Job instance at 0x1509d78ac690>,2,2,[10  1],5,5,7,0,5
1,<environment.Job instance at 0x1509d7a23f00>,3,3,[6 2],6,7,10,1,6
1,<environment.Job instance at 0x1509d6654500>,0,2,[8 1],1,2,4,1,2
1,<environment.Job instance at 0x1509d66549b0>,2,2,[2 8],4,4,6,0,4
1,<environment.Job instance at 0x1509d7a23910>,1,12,[ 1 10],2,6,18,4,4
1,<environment.Job instance at 0x1509d497fd70>,5,2,[2 7],7,18,20,11,7
1,<environment.Job instance at 0x1509d42ae5a0>,2,1,[2 7],3,8,9,5,8
1,<environment.Job instance at 0x1509dfd3f050>,2,1,[2 5],3,3,4,0,3
1,<environment.Job instance at 0x1509cc07d140>,4,2,[7 2],5,6,8,1,6
1,<environment.Job instance at 0x1509dcb1ceb0>,1,3,[1 9],2,8,11,6,6
1,<environment.Job instance at 0x1509cc07d230>,7,1,[2 6],8,11,12,3,8
1,<environment.Job instance at 0x1509cc07d5a0>,8,13,[6 1],9,9,22,0,9
1,<environment.Job instance at 0x1509dc3cac80>,5,3,[9 2],6,29,32,23,29
1,<environment.Job instance at 0x1509cc075820>,0,2,[6 1],1,2,4,1,2
1,<environment.Job instance at 0x1509cc07d780>,2,3,[1 8],3,3,6,0,3
1,<environment.Job instance at 0x1509cc07d370>,4,2,[8 1],7,7,9,0,7
1,<environment.Job instance at 0x1509dddd8190>,5,2,[ 1 10],8,9,11,1,8
1,<environment.Job instance at 0x1509cc075780>,1,13,[2 8],2,18,31,16,18
1,<environment.Job instance at 0x1509cc07dc30>,2,2,[10  1],5,5,7,0,5
1,<environment.Job instance at 0x1509dc2fbcd0>,0,2,[8 1],1,2,4,1,2
1,<environment.Job instance at 0x1509d707cd20>,2,2,[2 8],4,4,6,0,4
1,<environment.Job instance at 0x1509d7827910>,3,1,[2 7],5,6,7,1,5
1,<environment.Job instance at 0x1509e75c1460>,4,2,[2 7],6,7,9,1,6
1,<environment.Job instance at 0x1509e75c1960>,5,2,[2 7],7,9,11,2,7
1,<environment.Job instance at 0x1509d707c9b0>,1,12,[ 1 10],2,11,23,9,7
1,<environment.Job instance at 0x1509cc0757d0>,1,3,[2 9],2,2,5,0,2
1,<environment.Job instance at 0x1509ddd09c30>,4,2,[1 8],5,7,9,2,7
1,<environment.Job instance at 0x1509cfae2910>,5,3,[10  2],8,9,12,1,8
1,<environment.Job instance at 0x1509d7272b40>,1,3,[1 9],2,2,5,0,2
1,<environment.Job instance at 0x1509cc2f2370>,4,2,[7 2],5,5,7,0,5
1,<environment.Job instance at 0x1509cc2f2280>,7,1,[2 6],8,8,9,0,8
1,<environment.Job instance at 0x1509cc25df50>,8,13,[6 1],9,9,22,0,9
1,<environment.Job instance at 0x1509d4c75460>,1,13,[2 8],2,2,15,0,2
1,<environment.Job instance at 0x1509cc243410>,2,3,[1 8],3,15,18,12,4
1,<environment.Job instance at 0x1509d40db0f0>,5,2,[ 1 10],8,18,20,10,8
1,<environment.Job instance at 0x1509cbe6f190>,0,1,[2 5],1,1,2,0,1
1,<environment.Job instance at 0x1509cc2f2f00>,2,2,[10  1],5,5,7,0,5
1,<environment.Job instance at 0x1509d414d460>,3,3,[6 2],6,7,10,1,7
1,<environment.Job instance at 0x1509d414d410>,5,3,[6 1],9,11,14,2,11
1,<environment.Job instance at 0x1509dfd0f0f0>,0,2,[8 1],1,2,4,1,2
1,<environment.Job instance at 0x1509cc2f23c0>,1,12,[ 1 10],2,4,16,2,2
1,<environment.Job instance at 0x1509cbe64a00>,1,3,[2 9],2,2,5,0,2
1,<environment.Job instance at 0x1509de1fad70>,1,3,[1 9],2,2,5,0,2
1,<environment.Job instance at 0x1509cfbac320>,4,2,[7 2],5,5,7,0,5
1,<environment.Job instance at 0x1509d5137500>,6,18,[8 1],7,7,25,0,7
1,<environment.Job instance at 0x1509cfbac780>,5,3,[9 2],6,25,28,19,7
1,<environment.Job instance at 0x1509def43870>,7,1,[2 6],8,8,9,0,8
1,<environment.Job instance at 0x1509e49bf500>,0,2,[6 1],1,2,4,1,2
1,<environment.Job instance at 0x1509dd89ccd0>,2,3,[1 8],3,3,6,0,3
1,<environment.Job instance at 0x1509d663e0a0>,3,3,[1 8],4,6,9,2,4
1,<environment.Job instance at 0x1509dd89ca50>,4,2,[8 1],7,7,9,0,7
1,<environment.Job instance at 0x1509d663ef50>,5,2,[ 1 10],8,9,11,1,8
1,<environment.Job instance at 0x1509d675a730>,1,13,[2 8],2,13,26,11,13
1,<environment.Job instance at 0x150a242b45f0>,2,2,[10  1],5,5,7,0,5
1,<environment.Job instance at 0x150a24966730>,3,3,[6 2],6,7,10,1,6
1,<environment.Job instance at 0x150a24966910>,5,3,[6 1],9,10,13,1,9
1,<environment.Job instance at 0x150a2738f0a0>,0,2,[8 1],1,1,3,0,1
1,<environment.Job instance at 0x150a2738fd20>,2,2,[2 8],4,4,6,0,4
1,<environment.Job instance at 0x1509d689ddc0>,0,3,[9 2],1,1,4,0,1
1,<environment.Job instance at 0x1509e4055e60>,2,1,[2 5],3,3,4,0,3
1,<environment.Job instance at 0x1509e4055dc0>,4,2,[7 2],5,6,8,1,6
1,<environment.Job instance at 0x1509e5cff9b0>,1,3,[1 9],2,8,11,6,6
1,<environment.Job instance at 0x1509df7e1a50>,7,1,[2 6],8,11,12,3,8
1,<environment.Job instance at 0x1509df7e17d0>,8,13,[6 1],9,9,22,0,9
1,<environment.Job instance at 0x1509e4055820>,5,3,[9 2],6,39,42,33,39
1,<environment.Job instance at 0x1509e5b660a0>,0,2,[6 1],1,2,4,1,2
1,<environment.Job instance at 0x1509e5b665a0>,2,3,[1 8],3,3,6,0,3
1,<environment.Job instance at 0x1509dfcc2870>,3,3,[1 8],4,6,9,2,4
1,<environment.Job instance at 0x1509e49968c0>,4,2,[8 1],7,7,9,0,7
1,<environment.Job instance at 0x1509dfcc2410>,5,2,[ 1 10],8,9,11,1,8
1,<environment.Job instance at 0x1509e5cff370>,1,13,[2 8],2,15,28,13,15
1,<environment.Job instance at 0x1509deffc6e0>,0,1,[2 5],1,2,3,1,2
1,<environment.Job instance at 0x1509deffc640>,2,2,[10  1],5,5,7,0,5
1,<environment.Job instance at 0x1509e4bf75a0>,3,3,[6 2],6,7,10,1,6
1,<environment.Job instance at 0x1509e4bf7aa0>,5,3,[6 1],9,11,14,2,11
1,<environment.Job instance at 0x1509e45ad640>,0,2,[8 1],1,1,3,0,1
1,<environment.Job instance at 0x1509e4e545f0>,2,2,[2 8],4,4,6,0,4
1,<environment.Job instance at 0x1509e6e8a8c0>,4,2,[2 7],6,25,27,19,25
1,<environment.Job instance at 0x1509ce8e0a50>,0,3,[9 2],1,1,4,0,1
1,<environment.Job instance at 0x1509d68836e0>,1,3,[2 9],2,4,7,2,3
1,<environment.Job instance at 0x1509ce8eb0f0>,2,1,[2 7],3,8,9,5,8
1,<environment.Job instance at 0x1509de5e26e0>,1,3,[1 9],2,2,5,0,2
1,<environment.Job instance at 0x1509cefeb7d0>,4,2,[7 2],5,5,7,0,5
1,<environment.Job instance at 0x1509de5e2500>,6,18,[8 1],7,7,25,0,7
1,<environment.Job instance at 0x1509cefeb370>,5,3,[9 2],6,25,28,19,7
1,<environment.Job instance at 0x1509cefeb1e0>,7,1,[2 6],8,8,9,0,8
1,<environment.Job instance at 0x1509cf1151e0>,0,2,[6 1],1,2,4,1,2
1,<environment.Job instance at 0x1509dc58c3c0>,2,3,[1 8],3,3,6,0,3
1,<environment.Job instance at 0x1509cefeb0a0>,3,3,[1 8],4,6,9,2,4
1,<environment.Job instance at 0x1509cf131500>,4,2,[8 1],7,7,9,0,7
1,<environment.Job instance at 0x1509d61e3cd0>,5,2,[ 1 10],8,9,11,1,8
1,<environment.Job instance at 0x1509e40bb3c0>,1,13,[2 8],2,13,26,11,13
1,<environment.Job instance at 0x1509d53360a0>,2,2,[10  1],5,5,7,0,5
1,<environment.Job instance at 0x1509de86d7d0>,3,3,[6 2],6,7,10,1,6
1,<environment.Job instance at 0x1509cf1312d0>,5,3,[6 1],9,10,13,1,9
1,<environment.Job instance at 0x150a26e85cd0>,0,2,[8 1],1,2,4,1,2
1,<environment.Job instance at 0x1509e5fb10a0>,2,2,[2 8],4,4,6,0,4
1,<environment.Job instance at 0x1509d73a99b0>,3,1,[2 7],5,6,7,1,5
1,<environment.Job instance at 0x1509d4fb6500>,4,2,[2 7],6,7,9,1,6
1,<environment.Job instance at 0x1509d56670a0>,5,2,[2 7],7,9,11,2,7
1,<environment.Job instance at 0x1509d44e0af0>,1,12,[ 1 10],2,32,44,30,32
1,<environment.Job instance at 0x1509dfeac730>,0,3,[9 2],1,1,4,0,1
1,<environment.Job instance at 0x1509d5f365a0>,1,3,[2 9],2,4,7,2,2
1,<environment.Job instance at 0x1509dd346690>,5,3,[10  2],8,8,11,0,8
1,<environment.Job instance at 0x1509cc36fcd0>,2,1,[2 5],3,3,4,0,3
1,<environment.Job instance at 0x1509d63d1c30>,4,2,[7 2],5,6,8,1,6
1,<environment.Job instance at 0x1509d63d1e60>,1,3,[1 9],2,8,11,6,6
1,<environment.Job instance at 0x1509dc79d960>,7,1,[2 6],8,11,12,3,8
1,<environment.Job instance at 0x1509dc79d640>,8,13,[6 1],9,9,22,0,9
1,<environment.Job instance at 0x1509d63d1640>,5,3,[9 2],6,22,25,16,12
1,<environment.Job instance at 0x1509df084050>,0,2,[6 1],1,2,4,1,2
1,<environment.Job instance at 0x150a2564feb0>,2,3,[1 8],3,3,6,0,3
1,<environment.Job instance at 0x1509ce90a500>,3,3,[1 8],4,6,9,2,4
1,<environment.Job instance at 0x150a2564f190>,1,13,[2 8],2,9,22,7,5
1,<environment.Job instance at 0x1509ce90a910>,0,1,[2 5],1,1,2,0,1
1,<environment.Job instance at 0x1509ce90ad70>,2,2,[10  1],5,5,7,0,5
1,<environment.Job instance at 0x1509d4119d20>,3,3,[6 2],6,8,11,2,8
1,<environment.Job instance at 0x1509d4fbc870>,0,2,[8 1],1,2,4,1,2
1,<environment.Job instance at 0x1509d4fbc6e0>,2,2,[2 8],4,4,6,0,4
1,<environment.Job instance at 0x1509d4fbc550>,3,1,[2 7],5,6,7,1,5
1,<environment.Job instance at 0x1509ceb62d70>,4,2,[2 7],6,7,9,1,6
1,<environment.Job instance at 0x1509ceb62e10>,5,2,[2 7],7,9,11,2,7
1,<environment.Job instance at 0x1509d68516e0>,1,12,[ 1 10],2,14,26,12,14
1,<environment.Job instance at 0x150a242e4410>,0,3,[9 2],1,1,4,0,1
1,<environment.Job instance at 0x150a242e42d0>,4,2,[1 8],5,15,17,10,15
1,<environment.Job instance at 0x1509ce828410>,2,1,[2 5],3,3,4,0,3
1,<environment.Job instance at 0x150a24ab1690>,4,2,[7 2],5,6,8,1,6
1,<environment.Job instance at 0x1509de94fbe0>,1,3,[1 9],2,8,11,6,7
1,<environment.Job instance at 0x1509ce828230>,7,1,[2 6],8,11,12,3,8
1,<environment.Job instance at 0x1509d5b3b690>,8,13,[6 1],9,9,22,0,9
1,<environment.Job instance at 0x150a243300a0>,0,2,[6 1],1,2,4,1,2
1,<environment.Job instance at 0x1509e527fc30>,2,3,[1 8],3,3,6,0,3
1,<environment.Job instance at 0x1509e57a62d0>,4,2,[8 1],7,7,9,0,7
1,<environment.Job instance at 0x1509d659ff50>,5,2,[ 1 10],8,9,11,1,8
1,<environment.Job instance at 0x1509d76e9f50>,1,13,[2 8],2,18,31,16,18
1,<environment.Job instance at 0x1509d4348140>,2,2,[10  1],5,5,7,0,5
1,<environment.Job instance at 0x1509cfcf62d0>,0,2,[8 1],1,2,4,1,2
1,<environment.Job instance at 0x1509cfcf63c0>,2,2,[2 8],4,4,6,0,4
1,<environment.Job instance at 0x1509cfcf60a0>,3,1,[2 7],5,6,7,1,5
1,<environment.Job instance at 0x1509cf1fdc80>,4,2,[2 7],6,7,9,1,6
1,<environment.Job instance at 0x1509cf1fd5f0>,5,2,[2 7],7,9,11,2,7
1,<environment.Job instance at 0x150a24fca690>,1,12,[ 1 10],2,12,24,10,12
1,<environment.Job instance at 0x1509e4ee0960>,0,3,[9 2],1,1,4,0,1
1,<environment.Job instance at 0x1509d6eda320>,4,2,[1 8],5,28,30,23,28
1,<environment.Job instance at 0x1509d64c5a00>,1,3,[1 9],2,2,5,0,2
1,<environment.Job instance at 0x1509dd9c9dc0>,4,2,[7 2],5,5,7,0,5
1,<environment.Job instance at 0x150a254512d0>,6,18,[8 1],7,7,25,0,7
1,<environment.Job instance at 0x1509cff7fa50>,5,3,[9 2],6,25,28,19,7
1,<environment.Job instance at 0x150a25451c30>,7,1,[2 6],8,8,9,0,8
1,<environment.Job instance at 0x1509ddfeb140>,0,2,[6 1],1,2,4,1,2
1,<environment.Job instance at 0x1509e6147aa0>,2,3,[1 8],3,3,6,0,3
1,<environment.Job instance at 0x1509cffeef50>,4,2,[8 1],7,7,9,0,7
1,<environment.Job instance at 0x150a2719aaf0>,5,2,[ 1 10],8,9,11,1,8
1,<environment.Job instance at 0x1509de5f3410>,1,13,[2 8],2,18,31,16,18
1,<environment.Job instance at 0x1509e5e33320>,2,2,[10  1],5,5,7,0,5
1,<environment.Job instance at 0x1509d65b87d0>,3,3,[6 2],6,11,14,5,11
1,<environment.Job instance at 0x1509d65b8eb0>,5,3,[6 1],9,49,52,40,49
1,<environment.Job instance at 0x150a200c6550>,2,2,[2 8],4,4,6,0,4
1,<environment.Job instance at 0x150a2663b730>,3,1,[2 7],5,6,7,1,5
1,<environment.Job instance at 0x1509df4d3d20>,4,2,[2 7],6,7,9,1,6
1,<environment.Job instance at 0x1509df4d3eb0>,5,2,[2 7],7,9,11,2,7
1,<environment.Job instance at 0x1509d4f50aa0>,1,12,[ 1 10],2,17,29,15,17
1,<environment.Job instance at 0x1509d51e3230>,1,3,[2 9],2,2,5,0,2
1,<environment.Job instance at 0x1509d500c960>,2,1,[2 5],3,3,4,0,3
1,<environment.Job instance at 0x1509d5fc90a0>,4,2,[7 2],5,6,8,1,6
1,<environment.Job instance at 0x1509ceb27280>,1,3,[1 9],2,8,11,6,6
1,<environment.Job instance at 0x1509dfcccc30>,7,1,[2 6],8,11,12,3,8
1,<environment.Job instance at 0x1509ddf1f0f0>,8,13,[6 1],9,9,22,0,9
1,<environment.Job instance at 0x1509cfa92050>,0,2,[6 1],1,2,4,1,2
1,<environment.Job instance at 0x1509d50737d0>,2,3,[1 8],3,3,6,0,3
1,<environment.Job instance at 0x1509ce0eb0f0>,3,3,[1 8],4,6,9,2,4
1,<environment.Job instance at 0x1509cfcde050>,4,2,[8 1],7,7,9,0,7
1,<environment.Job instance at 0x1509ce0eb2d0>,5,2,[ 1 10],8,9,11,1,8
1,<environment.Job instance at 0x1509d7c7b140>,1,13,[2 8],2,16,29,14,16
1,<environment.Job instance at 0x1509ce0eb1e0>,2,2,[10  1],5,5,7,0,5
1,<environment.Job instance at 0x1509cc28eaf0>,3,3,[6 2],6,7,10,1,7
1,<environment.Job instance at 0x1509de8945a0>,5,3,[6 1],9,13,16,4,13
1,<environment.Job instance at 0x150a26515be0>,0,2,[8 1],1,1,3,0,1
1,<environment.Job instance at 0x150a26f47b90>,3,1,[2 7],5,5,6,0,5
1,<environment.Job instance at 0x1509d7365a00>,2,2,[2 8],4,6,8,2,6
1,<environment.Job instance at 0x1509d678e500>,4,2,[2 7],6,10,12,4,10
1,<environment.Job instance at 0x1509e58473c0>,0,3,[9 2],1,1,4,0,1
1,<environment.Job instance at 0x1509e76f3c80>,2,1,[2 7],3,4,5,1,3
1,<environment.Job instance at 0x1509e5847280>,4,2,[1 8],5,33,35,28,33
1,<environment.Job instance at 0x1509d6919960>,1,3,[1 9],2,2,5,0,2
1,<environment.Job instance at 0x1509dfce1690>,4,2,[7 2],5,5,7,0,5
1,<environment.Job instance at 0x1509d64389b0>,6,18,[8 1],7,7,25,0,7
1,<environment.Job instance at 0x1509dfce1d70>,5,3,[9 2],6,25,28,19,7
1,<environment.Job instance at 0x1509dfce1a00>,7,1,[2 6],8,8,9,0,8
1,<environment.Job instance at 0x150a270e3460>,0,2,[6 1],1,2,4,1,2
1,<environment.Job instance at 0x1509df073410>,2,3,[1 8],3,3,6,0,3
1,<environment.Job instance at 0x1509df073dc0>,1,13,[2 8],2,6,19,4,5
1,<environment.Job instance at 0x1509d6a943c0>,2,2,[10  1],5,5,7,0,5
1,<environment.Job instance at 0x1509d764ef00>,3,3,[6 2],6,7,10,1,7
1,<environment.Job instance at 0x1509d647c1e0>,0,2,[8 1],1,2,4,1,2
1,<environment.Job instance at 0x1509d647cd20>,2,2,[2 8],4,4,6,0,4
1,<environment.Job instance at 0x1509d647c280>,3,1,[2 7],5,6,7,1,5
1,<environment.Job instance at 0x1509d647c550>,4,2,[2 7],6,7,9,1,6
1,<environment.Job instance at 0x1509d647cfa0>,5,2,[2 7],7,9,11,2,7
1,<environment.Job instance at 0x150a259cb5f0>,1,12,[ 1 10],2,11,23,9,8
1,<environment.Job instance at 0x1509d45995a0>,2,1,[2 7],3,220,221,217,220
1,<environment.Job instance at 0x1509cec01960>,2,1,[2 5],3,3,4,0,3
1,<environment.Job instance at 0x1509ce307e60>,4,2,[7 2],5,6,8,1,6
1,<environment.Job instance at 0x150a262db050>,1,3,[1 9],2,8,11,6,7
1,<environment.Job instance at 0x1509ce307780>,7,1,[2 6],8,11,12,3,8
1,<environment.Job instance at 0x1509ce30b7d0>,8,13,[6 1],9,9,22,0,9
1,<environment.Job instance at 0x1509ce512d70>,0,2,[6 1],1,2,4,1,2
1,<environment.Job instance at 0x1509ce40da50>,2,3,[1 8],3,3,6,0,3
1,<environment.Job instance at 0x150a24f10460>,3,3,[1 8],4,6,9,2,4
1,<environment.Job instance at 0x1509ce307280>,1,13,[2 8],2,9,22,7,5
1,<environment.Job instance at 0x1509ceb29870>,2,2,[10  1],5,5,7,0,5
1,<environment.Job instance at 0x1509de2dd320>,3,3,[6 2],6,7,10,1,6
1,<environment.Job instance at 0x1509ce44be60>,5,3,[6 1],9,10,13,1,9
1,<environment.Job instance at 0x1509dcd04b40>,0,2,[8 1],1,1,3,0,1
1,<environment.Job instance at 0x1509dcd04230>,3,1,[2 7],5,5,6,0,5
1,<environment.Job instance at 0x1509cf15c4b0>,2,2,[2 8],4,6,8,2,5
1,<environment.Job instance at 0x1509d5707a00>,4,2,[2 7],6,8,10,2,6
1,<environment.Job instance at 0x1509cf0205a0>,0,3,[9 2],1,1,4,0,1
1,<environment.Job instance at 0x1509cd1fcb90>,1,3,[2 9],2,4,7,2,3
1,<environment.Job instance at 0x1509d5bafdc0>,2,1,[2 7],3,7,8,4,3
1,<environment.Job instance at 0x1509cd15c640>,4,2,[1 8],5,28,30,23,28
1,<environment.Job instance at 0x1509ce15c370>,1,3,[1 9],2,2,5,0,2
1,<environment.Job instance at 0x1509cc2155a0>,4,2,[7 2],5,5,7,0,5
1,<environment.Job instance at 0x1509ce15c320>,6,18,[8 1],7,7,25,0,7
1,<environment.Job instance at 0x1509cc215140>,5,3,[9 2],6,25,28,19,7
1,<environment.Job instance at 0x1509cc215f00>,7,1,[2 6],8,8,9,0,8
1,<environment.Job instance at 0x1509d7357a50>,0,2,[6 1],1,2,4,1,2
1,<environment.Job instance at 0x1509cc215280>,2,3,[1 8],3,3,6,0,3
1,<environment.Job instance at 0x1509cd7330f0>,1,13,[2 8],2,6,19,4,5
1,<environment.Job instance at 0x1509d4da5320>,5,2,[ 1 10],8,19,21,11,8
1,<environment.Job instance at 0x1509cd8412d0>,0,1,[2 5],1,1,2,0,1
1,<environment.Job instance at 0x1509d62c5870>,2,2,[10  1],5,5,7,0,5
1,<environment.Job instance at 0x1509cf7c4e10>,3,3,[6 2],6,9,12,3,9
1,<environment.Job instance at 0x1509d65526e0>,0,2,[8 1],1,1,3,0,1
1,<environment.Job instance at 0x1509d6552cd0>,2,2,[2 8],4,4,6,0,4
1,<environment.Job instance at 0x1509d6739d70>,4,2,[2 7],6,6,8,0,6
1,<environment.Job instance at 0x1509d6739b90>,5,2,[2 7],7,8,10,1,7
1,<environment.Job instance at 0x1509dc23c190>,0,3,[9 2],1,2,5,1,2
1,<environment.Job instance at 0x1509dee01690>,1,3,[2 9],2,5,8,3,3
1,<environment.Job instance at 0x1509d58f7f50>,4,2,[1 8],5,9,11,4,9
1,<environment.Job instance at 0x1509ce14b410>,1,3,[1 9],2,2,5,0,2
1,<environment.Job instance at 0x1509cde2bbe0>,4,2,[7 2],5,5,7,0,5
1,<environment.Job instance at 0x1509cde2bcd0>,5,3,[9 2],6,7,10,1,7
1,<environment.Job instance at 0x1509cde2beb0>,6,18,[8 1],7,10,28,3,8
1,<environment.Job instance at 0x1509cde3d3c0>,0,2,[6 1],1,2,4,1,2
1,<environment.Job instance at 0x1509cde3b2d0>,2,3,[1 8],3,3,6,0,3
1,<environment.Job instance at 0x1509cde3d280>,3,3,[1 8],4,6,9,2,4
1,<environment.Job instance at 0x1509ce435d20>,4,2,[8 1],7,7,9,0,7
1,<environment.Job instance at 0x1509cd46ea00>,5,2,[ 1 10],8,9,11,1,8
1,<environment.Job instance at 0x1509cde3d320>,1,13,[2 8],2,13,26,11,13
1,<environment.Job instance at 0x1509e495ea00>,3,3,[6 2],6,6,9,0,6
1,<environment.Job instance at 0x1509e495eaa0>,5,3,[6 1],9,9,12,0,9
1,<environment.Job instance at 0x1509e6c1ceb0>,0,2,[8 1],1,2,4,1,2
1,<environment.Job instance at 0x1509d7d0b4b0>,2,2,[2 8],4,4,6,0,4
1,<environment.Job instance at 0x1509d7d0ba50>,3,1,[2 7],5,6,7,1,5
1,<environment.Job instance at 0x150a268f3640>,4,2,[2 7],6,7,9,1,6
1,<environment.Job instance at 0x150a268f3fa0>,5,2,[2 7],7,9,11,2,7
1,<environment.Job instance at 0x1509cde3d190>,1,12,[ 1 10],2,32,44,30,32
1,<environment.Job instance at 0x150a25084410>,0,3,[9 2],1,1,4,0,1
1,<environment.Job instance at 0x1509cde2baf0>,1,3,[2 9],2,4,7,2,2
1,<environment.Job instance at 0x1509cbe99230>,1,3,[1 9],2,2,5,0,2
1,<environment.Job instance at 0x1509d7890550>,4,2,[7 2],5,5,7,0,5
1,<environment.Job instance at 0x1509d7890b40>,5,3,[9 2],6,7,10,1,7
1,<environment.Job instance at 0x1509ce435b40>,6,18,[8 1],7,10,28,3,8
1,<environment.Job instance at 0x150a266f81e0>,0,2,[6 1],1,2,4,1,2
1,<environment.Job instance at 0x1509cf719fa0>,2,3,[1 8],3,3,6,0,3
1,<environment.Job instance at 0x150a266f84b0>,3,3,[1 8],4,6,9,2,4
1,<environment.Job instance at 0x1509cf719aa0>,4,2,[8 1],7,7,9,0,7
1,<environment.Job instance at 0x150a25c77b40>,5,2,[ 1 10],8,9,11,1,8
1,<environment.Job instance at 0x1509d7890780>,1,13,[2 8],2,13,26,11,13
1,<environment.Job instance at 0x1509ddd4f820>,3,3,[6 2],6,6,9,0,6
1,<environment.Job instance at 0x1509d6161f00>,2,2,[10  1],5,9,11,4,6
1,<environment.Job instance at 0x1509ddd4f0f0>,5,3,[6 1],9,11,14,2,9
1,<environment.Job instance at 0x1509de4970f0>,0,2,[8 1],1,2,4,1,2
1,<environment.Job instance at 0x1509cbfb00a0>,2,2,[2 8],4,4,6,0,4
1,<environment.Job instance at 0x1509cbfb0a50>,3,1,[2 7],5,6,7,1,5
1,<environment.Job instance at 0x1509ceee7be0>,4,2,[2 7],6,7,9,1,6
1,<environment.Job instance at 0x1509ceee7910>,5,2,[2 7],7,9,11,2,7
1,<environment.Job instance at 0x1509ce2fde10>,1,12,[ 1 10],2,41,53,39,41
1,<environment.Job instance at 0x1509cf981870>,0,3,[9 2],1,1,4,0,1
1,<environment.Job instance at 0x1509e59003c0>,4,2,[1 8],5,345,347,340,345
1,<environment.Job instance at 0x1509d7e12e10>,1,3,[1 9],2,2,5,0,2
1,<environment.Job instance at 0x150a20111cd0>,4,2,[7 2],5,5,7,0,5
1,<environment.Job instance at 0x150a24d765a0>,5,3,[9 2],6,7,10,1,7
1,<environment.Job instance at 0x1509dc61d230>,6,18,[8 1],7,10,28,3,8
1,<environment.Job instance at 0x150a24e565f0>,0,2,[6 1],1,2,4,1,2
1,<environment.Job instance at 0x1509cfa4d140>,2,3,[1 8],3,3,6,0,3
1,<environment.Job instance at 0x1509d7b94280>,3,3,[1 8],4,6,9,2,4
1,<environment.Job instance at 0x1509dc61d820>,1,13,[2 8],2,9,22,7,5
1,<environment.Job instance at 0x1509d4fbc7d0>,5,2,[ 1 10],8,22,24,14,8
1,<environment.Job instance at 0x1509ceb30d20>,2,2,[10  1],5,5,7,0,5
1,<environment.Job instance at 0x1509e5f26460>,3,3,[6 2],6,7,10,1,6
1,<environment.Job instance at 0x1509ddc39910>,5,3,[6 1],9,10,13,1,9
1,<environment.Job instance at 0x150a25451f00>,0,2,[8 1],1,2,4,1,2
1,<environment.Job instance at 0x1509d60beaa0>,2,2,[2 8],4,4,6,0,4
1,<environment.Job instance at 0x1509e47eef50>,3,1,[2 7],5,6,7,1,5
1,<environment.Job instance at 0x150a26f28780>,4,2,[2 7],6,7,9,1,6
1,<environment.Job instance at 0x150a26f285f0>,5,2,[2 7],7,9,11,2,7
1,<environment.Job instance at 0x150a25451f50>,1,12,[ 1 10],2,11,23,9,8
1,<environment.Job instance at 0x1509d5fca3c0>,1,3,[2 9],2,2,5,0,2
1,<environment.Job instance at 0x1509ce16f730>,4,2,[1 8],5,219,221,214,219
1,<environment.Job instance at 0x1509d4503730>,2,1,[2 5],3,3,4,0,3
1,<environment.Job instance at 0x150a26e4cfa0>,4,2,[7 2],5,6,8,1,6
1,<environment.Job instance at 0x1509ce248320>,1,3,[1 9],2,8,11,6,6
1,<environment.Job instance at 0x1509def49c80>,7,1,[2 6],8,11,12,3,8
1,<environment.Job instance at 0x1509d5893dc0>,8,13,[6 1],9,9,22,0,9
1,<environment.Job instance at 0x1509e40a2460>,0,2,[6 1],1,2,4,1,2
1,<environment.Job instance at 0x1509e40a2b90>,2,3,[1 8],3,3,6,0,3
1,<environment.Job instance at 0x150a258960f0>,3,3,[1 8],4,6,9,2,4
1,<environment.Job instance at 0x1509d5716fa0>,4,2,[8 1],7,7,9,0,7
1,<environment.Job instance at 0x1509cea86500>,5,2,[ 1 10],8,9,11,1,8
1,<environment.Job instance at 0x1509d48875a0>,1,13,[2 8],2,18,31,16,18
1,<environment.Job instance at 0x1509cccfddc0>,2,2,[10  1],5,5,7,0,5
1,<environment.Job instance at 0x1509cde11af0>,3,3,[6 2],6,7,10,1,6
1,<environment.Job instance at 0x1509ccc6b2d0>,5,3,[6 1],9,10,13,1,9
1,<environment.Job instance at 0x1509dcbe6a00>,0,2,[8 1],1,2,4,1,2
1,<environment.Job instance at 0x1509cf535410>,2,2,[2 8],4,4,6,0,4
1,<environment.Job instance at 0x150a25512280>,3,1,[2 7],5,6,7,1,5
1,<environment.Job instance at 0x1509e4966820>,4,2,[2 7],6,7,9,1,6
1,<environment.Job instance at 0x1509ccc05550>,5,2,[2 7],7,9,11,2,7
1,<environment.Job instance at 0x1509e4c7d4b0>,1,12,[ 1 10],2,15,27,13,15
1,<environment.Job instance at 0x1509d4c3a2d0>,0,3,[9 2],1,2,5,1,2
1,<environment.Job instance at 0x1509d4c3abe0>,1,3,[2 9],2,11,14,9,11
1,<environment.Job instance at 0x1509cd75f960>,1,3,[1 9],2,2,5,0,2
1,<environment.Job instance at 0x1509cd75f7d0>,3,1,[6 2],4,5,6,1,4
1,<environment.Job instance at 0x1509d49434b0>,4,2,[7 2],5,6,8,1,5
1,<environment.Job instance at 0x1509d4943460>,5,3,[9 2],6,8,11,2,6
1,<environment.Job instance at 0x1509d4943280>,7,1,[2 6],8,11,12,3,8
1,<environment.Job instance at 0x1509ce690dc0>,8,13,[6 1],9,11,24,2,9
1,<environment.Job instance at 0x1509d50d7e10>,0,2,[6 1],1,2,4,1,2
1,<environment.Job instance at 0x1509ce69beb0>,2,3,[1 8],3,3,6,0,3
1,<environment.Job instance at 0x1509ce69b320>,3,3,[1 8],4,6,9,2,4
1,<environment.Job instance at 0x1509cd9ca9b0>,4,2,[8 1],7,7,9,0,7
1,<environment.Job instance at 0x1509cd9ca4b0>,5,2,[ 1 10],8,9,11,1,8
1,<environment.Job instance at 0x1509cd75f0f0>,1,13,[2 8],2,13,26,11,13
1,<environment.Job instance at 0x1509ce1fb820>,2,2,[10  1],5,5,7,0,5
1,<environment.Job instance at 0x1509dca70500>,3,3,[6 2],6,7,10,1,6
1,<environment.Job instance at 0x1509ce1fbe10>,5,3,[6 1],9,13,16,4,13
1,<environment.Job instance at 0x1509d6c193c0>,0,2,[8 1],1,2,4,1,2
1,<environment.Job instance at 0x150a26eeb8c0>,2,2,[2 8],4,4,6,0,4
1,<environment.Job instance at 0x1509d6c19870>,3,1,[2 7],5,6,7,1,5
1,<environment.Job instance at 0x1509e52ff5a0>,4,2,[2 7],6,7,9,1,6
1,<environment.Job instance at 0x1509e52ff730>,5,2,[2 7],7,9,11,2,7
1,<environment.Job instance at 0x1509ce69b9b0>,1,12,[ 1 10],2,41,53,39,41
1,<environment.Job instance at 0x1509d7878460>,0,3,[9 2],1,1,4,0,1
1,<environment.Job instance at 0x1509d7878cd0>,4,2,[1 8],5,345,347,340,345
1,<environment.Job instance at 0x1509d5d22e60>,1,3,[1 9],2,2,5,0,2
1,<environment.Job instance at 0x1509d6a869b0>,4,2,[7 2],5,6,8,1,6
1,<environment.Job instance at 0x1509cc613280>,6,18,[8 1],7,8,26,1,8
1,<environment.Job instance at 0x1509cc613320>,3,1,[6 2],4,26,27,22,8
1,<environment.Job instance at 0x1509cc6133c0>,5,3,[9 2],6,27,30,21,13
1,<environment.Job instance at 0x1509cc614a50>,0,2,[6 1],1,2,4,1,2
1,<environment.Job instance at 0x1509cc614910>,2,3,[1 8],3,3,6,0,3
1,<environment.Job instance at 0x1509cc6130f0>,3,3,[1 8],4,6,9,2,4
1,<environment.Job instance at 0x1509cc6135a0>,4,2,[8 1],7,7,9,0,7
1,<environment.Job instance at 0x1509d4b33500>,5,2,[ 1 10],8,9,11,1,8
1,<environment.Job instance at 0x1509cc6149b0>,1,13,[2 8],2,21,34,19,21
1,<environment.Job instance at 0x150a24a13eb0>,2,2,[10  1],5,5,7,0,5
1,<environment.Job instance at 0x1509ddf00fa0>,3,3,[6 2],6,7,10,1,6
1,<environment.Job instance at 0x1509ddf00640>,5,3,[6 1],9,10,13,1,9
1,<environment.Job instance at 0x1509ddf00aa0>,0,2,[8 1],1,1,3,0,1
1,<environment.Job instance at 0x1509d4a9a870>,2,2,[2 8],4,4,6,0,4
1,<environment.Job instance at 0x1509de9a6190>,3,1,[2 7],5,6,7,1,5
1,<environment.Job instance at 0x1509d626bd20>,4,2,[2 7],6,7,9,1,6
1,<environment.Job instance at 0x1509d4b9beb0>,5,2,[2 7],7,9,11,2,7
1,<environment.Job instance at 0x150a256a8a50>,0,3,[9 2],1,2,5,1,2
1,<environment.Job instance at 0x1509cc613dc0>,1,3,[2 9],2,11,14,9,11
1,<environment.Job instance at 0x1509e41a94b0>,2,1,[2 5],3,3,4,0,3
1,<environment.Job instance at 0x1509ccc73f50>,1,3,[1 9],2,4,7,2,3
1,<environment.Job instance at 0x1509de0546e0>,4,2,[7 2],5,7,9,2,6
1,<environment.Job instance at 0x1509cdfa8050>,3,1,[6 2],4,9,10,5,6
1,<environment.Job instance at 0x1509de054780>,7,1,[2 6],8,8,9,0,8
1,<environment.Job instance at 0x1509de054140>,8,13,[6 1],9,10,23,1,9
1,<environment.Job instance at 0x1509de054c30>,5,3,[9 2],6,91,94,85,91
1,<environment.Job instance at 0x1509ddca4050>,0,2,[6 1],1,2,4,1,2
1,<environment.Job instance at 0x1509ddca4cd0>,2,3,[1 8],3,3,6,0,3
1,<environment.Job instance at 0x1509ddca46e0>,3,3,[1 8],4,6,9,2,4
1,<environment.Job instance at 0x1509d52a3050>,4,2,[8 1],7,7,9,0,7
1,<environment.Job instance at 0x1509d7f4ec80>,5,2,[ 1 10],8,9,11,1,8
1,<environment.Job instance at 0x1509de054b90>,1,13,[2 8],2,22,35,20,22
1,<environment.Job instance at 0x150a250c89b0>,0,1,[2 5],1,1,2,0,1
1,<environment.Job instance at 0x1509cf8433c0>,2,2,[10  1],5,5,7,0,5
1,<environment.Job instance at 0x1509d597d640>,3,3,[6 2],6,7,10,1,6
1,<environment.Job instance at 0x1509cec3d8c0>,5,3,[6 1],9,10,13,1,10
1,<environment.Job instance at 0x150a26396780>,0,2,[8 1],1,1,3,0,1
1,<environment.Job instance at 0x1509cfbcc050>,2,2,[2 8],4,4,6,0,4
1,<environment.Job instance at 0x1509d49e4a50>,4,2,[2 7],6,6,8,0,6
1,<environment.Job instance at 0x1509d49e4e10>,5,2,[2 7],7,8,10,1,7
1,<environment.Job instance at 0x1509cea035f0>,0,3,[9 2],1,2,5,1,2
1,<environment.Job instance at 0x1509e6da9730>,2,1,[2 7],3,5,6,2,3
1,<environment.Job instance at 0x1509de9cd230>,1,3,[2 9],2,74,77,72,74
1,<environment.Job instance at 0x1509d51a7d70>,1,3,[1 9],2,2,5,0,2
1,<environment.Job instance at 0x1509cdbf4780>,4,2,[7 2],5,5,7,0,5
1,<environment.Job instance at 0x1509cdbf4af0>,5,3,[9 2],6,7,10,1,6
1,<environment.Job instance at 0x1509cecdd280>,7,1,[2 6],8,10,11,2,8
1,<environment.Job instance at 0x1509cdbf4140>,8,13,[6 1],9,10,23,1,9
1,<environment.Job instance at 0x1509cd32bd20>,0,2,[6 1],1,2,4,1,2
1,<environment.Job instance at 0x1509cd32b280>,2,3,[1 8],3,3,6,0,3
1,<environment.Job instance at 0x1509dc716d70>,3,3,[1 8],4,6,9,2,4
1,<environment.Job instance at 0x1509dff6fb90>,4,2,[8 1],7,7,9,0,7
1,<environment.Job instance at 0x1509dc716820>,5,2,[ 1 10],8,9,11,1,8
1,<environment.Job instance at 0x1509cd2ee640>,1,13,[2 8],2,13,26,11,13
1,<environment.Job instance at 0x1509d4318eb0>,3,3,[6 2],6,6,9,0,6
1,<environment.Job instance at 0x1509dc716be0>,2,2,[10  1],5,9,11,4,6
1,<environment.Job instance at 0x1509d4318640>,5,3,[6 1],9,11,14,2,9
1,<environment.Job instance at 0x1509d4c65690>,0,2,[8 1],1,2,4,1,2
1,<environment.Job instance at 0x1509d4c65f00>,2,2,[2 8],4,4,6,0,4
1,<environment.Job instance at 0x1509d4c659b0>,3,1,[2 7],5,6,7,1,5
1,<environment.Job instance at 0x1509ccc4cd20>,4,2,[2 7],6,7,9,1,6
1,<environment.Job instance at 0x1509ccc4ce60>,5,2,[2 7],7,9,11,2,7
1,<environment.Job instance at 0x1509d51a74b0>,1,12,[ 1 10],2,27,39,25,27
1,<environment.Job instance at 0x1509ccc537d0>,0,3,[9 2],1,1,4,0,1
1,<environment.Job instance at 0x1509ccc53730>,1,3,[2 9],2,4,7,2,2
1,<environment.Job instance at 0x1509d50723c0>,1,3,[1 9],2,2,5,0,2
1,<environment.Job instance at 0x1509d50727d0>,4,2,[7 2],5,6,8,1,6
1,<environment.Job instance at 0x1509dd177f00>,6,18,[8 1],7,8,26,1,8
1,<environment.Job instance at 0x1509dd177190>,3,1,[6 2],4,26,27,22,8
1,<environment.Job instance at 0x1509dcd882d0>,0,2,[6 1],1,2,4,1,2
1,<environment.Job instance at 0x1509dcd88410>,2,3,[1 8],3,3,6,0,3
1,<environment.Job instance at 0x1509cc149be0>,3,3,[1 8],4,6,9,2,4
1,<environment.Job instance at 0x1509cf548730>,1,13,[2 8],2,9,22,7,5
1,<environment.Job instance at 0x1509cc149910>,5,2,[ 1 10],8,22,24,14,8
1,<environment.Job instance at 0x1509cde1b9b0>,3,3,[6 2],6,6,9,0,6
1,<environment.Job instance at 0x1509e64c6dc0>,2,2,[10  1],5,9,11,4,6
1,<environment.Job instance at 0x1509cde1b690>,5,3,[6 1],9,11,14,2,9
1,<environment.Job instance at 0x1509ccdf8280>,0,2,[8 1],1,2,4,1,2
1,<environment.Job instance at 0x1509ccdf8d70>,2,2,[2 8],4,4,6,0,4
1,<environment.Job instance at 0x1509d4867280>,3,1,[2 7],5,6,7,1,5
1,<environment.Job instance at 0x1509cf5e7960>,4,2,[2 7],6,7,9,1,6
1,<environment.Job instance at 0x1509cf5e7410>,5,2,[2 7],7,9,11,2,7
1,<environment.Job instance at 0x1509cf2c20f0>,1,12,[ 1 10],2,18,30,16,18
1,<environment.Job instance at 0x1509d6c8adc0>,1,3,[2 9],2,2,5,0,2
1,<environment.Job instance at 0x1509cf7c4f50>,4,2,[1 8],5,219,221,214,219
1,<environment.Job instance at 0x1509cbc2f1e0>,1,3,[1 9],2,2,5,0,2
1,<environment.Job instance at 0x1509cc045a00>,5,3,[9 2],6,6,9,0,6
1,<environment.Job instance at 0x1509cbc2fbe0>,3,1,[6 2],4,9,10,5,8
1,<environment.Job instance at 0x1509ce8e2050>,0,2,[6 1],1,2,4,1,2
1,<environment.Job instance at 0x1509ce8e2aa0>,2,3,[1 8],3,3,6,0,3
1,<environment.Job instance at 0x1509cf5fdd20>,3,3,[1 8],4,6,9,2,4
1,<environment.Job instance at 0x1509ce8e23c0>,1,13,[2 8],2,9,22,7,5
1,<environment.Job instance at 0x1509dc93a050>,2,2,[10  1],5,5,7,0,5
1,<environment.Job instance at 0x1509cf5fd870>,3,3,[6 2],6,7,10,1,6
1,<environment.Job instance at 0x1509cca56be0>,5,3,[6 1],9,10,13,1,9
1,<environment.Job instance at 0x1509cca566e0>,0,2,[8 1],1,1,3,0,1
1,<environment.Job instance at 0x1509cca56550>,2,2,[2 8],4,4,6,0,4
1,<environment.Job instance at 0x1509cc704f50>,4,2,[2 7],6,7,9,1,7
1,<environment.Job instance at 0x1509cd0d4910>,0,3,[9 2],1,1,4,0,1
1,<environment.Job instance at 0x1509d41f5c80>,1,3,[2 9],2,4,7,2,2
1,<environment.Job instance at 0x1509cd0d4410>,4,2,[1 8],5,41,43,36,41
1,<environment.Job instance at 0x1509cc919960>,1,3,[1 9],2,2,5,0,2
1,<environment.Job instance at 0x1509cc919f50>,3,1,[6 2],4,5,6,1,4
1,<environment.Job instance at 0x1509ccd6d3c0>,4,2,[7 2],5,6,8,1,6
1,<environment.Job instance at 0x1509d4319c30>,6,18,[8 1],7,9,27,2,9
1,<environment.Job instance at 0x1509d73243c0>,0,2,[6 1],1,2,4,1,2
1,<environment.Job instance at 0x1509d7324690>,2,3,[1 8],3,3,6,0,3
1,<environment.Job instance at 0x1509ddfeed70>,3,3,[1 8],4,6,9,2,4
1,<environment.Job instance at 0x150a24dab8c0>,4,2,[8 1],7,7,9,0,7
1,<environment.Job instance at 0x1509e4854c80>,5,2,[ 1 10],8,9,11,1,8
1,<environment.Job instance at 0x1509d73247d0>,1,13,[2 8],2,13,26,11,13
1,<environment.Job instance at 0x150a25c369b0>,3,3,[6 2],6,6,9,0,6
1,<environment.Job instance at 0x150a27b10780>,2,2,[10  1],5,9,11,4,6
1,<environment.Job instance at 0x1509cc6c14b0>,5,3,[6 1],9,11,14,2,9
1,<environment.Job instance at 0x1509cdccb960>,0,2,[8 1],1,2,4,1,2
1,<environment.Job instance at 0x1509ccb83cd0>,2,2,[2 8],4,4,6,0,4
1,<environment.Job instance at 0x1509ceaf92d0>,3,1,[2 7],5,6,7,1,5
1,<environment.Job instance at 0x1509ceaf96e0>,4,2,[2 7],6,7,9,1,6
1,<environment.Job instance at 0x1509df6bdd70>,5,2,[2 7],7,9,11,2,7
1,<environment.Job instance at 0x1509ce4aea50>,1,12,[ 1 10],2,18,30,16,18
1,<environment.Job instance at 0x1509ce242140>,1,3,[2 9],2,2,5,0,2
1,<environment.Job instance at 0x150a24c73730>,4,2,[1 8],5,219,221,214,219
1,<environment.Job instance at 0x1509cf2a6d20>,1,3,[1 9],2,2,5,0,2
1,<environment.Job instance at 0x1509cfa88910>,3,1,[6 2],4,5,6,1,4
1,<environment.Job instance at 0x1509df0560f0>,4,2,[7 2],5,6,8,1,5
1,<environment.Job instance at 0x1509ce5b1be0>,5,3,[9 2],6,8,11,2,6
1,<environment.Job instance at 0x1509cfa88960>,7,1,[2 6],8,11,12,3,8
1,<environment.Job instance at 0x1509ce5b1780>,8,13,[6 1],9,11,24,2,9
1,<environment.Job instance at 0x1509ce43a190>,0,2,[6 1],1,1,3,0,1
1,<environment.Job instance at 0x150a254585a0>,2,3,[1 8],3,3,6,0,3
1,<environment.Job instance at 0x1509cdb26af0>,3,3,[1 8],4,6,9,2,4
1,<environment.Job instance at 0x1509dd58ce10>,4,2,[8 1],7,8,10,1,8
1,<environment.Job instance at 0x1509cdb260a0>,0,1,[2 5],1,1,2,0,1
1,<environment.Job instance at 0x1509cdb26820>,2,2,[10  1],5,5,7,0,5
1,<environment.Job instance at 0x1509cd8fdaa0>,3,3,[6 2],6,7,10,1,6
1,<environment.Job instance at 0x1509cd8fd8c0>,5,3,[6 1],9,10,13,1,9
1,<environment.Job instance at 0x1509cf8f56e0>,2,2,[2 8],4,4,6,0,4
1,<environment.Job instance at 0x1509cc144050>,4,2,[2 7],6,6,8,0,6
1,<environment.Job instance at 0x1509cc1445a0>,5,2,[2 7],7,8,10,1,7
1,<environment.Job instance at 0x1509ce6a0eb0>,0,3,[9 2],1,1,4,0,1
1,<environment.Job instance at 0x1509ce6a0820>,1,3,[2 9],2,4,7,2,2
1,<environment.Job instance at 0x1509d7870910>,2,1,[2 5],3,3,4,0,3
1,<environment.Job instance at 0x1509d7cf5140>,1,3,[1 9],2,4,7,2,3
1,<environment.Job instance at 0x1509d7870f00>,4,2,[7 2],5,7,9,2,6
1,<environment.Job instance at 0x1509dc19c8c0>,3,1,[6 2],4,9,10,5,6
1,<environment.Job instance at 0x1509cd738c30>,7,1,[2 6],8,8,9,0,8
1,<environment.Job instance at 0x1509dc19cf00>,5,3,[9 2],6,56,59,50,56
1,<environment.Job instance at 0x150a257f6320>,0,2,[6 1],1,1,3,0,1
1,<environment.Job instance at 0x1509dde90410>,2,3,[1 8],3,3,6,0,3
1,<environment.Job instance at 0x1509cb6c2500>,3,3,[1 8],4,6,9,2,4
1,<environment.Job instance at 0x1509dc3b1870>,4,2,[8 1],7,7,9,0,7
1,<environment.Job instance at 0x1509dc2ecaa0>,5,2,[ 1 10],8,9,11,1,8
1,<environment.Job instance at 0x1509cfb27460>,0,1,[2 5],1,3,4,2,3
1,<environment.Job instance at 0x1509cfb275a0>,2,2,[10  1],5,5,7,0,5
1,<environment.Job instance at 0x1509ce85ed20>,3,3,[6 2],6,7,10,1,6
1,<environment.Job instance at 0x1509ce85ef00>,5,3,[6 1],9,10,13,1,9
1,<environment.Job instance at 0x1509d704acd0>,0,2,[8 1],1,1,3,0,1
1,<environment.Job instance at 0x1509d704a0a0>,2,2,[2 8],4,4,6,0,4
1,<environment.Job instance at 0x1509d4a0b6e0>,4,2,[2 7],6,6,8,0,6
1,<environment.Job instance at 0x1509de6e42d0>,5,2,[2 7],7,8,10,1,7
1,<environment.Job instance at 0x1509e7703c80>,0,3,[9 2],1,1,4,0,1
1,<environment.Job instance at 0x1509cd738a00>,1,3,[2 9],2,4,7,2,2
1,<environment.Job instance at 0x1509cd445910>,5,3,[10  2],8,8,11,0,8
1,<environment.Job instance at 0x150a24870a50>,2,1,[2 5],3,3,4,0,3
1,<environment.Job instance at 0x150a269bedc0>,1,3,[1 9],2,4,7,2,3
1,<environment.Job instance at 0x150a24870640>,4,2,[7 2],5,7,9,2,6
1,<environment.Job instance at 0x150a269be5a0>,3,1,[6 2],4,9,10,5,6
1,<environment.Job instance at 0x150a248705a0>,7,1,[2 6],8,8,9,0,8
1,<environment.Job instance at 0x1509e56bd2d0>,5,3,[9 2],6,56,59,50,56
1,<environment.Job instance at 0x1509e524a870>,0,2,[6 1],1,1,3,0,1
1,<environment.Job instance at 0x1509e524a780>,2,3,[1 8],3,3,6,0,3
1,<environment.Job instance at 0x1509ccdde050>,3,3,[1 8],4,6,9,2,4
1,<environment.Job instance at 0x1509ccdde4b0>,4,2,[8 1],7,7,9,0,7
1,<environment.Job instance at 0x1509e713d6e0>,5,2,[ 1 10],8,9,11,1,8
1,<environment.Job instance at 0x1509cdb19fa0>,0,1,[2 5],1,3,4,2,3
1,<environment.Job instance at 0x1509d47fdb90>,2,2,[10  1],5,5,7,0,5
1,<environment.Job instance at 0x1509d6f42690>,3,3,[6 2],6,7,10,1,6
1,<environment.Job instance at 0x1509d6f42460>,5,3,[6 1],9,10,13,1,9
1,<environment.Job instance at 0x1509decbe7d0>,0,2,[8 1],1,1,3,0,1
1,<environment.Job instance at 0x1509d604fc30>,2,2,[2 8],4,4,6,0,4
1,<environment.Job instance at 0x1509e734e140>,4,2,[2 7],6,6,8,0,6
1,<environment.Job instance at 0x1509e734e280>,5,2,[2 7],7,8,10,1,7
1,<environment.Job instance at 0x1509cd5694b0>,0,3,[9 2],1,1,4,0,1
1,<environment.Job instance at 0x1509de2e5c80>,1,3,[2 9],2,4,7,2,2
1,<environment.Job instance at 0x1509e56fcbe0>,5,3,[10  2],8,8,11,0,8
1,<environment.Job instance at 0x1509dea707d0>,1,3,[1 9],2,2,5,0,2
1,<environment.Job instance at 0x150a2589caf0>,3,1,[6 2],4,6,7,2,6
1,<environment.Job instance at 0x1509cdb45370>,4,2,[7 2],5,7,9,2,6
1,<environment.Job instance at 0x1509cdb451e0>,7,1,[2 6],8,9,10,1,9
1,<environment.Job instance at 0x1509cdb45e60>,5,3,[9 2],6,56,59,50,56
1,<environment.Job instance at 0x1509d43aab90>,0,2,[6 1],1,1,3,0,1
1,<environment.Job instance at 0x1509d7a99960>,2,3,[1 8],3,3,6,0,3
1,<environment.Job instance at 0x1509e6d0ec30>,3,3,[1 8],4,6,9,2,4
1,<environment.Job instance at 0x1509d43aa690>,4,2,[8 1],7,7,9,0,7
1,<environment.Job instance at 0x150a24ef7f00>,5,2,[ 1 10],8,9,11,1,8
1,<environment.Job instance at 0x150a24ef7f00>,2,2,[10  1],5,5,7,0,5
1,<environment.Job instance at 0x1509e4090dc0>,3,3,[6 2],6,7,10,1,6
1,<environment.Job instance at 0x1509e4090910>,5,3,[6 1],9,10,13,1,9
1,<environment.Job instance at 0x1509dcbd4c30>,0,2,[8 1],1,1,3,0,1
1,<environment.Job instance at 0x1509dcbd4c80>,2,2,[2 8],4,4,6,0,4
1,<environment.Job instance at 0x1509ce352460>,3,1,[2 7],5,6,7,1,5
1,<environment.Job instance at 0x1509d5323690>,4,2,[2 7],6,7,9,1,6
1,<environment.Job instance at 0x1509d5323320>,5,2,[2 7],7,9,11,2,8
1,<environment.Job instance at 0x1509e75c11e0>,0,3,[9 2],1,1,4,0,1
1,<environment.Job instance at 0x150a2748db40>,1,3,[2 9],2,4,7,2,3
1,<environment.Job instance at 0x1509e75c1550>,2,1,[2 7],3,651,652,648,651
