iteration,job object,job ID,job Length,job ressource requirement,job enter time,job start time,job finish time,job waiting time,current time
1,<environment.Job instance at 0x1490e7749eb0>,0,2,[8 1],2,5,7,3,5
1,<environment.Job instance at 0x1490e76fe550>,1,2,[ 1 10],3,5,7,2,5
1,<environment.Job instance at 0x1490e6931aa0>,7,2,[ 1 13],12,12,14,0,12
1,<environment.Job instance at 0x1490e7722050>,5,2,[10  1],10,12,14,2,12
1,<environment.Job instance at 0x1490e7656dc0>,8,3,[6 1],14,20,23,6,20
1,<environment.Job instance at 0x1490e55afb40>,4,2,[2 7],6,9,11,3,9
1,<environment.Job instance at 0x1490e57d2a00>,8,3,[9 2],11,11,14,0,11
1,<environment.Job instance at 0x1490e55e4960>,11,15,[11  1],14,20,35,6,20
1,<environment.Job instance at 0x1490e4754820>,5,25,[12  2],9,9,34,0,9
1,<environment.Job instance at 0x1490e4700f00>,4,3,[1 6],8,9,12,1,9
1,<environment.Job instance at 0x1490e805f230>,7,3,[6 1],13,14,17,1,14
1,<environment.Job instance at 0x1490e33fd0a0>,5,3,[9 2],6,7,10,1,7
1,<environment.Job instance at 0x1490e33fd780>,6,18,[8 1],7,11,29,4,11
1,<environment.Job instance at 0x1490e33fbc30>,0,2,[8 1],2,5,7,3,5
1,<environment.Job instance at 0x1490e34c54b0>,1,2,[ 1 10],3,5,7,2,5
1,<environment.Job instance at 0x1490e34c5050>,5,2,[10  1],10,13,15,3,13
1,<environment.Job instance at 0x1490e2077190>,7,2,[ 1 13],12,24,26,12,24
1,<environment.Job instance at 0x1490e4d09c30>,8,3,[9 2],11,12,15,1,12
1,<environment.Job instance at 0x1490e4d098c0>,10,1,[2 7],13,14,15,1,14
1,<environment.Job instance at 0x1490e4d09320>,11,15,[11  1],14,74,89,60,74
1,<environment.Job instance at 0x1490e33fbe10>,1,2,[ 1 10],5,7,9,2,7
1,<environment.Job instance at 0x1490e51a5eb0>,0,3,[10  2],3,8,11,5,8
1,<environment.Job instance at 0x1490e50296e0>,5,25,[12  2],9,31,56,22,31
1,<environment.Job instance at 0x1490e5a94780>,2,1,[2 9],5,8,9,3,8
1,<environment.Job instance at 0x1490e5b3b0f0>,5,2,[8 2],9,12,14,3,12
1,<environment.Job instance at 0x1490e6541f00>,7,3,[6 1],13,20,23,7,20
1,<environment.Job instance at 0x1490e23eccd0>,5,3,[9 2],6,7,10,1,7
1,<environment.Job instance at 0x1490e24dd320>,0,2,[8 1],2,5,7,3,5
1,<environment.Job instance at 0x1490e24001e0>,1,2,[ 1 10],3,5,7,2,5
1,<environment.Job instance at 0x1490e33039b0>,7,2,[ 1 13],12,33,35,21,33
1,<environment.Job instance at 0x1490e36229b0>,8,3,[6 1],14,35,38,21,35
1,<environment.Job instance at 0x1490e6ca4be0>,4,2,[2 7],6,6,8,0,6
1,<environment.Job instance at 0x1490e83b9190>,10,1,[2 7],13,13,14,0,13
1,<environment.Job instance at 0x1490e6e285a0>,11,15,[11  1],14,74,89,60,74
1,<environment.Job instance at 0x1490e5ea7050>,2,1,[8 1],6,7,8,1,7
1,<environment.Job instance at 0x1490e5ea75f0>,1,2,[ 1 10],5,8,10,3,8
1,<environment.Job instance at 0x1490e5ea7e10>,4,3,[1 6],8,10,13,2,9
1,<environment.Job instance at 0x1490e5ea7aa0>,5,25,[12  2],9,19,44,10,19
1,<environment.Job instance at 0x1490e64d5820>,1,1,[1 6],3,6,7,3,6
1,<environment.Job instance at 0x1490e6354460>,3,16,[8 2],6,15,31,9,15
1,<environment.Job instance at 0x1490e2b53550>,6,18,[8 1],7,26,44,19,26
1,<environment.Job instance at 0x1490ebc525f0>,1,2,[ 1 10],3,5,7,2,5
1,<environment.Job instance at 0x1490ebc52820>,0,2,[8 1],2,6,8,4,6
1,<environment.Job instance at 0x1490e6589960>,5,2,[10  1],10,13,15,3,13
1,<environment.Job instance at 0x1490ebc52410>,6,3,[6 2],11,15,18,4,13
1,<environment.Job instance at 0x1490ebbbe140>,8,3,[6 1],14,19,22,5,19
1,<environment.Job instance at 0x1490ebbbe960>,7,2,[ 1 13],12,32,34,20,32
1,<environment.Job instance at 0x1490e76ee690>,2,2,[2 8],4,4,6,0,4
1,<environment.Job instance at 0x1490e8cd8c30>,10,1,[2 7],13,13,14,0,13
1,<environment.Job instance at 0x1490e37dd140>,11,15,[11  1],14,48,63,34,48
1,<environment.Job instance at 0x1490e6e52140>,5,25,[12  2],9,13,38,4,13
1,<environment.Job instance at 0x1490e3ae50a0>,0,2,[2 8],1,1,3,0,1
1,<environment.Job instance at 0x1490e63f2410>,6,18,[8 1],7,95,113,88,95
1,<environment.Job instance at 0x1490ecf855f0>,2,1,[ 1 10],5,5,6,0,5
1,<environment.Job instance at 0x1490ecf85640>,1,2,[ 1 10],3,6,8,3,6
1,<environment.Job instance at 0x1490e2e3ec80>,7,2,[ 1 13],12,17,19,5,17
1,<environment.Job instance at 0x1490e283caa0>,11,15,[11  1],14,175,190,161,175
1,<environment.Job instance at 0x1490e7843050>,3,3,[1 5],7,8,11,1,8
1,<environment.Job instance at 0x1490e7726230>,5,25,[12  2],9,10,35,1,10
1,<environment.Job instance at 0x1490e2b88e10>,1,1,[1 6],3,5,6,2,5
1,<environment.Job instance at 0x1490e2b88f00>,2,1,[2 9],5,6,7,1,6
1,<environment.Job instance at 0x1490e35632d0>,3,1,[6 2],4,4,5,0,4
1,<environment.Job instance at 0x1490e2e2dcd0>,6,18,[8 1],7,26,44,19,26
1,<environment.Job instance at 0x1490e24a8410>,1,2,[ 1 10],3,4,6,1,4
1,<environment.Job instance at 0x1490e65e5640>,7,2,[ 1 13],12,25,27,13,25
1,<environment.Job instance at 0x1490e4e88820>,5,2,[10  1],10,26,28,16,26
1,<environment.Job instance at 0x1490e1ed5cd0>,5,25,[12  2],9,9,34,0,9
1,<environment.Job instance at 0x1490e75a6e60>,1,1,[1 6],3,3,4,0,3
1,<environment.Job instance at 0x1490e6d02b90>,6,2,[1 7],12,12,14,0,12
1,<environment.Job instance at 0x1490eb5b1690>,5,2,[8 2],9,13,15,4,13
1,<environment.Job instance at 0x1490eb65ce10>,4,12,[9 1],8,19,31,11,19
1,<environment.Job instance at 0x1490eba0b0a0>,3,1,[6 2],4,4,5,0,4
1,<environment.Job instance at 0x1490eb995140>,9,2,[6 1],11,12,14,1,12
1,<environment.Job instance at 0x1490ec5aa2d0>,0,2,[8 1],2,3,5,1,3
1,<environment.Job instance at 0x1490e6e25730>,1,2,[ 1 10],3,4,6,1,4
1,<environment.Job instance at 0x1490eba0bb40>,3,1,[2 5],6,6,7,0,6
1,<environment.Job instance at 0x1490ebcae640>,7,2,[ 1 13],12,34,36,22,34
1,<environment.Job instance at 0x1490eba0b690>,0,2,[8 1],1,1,3,0,1
1,<environment.Job instance at 0x1490eb9b2b40>,3,1,[2 7],5,6,7,1,6
1,<environment.Job instance at 0x1490e833fe60>,11,15,[11  1],14,777,792,763,777
1,<environment.Job instance at 0x1490e7a40690>,1,2,[ 1 10],5,5,7,0,5
1,<environment.Job instance at 0x1490e7a400f0>,2,1,[8 1],6,6,7,0,6
1,<environment.Job instance at 0x1490e7a40140>,4,3,[1 6],8,8,11,0,8
1,<environment.Job instance at 0x1490e8d9e2d0>,5,25,[12  2],9,9,34,0,9
1,<environment.Job instance at 0x1490e628efa0>,1,1,[1 6],3,3,4,0,3
1,<environment.Job instance at 0x1490e5fa8640>,3,1,[6 2],4,4,5,0,4
1,<environment.Job instance at 0x1490e57c8b40>,4,2,[7 2],5,8,10,3,8
1,<environment.Job instance at 0x1490e5fa87d0>,6,18,[8 1],7,22,40,15,22
1,<environment.Job instance at 0x1490e6d55a50>,1,2,[ 1 10],3,3,5,0,3
1,<environment.Job instance at 0x1490e6d55f50>,2,1,[ 1 10],5,5,6,0,5
1,<environment.Job instance at 0x1490e6d55d70>,3,1,[2 5],6,6,7,0,6
1,<environment.Job instance at 0x1490e5856be0>,7,2,[ 1 13],12,25,27,13,25
1,<environment.Job instance at 0x1490e84b5d70>,4,2,[2 7],6,7,9,1,7
1,<environment.Job instance at 0x1490e30c8500>,11,15,[11  1],14,483,498,469,483
1,<environment.Job instance at 0x1490e51fdd20>,1,2,[ 1 10],5,5,7,0,5
1,<environment.Job instance at 0x1490e6564320>,2,1,[8 1],6,6,7,0,6
1,<environment.Job instance at 0x1490ec7bd050>,3,3,[1 5],7,7,10,0,7
1,<environment.Job instance at 0x1490e6564be0>,4,3,[1 6],8,8,11,0,8
1,<environment.Job instance at 0x1490ec61de10>,5,25,[12  2],9,9,34,0,9
1,<environment.Job instance at 0x1490e30cc6e0>,1,1,[1 6],3,3,4,0,3
1,<environment.Job instance at 0x1490e2ad9eb0>,6,2,[1 7],12,13,15,1,13
1,<environment.Job instance at 0x1490eb82d5a0>,3,1,[6 2],4,4,5,0,4
1,<environment.Job instance at 0x1490e1d95b40>,6,18,[8 1],7,14,32,7,14
1,<environment.Job instance at 0x1490e3f6beb0>,3,1,[2 5],6,6,7,0,6
1,<environment.Job instance at 0x1490e3603910>,5,2,[10  1],10,10,12,0,10
1,<environment.Job instance at 0x1490e1f22cd0>,7,2,[ 1 13],12,43,45,31,43
1,<environment.Job instance at 0x1490e63e2b90>,4,2,[2 7],6,7,9,1,7
1,<environment.Job instance at 0x1490ec25abe0>,10,1,[2 7],13,13,14,0,13
1,<environment.Job instance at 0x1490ec8673c0>,11,15,[11  1],14,981,996,967,981
1,<environment.Job instance at 0x1490e628deb0>,3,3,[1 5],7,7,10,0,7
1,<environment.Job instance at 0x1490e4a04f50>,5,25,[12  2],9,9,34,0,9
1,<environment.Job instance at 0x1490e48783c0>,1,1,[1 6],3,4,5,1,4
1,<environment.Job instance at 0x1490e48787d0>,0,2,[2 8],1,5,7,4,5
1,<environment.Job instance at 0x1490e36922d0>,3,1,[6 2],4,4,5,0,4
1,<environment.Job instance at 0x1490ecd7cd20>,4,2,[7 2],5,5,7,0,5
1,<environment.Job instance at 0x1490ece28190>,1,2,[ 1 10],3,3,5,0,3
1,<environment.Job instance at 0x1490e579e8c0>,2,1,[ 1 10],5,5,6,0,5
1,<environment.Job instance at 0x1490e579eaa0>,3,1,[2 5],6,6,7,0,6
1,<environment.Job instance at 0x1490e4c8c320>,7,2,[ 1 13],12,40,42,28,40
1,<environment.Job instance at 0x1490e4b0e370>,3,1,[2 7],5,6,7,1,6
1,<environment.Job instance at 0x1490e8e9a370>,4,2,[2 7],6,6,8,0,6
1,<environment.Job instance at 0x1490e80ccfa0>,11,15,[11  1],14,1864,1879,1850,1864
1,<environment.Job instance at 0x1490e7755be0>,1,2,[ 1 10],5,5,7,0,5
1,<environment.Job instance at 0x1490eca2a690>,2,1,[8 1],6,6,7,0,6
1,<environment.Job instance at 0x1490eca2ab90>,3,3,[1 5],7,7,10,0,7
1,<environment.Job instance at 0x1490e22ec6e0>,4,3,[1 6],8,8,11,0,8
1,<environment.Job instance at 0x1490ec7a7a00>,5,25,[12  2],9,9,34,0,9
1,<environment.Job instance at 0x1490e22ec050>,1,1,[1 6],3,3,4,0,3
1,<environment.Job instance at 0x1490e2cf9dc0>,2,1,[2 9],5,5,6,0,5
1,<environment.Job instance at 0x1490e4c16d70>,3,1,[6 2],4,4,5,0,4
1,<environment.Job instance at 0x1490e4c16500>,4,2,[7 2],5,12,14,7,12
1,<environment.Job instance at 0x1490e721b5f0>,1,2,[ 1 10],3,3,5,0,3
1,<environment.Job instance at 0x1490e721b780>,2,1,[ 1 10],5,5,6,0,5
1,<environment.Job instance at 0x1490e721b870>,3,1,[2 5],6,7,8,1,7
1,<environment.Job instance at 0x1490e721bdc0>,7,2,[ 1 13],12,282,284,270,282
1,<environment.Job instance at 0x1490ecffc780>,2,2,[2 8],4,4,6,0,4
1,<environment.Job instance at 0x1490ecffc500>,3,1,[2 7],5,5,6,0,5
1,<environment.Job instance at 0x1490e4ed67d0>,5,2,[2 7],7,7,9,0,7
1,<environment.Job instance at 0x1490e79903c0>,1,2,[ 1 10],5,5,7,0,5
1,<environment.Job instance at 0x1490eccca550>,0,3,[10  2],3,5,8,2,5
1,<environment.Job instance at 0x1490e7990aa0>,2,1,[8 1],6,8,9,2,8
1,<environment.Job instance at 0x1490ebfe5230>,5,25,[12  2],9,9,34,0,9
1,<environment.Job instance at 0x1490e5fa0aa0>,3,1,[6 2],4,4,5,0,4
1,<environment.Job instance at 0x1490eb72bb40>,6,18,[8 1],7,11,29,4,11
1,<environment.Job instance at 0x1490e785c500>,3,1,[2 5],6,6,7,0,6
1,<environment.Job instance at 0x1490e8dadb40>,7,2,[ 1 13],12,72,74,60,72
1,<environment.Job instance at 0x1490e6ec8d70>,0,2,[8 1],1,1,3,0,1
1,<environment.Job instance at 0x1490e1fa03c0>,3,1,[2 7],5,5,6,0,5
1,<environment.Job instance at 0x1490e62053c0>,4,2,[2 7],6,6,8,0,6
1,<environment.Job instance at 0x1490eb4b7fa0>,5,2,[2 7],7,7,9,0,7
1,<environment.Job instance at 0x1490e26081e0>,10,1,[2 7],13,13,14,0,13
1,<environment.Job instance at 0x1490e2608910>,11,15,[11  1],14,478,493,464,478
1,<environment.Job instance at 0x1490ecfbd640>,1,2,[ 1 10],5,5,7,0,5
1,<environment.Job instance at 0x1490e52e9870>,2,1,[8 1],6,6,7,0,6
1,<environment.Job instance at 0x1490ed86b5f0>,3,3,[1 5],7,7,10,0,7
1,<environment.Job instance at 0x1490ed1c5780>,5,25,[12  2],9,9,34,0,9
1,<environment.Job instance at 0x1490e80f5d20>,2,1,[2 9],5,5,6,0,5
1,<environment.Job instance at 0x1490eabf2960>,6,2,[1 7],12,13,15,1,13
1,<environment.Job instance at 0x1490eb25ec80>,3,1,[6 2],4,4,5,0,4
1,<environment.Job instance at 0x1490e5781190>,4,2,[7 2],5,5,7,0,5
1,<environment.Job instance at 0x1490e5781fa0>,6,18,[8 1],7,10,28,3,10
1,<environment.Job instance at 0x1490ea67f5f0>,5,2,[10  1],10,10,12,0,10
1,<environment.Job instance at 0x1490ea8c7780>,7,2,[ 1 13],12,12,14,0,12
1,<environment.Job instance at 0x1490e45c30a0>,8,3,[6 1],14,15,18,1,15
1,<environment.Job instance at 0x1490ec377a50>,11,15,[11  1],14,908,923,894,908
1,<environment.Job instance at 0x1490e2856f00>,2,1,[8 1],6,6,7,0,6
1,<environment.Job instance at 0x1490e7059410>,3,3,[1 5],7,7,10,0,7
1,<environment.Job instance at 0x1490e7059050>,5,25,[12  2],9,9,34,0,9
1,<environment.Job instance at 0x1490e7059820>,6,1,[10  1],11,34,35,23,11
1,<environment.Job instance at 0x1490ec83b320>,1,1,[1 6],3,3,4,0,3
1,<environment.Job instance at 0x1490e4df3cd0>,4,2,[7 2],5,5,7,0,5
1,<environment.Job instance at 0x1490e7198f50>,6,18,[8 1],7,8,26,1,8
1,<environment.Job instance at 0x1490e74b0aa0>,7,1,[2 6],8,8,9,0,8
1,<environment.Job instance at 0x1490e9dc2230>,1,2,[ 1 10],3,3,5,0,3
1,<environment.Job instance at 0x1490ea1e9730>,0,2,[8 1],2,3,5,1,3
1,<environment.Job instance at 0x1490e5ffc370>,3,1,[2 5],6,6,7,0,6
1,<environment.Job instance at 0x1490e9cad050>,2,1,[ 1 10],5,7,8,2,7
1,<environment.Job instance at 0x1490e369f0f0>,7,2,[ 1 13],12,13,15,1,13
1,<environment.Job instance at 0x1490e369f410>,8,3,[6 1],14,14,17,0,14
1,<environment.Job instance at 0x1490ea35c7d0>,0,2,[8 1],1,6,8,5,6
1,<environment.Job instance at 0x1490e588f140>,1,2,[ 1 10],5,5,7,0,5
1,<environment.Job instance at 0x1490e55e5410>,2,1,[8 1],6,6,7,0,6
1,<environment.Job instance at 0x1490e797a7d0>,3,3,[1 5],7,7,10,0,7
1,<environment.Job instance at 0x1490ed86b870>,4,3,[1 6],8,8,11,0,8
1,<environment.Job instance at 0x1490ed29e640>,5,25,[12  2],9,9,34,0,9
1,<environment.Job instance at 0x1490e20a2550>,6,1,[10  1],11,34,35,23,12
1,<environment.Job instance at 0x1490e5d440f0>,7,3,[7 2],12,35,38,23,12
1,<environment.Job instance at 0x1490e308a870>,8,3,[1 8],13,13,16,0,13
1,<environment.Job instance at 0x1490ed1a2280>,1,1,[1 6],3,3,4,0,3
1,<environment.Job instance at 0x1490e55e5c80>,2,1,[2 9],5,5,6,0,5
1,<environment.Job instance at 0x1490e4a306e0>,4,12,[9 1],8,8,20,0,8
1,<environment.Job instance at 0x1490e6112e10>,6,2,[1 7],12,12,14,0,12
1,<environment.Job instance at 0x1490e6112820>,5,2,[8 2],9,20,22,11,13
1,<environment.Job instance at 0x1490e61db5f0>,3,1,[6 2],4,4,5,0,4
1,<environment.Job instance at 0x1490ea161c30>,4,2,[7 2],5,5,7,0,5
1,<environment.Job instance at 0x1490ea161550>,6,18,[8 1],7,22,40,15,22
1,<environment.Job instance at 0x1490e9f7f230>,1,2,[ 1 10],3,3,5,0,3
1,<environment.Job instance at 0x1490e9f7ff00>,2,1,[ 1 10],5,5,6,0,5
1,<environment.Job instance at 0x1490e9f7faf0>,3,1,[2 5],6,6,7,0,6
1,<environment.Job instance at 0x1490eabf5320>,7,2,[ 1 13],12,24,26,12,24
1,<environment.Job instance at 0x1490eafa0d70>,11,15,[11  1],14,2744,2759,2730,2744
1,<environment.Job instance at 0x1490e26b6140>,1,2,[ 1 10],5,5,7,0,5
1,<environment.Job instance at 0x1490e1d6e640>,2,1,[8 1],6,6,7,0,6
1,<environment.Job instance at 0x1490e1e2af50>,5,25,[12  2],9,10,35,1,10
1,<environment.Job instance at 0x1490eba76eb0>,2,1,[2 9],5,8,9,3,8
1,<environment.Job instance at 0x1490e82bb780>,3,1,[6 2],4,4,5,0,4
1,<environment.Job instance at 0x1490e2b61500>,4,2,[7 2],5,5,7,0,5
1,<environment.Job instance at 0x1490ed097050>,8,13,[6 1],9,12,25,3,12
1,<environment.Job instance at 0x1490ebb47230>,1,2,[ 1 10],3,3,5,0,3
1,<environment.Job instance at 0x1490ebb47c30>,2,1,[ 1 10],5,5,6,0,5
1,<environment.Job instance at 0x1490ebb47410>,3,1,[2 5],6,6,7,0,6
1,<environment.Job instance at 0x1490ead4a5a0>,5,2,[10  1],10,10,12,0,10
1,<environment.Job instance at 0x1490ead4a370>,7,2,[ 1 13],12,13,15,1,13
1,<environment.Job instance at 0x1490ea3ec410>,5,2,[2 7],7,7,9,0,7
1,<environment.Job instance at 0x1490e366fd20>,9,3,[2 9],12,12,15,0,12
1,<environment.Job instance at 0x1490e86d70f0>,11,15,[11  1],14,824,839,810,824
1,<environment.Job instance at 0x1490e2cb6d20>,1,2,[ 1 10],5,5,7,0,5
1,<environment.Job instance at 0x1490ec85ed70>,5,25,[12  2],9,10,35,1,10
1,<environment.Job instance at 0x1490e1ffdbe0>,3,1,[6 2],4,4,5,0,4
1,<environment.Job instance at 0x1490e3fc8d70>,5,3,[9 2],6,6,9,0,6
1,<environment.Job instance at 0x1490e6c96910>,6,18,[8 1],7,9,27,2,7
1,<environment.Job instance at 0x1490e5513be0>,1,2,[ 1 10],3,3,5,0,3
1,<environment.Job instance at 0x1490eb83b780>,2,1,[ 1 10],5,5,6,0,5
1,<environment.Job instance at 0x1490e23d0b90>,3,1,[2 5],6,6,7,0,6
1,<environment.Job instance at 0x1490e3f5dc80>,7,2,[ 1 13],12,13,15,1,13
1,<environment.Job instance at 0x1490eb461e10>,1,2,[ 1 10],5,5,7,0,5
1,<environment.Job instance at 0x1490e9575410>,2,1,[8 1],6,6,7,0,6
1,<environment.Job instance at 0x1490e96d94b0>,3,3,[1 5],7,7,10,0,7
1,<environment.Job instance at 0x1490e952f0f0>,4,3,[1 6],8,8,11,0,8
1,<environment.Job instance at 0x1490e952f280>,5,25,[12  2],9,9,34,0,9
1,<environment.Job instance at 0x1490e9715c80>,6,1,[10  1],11,34,35,23,12
1,<environment.Job instance at 0x1490e96270f0>,8,3,[1 8],13,13,16,0,13
1,<environment.Job instance at 0x1490e952f730>,1,1,[1 6],3,3,4,0,3
1,<environment.Job instance at 0x1490e6085140>,2,1,[2 9],5,5,6,0,5
1,<environment.Job instance at 0x1490e2c1aaa0>,4,2,[7 2],5,5,7,0,5
1,<environment.Job instance at 0x1490e2c1a690>,6,18,[8 1],7,7,25,0,7
1,<environment.Job instance at 0x1490eb4c1f00>,1,2,[ 1 10],3,3,5,0,3
1,<environment.Job instance at 0x1490ebcd6b90>,2,1,[ 1 10],5,5,6,0,5
1,<environment.Job instance at 0x1490ebd2ad20>,7,2,[ 1 13],12,13,15,1,13
1,<environment.Job instance at 0x1490ec61c7d0>,1,2,[ 1 10],5,5,7,0,5
1,<environment.Job instance at 0x1490ec61c8c0>,2,1,[8 1],6,6,7,0,6
1,<environment.Job instance at 0x1490e6ad9640>,3,3,[1 5],7,7,10,0,7
1,<environment.Job instance at 0x1490e6ad95f0>,4,3,[1 6],8,8,11,0,8
1,<environment.Job instance at 0x1490e6ad9c30>,5,25,[12  2],9,9,34,0,9
1,<environment.Job instance at 0x1490e3972fa0>,8,3,[1 8],13,13,16,0,13
1,<environment.Job instance at 0x1490e6ad99b0>,7,3,[6 1],13,14,17,1,14
1,<environment.Job instance at 0x1490ea3cd050>,6,18,[8 1],7,7,25,0,7
1,<environment.Job instance at 0x1490e265b370>,3,1,[2 5],6,7,8,1,7
1,<environment.Job instance at 0x1490ecfff1e0>,7,2,[ 1 13],12,95,97,83,95
1,<environment.Job instance at 0x1490e5166460>,3,1,[2 7],5,5,6,0,5
1,<environment.Job instance at 0x1490eb22cfa0>,2,1,[8 1],6,6,7,0,6
1,<environment.Job instance at 0x1490ea944500>,4,3,[1 6],8,9,12,1,9
1,<environment.Job instance at 0x1490ebb19a50>,6,1,[10  1],11,11,12,0,11
1,<environment.Job instance at 0x1490ebb19cd0>,7,3,[7 2],12,12,15,0,12
1,<environment.Job instance at 0x1490ebb19370>,8,3,[1 8],13,13,16,0,13
1,<environment.Job instance at 0x1490ebb19870>,5,25,[12  2],9,301,326,292,301
1,<environment.Job instance at 0x1490e986c3c0>,2,1,[2 9],5,5,6,0,5
1,<environment.Job instance at 0x1490e9c1cf50>,1,1,[1 6],3,5,6,2,5
1,<environment.Job instance at 0x1490e3a96dc0>,4,2,[7 2],5,6,8,1,6
1,<environment.Job instance at 0x1490e89e8640>,1,2,[ 1 10],3,3,5,0,3
1,<environment.Job instance at 0x1490e71f0730>,0,2,[8 1],2,4,6,2,4
1,<environment.Job instance at 0x1490e89e8500>,2,1,[ 1 10],5,6,7,1,6
1,<environment.Job instance at 0x1490e89e8b40>,3,1,[2 5],6,7,8,1,7
1,<environment.Job instance at 0x1490e98fd690>,7,2,[ 1 13],12,33,35,21,33
1,<environment.Job instance at 0x1490e57389b0>,0,2,[8 1],1,1,3,0,1
1,<environment.Job instance at 0x1490eb8db730>,5,2,[2 7],7,7,9,0,7
1,<environment.Job instance at 0x1490eb8db6e0>,11,15,[11  1],14,1274,1289,1260,1274
1,<environment.Job instance at 0x1490e94a76e0>,1,2,[ 1 10],5,6,8,1,6
1,<environment.Job instance at 0x1490ed864c30>,5,25,[12  2],9,9,34,0,9
1,<environment.Job instance at 0x1490ea172c30>,1,1,[1 6],3,4,5,1,4
1,<environment.Job instance at 0x1490e878c8c0>,9,2,[6 1],11,11,13,0,11
1,<environment.Job instance at 0x1490eca706e0>,1,2,[ 1 10],3,3,5,0,3
1,<environment.Job instance at 0x1490ecc495a0>,0,2,[8 1],2,4,6,2,4
1,<environment.Job instance at 0x1490e35f4870>,2,1,[ 1 10],5,6,7,1,6
1,<environment.Job instance at 0x1490e2dc1550>,7,2,[ 1 13],12,12,14,0,12
1,<environment.Job instance at 0x1490e3fa07d0>,0,2,[8 1],1,1,3,0,1
1,<environment.Job instance at 0x1490ec9c3cd0>,5,2,[2 7],7,7,9,0,7
1,<environment.Job instance at 0x1490e7850dc0>,10,1,[2 7],13,291,292,278,291
1,<environment.Job instance at 0x1490e7636cd0>,5,25,[12  2],9,9,34,0,9
1,<environment.Job instance at 0x1490ecbf98c0>,2,1,[2 9],5,5,6,0,5
1,<environment.Job instance at 0x1490e5aaff50>,7,1,[2 6],8,9,10,1,9
1,<environment.Job instance at 0x1490eb6da8c0>,9,2,[6 1],11,12,14,1,12
1,<environment.Job instance at 0x1490e7963280>,7,2,[ 1 13],12,98,100,86,98
1,<environment.Job instance at 0x1490ea76a5f0>,1,2,[ 1 10],5,5,7,0,5
1,<environment.Job instance at 0x1490e2a885a0>,2,1,[8 1],6,6,7,0,6
1,<environment.Job instance at 0x1490ea9ae1e0>,5,25,[12  2],9,9,34,0,9
1,<environment.Job instance at 0x1490e45e1460>,2,1,[2 9],5,5,6,0,5
1,<environment.Job instance at 0x1490ea25a5f0>,3,1,[2 5],6,6,7,0,6
1,<environment.Job instance at 0x1490e5964f00>,7,2,[ 1 13],12,800,802,788,800
1,<environment.Job instance at 0x1490e7e66410>,0,2,[8 1],1,1,3,0,1
1,<environment.Job instance at 0x1490e51ba910>,3,1,[2 7],5,5,6,0,5
1,<environment.Job instance at 0x1490ec4fe910>,2,2,[2 8],4,5,7,1,5
1,<environment.Job instance at 0x1490e51bab40>,5,2,[2 7],7,7,9,0,7
1,<environment.Job instance at 0x1490e5301b90>,4,2,[2 7],6,7,9,1,7
1,<environment.Job instance at 0x1490e2688be0>,11,15,[11  1],14,1543,1558,1529,1543
1,<environment.Job instance at 0x1490e990fcd0>,1,2,[ 1 10],5,5,7,0,5
1,<environment.Job instance at 0x1490e635c320>,5,25,[12  2],9,9,34,0,9
1,<environment.Job instance at 0x1490e880fc30>,3,1,[2 5],6,6,7,0,6
1,<environment.Job instance at 0x1490e880f050>,7,2,[ 1 13],12,800,802,788,800
1,<environment.Job instance at 0x1490ea008690>,0,2,[8 1],1,1,3,0,1
1,<environment.Job instance at 0x1490ea0089b0>,2,2,[2 8],4,4,6,0,4
1,<environment.Job instance at 0x1490e8970190>,3,1,[2 7],5,5,6,0,5
1,<environment.Job instance at 0x1490ea008c80>,4,2,[2 7],6,6,8,0,6
1,<environment.Job instance at 0x1490ea008eb0>,5,2,[2 7],7,7,9,0,7
1,<environment.Job instance at 0x1490e9d8b4b0>,11,15,[11  1],14,87,102,73,87
1,<environment.Job instance at 0x1490e2cdbbe0>,2,1,[8 1],6,6,7,0,6
1,<environment.Job instance at 0x1490e3ce3a00>,5,25,[12  2],9,10,35,1,10
1,<environment.Job instance at 0x1490ef37c690>,2,1,[ 1 10],5,5,6,0,5
1,<environment.Job instance at 0x1490eb6aab90>,7,2,[ 1 13],12,82,84,70,82
1,<environment.Job instance at 0x1490ea5c1f00>,0,2,[8 1],1,1,3,0,1
1,<environment.Job instance at 0x1490e63fde60>,11,15,[11  1],14,1121,1136,1107,1121
1,<environment.Job instance at 0x1490e731e230>,2,1,[8 1],6,6,7,0,6
1,<environment.Job instance at 0x1490ec665b40>,5,25,[12  2],9,9,34,0,9
1,<environment.Job instance at 0x1490e1a5e6e0>,5,2,[8 2],9,9,11,0,9
1,<environment.Job instance at 0x150a275127d0>,0,12,[2 5],1,4,16,3,4
1,<environment.Job instance at 0x150a267a2870>,5,3,[9 2],6,7,10,1,7
1,<environment.Job instance at 0x150a267a2aa0>,8,13,[6 1],9,10,23,1,9
1,<environment.Job instance at 0x150a267a5f00>,2,3,[1 8],3,6,9,3,6
1,<environment.Job instance at 0x150a267a2cd0>,5,2,[ 1 10],8,14,16,6,14
1,<environment.Job instance at 0x150a26e8b0f0>,3,3,[6 2],6,8,11,2,8
1,<environment.Job instance at 0x150a26fb3050>,4,2,[ 1 13],7,10,12,3,10
1,<environment.Job instance at 0x150a2524a3c0>,2,2,[2 8],4,5,7,1,5
1,<environment.Job instance at 0x150a2471d460>,6,16,[10  2],9,12,28,3,12
1,<environment.Job instance at 0x150a2468daa0>,1,3,[2 9],2,2,5,0,2
1,<environment.Job instance at 0x150a2471d4b0>,3,15,[11  1],4,20,35,16,20
1,<environment.Job instance at 0x150a26382c30>,5,3,[9 2],6,6,9,0,6
1,<environment.Job instance at 0x150a2523e9b0>,4,2,[7 2],5,9,11,4,7
1,<environment.Job instance at 0x150a26cc9f50>,8,13,[6 1],9,9,22,0,9
1,<environment.Job instance at 0x150a26fab9b0>,3,3,[1 8],4,7,10,3,7
1,<environment.Job instance at 0x1509e7719b40>,3,3,[6 2],6,8,11,2,8
1,<environment.Job instance at 0x1509e77197d0>,4,2,[ 1 13],7,10,12,3,10
1,<environment.Job instance at 0x1509e77195a0>,2,2,[2 8],4,5,7,1,5
1,<environment.Job instance at 0x1509e4548870>,6,16,[10  2],9,12,28,3,12
1,<environment.Job instance at 0x1509e4573b40>,0,3,[9 2],1,2,5,1,2
1,<environment.Job instance at 0x1509e45735f0>,3,15,[11  1],4,16,31,12,16
1,<environment.Job instance at 0x150a269e5f00>,5,3,[10  2],8,31,34,23,20
1,<environment.Job instance at 0x150a25d0fc30>,2,1,[2 5],3,4,5,1,4
1,<environment.Job instance at 0x1509e5af0af0>,8,13,[6 1],9,9,22,0,9
1,<environment.Job instance at 0x1509e5af0a00>,5,3,[9 2],6,16,19,10,16
1,<environment.Job instance at 0x1509e5b11690>,1,13,[2 8],2,2,15,0,2
1,<environment.Job instance at 0x1509e6eedeb0>,3,3,[6 2],6,11,14,5,11
1,<environment.Job instance at 0x1509e6f5ddc0>,4,2,[ 1 13],7,11,13,4,11
1,<environment.Job instance at 0x150a25f0c320>,3,15,[11  1],4,8,23,4,8
1,<environment.Job instance at 0x1509e43fb550>,2,1,[2 5],3,4,5,1,4
1,<environment.Job instance at 0x1509e5aebc80>,5,3,[9 2],6,16,19,10,16
1,<environment.Job instance at 0x1509e5c385a0>,3,3,[1 8],4,5,8,1,5
1,<environment.Job instance at 0x150a2642e780>,3,3,[6 2],6,8,11,2,8
1,<environment.Job instance at 0x150a245b10a0>,4,2,[ 1 13],7,10,12,3,10
1,<environment.Job instance at 0x150a25590500>,4,2,[2 7],6,6,8,0,6
1,<environment.Job instance at 0x150a269305f0>,5,3,[10  2],8,11,14,3,11
1,<environment.Job instance at 0x150a26930410>,3,15,[11  1],4,54,69,50,54
1,<environment.Job instance at 0x1509e440b690>,2,1,[2 5],3,4,5,1,4
1,<environment.Job instance at 0x1509e6926c80>,5,3,[9 2],6,16,19,10,16
1,<environment.Job instance at 0x150a2727f1e0>,2,3,[1 8],3,5,8,2,5
1,<environment.Job instance at 0x1509e6040eb0>,3,3,[6 2],6,8,11,2,8
1,<environment.Job instance at 0x1509e6040550>,4,2,[ 1 13],7,10,12,3,10
1,<environment.Job instance at 0x150a25047190>,4,2,[2 7],6,6,8,0,6
1,<environment.Job instance at 0x1509e5583820>,5,3,[10  2],8,9,12,1,9
1,<environment.Job instance at 0x150a26a4b5f0>,3,15,[11  1],4,15,30,11,15
1,<environment.Job instance at 0x150a2687caa0>,5,3,[9 2],6,6,9,0,6
1,<environment.Job instance at 0x150a2687c820>,2,1,[2 5],3,10,11,7,10
1,<environment.Job instance at 0x1509e6a44690>,1,13,[2 8],2,5,18,3,5
1,<environment.Job instance at 0x1509e6f92190>,2,3,[1 8],3,18,21,15,6
1,<environment.Job instance at 0x1509e6f92a00>,3,3,[1 8],4,21,24,17,6
1,<environment.Job instance at 0x1509e6e76be0>,4,2,[ 1 13],7,10,12,3,10
1,<environment.Job instance at 0x150a24daba50>,4,2,[1 8],5,9,11,4,9
1,<environment.Job instance at 0x150a252b8960>,3,15,[11  1],4,56,71,52,56
1,<environment.Job instance at 0x150a20200e60>,1,3,[1 9],2,4,7,2,4
1,<environment.Job instance at 0x1509e450cbe0>,5,3,[9 2],6,7,10,1,7
1,<environment.Job instance at 0x1509e44dcf50>,3,3,[1 8],4,6,9,2,6
1,<environment.Job instance at 0x1509e44dc370>,1,17,[6 1],3,7,24,4,7
1,<environment.Job instance at 0x150a2475fc80>,4,2,[ 1 13],7,7,9,0,7
1,<environment.Job instance at 0x1509e485b8c0>,3,3,[6 2],6,9,12,3,9
1,<environment.Job instance at 0x150a248757d0>,3,15,[11  1],4,5,20,1,5
1,<environment.Job instance at 0x1509e440c6e0>,5,3,[10  2],8,20,23,12,8
1,<environment.Job instance at 0x1509e7720cd0>,1,3,[2 9],2,20,23,18,20
1,<environment.Job instance at 0x1509e5f835a0>,1,3,[1 9],2,3,6,1,3
1,<environment.Job instance at 0x1509e73c15f0>,2,3,[1 8],3,6,9,3,6
1,<environment.Job instance at 0x150a25c15870>,3,3,[6 2],6,8,11,2,8
1,<environment.Job instance at 0x150a25c15dc0>,4,2,[ 1 13],7,10,12,3,10
1,<environment.Job instance at 0x1509e5a0cc30>,4,2,[2 7],6,6,8,0,6
1,<environment.Job instance at 0x150a2619e4b0>,0,3,[9 2],1,2,5,1,2
1,<environment.Job instance at 0x150a24b6db40>,4,2,[1 8],5,9,11,4,9
1,<environment.Job instance at 0x150a24b6dfa0>,3,15,[11  1],4,54,69,50,54
1,<environment.Job instance at 0x150a24f41870>,1,3,[1 9],2,3,6,1,3
1,<environment.Job instance at 0x1509e651e4b0>,2,3,[1 8],3,6,9,3,6
1,<environment.Job instance at 0x150a25f9d820>,3,3,[6 2],6,8,11,2,8
1,<environment.Job instance at 0x150a25f9d5a0>,4,2,[ 1 13],7,10,12,3,10
1,<environment.Job instance at 0x150a266d0190>,4,2,[1 8],5,6,8,1,6
1,<environment.Job instance at 0x1509e51e95a0>,5,3,[10  2],8,14,17,6,14
1,<environment.Job instance at 0x1509e51e9e10>,3,15,[11  1],4,53,68,49,53
1,<environment.Job instance at 0x150a257a0500>,1,3,[1 9],2,4,7,2,4
1,<environment.Job instance at 0x150a257a0690>,5,3,[9 2],6,16,19,10,16
1,<environment.Job instance at 0x1509e56a40a0>,3,3,[6 2],6,8,11,2,8
1,<environment.Job instance at 0x1509e56a4910>,4,2,[ 1 13],7,24,26,17,24
1,<environment.Job instance at 0x1509e46d1dc0>,4,2,[2 7],6,7,9,1,7
1,<environment.Job instance at 0x1509e4b4a0a0>,5,3,[10  2],8,15,18,7,15
1,<environment.Job instance at 0x1509e4b4ab90>,3,15,[11  1],4,36,51,32,36
1,<environment.Job instance at 0x150a251d0c30>,1,3,[1 9],2,2,5,0,2
1,<environment.Job instance at 0x150a251d01e0>,3,1,[6 2],4,4,5,0,4
1,<environment.Job instance at 0x150a267733c0>,2,1,[2 5],3,5,6,2,4
1,<environment.Job instance at 0x1509e5d445a0>,8,13,[6 1],9,15,28,6,15
1,<environment.Job instance at 0x150a247db640>,0,1,[2 5],1,4,5,3,4
1,<environment.Job instance at 0x1509e5c21870>,4,2,[ 1 13],7,22,24,15,22
1,<environment.Job instance at 0x150a202599b0>,4,2,[2 7],6,13,15,7,13
1,<environment.Job instance at 0x150a246a22d0>,3,15,[11  1],4,5,20,1,5
1,<environment.Job instance at 0x150a20259870>,2,1,[2 7],3,7,8,4,7
1,<environment.Job instance at 0x150a266ef1e0>,3,1,[6 2],4,4,5,0,4
1,<environment.Job instance at 0x1509e4921460>,4,2,[ 1 13],7,9,11,2,9
1,<environment.Job instance at 0x150a244bcf50>,3,15,[11  1],4,4,19,0,4
1,<environment.Job instance at 0x150a27c2c780>,1,3,[2 9],2,4,7,2,4
1,<environment.Job instance at 0x1509e536da00>,1,3,[1 9],2,2,5,0,2
1,<environment.Job instance at 0x1509e536dfa0>,2,1,[2 5],3,5,6,2,5
1,<environment.Job instance at 0x1509e495e230>,4,2,[8 1],7,7,9,0,7
1,<environment.Job instance at 0x1509e7215870>,4,2,[ 1 13],7,8,10,1,8
1,<environment.Job instance at 0x150a26458960>,4,2,[2 7],6,9,11,3,9
1,<environment.Job instance at 0x150a26cbab90>,5,2,[2 7],7,16,18,9,16
1,<environment.Job instance at 0x150a26cbab90>,4,2,[1 8],5,12,14,7,12
1,<environment.Job instance at 0x1509e59bf2d0>,5,3,[10  2],8,13,16,5,13
1,<environment.Job instance at 0x150a26236d70>,3,15,[11  1],4,36,51,32,36
1,<environment.Job instance at 0x150a2027a910>,1,3,[1 9],2,2,5,0,2
1,<environment.Job instance at 0x150a26900780>,3,1,[6 2],4,4,5,0,4
1,<environment.Job instance at 0x150a26900500>,2,1,[2 5],3,5,6,2,4
1,<environment.Job instance at 0x150a2552a550>,6,18,[8 1],7,9,27,2,9
1,<environment.Job instance at 0x1509df54ca00>,1,17,[6 1],3,3,20,0,3
1,<environment.Job instance at 0x1509e4679fa0>,3,3,[6 2],6,6,9,0,6
1,<environment.Job instance at 0x1509e4679a50>,4,2,[ 1 13],7,28,30,21,28
1,<environment.Job instance at 0x150a27238500>,5,3,[10  2],8,9,12,1,9
1,<environment.Job instance at 0x1509e4d59910>,4,2,[1 8],5,10,12,5,10
1,<environment.Job instance at 0x150a27238410>,3,15,[11  1],4,15,30,11,15
1,<environment.Job instance at 0x1509e50b55a0>,3,1,[6 2],4,4,5,0,4
1,<environment.Job instance at 0x1509e5693dc0>,1,17,[6 1],3,3,20,0,3
1,<environment.Job instance at 0x1509e50de960>,2,2,[10  1],5,20,22,15,5
1,<environment.Job instance at 0x1509e68d1190>,4,2,[ 1 13],7,65,67,58,65
1,<environment.Job instance at 0x1509e49cd3c0>,3,15,[11  1],4,4,19,0,4
1,<environment.Job instance at 0x150a24cde0f0>,3,1,[6 2],4,4,5,0,4
1,<environment.Job instance at 0x1509e41059b0>,1,17,[6 1],3,3,20,0,3
1,<environment.Job instance at 0x150a26b4de60>,4,2,[ 1 13],7,21,23,14,21
1,<environment.Job instance at 0x1509defedeb0>,2,1,[2 7],3,4,5,1,4
1,<environment.Job instance at 0x1509e59f1410>,4,2,[1 8],5,6,8,1,6
1,<environment.Job instance at 0x1509e76ccf00>,3,15,[11  1],4,7,22,3,7
1,<environment.Job instance at 0x1509e4cbb960>,3,1,[6 2],4,4,5,0,4
1,<environment.Job instance at 0x1509e6a5ffa0>,3,3,[1 8],4,4,7,0,4
1,<environment.Job instance at 0x1509e56049b0>,5,3,[6 1],9,9,12,0,9
1,<environment.Job instance at 0x1509e5604eb0>,4,2,[ 1 13],7,15,17,8,15
1,<environment.Job instance at 0x1509e5604eb0>,4,2,[2 7],6,6,8,0,6
1,<environment.Job instance at 0x1509e5d67280>,3,1,[2 7],5,10,11,5,10
1,<environment.Job instance at 0x1509e5eb2cd0>,0,3,[9 2],1,3,6,2,3
1,<environment.Job instance at 0x1509e5eb2f50>,4,2,[1 8],5,5,7,0,5
1,<environment.Job instance at 0x1509dfd6c8c0>,2,1,[2 7],3,7,8,4,7
1,<environment.Job instance at 0x150a24db8b90>,3,15,[11  1],4,61,76,57,61
1,<environment.Job instance at 0x1509e5728280>,3,1,[6 2],4,4,5,0,4
1,<environment.Job instance at 0x1509e4b7bfa0>,1,17,[6 1],3,3,20,0,3
1,<environment.Job instance at 0x1509e4b7bf50>,4,2,[ 1 13],7,23,25,16,23
1,<environment.Job instance at 0x1509e71b9050>,4,2,[2 7],6,6,8,0,6
1,<environment.Job instance at 0x1509e6b114b0>,4,2,[1 8],5,6,8,1,6
1,<environment.Job instance at 0x1509e616d050>,3,15,[11  1],4,61,76,57,61
1,<environment.Job instance at 0x1509e6309f50>,1,3,[1 9],2,4,7,2,4
1,<environment.Job instance at 0x1509e45590f0>,1,17,[6 1],3,3,20,0,3
1,<environment.Job instance at 0x1509e4197e60>,4,2,[ 1 13],7,23,25,16,23
1,<environment.Job instance at 0x150a26fb80a0>,4,2,[2 7],6,6,8,0,6
1,<environment.Job instance at 0x150a26fb8820>,3,1,[2 7],5,10,11,5,10
1,<environment.Job instance at 0x1509e4f85780>,1,3,[2 9],2,4,7,2,4
1,<environment.Job instance at 0x150a27b388c0>,2,1,[2 7],3,7,8,4,5
1,<environment.Job instance at 0x150a27b38780>,3,15,[11  1],4,5,20,1,5
1,<environment.Job instance at 0x1509e4ab1be0>,1,3,[1 9],2,4,7,2,4
1,<environment.Job instance at 0x1509e73d6af0>,6,18,[8 1],7,7,25,0,7
1,<environment.Job instance at 0x1509defc5230>,5,3,[6 1],9,10,13,1,10
1,<environment.Job instance at 0x1509defc5500>,4,2,[ 1 13],7,20,22,13,20
1,<environment.Job instance at 0x1509e46163c0>,2,1,[2 7],3,6,7,3,6
1,<environment.Job instance at 0x1509e6d30370>,3,15,[11  1],4,40,55,36,40
1,<environment.Job instance at 0x1509dede5c80>,3,1,[6 2],4,4,5,0,4
1,<environment.Job instance at 0x1509e4da9320>,6,18,[8 1],7,7,25,0,7
1,<environment.Job instance at 0x1509e5901fa0>,4,2,[ 1 13],7,13,15,6,13
1,<environment.Job instance at 0x150a263f35f0>,0,2,[8 1],1,1,3,0,1
1,<environment.Job instance at 0x150a263f3c30>,2,2,[2 8],4,7,9,3,7
1,<environment.Job instance at 0x150a263f3320>,5,2,[2 7],7,10,12,3,10
1,<environment.Job instance at 0x150a253f4af0>,3,15,[11  1],4,201,216,197,201
1,<environment.Job instance at 0x1509e537e3c0>,1,3,[1 9],2,2,5,0,2
1,<environment.Job instance at 0x150a2484ec80>,2,1,[2 5],3,5,6,2,5
1,<environment.Job instance at 0x1509df6e5960>,5,3,[6 1],9,10,13,1,10
1,<environment.Job instance at 0x1509df6e5a50>,4,2,[ 1 13],7,39,41,32,39
1,<environment.Job instance at 0x1509e681a0f0>,3,1,[2 7],5,6,7,1,6
1,<environment.Job instance at 0x1509df2ecbe0>,3,15,[11  1],4,4,19,0,4
1,<environment.Job instance at 0x1509e640e910>,4,2,[ 1 13],7,8,10,1,8
1,<environment.Job instance at 0x1509e6b47c30>,4,2,[2 7],6,15,17,9,15
1,<environment.Job instance at 0x150a2505e410>,3,15,[11  1],4,29,44,25,29
1,<environment.Job instance at 0x1509e59c5370>,1,3,[1 9],2,5,8,3,5
1,<environment.Job instance at 0x1509de5ad500>,4,2,[7 2],5,7,9,2,7
1,<environment.Job instance at 0x1509dd9ebd20>,4,2,[8 1],7,7,9,0,7
1,<environment.Job instance at 0x1509de9935a0>,5,3,[6 1],9,10,13,1,10
1,<environment.Job instance at 0x1509de993500>,4,2,[ 1 13],7,16,18,9,16
1,<environment.Job instance at 0x1509de993dc0>,2,1,[2 7],3,10,11,7,10
1,<environment.Job instance at 0x150a25f00aa0>,5,3,[10  2],8,37,40,29,37
1,<environment.Job instance at 0x1509dfc286e0>,3,15,[11  1],4,89,104,85,89
1,<environment.Job instance at 0x1509debf3230>,1,3,[1 9],2,2,5,0,2
1,<environment.Job instance at 0x1509dd62e500>,2,1,[2 5],3,5,6,2,5
1,<environment.Job instance at 0x150a24881cd0>,4,2,[7 2],5,7,9,2,7
1,<environment.Job instance at 0x1509df4d5e60>,4,2,[ 1 13],7,9,11,2,9
1,<environment.Job instance at 0x1509e61df690>,3,15,[11  1],4,5,20,1,5
1,<environment.Job instance at 0x150a26410f00>,3,1,[6 2],4,5,6,1,5
1,<environment.Job instance at 0x1509e4a2d050>,4,2,[7 2],5,7,9,2,7
1,<environment.Job instance at 0x150a25073910>,5,2,[ 1 10],8,15,17,7,15
1,<environment.Job instance at 0x150a25997640>,4,2,[ 1 13],7,8,10,1,8
1,<environment.Job instance at 0x150a25997a50>,5,3,[6 1],9,9,12,0,9
1,<environment.Job instance at 0x1509e478b370>,3,15,[11  1],4,13,28,9,13
1,<environment.Job instance at 0x1509e6bb79b0>,1,3,[1 9],2,5,8,3,5
1,<environment.Job instance at 0x1509e6bb7a00>,4,2,[7 2],5,7,9,2,7
1,<environment.Job instance at 0x150a252e10a0>,5,3,[6 1],9,9,12,0,9
1,<environment.Job instance at 0x150a252e1320>,4,2,[ 1 13],7,12,14,5,12
1,<environment.Job instance at 0x1509e5472e10>,2,1,[2 7],3,3,4,0,3
1,<environment.Job instance at 0x1509e6d9c550>,3,15,[11  1],4,989,1004,985,989
1,<environment.Job instance at 0x1509dd909b40>,1,3,[1 9],2,2,5,0,2
1,<environment.Job instance at 0x1509e754dd20>,2,1,[2 5],3,5,6,2,5
1,<environment.Job instance at 0x1509dd82faa0>,3,1,[6 2],4,7,8,3,7
1,<environment.Job instance at 0x1509e696e690>,4,2,[7 2],5,9,11,4,9
1,<environment.Job instance at 0x150a2704b410>,8,13,[6 1],9,10,23,1,10
1,<environment.Job instance at 0x1509de6cf410>,1,17,[6 1],3,3,20,0,3
1,<environment.Job instance at 0x1509e608f320>,4,2,[ 1 13],7,23,25,16,23
1,<environment.Job instance at 0x1509e5aeb410>,3,1,[2 7],5,5,6,0,5
1,<environment.Job instance at 0x1509e5aebb90>,4,2,[2 7],6,10,12,4,10
1,<environment.Job instance at 0x1509de079280>,3,15,[11  1],4,24,39,20,24
1,<environment.Job instance at 0x1509de26fcd0>,4,2,[1 8],5,30,32,25,30
1,<environment.Job instance at 0x1509e51f10f0>,5,3,[10  2],8,39,42,31,31
1,<environment.Job instance at 0x1509de20f050>,1,3,[1 9],2,5,8,3,5
1,<environment.Job instance at 0x150a24f037d0>,6,18,[8 1],7,7,25,0,7
1,<environment.Job instance at 0x1509dd16b640>,5,3,[6 1],9,10,13,1,10
1,<environment.Job instance at 0x1509dd16b730>,4,2,[ 1 13],7,16,18,9,16
1,<environment.Job instance at 0x1509e5216e60>,4,2,[1 8],5,18,20,13,18
1,<environment.Job instance at 0x1509ded41b90>,3,15,[11  1],4,392,407,388,392
1,<environment.Job instance at 0x150a25d9d960>,1,3,[1 9],2,5,8,3,5
1,<environment.Job instance at 0x1509e6220190>,6,18,[8 1],7,7,25,0,7
1,<environment.Job instance at 0x150a261045f0>,3,1,[6 2],4,15,16,11,15
1,<environment.Job instance at 0x1509e506bf00>,5,3,[6 1],9,10,13,1,10
1,<environment.Job instance at 0x1509e506be60>,4,2,[ 1 13],7,50,52,43,50
1,<environment.Job instance at 0x1509dd4474b0>,3,15,[11  1],4,4,19,0,4
1,<environment.Job instance at 0x1509dd55e690>,4,2,[7 2],5,9,11,4,9
1,<environment.Job instance at 0x150a25458910>,4,2,[ 1 13],7,9,11,2,9
1,<environment.Job instance at 0x1509dde1d140>,2,2,[10  1],5,9,11,4,9
1,<environment.Job instance at 0x1509e55d18c0>,3,1,[2 7],5,6,7,1,6
1,<environment.Job instance at 0x150a24844a00>,5,2,[2 7],7,7,9,0,7
1,<environment.Job instance at 0x1509e5d35c80>,5,3,[10  2],8,18,21,10,18
1,<environment.Job instance at 0x1509de12c460>,4,2,[7 2],5,5,7,0,5
1,<environment.Job instance at 0x1509dde33140>,2,2,[10  1],5,9,11,4,9
1,<environment.Job instance at 0x150a263365f0>,5,3,[6 1],9,11,14,2,9
1,<environment.Job instance at 0x150a26336cd0>,4,2,[ 1 13],7,16,18,9,16
1,<environment.Job instance at 0x150a266d8730>,0,2,[8 1],1,5,7,4,5
1,<environment.Job instance at 0x1509de9110a0>,3,1,[2 7],5,6,7,1,6
1,<environment.Job instance at 0x1509de9110f0>,5,2,[2 7],7,7,9,0,7
1,<environment.Job instance at 0x150a25b0c960>,4,2,[1 8],5,17,19,12,17
1,<environment.Job instance at 0x150a2515acd0>,4,2,[7 2],5,5,7,0,5
1,<environment.Job instance at 0x1509de0af410>,4,2,[ 1 13],7,9,11,2,9
1,<environment.Job instance at 0x150a25910e10>,0,2,[8 1],1,6,8,5,6
1,<environment.Job instance at 0x1509e45d9050>,3,1,[2 7],5,7,8,2,7
1,<environment.Job instance at 0x1509e49565f0>,6,16,[10  2],9,9,25,0,9
1,<environment.Job instance at 0x150a273ba1e0>,4,2,[2 7],6,22,24,16,22
1,<environment.Job instance at 0x1509dcc2faa0>,3,15,[11  1],4,34,49,30,34
1,<environment.Job instance at 0x1509e741ab40>,4,2,[7 2],5,5,7,0,5
1,<environment.Job instance at 0x1509df1cdcd0>,5,3,[6 1],9,10,13,1,10
1,<environment.Job instance at 0x1509dda0b320>,4,2,[ 1 13],7,17,19,10,17
1,<environment.Job instance at 0x1509df40ee60>,3,15,[11  1],4,681,696,677,681
1,<environment.Job instance at 0x1509e6c64af0>,1,3,[1 9],2,5,8,3,5
1,<environment.Job instance at 0x1509ddd80d20>,6,18,[8 1],7,7,25,0,7
1,<environment.Job instance at 0x1509dfd0fc30>,3,3,[6 2],6,8,11,2,8
1,<environment.Job instance at 0x1509dfd0fdc0>,4,2,[ 1 13],7,20,22,13,20
1,<environment.Job instance at 0x150a2736c960>,4,2,[7 2],5,5,7,0,5
1,<environment.Job instance at 0x150a25e28f50>,5,3,[9 2],6,7,10,1,7
1,<environment.Job instance at 0x1509e6b5edc0>,6,18,[8 1],7,10,28,3,7
1,<environment.Job instance at 0x1509dcedd870>,0,1,[2 5],1,2,3,1,2
1,<environment.Job instance at 0x1509e6a2c9b0>,4,2,[ 1 13],7,39,41,32,39
1,<environment.Job instance at 0x1509e568f0f0>,4,2,[7 2],5,5,7,0,5
1,<environment.Job instance at 0x1509e6bd5e60>,4,2,[ 1 13],7,8,10,1,8
1,<environment.Job instance at 0x150a24ec42d0>,3,15,[11  1],4,57,72,53,57
1,<environment.Job instance at 0x1509dd410f00>,1,3,[1 9],2,5,8,3,5
1,<environment.Job instance at 0x1509dc484be0>,6,18,[8 1],7,7,25,0,7
1,<environment.Job instance at 0x1509dc49fb40>,2,2,[10  1],5,7,9,2,7
1,<environment.Job instance at 0x150a2463ffa0>,4,2,[ 1 13],7,7,9,0,7
1,<environment.Job instance at 0x150a27456cd0>,4,2,[1 8],5,442,444,437,442
1,<environment.Job instance at 0x1509dcb2e0f0>,1,3,[1 9],2,2,5,0,2
1,<environment.Job instance at 0x150a251da870>,3,1,[6 2],4,5,6,1,5
1,<environment.Job instance at 0x1509de681780>,2,1,[2 5],3,6,7,3,6
1,<environment.Job instance at 0x1509d754b870>,4,2,[7 2],5,31,33,26,31
1,<environment.Job instance at 0x1509df6ccaf0>,4,2,[ 1 13],7,8,10,1,8
1,<environment.Job instance at 0x1509dd28f230>,3,15,[11  1],4,4,19,0,4
1,<environment.Job instance at 0x1509d7b75d70>,2,1,[2 5],3,5,6,2,5
1,<environment.Job instance at 0x1509dc343320>,4,2,[ 1 13],7,28,30,21,28
1,<environment.Job instance at 0x1509d7cf7d70>,4,2,[1 8],5,622,624,617,622
1,<environment.Job instance at 0x1509e66dcd70>,2,1,[2 5],3,3,4,0,3
1,<environment.Job instance at 0x150a269de0f0>,3,1,[6 2],4,4,5,0,4
1,<environment.Job instance at 0x1509e6f99a00>,7,1,[2 6],8,8,9,0,8
1,<environment.Job instance at 0x150a26ffceb0>,6,18,[8 1],7,9,27,2,9
1,<environment.Job instance at 0x1509dd2e4910>,0,1,[2 5],1,2,3,1,2
1,<environment.Job instance at 0x150a269e5190>,4,2,[ 1 13],7,21,23,14,21
1,<environment.Job instance at 0x150a2561d190>,5,3,[10  2],8,1891,1894,1883,1891
1,<environment.Job instance at 0x150a2700b050>,2,1,[2 5],3,3,4,0,3
1,<environment.Job instance at 0x150a2700bb90>,3,1,[6 2],4,4,5,0,4
1,<environment.Job instance at 0x150a25d01e60>,3,3,[1 8],4,6,9,2,6
1,<environment.Job instance at 0x150a266864b0>,5,2,[ 1 10],8,18,20,10,18
1,<environment.Job instance at 0x1509e5c4f2d0>,1,17,[6 1],3,3,20,0,3
1,<environment.Job instance at 0x1509dc4cca50>,4,2,[ 1 13],7,20,22,13,20
1,<environment.Job instance at 0x1509d70d6c30>,2,1,[2 7],3,3,4,0,3
1,<environment.Job instance at 0x1509d71b9690>,4,2,[1 8],5,208,210,203,208
1,<environment.Job instance at 0x1509d71b97d0>,5,3,[10  2],8,864,867,856,864
1,<environment.Job instance at 0x150a243d6b90>,2,1,[2 5],3,3,4,0,3
1,<environment.Job instance at 0x150a24640820>,3,1,[6 2],4,4,5,0,4
1,<environment.Job instance at 0x1509e6f31050>,0,1,[2 5],1,2,3,1,2
1,<environment.Job instance at 0x1509dc1105f0>,4,2,[ 1 13],7,23,25,16,23
1,<environment.Job instance at 0x1509df23af50>,4,2,[1 8],5,5,7,0,5
1,<environment.Job instance at 0x1509e557b690>,3,15,[11  1],4,55,70,51,55
1,<environment.Job instance at 0x1509d7473b40>,2,1,[2 5],3,3,4,0,3
1,<environment.Job instance at 0x1509d7473410>,3,1,[6 2],4,4,5,0,4
1,<environment.Job instance at 0x1509dced0e60>,5,2,[ 1 10],8,18,20,10,18
1,<environment.Job instance at 0x1509dc6780a0>,1,17,[6 1],3,3,20,0,3
1,<environment.Job instance at 0x1509e486ad20>,4,2,[ 1 13],7,34,36,27,34
1,<environment.Job instance at 0x1509e46c5960>,4,2,[2 7],6,6,8,0,6
1,<environment.Job instance at 0x1509e419cdc0>,4,2,[1 8],5,2982,2984,2977,2982
1,<environment.Job instance at 0x150a268b4d70>,2,1,[2 5],3,3,4,0,3
1,<environment.Job instance at 0x1509de420e60>,3,1,[6 2],4,4,5,0,4
1,<environment.Job instance at 0x1509de84d140>,1,17,[6 1],3,3,20,0,3
1,<environment.Job instance at 0x1509df6bd820>,4,2,[ 1 13],7,20,22,13,20
1,<environment.Job instance at 0x1509debb8910>,3,15,[11  1],4,4,19,0,4
1,<environment.Job instance at 0x1509dd27f0a0>,3,1,[6 2],4,4,5,0,4
1,<environment.Job instance at 0x1509d7c72320>,5,3,[9 2],6,7,10,1,7
1,<environment.Job instance at 0x1509dd27f230>,7,1,[2 6],8,8,9,0,8
1,<environment.Job instance at 0x1509dd27f280>,6,18,[8 1],7,10,28,3,9
1,<environment.Job instance at 0x1509d7c726e0>,1,17,[6 1],3,5,22,2,5
1,<environment.Job instance at 0x1509e64f03c0>,2,2,[10  1],5,22,24,17,17
1,<environment.Job instance at 0x1509deeee9b0>,4,2,[ 1 13],7,29,31,22,29
1,<environment.Job instance at 0x150a200c8140>,3,15,[11  1],4,10,25,6,10
1,<environment.Job instance at 0x150a24561730>,3,1,[6 2],4,4,5,0,4
1,<environment.Job instance at 0x1509dc13b5a0>,5,3,[9 2],6,7,10,1,7
1,<environment.Job instance at 0x1509dc1c8e60>,7,1,[2 6],8,8,9,0,8
1,<environment.Job instance at 0x1509dc1c8460>,6,18,[8 1],7,10,28,3,9
1,<environment.Job instance at 0x1509dda7e460>,5,2,[ 1 10],8,18,20,10,18
1,<environment.Job instance at 0x1509d66f4c80>,1,17,[6 1],3,3,20,0,3
1,<environment.Job instance at 0x1509de0afb90>,4,2,[ 1 13],7,20,22,13,20
1,<environment.Job instance at 0x1509d7428d70>,3,1,[6 2],4,4,5,0,4
1,<environment.Job instance at 0x1509d74287d0>,5,3,[9 2],6,7,10,1,7
1,<environment.Job instance at 0x1509d6f61640>,7,1,[2 6],8,8,9,0,8
1,<environment.Job instance at 0x1509d6f61c80>,6,18,[8 1],7,10,28,3,9
1,<environment.Job instance at 0x150a25d069b0>,0,1,[2 5],1,2,3,1,2
1,<environment.Job instance at 0x150a25d06f50>,4,2,[ 1 13],7,28,30,21,28
1,<environment.Job instance at 0x1509d6617f50>,3,1,[2 7],5,18,19,13,18
1,<environment.Job instance at 0x150a2644ed70>,2,1,[2 7],3,3,4,0,3
1,<environment.Job instance at 0x1509d73181e0>,2,1,[2 5],3,3,4,0,3
1,<environment.Job instance at 0x1509d7ad2c30>,3,1,[6 2],4,4,5,0,4
1,<environment.Job instance at 0x1509d73b5c30>,7,1,[2 6],8,8,9,0,8
1,<environment.Job instance at 0x1509d73b5280>,6,18,[8 1],7,9,27,2,9
1,<environment.Job instance at 0x1509d78fbc30>,0,1,[2 5],1,2,3,1,2
1,<environment.Job instance at 0x150a253f4c30>,2,2,[10  1],5,5,7,0,5
1,<environment.Job instance at 0x1509df2b20a0>,4,2,[ 1 13],7,23,25,16,23
1,<environment.Job instance at 0x1509ddf5dc30>,4,2,[1 8],5,723,725,718,723
1,<environment.Job instance at 0x1509ded73140>,3,1,[6 2],4,4,5,0,4
1,<environment.Job instance at 0x1509de6aa050>,6,18,[8 1],7,7,25,0,7
1,<environment.Job instance at 0x1509dd222dc0>,4,2,[ 1 13],7,10,12,3,10
1,<environment.Job instance at 0x1509d77adf00>,3,1,[2 7],5,6,7,1,6
1,<environment.Job instance at 0x1509d6212be0>,5,2,[2 7],7,7,9,0,7
1,<environment.Job instance at 0x1509df45c370>,3,1,[6 2],4,4,5,0,4
1,<environment.Job instance at 0x1509d6388320>,5,3,[9 2],6,26,29,20,26
1,<environment.Job instance at 0x1509d6346870>,0,2,[6 1],1,1,3,0,1
1,<environment.Job instance at 0x1509d6346690>,3,3,[6 2],6,7,10,1,7
1,<environment.Job instance at 0x150a24543b40>,4,2,[ 1 13],7,17,19,10,17
1,<environment.Job instance at 0x1509e5a5cd70>,2,1,[2 7],3,3,4,0,3
1,<environment.Job instance at 0x1509d6437320>,3,1,[6 2],4,4,5,0,4
1,<environment.Job instance at 0x1509d735ce10>,6,18,[8 1],7,7,25,0,7
1,<environment.Job instance at 0x1509d6437460>,5,3,[9 2],6,36,39,30,36
1,<environment.Job instance at 0x1509dc860e10>,4,2,[8 1],7,7,9,0,7
1,<environment.Job instance at 0x1509dde57050>,5,3,[6 1],9,50,53,41,50
1,<environment.Job instance at 0x1509dca1c870>,4,2,[ 1 13],7,67,69,60,67
1,<environment.Job instance at 0x1509e75ea960>,3,1,[2 7],5,5,6,0,5
1,<environment.Job instance at 0x1509d66bf230>,2,1,[2 7],3,5,6,2,5
1,<environment.Job instance at 0x1509e5471b40>,4,2,[1 8],5,80,82,75,80
1,<environment.Job instance at 0x1509de00a690>,3,15,[11  1],4,90,105,86,90
1,<environment.Job instance at 0x1509e54eed20>,3,1,[6 2],4,4,5,0,4
1,<environment.Job instance at 0x150a265b00f0>,6,18,[8 1],7,7,25,0,7
1,<environment.Job instance at 0x1509dc694140>,0,1,[2 5],1,3,4,2,3
1,<environment.Job instance at 0x1509d6e41dc0>,1,17,[6 1],3,4,21,1,4
1,<environment.Job instance at 0x1509d719d190>,4,2,[ 1 13],7,31,33,24,31
1,<environment.Job instance at 0x1509d66a0cd0>,2,1,[2 7],3,3,4,0,3
1,<environment.Job instance at 0x1509dc854e60>,4,2,[1 8],5,500,502,495,500
1,<environment.Job instance at 0x1509d66a0be0>,5,3,[10  2],8,2375,2378,2367,2375
1,<environment.Job instance at 0x1509d61f8690>,3,1,[6 2],4,4,5,0,4
1,<environment.Job instance at 0x1509d62bffa0>,8,13,[6 1],9,17,30,8,17
1,<environment.Job instance at 0x1509e4da49b0>,1,17,[6 1],3,3,20,0,3
1,<environment.Job instance at 0x1509d70bb140>,4,2,[ 1 13],7,25,27,18,25
1,<environment.Job instance at 0x1509dd5d42d0>,2,1,[2 7],3,3,4,0,3
1,<environment.Job instance at 0x1509d78754b0>,3,1,[6 2],4,4,5,0,4
1,<environment.Job instance at 0x1509d6f34eb0>,4,2,[ 1 13],7,20,22,13,20
1,<environment.Job instance at 0x150a25bc05f0>,3,1,[2 7],5,7,8,2,7
1,<environment.Job instance at 0x1509d621d500>,3,1,[6 2],4,4,5,0,4
1,<environment.Job instance at 0x150a25b9daf0>,6,18,[8 1],7,7,25,0,7
1,<environment.Job instance at 0x1509d621d5a0>,5,3,[9 2],6,31,34,25,31
1,<environment.Job instance at 0x1509dd8c9370>,1,17,[6 1],3,3,20,0,3
1,<environment.Job instance at 0x1509df101eb0>,5,3,[6 1],9,15,18,6,15
1,<environment.Job instance at 0x1509e5071aa0>,4,2,[ 1 13],7,21,23,14,21
1,<environment.Job instance at 0x1509dc0efeb0>,2,1,[2 7],3,3,4,0,3
1,<environment.Job instance at 0x150a252a1780>,5,3,[10  2],8,321,324,313,321
1,<environment.Job instance at 0x1509e4739550>,3,1,[6 2],4,4,5,0,4
1,<environment.Job instance at 0x150a2684df00>,5,3,[9 2],6,6,9,0,6
1,<environment.Job instance at 0x1509de4e0d70>,4,2,[8 1],7,8,10,1,8
1,<environment.Job instance at 0x1509d5e65280>,3,3,[6 2],6,6,9,0,6
1,<environment.Job instance at 0x1509e56c1a50>,4,2,[ 1 13],7,33,35,26,33
1,<environment.Job instance at 0x1509e4545370>,2,1,[2 7],3,3,4,0,3
1,<environment.Job instance at 0x1509e5228eb0>,2,1,[2 5],3,4,5,1,4
1,<environment.Job instance at 0x1509e555d820>,6,18,[8 1],7,7,25,0,7
1,<environment.Job instance at 0x1509e555d230>,5,3,[9 2],6,25,28,19,23
1,<environment.Job instance at 0x1509e713df00>,1,17,[6 1],3,3,20,0,3
1,<environment.Job instance at 0x1509e5ebf640>,5,3,[6 1],9,15,18,6,15
1,<environment.Job instance at 0x1509e5ebf820>,4,2,[ 1 13],7,21,23,14,21
1,<environment.Job instance at 0x150a2428e5a0>,2,1,[2 5],3,4,5,1,4
1,<environment.Job instance at 0x1509deddfaa0>,6,18,[8 1],7,7,25,0,7
1,<environment.Job instance at 0x1509de1dfeb0>,1,17,[6 1],3,3,20,0,3
1,<environment.Job instance at 0x1509defc7230>,5,3,[6 1],9,15,18,6,15
1,<environment.Job instance at 0x150a25184b40>,4,2,[ 1 13],7,30,32,23,30
1,<environment.Job instance at 0x1509d67ec0a0>,5,2,[2 7],7,12,14,5,12
1,<environment.Job instance at 0x1509e56e9e60>,3,1,[6 2],4,4,5,0,4
1,<environment.Job instance at 0x1509d7c965a0>,6,18,[8 1],7,7,25,0,7
1,<environment.Job instance at 0x150a25525dc0>,1,17,[6 1],3,3,20,0,3
1,<environment.Job instance at 0x1509de7d35a0>,4,2,[ 1 13],7,12,14,5,12
1,<environment.Job instance at 0x1509d733ff00>,3,1,[2 7],5,6,7,1,6
1,<environment.Job instance at 0x1509dd3ada00>,2,1,[2 7],3,5,6,2,5
1,<environment.Job instance at 0x1509d47ae140>,4,2,[1 8],5,46,48,41,46
1,<environment.Job instance at 0x1509dd3ad820>,3,15,[11  1],4,52,67,48,52
1,<environment.Job instance at 0x1509e4b7b460>,3,1,[6 2],4,4,5,0,4
1,<environment.Job instance at 0x1509e4b7beb0>,6,18,[8 1],7,7,25,0,7
1,<environment.Job instance at 0x1509d45c2fa0>,5,3,[9 2],6,36,39,30,36
1,<environment.Job instance at 0x1509d60faeb0>,4,2,[ 1 13],7,116,118,109,116
1,<environment.Job instance at 0x1509de9a65a0>,2,1,[2 7],3,4,5,1,4
1,<environment.Job instance at 0x1509e5547820>,4,2,[1 8],5,5,7,0,5
1,<environment.Job instance at 0x1509de9a65f0>,3,15,[11  1],4,17,32,13,17
1,<environment.Job instance at 0x150a24a4b730>,3,1,[6 2],4,4,5,0,4
1,<environment.Job instance at 0x1509d60ff730>,6,18,[8 1],7,7,25,0,7
1,<environment.Job instance at 0x150a24a4b0a0>,5,3,[9 2],6,36,39,30,36
1,<environment.Job instance at 0x1509d6cb3d20>,5,2,[ 1 10],8,11,13,3,11
1,<environment.Job instance at 0x1509e40ec690>,5,3,[6 1],9,111,114,102,111
1,<environment.Job instance at 0x1509e40ec550>,4,2,[ 1 13],7,115,117,108,115
1,<environment.Job instance at 0x1509e4bc48c0>,4,2,[2 7],6,7,9,1,7
1,<environment.Job instance at 0x1509de38a3c0>,2,1,[2 7],3,3,4,0,3
1,<environment.Job instance at 0x150a252b26e0>,5,3,[10  2],8,2165,2168,2157,2165
1,<environment.Job instance at 0x1509dc216dc0>,2,1,[2 5],3,4,5,1,4
1,<environment.Job instance at 0x1509d4bae280>,6,18,[8 1],7,7,25,0,7
1,<environment.Job instance at 0x1509d4ba5f50>,5,3,[9 2],6,31,34,25,31
1,<environment.Job instance at 0x1509de2b28c0>,4,2,[ 1 13],7,30,32,23,30
1,<environment.Job instance at 0x1509e4c74870>,2,1,[2 7],3,3,4,0,3
1,<environment.Job instance at 0x1509d738ccd0>,3,1,[6 2],4,4,5,0,4
1,<environment.Job instance at 0x1509d738c6e0>,6,18,[8 1],7,7,25,0,7
1,<environment.Job instance at 0x1509dfcc9370>,0,2,[6 1],1,1,3,0,1
1,<environment.Job instance at 0x1509dea487d0>,3,3,[6 2],6,7,10,1,7
1,<environment.Job instance at 0x1509dc91f500>,4,2,[ 1 13],7,20,22,13,20
1,<environment.Job instance at 0x1509e5514a50>,2,1,[2 7],3,3,4,0,3
1,<environment.Job instance at 0x1509d65d15f0>,5,3,[10  2],8,337,340,329,337
1,<environment.Job instance at 0x1509d579aa50>,3,1,[6 2],4,4,5,0,4
1,<environment.Job instance at 0x1509e5d19d20>,0,2,[6 1],1,1,3,0,1
1,<environment.Job instance at 0x1509dfee1fa0>,3,3,[6 2],6,7,10,1,7
1,<environment.Job instance at 0x1509d7c0f050>,4,2,[ 1 13],7,20,22,13,20
1,<environment.Job instance at 0x150a2658a1e0>,3,1,[2 7],5,5,6,0,5
1,<environment.Job instance at 0x1509e666dd20>,2,1,[2 7],3,3,4,0,3
1,<environment.Job instance at 0x150a24bde410>,3,1,[6 2],4,4,5,0,4
1,<environment.Job instance at 0x150a24bde0f0>,5,3,[9 2],6,27,30,21,27
1,<environment.Job instance at 0x1509d6834870>,0,1,[2 5],1,2,3,1,2
1,<environment.Job instance at 0x1509de352460>,4,2,[ 1 13],7,37,39,30,37
1,<environment.Job instance at 0x1509d6fe4730>,2,2,[2 8],4,4,6,0,4
1,<environment.Job instance at 0x1509d50698c0>,3,1,[2 7],5,5,6,0,5
1,<environment.Job instance at 0x1509d715e8c0>,2,1,[2 7],3,3,4,0,3
1,<environment.Job instance at 0x1509d72672d0>,5,3,[10  2],8,323,326,315,323
1,<environment.Job instance at 0x1509d64580a0>,3,1,[6 2],4,4,5,0,4
1,<environment.Job instance at 0x1509d6458460>,5,3,[9 2],6,6,9,0,6
1,<environment.Job instance at 0x1509d4867500>,0,2,[6 1],1,2,4,1,2
1,<environment.Job instance at 0x1509d793ed70>,4,2,[8 1],7,8,10,1,8
1,<environment.Job instance at 0x1509d4386500>,5,2,[ 1 10],8,13,15,5,13
1,<environment.Job instance at 0x1509df7c4d20>,4,2,[ 1 13],7,20,22,13,20
1,<environment.Job instance at 0x1509d76caa00>,2,1,[2 7],3,4,5,1,4
1,<environment.Job instance at 0x1509e4ff2b90>,4,2,[1 8],5,6,8,1,6
1,<environment.Job instance at 0x1509d76caa50>,3,15,[11  1],4,15,30,11,15
1,<environment.Job instance at 0x1509d6da4fa0>,2,1,[2 5],3,3,4,0,3
1,<environment.Job instance at 0x1509d74af0f0>,3,1,[6 2],4,4,5,0,4
1,<environment.Job instance at 0x1509d4c59410>,0,1,[2 5],1,2,3,1,2
1,<environment.Job instance at 0x1509cc304140>,4,2,[ 1 13],7,37,39,30,37
1,<environment.Job instance at 0x1509d58ab2d0>,5,2,[2 7],7,9,11,2,9
1,<environment.Job instance at 0x1509d58abdc0>,4,2,[2 7],6,14,16,8,14
1,<environment.Job instance at 0x150a26f8b0f0>,2,1,[2 7],3,4,5,1,4
1,<environment.Job instance at 0x1509ddf5a6e0>,3,15,[11  1],4,4,19,0,4
1,<environment.Job instance at 0x1509d564e910>,2,1,[2 5],3,3,4,0,3
1,<environment.Job instance at 0x1509d779a280>,3,1,[6 2],4,4,5,0,4
1,<environment.Job instance at 0x150a25881730>,0,1,[2 5],1,2,3,1,2
1,<environment.Job instance at 0x1509e66f8230>,4,2,[ 1 13],7,37,39,30,37
1,<environment.Job instance at 0x1509ddf8af00>,5,2,[2 7],7,9,11,2,9
1,<environment.Job instance at 0x1509dd8096e0>,2,1,[2 7],3,4,5,1,4
1,<environment.Job instance at 0x1509d77c76e0>,3,15,[11  1],4,4,19,0,4
1,<environment.Job instance at 0x1509e6639f00>,2,1,[2 5],3,4,5,1,4
1,<environment.Job instance at 0x1509e49cf460>,6,18,[8 1],7,7,25,0,7
1,<environment.Job instance at 0x150a246e8230>,5,3,[6 1],9,50,53,41,50
1,<environment.Job instance at 0x1509d40cb550>,4,2,[ 1 13],7,56,58,49,56
1,<environment.Job instance at 0x1509cfe823c0>,3,1,[2 7],5,5,6,0,5
1,<environment.Job instance at 0x1509cfe82460>,2,1,[2 7],3,4,5,1,4
1,<environment.Job instance at 0x1509cfe82cd0>,3,15,[11  1],4,15,30,11,15
1,<environment.Job instance at 0x1509e6f23f00>,6,18,[8 1],7,7,25,0,7
1,<environment.Job instance at 0x1509d4c5daf0>,4,2,[ 1 13],7,17,19,10,17
1,<environment.Job instance at 0x1509d7d689b0>,5,3,[10  2],8,2173,2176,2165,2173
1,<environment.Job instance at 0x1509df2279b0>,2,1,[2 5],3,3,4,0,3
1,<environment.Job instance at 0x1509d67dadc0>,3,1,[6 2],4,4,5,0,4
1,<environment.Job instance at 0x1509d6c3a0f0>,4,2,[ 1 13],7,14,16,7,14
1,<environment.Job instance at 0x150a24902e10>,5,3,[10  2],8,2692,2695,2684,2692
1,<environment.Job instance at 0x1509d6603550>,2,1,[2 5],3,3,4,0,3
1,<environment.Job instance at 0x1509d41ddaa0>,3,1,[6 2],4,4,5,0,4
1,<environment.Job instance at 0x150a25bffd20>,4,2,[ 1 13],7,31,33,24,31
1,<environment.Job instance at 0x150a25bff4b0>,5,3,[6 1],9,65,68,56,65
1,<environment.Job instance at 0x1509d6654960>,3,1,[2 7],5,5,6,0,5
1,<environment.Job instance at 0x1509e72e65a0>,4,2,[1 8],5,1321,1323,1316,1321
1,<environment.Job instance at 0x1509cc07d050>,3,1,[6 2],4,4,5,0,4
1,<environment.Job instance at 0x1509de5d6550>,3,3,[6 2],6,10,13,4,10
1,<environment.Job instance at 0x1509cc391500>,4,2,[ 1 13],7,22,24,15,22
1,<environment.Job instance at 0x1509de5d6d20>,5,3,[6 1],9,61,64,52,61
1,<environment.Job instance at 0x1509ddd099b0>,2,1,[2 7],3,3,4,0,3
1,<environment.Job instance at 0x1509e6e15c80>,2,1,[2 5],3,3,4,0,3
1,<environment.Job instance at 0x1509e6e150a0>,3,1,[6 2],4,4,5,0,4
1,<environment.Job instance at 0x1509cc2f2f00>,3,3,[1 8],4,13,16,9,13
1,<environment.Job instance at 0x1509d414d280>,4,2,[ 1 13],7,7,9,0,7
1,<environment.Job instance at 0x1509d4ec5c30>,3,1,[2 7],5,5,6,0,5
1,<environment.Job instance at 0x1509d4ec5280>,4,2,[2 7],6,8,10,2,8
1,<environment.Job instance at 0x1509d4ec5dc0>,5,2,[2 7],7,8,10,1,8
1,<environment.Job instance at 0x1509d478e8c0>,2,1,[2 7],3,4,5,1,4
1,<environment.Job instance at 0x1509e6d23d70>,4,2,[1 8],5,6,8,1,6
1,<environment.Job instance at 0x1509e4609f50>,3,15,[11  1],4,10,25,6,10
1,<environment.Job instance at 0x1509d5d74280>,2,1,[2 5],3,3,4,0,3
1,<environment.Job instance at 0x1509cfbacf00>,3,1,[6 2],4,4,5,0,4
1,<environment.Job instance at 0x150a242b4370>,0,1,[2 5],1,2,3,1,2
1,<environment.Job instance at 0x150a249669b0>,4,2,[ 1 13],7,52,54,45,52
1,<environment.Job instance at 0x150a249669b0>,3,1,[2 7],5,5,6,0,5
1,<environment.Job instance at 0x1509de5adfa0>,5,2,[2 7],7,29,31,22,29
1,<environment.Job instance at 0x1509d4e5a0a0>,4,2,[1 8],5,5,7,0,5
1,<environment.Job instance at 0x1509d689d500>,2,1,[2 7],3,6,7,3,6
1,<environment.Job instance at 0x1509d689d3c0>,3,15,[11  1],4,12,27,8,12
1,<environment.Job instance at 0x1509e5cff0a0>,3,1,[6 2],4,4,5,0,4
1,<environment.Job instance at 0x1509e4996460>,1,17,[6 1],3,7,24,4,7
1,<environment.Job instance at 0x1509d6350af0>,4,2,[ 1 13],7,20,22,13,20
1,<environment.Job instance at 0x1509d456dd20>,3,1,[2 7],5,7,8,2,7
1,<environment.Job instance at 0x1509d6883b90>,5,2,[2 7],7,29,31,22,29
1,<environment.Job instance at 0x1509d6883b90>,4,2,[1 8],5,287,289,282,287
1,<environment.Job instance at 0x1509cedabb40>,5,3,[10  2],8,2922,2925,2914,2922
1,<environment.Job instance at 0x1509de5e2230>,2,1,[2 5],3,3,4,0,3
1,<environment.Job instance at 0x1509cefeb8c0>,3,1,[6 2],4,4,5,0,4
1,<environment.Job instance at 0x1509d5f1c190>,0,1,[2 5],1,2,3,1,2
1,<environment.Job instance at 0x1509e5e81be0>,4,2,[ 1 13],7,17,19,10,17
1,<environment.Job instance at 0x1509d4eb45f0>,2,1,[2 7],3,4,5,1,4
1,<environment.Job instance at 0x1509ddd0cbe0>,4,2,[1 8],5,5,7,0,5
1,<environment.Job instance at 0x1509dea37550>,3,15,[11  1],4,7,22,3,7
1,<environment.Job instance at 0x1509dc0b1550>,3,1,[6 2],4,4,5,0,4
1,<environment.Job instance at 0x1509e49218c0>,4,2,[8 1],7,7,9,0,7
1,<environment.Job instance at 0x1509d6851e60>,5,3,[6 1],9,9,12,0,9
1,<environment.Job instance at 0x1509d41194b0>,4,2,[ 1 13],7,18,20,11,18
1,<environment.Job instance at 0x1509ce90aa00>,2,1,[2 7],3,3,4,0,3
1,<environment.Job instance at 0x1509ce828690>,3,1,[6 2],4,4,5,0,4
1,<environment.Job instance at 0x1509ce8280a0>,5,3,[9 2],6,23,26,17,23
1,<environment.Job instance at 0x1509d659f0f0>,3,3,[6 2],6,7,10,1,7
1,<environment.Job instance at 0x1509d587daa0>,5,3,[6 1],9,9,12,0,9
1,<environment.Job instance at 0x1509d587d3c0>,4,2,[ 1 13],7,15,17,8,15
1,<environment.Job instance at 0x1509d76e92d0>,2,1,[2 7],3,3,4,0,3
1,<environment.Job instance at 0x1509d49a9190>,2,1,[2 5],3,3,4,0,3
1,<environment.Job instance at 0x1509cff7fb40>,3,1,[6 2],4,4,5,0,4
1,<environment.Job instance at 0x1509d65b85f0>,4,2,[ 1 13],7,16,18,9,16
1,<environment.Job instance at 0x1509e6f1c190>,2,1,[2 7],3,4,5,1,4
1,<environment.Job instance at 0x1509cfcb1cd0>,4,2,[1 8],5,5,7,0,5
1,<environment.Job instance at 0x1509d51e3c80>,3,15,[11  1],4,17,32,13,17
1,<environment.Job instance at 0x1509d5fc9640>,3,1,[6 2],4,4,5,0,4
1,<environment.Job instance at 0x1509d5fc9a00>,5,3,[9 2],6,84,87,78,84
1,<environment.Job instance at 0x1509ce0eb050>,0,1,[2 5],1,3,4,2,3
1,<environment.Job instance at 0x1509ce0eb410>,1,17,[6 1],3,4,21,1,4
1,<environment.Job instance at 0x1509cc28ee60>,4,2,[ 1 13],7,18,20,11,18
1,<environment.Job instance at 0x1509d678ecd0>,5,2,[2 7],7,7,9,0,7
1,<environment.Job instance at 0x1509d64385a0>,2,1,[2 5],3,3,4,0,3
1,<environment.Job instance at 0x1509dfce1640>,3,1,[6 2],4,4,5,0,4
1,<environment.Job instance at 0x1509d64b53c0>,4,2,[8 1],7,7,9,0,7
1,<environment.Job instance at 0x1509d764e9b0>,0,1,[2 5],1,1,2,0,1
1,<environment.Job instance at 0x1509dcae10a0>,4,2,[ 1 13],7,16,18,9,16
1,<environment.Job instance at 0x1509e5a2d3c0>,4,2,[1 8],5,1808,1810,1803,1808
1,<environment.Job instance at 0x1509ce307960>,3,1,[6 2],4,4,5,0,4
1,<environment.Job instance at 0x1509cec01050>,5,3,[9 2],6,73,76,67,73
1,<environment.Job instance at 0x150a24f106e0>,5,2,[ 1 10],8,10,12,2,10
1,<environment.Job instance at 0x1509ceb291e0>,0,1,[2 5],1,1,2,0,1
1,<environment.Job instance at 0x1509d40e0960>,4,2,[ 1 13],7,15,17,8,15
1,<environment.Job instance at 0x1509d5707460>,5,2,[2 7],7,8,10,1,8
1,<environment.Job instance at 0x1509cd00a5f0>,5,3,[10  2],8,1618,1621,1610,1618
1,<environment.Job instance at 0x1509ce15c870>,2,1,[2 5],3,3,4,0,3
1,<environment.Job instance at 0x1509cc215c80>,3,1,[6 2],4,4,5,0,4
1,<environment.Job instance at 0x1509df5ec320>,4,2,[ 1 13],7,19,21,12,19
1,<environment.Job instance at 0x1509ce4cbaa0>,5,3,[6 1],9,43,46,34,43
1,<environment.Job instance at 0x1509d52a2d20>,3,1,[2 7],5,5,6,0,5
1,<environment.Job instance at 0x1509dfcc2730>,2,1,[2 7],3,4,5,1,4
1,<environment.Job instance at 0x1509d6354af0>,5,3,[10  2],8,10,13,2,10
1,<environment.Job instance at 0x1509d70e3370>,3,15,[11  1],4,13,28,9,13
1,<environment.Job instance at 0x1509ce4356e0>,2,1,[2 5],3,3,4,0,3
1,<environment.Job instance at 0x1509cde2bc30>,3,1,[6 2],4,4,5,0,4
1,<environment.Job instance at 0x1509cde2bdc0>,7,1,[2 6],8,8,9,0,8
1,<environment.Job instance at 0x1509cd3c74b0>,0,1,[2 5],1,2,3,1,2
1,<environment.Job instance at 0x1509cd3c75a0>,2,2,[10  1],5,5,7,0,5
1,<environment.Job instance at 0x1509e495eeb0>,4,2,[ 1 13],7,12,14,5,12
1,<environment.Job instance at 0x150a25084c80>,2,1,[2 7],3,4,5,1,4
1,<environment.Job instance at 0x1509d5f1c5a0>,4,2,[1 8],5,5,7,0,5
1,<environment.Job instance at 0x150a25084320>,3,15,[11  1],4,33,48,29,33
1,<environment.Job instance at 0x1509ce435a00>,2,1,[2 5],3,3,4,0,3
1,<environment.Job instance at 0x1509d7890c30>,3,1,[6 2],4,4,5,0,4
1,<environment.Job instance at 0x1509d7890a00>,7,1,[2 6],8,8,9,0,8
1,<environment.Job instance at 0x1509dc28ed70>,0,1,[2 5],1,2,3,1,2
1,<environment.Job instance at 0x1509cd274af0>,4,2,[ 1 13],7,12,14,5,12
1,<environment.Job instance at 0x1509e4c43f50>,2,1,[2 5],3,3,4,0,3
1,<environment.Job instance at 0x1509dc61d500>,3,1,[6 2],4,4,5,0,4
1,<environment.Job instance at 0x150a24d76640>,7,1,[2 6],8,8,9,0,8
1,<environment.Job instance at 0x1509d4390910>,4,2,[8 1],7,8,10,1,8
1,<environment.Job instance at 0x1509d57cc550>,0,1,[2 5],1,2,3,1,2
1,<environment.Job instance at 0x1509d60635f0>,4,2,[ 1 13],7,17,19,10,17
1,<environment.Job instance at 0x1509d5fcaa00>,2,1,[2 7],3,3,4,0,3
1,<environment.Job instance at 0x1509cf9c5eb0>,5,3,[10  2],8,1983,1986,1975,1983
1,<environment.Job instance at 0x1509d54cac80>,3,1,[6 2],4,4,5,0,4
1,<environment.Job instance at 0x1509d6b1ad20>,5,3,[9 2],6,24,27,18,24
1,<environment.Job instance at 0x1509de54c140>,4,2,[ 1 13],7,9,11,2,9
1,<environment.Job instance at 0x1509cd532280>,2,1,[2 7],3,3,4,0,3
1,<environment.Job instance at 0x1509d4c3a550>,4,2,[1 8],5,1001,1003,996,1001
1,<environment.Job instance at 0x1509cd75f320>,2,1,[2 5],3,4,5,1,4
1,<environment.Job instance at 0x1509ce1fb640>,0,1,[2 5],1,2,3,1,2
1,<environment.Job instance at 0x1509dca70460>,4,2,[ 1 13],7,17,19,10,17
1,<environment.Job instance at 0x1509d79a8550>,5,3,[10  2],8,872,875,864,872
1,<environment.Job instance at 0x1509d6a86aa0>,2,1,[2 5],3,3,4,0,3
1,<environment.Job instance at 0x1509cc6132d0>,7,1,[2 6],8,11,12,3,11
1,<environment.Job instance at 0x1509ddf00f00>,4,2,[ 1 13],7,18,20,11,18
1,<environment.Job instance at 0x1509cf9b0230>,2,1,[2 7],3,3,4,0,3
1,<environment.Job instance at 0x1509d597d230>,4,2,[ 1 13],7,16,18,9,16
1,<environment.Job instance at 0x1509d6b5cc30>,3,1,[2 7],5,5,6,0,5
1,<environment.Job instance at 0x150a24d35190>,4,2,[1 8],5,2424,2426,2419,2424
1,<environment.Job instance at 0x1509ce189b90>,2,1,[2 5],3,3,4,0,3
1,<environment.Job instance at 0x1509cecdd730>,3,1,[6 2],4,4,5,0,4
1,<environment.Job instance at 0x1509dc7160f0>,0,1,[2 5],1,2,3,1,2
1,<environment.Job instance at 0x1509d43184b0>,4,2,[ 1 13],7,12,14,5,12
1,<environment.Job instance at 0x1509e46640a0>,2,1,[2 7],3,4,5,1,4
1,<environment.Job instance at 0x150a2590a960>,4,2,[1 8],5,7,9,2,7
1,<environment.Job instance at 0x1509d51a74b0>,3,15,[11  1],4,17,32,13,17
1,<environment.Job instance at 0x1509e64e3370>,2,1,[2 5],3,3,4,0,3
1,<environment.Job instance at 0x150a25d59f50>,7,1,[2 6],8,11,12,3,11
1,<environment.Job instance at 0x1509dd177370>,5,3,[9 2],6,19,22,13,19
1,<environment.Job instance at 0x1509e64c69b0>,0,1,[2 5],1,2,3,1,2
1,<environment.Job instance at 0x1509cde1b410>,4,2,[ 1 13],7,12,14,5,12
1,<environment.Job instance at 0x1509cf5e7820>,2,1,[2 7],3,3,4,0,3
1,<environment.Job instance at 0x1509d501bf00>,2,1,[2 5],3,5,6,2,5
1,<environment.Job instance at 0x1509cc045dc0>,7,1,[2 6],8,8,9,0,8
1,<environment.Job instance at 0x1509d501b410>,4,2,[7 2],5,100,102,95,100
1,<environment.Job instance at 0x1509cf5fd0f0>,4,2,[8 1],7,7,9,0,7
1,<environment.Job instance at 0x1509d41f5e10>,5,2,[ 1 10],8,8,10,0,8
1,<environment.Job instance at 0x1509dc93a640>,0,1,[2 5],1,1,2,0,1
1,<environment.Job instance at 0x1509cef19af0>,4,2,[ 1 13],7,22,24,15,22
1,<environment.Job instance at 0x1509cc7041e0>,5,2,[2 7],7,32,34,25,32
1,<environment.Job instance at 0x1509cd0d4b90>,2,1,[2 7],3,3,4,0,3
1,<environment.Job instance at 0x1509ccd6ddc0>,7,1,[2 6],8,11,12,3,11
1,<environment.Job instance at 0x1509cfd04f00>,0,1,[2 5],1,2,3,1,2
1,<environment.Job instance at 0x1509cf849cd0>,4,2,[ 1 13],7,12,14,5,12
1,<environment.Job instance at 0x1509c86ac2d0>,2,1,[2 7],3,3,4,0,3
1,<environment.Job instance at 0x1509e533a1e0>,2,1,[2 5],3,4,5,1,4
1,<environment.Job instance at 0x1509cdb261e0>,5,2,[ 1 10],8,18,20,10,18
1,<environment.Job instance at 0x150a26e190a0>,4,2,[ 1 13],7,17,19,10,17
1,<environment.Job instance at 0x1509e4f71730>,3,1,[2 7],5,6,7,1,6
1,<environment.Job instance at 0x1509cc144780>,2,1,[2 7],3,4,5,1,4
1,<environment.Job instance at 0x1509ce6a0500>,4,2,[1 8],5,5,7,0,5
1,<environment.Job instance at 0x1509ce6a0b90>,3,15,[11  1],4,21,36,17,21
1,<environment.Job instance at 0x1509dc19cd20>,1,17,[6 1],3,3,20,0,3
1,<environment.Job instance at 0x1509ce85e230>,4,2,[ 1 13],7,15,17,8,15
1,<environment.Job instance at 0x1509d4a0b4b0>,3,1,[2 7],5,5,6,0,5
1,<environment.Job instance at 0x1509e7703e10>,2,1,[2 7],3,4,5,1,4
1,<environment.Job instance at 0x1509ccd9dcd0>,4,2,[1 8],5,5,7,0,5
1,<environment.Job instance at 0x1509e7703550>,3,15,[11  1],4,14,29,10,14
1,<environment.Job instance at 0x1509de2e5b90>,1,17,[6 1],3,3,20,0,3
1,<environment.Job instance at 0x1509dc6e0d20>,4,2,[ 1 13],7,15,17,8,15
1,<environment.Job instance at 0x1509dc6e0460>,3,1,[2 7],5,5,6,0,5
1,<environment.Job instance at 0x1509cdbd60a0>,2,1,[2 7],3,4,5,1,4
1,<environment.Job instance at 0x1509e56fc500>,4,2,[1 8],5,5,7,0,5
1,<environment.Job instance at 0x1509cdbd6230>,3,15,[11  1],4,14,29,10,14
1,<environment.Job instance at 0x1509cf212e60>,2,1,[2 5],3,4,5,1,4
1,<environment.Job instance at 0x1509d7157960>,0,1,[2 5],1,3,4,2,3
1,<environment.Job instance at 0x1509e4e37e10>,1,17,[6 1],3,4,21,1,4
1,<environment.Job instance at 0x1509e61dc730>,4,2,[ 1 13],7,15,17,8,15
