iteration,job object,job ID,job Length,job ressource requirement,job enter time,job start time,job finish time,job waiting time,current time
1,<environment.Job instance at 0x14ded8dae5a0>,3,1,[6 2],4,9,10,5,9
1,<environment.Job instance at 0x14ded75df370>,2,1,[2 6],3,4,5,1,4
1,<environment.Job instance at 0x14ded75dfb90>,3,13,[6 1],4,16,29,12,16
1,<environment.Job instance at 0x14ded8dbf9b0>,1,13,[2 8],2,4,17,2,4
1,<environment.Job instance at 0x14deda680d20>,1,17,[6 1],3,3,20,0,3
1,<environment.Job instance at 0x14ded46d7a50>,1,17,[6 1],3,3,20,0,3
1,<environment.Job instance at 0x153b25080550>,0,12,[2 5],1,1,13,0,1
1,<environment.Job instance at 0x153b25080640>,1,3,[1 9],2,13,16,11,2
1,<environment.Job instance at 0x153b25080320>,2,1,[2 5],3,5,6,2,5
1,<environment.Job instance at 0x153b1f6dedc0>,4,2,[7 2],5,11,13,6,11
1,<environment.Job instance at 0x153b1f6752d0>,12,3,[1 8],14,25,28,11,25
1,<environment.Job instance at 0x153b1f676a50>,3,1,[2 5],6,7,8,1,7
1,<environment.Job instance at 0x153b1ea27af0>,0,2,[8 1],1,3,5,2,3
1,<environment.Job instance at 0x153b1e8a6a50>,2,2,[2 8],4,6,8,2,6
1,<environment.Job instance at 0x153b1d4fe7d0>,5,2,[2 7],7,9,11,2,9
1,<environment.Job instance at 0x153b1d4fe6e0>,7,15,[2 9],10,11,26,1,10
1,<environment.Job instance at 0x153b1d4f9c30>,9,3,[2 9],12,26,29,14,13
1,<environment.Job instance at 0x153b1d4fe5f0>,10,1,[2 7],13,29,30,16,13
1,<environment.Job instance at 0x153b1e56d460>,0,3,[10  2],3,10,13,7,10
1,<environment.Job instance at 0x153b1e4ae8c0>,7,3,[7 2],12,13,16,1,12
1,<environment.Job instance at 0x153b1e562280>,6,1,[10  1],11,16,17,5,13
1,<environment.Job instance at 0x153b202d9be0>,1,1,[1 6],3,3,4,0,3
1,<environment.Job instance at 0x153b1f3a38c0>,3,16,[8 2],6,7,23,1,7
1,<environment.Job instance at 0x153b1e5dd320>,6,2,[1 7],12,12,14,0,12
1,<environment.Job instance at 0x153b1e5ddaa0>,4,12,[9 1],8,23,35,15,12
1,<environment.Job instance at 0x153b1c0e8d20>,0,12,[2 5],1,1,13,0,1
1,<environment.Job instance at 0x153b1c0e8190>,2,1,[2 5],3,3,4,0,3
1,<environment.Job instance at 0x153b1c061c30>,1,3,[1 9],2,13,16,11,5
1,<environment.Job instance at 0x153b1b33f320>,7,1,[2 6],8,16,17,8,11
1,<environment.Job instance at 0x153b1b33fe60>,10,13,[2 8],12,17,30,5,16
1,<environment.Job instance at 0x153b1b33f4b0>,12,3,[1 8],14,30,33,16,16
1,<environment.Job instance at 0x153b1b955910>,3,1,[2 5],6,7,8,1,7
1,<environment.Job instance at 0x153b1b31ecd0>,2,1,[ 1 10],5,8,9,3,8
1,<environment.Job instance at 0x153b1a5b8af0>,2,2,[2 8],4,4,6,0,4
1,<environment.Job instance at 0x153b1a611c80>,3,1,[2 7],5,7,8,2,7
1,<environment.Job instance at 0x153b1e2b71e0>,6,16,[10  2],9,10,26,1,10
1,<environment.Job instance at 0x153b1ec0a550>,9,3,[2 9],12,26,29,14,12
1,<environment.Job instance at 0x153b1f6ca1e0>,4,3,[1 6],8,8,11,0,8
1,<environment.Job instance at 0x153b1f6cab90>,8,3,[1 8],13,13,16,0,13
1,<environment.Job instance at 0x153b19e3e050>,3,16,[8 2],6,6,22,0,6
1,<environment.Job instance at 0x153b1e8dcaf0>,1,1,[1 6],3,6,7,3,6
1,<environment.Job instance at 0x153b19c19c30>,0,12,[2 5],1,1,13,0,1
1,<environment.Job instance at 0x153b1b8d62d0>,1,3,[1 9],2,13,16,11,2
1,<environment.Job instance at 0x153b1b8d6a50>,2,1,[2 5],3,5,6,2,5
1,<environment.Job instance at 0x153b1b7f3640>,7,1,[2 6],8,16,17,8,11
1,<environment.Job instance at 0x153b1b9dbf00>,6,18,[8 1],7,16,34,9,16
1,<environment.Job instance at 0x153b1b7f35f0>,10,13,[2 8],12,21,34,9,21
1,<environment.Job instance at 0x153b1b7e2aa0>,3,1,[2 5],6,7,8,1,7
1,<environment.Job instance at 0x153b1b7e2870>,2,1,[ 1 10],5,8,9,3,8
1,<environment.Job instance at 0x153b1bf930f0>,4,17,[6 1],8,24,41,16,24
1,<environment.Job instance at 0x153b1afd7e60>,3,1,[2 7],5,5,6,0,5
1,<environment.Job instance at 0x153b1bf931e0>,5,2,[2 7],7,7,9,0,7
1,<environment.Job instance at 0x153b1afd4b40>,6,16,[10  2],9,9,25,0,9
1,<environment.Job instance at 0x153b1b492320>,7,15,[2 9],10,41,56,31,41
1,<environment.Job instance at 0x153b1b89bc80>,0,3,[10  2],3,8,11,5,8
1,<environment.Job instance at 0x153b20cee0a0>,7,3,[7 2],12,13,16,1,13
1,<environment.Job instance at 0x153b1bb38c30>,0,2,[2 8],1,2,4,1,2
1,<environment.Job instance at 0x153b1cc9d730>,4,12,[9 1],8,13,25,5,13
1,<environment.Job instance at 0x153b20a12cd0>,6,2,[1 7],12,16,18,4,16
1,<environment.Job instance at 0x153b25065910>,0,12,[2 5],1,1,13,0,1
1,<environment.Job instance at 0x153b2684e730>,1,3,[1 9],2,13,16,11,2
1,<environment.Job instance at 0x153b250658c0>,2,1,[2 5],3,5,6,2,5
1,<environment.Job instance at 0x153b1fa60d70>,6,18,[8 1],7,13,31,6,13
1,<environment.Job instance at 0x153b1b8450a0>,10,13,[2 8],12,16,29,4,13
1,<environment.Job instance at 0x153b1f034a50>,12,3,[1 8],14,29,32,15,15
1,<environment.Job instance at 0x153b2093fdc0>,0,2,[8 1],2,2,4,0,2
1,<environment.Job instance at 0x153b201897d0>,1,2,[ 1 10],3,4,6,1,4
1,<environment.Job instance at 0x153b25843a00>,2,1,[ 1 10],5,8,9,3,8
1,<environment.Job instance at 0x153b1dadc2d0>,5,2,[10  1],10,10,12,0,10
1,<environment.Job instance at 0x153b1cc4fe60>,6,3,[6 2],11,12,15,1,12
1,<environment.Job instance at 0x153b1cc4f5f0>,8,3,[6 1],14,15,18,1,14
1,<environment.Job instance at 0x153b206be5a0>,0,2,[8 1],1,2,4,1,2
1,<environment.Job instance at 0x153b1a9e4500>,2,2,[2 8],4,5,7,1,5
1,<environment.Job instance at 0x153b20d75e60>,4,2,[2 7],6,7,9,1,6
1,<environment.Job instance at 0x153b1a9ecf50>,5,2,[2 7],7,9,11,2,8
1,<environment.Job instance at 0x153b20d73410>,6,16,[10  2],9,11,27,2,10
1,<environment.Job instance at 0x153b2099a190>,1,12,[ 1 10],2,27,39,25,11
1,<environment.Job instance at 0x153b20d735f0>,8,3,[9 2],11,39,42,28,25
1,<environment.Job instance at 0x153b20d73730>,9,3,[2 9],12,51,54,39,51
1,<environment.Job instance at 0x153b24e97a50>,0,3,[10  2],3,3,6,0,3
1,<environment.Job instance at 0x153b24dd3dc0>,1,2,[ 1 10],5,6,8,1,6
1,<environment.Job instance at 0x153b1d429b40>,2,1,[8 1],6,8,9,2,8
1,<environment.Job instance at 0x153b24f7daa0>,3,3,[1 5],7,10,13,3,10
1,<environment.Job instance at 0x153b1d1500f0>,6,1,[10  1],11,13,14,2,12
1,<environment.Job instance at 0x153b1d429b90>,8,3,[1 8],13,14,17,1,13
1,<environment.Job instance at 0x153b1d1735a0>,0,2,[2 8],1,2,4,1,2
1,<environment.Job instance at 0x153b23e39dc0>,4,12,[9 1],8,9,21,1,9
1,<environment.Job instance at 0x153b23f5f640>,6,2,[1 7],12,12,14,0,12
1,<environment.Job instance at 0x153b23e33eb0>,7,3,[6 1],13,21,24,8,16
1,<environment.Job instance at 0x153b23c6fe10>,0,12,[2 5],1,1,13,0,1
1,<environment.Job instance at 0x153b1f6acf00>,1,3,[1 9],2,13,16,11,2
1,<environment.Job instance at 0x153b201a4320>,3,1,[6 2],4,5,6,1,5
1,<environment.Job instance at 0x153b19f06780>,2,1,[2 5],3,10,11,7,10
1,<environment.Job instance at 0x153b1ba6be10>,9,2,[6 1],11,11,13,0,11
1,<environment.Job instance at 0x153b1db07320>,10,13,[2 8],12,16,29,4,16
1,<environment.Job instance at 0x153b1db07aa0>,0,2,[8 1],2,7,9,5,7
1,<environment.Job instance at 0x153b203f9f00>,2,2,[2 8],4,4,6,0,4
1,<environment.Job instance at 0x153b20bf0a50>,5,2,[2 7],7,7,9,0,7
1,<environment.Job instance at 0x153b20bf0d70>,6,16,[10  2],9,103,119,94,103
1,<environment.Job instance at 0x153b20bf03c0>,7,15,[2 9],10,119,134,109,110
1,<environment.Job instance at 0x153b1e0ba2d0>,0,3,[10  2],3,4,7,1,4
1,<environment.Job instance at 0x153b1e0bab40>,3,3,[1 5],7,9,12,2,9
1,<environment.Job instance at 0x153b204275f0>,1,2,[ 1 10],5,12,14,7,10
1,<environment.Job instance at 0x153b1d9cc2d0>,6,1,[10  1],11,14,15,3,13
1,<environment.Job instance at 0x153b1b678550>,0,2,[2 8],1,6,8,5,6
1,<environment.Job instance at 0x153b1c66e0a0>,4,12,[9 1],8,9,21,1,9
1,<environment.Job instance at 0x153b1c66e190>,6,2,[1 7],12,14,16,2,14
1,<environment.Job instance at 0x153b1d1d98c0>,0,12,[2 5],1,1,13,0,1
1,<environment.Job instance at 0x153b23d64eb0>,1,3,[1 9],2,13,16,11,2
1,<environment.Job instance at 0x153b250b9f50>,4,2,[7 2],5,9,11,4,9
1,<environment.Job instance at 0x153b1a2b9820>,9,2,[6 1],11,11,13,0,11
1,<environment.Job instance at 0x153b249b2550>,10,13,[2 8],12,16,29,4,13
1,<environment.Job instance at 0x153b249b2eb0>,12,3,[1 8],14,29,32,15,16
1,<environment.Job instance at 0x153b24919460>,0,2,[8 1],2,7,9,5,7
1,<environment.Job instance at 0x153b209daaf0>,4,17,[6 1],8,43,60,35,43
1,<environment.Job instance at 0x153b25787a50>,1,12,[ 1 10],2,5,17,3,5
1,<environment.Job instance at 0x153b1b7fa050>,3,1,[2 7],5,17,18,12,9
1,<environment.Job instance at 0x153b1b5ca4b0>,7,15,[2 9],10,18,33,8,10
1,<environment.Job instance at 0x153b1b5ca320>,10,1,[2 7],13,33,34,20,19
1,<environment.Job instance at 0x153b1b5ca960>,6,16,[10  2],9,34,50,25,21
1,<environment.Job instance at 0x153b1b01b410>,1,2,[ 1 10],5,8,10,3,8
1,<environment.Job instance at 0x153b1b6a45f0>,6,1,[10  1],11,13,14,2,13
1,<environment.Job instance at 0x153b1bebf410>,1,1,[1 6],3,4,5,1,4
1,<environment.Job instance at 0x153b25787d70>,2,1,[2 9],5,6,7,1,6
1,<environment.Job instance at 0x153b24b1c230>,4,12,[9 1],8,8,20,0,8
1,<environment.Job instance at 0x153b2485dfa0>,5,2,[8 2],9,20,22,11,9
1,<environment.Job instance at 0x153b2485dd70>,6,2,[1 7],12,14,16,2,14
1,<environment.Job instance at 0x153b2486ac30>,3,16,[8 2],6,22,38,16,19
1,<environment.Job instance at 0x153b2502ef50>,0,12,[2 5],1,1,13,0,1
1,<environment.Job instance at 0x153b2502ea50>,1,3,[1 9],2,13,16,11,2
1,<environment.Job instance at 0x153b2502e730>,2,1,[2 5],3,4,5,1,4
1,<environment.Job instance at 0x153b241504b0>,7,1,[2 6],8,16,17,8,8
1,<environment.Job instance at 0x153b241505f0>,8,13,[6 1],9,9,22,0,9
1,<environment.Job instance at 0x153b241505a0>,9,2,[6 1],11,22,24,11,11
1,<environment.Job instance at 0x153b24150230>,10,13,[2 8],12,17,30,5,12
1,<environment.Job instance at 0x153b1b52a0f0>,5,3,[9 2],6,30,33,24,13
1,<environment.Job instance at 0x153b1dc35960>,12,3,[1 8],14,30,33,16,15
1,<environment.Job instance at 0x153b1f5fb640>,4,17,[6 1],8,43,60,35,43
1,<environment.Job instance at 0x153b1f5fb1e0>,1,2,[ 1 10],3,60,62,57,46
1,<environment.Job instance at 0x153b23624140>,0,2,[8 1],1,2,4,1,2
1,<environment.Job instance at 0x153b1e1d7690>,3,1,[2 7],5,6,7,1,6
1,<environment.Job instance at 0x153b1e1a43c0>,6,16,[10  2],9,10,26,1,10
1,<environment.Job instance at 0x153b1aaaf0f0>,8,3,[9 2],11,26,29,15,11
1,<environment.Job instance at 0x153b1cd46500>,9,3,[2 9],12,29,32,17,12
1,<environment.Job instance at 0x153b25887870>,10,1,[2 7],13,32,33,19,13
1,<environment.Job instance at 0x153b19cac370>,4,3,[1 6],8,9,12,1,9
1,<environment.Job instance at 0x153b24dd3d20>,7,3,[7 2],12,12,15,0,12
1,<environment.Job instance at 0x153b24dd3410>,8,3,[1 8],13,13,16,0,13
1,<environment.Job instance at 0x153b19cac7d0>,1,2,[ 1 10],5,21,23,16,21
1,<environment.Job instance at 0x153b19cacdc0>,1,1,[1 6],3,6,7,3,6
1,<environment.Job instance at 0x153b232dff00>,4,12,[9 1],8,10,22,2,10
1,<environment.Job instance at 0x153b2435a370>,6,2,[1 7],12,15,17,3,15
1,<environment.Job instance at 0x153b19e23eb0>,0,12,[2 5],1,1,13,0,1
1,<environment.Job instance at 0x153b86ce8050>,1,3,[1 9],2,13,16,11,2
1,<environment.Job instance at 0x153b24a47c80>,8,13,[6 1],9,16,29,7,16
1,<environment.Job instance at 0x153b1f126dc0>,3,1,[6 2],4,29,30,25,16
1,<environment.Job instance at 0x153b1df343c0>,0,2,[8 1],2,2,4,0,2
1,<environment.Job instance at 0x153b1f8e7d20>,1,2,[ 1 10],3,4,6,1,4
1,<environment.Job instance at 0x153b2343b690>,3,1,[2 5],6,8,9,2,8
1,<environment.Job instance at 0x153b2395ba00>,6,3,[6 2],11,13,16,2,13
1,<environment.Job instance at 0x153b2343bd20>,8,3,[6 1],14,16,19,2,14
1,<environment.Job instance at 0x153b1f2c4fa0>,2,2,[2 8],4,4,6,0,4
1,<environment.Job instance at 0x153b2343b910>,3,1,[2 7],5,6,7,1,5
1,<environment.Job instance at 0x153b1af03140>,4,2,[2 7],6,7,9,1,6
1,<environment.Job instance at 0x153b1a004dc0>,5,2,[2 7],7,9,11,2,7
1,<environment.Job instance at 0x153b1a004e10>,6,16,[10  2],9,11,27,2,10
1,<environment.Job instance at 0x153b1c520870>,8,3,[9 2],11,27,30,16,11
1,<environment.Job instance at 0x153b1ae7bb40>,9,3,[2 9],12,30,33,18,12
1,<environment.Job instance at 0x153b1e299820>,10,1,[2 7],13,33,34,20,13
1,<environment.Job instance at 0x153b1b877780>,1,12,[ 1 10],2,925,937,923,925
1,<environment.Job instance at 0x153b1af04b40>,0,3,[10  2],3,3,6,0,3
1,<environment.Job instance at 0x153b19cf8870>,1,2,[ 1 10],5,6,8,1,5
1,<environment.Job instance at 0x153b20dbf4b0>,2,1,[8 1],6,8,9,2,6
1,<environment.Job instance at 0x153b20dbf500>,3,3,[1 5],7,8,11,1,8
1,<environment.Job instance at 0x153b23f4d2d0>,6,1,[10  1],11,12,13,1,12
1,<environment.Job instance at 0x153b2462a190>,8,3,[1 8],13,13,16,0,13
1,<environment.Job instance at 0x153b1f98e640>,4,3,[1 6],8,17,20,9,17
1,<environment.Job instance at 0x153b1eca2280>,0,2,[2 8],1,2,4,1,2
1,<environment.Job instance at 0x153b19cf8d70>,1,1,[1 6],3,5,6,2,5
1,<environment.Job instance at 0x153b24ddcb90>,3,16,[8 2],6,7,23,1,7
1,<environment.Job instance at 0x153b2008a1e0>,5,2,[8 2],9,23,25,14,9
1,<environment.Job instance at 0x153b23ed5370>,0,12,[2 5],1,1,13,0,1
1,<environment.Job instance at 0x153b23ed5be0>,1,3,[1 9],2,13,16,11,2
1,<environment.Job instance at 0x153b24d36dc0>,3,1,[6 2],4,4,5,0,4
1,<environment.Job instance at 0x153b20f15690>,5,3,[9 2],6,16,19,10,9
1,<environment.Job instance at 0x153b1e104960>,10,13,[2 8],12,19,32,7,14
1,<environment.Job instance at 0x153b1bb66c30>,6,18,[8 1],7,47,65,40,47
1,<environment.Job instance at 0x153b1fcd1d70>,0,2,[8 1],2,3,5,1,3
1,<environment.Job instance at 0x153b19e7f3c0>,2,1,[ 1 10],5,8,9,3,8
1,<environment.Job instance at 0x153b23a3f550>,5,2,[10  1],10,10,12,0,10
1,<environment.Job instance at 0x153b23948960>,6,3,[6 2],11,12,15,1,11
1,<environment.Job instance at 0x153b1f79ed20>,8,3,[6 1],14,15,18,1,14
1,<environment.Job instance at 0x153b24ba9d20>,4,17,[6 1],8,22,39,14,22
1,<environment.Job instance at 0x153b2386bc80>,0,2,[8 1],1,3,5,2,3
1,<environment.Job instance at 0x153b24d36820>,2,2,[2 8],4,4,6,0,4
1,<environment.Job instance at 0x153b1f924f00>,3,1,[2 7],5,6,7,1,5
1,<environment.Job instance at 0x153b1f79eeb0>,4,2,[2 7],6,7,9,1,6
1,<environment.Job instance at 0x153b2037c1e0>,5,2,[2 7],7,9,11,2,7
1,<environment.Job instance at 0x153b1b31b640>,6,16,[10  2],9,11,27,2,10
1,<environment.Job instance at 0x153b262014b0>,8,3,[9 2],11,27,30,16,11
1,<environment.Job instance at 0x153b24546910>,9,3,[2 9],12,30,33,18,13
1,<environment.Job instance at 0x153b26294820>,1,12,[ 1 10],2,1602,1614,1600,1602
1,<environment.Job instance at 0x153b1ad30960>,0,3,[10  2],3,3,6,0,3
1,<environment.Job instance at 0x153b1d741f00>,1,2,[ 1 10],5,6,8,1,5
1,<environment.Job instance at 0x153b1fadd8c0>,4,3,[1 6],8,9,12,1,9
1,<environment.Job instance at 0x153b1d741910>,3,3,[1 5],7,12,15,5,9
1,<environment.Job instance at 0x153b1e261960>,8,3,[1 8],13,15,18,2,13
1,<environment.Job instance at 0x153b1e2619b0>,7,3,[7 2],12,15,18,3,15
1,<environment.Job instance at 0x153b1ce1c550>,1,1,[1 6],3,4,5,1,4
1,<environment.Job instance at 0x153b1ddbb230>,0,2,[2 8],1,5,7,4,5
1,<environment.Job instance at 0x153b1a0d39b0>,2,1,[2 9],5,7,8,2,7
1,<environment.Job instance at 0x153b1c4f0500>,3,16,[8 2],6,8,24,2,8
1,<environment.Job instance at 0x153b1a38ae10>,5,2,[8 2],9,24,26,15,9
1,<environment.Job instance at 0x153b1bd6ee60>,4,12,[9 1],8,26,38,18,10
1,<environment.Job instance at 0x153b1a38afa0>,7,3,[6 1],13,38,41,25,14
1,<environment.Job instance at 0x153b1a13b5a0>,0,12,[2 5],1,1,13,0,1
1,<environment.Job instance at 0x153b1a13b370>,1,3,[1 9],2,13,16,11,2
1,<environment.Job instance at 0x153b1a13ba00>,3,1,[6 2],4,5,6,1,5
1,<environment.Job instance at 0x153b24ae2730>,11,3,[1 8],13,16,19,3,14
1,<environment.Job instance at 0x153b20524e10>,12,3,[1 8],14,19,22,5,15
1,<environment.Job instance at 0x153b1a6a2eb0>,0,2,[8 1],2,2,4,0,2
1,<environment.Job instance at 0x153b1fddbf00>,1,2,[ 1 10],3,4,6,1,4
1,<environment.Job instance at 0x153b234afaa0>,3,1,[2 5],6,10,11,4,10
1,<environment.Job instance at 0x153b1cab39b0>,1,12,[ 1 10],2,2,14,0,2
1,<environment.Job instance at 0x153b1dd3cb90>,6,16,[10  2],9,14,30,5,10
1,<environment.Job instance at 0x153b1bfdaaa0>,8,3,[9 2],11,30,33,19,12
1,<environment.Job instance at 0x153b20d36640>,10,1,[2 7],13,33,34,20,24
1,<environment.Job instance at 0x153b1ee026e0>,4,3,[1 6],8,9,12,1,9
1,<environment.Job instance at 0x153b23c68320>,6,1,[10  1],11,12,13,1,12
1,<environment.Job instance at 0x153b1ee027d0>,7,3,[7 2],12,13,16,1,13
1,<environment.Job instance at 0x153b25832960>,0,2,[2 8],1,1,3,0,1
1,<environment.Job instance at 0x153b1c7cc7d0>,7,3,[6 1],13,18,21,5,18
1,<environment.Job instance at 0x14cbba4155f0>,1,3,[1 9],2,2,5,0,2
1,<environment.Job instance at 0x14cbba415e10>,0,12,[2 5],1,5,17,4,4
1,<environment.Job instance at 0x14cbb9749af0>,3,1,[6 2],4,7,8,3,7
1,<environment.Job instance at 0x14cbb974b730>,0,3,[9 2],1,1,4,0,1
1,<environment.Job instance at 0x14cbb974b780>,1,18,[8 1],2,5,23,3,5
1,<environment.Job instance at 0x14cbb8f18d20>,0,2,[8 1],2,9,11,7,9
1,<environment.Job instance at 0x14cb7c7851e0>,0,1,[2 5],1,1,2,0,1
1,<environment.Job instance at 0x14cbb83bbbe0>,0,12,[2 5],1,2,14,1,2
1,<environment.Job instance at 0x14cbb83bb960>,2,1,[2 5],3,4,5,1,4
1,<environment.Job instance at 0x14cbb9a19410>,3,1,[6 2],4,7,8,3,7
1,<environment.Job instance at 0x14cbb9d1a5a0>,0,3,[9 2],1,2,5,1,2
1,<environment.Job instance at 0x14cb7ef39370>,3,13,[6 1],4,6,19,2,6
1,<environment.Job instance at 0x14cb7eee0b90>,1,13,[2 8],2,5,18,3,5
1,<environment.Job instance at 0x14cb7f2eeeb0>,0,2,[8 1],2,2,4,0,2
1,<environment.Job instance at 0x14cb7f2eea00>,1,2,[ 1 10],3,4,6,1,4
1,<environment.Job instance at 0x14cb7cccdaa0>,0,1,[2 5],1,2,3,1,2
1,<environment.Job instance at 0x14cbb9be4870>,1,17,[6 1],3,5,22,2,5
1,<environment.Job instance at 0x14cbb9845b90>,0,12,[2 5],1,2,14,1,2
1,<environment.Job instance at 0x14cbb9845c80>,2,1,[2 5],3,5,6,2,5
1,<environment.Job instance at 0x14cbb8d0a410>,1,3,[1 9],2,14,17,12,7
1,<environment.Job instance at 0x14cb7d6eb6e0>,0,3,[9 2],1,1,4,0,1
1,<environment.Job instance at 0x14cb7d6e98c0>,3,13,[6 1],4,4,17,0,4
1,<environment.Job instance at 0x14cb7e81b370>,1,13,[2 8],2,2,15,0,2
1,<environment.Job instance at 0x14cb7e819550>,2,3,[1 8],3,15,18,12,7
1,<environment.Job instance at 0x14cb7e576eb0>,0,1,[2 5],1,2,3,1,2
1,<environment.Job instance at 0x14cb7e576fa0>,1,17,[6 1],3,5,22,2,5
1,<environment.Job instance at 0x14cb7c36ebe0>,0,12,[2 5],1,2,14,1,2
1,<environment.Job instance at 0x14cbba7f8820>,2,1,[2 5],3,5,6,2,5
1,<environment.Job instance at 0x14cb7c38aaa0>,1,3,[1 9],2,14,17,12,7
1,<environment.Job instance at 0x14cb7d26e8c0>,0,3,[9 2],1,1,4,0,1
1,<environment.Job instance at 0x14cbb8d0b050>,3,13,[6 1],4,5,18,1,5
1,<environment.Job instance at 0x14cb7de738c0>,1,2,[ 1 10],3,3,5,0,3
1,<environment.Job instance at 0x14cb7e3eea50>,0,1,[2 5],1,2,3,1,2
1,<environment.Job instance at 0x14cb7c285c30>,0,12,[2 5],1,2,14,1,2
1,<environment.Job instance at 0x14cb7c285d20>,2,1,[2 5],3,5,6,2,5
1,<environment.Job instance at 0x14cb7c285a50>,1,3,[1 9],2,14,17,12,7
1,<environment.Job instance at 0x14cb7eb6cdc0>,0,3,[9 2],1,1,4,0,1
1,<environment.Job instance at 0x14cb7d9362d0>,3,13,[6 1],4,5,18,1,5
1,<environment.Job instance at 0x14cbb8d7b910>,1,2,[ 1 10],3,3,5,0,3
1,<environment.Job instance at 0x14cb7d7e3e10>,0,1,[2 5],1,2,3,1,2
1,<environment.Job instance at 0x14cbba203a50>,0,12,[2 5],1,1,13,0,1
1,<environment.Job instance at 0x14cbba203dc0>,1,3,[1 9],2,13,16,11,5
1,<environment.Job instance at 0x14cbb83beb90>,0,3,[9 2],1,1,4,0,1
1,<environment.Job instance at 0x14cbba203960>,3,13,[6 1],4,4,17,0,4
1,<environment.Job instance at 0x14cbb83be910>,1,13,[2 8],2,2,15,0,2
1,<environment.Job instance at 0x14cb7d6c7d20>,2,3,[1 8],3,15,18,12,7
1,<environment.Job instance at 0x14cbb9881190>,0,1,[2 5],1,2,3,1,2
1,<environment.Job instance at 0x14cb7e9c4140>,0,12,[2 5],1,1,13,0,1
1,<environment.Job instance at 0x14cb7e9c4be0>,1,3,[1 9],2,13,16,11,5
1,<environment.Job instance at 0x14cbba09fc30>,2,1,[2 5],3,7,8,4,7
1,<environment.Job instance at 0x14cbba3fbe60>,0,3,[9 2],1,1,4,0,1
1,<environment.Job instance at 0x14cbb99d3e10>,3,13,[6 1],4,4,17,0,4
1,<environment.Job instance at 0x14cb7edc63c0>,1,13,[2 8],2,2,15,0,2
1,<environment.Job instance at 0x14cb7edc6320>,2,3,[1 8],3,15,18,12,7
1,<environment.Job instance at 0x14cb7ee0c870>,0,1,[2 5],1,2,3,1,2
1,<environment.Job instance at 0x14cb692057d0>,0,12,[2 5],1,1,13,0,1
1,<environment.Job instance at 0x14cbb96a9780>,1,3,[1 9],2,13,16,11,5
1,<environment.Job instance at 0x14cb6933be10>,0,3,[9 2],1,1,4,0,1
1,<environment.Job instance at 0x14cb6933bc80>,2,1,[2 6],3,5,6,2,5
1,<environment.Job instance at 0x14cb6942c320>,3,13,[6 1],4,11,24,7,11
1,<environment.Job instance at 0x14cbb9743fa0>,0,1,[2 5],1,2,3,1,2
1,<environment.Job instance at 0x14cb7d2526e0>,0,12,[2 5],1,1,13,0,1
1,<environment.Job instance at 0x14cb7d252050>,1,3,[1 9],2,13,16,11,5
1,<environment.Job instance at 0x14cb7d252730>,2,1,[2 5],3,7,8,4,7
1,<environment.Job instance at 0x14cb69546e60>,0,3,[9 2],1,1,4,0,1
1,<environment.Job instance at 0x14cb69546be0>,2,1,[2 6],3,5,6,2,5
1,<environment.Job instance at 0x14cb6b5e4960>,0,1,[2 5],1,4,5,3,4
1,<environment.Job instance at 0x14cb7f252780>,0,12,[2 5],1,1,13,0,1
1,<environment.Job instance at 0x14cb7f252190>,1,3,[1 9],2,13,16,11,4
1,<environment.Job instance at 0x14cb7e2aaa50>,3,1,[6 2],4,5,6,1,5
1,<environment.Job instance at 0x14cbba01d1e0>,0,3,[9 2],1,1,4,0,1
1,<environment.Job instance at 0x14cb7c3cc9b0>,3,13,[6 1],4,4,17,0,4
1,<environment.Job instance at 0x14cbba4b3500>,0,2,[6 1],1,2,4,1,2
1,<environment.Job instance at 0x14cb7cd76960>,2,3,[1 8],3,6,9,3,6
1,<environment.Job instance at 0x14cbb9b0b870>,0,1,[2 5],1,2,3,1,2
1,<environment.Job instance at 0x14cb7ecf2dc0>,0,12,[2 5],1,2,14,1,2
1,<environment.Job instance at 0x14cb7ecf2410>,2,1,[2 5],3,5,6,2,5
1,<environment.Job instance at 0x14cb7ecf2af0>,1,3,[1 9],2,14,17,12,5
1,<environment.Job instance at 0x14cb69100fa0>,0,3,[9 2],1,1,4,0,1
1,<environment.Job instance at 0x14cb691002d0>,3,13,[6 1],4,5,18,1,5
1,<environment.Job instance at 0x14cb69117eb0>,0,2,[6 1],1,2,4,1,2
1,<environment.Job instance at 0x14cb6bc4ba50>,2,3,[1 8],3,6,9,3,6
1,<environment.Job instance at 0x14cb7dc77aa0>,0,1,[2 5],1,2,3,1,2
1,<environment.Job instance at 0x14cb6b8addc0>,0,12,[2 5],1,1,13,0,1
1,<environment.Job instance at 0x14cb6b8ad870>,1,3,[1 9],2,13,16,11,4
1,<environment.Job instance at 0x14cb6b8adaa0>,3,1,[6 2],4,5,6,1,5
1,<environment.Job instance at 0x14cbb984fa00>,0,3,[9 2],1,1,4,0,1
1,<environment.Job instance at 0x14cbb984f0f0>,2,1,[2 6],3,5,6,2,5
1,<environment.Job instance at 0x14cb7c60d320>,1,13,[2 8],2,22,35,20,22
1,<environment.Job instance at 0x14cbb98d55a0>,0,12,[2 5],1,2,14,1,2
1,<environment.Job instance at 0x14cb7ebd69b0>,2,1,[2 5],3,5,6,2,5
1,<environment.Job instance at 0x14cbb98d54b0>,1,3,[1 9],2,14,17,12,5
1,<environment.Job instance at 0x14cb6bc45f50>,0,3,[9 2],1,1,4,0,1
1,<environment.Job instance at 0x14cb6bc45dc0>,2,1,[2 6],3,5,6,2,5
1,<environment.Job instance at 0x14cb6bc45a00>,3,13,[6 1],4,18,31,14,18
1,<environment.Job instance at 0x14cb7e88ab90>,1,13,[2 8],2,22,35,20,22
1,<environment.Job instance at 0x14cbb9de87d0>,0,1,[2 5],1,5,6,4,5
1,<environment.Job instance at 0x14cb6bccf870>,0,12,[2 5],1,2,14,1,2
1,<environment.Job instance at 0x14cb6bccfaa0>,2,1,[2 5],3,5,6,2,5
1,<environment.Job instance at 0x14cb6bccf320>,1,3,[1 9],2,14,17,12,5
1,<environment.Job instance at 0x14cb7e017a00>,0,3,[9 2],1,1,4,0,1
1,<environment.Job instance at 0x14cb7e5b39b0>,2,1,[2 6],3,5,6,2,5
1,<environment.Job instance at 0x14cb7e5b3550>,3,3,[1 8],4,26,29,22,26
1,<environment.Job instance at 0x14cb7ebb4b90>,0,2,[8 1],2,2,4,0,2
1,<environment.Job instance at 0x14cb7e2710f0>,1,2,[ 1 10],3,6,8,3,6
1,<environment.Job instance at 0x14cbb9cd56e0>,0,1,[2 5],1,1,2,0,1
1,<environment.Job instance at 0x14cbb8e27b40>,0,12,[2 5],1,2,14,1,2
1,<environment.Job instance at 0x14cb7c41bb90>,2,1,[2 5],3,5,6,2,5
1,<environment.Job instance at 0x14cb7ed41410>,1,3,[1 9],2,14,17,12,5
1,<environment.Job instance at 0x14cb7e8d0730>,0,3,[9 2],1,1,4,0,1
1,<environment.Job instance at 0x14cb7e8d0370>,3,13,[6 1],4,5,18,1,5
1,<environment.Job instance at 0x14cb7e8d0a50>,2,1,[2 6],3,7,8,4,7
1,<environment.Job instance at 0x14cb7e8d0eb0>,1,13,[2 8],2,2,15,0,2
1,<environment.Job instance at 0x14cb6b70f8c0>,0,2,[6 1],1,2,4,1,2
1,<environment.Job instance at 0x14cb7e8d0500>,1,2,[ 1 10],3,8,10,5,8
1,<environment.Job instance at 0x14cb7d6f4640>,0,12,[2 5],1,2,14,1,2
1,<environment.Job instance at 0x14cb7c6d2780>,2,1,[2 5],3,5,6,2,5
1,<environment.Job instance at 0x14cb7d6f45a0>,1,3,[1 9],2,14,17,12,5
1,<environment.Job instance at 0x14cb6b581e60>,0,3,[9 2],1,1,4,0,1
1,<environment.Job instance at 0x14cb6b581460>,2,1,[2 6],3,5,6,2,5
1,<environment.Job instance at 0x14cb6b581b90>,3,13,[6 1],4,18,31,14,18
1,<environment.Job instance at 0x14cb6b581140>,1,13,[2 8],2,22,35,20,22
1,<environment.Job instance at 0x14cb7d704050>,0,1,[2 5],1,3,4,2,3
1,<environment.Job instance at 0x14cb7d4a9fa0>,0,12,[2 5],1,2,14,1,2
1,<environment.Job instance at 0x14cb7d4a9280>,2,1,[2 5],3,5,6,2,5
1,<environment.Job instance at 0x14cb7d4a9780>,1,3,[1 9],2,14,17,12,6
1,<environment.Job instance at 0x14cb69398af0>,0,3,[9 2],1,1,4,0,1
1,<environment.Job instance at 0x14cb69398be0>,2,1,[2 6],3,5,6,2,5
1,<environment.Job instance at 0x14cb693989b0>,3,13,[6 1],4,8,21,4,8
1,<environment.Job instance at 0x14cb6ac585f0>,0,2,[6 1],1,2,4,1,2
1,<environment.Job instance at 0x14cbba15fd20>,0,1,[2 5],1,2,3,1,2
1,<environment.Job instance at 0x14cb7c4df8c0>,0,12,[2 5],1,2,14,1,2
1,<environment.Job instance at 0x14cb7eebfe10>,2,1,[2 5],3,5,6,2,5
1,<environment.Job instance at 0x14cb7eebfa00>,3,1,[6 2],4,6,7,2,6
1,<environment.Job instance at 0x14cbb8aae6e0>,3,13,[6 1],4,6,19,2,6
1,<environment.Job instance at 0x14cb7e0f90f0>,3,3,[1 8],4,4,7,0,4
1,<environment.Job instance at 0x14cb7cd028c0>,1,2,[ 1 10],3,3,5,0,3
1,<environment.Job instance at 0x14cb7c0b45f0>,0,1,[2 5],1,3,4,2,3
1,<environment.Job instance at 0x14cb693415a0>,0,12,[2 5],1,2,14,1,2
1,<environment.Job instance at 0x14cb693417d0>,2,1,[2 5],3,5,6,2,5
1,<environment.Job instance at 0x14cb69341370>,1,3,[1 9],2,14,17,12,5
1,<environment.Job instance at 0x14cbb9c1c6e0>,0,3,[9 2],1,1,4,0,1
1,<environment.Job instance at 0x14cb698147d0>,2,1,[2 6],3,5,6,2,5
1,<environment.Job instance at 0x14cb691a05a0>,2,3,[1 8],3,10,13,7,10
1,<environment.Job instance at 0x14cb6b8ca320>,1,2,[ 1 10],3,15,17,12,15
1,<environment.Job instance at 0x14cb6a898c30>,0,1,[2 5],1,3,4,2,3
1,<environment.Job instance at 0x14cb6a898d20>,1,17,[6 1],3,9,26,6,9
1,<environment.Job instance at 0x14cb6a0e7320>,0,12,[2 5],1,1,13,0,1
1,<environment.Job instance at 0x14cb694d8be0>,2,1,[2 5],3,4,5,1,4
1,<environment.Job instance at 0x14cbb9b706e0>,3,1,[6 2],4,5,6,1,5
1,<environment.Job instance at 0x14cbb848cc30>,3,13,[6 1],4,22,35,18,22
1,<environment.Job instance at 0x14cb698c54b0>,0,1,[2 5],1,2,3,1,2
1,<environment.Job instance at 0x14cb7e0e04b0>,0,12,[2 5],1,1,13,0,1
1,<environment.Job instance at 0x14cb6bc5ffa0>,2,1,[2 5],3,4,5,1,4
1,<environment.Job instance at 0x14cb7ced5640>,3,1,[6 2],4,5,6,1,5
1,<environment.Job instance at 0x14cbb93f3e60>,3,13,[6 1],4,11,24,7,11
1,<environment.Job instance at 0x14cb7d5f47d0>,0,2,[6 1],1,5,7,4,5
1,<environment.Job instance at 0x14cb7d5f4be0>,1,13,[2 8],2,8,21,6,8
1,<environment.Job instance at 0x14cb6b079870>,0,2,[8 1],2,3,5,1,3
1,<environment.Job instance at 0x14cb6b582960>,1,2,[ 1 10],3,16,18,13,16
1,<environment.Job instance at 0x14cbb86eeb90>,0,12,[2 5],1,1,13,0,1
1,<environment.Job instance at 0x14cbb86eedc0>,2,1,[2 5],3,4,5,1,4
1,<environment.Job instance at 0x14cbb86ee050>,3,1,[6 2],4,5,6,1,5
1,<environment.Job instance at 0x14cb69e8b1e0>,3,13,[6 1],4,11,24,7,11
1,<environment.Job instance at 0x14cb7de5c910>,0,2,[8 1],2,3,5,1,3
1,<environment.Job instance at 0x14cbb41e7460>,1,2,[ 1 10],3,16,18,13,16
1,<environment.Job instance at 0x14cb7d98cd20>,0,12,[2 5],1,1,13,0,1
1,<environment.Job instance at 0x14cb69399dc0>,2,1,[2 5],3,4,5,1,4
1,<environment.Job instance at 0x14cb69399730>,3,1,[6 2],4,5,6,1,5
1,<environment.Job instance at 0x14cbb8303e10>,3,13,[6 1],4,54,67,50,54
1,<environment.Job instance at 0x14cbb8c35870>,0,2,[6 1],1,2,4,1,2
1,<environment.Job instance at 0x14cbb8c35a00>,2,3,[1 8],3,3,6,0,3
1,<environment.Job instance at 0x14cb7cf29460>,3,3,[1 8],4,6,9,2,5
1,<environment.Job instance at 0x14cbb8c35320>,0,2,[8 1],2,6,8,4,6
1,<environment.Job instance at 0x14cb6aa8a820>,0,12,[2 5],1,1,13,0,1
1,<environment.Job instance at 0x14cb6aa8abe0>,2,1,[2 5],3,4,5,1,4
1,<environment.Job instance at 0x14cb6aa8ac30>,3,1,[6 2],4,5,6,1,5
1,<environment.Job instance at 0x14cb6a57cb90>,3,13,[6 1],4,6,19,2,6
1,<environment.Job instance at 0x14cbb97a22d0>,0,2,[6 1],1,4,6,3,4
1,<environment.Job instance at 0x14cb6a57c370>,0,2,[8 1],2,3,5,1,3
1,<environment.Job instance at 0x14cb6b172140>,1,17,[6 1],3,3,20,0,3
1,<environment.Job instance at 0x14cb7d4a2d70>,0,12,[2 5],1,1,13,0,1
1,<environment.Job instance at 0x14cb7d4a2eb0>,1,3,[1 9],2,13,16,11,5
1,<environment.Job instance at 0x14cbb423e190>,2,1,[2 5],3,5,6,2,5
1,<environment.Job instance at 0x14cb6ae9a190>,0,3,[9 2],1,1,4,0,1
1,<environment.Job instance at 0x14cbb868faf0>,1,18,[8 1],2,5,23,3,5
1,<environment.Job instance at 0x14cb7eba6c80>,0,2,[6 1],1,3,5,2,3
1,<environment.Job instance at 0x14cb7eba6f00>,3,3,[1 8],4,4,7,0,4
1,<environment.Job instance at 0x14cb666a6190>,1,13,[2 8],2,7,20,5,7
1,<environment.Job instance at 0x14cb6a4112d0>,0,2,[8 1],2,3,5,1,3
1,<environment.Job instance at 0x14cb6a411320>,1,2,[ 1 10],3,6,8,3,6
1,<environment.Job instance at 0x14cb7cab6780>,0,1,[2 5],1,3,4,2,3
1,<environment.Job instance at 0x14cbb87f33c0>,0,12,[2 5],1,1,13,0,1
1,<environment.Job instance at 0x14cbb87f36e0>,2,1,[2 5],3,4,5,1,4
1,<environment.Job instance at 0x14cbb87f3e60>,3,1,[6 2],4,5,6,1,5
1,<environment.Job instance at 0x14cbb92ef3c0>,1,18,[8 1],2,4,22,2,4
1,<environment.Job instance at 0x14cb7ce63640>,2,1,[2 6],3,7,8,4,7
1,<environment.Job instance at 0x14cbb9abb6e0>,0,2,[6 1],1,4,6,3,4
1,<environment.Job instance at 0x14cb691f8a00>,0,2,[8 1],2,2,4,0,2
1,<environment.Job instance at 0x14cbb87a83c0>,1,2,[ 1 10],3,4,6,1,4
1,<environment.Job instance at 0x14cbb9684a00>,0,1,[2 5],1,2,3,1,2
1,<environment.Job instance at 0x14cb691f8d20>,1,17,[6 1],3,5,22,2,5
1,<environment.Job instance at 0x14cbb8e27410>,0,12,[2 5],1,2,14,1,2
1,<environment.Job instance at 0x14cbb8e27aa0>,2,1,[2 5],3,5,6,2,5
1,<environment.Job instance at 0x14cbb8e27b90>,1,3,[1 9],2,14,17,12,6
1,<environment.Job instance at 0x14cb694d94b0>,0,3,[9 2],1,1,4,0,1
1,<environment.Job instance at 0x14cb69999be0>,1,18,[8 1],2,6,24,4,6
1,<environment.Job instance at 0x14cb6acdb820>,3,3,[1 8],4,4,7,0,4
1,<environment.Job instance at 0x14cb7dbff1e0>,0,2,[8 1],2,3,5,1,3
1,<environment.Job instance at 0x14cb6b855460>,1,2,[ 1 10],3,6,8,3,6
1,<environment.Job instance at 0x14cb7eaa0820>,0,1,[2 5],1,3,4,2,3
1,<environment.Job instance at 0x14cb7e617370>,0,12,[2 5],1,2,14,1,2
1,<environment.Job instance at 0x14cb6bcd7640>,2,1,[2 5],3,5,6,2,5
1,<environment.Job instance at 0x14cb7dc25550>,1,3,[1 9],2,14,17,12,6
1,<environment.Job instance at 0x14cb664e70f0>,0,3,[9 2],1,1,4,0,1
1,<environment.Job instance at 0x14cb664e7fa0>,1,18,[8 1],2,6,24,4,6
1,<environment.Job instance at 0x14cb664e74b0>,2,1,[2 6],3,9,10,6,9
1,<environment.Job instance at 0x14cbb947ae10>,1,13,[2 8],2,4,17,2,4
1,<environment.Job instance at 0x14cb6a596960>,1,2,[ 1 10],3,3,5,0,3
1,<environment.Job instance at 0x14cbba256690>,0,1,[2 5],1,2,3,1,2
1,<environment.Job instance at 0x14cbb9d730a0>,0,12,[2 5],1,1,13,0,1
1,<environment.Job instance at 0x14cb7c01ddc0>,2,1,[2 5],3,4,5,1,4
1,<environment.Job instance at 0x14cbb9d73f00>,3,1,[6 2],4,5,6,1,5
1,<environment.Job instance at 0x14cb6b7490f0>,2,1,[2 6],3,15,16,12,15
1,<environment.Job instance at 0x14cb7e0f8f50>,2,3,[1 8],3,3,6,0,3
1,<environment.Job instance at 0x14cb7d247370>,3,3,[1 8],4,6,9,2,4
1,<environment.Job instance at 0x14cbb87f3f00>,1,13,[2 8],2,16,29,14,16
1,<environment.Job instance at 0x14cb69ffb640>,0,2,[8 1],2,3,5,1,3
1,<environment.Job instance at 0x14cb7e369c80>,0,1,[2 5],1,3,4,2,3
1,<environment.Job instance at 0x14cb7d7334b0>,1,17,[6 1],3,3,20,0,3
1,<environment.Job instance at 0x14cb68764e10>,0,12,[2 5],1,2,14,1,2
1,<environment.Job instance at 0x14cbb8be4c80>,2,1,[2 5],3,5,6,2,5
1,<environment.Job instance at 0x14cb688d4870>,1,3,[1 9],2,14,17,12,6
1,<environment.Job instance at 0x14cbb9b910f0>,0,3,[9 2],1,1,4,0,1
1,<environment.Job instance at 0x14cb6a22f0a0>,1,18,[8 1],2,6,24,4,6
1,<environment.Job instance at 0x14cb68e04690>,3,3,[1 8],4,4,7,0,4
1,<environment.Job instance at 0x14cb6953bcd0>,0,2,[8 1],2,3,5,1,3
1,<environment.Job instance at 0x14cb7dc02a00>,1,2,[ 1 10],3,6,8,3,6
1,<environment.Job instance at 0x14cbba8edeb0>,0,1,[2 5],1,3,4,2,3
1,<environment.Job instance at 0x14cbb8f11a50>,0,12,[2 5],1,2,14,1,2
1,<environment.Job instance at 0x14cb7c9b0730>,2,1,[2 5],3,5,6,2,5
1,<environment.Job instance at 0x14cbb8f11690>,1,3,[1 9],2,14,17,12,8
1,<environment.Job instance at 0x14cb69b87f50>,0,3,[9 2],1,1,4,0,1
1,<environment.Job instance at 0x14cb7eba6780>,1,18,[8 1],2,6,24,4,6
1,<environment.Job instance at 0x14cbb9f78370>,3,13,[6 1],4,24,37,20,14
1,<environment.Job instance at 0x14cb7cfc8a00>,2,3,[1 8],3,3,6,0,3
1,<environment.Job instance at 0x14cb7cfc85a0>,3,3,[1 8],4,6,9,2,4
1,<environment.Job instance at 0x14cbb4223230>,1,13,[2 8],2,9,22,7,5
1,<environment.Job instance at 0x14cb6acfb410>,0,2,[8 1],2,2,4,0,2
1,<environment.Job instance at 0x14cb7dbdcc80>,1,2,[ 1 10],3,8,10,5,8
1,<environment.Job instance at 0x14cb6b7c66e0>,0,1,[2 5],1,1,2,0,1
1,<environment.Job instance at 0x14cb6b7c6550>,1,17,[6 1],3,13,30,10,13
1,<environment.Job instance at 0x14cb7e3907d0>,0,12,[2 5],1,1,13,0,1
1,<environment.Job instance at 0x14cbb89bb5a0>,2,1,[2 5],3,4,5,1,4
1,<environment.Job instance at 0x14cb6ab84500>,3,1,[6 2],4,5,6,1,5
1,<environment.Job instance at 0x14cb6635a0f0>,2,3,[1 8],3,3,6,0,3
1,<environment.Job instance at 0x14cb6635a3c0>,3,3,[1 8],4,6,9,2,4
1,<environment.Job instance at 0x14cb6ba6bcd0>,0,2,[8 1],2,3,5,1,3
1,<environment.Job instance at 0x14cbb83a2960>,0,12,[2 5],1,1,13,0,1
1,<environment.Job instance at 0x14cb684d2230>,2,1,[2 5],3,4,5,1,4
1,<environment.Job instance at 0x14cbb83a2640>,3,1,[6 2],4,5,6,1,5
1,<environment.Job instance at 0x14cb7d6e9af0>,2,3,[1 8],3,3,6,0,3
1,<environment.Job instance at 0x14cb6895c7d0>,3,3,[1 8],4,6,9,2,4
1,<environment.Job instance at 0x14cb685eddc0>,0,2,[8 1],2,3,5,1,3
1,<environment.Job instance at 0x14cb7c3165f0>,0,12,[2 5],1,2,14,1,2
1,<environment.Job instance at 0x14cb7c3165a0>,2,1,[2 5],3,5,6,2,5
1,<environment.Job instance at 0x14cb7c316690>,1,3,[1 9],2,14,17,12,8
1,<environment.Job instance at 0x14cb662f46e0>,0,3,[9 2],1,1,4,0,1
1,<environment.Job instance at 0x14cb66306a50>,1,18,[8 1],2,5,23,3,5
1,<environment.Job instance at 0x14cb662f4af0>,2,1,[2 6],3,11,12,8,11
1,<environment.Job instance at 0x14cbb8a443c0>,0,2,[6 1],1,3,5,2,3
1,<environment.Job instance at 0x14cb662f4af0>,3,3,[1 8],4,4,7,0,4
1,<environment.Job instance at 0x14cb681a1460>,1,2,[ 1 10],3,3,5,0,3
1,<environment.Job instance at 0x14cb6857b910>,0,1,[2 5],1,2,3,1,2
1,<environment.Job instance at 0x14cb7c316eb0>,0,12,[2 5],1,2,14,1,2
1,<environment.Job instance at 0x14cbba37a050>,2,1,[2 5],3,5,6,2,5
1,<environment.Job instance at 0x14cbba37ae60>,1,3,[1 9],2,14,17,12,8
1,<environment.Job instance at 0x14cbb96c45f0>,0,3,[9 2],1,1,4,0,1
1,<environment.Job instance at 0x14cb69122960>,1,18,[8 1],2,5,23,3,5
1,<environment.Job instance at 0x14cb684ab0a0>,0,2,[8 1],2,3,5,1,3
1,<environment.Job instance at 0x14cb68a4ad20>,0,12,[2 5],1,1,13,0,1
1,<environment.Job instance at 0x14cb699ee5a0>,2,1,[2 5],3,4,5,1,4
1,<environment.Job instance at 0x14cb6b2a33c0>,3,1,[6 2],4,5,6,1,5
1,<environment.Job instance at 0x14cb7d600140>,3,13,[6 1],4,6,19,2,6
1,<environment.Job instance at 0x14cb68c92820>,2,3,[1 8],3,3,6,0,3
1,<environment.Job instance at 0x14cbb42d4410>,3,3,[1 8],4,6,9,2,4
1,<environment.Job instance at 0x14cb67d425a0>,0,2,[8 1],2,3,5,1,3
1,<environment.Job instance at 0x14cb680b1c30>,0,12,[2 5],1,1,13,0,1
1,<environment.Job instance at 0x14cb680cc050>,2,1,[2 5],3,4,5,1,4
1,<environment.Job instance at 0x14cb68073e60>,3,1,[6 2],4,5,6,1,5
1,<environment.Job instance at 0x14cb665d3f00>,2,3,[1 8],3,3,6,0,3
1,<environment.Job instance at 0x14cb6b114d20>,0,2,[8 1],2,3,5,1,3
1,<environment.Job instance at 0x14cb7c1cd960>,0,12,[2 5],1,1,13,0,1
1,<environment.Job instance at 0x14cbb4076d70>,2,1,[2 5],3,4,5,1,4
1,<environment.Job instance at 0x14cb7c1cddc0>,3,1,[6 2],4,5,6,1,5
1,<environment.Job instance at 0x14cb7d54ae10>,1,13,[2 8],2,3,16,1,3
1,<environment.Job instance at 0x14cb6672c9b0>,2,3,[1 8],3,16,19,13,3
1,<environment.Job instance at 0x14cbb98451e0>,0,2,[8 1],2,2,4,0,2
1,<environment.Job instance at 0x14cb684d2eb0>,0,1,[2 5],1,2,3,1,2
1,<environment.Job instance at 0x14cb7cef6d20>,1,17,[6 1],3,5,22,2,5
1,<environment.Job instance at 0x14cb675c15f0>,0,12,[2 5],1,1,13,0,1
1,<environment.Job instance at 0x14cb67cf2af0>,2,1,[2 5],3,4,5,1,4
1,<environment.Job instance at 0x14cbb9044780>,3,1,[6 2],4,5,6,1,5
1,<environment.Job instance at 0x14cb681a97d0>,0,3,[9 2],1,2,5,1,2
1,<environment.Job instance at 0x14cb7ef549b0>,2,1,[2 6],3,5,6,2,3
1,<environment.Job instance at 0x14cb679f86e0>,0,2,[6 1],1,3,5,2,3
1,<environment.Job instance at 0x14cb679f8820>,3,3,[1 8],4,4,7,0,4
1,<environment.Job instance at 0x14cb674dceb0>,0,1,[2 5],1,3,4,2,3
1,<environment.Job instance at 0x14cb679f8730>,1,17,[6 1],3,4,21,1,4
1,<environment.Job instance at 0x14cb6b030e60>,0,12,[2 5],1,1,13,0,1
1,<environment.Job instance at 0x14cb7ca87460>,2,1,[2 5],3,4,5,1,4
1,<environment.Job instance at 0x14cb7ca87640>,3,1,[6 2],4,5,6,1,5
1,<environment.Job instance at 0x14cbb975b8c0>,0,3,[9 2],1,2,5,1,2
1,<environment.Job instance at 0x14cbb975b4b0>,2,1,[2 6],3,5,6,2,3
1,<environment.Job instance at 0x14cb66b4aaa0>,0,2,[6 1],1,4,6,3,4
1,<environment.Job instance at 0x14cbb975b1e0>,1,13,[2 8],2,4,17,2,4
1,<environment.Job instance at 0x14cb67fa83c0>,0,2,[8 1],2,3,5,1,3
1,<environment.Job instance at 0x14cb67950c80>,0,1,[2 5],1,3,4,2,3
1,<environment.Job instance at 0x14cb6ae56a00>,0,12,[2 5],1,1,13,0,1
1,<environment.Job instance at 0x14cb6ae56fa0>,2,1,[2 5],3,4,5,1,4
1,<environment.Job instance at 0x14cb6ae56550>,3,1,[6 2],4,5,6,1,5
1,<environment.Job instance at 0x14cb68aae690>,0,3,[9 2],1,2,5,1,2
1,<environment.Job instance at 0x14cb68aae320>,2,1,[2 6],3,5,6,2,3
1,<environment.Job instance at 0x14cb671c2f00>,2,3,[1 8],3,3,6,0,3
1,<environment.Job instance at 0x14cb69a3fd20>,3,3,[1 8],4,6,9,2,4
1,<environment.Job instance at 0x14cb6b7df230>,0,2,[8 1],2,2,4,0,2
1,<environment.Job instance at 0x14cb7dc50a50>,0,1,[2 5],1,2,3,1,2
1,<environment.Job instance at 0x14cbb9b0e5a0>,1,17,[6 1],3,5,22,2,5
1,<environment.Job instance at 0x14cb6ac22fa0>,0,12,[2 5],1,1,13,0,1
1,<environment.Job instance at 0x14cb6a677a00>,2,1,[2 5],3,4,5,1,4
1,<environment.Job instance at 0x14cb69aced70>,3,1,[6 2],4,5,6,1,5
1,<environment.Job instance at 0x14cb6a9da3c0>,3,13,[6 1],4,49,62,45,49
1,<environment.Job instance at 0x14cb669b1c30>,0,2,[6 1],1,2,4,1,2
1,<environment.Job instance at 0x14cb7d540730>,1,13,[2 8],2,20,33,18,20
1,<environment.Job instance at 0x14cb69c6ce10>,1,17,[6 1],3,3,20,0,3
1,<environment.Job instance at 0x14cb68e81eb0>,0,12,[2 5],1,1,13,0,1
1,<environment.Job instance at 0x14cb6ac225a0>,2,1,[2 5],3,4,5,1,4
1,<environment.Job instance at 0x14cb6ac22500>,3,1,[6 2],4,5,6,1,5
1,<environment.Job instance at 0x14cbb9c02c30>,3,13,[6 1],4,22,35,18,22
1,<environment.Job instance at 0x14cbb8c3c190>,1,2,[ 1 10],3,3,5,0,3
1,<environment.Job instance at 0x14cb68ecc6e0>,0,1,[2 5],1,2,3,1,2
1,<environment.Job instance at 0x14cb7cf12190>,0,12,[2 5],1,2,14,1,2
1,<environment.Job instance at 0x14cb7cf12b90>,2,1,[2 5],3,5,6,2,5
1,<environment.Job instance at 0x14cb7cf12eb0>,1,3,[1 9],2,14,17,12,6
1,<environment.Job instance at 0x14cbb92d4aa0>,0,3,[9 2],1,1,4,0,1
1,<environment.Job instance at 0x14cb6b033c80>,3,13,[6 1],4,5,18,1,5
1,<environment.Job instance at 0x14cbb92d4d20>,1,13,[2 8],2,2,15,0,2
1,<environment.Job instance at 0x14cb65b3dfa0>,0,2,[8 1],2,4,6,2,4
1,<environment.Job instance at 0x14cb7ef54550>,0,12,[2 5],1,2,14,1,2
1,<environment.Job instance at 0x14cb7ef54190>,2,1,[2 5],3,5,6,2,5
1,<environment.Job instance at 0x14cb67094780>,0,3,[9 2],1,1,4,0,1
1,<environment.Job instance at 0x14cb7d658eb0>,2,1,[2 6],3,4,5,1,3
1,<environment.Job instance at 0x14cb67106410>,3,13,[6 1],4,4,17,0,4
1,<environment.Job instance at 0x14cb67d591e0>,1,13,[2 8],2,2,15,0,2
1,<environment.Job instance at 0x14cbb891dd20>,2,3,[1 8],3,15,18,12,3
1,<environment.Job instance at 0x14cb7c40adc0>,0,2,[8 1],2,6,8,4,6
1,<environment.Job instance at 0x14cb7c40ad70>,1,2,[ 1 10],3,21,23,18,21
1,<environment.Job instance at 0x14cb68aa1f00>,0,12,[2 5],1,2,14,1,2
1,<environment.Job instance at 0x14cb68aa1320>,2,1,[2 5],3,5,6,2,5
1,<environment.Job instance at 0x14cb69097f00>,0,3,[9 2],1,1,4,0,1
1,<environment.Job instance at 0x14cb7d88fbe0>,2,1,[2 6],3,4,5,1,3
1,<environment.Job instance at 0x14cb69e77050>,3,13,[6 1],4,4,17,0,4
1,<environment.Job instance at 0x14cbb9d42aa0>,0,2,[6 1],1,2,4,1,2
1,<environment.Job instance at 0x14cb6564b0f0>,0,1,[2 5],1,2,3,1,2
1,<environment.Job instance at 0x14cb7eb9d460>,2,1,[2 5],3,4,5,1,4
1,<environment.Job instance at 0x14cb69c94460>,0,3,[9 2],1,1,4,0,1
1,<environment.Job instance at 0x14cbb95d2410>,2,1,[2 6],3,4,5,1,3
1,<environment.Job instance at 0x14cb69c94280>,3,13,[6 1],4,4,17,0,4
1,<environment.Job instance at 0x14cb6b47b780>,0,2,[6 1],1,2,4,1,2
1,<environment.Job instance at 0x14cb69264b40>,0,2,[8 1],2,2,4,0,2
1,<environment.Job instance at 0x14cb692642d0>,1,2,[ 1 10],3,4,6,1,4
1,<environment.Job instance at 0x14cb6b514730>,0,1,[2 5],1,4,5,3,4
1,<environment.Job instance at 0x14cb6b7c51e0>,2,1,[2 5],3,4,5,1,4
1,<environment.Job instance at 0x14cb6b7c55f0>,3,1,[6 2],4,10,11,6,10
1,<environment.Job instance at 0x14cb7c31af50>,0,3,[9 2],1,1,4,0,1
1,<environment.Job instance at 0x14cb6a2f5460>,3,13,[6 1],4,4,17,0,4
1,<environment.Job instance at 0x14cbb911c6e0>,1,13,[2 8],2,2,15,0,2
1,<environment.Job instance at 0x14cb68a9a140>,0,2,[6 1],1,2,4,1,2
1,<environment.Job instance at 0x14cb6ac8faa0>,0,2,[8 1],2,4,6,2,4
1,<environment.Job instance at 0x14cb66dcb230>,2,1,[2 5],3,4,5,1,4
1,<environment.Job instance at 0x14cb66ef5820>,0,3,[9 2],1,1,4,0,1
1,<environment.Job instance at 0x14cb66ef5410>,2,1,[2 6],3,4,5,1,3
1,<environment.Job instance at 0x14cb677475f0>,3,13,[6 1],4,4,17,0,4
1,<environment.Job instance at 0x14cb685633c0>,0,2,[6 1],1,2,4,1,2
1,<environment.Job instance at 0x14cbb4291820>,3,1,[6 2],4,4,5,0,4
1,<environment.Job instance at 0x14cb67bf35a0>,0,3,[9 2],1,1,4,0,1
1,<environment.Job instance at 0x14cb67bf3aa0>,2,1,[2 6],3,4,5,1,3
1,<environment.Job instance at 0x14cb67bf3690>,3,13,[6 1],4,4,17,0,4
1,<environment.Job instance at 0x14cb6b026be0>,0,2,[6 1],1,2,4,1,2
1,<environment.Job instance at 0x14cb6899f370>,1,3,[1 9],2,2,5,0,2
1,<environment.Job instance at 0x14cbb8851aa0>,2,1,[2 5],3,5,6,2,4
1,<environment.Job instance at 0x14cb686e1d20>,0,3,[9 2],1,1,4,0,1
1,<environment.Job instance at 0x14cb66c7bbe0>,2,3,[1 8],3,3,6,0,3
1,<environment.Job instance at 0x14cb7c1f26e0>,3,3,[1 8],4,6,9,2,4
1,<environment.Job instance at 0x14cb6a9b8af0>,0,2,[8 1],2,2,4,0,2
1,<environment.Job instance at 0x14cb67c95b90>,0,1,[2 5],1,2,3,1,2
1,<environment.Job instance at 0x14cb674b1050>,1,3,[1 9],2,2,5,0,2
1,<environment.Job instance at 0x14cb65fe5370>,2,1,[2 5],3,5,6,2,4
1,<environment.Job instance at 0x14cb67b5c820>,0,3,[9 2],1,1,4,0,1
1,<environment.Job instance at 0x14cb64ed28c0>,3,3,[1 8],4,4,7,0,4
1,<environment.Job instance at 0x14cb64ed29b0>,0,2,[8 1],2,2,4,0,2
1,<environment.Job instance at 0x14cb6b44c910>,1,17,[6 1],3,3,20,0,3
1,<environment.Job instance at 0x14cb67a1e230>,1,3,[1 9],2,2,5,0,2
1,<environment.Job instance at 0x14cb6650c550>,2,1,[2 5],3,5,6,2,4
1,<environment.Job instance at 0x14cb6563bd20>,0,3,[9 2],1,1,4,0,1
1,<environment.Job instance at 0x14cb666f8190>,3,3,[1 8],4,4,7,0,4
1,<environment.Job instance at 0x14cb7f3f80a0>,0,2,[8 1],2,3,5,1,3
1,<environment.Job instance at 0x14cb6b82df50>,1,3,[1 9],2,2,5,0,2
1,<environment.Job instance at 0x14cbb9737f50>,2,1,[2 5],3,5,6,2,4
1,<environment.Job instance at 0x14cb64fd9550>,0,3,[9 2],1,1,4,0,1
1,<environment.Job instance at 0x14cb64fd9f00>,2,1,[2 6],3,6,7,3,6
1,<environment.Job instance at 0x14cb67be7050>,0,2,[6 1],1,2,4,1,2
1,<environment.Job instance at 0x14cb67be7f50>,2,3,[1 8],3,3,6,0,3
1,<environment.Job instance at 0x14cb6584f8c0>,3,3,[1 8],4,6,9,2,4
1,<environment.Job instance at 0x14cb68035280>,1,2,[ 1 10],3,3,5,0,3
1,<environment.Job instance at 0x14cb65096aa0>,0,2,[8 1],2,5,7,3,4
1,<environment.Job instance at 0x14cb665ddd20>,1,3,[1 9],2,2,5,0,2
1,<environment.Job instance at 0x14cb665ddb40>,2,1,[2 5],3,5,6,2,4
1,<environment.Job instance at 0x14cb7cb947d0>,0,3,[9 2],1,1,4,0,1
1,<environment.Job instance at 0x14cb7cd6e5a0>,2,1,[2 6],3,7,8,4,7
1,<environment.Job instance at 0x14cb6bb10f50>,0,2,[6 1],1,2,4,1,2
1,<environment.Job instance at 0x14cb6bb107d0>,2,3,[1 8],3,3,6,0,3
1,<environment.Job instance at 0x14cb650ec190>,3,3,[1 8],4,6,9,2,5
1,<environment.Job instance at 0x14cb6711f500>,0,2,[8 1],2,2,4,0,2
1,<environment.Job instance at 0x14cb678f7c30>,0,1,[2 5],1,4,5,3,4
1,<environment.Job instance at 0x14cbb8bbceb0>,1,3,[1 9],2,2,5,0,2
1,<environment.Job instance at 0x14cb7e6f08c0>,2,1,[2 5],3,5,6,2,4
1,<environment.Job instance at 0x14cb6b4c5b90>,0,3,[9 2],1,1,4,0,1
1,<environment.Job instance at 0x14cb694a76e0>,0,2,[6 1],1,2,4,1,2
1,<environment.Job instance at 0x14cb7ce2ad70>,2,3,[1 8],3,3,6,0,3
1,<environment.Job instance at 0x14cb644c31e0>,3,3,[1 8],4,6,9,2,5
1,<environment.Job instance at 0x14cb7d7ff5a0>,0,2,[8 1],2,2,4,0,2
1,<environment.Job instance at 0x14cbba274230>,0,1,[2 5],1,3,4,2,3
1,<environment.Job instance at 0x14cb63068460>,1,3,[1 9],2,2,5,0,2
1,<environment.Job instance at 0x14cb692a60a0>,2,1,[2 5],3,5,6,2,4
1,<environment.Job instance at 0x14cb64c63820>,0,3,[9 2],1,1,4,0,1
1,<environment.Job instance at 0x14cb68035910>,2,3,[1 8],3,4,7,1,4
1,<environment.Job instance at 0x14cb655ae690>,0,2,[8 1],2,3,5,1,3
1,<environment.Job instance at 0x14cb6b6a90f0>,0,1,[2 5],1,4,5,3,4
1,<environment.Job instance at 0x14cb67b61500>,1,3,[1 9],2,2,5,0,2
1,<environment.Job instance at 0x14cb69b4f320>,2,1,[2 5],3,5,6,2,4
1,<environment.Job instance at 0x14cb7d639910>,0,3,[9 2],1,1,4,0,1
1,<environment.Job instance at 0x14cb6b131280>,2,1,[2 6],3,6,7,3,6
1,<environment.Job instance at 0x14cb66f15f50>,3,13,[6 1],4,36,49,32,36
1,<environment.Job instance at 0x14cb64f788c0>,0,2,[6 1],1,2,4,1,2
1,<environment.Job instance at 0x14cb689ac2d0>,2,3,[1 8],3,3,6,0,3
1,<environment.Job instance at 0x14cb697ac4b0>,3,3,[1 8],4,6,9,2,4
1,<environment.Job instance at 0x14cb64347730>,0,2,[8 1],2,2,4,0,2
1,<environment.Job instance at 0x14cb6ad21b40>,1,17,[6 1],3,6,23,3,6
1,<environment.Job instance at 0x14cb6659dcd0>,1,3,[1 9],2,2,5,0,2
1,<environment.Job instance at 0x14cb6b2bb640>,2,1,[2 5],3,5,6,2,4
1,<environment.Job instance at 0x14cb64b3af00>,0,3,[9 2],1,1,4,0,1
1,<environment.Job instance at 0x14cb65b6a2d0>,3,13,[6 1],4,30,43,26,30
1,<environment.Job instance at 0x14cb66ac46e0>,2,3,[1 8],3,3,6,0,3
1,<environment.Job instance at 0x14cb6768a1e0>,3,3,[1 8],4,6,9,2,4
1,<environment.Job instance at 0x14cb65e9d5f0>,0,2,[8 1],2,2,4,0,2
1,<environment.Job instance at 0x14cb65957870>,1,2,[ 1 10],3,4,6,1,3
1,<environment.Job instance at 0x14cb685bb870>,0,1,[2 5],1,2,3,1,2
1,<environment.Job instance at 0x14cb7c12cd20>,1,3,[1 9],2,2,5,0,2
1,<environment.Job instance at 0x14cb7c12c690>,2,1,[2 5],3,5,6,2,4
1,<environment.Job instance at 0x14cb68194dc0>,0,3,[9 2],1,1,4,0,1
1,<environment.Job instance at 0x14cb681945f0>,3,13,[6 1],4,196,209,192,196
1,<environment.Job instance at 0x14cb68315910>,3,3,[1 8],4,4,7,0,4
1,<environment.Job instance at 0x14cb684225f0>,1,2,[ 1 10],3,3,5,0,3
1,<environment.Job instance at 0x14cb655a87d0>,0,2,[8 1],2,5,7,3,3
1,<environment.Job instance at 0x14cb633f4910>,1,3,[1 9],2,2,5,0,2
1,<environment.Job instance at 0x14cb65fed960>,2,1,[2 5],3,5,6,2,4
1,<environment.Job instance at 0x14cb65fed3c0>,0,3,[9 2],1,1,4,0,1
1,<environment.Job instance at 0x14cbb9058cd0>,1,18,[8 1],2,4,22,2,2
1,<environment.Job instance at 0x14cb65fed640>,3,13,[6 1],4,434,447,430,434
1,<environment.Job instance at 0x14cbb9058aa0>,0,2,[6 1],1,1,3,0,1
1,<environment.Job instance at 0x14cb7dff1a50>,2,3,[1 8],3,3,6,0,3
1,<environment.Job instance at 0x14cb69fb4e60>,3,3,[1 8],4,6,9,2,4
1,<environment.Job instance at 0x14cb65feda00>,0,2,[8 1],2,2,4,0,2
1,<environment.Job instance at 0x14cb7dff1960>,0,1,[2 5],1,3,4,2,3
1,<environment.Job instance at 0x14cb64326820>,1,3,[1 9],2,2,5,0,2
1,<environment.Job instance at 0x14cbb4078730>,2,1,[2 5],3,5,6,2,4
1,<environment.Job instance at 0x14cbb9e95f50>,0,3,[9 2],1,1,4,0,1
1,<environment.Job instance at 0x14cb69cc3780>,0,2,[6 1],1,2,4,1,2
1,<environment.Job instance at 0x14cb653e66e0>,3,3,[1 8],4,4,7,0,4
1,<environment.Job instance at 0x14cb6bf03370>,0,2,[8 1],2,2,4,0,2
1,<environment.Job instance at 0x14cb653e6690>,1,2,[ 1 10],3,4,6,1,3
1,<environment.Job instance at 0x14cb6a7155a0>,0,1,[2 5],1,2,3,1,2
1,<environment.Job instance at 0x14cb63404cd0>,1,3,[1 9],2,2,5,0,2
1,<environment.Job instance at 0x14cb7ceb6230>,2,1,[2 5],3,5,6,2,4
1,<environment.Job instance at 0x14cb63aeb140>,0,3,[9 2],1,1,4,0,1
1,<environment.Job instance at 0x14cb63aebf00>,1,18,[8 1],2,4,22,2,2
1,<environment.Job instance at 0x14cbb8bd4a50>,2,3,[1 8],3,3,6,0,3
1,<environment.Job instance at 0x14cbb8bd45a0>,3,3,[1 8],4,6,9,2,4
1,<environment.Job instance at 0x14cb681492d0>,1,2,[ 1 10],3,4,6,1,4
1,<environment.Job instance at 0x14cb67524320>,0,1,[2 5],1,2,3,1,2
1,<environment.Job instance at 0x14cb6b3305a0>,1,3,[1 9],2,2,5,0,2
1,<environment.Job instance at 0x14cb650fc8c0>,2,1,[2 5],3,5,6,2,4
1,<environment.Job instance at 0x14cb69c6cd20>,0,3,[9 2],1,1,4,0,1
1,<environment.Job instance at 0x14cb69c6cf00>,3,13,[6 1],4,94,107,90,94
1,<environment.Job instance at 0x14cb68e3c280>,0,2,[6 1],1,1,3,0,1
1,<environment.Job instance at 0x14cb68e3cbe0>,2,3,[1 8],3,3,6,0,3
1,<environment.Job instance at 0x14cb68e3c0a0>,3,3,[1 8],4,6,9,2,4
1,<environment.Job instance at 0x14cb69c6c5a0>,0,2,[8 1],2,2,4,0,2
1,<environment.Job instance at 0x14cb66e5f5f0>,0,1,[2 5],1,4,5,3,4
1,<environment.Job instance at 0x14cb69ac9c80>,1,3,[1 9],2,2,5,0,2
1,<environment.Job instance at 0x14cb681dc780>,2,1,[2 5],3,5,6,2,4
1,<environment.Job instance at 0x14cb67da3280>,3,1,[6 2],4,10,11,6,10
1,<environment.Job instance at 0x14cb641d0c80>,0,3,[9 2],1,1,4,0,1
1,<environment.Job instance at 0x14cb62bf2be0>,0,2,[6 1],1,6,8,5,6
1,<environment.Job instance at 0x14cb653450a0>,0,2,[8 1],2,2,4,0,2
1,<environment.Job instance at 0x14cb69891f50>,0,1,[2 5],1,4,5,3,4
1,<environment.Job instance at 0x14cbb844a8c0>,1,3,[1 9],2,2,5,0,2
1,<environment.Job instance at 0x14cb68c8e500>,2,1,[2 5],3,5,6,2,4
1,<environment.Job instance at 0x14cb7f2a1140>,0,3,[9 2],1,1,4,0,1
1,<environment.Job instance at 0x14cb6ba9bf50>,0,2,[6 1],1,6,8,5,6
1,<environment.Job instance at 0x14cb66c6ebe0>,0,2,[8 1],2,5,7,3,5
1,<environment.Job instance at 0x14cb68c1c280>,1,3,[1 9],2,2,5,0,2
1,<environment.Job instance at 0x14cbb8961780>,2,1,[2 5],3,5,6,2,4
1,<environment.Job instance at 0x14cb656356e0>,0,3,[9 2],1,1,4,0,1
1,<environment.Job instance at 0x14cb62858e60>,0,2,[8 1],2,2,4,0,2
1,<environment.Job instance at 0x14cb650c5b90>,1,17,[6 1],3,4,21,1,4
1,<environment.Job instance at 0x14cb7c369190>,0,1,[2 5],1,7,8,6,7
1,<environment.Job instance at 0x14cb66747a00>,1,3,[1 9],2,2,5,0,2
1,<environment.Job instance at 0x14cb66747fa0>,2,1,[2 5],3,5,6,2,4
1,<environment.Job instance at 0x14cb6a13b8c0>,0,3,[9 2],1,1,4,0,1
1,<environment.Job instance at 0x14cb638a7690>,0,2,[8 1],2,2,4,0,2
1,<environment.Job instance at 0x14cbb9afd460>,1,3,[1 9],2,2,5,0,2
1,<environment.Job instance at 0x14cb69bf5a00>,2,1,[2 5],3,5,6,2,4
1,<environment.Job instance at 0x14cb69bf5b40>,3,1,[6 2],4,10,11,6,10
1,<environment.Job instance at 0x14cbb9d3e6e0>,0,3,[9 2],1,1,4,0,1
1,<environment.Job instance at 0x14cbb9d3e5a0>,0,2,[8 1],2,2,4,0,2
1,<environment.Job instance at 0x14cb696197d0>,1,3,[1 9],2,2,5,0,2
1,<environment.Job instance at 0x14cb7e2cb230>,2,1,[2 5],3,5,6,2,4
1,<environment.Job instance at 0x14cb6aded500>,3,1,[6 2],4,10,11,6,10
1,<environment.Job instance at 0x14cb63251d20>,0,3,[9 2],1,1,4,0,1
1,<environment.Job instance at 0x14cb637ace60>,0,2,[6 1],1,16,18,15,16
1,<environment.Job instance at 0x14cb6b3f5640>,0,2,[8 1],2,2,4,0,2
1,<environment.Job instance at 0x14cbb8a3eb40>,1,3,[1 9],2,2,5,0,2
1,<environment.Job instance at 0x14cb68d14e10>,2,1,[2 5],3,5,6,2,4
1,<environment.Job instance at 0x14cb67cb80a0>,0,3,[9 2],1,1,4,0,1
1,<environment.Job instance at 0x14cb62a18eb0>,0,2,[6 1],1,16,18,15,16
1,<environment.Job instance at 0x14cb6259bb40>,0,2,[8 1],2,5,7,3,5
1,<environment.Job instance at 0x14cb681d7d70>,0,1,[2 5],1,7,8,6,7
1,<environment.Job instance at 0x14cb65c00960>,1,3,[1 9],2,2,5,0,2
1,<environment.Job instance at 0x14cb65c00d70>,2,1,[2 5],3,5,6,2,4
1,<environment.Job instance at 0x14cb68a66460>,0,3,[9 2],1,1,4,0,1
1,<environment.Job instance at 0x14cb6b582410>,0,2,[6 1],1,16,18,15,16
1,<environment.Job instance at 0x14cb6279d910>,1,2,[ 1 10],3,4,6,1,4
1,<environment.Job instance at 0x14cb66d72690>,0,1,[2 5],1,2,3,1,2
1,<environment.Job instance at 0x14cb7cfb7870>,1,3,[1 9],2,2,5,0,2
1,<environment.Job instance at 0x14cb649ef640>,2,1,[2 5],3,5,6,2,4
1,<environment.Job instance at 0x14cb64582640>,0,3,[9 2],1,1,4,0,1
1,<environment.Job instance at 0x14cb64582a00>,1,18,[8 1],2,4,22,2,2
1,<environment.Job instance at 0x14cb64582eb0>,2,1,[2 6],3,7,8,4,7
1,<environment.Job instance at 0x14cb7cd7ae10>,2,3,[1 8],3,3,6,0,3
1,<environment.Job instance at 0x14cb664cc4b0>,3,3,[1 8],4,6,9,2,4
1,<environment.Job instance at 0x14cb64a46910>,1,2,[ 1 10],3,4,6,1,4
1,<environment.Job instance at 0x14cb686e3a50>,0,1,[2 5],1,2,3,1,2
1,<environment.Job instance at 0x14cb6a9daf50>,1,3,[1 9],2,2,5,0,2
1,<environment.Job instance at 0x14cb7e0c4780>,2,1,[2 5],3,5,6,2,4
1,<environment.Job instance at 0x14cb62b58dc0>,0,3,[9 2],1,1,4,0,1
1,<environment.Job instance at 0x14cb6511bbe0>,1,18,[8 1],2,4,22,2,2
1,<environment.Job instance at 0x14cb62b588c0>,2,1,[2 6],3,7,8,4,7
1,<environment.Job instance at 0x14cb612cc730>,0,2,[6 1],1,2,4,1,2
1,<environment.Job instance at 0x14cb612cc690>,2,3,[1 8],3,3,6,0,3
1,<environment.Job instance at 0x14cb64058500>,3,3,[1 8],4,6,9,2,4
1,<environment.Job instance at 0x14cb658a0370>,0,2,[8 1],2,2,4,0,2
1,<environment.Job instance at 0x14cb7e7cd910>,1,3,[1 9],2,2,5,0,2
1,<environment.Job instance at 0x14cb650bf1e0>,2,1,[2 5],3,5,6,2,4
1,<environment.Job instance at 0x14cb650bf870>,3,1,[6 2],4,10,11,6,10
1,<environment.Job instance at 0x14cb7d994640>,0,3,[9 2],1,1,4,0,1
1,<environment.Job instance at 0x14cb65f945f0>,2,1,[2 6],3,7,8,4,7
1,<environment.Job instance at 0x14cb7d9940f0>,3,13,[6 1],4,444,457,440,444
1,<environment.Job instance at 0x14cb6a9e0b40>,0,2,[6 1],1,1,3,0,1
1,<environment.Job instance at 0x14cb6a9e0fa0>,2,3,[1 8],3,3,6,0,3
1,<environment.Job instance at 0x14cb6a72b870>,3,3,[1 8],4,6,9,2,4
1,<environment.Job instance at 0x14cb61c24410>,0,2,[8 1],2,2,4,0,2
1,<environment.Job instance at 0x14cb66fb5be0>,1,3,[1 9],2,2,5,0,2
1,<environment.Job instance at 0x14cb7d354280>,2,1,[2 5],3,5,6,2,4
1,<environment.Job instance at 0x14cb620a7d70>,0,3,[9 2],1,1,4,0,1
1,<environment.Job instance at 0x14cb62a02050>,2,1,[2 6],3,7,8,4,7
1,<environment.Job instance at 0x14cb7e63c820>,0,2,[8 1],2,2,4,0,2
1,<environment.Job instance at 0x14cb614a3cd0>,0,1,[2 5],1,2,3,1,2
1,<environment.Job instance at 0x14cb7cd2f370>,1,3,[1 9],2,2,5,0,2
1,<environment.Job instance at 0x14cbba1f2190>,2,1,[2 5],3,5,6,2,4
1,<environment.Job instance at 0x14cb61b91fa0>,0,3,[9 2],1,1,4,0,1
1,<environment.Job instance at 0x14cb61b91d70>,1,18,[8 1],2,4,22,2,2
1,<environment.Job instance at 0x14cb61855500>,2,1,[2 6],3,7,8,4,7
1,<environment.Job instance at 0x14cb64989af0>,0,2,[6 1],1,1,3,0,1
1,<environment.Job instance at 0x14cb7e5f20f0>,2,3,[1 8],3,3,6,0,3
1,<environment.Job instance at 0x14cb6687f550>,3,3,[1 8],4,6,9,2,4
1,<environment.Job instance at 0x14cb68b18190>,0,2,[8 1],2,2,4,0,2
1,<environment.Job instance at 0x14cb6b29e050>,1,2,[ 1 10],3,4,6,1,3
1,<environment.Job instance at 0x14cb628e45f0>,0,1,[2 5],1,2,3,1,2
1,<environment.Job instance at 0x14cb682e7870>,1,3,[1 9],2,2,5,0,2
1,<environment.Job instance at 0x14cb682e71e0>,2,1,[2 5],3,5,6,2,4
1,<environment.Job instance at 0x14cb625283c0>,0,3,[9 2],1,1,4,0,1
1,<environment.Job instance at 0x14cb6650c0f0>,1,18,[8 1],2,4,22,2,2
1,<environment.Job instance at 0x14cb62528960>,2,1,[2 6],3,7,8,4,7
1,<environment.Job instance at 0x14cb7c2d5640>,1,13,[2 8],2,2,15,0,2
1,<environment.Job instance at 0x14cb63e6a2d0>,2,3,[1 8],3,15,18,12,3
1,<environment.Job instance at 0x14cb66867870>,3,3,[1 8],4,18,21,14,4
1,<environment.Job instance at 0x14cb662e9c80>,0,1,[2 5],1,1,2,0,1
1,<environment.Job instance at 0x14cb6b398190>,1,3,[1 9],2,2,5,0,2
1,<environment.Job instance at 0x14cb663fcb40>,2,1,[2 5],3,5,6,2,4
1,<environment.Job instance at 0x14cb6975ff50>,0,3,[9 2],1,1,4,0,1
1,<environment.Job instance at 0x14cb660dee10>,1,18,[8 1],2,4,22,2,2
1,<environment.Job instance at 0x14cb66747550>,2,1,[2 6],3,7,8,4,7
1,<environment.Job instance at 0x14cb626b7820>,0,2,[6 1],1,1,3,0,1
1,<environment.Job instance at 0x14cb6a784d20>,2,3,[1 8],3,3,6,0,3
1,<environment.Job instance at 0x14cb66f582d0>,3,3,[1 8],4,6,9,2,4
1,<environment.Job instance at 0x14cb67780690>,0,2,[8 1],2,2,4,0,2
1,<environment.Job instance at 0x14cb6108ef00>,1,3,[1 9],2,2,5,0,2
1,<environment.Job instance at 0x14cb64af54b0>,2,1,[2 5],3,5,6,2,4
1,<environment.Job instance at 0x14cb60877dc0>,0,3,[9 2],1,1,4,0,1
1,<environment.Job instance at 0x14cb64521910>,1,18,[8 1],2,4,22,2,2
1,<environment.Job instance at 0x14cb645217d0>,2,1,[2 6],3,7,8,4,7
1,<environment.Job instance at 0x14cb67ea4e10>,0,2,[8 1],2,2,4,0,2
1,<environment.Job instance at 0x14cb6164b410>,1,3,[1 9],2,2,5,0,2
1,<environment.Job instance at 0x14cb69796aa0>,2,1,[2 5],3,5,6,2,4
1,<environment.Job instance at 0x14cb69421aa0>,0,3,[9 2],1,1,4,0,1
1,<environment.Job instance at 0x14cb7f2ea730>,1,18,[8 1],2,4,22,2,2
1,<environment.Job instance at 0x14cb69421f50>,2,1,[2 6],3,7,8,4,7
1,<environment.Job instance at 0x14cb6b87ad20>,3,3,[1 8],4,7,10,3,7
1,<environment.Job instance at 0x14cb605b1690>,0,2,[8 1],2,2,4,0,2
1,<environment.Job instance at 0x14cb6aafb0a0>,0,1,[2 5],1,2,3,1,2
1,<environment.Job instance at 0x14cb5e15c0f0>,1,3,[1 9],2,2,5,0,2
1,<environment.Job instance at 0x14cb60ce64b0>,2,1,[2 5],3,5,6,2,4
1,<environment.Job instance at 0x14cb60f952d0>,0,3,[9 2],1,1,4,0,1
1,<environment.Job instance at 0x14cb60f95960>,3,13,[6 1],4,258,271,254,258
1,<environment.Job instance at 0x14cb7e20c7d0>,0,2,[6 1],1,1,3,0,1
1,<environment.Job instance at 0x14cbb90d4190>,2,3,[1 8],3,3,6,0,3
1,<environment.Job instance at 0x14cb65cf4730>,3,3,[1 8],4,6,9,2,4
1,<environment.Job instance at 0x14cb7eef5910>,0,2,[8 1],2,2,4,0,2
1,<environment.Job instance at 0x14cb60d63460>,1,3,[1 9],2,2,5,0,2
1,<environment.Job instance at 0x14cb6938c370>,2,1,[2 5],3,5,6,2,4
1,<environment.Job instance at 0x14cb6abb9640>,0,3,[9 2],1,1,4,0,1
1,<environment.Job instance at 0x14cb6387e7d0>,2,1,[2 6],3,6,7,3,6
1,<environment.Job instance at 0x14cb60f00140>,0,2,[6 1],1,1,3,0,1
1,<environment.Job instance at 0x14cb6ab35be0>,2,3,[1 8],3,3,6,0,3
1,<environment.Job instance at 0x14cb7e539f00>,3,3,[1 8],4,6,9,2,4
1,<environment.Job instance at 0x14cb61e97be0>,0,2,[8 1],2,2,4,0,2
1,<environment.Job instance at 0x14cb66616cd0>,1,3,[1 9],2,2,5,0,2
1,<environment.Job instance at 0x14cb650d9be0>,2,1,[2 5],3,5,6,2,4
1,<environment.Job instance at 0x14cb7ea24aa0>,0,3,[9 2],1,1,4,0,1
1,<environment.Job instance at 0x14cb7c62c4b0>,1,18,[8 1],2,4,22,2,2
1,<environment.Job instance at 0x14cb7ea24410>,2,1,[2 6],3,6,7,3,6
1,<environment.Job instance at 0x14cb62a312d0>,0,2,[6 1],1,1,3,0,1
1,<environment.Job instance at 0x14cb685733c0>,2,3,[1 8],3,4,7,1,4
1,<environment.Job instance at 0x14cb63a075a0>,0,2,[8 1],2,2,4,0,2
1,<environment.Job instance at 0x14cb62114eb0>,0,1,[2 5],1,3,4,2,3
1,<environment.Job instance at 0x14cb64308b90>,1,3,[1 9],2,2,5,0,2
1,<environment.Job instance at 0x14cb616fa6e0>,2,1,[2 5],3,5,6,2,4
1,<environment.Job instance at 0x14cb64a57c80>,0,3,[9 2],1,1,4,0,1
1,<environment.Job instance at 0x14cb64a57a00>,1,18,[8 1],2,4,22,2,2
1,<environment.Job instance at 0x14cb64a57320>,2,1,[2 6],3,6,7,3,6
1,<environment.Job instance at 0x14cb6b696d20>,0,2,[6 1],1,1,3,0,1
1,<environment.Job instance at 0x14cb6b696d70>,2,3,[1 8],3,3,6,0,3
1,<environment.Job instance at 0x14cbb8d010f0>,3,3,[1 8],4,6,9,2,4
1,<environment.Job instance at 0x14cb6b696410>,0,2,[8 1],2,2,4,0,2
1,<environment.Job instance at 0x14cb60ac27d0>,1,3,[1 9],2,2,5,0,2
1,<environment.Job instance at 0x14cb6b744b90>,2,1,[2 5],3,5,6,2,4
1,<environment.Job instance at 0x14cb5fe0e3c0>,0,3,[9 2],1,1,4,0,1
1,<environment.Job instance at 0x14cb5fe12050>,1,18,[8 1],2,4,22,2,2
1,<environment.Job instance at 0x14cb5fe0ed70>,2,1,[2 6],3,6,7,3,6
1,<environment.Job instance at 0x14cb656456e0>,0,2,[6 1],1,1,3,0,1
1,<environment.Job instance at 0x14cb6197a820>,2,3,[1 8],3,4,7,1,4
1,<environment.Job instance at 0x14cb6197ae10>,0,2,[8 1],2,2,4,0,2
1,<environment.Job instance at 0x14cb62c8f0f0>,0,1,[2 5],1,3,4,2,3
1,<environment.Job instance at 0x14cb63a3d500>,1,3,[1 9],2,2,5,0,2
1,<environment.Job instance at 0x14cb63a3daa0>,2,1,[2 5],3,5,6,2,4
1,<environment.Job instance at 0x14cb5fb8f230>,0,3,[9 2],1,1,4,0,1
1,<environment.Job instance at 0x14cb62648e60>,0,2,[6 1],1,2,4,1,2
1,<environment.Job instance at 0x14cb6b3e2690>,2,3,[1 8],3,3,6,0,3
1,<environment.Job instance at 0x14cb6b6fb1e0>,3,3,[1 8],4,6,9,2,4
1,<environment.Job instance at 0x14cbb8413aa0>,0,2,[8 1],2,2,4,0,2
1,<environment.Job instance at 0x14cb60a96a50>,1,3,[1 9],2,2,5,0,2
1,<environment.Job instance at 0x14cb5f99caf0>,2,1,[2 5],3,5,6,2,4
1,<environment.Job instance at 0x14cb5f9c1a50>,0,3,[9 2],1,1,4,0,1
1,<environment.Job instance at 0x14cb6ae64730>,0,2,[6 1],1,2,4,1,2
1,<environment.Job instance at 0x14cb5fd5cb90>,2,3,[1 8],3,3,6,0,3
1,<environment.Job instance at 0x14cb6ae64500>,3,3,[1 8],4,6,9,2,4
1,<environment.Job instance at 0x14cb60e75140>,0,2,[8 1],2,2,4,0,2
1,<environment.Job instance at 0x14cb68c4f140>,1,3,[1 9],2,2,5,0,2
1,<environment.Job instance at 0x14cb68c4f9b0>,2,1,[2 5],3,5,6,2,4
1,<environment.Job instance at 0x14cb5ef2c780>,3,1,[6 2],4,10,11,6,10
1,<environment.Job instance at 0x14cb615177d0>,0,3,[9 2],1,1,4,0,1
1,<environment.Job instance at 0x14cb615179b0>,0,2,[6 1],1,2,4,1,2
1,<environment.Job instance at 0x14cb5ee661e0>,2,3,[1 8],3,3,6,0,3
1,<environment.Job instance at 0x14cb5fea0fa0>,3,3,[1 8],4,6,9,2,4
1,<environment.Job instance at 0x14cb5fdc8dc0>,0,2,[8 1],2,2,4,0,2
1,<environment.Job instance at 0x14cb5ee45780>,1,3,[1 9],2,2,5,0,2
1,<environment.Job instance at 0x14cb6173cf50>,2,1,[2 5],3,5,6,2,4
1,<environment.Job instance at 0x14cbb4314f50>,0,3,[9 2],1,1,4,0,1
1,<environment.Job instance at 0x14cbb4314a50>,1,18,[8 1],2,4,22,2,2
1,<environment.Job instance at 0x14cbb43148c0>,2,1,[2 6],3,6,7,3,6
1,<environment.Job instance at 0x14cb5fd798c0>,0,2,[6 1],1,1,3,0,1
1,<environment.Job instance at 0x14cb5fd795f0>,2,3,[1 8],3,4,7,1,4
1,<environment.Job instance at 0x14cbb4314f00>,0,2,[8 1],2,2,4,0,2
1,<environment.Job instance at 0x14cb5f1c4f00>,0,1,[2 5],1,3,4,2,3
1,<environment.Job instance at 0x14cb623d3a00>,1,3,[1 9],2,2,5,0,2
1,<environment.Job instance at 0x14cb604f1fa0>,2,1,[2 5],3,5,6,2,4
1,<environment.Job instance at 0x14cb604f1140>,3,1,[6 2],4,10,11,6,10
1,<environment.Job instance at 0x14cb69cad190>,0,3,[9 2],1,1,4,0,1
1,<environment.Job instance at 0x14cb6556f9b0>,1,18,[8 1],2,4,22,2,2
1,<environment.Job instance at 0x14cb69cad9b0>,2,1,[2 6],3,6,7,3,6
1,<environment.Job instance at 0x14cb61934a00>,0,2,[6 1],1,1,3,0,1
1,<environment.Job instance at 0x14cb637f26e0>,2,3,[1 8],3,3,6,0,3
1,<environment.Job instance at 0x14cb6633d320>,3,3,[1 8],4,6,9,2,4
1,<environment.Job instance at 0x14cb62e22780>,0,2,[8 1],2,2,4,0,2
1,<environment.Job instance at 0x14cb6216d870>,1,3,[1 9],2,2,5,0,2
1,<environment.Job instance at 0x14cb6216d280>,2,1,[2 5],3,5,6,2,4
1,<environment.Job instance at 0x14cbb8458230>,0,3,[9 2],1,1,4,0,1
1,<environment.Job instance at 0x14cb7c7c4370>,0,2,[8 1],2,2,4,0,2
1,<environment.Job instance at 0x14cb5f9430a0>,1,3,[1 9],2,2,5,0,2
1,<environment.Job instance at 0x14cb610ea730>,2,1,[2 5],3,5,6,2,4
1,<environment.Job instance at 0x14cb6b4636e0>,0,3,[9 2],1,1,4,0,1
1,<environment.Job instance at 0x14cb64a0ecd0>,0,2,[8 1],2,2,4,0,2
1,<environment.Job instance at 0x14cb7da4e7d0>,1,3,[1 9],2,2,5,0,2
1,<environment.Job instance at 0x14cb5f7276e0>,2,1,[2 5],3,5,6,2,4
1,<environment.Job instance at 0x14cb67325dc0>,0,3,[9 2],1,1,4,0,1
1,<environment.Job instance at 0x14cb609c4190>,2,3,[1 8],3,3,6,0,3
1,<environment.Job instance at 0x14cb606f95f0>,3,3,[1 8],4,6,9,2,4
1,<environment.Job instance at 0x14cb609c4910>,0,2,[8 1],2,2,4,0,2
1,<environment.Job instance at 0x14cb67cb8870>,1,3,[1 9],2,2,5,0,2
1,<environment.Job instance at 0x14cb6aa555a0>,2,1,[2 5],3,5,6,2,4
1,<environment.Job instance at 0x14cb67dca0a0>,0,3,[9 2],1,1,4,0,1
1,<environment.Job instance at 0x14cb5f73c0a0>,0,2,[6 1],1,2,4,1,2
1,<environment.Job instance at 0x14cb5f73c1e0>,2,3,[1 8],3,3,6,0,3
1,<environment.Job instance at 0x14cb5f737cd0>,3,3,[1 8],4,6,9,2,4
1,<environment.Job instance at 0x14cbb9b69550>,0,2,[8 1],2,2,4,0,2
1,<environment.Job instance at 0x14cb5e975b40>,1,3,[1 9],2,2,5,0,2
1,<environment.Job instance at 0x14cb5f4d5230>,2,1,[2 5],3,5,6,2,4
1,<environment.Job instance at 0x14cb63246320>,0,3,[9 2],1,1,4,0,1
1,<environment.Job instance at 0x14cb678aefa0>,1,18,[8 1],2,4,22,2,2
1,<environment.Job instance at 0x14cb5f3cd0a0>,0,2,[6 1],1,2,4,1,2
1,<environment.Job instance at 0x14cb5f3cd320>,2,3,[1 8],3,3,6,0,3
1,<environment.Job instance at 0x14cb60167f50>,3,3,[1 8],4,6,9,2,4
1,<environment.Job instance at 0x14cb6980ad20>,0,2,[8 1],2,2,4,0,2
1,<environment.Job instance at 0x14cb7f02dc80>,1,3,[1 9],2,2,5,0,2
1,<environment.Job instance at 0x14cb7f02d410>,2,1,[2 5],3,5,6,2,4
1,<environment.Job instance at 0x14cb6502ee60>,0,3,[9 2],1,1,4,0,1
1,<environment.Job instance at 0x14cb6502e780>,1,18,[8 1],2,4,22,2,2
1,<environment.Job instance at 0x14cb7d5333c0>,0,2,[6 1],1,1,3,0,1
1,<environment.Job instance at 0x14cb660bc550>,2,3,[1 8],3,3,6,0,3
1,<environment.Job instance at 0x14cb63cf1140>,3,3,[1 8],4,6,9,2,4
1,<environment.Job instance at 0x14cbb88ebe10>,0,2,[8 1],2,2,4,0,2
1,<environment.Job instance at 0x14cb6b980410>,1,3,[1 9],2,2,5,0,2
1,<environment.Job instance at 0x14cbba95b410>,2,1,[2 5],3,5,6,2,4
1,<environment.Job instance at 0x14cb6b85ffa0>,0,3,[9 2],1,1,4,0,1
1,<environment.Job instance at 0x14cb7ed443c0>,1,18,[8 1],2,4,22,2,2
1,<environment.Job instance at 0x14cb7dc7d550>,0,2,[6 1],1,2,4,1,2
1,<environment.Job instance at 0x14cb7dc7d7d0>,2,3,[1 8],3,3,6,0,3
1,<environment.Job instance at 0x14cb7dc7d500>,3,3,[1 8],4,6,9,2,4
1,<environment.Job instance at 0x14cb681d78c0>,0,2,[8 1],2,2,4,0,2
1,<environment.Job instance at 0x14cb65218f00>,0,1,[2 5],1,2,3,1,2
1,<environment.Job instance at 0x14cb6127b690>,1,3,[1 9],2,2,5,0,2
1,<environment.Job instance at 0x14cb61005780>,2,1,[2 5],3,5,6,2,4
1,<environment.Job instance at 0x14cb650bab40>,0,3,[9 2],1,1,4,0,1
1,<environment.Job instance at 0x14cb696c2460>,2,3,[1 8],3,3,6,0,3
1,<environment.Job instance at 0x14cb6a698190>,3,3,[1 8],4,6,9,2,4
1,<environment.Job instance at 0x14cb6384b190>,0,2,[8 1],2,2,4,0,2
1,<environment.Job instance at 0x14cb5f560140>,1,3,[1 9],2,2,5,0,2
1,<environment.Job instance at 0x14cb5f55e230>,2,1,[2 5],3,5,6,2,4
1,<environment.Job instance at 0x14cb67b5eeb0>,0,3,[9 2],1,1,4,0,1
1,<environment.Job instance at 0x14cb6bb71550>,0,2,[6 1],1,2,4,1,2
1,<environment.Job instance at 0x14cbb8689f00>,2,3,[1 8],3,3,6,0,3
1,<environment.Job instance at 0x14cb66aad280>,3,3,[1 8],4,6,9,2,4
1,<environment.Job instance at 0x14cb62427780>,0,2,[8 1],2,2,4,0,2
