iteration,job object,job ID,job Length,job ressource requirement,job enter time,job start time,job finish time,job waiting time,current time
1,<environment.Job instance at 0x1543d15a7870>,8,13,[6 1],9,9,22,0,9
1,<environment.Job instance at 0x1543d1cfc870>,10,13,[2 8],12,13,26,1,12
1,<environment.Job instance at 0x1543d1d06aa0>,17,17,[6 1],23,24,41,1,24
1,<environment.Job instance at 0x1543d1d1d460>,24,12,[ 1 10],32,41,53,9,32
1,<environment.Job instance at 0x1543d1cb8a50>,30,15,[2 9],40,53,68,13,40
1,<environment.Job instance at 0x1543d3db03c0>,11,16,[8 2],16,16,32,0,16
1,<environment.Job instance at 0x1543d3da44b0>,17,16,[2 5],26,26,42,0,26
1,<environment.Job instance at 0x1543d3db2500>,20,15,[2 9],32,42,57,10,32
1,<environment.Job instance at 0x1543d3e57c30>,32,2,[ 2 10],47,58,60,11,58
1,<environment.Job instance at 0x1543d3e57e10>,31,1,[2 5],46,117,118,71,117
1,<environment.Job instance at 0x1543d3e60190>,0,13,[7 2],2,2,15,0,2
1,<environment.Job instance at 0x1543d3ddcbe0>,3,1,[1 6],7,7,8,0,7
1,<environment.Job instance at 0x1543d3d328c0>,10,12,[2 8],15,15,27,0,15
1,<environment.Job instance at 0x1543d5171320>,20,15,[7 1],29,29,44,0,29
1,<environment.Job instance at 0x1543d51db5a0>,22,1,[5 1],31,44,45,13,31
1,<environment.Job instance at 0x1543d52310f0>,28,17,[1 9],39,39,56,0,39
1,<environment.Job instance at 0x1543d5231e60>,29,13,[2 9],40,56,69,16,47
1,<environment.Job instance at 0x1543e401be10>,23,15,[1 7],35,867,882,832,867
1,<environment.Job instance at 0x1543e401b2d0>,28,15,[2 7],43,882,897,839,873
1,<environment.Job instance at 0x1543d1c94730>,1,13,[ 2 10],2,2,15,0,2
1,<environment.Job instance at 0x1543d1046dc0>,7,12,[7 1],10,15,27,5,10
1,<environment.Job instance at 0x1543d1c73550>,16,17,[1 6],21,21,38,0,21
1,<environment.Job instance at 0x1543d15647d0>,20,15,[9 2],30,30,45,0,30
1,<environment.Job instance at 0x1543e409b190>,4,14,[2 8],9,9,23,0,9
1,<environment.Job instance at 0x1543d41a9370>,9,14,[6 1],17,17,31,0,17
1,<environment.Job instance at 0x1543d41a90f0>,10,15,[2 8],18,23,38,5,18
1,<environment.Job instance at 0x1543ec0ba050>,22,18,[5 2],33,42,60,9,42
1,<environment.Job instance at 0x1543d3f065f0>,3,12,[7 2],7,7,19,0,7
1,<environment.Job instance at 0x1543d1d6a690>,13,13,[5 2],21,21,34,0,21
1,<environment.Job instance at 0x1543d0f78fa0>,26,16,[7 2],44,44,60,0,44
1,<environment.Job instance at 0x1543d0f78780>,28,18,[5 2],47,60,78,13,49
1,<environment.Job instance at 0x1543d0f78370>,29,1,[1 8],48,68,69,20,68
1,<environment.Job instance at 0x1543d3f848c0>,0,12,[2 9],3,3,15,0,3
1,<environment.Job instance at 0x1543d5536190>,0,14,[1 6],2,2,16,0,2
1,<environment.Job instance at 0x1543d3f8faa0>,12,14,[1 6],19,19,33,0,19
1,<environment.Job instance at 0x1543d0e45190>,13,14,[1 9],20,33,47,13,20
1,<environment.Job instance at 0x1543d14e1be0>,3,16,[2 6],6,6,22,0,6
1,<environment.Job instance at 0x1543d3f2d3c0>,9,15,[1 5],13,22,37,9,13
1,<environment.Job instance at 0x1543ec07d0a0>,2,27,[ 2 10],3,3,30,0,3
1,<environment.Job instance at 0x1543ec3540f0>,16,15,[1 8],22,30,45,8,22
1,<environment.Job instance at 0x1543d1459730>,33,17,[2 7],44,45,62,1,44
1,<environment.Job instance at 0x1543d0d92a50>,4,16,[ 2 10],5,5,21,0,5
1,<environment.Job instance at 0x1543d0d92280>,8,13,[5 1],11,21,34,10,11
1,<environment.Job instance at 0x1543d0e36be0>,12,14,[2 8],15,21,35,6,15
1,<environment.Job instance at 0x1543d1438780>,30,18,[2 6],44,49,67,5,49
1,<environment.Job instance at 0x1543d14381e0>,33,14,[2 5],48,67,81,19,52
1,<environment.Job instance at 0x1543d3cca690>,17,1,[ 2 10],20,2476,2477,2456,2476
1,<environment.Job instance at 0x1543d4006500>,0,12,[1 5],1,1,13,0,1
1,<environment.Job instance at 0x1543d4006230>,1,13,[7 2],2,2,15,0,2
1,<environment.Job instance at 0x1543d13c3960>,4,18,[1 5],7,13,31,6,7
1,<environment.Job instance at 0x1543d13c3eb0>,5,16,[1 5],11,15,31,4,11
1,<environment.Job instance at 0x1543d13c3f00>,12,16,[ 2 10],22,31,47,9,22
1,<environment.Job instance at 0x1543d1086230>,16,16,[2 7],31,47,63,16,34
1,<environment.Job instance at 0x1543e4134f50>,28,17,[2 8],47,63,80,16,61
1,<environment.Job instance at 0x1543d4010e60>,2,17,[1 9],4,4,21,0,4
1,<environment.Job instance at 0x1543d50e26e0>,5,15,[2 8],12,21,36,9,12
1,<environment.Job instance at 0x1543ec049a00>,11,15,[2 7],20,36,51,16,22
1,<environment.Job instance at 0x1543ec06af50>,19,12,[7 1],36,36,48,0,36
1,<environment.Job instance at 0x1543d51fa050>,3,12,[2 8],5,5,17,0,5
1,<environment.Job instance at 0x1543d51fa370>,7,13,[2 5],9,17,30,8,9
1,<environment.Job instance at 0x1543d530faa0>,15,12,[2 6],23,30,42,7,24
1,<environment.Job instance at 0x1543ee05c230>,20,16,[1 6],31,42,58,11,31
1,<environment.Job instance at 0x1543ee05c320>,28,12,[2 9],42,58,70,16,49
1,<environment.Job instance at 0x1543d3f06640>,30,13,[1 9],44,70,83,26,55
1,<environment.Job instance at 0x1543ee05c640>,24,1,[10  2],37,732,733,695,732
1,<environment.Job instance at 0x1543ee05c190>,26,16,[1 9],39,1207,1223,1168,1207
1,<environment.Job instance at 0x1543ee05ce60>,25,2,[7 2],38,1373,1375,1335,1373
1,<environment.Job instance at 0x1543e404f640>,0,17,[2 9],1,1,18,0,1
1,<environment.Job instance at 0x1543e404fb40>,3,17,[5 2],4,18,35,14,6
1,<environment.Job instance at 0x1543d40fa190>,12,16,[ 2 10],15,35,51,20,22
1,<environment.Job instance at 0x1543d146c690>,18,13,[2 8],23,51,64,28,35
1,<environment.Job instance at 0x1543d3ec41e0>,30,15,[7 2],39,53,68,14,53
1,<environment.Job instance at 0x1543e4063af0>,34,16,[1 8],43,64,80,21,57
1,<environment.Job instance at 0x1543e404feb0>,8,3,[8 2],11,187,190,176,187
1,<environment.Job instance at 0x1543d3dcca50>,7,1,[1 6],10,189,190,179,189
1,<environment.Job instance at 0x1543ec68a500>,9,13,[6 1],14,14,27,0,14
1,<environment.Job instance at 0x1543ec684e10>,14,13,[2 6],19,19,32,0,19
1,<environment.Job instance at 0x1543ec6777d0>,20,16,[6 1],27,111,127,84,111
1,<environment.Job instance at 0x1543d115c2d0>,32,14,[2 9],41,119,133,78,119
1,<environment.Job instance at 0x1543d3e000a0>,39,17,[1 8],48,133,150,85,124
1,<environment.Job instance at 0x1543ec6770a0>,19,13,[2 8],26,2361,2374,2335,2361
1,<environment.Job instance at 0x1543ec6a5e60>,2,13,[7 2],4,4,17,0,4
1,<environment.Job instance at 0x1543d3e205a0>,4,15,[ 2 10],6,17,32,11,6
1,<environment.Job instance at 0x1543ec0ec4b0>,12,15,[2 9],16,32,47,16,18
1,<environment.Job instance at 0x1543d1cdfeb0>,29,17,[1 7],40,48,65,8,48
1,<environment.Job instance at 0x1543d52f26e0>,33,14,[5 2],49,49,63,0,49
1,<environment.Job instance at 0x1543d3d4b640>,11,12,[5 2],17,17,29,0,17
1,<environment.Job instance at 0x1543d3d4bd70>,3,1,[1 8],4,869,870,865,869
1,<environment.Job instance at 0x1543d0f19e10>,2,17,[1 8],8,8,25,0,8
1,<environment.Job instance at 0x1543e4118f00>,6,13,[2 9],16,25,38,9,16
1,<environment.Job instance at 0x1543d1ccd870>,21,12,[6 2],33,91,103,58,91
1,<environment.Job instance at 0x1543ec089190>,26,14,[ 2 10],39,103,117,64,91
1,<environment.Job instance at 0x1543d3e200f0>,17,1,[5 1],28,168,169,140,168
1,<environment.Job instance at 0x1528104c9a50>,0,12,[2 5],1,1,13,0,1
1,<environment.Job instance at 0x1527b9c79190>,8,13,[6 1],9,9,22,0,9
1,<environment.Job instance at 0x1527ba4aa640>,10,13,[2 8],12,13,26,1,12
1,<environment.Job instance at 0x1527ba4b86e0>,17,17,[6 1],23,23,40,0,23
1,<environment.Job instance at 0x1527ba386230>,30,15,[2 9],40,40,55,0,40
1,<environment.Job instance at 0x1527bc40bc80>,9,16,[2 5],16,16,32,0,16
1,<environment.Job instance at 0x1527bc40b870>,12,15,[2 9],22,32,47,10,22
1,<environment.Job instance at 0x1527bc4845a0>,26,13,[7 2],42,47,60,5,44
1,<environment.Job instance at 0x1527bc529c30>,34,14,[7 1],52,60,74,8,53
1,<environment.Job instance at 0x1527bc40b0f0>,20,3,[1 9],33,60,63,27,54
1,<environment.Job instance at 0x1527bc529410>,36,12,[2 8],55,63,75,8,60
1,<environment.Job instance at 0x1527bc529780>,37,1,[10  1],57,88,89,31,88
1,<environment.Job instance at 0x1527bd9d3730>,6,15,[7 1],9,9,24,0,9
1,<environment.Job instance at 0x1527bd9d3410>,12,13,[ 1 10],16,24,37,8,16
1,<environment.Job instance at 0x1527bd9d35a0>,15,13,[2 9],20,37,50,17,21
1,<environment.Job instance at 0x1527bd85b550>,40,27,[1 8],53,76,103,23,76
1,<environment.Job instance at 0x1527bc7347d0>,1,15,[1 7],5,5,20,0,5
1,<environment.Job instance at 0x1527bd900af0>,6,15,[2 7],13,20,35,7,13
1,<environment.Job instance at 0x1527bd888e60>,20,12,[7 1],30,39,51,9,39
1,<environment.Job instance at 0x1527baf1abe0>,27,18,[8 1],38,51,69,13,45
1,<environment.Job instance at 0x1527baf1a5f0>,28,16,[1 6],39,46,62,7,46
1,<environment.Job instance at 0x1527bd900be0>,14,13,[ 2 10],22,1033,1046,1011,1033
1,<environment.Job instance at 0x1527bd900230>,13,2,[ 1 10],21,1049,1051,1028,1049
1,<environment.Job instance at 0x1527b965c0f0>,4,18,[7 2],9,9,27,0,9
1,<environment.Job instance at 0x1527b9eed780>,9,14,[2 8],19,19,33,0,19
1,<environment.Job instance at 0x1527b9c38410>,15,15,[2 8],28,33,48,5,28
1,<environment.Job instance at 0x1527b9489460>,0,17,[7 1],2,2,19,0,2
1,<environment.Job instance at 0x1527b9489d20>,3,12,[7 2],7,19,31,12,7
1,<environment.Job instance at 0x1527d4853230>,31,12,[2 9],53,53,65,0,53
1,<environment.Job instance at 0x1527b98d5730>,22,18,[6 2],36,2793,2811,2757,2793
1,<environment.Job instance at 0x1527bb95ebe0>,37,14,[1 6],59,2811,2825,2752,2811
1,<environment.Job instance at 0x1527d48e4230>,4,16,[2 9],7,7,23,0,7
1,<environment.Job instance at 0x1527bd8e5eb0>,5,12,[5 2],8,23,35,15,8
1,<environment.Job instance at 0x1527bb967f00>,10,15,[2 8],18,23,38,5,18
1,<environment.Job instance at 0x1527bc849be0>,11,16,[2 8],19,38,54,19,25
1,<environment.Job instance at 0x1527d6b7ed70>,29,3,[1 9],44,187,190,143,187
1,<environment.Job instance at 0x1527bd77aeb0>,10,2,[1 8],11,300,302,289,300
1,<environment.Job instance at 0x1527c3bdaf00>,9,3,[6 1],10,350,353,340,350
1,<environment.Job instance at 0x1527bc3d4960>,2,17,[2 7],4,4,21,0,4
1,<environment.Job instance at 0x1527bdcc7500>,3,14,[1 6],5,21,35,16,6
1,<environment.Job instance at 0x1527b9a9cf00>,19,14,[6 1],23,32,46,9,32
1,<environment.Job instance at 0x1527b9709280>,21,14,[2 8],25,35,49,10,32
1,<environment.Job instance at 0x1527bd9e6d20>,0,12,[1 5],1,1,13,0,1
1,<environment.Job instance at 0x1527b9ed7c80>,1,13,[7 2],2,2,15,0,2
1,<environment.Job instance at 0x1527b958dd20>,4,18,[1 5],7,13,31,6,7
1,<environment.Job instance at 0x1527b9ad1780>,16,16,[2 7],31,41,57,10,41
1,<environment.Job instance at 0x1527bb95e9b0>,24,14,[2 8],43,57,71,14,43
1,<environment.Job instance at 0x1527b92c7e10>,28,17,[2 8],47,71,88,24,60
1,<environment.Job instance at 0x1527bc7a1230>,19,3,[5 1],38,113,116,75,113
1,<environment.Job instance at 0x1527b958d0a0>,18,3,[10  2],34,208,211,174,208
1,<environment.Job instance at 0x1527b9b128c0>,0,15,[2 8],2,2,17,0,2
1,<environment.Job instance at 0x1527b9ac9960>,6,15,[2 7],10,17,32,7,10
1,<environment.Job instance at 0x1527baef9910>,9,3,[6 2],17,17,20,0,17
1,<environment.Job instance at 0x1527b9ebca00>,22,13,[8 2],37,1868,1881,1831,1868
1,<environment.Job instance at 0x1527bc5a0b90>,24,15,[6 1],39,1881,1896,1842,1868
1,<environment.Job instance at 0x1527b95439b0>,29,12,[2 8],45,1883,1895,1838,1883
1,<environment.Job instance at 0x1527d40d3730>,33,13,[2 5],49,1895,1908,1846,1887
1,<environment.Job instance at 0x1527bdccb5a0>,0,14,[1 5],1,1,15,0,1
1,<environment.Job instance at 0x1527bdccb8c0>,3,17,[2 8],6,15,32,9,6
1,<environment.Job instance at 0x1527d41314b0>,9,14,[9 2],16,32,46,16,17
1,<environment.Job instance at 0x1527d4131be0>,14,12,[2 9],22,46,58,24,29
1,<environment.Job instance at 0x1527d4131a00>,18,12,[1 7],27,58,70,31,41
1,<environment.Job instance at 0x1527b9515b40>,24,17,[5 2],34,58,75,24,50
1,<environment.Job instance at 0x1527b95b6500>,39,13,[2 8],53,75,88,22,75
1,<environment.Job instance at 0x1527d4131b40>,2,21,[ 2 10],4,4,25,0,4
1,<environment.Job instance at 0x1527d417ef50>,25,13,[6 1],34,47,60,13,47
1,<environment.Job instance at 0x1527bc7abaa0>,30,13,[2 6],39,52,65,13,52
1,<environment.Job instance at 0x1527bc7a33c0>,34,17,[2 7],45,187,204,142,187
1,<environment.Job instance at 0x1527bc7a32d0>,36,16,[6 1],47,189,205,142,189
1,<environment.Job instance at 0x1527b9bac870>,42,13,[2 9],53,204,217,151,189
1,<environment.Job instance at 0x1527d419faf0>,11,14,[2 6],15,1653,1667,1638,1653
1,<environment.Job instance at 0x1527bc7c4b90>,0,14,[2 9],1,1,15,0,1
1,<environment.Job instance at 0x1527d41315a0>,12,13,[7 2],14,15,28,1,14
1,<environment.Job instance at 0x1527d4131a50>,14,15,[ 2 10],16,28,43,12,16
1,<environment.Job instance at 0x1527ba44a190>,22,15,[2 9],26,43,58,17,29
1,<environment.Job instance at 0x1527c1ebdf50>,26,16,[6 2],31,58,74,27,52
1,<environment.Job instance at 0x1527c1ebd460>,39,17,[1 7],50,133,150,83,133
1,<environment.Job instance at 0x1527d40b5e10>,43,14,[5 2],59,135,149,76,135
1,<environment.Job instance at 0x1527d4131690>,8,3,[5 2],9,693,696,684,693
1,<environment.Job instance at 0x1527bc55beb0>,26,14,[7 1],40,62,76,22,62
1,<environment.Job instance at 0x1527b95e9dc0>,37,17,[1 8],58,73,90,15,73
1,<environment.Job instance at 0x1527b92540a0>,22,13,[7 2],34,383,396,349,383
1,<environment.Job instance at 0x1527b9969aa0>,0,17,[1 6],1,1,18,0,1
1,<environment.Job instance at 0x1527b9825320>,2,13,[2 9],6,18,31,12,6
1,<environment.Job instance at 0x1527d45cc640>,17,12,[6 2],23,53,65,30,53
1,<environment.Job instance at 0x1527c3516050>,22,14,[ 2 10],29,65,79,36,53
1,<environment.Job instance at 0x1527bd920910>,25,16,[1 8],32,79,95,47,66
1,<environment.Job instance at 0x1527b9a4a190>,28,16,[7 1],35,79,95,44,68
1,<environment.Job instance at 0x1527b90ecc30>,36,14,[ 1 10],47,95,109,48,89
1,<environment.Job instance at 0x1527bc4ac190>,16,1,[7 2],22,262,263,240,262
1,<environment.Job instance at 0x1527b96fe820>,2,13,[2 5],8,8,21,0,8
1,<environment.Job instance at 0x1527bdd52af0>,20,16,[2 9],40,40,56,0,40
1,<environment.Job instance at 0x1527b90f70f0>,3,15,[1 9],6,6,21,0,6
1,<environment.Job instance at 0x1527b97c94b0>,20,16,[9 2],30,36,52,6,36
1,<environment.Job instance at 0x1527b9739fa0>,30,14,[ 1 10],44,52,66,8,44
1,<environment.Job instance at 0x1527b95c7b90>,35,18,[2 9],50,66,84,16,55
1,<environment.Job instance at 0x1527c3b93910>,39,17,[5 1],54,66,83,12,56
1,<environment.Job instance at 0x14ef68a1fa50>,0,12,[2 5],1,1,13,0,1
1,<environment.Job instance at 0x14ef121c20f0>,8,13,[6 1],9,9,22,0,9
1,<environment.Job instance at 0x14ef1284f5a0>,10,13,[2 8],12,13,26,1,12
1,<environment.Job instance at 0x14ef12892820>,17,17,[6 1],23,23,40,0,23
1,<environment.Job instance at 0x14ef128cfbe0>,24,12,[ 1 10],32,40,52,8,32
1,<environment.Job instance at 0x14ef12938af0>,30,15,[2 9],40,52,67,12,40
1,<environment.Job instance at 0x14ef128df460>,37,2,[ 1 10],50,189,191,139,189
1,<environment.Job instance at 0x14ef149ccf00>,3,16,[2 5],6,6,22,0,6
1,<environment.Job instance at 0x14ef149cbe60>,6,15,[2 9],12,22,37,10,12
1,<environment.Job instance at 0x14ef149549b0>,20,13,[7 2],32,37,50,5,32
1,<environment.Job instance at 0x14ef14a5b230>,28,14,[7 1],42,50,64,8,42
1,<environment.Job instance at 0x14ef14acd2d0>,30,12,[2 8],45,45,57,0,45
1,<environment.Job instance at 0x14ef14a7b460>,40,15,[7 1],59,64,79,5,59
1,<environment.Job instance at 0x14ef14a7ba50>,46,13,[ 1 10],66,79,92,13,67
1,<environment.Job instance at 0x14ef14a7b780>,44,12,[9 2],64,235,247,171,235
1,<environment.Job instance at 0x14ef15e2bf00>,4,15,[5 1],5,5,20,0,5
1,<environment.Job instance at 0x14ef15e2b4b0>,5,18,[1 8],6,6,24,0,6
1,<environment.Job instance at 0x14ef15dbe9b0>,13,18,[2 6],18,58,76,40,58
1,<environment.Job instance at 0x14ef15dbe320>,19,15,[1 6],27,254,269,227,254
1,<environment.Job instance at 0x14ef14cade60>,28,28,[2 8],39,559,587,520,559
1,<environment.Job instance at 0x14ef14cadfa0>,35,15,[2 7],53,587,602,534,576
1,<environment.Job instance at 0x14ef14cad7d0>,38,17,[ 2 10],56,602,619,546,590
1,<environment.Job instance at 0x14ef15f2fbe0>,43,13,[ 2 10],62,619,632,557,603
1,<environment.Job instance at 0x14ef14cb7fa0>,10,1,[8 1],14,676,677,662,676
1,<environment.Job instance at 0x14ef267be2d0>,7,16,[1 6],9,9,25,0,9
1,<environment.Job instance at 0x14ef148f2a50>,25,18,[7 2],39,39,57,0,39
1,<environment.Job instance at 0x14ef640e9690>,30,14,[2 8],49,49,63,0,49
1,<environment.Job instance at 0x14ef689c2280>,37,16,[1 7],59,63,79,4,60
1,<environment.Job instance at 0x14ef24df9e60>,41,16,[1 7],64,644,660,580,644
1,<environment.Job instance at 0x14ef24db2640>,2,18,[5 2],3,3,21,0,3
1,<environment.Job instance at 0x14ef1621ce60>,16,17,[7 1],22,22,39,0,22
1,<environment.Job instance at 0x14ef15f30730>,22,14,[8 2],32,39,53,7,32
1,<environment.Job instance at 0x14ef121ab5a0>,34,12,[7 1],51,53,65,2,51
1,<environment.Job instance at 0x14ef24eb5870>,42,16,[7 2],64,65,81,1,64
1,<environment.Job instance at 0x14ef24eb57d0>,44,18,[5 2],67,81,99,14,70
1,<environment.Job instance at 0x14ef241bbeb0>,29,13,[5 2],41,2757,2770,2716,2757
1,<environment.Job instance at 0x14ef11cd4410>,0,12,[2 9],3,3,15,0,3
1,<environment.Job instance at 0x14ef240b04b0>,15,18,[ 1 10],26,1078,1096,1052,1078
1,<environment.Job instance at 0x14ef240b09b0>,23,14,[7 2],37,1096,1110,1059,1082
1,<environment.Job instance at 0x14ef240b4e60>,28,18,[6 2],46,1110,1128,1064,1099
1,<environment.Job instance at 0x14ef267dec30>,31,14,[1 6],52,1100,1114,1048,1100
1,<environment.Job instance at 0x14ef267de9b0>,43,14,[1 6],69,1114,1128,1045,1108
1,<environment.Job instance at 0x14ef240b03c0>,11,2,[1 6],22,1169,1171,1147,1169
1,<environment.Job instance at 0x14ef240b02d0>,10,2,[1 9],21,1213,1215,1192,1213
1,<environment.Job instance at 0x14ef15d1b550>,4,16,[2 9],7,7,23,0,7
1,<environment.Job instance at 0x14ef24111550>,42,18,[8 2],63,64,82,1,64
1,<environment.Job instance at 0x14ef241115a0>,46,17,[2 9],67,82,99,15,70
1,<environment.Job instance at 0x14ef13ebbbe0>,8,27,[ 2 10],13,13,40,0,13
1,<environment.Job instance at 0x14ef1345a050>,22,15,[1 8],32,40,55,8,32
1,<environment.Job instance at 0x14ef11faad70>,40,14,[1 6],55,57,71,2,57
1,<environment.Job instance at 0x14ef11f64230>,52,15,[2 6],69,92,107,23,92
1,<environment.Job instance at 0x14ef11f841e0>,0,13,[5 1],1,1,14,0,1
1,<environment.Job instance at 0x14ef24189910>,4,14,[2 8],5,5,19,0,5
1,<environment.Job instance at 0x14ef11c499b0>,22,18,[2 6],34,37,55,3,37
1,<environment.Job instance at 0x14ef11b558c0>,28,13,[7 2],42,50,63,8,50
1,<environment.Job instance at 0x14ef24dc2320>,37,26,[2 8],58,66,92,8,66
1,<environment.Job instance at 0x14ef6413c9b0>,0,16,[2 7],1,1,17,0,1
1,<environment.Job instance at 0x14ef14cb1d20>,8,14,[2 8],13,17,31,4,13
1,<environment.Job instance at 0x14ef128f0e10>,20,15,[2 8],32,38,53,6,38
1,<environment.Job instance at 0x14ef128f0690>,21,1,[5 1],33,484,485,451,484
1,<environment.Job instance at 0x14ef24198cd0>,19,2,[2 9],27,588,590,561,588
1,<environment.Job instance at 0x14ef12a0a960>,3,12,[2 8],5,5,17,0,5
1,<environment.Job instance at 0x14ef14b4b500>,7,13,[2 5],9,17,30,8,9
1,<environment.Job instance at 0x14ef11971eb0>,15,12,[2 6],23,30,42,7,23
1,<environment.Job instance at 0x14ef14d01460>,17,17,[2 8],26,42,59,16,30
1,<environment.Job instance at 0x14ef118189b0>,26,16,[1 9],39,59,75,20,46
1,<environment.Job instance at 0x14ef162123c0>,32,12,[1 7],47,75,87,28,58
1,<environment.Job instance at 0x14ef12015fa0>,38,17,[5 2],54,75,92,21,69
1,<environment.Job instance at 0x14ef12177af0>,40,12,[ 1 10],57,92,104,35,76
1,<environment.Job instance at 0x14ef24028be0>,47,16,[ 2 10],65,104,120,39,91
1,<environment.Job instance at 0x14ef15da2f00>,28,12,[2 9],42,1912,1924,1870,1912
1,<environment.Job instance at 0x14ef640bf7d0>,1,13,[2 8],3,3,16,0,3
1,<environment.Job instance at 0x14ef27515640>,9,21,[ 2 10],14,16,37,2,14
1,<environment.Job instance at 0x14ef14b443c0>,17,16,[1 8],23,37,53,14,24
1,<environment.Job instance at 0x14ef242dbd20>,22,15,[9 2],30,43,58,13,43
1,<environment.Job instance at 0x14ef162990f0>,26,17,[9 1],36,58,75,22,50
1,<environment.Job instance at 0x14ef14b337d0>,41,17,[2 7],55,201,218,146,201
1,<environment.Job instance at 0x14ef15ce3cd0>,49,13,[2 9],63,218,231,155,210
1,<environment.Job instance at 0x14ef15ce3d20>,53,13,[10  1],69,231,244,162,222
1,<environment.Job instance at 0x14ef1242bf00>,14,15,[6 1],20,416,431,396,416
1,<environment.Job instance at 0x14ef24d63c80>,15,2,[2 9],21,587,589,566,587
1,<environment.Job instance at 0x14ef241719b0>,0,14,[2 9],1,1,15,0,1
1,<environment.Job instance at 0x14ef13e9ca00>,12,13,[7 2],14,15,28,1,14
1,<environment.Job instance at 0x14ef24f51b40>,14,15,[ 2 10],16,28,43,12,16
1,<environment.Job instance at 0x14ef14e28910>,22,15,[2 9],26,43,58,17,29
1,<environment.Job instance at 0x14ef14d39500>,26,16,[6 2],31,58,74,27,51
1,<environment.Job instance at 0x14ef11fd9320>,39,17,[1 7],50,83,100,33,83
1,<environment.Job instance at 0x14ef24dd5140>,43,14,[5 2],59,83,97,24,83
1,<environment.Job instance at 0x14ef1180f140>,19,2,[2 9],22,890,892,868,890
1,<environment.Job instance at 0x14ef24075370>,4,12,[5 2],7,7,19,0,7
1,<environment.Job instance at 0x14ef11a45870>,34,13,[2 9],56,70,83,14,70
1,<environment.Job instance at 0x14ef24eaec30>,1,12,[6 2],3,3,15,0,3
1,<environment.Job instance at 0x14ef2709a410>,6,14,[ 2 10],9,15,29,6,9
1,<environment.Job instance at 0x14ef2709aa00>,9,16,[1 8],12,29,45,17,16
1,<environment.Job instance at 0x14ef2709aaa0>,17,16,[2 9],22,45,61,23,32
1,<environment.Job instance at 0x14ef24e8f7d0>,20,14,[ 1 10],27,61,75,34,46
1,<environment.Job instance at 0x14ef24ec1be0>,33,13,[2 5],48,80,93,32,80
1,<environment.Job instance at 0x14ef119fbf50>,0,15,[ 2 10],2,2,17,0,2
1,<environment.Job instance at 0x14ef1187bdc0>,7,16,[2 9],10,17,33,7,10
1,<environment.Job instance at 0x14ef240d9e10>,41,2,[7 1],58,777,779,719,777
1,<environment.Job instance at 0x14ef14c7af50>,0,12,[2 8],1,1,13,0,1
1,<environment.Job instance at 0x14ef116722d0>,5,12,[2 8],8,13,25,5,8
1,<environment.Job instance at 0x14ef11653320>,10,13,[8 2],16,16,29,0,16
1,<environment.Job instance at 0x14ef272285a0>,21,16,[1 6],32,32,48,0,32
1,<environment.Job instance at 0x14ef14ac7a00>,44,14,[ 1 10],64,64,78,0,64
1,<environment.Job instance at 0x14ef24e999b0>,37,1,[9 2],54,222,223,168,222
1,<environment.Job instance at 0x14ef2413e1e0>,3,17,[5 1],4,4,21,0,4
1,<environment.Job instance at 0x14ef11af30a0>,27,17,[1 8],35,39,56,4,39
1,<environment.Job instance at 0x14ef12154320>,35,17,[5 2],44,46,63,2,46
1,<environment.Job instance at 0x14ef148ee550>,40,17,[5 2],50,56,73,6,51
1,<environment.Job instance at 0x14ef1897f910>,44,14,[1 9],56,73,87,17,58
1,<environment.Job instance at 0x14ef161bb9b0>,47,12,[2 9],59,87,99,28,75
1,<environment.Job instance at 0x14ef1284dc80>,17,17,[ 2 10],19,1497,1514,1478,1497
1,<environment.Job instance at 0x14ef27529690>,0,16,[7 1],1,1,17,0,1
1,<environment.Job instance at 0x14ef27529280>,2,14,[1 8],3,3,17,0,3
1,<environment.Job instance at 0x14ef148d4640>,9,15,[6 1],15,17,32,2,15
1,<environment.Job instance at 0x14ef267bab90>,15,16,[2 5],21,21,37,0,21
1,<environment.Job instance at 0x14ef11b77aa0>,17,12,[ 1 10],23,37,49,14,23
1,<environment.Job instance at 0x14ef11b58d20>,24,14,[2 9],37,49,63,12,37
1,<environment.Job instance at 0x14ef24e1d910>,2,15,[ 2 10],4,4,19,0,4
1,<environment.Job instance at 0x14ef11d0faa0>,38,15,[6 1],53,56,71,3,56
1,<environment.Job instance at 0x14ef170df870>,51,16,[2 6],68,74,90,6,74
1,<environment.Job instance at 0x1528c8e3ba50>,0,12,[2 5],1,1,13,0,1
1,<environment.Job instance at 0x1528726293c0>,8,13,[6 1],9,9,22,0,9
1,<environment.Job instance at 0x1528726296e0>,10,13,[2 8],12,13,26,1,12
1,<environment.Job instance at 0x152872d9fbe0>,24,12,[ 1 10],32,32,44,0,32
1,<environment.Job instance at 0x152872d46320>,33,1,[2 7],43,456,457,413,456
1,<environment.Job instance at 0x152872ddbf50>,0,15,[2 9],2,2,17,0,2
1,<environment.Job instance at 0x152874dc1d70>,14,13,[7 2],22,22,35,0,22
1,<environment.Job instance at 0x152874e34500>,10,3,[1 9],15,35,38,20,26
1,<environment.Job instance at 0x152874ecc4b0>,22,14,[7 1],32,35,49,3,32
1,<environment.Job instance at 0x152874eccd70>,24,12,[2 8],35,38,50,3,35
1,<environment.Job instance at 0x152874ede320>,34,15,[7 1],49,50,65,1,50
1,<environment.Job instance at 0x152874ee20f0>,43,13,[2 9],60,60,73,0,60
1,<environment.Job instance at 0x152874e1f780>,48,15,[5 1],65,67,82,2,67
1,<environment.Job instance at 0x152874e256e0>,57,18,[2 6],78,103,121,25,103
1,<environment.Job instance at 0x1528761abbe0>,4,18,[7 2],9,9,27,0,9
1,<environment.Job instance at 0x1528c8ddb6e0>,9,14,[2 8],19,19,33,0,19
1,<environment.Job instance at 0x15287c5611e0>,15,15,[2 8],28,33,48,5,28
1,<environment.Job instance at 0x1528766de3c0>,20,16,[1 7],34,48,64,14,35
1,<environment.Job instance at 0x15287c6acfa0>,44,12,[7 2],67,68,80,1,68
1,<environment.Job instance at 0x15287f5b26e0>,28,2,[8 2],45,195,197,150,195
1,<environment.Job instance at 0x152876235be0>,0,13,[5 2],1,1,14,0,1
1,<environment.Job instance at 0x15287c553410>,3,3,[5 1],4,6,9,2,6
1,<environment.Job instance at 0x152875173280>,5,12,[7 1],11,14,26,3,11
1,<environment.Job instance at 0x152874d9cd20>,13,16,[7 2],24,26,42,2,24
1,<environment.Job instance at 0x15287263d500>,15,18,[5 2],27,42,60,15,31
1,<environment.Job instance at 0x152872603c30>,18,12,[2 9],33,60,72,27,43
1,<environment.Job instance at 0x15287632a140>,0,14,[1 6],2,2,16,0,2
1,<environment.Job instance at 0x15287631f1e0>,12,14,[1 6],19,19,33,0,19
1,<environment.Job instance at 0x15287631f050>,13,14,[1 9],20,33,47,13,20
1,<environment.Job instance at 0x152876342be0>,25,16,[2 8],39,47,63,8,39
1,<environment.Job instance at 0x15287d180370>,36,16,[2 6],56,63,79,7,56
1,<environment.Job instance at 0x152872e68690>,2,18,[8 2],3,3,21,0,3
1,<environment.Job instance at 0x15287519f5a0>,6,17,[2 9],7,21,38,14,9
1,<environment.Job instance at 0x152871e8dc80>,50,14,[1 6],65,73,87,8,73
1,<environment.Job instance at 0x15287215dd20>,60,16,[ 2 10],75,96,112,21,96
1,<environment.Job instance at 0x15287215d1e0>,62,15,[2 6],79,112,127,33,106
1,<environment.Job instance at 0x1528738ab050>,37,1,[6 2],49,325,326,276,325
1,<environment.Job instance at 0x15287f9702d0>,0,13,[5 1],1,1,14,0,1
1,<environment.Job instance at 0x15287f9701e0>,2,14,[6 1],3,14,28,11,3
1,<environment.Job instance at 0x1528761248c0>,4,14,[2 8],5,5,19,0,5
1,<environment.Job instance at 0x152872e02140>,16,23,[1 6],21,22,45,1,22
1,<environment.Job instance at 0x152875ceb5a0>,22,18,[2 6],34,45,63,11,36
1,<environment.Job instance at 0x15287d2c4550>,25,14,[2 5],38,63,77,25,48
1,<environment.Job instance at 0x15287d2c4320>,28,13,[7 2],42,48,61,6,48
1,<environment.Job instance at 0x15287d2c7aa0>,39,16,[ 2 10],62,77,93,15,65
1,<environment.Job instance at 0x15287c5201e0>,43,16,[2 7],71,93,109,22,80
1,<environment.Job instance at 0x152875cfd0a0>,12,3,[2 8],17,109,112,92,108
1,<environment.Job instance at 0x152875d08500>,2,14,[2 8],3,3,17,0,3
1,<environment.Job instance at 0x152871bfc5f0>,14,15,[2 8],22,23,38,1,23
1,<environment.Job instance at 0x152871bfcd70>,20,15,[2 7],30,38,53,8,32
1,<environment.Job instance at 0x152874f2d140>,0,14,[1 5],1,2,16,1,2
1,<environment.Job instance at 0x152874f2ddc0>,1,12,[2 6],3,16,28,13,3
1,<environment.Job instance at 0x15287c5b0410>,12,16,[1 9],19,28,44,9,19
1,<environment.Job instance at 0x15287201c320>,14,12,[2 9],22,44,56,22,27
1,<environment.Job instance at 0x152871dcb640>,21,17,[2 9],31,56,73,25,46
1,<environment.Job instance at 0x15287203f870>,26,12,[ 1 10],37,73,85,36,57
1,<environment.Job instance at 0x152875137cd0>,35,14,[8 2],47,85,99,38,80
1,<environment.Job instance at 0x152875137910>,39,13,[2 8],53,85,98,32,80
1,<environment.Job instance at 0x152872e5c910>,47,21,[ 2 10],64,99,120,35,93
1,<environment.Job instance at 0x152872e5cc80>,49,15,[5 2],66,120,135,54,106
1,<environment.Job instance at 0x152876701be0>,52,15,[6 1],70,135,150,65,121
1,<environment.Job instance at 0x152874dc22d0>,55,16,[1 8],73,122,138,49,122
1,<environment.Job instance at 0x15287506e1e0>,58,17,[2 5],77,138,155,61,133
1,<environment.Job instance at 0x15287d2f30f0>,9,13,[6 1],14,14,27,0,14
1,<environment.Job instance at 0x152874d83d20>,14,13,[2 6],19,19,32,0,19
1,<environment.Job instance at 0x152872892cd0>,20,16,[6 1],27,162,178,135,162
1,<environment.Job instance at 0x152875006460>,26,13,[2 9],33,162,175,129,162
1,<environment.Job instance at 0x1528720bbb40>,32,14,[2 9],41,175,189,134,162
1,<environment.Job instance at 0x152875002fa0>,39,17,[1 8],48,189,206,141,178
1,<environment.Job instance at 0x152875002190>,44,13,[7 2],54,189,202,135,178
1,<environment.Job instance at 0x1528720c2870>,46,15,[ 2 10],56,206,221,150,192
1,<environment.Job instance at 0x1528720c2cd0>,54,15,[2 9],66,221,236,155,207
1,<environment.Job instance at 0x15287c5190f0>,19,13,[2 8],26,2891,2904,2865,2891
1,<environment.Job instance at 0x152871e358c0>,6,17,[1 7],10,14,31,4,14
1,<environment.Job instance at 0x15287c689d70>,10,14,[5 2],19,19,33,0,19
1,<environment.Job instance at 0x15287c689320>,23,12,[5 2],37,259,271,222,259
1,<environment.Job instance at 0x15287d2ca500>,34,13,[7 2],54,284,297,230,284
1,<environment.Job instance at 0x15287a866fa0>,49,17,[1 8],78,304,321,226,304
1,<environment.Job instance at 0x152871e35820>,4,1,[6 1],7,333,334,326,333
1,<environment.Job instance at 0x152872595690>,3,2,[7 2],6,346,348,340,346
1,<environment.Job instance at 0x15287d183d20>,0,17,[1 6],1,1,18,0,1
1,<environment.Job instance at 0x152872595500>,2,13,[2 9],6,18,31,12,6
1,<environment.Job instance at 0x152872173690>,17,12,[6 2],23,39,51,16,39
1,<environment.Job instance at 0x15287613b730>,22,14,[ 2 10],29,51,65,22,39
1,<environment.Job instance at 0x15287d1e9e10>,28,16,[7 1],35,65,81,30,57
1,<environment.Job instance at 0x1528721738c0>,15,1,[8 1],20,342,343,322,342
1,<environment.Job instance at 0x1528721734b0>,14,2,[2 6],19,379,381,360,379
1,<environment.Job instance at 0x15287ee85690>,2,16,[9 1],4,4,20,0,4
1,<environment.Job instance at 0x152872173be0>,3,12,[7 2],6,20,32,14,6
1,<environment.Job instance at 0x152872249640>,21,13,[7 1],32,32,45,0,32
1,<environment.Job instance at 0x15287262abe0>,31,15,[1 9],46,46,61,0,46
1,<environment.Job instance at 0x1528761b7730>,41,15,[6 1],62,62,77,0,62
1,<environment.Job instance at 0x15287c532460>,46,21,[6 1],70,77,98,7,73
1,<environment.Job instance at 0x152871b66f50>,0,12,[2 8],1,1,13,0,1
1,<environment.Job instance at 0x152871b66280>,1,27,[5 2],2,2,29,0,2
1,<environment.Job instance at 0x152871b66370>,5,12,[2 8],8,13,25,5,8
1,<environment.Job instance at 0x15287d26bcd0>,10,13,[8 2],16,29,42,13,20
1,<environment.Job instance at 0x1528766ae1e0>,32,12,[9 1],47,63,75,16,63
1,<environment.Job instance at 0x1528766aec30>,36,15,[6 1],53,88,103,35,88
1,<environment.Job instance at 0x15287d1afdc0>,44,14,[ 1 10],64,103,117,39,88
1,<environment.Job instance at 0x152876184a00>,49,18,[2 9],70,117,135,47,106
1,<environment.Job instance at 0x152876184690>,53,17,[5 1],74,117,134,43,106
1,<environment.Job instance at 0x1528724ab730>,12,1,[2 6],19,222,223,203,222
1,<environment.Job instance at 0x15287eea6730>,2,17,[7 2],3,3,20,0,3
1,<environment.Job instance at 0x152874d6d730>,3,16,[5 2],4,20,36,16,7
1,<environment.Job instance at 0x15287d1a0a50>,15,15,[6 2],22,36,51,14,27
1,<environment.Job instance at 0x152872d374b0>,17,17,[1 8],25,27,44,2,27
1,<environment.Job instance at 0x15287ec34c30>,19,16,[2 7],27,47,63,20,47
1,<environment.Job instance at 0x152872d60d70>,30,17,[5 2],40,51,68,11,47
1,<environment.Job instance at 0x1528765b67d0>,34,14,[1 9],46,68,82,22,54
1,<environment.Job instance at 0x1528765b6410>,37,12,[2 9],49,82,94,33,65
1,<environment.Job instance at 0x1528765b5690>,55,15,[6 1],75,93,108,18,93
1,<environment.Job instance at 0x152872d53f00>,8,1,[1 8],12,431,432,419,431
1,<environment.Job instance at 0x1528742f57d0>,0,16,[2 5],1,1,17,0,1
1,<environment.Job instance at 0x152872d53f00>,2,12,[ 1 10],3,17,29,14,3
1,<environment.Job instance at 0x15287d237cd0>,9,14,[2 9],17,29,43,12,17
1,<environment.Job instance at 0x1528751b6d20>,28,18,[1 7],46,50,68,4,50
1,<environment.Job instance at 0x152874fd6550>,17,15,[6 1],23,23,38,0,23
1,<environment.Job instance at 0x152874fd6b40>,22,26,[5 2],29,38,64,9,35
1,<environment.Job instance at 0x152872887910>,30,16,[2 6],38,38,54,0,38
1,<environment.Job instance at 0x1528728874b0>,32,14,[5 2],44,54,68,10,44
1,<environment.Job instance at 0x15287527f550>,46,13,[2 9],67,68,81,1,67
1,<environment.Job instance at 0x152878dcd690>,47,12,[5 2],69,81,93,12,69
1,<environment.Job instance at 0x152871d10320>,26,2,[1 7],34,213,215,179,213
1,<environment.Job instance at 0x15287669deb0>,1,18,[8 1],8,8,26,0,8
1,<environment.Job instance at 0x152872182aa0>,6,12,[2 9],17,17,29,0,17
1,<environment.Job instance at 0x15287210af50>,10,17,[6 2],22,29,46,7,22
1,<environment.Job instance at 0x15287bec6960>,20,13,[2 8],33,33,46,0,33
1,<environment.Job instance at 0x152872323dc0>,25,14,[ 2 10],40,46,60,6,40
1,<environment.Job instance at 0x15287d2bfc30>,29,12,[2 9],44,60,72,16,44
1,<environment.Job instance at 0x152872e69960>,39,16,[ 2 10],63,72,88,9,67
1,<environment.Job instance at 0x15287431eaa0>,47,15,[7 1],77,88,103,11,80
1,<environment.Job instance at 0x152871c0beb0>,49,12,[7 2],79,103,115,24,86
1,<environment.Job instance at 0x152871c3af50>,33,2,[1 8],56,122,124,66,122
1,<environment.Job instance at 0x15287d2a4a00>,2,16,[1 7],3,3,19,0,3
1,<environment.Job instance at 0x1528751d38c0>,3,17,[5 2],5,5,22,0,5
1,<environment.Job instance at 0x15287d1ad230>,8,13,[1 9],11,22,35,11,11
1,<environment.Job instance at 0x1528721a46e0>,10,15,[9 1],14,22,37,8,14
1,<environment.Job instance at 0x1528722295f0>,15,19,[5 2],21,37,56,16,27
1,<environment.Job instance at 0x152874dcd410>,26,16,[1 5],33,35,51,2,33
1,<environment.Job instance at 0x152874dcd050>,35,13,[8 1],44,263,276,219,263
1,<environment.Job instance at 0x152874dcdaa0>,39,14,[ 2 10],48,276,290,228,263
1,<environment.Job instance at 0x1528724e9960>,47,17,[1 8],62,290,307,228,278
1,<environment.Job instance at 0x1528724e9780>,50,12,[1 7],66,307,319,241,292
1,<environment.Job instance at 0x15287259e3c0>,57,16,[7 2],74,294,310,220,294
1,<environment.Job instance at 0x14bcbed53a50>,0,12,[2 5],1,1,13,0,1
1,<environment.Job instance at 0x14bc6850d730>,8,13,[6 1],9,9,22,0,9
1,<environment.Job instance at 0x14bc6850d1e0>,10,13,[2 8],12,13,26,1,12
1,<environment.Job instance at 0x14bc68d4b8c0>,17,17,[6 1],23,23,40,0,23
1,<environment.Job instance at 0x14bc68c2a5f0>,24,12,[ 1 10],32,40,52,8,32
1,<environment.Job instance at 0x14bc68c182d0>,30,15,[2 9],40,52,67,12,40
1,<environment.Job instance at 0x14bc6ac9fb40>,8,13,[7 2],12,12,25,0,12
1,<environment.Job instance at 0x14bc6ae1cb90>,16,14,[7 1],22,25,39,3,22
1,<environment.Job instance at 0x14bc6ae1c410>,18,12,[2 8],25,25,37,0,25
1,<environment.Job instance at 0x14bc6adc24b0>,28,15,[7 1],39,39,54,0,39
1,<environment.Job instance at 0x14bc6adc6190>,36,17,[1 9],49,49,66,0,49
1,<environment.Job instance at 0x14bc6adc69b0>,37,13,[2 9],50,66,79,16,50
1,<environment.Job instance at 0x14bc6ad09be0>,51,18,[2 6],68,80,98,12,80
1,<environment.Job instance at 0x14bc6ad09500>,57,15,[1 6],77,98,113,21,97
1,<environment.Job instance at 0x14bc6ace9550>,66,28,[2 8],89,113,141,24,112
1,<environment.Job instance at 0x14bc6acaf8c0>,1,15,[1 7],5,5,20,0,5
1,<environment.Job instance at 0x14bc6c186e10>,6,15,[2 7],13,20,35,7,13
1,<environment.Job instance at 0x14bc6ae8a550>,51,14,[2 8],79,96,110,17,96
1,<environment.Job instance at 0x14bc6c19c190>,12,3,[5 2],20,261,264,241,261
1,<environment.Job instance at 0x14bc6ac834b0>,20,12,[7 1],30,323,335,293,323
1,<environment.Job instance at 0x14bc68cddb40>,3,16,[2 6],6,6,22,0,6
1,<environment.Job instance at 0x14bc68cdd0a0>,9,15,[1 5],13,22,37,9,13
1,<environment.Job instance at 0x14bc6c033f00>,27,17,[2 9],37,41,58,4,41
1,<environment.Job instance at 0x14bc67d57af0>,55,19,[2 9],76,85,104,9,85
1,<environment.Job instance at 0x14bc6805b280>,2,17,[2 7],4,4,21,0,4
1,<environment.Job instance at 0x14bc6ad53fa0>,19,14,[6 1],23,25,39,2,25
1,<environment.Job instance at 0x14bc9d3e3280>,21,14,[2 8],25,25,39,0,25
1,<environment.Job instance at 0x14bc6c1e0820>,45,13,[7 2],62,82,95,20,82
1,<environment.Job instance at 0x14bc6c600dc0>,56,16,[ 2 10],82,106,122,24,106
1,<environment.Job instance at 0x14bc73132f00>,18,2,[1 8],22,1003,1005,981,1003
1,<environment.Job instance at 0x14bc67e81cd0>,17,13,[5 1],21,1315,1328,1294,1315
1,<environment.Job instance at 0x14bc9d3d84b0>,0,16,[2 7],1,1,17,0,1
1,<environment.Job instance at 0x14bc67d06820>,8,14,[2 8],13,17,31,4,13
1,<environment.Job instance at 0x14bc67ce05f0>,12,17,[2 8],17,31,48,14,19
1,<environment.Job instance at 0x14bc67ce0f00>,20,15,[2 8],32,48,63,16,34
1,<environment.Job instance at 0x14bc6bbf1280>,0,14,[1 5],1,1,15,0,1
1,<environment.Job instance at 0x14bc67d061e0>,1,12,[2 6],3,15,27,12,3
1,<environment.Job instance at 0x14bc9cb3af00>,12,16,[1 9],19,27,43,8,20
1,<environment.Job instance at 0x14bc9cb3a5a0>,14,12,[2 9],22,43,55,21,26
1,<environment.Job instance at 0x14bc67e98820>,21,17,[2 9],31,55,72,24,55
1,<environment.Job instance at 0x14bc67df7690>,26,12,[ 1 10],37,72,84,35,62
1,<environment.Job instance at 0x14bc6c0cac30>,47,21,[ 2 10],64,94,115,30,94
1,<environment.Job instance at 0x14bc67eadf00>,56,14,[2 6],75,131,145,56,131
1,<environment.Job instance at 0x14bc6b091730>,13,3,[1 5],20,359,362,339,359
1,<environment.Job instance at 0x14bc7306e550>,8,3,[1 7],14,518,521,504,518
1,<environment.Job instance at 0x14bc67d475f0>,2,13,[6 1],4,4,17,0,4
1,<environment.Job instance at 0x14bc68c67320>,7,13,[2 6],9,9,22,0,9
1,<environment.Job instance at 0x14bc68ca5c80>,13,16,[6 1],17,178,194,161,178
1,<environment.Job instance at 0x14bc6b0ef7d0>,19,13,[2 9],23,178,191,155,178
1,<environment.Job instance at 0x14bc6c1985f0>,25,14,[2 9],31,191,205,160,178
1,<environment.Job instance at 0x14bc6ecb8320>,32,17,[1 8],38,205,222,167,197
1,<environment.Job instance at 0x14bc6ecb8c30>,37,13,[7 2],44,205,218,161,197
1,<environment.Job instance at 0x14bc6c0caf00>,42,17,[1 7],50,222,239,172,211
1,<environment.Job instance at 0x14bc73154230>,46,18,[6 1],55,218,236,163,211
1,<environment.Job instance at 0x14bc731542d0>,47,15,[2 9],56,239,254,183,225
1,<environment.Job instance at 0x14bc6ae52eb0>,64,17,[1 7],80,254,271,174,247
1,<environment.Job instance at 0x14bc6ac55280>,68,14,[5 2],89,254,268,165,248
1,<environment.Job instance at 0x14bc697994b0>,12,13,[2 8],16,2863,2876,2847,2863
1,<environment.Job instance at 0x14bc7241ea00>,11,12,[5 2],17,39,51,22,39
1,<environment.Job instance at 0x14bc6840bc30>,26,14,[7 1],40,85,99,45,85
1,<environment.Job instance at 0x14bc73117b90>,37,17,[1 8],58,96,113,38,96
1,<environment.Job instance at 0x14bc68327f50>,41,13,[2 9],66,113,126,47,97
1,<environment.Job instance at 0x14bc71d862d0>,60,14,[7 1],88,145,159,57,145
1,<environment.Job instance at 0x14bc6c0d7910>,61,14,[ 2 10],89,159,173,70,145
1,<environment.Job instance at 0x14bc68d1bd70>,3,1,[1 8],4,173,174,169,166
1,<environment.Job instance at 0x14bc7249ccd0>,1,16,[1 8],2,2,18,0,2
1,<environment.Job instance at 0x14bc6a1f8cd0>,9,16,[2 9],12,18,34,6,12
1,<environment.Job instance at 0x14bc6c549a50>,36,15,[ 2 10],62,62,77,0,62
1,<environment.Job instance at 0x14bc6aeef140>,43,16,[2 9],70,77,93,7,70
1,<environment.Job instance at 0x14bc679c5dc0>,3,15,[1 9],6,6,21,0,6
1,<environment.Job instance at 0x14bc6acc0f50>,13,15,[6 1],22,22,37,0,22
1,<environment.Job instance at 0x14bc6ad99d70>,30,12,[2 8],48,68,80,20,68
1,<environment.Job instance at 0x14bc68322d20>,22,2,[2 8],35,383,385,348,383
1,<environment.Job instance at 0x14bc68322d20>,1,15,[6 1],3,3,18,0,3
1,<environment.Job instance at 0x14bc6b090500>,9,14,[ 1 10],14,18,32,4,14
1,<environment.Job instance at 0x14bc71d828c0>,14,18,[2 9],20,32,50,12,21
1,<environment.Job instance at 0x14bc68c28500>,30,13,[2 8],37,50,63,13,37
1,<environment.Job instance at 0x14bc68c28320>,32,17,[ 2 10],39,63,80,24,51
1,<environment.Job instance at 0x14bc6af10190>,40,15,[6 2],52,80,95,28,66
1,<environment.Job instance at 0x14bc6823df00>,50,17,[5 2],64,95,112,31,83
1,<environment.Job instance at 0x14bc67ab5500>,55,17,[5 2],70,95,112,25,83
1,<environment.Job instance at 0x14bc6846b500>,59,14,[1 9],76,112,126,36,102
1,<environment.Job instance at 0x14bc6b069aa0>,62,12,[2 9],79,126,138,47,109
1,<environment.Job instance at 0x14bc9d847780>,0,16,[7 1],1,1,17,0,1
1,<environment.Job instance at 0x14bc6ad16690>,2,14,[1 8],3,3,17,0,3
1,<environment.Job instance at 0x14bc731b5370>,9,15,[6 1],15,17,32,2,15
1,<environment.Job instance at 0x14bc683b8eb0>,15,16,[2 5],21,21,37,0,21
1,<environment.Job instance at 0x14bc683b88c0>,17,12,[ 1 10],23,37,49,14,23
1,<environment.Job instance at 0x14bc7308dcd0>,24,14,[2 9],37,49,63,12,37
1,<environment.Job instance at 0x14bc6c495280>,48,15,[ 2 10],74,74,89,0,74
1,<environment.Job instance at 0x14bc6c4954b0>,55,24,[2 9],82,2884,2908,2802,2884
1,<environment.Job instance at 0x14bc7308dd70>,28,1,[2 8],43,2909,2910,2866,2909
1,<environment.Job instance at 0x14bc68147fa0>,39,14,[5 2],54,58,72,4,58
1,<environment.Job instance at 0x14bc6c1de870>,53,13,[2 9],77,81,94,4,81
1,<environment.Job instance at 0x14bc6820f0f0>,54,12,[5 2],79,94,106,15,87
1,<environment.Job instance at 0x14bc6c0a7b40>,32,3,[1 9],42,141,144,99,141
1,<environment.Job instance at 0x14bc6c0a7f00>,31,2,[2 6],41,214,216,173,214
1,<environment.Job instance at 0x14bc67fe7dc0>,6,12,[2 9],17,17,29,0,17
1,<environment.Job instance at 0x14bc67fe7050>,10,17,[6 2],22,29,46,7,22
1,<environment.Job instance at 0x14bc731b5280>,20,13,[2 8],33,33,46,0,33
1,<environment.Job instance at 0x14bc6845c820>,39,16,[ 2 10],63,63,79,0,63
1,<environment.Job instance at 0x14bc68471050>,50,13,[1 9],80,86,99,6,86
1,<environment.Job instance at 0x14bc724c5f50>,54,17,[5 2],85,99,116,14,88
1,<environment.Job instance at 0x14bc6844a1e0>,31,2,[5 1],54,333,335,279,333
1,<environment.Job instance at 0x14bc724679b0>,0,13,[1 9],1,1,14,0,1
1,<environment.Job instance at 0x14bc68cd9820>,7,19,[5 2],11,14,33,3,11
1,<environment.Job instance at 0x14bc9d413f00>,31,14,[ 2 10],38,52,66,14,52
1,<environment.Job instance at 0x14bc68495690>,49,16,[7 2],64,89,105,25,89
1,<environment.Job instance at 0x14bc67d94e10>,56,13,[1 5],74,110,123,36,110
1,<environment.Job instance at 0x14bc67f2fb40>,61,16,[2 9],80,127,143,47,127
1,<environment.Job instance at 0x14bc67c6a0f0>,24,3,[1 9],31,310,313,279,310
1,<environment.Job instance at 0x14bc67caee10>,16,18,[1 9],21,63,81,42,63
1,<environment.Job instance at 0x14bc6c17ab90>,34,17,[5 2],50,112,129,62,112
1,<environment.Job instance at 0x14bc67de6b40>,41,17,[2 6],60,115,132,55,115
1,<environment.Job instance at 0x14bc6d42f0a0>,53,16,[5 2],76,135,151,59,135
1,<environment.Job instance at 0x14bc73189af0>,5,16,[2 8],8,1494,1510,1486,1494
1,<environment.Job instance at 0x14bc73189730>,4,2,[6 2],6,1568,1570,1562,1568
1,<environment.Job instance at 0x14bc68cb2280>,22,17,[2 9],33,40,57,7,40
1,<environment.Job instance at 0x14bc682e3370>,29,12,[ 1 10],40,57,69,17,42
1,<environment.Job instance at 0x14bc72407500>,42,17,[2 7],58,69,86,11,61
1,<environment.Job instance at 0x14bc6ae3be10>,44,16,[1 7],61,86,102,25,73
1,<environment.Job instance at 0x14bc6c0b4640>,49,12,[5 2],69,75,87,6,75
1,<environment.Job instance at 0x14bc68176320>,61,15,[7 2],82,98,113,16,98
1,<environment.Job instance at 0x14bc68cb22d0>,16,16,[ 2 10],25,715,731,690,715
1,<environment.Job instance at 0x14bc68cb2dc0>,15,3,[6 1],24,829,832,805,829
1,<environment.Job instance at 0x1513cc399640>,0,12,[2 5],1,1,13,0,1
1,<environment.Job instance at 0x151375b34410>,8,13,[6 1],9,9,22,0,9
1,<environment.Job instance at 0x151375b345a0>,10,13,[2 8],12,13,26,1,12
1,<environment.Job instance at 0x15137625c550>,49,16,[8 2],66,66,82,0,66
1,<environment.Job instance at 0x15137626c910>,58,15,[2 9],82,82,97,0,82
1,<environment.Job instance at 0x151376240a50>,35,2,[1 8],45,349,351,304,349
1,<environment.Job instance at 0x1513762f71e0>,0,13,[7 2],2,2,15,0,2
1,<environment.Job instance at 0x1513783d7550>,8,14,[7 1],12,15,29,3,12
1,<environment.Job instance at 0x1513783d7b40>,10,12,[2 8],15,15,27,0,15
1,<environment.Job instance at 0x1513783e92d0>,20,15,[7 1],29,29,44,0,29
1,<environment.Job instance at 0x1513783e9a00>,22,1,[5 1],31,44,45,13,32
1,<environment.Job instance at 0x1513783ed910>,28,17,[1 9],39,39,56,0,39
1,<environment.Job instance at 0x15137832a050>,65,15,[2 7],93,119,134,26,119
1,<environment.Job instance at 0x1513797c2550>,1,13,[ 2 10],2,2,15,0,2
1,<environment.Job instance at 0x1513782c1dc0>,4,15,[1 7],5,15,30,10,5
1,<environment.Job instance at 0x151378512dc0>,14,18,[8 1],18,20,38,2,20
1,<environment.Job instance at 0x15137824e5f0>,16,17,[1 6],21,30,47,9,22
1,<environment.Job instance at 0x15137824e6e0>,19,16,[9 1],26,38,54,12,27
1,<environment.Job instance at 0x151379768190>,33,18,[7 2],49,54,72,5,49
1,<environment.Job instance at 0x151379768910>,38,14,[2 8],59,62,76,3,62
1,<environment.Job instance at 0x15137830c5a0>,43,14,[6 1],67,72,86,5,67
1,<environment.Job instance at 0x15137830cc30>,44,15,[2 8],68,76,91,8,68
1,<environment.Job instance at 0x15137830c500>,49,16,[1 7],74,91,107,17,79
1,<environment.Job instance at 0x151378627b40>,67,12,[7 1],98,126,138,28,126
1,<environment.Job instance at 0x15137975b050>,0,17,[7 1],2,2,19,0,2
1,<environment.Job instance at 0x15138000ffa0>,3,12,[7 2],7,19,31,12,7
1,<environment.Job instance at 0x15137843edc0>,28,18,[5 2],47,50,68,3,50
1,<environment.Job instance at 0x151376224280>,34,15,[8 2],56,68,83,12,60
1,<environment.Job instance at 0x1513c823d2d0>,46,18,[ 1 10],76,83,101,7,79
1,<environment.Job instance at 0x1513786ac370>,59,18,[6 2],96,101,119,5,99
1,<environment.Job instance at 0x15138a1849b0>,0,14,[1 6],2,2,16,0,2
1,<environment.Job instance at 0x151375b66a50>,12,14,[1 6],19,19,33,0,19
1,<environment.Job instance at 0x151375b66500>,13,14,[1 9],20,33,47,13,20
1,<environment.Job instance at 0x15137873aaf0>,18,16,[2 9],27,47,63,20,34
1,<environment.Job instance at 0x1513762fab90>,25,16,[2 8],39,63,79,24,52
1,<environment.Job instance at 0x151378278550>,36,16,[2 6],56,79,95,23,66
1,<environment.Job instance at 0x1513800810a0>,42,15,[1 5],63,95,110,32,82
1,<environment.Job instance at 0x1513796e7e60>,60,17,[2 9],87,576,593,489,576
1,<environment.Job instance at 0x151375995af0>,61,15,[7 2],88,593,608,505,579
1,<environment.Job instance at 0x151383bc2e10>,62,16,[2 8],89,593,609,504,580
1,<environment.Job instance at 0x151376dd52d0>,21,3,[8 1],33,1063,1066,1030,1063
1,<environment.Job instance at 0x15137873ab90>,20,3,[8 1],29,1120,1123,1091,1120
1,<environment.Job instance at 0x151383aebaf0>,2,27,[ 2 10],3,3,30,0,3
1,<environment.Job instance at 0x1513888ae5a0>,16,15,[1 8],22,30,45,8,22
1,<environment.Job instance at 0x1513888ae410>,28,15,[7 1],37,44,59,7,44
1,<environment.Job instance at 0x15138889a0a0>,44,16,[ 2 10],55,86,102,31,86
1,<environment.Job instance at 0x1513888ae1e0>,23,1,[1 7],31,2871,2872,2840,2871
1,<environment.Job instance at 0x1513888aeb40>,22,2,[1 5],30,2887,2889,2857,2887
1,<environment.Job instance at 0x1513754a1be0>,0,12,[1 5],1,1,13,0,1
1,<environment.Job instance at 0x1513888aeb90>,1,13,[7 2],2,2,15,0,2
1,<environment.Job instance at 0x15137537d7d0>,4,18,[1 5],7,13,31,6,7
1,<environment.Job instance at 0x151388866dc0>,16,16,[2 7],31,31,47,0,31
1,<environment.Job instance at 0x1513757513c0>,24,14,[2 8],43,47,61,4,43
1,<environment.Job instance at 0x1513800b80f0>,33,17,[1 9],54,61,78,7,54
1,<environment.Job instance at 0x151375734a50>,42,15,[2 7],70,78,93,8,70
1,<environment.Job instance at 0x15137509e370>,1,17,[9 2],3,3,20,0,3
1,<environment.Job instance at 0x151379825690>,3,12,[2 8],5,20,32,15,5
1,<environment.Job instance at 0x151378517a00>,14,14,[1 5],21,32,46,11,21
1,<environment.Job instance at 0x15138a1646e0>,26,16,[1 9],39,46,62,7,39
1,<environment.Job instance at 0x151375968050>,28,12,[2 9],42,62,74,20,47
1,<environment.Job instance at 0x15137596c910>,35,17,[2 9],51,74,91,23,62
1,<environment.Job instance at 0x151379b5d6e0>,47,16,[ 2 10],65,91,107,26,78
1,<environment.Job instance at 0x1513833b30a0>,53,13,[2 8],73,107,120,34,92
1,<environment.Job instance at 0x151379b3baf0>,62,21,[2 5],85,120,141,35,116
1,<environment.Job instance at 0x151379b3bb90>,63,15,[5 2],86,116,131,30,116
1,<environment.Job instance at 0x151379b3bbe0>,66,15,[6 1],90,131,146,41,126
1,<environment.Job instance at 0x151379b3b370>,69,16,[1 8],93,141,157,48,128
1,<environment.Job instance at 0x151379b3bf50>,72,17,[2 5],97,157,174,60,154
1,<environment.Job instance at 0x1513759684b0>,31,2,[1 8],45,707,709,662,707
1,<environment.Job instance at 0x1513782b6f00>,9,13,[6 1],14,14,27,0,14
1,<environment.Job instance at 0x1513782fb960>,14,13,[2 6],19,19,32,0,19
1,<environment.Job instance at 0x151379679960>,20,16,[6 1],27,128,144,101,128
1,<environment.Job instance at 0x151379730b40>,26,13,[2 9],33,128,141,95,128
1,<environment.Job instance at 0x1513757f8dc0>,32,14,[2 9],41,141,155,100,128
1,<environment.Job instance at 0x1513757f8870>,39,17,[1 8],48,155,172,107,144
1,<environment.Job instance at 0x1513755c20f0>,44,13,[7 2],54,155,168,101,145
1,<environment.Job instance at 0x1513755c24b0>,49,17,[1 7],60,172,189,112,160
1,<environment.Job instance at 0x151381d4cf50>,53,18,[6 1],65,168,186,103,160
1,<environment.Job instance at 0x151381d4c6e0>,58,16,[6 2],71,186,202,115,174
1,<environment.Job instance at 0x151375597c80>,61,19,[1 5],76,189,208,113,182
1,<environment.Job instance at 0x151378770be0>,72,15,[10  2],94,208,223,114,203
1,<environment.Job instance at 0x151383b88190>,75,14,[5 2],99,223,237,124,208
1,<environment.Job instance at 0x151379679dc0>,19,13,[2 8],26,1909,1922,1883,1909
1,<environment.Job instance at 0x1513785e6aa0>,11,12,[5 2],17,24,36,7,24
1,<environment.Job instance at 0x151374fec410>,22,13,[7 2],34,48,61,14,48
1,<environment.Job instance at 0x1513757b8050>,37,17,[1 8],58,64,81,6,64
1,<environment.Job instance at 0x1513784c4140>,41,13,[2 9],66,81,94,15,69
1,<environment.Job instance at 0x151374fe6820>,56,12,[6 2],83,117,129,34,117
1,<environment.Job instance at 0x151374fe6fa0>,61,14,[ 2 10],89,129,143,40,117
1,<environment.Job instance at 0x1513785e6af0>,4,1,[2 9],6,143,144,137,126
1,<environment.Job instance at 0x1513762891e0>,68,2,[8 2],96,183,185,87,183
1,<environment.Job instance at 0x1513785e6460>,1,16,[2 9],2,2,18,0,2
1,<environment.Job instance at 0x1513787aa3c0>,28,15,[ 2 10],52,114,129,62,114
1,<environment.Job instance at 0x151379723e60>,35,16,[2 9],60,129,145,69,121
1,<environment.Job instance at 0x1513796f10a0>,55,15,[1 9],86,145,160,59,140
1,<environment.Job instance at 0x1513886b7f00>,0,15,[6 1],2,2,17,0,2
1,<environment.Job instance at 0x1513786eaa50>,12,12,[2 8],21,27,39,6,27
1,<environment.Job instance at 0x1513786ea2d0>,17,12,[2 8],28,39,51,11,29
1,<environment.Job instance at 0x151376377f50>,56,14,[ 1 10],84,110,124,26,110
1,<environment.Job instance at 0x15138847ceb0>,61,18,[2 9],90,124,142,34,113
1,<environment.Job instance at 0x1513786ea320>,10,1,[1 7],18,167,168,149,167
1,<environment.Job instance at 0x15137988daf0>,2,17,[7 2],3,3,20,0,3
1,<environment.Job instance at 0x1513758981e0>,15,15,[6 2],22,29,44,7,29
1,<environment.Job instance at 0x1513887d68c0>,19,16,[2 7],27,48,64,21,48
1,<environment.Job instance at 0x15137518ab90>,34,14,[1 9],46,64,78,18,56
1,<environment.Job instance at 0x15137559ca00>,38,15,[2 5],50,78,93,28,77
1,<environment.Job instance at 0x151380049910>,42,16,[8 2],55,87,103,32,87
1,<environment.Job instance at 0x151379797e10>,57,17,[8 1],77,103,120,26,103
1,<environment.Job instance at 0x151375835e10>,63,12,[ 1 10],83,120,132,37,111
1,<environment.Job instance at 0x151375929910>,70,14,[2 9],97,132,146,35,120
1,<environment.Job instance at 0x151379639e60>,8,17,[1 5],12,12,29,0,12
1,<environment.Job instance at 0x1513759e50f0>,16,18,[1 7],26,29,47,3,26
1,<environment.Job instance at 0x1513759e5690>,21,15,[ 2 10],34,47,62,13,34
1,<environment.Job instance at 0x15137516f230>,57,15,[6 1],83,98,113,15,98
1,<environment.Job instance at 0x1513787c39b0>,70,16,[2 6],98,104,120,6,104
1,<environment.Job instance at 0x151388866a50>,0,14,[5 2],4,4,18,0,4
1,<environment.Job instance at 0x1513750c1f00>,6,22,[2 9],13,18,40,5,13
1,<environment.Job instance at 0x1513782d6730>,14,13,[2 9],27,40,53,13,29
1,<environment.Job instance at 0x15137967da50>,31,12,[2 9],57,57,69,0,57
1,<environment.Job instance at 0x15138a3aeaf0>,35,17,[6 2],62,69,86,7,62
1,<environment.Job instance at 0x151388757eb0>,45,13,[2 8],73,73,86,0,73
1,<environment.Job instance at 0x1513762bfbe0>,50,14,[ 2 10],80,86,100,6,80
1,<environment.Job instance at 0x1513762b2230>,18,3,[5 1],33,611,614,578,611
1,<environment.Job instance at 0x151379b18dc0>,2,16,[ 2 10],3,3,19,0,3
1,<environment.Job instance at 0x151378278aa0>,10,15,[7 1],17,19,34,2,17
1,<environment.Job instance at 0x1513782c14b0>,12,12,[7 2],19,34,46,15,19
1,<environment.Job instance at 0x1513782c1140>,13,13,[1 9],20,20,33,0,20
1,<environment.Job instance at 0x151378278320>,17,17,[5 2],25,46,63,21,34
1,<environment.Job instance at 0x1513888aef50>,29,19,[5 2],41,46,65,5,44
1,<environment.Job instance at 0x151383ae9370>,35,15,[8 2],47,65,80,18,55
1,<environment.Job instance at 0x151383ae9500>,40,16,[1 5],53,63,79,10,57
1,<environment.Job instance at 0x151375829410>,48,12,[6 1],63,460,472,397,460
1,<environment.Job instance at 0x151383adbcd0>,53,14,[ 2 10],68,472,486,404,464
1,<environment.Job instance at 0x15138aae57d0>,61,17,[1 8],82,486,503,404,474
1,<environment.Job instance at 0x1513797da6e0>,64,12,[1 7],86,503,515,417,487
1,<environment.Job instance at 0x151383bc4140>,71,16,[7 2],94,495,511,401,495
1,<environment.Job instance at 0x151375654730>,0,16,[5 1],1,1,17,0,1
1,<environment.Job instance at 0x151375b01b90>,2,13,[1 5],4,4,17,0,4
1,<environment.Job instance at 0x151383aff8c0>,3,15,[5 1],6,17,32,11,6
1,<environment.Job instance at 0x1513751ccd20>,7,16,[2 9],10,17,33,7,11
1,<environment.Job instance at 0x1513750f7320>,23,18,[2 5],30,357,375,327,357
1,<environment.Job instance at 0x1513797dc870>,32,18,[1 9],41,377,395,336,377
1,<environment.Job instance at 0x1513797dc0f0>,39,13,[6 1],49,394,407,345,394
1,<environment.Job instance at 0x1513797dc3c0>,41,14,[6 1],53,407,421,354,394
1,<environment.Job instance at 0x1513753dfc30>,46,14,[1 6],61,395,409,334,394
1,<environment.Job instance at 0x1513753df460>,47,12,[1 7],64,409,421,345,395
1,<environment.Job instance at 0x15137582ed70>,57,17,[2 6],80,421,438,341,415
1,<environment.Job instance at 0x1513888eb230>,69,16,[5 2],96,434,450,338,434
1,<environment.Job instance at 0x15137536b6e0>,19,3,[2 5],25,629,632,604,629
1,<environment.Job instance at 0x15137513d870>,20,2,[6 2],26,684,686,658,684
1,<environment.Job instance at 0x151376dc1960>,4,17,[7 2],6,6,23,0,6
1,<environment.Job instance at 0x151388487e60>,5,13,[2 5],7,7,20,0,7
1,<environment.Job instance at 0x151388487730>,7,16,[6 1],10,23,39,13,10
1,<environment.Job instance at 0x1513762eaa50>,18,17,[1 5],26,26,43,0,26
1,<environment.Job instance at 0x15138a145c30>,21,1,[8 2],29,39,40,10,29
1,<environment.Job instance at 0x151378682140>,47,14,[ 2 10],61,62,76,1,62
1,<environment.Job instance at 0x151383b36050>,61,17,[6 2],81,84,101,3,84
1,<environment.Job instance at 0x151383b36460>,62,13,[ 2 10],82,101,114,19,85
1,<environment.Job instance at 0x151378682230>,51,16,[1 6],66,547,563,481,547
1,<environment.Job instance at 0x151378633e60>,0,16,[8 2],1,1,17,0,1
1,<environment.Job instance at 0x151380069370>,14,17,[ 2 10],18,18,35,0,18
1,<environment.Job instance at 0x1513784be730>,27,17,[6 2],34,35,52,1,34
1,<environment.Job instance at 0x1513784be3c0>,29,15,[10  2],36,52,67,16,45
1,<environment.Job instance at 0x1513784be370>,33,12,[1 8],40,67,79,27,61
1,<environment.Job instance at 0x15137865e050>,39,14,[1 7],49,79,93,30,64
1,<environment.Job instance at 0x15137865ea50>,48,17,[2 9],63,93,110,30,81
1,<environment.Job instance at 0x151375d90fa0>,62,16,[7 2],82,1357,1373,1275,1357
1,<environment.Job instance at 0x151375d90410>,71,13,[1 8],98,1371,1384,1273,1371
1,<environment.Job instance at 0x14c8b0ce4640>,0,12,[2 5],1,1,13,0,1
1,<environment.Job instance at 0x14c85a4a98c0>,8,13,[6 1],9,9,22,0,9
1,<environment.Job instance at 0x14c85abb5e60>,30,15,[2 9],40,40,55,0,40
1,<environment.Job instance at 0x14c85abcec80>,58,15,[2 9],82,82,97,0,82
1,<environment.Job instance at 0x14c85abb40a0>,37,2,[ 1 10],50,2632,2634,2582,2632
1,<environment.Job instance at 0x14c85abb4e60>,36,3,[10  2],48,2643,2646,2595,2643
1,<environment.Job instance at 0x14c85abb4be0>,1,14,[7 1],2,2,16,0,2
1,<environment.Job instance at 0x14c85abbac30>,3,12,[2 8],5,5,17,0,5
1,<environment.Job instance at 0x14c85cc3be60>,22,13,[2 9],30,32,45,2,32
1,<environment.Job instance at 0x14c85ccb42d0>,58,15,[2 7],83,112,127,29,112
1,<environment.Job instance at 0x14c85ccb44b0>,61,17,[ 2 10],86,127,144,41,117
1,<environment.Job instance at 0x14c85cc3bc80>,21,17,[1 9],29,2212,2229,2183,2212
1,<environment.Job instance at 0x14c85e1595f0>,0,17,[1 6],1,1,18,0,1
1,<environment.Job instance at 0x14c85e159af0>,1,17,[7 1],2,2,19,0,2
1,<environment.Job instance at 0x14c85cc23780>,17,18,[7 2],29,29,47,0,29
1,<environment.Job instance at 0x14c85e2038c0>,22,14,[2 8],39,39,53,0,39
1,<environment.Job instance at 0x14c85e06a9b0>,27,14,[6 1],47,47,61,0,47
1,<environment.Job instance at 0x14c85e06a460>,28,15,[2 8],48,53,68,5,48
1,<environment.Job instance at 0x14c85e15b2d0>,33,16,[1 7],54,68,84,14,56
1,<environment.Job instance at 0x14c85cc37b90>,54,17,[7 1],82,85,102,3,85
1,<environment.Job instance at 0x14c85e1d7190>,67,13,[5 2],101,108,121,7,108
1,<environment.Job instance at 0x14c85e0b7c30>,44,1,[5 2],68,219,220,151,219
1,<environment.Job instance at 0x14c85ccc6f50>,0,12,[7 1],1,1,13,0,1
1,<environment.Job instance at 0x14c866d1eb90>,8,16,[7 2],14,14,30,0,14
1,<environment.Job instance at 0x14c866d1e5f0>,10,18,[5 2],17,30,48,13,19
1,<environment.Job instance at 0x14c85ce35d20>,12,13,[1 7],20,20,33,0,20
1,<environment.Job instance at 0x14c865075140>,33,16,[9 1],53,467,483,414,467
1,<environment.Job instance at 0x14c865007190>,41,18,[6 2],66,483,501,417,475
1,<environment.Job instance at 0x14c865007230>,42,16,[1 5],68,478,494,410,478
1,<environment.Job instance at 0x14c863d2ebe0>,56,14,[1 6],89,494,508,405,489
1,<environment.Job instance at 0x14c85f3f13c0>,57,14,[1 9],90,508,522,418,493
1,<environment.Job instance at 0x14c8643a0f50>,63,12,[5 2],98,522,534,424,509
1,<environment.Job instance at 0x14c864385140>,67,27,[1 7],105,522,549,417,521
1,<environment.Job instance at 0x14c864385b40>,69,16,[2 8],109,549,565,440,536
1,<environment.Job instance at 0x14c85e50caa0>,14,3,[5 2],24,649,652,625,649
1,<environment.Job instance at 0x14c864372cd0>,0,13,[ 2 10],2,2,15,0,2
1,<environment.Job instance at 0x14c85abe2730>,34,17,[2 9],47,52,69,5,52
1,<environment.Job instance at 0x14c85abe23c0>,36,16,[2 8],49,69,85,20,56
1,<environment.Job instance at 0x14c85cf99960>,62,19,[2 9],86,87,106,1,87
1,<environment.Job instance at 0x14c85cf7a410>,77,17,[2 7],104,220,237,116,220
1,<environment.Job instance at 0x14c85a4c2050>,26,3,[10  2],37,1673,1676,1636,1673
1,<environment.Job instance at 0x14c859e70e10>,4,16,[ 2 10],5,5,21,0,5
1,<environment.Job instance at 0x14c859e70140>,6,15,[2 6],9,21,36,12,9
1,<environment.Job instance at 0x14c859e70d70>,8,13,[5 1],11,21,34,10,11
1,<environment.Job instance at 0x14c85a200eb0>,33,14,[2 5],48,49,63,1,49
1,<environment.Job instance at 0x14c85a2000a0>,35,12,[1 5],51,51,63,0,51
1,<environment.Job instance at 0x14c85a230960>,36,13,[7 2],52,63,76,11,52
1,<environment.Job instance at 0x14c85a230050>,45,26,[2 8],68,73,99,5,73
1,<environment.Job instance at 0x14c859e94a50>,51,16,[2 7],81,99,115,18,86
1,<environment.Job instance at 0x14c86444cb90>,63,17,[2 8],97,115,132,18,114
1,<environment.Job instance at 0x14c86444c0a0>,68,17,[1 9],104,132,149,28,123
1,<environment.Job instance at 0x14c85cc03730>,0,15,[2 8],2,2,17,0,2
1,<environment.Job instance at 0x14c859e81320>,6,15,[2 7],10,17,32,7,10
1,<environment.Job instance at 0x14c859e81550>,4,1,[10  2],8,32,33,24,22
1,<environment.Job instance at 0x14c859d59eb0>,1,13,[2 8],3,3,16,0,3
1,<environment.Job instance at 0x14c85ce1ea50>,9,21,[ 2 10],14,16,37,2,14
1,<environment.Job instance at 0x14c85cf3a7d0>,42,13,[2 8],56,86,99,30,86
1,<environment.Job instance at 0x14c85acd0140>,49,13,[2 9],63,99,112,36,95
1,<environment.Job instance at 0x14c85e0c2910>,55,14,[2 9],71,112,126,41,108
1,<environment.Job instance at 0x14c85cf67320>,62,17,[1 8],78,126,143,48,116
1,<environment.Job instance at 0x14c85f3cb050>,69,15,[ 2 10],86,143,158,57,130
1,<environment.Job instance at 0x14c85acbe460>,77,15,[2 9],96,158,173,62,152
1,<environment.Job instance at 0x14c859ee8f50>,10,14,[5 2],19,19,33,0,19
1,<environment.Job instance at 0x14c85ceb12d0>,22,25,[6 1],35,121,146,86,121
1,<environment.Job instance at 0x14c866a85460>,37,15,[2 5],59,176,191,117,176
1,<environment.Job instance at 0x14c867f5f2d0>,49,17,[1 8],78,191,208,113,189
1,<environment.Job instance at 0x14c85e494050>,73,14,[ 2 10],109,234,248,125,234
1,<environment.Job instance at 0x14c859e91af0>,1,16,[1 8],2,2,18,0,2
1,<environment.Job instance at 0x14c85e562960>,9,16,[2 9],12,18,34,6,12
1,<environment.Job instance at 0x14c860c78370>,12,14,[ 1 10],17,34,48,17,23
1,<environment.Job instance at 0x14c85a2672d0>,36,15,[ 2 10],62,138,153,76,138
1,<environment.Job instance at 0x14c863d23a00>,43,16,[2 9],70,153,169,83,146
1,<environment.Job instance at 0x14c85e4e4050>,14,27,[1 9],23,25,52,2,25
1,<environment.Job instance at 0x14c865025d20>,56,14,[ 1 10],84,108,122,24,108
1,<environment.Job instance at 0x14c85a16d050>,61,18,[2 9],90,122,140,32,111
1,<environment.Job instance at 0x14c86513f0a0>,74,17,[7 2],103,144,161,41,144
1,<environment.Job instance at 0x14c859fd0b90>,75,16,[5 2],104,161,177,57,152
1,<environment.Job instance at 0x14c85abe29b0>,77,13,[2 8],107,155,168,48,155
1,<environment.Job instance at 0x14c86518fc30>,9,2,[2 8],15,1179,1181,1164,1179
1,<environment.Job instance at 0x14c85a307aa0>,1,16,[5 2],3,3,19,0,3
1,<environment.Job instance at 0x14c85e1fed70>,7,15,[6 2],12,19,34,7,12
1,<environment.Job instance at 0x14c85e1febe0>,9,17,[1 8],15,15,32,0,15
1,<environment.Job instance at 0x14c8b0dd55f0>,26,14,[1 9],36,37,51,1,37
1,<environment.Job instance at 0x14c85b7426e0>,40,14,[1 8],53,60,74,7,60
1,<environment.Job instance at 0x14c85e07d3c0>,62,14,[2 9],87,101,115,14,101
1,<environment.Job instance at 0x14c85e07daa0>,64,13,[7 2],90,115,128,25,107
1,<environment.Job instance at 0x14c85e1b7a50>,14,1,[1 5],21,338,339,317,338
1,<environment.Job instance at 0x14c85d0b46e0>,3,18,[1 7],6,6,24,0,6
1,<environment.Job instance at 0x14c85e18dfa0>,8,15,[ 2 10],14,24,39,10,14
1,<environment.Job instance at 0x14c85aba3730>,44,15,[6 1],63,71,86,8,71
1,<environment.Job instance at 0x14c85cc71640>,57,16,[2 6],78,89,105,11,89
1,<environment.Job instance at 0x14c85ccb1780>,59,14,[5 2],84,92,106,8,92
1,<environment.Job instance at 0x14c859995550>,65,22,[2 9],93,106,128,13,101
1,<environment.Job instance at 0x14c85a6f4c80>,73,13,[2 9],107,128,141,21,112
1,<environment.Job instance at 0x14c85b72ffa0>,74,12,[5 2],109,141,153,32,124
1,<environment.Job instance at 0x14c85e15b2d0>,15,24,[2 9],22,1709,1733,1687,1709
1,<environment.Job instance at 0x14c85e1cec80>,9,18,[8 1],18,18,36,0,18
1,<environment.Job instance at 0x14c85cce0280>,14,12,[2 9],27,27,39,0,27
1,<environment.Job instance at 0x14c865027690>,18,17,[6 2],32,39,56,7,32
1,<environment.Job instance at 0x14c85cf8e370>,28,13,[2 8],43,43,56,0,43
1,<environment.Job instance at 0x14c85a11ad20>,33,14,[ 2 10],50,56,70,6,50
1,<environment.Job instance at 0x14c85a11a0f0>,37,12,[2 9],54,70,82,16,54
1,<environment.Job instance at 0x14c85cf28cd0>,47,16,[ 2 10],73,82,98,9,73
1,<environment.Job instance at 0x14c85a263870>,57,12,[7 2],89,98,110,9,90
1,<environment.Job instance at 0x14c85a2b02d0>,58,13,[1 9],90,110,123,20,94
1,<environment.Job instance at 0x14c864552fa0>,62,17,[5 2],95,123,140,28,111
1,<environment.Job instance at 0x14c864552370>,67,13,[1 9],101,140,153,39,124
1,<environment.Job instance at 0x14c859cd1320>,40,2,[1 6],65,295,297,230,295
1,<environment.Job instance at 0x14c85a0c3190>,41,2,[1 8],66,312,314,246,312
1,<environment.Job instance at 0x14c85e1f07d0>,0,19,[5 2],1,1,20,0,1
1,<environment.Job instance at 0x14c85cf6acd0>,6,15,[8 2],7,20,35,13,7
1,<environment.Job instance at 0x14c85a156640>,24,14,[ 2 10],28,73,87,45,73
1,<environment.Job instance at 0x14c8598fe410>,32,17,[1 8],42,87,104,45,77
1,<environment.Job instance at 0x14c8598feaf0>,42,16,[7 2],54,106,122,52,106
1,<environment.Job instance at 0x14c85d04a7d0>,47,16,[5 1],61,368,384,307,368
1,<environment.Job instance at 0x14c85d04abe0>,54,16,[2 9],70,388,404,318,388
1,<environment.Job instance at 0x14c8650ff6e0>,1,14,[6 1],3,3,17,0,3
1,<environment.Job instance at 0x14c8b0be55a0>,6,14,[1 6],11,11,25,0,11
1,<environment.Job instance at 0x14c85a075230>,7,12,[1 7],14,25,37,11,14
1,<environment.Job instance at 0x14c859a5baf0>,10,17,[5 2],20,20,37,0,20
1,<environment.Job instance at 0x14c859ca76e0>,29,16,[5 2],46,47,63,1,47
1,<environment.Job instance at 0x14c8b0c84e10>,1,17,[6 1],2,2,19,0,2
1,<environment.Job instance at 0x14c864df61e0>,5,17,[2 7],8,8,25,0,8
1,<environment.Job instance at 0x14c864df6cd0>,9,17,[6 1],15,19,36,4,15
1,<environment.Job instance at 0x14c860c785a0>,24,15,[7 2],32,36,51,4,32
1,<environment.Job instance at 0x14c86514d8c0>,72,14,[2 8],95,109,123,14,109
1,<environment.Job instance at 0x14c86514daf0>,73,15,[8 2],96,117,132,21,117
1,<environment.Job instance at 0x14c86514dd70>,77,14,[ 2 10],101,132,146,31,117
1,<environment.Job instance at 0x14c86514daa0>,81,16,[1 6],106,146,162,40,133
1,<environment.Job instance at 0x14c85abe3690>,4,12,[7 2],7,7,19,0,7
1,<environment.Job instance at 0x14c85cbcbb40>,6,17,[6 2],11,19,36,8,11
1,<environment.Job instance at 0x14c859f1c5f0>,7,13,[ 2 10],12,36,49,24,20
1,<environment.Job instance at 0x14c8650011e0>,35,17,[ 2 10],48,51,68,3,51
1,<environment.Job instance at 0x14c859f4f500>,48,17,[6 2],64,85,102,21,85
1,<environment.Job instance at 0x14c85ab55870>,54,12,[1 8],70,100,112,30,100
1,<environment.Job instance at 0x14c85e214f50>,60,14,[1 7],79,112,126,33,102
1,<environment.Job instance at 0x14c864532140>,69,17,[2 9],93,126,143,33,116
1,<environment.Job instance at 0x14c865198e60>,11,18,[10  1],16,1346,1364,1330,1346
1,<environment.Job instance at 0x14c859da3190>,10,1,[8 1],15,1364,1365,1349,1351
1,<environment.Job instance at 0x14c85a172780>,1,16,[7 2],2,2,18,0,2
1,<environment.Job instance at 0x14c8626e6910>,10,13,[1 8],18,18,31,0,18
1,<environment.Job instance at 0x14c8626e6550>,12,26,[5 2],22,22,48,0,22
1,<environment.Job instance at 0x14c85a143c80>,14,12,[2 8],25,31,43,6,25
1,<environment.Job instance at 0x14c85a215730>,38,13,[2 8],63,63,76,0,63
1,<environment.Job instance at 0x14c859ee47d0>,44,15,[2 7],71,76,91,5,71
1,<environment.Job instance at 0x14c859fb5c30>,57,14,[2 8],88,91,105,3,88
1,<environment.Job instance at 0x14c867f6e190>,27,2,[1 5],44,454,456,410,454
1,<environment.Job instance at 0x14c85e511b40>,3,17,[ 1 10],5,5,22,0,5
1,<environment.Job instance at 0x14c85d0caaf0>,4,13,[ 1 10],7,22,35,15,7
1,<environment.Job instance at 0x14c859d765a0>,16,14,[1 7],24,35,49,11,28
1,<environment.Job instance at 0x14c85a219dc0>,18,12,[5 2],27,35,47,8,28
1,<environment.Job instance at 0x14c85e47f550>,23,17,[7 1],35,47,64,12,35
1,<environment.Job instance at 0x14c85f3edaf0>,26,13,[5 2],43,64,77,21,48
1,<environment.Job instance at 0x14c8b0be5140>,31,17,[6 2],55,77,94,22,65
1,<environment.Job instance at 0x14c859b03af0>,36,17,[1 9],61,94,111,33,82
1,<environment.Job instance at 0x14c864427c80>,42,17,[6 1],73,94,111,21,82
1,<environment.Job instance at 0x14c85cf234b0>,45,18,[2 8],78,111,129,33,100
1,<environment.Job instance at 0x14c865047d20>,54,16,[5 2],95,111,127,16,109
1,<environment.Job instance at 0x14c85a3b81e0>,12,14,[6 2],20,1198,1212,1178,1198
1,<environment.Job instance at 0x14c859d767d0>,13,1,[5 2],21,1212,1213,1191,1209
1,<environment.Job instance at 0x14e1f06b7c30>,0,12,[2 5],1,1,13,0,1
1,<environment.Job instance at 0x14e199e7e640>,8,13,[6 1],9,9,22,0,9
1,<environment.Job instance at 0x14e199e7e0f0>,10,13,[2 8],12,13,26,1,12
1,<environment.Job instance at 0x14e199e7e140>,17,17,[6 1],23,23,40,0,23
1,<environment.Job instance at 0x14e19a59bcd0>,24,12,[ 1 10],32,40,52,8,32
1,<environment.Job instance at 0x14e19a58bd20>,30,15,[2 9],40,52,67,12,40
1,<environment.Job instance at 0x14e19a5a3cd0>,55,16,[2 5],76,1360,1376,1284,1360
1,<environment.Job instance at 0x14e19a5a3780>,58,15,[2 9],82,1376,1391,1294,1362
1,<environment.Job instance at 0x14e19a5b6a50>,72,13,[7 2],102,1392,1405,1290,1392
1,<environment.Job instance at 0x14e19a0f4410>,80,14,[7 1],112,1405,1419,1293,1401
1,<environment.Job instance at 0x14e19a0f4dc0>,82,12,[2 8],115,1405,1417,1290,1405
1,<environment.Job instance at 0x14e19a58bbe0>,36,3,[10  2],48,1570,1573,1522,1570
1,<environment.Job instance at 0x14e19a5fc410>,38,1,[8 1],51,1723,1724,1672,1723
1,<environment.Job instance at 0x14e19c733280>,6,15,[7 1],9,9,24,0,9
1,<environment.Job instance at 0x14e19c733a00>,12,13,[ 1 10],16,24,37,8,16
1,<environment.Job instance at 0x14e19c737820>,21,18,[1 8],26,37,55,11,26
1,<environment.Job instance at 0x14e19c9fa550>,35,15,[1 6],47,79,94,32,79
1,<environment.Job instance at 0x14e19c9fa140>,44,28,[2 8],59,102,130,43,102
1,<environment.Job instance at 0x14e19c67a190>,54,17,[ 2 10],76,130,147,54,120
1,<environment.Job instance at 0x14e19c762780>,59,13,[ 2 10],82,147,160,65,131
1,<environment.Job instance at 0x14e19c66ae60>,73,16,[1 6],99,160,176,61,156
1,<environment.Job instance at 0x14e19c66aaa0>,74,17,[1 6],101,176,193,75,164
1,<environment.Job instance at 0x14e19c85e870>,75,17,[7 1],102,166,183,64,166
1,<environment.Job instance at 0x14e19c733550>,11,15,[10  2],15,2400,2415,2385,2400
1,<environment.Job instance at 0x14e19dbcb960>,4,18,[7 2],9,9,27,0,9
1,<environment.Job instance at 0x14e19c6099b0>,9,14,[2 8],19,19,33,0,19
1,<environment.Job instance at 0x14e19db31910>,15,15,[2 8],28,33,48,5,28
1,<environment.Job instance at 0x14e19c9705f0>,67,16,[7 2],104,124,140,20,124
1,<environment.Job instance at 0x14e19a6800a0>,72,12,[2 9],113,140,152,27,136
1,<environment.Job instance at 0x14e199d88e10>,2,18,[8 2],3,3,21,0,3
1,<environment.Job instance at 0x14e19987c460>,8,16,[2 8],9,9,25,0,9
1,<environment.Job instance at 0x14e199e48eb0>,50,14,[1 6],65,86,100,21,86
1,<environment.Job instance at 0x14e1b07d1820>,68,14,[2 8],85,123,137,38,123
1,<environment.Job instance at 0x14e199e3f870>,38,2,[1 5],50,245,247,195,245
1,<environment.Job instance at 0x14e199e3fc30>,37,1,[6 2],49,451,452,402,451
1,<environment.Job instance at 0x14e19a6bbe10>,0,12,[1 5],1,1,13,0,1
1,<environment.Job instance at 0x14e19a6bb370>,1,13,[7 2],2,2,15,0,2
1,<environment.Job instance at 0x14e19edab0a0>,5,16,[1 5],11,13,29,2,11
1,<environment.Job instance at 0x14e19c9610f0>,16,16,[2 7],31,31,47,0,31
1,<environment.Job instance at 0x14e19b0f9b90>,24,14,[2 8],43,47,61,4,43
1,<environment.Job instance at 0x14e1b2ddc960>,36,15,[2 8],62,65,80,3,65
1,<environment.Job instance at 0x14e19c978a50>,42,15,[2 7],70,80,95,10,80
1,<environment.Job instance at 0x14e19da7a910>,54,16,[ 1 10],92,104,120,12,104
1,<environment.Job instance at 0x14e1b2ddcf00>,31,3,[9 2],52,338,341,286,338
1,<environment.Job instance at 0x14e199ba3eb0>,0,14,[1 5],1,1,15,0,1
1,<environment.Job instance at 0x14e1b2ddc320>,1,12,[2 6],3,15,27,12,3
1,<environment.Job instance at 0x14e19a644550>,3,17,[2 8],6,27,44,21,15
1,<environment.Job instance at 0x14e1996d43c0>,14,12,[2 9],22,44,56,22,29
1,<environment.Job instance at 0x14e1996d4640>,18,12,[1 7],27,56,68,29,41
1,<environment.Job instance at 0x14e199d0e0f0>,21,17,[2 9],31,68,85,37,56
1,<environment.Job instance at 0x14e1b0bd5640>,33,16,[ 2 10],45,85,101,40,73
1,<environment.Job instance at 0x14e1b0132af0>,39,13,[2 8],53,101,114,48,91
1,<environment.Job instance at 0x14e19c5f36e0>,49,15,[5 2],66,121,136,55,121
1,<environment.Job instance at 0x14e19b1153c0>,56,14,[2 6],75,139,153,64,139
1,<environment.Job instance at 0x14e19b115410>,58,17,[2 5],77,153,170,76,142
1,<environment.Job instance at 0x14e19b0f4d70>,70,13,[6 1],94,159,172,65,159
1,<environment.Job instance at 0x14e19c6fc910>,75,13,[2 6],99,170,183,71,161
1,<environment.Job instance at 0x14e19c6fc7d0>,79,17,[2 7],105,183,200,78,179
1,<environment.Job instance at 0x14e19c6fc780>,87,13,[2 9],113,200,213,87,185
1,<environment.Job instance at 0x14e1b271a500>,0,14,[2 9],1,1,15,0,1
1,<environment.Job instance at 0x14e1b0af3aa0>,7,17,[1 8],8,15,32,7,8
1,<environment.Job instance at 0x14e1999cf640>,12,13,[7 2],14,15,28,1,14
1,<environment.Job instance at 0x14e1999f4690>,14,15,[ 2 10],16,32,47,16,18
1,<environment.Job instance at 0x14e19d97c5a0>,26,16,[6 2],31,47,63,16,40
1,<environment.Job instance at 0x14e19bb66550>,39,17,[1 7],50,123,140,73,123
1,<environment.Job instance at 0x14e19bb5caf0>,43,14,[5 2],59,123,137,64,123
1,<environment.Job instance at 0x14e19bb5c2d0>,47,14,[1 6],63,1179,1193,1116,1179
1,<environment.Job instance at 0x14e19bb48960>,55,25,[6 1],75,1179,1204,1104,1179
1,<environment.Job instance at 0x14e1999bed70>,70,15,[2 5],99,1238,1253,1139,1238
1,<environment.Job instance at 0x14e1999be500>,71,14,[7 1],100,1238,1252,1138,1238
1,<environment.Job instance at 0x14e19edab910>,82,17,[1 8],118,1253,1270,1135,1241
1,<environment.Job instance at 0x14e19d9baf50>,23,2,[10  1],27,1488,1490,1461,1488
1,<environment.Job instance at 0x14e19de54550>,0,17,[1 6],1,1,18,0,1
1,<environment.Job instance at 0x14e1b01504b0>,2,13,[2 9],6,18,31,12,6
1,<environment.Job instance at 0x14e199e835a0>,10,1,[8 2],15,15,16,0,15
1,<environment.Job instance at 0x14e1b0a9afa0>,21,14,[7 1],28,46,60,18,46
1,<environment.Job instance at 0x14e1b0c1fd70>,22,14,[ 2 10],29,60,74,31,46
1,<environment.Job instance at 0x14e19c92be10>,28,16,[7 1],35,74,90,39,63
1,<environment.Job instance at 0x14e19da8baa0>,36,14,[ 1 10],47,96,110,49,96
1,<environment.Job instance at 0x14e199aff910>,67,16,[2 9],100,1016,1032,916,1016
1,<environment.Job instance at 0x14e1b0a9a280>,13,1,[5 1],18,1147,1148,1129,1147
1,<environment.Job instance at 0x14e1b0a9ac30>,15,1,[8 1],20,1355,1356,1335,1355
1,<environment.Job instance at 0x14e19c93cf50>,3,15,[1 9],6,6,21,0,6
1,<environment.Job instance at 0x14e19df381e0>,13,15,[6 1],22,22,37,0,22
1,<environment.Job instance at 0x14e19da6b820>,27,27,[1 9],43,44,71,1,44
1,<environment.Job instance at 0x14e19c81f690>,35,13,[8 2],56,71,84,15,66
1,<environment.Job instance at 0x14e1b005a780>,61,15,[6 1],93,120,135,27,120
1,<environment.Job instance at 0x14e19da8c5a0>,69,14,[ 1 10],104,135,149,31,128
1,<environment.Job instance at 0x14e19c5960f0>,74,18,[2 9],110,149,167,39,140
1,<environment.Job instance at 0x14e19caad550>,22,2,[2 8],35,681,683,646,681
1,<environment.Job instance at 0x14e1994dd320>,28,1,[9 1],44,753,754,709,753
1,<environment.Job instance at 0x14e1994dd320>,2,17,[7 2],3,3,20,0,3
1,<environment.Job instance at 0x14e1997b20f0>,3,16,[5 2],4,20,36,16,8
1,<environment.Job instance at 0x14e19987a910>,9,16,[5 2],13,20,36,7,13
1,<environment.Job instance at 0x14e199691b90>,15,15,[6 2],22,36,51,14,27
1,<environment.Job instance at 0x14e1992d5780>,17,17,[1 8],25,36,53,11,27
1,<environment.Job instance at 0x14e1a0634c30>,25,17,[5 2],34,51,68,17,39
1,<environment.Job instance at 0x14e1b2d48370>,30,17,[5 2],40,53,70,13,41
1,<environment.Job instance at 0x14e1b07e6af0>,34,14,[1 9],46,70,84,24,58
1,<environment.Job instance at 0x14e1b07e67d0>,37,12,[2 9],49,84,96,35,67
1,<environment.Job instance at 0x14e1a3db9b40>,42,16,[8 2],55,96,112,41,89
1,<environment.Job instance at 0x14e1b2481320>,48,14,[1 8],63,96,110,33,89
1,<environment.Job instance at 0x14e199a68050>,57,17,[8 1],77,112,129,35,102
1,<environment.Job instance at 0x14e199a51d20>,63,12,[ 1 10],83,129,141,46,113
1,<environment.Job instance at 0x14e19c91afa0>,70,14,[2 9],97,141,155,44,126
1,<environment.Job instance at 0x14e19962ed70>,8,1,[1 8],12,349,350,337,349
1,<environment.Job instance at 0x14e1997f71e0>,3,18,[1 7],6,6,24,0,6
1,<environment.Job instance at 0x14e19deacb40>,8,15,[ 2 10],14,24,39,10,14
1,<environment.Job instance at 0x14e199e61410>,17,18,[5 2],27,39,57,12,38
1,<environment.Job instance at 0x14e199e648c0>,44,15,[6 1],63,63,78,0,63
1,<environment.Job instance at 0x14e1b0a750f0>,57,16,[2 6],78,79,95,1,79
1,<environment.Job instance at 0x14e1b0a75eb0>,59,14,[5 2],84,84,98,0,84
1,<environment.Job instance at 0x14e199994820>,65,22,[2 9],93,98,120,5,95
1,<environment.Job instance at 0x14e19bb40c30>,73,13,[2 9],107,120,133,13,107
1,<environment.Job instance at 0x14e19da14c80>,74,12,[5 2],109,133,145,24,116
1,<environment.Job instance at 0x14e199e61550>,15,24,[2 9],22,629,653,607,629
1,<environment.Job instance at 0x14e19df1fbe0>,6,12,[2 9],17,17,29,0,17
1,<environment.Job instance at 0x14e19cab9050>,10,17,[6 2],22,29,46,7,22
1,<environment.Job instance at 0x14e199a31140>,20,13,[2 8],33,33,46,0,33
1,<environment.Job instance at 0x14e1b01370f0>,25,14,[ 2 10],40,46,60,6,40
1,<environment.Job instance at 0x14e1b0a18c80>,39,16,[ 2 10],63,63,79,0,63
1,<environment.Job instance at 0x14e1b0a186e0>,43,17,[9 2],69,79,96,10,69
1,<environment.Job instance at 0x14e19c6b4b40>,54,17,[5 2],85,96,113,11,87
1,<environment.Job instance at 0x14e1998df550>,59,13,[1 9],91,113,126,22,97
1,<environment.Job instance at 0x14e19c6890f0>,72,15,[8 2],107,129,144,22,129
1,<environment.Job instance at 0x14e19c6b4410>,52,1,[ 2 10],82,295,296,213,295
1,<environment.Job instance at 0x14e1b0137780>,28,1,[5 2],43,452,453,409,452
1,<environment.Job instance at 0x14e19de61f00>,15,17,[1 8],22,22,39,0,22
1,<environment.Job instance at 0x14e19de4aaa0>,18,12,[1 7],26,39,51,13,31
1,<environment.Job instance at 0x14e19de620a0>,25,16,[7 2],34,35,51,1,35
1,<environment.Job instance at 0x14e199b076e0>,33,15,[5 1],46,85,100,39,85
1,<environment.Job instance at 0x14e199afd190>,37,16,[2 9],50,91,107,41,91
1,<environment.Job instance at 0x14e19c714410>,37,14,[9 2],49,50,64,1,50
1,<environment.Job instance at 0x14e19db37c30>,42,14,[2 8],55,64,78,9,55
1,<environment.Job instance at 0x14e19c73cf50>,43,15,[8 2],56,64,79,8,57
1,<environment.Job instance at 0x14e19caff320>,47,14,[ 2 10],61,79,93,18,64
1,<environment.Job instance at 0x14e199d53320>,49,18,[5 2],63,93,111,30,82
1,<environment.Job instance at 0x14e19db3c0a0>,59,12,[7 2],77,111,123,34,94
1,<environment.Job instance at 0x14e19c83f910>,61,17,[6 2],81,123,140,42,111
1,<environment.Job instance at 0x14e19c83f050>,62,13,[ 2 10],82,140,153,58,124
1,<environment.Job instance at 0x14e19c86ceb0>,75,14,[9 2],99,153,167,54,139
1,<environment.Job instance at 0x14e19c86ca50>,79,13,[8 1],105,168,181,63,168
1,<environment.Job instance at 0x14e199bb2c30>,90,17,[ 2 10],118,181,198,63,173
1,<environment.Job instance at 0x14e19c9bf730>,30,1,[2 5],38,198,199,160,192
1,<environment.Job instance at 0x14e19c87d0f0>,16,12,[1 8],20,22,34,2,22
1,<environment.Job instance at 0x14e1a062c2d0>,22,14,[1 7],29,34,48,5,30
1,<environment.Job instance at 0x14e19984e460>,31,17,[2 9],43,48,65,5,43
1,<environment.Job instance at 0x14e19984e7d0>,41,17,[ 1 10],56,106,123,50,106
1,<environment.Job instance at 0x14e1a2092550>,58,12,[2 8],85,126,138,41,126
1,<environment.Job instance at 0x14e19edc2af0>,61,12,[6 1],90,139,151,49,139
1,<environment.Job instance at 0x14e19c5968c0>,62,18,[1 6],91,140,158,49,140
1,<environment.Job instance at 0x14e19c596780>,63,14,[9 2],93,151,165,58,145
1,<environment.Job instance at 0x14e19df34460>,69,18,[1 7],102,158,176,56,157
1,<environment.Job instance at 0x14e19c852c80>,5,13,[8 1],6,341,354,335,341
1,<environment.Job instance at 0x14e199d4e320>,0,18,[2 9],1,1,19,0,1
1,<environment.Job instance at 0x14e199d4e230>,1,13,[2 8],3,19,32,16,3
1,<environment.Job instance at 0x14e199c3a500>,6,18,[7 2],10,19,37,9,10
1,<environment.Job instance at 0x14e19db19550>,20,14,[2 8],28,32,46,4,28
1,<environment.Job instance at 0x14e19db12aa0>,22,17,[7 2],31,37,54,6,31
1,<environment.Job instance at 0x14e19db1b460>,36,17,[ 1 10],55,55,72,0,55
1,<environment.Job instance at 0x14e19db1b9b0>,37,13,[ 1 10],57,72,85,15,57
1,<environment.Job instance at 0x14e19d9b61e0>,45,14,[6 2],70,85,99,15,70
1,<environment.Job instance at 0x14e1994c4e10>,51,12,[5 2],77,99,111,22,92
1,<environment.Job instance at 0x14e199e66b40>,59,13,[5 2],93,103,116,10,103
1,<environment.Job instance at 0x14e19db05c30>,64,17,[6 2],105,116,133,11,108
1,<environment.Job instance at 0x14e19db05690>,67,14,[10  2],109,133,147,24,124
1,<environment.Job instance at 0x14e19db202d0>,13,13,[6 1],18,603,616,585,603
1,<environment.Job instance at 0x14e19db20f00>,1,17,[6 1],3,3,20,0,3
1,<environment.Job instance at 0x14e1995e20a0>,4,18,[2 8],8,8,26,0,8
1,<environment.Job instance at 0x14e1995e2460>,5,13,[7 2],11,20,33,9,11
1,<environment.Job instance at 0x14e19a66be60>,13,16,[5 2],25,33,49,8,25
1,<environment.Job instance at 0x14e199969d70>,17,3,[2 9],30,453,456,423,453
1,<environment.Job instance at 0x14e19a66b0f0>,1,16,[ 1 10],3,3,19,0,3
1,<environment.Job instance at 0x14e19dbd60a0>,3,15,[2 8],5,19,34,14,5
1,<environment.Job instance at 0x14e19de1fd70>,10,15,[7 2],16,19,34,3,16
1,<environment.Job instance at 0x14e1a3d5fb40>,11,13,[ 2 10],18,34,47,16,18
1,<environment.Job instance at 0x14e19983e5f0>,24,14,[ 1 10],38,47,61,9,38
1,<environment.Job instance at 0x14e19bb6f780>,37,14,[1 9],58,61,75,3,58
1,<environment.Job instance at 0x14e1a3dd2a50>,64,17,[2 7],108,108,125,0,108
1,<environment.Job instance at 0x150902935640>,0,12,[2 5],1,1,13,0,1
1,<environment.Job instance at 0x1508ac0fd5f0>,8,13,[6 1],9,9,22,0,9
1,<environment.Job instance at 0x1508ac93c230>,10,13,[2 8],12,13,26,1,12
1,<environment.Job instance at 0x1508ac85d0f0>,17,17,[6 1],23,23,40,0,23
1,<environment.Job instance at 0x1508ac81a550>,24,12,[ 1 10],32,40,52,8,32
1,<environment.Job instance at 0x1508ac809f00>,30,15,[2 9],40,52,67,12,40
1,<environment.Job instance at 0x1508ac825280>,55,16,[2 5],76,568,584,492,568
1,<environment.Job instance at 0x1508ac825370>,58,15,[2 9],82,584,599,502,570
1,<environment.Job instance at 0x1508ac832500>,72,13,[7 2],102,601,614,499,601
1,<environment.Job instance at 0x1508ac3664b0>,80,14,[7 1],112,614,628,502,610
1,<environment.Job instance at 0x1508ac366f50>,82,12,[2 8],115,614,626,499,614
1,<environment.Job instance at 0x1508ac36f320>,92,15,[7 1],129,628,643,499,619
1,<environment.Job instance at 0x1508ac80ec80>,38,1,[8 1],51,643,644,592,635
1,<environment.Job instance at 0x1508ac80ec30>,37,2,[ 1 10],50,717,719,667,717
1,<environment.Job instance at 0x1508ac7af690>,2,12,[9 2],4,4,16,0,4
1,<environment.Job instance at 0x1508ae88f280>,4,13,[ 1 10],6,16,29,10,6
1,<environment.Job instance at 0x1508ae9b6a50>,43,15,[2 7],63,106,121,43,106
1,<environment.Job instance at 0x1508ae9b67d0>,46,17,[ 2 10],66,121,138,55,110
1,<environment.Job instance at 0x1508ae922050>,54,15,[1 7],75,139,154,64,139
1,<environment.Job instance at 0x1508ae8f9960>,65,16,[1 6],89,154,170,65,150
1,<environment.Job instance at 0x1508ae8edd70>,70,15,[9 2],100,176,191,76,176
1,<environment.Job instance at 0x1508ae8e9fa0>,83,18,[7 2],119,191,209,72,182
1,<environment.Job instance at 0x1508ae8e9e10>,88,14,[2 8],129,191,205,62,190
1,<environment.Job instance at 0x1508aea5c780>,4,14,[6 1],7,7,21,0,7
1,<environment.Job instance at 0x1508aea5ccd0>,5,15,[2 8],8,8,23,0,8
1,<environment.Job instance at 0x1508ae88baa0>,2,18,[6 2],6,6,24,0,6
1,<environment.Job instance at 0x1508ac9307d0>,3,16,[1 5],8,8,24,0,8
1,<environment.Job instance at 0x1508afda8a50>,17,14,[1 6],29,29,43,0,29
1,<environment.Job instance at 0x1508afd0b3c0>,18,14,[1 9],30,43,57,13,30
1,<environment.Job instance at 0x1508b80252d0>,41,16,[2 6],66,67,83,1,67
1,<environment.Job instance at 0x1508bad3daf0>,65,17,[2 9],97,114,131,17,114
1,<environment.Job instance at 0x1508ba00daa0>,0,15,[1 8],2,2,17,0,2
1,<environment.Job instance at 0x1508ac373e60>,28,16,[ 2 10],35,47,63,12,47
1,<environment.Job instance at 0x1508abbaf5f0>,71,16,[ 2 10],102,142,158,40,142
1,<environment.Job instance at 0x1508bad9f280>,83,14,[2 8],123,160,174,37,160
1,<environment.Job instance at 0x1508badce0a0>,87,17,[2 8],127,178,195,51,178
1,<environment.Job instance at 0x1508ac1101e0>,21,1,[10  1],28,1311,1312,1283,1311
1,<environment.Job instance at 0x1508ac366870>,2,17,[1 9],4,4,21,0,4
1,<environment.Job instance at 0x1508afcd3be0>,5,15,[2 8],12,21,36,9,12
1,<environment.Job instance at 0x1508afcd31e0>,11,15,[2 7],20,36,51,16,22
1,<environment.Job instance at 0x1508ba0190f0>,34,17,[2 7],45,74,91,29,74
1,<environment.Job instance at 0x1508ba019f50>,35,13,[2 8],46,91,104,45,75
1,<environment.Job instance at 0x1508addc6eb0>,36,16,[6 1],47,80,96,33,80
1,<environment.Job instance at 0x1508abbd7690>,48,14,[2 9],61,104,118,43,99
1,<environment.Job instance at 0x1508ba18de60>,60,13,[7 2],74,118,131,44,108
1,<environment.Job instance at 0x1508afd61d70>,74,16,[6 2],91,144,160,53,144
1,<environment.Job instance at 0x1508ba151500>,91,14,[5 2],119,188,202,69,188
1,<environment.Job instance at 0x1508b80414b0>,4,12,[5 2],7,7,19,0,7
1,<environment.Job instance at 0x1508aed42f00>,54,14,[ 2 10],79,112,126,33,112
1,<environment.Job instance at 0x1508e1445b90>,3,12,[7 2],6,6,18,0,6
1,<environment.Job instance at 0x1508e10120f0>,4,15,[ 2 10],12,18,33,6,12
1,<environment.Job instance at 0x1508abb18a00>,48,14,[2 6],73,73,87,0,73
1,<environment.Job instance at 0x1508ac8dcd70>,53,12,[2 8],81,87,99,6,81
1,<environment.Job instance at 0x1508b80f75a0>,66,3,[1 5],100,335,338,235,335
1,<environment.Job instance at 0x1508b80f7230>,65,1,[2 6],99,381,382,282,381
1,<environment.Job instance at 0x1508b80f7f50>,1,15,[6 1],3,3,18,0,3
1,<environment.Job instance at 0x1508b00de320>,9,14,[ 1 10],14,18,32,4,14
1,<environment.Job instance at 0x1508b9983aa0>,14,18,[2 9],20,32,50,12,21
1,<environment.Job instance at 0x1508ac07f5f0>,18,17,[5 1],24,32,49,8,24
1,<environment.Job instance at 0x1508ac0e7b40>,32,17,[ 2 10],39,50,67,11,47
1,<environment.Job instance at 0x1508aec74f50>,50,17,[5 2],64,98,115,34,98
1,<environment.Job instance at 0x1508aec74690>,55,17,[5 2],70,99,116,29,99
1,<environment.Job instance at 0x1508ac7cefa0>,59,14,[1 9],76,116,130,40,103
1,<environment.Job instance at 0x1508ac8e3230>,88,12,[ 1 10],113,160,172,47,160
1,<environment.Job instance at 0x1508bad6ca00>,29,2,[2 9],35,1293,1295,1258,1293
1,<environment.Job instance at 0x1508bac87230>,30,13,[2 8],37,1889,1902,1852,1889
1,<environment.Job instance at 0x1508abd47460>,16,18,[1 7],26,26,44,0,26
1,<environment.Job instance at 0x1508b9ff79b0>,57,15,[6 1],83,105,120,22,105
1,<environment.Job instance at 0x1508e00536e0>,72,14,[5 2],104,127,141,23,127
1,<environment.Job instance at 0x1508e0053f00>,78,22,[2 9],113,141,163,28,135
1,<environment.Job instance at 0x1508e0fdc370>,86,13,[2 9],127,163,176,36,158
1,<environment.Job instance at 0x1508afe2ce10>,23,3,[6 2],36,427,430,391,427
1,<environment.Job instance at 0x1508abfdcb40>,9,18,[8 1],18,18,36,0,18
1,<environment.Job instance at 0x1508abfdcd20>,14,12,[2 9],27,27,39,0,27
1,<environment.Job instance at 0x1508ac000f50>,18,17,[6 2],32,39,56,7,32
1,<environment.Job instance at 0x1508abaca1e0>,28,13,[2 8],43,43,56,0,43
1,<environment.Job instance at 0x1508abacaa00>,33,14,[ 2 10],50,56,70,6,50
1,<environment.Job instance at 0x1508ac8e3870>,37,12,[2 9],54,70,82,16,54
1,<environment.Job instance at 0x1508ba190aa0>,47,16,[ 2 10],73,82,98,9,73
1,<environment.Job instance at 0x1508ba1908c0>,57,12,[7 2],89,98,110,9,92
1,<environment.Job instance at 0x1508bac6daa0>,61,16,[1 7],93,98,114,5,98
1,<environment.Job instance at 0x1508bac6d410>,62,17,[5 2],95,110,127,15,98
1,<environment.Job instance at 0x1508abc76dc0>,74,19,[5 2],111,127,146,16,127
1,<environment.Job instance at 0x1508b800baf0>,85,16,[1 5],123,142,158,19,142
1,<environment.Job instance at 0x1508ba1905f0>,52,2,[9 2],81,236,238,155,236
1,<environment.Job instance at 0x1508ac8e30f0>,40,2,[1 6],65,309,311,244,309
1,<environment.Job instance at 0x1508b80c01e0>,2,12,[6 1],3,3,15,0,3
1,<environment.Job instance at 0x1508aeceaaf0>,7,14,[ 2 10],8,15,29,7,8
1,<environment.Job instance at 0x1508abc2e500>,15,17,[1 8],22,29,46,7,22
1,<environment.Job instance at 0x1508b806eb40>,18,12,[1 7],26,46,58,20,31
1,<environment.Job instance at 0x1508aecec5a0>,25,16,[7 2],34,34,50,0,34
1,<environment.Job instance at 0x1508aba1b0f0>,37,16,[2 9],50,102,118,52,102
1,<environment.Job instance at 0x1508ab640a50>,51,16,[2 8],68,764,780,696,764
1,<environment.Job instance at 0x1508ae932fa0>,62,18,[1 9],81,780,798,699,773
1,<environment.Job instance at 0x1508aebccd70>,71,14,[6 1],93,800,814,707,800
1,<environment.Job instance at 0x1508ad39e370>,76,14,[1 6],101,801,815,700,801
1,<environment.Job instance at 0x1508b804cbe0>,77,12,[1 7],104,815,827,711,803
1,<environment.Job instance at 0x1508b804c6e0>,80,17,[5 2],110,814,831,704,805
1,<environment.Job instance at 0x1508ab7519b0>,22,2,[2 9],30,846,848,816,846
1,<environment.Job instance at 0x1508ab751be0>,21,3,[1 8],29,1223,1226,1194,1223
1,<environment.Job instance at 0x1508ac000500>,37,17,[2 9],53,146,163,93,146
1,<environment.Job instance at 0x1508addf7e60>,51,13,[1 6],70,170,183,100,170
1,<environment.Job instance at 0x1508addf72d0>,57,17,[2 7],78,183,200,105,177
1,<environment.Job instance at 0x1508b8035b90>,64,12,[5 2],89,194,206,105,194
1,<environment.Job instance at 0x1508b80e27d0>,89,16,[6 1],120,264,280,144,264
1,<environment.Job instance at 0x1508aec1d4b0>,0,2,[8 1],1,1,3,0,1
1,<environment.Job instance at 0x1508aec1d050>,4,17,[1 5],6,7,24,1,7
1,<environment.Job instance at 0x1508abe244b0>,15,15,[2 7],17,24,39,7,17
1,<environment.Job instance at 0x1508ab8c6690>,28,14,[2 8],35,115,129,80,115
1,<environment.Job instance at 0x1508ab8c6550>,29,15,[8 2],36,117,132,81,117
1,<environment.Job instance at 0x1508abf12320>,33,14,[ 2 10],41,132,146,91,118
1,<environment.Job instance at 0x1508abf12910>,35,18,[5 2],43,146,164,103,135
1,<environment.Job instance at 0x1508abf12af0>,45,12,[7 2],57,164,176,107,147
1,<environment.Job instance at 0x1508e10991e0>,47,17,[6 2],61,176,193,115,164
1,<environment.Job instance at 0x1508aeb88af0>,61,14,[9 2],79,193,207,114,189
1,<environment.Job instance at 0x1508aeb889b0>,62,16,[8 2],81,207,223,126,196
1,<environment.Job instance at 0x1508ac900140>,76,17,[ 2 10],98,223,240,125,216
1,<environment.Job instance at 0x1508bad8b690>,89,17,[6 2],114,443,460,329,443
1,<environment.Job instance at 0x1508abdbc6e0>,95,12,[1 8],120,451,463,331,451
1,<environment.Job instance at 0x1508abdbceb0>,101,14,[1 7],129,466,480,337,466
1,<environment.Job instance at 0x1508afd47b40>,21,1,[8 1],27,810,811,783,810
1,<environment.Job instance at 0x1508ac8f4cd0>,8,17,[2 9],13,13,30,0,13
1,<environment.Job instance at 0x1508abc6cb40>,22,16,[7 2],32,251,267,219,251
1,<environment.Job instance at 0x1508ba162d70>,31,13,[1 8],48,265,278,217,265
1,<environment.Job instance at 0x1508ac8c8f50>,33,26,[5 2],52,267,293,215,265
1,<environment.Job instance at 0x1508abc45cd0>,35,12,[2 8],55,278,290,223,266
1,<environment.Job instance at 0x1508abc453c0>,38,12,[6 1],60,293,305,233,285
1,<environment.Job instance at 0x1508abc37640>,46,18,[1 7],72,295,313,223,295
1,<environment.Job instance at 0x1508abc37a00>,50,12,[5 1],78,312,324,234,312
1,<environment.Job instance at 0x1508bad333c0>,58,18,[2 9],91,317,335,226,317
1,<environment.Job instance at 0x1508bad33230>,59,13,[2 8],93,335,348,242,319
1,<environment.Job instance at 0x1508abc465a0>,64,18,[7 2],100,335,353,235,325
1,<environment.Job instance at 0x1508aec7b140>,65,15,[2 7],101,348,363,247,337
1,<environment.Job instance at 0x1508b80cabe0>,78,14,[2 8],118,366,380,248,366
1,<environment.Job instance at 0x1508b80ca5a0>,80,17,[7 2],121,366,383,245,366
1,<environment.Job instance at 0x1508ba190870>,81,13,[8 1],124,383,396,259,371
1,<environment.Job instance at 0x1508b00d35f0>,83,18,[8 1],127,396,414,269,385
1,<environment.Job instance at 0x1508abc6c5a0>,15,3,[2 8],21,1435,1438,1414,1435
1,<environment.Job instance at 0x1508afc40e10>,7,17,[ 1 10],15,15,32,0,15
1,<environment.Job instance at 0x1508aea8a0a0>,8,13,[ 1 10],17,32,45,15,17
1,<environment.Job instance at 0x1508abd9beb0>,40,17,[1 9],71,87,104,16,87
1,<environment.Job instance at 0x1508ab8ec870>,49,18,[2 8],88,104,122,16,93
1,<environment.Job instance at 0x1508ba123960>,50,13,[7 2],91,104,117,13,94
1,<environment.Job instance at 0x1508e1459320>,58,16,[5 2],105,117,133,12,114
1,<environment.Job instance at 0x1508ae930dc0>,73,18,[7 2],129,133,151,4,129
1,<environment.Job instance at 0x1508abc70780>,19,3,[1 5],33,986,989,953,986
1,<environment.Job instance at 0x1508baa46d20>,12,14,[8 2],15,15,29,0,15
1,<environment.Job instance at 0x1508aba950a0>,21,17,[1 6],30,49,66,19,49
1,<environment.Job instance at 0x1508ab5ed870>,23,12,[1 7],32,66,78,34,51
1,<environment.Job instance at 0x1508abc9d4b0>,55,16,[ 1 10],73,209,225,136,209
1,<environment.Job instance at 0x1508ab5b9be0>,57,15,[2 8],75,226,241,151,226
1,<environment.Job instance at 0x1508afd24820>,64,15,[7 2],86,236,251,150,236
1,<environment.Job instance at 0x1508afd24230>,65,13,[ 2 10],88,251,264,163,236
1,<environment.Job instance at 0x1508aba30cd0>,68,16,[6 1],94,264,280,170,251
1,<environment.Job instance at 0x1508b99ae410>,73,14,[2 7],103,264,278,161,251
1,<environment.Job instance at 0x1508bac88cd0>,78,14,[ 1 10],108,280,294,172,265
1,<environment.Job instance at 0x1508ac7f9f50>,79,18,[2 8],109,294,312,185,283
1,<environment.Job instance at 0x1508aeb7ddc0>,83,16,[6 2],115,294,310,179,285
1,<environment.Job instance at 0x1508e098c230>,19,1,[2 5],28,378,379,350,378
1,<environment.Job instance at 0x1508aed658c0>,18,2,[5 1],27,463,465,436,463
1,<environment.Job instance at 0x1508b9ffde10>,2,12,[5 2],4,4,16,0,4
1,<environment.Job instance at 0x1508aba5bbe0>,3,16,[2 6],5,5,21,0,5
1,<environment.Job instance at 0x1508af7e0be0>,13,13,[1 5],27,27,40,0,27
1,<environment.Job instance at 0x1508ae900e10>,18,18,[1 8],33,40,58,7,33
1,<environment.Job instance at 0x1508afd15190>,21,12,[8 1],37,37,49,0,37
1,<environment.Job instance at 0x1508ac7f30f0>,23,16,[ 2 10],43,58,74,15,45
1,<environment.Job instance at 0x1508ac08ccd0>,44,13,[6 2],71,90,103,19,90
1,<environment.Job instance at 0x1508ad38fd70>,48,12,[5 2],76,103,115,27,96
1,<environment.Job instance at 0x1508afc6abe0>,55,15,[2 9],87,115,130,28,101
1,<environment.Job instance at 0x1508abfa87d0>,69,15,[7 2],106,150,165,44,150
1,<environment.Job instance at 0x1508abfa8550>,74,15,[2 8],112,155,170,43,155
1,<environment.Job instance at 0x1508b0130be0>,4,17,[6 2],6,6,23,0,6
1,<environment.Job instance at 0x1508b9ffc8c0>,6,12,[1 7],9,9,21,0,9
1,<environment.Job instance at 0x1508ac7f92d0>,10,15,[5 2],13,23,38,10,13
1,<environment.Job instance at 0x1508ab974d20>,24,15,[2 8],38,38,53,0,38
1,<environment.Job instance at 0x1508ab974280>,31,16,[1 9],46,53,69,7,46
1,<environment.Job instance at 0x1508ab8ae460>,41,14,[ 1 10],63,129,143,66,129
1,<environment.Job instance at 0x1508ab8aef00>,43,14,[2 9],68,143,157,75,129
1,<environment.Job instance at 0x1508aed74190>,60,16,[9 2],92,439,455,347,439
1,<environment.Job instance at 0x1508aed74d20>,61,15,[ 1 10],93,455,470,362,441
1,<environment.Job instance at 0x1508ab81d5f0>,73,17,[2 6],108,470,487,362,459
1,<environment.Job instance at 0x1508ab81d2d0>,75,17,[1 9],111,487,504,376,475
1,<environment.Job instance at 0x1508ab81df00>,78,18,[2 9],114,719,737,605,719
1,<environment.Job instance at 0x1508ab81dc80>,81,16,[5 1],118,721,737,603,721
1,<environment.Job instance at 0x1508ab8aefa0>,36,1,[10  1],55,841,842,786,841
1,<environment.Job instance at 0x14aebc185eb0>,6,18,[8 1],7,7,25,0,7
1,<environment.Job instance at 0x14aebc185410>,8,13,[6 1],9,25,38,16,9
1,<environment.Job instance at 0x14aebc1852d0>,10,13,[2 8],12,12,25,0,12
1,<environment.Job instance at 0x14aebc9b77d0>,24,12,[ 1 10],32,38,50,6,32
1,<environment.Job instance at 0x14aebc18fa50>,98,13,[ 1 10],136,166,179,30,166
1,<environment.Job instance at 0x14aebc892e10>,36,3,[10  2],48,1088,1091,1040,1088
1,<environment.Job instance at 0x14aebc892e10>,4,15,[5 1],5,5,20,0,5
1,<environment.Job instance at 0x14aebeb61500>,5,18,[1 8],6,6,24,0,6
1,<environment.Job instance at 0x14aebe97ba00>,12,15,[9 2],17,20,35,3,17
1,<environment.Job instance at 0x14aebfea7d70>,22,14,[8 2],32,32,46,0,32
1,<environment.Job instance at 0x14aebfea7910>,29,13,[5 2],41,46,59,5,41
1,<environment.Job instance at 0x14aebec7cfa0>,70,14,[7 2],107,133,147,26,133
1,<environment.Job instance at 0x14aebec75460>,75,18,[6 2],116,147,165,31,136
1,<environment.Job instance at 0x14aec626ffa0>,90,14,[1 6],139,148,162,9,148
1,<environment.Job instance at 0x14af12958dc0>,4,16,[2 9],7,7,23,0,7
1,<environment.Job instance at 0x14aec10ba550>,11,16,[2 8],19,23,39,4,19
1,<environment.Job instance at 0x14aef0a0ce60>,46,17,[2 9],67,67,84,0,67
1,<environment.Job instance at 0x14aef00af500>,47,15,[7 2],68,84,99,16,70
1,<environment.Job instance at 0x14aec00fb5a0>,48,16,[2 8],69,84,100,15,73
1,<environment.Job instance at 0x14aebc031370>,72,15,[1 8],102,103,118,1,103
1,<environment.Job instance at 0x14aebea7b5f0>,36,2,[6 1],54,213,215,159,213
1,<environment.Job instance at 0x14aebea7b960>,34,1,[8 2],51,260,261,209,260
1,<environment.Job instance at 0x14aec43a4c80>,0,13,[5 1],1,1,14,0,1
1,<environment.Job instance at 0x14aebea7b960>,2,14,[6 1],3,14,28,11,3
1,<environment.Job instance at 0x14aebbcc2c80>,4,14,[2 8],5,5,19,0,5
1,<environment.Job instance at 0x14aebde59320>,22,18,[2 6],34,35,53,1,35
1,<environment.Job instance at 0x14aec0233190>,28,13,[7 2],42,49,62,7,49
1,<environment.Job instance at 0x14aebd3ec910>,31,18,[1 5],47,53,71,6,52
1,<environment.Job instance at 0x14aebe8fa230>,32,16,[1 5],51,62,78,11,52
1,<environment.Job instance at 0x14aebc896910>,43,16,[2 7],71,84,100,13,84
1,<environment.Job instance at 0x14aebbcc7be0>,51,14,[2 8],83,100,114,17,92
1,<environment.Job instance at 0x14aebfe135f0>,55,17,[2 8],87,114,131,27,109
1,<environment.Job instance at 0x14aebec39050>,60,17,[1 9],94,131,148,37,119
1,<environment.Job instance at 0x14aebfcc98c0>,63,15,[2 8],102,148,163,46,134
1,<environment.Job instance at 0x14aebe8fae10>,17,17,[2 8],26,26,43,0,26
1,<environment.Job instance at 0x14aebc0b1af0>,23,14,[9 2],36,43,57,7,40
1,<environment.Job instance at 0x14aebc0b1dc0>,26,16,[1 9],39,57,73,18,44
1,<environment.Job instance at 0x14aebbcad820>,38,17,[5 2],54,73,90,19,61
1,<environment.Job instance at 0x14aebbcadf50>,47,16,[ 2 10],65,90,106,25,77
1,<environment.Job instance at 0x14aebfce7a00>,53,13,[2 8],73,106,119,33,90
1,<environment.Job instance at 0x14aec01b34b0>,65,15,[7 2],89,122,137,33,122
1,<environment.Job instance at 0x14aec01b3d20>,69,16,[1 8],93,125,141,32,125
1,<environment.Job instance at 0x14aec01b36e0>,70,14,[2 6],95,141,155,46,132
1,<environment.Job instance at 0x14aebecf9960>,101,13,[2 9],133,183,196,50,183
1,<environment.Job instance at 0x14aebc0b1230>,22,3,[1 7],34,478,481,444,478
1,<environment.Job instance at 0x14aebc0b1f50>,21,2,[10  2],33,773,775,740,773
1,<environment.Job instance at 0x14aec0201910>,0,14,[2 9],1,1,15,0,1
1,<environment.Job instance at 0x14aebbec1af0>,12,13,[7 2],14,15,28,1,14
1,<environment.Job instance at 0x14aec01cf780>,14,15,[ 2 10],16,28,43,12,16
1,<environment.Job instance at 0x14aebfe14730>,22,15,[2 9],26,43,58,17,29
1,<environment.Job instance at 0x14aec6216320>,26,16,[6 2],31,58,74,27,49
1,<environment.Job instance at 0x14aebfe11e10>,39,17,[1 7],50,84,101,34,84
1,<environment.Job instance at 0x14aebfe11370>,43,14,[5 2],59,84,98,25,84
1,<environment.Job instance at 0x14aebfed2820>,63,22,[2 5],89,732,754,643,732
1,<environment.Job instance at 0x14aebec9baf0>,70,15,[2 5],99,764,779,665,764
1,<environment.Job instance at 0x14aef076a230>,75,14,[9 1],104,779,793,675,766
1,<environment.Job instance at 0x14aebbe3f5a0>,82,17,[1 8],118,779,796,661,778
1,<environment.Job instance at 0x14aebbe3fdc0>,84,17,[1 6],121,796,813,675,784
1,<environment.Job instance at 0x14aebbe3fc80>,86,13,[2 9],126,813,826,687,797
1,<environment.Job instance at 0x14aebbec1730>,8,3,[5 2],9,1359,1362,1350,1359
1,<environment.Job instance at 0x14aebbec1960>,1,12,[6 2],3,3,15,0,3
1,<environment.Job instance at 0x14aec61c6230>,5,14,[7 1],8,15,29,7,8
1,<environment.Job instance at 0x14aec61cbbe0>,43,12,[7 2],66,632,644,566,632
1,<environment.Job instance at 0x14aec61cb5f0>,44,15,[ 2 10],72,644,659,572,632
1,<environment.Job instance at 0x14aec291f0a0>,71,15,[1 9],106,661,676,555,661
1,<environment.Job instance at 0x14aebbaad960>,0,12,[2 8],1,1,13,0,1
1,<environment.Job instance at 0x14aebbaad9b0>,1,27,[5 2],2,2,29,0,2
1,<environment.Job instance at 0x14aec6dabe10>,5,12,[2 8],8,13,25,5,8
1,<environment.Job instance at 0x14aebbd7adc0>,10,13,[8 2],16,29,42,13,19
1,<environment.Job instance at 0x14aec43c1d70>,44,14,[ 1 10],64,64,78,0,64
1,<environment.Job instance at 0x14aebfdbc5f0>,49,18,[2 9],70,78,96,8,71
1,<environment.Job instance at 0x14aebc9c9f50>,67,17,[ 2 10],89,109,126,20,109
1,<environment.Job instance at 0x14af10073cd0>,75,15,[6 2],102,132,147,30,132
1,<environment.Job instance at 0x14af10073c80>,77,17,[1 8],105,132,149,27,132
1,<environment.Job instance at 0x14aec026ec30>,85,17,[5 2],114,147,164,33,135
1,<environment.Job instance at 0x14aec026ed20>,90,17,[5 2],120,149,166,29,140
1,<environment.Job instance at 0x14aebeb0b960>,97,12,[2 9],129,166,178,37,165
1,<environment.Job instance at 0x14aebeace140>,22,15,[10  2],33,618,633,585,618
1,<environment.Job instance at 0x14aec6db9a00>,0,16,[7 1],1,1,17,0,1
1,<environment.Job instance at 0x14aebc108b90>,2,14,[1 8],3,3,17,0,3
1,<environment.Job instance at 0x14aebb9f3640>,9,15,[6 1],15,17,32,2,15
1,<environment.Job instance at 0x14aebbb112d0>,15,16,[2 5],21,21,37,0,21
1,<environment.Job instance at 0x14aef00178c0>,17,12,[ 1 10],23,37,49,14,23
1,<environment.Job instance at 0x14aebba5ef50>,24,14,[2 9],37,49,63,12,37
1,<environment.Job instance at 0x14aebbdc9690>,43,18,[1 7],66,67,85,1,67
1,<environment.Job instance at 0x14aec019f230>,48,15,[ 2 10],74,85,100,11,74
1,<environment.Job instance at 0x14aebb61a280>,0,14,[5 2],4,4,18,0,4
1,<environment.Job instance at 0x14aebb695460>,6,22,[2 9],13,18,40,5,14
1,<environment.Job instance at 0x14aec293bdc0>,14,13,[2 9],27,40,53,13,27
1,<environment.Job instance at 0x14aebc94b550>,31,12,[2 9],57,57,69,0,57
1,<environment.Job instance at 0x14aebeddad20>,35,17,[6 2],62,69,86,7,62
1,<environment.Job instance at 0x14aebbc5d230>,50,14,[ 2 10],80,86,100,6,80
1,<environment.Job instance at 0x14aef00eb780>,54,12,[2 9],84,100,112,16,84
1,<environment.Job instance at 0x14aebb95c0f0>,64,16,[ 2 10],103,112,128,9,103
1,<environment.Job instance at 0x14aebc3e0370>,75,13,[1 9],120,128,141,8,122
1,<environment.Job instance at 0x14aebb9d1d70>,84,13,[1 9],131,141,154,10,134
1,<environment.Job instance at 0x14aebbc7e320>,21,1,[5 1],36,565,566,529,565
1,<environment.Job instance at 0x14aec6dc0fa0>,0,19,[5 2],1,1,20,0,1
1,<environment.Job instance at 0x14aebfd32c80>,11,16,[1 5],13,14,30,1,14
1,<environment.Job instance at 0x14aebc3e6dc0>,24,14,[ 2 10],28,797,811,769,797
1,<environment.Job instance at 0x14aec6ce9fa0>,32,17,[1 8],42,811,828,769,803
1,<environment.Job instance at 0x14aec6ce9460>,35,12,[1 7],46,828,840,782,820
1,<environment.Job instance at 0x14aec6199190>,42,16,[7 2],54,826,842,772,826
1,<environment.Job instance at 0x14aebe939690>,54,16,[2 9],70,1475,1491,1405,1475
1,<environment.Job instance at 0x14aebbd41af0>,70,18,[2 5],90,1857,1875,1767,1857
1,<environment.Job instance at 0x14aebbf47c80>,79,18,[1 9],101,1875,1893,1774,1864
1,<environment.Job instance at 0x14aef1071fa0>,97,17,[5 2],130,1910,1927,1780,1910
1,<environment.Job instance at 0x14aebfd32f00>,17,3,[1 9],21,2182,2185,2161,2182
1,<environment.Job instance at 0x14aef10a20f0>,11,16,[5 2],16,16,32,0,16
1,<environment.Job instance at 0x14aebc0421e0>,4,17,[1 5],6,6,23,0,6
1,<environment.Job instance at 0x14aec026e4b0>,15,15,[2 7],17,23,38,6,17
1,<environment.Job instance at 0x14aebe913b90>,28,14,[2 8],35,48,62,13,48
1,<environment.Job instance at 0x14aec019a3c0>,29,15,[8 2],36,52,67,16,52
1,<environment.Job instance at 0x14aebb632a50>,33,14,[ 2 10],41,67,81,26,52
1,<environment.Job instance at 0x14aebb632e10>,35,18,[5 2],43,81,99,38,70
1,<environment.Job instance at 0x14aebeaa65f0>,45,12,[7 2],57,99,111,42,84
1,<environment.Job instance at 0x14aebb631460>,48,13,[ 2 10],62,111,124,49,95
1,<environment.Job instance at 0x14aebbeda280>,61,14,[9 2],79,124,138,45,122
1,<environment.Job instance at 0x14aebe8f7a50>,62,16,[8 2],81,138,154,57,133
1,<environment.Job instance at 0x14aebee06230>,68,12,[9 1],88,154,166,66,145
1,<environment.Job instance at 0x14aebba5c5f0>,76,17,[ 2 10],98,166,183,68,154
1,<environment.Job instance at 0x14aebba5c910>,89,17,[6 2],114,679,696,565,679
1,<environment.Job instance at 0x14aec011e960>,95,12,[1 8],120,690,702,570,690
1,<environment.Job instance at 0x14aec011e9b0>,101,14,[1 7],129,705,719,576,705
1,<environment.Job instance at 0x14aebc85e0a0>,19,2,[2 5],23,836,838,813,836
1,<environment.Job instance at 0x14aebbdc2640>,1,17,[2 9],3,3,20,0,3
1,<environment.Job instance at 0x14aebed95fa0>,15,16,[7 2],22,171,187,149,171
1,<environment.Job instance at 0x14aebed95eb0>,24,13,[1 8],38,185,198,147,185
1,<environment.Job instance at 0x14aebbbcaf00>,28,12,[2 8],45,198,210,153,192
1,<environment.Job instance at 0x14aebbbca780>,32,18,[1 6],51,213,231,162,213
1,<environment.Job instance at 0x14aebbbca320>,33,14,[9 2],53,216,230,163,216
1,<environment.Job instance at 0x14aebbbcab90>,39,18,[1 7],62,231,249,169,228
1,<environment.Job instance at 0x14aebeaa0190>,51,18,[2 9],81,251,269,170,251
1,<environment.Job instance at 0x14aebeaa0280>,52,13,[2 8],83,269,282,186,255
1,<environment.Job instance at 0x14aebeaa0c80>,57,18,[7 2],90,269,287,179,260
1,<environment.Job instance at 0x14aebeaa0d20>,58,15,[2 7],91,282,297,191,273
1,<environment.Job instance at 0x14aebfee5aa0>,69,17,[9 1],104,297,314,193,287
1,<environment.Job instance at 0x14aebfee57d0>,73,17,[7 2],111,314,331,203,302
1,<environment.Job instance at 0x14aebfee59b0>,87,17,[ 1 10],135,331,348,196,320
1,<environment.Job instance at 0x14aebfee5730>,88,13,[ 1 10],137,348,361,211,333
1,<environment.Job instance at 0x14aebeda9fa0>,9,12,[7 2],12,483,495,471,483
1,<environment.Job instance at 0x14aebc8c5230>,0,13,[7 2],1,1,14,0,1
1,<environment.Job instance at 0x14aef07ce690>,6,14,[6 2],10,14,28,4,10
1,<environment.Job instance at 0x14aebb9d3e10>,10,14,[1 7],14,14,28,0,14
1,<environment.Job instance at 0x14aebbb11230>,12,12,[5 2],17,28,40,11,17
1,<environment.Job instance at 0x14aec0278230>,20,13,[5 2],33,33,46,0,33
1,<environment.Job instance at 0x14aec6d30be0>,23,14,[7 1],39,46,60,7,39
1,<environment.Job instance at 0x14aebeba8af0>,30,17,[1 9],51,51,68,0,51
1,<environment.Job instance at 0x14aebc83f8c0>,36,17,[6 1],63,63,80,0,63
1,<environment.Job instance at 0x14aebfe75b40>,39,18,[2 8],68,68,86,0,68
1,<environment.Job instance at 0x14aebbd467d0>,48,16,[5 2],85,85,101,0,85
1,<environment.Job instance at 0x14aebb7a3780>,1,12,[1 7],2,2,14,0,2
1,<environment.Job instance at 0x14aebb518320>,33,16,[ 1 10],43,2404,2420,2361,2404
1,<environment.Job instance at 0x14aebb967b40>,35,15,[2 8],45,2420,2435,2375,2417
1,<environment.Job instance at 0x14aebb51ea00>,42,15,[7 2],56,2423,2438,2367,2423
1,<environment.Job instance at 0x14aebb51e230>,43,13,[ 2 10],58,2438,2451,2380,2423
1,<environment.Job instance at 0x14aebb50bbe0>,51,14,[2 7],73,2451,2465,2378,2442
1,<environment.Job instance at 0x14aebb50bc80>,54,18,[6 1],76,2451,2469,2375,2445
1,<environment.Job instance at 0x14aebb50bd20>,56,14,[ 1 10],78,2469,2483,2391,2454
1,<environment.Job instance at 0x14aebb560b40>,61,16,[6 2],85,2483,2499,2398,2475
1,<environment.Job instance at 0x14aebb5020a0>,72,12,[5 2],104,2499,2511,2395,2488
1,<environment.Job instance at 0x14aebb578050>,73,16,[2 6],105,2488,2504,2383,2488
1,<environment.Job instance at 0x14aef1186dc0>,83,13,[1 5],127,2505,2518,2378,2505
1,<environment.Job instance at 0x14aebb7d30a0>,88,18,[1 8],133,2518,2536,2385,2507
1,<environment.Job instance at 0x14aebb578aa0>,75,3,[1 8],108,2566,2569,2458,2566
1,<environment.Job instance at 0x14aebeda6410>,0,16,[ 2 10],3,3,19,0,3
1,<environment.Job instance at 0x14aebeda00f0>,1,13,[8 1],4,19,32,15,4
1,<environment.Job instance at 0x14aebeda6be0>,3,17,[2 7],8,19,36,11,8
1,<environment.Job instance at 0x14aebe955af0>,18,17,[6 1],28,33,50,5,33
1,<environment.Job instance at 0x14aebeb82960>,21,13,[6 2],31,50,63,19,36
1,<environment.Job instance at 0x14aef005a7d0>,25,12,[5 2],36,63,75,27,47
1,<environment.Job instance at 0x14aebedb30f0>,26,14,[2 8],38,47,61,9,47
1,<environment.Job instance at 0x14aebb5b2960>,32,15,[2 9],47,75,90,28,61
1,<environment.Job instance at 0x14aebc17bc80>,38,14,[2 8],54,90,104,36,85
1,<environment.Job instance at 0x14aebc15f2d0>,46,15,[7 2],66,115,130,49,115
1,<environment.Job instance at 0x14aebc15f3c0>,48,13,[6 1],68,130,143,62,116
1,<environment.Job instance at 0x14aebb6dbbe0>,51,15,[2 8],72,117,132,45,117
1,<environment.Job instance at 0x14aebb6db320>,55,16,[8 1],80,143,159,63,142
1,<environment.Job instance at 0x14aebb4bf730>,66,17,[6 2],96,159,176,63,147
1,<environment.Job instance at 0x14aef00f6c30>,68,12,[1 7],99,148,160,49,148
1,<environment.Job instance at 0x14aec10d0f00>,86,15,[2 8],128,170,185,42,170
1,<environment.Job instance at 0x14aebc13fa00>,89,12,[7 1],131,185,197,54,185
1,<environment.Job instance at 0x14aec622dd20>,93,16,[1 9],136,190,206,54,190
1,<environment.Job instance at 0x14aebb99fbe0>,14,3,[8 1],22,1341,1344,1319,1341
1,<environment.Job instance at 0x14aef0108fa0>,6,14,[ 1 10],13,13,27,0,13
1,<environment.Job instance at 0x14aef0108b90>,8,14,[2 9],18,27,41,9,18
1,<environment.Job instance at 0x14aec6d0ebe0>,33,14,[2 7],50,1214,1228,1164,1214
1,<environment.Job instance at 0x14aebed90b40>,38,17,[2 6],58,1228,1245,1170,1218
1,<environment.Job instance at 0x14aef09f3640>,54,17,[2 5],83,1279,1296,1196,1279
1,<environment.Job instance at 0x14aebbc5dd70>,55,18,[ 2 10],84,1296,1314,1212,1286
1,<environment.Job instance at 0x14aebfddc320>,77,12,[1 9],112,1347,1359,1235,1347
1,<environment.Job instance at 0x14aebbf0cbe0>,87,13,[1 6],122,1362,1375,1240,1362
1,<environment.Job instance at 0x14aebbf0c500>,91,16,[2 7],130,1375,1391,1245,1369
1,<environment.Job instance at 0x14aebb3b4f50>,20,2,[5 2],37,1468,1470,1431,1468
1,<environment.Job instance at 0x14aebd3f59b0>,19,1,[1 8],36,1577,1578,1541,1577
1,<environment.Job instance at 0x14aebc403410>,6,13,[1 9],7,7,20,0,7
1,<environment.Job instance at 0x14aebfea8870>,32,13,[ 1 10],41,41,54,0,41
1,<environment.Job instance at 0x14aebc0da7d0>,54,13,[7 2],74,77,90,3,77
1,<environment.Job instance at 0x14aebeb647d0>,75,18,[5 2],100,100,118,0,100
1,<environment.Job instance at 0x14aec618c690>,77,12,[2 8],106,106,118,0,106
1,<environment.Job instance at 0x14aec618cbe0>,79,18,[ 1 10],110,118,136,8,110
1,<environment.Job instance at 0x14aec618c500>,81,15,[5 2],112,136,151,24,122
1,<environment.Job instance at 0x14aebea7daf0>,91,14,[6 1],126,151,165,25,138
1,<environment.Job instance at 0x14aebb60c5a0>,40,18,[1 6],54,568,586,514,568
1,<environment.Job instance at 0x14aebb8c8410>,39,1,[10  2],49,620,621,571,620
1,<environment.Job instance at 0x14cc7aad5640>,0,12,[2 5],1,1,13,0,1
1,<environment.Job instance at 0x14cc242c2780>,8,13,[6 1],9,9,22,0,9
1,<environment.Job instance at 0x14cc242c26e0>,10,13,[2 8],12,13,26,1,12
1,<environment.Job instance at 0x14cc249fd5f0>,17,17,[6 1],23,23,40,0,23
1,<environment.Job instance at 0x14cc249cbeb0>,24,12,[ 1 10],32,40,52,8,32
1,<environment.Job instance at 0x14cc24afc690>,30,15,[2 9],40,52,67,12,40
1,<environment.Job instance at 0x14cc26a543c0>,6,18,[2 6],8,90,108,82,90
1,<environment.Job instance at 0x14cc26acb550>,12,15,[1 6],17,298,313,281,298
1,<environment.Job instance at 0x14cc26b65640>,31,17,[ 2 10],46,781,798,735,781
1,<environment.Job instance at 0x14cc26b71820>,36,13,[ 2 10],52,798,811,746,789
1,<environment.Job instance at 0x14cc26b7baa0>,68,18,[7 2],99,851,869,752,851
1,<environment.Job instance at 0x14cc26af90f0>,73,14,[2 8],109,857,871,748,857
1,<environment.Job instance at 0x14cc26e3c0a0>,80,16,[1 7],119,872,888,753,872
1,<environment.Job instance at 0x14cc26e38f00>,3,12,[7 2],7,7,19,0,7
1,<environment.Job instance at 0x14cc27f2b7d0>,9,14,[8 1],16,19,33,3,16
1,<environment.Job instance at 0x14cc26d47af0>,13,13,[5 2],21,33,46,12,21
1,<environment.Job instance at 0x14cc26d42050>,19,20,[8 2],32,46,66,14,38
1,<environment.Job instance at 0x14cc26c4e2d0>,26,16,[7 2],44,66,82,22,53
1,<environment.Job instance at 0x14cc26d79dc0>,30,13,[1 7],50,53,66,3,53
1,<environment.Job instance at 0x14cc26d74500>,35,17,[10  1],58,82,99,24,73
1,<environment.Job instance at 0x14cc26c33730>,3,16,[2 6],6,6,22,0,6
1,<environment.Job instance at 0x14cc59a1a190>,27,17,[2 9],37,41,58,4,41
1,<environment.Job instance at 0x14cc59a1abe0>,28,15,[7 2],38,58,73,20,44
1,<environment.Job instance at 0x14cc59a1ae10>,29,16,[2 8],39,58,74,19,45
1,<environment.Job instance at 0x14cc52ea0910>,53,15,[1 8],72,74,89,2,73
1,<environment.Job instance at 0x14cc23e09af0>,70,17,[2 7],94,444,461,350,444
1,<environment.Job instance at 0x14cc26c21910>,81,16,[ 2 10],105,477,493,372,477
1,<environment.Job instance at 0x14cc26c21dc0>,89,14,[2 8],115,493,507,378,481
1,<environment.Job instance at 0x14cc23da3c30>,110,14,[2 5],148,541,555,393,541
1,<environment.Job instance at 0x14cc52edcfa0>,19,3,[10  2],27,1115,1118,1088,1115
1,<environment.Job instance at 0x14cc269e7640>,0,12,[1 5],1,1,13,0,1
1,<environment.Job instance at 0x14cc269e7f00>,1,13,[7 2],2,2,15,0,2
1,<environment.Job instance at 0x14cc269e7140>,4,18,[1 5],7,13,31,6,7
1,<environment.Job instance at 0x14cc269daa00>,16,16,[2 7],31,35,51,4,35
1,<environment.Job instance at 0x14cc269da5f0>,24,14,[2 8],43,51,65,8,43
1,<environment.Job instance at 0x14cc26ecdd70>,36,15,[2 8],62,68,83,6,68
1,<environment.Job instance at 0x14cc25f910f0>,42,15,[2 7],70,83,98,13,80
1,<environment.Job instance at 0x14cc25f8fb40>,59,18,[5 1],98,1375,1393,1277,1375
1,<environment.Job instance at 0x14cc26bfd910>,69,13,[2 5],109,1408,1421,1299,1408
1,<environment.Job instance at 0x14cc59619aa0>,77,12,[2 6],123,1421,1433,1298,1411
1,<environment.Job instance at 0x14cc595a5c30>,79,17,[2 8],126,1433,1450,1307,1421
1,<environment.Job instance at 0x14cc25548d20>,88,16,[1 9],139,1450,1466,1311,1446
1,<environment.Job instance at 0x14cc25548460>,92,13,[1 9],144,1466,1479,1322,1461
1,<environment.Job instance at 0x14cc5007e2d0>,0,17,[2 9],1,1,18,0,1
1,<environment.Job instance at 0x14cc26b20550>,12,16,[ 2 10],15,18,34,3,15
1,<environment.Job instance at 0x14cc23e74690>,18,13,[2 8],23,34,47,11,23
1,<environment.Job instance at 0x14cc23ff4a00>,34,16,[1 8],43,47,63,4,46
1,<environment.Job instance at 0x14cc25f843c0>,54,13,[2 6],69,71,84,2,71
1,<environment.Job instance at 0x14cc26d4a690>,59,13,[2 8],76,85,98,9,85
1,<environment.Job instance at 0x14cc51b66500>,66,13,[2 9],83,100,113,17,100
1,<environment.Job instance at 0x14cc51b5aaf0>,79,17,[1 8],98,114,131,16,114
1,<environment.Job instance at 0x14cc26b5e870>,84,13,[7 2],104,116,129,12,116
1,<environment.Job instance at 0x14cc26b5eaa0>,89,17,[1 7],110,135,152,25,135
1,<environment.Job instance at 0x14cc52ea0500>,94,15,[2 9],116,152,167,36,138
1,<environment.Job instance at 0x14cc23ff43c0>,29,3,[2 7],38,425,428,387,425
1,<environment.Job instance at 0x14cc25548870>,11,12,[5 2],17,17,29,0,17
1,<environment.Job instance at 0x14cc28288550>,25,15,[2 5],39,48,63,9,48
1,<environment.Job instance at 0x14cc522ecc30>,37,17,[1 8],58,63,80,5,58
1,<environment.Job instance at 0x14cc24a88050>,41,13,[2 9],66,80,93,14,66
1,<environment.Job instance at 0x14cc249a80f0>,60,14,[7 1],88,117,131,29,117
1,<environment.Job instance at 0x14cc249a82d0>,61,14,[ 2 10],89,131,145,42,117
1,<environment.Job instance at 0x14cc595a5cd0>,72,16,[2 9],102,145,161,43,138
1,<environment.Job instance at 0x14cc26dde960>,88,13,[2 5],128,325,338,197,325
1,<environment.Job instance at 0x14cc26ad66e0>,0,15,[ 2 10],2,2,17,0,2
1,<environment.Job instance at 0x14cc596277d0>,7,16,[2 9],10,17,33,7,10
1,<environment.Job instance at 0x14cc240c9fa0>,27,15,[1 9],36,36,51,0,36
1,<environment.Job instance at 0x14cc24a90b90>,37,15,[6 1],52,52,67,0,52
1,<environment.Job instance at 0x14cc5050aa00>,49,12,[2 8],71,71,83,0,71
1,<environment.Job instance at 0x14cc23fb45a0>,59,13,[8 2],86,100,113,14,100
1,<environment.Job instance at 0x14cc26d72190>,93,14,[ 1 10],134,170,184,36,170
1,<environment.Job instance at 0x14cc26d725a0>,98,18,[2 9],140,184,202,44,174
1,<environment.Job instance at 0x14cc595984b0>,46,2,[2 8],65,365,367,300,365
1,<environment.Job instance at 0x14cc522151e0>,2,17,[7 2],3,3,20,0,3
1,<environment.Job instance at 0x14cc242bdf50>,3,16,[5 2],4,20,36,16,7
1,<environment.Job instance at 0x14cc26c782d0>,7,17,[ 2 10],9,36,53,27,24
1,<environment.Job instance at 0x14cc504ded20>,25,17,[5 2],34,53,70,19,48
1,<environment.Job instance at 0x14cc504de640>,30,17,[5 2],40,53,70,13,49
1,<environment.Job instance at 0x14cc504de370>,34,14,[1 9],46,70,84,24,57
1,<environment.Job instance at 0x14cc52f15500>,37,12,[2 9],49,84,96,35,67
1,<environment.Job instance at 0x14cc26adff50>,46,16,[7 1],61,84,100,23,84
1,<environment.Job instance at 0x14cc26adf5a0>,48,14,[1 8],63,96,110,33,85
1,<environment.Job instance at 0x14cc26c9d410>,61,16,[2 5],81,110,126,29,102
1,<environment.Job instance at 0x14cc25f84e60>,70,14,[2 9],97,126,140,29,115
1,<environment.Job instance at 0x14cc242faa50>,89,18,[1 7],126,151,169,25,151
1,<environment.Job instance at 0x14cc242fa320>,94,15,[ 2 10],134,169,184,35,160
1,<environment.Job instance at 0x14cc26a8a500>,103,18,[5 2],147,203,221,56,203
1,<environment.Job instance at 0x14cc279a06e0>,9,16,[5 2],13,1014,1030,1001,1014
1,<environment.Job instance at 0x14cc283007d0>,8,1,[1 8],12,1150,1151,1138,1150
1,<environment.Job instance at 0x14cc23f6df50>,29,26,[5 2],39,39,65,0,39
1,<environment.Job instance at 0x14cc23a48690>,37,16,[2 6],48,49,65,1,49
1,<environment.Job instance at 0x14cc23a48f00>,39,14,[5 2],54,65,79,11,54
1,<environment.Job instance at 0x14cc240d19b0>,48,13,[1 5],71,71,84,0,71
1,<environment.Job instance at 0x14cc52f20d70>,53,13,[2 9],77,84,97,7,77
1,<environment.Job instance at 0x14cc238d4190>,54,12,[5 2],79,97,109,18,80
1,<environment.Job instance at 0x14cc26c525a0>,70,12,[2 9],107,109,121,2,107
1,<environment.Job instance at 0x14cc24964690>,74,17,[6 2],112,121,138,9,112
1,<environment.Job instance at 0x14cc27ebed20>,84,13,[2 8],123,126,139,3,126
1,<environment.Job instance at 0x14cc23af1870>,89,14,[ 2 10],130,139,153,9,130
1,<environment.Job instance at 0x14cc52f5c3c0>,93,12,[2 9],134,576,588,442,576
1,<environment.Job instance at 0x14cc23f015f0>,2,16,[ 2 10],3,3,19,0,3
1,<environment.Job instance at 0x14cc282635a0>,12,12,[7 2],19,19,31,0,19
1,<environment.Job instance at 0x14cc522fc820>,13,13,[1 9],20,31,44,11,20
1,<environment.Job instance at 0x14cc5004a960>,29,19,[5 2],41,47,66,6,47
1,<environment.Job instance at 0x14cc242d8e10>,53,14,[ 2 10],68,93,107,25,93
1,<environment.Job instance at 0x14cc24af4d20>,83,16,[2 9],110,173,189,63,173
1,<environment.Job instance at 0x14cc52f6b730>,1,14,[6 1],3,3,17,0,3
1,<environment.Job instance at 0x14cc522aed70>,6,14,[1 6],11,11,25,0,11
1,<environment.Job instance at 0x14cc26c4b730>,7,12,[1 7],14,25,37,11,14
1,<environment.Job instance at 0x14cc24a18640>,10,17,[5 2],20,20,37,0,20
1,<environment.Job instance at 0x14cc23b22c80>,29,16,[5 2],46,46,62,0,46
1,<environment.Job instance at 0x14cc2801a5f0>,5,13,[2 5],7,7,20,0,7
1,<environment.Job instance at 0x14cc24a8bc80>,18,17,[1 5],26,26,43,0,26
1,<environment.Job instance at 0x14cc2412d320>,29,15,[2 7],37,43,58,6,38
1,<environment.Job instance at 0x14cc24114410>,41,16,[8 1],54,60,76,6,60
1,<environment.Job instance at 0x14cc52f50a00>,47,14,[ 2 10],61,76,90,15,63
1,<environment.Job instance at 0x14cc52276c30>,51,16,[1 6],66,90,106,24,77
1,<environment.Job instance at 0x14cc240b9780>,61,17,[6 2],81,107,124,26,107
1,<environment.Job instance at 0x14cc240b9aa0>,62,13,[ 2 10],82,124,137,42,108
1,<environment.Job instance at 0x14cc240be410>,75,14,[9 2],99,137,151,38,133
1,<environment.Job instance at 0x14cc240bee60>,76,16,[8 2],101,151,167,50,140
1,<environment.Job instance at 0x14cc23c87460>,90,17,[ 2 10],118,167,184,49,155
1,<environment.Job instance at 0x14cc23c87fa0>,92,18,[2 5],120,184,202,64,174
1,<environment.Job instance at 0x14cc23fb42d0>,103,17,[6 2],134,262,279,128,262
1,<environment.Job instance at 0x14cc23fb46e0>,109,12,[1 8],140,268,280,128,268
1,<environment.Job instance at 0x14cc23c7fa50>,115,14,[1 7],149,293,307,144,293
1,<environment.Job instance at 0x14cc52f503c0>,49,18,[5 2],63,525,543,462,525
1,<environment.Job instance at 0x14cc24a2c280>,8,17,[2 9],13,13,30,0,13
1,<environment.Job instance at 0x14cc24a2c1e0>,18,17,[ 1 10],26,30,47,4,26
1,<environment.Job instance at 0x14cc24ab3190>,31,13,[1 8],48,48,61,0,48
1,<environment.Job instance at 0x14cc23d56e10>,58,18,[2 9],91,96,114,5,96
1,<environment.Job instance at 0x14cc26a8a140>,80,17,[7 2],121,130,147,9,130
1,<environment.Job instance at 0x14cc5004a780>,94,17,[ 1 10],145,147,164,2,147
1,<environment.Job instance at 0x14cc23a61a50>,41,3,[1 9],66,2042,2045,1976,2042
1,<environment.Job instance at 0x14cc23ffeaf0>,46,18,[1 7],72,2179,2197,2107,2179
1,<environment.Job instance at 0x14cc23ec8460>,0,13,[7 2],1,1,14,0,1
1,<environment.Job instance at 0x14cc2402a280>,10,14,[1 7],14,14,28,0,14
1,<environment.Job instance at 0x14cc23ca8960>,20,13,[5 2],33,33,46,0,33
1,<environment.Job instance at 0x14cc595d4050>,23,14,[7 1],39,46,60,7,39
1,<environment.Job instance at 0x14cc249e55f0>,28,14,[10  2],49,60,74,11,51
1,<environment.Job instance at 0x14cc242bdfa0>,36,17,[6 1],63,74,91,11,63
1,<environment.Job instance at 0x14cc269fed70>,39,18,[2 8],68,74,92,6,68
1,<environment.Job instance at 0x14cc23a829b0>,48,16,[5 2],85,91,107,6,85
1,<environment.Job instance at 0x14cc27f6aa50>,63,18,[7 2],109,1104,1122,995,1104
1,<environment.Job instance at 0x14cc27f6a140>,64,15,[1 5],110,1111,1126,1001,1111
1,<environment.Job instance at 0x14cc27f6ab90>,77,14,[8 2],125,1122,1136,997,1115
1,<environment.Job instance at 0x14cc25f8fe10>,86,17,[1 6],140,1129,1146,989,1129
1,<environment.Job instance at 0x14cc25f8f9b0>,88,12,[1 7],142,1146,1158,1004,1136
1,<environment.Job instance at 0x14cc7aa94280>,8,18,[10  2],12,2396,2414,2384,2396
1,<environment.Job instance at 0x14cc23d0f2d0>,7,1,[5 2],11,2440,2441,2429,2440
1,<environment.Job instance at 0x14cc23727d20>,4,17,[6 1],8,8,25,0,8
1,<environment.Job instance at 0x14cc23c7d640>,18,15,[2 9],27,27,42,0,27
1,<environment.Job instance at 0x14cc52f86af0>,24,14,[2 8],34,42,56,8,41
1,<environment.Job instance at 0x14cc52efe280>,32,15,[7 2],46,54,69,8,54
1,<environment.Job instance at 0x14cc24175b90>,72,15,[2 8],108,108,123,0,108
1,<environment.Job instance at 0x14cc27f40a50>,79,16,[1 9],116,123,139,7,116
1,<environment.Job instance at 0x14afe2ec9c30>,0,12,[2 5],1,1,13,0,1
1,<environment.Job instance at 0x14af8c692730>,8,13,[6 1],9,9,22,0,9
1,<environment.Job instance at 0x14af8ce780a0>,10,13,[2 8],12,13,26,1,12
1,<environment.Job instance at 0x14af8cecfaa0>,17,17,[6 1],23,23,40,0,23
1,<environment.Job instance at 0x14af8ce089b0>,24,12,[ 1 10],32,40,52,8,32
1,<environment.Job instance at 0x14af8cd7d1e0>,30,15,[2 9],40,52,67,12,40
1,<environment.Job instance at 0x14af8ef47190>,17,16,[2 5],26,27,43,1,27
1,<environment.Job instance at 0x14af8ef4b5a0>,20,15,[2 9],32,43,58,11,32
1,<environment.Job instance at 0x14af8ee8e8c0>,0,13,[7 2],2,2,15,0,2
1,<environment.Job instance at 0x14af8f14c910>,8,14,[7 1],12,15,29,3,12
1,<environment.Job instance at 0x14af8f14ce60>,10,12,[2 8],15,15,27,0,15
1,<environment.Job instance at 0x14af8f0aedc0>,20,15,[7 1],29,29,44,0,29
1,<environment.Job instance at 0x14af8ce350f0>,26,13,[ 1 10],36,44,57,8,36
1,<environment.Job instance at 0x14af8f0c2780>,29,13,[2 9],40,57,70,17,41
1,<environment.Job instance at 0x14af8ce35960>,25,15,[10  2],35,723,738,688,723
1,<environment.Job instance at 0x14af903ea0f0>,6,18,[2 6],8,154,172,146,154
1,<environment.Job instance at 0x14af90647dc0>,12,15,[1 6],17,270,285,253,270
1,<environment.Job instance at 0x14af90647640>,28,15,[2 7],43,1351,1366,1308,1351
1,<environment.Job instance at 0x14af90647280>,31,17,[ 2 10],46,1366,1383,1320,1354
1,<environment.Job instance at 0x14af903ea690>,4,3,[5 2],6,1536,1539,1530,1536
1,<environment.Job instance at 0x14af8c12e550>,1,13,[ 2 10],2,2,15,0,2
1,<environment.Job instance at 0x14af8c12a550>,4,15,[1 7],5,15,30,10,5
1,<environment.Job instance at 0x14af8c59d050>,15,16,[1 6],19,30,46,11,19
1,<environment.Job instance at 0x14af8cdc9730>,17,17,[7 1],22,23,40,1,23
1,<environment.Job instance at 0x14af8c6569b0>,33,18,[7 2],49,49,67,0,49
1,<environment.Job instance at 0x14af8f03f140>,4,14,[2 8],9,9,23,0,9
1,<environment.Job instance at 0x14af972189b0>,10,15,[2 8],18,23,38,5,18
1,<environment.Job instance at 0x14af8cd9d190>,33,12,[7 1],48,2953,2965,2905,2953
1,<environment.Job instance at 0x14af972603c0>,0,17,[7 1],2,2,19,0,2
1,<environment.Job instance at 0x14af9659b500>,6,14,[8 2],12,19,33,7,12
1,<environment.Job instance at 0x14af8c1f5b90>,19,20,[8 2],32,34,54,2,34
1,<environment.Job instance at 0x14af8f179050>,26,16,[7 2],44,54,70,10,44
1,<environment.Job instance at 0x14af8f179690>,28,18,[5 2],47,70,88,23,59
1,<environment.Job instance at 0x14af8c1f5960>,20,2,[10  1],33,1240,1242,1207,1240
1,<environment.Job instance at 0x14af8c29a3c0>,0,12,[2 9],3,3,15,0,3
1,<environment.Job instance at 0x14af8ce37780>,0,14,[1 6],2,2,16,0,2
1,<environment.Job instance at 0x14af8bcee280>,12,14,[1 6],19,19,33,0,19
1,<environment.Job instance at 0x14af8d91f780>,18,16,[2 9],27,33,49,6,27
1,<environment.Job instance at 0x14af9669d9b0>,3,16,[2 6],6,6,22,0,6
1,<environment.Job instance at 0x14af97306320>,27,17,[2 9],37,44,61,7,44
1,<environment.Job instance at 0x14af973062d0>,28,15,[7 2],38,61,76,23,52
1,<environment.Job instance at 0x14af8eec6eb0>,24,3,[1 6],34,197,200,163,197
1,<environment.Job instance at 0x14af902a1960>,22,1,[1 5],32,217,218,185,217
1,<environment.Job instance at 0x14af902a1960>,2,27,[ 2 10],3,3,30,0,3
1,<environment.Job instance at 0x14af8c5435f0>,16,15,[1 8],22,30,45,8,22
1,<environment.Job instance at 0x14af8eec5960>,33,17,[2 7],44,45,62,1,44
1,<environment.Job instance at 0x14af8bf5d640>,4,16,[ 2 10],5,5,21,0,5
1,<environment.Job instance at 0x14af8bf5daf0>,6,15,[2 6],9,21,36,12,9
1,<environment.Job instance at 0x14af8ee15500>,8,13,[5 1],11,21,34,10,11
1,<environment.Job instance at 0x14af8bb96a00>,12,14,[2 8],15,36,50,21,21
1,<environment.Job instance at 0x14afc19dadc0>,30,18,[2 6],44,56,74,12,56
1,<environment.Job instance at 0x14af8c660b90>,33,14,[2 5],48,74,88,26,59
1,<environment.Job instance at 0x14af8bb96410>,15,13,[10  1],18,142,155,124,142
1,<environment.Job instance at 0x14af906beaf0>,1,13,[7 2],2,2,15,0,2
1,<environment.Job instance at 0x14af8bbdae10>,4,18,[1 5],7,7,25,0,7
1,<environment.Job instance at 0x14af8bbda3c0>,5,16,[1 5],11,15,31,4,11
1,<environment.Job instance at 0x14af8cdc00f0>,24,14,[2 8],43,43,57,0,43
1,<environment.Job instance at 0x14af8c4a5640>,2,17,[1 9],4,4,21,0,4
1,<environment.Job instance at 0x14af972fac80>,5,15,[2 8],12,21,36,9,12
1,<environment.Job instance at 0x14af8f168190>,19,12,[7 1],36,36,48,0,36
1,<environment.Job instance at 0x14af8bad0870>,3,12,[2 8],5,5,17,0,5
1,<environment.Job instance at 0x14af90778370>,7,13,[2 5],9,17,30,8,9
1,<environment.Job instance at 0x14af8c39f640>,15,12,[2 6],23,30,42,7,23
1,<environment.Job instance at 0x14af8c39f960>,17,17,[2 8],26,42,59,16,30
1,<environment.Job instance at 0x14af8bbabaa0>,26,16,[1 9],39,59,75,20,46
1,<environment.Job instance at 0x14af8c47a0f0>,30,13,[1 9],44,75,88,31,59
1,<environment.Job instance at 0x14af96fbe8c0>,0,17,[2 9],1,1,18,0,1
1,<environment.Job instance at 0x14af8bbab7d0>,3,17,[5 2],4,18,35,14,6
1,<environment.Job instance at 0x14af8bc2ee10>,12,16,[ 2 10],15,35,51,20,22
1,<environment.Job instance at 0x14af8c60fa00>,26,21,[ 2 10],34,51,72,17,44
1,<environment.Job instance at 0x14af8c60f6e0>,30,15,[7 2],39,72,87,33,61
1,<environment.Job instance at 0x14af90349550>,34,16,[1 8],43,72,88,29,61
1,<environment.Job instance at 0x14af903491e0>,37,17,[2 5],47,88,105,41,76
1,<environment.Job instance at 0x14af973b9aa0>,8,3,[8 2],11,96,99,85,96
1,<environment.Job instance at 0x14af90349500>,38,2,[10  2],48,117,119,69,117
1,<environment.Job instance at 0x14af8c390be0>,9,13,[6 1],14,14,27,0,14
1,<environment.Job instance at 0x14afe020e190>,14,13,[2 6],19,19,32,0,19
1,<environment.Job instance at 0x14af8c3a2b90>,20,16,[6 1],27,35,51,8,35
1,<environment.Job instance at 0x14afc0f16410>,26,13,[2 9],33,35,48,2,35
1,<environment.Job instance at 0x14af8cd1f2d0>,32,14,[2 9],41,48,62,7,41
1,<environment.Job instance at 0x14af8cd2fd70>,39,17,[1 8],48,62,79,14,52
1,<environment.Job instance at 0x14af8c3a2af0>,19,13,[2 8],26,2477,2490,2451,2477
1,<environment.Job instance at 0x14af8c3a7aa0>,2,13,[7 2],4,4,17,0,4
1,<environment.Job instance at 0x14af9021dfa0>,4,15,[ 2 10],6,17,32,11,6
1,<environment.Job instance at 0x14af8c64f050>,12,15,[2 9],16,32,47,16,18
1,<environment.Job instance at 0x14af8f1e6f00>,29,17,[1 7],40,51,68,11,51
1,<environment.Job instance at 0x14af8f1e6500>,33,14,[5 2],49,51,65,2,51
1,<environment.Job instance at 0x14af8edfc550>,11,12,[5 2],17,17,29,0,17
1,<environment.Job instance at 0x14af966c19b0>,25,15,[2 5],39,75,90,36,75
1,<environment.Job instance at 0x14af9073d190>,2,17,[1 8],8,8,25,0,8
1,<environment.Job instance at 0x14af8bcd5e60>,6,13,[2 9],16,25,38,9,16
1,<environment.Job instance at 0x14af8c1deeb0>,25,14,[7 1],38,38,52,0,38
1,<environment.Job instance at 0x14af8c286e10>,26,14,[ 2 10],39,52,66,13,39
1,<environment.Job instance at 0x14af915bc5a0>,32,16,[7 1],45,66,82,21,54
1,<environment.Job instance at 0x14af8bd98dc0>,15,2,[ 1 10],26,481,483,455,481
1,<environment.Job instance at 0x14af8bd984b0>,1,16,[2 9],2,2,18,0,2
1,<environment.Job instance at 0x14af8c548960>,7,2,[7 2],11,212,214,201,212
1,<environment.Job instance at 0x14af8c548b40>,6,1,[8 2],9,322,323,313,322
1,<environment.Job instance at 0x14af8ee34f00>,0,15,[ 2 10],2,2,17,0,2
1,<environment.Job instance at 0x14af8c43f820>,17,13,[7 1],22,22,35,0,22
1,<environment.Job instance at 0x14afc19c7370>,0,15,[6 1],2,2,17,0,2
1,<environment.Job instance at 0x14af90707af0>,17,12,[2 8],28,28,40,0,28
1,<environment.Job instance at 0x14af965855f0>,29,18,[2 9],40,42,60,2,42
1,<environment.Job instance at 0x14af8edda8c0>,17,1,[9 2],24,446,447,422,446
1,<environment.Job instance at 0x14af915da7d0>,2,17,[7 2],3,3,20,0,3
1,<environment.Job instance at 0x14af915daaf0>,3,16,[5 2],4,20,36,16,7
1,<environment.Job instance at 0x14af8c432b90>,15,15,[6 2],22,36,51,14,27
1,<environment.Job instance at 0x14af8c432d70>,17,17,[1 8],25,27,44,2,27
1,<environment.Job instance at 0x14af8c1b1af0>,19,16,[2 7],27,52,68,25,52
1,<environment.Job instance at 0x14af8c282960>,30,17,[5 2],40,53,70,13,53
1,<environment.Job instance at 0x14af8c282280>,34,14,[1 9],46,70,84,24,58
1,<environment.Job instance at 0x14af8c2826e0>,37,12,[2 9],49,84,96,35,70
1,<environment.Job instance at 0x14af8c432aa0>,9,16,[5 2],13,135,151,122,135
1,<environment.Job instance at 0x14af8ef812d0>,8,1,[1 8],12,246,247,234,246
1,<environment.Job instance at 0x14af903970f0>,3,16,[8 2],5,5,21,0,5
1,<environment.Job instance at 0x14af8e36d050>,7,16,[7 1],11,21,37,10,11
1,<environment.Job instance at 0x14af8e36d4b0>,9,14,[1 8],13,13,27,0,13
1,<environment.Job instance at 0x14af8e365780>,16,15,[6 1],25,37,52,12,25
1,<environment.Job instance at 0x14af90344c80>,22,16,[2 5],31,32,48,1,32
1,<environment.Job instance at 0x14af8e36e320>,28,15,[8 1],39,52,67,13,40
1,<environment.Job instance at 0x14af8bc98550>,31,14,[2 9],47,48,62,1,47
1,<environment.Job instance at 0x14af915c3960>,23,1,[5 1],32,81,82,49,81
1,<environment.Job instance at 0x14af903390a0>,25,2,[1 7],34,272,274,238,272
1,<environment.Job instance at 0x14af901bbaa0>,30,18,[5 2],47,82,100,35,82
1,<environment.Job instance at 0x14af8f2a7e60>,23,3,[6 2],36,457,460,421,457
1,<environment.Job instance at 0x14af8f2a7690>,22,1,[1 9],35,471,472,436,471
1,<environment.Job instance at 0x14af8edda9b0>,24,15,[6 1],33,33,48,0,33
1,<environment.Job instance at 0x14af8ee30a00>,37,16,[2 6],48,48,64,0,48
1,<environment.Job instance at 0x14af8c00d4b0>,32,3,[1 9],42,102,105,60,102
1,<environment.Job instance at 0x14af8c00d320>,33,2,[1 7],44,105,107,61,103
1,<environment.Job instance at 0x14af92e61cd0>,0,14,[5 2],4,4,18,0,4
1,<environment.Job instance at 0x14af8bbcdd20>,6,22,[2 9],13,18,40,5,13
1,<environment.Job instance at 0x14af8c514370>,14,13,[2 9],27,214,227,187,214
1,<environment.Job instance at 0x14af90753230>,3,12,[2 9],7,7,19,0,7
1,<environment.Job instance at 0x14af90753820>,7,17,[6 2],12,19,36,7,12
1,<environment.Job instance at 0x14af8c8fbbe0>,17,13,[2 8],23,23,36,0,23
1,<environment.Job instance at 0x14af8bdc52d0>,22,14,[ 2 10],30,36,50,6,30
1,<environment.Job instance at 0x14af8c0b5820>,26,12,[2 9],34,50,62,16,34
1,<environment.Job instance at 0x14af8c6297d0>,2,16,[ 2 10],3,3,19,0,3
1,<environment.Job instance at 0x14af8ef027d0>,10,15,[7 1],17,19,34,2,17
1,<environment.Job instance at 0x14af8ef02370>,13,13,[1 9],20,20,33,0,20
1,<environment.Job instance at 0x14af966d12d0>,16,16,[1 7],23,33,49,10,23
1,<environment.Job instance at 0x14af966d1d70>,17,17,[5 2],25,34,51,9,25
1,<environment.Job instance at 0x14af8efaf960>,29,19,[5 2],41,52,71,11,52
1,<environment.Job instance at 0x14af966d1fa0>,23,2,[10  2],32,945,947,913,945
1,<environment.Job instance at 0x14af966d1870>,24,15,[9 1],34,1235,1250,1201,1235
1,<environment.Job instance at 0x14af966d1aa0>,2,16,[1 5],3,3,19,0,3
1,<environment.Job instance at 0x14af8c42e5f0>,15,14,[ 2 10],18,190,204,172,190
1,<environment.Job instance at 0x14af8becf870>,23,17,[1 8],32,204,221,172,194
1,<environment.Job instance at 0x14af8c05d870>,26,12,[1 7],36,221,233,185,207
1,<environment.Job instance at 0x14af8bf21a50>,33,16,[7 2],44,207,223,163,207
1,<environment.Job instance at 0x14af8be64730>,0,16,[5 1],1,1,17,0,1
1,<environment.Job instance at 0x14af8be058c0>,3,15,[5 1],6,6,21,0,6
1,<environment.Job instance at 0x14af8c04a9b0>,7,16,[2 9],10,17,33,7,10
1,<environment.Job instance at 0x14af906330a0>,1,14,[6 1],3,3,17,0,3
1,<environment.Job instance at 0x14af9726e910>,6,14,[1 6],11,11,25,0,11
1,<environment.Job instance at 0x14af8f08b410>,7,12,[1 7],14,25,37,11,14
1,<environment.Job instance at 0x14af8ce0b3c0>,10,17,[5 2],20,20,37,0,20
1,<environment.Job instance at 0x14af8bc81820>,17,17,[2 6],30,37,54,7,30
1,<environment.Job instance at 0x14af8bdaa9b0>,29,16,[5 2],46,47,63,1,47
1,<environment.Job instance at 0x14af9065f320>,30,17,[2 9],43,44,61,1,44
1,<environment.Job instance at 0x14af9076abe0>,1,12,[5 1],2,2,14,0,2
1,<environment.Job instance at 0x14af8bc955f0>,6,13,[1 6],10,10,23,0,10
1,<environment.Job instance at 0x14afc1586730>,8,17,[6 1],12,14,31,2,12
1,<environment.Job instance at 0x14af8eec0be0>,12,17,[2 7],18,23,40,5,18
1,<environment.Job instance at 0x14af8eec0050>,15,3,[2 6],22,40,43,18,27
1,<environment.Job instance at 0x14af903475a0>,19,12,[5 2],29,31,43,2,29
1,<environment.Job instance at 0x14af96741dc0>,28,25,[1 7],39,43,68,4,39
1,<environment.Job instance at 0x14af967419b0>,31,15,[7 2],42,43,58,1,42
1,<environment.Job instance at 0x14af8fd64050>,4,17,[7 2],6,6,23,0,6
1,<environment.Job instance at 0x14af901f20a0>,5,13,[2 5],7,7,20,0,7
1,<environment.Job instance at 0x14af903f9d20>,18,17,[1 5],26,26,43,0,26
1,<environment.Job instance at 0x14af907185a0>,29,15,[2 7],37,43,58,6,37
1,<environment.Job instance at 0x14af8edde280>,2,3,[10  1],3,312,315,309,312
1,<environment.Job instance at 0x14af8eddec30>,3,1,[8 1],4,416,417,412,416
1,<environment.Job instance at 0x14af8c1f5280>,3,14,[2 8],5,5,19,0,5
1,<environment.Job instance at 0x14af8bb61e60>,10,18,[5 2],13,13,31,0,13
1,<environment.Job instance at 0x14af8e357b40>,20,12,[7 2],27,31,43,4,29
1,<environment.Job instance at 0x14af966776e0>,22,17,[6 2],31,43,60,12,31
1,<environment.Job instance at 0x14af90204780>,17,2,[8 1],23,444,446,421,444
1,<environment.Job instance at 0x14af8f1f0370>,16,3,[5 1],21,470,473,449,470
1,<environment.Job instance at 0x14af90204050>,3,13,[8 1],5,5,18,0,5
1,<environment.Job instance at 0x14af8cd9db90>,14,17,[ 2 10],18,18,35,0,18
1,<environment.Job instance at 0x14af8bb2e0f0>,27,17,[6 2],34,35,52,1,34
1,<environment.Job instance at 0x14af8f0ecaa0>,33,12,[1 8],40,50,62,10,50
1,<environment.Job instance at 0x14af973cb9b0>,36,14,[2 5],46,62,76,16,54
1,<environment.Job instance at 0x14af97229a50>,8,17,[2 9],13,13,30,0,13
1,<environment.Job instance at 0x14af8bc055f0>,18,17,[ 1 10],26,546,563,520,546
1,<environment.Job instance at 0x14af95f08460>,31,13,[1 8],48,563,576,515,555
1,<environment.Job instance at 0x14af8bc05b40>,17,1,[2 5],24,640,641,616,640
1,<environment.Job instance at 0x14af97347640>,0,26,[5 2],2,2,28,0,2
1,<environment.Job instance at 0x14af8bd64b40>,17,12,[5 1],28,31,43,3,31
1,<environment.Job instance at 0x14af8bc72730>,25,18,[2 9],41,41,59,0,41
1,<environment.Job instance at 0x14af8bc72be0>,26,13,[2 8],43,59,72,16,43
1,<environment.Job instance at 0x14af8bd82a50>,14,16,[9 2],23,2923,2939,2900,2923
1,<environment.Job instance at 0x14af95f13550>,0,15,[2 7],1,1,16,0,1
1,<environment.Job instance at 0x14af8bc7b870>,6,13,[6 1],8,8,21,0,8
1,<environment.Job instance at 0x14af90357af0>,13,14,[2 8],18,19,33,1,19
1,<environment.Job instance at 0x14af90357280>,14,1,[10  2],19,33,34,14,22
1,<environment.Job instance at 0x14af90357c30>,16,13,[8 1],24,34,47,10,32
1,<environment.Job instance at 0x14af8d8f50f0>,29,17,[ 1 10],45,47,64,2,45
1,<environment.Job instance at 0x14af8d8f5eb0>,30,13,[ 1 10],47,64,77,17,48
1,<environment.Job instance at 0x14af8bb533c0>,0,13,[7 2],1,1,14,0,1
1,<environment.Job instance at 0x14af8c4dde60>,6,14,[6 2],10,14,28,4,10
1,<environment.Job instance at 0x14af8efe6a00>,25,17,[6 2],45,48,65,3,48
1,<environment.Job instance at 0x14af8efe6280>,27,3,[8 2],48,710,713,662,710
1,<environment.Job instance at 0x14af8efe6b90>,26,2,[8 1],46,884,886,838,884
1,<environment.Job instance at 0x14af8f1a3cd0>,0,17,[1 9],1,1,18,0,1
1,<environment.Job instance at 0x14af9038bc80>,6,17,[6 1],13,13,30,0,13
1,<environment.Job instance at 0x14af9038bd20>,9,18,[2 8],18,18,36,0,18
1,<environment.Job instance at 0x14af903ba5a0>,18,16,[5 2],35,35,51,0,35
1,<environment.Job instance at 0x14af901d20a0>,3,18,[7 2],9,9,27,0,9
1,<environment.Job instance at 0x14af97311640>,17,14,[8 2],25,27,41,2,25
1,<environment.Job instance at 0x14af8c2e1fa0>,27,17,[10  2],41,66,83,25,66
1,<environment.Job instance at 0x14af8c2e14b0>,23,2,[5 1],37,270,272,233,270
1,<environment.Job instance at 0x14af8c0cd140>,35,15,[7 2],46,70,85,24,70
1,<environment.Job instance at 0x14af8c0cda00>,36,13,[ 2 10],48,85,98,37,70
1,<environment.Job instance at 0x14af8cd72140>,19,2,[1 5],23,156,158,133,156
1,<environment.Job instance at 0x14af8f197e10>,1,21,[6 2],2,2,23,0,2
1,<environment.Job instance at 0x14af8be1e690>,13,18,[2 8],19,21,39,2,21
1,<environment.Job instance at 0x14af8be1ec30>,17,16,[6 2],25,2048,2064,2023,2048
1,<environment.Job instance at 0x14af8c08dd70>,16,2,[6 2],23,2064,2066,2041,2056
1,<environment.Job instance at 0x14af8cdbc320>,12,18,[1 8],23,23,41,0,23
1,<environment.Job instance at 0x14af90607e60>,15,12,[8 1],27,30,42,3,30
1,<environment.Job instance at 0x14af8bc2b500>,17,16,[ 2 10],33,42,58,9,33
1,<environment.Job instance at 0x14af8bf33820>,25,13,[1 9],44,58,71,14,44
1,<environment.Job instance at 0x14af8bf33c30>,22,1,[2 6],40,90,91,50,90
1,<environment.Job instance at 0x14af9725e0a0>,4,17,[6 1],8,8,25,0,8
1,<environment.Job instance at 0x14af96585280>,7,13,[6 2],11,25,38,14,11
1,<environment.Job instance at 0x14af8cdce140>,18,15,[2 9],27,38,53,11,27
1,<environment.Job instance at 0x14af8be91190>,32,15,[7 2],46,64,79,18,64
1,<environment.Job instance at 0x14af972a1550>,21,2,[1 6],30,1140,1142,1110,1140
1,<environment.Job instance at 0x14af8cdf0370>,0,15,[2 8],2,2,17,0,2
1,<environment.Job instance at 0x14af8bfde820>,15,17,[6 2],26,26,43,0,26
1,<environment.Job instance at 0x14af915d4370>,4,15,[2 8],8,8,23,0,8
1,<environment.Job instance at 0x14af8ef90cd0>,11,16,[1 9],16,23,39,7,16
1,<environment.Job instance at 0x14af8ef3d320>,21,14,[ 1 10],33,553,567,520,553
1,<environment.Job instance at 0x14af8ef3d370>,23,14,[2 9],38,567,581,529,553
1,<environment.Job instance at 0x14af8ef3de60>,16,1,[10  1],25,600,601,575,600
1,<environment.Job instance at 0x14af8be22870>,9,15,[ 1 10],13,65,80,52,65
1,<environment.Job instance at 0x14af972ab8c0>,16,14,[2 7],20,80,94,60,71
1,<environment.Job instance at 0x14af8bd87b90>,21,17,[2 6],28,94,111,66,83
1,<environment.Job instance at 0x14af8bb7de10>,26,18,[2 9],34,135,153,101,135
1,<environment.Job instance at 0x14af8f204870>,4,19,[8 1],8,246,265,238,246
1,<environment.Job instance at 0x14af8f2045a0>,3,2,[5 2],7,265,267,258,258
1,<environment.Job instance at 0x14af8f204dc0>,1,18,[ 2 10],4,4,22,0,4
1,<environment.Job instance at 0x14af8f1922d0>,8,12,[1 5],13,22,34,9,13
1,<environment.Job instance at 0x14af8ef90050>,17,15,[8 2],24,24,39,0,24
1,<environment.Job instance at 0x14afc157eb90>,33,13,[1 6],42,49,62,7,49
1,<environment.Job instance at 0x14af8c058a00>,11,13,[1 9],17,18,31,1,18
1,<environment.Job instance at 0x14af8ce7e5f0>,0,13,[ 1 10],1,1,14,0,1
1,<environment.Job instance at 0x14af8c3ae8c0>,7,18,[5 2],10,10,28,0,10
1,<environment.Job instance at 0x14af903856e0>,9,12,[2 8],16,16,28,0,16
1,<environment.Job instance at 0x14af966271e0>,11,18,[ 1 10],20,28,46,8,20
1,<environment.Job instance at 0x14af8bf600a0>,22,1,[10  1],35,1882,1883,1847,1882
1,<environment.Job instance at 0x14af9030f0f0>,2,21,[1 9],5,5,26,0,5
1,<environment.Job instance at 0x14af965930f0>,16,18,[1 7],24,27,45,3,27
1,<environment.Job instance at 0x14afc15704b0>,36,13,[2 7],48,48,61,0,48
1,<environment.Job instance at 0x14af96593460>,18,1,[1 9],27,2703,2704,2676,2703
1,<environment.Job instance at 0x14af8bf14280>,14,18,[ 2 10],21,31,49,10,31
1,<environment.Job instance at 0x14af8bf14690>,18,18,[1 9],28,49,67,21,38
1,<environment.Job instance at 0x14af90195960>,35,13,[ 2 10],49,67,80,18,61
1,<environment.Job instance at 0x14af8c12e3c0>,0,17,[1 7],1,1,18,0,1
1,<environment.Job instance at 0x14af8bf14cd0>,4,22,[5 2],9,9,31,0,9
1,<environment.Job instance at 0x14af8bd3f050>,7,12,[ 1 10],14,31,43,17,14
1,<environment.Job instance at 0x14af8c59d6e0>,31,14,[2 9],42,52,66,10,52
1,<environment.Job instance at 0x14af8c59df50>,34,17,[1 9],48,68,85,20,68
1,<environment.Job instance at 0x14af8bcc6e10>,15,1,[2 5],23,341,342,318,341
1,<environment.Job instance at 0x14af8bcc65f0>,1,18,[7 1],5,5,23,0,5
1,<environment.Job instance at 0x14af8e387dc0>,10,13,[6 1],14,23,36,9,14
1,<environment.Job instance at 0x14af8e387a50>,17,14,[2 7],23,23,37,0,23
1,<environment.Job instance at 0x14af9069b3c0>,18,12,[ 1 10],26,37,49,11,26
1,<environment.Job instance at 0x14af9069b2d0>,25,14,[2 5],36,49,63,13,36
1,<environment.Job instance at 0x14af8f0020a0>,10,16,[1 5],17,17,33,0,17
1,<environment.Job instance at 0x14afc0ef7d20>,24,12,[2 6],37,60,72,23,60
1,<environment.Job instance at 0x14af8f1864b0>,7,13,[2 9],15,15,28,0,15
1,<environment.Job instance at 0x14af92e25780>,16,23,[1 9],24,28,51,4,24
1,<environment.Job instance at 0x14af8f186870>,13,3,[6 1],21,116,119,95,116
1,<environment.Job instance at 0x14af8e365e60>,30,3,[ 2 10],43,608,611,565,608
1,<environment.Job instance at 0x14af8f175eb0>,2,15,[1 8],4,4,19,0,4
1,<environment.Job instance at 0x14af8c61dd20>,7,18,[2 7],15,19,37,4,15
1,<environment.Job instance at 0x14af8bd27410>,19,18,[2 7],35,37,55,2,37
1,<environment.Job instance at 0x14af906bd690>,8,14,[6 1],10,10,24,0,10
1,<environment.Job instance at 0x14af906bd9b0>,9,12,[2 9],11,11,23,0,11
1,<environment.Job instance at 0x14af8c3f3730>,18,12,[ 1 10],28,28,40,0,28
1,<environment.Job instance at 0x14af8c224320>,20,17,[2 8],30,40,57,10,30
1,<environment.Job instance at 0x14af8bc93d70>,32,22,[7 2],46,47,69,1,47
1,<environment.Job instance at 0x14af8c052370>,33,2,[2 9],47,2456,2458,2409,2456
1,<environment.Job instance at 0x14af8ce0caf0>,14,15,[6 2],27,27,42,0,27
1,<environment.Job instance at 0x14af97252dc0>,24,20,[1 9],42,46,66,4,46
1,<environment.Job instance at 0x14af8bf81a50>,12,3,[1 8],22,546,549,524,546
1,<environment.Job instance at 0x14af8ee2c190>,6,15,[7 1],14,14,29,0,14
1,<environment.Job instance at 0x14af8bc44460>,11,17,[5 1],24,29,46,5,24
1,<environment.Job instance at 0x14af8bbf45a0>,14,16,[2 6],31,31,47,0,31
1,<environment.Job instance at 0x14af8cdbbf50>,2,13,[1 7],4,4,17,0,4
1,<environment.Job instance at 0x14af8c501fa0>,5,13,[8 2],7,7,20,0,7
1,<environment.Job instance at 0x14af8c50afa0>,11,21,[2 7],15,20,41,5,20
1,<environment.Job instance at 0x14af9721b7d0>,23,21,[1 8],30,41,62,11,41
1,<environment.Job instance at 0x14af8f2897d0>,30,18,[2 9],40,62,80,22,54
1,<environment.Job instance at 0x14af8cdb8f00>,2,13,[7 1],4,4,17,0,4
1,<environment.Job instance at 0x14af8f102af0>,9,15,[9 2],13,17,32,4,13
1,<environment.Job instance at 0x14af8ef9a370>,17,18,[6 2],23,32,50,9,23
1,<environment.Job instance at 0x14af8ef9a230>,19,13,[1 9],26,50,63,24,34
1,<environment.Job instance at 0x14af8ef9a640>,20,13,[ 2 10],28,63,76,35,47
1,<environment.Job instance at 0x14af8e361460>,32,13,[2 7],44,76,89,32,66
1,<environment.Job instance at 0x14af8e361050>,34,15,[2 9],47,89,104,42,75
1,<environment.Job instance at 0x14af8ef9ac80>,1,16,[ 1 10],2,2,18,0,2
1,<environment.Job instance at 0x14af96fb9460>,6,13,[1 6],8,18,31,10,8
1,<environment.Job instance at 0x14af8bbfd280>,9,17,[2 8],15,31,48,16,19
1,<environment.Job instance at 0x14af9030d280>,17,13,[1 8],27,48,61,21,32
1,<environment.Job instance at 0x14af915b7dc0>,23,15,[7 1],37,40,55,3,40
1,<environment.Job instance at 0x14af8fd64c80>,7,16,[6 2],10,10,26,0,10
1,<environment.Job instance at 0x14af8f09a4b0>,13,15,[5 2],18,26,41,8,18
1,<environment.Job instance at 0x14af9733be10>,22,18,[6 1],31,41,59,10,31
1,<environment.Job instance at 0x14af8bff9410>,30,15,[9 2],46,59,74,13,55
1,<environment.Job instance at 0x14af902740f0>,0,18,[1 8],2,2,20,0,2
1,<environment.Job instance at 0x14af96fbe640>,11,14,[1 7],18,20,34,2,18
1,<environment.Job instance at 0x14af96fbe0f0>,14,15,[7 1],22,464,479,442,464
1,<environment.Job instance at 0x14af8f04a320>,13,1,[2 5],21,464,465,443,464
1,<environment.Job instance at 0x14af8c671f00>,9,15,[5 1],20,20,35,0,20
1,<environment.Job instance at 0x14af8c6716e0>,12,14,[5 1],26,26,40,0,26
1,<environment.Job instance at 0x14af96746280>,15,16,[6 1],29,40,56,11,29
1,<environment.Job instance at 0x14af96746f00>,16,15,[2 9],30,35,50,5,30
1,<environment.Job instance at 0x14af8bc35cd0>,25,14,[ 1 10],43,56,70,13,43
1,<environment.Job instance at 0x14af8bd5d730>,6,18,[5 1],8,8,26,0,8
1,<environment.Job instance at 0x14af8bd5d690>,7,14,[5 2],13,13,27,0,13
1,<environment.Job instance at 0x14af8bd5d9b0>,11,18,[10  2],17,27,45,10,18
1,<environment.Job instance at 0x14af8c278af0>,15,2,[2 7],25,45,47,20,25
1,<environment.Job instance at 0x14af8f30ee10>,18,16,[1 8],31,47,63,16,34
1,<environment.Job instance at 0x14af8c1225a0>,14,12,[8 2],20,20,32,0,20
1,<environment.Job instance at 0x14af8bf8beb0>,18,14,[2 7],24,24,38,0,24
1,<environment.Job instance at 0x14af972f7d20>,20,17,[2 9],26,38,55,12,26
1,<environment.Job instance at 0x14af967712d0>,30,12,[1 6],39,55,67,16,39
1,<environment.Job instance at 0x14af8c3372d0>,34,18,[5 1],45,54,72,9,54
1,<environment.Job instance at 0x14af8c337960>,36,18,[2 8],47,67,85,20,56
1,<environment.Job instance at 0x14af967710f0>,29,14,[ 2 10],38,822,836,784,822
1,<environment.Job instance at 0x14af902e61e0>,27,1,[2 7],35,836,837,801,831
1,<environment.Job instance at 0x14afe018d370>,0,14,[1 8],3,3,17,0,3
1,<environment.Job instance at 0x14af9073e0f0>,6,12,[2 7],11,17,29,6,11
1,<environment.Job instance at 0x14af8c24da50>,12,14,[8 2],21,21,35,0,21
1,<environment.Job instance at 0x14af965dc500>,19,16,[1 8],30,30,46,0,30
1,<environment.Job instance at 0x14af96787190>,29,17,[2 6],44,61,78,17,61
1,<environment.Job instance at 0x14af972a1c80>,32,12,[2 7],47,78,90,31,67
1,<environment.Job instance at 0x14af8bb60eb0>,25,18,[2 6],39,1755,1773,1716,1755
1,<environment.Job instance at 0x14af8bb60500>,1,16,[2 5],2,2,18,0,2
1,<environment.Job instance at 0x14af8ce80b90>,13,16,[2 8],16,18,34,2,16
1,<environment.Job instance at 0x14af8ce87a00>,14,16,[1 9],17,34,50,17,21
1,<environment.Job instance at 0x14af8c571640>,22,15,[1 7],30,50,65,20,36
1,<environment.Job instance at 0x14af8c4dedc0>,29,13,[5 2],38,50,63,12,38
1,<environment.Job instance at 0x14af901a1870>,35,18,[1 8],44,68,86,24,68
1,<environment.Job instance at 0x14af8efd8320>,3,13,[1 6],9,9,22,0,9
1,<environment.Job instance at 0x14af8c4aca50>,4,18,[ 1 10],14,22,40,8,14
1,<environment.Job instance at 0x14af8f260640>,17,14,[1 6],31,40,54,9,31
1,<environment.Job instance at 0x14af8f260320>,21,18,[8 2],36,40,58,4,36
1,<environment.Job instance at 0x14af8c3d6500>,27,3,[1 5],42,60,63,18,60
1,<environment.Job instance at 0x14af8c3d6f50>,26,2,[ 2 10],41,264,266,223,264
1,<environment.Job instance at 0x14af8c252af0>,6,25,[6 2],8,8,33,0,8
1,<environment.Job instance at 0x14af915b4af0>,13,17,[5 1],20,33,50,13,21
1,<environment.Job instance at 0x14af92e40cd0>,22,18,[ 2 10],31,50,68,19,39
1,<environment.Job instance at 0x14af906687d0>,24,14,[7 1],37,68,82,31,53
1,<environment.Job instance at 0x14af8be11e60>,32,1,[6 1],48,298,299,250,298
1,<environment.Job instance at 0x14af95f35c30>,26,18,[2 6],36,801,819,765,801
1,<environment.Job instance at 0x14af95f35b90>,28,23,[1 9],38,820,843,782,820
1,<environment.Job instance at 0x14af8e381230>,35,18,[1 6],46,843,861,797,835
1,<environment.Job instance at 0x14af915bf7d0>,9,3,[2 5],14,2596,2599,2582,2596
1,<environment.Job instance at 0x14af9066e320>,21,16,[ 1 10],32,53,69,21,53
1,<environment.Job instance at 0x14afc15930f0>,24,17,[7 2],35,69,86,34,57
1,<environment.Job instance at 0x14af948d6500>,26,16,[5 2],38,86,102,48,73
1,<environment.Job instance at 0x14af8baa6140>,5,2,[8 2],10,881,883,871,881
1,<environment.Job instance at 0x14af8c650e10>,4,3,[7 2],9,904,907,895,904
1,<environment.Job instance at 0x14af8c37c1e0>,8,17,[2 8],13,13,30,0,13
1,<environment.Job instance at 0x14af8f107d70>,14,14,[2 6],21,30,44,9,21
1,<environment.Job instance at 0x14af8ef93140>,27,17,[2 9],38,44,61,6,38
1,<environment.Job instance at 0x14af8bb8cc30>,19,2,[1 5],29,116,118,87,116
1,<environment.Job instance at 0x14af9678dd70>,6,15,[6 2],10,25,40,15,25
1,<environment.Job instance at 0x14af9678dd20>,7,15,[2 9],11,40,55,29,26
1,<environment.Job instance at 0x14af8cdc8870>,15,14,[7 2],20,55,69,35,41
1,<environment.Job instance at 0x14af915e2fa0>,21,18,[ 1 10],27,69,87,42,58
1,<environment.Job instance at 0x14af8f09ab40>,35,13,[8 2],44,87,100,43,74
1,<environment.Job instance at 0x14af8bb2a3c0>,39,14,[8 2],49,100,114,51,86
1,<environment.Job instance at 0x14af9678dbe0>,4,2,[1 8],7,242,244,235,242
1,<environment.Job instance at 0x14af948a03c0>,20,12,[ 2 10],32,477,489,445,477
1,<environment.Job instance at 0x14af8bc30370>,25,16,[2 7],38,489,505,451,477
1,<environment.Job instance at 0x14af965f1f50>,0,18,[2 8],2,2,20,0,2
1,<environment.Job instance at 0x14af96fbe6e0>,15,16,[2 7],22,22,38,0,22
1,<environment.Job instance at 0x14af96fbe3c0>,18,17,[6 1],26,26,43,0,26
1,<environment.Job instance at 0x14af96fbec80>,20,13,[7 2],30,43,56,13,32
1,<environment.Job instance at 0x14af8f100500>,26,15,[8 2],40,56,71,16,42
1,<environment.Job instance at 0x14af8f100690>,30,14,[5 2],44,92,106,48,92
1,<environment.Job instance at 0x14af973aa0f0>,5,24,[1 7],6,6,30,0,6
1,<environment.Job instance at 0x14af902a3960>,11,15,[6 2],15,16,31,1,16
1,<environment.Job instance at 0x14af901b2910>,21,14,[6 1],29,31,45,2,29
1,<environment.Job instance at 0x14af8c6b3e10>,25,13,[2 8],35,35,48,0,35
1,<environment.Job instance at 0x14af8c6a8f00>,30,13,[1 7],41,48,61,7,41
1,<environment.Job instance at 0x14af973bad70>,8,16,[2 5],12,12,28,0,12
1,<environment.Job instance at 0x14af973ba8c0>,15,16,[2 7],23,28,44,5,23
1,<environment.Job instance at 0x14af97386190>,26,13,[2 9],41,1149,1162,1108,1149
1,<environment.Job instance at 0x14afe0184dc0>,22,2,[2 8],35,1301,1303,1266,1301
1,<environment.Job instance at 0x14afc0cd7be0>,3,16,[1 8],6,6,22,0,6
1,<environment.Job instance at 0x14af966c17d0>,12,15,[6 1],19,19,34,0,19
1,<environment.Job instance at 0x14af8ee34a50>,18,18,[6 1],26,34,52,8,26
1,<environment.Job instance at 0x14af90633be0>,21,16,[2 7],30,30,46,0,30
1,<environment.Job instance at 0x14af903f9910>,30,17,[2 9],44,46,63,2,44
1,<environment.Job instance at 0x14af8e357820>,2,21,[2 9],5,5,26,0,5
1,<environment.Job instance at 0x14afc0c934b0>,15,18,[1 7],22,219,237,197,219
1,<environment.Job instance at 0x14af8cec5780>,33,17,[2 6],47,237,254,190,230
1,<environment.Job instance at 0x14af906684b0>,0,13,[6 2],1,1,14,0,1
1,<environment.Job instance at 0x14af8bae6460>,3,16,[1 5],4,4,20,0,4
1,<environment.Job instance at 0x14af8f295d70>,28,24,[ 2 10],40,42,66,2,42
1,<environment.Job instance at 0x14af8f273410>,17,3,[7 1],21,1885,1888,1864,1885
1,<environment.Job instance at 0x14af906f3690>,6,14,[5 2],13,18,32,5,18
1,<environment.Job instance at 0x14af96faf1e0>,14,14,[2 7],22,1351,1365,1329,1351
1,<environment.Job instance at 0x14af96faf910>,21,14,[1 8],33,1365,1379,1332,1353
1,<environment.Job instance at 0x14afc1593e10>,31,12,[2 5],46,1379,1391,1333,1371
1,<environment.Job instance at 0x14af906f3280>,5,2,[9 1],10,1622,1624,1612,1622
1,<environment.Job instance at 0x14af906f30f0>,2,14,[5 1],3,3,17,0,3
1,<environment.Job instance at 0x14af8c0aab40>,13,20,[2 9],22,22,42,0,22
1,<environment.Job instance at 0x14af903a72d0>,24,15,[9 2],38,42,57,4,42
1,<environment.Job instance at 0x14af8f09de10>,28,12,[2 9],43,57,69,14,43
1,<environment.Job instance at 0x14af8c537e10>,33,2,[6 1],48,57,59,9,57
1,<environment.Job instance at 0x14af901952d0>,25,1,[2 7],40,101,102,61,101
1,<environment.Job instance at 0x14af903a7870>,1,17,[1 7],2,2,19,0,2
1,<environment.Job instance at 0x14af9668df50>,3,13,[7 2],6,6,19,0,6
1,<environment.Job instance at 0x14af96699140>,5,16,[1 8],10,19,35,9,10
1,<environment.Job instance at 0x14af8ee4b140>,5,16,[2 5],8,8,24,0,8
1,<environment.Job instance at 0x14af8ee4b9b0>,7,12,[5 2],11,11,23,0,11
1,<environment.Job instance at 0x14af8ee4b780>,8,15,[1 6],13,24,39,11,15
1,<environment.Job instance at 0x14af8bd02eb0>,29,16,[1 8],43,46,62,3,46
1,<environment.Job instance at 0x14af8bd02af0>,30,12,[ 1 10],44,62,74,18,46
1,<environment.Job instance at 0x14af8bdd8cd0>,35,18,[ 1 10],49,2702,2720,2653,2702
1,<environment.Job instance at 0x14af8bd02410>,22,1,[6 2],35,2740,2741,2705,2740
1,<environment.Job instance at 0x14af8bd02d70>,23,2,[1 8],36,2762,2764,2726,2762
1,<environment.Job instance at 0x14af8eea60a0>,1,12,[8 2],2,2,14,0,2
1,<environment.Job instance at 0x14af8bf78500>,2,13,[1 7],3,3,16,0,3
1,<environment.Job instance at 0x14af903c84b0>,13,15,[1 8],21,21,36,0,21
1,<environment.Job instance at 0x14af90238be0>,20,13,[1 5],34,36,49,2,34
1,<environment.Job instance at 0x14af903c8b90>,7,1,[8 1],11,42,43,31,42
1,<environment.Job instance at 0x14afc1593d70>,32,14,[2 8],49,50,64,1,50
1,<environment.Job instance at 0x14af903c8500>,9,1,[9 2],14,187,188,173,187
1,<environment.Job instance at 0x14af8ef0d9b0>,1,15,[6 2],2,2,17,0,2
1,<environment.Job instance at 0x14af8f0eccd0>,6,15,[1 8],8,8,23,0,8
1,<environment.Job instance at 0x14af8f0ecc80>,8,13,[6 1],11,17,30,6,11
1,<environment.Job instance at 0x14af8f31cfa0>,8,28,[6 2],13,13,41,0,13
1,<environment.Job instance at 0x14af8f31ce60>,9,13,[2 8],14,14,27,0,14
1,<environment.Job instance at 0x14af972680f0>,16,17,[1 6],26,27,44,1,26
1,<environment.Job instance at 0x14af8bbfddc0>,22,13,[1 6],33,44,57,11,33
1,<environment.Job instance at 0x14af915b46e0>,7,16,[1 8],11,11,27,0,11
1,<environment.Job instance at 0x14af915cb280>,16,15,[2 8],25,27,42,2,25
1,<environment.Job instance at 0x14af96fbe280>,22,14,[1 8],33,45,59,12,45
1,<environment.Job instance at 0x14af96fbe2d0>,25,16,[5 2],37,1294,1310,1257,1294
1,<environment.Job instance at 0x14af903ea8c0>,32,14,[1 5],49,1311,1325,1262,1311
1,<environment.Job instance at 0x14af8ef10730>,33,13,[ 2 10],44,83,96,39,83
1,<environment.Job instance at 0x14af8ef10f50>,35,12,[1 8],47,96,108,49,92
1,<environment.Job instance at 0x14af8f1cc5f0>,36,15,[1 9],48,108,123,60,94
1,<environment.Job instance at 0x14af8efb9730>,9,3,[10  1],13,1101,1104,1088,1101
1,<environment.Job instance at 0x14af8f0055f0>,0,24,[1 7],1,1,25,0,1
1,<environment.Job instance at 0x14af90780d20>,6,12,[2 8],10,25,37,15,10
1,<environment.Job instance at 0x14af8edd1280>,16,18,[5 1],22,29,47,7,29
1,<environment.Job instance at 0x14af8bfd6a50>,18,12,[8 2],24,47,59,23,35
1,<environment.Job instance at 0x14af8c4130a0>,30,16,[ 1 10],41,59,75,18,58
1,<environment.Job instance at 0x14af972a0410>,15,3,[9 1],21,590,593,569,590
1,<environment.Job instance at 0x15314871cc30>,0,12,[2 5],1,1,13,0,1
1,<environment.Job instance at 0x1530f1ebe0f0>,8,13,[6 1],9,9,22,0,9
1,<environment.Job instance at 0x1530f2685410>,10,13,[2 8],12,13,26,1,12
1,<environment.Job instance at 0x1530f254bcd0>,17,17,[6 1],23,23,40,0,23
1,<environment.Job instance at 0x1530f25ca7d0>,24,12,[ 1 10],32,40,52,8,32
1,<environment.Job instance at 0x1530f25cb410>,30,15,[2 9],40,52,67,12,40
1,<environment.Job instance at 0x1530f2617500>,3,16,[8 2],6,6,22,0,6
1,<environment.Job instance at 0x1530f46bb500>,9,16,[2 5],16,17,33,1,17
1,<environment.Job instance at 0x1530f46bb7d0>,12,15,[2 9],22,33,48,11,22
1,<environment.Job instance at 0x1530f46ba230>,26,13,[7 2],42,48,61,6,45
1,<environment.Job instance at 0x1530f46561e0>,34,14,[7 1],52,61,75,9,52
1,<environment.Job instance at 0x1530f47cd460>,36,12,[2 8],55,55,67,0,55
1,<environment.Job instance at 0x1530f46ba5a0>,23,1,[2 5],36,272,273,236,272
1,<environment.Job instance at 0x1530f5a7fdc0>,6,15,[7 1],9,9,24,0,9
1,<environment.Job instance at 0x1530f5a7ff00>,12,13,[ 1 10],16,24,37,8,16
1,<environment.Job instance at 0x1530f5a7f4b0>,15,13,[2 9],20,37,50,17,21
1,<environment.Job instance at 0x1530f3ba3320>,29,18,[2 6],38,65,83,27,65
1,<environment.Job instance at 0x1530f49988c0>,6,15,[2 7],13,13,28,0,13
1,<environment.Job instance at 0x1530f4998c80>,9,17,[ 2 10],16,28,45,12,16
1,<environment.Job instance at 0x1530f49982d0>,14,13,[ 2 10],22,45,58,23,29
1,<environment.Job instance at 0x1530f1995370>,20,12,[7 1],30,58,70,28,41
1,<environment.Job instance at 0x1530f1995fa0>,29,17,[1 6],41,69,86,28,69
1,<environment.Job instance at 0x1530f5b71870>,33,15,[9 2],50,83,98,33,83
1,<environment.Job instance at 0x1530f1ee5fa0>,4,18,[7 2],9,9,27,0,9
1,<environment.Job instance at 0x1530f5b955a0>,16,16,[1 7],29,30,46,1,30
1,<environment.Job instance at 0x1530f4a52be0>,27,18,[5 2],43,50,68,7,50
1,<environment.Job instance at 0x1530f4a528c0>,20,16,[1 7],34,1874,1890,1840,1874
1,<environment.Job instance at 0x1530f4a52aa0>,19,1,[1 5],33,1901,1902,1868,1901
1,<environment.Job instance at 0x1530f49a14b0>,0,17,[7 1],2,2,19,0,2
1,<environment.Job instance at 0x1530f197bcd0>,3,12,[7 2],7,19,31,12,7
1,<environment.Job instance at 0x1530f46375a0>,13,13,[5 2],21,31,44,10,21
1,<environment.Job instance at 0x1530f4637eb0>,18,12,[7 1],31,44,56,13,31
1,<environment.Job instance at 0x1530f4aabeb0>,26,16,[7 2],44,56,72,12,45
1,<environment.Job instance at 0x1530f4aab1e0>,28,18,[5 2],47,72,90,25,61
1,<environment.Job instance at 0x1530f4aabf00>,31,12,[2 9],53,90,102,37,73
1,<environment.Job instance at 0x1530f499dbe0>,17,14,[7 2],27,730,744,703,730
1,<environment.Job instance at 0x1530f59d88c0>,22,18,[6 2],36,744,762,708,734
1,<environment.Job instance at 0x1530f59d8780>,25,14,[1 6],42,743,757,701,743
1,<environment.Job instance at 0x1530f1a04550>,5,2,[1 6],12,796,798,784,796
1,<environment.Job instance at 0x1530f1a04410>,6,1,[1 9],13,881,882,868,881
1,<environment.Job instance at 0x1530f1d698c0>,4,16,[2 9],7,7,23,0,7
1,<environment.Job instance at 0x1530f1d69f00>,12,13,[ 2 10],22,23,36,1,23
1,<environment.Job instance at 0x1530f3b9d960>,22,16,[2 6],36,38,54,2,38
1,<environment.Job instance at 0x1530f3b9d870>,23,3,[1 6],37,193,196,156,193
1,<environment.Job instance at 0x1530f3b9d870>,2,18,[8 2],3,3,21,0,3
1,<environment.Job instance at 0x1530f1d5d820>,6,17,[2 9],7,21,38,14,9
1,<environment.Job instance at 0x1530f1c83eb0>,32,15,[1 8],42,42,57,0,42
1,<environment.Job instance at 0x1530f1c83c30>,37,1,[6 2],49,1020,1021,971,1020
1,<environment.Job instance at 0x1530f1c83c30>,2,17,[2 7],4,4,21,0,4
1,<environment.Job instance at 0x1530fbdb25f0>,3,14,[1 6],5,21,35,16,6
1,<environment.Job instance at 0x15310c158fa0>,17,13,[5 1],21,36,49,15,36
1,<environment.Job instance at 0x15310cc0cf00>,19,14,[6 1],23,49,63,26,42
1,<environment.Job instance at 0x15310cc0ce60>,21,14,[2 8],25,42,56,17,42
1,<environment.Job instance at 0x1530f18834b0>,39,18,[2 6],54,92,110,38,92
1,<environment.Job instance at 0x1530f1a3a410>,42,14,[2 5],58,110,124,52,95
1,<environment.Job instance at 0x1530fbdb2d20>,14,2,[1 6],17,179,181,162,179
1,<environment.Job instance at 0x1530f46228c0>,0,12,[1 5],1,1,13,0,1
1,<environment.Job instance at 0x1530f8686500>,4,18,[1 5],7,7,25,0,7
1,<environment.Job instance at 0x1530f46e3870>,16,16,[2 7],31,31,47,0,31
1,<environment.Job instance at 0x1530f1d31c30>,24,14,[2 8],43,47,61,4,43
1,<environment.Job instance at 0x15310f225960>,33,17,[1 9],54,61,78,7,61
1,<environment.Job instance at 0x1530f5c11870>,0,15,[2 8],2,2,17,0,2
1,<environment.Job instance at 0x1530f4ac7140>,6,15,[2 7],10,17,32,7,10
1,<environment.Job instance at 0x1530f1883910>,0,14,[1 5],1,1,15,0,1
1,<environment.Job instance at 0x1530f1b7d820>,3,17,[2 8],6,15,32,9,6
1,<environment.Job instance at 0x15310e4e5e10>,14,12,[2 9],22,32,44,10,23
1,<environment.Job instance at 0x15310e4e5730>,16,13,[1 9],24,44,57,20,28
1,<environment.Job instance at 0x15310e4e56e0>,21,17,[2 9],31,57,74,26,45
1,<environment.Job instance at 0x15310e4e5d70>,26,12,[ 1 10],37,74,86,37,57
1,<environment.Job instance at 0x1530f1d69690>,33,16,[ 2 10],45,86,102,41,73
1,<environment.Job instance at 0x15310e4e5050>,2,21,[ 2 10],4,4,25,0,4
1,<environment.Job instance at 0x1530f1d800f0>,35,13,[2 8],46,51,64,5,51
1,<environment.Job instance at 0x15310cbb2f00>,42,13,[2 9],53,64,77,11,55
1,<environment.Job instance at 0x1530f1db6140>,12,1,[9 1],16,755,756,739,755
1,<environment.Job instance at 0x1530f31507d0>,0,14,[2 9],1,1,15,0,1
1,<environment.Job instance at 0x1530f3150320>,7,17,[1 8],8,15,32,7,8
1,<environment.Job instance at 0x1530f5ac98c0>,17,17,[1 7],20,32,49,12,23
1,<environment.Job instance at 0x1530f5ac90f0>,21,18,[6 1],25,25,43,0,25
1,<environment.Job instance at 0x1530f5ac9280>,22,15,[2 9],26,49,64,23,35
1,<environment.Job instance at 0x1530f866c320>,39,17,[1 7],50,64,81,14,62
1,<environment.Job instance at 0x1530f866c5a0>,43,14,[5 2],59,64,78,5,62
1,<environment.Job instance at 0x1530f5ac9140>,19,2,[2 9],22,99,101,77,99
1,<environment.Job instance at 0x1530f5ac91e0>,20,2,[2 7],23,221,223,198,221
1,<environment.Job instance at 0x1530f3bb0730>,37,17,[1 8],58,71,88,13,71
1,<environment.Job instance at 0x1530f165f230>,3,1,[1 8],4,287,288,283,287
1,<environment.Job instance at 0x15310c80bf50>,0,17,[1 6],1,1,18,0,1
1,<environment.Job instance at 0x15310c80b7d0>,2,13,[2 9],6,18,31,12,6
1,<environment.Job instance at 0x1530f5bb8dc0>,21,14,[7 1],28,30,44,2,30
1,<environment.Job instance at 0x1530f5e66500>,22,14,[ 2 10],29,44,58,15,30
1,<environment.Job instance at 0x1530f4a61b40>,28,16,[7 1],35,58,74,23,45
1,<environment.Job instance at 0x1530f4a61af0>,33,16,[2 9],42,58,74,16,46
1,<environment.Job instance at 0x1530f4a790f0>,36,14,[ 1 10],47,74,88,27,66
1,<environment.Job instance at 0x1530f1a2ba50>,7,2,[8 2],12,209,211,197,209
1,<environment.Job instance at 0x1530f1a0dc30>,11,2,[ 1 10],16,434,436,418,434
1,<environment.Job instance at 0x1530f5bea8c0>,2,13,[2 5],8,8,21,0,8
1,<environment.Job instance at 0x1530f19105a0>,13,15,[ 2 10],32,32,47,0,32
1,<environment.Job instance at 0x1530f19103c0>,3,15,[1 9],6,6,21,0,6
1,<environment.Job instance at 0x1530fb76f0f0>,13,15,[6 1],22,22,37,0,22
1,<environment.Job instance at 0x1530f1533c80>,27,27,[1 9],43,56,83,13,56
1,<environment.Job instance at 0x1530f1edcd70>,7,16,[1 6],12,12,28,0,12
1,<environment.Job instance at 0x1530f4a71190>,22,15,[6 1],33,35,50,2,35
1,<environment.Job instance at 0x1530f13f99b0>,30,14,[ 1 10],44,50,64,6,44
1,<environment.Job instance at 0x1530f13f3280>,35,18,[2 9],50,64,82,14,53
1,<environment.Job instance at 0x1530f1a08050>,39,17,[5 1],54,64,81,10,54
1,<environment.Job instance at 0x1530f1413aa0>,21,3,[ 2 10],31,376,379,345,376
1,<environment.Job instance at 0x1530f4a71690>,2,17,[7 2],3,3,20,0,3
1,<environment.Job instance at 0x15310edc6c80>,3,16,[5 2],4,20,36,16,7
1,<environment.Job instance at 0x15310edc6e60>,7,17,[ 2 10],9,36,53,27,24
1,<environment.Job instance at 0x1530f1b457d0>,19,16,[2 7],27,53,69,26,45
1,<environment.Job instance at 0x1531441c4370>,30,17,[5 2],40,53,70,13,45
1,<environment.Job instance at 0x1530f2131550>,37,12,[2 9],49,70,82,21,65
1,<environment.Job instance at 0x15310edc6dc0>,9,16,[5 2],13,244,260,231,244
1,<environment.Job instance at 0x15310e75adc0>,0,16,[7 1],1,1,17,0,1
1,<environment.Job instance at 0x1530f1daa1e0>,2,14,[1 8],3,3,17,0,3
1,<environment.Job instance at 0x1530f1daac30>,9,15,[6 1],15,17,32,2,15
1,<environment.Job instance at 0x1530f5b71d20>,15,16,[2 5],21,21,37,0,21
1,<environment.Job instance at 0x1530f5b71410>,24,14,[2 9],37,37,51,0,37
1,<environment.Job instance at 0x1530f15d36e0>,26,13,[7 2],40,51,64,11,40
1,<environment.Job instance at 0x1530f5e6dcd0>,3,18,[1 7],6,6,24,0,6
1,<environment.Job instance at 0x1530f1490460>,15,24,[2 9],22,2916,2940,2894,2916
1,<environment.Job instance at 0x1530f1498d20>,14,2,[2 8],21,2940,2942,2919,2918
1,<environment.Job instance at 0x1530f15ac820>,2,15,[6 1],3,3,18,0,3
1,<environment.Job instance at 0x1530f5c148c0>,15,16,[2 6],18,18,34,0,18
1,<environment.Job instance at 0x1530f5c14280>,17,14,[5 2],24,24,38,0,24
1,<environment.Job instance at 0x1530f26a9230>,31,13,[2 9],47,47,60,0,47
1,<environment.Job instance at 0x1530f1cac730>,6,12,[2 9],17,17,29,0,17
1,<environment.Job instance at 0x1530f140d370>,4,2,[2 6],14,29,31,15,17
1,<environment.Job instance at 0x15310c0c2f00>,10,17,[6 2],22,29,46,7,22
1,<environment.Job instance at 0x1530f1c232d0>,25,14,[ 2 10],40,46,60,6,40
1,<environment.Job instance at 0x1530f1c23eb0>,28,1,[5 2],43,732,733,689,732
1,<environment.Job instance at 0x1530f1c23370>,2,16,[ 2 10],3,3,19,0,3
1,<environment.Job instance at 0x1530f21203c0>,10,15,[7 1],17,19,34,2,17
1,<environment.Job instance at 0x1530f1be84b0>,12,12,[7 2],19,34,46,15,19
1,<environment.Job instance at 0x1530f1495eb0>,13,13,[1 9],20,20,33,0,20
1,<environment.Job instance at 0x1530f17bdb40>,22,13,[1 9],31,46,59,15,31
1,<environment.Job instance at 0x1530f172edc0>,29,19,[5 2],41,59,78,18,49
1,<environment.Job instance at 0x15310cc30550>,20,17,[8 1],29,1340,1357,1311,1340
1,<environment.Job instance at 0x1530f1bd5cd0>,7,14,[ 2 10],8,8,22,0,8
1,<environment.Job instance at 0x15310c117230>,15,17,[1 8],22,23,40,1,23
1,<environment.Job instance at 0x1530f12503c0>,25,16,[7 2],34,34,50,0,34
1,<environment.Job instance at 0x1530f172abe0>,33,15,[5 1],46,50,65,4,47
1,<environment.Job instance at 0x1530f17d7b40>,44,18,[1 6],58,79,97,21,79
1,<environment.Job instance at 0x1530f5bf0d70>,31,12,[1 7],44,167,179,123,167
1,<environment.Job instance at 0x1530f5bf06e0>,34,17,[5 2],50,167,184,117,167
1,<environment.Job instance at 0x1530f12caf00>,5,16,[2 8],8,862,878,854,862
1,<environment.Job instance at 0x1530f1285870>,4,2,[6 2],6,899,901,893,899
1,<environment.Job instance at 0x15310c1c66e0>,11,16,[5 2],16,16,32,0,16
1,<environment.Job instance at 0x1530f17e54b0>,1,17,[2 9],3,3,20,0,3
1,<environment.Job instance at 0x1530f49fcaa0>,8,12,[ 1 10],10,20,32,10,10
1,<environment.Job instance at 0x1530f10bee10>,21,17,[2 7],28,32,49,4,28
1,<environment.Job instance at 0x1530f10bee60>,22,12,[5 1],29,32,44,3,29
1,<environment.Job instance at 0x15310c0a7c80>,40,15,[7 2],52,54,69,2,54
1,<environment.Job instance at 0x15310c0a7820>,36,1,[7 2],48,1307,1308,1259,1307
1,<environment.Job instance at 0x15310cb33f00>,4,17,[7 2],6,6,23,0,6
1,<environment.Job instance at 0x15310cb33b90>,5,13,[2 5],7,7,20,0,7
1,<environment.Job instance at 0x1531486bc5a0>,7,16,[6 1],10,23,39,13,10
1,<environment.Job instance at 0x15310f2354b0>,18,17,[1 5],26,26,43,0,26
1,<environment.Job instance at 0x1530f8651820>,29,15,[2 7],37,43,58,6,37
1,<environment.Job instance at 0x15310ee67d20>,42,14,[2 8],55,60,74,5,60
1,<environment.Job instance at 0x1530f5b378c0>,43,15,[8 2],56,61,76,5,61
1,<environment.Job instance at 0x1530f8651fa0>,34,3,[1 5],46,187,190,141,187
1,<environment.Job instance at 0x1530f1675e10>,0,14,[ 2 10],1,1,15,0,1
1,<environment.Job instance at 0x1530f4914960>,2,18,[5 2],3,15,33,12,4
1,<environment.Job instance at 0x1530fbda8f50>,4,16,[1 6],6,15,31,9,6
1,<environment.Job instance at 0x1530f59de5a0>,14,17,[6 2],21,33,50,12,32
1,<environment.Job instance at 0x1530f59de690>,15,13,[ 2 10],22,50,63,28,34
1,<environment.Job instance at 0x1530f165d4b0>,29,16,[8 2],41,64,80,23,64
1,<environment.Job instance at 0x1530f11368c0>,43,17,[ 2 10],58,90,107,32,90
1,<environment.Job instance at 0x1530fbda89b0>,10,3,[9 1],14,476,479,462,476
1,<environment.Job instance at 0x1530f498ccd0>,10,17,[6 2],14,16,33,2,16
1,<environment.Job instance at 0x1530f259c7d0>,19,14,[2 5],26,33,47,7,33
1,<environment.Job instance at 0x15310caec2d0>,22,14,[1 7],29,47,61,18,35
1,<environment.Job instance at 0x1530f49e9aa0>,31,17,[2 9],43,61,78,18,49
1,<environment.Job instance at 0x1530f1a9e190>,41,17,[ 1 10],56,78,95,22,70
1,<environment.Job instance at 0x1530fbda82d0>,5,13,[8 1],6,527,540,521,527
1,<environment.Job instance at 0x1530f167a320>,1,16,[7 2],2,2,18,0,2
1,<environment.Job instance at 0x15310c177730>,10,13,[1 8],18,18,31,0,18
1,<environment.Job instance at 0x15310c177d20>,12,26,[5 2],22,22,48,0,22
1,<environment.Job instance at 0x1530f1c65dc0>,19,14,[9 2],33,48,62,15,36
1,<environment.Job instance at 0x15310cbe2eb0>,25,18,[1 7],42,52,70,10,52
1,<environment.Job instance at 0x1530f1e4eb40>,0,18,[2 9],1,1,19,0,1
1,<environment.Job instance at 0x15310cbe2320>,1,13,[2 8],3,19,32,16,3
1,<environment.Job instance at 0x1530f5e52e60>,6,18,[7 2],10,19,37,9,10
1,<environment.Job instance at 0x1530f5e52a00>,20,14,[2 8],28,32,46,4,28
1,<environment.Job instance at 0x1530f260f320>,22,17,[7 2],31,37,54,6,32
1,<environment.Job instance at 0x1530f18d4fa0>,25,18,[8 1],37,54,72,17,48
1,<environment.Job instance at 0x1530f14811e0>,36,17,[ 1 10],55,72,89,17,60
1,<environment.Job instance at 0x1530f1c07370>,37,13,[ 1 10],57,89,102,32,73
1,<environment.Job instance at 0x1530f261feb0>,0,13,[7 2],1,1,14,0,1
1,<environment.Job instance at 0x1530f5b2bdc0>,20,13,[5 2],33,33,46,0,33
1,<environment.Job instance at 0x1530f18fc7d0>,25,17,[6 2],45,46,63,1,45
1,<environment.Job instance at 0x1530f49d9e60>,30,17,[1 9],51,63,80,12,53
1,<environment.Job instance at 0x1530f2640050>,6,14,[6 2],10,438,452,428,438
1,<environment.Job instance at 0x1530f49d97d0>,1,17,[6 1],3,3,20,0,3
1,<environment.Job instance at 0x1530f1124190>,4,18,[2 8],8,8,26,0,8
1,<environment.Job instance at 0x1530f1124a50>,5,13,[7 2],11,20,33,9,11
1,<environment.Job instance at 0x15310c150730>,2,14,[8 2],5,5,19,0,5
1,<environment.Job instance at 0x15310cab9960>,11,17,[1 6],20,24,41,4,24
1,<environment.Job instance at 0x1530f19437d0>,13,12,[1 7],22,41,53,19,24
1,<environment.Job instance at 0x1530f46ba050>,1,16,[ 1 10],3,3,19,0,3
1,<environment.Job instance at 0x1530f18f8820>,3,15,[2 8],5,19,34,14,5
1,<environment.Job instance at 0x1530f3ba7820>,10,15,[7 2],16,19,34,3,16
1,<environment.Job instance at 0x1530f3ba7c30>,11,13,[ 2 10],18,34,47,16,18
1,<environment.Job instance at 0x15310c82b2d0>,29,16,[6 2],45,47,63,2,45
1,<environment.Job instance at 0x15310c82b500>,37,14,[1 9],58,63,77,5,58
1,<environment.Job instance at 0x1530f1c68320>,2,12,[5 2],4,4,16,0,4
1,<environment.Job instance at 0x15310c171780>,3,16,[2 6],5,5,21,0,5
1,<environment.Job instance at 0x15310c0e1be0>,13,13,[1 5],27,27,40,0,27
1,<environment.Job instance at 0x1530f1ec90f0>,18,18,[1 8],33,40,58,7,33
1,<environment.Job instance at 0x15310cb87140>,23,16,[ 2 10],43,58,74,15,45
1,<environment.Job instance at 0x1530f111d2d0>,31,13,[1 9],54,74,87,20,58
1,<environment.Job instance at 0x1530f1632fa0>,27,1,[2 9],49,618,619,569,618
1,<environment.Job instance at 0x15310cbf27d0>,25,2,[2 6],45,716,718,671,716
1,<environment.Job instance at 0x15310cbf2140>,4,17,[6 1],8,8,25,0,8
1,<environment.Job instance at 0x1530f2607870>,7,13,[6 2],11,25,38,14,17
1,<environment.Job instance at 0x1530f2621e10>,18,15,[2 9],27,38,53,11,27
1,<environment.Job instance at 0x1530f2621870>,19,15,[7 2],28,53,68,25,41
1,<environment.Job instance at 0x1530f2621e60>,24,14,[2 8],34,58,72,24,58
1,<environment.Job instance at 0x1530f5a17960>,32,15,[7 2],46,74,89,28,74
1,<environment.Job instance at 0x1530f5e76050>,34,13,[6 1],48,89,102,41,76
1,<environment.Job instance at 0x1530f5e4b960>,37,15,[2 8],52,78,93,26,78
1,<environment.Job instance at 0x1530f5e4b1e0>,38,17,[8 1],53,102,119,49,90
1,<environment.Job instance at 0x15310c0e6730>,11,12,[5 2],16,701,713,685,701
1,<environment.Job instance at 0x1530f26078c0>,10,3,[2 5],15,950,953,935,950
1,<environment.Job instance at 0x1530f13e20f0>,10,17,[6 2],16,16,33,0,16
1,<environment.Job instance at 0x15310f223190>,12,12,[1 7],19,19,31,0,19
1,<environment.Job instance at 0x1530f5a365a0>,30,15,[2 8],48,48,63,0,48
1,<environment.Job instance at 0x1530f1114af0>,37,16,[1 9],56,63,79,7,58
1,<environment.Job instance at 0x1530f14665f0>,6,14,[ 1 10],13,13,27,0,13
1,<environment.Job instance at 0x1530f4964730>,8,14,[2 9],18,27,41,9,18
1,<environment.Job instance at 0x1530f5b27d20>,25,16,[9 2],42,292,308,250,292
1,<environment.Job instance at 0x1530f1e43fa0>,35,23,[5 2],54,308,331,254,302
1,<environment.Job instance at 0x1530f18fc410>,38,17,[2 6],58,308,325,250,302
1,<environment.Job instance at 0x1530f47facd0>,33,14,[2 7],50,566,580,516,566
1,<environment.Job instance at 0x15310c808d20>,0,17,[1 9],1,1,18,0,1
1,<environment.Job instance at 0x15310edf7f00>,15,18,[ 2 10],24,24,42,0,24
1,<environment.Job instance at 0x1530f12bdf00>,37,12,[1 9],52,58,70,6,58
1,<environment.Job instance at 0x1530f5e7ef50>,21,1,[7 2],32,357,358,325,357
1,<environment.Job instance at 0x15310cc0a1e0>,1,13,[1 6],2,2,15,0,2
1,<environment.Job instance at 0x1530f25a7c30>,3,15,[7 2],4,4,19,0,4
1,<environment.Job instance at 0x1530f5ae87d0>,5,16,[2 7],10,15,31,5,10
1,<environment.Job instance at 0x1530fa0fb730>,17,13,[1 9],27,46,59,19,46
1,<environment.Job instance at 0x1530f1c68d70>,31,13,[8 2],44,59,72,15,46
1,<environment.Job instance at 0x1530f5ad05f0>,0,13,[ 1 10],1,1,14,0,1
1,<environment.Job instance at 0x1530f46be780>,30,14,[2 5],42,48,62,6,48
1,<environment.Job instance at 0x1530fbd865f0>,35,15,[9 2],50,62,77,12,51
1,<environment.Job instance at 0x1530f46e9550>,8,18,[1 6],14,210,228,196,210
1,<environment.Job instance at 0x1530f46e9d70>,1,12,[2 8],6,6,18,0,6
1,<environment.Job instance at 0x1530f46e9820>,2,13,[9 2],8,18,31,10,8
1,<environment.Job instance at 0x1530f178c460>,16,12,[2 8],27,31,43,4,29
1,<environment.Job instance at 0x1530f1b649b0>,35,16,[1 8],57,64,80,7,64
1,<environment.Job instance at 0x1530f2560d70>,3,18,[1 7],4,4,22,0,4
1,<environment.Job instance at 0x1530f25600a0>,11,16,[6 2],14,14,30,0,14
1,<environment.Job instance at 0x1530f1a905a0>,23,13,[2 7],28,28,41,0,28
1,<environment.Job instance at 0x1530f5ee0d20>,36,14,[1 8],43,57,71,14,57
1,<environment.Job instance at 0x1530f5ee0af0>,40,18,[ 2 10],51,71,89,20,62
1,<environment.Job instance at 0x1530f5ee0f50>,44,18,[1 9],58,89,107,31,78
1,<environment.Job instance at 0x1530f1a90550>,20,1,[2 8],25,1348,1349,1323,1348
1,<environment.Job instance at 0x1530f5ee0690>,31,18,[1 6],37,1422,1440,1385,1422
1,<environment.Job instance at 0x1530fbdb15a0>,1,22,[1 7],2,2,24,0,2
1,<environment.Job instance at 0x1530f195e0f0>,15,13,[ 2 10],19,24,37,5,19
1,<environment.Job instance at 0x1530f1b5e2d0>,24,12,[ 1 10],34,37,49,3,37
1,<environment.Job instance at 0x15310ee26e10>,33,17,[1 8],45,54,71,9,54
1,<environment.Job instance at 0x1530f5b41a50>,43,14,[1 8],57,85,99,28,85
1,<environment.Job instance at 0x1530f10fd730>,20,1,[5 1],28,645,646,617,645
1,<environment.Job instance at 0x1530f1d294b0>,1,14,[2 9],2,2,16,0,2
1,<environment.Job instance at 0x1530f5b69aa0>,4,17,[1 9],8,16,33,8,8
1,<environment.Job instance at 0x1530fa0d4b40>,24,14,[2 7],33,33,47,0,33
1,<environment.Job instance at 0x1530f4606550>,25,12,[ 1 10],36,47,59,11,36
1,<environment.Job instance at 0x1530f5b76050>,30,21,[5 2],44,59,80,15,51
1,<environment.Job instance at 0x1530fbdc4f50>,10,16,[1 5],17,17,33,0,17
1,<environment.Job instance at 0x15314880daa0>,24,12,[2 6],37,64,76,27,64
1,<environment.Job instance at 0x1530f5eefe60>,2,13,[2 9],5,5,18,0,5
1,<environment.Job instance at 0x1530f5bc0780>,23,25,[ 1 10],31,32,57,1,32
1,<environment.Job instance at 0x15310caf28c0>,33,15,[1 8],44,57,72,13,48
1,<environment.Job instance at 0x1530f6def8c0>,38,18,[2 7],55,72,90,17,61
1,<environment.Job instance at 0x1530f261d050>,14,17,[1 9],18,1002,1019,984,1002
1,<environment.Job instance at 0x1530f10f6be0>,13,3,[2 9],17,2810,2813,2793,2810
1,<environment.Job instance at 0x1530f12d55f0>,0,17,[2 7],3,3,20,0,3
1,<environment.Job instance at 0x1530f4af3b90>,7,16,[1 8],13,20,36,7,13
1,<environment.Job instance at 0x15310c8340a0>,39,12,[ 1 10],58,85,97,27,85
1,<environment.Job instance at 0x1530f4af3500>,12,2,[8 2],21,692,694,671,692
1,<environment.Job instance at 0x15310edb1e60>,0,17,[1 8],1,1,18,0,1
1,<environment.Job instance at 0x1530f1572cd0>,19,1,[9 2],26,253,254,227,253
1,<environment.Job instance at 0x15310c811e60>,1,20,[1 9],2,2,22,0,2
1,<environment.Job instance at 0x1530f475feb0>,11,17,[5 1],24,24,41,0,24
1,<environment.Job instance at 0x1530f49a6a50>,14,16,[2 6],31,31,47,0,31
1,<environment.Job instance at 0x1530f5a19e10>,17,13,[1 8],35,47,60,12,35
1,<environment.Job instance at 0x1530f499a780>,27,13,[1 7],54,98,111,44,98
1,<environment.Job instance at 0x1530f499a640>,25,2,[10  2],51,681,683,630,681
1,<environment.Job instance at 0x1530f5b22eb0>,0,13,[6 1],1,1,14,0,1
1,<environment.Job instance at 0x1530f1a2eaf0>,4,14,[1 6],8,8,22,0,8
1,<environment.Job instance at 0x1530f1661230>,16,15,[2 6],23,23,38,0,23
1,<environment.Job instance at 0x15310e513cd0>,44,16,[1 8],59,74,90,15,74
1,<environment.Job instance at 0x1530f126af00>,1,18,[6 2],3,3,21,0,3
1,<environment.Job instance at 0x1530f495eb90>,2,14,[1 9],4,21,35,17,6
1,<environment.Job instance at 0x1530f1371dc0>,12,16,[2 9],20,35,51,15,23
1,<environment.Job instance at 0x1530fb754370>,18,15,[2 9],27,51,66,24,37
1,<environment.Job instance at 0x1530f25574b0>,27,18,[2 5],39,66,84,27,66
1,<environment.Job instance at 0x1530f5efdc30>,29,17,[2 8],45,84,101,39,72
1,<environment.Job instance at 0x1530f17947d0>,35,18,[7 2],53,85,103,32,85
1,<environment.Job instance at 0x1530fb7431e0>,37,13,[1 8],57,101,114,44,86
1,<environment.Job instance at 0x1530f12cb960>,14,2,[1 6],22,538,540,516,538
1,<environment.Job instance at 0x15310ede5910>,3,15,[7 1],7,7,22,0,7
1,<environment.Job instance at 0x1530f867e820>,16,16,[6 2],30,30,46,0,30
1,<environment.Job instance at 0x1530f26a7190>,22,15,[5 2],38,46,61,8,38
1,<environment.Job instance at 0x1530f13b21e0>,23,17,[ 2 10],39,61,78,22,49
1,<environment.Job instance at 0x1530f1d309b0>,33,15,[ 1 10],56,78,93,22,64
1,<environment.Job instance at 0x1530f1d30870>,34,14,[2 6],58,93,107,35,78
1,<environment.Job instance at 0x1530f1c236e0>,24,3,[10  2],40,107,110,67,97
1,<environment.Job instance at 0x1530f1d065a0>,27,3,[ 2 10],44,412,415,368,412
1,<environment.Job instance at 0x1530f1cfa0f0>,2,15,[9 2],6,6,21,0,6
1,<environment.Job instance at 0x1530f1ba9fa0>,7,18,[1 8],12,12,30,0,12
1,<environment.Job instance at 0x15310ed9ff00>,18,14,[1 7],28,30,44,2,29
1,<environment.Job instance at 0x1530f18f9280>,26,15,[2 8],37,44,59,7,37
1,<environment.Job instance at 0x1530f19f1dc0>,41,15,[1 9],59,59,74,0,59
1,<environment.Job instance at 0x1530f2690dc0>,23,3,[1 9],34,1292,1295,1258,1292
1,<environment.Job instance at 0x1530f2690dc0>,2,18,[8 1],8,8,26,0,8
1,<environment.Job instance at 0x1530f2584190>,8,13,[1 7],17,17,30,0,17
1,<environment.Job instance at 0x1530f47e60a0>,9,15,[5 1],20,26,41,6,20
1,<environment.Job instance at 0x1530f1be59b0>,12,14,[5 1],26,30,44,4,26
1,<environment.Job instance at 0x15310ede9960>,25,14,[ 1 10],43,44,58,1,43
1,<environment.Job instance at 0x1530f5aa30f0>,0,14,[5 2],3,3,17,0,3
1,<environment.Job instance at 0x1530f26df780>,1,12,[2 6],4,4,16,0,4
1,<environment.Job instance at 0x1530f19a41e0>,11,16,[1 8],21,21,37,0,21
1,<environment.Job instance at 0x15310cab5c80>,0,16,[2 5],1,1,17,0,1
1,<environment.Job instance at 0x1530f4909a50>,3,14,[2 7],4,17,31,13,4
1,<environment.Job instance at 0x1530f4909eb0>,5,17,[2 9],6,31,48,25,19
1,<environment.Job instance at 0x15310cbf4e10>,14,14,[ 2 10],18,48,62,30,34
1,<environment.Job instance at 0x15310cbf4c30>,21,18,[2 8],27,62,80,35,51
1,<environment.Job instance at 0x1530f4659aa0>,25,14,[1 8],33,80,94,47,66
1,<environment.Job instance at 0x15310ee26aa0>,31,12,[2 7],41,94,106,53,77
1,<environment.Job instance at 0x1530f4909370>,8,1,[8 2],11,383,384,372,383
1,<environment.Job instance at 0x1530f496bdc0>,9,17,[2 6],14,14,31,0,14
1,<environment.Job instance at 0x15310caf7690>,28,16,[2 8],36,37,53,1,37
1,<environment.Job instance at 0x1530f165f460>,37,15,[1 7],50,54,69,4,54
1,<environment.Job instance at 0x1530f11c0320>,12,18,[ 1 10],24,24,42,0,24
1,<environment.Job instance at 0x1530f138bc30>,19,18,[2 9],34,42,60,8,34
1,<environment.Job instance at 0x1530f1ca6b40>,28,18,[ 2 10],44,60,78,16,50
1,<environment.Job instance at 0x1530f1ca6e60>,31,3,[7 2],48,578,581,530,578
1,<environment.Job instance at 0x1530f1ba5cd0>,20,18,[6 2],28,28,46,0,28
1,<environment.Job instance at 0x1530f1ba5370>,22,18,[ 2 10],31,46,64,15,35
1,<environment.Job instance at 0x1530f1ba5a50>,24,14,[7 1],37,64,78,27,49
1,<environment.Job instance at 0x1530f49c1280>,9,2,[9 1],13,126,128,113,126
1,<environment.Job instance at 0x1530f49c1370>,12,14,[1 5],19,261,275,242,261
1,<environment.Job instance at 0x1530f49c1550>,11,2,[6 1],17,262,264,245,262
1,<environment.Job instance at 0x1530f6e0ec80>,3,14,[1 8],5,5,19,0,5
1,<environment.Job instance at 0x1530f11b1a50>,4,16,[1 5],6,19,35,13,6
1,<environment.Job instance at 0x15310caf0640>,11,17,[7 2],15,15,32,0,15
1,<environment.Job instance at 0x15310c1715f0>,28,21,[1 7],38,40,61,2,40
1,<environment.Job instance at 0x15310c171500>,29,18,[1 7],39,61,79,22,50
1,<environment.Job instance at 0x1530f1c05280>,32,17,[2 8],43,79,96,36,67
1,<environment.Job instance at 0x1530f489ea00>,6,17,[2 9],8,8,25,0,8
1,<environment.Job instance at 0x1530f11c2f50>,3,13,[8 2],4,4,17,0,4
1,<environment.Job instance at 0x1530f49ed460>,37,15,[ 1 10],52,52,67,0,52
1,<environment.Job instance at 0x1530f18f0a50>,19,2,[1 6],23,491,493,468,491
1,<environment.Job instance at 0x15310c0e4690>,0,18,[2 8],2,2,20,0,2
1,<environment.Job instance at 0x1530f5ef2820>,9,17,[7 1],15,15,32,0,15
1,<environment.Job instance at 0x1530f48ad0f0>,15,16,[2 7],22,22,38,0,22
1,<environment.Job instance at 0x1530f1216af0>,20,13,[7 2],30,32,45,2,31
1,<environment.Job instance at 0x1530f1216be0>,22,17,[ 1 10],32,45,62,13,33
1,<environment.Job instance at 0x1530f1bdb1e0>,30,14,[5 2],44,62,76,18,47
1,<environment.Job instance at 0x1530f1bdbd70>,28,17,[2 6],42,854,871,812,854
1,<environment.Job instance at 0x1530f1bdb0f0>,29,19,[8 2],43,1701,1720,1658,1701
1,<environment.Job instance at 0x1530f465d820>,3,15,[6 2],5,5,20,0,5
1,<environment.Job instance at 0x15310cb75f00>,13,14,[6 1],19,20,34,1,19
1,<environment.Job instance at 0x15310cb75b40>,17,13,[2 8],25,25,38,0,25
1,<environment.Job instance at 0x15310e4fb410>,18,18,[1 7],27,38,56,11,27
1,<environment.Job instance at 0x1530f1b19190>,39,16,[2 5],52,190,206,138,190
1,<environment.Job instance at 0x1530f1b19b90>,34,2,[9 1],45,206,208,161,206
1,<environment.Job instance at 0x1530f1b19730>,35,12,[1 7],47,421,433,374,421
1,<environment.Job instance at 0x1530f1877870>,2,16,[2 7],3,3,19,0,3
1,<environment.Job instance at 0x1530f5f263c0>,30,15,[6 1],49,282,297,233,282
1,<environment.Job instance at 0x1530f5f26370>,7,1,[7 1],10,323,324,313,323
1,<environment.Job instance at 0x1530f5f26a50>,1,14,[8 2],3,3,17,0,3
1,<environment.Job instance at 0x1530f496daf0>,8,17,[2 9],14,17,34,3,14
1,<environment.Job instance at 0x1530f49d1f00>,10,16,[6 1],16,17,33,1,16
1,<environment.Job instance at 0x1530f12f76e0>,31,15,[1 9],43,76,91,33,76
1,<environment.Job instance at 0x1530f16d8b40>,16,3,[1 7],23,323,326,300,323
1,<environment.Job instance at 0x1530f468b550>,4,17,[2 6],7,7,24,0,7
1,<environment.Job instance at 0x1530f468b1e0>,6,13,[6 2],11,11,24,0,11
1,<environment.Job instance at 0x1530f4ac2f00>,25,22,[5 2],33,34,56,1,34
1,<environment.Job instance at 0x1530f14c0a50>,21,14,[1 8],33,33,47,0,33
1,<environment.Job instance at 0x1530f48023c0>,38,14,[5 1],53,55,69,2,55
1,<environment.Job instance at 0x1530f1c6ceb0>,4,2,[7 2],9,1547,1549,1538,1547
1,<environment.Job instance at 0x1530f1c6cd70>,5,2,[9 1],10,1698,1700,1688,1698
1,<environment.Job instance at 0x1530f6de01e0>,4,20,[2 9],12,12,32,0,12
1,<environment.Job instance at 0x15310e730aa0>,19,12,[2 9],33,33,45,0,33
1,<environment.Job instance at 0x1530f48b0a00>,28,17,[1 7],42,45,62,3,42
1,<environment.Job instance at 0x15310e730e60>,15,15,[9 2],28,429,444,401,429
1,<environment.Job instance at 0x1530f4ae5910>,14,1,[9 2],27,444,445,417,430
1,<environment.Job instance at 0x15310c07bf50>,5,2,[7 2],9,20,22,11,20
1,<environment.Job instance at 0x1530f48a5320>,19,16,[2 7],29,29,45,0,29
1,<environment.Job instance at 0x1530f14f2370>,33,16,[ 1 10],52,55,71,3,55
1,<environment.Job instance at 0x1530f14f2c30>,27,12,[5 2],41,449,461,408,449
1,<environment.Job instance at 0x1530f189eb40>,0,12,[1 5],1,1,13,0,1
1,<environment.Job instance at 0x1530f1de2280>,1,20,[1 5],2,2,22,0,2
1,<environment.Job instance at 0x15310c06dc30>,4,13,[ 1 10],5,22,35,17,6
1,<environment.Job instance at 0x1530f152c370>,20,17,[8 2],24,35,52,11,28
1,<environment.Job instance at 0x15310cb88a50>,22,17,[2 8],26,35,52,9,29
1,<environment.Job instance at 0x1530f5ee6910>,23,22,[ 1 10],29,52,74,23,45
1,<environment.Job instance at 0x1530f1479370>,36,12,[ 2 10],45,74,86,29,57
1,<environment.Job instance at 0x1530f5bbefa0>,22,13,[1 6],33,39,52,6,39
1,<environment.Job instance at 0x1530f26c81e0>,34,27,[1 7],50,63,90,13,63
1,<environment.Job instance at 0x1530f4873e10>,18,3,[1 5],28,540,543,512,540
1,<environment.Job instance at 0x1530f19ecdc0>,0,16,[1 8],1,1,17,0,1
1,<environment.Job instance at 0x1530f19ec820>,9,15,[2 8],15,17,32,2,15
1,<environment.Job instance at 0x1530f59eb320>,18,16,[5 2],27,54,70,27,54
1,<environment.Job instance at 0x1530fa0e5780>,34,18,[7 2],52,130,148,78,130
1,<environment.Job instance at 0x1530fa0e5a50>,38,20,[1 8],58,130,150,72,130
1,<environment.Job instance at 0x1530f19ecc80>,12,3,[8 1],20,759,762,739,759
1,<environment.Job instance at 0x1530f19ece10>,11,1,[1 5],19,771,772,752,771
1,<environment.Job instance at 0x15310cc1c5f0>,2,17,[7 1],4,4,21,0,4
1,<environment.Job instance at 0x1530f18c2370>,14,15,[2 5],19,19,34,0,19
1,<environment.Job instance at 0x1530f1b2ecd0>,19,13,[ 2 10],24,34,47,10,24
1,<environment.Job instance at 0x1530f1b06500>,32,15,[ 2 10],44,47,62,3,44
1,<environment.Job instance at 0x1530f13e7f00>,1,18,[2 5],2,2,20,0,2
1,<environment.Job instance at 0x1530f26e2c80>,2,18,[6 1],4,4,22,0,4
1,<environment.Job instance at 0x1530f46c8f50>,5,16,[5 1],9,22,38,13,9
1,<environment.Job instance at 0x1530f489ea00>,25,16,[2 5],39,39,55,0,39
1,<environment.Job instance at 0x1530f489e500>,28,15,[2 9],43,55,70,12,43
1,<environment.Job instance at 0x15310cb5a820>,39,12,[ 2 10],55,70,82,15,55
1,<environment.Job instance at 0x15310ca49960>,3,17,[6 1],4,4,21,0,4
1,<environment.Job instance at 0x15310ee67fa0>,9,13,[7 1],16,16,29,0,16
1,<environment.Job instance at 0x1530f1a06e60>,21,12,[ 1 10],34,34,46,0,34
1,<environment.Job instance at 0x1530f1a92320>,25,17,[1 8],40,46,63,6,45
1,<environment.Job instance at 0x15310e762320>,34,18,[2 9],50,65,83,15,65
1,<environment.Job instance at 0x15310e7625f0>,38,17,[7 1],54,70,87,16,70
1,<environment.Job instance at 0x15310e762af0>,40,17,[8 2],56,87,104,31,80
1,<environment.Job instance at 0x15310edb2c80>,28,15,[1 5],43,1093,1108,1050,1093
1,<environment.Job instance at 0x15310edb2870>,27,2,[7 2],42,1403,1405,1361,1403
1,<environment.Job instance at 0x15310cc0cdc0>,2,16,[2 9],4,4,20,0,4
1,<environment.Job instance at 0x1530fa0c5aa0>,11,20,[1 9],18,20,40,2,18
1,<environment.Job instance at 0x1530f4933be0>,22,15,[2 9],32,40,55,8,36
1,<environment.Job instance at 0x1530f4893af0>,32,16,[2 8],49,55,71,6,51
1,<environment.Job instance at 0x1531441c46e0>,1,23,[ 1 10],2,2,25,0,2
1,<environment.Job instance at 0x1530f8689320>,5,18,[1 9],7,25,43,18,14
1,<environment.Job instance at 0x1530f1d608c0>,19,16,[5 2],29,43,59,14,42
1,<environment.Job instance at 0x1530f26f4230>,29,13,[2 5],43,48,61,5,48
1,<environment.Job instance at 0x1530f1c069b0>,9,2,[8 1],13,290,292,277,290
1,<environment.Job instance at 0x1530f59d8af0>,8,1,[9 2],12,369,370,357,369
1,<environment.Job instance at 0x1530f86626e0>,1,13,[6 1],2,2,15,0,2
1,<environment.Job instance at 0x1530f59d8af0>,3,18,[10  1],5,15,33,10,5
1,<environment.Job instance at 0x1530f5a66230>,14,17,[1 6],28,33,50,5,28
1,<environment.Job instance at 0x1530f499bcd0>,25,16,[2 8],48,50,66,2,48
1,<environment.Job instance at 0x1530f1c3caf0>,9,2,[8 2],19,1182,1184,1163,1182
1,<environment.Job instance at 0x1530fa0e5730>,1,14,[8 2],2,2,16,0,2
1,<environment.Job instance at 0x1530f868d6e0>,4,16,[1 7],5,5,21,0,5
1,<environment.Job instance at 0x1530f19ae640>,15,13,[9 2],24,2714,2727,2690,2714
1,<environment.Job instance at 0x15310c1daf50>,2,16,[ 1 10],5,5,21,0,5
1,<environment.Job instance at 0x1530f8689cd0>,5,21,[ 2 10],12,21,42,9,13
1,<environment.Job instance at 0x15310cc5c780>,25,15,[2 6],44,70,85,26,70
1,<environment.Job instance at 0x1530f8689820>,14,3,[6 1],22,371,374,349,371
1,<environment.Job instance at 0x1530f1295c30>,3,13,[6 2],5,5,18,0,5
1,<environment.Job instance at 0x1530f1295e10>,6,18,[ 1 10],9,18,36,9,9
1,<environment.Job instance at 0x1530f13d7370>,17,17,[7 2],23,36,53,13,25
1,<environment.Job instance at 0x15310edad460>,22,13,[2 8],28,36,49,8,28
1,<environment.Job instance at 0x1530f13c6870>,32,13,[1 8],41,49,62,8,42
1,<environment.Job instance at 0x1530f5e8f730>,19,2,[1 9],25,423,425,398,423
1,<environment.Job instance at 0x1530f1d1a550>,9,19,[10  1],15,650,669,635,650
1,<environment.Job instance at 0x1530f1112e10>,1,13,[2 7],2,2,15,0,2
1,<environment.Job instance at 0x15310c166730>,11,18,[2 5],13,15,33,2,13
1,<environment.Job instance at 0x1530f13770a0>,15,14,[5 2],20,20,34,0,20
1,<environment.Job instance at 0x15310c1e0190>,26,18,[2 6],36,36,54,0,36
1,<environment.Job instance at 0x15310c1e0730>,29,13,[ 1 10],40,54,67,14,40
1,<environment.Job instance at 0x1530f13de230>,41,18,[5 2],55,67,85,12,65
1,<environment.Job instance at 0x1530fb748b90>,37,3,[2 9],51,133,136,82,133
1,<environment.Job instance at 0x1530fb748dc0>,38,1,[2 7],52,505,506,453,505
1,<environment.Job instance at 0x15310e4f80a0>,9,18,[1 7],12,12,30,0,12
1,<environment.Job instance at 0x1530f5b37050>,17,17,[1 5],23,30,47,7,23
1,<environment.Job instance at 0x1530f5b37e60>,18,18,[6 2],24,25,43,1,25
1,<environment.Job instance at 0x15310cc210a0>,25,17,[5 2],36,43,60,7,42
1,<environment.Job instance at 0x1530fbd7d140>,34,17,[ 1 10],52,60,77,8,52
1,<environment.Job instance at 0x1530fa0fb4b0>,19,1,[5 1],25,551,552,526,551
1,<environment.Job instance at 0x1530f47df550>,2,14,[2 6],3,3,17,0,3
1,<environment.Job instance at 0x1530f11210a0>,14,17,[6 1],21,21,38,0,21
1,<environment.Job instance at 0x1530f3b83a50>,16,12,[7 1],23,38,50,15,29
1,<environment.Job instance at 0x1530f1433140>,20,17,[1 7],27,29,46,2,29
1,<environment.Job instance at 0x15310c14dcd0>,28,12,[ 2 10],39,50,62,11,39
1,<environment.Job instance at 0x1530f1a4beb0>,7,3,[1 7],9,62,65,53,54
1,<environment.Job instance at 0x1530f31576e0>,11,28,[1 9],21,23,51,2,23
1,<environment.Job instance at 0x1530f1b87500>,24,13,[1 9],35,51,64,16,47
1,<environment.Job instance at 0x1530f121f780>,1,12,[1 7],3,3,15,0,3
1,<environment.Job instance at 0x1530f5af99b0>,13,16,[7 2],18,18,34,0,18
1,<environment.Job instance at 0x1530f18e7870>,29,14,[ 1 10],42,43,57,1,43
1,<environment.Job instance at 0x1530f18e72d0>,23,27,[ 1 10],31,403,430,372,403
1,<environment.Job instance at 0x15310ca61050>,5,12,[2 7],9,9,21,0,9
1,<environment.Job instance at 0x15310ca61690>,8,2,[ 1 10],12,21,23,9,13
1,<environment.Job instance at 0x1530f5b0a640>,23,25,[2 8],32,32,57,0,32
1,<environment.Job instance at 0x1530f15ee910>,42,15,[ 1 10],59,65,80,6,65
1,<environment.Job instance at 0x1530f5b0a280>,27,17,[1 8],38,1143,1160,1105,1143
1,<environment.Job instance at 0x14b9573290a0>,0,12,[2 5],1,2,14,1,2
1,<environment.Job instance at 0x14b9573298c0>,1,3,[1 9],2,14,17,12,2
1,<environment.Job instance at 0x14b957329730>,3,1,[6 2],4,4,5,0,4
1,<environment.Job instance at 0x14b955f9f230>,7,1,[2 6],8,17,18,9,8
1,<environment.Job instance at 0x14b955f9fcd0>,5,3,[9 2],6,18,21,12,9
1,<environment.Job instance at 0x14b95604bd20>,0,2,[6 1],1,1,3,0,1
1,<environment.Job instance at 0x14b94fbd4f00>,6,16,[10  2],9,9,25,0,9
1,<environment.Job instance at 0x14b95681d460>,0,12,[2 5],1,1,13,0,1
1,<environment.Job instance at 0x14b9568791e0>,1,3,[1 9],2,13,16,11,2
1,<environment.Job instance at 0x14b952b94c30>,5,3,[9 2],6,16,19,10,7
1,<environment.Job instance at 0x14b952b946e0>,6,18,[8 1],7,19,37,12,15
1,<environment.Job instance at 0x14b952c82460>,0,2,[6 1],1,1,3,0,1
1,<environment.Job instance at 0x14b952cba910>,1,13,[2 8],2,2,15,0,2
1,<environment.Job instance at 0x14b95180b8c0>,0,1,[2 5],1,1,2,0,1
1,<environment.Job instance at 0x14b95180b230>,1,17,[6 1],3,3,20,0,3
1,<environment.Job instance at 0x14b951a338c0>,1,12,[ 1 10],2,5,17,3,5
1,<environment.Job instance at 0x14b9544c82d0>,5,2,[2 7],7,17,19,10,12
1,<environment.Job instance at 0x14b9514c5e10>,0,12,[2 5],1,1,13,0,1
1,<environment.Job instance at 0x14b951bafd70>,1,3,[1 9],2,13,16,11,5
1,<environment.Job instance at 0x14b951cc6460>,0,2,[6 1],1,1,3,0,1
1,<environment.Job instance at 0x14b952edf5f0>,0,1,[2 5],1,1,2,0,1
1,<environment.Job instance at 0x14b950af5370>,1,17,[6 1],3,3,20,0,3
1,<environment.Job instance at 0x14b95471b2d0>,2,1,[2 7],3,4,5,1,4
1,<environment.Job instance at 0x14b9549de4b0>,0,12,[2 5],1,1,13,0,1
1,<environment.Job instance at 0x14b954951870>,6,18,[8 1],7,7,25,0,7
1,<environment.Job instance at 0x14b9525bd870>,2,3,[1 8],3,4,7,1,4
1,<environment.Job instance at 0x14b94f059730>,4,2,[8 1],7,7,9,0,7
1,<environment.Job instance at 0x14b94f059320>,5,2,[ 1 10],8,21,23,13,21
1,<environment.Job instance at 0x14b953b7c2d0>,1,17,[6 1],3,3,20,0,3
1,<environment.Job instance at 0x14b952265dc0>,5,3,[6 1],9,20,23,11,9
1,<environment.Job instance at 0x14b955da8280>,3,1,[2 7],5,6,7,1,6
1,<environment.Job instance at 0x14b954933140>,0,3,[9 2],1,3,6,2,3
1,<environment.Job instance at 0x14b94ba804b0>,0,12,[2 5],1,1,13,0,1
1,<environment.Job instance at 0x14b94ba80370>,2,1,[2 5],3,5,6,2,5
1,<environment.Job instance at 0x14b94ba803c0>,6,18,[8 1],7,7,25,0,7
1,<environment.Job instance at 0x14b9528f72d0>,8,13,[6 1],9,25,38,16,9
1,<environment.Job instance at 0x14b94bb17c80>,0,2,[6 1],1,1,3,0,1
1,<environment.Job instance at 0x14b955dcbd70>,1,13,[2 8],2,2,15,0,2
1,<environment.Job instance at 0x14b957239b40>,0,1,[2 5],1,1,2,0,1
1,<environment.Job instance at 0x14b955dcb140>,1,17,[6 1],3,3,20,0,3
1,<environment.Job instance at 0x14b9539f7640>,6,16,[10  2],9,9,25,0,9
1,<environment.Job instance at 0x14b9514fcb40>,0,12,[2 5],1,1,13,0,1
1,<environment.Job instance at 0x14b95637caf0>,6,18,[8 1],7,7,25,0,7
1,<environment.Job instance at 0x14b94f215c80>,0,1,[2 5],1,3,4,2,3
1,<environment.Job instance at 0x14b94ba659b0>,3,3,[6 2],6,6,9,0,6
1,<environment.Job instance at 0x14b9514fcbe0>,1,12,[ 1 10],2,2,14,0,2
1,<environment.Job instance at 0x14b94f03ffa0>,6,16,[10  2],9,14,30,5,9
1,<environment.Job instance at 0x14b952b96c30>,0,3,[9 2],1,1,4,0,1
1,<environment.Job instance at 0x14b94c4b0a50>,1,3,[2 9],2,4,7,2,2
1,<environment.Job instance at 0x14b94c0a4280>,0,12,[2 5],1,1,13,0,1
1,<environment.Job instance at 0x14b9532dae60>,6,18,[8 1],7,7,25,0,7
1,<environment.Job instance at 0x14b9532daaa0>,8,13,[6 1],9,25,38,16,16
1,<environment.Job instance at 0x14b9522bfc80>,3,3,[1 8],4,4,7,0,4
1,<environment.Job instance at 0x14b95496fc30>,1,17,[6 1],3,3,20,0,3
1,<environment.Job instance at 0x14b954dc8140>,6,16,[10  2],9,9,25,0,9
1,<environment.Job instance at 0x14b95572f500>,0,3,[9 2],1,1,4,0,1
1,<environment.Job instance at 0x14b9500f7190>,0,12,[2 5],1,1,13,0,1
1,<environment.Job instance at 0x14b94fb2a730>,6,18,[8 1],7,7,25,0,7
1,<environment.Job instance at 0x14b94fb2a5a0>,4,2,[7 2],5,25,27,20,12
1,<environment.Job instance at 0x14b94f1731e0>,4,2,[8 1],7,7,9,0,7
1,<environment.Job instance at 0x14b95279b910>,1,17,[6 1],3,3,20,0,3
1,<environment.Job instance at 0x14b94f2e6910>,0,2,[8 1],1,1,3,0,1
1,<environment.Job instance at 0x14b953f80b40>,1,12,[ 1 10],2,3,15,1,2
1,<environment.Job instance at 0x14b953f80780>,3,1,[2 7],5,15,16,10,5
1,<environment.Job instance at 0x14b9540c7870>,5,2,[2 7],7,16,18,9,8
1,<environment.Job instance at 0x14b9540c7190>,6,16,[10  2],9,18,34,9,9
1,<environment.Job instance at 0x14b9519517d0>,4,2,[1 8],5,5,7,0,5
1,<environment.Job instance at 0x14b95022fdc0>,5,3,[10  2],8,8,11,0,8
1,<environment.Job instance at 0x14b95618cc30>,0,12,[2 5],1,1,13,0,1
1,<environment.Job instance at 0x14b94ecb4190>,6,18,[8 1],7,8,26,1,8
1,<environment.Job instance at 0x14b94ecb4b40>,8,13,[6 1],9,26,39,17,24
1,<environment.Job instance at 0x14b9547a6370>,3,1,[2 7],5,5,6,0,5
1,<environment.Job instance at 0x14b9547a6e60>,5,2,[2 7],7,8,10,1,8
1,<environment.Job instance at 0x14b9547a6cd0>,6,16,[10  2],9,10,26,1,9
1,<environment.Job instance at 0x14b953132a00>,1,3,[2 9],2,3,6,1,3
1,<environment.Job instance at 0x14b95066d9b0>,0,12,[2 5],1,1,13,0,1
1,<environment.Job instance at 0x14b94eceb550>,6,18,[8 1],7,7,25,0,7
1,<environment.Job instance at 0x14b9546deb90>,8,13,[6 1],9,25,38,16,11
1,<environment.Job instance at 0x14b94ebf47d0>,0,2,[6 1],1,1,3,0,1
1,<environment.Job instance at 0x14b95066daa0>,1,13,[2 8],2,2,15,0,2
1,<environment.Job instance at 0x14b951070820>,0,1,[2 5],1,1,2,0,1
1,<environment.Job instance at 0x14b95506a5f0>,1,17,[6 1],3,3,20,0,3
1,<environment.Job instance at 0x14b9503d32d0>,1,12,[ 1 10],2,2,14,0,2
1,<environment.Job instance at 0x14b95374faf0>,4,2,[2 7],6,14,16,8,6
1,<environment.Job instance at 0x14b95374f230>,6,16,[10  2],9,16,32,7,9
1,<environment.Job instance at 0x14b94be18af0>,1,3,[2 9],2,2,5,0,2
1,<environment.Job instance at 0x14b9524866e0>,5,3,[10  2],8,8,11,0,8
1,<environment.Job instance at 0x14b956b12870>,0,12,[2 5],1,1,13,0,1
1,<environment.Job instance at 0x14b95126e7d0>,6,18,[8 1],7,7,25,0,7
1,<environment.Job instance at 0x14b95126e690>,8,13,[6 1],9,25,38,16,16
1,<environment.Job instance at 0x14b95857ce10>,2,3,[1 8],3,3,6,0,3
1,<environment.Job instance at 0x14b9518a1460>,3,3,[1 8],4,6,9,2,4
1,<environment.Job instance at 0x14b958aa8140>,5,2,[ 1 10],8,9,11,1,8
1,<environment.Job instance at 0x14b94de6e730>,0,1,[2 5],1,1,2,0,1
1,<environment.Job instance at 0x14b94dbceaf0>,1,17,[6 1],3,3,20,0,3
1,<environment.Job instance at 0x14b9504175a0>,1,12,[ 1 10],2,2,14,0,2
1,<environment.Job instance at 0x14b9505abd20>,6,16,[10  2],9,14,30,5,9
1,<environment.Job instance at 0x14b953bb6e10>,1,3,[2 9],2,2,5,0,2
1,<environment.Job instance at 0x14b94f394140>,0,12,[2 5],1,1,13,0,1
1,<environment.Job instance at 0x14b953b6fd70>,6,18,[8 1],7,7,25,0,7
1,<environment.Job instance at 0x14b95132c8c0>,4,2,[8 1],7,8,10,1,8
1,<environment.Job instance at 0x14b957a44cd0>,1,17,[6 1],3,3,20,0,3
1,<environment.Job instance at 0x14b954538b90>,3,3,[6 2],6,20,23,14,6
1,<environment.Job instance at 0x14b94f32c7d0>,6,16,[10  2],9,9,25,0,9
1,<environment.Job instance at 0x14b953df9460>,1,3,[2 9],2,2,5,0,2
1,<environment.Job instance at 0x14b954ca8730>,0,12,[2 5],1,1,13,0,1
1,<environment.Job instance at 0x14b94f654e10>,6,18,[8 1],7,7,25,0,7
1,<environment.Job instance at 0x14b94f654550>,8,13,[6 1],9,25,38,16,16
1,<environment.Job instance at 0x14b94fc57cd0>,3,3,[1 8],4,4,7,0,4
1,<environment.Job instance at 0x14b94fc57d20>,5,2,[ 1 10],8,8,10,0,8
1,<environment.Job instance at 0x14b953094f50>,1,12,[ 1 10],2,2,14,0,2
1,<environment.Job instance at 0x14b953094140>,6,16,[10  2],9,14,30,5,9
1,<environment.Job instance at 0x14b953f71550>,0,12,[2 5],1,1,13,0,1
1,<environment.Job instance at 0x14b953f71190>,6,18,[8 1],7,7,25,0,7
1,<environment.Job instance at 0x14b94e69e690>,8,13,[6 1],9,25,38,16,19
1,<environment.Job instance at 0x14b94fe70280>,0,2,[6 1],1,2,4,1,2
1,<environment.Job instance at 0x14b94daf1190>,2,3,[1 8],3,3,6,0,3
1,<environment.Job instance at 0x14b94defb0f0>,3,3,[1 8],4,6,9,2,4
1,<environment.Job instance at 0x14b956b7fe10>,0,1,[2 5],1,1,2,0,1
1,<environment.Job instance at 0x14b95419d280>,1,17,[6 1],3,3,20,0,3
1,<environment.Job instance at 0x14b950959190>,1,12,[ 1 10],2,2,14,0,2
1,<environment.Job instance at 0x14b9545552d0>,6,16,[10  2],9,14,30,5,9
1,<environment.Job instance at 0x14b95041c190>,1,3,[2 9],2,2,5,0,2
1,<environment.Job instance at 0x14b954457aa0>,0,12,[2 5],1,1,13,0,1
1,<environment.Job instance at 0x14b956c05dc0>,6,18,[8 1],7,7,25,0,7
1,<environment.Job instance at 0x14b9540f80f0>,8,13,[6 1],9,25,38,16,21
1,<environment.Job instance at 0x14b955319b40>,4,2,[8 1],7,7,9,0,7
1,<environment.Job instance at 0x14b94fef0e60>,5,2,[ 1 10],8,9,11,1,8
1,<environment.Job instance at 0x14862bf0d0a0>,0,12,[2 5],1,2,14,1,2
1,<environment.Job instance at 0x14862bf0d8c0>,1,3,[1 9],2,14,17,12,2
1,<environment.Job instance at 0x14862bf0d730>,3,1,[6 2],4,4,5,0,4
1,<environment.Job instance at 0x14862ab83a50>,7,1,[2 6],8,17,18,9,8
1,<environment.Job instance at 0x14862ab83d70>,5,3,[9 2],6,18,21,12,9
1,<environment.Job instance at 0x14862acd0e60>,0,2,[6 1],1,1,3,0,1
1,<environment.Job instance at 0x148624a30b40>,6,16,[10  2],9,9,25,0,9
1,<environment.Job instance at 0x14862bef87d0>,0,12,[2 5],1,1,13,0,1
1,<environment.Job instance at 0x14862b4e5960>,1,3,[1 9],2,13,16,11,2
1,<environment.Job instance at 0x1486278166e0>,5,3,[9 2],6,16,19,10,7
1,<environment.Job instance at 0x1486278169b0>,6,18,[8 1],7,19,37,12,15
1,<environment.Job instance at 0x1486278400f0>,0,2,[6 1],1,1,3,0,1
1,<environment.Job instance at 0x1486277a4fa0>,1,13,[2 8],2,2,15,0,2
1,<environment.Job instance at 0x1486263b24b0>,0,1,[2 5],1,1,2,0,1
1,<environment.Job instance at 0x148626520a50>,1,17,[6 1],3,3,20,0,3
1,<environment.Job instance at 0x148627795aa0>,1,12,[ 1 10],2,5,17,3,5
1,<environment.Job instance at 0x14862926fd70>,5,2,[2 7],7,17,19,10,12
1,<environment.Job instance at 0x148627310fa0>,0,12,[2 5],1,1,13,0,1
1,<environment.Job instance at 0x148627310730>,1,3,[1 9],2,13,16,11,6
1,<environment.Job instance at 0x1486275744b0>,7,1,[2 6],8,17,18,9,17
1,<environment.Job instance at 0x148627310c30>,4,2,[7 2],5,25,27,20,25
1,<environment.Job instance at 0x1486271f5460>,0,2,[6 1],1,1,3,0,1
1,<environment.Job instance at 0x148628212910>,0,1,[2 5],1,1,2,0,1
1,<environment.Job instance at 0x148624dafa50>,1,17,[6 1],3,3,20,0,3
1,<environment.Job instance at 0x14862d892280>,4,2,[2 7],6,9,11,3,9
1,<environment.Job instance at 0x1486277e8af0>,2,1,[2 7],3,4,5,1,4
1,<environment.Job instance at 0x14862a914780>,0,12,[2 5],1,1,13,0,1
1,<environment.Job instance at 0x14862bef8730>,5,3,[9 2],6,29,32,23,29
1,<environment.Job instance at 0x14862d8454b0>,0,2,[6 1],1,1,3,0,1
1,<environment.Job instance at 0x148629458780>,5,2,[ 1 10],8,9,11,1,9
1,<environment.Job instance at 0x148624014190>,0,1,[2 5],1,1,2,0,1
1,<environment.Job instance at 0x148624014b90>,2,2,[10  1],5,5,7,0,5
1,<environment.Job instance at 0x148627404640>,3,1,[2 7],5,8,9,3,8
1,<environment.Job instance at 0x14862e22ae60>,0,12,[2 5],1,1,13,0,1
1,<environment.Job instance at 0x1486296d8eb0>,2,1,[2 5],3,5,6,2,5
1,<environment.Job instance at 0x1486263063c0>,3,3,[1 8],4,4,7,0,4
1,<environment.Job instance at 0x1486362fae60>,0,12,[2 5],1,1,13,0,1
1,<environment.Job instance at 0x1486292b1140>,6,18,[8 1],7,8,26,1,8
1,<environment.Job instance at 0x148628711d70>,1,17,[6 1],3,3,20,0,3
1,<environment.Job instance at 0x14862b90faa0>,3,3,[6 2],6,20,23,14,6
1,<environment.Job instance at 0x14862b90f820>,1,12,[ 1 10],2,2,14,0,2
1,<environment.Job instance at 0x148629829be0>,0,12,[2 5],1,1,13,0,1
1,<environment.Job instance at 0x14862b2d81e0>,6,18,[8 1],7,7,25,0,7
1,<environment.Job instance at 0x1486283a7b40>,0,1,[2 5],1,3,4,2,3
1,<environment.Job instance at 0x148628cdc0f0>,6,16,[10  2],9,9,25,0,9
1,<environment.Job instance at 0x14862694fb90>,4,2,[1 8],5,47,49,42,47
1,<environment.Job instance at 0x1486238d1cd0>,1,3,[1 9],2,5,8,3,5
1,<environment.Job instance at 0x148624916190>,6,18,[8 1],7,7,25,0,7
1,<environment.Job instance at 0x1486237ba640>,1,17,[6 1],3,3,20,0,3
1,<environment.Job instance at 0x1486237acb90>,5,3,[6 1],9,20,23,11,15
1,<environment.Job instance at 0x148628204870>,0,2,[8 1],1,1,3,0,1
1,<environment.Job instance at 0x14862e21d320>,2,2,[2 8],4,4,6,0,4
1,<environment.Job instance at 0x148625ca7cd0>,6,16,[10  2],9,9,25,0,9
1,<environment.Job instance at 0x148623c5abe0>,0,12,[2 5],1,1,13,0,1
1,<environment.Job instance at 0x148623c5a7d0>,6,18,[8 1],7,7,25,0,7
1,<environment.Job instance at 0x148629695780>,0,2,[6 1],1,1,3,0,1
1,<environment.Job instance at 0x14861f64daa0>,1,17,[6 1],3,3,20,0,3
1,<environment.Job instance at 0x14861f308730>,6,16,[10  2],9,9,25,0,9
1,<environment.Job instance at 0x14862b145dc0>,0,12,[2 5],1,1,13,0,1
1,<environment.Job instance at 0x14862666d4b0>,3,1,[6 2],4,5,6,1,5
1,<environment.Job instance at 0x14862666d320>,6,18,[8 1],7,7,25,0,7
1,<environment.Job instance at 0x1486294d8f50>,2,3,[1 8],3,3,6,0,3
1,<environment.Job instance at 0x14862c74daa0>,4,2,[8 1],7,7,9,0,7
1,<environment.Job instance at 0x14862a8df140>,5,2,[ 1 10],8,9,11,1,8
1,<environment.Job instance at 0x14862be6a0f0>,6,16,[10  2],9,9,25,0,9
1,<environment.Job instance at 0x14861f23ee10>,0,12,[2 5],1,1,13,0,1
1,<environment.Job instance at 0x14862b26daf0>,8,13,[6 1],9,17,30,8,17
1,<environment.Job instance at 0x14861f23eaa0>,5,3,[9 2],6,30,33,24,22
1,<environment.Job instance at 0x14862809c4b0>,0,2,[6 1],1,1,3,0,1
1,<environment.Job instance at 0x14862b26ddc0>,1,13,[2 8],2,2,15,0,2
1,<environment.Job instance at 0x148627ec3e60>,0,1,[2 5],1,1,2,0,1
1,<environment.Job instance at 0x148627ec39b0>,1,17,[6 1],3,3,20,0,3
1,<environment.Job instance at 0x148627efe280>,2,2,[2 8],4,6,8,2,6
1,<environment.Job instance at 0x14862344c410>,6,16,[10  2],9,9,25,0,9
1,<environment.Job instance at 0x1486278aff50>,1,3,[2 9],2,2,5,0,2
1,<environment.Job instance at 0x1486249c91e0>,0,12,[2 5],1,1,13,0,1
1,<environment.Job instance at 0x148624788f50>,6,18,[8 1],7,7,25,0,7
1,<environment.Job instance at 0x148624788b90>,8,13,[6 1],9,25,38,16,16
1,<environment.Job instance at 0x14862c6d6b40>,0,2,[6 1],1,2,4,1,2
1,<environment.Job instance at 0x14862be75910>,3,3,[1 8],4,4,7,0,4
1,<environment.Job instance at 0x14862ab3faa0>,0,1,[2 5],1,1,2,0,1
1,<environment.Job instance at 0x14862be75870>,1,17,[6 1],3,3,20,0,3
1,<environment.Job instance at 0x14861f018eb0>,3,1,[2 7],5,5,6,0,5
1,<environment.Job instance at 0x148626324410>,6,16,[10  2],9,9,25,0,9
1,<environment.Job instance at 0x148628327190>,0,12,[2 5],1,1,13,0,1
1,<environment.Job instance at 0x1486237a3320>,6,18,[8 1],7,7,25,0,7
1,<environment.Job instance at 0x14862ace52d0>,8,13,[6 1],9,25,38,16,24
1,<environment.Job instance at 0x14862ba43690>,3,3,[1 8],4,4,7,0,4
1,<environment.Job instance at 0x14862a2d63c0>,0,1,[2 5],1,1,2,0,1
1,<environment.Job instance at 0x14862372ae60>,1,17,[6 1],3,3,20,0,3
1,<environment.Job instance at 0x148625d09e60>,2,2,[2 8],4,6,8,2,6
1,<environment.Job instance at 0x1486253e5fa0>,6,16,[10  2],9,9,25,0,9
1,<environment.Job instance at 0x1486269ea370>,5,3,[10  2],8,1684,1687,1676,1684
1,<environment.Job instance at 0x148623692b90>,0,12,[2 5],1,1,13,0,1
1,<environment.Job instance at 0x14862844baa0>,6,18,[8 1],7,7,25,0,7
1,<environment.Job instance at 0x148628e03d70>,8,13,[6 1],9,25,38,16,16
1,<environment.Job instance at 0x148627117410>,0,2,[6 1],1,2,4,1,2
1,<environment.Job instance at 0x148627df9be0>,3,3,[1 8],4,4,7,0,4
1,<environment.Job instance at 0x14862b001140>,0,1,[2 5],1,1,2,0,1
1,<environment.Job instance at 0x148623a3f410>,1,17,[6 1],3,3,20,0,3
1,<environment.Job instance at 0x14862a6668c0>,1,12,[ 1 10],2,2,14,0,2
1,<environment.Job instance at 0x148625e73d20>,3,1,[2 7],5,14,15,9,6
1,<environment.Job instance at 0x148622ea0730>,6,16,[10  2],9,15,31,6,9
1,<environment.Job instance at 0x1486266e8f00>,1,3,[2 9],2,2,5,0,2
1,<environment.Job instance at 0x14862674baa0>,0,12,[2 5],1,1,13,0,1
1,<environment.Job instance at 0x1486237607d0>,6,18,[8 1],7,7,25,0,7
1,<environment.Job instance at 0x148629a657d0>,8,13,[6 1],9,25,38,16,21
1,<environment.Job instance at 0x14862636cdc0>,3,3,[1 8],4,4,7,0,4
1,<environment.Job instance at 0x14862636c460>,0,1,[2 5],1,1,2,0,1
1,<environment.Job instance at 0x14861ff04af0>,1,17,[6 1],3,3,20,0,3
1,<environment.Job instance at 0x14862cf3e4b0>,1,12,[ 1 10],2,2,14,0,2
1,<environment.Job instance at 0x14862953bd70>,3,1,[2 7],5,14,15,9,6
1,<environment.Job instance at 0x14862a090af0>,6,16,[10  2],9,15,31,6,9
1,<environment.Job instance at 0x14862b182050>,1,3,[2 9],2,2,5,0,2
1,<environment.Job instance at 0x148626f8d5a0>,0,12,[2 5],1,1,13,0,1
1,<environment.Job instance at 0x1486240f30a0>,6,18,[8 1],7,8,26,1,8
1,<environment.Job instance at 0x1486247ae2d0>,8,13,[6 1],9,26,39,17,26
1,<environment.Job instance at 0x148629b47230>,3,3,[1 8],4,4,7,0,4
1,<environment.Job instance at 0x148626a56690>,0,1,[2 5],1,1,2,0,1
1,<environment.Job instance at 0x148624f74550>,1,17,[6 1],3,3,20,0,3
1,<environment.Job instance at 0x148627726320>,6,16,[10  2],9,9,25,0,9
1,<environment.Job instance at 0x14862b846c80>,0,12,[2 5],1,1,13,0,1
1,<environment.Job instance at 0x14862b349f50>,6,18,[8 1],7,11,29,4,11
1,<environment.Job instance at 0x148626fe5730>,1,17,[6 1],3,3,20,0,3
1,<environment.Job instance at 0x148625f079b0>,2,2,[10  1],5,20,22,15,5
1,<environment.Job instance at 0x148627223230>,6,16,[10  2],9,9,25,0,9
1,<environment.Job instance at 0x14862660bb90>,0,12,[2 5],1,1,13,0,1
1,<environment.Job instance at 0x148623344d20>,6,18,[8 1],7,7,25,0,7
1,<environment.Job instance at 0x148626ef0640>,8,13,[6 1],9,25,38,16,24
1,<environment.Job instance at 0x14861ecafc30>,3,3,[1 8],4,4,7,0,4
1,<environment.Job instance at 0x14862217d730>,0,1,[2 5],1,1,2,0,1
1,<environment.Job instance at 0x148626301870>,1,17,[6 1],3,3,20,0,3
1,<environment.Job instance at 0x14862b7c0190>,3,1,[2 7],5,5,6,0,5
1,<environment.Job instance at 0x148628130b90>,6,16,[10  2],9,9,25,0,9
1,<environment.Job instance at 0x148625fa9320>,0,12,[2 5],1,1,13,0,1
1,<environment.Job instance at 0x148625fa9f50>,6,18,[8 1],7,8,26,1,8
1,<environment.Job instance at 0x1486227e6550>,8,13,[6 1],9,26,39,17,24
1,<environment.Job instance at 0x148623817410>,1,17,[6 1],3,3,20,0,3
1,<environment.Job instance at 0x14862b3cdf00>,1,12,[ 1 10],2,2,14,0,2
1,<environment.Job instance at 0x148629c80dc0>,6,16,[10  2],9,14,30,5,11
1,<environment.Job instance at 0x148622479730>,1,3,[2 9],2,2,5,0,2
1,<environment.Job instance at 0x14862a473500>,0,12,[2 5],1,1,13,0,1
1,<environment.Job instance at 0x1486222b5050>,6,18,[8 1],7,7,25,0,7
1,<environment.Job instance at 0x14862ba96d20>,8,13,[6 1],9,25,38,16,21
1,<environment.Job instance at 0x1486292f6190>,0,2,[6 1],1,1,3,0,1
1,<environment.Job instance at 0x14862a473dc0>,1,13,[2 8],2,2,15,0,2
1,<environment.Job instance at 0x148628ae8cd0>,0,1,[2 5],1,3,4,2,3
1,<environment.Job instance at 0x1486258e4550>,6,16,[10  2],9,9,25,0,9
1,<environment.Job instance at 0x14862766c320>,1,3,[2 9],2,2,5,0,2
1,<environment.Job instance at 0x148622722c80>,0,12,[2 5],1,1,13,0,1
1,<environment.Job instance at 0x14861f40ffa0>,6,18,[8 1],7,7,25,0,7
1,<environment.Job instance at 0x14862a07fe10>,0,2,[6 1],1,1,3,0,1
1,<environment.Job instance at 0x14861f40ff50>,1,13,[2 8],2,2,15,0,2
1,<environment.Job instance at 0x148622621190>,1,12,[ 1 10],2,2,14,0,2
1,<environment.Job instance at 0x148626aea780>,6,16,[10  2],9,14,30,5,9
1,<environment.Job instance at 0x14862498b6e0>,1,3,[2 9],2,2,5,0,2
1,<environment.Job instance at 0x14862a4739b0>,0,12,[2 5],1,1,13,0,1
1,<environment.Job instance at 0x14862980faf0>,1,3,[1 9],2,13,16,11,2
1,<environment.Job instance at 0x1486215dc780>,6,18,[8 1],7,7,25,0,7
1,<environment.Job instance at 0x1486219a8fa0>,8,13,[6 1],9,25,38,16,19
1,<environment.Job instance at 0x1486276d2aa0>,0,2,[6 1],1,1,3,0,1
1,<environment.Job instance at 0x148629df7050>,1,13,[2 8],2,2,15,0,2
1,<environment.Job instance at 0x1486282ced70>,0,1,[2 5],1,3,4,2,3
1,<environment.Job instance at 0x1486217670a0>,2,2,[10  1],5,5,7,0,5
1,<environment.Job instance at 0x1486223df870>,3,3,[6 2],6,7,10,1,6
1,<environment.Job instance at 0x148622dbe870>,0,2,[8 1],1,1,3,0,1
1,<environment.Job instance at 0x14861ef3a6e0>,1,12,[ 1 10],2,3,15,1,2
1,<environment.Job instance at 0x14862bbc81e0>,6,16,[10  2],9,15,31,6,9
1,<environment.Job instance at 0x1486284f9f00>,0,3,[9 2],1,1,4,0,1
1,<environment.Job instance at 0x148626043640>,1,3,[2 9],2,4,7,2,2
1,<environment.Job instance at 0x148622e67230>,5,3,[10  2],8,2082,2085,2074,2082
1,<environment.Job instance at 0x14862943b460>,0,12,[2 5],1,1,13,0,1
1,<environment.Job instance at 0x14861ee98370>,4,2,[7 2],5,5,7,0,5
1,<environment.Job instance at 0x14862715e050>,6,18,[8 1],7,7,25,0,7
1,<environment.Job instance at 0x14862263d0a0>,8,13,[6 1],9,25,38,16,16
1,<environment.Job instance at 0x1486220bed20>,0,2,[6 1],1,1,3,0,1
1,<environment.Job instance at 0x14862263d1e0>,1,13,[2 8],2,2,15,0,2
1,<environment.Job instance at 0x14861ffe2960>,0,1,[2 5],1,3,4,2,3
1,<environment.Job instance at 0x14861ffe25a0>,2,2,[10  1],5,5,7,0,5
1,<environment.Job instance at 0x14861ffe2f00>,3,3,[6 2],6,7,10,1,6
1,<environment.Job instance at 0x14861f5e7b90>,5,3,[6 1],9,51,54,42,51
1,<environment.Job instance at 0x148626a9afa0>,0,2,[8 1],1,1,3,0,1
1,<environment.Job instance at 0x148626a9a2d0>,1,12,[ 1 10],2,3,15,1,2
1,<environment.Job instance at 0x1486258a1410>,6,16,[10  2],9,15,31,6,9
1,<environment.Job instance at 0x148627c06190>,0,3,[9 2],1,1,4,0,1
1,<environment.Job instance at 0x148623ad8af0>,1,3,[2 9],2,4,7,2,2
