iteration,job object,job ID,job Length,job ressource requirement,job enter time,job start time,job finish time,job waiting time,current time
1,<environment.Job instance at 0x1543d15a7b40>,3,1,[6 2],4,4,5,0,4
1,<environment.Job instance at 0x1543d15a71e0>,4,2,[7 2],5,5,7,0,5
1,<environment.Job instance at 0x1543d15a70f0>,7,1,[2 6],8,8,9,0,8
1,<environment.Job instance at 0x1543d1d4e320>,14,2,[ 1 10],18,18,20,0,18
1,<environment.Job instance at 0x1543d1ceff50>,15,1,[ 1 10],20,20,21,0,20
1,<environment.Job instance at 0x1543d1c80d70>,16,1,[2 5],21,21,22,0,21
1,<environment.Job instance at 0x1543d1d08b90>,20,2,[ 1 13],27,27,29,0,27
1,<environment.Job instance at 0x1543d1cd5c80>,0,1,[8 1],1,1,2,0,1
1,<environment.Job instance at 0x1543d1cd5820>,2,3,[1 6],3,3,6,0,3
1,<environment.Job instance at 0x1543d1cb3aa0>,3,25,[12  2],4,4,29,0,4
1,<environment.Job instance at 0x1543d3d399b0>,4,1,[10  1],6,29,30,23,6
1,<environment.Job instance at 0x1543d3db0e60>,8,2,[2 8],11,11,13,0,11
1,<environment.Job instance at 0x1543d3db0230>,10,1,[2 9],15,15,16,0,15
1,<environment.Job instance at 0x1543d3da48c0>,14,2,[1 7],22,22,24,0,22
1,<environment.Job instance at 0x1543d3da4690>,16,2,[2 5],25,25,27,0,25
1,<environment.Job instance at 0x1543d3db23c0>,19,22,[1 5],30,30,52,0,30
1,<environment.Job instance at 0x1543d3e4a140>,29,1,[13  1],44,50,51,6,50
1,<environment.Job instance at 0x1543d3e4a5f0>,30,3,[1 9],45,52,55,7,52
1,<environment.Job instance at 0x1543d3db2690>,27,3,[2 9],42,60,63,18,60
1,<environment.Job instance at 0x1543d3e60c80>,1,2,[6 2],3,3,5,0,3
1,<environment.Job instance at 0x1543d3ddc910>,4,2,[2 5],8,8,10,0,8
1,<environment.Job instance at 0x1543d3ddc460>,5,2,[ 1 10],9,9,11,0,9
1,<environment.Job instance at 0x1543d5232af0>,11,1,[10  1],17,17,18,0,17
1,<environment.Job instance at 0x1543d5232aa0>,15,2,[2 6],22,22,24,0,22
1,<environment.Job instance at 0x1543d3dd8a00>,16,1,[1 5],23,23,24,0,23
1,<environment.Job instance at 0x1543d5171370>,17,2,[1 9],26,26,28,0,26
1,<environment.Job instance at 0x1543d5171be0>,18,1,[2 7],27,28,29,1,27
1,<environment.Job instance at 0x1543d5171e60>,19,1,[2 5],28,28,29,0,28
1,<environment.Job instance at 0x1543d5171e10>,21,2,[14  1],30,31,33,1,31
1,<environment.Job instance at 0x1543d5231be0>,27,16,[8 1],37,37,53,0,37
1,<environment.Job instance at 0x1543d5231230>,35,18,[1 8],46,54,72,8,54
1,<environment.Job instance at 0x1543d3e39730>,26,13,[ 1 10],36,88,101,52,88
1,<environment.Job instance at 0x1543d5231c30>,30,1,[2 8],41,102,103,61,102
1,<environment.Job instance at 0x1543d5231a50>,31,1,[ 2 10],42,121,122,79,121
1,<environment.Job instance at 0x1543d5231fa0>,32,1,[ 2 14],43,157,158,114,157
1,<environment.Job instance at 0x1543d51a3730>,1,3,[ 2 10],2,813,816,811,813
1,<environment.Job instance at 0x1543d51a3b40>,0,3,[11  2],1,822,825,821,822
1,<environment.Job instance at 0x1543d5231aa0>,6,18,[2 6],8,822,840,814,822
1,<environment.Job instance at 0x1543d5231370>,7,1,[1 6],9,822,823,813,822
1,<environment.Job instance at 0x1543ec632b90>,10,3,[12  1],14,841,844,827,841
1,<environment.Job instance at 0x1543ec6322d0>,11,1,[1 8],16,841,842,825,841
1,<environment.Job instance at 0x1543ec6323c0>,14,2,[1 8],19,842,844,823,841
1,<environment.Job instance at 0x1543e401b140>,16,13,[ 1 14],22,844,857,822,842
1,<environment.Job instance at 0x1543e401ba50>,17,27,[1 8],23,857,884,834,855
1,<environment.Job instance at 0x1543e401b1e0>,19,2,[7 2],25,857,859,832,855
1,<environment.Job instance at 0x1543e401beb0>,25,2,[1 9],38,884,886,846,868
1,<environment.Job instance at 0x1543e401b190>,26,2,[ 2 10],41,886,888,845,868
1,<environment.Job instance at 0x1543e401b0f0>,29,2,[ 2 10],44,888,890,844,873
1,<environment.Job instance at 0x1543e401b690>,32,19,[ 1 10],48,890,909,842,889
1,<environment.Job instance at 0x1543d1c948c0>,0,2,[ 1 10],1,1,3,0,1
1,<environment.Job instance at 0x1543d1046f50>,10,2,[2 5],13,13,15,0,13
1,<environment.Job instance at 0x1543d10460f0>,12,2,[10  1],15,15,17,0,15
1,<environment.Job instance at 0x1543d1046d20>,14,18,[8 1],18,19,37,1,19
1,<environment.Job instance at 0x1543d15cc8c0>,17,17,[7 1],22,22,39,0,22
1,<environment.Job instance at 0x1543d1deb820>,18,1,[2 6],23,37,38,14,23
1,<environment.Job instance at 0x1543d1564910>,21,1,[9 1],31,39,40,8,31
1,<environment.Job instance at 0x1543d1d3e4b0>,24,1,[9 1],35,40,41,5,35
1,<environment.Job instance at 0x1543d1d3ec30>,25,2,[8 1],36,41,43,5,36
1,<environment.Job instance at 0x1543d1d3e320>,26,1,[ 1 10],37,38,39,1,37
1,<environment.Job instance at 0x1543ec668c30>,27,2,[1 5],39,39,41,0,39
1,<environment.Job instance at 0x1543ec668500>,28,3,[1 5],40,40,43,0,40
1,<environment.Job instance at 0x1543ec6689b0>,29,2,[10  2],41,43,45,2,41
1,<environment.Job instance at 0x1543ec668cd0>,31,1,[2 6],46,46,47,0,46
1,<environment.Job instance at 0x1543ec668550>,32,2,[1 6],47,47,49,0,47
1,<environment.Job instance at 0x1543d1cb2500>,33,18,[7 2],49,49,67,0,49
1,<environment.Job instance at 0x1543d1ccfe60>,15,16,[1 6],19,213,229,194,213
1,<environment.Job instance at 0x1543e409b140>,0,1,[2 8],2,2,3,0,2
1,<environment.Job instance at 0x1543e409b0f0>,2,2,[7 2],7,7,9,0,7
1,<environment.Job instance at 0x1543e409bd70>,3,2,[2 5],8,8,10,0,8
1,<environment.Job instance at 0x1543e409b8c0>,6,1,[7 2],13,13,14,0,13
1,<environment.Job instance at 0x1543d41a95a0>,7,2,[5 2],14,14,16,0,14
1,<environment.Job instance at 0x1543e409bfa0>,8,2,[ 2 12],16,16,18,0,16
1,<environment.Job instance at 0x1543d41a9550>,12,13,[ 1 11],21,36,49,15,36
1,<environment.Job instance at 0x1543ec0ba1e0>,19,21,[ 2 13],30,49,70,19,41
1,<environment.Job instance at 0x1543ec0ba370>,20,1,[2 8],31,70,71,39,42
1,<environment.Job instance at 0x1543d41a9cd0>,15,16,[1 7],24,252,268,228,252
1,<environment.Job instance at 0x1543d41a9be0>,14,1,[1 5],23,282,283,259,282
1,<environment.Job instance at 0x1543ec0bae10>,17,3,[ 1 13],26,1275,1278,1249,1275
1,<environment.Job instance at 0x1543e4123aa0>,0,17,[7 1],2,2,19,0,2
1,<environment.Job instance at 0x1543d13aab90>,8,1,[ 2 10],15,15,16,0,15
1,<environment.Job instance at 0x1543d51d6eb0>,10,2,[ 1 10],17,17,19,0,17
1,<environment.Job instance at 0x1543d1d6a230>,12,21,[7 2],20,20,41,0,20
1,<environment.Job instance at 0x1543ec6c7f50>,20,2,[10  1],33,41,43,8,33
1,<environment.Job instance at 0x1543d1d4ee10>,23,2,[2 7],41,41,43,0,41
1,<environment.Job instance at 0x1543ec6c7dc0>,19,20,[8 2],32,43,63,11,41
1,<environment.Job instance at 0x1543d0ae25f0>,2,2,[ 2 10],5,5,7,0,5
1,<environment.Job instance at 0x1543d328bf50>,6,1,[6 2],11,11,12,0,11
1,<environment.Job instance at 0x1543d328b5f0>,2,1,[2 7],4,4,5,0,4
1,<environment.Job instance at 0x1543d51a3a00>,9,2,[9 2],15,15,17,0,15
1,<environment.Job instance at 0x1543d3f8f730>,15,26,[9 1],24,24,50,0,24
1,<environment.Job instance at 0x1543ec03e820>,23,27,[1 7],35,42,69,7,42
1,<environment.Job instance at 0x1543d516eaa0>,29,2,[8 1],46,50,52,4,46
1,<environment.Job instance at 0x1543d50c4aa0>,31,1,[5 1],49,49,50,0,49
1,<environment.Job instance at 0x1543d3e664b0>,20,3,[8 1],29,59,62,30,59
1,<environment.Job instance at 0x1543ec03ee60>,24,15,[2 8],38,102,117,64,102
1,<environment.Job instance at 0x1543e7c42640>,26,13,[ 2 10],42,486,499,444,486
1,<environment.Job instance at 0x1543e7c42050>,25,16,[2 8],39,677,693,638,677
1,<environment.Job instance at 0x1543e7cca640>,0,2,[1 9],1,1,3,0,1
1,<environment.Job instance at 0x1543d50c1960>,2,1,[1 8],5,5,6,0,5
1,<environment.Job instance at 0x1543e7c425a0>,8,2,[1 7],12,12,14,0,12
1,<environment.Job instance at 0x1543ec07d050>,14,1,[2 8],20,20,21,0,20
1,<environment.Job instance at 0x1543ec07df50>,15,1,[8 2],21,21,22,0,21
1,<environment.Job instance at 0x1543d1cfaa00>,0,1,[6 2],1,1,2,0,1
1,<environment.Job instance at 0x1543d0e9d550>,1,1,[2 9],2,2,3,0,2
1,<environment.Job instance at 0x1543d1cdd960>,4,2,[2 7],6,6,8,0,6
1,<environment.Job instance at 0x1543ec354690>,13,1,[7 2],18,18,19,0,18
1,<environment.Job instance at 0x1543d1479870>,20,17,[9 2],28,39,56,11,39
1,<environment.Job instance at 0x1543d3d33230>,37,1,[10  1],48,56,57,8,49
1,<environment.Job instance at 0x1543d3d333c0>,38,1,[1 8],49,50,51,1,50
1,<environment.Job instance at 0x1543d4032e10>,0,2,[2 6],1,1,3,0,1
1,<environment.Job instance at 0x1543d0d92820>,2,2,[10  2],3,3,5,0,3
1,<environment.Job instance at 0x1543d4032730>,5,2,[1 6],7,7,9,0,7
1,<environment.Job instance at 0x1543d0d92eb0>,9,2,[1 8],12,12,14,0,12
1,<environment.Job instance at 0x1543d3cca5a0>,19,3,[7 1],26,26,29,0,26
1,<environment.Job instance at 0x1543d3cca870>,21,3,[1 9],28,28,31,0,28
1,<environment.Job instance at 0x1543e7d18460>,22,16,[10  1],29,38,54,9,38
1,<environment.Job instance at 0x1543e7d18190>,24,23,[1 6],31,38,61,7,38
1,<environment.Job instance at 0x1543d1438dc0>,29,2,[7 1],42,54,56,12,49
1,<environment.Job instance at 0x1543d1438b90>,31,1,[7 1],46,54,55,8,49
1,<environment.Job instance at 0x1543d1438be0>,32,2,[5 1],47,55,57,8,49
1,<environment.Job instance at 0x1543d0e366e0>,11,1,[2 5],14,69,70,55,69
1,<environment.Job instance at 0x1543d3ccac30>,16,25,[12  1],19,2457,2482,2438,2457
1,<environment.Job instance at 0x1543d3cca2d0>,18,2,[10  2],22,2499,2501,2477,2499
1,<environment.Job instance at 0x1543d13c3370>,14,2,[1 6],27,27,29,0,27
1,<environment.Job instance at 0x1543d10862d0>,20,1,[2 8],39,39,40,0,39
1,<environment.Job instance at 0x1543e41341e0>,26,27,[1 7],45,45,72,0,45
1,<environment.Job instance at 0x1543d10865f0>,17,1,[6 2],32,74,75,42,74
1,<environment.Job instance at 0x1543d13c3410>,11,2,[ 1 10],20,98,100,78,98
1,<environment.Job instance at 0x1543d1086d20>,18,3,[10  2],34,128,131,94,128
1,<environment.Job instance at 0x1543d4010fa0>,1,2,[5 1],3,3,5,0,3
1,<environment.Job instance at 0x1543d50e2aa0>,4,2,[2 9],7,7,9,0,7
1,<environment.Job instance at 0x1543ec6419b0>,6,1,[5 1],13,13,14,0,13
1,<environment.Job instance at 0x1543d09e1460>,8,2,[1 8],17,17,19,0,17
1,<environment.Job instance at 0x1543d09e1dc0>,13,1,[ 1 12],26,26,27,0,26
1,<environment.Job instance at 0x1543d09e10f0>,15,1,[8 1],29,29,30,0,29
1,<environment.Job instance at 0x1543d113cf50>,17,1,[2 9],34,34,35,0,34
1,<environment.Job instance at 0x1543e7cf1500>,0,1,[6 2],1,1,2,0,1
1,<environment.Job instance at 0x1543ec5ca690>,2,1,[7 1],4,4,5,0,4
1,<environment.Job instance at 0x1543d530f320>,11,1,[1 9],17,17,18,0,17
1,<environment.Job instance at 0x1543d530fa00>,16,1,[9 1],25,25,26,0,25
1,<environment.Job instance at 0x1543ee05cbe0>,18,25,[8 1],29,29,54,0,29
1,<environment.Job instance at 0x1543ee05ceb0>,31,2,[1 8],45,55,57,10,55
1,<environment.Job instance at 0x1543d139f780>,33,1,[ 1 10],49,57,58,8,55
1,<environment.Job instance at 0x1543ee05c370>,19,16,[8 1],30,720,736,690,720
1,<environment.Job instance at 0x1543d3dcc9b0>,9,1,[1 7],12,13,14,1,13
1,<environment.Job instance at 0x1543d3dcc550>,11,2,[2 7],14,14,16,0,14
1,<environment.Job instance at 0x1543d40df5a0>,15,2,[1 9],19,22,24,3,22
1,<environment.Job instance at 0x1543e404f3c0>,6,3,[2 7],9,24,27,15,22
1,<environment.Job instance at 0x1543d3f068c0>,24,25,[9 1],31,38,63,7,38
1,<environment.Job instance at 0x1543d3f06af0>,26,21,[ 2 10],34,51,72,17,51
1,<environment.Job instance at 0x1543d3ec4f00>,31,15,[6 1],40,63,78,23,57
1,<environment.Job instance at 0x1543e40639b0>,32,2,[2 9],41,72,74,31,57
1,<environment.Job instance at 0x1543e4063730>,33,2,[1 5],42,72,74,30,57
1,<environment.Job instance at 0x1543e4063f00>,36,1,[9 1],46,74,75,28,58
1,<environment.Job instance at 0x1543e40635a0>,37,17,[2 5],47,75,92,28,63
1,<environment.Job instance at 0x1543e40638c0>,38,2,[10  2],48,78,80,30,63
1,<environment.Job instance at 0x1543d2812fa0>,27,21,[2 5],35,82,103,47,82
1,<environment.Job instance at 0x1543d3dcc370>,17,3,[5 2],22,129,132,107,129
1,<environment.Job instance at 0x1543d1045460>,0,2,[5 2],1,1,3,0,1
1,<environment.Job instance at 0x1543d3dcc140>,1,2,[5 1],2,2,4,0,2
1,<environment.Job instance at 0x1543e7cefd20>,2,1,[1 7],3,3,4,0,3
1,<environment.Job instance at 0x1543ec68a5a0>,4,1,[6 2],7,7,8,0,7
1,<environment.Job instance at 0x1543ec68a6e0>,5,1,[5 1],8,8,9,0,8
1,<environment.Job instance at 0x1543ec68ae60>,6,1,[2 6],10,10,11,0,10
1,<environment.Job instance at 0x1543ec68a280>,8,2,[9 1],12,12,14,0,12
1,<environment.Job instance at 0x1543ec6845f0>,13,2,[ 1 10],18,18,20,0,18
1,<environment.Job instance at 0x1543ec684be0>,15,17,[12  1],20,111,128,91,111
1,<environment.Job instance at 0x1543d0e4a550>,31,1,[5 1],40,128,129,88,119
1,<environment.Job instance at 0x1543d3e000f0>,36,1,[13  1],45,129,130,84,124
1,<environment.Job instance at 0x1543ec6848c0>,16,1,[8 2],23,152,153,129,152
1,<environment.Job instance at 0x1543ec677e10>,18,17,[2 7],25,344,361,319,344
1,<environment.Job instance at 0x1543d3d26500>,17,17,[7 1],24,2065,2082,2041,2065
1,<environment.Job instance at 0x1543ec66ae60>,1,2,[2 5],2,2,4,0,2
1,<environment.Job instance at 0x1543e7d22d20>,3,22,[8 1],5,5,27,0,5
1,<environment.Job instance at 0x1543d0f554b0>,14,22,[2 6],19,19,41,0,19
1,<environment.Job instance at 0x1543d0f559b0>,15,1,[ 1 14],20,41,42,21,38
1,<environment.Job instance at 0x1543d0f55820>,23,3,[ 2 14],32,48,51,16,48
1,<environment.Job instance at 0x1543d0fdce10>,13,2,[10  1],17,60,62,43,60
1,<environment.Job instance at 0x1543e40ca960>,8,3,[7 2],11,147,150,136,147
1,<environment.Job instance at 0x1543d0f55be0>,16,16,[6 2],21,778,794,757,778
1,<environment.Job instance at 0x1543e416feb0>,0,15,[14  1],1,5,20,4,5
1,<environment.Job instance at 0x1543d3d4b500>,8,2,[2 7],13,20,22,7,13
1,<environment.Job instance at 0x1543d3d4b230>,10,25,[6 1],15,20,45,5,16
1,<environment.Job instance at 0x1543d3ff88c0>,14,2,[ 2 10],22,22,24,0,22
1,<environment.Job instance at 0x1543d3ff8410>,16,1,[1 9],24,24,25,0,24
1,<environment.Job instance at 0x1543d3cb95f0>,1,2,[1 9],2,26,28,24,26
1,<environment.Job instance at 0x1543ee2a06e0>,17,1,[8 2],27,27,28,0,27
1,<environment.Job instance at 0x1543d40169b0>,18,22,[2 5],29,29,51,0,29
1,<environment.Job instance at 0x1543d3e37cd0>,21,26,[ 2 13],33,51,77,18,48
1,<environment.Job instance at 0x1543d42082d0>,24,2,[12  1],37,48,50,11,48
1,<environment.Job instance at 0x1543d4146500>,27,2,[7 1],41,50,52,9,48
1,<environment.Job instance at 0x1543d0ff3820>,28,1,[8 1],42,52,53,10,48
1,<environment.Job instance at 0x1543d4191280>,29,2,[10  2],43,53,55,10,48
1,<environment.Job instance at 0x1543d14390a0>,31,3,[9 2],45,55,58,10,51
1,<environment.Job instance at 0x1543d4191c80>,32,1,[6 2],47,58,59,11,51
1,<environment.Job instance at 0x1543d1082730>,33,2,[ 1 10],48,77,79,29,51
1,<environment.Job instance at 0x1543d17f7af0>,34,2,[2 7],49,79,81,30,52
1,<environment.Job instance at 0x1543d3ff89b0>,22,13,[7 2],34,400,413,366,400
1,<environment.Job instance at 0x1543e416fb40>,2,14,[1 6],3,475,489,472,475
1,<environment.Job instance at 0x1543e4118550>,7,2,[ 1 11],17,17,19,0,17
1,<environment.Job instance at 0x1543d4124460>,9,1,[1 8],20,20,21,0,20
1,<environment.Job instance at 0x1543d4124870>,10,2,[2 9],21,21,23,0,21
1,<environment.Job instance at 0x1543d4124cd0>,11,2,[8 2],22,22,24,0,22
1,<environment.Job instance at 0x1543d4124c80>,13,28,[5 2],24,26,54,2,26
1,<environment.Job instance at 0x1543d4124f00>,16,3,[ 2 14],27,91,94,64,91
1,<environment.Job instance at 0x1543d0a3f4b0>,19,1,[8 1],30,91,92,61,91
1,<environment.Job instance at 0x1543d40435a0>,23,2,[6 2],36,94,96,58,91
1,<environment.Job instance at 0x1543ec089cd0>,28,1,[1 9],41,94,95,53,94
1,<environment.Job instance at 0x1543d0d02410>,32,16,[7 1],45,102,118,57,102
1,<environment.Job instance at 0x1543d3eddb90>,15,2,[ 1 10],26,115,117,89,115
1,<environment.Job instance at 0x1528104c9fa0>,2,1,[2 5],3,3,4,0,3
1,<environment.Job instance at 0x1527b9c79c30>,3,1,[6 2],4,4,5,0,4
1,<environment.Job instance at 0x1527b9c79e60>,4,2,[7 2],5,5,7,0,5
1,<environment.Job instance at 0x1527b9c796e0>,7,1,[2 6],8,8,9,0,8
1,<environment.Job instance at 0x1527ba352640>,14,2,[ 1 10],18,18,20,0,18
1,<environment.Job instance at 0x1527baf179b0>,15,1,[ 1 10],20,20,21,0,20
1,<environment.Job instance at 0x1527ba3af190>,16,1,[2 5],21,21,22,0,21
1,<environment.Job instance at 0x1527ba4b65a0>,20,2,[ 1 13],27,28,30,1,28
1,<environment.Job instance at 0x1527ba396140>,22,1,[2 7],30,32,33,2,32
1,<environment.Job instance at 0x1527ba396460>,23,2,[8 1],31,33,35,2,33
1,<environment.Job instance at 0x1527ba396f50>,25,2,[2 8],34,34,36,0,34
1,<environment.Job instance at 0x1527ba3967d0>,26,1,[2 7],35,35,36,0,35
1,<environment.Job instance at 0x1527ba396dc0>,27,2,[2 7],36,36,38,0,36
1,<environment.Job instance at 0x1527ba3f7780>,28,2,[2 7],37,37,39,0,37
1,<environment.Job instance at 0x1527ba3969b0>,24,12,[ 1 10],32,42,54,10,42
1,<environment.Job instance at 0x1527b9eda140>,0,2,[2 8],1,1,3,0,1
1,<environment.Job instance at 0x1527ba386730>,1,1,[1 6],3,3,4,0,3
1,<environment.Job instance at 0x1527b9c75370>,2,1,[2 9],5,5,6,0,5
1,<environment.Job instance at 0x1527bc476eb0>,5,2,[8 2],9,9,11,0,9
1,<environment.Job instance at 0x1527bc476a00>,6,2,[1 7],12,12,14,0,12
1,<environment.Job instance at 0x1527bc476a50>,8,2,[2 5],15,15,17,0,15
1,<environment.Job instance at 0x1527bc40b370>,11,22,[1 5],20,20,42,0,20
1,<environment.Job instance at 0x1527bc484730>,23,1,[2 5],36,41,42,5,41
1,<environment.Job instance at 0x1527bc484820>,24,2,[ 2 10],37,42,44,5,41
1,<environment.Job instance at 0x1527bc40bdc0>,19,3,[2 9],32,67,70,35,67
1,<environment.Job instance at 0x1527bc40b0a0>,21,1,[13  1],34,156,157,122,156
1,<environment.Job instance at 0x1527bd920f00>,0,2,[1 8],1,1,3,0,1
1,<environment.Job instance at 0x1527b9ecfc30>,1,2,[2 6],2,2,4,0,2
1,<environment.Job instance at 0x1527bd920410>,2,1,[1 5],3,3,4,0,3
1,<environment.Job instance at 0x1527bd9200a0>,3,2,[1 9],6,6,8,0,6
1,<environment.Job instance at 0x1527bd9d33c0>,5,1,[2 5],8,8,9,0,8
1,<environment.Job instance at 0x1527bd9d3be0>,7,2,[14  1],10,10,12,0,10
1,<environment.Job instance at 0x1527bd9d3500>,8,1,[5 1],11,12,13,1,11
1,<environment.Job instance at 0x1527bd9d3320>,13,16,[8 1],17,19,35,2,19
1,<environment.Job instance at 0x1527ba452c30>,18,1,[ 2 14],23,23,24,0,23
1,<environment.Job instance at 0x1527bd951230>,23,3,[11  2],31,43,46,12,43
1,<environment.Job instance at 0x1527bd951e60>,25,3,[2 5],33,43,46,10,43
1,<environment.Job instance at 0x1527bd9510a0>,26,1,[8 1],34,46,47,12,43
1,<environment.Job instance at 0x1527bd951dc0>,29,18,[2 6],38,48,66,10,48
1,<environment.Job instance at 0x1527bc4afeb0>,33,3,[12  1],44,67,70,23,67
1,<environment.Job instance at 0x1527bc4af0a0>,34,1,[1 8],46,67,68,21,67
1,<environment.Job instance at 0x1527bd85b910>,37,2,[1 8],49,68,70,19,67
1,<environment.Job instance at 0x1527bd85bf50>,39,13,[ 1 14],52,70,83,18,70
1,<environment.Job instance at 0x1527bd85be60>,42,2,[7 2],55,83,85,28,76
1,<environment.Job instance at 0x1527bc3a2500>,44,28,[2 8],59,83,111,24,82
1,<environment.Job instance at 0x1527bd9d37d0>,14,17,[1 9],19,194,211,175,194
1,<environment.Job instance at 0x1527ba452500>,16,1,[2 8],21,223,224,202,223
1,<environment.Job instance at 0x1527ba452f00>,21,18,[1 8],26,272,290,246,272
1,<environment.Job instance at 0x1527bd951d70>,3,2,[1 9],8,8,10,0,8
1,<environment.Job instance at 0x1527bd9000f0>,4,2,[ 2 10],11,11,13,0,11
1,<environment.Job instance at 0x1527bd900f00>,8,2,[2 9],15,15,17,0,15
1,<environment.Job instance at 0x1527bd900280>,10,19,[ 1 10],18,22,41,4,22
1,<environment.Job instance at 0x1527bd888910>,21,2,[8 2],31,39,41,8,39
1,<environment.Job instance at 0x1527baf1a410>,23,2,[2 5],33,41,43,8,39
1,<environment.Job instance at 0x1527baf1aaa0>,24,3,[6 1],34,39,42,5,39
1,<environment.Job instance at 0x1527baf1a050>,25,2,[10  1],35,42,44,7,39
1,<environment.Job instance at 0x1527bd902910>,29,17,[1 6],41,56,73,15,56
1,<environment.Job instance at 0x1527bd902cd0>,33,15,[9 2],50,75,90,25,75
1,<environment.Job instance at 0x1527bd902c30>,30,17,[7 1],42,276,293,234,276
1,<environment.Job instance at 0x1527bd9005a0>,12,3,[5 2],20,323,326,303,323
1,<environment.Job instance at 0x1527b965c9b0>,2,1,[2 6],6,6,7,0,6
1,<environment.Job instance at 0x1527b965c730>,3,2,[1 6],7,7,9,0,7
1,<environment.Job instance at 0x1527b965cc30>,5,1,[2 8],12,12,13,0,12
1,<environment.Job instance at 0x1527b965c870>,7,2,[7 2],17,17,19,0,17
1,<environment.Job instance at 0x1527b965c1e0>,8,2,[2 5],18,18,20,0,18
1,<environment.Job instance at 0x1527b9eed5a0>,11,1,[7 2],23,23,24,0,23
1,<environment.Job instance at 0x1527b9eed2d0>,13,2,[ 2 12],26,26,28,0,26
1,<environment.Job instance at 0x1527b9c34870>,19,1,[1 5],33,2661,2662,2628,2661
1,<environment.Job instance at 0x1527b9c34960>,1,1,[2 5],4,4,5,0,4
1,<environment.Job instance at 0x1527d483b820>,4,2,[7 2],9,9,11,0,9
1,<environment.Job instance at 0x1527d483b4b0>,10,2,[ 1 10],17,17,19,0,17
1,<environment.Job instance at 0x1527d483b050>,12,21,[7 2],20,21,42,1,21
1,<environment.Job instance at 0x1527bd950dc0>,18,12,[7 1],31,32,44,1,32
1,<environment.Job instance at 0x1527bd950e10>,20,2,[10  1],33,44,46,11,33
1,<environment.Job instance at 0x1527bd950780>,21,3,[1 9],34,34,37,0,34
1,<environment.Job instance at 0x1527bd950730>,23,2,[2 7],41,42,44,1,41
1,<environment.Job instance at 0x1527bd950410>,24,2,[9 2],42,46,48,4,42
1,<environment.Job instance at 0x1527bd950af0>,25,3,[5 2],43,43,46,0,43
1,<environment.Job instance at 0x1527bd950f50>,26,16,[7 2],44,48,64,4,44
1,<environment.Job instance at 0x1527d4853a50>,27,1,[ 2 10],45,46,47,1,45
1,<environment.Job instance at 0x1527d48533c0>,29,1,[1 8],48,48,49,0,48
1,<environment.Job instance at 0x1527d48539b0>,33,2,[ 2 10],55,55,57,0,55
1,<environment.Job instance at 0x1527d4853500>,35,17,[10  1],58,64,81,6,64
1,<environment.Job instance at 0x1527d483bf50>,13,13,[5 2],21,1540,1553,1519,1540
1,<environment.Job instance at 0x1527bd9508c0>,19,20,[8 2],32,1775,1795,1743,1775
1,<environment.Job instance at 0x1527bc6d48c0>,0,1,[6 2],1,1,2,0,1
1,<environment.Job instance at 0x1527d48f4af0>,4,2,[1 9],11,1363,1365,1352,1363
1,<environment.Job instance at 0x1527d48f4500>,3,2,[8 1],8,1601,1603,1593,1601
1,<environment.Job instance at 0x1527b9ed7410>,7,3,[1 8],14,2778,2781,2764,2778
1,<environment.Job instance at 0x1527b9ed7640>,8,1,[9 2],15,2784,2785,2769,2784
1,<environment.Job instance at 0x1527b9ed7a00>,10,2,[1 6],18,2792,2794,2774,2792
1,<environment.Job instance at 0x1527d48f4140>,2,15,[ 1 11],7,2794,2809,2787,2793
1,<environment.Job instance at 0x1527b9ed7eb0>,12,1,[7 2],21,2793,2794,2772,2793
1,<environment.Job instance at 0x1527ba3ce280>,11,3,[ 2 10],20,2809,2812,2789,2793
1,<environment.Job instance at 0x1527bb963230>,15,1,[6 2],25,2793,2794,2768,2793
1,<environment.Job instance at 0x1527baeff7d0>,18,2,[ 1 10],29,2812,2814,2783,2793
1,<environment.Job instance at 0x1527bd8db3c0>,20,2,[2 9],31,2814,2816,2783,2793
1,<environment.Job instance at 0x1527b98d54b0>,23,16,[1 5],38,2809,2825,2771,2800
1,<environment.Job instance at 0x1527b9a5f500>,26,2,[5 1],43,2800,2802,2757,2800
1,<environment.Job instance at 0x1527b9ab9780>,28,2,[10  2],45,2802,2804,2757,2800
1,<environment.Job instance at 0x1527bc8ca5a0>,29,2,[6 1],46,2800,2802,2754,2800
1,<environment.Job instance at 0x1527bb9680a0>,35,1,[7 2],56,2804,2805,2748,2801
1,<environment.Job instance at 0x1527c351c550>,14,16,[9 1],23,2875,2891,2852,2875
1,<environment.Job instance at 0x1527b9ed7820>,9,18,[ 1 10],16,2895,2913,2879,2895
1,<environment.Job instance at 0x1527b9ed7140>,6,1,[1 9],13,2959,2960,2946,2959
1,<environment.Job instance at 0x1527bdd22b90>,0,3,[6 1],3,3,6,0,3
1,<environment.Job instance at 0x1527b9ed7d20>,1,26,[9 1],4,4,30,0,4
1,<environment.Job instance at 0x1527bd8c9410>,15,2,[8 1],26,30,32,4,26
1,<environment.Job instance at 0x1527c1e8f0f0>,17,1,[5 1],29,29,30,0,29
1,<environment.Job instance at 0x1527bc86a2d0>,19,2,[1 9],31,31,33,0,31
1,<environment.Job instance at 0x1527bc86a6e0>,21,1,[1 8],35,35,36,0,35
1,<environment.Job instance at 0x1527bc3b8820>,22,16,[2 6],36,36,52,0,36
1,<environment.Job instance at 0x1527d6b7ee10>,28,15,[1 5],43,48,63,5,48
1,<environment.Job instance at 0x1527d6bb1550>,33,1,[2 8],50,56,57,6,56
1,<environment.Job instance at 0x1527d6bb18c0>,35,14,[14  1],52,63,77,11,63
1,<environment.Job instance at 0x1527bc8495a0>,12,13,[ 2 10],22,185,198,163,185
1,<environment.Job instance at 0x1527bd8c9050>,13,1,[2 6],23,227,228,204,227
1,<environment.Job instance at 0x1527c3b6cdc0>,0,2,[1 7],1,1,3,0,1
1,<environment.Job instance at 0x1527c3b6c460>,1,1,[1 5],2,3,4,1,3
1,<environment.Job instance at 0x1527b9abb1e0>,4,16,[1 5],5,5,21,0,5
1,<environment.Job instance at 0x1527b9abb230>,12,2,[2 8],13,13,15,0,13
1,<environment.Job instance at 0x1527b9abb6e0>,13,3,[5 2],16,16,19,0,16
1,<environment.Job instance at 0x1527d499b8c0>,14,1,[6 2],18,18,19,0,18
1,<environment.Job instance at 0x1527d499bd70>,15,2,[2 8],19,19,21,0,19
1,<environment.Job instance at 0x1527bc3b2140>,16,1,[6 2],21,21,22,0,21
1,<environment.Job instance at 0x1527d499b140>,17,1,[2 9],22,22,23,0,22
1,<environment.Job instance at 0x1527b9917fa0>,18,27,[ 2 10],23,23,50,0,23
1,<environment.Job instance at 0x1527b9c3ae60>,27,1,[7 1],36,36,37,0,36
1,<environment.Job instance at 0x1527b9c3a550>,28,2,[7 1],37,37,39,0,37
1,<environment.Job instance at 0x1527b9c3a190>,29,1,[7 2],38,39,40,1,38
1,<environment.Job instance at 0x1527b9c3adc0>,31,2,[5 2],40,40,42,0,40
1,<environment.Job instance at 0x1527b9c3a3c0>,32,15,[1 8],42,50,65,8,44
1,<environment.Job instance at 0x1527b9c3a140>,34,19,[2 9],46,65,84,19,55
1,<environment.Job instance at 0x1527c3ba3320>,35,13,[12  2],47,83,96,36,83
1,<environment.Job instance at 0x1527c3ba31e0>,37,1,[6 2],49,96,97,47,84
1,<environment.Job instance at 0x1527c3ba3140>,38,2,[1 5],50,84,86,34,84
1,<environment.Job instance at 0x1527c3ba3640>,39,1,[1 7],51,84,85,33,84
1,<environment.Job instance at 0x1527c3ba3230>,41,2,[1 5],53,85,87,32,84
1,<environment.Job instance at 0x1527c3ba3280>,42,1,[1 9],55,87,88,32,84
1,<environment.Job instance at 0x1527c3ba34b0>,43,1,[2 5],56,86,87,30,84
1,<environment.Job instance at 0x1527d413b370>,44,15,[7 1],57,96,111,39,84
1,<environment.Job instance at 0x1527ba473730>,45,1,[2 6],58,88,89,30,84
1,<environment.Job instance at 0x1527bd8c90f0>,2,18,[8 2],3,111,129,108,111
1,<environment.Job instance at 0x1527bc84ca50>,8,16,[2 8],9,162,178,153,162
1,<environment.Job instance at 0x1527bdcc7e60>,0,1,[2 6],1,1,2,0,1
1,<environment.Job instance at 0x1527bc7573c0>,6,1,[10  1],8,8,9,0,8
1,<environment.Job instance at 0x1527bb968cd0>,9,2,[2 6],11,11,13,0,11
1,<environment.Job instance at 0x1527bb9687d0>,11,2,[10  2],13,13,15,0,13
1,<environment.Job instance at 0x1527b9709140>,17,13,[5 1],21,31,44,10,31
1,<environment.Job instance at 0x1527b9709460>,18,2,[1 8],22,31,33,9,31
1,<environment.Job instance at 0x1527bc3babe0>,20,1,[2 5],24,32,33,8,32
1,<environment.Job instance at 0x1527c3528af0>,22,2,[7 1],26,32,34,6,32
1,<environment.Job instance at 0x1527d483e730>,25,25,[12  1],29,44,69,15,44
1,<environment.Job instance at 0x1527c3ba0550>,26,1,[ 2 10],30,44,45,14,44
1,<environment.Job instance at 0x1527b9ec1690>,32,3,[2 9],40,68,71,28,68
1,<environment.Job instance at 0x1527d483f500>,33,23,[1 6],41,69,92,28,68
1,<environment.Job instance at 0x1527b95219b0>,38,2,[7 1],52,86,88,34,86
1,<environment.Job instance at 0x1527b9521550>,39,18,[2 6],54,86,104,32,86
1,<environment.Job instance at 0x1527d482c320>,13,16,[ 2 10],15,276,292,261,276
1,<environment.Job instance at 0x1527bb968be0>,14,2,[1 6],17,327,329,310,327
1,<environment.Job instance at 0x1527bb968e10>,15,15,[2 6],19,334,349,315,334
1,<environment.Job instance at 0x1527b9230550>,10,26,[2 8],18,21,47,3,21
1,<environment.Job instance at 0x1527ba44a3c0>,26,27,[1 7],45,45,72,0,45
1,<environment.Job instance at 0x1527d48ad690>,11,2,[ 1 10],20,101,103,81,101
1,<environment.Job instance at 0x1527bc7a1dc0>,17,1,[6 2],32,103,104,71,103
1,<environment.Job instance at 0x1527bdcc6b40>,3,2,[1 8],7,7,9,0,7
1,<environment.Job instance at 0x1527bdcc6550>,4,1,[10  2],8,8,9,0,8
1,<environment.Job instance at 0x1527baef9a00>,8,1,[ 1 12],16,18,19,2,18
1,<environment.Job instance at 0x1527bdcc7500>,12,1,[2 9],24,24,25,0,24
1,<environment.Job instance at 0x1527bdcc7e60>,15,13,[13  2],27,1861,1874,1834,1861
1,<environment.Job instance at 0x1527bb936d70>,37,1,[1 9],57,1889,1890,1832,1889
1,<environment.Job instance at 0x1527d483f5a0>,17,2,[7 1],31,1903,1905,1872,1903
1,<environment.Job instance at 0x1527d408e5f0>,16,3,[9 2],28,1919,1922,1891,1919
1,<environment.Job instance at 0x1527d483f960>,19,3,[2 5],34,2346,2349,2312,2346
1,<environment.Job instance at 0x1527bdccbbe0>,4,25,[8 1],9,9,34,0,9
1,<environment.Job instance at 0x1527b95151e0>,19,1,[ 1 10],29,41,42,12,41
1,<environment.Job instance at 0x1527b9515550>,20,19,[2 5],30,42,61,12,42
1,<environment.Job instance at 0x1527b9515280>,30,1,[1 7],42,59,60,17,59
1,<environment.Job instance at 0x1527b9515eb0>,31,1,[6 2],43,59,60,16,59
1,<environment.Job instance at 0x1527b9515a00>,32,2,[2 7],44,60,62,16,59
1,<environment.Job instance at 0x1527b95152d0>,33,16,[ 2 10],45,62,78,17,61
1,<environment.Job instance at 0x1527b95b69b0>,36,2,[1 9],49,78,80,29,73
1,<environment.Job instance at 0x1527b95b66e0>,37,2,[7 2],50,73,75,23,73
1,<environment.Job instance at 0x1527b95b6730>,38,3,[5 2],52,75,78,23,75
1,<environment.Job instance at 0x1527b95b6fa0>,40,1,[8 1],54,75,76,21,75
1,<environment.Job instance at 0x1527b95b6140>,41,1,[1 5],56,78,79,22,75
1,<environment.Job instance at 0x1527b95b6550>,42,1,[10  1],58,78,79,20,75
1,<environment.Job instance at 0x1527b95b6dc0>,43,1,[5 2],59,76,77,17,75
1,<environment.Job instance at 0x1527b9515320>,21,17,[2 9],31,160,177,129,160
1,<environment.Job instance at 0x1527d41310f0>,8,3,[1 7],14,234,237,220,234
1,<environment.Job instance at 0x1527d4131550>,13,3,[1 5],20,295,298,275,295
1,<environment.Job instance at 0x1527c3503780>,0,25,[9 1],1,1,26,0,1
1,<environment.Job instance at 0x1527b9b8caa0>,12,1,[9 1],16,26,27,10,23
1,<environment.Job instance at 0x1527b9b8cc80>,13,17,[2 5],17,23,40,6,23
1,<environment.Job instance at 0x1527d4161140>,16,2,[5 2],21,39,41,18,39
1,<environment.Job instance at 0x1527d4161c30>,17,2,[5 1],22,39,41,17,39
1,<environment.Job instance at 0x1527d4161e60>,19,17,[9 1],26,41,58,15,41
1,<environment.Job instance at 0x1527bc7ab820>,31,17,[12  1],40,187,204,147,187
1,<environment.Job instance at 0x1527d419f8c0>,9,2,[1 5],12,204,206,192,204
1,<environment.Job instance at 0x1527b9ab0960>,8,2,[2 9],11,233,235,222,233
1,<environment.Job instance at 0x1527d4191fa0>,10,16,[1 8],13,1612,1628,1599,1612
1,<environment.Job instance at 0x1527b9132b40>,4,1,[13  1],5,9,10,4,9
1,<environment.Job instance at 0x1527d4131dc0>,13,22,[8 1],15,15,37,0,15
1,<environment.Job instance at 0x1527ba359fa0>,24,22,[2 6],29,31,53,2,31
1,<environment.Job instance at 0x1527c1ebd870>,25,1,[ 1 14],30,53,54,23,52
1,<environment.Job instance at 0x1527c1ebdfa0>,33,3,[ 2 14],42,133,136,91,133
1,<environment.Job instance at 0x1527c1ebd370>,35,1,[ 2 10],44,136,137,92,133
1,<environment.Job instance at 0x1527b9132230>,6,1,[5 1],7,261,262,254,261
1,<environment.Job instance at 0x1527b9132be0>,7,17,[1 8],8,530,547,522,530
1,<environment.Job instance at 0x1527b9825960>,0,15,[14  1],1,4,19,3,4
1,<environment.Job instance at 0x1527d4131eb0>,4,1,[2 9],6,19,20,13,6
1,<environment.Job instance at 0x1527b9825cd0>,6,1,[6 1],10,19,20,9,10
1,<environment.Job instance at 0x1527bc898050>,8,2,[2 7],13,20,22,7,13
1,<environment.Job instance at 0x1527bc898190>,10,25,[6 1],15,19,44,4,15
1,<environment.Job instance at 0x1527b9ebc500>,18,22,[2 5],29,29,51,0,29
1,<environment.Job instance at 0x1527c34fb640>,21,26,[ 2 13],33,51,77,18,48
1,<environment.Job instance at 0x1527b9120550>,24,2,[12  1],37,62,64,25,62
1,<environment.Job instance at 0x1527bdce6b90>,32,1,[6 2],47,67,68,20,67
1,<environment.Job instance at 0x1527b95e9870>,33,2,[ 1 10],48,77,79,29,67
1,<environment.Job instance at 0x1527b95e9050>,34,2,[2 7],49,79,81,30,67
1,<environment.Job instance at 0x1527b98256e0>,2,14,[1 6],3,79,93,76,73
1,<environment.Job instance at 0x1527b90d3cd0>,1,2,[1 9],2,101,103,99,101
1,<environment.Job instance at 0x1527b9825320>,3,1,[1 8],4,716,717,712,716
1,<environment.Job instance at 0x1527b9427690>,3,2,[ 1 11],7,7,9,0,7
1,<environment.Job instance at 0x1527d483d640>,5,1,[1 8],10,10,11,0,10
1,<environment.Job instance at 0x1527b9405dc0>,6,2,[2 9],11,11,13,0,11
1,<environment.Job instance at 0x1527b9405050>,9,28,[5 2],14,14,42,0,14
1,<environment.Job instance at 0x1527b9405c30>,12,3,[ 2 14],17,53,56,36,53
1,<environment.Job instance at 0x1527baf0ab40>,24,1,[1 9],31,57,58,26,57
1,<environment.Job instance at 0x1527bc4acbe0>,14,2,[2 6],19,66,68,47,66
1,<environment.Job instance at 0x1527b90ec2d0>,32,26,[1 6],41,68,94,27,68
1,<environment.Job instance at 0x1527b90ecaf0>,34,23,[2 6],44,82,105,38,82
1,<environment.Job instance at 0x1527b90ec370>,35,23,[9 1],46,89,112,43,89
1,<environment.Job instance at 0x1527b90ec820>,45,3,[12  1],59,188,191,129,188
1,<environment.Job instance at 0x1527baf025a0>,27,3,[5 2],34,195,198,161,195
1,<environment.Job instance at 0x1527b9405960>,13,1,[5 1],18,228,229,210,228
1,<environment.Job instance at 0x1527bc4ac5a0>,15,1,[8 1],20,287,288,267,287
1,<environment.Job instance at 0x1527b96fe7d0>,0,2,[7 1],1,1,3,0,1
1,<environment.Job instance at 0x1527c3b72320>,4,1,[2 6],10,10,11,0,10
1,<environment.Job instance at 0x1527b941d7d0>,6,1,[ 2 10],17,17,18,0,17
1,<environment.Job instance at 0x1527b94ac730>,7,3,[11  1],19,20,23,1,20
1,<environment.Job instance at 0x1527b941d820>,10,1,[8 1],23,23,24,0,23
1,<environment.Job instance at 0x1527ba34e4b0>,11,16,[9 1],24,24,40,0,24
1,<environment.Job instance at 0x1527b97e8b90>,16,2,[5 2],36,36,38,0,36
1,<environment.Job instance at 0x1527bc5a12d0>,17,1,[ 2 10],37,38,39,1,37
1,<environment.Job instance at 0x1527d4063820>,18,1,[6 2],38,39,40,1,38
1,<environment.Job instance at 0x1527bc570640>,19,2,[ 1 12],39,40,42,1,39
1,<environment.Job instance at 0x1527ba41ff50>,21,2,[5 2],41,41,43,0,41
1,<environment.Job instance at 0x1527d4060e10>,22,21,[5 1],42,42,63,0,42
1,<environment.Job instance at 0x1527baee0960>,28,1,[2 7],50,50,51,0,50
1,<environment.Job instance at 0x1527baee00f0>,29,2,[1 8],51,51,53,0,51
1,<environment.Job instance at 0x1527baee02d0>,32,2,[2 7],56,56,58,0,56
1,<environment.Job instance at 0x1527baee06e0>,33,22,[ 2 10],57,58,80,1,57
1,<environment.Job instance at 0x1527ba34eaf0>,8,13,[ 2 11],20,95,108,75,95
1,<environment.Job instance at 0x1527b90f7c80>,0,2,[6 2],1,1,3,0,1
1,<environment.Job instance at 0x1527ba34eaf0>,1,1,[7 1],4,4,5,0,4
1,<environment.Job instance at 0x1527b90f7280>,2,2,[5 2],5,5,7,0,5
1,<environment.Job instance at 0x1527d4092870>,9,1,[5 1],14,14,15,0,14
1,<environment.Job instance at 0x1527d4092730>,10,2,[8 2],15,15,17,0,15
1,<environment.Job instance at 0x1527d4938d20>,14,2,[8 2],23,23,25,0,23
1,<environment.Job instance at 0x1527d40928c0>,18,21,[6 1],30,30,51,0,30
1,<environment.Job instance at 0x1527ba370dc0>,19,3,[ 2 13],32,48,51,16,48
1,<environment.Job instance at 0x1527bdc54eb0>,24,1,[1 7],40,51,52,11,48
1,<environment.Job instance at 0x1527bc8ef550>,26,27,[5 2],42,51,78,9,49
1,<environment.Job instance at 0x1527b9113050>,27,27,[1 9],43,64,91,21,64
1,<environment.Job instance at 0x1527bc8ca9b0>,36,1,[7 1],57,85,86,28,85
1,<environment.Job instance at 0x1527bc8caa50>,37,1,[2 6],59,86,87,27,85
1,<environment.Job instance at 0x1527ba3702d0>,20,14,[2 6],33,239,253,206,239
1,<environment.Job instance at 0x1527bc80d3c0>,21,1,[ 2 10],34,256,257,222,256
1,<environment.Job instance at 0x1527ba3f05a0>,3,2,[7 1],6,6,8,0,6
1,<environment.Job instance at 0x1527ba3f09b0>,4,28,[1 6],7,7,35,0,7
1,<environment.Job instance at 0x1527ba3f0f00>,10,2,[ 2 10],16,39,41,23,39
1,<environment.Job instance at 0x1527c041ad70>,22,15,[6 1],33,40,55,7,40
1,<environment.Job instance at 0x1527bc8f7b90>,24,1,[2 8],35,41,42,6,40
1,<environment.Job instance at 0x1527ba4a3cd0>,27,1,[1 8],40,42,43,2,40
1,<environment.Job instance at 0x1527b9739050>,28,1,[2 9],41,43,44,2,41
1,<environment.Job instance at 0x1527c0427d70>,31,1,[7 2],45,45,46,0,45
1,<environment.Job instance at 0x1527c0427460>,32,1,[10  1],46,55,56,9,46
1,<environment.Job instance at 0x1527b9c83a50>,34,2,[6 2],49,49,51,0,49
1,<environment.Job instance at 0x1527c3b934b0>,37,1,[1 6],52,55,56,3,55
1,<environment.Job instance at 0x1527c3b93af0>,40,1,[7 1],55,56,57,1,56
1,<environment.Job instance at 0x1527bdc0e370>,42,2,[1 8],57,57,59,0,57
1,<environment.Job instance at 0x1527bdc0e820>,43,26,[8 1],58,58,84,0,58
1,<environment.Job instance at 0x1527ba3f0b90>,9,2,[5 1],15,99,101,84,99
1,<environment.Job instance at 0x1527d41185a0>,23,1,[9 2],34,106,107,72,106
1,<environment.Job instance at 0x14ef68a1ffa0>,2,1,[2 5],3,3,4,0,3
1,<environment.Job instance at 0x14ef121c2500>,7,1,[2 6],8,8,9,0,8
1,<environment.Job instance at 0x14ef121c2460>,14,2,[ 1 10],18,18,20,0,18
1,<environment.Job instance at 0x14ef129ff370>,15,1,[ 1 10],20,21,22,1,21
1,<environment.Job instance at 0x14ef12892870>,16,1,[2 5],21,24,25,3,24
1,<environment.Job instance at 0x14ef128fd4b0>,20,2,[ 1 13],27,27,29,0,27
1,<environment.Job instance at 0x14ef12940320>,22,1,[2 7],30,31,32,1,31
1,<environment.Job instance at 0x14ef128dfbe0>,34,15,[11  1],44,70,85,26,70
1,<environment.Job instance at 0x14ef12917280>,41,25,[12  2],54,87,112,33,87
1,<environment.Job instance at 0x14ef128dfe60>,35,2,[1 8],45,111,113,66,111
1,<environment.Job instance at 0x14ef12940f00>,23,2,[8 1],31,204,206,173,204
1,<environment.Job instance at 0x14ef121d6190>,0,2,[1 7],2,2,4,0,2
1,<environment.Job instance at 0x14ef121ccfa0>,2,2,[2 5],5,5,7,0,5
1,<environment.Job instance at 0x14ef149cc280>,4,1,[10  2],9,10,11,1,10
1,<environment.Job instance at 0x14ef149cba50>,5,22,[1 5],10,11,33,1,11
1,<environment.Job instance at 0x14ef14954e10>,15,1,[13  1],24,27,28,3,27
1,<environment.Job instance at 0x14ef149cb3c0>,13,3,[2 9],22,29,32,7,29
1,<environment.Job instance at 0x14ef14954870>,16,3,[1 9],25,32,35,7,29
1,<environment.Job instance at 0x14ef14a65be0>,23,1,[1 6],37,37,38,0,37
1,<environment.Job instance at 0x14ef14a65640>,24,2,[2 5],38,38,40,0,38
1,<environment.Job instance at 0x14ef14a65550>,25,2,[ 1 10],39,39,41,0,39
1,<environment.Job instance at 0x14ef14a72f00>,36,1,[1 5],53,53,54,0,53
1,<environment.Job instance at 0x14ef14954e60>,18,2,[ 2 10],27,53,55,26,53
1,<environment.Job instance at 0x14ef14a7bc80>,37,2,[1 9],56,56,58,0,56
1,<environment.Job instance at 0x14ef14a7b370>,38,1,[2 7],57,58,59,1,57
1,<environment.Job instance at 0x14ef14a7b550>,39,1,[2 5],58,58,59,0,58
1,<environment.Job instance at 0x14ef14a7b640>,41,2,[14  1],60,67,69,7,67
1,<environment.Job instance at 0x14ef14a7b9b0>,43,3,[2 8],62,79,82,17,79
1,<environment.Job instance at 0x14ef14a7b190>,42,1,[5 1],61,117,118,56,117
1,<environment.Job instance at 0x14ef14a0e320>,0,1,[2 8],1,1,2,0,1
1,<environment.Job instance at 0x14ef14a0ed20>,1,1,[ 2 10],2,2,3,0,2
1,<environment.Job instance at 0x14ef14954690>,2,1,[ 2 14],3,3,4,0,3
1,<environment.Job instance at 0x14ef15e2b2d0>,3,1,[8 2],4,4,5,0,4
1,<environment.Job instance at 0x14ef14954190>,6,2,[ 1 10],10,10,12,0,10
1,<environment.Job instance at 0x14ef15e2b550>,7,3,[11  2],11,58,61,47,58
1,<environment.Job instance at 0x14ef15dbe190>,17,3,[12  1],24,254,257,230,254
1,<environment.Job instance at 0x14ef15dbe050>,18,1,[1 8],26,254,255,228,254
1,<environment.Job instance at 0x14ef15dbef50>,23,13,[ 1 14],32,555,568,523,555
1,<environment.Job instance at 0x14ef14cad4b0>,32,2,[1 9],48,574,576,526,574
1,<environment.Job instance at 0x14ef14cad5a0>,33,2,[ 2 10],51,576,578,525,574
1,<environment.Job instance at 0x14ef14cadcd0>,36,2,[ 2 10],54,578,580,524,576
1,<environment.Job instance at 0x14ef14c3e190>,40,2,[9 1],59,595,597,536,595
1,<environment.Job instance at 0x14ef15f2f320>,42,2,[ 1 10],61,595,597,534,595
1,<environment.Job instance at 0x14ef15f2f4b0>,44,1,[1 7],63,603,604,540,603
1,<environment.Job instance at 0x14ef15f2faf0>,45,1,[2 9],64,604,605,540,603
1,<environment.Job instance at 0x14ef15e2b780>,9,3,[2 5],13,630,633,617,630
1,<environment.Job instance at 0x14ef15e2baa0>,8,3,[ 2 10],12,638,641,626,638
1,<environment.Job instance at 0x14ef14cb7a50>,11,3,[5 2],16,723,726,707,723
1,<environment.Job instance at 0x14ef12995dc0>,0,2,[8 2],1,1,3,0,1
1,<environment.Job instance at 0x14ef15dbecd0>,2,2,[2 5],3,3,5,0,3
1,<environment.Job instance at 0x14ef267e1910>,10,1,[2 6],13,13,14,0,13
1,<environment.Job instance at 0x14ef267e14b0>,11,16,[9 1],16,17,33,1,17
1,<environment.Job instance at 0x14ef148f2960>,18,1,[ 1 10],27,27,28,0,27
1,<environment.Job instance at 0x14ef148f2780>,19,2,[1 5],29,29,31,0,29
1,<environment.Job instance at 0x14ef148f2c80>,21,2,[10  2],31,33,35,2,31
1,<environment.Job instance at 0x14ef148f2500>,23,1,[2 6],36,36,37,0,36
1,<environment.Job instance at 0x14ef148f2d20>,24,2,[1 6],37,37,39,0,37
1,<environment.Job instance at 0x14ef148f2550>,26,1,[2 8],42,42,43,0,42
1,<environment.Job instance at 0x14ef640e93c0>,28,2,[7 2],47,47,49,0,47
1,<environment.Job instance at 0x14ef640e9f50>,29,2,[2 5],48,48,50,0,48
1,<environment.Job instance at 0x14ef640e9140>,32,1,[7 2],53,53,54,0,53
1,<environment.Job instance at 0x14ef640e9be0>,33,2,[5 2],54,54,56,0,54
1,<environment.Job instance at 0x14ef640e9500>,34,2,[ 2 12],56,56,58,0,56
1,<environment.Job instance at 0x14ef640e9aa0>,35,14,[6 1],57,57,71,0,57
1,<environment.Job instance at 0x14ef24df97d0>,38,13,[ 1 11],61,80,93,19,80
1,<environment.Job instance at 0x14ef24df9230>,43,3,[ 1 13],66,93,96,27,89
1,<environment.Job instance at 0x14ef267e11e0>,9,17,[7 1],12,306,323,294,306
1,<environment.Job instance at 0x14ef689c2050>,39,2,[6 2],62,323,325,261,323
1,<environment.Job instance at 0x14ef24df9a00>,40,1,[1 5],63,660,661,597,660
1,<environment.Job instance at 0x14ef24db2c30>,0,1,[2 8],1,2,3,1,2
1,<environment.Job instance at 0x14ef158a6370>,9,2,[5 2],12,12,14,0,12
1,<environment.Job instance at 0x14ef128eae10>,10,2,[1 7],14,14,16,0,14
1,<environment.Job instance at 0x14ef12425c30>,12,1,[1 6],17,17,18,0,17
1,<environment.Job instance at 0x14ef121e40f0>,14,2,[10  1],19,20,22,1,20
1,<environment.Job instance at 0x14ef241bbd20>,24,1,[ 2 10],35,35,36,0,35
1,<environment.Job instance at 0x14ef241bb230>,31,1,[6 1],43,43,44,0,43
1,<environment.Job instance at 0x14ef121aba00>,35,20,[8 2],52,52,72,0,52
1,<environment.Job instance at 0x14ef24eb5cd0>,43,1,[ 2 10],65,65,66,0,65
1,<environment.Job instance at 0x14ef24eb5a00>,45,1,[1 8],68,70,71,2,70
1,<environment.Job instance at 0x14ef241bbe60>,26,2,[ 1 10],37,121,123,84,121
1,<environment.Job instance at 0x14ef241bbf50>,27,3,[7 2],38,152,155,114,152
1,<environment.Job instance at 0x14ef270be5a0>,2,2,[ 2 10],5,5,7,0,5
1,<environment.Job instance at 0x14ef240b08c0>,6,1,[6 2],11,11,12,0,11
1,<environment.Job instance at 0x14ef240b0e10>,8,15,[ 1 11],17,1078,1093,1061,1078
1,<environment.Job instance at 0x14ef240b0690>,12,1,[1 9],23,1093,1094,1070,1078
1,<environment.Job instance at 0x14ef267dea50>,41,1,[7 2],66,1105,1106,1039,1105
1,<environment.Job instance at 0x14ef240b0a50>,5,2,[ 2 12],10,1116,1118,1106,1116
1,<environment.Job instance at 0x14ef240b0dc0>,9,2,[8 1],18,1264,1266,1246,1264
1,<environment.Job instance at 0x14ef14d979b0>,1,26,[9 1],4,4,30,0,4
1,<environment.Job instance at 0x14ef15e25190>,9,27,[1 7],15,19,46,4,19
1,<environment.Job instance at 0x14ef24f5d2d0>,14,2,[1 5],25,25,27,0,25
1,<environment.Job instance at 0x14ef11eb5460>,15,2,[8 1],26,30,32,4,26
1,<environment.Job instance at 0x14ef11eb55a0>,17,1,[5 1],29,29,30,0,29
1,<environment.Job instance at 0x14ef11af6550>,18,3,[1 5],30,30,33,0,30
1,<environment.Job instance at 0x14ef11eb56e0>,19,2,[1 9],31,46,48,15,31
1,<environment.Job instance at 0x14ef11eb5c80>,20,3,[2 8],32,33,36,1,32
1,<environment.Job instance at 0x14ef129d3410>,21,1,[1 8],35,36,37,1,35
1,<environment.Job instance at 0x14ef129d3280>,22,16,[2 6],36,37,53,1,36
1,<environment.Job instance at 0x14ef14a6ce60>,23,3,[1 6],37,48,51,11,37
1,<environment.Job instance at 0x14ef129d3dc0>,24,2,[8 2],38,38,40,0,38
1,<environment.Job instance at 0x14ef149ae460>,25,14,[9 1],40,48,62,8,40
1,<environment.Job instance at 0x14ef16277640>,27,2,[1 7],42,51,53,9,42
1,<environment.Job instance at 0x14ef15ebdf50>,30,2,[1 8],46,53,55,7,46
1,<environment.Job instance at 0x14ef15ebdc80>,31,2,[1 5],48,53,55,5,48
1,<environment.Job instance at 0x14ef11d1d230>,34,1,[8 2],51,62,63,11,51
1,<environment.Job instance at 0x14ef11ef8280>,35,14,[14  1],52,63,77,11,57
1,<environment.Job instance at 0x14ef11ef8be0>,37,3,[10  1],56,77,80,21,57
1,<environment.Job instance at 0x14ef11ef8460>,38,3,[10  2],57,80,83,23,57
1,<environment.Job instance at 0x14ef24069cd0>,39,3,[ 2 11],60,60,63,0,60
1,<environment.Job instance at 0x14ef11ef1640>,40,2,[1 7],61,63,65,2,61
1,<environment.Job instance at 0x14ef24111dc0>,41,1,[1 5],62,65,66,3,62
1,<environment.Job instance at 0x14ef24111960>,44,16,[1 5],65,67,83,2,67
1,<environment.Job instance at 0x14ef14dc81e0>,45,2,[ 1 10],66,83,85,17,67
1,<environment.Job instance at 0x14ef24e5bc80>,10,15,[2 8],18,134,149,116,134
1,<environment.Job instance at 0x14ef15e253c0>,11,16,[2 8],19,154,170,135,154
1,<environment.Job instance at 0x14ef11ef8870>,36,2,[6 1],54,201,203,147,201
1,<environment.Job instance at 0x14ef24d5e370>,0,2,[1 8],1,1,3,0,1
1,<environment.Job instance at 0x14ef24d5e690>,2,2,[2 8],3,3,5,0,3
1,<environment.Job instance at 0x14ef13eb94b0>,5,2,[2 8],9,9,11,0,9
1,<environment.Job instance at 0x14ef13eb9370>,6,1,[6 2],11,11,12,0,11
1,<environment.Job instance at 0x14ef13ebbc80>,7,1,[2 9],12,12,13,0,12
1,<environment.Job instance at 0x14ef11f83460>,24,19,[2 9],36,37,56,1,37
1,<environment.Job instance at 0x14ef15d21320>,28,2,[1 5],40,40,42,0,40
1,<environment.Job instance at 0x14ef15d21550>,32,1,[1 9],45,56,57,11,45
1,<environment.Job instance at 0x14ef15cfdc30>,36,1,[2 8],50,57,58,7,50
1,<environment.Job instance at 0x14ef15d03640>,43,1,[10  1],58,58,59,0,58
1,<environment.Job instance at 0x14ef15d03cd0>,44,1,[1 8],59,59,60,0,59
1,<environment.Job instance at 0x14ef15d09eb0>,47,3,[9 2],62,66,69,4,66
1,<environment.Job instance at 0x14ef15d09370>,48,2,[10  2],63,69,71,6,66
1,<environment.Job instance at 0x14ef15d090f0>,50,16,[ 2 10],65,82,98,17,82
1,<environment.Job instance at 0x14ef2407de10>,51,2,[1 6],67,98,100,31,82
1,<environment.Job instance at 0x14ef270bf960>,1,2,[1 8],2,3,5,1,3
1,<environment.Job instance at 0x14ef241894b0>,5,2,[7 1],6,6,8,0,6
1,<environment.Job instance at 0x14ef24189280>,6,3,[7 1],7,7,10,0,7
1,<environment.Job instance at 0x14ef11a3d730>,8,25,[12  1],9,10,35,1,9
1,<environment.Job instance at 0x14ef119b9fa0>,16,23,[1 6],21,23,46,2,23
1,<environment.Job instance at 0x14ef11c5f050>,27,12,[1 5],41,47,59,6,47
1,<environment.Job instance at 0x14ef12852320>,31,18,[1 5],47,56,74,9,56
1,<environment.Job instance at 0x14ef11c3f1e0>,41,2,[1 6],67,80,82,13,80
1,<environment.Job instance at 0x14ef11c3f2d0>,4,1,[2 8],9,9,10,0,9
1,<environment.Job instance at 0x14ef121171e0>,6,2,[6 2],11,11,13,0,11
1,<environment.Job instance at 0x14ef1344e280>,9,2,[5 2],14,14,16,0,14
1,<environment.Job instance at 0x14ef15d1b5f0>,10,27,[1 7],15,15,42,0,15
1,<environment.Job instance at 0x14ef11891c30>,23,2,[1 8],37,41,43,4,41
1,<environment.Job instance at 0x14ef1623bb90>,24,1,[10  2],38,42,43,4,41
1,<environment.Job instance at 0x14ef11891d20>,26,15,[2 7],40,45,60,5,45
1,<environment.Job instance at 0x14ef11d59eb0>,28,1,[ 1 12],46,60,61,14,50
1,<environment.Job instance at 0x14ef267e1f50>,32,1,[2 9],54,61,62,7,54
1,<environment.Job instance at 0x14ef14b4b280>,34,12,[7 1],56,60,72,4,60
1,<environment.Job instance at 0x14ef14b4bf50>,35,13,[13  2],57,310,323,253,310
1,<environment.Job instance at 0x14ef15dbe410>,41,28,[5 1],66,323,351,257,322
1,<environment.Job instance at 0x14ef15dbee10>,43,18,[5 1],68,327,345,259,327
1,<environment.Job instance at 0x14ef15d1b910>,12,17,[2 8],17,392,409,375,392
1,<environment.Job instance at 0x14ef12192aa0>,18,3,[9 2],25,478,481,453,478
1,<environment.Job instance at 0x14ef17109140>,0,1,[6 2],1,1,2,0,1
1,<environment.Job instance at 0x14ef11af3410>,2,1,[7 1],4,4,5,0,4
1,<environment.Job instance at 0x14ef16274a00>,8,2,[2 8],10,10,12,0,10
1,<environment.Job instance at 0x14ef161f0960>,11,1,[1 9],17,17,18,0,17
1,<environment.Job instance at 0x14ef14d01d70>,18,25,[8 1],29,30,55,1,30
1,<environment.Job instance at 0x14ef12015a50>,33,1,[ 1 10],49,58,59,9,58
1,<environment.Job instance at 0x14ef12015550>,34,19,[2 5],50,58,77,8,58
1,<environment.Job instance at 0x14ef11d8b370>,42,1,[1 6],60,76,77,16,76
1,<environment.Job instance at 0x14ef12892690>,44,1,[1 7],62,77,78,15,76
1,<environment.Job instance at 0x14ef12a01870>,46,2,[2 7],64,77,79,13,76
1,<environment.Job instance at 0x14ef11efad70>,50,2,[1 9],69,91,93,22,91
1,<environment.Job instance at 0x14ef270ea730>,21,2,[10  2],33,116,118,83,116
1,<environment.Job instance at 0x14ef270eafa0>,19,16,[8 1],30,1592,1608,1562,1592
1,<environment.Job instance at 0x14ef11818370>,4,1,[10  1],8,9,10,1,9
1,<environment.Job instance at 0x14ef170ef8c0>,7,25,[9 1],11,11,36,0,11
1,<environment.Job instance at 0x14ef27515820>,10,21,[2 5],15,15,36,0,15
1,<environment.Job instance at 0x14ef1242bd70>,11,15,[5 2],16,36,51,20,22
1,<environment.Job instance at 0x14ef15f1ca00>,33,2,[7 2],45,59,61,14,59
1,<environment.Job instance at 0x14ef15f1c140>,34,2,[9 2],46,61,63,15,59
1,<environment.Job instance at 0x14ef11ec6410>,36,2,[ 1 10],48,59,61,11,59
1,<environment.Job instance at 0x14ef11ec65f0>,38,17,[12  1],50,201,218,151,201
1,<environment.Job instance at 0x14ef11d471e0>,45,1,[5 2],59,218,219,159,207
1,<environment.Job instance at 0x14ef15ce34b0>,52,2,[ 1 10],68,214,216,146,214
1,<environment.Job instance at 0x14ef15dfdd70>,12,3,[2 7],18,234,237,216,234
1,<environment.Job instance at 0x14ef1242b780>,13,15,[7 2],19,243,258,224,243
1,<environment.Job instance at 0x14ef149b3f50>,4,1,[13  1],5,7,8,2,7
1,<environment.Job instance at 0x14ef13e9f230>,5,3,[2 7],6,8,11,2,8
1,<environment.Job instance at 0x14ef11899870>,11,2,[2 5],12,12,14,0,12
1,<environment.Job instance at 0x14ef24dbde60>,13,22,[8 1],15,15,37,0,15
1,<environment.Job instance at 0x14ef14d395f0>,24,22,[2 6],29,33,55,4,33
1,<environment.Job instance at 0x14ef14d39320>,25,1,[ 1 14],30,55,56,25,51
1,<environment.Job instance at 0x14ef11fd93c0>,33,3,[ 2 14],42,83,86,41,83
1,<environment.Job instance at 0x14ef11fd9be0>,35,1,[ 2 10],44,86,87,42,83
1,<environment.Job instance at 0x14ef24ded280>,44,27,[5 1],60,85,112,25,85
1,<environment.Job instance at 0x14ef24dd5dc0>,45,15,[14  1],61,840,855,779,840
1,<environment.Job instance at 0x14ef13e9f280>,6,1,[5 1],7,875,876,868,875
1,<environment.Job instance at 0x14ef240751e0>,0,1,[7 2],2,2,3,0,2
1,<environment.Job instance at 0x14ef14e289b0>,1,2,[2 7],3,3,5,0,3
1,<environment.Job instance at 0x14ef11b48d20>,3,25,[6 1],5,5,30,0,5
1,<environment.Job instance at 0x14ef14b0c190>,5,1,[10  1],8,30,31,22,8
1,<environment.Job instance at 0x14ef11ee3140>,9,1,[1 9],14,14,15,0,14
1,<environment.Job instance at 0x14ef11ee3aa0>,11,22,[2 5],19,19,41,0,19
1,<environment.Job instance at 0x14ef24ee1550>,14,26,[ 2 13],23,41,67,18,38
1,<environment.Job instance at 0x14ef1293be60>,25,1,[6 2],37,45,46,8,45
1,<environment.Job instance at 0x14ef11a7a5a0>,26,2,[ 1 10],38,67,69,29,45
1,<environment.Job instance at 0x14ef11a7a730>,27,2,[2 7],39,69,71,30,45
1,<environment.Job instance at 0x14ef11a45f00>,31,2,[8 2],50,51,53,1,51
1,<environment.Job instance at 0x14ef11a457d0>,33,3,[1 9],52,71,74,19,70
1,<environment.Job instance at 0x14ef11a45230>,35,2,[ 1 11],57,74,76,17,70
1,<environment.Job instance at 0x14ef11a455f0>,37,1,[1 8],60,76,77,16,71
1,<environment.Job instance at 0x14ef18961c80>,38,2,[2 9],61,77,79,16,71
1,<environment.Job instance at 0x14ef24198f00>,40,15,[10  1],63,86,101,23,86
1,<environment.Job instance at 0x14ef11735730>,44,3,[ 2 14],67,99,102,32,99
1,<environment.Job instance at 0x14ef11f28fa0>,45,1,[5 1],68,101,102,33,99
1,<environment.Job instance at 0x14ef11f28910>,46,2,[2 6],69,102,104,33,99
1,<environment.Job instance at 0x14ef24eae8c0>,0,1,[7 2],2,2,3,0,2
1,<environment.Job instance at 0x14ef2709ac80>,18,23,[2 6],24,32,55,8,32
1,<environment.Job instance at 0x14ef24e8fe10>,29,3,[12  1],39,80,83,41,80
1,<environment.Job instance at 0x14ef24ec1410>,35,1,[2 6],50,80,81,30,80
1,<environment.Job instance at 0x14ef24ec1b40>,37,1,[ 2 10],57,81,82,24,80
1,<environment.Job instance at 0x14ef24ec1b90>,38,3,[11  1],59,441,444,382,441
1,<environment.Job instance at 0x14ef14e2da00>,4,1,[ 2 10],7,7,8,0,7
1,<environment.Job instance at 0x14ef14e2dd20>,6,2,[ 1 12],9,9,11,0,9
1,<environment.Job instance at 0x14ef161ed3c0>,19,2,[2 7],26,26,28,0,26
1,<environment.Job instance at 0x14ef24d3ed70>,20,22,[ 2 10],27,28,50,1,27
1,<environment.Job instance at 0x14ef14df52d0>,37,15,[6 1],52,54,69,2,54
1,<environment.Job instance at 0x14ef1623bf50>,42,21,[6 1],60,60,81,0,60
1,<environment.Job instance at 0x14ef1623b730>,43,3,[ 2 13],62,83,86,21,83
1,<environment.Job instance at 0x14ef1623b5a0>,45,1,[ 2 10],64,86,87,22,83
1,<environment.Job instance at 0x14ef1164d460>,47,1,[1 7],68,87,88,19,83
1,<environment.Job instance at 0x14ef240d9460>,38,2,[8 2],53,179,181,126,179
1,<environment.Job instance at 0x14ef240d97d0>,1,27,[5 2],2,2,29,0,2
1,<environment.Job instance at 0x14ef15d060a0>,4,1,[ 2 10],5,18,19,13,18
1,<environment.Job instance at 0x14ef116536e0>,12,1,[2 6],19,19,20,0,19
1,<environment.Job instance at 0x14ef116426e0>,15,1,[1 7],24,24,25,0,24
1,<environment.Job instance at 0x14ef24e23a00>,17,2,[7 1],26,26,28,0,26
1,<environment.Job instance at 0x14ef24e237d0>,18,28,[1 6],27,27,55,0,27
1,<environment.Job instance at 0x14ef267dea00>,19,1,[1 7],30,30,31,0,30
1,<environment.Job instance at 0x14ef24028a50>,20,21,[9 1],31,31,52,0,31
1,<environment.Job instance at 0x14ef24e9b960>,27,1,[2 7],40,40,41,0,40
1,<environment.Job instance at 0x14ef24e99550>,32,12,[9 1],47,52,64,5,48
1,<environment.Job instance at 0x14ef24e99640>,34,16,[9 2],50,64,80,14,55
1,<environment.Job instance at 0x14ef24e99870>,38,1,[2 8],55,55,56,0,55
1,<environment.Job instance at 0x14ef24eb6fa0>,39,1,[5 1],56,56,57,0,56
1,<environment.Job instance at 0x14ef24e8a460>,40,1,[8 1],58,80,81,22,58
1,<environment.Job instance at 0x14ef24e8a280>,41,1,[1 8],60,60,61,0,60
1,<environment.Job instance at 0x14ef24e8a7d0>,42,1,[2 9],61,61,62,0,61
1,<environment.Job instance at 0x14ef14ac7b90>,45,1,[7 2],65,80,81,15,65
1,<environment.Job instance at 0x14ef14ac79b0>,46,1,[10  1],66,81,82,15,66
1,<environment.Job instance at 0x14ef17109190>,47,3,[2 5],68,68,71,0,68
1,<environment.Job instance at 0x14ef17109640>,48,2,[6 2],69,71,73,2,69
1,<environment.Job instance at 0x14ef24e99690>,33,20,[ 2 11],48,81,101,33,81
1,<environment.Job instance at 0x14ef24e998c0>,35,3,[ 2 10],51,103,106,52,103
1,<environment.Job instance at 0x14ef24e99e60>,36,15,[6 1],53,110,125,57,110
1,<environment.Job instance at 0x14ef11ddeb40>,1,1,[1 6],2,2,3,0,2
1,<environment.Job instance at 0x14ef24e99b40>,2,1,[10  1],3,3,4,0,3
1,<environment.Job instance at 0x14ef15e134b0>,4,1,[7 1],5,5,6,0,5
1,<environment.Job instance at 0x14ef15e13690>,6,2,[1 8],7,7,9,0,7
1,<environment.Job instance at 0x14ef15e130a0>,7,26,[8 1],8,8,34,0,8
1,<environment.Job instance at 0x14ef15d96b40>,10,27,[6 1],11,12,39,1,12
1,<environment.Job instance at 0x14ef128e3320>,18,1,[1 8],22,22,23,0,22
1,<environment.Job instance at 0x14ef14c13d20>,20,1,[6 1],25,34,35,9,25
1,<environment.Job instance at 0x14ef240dd410>,21,28,[14  1],28,39,67,11,38
1,<environment.Job instance at 0x14ef14a50be0>,22,2,[1 7],29,38,40,9,38
1,<environment.Job instance at 0x14ef15e07eb0>,24,1,[6 1],31,38,39,7,38
1,<environment.Job instance at 0x14ef1212bf00>,28,2,[11  2],36,67,69,31,40
1,<environment.Job instance at 0x14ef12154190>,30,2,[1 8],39,40,42,1,40
1,<environment.Job instance at 0x14ef12154dc0>,31,2,[1 5],40,42,44,2,40
1,<environment.Job instance at 0x14ef12154eb0>,32,1,[1 5],41,44,45,3,41
1,<environment.Job instance at 0x14ef12154820>,33,2,[9 1],42,69,71,27,42
1,<environment.Job instance at 0x14ef12154b40>,36,2,[2 6],46,67,69,21,46
1,<environment.Job instance at 0x14ef12154aa0>,37,1,[ 1 10],47,47,48,0,47
1,<environment.Job instance at 0x14ef121ed3c0>,38,1,[2 7],48,67,68,19,48
1,<environment.Job instance at 0x14ef148ee140>,39,2,[2 6],49,68,70,19,49
1,<environment.Job instance at 0x14ef1897f410>,43,2,[12  1],55,71,73,16,57
1,<environment.Job instance at 0x14ef1897fb90>,45,1,[2 8],57,69,70,12,58
1,<environment.Job instance at 0x14ef15e13870>,11,21,[9 2],12,73,94,61,71
1,<environment.Job instance at 0x14ef1897f9b0>,49,3,[1 6],61,75,78,14,75
1,<environment.Job instance at 0x14ef11f1f8c0>,50,2,[1 8],63,78,80,15,75
1,<environment.Job instance at 0x14ef11f1f460>,51,17,[7 1],64,94,111,30,82
1,<environment.Job instance at 0x14ef16180eb0>,53,3,[1 5],68,82,85,14,82
1,<environment.Job instance at 0x14ef16180dc0>,54,1,[10  1],69,111,112,42,83
1,<environment.Job instance at 0x14ef161bbd20>,48,15,[2 5],60,615,630,555,615
1,<environment.Job instance at 0x14ef15d96a50>,14,2,[2 9],15,620,622,605,620
1,<environment.Job instance at 0x14ef1178e1e0>,15,13,[2 8],17,1645,1658,1628,1645
1,<environment.Job instance at 0x14ef148d4460>,4,2,[7 2],5,5,7,0,5
1,<environment.Job instance at 0x14ef148d4eb0>,5,1,[1 6],6,6,7,0,6
1,<environment.Job instance at 0x14ef14bf6410>,12,1,[ 2 13],18,18,19,0,18
1,<environment.Job instance at 0x14ef14bf6870>,16,1,[5 1],22,22,23,0,22
1,<environment.Job instance at 0x14ef24041870>,25,1,[5 2],39,40,41,1,40
1,<environment.Job instance at 0x14ef161c97d0>,27,1,[7 2],42,42,43,0,42
1,<environment.Job instance at 0x14ef1618db40>,28,1,[2 8],43,43,44,0,43
1,<environment.Job instance at 0x14ef161c9640>,29,2,[2 9],44,44,46,0,44
1,<environment.Job instance at 0x14ef1298a3c0>,31,2,[7 1],47,47,49,0,47
1,<environment.Job instance at 0x14ef1298a960>,32,1,[ 1 10],48,48,49,0,48
1,<environment.Job instance at 0x14ef1287c410>,33,26,[2 5],49,49,75,0,49
1,<environment.Job instance at 0x14ef1297dd70>,38,1,[10  2],59,59,60,0,59
1,<environment.Job instance at 0x14ef11ac5140>,45,2,[ 2 13],69,75,77,6,69
1,<environment.Job instance at 0x14ef161c9370>,26,13,[7 2],40,1797,1810,1757,1797
1,<environment.Job instance at 0x14ef640cdd70>,1,28,[2 5],3,3,31,0,3
1,<environment.Job instance at 0x14ef15cb9f50>,5,16,[ 1 11],7,31,47,24,27
1,<environment.Job instance at 0x14ef14d559b0>,23,25,[9 1],33,34,59,1,34
1,<environment.Job instance at 0x14ef170ec5a0>,30,1,[6 2],41,47,48,6,45
1,<environment.Job instance at 0x14ef170ec870>,31,1,[9 1],42,59,60,17,45
1,<environment.Job instance at 0x14ef11b060f0>,32,1,[2 5],44,48,49,4,45
1,<environment.Job instance at 0x14ef14ac14b0>,34,1,[2 7],48,48,49,0,48
1,<environment.Job instance at 0x14ef14ac1460>,35,2,[ 1 14],50,50,52,0,50
1,<environment.Job instance at 0x14ef14ac11e0>,36,1,[7 2],51,60,61,9,51
1,<environment.Job instance at 0x14ef15d29690>,39,1,[2 5],54,56,57,2,56
1,<environment.Job instance at 0x14ef15d290f0>,40,2,[1 5],56,56,58,0,56
1,<environment.Job instance at 0x14ef640ce2d0>,43,26,[5 2],59,71,97,12,71
1,<environment.Job instance at 0x14ef640ce9b0>,45,2,[2 6],61,71,73,10,71
1,<environment.Job instance at 0x14ef170df9b0>,49,2,[6 1],66,74,76,8,74
1,<environment.Job instance at 0x14ef1897fc80>,6,1,[2 6],8,103,104,95,103
1,<environment.Job instance at 0x14ef15cb9780>,7,1,[1 5],10,103,104,93,103
1,<environment.Job instance at 0x14ef15cb9280>,8,2,[2 8],11,2238,2240,2227,2238
1,<environment.Job instance at 0x152872d5f140>,15,1,[ 1 10],20,20,21,0,20
1,<environment.Job instance at 0x152872dacc80>,18,2,[10  1],25,25,27,0,25
1,<environment.Job instance at 0x152872dac0a0>,20,2,[ 1 13],27,27,29,0,27
1,<environment.Job instance at 0x152872def9b0>,22,1,[2 7],30,30,31,0,30
1,<environment.Job instance at 0x152872d63500>,23,2,[8 1],31,31,33,0,31
1,<environment.Job instance at 0x152872d9f4b0>,27,2,[2 7],36,36,38,0,36
1,<environment.Job instance at 0x152872da7d20>,28,2,[2 7],37,37,39,0,37
1,<environment.Job instance at 0x152872d46230>,34,15,[11  1],44,49,64,5,49
1,<environment.Job instance at 0x152872d510a0>,41,25,[12  2],54,64,89,10,61
1,<environment.Job instance at 0x152872d3a640>,47,1,[1 6],63,63,64,0,63
1,<environment.Job instance at 0x15287287f4b0>,48,1,[2 9],65,65,66,0,65
1,<environment.Job instance at 0x152872d3ab40>,51,2,[8 2],69,89,91,20,83
1,<environment.Job instance at 0x152872d35e10>,52,2,[1 7],72,83,85,11,83
1,<environment.Job instance at 0x152872d350f0>,53,3,[6 1],73,89,92,16,83
1,<environment.Job instance at 0x152872d35cd0>,54,2,[2 5],75,83,85,8,83
1,<environment.Job instance at 0x152872d355a0>,55,16,[2 5],76,91,107,15,83
1,<environment.Job instance at 0x152872cf9dc0>,30,15,[2 9],40,165,180,125,165
1,<environment.Job instance at 0x152872d466e0>,32,3,[2 9],42,338,341,296,338
1,<environment.Job instance at 0x152872cf94b0>,31,3,[9 2],41,457,460,416,457
1,<environment.Job instance at 0x152874e34280>,9,1,[13  1],14,15,16,1,15
1,<environment.Job instance at 0x152874e34550>,11,1,[2 5],16,16,17,0,16
1,<environment.Job instance at 0x152874dc1370>,12,2,[ 2 10],17,17,19,0,17
1,<environment.Job instance at 0x152874ec2960>,19,2,[ 1 10],29,29,31,0,29
1,<environment.Job instance at 0x152874ed97d0>,27,1,[7 2],40,40,41,0,40
1,<environment.Job instance at 0x152874ed9be0>,29,2,[2 6],42,42,44,0,42
1,<environment.Job instance at 0x152874ed9fa0>,31,2,[1 9],46,46,48,0,46
1,<environment.Job instance at 0x152874ede7d0>,32,1,[2 7],47,48,49,1,47
1,<environment.Job instance at 0x152874edefa0>,33,1,[2 5],48,48,49,0,48
1,<environment.Job instance at 0x152874ee2c80>,36,1,[5 1],51,51,52,0,51
1,<environment.Job instance at 0x152874ee25f0>,44,1,[2 8],61,61,62,0,61
1,<environment.Job instance at 0x152874ee29b0>,45,1,[ 2 10],62,62,63,0,62
1,<environment.Job instance at 0x152874ee2a50>,46,1,[ 2 14],63,63,64,0,63
1,<environment.Job instance at 0x152874ee2460>,40,13,[ 1 10],56,64,77,8,63
1,<environment.Job instance at 0x152874e1f640>,49,18,[1 8],66,77,95,11,66
1,<environment.Job instance at 0x15287516b280>,51,3,[11  2],71,103,106,32,103
1,<environment.Job instance at 0x152874e25cd0>,54,1,[8 1],74,106,107,32,103
1,<environment.Job instance at 0x152874e259b0>,58,1,[1 6],79,103,104,24,103
1,<environment.Job instance at 0x152874e1f2d0>,52,3,[ 2 10],72,104,107,32,103
1,<environment.Job instance at 0x152874ede500>,35,2,[14  1],50,180,182,130,180
1,<environment.Job instance at 0x152874ede500>,2,1,[1 8],6,7,8,1,7
1,<environment.Job instance at 0x152874ec5550>,1,3,[12  1],4,14,17,10,14
1,<environment.Job instance at 0x15287625da50>,3,15,[1 6],7,51,66,44,51
1,<environment.Job instance at 0x15287625d460>,8,27,[1 8],13,63,90,50,63
1,<environment.Job instance at 0x152874ddcd20>,9,3,[1 9],14,1932,1935,1918,1932
1,<environment.Job instance at 0x152874ddcb90>,10,2,[7 2],15,2013,2015,1998,2013
1,<environment.Job instance at 0x152872db4820>,2,1,[2 6],6,6,7,0,6
1,<environment.Job instance at 0x152872e0a140>,11,1,[7 2],23,23,24,0,23
1,<environment.Job instance at 0x152876617dc0>,13,2,[ 2 12],26,26,28,0,26
1,<environment.Job instance at 0x15287ec29910>,18,2,[6 2],32,32,34,0,32
1,<environment.Job instance at 0x15287beaa8c0>,19,1,[1 5],33,33,34,0,33
1,<environment.Job instance at 0x152878ded6e0>,22,3,[ 1 13],36,36,39,0,36
1,<environment.Job instance at 0x15287c51ec30>,24,21,[ 2 13],40,40,61,0,40
1,<environment.Job instance at 0x1528766dfa00>,30,18,[8 1],47,52,70,5,52
1,<environment.Job instance at 0x15287d36fbe0>,39,2,[10  1],59,70,72,11,59
1,<environment.Job instance at 0x15287d36fa50>,41,17,[7 1],62,72,89,10,62
1,<environment.Job instance at 0x15287c6ac9b0>,42,1,[2 5],64,64,65,0,64
1,<environment.Job instance at 0x15287511d730>,48,2,[2 5],74,76,78,2,76
1,<environment.Job instance at 0x152877553910>,49,1,[ 2 10],75,78,79,3,76
1,<environment.Job instance at 0x1528775530f0>,50,14,[8 1],76,84,98,8,84
1,<environment.Job instance at 0x152872cd53c0>,51,2,[ 1 10],77,89,91,12,84
1,<environment.Job instance at 0x15287c58a0f0>,17,13,[ 1 11],31,113,126,82,113
1,<environment.Job instance at 0x1528766de320>,21,3,[ 2 10],35,126,129,91,126
1,<environment.Job instance at 0x1528766dfd70>,31,1,[5 2],48,156,157,108,156
1,<environment.Job instance at 0x15287f5b26e0>,2,1,[6 1],3,4,5,1,4
1,<environment.Job instance at 0x15287263d780>,10,2,[2 7],21,21,23,0,21
1,<environment.Job instance at 0x15287263da50>,11,2,[9 2],22,22,24,0,22
1,<environment.Job instance at 0x1528742eb780>,23,2,[ 2 12],40,48,50,8,48
1,<environment.Job instance at 0x15287f96bc80>,24,1,[6 2],41,48,49,7,48
1,<environment.Job instance at 0x1528726038c0>,16,1,[1 8],28,1330,1331,1302,1330
1,<environment.Job instance at 0x1528722dac80>,1,2,[5 1],3,3,5,0,3
1,<environment.Job instance at 0x15287631f410>,2,1,[2 7],4,4,5,0,4
1,<environment.Job instance at 0x15287631f5f0>,3,2,[10  2],5,5,7,0,5
1,<environment.Job instance at 0x15287631f280>,4,2,[6 1],6,7,9,1,6
1,<environment.Job instance at 0x15287631ff00>,10,1,[7 2],16,16,17,0,16
1,<environment.Job instance at 0x15287507f690>,15,26,[9 1],24,24,50,0,24
1,<environment.Job instance at 0x152876342cd0>,23,27,[1 7],35,38,65,3,38
1,<environment.Job instance at 0x1528763426e0>,28,2,[1 5],45,45,47,0,45
1,<environment.Job instance at 0x152876342320>,31,1,[5 1],49,49,50,0,49
1,<environment.Job instance at 0x152876342280>,32,3,[1 5],50,50,53,0,50
1,<environment.Job instance at 0x15287d180b90>,33,2,[1 9],51,65,67,14,51
1,<environment.Job instance at 0x15287d180cd0>,34,3,[2 8],52,53,56,1,52
1,<environment.Job instance at 0x15287d180fa0>,35,1,[1 8],55,56,57,1,55
1,<environment.Job instance at 0x15287d1805f0>,41,2,[1 7],62,62,64,0,62
1,<environment.Job instance at 0x15287d180dc0>,42,15,[1 5],63,64,79,1,63
1,<environment.Job instance at 0x15287507e3c0>,44,2,[1 8],66,67,69,1,66
1,<environment.Job instance at 0x15287507e5f0>,45,2,[1 5],68,69,71,1,68
1,<environment.Job instance at 0x15287507ee60>,49,14,[14  1],72,82,96,10,82
1,<environment.Job instance at 0x152876342410>,24,15,[2 8],38,240,255,202,240
1,<environment.Job instance at 0x15287d180230>,40,3,[10  1],61,265,268,204,265
1,<environment.Job instance at 0x15287507e2d0>,48,1,[8 2],71,291,292,220,291
1,<environment.Job instance at 0x15287507e370>,47,1,[2 8],70,428,429,358,428
1,<environment.Job instance at 0x152872e68f50>,0,2,[1 7],1,1,3,0,1
1,<environment.Job instance at 0x15287507e780>,1,1,[1 5],2,2,3,0,2
1,<environment.Job instance at 0x15287511ad70>,9,3,[6 1],10,10,13,0,10
1,<environment.Job instance at 0x15287511a1e0>,10,2,[1 8],11,11,13,0,11
1,<environment.Job instance at 0x15287511a3c0>,12,2,[2 8],13,13,15,0,13
1,<environment.Job instance at 0x152872e19820>,13,3,[5 2],16,16,19,0,16
1,<environment.Job instance at 0x15287237e3c0>,14,1,[6 2],18,18,19,0,18
1,<environment.Job instance at 0x15287502d6e0>,15,2,[2 8],19,19,21,0,19
1,<environment.Job instance at 0x1528763824b0>,16,1,[6 2],21,21,22,0,21
1,<environment.Job instance at 0x15287502d3c0>,17,1,[2 9],22,22,23,0,22
1,<environment.Job instance at 0x15287cf6abe0>,18,27,[ 2 10],23,23,50,0,23
1,<environment.Job instance at 0x15287227aeb0>,29,1,[7 2],38,38,39,0,38
1,<environment.Job instance at 0x15287227a230>,31,2,[5 2],40,40,42,0,40
1,<environment.Job instance at 0x15287247c1e0>,34,19,[2 9],46,50,69,4,46
1,<environment.Job instance at 0x1528738ab4b0>,35,13,[12  2],47,71,84,24,71
1,<environment.Job instance at 0x1528738ab320>,38,2,[1 5],50,71,73,21,71
1,<environment.Job instance at 0x15287d19b730>,42,1,[1 9],55,73,74,18,71
1,<environment.Job instance at 0x15287f5aae10>,45,1,[2 6],58,71,72,13,71
1,<environment.Job instance at 0x15287f5aa960>,46,1,[2 8],60,72,73,12,71
1,<environment.Job instance at 0x15287f5aa3c0>,47,1,[2 6],61,74,75,13,71
1,<environment.Job instance at 0x152871e8d190>,51,17,[9 1],66,84,101,18,79
1,<environment.Job instance at 0x152877570dc0>,53,1,[10  1],68,101,102,33,79
1,<environment.Job instance at 0x152871e8df00>,54,1,[1 8],69,79,80,10,79
1,<environment.Job instance at 0x15287c713cd0>,56,2,[2 6],71,80,82,9,80
1,<environment.Job instance at 0x15287523ec80>,57,3,[9 2],72,102,105,30,80
1,<environment.Job instance at 0x15287523ea00>,58,2,[10  2],73,105,107,32,80
1,<environment.Job instance at 0x15287215d960>,61,2,[1 6],77,96,98,19,96
1,<environment.Job instance at 0x15287519f820>,7,15,[7 2],8,240,255,232,240
1,<environment.Job instance at 0x15287511a6e0>,8,16,[2 8],9,252,268,243,252
1,<environment.Job instance at 0x1528738ab9b0>,36,17,[9 2],48,1426,1443,1378,1426
1,<environment.Job instance at 0x1528738ab910>,1,2,[1 8],2,2,4,0,2
1,<environment.Job instance at 0x1528738ab9b0>,3,1,[2 5],4,4,5,0,4
1,<environment.Job instance at 0x152875cfd3c0>,8,25,[12  1],9,17,42,8,17
1,<environment.Job instance at 0x152875ceb780>,21,2,[7 1],32,42,44,10,36
1,<environment.Job instance at 0x15287618e690>,24,2,[5 1],37,42,44,5,37
1,<environment.Job instance at 0x15287d2c4f00>,31,18,[1 5],47,52,70,5,52
1,<environment.Job instance at 0x15287d2c79b0>,37,26,[2 8],58,65,91,7,65
1,<environment.Job instance at 0x152875cfb050>,9,1,[ 2 10],10,105,106,95,105
1,<environment.Job instance at 0x152875cfd6e0>,10,2,[10  2],12,161,163,149,161
1,<environment.Job instance at 0x152875d080a0>,0,2,[6 2],1,1,3,0,1
1,<environment.Job instance at 0x152871c64f00>,4,27,[1 7],5,6,33,1,6
1,<environment.Job instance at 0x152871a74550>,17,2,[1 8],27,30,32,3,30
1,<environment.Job instance at 0x152871bfc280>,18,1,[10  2],28,32,33,4,30
1,<environment.Job instance at 0x152871be0050>,19,3,[2 8],29,33,36,4,32
1,<environment.Job instance at 0x152871a749b0>,21,2,[8 2],35,35,37,0,35
1,<environment.Job instance at 0x1528721ed500>,22,1,[ 1 12],36,36,37,0,36
1,<environment.Job instance at 0x1528c40e7a50>,24,1,[8 1],39,39,40,0,39
1,<environment.Job instance at 0x1528761b16e0>,25,3,[1 9],41,41,44,0,41
1,<environment.Job instance at 0x152876254c80>,26,1,[2 9],44,44,45,0,44
1,<environment.Job instance at 0x15287c6264b0>,27,2,[7 2],45,45,47,0,45
1,<environment.Job instance at 0x1528724f8be0>,28,12,[7 1],46,46,58,0,46
1,<environment.Job instance at 0x1528763838c0>,5,21,[1 8],6,83,104,77,83
1,<environment.Job instance at 0x15287d1839b0>,10,1,[10  2],17,17,18,0,17
1,<environment.Job instance at 0x152874e01910>,4,25,[8 1],9,18,43,9,17
1,<environment.Job instance at 0x152871dcbc80>,20,19,[2 5],30,42,61,12,42
1,<environment.Job instance at 0x15287c5e0550>,31,1,[6 2],43,57,58,14,57
1,<environment.Job instance at 0x152872e12d20>,32,2,[2 7],44,57,59,13,57
1,<environment.Job instance at 0x152875137230>,36,2,[1 9],49,80,82,31,80
1,<environment.Job instance at 0x152875137140>,37,2,[7 2],50,80,82,30,80
1,<environment.Job instance at 0x152872e5c0a0>,45,25,[9 1],61,92,117,31,92
1,<environment.Job instance at 0x152872e5c870>,48,21,[2 5],65,106,127,41,106
1,<environment.Job instance at 0x15287d183af0>,7,2,[10  2],13,170,172,157,170
1,<environment.Job instance at 0x15287d183820>,15,3,[9 2],23,177,180,154,177
1,<environment.Job instance at 0x15287d183a50>,16,13,[1 9],24,2516,2529,2492,2516
1,<environment.Job instance at 0x15287becea50>,0,2,[5 2],1,1,3,0,1
1,<environment.Job instance at 0x152872327500>,2,1,[1 7],3,3,4,0,3
1,<environment.Job instance at 0x15287d2f3dc0>,4,1,[6 2],7,7,8,0,7
1,<environment.Job instance at 0x1528724f8c80>,6,1,[2 6],10,10,11,0,10
1,<environment.Job instance at 0x152872450aa0>,11,2,[9 2],16,16,18,0,16
1,<environment.Job instance at 0x1528724505a0>,13,2,[ 1 10],18,18,20,0,18
1,<environment.Job instance at 0x152871ad8fa0>,15,17,[12  1],20,162,179,142,162
1,<environment.Job instance at 0x1528720dd0f0>,36,1,[13  1],45,179,180,134,178
1,<environment.Job instance at 0x1528720dd690>,38,1,[5 1],47,180,181,133,178
1,<environment.Job instance at 0x1528720c2910>,45,22,[8 1],55,180,202,125,178
1,<environment.Job instance at 0x1528720c25a0>,56,22,[2 6],69,207,229,138,207
1,<environment.Job instance at 0x15287c719f50>,57,1,[ 1 14],70,229,230,159,207
1,<environment.Job instance at 0x152876354e60>,59,1,[6 1],72,217,218,145,217
1,<environment.Job instance at 0x152872450d20>,16,1,[8 2],23,261,262,238,261
1,<environment.Job instance at 0x152872450fa0>,17,17,[7 1],24,342,359,318,342
1,<environment.Job instance at 0x15287c5193c0>,18,17,[2 7],25,2410,2427,2385,2410
1,<environment.Job instance at 0x15287c719050>,0,3,[ 2 14],2,14,17,12,14
1,<environment.Job instance at 0x152872595f00>,2,1,[ 2 10],4,17,18,13,15
1,<environment.Job instance at 0x152872892c30>,9,1,[1 5],17,17,18,0,17
1,<environment.Job instance at 0x15287c689fa0>,11,27,[5 1],20,20,47,0,20
1,<environment.Job instance at 0x15287c689e10>,12,15,[14  1],21,248,263,227,248
1,<environment.Job instance at 0x15287c689af0>,16,1,[2 9],26,263,264,237,248
1,<environment.Job instance at 0x15287c689be0>,19,1,[7 2],32,263,264,231,248
1,<environment.Job instance at 0x15287c689a00>,22,25,[6 1],35,263,288,228,259
1,<environment.Job instance at 0x15287c5efcd0>,28,1,[1 9],44,259,260,215,259
1,<environment.Job instance at 0x15287c5efe10>,29,1,[8 2],47,264,265,217,259
1,<environment.Job instance at 0x15287d2cac30>,30,22,[2 5],49,265,287,216,260
1,<environment.Job instance at 0x15287d2cae10>,33,26,[ 2 13],53,287,313,234,284
1,<environment.Job instance at 0x15287d2ca640>,36,2,[12  1],57,291,293,234,291
1,<environment.Job instance at 0x15287a8661e0>,44,1,[6 2],67,299,300,232,299
1,<environment.Job instance at 0x15287a866370>,45,2,[ 1 10],68,313,315,245,299
1,<environment.Job instance at 0x15287a866c30>,46,2,[2 7],69,315,317,246,299
1,<environment.Job instance at 0x152872595d20>,1,3,[1 8],3,325,328,322,325
1,<environment.Job instance at 0x15287c689280>,13,2,[1 9],22,342,344,320,342
1,<environment.Job instance at 0x152871f06e60>,3,2,[ 1 11],7,7,9,0,7
1,<environment.Job instance at 0x152871f06a50>,5,1,[1 8],10,10,11,0,10
1,<environment.Job instance at 0x152871f06140>,6,2,[2 9],11,11,13,0,11
1,<environment.Job instance at 0x152871f06fa0>,7,2,[8 2],12,12,14,0,12
1,<environment.Job instance at 0x1528721730f0>,9,28,[5 2],14,16,44,2,16
1,<environment.Job instance at 0x1528721739b0>,12,3,[ 2 14],17,44,47,27,39
1,<environment.Job instance at 0x1528750d44b0>,32,26,[1 6],41,57,83,16,57
1,<environment.Job instance at 0x152872d85b40>,34,23,[2 6],44,58,81,14,58
1,<environment.Job instance at 0x152872d85230>,35,23,[9 1],46,70,93,24,70
1,<environment.Job instance at 0x152878ddf960>,45,3,[12  1],59,93,96,34,81
1,<environment.Job instance at 0x152878ddf870>,46,20,[8 1],60,96,116,36,87
1,<environment.Job instance at 0x152871e6d2d0>,54,3,[11  1],79,116,119,37,115
1,<environment.Job instance at 0x152872d85c80>,33,16,[2 9],42,210,226,168,210
1,<environment.Job instance at 0x152872173140>,11,2,[ 1 10],16,252,254,236,252
1,<environment.Job instance at 0x1528738ca730>,10,2,[ 1 12],19,20,22,1,20
1,<environment.Job instance at 0x152872249870>,12,2,[5 2],21,21,23,0,21
1,<environment.Job instance at 0x1528722495f0>,13,21,[5 1],22,22,43,0,22
1,<environment.Job instance at 0x152872249d70>,19,1,[2 7],30,30,31,0,30
1,<environment.Job instance at 0x1528722492d0>,20,2,[1 8],31,31,33,0,31
1,<environment.Job instance at 0x152872249410>,23,2,[2 7],36,36,38,0,36
1,<environment.Job instance at 0x15287262a820>,24,22,[ 2 10],37,38,60,1,37
1,<environment.Job instance at 0x15287262a0a0>,29,1,[7 1],44,44,45,0,44
1,<environment.Job instance at 0x15287262a140>,30,2,[5 2],45,45,47,0,45
1,<environment.Job instance at 0x15287262a780>,33,2,[ 1 10],48,60,62,12,48
1,<environment.Job instance at 0x15287262a8c0>,35,1,[2 6],52,62,63,10,52
1,<environment.Job instance at 0x1528761b7fa0>,38,2,[8 2],55,55,57,0,55
1,<environment.Job instance at 0x1528738caa00>,5,2,[5 2],13,63,65,50,63
1,<environment.Job instance at 0x1528738ca230>,11,16,[2 9],20,64,80,44,64
1,<environment.Job instance at 0x15287c532aa0>,49,1,[ 2 10],74,80,81,6,74
1,<environment.Job instance at 0x15287c532f50>,50,2,[2 8],75,81,83,6,75
1,<environment.Job instance at 0x15287c532960>,47,3,[ 2 13],72,83,86,11,83
1,<environment.Job instance at 0x15287c532410>,48,14,[2 6],73,111,125,38,111
1,<environment.Job instance at 0x1528761bf870>,18,28,[1 6],27,29,57,2,29
1,<environment.Job instance at 0x152871cdc5a0>,24,2,[ 2 10],36,57,59,21,53
1,<environment.Job instance at 0x152871cdc870>,26,1,[1 9],39,53,54,14,53
1,<environment.Job instance at 0x152871cdc8c0>,27,1,[2 7],40,54,55,14,53
1,<environment.Job instance at 0x1528766aed20>,30,2,[ 2 10],45,59,61,14,53
1,<environment.Job instance at 0x1528766ae140>,33,20,[ 2 11],48,86,106,38,86
1,<environment.Job instance at 0x152876184820>,57,26,[8 1],78,107,133,29,107
1,<environment.Job instance at 0x15287a85e960>,3,1,[9 1],4,152,153,148,152
1,<environment.Job instance at 0x152871e38640>,11,1,[7 1],17,172,173,155,172
1,<environment.Job instance at 0x152871f0a190>,13,3,[1 5],20,228,231,208,228
1,<environment.Job instance at 0x1528720eed20>,0,27,[6 1],1,1,28,0,1
1,<environment.Job instance at 0x152872d37b40>,10,1,[6 1],15,16,17,1,16
1,<environment.Job instance at 0x15287ec3f5a0>,11,28,[14  1],18,28,56,10,27
1,<environment.Job instance at 0x15287d1ac1e0>,18,2,[11  2],26,56,58,30,47
1,<environment.Job instance at 0x15287f4f7eb0>,20,2,[1 8],29,47,49,18,47
1,<environment.Job instance at 0x152872d60eb0>,22,1,[1 5],31,49,50,18,47
1,<environment.Job instance at 0x152876383e10>,27,1,[ 1 10],37,50,51,13,47
1,<environment.Job instance at 0x15287ebf7f00>,29,2,[2 6],39,56,58,17,47
1,<environment.Job instance at 0x152874310c30>,32,2,[8 2],43,58,60,15,47
1,<environment.Job instance at 0x152874310370>,33,2,[12  1],45,60,62,15,54
1,<environment.Job instance at 0x1528743102d0>,35,1,[2 8],47,58,59,11,54
1,<environment.Job instance at 0x1528765cbd70>,38,15,[2 5],50,68,83,18,68
1,<environment.Job instance at 0x1528765cbbe0>,40,2,[1 8],53,68,70,15,68
1,<environment.Job instance at 0x1528765cbe60>,41,17,[7 1],54,69,86,15,69
1,<environment.Job instance at 0x152872d53280>,5,13,[2 8],7,75,88,68,75
1,<environment.Job instance at 0x1528765cbaf0>,46,16,[7 1],61,90,106,29,90
1,<environment.Job instance at 0x15287c523500>,57,17,[8 1],77,102,119,25,102
1,<environment.Job instance at 0x152872d85cd0>,58,1,[ 2 13],78,113,114,35,113
1,<environment.Job instance at 0x152872d856e0>,59,2,[2 5],79,114,116,35,113
1,<environment.Job instance at 0x152871f0a190>,4,2,[2 9],5,125,127,120,125
1,<environment.Job instance at 0x1528765cb4b0>,45,1,[10  2],60,125,126,65,125
1,<environment.Job instance at 0x152872d37870>,9,16,[5 2],13,145,161,132,145
1,<environment.Job instance at 0x15287d1fbf50>,4,1,[6 2],7,7,8,0,7
1,<environment.Job instance at 0x152874d681e0>,13,1,[2 8],23,24,25,1,24
1,<environment.Job instance at 0x15287233d730>,17,1,[ 1 10],28,28,29,0,28
1,<environment.Job instance at 0x15287233da00>,18,26,[2 5],29,29,55,0,29
1,<environment.Job instance at 0x152875007eb0>,32,28,[2 5],53,53,81,0,53
1,<environment.Job instance at 0x15287c5ac190>,0,1,[9 1],1,1,2,0,1
1,<environment.Job instance at 0x152871a9a4b0>,1,1,[1 8],2,2,3,0,2
1,<environment.Job instance at 0x1528720ebfa0>,2,25,[9 1],3,3,28,0,3
1,<environment.Job instance at 0x152875120230>,14,2,[ 1 14],20,20,22,0,20
1,<environment.Job instance at 0x152874fd6f50>,19,2,[1 5],26,26,28,0,26
1,<environment.Job instance at 0x152871d10a00>,24,2,[2 6],31,35,37,4,35
1,<environment.Job instance at 0x1528724c8410>,28,2,[6 1],36,36,38,0,36
1,<environment.Job instance at 0x1528724c8140>,29,1,[5 1],37,37,38,0,37
1,<environment.Job instance at 0x152872887410>,33,1,[ 1 10],45,45,46,0,45
1,<environment.Job instance at 0x152871e7c140>,37,21,[10  2],52,53,74,1,53
1,<environment.Job instance at 0x15287a866f00>,41,13,[1 5],61,61,74,0,61
1,<environment.Job instance at 0x15287506e0f0>,42,2,[6 1],63,74,76,11,63
1,<environment.Job instance at 0x15287506edc0>,43,1,[ 1 12],64,74,75,10,64
1,<environment.Job instance at 0x152871cde0f0>,44,1,[10  2],65,76,77,11,65
1,<environment.Job instance at 0x152876686230>,45,3,[2 9],66,75,78,9,66
1,<environment.Job instance at 0x152874fd6c80>,23,1,[8 2],30,74,75,44,66
1,<environment.Job instance at 0x152872e0d910>,48,1,[9 1],70,77,78,7,70
1,<environment.Job instance at 0x152872155e10>,49,20,[9 1],71,78,98,7,71
1,<environment.Job instance at 0x15287c6b3410>,51,2,[13  1],74,98,100,24,79
1,<environment.Job instance at 0x152871a99230>,53,1,[5 1],76,79,80,3,79
1,<environment.Job instance at 0x152871a99050>,52,1,[12  2],75,100,101,25,87
1,<environment.Job instance at 0x15287a866a50>,38,22,[2 9],53,106,128,53,106
1,<environment.Job instance at 0x152871d10190>,25,3,[1 9],32,217,220,185,217
1,<environment.Job instance at 0x15287669dcd0>,0,2,[1 6],6,6,8,0,6
1,<environment.Job instance at 0x152871d4f460>,4,2,[2 6],14,15,17,1,15
1,<environment.Job instance at 0x152871b2d8c0>,23,2,[1 6],38,39,41,1,39
1,<environment.Job instance at 0x152872e21230>,26,1,[ 1 13],41,42,43,1,42
1,<environment.Job instance at 0x152871e4cd70>,24,1,[2 5],39,45,46,6,45
1,<environment.Job instance at 0x15287f979280>,27,12,[ 1 14],42,49,61,7,49
1,<environment.Job instance at 0x15287d373be0>,30,1,[11  1],53,67,68,14,67
1,<environment.Job instance at 0x152872e69730>,36,1,[6 1],60,68,69,8,67
1,<environment.Job instance at 0x152872e69550>,38,1,[1 5],62,67,68,5,67
1,<environment.Job instance at 0x15287431ec30>,44,2,[9 2],71,80,82,9,80
1,<environment.Job instance at 0x15287431eaf0>,45,2,[2 7],75,80,82,5,80
1,<environment.Job instance at 0x15287431e550>,46,1,[8 1],76,82,83,6,80
1,<environment.Job instance at 0x152871c0b5a0>,48,1,[1 8],78,82,83,4,80
1,<environment.Job instance at 0x15287d2a4b90>,32,2,[1 6],55,89,91,34,89
1,<environment.Job instance at 0x152872887230>,34,1,[6 1],57,249,250,192,249
1,<environment.Job instance at 0x15287f5aa5a0>,1,1,[ 2 10],2,2,3,0,2
1,<environment.Job instance at 0x1528720eb6e0>,5,1,[9 2],8,8,9,0,8
1,<environment.Job instance at 0x1528720ebfa0>,7,2,[1 5],10,10,12,0,10
1,<environment.Job instance at 0x152872229af0>,17,3,[1 7],23,27,30,4,27
1,<environment.Job instance at 0x1528738c7500>,24,1,[1 6],31,31,32,0,31
1,<environment.Job instance at 0x152874dcde10>,29,17,[12  1],37,259,276,222,259
1,<environment.Job instance at 0x152874dcd1e0>,37,2,[1 7],46,263,265,217,263
1,<environment.Job instance at 0x152874dcdd70>,38,2,[1 6],47,263,265,216,263
1,<environment.Job instance at 0x152874dcdd20>,43,2,[9 1],54,276,278,222,267
1,<environment.Job instance at 0x15287259e780>,54,2,[2 9],70,292,294,222,292
1,<environment.Job instance at 0x14bcbed53fa0>,2,1,[2 5],3,3,4,0,3
1,<environment.Job instance at 0x14bc6850dbe0>,3,1,[6 2],4,4,5,0,4
1,<environment.Job instance at 0x14bc6850de60>,4,2,[7 2],5,5,7,0,5
1,<environment.Job instance at 0x14bc6850d820>,6,18,[8 1],7,7,25,0,7
1,<environment.Job instance at 0x14bc68c67910>,18,2,[10  1],25,25,27,0,25
1,<environment.Job instance at 0x14bc68c90550>,20,2,[ 1 13],27,27,29,0,27
1,<environment.Job instance at 0x14bc68c90fa0>,22,1,[2 7],30,30,31,0,30
1,<environment.Job instance at 0x14bc68c2a910>,23,2,[8 1],31,31,33,0,31
1,<environment.Job instance at 0x14bc68c18230>,33,1,[2 7],43,44,45,1,44
1,<environment.Job instance at 0x14bc68c1e780>,37,2,[ 1 10],50,50,52,0,50
1,<environment.Job instance at 0x14bc68c69320>,41,25,[12  2],54,54,79,0,54
1,<environment.Job instance at 0x14bc68c35af0>,52,2,[1 7],72,72,74,0,72
1,<environment.Job instance at 0x14bc68c3e410>,54,2,[2 5],75,75,77,0,75
1,<environment.Job instance at 0x14bc68776be0>,55,16,[2 5],76,77,93,1,76
1,<environment.Job instance at 0x14bc68c40280>,57,22,[1 5],80,83,105,3,83
1,<environment.Job instance at 0x14bc68523af0>,3,1,[13  1],4,4,5,0,4
1,<environment.Job instance at 0x14bc6ac9f140>,5,1,[2 5],6,6,7,0,6
1,<environment.Job instance at 0x14bc6ac9f910>,6,2,[ 2 10],7,7,9,0,7
1,<environment.Job instance at 0x14bc6adb0550>,11,1,[1 6],17,17,18,0,17
1,<environment.Job instance at 0x14bc6ada69b0>,12,2,[2 5],18,18,20,0,18
1,<environment.Job instance at 0x14bc6ada6b40>,13,2,[ 1 10],19,19,21,0,19
1,<environment.Job instance at 0x14bc6adbde60>,20,2,[ 1 10],28,28,30,0,28
1,<environment.Job instance at 0x14bc6adbdd70>,21,1,[7 2],30,30,31,0,30
1,<environment.Job instance at 0x14bc6adc2280>,24,1,[1 5],33,33,34,0,33
1,<environment.Job instance at 0x14bc6adc25f0>,25,2,[1 9],36,36,38,0,36
1,<environment.Job instance at 0x14bc6adc2d70>,26,1,[2 7],37,38,39,1,37
1,<environment.Job instance at 0x14bc6adc6460>,31,3,[2 8],42,42,45,0,42
1,<environment.Job instance at 0x14bc6adc6370>,29,2,[14  1],40,47,49,7,47
1,<environment.Job instance at 0x14bc6ad7c2d0>,39,1,[ 2 10],52,52,53,0,52
1,<environment.Job instance at 0x14bc6ad7caa0>,40,1,[ 2 14],53,53,54,0,53
1,<environment.Job instance at 0x14bc6ad09e60>,44,2,[ 1 10],60,60,62,0,60
1,<environment.Job instance at 0x14bc6ad09410>,45,3,[11  2],61,80,83,19,80
1,<environment.Job instance at 0x14bc6ad09e10>,48,1,[8 1],64,83,84,19,80
1,<environment.Job instance at 0x14bc6ad09960>,53,1,[1 7],70,80,81,10,80
1,<environment.Job instance at 0x14bc6ad09910>,55,3,[12  1],74,97,100,23,97
1,<environment.Job instance at 0x14bc6ad09190>,56,1,[1 8],76,97,98,21,97
1,<environment.Job instance at 0x14bc6ad097d0>,59,2,[1 8],79,98,100,19,97
1,<environment.Job instance at 0x14bc6ad039b0>,61,13,[ 1 14],82,104,117,22,104
1,<environment.Job instance at 0x14bc6adc6640>,30,1,[5 1],41,143,144,102,143
1,<environment.Job instance at 0x14bc6adc65a0>,32,12,[9 2],44,602,614,558,602
1,<environment.Job instance at 0x14bc6adc6230>,3,2,[1 9],8,8,10,0,8
1,<environment.Job instance at 0x14bc6c186960>,4,2,[ 2 10],11,11,13,0,11
1,<environment.Job instance at 0x14bc6c186c80>,7,2,[ 2 10],14,14,16,0,14
1,<environment.Job instance at 0x14bc6c19c2d0>,8,2,[2 9],15,16,18,1,15
1,<environment.Job instance at 0x14bc6c19cdc0>,9,17,[ 2 10],16,20,37,4,20
1,<environment.Job instance at 0x14bc6c19c230>,13,2,[ 1 10],21,37,39,16,21
1,<environment.Job instance at 0x14bc6c13ccd0>,15,1,[1 7],23,39,40,16,23
1,<environment.Job instance at 0x14bc6c13ceb0>,16,1,[2 9],24,40,41,16,24
1,<environment.Job instance at 0x14bc6c13ce10>,18,3,[ 2 10],27,41,44,14,27
1,<environment.Job instance at 0x14bc6acd00a0>,21,2,[8 2],31,35,37,4,35
1,<environment.Job instance at 0x14bc6ac41f00>,23,2,[2 5],33,37,39,4,35
1,<environment.Job instance at 0x14bc6ac417d0>,24,3,[6 1],34,39,42,5,35
1,<environment.Job instance at 0x14bc6ac41b90>,25,2,[10  1],35,42,44,7,35
1,<environment.Job instance at 0x14bc6c23cd70>,27,18,[8 1],38,44,62,6,38
1,<environment.Job instance at 0x14bc6b080550>,28,16,[1 6],39,46,62,7,46
1,<environment.Job instance at 0x14bc6b0803c0>,30,17,[7 1],42,62,79,20,55
1,<environment.Job instance at 0x14bc6af8dd70>,34,1,[9 1],51,79,80,28,71
1,<environment.Job instance at 0x14bc6af8d1e0>,35,12,[1 5],52,71,83,19,71
1,<environment.Job instance at 0x14bc6afffb90>,39,1,[ 1 10],57,80,81,23,74
1,<environment.Job instance at 0x14bc6afffd70>,40,2,[1 5],59,74,76,15,74
1,<environment.Job instance at 0x14bc6ae84730>,44,1,[2 6],66,79,80,13,79
1,<environment.Job instance at 0x14bc6ae84f00>,45,2,[1 6],67,81,83,14,79
1,<environment.Job instance at 0x14bc6afc5960>,46,18,[7 2],69,81,99,12,79
1,<environment.Job instance at 0x14bc6afc5550>,48,18,[10  1],76,99,117,23,96
1,<environment.Job instance at 0x14bc6afc5e60>,49,2,[7 2],77,96,98,19,96
1,<environment.Job instance at 0x14bc6ae8aeb0>,50,2,[2 5],78,98,100,20,96
1,<environment.Job instance at 0x14bc6ae8a050>,53,1,[7 2],83,117,118,34,96
1,<environment.Job instance at 0x14bc6ae8a8c0>,54,2,[5 2],84,100,102,16,96
1,<environment.Job instance at 0x14bc6ae8ad20>,55,2,[ 2 12],86,102,104,16,96
1,<environment.Job instance at 0x14bc6ae8a640>,58,16,[1 7],89,104,120,15,104
1,<environment.Job instance at 0x14bc6c186d70>,10,19,[ 1 10],18,166,185,148,166
1,<environment.Job instance at 0x14bc6c19cb90>,11,2,[9 1],19,229,231,210,229
1,<environment.Job instance at 0x14bc6aeafcd0>,2,1,[1 5],3,1371,1372,1368,1371
1,<environment.Job instance at 0x14bc6c0fb460>,5,3,[ 1 13],6,2102,2105,2096,2102
1,<environment.Job instance at 0x14bc725904b0>,0,1,[6 2],1,1,2,0,1
1,<environment.Job instance at 0x14bc684d90f0>,4,2,[1 9],11,241,243,230,241
1,<environment.Job instance at 0x14bc6c5865f0>,0,2,[1 9],1,1,3,0,1
1,<environment.Job instance at 0x14bc684d90f0>,2,1,[1 8],5,5,6,0,5
1,<environment.Job instance at 0x14bc68cddc80>,8,2,[1 7],12,12,14,0,12
1,<environment.Job instance at 0x14bc68cdd7d0>,11,2,[1 8],16,16,18,0,16
1,<environment.Job instance at 0x14bc6c033dc0>,15,1,[8 2],21,22,23,1,22
1,<environment.Job instance at 0x14bc6c0338c0>,17,2,[6 1],24,24,26,0,24
1,<environment.Job instance at 0x14bc6c033eb0>,20,3,[ 2 11],30,30,33,0,30
1,<environment.Job instance at 0x14bc6c033550>,21,2,[1 7],31,33,35,2,31
1,<environment.Job instance at 0x14bc6c033a00>,22,1,[1 5],32,33,34,1,32
1,<environment.Job instance at 0x14bc730dfeb0>,29,16,[2 8],39,53,69,14,53
1,<environment.Job instance at 0x14bc730dfcd0>,35,1,[6 2],48,60,61,12,60
1,<environment.Job instance at 0x14bc730dfc80>,36,2,[2 8],49,69,71,20,60
1,<environment.Job instance at 0x14bc730dfd20>,37,1,[6 2],51,60,61,9,60
1,<environment.Job instance at 0x14bc730dff50>,38,1,[2 9],52,71,72,19,60
1,<environment.Job instance at 0x14bc730df6e0>,39,27,[ 2 10],53,72,99,19,70
1,<environment.Job instance at 0x14bc67d57b90>,56,13,[12  2],77,136,149,59,136
1,<environment.Job instance at 0x14bc67d57dc0>,58,1,[6 2],79,149,150,70,136
1,<environment.Job instance at 0x14bc67d57190>,59,2,[1 5],80,136,138,56,136
1,<environment.Job instance at 0x14bc67d576e0>,60,1,[1 7],81,136,137,55,136
1,<environment.Job instance at 0x14bc67d57d20>,62,2,[1 5],83,137,139,54,136
1,<environment.Job instance at 0x14bc67d571e0>,63,1,[1 9],85,139,140,54,136
1,<environment.Job instance at 0x14bc67d57140>,64,1,[2 5],86,138,139,52,136
1,<environment.Job instance at 0x14bc67d57e60>,65,15,[7 1],87,149,164,62,137
1,<environment.Job instance at 0x14bc6c033960>,16,14,[14  1],22,1959,1973,1937,1959
1,<environment.Job instance at 0x14bc6c033870>,25,16,[1 5],35,1980,1996,1945,1980
1,<environment.Job instance at 0x14bc6c033370>,24,3,[1 6],34,1989,1992,1955,1989
1,<environment.Job instance at 0x14bc6805bd70>,0,1,[2 6],1,1,2,0,1
1,<environment.Job instance at 0x14bc6805b320>,5,3,[5 1],7,7,10,0,7
1,<environment.Job instance at 0x14bc6805b6e0>,6,1,[10  1],8,8,9,0,8
1,<environment.Job instance at 0x14bc680c8d20>,7,1,[1 8],9,9,10,0,9
1,<environment.Job instance at 0x14bc680c8640>,9,2,[2 6],11,11,13,0,11
1,<environment.Job instance at 0x14bc7248adc0>,11,2,[10  2],13,13,15,0,13
1,<environment.Job instance at 0x14bc6805bdc0>,13,16,[ 2 10],15,15,31,0,15
1,<environment.Job instance at 0x14bc68381a50>,14,2,[1 6],17,31,33,14,17
1,<environment.Job instance at 0x14bc6ae79640>,15,15,[2 6],19,31,46,12,22
1,<environment.Job instance at 0x14bc6ad26640>,25,25,[12  1],29,31,56,2,31
1,<environment.Job instance at 0x14bc6ad26e60>,26,1,[ 2 10],30,46,47,16,31
1,<environment.Job instance at 0x14bc6ac1d640>,33,23,[1 6],41,54,77,13,54
1,<environment.Job instance at 0x14bc6aeeb500>,34,12,[7 1],44,56,68,12,54
1,<environment.Job instance at 0x14bc6aeeb460>,38,2,[7 1],52,62,64,10,62
1,<environment.Job instance at 0x14bc6aeeb640>,39,18,[2 6],54,68,86,14,68
1,<environment.Job instance at 0x14bc67fa5b40>,48,18,[1 5],67,84,102,17,84
1,<environment.Job instance at 0x14bc684f06e0>,50,1,[1 9],72,97,98,25,97
1,<environment.Job instance at 0x14bc6afc95a0>,51,3,[2 9],74,100,103,26,100
1,<environment.Job instance at 0x14bc6afc9370>,52,1,[10  2],75,102,103,27,100
1,<environment.Job instance at 0x14bc6afc92d0>,53,1,[5 2],76,103,104,27,100
1,<environment.Job instance at 0x14bc6afc9cd0>,54,26,[2 8],78,103,129,25,100
1,<environment.Job instance at 0x14bc6805baa0>,4,17,[9 1],6,738,755,732,738
1,<environment.Job instance at 0x14bc680c81e0>,16,2,[7 2],20,789,791,769,789
1,<environment.Job instance at 0x14bc67e81cd0>,4,1,[2 8],9,10,11,1,10
1,<environment.Job instance at 0x14bc67d065a0>,6,2,[6 2],11,11,13,0,11
1,<environment.Job instance at 0x14bc67d06500>,9,2,[5 2],14,15,17,1,15
1,<environment.Job instance at 0x14bc67ce0370>,11,21,[1 8],16,16,37,0,16
1,<environment.Job instance at 0x14bc67ce07d0>,14,2,[ 1 10],20,37,39,17,20
1,<environment.Job instance at 0x14bc67ce09b0>,16,2,[5 1],23,23,25,0,23
1,<environment.Job instance at 0x14bc6c4f8820>,23,2,[1 8],37,39,41,2,37
1,<environment.Job instance at 0x14bc68ceed70>,24,1,[10  2],38,38,39,0,38
1,<environment.Job instance at 0x14bc7249c6e0>,25,3,[2 8],39,41,44,2,39
1,<environment.Job instance at 0x14bc6b026d70>,10,27,[1 7],15,40,67,25,40
1,<environment.Job instance at 0x14bc68448aa0>,28,1,[ 1 12],46,67,68,21,48
1,<environment.Job instance at 0x14bc67d009b0>,33,2,[7 2],55,55,57,0,55
1,<environment.Job instance at 0x14bc67cec6e0>,27,2,[8 2],45,57,59,12,56
1,<environment.Job instance at 0x14bc67cfebe0>,5,2,[7 2],10,1093,1095,1083,1093
1,<environment.Job instance at 0x14bc6bbf1f50>,4,25,[8 1],9,9,34,0,9
1,<environment.Job instance at 0x14bc6c234780>,11,2,[7 2],18,18,20,0,18
1,<environment.Job instance at 0x14bc9cb3a640>,17,2,[1 8],25,31,33,6,31
1,<environment.Job instance at 0x14bc9cb3a410>,19,1,[ 1 10],29,43,44,14,43
1,<environment.Job instance at 0x14bc67e980a0>,20,19,[2 5],30,43,62,13,43
1,<environment.Job instance at 0x14bc6c1f0c80>,28,1,[1 6],40,62,63,22,62
1,<environment.Job instance at 0x14bc6ad8f460>,30,1,[1 7],42,62,63,20,62
1,<environment.Job instance at 0x14bc6c5539b0>,31,1,[6 2],43,62,63,19,62
1,<environment.Job instance at 0x14bc6ad8f6e0>,32,2,[2 7],44,63,65,19,62
1,<environment.Job instance at 0x14bc6ad8f730>,33,16,[ 2 10],45,69,85,24,69
1,<environment.Job instance at 0x14bc7311c5f0>,36,2,[1 9],49,85,87,36,73
1,<environment.Job instance at 0x14bc73179c80>,40,1,[8 1],54,75,76,21,75
1,<environment.Job instance at 0x14bc6801be10>,43,1,[5 2],59,77,78,18,77
1,<environment.Job instance at 0x14bc6839e550>,45,25,[9 1],61,93,118,32,93
1,<environment.Job instance at 0x14bc6c0cafa0>,46,1,[10  2],63,118,119,55,94
1,<environment.Job instance at 0x14bc6c0ca960>,48,21,[2 5],65,96,117,31,96
1,<environment.Job instance at 0x14bc6c1de910>,51,15,[7 2],69,119,134,50,117
1,<environment.Job instance at 0x14bc6c20e5a0>,58,17,[2 5],77,133,150,56,133
1,<environment.Job instance at 0x14bc6c1ecc30>,62,2,[5 1],82,145,147,63,145
1,<environment.Job instance at 0x14bc67e7ec80>,63,1,[1 7],83,145,146,62,145
1,<environment.Job instance at 0x14bc6c0ee050>,64,17,[9 1],86,151,168,65,151
1,<environment.Job instance at 0x14bc67e7e230>,66,1,[5 1],88,151,152,63,151
1,<environment.Job instance at 0x14bc6b0910a0>,5,16,[8 1],10,273,289,263,273
1,<environment.Job instance at 0x14bc68408320>,7,2,[10  2],13,357,359,344,357
1,<environment.Job instance at 0x14bc71d9a320>,6,2,[ 1 10],8,8,10,0,8
1,<environment.Job instance at 0x14bc69799500>,8,17,[12  1],10,178,195,168,178
1,<environment.Job instance at 0x14bc6b0eb690>,29,1,[13  1],35,197,198,162,197
1,<environment.Job instance at 0x14bc6ecb8dc0>,31,1,[5 1],37,198,199,161,197
1,<environment.Job instance at 0x14bc6ecb8190>,36,2,[2 5],42,197,199,155,197
1,<environment.Job instance at 0x14bc6c279690>,38,22,[8 1],45,201,223,156,201
1,<environment.Job instance at 0x14bc6c1b8460>,49,22,[2 6],59,225,247,166,225
1,<environment.Job instance at 0x14bc68caa280>,50,1,[ 1 14],60,247,248,187,225
1,<environment.Job instance at 0x14bc6ac70410>,55,1,[8 1],67,230,231,163,230
1,<environment.Job instance at 0x14bc6ac70140>,58,3,[ 2 14],72,248,251,176,247
1,<environment.Job instance at 0x14bc6ae526e0>,60,1,[ 2 10],74,251,252,177,247
1,<environment.Job instance at 0x14bc6ae522d0>,61,2,[7 2],76,251,253,175,247
1,<environment.Job instance at 0x14bc6ae52690>,62,1,[6 1],77,247,248,170,247
1,<environment.Job instance at 0x14bc6ae521e0>,63,2,[6 1],79,248,250,169,247
1,<environment.Job instance at 0x14bc6ac55370>,66,2,[7 2],85,252,254,167,248
1,<environment.Job instance at 0x14bc6ae52870>,67,1,[1 5],87,252,253,165,248
1,<environment.Job instance at 0x14bc6c5e4410>,9,1,[8 2],13,275,276,262,275
1,<environment.Job instance at 0x14bc69799c80>,10,17,[7 1],14,950,967,936,950
1,<environment.Job instance at 0x14bc69799aa0>,11,17,[2 7],15,2189,2206,2174,2189
1,<environment.Job instance at 0x14bc68d1ba00>,0,15,[14  1],1,28,43,27,28
1,<environment.Job instance at 0x14bc7241e500>,10,25,[6 1],15,43,68,28,39
1,<environment.Job instance at 0x14bc67ef15a0>,18,22,[2 5],29,43,65,14,39
1,<environment.Job instance at 0x14bc68d28640>,21,26,[ 2 13],33,65,91,32,62
1,<environment.Job instance at 0x14bc71d8ec30>,24,2,[12  1],37,85,87,48,85
1,<environment.Job instance at 0x14bc68d41be0>,32,1,[6 2],47,90,91,43,90
1,<environment.Job instance at 0x14bc73117730>,33,2,[ 1 10],48,91,93,43,90
1,<environment.Job instance at 0x14bc731173c0>,34,2,[2 7],49,93,95,44,90
1,<environment.Job instance at 0x14bc682f7780>,38,2,[8 2],60,96,98,36,96
1,<environment.Job instance at 0x14bc68d1baa0>,2,14,[1 6],3,97,111,94,97
1,<environment.Job instance at 0x14bc6c1fd780>,42,2,[ 1 11],67,111,113,44,98
1,<environment.Job instance at 0x14bc9cd71eb0>,45,2,[2 9],71,100,102,29,100
1,<environment.Job instance at 0x14bc72469780>,48,28,[5 2],74,114,142,40,114
1,<environment.Job instance at 0x14bc72469c30>,51,3,[ 2 14],77,144,147,67,144
1,<environment.Job instance at 0x14bc724694b0>,53,2,[2 6],79,147,149,68,144
1,<environment.Job instance at 0x14bc72469eb0>,55,1,[7 2],82,147,148,65,144
1,<environment.Job instance at 0x14bc68d1b5a0>,1,2,[1 9],2,167,169,165,167
1,<environment.Job instance at 0x14bc682f70f0>,40,3,[1 9],62,188,191,126,188
1,<environment.Job instance at 0x14bc6af2ca50>,4,1,[2 9],6,264,265,258,264
1,<environment.Job instance at 0x14bc7249c320>,0,1,[1 9],1,1,2,0,1
1,<environment.Job instance at 0x14bc6a1f8fa0>,7,2,[1 7],8,8,10,0,8
1,<environment.Job instance at 0x14bc6a1f81e0>,10,23,[2 6],14,14,37,0,14
1,<environment.Job instance at 0x14bc6a1f8a00>,11,23,[9 1],16,17,40,1,17
1,<environment.Job instance at 0x14bc6c582d70>,21,3,[12  1],29,40,43,11,30
1,<environment.Job instance at 0x14bc679be550>,23,2,[7 1],31,43,45,12,31
1,<environment.Job instance at 0x14bc6c5827d0>,25,13,[2 5],38,38,51,0,38
1,<environment.Job instance at 0x14bc67e49c30>,28,2,[9 2],43,45,47,2,43
1,<environment.Job instance at 0x14bc9cafbf50>,29,1,[ 2 10],47,47,48,0,47
1,<environment.Job instance at 0x14bc6c17a3c0>,30,3,[11  1],49,49,52,0,49
1,<environment.Job instance at 0x14bc6c0fa280>,31,13,[ 2 11],50,59,72,9,59
1,<environment.Job instance at 0x14bc72490d20>,37,2,[5 2],63,63,65,0,63
1,<environment.Job instance at 0x14bc6c196140>,39,2,[5 2],66,66,68,0,66
1,<environment.Job instance at 0x14bc725f1230>,40,1,[ 2 10],67,72,73,5,67
1,<environment.Job instance at 0x14bc72490be0>,41,1,[6 2],68,68,69,0,68
1,<environment.Job instance at 0x14bc6aeef370>,42,2,[ 1 12],69,73,75,4,69
1,<environment.Job instance at 0x14bc6aeefe60>,44,2,[5 2],71,71,73,0,71
1,<environment.Job instance at 0x14bc6aeefd70>,45,21,[5 1],72,72,93,0,72
1,<environment.Job instance at 0x14bc725974b0>,51,1,[2 7],80,80,81,0,80
1,<environment.Job instance at 0x14bc71dbe500>,52,2,[1 8],81,81,83,0,81
1,<environment.Job instance at 0x14bc6c008370>,55,2,[2 7],86,86,88,0,86
1,<environment.Job instance at 0x14bc72595910>,56,22,[ 2 10],87,88,110,1,87
1,<environment.Job instance at 0x14bc6a1f8a50>,12,14,[ 1 10],17,222,236,205,222
1,<environment.Job instance at 0x14bc6c5825a0>,22,20,[8 1],30,287,307,257,287
1,<environment.Job instance at 0x14bc6c0fa780>,32,3,[1 8],51,698,701,647,698
1,<environment.Job instance at 0x14bc6c5ef9b0>,1,1,[7 1],4,4,5,0,4
1,<environment.Job instance at 0x14bc6c0fa780>,2,2,[5 2],5,5,7,0,5
1,<environment.Job instance at 0x14bc681be4b0>,6,1,[7 1],9,9,10,0,9
1,<environment.Job instance at 0x14bc681be1e0>,7,1,[2 6],12,12,13,0,12
1,<environment.Job instance at 0x14bc6accfb90>,14,2,[8 2],23,23,25,0,23
1,<environment.Job instance at 0x14bc6b161eb0>,18,21,[6 1],30,31,52,1,31
1,<environment.Job instance at 0x14bc67f3f8c0>,19,3,[ 2 13],32,49,52,17,49
1,<environment.Job instance at 0x14bc73180280>,24,1,[1 7],40,52,53,12,49
1,<environment.Job instance at 0x14bc73180e60>,26,27,[5 2],42,52,79,10,50
1,<environment.Job instance at 0x14bc9d4a2050>,36,1,[7 1],57,77,78,20,77
1,<environment.Job instance at 0x14bc9d4a2500>,37,1,[2 6],59,77,78,18,77
1,<environment.Job instance at 0x14bc9d4a2780>,38,3,[1 5],60,77,80,17,77
1,<environment.Job instance at 0x14bc9d4a2aa0>,39,3,[8 2],63,79,82,16,79
1,<environment.Job instance at 0x14bc6ac25e10>,40,1,[1 7],64,79,80,15,79
1,<environment.Job instance at 0x14bc6ac25be0>,43,28,[1 6],67,80,108,13,79
1,<environment.Job instance at 0x14bc724f2500>,45,21,[9 1],71,85,106,14,85
1,<environment.Job instance at 0x14bc67ef90a0>,49,2,[ 2 10],76,108,110,32,98
1,<environment.Job instance at 0x14bc67b2b5a0>,51,1,[1 9],79,106,107,27,101
1,<environment.Job instance at 0x14bc67daa6e0>,52,1,[2 7],80,101,102,21,101
1,<environment.Job instance at 0x14bc68240460>,53,2,[1 8],81,102,104,21,101
1,<environment.Job instance at 0x14bc6c022c30>,54,1,[1 9],83,107,108,24,101
1,<environment.Job instance at 0x14bc6b18f780>,55,2,[ 2 10],85,110,112,25,101
1,<environment.Job instance at 0x14bc6b0569b0>,57,12,[9 1],87,111,123,24,111
1,<environment.Job instance at 0x14bc71d8a190>,58,20,[ 2 11],88,112,132,24,111
1,<environment.Job instance at 0x14bc67dd9960>,20,14,[2 6],33,285,299,252,285
1,<environment.Job instance at 0x14bc67dd9b90>,21,1,[ 2 10],34,299,300,265,294
1,<environment.Job instance at 0x14bc68322280>,23,1,[1 7],38,345,346,307,345
1,<environment.Job instance at 0x14bc6799dfa0>,3,1,[2 8],5,5,6,0,5
1,<environment.Job instance at 0x14bc6799dc80>,6,1,[1 8],10,10,11,0,10
1,<environment.Job instance at 0x14bc6b090fa0>,7,1,[2 9],11,11,12,0,11
1,<environment.Job instance at 0x14bc9d3fd5a0>,21,2,[1 8],27,27,29,0,27
1,<environment.Job instance at 0x14bc6809f9b0>,22,26,[8 1],28,28,54,0,28
1,<environment.Job instance at 0x14bc68c28190>,25,27,[6 1],31,32,59,1,32
1,<environment.Job instance at 0x14bc6c2792d0>,36,28,[14  1],48,59,87,11,58
1,<environment.Job instance at 0x14bc6803f460>,39,1,[6 1],51,58,59,7,58
1,<environment.Job instance at 0x14bc6af10d20>,43,2,[11  2],56,87,89,31,79
1,<environment.Job instance at 0x14bc68c3bcd0>,45,2,[1 8],59,79,81,20,79
1,<environment.Job instance at 0x14bc68c3b230>,46,2,[1 5],60,81,83,21,79
1,<environment.Job instance at 0x14bc67ab5050>,52,1,[ 1 10],67,83,84,16,83
1,<environment.Job instance at 0x14bc9d3de460>,53,1,[2 7],68,87,88,19,83
1,<environment.Job instance at 0x14bc6846bc30>,54,2,[2 6],69,87,89,18,83
1,<environment.Job instance at 0x14bc68217b90>,58,2,[12  1],75,102,104,27,102
1,<environment.Job instance at 0x14bc6ad815f0>,60,1,[2 8],77,102,103,25,102
1,<environment.Job instance at 0x14bc67f89370>,65,2,[1 8],83,116,118,33,116
1,<environment.Job instance at 0x14bc6a1f2d70>,66,17,[7 1],84,116,133,32,116
1,<environment.Job instance at 0x14bc6ae52690>,15,3,[2 9],21,139,142,118,139
1,<environment.Job instance at 0x14bc68c286e0>,26,21,[9 2],32,157,178,125,157
1,<environment.Job instance at 0x14bc68c283c0>,29,2,[2 9],35,1109,1111,1074,1109
1,<environment.Job instance at 0x14bc68c28cd0>,5,1,[1 6],6,6,7,0,6
1,<environment.Job instance at 0x14bc683b8190>,12,1,[ 2 13],18,18,19,0,18
1,<environment.Job instance at 0x14bc683b8230>,13,2,[2 5],19,19,21,0,19
1,<environment.Job instance at 0x14bc683b8e10>,16,1,[5 1],22,22,23,0,22
1,<environment.Job instance at 0x14bc7308dfa0>,29,2,[2 9],44,44,46,0,44
1,<environment.Job instance at 0x14bc6ad6c730>,31,2,[7 1],47,47,49,0,47
1,<environment.Job instance at 0x14bc6ad6c3c0>,32,1,[ 1 10],48,48,49,0,48
1,<environment.Job instance at 0x14bc6ad6c9b0>,33,26,[2 5],49,49,75,0,49
1,<environment.Job instance at 0x14bc6c495410>,47,28,[2 5],73,73,101,0,73
1,<environment.Job instance at 0x14bc6c4957d0>,51,16,[ 1 11],77,2884,2900,2807,2884
1,<environment.Job instance at 0x14bc6c4950a0>,53,1,[1 5],80,2900,2901,2820,2884
1,<environment.Job instance at 0x14bc6c495c80>,52,1,[2 6],78,2904,2905,2826,2904
1,<environment.Job instance at 0x14bc7308da00>,27,1,[7 2],42,2911,2912,2869,2911
1,<environment.Job instance at 0x14bc68763730>,0,2,[6 2],1,1,3,0,1
1,<environment.Job instance at 0x14bc687638c0>,2,1,[10  1],6,6,7,0,6
1,<environment.Job instance at 0x14bc68763140>,6,2,[10  2],10,10,12,0,10
1,<environment.Job instance at 0x14bc9d864d70>,7,1,[9 1],11,12,13,1,11
1,<environment.Job instance at 0x14bc9d864f50>,8,1,[1 8],12,12,13,0,12
1,<environment.Job instance at 0x14bc9d864820>,9,25,[9 1],13,13,38,0,13
1,<environment.Job instance at 0x14bc67dc5910>,21,2,[ 1 14],30,31,33,1,31
1,<environment.Job instance at 0x14bc6c0a7370>,26,2,[1 5],36,36,38,0,36
1,<environment.Job instance at 0x14bc6c169cd0>,33,2,[1 7],44,46,48,2,46
1,<environment.Job instance at 0x14bc6c169b90>,34,3,[2 9],45,48,51,3,46
1,<environment.Job instance at 0x14bc6c169370>,35,2,[6 1],46,46,48,0,46
1,<environment.Job instance at 0x14bc9d467410>,36,1,[5 1],47,47,48,0,47
1,<environment.Job instance at 0x14bc9d467640>,37,16,[2 6],48,48,64,0,48
1,<environment.Job instance at 0x14bc73169870>,44,21,[10  2],62,62,83,0,62
1,<environment.Job instance at 0x14bc6ac6f5f0>,45,22,[2 9],63,64,86,1,63
1,<environment.Job instance at 0x14bc6accff50>,49,2,[6 1],73,83,85,10,74
1,<environment.Job instance at 0x14bc6accf500>,50,1,[ 1 12],74,86,87,12,75
1,<environment.Job instance at 0x14bc67bc29b0>,51,1,[10  2],75,85,86,10,75
1,<environment.Job instance at 0x14bc67cfeaa0>,55,1,[9 1],80,87,88,7,87
1,<environment.Job instance at 0x14bc67cfedc0>,56,20,[9 1],81,88,108,7,87
1,<environment.Job instance at 0x14bc67cfe820>,58,2,[13  1],84,108,110,24,104
1,<environment.Job instance at 0x14bc67cfe500>,59,1,[12  2],85,110,111,25,105
1,<environment.Job instance at 0x14bc67cfe870>,60,1,[5 1],86,105,106,19,105
1,<environment.Job instance at 0x14bc67cfe6e0>,62,2,[6 2],88,106,108,18,105
1,<environment.Job instance at 0x14bc6c0a78c0>,29,26,[5 2],39,121,147,82,121
1,<environment.Job instance at 0x14bc6c0a7230>,30,1,[8 2],40,133,134,93,133
1,<environment.Job instance at 0x14bc6ad0c370>,0,2,[1 6],6,6,8,0,6
1,<environment.Job instance at 0x14bc6c0a7f00>,2,2,[2 8],10,10,12,0,10
1,<environment.Job instance at 0x14bc6a1f9140>,3,1,[7 1],13,13,14,0,13
1,<environment.Job instance at 0x14bc67fe70a0>,4,2,[2 6],14,14,16,0,14
1,<environment.Job instance at 0x14bc67fe74b0>,7,2,[5 1],18,19,21,1,19
1,<environment.Job instance at 0x14bc6a1f7d70>,24,1,[2 5],39,40,41,1,40
1,<environment.Job instance at 0x14bc6ecbffa0>,26,1,[ 1 13],41,41,42,0,41
1,<environment.Job instance at 0x14bc67fefe10>,27,12,[ 1 14],42,49,61,7,49
1,<environment.Job instance at 0x14bc6844ab90>,30,1,[11  1],53,55,56,2,55
1,<environment.Job instance at 0x14bc6844a5f0>,33,2,[1 8],56,61,63,5,56
1,<environment.Job instance at 0x14bc6844af00>,36,1,[6 1],60,60,61,0,60
1,<environment.Job instance at 0x14bc6844a190>,37,1,[2 9],61,63,64,2,61
1,<environment.Job instance at 0x14bc6844aa00>,38,1,[1 5],62,62,63,0,62
1,<environment.Job instance at 0x14bc67fd9cd0>,44,2,[9 2],71,74,76,3,74
1,<environment.Job instance at 0x14bc68471dc0>,45,2,[2 7],75,75,77,0,75
1,<environment.Job instance at 0x14bc684715a0>,46,1,[8 1],76,76,77,0,76
1,<environment.Job instance at 0x14bc68471fa0>,47,15,[7 1],77,77,92,0,77
1,<environment.Job instance at 0x14bc9d3e6cd0>,51,2,[7 2],81,88,90,7,88
1,<environment.Job instance at 0x14bc72416c80>,56,1,[9 2],88,92,93,4,90
1,<environment.Job instance at 0x14bc6c078b40>,57,17,[8 1],89,93,110,4,91
1,<environment.Job instance at 0x14bc6ecbf870>,25,14,[ 2 10],40,199,213,159,199
1,<environment.Job instance at 0x14bc67fef820>,28,1,[5 2],43,248,249,205,248
1,<environment.Job instance at 0x14bc6844a0f0>,29,12,[2 9],44,311,323,267,311
1,<environment.Job instance at 0x14bc9dfc2c80>,3,1,[1 5],5,5,6,0,5
1,<environment.Job instance at 0x14bc681a1640>,5,2,[1 7],9,9,11,0,9
1,<environment.Job instance at 0x14bc6b08f050>,8,2,[2 8],12,12,14,0,12
1,<environment.Job instance at 0x14bc6aed5b90>,10,2,[6 1],14,14,16,0,14
1,<environment.Job instance at 0x14bc6ac5c5a0>,12,2,[8 1],16,17,19,1,17
1,<environment.Job instance at 0x14bc67caa500>,14,1,[10  1],18,19,20,1,18
1,<environment.Job instance at 0x14bc67d90fa0>,16,1,[1 6],21,21,22,0,21
1,<environment.Job instance at 0x14bc67a6b640>,18,16,[1 5],23,23,39,0,23
1,<environment.Job instance at 0x14bc67a6b550>,21,17,[12  1],27,40,57,13,40
1,<environment.Job instance at 0x14bc9d413b40>,29,2,[1 7],36,51,53,15,51
1,<environment.Job instance at 0x14bc9d4136e0>,32,1,[2 7],40,52,53,12,52
1,<environment.Job instance at 0x14bc683bed20>,35,2,[9 1],44,57,59,13,57
1,<environment.Job instance at 0x14bc6c50faf0>,36,1,[2 5],45,57,58,12,57
1,<environment.Job instance at 0x14bc6c50fbe0>,38,2,[2 8],50,57,59,7,57
1,<environment.Job instance at 0x14bc731890a0>,42,12,[1 7],56,78,90,22,78
1,<environment.Job instance at 0x14bc67fc90a0>,46,2,[2 9],60,90,92,30,78
1,<environment.Job instance at 0x14bc725f7460>,48,2,[8 1],62,82,84,20,82
1,<environment.Job instance at 0x14bc6c51dfa0>,52,12,[ 2 11],68,100,112,32,100
1,<environment.Job instance at 0x14bc6c0c6e10>,57,15,[5 1],76,113,128,37,113
1,<environment.Job instance at 0x14bc6c1c8500>,58,23,[2 5],77,113,136,36,113
1,<environment.Job instance at 0x14bc6d45e5a0>,13,15,[8 2],17,221,236,204,221
1,<environment.Job instance at 0x14bc6c0fab90>,22,3,[1 8],28,234,237,206,234
1,<environment.Job instance at 0x14bc67a6b960>,23,2,[2 5],30,239,241,209,239
1,<environment.Job instance at 0x14bc68087aa0>,0,2,[2 8],1,1,3,0,1
1,<environment.Job instance at 0x14bc68087d20>,1,17,[11  2],2,52,69,50,52
1,<environment.Job instance at 0x14bc6c00d320>,12,18,[ 1 14],17,69,87,52,63
1,<environment.Job instance at 0x14bc6c198e60>,20,28,[ 2 10],26,87,115,61,86
1,<environment.Job instance at 0x14bc67de6f00>,37,19,[ 2 14],55,115,134,60,113
1,<environment.Job instance at 0x14bc67de6870>,43,1,[8 2],64,134,135,70,115
1,<environment.Job instance at 0x14bc67de68c0>,44,2,[10  1],65,115,117,50,115
1,<environment.Job instance at 0x14bc67f42730>,45,2,[10  1],66,117,119,51,116
1,<environment.Job instance at 0x14bc67f42140>,47,2,[2 5],68,134,136,66,131
1,<environment.Job instance at 0x14bc67f42870>,48,1,[1 7],69,134,135,65,131
1,<environment.Job instance at 0x14bc67f428c0>,49,1,[2 9],70,135,136,65,131
1,<environment.Job instance at 0x14bc67f42f50>,50,3,[2 9],72,136,139,64,131
1,<environment.Job instance at 0x14bc67f42370>,51,1,[9 2],73,136,137,63,131
1,<environment.Job instance at 0x14bc67f42d70>,52,1,[7 2],75,137,138,62,131
1,<environment.Job instance at 0x14bc6b104190>,56,2,[7 1],80,138,140,58,135
1,<environment.Job instance at 0x14bc6b1043c0>,58,1,[1 7],82,139,140,57,137
1,<environment.Job instance at 0x14bc73189050>,3,3,[2 5],5,146,149,141,146
1,<environment.Job instance at 0x14bc6b1042d0>,60,13,[ 2 11],85,162,175,77,162
1,<environment.Job instance at 0x14bc67c6a0f0>,2,15,[1 5],3,370,385,367,370
1,<environment.Job instance at 0x14bc6b104410>,61,3,[9 2],86,805,808,719,805
1,<environment.Job instance at 0x14bc6c041c30>,1,2,[2 8],3,3,5,0,3
1,<environment.Job instance at 0x14bc6aed0b40>,2,2,[8 1],4,4,6,0,4
1,<environment.Job instance at 0x14bc67e88fa0>,7,2,[ 1 10],12,12,14,0,12
1,<environment.Job instance at 0x14bc684be2d0>,9,1,[9 2],15,15,16,0,15
1,<environment.Job instance at 0x14bc684be640>,11,2,[5 2],17,17,19,0,17
1,<environment.Job instance at 0x14bc68cb2d20>,12,3,[14  2],18,40,43,22,40
1,<environment.Job instance at 0x14bc68cb2aa0>,17,2,[5 1],27,43,45,16,40
1,<environment.Job instance at 0x14bc68cb2500>,18,3,[6 1],28,43,46,15,40
1,<environment.Job instance at 0x14bc681d2870>,32,1,[10  1],43,46,47,3,43
1,<environment.Job instance at 0x14bc67f9b6e0>,37,2,[1 8],51,57,59,6,57
1,<environment.Job instance at 0x14bc6801be10>,38,17,[6 1],52,57,74,5,57
1,<environment.Job instance at 0x14bc6c0b4f00>,48,2,[9 1],68,75,77,7,75
1,<environment.Job instance at 0x14bc6c0b4be0>,50,1,[1 9],70,75,76,5,75
1,<environment.Job instance at 0x14bc6c167a00>,52,26,[2 7],72,76,102,4,75
1,<environment.Job instance at 0x14bc70721be0>,59,1,[ 2 10],80,102,103,22,96
1,<environment.Job instance at 0x14bc68176cd0>,60,2,[2 5],81,97,99,16,97
1,<environment.Job instance at 0x14bc68cb2fa0>,14,2,[2 6],22,100,102,78,100
1,<environment.Job instance at 0x14bc67c77960>,65,22,[ 1 10],88,103,125,15,101
1,<environment.Job instance at 0x14bc68cb2140>,13,2,[1 7],21,126,128,105,126
1,<environment.Job instance at 0x14bc684d0780>,66,2,[1 6],89,142,144,53,142
1,<environment.Job instance at 0x151375b34460>,7,1,[2 6],8,8,9,0,8
1,<environment.Job instance at 0x15137626f5f0>,13,2,[8 1],17,17,19,0,17
1,<environment.Job instance at 0x151376371a00>,14,2,[ 1 10],18,18,20,0,18
1,<environment.Job instance at 0x1513761e6e60>,15,1,[ 1 10],20,20,21,0,20
1,<environment.Job instance at 0x1513762003c0>,16,1,[2 5],21,21,22,0,21
1,<environment.Job instance at 0x151376365f50>,18,2,[10  1],25,25,27,0,25
1,<environment.Job instance at 0x15137626a1e0>,20,2,[ 1 13],27,27,29,0,27
1,<environment.Job instance at 0x151376295780>,22,1,[2 7],30,30,31,0,30
1,<environment.Job instance at 0x151376251aa0>,23,2,[8 1],31,32,34,1,32
1,<environment.Job instance at 0x151376251e60>,25,2,[2 8],34,34,36,0,34
1,<environment.Job instance at 0x151376251190>,26,1,[2 7],35,35,36,0,35
1,<environment.Job instance at 0x151376251960>,27,2,[2 7],36,36,38,0,36
1,<environment.Job instance at 0x151376251c80>,28,2,[2 7],37,37,39,0,37
1,<environment.Job instance at 0x151376240460>,32,3,[2 9],42,42,45,0,42
1,<environment.Job instance at 0x151376240690>,33,1,[2 7],43,45,46,2,43
1,<environment.Job instance at 0x151376240500>,34,15,[11  1],44,45,60,1,45
1,<environment.Job instance at 0x151376245820>,36,3,[10  2],48,60,63,12,48
1,<environment.Job instance at 0x151376245d20>,37,2,[ 1 10],50,50,52,0,50
1,<environment.Job instance at 0x151376245230>,38,1,[8 1],51,63,64,12,51
1,<environment.Job instance at 0x1513762b7870>,41,25,[12  2],54,64,89,10,60
1,<environment.Job instance at 0x1513762b7d20>,42,1,[10  1],56,89,90,33,61
1,<environment.Job instance at 0x1513762b2370>,46,2,[2 8],61,61,63,0,61
1,<environment.Job instance at 0x15137625cb40>,47,1,[1 6],63,63,64,0,63
1,<environment.Job instance at 0x15137625cc80>,48,1,[2 9],65,65,66,0,65
1,<environment.Job instance at 0x151376259dc0>,51,2,[8 2],69,90,92,21,69
1,<environment.Job instance at 0x1513762aa050>,52,2,[1 7],72,72,74,0,72
1,<environment.Job instance at 0x151376259cd0>,54,2,[2 5],75,75,77,0,75
1,<environment.Job instance at 0x15137624e050>,55,16,[2 5],76,77,93,1,76
1,<environment.Job instance at 0x151375d95230>,57,22,[1 5],80,80,102,0,80
1,<environment.Job instance at 0x151376240d70>,30,15,[2 9],40,93,108,53,91
1,<environment.Job instance at 0x151375da9730>,67,1,[13  1],94,102,103,8,101
1,<environment.Job instance at 0x151375da9eb0>,69,1,[2 5],96,103,104,7,101
1,<environment.Job instance at 0x1513762620a0>,70,2,[ 2 10],97,108,110,11,101
1,<environment.Job instance at 0x151376251c30>,24,12,[ 1 10],32,239,251,207,239
1,<environment.Job instance at 0x1513762f9960>,65,3,[2 9],92,281,284,189,281
1,<environment.Job instance at 0x1513762408c0>,31,3,[9 2],41,490,493,449,490
1,<environment.Job instance at 0x151375b4ee10>,3,1,[1 6],7,7,8,0,7
1,<environment.Job instance at 0x1513783d74b0>,12,2,[ 1 10],18,18,20,0,18
1,<environment.Job instance at 0x1513783d7280>,13,1,[7 2],20,20,21,0,20
1,<environment.Job instance at 0x1513783e3e60>,14,2,[1 8],21,21,23,0,21
1,<environment.Job instance at 0x1513783e3eb0>,15,2,[2 6],22,22,24,0,22
1,<environment.Job instance at 0x1513783e3460>,17,2,[1 9],26,26,28,0,26
1,<environment.Job instance at 0x1513783e3cd0>,18,1,[2 7],27,28,29,1,27
1,<environment.Job instance at 0x1513783e99b0>,19,1,[2 5],28,28,29,0,28
1,<environment.Job instance at 0x1513783e9280>,21,2,[14  1],30,36,38,6,36
1,<environment.Job instance at 0x1513783ed460>,30,1,[2 8],41,41,42,0,41
1,<environment.Job instance at 0x1513783ed0f0>,31,1,[ 2 10],42,42,43,0,42
1,<environment.Job instance at 0x1513783ed230>,32,1,[ 2 14],43,43,44,0,43
1,<environment.Job instance at 0x1513783ed7d0>,33,1,[8 2],44,44,45,0,44
1,<environment.Job instance at 0x1513783edaa0>,34,15,[5 1],45,45,60,0,45
1,<environment.Job instance at 0x151378398410>,36,2,[ 1 10],50,50,52,0,50
1,<environment.Job instance at 0x151378398b40>,37,3,[11  2],51,60,63,9,54
1,<environment.Job instance at 0x151378398870>,40,1,[8 1],54,54,55,0,54
1,<environment.Job instance at 0x151378398e10>,41,3,[5 2],56,56,59,0,56
1,<environment.Job instance at 0x151378398910>,43,18,[2 6],58,63,81,5,63
1,<environment.Job instance at 0x151378398f00>,44,1,[1 6],59,63,64,4,63
1,<environment.Job instance at 0x151378398960>,45,1,[1 7],60,64,65,4,63
1,<environment.Job instance at 0x1513783208c0>,47,3,[12  1],64,75,78,11,75
1,<environment.Job instance at 0x151378320e60>,48,1,[1 8],66,75,76,9,75
1,<environment.Job instance at 0x1513783200f0>,51,2,[1 8],69,76,78,7,75
1,<environment.Job instance at 0x151378320730>,53,13,[ 1 14],72,81,94,9,80
1,<environment.Job instance at 0x151378320960>,54,27,[1 8],73,94,121,21,92
1,<environment.Job instance at 0x15137850cb90>,62,2,[1 9],88,121,123,33,115
1,<environment.Job instance at 0x151378517fa0>,63,2,[ 2 10],91,123,125,32,115
1,<environment.Job instance at 0x15137832a460>,66,2,[ 2 10],94,125,127,31,119
1,<environment.Job instance at 0x15137832a1e0>,67,2,[2 9],95,127,129,32,119
1,<environment.Job instance at 0x15137832a3c0>,68,17,[ 2 10],96,129,146,33,121
1,<environment.Job instance at 0x15137988b690>,0,2,[ 1 10],1,1,3,0,1
1,<environment.Job instance at 0x15137988b050>,3,1,[2 9],4,4,5,0,4
1,<environment.Job instance at 0x151378512b90>,15,16,[1 6],19,20,36,1,20
1,<environment.Job instance at 0x15137824e730>,18,1,[2 6],23,23,24,0,23
1,<environment.Job instance at 0x1513796fe7d0>,27,2,[1 5],39,39,41,0,39
1,<environment.Job instance at 0x1513797415a0>,31,1,[2 6],46,46,47,0,46
1,<environment.Job instance at 0x1513797685f0>,32,2,[1 6],47,47,49,0,47
1,<environment.Job instance at 0x151379768550>,36,2,[7 2],57,62,64,5,62
1,<environment.Job instance at 0x151379768500>,37,2,[2 5],58,62,64,4,62
1,<environment.Job instance at 0x15137830c690>,42,2,[ 2 12],66,66,68,0,66
1,<environment.Job instance at 0x15137824ed20>,17,17,[7 1],22,66,83,44,66
1,<environment.Job instance at 0x15137830cb90>,46,13,[ 1 11],71,76,89,5,76
1,<environment.Job instance at 0x15137830c2d0>,51,3,[ 1 13],76,112,115,36,112
1,<environment.Job instance at 0x15137989fa50>,53,21,[ 2 13],80,115,136,35,114
1,<environment.Job instance at 0x15137830c410>,47,2,[6 2],72,135,137,63,135
1,<environment.Job instance at 0x1513784ba910>,22,12,[1 5],32,469,481,437,469
1,<environment.Job instance at 0x1513802f96e0>,7,2,[2 5],14,14,16,0,14
1,<environment.Job instance at 0x151383a07730>,10,2,[ 1 10],17,17,19,0,17
1,<environment.Job instance at 0x1513802f65a0>,12,21,[7 2],20,21,42,1,21
1,<environment.Job instance at 0x151383a2d7d0>,23,2,[2 7],41,41,43,0,41
1,<environment.Job instance at 0x151381d5be60>,24,2,[9 2],42,42,44,0,42
1,<environment.Job instance at 0x151383b5ed20>,25,3,[5 2],43,43,46,0,43
1,<environment.Job instance at 0x15138a169550>,26,16,[7 2],44,46,62,2,46
1,<environment.Job instance at 0x15137843e730>,33,2,[ 2 10],55,55,57,0,55
1,<environment.Job instance at 0x1513762243c0>,36,2,[ 2 12],60,67,69,7,67
1,<environment.Job instance at 0x151376224eb0>,37,1,[6 2],61,67,68,6,67
1,<environment.Job instance at 0x15138009a780>,39,15,[ 1 11],67,69,84,2,68
1,<environment.Job instance at 0x1513802fcfa0>,47,2,[1 6],78,84,86,6,79
1,<environment.Job instance at 0x151375da26e0>,51,16,[9 1],83,85,101,2,85
1,<environment.Job instance at 0x1513888667d0>,55,2,[ 1 10],89,92,94,3,92
1,<environment.Job instance at 0x151380069550>,57,2,[2 9],91,95,97,4,95
1,<environment.Job instance at 0x15137550d730>,58,3,[9 1],94,101,104,7,98
1,<environment.Job instance at 0x15137989acd0>,60,16,[1 5],98,102,118,4,102
1,<environment.Job instance at 0x151383a32dc0>,1,2,[5 1],3,3,5,0,3
1,<environment.Job instance at 0x15137626bc80>,7,2,[5 2],12,12,14,0,12
1,<environment.Job instance at 0x151379b7c280>,10,1,[7 2],16,16,17,0,16
1,<environment.Job instance at 0x151378618190>,16,2,[2 9],25,26,28,1,26
1,<environment.Job instance at 0x15137869c2d0>,23,27,[1 7],35,37,64,2,37
1,<environment.Job instance at 0x151383a42370>,33,2,[1 9],51,64,66,13,61
1,<environment.Job instance at 0x151378278c80>,35,1,[1 8],55,66,67,11,65
1,<environment.Job instance at 0x1513782785a0>,38,2,[8 2],58,67,69,9,67
1,<environment.Job instance at 0x15137826ce10>,44,2,[1 8],66,82,84,16,82
1,<environment.Job instance at 0x151375af8730>,47,1,[2 8],70,96,97,26,96
1,<environment.Job instance at 0x151375af85f0>,48,1,[8 2],71,96,97,25,96
1,<environment.Job instance at 0x151375af8a00>,49,14,[14  1],72,539,553,467,539
1,<environment.Job instance at 0x151375b5c910>,53,3,[ 2 11],80,576,579,496,576
1,<environment.Job instance at 0x151375b5c960>,54,2,[1 7],81,579,581,498,576
1,<environment.Job instance at 0x151375b4e3c0>,55,1,[1 5],82,579,580,497,576
1,<environment.Job instance at 0x1513782f8cd0>,59,2,[ 1 10],86,581,583,495,576
1,<environment.Job instance at 0x151375b66b90>,17,2,[2 5],26,617,619,591,617
1,<environment.Job instance at 0x151375b66820>,19,12,[5 2],28,765,777,737,765
1,<environment.Job instance at 0x1513758d3f00>,0,1,[6 2],1,1,2,0,1
1,<environment.Job instance at 0x15137869c870>,1,1,[2 9],2,2,3,0,2
1,<environment.Job instance at 0x1513888aefa0>,24,3,[2 7],32,43,46,11,43
1,<environment.Job instance at 0x1513888aec80>,25,2,[1 5],33,43,45,10,43
1,<environment.Job instance at 0x1513888ae910>,26,1,[1 9],35,46,47,11,43
1,<environment.Job instance at 0x1513888ae6e0>,27,1,[2 5],36,45,46,9,43
1,<environment.Job instance at 0x151383bc0c80>,29,1,[2 6],38,46,47,8,44
1,<environment.Job instance at 0x151383bc09b0>,30,1,[2 8],40,47,48,7,44
1,<environment.Job instance at 0x151383bc0d70>,31,1,[2 6],41,47,48,6,44
1,<environment.Job instance at 0x1513778082d0>,33,17,[2 7],44,48,65,4,45
1,<environment.Job instance at 0x15138889a0f0>,36,3,[5 1],47,60,63,13,60
1,<environment.Job instance at 0x15138889ac30>,38,1,[1 8],49,63,64,14,60
1,<environment.Job instance at 0x15138889a730>,40,2,[2 6],51,70,72,19,70
1,<environment.Job instance at 0x15138889a910>,41,3,[9 2],52,71,74,19,71
1,<environment.Job instance at 0x15138889ae60>,42,2,[10  2],53,74,76,21,71
1,<environment.Job instance at 0x15138889a320>,46,15,[2 6],59,95,110,36,95
1,<environment.Job instance at 0x15138889a9b0>,50,14,[6 1],63,111,125,48,111
1,<environment.Job instance at 0x15137876beb0>,56,25,[12  1],69,125,150,56,121
1,<environment.Job instance at 0x1513787a6730>,64,23,[1 6],81,144,167,63,144
1,<environment.Job instance at 0x15138002df50>,68,3,[8 1],90,162,165,72,162
1,<environment.Job instance at 0x15138002d6e0>,69,2,[7 1],92,165,167,73,162
1,<environment.Job instance at 0x15138002d410>,70,18,[2 6],94,163,181,69,163
1,<environment.Job instance at 0x1513888ae870>,21,1,[6 2],29,1125,1126,1096,1125
1,<environment.Job instance at 0x1513888ae5f0>,19,13,[12  2],27,2841,2854,2814,2841
1,<environment.Job instance at 0x15137537d6e0>,6,1,[1 9],12,12,13,0,12
1,<environment.Job instance at 0x1513756df640>,9,1,[5 2],16,16,17,0,16
1,<environment.Job instance at 0x151375851a50>,10,26,[2 8],18,22,48,4,22
1,<environment.Job instance at 0x151375785370>,14,2,[1 6],27,27,29,0,27
1,<environment.Job instance at 0x15137537da50>,11,2,[ 1 10],20,48,50,28,32
1,<environment.Job instance at 0x15137589eaa0>,20,1,[2 8],39,50,51,11,39
1,<environment.Job instance at 0x151375580f00>,21,2,[7 2],40,40,42,0,40
1,<environment.Job instance at 0x151375580640>,22,2,[6 2],41,41,43,0,41
1,<environment.Job instance at 0x151375751f50>,25,2,[5 2],44,44,46,0,44
1,<environment.Job instance at 0x151375751050>,26,27,[1 7],45,50,77,5,48
1,<environment.Job instance at 0x1513800b81e0>,29,2,[6 1],49,51,53,2,49
1,<environment.Job instance at 0x1513800b87d0>,30,2,[ 1 10],50,77,79,27,50
1,<environment.Job instance at 0x151375751910>,27,21,[1 8],46,53,74,7,53
1,<environment.Job instance at 0x1513758a14b0>,40,1,[10  2],68,74,75,6,68
1,<environment.Job instance at 0x1513797e4780>,43,2,[8 2],75,75,77,0,75
1,<environment.Job instance at 0x1513757857d0>,12,16,[ 2 10],22,79,95,57,75
1,<environment.Job instance at 0x1513797e4b40>,44,1,[ 1 12],76,95,96,19,86
1,<environment.Job instance at 0x1513798257d0>,49,2,[7 2],85,86,88,1,86
1,<environment.Job instance at 0x15137782e5a0>,0,1,[6 2],1,1,2,0,1
1,<environment.Job instance at 0x151378313460>,8,2,[2 8],10,10,12,0,10
1,<environment.Job instance at 0x151378313190>,11,1,[1 9],17,17,18,0,17
1,<environment.Job instance at 0x1513783061e0>,15,12,[2 6],23,26,38,3,26
1,<environment.Job instance at 0x151378306460>,16,1,[9 1],25,28,29,3,28
1,<environment.Job instance at 0x151378306e10>,18,25,[8 1],29,29,54,0,29
1,<environment.Job instance at 0x151375968230>,33,1,[ 1 10],49,49,50,0,49
1,<environment.Job instance at 0x15137596ca00>,34,19,[2 5],50,50,69,0,50
1,<environment.Job instance at 0x15137596cdc0>,37,2,[6 2],53,62,64,9,62
1,<environment.Job instance at 0x15137596cc30>,39,1,[6 1],56,66,67,10,66
1,<environment.Job instance at 0x151375955320>,42,1,[1 6],60,70,71,10,70
1,<environment.Job instance at 0x1513759559b0>,44,1,[1 7],62,72,73,10,72
1,<environment.Job instance at 0x15137827c640>,45,1,[6 2],63,72,73,9,72
1,<environment.Job instance at 0x15137827c460>,46,2,[2 7],64,73,75,9,72
1,<environment.Job instance at 0x151379b5d7d0>,50,2,[1 9],69,89,91,20,89
1,<environment.Job instance at 0x1513c82cba50>,51,2,[7 2],70,89,91,19,89
1,<environment.Job instance at 0x1513833b3910>,54,1,[8 1],74,92,93,18,92
1,<environment.Job instance at 0x151378304730>,55,1,[1 5],76,92,93,16,92
1,<environment.Job instance at 0x151378304aa0>,56,1,[10  1],78,93,94,15,92
1,<environment.Job instance at 0x151379b3b870>,59,25,[9 1],81,109,134,28,109
1,<environment.Job instance at 0x151379b3b910>,60,1,[10  2],83,134,135,51,110
1,<environment.Job instance at 0x151379b3b6e0>,61,21,[ 2 10],84,112,133,28,112
1,<environment.Job instance at 0x151378306a50>,17,17,[2 8],26,138,155,112,138
1,<environment.Job instance at 0x151379b400a0>,71,1,[9 1],96,256,257,160,256
1,<environment.Job instance at 0x151375968640>,30,13,[1 9],44,894,907,850,894
1,<environment.Job instance at 0x151379b490a0>,2,1,[1 7],3,3,4,0,3
1,<environment.Job instance at 0x151379896d70>,4,1,[6 2],7,7,8,0,7
1,<environment.Job instance at 0x151379896960>,5,1,[5 1],8,8,9,0,8
1,<environment.Job instance at 0x151379896aa0>,6,1,[2 6],10,10,11,0,10
1,<environment.Job instance at 0x1513762f4460>,13,2,[ 1 10],18,18,20,0,18
1,<environment.Job instance at 0x15137988a8c0>,15,17,[12  1],20,128,145,108,128
1,<environment.Job instance at 0x1513756fb0a0>,29,2,[ 1 10],38,128,130,90,128
1,<environment.Job instance at 0x1513757f89b0>,36,1,[13  1],45,145,146,100,144
1,<environment.Job instance at 0x1513755c2c80>,45,22,[8 1],55,146,168,91,145
1,<environment.Job instance at 0x1513755c22d0>,51,2,[2 9],62,160,162,98,160
1,<environment.Job instance at 0x1513755c2cd0>,52,2,[2 7],63,162,164,99,160
1,<environment.Job instance at 0x151381d4c5f0>,56,22,[2 6],69,172,194,103,172
1,<environment.Job instance at 0x151381d4cbe0>,57,1,[ 1 14],70,194,195,124,172
1,<environment.Job instance at 0x151388731640>,63,1,[5 1],79,182,183,103,182
1,<environment.Job instance at 0x1513755b78c0>,65,3,[ 2 14],82,195,198,113,193
1,<environment.Job instance at 0x151378770f50>,68,2,[7 2],86,198,200,112,193
1,<environment.Job instance at 0x151383b88be0>,73,2,[7 2],95,203,205,108,203
1,<environment.Job instance at 0x151383b88140>,74,1,[1 5],97,203,204,106,203
1,<environment.Job instance at 0x15138848cd20>,16,1,[8 2],23,209,210,186,209
1,<environment.Job instance at 0x15137516ffa0>,17,17,[7 1],24,1148,1165,1124,1148
1,<environment.Job instance at 0x15137516fcd0>,18,17,[2 7],25,2041,2058,2016,2041
1,<environment.Job instance at 0x1513833ddf00>,0,15,[14  1],1,12,27,11,12
1,<environment.Job instance at 0x1513785e67d0>,6,1,[6 1],10,27,28,17,12
1,<environment.Job instance at 0x1513785e6c80>,7,1,[7 2],12,27,28,15,12
1,<environment.Job instance at 0x151379679320>,8,2,[2 7],13,27,29,14,13
1,<environment.Job instance at 0x1513888e2870>,10,25,[6 1],15,28,53,13,24
1,<environment.Job instance at 0x15137636e280>,18,22,[2 5],29,29,51,0,29
1,<environment.Job instance at 0x1513782cd4b0>,21,26,[ 2 13],33,51,77,18,48
1,<environment.Job instance at 0x15137969f8c0>,24,2,[12  1],37,57,59,20,57
1,<environment.Job instance at 0x1513787b5460>,28,1,[8 1],42,59,60,17,57
1,<environment.Job instance at 0x15137829a500>,29,2,[10  2],43,60,62,17,57
1,<environment.Job instance at 0x151388773c80>,32,1,[6 2],47,62,63,15,61
1,<environment.Job instance at 0x1513757cd050>,33,2,[ 1 10],48,77,79,29,61
1,<environment.Job instance at 0x151378293e10>,34,2,[2 7],49,79,81,30,61
1,<environment.Job instance at 0x1513757b8550>,36,3,[10  1],52,64,67,12,64
1,<environment.Job instance at 0x1513784c41e0>,42,2,[ 1 11],67,81,83,14,69
1,<environment.Job instance at 0x151375522050>,44,1,[1 8],70,79,80,9,72
1,<environment.Job instance at 0x151375522280>,45,2,[2 9],71,83,85,12,72
1,<environment.Job instance at 0x15137971ae60>,48,28,[5 2],74,89,117,15,89
1,<environment.Job instance at 0x15137971a960>,51,3,[ 2 14],77,117,120,40,117
1,<environment.Job instance at 0x15137554daa0>,1,2,[1 9],2,120,122,118,117
1,<environment.Job instance at 0x15137971a6e0>,52,1,[5 1],78,117,118,39,117
1,<environment.Job instance at 0x15137971a320>,54,1,[8 1],80,118,119,38,117
1,<environment.Job instance at 0x1513783d0640>,63,1,[1 9],91,123,124,32,123
1,<environment.Job instance at 0x151378248190>,65,1,[6 1],93,126,127,33,126
1,<environment.Job instance at 0x1513783e3410>,67,16,[7 1],95,131,147,36,131
1,<environment.Job instance at 0x15137971a4b0>,53,2,[2 6],79,146,148,67,146
1,<environment.Job instance at 0x15137554d780>,2,14,[1 6],3,169,183,166,169
1,<environment.Job instance at 0x15138aea6e10>,0,26,[1 6],1,1,27,0,1
1,<environment.Job instance at 0x151379777be0>,3,23,[9 1],6,16,39,10,16
1,<environment.Job instance at 0x151375334280>,13,3,[12  1],19,39,42,20,39
1,<environment.Job instance at 0x151375574190>,14,20,[8 1],20,42,62,22,39
1,<environment.Job instance at 0x151379b1f8c0>,21,1,[ 2 10],37,39,40,2,39
1,<environment.Job instance at 0x151375acdb40>,22,3,[11  1],39,62,65,23,50
1,<environment.Job instance at 0x151375b35af0>,23,13,[ 2 11],40,113,126,73,113
1,<environment.Job instance at 0x151379723eb0>,34,2,[ 1 12],59,126,128,67,119
1,<environment.Job instance at 0x151379723910>,36,2,[5 2],61,121,123,60,121
1,<environment.Job instance at 0x151375368eb0>,37,21,[5 1],62,121,142,59,121
1,<environment.Job instance at 0x1513796f1d20>,46,3,[ 2 10],75,140,143,65,140
1,<environment.Job instance at 0x1513796f1690>,47,2,[2 7],76,143,145,67,140
1,<environment.Job instance at 0x1513796f1dc0>,48,22,[ 2 10],77,145,167,68,140
1,<environment.Job instance at 0x1513796f1050>,50,2,[1 7],79,143,145,64,140
1,<environment.Job instance at 0x1513796f16e0>,52,2,[6 2],81,140,142,59,140
1,<environment.Job instance at 0x1513796f11e0>,53,1,[7 1],84,142,143,58,140
1,<environment.Job instance at 0x15137976afa0>,54,2,[5 2],85,145,147,60,140
1,<environment.Job instance at 0x1513797c2d20>,57,2,[ 1 10],88,167,169,79,144
1,<environment.Job instance at 0x1513797c2690>,58,1,[7 1],89,144,145,55,144
1,<environment.Job instance at 0x1513886d6e60>,59,1,[2 6],92,169,170,77,144
1,<environment.Job instance at 0x1513797c26e0>,60,2,[10  2],93,147,149,54,145
1,<environment.Job instance at 0x151375a81140>,61,1,[5 1],94,145,146,51,145
1,<environment.Job instance at 0x15138aea6fa0>,4,14,[ 1 10],7,173,187,166,173
1,<environment.Job instance at 0x1513787c38c0>,5,1,[5 2],8,197,198,189,197
1,<environment.Job instance at 0x1513787c3460>,7,2,[7 2],11,287,289,276,287
1,<environment.Job instance at 0x1513786eab90>,5,21,[6 1],10,10,31,0,10
1,<environment.Job instance at 0x1513786eac80>,6,3,[ 2 13],12,27,30,15,27
1,<environment.Job instance at 0x1513786eaaa0>,11,1,[1 7],20,30,31,10,27
1,<environment.Job instance at 0x1513786ead70>,13,27,[5 2],22,30,57,8,28
1,<environment.Job instance at 0x1513786ea460>,16,1,[ 2 10],25,31,32,6,28
1,<environment.Job instance at 0x151375798b90>,27,1,[1 7],44,46,47,2,46
1,<environment.Job instance at 0x151375798640>,29,2,[7 1],46,46,48,0,46
1,<environment.Job instance at 0x151375798aa0>,30,28,[1 6],47,47,75,0,47
1,<environment.Job instance at 0x151375798910>,32,21,[9 1],51,65,86,14,65
1,<environment.Job instance at 0x1513759e5320>,41,1,[1 9],63,75,76,12,74
1,<environment.Job instance at 0x1513759e55a0>,42,2,[ 2 10],65,76,78,11,75
1,<environment.Job instance at 0x1513759e5280>,44,12,[9 1],67,86,98,19,86
1,<environment.Job instance at 0x1513759e5460>,45,20,[ 2 11],68,92,112,24,92
1,<environment.Job instance at 0x1513759e5410>,49,1,[9 2],74,109,110,35,109
1,<environment.Job instance at 0x1513759e5be0>,50,1,[2 8],75,112,113,37,109
1,<environment.Job instance at 0x151376377c80>,51,1,[5 1],76,110,111,34,110
1,<environment.Job instance at 0x151376377140>,52,1,[8 1],78,110,111,32,110
1,<environment.Job instance at 0x1513763771e0>,53,1,[1 8],80,113,114,33,110
1,<environment.Job instance at 0x151376377050>,54,1,[2 9],81,114,115,33,110
1,<environment.Job instance at 0x151376377780>,57,1,[7 2],85,111,112,26,110
1,<environment.Job instance at 0x1513763770f0>,58,1,[10  1],86,112,113,26,110
1,<environment.Job instance at 0x15138847c190>,60,2,[6 2],89,113,115,24,110
1,<environment.Job instance at 0x15138847c780>,63,1,[1 6],92,115,116,23,113
1,<environment.Job instance at 0x15138847c640>,65,17,[5 1],94,118,135,24,118
1,<environment.Job instance at 0x15138847cd20>,68,2,[1 8],97,118,120,21,118
1,<environment.Job instance at 0x15138847cbe0>,69,26,[8 1],98,118,144,20,118
1,<environment.Job instance at 0x1513786ea5f0>,7,14,[2 6],13,147,161,134,147
1,<environment.Job instance at 0x1513786ea550>,8,1,[ 2 10],14,163,164,149,163
1,<environment.Job instance at 0x1513786eabe0>,9,2,[2 8],15,285,287,270,285
1,<environment.Job instance at 0x15137988d2d0>,0,27,[6 1],1,1,28,0,1
1,<environment.Job instance at 0x1513755f6550>,11,28,[14  1],18,28,56,10,27
1,<environment.Job instance at 0x15137963c550>,18,2,[11  2],26,56,58,30,47
1,<environment.Job instance at 0x151375481f50>,26,2,[2 6],36,56,58,20,52
1,<environment.Job instance at 0x1513c8258910>,27,1,[ 1 10],37,52,53,15,52
1,<environment.Job instance at 0x15137518a960>,29,2,[2 6],39,56,58,17,52
1,<environment.Job instance at 0x15137518afa0>,31,2,[5 1],42,58,60,16,54
1,<environment.Job instance at 0x15137518ab40>,32,2,[8 2],43,58,60,15,54
1,<environment.Job instance at 0x15137518a050>,33,2,[12  1],45,60,62,15,55
1,<environment.Job instance at 0x15137518a410>,35,1,[2 8],47,58,59,11,56
1,<environment.Job instance at 0x15137559cc80>,37,12,[2 9],49,72,84,23,72
1,<environment.Job instance at 0x15137559cd20>,40,2,[1 8],53,84,86,31,77
1,<environment.Job instance at 0x1513888eb370>,41,17,[7 1],54,80,97,26,80
1,<environment.Job instance at 0x151380049c80>,46,16,[7 1],61,94,110,33,94
1,<environment.Job instance at 0x1513800490f0>,49,2,[5 1],64,97,99,33,95
1,<environment.Job instance at 0x1513887a9820>,51,1,[1 6],66,95,96,29,95
1,<environment.Job instance at 0x151379797eb0>,56,2,[7 1],76,101,103,25,101
1,<environment.Job instance at 0x151375194370>,58,1,[ 2 13],78,103,104,25,103
1,<environment.Job instance at 0x15137977c5f0>,61,16,[2 5],81,108,124,27,108
1,<environment.Job instance at 0x1513751831e0>,69,2,[8 2],92,120,122,28,120
1,<environment.Job instance at 0x151375929320>,71,1,[5 2],99,120,121,21,120
1,<environment.Job instance at 0x151375734690>,5,13,[2 8],7,133,146,126,133
1,<environment.Job instance at 0x151375734aa0>,4,2,[2 9],5,150,152,145,150
1,<environment.Job instance at 0x1513753da7d0>,1,1,[2 8],3,3,4,0,3
1,<environment.Job instance at 0x151379639a00>,2,2,[2 9],4,4,6,0,4
1,<environment.Job instance at 0x151375734aa0>,4,2,[7 1],7,8,10,1,8
1,<environment.Job instance at 0x151379639e10>,6,26,[2 5],9,9,35,0,9
1,<environment.Job instance at 0x151379639690>,5,1,[ 1 10],8,11,12,3,11
1,<environment.Job instance at 0x1513759e5a00>,18,2,[ 2 13],29,35,37,6,29
1,<environment.Job instance at 0x1513783856e0>,26,1,[1 5],40,45,46,5,45
1,<environment.Job instance at 0x1513759e5140>,24,16,[ 1 11],37,72,88,35,72
1,<environment.Job instance at 0x151378385190>,42,25,[9 1],63,73,98,10,73
1,<environment.Job instance at 0x151378385280>,49,1,[6 2],71,90,91,19,90
1,<environment.Job instance at 0x15137516f6e0>,53,1,[2 7],78,94,95,16,94
1,<environment.Job instance at 0x15137516f5a0>,54,2,[ 1 14],80,95,97,15,94
1,<environment.Job instance at 0x15137516f500>,55,1,[7 2],81,98,99,17,94
1,<environment.Job instance at 0x15137516f910>,56,3,[9 1],82,99,102,17,97
1,<environment.Job instance at 0x15137516fa00>,58,1,[2 5],84,98,99,14,98
1,<environment.Job instance at 0x15137516fe60>,59,2,[1 5],86,98,100,12,98
1,<environment.Job instance at 0x151378385870>,29,3,[2 5],45,103,106,58,103
1,<environment.Job instance at 0x151378248f50>,61,17,[10  1],88,104,121,16,104
1,<environment.Job instance at 0x151378248550>,63,1,[8 2],90,121,122,31,104
1,<environment.Job instance at 0x151378248eb0>,64,2,[2 6],91,104,106,13,104
1,<environment.Job instance at 0x151378248b40>,65,3,[1 9],92,106,109,14,104
1,<environment.Job instance at 0x151378248410>,66,2,[1 7],94,109,111,15,104
1,<environment.Job instance at 0x1513787c3cd0>,68,2,[6 1],96,121,123,25,104
1,<environment.Job instance at 0x1513787c3d70>,69,1,[5 1],97,111,112,14,104
1,<environment.Job instance at 0x1513759e56e0>,25,1,[2 6],38,120,121,82,120
1,<environment.Job instance at 0x151378248dc0>,62,26,[5 2],89,2724,2750,2635,2724
1,<environment.Job instance at 0x1513785a15f0>,1,1,[ 1 10],5,5,6,0,5
1,<environment.Job instance at 0x1513785a19b0>,3,2,[9 2],8,8,10,0,8
1,<environment.Job instance at 0x1513753677d0>,10,2,[6 1],23,23,25,0,23
1,<environment.Job instance at 0x151375367550>,11,1,[ 1 12],24,24,25,0,24
1,<environment.Job instance at 0x1513782d6280>,17,20,[9 1],31,37,57,6,37
1,<environment.Job instance at 0x15137581b410>,20,1,[12  2],35,57,58,22,47
1,<environment.Job instance at 0x151379212690>,27,2,[2 8],50,50,52,0,50
1,<environment.Job instance at 0x151379212a50>,28,1,[7 1],53,58,59,5,53
1,<environment.Job instance at 0x151379212780>,29,2,[2 6],54,54,56,0,54
1,<environment.Job instance at 0x151375433e60>,32,2,[5 1],58,58,60,0,58
1,<environment.Job instance at 0x1513754335a0>,34,1,[7 2],60,60,61,0,60
1,<environment.Job instance at 0x1513786c4d70>,37,2,[2 5],65,65,67,0,65
1,<environment.Job instance at 0x151388757aa0>,41,20,[7 2],69,69,89,0,69
1,<environment.Job instance at 0x1513762bf500>,51,1,[ 1 13],81,81,82,0,81
1,<environment.Job instance at 0x1513762bfb40>,52,12,[ 1 14],82,89,101,7,89
1,<environment.Job instance at 0x1513762bf370>,53,1,[5 2],83,101,102,18,89
1,<environment.Job instance at 0x151383a30f00>,55,1,[11  1],93,93,94,0,93
1,<environment.Job instance at 0x15137840acd0>,56,2,[5 1],94,94,96,0,94
1,<environment.Job instance at 0x151375206d70>,57,2,[1 6],95,101,103,6,95
1,<environment.Job instance at 0x151379881e60>,58,2,[1 8],96,102,104,6,96
1,<environment.Job instance at 0x1513798811e0>,59,1,[6 1],97,97,98,0,97
1,<environment.Job instance at 0x151375367a00>,9,13,[1 5],21,206,219,185,206
1,<environment.Job instance at 0x151375367b90>,15,12,[5 2],29,366,378,337,366
1,<environment.Job instance at 0x15138a3b4f50>,19,2,[13  1],34,1324,1326,1290,1324
1,<environment.Job instance at 0x1513758200f0>,0,1,[2 9],1,1,2,0,1
1,<environment.Job instance at 0x1513762b27d0>,1,1,[1 5],2,2,3,0,2
1,<environment.Job instance at 0x1513782788c0>,8,2,[2 7],15,15,17,0,15
1,<environment.Job instance at 0x15138aa9df50>,43,17,[12  1],57,460,477,403,460
1,<environment.Job instance at 0x151376dbd690>,68,2,[2 9],90,493,495,403,493
1,<environment.Job instance at 0x151383bc4280>,70,2,[8 1],92,495,497,403,495
1,<environment.Job instance at 0x1513833cf780>,72,1,[ 2 10],95,496,497,401,496
1,<environment.Job instance at 0x151376dcc410>,4,23,[2 5],7,7,30,0,7
1,<environment.Job instance at 0x1513751560a0>,18,15,[1 5],23,249,264,226,249
1,<environment.Job instance at 0x151375654780>,8,3,[2 6],11,302,305,291,302
1,<environment.Job instance at 0x151375330f50>,17,17,[11  2],22,357,374,335,357
1,<environment.Job instance at 0x1513751385f0>,25,1,[6 1],34,374,375,340,357
1,<environment.Job instance at 0x151380057870>,22,2,[9 1],29,376,378,347,376
1,<environment.Job instance at 0x151375572320>,28,18,[ 1 14],37,377,395,340,377
1,<environment.Job instance at 0x1513797dc9b0>,36,28,[ 2 10],46,395,423,349,394
1,<environment.Job instance at 0x1513753dfd20>,44,1,[5 2],58,395,396,337,394
1,<environment.Job instance at 0x1513797dd4b0>,52,2,[2 5],74,409,411,335,409
1,<environment.Job instance at 0x1513797ddc30>,53,19,[ 2 14],75,423,442,348,415
1,<environment.Job instance at 0x1513797ddd70>,54,1,[8 1],76,415,416,339,415
1,<environment.Job instance at 0x15137582e410>,56,2,[9 1],79,416,418,337,415
1,<environment.Job instance at 0x15137582e780>,61,2,[10  1],86,418,420,332,415
1,<environment.Job instance at 0x15137582e820>,63,2,[2 5],88,442,444,354,431
1,<environment.Job instance at 0x151379816050>,64,1,[1 7],89,442,443,353,431
1,<environment.Job instance at 0x1513798160a0>,65,1,[2 9],90,443,444,353,431
1,<environment.Job instance at 0x1513888eb460>,67,1,[9 2],93,442,443,349,434
1,<environment.Job instance at 0x1513888eb820>,68,1,[7 2],95,444,445,349,434
1,<environment.Job instance at 0x15137513db90>,21,16,[2 8],28,444,460,416,438
1,<environment.Job instance at 0x1513755724b0>,29,2,[7 1],38,466,468,428,466
1,<environment.Job instance at 0x151381d76b40>,0,2,[10  1],1,1,3,0,1
1,<environment.Job instance at 0x15137513d3c0>,1,1,[1 7],2,2,3,0,2
1,<environment.Job instance at 0x151381d76a50>,2,1,[9 1],4,4,5,0,4
1,<environment.Job instance at 0x1513755a9460>,0,1,[14  1],1,1,2,0,1
1,<environment.Job instance at 0x1513755e2550>,3,1,[8 1],4,4,5,0,4
1,<environment.Job instance at 0x15137555a140>,8,1,[ 1 10],12,12,13,0,12
1,<environment.Job instance at 0x15138a145fa0>,20,1,[1 5],28,29,30,1,29
1,<environment.Job instance at 0x151379702dc0>,24,2,[ 1 10],32,32,34,0,32
1,<environment.Job instance at 0x151375af7d20>,25,2,[1 8],33,34,36,1,33
1,<environment.Job instance at 0x15138009aaf0>,28,2,[7 1],36,37,39,1,37
1,<environment.Job instance at 0x15138aa1d5a0>,30,1,[2 5],38,38,39,0,38
1,<environment.Job instance at 0x15138aa1da00>,31,3,[ 1 11],41,41,44,0,41
1,<environment.Job instance at 0x15138aa1dc80>,32,2,[1 9],42,44,46,2,42
1,<environment.Job instance at 0x15137565f5f0>,33,2,[2 5],43,44,46,1,43
1,<environment.Job instance at 0x15137565f690>,34,3,[1 5],46,46,49,0,46
1,<environment.Job instance at 0x15137565f4b0>,35,1,[8 1],47,47,48,0,47
1,<environment.Job instance at 0x1513796347d0>,36,2,[8 2],48,48,50,0,48
1,<environment.Job instance at 0x151379634d20>,38,2,[5 2],50,50,52,0,50
1,<environment.Job instance at 0x1513796341e0>,39,3,[1 5],51,51,54,0,51
1,<environment.Job instance at 0x1513792155f0>,40,1,[1 5],53,53,54,0,53
1,<environment.Job instance at 0x151379634820>,41,16,[8 1],54,54,70,0,54
1,<environment.Job instance at 0x151378682780>,46,2,[2 7],60,60,62,0,60
1,<environment.Job instance at 0x1513786825a0>,49,18,[5 2],63,67,85,4,67
1,<environment.Job instance at 0x1513786825f0>,54,3,[ 1 14],70,85,88,15,74
1,<environment.Job instance at 0x151378682b90>,55,3,[5 1],71,75,78,4,75
1,<environment.Job instance at 0x151383b36e60>,59,12,[7 2],77,88,100,11,83
1,<environment.Job instance at 0x151383b36d20>,60,2,[2 7],79,83,85,4,83
1,<environment.Job instance at 0x151383b36320>,63,2,[1 9],83,88,90,5,85
1,<environment.Job instance at 0x151383b36690>,64,23,[1 5],84,90,113,6,85
1,<environment.Job instance at 0x1513796ad500>,69,1,[5 1],89,102,103,13,102
1,<environment.Job instance at 0x1513796adfa0>,70,2,[2 8],90,102,104,12,102
1,<environment.Job instance at 0x1513796adc30>,71,3,[7 1],91,103,106,12,103
1,<environment.Job instance at 0x1513796ad140>,73,2,[10  1],94,107,109,13,107
1,<environment.Job instance at 0x1513796ad050>,74,22,[5 1],96,109,131,13,107
1,<environment.Job instance at 0x15138009a870>,29,15,[2 7],37,268,283,231,268
1,<environment.Job instance at 0x151378682460>,48,1,[1 9],62,304,305,242,304
1,<environment.Job instance at 0x1513756a76e0>,8,1,[ 2 10],11,11,12,0,11
1,<environment.Job instance at 0x1513756a70f0>,9,2,[6 2],12,12,14,0,12
1,<environment.Job instance at 0x1513756a7050>,10,1,[1 5],14,14,15,0,14
1,<environment.Job instance at 0x1513756a7690>,11,2,[5 2],15,15,17,0,15
1,<environment.Job instance at 0x151380069050>,13,2,[8 1],17,17,19,0,17
1,<environment.Job instance at 0x1513800698c0>,18,18,[ 2 11],22,22,40,0,22
1,<environment.Job instance at 0x1513784be6e0>,31,2,[11  1],38,61,63,23,61
1,<environment.Job instance at 0x1513784be280>,34,28,[ 2 10],41,61,89,20,61
1,<environment.Job instance at 0x1513797e10a0>,51,2,[ 1 11],67,89,91,22,84
1,<environment.Job instance at 0x1513797e1af0>,53,16,[ 1 12],69,1351,1367,1282,1351
1,<environment.Job instance at 0x151375d90820>,66,2,[1 6],89,1367,1369,1278,1366
1,<environment.Job instance at 0x151375d908c0>,70,2,[10  1],97,1371,1373,1274,1371
1,<environment.Job instance at 0x1513800695f0>,17,3,[2 7],21,1418,1421,1397,1418
1,<environment.Job instance at 0x1513800693c0>,19,2,[1 6],23,1423,1425,1400,1423
1,<environment.Job instance at 0x1513800692d0>,20,16,[1 9],24,1534,1550,1510,1534
1,<environment.Job instance at 0x151380069280>,21,2,[ 1 13],25,2191,2193,2166,2191
1,<environment.Job instance at 0x14c8b0ce4e60>,2,1,[2 5],3,3,4,0,3
1,<environment.Job instance at 0x14c85a4a9c80>,3,1,[6 2],4,4,5,0,4
1,<environment.Job instance at 0x14c85a4a9eb0>,4,2,[7 2],5,5,7,0,5
1,<environment.Job instance at 0x14c85a4a9230>,7,1,[2 6],8,8,9,0,8
1,<environment.Job instance at 0x14c85acb6be0>,9,2,[6 1],11,12,14,1,12
1,<environment.Job instance at 0x14c85acdc640>,11,3,[1 8],13,13,16,0,13
1,<environment.Job instance at 0x14c85ac03190>,12,3,[1 8],14,16,19,2,14
1,<environment.Job instance at 0x14c85a4a9550>,13,2,[8 1],17,17,19,0,17
1,<environment.Job instance at 0x14c85ace6d70>,14,2,[ 1 10],18,19,21,1,18
1,<environment.Job instance at 0x14c85ac19b40>,15,1,[ 1 10],20,21,22,1,20
1,<environment.Job instance at 0x14c85abdfe10>,16,1,[2 5],21,21,22,0,21
1,<environment.Job instance at 0x14c85ac51960>,17,17,[6 1],23,23,40,0,23
1,<environment.Job instance at 0x14c85ab372d0>,18,2,[10  1],25,40,42,15,25
1,<environment.Job instance at 0x14c85ab79d20>,20,2,[ 1 13],27,27,29,0,27
1,<environment.Job instance at 0x14c85abe7320>,22,1,[2 7],30,30,31,0,30
1,<environment.Job instance at 0x14c85abba2d0>,23,2,[8 1],31,31,33,0,31
1,<environment.Job instance at 0x14c85abbac80>,25,2,[2 8],34,34,36,0,34
1,<environment.Job instance at 0x14c85ac31e60>,26,1,[2 7],35,36,37,1,35
1,<environment.Job instance at 0x14c85abba230>,27,2,[2 7],36,36,38,0,36
1,<environment.Job instance at 0x14c85abba460>,28,2,[2 7],37,37,39,0,37
1,<environment.Job instance at 0x14c85abb55f0>,32,3,[2 9],42,42,45,0,42
1,<environment.Job instance at 0x14c85abb5140>,33,1,[2 7],43,45,46,2,43
1,<environment.Job instance at 0x14c85abb4280>,34,15,[11  1],44,50,65,6,50
1,<environment.Job instance at 0x14c85ac2c0f0>,41,25,[12  2],54,65,90,11,61
1,<environment.Job instance at 0x14c85ac27fa0>,46,2,[2 8],61,61,63,0,61
1,<environment.Job instance at 0x14c85ac1ff00>,47,1,[1 6],63,63,64,0,63
1,<environment.Job instance at 0x14c85abd1870>,48,1,[2 9],65,65,66,0,65
1,<environment.Job instance at 0x14c85abda7d0>,51,2,[8 2],69,90,92,21,70
1,<environment.Job instance at 0x14c85abda780>,52,2,[1 7],72,72,74,0,72
1,<environment.Job instance at 0x14c85a70a410>,53,3,[6 1],73,90,93,17,73
1,<environment.Job instance at 0x14c85a707960>,54,2,[2 5],75,75,77,0,75
1,<environment.Job instance at 0x14c85abdeaf0>,55,16,[2 5],76,92,108,16,79
1,<environment.Job instance at 0x14c85abceb90>,57,22,[1 5],80,80,102,0,80
1,<environment.Job instance at 0x14c85a71b690>,64,12,[9 1],91,105,117,14,105
1,<environment.Job instance at 0x14c85a71e7d0>,67,1,[13  1],94,117,118,23,105
1,<environment.Job instance at 0x14c85a71ecd0>,69,1,[2 5],96,105,106,9,105
1,<environment.Job instance at 0x14c85a71e550>,70,2,[ 2 10],97,108,110,11,105
1,<environment.Job instance at 0x14c85abd70f0>,73,2,[6 2],103,110,112,7,107
1,<environment.Job instance at 0x14c85a4a66e0>,75,1,[1 6],107,112,113,5,110
1,<environment.Job instance at 0x14c85a4a6e60>,76,2,[2 5],108,112,114,4,110
1,<environment.Job instance at 0x14c85ab96280>,77,2,[ 1 10],109,114,116,5,110
1,<environment.Job instance at 0x14c85abb44b0>,35,2,[1 8],45,187,189,142,187
1,<environment.Job instance at 0x14c85a4a95f0>,10,13,[2 8],12,2087,2100,2075,2087
1,<environment.Job instance at 0x14c85cc42af0>,5,2,[ 1 10],8,8,10,0,8
1,<environment.Job instance at 0x14c85cc424b0>,7,2,[1 8],11,11,13,0,11
1,<environment.Job instance at 0x14c85cc42050>,8,2,[2 6],12,12,14,0,12
1,<environment.Job instance at 0x14c85cc4b9b0>,9,1,[1 5],13,13,14,0,13
1,<environment.Job instance at 0x14c85cc4b320>,10,2,[1 9],16,16,18,0,16
1,<environment.Job instance at 0x14c85cc4b3c0>,11,1,[2 7],17,18,19,1,17
1,<environment.Job instance at 0x14c85cc4b280>,12,1,[2 5],18,18,19,0,18
1,<environment.Job instance at 0x14c85cc4b0f0>,14,2,[14  1],20,20,22,0,20
1,<environment.Job instance at 0x14c85cc4bb90>,15,1,[5 1],21,22,23,1,22
1,<environment.Job instance at 0x14c85cc3b870>,23,1,[2 8],31,32,33,1,32
1,<environment.Job instance at 0x14c85cc3bbe0>,24,1,[ 2 10],32,33,34,1,32
1,<environment.Job instance at 0x14c85cc3b7d0>,25,1,[ 2 14],33,34,35,1,33
1,<environment.Job instance at 0x14c85ce35eb0>,26,1,[8 2],34,35,36,1,34
1,<environment.Job instance at 0x14c85cc4b960>,16,3,[2 8],22,35,38,13,34
1,<environment.Job instance at 0x14c85cc3ba00>,19,13,[ 1 10],26,38,51,12,34
1,<environment.Job instance at 0x14c85ccb3fa0>,27,15,[5 1],35,47,62,12,47
1,<environment.Job instance at 0x14c85ccb3640>,30,3,[11  2],41,62,65,21,53
1,<environment.Job instance at 0x14c85ccb3190>,33,1,[8 1],44,53,54,9,53
1,<environment.Job instance at 0x14c85ccb3140>,36,18,[2 6],48,53,71,5,53
1,<environment.Job instance at 0x14c85cc41dc0>,40,3,[12  1],54,67,70,13,67
1,<environment.Job instance at 0x14c85cc411e0>,41,1,[1 8],56,67,68,11,67
1,<environment.Job instance at 0x14c85cc41b40>,44,2,[1 8],59,68,70,9,67
1,<environment.Job instance at 0x14c85cca63c0>,46,13,[ 1 14],62,71,84,9,69
1,<environment.Job instance at 0x14c85cca68c0>,47,27,[1 8],63,84,111,21,82
1,<environment.Job instance at 0x14c85cca6550>,54,3,[ 2 10],76,111,114,35,106
1,<environment.Job instance at 0x14c85cca6fa0>,55,2,[1 9],78,114,116,36,106
1,<environment.Job instance at 0x14c85ccb45a0>,56,2,[ 2 10],81,116,118,35,106
1,<environment.Job instance at 0x14c85ccb4370>,59,2,[ 2 10],84,118,120,34,112
1,<environment.Job instance at 0x14c85ccb4d70>,60,2,[2 9],85,120,122,35,112
1,<environment.Job instance at 0x14c85ccb4a00>,62,19,[ 1 10],88,122,141,34,117
1,<environment.Job instance at 0x14c85cd4ce10>,65,2,[ 1 10],91,141,143,50,117
1,<environment.Job instance at 0x14c85cd4c410>,68,1,[2 9],94,143,144,49,120
1,<environment.Job instance at 0x14c85cd4c690>,70,3,[ 2 10],97,144,147,47,135
1,<environment.Job instance at 0x14c85cdb3e60>,71,14,[10  1],99,143,157,44,143
1,<environment.Job instance at 0x14c85cd58b40>,79,18,[8 1],108,157,175,49,146
1,<environment.Job instance at 0x14c85ccb3dc0>,28,18,[1 8],36,225,243,189,225
1,<environment.Job instance at 0x14c85ccb3f50>,29,2,[ 1 10],40,250,252,210,250
1,<environment.Job instance at 0x14c85cc3b320>,20,16,[8 1],27,2425,2441,2398,2425
1,<environment.Job instance at 0x14c85e214690>,5,1,[9 1],11,11,12,0,11
1,<environment.Job instance at 0x14c85cc23280>,7,2,[6 2],13,13,15,0,13
1,<environment.Job instance at 0x14c85cc23460>,9,2,[8 1],16,17,19,1,17
1,<environment.Job instance at 0x14c85cc234b0>,15,1,[2 6],26,26,27,0,26
1,<environment.Job instance at 0x14c85cc235a0>,16,2,[1 6],27,27,29,0,27
1,<environment.Job instance at 0x14c85cc23910>,18,1,[2 8],32,32,33,0,32
1,<environment.Job instance at 0x14c85e203960>,24,1,[7 2],43,43,44,0,43
1,<environment.Job instance at 0x14c85e06ab90>,25,2,[5 2],44,45,47,1,45
1,<environment.Job instance at 0x14c85e06aaa0>,26,2,[ 2 12],46,46,48,0,46
1,<environment.Job instance at 0x14c85e15b820>,32,1,[1 5],53,53,54,0,53
1,<environment.Job instance at 0x14c85e15b870>,36,3,[1 5],59,59,62,0,59
1,<environment.Job instance at 0x14c85e15b8c0>,37,21,[ 2 13],60,62,83,2,60
1,<environment.Job instance at 0x14c85e0b7820>,45,1,[1 8],69,83,84,14,77
1,<environment.Job instance at 0x14c85e073780>,47,2,[5 2],72,78,80,6,78
1,<environment.Job instance at 0x14c85e0730a0>,48,2,[1 7],74,83,85,9,78
1,<environment.Job instance at 0x14c85e073050>,49,2,[5 2],75,80,82,5,79
1,<environment.Job instance at 0x14c85ccbd550>,51,12,[7 1],78,84,96,6,81
1,<environment.Job instance at 0x14c85cc37410>,55,1,[2 5],84,85,86,1,85
1,<environment.Job instance at 0x14c85cf98370>,58,2,[7 2],89,91,93,2,91
1,<environment.Job instance at 0x14c85cf985f0>,59,3,[ 2 10],91,93,96,2,92
1,<environment.Job instance at 0x14c85cf16370>,61,2,[2 5],94,105,107,11,105
1,<environment.Job instance at 0x14c85cf16550>,62,1,[ 2 10],95,105,106,10,105
1,<environment.Job instance at 0x14c85cf16500>,63,14,[8 1],96,106,120,10,105
1,<environment.Job instance at 0x14c85cf16b40>,64,2,[ 1 10],97,107,109,10,105
1,<environment.Job instance at 0x14c85cf16e10>,65,3,[7 2],98,109,112,11,108
1,<environment.Job instance at 0x14c85cf16640>,66,21,[7 2],100,112,133,12,108
1,<environment.Job instance at 0x14c85e06a640>,30,13,[ 1 11],51,129,142,78,129
1,<environment.Job instance at 0x14c85e15ba00>,34,3,[ 2 10],55,142,145,87,141
1,<environment.Job instance at 0x14c85e15b550>,35,3,[ 1 13],56,153,156,97,153
1,<environment.Job instance at 0x14c864390d20>,19,1,[6 2],31,48,49,17,48
1,<environment.Job instance at 0x14c867f40f00>,18,2,[ 2 12],30,168,170,138,168
1,<environment.Job instance at 0x14c85f3c2280>,11,1,[1 8],18,307,308,289,307
1,<environment.Job instance at 0x14c8626b3aa0>,21,15,[ 1 11],37,452,467,415,452
1,<environment.Job instance at 0x14c8650076e0>,39,2,[2 9],61,472,474,411,472
1,<environment.Job instance at 0x14c8650073c0>,47,2,[10  2],75,486,488,411,486
1,<environment.Job instance at 0x14c86439e190>,51,2,[5 2],82,487,489,405,487
1,<environment.Job instance at 0x14c860c661e0>,53,2,[9 2],85,489,491,404,489
1,<environment.Job instance at 0x14c863d27780>,54,1,[7 2],86,491,492,405,489
1,<environment.Job instance at 0x14c863d2e5f0>,59,26,[9 1],94,494,520,400,494
1,<environment.Job instance at 0x14c8643e0370>,15,2,[ 2 10],25,527,529,502,527
1,<environment.Job instance at 0x14c865007d70>,45,2,[5 1],73,555,557,482,555
1,<environment.Job instance at 0x14c8651a0b40>,23,2,[1 9],41,561,563,520,561
1,<environment.Job instance at 0x14c8626e65a0>,2,2,[1 5],5,5,7,0,5
1,<environment.Job instance at 0x14c85e581230>,5,1,[5 1],9,9,10,0,9
1,<environment.Job instance at 0x14c859e34d70>,7,2,[1 9],11,11,13,0,11
1,<environment.Job instance at 0x14c859e345a0>,9,1,[1 8],15,16,17,1,16
1,<environment.Job instance at 0x14c859e82f00>,12,2,[8 2],18,18,20,0,18
1,<environment.Job instance at 0x14c859e82050>,15,2,[1 7],22,22,24,0,22
1,<environment.Job instance at 0x14c85a474a50>,16,15,[1 5],23,23,38,0,23
1,<environment.Job instance at 0x14c85a4e1320>,17,3,[1 9],24,24,27,0,24
1,<environment.Job instance at 0x14c85a474af0>,18,2,[1 8],26,27,29,1,26
1,<environment.Job instance at 0x14c85a4e1050>,19,2,[1 5],28,29,31,1,28
1,<environment.Job instance at 0x14c85a4e1be0>,21,1,[2 8],30,31,32,1,30
1,<environment.Job instance at 0x14c85a4e15a0>,22,1,[8 2],31,31,32,0,31
1,<environment.Job instance at 0x14c85a4e1c30>,23,14,[14  1],32,44,58,12,44
1,<environment.Job instance at 0x14c859e64870>,27,3,[ 2 11],40,58,61,18,52
1,<environment.Job instance at 0x14c85a4e11e0>,28,2,[1 7],41,52,54,11,52
1,<environment.Job instance at 0x14c85a4e19b0>,29,1,[1 5],42,54,55,12,52
1,<environment.Job instance at 0x14c85abe2500>,33,2,[ 1 10],46,55,57,9,52
1,<environment.Job instance at 0x14c85abe2a00>,37,3,[6 1],50,58,61,8,56
1,<environment.Job instance at 0x14c85abe2c80>,38,2,[1 8],51,61,63,10,56
1,<environment.Job instance at 0x14c85c176500>,40,2,[2 8],53,63,65,10,56
1,<environment.Job instance at 0x14c860c4dc80>,42,1,[6 2],58,59,60,1,59
1,<environment.Job instance at 0x14c860c4dfa0>,43,2,[2 8],59,65,67,6,59
1,<environment.Job instance at 0x14c865164fa0>,44,1,[6 2],61,61,62,0,61
1,<environment.Job instance at 0x14c85a4a4d70>,45,1,[2 9],62,67,68,5,62
1,<environment.Job instance at 0x14c85a4a46e0>,46,27,[ 2 10],63,68,95,5,66
1,<environment.Job instance at 0x14c85cc42910>,47,2,[10  1],64,66,68,2,66
1,<environment.Job instance at 0x14c865164550>,48,2,[2 7],66,95,97,29,68
1,<environment.Job instance at 0x14c865176870>,49,1,[5 2],67,68,69,1,68
1,<environment.Job instance at 0x14c8651762d0>,50,1,[2 5],68,69,70,1,68
1,<environment.Job instance at 0x14c85e4c9e10>,51,2,[ 1 10],70,97,99,27,70
1,<environment.Job instance at 0x14c859d58050>,54,2,[5 2],73,73,75,0,73
1,<environment.Job instance at 0x14c85e125460>,56,2,[7 1],77,77,79,0,77
1,<environment.Job instance at 0x14c86444c3c0>,59,2,[5 2],80,80,82,0,80
1,<environment.Job instance at 0x14c85cf99190>,63,13,[12  2],87,217,230,130,217
1,<environment.Job instance at 0x14c85cf99aa0>,65,1,[6 2],89,230,231,141,217
1,<environment.Job instance at 0x14c85cf99dc0>,66,2,[1 5],90,217,219,127,217
1,<environment.Job instance at 0x14c85cf998c0>,67,1,[1 7],91,217,218,126,217
1,<environment.Job instance at 0x14c85cf99f00>,69,2,[1 5],93,218,220,125,217
1,<environment.Job instance at 0x14c85ccc64b0>,70,1,[1 9],95,220,221,125,217
1,<environment.Job instance at 0x14c85ccc6690>,72,15,[7 1],97,230,245,133,220
1,<environment.Job instance at 0x14c85ccc6960>,73,1,[2 6],98,221,222,123,220
1,<environment.Job instance at 0x14c85ccc6730>,74,1,[2 8],100,222,223,122,220
1,<environment.Job instance at 0x14c85cf7afa0>,75,1,[2 6],101,223,224,122,220
1,<environment.Job instance at 0x14c85cbd29b0>,80,3,[5 1],107,231,234,124,226
1,<environment.Job instance at 0x14c85cbd2500>,81,1,[10  1],108,245,246,137,226
1,<environment.Job instance at 0x14c85cbd21e0>,82,1,[1 8],109,226,227,117,226
1,<environment.Job instance at 0x14c859e687d0>,10,16,[2 6],16,1583,1599,1567,1583
1,<environment.Job instance at 0x14c85a4e1f00>,24,2,[6 1],34,1603,1605,1569,1603
1,<environment.Job instance at 0x14c85a4e1e60>,25,3,[10  1],36,1633,1636,1597,1633
1,<environment.Job instance at 0x14c859ff95a0>,0,2,[2 6],1,1,3,0,1
1,<environment.Job instance at 0x14c859faabe0>,2,2,[10  2],3,4,6,1,4
1,<environment.Job instance at 0x14c859e70be0>,5,2,[1 6],7,7,9,0,7
1,<environment.Job instance at 0x14c85cff2eb0>,9,2,[1 8],12,12,14,0,12
1,<environment.Job instance at 0x14c85a0cbb90>,14,3,[7 1],17,20,23,3,20
1,<environment.Job instance at 0x14c85a0cb5a0>,17,1,[ 2 10],20,20,21,0,20
1,<environment.Job instance at 0x14c85a0cb640>,18,2,[10  2],22,23,25,1,22
1,<environment.Job instance at 0x14c85a0cb0f0>,20,3,[2 8],27,27,30,0,27
1,<environment.Job instance at 0x14c85a0cbc30>,23,3,[2 9],30,30,33,0,30
1,<environment.Job instance at 0x14c85a200280>,24,23,[1 6],31,31,54,0,31
1,<environment.Job instance at 0x14c85a200410>,32,2,[5 1],47,49,51,2,49
1,<environment.Job instance at 0x14c85a230910>,39,18,[1 5],57,62,80,5,62
1,<environment.Job instance at 0x14c85a230140>,46,2,[ 1 10],70,73,75,3,73
1,<environment.Job instance at 0x14c85a2305f0>,47,16,[ 2 10],72,82,98,10,82
1,<environment.Job instance at 0x14c85a230640>,49,2,[1 6],77,98,100,21,82
1,<environment.Job instance at 0x14c8645314b0>,55,1,[2 8],89,98,99,9,89
1,<environment.Job instance at 0x14c864531a50>,56,2,[7 2],90,90,92,0,90
1,<environment.Job instance at 0x14c8645312d0>,57,2,[6 2],91,91,93,0,91
1,<environment.Job instance at 0x14c864531370>,60,2,[5 2],94,94,96,0,94
1,<environment.Job instance at 0x14c864531050>,61,27,[1 7],95,99,126,4,97
1,<environment.Job instance at 0x14c86444c550>,70,2,[2 9],107,126,128,19,123
1,<environment.Job instance at 0x14c85a0cb230>,13,2,[7 1],16,477,479,461,477
1,<environment.Job instance at 0x14c85a200e60>,26,3,[10  1],37,503,506,466,503
1,<environment.Job instance at 0x14c859e81f00>,8,1,[ 1 12],16,16,17,0,16
1,<environment.Job instance at 0x14c85ac84f50>,12,1,[2 9],24,24,25,0,24
1,<environment.Job instance at 0x14c859e70f50>,7,25,[9 1],11,11,36,0,11
1,<environment.Job instance at 0x14c85cdf9870>,10,21,[2 5],15,18,39,3,18
1,<environment.Job instance at 0x14c85cdf9aa0>,20,17,[2 5],27,35,52,8,35
1,<environment.Job instance at 0x14c85e4c49b0>,23,2,[5 2],31,48,50,17,48
1,<environment.Job instance at 0x14c85cbce050>,24,2,[5 1],32,48,50,16,48
1,<environment.Job instance at 0x14c85ce125f0>,25,1,[1 7],33,48,49,15,48
1,<environment.Job instance at 0x14c85ce12910>,26,17,[9 1],36,50,67,14,50
1,<environment.Job instance at 0x14c860c74b90>,29,1,[2 6],40,50,51,10,50
1,<environment.Job instance at 0x14c86522e4b0>,33,2,[7 2],45,67,69,22,66
1,<environment.Job instance at 0x14c85b73bfa0>,34,2,[9 2],46,69,71,23,67
1,<environment.Job instance at 0x14c860c6cbe0>,35,3,[5 1],47,68,71,21,68
1,<environment.Job instance at 0x14c85b73b7d0>,36,2,[ 1 10],48,68,70,20,68
1,<environment.Job instance at 0x14c85cf3a5a0>,38,17,[12  1],50,71,88,21,69
1,<environment.Job instance at 0x14c85cf3aaf0>,40,17,[7 1],54,88,105,34,82
1,<environment.Job instance at 0x14c85ce81410>,54,1,[5 1],70,106,107,36,106
1,<environment.Job instance at 0x14c85e0c20f0>,56,2,[7 2],72,108,110,36,108
1,<environment.Job instance at 0x14c85cf67a50>,59,1,[13  1],75,112,113,37,112
1,<environment.Job instance at 0x14c85cf67230>,61,1,[5 1],77,113,114,36,112
1,<environment.Job instance at 0x14c8626d0f00>,64,2,[8 2],80,116,118,36,116
1,<environment.Job instance at 0x14c8626d0c80>,66,2,[2 5],82,116,118,34,116
1,<environment.Job instance at 0x14c85f3cbdc0>,68,22,[8 1],85,128,150,43,128
1,<environment.Job instance at 0x14c85acbe3c0>,74,2,[2 9],92,148,150,56,148
1,<environment.Job instance at 0x14c85acbe0a0>,75,2,[2 7],93,150,152,57,148
1,<environment.Job instance at 0x14c85acbe550>,76,18,[6 1],95,151,169,56,151
1,<environment.Job instance at 0x14c85acbe960>,79,22,[2 6],99,154,176,55,154
1,<environment.Job instance at 0x14c85acbed20>,80,1,[ 1 14],100,176,177,76,165
1,<environment.Job instance at 0x14c859a0ce60>,0,3,[ 2 14],2,9,12,7,9
1,<environment.Job instance at 0x14c85e152730>,8,2,[7 2],15,15,17,0,15
1,<environment.Job instance at 0x14c85ac99780>,9,1,[1 5],17,17,18,0,17
1,<environment.Job instance at 0x14c85acf0dc0>,2,1,[ 2 10],4,19,20,15,19
1,<environment.Job instance at 0x14c85c17d5f0>,11,27,[5 1],20,20,47,0,20
1,<environment.Job instance at 0x14c859ee8050>,12,15,[14  1],21,113,128,92,113
1,<environment.Job instance at 0x14c860c4a460>,30,22,[2 5],49,128,150,79,121
1,<environment.Job instance at 0x14c8651ac410>,33,26,[ 2 13],53,150,176,97,147
1,<environment.Job instance at 0x14c85cc64640>,36,2,[12  1],57,176,178,119,176
1,<environment.Job instance at 0x14c867f5faf0>,44,1,[6 2],67,183,184,116,183
1,<environment.Job instance at 0x14c867f5f320>,45,2,[ 1 10],68,183,185,115,183
1,<environment.Job instance at 0x14c867f5fdc0>,46,2,[2 7],69,185,187,116,183
1,<environment.Job instance at 0x14c85d000960>,51,17,[1 6],81,193,210,112,193
1,<environment.Job instance at 0x14c85ac75c30>,54,2,[ 1 11],87,210,212,123,193
1,<environment.Job instance at 0x14c863d4c460>,56,1,[1 8],90,193,194,103,193
1,<environment.Job instance at 0x14c85ac75640>,57,2,[2 9],91,194,196,103,193
1,<environment.Job instance at 0x14c85ac753c0>,60,28,[5 2],94,208,236,114,208
1,<environment.Job instance at 0x14c85a035eb0>,63,3,[ 2 14],97,236,239,139,228
1,<environment.Job instance at 0x14c85a0355a0>,65,2,[2 6],99,228,230,129,228
1,<environment.Job instance at 0x14c85a035dc0>,66,1,[8 1],100,228,229,128,228
1,<environment.Job instance at 0x14c85a035780>,67,1,[7 2],102,229,230,127,228
1,<environment.Job instance at 0x14c859a62410>,70,2,[6 2],106,230,232,124,228
1,<environment.Job instance at 0x14c859ebd730>,72,14,[7 1],108,234,248,126,234
1,<environment.Job instance at 0x14c85ac75cd0>,53,13,[2 9],86,290,303,204,290
1,<environment.Job instance at 0x14c85e51a7d0>,13,2,[1 9],22,303,305,281,299
1,<environment.Job instance at 0x14c859f5c9b0>,0,1,[1 9],1,1,2,0,1
1,<environment.Job instance at 0x14c85e4efdc0>,6,1,[9 2],7,7,8,0,7
1,<environment.Job instance at 0x14c85994a0a0>,7,2,[1 7],8,8,10,0,8
1,<environment.Job instance at 0x14c85a6ea5a0>,8,26,[1 6],11,11,37,0,11
1,<environment.Job instance at 0x14c8651c7c30>,10,23,[2 6],14,14,37,0,14
1,<environment.Job instance at 0x14c85cbf1190>,18,1,[9 1],25,25,26,0,25
1,<environment.Job instance at 0x14c85cbf1e10>,21,3,[12  1],29,58,61,29,58
1,<environment.Job instance at 0x14c85ac60460>,22,20,[8 1],30,61,81,31,58
1,<environment.Job instance at 0x14c85ac606e0>,23,2,[7 1],31,61,63,30,58
1,<environment.Job instance at 0x14c864539500>,26,2,[1 8],39,58,60,19,58
1,<environment.Job instance at 0x14c8645390a0>,27,1,[2 6],40,58,59,18,58
1,<environment.Job instance at 0x14c864539f50>,29,1,[ 2 10],47,60,61,13,58
1,<environment.Job instance at 0x14c864539aa0>,30,3,[11  1],49,81,84,32,81
1,<environment.Job instance at 0x14c864539e60>,31,13,[ 2 11],50,136,149,86,136
1,<environment.Job instance at 0x14c864539190>,33,1,[8 1],53,136,137,83,136
1,<environment.Job instance at 0x14c863d235a0>,40,1,[ 2 10],67,149,150,82,139
1,<environment.Job instance at 0x14c863d23cd0>,42,2,[ 1 12],69,150,152,81,140
1,<environment.Job instance at 0x14c863d23c30>,45,21,[5 1],72,148,169,76,148
1,<environment.Job instance at 0x14c8643b15a0>,56,22,[ 2 10],87,164,186,77,164
1,<environment.Job instance at 0x14c8650e90a0>,65,2,[ 1 10],98,186,188,88,174
1,<environment.Job instance at 0x14c85aba2dc0>,70,2,[8 2],105,179,181,74,179
1,<environment.Job instance at 0x14c860c78410>,13,1,[5 2],18,185,186,167,185
1,<environment.Job instance at 0x14c8b0be15f0>,4,16,[7 1],5,231,247,226,231
1,<environment.Job instance at 0x14c860c78140>,15,2,[7 2],21,371,373,350,371
1,<environment.Job instance at 0x14c85cf162d0>,1,2,[8 2],3,3,5,0,3
1,<environment.Job instance at 0x14c86518f3c0>,4,2,[7 1],8,8,10,0,8
1,<environment.Job instance at 0x14c86518f280>,5,21,[6 1],10,10,31,0,10
1,<environment.Job instance at 0x14c86518fd70>,6,3,[ 2 13],12,23,26,11,23
1,<environment.Job instance at 0x14c85e4e45a0>,11,1,[1 7],20,26,27,6,23
1,<environment.Job instance at 0x14c85e4e46e0>,13,27,[5 2],22,26,53,4,24
1,<environment.Job instance at 0x14c8644276e0>,20,18,[9 1],33,52,70,19,52
1,<environment.Job instance at 0x14c85a1818c0>,24,1,[2 6],39,53,54,14,52
1,<environment.Job instance at 0x14c859afb050>,30,28,[1 6],47,52,80,5,52
1,<environment.Job instance at 0x14c85a181460>,32,21,[9 1],51,70,91,19,62
1,<environment.Job instance at 0x14c85a1ffd20>,42,2,[ 2 10],65,82,84,17,82
1,<environment.Job instance at 0x14c85a2e9960>,45,20,[ 2 11],68,89,109,21,89
1,<environment.Job instance at 0x14c85a2e9370>,47,3,[ 2 10],71,109,112,38,108
1,<environment.Job instance at 0x14c85a2e9b40>,48,15,[6 1],73,108,123,35,108
1,<environment.Job instance at 0x14c85a1a4fa0>,49,1,[9 2],74,112,113,38,108
1,<environment.Job instance at 0x14c85a1a4280>,50,1,[2 8],75,113,114,38,108
1,<environment.Job instance at 0x14c85e565be0>,52,1,[8 1],78,114,115,36,108
1,<environment.Job instance at 0x14c859f9d910>,53,1,[1 8],80,114,115,34,108
1,<environment.Job instance at 0x14c864368d70>,54,1,[2 9],81,115,116,34,108
1,<environment.Job instance at 0x14c859f72be0>,59,3,[2 5],88,115,118,27,111
1,<environment.Job instance at 0x14c85e4e7280>,63,1,[1 6],92,113,114,21,113
1,<environment.Job instance at 0x14c86518fb40>,8,1,[ 2 10],14,119,120,105,119
1,<environment.Job instance at 0x14c859dc1320>,65,17,[5 1],94,120,137,26,120
1,<environment.Job instance at 0x14c85cd5eb40>,69,26,[8 1],98,123,149,25,122
1,<environment.Job instance at 0x14c865032410>,72,27,[6 1],101,137,164,36,135
1,<environment.Job instance at 0x14c864473e60>,66,1,[7 1],95,163,164,68,163
1,<environment.Job instance at 0x14c86518f640>,7,14,[2 6],13,928,942,915,928
1,<environment.Job instance at 0x14c85e4e4a50>,10,1,[1 7],18,1012,1013,994,1012
1,<environment.Job instance at 0x14c85a307690>,0,1,[1 8],2,2,3,0,2
1,<environment.Job instance at 0x14c85e4e4780>,2,1,[6 1],5,5,6,0,5
1,<environment.Job instance at 0x14c85e1fef00>,3,28,[14  1],8,8,36,0,8
1,<environment.Job instance at 0x14c864537aa0>,10,2,[11  2],16,36,38,20,26
1,<environment.Job instance at 0x14c85ce5b1e0>,18,2,[2 6],26,36,38,10,26
1,<environment.Job instance at 0x14c85ccc6460>,19,1,[ 1 10],27,27,28,0,27
1,<environment.Job instance at 0x14c85ccc6960>,20,1,[2 7],28,36,37,8,28
1,<environment.Job instance at 0x14c85ccc6e10>,21,2,[2 6],29,37,39,8,29
1,<environment.Job instance at 0x14c85d049e60>,25,2,[12  1],35,38,40,3,35
1,<environment.Job instance at 0x14c85d0492d0>,27,1,[2 8],37,39,40,2,37
1,<environment.Job instance at 0x14c85d049140>,29,12,[2 9],39,41,53,2,41
1,<environment.Job instance at 0x14c85d049d70>,30,15,[2 5],40,48,63,8,48
1,<environment.Job instance at 0x14c85e165190>,33,17,[7 1],44,52,69,8,52
1,<environment.Job instance at 0x14c85b742050>,37,1,[10  2],50,69,70,19,59
1,<environment.Job instance at 0x14c85b742640>,38,16,[7 1],51,70,86,19,59
1,<environment.Job instance at 0x14c86439ec30>,43,1,[1 6],56,62,63,6,62
1,<environment.Job instance at 0x14c864543eb0>,47,15,[6 1],65,76,91,11,76
1,<environment.Job instance at 0x14c864543af0>,48,2,[7 1],66,86,88,20,76
1,<environment.Job instance at 0x14c864543aa0>,49,17,[8 1],67,88,105,21,79
1,<environment.Job instance at 0x14c85cc9f910>,50,1,[ 2 13],68,91,92,23,91
1,<environment.Job instance at 0x14c865107500>,56,2,[1 7],74,98,100,24,98
1,<environment.Job instance at 0x14c85e07d050>,59,15,[8 1],79,105,120,26,100
1,<environment.Job instance at 0x14c85a200f50>,71,26,[2 5],99,108,134,9,108
1,<environment.Job instance at 0x14c85a200c80>,75,1,[1 8],105,129,130,24,129
1,<environment.Job instance at 0x14c85994aaa0>,76,1,[10  2],109,129,130,20,129
1,<environment.Job instance at 0x14c859ec3640>,11,16,[2 7],17,236,252,219,236
1,<environment.Job instance at 0x14c864537b40>,12,2,[1 8],19,247,249,228,247
1,<environment.Job instance at 0x14c864537280>,13,2,[1 5],20,307,309,287,307
1,<environment.Job instance at 0x14c859f3bbe0>,0,1,[1 5],1,1,2,0,1
1,<environment.Job instance at 0x14c85d04a3c0>,2,1,[2 8],4,4,5,0,4
1,<environment.Job instance at 0x14c85e18daa0>,5,2,[ 2 13],9,10,12,1,10
1,<environment.Job instance at 0x14c863d43cd0>,7,28,[2 5],13,13,41,0,13
1,<environment.Job instance at 0x14c85ac7c140>,12,1,[2 6],18,50,51,32,50
1,<environment.Job instance at 0x14c859ae6140>,13,1,[1 5],20,57,58,37,57
1,<environment.Job instance at 0x14c85ac7cfa0>,11,16,[ 1 11],17,58,74,41,58
1,<environment.Job instance at 0x14c859ae6d70>,19,2,[2 6],30,74,76,44,58
1,<environment.Job instance at 0x14c85a4c2dc0>,27,1,[9 1],41,58,59,17,58
1,<environment.Job instance at 0x14c85cc65960>,29,25,[9 1],43,61,86,18,61
1,<environment.Job instance at 0x14c859cc8910>,41,2,[ 1 14],60,76,78,16,71
1,<environment.Job instance at 0x14c85e113b40>,48,17,[10  1],68,89,106,21,89
1,<environment.Job instance at 0x14c85d072eb0>,49,26,[5 2],69,89,115,20,89
1,<environment.Job instance at 0x14c859eb05f0>,64,21,[10  2],92,106,127,14,101
1,<environment.Job instance at 0x14c85c16bd70>,70,1,[ 1 12],104,115,116,11,108
1,<environment.Job instance at 0x14c85a2c65f0>,16,3,[2 5],25,135,138,110,135
1,<environment.Job instance at 0x14c859ae60a0>,17,18,[5 2],27,522,540,495,522
1,<environment.Job instance at 0x14c859ae6c30>,2,2,[13  1],4,4,6,0,4
1,<environment.Job instance at 0x14c85a1ba640>,3,1,[12  2],5,6,7,1,5
1,<environment.Job instance at 0x14c859ae6fa0>,4,1,[5 1],6,7,8,1,6
1,<environment.Job instance at 0x14c859caff00>,6,2,[6 2],8,8,10,0,8
1,<environment.Job instance at 0x14c85e1ce230>,10,2,[2 8],20,20,22,0,20
1,<environment.Job instance at 0x14c85e1ce8c0>,11,1,[7 1],23,23,24,0,23
1,<environment.Job instance at 0x14c85e1ce2d0>,12,2,[2 6],24,24,26,0,24
1,<environment.Job instance at 0x14c86439cfa0>,17,1,[7 2],30,30,31,0,30
1,<environment.Job instance at 0x14c8652397d0>,25,1,[1 9],40,40,41,0,40
1,<environment.Job instance at 0x14c85a11a230>,34,1,[ 1 13],51,52,53,1,52
1,<environment.Job instance at 0x14c85a11a050>,35,12,[ 1 14],52,56,68,4,56
1,<environment.Job instance at 0x14c85e0b7870>,38,1,[11  1],63,68,69,5,68
1,<environment.Job instance at 0x14c8645242d0>,44,1,[6 1],70,70,71,0,70
1,<environment.Job instance at 0x14c85df99e60>,45,1,[2 9],71,71,72,0,71
1,<environment.Job instance at 0x14c85e0bc640>,53,2,[2 7],85,85,87,0,85
1,<environment.Job instance at 0x14c85e0bcfa0>,55,15,[7 1],87,89,104,2,89
1,<environment.Job instance at 0x14c864552140>,64,1,[9 2],98,111,112,13,111
1,<environment.Job instance at 0x14c864552e10>,70,1,[1 5],105,124,125,19,124
1,<environment.Job instance at 0x14c864552d20>,71,2,[1 9],106,124,126,18,124
1,<environment.Job instance at 0x14c864552b40>,72,2,[1 7],109,126,128,17,124
1,<environment.Job instance at 0x14c86439b410>,21,1,[1 9],36,155,156,119,155
1,<environment.Job instance at 0x14c859cd1eb0>,39,2,[5 1],64,181,183,117,181
1,<environment.Job instance at 0x14c85e1f0640>,1,2,[2 8],2,2,4,0,2
1,<environment.Job instance at 0x14c85cf6ad20>,3,2,[6 1],4,4,6,0,4
1,<environment.Job instance at 0x14c85a1562d0>,14,17,[12  1],17,73,90,56,73
1,<environment.Job instance at 0x14c85a156320>,23,2,[1 6],27,73,75,46,73
1,<environment.Job instance at 0x14c85a156140>,16,2,[2 5],20,77,79,57,77
1,<environment.Job instance at 0x14c8598fe5a0>,31,2,[2 8],40,79,81,39,77
1,<environment.Job instance at 0x14c8598fe1e0>,29,1,[2 5],35,95,96,60,95
1,<environment.Job instance at 0x14c8598fec30>,35,12,[1 7],46,100,112,54,100
1,<environment.Job instance at 0x14c8598fee10>,43,1,[ 2 10],55,112,113,57,106
1,<environment.Job instance at 0x14c8598fedc0>,45,12,[ 2 11],58,368,380,310,368
1,<environment.Job instance at 0x14c85d04aa50>,51,23,[2 5],67,380,403,313,374
1,<environment.Job instance at 0x14c8650ff6e0>,63,2,[2 8],81,397,399,316,397
1,<environment.Job instance at 0x14c859a5b050>,3,1,[ 1 10],7,7,8,0,7
1,<environment.Job instance at 0x14c859a5b1e0>,4,1,[5 2],8,8,9,0,8
1,<environment.Job instance at 0x14c859a5b5f0>,5,1,[8 1],9,9,10,0,9
1,<environment.Job instance at 0x14c867375c30>,13,19,[ 2 14],25,35,54,10,35
1,<environment.Job instance at 0x14c864dea780>,20,2,[10  1],35,35,37,0,35
1,<environment.Job instance at 0x14c85abee6e0>,23,2,[2 5],38,54,56,16,38
1,<environment.Job instance at 0x14c859966f00>,24,1,[1 7],39,54,55,15,39
1,<environment.Job instance at 0x14c8677eb960>,25,1,[2 9],40,55,56,15,40
1,<environment.Job instance at 0x14c859ca7870>,32,2,[7 1],50,50,52,0,50
1,<environment.Job instance at 0x14c85d085230>,34,1,[1 7],52,56,57,4,52
1,<environment.Job instance at 0x14c8b0c84e60>,35,1,[9 1],54,54,55,0,54
1,<environment.Job instance at 0x14c85a16d690>,0,2,[1 8],1,1,3,0,1
1,<environment.Job instance at 0x14c864dc54b0>,13,1,[1 9],20,20,21,0,20
1,<environment.Job instance at 0x14c864dcb5f0>,14,1,[1 5],21,22,23,1,22
1,<environment.Job instance at 0x14c864dcbbe0>,18,15,[8 1],26,26,41,0,26
1,<environment.Job instance at 0x14c864dcbfa0>,19,1,[2 7],27,27,28,0,27
1,<environment.Job instance at 0x14c866abf6e0>,21,25,[1 7],29,29,54,0,29
1,<environment.Job instance at 0x14c85e17baf0>,22,1,[ 2 10],30,54,55,24,30
1,<environment.Job instance at 0x14c865140640>,25,1,[7 2],35,41,42,6,35
1,<environment.Job instance at 0x14c85a21a3c0>,26,1,[1 8],36,42,43,6,36
1,<environment.Job instance at 0x14c865140b40>,27,2,[1 7],37,37,39,0,37
1,<environment.Job instance at 0x14c865032a00>,28,22,[ 1 10],38,55,77,17,48
1,<environment.Job instance at 0x14c85a1e3640>,33,1,[8 1],44,48,49,4,48
1,<environment.Job instance at 0x14c85a1e35a0>,34,17,[7 2],46,49,66,3,48
1,<environment.Job instance at 0x14c85a219690>,36,2,[6 1],49,49,51,0,49
1,<environment.Job instance at 0x14c85a219e10>,38,1,[ 1 10],52,77,78,25,52
1,<environment.Job instance at 0x14c85a219f00>,40,1,[8 2],56,66,67,10,56
1,<environment.Job instance at 0x14c85a1fb500>,44,2,[8 1],61,67,69,6,61
1,<environment.Job instance at 0x14c866cfa9b0>,45,1,[5 2],62,62,63,0,62
1,<environment.Job instance at 0x14c866cf49b0>,47,2,[5 1],64,64,66,0,64
1,<environment.Job instance at 0x14c866cf4e10>,48,17,[1 5],66,69,86,3,66
1,<environment.Job instance at 0x14c866cf4a50>,49,2,[5 2],67,67,69,0,67
1,<environment.Job instance at 0x14c866a75fa0>,50,1,[1 5],68,78,79,10,68
1,<environment.Job instance at 0x14c866ad7190>,51,1,[8 2],69,78,79,9,69
1,<environment.Job instance at 0x14c859fcbd20>,52,2,[7 1],70,79,81,9,70
1,<environment.Job instance at 0x14c8626e3730>,53,1,[10  1],71,81,82,10,71
1,<environment.Job instance at 0x14c86515a370>,54,2,[ 1 10],72,82,84,10,72
1,<environment.Job instance at 0x14c86515ad70>,55,2,[1 8],73,79,81,6,73
1,<environment.Job instance at 0x14c86515a410>,56,3,[2 5],74,84,87,10,74
1,<environment.Job instance at 0x14c86515a730>,58,2,[7 1],76,84,86,8,76
1,<environment.Job instance at 0x14c86515ac80>,60,1,[2 5],78,81,82,3,79
1,<environment.Job instance at 0x14c86515a230>,61,3,[ 1 11],81,87,90,6,81
1,<environment.Job instance at 0x14c86515a050>,62,2,[1 9],82,90,92,8,82
1,<environment.Job instance at 0x14c86515a960>,63,2,[2 5],83,90,92,7,83
1,<environment.Job instance at 0x14c86515a5a0>,64,3,[1 5],86,92,95,6,86
1,<environment.Job instance at 0x14c86514d230>,65,1,[8 1],87,87,88,0,87
1,<environment.Job instance at 0x14c86514d050>,66,2,[8 2],88,88,90,0,88
1,<environment.Job instance at 0x14c864df66e0>,15,26,[2 7],22,93,119,71,93
1,<environment.Job instance at 0x14c86514de10>,78,1,[1 9],102,119,120,17,117
1,<environment.Job instance at 0x14c85ac13eb0>,29,2,[1 6],39,145,147,106,145
1,<environment.Job instance at 0x14c86514d5f0>,68,2,[5 2],90,146,148,56,146
1,<environment.Job instance at 0x14c85a1e3230>,31,3,[10  1],42,225,228,183,225
1,<environment.Job instance at 0x14c85ac13320>,30,1,[14  1],41,431,432,390,431
1,<environment.Job instance at 0x14c85abe3f50>,3,3,[8 2],5,5,8,0,5
1,<environment.Job instance at 0x14c85d0e23c0>,12,1,[8 2],17,20,21,3,20
1,<environment.Job instance at 0x14c85d0e2910>,13,2,[7 1],18,20,22,2,20
1,<environment.Job instance at 0x14c85d0e24b0>,14,1,[5 1],19,21,22,2,20
1,<environment.Job instance at 0x14c85d0e2e10>,15,2,[2 8],20,21,23,1,20
1,<environment.Job instance at 0x14c859ba51e0>,16,3,[7 1],21,22,25,1,21
1,<environment.Job instance at 0x14c867f44640>,17,3,[8 2],22,23,26,1,22
1,<environment.Job instance at 0x14c85d0e2cd0>,18,2,[10  1],24,26,28,2,24
1,<environment.Job instance at 0x14c859bbba50>,19,22,[5 1],26,26,48,0,26
1,<environment.Job instance at 0x14c8599da910>,22,3,[1 5],32,32,35,0,32
1,<environment.Job instance at 0x14c8599da690>,23,2,[5 2],33,33,35,0,33
1,<environment.Job instance at 0x14c859da3690>,9,23,[1 5],14,33,56,19,33
1,<environment.Job instance at 0x14c85ac16c80>,27,12,[9 1],38,47,59,9,47
1,<environment.Job instance at 0x14c85ac164b0>,33,2,[8 1],46,59,61,13,51
1,<environment.Job instance at 0x14c85ac16500>,34,2,[8 1],47,61,63,14,51
1,<environment.Job instance at 0x14c8645a0be0>,39,18,[ 2 11],52,76,94,24,76
1,<environment.Job instance at 0x14c85e0e0d20>,42,2,[ 1 13],55,94,96,39,82
1,<environment.Job instance at 0x14c85ab55aa0>,52,2,[11  1],68,95,97,27,95
1,<environment.Job instance at 0x14c85ab55c80>,53,1,[8 2],69,97,98,28,95
1,<environment.Job instance at 0x14c85ab55320>,55,28,[ 2 10],71,100,128,29,100
1,<environment.Job instance at 0x14c85ab55e60>,56,3,[9 1],74,100,103,26,100
1,<environment.Job instance at 0x14c85ab55550>,57,14,[2 5],76,103,117,27,102
1,<environment.Job instance at 0x14c85e214960>,58,2,[1 8],77,128,130,51,102
1,<environment.Job instance at 0x14c85e214690>,59,1,[5 1],78,117,118,39,102
1,<environment.Job instance at 0x14c85cce8370>,62,2,[6 2],83,117,119,34,103
1,<environment.Job instance at 0x14c85cce8190>,63,2,[1 5],84,119,121,35,103
1,<environment.Job instance at 0x14c864532280>,64,2,[9 2],85,121,123,36,103
1,<environment.Job instance at 0x14c8645326e0>,67,2,[6 2],90,123,125,33,103
1,<environment.Job instance at 0x14c864532af0>,72,2,[ 1 11],97,130,132,33,116
1,<environment.Job instance at 0x14c85ac16730>,25,1,[7 2],36,143,144,107,143
1,<environment.Job instance at 0x14c864532500>,74,16,[ 1 12],99,146,162,47,146
1,<environment.Job instance at 0x14c859da3280>,8,2,[1 9],13,176,178,163,176
1,<environment.Job instance at 0x14c85e05cd70>,75,1,[1 5],100,204,205,104,204
1,<environment.Job instance at 0x14c85cc82d70>,5,2,[1 6],9,9,11,0,9
1,<environment.Job instance at 0x14c85cbbb460>,8,1,[2 8],16,16,17,0,16
1,<environment.Job instance at 0x14c85a0f9050>,17,12,[6 1],30,31,43,1,31
1,<environment.Job instance at 0x14c859ed1be0>,21,1,[5 2],37,37,38,0,37
1,<environment.Job instance at 0x14c85ac59d70>,23,23,[9 1],40,40,63,0,40
1,<environment.Job instance at 0x14c85e5046e0>,28,1,[2 5],45,47,48,2,47
1,<environment.Job instance at 0x14c8644fde60>,29,12,[5 1],48,48,60,0,48
1,<environment.Job instance at 0x14c85a4986e0>,30,1,[10  1],50,63,64,13,50
1,<environment.Job instance at 0x14c85a498eb0>,31,1,[7 1],51,64,65,13,51
1,<environment.Job instance at 0x14c85e0b8140>,32,2,[10  1],52,65,67,13,52
1,<environment.Job instance at 0x14c85e0b8e10>,33,1,[6 2],53,60,61,7,53
1,<environment.Job instance at 0x14c85e0b82d0>,34,3,[6 2],54,67,70,13,54
1,<environment.Job instance at 0x14c85e0b8d20>,35,3,[2 5],58,61,64,3,58
1,<environment.Job instance at 0x14c859bc2c80>,36,2,[5 1],59,64,66,5,59
1,<environment.Job instance at 0x14c85a215960>,37,18,[2 9],61,66,84,5,62
1,<environment.Job instance at 0x14c85a215e60>,42,3,[6 1],69,69,72,0,69
1,<environment.Job instance at 0x14c859ee4e60>,43,18,[7 2],70,71,89,1,71
1,<environment.Job instance at 0x14c85a3ebaf0>,45,2,[9 1],72,89,91,17,72
1,<environment.Job instance at 0x14c8599b7320>,46,2,[14  2],74,91,93,17,74
1,<environment.Job instance at 0x14c8599b7870>,48,1,[14  2],76,93,94,17,76
1,<environment.Job instance at 0x14c8599b7910>,49,2,[6 2],77,77,79,0,77
1,<environment.Job instance at 0x14c8599b6370>,50,13,[6 1],78,94,107,16,78
1,<environment.Job instance at 0x14c85a37f5f0>,51,2,[1 9],79,84,86,5,79
1,<environment.Job instance at 0x14c85a37f190>,53,3,[5 2],82,82,85,0,82
1,<environment.Job instance at 0x14c859fb5140>,54,2,[1 8],83,86,88,3,83
1,<environment.Job instance at 0x14c859fb5f50>,56,2,[2 8],87,88,90,1,87
1,<environment.Job instance at 0x14c859fb5910>,58,1,[10  2],89,107,108,18,89
1,<environment.Job instance at 0x14c85cc39960>,59,17,[7 2],91,108,125,17,96
1,<environment.Job instance at 0x14c85cd1c190>,62,18,[8 1],97,108,126,11,101
1,<environment.Job instance at 0x14c85a705320>,63,1,[6 2],98,101,102,3,101
1,<environment.Job instance at 0x14c85a705dc0>,64,1,[6 1],99,102,103,3,101
1,<environment.Job instance at 0x14c85a705780>,65,1,[8 1],100,103,104,3,101
1,<environment.Job instance at 0x14c85cc080a0>,67,2,[1 9],104,104,106,0,104
1,<environment.Job instance at 0x14c866abc280>,18,18,[1 6],31,144,162,113,144
1,<environment.Job instance at 0x14c85e4dfdc0>,25,18,[1 7],42,157,175,115,157
1,<environment.Job instance at 0x14c85e4dfaf0>,26,16,[9 2],43,423,439,380,423
1,<environment.Job instance at 0x14c85e5115f0>,0,2,[ 1 10],1,1,3,0,1
1,<environment.Job instance at 0x14c867f6e9b0>,1,1,[ 2 10],2,3,4,1,2
1,<environment.Job instance at 0x14c85aba5370>,5,2,[ 1 10],10,10,12,0,10
1,<environment.Job instance at 0x14c859d76cd0>,11,2,[14  1],17,28,30,11,28
1,<environment.Job instance at 0x14c85a2196e0>,17,2,[1 8],26,28,30,2,28
1,<environment.Job instance at 0x14c85a16a910>,19,1,[2 9],28,30,31,2,28
1,<environment.Job instance at 0x14c85a3b8e60>,8,1,[1 8],13,31,32,18,29
1,<environment.Job instance at 0x14c859b03f50>,35,2,[2 6],60,76,78,16,76
1,<environment.Job instance at 0x14c863d3f7d0>,52,2,[1 7],93,105,107,12,105
1,<environment.Job instance at 0x14c865047410>,55,13,[ 1 13],96,1057,1070,961,1057
1,<environment.Job instance at 0x14c85f3ed410>,27,3,[1 9],44,1081,1084,1037,1081
1,<environment.Job instance at 0x14c85f3ed730>,28,1,[1 7],47,1085,1086,1038,1085
1,<environment.Job instance at 0x14e1f06b7e10>,2,1,[2 5],3,3,4,0,3
1,<environment.Job instance at 0x14e199e7ef50>,3,1,[6 2],4,4,5,0,4
1,<environment.Job instance at 0x14e199e7e410>,4,2,[7 2],5,6,8,1,6
1,<environment.Job instance at 0x14e199e7e7d0>,7,1,[2 6],8,8,9,0,8
1,<environment.Job instance at 0x14e19a5bce10>,14,2,[ 1 10],18,18,20,0,18
1,<environment.Job instance at 0x14e19a6af1e0>,15,1,[ 1 10],20,20,21,0,20
1,<environment.Job instance at 0x14e19a6bb500>,16,1,[2 5],21,21,22,0,21
1,<environment.Job instance at 0x14e19a5dacd0>,20,2,[ 1 13],27,27,29,0,27
1,<environment.Job instance at 0x14e19a59ba50>,25,2,[2 8],34,34,36,0,34
1,<environment.Job instance at 0x14e19a6450a0>,34,15,[11  1],44,1325,1340,1281,1325
1,<environment.Job instance at 0x14e19a589f50>,41,25,[12  2],54,1340,1365,1286,1338
1,<environment.Job instance at 0x14e19a5a3870>,57,22,[1 5],80,1360,1382,1280,1360
1,<environment.Job instance at 0x14e19a5a69b0>,67,1,[13  1],94,1390,1391,1296,1390
1,<environment.Job instance at 0x14e19a5a64b0>,69,1,[2 5],96,1390,1391,1294,1390
1,<environment.Job instance at 0x14e19a598280>,70,2,[ 2 10],97,1391,1393,1294,1390
1,<environment.Job instance at 0x14e19a5b6640>,73,2,[6 2],103,1392,1394,1289,1392
1,<environment.Job instance at 0x14e19a5b5e60>,75,1,[1 6],107,1395,1396,1288,1395
1,<environment.Job instance at 0x14e19a5b66e0>,76,2,[2 5],108,1395,1397,1287,1395
1,<environment.Job instance at 0x14e19a5b6aa0>,77,2,[ 1 10],109,1396,1398,1287,1395
1,<environment.Job instance at 0x14e19a58baa0>,37,2,[ 1 10],50,1563,1565,1513,1563
1,<environment.Job instance at 0x14e199e9d050>,0,2,[1 8],1,1,3,0,1
1,<environment.Job instance at 0x14e199e7e190>,1,2,[2 6],2,2,4,0,2
1,<environment.Job instance at 0x14e199e9ceb0>,3,2,[1 9],6,6,8,0,6
1,<environment.Job instance at 0x14e19c72da00>,4,1,[2 7],7,8,9,1,7
1,<environment.Job instance at 0x14e19c72d780>,5,1,[2 5],8,8,9,0,8
1,<environment.Job instance at 0x14e19c733e10>,7,2,[14  1],10,16,18,6,16
1,<environment.Job instance at 0x14e19c7330a0>,9,3,[2 8],12,18,21,6,17
1,<environment.Job instance at 0x14e19c7370a0>,17,1,[ 2 10],22,22,23,0,22
1,<environment.Job instance at 0x14e19c737d20>,16,1,[2 8],21,23,24,2,22
1,<environment.Job instance at 0x14e19c7374b0>,18,1,[ 2 14],23,24,25,1,23
1,<environment.Job instance at 0x14e19c669320>,22,2,[ 1 10],30,30,32,0,30
1,<environment.Job instance at 0x14e19c669690>,23,3,[11  2],31,62,65,31,62
1,<environment.Job instance at 0x14e19c669fa0>,26,1,[8 1],34,65,66,31,62
1,<environment.Job instance at 0x14e19c9fa190>,29,18,[2 6],38,62,80,24,62
1,<environment.Job instance at 0x14e19c9fac30>,33,3,[12  1],44,79,82,35,79
1,<environment.Job instance at 0x14e19c9faf50>,34,1,[1 8],46,79,80,33,79
1,<environment.Job instance at 0x14e19c9fa8c0>,37,2,[1 8],49,80,82,31,79
1,<environment.Job instance at 0x14e19c9fa320>,39,13,[ 1 14],52,92,105,40,92
1,<environment.Job instance at 0x14e19c9fa9b0>,42,2,[7 2],55,105,107,50,102
1,<environment.Job instance at 0x14e19c67aa00>,48,2,[1 9],68,120,122,52,120
1,<environment.Job instance at 0x14e19c67a460>,49,2,[ 2 10],71,122,124,51,120
1,<environment.Job instance at 0x14e19c669dc0>,24,3,[ 2 10],32,124,127,92,120
1,<environment.Job instance at 0x14e19c67a500>,50,3,[5 2],72,120,123,48,120
1,<environment.Job instance at 0x14e19c67af50>,52,2,[ 2 10],74,127,129,53,120
1,<environment.Job instance at 0x14e19c67aaf0>,53,2,[2 9],75,129,131,54,120
1,<environment.Job instance at 0x14e19c67a9b0>,55,19,[ 1 10],78,131,150,53,125
1,<environment.Job instance at 0x14e19c762f50>,58,2,[ 1 10],81,150,152,69,125
1,<environment.Job instance at 0x14e19c85f050>,60,1,[1 7],83,152,153,69,131
1,<environment.Job instance at 0x14e19c856780>,61,1,[2 9],84,153,154,69,131
1,<environment.Job instance at 0x14e19c66af00>,65,12,[7 1],90,152,164,62,152
1,<environment.Job instance at 0x14e19c66a910>,68,2,[2 5],93,152,154,59,152
1,<environment.Job instance at 0x14e19c66abe0>,70,2,[10  1],95,164,166,69,153
1,<environment.Job instance at 0x14e19c66a500>,72,18,[8 1],98,166,184,68,156
1,<environment.Job instance at 0x14e19c71a280>,78,15,[9 2],110,184,199,74,184
1,<environment.Job instance at 0x14e19c71a410>,79,1,[9 1],111,199,200,88,184
1,<environment.Job instance at 0x14e19c71a140>,80,12,[1 5],112,184,196,72,184
1,<environment.Job instance at 0x14e19c71a8c0>,81,2,[6 2],113,196,198,83,184
1,<environment.Job instance at 0x14e19c71a550>,82,1,[9 1],115,200,201,85,184
1,<environment.Job instance at 0x14e19c71aeb0>,83,2,[8 1],116,201,203,85,184
1,<environment.Job instance at 0x14e19c71ac30>,84,1,[ 1 10],117,198,199,81,184
1,<environment.Job instance at 0x14e19c71ae60>,85,2,[1 5],119,184,186,65,184
1,<environment.Job instance at 0x14e19c72df50>,8,1,[5 1],11,224,225,213,224
1,<environment.Job instance at 0x14e19c67acd0>,51,15,[2 7],73,347,362,274,347
1,<environment.Job instance at 0x14e19c733730>,10,12,[9 2],14,2550,2562,2536,2550
1,<environment.Job instance at 0x14e19db0cdc0>,2,1,[2 6],6,6,7,0,6
1,<environment.Job instance at 0x14e19dbcb690>,3,2,[1 6],7,7,9,0,7
1,<environment.Job instance at 0x14e19db31e60>,13,2,[ 2 12],26,27,29,1,27
1,<environment.Job instance at 0x14e19dae79b0>,17,13,[ 1 11],31,41,54,10,41
1,<environment.Job instance at 0x14e19dae7b40>,22,3,[ 1 13],36,54,57,18,42
1,<environment.Job instance at 0x14e19dae7820>,24,21,[ 2 13],40,57,78,17,49
1,<environment.Job instance at 0x14e19dae7780>,25,1,[2 8],41,78,79,37,50
1,<environment.Job instance at 0x14e19c7fb370>,30,18,[8 1],47,56,74,9,56
1,<environment.Job instance at 0x14e19c7fb500>,32,1,[1 8],49,79,80,30,56
1,<environment.Job instance at 0x14e19c903780>,41,17,[7 1],62,74,91,12,68
1,<environment.Job instance at 0x14e19c903910>,48,2,[2 5],74,91,93,17,91
1,<environment.Job instance at 0x14e19c8faf50>,49,1,[ 2 10],75,91,92,16,91
1,<environment.Job instance at 0x14e19c8fa5a0>,50,14,[8 1],76,92,106,16,91
1,<environment.Job instance at 0x14e19c8fac80>,51,2,[ 1 10],77,93,95,16,91
1,<environment.Job instance at 0x14e19c8faaa0>,53,21,[7 2],80,95,116,15,94
1,<environment.Job instance at 0x14e19c935e60>,59,12,[7 1],91,114,126,23,114
1,<environment.Job instance at 0x14e19c9318c0>,60,20,[8 2],92,116,136,24,116
1,<environment.Job instance at 0x14e19c9701e0>,69,18,[5 2],107,135,153,28,135
1,<environment.Job instance at 0x14e19a680d20>,76,17,[10  1],118,158,175,40,158
1,<environment.Job instance at 0x14e19c857a50>,0,1,[6 2],1,1,2,0,1
1,<environment.Job instance at 0x14e1997f74b0>,4,2,[1 9],11,1331,1333,1320,1331
1,<environment.Job instance at 0x14e1a37279b0>,1,1,[1 5],2,2,3,0,2
1,<environment.Job instance at 0x14e199d9e870>,5,2,[ 1 10],6,7,9,1,7
1,<environment.Job instance at 0x14e19987c410>,10,2,[1 8],11,11,13,0,11
1,<environment.Job instance at 0x14e19987c820>,12,2,[2 8],13,13,15,0,13
1,<environment.Job instance at 0x14e19987cd20>,14,1,[6 2],18,18,19,0,18
1,<environment.Job instance at 0x14e19987cb90>,15,2,[2 8],19,19,21,0,19
1,<environment.Job instance at 0x14e1b0b5cb40>,16,1,[6 2],21,21,22,0,21
1,<environment.Job instance at 0x14e19987cf50>,17,1,[2 9],22,22,23,0,22
1,<environment.Job instance at 0x14e199e924b0>,18,27,[ 2 10],23,23,50,0,23
1,<environment.Job instance at 0x14e199eaf5f0>,34,19,[2 9],46,50,69,4,46
1,<environment.Job instance at 0x14e19db05eb0>,35,13,[12  2],47,76,89,29,76
1,<environment.Job instance at 0x14e1b0b70230>,41,2,[1 5],53,76,78,23,76
1,<environment.Job instance at 0x14e199e48280>,51,17,[9 1],66,89,106,23,86
1,<environment.Job instance at 0x14e199909f50>,53,1,[10  1],68,106,107,38,86
1,<environment.Job instance at 0x14e19a5b5320>,54,1,[1 8],69,86,87,17,86
1,<environment.Job instance at 0x14e1999090a0>,56,2,[2 6],71,88,90,17,88
1,<environment.Job instance at 0x14e199893dc0>,58,2,[10  2],73,107,109,34,91
1,<environment.Job instance at 0x14e199893eb0>,60,16,[ 2 10],75,107,123,32,107
1,<environment.Job instance at 0x14e19c9c9320>,61,2,[1 6],77,123,125,46,107
1,<environment.Job instance at 0x14e19972fe10>,62,15,[2 6],79,123,138,44,111
1,<environment.Job instance at 0x14e199e96410>,64,13,[5 1],81,121,134,40,121
1,<environment.Job instance at 0x14e1b07d1e60>,67,1,[2 5],84,125,126,41,123
1,<environment.Job instance at 0x14e1b07d14b0>,69,2,[7 1],86,126,128,40,125
1,<environment.Job instance at 0x14e199d88050>,6,17,[2 9],7,137,154,130,137
1,<environment.Job instance at 0x14e1b005d9b0>,78,16,[10  1],99,152,168,53,152
1,<environment.Job instance at 0x14e1b005d780>,80,23,[1 6],101,154,177,53,152
1,<environment.Job instance at 0x14e1997d00f0>,85,2,[7 1],112,168,170,56,166
1,<environment.Job instance at 0x14e1997d0780>,86,18,[2 6],114,166,184,52,166
1,<environment.Job instance at 0x14e1b24a5370>,87,1,[7 1],116,170,171,54,166
1,<environment.Job instance at 0x14e19df03b40>,72,25,[12  1],89,172,197,83,172
1,<environment.Job instance at 0x14e19db05b90>,36,17,[9 2],48,369,386,321,369
1,<environment.Job instance at 0x14e19edab640>,6,1,[1 9],12,13,14,1,13
1,<environment.Job instance at 0x14e19daadf00>,8,1,[10  2],15,15,16,0,15
1,<environment.Job instance at 0x14e19daadb40>,10,26,[2 8],18,22,48,4,22
1,<environment.Job instance at 0x14e199cc5f00>,20,1,[2 8],39,48,49,9,39
1,<environment.Job instance at 0x14e19daada50>,11,2,[ 1 10],20,49,51,29,39
1,<environment.Job instance at 0x14e19daad9b0>,12,16,[ 2 10],22,51,67,29,40
1,<environment.Job instance at 0x14e1b2ddc5a0>,27,21,[1 8],46,67,88,21,59
1,<environment.Job instance at 0x14e1b2ddc1e0>,35,2,[2 9],57,88,90,31,61
1,<environment.Job instance at 0x14e1b2ddce10>,39,2,[1 8],67,90,92,23,73
1,<environment.Job instance at 0x14e19c9781e0>,40,1,[10  2],68,74,75,6,74
1,<environment.Job instance at 0x14e19c978d70>,44,1,[ 1 12],76,92,93,16,80
1,<environment.Job instance at 0x14e19c978e60>,46,1,[8 1],79,80,81,1,80
1,<environment.Job instance at 0x14e19da7a8c0>,48,1,[2 9],84,93,94,9,84
1,<environment.Job instance at 0x14e19da7ab90>,49,2,[7 2],85,85,87,0,85
1,<environment.Job instance at 0x14e19da7ae60>,50,12,[7 1],86,90,102,4,90
1,<environment.Job instance at 0x14e19da7a640>,51,13,[13  2],87,104,117,17,104
1,<environment.Job instance at 0x14e19da7adc0>,52,3,[9 2],88,117,120,29,104
1,<environment.Job instance at 0x14e19da7af50>,53,2,[7 1],91,120,122,29,104
1,<environment.Job instance at 0x14e19da7aeb0>,57,28,[5 1],96,117,145,21,116
1,<environment.Job instance at 0x14e1a3710820>,59,18,[5 1],98,122,140,24,117
1,<environment.Job instance at 0x14e1a3710af0>,61,3,[6 2],100,140,143,40,118
1,<environment.Job instance at 0x14e1a3710be0>,62,1,[6 2],101,143,144,42,118
1,<environment.Job instance at 0x14e1a3710050>,64,1,[7 1],104,144,145,40,132
1,<environment.Job instance at 0x14e1a37100a0>,66,3,[ 1 10],106,132,135,26,132
1,<environment.Job instance at 0x14e19c9e6b40>,67,3,[1 5],107,135,138,28,132
1,<environment.Job instance at 0x14e19c9e6af0>,68,3,[2 7],108,135,138,27,132
1,<environment.Job instance at 0x14e19c9e6fa0>,69,13,[2 5],109,138,151,29,132
1,<environment.Job instance at 0x14e19c9e6e60>,70,2,[2 8],110,138,140,28,132
1,<environment.Job instance at 0x14e19c9e6550>,71,2,[5 1],111,145,147,34,132
1,<environment.Job instance at 0x14e19c9e6640>,72,1,[6 2],116,145,146,29,132
1,<environment.Job instance at 0x14e19c9e62d0>,73,1,[1 9],117,146,147,29,132
1,<environment.Job instance at 0x14e1b2ddc050>,28,17,[2 8],47,154,171,107,154
1,<environment.Job instance at 0x14e1b2ddcb40>,29,2,[6 1],49,188,190,139,188
1,<environment.Job instance at 0x14e199ba3cd0>,4,25,[8 1],9,10,35,1,10
1,<environment.Job instance at 0x14e199c3b370>,17,2,[1 8],25,36,38,11,36
1,<environment.Job instance at 0x14e1996d47d0>,19,1,[ 1 10],29,41,42,12,41
1,<environment.Job instance at 0x14e1996d49b0>,20,19,[2 5],30,41,60,11,41
1,<environment.Job instance at 0x14e19da89460>,23,2,[6 2],33,56,58,23,56
1,<environment.Job instance at 0x14e1999ac9b0>,25,1,[6 1],36,56,57,20,56
1,<environment.Job instance at 0x14e19bb63140>,28,1,[1 6],40,68,69,28,68
1,<environment.Job instance at 0x14e19bb63230>,30,1,[1 7],42,71,72,29,71
1,<environment.Job instance at 0x14e19bb635a0>,31,1,[6 2],43,71,72,28,71
1,<environment.Job instance at 0x14e1b0bd50f0>,32,2,[2 7],44,72,74,28,71
1,<environment.Job instance at 0x14e1b01320f0>,36,2,[1 9],49,88,90,39,88
1,<environment.Job instance at 0x14e1b0132f00>,37,2,[7 2],50,88,90,38,88
1,<environment.Job instance at 0x14e1b0132aa0>,38,3,[5 2],52,91,94,39,91
1,<environment.Job instance at 0x14e1b01321e0>,41,1,[1 5],56,91,92,35,91
1,<environment.Job instance at 0x14e19c5f30f0>,42,1,[10  1],58,92,93,34,91
1,<environment.Job instance at 0x14e19c5f37d0>,43,1,[5 2],59,91,92,32,91
1,<environment.Job instance at 0x14e19c5f3910>,45,25,[9 1],61,106,131,45,106
1,<environment.Job instance at 0x14e19c5f3d20>,47,21,[ 2 10],64,107,128,43,107
1,<environment.Job instance at 0x14e19c5f3820>,48,21,[2 5],65,128,149,63,120
1,<environment.Job instance at 0x14e19c5f3aa0>,53,2,[2 9],71,137,139,66,137
1,<environment.Job instance at 0x14e19edc9c80>,61,2,[5 2],81,155,157,74,155
1,<environment.Job instance at 0x14e19edc90a0>,62,2,[5 1],82,155,157,73,155
1,<environment.Job instance at 0x14e19edc98c0>,63,1,[1 7],83,155,156,72,155
1,<environment.Job instance at 0x14e19ca65f00>,64,17,[9 1],86,157,174,71,155
1,<environment.Job instance at 0x14e19ca65640>,65,1,[6 2],87,157,158,70,155
1,<environment.Job instance at 0x14e19ca650a0>,66,1,[5 1],88,156,157,68,155
1,<environment.Job instance at 0x14e199c13c80>,67,1,[2 6],90,158,159,68,155
1,<environment.Job instance at 0x14e1998bbaf0>,69,2,[9 1],92,174,176,82,155
1,<environment.Job instance at 0x14e1f07aa820>,71,2,[7 2],95,176,178,81,159
1,<environment.Job instance at 0x14e19b0f49b0>,74,2,[ 1 10],98,160,162,62,160
1,<environment.Job instance at 0x14e19c6fc730>,76,17,[12  1],100,179,196,79,179
1,<environment.Job instance at 0x14e19c6fcf50>,77,1,[8 2],103,196,197,93,179
1,<environment.Job instance at 0x14e19c6fc3c0>,81,16,[6 1],107,196,212,89,185
1,<environment.Job instance at 0x14e19c6fcc30>,83,1,[5 2],109,197,198,88,185
1,<environment.Job instance at 0x14e19c6fcb40>,85,1,[1 8],111,185,186,74,185
1,<environment.Job instance at 0x14e19dbd60a0>,90,2,[ 1 10],118,186,188,68,185
1,<environment.Job instance at 0x14e19df00460>,6,16,[1 6],11,518,534,507,518
1,<environment.Job instance at 0x14e199ba32d0>,5,16,[8 1],10,2802,2818,2792,2802
1,<environment.Job instance at 0x14e1999cf460>,4,1,[13  1],5,7,8,2,7
1,<environment.Job instance at 0x14e19c8df4b0>,5,3,[2 7],6,9,12,3,9
1,<environment.Job instance at 0x14e1999f42d0>,13,22,[8 1],15,15,37,0,15
1,<environment.Job instance at 0x14e19d97cc80>,24,22,[2 6],29,31,53,2,31
1,<environment.Job instance at 0x14e19d97cd70>,25,1,[ 1 14],30,53,54,23,40
1,<environment.Job instance at 0x14e19bb66af0>,33,3,[ 2 14],42,123,126,81,123
1,<environment.Job instance at 0x14e19bb66aa0>,35,1,[ 2 10],44,126,127,82,123
1,<environment.Job instance at 0x14e19bb66870>,36,2,[7 2],46,126,128,80,123
1,<environment.Job instance at 0x14e19bb5cb40>,44,27,[5 1],60,125,152,65,125
1,<environment.Job instance at 0x14e19bb5c9b0>,45,15,[14  1],61,1179,1194,1118,1179
1,<environment.Job instance at 0x14e19bb57eb0>,63,22,[2 5],89,1194,1216,1105,1192
1,<environment.Job instance at 0x14e19bb57fa0>,66,26,[ 2 13],93,1216,1242,1123,1215
1,<environment.Job instance at 0x14e1999be230>,69,2,[12  1],97,1238,1240,1141,1238
1,<environment.Job instance at 0x14e1999cfdc0>,6,1,[5 1],7,1241,1242,1234,1241
1,<environment.Job instance at 0x14e1997f0410>,22,15,[2 9],26,1470,1485,1444,1470
1,<environment.Job instance at 0x14e199e83cd0>,3,2,[ 1 11],7,7,9,0,7
1,<environment.Job instance at 0x14e1992c5dc0>,9,28,[5 2],14,16,44,2,16
1,<environment.Job instance at 0x14e1b0a9ab40>,12,3,[ 2 14],17,46,49,29,46
1,<environment.Job instance at 0x14e19da8b5f0>,32,26,[1 6],41,66,92,25,66
1,<environment.Job instance at 0x14e19da8b500>,34,23,[2 6],44,86,109,42,86
1,<environment.Job instance at 0x14e199ad6d20>,45,3,[12  1],59,746,749,687,746
1,<environment.Job instance at 0x14e199852050>,46,20,[8 1],60,749,769,689,746
1,<environment.Job instance at 0x14e1b0a9a500>,11,2,[ 1 10],16,1010,1012,994,1010
1,<environment.Job instance at 0x14e1a06348c0>,54,3,[11  1],79,1010,1013,931,1010
1,<environment.Job instance at 0x14e1b0b705f0>,57,1,[8 1],83,1013,1014,930,1010
1,<environment.Job instance at 0x14e199c9c3c0>,58,16,[9 1],84,1014,1030,930,1010
1,<environment.Job instance at 0x14e19da0a1e0>,61,2,[5 2],93,1013,1015,920,1011
1,<environment.Job instance at 0x14e19da0af00>,62,2,[7 2],94,1030,1032,936,1011
1,<environment.Job instance at 0x14e19da0a6e0>,63,2,[5 2],96,1015,1017,919,1011
1,<environment.Job instance at 0x14e19dad6190>,64,1,[ 2 10],97,1012,1013,915,1011
1,<environment.Job instance at 0x14e199affb40>,66,2,[ 1 12],99,1013,1015,914,1011
1,<environment.Job instance at 0x14e199aff1e0>,69,21,[5 1],102,1017,1038,915,1016
1,<environment.Job instance at 0x14e19def16e0>,79,2,[2 7],116,1034,1036,918,1034
1,<environment.Job instance at 0x14e19def12d0>,80,22,[ 2 10],117,1036,1058,919,1034
1,<environment.Job instance at 0x14e19d9c7370>,55,13,[ 2 11],80,1111,1124,1031,1111
1,<environment.Job instance at 0x14e1b0a9adc0>,14,2,[2 6],19,1189,1191,1170,1189
1,<environment.Job instance at 0x14e1b0a9ad20>,2,2,[5 2],5,5,7,0,5
1,<environment.Job instance at 0x14e19c67a370>,6,1,[7 1],9,9,10,0,9
1,<environment.Job instance at 0x14e19c67ab40>,8,2,[10  2],13,13,15,0,13
1,<environment.Job instance at 0x14e19df38be0>,10,2,[8 2],15,15,17,0,15
1,<environment.Job instance at 0x14e1993c2230>,17,2,[7 1],28,28,30,0,28
1,<environment.Job instance at 0x14e19c5f2f00>,18,21,[6 1],30,30,51,0,30
1,<environment.Job instance at 0x14e19dbe6fa0>,19,3,[ 2 13],32,36,39,4,36
1,<environment.Job instance at 0x14e19c5bafa0>,23,1,[1 7],38,39,40,1,38
1,<environment.Job instance at 0x14e19c7fe960>,24,1,[1 7],40,40,41,0,40
1,<environment.Job instance at 0x14e19da6b190>,26,27,[5 2],42,42,69,0,42
1,<environment.Job instance at 0x14e19c81fd20>,34,2,[8 1],55,63,65,8,63
1,<environment.Job instance at 0x14e199758910>,43,28,[1 6],67,67,95,0,67
1,<environment.Job instance at 0x14e1a2088780>,45,21,[9 1],71,71,92,0,71
1,<environment.Job instance at 0x14e1a2088a50>,48,2,[5 1],75,98,100,23,98
1,<environment.Job instance at 0x14e199bb0280>,49,2,[ 2 10],76,98,100,22,98
1,<environment.Job instance at 0x14e19dad1140>,50,3,[5 1],77,98,101,21,98
1,<environment.Job instance at 0x14e19dad1e60>,51,1,[1 9],79,100,101,21,98
1,<environment.Job instance at 0x14e19a5e70f0>,52,1,[2 7],80,101,102,21,98
1,<environment.Job instance at 0x14e19a5e78c0>,53,2,[1 8],81,101,103,20,98
1,<environment.Job instance at 0x14e19a5e7a50>,54,1,[1 9],83,103,104,20,98
1,<environment.Job instance at 0x14e19a5e7410>,55,2,[ 2 10],85,104,106,19,98
1,<environment.Job instance at 0x14e19da72f50>,57,12,[9 1],87,104,116,17,104
1,<environment.Job instance at 0x14e199a82e10>,58,20,[ 2 11],88,106,126,18,106
1,<environment.Job instance at 0x14e1b005a820>,60,3,[ 2 10],91,126,129,35,115
1,<environment.Job instance at 0x14e1b005a0f0>,62,1,[9 2],94,120,121,26,120
1,<environment.Job instance at 0x14e1b005a0a0>,63,1,[2 8],95,129,130,34,120
1,<environment.Job instance at 0x14e199749c30>,66,1,[1 8],100,130,131,30,120
1,<environment.Job instance at 0x14e19da8c640>,67,1,[2 9],101,131,132,30,120
1,<environment.Job instance at 0x14e1997ce0a0>,76,1,[1 6],112,140,141,28,140
1,<environment.Job instance at 0x14e19dedb780>,77,1,[10  1],113,140,141,27,140
1,<environment.Job instance at 0x14e19dedb5a0>,78,17,[5 1],114,141,158,27,140
1,<environment.Job instance at 0x14e1b00f5c80>,82,26,[8 1],118,141,167,23,140
1,<environment.Job instance at 0x14e19da5af00>,20,14,[2 6],33,519,533,486,519
1,<environment.Job instance at 0x14e19da5ab90>,21,1,[ 2 10],34,533,534,499,531
1,<environment.Job instance at 0x14e19da14870>,0,27,[6 1],1,1,28,0,1
1,<environment.Job instance at 0x14e19c6bb1e0>,11,28,[14  1],18,28,56,10,27
1,<environment.Job instance at 0x14e1996ad280>,12,2,[1 7],19,27,29,8,27
1,<environment.Job instance at 0x14e19974c870>,14,1,[6 1],21,27,28,6,27
1,<environment.Job instance at 0x14e19c92a3c0>,18,2,[11  2],26,56,58,30,33
1,<environment.Job instance at 0x14e199a71460>,20,2,[1 8],29,34,36,5,34
1,<environment.Job instance at 0x14e199e74230>,21,2,[1 5],30,36,38,6,34
1,<environment.Job instance at 0x14e1b07e6640>,33,2,[12  1],45,58,60,13,58
1,<environment.Job instance at 0x14e1b07e65f0>,35,1,[2 8],47,58,59,11,58
1,<environment.Job instance at 0x14e1b07e65a0>,38,15,[2 5],50,68,83,18,68
1,<environment.Job instance at 0x14e1995375f0>,44,1,[10  1],59,89,90,30,89
1,<environment.Job instance at 0x14e199537eb0>,45,1,[10  2],60,90,91,30,89
1,<environment.Job instance at 0x14e199537230>,46,16,[7 1],61,91,107,30,89
1,<environment.Job instance at 0x14e199a687d0>,58,1,[ 2 13],78,104,105,26,104
1,<environment.Job instance at 0x14e199a68e10>,59,2,[2 5],79,105,107,26,104
1,<environment.Job instance at 0x14e199a68c30>,64,2,[1 7],84,113,115,29,113
1,<environment.Job instance at 0x14e1a063e4b0>,65,1,[6 2],87,113,114,26,113
1,<environment.Job instance at 0x14e199a3e460>,69,2,[8 2],92,121,123,29,121
1,<environment.Job instance at 0x14e199a864b0>,71,1,[5 2],99,126,127,27,126
1,<environment.Job instance at 0x14e19a6bbf50>,73,1,[7 2],102,136,137,34,136
1,<environment.Job instance at 0x14e1992c0cd0>,74,1,[2 8],103,136,137,33,136
1,<environment.Job instance at 0x14e19df1f2d0>,75,2,[2 9],104,137,139,33,136
1,<environment.Job instance at 0x14e19989e050>,78,1,[ 1 10],108,139,140,31,136
1,<environment.Job instance at 0x14e19989eaf0>,79,26,[2 5],109,136,162,27,136
1,<environment.Job instance at 0x14e19da145f0>,4,2,[2 9],5,158,160,153,158
1,<environment.Job instance at 0x14e1997b2dc0>,5,13,[2 8],7,160,173,153,159
1,<environment.Job instance at 0x14e19db578c0>,0,1,[1 5],1,1,2,0,1
1,<environment.Job instance at 0x14e1997b2a00>,2,1,[2 8],4,4,5,0,4
1,<environment.Job instance at 0x14e19deac550>,5,2,[ 2 13],9,9,11,0,9
1,<environment.Job instance at 0x14e19deacfa0>,7,28,[2 5],13,13,41,0,13
1,<environment.Job instance at 0x14e199e610a0>,11,16,[ 1 11],17,41,57,24,38
1,<environment.Job instance at 0x14e1b07c9780>,18,1,[1 6],28,38,39,10,38
1,<environment.Job instance at 0x14e1996a3730>,22,1,[10  1],36,38,39,2,38
1,<environment.Job instance at 0x14e1a3ddb550>,24,2,[6 1],38,39,41,1,38
1,<environment.Job instance at 0x14e19ca65c80>,26,2,[10  2],40,41,43,1,40
1,<environment.Job instance at 0x14e1b0ae5230>,27,1,[9 1],41,43,44,2,41
1,<environment.Job instance at 0x14e1b0ae5e60>,28,1,[1 8],42,57,58,15,42
1,<environment.Job instance at 0x14e19c7fe3c0>,29,25,[9 1],43,44,69,1,43
1,<environment.Job instance at 0x14e19bb63910>,41,2,[ 1 14],60,61,63,1,61
1,<environment.Job instance at 0x14e199e645f0>,45,1,[2 5],64,64,65,0,64
1,<environment.Job instance at 0x14e199e64be0>,46,2,[1 5],66,66,68,0,66
1,<environment.Job instance at 0x14e1b0ae0370>,49,26,[5 2],69,71,97,2,71
1,<environment.Job instance at 0x14e1b0a75550>,56,1,[5 1],77,78,79,1,78
1,<environment.Job instance at 0x14e19da8d820>,62,2,[9 2],88,88,90,0,88
1,<environment.Job instance at 0x14e19da8d2d0>,64,21,[10  2],92,93,114,1,93
1,<environment.Job instance at 0x14e1b0a9a6e0>,70,1,[ 1 12],104,106,107,2,106
1,<environment.Job instance at 0x14e1999423c0>,75,1,[9 1],110,116,117,6,116
1,<environment.Job instance at 0x14e1998e6aa0>,76,20,[9 1],111,117,137,6,116
1,<environment.Job instance at 0x14e199bb0500>,78,2,[13  1],114,137,139,23,135
1,<environment.Job instance at 0x14e199bb0c80>,79,1,[12  2],115,139,140,24,135
1,<environment.Job instance at 0x14e199849be0>,80,1,[5 1],116,135,136,19,135
1,<environment.Job instance at 0x14e1b0ad99b0>,82,2,[6 2],118,140,142,22,135
1,<environment.Job instance at 0x14e199e61c30>,13,1,[1 5],20,139,140,119,139
1,<environment.Job instance at 0x14e199e61370>,12,1,[2 6],18,144,145,126,144
1,<environment.Job instance at 0x14e199e61a50>,14,2,[2 8],21,690,692,669,690
1,<environment.Job instance at 0x14e1b018c780>,0,2,[1 6],6,6,8,0,6
1,<environment.Job instance at 0x14e199e61a50>,2,2,[2 8],10,10,12,0,10
1,<environment.Job instance at 0x14e19df1f190>,3,1,[7 1],13,13,14,0,13
1,<environment.Job instance at 0x14e19df1fdc0>,4,2,[2 6],14,14,16,0,14
1,<environment.Job instance at 0x14e199a31c30>,23,2,[1 6],38,38,40,0,38
1,<environment.Job instance at 0x14e1b0137460>,24,1,[2 5],39,39,40,0,39
1,<environment.Job instance at 0x14e1b01375f0>,26,1,[ 1 13],41,41,42,0,41
1,<environment.Job instance at 0x14e1b01378c0>,27,12,[ 1 14],42,53,65,11,53
1,<environment.Job instance at 0x14e1b01370a0>,30,1,[11  1],53,55,56,2,55
1,<environment.Job instance at 0x14e1b0137fa0>,33,2,[1 8],56,65,67,9,56
1,<environment.Job instance at 0x14e1b0a18550>,36,1,[6 1],60,60,61,0,60
1,<environment.Job instance at 0x14e1b0a18730>,37,1,[2 9],61,67,68,6,61
1,<environment.Job instance at 0x14e1b0a18960>,38,1,[1 5],62,65,66,3,62
1,<environment.Job instance at 0x14e199a310a0>,18,2,[2 6],31,67,69,36,67
1,<environment.Job instance at 0x14e19c6b4190>,44,2,[9 2],71,71,73,0,71
1,<environment.Job instance at 0x14e199a31320>,17,1,[1 9],30,73,74,43,73
1,<environment.Job instance at 0x14e19c6b46e0>,45,2,[2 7],75,75,77,0,75
1,<environment.Job instance at 0x14e1b0137eb0>,29,12,[2 9],44,77,89,33,76
1,<environment.Job instance at 0x14e19c6b4c80>,49,12,[7 2],79,87,99,8,87
1,<environment.Job instance at 0x14e19c6b44b0>,56,1,[9 2],88,99,100,11,88
1,<environment.Job instance at 0x14e1998dfe10>,57,17,[8 1],89,100,117,11,94
1,<environment.Job instance at 0x14e1998dfbe0>,60,2,[10  2],92,117,119,25,97
1,<environment.Job instance at 0x14e1998df9b0>,63,2,[1 9],96,97,99,1,97
1,<environment.Job instance at 0x14e19c689be0>,67,2,[2 8],102,114,116,12,114
1,<environment.Job instance at 0x14e19c689460>,69,2,[6 1],104,119,121,15,114
1,<environment.Job instance at 0x14e19c6890a0>,71,2,[8 1],106,119,121,13,117
1,<environment.Job instance at 0x14e19c689cd0>,73,1,[10  1],108,129,130,21,129
1,<environment.Job instance at 0x14e19c689f50>,74,2,[8 2],110,130,132,20,129
1,<environment.Job instance at 0x14e19c6897d0>,75,1,[1 6],111,129,130,18,129
1,<environment.Job instance at 0x14e19c689050>,77,16,[1 5],113,129,145,16,129
1,<environment.Job instance at 0x14e19c6891e0>,80,17,[12  1],117,153,170,36,153
1,<environment.Job instance at 0x14e19c6b4b90>,50,13,[1 9],80,229,242,149,229
1,<environment.Job instance at 0x14e19c6b4eb0>,51,2,[7 2],81,255,257,174,255
1,<environment.Job instance at 0x14e1b2d790f0>,3,13,[8 1],4,10,23,6,10
1,<environment.Job instance at 0x14e199b252d0>,14,2,[2 8],20,20,22,0,20
1,<environment.Job instance at 0x14e1994eff50>,5,2,[1 7],6,24,26,18,24
1,<environment.Job instance at 0x14e19de613c0>,17,3,[1 8],25,25,28,0,25
1,<environment.Job instance at 0x14e19de4a500>,22,2,[2 9],30,31,33,1,31
1,<environment.Job instance at 0x14e19de62fa0>,26,1,[ 2 10],35,35,36,0,35
1,<environment.Job instance at 0x14e19de62910>,28,12,[ 2 11],38,84,96,46,84
1,<environment.Job instance at 0x14e199afd5a0>,34,23,[2 5],47,96,119,49,90
1,<environment.Job instance at 0x14e19960dbe0>,46,2,[2 8],61,116,118,55,116
1,<environment.Job instance at 0x14e199b1f320>,1,1,[8 2],4,4,5,0,4
1,<environment.Job instance at 0x14e1998e6f00>,3,2,[10  1],6,7,9,1,7
1,<environment.Job instance at 0x14e1998e6870>,5,2,[2 5],8,8,10,0,8
1,<environment.Job instance at 0x14e1998e6b90>,6,1,[1 7],9,9,10,0,9
1,<environment.Job instance at 0x14e1998e65a0>,7,1,[2 9],10,10,11,0,10
1,<environment.Job instance at 0x14e1998e6eb0>,9,1,[9 2],13,13,14,0,13
1,<environment.Job instance at 0x14e1998e6500>,10,1,[7 2],15,15,16,0,15
1,<environment.Job instance at 0x14e19c9903c0>,13,1,[10  2],19,19,20,0,19
1,<environment.Job instance at 0x14e19c990320>,14,2,[7 1],20,20,22,0,20
1,<environment.Job instance at 0x14e19c9902d0>,15,2,[10  1],21,22,24,1,21
1,<environment.Job instance at 0x14e19c990aa0>,16,1,[1 7],22,22,23,0,22
1,<environment.Job instance at 0x14e19c990370>,17,1,[9 1],24,24,25,0,24
1,<environment.Job instance at 0x14e1b0a9a820>,0,1,[14  1],1,1,2,0,1
1,<environment.Job instance at 0x14e19df71320>,3,1,[8 1],4,6,7,2,6
1,<environment.Job instance at 0x14e199c56230>,6,2,[6 1],9,9,11,0,9
1,<environment.Job instance at 0x14e199c563c0>,7,16,[6 1],10,10,26,0,10
1,<environment.Job instance at 0x14e199311b40>,15,1,[5 2],22,22,23,0,22
1,<environment.Job instance at 0x14e1b0038050>,17,2,[5 1],24,24,26,0,24
1,<environment.Job instance at 0x14e199c28f50>,18,17,[1 5],26,26,43,0,26
1,<environment.Job instance at 0x14e19c9bfe10>,32,2,[1 9],42,45,47,3,45
1,<environment.Job instance at 0x14e19c9bf410>,33,2,[2 5],43,45,47,2,45
1,<environment.Job instance at 0x14e19c9bf4b0>,34,3,[1 5],46,47,50,1,46
1,<environment.Job instance at 0x14e1998476e0>,35,1,[8 1],47,47,48,0,47
1,<environment.Job instance at 0x14e1998472d0>,36,2,[8 2],48,48,50,0,48
1,<environment.Job instance at 0x14e19c714f00>,38,2,[5 2],50,50,52,0,50
1,<environment.Job instance at 0x14e19c714960>,39,3,[1 5],51,51,54,0,51
1,<environment.Job instance at 0x14e19c73c8c0>,40,1,[1 5],53,53,54,0,53
1,<environment.Job instance at 0x14e19c73c9b0>,41,16,[8 1],54,54,70,0,54
1,<environment.Job instance at 0x14e19c9bf960>,29,15,[2 7],37,54,69,17,54
1,<environment.Job instance at 0x14e1b0b02b90>,50,2,[1 8],65,82,84,17,82
1,<environment.Job instance at 0x14e1b2d7f550>,54,3,[ 1 14],70,90,93,20,90
1,<environment.Job instance at 0x14e19db3cdc0>,56,2,[8 1],73,90,92,17,90
1,<environment.Job instance at 0x14e19c83f8c0>,60,2,[2 7],79,94,96,15,94
1,<environment.Job instance at 0x14e19c83ffa0>,63,2,[1 9],83,124,126,41,124
1,<environment.Job instance at 0x14e19c83f410>,65,1,[8 1],85,124,125,39,124
1,<environment.Job instance at 0x14e19c83f1e0>,68,2,[7 1],88,136,138,48,136
1,<environment.Job instance at 0x14e19c83fc30>,70,2,[2 8],90,136,138,46,136
1,<environment.Job instance at 0x14e19c86c690>,74,22,[5 1],96,138,160,42,138
1,<environment.Job instance at 0x14e19c86c960>,80,1,[7 2],106,168,169,62,168
1,<environment.Job instance at 0x14e19c86c230>,81,2,[2 8],107,168,170,61,168
1,<environment.Job instance at 0x14e19c86c550>,84,1,[ 2 10],111,171,172,60,171
1,<environment.Job instance at 0x14e19c85e870>,48,1,[1 9],62,172,173,110,172
1,<environment.Job instance at 0x14e199bb2230>,85,2,[6 2],112,173,175,61,173
1,<environment.Job instance at 0x14e199bb2a50>,89,2,[8 1],117,173,175,56,173
1,<environment.Job instance at 0x14e199bb2780>,86,1,[1 5],114,182,183,68,182
1,<environment.Job instance at 0x14e199bb25f0>,88,2,[8 1],116,226,228,110,226
1,<environment.Job instance at 0x14e19c9bf0f0>,31,3,[ 1 11],41,542,545,501,542
1,<environment.Job instance at 0x14e19c9bf0f0>,2,2,[1 6],3,7,9,4,7
1,<environment.Job instance at 0x14e19c9bf0a0>,1,18,[ 2 11],2,10,28,8,10
1,<environment.Job instance at 0x14e19c87df50>,13,2,[8 2],17,22,24,5,22
1,<environment.Job instance at 0x14e1b07d1870>,14,2,[11  1],18,24,26,6,22
1,<environment.Job instance at 0x14e1a0649370>,15,1,[8 2],19,26,27,7,22
1,<environment.Job instance at 0x14e19c87d230>,17,28,[ 2 10],21,28,56,7,27
1,<environment.Job instance at 0x14e1a3727190>,19,14,[2 5],26,30,44,4,30
1,<environment.Job instance at 0x14e19c86d0f0>,20,2,[1 8],27,56,58,29,30
1,<environment.Job instance at 0x14e19a664a50>,21,1,[5 1],28,44,45,16,30
1,<environment.Job instance at 0x14e19eda4d70>,23,2,[8 1],31,44,46,13,31
1,<environment.Job instance at 0x14e19a5b45f0>,24,2,[6 2],33,46,48,13,33
1,<environment.Job instance at 0x14e19c87a3c0>,25,2,[1 5],34,48,50,14,34
1,<environment.Job instance at 0x14e19c87ae10>,26,2,[9 2],35,50,52,15,35
1,<environment.Job instance at 0x14e199d490a0>,27,1,[9 1],38,52,53,14,38
1,<environment.Job instance at 0x14e199d499b0>,28,2,[9 1],39,53,55,14,39
1,<environment.Job instance at 0x14e19984e500>,30,2,[2 9],42,58,60,16,42
1,<environment.Job instance at 0x14e19984e8c0>,33,2,[ 1 10],45,60,62,15,45
1,<environment.Job instance at 0x14e19984edc0>,34,2,[ 1 11],47,62,64,15,47
1,<environment.Job instance at 0x14e19984eaa0>,35,2,[1 8],48,64,66,16,48
1,<environment.Job instance at 0x14e199b45140>,3,16,[1 9],4,66,82,62,63
1,<environment.Job instance at 0x14e19984e2d0>,36,16,[ 1 12],49,106,122,57,106
1,<environment.Job instance at 0x14e19984ee10>,37,1,[1 5],50,122,123,72,119
1,<environment.Job instance at 0x14e1998517d0>,49,2,[1 6],69,122,124,53,120
1,<environment.Job instance at 0x14e199851aa0>,50,2,[8 1],73,120,122,47,120
1,<environment.Job instance at 0x14e19985eeb0>,48,3,[1 6],67,123,126,56,122
1,<environment.Job instance at 0x14e199851320>,52,1,[2 8],76,124,125,48,124
1,<environment.Job instance at 0x14e199851640>,53,2,[10  1],77,124,126,47,124
1,<environment.Job instance at 0x14e1998512d0>,55,3,[5 1],80,126,129,46,124
1,<environment.Job instance at 0x14e199851280>,56,26,[5 2],82,126,152,44,124
1,<environment.Job instance at 0x14e19df348c0>,67,23,[9 1],100,148,171,48,148
1,<environment.Job instance at 0x14e1a3703730>,71,2,[1 5],104,173,175,69,173
1,<environment.Job instance at 0x14e1b2475690>,72,1,[2 5],105,173,174,68,173
1,<environment.Job instance at 0x14e199d6f870>,73,12,[5 1],108,173,185,65,173
1,<environment.Job instance at 0x14e199d6f370>,74,1,[10  1],110,175,176,65,173
1,<environment.Job instance at 0x14e199d6f410>,75,1,[7 1],111,173,174,62,173
1,<environment.Job instance at 0x14e199d6f460>,76,2,[10  1],112,176,178,64,173
1,<environment.Job instance at 0x14e199d6f190>,77,1,[6 2],113,174,175,61,173
1,<environment.Job instance at 0x14e1b249f140>,54,13,[1 8],78,178,191,100,174
1,<environment.Job instance at 0x14e199d6f8c0>,80,2,[5 1],119,178,180,59,176
1,<environment.Job instance at 0x14e199d6f0a0>,79,3,[2 5],118,183,186,65,183
1,<environment.Job instance at 0x14e19c852190>,6,1,[6 1],7,207,208,200,207
1,<environment.Job instance at 0x14e19d998be0>,4,2,[ 1 13],5,1041,1043,1036,1041
1,<environment.Job instance at 0x14e19db200f0>,11,1,[14  2],16,26,27,10,26
1,<environment.Job instance at 0x14e19db20500>,14,2,[1 9],19,26,28,7,26
1,<environment.Job instance at 0x14e19db19410>,19,2,[2 8],27,28,30,1,27
1,<environment.Job instance at 0x14e1b2df6780>,21,1,[10  2],29,29,30,0,29
1,<environment.Job instance at 0x14e19dbd3050>,24,2,[10  1],35,36,38,1,36
1,<environment.Job instance at 0x14e1998995f0>,9,2,[14  2],14,38,40,24,36
1,<environment.Job instance at 0x14e19989f140>,25,18,[8 1],37,42,60,5,42
1,<environment.Job instance at 0x14e19989f8c0>,26,1,[6 2],38,58,59,20,58
1,<environment.Job instance at 0x14e19da89640>,41,1,[1 8],63,64,65,1,64
1,<environment.Job instance at 0x14e19da89f50>,40,1,[1 6],62,65,66,3,65
1,<environment.Job instance at 0x14e19bb4b690>,42,1,[8 2],65,65,66,0,65
1,<environment.Job instance at 0x14e19bb4bfa0>,44,2,[14  1],67,67,69,0,67
1,<environment.Job instance at 0x14e1994c4870>,53,1,[10  2],79,92,93,13,92
1,<environment.Job instance at 0x14e1994c4190>,56,17,[7 1],85,94,111,9,94
1,<environment.Job instance at 0x14e19c8d8280>,58,15,[7 1],87,103,118,16,103
1,<environment.Job instance at 0x14e19db051e0>,65,2,[8 1],106,111,113,5,110
1,<environment.Job instance at 0x14e19db05cd0>,68,2,[2 6],110,124,126,14,124
1,<environment.Job instance at 0x14e19db05a50>,69,17,[1 9],111,128,145,17,128
1,<environment.Job instance at 0x14e1994c47d0>,48,3,[1 5],73,148,151,75,148
1,<environment.Job instance at 0x14e1994c44b0>,49,14,[1 7],74,191,205,117,191
1,<environment.Job instance at 0x14e19db20af0>,12,2,[6 2],17,670,672,653,670
1,<environment.Job instance at 0x14e1994e39b0>,11,2,[1 7],23,622,624,599,622
1,<environment.Job instance at 0x14e19a66baa0>,14,13,[ 1 13],26,638,651,612,638
1,<environment.Job instance at 0x14e199bf8960>,35,1,[2 8],56,651,652,595,640
1,<environment.Job instance at 0x14e19db510f0>,39,1,[9 2],60,643,644,583,643
1,<environment.Job instance at 0x14e19db55460>,43,3,[2 9],66,663,666,597,663
1,<environment.Job instance at 0x14e19db55b90>,44,2,[1 9],68,666,668,598,663
1,<environment.Job instance at 0x14e19db55140>,45,3,[ 2 12],70,668,671,598,666
1,<environment.Job instance at 0x14e1992d7e60>,48,2,[5 1],77,666,668,589,666
1,<environment.Job instance at 0x14e1992d7a50>,49,1,[2 5],78,666,667,588,666
1,<environment.Job instance at 0x14e1992d7640>,50,2,[1 8],79,671,673,592,666
1,<environment.Job instance at 0x14e1997f63c0>,54,2,[11  1],84,694,696,610,694
1,<environment.Job instance at 0x14e19c8336e0>,56,27,[9 2],88,696,723,608,694
1,<environment.Job instance at 0x14e1b00b67d0>,57,2,[7 1],89,723,725,634,696
1,<environment.Job instance at 0x14e1b00b6cd0>,59,1,[6 1],91,697,698,606,697
1,<environment.Job instance at 0x14e1b00b6b90>,60,1,[1 5],92,698,699,606,697
1,<environment.Job instance at 0x14e1b00b6230>,61,2,[1 7],93,698,700,605,698
1,<environment.Job instance at 0x14e1b00b6c30>,63,1,[1 8],95,700,701,605,700
1,<environment.Job instance at 0x14e1b00b6870>,64,2,[2 5],96,700,702,604,700
1,<environment.Job instance at 0x14e1b00b62d0>,67,1,[2 9],99,703,704,604,703
1,<environment.Job instance at 0x14e19d9b6b40>,69,1,[9 1],103,725,726,622,706
1,<environment.Job instance at 0x14e19d9b6e60>,71,2,[1 8],105,709,711,604,709
1,<environment.Job instance at 0x14e19d9b6780>,73,3,[5 1],108,725,728,617,725
1,<environment.Job instance at 0x14e19d9b6140>,75,14,[ 1 12],110,747,761,637,747
1,<environment.Job instance at 0x14e19d9b60f0>,76,2,[ 1 10],111,761,763,650,747
1,<environment.Job instance at 0x14e1992b8820>,82,19,[5 1],118,749,768,631,749
1,<environment.Job instance at 0x14e19a66b050>,19,18,[8 2],32,948,966,916,948
1,<environment.Job instance at 0x14e19a66bd20>,16,2,[8 1],28,1012,1014,984,1012
1,<environment.Job instance at 0x14e1a2098a00>,15,2,[10  1],27,1048,1050,1021,1048
1,<environment.Job instance at 0x14e1a2098a00>,4,1,[1 5],7,7,8,0,7
1,<environment.Job instance at 0x14e1b0a55140>,14,16,[6 1],24,24,40,0,24
1,<environment.Job instance at 0x14e19c91bc30>,17,1,[1 6],27,27,28,0,27
1,<environment.Job instance at 0x14e19c91bcd0>,18,1,[ 1 10],32,32,33,0,32
1,<environment.Job instance at 0x14e19df46aa0>,21,1,[ 1 10],35,35,36,0,35
1,<environment.Job instance at 0x14e1999729b0>,25,18,[2 8],39,42,60,3,42
1,<environment.Job instance at 0x14e19c8c4190>,31,2,[9 1],48,50,52,2,50
1,<environment.Job instance at 0x14e1a36f4550>,33,1,[ 1 10],53,60,61,7,53
1,<environment.Job instance at 0x14e1a36f4f50>,34,1,[8 1],54,54,55,0,54
1,<environment.Job instance at 0x14e1a36f4050>,35,1,[8 1],55,55,56,0,55
1,<environment.Job instance at 0x14e19bb6fe60>,38,3,[1 6],62,62,65,0,62
1,<environment.Job instance at 0x14e19bb6f640>,39,1,[2 7],63,63,64,0,63
1,<environment.Job instance at 0x14e19bb6fb90>,41,16,[2 6],65,65,81,0,65
1,<environment.Job instance at 0x14e199d64280>,42,23,[1 9],66,70,93,4,70
1,<environment.Job instance at 0x14e1a20ba500>,47,3,[ 2 10],79,93,96,14,79
1,<environment.Job instance at 0x14e199b21f50>,52,1,[2 7],88,96,97,8,88
1,<environment.Job instance at 0x14e199b211e0>,53,2,[2 5],89,89,91,0,89
1,<environment.Job instance at 0x14e199948af0>,55,1,[10  2],91,91,92,0,91
1,<environment.Job instance at 0x14e19daa8fa0>,56,18,[1 8],93,96,114,3,93
1,<environment.Job instance at 0x14e199948050>,57,17,[10  2],95,97,114,2,95
1,<environment.Job instance at 0x14e19de1e3c0>,60,2,[6 2],98,114,116,16,98
1,<environment.Job instance at 0x14e1b016a730>,62,13,[8 1],104,114,127,10,106
1,<environment.Job instance at 0x14e1999f6d20>,70,2,[2 8],116,117,119,1,117
1,<environment.Job instance at 0x14e19993ea00>,71,2,[7 2],117,119,121,2,119
1,<environment.Job instance at 0x14e19dad11e0>,72,2,[13  1],118,127,129,9,119
1,<environment.Job instance at 0x14e19dad1c80>,73,2,[1 7],119,121,123,2,119
1,<environment.Job instance at 0x14e19a54e730>,13,21,[6 2],22,140,161,118,140
1,<environment.Job instance at 0x14e1999725f0>,26,27,[7 1],41,198,225,157,198
1,<environment.Job instance at 0x14e199972320>,27,18,[8 1],42,768,786,726,768
1,<environment.Job instance at 0x150902935e60>,2,1,[2 5],3,3,4,0,3
1,<environment.Job instance at 0x1508ac83b4b0>,13,2,[8 1],17,17,19,0,17
1,<environment.Job instance at 0x1508ac90e550>,14,2,[ 1 10],18,18,20,0,18
1,<environment.Job instance at 0x1508ac7cdcd0>,15,1,[ 1 10],20,20,21,0,20
1,<environment.Job instance at 0x1508ac93a5a0>,20,2,[ 1 13],27,27,29,0,27
1,<environment.Job instance at 0x1508ac907e60>,22,1,[2 7],30,30,31,0,30
1,<environment.Job instance at 0x1508ac857640>,23,2,[8 1],31,31,33,0,31
1,<environment.Job instance at 0x1508ac81ad20>,26,1,[2 7],35,35,36,0,35
1,<environment.Job instance at 0x1508ac81a8c0>,28,2,[2 7],37,37,39,0,37
1,<environment.Job instance at 0x1508ac809050>,33,1,[2 7],43,43,44,0,43
1,<environment.Job instance at 0x1508ac80edc0>,34,15,[11  1],44,534,549,490,534
1,<environment.Job instance at 0x1508ac80e690>,41,25,[12  2],54,549,574,495,547
1,<environment.Job instance at 0x1508ac8251e0>,57,22,[1 5],80,568,590,488,568
1,<environment.Job instance at 0x1508ac822190>,67,1,[13  1],94,599,600,505,599
1,<environment.Job instance at 0x1508ac822460>,69,1,[2 5],96,599,600,503,599
1,<environment.Job instance at 0x1508ac836b90>,70,2,[ 2 10],97,600,602,503,599
1,<environment.Job instance at 0x1508ac832140>,73,2,[6 2],103,601,603,498,601
1,<environment.Job instance at 0x1508ac832aa0>,75,1,[1 6],107,604,605,497,604
1,<environment.Job instance at 0x1508ac8320f0>,76,2,[2 5],108,604,606,496,604
1,<environment.Job instance at 0x1508ac373dc0>,77,2,[ 1 10],109,605,607,496,604
1,<environment.Job instance at 0x1508ac36fd70>,89,2,[1 9],126,617,619,491,617
1,<environment.Job instance at 0x1508ac80e640>,36,3,[10  2],48,622,625,574,622
1,<environment.Job instance at 0x1508ac120500>,0,1,[5 1],1,1,2,0,1
1,<environment.Job instance at 0x1508ae88fb40>,9,1,[ 2 10],12,12,13,0,12
1,<environment.Job instance at 0x1508ae88f820>,10,1,[ 2 14],13,13,14,0,13
1,<environment.Job instance at 0x1508ae88f370>,11,1,[8 2],14,14,15,0,14
1,<environment.Job instance at 0x1508ae88fe60>,12,15,[5 1],15,16,31,1,16
1,<environment.Job instance at 0x1508ae88f2d0>,14,2,[ 1 10],20,20,22,0,20
1,<environment.Job instance at 0x1508ae88f690>,15,3,[11  2],21,31,34,10,29
1,<environment.Job instance at 0x1508ae99b960>,17,3,[2 5],23,29,32,6,29
1,<environment.Job instance at 0x1508ae99b5a0>,18,1,[8 1],24,29,30,5,29
1,<environment.Job instance at 0x1508ae99be10>,19,3,[5 2],26,34,37,8,29
1,<environment.Job instance at 0x1508ae99b730>,21,18,[2 6],28,30,48,2,29
1,<environment.Job instance at 0x1508ae9acf50>,25,3,[12  1],34,47,50,13,47
1,<environment.Job instance at 0x1508ae9acc80>,26,1,[1 8],36,47,48,11,47
1,<environment.Job instance at 0x1508ae9b27d0>,27,15,[1 6],37,48,63,11,47
1,<environment.Job instance at 0x1508ae9b29b0>,31,13,[ 1 14],42,63,76,21,61
1,<environment.Job instance at 0x1508ae9b2f00>,32,27,[1 8],43,76,103,33,74
1,<environment.Job instance at 0x1508ae9b60a0>,36,28,[2 8],49,103,131,54,102
1,<environment.Job instance at 0x1508ae9b6d70>,40,2,[1 9],58,131,133,73,104
1,<environment.Job instance at 0x1508ae9b61e0>,41,2,[ 2 10],61,133,135,72,106
1,<environment.Job instance at 0x1508ae9b6870>,42,3,[5 2],62,106,109,44,106
1,<environment.Job instance at 0x1508ae9b6aa0>,44,2,[ 2 10],64,135,137,71,108
1,<environment.Job instance at 0x1508ae9b6820>,45,2,[2 9],65,137,139,72,110
1,<environment.Job instance at 0x1508ae922370>,48,2,[9 1],69,110,112,41,110
1,<environment.Job instance at 0x1508ae9223c0>,50,2,[ 1 10],71,139,141,68,112
1,<environment.Job instance at 0x1508ae8f99b0>,57,12,[7 1],80,142,154,62,142
1,<environment.Job instance at 0x1508ae8f9140>,58,2,[8 2],81,142,144,61,142
1,<environment.Job instance at 0x1508ae8f90a0>,59,3,[8 1],82,144,147,62,143
1,<environment.Job instance at 0x1508ae8f9d20>,60,2,[2 5],83,147,149,64,143
1,<environment.Job instance at 0x1508ae8f93c0>,62,2,[10  1],85,154,156,69,145
1,<environment.Job instance at 0x1508ae8f9a50>,63,3,[ 2 10],87,149,152,62,147
1,<environment.Job instance at 0x1508ae8f9280>,64,18,[8 1],88,156,174,68,150
1,<environment.Job instance at 0x1508ae8f9230>,66,17,[1 6],91,152,169,61,150
1,<environment.Job instance at 0x1508ae8f9e10>,68,1,[2 6],93,162,163,69,162
1,<environment.Job instance at 0x1508ae8edc30>,69,16,[9 1],96,174,190,78,173
1,<environment.Job instance at 0x1508aec708c0>,73,2,[6 2],103,176,178,73,176
1,<environment.Job instance at 0x1508aec70be0>,74,1,[9 1],105,190,191,85,176
1,<environment.Job instance at 0x1508aec70dc0>,75,2,[8 1],106,191,193,85,176
1,<environment.Job instance at 0x1508aec70320>,76,1,[ 1 10],107,178,179,71,176
1,<environment.Job instance at 0x1508ae8e9c30>,84,1,[2 8],122,182,183,60,182
1,<environment.Job instance at 0x1508ae8e9910>,86,2,[7 2],127,191,193,64,190
1,<environment.Job instance at 0x1508ae8e98c0>,87,2,[2 5],128,193,195,65,190
1,<environment.Job instance at 0x1508ae88fd20>,7,13,[2 9],10,1174,1187,1164,1174
1,<environment.Job instance at 0x1508ae88faf0>,8,1,[2 8],11,1211,1212,1200,1211
1,<environment.Job instance at 0x1508ae88f730>,13,18,[1 8],16,1392,1410,1376,1392
1,<environment.Job instance at 0x1508ae99bdc0>,16,3,[ 2 10],22,1550,1553,1528,1550
1,<environment.Job instance at 0x1508ae99b230>,1,1,[7 2],3,3,4,0,3
1,<environment.Job instance at 0x1508ae99bdc0>,2,2,[5 2],4,4,6,0,4
1,<environment.Job instance at 0x1508afcf1960>,3,2,[ 2 12],6,6,8,0,6
1,<environment.Job instance at 0x1508aea5c550>,9,1,[1 5],13,1250,1251,1237,1250
1,<environment.Job instance at 0x1508aea5c0f0>,8,2,[6 2],12,1756,1758,1744,1756
1,<environment.Job instance at 0x1508afda8550>,6,2,[5 1],13,14,16,1,14
1,<environment.Job instance at 0x1508afda8e10>,9,2,[6 1],16,16,18,0,16
1,<environment.Job instance at 0x1508afda8b90>,7,1,[2 7],14,21,22,7,21
1,<environment.Job instance at 0x1508afda8690>,12,2,[5 2],22,22,24,0,22
1,<environment.Job instance at 0x1508afda8460>,14,2,[9 2],25,25,27,0,25
1,<environment.Job instance at 0x1508afda80a0>,15,1,[7 2],26,27,28,1,26
1,<environment.Job instance at 0x1508afd0b0f0>,20,26,[9 1],34,34,60,0,34
1,<environment.Job instance at 0x1508ac82baa0>,28,27,[1 7],45,49,76,4,49
1,<environment.Job instance at 0x1508b8025190>,36,1,[5 1],59,59,60,0,59
1,<environment.Job instance at 0x1508b8025e60>,38,2,[1 9],61,76,78,15,61
1,<environment.Job instance at 0x1508b8025870>,40,1,[1 8],65,65,66,0,65
1,<environment.Job instance at 0x1508b80258c0>,43,2,[8 2],68,68,70,0,68
1,<environment.Job instance at 0x1508baa2b3c0>,46,2,[1 7],72,72,74,0,72
1,<environment.Job instance at 0x1508baa2bc80>,47,15,[1 5],73,74,89,1,73
1,<environment.Job instance at 0x1508baa2b5f0>,49,2,[1 8],76,78,80,2,76
1,<environment.Job instance at 0x1508afe60aa0>,52,1,[2 8],80,84,85,4,84
1,<environment.Job instance at 0x1508afe60870>,53,1,[8 2],81,84,85,3,84
1,<environment.Job instance at 0x1508afe603c0>,54,14,[14  1],82,87,101,5,87
1,<environment.Job instance at 0x1508afe604b0>,58,3,[ 2 11],90,101,104,11,93
1,<environment.Job instance at 0x1508afe60f50>,59,2,[1 7],91,93,95,2,93
1,<environment.Job instance at 0x1508afe60d20>,60,1,[1 5],92,95,96,3,93
1,<environment.Job instance at 0x1508afe60280>,61,18,[8 2],93,102,120,9,102
1,<environment.Job instance at 0x1508afe60c30>,63,16,[1 5],95,111,127,16,111
1,<environment.Job instance at 0x1508abb8e370>,71,2,[2 8],103,118,120,15,118
1,<environment.Job instance at 0x1508abb8eeb0>,73,1,[6 2],108,120,121,12,118
1,<environment.Job instance at 0x1508abb8ea00>,74,2,[2 8],109,120,122,11,118
1,<environment.Job instance at 0x1508abb8e4b0>,76,1,[2 9],112,122,123,10,119
1,<environment.Job instance at 0x1508abb8ed20>,77,27,[ 2 10],113,123,150,10,121
1,<environment.Job instance at 0x1508afd0b6e0>,24,12,[5 2],38,400,412,362,400
1,<environment.Job instance at 0x1508ac82b780>,29,15,[2 8],48,439,454,391,439
1,<environment.Job instance at 0x1508ac82b0a0>,30,16,[2 8],49,724,740,675,724
1,<environment.Job instance at 0x1508b80259b0>,2,19,[2 9],6,7,26,1,7
1,<environment.Job instance at 0x1508abad5050>,5,1,[6 2],9,9,10,0,9
1,<environment.Job instance at 0x1508abad5140>,6,2,[1 5],10,10,12,0,10
1,<environment.Job instance at 0x1508ac026320>,7,1,[1 7],11,26,27,15,11
1,<environment.Job instance at 0x1508ac026cd0>,9,2,[1 5],13,13,15,0,13
1,<environment.Job instance at 0x1508abad5460>,10,1,[1 9],15,27,28,12,15
1,<environment.Job instance at 0x1508ac12e690>,11,1,[2 5],16,16,17,0,16
1,<environment.Job instance at 0x1508ac0caf50>,13,1,[2 6],18,18,19,0,18
1,<environment.Job instance at 0x1508ac026a00>,14,1,[2 8],20,26,27,6,20
1,<environment.Job instance at 0x1508ac0cae60>,15,1,[2 6],21,21,22,0,21
1,<environment.Job instance at 0x1508abca3320>,18,14,[1 6],25,29,43,4,29
1,<environment.Job instance at 0x1508ac0d5190>,22,1,[1 8],29,29,30,0,29
1,<environment.Job instance at 0x1508ac0cdaa0>,24,2,[2 6],31,31,33,0,31
1,<environment.Job instance at 0x1508ac0cd960>,25,3,[9 2],32,32,35,0,32
1,<environment.Job instance at 0x1508ac3732d0>,26,2,[10  2],33,35,37,2,33
1,<environment.Job instance at 0x1508ac373820>,29,2,[1 6],37,47,49,10,47
1,<environment.Job instance at 0x1508ac102e10>,30,15,[2 6],39,48,63,9,48
1,<environment.Job instance at 0x1508ac1028c0>,32,13,[5 1],41,59,72,18,59
1,<environment.Job instance at 0x1508ac102fa0>,35,1,[2 5],44,63,64,19,63
1,<environment.Job instance at 0x1508ac102b90>,37,2,[7 1],46,65,67,19,65
1,<environment.Job instance at 0x1508ac102820>,39,13,[10  1],48,72,85,24,72
1,<environment.Job instance at 0x1508ac11b910>,40,25,[12  1],49,85,110,36,81
1,<environment.Job instance at 0x1508ac0cf140>,41,1,[ 2 10],50,81,82,31,81
1,<environment.Job instance at 0x1508ac358e10>,48,23,[1 6],61,90,113,29,90
1,<environment.Job instance at 0x1508badd0870>,53,2,[7 1],72,110,112,38,108
1,<environment.Job instance at 0x1508badd0aa0>,54,18,[2 6],74,109,127,35,109
1,<environment.Job instance at 0x1508ac131230>,55,1,[7 1],76,112,113,36,109
1,<environment.Job instance at 0x1508aed25730>,56,2,[5 1],77,110,112,33,109
1,<environment.Job instance at 0x1508aed25d70>,57,14,[2 5],78,113,127,35,111
1,<environment.Job instance at 0x1508abcf2820>,59,12,[1 5],81,127,139,46,111
1,<environment.Job instance at 0x1508b00910f0>,64,16,[1 5],91,135,151,44,135
1,<environment.Job instance at 0x1508aecbb0f0>,65,1,[1 9],92,139,140,47,135
1,<environment.Job instance at 0x1508ba1fd9b0>,67,1,[10  2],95,135,136,40,135
1,<environment.Job instance at 0x1508ba1fd2d0>,68,1,[5 2],96,136,137,40,135
1,<environment.Job instance at 0x1508ba1fd870>,69,26,[2 8],98,140,166,42,137
1,<environment.Job instance at 0x1508abb83460>,79,1,[2 8],119,166,167,47,156
1,<environment.Job instance at 0x1508badce140>,85,27,[1 7],125,160,187,35,160
1,<environment.Job instance at 0x1508abad5c30>,3,13,[12  2],7,592,605,585,592
1,<environment.Job instance at 0x1508ac366870>,19,17,[9 1],26,2832,2849,2806,2832
1,<environment.Job instance at 0x1508ac366230>,1,2,[5 1],3,3,5,0,3
1,<environment.Job instance at 0x1508afcd3e60>,13,1,[ 1 12],26,26,27,0,26
1,<environment.Job instance at 0x1508ae970870>,0,25,[9 1],1,1,26,0,1
1,<environment.Job instance at 0x1508abdf6be0>,3,21,[2 5],5,10,31,5,10
1,<environment.Job instance at 0x1508aea01780>,11,14,[2 6],15,26,40,11,26
1,<environment.Job instance at 0x1508aeb52690>,14,2,[10  2],18,35,37,17,35
1,<environment.Job instance at 0x1508b8324500>,15,15,[9 2],20,41,56,21,41
1,<environment.Job instance at 0x1508b80d1d70>,20,1,[6 2],27,50,51,23,50
1,<environment.Job instance at 0x1508ba171320>,21,1,[5 1],28,51,52,23,50
1,<environment.Job instance at 0x1508aeb012d0>,22,1,[2 6],30,52,53,22,50
1,<environment.Job instance at 0x1508abf8feb0>,24,2,[9 1],32,56,58,24,54
1,<environment.Job instance at 0x1508e0076780>,25,13,[6 1],34,55,68,21,55
1,<environment.Job instance at 0x1508afe555a0>,29,2,[ 1 10],38,58,60,20,55
1,<environment.Job instance at 0x1508afe558c0>,31,17,[12  1],40,68,85,28,68
1,<environment.Job instance at 0x1508addc68c0>,38,1,[5 2],49,85,86,36,80
1,<environment.Job instance at 0x1508ae8bfe10>,39,1,[7 1],50,85,86,35,80
1,<environment.Job instance at 0x1508ae8bf960>,40,1,[1 8],51,80,81,29,80
1,<environment.Job instance at 0x1508ae8bf230>,41,2,[6 2],52,86,88,34,80
1,<environment.Job instance at 0x1508abbd7190>,43,1,[6 2],55,86,87,31,81
1,<environment.Job instance at 0x1508abbd70a0>,45,2,[ 1 10],58,84,86,26,84
1,<environment.Job instance at 0x1508abbd78c0>,47,1,[5 1],60,97,98,37,97
1,<environment.Job instance at 0x1508abbd7500>,49,2,[7 2],62,99,101,37,99
1,<environment.Job instance at 0x1508bad2ed70>,52,1,[13  1],65,101,102,36,100
1,<environment.Job instance at 0x1508bad2e730>,54,1,[5 1],67,100,101,33,100
1,<environment.Job instance at 0x1508bad2ef50>,55,17,[1 8],68,101,118,33,101
1,<environment.Job instance at 0x1508abe17af0>,56,3,[5 2],69,102,105,33,101
1,<environment.Job instance at 0x1508abe175a0>,57,2,[8 2],70,102,104,32,101
1,<environment.Job instance at 0x1508ba18dfa0>,59,2,[2 5],72,104,106,32,103
1,<environment.Job instance at 0x1508b012b690>,61,22,[8 1],75,108,130,33,108
1,<environment.Job instance at 0x1508ba18d0f0>,65,17,[1 7],80,130,147,50,130
1,<environment.Job instance at 0x1508ab972960>,71,2,[10  1],87,143,145,56,143
1,<environment.Job instance at 0x1508ab9723c0>,72,22,[2 6],89,143,165,54,143
1,<environment.Job instance at 0x1508afd61f50>,73,1,[ 1 14],90,165,166,75,143
1,<environment.Job instance at 0x1508ac941140>,76,2,[9 1],94,145,147,51,145
1,<environment.Job instance at 0x1508ac941410>,77,19,[1 5],96,166,185,70,156
1,<environment.Job instance at 0x1508ba1515f0>,81,3,[ 2 14],102,185,188,83,182
1,<environment.Job instance at 0x1508ba1518c0>,83,1,[ 2 10],104,182,183,78,182
1,<environment.Job instance at 0x1508ba1517d0>,85,1,[6 1],107,183,184,76,182
1,<environment.Job instance at 0x1508ba151cd0>,86,2,[6 1],109,183,185,74,182
1,<environment.Job instance at 0x1508ba1515a0>,89,2,[7 2],115,188,190,73,188
1,<environment.Job instance at 0x1508ba151190>,90,1,[1 5],117,188,189,71,188
1,<environment.Job instance at 0x1508ba151550>,92,27,[5 1],120,188,215,68,188
1,<environment.Job instance at 0x1508ba151690>,93,15,[14  1],121,215,230,94,201
1,<environment.Job instance at 0x1508ba151230>,94,2,[1 9],122,201,203,79,201
1,<environment.Job instance at 0x1508b8041eb0>,96,1,[1 8],124,203,204,79,202
1,<environment.Job instance at 0x1508b8041050>,97,1,[2 9],126,204,205,78,202
1,<environment.Job instance at 0x1508bac8d4b0>,0,1,[7 2],2,2,3,0,2
1,<environment.Job instance at 0x1508b8041780>,1,2,[2 7],3,3,5,0,3
1,<environment.Job instance at 0x1508aea69d70>,3,25,[6 1],5,5,30,0,5
1,<environment.Job instance at 0x1508bac64320>,11,22,[2 5],19,19,41,0,19
1,<environment.Job instance at 0x1508abca3730>,14,26,[ 2 13],23,41,67,18,38
1,<environment.Job instance at 0x1508bac690f0>,25,1,[6 2],37,45,46,8,45
1,<environment.Job instance at 0x1508bac58e60>,26,2,[ 1 10],38,67,69,29,45
1,<environment.Job instance at 0x1508b833acd0>,27,2,[2 7],39,69,71,30,45
1,<environment.Job instance at 0x1508aed4b640>,32,17,[1 6],51,69,86,18,68
1,<environment.Job instance at 0x1508aed4b4b0>,35,2,[ 1 11],57,86,88,29,69
1,<environment.Job instance at 0x1508aed4bc80>,37,1,[1 8],60,72,73,12,72
1,<environment.Job instance at 0x1508aed4be10>,38,2,[2 9],61,73,75,12,72
1,<environment.Job instance at 0x1508ae892dc0>,41,28,[5 2],64,87,115,23,87
1,<environment.Job instance at 0x1508bac85af0>,44,3,[ 2 14],67,115,118,48,109
1,<environment.Job instance at 0x1508aed230a0>,46,2,[2 6],69,109,111,40,109
1,<environment.Job instance at 0x1508aed42460>,53,14,[7 1],78,112,126,34,112
1,<environment.Job instance at 0x1508addb90a0>,56,1,[1 9],81,123,124,42,123
1,<environment.Job instance at 0x1508e097dc80>,58,1,[6 1],83,123,124,40,123
1,<environment.Job instance at 0x1508addb9320>,59,3,[5 2],84,124,127,40,124
1,<environment.Job instance at 0x1508e097ddc0>,60,16,[7 1],85,126,142,41,124
1,<environment.Job instance at 0x1508bac7b280>,64,26,[1 6],91,131,157,40,131
1,<environment.Job instance at 0x1508e1bc5780>,66,23,[2 6],94,142,165,48,142
1,<environment.Job instance at 0x1508abe32f50>,67,23,[9 1],96,155,178,59,155
1,<environment.Job instance at 0x1508ae83b730>,73,2,[10  1],104,178,180,74,162
1,<environment.Job instance at 0x1508ae83b370>,77,3,[12  1],109,187,190,78,187
1,<environment.Job instance at 0x1508ae83bb90>,78,20,[8 1],110,190,210,80,187
1,<environment.Job instance at 0x1508ae817500>,86,3,[11  1],129,213,216,84,213
1,<environment.Job instance at 0x1508abde3fa0>,1,1,[8 1],3,3,4,0,3
1,<environment.Job instance at 0x1508ab9b01e0>,10,2,[ 1 12],19,20,22,1,20
1,<environment.Job instance at 0x1508ac93ffa0>,12,2,[5 2],21,21,23,0,21
1,<environment.Job instance at 0x1508ab640230>,13,21,[5 1],22,22,43,0,22
1,<environment.Job instance at 0x1508aebaac80>,16,1,[ 2 10],26,26,27,0,26
1,<environment.Job instance at 0x1508ac8c95a0>,17,2,[1 6],27,27,29,0,27
1,<environment.Job instance at 0x1508aebaa410>,19,1,[2 7],30,30,31,0,30
1,<environment.Job instance at 0x1508ac8c91e0>,20,2,[1 8],31,31,33,0,31
1,<environment.Job instance at 0x1508ae8d99b0>,21,13,[7 1],32,32,45,0,32
1,<environment.Job instance at 0x1508ae8d9eb0>,23,2,[2 7],36,36,38,0,36
1,<environment.Job instance at 0x1508ae89fd70>,24,22,[ 2 10],37,38,60,1,37
1,<environment.Job instance at 0x1508ac930dc0>,26,2,[1 7],39,60,62,21,39
1,<environment.Job instance at 0x1508ae8600f0>,33,2,[ 1 10],48,62,64,14,48
1,<environment.Job instance at 0x1508ae860730>,34,1,[7 1],49,49,50,0,49
1,<environment.Job instance at 0x1508ae860050>,35,1,[2 6],52,60,61,8,52
1,<environment.Job instance at 0x1508aecd80f0>,37,1,[5 1],54,54,55,0,54
1,<environment.Job instance at 0x1508aecd8320>,38,2,[8 2],55,55,57,0,55
1,<environment.Job instance at 0x1508aecd8370>,39,1,[6 1],56,57,58,1,56
1,<environment.Job instance at 0x1508badac370>,41,15,[6 1],62,62,77,0,62
1,<environment.Job instance at 0x1508ba146500>,42,2,[8 2],63,63,65,0,63
1,<environment.Job instance at 0x1508abb18b40>,45,2,[7 1],68,68,70,0,68
1,<environment.Job instance at 0x1508abb18190>,46,21,[6 1],70,70,91,0,70
1,<environment.Job instance at 0x1508abb18e60>,47,3,[ 2 13],72,72,75,0,72
1,<environment.Job instance at 0x1508ae869190>,49,1,[ 2 10],74,75,76,1,74
1,<environment.Job instance at 0x1508ae869960>,50,2,[2 8],75,76,78,1,75
1,<environment.Job instance at 0x1508ae869140>,51,1,[1 7],78,78,79,0,78
1,<environment.Job instance at 0x1508ae8697d0>,52,1,[1 7],80,80,81,0,80
1,<environment.Job instance at 0x1508ac8dca50>,54,27,[5 2],82,82,109,0,82
1,<environment.Job instance at 0x1508ac8dc140>,55,27,[1 9],83,83,110,0,83
1,<environment.Job instance at 0x1508b80f7fa0>,68,1,[1 7],104,110,111,6,108
1,<environment.Job instance at 0x1508aea958c0>,70,2,[7 1],106,108,110,2,108
1,<environment.Job instance at 0x1508aea95820>,71,28,[1 6],107,110,138,3,109
1,<environment.Job instance at 0x1508aea951e0>,73,21,[9 1],111,111,132,0,111
1,<environment.Job instance at 0x1508aea95410>,76,2,[5 1],115,126,128,11,126
1,<environment.Job instance at 0x1508aea95500>,77,2,[ 2 10],116,138,140,22,126
1,<environment.Job instance at 0x1508aea95af0>,79,1,[1 9],119,132,133,13,127
1,<environment.Job instance at 0x1508aea95aa0>,80,1,[2 7],120,128,129,8,127
1,<environment.Job instance at 0x1508aea95140>,81,2,[1 8],121,129,131,8,127
1,<environment.Job instance at 0x1508aea953c0>,82,1,[1 9],123,133,134,10,127
1,<environment.Job instance at 0x1508aea95960>,83,2,[ 2 10],125,140,142,15,127
1,<environment.Job instance at 0x1508afd8b7d0>,85,12,[9 1],127,141,153,14,141
1,<environment.Job instance at 0x1508afd8b1e0>,86,20,[ 2 11],128,142,162,14,141
1,<environment.Job instance at 0x1508ab9b0a50>,11,16,[2 9],20,303,319,283,303
1,<environment.Job instance at 0x1508b80f7690>,64,1,[7 1],97,330,331,233,330
1,<environment.Job instance at 0x1508aebcfb40>,3,1,[2 8],5,5,6,0,5
1,<environment.Job instance at 0x1508b00dec30>,6,1,[1 8],10,10,11,0,10
1,<environment.Job instance at 0x1508b00de460>,7,1,[2 9],11,11,12,0,11
1,<environment.Job instance at 0x1508b99831e0>,16,1,[1 6],22,22,23,0,22
1,<environment.Job instance at 0x1508b9983a50>,15,3,[2 9],21,25,28,4,25
1,<environment.Job instance at 0x1508bad35460>,21,2,[1 8],27,28,30,1,27
1,<environment.Job instance at 0x1508ab754320>,22,26,[8 1],28,28,54,0,28
1,<environment.Job instance at 0x1508abd9d140>,26,21,[9 2],32,54,75,22,47
1,<environment.Job instance at 0x1508afc699b0>,36,28,[14  1],48,75,103,27,74
1,<environment.Job instance at 0x1508b8033b40>,43,2,[11  2],56,103,105,47,94
1,<environment.Job instance at 0x1508b8033e10>,45,2,[1 8],59,94,96,35,94
1,<environment.Job instance at 0x1508aec74e10>,47,1,[1 5],61,96,97,35,94
1,<environment.Job instance at 0x1508aec74be0>,51,2,[2 6],66,103,105,37,98
1,<environment.Job instance at 0x1508aec74730>,54,2,[2 6],69,103,105,34,98
1,<environment.Job instance at 0x1508aec74cd0>,56,2,[5 1],72,105,107,33,99
1,<environment.Job instance at 0x1508ac917690>,57,2,[8 2],73,105,107,32,99
1,<environment.Job instance at 0x1508ac7ceb40>,58,2,[12  1],75,107,109,32,101
1,<environment.Job instance at 0x1508ac917500>,60,1,[2 8],77,105,106,28,103
1,<environment.Job instance at 0x1508bad62140>,63,15,[2 5],80,122,137,42,122
1,<environment.Job instance at 0x1508bad62fa0>,64,3,[1 6],81,125,128,44,125
1,<environment.Job instance at 0x1508bad62500>,65,2,[1 8],83,128,130,45,125
1,<environment.Job instance at 0x1508b00ce460>,66,17,[7 1],84,126,143,42,126
1,<environment.Job instance at 0x1508bad62b40>,67,16,[8 2],85,137,153,52,136
1,<environment.Job instance at 0x1508e0047fa0>,79,3,[6 1],99,149,152,50,149
1,<environment.Job instance at 0x1508aebe2aa0>,80,15,[6 1],105,152,167,47,150
1,<environment.Job instance at 0x1508b00bbd20>,81,2,[7 1],106,153,155,47,150
1,<environment.Job instance at 0x1508b00bb320>,82,17,[8 1],107,155,172,48,151
1,<environment.Job instance at 0x1508ba0c3910>,83,1,[ 2 13],108,153,154,45,151
1,<environment.Job instance at 0x1508b00bb140>,84,2,[2 5],109,167,169,58,151
1,<environment.Job instance at 0x1508ac8e3eb0>,86,16,[2 5],111,167,183,56,154
1,<environment.Job instance at 0x1508ac8e3d70>,87,1,[5 1],112,169,170,57,154
1,<environment.Job instance at 0x1508ab93cb90>,27,17,[7 2],33,220,237,187,220
1,<environment.Job instance at 0x1508bac87cd0>,28,16,[5 2],34,1109,1125,1075,1109
1,<environment.Job instance at 0x1508ac80bdc0>,2,2,[2 9],4,4,6,0,4
1,<environment.Job instance at 0x1508abd431e0>,4,2,[7 1],7,7,9,0,7
1,<environment.Job instance at 0x1508abd43050>,5,1,[ 1 10],8,8,9,0,8
1,<environment.Job instance at 0x1508ae94ad70>,6,26,[2 5],9,9,35,0,9
1,<environment.Job instance at 0x1508aecb6780>,18,2,[ 2 13],29,35,37,6,29
1,<environment.Job instance at 0x1508ac029be0>,20,28,[2 5],33,37,65,4,36
1,<environment.Job instance at 0x1508afe2c550>,24,16,[ 1 11],37,65,81,28,63
1,<environment.Job instance at 0x1508b8102f00>,26,1,[1 5],40,63,64,23,63
1,<environment.Job instance at 0x1508ba181c30>,27,2,[2 8],41,81,83,40,63
1,<environment.Job instance at 0x1508ba181820>,28,24,[2 9],42,83,107,41,78
1,<environment.Job instance at 0x1508aea9ed70>,42,25,[9 1],63,93,118,30,93
1,<environment.Job instance at 0x1508bad51cd0>,48,2,[8 1],70,118,120,48,96
1,<environment.Job instance at 0x1508bad51e60>,51,1,[2 5],74,96,97,22,96
1,<environment.Job instance at 0x1508ae96e960>,53,1,[2 7],78,107,108,29,99
1,<environment.Job instance at 0x1508ae886c30>,54,2,[ 1 14],80,108,110,28,100
1,<environment.Job instance at 0x1508b9ff7190>,58,1,[2 5],84,105,106,21,105
1,<environment.Job instance at 0x1508b9ff7870>,59,2,[1 5],86,106,108,20,105
1,<environment.Job instance at 0x1508b9ff7370>,61,17,[10  1],88,120,137,32,119
1,<environment.Job instance at 0x1508b9ff7910>,62,26,[5 2],89,120,146,31,120
1,<environment.Job instance at 0x1508e0053370>,71,2,[7 1],100,137,139,37,127
1,<environment.Job instance at 0x1508e0053730>,73,1,[ 1 10],105,137,138,32,128
1,<environment.Job instance at 0x1508e0053410>,77,21,[10  2],112,139,160,27,135
1,<environment.Job instance at 0x1508e0fdcaa0>,81,13,[1 5],121,152,165,31,152
1,<environment.Job instance at 0x1508e0fdcaf0>,83,1,[ 1 12],124,165,166,41,152
1,<environment.Job instance at 0x1508e0fdcd20>,84,1,[10  2],125,160,161,35,152
1,<environment.Job instance at 0x1508e0fdcbe0>,85,3,[2 9],126,161,164,35,155
1,<environment.Job instance at 0x1508addcc190>,21,15,[ 2 10],34,350,365,316,350
1,<environment.Job instance at 0x1508addccf50>,22,1,[1 9],35,406,407,371,406
1,<environment.Job instance at 0x1508ae931cd0>,2,2,[13  1],4,4,6,0,4
1,<environment.Job instance at 0x1508abfdc320>,3,1,[12  2],5,6,7,1,5
1,<environment.Job instance at 0x1508abfdc640>,4,1,[5 1],6,7,8,1,6
1,<environment.Job instance at 0x1508abefd1e0>,8,2,[1 6],16,16,18,0,16
1,<environment.Job instance at 0x1508abaca2d0>,26,2,[2 6],41,41,43,0,41
1,<environment.Job instance at 0x1508abaca8c0>,34,1,[ 1 13],51,52,53,1,52
1,<environment.Job instance at 0x1508abaca7d0>,36,1,[5 2],53,53,54,0,53
1,<environment.Job instance at 0x1508ac8e3e10>,38,1,[11  1],63,65,66,2,65
1,<environment.Job instance at 0x1508ac8e37d0>,41,2,[1 8],66,66,68,0,66
1,<environment.Job instance at 0x1508ac8e3dc0>,42,1,[6 1],67,67,68,0,67
1,<environment.Job instance at 0x1508ac8e3fa0>,44,1,[6 1],70,70,71,0,70
1,<environment.Job instance at 0x1508ac8e3460>,45,1,[2 9],71,71,72,0,71
1,<environment.Job instance at 0x1508ac8e31e0>,46,1,[1 5],72,72,73,0,72
1,<environment.Job instance at 0x1508ba190870>,48,3,[5 1],74,74,77,0,74
1,<environment.Job instance at 0x1508ba190c80>,53,2,[2 7],85,85,87,0,85
1,<environment.Job instance at 0x1508ba190190>,54,1,[8 1],86,86,87,0,86
1,<environment.Job instance at 0x1508ba190690>,55,15,[7 1],87,87,102,0,87
1,<environment.Job instance at 0x1508ba190410>,56,1,[1 8],88,88,89,0,88
1,<environment.Job instance at 0x1508ba1900f0>,59,2,[7 2],91,95,97,4,95
1,<environment.Job instance at 0x1508ba1902d0>,60,1,[ 2 10],92,97,98,5,95
1,<environment.Job instance at 0x1508bac6d690>,65,17,[8 1],99,115,132,16,115
1,<environment.Job instance at 0x1508bac6d4b0>,66,2,[1 5],100,115,117,15,115
1,<environment.Job instance at 0x1508abc76e60>,69,15,[9 1],104,132,147,28,127
1,<environment.Job instance at 0x1508abc76140>,70,1,[1 5],105,127,128,22,127
1,<environment.Job instance at 0x1508abc76460>,71,2,[1 9],106,127,129,21,127
1,<environment.Job instance at 0x1508abc761e0>,72,2,[1 7],109,129,131,20,127
1,<environment.Job instance at 0x1508b800bc80>,83,1,[1 6],121,134,135,13,134
1,<environment.Job instance at 0x1508b800bbe0>,88,17,[12  1],127,147,164,20,142
1,<environment.Job instance at 0x1508abaca910>,35,12,[ 1 14],52,165,177,113,165
1,<environment.Job instance at 0x1508ac8e38c0>,39,2,[5 1],64,222,224,158,222
1,<environment.Job instance at 0x1508ac8ccb40>,5,2,[1 7],6,6,8,0,6
1,<environment.Job instance at 0x1508b80c0870>,6,2,[1 6],7,7,9,0,7
1,<environment.Job instance at 0x1508abe53140>,12,1,[2 5],15,15,16,0,15
1,<environment.Job instance at 0x1508bac8d140>,14,2,[2 8],20,20,22,0,20
1,<environment.Job instance at 0x1508aecece60>,26,1,[ 2 10],35,35,36,0,35
1,<environment.Job instance at 0x1508aecec9b0>,28,12,[ 2 11],38,79,91,41,79
1,<environment.Job instance at 0x1508aba1b6e0>,34,23,[2 5],47,91,114,44,85
1,<environment.Job instance at 0x1508aea41640>,47,17,[11  2],62,764,781,702,764
1,<environment.Job instance at 0x1508ab640e10>,50,2,[6 2],66,781,783,715,764
1,<environment.Job instance at 0x1508b8008f50>,58,18,[ 1 14],77,783,801,706,773
1,<environment.Job instance at 0x1508ab66a230>,66,28,[ 2 10],86,801,829,715,800
1,<environment.Job instance at 0x1508abdd05f0>,73,1,[ 1 10],97,829,830,732,801
1,<environment.Job instance at 0x1508aeae6910>,74,1,[5 2],98,801,802,703,801
1,<environment.Job instance at 0x1508b804c2d0>,83,19,[ 2 14],115,830,849,715,821
1,<environment.Job instance at 0x1508aebe5640>,93,2,[2 5],128,849,851,721,843
1,<environment.Job instance at 0x1508aececdc0>,29,13,[1 7],40,984,997,944,984
1,<environment.Job instance at 0x1508ab88b5a0>,20,3,[10  1],28,1009,1012,981,1009
1,<environment.Job instance at 0x1508ab751690>,1,1,[9 2],3,3,4,0,3
1,<environment.Job instance at 0x1508ae9ac320>,2,1,[7 2],5,6,7,1,6
1,<environment.Job instance at 0x1508ba00d230>,5,1,[10  2],9,9,10,0,9
1,<environment.Job instance at 0x1508ba00d5a0>,6,2,[7 1],10,10,12,0,10
1,<environment.Job instance at 0x1508ba00dbe0>,7,2,[10  1],11,12,14,1,11
1,<environment.Job instance at 0x1508ac8e3fa0>,8,1,[1 7],12,12,13,0,12
1,<environment.Job instance at 0x1508ba00dc30>,9,1,[9 1],14,14,15,0,14
1,<environment.Job instance at 0x1508ac8e3190>,10,13,[ 2 11],15,116,129,101,116
1,<environment.Job instance at 0x1508ac000cd0>,22,2,[ 1 10],32,129,131,97,116
1,<environment.Job instance at 0x1508ac0006e0>,27,3,[14  2],38,142,145,104,142
1,<environment.Job instance at 0x1508ac000690>,28,2,[1 7],41,142,144,101,142
1,<environment.Job instance at 0x1508ac0009b0>,29,2,[2 6],42,145,147,103,142
1,<environment.Job instance at 0x1508ac000c30>,35,15,[7 1],50,145,160,95,145
1,<environment.Job instance at 0x1508addf7cd0>,45,2,[1 5],61,160,162,99,160
1,<environment.Job instance at 0x1508addf71e0>,46,12,[5 1],62,160,172,98,160
1,<environment.Job instance at 0x1508addf7820>,47,1,[10  1],63,162,163,99,161
1,<environment.Job instance at 0x1508addf7c80>,49,1,[10  2],67,163,164,96,163
1,<environment.Job instance at 0x1508addf7d20>,50,1,[6 1],69,164,165,95,163
1,<environment.Job instance at 0x1508addf7230>,52,2,[1 8],71,170,172,99,170
1,<environment.Job instance at 0x1508addf7910>,53,17,[6 1],72,173,190,101,173
1,<environment.Job instance at 0x1508addf7140>,54,1,[8 1],73,173,174,100,173
1,<environment.Job instance at 0x1508b8035eb0>,63,2,[9 1],88,190,192,102,190
1,<environment.Job instance at 0x1508b80358c0>,65,1,[1 9],90,194,195,104,194
1,<environment.Job instance at 0x1508b8035c30>,67,26,[2 7],92,195,221,103,194
1,<environment.Job instance at 0x1508b8035b40>,73,25,[1 7],99,217,242,118,217
1,<environment.Job instance at 0x1508b80354b0>,80,22,[ 1 10],108,242,264,134,235
1,<environment.Job instance at 0x1508b8035a00>,82,1,[14  1],111,260,261,149,260
1,<environment.Job instance at 0x1508b8035960>,85,1,[8 1],114,261,262,147,260
1,<environment.Job instance at 0x1508b80e20f0>,90,1,[ 1 10],122,264,265,142,264
1,<environment.Job instance at 0x1508b80e2370>,92,1,[8 2],126,264,265,138,264
1,<environment.Job instance at 0x1508ab9ba2d0>,3,2,[5 1],4,4,6,0,4
1,<environment.Job instance at 0x1508ba02f0a0>,11,2,[1 8],13,13,15,0,13
1,<environment.Job instance at 0x1508baca1aa0>,16,1,[2 5],18,18,19,0,18
1,<environment.Job instance at 0x1508aba309b0>,17,3,[ 1 11],21,112,115,91,112
1,<environment.Job instance at 0x1508afd47690>,24,2,[5 2],30,112,114,82,112
1,<environment.Job instance at 0x1508abf12960>,36,2,[1 8],45,135,137,90,135
1,<environment.Job instance at 0x1508abf12550>,40,3,[ 1 14],50,144,147,94,144
1,<environment.Job instance at 0x1508e1099cd0>,46,2,[2 7],59,147,149,88,147
1,<environment.Job instance at 0x1508e1099aa0>,50,23,[1 5],64,164,187,100,164
1,<environment.Job instance at 0x1508ac8968c0>,56,2,[2 8],70,181,183,111,181
1,<environment.Job instance at 0x1508bac76230>,19,2,[2 5],23,187,189,164,187
1,<environment.Job instance at 0x1508ac896320>,59,2,[10  1],74,187,189,113,187
1,<environment.Job instance at 0x1508abdfba50>,64,2,[5 2],83,196,198,113,196
1,<environment.Job instance at 0x1508aebe0b40>,66,1,[7 2],86,200,201,114,200
1,<environment.Job instance at 0x1508abdfb960>,67,2,[2 8],87,200,202,113,200
1,<environment.Job instance at 0x1508aebe0d70>,70,1,[ 2 10],91,215,216,124,215
1,<environment.Job instance at 0x1508aebe0550>,71,2,[6 2],92,215,217,123,215
1,<environment.Job instance at 0x1508ac900b90>,72,1,[1 5],94,216,217,122,215
1,<environment.Job instance at 0x1508ac9006e0>,73,2,[5 2],95,215,217,120,215
1,<environment.Job instance at 0x1508ac900500>,74,2,[8 1],96,217,219,121,215
1,<environment.Job instance at 0x1508ac900370>,75,2,[8 1],97,219,221,122,216
1,<environment.Job instance at 0x1508b0130820>,78,18,[2 5],100,223,241,123,223
1,<environment.Job instance at 0x1508abe24c30>,18,2,[1 9],22,244,246,222,244
1,<environment.Job instance at 0x1508ae96c280>,80,18,[ 2 11],102,434,452,332,434
1,<environment.Job instance at 0x1508ae85e550>,83,2,[ 1 13],105,452,454,347,443
1,<environment.Job instance at 0x1508ac366910>,86,2,[ 1 10],108,454,456,346,443
1,<environment.Job instance at 0x1508abdbc050>,93,2,[11  1],118,451,453,333,451
1,<environment.Job instance at 0x1508abdbcdc0>,94,1,[8 2],119,453,454,334,451
1,<environment.Job instance at 0x1508abdbc3c0>,96,28,[ 2 10],121,456,484,335,456
1,<environment.Job instance at 0x1508abc6e460>,81,2,[1 6],103,486,488,383,486
1,<environment.Job instance at 0x1508ac896aa0>,60,22,[5 1],76,770,792,694,770
1,<environment.Job instance at 0x1508abdd6fa0>,20,3,[1 5],26,1065,1068,1039,1065
1,<environment.Job instance at 0x1508abaca7d0>,2,2,[1 5],4,4,6,0,4
1,<environment.Job instance at 0x1508ba1005f0>,3,2,[9 2],5,5,7,0,5
1,<environment.Job instance at 0x1508ac8d0780>,4,1,[9 1],8,8,9,0,8
1,<environment.Job instance at 0x1508ac8f4370>,6,2,[6 2],10,10,12,0,10
1,<environment.Job instance at 0x1508ba100870>,7,2,[2 9],12,12,14,0,12
1,<environment.Job instance at 0x1508ac8f4c30>,10,2,[ 1 10],15,15,17,0,15
1,<environment.Job instance at 0x1508ac8f4b90>,11,2,[ 1 11],17,18,20,1,18
1,<environment.Job instance at 0x1508ac8f49b0>,14,1,[1 5],20,160,161,140,160
1,<environment.Job instance at 0x1508abc6cdc0>,13,16,[ 1 12],19,251,267,232,251
1,<environment.Job instance at 0x1508e1106d70>,26,2,[1 6],39,267,269,228,260
1,<environment.Job instance at 0x1508bac875a0>,29,1,[2 8],46,267,268,221,264
1,<environment.Job instance at 0x1508ac8c8140>,30,2,[10  1],47,265,267,218,265
1,<environment.Job instance at 0x1508ae892d20>,17,1,[2 5],24,268,269,244,265
1,<environment.Job instance at 0x1508ac8c8820>,34,2,[7 2],54,281,283,227,281
1,<environment.Job instance at 0x1508abc45b40>,39,18,[1 6],61,281,299,220,281
1,<environment.Job instance at 0x1508abc37b90>,44,23,[9 1],70,285,308,215,285
1,<environment.Job instance at 0x1508abc37dc0>,48,2,[1 5],74,311,313,237,311
1,<environment.Job instance at 0x1508abc37960>,49,1,[2 5],75,311,312,236,311
1,<environment.Job instance at 0x1508bad33500>,51,1,[10  1],80,312,313,232,312
1,<environment.Job instance at 0x1508bad33460>,52,1,[7 1],81,313,314,232,312
1,<environment.Job instance at 0x1508bad33730>,54,1,[6 2],83,314,315,231,314
1,<environment.Job instance at 0x1508bad336e0>,57,2,[5 1],89,317,319,228,317
1,<environment.Job instance at 0x1508abc46780>,67,2,[14  2],104,347,349,243,347
1,<environment.Job instance at 0x1508abc460a0>,69,1,[14  2],106,349,350,243,348
1,<environment.Job instance at 0x1508abc46910>,72,2,[1 9],109,348,350,239,348
1,<environment.Job instance at 0x1508e071da50>,75,2,[1 8],113,350,352,237,349
1,<environment.Job instance at 0x1508e071d550>,77,2,[2 8],117,366,368,249,366
1,<environment.Job instance at 0x1508b80ca730>,79,1,[10  2],119,366,367,247,366
1,<environment.Job instance at 0x1508ac8f41e0>,12,2,[1 8],18,406,408,388,406
1,<environment.Job instance at 0x1508abc6c7d0>,1,2,[1 9],4,4,6,0,4
1,<environment.Job instance at 0x1508abc6c5a0>,3,2,[7 1],8,8,10,0,8
1,<environment.Job instance at 0x1508afc40370>,4,2,[ 1 10],11,11,13,0,11
1,<environment.Job instance at 0x1508afc405a0>,5,1,[ 2 10],12,13,14,1,12
1,<environment.Job instance at 0x1508b80ce550>,15,2,[14  1],27,33,35,6,33
1,<environment.Job instance at 0x1508aec852d0>,21,2,[1 8],36,36,38,0,36
1,<environment.Job instance at 0x1508ab5a95f0>,23,1,[2 9],38,38,39,0,38
1,<environment.Job instance at 0x1508ab9e00a0>,24,1,[10  2],39,39,40,0,39
1,<environment.Job instance at 0x1508bad511e0>,25,2,[5 2],42,42,44,0,42
1,<environment.Job instance at 0x1508bad51820>,26,2,[10  1],43,43,45,0,43
1,<environment.Job instance at 0x1508ab8e6870>,27,17,[7 1],45,45,62,0,45
1,<environment.Job instance at 0x1508b8327aa0>,33,14,[7 1],59,62,76,3,62
1,<environment.Job instance at 0x1508b8327050>,36,2,[8 1],66,71,73,5,71
1,<environment.Job instance at 0x1508abd9b5f0>,39,2,[2 6],70,87,89,17,87
1,<environment.Job instance at 0x1508afc71730>,42,1,[8 1],73,87,88,14,87
1,<environment.Job instance at 0x1508afe64cd0>,43,1,[6 1],74,88,89,14,87
1,<environment.Job instance at 0x1508afe643c0>,44,1,[1 9],78,89,90,11,87
1,<environment.Job instance at 0x1508afe19910>,46,17,[6 1],83,90,107,7,90
1,<environment.Job instance at 0x1508afe19b40>,47,1,[2 8],84,90,91,6,90
1,<environment.Job instance at 0x1508ab53eb90>,56,2,[1 7],103,103,105,0,103
1,<environment.Job instance at 0x1508e1459a50>,57,2,[2 5],104,104,106,0,104
1,<environment.Job instance at 0x1508e14593c0>,59,13,[ 1 13],106,117,130,11,117
1,<environment.Job instance at 0x1508b9ff9820>,68,1,[5 2],117,124,125,7,124
1,<environment.Job instance at 0x1508b80cecd0>,17,1,[5 2],31,125,126,94,124
1,<environment.Job instance at 0x1508b9ff98c0>,69,1,[6 1],118,126,127,8,125
1,<environment.Job instance at 0x1508ae930a00>,71,2,[2 5],126,130,132,4,126
1,<environment.Job instance at 0x1508ae930230>,72,1,[2 9],127,130,131,3,127
1,<environment.Job instance at 0x1508b80cee60>,16,14,[6 2],30,310,324,280,310
1,<environment.Job instance at 0x1508b9ff94b0>,70,3,[2 5],124,389,392,265,389
1,<environment.Job instance at 0x1508abfc9f00>,18,18,[10  2],32,929,947,897,929
1,<environment.Job instance at 0x1508abac4a00>,0,2,[2 9],1,1,3,0,1
1,<environment.Job instance at 0x1508e1158370>,1,2,[6 2],2,2,4,0,2
1,<environment.Job instance at 0x1508abac4b40>,3,2,[1 6],4,4,6,0,4
1,<environment.Job instance at 0x1508abc70780>,4,1,[2 5],5,5,6,0,5
1,<environment.Job instance at 0x1508aed06a00>,5,1,[2 8],6,6,7,0,6
1,<environment.Job instance at 0x1508aed06140>,7,2,[7 1],8,8,10,0,8
1,<environment.Job instance at 0x1508aed06af0>,8,2,[7 2],9,9,11,0,9
1,<environment.Job instance at 0x1508aed06780>,14,2,[1 9],18,18,20,0,18
1,<environment.Job instance at 0x1508aed06d70>,15,3,[ 2 12],20,49,52,29,49
1,<environment.Job instance at 0x1508abb14f50>,24,2,[11  1],34,61,63,27,61
1,<environment.Job instance at 0x1508aec19500>,26,27,[9 2],38,63,90,25,61
1,<environment.Job instance at 0x1508ab6402d0>,45,14,[ 1 12],60,209,223,149,209
1,<environment.Job instance at 0x1508abc9d460>,58,1,[1 5],77,226,227,149,226
1,<environment.Job instance at 0x1508afd24f00>,61,1,[6 2],81,231,232,150,231
1,<environment.Job instance at 0x1508aba30f00>,66,1,[1 5],91,236,237,145,236
1,<environment.Job instance at 0x1508aba30550>,67,21,[6 2],92,243,264,151,243
1,<environment.Job instance at 0x1508ac7f94b0>,70,2,[ 2 10],96,251,253,155,251
1,<environment.Job instance at 0x1508abef14b0>,75,1,[ 1 10],105,253,254,148,251
1,<environment.Job instance at 0x1508afdea690>,80,27,[7 1],111,283,310,172,283
1,<environment.Job instance at 0x1508aed068c0>,17,3,[1 8],23,367,370,344,367
1,<environment.Job instance at 0x1508afdc0f50>,1,1,[2 7],3,3,4,0,3
1,<environment.Job instance at 0x1508aed658c0>,4,23,[1 9],6,6,29,0,6
1,<environment.Job instance at 0x1508e06f35a0>,14,1,[2 7],28,29,30,1,28
1,<environment.Job instance at 0x1509028363c0>,15,2,[2 5],29,29,31,0,29
1,<environment.Job instance at 0x1508bac89f00>,27,1,[2 9],49,49,50,0,49
1,<environment.Job instance at 0x1508bac89820>,28,1,[2 6],50,50,51,0,50
1,<environment.Job instance at 0x1508b9ffc370>,29,2,[1 8],51,51,53,0,51
1,<environment.Job instance at 0x1508b9ffcd20>,30,1,[8 2],53,53,54,0,53
1,<environment.Job instance at 0x1508b9ffc1e0>,34,2,[13  1],58,58,60,0,58
1,<environment.Job instance at 0x1508ae9289b0>,38,1,[7 1],64,64,65,0,64
1,<environment.Job instance at 0x1508aeb649b0>,39,1,[1 5],65,65,66,0,65
1,<environment.Job instance at 0x1508aeb64fa0>,41,17,[6 1],68,74,91,6,74
1,<environment.Job instance at 0x1508ac08c8c0>,42,21,[2 6],69,74,95,5,74
1,<environment.Job instance at 0x1508afc6a3c0>,51,16,[7 1],81,96,112,15,96
1,<environment.Job instance at 0x1508afc6a0f0>,53,2,[1 8],83,96,98,13,96
1,<environment.Job instance at 0x1508afc6a870>,54,2,[ 1 10],86,98,100,12,96
1,<environment.Job instance at 0x1508abdf6b40>,57,13,[9 1],89,115,128,26,115
1,<environment.Job instance at 0x1508abdf6460>,59,24,[9 2],91,128,152,37,124
1,<environment.Job instance at 0x1508abfa80f0>,70,2,[7 2],107,152,154,45,150
1,<environment.Job instance at 0x1508abfa82d0>,72,2,[1 5],109,155,157,46,155
1,<environment.Job instance at 0x1508abfa8870>,73,2,[6 1],110,155,157,45,155
1,<environment.Job instance at 0x1508abfa8280>,75,17,[8 1],113,156,173,43,156
1,<environment.Job instance at 0x1508abfa8460>,76,1,[ 2 10],115,157,158,42,156
1,<environment.Job instance at 0x1508ac8c9a50>,77,2,[2 8],118,158,160,40,156
1,<environment.Job instance at 0x1508ac8c95f0>,79,2,[6 2],121,171,173,50,171
1,<environment.Job instance at 0x1508ac8c90f0>,80,1,[2 5],122,173,174,51,171
1,<environment.Job instance at 0x1508ac8c9140>,82,2,[1 9],127,171,173,44,171
1,<environment.Job instance at 0x1508ac8c9780>,84,2,[5 2],129,173,175,44,171
1,<environment.Job instance at 0x1508ac7f3190>,24,13,[8 1],44,315,328,271,315
1,<environment.Job instance at 0x1508ac7f3050>,25,2,[2 6],45,327,329,282,327
1,<environment.Job instance at 0x1508b9ffc870>,33,2,[7 2],57,691,693,634,691
1,<environment.Job instance at 0x1508b0130f00>,0,2,[ 2 10],2,2,4,0,2
1,<environment.Job instance at 0x1508b01303c0>,2,1,[2 5],4,4,5,0,4
1,<environment.Job instance at 0x1508b0130640>,3,2,[5 1],5,5,7,0,5
1,<environment.Job instance at 0x1508b01300a0>,8,2,[2 7],11,11,13,0,11
1,<environment.Job instance at 0x1508ac7f9f50>,9,23,[2 9],12,13,36,1,12
1,<environment.Job instance at 0x1508bad35730>,22,1,[8 1],36,36,37,0,36
1,<environment.Job instance at 0x1508bad350a0>,23,1,[10  1],37,37,38,0,37
1,<environment.Job instance at 0x1508ab974140>,30,2,[2 8],45,45,47,0,45
1,<environment.Job instance at 0x1508ab974af0>,33,3,[2 9],48,122,125,74,122
1,<environment.Job instance at 0x1508ab974b90>,32,3,[13  1],47,129,132,82,129
1,<environment.Job instance at 0x1508ab8ae640>,39,1,[2 9],58,129,130,71,129
1,<environment.Job instance at 0x1508ab8ae9b0>,42,1,[1 6],66,130,131,64,129
1,<environment.Job instance at 0x1508ab8ae690>,46,26,[ 2 10],71,131,157,60,129
1,<environment.Job instance at 0x1508ab8ae780>,52,14,[13  1],83,437,451,354,437
1,<environment.Job instance at 0x1508ab8ae5a0>,54,1,[1 8],86,437,438,351,437
1,<environment.Job instance at 0x1508ab8ae500>,55,2,[5 2],87,451,453,364,437
1,<environment.Job instance at 0x1508aed74eb0>,57,1,[8 2],89,451,452,362,438
1,<environment.Job instance at 0x1508aed748c0>,58,1,[1 6],90,438,439,348,438
1,<environment.Job instance at 0x1508aed74910>,59,2,[1 8],91,438,440,347,438
1,<environment.Job instance at 0x1508ab8aeaf0>,34,1,[2 9],49,441,442,392,441
1,<environment.Job instance at 0x1508aed74550>,63,2,[2 7],95,442,444,347,441
1,<environment.Job instance at 0x1508ab81da00>,70,23,[5 2],104,459,482,355,459
1,<environment.Job instance at 0x1508ab81ddc0>,76,3,[ 2 12],112,516,519,404,516
1,<environment.Job instance at 0x1508ab81d0a0>,77,12,[11  1],113,719,731,606,719
1,<environment.Job instance at 0x1508ab81d870>,82,28,[5 2],119,731,759,612,730
1,<environment.Job instance at 0x1508ab8ae4b0>,37,1,[7 2],56,771,772,715,771
1,<environment.Job instance at 0x1508aed74e10>,64,2,[9 1],96,780,782,684,780
1,<environment.Job instance at 0x14af129b6460>,2,1,[2 5],3,3,4,0,3
1,<environment.Job instance at 0x14aebc185280>,3,1,[6 2],4,4,5,0,4
1,<environment.Job instance at 0x14aebc185a00>,4,2,[7 2],5,5,7,0,5
1,<environment.Job instance at 0x14aebc8a2820>,20,2,[ 1 13],27,28,30,1,28
1,<environment.Job instance at 0x14aebc9b7910>,22,1,[2 7],30,30,31,0,30
1,<environment.Job instance at 0x14aebc94a140>,26,1,[2 7],35,35,36,0,35
1,<environment.Job instance at 0x14aebc8ad500>,31,3,[9 2],41,41,44,0,41
1,<environment.Job instance at 0x14aebc8ad370>,32,3,[2 9],42,42,45,0,42
1,<environment.Job instance at 0x14aebc8fb460>,33,1,[2 7],43,45,46,2,43
1,<environment.Job instance at 0x14aebc892b90>,34,15,[11  1],44,59,74,15,59
1,<environment.Job instance at 0x14aebc892b40>,41,25,[12  2],54,74,99,20,70
1,<environment.Job instance at 0x14aebc8de050>,51,2,[8 2],69,99,101,30,85
1,<environment.Job instance at 0x14aebc8aa1e0>,55,16,[2 5],76,93,109,17,93
1,<environment.Job instance at 0x14aebc89f820>,59,1,[1 9],85,104,105,19,104
1,<environment.Job instance at 0x14aebc8bdaf0>,60,17,[8 1],86,106,123,20,106
1,<environment.Job instance at 0x14aebc3eeb90>,64,12,[9 1],91,123,135,32,117
1,<environment.Job instance at 0x14aebc3fb410>,67,1,[13  1],94,135,136,41,129
1,<environment.Job instance at 0x14aebc3fbe10>,69,1,[2 5],96,129,130,33,129
1,<environment.Job instance at 0x14aebc3fbfa0>,70,2,[ 2 10],97,130,132,33,129
1,<environment.Job instance at 0x14aebc3f35f0>,72,13,[7 2],102,136,149,34,134
1,<environment.Job instance at 0x14aebc3e0a50>,75,1,[1 6],107,134,135,27,134
1,<environment.Job instance at 0x14aebc3f7dc0>,76,2,[2 5],108,134,136,26,134
1,<environment.Job instance at 0x14aebc3f79b0>,77,2,[ 1 10],109,136,138,27,134
1,<environment.Job instance at 0x14aebc181500>,80,14,[7 1],112,141,155,29,141
1,<environment.Job instance at 0x14aebc181230>,83,1,[10  1],117,155,156,38,148
1,<environment.Job instance at 0x14aebc181190>,84,2,[ 1 10],118,149,151,31,149
1,<environment.Job instance at 0x14aebc181a00>,86,2,[1 8],121,151,153,30,149
1,<environment.Job instance at 0x14aebc181b90>,87,2,[2 6],122,151,153,29,149
1,<environment.Job instance at 0x14aebc1812d0>,89,2,[1 9],126,153,155,27,149
1,<environment.Job instance at 0x14aebc181410>,90,1,[2 7],127,155,156,28,149
1,<environment.Job instance at 0x14aebc1813c0>,91,1,[2 5],128,153,154,25,149
1,<environment.Job instance at 0x14aebc182820>,93,2,[14  1],130,156,158,26,152
1,<environment.Job instance at 0x14aebc182230>,94,1,[5 1],131,154,155,23,152
1,<environment.Job instance at 0x14aebc180280>,97,15,[10  2],135,166,181,31,166
1,<environment.Job instance at 0x14aebc18faf0>,99,16,[8 1],137,181,197,44,176
1,<environment.Job instance at 0x14aebc8ad320>,30,15,[2 9],40,973,988,933,973
1,<environment.Job instance at 0x14aebc892820>,35,2,[1 8],45,1002,1004,957,1002
1,<environment.Job instance at 0x14aebc1aa960>,0,1,[2 8],1,1,2,0,1
1,<environment.Job instance at 0x14aebc892dc0>,1,1,[ 2 10],2,2,3,0,2
1,<environment.Job instance at 0x14aebc1aa870>,2,1,[ 2 14],3,3,4,0,3
1,<environment.Job instance at 0x14aebc9c2b40>,3,1,[8 2],4,4,5,0,4
1,<environment.Job instance at 0x14aebeb611e0>,6,2,[ 1 10],10,11,13,1,11
1,<environment.Job instance at 0x14aebe9715a0>,17,3,[12  1],24,45,48,21,45
1,<environment.Job instance at 0x14aec6d901e0>,0,1,[2 8],1,1,2,0,1
1,<environment.Job instance at 0x14aebe97b280>,1,1,[7 1],2,3,4,1,3
1,<environment.Job instance at 0x14aec6d90e60>,3,2,[8 2],5,5,7,0,5
1,<environment.Job instance at 0x14aebfdb9dc0>,5,18,[8 1],7,7,25,0,7
1,<environment.Job instance at 0x14aebfdb9c80>,11,2,[5 2],15,15,17,0,15
1,<environment.Job instance at 0x14aebfdb9a50>,12,1,[1 6],17,17,18,0,17
1,<environment.Job instance at 0x14aebfd42d20>,15,3,[2 7],20,20,23,0,20
1,<environment.Job instance at 0x14aebfd427d0>,16,17,[7 1],22,23,40,1,22
1,<environment.Job instance at 0x14aebec393c0>,17,1,[2 5],24,25,26,1,24
1,<environment.Job instance at 0x14aebec391e0>,20,2,[7 2],29,29,31,0,29
1,<environment.Job instance at 0x14aebfea7640>,23,2,[2 5],34,34,36,0,34
1,<environment.Job instance at 0x14aebfea7d20>,24,1,[ 2 10],35,36,37,1,35
1,<environment.Job instance at 0x14aebfea7460>,26,2,[ 1 10],37,37,39,0,37
1,<environment.Job instance at 0x14aebfea7320>,28,21,[7 2],40,40,61,0,40
1,<environment.Job instance at 0x14aebfea7c80>,31,1,[6 1],43,43,44,0,43
1,<environment.Job instance at 0x14aebec01280>,35,20,[8 2],52,52,72,0,52
1,<environment.Job instance at 0x14aebfef24b0>,39,2,[2 7],61,61,63,0,61
1,<environment.Job instance at 0x14aebfef25f0>,42,16,[7 2],64,70,86,6,70
1,<environment.Job instance at 0x14aebebcf550>,49,2,[ 2 10],75,77,79,2,77
1,<environment.Job instance at 0x14aebec3f8c0>,51,17,[10  1],78,92,109,14,92
1,<environment.Job instance at 0x14aebec3f2d0>,52,2,[ 2 12],80,95,97,15,95
1,<environment.Job instance at 0x14aebec3fb40>,55,15,[ 1 11],87,109,124,22,109
1,<environment.Job instance at 0x14aebec808c0>,59,1,[1 9],93,124,125,31,109
1,<environment.Job instance at 0x14aebec3df00>,63,2,[1 6],98,124,126,26,114
1,<environment.Job instance at 0x14aebec6c820>,65,1,[7 2],101,117,118,16,117
1,<environment.Job instance at 0x14aebec6c500>,67,16,[9 1],103,125,141,22,124
1,<environment.Job instance at 0x14aebec7c280>,71,2,[ 1 10],109,133,135,24,133
1,<environment.Job instance at 0x14aebec75f50>,73,2,[2 9],111,135,137,24,133
1,<environment.Job instance at 0x14aebeb0b0a0>,76,16,[1 5],118,138,154,20,138
1,<environment.Job instance at 0x14aef00fa1e0>,85,2,[5 2],132,144,146,12,144
1,<environment.Job instance at 0x14aec6d054b0>,88,1,[7 2],136,145,146,9,145
1,<environment.Job instance at 0x14aec02419b0>,1,26,[9 1],4,4,30,0,4
1,<environment.Job instance at 0x14aec01c7780>,8,1,[10  1],14,30,31,16,15
1,<environment.Job instance at 0x14aec10bee10>,13,1,[2 6],23,23,24,0,23
1,<environment.Job instance at 0x14aec2933640>,14,2,[1 5],25,25,27,0,25
1,<environment.Job instance at 0x14aec025bdc0>,15,2,[8 1],26,31,33,5,26
1,<environment.Job instance at 0x14aec10be050>,17,1,[5 1],29,29,30,0,29
1,<environment.Job instance at 0x14aec60475a0>,18,3,[1 5],30,30,33,0,30
1,<environment.Job instance at 0x14aec6047e10>,19,2,[1 9],31,31,33,0,31
1,<environment.Job instance at 0x14aec2930320>,21,1,[1 8],35,35,36,0,35
1,<environment.Job instance at 0x14aebf863be0>,22,16,[2 6],36,36,52,0,36
1,<environment.Job instance at 0x14aec43c5f00>,24,2,[8 2],38,38,40,0,38
1,<environment.Job instance at 0x14aef00ddcd0>,26,3,[10  1],41,41,44,0,41
1,<environment.Job instance at 0x14aebc185370>,27,2,[1 7],42,42,44,0,42
1,<environment.Job instance at 0x14aebd3f7910>,28,15,[1 5],43,44,59,1,43
1,<environment.Job instance at 0x14aebec7a320>,29,3,[1 9],44,52,55,8,44
1,<environment.Job instance at 0x14aec6d8f550>,30,2,[1 8],46,55,57,9,46
1,<environment.Job instance at 0x14aec6d8f780>,31,2,[1 5],48,57,59,9,48
1,<environment.Job instance at 0x14aebea7bb40>,32,15,[10  1],49,51,66,2,51
1,<environment.Job instance at 0x14aebea7bc80>,35,14,[14  1],52,66,80,14,59
1,<environment.Job instance at 0x14aebea7b500>,39,3,[ 2 11],60,62,65,2,62
1,<environment.Job instance at 0x14aec607e230>,40,2,[1 7],61,65,67,4,62
1,<environment.Job instance at 0x14aec5a29140>,41,1,[1 5],62,65,66,3,62
1,<environment.Job instance at 0x14aef07c5a00>,43,3,[1 6],64,67,70,3,64
1,<environment.Job instance at 0x14aef0a0cb90>,45,2,[ 1 10],66,70,72,4,66
1,<environment.Job instance at 0x14af10074870>,50,2,[1 8],71,73,75,2,73
1,<environment.Job instance at 0x14aebc8e4dc0>,52,2,[2 8],73,80,82,7,73
1,<environment.Job instance at 0x14aef014c320>,54,1,[6 2],78,80,81,2,78
1,<environment.Job instance at 0x14aebe8fb870>,55,2,[2 8],79,82,84,3,79
1,<environment.Job instance at 0x14aef14bb190>,56,1,[6 2],81,81,82,0,81
1,<environment.Job instance at 0x14aec6211640>,57,1,[2 9],82,84,85,2,82
1,<environment.Job instance at 0x14aebc870370>,58,27,[ 2 10],83,85,112,2,83
1,<environment.Job instance at 0x14aec0165050>,69,1,[7 2],98,98,99,0,98
1,<environment.Job instance at 0x14aebc0311e0>,71,2,[5 2],100,100,102,0,100
1,<environment.Job instance at 0x14aebfcdeaf0>,74,19,[2 9],106,112,131,6,106
1,<environment.Job instance at 0x14aebfcdef50>,75,13,[12  2],107,123,136,16,123
1,<environment.Job instance at 0x14aebeccfd70>,77,1,[6 2],109,136,137,27,123
1,<environment.Job instance at 0x14aebeccfb90>,78,2,[1 5],110,131,133,21,123
1,<environment.Job instance at 0x14aebeccfc80>,79,1,[1 7],111,131,132,20,123
1,<environment.Job instance at 0x14aec01b3550>,81,2,[1 5],113,132,134,19,123
1,<environment.Job instance at 0x14aec01b3370>,82,1,[1 9],115,134,135,19,123
1,<environment.Job instance at 0x14aec01b31e0>,83,1,[2 5],116,133,134,17,123
1,<environment.Job instance at 0x14aec01b3dc0>,84,15,[7 1],117,136,151,19,123
1,<environment.Job instance at 0x14aec01b3730>,85,1,[2 6],118,135,136,17,123
1,<environment.Job instance at 0x14aec01b3fa0>,86,1,[2 8],120,136,137,16,123
1,<environment.Job instance at 0x14aec01b3780>,87,1,[2 6],121,137,138,16,123
1,<environment.Job instance at 0x14aebde5fbe0>,89,17,[2 7],124,137,154,13,125
1,<environment.Job instance at 0x14aebbdaa960>,94,1,[1 8],129,151,152,22,132
1,<environment.Job instance at 0x14aebbdaad70>,96,2,[2 6],131,144,146,13,144
1,<environment.Job instance at 0x14aebbdaafa0>,97,3,[9 2],132,152,155,20,147
1,<environment.Job instance at 0x14aebbdaa230>,98,2,[10  2],133,155,157,22,147
1,<environment.Job instance at 0x14aebbdaac80>,100,16,[ 2 10],135,160,176,25,160
1,<environment.Job instance at 0x14aebbdaa050>,102,15,[2 6],139,176,191,37,170
1,<environment.Job instance at 0x14aec01c7eb0>,9,27,[1 7],15,188,215,173,188
1,<environment.Job instance at 0x14aebea7b5a0>,33,1,[2 8],50,227,228,177,227
1,<environment.Job instance at 0x14aebbcc2be0>,8,25,[12  1],9,13,38,4,13
1,<environment.Job instance at 0x14aec6dcff50>,16,23,[1 6],21,23,46,2,23
1,<environment.Job instance at 0x14aebc15c1e0>,37,26,[2 8],58,64,90,6,64
1,<environment.Job instance at 0x14aebbcc75f0>,52,2,[5 2],84,92,94,8,92
1,<environment.Job instance at 0x14aebbcdb730>,53,27,[1 7],85,93,120,8,93
1,<environment.Job instance at 0x14aebfcc95a0>,62,2,[2 9],97,120,122,23,119
1,<environment.Job instance at 0x14aec6274730>,71,1,[ 1 12],116,144,145,28,144
1,<environment.Job instance at 0x14aec0241280>,0,1,[6 2],1,1,2,0,1
1,<environment.Job instance at 0x14aec0119230>,2,1,[7 1],4,4,5,0,4
1,<environment.Job instance at 0x14aebfe11b40>,8,2,[2 8],10,10,12,0,10
1,<environment.Job instance at 0x14aebfe11280>,9,2,[5 1],11,11,13,0,11
1,<environment.Job instance at 0x14aebfe11a50>,10,1,[6 2],16,16,17,0,16
1,<environment.Job instance at 0x14aebe8f9500>,11,1,[1 9],17,17,18,0,17
1,<environment.Job instance at 0x14aebe8f9be0>,12,3,[7 1],18,18,21,0,18
1,<environment.Job instance at 0x14aebe8f94b0>,13,3,[7 2],19,19,22,0,19
1,<environment.Job instance at 0x14aebe8fa960>,14,14,[1 5],21,22,36,1,22
1,<environment.Job instance at 0x14aebe8fa9b0>,18,25,[8 1],29,29,54,0,29
1,<environment.Job instance at 0x14aebc0b1aa0>,25,2,[7 2],38,40,42,2,40
1,<environment.Job instance at 0x14aebc0b10f0>,27,3,[1 5],40,44,47,4,44
1,<environment.Job instance at 0x14aebc0b1b40>,29,3,[9 2],43,54,57,11,46
1,<environment.Job instance at 0x14aebc0b13c0>,30,13,[1 9],44,52,65,8,52
1,<environment.Job instance at 0x14aebc0b1a50>,31,2,[1 8],45,65,67,20,52
1,<environment.Job instance at 0x14aebc0b1f00>,32,12,[1 7],47,65,77,18,52
1,<environment.Job instance at 0x14aec61c7780>,33,1,[ 1 10],49,77,78,28,52
1,<environment.Job instance at 0x14aebbcadd70>,34,19,[2 5],50,67,86,17,57
1,<environment.Job instance at 0x14aebbcadc80>,36,3,[6 2],52,59,62,7,59
1,<environment.Job instance at 0x14aebbcad500>,37,2,[6 2],53,59,61,6,59
1,<environment.Job instance at 0x14aebbcada00>,39,1,[6 1],56,61,62,5,61
1,<environment.Job instance at 0x14aebbcad460>,42,1,[1 6],60,78,79,18,71
1,<environment.Job instance at 0x14aebbcad9b0>,44,1,[1 7],62,79,80,17,71
1,<environment.Job instance at 0x14aebbcadbe0>,45,1,[6 2],63,71,72,8,71
1,<environment.Job instance at 0x14aebbcadb90>,46,2,[2 7],64,80,82,16,71
1,<environment.Job instance at 0x14aebfce75a0>,48,3,[7 1],66,78,81,12,77
1,<environment.Job instance at 0x14aebfce7f50>,49,14,[8 2],67,85,99,18,85
1,<environment.Job instance at 0x14aebfce76e0>,50,2,[1 9],69,86,88,17,85
1,<environment.Job instance at 0x14aebfce7640>,51,2,[7 2],70,88,90,18,85
1,<environment.Job instance at 0x14aebfce7370>,52,3,[5 2],72,85,88,13,85
1,<environment.Job instance at 0x14aebfce7500>,54,1,[8 1],74,99,100,25,90
1,<environment.Job instance at 0x14aebfce75f0>,55,1,[1 5],76,90,91,14,90
1,<environment.Job instance at 0x14aebfce7af0>,56,1,[10  1],78,100,101,22,90
1,<environment.Job instance at 0x14aebfce74b0>,57,1,[5 2],79,90,91,11,90
1,<environment.Job instance at 0x14aebfce7910>,58,17,[10  1],80,101,118,21,90
1,<environment.Job instance at 0x14aebfce79b0>,59,25,[9 1],81,118,143,37,114
1,<environment.Job instance at 0x14aebfce7eb0>,61,21,[ 2 10],84,114,135,30,114
1,<environment.Job instance at 0x14aec604e4b0>,71,1,[9 1],96,143,144,47,132
1,<environment.Job instance at 0x14aec604e6e0>,72,17,[2 5],97,135,152,38,135
1,<environment.Job instance at 0x14aec604eaa0>,75,2,[5 2],101,144,146,43,141
1,<environment.Job instance at 0x14aec604e2d0>,76,2,[5 1],102,144,146,42,141
1,<environment.Job instance at 0x14aec604ea50>,77,1,[1 7],103,141,142,38,141
1,<environment.Job instance at 0x14aec604e5f0>,78,17,[9 1],106,146,163,40,142
1,<environment.Job instance at 0x14aec604e9b0>,80,1,[5 1],108,152,153,44,142
1,<environment.Job instance at 0x14aec604e780>,84,13,[6 1],114,156,169,42,156
1,<environment.Job instance at 0x14aec604e320>,85,2,[7 2],115,163,165,48,156
1,<environment.Job instance at 0x14aec604eb90>,86,2,[9 2],116,165,167,49,156
1,<environment.Job instance at 0x14aec43bf2d0>,88,2,[ 1 10],118,163,165,45,156
1,<environment.Job instance at 0x14aec43bf230>,89,13,[2 6],119,167,180,48,158
1,<environment.Job instance at 0x14aec43bf7d0>,90,17,[12  1],120,178,195,58,178
1,<environment.Job instance at 0x14aec607c640>,96,1,[8 2],128,195,196,67,183
1,<environment.Job instance at 0x14aebec56370>,97,1,[5 2],129,195,196,66,183
1,<environment.Job instance at 0x14aebec567d0>,98,1,[7 1],130,196,197,66,183
1,<environment.Job instance at 0x14aebec564b0>,99,1,[1 8],131,183,184,52,183
1,<environment.Job instance at 0x14aebec561e0>,100,2,[6 2],132,196,198,64,183
1,<environment.Job instance at 0x14aebfeedfa0>,104,2,[ 1 10],138,187,189,49,187
1,<environment.Job instance at 0x14aec6db6550>,105,13,[10  1],139,198,211,59,195
1,<environment.Job instance at 0x14aec0241be0>,7,13,[2 5],9,301,314,292,301
1,<environment.Job instance at 0x14aebe8fa6e0>,20,16,[1 6],31,452,468,421,452
1,<environment.Job instance at 0x14aebbec17d0>,4,1,[13  1],5,9,10,4,9
1,<environment.Job instance at 0x14aebbec1cd0>,9,2,[8 2],10,10,12,0,10
1,<environment.Job instance at 0x14aec01cf410>,13,22,[8 1],15,15,37,0,15
1,<environment.Job instance at 0x14aebedc6050>,24,22,[2 6],29,31,53,2,31
1,<environment.Job instance at 0x14aebbede5f0>,25,1,[ 1 14],30,53,54,23,49
1,<environment.Job instance at 0x14aebec100f0>,33,3,[ 2 14],42,84,87,42,84
1,<environment.Job instance at 0x14aebec10f50>,35,1,[ 2 10],44,87,88,43,84
1,<environment.Job instance at 0x14aebec104b0>,36,2,[7 2],46,87,89,41,84
1,<environment.Job instance at 0x14aebec10190>,37,1,[6 1],47,84,85,37,84
1,<environment.Job instance at 0x14aebec10050>,38,2,[6 1],49,85,87,36,84
1,<environment.Job instance at 0x14aebfe118c0>,44,27,[5 1],60,89,116,29,89
1,<environment.Job instance at 0x14aebe999dc0>,45,15,[14  1],61,721,736,660,721
1,<environment.Job instance at 0x14aebc958960>,48,1,[1 8],64,721,722,657,721
1,<environment.Job instance at 0x14aebc031370>,55,25,[6 1],75,736,761,661,732
1,<environment.Job instance at 0x14aef121e640>,66,26,[ 2 13],93,749,775,656,749
1,<environment.Job instance at 0x14aebe8a21e0>,69,2,[12  1],97,764,766,667,764
1,<environment.Job instance at 0x14aebbe3f640>,87,2,[ 1 11],127,797,799,670,797
1,<environment.Job instance at 0x14aebbe3f730>,93,28,[5 2],134,800,828,666,800
1,<environment.Job instance at 0x14aebde7aeb0>,96,3,[ 2 14],137,834,837,697,834
1,<environment.Job instance at 0x14aec021b5a0>,5,3,[2 7],6,847,850,841,847
1,<environment.Job instance at 0x14aebbec1050>,6,1,[5 1],7,944,945,937,944
1,<environment.Job instance at 0x14aebbec1a50>,7,17,[1 8],8,1233,1250,1225,1233
1,<environment.Job instance at 0x14aebe9dd870>,0,1,[7 2],2,2,3,0,2
1,<environment.Job instance at 0x14aebeccdf50>,3,2,[6 2],6,6,8,0,6
1,<environment.Job instance at 0x14aec61d0190>,12,16,[7 1],15,16,32,1,16
1,<environment.Job instance at 0x14aebd40e5f0>,14,1,[9 2],17,32,33,15,17
1,<environment.Job instance at 0x14aef00c96e0>,15,2,[1 7],18,18,20,0,18
1,<environment.Job instance at 0x14aef00c9780>,16,26,[1 6],21,21,47,0,21
1,<environment.Job instance at 0x14aec62010f0>,18,23,[2 6],24,24,47,0,24
1,<environment.Job instance at 0x14aec62015f0>,19,23,[9 1],26,36,59,10,36
1,<environment.Job instance at 0x14aebedf94b0>,29,3,[12  1],39,79,82,40,79
1,<environment.Job instance at 0x14aebedf9c80>,30,20,[8 1],40,82,102,42,79
1,<environment.Job instance at 0x14aebedf9be0>,38,3,[11  1],59,102,105,43,92
1,<environment.Job instance at 0x14aebedf90a0>,39,13,[ 2 11],60,632,645,572,632
1,<environment.Job instance at 0x14aebedf91e0>,41,1,[8 1],63,632,633,569,632
1,<environment.Job instance at 0x14aebe96a780>,45,2,[5 2],73,632,634,559,632
1,<environment.Job instance at 0x14aebedf00f0>,48,1,[ 2 10],77,645,646,568,632
1,<environment.Job instance at 0x14aebedf0aa0>,50,2,[ 1 12],79,646,648,567,633
1,<environment.Job instance at 0x14aef07ad870>,53,21,[5 1],82,645,666,563,645
1,<environment.Job instance at 0x14aebe897690>,63,2,[2 7],96,650,652,554,650
1,<environment.Job instance at 0x14aebbfcfe60>,64,22,[ 2 10],97,652,674,555,650
1,<environment.Job instance at 0x14aebba88140>,81,15,[6 1],122,673,688,551,673
1,<environment.Job instance at 0x14aebba884b0>,85,2,[7 1],128,687,689,559,687
1,<environment.Job instance at 0x14aebba88190>,86,21,[6 1],130,688,709,558,687
1,<environment.Job instance at 0x14aebba886e0>,87,3,[ 2 13],132,700,703,568,700
1,<environment.Job instance at 0x14aebba88910>,89,1,[ 2 10],134,703,704,569,701
1,<environment.Job instance at 0x14aebba88780>,90,2,[2 8],135,704,706,569,701
1,<environment.Job instance at 0x14aebba88050>,91,1,[1 7],138,706,707,568,702
1,<environment.Job instance at 0x14aec61c6be0>,8,1,[1 9],11,2497,2498,2486,2497
1,<environment.Job instance at 0x14aec61c6280>,9,16,[1 8],12,2850,2866,2838,2850
1,<environment.Job instance at 0x14aebeaa1640>,18,28,[1 6],27,27,55,0,27
1,<environment.Job instance at 0x14aebc85e500>,30,2,[ 2 10],45,55,57,10,45
1,<environment.Job instance at 0x14aebbdce550>,32,12,[9 1],47,53,65,6,53
1,<environment.Job instance at 0x14aebbdce5f0>,33,20,[ 2 11],48,57,77,9,54
1,<environment.Job instance at 0x14aebbdce230>,35,3,[ 2 10],51,77,80,26,62
1,<environment.Job instance at 0x14aebbdce5a0>,36,15,[6 1],53,65,80,12,62
1,<environment.Job instance at 0x14aebbdce780>,37,1,[9 2],54,80,81,26,62
1,<environment.Job instance at 0x14aebc011aa0>,38,1,[2 8],55,80,81,25,62
1,<environment.Job instance at 0x14aebc011820>,39,1,[5 1],56,65,66,9,62
1,<environment.Job instance at 0x14aec6d02d70>,40,1,[8 1],58,81,82,23,63
1,<environment.Job instance at 0x14aec6d02370>,41,1,[1 8],60,81,82,21,63
1,<environment.Job instance at 0x14aebb9f9640>,42,1,[2 9],61,82,83,21,63
1,<environment.Job instance at 0x14aef10463c0>,45,1,[7 2],65,66,67,1,65
1,<environment.Job instance at 0x14aef10468c0>,47,3,[2 5],68,80,83,12,68
1,<environment.Job instance at 0x14aef10467d0>,48,2,[6 2],69,69,71,0,69
1,<environment.Job instance at 0x14aebfdbca00>,51,1,[1 6],72,83,84,11,72
1,<environment.Job instance at 0x14aec6d92230>,53,17,[5 1],74,82,99,8,82
1,<environment.Job instance at 0x14aec6d92190>,57,26,[8 1],78,83,109,5,82
1,<environment.Job instance at 0x14aec6d92e60>,60,27,[6 1],81,99,126,18,97
1,<environment.Job instance at 0x14aebc9c94b0>,61,21,[9 2],82,109,130,27,101
1,<environment.Job instance at 0x14aebc9c9e10>,64,2,[2 9],85,126,128,41,106
1,<environment.Job instance at 0x14aebc9c97d0>,70,1,[6 1],95,128,129,33,125
1,<environment.Job instance at 0x14aebc9c9550>,71,28,[14  1],98,130,158,32,129
1,<environment.Job instance at 0x14aebc9c9140>,72,2,[1 7],99,129,131,30,129
1,<environment.Job instance at 0x14aebc9c90f0>,73,3,[7 1],100,158,161,58,132
1,<environment.Job instance at 0x14aebc9c9280>,74,1,[6 1],101,158,159,57,132
1,<environment.Job instance at 0x14af10073be0>,76,3,[2 9],103,158,161,55,132
1,<environment.Job instance at 0x14af100730f0>,78,2,[11  2],106,161,163,55,134
1,<environment.Job instance at 0x14aec026e3c0>,80,2,[1 8],109,134,136,25,134
1,<environment.Job instance at 0x14aec026efa0>,81,2,[1 5],110,136,138,26,134
1,<environment.Job instance at 0x14aec026e280>,82,1,[1 5],111,138,139,27,134
1,<environment.Job instance at 0x14aec026ee10>,86,2,[2 6],116,161,163,45,135
1,<environment.Job instance at 0x14aec026edc0>,87,1,[ 1 10],117,139,140,22,135
1,<environment.Job instance at 0x14aec026ee60>,88,1,[2 7],118,161,162,43,135
1,<environment.Job instance at 0x14aec026e960>,89,2,[2 6],119,162,164,43,135
1,<environment.Job instance at 0x14aec026e0a0>,91,2,[5 1],122,159,161,37,140
1,<environment.Job instance at 0x14aec026e320>,93,2,[12  1],125,163,165,38,157
1,<environment.Job instance at 0x14aebeb0be60>,95,1,[2 8],127,164,165,37,157
1,<environment.Job instance at 0x14aebeb0baf0>,98,15,[2 5],130,165,180,35,165
1,<environment.Job instance at 0x14aebeb0bd20>,100,2,[1 8],133,169,171,36,169
1,<environment.Job instance at 0x14aebeb0be10>,101,17,[7 1],134,170,187,36,170
1,<environment.Job instance at 0x14aebc047e10>,104,1,[10  1],139,187,188,48,180
1,<environment.Job instance at 0x14aebeafb640>,21,16,[1 6],32,390,406,358,390
1,<environment.Job instance at 0x14aebbd7ae60>,11,1,[7 1],17,418,419,401,418
1,<environment.Job instance at 0x14aebecf5f00>,12,1,[2 6],19,854,855,835,854
1,<environment.Job instance at 0x14aebc014f50>,10,2,[7 1],16,16,18,0,16
1,<environment.Job instance at 0x14aebbb11500>,12,1,[ 2 13],18,18,19,0,18
1,<environment.Job instance at 0x14aebbb117d0>,13,2,[2 5],19,19,21,0,19
1,<environment.Job instance at 0x14aebb99f5f0>,29,2,[2 9],44,44,46,0,44
1,<environment.Job instance at 0x14aebe913d20>,32,1,[ 1 10],48,48,49,0,48
1,<environment.Job instance at 0x14aebe9130f0>,33,26,[2 5],49,49,75,0,49
1,<environment.Job instance at 0x14aebfed2c80>,45,2,[ 2 13],69,75,77,6,73
1,<environment.Job instance at 0x14aebed8c410>,1,1,[ 1 10],5,5,6,0,5
1,<environment.Job instance at 0x14aebb695640>,3,2,[9 2],8,8,10,0,8
1,<environment.Job instance at 0x14aec6267f50>,10,2,[6 1],23,23,25,0,23
1,<environment.Job instance at 0x14aebb6b1280>,11,1,[ 1 12],24,24,25,0,24
1,<environment.Job instance at 0x14aebb6b1c80>,12,1,[10  2],25,25,26,0,25
1,<environment.Job instance at 0x14aec604fe60>,17,20,[9 1],31,31,51,0,31
1,<environment.Job instance at 0x14aebc3ecaa0>,19,2,[13  1],34,51,53,17,48
1,<environment.Job instance at 0x14aebe896e60>,23,2,[6 2],38,48,50,10,48
1,<environment.Job instance at 0x14aebbbdf4b0>,27,2,[2 8],50,50,52,0,50
1,<environment.Job instance at 0x14aebb9e2c80>,28,1,[7 1],53,53,54,0,53
1,<environment.Job instance at 0x14aec6d0db40>,29,2,[2 6],54,54,56,0,54
1,<environment.Job instance at 0x14aebea5b230>,16,1,[9 1],30,57,58,27,57
1,<environment.Job instance at 0x14aebbf46b40>,34,1,[7 2],60,60,61,0,60
1,<environment.Job instance at 0x14aebecfcc30>,37,2,[2 5],65,65,67,0,65
1,<environment.Job instance at 0x14aec6062870>,40,1,[1 8],68,68,69,0,68
1,<environment.Job instance at 0x14aebece95a0>,41,20,[7 2],69,69,89,0,69
1,<environment.Job instance at 0x14aebecac3c0>,49,1,[2 5],79,79,80,0,79
1,<environment.Job instance at 0x14aebc1810f0>,51,1,[ 1 13],81,82,83,1,82
1,<environment.Job instance at 0x14aef00ae460>,53,1,[5 2],83,83,84,0,83
1,<environment.Job instance at 0x14aec61aa8c0>,55,1,[11  1],93,93,94,0,93
1,<environment.Job instance at 0x14aebedcee10>,56,2,[5 1],94,94,96,0,94
1,<environment.Job instance at 0x14aebc975be0>,57,2,[1 6],95,95,97,0,95
1,<environment.Job instance at 0x14aebfc93c30>,58,2,[1 8],96,96,98,0,96
1,<environment.Job instance at 0x14aebedbfc80>,59,1,[6 1],97,97,98,0,97
1,<environment.Job instance at 0x14aec016c4b0>,61,1,[6 1],100,100,101,0,100
1,<environment.Job instance at 0x14aec01af140>,62,1,[2 9],101,101,102,0,101
1,<environment.Job instance at 0x14aef00fa910>,63,1,[1 5],102,102,103,0,102
1,<environment.Job instance at 0x14aebece20f0>,65,3,[5 1],104,104,107,0,104
1,<environment.Job instance at 0x14aef00fae10>,66,3,[1 7],105,105,108,0,105
1,<environment.Job instance at 0x14aebeb357d0>,69,2,[9 2],111,111,113,0,111
1,<environment.Job instance at 0x14aebeb350f0>,70,2,[2 7],115,115,117,0,115
1,<environment.Job instance at 0x14aebb695960>,71,1,[8 1],116,116,117,0,116
1,<environment.Job instance at 0x14aef0025050>,72,15,[7 1],117,117,132,0,117
1,<environment.Job instance at 0x14aebc3e0190>,73,1,[1 8],118,118,119,0,118
1,<environment.Job instance at 0x14aebc3e0550>,74,12,[7 2],119,121,133,2,121
1,<environment.Job instance at 0x14aebc3e0c80>,76,2,[7 2],121,132,134,11,122
1,<environment.Job instance at 0x14aef07d5690>,77,1,[ 2 10],122,133,134,11,122
1,<environment.Job instance at 0x14aec01fdcd0>,81,1,[9 2],128,134,135,6,130
1,<environment.Job instance at 0x14aebed6ba50>,82,17,[8 1],129,135,152,6,132
1,<environment.Job instance at 0x14aec01fdeb0>,83,2,[1 5],130,134,136,4,132
1,<environment.Job instance at 0x14aebc812780>,87,1,[1 5],135,147,148,12,147
1,<environment.Job instance at 0x14aebeb8fc30>,88,2,[1 9],136,147,149,11,147
1,<environment.Job instance at 0x14aebbc6c320>,89,2,[1 7],139,149,151,10,147
1,<environment.Job instance at 0x14aebc181960>,52,12,[ 1 14],82,166,178,84,166
1,<environment.Job instance at 0x14aebb7d5780>,9,13,[1 5],21,501,514,480,501
1,<environment.Job instance at 0x14aebc3eceb0>,20,1,[12  2],35,1116,1117,1081,1116
1,<environment.Job instance at 0x14aebfd32e10>,14,17,[12  1],17,786,803,769,786
1,<environment.Job instance at 0x14aebbbbc460>,29,1,[2 5],35,803,804,768,803
1,<environment.Job instance at 0x14aef00dd050>,31,2,[2 8],40,803,805,763,803
1,<environment.Job instance at 0x14aebe927dc0>,40,2,[8 2],51,824,826,773,824
1,<environment.Job instance at 0x14aebb7d5aa0>,43,1,[ 2 10],55,827,828,772,827
1,<environment.Job instance at 0x14aef00dd9b0>,28,2,[9 1],34,1450,1452,1416,1450
1,<environment.Job instance at 0x14aebb9be410>,45,12,[ 2 11],58,1452,1464,1394,1452
1,<environment.Job instance at 0x14aebe939870>,51,23,[2 5],67,1464,1487,1397,1458
1,<environment.Job instance at 0x14aebfeb3870>,57,1,[5 2],73,1475,1476,1402,1475
1,<environment.Job instance at 0x14aebfeb3eb0>,59,2,[2 6],75,1476,1478,1401,1476
1,<environment.Job instance at 0x14aebc0960a0>,63,2,[2 8],81,1478,1480,1397,1476
1,<environment.Job instance at 0x14aebc096f00>,64,17,[11  2],82,1848,1865,1766,1848
1,<environment.Job instance at 0x14aebbc81730>,75,18,[ 1 14],97,1865,1883,1768,1864
1,<environment.Job instance at 0x14aebbc812d0>,76,2,[7 1],98,1865,1867,1767,1864
1,<environment.Job instance at 0x14aebbf47820>,78,1,[6 1],100,1867,1868,1767,1864
1,<environment.Job instance at 0x14aebbf47c30>,83,28,[ 2 10],106,1883,1911,1777,1882
1,<environment.Job instance at 0x14aef1071050>,95,3,[2 7],125,1911,1914,1786,1909
1,<environment.Job instance at 0x14aef1071640>,99,2,[2 5],134,1910,1912,1776,1910
1,<environment.Job instance at 0x14aebbc1b320>,100,19,[ 2 14],135,1914,1933,1779,1910
1,<environment.Job instance at 0x14aebb9be7d0>,46,13,[1 7],60,2131,2144,2071,2131
1,<environment.Job instance at 0x14aebfd328c0>,15,3,[1 8],18,2145,2148,2127,2145
1,<environment.Job instance at 0x14aebfd32280>,1,1,[8 2],4,4,5,0,4
1,<environment.Job instance at 0x14aebfd32320>,2,2,[10  1],5,5,7,0,5
1,<environment.Job instance at 0x14aebbbb30f0>,5,2,[2 5],8,8,10,0,8
1,<environment.Job instance at 0x14aebd40b550>,6,1,[1 7],9,9,10,0,9
1,<environment.Job instance at 0x14aebfeadb40>,7,1,[2 9],10,10,11,0,10
1,<environment.Job instance at 0x14aebb77d7d0>,9,1,[9 2],13,13,14,0,13
1,<environment.Job instance at 0x14aef10a2f00>,10,1,[7 2],15,15,16,0,15
1,<environment.Job instance at 0x14aebb98d3c0>,14,2,[7 1],20,20,22,0,20
1,<environment.Job instance at 0x14aebfe75500>,0,2,[8 1],1,1,3,0,1
1,<environment.Job instance at 0x14aec6dced70>,3,2,[5 1],4,4,6,0,4
1,<environment.Job instance at 0x14aec026e190>,10,2,[ 1 10],12,12,14,0,12
1,<environment.Job instance at 0x14aec6dcec80>,7,1,[8 2],9,12,13,3,12
1,<environment.Job instance at 0x14aebba5eb40>,11,2,[1 8],13,14,16,1,14
1,<environment.Job instance at 0x14aec026e500>,14,2,[7 1],16,16,18,0,16
1,<environment.Job instance at 0x14aebbdc2870>,17,3,[ 1 11],21,45,48,24,45
1,<environment.Job instance at 0x14aebe8fcf00>,21,1,[8 1],27,45,46,18,45
1,<environment.Job instance at 0x14aebe8fc640>,22,2,[8 2],28,46,48,18,45
1,<environment.Job instance at 0x14aebe8fcd70>,26,1,[1 5],33,48,49,15,45
1,<environment.Job instance at 0x14aec019a5f0>,32,2,[2 7],40,52,54,12,52
1,<environment.Job instance at 0x14aec019a460>,34,1,[1 9],42,54,55,12,52
1,<environment.Job instance at 0x14aebea0ce10>,40,3,[ 1 14],50,84,87,34,84
1,<environment.Job instance at 0x14aebb631b90>,49,2,[1 9],63,95,97,32,95
1,<environment.Job instance at 0x14aebb631960>,50,23,[1 5],64,97,120,33,97
1,<environment.Job instance at 0x14aebb6f2b40>,53,1,[8 2],67,113,114,46,113
1,<environment.Job instance at 0x14aebb6f22d0>,54,2,[7 1],68,114,116,46,114
1,<environment.Job instance at 0x14aebbfa62d0>,56,2,[2 8],70,114,116,44,114
1,<environment.Job instance at 0x14aebbbc5af0>,59,2,[10  1],74,121,123,47,121
1,<environment.Job instance at 0x14aec61b9cd0>,60,22,[5 1],76,121,143,45,121
1,<environment.Job instance at 0x14aec61d0550>,66,1,[7 2],86,135,136,49,135
1,<environment.Job instance at 0x14aebba5caf0>,80,18,[ 2 11],102,671,689,569,671
1,<environment.Job instance at 0x14aebba5cb90>,83,2,[ 1 13],105,689,691,584,678
1,<environment.Job instance at 0x14aec5a28870>,93,2,[11  1],118,690,692,572,690
1,<environment.Job instance at 0x14aec5a28af0>,94,1,[8 2],119,692,693,573,690
1,<environment.Job instance at 0x14aec011ea00>,96,28,[ 2 10],121,691,719,570,690
1,<environment.Job instance at 0x14aebba5cdc0>,79,3,[2 7],101,719,722,618,719
1,<environment.Job instance at 0x14aebb634a50>,18,2,[1 9],22,732,734,710,732
1,<environment.Job instance at 0x14aebb634910>,20,3,[1 5],26,770,773,744,770
1,<environment.Job instance at 0x14aef014c820>,0,2,[2 9],2,2,4,0,2
1,<environment.Job instance at 0x14aebba440a0>,4,2,[ 1 11],7,8,10,1,8
1,<environment.Job instance at 0x14aebeda96e0>,7,1,[1 5],10,74,75,64,74
1,<environment.Job instance at 0x14aebeda9870>,6,16,[ 1 12],9,171,187,162,171
1,<environment.Job instance at 0x14aebed95be0>,19,2,[1 6],29,187,189,158,180
1,<environment.Job instance at 0x14aebed95730>,22,1,[2 8],36,187,188,151,183
1,<environment.Job instance at 0x14aebbbca280>,26,26,[5 2],42,188,214,146,186
1,<environment.Job instance at 0x14aebbbca0f0>,35,1,[5 2],57,216,217,159,216
1,<environment.Job instance at 0x14aebbbca190>,36,1,[9 1],58,216,217,158,216
1,<environment.Job instance at 0x14aebbbca5f0>,37,23,[9 1],60,217,240,157,216
1,<environment.Job instance at 0x14aebbbcad70>,41,2,[1 5],64,243,245,179,243
1,<environment.Job instance at 0x14aebbbcabe0>,42,1,[2 5],65,243,244,178,243
1,<environment.Job instance at 0x14aebbbcaeb0>,43,12,[5 1],68,243,255,175,243
1,<environment.Job instance at 0x14aebbbca870>,45,1,[7 1],71,245,246,174,245
1,<environment.Job instance at 0x14aebeaa0460>,50,2,[5 1],79,251,253,172,251
1,<environment.Job instance at 0x14aebeaa0cd0>,60,2,[14  2],94,277,279,183,277
1,<environment.Job instance at 0x14aebeaa06e0>,62,1,[14  2],96,279,280,183,279
1,<environment.Job instance at 0x14aebeaa02d0>,65,2,[1 9],99,279,281,180,279
1,<environment.Job instance at 0x14aebfee5e10>,68,2,[1 8],103,283,285,180,283
1,<environment.Job instance at 0x14aebfee50a0>,70,2,[2 8],107,287,289,180,287
1,<environment.Job instance at 0x14aebfee5e60>,77,1,[6 2],118,318,319,200,318
1,<environment.Job instance at 0x14aebfee50f0>,78,1,[6 1],119,318,319,199,318
1,<environment.Job instance at 0x14aebfee53c0>,79,1,[8 1],120,319,320,199,318
1,<environment.Job instance at 0x14aebfee5320>,80,1,[5 1],123,319,320,196,318
1,<environment.Job instance at 0x14aebfee5a50>,81,2,[1 9],124,318,320,194,318
1,<environment.Job instance at 0x14aebfee5820>,83,2,[7 1],128,320,322,192,320
1,<environment.Job instance at 0x14aebfee5a00>,84,2,[ 1 10],131,320,322,189,320
1,<environment.Job instance at 0x14aebfee5be0>,85,1,[ 2 10],132,322,323,190,320
1,<environment.Job instance at 0x14aebeda9460>,5,2,[1 8],8,358,360,350,358
1,<environment.Job instance at 0x14aebeda9b90>,10,1,[2 5],14,375,376,361,375
1,<environment.Job instance at 0x14aebbbb30f0>,1,1,[1 6],2,2,3,0,2
1,<environment.Job instance at 0x14aebbbb33c0>,2,1,[1 8],3,3,4,0,3
1,<environment.Job instance at 0x14aec607a050>,5,2,[14  1],7,9,11,2,9
1,<environment.Job instance at 0x14aef001c140>,22,1,[1 7],37,37,38,0,37
1,<environment.Job instance at 0x14aebeba8640>,34,1,[1 9],58,58,59,0,58
1,<environment.Job instance at 0x14aebeba86e0>,37,1,[2 8],64,64,65,0,64
1,<environment.Job instance at 0x14aef10835f0>,19,15,[7 1],27,75,90,48,75
1,<environment.Job instance at 0x14aebfd742d0>,2,2,[11  1],4,6,8,2,6
1,<environment.Job instance at 0x14aebb7be960>,4,27,[9 2],8,11,38,3,11
1,<environment.Job instance at 0x14aec10a7500>,8,1,[1 5],12,12,13,0,12
1,<environment.Job instance at 0x14aebb8d7370>,9,2,[1 7],13,13,15,0,13
1,<environment.Job instance at 0x14aebb8d7f00>,11,1,[1 8],15,15,16,0,15
1,<environment.Job instance at 0x14aebb85b320>,19,2,[1 8],25,25,27,0,25
1,<environment.Job instance at 0x14aec10a7230>,6,3,[1 6],10,29,32,19,29
1,<environment.Job instance at 0x14aef0791a00>,23,14,[ 1 12],30,2403,2417,2373,2403
1,<environment.Job instance at 0x14aef1121500>,37,1,[7 2],48,2417,2418,2369,2417
1,<environment.Job instance at 0x14aef1121140>,39,1,[6 2],51,2420,2421,2369,2420
1,<environment.Job instance at 0x14aebb51e460>,45,21,[6 2],62,2441,2462,2379,2441
1,<environment.Job instance at 0x14aebb50b0f0>,49,1,[1 6],67,2442,2443,2375,2442
1,<environment.Job instance at 0x14aebb50b550>,50,1,[ 1 10],72,2443,2444,2371,2442
1,<environment.Job instance at 0x14aebb50b500>,53,1,[ 1 10],75,2445,2446,2370,2445
1,<environment.Job instance at 0x14aebb519d20>,58,27,[7 1],81,2460,2487,2379,2460
1,<environment.Job instance at 0x14aebb518eb0>,26,2,[1 5],33,2491,2493,2458,2491
1,<environment.Job instance at 0x14aebb5783c0>,74,23,[1 9],106,2501,2524,2395,2501
1,<environment.Job instance at 0x14aebb7d3c30>,91,12,[8 1],137,2524,2536,2387,2524
1,<environment.Job instance at 0x14aebb5181e0>,24,2,[ 1 10],31,2541,2543,2510,2541
1,<environment.Job instance at 0x14aebb518c30>,25,1,[9 1],32,2577,2578,2545,2577
1,<environment.Job instance at 0x14aebbeda960>,11,2,[13  1],18,33,35,15,33
1,<environment.Job instance at 0x14aebeb82780>,16,1,[1 5],25,33,34,8,33
1,<environment.Job instance at 0x14aebe9557d0>,19,21,[2 6],29,34,55,5,33
1,<environment.Job instance at 0x14aebedb32d0>,29,1,[1 7],42,53,54,11,53
1,<environment.Job instance at 0x14aebedb30a0>,30,2,[1 8],43,54,56,11,53
1,<environment.Job instance at 0x14aebedb3870>,31,2,[ 1 10],46,56,58,10,54
1,<environment.Job instance at 0x14aebbe173c0>,35,2,[1 6],50,81,83,31,81
1,<environment.Job instance at 0x14aebbe17a00>,36,24,[9 2],51,85,109,34,85
1,<environment.Job instance at 0x14aebc17bbe0>,42,1,[1 9],60,115,116,55,115
1,<environment.Job instance at 0x14aebc15f9b0>,43,1,[10  2],61,115,116,54,115
1,<environment.Job instance at 0x14aebc15f4b0>,45,1,[6 2],65,116,117,51,115
1,<environment.Job instance at 0x14aebc15f230>,47,2,[7 2],67,116,118,49,115
1,<environment.Job instance at 0x14aebb6dbcd0>,53,1,[ 2 10],75,135,136,60,135
1,<environment.Job instance at 0x14aebbd88690>,62,2,[ 2 10],92,142,144,50,142
1,<environment.Job instance at 0x14aec6ac8500>,71,23,[2 9],102,153,176,51,153
1,<environment.Job instance at 0x14aec10d00f0>,83,1,[1 6],122,168,169,46,168
1,<environment.Job instance at 0x14aec622d7d0>,92,2,[2 8],135,190,192,55,190
1,<environment.Job instance at 0x14aebe8fc230>,94,3,[13  1],137,1110,1113,973,1110
1,<environment.Job instance at 0x14aebc19ebe0>,96,1,[2 9],139,1110,1111,971,1110
1,<environment.Job instance at 0x14aebb6db460>,56,2,[6 2],81,1116,1118,1035,1116
1,<environment.Job instance at 0x14aebb99fd70>,13,3,[6 2],20,1349,1352,1329,1349
1,<environment.Job instance at 0x14aec60d91e0>,3,3,[1 7],7,7,10,0,7
1,<environment.Job instance at 0x14aec60d9550>,4,1,[2 9],8,10,11,2,8
1,<environment.Job instance at 0x14aef0108be0>,11,26,[ 2 10],21,22,48,1,22
1,<environment.Job instance at 0x14aef0108960>,12,3,[ 2 10],22,1204,1207,1182,1204
1,<environment.Job instance at 0x14aec620e370>,17,14,[13  1],33,1206,1220,1173,1206
1,<environment.Job instance at 0x14aebc872b40>,24,2,[1 8],41,1207,1209,1166,1206
1,<environment.Job instance at 0x14aebb7ed820>,27,1,[5 1],44,1220,1221,1176,1210
1,<environment.Job instance at 0x14aef11d85f0>,28,2,[2 7],45,1210,1212,1165,1210
1,<environment.Job instance at 0x14aebed90500>,32,1,[9 2],49,1220,1221,1171,1214
1,<environment.Job instance at 0x14aebee015f0>,35,23,[5 2],54,1221,1244,1167,1215
1,<environment.Job instance at 0x14aebed904b0>,36,2,[2 9],56,1215,1217,1159,1215
1,<environment.Job instance at 0x14aebe946500>,41,3,[ 2 12],62,1240,1243,1178,1240
1,<environment.Job instance at 0x14aebe946f00>,42,12,[11  1],63,1246,1258,1183,1246
1,<environment.Job instance at 0x14aec61de3c0>,46,16,[5 1],68,1265,1281,1197,1265
1,<environment.Job instance at 0x14aebe8c97d0>,47,28,[5 2],69,1265,1293,1196,1265
1,<environment.Job instance at 0x14aebbc5d870>,56,1,[ 1 10],86,1286,1287,1200,1286
1,<environment.Job instance at 0x14aebbc5d550>,58,1,[2 6],88,1287,1288,1199,1286
1,<environment.Job instance at 0x14aebbc5deb0>,61,1,[7 2],92,1303,1304,1211,1303
1,<environment.Job instance at 0x14aebbf5d500>,62,12,[1 5],93,1314,1326,1221,1314
1,<environment.Job instance at 0x14aef01366e0>,68,3,[2 8],101,1324,1327,1223,1324
1,<environment.Job instance at 0x14aef0136e10>,69,26,[2 6],102,1326,1352,1224,1324
1,<environment.Job instance at 0x14aec0204cd0>,74,1,[ 2 10],107,1352,1353,1245,1343
1,<environment.Job instance at 0x14aec02045a0>,76,2,[5 1],109,1345,1347,1236,1345
1,<environment.Job instance at 0x14aec0204550>,79,21,[2 7],114,1353,1374,1239,1349
1,<environment.Job instance at 0x14aebbf0c0a0>,83,2,[7 1],118,1352,1354,1234,1352
1,<environment.Job instance at 0x14aebbf0c320>,84,1,[1 6],119,1353,1354,1234,1352
1,<environment.Job instance at 0x14aebbf0cdc0>,85,27,[2 7],120,1354,1381,1234,1352
1,<environment.Job instance at 0x14aebc8c05a0>,92,3,[ 2 13],134,1386,1389,1252,1386
1,<environment.Job instance at 0x14aebc8c0d70>,93,2,[2 8],135,1389,1391,1254,1386
1,<environment.Job instance at 0x14af10073050>,95,21,[1 5],139,1389,1410,1250,1386
1,<environment.Job instance at 0x14aebed34280>,21,19,[8 1],38,1405,1424,1367,1405
1,<environment.Job instance at 0x14aebc1005f0>,18,3,[6 2],35,1445,1448,1410,1445
1,<environment.Job instance at 0x14aebc9bfaf0>,1,2,[1 6],2,2,4,0,2
1,<environment.Job instance at 0x14aebbcfc960>,2,2,[5 2],3,3,5,0,3
1,<environment.Job instance at 0x14aebb6d30a0>,14,2,[2 8],18,18,20,0,18
1,<environment.Job instance at 0x14aebb6d3820>,15,2,[1 8],19,20,22,1,19
1,<environment.Job instance at 0x14aebb6d37d0>,17,2,[2 9],21,22,24,1,21
1,<environment.Job instance at 0x14aebb6d3f00>,18,1,[1 7],22,24,25,2,22
1,<environment.Job instance at 0x14aebc403960>,19,2,[7 1],23,23,25,0,23
1,<environment.Job instance at 0x14aebba663c0>,25,2,[2 7],32,32,34,0,32
1,<environment.Job instance at 0x14aebba66870>,26,1,[2 7],33,33,34,0,33
1,<environment.Job instance at 0x14aebc8915f0>,27,2,[5 1],34,35,37,1,35
1,<environment.Job instance at 0x14aebc8911e0>,28,1,[2 9],36,36,37,0,36
1,<environment.Job instance at 0x14aebc8919b0>,29,1,[ 1 10],38,38,39,0,38
1,<environment.Job instance at 0x14aebfea87d0>,31,1,[1 7],40,40,41,0,40
1,<environment.Job instance at 0x14aebfea8230>,34,22,[2 8],44,45,67,1,45
1,<environment.Job instance at 0x14aef1119d20>,37,2,[ 1 12],47,67,69,20,55
1,<environment.Job instance at 0x14aec62123c0>,47,13,[2 5],62,69,82,7,63
1,<environment.Job instance at 0x14aebfe5d5a0>,48,2,[2 8],63,69,71,6,63
1,<environment.Job instance at 0x14aec6dae6e0>,50,2,[8 1],67,67,69,0,67
1,<environment.Job instance at 0x14aebc0da320>,52,13,[2 5],72,72,85,0,72
1,<environment.Job instance at 0x14aebb7d6be0>,55,14,[7 1],75,80,94,5,80
1,<environment.Job instance at 0x14aebb7d65f0>,57,3,[8 1],77,85,88,8,80
1,<environment.Job instance at 0x14aebb5e30a0>,63,1,[10  2],85,94,95,9,87
1,<environment.Job instance at 0x14aebb5e3230>,64,1,[5 1],86,88,89,2,87
1,<environment.Job instance at 0x14aebbe0b9b0>,66,2,[5 1],88,89,91,1,88
1,<environment.Job instance at 0x14aebbe0b870>,67,15,[9 2],90,95,110,5,95
1,<environment.Job instance at 0x14aebbe0bb90>,68,2,[2 8],92,95,97,3,95
1,<environment.Job instance at 0x14aebbe0bfa0>,69,1,[ 1 10],93,97,98,4,95
1,<environment.Job instance at 0x14aebbe0bf00>,72,1,[2 8],97,98,99,1,97
1,<environment.Job instance at 0x14aec616e910>,73,1,[5 1],98,99,100,1,98
1,<environment.Job instance at 0x14aec616eaa0>,76,2,[6 2],105,105,107,0,105
1,<environment.Job instance at 0x14aec618c410>,80,18,[2 6],111,111,129,0,111
1,<environment.Job instance at 0x14aebea7d1e0>,86,1,[1 6],117,122,123,5,122
1,<environment.Job instance at 0x14aebc13a5a0>,38,2,[7 1],48,134,136,86,134
1,<environment.Job instance at 0x14aebea7dcd0>,89,13,[ 1 14],122,136,149,14,136
1,<environment.Job instance at 0x14aebe8c9e60>,96,2,[7 2],132,149,151,17,141
1,<environment.Job instance at 0x14aebe8c9780>,98,2,[2 6],138,149,151,11,141
1,<environment.Job instance at 0x14aebe9dd280>,35,13,[1 5],45,245,258,200,245
1,<environment.Job instance at 0x14aebea7d0a0>,90,1,[10  1],125,320,321,195,320
1,<environment.Job instance at 0x14cc242c2c30>,3,1,[6 2],4,4,5,0,4
1,<environment.Job instance at 0x14cc242c2eb0>,4,2,[7 2],5,5,7,0,5
1,<environment.Job instance at 0x14cc249f8aa0>,13,2,[8 1],17,17,19,0,17
1,<environment.Job instance at 0x14cc24992c80>,14,2,[ 1 10],18,18,20,0,18
1,<environment.Job instance at 0x14cc24af3c80>,15,1,[ 1 10],20,20,21,0,20
1,<environment.Job instance at 0x14cc249fd230>,16,1,[2 5],21,21,22,0,21
1,<environment.Job instance at 0x14cc24a23d70>,20,2,[ 1 13],27,27,29,0,27
1,<environment.Job instance at 0x14cc24a21500>,22,1,[2 7],30,30,31,0,30
1,<environment.Job instance at 0x14cc249cba50>,23,2,[8 1],31,31,33,0,31
1,<environment.Job instance at 0x14cc249ce0a0>,26,1,[2 7],35,35,36,0,35
1,<environment.Job instance at 0x14cc249ce6e0>,27,2,[2 7],36,36,38,0,36
1,<environment.Job instance at 0x14cc242e9780>,0,3,[11  2],1,90,93,89,90
1,<environment.Job instance at 0x14cc242beaa0>,1,3,[ 2 10],2,198,201,196,198
1,<environment.Job instance at 0x14cc26a54e60>,10,3,[12  1],14,298,301,284,298
1,<environment.Job instance at 0x14cc26acbb90>,14,2,[1 8],19,298,300,279,298
1,<environment.Job instance at 0x14cc26a54460>,11,1,[1 8],16,752,753,736,752
1,<environment.Job instance at 0x14cc26acb5f0>,16,13,[ 1 14],22,753,766,731,752
1,<environment.Job instance at 0x14cc26acb140>,19,2,[7 2],25,766,768,741,752
1,<environment.Job instance at 0x14cc26acb6e0>,21,28,[2 8],29,766,794,737,765
1,<environment.Job instance at 0x14cc26b65be0>,32,19,[ 1 10],48,794,813,746,789
1,<environment.Job instance at 0x14cc26b71910>,33,2,[9 1],49,789,791,740,789
1,<environment.Job instance at 0x14cc26b71e10>,34,3,[5 2],50,791,794,741,789
1,<environment.Job instance at 0x14cc26b71eb0>,35,2,[ 1 10],51,813,815,762,789
1,<environment.Job instance at 0x14cc26b71a50>,37,1,[1 7],53,815,816,762,789
1,<environment.Job instance at 0x14cc26b71c80>,38,1,[2 9],54,816,817,762,789
1,<environment.Job instance at 0x14cc26b71b90>,42,12,[7 1],60,809,821,749,809
1,<environment.Job instance at 0x14cc26b71460>,43,2,[8 2],61,817,819,756,809
1,<environment.Job instance at 0x14cc26b77e10>,45,2,[2 5],63,815,817,752,809
1,<environment.Job instance at 0x14cc26b77370>,46,3,[6 1],64,809,812,745,809
1,<environment.Job instance at 0x14cc26b77a00>,49,18,[8 1],68,819,837,751,814
1,<environment.Job instance at 0x14cc26b77f00>,50,16,[1 6],69,821,837,752,815
1,<environment.Job instance at 0x14cc26b77460>,51,17,[1 6],71,823,840,752,823
1,<environment.Job instance at 0x14cc26b77410>,52,17,[7 1],72,837,854,765,825
1,<environment.Job instance at 0x14cc26b7b280>,56,1,[9 1],81,854,855,773,846
1,<environment.Job instance at 0x14cc26b7b5a0>,58,2,[6 2],83,846,848,763,846
1,<environment.Job instance at 0x14cc26b7b320>,59,1,[9 1],85,855,856,770,846
1,<environment.Job instance at 0x14cc26b7b0f0>,60,2,[8 1],86,848,850,762,846
1,<environment.Job instance at 0x14cc26b7b2d0>,61,1,[ 1 10],87,846,847,759,846
1,<environment.Job instance at 0x14cc26b7b730>,62,2,[1 5],89,850,852,761,846
1,<environment.Job instance at 0x14cc249dfaf0>,64,2,[10  2],91,856,858,765,847
1,<environment.Job instance at 0x14cc26b7bd20>,66,1,[2 6],96,850,851,754,849
1,<environment.Job instance at 0x14cc26ccae60>,69,1,[2 8],102,851,852,749,851
1,<environment.Job instance at 0x14cc26d11690>,70,18,[10  1],106,858,876,752,857
1,<environment.Job instance at 0x14cc26e3c4b0>,77,2,[ 2 12],116,862,864,746,862
1,<environment.Job instance at 0x14cc26e3cbe0>,78,14,[6 1],117,876,890,759,868
1,<environment.Job instance at 0x14cc26acbf00>,17,27,[1 8],23,886,913,863,886
1,<environment.Job instance at 0x14cc26acb960>,1,1,[2 5],4,4,5,0,4
1,<environment.Job instance at 0x14cc27f2bd70>,7,2,[2 5],14,14,16,0,14
1,<environment.Job instance at 0x14cc27f2b3c0>,8,1,[ 2 10],15,15,16,0,15
1,<environment.Job instance at 0x14cc26d47320>,12,21,[7 2],20,20,41,0,20
1,<environment.Job instance at 0x14cc26d42af0>,21,3,[1 9],34,38,41,4,38
1,<environment.Job instance at 0x14cc26d74aa0>,36,2,[ 2 12],60,74,76,14,74
1,<environment.Job instance at 0x14cc26d79780>,27,1,[ 2 10],45,1035,1036,990,1035
1,<environment.Job instance at 0x14cc26d11190>,0,2,[1 9],1,1,3,0,1
1,<environment.Job instance at 0x14cc26d117d0>,2,1,[1 8],5,5,6,0,5
1,<environment.Job instance at 0x14cc2833a2d0>,8,2,[1 7],12,13,15,1,13
1,<environment.Job instance at 0x14cc2833ab40>,11,2,[1 8],16,16,18,0,16
1,<environment.Job instance at 0x14cc2833a820>,12,2,[1 5],18,18,20,0,18
1,<environment.Job instance at 0x14cc2833aa50>,14,1,[2 8],20,20,21,0,20
1,<environment.Job instance at 0x14cc2833af00>,15,1,[8 2],21,21,22,0,21
1,<environment.Job instance at 0x14cc52edc050>,16,14,[14  1],22,30,44,8,30
1,<environment.Job instance at 0x14cc52edc1e0>,20,3,[ 2 11],30,44,47,14,40
1,<environment.Job instance at 0x14cc52edce10>,22,1,[1 5],32,40,41,8,40
1,<environment.Job instance at 0x14cc26b20370>,31,2,[1 8],41,47,49,6,45
1,<environment.Job instance at 0x14cc26b20960>,33,2,[2 8],43,49,51,6,45
1,<environment.Job instance at 0x14cc26b20730>,36,2,[2 8],49,51,53,2,49
1,<environment.Job instance at 0x14cc26b20fa0>,37,1,[6 2],51,51,52,0,51
1,<environment.Job instance at 0x14cc26b54690>,38,1,[2 9],52,53,54,1,52
1,<environment.Job instance at 0x14cc26b54280>,39,27,[ 2 10],53,54,81,1,53
1,<environment.Job instance at 0x14cc52ea01e0>,55,19,[2 9],76,81,100,5,77
1,<environment.Job instance at 0x14cc52ea0a50>,56,13,[12  2],77,438,451,361,438
1,<environment.Job instance at 0x14cc52ea0190>,59,2,[1 5],80,438,440,358,438
1,<environment.Job instance at 0x14cc52ea0b40>,60,1,[1 7],81,438,439,357,438
1,<environment.Job instance at 0x14cc52ea0960>,62,2,[1 5],83,439,441,356,438
1,<environment.Job instance at 0x14cc52ea03c0>,63,1,[1 9],85,441,442,356,438
1,<environment.Job instance at 0x14cc52ea0f00>,66,1,[2 6],88,442,443,354,442
1,<environment.Job instance at 0x14cc52ea0690>,67,1,[2 8],90,443,444,353,442
1,<environment.Job instance at 0x14cc52ea0820>,68,1,[2 6],91,444,445,353,442
1,<environment.Job instance at 0x14cc23e09780>,72,17,[9 1],96,453,470,357,453
1,<environment.Job instance at 0x14cc23e09640>,75,1,[1 8],99,453,454,354,453
1,<environment.Job instance at 0x14cc23e093c0>,77,2,[2 6],101,458,460,357,458
1,<environment.Job instance at 0x14cc26c218c0>,79,2,[10  2],103,470,472,367,461
1,<environment.Job instance at 0x14cc26c21500>,82,2,[1 6],107,477,479,370,477
1,<environment.Job instance at 0x14cc26c210f0>,83,15,[2 6],109,477,492,368,477
1,<environment.Job instance at 0x14cc26c21d70>,84,2,[7 2],110,477,479,367,477
1,<environment.Job instance at 0x14cc26c215f0>,85,13,[5 1],111,477,490,366,477
1,<environment.Job instance at 0x14cc26c217d0>,86,2,[1 8],112,479,481,367,477
1,<environment.Job instance at 0x14cc26c210a0>,87,14,[6 1],113,481,495,368,479
1,<environment.Job instance at 0x14cc26c21c80>,88,1,[2 5],114,481,482,367,479
1,<environment.Job instance at 0x14cc26c21820>,93,25,[12  1],119,495,520,376,495
1,<environment.Job instance at 0x14cc26c21050>,94,1,[ 2 10],120,495,496,375,495
1,<environment.Job instance at 0x14cc26c21280>,100,3,[2 9],130,517,520,387,517
1,<environment.Job instance at 0x14cc23edacd0>,101,23,[1 6],131,520,543,389,517
1,<environment.Job instance at 0x14cc23da30f0>,106,2,[7 1],142,537,539,395,537
1,<environment.Job instance at 0x14cc23da34b0>,107,18,[2 6],144,541,559,397,541
1,<environment.Job instance at 0x14cc23da38c0>,108,1,[7 1],146,541,542,395,541
1,<environment.Job instance at 0x14cc23da3460>,109,2,[5 1],147,541,543,394,541
1,<environment.Job instance at 0x14cc2833ae10>,9,15,[1 5],13,956,971,943,956
1,<environment.Job instance at 0x14cc52edcb90>,17,2,[6 1],24,1038,1040,1014,1038
1,<environment.Job instance at 0x14cc26a8a820>,6,1,[1 9],12,12,13,0,12
1,<environment.Job instance at 0x14cc26a8a9b0>,10,26,[2 8],18,19,45,1,19
1,<environment.Job instance at 0x14cc26ecd320>,26,27,[1 7],45,50,77,5,50
1,<environment.Job instance at 0x14cc25f91f00>,39,2,[1 8],67,77,79,10,77
1,<environment.Job instance at 0x14cc25f91d20>,40,1,[10  2],68,78,79,10,78
1,<environment.Job instance at 0x14cc25f91190>,44,1,[ 1 12],76,81,82,5,81
1,<environment.Job instance at 0x14cc25f91410>,46,1,[8 1],79,82,83,3,82
1,<environment.Job instance at 0x14cc25f8fe60>,48,1,[2 9],84,85,86,1,85
1,<environment.Job instance at 0x14cc269daf50>,17,1,[6 2],32,86,87,54,86
1,<environment.Job instance at 0x14cc25f8f960>,49,2,[7 2],85,86,88,1,86
1,<environment.Job instance at 0x14cc25f8ff50>,51,13,[13  2],87,1363,1376,1276,1363
1,<environment.Job instance at 0x14cc25f8f730>,53,2,[7 1],91,1376,1378,1285,1363
1,<environment.Job instance at 0x14cc25f8f870>,57,28,[5 1],96,1376,1404,1280,1375
1,<environment.Job instance at 0x14cc26bfdeb0>,62,1,[6 2],101,1385,1386,1284,1385
1,<environment.Job instance at 0x14cc26bfd5a0>,64,1,[7 1],104,1402,1403,1298,1402
1,<environment.Job instance at 0x14cc26bfd500>,70,2,[2 8],110,1408,1410,1298,1408
1,<environment.Job instance at 0x14cc26bfd050>,71,2,[5 1],111,1408,1410,1297,1408
1,<environment.Job instance at 0x14cc26bfd730>,72,1,[6 2],116,1408,1409,1292,1408
1,<environment.Job instance at 0x14cc26bfd140>,73,1,[1 9],117,1410,1411,1293,1408
1,<environment.Job instance at 0x14cc59619370>,78,1,[9 1],125,1411,1412,1286,1411
1,<environment.Job instance at 0x14cc595a56e0>,80,25,[8 1],129,1421,1446,1292,1421
1,<environment.Job instance at 0x14cc25548230>,86,1,[10  2],137,1446,1447,1309,1444
1,<environment.Job instance at 0x14cc25548780>,87,2,[7 2],138,1447,1449,1309,1445
1,<environment.Job instance at 0x14cc25548550>,93,2,[1 8],145,1461,1463,1316,1461
1,<environment.Job instance at 0x14cc25548b40>,95,1,[ 1 10],149,1467,1468,1318,1467
1,<environment.Job instance at 0x14cc255489b0>,2,2,[6 2],3,4,6,1,4
1,<environment.Job instance at 0x14cc27ebe140>,4,1,[6 1],6,6,7,0,6
1,<environment.Job instance at 0x14cc5800db90>,7,1,[1 6],10,10,11,0,10
1,<environment.Job instance at 0x14cc27ef4d20>,9,1,[1 7],12,12,13,0,12
1,<environment.Job instance at 0x14cc5800d6e0>,10,1,[6 2],13,13,14,0,13
1,<environment.Job instance at 0x14cc26e3f820>,11,2,[2 7],14,14,16,0,14
1,<environment.Job instance at 0x14cc2450a730>,15,2,[1 9],19,19,21,0,19
1,<environment.Job instance at 0x14cc249ca280>,16,2,[7 2],20,20,22,0,20
1,<environment.Job instance at 0x14cc23e74e60>,19,1,[8 1],24,24,25,0,24
1,<environment.Job instance at 0x14cc52f125f0>,20,1,[1 5],26,26,27,0,26
1,<environment.Job instance at 0x14cc52f12910>,21,1,[10  1],28,28,29,0,28
1,<environment.Job instance at 0x14cc52f12870>,22,1,[5 2],29,29,30,0,29
1,<environment.Job instance at 0x14cc245387d0>,24,25,[9 1],31,31,56,0,31
1,<environment.Job instance at 0x14cc52eb0690>,26,21,[ 2 10],34,40,61,6,40
1,<environment.Job instance at 0x14cc23ff4820>,30,15,[7 2],39,56,71,17,45
1,<environment.Job instance at 0x14cc521c4be0>,37,17,[2 5],47,61,78,14,59
1,<environment.Job instance at 0x14cc521c4d20>,40,2,[5 2],51,67,69,16,67
1,<environment.Job instance at 0x14cc521c4910>,41,2,[5 1],52,69,71,17,67
1,<environment.Job instance at 0x14cc521c4550>,42,1,[1 7],53,69,70,16,67
1,<environment.Job instance at 0x14cc521c44b0>,43,17,[9 1],56,71,88,15,67
1,<environment.Job instance at 0x14cc521c4230>,44,1,[6 2],57,78,79,21,67
1,<environment.Job instance at 0x14cc521c43c0>,45,1,[5 1],58,79,80,21,67
1,<environment.Job instance at 0x14cc2833af00>,46,1,[2 6],60,71,72,11,67
1,<environment.Job instance at 0x14cc521c4fa0>,47,3,[2 6],61,72,75,11,68
1,<environment.Job instance at 0x14cc2833aa00>,48,2,[9 1],62,88,90,26,68
1,<environment.Job instance at 0x14cc26a5a910>,49,13,[6 1],64,80,93,16,69
1,<environment.Job instance at 0x14cc52edce60>,50,2,[7 2],65,90,92,25,69
1,<environment.Job instance at 0x14cc26d16820>,51,2,[9 2],66,92,94,26,69
1,<environment.Job instance at 0x14cc52edcb40>,52,3,[5 1],67,93,96,26,69
1,<environment.Job instance at 0x14cc25f84140>,53,2,[ 1 10],68,90,92,22,69
1,<environment.Job instance at 0x14cc23bca5a0>,55,17,[12  1],70,96,113,26,85
1,<environment.Job instance at 0x14cc27f7eeb0>,56,1,[8 2],73,94,95,21,85
1,<environment.Job instance at 0x14cc58079410>,61,1,[8 2],78,113,114,35,100
1,<environment.Job instance at 0x14cc58079f00>,62,1,[5 2],79,113,114,34,100
1,<environment.Job instance at 0x14cc58079870>,63,1,[7 1],80,114,115,34,100
1,<environment.Job instance at 0x14cc7aa747d0>,64,1,[1 8],81,100,101,19,100
1,<environment.Job instance at 0x14cc59613500>,65,2,[6 2],82,114,116,32,100
1,<environment.Job instance at 0x14cc596137d0>,67,1,[6 2],85,115,116,30,100
1,<environment.Job instance at 0x14cc51b5a550>,69,2,[ 1 10],88,103,105,15,103
1,<environment.Job instance at 0x14cc51b5ac80>,70,13,[10  1],89,116,129,27,111
1,<environment.Job instance at 0x14cc51b5a3c0>,71,1,[5 1],90,116,117,26,111
1,<environment.Job instance at 0x14cc51b5a320>,73,2,[7 2],92,129,131,37,111
1,<environment.Job instance at 0x14cc51b5ad20>,75,3,[6 1],94,129,132,35,111
1,<environment.Job instance at 0x14cc51b5a190>,76,1,[13  1],95,132,133,37,111
1,<environment.Job instance at 0x14cc51b5a2d0>,78,1,[5 1],97,117,118,20,111
1,<environment.Job instance at 0x14cc26b5e3c0>,85,22,[8 1],105,133,155,28,126
1,<environment.Job instance at 0x14cc240bcbe0>,91,2,[2 9],112,135,137,23,135
1,<environment.Job instance at 0x14cc240bccd0>,92,2,[2 7],113,137,139,24,135
1,<environment.Job instance at 0x14cc52ea08c0>,93,18,[6 1],115,139,157,24,137
1,<environment.Job instance at 0x14cc52ea0eb0>,95,2,[10  1],117,157,159,40,138
1,<environment.Job instance at 0x14cc52ea0140>,96,22,[2 6],119,155,177,36,148
1,<environment.Job instance at 0x14cc52ea05f0>,97,1,[ 1 14],120,177,178,57,165
1,<environment.Job instance at 0x14cc52ea0fa0>,102,1,[8 1],127,165,166,38,165
1,<environment.Job instance at 0x14cc52ea03c0>,105,3,[ 2 14],132,178,181,46,169
1,<environment.Job instance at 0x14cc52ea0b40>,106,3,[1 8],133,169,172,36,169
1,<environment.Job instance at 0x14cc52ea04b0>,107,1,[ 2 10],134,181,182,47,169
1,<environment.Job instance at 0x14cc249cd370>,109,1,[6 1],137,169,170,32,169
1,<environment.Job instance at 0x14cc249cd4b0>,110,2,[6 1],139,170,172,31,169
1,<environment.Job instance at 0x14cc249cd870>,112,15,[10  2],144,181,196,37,180
1,<environment.Job instance at 0x14cc249cd820>,113,2,[7 2],145,196,198,51,180
1,<environment.Job instance at 0x14cc5007e8c0>,3,17,[5 2],4,322,339,318,322
1,<environment.Job instance at 0x14cc26d475f0>,27,21,[2 5],35,348,369,313,348
1,<environment.Job instance at 0x14cc23ff4b40>,28,15,[5 2],36,978,993,942,978
1,<environment.Job instance at 0x14cc26bc69b0>,0,15,[14  1],1,3,18,2,3
1,<environment.Job instance at 0x14cc23ff4690>,3,1,[1 8],4,4,5,0,4
1,<environment.Job instance at 0x14cc26bc6640>,4,1,[2 9],6,18,19,12,6
1,<environment.Job instance at 0x14cc25548780>,7,1,[7 2],12,18,19,6,12
1,<environment.Job instance at 0x14cc25548f50>,8,2,[2 7],13,19,21,6,13
1,<environment.Job instance at 0x14cc255485f0>,10,25,[6 1],15,18,43,3,15
1,<environment.Job instance at 0x14cc23e613c0>,14,2,[ 2 10],22,22,24,0,22
1,<environment.Job instance at 0x14cc26c4aa00>,18,22,[2 5],29,29,51,0,29
1,<environment.Job instance at 0x14cc242e7820>,21,26,[ 2 13],33,51,77,18,48
1,<environment.Job instance at 0x14cc23d04be0>,24,2,[12  1],37,48,50,11,48
1,<environment.Job instance at 0x14cc52ee1c80>,28,1,[8 1],42,50,51,8,48
1,<environment.Job instance at 0x14cc24523370>,31,3,[9 2],45,53,56,8,53
1,<environment.Job instance at 0x14cc24523f00>,32,1,[6 2],47,56,57,9,53
1,<environment.Job instance at 0x14cc24523730>,33,2,[ 1 10],48,77,79,29,53
1,<environment.Job instance at 0x14cc50063d20>,2,14,[1 6],3,79,93,76,65
1,<environment.Job instance at 0x14cc24a88780>,42,2,[ 1 11],67,93,95,26,81
1,<environment.Job instance at 0x14cc24a88370>,48,28,[5 2],74,85,113,11,85
1,<environment.Job instance at 0x14cc27e5ffa0>,51,3,[ 2 14],77,117,120,40,117
1,<environment.Job instance at 0x14cc25f8f370>,52,1,[5 1],78,117,118,39,117
1,<environment.Job instance at 0x14cc25f8fa00>,53,2,[2 6],79,120,122,41,117
1,<environment.Job instance at 0x14cc249a85a0>,63,1,[1 9],91,121,122,30,121
1,<environment.Job instance at 0x14cc249a8e10>,67,16,[7 1],95,127,143,32,127
1,<environment.Job instance at 0x14cc595a5b90>,71,26,[1 6],101,133,159,32,133
1,<environment.Job instance at 0x14cc595a5c80>,73,23,[2 6],104,147,170,43,147
1,<environment.Job instance at 0x14cc595a5f50>,74,23,[9 1],106,151,174,45,151
1,<environment.Job instance at 0x14cc26ddebe0>,84,3,[12  1],119,325,328,206,325
1,<environment.Job instance at 0x14cc26ddeaa0>,85,20,[8 1],120,328,348,208,325
1,<environment.Job instance at 0x14cc26dd89b0>,92,1,[ 2 10],137,325,326,188,325
1,<environment.Job instance at 0x14cc26dd8500>,93,3,[11  1],139,428,431,289,428
1,<environment.Job instance at 0x14cc58f465f0>,3,2,[5 2],6,6,8,0,6
1,<environment.Job instance at 0x14cc23f87eb0>,4,1,[ 2 10],7,7,8,0,7
1,<environment.Job instance at 0x14cc59627aa0>,5,1,[6 2],8,8,9,0,8
1,<environment.Job instance at 0x14cc27dec550>,6,2,[ 1 12],9,9,11,0,9
1,<environment.Job instance at 0x14cc52e41a00>,9,21,[5 1],12,12,33,0,12
1,<environment.Job instance at 0x14cc24a470f0>,20,22,[ 2 10],27,27,49,0,27
1,<environment.Job instance at 0x14cc59598460>,41,2,[7 1],58,58,60,0,58
1,<environment.Job instance at 0x14cc59598af0>,42,21,[6 1],60,60,81,0,60
1,<environment.Job instance at 0x14cc59598320>,43,3,[ 2 13],62,71,74,9,71
1,<environment.Job instance at 0x14cc78213af0>,48,1,[1 7],70,74,75,4,71
1,<environment.Job instance at 0x14cc5050af00>,50,27,[5 2],72,74,101,2,72
1,<environment.Job instance at 0x14cc23fb4af0>,57,18,[9 1],83,99,117,16,99
1,<environment.Job instance at 0x14cc23fb4dc0>,58,2,[8 1],85,117,119,32,99
1,<environment.Job instance at 0x14cc23fb4d20>,60,1,[7 1],87,117,118,30,100
1,<environment.Job instance at 0x14cc23e87dc0>,64,1,[1 7],94,100,101,6,100
1,<environment.Job instance at 0x14cc23e87e60>,66,2,[7 1],96,118,120,22,100
1,<environment.Job instance at 0x14cc23e87a50>,67,28,[1 6],97,119,147,22,118
1,<environment.Job instance at 0x14cc23b13910>,68,1,[1 7],100,119,120,19,118
1,<environment.Job instance at 0x14cc26da1820>,69,21,[9 1],101,120,141,19,118
1,<environment.Job instance at 0x14cc26b26be0>,73,2,[ 2 10],106,147,149,41,130
1,<environment.Job instance at 0x14cc26b26c30>,75,1,[1 9],109,141,142,32,131
1,<environment.Job instance at 0x14cc26b26190>,76,1,[2 7],110,131,132,21,131
1,<environment.Job instance at 0x14cc26b261e0>,77,2,[1 8],111,132,134,21,131
1,<environment.Job instance at 0x14cc26b26640>,78,1,[1 9],113,142,143,29,131
1,<environment.Job instance at 0x14cc26b26c80>,79,2,[ 2 10],115,149,151,34,131
1,<environment.Job instance at 0x14cc26b26320>,82,20,[ 2 11],118,151,171,33,142
1,<environment.Job instance at 0x14cc24091280>,85,15,[6 1],123,161,176,38,161
1,<environment.Job instance at 0x14cc24091e60>,86,1,[9 2],124,171,172,47,162
1,<environment.Job instance at 0x14cc52bfb370>,87,1,[2 8],125,172,173,47,162
1,<environment.Job instance at 0x14cc52bfb050>,89,1,[8 1],128,173,174,45,162
1,<environment.Job instance at 0x14cc595ad780>,90,1,[1 8],130,173,174,43,162
1,<environment.Job instance at 0x14cc595adb40>,91,1,[2 9],131,174,175,43,162
1,<environment.Job instance at 0x14cc26d72c80>,100,1,[1 6],142,175,176,33,174
1,<environment.Job instance at 0x14cc26d724b0>,101,1,[10  1],143,176,177,33,174
1,<environment.Job instance at 0x14cc26d722d0>,102,17,[5 1],144,175,192,31,175
1,<environment.Job instance at 0x14cc26d72f50>,106,26,[8 1],148,178,204,30,178
1,<environment.Job instance at 0x14cc59598230>,44,14,[2 6],63,355,369,292,355
1,<environment.Job instance at 0x14cc595985f0>,45,1,[ 2 10],64,369,370,305,367
1,<environment.Job instance at 0x14cc52215d20>,0,27,[6 1],1,1,28,0,1
1,<environment.Job instance at 0x14cc26a34640>,10,1,[6 1],15,24,25,9,24
1,<environment.Job instance at 0x14cc5219e870>,11,28,[14  1],18,28,56,10,27
1,<environment.Job instance at 0x14cc52f1c3c0>,18,2,[11  2],26,56,58,30,48
1,<environment.Job instance at 0x14cc279a5960>,20,2,[1 8],29,48,50,19,48
1,<environment.Job instance at 0x14cc500a1e10>,21,2,[1 5],30,50,52,20,48
1,<environment.Job instance at 0x14cc504deaa0>,33,2,[12  1],45,58,60,13,57
1,<environment.Job instance at 0x14cc504de2d0>,35,1,[2 8],47,57,58,10,57
1,<environment.Job instance at 0x14cc52f15f50>,38,15,[2 5],50,67,82,17,67
1,<environment.Job instance at 0x14cc26adff00>,41,17,[7 1],54,70,87,16,70
1,<environment.Job instance at 0x14cc26adf140>,47,1,[1 6],62,84,85,22,84
1,<environment.Job instance at 0x14cc52bf5410>,50,2,[7 2],65,85,87,20,85
1,<environment.Job instance at 0x14cc52bf5690>,51,1,[1 6],66,85,86,19,85
1,<environment.Job instance at 0x14cc27e10690>,55,15,[6 1],75,88,103,13,88
1,<environment.Job instance at 0x14cc27ecf9b0>,57,17,[8 1],77,99,116,22,99
1,<environment.Job instance at 0x14cc27e10af0>,58,1,[ 2 13],78,103,104,25,101
1,<environment.Job instance at 0x14cc52f5db40>,65,1,[6 2],87,107,108,20,107
1,<environment.Job instance at 0x14cc5218f730>,67,15,[8 1],89,116,131,27,115
1,<environment.Job instance at 0x14cc249a7230>,73,1,[7 2],102,124,125,22,124
1,<environment.Job instance at 0x14cc23cc68c0>,74,1,[2 8],103,125,126,22,124
1,<environment.Job instance at 0x14cc249a7870>,75,2,[2 9],104,126,128,22,124
1,<environment.Job instance at 0x14cc27de2eb0>,77,2,[7 1],107,128,130,21,124
1,<environment.Job instance at 0x14cc26e398c0>,78,1,[ 1 10],108,130,131,22,124
1,<environment.Job instance at 0x14cc26e39320>,79,26,[2 5],109,131,157,22,128
1,<environment.Job instance at 0x14cc242fa370>,91,2,[ 2 13],129,157,159,28,151
1,<environment.Job instance at 0x14cc242fa550>,93,28,[2 5],133,159,187,26,158
1,<environment.Job instance at 0x14cc26c69aa0>,4,2,[2 9],5,190,192,185,190
1,<environment.Job instance at 0x14cc24a1bd20>,98,1,[2 6],138,194,195,56,194
1,<environment.Job instance at 0x14cc24a1b690>,99,1,[1 5],140,197,198,57,197
1,<environment.Job instance at 0x14cc24a1b500>,97,16,[ 1 11],137,201,217,64,201
1,<environment.Job instance at 0x14cc24a1b410>,100,2,[2 8],141,226,228,85,226
1,<environment.Job instance at 0x14cc78213dc0>,5,13,[2 8],7,499,512,492,499
1,<environment.Job instance at 0x14cc23d56500>,0,2,[6 2],1,1,3,0,1
1,<environment.Job instance at 0x14cc23b0e5f0>,6,2,[10  2],10,10,12,0,10
1,<environment.Job instance at 0x14cc23a2c5a0>,8,1,[1 8],12,12,13,0,12
1,<environment.Job instance at 0x14cc239cc410>,9,25,[9 1],13,13,38,0,13
1,<environment.Job instance at 0x14cc23f6de10>,21,2,[ 1 14],30,34,36,4,34
1,<environment.Job instance at 0x14cc23a06640>,26,2,[1 5],36,36,38,0,36
1,<environment.Job instance at 0x14cc23f6df00>,23,3,[9 1],32,42,45,10,42
1,<environment.Job instance at 0x14cc24111190>,44,21,[10  2],62,63,84,1,63
1,<environment.Job instance at 0x14cc25f7ec30>,50,1,[ 1 12],74,74,75,0,74
1,<environment.Job instance at 0x14cc238cfeb0>,51,1,[10  2],75,84,85,9,75
1,<environment.Job instance at 0x14cc52f0dd20>,55,1,[9 1],80,85,86,5,80
1,<environment.Job instance at 0x14cc23cd60f0>,56,20,[9 1],81,86,106,5,81
1,<environment.Job instance at 0x14cc239877d0>,58,2,[13  1],84,106,108,22,91
1,<environment.Job instance at 0x14cc24a215a0>,59,1,[12  2],85,108,109,23,93
1,<environment.Job instance at 0x14cc2412b190>,60,1,[5 1],86,93,94,7,93
1,<environment.Job instance at 0x14cc27f4d3c0>,64,2,[1 6],96,96,98,0,96
1,<environment.Job instance at 0x14cc26b203c0>,66,2,[2 8],100,100,102,0,100
1,<environment.Job instance at 0x14cc26b20550>,67,1,[7 1],103,109,110,6,103
1,<environment.Job instance at 0x14cc52f08fa0>,68,2,[2 6],104,104,106,0,104
1,<environment.Job instance at 0x14cc27eff690>,45,22,[2 9],63,106,128,43,104
1,<environment.Job instance at 0x14cc27ebe4b0>,82,2,[2 6],121,123,125,2,123
1,<environment.Job instance at 0x14cc5009e370>,88,1,[2 5],129,129,130,0,129
1,<environment.Job instance at 0x14cc500a1460>,90,1,[ 1 13],131,131,132,0,131
1,<environment.Job instance at 0x14cc27ebe1e0>,81,1,[1 9],120,148,149,28,148
1,<environment.Job instance at 0x14cc2419b410>,91,12,[ 1 14],132,576,588,444,576
1,<environment.Job instance at 0x14cc238c4a00>,94,1,[11  1],143,587,588,444,587
1,<environment.Job instance at 0x14cc238c4be0>,95,2,[5 1],144,588,590,444,587
1,<environment.Job instance at 0x14cc238c4af0>,97,2,[1 8],146,588,590,442,587
1,<environment.Job instance at 0x14cc2419b050>,92,1,[5 2],133,588,589,455,588
1,<environment.Job instance at 0x14cc23f6d0f0>,22,1,[7 2],31,658,659,627,658
1,<environment.Job instance at 0x14cc23a58d70>,24,15,[6 1],33,870,885,837,870
1,<environment.Job instance at 0x14cc52f542d0>,0,1,[2 9],1,1,2,0,1
1,<environment.Job instance at 0x14cc23f01a00>,1,1,[1 5],2,2,3,0,2
1,<environment.Job instance at 0x14cc28263cd0>,7,2,[9 2],11,11,13,0,11
1,<environment.Job instance at 0x14cc28263dc0>,8,2,[2 7],15,15,17,0,15
1,<environment.Job instance at 0x14cc282633c0>,9,1,[8 1],16,16,17,0,16
1,<environment.Job instance at 0x14cc522fcf00>,14,2,[7 2],21,21,23,0,21
1,<environment.Job instance at 0x14cc522fccd0>,15,1,[ 2 10],22,22,23,0,22
1,<environment.Job instance at 0x14cc23adedc0>,19,1,[9 2],28,28,29,0,28
1,<environment.Job instance at 0x14cc23db89b0>,20,17,[8 1],29,29,46,0,29
1,<environment.Job instance at 0x14cc5004a0f0>,24,15,[9 1],34,46,61,12,46
1,<environment.Job instance at 0x14cc5004a640>,30,2,[2 8],42,47,49,5,47
1,<environment.Job instance at 0x14cc2802abe0>,37,2,[8 2],50,61,63,11,53
1,<environment.Job instance at 0x14cc522aefa0>,38,1,[1 6],51,53,54,2,53
1,<environment.Job instance at 0x14cc23ab4370>,40,16,[1 5],53,54,70,1,54
1,<environment.Job instance at 0x14cc2419a8c0>,43,17,[12  1],57,76,93,19,76
1,<environment.Job instance at 0x14cc242d8f50>,50,3,[2 8],65,93,96,28,93
1,<environment.Job instance at 0x14cc242d8780>,51,2,[1 7],66,93,95,27,93
1,<environment.Job instance at 0x14cc242d86e0>,52,2,[1 6],67,95,97,28,93
1,<environment.Job instance at 0x14cc242d8280>,55,3,[8 2],71,96,99,25,95
1,<environment.Job instance at 0x14cc242d8c80>,57,2,[9 1],74,99,101,25,96
1,<environment.Job instance at 0x14cc242d80f0>,58,1,[2 5],75,96,97,21,96
1,<environment.Job instance at 0x14cc50037550>,60,2,[2 8],80,97,99,17,96
1,<environment.Job instance at 0x14cc52fcb050>,64,12,[1 7],86,111,123,25,111
1,<environment.Job instance at 0x14cc52fcbd70>,68,2,[2 9],90,123,125,33,117
1,<environment.Job instance at 0x14cc52fcbf00>,70,2,[8 1],92,121,123,29,121
1,<environment.Job instance at 0x14cc27effcd0>,71,16,[7 2],94,127,143,33,127
1,<environment.Job instance at 0x14cc23ec8aa0>,74,12,[ 2 11],98,147,159,49,147
1,<environment.Job instance at 0x14cc2496e190>,80,23,[2 5],107,159,182,52,154
1,<environment.Job instance at 0x14cc23df2b40>,86,1,[5 2],113,173,174,60,173
1,<environment.Job instance at 0x14cc23cf70a0>,88,2,[2 6],115,176,178,61,176
1,<environment.Job instance at 0x14cc26dde230>,90,18,[1 6],118,179,197,61,179
1,<environment.Job instance at 0x14cc26c7bf50>,93,17,[11  2],122,331,348,209,331
1,<environment.Job instance at 0x14cc26ad9780>,99,18,[2 5],130,344,362,214,344
1,<environment.Job instance at 0x14cc505014b0>,104,18,[ 1 14],137,362,380,225,356
1,<environment.Job instance at 0x14cc24157730>,112,28,[ 2 10],146,380,408,234,379
1,<environment.Job instance at 0x14cc28300eb0>,3,1,[ 1 10],7,7,8,0,7
1,<environment.Job instance at 0x14cc26dd8500>,4,1,[5 2],8,8,9,0,8
1,<environment.Job instance at 0x14cc26d16e60>,5,1,[8 1],9,9,10,0,9
1,<environment.Job instance at 0x14cc23f785f0>,12,2,[2 5],24,24,26,0,24
1,<environment.Job instance at 0x14cc23ec8a00>,13,19,[ 2 14],25,30,49,5,30
1,<environment.Job instance at 0x14cc23b22730>,27,1,[9 2],43,49,50,6,43
1,<environment.Job instance at 0x14cc23b224b0>,31,1,[10  2],49,50,51,1,49
1,<environment.Job instance at 0x14cc580707d0>,15,3,[9 1],27,51,54,24,51
1,<environment.Job instance at 0x14cc23b22050>,34,1,[1 7],52,52,53,0,52
1,<environment.Job instance at 0x14cc52f1ff00>,35,1,[9 1],54,54,55,0,54
1,<environment.Job instance at 0x14cc51b5ab40>,0,1,[14  1],1,6,7,5,6
1,<environment.Job instance at 0x14cc26d5d280>,12,1,[10  1],19,19,20,0,19
1,<environment.Job instance at 0x14cc249f8140>,14,2,[8 1],21,21,23,0,21
1,<environment.Job instance at 0x14cc249f8dc0>,15,1,[5 2],22,22,23,0,22
1,<environment.Job instance at 0x14cc24a8b050>,17,2,[5 1],24,24,26,0,24
1,<environment.Job instance at 0x14cc52fa8410>,20,1,[1 5],28,28,29,0,28
1,<environment.Job instance at 0x14cc23fc1d70>,21,1,[8 2],29,29,30,0,29
1,<environment.Job instance at 0x14cc23f6b8c0>,22,2,[7 1],30,30,32,0,30
1,<environment.Job instance at 0x14cc23f6b460>,23,1,[10  1],31,32,33,1,31
1,<environment.Job instance at 0x14cc240c7820>,24,2,[ 1 10],32,32,34,0,32
1,<environment.Job instance at 0x14cc23b5e5f0>,25,2,[1 8],33,34,36,1,33
1,<environment.Job instance at 0x14cc51b5a5a0>,2,3,[10  1],3,36,39,33,36
1,<environment.Job instance at 0x14cc26c36820>,30,1,[2 5],38,38,39,0,38
1,<environment.Job instance at 0x14cc26c36910>,31,3,[ 1 11],41,55,58,14,55
1,<environment.Job instance at 0x14cc26c36cd0>,33,2,[2 5],43,58,60,15,55
1,<environment.Job instance at 0x14cc24114a50>,38,2,[5 2],50,55,57,5,55
1,<environment.Job instance at 0x14cc24114500>,40,1,[1 5],53,58,59,5,55
1,<environment.Job instance at 0x14cc51b5aaa0>,4,17,[7 2],6,63,80,57,63
1,<environment.Job instance at 0x14cc26c36410>,32,2,[1 9],42,98,100,56,98
1,<environment.Job instance at 0x14cc7a9e5780>,54,3,[ 1 14],70,107,110,37,107
1,<environment.Job instance at 0x14cc59619eb0>,56,2,[8 1],73,107,109,34,107
1,<environment.Job instance at 0x14cc240b9690>,64,23,[1 5],84,110,133,26,108
1,<environment.Job instance at 0x14cc7a9b2dc0>,74,22,[5 1],96,129,151,33,129
1,<environment.Job instance at 0x14cc500a8cd0>,78,2,[5 2],103,140,142,37,140
1,<environment.Job instance at 0x14cc26c82320>,82,12,[9 1],108,150,162,42,150
1,<environment.Job instance at 0x14cc23c87f50>,94,18,[ 2 11],122,249,267,127,249
1,<environment.Job instance at 0x14cc23c87af0>,97,2,[ 1 13],125,267,269,142,262
1,<environment.Job instance at 0x14cc23fb4e10>,106,2,[8 2],137,268,270,131,268
1,<environment.Job instance at 0x14cc23fb48c0>,107,2,[11  1],138,270,272,132,268
1,<environment.Job instance at 0x14cc23fb4a50>,108,1,[8 2],139,272,273,133,268
1,<environment.Job instance at 0x14cc23fb45a0>,110,28,[ 2 10],141,271,299,130,271
1,<environment.Job instance at 0x14cc59619500>,55,3,[5 1],71,327,330,256,327
1,<environment.Job instance at 0x14cc24952d20>,1,3,[10  1],2,420,423,418,420
1,<environment.Job instance at 0x14cc51b5a5f0>,3,1,[8 1],4,568,569,564,568
1,<environment.Job instance at 0x14cc23d8b7d0>,1,2,[6 2],3,3,5,0,3
1,<environment.Job instance at 0x14cc25fabe60>,2,2,[1 5],4,5,7,1,5
1,<environment.Job instance at 0x14cc521b1c80>,6,2,[6 2],10,10,12,0,10
1,<environment.Job instance at 0x14cc24a2c050>,7,2,[2 9],12,12,14,0,12
1,<environment.Job instance at 0x14cc24a2c820>,11,2,[ 1 11],17,19,21,2,19
1,<environment.Job instance at 0x14cc24a2c780>,14,1,[1 5],20,21,22,1,20
1,<environment.Job instance at 0x14cc24a2caa0>,16,12,[7 2],22,22,34,0,22
1,<environment.Job instance at 0x14cc24a2c640>,17,1,[2 5],24,24,25,0,24
1,<environment.Job instance at 0x14cc24a2ceb0>,12,2,[1 8],18,24,26,6,24
1,<environment.Job instance at 0x14cc24a2cf50>,19,3,[1 6],29,29,32,0,29
1,<environment.Job instance at 0x14cc23a762d0>,21,3,[2 5],31,31,34,0,31
1,<environment.Job instance at 0x14cc23a765f0>,22,16,[7 2],32,34,50,2,33
1,<environment.Job instance at 0x14cc24ab3b90>,27,2,[8 1],43,43,45,0,43
1,<environment.Job instance at 0x14cc24ab3a50>,29,1,[2 8],46,46,47,0,46
1,<environment.Job instance at 0x14cc24ab3280>,30,2,[10  1],47,50,52,3,47
1,<environment.Job instance at 0x14cc24ab3230>,32,3,[5 1],50,50,53,0,50
1,<environment.Job instance at 0x14cc24ab37d0>,33,26,[5 2],52,52,78,0,52
1,<environment.Job instance at 0x14cc23a61c30>,34,2,[7 2],54,54,56,0,54
1,<environment.Job instance at 0x14cc23a617d0>,37,3,[2 6],57,57,60,0,57
1,<environment.Job instance at 0x14cc23a61cd0>,38,12,[6 1],60,60,72,0,60
1,<environment.Job instance at 0x14cc23a616e0>,39,18,[1 6],61,61,79,0,61
1,<environment.Job instance at 0x14cc23a61690>,42,1,[5 2],67,72,73,5,67
1,<environment.Job instance at 0x14cc23a61d70>,43,1,[9 1],68,73,74,5,68
1,<environment.Job instance at 0x14cc23ffe870>,44,23,[9 1],70,74,97,4,70
1,<environment.Job instance at 0x14cc23ffe5a0>,47,16,[9 2],73,97,113,24,84
1,<environment.Job instance at 0x14cc23ffe050>,48,2,[1 5],74,84,86,10,84
1,<environment.Job instance at 0x14cc23ffe5f0>,49,1,[2 5],75,84,85,9,84
1,<environment.Job instance at 0x14cc23ffed70>,50,12,[5 1],78,85,97,7,84
1,<environment.Job instance at 0x14cc23ffebe0>,51,1,[10  1],80,113,114,33,85
1,<environment.Job instance at 0x14cc23ffec80>,52,1,[7 1],81,114,115,33,86
1,<environment.Job instance at 0x14cc23ffe2d0>,53,2,[10  1],82,115,117,33,88
1,<environment.Job instance at 0x14cc23ffedc0>,54,1,[6 2],83,97,98,14,88
1,<environment.Job instance at 0x14cc27effc80>,55,3,[6 2],84,98,101,14,88
1,<environment.Job instance at 0x14cc23d56320>,56,3,[2 5],88,101,104,13,88
1,<environment.Job instance at 0x14cc23d56fa0>,57,2,[5 1],89,104,106,15,89
1,<environment.Job instance at 0x14cc24a2c550>,13,16,[ 1 12],19,104,120,85,92
1,<environment.Job instance at 0x14cc51b6a0f0>,64,18,[7 2],100,117,135,17,106
1,<environment.Job instance at 0x14cc26a8a960>,67,2,[14  2],104,135,137,31,119
1,<environment.Job instance at 0x14cc26a8a410>,69,1,[14  2],106,137,138,31,121
1,<environment.Job instance at 0x14cc26a8a460>,72,2,[1 9],109,122,124,13,122
1,<environment.Job instance at 0x14cc26a8a820>,75,2,[1 8],113,124,126,11,122
1,<environment.Job instance at 0x14cc26a8a9b0>,76,17,[9 1],114,138,155,24,130
1,<environment.Job instance at 0x14cc26a8a730>,77,2,[2 8],117,130,132,13,130
1,<environment.Job instance at 0x14cc26a8a5a0>,79,1,[10  2],119,155,156,36,130
1,<environment.Job instance at 0x14cc599fdaa0>,83,18,[8 1],127,156,174,29,145
1,<environment.Job instance at 0x14cc52ef03c0>,84,1,[6 2],128,145,146,17,145
1,<environment.Job instance at 0x14cc52ef09b0>,85,1,[6 1],129,146,147,17,145
1,<environment.Job instance at 0x14cc52ef00a0>,86,1,[8 1],130,174,175,44,146
1,<environment.Job instance at 0x14cc52ea58c0>,87,1,[5 1],133,147,148,14,146
1,<environment.Job instance at 0x14cc27e9eb90>,88,2,[1 9],134,147,149,13,146
1,<environment.Job instance at 0x14cc238cfd70>,89,3,[ 2 10],136,149,152,13,146
1,<environment.Job instance at 0x14cc24204e10>,90,2,[7 1],138,156,158,18,146
1,<environment.Job instance at 0x14cc500a8e60>,91,2,[ 1 10],141,152,154,11,146
1,<environment.Job instance at 0x14cc28300f50>,92,1,[ 2 10],142,154,155,12,146
1,<environment.Job instance at 0x14cc23e804b0>,93,3,[1 9],144,158,161,14,146
1,<environment.Job instance at 0x14cc23a76280>,23,12,[9 1],33,648,660,615,648
1,<environment.Job instance at 0x14cc23d56910>,59,13,[2 8],93,1296,1309,1203,1296
1,<environment.Job instance at 0x14cc23d0f140>,5,2,[14  1],7,13,15,6,13
1,<environment.Job instance at 0x14cc23d0f690>,11,2,[1 8],16,16,18,0,16
1,<environment.Job instance at 0x14cc23d0ff00>,13,1,[2 9],18,18,19,0,18
1,<environment.Job instance at 0x14cc23c8b9b0>,14,1,[10  2],19,19,20,0,19
1,<environment.Job instance at 0x14cc23ec8550>,3,1,[8 2],5,20,21,15,20
1,<environment.Job instance at 0x14cc26c78f50>,15,2,[5 2],22,22,24,0,22
1,<environment.Job instance at 0x14cc52edac80>,16,2,[10  1],23,23,25,0,23
1,<environment.Job instance at 0x14cc26d897d0>,17,17,[7 1],25,25,42,0,25
1,<environment.Job instance at 0x14cc23c60dc0>,22,1,[1 7],37,37,38,0,37
1,<environment.Job instance at 0x14cc249e5190>,34,1,[1 9],58,58,59,0,58
1,<environment.Job instance at 0x14cc242bd140>,37,1,[2 8],64,64,65,0,64
1,<environment.Job instance at 0x14cc242bd690>,38,2,[9 1],67,67,69,0,67
1,<environment.Job instance at 0x14cc269fe280>,41,2,[6 2],72,73,75,1,73
1,<environment.Job instance at 0x14cc23fb9960>,45,1,[9 1],81,81,82,0,81
1,<environment.Job instance at 0x14cc23fb9b90>,46,2,[1 7],83,83,85,0,83
1,<environment.Job instance at 0x14cc26defa50>,47,2,[2 5],84,84,86,0,84
1,<environment.Job instance at 0x14cc595d4d70>,26,2,[8 1],46,244,246,198,244
1,<environment.Job instance at 0x14cc23a821e0>,50,2,[10  1],87,795,797,708,795
1,<environment.Job instance at 0x14cc23a82820>,49,13,[ 1 13],86,1104,1117,1018,1104
1,<environment.Job instance at 0x14cc25f8f960>,79,2,[1 9],128,1117,1119,989,1116
1,<environment.Job instance at 0x14cc25f8fd20>,80,3,[ 2 12],130,1129,1132,999,1129
1,<environment.Job instance at 0x14cc25f8f320>,83,2,[5 1],137,1129,1131,992,1129
1,<environment.Job instance at 0x14cc25f8f1e0>,84,1,[2 5],138,1132,1133,994,1129
1,<environment.Job instance at 0x14cc25f8f140>,85,2,[1 8],139,1132,1134,993,1129
1,<environment.Job instance at 0x14cc25f8f910>,89,2,[11  1],144,1136,1138,992,1136
1,<environment.Job instance at 0x14cc25f8ffa0>,91,27,[9 2],148,1139,1166,991,1139
1,<environment.Job instance at 0x14cc25f8f0a0>,92,2,[7 1],149,1166,1168,1017,1139
1,<environment.Job instance at 0x14cc23d0fe10>,6,14,[6 2],10,1146,1160,1136,1146
1,<environment.Job instance at 0x14cc23ad8410>,51,2,[8 1],88,1202,1204,1114,1202
1,<environment.Job instance at 0x14cc58ca9eb0>,0,1,[6 1],1,1,2,0,1
1,<environment.Job instance at 0x14cc58ca9e60>,1,1,[1 5],2,2,3,0,2
1,<environment.Job instance at 0x14cc52244780>,2,2,[1 7],3,3,5,0,3
1,<environment.Job instance at 0x14cc23833410>,4,1,[1 8],5,5,6,0,5
1,<environment.Job instance at 0x14cc5050c460>,5,2,[2 5],6,6,8,0,6
1,<environment.Job instance at 0x14cc23dbe320>,8,1,[2 9],9,9,10,0,9
1,<environment.Job instance at 0x14cc2377f410>,10,1,[9 1],13,13,14,0,13
1,<environment.Job instance at 0x14cc52f208c0>,12,2,[1 8],15,15,17,0,15
1,<environment.Job instance at 0x14cc522f0d70>,1,1,[7 1],4,4,5,0,4
1,<environment.Job instance at 0x14cc237276e0>,2,1,[1 5],5,5,6,0,5
1,<environment.Job instance at 0x14cc23727a00>,5,21,[2 6],9,9,30,0,9
1,<environment.Job instance at 0x14cc23c97550>,15,1,[1 7],22,22,23,0,22
1,<environment.Job instance at 0x14cc23c97c30>,16,2,[1 8],23,23,25,0,23
1,<environment.Job instance at 0x14cc23c97820>,17,2,[ 1 10],26,30,32,4,26
1,<environment.Job instance at 0x14cc23c7dc80>,19,15,[7 2],28,28,43,0,28
1,<environment.Job instance at 0x14cc23c7d500>,21,2,[1 6],30,34,36,4,34
1,<environment.Job instance at 0x14cc52f860f0>,22,24,[9 2],31,43,67,12,38
1,<environment.Job instance at 0x14cc52f86640>,26,16,[5 1],38,50,66,12,50
1,<environment.Job instance at 0x14cc52f86c80>,28,1,[1 9],40,52,53,12,52
1,<environment.Job instance at 0x14cc52f869b0>,29,1,[10  2],41,67,68,26,52
1,<environment.Job instance at 0x14cc52efe3c0>,31,1,[6 2],45,66,67,21,52
1,<environment.Job instance at 0x14cc23e93c30>,34,13,[6 1],48,68,81,20,62
1,<environment.Job instance at 0x14cc23618410>,37,15,[2 8],52,67,82,15,63
1,<environment.Job instance at 0x14cc27dc0e60>,38,17,[8 1],53,81,98,28,69
1,<environment.Job instance at 0x14cc26e482d0>,39,1,[ 2 10],55,82,83,27,69
1,<environment.Job instance at 0x14cc236c6870>,40,2,[2 8],58,83,85,25,69
1,<environment.Job instance at 0x14cc2415fcd0>,42,2,[6 2],61,73,75,12,73
1,<environment.Job instance at 0x14cc2415f5a0>,43,1,[2 5],62,75,76,13,73
1,<environment.Job instance at 0x14cc235fc230>,44,3,[2 8],66,85,88,19,73
1,<environment.Job instance at 0x14cc2413c410>,45,2,[1 9],67,88,90,21,73
1,<environment.Job instance at 0x14cc7a9e1eb0>,47,2,[5 2],69,76,78,7,73
1,<environment.Job instance at 0x14cc28336190>,48,2,[ 2 10],72,90,92,18,73
1,<environment.Job instance at 0x14cc24145be0>,50,1,[2 5],74,78,79,4,74
1,<environment.Job instance at 0x14cc24145a50>,51,2,[5 1],75,78,80,3,75
1,<environment.Job instance at 0x14cc24145230>,52,17,[6 2],76,92,109,16,81
1,<environment.Job instance at 0x14cc24145190>,53,1,[9 1],77,98,99,21,81
1,<environment.Job instance at 0x14cc23f61190>,54,12,[1 7],79,99,111,20,82
1,<environment.Job instance at 0x14cc23f613c0>,55,1,[7 1],80,99,100,19,82
1,<environment.Job instance at 0x14cc23f610a0>,56,2,[2 7],81,109,111,28,82
1,<environment.Job instance at 0x14cc26e56d70>,57,23,[2 9],82,111,134,29,105
1,<environment.Job instance at 0x14cc26a5b0f0>,58,15,[5 2],83,111,126,28,105
1,<environment.Job instance at 0x14cc26a5b9b0>,59,2,[7 1],84,105,107,21,105
1,<environment.Job instance at 0x14cc26a5b190>,60,1,[1 6],86,107,108,21,105
1,<environment.Job instance at 0x14cc26a5b5a0>,61,2,[6 2],87,111,113,24,105
1,<environment.Job instance at 0x14cc26a5baf0>,62,2,[10  2],89,126,128,37,105
1,<environment.Job instance at 0x14cc26a5b500>,63,2,[2 7],93,134,136,41,107
1,<environment.Job instance at 0x14cc235c2b40>,65,1,[8 2],96,108,109,12,107
1,<environment.Job instance at 0x14cc26a5bfa0>,67,2,[8 1],100,109,111,9,107
1,<environment.Job instance at 0x14cc27f3d0a0>,69,1,[1 6],102,128,129,26,107
1,<environment.Job instance at 0x14cc27f3d820>,70,1,[8 1],106,113,114,7,107
1,<environment.Job instance at 0x14cc27f3d0f0>,71,1,[10  1],107,129,130,22,107
1,<environment.Job instance at 0x14cc241759b0>,73,2,[9 1],109,130,132,21,109
1,<environment.Job instance at 0x14cc5050de10>,75,12,[7 1],111,114,126,3,111
1,<environment.Job instance at 0x14cc27f40aa0>,77,3,[7 1],113,132,135,19,113
1,<environment.Job instance at 0x14cc27f40d70>,78,2,[2 8],115,135,137,20,115
1,<environment.Job instance at 0x14cc27f40500>,80,3,[13  1],117,136,139,19,128
1,<environment.Job instance at 0x14cc27f400f0>,82,1,[2 9],119,137,138,18,128
1,<environment.Job instance at 0x14cc2362bf50>,84,1,[10  1],125,139,140,14,128
1,<environment.Job instance at 0x14cc2362b190>,85,1,[7 2],126,140,141,14,128
1,<environment.Job instance at 0x14cc2362b050>,87,1,[2 9],128,138,139,10,128
1,<environment.Job instance at 0x14cc236155a0>,90,1,[1 6],136,139,140,3,136
1,<environment.Job instance at 0x14cc23615a50>,91,14,[2 9],138,140,154,2,138
1,<environment.Job instance at 0x14cc23615aa0>,92,2,[6 2],139,140,142,1,139
1,<environment.Job instance at 0x14cc236154b0>,93,3,[1 6],140,142,145,2,140
1,<environment.Job instance at 0x14af8c692c30>,3,1,[6 2],4,5,6,1,5
1,<environment.Job instance at 0x14af8cd6b910>,9,2,[6 1],11,11,13,0,11
1,<environment.Job instance at 0x14af8cdc85f0>,14,2,[ 1 10],18,18,20,0,18
1,<environment.Job instance at 0x14af8cdc8550>,15,1,[ 1 10],20,20,21,0,20
1,<environment.Job instance at 0x14af8ce9c0f0>,16,1,[2 5],21,21,22,0,21
1,<environment.Job instance at 0x14af8cdeb9b0>,20,2,[ 1 13],27,27,29,0,27
1,<environment.Job instance at 0x14af8ce10410>,22,1,[2 7],30,30,31,0,30
1,<environment.Job instance at 0x14af8ce08140>,25,2,[2 8],34,34,36,0,34
1,<environment.Job instance at 0x14af8cdaf9b0>,33,1,[2 7],43,43,44,0,43
1,<environment.Job instance at 0x14af8cdafa50>,34,15,[11  1],44,150,165,106,150
1,<environment.Job instance at 0x14af8cdafeb0>,35,2,[1 8],45,172,174,127,172
1,<environment.Job instance at 0x14af8cdafdc0>,36,3,[10  2],48,442,445,394,442
1,<environment.Job instance at 0x14af8c68ffa0>,0,1,[8 1],1,1,2,0,1
1,<environment.Job instance at 0x14af8c68faa0>,2,3,[1 6],3,4,7,1,4
1,<environment.Job instance at 0x14af8ef24d70>,4,1,[10  1],6,6,7,0,6
1,<environment.Job instance at 0x14af8ef42b90>,8,2,[2 8],11,11,13,0,11
1,<environment.Job instance at 0x14af8ef42cd0>,9,1,[1 6],13,13,14,0,13
1,<environment.Job instance at 0x14af8cdafd70>,3,25,[12  2],4,14,39,10,14
1,<environment.Job instance at 0x14af8ef4b410>,19,22,[1 5],30,31,53,1,31
1,<environment.Job instance at 0x14af8ee88460>,29,1,[13  1],44,54,55,10,54
1,<environment.Job instance at 0x14af8ee881e0>,31,1,[2 5],46,54,55,8,54
1,<environment.Job instance at 0x14af8ef4bd70>,23,3,[1 5],37,73,76,36,73
1,<environment.Job instance at 0x14af8ef4b1e0>,24,3,[9 2],38,109,112,71,109
1,<environment.Job instance at 0x14af8ee886e0>,30,3,[1 9],45,755,758,710,755
1,<environment.Job instance at 0x14af8ef4b820>,26,12,[9 1],41,960,972,919,960
1,<environment.Job instance at 0x14af8f0d7640>,3,1,[1 6],7,7,8,0,7
1,<environment.Job instance at 0x14af8f14c2d0>,5,2,[ 1 10],9,9,11,0,9
1,<environment.Job instance at 0x14af8f14c280>,12,2,[ 1 10],18,18,20,0,18
1,<environment.Job instance at 0x14af8f1476e0>,14,2,[1 8],21,21,23,0,21
1,<environment.Job instance at 0x14af8f147e10>,16,1,[1 5],23,23,24,0,23
1,<environment.Job instance at 0x14af8f147dc0>,18,1,[2 7],27,27,28,0,27
1,<environment.Job instance at 0x14af8f0aefa0>,19,1,[2 5],28,28,29,0,28
1,<environment.Job instance at 0x14af8f145b90>,21,2,[14  1],30,36,38,6,36
1,<environment.Job instance at 0x14af8f145d70>,23,3,[2 8],32,38,41,6,38
1,<environment.Job instance at 0x14af8f0c2be0>,30,1,[2 8],41,41,42,0,41
1,<environment.Job instance at 0x14af8f0c2550>,31,1,[ 2 10],42,42,43,0,42
1,<environment.Job instance at 0x14af8ce1dc80>,32,1,[ 2 14],43,43,44,0,43
1,<environment.Job instance at 0x14af8ce1d910>,33,1,[8 2],44,44,45,0,44
1,<environment.Job instance at 0x14af8ce1d820>,34,15,[5 1],45,45,60,0,45
1,<environment.Job instance at 0x14af8f145690>,22,1,[5 1],31,234,235,203,234
1,<environment.Job instance at 0x14af8f145d20>,24,12,[9 2],34,1284,1296,1250,1284
1,<environment.Job instance at 0x14af8ee04730>,0,3,[11  2],1,154,157,153,154
1,<environment.Job instance at 0x14af903ea370>,7,1,[1 6],9,154,155,145,154
1,<environment.Job instance at 0x14af903ea280>,10,3,[12  1],14,270,273,256,270
1,<environment.Job instance at 0x14af903eaeb0>,11,1,[1 8],16,270,271,254,270
1,<environment.Job instance at 0x14af8ee04960>,2,3,[2 5],3,1334,1337,1331,1334
1,<environment.Job instance at 0x14af90647910>,16,13,[ 1 14],22,1337,1350,1315,1335
1,<environment.Job instance at 0x14af90647b40>,19,2,[7 2],25,1335,1337,1310,1335
1,<environment.Job instance at 0x14af906472d0>,20,12,[6 1],26,1335,1347,1309,1335
1,<environment.Job instance at 0x14af906471e0>,21,28,[2 8],29,1350,1378,1321,1349
1,<environment.Job instance at 0x14af90647e10>,29,2,[ 2 10],44,1378,1380,1334,1351
1,<environment.Job instance at 0x14af903ea870>,9,3,[9 1],13,1389,1392,1376,1389
1,<environment.Job instance at 0x14af90647230>,17,27,[1 8],23,1411,1438,1388,1411
1,<environment.Job instance at 0x14af8c12e370>,0,2,[ 1 10],1,1,3,0,1
1,<environment.Job instance at 0x14af8c438780>,3,1,[2 9],4,4,5,0,4
1,<environment.Job instance at 0x14af8cdc9e60>,19,16,[9 1],26,34,50,8,34
1,<environment.Job instance at 0x14af8c64f690>,31,1,[2 6],46,46,47,0,46
1,<environment.Job instance at 0x14af8c64f870>,32,2,[1 6],47,47,49,0,47
1,<environment.Job instance at 0x14af8c6502d0>,12,2,[10  1],15,85,87,70,85
1,<environment.Job instance at 0x14af8cdc0d20>,14,18,[8 1],18,1011,1029,993,1011
1,<environment.Job instance at 0x14af8c6b76e0>,18,1,[2 6],23,1781,1782,1758,1781
1,<environment.Job instance at 0x14af8c3c2f00>,0,1,[2 8],2,2,3,0,2
1,<environment.Job instance at 0x14af8f03f7d0>,8,2,[ 2 12],16,16,18,0,16
1,<environment.Job instance at 0x14af97218be0>,13,2,[6 2],22,1639,1641,1617,1639
1,<environment.Job instance at 0x14af97218b90>,16,3,[ 2 10],25,1639,1642,1614,1639
1,<environment.Job instance at 0x14af97218fa0>,17,3,[ 1 13],26,1722,1725,1696,1722
1,<environment.Job instance at 0x14af97218c30>,12,13,[ 1 11],21,2929,2942,2908,2929
1,<environment.Job instance at 0x14af97218a00>,19,21,[ 2 13],30,2942,2963,2912,2935
1,<environment.Job instance at 0x14af97218690>,18,3,[1 5],29,2963,2966,2934,2953
1,<environment.Job instance at 0x14af8c4d6640>,7,2,[2 5],14,14,16,0,14
1,<environment.Job instance at 0x14af972cdc80>,8,1,[ 2 10],15,15,16,0,15
1,<environment.Job instance at 0x14af8c49ecd0>,12,21,[7 2],20,22,43,2,22
1,<environment.Job instance at 0x14af8f179c80>,27,1,[ 2 10],45,45,46,0,45
1,<environment.Job instance at 0x14af8f179870>,29,1,[1 8],48,59,60,11,59
1,<environment.Job instance at 0x14af95f3b190>,10,2,[ 1 10],17,75,77,58,75
1,<environment.Job instance at 0x14af9659b370>,14,3,[1 9],22,204,207,182,204
1,<environment.Job instance at 0x14af9723b780>,13,13,[5 2],21,1437,1450,1416,1437
1,<environment.Job instance at 0x14af97324230>,5,2,[ 2 12],10,971,973,961,971
1,<environment.Job instance at 0x14af97324a50>,6,1,[6 2],11,1046,1047,1035,1046
1,<environment.Job instance at 0x14af97305280>,12,1,[1 9],23,2354,2355,2331,2354
1,<environment.Job instance at 0x14af8f2074b0>,4,2,[6 1],6,6,8,0,6
1,<environment.Job instance at 0x14af8bcee910>,7,2,[5 2],12,12,14,0,12
1,<environment.Job instance at 0x14af906aea50>,9,2,[9 2],15,15,17,0,15
1,<environment.Job instance at 0x14af8cd1db90>,15,26,[9 1],24,24,50,0,24
1,<environment.Job instance at 0x14af8ef75e10>,23,27,[1 7],35,40,67,5,40
1,<environment.Job instance at 0x14af97305280>,2,1,[2 7],4,67,68,63,67
1,<environment.Job instance at 0x14af8ef757d0>,24,15,[2 8],38,76,91,38,76
1,<environment.Job instance at 0x14af8e3579b0>,25,16,[2 8],39,236,252,197,236
1,<environment.Job instance at 0x14af948a62d0>,0,2,[1 9],1,1,3,0,1
1,<environment.Job instance at 0x14af8e3579b0>,2,1,[1 8],5,5,6,0,5
1,<environment.Job instance at 0x14af9669d1e0>,8,2,[1 7],12,13,15,1,13
1,<environment.Job instance at 0x14af96fc45f0>,11,2,[1 8],16,16,18,0,16
1,<environment.Job instance at 0x14af9669d550>,12,2,[1 5],18,18,20,0,18
1,<environment.Job instance at 0x14afe0184a50>,14,1,[2 8],20,20,21,0,20
1,<environment.Job instance at 0x14afe0184c80>,15,1,[8 2],21,21,22,0,21
1,<environment.Job instance at 0x14af90344aa0>,16,14,[14  1],22,22,36,0,22
1,<environment.Job instance at 0x14af90344550>,20,3,[ 2 11],30,36,39,6,32
1,<environment.Job instance at 0x14af8c1f70f0>,25,16,[1 5],35,40,56,5,40
1,<environment.Job instance at 0x14af9658ae60>,31,2,[1 8],41,52,54,11,52
1,<environment.Job instance at 0x14af915d00a0>,33,2,[2 8],43,54,56,11,52
1,<environment.Job instance at 0x14af8ef47780>,36,2,[2 8],49,56,58,7,52
1,<environment.Job instance at 0x14af9669d190>,9,15,[1 5],13,93,108,80,93
1,<environment.Job instance at 0x14af9063c690>,21,2,[1 7],31,132,134,101,132
1,<environment.Job instance at 0x14af966ae370>,0,1,[6 2],1,1,2,0,1
1,<environment.Job instance at 0x14af90344a00>,1,1,[2 9],2,2,3,0,2
1,<environment.Job instance at 0x14af8d914500>,7,2,[ 1 10],10,10,12,0,10
1,<environment.Job instance at 0x14af8c5ed230>,11,1,[7 1],16,16,17,0,16
1,<environment.Job instance at 0x14af96582640>,24,3,[2 7],32,41,44,9,41
1,<environment.Job instance at 0x14afc0c75320>,25,2,[1 5],33,41,43,8,41
1,<environment.Job instance at 0x14af901e75f0>,26,1,[1 9],35,44,45,9,41
1,<environment.Job instance at 0x14af92e29a50>,27,1,[2 5],36,43,44,7,41
1,<environment.Job instance at 0x14af948b4b40>,28,15,[7 1],37,41,56,4,41
1,<environment.Job instance at 0x14af92e29780>,29,1,[2 6],38,45,46,7,41
1,<environment.Job instance at 0x14af92e297d0>,30,1,[2 8],40,45,46,5,41
1,<environment.Job instance at 0x14af90608960>,36,3,[5 1],47,57,60,10,57
1,<environment.Job instance at 0x14af906085a0>,37,1,[10  1],48,57,58,9,57
1,<environment.Job instance at 0x14af906080f0>,38,1,[1 8],49,58,59,9,57
1,<environment.Job instance at 0x14af8f2ac190>,0,2,[2 6],1,1,3,0,1
1,<environment.Job instance at 0x14af8ee15a50>,9,2,[1 8],12,12,14,0,12
1,<environment.Job instance at 0x14af8bb962d0>,16,25,[12  1],19,21,46,2,21
1,<environment.Job instance at 0x14af8f2bbe60>,24,23,[1 6],31,36,59,5,36
1,<environment.Job instance at 0x14afc19dac80>,29,2,[7 1],42,55,57,13,55
1,<environment.Job instance at 0x14af8bb967d0>,13,2,[7 1],16,66,68,50,66
1,<environment.Job instance at 0x14af8ee15eb0>,11,1,[2 5],14,106,107,92,106
1,<environment.Job instance at 0x14af8bbda320>,6,1,[1 9],12,12,13,0,12
1,<environment.Job instance at 0x14af8bbda780>,10,26,[2 8],18,21,47,3,21
1,<environment.Job instance at 0x14af8cdc0d20>,26,27,[1 7],45,47,74,2,47
1,<environment.Job instance at 0x14af8bd720a0>,11,2,[ 1 10],20,77,79,57,77
1,<environment.Job instance at 0x14af8c4a5640>,17,1,[6 2],32,121,122,89,121
1,<environment.Job instance at 0x14af966dc0a0>,0,3,[9 2],2,2,5,0,2
1,<environment.Job instance at 0x14af8f28d9b0>,4,2,[2 9],7,7,9,0,7
1,<environment.Job instance at 0x14af8f168a50>,17,1,[2 9],34,34,35,0,34
1,<environment.Job instance at 0x14af8bad0f50>,0,1,[6 2],1,1,2,0,1
1,<environment.Job instance at 0x14af9723baf0>,2,1,[7 1],4,4,5,0,4
1,<environment.Job instance at 0x14afe018d7d0>,8,2,[2 8],10,10,12,0,10
1,<environment.Job instance at 0x14af90778c30>,9,2,[5 1],11,11,13,0,11
1,<environment.Job instance at 0x14af8c39fa00>,10,1,[6 2],16,17,18,1,17
1,<environment.Job instance at 0x14af8bbab500>,21,2,[10  2],33,33,35,0,33
1,<environment.Job instance at 0x14af8bbab410>,25,2,[7 2],38,38,40,0,38
1,<environment.Job instance at 0x14af8bbabdc0>,27,3,[1 5],40,46,49,6,46
1,<environment.Job instance at 0x14af8c47ac30>,31,2,[1 8],45,59,61,14,59
1,<environment.Job instance at 0x14af915dad20>,33,1,[ 1 10],49,61,62,12,59
1,<environment.Job instance at 0x14af8c39f820>,11,1,[1 9],17,81,82,64,81
1,<environment.Job instance at 0x14af8c39f550>,18,25,[8 1],29,333,358,304,333
1,<environment.Job instance at 0x14afe018a230>,9,1,[1 7],12,12,13,0,12
1,<environment.Job instance at 0x14af973b98c0>,10,1,[6 2],13,13,14,0,13
1,<environment.Job instance at 0x14af973b9f50>,6,3,[2 7],9,13,16,4,13
1,<environment.Job instance at 0x14af973b9960>,11,2,[2 7],14,14,16,0,14
1,<environment.Job instance at 0x14af8bc2e640>,15,2,[1 9],19,22,24,3,22
1,<environment.Job instance at 0x14af8c0fe2d0>,16,2,[7 2],20,22,24,2,22
1,<environment.Job instance at 0x14af8c21fdc0>,19,1,[8 1],24,26,27,2,26
1,<environment.Job instance at 0x14af8bf16a00>,24,25,[9 1],31,31,56,0,31
1,<environment.Job instance at 0x14af8c60f370>,27,21,[2 5],35,46,67,11,46
1,<environment.Job instance at 0x14af8bc2e5f0>,13,3,[7 1],16,102,105,86,102
1,<environment.Job instance at 0x14af973b9190>,7,1,[1 6],10,295,296,285,295
1,<environment.Job instance at 0x14af8f06ce60>,0,2,[5 2],1,1,3,0,1
1,<environment.Job instance at 0x14af8f06c410>,2,1,[1 7],3,3,4,0,3
1,<environment.Job instance at 0x14af8ee20910>,6,1,[2 6],10,10,11,0,10
1,<environment.Job instance at 0x14af8c390d70>,8,2,[9 1],12,12,14,0,12
1,<environment.Job instance at 0x14af972a0870>,10,2,[7 2],15,15,17,0,15
1,<environment.Job instance at 0x14af972cd5a0>,13,2,[ 1 10],18,18,20,0,18
1,<environment.Job instance at 0x14afe01faf00>,15,17,[12  1],20,35,52,15,35
1,<environment.Job instance at 0x14af8cd1fd20>,36,1,[13  1],45,52,53,7,52
1,<environment.Job instance at 0x14af8cd2f280>,38,1,[5 1],47,53,54,6,52
1,<environment.Job instance at 0x14af8c3b2e10>,16,1,[8 2],23,75,76,52,75
1,<environment.Job instance at 0x14af8c3b2eb0>,17,17,[7 1],24,408,425,384,408
1,<environment.Job instance at 0x14af8c3b2320>,18,17,[2 7],25,1572,1589,1547,1572
1,<environment.Job instance at 0x14af8bbfe0a0>,1,2,[2 5],2,2,4,0,2
1,<environment.Job instance at 0x14af8c3a2af0>,3,22,[8 1],5,5,27,0,5
1,<environment.Job instance at 0x14af9656d870>,14,22,[2 6],19,20,42,1,20
1,<environment.Job instance at 0x14af9656d190>,15,1,[ 1 14],20,42,43,22,31
1,<environment.Job instance at 0x14af8eeea2d0>,24,3,[1 8],33,38,41,5,38
1,<environment.Job instance at 0x14afc19c7c80>,23,3,[ 2 14],32,51,54,19,51
1,<environment.Job instance at 0x14af8f1e6dc0>,27,1,[6 1],37,53,54,16,53
1,<environment.Job instance at 0x14af8f268370>,0,15,[14  1],1,3,18,2,3
1,<environment.Job instance at 0x14af903caf50>,7,1,[7 2],12,18,19,6,12
1,<environment.Job instance at 0x14af8edfcfa0>,10,25,[6 1],15,18,43,3,15
1,<environment.Job instance at 0x14af9727d7d0>,16,1,[1 9],24,24,25,0,24
1,<environment.Job instance at 0x14af8c3cb910>,18,22,[2 5],29,29,51,0,29
1,<environment.Job instance at 0x14af95f13820>,21,26,[ 2 13],33,51,77,18,48
1,<environment.Job instance at 0x14af972acbe0>,24,2,[12  1],37,75,77,38,75
1,<environment.Job instance at 0x14af96648c30>,26,14,[7 1],40,77,91,37,75
1,<environment.Job instance at 0x14af8bd349b0>,27,2,[7 1],41,77,79,36,75
1,<environment.Job instance at 0x14af8ee6e960>,28,1,[8 1],42,79,80,37,75
1,<environment.Job instance at 0x14af96648410>,29,2,[10  2],43,91,93,48,75
1,<environment.Job instance at 0x14af8ee14c80>,32,1,[6 2],47,80,81,33,75
1,<environment.Job instance at 0x14af8ee14cd0>,33,2,[ 1 10],48,77,79,29,75
1,<environment.Job instance at 0x14af8f2683c0>,1,2,[1 9],2,85,87,83,85
1,<environment.Job instance at 0x14af8f2681e0>,2,14,[1 6],3,122,136,119,122
1,<environment.Job instance at 0x14af901b28c0>,22,13,[7 2],34,190,203,156,190
1,<environment.Job instance at 0x14af9073d190>,23,3,[6 2],36,243,246,207,243
1,<environment.Job instance at 0x14af8bcd5a50>,7,2,[ 1 11],17,17,19,0,17
1,<environment.Job instance at 0x14af8bcd5910>,10,2,[2 9],21,21,23,0,21
1,<environment.Job instance at 0x14af8c03d550>,13,28,[5 2],24,27,55,3,27
1,<environment.Job instance at 0x14af915bc640>,35,2,[1 7],48,57,59,9,57
1,<environment.Job instance at 0x14af90753aa0>,16,3,[ 2 14],27,59,62,32,57
1,<environment.Job instance at 0x14af8bcd53c0>,5,3,[1 9],12,84,87,72,84
1,<environment.Job instance at 0x14af8bd8e820>,14,1,[8 2],25,138,139,113,138
1,<environment.Job instance at 0x14af965b94b0>,0,26,[1 6],1,1,27,0,1
1,<environment.Job instance at 0x14af972bf2d0>,3,23,[9 1],6,17,40,11,17
1,<environment.Job instance at 0x14af8c548410>,13,3,[12  1],19,40,43,21,38
1,<environment.Job instance at 0x14af8c6b4b40>,15,2,[7 1],21,43,45,22,38
1,<environment.Job instance at 0x14af8c4c27d0>,18,2,[1 8],29,38,40,9,38
1,<environment.Job instance at 0x14afe2ec9370>,19,1,[2 6],30,38,39,8,38
1,<environment.Job instance at 0x14af96587a50>,21,1,[ 2 10],37,40,41,3,38
1,<environment.Job instance at 0x14af8bfbf5a0>,22,3,[11  1],39,45,48,6,41
1,<environment.Job instance at 0x14af8bfbf3c0>,23,13,[ 2 11],40,101,114,61,101
1,<environment.Job instance at 0x14af8bd98dc0>,4,14,[ 1 10],7,185,199,178,185
1,<environment.Job instance at 0x14af915e6960>,5,1,[5 2],8,217,218,209,217
1,<environment.Job instance at 0x14afc0c93be0>,6,2,[ 1 12],9,10,12,1,10
1,<environment.Job instance at 0x14afc0c93f50>,8,2,[5 2],11,11,13,0,11
1,<environment.Job instance at 0x14afc0c939b0>,9,21,[5 1],12,12,33,0,12
1,<environment.Job instance at 0x14afc0c930a0>,13,2,[1 6],17,17,19,0,17
1,<environment.Job instance at 0x14afc0c93500>,15,1,[2 7],20,20,21,0,20
1,<environment.Job instance at 0x14afc0c93870>,16,2,[1 8],21,21,23,0,21
1,<environment.Job instance at 0x14af8c43f5f0>,19,2,[2 7],26,26,28,0,26
1,<environment.Job instance at 0x14af8c43fbe0>,20,22,[ 2 10],27,28,50,1,27
1,<environment.Job instance at 0x14afc19dae60>,31,1,[2 6],42,50,51,8,42
1,<environment.Job instance at 0x14afc19da2d0>,33,1,[5 1],44,44,45,0,44
1,<environment.Job instance at 0x14afc19dafa0>,34,2,[8 2],45,45,47,0,45
1,<environment.Job instance at 0x14afc19daf00>,35,1,[6 1],46,47,48,1,46
1,<environment.Job instance at 0x14af8c548b40>,7,16,[2 9],10,116,132,106,116
1,<environment.Job instance at 0x14af965fceb0>,5,21,[6 1],10,10,31,0,10
1,<environment.Job instance at 0x14af965fc8c0>,6,3,[ 2 13],12,16,19,4,16
1,<environment.Job instance at 0x14af8bb120a0>,10,1,[1 7],18,19,20,1,18
1,<environment.Job instance at 0x14af8bb12f00>,11,1,[1 7],20,20,21,0,20
1,<environment.Job instance at 0x14af906de500>,13,27,[5 2],22,23,50,1,23
1,<environment.Job instance at 0x14af8c642640>,15,1,[9 1],24,31,32,7,24
1,<environment.Job instance at 0x14af90397500>,16,1,[ 2 10],25,25,26,0,25
1,<environment.Job instance at 0x14af8edf32d0>,19,1,[8 2],32,32,33,0,32
1,<environment.Job instance at 0x14af906e2230>,21,2,[8 1],35,35,37,0,35
1,<environment.Job instance at 0x14af8c624960>,22,13,[8 2],36,43,56,7,43
1,<environment.Job instance at 0x14af8c624640>,24,1,[2 6],39,43,44,4,43
1,<environment.Job instance at 0x14af8ee024b0>,27,1,[1 7],44,44,45,0,44
1,<environment.Job instance at 0x14af8ee02af0>,29,2,[7 1],46,50,52,4,46
1,<environment.Job instance at 0x14af8ee02a50>,30,28,[1 6],47,52,80,5,51
1,<environment.Job instance at 0x14af8bb12eb0>,7,14,[2 6],13,214,228,201,214
1,<environment.Job instance at 0x14af8bb12b90>,8,1,[ 2 10],14,236,237,222,236
1,<environment.Job instance at 0x14af8be8f960>,0,21,[9 1],1,1,22,0,1
1,<environment.Job instance at 0x14af8c47caa0>,12,12,[9 1],17,22,34,5,18
1,<environment.Job instance at 0x14af8c47cf00>,14,16,[9 2],20,34,50,14,29
1,<environment.Job instance at 0x14af96585f50>,28,2,[6 2],39,39,41,0,39
1,<environment.Job instance at 0x14af96585140>,31,1,[1 6],42,42,43,0,42
1,<environment.Job instance at 0x14af96585af0>,32,1,[10  1],43,50,51,7,43
1,<environment.Job instance at 0x14af96585b90>,33,17,[5 1],44,45,62,1,45
1,<environment.Job instance at 0x14af96585550>,34,1,[7 1],45,51,52,6,45
1,<environment.Job instance at 0x14af96585460>,36,2,[1 8],47,47,49,0,47
1,<environment.Job instance at 0x14af965857d0>,37,26,[8 1],48,52,78,4,49
1,<environment.Job instance at 0x14af8c47cb90>,13,20,[ 2 11],18,78,98,60,78
1,<environment.Job instance at 0x14af8edda370>,15,3,[ 2 10],21,110,113,89,110
1,<environment.Job instance at 0x14af8eddaeb0>,16,15,[6 1],23,711,726,688,711
1,<environment.Job instance at 0x14af8bdaa230>,0,27,[6 1],1,1,28,0,1
1,<environment.Job instance at 0x14af8c432fa0>,11,28,[14  1],18,28,56,10,27
1,<environment.Job instance at 0x14af8c093550>,18,2,[11  2],26,56,58,30,52
1,<environment.Job instance at 0x14af8ee09eb0>,21,2,[1 5],30,52,54,22,52
1,<environment.Job instance at 0x14af8ce11690>,23,2,[9 1],32,58,60,26,52
1,<environment.Job instance at 0x14af97210e60>,26,2,[2 6],36,56,58,20,52
1,<environment.Job instance at 0x14af8c282370>,33,2,[12  1],45,60,62,15,56
1,<environment.Job instance at 0x14af8c282e60>,35,1,[2 8],47,58,59,11,58
1,<environment.Job instance at 0x14af8f24c410>,5,13,[2 8],7,71,84,64,71
1,<environment.Job instance at 0x14af8eddaeb0>,4,2,[2 9],5,92,94,87,92
1,<environment.Job instance at 0x14af8c432780>,1,2,[1 8],3,3,5,0,3
1,<environment.Job instance at 0x14af8e374550>,5,1,[10  1],9,9,10,0,9
1,<environment.Job instance at 0x14af8e374cd0>,6,1,[10  2],10,10,11,0,10
1,<environment.Job instance at 0x14af8e36d410>,8,1,[1 6],12,12,13,0,12
1,<environment.Job instance at 0x14af8e376690>,15,3,[6 1],19,19,22,0,19
1,<environment.Job instance at 0x14af92e52960>,20,2,[2 5],29,29,31,0,29
1,<environment.Job instance at 0x14af8bc983c0>,29,3,[2 7],40,55,58,15,55
1,<environment.Job instance at 0x14af8e374410>,19,1,[ 2 13],28,62,63,34,62
1,<environment.Job instance at 0x14af8bc98820>,0,1,[7 2],2,2,3,0,2
1,<environment.Job instance at 0x14af972c8320>,1,1,[2 8],3,3,4,0,3
1,<environment.Job instance at 0x14af8c902e10>,2,2,[2 9],4,4,6,0,4
1,<environment.Job instance at 0x14af9072daa0>,5,1,[ 1 10],8,8,9,0,8
1,<environment.Job instance at 0x14af9072dcd0>,6,26,[2 5],9,9,35,0,9
1,<environment.Job instance at 0x14af8c8d12d0>,18,2,[ 2 13],29,35,37,6,32
1,<environment.Job instance at 0x14af8c0ba550>,20,28,[2 5],33,37,65,4,36
1,<environment.Job instance at 0x14af8c8d1460>,19,3,[7 2],31,74,77,43,74
1,<environment.Job instance at 0x14af901bbaf0>,25,1,[2 6],38,78,79,40,78
1,<environment.Job instance at 0x14af901bb280>,24,16,[ 1 11],37,82,98,45,82
1,<environment.Job instance at 0x14af901bbd20>,26,1,[1 5],40,98,99,58,96
1,<environment.Job instance at 0x14af8c53c870>,21,15,[ 2 10],34,144,159,110,144
1,<environment.Job instance at 0x14afe02055a0>,4,2,[6 1],8,8,10,0,8
1,<environment.Job instance at 0x14af8baf1320>,8,1,[1 8],12,12,13,0,12
1,<environment.Job instance at 0x14af8baf1b90>,9,25,[9 1],13,13,38,0,13
1,<environment.Job instance at 0x14af8c05e500>,16,1,[6 2],21,21,22,0,21
1,<environment.Job instance at 0x14af965a7be0>,21,2,[ 1 14],30,30,32,0,30
1,<environment.Job instance at 0x14af8ef90730>,22,1,[7 2],31,38,39,7,31
1,<environment.Job instance at 0x14af8c00d1e0>,29,26,[5 2],39,45,71,6,45
1,<environment.Job instance at 0x14af8c00d550>,30,1,[8 2],40,88,89,48,88
1,<environment.Job instance at 0x14af8c00deb0>,31,2,[2 6],41,92,94,51,92
1,<environment.Job instance at 0x14af9061de60>,1,1,[ 1 10],5,5,6,0,5
1,<environment.Job instance at 0x14af8bbcd190>,11,1,[ 1 12],24,24,25,0,24
1,<environment.Job instance at 0x14af8bbcd230>,16,1,[9 1],30,30,31,0,30
1,<environment.Job instance at 0x14af8f299dc0>,17,20,[9 1],31,31,51,0,31
1,<environment.Job instance at 0x14af90223190>,19,2,[13  1],34,51,53,17,43
1,<environment.Job instance at 0x14af948b9aa0>,21,1,[5 1],36,43,44,7,43
1,<environment.Job instance at 0x14af8bb61690>,23,2,[6 2],38,44,46,6,43
1,<environment.Job instance at 0x14af8c3109b0>,25,2,[1 6],46,46,48,0,46
1,<environment.Job instance at 0x14af8c26ce10>,26,18,[8 1],48,53,71,5,48
1,<environment.Job instance at 0x14af8bbcda50>,9,13,[1 5],21,174,187,153,174
1,<environment.Job instance at 0x14af8c302190>,20,1,[12  2],35,215,216,180,215
1,<environment.Job instance at 0x14af8bf96870>,0,1,[7 1],3,3,4,0,3
1,<environment.Job instance at 0x14af948b9460>,1,2,[2 6],4,4,6,0,4
1,<environment.Job instance at 0x14af90753500>,4,2,[5 1],8,8,10,0,8
1,<environment.Job instance at 0x14af8bdc5aa0>,21,1,[2 5],29,29,30,0,29
1,<environment.Job instance at 0x14af8c3c5780>,23,1,[ 1 13],31,32,33,1,32
1,<environment.Job instance at 0x14af8c3c51e0>,25,1,[5 2],33,33,34,0,33
1,<environment.Job instance at 0x14af90397be0>,14,1,[1 9],20,33,34,13,33
1,<environment.Job instance at 0x14af8c3c5550>,24,12,[ 1 14],32,36,48,4,36
1,<environment.Job instance at 0x14af8eea2230>,27,1,[11  1],43,49,50,6,49
1,<environment.Job instance at 0x14af8eea2140>,29,2,[1 6],45,57,59,12,57
1,<environment.Job instance at 0x14af8eea21e0>,28,2,[5 1],44,62,64,18,62
1,<environment.Job instance at 0x14af8eea2500>,31,1,[6 1],47,96,97,49,96
1,<environment.Job instance at 0x14af8eea20f0>,30,2,[1 8],46,132,134,86,132
1,<environment.Job instance at 0x14af8c6298c0>,0,1,[2 9],1,1,2,0,1
1,<environment.Job instance at 0x14af8eea2370>,1,1,[1 5],2,2,3,0,2
1,<environment.Job instance at 0x14af8ef02640>,7,2,[9 2],11,11,13,0,11
1,<environment.Job instance at 0x14af8ef02cd0>,8,2,[2 7],15,15,17,0,15
1,<environment.Job instance at 0x14af8ef02320>,9,1,[8 1],16,16,17,0,16
1,<environment.Job instance at 0x14af966d1960>,25,1,[1 5],35,35,36,0,35
1,<environment.Job instance at 0x14af966d15a0>,26,2,[1 9],36,36,38,0,36
1,<environment.Job instance at 0x14af966d1b40>,27,2,[1 7],39,39,41,0,39
1,<environment.Job instance at 0x14af8efafc30>,28,3,[1 8],40,40,43,0,40
1,<environment.Job instance at 0x14af966d1640>,22,13,[1 9],31,43,56,12,40
1,<environment.Job instance at 0x14af8efafa00>,36,1,[10  1],48,57,58,9,57
1,<environment.Job instance at 0x14af8efaf5a0>,30,2,[2 8],42,57,59,15,57
1,<environment.Job instance at 0x14af966d1460>,21,2,[1 5],30,145,147,115,145
1,<environment.Job instance at 0x14af8bb61e60>,0,1,[1 6],1,1,2,0,1
1,<environment.Job instance at 0x14af8be05b90>,5,17,[12  1],7,190,207,183,190
1,<environment.Job instance at 0x14af8be05aa0>,10,12,[6 1],13,207,219,194,190
1,<environment.Job instance at 0x14af8c42e9b0>,13,2,[1 7],16,190,192,174,190
1,<environment.Job instance at 0x14af8f052e10>,14,2,[1 6],17,190,192,173,190
1,<environment.Job instance at 0x14af8be052d0>,16,1,[2 7],20,192,193,172,190
1,<environment.Job instance at 0x14af8bf46050>,30,2,[2 9],40,207,209,167,207
1,<environment.Job instance at 0x14af8bf210f0>,34,1,[ 2 10],45,209,210,164,207
1,<environment.Job instance at 0x14af8be05280>,6,3,[1 8],8,1073,1076,1065,1073
1,<environment.Job instance at 0x14af8be058c0>,7,2,[2 5],10,1170,1172,1160,1170
1,<environment.Job instance at 0x14af8eebb550>,4,23,[2 5],7,7,30,0,7
1,<environment.Job instance at 0x14af8c04a280>,3,1,[ 1 10],7,7,8,0,7
1,<environment.Job instance at 0x14af8f08baa0>,12,2,[2 5],24,24,26,0,24
1,<environment.Job instance at 0x14af8f08b690>,13,19,[ 2 14],25,26,45,1,26
1,<environment.Job instance at 0x14af8bdaa050>,28,1,[7 2],45,45,46,0,45
1,<environment.Job instance at 0x14af8bc81d70>,1,1,[1 7],2,2,3,0,2
1,<environment.Job instance at 0x14af8bf156e0>,2,1,[9 1],4,5,6,1,5
1,<environment.Job instance at 0x14af9721aaf0>,6,3,[ 1 10],9,9,12,0,9
1,<environment.Job instance at 0x14af9721acd0>,7,2,[5 1],10,10,12,0,10
1,<environment.Job instance at 0x14af9721a140>,9,2,[2 8],13,13,15,0,13
1,<environment.Job instance at 0x14af9721af50>,10,2,[8 1],14,14,16,0,14
1,<environment.Job instance at 0x14af90323820>,13,3,[2 9],20,20,23,0,20
1,<environment.Job instance at 0x14af972112d0>,14,2,[10  2],21,21,23,0,21
1,<environment.Job instance at 0x14af972115a0>,15,2,[ 1 10],22,23,25,1,22
1,<environment.Job instance at 0x14af97211820>,16,3,[ 1 10],24,25,28,1,24
1,<environment.Job instance at 0x14af97211780>,17,1,[9 2],25,25,26,0,25
1,<environment.Job instance at 0x14af97211a50>,18,1,[7 2],26,26,27,0,26
1,<environment.Job instance at 0x14afc161b410>,19,2,[5 2],27,27,29,0,27
1,<environment.Job instance at 0x14af8c41b410>,20,3,[14  2],28,35,38,7,35
1,<environment.Job instance at 0x14af8bf96320>,25,2,[5 1],37,38,40,1,37
1,<environment.Job instance at 0x14af972003c0>,27,1,[10  1],39,39,40,0,39
1,<environment.Job instance at 0x14af92e362d0>,28,15,[7 1],40,40,55,0,40
1,<environment.Job instance at 0x14af972d6460>,31,1,[9 2],44,55,56,11,44
1,<environment.Job instance at 0x14af972d6640>,33,3,[2 5],46,46,49,0,46
1,<environment.Job instance at 0x14af972d6870>,35,2,[2 6],48,48,50,0,48
1,<environment.Job instance at 0x14af972d6500>,36,2,[5 2],49,49,51,0,49
1,<environment.Job instance at 0x14afe0185910>,3,13,[ 2 11],5,263,276,258,263
1,<environment.Job instance at 0x14af97211b90>,21,2,[1 7],31,308,310,277,308
1,<environment.Job instance at 0x14af94899910>,23,3,[6 1],34,339,342,305,339
1,<environment.Job instance at 0x14af971f0f50>,0,2,[1 5],1,1,3,0,1
1,<environment.Job instance at 0x14af903abeb0>,4,1,[10  2],7,7,8,0,7
1,<environment.Job instance at 0x14af8bc95c80>,5,1,[6 1],9,9,10,0,9
1,<environment.Job instance at 0x14afc1586460>,7,2,[1 8],11,11,13,0,11
1,<environment.Job instance at 0x14af8bc95d20>,11,2,[1 9],17,17,19,0,17
1,<environment.Job instance at 0x14af8bd8c4b0>,18,2,[9 1],28,28,30,0,28
1,<environment.Job instance at 0x14af8ef91f50>,22,26,[2 7],32,32,58,0,32
1,<environment.Job instance at 0x14af8fd643c0>,35,22,[ 1 10],48,58,80,10,52
1,<environment.Job instance at 0x14af8fd64dc0>,36,2,[1 6],49,86,88,37,86
1,<environment.Job instance at 0x14af8edde910>,0,1,[14  1],1,5,6,4,5
1,<environment.Job instance at 0x14af8ee090a0>,15,1,[5 2],22,22,23,0,22
1,<environment.Job instance at 0x14af8cd1d6e0>,19,2,[5 2],27,27,29,0,27
1,<environment.Job instance at 0x14af90716e60>,20,1,[1 5],28,28,29,0,28
1,<environment.Job instance at 0x14af90363910>,24,2,[ 1 10],32,32,34,0,32
1,<environment.Job instance at 0x14af8f231e60>,30,1,[2 5],38,38,39,0,38
1,<environment.Job instance at 0x14af8f231500>,31,3,[ 1 11],41,158,161,117,158
1,<environment.Job instance at 0x14af8f2314b0>,32,2,[1 9],42,235,237,193,235
1,<environment.Job instance at 0x14af9734b280>,1,1,[1 5],3,3,4,0,3
1,<environment.Job instance at 0x14af973528c0>,7,2,[2 7],10,11,13,1,11
1,<environment.Job instance at 0x14af92e25190>,9,1,[1 9],12,13,14,1,12
1,<environment.Job instance at 0x14af8bbabbe0>,11,2,[1 8],15,15,17,0,15
1,<environment.Job instance at 0x14af9678f9b0>,18,3,[9 1],24,24,27,0,24
1,<environment.Job instance at 0x14af8e357370>,19,3,[8 2],25,27,30,2,25
1,<environment.Job instance at 0x14af9678f190>,21,2,[2 7],29,29,31,0,29
1,<environment.Job instance at 0x14afc002eb90>,24,2,[1 9],33,38,40,5,38
1,<environment.Job instance at 0x14afc002e230>,25,23,[1 5],34,38,61,4,38
1,<environment.Job instance at 0x14afc002ee10>,28,1,[8 2],37,55,56,18,55
1,<environment.Job instance at 0x14afc002e0f0>,29,2,[7 1],38,56,58,18,55
1,<environment.Job instance at 0x14af96714d70>,30,1,[5 1],39,55,56,16,55
1,<environment.Job instance at 0x14af96714050>,31,2,[2 8],40,56,58,16,55
1,<environment.Job instance at 0x14af967144b0>,32,3,[7 1],41,58,61,17,58
1,<environment.Job instance at 0x14af90724640>,34,2,[10  1],44,61,63,17,58
1,<environment.Job instance at 0x14af90724e60>,35,22,[5 1],46,58,80,12,58
1,<environment.Job instance at 0x14af8eebb1e0>,8,14,[ 2 10],11,302,316,291,302
1,<environment.Job instance at 0x14af9672a5a0>,15,3,[ 1 14],20,326,329,306,326
1,<environment.Job instance at 0x14af8c44b370>,2,2,[5 2],3,3,5,0,3
1,<environment.Job instance at 0x14af8c44bdc0>,4,1,[7 2],6,6,7,0,6
1,<environment.Job instance at 0x14af8c44bd70>,5,2,[2 8],7,7,9,0,7
1,<environment.Job instance at 0x14af8d924820>,8,1,[ 2 10],11,11,12,0,11
1,<environment.Job instance at 0x14af8d924c30>,9,2,[6 2],12,12,14,0,12
1,<environment.Job instance at 0x14af8d924230>,10,1,[1 5],14,14,15,0,14
1,<environment.Job instance at 0x14af8d9241e0>,11,2,[5 2],15,15,17,0,15
1,<environment.Job instance at 0x14af8d924eb0>,12,2,[8 1],16,16,18,0,16
1,<environment.Job instance at 0x14af8f1f0fa0>,18,18,[ 2 11],22,22,40,0,22
1,<environment.Job instance at 0x14af8c6290a0>,31,2,[11  1],38,50,52,12,50
1,<environment.Job instance at 0x14af8f0ecbe0>,34,28,[ 2 10],41,51,79,10,51
1,<environment.Job instance at 0x14af8cd9dfa0>,17,3,[2 7],21,126,129,105,126
1,<environment.Job instance at 0x14af8f1f02d0>,19,2,[1 6],23,138,140,115,138
1,<environment.Job instance at 0x14af8f1f0050>,20,16,[1 9],24,945,961,921,945
1,<environment.Job instance at 0x14af8f1f0780>,21,2,[ 1 13],25,1121,1123,1096,1121
1,<environment.Job instance at 0x14af903635f0>,0,2,[8 1],1,1,3,0,1
1,<environment.Job instance at 0x14af90363410>,1,2,[6 2],3,3,5,0,3
1,<environment.Job instance at 0x14af8f1f0780>,2,2,[1 5],4,4,6,0,4
1,<environment.Job instance at 0x14af972298c0>,3,2,[9 2],5,5,7,0,5
1,<environment.Job instance at 0x14af8f1f0af0>,4,1,[9 1],8,8,9,0,8
1,<environment.Job instance at 0x14af97229af0>,5,2,[9 1],9,9,11,0,9
1,<environment.Job instance at 0x14af97229910>,6,2,[6 2],10,10,12,0,10
1,<environment.Job instance at 0x14af97229b90>,7,2,[2 9],12,12,14,0,12
1,<environment.Job instance at 0x14af97229d70>,10,2,[ 1 10],15,15,17,0,15
1,<environment.Job instance at 0x14af97229d20>,11,2,[ 1 11],17,17,19,0,17
1,<environment.Job instance at 0x14af8bc05a00>,12,2,[1 8],18,19,21,1,18
1,<environment.Job instance at 0x14af8bc05fa0>,13,16,[ 1 12],19,546,562,527,546
1,<environment.Job instance at 0x14af8bc05050>,15,3,[2 8],21,562,565,541,560
1,<environment.Job instance at 0x14af8bc05eb0>,14,1,[1 5],20,676,677,656,676
1,<environment.Job instance at 0x14af8bc05370>,16,12,[7 2],22,740,752,718,740
1,<environment.Job instance at 0x14af8c3f90f0>,9,1,[5 2],17,17,18,0,17
1,<environment.Job instance at 0x14af8c3f9960>,10,1,[9 1],18,18,19,0,18
1,<environment.Job instance at 0x14af8c3f9dc0>,11,23,[9 1],20,20,43,0,20
1,<environment.Job instance at 0x14af8bd781e0>,15,2,[1 5],24,31,33,7,31
1,<environment.Job instance at 0x14af8bd780f0>,16,1,[2 5],25,31,32,6,31
1,<environment.Job instance at 0x14af8bd645f0>,18,1,[10  1],30,43,44,13,31
1,<environment.Job instance at 0x14af8bd8ab40>,21,1,[6 2],33,33,34,0,33
1,<environment.Job instance at 0x14af8bc721e0>,23,3,[2 5],38,38,41,0,38
1,<environment.Job instance at 0x14af8bc72f50>,24,2,[5 1],39,41,43,2,39
1,<environment.Job instance at 0x14af8bc726e0>,27,3,[1 9],44,44,47,0,44
1,<environment.Job instance at 0x14af8c5fb370>,2,12,[2 8],5,78,90,73,78
1,<environment.Job instance at 0x14af8c5fb820>,7,14,[9 2],13,717,731,704,717
1,<environment.Job instance at 0x14af90729be0>,1,2,[9 1],2,2,4,0,2
1,<environment.Job instance at 0x14af95f13460>,2,2,[14  2],4,6,8,2,6
1,<environment.Job instance at 0x14af8bc7bd20>,5,2,[6 2],7,8,10,1,7
1,<environment.Job instance at 0x14af8bc7b730>,7,2,[1 9],9,9,11,0,9
1,<environment.Job instance at 0x14af8bc7b0f0>,3,3,[ 1 10],5,11,14,6,11
1,<environment.Job instance at 0x14af8bc7b410>,10,2,[1 8],13,14,16,1,13
1,<environment.Job instance at 0x14af8bc7ba00>,4,1,[14  2],6,36,37,30,36
1,<environment.Job instance at 0x14af8d8f5fa0>,26,2,[ 1 10],41,41,43,0,41
1,<environment.Job instance at 0x14af8d8f5af0>,27,1,[ 2 10],42,43,44,1,42
1,<environment.Job instance at 0x14af903577d0>,17,2,[10  1],25,181,183,156,181
1,<environment.Job instance at 0x14af903578c0>,19,1,[6 2],28,336,337,308,336
1,<environment.Job instance at 0x14af903575f0>,18,18,[8 1],27,950,968,923,950
1,<environment.Job instance at 0x14af8bb532d0>,1,1,[1 6],2,2,3,0,2
1,<environment.Job instance at 0x14af8ce01050>,2,1,[1 8],3,3,4,0,3
1,<environment.Job instance at 0x14af8bb530f0>,3,1,[8 2],5,5,6,0,5
1,<environment.Job instance at 0x14af8ce01960>,4,2,[10  2],6,6,8,0,6
1,<environment.Job instance at 0x14af8ce01280>,5,2,[14  1],7,9,11,2,9
1,<environment.Job instance at 0x14af8c4dde10>,11,2,[1 8],16,16,18,0,16
1,<environment.Job instance at 0x14af8c4ddf00>,13,1,[2 9],18,18,19,0,18
1,<environment.Job instance at 0x14af948d6f00>,14,1,[10  2],19,19,20,0,19
1,<environment.Job instance at 0x14af8bd4f460>,15,2,[5 2],22,22,24,0,22
1,<environment.Job instance at 0x14af8c4dda00>,16,2,[10  1],23,23,25,0,23
1,<environment.Job instance at 0x14af8c5a50a0>,17,17,[7 1],25,25,42,0,25
1,<environment.Job instance at 0x14af966acaf0>,22,1,[1 7],37,37,38,0,37
1,<environment.Job instance at 0x14af8ce01550>,8,18,[10  2],12,661,679,649,661
1,<environment.Job instance at 0x14af8efe6b40>,24,3,[6 2],40,726,729,686,726
1,<environment.Job instance at 0x14af9031be60>,4,1,[1 9],8,8,9,0,8
1,<environment.Job instance at 0x14af903ba550>,15,1,[9 1],31,31,32,0,31
1,<environment.Job instance at 0x14afc1565aa0>,16,2,[1 7],33,33,35,0,33
1,<environment.Job instance at 0x14afc1563230>,17,2,[2 5],34,34,36,0,34
1,<environment.Job instance at 0x14af903ba370>,1,2,[2 5],6,6,8,0,6
1,<environment.Job instance at 0x14af901d2f50>,2,1,[2 9],7,7,8,0,7
1,<environment.Job instance at 0x14af8ef5ba00>,5,2,[2 9],11,11,13,0,11
1,<environment.Job instance at 0x14af8ef5ba50>,8,2,[1 6],14,14,16,0,14
1,<environment.Job instance at 0x14af8f175820>,15,2,[9 1],21,21,23,0,21
1,<environment.Job instance at 0x14af972c4190>,20,3,[ 2 12],30,63,66,33,63
1,<environment.Job instance at 0x14af8c2e1050>,29,2,[11  1],44,79,81,35,79
1,<environment.Job instance at 0x14af9671c460>,31,27,[9 2],48,81,108,33,79
1,<environment.Job instance at 0x14af8c2e1d70>,25,2,[1 8],39,108,110,69,108
1,<environment.Job instance at 0x14af8c5b8a50>,22,3,[1 8],33,124,127,91,124
1,<environment.Job instance at 0x14af95f3bf00>,0,1,[6 1],1,2,3,1,2
1,<environment.Job instance at 0x14af8c2e15a0>,2,2,[1 7],3,3,5,0,3
1,<environment.Job instance at 0x14af95f3b190>,1,1,[1 5],2,3,4,1,3
1,<environment.Job instance at 0x14af972e29b0>,4,1,[1 8],5,5,6,0,5
1,<environment.Job instance at 0x14af972e2960>,5,2,[2 5],6,6,8,0,6
1,<environment.Job instance at 0x14af8cd726e0>,8,1,[2 9],9,9,10,0,9
1,<environment.Job instance at 0x14af8cd72640>,12,2,[1 8],15,16,18,1,16
1,<environment.Job instance at 0x14af8cd72730>,14,3,[5 1],18,18,21,0,18
1,<environment.Job instance at 0x14af8cd72dc0>,16,14,[ 1 12],20,26,40,6,26
1,<environment.Job instance at 0x14af967315a0>,27,20,[10  2],34,52,72,18,52
1,<environment.Job instance at 0x14af906b4a00>,17,2,[ 1 10],21,137,139,116,137
1,<environment.Job instance at 0x14af8f197f00>,0,1,[1 5],1,1,2,0,1
1,<environment.Job instance at 0x14af8efeef50>,6,1,[ 1 10],12,13,14,1,13
1,<environment.Job instance at 0x14af8be1e870>,9,1,[ 1 10],15,15,16,0,15
1,<environment.Job instance at 0x14af8be1e280>,10,18,[6 1],16,16,34,0,16
1,<environment.Job instance at 0x14af8bb825a0>,15,18,[8 1],22,25,43,3,25
1,<environment.Job instance at 0x14af8ef732d0>,19,2,[9 1],28,43,45,15,28
1,<environment.Job instance at 0x14af8ef73aa0>,21,1,[ 1 10],33,33,34,0,33
1,<environment.Job instance at 0x14af8ef84e10>,22,1,[8 1],34,45,46,11,34
1,<environment.Job instance at 0x14af8eef6640>,23,1,[8 1],35,46,47,11,35
1,<environment.Job instance at 0x14af97268280>,26,3,[1 6],42,42,45,0,42
1,<environment.Job instance at 0x14af965cdcd0>,27,1,[2 7],43,43,44,0,43
1,<environment.Job instance at 0x14af9671b3c0>,28,12,[5 2],44,44,56,0,44
1,<environment.Job instance at 0x14af9729bc30>,29,16,[2 6],45,45,61,0,45
1,<environment.Job instance at 0x14af9729beb0>,30,23,[1 9],46,56,79,10,50
1,<environment.Job instance at 0x14af8be1e190>,7,14,[2 7],13,465,479,452,465
1,<environment.Job instance at 0x14af8bc2c730>,14,27,[7 1],21,1041,1068,1020,1041
1,<environment.Job instance at 0x14af8be09e60>,1,1,[8 2],4,4,5,0,4
1,<environment.Job instance at 0x14af8c5b2640>,8,1,[2 7],18,18,19,0,18
1,<environment.Job instance at 0x14af8c5b2550>,9,2,[2 5],19,19,21,0,19
1,<environment.Job instance at 0x14af8cdbcaf0>,11,1,[10  2],21,21,22,0,21
1,<environment.Job instance at 0x14af95f2c550>,26,2,[2 8],46,46,48,0,46
1,<environment.Job instance at 0x14af95f2c0a0>,28,2,[13  1],48,57,59,9,57
1,<environment.Job instance at 0x14af95f2cc30>,29,2,[1 7],49,57,59,8,57
1,<environment.Job instance at 0x14af906070a0>,16,2,[6 2],28,71,73,43,71
1,<environment.Job instance at 0x14af8bf33a50>,19,2,[2 6],35,78,80,43,78
1,<environment.Job instance at 0x14af8bf33460>,21,1,[2 9],39,161,162,122,161
1,<environment.Job instance at 0x14af8bf33190>,1,1,[7 1],4,4,5,0,4
1,<environment.Job instance at 0x14af9725e6e0>,2,1,[1 5],5,5,6,0,5
1,<environment.Job instance at 0x14af96585230>,5,21,[2 6],9,9,30,0,9
1,<environment.Job instance at 0x14af8cdce3c0>,15,1,[1 7],22,22,23,0,22
1,<environment.Job instance at 0x14af8cdce870>,16,2,[1 8],23,23,25,0,23
1,<environment.Job instance at 0x14af8cdce0a0>,17,2,[ 1 10],26,30,32,4,26
1,<environment.Job instance at 0x14af972a1190>,22,24,[9 2],31,36,60,5,36
1,<environment.Job instance at 0x14af8be91dc0>,27,14,[9 1],39,64,78,25,64
1,<environment.Job instance at 0x14af8be91b90>,28,1,[1 9],40,64,65,24,64
1,<environment.Job instance at 0x14af965cb0f0>,35,2,[1 5],49,73,75,24,73
1,<environment.Job instance at 0x14af972a1fa0>,20,13,[9 1],29,1014,1027,985,1014
1,<environment.Job instance at 0x14af96585640>,13,1,[6 2],20,1033,1034,1013,1033
1,<environment.Job instance at 0x14af96585c80>,14,16,[7 1],21,1683,1699,1662,1683
1,<environment.Job instance at 0x14af8c298500>,3,2,[2 8],8,8,10,0,8
1,<environment.Job instance at 0x14af8c2989b0>,5,2,[6 2],11,12,14,1,12
1,<environment.Job instance at 0x14af8ef02870>,8,2,[1 9],17,17,19,0,17
1,<environment.Job instance at 0x14af8eee8410>,10,2,[5 2],19,19,21,0,19
1,<environment.Job instance at 0x14af8eee8f00>,11,2,[ 2 10],22,22,24,0,22
1,<environment.Job instance at 0x14af972b0be0>,13,1,[2 5],24,24,25,0,24
1,<environment.Job instance at 0x14af8c009fa0>,16,1,[9 1],27,27,28,0,27
1,<environment.Job instance at 0x14af8c007820>,19,2,[2 7],31,31,33,0,31
1,<environment.Job instance at 0x14af8c007730>,20,23,[2 9],32,33,56,1,33
1,<environment.Job instance at 0x14af8bfe44b0>,21,15,[5 2],33,1503,1518,1470,1503
1,<environment.Job instance at 0x14af8bfe4230>,1,1,[1 6],2,2,3,0,2
1,<environment.Job instance at 0x14af8c42af00>,2,1,[8 1],6,6,7,0,6
1,<environment.Job instance at 0x14af8bfe44b0>,3,1,[10  1],7,7,8,0,7
1,<environment.Job instance at 0x14af915d45a0>,10,2,[2 8],15,15,17,0,15
1,<environment.Job instance at 0x14af8ef3d820>,12,3,[13  1],17,553,556,536,553
1,<environment.Job instance at 0x14af8ef3d870>,26,26,[ 2 10],41,554,580,513,554
1,<environment.Job instance at 0x14af8ef3d0f0>,13,3,[2 9],18,580,583,562,579
1,<environment.Job instance at 0x14af8ef3d550>,14,1,[2 9],19,587,588,568,587
1,<environment.Job instance at 0x14af8ef3d780>,15,3,[1 8],24,856,859,832,856
1,<environment.Job instance at 0x14af8bda9870>,0,14,[13  1],3,65,79,62,65
1,<environment.Job instance at 0x14af972abbe0>,18,23,[5 2],24,79,102,55,74
1,<environment.Job instance at 0x14af9673fbe0>,24,3,[ 2 12],32,104,107,72,104
1,<environment.Job instance at 0x14af8bb7daa0>,25,12,[11  1],33,135,147,102,135
1,<environment.Job instance at 0x14af903e7af0>,30,28,[5 2],39,147,175,108,146
1,<environment.Job instance at 0x14af8f197280>,35,2,[ 1 10],48,146,148,98,146
1,<environment.Job instance at 0x14af8f204140>,2,1,[1 8],6,171,172,165,171
1,<environment.Job instance at 0x14af965a7910>,0,17,[2 5],3,3,20,0,3
1,<environment.Job instance at 0x14af8f189aa0>,13,16,[10  1],20,22,38,2,22
1,<environment.Job instance at 0x14af8f189550>,16,1,[2 6],23,23,24,0,23
1,<environment.Job instance at 0x14af8f189730>,19,14,[1 5],26,30,44,4,30
1,<environment.Job instance at 0x14af948a05f0>,24,1,[1 9],33,33,34,0,33
1,<environment.Job instance at 0x14af8f17eb90>,25,21,[2 7],34,34,55,0,34
1,<environment.Job instance at 0x14afc157e640>,31,27,[2 7],40,44,71,4,42
1,<environment.Job instance at 0x14af8f189a50>,14,3,[2 8],21,61,64,40,61
1,<environment.Job instance at 0x14af8f189f50>,15,26,[2 6],22,64,90,42,62
1,<environment.Job instance at 0x14afc0cac1e0>,21,3,[ 2 10],28,248,251,220,248
1,<environment.Job instance at 0x14afc15ab140>,0,3,[ 2 13],4,18,21,14,18
1,<environment.Job instance at 0x14af8c5ff1e0>,19,2,[2 8],28,28,30,0,28
1,<environment.Job instance at 0x14af8c37d820>,31,1,[2 7],43,43,44,0,43
1,<environment.Job instance at 0x14af8c37da50>,33,1,[2 9],46,46,47,0,46
1,<environment.Job instance at 0x14af8c37df00>,34,1,[ 1 10],48,48,49,0,48
1,<environment.Job instance at 0x14af8f1775a0>,1,2,[2 8],5,75,77,70,75
1,<environment.Job instance at 0x14af8f1777d0>,2,3,[10  1],6,262,265,256,262
1,<environment.Job instance at 0x14af8f1775f0>,3,21,[1 5],9,843,864,834,843
1,<environment.Job instance at 0x14af8c058550>,4,3,[2 8],10,856,859,846,856
1,<environment.Job instance at 0x14af8c058dc0>,1,2,[9 2],2,2,4,0,2
1,<environment.Job instance at 0x14af8c058550>,2,22,[2 8],4,5,27,1,5
1,<environment.Job instance at 0x14af8ce7e780>,5,2,[ 1 12],7,27,29,20,9
1,<environment.Job instance at 0x14af9720fd70>,11,1,[ 1 10],17,29,30,12,17
1,<environment.Job instance at 0x14af9720f320>,13,16,[5 1],19,19,35,0,19
1,<environment.Job instance at 0x14af8eff7190>,16,2,[2 8],23,30,32,7,23
1,<environment.Job instance at 0x14af8bf33910>,18,2,[8 1],27,27,29,0,27
1,<environment.Job instance at 0x14af8bf33c30>,20,13,[2 5],32,32,45,0,32
1,<environment.Job instance at 0x14af9720fe60>,23,14,[7 1],35,35,49,0,35
1,<environment.Job instance at 0x14af901e13c0>,30,14,[2 5],42,45,59,3,45
1,<environment.Job instance at 0x14af965c10f0>,34,2,[5 1],48,48,50,0,48
1,<environment.Job instance at 0x14af8ce7edc0>,3,13,[1 5],5,431,444,426,431
1,<environment.Job instance at 0x14af8ce7ef00>,6,2,[7 1],8,445,447,437,445
1,<environment.Job instance at 0x14af8edbbd20>,22,13,[7 2],34,821,834,787,821
1,<environment.Job instance at 0x14af901c37d0>,0,2,[2 8],2,2,4,0,2
1,<environment.Job instance at 0x14af901c3e60>,1,1,[ 1 10],3,4,5,1,3
1,<environment.Job instance at 0x14af8c3ae9b0>,4,1,[2 8],7,7,8,0,7
1,<environment.Job instance at 0x14af8c3ae140>,5,1,[5 1],8,8,9,0,8
1,<environment.Job instance at 0x14afc156d5f0>,12,18,[2 6],21,23,41,2,23
1,<environment.Job instance at 0x14af8cdac780>,15,2,[8 1],24,24,26,0,24
1,<environment.Job instance at 0x14af965ba320>,18,1,[1 6],27,27,28,0,27
1,<environment.Job instance at 0x14af8c05b0a0>,21,13,[ 1 14],32,41,54,9,36
1,<environment.Job instance at 0x14af8bb85640>,24,12,[2 8],37,54,66,17,38
1,<environment.Job instance at 0x14af8ee13230>,25,2,[2 6],39,39,41,0,39
1,<environment.Job instance at 0x14af8ee13730>,28,2,[7 2],42,54,56,12,42
1,<environment.Job instance at 0x14af8ee135f0>,29,2,[9 1],44,44,46,0,44
1,<environment.Job instance at 0x14af8f09fdc0>,30,2,[2 6],48,56,58,8,48
1,<environment.Job instance at 0x14afc156d2d0>,13,15,[5 2],22,1403,1418,1381,1403
1,<environment.Job instance at 0x14af8c3ae6e0>,14,13,[1 6],23,1587,1600,1564,1587
1,<environment.Job instance at 0x14af8bb855f0>,23,14,[6 1],36,1852,1866,1816,1852
1,<environment.Job instance at 0x14af92e40e10>,7,2,[7 2],12,12,14,0,12
1,<environment.Job instance at 0x14af92e401e0>,8,2,[13  2],13,14,16,1,14
1,<environment.Job instance at 0x14af8f15b960>,12,3,[5 1],19,19,22,0,19
1,<environment.Job instance at 0x14af8f15b190>,13,1,[2 9],21,21,22,0,21
1,<environment.Job instance at 0x14af8f15b8c0>,14,1,[5 2],22,22,23,0,22
1,<environment.Job instance at 0x14af96593780>,19,1,[8 1],28,28,29,0,28
1,<environment.Job instance at 0x14af8ced0f50>,20,2,[9 1],30,30,32,0,30
1,<environment.Job instance at 0x14af8ced0820>,21,1,[1 6],31,31,32,0,31
1,<environment.Job instance at 0x14af902f7140>,22,2,[1 5],32,32,34,0,32
1,<environment.Job instance at 0x14af8eeb3e60>,25,2,[1 7],36,36,38,0,36
1,<environment.Job instance at 0x14af8eeb3be0>,27,1,[7 1],38,38,39,0,38
1,<environment.Job instance at 0x14af8eeb38c0>,28,13,[7 1],39,39,52,0,39
1,<environment.Job instance at 0x14af8eeb3e10>,29,1,[ 2 10],41,41,42,0,41
1,<environment.Job instance at 0x14af96560a50>,31,1,[2 8],43,43,44,0,43
1,<environment.Job instance at 0x14af96560780>,32,3,[7 2],44,44,47,0,44
1,<environment.Job instance at 0x14afc001ffa0>,33,1,[2 8],45,47,48,2,45
1,<environment.Job instance at 0x14afc1570fa0>,35,1,[10  2],47,52,53,5,47
1,<environment.Job instance at 0x14afc1570870>,37,2,[8 1],49,49,51,0,49
1,<environment.Job instance at 0x14af92e40190>,6,18,[10  1],11,1223,1241,1212,1223
1,<environment.Job instance at 0x14af92e40b40>,9,15,[10  2],14,2607,2622,2593,2607
1,<environment.Job instance at 0x14af8f170410>,1,1,[11  2],2,3,4,1,3
1,<environment.Job instance at 0x14af8bf141e0>,3,2,[2 9],4,4,6,0,4
1,<environment.Job instance at 0x14af8bf14c80>,5,18,[1 6],7,7,25,0,7
1,<environment.Job instance at 0x14af8bf146e0>,8,15,[14  1],10,31,46,21,31
1,<environment.Job instance at 0x14af8e361960>,23,28,[2 9],36,46,74,10,45
1,<environment.Job instance at 0x14af90195280>,33,1,[10  1],47,57,58,10,57
1,<environment.Job instance at 0x14af8f170aa0>,2,18,[8 2],3,325,343,322,325
1,<environment.Job instance at 0x14af8bf14960>,9,1,[7 1],11,345,346,334,345
1,<environment.Job instance at 0x14af8bf14e10>,10,14,[1 8],13,429,443,416,429
1,<environment.Job instance at 0x14af8bf14cd0>,11,3,[10  1],15,467,470,452,467
1,<environment.Job instance at 0x14af8cdf1be0>,2,3,[1 7],6,6,9,0,6
1,<environment.Job instance at 0x14af8f1e3140>,6,2,[1 6],12,12,14,0,12
1,<environment.Job instance at 0x14af8bd3fc30>,8,1,[ 1 11],16,16,17,0,16
1,<environment.Job instance at 0x14af8bcc6eb0>,17,2,[10  1],26,29,31,3,29
1,<environment.Job instance at 0x14af9736d230>,18,25,[7 2],28,31,56,3,29
1,<environment.Job instance at 0x14af8f01fe60>,22,18,[ 1 12],32,51,69,19,51
1,<environment.Job instance at 0x14af8efe6320>,24,1,[2 9],34,69,70,35,51
1,<environment.Job instance at 0x14af8efe6f50>,25,21,[10  1],35,56,77,21,51
1,<environment.Job instance at 0x14af8c59d910>,35,1,[5 1],49,70,71,21,68
1,<environment.Job instance at 0x14af8bd3f780>,10,19,[7 2],18,105,124,87,105
1,<environment.Job instance at 0x14af901c3f00>,13,1,[2 6],21,137,138,116,137
1,<environment.Job instance at 0x14af901c30f0>,14,12,[1 8],22,930,942,908,930
1,<environment.Job instance at 0x14af8e387190>,5,2,[1 7],9,9,11,0,9
1,<environment.Job instance at 0x14af8e387f50>,8,1,[ 2 12],12,12,13,0,12
1,<environment.Job instance at 0x14af8e3873c0>,9,2,[ 1 10],13,13,15,0,13
1,<environment.Job instance at 0x14af9069b7d0>,19,1,[ 2 10],27,28,29,1,28
1,<environment.Job instance at 0x14af9069ba00>,20,2,[1 9],29,29,31,0,29
1,<environment.Job instance at 0x14afe01851e0>,1,2,[8 2],2,2,4,0,2
1,<environment.Job instance at 0x14af8ee8eaf0>,4,2,[6 2],7,7,9,0,7
1,<environment.Job instance at 0x14af97200960>,6,1,[1 7],9,9,10,0,9
1,<environment.Job instance at 0x14af8cd8d500>,7,1,[5 2],11,11,12,0,11
1,<environment.Job instance at 0x14af8f002500>,11,1,[10  2],18,18,19,0,18
1,<environment.Job instance at 0x14af8f002be0>,12,27,[6 1],19,19,46,0,19
1,<environment.Job instance at 0x14af8f2edeb0>,16,15,[ 2 13],26,60,75,34,60
1,<environment.Job instance at 0x14af8c232eb0>,21,2,[12  2],34,60,62,26,60
1,<environment.Job instance at 0x14af8c302b90>,25,1,[1 5],40,75,76,35,60
1,<environment.Job instance at 0x14af901d2140>,27,1,[6 2],43,62,63,19,60
1,<environment.Job instance at 0x14af9725e8c0>,29,2,[2 8],45,75,77,30,63
1,<environment.Job instance at 0x14af9725ef50>,30,1,[10  2],46,63,64,17,63
1,<environment.Job instance at 0x14af9725ec80>,31,1,[12  1],48,64,65,16,63
1,<environment.Job instance at 0x14afe018a2d0>,32,25,[1 7],49,76,101,27,72
1,<environment.Job instance at 0x14af8bc1abe0>,18,1,[2 7],28,332,333,304,332
1,<environment.Job instance at 0x14af8f0020f0>,17,12,[9 1],27,926,938,899,926
1,<environment.Job instance at 0x14af90653230>,0,2,[8 1],3,3,5,0,3
1,<environment.Job instance at 0x14af8f002730>,1,1,[ 1 11],4,5,6,1,5
1,<environment.Job instance at 0x14af8ef21280>,3,1,[ 2 10],9,9,10,0,9
1,<environment.Job instance at 0x14af901fbc30>,4,1,[6 1],10,10,11,0,10
1,<environment.Job instance at 0x14af901fbf50>,5,1,[1 6],11,11,12,0,11
1,<environment.Job instance at 0x14af8f186910>,10,1,[2 8],18,18,19,0,18
1,<environment.Job instance at 0x14af92e25a50>,12,26,[1 7],20,21,47,1,21
1,<environment.Job instance at 0x14af8e3753c0>,17,20,[6 1],25,25,45,0,25
1,<environment.Job instance at 0x14af8e3656e0>,28,25,[ 1 10],41,47,72,6,47
1,<environment.Job instance at 0x14af8e3651e0>,29,3,[13  1],42,628,631,586,628
1,<environment.Job instance at 0x14af973d87d0>,1,1,[5 1],2,2,3,0,2
1,<environment.Job instance at 0x14afc0f1b230>,6,1,[9 2],14,14,15,0,14
1,<environment.Job instance at 0x14af8c61d230>,12,1,[ 1 10],24,25,26,1,25
1,<environment.Job instance at 0x14af948ac190>,15,1,[1 9],28,28,29,0,28
1,<environment.Job instance at 0x14af8bfed460>,17,17,[8 1],32,32,49,0,32
1,<environment.Job instance at 0x14af90653820>,24,3,[11  1],42,49,52,7,45
1,<environment.Job instance at 0x14af8bd23050>,27,1,[2 6],45,45,46,0,45
1,<environment.Job instance at 0x14af8bd235f0>,28,26,[1 6],46,46,72,0,46
1,<environment.Job instance at 0x14af8bd23280>,29,2,[8 1],47,52,54,5,47
1,<environment.Job instance at 0x14af8bfd8140>,30,2,[6 1],48,52,54,4,48
1,<environment.Job instance at 0x14af8f2a7910>,1,1,[ 2 10],2,2,3,0,2
1,<environment.Job instance at 0x14af8bfd8320>,2,2,[5 2],4,4,6,0,4
1,<environment.Job instance at 0x14af906bd500>,3,1,[7 2],5,5,6,0,5
1,<environment.Job instance at 0x14af906bda50>,6,2,[2 7],8,8,10,0,8
1,<environment.Job instance at 0x14af906bd280>,10,2,[8 1],13,13,15,0,13
1,<environment.Job instance at 0x14af8c3f3be0>,14,2,[2 7],22,22,24,0,22
1,<environment.Job instance at 0x14af8bfa62d0>,16,2,[2 5],25,26,28,1,26
1,<environment.Job instance at 0x14af907856e0>,22,17,[ 2 11],32,33,50,1,33
1,<environment.Job instance at 0x14af9731cc80>,30,23,[7 1],43,44,67,1,44
1,<environment.Job instance at 0x14af8bedef50>,17,2,[1 6],26,65,67,39,65
1,<environment.Job instance at 0x14af8bc93e60>,31,22,[5 2],44,714,736,670,714
1,<environment.Job instance at 0x14af8c3727d0>,0,2,[ 2 10],2,2,4,0,2
1,<environment.Job instance at 0x14af8bceceb0>,2,21,[5 1],4,4,25,0,4
1,<environment.Job instance at 0x14af8bf81140>,8,3,[ 1 12],15,27,30,12,27
1,<environment.Job instance at 0x14af96573eb0>,17,2,[7 2],32,32,34,0,32
1,<environment.Job instance at 0x14af8bf813c0>,18,1,[10  2],33,34,35,1,33
1,<environment.Job instance at 0x14af8c2ba9b0>,19,3,[1 5],35,35,38,0,35
1,<environment.Job instance at 0x14af8c2baa00>,20,2,[6 2],36,36,38,0,36
1,<environment.Job instance at 0x14af97279a00>,22,3,[14  2],38,46,49,8,46
1,<environment.Job instance at 0x14af97252550>,23,2,[8 1],41,49,51,8,46
1,<environment.Job instance at 0x14af8cd6cf00>,9,1,[10  1],17,62,63,45,62
1,<environment.Job instance at 0x14af8bf81af0>,10,24,[5 2],18,90,114,72,90
1,<environment.Job instance at 0x14af8ee2cc30>,11,24,[2 7],21,520,544,499,520
1,<environment.Job instance at 0x14af8bf81a50>,3,1,[2 8],5,5,6,0,5
1,<environment.Job instance at 0x14af8f30caa0>,4,1,[6 2],6,6,7,0,6
1,<environment.Job instance at 0x14af8f30c370>,5,2,[1 7],7,7,9,0,7
1,<environment.Job instance at 0x14af8f30c140>,6,23,[10  2],8,9,32,1,9
1,<environment.Job instance at 0x14af8f30cd70>,8,2,[13  2],12,32,34,20,26
1,<environment.Job instance at 0x14af8cd6ab40>,15,1,[9 1],25,34,35,9,26
1,<environment.Job instance at 0x14af8cd6a0f0>,16,2,[8 2],26,35,37,9,26
1,<environment.Job instance at 0x14af8c150d20>,18,1,[2 6],28,28,29,0,28
1,<environment.Job instance at 0x14af8baa4d70>,23,1,[8 2],35,37,38,2,35
1,<environment.Job instance at 0x14af8baa4370>,24,18,[9 2],36,42,60,6,42
1,<environment.Job instance at 0x14af8f30c5f0>,9,2,[5 1],13,70,72,57,70
1,<environment.Job instance at 0x14af8f30cd20>,7,3,[6 1],9,88,91,79,88
1,<environment.Job instance at 0x14af8ee2caf0>,4,2,[8 1],10,11,13,1,11
1,<environment.Job instance at 0x14af8ee2ccd0>,5,2,[7 1],13,13,15,0,13
1,<environment.Job instance at 0x14af8bbf4550>,21,3,[14  1],42,51,54,9,51
1,<environment.Job instance at 0x14af8bbf4c80>,22,2,[2 7],45,54,56,9,54
1,<environment.Job instance at 0x14af8bbf4b90>,23,18,[5 1],48,157,175,109,157
1,<environment.Job instance at 0x14af8cdbbcd0>,1,2,[1 6],2,2,4,0,2
1,<environment.Job instance at 0x14af8c501d70>,6,22,[7 2],8,8,30,0,8
1,<environment.Job instance at 0x14af8c618500>,19,2,[5 1],26,26,28,0,26
1,<environment.Job instance at 0x14afc15510a0>,20,1,[8 1],27,28,29,1,27
1,<environment.Job instance at 0x14af8bad99b0>,22,18,[2 5],29,29,47,0,29
1,<environment.Job instance at 0x14af9721ba50>,26,21,[10  2],34,45,66,11,45
1,<environment.Job instance at 0x14af8f2895f0>,28,1,[5 1],36,51,52,15,51
1,<environment.Job instance at 0x14af8f2896e0>,35,2,[9 2],46,73,75,27,73
1,<environment.Job instance at 0x14af8f289280>,36,2,[2 8],47,73,75,26,73
1,<environment.Job instance at 0x14af8f289d20>,37,1,[1 5],49,73,74,24,73
1,<environment.Job instance at 0x14af8c4eb370>,12,3,[2 8],16,83,86,67,83
1,<environment.Job instance at 0x14af8c4e1140>,13,14,[1 6],18,99,113,81,99
1,<environment.Job instance at 0x14af97386780>,15,1,[2 6],20,169,170,149,169
1,<environment.Job instance at 0x14af97386190>,14,2,[6 2],19,179,181,160,179
1,<environment.Job instance at 0x14af8c44aaa0>,0,1,[5 1],1,1,2,0,1
1,<environment.Job instance at 0x14af97386dc0>,1,1,[2 6],3,3,4,0,3
1,<environment.Job instance at 0x14af8f102690>,5,3,[ 2 13],8,8,11,0,8
1,<environment.Job instance at 0x14af8ef9ad70>,8,1,[7 2],11,11,12,0,11
1,<environment.Job instance at 0x14af8ef9a960>,11,28,[7 2],15,20,48,5,20
1,<environment.Job instance at 0x14af8ef9a140>,23,1,[1 8],32,47,48,15,47
1,<environment.Job instance at 0x14afc16889b0>,24,2,[8 1],36,48,50,12,47
1,<environment.Job instance at 0x14afc1688d70>,26,2,[ 1 10],38,48,50,10,47
1,<environment.Job instance at 0x14afc1688a00>,29,19,[2 7],41,62,81,21,62
1,<environment.Job instance at 0x14af8ef9a730>,13,13,[8 2],18,82,95,64,82
1,<environment.Job instance at 0x14af8ef9ae60>,12,1,[10  2],16,171,172,155,171
1,<environment.Job instance at 0x14af8ce743c0>,4,24,[2 7],6,6,30,0,6
1,<environment.Job instance at 0x14af8c0ef820>,11,2,[2 9],18,30,32,12,19
1,<environment.Job instance at 0x14af915b7460>,20,1,[1 7],31,32,33,1,32
1,<environment.Job instance at 0x14af915b7910>,25,1,[1 5],40,40,41,0,40
1,<environment.Job instance at 0x14af915b7050>,26,1,[ 1 12],41,41,42,0,41
1,<environment.Job instance at 0x14af95f436e0>,27,1,[8 1],44,44,45,0,44
1,<environment.Job instance at 0x14af8cdcdd70>,10,3,[7 2],16,51,54,35,51
1,<environment.Job instance at 0x14af8f31ca50>,15,18,[7 2],23,518,536,495,518
1,<environment.Job instance at 0x14af8cd1d9b0>,12,3,[ 2 10],19,693,696,674,693
1,<environment.Job instance at 0x14af9030d9b0>,1,1,[13  1],3,4,5,1,4
1,<environment.Job instance at 0x14afc0c705a0>,3,2,[10  2],6,7,9,1,7
1,<environment.Job instance at 0x14af8fd64730>,8,2,[6 2],11,11,13,0,11
1,<environment.Job instance at 0x14af9733b730>,21,1,[2 9],30,30,31,0,30
1,<environment.Job instance at 0x14af9667ce10>,23,17,[7 1],32,36,53,4,36
1,<environment.Job instance at 0x14af8c548780>,24,15,[ 1 10],36,105,120,69,105
1,<environment.Job instance at 0x14af8fd64960>,4,3,[2 9],7,123,126,116,123
1,<environment.Job instance at 0x14af8c35eb40>,6,1,[7 2],10,10,11,0,10
1,<environment.Job instance at 0x14afc0c7b3c0>,7,15,[6 2],11,14,29,3,14
1,<environment.Job instance at 0x14af8cdafa50>,9,3,[ 2 10],16,16,19,0,16
1,<environment.Job instance at 0x14af8c264e60>,10,1,[9 1],17,19,20,2,17
1,<environment.Job instance at 0x14af96fbecd0>,12,15,[8 2],19,22,37,3,22
1,<environment.Job instance at 0x14af96fbe500>,17,1,[2 9],25,29,30,4,25
1,<environment.Job instance at 0x14af8f0d2aa0>,21,2,[5 1],29,29,31,0,29
1,<environment.Job instance at 0x14af8f24c820>,22,1,[2 5],33,33,34,0,33
1,<environment.Job instance at 0x14af8ee4b1e0>,23,19,[1 8],34,34,53,0,34
1,<environment.Job instance at 0x14af8f10a280>,25,3,[ 2 12],36,53,56,17,43
1,<environment.Job instance at 0x14af8f30e460>,26,2,[1 7],37,43,45,6,43
1,<environment.Job instance at 0x14af8be29050>,32,20,[10  2],47,52,72,5,52
1,<environment.Job instance at 0x14af92e259b0>,5,13,[5 2],9,309,322,300,309
1,<environment.Job instance at 0x14af92e25cd0>,8,16,[1 5],14,331,347,317,331
1,<environment.Job instance at 0x14af92e313c0>,0,22,[1 5],1,1,23,0,1
1,<environment.Job instance at 0x14af967465f0>,11,2,[6 1],24,24,26,0,24
1,<environment.Job instance at 0x14af8c51a550>,28,2,[5 2],49,1596,1598,1547,1596
1,<environment.Job instance at 0x14af8c07bcd0>,0,2,[10  2],1,1,3,0,1
1,<environment.Job instance at 0x14af8c51a550>,4,1,[1 7],6,7,8,1,7
1,<environment.Job instance at 0x14af8ba960f0>,20,25,[2 9],35,35,60,0,35
1,<environment.Job instance at 0x14af8c136460>,0,1,[ 2 12],1,1,2,0,1
1,<environment.Job instance at 0x14af915d6eb0>,2,1,[5 2],4,4,5,0,4
1,<environment.Job instance at 0x14af8c136fa0>,3,2,[2 5],5,5,7,0,5
1,<environment.Job instance at 0x14af8c136a00>,4,2,[ 2 10],6,6,8,0,6
1,<environment.Job instance at 0x14af8c136550>,5,1,[8 1],7,7,8,0,7
1,<environment.Job instance at 0x14af8c136370>,6,1,[5 1],8,8,9,0,8
1,<environment.Job instance at 0x14af8c1360f0>,7,1,[5 1],9,9,10,0,9
1,<environment.Job instance at 0x14af8c136140>,8,1,[10  2],10,10,11,0,10
1,<environment.Job instance at 0x14af8c136c80>,10,2,[2 8],16,16,18,0,16
1,<environment.Job instance at 0x14af8c1226e0>,12,1,[9 1],18,18,19,0,18
1,<environment.Job instance at 0x14af8c122b90>,13,1,[1 9],19,19,20,0,19
1,<environment.Job instance at 0x14af902e6cd0>,23,1,[8 2],31,31,32,0,31
1,<environment.Job instance at 0x14af96771be0>,28,22,[6 2],36,39,61,3,39
1,<environment.Job instance at 0x14af8c337d20>,33,2,[2 9],43,54,56,11,54
1,<environment.Job instance at 0x14af8c337690>,35,1,[6 2],46,54,55,8,54
1,<environment.Job instance at 0x14af8c3378c0>,37,1,[7 1],48,56,57,8,56
1,<environment.Job instance at 0x14af902e65f0>,26,3,[ 2 13],34,70,73,36,70
1,<environment.Job instance at 0x14af902e6e10>,25,2,[9 1],33,116,118,83,116
1,<environment.Job instance at 0x14af8c24dbe0>,16,28,[1 5],27,27,55,0,27
1,<environment.Job instance at 0x14af965dcd20>,21,17,[14  2],34,61,78,27,61
1,<environment.Job instance at 0x14af965dc550>,22,1,[1 6],35,89,90,54,89
1,<environment.Job instance at 0x14af965dcfa0>,23,16,[ 1 11],36,155,171,119,155
1,<environment.Job instance at 0x14af8bb60550>,24,28,[1 9],38,488,516,450,488
1,<environment.Job instance at 0x14af8beffd70>,4,2,[12  1],5,9,11,4,9
1,<environment.Job instance at 0x14af8beff280>,9,1,[6 2],12,12,13,0,12
1,<environment.Job instance at 0x14af8ce71c30>,10,2,[5 2],13,13,15,0,13
1,<environment.Job instance at 0x14af8ce710f0>,11,1,[6 1],14,14,15,0,14
1,<environment.Job instance at 0x14af8bed9640>,12,2,[1 8],15,15,17,0,15
1,<environment.Job instance at 0x14af8be293c0>,16,1,[ 1 12],19,21,22,2,21
1,<environment.Job instance at 0x14af8be29af0>,18,2,[ 2 10],21,30,32,9,30
1,<environment.Job instance at 0x14af8c571820>,21,2,[1 7],29,32,34,3,30
1,<environment.Job instance at 0x14af8c5869b0>,24,1,[8 2],32,36,37,4,36
1,<environment.Job instance at 0x14af8c4de320>,32,18,[ 2 13],41,59,77,18,59
1,<environment.Job instance at 0x14af8c65c5a0>,5,3,[1 7],7,78,81,71,78
1,<environment.Job instance at 0x14af8beff3c0>,7,1,[9 2],9,538,539,529,538
1,<environment.Job instance at 0x14af8beffe10>,6,16,[7 1],8,1469,1485,1461,1469
1,<environment.Job instance at 0x14af8beffaf0>,1,1,[8 1],4,4,5,0,4
1,<environment.Job instance at 0x14af8efd88c0>,2,1,[8 1],5,5,6,0,5
1,<environment.Job instance at 0x14af8c4acb90>,7,2,[ 2 14],18,20,22,2,20
1,<environment.Job instance at 0x14af8c4ac370>,9,3,[5 1],20,66,69,46,66
1,<environment.Job instance at 0x14af8f260050>,20,18,[ 2 10],34,117,135,83,117
1,<environment.Job instance at 0x14af8c2520a0>,0,1,[5 1],1,1,2,0,1
1,<environment.Job instance at 0x14af8c252eb0>,1,2,[2 9],2,2,4,0,2
1,<environment.Job instance at 0x14af8c252050>,2,1,[5 1],3,3,4,0,3
1,<environment.Job instance at 0x14af8eee3820>,3,2,[9 1],5,5,7,0,5
1,<environment.Job instance at 0x14af8c2521e0>,4,2,[5 2],6,6,8,0,6
1,<environment.Job instance at 0x14af8bf15e10>,7,1,[ 2 10],11,11,12,0,11
1,<environment.Job instance at 0x14af8f091a50>,8,2,[14  1],12,21,23,9,21
1,<environment.Job instance at 0x14af901ece60>,17,1,[ 2 14],25,26,27,1,26
1,<environment.Job instance at 0x14af8c5e4af0>,19,1,[2 9],27,27,28,0,27
1,<environment.Job instance at 0x14af915b4460>,12,14,[1 5],19,70,84,51,70
1,<environment.Job instance at 0x14af8f09af50>,2,2,[6 1],5,5,7,0,5
1,<environment.Job instance at 0x14af8be22c80>,5,23,[12  2],10,14,37,4,14
1,<environment.Job instance at 0x14af915b7a00>,7,2,[8 1],12,790,792,778,790
1,<environment.Job instance at 0x14af8bf81730>,18,13,[ 2 12],24,790,803,766,790
1,<environment.Job instance at 0x14af95f350a0>,20,16,[1 7],28,803,819,775,791
1,<environment.Job instance at 0x14af95f350f0>,21,27,[2 7],29,803,830,774,801
1,<environment.Job instance at 0x14af95f356e0>,24,28,[8 1],32,801,829,769,801
1,<environment.Job instance at 0x14afc001faf0>,30,15,[7 1],40,829,844,789,826
1,<environment.Job instance at 0x14af8c127460>,31,1,[1 9],41,830,831,789,826
1,<environment.Job instance at 0x14af95f35690>,32,1,[6 2],42,829,830,787,826
1,<environment.Job instance at 0x14af95f35780>,33,15,[10  1],44,844,859,800,835
1,<environment.Job instance at 0x14af92e315a0>,6,2,[1 9],11,871,873,860,871
1,<environment.Job instance at 0x14af8ee34690>,19,24,[ 2 10],27,917,941,890,917
1,<environment.Job instance at 0x14afe018a640>,0,1,[1 6],4,4,5,0,4
1,<environment.Job instance at 0x14afc19db2d0>,1,3,[12  1],6,28,31,22,28
1,<environment.Job instance at 0x14af8baa65a0>,6,2,[7 1],12,31,33,19,28
1,<environment.Job instance at 0x14af8baa60f0>,7,1,[10  1],13,33,34,20,28
1,<environment.Job instance at 0x14af8baa6730>,9,23,[6 2],16,34,57,18,28
1,<environment.Job instance at 0x14af8cdf2230>,19,1,[14  2],30,57,58,27,53
1,<environment.Job instance at 0x14af948d6550>,27,2,[10  1],40,73,75,33,73
1,<environment.Job instance at 0x14af8c4055f0>,30,2,[2 6],43,74,76,31,74
1,<environment.Job instance at 0x14af8c405050>,31,2,[1 6],45,74,76,29,74
1,<environment.Job instance at 0x14af8c4850a0>,32,3,[ 2 12],46,87,90,41,87
1,<environment.Job instance at 0x14af8c485e10>,33,2,[2 7],47,90,92,43,87
1,<environment.Job instance at 0x14afe018a9b0>,3,1,[2 7],8,826,827,818,826
1,<environment.Job instance at 0x14af973baf00>,0,2,[10  2],1,1,3,0,1
1,<environment.Job instance at 0x14af973ba730>,1,1,[1 8],2,2,3,0,2
1,<environment.Job instance at 0x14af973ba640>,4,21,[1 7],8,8,29,0,8
1,<environment.Job instance at 0x14af8ef75820>,16,3,[ 2 13],24,29,32,5,29
1,<environment.Job instance at 0x14af965bb0f0>,23,1,[2 6],33,33,34,0,33
1,<environment.Job instance at 0x14af8bb8ce10>,18,2,[2 8],28,35,37,7,35
1,<environment.Job instance at 0x14af8c0113c0>,25,2,[5 2],36,36,38,0,36
1,<environment.Job instance at 0x14af8ef931e0>,28,27,[ 1 10],39,39,66,0,39
1,<environment.Job instance at 0x14af903c67d0>,17,1,[ 1 10],26,72,73,46,72
1,<environment.Job instance at 0x14af8e377550>,0,14,[12  1],2,25,39,23,25
1,<environment.Job instance at 0x14af915e2190>,18,1,[ 1 13],23,49,50,26,49
1,<environment.Job instance at 0x14af915e20a0>,20,1,[2 7],25,50,51,25,49
1,<environment.Job instance at 0x14af901914b0>,22,2,[8 2],29,58,60,29,58
1,<environment.Job instance at 0x14afc15e7b40>,26,24,[7 1],35,58,82,23,58
1,<environment.Job instance at 0x14af8f09a190>,36,2,[14  1],45,84,86,39,84
1,<environment.Job instance at 0x14af9071d9b0>,1,1,[2 5],3,106,107,103,106
1,<environment.Job instance at 0x14af9071d280>,2,14,[2 5],4,219,233,215,219
1,<environment.Job instance at 0x14af9071dbe0>,3,1,[5 2],6,362,363,356,362
1,<environment.Job instance at 0x14af902fe320>,1,2,[8 1],3,3,5,0,3
1,<environment.Job instance at 0x14af902fe370>,2,1,[9 1],4,5,6,1,4
1,<environment.Job instance at 0x14af9671c640>,4,2,[8 1],6,6,8,0,6
1,<environment.Job instance at 0x14af9671c0f0>,5,2,[6 2],7,8,10,1,8
1,<environment.Job instance at 0x14af8be14a50>,7,12,[ 1 12],9,450,462,441,450
1,<environment.Job instance at 0x14af8baeb780>,15,2,[12  1],25,465,467,440,465
1,<environment.Job instance at 0x14af8f0a2140>,16,1,[1 6],26,465,466,439,465
1,<environment.Job instance at 0x14af8f0a2910>,17,3,[ 1 13],27,477,480,450,477
1,<environment.Job instance at 0x14af8f0a2aa0>,19,1,[ 1 10],31,480,481,449,477
1,<environment.Job instance at 0x14af948a0d70>,22,1,[ 1 12],34,481,482,447,477
1,<environment.Job instance at 0x14af9678dcd0>,6,1,[2 5],8,522,523,514,522
1,<environment.Job instance at 0x14af8f14b320>,10,2,[1 6],13,586,588,573,586
1,<environment.Job instance at 0x14af8eeea410>,8,3,[8 1],10,684,687,674,684
1,<environment.Job instance at 0x14af902ec190>,2,2,[1 5],5,5,7,0,5
1,<environment.Job instance at 0x14af8ee7cc80>,8,1,[ 1 10],14,14,15,0,14
1,<environment.Job instance at 0x14af8eea1870>,11,3,[2 6],17,17,20,0,17
1,<environment.Job instance at 0x14af8eea1b40>,12,1,[2 5],18,18,19,0,18
1,<environment.Job instance at 0x14af8eea15a0>,13,2,[ 2 10],20,20,22,0,20
1,<environment.Job instance at 0x14af96fbe5f0>,22,17,[ 1 10],32,32,49,0,32
1,<environment.Job instance at 0x14af8f100910>,32,1,[ 2 10],46,53,54,7,53
1,<environment.Job instance at 0x14af8f1009b0>,33,1,[7 2],47,53,54,6,53
1,<environment.Job instance at 0x14af8f1002d0>,34,2,[1 8],48,54,56,6,53
1,<environment.Job instance at 0x14af8f1006e0>,35,1,[2 5],49,54,55,5,53
1,<environment.Job instance at 0x14af8f100a00>,27,20,[5 1],41,70,90,29,70
1,<environment.Job instance at 0x14af96fbea50>,21,2,[5 1],31,232,234,201,232
1,<environment.Job instance at 0x14af967683c0>,1,1,[1 6],2,2,3,0,2
1,<environment.Job instance at 0x14af973aab40>,2,2,[10  1],3,3,5,0,3
1,<environment.Job instance at 0x14af973aad20>,3,1,[2 5],4,4,5,0,4
1,<environment.Job instance at 0x14af8c5420f0>,16,1,[1 8],21,22,23,1,22
1,<environment.Job instance at 0x14af8c6b3140>,22,1,[2 7],31,31,32,0,31
1,<environment.Job instance at 0x14af8c6b3640>,23,1,[1 6],33,33,34,0,33
1,<environment.Job instance at 0x14af8c6b3cd0>,24,1,[2 7],34,34,35,0,34
1,<environment.Job instance at 0x14af973e4550>,34,2,[11  2],46,62,64,16,62
1,<environment.Job instance at 0x14af8ba9fc80>,37,21,[1 7],49,237,258,188,237
1,<environment.Job instance at 0x14af8ba9fd70>,36,1,[9 1],48,293,294,245,293
1,<environment.Job instance at 0x14af8c341af0>,0,1,[5 1],1,1,2,0,1
1,<environment.Job instance at 0x14af8c3417d0>,2,3,[13  2],4,9,12,5,9
1,<environment.Job instance at 0x14af973ba960>,9,2,[2 9],14,14,16,0,14
1,<environment.Job instance at 0x14af973ba870>,4,12,[1 7],7,16,28,9,14
1,<environment.Job instance at 0x14afe0184af0>,17,18,[ 2 13],26,497,515,471,497
1,<environment.Job instance at 0x14afe0184550>,21,3,[14  2],31,1149,1152,1118,1149
1,<environment.Job instance at 0x14afe0184d20>,23,2,[2 5],36,1152,1154,1116,1149
1,<environment.Job instance at 0x14afe0184b90>,24,19,[7 1],37,1152,1171,1115,1149
1,<environment.Job instance at 0x14af97386fa0>,30,3,[13  2],46,1284,1287,1238,1284
1,<environment.Job instance at 0x14af973ba2d0>,13,3,[ 2 10],21,1289,1292,1268,1289
1,<environment.Job instance at 0x14af973ba550>,12,3,[2 8],20,1293,1296,1273,1293
1,<environment.Job instance at 0x14af973ba140>,6,1,[2 7],9,1423,1424,1414,1423
1,<environment.Job instance at 0x14afc0cd7780>,0,2,[2 6],2,2,4,0,2
1,<environment.Job instance at 0x14afc0cd7d20>,4,1,[1 7],7,7,8,0,7
1,<environment.Job instance at 0x14af8f1f2be0>,9,2,[8 1],15,15,17,0,15
1,<environment.Job instance at 0x14af8f14d780>,13,1,[7 1],20,20,21,0,20
1,<environment.Job instance at 0x14af90718b40>,14,1,[ 2 13],21,21,22,0,21
1,<environment.Job instance at 0x14af8bf4ce10>,15,1,[1 5],23,23,24,0,23
1,<environment.Job instance at 0x14af8bf4c140>,16,2,[10  1],24,24,26,0,24
1,<environment.Job instance at 0x14af901e2820>,22,2,[11  1],32,36,38,4,36
1,<environment.Job instance at 0x14af915e2d20>,25,2,[2 9],37,37,39,0,37
1,<environment.Job instance at 0x14af915e22d0>,27,2,[14  1],40,40,42,0,40
1,<environment.Job instance at 0x14af903f9960>,28,3,[7 1],41,42,45,1,41
1,<environment.Job instance at 0x14af903f95f0>,29,2,[1 7],42,42,44,0,42
1,<environment.Job instance at 0x14af903f93c0>,32,16,[6 1],46,46,62,0,46
1,<environment.Job instance at 0x14af903f9370>,34,16,[14  2],48,2849,2865,2801,2849
1,<environment.Job instance at 0x14af8bc2ae10>,3,3,[14  1],7,219,222,212,219
1,<environment.Job instance at 0x14afc0c93230>,14,1,[5 2],21,222,223,201,219
1,<environment.Job instance at 0x14af8f175d70>,20,1,[5 2],30,224,225,194,224
1,<environment.Job instance at 0x14af8f175aa0>,21,2,[14  2],31,226,228,195,226
1,<environment.Job instance at 0x14af8f175e10>,22,1,[1 7],32,226,227,194,226
1,<environment.Job instance at 0x14af8f1753c0>,24,15,[1 5],34,229,244,195,229
1,<environment.Job instance at 0x14af8c54df00>,25,1,[2 7],36,229,230,193,229
1,<environment.Job instance at 0x14af8f175460>,27,2,[2 7],39,230,232,191,229
1,<environment.Job instance at 0x14af8d9295f0>,30,2,[7 1],42,230,232,188,230
1,<environment.Job instance at 0x14af8efb2d20>,31,2,[5 2],43,230,232,187,230
1,<environment.Job instance at 0x14af8eeaf0a0>,32,2,[2 5],46,232,234,186,230
1,<environment.Job instance at 0x14af8eec5870>,4,3,[7 2],8,238,241,230,238
1,<environment.Job instance at 0x14af8eec5500>,5,2,[2 6],9,251,253,242,251
1,<environment.Job instance at 0x14af90668230>,1,1,[ 1 10],2,2,3,0,2
1,<environment.Job instance at 0x14afc0c93eb0>,2,2,[5 2],3,3,5,0,3
1,<environment.Job instance at 0x14af8bae6a00>,6,1,[8 1],7,7,8,0,7
1,<environment.Job instance at 0x14af8c2a3aa0>,7,1,[2 8],8,8,9,0,8
1,<environment.Job instance at 0x14af8c6034b0>,8,1,[7 2],9,9,10,0,9
1,<environment.Job instance at 0x14af8f273820>,9,1,[2 7],10,10,11,0,10
1,<environment.Job instance at 0x14afc0c93be0>,10,22,[10  2],12,13,35,1,13
1,<environment.Job instance at 0x14af8f110780>,14,23,[6 2],18,35,58,17,29
1,<environment.Job instance at 0x14af8f295500>,31,3,[14  2],47,66,69,19,66
1,<environment.Job instance at 0x14af8bae68c0>,5,13,[10  1],6,971,984,965,971
1,<environment.Job instance at 0x14af8f273140>,15,12,[8 2],19,2875,2887,2856,2875
1,<environment.Job instance at 0x14af8c2035a0>,16,2,[ 2 10],20,2893,2895,2873,2893
1,<environment.Job instance at 0x14af965b3f00>,1,3,[ 2 12],6,18,21,12,18
1,<environment.Job instance at 0x14af906f3550>,7,2,[1 5],14,21,23,7,18
1,<environment.Job instance at 0x14af906f3be0>,9,16,[ 2 14],16,1351,1367,1335,1351
1,<environment.Job instance at 0x14af8bb4b410>,22,2,[ 1 10],34,1367,1369,1333,1353
1,<environment.Job instance at 0x14af9072c410>,26,2,[ 1 10],40,1369,1371,1329,1355
1,<environment.Job instance at 0x14af8be39d70>,30,2,[2 5],45,1371,1373,1326,1371
1,<environment.Job instance at 0x14af8cecc230>,32,1,[10  2],47,1371,1372,1324,1371
1,<environment.Job instance at 0x14af8c648960>,34,2,[8 1],49,1383,1385,1334,1383
1,<environment.Job instance at 0x14af8f2737d0>,2,3,[1 5],7,1385,1388,1378,1385
1,<environment.Job instance at 0x14af8c5e4820>,1,1,[6 1],2,2,3,0,2
1,<environment.Job instance at 0x14af8c1aadc0>,8,2,[14  2],10,10,12,0,10
1,<environment.Job instance at 0x14af8c1aa0f0>,9,1,[6 1],13,13,14,0,13
1,<environment.Job instance at 0x14af8c1aa500>,10,1,[2 9],14,14,15,0,14
1,<environment.Job instance at 0x14af8c1aa140>,11,1,[2 5],15,15,16,0,15
1,<environment.Job instance at 0x14af8bf0b280>,12,1,[5 2],18,18,19,0,18
1,<environment.Job instance at 0x14af8be14af0>,14,2,[1 8],25,25,27,0,25
1,<environment.Job instance at 0x14af8f155c80>,21,3,[ 2 13],34,37,40,3,37
1,<environment.Job instance at 0x14af8c576d20>,26,1,[9 1],41,42,43,1,42
1,<environment.Job instance at 0x14af8fd63d70>,20,1,[5 1],32,44,45,12,44
1,<environment.Job instance at 0x14af8c537960>,31,2,[2 6],46,46,48,0,46
1,<environment.Job instance at 0x14af903a73c0>,22,3,[ 2 10],35,61,64,26,61
1,<environment.Job instance at 0x14af8c207730>,0,2,[1 6],1,1,3,0,1
1,<environment.Job instance at 0x14af8f321a50>,20,2,[7 2],29,30,32,1,30
1,<environment.Job instance at 0x14af8f321b90>,22,2,[ 2 13],32,32,34,0,32
1,<environment.Job instance at 0x14af948b1cd0>,23,2,[2 6],33,34,36,1,33
1,<environment.Job instance at 0x14af8c56f7d0>,25,2,[9 2],35,35,37,0,35
1,<environment.Job instance at 0x14af8c56f0a0>,26,1,[8 1],36,37,38,1,36
1,<environment.Job instance at 0x14af8c56f870>,27,1,[10  2],37,38,39,1,37
1,<environment.Job instance at 0x14af9025beb0>,28,2,[1 5],38,38,40,0,38
1,<environment.Job instance at 0x14af9025b5a0>,29,2,[ 1 10],39,39,41,0,39
1,<environment.Job instance at 0x14af9025ba50>,30,22,[8 2],43,43,65,0,43
1,<environment.Job instance at 0x14af972195f0>,0,1,[ 2 10],1,1,2,0,1
1,<environment.Job instance at 0x14af8bf81910>,2,2,[6 1],3,3,5,0,3
1,<environment.Job instance at 0x14af8ee4b5a0>,15,24,[ 2 12],25,25,49,0,25
1,<environment.Job instance at 0x14af8bd029b0>,28,1,[ 1 10],41,49,50,8,46
1,<environment.Job instance at 0x14af8bdd8820>,34,16,[ 1 11],48,2702,2718,2654,2702
1,<environment.Job instance at 0x14af8ee4bd70>,14,3,[8 1],23,2744,2747,2721,2744
1,<environment.Job instance at 0x14af8bd028c0>,24,1,[8 1],37,2764,2765,2727,2764
1,<environment.Job instance at 0x14af903c8280>,6,3,[12  1],10,20,23,10,20
1,<environment.Job instance at 0x14af8ef76dc0>,11,1,[10  1],16,23,24,7,20
1,<environment.Job instance at 0x14af97329b90>,12,1,[1 8],19,20,21,1,20
1,<environment.Job instance at 0x14af972da2d0>,14,22,[10  1],23,24,46,1,23
1,<environment.Job instance at 0x14af903c8fa0>,17,1,[11  1],29,46,47,17,29
1,<environment.Job instance at 0x14af9678e9b0>,18,1,[5 1],32,32,33,0,32
1,<environment.Job instance at 0x14af90276460>,19,1,[1 7],33,33,34,0,33
1,<environment.Job instance at 0x14af8eea2f00>,25,20,[1 5],42,42,62,0,42
1,<environment.Job instance at 0x14afc15932d0>,30,1,[11  1],47,50,51,3,50
1,<environment.Job instance at 0x14afc15931e0>,31,22,[1 6],48,73,95,25,73
1,<environment.Job instance at 0x14af903c89b0>,8,2,[10  1],12,99,101,87,99
1,<environment.Job instance at 0x14af90283190>,10,3,[11  1],15,570,573,555,570
1,<environment.Job instance at 0x14af8ef0d320>,0,1,[1 6],1,1,2,0,1
1,<environment.Job instance at 0x14af903c8730>,5,2,[2 9],6,7,9,1,7
1,<environment.Job instance at 0x14af8f0ece10>,12,2,[2 6],15,16,18,1,16
1,<environment.Job instance at 0x14af8f0ec5a0>,14,22,[ 1 10],19,19,41,0,19
1,<environment.Job instance at 0x14af8f31baf0>,22,21,[8 2],29,30,51,1,30
1,<environment.Job instance at 0x14af8f31b640>,29,14,[6 1],38,39,53,1,39
1,<environment.Job instance at 0x14af8f31bbe0>,30,17,[ 2 13],39,51,68,12,39
1,<environment.Job instance at 0x14af8f2c7550>,38,1,[2 7],49,68,69,19,59
1,<environment.Job instance at 0x14af8f0ecc30>,13,17,[2 8],16,296,313,280,296
1,<environment.Job instance at 0x14af8f31b870>,23,2,[1 8],30,331,333,301,331
1,<environment.Job instance at 0x14af8c614690>,0,23,[2 7],1,1,24,0,1
1,<environment.Job instance at 0x14af8f18deb0>,15,1,[9 1],25,25,26,0,25
1,<environment.Job instance at 0x14af8bae3550>,20,2,[2 8],31,31,33,0,31
1,<environment.Job instance at 0x14af92e4f8c0>,19,1,[1 5],29,35,36,6,35
1,<environment.Job instance at 0x14af8c63acd0>,23,18,[ 1 14],36,146,164,110,146
1,<environment.Job instance at 0x14af8c63af00>,25,2,[6 2],38,175,177,137,175
1,<environment.Job instance at 0x14af8c63afa0>,24,1,[2 7],37,200,201,163,200
1,<environment.Job instance at 0x14af8c63ad70>,27,3,[ 2 12],40,475,478,435,475
1,<environment.Job instance at 0x14af8c04cfa0>,0,1,[2 7],1,1,2,0,1
1,<environment.Job instance at 0x14af8c63aaa0>,1,2,[7 2],2,2,4,0,2
1,<environment.Job instance at 0x14af8f1e4be0>,2,1,[ 1 11],3,3,4,0,3
1,<environment.Job instance at 0x14af8c0433c0>,3,23,[11  2],4,5,28,1,5
1,<environment.Job instance at 0x14af8ee4b640>,9,21,[12  1],15,28,49,13,24
1,<environment.Job instance at 0x14afe018a960>,21,1,[1 9],32,45,46,13,45
1,<environment.Job instance at 0x14af96fbe550>,24,17,[ 1 12],36,1294,1311,1258,1294
1,<environment.Job instance at 0x14af96fb7870>,31,1,[9 1],48,1311,1312,1263,1311
1,<environment.Job instance at 0x14af915cb0f0>,10,3,[10  2],17,1312,1315,1295,1311
1,<environment.Job instance at 0x14af8eea2280>,4,2,[6 2],5,1561,1563,1556,1561
1,<environment.Job instance at 0x14af915cb640>,12,1,[8 1],20,2521,2522,2501,2521
1,<environment.Job instance at 0x14af8e37b410>,0,2,[6 1],1,1,3,0,1
1,<environment.Job instance at 0x14af97379c80>,3,1,[ 2 10],7,7,8,0,7
1,<environment.Job instance at 0x14af97379500>,4,22,[9 1],8,8,30,0,8
1,<environment.Job instance at 0x14af8efb9c30>,7,16,[11  1],11,38,54,27,38
1,<environment.Job instance at 0x14af972df500>,20,2,[ 1 12],29,60,62,31,60
1,<environment.Job instance at 0x14af8c106e10>,21,1,[1 5],30,62,63,32,60
1,<environment.Job instance at 0x14af8f1237d0>,23,2,[10  2],33,73,75,40,73
1,<environment.Job instance at 0x14af8cd9a280>,25,1,[9 1],35,75,76,40,73
1,<environment.Job instance at 0x14af8cd9a550>,26,2,[10  2],37,76,78,39,74
1,<environment.Job instance at 0x14af8c0f8d20>,28,15,[2 5],39,76,91,37,76
1,<environment.Job instance at 0x14af8efb9460>,8,18,[7 2],12,921,939,909,921
1,<environment.Job instance at 0x14af972df910>,11,2,[2 6],16,948,950,932,948
1,<environment.Job instance at 0x14af8bd6e6e0>,10,12,[1 5],14,1308,1320,1294,1308
1,<environment.Job instance at 0x14af8c058b90>,7,2,[ 2 10],11,11,13,0,11
1,<environment.Job instance at 0x14af8c62a690>,24,18,[2 5],32,43,61,11,43
1,<environment.Job instance at 0x14af8c413dc0>,29,2,[ 1 11],40,61,63,21,53
1,<environment.Job instance at 0x14af8f0e04b0>,33,1,[1 8],47,66,67,19,66
1,<environment.Job instance at 0x14af8c62a140>,25,18,[6 1],34,566,584,532,566
1,<environment.Job instance at 0x14af8cd7cf50>,11,1,[ 2 10],17,581,582,564,581
1,<environment.Job instance at 0x15314871ce10>,2,1,[2 5],3,3,4,0,3
1,<environment.Job instance at 0x1530f1ebec80>,3,1,[6 2],4,4,5,0,4
1,<environment.Job instance at 0x1530f2606e10>,15,1,[ 1 10],20,20,21,0,20
1,<environment.Job instance at 0x1530f26f20f0>,16,1,[2 5],21,21,22,0,21
1,<environment.Job instance at 0x1530f25db910>,20,2,[ 1 13],27,28,30,1,28
1,<environment.Job instance at 0x1530f25dbb90>,22,1,[2 7],30,30,31,0,30
1,<environment.Job instance at 0x1530f1eb94b0>,0,2,[2 8],1,2,4,1,2
1,<environment.Job instance at 0x1530f263caa0>,1,1,[1 6],3,3,4,0,3
1,<environment.Job instance at 0x1530f1eba8c0>,2,1,[2 9],5,5,6,0,5
1,<environment.Job instance at 0x1530f46c7960>,8,2,[2 5],15,15,17,0,15
1,<environment.Job instance at 0x1530f46bb870>,11,22,[1 5],20,20,42,0,20
1,<environment.Job instance at 0x1530f46baaf0>,21,1,[13  1],34,43,44,9,43
1,<environment.Job instance at 0x1530f46ba190>,19,3,[2 9],32,46,49,14,46
1,<environment.Job instance at 0x1530f46562d0>,29,1,[1 6],47,47,48,0,47
1,<environment.Job instance at 0x1530f46baa50>,22,3,[1 9],35,49,52,14,47
1,<environment.Job instance at 0x1530f4656140>,30,2,[2 5],48,48,50,0,48
1,<environment.Job instance at 0x1530f4656b90>,31,2,[ 1 10],49,52,54,3,49
1,<environment.Job instance at 0x1530f46baa00>,24,2,[ 2 10],37,187,189,150,187
1,<environment.Job instance at 0x1530f4777050>,0,2,[1 8],1,1,3,0,1
1,<environment.Job instance at 0x1530f5aed460>,2,1,[1 5],3,3,4,0,3
1,<environment.Job instance at 0x1530f2121140>,3,2,[1 9],6,6,8,0,6
1,<environment.Job instance at 0x1530f5aed280>,4,1,[2 7],7,8,9,1,7
1,<environment.Job instance at 0x1530f5a7faf0>,5,1,[2 5],8,8,9,0,8
1,<environment.Job instance at 0x1530f5a7f7d0>,7,2,[14  1],10,15,17,5,15
1,<environment.Job instance at 0x1530f5a7f1e0>,9,3,[2 8],12,17,20,5,15
1,<environment.Job instance at 0x1530f5aa1af0>,17,1,[ 2 10],22,22,23,0,22
1,<environment.Job instance at 0x1530f5acc5a0>,18,1,[ 2 14],23,23,24,0,23
1,<environment.Job instance at 0x1530f5acc2d0>,19,1,[8 2],24,24,25,0,24
1,<environment.Job instance at 0x1530f5aa15a0>,16,1,[2 8],21,31,32,10,31
1,<environment.Job instance at 0x1530f5b4c7d0>,23,3,[11  2],31,65,68,34,65
1,<environment.Job instance at 0x1530f5b4cd20>,26,1,[8 1],34,68,69,34,65
1,<environment.Job instance at 0x1530f45d0370>,30,1,[1 6],39,65,66,26,65
1,<environment.Job instance at 0x1530f5accbe0>,22,2,[ 1 10],30,72,74,42,72
1,<environment.Job instance at 0x1530f45d0f00>,34,1,[1 8],46,74,75,28,73
1,<environment.Job instance at 0x1530f45d0820>,35,15,[1 6],47,74,89,27,73
1,<environment.Job instance at 0x1530f45d00a0>,33,3,[12  1],44,109,112,65,109
1,<environment.Job instance at 0x1530f45d0eb0>,36,3,[7 2],48,654,657,606,654
1,<environment.Job instance at 0x1530f45d0500>,39,13,[ 1 14],52,657,670,605,654
1,<environment.Job instance at 0x1530f45d0640>,42,2,[7 2],55,654,656,599,654
1,<environment.Job instance at 0x1530f45d6960>,44,28,[2 8],59,670,698,611,669
1,<environment.Job instance at 0x1530f45d0550>,40,27,[1 8],53,730,757,677,730
1,<environment.Job instance at 0x1530f5aed370>,8,1,[5 1],11,845,846,834,845
1,<environment.Job instance at 0x1530f6e15c30>,4,2,[ 2 10],11,11,13,0,11
1,<environment.Job instance at 0x1530f4998460>,7,2,[ 2 10],14,14,16,0,14
1,<environment.Job instance at 0x1530f4998b40>,8,2,[2 9],15,16,18,1,15
1,<environment.Job instance at 0x1530f19959b0>,27,18,[8 1],38,59,77,21,59
1,<environment.Job instance at 0x1530f5b712d0>,34,1,[9 1],51,83,84,32,83
1,<environment.Job instance at 0x1530f4998f50>,15,1,[1 7],23,83,84,60,83
1,<environment.Job instance at 0x1530f5b71960>,36,2,[6 2],53,84,86,31,84
1,<environment.Job instance at 0x1530f5b71c30>,37,1,[9 1],55,84,85,29,84
1,<environment.Job instance at 0x1530f5b71a00>,39,1,[ 1 10],57,85,86,28,84
1,<environment.Job instance at 0x1530f5b71730>,40,2,[1 5],59,86,88,27,84
1,<environment.Job instance at 0x1530f5b71780>,38,2,[8 1],56,88,90,32,88
1,<environment.Job instance at 0x1530f4998fa0>,11,2,[9 1],19,152,154,133,152
1,<environment.Job instance at 0x1530f49983c0>,17,15,[1 7],25,552,567,527,552
1,<environment.Job instance at 0x1530f4998a00>,16,1,[2 9],24,696,697,672,696
1,<environment.Job instance at 0x1530f5bae820>,2,1,[2 6],6,6,7,0,6
1,<environment.Job instance at 0x15310edb2af0>,5,1,[2 8],12,12,13,0,12
1,<environment.Job instance at 0x15310ede9870>,8,2,[2 5],18,19,21,1,19
1,<environment.Job instance at 0x1530f258a3c0>,10,3,[8 1],22,22,25,0,22
1,<environment.Job instance at 0x1530f1ee0eb0>,11,1,[7 2],23,23,24,0,23
1,<environment.Job instance at 0x1530f5adf410>,12,2,[5 2],24,24,26,0,24
1,<environment.Job instance at 0x1530f5b90820>,13,2,[ 2 12],26,26,28,0,26
1,<environment.Job instance at 0x1530f4858870>,14,14,[6 1],27,27,41,0,27
1,<environment.Job instance at 0x1530f4a52780>,17,13,[ 1 11],31,41,54,10,41
1,<environment.Job instance at 0x1530f4a520a0>,22,3,[ 1 13],36,54,57,18,48
1,<environment.Job instance at 0x1530f4a529b0>,24,21,[ 2 13],40,57,78,17,49
1,<environment.Job instance at 0x1530f4a52af0>,25,1,[2 8],41,78,79,37,50
1,<environment.Job instance at 0x1530f25ec910>,35,2,[1 7],54,78,80,24,54
1,<environment.Job instance at 0x1530f25eceb0>,36,2,[5 2],55,55,57,0,55
1,<environment.Job instance at 0x1530f25ecf50>,37,1,[1 6],57,79,80,22,57
1,<environment.Job instance at 0x15310ca64f50>,39,2,[10  1],59,59,61,0,59
1,<environment.Job instance at 0x1530f489d500>,9,14,[2 8],19,240,254,221,240
1,<environment.Job instance at 0x1530f5b90140>,18,2,[6 2],32,253,255,221,253
1,<environment.Job instance at 0x1530f49a1410>,1,1,[2 5],4,4,5,0,4
1,<environment.Job instance at 0x1530f46373c0>,12,21,[7 2],20,20,41,0,20
1,<environment.Job instance at 0x1530f4637a00>,21,3,[1 9],34,97,100,63,97
1,<environment.Job instance at 0x1530f4aabaf0>,32,3,[5 2],54,225,228,171,225
1,<environment.Job instance at 0x1530f4637960>,22,3,[1 8],38,516,519,478,516
1,<environment.Job instance at 0x15310cbe0140>,0,1,[6 2],1,1,2,0,1
1,<environment.Job instance at 0x1530f1a046e0>,4,2,[1 9],11,506,508,495,506
1,<environment.Job instance at 0x1530f1a04e60>,3,2,[8 1],8,722,724,714,722
1,<environment.Job instance at 0x15310cbe0b40>,2,15,[ 1 11],7,729,744,722,729
1,<environment.Job instance at 0x1530f1a04aa0>,10,2,[1 6],18,744,746,726,729
1,<environment.Job instance at 0x1530f4a5a320>,12,1,[7 2],21,729,730,708,729
1,<environment.Job instance at 0x1530fbdb77d0>,15,1,[6 2],25,729,730,704,729
1,<environment.Job instance at 0x1530fbdb7af0>,18,2,[ 1 10],29,746,748,717,730
1,<environment.Job instance at 0x1530fbdb7870>,20,2,[2 9],31,744,746,713,730
1,<environment.Job instance at 0x15310e741870>,26,2,[5 1],43,746,748,703,743
1,<environment.Job instance at 0x15310c0f5140>,27,1,[2 7],44,748,749,704,743
1,<environment.Job instance at 0x1530f4869370>,28,2,[10  2],45,748,750,703,743
1,<environment.Job instance at 0x1530f4869730>,29,2,[6 1],46,746,748,700,743
1,<environment.Job instance at 0x1530f1a043c0>,9,18,[ 1 10],16,768,786,752,768
1,<environment.Job instance at 0x1530f1a04730>,7,3,[1 8],14,786,789,772,780
1,<environment.Job instance at 0x1530f142cf00>,1,26,[9 1],4,4,30,0,4
1,<environment.Job instance at 0x1530f1a04410>,2,2,[2 9],5,5,7,0,5
1,<environment.Job instance at 0x1530f142caf0>,3,2,[2 5],6,6,8,0,6
1,<environment.Job instance at 0x1530f1d69960>,9,27,[1 7],15,18,45,3,18
1,<environment.Job instance at 0x1530f6dd75f0>,27,2,[1 7],42,42,44,0,42
1,<environment.Job instance at 0x15310cb2e410>,28,15,[1 5],43,44,59,1,43
1,<environment.Job instance at 0x15310cb2e0a0>,30,2,[1 8],46,46,48,0,46
1,<environment.Job instance at 0x1530f467d3c0>,33,1,[2 8],50,57,58,7,57
1,<environment.Job instance at 0x1530f467d820>,34,1,[8 2],51,57,58,6,57
1,<environment.Job instance at 0x1530f467d870>,35,14,[14  1],52,58,72,6,57
1,<environment.Job instance at 0x1530f1a04dc0>,6,3,[8 1],9,73,76,64,73
1,<environment.Job instance at 0x1530f1d693c0>,10,15,[2 8],18,76,91,58,76
1,<environment.Job instance at 0x1530f4666b90>,0,2,[1 7],1,1,3,0,1
1,<environment.Job instance at 0x1530f4666c80>,1,1,[1 5],2,2,3,0,2
1,<environment.Job instance at 0x1530f26968c0>,10,2,[1 8],11,11,13,0,11
1,<environment.Job instance at 0x1530f2696fa0>,11,3,[2 8],12,13,16,1,12
1,<environment.Job instance at 0x1530f2696870>,12,2,[2 8],13,16,18,3,13
1,<environment.Job instance at 0x1530f6e005f0>,13,3,[5 2],16,16,19,0,16
1,<environment.Job instance at 0x1530f2696f50>,15,2,[2 8],19,19,21,0,19
1,<environment.Job instance at 0x1530f14d1eb0>,16,1,[6 2],21,21,22,0,21
1,<environment.Job instance at 0x1530f14d1f50>,17,1,[2 9],22,22,23,0,22
1,<environment.Job instance at 0x1530f15084b0>,18,27,[ 2 10],23,23,50,0,23
1,<environment.Job instance at 0x15310c03f960>,27,1,[7 1],36,36,37,0,36
1,<environment.Job instance at 0x1530f1c833c0>,31,2,[5 2],40,40,42,0,40
1,<environment.Job instance at 0x1530f1c83690>,34,19,[2 9],46,50,69,4,46
1,<environment.Job instance at 0x1530f1c83870>,35,13,[12  2],47,68,81,21,68
1,<environment.Job instance at 0x1530f5ee7a00>,38,2,[1 5],50,69,71,19,68
1,<environment.Job instance at 0x1530f5ee7be0>,39,1,[1 7],51,69,70,18,68
1,<environment.Job instance at 0x1530f4b38d20>,42,1,[1 9],55,71,72,16,68
1,<environment.Job instance at 0x1530f18e1e10>,45,1,[2 6],58,70,71,12,68
1,<environment.Job instance at 0x1530f1bf17d0>,7,15,[7 2],8,118,133,110,118
1,<environment.Job instance at 0x1530f1e410a0>,8,16,[2 8],9,204,220,195,204
1,<environment.Job instance at 0x1530f491e5a0>,0,1,[2 6],1,1,2,0,1
1,<environment.Job instance at 0x1530fbdb2820>,7,1,[1 8],9,9,10,0,9
1,<environment.Job instance at 0x1530fbdb2230>,9,2,[2 6],11,11,13,0,11
1,<environment.Job instance at 0x1530fbdb26e0>,13,16,[ 2 10],15,23,39,8,23
1,<environment.Job instance at 0x1530f5aef5f0>,18,2,[1 8],22,39,41,17,36
1,<environment.Job instance at 0x15310cc0c7d0>,20,1,[2 5],24,42,43,18,42
1,<environment.Job instance at 0x1530f1beea50>,25,25,[12  1],29,47,72,18,47
1,<environment.Job instance at 0x1530f59ba0f0>,33,23,[1 6],41,72,95,31,72
1,<environment.Job instance at 0x1530f6e061e0>,38,2,[7 1],52,92,94,40,92
1,<environment.Job instance at 0x1530f1a3acd0>,41,2,[5 1],57,93,95,36,93
1,<environment.Job instance at 0x15310c158f00>,16,2,[7 2],20,95,97,75,95
1,<environment.Job instance at 0x15310c1588c0>,15,15,[2 6],19,109,124,90,109
1,<environment.Job instance at 0x1530f86863c0>,9,1,[5 2],16,16,17,0,16
1,<environment.Job instance at 0x1530f8686a00>,10,26,[2 8],18,22,48,4,22
1,<environment.Job instance at 0x1530f16d5b90>,27,21,[1 8],46,48,69,2,47
1,<environment.Job instance at 0x1530f3ba31e0>,11,2,[ 1 10],20,85,87,65,85
1,<environment.Job instance at 0x1530f8686690>,6,1,[1 9],12,160,161,148,160
1,<environment.Job instance at 0x1530f4ac7be0>,8,1,[ 1 12],16,16,17,0,16
1,<environment.Job instance at 0x1530f5f8b1e0>,12,1,[2 9],24,24,25,0,24
1,<environment.Job instance at 0x1530f5f8b500>,13,2,[7 2],25,25,27,0,25
1,<environment.Job instance at 0x1530f1b7db40>,4,25,[8 1],9,9,34,0,9
1,<environment.Job instance at 0x15310e4e5500>,20,19,[2 5],30,34,53,4,34
1,<environment.Job instance at 0x1530f1d69c30>,28,1,[1 6],40,57,58,17,57
1,<environment.Job instance at 0x1530f1d698c0>,31,1,[6 2],43,57,58,14,57
1,<environment.Job instance at 0x1530f1d69dc0>,32,2,[2 7],44,57,59,13,57
1,<environment.Job instance at 0x1530f1d693c0>,36,2,[1 9],49,73,75,24,73
1,<environment.Job instance at 0x1530f5f741e0>,11,2,[7 2],18,111,113,93,111
1,<environment.Job instance at 0x1530f5f74aa0>,10,1,[10  2],17,143,144,126,143
1,<environment.Job instance at 0x1530f5f74fa0>,12,16,[1 9],19,1801,1817,1782,1801
1,<environment.Job instance at 0x1530f1ef72d0>,0,25,[9 1],1,1,26,0,1
1,<environment.Job instance at 0x1530f1d7bc80>,14,2,[10  2],18,26,28,8,21
1,<environment.Job instance at 0x1530f1d7b230>,15,15,[9 2],20,28,43,8,24
1,<environment.Job instance at 0x1530f5b1f9b0>,20,1,[6 2],27,31,32,4,31
1,<environment.Job instance at 0x1530f1a08500>,21,1,[5 1],28,32,33,4,31
1,<environment.Job instance at 0x1530f19f88c0>,22,1,[2 6],30,33,34,3,31
1,<environment.Job instance at 0x15310cb753c0>,24,2,[9 1],32,43,45,11,34
1,<environment.Job instance at 0x1530f19f85a0>,25,13,[6 1],34,34,47,0,34
1,<environment.Job instance at 0x1530f5e80e10>,26,2,[7 2],35,45,47,10,35
1,<environment.Job instance at 0x1530f3b9f320>,27,2,[9 2],36,47,49,11,36
1,<environment.Job instance at 0x1530f3b9f410>,28,3,[5 1],37,47,50,10,37
1,<environment.Job instance at 0x1530f3b9f9b0>,29,2,[ 1 10],38,45,47,7,38
1,<environment.Job instance at 0x1530f3b9ff00>,30,13,[2 6],39,49,62,10,40
1,<environment.Job instance at 0x1530f3b9f7d0>,31,17,[12  1],40,50,67,10,49
1,<environment.Job instance at 0x1530f1a2b140>,36,16,[6 1],47,67,83,20,55
1,<environment.Job instance at 0x15310cbb2c30>,39,1,[7 1],50,67,68,17,55
1,<environment.Job instance at 0x1530f5af8b90>,45,2,[ 1 10],58,62,64,4,59
1,<environment.Job instance at 0x1530f4849e60>,4,15,[5 2],6,364,379,358,364
1,<environment.Job instance at 0x1530f1c715f0>,11,14,[2 6],15,456,470,441,456
1,<environment.Job instance at 0x1530f5b2de60>,13,17,[2 5],17,722,739,705,722
1,<environment.Job instance at 0x1530f31503c0>,4,1,[13  1],5,6,7,1,6
1,<environment.Job instance at 0x1530f31500f0>,11,2,[2 5],12,12,14,0,12
1,<environment.Job instance at 0x1530f5ac9f00>,13,22,[8 1],15,15,37,0,15
1,<environment.Job instance at 0x1530f5ac9c80>,24,22,[2 6],29,35,57,6,35
1,<environment.Job instance at 0x1530f5ac94b0>,25,1,[ 1 14],30,57,58,27,35
1,<environment.Job instance at 0x1530fb761eb0>,33,3,[ 2 14],42,62,65,20,62
1,<environment.Job instance at 0x1530f1d65640>,37,1,[6 1],47,62,63,15,62
1,<environment.Job instance at 0x1530fb761230>,38,2,[6 1],49,63,65,14,62
1,<environment.Job instance at 0x1530f1db6140>,5,3,[2 7],6,94,97,88,94
1,<environment.Job instance at 0x1530f5ac9460>,18,3,[7 2],21,111,114,90,111
1,<environment.Job instance at 0x1530f165f4b0>,0,15,[14  1],1,4,19,3,4
1,<environment.Job instance at 0x1530fbdb9780>,7,1,[7 2],12,19,20,7,12
1,<environment.Job instance at 0x1530fbdb9410>,10,25,[6 1],15,19,44,4,15
1,<environment.Job instance at 0x1530f4642be0>,16,1,[1 9],24,24,25,0,24
1,<environment.Job instance at 0x1530f48566e0>,1,2,[1 9],2,25,27,23,25
1,<environment.Job instance at 0x1530f2660640>,17,1,[8 2],27,27,28,0,27
1,<environment.Job instance at 0x1530f1e534b0>,18,22,[2 5],29,29,51,0,29
1,<environment.Job instance at 0x1530f4899320>,21,26,[ 2 13],33,51,77,18,48
1,<environment.Job instance at 0x1530f21205a0>,24,2,[12  1],37,61,63,24,61
1,<environment.Job instance at 0x1530f4964320>,28,1,[8 1],42,63,64,21,61
1,<environment.Job instance at 0x1530f136b4b0>,32,1,[6 2],47,67,68,20,67
1,<environment.Job instance at 0x1530f136b550>,33,2,[ 1 10],48,77,79,29,67
1,<environment.Job instance at 0x1530f3bb0640>,34,2,[2 7],49,79,81,30,67
1,<environment.Job instance at 0x1530f3bb0e60>,36,3,[10  1],52,71,74,19,71
1,<environment.Job instance at 0x1530fa0d2eb0>,22,13,[7 2],34,214,227,180,214
1,<environment.Job instance at 0x1530f1440410>,2,14,[1 6],3,243,257,240,243
1,<environment.Job instance at 0x1530fa0d2f00>,23,3,[6 2],36,298,301,262,298
1,<environment.Job instance at 0x1530fa0d2f00>,3,2,[ 1 11],7,7,9,0,7
1,<environment.Job instance at 0x1530f17fb0f0>,5,1,[1 8],10,10,11,0,10
1,<environment.Job instance at 0x1530f181aaf0>,6,2,[2 9],11,12,14,1,12
1,<environment.Job instance at 0x1530f1a0da50>,9,28,[5 2],14,18,46,4,18
1,<environment.Job instance at 0x1530f4a61410>,32,26,[1 6],41,46,72,5,46
1,<environment.Job instance at 0x1530f4a61870>,34,23,[2 6],44,63,86,19,63
1,<environment.Job instance at 0x1530f181a190>,10,1,[8 2],15,111,112,96,111
1,<environment.Job instance at 0x1530f4a89a00>,45,3,[12  1],59,181,184,122,181
1,<environment.Job instance at 0x1530f3150370>,12,3,[ 2 14],17,678,681,661,678
1,<environment.Job instance at 0x1530f5bea780>,0,2,[7 1],1,1,3,0,1
1,<environment.Job instance at 0x15310edaf690>,3,2,[1 8],9,9,11,0,9
1,<environment.Job instance at 0x15310edafa50>,4,1,[2 6],10,10,11,0,10
1,<environment.Job instance at 0x15310edaf410>,5,2,[9 2],13,13,15,0,13
1,<environment.Job instance at 0x1530f5a46f50>,6,1,[ 2 10],17,17,18,0,17
1,<environment.Job instance at 0x1530f5a467d0>,7,3,[11  1],19,24,27,5,24
1,<environment.Job instance at 0x1530f1910370>,12,12,[7 2],26,27,39,1,26
1,<environment.Job instance at 0x1530f48e6f00>,15,2,[7 2],34,34,36,0,34
1,<environment.Job instance at 0x1530f48e6460>,16,2,[5 2],36,36,38,0,36
1,<environment.Job instance at 0x15310cbc2500>,17,1,[ 2 10],37,37,38,0,37
1,<environment.Job instance at 0x1530f1dde280>,18,1,[6 2],38,38,39,0,38
1,<environment.Job instance at 0x1530f59beaa0>,19,2,[ 1 12],39,39,41,0,39
1,<environment.Job instance at 0x1530f17e5140>,21,2,[5 2],41,41,43,0,41
1,<environment.Job instance at 0x1530fa0e59b0>,22,21,[5 1],42,42,63,0,42
1,<environment.Job instance at 0x1530f5eebc80>,23,3,[2 8],43,43,46,0,43
1,<environment.Job instance at 0x1530f18fcdc0>,25,1,[ 2 10],46,46,47,0,46
1,<environment.Job instance at 0x1530f18fc960>,26,2,[1 6],47,47,49,0,47
1,<environment.Job instance at 0x1530f46bfaa0>,27,2,[8 1],48,48,50,0,48
1,<environment.Job instance at 0x1530f46bfaf0>,28,1,[2 7],50,50,51,0,50
1,<environment.Job instance at 0x1530f46bf460>,29,2,[1 8],51,51,53,0,51
1,<environment.Job instance at 0x1530f46bf230>,30,13,[7 1],52,52,65,0,52
1,<environment.Job instance at 0x1530f46bf6e0>,31,3,[ 2 10],55,55,58,0,55
1,<environment.Job instance at 0x1530f1ed09b0>,32,2,[2 7],56,58,60,2,56
1,<environment.Job instance at 0x1530f1ed08c0>,33,22,[ 2 10],57,60,82,3,57
1,<environment.Job instance at 0x1530f47b1190>,9,3,[1 8],21,309,312,288,309
1,<environment.Job instance at 0x1530f1d190a0>,8,13,[ 2 11],20,1530,1543,1510,1530
1,<environment.Job instance at 0x1530f5f00190>,0,2,[6 2],1,1,3,0,1
1,<environment.Job instance at 0x15310c188050>,1,1,[7 1],4,4,5,0,4
1,<environment.Job instance at 0x1530f5f00d20>,2,2,[5 2],5,5,7,0,5
1,<environment.Job instance at 0x1530f49b9be0>,7,1,[2 6],12,12,13,0,12
1,<environment.Job instance at 0x1530f5a5d960>,10,2,[8 2],15,15,17,0,15
1,<environment.Job instance at 0x1530fa0e04b0>,18,21,[6 1],30,30,51,0,30
1,<environment.Job instance at 0x1530f1570050>,19,3,[ 2 13],32,47,50,15,47
1,<environment.Job instance at 0x1530f1533e60>,24,1,[1 7],40,50,51,10,47
1,<environment.Job instance at 0x1530f1533fa0>,26,27,[5 2],42,50,77,8,48
1,<environment.Job instance at 0x1530f5b41d70>,36,1,[7 1],57,78,79,21,78
1,<environment.Job instance at 0x1530f5b41c30>,37,1,[2 6],59,78,79,19,78
1,<environment.Job instance at 0x1530fa0e0d70>,21,1,[ 2 10],34,79,80,45,79
1,<environment.Job instance at 0x1530f4b13b90>,20,14,[2 6],33,362,376,329,362
1,<environment.Job instance at 0x1530f473aa00>,1,1,[1 7],4,4,5,0,4
1,<environment.Job instance at 0x1530f1edc0a0>,3,2,[7 1],6,6,8,0,6
1,<environment.Job instance at 0x1530f1edc780>,4,28,[1 6],7,7,35,0,7
1,<environment.Job instance at 0x1530f45d1640>,13,1,[2 7],20,20,21,0,20
1,<environment.Job instance at 0x1530f13c85f0>,10,2,[ 2 10],16,35,37,19,23
1,<environment.Job instance at 0x15310c1b59b0>,19,20,[ 2 11],28,37,57,9,29
1,<environment.Job instance at 0x1530f13f3be0>,37,1,[1 6],52,57,58,5,53
1,<environment.Job instance at 0x1530f1a08c30>,42,2,[1 8],57,57,59,0,57
1,<environment.Job instance at 0x1530f26e45f0>,43,26,[8 1],58,58,84,0,58
1,<environment.Job instance at 0x1530f1edc0f0>,9,2,[5 1],15,97,99,82,97
1,<environment.Job instance at 0x1530f1edcaa0>,11,3,[5 1],17,1087,1090,1070,1087
1,<environment.Job instance at 0x1530f4a71d70>,20,16,[9 2],30,1386,1402,1356,1386
1,<environment.Job instance at 0x15310ca58af0>,0,27,[6 1],1,1,28,0,1
1,<environment.Job instance at 0x15310edc6870>,10,1,[6 1],15,24,25,9,24
1,<environment.Job instance at 0x15310edc6d70>,11,28,[14  1],18,28,56,10,27
1,<environment.Job instance at 0x15310edc62d0>,12,2,[1 7],19,27,29,8,27
1,<environment.Job instance at 0x1530f1b45410>,18,2,[11  2],26,56,58,30,45
1,<environment.Job instance at 0x1530f1b45a00>,20,2,[1 8],29,45,47,16,45
1,<environment.Job instance at 0x15310f228190>,21,2,[1 5],30,47,49,17,45
1,<environment.Job instance at 0x15310edc63c0>,5,13,[2 8],7,56,69,49,54
1,<environment.Job instance at 0x1530f198daf0>,33,2,[12  1],45,65,67,20,65
1,<environment.Job instance at 0x1530f4642aa0>,35,1,[2 8],47,69,70,22,65
1,<environment.Job instance at 0x1530f21312d0>,38,15,[2 5],50,68,83,18,68
1,<environment.Job instance at 0x1530f2131eb0>,41,17,[7 1],54,77,94,23,77
1,<environment.Job instance at 0x1530f4a71d70>,4,2,[2 9],5,91,93,86,91
1,<environment.Job instance at 0x1530f18ab780>,34,14,[1 9],46,164,178,118,164
1,<environment.Job instance at 0x1530f1b0ddc0>,12,1,[ 2 13],18,18,19,0,18
1,<environment.Job instance at 0x1530f5b710f0>,16,1,[5 1],22,23,24,1,23
1,<environment.Job instance at 0x1530f5b71460>,18,2,[1 7],24,24,26,0,24
1,<environment.Job instance at 0x1530f5b71870>,19,1,[6 2],27,27,28,0,27
1,<environment.Job instance at 0x1530f5b71550>,23,2,[8 2],32,32,34,0,32
1,<environment.Job instance at 0x1530f15d34b0>,25,1,[5 2],39,39,40,0,39
1,<environment.Job instance at 0x1530f15d3230>,28,1,[2 8],43,43,44,0,43
1,<environment.Job instance at 0x1530f16599b0>,32,1,[ 1 10],48,48,49,0,48
1,<environment.Job instance at 0x1530f16594b0>,33,26,[2 5],49,49,75,0,49
1,<environment.Job instance at 0x1530f2649280>,37,1,[1 8],55,55,56,0,55
1,<environment.Job instance at 0x1530f2649370>,38,1,[10  2],59,59,60,0,59
1,<environment.Job instance at 0x1530f5b71820>,17,12,[ 1 10],23,126,138,103,126
1,<environment.Job instance at 0x1530f5afb0f0>,0,1,[1 5],1,1,2,0,1
1,<environment.Job instance at 0x1530f5afb500>,2,1,[2 8],4,4,5,0,4
1,<environment.Job instance at 0x1530f5ba26e0>,5,2,[ 2 13],9,9,11,0,9
1,<environment.Job instance at 0x1530f1c12460>,7,28,[2 5],13,13,41,0,13
1,<environment.Job instance at 0x1530f1c307d0>,11,16,[ 1 11],17,41,57,24,41
1,<environment.Job instance at 0x1530f1c12d70>,13,1,[1 5],20,57,58,37,42
1,<environment.Job instance at 0x1530f18e40a0>,29,25,[9 1],43,43,68,0,43
1,<environment.Job instance at 0x1530f1493b90>,35,2,[8 1],50,68,70,18,57
1,<environment.Job instance at 0x1530f5b863c0>,38,1,[2 5],54,59,60,5,59
1,<environment.Job instance at 0x1530f148b960>,40,1,[2 7],58,62,63,4,62
1,<environment.Job instance at 0x1530f1493af0>,34,3,[2 6],49,66,69,17,66
1,<environment.Job instance at 0x1530f5b95780>,12,1,[2 6],18,138,139,120,138
1,<environment.Job instance at 0x1530f19ee500>,0,1,[7 2],1,1,2,0,1
1,<environment.Job instance at 0x1530f2549f00>,3,1,[2 5],4,4,5,0,4
1,<environment.Job instance at 0x1530f14575a0>,4,2,[1 5],6,6,8,0,6
1,<environment.Job instance at 0x1530f5c14050>,7,26,[5 2],9,13,39,4,13
1,<environment.Job instance at 0x1530f5c144b0>,9,2,[2 6],11,30,32,19,30
1,<environment.Job instance at 0x1530f26a90a0>,22,21,[10  2],32,33,54,1,33
1,<environment.Job instance at 0x1530f26a9a50>,27,2,[6 1],43,54,56,11,43
1,<environment.Job instance at 0x1530f26a9fa0>,28,1,[ 1 12],44,44,45,0,44
1,<environment.Job instance at 0x1530f46b48c0>,33,1,[9 1],50,54,55,4,50
1,<environment.Job instance at 0x1530f46b4960>,34,20,[9 1],51,55,75,4,51
1,<environment.Job instance at 0x1530f46b4320>,36,2,[13  1],54,75,77,21,54
1,<environment.Job instance at 0x1530f46b4820>,37,1,[12  2],55,77,78,22,55
1,<environment.Job instance at 0x1530f46b40a0>,38,1,[5 1],56,56,57,0,56
1,<environment.Job instance at 0x1530f46b4140>,40,2,[6 2],58,58,60,0,58
1,<environment.Job instance at 0x1530f26a9640>,23,22,[2 9],33,60,82,27,59
1,<environment.Job instance at 0x1530f25492d0>,8,1,[8 2],10,96,97,86,96
1,<environment.Job instance at 0x1530f5c145f0>,10,3,[1 9],12,246,249,234,246
1,<environment.Job instance at 0x1530f140dd20>,0,2,[1 6],6,6,8,0,6
1,<environment.Job instance at 0x1530f25f45a0>,2,2,[2 8],10,10,12,0,10
1,<environment.Job instance at 0x1530f140dfa0>,3,1,[7 1],13,14,15,1,14
1,<environment.Job instance at 0x1530f5f8faf0>,13,1,[1 9],26,26,27,0,26
1,<environment.Job instance at 0x1530f46a6f00>,15,1,[1 8],28,28,29,0,28
1,<environment.Job instance at 0x1530f46a6280>,16,20,[7 2],29,30,50,1,30
1,<environment.Job instance at 0x1530f1c23190>,26,1,[ 1 13],41,44,45,3,44
1,<environment.Job instance at 0x1530f1c23460>,30,1,[11  1],53,53,54,0,53
1,<environment.Job instance at 0x1530f1c23c80>,31,2,[5 1],54,54,56,0,54
1,<environment.Job instance at 0x1530f476ee10>,32,2,[1 6],55,55,57,0,55
1,<environment.Job instance at 0x1530f17a3cd0>,33,2,[1 8],56,56,58,0,56
1,<environment.Job instance at 0x1530f476e960>,34,1,[6 1],57,57,58,0,57
1,<environment.Job instance at 0x1530f1c23640>,27,12,[ 1 14],42,60,72,18,60
1,<environment.Job instance at 0x1530f46a65f0>,17,1,[1 9],30,78,79,48,78
1,<environment.Job instance at 0x1530f1c23a50>,29,12,[2 9],44,614,626,570,614
1,<environment.Job instance at 0x1530f48573c0>,0,1,[2 9],1,1,2,0,1
1,<environment.Job instance at 0x1530f4857a50>,1,1,[1 5],2,2,3,0,2
1,<environment.Job instance at 0x1530f1e6fb90>,30,2,[2 8],42,49,51,7,49
1,<environment.Job instance at 0x1530f13cd1e0>,18,3,[10  1],27,828,831,801,828
1,<environment.Job instance at 0x1530fa0dd5f0>,43,17,[12  1],57,1063,1080,1006,1063
1,<environment.Job instance at 0x1530fa0dd410>,44,3,[1 8],58,1119,1122,1061,1119
1,<environment.Job instance at 0x1530f1def0a0>,19,1,[9 2],28,1152,1153,1124,1152
1,<environment.Job instance at 0x1530f1bc3aa0>,5,2,[1 7],6,6,8,0,6
1,<environment.Job instance at 0x1530f1bc3910>,6,2,[1 6],7,7,9,0,7
1,<environment.Job instance at 0x1530f1d1a050>,8,1,[2 7],10,10,11,0,10
1,<environment.Job instance at 0x1530f1bd54b0>,12,1,[2 5],15,15,16,0,15
1,<environment.Job instance at 0x15310c117870>,14,2,[2 8],20,20,22,0,20
1,<environment.Job instance at 0x1530f1250d70>,22,2,[2 9],30,30,32,0,30
1,<environment.Job instance at 0x1530f1250fa0>,23,2,[8 2],31,31,33,0,31
1,<environment.Job instance at 0x1530f1250460>,24,2,[8 1],32,33,35,1,32
1,<environment.Job instance at 0x1530f1250690>,26,1,[ 2 10],35,35,36,0,35
1,<environment.Job instance at 0x1530f172a690>,28,12,[ 2 11],38,47,59,9,47
1,<environment.Job instance at 0x15310c0fed20>,34,23,[2 5],47,59,82,12,53
1,<environment.Job instance at 0x1530f1369280>,3,13,[8 1],4,491,504,487,491
1,<environment.Job instance at 0x15310c117960>,16,15,[10  1],23,1228,1243,1205,1228
1,<environment.Job instance at 0x1530f172a320>,30,16,[5 1],41,2352,2368,2311,2352
1,<environment.Job instance at 0x1530f1285a50>,0,2,[2 8],1,1,3,0,1
1,<environment.Job instance at 0x1530f123b370>,1,17,[11  2],2,107,124,105,107
1,<environment.Job instance at 0x1530f169be10>,12,18,[ 1 14],17,124,142,107,120
1,<environment.Job instance at 0x15310cb966e0>,17,1,[2 7],22,142,143,120,125
1,<environment.Job instance at 0x1530f5ea5c80>,20,28,[ 2 10],26,143,171,117,142
1,<environment.Job instance at 0x1530f1bf0320>,26,2,[10  1],34,158,160,124,158
1,<environment.Job instance at 0x1530f1bf0cd0>,27,1,[ 1 10],37,171,172,134,158
1,<environment.Job instance at 0x1530f5a0c8c0>,28,1,[5 2],38,160,161,122,158
1,<environment.Job instance at 0x1530f1bf0410>,29,1,[8 1],39,160,161,121,158
1,<environment.Job instance at 0x1530f5bf0f50>,36,2,[2 5],54,167,169,113,167
1,<environment.Job instance at 0x1530f48d88c0>,37,19,[ 2 14],55,172,191,117,168
1,<environment.Job instance at 0x1530f5b719b0>,2,15,[1 5],3,283,298,280,283
1,<environment.Job instance at 0x1530f12853c0>,3,3,[2 5],5,336,339,331,336
1,<environment.Job instance at 0x1530f11ac230>,3,2,[10  1],6,6,8,0,6
1,<environment.Job instance at 0x1530fa0d49b0>,5,2,[2 5],8,8,10,0,8
1,<environment.Job instance at 0x15310ca610f0>,6,1,[1 7],9,9,10,0,9
1,<environment.Job instance at 0x15310c1c6820>,7,1,[2 9],10,10,11,0,10
1,<environment.Job instance at 0x15310c1c6c80>,9,1,[9 2],13,13,14,0,13
1,<environment.Job instance at 0x15310c1d8f00>,16,1,[1 7],22,23,24,1,23
1,<environment.Job instance at 0x15310cb610f0>,27,2,[9 1],38,39,41,1,39
1,<environment.Job instance at 0x15310cb61e10>,29,1,[1 9],40,40,41,0,40
1,<environment.Job instance at 0x15310cb61910>,30,1,[1 5],41,41,42,0,41
1,<environment.Job instance at 0x15310cb61780>,31,26,[2 7],42,42,68,0,42
1,<environment.Job instance at 0x15310c0a7230>,37,25,[1 7],49,50,75,1,50
1,<environment.Job instance at 0x15310c0a7d70>,44,22,[ 1 10],58,75,97,17,68
1,<environment.Job instance at 0x1530f49d5050>,45,2,[1 6],59,68,70,9,68
1,<environment.Job instance at 0x15310c0a7500>,35,1,[2 7],47,1574,1575,1527,1574
1,<environment.Job instance at 0x15310f2137d0>,0,1,[14  1],1,2,3,1,2
1,<environment.Job instance at 0x15310cb33320>,3,1,[8 1],4,4,5,0,4
1,<environment.Job instance at 0x1530f172b640>,6,2,[6 1],9,9,11,0,9
1,<environment.Job instance at 0x1530f5bed1e0>,20,1,[1 5],28,28,29,0,28
1,<environment.Job instance at 0x1530f1b71780>,24,2,[ 1 10],32,32,34,0,32
1,<environment.Job instance at 0x1530f1b71f50>,25,2,[1 8],33,34,36,1,33
1,<environment.Job instance at 0x1530f8651e60>,28,2,[7 1],36,36,38,0,36
1,<environment.Job instance at 0x1530f86519b0>,30,1,[2 5],38,38,39,0,38
1,<environment.Job instance at 0x1530f8651140>,31,3,[ 1 11],41,57,60,16,57
1,<environment.Job instance at 0x1530f1da1870>,36,2,[8 2],48,57,59,9,57
1,<environment.Job instance at 0x1530f1da1640>,40,1,[1 5],53,60,61,7,57
1,<environment.Job instance at 0x1530f8651aa0>,32,2,[1 9],42,82,84,40,82
1,<environment.Job instance at 0x1530f4af1820>,33,2,[2 5],43,87,89,44,87
1,<environment.Job instance at 0x1530f1da1730>,1,1,[1 9],2,2,3,0,2
1,<environment.Job instance at 0x1530fbda8b90>,7,3,[ 1 14],10,32,35,22,32
1,<environment.Job instance at 0x1530f59de7d0>,17,23,[1 5],24,35,58,11,35
1,<environment.Job instance at 0x1530fbd7c730>,27,22,[5 1],36,53,75,17,53
1,<environment.Job instance at 0x1530f1136a00>,33,1,[7 2],46,76,77,30,76
1,<environment.Job instance at 0x1530f11365a0>,34,2,[2 8],47,76,78,29,76
1,<environment.Job instance at 0x1530f1136550>,37,1,[ 2 10],51,90,91,39,90
1,<environment.Job instance at 0x1530f1136c80>,38,2,[6 2],52,90,92,38,90
1,<environment.Job instance at 0x1530f1136910>,40,2,[5 2],55,90,92,35,90
1,<environment.Job instance at 0x1530f1136a50>,41,2,[8 1],56,92,94,36,90
1,<environment.Job instance at 0x1530f1136870>,42,2,[8 1],57,94,96,37,90
1,<environment.Job instance at 0x1530fbd99190>,9,2,[8 1],13,105,107,92,105
1,<environment.Job instance at 0x1530fbda8780>,8,3,[5 1],11,138,141,127,138
1,<environment.Job instance at 0x1530f25a9460>,11,3,[8 2],15,543,546,528,543
1,<environment.Job instance at 0x1530f14b9dc0>,1,18,[ 2 11],2,16,34,14,16
1,<environment.Job instance at 0x1530f259c3c0>,14,2,[11  1],18,29,31,11,29
1,<environment.Job instance at 0x1530f498c0a0>,15,1,[8 2],19,31,32,12,29
1,<environment.Job instance at 0x1530f259c550>,17,28,[ 2 10],21,34,62,13,33
1,<environment.Job instance at 0x1530f259c0a0>,18,3,[9 1],24,33,36,9,33
1,<environment.Job instance at 0x1530f12095f0>,20,2,[1 8],27,62,64,35,35
1,<environment.Job instance at 0x1530f1236aa0>,21,1,[5 1],28,36,37,8,35
1,<environment.Job instance at 0x1530f1be3dc0>,23,2,[8 1],31,36,38,5,35
1,<environment.Job instance at 0x1530f1209fa0>,24,2,[6 2],33,38,40,5,35
1,<environment.Job instance at 0x15310cad05f0>,25,2,[1 5],34,40,42,6,35
1,<environment.Job instance at 0x1530f86628c0>,27,1,[9 1],38,42,43,4,38
1,<environment.Job instance at 0x1530f4973820>,28,2,[9 1],39,43,45,4,39
1,<environment.Job instance at 0x1530f4973f00>,29,2,[6 2],40,45,47,5,40
1,<environment.Job instance at 0x1530f4973f50>,30,2,[2 9],42,64,66,22,42
1,<environment.Job instance at 0x1530f49e9be0>,33,2,[ 1 10],45,66,68,21,49
1,<environment.Job instance at 0x1530f49e94b0>,34,2,[ 1 11],47,68,70,21,49
1,<environment.Job instance at 0x1530f49e9410>,35,2,[1 8],48,70,72,22,49
1,<environment.Job instance at 0x1530f49e9d20>,36,16,[ 1 12],49,72,88,23,70
1,<environment.Job instance at 0x1530f25ca370>,3,16,[1 9],4,88,104,84,84
1,<environment.Job instance at 0x1530f25a9460>,2,2,[1 6],3,116,118,113,116
1,<environment.Job instance at 0x1530fbd866e0>,4,2,[ 1 13],5,734,736,729,734
1,<environment.Job instance at 0x1530f59c6a00>,5,2,[1 6],9,9,11,0,9
1,<environment.Job instance at 0x1530f59c6b40>,6,2,[8 1],13,13,15,0,13
1,<environment.Job instance at 0x1530f13ef9b0>,8,1,[2 8],16,16,17,0,16
1,<environment.Job instance at 0x1530f13ef500>,9,2,[10  1],17,17,19,0,17
1,<environment.Job instance at 0x15310c177f00>,17,12,[6 1],30,31,43,1,31
1,<environment.Job instance at 0x1530f1e79370>,23,23,[9 1],40,40,63,0,40
1,<environment.Job instance at 0x15310cb03550>,36,2,[5 1],59,59,61,0,59
1,<environment.Job instance at 0x1530f4630280>,20,3,[1 9],36,62,65,26,62
1,<environment.Job instance at 0x1530f118fbe0>,18,18,[1 6],31,141,159,110,141
1,<environment.Job instance at 0x1530f1c92370>,26,16,[9 2],43,208,224,165,208
1,<environment.Job instance at 0x1530f5a5a280>,14,2,[1 9],19,21,23,2,21
1,<environment.Job instance at 0x1530f5e52c30>,9,2,[14  2],14,21,23,7,21
1,<environment.Job instance at 0x1530f496bb40>,24,2,[10  1],35,43,45,8,43
1,<environment.Job instance at 0x1530f1857be0>,33,2,[ 1 10],51,52,54,1,52
1,<environment.Job instance at 0x1530f1857d70>,34,1,[ 2 10],52,54,55,2,52
1,<environment.Job instance at 0x15310caecaf0>,29,1,[5 1],43,105,106,62,105
1,<environment.Job instance at 0x1530f5e52230>,19,2,[2 8],27,107,109,80,107
1,<environment.Job instance at 0x1530f5e52500>,11,1,[14  2],16,118,119,102,118
1,<environment.Job instance at 0x1530f5e52280>,2,1,[1 8],3,3,4,0,3
1,<environment.Job instance at 0x1530f5e52500>,3,1,[8 2],5,5,6,0,5
1,<environment.Job instance at 0x1530f26400a0>,4,2,[10  2],6,6,8,0,6
1,<environment.Job instance at 0x1530f2640370>,5,2,[14  1],7,10,12,3,10
1,<environment.Job instance at 0x1530f2640dc0>,7,1,[5 2],11,12,13,1,11
1,<environment.Job instance at 0x1530f26401e0>,9,3,[1 5],13,13,16,0,13
1,<environment.Job instance at 0x1530f2640820>,11,2,[1 8],16,16,18,0,16
1,<environment.Job instance at 0x1530f2640640>,13,1,[2 9],18,18,19,0,18
1,<environment.Job instance at 0x1530f2640b90>,14,1,[10  2],19,19,20,0,19
1,<environment.Job instance at 0x1530f2640a00>,15,2,[5 2],22,22,24,0,22
1,<environment.Job instance at 0x1530f5b2b190>,16,2,[10  1],23,23,25,0,23
1,<environment.Job instance at 0x1530f5b2b370>,17,17,[7 1],25,25,42,0,25
1,<environment.Job instance at 0x1530f5b2bf50>,18,1,[7 2],26,26,27,0,26
1,<environment.Job instance at 0x1530f5b2ba00>,19,15,[7 1],27,27,42,0,27
1,<environment.Job instance at 0x1530f5b2b7d0>,22,1,[1 7],37,37,38,0,37
1,<environment.Job instance at 0x1530f49d9690>,29,2,[2 6],50,50,52,0,50
1,<environment.Job instance at 0x1530f49d9a50>,33,1,[6 1],54,54,55,0,54
1,<environment.Job instance at 0x15310cbd5690>,34,1,[1 9],58,58,59,0,58
1,<environment.Job instance at 0x1530f49d9410>,31,3,[1 6],52,464,467,412,464
1,<environment.Job instance at 0x1530f1993c80>,3,2,[9 1],7,7,9,0,7
1,<environment.Job instance at 0x1530f1124730>,11,2,[1 7],23,23,25,0,23
1,<environment.Job instance at 0x15310c150410>,12,2,[2 5],24,25,27,1,25
1,<environment.Job instance at 0x1530f5b14c80>,0,2,[9 1],1,1,3,0,1
1,<environment.Job instance at 0x1530fbdbcd70>,5,3,[ 2 12],10,24,27,14,24
1,<environment.Job instance at 0x1530fbdbc690>,10,2,[1 8],19,27,29,8,24
1,<environment.Job instance at 0x15310c833910>,14,2,[11  1],24,39,41,15,39
1,<environment.Job instance at 0x15310cabdb90>,16,27,[9 2],28,41,68,13,41
1,<environment.Job instance at 0x1530fbdbc730>,7,3,[1 8],13,94,97,81,94
1,<environment.Job instance at 0x1530f5e8a280>,13,21,[6 2],22,24,45,2,24
1,<environment.Job instance at 0x1530f5e8adc0>,22,18,[6 1],36,39,57,3,39
1,<environment.Job instance at 0x1530f5e8a960>,26,27,[7 1],41,45,72,4,43
1,<environment.Job instance at 0x15310c82bc80>,28,2,[6 2],43,57,59,14,44
1,<environment.Job instance at 0x15310c82b0f0>,33,1,[ 1 10],53,53,54,0,53
1,<environment.Job instance at 0x15310c82bbe0>,34,1,[8 1],54,59,60,5,54
1,<environment.Job instance at 0x15310c82b3c0>,35,1,[8 1],55,60,61,5,55
1,<environment.Job instance at 0x1530f5e8a4b0>,14,16,[6 1],24,2287,2303,2263,2287
1,<environment.Job instance at 0x1530f5e8ab90>,23,3,[2 9],37,2308,2311,2271,2308
1,<environment.Job instance at 0x1530f5e8af50>,1,1,[2 7],3,3,4,0,3
1,<environment.Job instance at 0x15310c171500>,4,23,[1 9],6,7,30,1,7
1,<environment.Job instance at 0x15310c0e1f50>,14,1,[2 7],28,30,31,2,28
1,<environment.Job instance at 0x1530f25a9eb0>,15,2,[2 5],29,29,31,0,29
1,<environment.Job instance at 0x1530f111ddc0>,34,2,[13  1],58,84,86,26,84
1,<environment.Job instance at 0x1530f111d870>,35,2,[1 7],59,84,86,25,84
1,<environment.Job instance at 0x1530f46a6be0>,22,2,[6 2],38,112,114,74,112
1,<environment.Job instance at 0x1530f1c6d320>,1,1,[7 1],4,4,5,0,4
1,<environment.Job instance at 0x15310cbf27d0>,2,1,[1 5],5,5,6,0,5
1,<environment.Job instance at 0x1530f2607e10>,5,21,[2 6],9,9,30,0,9
1,<environment.Job instance at 0x1530f1c87b40>,22,24,[9 2],31,58,82,27,58
1,<environment.Job instance at 0x15310ed8e3c0>,29,1,[10  2],41,82,83,41,74
1,<environment.Job instance at 0x1530f5e4b5a0>,39,1,[ 2 10],55,90,91,35,90
1,<environment.Job instance at 0x1530f5e4b460>,40,2,[2 8],58,91,93,33,90
1,<environment.Job instance at 0x1530f2607cd0>,9,2,[6 2],14,92,94,78,92
1,<environment.Job instance at 0x1530f2607190>,8,2,[5 2],13,365,367,352,365
1,<environment.Job instance at 0x1530f15d1500>,3,2,[1 9],7,7,9,0,7
1,<environment.Job instance at 0x1530f15d17d0>,5,2,[5 2],9,9,11,0,9
1,<environment.Job instance at 0x1530f15d1140>,6,2,[ 2 10],12,12,14,0,12
1,<environment.Job instance at 0x1530f15d1230>,8,1,[2 5],14,14,15,0,14
1,<environment.Job instance at 0x1530f1103af0>,15,23,[2 9],22,23,46,1,23
1,<environment.Job instance at 0x1530f26a94b0>,21,2,[2 7],33,46,48,13,33
1,<environment.Job instance at 0x1530f1961f00>,23,1,[8 2],36,36,37,0,36
1,<environment.Job instance at 0x1530f11d78c0>,28,1,[8 1],46,46,47,0,46
1,<environment.Job instance at 0x1530f11d72d0>,29,1,[10  1],47,47,48,0,47
1,<environment.Job instance at 0x1530f5a36be0>,36,2,[2 8],55,55,57,0,55
1,<environment.Job instance at 0x15310ede9e10>,40,1,[2 9],59,59,60,0,59
1,<environment.Job instance at 0x15310c807690>,1,1,[10  1],5,5,6,0,5
1,<environment.Job instance at 0x15310c807af0>,2,1,[7 2],6,6,7,0,6
1,<environment.Job instance at 0x1530f1466b40>,4,1,[2 9],8,8,9,0,8
1,<environment.Job instance at 0x1530f14663c0>,7,1,[1 6],16,16,17,0,16
1,<environment.Job instance at 0x1530f124b500>,11,26,[ 2 10],21,22,48,1,22
1,<environment.Job instance at 0x1530f45d0d70>,17,14,[13  1],33,286,300,253,286
1,<environment.Job instance at 0x1530f19678c0>,20,2,[5 2],37,300,302,263,297
1,<environment.Job instance at 0x1530f1e43320>,36,2,[2 9],56,302,304,246,302
1,<environment.Job instance at 0x1530f124b280>,12,3,[ 2 10],22,329,332,307,329
1,<environment.Job instance at 0x1530f5b0cf50>,18,3,[6 2],35,343,346,308,343
1,<environment.Job instance at 0x1530f1356690>,19,1,[1 8],36,578,579,542,578
1,<environment.Job instance at 0x15310c808820>,1,3,[ 2 12],2,4,7,2,4
1,<environment.Job instance at 0x1530f4768050>,4,2,[2 8],5,7,9,2,5
1,<environment.Job instance at 0x1530f47680a0>,5,14,[9 1],6,6,20,0,6
1,<environment.Job instance at 0x1530f47680f0>,7,28,[5 2],9,9,37,0,9
1,<environment.Job instance at 0x1530f4828d70>,16,1,[ 1 10],26,26,27,0,26
1,<environment.Job instance at 0x15310cb3de10>,18,1,[2 6],28,28,29,0,28
1,<environment.Job instance at 0x1530f5e7e9b0>,22,12,[1 5],33,36,48,3,36
1,<environment.Job instance at 0x1530f11fb280>,23,2,[1 9],34,37,39,3,36
1,<environment.Job instance at 0x15310edbd2d0>,26,2,[2 7],38,39,41,1,38
1,<environment.Job instance at 0x1530fb7349b0>,27,16,[10  1],40,43,59,3,43
1,<environment.Job instance at 0x1530f5ba5a00>,29,26,[2 6],42,43,69,1,43
1,<environment.Job instance at 0x1530f5ba5190>,30,1,[2 6],43,48,49,5,43
1,<environment.Job instance at 0x15310c154460>,33,14,[1 5],46,55,69,9,55
1,<environment.Job instance at 0x15310c154f00>,34,1,[ 2 10],47,69,70,22,55
1,<environment.Job instance at 0x1530f18721e0>,35,3,[ 2 10],48,70,73,22,57
1,<environment.Job instance at 0x1530f12bd190>,38,1,[1 9],53,73,74,20,58
1,<environment.Job instance at 0x1530f12bd5f0>,39,21,[2 7],54,74,95,20,66
1,<environment.Job instance at 0x1530f16e0b90>,44,1,[1 6],59,73,74,14,66
1,<environment.Job instance at 0x1530fbdc6d20>,2,12,[11  1],3,145,157,142,145
1,<environment.Job instance at 0x1530f4768fa0>,3,18,[2 9],4,164,182,160,164
1,<environment.Job instance at 0x15310cc0a6e0>,0,1,[1 9],1,1,2,0,1
1,<environment.Job instance at 0x15310cc0a730>,4,2,[1 6],7,7,9,0,7
1,<environment.Job instance at 0x1530f5ae8320>,6,3,[ 2 13],14,46,49,32,46
1,<environment.Job instance at 0x1530f13a1d20>,12,2,[1 6],22,49,51,27,46
1,<environment.Job instance at 0x1530f13a12d0>,7,2,[2 8],15,122,124,107,122
1,<environment.Job instance at 0x1530f5ae8e10>,8,3,[10  1],16,501,504,485,501
1,<environment.Job instance at 0x1530f13a10f0>,9,21,[1 5],19,977,998,958,977
1,<environment.Job instance at 0x1530f13a1be0>,2,22,[2 8],4,5,27,1,5
1,<environment.Job instance at 0x1530f46e9cd0>,5,2,[ 1 12],7,27,29,20,14
1,<environment.Job instance at 0x1530f46e9f00>,11,1,[ 1 10],17,29,30,12,17
1,<environment.Job instance at 0x1530f46e9a00>,12,1,[10  2],18,18,19,0,18
1,<environment.Job instance at 0x1530f46e9460>,16,2,[2 8],23,30,32,7,23
1,<environment.Job instance at 0x1530f46e9410>,20,13,[2 5],32,32,45,0,32
1,<environment.Job instance at 0x1530f46be190>,23,14,[7 1],35,39,53,4,39
1,<environment.Job instance at 0x1530f46bef50>,26,1,[6 1],38,43,44,5,43
1,<environment.Job instance at 0x1530f46bec30>,31,1,[10  2],45,53,54,8,48
1,<environment.Job instance at 0x1530f46be320>,32,1,[5 1],46,48,49,2,48
1,<environment.Job instance at 0x1530f46be0a0>,34,2,[5 1],48,49,51,1,48
1,<environment.Job instance at 0x1530fbd86550>,36,2,[2 8],52,52,54,0,52
1,<environment.Job instance at 0x1530fbd86780>,37,1,[ 1 10],53,54,55,1,53
1,<environment.Job instance at 0x1530fbd86640>,38,16,[8 1],55,60,76,5,60
1,<environment.Job instance at 0x1530f17a0370>,3,13,[1 5],5,107,120,102,107
1,<environment.Job instance at 0x1530f17a0230>,6,2,[7 1],8,181,183,173,181
1,<environment.Job instance at 0x1530f47586e0>,0,2,[6 2],5,5,7,0,5
1,<environment.Job instance at 0x1530f5eeffa0>,4,18,[2 6],11,15,33,4,15
1,<environment.Job instance at 0x1530f5ee6550>,13,13,[ 1 14],22,33,46,11,29
1,<environment.Job instance at 0x1530f139cd70>,14,1,[10  1],25,29,30,4,29
1,<environment.Job instance at 0x1530f178cf00>,17,2,[2 6],29,29,31,0,29
1,<environment.Job instance at 0x1530f19c5190>,19,3,[1 9],31,46,49,15,31
1,<environment.Job instance at 0x1530f19c53c0>,20,2,[7 2],32,46,48,14,32
1,<environment.Job instance at 0x1530f1523050>,21,2,[9 1],34,34,36,0,34
1,<environment.Job instance at 0x1530f19c51e0>,22,2,[2 6],38,48,50,10,38
1,<environment.Job instance at 0x1530f19c5d20>,24,3,[6 2],42,49,52,7,42
1,<environment.Job instance at 0x1530f19c5230>,25,3,[2 5],44,49,52,5,44
1,<environment.Job instance at 0x1530f19c5dc0>,26,21,[1 9],45,52,73,7,45
1,<environment.Job instance at 0x1530f19f5f00>,27,1,[2 6],47,50,51,3,47
1,<environment.Job instance at 0x1530f187a640>,30,18,[10  1],51,55,73,4,55
1,<environment.Job instance at 0x1530f187aeb0>,31,2,[7 2],52,73,75,21,55
1,<environment.Job instance at 0x1530f18b4140>,32,2,[13  2],53,75,77,22,55
1,<environment.Job instance at 0x1530f18b4550>,34,3,[7 2],56,77,80,21,64
1,<environment.Job instance at 0x1530f5eef190>,5,15,[5 2],12,1472,1487,1460,1472
1,<environment.Job instance at 0x1530f5eefe10>,6,13,[1 6],13,1504,1517,1491,1504
1,<environment.Job instance at 0x1530f1a410a0>,0,1,[2 9],1,1,2,0,1
1,<environment.Job instance at 0x1530f14c30a0>,1,1,[5 2],2,2,3,0,2
1,<environment.Job instance at 0x1530f2560f00>,5,1,[1 9],7,7,8,0,7
1,<environment.Job instance at 0x1530f2560190>,7,2,[9 1],10,10,12,0,10
1,<environment.Job instance at 0x1530f2560b90>,8,1,[1 6],11,12,13,1,12
1,<environment.Job instance at 0x1530f4a5c500>,12,2,[1 7],16,16,18,0,16
1,<environment.Job instance at 0x1530f4a5c230>,14,1,[7 1],18,18,19,0,18
1,<environment.Job instance at 0x1530f1a90410>,19,3,[7 2],24,25,28,1,25
1,<environment.Job instance at 0x1530f1a904b0>,22,1,[10  2],27,28,29,1,27
1,<environment.Job instance at 0x1530f1a90960>,25,2,[7 1],30,30,32,0,30
1,<environment.Job instance at 0x1530f1a900a0>,27,1,[11  2],32,33,34,1,33
1,<environment.Job instance at 0x1530f1a90af0>,29,2,[2 9],34,34,36,0,34
1,<environment.Job instance at 0x1530f1a90cd0>,30,17,[8 1],36,37,54,1,37
1,<environment.Job instance at 0x1530f5ee0870>,34,15,[14  1],40,57,72,17,57
1,<environment.Job instance at 0x1530f5ee09b0>,45,2,[5 1],59,78,80,19,78
1,<environment.Job instance at 0x1530f4a5c5a0>,18,1,[2 8],23,94,95,71,94
1,<environment.Job instance at 0x1530f1a90690>,28,18,[8 2],33,999,1017,966,999
1,<environment.Job instance at 0x1530f195ec80>,5,1,[1 6],8,8,9,0,8
1,<environment.Job instance at 0x1530f195ef50>,8,1,[7 1],11,11,12,0,11
1,<environment.Job instance at 0x1530f26e78c0>,11,1,[2 7],15,16,17,1,16
1,<environment.Job instance at 0x1530f4840be0>,13,1,[10  1],17,17,18,0,17
1,<environment.Job instance at 0x1530f86625f0>,14,1,[6 2],18,18,19,0,18
1,<environment.Job instance at 0x1530f1272730>,21,22,[5 2],29,30,52,1,30
1,<environment.Job instance at 0x1530f31508c0>,23,2,[1 6],32,32,34,0,32
1,<environment.Job instance at 0x1530f1b5e640>,25,1,[ 1 11],36,37,38,1,37
1,<environment.Job instance at 0x1530f1b5e410>,27,19,[7 2],38,38,57,0,38
1,<environment.Job instance at 0x15310ee265a0>,30,1,[2 6],41,52,53,11,52
1,<environment.Job instance at 0x15310ee26870>,32,1,[2 5],43,52,53,9,52
1,<environment.Job instance at 0x15310ee26a50>,35,25,[7 2],48,54,79,6,54
1,<environment.Job instance at 0x1530f49708c0>,39,18,[ 1 12],52,75,93,23,75
1,<environment.Job instance at 0x1530fb748d70>,12,15,[5 1],16,419,434,403,419
1,<environment.Job instance at 0x15310e4b32d0>,18,2,[1 9],22,431,433,409,431
1,<environment.Job instance at 0x1530f5c061e0>,19,3,[1 7],26,473,476,447,473
1,<environment.Job instance at 0x15310c1b2690>,0,2,[5 1],1,1,3,0,1
1,<environment.Job instance at 0x15310cc5c870>,8,18,[7 1],15,15,33,0,15
1,<environment.Job instance at 0x1530f2560780>,15,1,[ 2 12],22,24,25,2,24
1,<environment.Job instance at 0x1530f2560af0>,18,2,[1 5],25,25,27,0,25
1,<environment.Job instance at 0x1530fb743d70>,16,2,[ 1 10],23,27,29,4,25
1,<environment.Job instance at 0x1530f3bad7d0>,19,2,[6 1],26,26,28,0,26
1,<environment.Job instance at 0x1530f5a1aeb0>,26,1,[ 2 10],37,37,38,0,37
1,<environment.Job instance at 0x1530f120e6e0>,27,2,[1 9],39,39,41,0,39
1,<environment.Job instance at 0x1530f5b76820>,34,1,[10  1],48,51,52,3,51
1,<environment.Job instance at 0x1530f5b768c0>,35,2,[2 9],49,51,53,2,51
1,<environment.Job instance at 0x1530f5b764b0>,31,2,[ 1 10],45,60,62,15,60
1,<environment.Job instance at 0x1530f2560230>,17,13,[6 1],24,159,172,135,159
1,<environment.Job instance at 0x1530f5b761e0>,32,14,[2 5],46,199,213,153,199
1,<environment.Job instance at 0x1530f5b69af0>,1,2,[8 2],2,2,4,0,2
1,<environment.Job instance at 0x1530f18fceb0>,4,2,[6 2],7,7,9,0,7
1,<environment.Job instance at 0x1530f18fc410>,5,2,[7 1],8,8,10,0,8
1,<environment.Job instance at 0x1530f2580cd0>,6,1,[1 7],9,9,10,0,9
1,<environment.Job instance at 0x1530f1ebe5f0>,7,1,[5 2],11,11,12,0,11
1,<environment.Job instance at 0x1530f18fc500>,9,2,[5 1],14,14,16,0,14
1,<environment.Job instance at 0x1530f1beb5a0>,12,27,[6 1],19,19,46,0,19
1,<environment.Job instance at 0x1530f1beb140>,16,15,[ 2 13],26,52,67,26,52
1,<environment.Job instance at 0x15310c0a5d70>,21,2,[12  2],34,64,66,30,64
1,<environment.Job instance at 0x1530f1b73550>,25,1,[1 5],40,67,68,27,64
1,<environment.Job instance at 0x1530f19c13c0>,27,1,[6 2],43,66,67,23,64
1,<environment.Job instance at 0x1530f193daa0>,29,2,[2 8],45,67,69,22,67
1,<environment.Job instance at 0x1530f47614b0>,30,1,[10  2],46,67,68,21,67
1,<environment.Job instance at 0x1530f46c41e0>,31,1,[12  1],48,68,69,20,67
1,<environment.Job instance at 0x1530f46c4cd0>,32,25,[1 7],49,69,94,20,67
1,<environment.Job instance at 0x1530f46c44b0>,35,1,[ 1 11],54,94,95,40,77
1,<environment.Job instance at 0x1530f16bc7d0>,18,1,[2 7],28,1093,1094,1065,1093
1,<environment.Job instance at 0x1530f5eef500>,0,1,[1 6],1,1,2,0,1
1,<environment.Job instance at 0x1530f1ba5780>,5,1,[2 8],8,8,9,0,8
1,<environment.Job instance at 0x1530f1ba5280>,7,26,[1 7],10,11,37,1,11
1,<environment.Job instance at 0x1530f5bba550>,24,3,[13  1],32,48,51,16,48
1,<environment.Job instance at 0x1530f5f2c140>,25,3,[ 2 10],33,48,51,15,48
1,<environment.Job instance at 0x1530f1d0c370>,26,1,[8 2],35,51,52,16,48
1,<environment.Job instance at 0x1530f6df7140>,27,2,[8 1],37,52,54,15,48
1,<environment.Job instance at 0x1530f1982780>,28,1,[1 5],38,51,52,13,48
1,<environment.Job instance at 0x1530f1982b40>,30,2,[5 1],40,51,53,11,48
1,<environment.Job instance at 0x15310caf2cd0>,32,1,[5 1],42,53,54,11,48
1,<environment.Job instance at 0x15310caf2f00>,34,2,[8 1],47,54,56,7,48
1,<environment.Job instance at 0x1530f6def2d0>,37,1,[9 2],54,56,57,2,54
1,<environment.Job instance at 0x1530f6defeb0>,39,2,[2 6],57,61,63,4,61
1,<environment.Job instance at 0x1530f1be38c0>,40,3,[6 2],58,61,64,3,61
1,<environment.Job instance at 0x1530f1ba5b90>,8,3,[6 1],11,88,91,77,88
1,<environment.Job instance at 0x1530f1ba54b0>,12,20,[6 1],15,2799,2819,2784,2799
1,<environment.Job instance at 0x1530f48f0230>,1,1,[ 1 10],4,4,5,0,4
1,<environment.Job instance at 0x1530f48f0dc0>,4,1,[1 9],8,8,9,0,8
1,<environment.Job instance at 0x1530f4af3c30>,8,18,[2 7],15,16,34,1,16
1,<environment.Job instance at 0x15310f2261e0>,10,3,[13  1],17,33,36,16,33
1,<environment.Job instance at 0x1530fb7547d0>,15,12,[7 2],24,36,48,12,34
1,<environment.Job instance at 0x15310c826f50>,16,1,[2 6],25,34,35,9,34
1,<environment.Job instance at 0x15310cb17140>,17,26,[1 6],26,35,61,9,34
1,<environment.Job instance at 0x1530f193faa0>,27,2,[2 7],38,52,54,14,52
1,<environment.Job instance at 0x1530f1861b40>,28,3,[7 1],39,52,55,13,52
1,<environment.Job instance at 0x1530f5bad230>,29,14,[6 1],40,59,73,19,59
1,<environment.Job instance at 0x15310c082aa0>,31,2,[8 1],43,64,66,21,64
1,<environment.Job instance at 0x15310c082b90>,33,1,[1 6],49,67,68,18,67
1,<environment.Job instance at 0x15310c0824b0>,35,2,[2 7],52,70,72,18,70
1,<environment.Job instance at 0x15310c834460>,37,2,[2 5],55,84,86,29,84
1,<environment.Job instance at 0x15310c8345a0>,38,2,[1 6],56,84,86,28,84
1,<environment.Job instance at 0x1530f4af3af0>,9,16,[1 8],16,419,435,403,419
1,<environment.Job instance at 0x1530f4af3460>,11,3,[6 1],20,444,447,424,444
1,<environment.Job instance at 0x1530f5f73a50>,13,3,[11  1],22,1047,1050,1025,1047
1,<environment.Job instance at 0x15310cad4af0>,1,17,[ 2 11],2,3,20,1,3
1,<environment.Job instance at 0x15310edb15a0>,3,1,[1 8],4,20,21,16,4
1,<environment.Job instance at 0x1530f5aff0a0>,7,2,[8 2],11,11,13,0,11
1,<environment.Job instance at 0x15310c152be0>,8,1,[8 1],12,13,14,1,12
1,<environment.Job instance at 0x15310c152960>,9,23,[7 1],13,14,37,1,13
1,<environment.Job instance at 0x1530f47b3780>,10,22,[5 2],14,14,36,0,14
1,<environment.Job instance at 0x1530f47b3b90>,12,2,[2 9],17,21,23,4,17
1,<environment.Job instance at 0x1530f143a0a0>,14,1,[2 7],19,23,24,4,19
1,<environment.Job instance at 0x1530f1572dc0>,15,2,[ 2 10],22,24,26,2,22
1,<environment.Job instance at 0x1530f15727d0>,16,2,[8 1],23,36,38,13,23
1,<environment.Job instance at 0x1530f1572af0>,17,21,[5 1],24,37,58,13,29
1,<environment.Job instance at 0x1530f26bd960>,22,2,[ 2 10],31,31,33,0,31
1,<environment.Job instance at 0x1530f26bd820>,23,3,[ 1 12],35,41,44,6,41
1,<environment.Job instance at 0x1530f26bdfa0>,24,1,[10  1],37,44,45,7,41
1,<environment.Job instance at 0x1530f26bdd70>,25,24,[5 2],38,45,69,7,41
1,<environment.Job instance at 0x1530f26bd3c0>,31,3,[6 2],51,58,61,7,56
1,<environment.Job instance at 0x1530f26bda00>,32,2,[7 2],52,61,63,9,56
1,<environment.Job instance at 0x1530f26bddc0>,33,1,[10  2],53,63,64,10,56
1,<environment.Job instance at 0x1530f10f7dc0>,35,2,[6 2],56,64,66,8,56
1,<environment.Job instance at 0x1530f10f75a0>,37,3,[14  2],58,69,72,11,58
1,<environment.Job instance at 0x1530fb754460>,2,25,[ 2 14],3,85,110,82,85
1,<environment.Job instance at 0x1530f15720f0>,18,3,[9 1],25,118,121,93,118
1,<environment.Job instance at 0x1530f462d730>,9,1,[2 8],15,15,16,0,15
1,<environment.Job instance at 0x1530f4a20460>,14,2,[13  2],22,27,29,5,27
1,<environment.Job instance at 0x1530f4a20cd0>,19,19,[8 1],32,32,51,0,32
1,<environment.Job instance at 0x15310cb1da00>,31,3,[8 1],47,51,54,4,51
1,<environment.Job instance at 0x15310cb1de10>,32,3,[5 1],48,51,54,3,51
1,<environment.Job instance at 0x15310cb1d140>,33,2,[9 1],49,54,56,5,51
1,<environment.Job instance at 0x1530f5ac90a0>,35,1,[1 9],54,54,55,0,54
1,<environment.Job instance at 0x1530f1ccb5a0>,36,14,[7 1],55,56,70,1,55
1,<environment.Job instance at 0x1530f4a20780>,15,2,[5 1],23,55,57,32,55
1,<environment.Job instance at 0x1530f1ccb780>,37,3,[ 2 10],57,57,60,0,57
1,<environment.Job instance at 0x15310cc05e10>,13,3,[6 1],19,162,165,143,162
1,<environment.Job instance at 0x15310cb89780>,4,2,[8 1],10,10,12,0,10
1,<environment.Job instance at 0x15310cb89280>,8,2,[6 1],17,17,19,0,17
1,<environment.Job instance at 0x1530fbdc6e60>,9,1,[10  2],18,19,20,1,18
1,<environment.Job instance at 0x1530f5ebc7d0>,20,2,[6 2],41,41,43,0,41
1,<environment.Job instance at 0x1530f499afa0>,22,2,[2 7],45,75,77,30,75
1,<environment.Job instance at 0x1530f499a5a0>,21,3,[14  1],42,98,101,56,98
1,<environment.Job instance at 0x1530f1397910>,31,22,[7 2],58,101,123,43,98
1,<environment.Job instance at 0x1530f499acd0>,26,2,[1 6],52,123,125,71,123
1,<environment.Job instance at 0x1530f499ac30>,23,18,[5 1],48,566,584,518,566
1,<environment.Job instance at 0x1530f16be3c0>,1,2,[ 2 10],3,3,5,0,3
1,<environment.Job instance at 0x1530f499a640>,2,21,[2 7],5,5,26,0,5
1,<environment.Job instance at 0x1530f1661f00>,13,18,[2 5],19,20,38,1,20
1,<environment.Job instance at 0x1530f1661be0>,15,1,[6 1],21,21,22,0,21
1,<environment.Job instance at 0x1530f1661e60>,17,21,[10  2],24,25,46,1,25
1,<environment.Job instance at 0x1530f1661960>,19,1,[5 1],26,38,39,12,26
1,<environment.Job instance at 0x15310c1b2b40>,24,2,[8 1],34,46,48,12,34
1,<environment.Job instance at 0x15310c1b2c30>,25,12,[10  2],35,48,60,13,38
1,<environment.Job instance at 0x15310cc05aa0>,34,2,[5 2],47,47,49,0,47
1,<environment.Job instance at 0x15310cc05e60>,35,3,[ 2 13],48,50,53,2,50
1,<environment.Job instance at 0x15310cc055f0>,36,15,[8 1],49,60,75,11,55
1,<environment.Job instance at 0x15310cc05eb0>,40,17,[5 1],54,65,82,11,65
1,<environment.Job instance at 0x15310cc05050>,41,28,[7 2],55,75,103,20,74
1,<environment.Job instance at 0x1530f1661a00>,14,21,[1 8],20,103,124,83,103
1,<environment.Job instance at 0x1530f4888870>,0,2,[6 1],2,2,4,0,2
1,<environment.Job instance at 0x1530f495e460>,6,2,[1 6],11,11,13,0,11
1,<environment.Job instance at 0x1530f185bfa0>,7,1,[1 8],12,12,13,0,12
1,<environment.Job instance at 0x1530f495edc0>,8,2,[8 1],16,16,18,0,16
1,<environment.Job instance at 0x1530f185b730>,10,2,[ 1 10],18,18,20,0,18
1,<environment.Job instance at 0x1530f1ca8190>,19,2,[10  2],28,37,39,9,37
1,<environment.Job instance at 0x15310c177870>,22,2,[2 5],33,49,51,16,49
1,<environment.Job instance at 0x1530f1572c80>,23,1,[10  1],34,49,50,15,49
1,<environment.Job instance at 0x1530f1231dc0>,24,24,[2 7],36,49,73,13,49
1,<environment.Job instance at 0x1530f5efd4b0>,30,3,[7 2],46,72,75,26,72
1,<environment.Job instance at 0x1530f1794c30>,31,2,[2 9],48,73,75,25,72
1,<environment.Job instance at 0x1530f1794af0>,33,2,[1 8],50,75,77,25,72
1,<environment.Job instance at 0x1530f495e5f0>,3,13,[1 9],6,460,473,454,460
1,<environment.Job instance at 0x1530f1d69b90>,13,19,[2 7],21,512,531,491,512
1,<environment.Job instance at 0x1530f495e7d0>,5,3,[6 1],10,540,543,530,540
1,<environment.Job instance at 0x15310ede5a00>,0,1,[1 7],1,1,2,0,1
1,<environment.Job instance at 0x1530f495e8c0>,1,1,[9 1],5,5,6,0,5
1,<environment.Job instance at 0x1530f18ef140>,2,1,[5 1],6,6,7,0,6
1,<environment.Job instance at 0x1530f4a20370>,6,1,[ 1 12],11,11,12,0,11
1,<environment.Job instance at 0x1530f4a20870>,10,1,[13  1],23,25,26,2,25
1,<environment.Job instance at 0x1530f4a203c0>,11,3,[2 7],24,26,29,2,26
1,<environment.Job instance at 0x1530f867e730>,14,2,[2 7],28,28,30,0,28
1,<environment.Job instance at 0x1530f867ec30>,15,2,[9 2],29,29,31,0,29
1,<environment.Job instance at 0x15310c171d70>,20,1,[10  2],35,35,36,0,35
1,<environment.Job instance at 0x15310ca6db90>,25,1,[8 2],41,71,72,30,71
1,<environment.Job instance at 0x1530f1d30370>,35,3,[6 2],59,115,118,56,115
1,<environment.Job instance at 0x1530f6df3320>,0,2,[8 1],2,2,4,0,2
1,<environment.Job instance at 0x1530f11b0cd0>,10,2,[ 1 10],17,18,20,1,18
1,<environment.Job instance at 0x1530f11b0910>,13,1,[7 2],20,20,21,0,20
1,<environment.Job instance at 0x15310ed9ff50>,14,15,[6 2],21,21,36,0,21
1,<environment.Job instance at 0x1530f48ad820>,21,15,[7 1],32,34,49,2,34
1,<environment.Job instance at 0x1530f1302960>,24,1,[2 9],35,35,36,0,35
1,<environment.Job instance at 0x15310ef746e0>,25,1,[10  1],36,49,50,13,36
1,<environment.Job instance at 0x1530f19371e0>,29,1,[2 5],43,43,44,0,43
1,<environment.Job instance at 0x1530f19869b0>,32,3,[ 2 12],46,53,56,7,53
1,<environment.Job instance at 0x1530f1986870>,33,2,[1 7],47,56,58,9,53
1,<environment.Job instance at 0x1530f19f15a0>,38,1,[6 2],54,54,55,0,54
1,<environment.Job instance at 0x1530f19f1190>,39,20,[10  2],57,59,79,2,59
1,<environment.Job instance at 0x1530f11b0a50>,11,14,[7 1],18,284,298,266,284
1,<environment.Job instance at 0x15310ed9f2d0>,19,15,[8 2],29,1197,1212,1168,1197
1,<environment.Job instance at 0x1530f1d69f00>,0,22,[1 5],1,1,23,0,1
1,<environment.Job instance at 0x1530f1c87050>,1,2,[2 6],3,3,5,0,3
1,<environment.Job instance at 0x1530f49a6230>,6,1,[2 6],14,14,15,0,14
1,<environment.Job instance at 0x1530f49ac370>,15,16,[6 1],29,30,46,1,30
1,<environment.Job instance at 0x1530f1be5050>,17,2,[6 2],31,31,33,0,31
1,<environment.Job instance at 0x1530f1bd51e0>,20,2,[7 2],36,36,38,0,36
1,<environment.Job instance at 0x1530fbdc0d20>,21,2,[2 7],38,38,40,0,38
1,<environment.Job instance at 0x1530f152c1e0>,22,3,[2 7],40,40,43,0,40
1,<environment.Job instance at 0x1530f47982d0>,23,2,[1 8],41,43,45,2,41
1,<environment.Job instance at 0x1530f47987d0>,24,1,[2 6],42,42,43,0,42
1,<environment.Job instance at 0x1530f4798280>,26,12,[ 1 13],46,47,59,1,47
1,<environment.Job instance at 0x1530f5b6fa50>,27,1,[7 2],48,48,49,0,48
1,<environment.Job instance at 0x1530f5b6fe60>,28,2,[5 2],49,49,51,0,49
1,<environment.Job instance at 0x1530f5bda960>,29,2,[1 5],50,59,61,9,50
1,<environment.Job instance at 0x1530f4a8dd70>,31,2,[6 2],52,52,54,0,52
1,<environment.Job instance at 0x15310c1b0730>,32,3,[5 1],53,54,57,1,53
1,<environment.Job instance at 0x15310c1b0b90>,34,1,[1 7],56,59,60,3,56
1,<environment.Job instance at 0x15310c1b0e60>,35,1,[1 8],57,60,61,3,57
1,<environment.Job instance at 0x15310c1b00a0>,36,18,[5 1],58,58,76,0,58
1,<environment.Job instance at 0x1530f1ce74b0>,16,15,[2 9],30,205,220,175,205
1,<environment.Job instance at 0x1530f19a4460>,7,2,[ 1 10],12,13,15,1,13
1,<environment.Job instance at 0x1530f19a4370>,8,2,[2 7],15,15,17,0,15
1,<environment.Job instance at 0x1530f19a43c0>,10,1,[10  1],20,20,21,0,20
1,<environment.Job instance at 0x1530f19a40a0>,12,16,[10  2],24,25,41,1,25
1,<environment.Job instance at 0x15310c19d280>,16,2,[2 6],31,31,33,0,31
1,<environment.Job instance at 0x1530f1de1500>,17,2,[5 1],32,33,35,1,32
1,<environment.Job instance at 0x1530f1d978c0>,21,2,[6 2],37,41,43,4,37
1,<environment.Job instance at 0x1530f46a1780>,23,3,[1 9],39,39,42,0,39
1,<environment.Job instance at 0x1530f59fd550>,24,1,[7 1],40,41,42,1,40
1,<environment.Job instance at 0x15310cb73690>,25,1,[ 2 12],41,42,43,1,41
1,<environment.Job instance at 0x1530f1c28c30>,26,3,[6 2],43,43,46,0,43
1,<environment.Job instance at 0x1530f497f1e0>,27,1,[5 2],44,44,45,0,44
1,<environment.Job instance at 0x1530f1c67780>,28,2,[2 5],45,45,47,0,45
1,<environment.Job instance at 0x15310cbbf050>,29,2,[ 2 10],46,46,48,0,46
1,<environment.Job instance at 0x15310cbdc230>,30,1,[8 1],47,47,48,0,47
1,<environment.Job instance at 0x15310cbdcf00>,31,1,[5 1],48,48,49,0,48
1,<environment.Job instance at 0x15310cbdc460>,32,1,[5 1],49,49,50,0,49
1,<environment.Job instance at 0x1530f19dfa00>,33,1,[10  2],50,50,51,0,50
1,<environment.Job instance at 0x1530f19df780>,34,3,[5 2],55,55,58,0,55
1,<environment.Job instance at 0x1530f5f15e10>,35,2,[2 8],56,56,58,0,56
1,<environment.Job instance at 0x1530f4904f50>,37,1,[9 1],58,58,59,0,58
1,<environment.Job instance at 0x1530f4904780>,38,1,[1 9],59,59,60,0,59
1,<environment.Job instance at 0x1530f19a4050>,13,25,[2 9],25,63,88,38,63
1,<environment.Job instance at 0x1530f155c320>,19,3,[9 2],35,109,112,74,109
1,<environment.Job instance at 0x1530f4909640>,4,1,[10  2],5,5,6,0,5
1,<environment.Job instance at 0x1530f6e0e500>,10,2,[9 1],13,19,21,6,19
1,<environment.Job instance at 0x1530f6e0eaa0>,11,3,[ 2 13],14,34,37,20,34
1,<environment.Job instance at 0x15310cbf4870>,18,2,[2 9],23,39,41,16,39
1,<environment.Job instance at 0x15310cbf4a00>,20,1,[6 2],26,46,47,20,46
1,<environment.Job instance at 0x1530f4659dc0>,24,1,[6 2],30,64,65,34,64
1,<environment.Job instance at 0x1530f4909320>,7,3,[2 6],10,65,68,55,65
1,<environment.Job instance at 0x15310c0d03c0>,30,2,[2 5],40,67,69,27,67
1,<environment.Job instance at 0x1530f4659c30>,26,1,[1 6],34,70,71,36,70
1,<environment.Job instance at 0x1530f25de690>,33,1,[2 6],43,77,78,34,77
1,<environment.Job instance at 0x15310ee26280>,34,17,[1 5],44,77,94,33,77
1,<environment.Job instance at 0x1530f1939f50>,36,1,[8 1],48,77,78,29,77
1,<environment.Job instance at 0x1530f19fac80>,39,1,[10  1],53,83,84,30,83
1,<environment.Job instance at 0x1530f19fadc0>,40,2,[1 6],55,83,85,28,83
1,<environment.Job instance at 0x1530f4888c80>,41,28,[1 5],57,85,113,28,84
1,<environment.Job instance at 0x15310ee266e0>,32,2,[1 9],42,114,116,72,114
1,<environment.Job instance at 0x1530f4909690>,9,13,[2 5],12,241,254,229,241
1,<environment.Job instance at 0x1530f46e3c80>,1,17,[14  2],4,9,26,5,9
1,<environment.Job instance at 0x1530f496b410>,6,2,[6 2],10,26,28,16,10
1,<environment.Job instance at 0x1530f496bbe0>,10,2,[5 1],15,26,28,11,15
1,<environment.Job instance at 0x1530f49096e0>,2,1,[1 6],5,15,16,10,15
1,<environment.Job instance at 0x1530f496beb0>,11,22,[1 5],16,16,38,0,16
1,<environment.Job instance at 0x15310ca690a0>,15,13,[10  2],21,31,44,10,31
1,<environment.Job instance at 0x15310ca697d0>,16,16,[2 5],22,31,47,9,31
1,<environment.Job instance at 0x15310ca699b0>,17,3,[5 1],23,44,47,21,31
1,<environment.Job instance at 0x15310ca69870>,19,2,[12  1],25,47,49,22,31
1,<environment.Job instance at 0x15310ca69c30>,21,16,[7 1],28,49,65,21,36
1,<environment.Job instance at 0x15310ca692d0>,22,1,[9 2],29,65,66,36,37
1,<environment.Job instance at 0x15310ca69eb0>,24,1,[6 2],32,44,45,12,37
1,<environment.Job instance at 0x15310caf7be0>,25,2,[5 2],33,45,47,12,37
1,<environment.Job instance at 0x15310caf7f50>,26,1,[6 1],34,49,50,15,37
1,<environment.Job instance at 0x15310caf75f0>,27,2,[1 8],35,38,40,3,37
1,<environment.Job instance at 0x15310caf74b0>,29,16,[1 9],37,47,63,10,45
1,<environment.Job instance at 0x15310caf75a0>,30,1,[8 1],38,63,64,25,45
1,<environment.Job instance at 0x15310caf7b90>,31,1,[ 1 12],39,64,65,25,45
1,<environment.Job instance at 0x15310caf7cd0>,33,2,[ 2 10],41,65,67,24,48
1,<environment.Job instance at 0x15310caf7780>,34,2,[2 5],46,50,52,4,48
1,<environment.Job instance at 0x15310caf73c0>,35,17,[8 1],48,66,83,18,54
1,<environment.Job instance at 0x1530f165f7d0>,36,2,[1 7],49,67,69,18,54
1,<environment.Job instance at 0x1530f165f870>,39,1,[8 2],52,83,84,31,55
1,<environment.Job instance at 0x1530f165f730>,40,1,[1 7],53,67,68,14,55
1,<environment.Job instance at 0x1530f165f910>,41,2,[8 1],54,84,86,30,57
1,<environment.Job instance at 0x1530f165f3c0>,43,1,[5 2],57,57,58,0,57
1,<environment.Job instance at 0x1530f165fbe0>,45,1,[8 1],59,86,87,27,59
1,<environment.Job instance at 0x15310ca69fa0>,14,18,[2 8],20,122,140,102,122
1,<environment.Job instance at 0x1530f4909370>,3,16,[ 1 11],6,140,156,134,134
1,<environment.Job instance at 0x1530f26bdd70>,0,18,[ 2 13],1,4,22,3,4
1,<environment.Job instance at 0x1530f26bdc30>,4,2,[2 7],7,22,24,15,7
1,<environment.Job instance at 0x1530f2599dc0>,5,3,[1 5],8,22,25,14,8
1,<environment.Job instance at 0x1530f2599050>,6,3,[1 8],9,24,27,15,9
1,<environment.Job instance at 0x1530f2599e10>,7,3,[1 5],10,25,28,15,10
1,<environment.Job instance at 0x1530f1acbf50>,9,1,[8 1],14,14,15,0,14
1,<environment.Job instance at 0x1530f25997d0>,10,1,[8 1],15,15,16,0,15
1,<environment.Job instance at 0x1530f1af2af0>,13,1,[1 9],25,27,28,2,25
1,<environment.Job instance at 0x15310edbc050>,1,3,[1 7],2,28,31,26,26
1,<environment.Job instance at 0x1530f1a6d370>,14,2,[10  1],26,26,28,0,26
1,<environment.Job instance at 0x1530f1379370>,15,2,[ 2 14],28,31,33,3,28
1,<environment.Job instance at 0x15310cb20730>,16,1,[1 7],29,29,30,0,29
1,<environment.Job instance at 0x1530f1203550>,17,3,[5 1],30,30,33,0,30
1,<environment.Job instance at 0x1530f1af2f50>,18,1,[2 9],32,33,34,1,32
1,<environment.Job instance at 0x1530f1caa280>,20,2,[1 9],35,35,37,0,35
1,<environment.Job instance at 0x1530f26bde60>,2,28,[2 6],3,37,65,34,37
1,<environment.Job instance at 0x1530f1ca6a50>,33,21,[10  2],50,61,82,11,61
1,<environment.Job instance at 0x1530f1ca6af0>,29,18,[8 2],46,437,455,391,437
1,<environment.Job instance at 0x1530f1ca6820>,30,1,[1 9],47,467,468,420,467
1,<environment.Job instance at 0x1530f26bd320>,3,18,[1 8],4,790,808,786,790
1,<environment.Job instance at 0x1530f4ab6a00>,2,1,[5 1],3,3,4,0,3
1,<environment.Job instance at 0x1530f4ab69b0>,3,2,[9 1],5,5,7,0,5
1,<environment.Job instance at 0x1530f11377d0>,1,2,[2 9],2,6,8,4,6
1,<environment.Job instance at 0x1530f49c1320>,4,2,[5 2],6,7,9,1,6
1,<environment.Job instance at 0x1530f49c19b0>,6,25,[6 2],8,8,33,0,8
1,<environment.Job instance at 0x1530f49c1d70>,8,2,[14  1],12,33,35,21,19
1,<environment.Job instance at 0x1530f4b30aa0>,17,1,[ 2 14],25,35,36,10,27
1,<environment.Job instance at 0x1530f49c1e10>,19,1,[2 9],27,27,28,0,27
1,<environment.Job instance at 0x1530f1ba5af0>,26,1,[9 1],41,49,50,8,49
1,<environment.Job instance at 0x1530f1ba5870>,28,18,[7 1],43,50,68,7,49
1,<environment.Job instance at 0x1530f1ec3a00>,37,2,[6 1],55,65,67,10,65
1,<environment.Job instance at 0x1530f49c1be0>,10,2,[6 2],15,149,151,134,149
1,<environment.Job instance at 0x1530fb743c30>,0,2,[1 9],1,1,3,0,1
1,<environment.Job instance at 0x1530f49c1550>,2,25,[9 1],3,3,28,0,3
1,<environment.Job instance at 0x1530f5e9a140>,12,13,[ 2 12],14,18,31,4,18
1,<environment.Job instance at 0x1530f5e9a500>,15,27,[2 7],19,31,58,12,29
1,<environment.Job instance at 0x1530f494e7d0>,18,28,[8 1],22,29,57,7,29
1,<environment.Job instance at 0x1530f1bd2550>,22,23,[1 9],28,58,81,30,52
1,<environment.Job instance at 0x15310c17c370>,25,1,[1 9],31,81,82,50,57
1,<environment.Job instance at 0x1530f1db5230>,27,15,[10  1],34,73,88,39,73
1,<environment.Job instance at 0x1530f13e6640>,28,3,[2 5],35,73,76,38,73
1,<environment.Job instance at 0x1530f3baee60>,29,18,[1 6],36,82,100,46,73
1,<environment.Job instance at 0x1530f13e6140>,31,3,[12  1],46,88,91,42,80
1,<environment.Job instance at 0x1530f17a9370>,33,1,[2 7],48,82,83,34,80
1,<environment.Job instance at 0x1530f3bae4b0>,34,3,[7 2],49,91,94,42,80
1,<environment.Job instance at 0x1530f4990be0>,35,2,[8 2],50,94,96,44,80
1,<environment.Job instance at 0x1530f1d406e0>,36,2,[7 1],52,91,93,39,80
1,<environment.Job instance at 0x1530f1d40c80>,37,1,[10  1],53,96,97,43,80
1,<environment.Job instance at 0x1530f1d40820>,39,23,[6 2],56,97,120,41,91
1,<environment.Job instance at 0x1530f1d40e60>,40,2,[6 2],57,93,95,36,91
1,<environment.Job instance at 0x1530f5fa1960>,41,1,[7 2],58,97,98,39,91
1,<environment.Job instance at 0x15310cb3faa0>,13,24,[ 2 10],17,110,134,93,110
1,<environment.Job instance at 0x1530f5e9ac30>,14,16,[1 7],18,239,255,221,239
1,<environment.Job instance at 0x1530f6de0d20>,0,1,[6 1],1,1,2,0,1
1,<environment.Job instance at 0x1530f6de0f50>,2,2,[1 9],3,3,5,0,3
1,<environment.Job instance at 0x1530f11b1b40>,6,1,[14  2],10,12,13,2,12
1,<environment.Job instance at 0x1530fb7486e0>,10,2,[2 5],14,14,16,0,14
1,<environment.Job instance at 0x1530f5ee3f50>,17,2,[2 6],23,23,25,0,23
1,<environment.Job instance at 0x1530f11b1690>,8,16,[ 1 10],12,25,41,13,25
1,<environment.Job instance at 0x1530fa0d4aa0>,19,3,[ 2 12],26,41,44,15,40
1,<environment.Job instance at 0x1530f1c05550>,31,2,[7 1],42,50,52,8,50
1,<environment.Job instance at 0x1530f1c05fa0>,36,2,[ 2 10],48,67,69,19,67
1,<environment.Job instance at 0x1530f1c053c0>,37,2,[2 7],50,69,71,19,67
1,<environment.Job instance at 0x1530f1c05cd0>,40,3,[ 2 13],54,97,100,43,97
1,<environment.Job instance at 0x1530f1c05d20>,41,1,[ 1 10],56,100,101,44,97
1,<environment.Job instance at 0x1530f11b1aa0>,7,3,[2 7],11,123,126,112,123
1,<environment.Job instance at 0x1530fa0d45a0>,20,2,[2 7],27,123,125,96,123
1,<environment.Job instance at 0x1530f866f780>,13,16,[5 2],18,1313,1329,1295,1313
1,<environment.Job instance at 0x1530f866f820>,1,1,[5 2],2,2,3,0,2
1,<environment.Job instance at 0x1530f5a868c0>,2,1,[2 6],3,3,4,0,3
1,<environment.Job instance at 0x1530f866f780>,4,2,[5 2],6,7,9,1,7
1,<environment.Job instance at 0x1530f14faf00>,7,27,[ 1 10],9,9,36,0,9
1,<environment.Job instance at 0x1530f11c24b0>,4,2,[14  1],5,6,8,1,6
1,<environment.Job instance at 0x1530f11c2a00>,9,2,[7 1],12,12,14,0,12
1,<environment.Job instance at 0x1530f11c2c30>,10,2,[8 1],13,13,15,0,13
1,<environment.Job instance at 0x1530f11c2230>,11,1,[9 1],14,15,16,1,14
1,<environment.Job instance at 0x15310ef263c0>,13,2,[8 1],16,16,18,0,16
1,<environment.Job instance at 0x1530f498d730>,14,2,[6 2],17,17,19,0,17
1,<environment.Job instance at 0x1530f1592f00>,15,1,[2 5],18,18,19,0,18
1,<environment.Job instance at 0x1530f1de3780>,16,12,[ 1 12],19,23,35,4,23
1,<environment.Job instance at 0x1530f1d65be0>,21,1,[1 5],28,35,36,7,28
1,<environment.Job instance at 0x15310edaf280>,22,1,[1 5],30,35,36,5,30
1,<environment.Job instance at 0x15310edaf6e0>,23,2,[1 5],33,35,37,2,33
1,<environment.Job instance at 0x1530f5e525f0>,24,2,[12  1],35,36,38,1,36
1,<environment.Job instance at 0x1530f468fdc0>,25,1,[1 6],36,36,37,0,36
1,<environment.Job instance at 0x1530f1689320>,26,3,[ 1 13],37,37,40,0,37
1,<environment.Job instance at 0x1530f490a410>,27,1,[6 2],38,38,39,0,38
1,<environment.Job instance at 0x1530f6de31e0>,28,1,[ 1 10],41,41,42,0,41
1,<environment.Job instance at 0x1530f6de35f0>,31,1,[ 1 12],44,44,45,0,44
1,<environment.Job instance at 0x1530f6de3d70>,32,1,[5 2],46,46,47,0,46
1,<environment.Job instance at 0x1530f5c16f50>,33,1,[7 2],47,47,48,0,47
1,<environment.Job instance at 0x1530f49ed780>,35,2,[7 1],49,49,51,0,49
1,<environment.Job instance at 0x1530f1de39b0>,17,3,[8 1],20,500,503,480,500
1,<environment.Job instance at 0x1530f18f0730>,18,1,[1 9],21,552,553,531,552
1,<environment.Job instance at 0x1530f16611e0>,1,2,[2 8],3,3,5,0,3
1,<environment.Job instance at 0x1530f5e83410>,2,2,[1 5],5,5,7,0,5
1,<environment.Job instance at 0x1530f48ad370>,3,2,[8 1],8,8,10,0,8
1,<environment.Job instance at 0x1530f48ad460>,8,1,[ 1 10],14,14,15,0,14
1,<environment.Job instance at 0x1530f174a1e0>,12,1,[2 5],18,18,19,0,18
1,<environment.Job instance at 0x15310c0d87d0>,13,2,[ 2 10],20,20,22,0,20
1,<environment.Job instance at 0x1530f46595a0>,32,1,[ 2 10],46,49,50,3,49
1,<environment.Job instance at 0x1530f4659eb0>,33,1,[7 2],47,49,50,2,49
1,<environment.Job instance at 0x1530f4659910>,34,2,[1 8],48,50,52,2,49
1,<environment.Job instance at 0x1530f5bff5f0>,38,1,[1 6],52,52,53,0,52
1,<environment.Job instance at 0x1530f5bff870>,39,2,[10  1],53,53,55,0,53
1,<environment.Job instance at 0x15310cad24b0>,40,1,[2 5],54,54,55,0,54
1,<environment.Job instance at 0x1530f1ccebe0>,41,12,[6 1],55,55,67,0,55
1,<environment.Job instance at 0x1530f49c72d0>,21,2,[5 1],31,103,105,72,103
1,<environment.Job instance at 0x1530f1bdb640>,27,20,[5 1],41,330,350,289,330
1,<environment.Job instance at 0x15310cb75fa0>,11,1,[9 2],15,15,16,0,15
1,<environment.Job instance at 0x15310cb752d0>,14,1,[2 7],21,21,22,0,21
1,<environment.Job instance at 0x15310cb750f0>,15,1,[1 6],23,23,24,0,23
1,<environment.Job instance at 0x15310cb75820>,16,1,[2 7],24,24,25,0,24
1,<environment.Job instance at 0x1530f26a9a00>,20,1,[9 1],29,29,30,0,29
1,<environment.Job instance at 0x1530f1eda7d0>,21,1,[1 6],30,30,31,0,30
1,<environment.Job instance at 0x1530f1eda6e0>,25,1,[6 2],35,35,36,0,35
1,<environment.Job instance at 0x1530f1edabe0>,26,2,[11  2],36,36,38,0,36
1,<environment.Job instance at 0x1530f1edae10>,29,21,[1 7],39,40,61,1,40
1,<environment.Job instance at 0x1530f1b19af0>,33,3,[13  2],44,190,193,146,190
1,<environment.Job instance at 0x1530f1b19780>,36,2,[1 7],48,190,192,142,190
1,<environment.Job instance at 0x1530f1b19280>,37,1,[2 7],49,192,193,143,190
1,<environment.Job instance at 0x1530f1b19370>,42,22,[2 8],57,193,215,136,190
1,<environment.Job instance at 0x1530f1eda690>,30,1,[8 1],40,220,221,180,220
1,<environment.Job instance at 0x1530f1eda190>,24,2,[5 2],33,254,256,221,254
1,<environment.Job instance at 0x1530f165f190>,4,18,[ 2 13],6,83,101,77,83
1,<environment.Job instance at 0x1530f5f26a00>,17,3,[13  2],26,282,285,256,282
1,<environment.Job instance at 0x1530f5f26cd0>,20,1,[1 6],35,282,283,247,282
1,<environment.Job instance at 0x1530f5f268c0>,22,1,[1 7],37,282,283,245,282
1,<environment.Job instance at 0x1530f5f26640>,32,1,[ 2 13],51,284,285,233,284
1,<environment.Job instance at 0x1530f18c6780>,33,1,[1 5],53,285,286,232,284
1,<environment.Job instance at 0x1530f18c6410>,35,2,[1 5],55,285,287,230,284
1,<environment.Job instance at 0x1530f5f26050>,8,3,[14  2],11,291,294,280,291
1,<environment.Job instance at 0x1530f165faa0>,5,2,[2 9],7,295,297,288,295
1,<environment.Job instance at 0x1530f165f910>,6,3,[ 1 10],9,297,300,288,296
1,<environment.Job instance at 0x1530f5e83500>,0,2,[11  1],2,2,4,0,2
1,<environment.Job instance at 0x1530fbde50a0>,2,1,[1 8],6,6,7,0,6
1,<environment.Job instance at 0x1530f496d960>,3,2,[2 9],7,7,9,0,7
1,<environment.Job instance at 0x1530f496deb0>,5,2,[14  1],10,10,12,0,10
1,<environment.Job instance at 0x1530f496da00>,7,2,[1 7],12,12,14,0,12
1,<environment.Job instance at 0x1530f1d6db90>,12,16,[14  2],18,41,57,23,41
1,<environment.Job instance at 0x1530f142e870>,17,21,[2 9],25,57,78,32,49
1,<environment.Job instance at 0x1530f16d8e60>,18,3,[14  1],27,78,81,51,71
1,<environment.Job instance at 0x1530f46b0aa0>,20,2,[2 6],29,71,73,42,71
1,<environment.Job instance at 0x1530f1c48dc0>,21,2,[1 5],31,73,75,42,71
1,<environment.Job instance at 0x1530f12d2b90>,25,2,[1 6],37,75,77,38,71
1,<environment.Job instance at 0x1530f13f8550>,26,2,[6 1],38,73,75,35,71
1,<environment.Job instance at 0x1530f12d2b40>,28,2,[8 2],40,81,83,41,71
1,<environment.Job instance at 0x1530f12f7d70>,32,2,[2 6],45,81,83,36,76
1,<environment.Job instance at 0x1530f1309500>,35,1,[5 2],50,81,82,31,78
1,<environment.Job instance at 0x1530f12f7190>,36,2,[14  2],51,83,85,32,78
1,<environment.Job instance at 0x1530f1309b90>,37,1,[1 7],52,78,79,26,78
1,<environment.Job instance at 0x1530f13095f0>,39,15,[1 5],54,82,97,28,82
1,<environment.Job instance at 0x1530f1309be0>,40,1,[2 7],56,85,86,29,82
1,<environment.Job instance at 0x1530f1309870>,41,1,[5 1],57,85,86,28,82
1,<environment.Job instance at 0x1530f1d6de10>,13,18,[1 7],19,125,143,106,125
1,<environment.Job instance at 0x1530f1c36b90>,14,2,[ 1 11],20,153,155,133,153
1,<environment.Job instance at 0x1530f142e730>,15,3,[ 2 10],21,259,262,238,259
1,<environment.Job instance at 0x1530f13cceb0>,1,2,[7 1],2,2,4,0,2
1,<environment.Job instance at 0x1530f16d8190>,2,2,[5 2],3,3,5,0,3
1,<environment.Job instance at 0x1530f16d8b40>,3,2,[2 5],6,6,8,0,6
1,<environment.Job instance at 0x1530f468b730>,7,1,[ 1 10],12,12,13,0,12
1,<environment.Job instance at 0x1530f468bf50>,8,2,[5 2],13,14,16,1,14
1,<environment.Job instance at 0x1530f468b780>,12,1,[8 1],17,17,18,0,17
1,<environment.Job instance at 0x1530f468b500>,13,1,[2 8],18,18,19,0,18
1,<environment.Job instance at 0x1530f468ba50>,14,1,[7 2],19,19,20,0,19
1,<environment.Job instance at 0x1530f468b6e0>,15,1,[2 7],20,20,21,0,20
1,<environment.Job instance at 0x1530f4ac2960>,16,22,[10  2],22,22,44,0,22
1,<environment.Job instance at 0x1530f5c25fa0>,28,2,[1 6],42,42,44,0,42
1,<environment.Job instance at 0x1530f5c250a0>,29,2,[10  2],43,44,46,1,43
1,<environment.Job instance at 0x1530f5c25870>,31,3,[5 1],47,47,50,0,47
1,<environment.Job instance at 0x1530f5c25dc0>,33,3,[1 6],49,49,52,0,49
1,<environment.Job instance at 0x1530f5c25a50>,34,24,[ 2 10],50,52,76,2,50
1,<environment.Job instance at 0x1530f262cd20>,37,3,[14  2],57,76,79,19,70
1,<environment.Job instance at 0x1530f4ac2370>,18,3,[6 2],26,213,216,187,213
1,<environment.Job instance at 0x1530f468b690>,9,16,[1 5],14,539,555,525,539
1,<environment.Job instance at 0x1530f4ac25f0>,20,23,[6 2],28,1934,1957,1906,1934
1,<environment.Job instance at 0x1530f4ac2aa0>,21,12,[8 2],29,1999,2011,1970,1999
1,<environment.Job instance at 0x1530f1c6ce10>,2,3,[1 5],7,13,16,6,13
1,<environment.Job instance at 0x1530f1c6c3c0>,1,3,[ 2 12],6,16,19,10,14
1,<environment.Job instance at 0x1530f48e8870>,7,2,[1 5],14,14,16,0,14
1,<environment.Job instance at 0x1530f48e8c80>,9,16,[ 2 14],16,19,35,3,16
1,<environment.Job instance at 0x1530f4649f50>,18,2,[ 2 10],29,35,37,6,29
1,<environment.Job instance at 0x1530f59b9dc0>,22,2,[ 1 10],34,37,39,3,34
1,<environment.Job instance at 0x1530f59b95a0>,23,2,[6 1],35,35,37,0,35
1,<environment.Job instance at 0x1530f8662b40>,26,2,[ 1 10],40,40,42,0,40
1,<environment.Job instance at 0x1530f1a5b690>,30,2,[2 5],45,45,47,0,45
1,<environment.Job instance at 0x1530f8662e10>,31,12,[2 5],46,47,59,1,47
1,<environment.Job instance at 0x1530f5b15910>,34,2,[8 1],49,50,52,1,50
1,<environment.Job instance at 0x1530f5b15690>,35,1,[ 1 10],50,52,53,2,50
1,<environment.Job instance at 0x1530f4802230>,37,1,[6 1],52,53,54,1,53
1,<environment.Job instance at 0x1530f4802870>,40,13,[1 5],55,63,76,8,63
1,<environment.Job instance at 0x1530f1c6cfa0>,6,14,[5 2],13,1369,1383,1356,1369
1,<environment.Job instance at 0x1530f3baebe0>,0,1,[6 1],3,3,4,0,3
1,<environment.Job instance at 0x1530f48e8c30>,1,1,[2 9],4,4,5,0,4
1,<environment.Job instance at 0x1530f5af0820>,2,1,[2 5],5,5,6,0,5
1,<environment.Job instance at 0x1530f1c6cd70>,3,1,[5 2],8,8,9,0,8
1,<environment.Job instance at 0x15310e7300f0>,13,3,[ 2 10],25,30,33,5,30
1,<environment.Job instance at 0x1530f4ae5550>,12,3,[ 2 13],24,33,36,9,30
1,<environment.Job instance at 0x15310e730b90>,16,1,[2 7],30,36,37,6,30
1,<environment.Job instance at 0x15310e730f00>,17,1,[9 1],31,31,32,0,31
1,<environment.Job instance at 0x15310e7306e0>,18,2,[1 8],32,36,38,4,32
1,<environment.Job instance at 0x15310e730820>,20,2,[1 8],34,38,40,4,34
1,<environment.Job instance at 0x1530f1d1a5f0>,25,3,[ 1 10],39,41,44,2,41
1,<environment.Job instance at 0x1530f3b8b7d0>,26,2,[6 1],40,41,43,1,41
1,<environment.Job instance at 0x1530f3b8b820>,27,2,[1 6],41,44,46,3,41
1,<environment.Job instance at 0x15310edd9730>,24,2,[6 1],38,45,47,7,45
1,<environment.Job instance at 0x1530f48c6730>,31,2,[9 1],47,51,53,4,51
1,<environment.Job instance at 0x1530f48c65a0>,30,13,[7 2],46,53,66,7,52
1,<environment.Job instance at 0x1530f48c6460>,33,2,[2 6],51,52,54,1,52
1,<environment.Job instance at 0x1530f48c64b0>,37,1,[2 7],55,55,56,0,55
1,<environment.Job instance at 0x1530f48c6690>,32,16,[1 8],50,56,72,6,55
1,<environment.Job instance at 0x1530f4ae5870>,11,1,[5 1],22,81,82,59,81
1,<environment.Job instance at 0x1530f4ae5910>,2,1,[2 5],5,5,6,0,5
1,<environment.Job instance at 0x15310c07baa0>,3,1,[8 1],7,9,10,2,9
1,<environment.Job instance at 0x15310c17ef50>,7,2,[ 2 13],12,12,14,0,12
1,<environment.Job instance at 0x1530f48ac230>,10,2,[9 2],15,15,17,0,15
1,<environment.Job instance at 0x1530f48ac9b0>,11,1,[8 1],16,17,18,1,16
1,<environment.Job instance at 0x1530f1317140>,12,1,[10  2],17,18,19,1,17
1,<environment.Job instance at 0x1530f1ee9500>,13,2,[1 5],18,18,20,0,18
1,<environment.Job instance at 0x1530f1ee9e60>,14,2,[ 1 10],19,19,21,0,19
1,<environment.Job instance at 0x1530f1578050>,15,22,[8 2],23,23,45,0,23
1,<environment.Job instance at 0x1530f865dc30>,25,16,[2 5],38,47,63,9,47
1,<environment.Job instance at 0x1530f19b5e10>,35,24,[ 2 12],55,63,87,8,60
1,<environment.Job instance at 0x1530f865d7d0>,24,3,[10  1],37,203,206,166,203
1,<environment.Job instance at 0x1530f19b5640>,34,3,[8 1],53,305,308,252,305
1,<environment.Job instance at 0x1530f189e9b0>,1,1,[2 5],2,2,3,0,2
1,<environment.Job instance at 0x1530f189e640>,2,26,[1 5],3,3,29,0,3
1,<environment.Job instance at 0x15310c82d140>,0,2,[1 9],1,1,3,0,1
1,<environment.Job instance at 0x1530f1593dc0>,2,2,[5 1],3,3,5,0,3
1,<environment.Job instance at 0x15310c06d0a0>,6,1,[11  1],7,8,9,1,8
1,<environment.Job instance at 0x15310c06d0f0>,7,22,[1 6],8,8,30,0,8
1,<environment.Job instance at 0x1530f19ff500>,31,21,[8 2],39,51,72,12,51
1,<environment.Job instance at 0x1530f14759b0>,0,23,[2 7],1,1,24,0,1
1,<environment.Job instance at 0x1530f1100b90>,8,28,[6 2],13,16,44,3,16
1,<environment.Job instance at 0x1530f5bbe7d0>,23,18,[ 1 14],36,45,63,9,45
1,<environment.Job instance at 0x1530f46bbc30>,27,3,[ 2 12],40,63,66,23,62
1,<environment.Job instance at 0x1530f5c0b140>,29,16,[6 1],42,62,78,20,62
1,<environment.Job instance at 0x1530f26c8d70>,31,1,[ 1 10],47,66,67,19,62
1,<environment.Job instance at 0x1530f26c8c80>,33,1,[1 6],49,67,68,18,62
1,<environment.Job instance at 0x1530f26c8690>,37,1,[ 1 11],53,68,69,15,65
1,<environment.Job instance at 0x1530f26c8140>,38,23,[11  2],54,78,101,24,78
1,<environment.Job instance at 0x1530f1100910>,9,13,[2 8],14,403,416,389,403
1,<environment.Job instance at 0x1530f1566280>,10,2,[1 5],16,460,462,444,460
1,<environment.Job instance at 0x1530f49a9500>,17,14,[1 6],27,563,577,536,563
1,<environment.Job instance at 0x1530f19ecf50>,1,1,[ 1 10],2,2,3,0,2
1,<environment.Job instance at 0x1530f19ec500>,2,21,[12  1],5,9,30,4,9
1,<environment.Job instance at 0x1530f19ecd20>,5,1,[8 1],10,30,31,20,10
1,<environment.Job instance at 0x1530f19ec550>,7,1,[5 1],12,30,31,18,12
1,<environment.Job instance at 0x1530f19ecb90>,10,21,[6 1],18,31,52,13,23
1,<environment.Job instance at 0x1530f59eb0a0>,17,17,[ 1 12],26,54,71,28,54
1,<environment.Job instance at 0x1530f59eb550>,23,16,[9 1],35,69,85,34,69
1,<environment.Job instance at 0x1530f59eb870>,30,22,[9 1],48,85,107,37,78
1,<environment.Job instance at 0x1530fa0e5af0>,33,16,[11  1],51,130,146,79,130
1,<environment.Job instance at 0x1530f19ec0a0>,3,3,[10  2],7,173,176,166,173
1,<environment.Job instance at 0x1530f19ec4b0>,4,28,[8 1],9,640,668,631,640
1,<environment.Job instance at 0x1530f19cd730>,0,1,[2 5],1,1,2,0,1
1,<environment.Job instance at 0x1530f46d4f50>,3,2,[2 5],5,5,7,0,5
1,<environment.Job instance at 0x1530f1a6a410>,6,2,[ 1 12],9,9,11,0,9
1,<environment.Job instance at 0x1530f1a6af00>,7,1,[1 5],10,11,12,1,10
1,<environment.Job instance at 0x1530f1a6a960>,11,1,[9 1],15,15,16,0,15
1,<environment.Job instance at 0x1530f262c0f0>,12,2,[10  2],17,17,19,0,17
1,<environment.Job instance at 0x1530f1a39e60>,13,1,[9 1],18,19,20,1,18
1,<environment.Job instance at 0x1530f1b1dd20>,15,2,[10  2],20,20,22,0,20
1,<environment.Job instance at 0x1530f18c2780>,16,2,[2 8],21,21,23,0,21
1,<environment.Job instance at 0x1530f1a4b730>,18,2,[2 5],23,23,25,0,23
1,<environment.Job instance at 0x1530f1a757d0>,20,1,[9 2],26,26,27,0,26
1,<environment.Job instance at 0x1530f1b0a370>,22,15,[1 9],28,34,49,6,34
1,<environment.Job instance at 0x1530f5b30870>,26,2,[6 2],35,35,37,0,35
1,<environment.Job instance at 0x1530f1b06960>,27,3,[2 7],37,49,52,12,37
1,<environment.Job instance at 0x1530f1b06d70>,28,3,[2 7],39,49,52,10,39
1,<environment.Job instance at 0x1530f1b06af0>,29,12,[2 8],40,52,64,12,40
1,<environment.Job instance at 0x1530f1b06a50>,30,2,[ 2 10],41,64,66,23,41
1,<environment.Job instance at 0x1530f1b06410>,31,3,[10  1],43,43,46,0,43
1,<environment.Job instance at 0x1530f13c5c80>,34,1,[ 2 10],47,66,67,19,47
1,<environment.Job instance at 0x1530f1b060a0>,35,2,[ 1 10],48,67,69,19,48
1,<environment.Job instance at 0x1530f4b394b0>,39,18,[5 1],52,53,71,1,53
1,<environment.Job instance at 0x1530f4b2acd0>,42,2,[ 1 10],57,69,71,12,57
1,<environment.Job instance at 0x1530f4b2aaa0>,43,1,[2 7],58,71,72,13,58
1,<environment.Job instance at 0x1530f4b2a050>,44,2,[9 1],59,67,69,8,59
1,<environment.Job instance at 0x1530f46c86e0>,4,2,[1 8],7,7,9,0,7
1,<environment.Job instance at 0x1530f46c8370>,6,2,[ 1 11],10,10,12,0,10
1,<environment.Job instance at 0x15310ca58e60>,13,1,[7 2],23,23,24,0,23
1,<environment.Job instance at 0x15310ca583c0>,15,1,[ 1 10],25,25,26,0,25
1,<environment.Job instance at 0x15310ca580f0>,20,1,[6 2],33,33,34,0,33
1,<environment.Job instance at 0x15310ca58960>,21,1,[5 2],34,34,35,0,34
1,<environment.Job instance at 0x15310ca58cd0>,22,1,[ 2 10],35,35,36,0,35
1,<environment.Job instance at 0x15310ca586e0>,24,1,[7 1],38,38,39,0,38
1,<environment.Job instance at 0x15310cb5a410>,38,2,[ 1 10],54,54,56,0,54
1,<environment.Job instance at 0x1530f25b8be0>,42,1,[7 2],58,71,72,13,71
1,<environment.Job instance at 0x1530f25b8500>,43,23,[6 2],59,85,108,26,85
1,<environment.Job instance at 0x1530fb76f550>,2,1,[1 5],3,3,4,0,3
1,<environment.Job instance at 0x1530f18598c0>,5,2,[ 1 10],7,7,9,0,7
1,<environment.Job instance at 0x1530f5e345a0>,9,26,[1 7],13,13,39,0,13
1,<environment.Job instance at 0x1530f183a460>,11,3,[ 1 14],16,39,42,23,36
1,<environment.Job instance at 0x1530f5c0b7d0>,16,12,[8 1],27,36,48,9,36
1,<environment.Job instance at 0x1530f5c0bb40>,17,1,[9 2],29,48,49,19,36
1,<environment.Job instance at 0x1530f5c0b3c0>,19,1,[1 6],33,36,37,3,36
1,<environment.Job instance at 0x1530f11d1f00>,21,2,[ 1 10],38,42,44,4,38
1,<environment.Job instance at 0x1530f1b62730>,24,2,[6 2],41,42,44,1,41
1,<environment.Job instance at 0x1530f1b62050>,25,13,[6 1],42,44,57,2,42
1,<environment.Job instance at 0x1530f1b62500>,27,1,[1 8],46,46,47,0,46
1,<environment.Job instance at 0x1530f1b625a0>,28,3,[5 2],47,49,52,2,47
1,<environment.Job instance at 0x1530f1b62e60>,29,2,[ 2 10],48,49,51,1,48
1,<environment.Job instance at 0x1530f1b62910>,30,2,[10  1],49,57,59,8,49
1,<environment.Job instance at 0x1530f1122190>,32,1,[ 2 13],52,52,53,0,52
1,<environment.Job instance at 0x1530f1122be0>,34,1,[10  1],54,59,60,5,54
1,<environment.Job instance at 0x1530f159a730>,35,1,[2 5],55,55,56,0,55
1,<environment.Job instance at 0x15310ca6df00>,36,1,[ 1 10],56,56,57,0,56
1,<environment.Job instance at 0x15310ca6dd20>,37,1,[6 2],57,60,61,3,57
1,<environment.Job instance at 0x1530f475a640>,38,3,[10  2],58,61,64,3,58
1,<environment.Job instance at 0x1530f5c0b5f0>,12,1,[1 7],17,66,67,49,66
1,<environment.Job instance at 0x1530f5c0b910>,13,14,[2 8],21,70,84,49,70
1,<environment.Job instance at 0x1530f1bccf00>,0,1,[7 2],2,2,3,0,2
1,<environment.Job instance at 0x1530f55987d0>,1,2,[2 6],4,4,6,0,4
1,<environment.Job instance at 0x1530f5598eb0>,2,1,[1 6],5,5,6,0,5
1,<environment.Job instance at 0x1530f5c0bd20>,3,2,[5 2],6,6,8,0,6
1,<environment.Job instance at 0x15310ee67370>,4,2,[ 1 10],7,7,9,0,7
1,<environment.Job instance at 0x15310ee67050>,6,22,[1 5],10,10,32,0,10
1,<environment.Job instance at 0x1531486285f0>,14,1,[12  1],22,27,28,5,27
1,<environment.Job instance at 0x1530f13672d0>,17,16,[5 1],28,28,44,0,28
1,<environment.Job instance at 0x1530f18fcf00>,16,22,[2 9],27,35,57,8,35
1,<environment.Job instance at 0x1530f165f3c0>,31,12,[12  1],47,57,69,10,57
1,<environment.Job instance at 0x1530f165fc80>,32,3,[ 1 11],48,65,68,17,65
1,<environment.Job instance at 0x1530f165f460>,33,24,[9 2],49,69,93,20,65
1,<environment.Job instance at 0x1531486281e0>,15,1,[2 8],24,91,92,67,91
1,<environment.Job instance at 0x15310edb2d20>,26,18,[1 6],41,193,211,152,193
1,<environment.Job instance at 0x1530f165fd20>,1,1,[7 2],3,3,4,0,3
1,<environment.Job instance at 0x1530f5eff870>,18,15,[7 2],25,28,43,3,28
1,<environment.Job instance at 0x1530f16dbeb0>,26,2,[2 5],37,37,39,0,37
1,<environment.Job instance at 0x1530f16db7d0>,27,1,[1 5],39,39,40,0,39
1,<environment.Job instance at 0x1530f5b2b050>,29,1,[9 2],43,43,44,0,43
1,<environment.Job instance at 0x1530f5b2b460>,30,1,[8 1],44,44,45,0,44
1,<environment.Job instance at 0x1530f48935a0>,35,3,[7 2],53,68,71,15,68
1,<environment.Job instance at 0x1530f4893730>,36,18,[6 2],54,69,87,15,69
1,<environment.Job instance at 0x1530f4893550>,37,2,[8 2],56,71,73,15,69
1,<environment.Job instance at 0x1530f48935f0>,38,3,[6 2],57,73,76,16,70
1,<environment.Job instance at 0x1530f4893c80>,39,1,[ 1 10],59,70,71,11,70
1,<environment.Job instance at 0x1530f5effe10>,14,2,[2 5],21,1477,1479,1456,1477
1,<environment.Job instance at 0x1530f86898c0>,0,2,[1 6],1,1,3,0,1
1,<environment.Job instance at 0x15310c0e49b0>,15,1,[11  2],21,42,43,21,42
1,<environment.Job instance at 0x15310c0e4d70>,18,1,[2 7],26,42,43,16,42
1,<environment.Job instance at 0x1530f13ba910>,32,20,[6 1],46,51,71,5,51
1,<environment.Job instance at 0x1530f13ef870>,36,22,[12  1],53,71,93,18,64
1,<environment.Job instance at 0x1530f13ba2d0>,33,16,[ 2 10],47,99,115,52,99
1,<environment.Job instance at 0x1530f1c06a00>,7,3,[7 1],9,345,348,336,345
1,<environment.Job instance at 0x15310c0ba280>,0,2,[11  1],1,1,3,0,1
1,<environment.Job instance at 0x1530f1c3cdc0>,2,2,[6 1],3,3,5,0,3
1,<environment.Job instance at 0x1530f1c3ce10>,5,3,[ 2 11],8,22,25,14,22
1,<environment.Job instance at 0x1530f1c3c960>,10,2,[9 2],21,22,24,1,22
1,<environment.Job instance at 0x1530f1c3c870>,6,3,[1 5],12,25,28,13,23
1,<environment.Job instance at 0x1530f1c3ca00>,11,1,[7 1],23,24,25,1,23
1,<environment.Job instance at 0x1530f1c3c410>,13,2,[7 2],26,26,28,0,26
1,<environment.Job instance at 0x1530f1d3fcd0>,15,2,[7 1],30,30,32,0,30
1,<environment.Job instance at 0x1530f5aa3780>,16,15,[7 1],32,32,47,0,32
1,<environment.Job instance at 0x1530f5a66f50>,22,2,[6 1],45,45,47,0,45
1,<environment.Job instance at 0x1530f1dc8d70>,23,2,[9 1],46,47,49,1,46
1,<environment.Job instance at 0x1530f1dc85a0>,24,3,[5 1],47,47,50,0,47
1,<environment.Job instance at 0x15310ed8ef50>,28,2,[1 5],51,51,53,0,51
1,<environment.Job instance at 0x15310ed8ee60>,29,2,[8 2],52,52,54,0,52
1,<environment.Job instance at 0x15310ca53140>,27,1,[2 7],50,388,389,338,388
1,<environment.Job instance at 0x15310ca98c30>,30,15,[14  2],53,389,404,336,389
1,<environment.Job instance at 0x1530f4823d70>,33,1,[6 2],58,404,405,346,389
1,<environment.Job instance at 0x15310ca984b0>,31,18,[5 1],55,584,602,529,584
1,<environment.Job instance at 0x1530f1c3c2d0>,7,21,[7 1],14,998,1019,984,998
1,<environment.Job instance at 0x1530f1c3c1e0>,8,3,[ 2 10],18,1089,1092,1071,1089
1,<environment.Job instance at 0x1530f4a6aeb0>,2,2,[2 6],3,3,5,0,3
1,<environment.Job instance at 0x1530f868d2d0>,5,1,[10  1],6,7,8,1,7
1,<environment.Job instance at 0x1530f1c5d7d0>,6,18,[6 1],10,11,29,1,11
1,<environment.Job instance at 0x1530f19ae910>,12,19,[8 2],18,24,43,6,24
1,<environment.Job instance at 0x1530f19ae050>,16,1,[ 1 10],26,26,27,0,26
1,<environment.Job instance at 0x1530f1bcc0a0>,18,3,[12  2],28,43,46,15,32
1,<environment.Job instance at 0x1530f4689320>,22,1,[5 2],34,34,35,0,34
1,<environment.Job instance at 0x1530f4689d70>,23,1,[ 2 10],35,35,36,0,35
1,<environment.Job instance at 0x1530f4689aa0>,24,14,[ 2 13],36,49,63,13,49
1,<environment.Job instance at 0x1530f4689370>,27,1,[ 1 13],39,63,64,24,51
1,<environment.Job instance at 0x1530f1c480f0>,37,16,[2 6],59,64,80,5,62
1,<environment.Job instance at 0x1530f868d690>,7,17,[7 2],11,920,937,909,920
1,<environment.Job instance at 0x1530f19aef00>,13,2,[1 7],20,935,937,915,935
1,<environment.Job instance at 0x1530f19ae2d0>,14,14,[2 9],22,2925,2939,2903,2925
1,<environment.Job instance at 0x15310c1daaa0>,0,2,[1 9],1,1,3,0,1
1,<environment.Job instance at 0x1530f86896e0>,10,1,[1 8],17,17,18,0,17
1,<environment.Job instance at 0x1530f8689730>,11,3,[ 1 14],18,69,72,51,69
1,<environment.Job instance at 0x1530f8689c30>,12,3,[1 5],19,72,75,53,69
1,<environment.Job instance at 0x15310cc5c460>,28,15,[13  1],48,92,107,44,92
1,<environment.Job instance at 0x15310cc5c9b0>,29,1,[2 6],50,92,93,42,92
1,<environment.Job instance at 0x15310cc5c320>,31,3,[ 2 12],53,152,155,99,152
1,<environment.Job instance at 0x15310e75a4b0>,34,28,[9 1],59,152,180,93,152
1,<environment.Job instance at 0x1530f11045a0>,17,3,[1 8],25,265,268,240,265
1,<environment.Job instance at 0x1530f8689190>,13,15,[5 1],21,658,673,637,658
1,<environment.Job instance at 0x1530f1cd3550>,0,25,[1 6],1,1,26,0,1
1,<environment.Job instance at 0x1530f5fa4a00>,34,3,[ 2 11],43,84,87,41,84
1,<environment.Job instance at 0x15310c16a780>,35,2,[9 1],45,84,86,39,84
1,<environment.Job instance at 0x1530f17c7320>,40,1,[6 2],52,86,87,34,84
1,<environment.Job instance at 0x1530f1b9a140>,15,2,[ 2 10],18,87,89,69,86
1,<environment.Job instance at 0x1530f5e8fc80>,18,14,[2 7],24,431,445,407,431
1,<environment.Job instance at 0x1530f4987050>,3,2,[6 1],5,5,7,0,5
1,<environment.Job instance at 0x1530f4987320>,4,23,[1 6],7,7,30,0,7
1,<environment.Job instance at 0x1530f1d1afa0>,6,2,[12  2],12,15,17,3,15
1,<environment.Job instance at 0x1530f1d1a280>,10,18,[1 7],16,16,34,0,16
1,<environment.Job instance at 0x1530f1d1aa00>,11,2,[2 9],17,34,36,17,17
1,<environment.Job instance at 0x1530f1d1a640>,13,2,[1 9],20,36,38,16,20
1,<environment.Job instance at 0x1531441d9320>,15,1,[10  1],23,23,24,0,23
1,<environment.Job instance at 0x1530f26a6870>,17,1,[2 6],26,30,31,4,26
1,<environment.Job instance at 0x1530f26a61e0>,18,28,[ 1 10],27,38,66,11,37
1,<environment.Job instance at 0x1530f26a6230>,19,2,[ 1 10],28,66,68,38,39
1,<environment.Job instance at 0x1530f26a6280>,24,1,[2 5],40,40,41,0,40
1,<environment.Job instance at 0x1530f26a6820>,25,24,[11  1],41,41,65,0,41
1,<environment.Job instance at 0x1530f26a6780>,27,1,[1 6],43,68,69,25,47
1,<environment.Job instance at 0x1530f26a62d0>,28,1,[2 6],44,68,69,24,47
1,<environment.Job instance at 0x1530f5c25eb0>,29,2,[1 6],47,69,71,22,47
1,<environment.Job instance at 0x1530f5c25a50>,30,1,[ 2 11],49,71,72,22,49
1,<environment.Job instance at 0x1530f1759d70>,31,1,[14  2],50,65,66,15,50
1,<environment.Job instance at 0x1530f17596e0>,32,28,[2 9],51,72,100,21,71
1,<environment.Job instance at 0x15310cb38410>,1,14,[2 9],3,102,116,99,102
1,<environment.Job instance at 0x1530f1d1aeb0>,7,25,[2 8],13,125,150,112,125
1,<environment.Job instance at 0x1530f1d1acd0>,8,3,[1 7],14,714,717,700,714
1,<environment.Job instance at 0x1530f1112eb0>,0,1,[2 7],1,1,2,0,1
1,<environment.Job instance at 0x15310c1663c0>,6,1,[5 1],8,8,9,0,8
1,<environment.Job instance at 0x15310c166e10>,10,2,[ 2 10],12,12,14,0,12
1,<environment.Job instance at 0x15310c08d0f0>,13,2,[2 5],15,15,17,0,15
1,<environment.Job instance at 0x15314423c2d0>,20,12,[1 5],29,30,42,1,30
1,<environment.Job instance at 0x15310f2275a0>,22,1,[5 1],32,32,33,0,32
1,<environment.Job instance at 0x15310f227190>,24,2,[1 5],34,34,36,0,34
1,<environment.Job instance at 0x1530f48d4fa0>,25,2,[2 9],35,36,38,1,35
1,<environment.Job instance at 0x15310c1e0370>,28,2,[1 5],39,39,41,0,39
1,<environment.Job instance at 0x15310c1e08c0>,30,2,[9 2],41,41,43,0,41
1,<environment.Job instance at 0x15310f226140>,31,1,[6 1],42,42,43,0,42
1,<environment.Job instance at 0x15310f226320>,32,2,[8 2],45,45,47,0,45
1,<environment.Job instance at 0x15310c1c7230>,35,25,[5 2],48,48,73,0,48
1,<environment.Job instance at 0x1530f13debe0>,42,3,[ 2 11],56,71,74,15,71
1,<environment.Job instance at 0x1530f14fa8c0>,21,17,[1 7],30,107,124,77,107
1,<environment.Job instance at 0x1530fb748cd0>,39,2,[5 1],53,510,512,457,510
1,<environment.Job instance at 0x1530f1416d20>,2,2,[1 7],4,4,6,0,4
1,<environment.Job instance at 0x1530f4ab6410>,3,27,[9 1],5,5,32,0,5
1,<environment.Job instance at 0x1530f5b37d70>,13,2,[ 2 11],19,22,24,3,22
1,<environment.Job instance at 0x1530f4a230f0>,21,3,[ 2 14],28,37,40,9,37
1,<environment.Job instance at 0x15310ca76370>,22,25,[10  2],30,42,67,12,42
1,<environment.Job instance at 0x1530f6df3b40>,15,3,[1 9],21,45,48,24,45
1,<environment.Job instance at 0x1530f5b37690>,14,1,[1 8],20,198,199,178,198
1,<environment.Job instance at 0x1530f86628c0>,36,3,[13  1],55,264,267,209,264
1,<environment.Job instance at 0x1530f8662af0>,38,2,[14  2],58,271,273,213,271
1,<environment.Job instance at 0x1530f1c89af0>,6,19,[8 1],8,9,28,1,9
1,<environment.Job instance at 0x1530f26bd640>,40,1,[7 1],52,52,53,0,52
1,<environment.Job instance at 0x1530f25ccaf0>,42,1,[ 1 10],56,56,57,0,56
1,<environment.Job instance at 0x1530f1a3d3c0>,17,2,[1 6],24,57,59,33,56
1,<environment.Job instance at 0x15310e523d70>,44,1,[ 1 10],58,59,60,1,58
1,<environment.Job instance at 0x15310e523370>,45,2,[1 5],59,59,61,0,59
1,<environment.Job instance at 0x1530f1a3dfa0>,18,12,[ 2 10],25,779,791,754,779
1,<environment.Job instance at 0x1530f4a24690>,19,1,[ 1 14],26,813,814,787,813
1,<environment.Job instance at 0x1530f1b75af0>,0,1,[ 1 11],2,2,3,0,2
1,<environment.Job instance at 0x1530f4a24e60>,2,22,[2 7],6,7,29,1,7
1,<environment.Job instance at 0x1530fb754140>,0,2,[2 7],3,3,5,0,3
1,<environment.Job instance at 0x1530f1b04870>,1,2,[1 6],5,5,7,0,5
1,<environment.Job instance at 0x1530f190b1e0>,2,18,[ 1 14],6,7,25,1,7
1,<environment.Job instance at 0x1530f165bf00>,7,18,[8 1],13,21,39,8,21
1,<environment.Job instance at 0x15310cae34b0>,14,1,[2 8],24,28,29,4,28
1,<environment.Job instance at 0x1530f46e3410>,15,16,[7 1],25,35,51,10,35
1,<environment.Job instance at 0x15310cae38c0>,16,27,[1 5],26,39,66,13,37
1,<environment.Job instance at 0x15310cae32d0>,21,2,[ 2 12],32,66,68,34,39
1,<environment.Job instance at 0x1530f1d1b870>,29,1,[1 9],40,52,53,12,52
1,<environment.Job instance at 0x1530f1d1b500>,30,2,[2 6],41,53,55,12,52
1,<environment.Job instance at 0x1530f18f3690>,3,16,[2 9],7,84,100,77,84
1,<environment.Job instance at 0x1530f121f960>,0,2,[1 8],2,2,4,0,2
1,<environment.Job instance at 0x1530f12d8640>,4,2,[2 9],6,6,8,0,6
1,<environment.Job instance at 0x1530f12d8500>,5,2,[7 2],7,7,9,0,7
1,<environment.Job instance at 0x1530f121fa50>,8,25,[ 2 13],10,10,35,0,10
1,<environment.Job instance at 0x1530f5af9280>,10,1,[ 2 13],12,35,36,23,14
1,<environment.Job instance at 0x1530f5af9370>,12,1,[2 7],17,36,37,19,17
1,<environment.Job instance at 0x1530f5af96e0>,14,2,[2 9],19,37,39,18,19
1,<environment.Job instance at 0x1530f5af9dc0>,16,1,[10  1],21,21,22,0,21
1,<environment.Job instance at 0x1530f5af98c0>,17,1,[2 9],22,39,40,17,22
1,<environment.Job instance at 0x1530f18e70f0>,24,3,[1 8],33,40,43,7,35
1,<environment.Job instance at 0x1530f18e7f00>,25,3,[5 1],34,35,38,1,35
1,<environment.Job instance at 0x1530f18e7140>,26,2,[5 2],37,37,39,0,37
1,<environment.Job instance at 0x1530f18e73c0>,27,3,[9 2],40,40,43,0,40
1,<environment.Job instance at 0x1530f18e7410>,28,16,[10  2],41,43,59,2,41
1,<environment.Job instance at 0x1530f5a23690>,30,14,[6 2],43,59,73,16,44
1,<environment.Job instance at 0x1530f5a239b0>,31,13,[6 1],44,59,72,15,45
1,<environment.Job instance at 0x1530f4761d20>,32,1,[1 6],47,47,48,0,47
1,<environment.Job instance at 0x1530f4761280>,34,1,[2 7],49,49,50,0,49
1,<environment.Job instance at 0x1530f1866c80>,35,1,[1 7],51,51,52,0,51
1,<environment.Job instance at 0x1530f4761a50>,37,3,[13  2],53,73,76,20,68
1,<environment.Job instance at 0x1530f4a19e60>,38,1,[6 1],54,72,73,18,68
1,<environment.Job instance at 0x1530f11ba410>,39,2,[5 1],55,76,78,21,68
1,<environment.Job instance at 0x1530f484d910>,40,13,[6 2],56,76,89,20,68
1,<environment.Job instance at 0x1530f5af9c80>,11,16,[ 2 10],14,101,117,87,101
1,<environment.Job instance at 0x1530f49da190>,21,3,[7 1],26,333,336,307,333
1,<environment.Job instance at 0x1530f1544690>,2,2,[2 7],5,5,7,0,5
1,<environment.Job instance at 0x15310ca61230>,9,2,[1 6],13,13,15,0,13
1,<environment.Job instance at 0x15310ca61cd0>,13,2,[2 7],17,17,19,0,17
1,<environment.Job instance at 0x1530f1a2e730>,16,2,[2 7],22,22,24,0,22
1,<environment.Job instance at 0x1530f1a2ee60>,17,1,[ 1 10],23,24,25,1,23
1,<environment.Job instance at 0x1530f1a2efa0>,18,2,[8 1],24,25,27,1,25
1,<environment.Job instance at 0x1530f1a2ebe0>,20,28,[9 1],27,27,55,0,27
1,<environment.Job instance at 0x1530f1a2e1e0>,21,1,[ 1 12],28,30,31,2,30
1,<environment.Job instance at 0x1530f5b0acd0>,25,15,[ 1 13],35,47,62,12,47
1,<environment.Job instance at 0x1530f5b0ad70>,28,1,[2 8],39,62,63,23,47
1,<environment.Job instance at 0x1530f5b0a230>,30,2,[ 1 10],41,63,65,22,47
1,<environment.Job instance at 0x1530f5b0aeb0>,31,27,[8 2],43,55,82,12,53
1,<environment.Job instance at 0x1530f47930a0>,38,1,[ 2 10],54,65,66,11,54
1,<environment.Job instance at 0x1530f1a2e4b0>,19,12,[9 2],25,663,675,638,663
1,<environment.Job instance at 0x1530f1a2e230>,22,16,[ 2 10],30,688,704,658,688
1,<environment.Job instance at 0x1530f5b0a0f0>,26,18,[1 5],37,761,779,724,761
1,<environment.Job instance at 0x14b955f9f690>,3,3,[1 8],4,7,10,3,7
1,<environment.Job instance at 0x14b95526c280>,4,2,[8 1],7,7,9,0,7
1,<environment.Job instance at 0x14b95526f7d0>,2,2,[10  1],5,5,7,0,5
1,<environment.Job instance at 0x14b95526f730>,0,1,[2 5],1,5,6,4,5
1,<environment.Job instance at 0x14b953ee6cd0>,4,2,[ 1 13],7,24,26,17,24
1,<environment.Job instance at 0x14b94fa9e500>,2,2,[2 8],4,4,6,0,4
1,<environment.Job instance at 0x14b94ff25230>,1,3,[2 9],2,3,6,1,3
1,<environment.Job instance at 0x14b94fba6690>,4,2,[1 8],5,6,8,1,6
1,<environment.Job instance at 0x14b94fba6820>,2,1,[2 7],3,6,7,3,6
1,<environment.Job instance at 0x14b9569c00a0>,5,3,[10  2],8,18,21,10,18
1,<environment.Job instance at 0x14b94fd6feb0>,3,15,[11  1],4,94,109,90,94
1,<environment.Job instance at 0x14b957314050>,2,1,[2 5],3,7,8,4,7
1,<environment.Job instance at 0x14b952b94230>,8,13,[6 1],9,13,26,4,13
1,<environment.Job instance at 0x14b952c935f0>,2,3,[1 8],3,3,6,0,3
1,<environment.Job instance at 0x14b95180b500>,3,3,[6 2],6,7,10,1,7
1,<environment.Job instance at 0x14b952c01fa0>,4,2,[ 1 13],7,10,12,3,10
1,<environment.Job instance at 0x14b9544c8780>,3,1,[2 7],5,7,8,2,7
1,<environment.Job instance at 0x14b950526e10>,2,1,[2 7],3,4,5,1,4
1,<environment.Job instance at 0x14b9549df9b0>,3,15,[11  1],4,5,20,1,5
1,<environment.Job instance at 0x14b954243b90>,1,3,[2 9],2,6,9,4,6
1,<environment.Job instance at 0x14b954243640>,4,2,[1 8],5,43,45,38,43
1,<environment.Job instance at 0x14b951bafb40>,3,1,[6 2],4,4,5,0,4
1,<environment.Job instance at 0x14b951cc6140>,2,3,[1 8],3,3,6,0,3
1,<environment.Job instance at 0x14b952edf9b0>,3,3,[1 8],4,7,10,3,7
1,<environment.Job instance at 0x14b956c724b0>,4,2,[ 1 13],7,23,25,16,23
1,<environment.Job instance at 0x14b9542138c0>,2,2,[2 8],4,7,9,3,7
1,<environment.Job instance at 0x14b95471b500>,3,15,[11  1],4,117,132,113,117
1,<environment.Job instance at 0x14b957314b40>,3,1,[6 2],4,4,5,0,4
1,<environment.Job instance at 0x14b95499db40>,4,2,[7 2],5,5,7,0,5
1,<environment.Job instance at 0x14b9549de280>,2,1,[2 5],3,5,6,2,5
1,<environment.Job instance at 0x14b954a88820>,7,1,[2 6],8,18,19,10,18
1,<environment.Job instance at 0x14b954cc8050>,0,2,[6 1],1,1,3,0,1
1,<environment.Job instance at 0x14b94f059050>,4,2,[ 1 13],7,7,9,0,7
1,<environment.Job instance at 0x14b953c785f0>,0,2,[8 1],1,3,5,2,3
1,<environment.Job instance at 0x14b953c78fa0>,4,2,[2 7],6,8,10,2,8
1,<environment.Job instance at 0x14b955da8d20>,5,2,[2 7],7,10,12,3,10
1,<environment.Job instance at 0x14b9520a85a0>,1,3,[2 9],2,2,5,0,2
1,<environment.Job instance at 0x14b94f9603c0>,5,3,[10  2],8,18,21,10,18
1,<environment.Job instance at 0x14b9535f90a0>,3,15,[11  1],4,35,50,31,35
1,<environment.Job instance at 0x14b94ba80c30>,3,1,[6 2],4,4,5,0,4
1,<environment.Job instance at 0x14b94ba805a0>,7,1,[2 6],8,8,9,0,8
1,<environment.Job instance at 0x14b94ba80730>,4,2,[7 2],5,16,18,11,16
1,<environment.Job instance at 0x14b955dcb820>,3,3,[1 8],4,6,9,2,6
1,<environment.Job instance at 0x14b94ba80fa0>,5,2,[ 1 10],8,9,11,1,8
1,<environment.Job instance at 0x14b9552cac30>,4,2,[ 1 13],7,10,12,3,10
1,<environment.Job instance at 0x14b94f082730>,2,1,[2 7],3,4,5,1,4
1,<environment.Job instance at 0x14b953522f50>,3,15,[11  1],4,34,49,30,34
1,<environment.Job instance at 0x14b9514fcaf0>,2,1,[2 5],3,3,4,0,3
1,<environment.Job instance at 0x14b95609f6e0>,5,3,[9 2],6,16,19,10,16
1,<environment.Job instance at 0x14b956a4d320>,4,2,[ 1 13],7,10,12,3,10
1,<environment.Job instance at 0x14b952209a00>,2,2,[2 8],4,4,6,0,4
1,<environment.Job instance at 0x14b954c0c3c0>,3,1,[2 7],5,6,7,1,6
1,<environment.Job instance at 0x14b94c491c80>,5,3,[10  2],8,62,65,54,62
1,<environment.Job instance at 0x14b952b96d70>,3,15,[11  1],4,85,100,81,85
1,<environment.Job instance at 0x14b94c0a47d0>,2,1,[2 5],3,3,4,0,3
1,<environment.Job instance at 0x14b94f0049b0>,4,2,[8 1],7,7,9,0,7
1,<environment.Job instance at 0x14b95223f140>,4,2,[ 1 13],7,46,48,39,46
1,<environment.Job instance at 0x14b95572fe60>,5,3,[10  2],8,149,152,141,149
1,<environment.Job instance at 0x14b95572ff00>,3,15,[11  1],4,363,378,359,363
1,<environment.Job instance at 0x14b95618cbe0>,2,1,[2 5],3,5,6,2,5
1,<environment.Job instance at 0x14b95279b550>,4,2,[ 1 13],7,108,110,101,108
1,<environment.Job instance at 0x14b95022fe10>,3,15,[11  1],4,37,52,33,37
1,<environment.Job instance at 0x14b94bcf8cd0>,4,2,[ 1 13],7,61,63,54,61
1,<environment.Job instance at 0x14b953132a50>,3,15,[11  1],4,2269,2284,2265,2269
1,<environment.Job instance at 0x14b95066dc80>,2,1,[2 5],3,3,4,0,3
1,<environment.Job instance at 0x14b953b87820>,4,2,[8 1],7,7,9,0,7
1,<environment.Job instance at 0x14b950504f00>,4,2,[ 1 13],7,13,15,6,13
1,<environment.Job instance at 0x14b95374f0f0>,3,1,[2 7],5,6,7,1,6
1,<environment.Job instance at 0x14b94e6407d0>,2,1,[2 7],3,4,5,1,4
1,<environment.Job instance at 0x14b956fb1c30>,4,2,[1 8],5,5,7,0,5
1,<environment.Job instance at 0x14b952486190>,3,15,[11  1],4,5,20,1,5
1,<environment.Job instance at 0x14b94f20c550>,2,1,[2 5],3,3,4,0,3
1,<environment.Job instance at 0x14b951020550>,0,2,[6 1],1,2,4,1,2
1,<environment.Job instance at 0x14b953642dc0>,4,2,[8 1],7,7,9,0,7
1,<environment.Job instance at 0x14b94f0988c0>,4,2,[ 1 13],7,13,15,6,13
1,<environment.Job instance at 0x14b953bb63c0>,2,1,[2 7],3,4,5,1,4
1,<environment.Job instance at 0x14b9531e8640>,4,2,[1 8],5,5,7,0,5
1,<environment.Job instance at 0x14b9541f4a50>,5,3,[10  2],8,8,11,0,8
1,<environment.Job instance at 0x14b955006c30>,3,15,[11  1],4,11,26,7,10
1,<environment.Job instance at 0x14b94faeb050>,2,1,[2 5],3,3,4,0,3
1,<environment.Job instance at 0x14b94df03a00>,2,2,[10  1],5,5,7,0,5
1,<environment.Job instance at 0x14b9545386e0>,4,2,[ 1 13],7,15,17,8,15
1,<environment.Job instance at 0x14b9502dea50>,0,2,[8 1],1,2,4,1,2
1,<environment.Job instance at 0x14b955fccaf0>,2,2,[2 8],4,4,6,0,4
1,<environment.Job instance at 0x14b94edd7780>,3,1,[2 7],5,5,6,0,5
1,<environment.Job instance at 0x14b94c1f6be0>,5,2,[2 7],7,7,9,0,7
1,<environment.Job instance at 0x14b956143f50>,2,1,[2 7],3,4,5,1,4
1,<environment.Job instance at 0x14b956143aa0>,4,2,[1 8],5,5,7,0,5
1,<environment.Job instance at 0x14b953df9190>,5,3,[10  2],8,12,15,4,12
1,<environment.Job instance at 0x14b956143410>,3,15,[11  1],4,16,31,12,16
1,<environment.Job instance at 0x14b954ca8b40>,2,1,[2 5],3,3,4,0,3
1,<environment.Job instance at 0x14b954ca8f50>,3,1,[6 2],4,4,5,0,4
1,<environment.Job instance at 0x14b94f67b0f0>,4,2,[8 1],7,7,9,0,7
1,<environment.Job instance at 0x14b9544367d0>,0,1,[2 5],1,3,4,2,3
1,<environment.Job instance at 0x14b94fc57550>,2,2,[10  1],5,5,7,0,5
1,<environment.Job instance at 0x14b950d804b0>,4,2,[ 1 13],7,10,12,3,10
1,<environment.Job instance at 0x14b9512b5f00>,0,2,[8 1],1,1,3,0,1
1,<environment.Job instance at 0x14b94fc97460>,5,2,[2 7],7,7,9,0,7
1,<environment.Job instance at 0x14b9510c65a0>,2,1,[2 7],3,4,5,1,4
1,<environment.Job instance at 0x14b9569998c0>,4,2,[1 8],5,6,8,1,6
1,<environment.Job instance at 0x14b95477ec30>,3,15,[11  1],4,93,108,89,93
1,<environment.Job instance at 0x14b952b912d0>,2,1,[2 5],3,3,4,0,3
1,<environment.Job instance at 0x14b94e3ffa00>,3,1,[6 2],4,4,5,0,4
1,<environment.Job instance at 0x14b95768f230>,4,2,[7 2],5,5,7,0,5
1,<environment.Job instance at 0x14b94defb820>,4,2,[8 1],7,7,9,0,7
1,<environment.Job instance at 0x14b94e5ef870>,4,2,[ 1 13],7,7,9,0,7
1,<environment.Job instance at 0x14b950fe7550>,3,1,[2 7],5,6,7,1,6
1,<environment.Job instance at 0x14b950fe7410>,2,1,[2 7],3,4,5,1,4
1,<environment.Job instance at 0x14b9512fc280>,4,2,[1 8],5,5,7,0,5
1,<environment.Job instance at 0x14b9512fc320>,5,3,[10  2],8,11,14,3,11
1,<environment.Job instance at 0x14b9545552d0>,3,15,[11  1],4,33,48,29,33
1,<environment.Job instance at 0x14b954457370>,2,1,[2 5],3,3,4,0,3
1,<environment.Job instance at 0x148629db0460>,3,3,[1 8],4,7,10,3,7
1,<environment.Job instance at 0x14862ab83a00>,4,2,[8 1],7,7,9,0,7
1,<environment.Job instance at 0x148629e50cd0>,2,2,[10  1],5,5,7,0,5
1,<environment.Job instance at 0x148629e50a50>,0,1,[2 5],1,5,6,4,5
1,<environment.Job instance at 0x148629e500f0>,4,2,[ 1 13],7,24,26,17,24
1,<environment.Job instance at 0x14862d835820>,2,2,[2 8],4,4,6,0,4
1,<environment.Job instance at 0x14862475ad70>,1,3,[2 9],2,3,6,1,3
1,<environment.Job instance at 0x1486246ca960>,4,2,[1 8],5,6,8,1,6
1,<environment.Job instance at 0x1486246ca870>,2,1,[2 7],3,6,7,3,6
1,<environment.Job instance at 0x14862adf4910>,5,3,[10  2],8,18,21,10,18
1,<environment.Job instance at 0x148624a3c500>,3,15,[11  1],4,94,109,90,94
1,<environment.Job instance at 0x14862772e730>,2,1,[2 5],3,7,8,4,7
1,<environment.Job instance at 0x1486277291e0>,8,13,[6 1],9,13,26,4,13
1,<environment.Job instance at 0x1486277a65a0>,2,3,[1 8],3,3,6,0,3
1,<environment.Job instance at 0x1486253b5b40>,3,3,[6 2],6,7,10,1,7
1,<environment.Job instance at 0x148624ace190>,4,2,[ 1 13],7,10,12,3,10
1,<environment.Job instance at 0x14862926f640>,3,1,[2 7],5,7,8,2,7
1,<environment.Job instance at 0x1486292db1e0>,2,1,[2 7],3,4,5,1,4
1,<environment.Job instance at 0x1486292db0a0>,3,15,[11  1],4,5,20,1,5
1,<environment.Job instance at 0x1486263b2730>,1,3,[2 9],2,6,9,4,6
1,<environment.Job instance at 0x1486249cfd20>,4,2,[1 8],5,43,45,38,43
1,<environment.Job instance at 0x1486261117d0>,2,1,[2 5],3,3,4,0,3
1,<environment.Job instance at 0x148627574f50>,5,3,[9 2],6,17,20,11,17
1,<environment.Job instance at 0x1486272ca6e0>,2,3,[1 8],3,6,9,3,6
1,<environment.Job instance at 0x148627f4bf50>,4,2,[8 1],7,7,9,0,7
1,<environment.Job instance at 0x1486282ab5a0>,4,2,[ 1 13],7,14,16,7,14
1,<environment.Job instance at 0x148626f933c0>,2,2,[2 8],4,7,9,3,7
1,<environment.Job instance at 0x1486277e8be0>,3,15,[11  1],4,36,51,32,36
1,<environment.Job instance at 0x14862a37a870>,1,3,[1 9],2,3,6,1,3
1,<environment.Job instance at 0x14862719f5f0>,8,13,[6 1],9,17,30,8,17
1,<environment.Job instance at 0x14862c0bdfa0>,3,3,[1 8],4,4,7,0,4
1,<environment.Job instance at 0x148629a9c0a0>,4,2,[8 1],7,7,9,0,7
1,<environment.Job instance at 0x148623dedeb0>,4,2,[ 1 13],7,13,15,6,13
1,<environment.Job instance at 0x14862b471e60>,0,2,[8 1],1,1,3,0,1
1,<environment.Job instance at 0x148627404460>,5,2,[2 7],7,9,11,2,9
1,<environment.Job instance at 0x14862abf5e60>,2,1,[2 7],3,4,5,1,4
1,<environment.Job instance at 0x14862abf5f00>,3,15,[11  1],4,81,96,77,81
1,<environment.Job instance at 0x14861f419c30>,7,1,[2 6],8,12,13,4,12
1,<environment.Job instance at 0x14862bf76190>,0,1,[2 5],1,4,5,3,4
1,<environment.Job instance at 0x14862b37b5a0>,2,2,[10  1],5,5,7,0,5
1,<environment.Job instance at 0x14862a6a5140>,4,2,[ 1 13],7,7,9,0,7
1,<environment.Job instance at 0x1486288e1a50>,5,3,[6 1],9,9,12,0,9
1,<environment.Job instance at 0x14862e1a9910>,5,2,[2 7],7,7,9,0,7
1,<environment.Job instance at 0x14862348ed20>,3,15,[11  1],4,26,41,22,26
1,<environment.Job instance at 0x14862c907690>,4,2,[1 8],5,38,40,33,38
1,<environment.Job instance at 0x148625173370>,5,3,[10  2],8,46,49,38,46
1,<environment.Job instance at 0x148625dcc5a0>,2,1,[2 5],3,3,4,0,3
1,<environment.Job instance at 0x1486286eda50>,4,2,[8 1],7,8,10,1,8
1,<environment.Job instance at 0x1486245d9050>,2,2,[10  1],5,5,7,0,5
1,<environment.Job instance at 0x14862b90f140>,4,2,[ 1 13],7,44,46,37,44
1,<environment.Job instance at 0x1486263ca870>,3,15,[11  1],4,46,61,42,46
1,<environment.Job instance at 0x148629829910>,2,1,[2 5],3,3,4,0,3
1,<environment.Job instance at 0x14862b2d82d0>,8,13,[6 1],9,12,25,3,12
1,<environment.Job instance at 0x1486252eceb0>,1,17,[6 1],3,3,20,0,3
1,<environment.Job instance at 0x148626c3a190>,4,2,[ 1 13],7,15,17,8,15
1,<environment.Job instance at 0x14861f6b55a0>,2,2,[2 8],4,4,6,0,4
1,<environment.Job instance at 0x14862c0858c0>,3,1,[2 7],5,5,6,0,5
1,<environment.Job instance at 0x14862c7dde60>,4,2,[2 7],6,8,10,2,8
1,<environment.Job instance at 0x148628beafa0>,3,15,[11  1],4,85,100,81,85
1,<environment.Job instance at 0x148628caf690>,5,3,[10  2],8,100,103,92,99
1,<environment.Job instance at 0x1486248dfcd0>,3,1,[6 2],4,4,5,0,4
1,<environment.Job instance at 0x14862711a320>,7,1,[2 6],8,8,9,0,8
1,<environment.Job instance at 0x148625fed4b0>,4,2,[ 1 13],7,23,25,16,23
1,<environment.Job instance at 0x148625ca7f50>,5,2,[2 7],7,7,9,0,7
1,<environment.Job instance at 0x148624960fa0>,3,15,[11  1],4,131,146,127,131
1,<environment.Job instance at 0x148623c5a140>,2,1,[2 5],3,3,4,0,3
1,<environment.Job instance at 0x14862b018c80>,5,2,[ 1 10],8,9,11,1,9
1,<environment.Job instance at 0x14862985f0f0>,5,3,[6 1],9,11,14,2,11
1,<environment.Job instance at 0x1486240f5b90>,4,2,[ 1 13],7,14,16,7,14
1,<environment.Job instance at 0x14862927f820>,3,1,[2 7],5,5,6,0,5
1,<environment.Job instance at 0x148624a41a50>,4,2,[2 7],6,7,9,1,7
1,<environment.Job instance at 0x148624046690>,5,2,[2 7],7,8,10,1,8
1,<environment.Job instance at 0x148627624d70>,2,1,[2 7],3,4,5,1,4
1,<environment.Job instance at 0x148629acea00>,4,2,[1 8],5,5,7,0,5
1,<environment.Job instance at 0x14861f30c1e0>,3,15,[11  1],4,16,31,12,16
1,<environment.Job instance at 0x148625e79c30>,2,1,[2 5],3,3,4,0,3
1,<environment.Job instance at 0x1486287cff00>,7,1,[2 6],8,8,9,0,8
1,<environment.Job instance at 0x14862bfda280>,0,1,[2 5],1,3,4,2,3
1,<environment.Job instance at 0x148628415fa0>,2,2,[10  1],5,5,7,0,5
1,<environment.Job instance at 0x148629e4b500>,4,2,[ 1 13],7,8,10,1,8
1,<environment.Job instance at 0x14862bfdadc0>,1,17,[6 1],3,13,30,10,13
1,<environment.Job instance at 0x14862bfdadc0>,2,2,[2 8],4,6,8,2,6
1,<environment.Job instance at 0x148629057960>,5,2,[2 7],7,7,9,0,7
1,<environment.Job instance at 0x148626a829b0>,2,1,[2 7],3,4,5,1,4
1,<environment.Job instance at 0x148628ef39b0>,4,2,[1 8],5,5,7,0,5
1,<environment.Job instance at 0x148626a82640>,3,15,[11  1],4,327,342,323,327
1,<environment.Job instance at 0x148624b8eb90>,2,1,[2 5],3,7,8,4,7
1,<environment.Job instance at 0x14862b26dd70>,7,1,[2 6],8,8,9,0,8
1,<environment.Job instance at 0x14862ad63280>,4,2,[8 1],7,7,9,0,7
1,<environment.Job instance at 0x14862ad63500>,5,2,[ 1 10],8,8,10,0,8
1,<environment.Job instance at 0x14861f2dae10>,4,2,[ 1 13],7,7,9,0,7
1,<environment.Job instance at 0x1486244f2410>,4,2,[2 7],6,6,8,0,6
1,<environment.Job instance at 0x1486278afb90>,2,1,[2 7],3,4,5,1,4
1,<environment.Job instance at 0x14862b696960>,4,2,[1 8],5,5,7,0,5
1,<environment.Job instance at 0x1486278af500>,3,15,[11  1],4,39,54,35,39
1,<environment.Job instance at 0x148628327cd0>,2,1,[2 5],3,4,5,1,4
1,<environment.Job instance at 0x148624788b40>,7,1,[2 6],8,8,9,0,8
1,<environment.Job instance at 0x148629dfde60>,2,3,[1 8],3,3,6,0,3
1,<environment.Job instance at 0x148626c51870>,4,2,[8 1],7,7,9,0,7
1,<environment.Job instance at 0x14862be75d20>,5,2,[ 1 10],8,8,10,0,8
1,<environment.Job instance at 0x14862be756e0>,2,2,[10  1],5,6,8,1,6
1,<environment.Job instance at 0x148624cc4820>,4,2,[ 1 13],7,7,9,0,7
1,<environment.Job instance at 0x148628b4f320>,4,2,[2 7],6,6,8,0,6
1,<environment.Job instance at 0x14862a61f460>,2,1,[2 7],3,3,4,0,3
1,<environment.Job instance at 0x1486237a3a50>,2,1,[2 5],3,3,4,0,3
1,<environment.Job instance at 0x14862ace5a00>,7,1,[2 6],8,8,9,0,8
1,<environment.Job instance at 0x14862afda140>,0,2,[6 1],1,2,4,1,2
1,<environment.Job instance at 0x148625c2c280>,2,3,[1 8],3,3,6,0,3
1,<environment.Job instance at 0x14861edebf00>,4,2,[8 1],7,7,9,0,7
1,<environment.Job instance at 0x14861edeb190>,5,2,[ 1 10],8,8,10,0,8
1,<environment.Job instance at 0x14862a2d6af0>,2,2,[10  1],5,5,7,0,5
1,<environment.Job instance at 0x14862a2d6e60>,4,2,[ 1 13],7,7,9,0,7
1,<environment.Job instance at 0x1486253e5280>,3,1,[2 7],5,5,6,0,5
1,<environment.Job instance at 0x1486267ad0a0>,4,2,[2 7],6,6,8,0,6
1,<environment.Job instance at 0x1486270b1dc0>,2,1,[2 7],3,3,4,0,3
1,<environment.Job instance at 0x148623692550>,2,1,[2 5],3,3,4,0,3
1,<environment.Job instance at 0x148628e03b40>,7,1,[2 6],8,8,9,0,8
1,<environment.Job instance at 0x148623d7c410>,2,3,[1 8],3,3,6,0,3
1,<environment.Job instance at 0x148627117eb0>,4,2,[8 1],7,7,9,0,7
1,<environment.Job instance at 0x148623ee7b90>,5,2,[ 1 10],8,8,10,0,8
1,<environment.Job instance at 0x148623ab00f0>,4,2,[ 1 13],7,7,9,0,7
1,<environment.Job instance at 0x1486283d8500>,4,2,[2 7],6,6,8,0,6
1,<environment.Job instance at 0x1486266e85a0>,2,1,[2 7],3,4,5,1,4
1,<environment.Job instance at 0x1486266e8190>,4,2,[1 8],5,5,7,0,5
1,<environment.Job instance at 0x1486236f3f50>,3,15,[11  1],4,5,20,1,5
1,<environment.Job instance at 0x14862674b3c0>,2,1,[2 5],3,3,4,0,3
1,<environment.Job instance at 0x148625a0f870>,3,1,[6 2],4,4,5,0,4
1,<environment.Job instance at 0x148623760460>,7,1,[2 6],8,8,9,0,8
1,<environment.Job instance at 0x14862636ce60>,4,2,[8 1],7,7,9,0,7
1,<environment.Job instance at 0x14862636c6e0>,5,2,[ 1 10],8,8,10,0,8
1,<environment.Job instance at 0x1486253ef8c0>,4,2,[ 1 13],7,8,10,1,8
1,<environment.Job instance at 0x1486266447d0>,4,2,[2 7],6,6,8,0,6
1,<environment.Job instance at 0x148625b39230>,2,1,[2 7],3,4,5,1,4
1,<environment.Job instance at 0x148625b39e10>,3,15,[11  1],4,91,106,87,91
1,<environment.Job instance at 0x148626f8da50>,2,1,[2 5],3,3,4,0,3
1,<environment.Job instance at 0x148629b47b40>,4,2,[8 1],7,7,9,0,7
1,<environment.Job instance at 0x14861f0749b0>,5,2,[ 1 10],8,8,10,0,8
1,<environment.Job instance at 0x14862366b960>,4,2,[ 1 13],7,7,9,0,7
1,<environment.Job instance at 0x14862afc1aa0>,3,1,[2 7],5,6,7,1,6
1,<environment.Job instance at 0x1486249c0d70>,2,1,[2 7],3,3,4,0,3
1,<environment.Job instance at 0x14862206f960>,4,2,[1 8],5,7,9,2,7
1,<environment.Job instance at 0x14862206fd20>,3,15,[11  1],4,1977,1992,1973,1977
1,<environment.Job instance at 0x14862b349d20>,2,1,[2 5],3,3,4,0,3
1,<environment.Job instance at 0x148625f07b90>,3,3,[1 8],4,5,8,1,5
1,<environment.Job instance at 0x148626df58c0>,4,2,[8 1],7,7,9,0,7
1,<environment.Job instance at 0x148625f076e0>,5,2,[ 1 10],8,8,10,0,8
1,<environment.Job instance at 0x14862b438550>,4,2,[ 1 13],7,7,9,0,7
1,<environment.Job instance at 0x14862a463370>,2,2,[2 8],4,5,7,1,5
1,<environment.Job instance at 0x1486267067d0>,4,2,[2 7],6,6,8,0,6
1,<environment.Job instance at 0x14862adee140>,5,2,[2 7],7,7,9,0,7
1,<environment.Job instance at 0x14862bd11a00>,3,1,[2 7],5,8,9,3,8
1,<environment.Job instance at 0x1486271dc9b0>,2,1,[2 7],3,3,4,0,3
1,<environment.Job instance at 0x148624b65dc0>,4,2,[1 8],5,7,9,2,7
1,<environment.Job instance at 0x1486266b89b0>,2,1,[2 5],3,3,4,0,3
1,<environment.Job instance at 0x14861f4192d0>,7,1,[2 6],8,8,9,0,8
1,<environment.Job instance at 0x1486231b1a50>,4,2,[8 1],7,7,9,0,7
1,<environment.Job instance at 0x148622d14be0>,5,2,[ 1 10],8,8,10,0,8
1,<environment.Job instance at 0x14862217d5a0>,4,2,[ 1 13],7,7,9,0,7
1,<environment.Job instance at 0x148628130050>,4,2,[2 7],6,6,8,0,6
1,<environment.Job instance at 0x14862a55e190>,2,1,[2 7],3,3,4,0,3
1,<environment.Job instance at 0x148626706410>,4,2,[1 8],5,7,9,2,7
1,<environment.Job instance at 0x14862426dbe0>,2,1,[2 5],3,3,4,0,3
1,<environment.Job instance at 0x148621a9ab40>,3,1,[6 2],4,4,5,0,4
1,<environment.Job instance at 0x148626b00fa0>,5,2,[ 1 10],8,8,10,0,8
1,<environment.Job instance at 0x1486245d00f0>,2,2,[10  1],5,5,7,0,5
1,<environment.Job instance at 0x148621a9a730>,4,2,[ 1 13],7,7,9,0,7
1,<environment.Job instance at 0x1486230f20f0>,4,2,[2 7],6,6,8,0,6
1,<environment.Job instance at 0x148622479190>,3,15,[11  1],4,2475,2490,2471,2475
1,<environment.Job instance at 0x14862a473b40>,2,1,[2 5],3,3,4,0,3
1,<environment.Job instance at 0x14862a473690>,3,1,[6 2],4,4,5,0,4
1,<environment.Job instance at 0x148625f123c0>,7,1,[2 6],8,8,9,0,8
1,<environment.Job instance at 0x148628b463c0>,4,2,[8 1],7,7,9,0,7
1,<environment.Job instance at 0x1486236f4370>,4,2,[ 1 13],7,7,9,0,7
1,<environment.Job instance at 0x14861f0adcd0>,1,17,[6 1],3,38,55,35,38
1,<environment.Job instance at 0x1486258e4dc0>,2,2,[2 8],4,4,6,0,4
1,<environment.Job instance at 0x1486258e4cd0>,3,1,[2 7],5,5,6,0,5
1,<environment.Job instance at 0x14862a4ad690>,4,2,[2 7],6,6,8,0,6
1,<environment.Job instance at 0x14862a4ad410>,5,2,[2 7],7,7,9,0,7
1,<environment.Job instance at 0x1486292cf5f0>,2,1,[2 7],3,4,5,1,4
1,<environment.Job instance at 0x148621d61140>,3,15,[11  1],4,2318,2333,2314,2318
1,<environment.Job instance at 0x1486227220a0>,2,1,[2 5],3,3,4,0,3
1,<environment.Job instance at 0x148623e10b40>,2,3,[1 8],3,3,6,0,3
1,<environment.Job instance at 0x148625681410>,1,17,[6 1],3,3,20,0,3
1,<environment.Job instance at 0x148622f3ecd0>,4,2,[ 1 13],7,84,86,77,84
1,<environment.Job instance at 0x1486240a5820>,0,2,[8 1],1,1,3,0,1
1,<environment.Job instance at 0x148626aea5f0>,3,1,[2 7],5,5,6,0,5
1,<environment.Job instance at 0x148627f88500>,3,15,[11  1],4,2450,2465,2446,2450
1,<environment.Job instance at 0x14862780ed70>,2,1,[2 5],3,5,6,2,5
1,<environment.Job instance at 0x148621638d20>,7,1,[2 6],8,8,9,0,8
1,<environment.Job instance at 0x14862648cc30>,4,2,[8 1],7,7,9,0,7
1,<environment.Job instance at 0x14862648ca00>,5,2,[ 1 10],8,8,10,0,8
1,<environment.Job instance at 0x14862c6c7a00>,4,2,[ 1 13],7,10,12,3,10
1,<environment.Job instance at 0x14862c6c7f00>,5,3,[6 1],9,10,13,1,10
1,<environment.Job instance at 0x148623e945f0>,1,17,[6 1],3,38,55,35,38
1,<environment.Job instance at 0x148622dbe280>,2,2,[2 8],4,4,6,0,4
1,<environment.Job instance at 0x1486218d55f0>,3,1,[2 7],5,6,7,1,6
1,<environment.Job instance at 0x14862d1605f0>,5,2,[2 7],7,8,10,1,8
1,<environment.Job instance at 0x148622e67af0>,2,1,[2 7],3,3,4,0,3
1,<environment.Job instance at 0x148626043f50>,4,2,[1 8],5,410,412,405,410
1,<environment.Job instance at 0x14862828e500>,2,1,[2 5],3,3,4,0,3
1,<environment.Job instance at 0x1486231a5370>,3,1,[6 2],4,4,5,0,4
1,<environment.Job instance at 0x1486263a7140>,7,1,[2 6],8,8,9,0,8
1,<environment.Job instance at 0x148622713f50>,4,2,[8 1],7,7,9,0,7
1,<environment.Job instance at 0x148626910280>,5,2,[ 1 10],8,8,10,0,8
1,<environment.Job instance at 0x14861f5e7cd0>,4,2,[ 1 13],7,12,14,5,12
1,<environment.Job instance at 0x1486231a5780>,1,17,[6 1],3,39,56,36,39
1,<environment.Job instance at 0x1486228123c0>,2,2,[2 8],4,4,6,0,4
1,<environment.Job instance at 0x148626a9a410>,3,1,[2 7],5,6,7,1,6
1,<environment.Job instance at 0x148626a9a3c0>,5,2,[2 7],7,8,10,1,8
1,<environment.Job instance at 0x14861f5edd70>,2,1,[2 7],3,3,4,0,3
