iteration,job object,job ID,job Length,job ressource requirement,job enter time,job start time,job finish time,job waiting time,current time
1,<environment.Job instance at 0x1543d15a7730>,5,3,[9 2],6,6,9,0,6
1,<environment.Job instance at 0x1543d15a7d70>,6,18,[8 1],7,9,27,2,7
1,<environment.Job instance at 0x154427e1e5f0>,9,2,[6 1],11,27,29,16,11
1,<environment.Job instance at 0x1543d15a7460>,11,3,[1 8],13,13,16,0,13
1,<environment.Job instance at 0x1543d1d6bc80>,12,3,[1 8],14,16,19,2,14
1,<environment.Job instance at 0x1543d15a76e0>,13,2,[8 1],17,29,31,12,17
1,<environment.Job instance at 0x1543d1ce2460>,18,2,[10  1],25,31,33,6,25
1,<environment.Job instance at 0x1543d1ce2820>,19,3,[6 2],26,33,36,7,26
1,<environment.Job instance at 0x1543d1cddd70>,21,3,[6 1],29,36,39,7,29
1,<environment.Job instance at 0x1543d1de4eb0>,22,1,[2 7],30,30,31,0,30
1,<environment.Job instance at 0x1543d1d1d410>,23,2,[8 1],31,39,41,8,31
1,<environment.Job instance at 0x1543d1cb84b0>,25,2,[2 8],34,34,36,0,34
1,<environment.Job instance at 0x1543d1cb8730>,26,1,[2 7],35,36,37,1,35
1,<environment.Job instance at 0x1543d1cb8af0>,27,2,[2 7],36,37,39,1,36
1,<environment.Job instance at 0x1543d1cb8690>,28,2,[2 7],37,39,41,2,37
1,<environment.Job instance at 0x1543d1cb8370>,29,16,[10  2],39,41,57,2,39
1,<environment.Job instance at 0x1543d1cb3190>,31,3,[9 2],41,57,60,16,41
1,<environment.Job instance at 0x1543d1cb3be0>,32,3,[2 9],42,60,63,18,42
1,<environment.Job instance at 0x1543d1cb3aa0>,33,1,[2 7],43,63,64,20,43
1,<environment.Job instance at 0x1543d1cb40a0>,1,3,[1 5],2,2,5,0,2
1,<environment.Job instance at 0x1543d3db0cd0>,5,3,[7 2],7,7,10,0,7
1,<environment.Job instance at 0x1543d3db0d20>,6,3,[1 8],8,8,11,0,8
1,<environment.Job instance at 0x1543d3db0fa0>,7,3,[2 8],10,11,14,1,10
1,<environment.Job instance at 0x1543d3db0910>,9,1,[1 6],13,14,15,1,13
1,<environment.Job instance at 0x1543d3db0280>,12,12,[9 1],18,18,30,0,18
1,<environment.Job instance at 0x1543d3db0140>,13,2,[8 2],19,30,32,11,19
1,<environment.Job instance at 0x1543d3da4410>,15,3,[6 1],23,32,35,9,23
1,<environment.Job instance at 0x1543d3db2d20>,18,1,[10  2],29,35,36,6,29
1,<environment.Job instance at 0x1543d3db2e10>,21,1,[1 9],35,36,37,1,35
1,<environment.Job instance at 0x1543d3db2870>,22,17,[8 1],36,36,53,0,36
1,<environment.Job instance at 0x1543d3db2f50>,23,3,[1 5],37,37,40,0,37
1,<environment.Job instance at 0x1543d3db2280>,24,3,[9 2],38,53,56,15,38
1,<environment.Job instance at 0x1543d3db2780>,25,3,[10  1],39,56,59,17,39
1,<environment.Job instance at 0x1543d3db25a0>,26,12,[9 1],41,59,71,18,42
1,<environment.Job instance at 0x1543d3db2a50>,28,3,[1 9],43,43,46,0,43
1,<environment.Job instance at 0x1543d3e57d70>,33,3,[2 9],49,50,53,1,50
1,<environment.Job instance at 0x1543d3e57e10>,2,3,[6 2],6,7,10,1,7
1,<environment.Job instance at 0x1543d3d21370>,6,3,[2 9],10,10,13,0,10
1,<environment.Job instance at 0x1543d3d21c30>,7,3,[7 2],11,13,16,2,11
1,<environment.Job instance at 0x1543d3d21780>,8,14,[7 1],12,16,30,4,12
1,<environment.Job instance at 0x1543d3d21960>,9,3,[ 2 10],14,30,33,16,14
1,<environment.Job instance at 0x1543d5232780>,12,2,[ 1 10],18,33,35,15,18
1,<environment.Job instance at 0x1543d52323c0>,13,1,[7 2],20,35,36,15,20
1,<environment.Job instance at 0x1543d5232640>,14,2,[1 8],21,21,23,0,21
1,<environment.Job instance at 0x1543d51dbaa0>,23,3,[2 8],32,35,38,3,32
1,<environment.Job instance at 0x1543d1da1a50>,24,12,[9 2],34,38,50,4,34
1,<environment.Job instance at 0x1543d3e39a00>,25,15,[10  2],35,50,65,15,36
1,<environment.Job instance at 0x1543d52310a0>,33,1,[8 2],44,65,66,21,47
1,<environment.Job instance at 0x1543d52313c0>,34,15,[5 1],45,66,81,21,52
1,<environment.Job instance at 0x1543d5231b40>,8,1,[1 7],10,822,823,812,822
1,<environment.Job instance at 0x1543ec632a50>,9,3,[9 1],13,822,825,809,822
1,<environment.Job instance at 0x1543ec632b40>,12,15,[1 6],17,841,856,824,841
1,<environment.Job instance at 0x1543ec632320>,13,3,[7 2],18,841,844,823,841
1,<environment.Job instance at 0x1543ec632230>,15,3,[1 7],21,856,859,835,841
1,<environment.Job instance at 0x1543e401b4b0>,18,3,[1 9],24,859,862,835,855
1,<environment.Job instance at 0x1543e401b460>,20,12,[6 1],26,855,867,829,855
1,<environment.Job instance at 0x1543e401bb90>,21,28,[2 8],29,866,894,837,866
1,<environment.Job instance at 0x1543e401bf00>,22,3,[5 1],33,867,870,834,866
1,<environment.Job instance at 0x1543e401b5a0>,24,3,[ 2 10],36,894,897,858,868
1,<environment.Job instance at 0x1543e401b730>,27,3,[5 2],42,870,873,828,868
1,<environment.Job instance at 0x1543e401b500>,30,2,[2 9],45,897,899,852,873
1,<environment.Job instance at 0x1543e401bf50>,31,17,[ 2 10],46,899,916,853,887
1,<environment.Job instance at 0x1543e401baa0>,33,2,[9 1],49,916,918,867,889
1,<environment.Job instance at 0x1543d1189f00>,2,1,[1 7],3,3,4,0,3
1,<environment.Job instance at 0x1543d1189730>,3,1,[2 9],4,4,5,0,4
1,<environment.Job instance at 0x1543d1189410>,4,15,[1 7],5,5,20,0,5
1,<environment.Job instance at 0x1543d1189690>,5,3,[ 2 10],7,20,23,13,7
1,<environment.Job instance at 0x1543d1c94410>,6,14,[10  1],9,23,37,14,9
1,<environment.Job instance at 0x1543d1046b90>,8,2,[8 2],11,11,13,0,11
1,<environment.Job instance at 0x1543d1046370>,9,3,[8 1],12,13,16,1,12
1,<environment.Job instance at 0x1543d1046cd0>,11,3,[6 1],14,16,19,2,14
1,<environment.Job instance at 0x1543d15dba50>,13,3,[ 2 10],17,37,40,20,17
1,<environment.Job instance at 0x1543d1deb8c0>,19,16,[9 1],26,40,56,14,27
1,<environment.Job instance at 0x1543d15644b0>,22,12,[1 5],32,40,52,8,32
1,<environment.Job instance at 0x1543d1d3e550>,23,2,[6 2],33,56,58,23,33
1,<environment.Job instance at 0x1543ec668dc0>,30,3,[2 8],45,56,59,11,45
1,<environment.Job instance at 0x1543d1ccfe60>,1,18,[10  1],6,6,24,0,6
1,<environment.Job instance at 0x1543e409bdc0>,5,3,[8 1],12,24,27,12,12
1,<environment.Job instance at 0x1543d41a9af0>,11,16,[1 7],19,24,40,5,19
1,<environment.Job instance at 0x1543d41a9fa0>,13,2,[6 2],22,27,29,5,23
1,<environment.Job instance at 0x1543ec0ba960>,18,3,[1 5],29,40,43,11,36
1,<environment.Job instance at 0x1543ec0baa00>,21,1,[7 1],32,42,43,10,42
1,<environment.Job instance at 0x1543ec0ba0a0>,23,2,[8 2],35,43,45,8,42
1,<environment.Job instance at 0x1543ec0bac30>,24,3,[1 7],36,43,46,7,42
1,<environment.Job instance at 0x1543ec0ba6e0>,25,18,[8 1],37,45,63,8,42
1,<environment.Job instance at 0x1543ec0baaf0>,26,1,[5 2],38,63,64,25,42
1,<environment.Job instance at 0x1543ec0ba410>,27,1,[1 8],39,46,47,7,42
1,<environment.Job instance at 0x1543ec0bae60>,28,3,[1 7],40,47,50,7,42
1,<environment.Job instance at 0x1543ec0bad20>,29,2,[5 2],42,63,65,21,42
1,<environment.Job instance at 0x1543d14e5640>,30,2,[1 7],44,50,52,6,44
1,<environment.Job instance at 0x1543d14e5eb0>,31,2,[5 2],45,64,66,19,45
1,<environment.Job instance at 0x1543d14e59b0>,32,1,[1 6],47,52,53,5,47
1,<environment.Job instance at 0x1543d14e58c0>,33,12,[7 1],48,66,78,18,49
1,<environment.Job instance at 0x1543ec5aa050>,34,2,[10  1],49,78,80,29,51
1,<environment.Job instance at 0x1543ec0bad70>,16,3,[ 2 10],25,305,308,280,305
1,<environment.Job instance at 0x1543e4123690>,1,1,[2 5],4,4,5,0,4
1,<environment.Job instance at 0x1543d3f06280>,2,3,[1 8],5,5,8,0,5
1,<environment.Job instance at 0x1543d3f06500>,4,2,[7 2],9,9,11,0,9
1,<environment.Job instance at 0x1543d3f066e0>,5,3,[ 2 10],11,11,14,0,11
1,<environment.Job instance at 0x1543e4181cd0>,6,14,[8 2],12,14,28,2,12
1,<environment.Job instance at 0x1543d3f06a50>,7,2,[2 5],14,14,16,0,14
1,<environment.Job instance at 0x1543d3f06640>,9,14,[8 1],16,28,42,12,16
1,<environment.Job instance at 0x1543ec7050a0>,11,3,[7 2],18,42,45,24,18
1,<environment.Job instance at 0x1543ec6c7320>,14,3,[1 9],22,28,31,6,22
1,<environment.Job instance at 0x1543ec6c72d0>,15,1,[6 1],23,45,46,22,23
1,<environment.Job instance at 0x1543ec6c7550>,16,3,[5 1],24,46,49,22,24
1,<environment.Job instance at 0x1543d3270c30>,17,3,[1 7],29,31,34,2,29
1,<environment.Job instance at 0x1543d3e29c80>,18,12,[7 1],31,49,61,18,32
1,<environment.Job instance at 0x1543d12db690>,21,3,[1 9],34,34,37,0,34
1,<environment.Job instance at 0x1543d4061320>,22,3,[1 8],38,38,41,0,38
1,<environment.Job instance at 0x1543d13b8730>,24,2,[9 2],42,61,63,19,42
1,<environment.Job instance at 0x1543d0f78050>,25,3,[5 2],43,46,49,3,43
1,<environment.Job instance at 0x1543d0f78a00>,27,1,[ 2 10],45,63,64,18,45
1,<environment.Job instance at 0x1543d0f783c0>,1,3,[5 2],4,4,7,0,4
1,<environment.Job instance at 0x1543d1d2a2d0>,3,15,[8 2],6,7,22,1,6
1,<environment.Job instance at 0x1543d530f780>,4,17,[10  1],8,22,39,14,10
1,<environment.Job instance at 0x1543d328b5f0>,7,3,[2 7],13,13,16,0,13
1,<environment.Job instance at 0x1543d328b9b0>,1,2,[5 1],3,3,5,0,3
1,<environment.Job instance at 0x1543d4016e10>,3,2,[10  2],5,6,8,1,6
1,<environment.Job instance at 0x1543d5536e10>,4,2,[6 1],6,8,10,2,7
1,<environment.Job instance at 0x1543d4016320>,5,3,[9 2],8,10,13,2,8
1,<environment.Job instance at 0x1543d3f4bbe0>,6,3,[6 2],11,13,16,2,11
1,<environment.Job instance at 0x1543d40ddcd0>,7,2,[5 2],12,16,18,4,12
1,<environment.Job instance at 0x1543d40165f0>,8,3,[1 7],13,13,16,0,13
1,<environment.Job instance at 0x1543d3f8f050>,10,1,[7 2],16,18,19,2,16
1,<environment.Job instance at 0x1543d3f8f320>,11,3,[1 7],18,18,21,0,18
1,<environment.Job instance at 0x1543d0e45e10>,14,3,[6 1],23,23,26,0,23
1,<environment.Job instance at 0x1543e7c70320>,16,2,[2 9],25,25,27,0,25
1,<environment.Job instance at 0x1543e7cf1f50>,17,2,[2 5],26,27,29,1,26
1,<environment.Job instance at 0x1543d3e66690>,18,16,[2 9],27,29,45,2,27
1,<environment.Job instance at 0x1543d11ea140>,19,12,[5 2],28,45,57,17,29
1,<environment.Job instance at 0x1543d13b4870>,21,3,[8 1],33,33,36,0,33
1,<environment.Job instance at 0x1543ec064320>,22,1,[10  1],34,57,58,23,34
1,<environment.Job instance at 0x1543e7c426e0>,27,1,[2 6],43,45,46,2,43
1,<environment.Job instance at 0x1543e7c424b0>,28,2,[1 5],45,46,48,1,45
1,<environment.Job instance at 0x1543d516e960>,30,3,[2 9],47,58,61,11,47
1,<environment.Job instance at 0x1543e7cca0a0>,1,3,[2 8],2,2,5,0,2
1,<environment.Job instance at 0x1543d5257820>,4,3,[1 6],7,7,10,0,7
1,<environment.Job instance at 0x1543d5257e10>,5,2,[8 2],8,8,10,0,8
1,<environment.Job instance at 0x1543ec0769b0>,6,14,[9 1],10,10,24,0,10
1,<environment.Job instance at 0x1543d5257af0>,7,3,[10  1],11,24,27,13,11
1,<environment.Job instance at 0x1543ec076f00>,10,3,[1 9],14,14,17,0,14
1,<environment.Job instance at 0x1543d3f2d230>,11,2,[1 8],16,17,19,1,16
1,<environment.Job instance at 0x1543d1c70190>,12,2,[1 5],18,19,21,1,18
1,<environment.Job instance at 0x1543d1c709b0>,13,15,[10  1],19,27,42,8,19
1,<environment.Job instance at 0x1543d51c76e0>,3,2,[10  1],4,4,6,0,4
1,<environment.Job instance at 0x1543d511f370>,5,1,[5 2],7,7,8,0,7
1,<environment.Job instance at 0x1543d3f715f0>,6,1,[2 5],8,8,9,0,8
1,<environment.Job instance at 0x1543d145a780>,7,2,[ 1 10],10,10,12,0,10
1,<environment.Job instance at 0x1543d0c08c80>,8,3,[2 5],11,12,15,1,11
1,<environment.Job instance at 0x1543d3f71640>,9,12,[6 1],12,13,25,1,13
1,<environment.Job instance at 0x1543d3f71aa0>,10,2,[5 2],13,25,27,12,13
1,<environment.Job instance at 0x1543e417aaa0>,11,1,[7 1],16,27,28,11,16
1,<environment.Job instance at 0x1543ec354640>,12,2,[7 1],17,28,30,11,17
1,<environment.Job instance at 0x1543ec354370>,14,3,[10  2],19,30,33,11,19
1,<environment.Job instance at 0x1543d40fa550>,15,2,[5 2],20,25,27,5,20
1,<environment.Job instance at 0x1543ec354f00>,17,3,[1 7],23,27,30,4,23
1,<environment.Job instance at 0x1543d1479820>,18,19,[2 9],26,33,52,7,27
1,<environment.Job instance at 0x1543d3da4a00>,24,3,[2 7],32,52,55,20,39
1,<environment.Job instance at 0x1543d3da4820>,25,2,[1 5],33,55,57,22,39
1,<environment.Job instance at 0x1543d3da4870>,26,1,[1 9],35,57,58,22,39
1,<environment.Job instance at 0x1543d3da47d0>,27,1,[2 5],36,55,56,19,39
1,<environment.Job instance at 0x1543d12c80a0>,28,15,[7 1],37,39,54,2,39
1,<environment.Job instance at 0x1543d3da4eb0>,29,1,[2 6],38,58,59,20,39
1,<environment.Job instance at 0x1543d41b05a0>,30,1,[2 8],40,59,60,19,40
1,<environment.Job instance at 0x1543d41b0050>,31,1,[2 6],41,60,61,19,41
1,<environment.Job instance at 0x1543d41b08c0>,32,3,[1 7],43,61,64,18,43
1,<environment.Job instance at 0x1543d14590a0>,34,14,[1 6],45,64,78,19,49
1,<environment.Job instance at 0x1543d14599b0>,35,17,[9 1],46,61,78,15,49
1,<environment.Job instance at 0x1543d3d33aa0>,36,3,[5 1],47,56,59,9,49
1,<environment.Job instance at 0x1543d4032050>,1,3,[9 2],2,2,5,0,2
1,<environment.Job instance at 0x1543d0d92730>,3,16,[10  2],4,5,21,1,4
1,<environment.Job instance at 0x1543d0d922d0>,6,15,[2 6],9,21,36,12,9
1,<environment.Job instance at 0x1543d0d92cd0>,7,2,[7 2],10,21,23,11,10
1,<environment.Job instance at 0x1543d0e36d70>,10,14,[6 1],13,23,37,10,14
1,<environment.Job instance at 0x1543d0e36fa0>,13,2,[7 1],16,37,39,21,16
1,<environment.Job instance at 0x1543d3cca230>,14,3,[7 1],17,39,42,22,17
1,<environment.Job instance at 0x1543d3cca6e0>,15,13,[10  1],18,42,55,24,26
1,<environment.Job instance at 0x1543d3cca7d0>,20,3,[2 8],27,36,39,9,27
1,<environment.Job instance at 0x1543e7d185a0>,23,3,[2 9],30,39,42,9,38
1,<environment.Job instance at 0x1543e7d180f0>,25,12,[7 1],34,55,67,21,38
1,<environment.Job instance at 0x1543e7d18640>,26,3,[10  1],37,67,70,30,41
1,<environment.Job instance at 0x1543d0e40fa0>,27,3,[6 1],39,70,73,31,44
1,<environment.Job instance at 0x1543d1438820>,28,3,[8 1],40,73,76,33,47
1,<environment.Job instance at 0x1543d3cca320>,2,3,[8 1],3,3,6,0,3
1,<environment.Job instance at 0x1543d3cca2d0>,3,3,[2 6],6,6,9,0,6
1,<environment.Job instance at 0x1543d13c3780>,6,1,[1 9],12,12,13,0,12
1,<environment.Job instance at 0x1543d13c39b0>,7,3,[2 9],14,14,17,0,14
1,<environment.Job instance at 0x1543d13c3050>,8,1,[10  2],15,17,18,2,15
1,<environment.Job instance at 0x1543d13c30a0>,9,1,[5 2],16,18,19,2,16
1,<environment.Job instance at 0x1543d13c35a0>,10,26,[2 8],18,20,46,2,20
1,<environment.Job instance at 0x1543d13c37d0>,13,3,[10  2],23,46,49,23,23
1,<environment.Job instance at 0x1543d13c3b40>,15,3,[1 9],28,49,52,21,28
1,<environment.Job instance at 0x1543d1086b90>,19,3,[5 1],38,38,41,0,38
1,<environment.Job instance at 0x1543d1086410>,21,2,[7 2],40,41,43,1,40
1,<environment.Job instance at 0x1543d1086460>,22,2,[6 2],41,43,45,2,41
1,<environment.Job instance at 0x1543d1086730>,23,3,[9 1],42,49,52,7,42
1,<environment.Job instance at 0x1543d1086690>,24,14,[2 8],43,52,66,9,44
1,<environment.Job instance at 0x154427f117d0>,27,21,[1 8],46,66,87,20,58
1,<environment.Job instance at 0x1543d3fee370>,29,2,[6 1],49,61,63,12,61
1,<environment.Job instance at 0x1543d1086550>,25,2,[5 2],44,277,279,233,277
1,<environment.Job instance at 0x1543d14b4050>,0,3,[9 2],2,2,5,0,2
1,<environment.Job instance at 0x1543d50e2fa0>,3,3,[9 2],5,5,8,0,5
1,<environment.Job instance at 0x1543ec641640>,7,13,[10  1],15,15,28,0,15
1,<environment.Job instance at 0x1543d09e1500>,9,1,[10  2],18,28,29,10,18
1,<environment.Job instance at 0x1543d09e1910>,10,3,[2 8],19,29,32,10,19
1,<environment.Job instance at 0x1543ec0596e0>,12,2,[8 2],25,29,31,4,25
1,<environment.Job instance at 0x1543d09eb910>,14,3,[6 2],27,31,34,4,27
1,<environment.Job instance at 0x1543d09ebf00>,16,3,[1 9],31,34,37,3,31
1,<environment.Job instance at 0x1543d09eb5f0>,18,2,[7 2],35,37,39,2,35
1,<environment.Job instance at 0x1543ec5ca0f0>,1,17,[9 2],3,3,20,0,3
1,<environment.Job instance at 0x1543d51fa0f0>,4,3,[ 1 10],6,20,23,14,6
1,<environment.Job instance at 0x1543d51fa6e0>,5,3,[1 5],7,7,10,0,7
1,<environment.Job instance at 0x1543d51faf50>,6,3,[2 7],8,23,26,15,8
1,<environment.Job instance at 0x1543d51faa00>,8,2,[2 8],10,26,28,16,10
1,<environment.Job instance at 0x1543d51faeb0>,9,2,[5 1],11,23,25,12,11
1,<environment.Job instance at 0x1543d51facd0>,10,1,[6 2],16,25,26,9,16
1,<environment.Job instance at 0x1543d530f410>,12,3,[7 1],18,26,29,8,18
1,<environment.Job instance at 0x1543d530f5a0>,13,3,[7 2],19,29,32,10,19
1,<environment.Job instance at 0x1543d530f190>,14,14,[1 5],21,28,42,7,21
1,<environment.Job instance at 0x1543ee05c6e0>,17,17,[2 8],26,42,59,16,30
1,<environment.Job instance at 0x1543ee05cd70>,21,2,[10  2],33,59,61,26,33
1,<environment.Job instance at 0x1543ee05cf00>,22,3,[1 7],34,61,64,27,35
1,<environment.Job instance at 0x1543ee05c780>,23,14,[9 2],36,61,75,25,46
1,<environment.Job instance at 0x1543ee05c8c0>,27,3,[1 5],40,64,67,24,46
1,<environment.Job instance at 0x1543ee05caf0>,29,3,[9 2],43,75,78,32,49
1,<environment.Job instance at 0x1543ee05c280>,32,12,[1 7],47,67,79,20,55
1,<environment.Job instance at 0x1543e404fc30>,1,3,[6 2],2,2,5,0,2
1,<environment.Job instance at 0x1543e404f6e0>,2,2,[6 2],3,5,7,2,3
1,<environment.Job instance at 0x1543e404f370>,5,12,[ 1 10],7,13,25,6,13
1,<environment.Job instance at 0x1543d3dcc870>,10,1,[6 2],13,25,26,12,13
1,<environment.Job instance at 0x1543d3dccaa0>,13,3,[7 1],16,26,29,10,22
1,<environment.Job instance at 0x1543d3dcc820>,14,14,[8 2],17,29,43,12,22
1,<environment.Job instance at 0x1543d4143a50>,16,2,[7 2],20,43,45,23,22
1,<environment.Job instance at 0x1543d5209e10>,19,1,[8 1],24,45,46,21,35
1,<environment.Job instance at 0x1543d146c5a0>,20,1,[1 5],26,35,36,9,35
1,<environment.Job instance at 0x1543d1da1be0>,21,1,[10  1],28,46,47,18,35
1,<environment.Job instance at 0x1543d3f31960>,22,1,[5 2],29,47,48,18,35
1,<environment.Job instance at 0x1543d1d43a50>,23,17,[10  1],30,48,65,18,36
1,<environment.Job instance at 0x1543d28120f0>,25,1,[10  2],33,65,66,32,38
1,<environment.Job instance at 0x1543d1171690>,4,1,[6 1],6,66,67,60,51
1,<environment.Job instance at 0x1543d3ec4780>,28,15,[5 2],36,67,82,31,53
1,<environment.Job instance at 0x1543d3ec4dc0>,29,3,[2 7],38,66,69,28,53
1,<environment.Job instance at 0x1543e40632d0>,35,14,[2 6],45,69,83,24,58
1,<environment.Job instance at 0x1543ec0eeaf0>,3,17,[9 1],6,6,23,0,6
1,<environment.Job instance at 0x1543ec68a960>,7,3,[2 6],11,23,26,12,11
1,<environment.Job instance at 0x1543e7d52640>,10,2,[7 2],15,23,25,8,15
1,<environment.Job instance at 0x1543ec6556e0>,11,2,[9 2],16,26,28,10,16
1,<environment.Job instance at 0x1543ec68a910>,12,3,[5 1],17,28,31,11,17
1,<environment.Job instance at 0x1543ec6a5be0>,21,1,[8 2],28,111,112,83,111
1,<environment.Job instance at 0x1543ec6a5a00>,22,1,[5 2],29,112,113,83,111
1,<environment.Job instance at 0x1543ec6a5dc0>,23,1,[7 1],30,113,114,83,111
1,<environment.Job instance at 0x1543ec05e910>,24,1,[1 8],31,111,112,80,111
1,<environment.Job instance at 0x1543e4161320>,25,2,[6 2],32,114,116,82,111
1,<environment.Job instance at 0x1543d50dbb40>,26,13,[2 9],33,116,129,83,111
1,<environment.Job instance at 0x1543ec6a5d20>,27,1,[6 2],35,129,130,94,111
1,<environment.Job instance at 0x1543ec6a5820>,28,3,[8 2],36,130,133,94,111
1,<environment.Job instance at 0x1543ec6a5c80>,29,2,[ 1 10],38,133,135,95,111
1,<environment.Job instance at 0x1543d3e04410>,30,13,[10  1],39,135,148,96,119
1,<environment.Job instance at 0x1543d55454b0>,33,2,[7 2],42,148,150,106,121
1,<environment.Job instance at 0x1543d115c5a0>,34,3,[10  1],43,150,153,107,124
1,<environment.Job instance at 0x1543d5545190>,35,3,[6 1],44,124,127,80,124
1,<environment.Job instance at 0x1543d3e00780>,37,3,[2 7],46,129,132,83,124
1,<environment.Job instance at 0x1543d3e00280>,38,1,[5 1],47,127,128,80,124
1,<environment.Job instance at 0x1543d3e005a0>,40,3,[5 2],49,153,156,104,127
1,<environment.Job instance at 0x1543d0a7a140>,0,3,[2 8],1,1,4,0,1
1,<environment.Job instance at 0x1543d50a7f50>,5,3,[10  2],7,7,10,0,7
1,<environment.Job instance at 0x1543d50a70f0>,6,3,[2 5],9,10,13,1,9
1,<environment.Job instance at 0x1543e7d6aaa0>,7,17,[1 7],10,13,30,3,11
1,<environment.Job instance at 0x1543d0fdca50>,9,2,[2 9],12,30,32,18,12
1,<environment.Job instance at 0x1543ec0ec7d0>,10,2,[2 7],13,32,34,19,13
1,<environment.Job instance at 0x1543ec0ec320>,11,18,[6 1],15,15,33,0,15
1,<environment.Job instance at 0x1543d1cca230>,18,2,[9 1],24,38,40,14,38
1,<environment.Job instance at 0x1543d52a1c30>,19,19,[1 5],26,38,57,12,38
1,<environment.Job instance at 0x1543d12e1550>,20,1,[8 1],27,40,41,13,38
1,<environment.Job instance at 0x1543e7d4a410>,21,1,[5 1],29,41,42,12,38
1,<environment.Job instance at 0x1543e7d4a140>,22,2,[7 2],30,42,44,12,38
1,<environment.Job instance at 0x1543d0d876e0>,24,3,[1 8],33,57,60,24,48
1,<environment.Job instance at 0x1543d0d87370>,25,1,[ 2 10],34,60,61,26,48
1,<environment.Job instance at 0x1543d0d87320>,26,2,[7 2],36,48,50,12,48
1,<environment.Job instance at 0x1543d53115a0>,27,1,[6 1],37,50,51,13,48
1,<environment.Job instance at 0x1543d0f55410>,28,2,[6 1],39,51,53,12,48
1,<environment.Job instance at 0x1543e4107be0>,30,15,[10  2],44,61,76,17,48
1,<environment.Job instance at 0x1543e41075f0>,31,2,[7 2],45,53,55,8,48
1,<environment.Job instance at 0x1543e4107820>,32,1,[1 5],47,55,56,8,48
1,<environment.Job instance at 0x1543d0f55eb0>,17,1,[6 1],22,208,209,186,208
1,<environment.Job instance at 0x1543d0f55910>,4,1,[2 9],6,6,7,0,6
1,<environment.Job instance at 0x1543d3d4b7d0>,5,2,[10  2],7,7,9,0,7
1,<environment.Job instance at 0x1543d0f55be0>,6,1,[6 1],10,10,11,0,10
1,<environment.Job instance at 0x1543d3d4bd20>,7,1,[7 2],12,12,13,0,12
1,<environment.Job instance at 0x1543d3d4beb0>,9,3,[2 5],14,14,17,0,14
1,<environment.Job instance at 0x1543d3d4bf50>,12,1,[10  1],18,18,19,0,18
1,<environment.Job instance at 0x1543d3d4b5f0>,13,3,[10  1],21,21,24,0,21
1,<environment.Job instance at 0x1543d3ff8b90>,15,3,[9 2],23,24,27,1,23
1,<environment.Job instance at 0x1543d3e372d0>,19,1,[9 2],30,30,31,0,30
1,<environment.Job instance at 0x1543e7c4ed20>,20,1,[10  1],31,31,32,0,31
1,<environment.Job instance at 0x1543d417e1e0>,25,15,[2 5],39,48,63,9,48
1,<environment.Job instance at 0x1543d417e8c0>,26,14,[7 1],40,48,62,8,48
1,<environment.Job instance at 0x1543d41915a0>,30,14,[9 1],44,63,77,19,48
1,<environment.Job instance at 0x1543d143f8c0>,23,3,[6 2],36,629,632,593,629
1,<environment.Job instance at 0x1543d0f19dc0>,0,3,[9 2],1,1,4,0,1
1,<environment.Job instance at 0x1543d41772d0>,1,3,[10  1],2,4,7,2,2
1,<environment.Job instance at 0x1543d0f19230>,3,2,[8 2],10,10,12,0,10
1,<environment.Job instance at 0x1543e4118960>,4,17,[1 6],11,11,28,0,11
1,<environment.Job instance at 0x1543e4118aa0>,5,3,[1 9],12,28,31,16,12
1,<environment.Job instance at 0x1543d4124e10>,8,3,[2 8],18,31,34,13,18
1,<environment.Job instance at 0x1543d1116410>,12,15,[10  1],23,34,49,11,23
1,<environment.Job instance at 0x1543d3f43280>,20,1,[7 2],32,91,92,59,91
1,<environment.Job instance at 0x1543d1568410>,22,3,[1 7],34,91,94,57,91
1,<environment.Job instance at 0x1543e4147690>,24,3,[9 1],37,92,95,55,91
1,<environment.Job instance at 0x1543d4043f50>,25,14,[7 1],38,95,109,57,91
1,<environment.Job instance at 0x1543ec0891e0>,27,14,[9 2],40,109,123,69,94
1,<environment.Job instance at 0x1543d40464b0>,29,16,[1 8],42,100,116,58,100
1,<environment.Job instance at 0x1543d141d500>,30,1,[6 1],43,123,124,80,100
1,<environment.Job instance at 0x1543d4046e10>,31,3,[5 2],44,124,127,80,100
1,<environment.Job instance at 0x1543d0d02910>,33,2,[8 2],46,127,129,81,102
1,<environment.Job instance at 0x1543d0d02dc0>,34,1,[9 2],47,129,130,82,102
1,<environment.Job instance at 0x1543d0d02b40>,35,2,[1 7],48,116,118,68,102
1,<environment.Job instance at 0x1543d4189e60>,14,1,[8 2],25,130,131,105,111
1,<environment.Job instance at 0x1543d41246e0>,18,2,[2 6],29,266,268,237,266
1,<environment.Job instance at 0x1528104c9a00>,1,3,[1 9],2,2,5,0,2
1,<environment.Job instance at 0x1527b9c79640>,5,3,[9 2],6,6,9,0,6
1,<environment.Job instance at 0x1527b9c79820>,6,18,[8 1],7,9,27,2,7
1,<environment.Job instance at 0x1527ba345d70>,9,2,[6 1],11,27,29,16,11
1,<environment.Job instance at 0x1527b9c795a0>,11,3,[1 8],13,13,16,0,13
1,<environment.Job instance at 0x1527ba309f00>,12,3,[1 8],14,16,19,2,14
1,<environment.Job instance at 0x1527ba45afa0>,13,2,[8 1],17,29,31,12,17
1,<environment.Job instance at 0x1527ba4b8a00>,18,2,[10  1],25,31,33,6,25
1,<environment.Job instance at 0x1527ba4b64b0>,19,3,[6 2],26,33,36,7,26
1,<environment.Job instance at 0x1527ba396820>,21,3,[6 1],29,36,39,7,29
1,<environment.Job instance at 0x1527ba3863c0>,29,16,[10  2],39,39,55,0,39
1,<environment.Job instance at 0x1527ba3864b0>,31,3,[9 2],41,55,58,14,41
1,<environment.Job instance at 0x1527ba386b90>,32,3,[2 9],42,58,61,16,42
1,<environment.Job instance at 0x1527ba386640>,33,1,[2 7],43,61,62,18,43
1,<environment.Job instance at 0x1527ba3d5c30>,3,16,[8 2],6,6,22,0,6
1,<environment.Job instance at 0x1527b9c75d70>,4,12,[9 1],8,22,34,14,8
1,<environment.Job instance at 0x1527bc476910>,7,3,[6 1],13,34,37,21,13
1,<environment.Job instance at 0x1527bc40bd70>,10,1,[10  2],19,37,38,18,19
1,<environment.Job instance at 0x1527bc40b410>,13,1,[1 9],25,25,26,0,25
1,<environment.Job instance at 0x1527bc40be10>,14,17,[8 1],26,38,55,12,26
1,<environment.Job instance at 0x1527bc40bf00>,15,3,[1 5],27,27,30,0,27
1,<environment.Job instance at 0x1527bc40bcd0>,16,3,[9 2],28,55,58,27,29
1,<environment.Job instance at 0x1527bc40ba00>,18,12,[9 1],31,58,70,27,41
1,<environment.Job instance at 0x1527bc40b5a0>,22,3,[1 9],35,41,44,6,41
1,<environment.Job instance at 0x1527bc484d20>,25,3,[2 9],39,44,47,5,41
1,<environment.Job instance at 0x1527bc484550>,27,2,[6 2],43,70,72,27,44
1,<environment.Job instance at 0x1527bc484690>,28,3,[6 2],46,72,75,26,46
1,<environment.Job instance at 0x1527bc484140>,29,1,[1 6],47,47,48,0,47
1,<environment.Job instance at 0x1527bc51c5a0>,30,2,[2 5],48,48,50,0,48
1,<environment.Job instance at 0x1527bc51c640>,31,2,[ 1 10],49,75,77,26,49
1,<environment.Job instance at 0x1527bc51c3c0>,32,3,[2 9],50,50,53,0,50
1,<environment.Job instance at 0x1527bc529be0>,33,3,[7 2],51,77,80,26,51
1,<environment.Job instance at 0x1527bc529d20>,35,3,[ 2 10],54,80,83,26,54
1,<environment.Job instance at 0x1527bc40b9b0>,17,3,[10  1],29,83,86,54,60
1,<environment.Job instance at 0x1527bc52e5a0>,38,2,[ 1 10],58,86,88,28,67
1,<environment.Job instance at 0x1527bd920c80>,4,1,[2 7],7,7,8,0,7
1,<environment.Job instance at 0x1527bd9d3140>,9,3,[2 8],12,12,15,0,12
1,<environment.Job instance at 0x1527bd9d3780>,10,12,[9 2],14,15,27,1,14
1,<environment.Job instance at 0x1527bd9d3460>,11,15,[10  2],15,27,42,12,15
1,<environment.Job instance at 0x1527ba452190>,17,1,[ 2 10],22,42,43,20,22
1,<environment.Job instance at 0x1527ba4524b0>,19,1,[8 2],24,43,44,19,24
1,<environment.Job instance at 0x1527ba452050>,20,15,[5 1],25,44,59,19,30
1,<environment.Job instance at 0x1527bd951fa0>,24,3,[ 2 10],32,59,62,27,43
1,<environment.Job instance at 0x1527bd951780>,27,3,[5 2],36,44,47,8,43
1,<environment.Job instance at 0x1527bc4c5dc0>,28,15,[9 2],37,62,77,25,48
1,<environment.Job instance at 0x1527bc4c5f00>,30,1,[1 6],39,48,49,9,48
1,<environment.Job instance at 0x1527bc4c5050>,31,1,[1 7],40,49,50,9,48
1,<environment.Job instance at 0x1527bc4c5be0>,32,3,[9 1],43,77,80,34,51
1,<environment.Job instance at 0x1527bd85b1e0>,35,15,[1 6],47,67,82,20,67
1,<environment.Job instance at 0x1527bd85bc30>,36,3,[7 2],48,80,83,32,67
1,<environment.Job instance at 0x1527bd85b370>,38,3,[1 7],51,82,85,31,67
1,<environment.Job instance at 0x1527bd85bb90>,41,3,[1 9],54,85,88,31,76
1,<environment.Job instance at 0x1527bc3a2a00>,43,12,[6 1],56,83,95,27,76
1,<environment.Job instance at 0x1527bd951140>,22,2,[ 1 10],30,341,343,311,341
1,<environment.Job instance at 0x1527bc734fa0>,0,3,[5 1],3,3,6,0,3
1,<environment.Job instance at 0x1527bd951140>,2,3,[ 2 10],6,6,9,0,6
1,<environment.Job instance at 0x1527bd900190>,5,3,[5 2],12,12,15,0,12
1,<environment.Job instance at 0x1527bd9006e0>,7,2,[ 2 10],14,15,17,1,14
1,<environment.Job instance at 0x1527bd900960>,9,17,[ 2 10],16,17,34,1,16
1,<environment.Job instance at 0x1527bd900050>,15,1,[1 7],23,34,35,11,23
1,<environment.Job instance at 0x1527bd888320>,16,1,[2 9],24,35,36,11,24
1,<environment.Job instance at 0x1527bd888fa0>,17,15,[1 7],25,36,51,11,25
1,<environment.Job instance at 0x1527bd888dc0>,18,3,[ 2 10],27,51,54,24,27
1,<environment.Job instance at 0x1527bd888f00>,19,14,[10  1],29,54,68,25,39
1,<environment.Job instance at 0x1527bd8883c0>,22,3,[8 1],32,39,42,7,39
1,<environment.Job instance at 0x1527baf1a230>,26,3,[ 2 10],37,68,71,31,42
1,<environment.Job instance at 0x1527bd900fa0>,11,2,[9 1],19,71,73,52,54
1,<environment.Job instance at 0x1527bd902550>,31,1,[2 6],43,73,74,30,56
1,<environment.Job instance at 0x1527bd902af0>,32,16,[9 1],46,74,90,28,61
1,<environment.Job instance at 0x1527bd902690>,34,1,[9 1],51,90,91,39,75
1,<environment.Job instance at 0x1527bd902a00>,35,12,[1 5],52,75,87,23,75
1,<environment.Job instance at 0x1527bd9020a0>,36,2,[6 2],53,91,93,38,75
1,<environment.Job instance at 0x1527bd9025f0>,37,1,[9 1],55,93,94,38,75
1,<environment.Job instance at 0x1527bd902640>,38,2,[8 1],56,94,96,38,75
1,<environment.Job instance at 0x1527bd9028c0>,39,1,[ 1 10],57,96,97,39,75
1,<environment.Job instance at 0x1527bd902460>,40,2,[1 5],59,87,89,28,75
1,<environment.Job instance at 0x1527bdd1f730>,0,2,[10  2],1,1,3,0,1
1,<environment.Job instance at 0x1527bdd1f960>,1,3,[2 8],5,5,8,0,5
1,<environment.Job instance at 0x1527b965c3c0>,6,18,[10  1],16,16,34,0,16
1,<environment.Job instance at 0x1527b965cf50>,10,3,[8 1],22,34,37,12,22
1,<environment.Job instance at 0x1527b9eed3c0>,12,2,[5 2],24,37,39,13,24
1,<environment.Job instance at 0x1527b9c38730>,14,14,[6 1],27,39,53,12,27
1,<environment.Job instance at 0x1527b9c34d20>,16,16,[1 7],29,34,50,5,29
1,<environment.Job instance at 0x1527b94895a0>,2,3,[1 8],5,5,8,0,5
1,<environment.Job instance at 0x1527d483b5f0>,5,3,[ 2 10],11,11,14,0,11
1,<environment.Job instance at 0x1527d483b230>,6,14,[8 2],12,14,28,2,13
1,<environment.Job instance at 0x1527d483bdc0>,7,2,[2 5],14,14,16,0,14
1,<environment.Job instance at 0x1527d483b640>,8,1,[ 2 10],15,28,29,13,15
1,<environment.Job instance at 0x1527d483bd20>,9,14,[8 1],16,29,43,13,16
1,<environment.Job instance at 0x1527d483b870>,11,3,[7 2],18,43,46,25,18
1,<environment.Job instance at 0x1527d483b550>,14,3,[1 9],22,29,32,7,22
1,<environment.Job instance at 0x1527d483b460>,15,1,[6 1],23,46,47,23,23
1,<environment.Job instance at 0x1527bd950960>,16,3,[5 1],24,47,50,23,24
1,<environment.Job instance at 0x1527bd9501e0>,17,3,[1 7],29,32,35,3,29
1,<environment.Job instance at 0x1527bd9500f0>,22,3,[1 8],38,38,41,0,38
1,<environment.Job instance at 0x1527d4853960>,28,18,[5 2],47,47,65,0,47
1,<environment.Job instance at 0x1527d4853690>,30,13,[1 7],50,50,63,0,50
1,<environment.Job instance at 0x1527d4853370>,32,3,[5 2],54,63,66,9,54
1,<environment.Job instance at 0x1527d4853fa0>,34,15,[8 2],56,66,81,10,56
1,<environment.Job instance at 0x1527bc6d4370>,1,3,[2 7],3,3,6,0,3
1,<environment.Job instance at 0x1527b9ed7c80>,13,3,[9 1],22,2793,2796,2771,2793
1,<environment.Job instance at 0x1527bb963d20>,16,3,[2 7],26,2796,2799,2770,2793
1,<environment.Job instance at 0x1527b9ed7d70>,17,14,[7 2],27,2796,2810,2769,2793
1,<environment.Job instance at 0x1527bd8db910>,19,3,[10  2],30,2810,2813,2780,2793
1,<environment.Job instance at 0x1527bd8db1e0>,21,3,[9 1],34,2813,2816,2779,2793
1,<environment.Job instance at 0x1527b98d55a0>,24,3,[5 1],40,2816,2819,2776,2800
1,<environment.Job instance at 0x1527b98d5d20>,25,14,[1 6],42,2813,2827,2771,2800
1,<environment.Job instance at 0x1527b98d5500>,27,1,[2 7],44,2800,2801,2756,2800
1,<environment.Job instance at 0x1527baf0fb90>,30,3,[9 2],48,2819,2822,2771,2800
1,<environment.Job instance at 0x1527bc5fe4b0>,31,3,[6 2],51,2822,2825,2771,2800
1,<environment.Job instance at 0x1527bc3ad0a0>,32,2,[5 2],52,2825,2827,2773,2800
1,<environment.Job instance at 0x1527baf0fdc0>,33,3,[1 7],53,2801,2804,2748,2800
1,<environment.Job instance at 0x1527bc3ad730>,34,2,[9 2],55,2827,2829,2772,2800
1,<environment.Job instance at 0x1527bd7dc460>,36,3,[1 7],58,2804,2807,2746,2801
1,<environment.Job instance at 0x1527b92c6b40>,2,2,[2 9],5,5,7,0,5
1,<environment.Job instance at 0x1527b9ed7140>,3,2,[2 5],6,7,9,1,6
1,<environment.Job instance at 0x1527bc849aa0>,6,3,[8 1],9,9,12,0,9
1,<environment.Job instance at 0x1527bd8e5fa0>,7,3,[8 1],13,13,16,0,13
1,<environment.Job instance at 0x1527bc849370>,8,1,[10  1],14,16,17,2,14
1,<environment.Job instance at 0x1527bc8493c0>,9,27,[1 7],15,17,44,2,15
1,<environment.Job instance at 0x1527bc874820>,16,3,[2 9],27,44,47,17,27
1,<environment.Job instance at 0x1527c1e8fcd0>,18,3,[1 5],30,47,50,17,30
1,<environment.Job instance at 0x1527bc86a870>,20,3,[2 8],32,50,53,18,32
1,<environment.Job instance at 0x1527bc86abe0>,23,3,[1 6],37,53,56,16,37
1,<environment.Job instance at 0x1527bc86a0a0>,24,2,[8 2],38,38,40,0,38
1,<environment.Job instance at 0x1527c3b82c30>,25,14,[9 1],40,53,67,13,40
1,<environment.Job instance at 0x1527d45f4500>,26,3,[10  1],41,67,70,26,41
1,<environment.Job instance at 0x1527d6b7ef00>,27,2,[1 7],42,56,58,14,42
1,<environment.Job instance at 0x1527d6b7e410>,30,2,[1 8],46,58,60,12,48
1,<environment.Job instance at 0x1527d6b7e050>,31,2,[1 5],48,48,50,0,48
1,<environment.Job instance at 0x1527d6bb1690>,32,15,[10  1],49,70,85,21,56
1,<environment.Job instance at 0x1527d6bb1730>,34,1,[8 2],51,85,86,34,57
1,<environment.Job instance at 0x1527d6bb1af0>,36,2,[6 1],54,86,88,32,63
1,<environment.Job instance at 0x1527d6bb1370>,37,3,[10  1],56,88,91,32,63
1,<environment.Job instance at 0x1527d6bb1aa0>,38,3,[10  2],57,91,94,34,65
1,<environment.Job instance at 0x1527bd8c9dc0>,14,2,[1 5],25,308,310,283,308
1,<environment.Job instance at 0x1527b9abbeb0>,3,3,[1 6],4,4,7,0,4
1,<environment.Job instance at 0x1527b9abb3c0>,5,2,[ 1 10],6,7,9,1,6
1,<environment.Job instance at 0x1527b9abbe60>,6,17,[2 9],7,9,26,2,7
1,<environment.Job instance at 0x1527b9abbcd0>,7,15,[7 2],8,26,41,18,12
1,<environment.Job instance at 0x1527b9abbaf0>,11,3,[2 8],12,26,29,14,12
1,<environment.Job instance at 0x1527d499b320>,19,2,[10  1],24,41,43,17,24
1,<environment.Job instance at 0x1527b9b285f0>,20,2,[2 7],26,29,31,3,26
1,<environment.Job instance at 0x1527b995e050>,21,1,[5 2],27,43,44,16,27
1,<environment.Job instance at 0x1527b9506780>,22,1,[2 5],28,31,32,3,28
1,<environment.Job instance at 0x1527b9911050>,23,2,[ 1 10],30,44,46,14,30
1,<environment.Job instance at 0x1527bb96a460>,24,3,[2 5],31,32,35,1,31
1,<environment.Job instance at 0x1527bb96ae10>,25,12,[6 1],32,46,58,14,32
1,<environment.Job instance at 0x1527b9c3a690>,26,2,[5 2],33,58,60,25,33
1,<environment.Job instance at 0x1527b9c3a640>,30,3,[10  2],39,60,63,21,39
1,<environment.Job instance at 0x1527b9c3a410>,33,3,[1 7],43,46,49,3,44
1,<environment.Job instance at 0x1527c3ba3fa0>,36,17,[9 2],48,84,101,36,84
1,<environment.Job instance at 0x1527c3ba3870>,40,3,[2 7],52,101,104,49,84
1,<environment.Job instance at 0x1527c3bda460>,1,3,[1 7],3,3,6,0,3
1,<environment.Job instance at 0x1527bdcc72d0>,4,17,[9 1],6,6,23,0,6
1,<environment.Job instance at 0x1527bc7576e0>,5,3,[5 1],7,23,26,16,7
1,<environment.Job instance at 0x1527d482c500>,7,1,[1 8],9,9,10,0,9
1,<environment.Job instance at 0x1527bb968e60>,8,12,[9 2],10,26,38,16,10
1,<environment.Job instance at 0x1527bb968050>,10,3,[9 2],12,38,41,26,12
1,<environment.Job instance at 0x1527bb968640>,12,16,[10  2],14,41,57,27,28
1,<environment.Job instance at 0x1527bd8a1280>,23,3,[7 1],27,57,60,30,32
1,<environment.Job instance at 0x1527bd8a1960>,24,13,[10  1],28,60,73,32,44
1,<environment.Job instance at 0x1527b9ad16e0>,27,2,[10  2],32,73,75,41,46
1,<environment.Job instance at 0x1527bc5230f0>,28,3,[7 1],36,75,78,39,49
1,<environment.Job instance at 0x1527ba43f320>,29,3,[2 8],37,57,60,20,49
1,<environment.Job instance at 0x1527d494bd20>,30,3,[1 9],38,75,78,37,49
1,<environment.Job instance at 0x1527b97bceb0>,31,16,[10  1],39,78,94,39,65
1,<environment.Job instance at 0x1527bdc8ea00>,34,12,[7 1],44,94,106,50,77
1,<environment.Job instance at 0x1527d4868f00>,35,3,[10  1],47,106,109,59,80
1,<environment.Job instance at 0x1527d4868910>,36,3,[6 1],49,109,112,60,83
1,<environment.Job instance at 0x1527b95215f0>,37,3,[8 1],50,112,115,62,86
1,<environment.Job instance at 0x1527b9521690>,40,1,[7 1],56,115,116,59,87
1,<environment.Job instance at 0x1527b9521dc0>,41,2,[5 1],57,116,118,59,89
1,<environment.Job instance at 0x1527b95210f0>,42,14,[2 5],58,109,123,51,94
1,<environment.Job instance at 0x1527b9709640>,16,2,[7 2],20,380,382,360,380
1,<environment.Job instance at 0x1527b9709640>,2,3,[8 1],3,3,6,0,3
1,<environment.Job instance at 0x1527bc8c25f0>,3,3,[2 6],6,6,9,0,6
1,<environment.Job instance at 0x1527b958db90>,5,16,[1 5],11,11,27,0,11
1,<environment.Job instance at 0x1527b958d780>,6,1,[1 9],12,27,28,15,12
1,<environment.Job instance at 0x1527b958dfa0>,7,3,[2 9],14,28,31,14,14
1,<environment.Job instance at 0x1527b958deb0>,8,1,[10  2],15,31,32,16,15
1,<environment.Job instance at 0x1527b958da50>,9,1,[5 2],16,16,17,0,16
1,<environment.Job instance at 0x1527bc3b2af0>,12,16,[ 2 10],22,32,48,10,22
1,<environment.Job instance at 0x1527ba46f820>,13,3,[10  2],23,48,51,25,23
1,<environment.Job instance at 0x1527d40b9f00>,14,2,[1 6],27,51,53,24,27
1,<environment.Job instance at 0x1527b9515a50>,15,3,[1 9],28,53,56,25,28
1,<environment.Job instance at 0x1527b9ac3190>,20,1,[2 8],39,56,57,17,41
1,<environment.Job instance at 0x1527b958de60>,21,2,[7 2],40,51,53,11,41
1,<environment.Job instance at 0x1527b9ac3a50>,22,2,[6 2],41,56,58,15,41
1,<environment.Job instance at 0x1527bdd04aa0>,23,3,[9 1],42,53,56,11,42
1,<environment.Job instance at 0x1527ba445370>,25,2,[5 2],44,58,60,14,44
1,<environment.Job instance at 0x1527b92c7f50>,27,21,[1 8],46,57,78,11,49
1,<environment.Job instance at 0x1527b92c7c30>,29,2,[6 1],49,60,62,11,60
1,<environment.Job instance at 0x1527b92c7190>,30,2,[ 1 10],50,78,80,28,60
1,<environment.Job instance at 0x1527b92c7460>,31,3,[9 2],52,62,65,10,60
1,<environment.Job instance at 0x1527c3ba9690>,32,2,[5 1],53,65,67,12,60
1,<environment.Job instance at 0x1527b92c74b0>,33,17,[1 9],54,80,97,26,68
1,<environment.Job instance at 0x1527b92c70f0>,34,3,[9 2],55,68,71,13,68
1,<environment.Job instance at 0x1527d48b5be0>,35,2,[2 9],57,97,99,40,70
1,<environment.Job instance at 0x1527d45d7a00>,1,1,[5 1],3,3,4,0,3
1,<environment.Job instance at 0x1527d45d7460>,2,13,[10  1],5,5,18,0,5
1,<environment.Job instance at 0x1527b994d320>,5,3,[2 8],9,18,21,9,9
1,<environment.Job instance at 0x1527b9597140>,7,2,[8 2],15,18,20,3,15
1,<environment.Job instance at 0x1527b9575a50>,10,1,[8 1],19,20,21,1,19
1,<environment.Job instance at 0x1527bdcc7f00>,11,3,[1 9],21,21,24,0,21
1,<environment.Job instance at 0x1527d7756820>,13,2,[7 2],25,25,27,0,25
1,<environment.Job instance at 0x1527bdd04820>,14,12,[7 1],26,27,39,1,26
1,<environment.Job instance at 0x1527b9ebc0f0>,20,1,[8 1],35,1861,1862,1826,1861
1,<environment.Job instance at 0x1527b9ebccd0>,21,28,[5 1],36,1862,1890,1826,1861
1,<environment.Job instance at 0x1527b9ebc820>,23,18,[5 1],38,1868,1886,1830,1868
1,<environment.Job instance at 0x1527d407f6e0>,25,3,[6 2],40,1890,1893,1850,1868
1,<environment.Job instance at 0x1527bc5a0d20>,26,1,[6 2],41,1893,1894,1852,1868
1,<environment.Job instance at 0x1527bc5a07d0>,27,17,[9 2],43,1894,1911,1851,1883
1,<environment.Job instance at 0x1527b9543cd0>,28,1,[7 1],44,1911,1912,1867,1883
1,<environment.Job instance at 0x1527c0441550>,30,3,[ 1 10],46,1912,1915,1866,1886
1,<environment.Job instance at 0x1527bc59a140>,31,3,[1 5],47,1886,1889,1839,1886
1,<environment.Job instance at 0x1527d40d3aa0>,32,3,[2 7],48,1889,1892,1841,1886
1,<environment.Job instance at 0x1527b98d5a50>,34,2,[2 8],50,1892,1894,1842,1887
1,<environment.Job instance at 0x1527bb9369b0>,35,2,[5 1],51,1915,1917,1864,1888
1,<environment.Job instance at 0x1527bb936f50>,36,1,[6 2],56,1917,1918,1861,1889
1,<environment.Job instance at 0x1527d4052f50>,38,3,[7 1],58,1918,1921,1860,1892
1,<environment.Job instance at 0x1527d40520f0>,39,3,[7 2],59,1921,1924,1862,1895
1,<environment.Job instance at 0x1527d483ff00>,18,16,[ 1 10],32,2408,2424,2376,2408
1,<environment.Job instance at 0x1527b92c7640>,1,12,[2 6],3,3,15,0,3
1,<environment.Job instance at 0x1527bdccbdc0>,2,1,[9 1],5,15,16,10,5
1,<environment.Job instance at 0x1527bdccb230>,5,16,[8 1],10,16,32,6,10
1,<environment.Job instance at 0x1527bdccb2d0>,6,16,[1 6],11,15,31,4,14
1,<environment.Job instance at 0x1527d4131a50>,11,2,[7 2],18,32,34,14,18
1,<environment.Job instance at 0x1527d4131780>,12,16,[1 9],19,34,50,15,22
1,<environment.Job instance at 0x1527d4131230>,15,3,[9 2],23,50,53,27,29
1,<environment.Job instance at 0x1527d4131960>,16,13,[1 9],24,53,66,29,41
1,<environment.Job instance at 0x1527d4131af0>,17,2,[1 8],25,50,52,25,41
1,<environment.Job instance at 0x1527bdccb690>,7,2,[10  2],13,66,68,53,42
1,<environment.Job instance at 0x1527b9515dc0>,22,3,[6 2],32,68,71,36,42
1,<environment.Job instance at 0x1527b9515820>,23,2,[6 2],33,71,73,38,44
1,<environment.Job instance at 0x1527b9515690>,25,1,[6 1],36,53,54,17,50
1,<environment.Job instance at 0x1527b9515c30>,26,12,[ 1 10],37,73,85,36,56
1,<environment.Job instance at 0x1527b9515c80>,27,3,[2 7],39,68,71,29,56
1,<environment.Job instance at 0x1527b9515640>,28,1,[1 6],40,71,72,31,56
1,<environment.Job instance at 0x1527b95150f0>,29,3,[8 2],41,85,88,44,59
1,<environment.Job instance at 0x1527b95b6460>,34,3,[7 1],46,61,64,15,61
1,<environment.Job instance at 0x1527b95b6690>,35,14,[8 2],47,88,102,41,73
1,<environment.Job instance at 0x1527d4131b40>,10,1,[10  2],17,363,364,346,363
1,<environment.Job instance at 0x1527c3503e60>,1,1,[10  2],3,3,4,0,3
1,<environment.Job instance at 0x1527b9ab0c80>,3,21,[2 5],5,5,26,0,5
1,<environment.Job instance at 0x1527b9ab0d20>,4,15,[5 2],6,6,21,0,6
1,<environment.Job instance at 0x1527b9ab04b0>,5,3,[2 7],8,26,29,18,8
1,<environment.Job instance at 0x1527bebbafa0>,6,15,[7 2],9,21,36,12,9
1,<environment.Job instance at 0x1527d4191f50>,7,15,[6 1],10,36,51,26,22
1,<environment.Job instance at 0x1527b9b8c9b0>,14,2,[10  2],18,51,53,33,24
1,<environment.Job instance at 0x1527b9b8cfa0>,15,15,[9 2],20,53,68,33,39
1,<environment.Job instance at 0x1527b9787500>,18,1,[1 7],23,39,40,16,39
1,<environment.Job instance at 0x1527bc791e60>,20,1,[6 2],27,68,69,41,41
1,<environment.Job instance at 0x1527bc791910>,21,1,[5 1],28,69,70,41,41
1,<environment.Job instance at 0x1527bc791d20>,22,1,[2 6],30,41,42,11,41
1,<environment.Job instance at 0x1527d417e5a0>,23,3,[2 6],31,42,45,11,41
1,<environment.Job instance at 0x1527d417e5f0>,24,2,[9 1],32,70,72,38,43
1,<environment.Job instance at 0x1527b9a41b40>,26,2,[7 2],35,72,74,37,47
1,<environment.Job instance at 0x1527b9a418c0>,27,2,[9 2],36,74,76,38,47
1,<environment.Job instance at 0x1527b9a410a0>,28,3,[5 1],37,76,79,39,50
1,<environment.Job instance at 0x1527bc7ab730>,29,2,[ 1 10],38,79,81,41,52
1,<environment.Job instance at 0x1527bc7ab460>,32,1,[8 2],43,187,188,144,187
1,<environment.Job instance at 0x1527bc7a3780>,33,17,[7 1],44,188,205,144,187
1,<environment.Job instance at 0x1527bc7a31e0>,35,13,[2 8],46,188,201,142,188
1,<environment.Job instance at 0x1527b9b951e0>,37,1,[8 2],48,205,206,157,189
1,<environment.Job instance at 0x1527b9b95a00>,38,1,[5 2],49,206,207,157,189
1,<environment.Job instance at 0x1527bc7a3f50>,39,1,[7 1],50,207,208,157,189
1,<environment.Job instance at 0x1527bc7a3690>,40,1,[1 8],51,201,202,150,189
1,<environment.Job instance at 0x1527b9bab0f0>,41,2,[6 2],52,208,210,156,189
1,<environment.Job instance at 0x1527b9bacdc0>,43,1,[6 2],55,210,211,155,189
1,<environment.Job instance at 0x1527b9bac9b0>,44,3,[8 2],56,211,214,155,189
1,<environment.Job instance at 0x1527b9bacb90>,45,2,[ 1 10],58,214,216,156,189
1,<environment.Job instance at 0x1527b9bac6e0>,46,13,[10  1],59,216,229,157,200
1,<environment.Job instance at 0x1527bc64b140>,1,2,[7 2],2,2,4,0,2
1,<environment.Job instance at 0x1527b9132050>,2,3,[10  1],3,4,7,1,3
1,<environment.Job instance at 0x1527b9132a50>,3,3,[6 1],4,7,10,3,4
1,<environment.Job instance at 0x1527d41318c0>,9,2,[8 2],10,10,12,0,10
1,<environment.Job instance at 0x1527d4131870>,10,3,[2 8],11,11,14,0,11
1,<environment.Job instance at 0x1527d4131230>,11,2,[2 5],12,14,16,2,12
1,<environment.Job instance at 0x1527d4131a00>,15,3,[10  2],17,17,20,0,17
1,<environment.Job instance at 0x1527d4131af0>,16,3,[2 5],19,20,23,1,19
1,<environment.Job instance at 0x1527d4131960>,17,17,[1 7],20,23,40,3,20
1,<environment.Job instance at 0x1527ba44af00>,18,3,[7 2],21,21,24,0,21
1,<environment.Job instance at 0x1527ba44a8c0>,19,2,[2 9],22,40,42,18,22
1,<environment.Job instance at 0x1527ba44ac80>,20,2,[2 7],23,42,44,19,23
1,<environment.Job instance at 0x1527ba44a230>,21,18,[6 1],25,26,44,1,26
1,<environment.Job instance at 0x1527ba359a50>,23,2,[10  1],27,44,46,17,29
1,<environment.Job instance at 0x1527c1ebdcd0>,27,1,[6 1],32,52,53,20,52
1,<environment.Job instance at 0x1527c1ebd0f0>,28,2,[9 1],34,53,55,19,52
1,<environment.Job instance at 0x1527c1ebd6e0>,29,19,[1 5],36,52,71,16,52
1,<environment.Job instance at 0x1527c1ebd820>,30,1,[8 1],37,55,56,18,52
1,<environment.Job instance at 0x1527c1ebdf00>,31,1,[5 1],39,56,57,17,52
1,<environment.Job instance at 0x1527c1ebdd70>,32,2,[7 2],40,57,59,17,52
1,<environment.Job instance at 0x1527c1ebd3c0>,34,3,[1 8],43,133,136,90,133
1,<environment.Job instance at 0x1527c1ebdc30>,36,2,[7 2],46,133,135,87,133
1,<environment.Job instance at 0x1527c1ebddc0>,37,1,[6 1],47,135,136,88,133
1,<environment.Job instance at 0x1527c1ebd320>,38,2,[6 1],49,136,138,87,133
1,<environment.Job instance at 0x1527b970cc30>,40,15,[10  2],54,138,153,84,133
1,<environment.Job instance at 0x1527b970cd20>,41,2,[7 2],55,153,155,98,133
1,<environment.Job instance at 0x1527b970ceb0>,42,1,[1 5],57,136,137,79,133
1,<environment.Job instance at 0x1527b9132640>,5,3,[2 7],6,238,241,232,238
1,<environment.Job instance at 0x1527b9825be0>,5,2,[10  2],7,7,9,0,7
1,<environment.Job instance at 0x1527bc898cd0>,7,1,[7 2],12,12,13,0,12
1,<environment.Job instance at 0x1527bc8980a0>,9,3,[2 5],14,14,17,0,14
1,<environment.Job instance at 0x1527b99137d0>,11,12,[5 2],17,17,29,0,17
1,<environment.Job instance at 0x1527d77ce4b0>,12,1,[10  1],18,29,30,11,18
1,<environment.Job instance at 0x1527bc8985a0>,13,3,[10  1],21,30,33,9,21
1,<environment.Job instance at 0x1527bc898280>,14,2,[ 2 10],22,33,35,11,22
1,<environment.Job instance at 0x1527b9121460>,15,3,[9 2],23,35,38,12,23
1,<environment.Job instance at 0x1527d48b5aa0>,16,1,[1 9],24,38,39,14,24
1,<environment.Job instance at 0x1527d48b5b40>,17,1,[8 2],27,39,40,12,27
1,<environment.Job instance at 0x1527c34fb8c0>,19,1,[9 2],30,40,41,10,30
1,<environment.Job instance at 0x1527d483f690>,20,1,[10  1],31,41,42,10,31
1,<environment.Job instance at 0x1527b9254be0>,23,3,[6 2],36,48,51,12,48
1,<environment.Job instance at 0x1527baf054b0>,25,15,[2 5],39,62,77,23,62
1,<environment.Job instance at 0x1527b9885280>,27,2,[7 1],41,62,64,21,62
1,<environment.Job instance at 0x1527baf05640>,28,1,[8 1],42,64,65,22,62
1,<environment.Job instance at 0x1527b9120640>,29,2,[10  2],43,77,79,34,62
1,<environment.Job instance at 0x1527b9120e60>,30,14,[9 1],44,79,93,35,64
1,<environment.Job instance at 0x1527bdce6f50>,31,3,[9 2],45,93,96,48,67
1,<environment.Job instance at 0x1527b95e9320>,35,3,[9 2],51,96,99,45,70
1,<environment.Job instance at 0x1527b95e94b0>,36,3,[10  1],52,99,102,47,73
1,<environment.Job instance at 0x1527b98254b0>,1,3,[1 9],2,2,5,0,2
1,<environment.Job instance at 0x1527b9405320>,4,3,[2 8],8,8,11,0,8
1,<environment.Job instance at 0x1527b9405640>,7,2,[8 2],12,12,14,0,12
1,<environment.Job instance at 0x1527b9405d20>,8,15,[10  1],13,14,29,1,13
1,<environment.Job instance at 0x1527b94053c0>,10,1,[8 2],15,29,30,14,15
1,<environment.Job instance at 0x1527b9ab1960>,11,2,[ 1 10],16,30,32,14,16
1,<environment.Job instance at 0x1527d45cc5f0>,18,3,[1 7],24,53,56,29,53
1,<environment.Job instance at 0x1527d45cc140>,19,2,[6 2],26,53,55,27,53
1,<environment.Job instance at 0x1527c35165f0>,20,3,[9 1],27,55,58,28,53
1,<environment.Job instance at 0x1527bebae8c0>,21,14,[7 1],28,58,72,30,53
1,<environment.Job instance at 0x1527d45c92d0>,23,14,[9 2],30,72,86,42,57
1,<environment.Job instance at 0x1527bc5720a0>,26,1,[6 1],33,86,87,53,66
1,<environment.Job instance at 0x1527baf02eb0>,29,2,[8 2],36,87,89,51,68
1,<environment.Job instance at 0x1527d775bdc0>,30,1,[9 2],37,89,90,52,68
1,<environment.Job instance at 0x1527b90ec0a0>,31,2,[1 7],38,68,70,30,68
1,<environment.Job instance at 0x1527b90ec050>,33,16,[2 9],42,90,106,48,77
1,<environment.Job instance at 0x1527b90ec410>,37,1,[5 2],48,106,107,58,89
1,<environment.Job instance at 0x1527b90ec780>,38,1,[8 2],49,107,108,58,89
1,<environment.Job instance at 0x1527b90ecdc0>,39,2,[7 2],51,108,110,57,89
1,<environment.Job instance at 0x1527b90ecb90>,40,3,[6 1],53,90,93,37,89
1,<environment.Job instance at 0x1527b90ec320>,41,2,[10  1],54,110,112,56,89
1,<environment.Job instance at 0x1527b90ec690>,42,1,[9 1],55,112,113,57,89
1,<environment.Job instance at 0x1527b90eca50>,43,3,[5 1],56,93,96,37,89
1,<environment.Job instance at 0x1527beb935f0>,44,3,[1 6],57,106,109,49,89
1,<environment.Job instance at 0x1527b990baf0>,1,3,[9 1],6,6,9,0,6
1,<environment.Job instance at 0x1527b990bbe0>,3,2,[1 8],9,9,11,0,9
1,<environment.Job instance at 0x1527bc4acf50>,5,2,[9 2],13,13,15,0,13
1,<environment.Job instance at 0x1527ba34e870>,9,3,[1 8],21,21,24,0,21
1,<environment.Job instance at 0x1527ba34ea00>,12,12,[7 2],26,26,38,0,26
1,<environment.Job instance at 0x1527ba34e320>,13,15,[ 2 10],32,38,53,6,32
1,<environment.Job instance at 0x1527b96b6a50>,14,2,[5 2],33,53,55,20,33
1,<environment.Job instance at 0x1527b96b6780>,15,2,[7 2],34,55,57,21,34
1,<environment.Job instance at 0x1527bdc44050>,23,3,[2 8],43,53,56,10,43
1,<environment.Job instance at 0x1527d40601e0>,24,3,[8 2],45,57,60,12,45
1,<environment.Job instance at 0x1527c3bf6820>,25,1,[ 2 10],46,60,61,14,46
1,<environment.Job instance at 0x1527d6fd3aa0>,26,2,[1 6],47,56,58,9,47
1,<environment.Job instance at 0x1527d6fd3780>,27,2,[8 1],48,61,63,13,48
1,<environment.Job instance at 0x1527baee0af0>,30,13,[7 1],52,63,76,11,52
1,<environment.Job instance at 0x1527baee00a0>,31,3,[ 2 10],55,76,79,21,55
1,<environment.Job instance at 0x1527baee0730>,34,2,[10  2],58,79,81,21,58
1,<environment.Job instance at 0x1527baee08c0>,35,2,[1 7],59,61,63,2,59
1,<environment.Job instance at 0x1527b90f7f50>,4,3,[6 1],7,7,10,0,7
1,<environment.Job instance at 0x1527b90f7460>,5,2,[ 1 10],8,10,12,2,8
1,<environment.Job instance at 0x1527b90f7870>,6,1,[7 1],9,12,13,3,9
1,<environment.Job instance at 0x1527b95e9d20>,7,1,[2 6],12,12,13,0,12
1,<environment.Job instance at 0x1527b95e9550>,8,2,[10  2],13,13,15,0,13
1,<environment.Job instance at 0x1527d40922d0>,11,1,[6 1],16,16,17,0,16
1,<environment.Job instance at 0x1527c3ba1b90>,12,3,[8 1],18,18,21,0,18
1,<environment.Job instance at 0x1527bb93e550>,13,15,[6 1],22,22,37,0,22
1,<environment.Job instance at 0x1527b97d11e0>,15,17,[10  1],26,37,54,11,26
1,<environment.Job instance at 0x1527d4092550>,16,3,[2 6],27,27,30,0,27
1,<environment.Job instance at 0x1527d40925f0>,17,2,[7 1],28,54,56,26,28
1,<environment.Job instance at 0x1527bc8ef910>,25,12,[2 8],41,54,66,13,48
1,<environment.Job instance at 0x1527bc8ef7d0>,28,1,[9 1],44,66,67,22,64
1,<environment.Job instance at 0x1527b9113190>,29,1,[ 2 10],45,67,68,22,64
1,<environment.Job instance at 0x1527bc6e7500>,30,12,[2 8],48,68,80,20,64
1,<environment.Job instance at 0x1527bc715960>,31,3,[ 1 10],51,80,83,29,64
1,<environment.Job instance at 0x1527bc715eb0>,32,1,[8 2],52,64,65,12,64
1,<environment.Job instance at 0x1527bc715a50>,33,18,[9 1],53,83,101,30,72
1,<environment.Job instance at 0x1527bc7158c0>,34,2,[8 1],55,72,74,17,72
1,<environment.Job instance at 0x1527bc8caaf0>,35,13,[8 2],56,101,114,45,85
1,<environment.Job instance at 0x1527d41331e0>,23,1,[1 7],38,355,356,317,355
1,<environment.Job instance at 0x1527bc46e5f0>,22,2,[2 8],35,474,476,439,474
1,<environment.Job instance at 0x1527ba3cb2d0>,0,3,[8 2],3,3,6,0,3
1,<environment.Job instance at 0x1527bc46ee10>,1,1,[1 7],4,4,5,0,4
1,<environment.Job instance at 0x1527ba3cb7d0>,2,3,[2 8],5,5,8,0,5
1,<environment.Job instance at 0x1527bc46e5f0>,5,1,[1 7],10,10,11,0,10
1,<environment.Job instance at 0x1527ba3f0c80>,6,21,[9 1],11,11,32,0,11
1,<environment.Job instance at 0x1527ba3f0d70>,7,16,[1 6],12,12,28,0,12
1,<environment.Job instance at 0x1527ba3f0e10>,8,15,[10  2],13,32,47,19,18
1,<environment.Job instance at 0x1527bdc1a500>,12,1,[1 9],19,28,29,9,19
1,<environment.Job instance at 0x1527bc572fa0>,13,1,[2 7],20,47,48,27,20
1,<environment.Job instance at 0x1527b969ae10>,14,2,[1 8],21,29,31,8,21
1,<environment.Job instance at 0x1527ba3f0820>,15,1,[1 9],23,31,32,8,23
1,<environment.Job instance at 0x1527ba3f0af0>,16,2,[ 2 10],25,48,50,23,25
1,<environment.Job instance at 0x1527b90cd370>,17,3,[9 1],26,50,53,24,26
1,<environment.Job instance at 0x1527bc68d910>,18,12,[9 1],27,53,65,26,36
1,<environment.Job instance at 0x1527bc8f7a00>,21,3,[ 2 10],31,65,68,34,39
1,<environment.Job instance at 0x1527b9ac9230>,25,1,[5 1],36,47,48,11,40
1,<environment.Job instance at 0x1527d4910a50>,26,1,[8 1],38,68,69,30,40
1,<environment.Job instance at 0x1527b9739870>,29,3,[1 9],42,50,53,8,42
1,<environment.Job instance at 0x1527c0427a50>,33,3,[2 5],48,68,71,20,48
1,<environment.Job instance at 0x1527b9c83a00>,36,3,[2 9],51,71,74,20,55
1,<environment.Job instance at 0x1527c3b93aa0>,38,1,[10  1],53,74,75,21,55
1,<environment.Job instance at 0x1527bdc0e410>,41,3,[9 2],56,75,78,19,56
1,<environment.Job instance at 0x1527bdc0e870>,44,3,[2 5],59,78,81,19,59
1,<environment.Job instance at 0x14ef68a1fa00>,1,3,[1 9],2,2,5,0,2
1,<environment.Job instance at 0x14ef121c2370>,3,1,[6 2],4,5,6,1,4
1,<environment.Job instance at 0x14ef121c27d0>,4,2,[7 2],5,6,8,1,5
1,<environment.Job instance at 0x14ef121c2050>,5,3,[9 2],6,8,11,2,6
1,<environment.Job instance at 0x14ef121c2730>,6,18,[8 1],7,11,29,4,7
1,<environment.Job instance at 0x14ef1295be60>,9,2,[6 1],11,29,31,18,11
1,<environment.Job instance at 0x14ef1284d730>,11,3,[1 8],13,13,16,0,13
1,<environment.Job instance at 0x14ef128cdfa0>,12,3,[1 8],14,16,19,2,14
1,<environment.Job instance at 0x14ef121c20a0>,13,2,[8 1],17,31,33,14,17
1,<environment.Job instance at 0x14ef129f4aa0>,18,2,[10  1],25,33,35,8,25
1,<environment.Job instance at 0x14ef128fd190>,19,3,[6 2],26,35,38,9,26
1,<environment.Job instance at 0x14ef129f40a0>,21,3,[6 1],29,38,41,9,29
1,<environment.Job instance at 0x14ef128cf7d0>,25,2,[2 8],34,35,37,1,34
1,<environment.Job instance at 0x14ef128cf0f0>,26,1,[2 7],35,37,38,2,35
1,<environment.Job instance at 0x14ef128cf320>,27,2,[2 7],36,38,40,2,36
1,<environment.Job instance at 0x14ef128cf3c0>,28,2,[2 7],37,40,42,3,37
1,<environment.Job instance at 0x14ef12938460>,29,16,[10  2],39,42,58,3,39
1,<environment.Job instance at 0x14ef128df870>,31,3,[9 2],41,58,61,17,41
1,<environment.Job instance at 0x14ef128df550>,32,3,[2 9],42,61,64,19,42
1,<environment.Job instance at 0x14ef128df410>,33,1,[2 7],43,64,65,21,43
1,<environment.Job instance at 0x14ef128dfa50>,38,1,[8 1],51,70,71,19,70
1,<environment.Job instance at 0x14ef1294dcd0>,39,3,[1 5],52,70,73,18,70
1,<environment.Job instance at 0x14ef128df1e0>,40,3,[1 6],53,73,76,20,70
1,<environment.Job instance at 0x14ef128d3780>,42,1,[10  1],56,87,88,31,87
1,<environment.Job instance at 0x14ef128d3500>,43,3,[7 2],57,88,91,31,87
1,<environment.Job instance at 0x14ef128d3280>,44,3,[1 8],58,88,91,30,87
1,<environment.Job instance at 0x14ef128d3730>,45,3,[2 8],60,91,94,31,87
1,<environment.Job instance at 0x14ef128d35a0>,46,2,[2 8],61,94,96,33,87
1,<environment.Job instance at 0x14ef128d3dc0>,47,1,[1 6],63,96,97,33,87
1,<environment.Job instance at 0x14ef128d30f0>,48,1,[2 9],65,97,98,32,87
1,<environment.Job instance at 0x14ef128d3320>,49,16,[8 2],66,98,114,32,87
1,<environment.Job instance at 0x14ef128d33c0>,50,12,[9 1],68,114,126,46,97
1,<environment.Job instance at 0x14ef12923d20>,51,2,[8 2],69,126,128,57,99
1,<environment.Job instance at 0x14ef128df9b0>,36,3,[10  2],48,340,343,292,340
1,<environment.Job instance at 0x14ef128f5780>,1,3,[6 1],3,3,6,0,3
1,<environment.Job instance at 0x14ef149cb7d0>,7,1,[1 9],15,15,16,0,15
1,<environment.Job instance at 0x14ef149cb870>,8,17,[8 1],16,16,33,0,16
1,<environment.Job instance at 0x14ef149cb960>,9,3,[1 5],17,17,20,0,17
1,<environment.Job instance at 0x14ef149cb690>,10,3,[9 2],18,33,36,15,18
1,<environment.Job instance at 0x14ef149cb8c0>,11,3,[10  1],19,36,39,17,19
1,<environment.Job instance at 0x14ef149cbcd0>,12,12,[9 1],21,39,51,18,22
1,<environment.Job instance at 0x14ef149cb410>,14,3,[1 9],23,23,26,0,23
1,<environment.Job instance at 0x14ef149545a0>,19,3,[2 9],29,29,32,0,29
1,<environment.Job instance at 0x14ef14954a50>,21,2,[6 2],33,51,53,18,33
1,<environment.Job instance at 0x14ef14954460>,22,3,[6 2],36,53,56,17,36
1,<environment.Job instance at 0x14ef14a65a50>,26,3,[2 9],40,56,59,16,40
1,<environment.Job instance at 0x14ef14a5b140>,27,3,[7 2],41,59,62,18,41
1,<environment.Job instance at 0x14ef14a5b3c0>,29,3,[ 2 10],44,62,65,18,44
1,<environment.Job instance at 0x14ef14acd6e0>,31,1,[10  1],47,65,66,18,47
1,<environment.Job instance at 0x14ef14a727d0>,32,2,[ 1 10],48,66,68,18,48
1,<environment.Job instance at 0x14ef14a72e10>,33,1,[7 2],50,68,69,18,50
1,<environment.Job instance at 0x14ef14a72e60>,34,2,[1 8],51,51,53,0,51
1,<environment.Job instance at 0x14ef14a72be0>,35,2,[2 6],52,53,55,1,52
1,<environment.Job instance at 0x14ef14a7ba00>,45,15,[10  2],65,69,84,4,67
1,<environment.Job instance at 0x14ef14a7b7d0>,47,16,[8 1],67,84,100,17,71
1,<environment.Job instance at 0x14ef149b8960>,48,17,[1 9],69,84,101,15,74
1,<environment.Job instance at 0x14ef14954190>,17,1,[2 5],26,450,451,424,450
1,<environment.Job instance at 0x14ef15dbe5f0>,12,15,[9 2],17,58,73,41,58
1,<environment.Job instance at 0x14ef15dbe140>,14,1,[1 6],19,58,59,39,58
1,<environment.Job instance at 0x14ef15dbe8c0>,15,1,[1 7],20,59,60,39,58
1,<environment.Job instance at 0x14ef15dbeeb0>,16,3,[9 1],23,73,76,50,58
1,<environment.Job instance at 0x14ef15dbe7d0>,20,3,[7 2],28,254,257,226,254
1,<environment.Job instance at 0x14ef15dbeaa0>,21,2,[1 8],29,254,256,225,254
1,<environment.Job instance at 0x14ef15dbec80>,22,3,[1 7],31,256,259,225,254
1,<environment.Job instance at 0x14ef15dbe5a0>,24,27,[1 8],33,555,582,522,555
1,<environment.Job instance at 0x14ef15dbe500>,25,3,[1 9],34,582,585,548,556
1,<environment.Job instance at 0x14ef129a3280>,26,2,[7 2],35,556,558,521,556
1,<environment.Job instance at 0x14ef129a3e10>,27,12,[6 1],36,558,570,522,556
1,<environment.Job instance at 0x14ef14cad730>,29,3,[5 1],43,570,573,527,559
1,<environment.Job instance at 0x14ef14cadf00>,30,15,[1 7],45,585,600,540,571
1,<environment.Job instance at 0x14ef14cad870>,31,3,[ 2 10],46,600,603,554,574
1,<environment.Job instance at 0x14ef14cad690>,34,3,[5 2],52,574,577,522,574
1,<environment.Job instance at 0x14ef14caddc0>,37,2,[2 9],55,603,605,548,576
1,<environment.Job instance at 0x14ef14c3eaa0>,39,19,[ 1 10],58,605,624,547,595
1,<environment.Job instance at 0x14ef14c3e2d0>,41,3,[5 2],60,595,598,535,595
1,<environment.Job instance at 0x14ef15f2f960>,46,15,[1 7],65,624,639,559,610
1,<environment.Job instance at 0x14ef15f2f820>,47,3,[ 2 10],67,639,642,572,613
1,<environment.Job instance at 0x14ef15f2fd20>,48,14,[10  1],69,642,656,573,627
1,<environment.Job instance at 0x14ef12995690>,1,3,[8 1],2,2,5,0,2
1,<environment.Job instance at 0x14ef267be3c0>,3,3,[6 1],4,5,8,1,4
1,<environment.Job instance at 0x14ef267be8c0>,4,2,[10  1],5,8,10,3,5
1,<environment.Job instance at 0x14ef14cb7a50>,5,3,[ 2 10],7,10,13,3,7
1,<environment.Job instance at 0x14ef267be550>,6,18,[8 1],8,13,31,5,8
1,<environment.Job instance at 0x14ef267be230>,8,17,[1 6],11,13,30,2,12
1,<environment.Job instance at 0x14ef267e1d70>,12,15,[9 2],20,31,46,11,20
1,<environment.Job instance at 0x14ef267e1780>,13,1,[9 1],21,46,47,25,21
1,<environment.Job instance at 0x14ef267e10f0>,14,12,[1 5],22,30,42,8,22
1,<environment.Job instance at 0x14ef267e1be0>,15,2,[6 2],23,47,49,24,23
1,<environment.Job instance at 0x14ef267e1fa0>,16,1,[9 1],25,49,50,24,25
1,<environment.Job instance at 0x14ef148f20f0>,17,2,[8 1],26,50,52,24,26
1,<environment.Job instance at 0x14ef148f2370>,20,3,[1 5],30,42,45,12,30
1,<environment.Job instance at 0x14ef148f2190>,22,3,[2 8],35,50,53,15,35
1,<environment.Job instance at 0x14ef640e9e60>,27,18,[10  1],46,53,71,7,46
1,<environment.Job instance at 0x14ef640e9a50>,31,3,[8 1],52,71,74,19,52
1,<environment.Job instance at 0x14ef14c9f4b0>,36,15,[2 8],58,71,86,13,58
1,<environment.Job instance at 0x14ef24df9aa0>,42,3,[ 2 10],65,86,89,21,80
1,<environment.Job instance at 0x14ef24df9960>,44,3,[1 5],69,89,92,20,89
1,<environment.Job instance at 0x14ef24db2780>,3,2,[8 2],5,5,7,0,5
1,<environment.Job instance at 0x14ef12430460>,4,3,[1 7],6,6,9,0,6
1,<environment.Job instance at 0x14ef124309b0>,5,18,[8 1],7,7,25,0,7
1,<environment.Job instance at 0x14ef12430140>,6,1,[5 2],8,25,26,17,8
1,<environment.Job instance at 0x14ef121915a0>,7,1,[1 8],9,9,10,0,9
1,<environment.Job instance at 0x14ef121cc960>,8,3,[1 7],10,10,13,0,10
1,<environment.Job instance at 0x14ef24db2e60>,1,1,[7 1],2,26,27,24,13
1,<environment.Job instance at 0x14ef15e99690>,11,2,[5 2],15,27,29,12,15
1,<environment.Job instance at 0x14ef121e40a0>,13,12,[7 1],18,29,41,11,18
1,<environment.Job instance at 0x14ef14a9d320>,17,1,[2 5],24,24,25,0,24
1,<environment.Job instance at 0x14ef1621cc80>,18,3,[1 8],25,25,28,0,25
1,<environment.Job instance at 0x14ef1297dbe0>,19,12,[7 2],27,41,53,14,27
1,<environment.Job instance at 0x14ef270b56e0>,20,2,[7 2],29,53,55,24,29
1,<environment.Job instance at 0x14ef15f2d730>,21,3,[ 2 10],31,55,58,24,31
1,<environment.Job instance at 0x14ef270b5550>,15,3,[2 7],20,31,34,11,31
1,<environment.Job instance at 0x14ef241bb5a0>,23,2,[2 5],34,34,36,0,34
1,<environment.Job instance at 0x14ef241bb2d0>,25,14,[8 1],36,58,72,22,43
1,<environment.Job instance at 0x14ef241bb820>,30,3,[1 9],42,58,61,16,43
1,<environment.Job instance at 0x14ef27527320>,32,3,[5 1],44,72,75,28,46
1,<environment.Job instance at 0x14ef27527140>,33,3,[1 7],49,49,52,0,49
1,<environment.Job instance at 0x14ef121abf00>,36,2,[10  1],53,75,77,22,53
1,<environment.Job instance at 0x14ef121ab730>,37,3,[1 9],54,61,64,7,54
1,<environment.Job instance at 0x14ef12418f50>,38,3,[1 8],58,64,67,6,58
1,<environment.Job instance at 0x14ef24eafa00>,39,2,[2 7],61,67,69,6,61
1,<environment.Job instance at 0x14ef121f14b0>,40,2,[9 2],62,77,79,15,62
1,<environment.Job instance at 0x14ef241489b0>,41,3,[5 2],63,72,75,9,63
1,<environment.Job instance at 0x14ef241bb640>,28,21,[7 2],40,2289,2310,2249,2289
1,<environment.Job instance at 0x14ef241bbb90>,1,3,[5 2],4,4,7,0,4
1,<environment.Job instance at 0x14ef11d89b90>,3,15,[8 2],6,7,22,1,6
1,<environment.Job instance at 0x14ef241bbeb0>,4,17,[10  1],8,22,39,14,10
1,<environment.Job instance at 0x14ef240b0b40>,7,3,[2 7],13,13,16,0,13
1,<environment.Job instance at 0x14ef240b0460>,13,3,[1 8],24,1078,1081,1054,1078
1,<environment.Job instance at 0x14ef240b0230>,14,1,[9 2],25,1078,1079,1053,1078
1,<environment.Job instance at 0x14ef240b0fa0>,16,2,[1 6],28,1081,1083,1053,1078
1,<environment.Job instance at 0x14ef240b0d20>,17,3,[ 2 10],30,1083,1086,1053,1078
1,<environment.Job instance at 0x14ef240b0d70>,18,1,[7 2],31,1079,1080,1048,1078
1,<environment.Job instance at 0x14ef240b05a0>,19,3,[9 1],32,1080,1083,1048,1078
1,<environment.Job instance at 0x14ef240b0320>,20,16,[9 1],33,1086,1102,1053,1078
1,<environment.Job instance at 0x14ef240b0aa0>,21,1,[6 2],35,1102,1103,1067,1078
1,<environment.Job instance at 0x14ef240b0cd0>,22,3,[2 7],36,1102,1105,1066,1078
1,<environment.Job instance at 0x14ef240b4550>,24,2,[ 1 10],39,1105,1107,1066,1082
1,<environment.Job instance at 0x14ef240b4d20>,25,3,[10  2],40,1107,1110,1067,1082
1,<environment.Job instance at 0x14ef240b4c80>,26,2,[2 9],41,1110,1112,1069,1083
1,<environment.Job instance at 0x14ef240b4910>,27,3,[9 1],44,1112,1115,1068,1086
1,<environment.Job instance at 0x14ef240b44b0>,29,16,[1 5],48,1112,1128,1064,1099
1,<environment.Job instance at 0x14ef240b4690>,30,3,[5 1],50,1115,1118,1065,1099
1,<environment.Job instance at 0x14ef267deb90>,32,2,[5 1],53,1103,1105,1050,1100
1,<environment.Job instance at 0x14ef267debe0>,33,1,[2 7],54,1128,1129,1074,1100
1,<environment.Job instance at 0x14ef267de460>,34,2,[10  2],55,1129,1131,1074,1102
1,<environment.Job instance at 0x14ef267def50>,35,2,[6 1],56,1110,1112,1054,1102
1,<environment.Job instance at 0x14ef267de370>,36,3,[9 2],58,1118,1121,1060,1102
1,<environment.Job instance at 0x14ef267de6e0>,37,3,[6 2],61,1121,1124,1060,1102
1,<environment.Job instance at 0x14ef267de7d0>,38,2,[5 2],62,1124,1126,1062,1102
1,<environment.Job instance at 0x14ef267deaf0>,39,3,[1 7],63,1131,1134,1068,1105
1,<environment.Job instance at 0x14ef267de8c0>,40,2,[9 2],65,1126,1128,1061,1105
1,<environment.Job instance at 0x14ef267ded20>,42,3,[1 7],68,1134,1137,1066,1108
1,<environment.Job instance at 0x14ef11d7cbe0>,0,3,[6 1],3,3,6,0,3
1,<environment.Job instance at 0x14ef14d97b90>,2,2,[2 9],5,5,7,0,5
1,<environment.Job instance at 0x14ef15d1be60>,3,2,[2 5],6,7,9,1,6
1,<environment.Job instance at 0x14ef15d1ba00>,5,12,[5 2],8,8,20,0,8
1,<environment.Job instance at 0x14ef124055a0>,6,3,[8 1],9,20,23,11,9
1,<environment.Job instance at 0x14ef240b0730>,7,3,[8 1],13,23,26,10,13
1,<environment.Job instance at 0x14ef24f5d550>,8,1,[10  1],14,26,27,12,14
1,<environment.Job instance at 0x14ef12a00690>,12,13,[ 2 10],22,27,40,5,22
1,<environment.Job instance at 0x14ef15d1b1e0>,13,1,[2 6],23,23,24,0,23
1,<environment.Job instance at 0x14ef11eb5230>,16,3,[2 9],27,40,43,13,27
1,<environment.Job instance at 0x14ef16277820>,26,3,[10  1],41,43,46,2,41
1,<environment.Job instance at 0x14ef689be780>,28,15,[1 5],43,46,61,3,43
1,<environment.Job instance at 0x14ef15ebd6e0>,29,3,[1 9],44,61,64,17,44
1,<environment.Job instance at 0x14ef15ebda00>,32,15,[10  1],49,64,79,15,50
1,<environment.Job instance at 0x14ef241114b0>,43,3,[1 6],64,79,82,15,64
1,<environment.Job instance at 0x14ef13448550>,47,15,[7 2],68,79,94,11,70
1,<environment.Job instance at 0x14ef13448190>,48,16,[2 8],69,82,98,13,71
1,<environment.Job instance at 0x14ef11d1ddc0>,33,1,[2 8],50,230,231,180,230
1,<environment.Job instance at 0x14ef11d1d910>,1,3,[2 8],2,2,5,0,2
1,<environment.Job instance at 0x14ef11d1ddc0>,3,3,[5 2],6,6,9,0,6
1,<environment.Job instance at 0x14ef13eb9820>,4,1,[6 2],8,9,10,1,8
1,<environment.Job instance at 0x14ef270bdb90>,9,2,[10  1],14,14,16,0,14
1,<environment.Job instance at 0x14ef13ebb730>,10,2,[2 7],16,16,18,0,16
1,<environment.Job instance at 0x14ef13ebbf00>,11,1,[5 2],17,17,18,0,17
1,<environment.Job instance at 0x14ef13e866e0>,12,1,[2 5],18,18,19,0,18
1,<environment.Job instance at 0x14ef15e8b370>,13,2,[ 1 10],20,20,22,0,20
1,<environment.Job instance at 0x14ef13e86e10>,14,3,[2 5],21,22,25,1,21
1,<environment.Job instance at 0x14ef13e86280>,15,12,[6 1],22,22,34,0,22
1,<environment.Job instance at 0x14ef13e860a0>,16,2,[5 2],23,34,36,11,23
1,<environment.Job instance at 0x14ef13e86500>,17,1,[7 1],26,36,37,10,26
1,<environment.Job instance at 0x14ef68a1fe10>,18,2,[7 1],27,37,39,10,27
1,<environment.Job instance at 0x14ef13e861e0>,19,1,[7 2],28,39,40,11,28
1,<environment.Job instance at 0x14ef15f2b7d0>,20,3,[10  2],29,40,43,11,29
1,<environment.Job instance at 0x14ef15cc2370>,21,2,[5 2],30,34,36,4,30
1,<environment.Job instance at 0x14ef12867dc0>,23,3,[1 7],33,36,39,3,33
1,<environment.Job instance at 0x14ef11f83230>,26,17,[9 2],38,43,60,5,38
1,<environment.Job instance at 0x14ef15d210f0>,27,1,[6 2],39,60,61,21,39
1,<environment.Job instance at 0x14ef15d21c30>,29,1,[1 7],41,43,44,2,41
1,<environment.Job instance at 0x14ef15d21d20>,30,3,[2 7],42,60,63,18,42
1,<environment.Job instance at 0x14ef15d21dc0>,31,2,[1 5],43,44,46,1,43
1,<environment.Job instance at 0x14ef15d21f00>,33,1,[2 5],46,63,64,17,46
1,<environment.Job instance at 0x14ef15d21870>,34,15,[7 1],47,61,76,14,47
1,<environment.Job instance at 0x14ef15cfd7d0>,35,1,[2 6],48,64,65,16,48
1,<environment.Job instance at 0x14ef15cfd550>,37,1,[2 6],51,65,66,14,51
1,<environment.Job instance at 0x14ef27529960>,38,3,[1 7],53,53,56,0,53
1,<environment.Job instance at 0x14ef11faa320>,39,17,[2 7],54,66,83,12,54
1,<environment.Job instance at 0x14ef15d09d20>,45,12,[9 2],60,83,95,23,66
1,<environment.Job instance at 0x14ef15d091e0>,49,16,[10  2],64,95,111,31,82
1,<environment.Job instance at 0x14ef11f84280>,3,1,[2 5],4,4,5,0,4
1,<environment.Job instance at 0x14ef24189aa0>,7,13,[10  1],8,8,21,0,8
1,<environment.Job instance at 0x14ef15dd0640>,9,1,[ 2 10],10,21,22,11,10
1,<environment.Job instance at 0x14ef1193c730>,10,2,[10  2],12,22,24,10,12
1,<environment.Job instance at 0x14ef24189f00>,11,3,[7 1],16,24,27,8,16
1,<environment.Job instance at 0x14ef11c51a00>,12,3,[2 8],17,24,27,7,17
1,<environment.Job instance at 0x14ef24f04690>,13,3,[1 9],18,27,30,9,18
1,<environment.Job instance at 0x14ef13eb34b0>,14,16,[10  1],19,30,46,11,19
1,<environment.Job instance at 0x14ef11a270a0>,15,3,[2 9],20,46,49,26,20
1,<environment.Job instance at 0x14ef11c496e0>,17,12,[7 1],24,46,58,22,29
1,<environment.Job instance at 0x14ef11c495f0>,20,3,[8 1],30,58,61,28,32
1,<environment.Job instance at 0x14ef11c49d70>,23,1,[7 1],36,61,62,25,37
1,<environment.Job instance at 0x14ef11c49e10>,24,2,[5 1],37,62,64,25,37
1,<environment.Job instance at 0x14ef11c5f550>,25,14,[2 5],38,49,63,11,38
1,<environment.Job instance at 0x14ef11a16a00>,26,3,[5 2],40,63,66,23,40
1,<environment.Job instance at 0x14ef11b55910>,29,3,[8 1],43,66,69,23,50
1,<environment.Job instance at 0x14ef11b55d20>,30,3,[2 6],46,64,67,18,50
1,<environment.Job instance at 0x14ef15cbdd20>,32,16,[1 5],51,67,83,16,56
1,<environment.Job instance at 0x14ef11d790f0>,33,1,[1 9],52,83,84,31,56
1,<environment.Job instance at 0x14ef12852820>,34,3,[2 9],54,84,87,30,58
1,<environment.Job instance at 0x14ef24dc2410>,35,1,[10  2],55,87,88,32,59
1,<environment.Job instance at 0x14ef24dc2a50>,36,1,[5 2],56,69,70,13,59
1,<environment.Job instance at 0x14ef24dc2640>,38,2,[ 1 10],60,88,90,28,66
1,<environment.Job instance at 0x14ef11ad5820>,39,16,[ 2 10],62,90,106,28,77
1,<environment.Job instance at 0x14ef11ad5dc0>,40,3,[10  2],63,106,109,43,80
1,<environment.Job instance at 0x14ef11c3faf0>,42,3,[1 9],68,109,112,41,83
1,<environment.Job instance at 0x14ef240b2e60>,1,1,[6 2],2,2,3,0,2
1,<environment.Job instance at 0x14ef117380f0>,2,3,[10  2],4,4,7,0,4
1,<environment.Job instance at 0x14ef11960dc0>,3,3,[5 1],8,8,11,0,8
1,<environment.Job instance at 0x14ef148ec730>,5,2,[7 2],10,11,13,1,10
1,<environment.Job instance at 0x14ef11d9e550>,7,3,[9 1],12,13,16,1,12
1,<environment.Job instance at 0x14ef24198730>,11,21,[1 8],16,17,38,1,17
1,<environment.Job instance at 0x14ef24062cd0>,13,2,[6 1],19,19,21,0,19
1,<environment.Job instance at 0x14ef14b996e0>,14,2,[ 1 10],20,38,40,18,20
1,<environment.Job instance at 0x14ef689bfbe0>,15,3,[9 2],22,22,25,0,22
1,<environment.Job instance at 0x14ef24198550>,16,2,[5 1],23,25,27,2,23
1,<environment.Job instance at 0x14ef24198eb0>,17,17,[1 9],24,40,57,16,28
1,<environment.Job instance at 0x14ef11d947d0>,22,13,[10  1],35,57,70,22,41
1,<environment.Job instance at 0x14ef1623b0f0>,25,3,[2 8],39,70,73,31,44
1,<environment.Job instance at 0x14ef1623b8c0>,27,2,[8 2],45,70,72,25,45
1,<environment.Job instance at 0x14ef11d59960>,29,3,[6 2],47,72,75,25,50
1,<environment.Job instance at 0x14ef11d59c80>,30,1,[8 1],49,50,51,1,50
1,<environment.Job instance at 0x14ef11d59690>,31,3,[1 9],51,75,78,24,51
1,<environment.Job instance at 0x14ef14b4b730>,33,2,[7 2],55,78,80,23,55
1,<environment.Job instance at 0x14ef14b4bd20>,36,3,[9 2],58,310,313,252,310
1,<environment.Job instance at 0x14ef15dbe5f0>,37,2,[7 1],61,313,315,252,310
1,<environment.Job instance at 0x14ef15dbeb90>,38,16,[ 1 10],62,315,331,253,310
1,<environment.Job instance at 0x14ef15dbe640>,39,3,[2 5],64,331,334,267,310
1,<environment.Job instance at 0x14ef15dbe9b0>,40,1,[8 1],65,331,332,266,310
1,<environment.Job instance at 0x14ef15dbe230>,42,13,[8 2],67,332,345,265,322
1,<environment.Job instance at 0x14ef15dbe690>,44,15,[6 1],69,345,360,276,331
1,<environment.Job instance at 0x14ef17109370>,1,17,[9 2],3,3,20,0,3
1,<environment.Job instance at 0x14ef14cd2730>,4,3,[ 1 10],6,20,23,14,6
1,<environment.Job instance at 0x14ef11a27dc0>,5,3,[1 5],7,7,10,0,7
1,<environment.Job instance at 0x14ef11a277d0>,6,3,[2 7],8,23,26,15,8
1,<environment.Job instance at 0x14ef16274aa0>,9,2,[5 1],11,23,25,12,11
1,<environment.Job instance at 0x14ef161f09b0>,10,1,[6 2],16,25,26,9,16
1,<environment.Job instance at 0x14ef11971370>,12,3,[7 1],18,26,29,8,18
1,<environment.Job instance at 0x14ef11971d20>,13,3,[7 2],19,29,32,10,19
1,<environment.Job instance at 0x14ef11971a00>,14,14,[1 5],21,26,40,5,21
1,<environment.Job instance at 0x14ef14d01190>,16,1,[9 1],25,32,33,7,25
1,<environment.Job instance at 0x14ef270ea460>,20,16,[1 6],31,40,56,9,33
1,<environment.Job instance at 0x14ef270eab90>,22,3,[1 7],34,56,59,22,34
1,<environment.Job instance at 0x14ef270ea280>,23,14,[9 2],36,36,50,0,36
1,<environment.Job instance at 0x14ef11818780>,24,1,[10  2],37,59,60,22,37
1,<environment.Job instance at 0x14ef11818960>,25,2,[7 2],38,50,52,12,38
1,<environment.Job instance at 0x14ef15da2b40>,29,3,[9 2],43,52,55,9,46
1,<environment.Job instance at 0x14ef15da2a00>,30,13,[1 9],44,60,73,16,46
1,<environment.Job instance at 0x14ef15da20a0>,31,2,[1 8],45,73,75,28,46
1,<environment.Job instance at 0x14ef12015410>,35,17,[2 9],51,75,92,24,63
1,<environment.Job instance at 0x14ef120159b0>,36,3,[6 2],52,92,95,40,66
1,<environment.Job instance at 0x14ef12015190>,37,2,[6 2],53,73,75,20,66
1,<environment.Job instance at 0x14ef12015a00>,39,1,[6 1],56,69,70,13,69
1,<environment.Job instance at 0x14ef15e95d70>,41,3,[2 7],59,92,95,33,76
1,<environment.Job instance at 0x14ef149682d0>,43,3,[8 2],61,95,98,34,76
1,<environment.Job instance at 0x14ef11980b90>,45,1,[6 2],63,98,99,35,76
1,<environment.Job instance at 0x14ef12961820>,48,3,[7 1],66,99,102,33,91
1,<environment.Job instance at 0x14ef1298d500>,49,14,[8 2],67,102,116,35,91
1,<environment.Job instance at 0x14ef11818820>,27,3,[1 5],40,1951,1954,1911,1951
1,<environment.Job instance at 0x14ef128ce5a0>,0,3,[5 2],2,2,5,0,2
1,<environment.Job instance at 0x14ef1710d2d0>,2,1,[8 1],4,5,6,1,4
1,<environment.Job instance at 0x14ef640bf550>,3,1,[1 5],6,6,7,0,6
1,<environment.Job instance at 0x14ef11829140>,6,17,[10  1],10,10,27,0,10
1,<environment.Job instance at 0x14ef11bda5a0>,5,1,[5 2],9,27,28,18,11
1,<environment.Job instance at 0x14ef1710daf0>,8,1,[10  2],13,28,29,15,13
1,<environment.Job instance at 0x14ef14b442d0>,16,2,[1 5],22,29,31,7,22
1,<environment.Job instance at 0x14ef128f3b90>,18,14,[2 6],25,31,45,6,25
1,<environment.Job instance at 0x14ef242db410>,19,1,[9 1],26,29,30,3,26
1,<environment.Job instance at 0x14ef242db140>,20,17,[2 5],27,45,62,18,33
1,<environment.Job instance at 0x14ef242dbd70>,21,2,[10  2],28,62,64,34,35
1,<environment.Job instance at 0x14ef14a31780>,23,2,[5 2],31,43,45,12,43
1,<environment.Job instance at 0x14ef11825c80>,24,2,[5 1],32,45,47,13,43
1,<environment.Job instance at 0x14ef14a31a50>,25,1,[1 7],33,64,65,31,43
1,<environment.Job instance at 0x14ef162994b0>,27,1,[6 2],37,50,51,13,50
1,<environment.Job instance at 0x14ef134481e0>,28,1,[5 1],38,51,52,13,50
1,<environment.Job instance at 0x14ef14c216e0>,29,1,[2 6],40,65,66,25,50
1,<environment.Job instance at 0x14ef14c21aa0>,30,3,[2 6],41,66,69,25,50
1,<environment.Job instance at 0x14ef16299b90>,31,2,[9 1],42,69,71,27,50
1,<environment.Job instance at 0x14ef119fdf50>,32,13,[6 1],44,71,84,27,59
1,<environment.Job instance at 0x14ef11ec68c0>,35,3,[5 1],47,59,62,12,59
1,<environment.Job instance at 0x14ef11ec6aa0>,37,13,[2 6],49,71,84,22,59
1,<environment.Job instance at 0x14ef11ec66e0>,39,1,[8 2],53,201,202,148,201
1,<environment.Job instance at 0x14ef14b33410>,40,17,[7 1],54,202,219,148,201
1,<environment.Job instance at 0x14ef14b33e60>,42,13,[2 8],56,201,214,145,201
1,<environment.Job instance at 0x14ef11d47500>,43,16,[6 1],57,219,235,162,206
1,<environment.Job instance at 0x14ef11d47dc0>,44,1,[8 2],58,235,236,177,207
1,<environment.Job instance at 0x14ef11d473c0>,46,1,[7 1],60,236,237,176,208
1,<environment.Job instance at 0x14ef11d47140>,47,1,[1 8],61,214,215,153,208
1,<environment.Job instance at 0x14ef11d47050>,48,2,[6 2],62,237,239,175,210
1,<environment.Job instance at 0x14ef15ce3a00>,50,1,[6 2],65,239,240,174,211
1,<environment.Job instance at 0x14ef15ce3f00>,51,3,[8 2],66,240,243,174,214
1,<environment.Job instance at 0x14ef24d63280>,1,2,[7 2],2,2,4,0,2
1,<environment.Job instance at 0x14ef11806fa0>,2,3,[10  1],3,4,7,1,3
1,<environment.Job instance at 0x14ef24d63c80>,3,3,[6 1],4,7,10,3,4
1,<environment.Job instance at 0x14ef11fe7c80>,7,17,[1 8],8,8,25,0,8
1,<environment.Job instance at 0x14ef24b19320>,8,3,[5 2],9,10,13,1,9
1,<environment.Job instance at 0x14ef11899690>,9,2,[8 2],10,13,15,3,10
1,<environment.Job instance at 0x14ef11899f50>,10,3,[2 8],11,25,28,14,11
1,<environment.Job instance at 0x14ef24d7f5f0>,15,3,[10  2],17,28,31,11,17
1,<environment.Job instance at 0x14ef267fa550>,16,3,[2 5],19,31,34,12,19
1,<environment.Job instance at 0x14ef24296fa0>,17,17,[1 7],20,34,51,14,23
1,<environment.Job instance at 0x14ef14e28eb0>,21,18,[6 1],25,31,49,6,25
1,<environment.Job instance at 0x14ef1160c410>,23,2,[10  1],27,51,53,24,29
1,<environment.Job instance at 0x14ef14d39e60>,27,1,[6 1],32,53,54,21,51
1,<environment.Job instance at 0x14ef14d39e10>,28,2,[9 1],34,54,56,20,51
1,<environment.Job instance at 0x14ef14d39190>,29,19,[1 5],36,53,72,17,51
1,<environment.Job instance at 0x14ef14d39820>,30,1,[8 1],37,56,57,19,51
1,<environment.Job instance at 0x14ef14d39cd0>,31,1,[5 1],39,57,58,18,51
1,<environment.Job instance at 0x14ef11fd9280>,32,2,[7 2],40,58,60,18,51
1,<environment.Job instance at 0x14ef11fd9f50>,34,3,[1 8],43,83,86,40,83
1,<environment.Job instance at 0x14ef11fd9dc0>,36,2,[7 2],46,83,85,37,83
1,<environment.Job instance at 0x14ef11fd99b0>,37,1,[6 1],47,85,86,38,83
1,<environment.Job instance at 0x14ef11fd9410>,38,2,[6 1],49,86,88,37,83
1,<environment.Job instance at 0x14ef11d79410>,40,15,[10  2],54,88,103,34,83
1,<environment.Job instance at 0x14ef11d79640>,41,2,[7 2],55,103,105,48,83
1,<environment.Job instance at 0x14ef24dd59b0>,42,1,[1 5],57,86,87,29,83
1,<environment.Job instance at 0x14ef118099b0>,46,2,[1 9],62,840,842,778,840
1,<environment.Job instance at 0x14ef11809780>,47,14,[1 6],63,842,856,779,840
1,<environment.Job instance at 0x14ef11809e10>,48,1,[1 8],64,856,857,792,840
1,<environment.Job instance at 0x14ef149f8b40>,49,1,[2 9],66,857,858,791,840
1,<environment.Job instance at 0x14ef149f8820>,50,2,[10  2],67,858,860,791,840
1,<environment.Job instance at 0x14ef1180f410>,18,3,[7 2],21,860,863,839,858
1,<environment.Job instance at 0x14ef171057d0>,20,2,[2 7],23,882,884,859,882
1,<environment.Job instance at 0x14ef1180f140>,2,3,[2 5],4,4,7,0,4
1,<environment.Job instance at 0x14ef14b0c2d0>,6,3,[10  1],11,11,14,0,11
1,<environment.Job instance at 0x14ef14b0ce10>,7,2,[ 2 10],12,14,16,2,12
1,<environment.Job instance at 0x14ef11ee32d0>,8,3,[9 2],13,16,19,3,13
1,<environment.Job instance at 0x14ef14b0c370>,10,1,[8 2],17,19,20,2,17
1,<environment.Job instance at 0x14ef689ea640>,12,1,[9 2],20,20,21,0,20
1,<environment.Job instance at 0x14ef11ee3c30>,13,1,[10  1],21,21,22,0,21
1,<environment.Job instance at 0x14ef11c81f00>,19,14,[7 1],30,38,52,8,38
1,<environment.Job instance at 0x14ef14b443c0>,20,2,[7 1],31,52,54,21,38
1,<environment.Job instance at 0x14ef11c81d20>,21,1,[8 1],32,54,55,22,38
1,<environment.Job instance at 0x14ef24e5bd20>,22,2,[10  2],33,55,57,22,38
1,<environment.Job instance at 0x14ef11c81e60>,23,14,[9 1],34,57,71,23,42
1,<environment.Job instance at 0x14ef1293b1e0>,24,3,[9 2],35,71,74,36,45
1,<environment.Job instance at 0x14ef24176730>,28,3,[9 2],41,74,77,33,48
1,<environment.Job instance at 0x14ef241768c0>,29,3,[10  1],42,77,80,35,51
1,<environment.Job instance at 0x14ef24176320>,30,17,[1 8],48,57,74,9,51
1,<environment.Job instance at 0x14ef11a45780>,32,17,[1 6],51,80,97,29,68
1,<environment.Job instance at 0x14ef11a45f50>,36,3,[2 8],58,97,100,39,71
1,<environment.Job instance at 0x14ef18961500>,39,2,[8 2],62,80,82,18,71
1,<environment.Job instance at 0x14ef24198230>,41,28,[5 2],64,86,114,22,86
1,<environment.Job instance at 0x14ef24198aa0>,42,1,[8 2],65,114,115,49,86
1,<environment.Job instance at 0x14ef24198410>,43,2,[ 1 10],66,115,117,49,88
1,<environment.Job instance at 0x14ef24eae050>,2,3,[1 7],4,4,7,0,4
1,<environment.Job instance at 0x14ef16138e60>,3,2,[6 2],6,6,8,0,6
1,<environment.Job instance at 0x14ef11708a00>,4,3,[9 1],7,8,11,1,7
1,<environment.Job instance at 0x14ef2709a2d0>,5,14,[7 1],8,11,25,3,8
1,<environment.Job instance at 0x14ef2709a0a0>,7,14,[9 2],10,25,39,15,10
1,<environment.Job instance at 0x14ef2709a7d0>,8,1,[1 9],11,11,12,0,11
1,<environment.Job instance at 0x14ef2709ab40>,14,1,[9 2],17,39,40,22,17
1,<environment.Job instance at 0x14ef2709ae10>,15,2,[1 7],18,18,20,0,18
1,<environment.Job instance at 0x14ef2709a320>,16,26,[1 6],21,21,47,0,21
1,<environment.Job instance at 0x14ef2709a140>,19,23,[9 1],26,40,63,14,34
1,<environment.Job instance at 0x14ef2709ad20>,21,1,[5 2],28,63,64,35,46
1,<environment.Job instance at 0x14ef24e8f2d0>,22,1,[8 2],29,64,65,35,46
1,<environment.Job instance at 0x14ef24e8fc80>,23,2,[7 2],31,65,67,34,46
1,<environment.Job instance at 0x14ef24e8faf0>,24,3,[6 1],33,67,70,34,46
1,<environment.Job instance at 0x14ef24e8f910>,25,2,[10  1],34,70,72,36,46
1,<environment.Job instance at 0x14ef24e8f140>,26,1,[9 1],35,72,73,37,46
1,<environment.Job instance at 0x14ef24e8f230>,27,3,[5 1],36,73,76,37,47
1,<environment.Job instance at 0x14ef24e8f4b0>,28,3,[1 6],37,47,50,10,47
1,<environment.Job instance at 0x14ef24e8ff00>,30,20,[8 1],40,80,100,40,80
1,<environment.Job instance at 0x14ef24e8f690>,31,2,[7 1],41,100,102,59,80
1,<environment.Job instance at 0x14ef24e8f190>,32,3,[9 1],46,102,105,56,80
1,<environment.Job instance at 0x14ef24ec12d0>,34,2,[1 8],49,80,82,31,80
1,<environment.Job instance at 0x14ef24ec1690>,36,2,[9 2],53,105,107,52,80
1,<environment.Job instance at 0x14ef24ec13c0>,1,2,[5 2],3,3,5,0,3
1,<environment.Job instance at 0x14ef24ec1b90>,2,2,[7 2],4,5,7,1,4
1,<environment.Job instance at 0x14ef119fb0f0>,3,2,[5 2],6,7,9,1,6
1,<environment.Job instance at 0x14ef14e2d320>,5,1,[6 2],8,9,10,1,8
1,<environment.Job instance at 0x14ef11987d20>,8,2,[5 2],11,11,13,0,11
1,<environment.Job instance at 0x14ef161bc2d0>,9,21,[5 1],12,12,33,0,12
1,<environment.Job instance at 0x14ef14e2d370>,10,3,[2 8],13,13,16,0,13
1,<environment.Job instance at 0x14ef14d91050>,11,3,[8 2],15,33,36,18,15
1,<environment.Job instance at 0x14ef14d91320>,12,1,[ 2 10],16,36,37,20,16
1,<environment.Job instance at 0x14ef14d91280>,13,2,[1 6],17,17,19,0,17
1,<environment.Job instance at 0x14ef11818550>,14,2,[8 1],18,37,39,19,18
1,<environment.Job instance at 0x14ef118185f0>,15,1,[2 7],20,20,21,0,20
1,<environment.Job instance at 0x14ef11e9a370>,16,2,[1 8],21,22,24,1,22
1,<environment.Job instance at 0x14ef24d3e410>,18,3,[ 2 10],25,39,42,14,25
1,<environment.Job instance at 0x14ef240b2960>,21,2,[10  2],28,42,44,14,28
1,<environment.Job instance at 0x14ef15d02fa0>,22,2,[1 7],29,29,31,0,29
1,<environment.Job instance at 0x14ef14afacd0>,23,3,[2 8],30,31,34,1,30
1,<environment.Job instance at 0x14ef14afaa00>,24,2,[6 2],31,44,46,13,31
1,<environment.Job instance at 0x14ef267c30a0>,25,1,[7 1],34,46,47,12,34
1,<environment.Job instance at 0x14ef267c3050>,26,2,[5 2],35,47,49,12,35
1,<environment.Job instance at 0x14ef267c3690>,27,15,[1 9],36,49,64,13,36
1,<environment.Job instance at 0x14ef267c37d0>,28,3,[6 1],37,49,52,12,37
1,<environment.Job instance at 0x14ef267c3280>,29,2,[ 1 10],38,64,66,26,38
1,<environment.Job instance at 0x14ef267c3730>,30,1,[7 1],39,52,53,13,39
1,<environment.Job instance at 0x14ef267c3c80>,31,1,[2 6],42,44,45,2,42
1,<environment.Job instance at 0x14ef13e95e10>,32,2,[10  2],43,66,68,23,43
1,<environment.Job instance at 0x14ef15f2ae60>,33,1,[5 1],44,47,48,3,44
1,<environment.Job instance at 0x14ef13e95eb0>,34,2,[8 2],45,68,70,23,45
1,<environment.Job instance at 0x14ef14df5e60>,35,1,[6 1],46,53,54,7,46
1,<environment.Job instance at 0x14ef14b0d1e0>,36,3,[8 1],48,54,57,6,48
1,<environment.Job instance at 0x14ef240d9190>,39,17,[10  1],56,70,87,14,58
1,<environment.Job instance at 0x14ef1623be10>,44,14,[2 6],63,87,101,24,83
1,<environment.Job instance at 0x14ef1164ddc0>,46,2,[2 8],65,101,103,36,83
1,<environment.Job instance at 0x14ef11e9a5a0>,17,13,[7 1],22,745,758,723,745
1,<environment.Job instance at 0x14ef240d93c0>,40,3,[2 6],57,868,871,811,868
1,<environment.Job instance at 0x14ef148dbaa0>,2,27,[1 9],3,5,32,2,5
1,<environment.Job instance at 0x14ef240d93c0>,3,1,[9 1],4,5,6,1,5
1,<environment.Job instance at 0x14ef11672960>,6,3,[ 1 10],11,32,35,21,11
1,<environment.Job instance at 0x14ef11672c30>,7,1,[8 2],12,35,36,23,12
1,<environment.Job instance at 0x14ef116534b0>,8,18,[9 1],13,13,31,0,13
1,<environment.Job instance at 0x14ef11672780>,9,2,[8 1],15,36,38,21,15
1,<environment.Job instance at 0x14ef116532d0>,11,1,[7 1],17,31,32,14,17
1,<environment.Job instance at 0x14ef14c79c30>,13,3,[1 5],20,35,38,15,20
1,<environment.Job instance at 0x14ef11653280>,14,3,[8 2],23,38,41,15,23
1,<environment.Job instance at 0x14ef11642640>,16,3,[2 8],25,38,41,13,25
1,<environment.Job instance at 0x14ef1164f410>,22,15,[10  2],33,41,56,8,33
1,<environment.Job instance at 0x14ef15d7f640>,23,2,[5 1],35,56,58,21,35
1,<environment.Job instance at 0x14ef16239c80>,24,2,[ 2 10],36,58,60,22,36
1,<environment.Job instance at 0x14ef267b7e60>,25,3,[5 1],37,60,63,23,37
1,<environment.Job instance at 0x14ef11655500>,26,1,[1 9],39,56,57,17,39
1,<environment.Job instance at 0x14ef24e9b050>,28,2,[1 8],41,60,62,19,41
1,<environment.Job instance at 0x14ef24e9b460>,29,1,[1 9],43,57,58,14,43
1,<environment.Job instance at 0x14ef24e9b280>,30,2,[ 2 10],45,63,65,18,45
1,<environment.Job instance at 0x14ef24e99460>,31,3,[9 1],46,65,68,19,46
1,<environment.Job instance at 0x14ef24062280>,43,3,[1 9],62,65,68,3,62
1,<environment.Job instance at 0x14ef14a06eb0>,0,3,[2 9],1,1,4,0,1
1,<environment.Job instance at 0x14ef15e13d20>,5,3,[9 2],6,6,9,0,6
1,<environment.Job instance at 0x14ef24e999b0>,8,3,[2 5],9,9,12,0,9
1,<environment.Job instance at 0x14ef15e139b0>,9,2,[8 1],10,10,12,0,10
1,<environment.Job instance at 0x14ef128e3f50>,12,17,[7 2],13,13,30,0,13
1,<environment.Job instance at 0x14ef128e3af0>,13,16,[5 2],14,30,46,16,17
1,<environment.Job instance at 0x14ef14e14190>,16,3,[7 2],18,46,49,28,20
1,<environment.Job instance at 0x14ef24128190>,19,16,[5 2],23,30,46,7,23
1,<environment.Job instance at 0x14ef15e07c80>,23,3,[7 1],30,49,52,19,38
1,<environment.Job instance at 0x14ef15dca9b0>,25,15,[6 2],32,52,67,20,38
1,<environment.Job instance at 0x14ef170dfaa0>,26,3,[2 9],33,49,52,16,38
1,<environment.Job instance at 0x14ef170dfeb0>,29,16,[2 7],37,52,68,15,40
1,<environment.Job instance at 0x14ef121549b0>,34,3,[9 2],43,68,71,25,43
1,<environment.Job instance at 0x14ef148ee0a0>,41,2,[5 1],52,71,73,19,52
1,<environment.Job instance at 0x14ef148eeb40>,42,2,[8 2],53,73,75,20,53
1,<environment.Job instance at 0x14ef1897f230>,46,18,[10  2],58,75,93,17,64
1,<environment.Job instance at 0x14ef11f1f140>,52,16,[8 2],65,93,109,28,82
1,<environment.Job instance at 0x14ef27228500>,1,1,[1 6],2,2,3,0,2
1,<environment.Job instance at 0x14ef148d4690>,3,2,[5 1],4,4,6,0,4
1,<environment.Job instance at 0x14ef121ecd70>,6,3,[2 6],7,7,10,0,7
1,<environment.Job instance at 0x14ef1178ebe0>,7,3,[1 9],8,10,13,2,8
1,<environment.Job instance at 0x14ef14bf6320>,8,3,[6 1],9,9,12,0,9
1,<environment.Job instance at 0x14ef14bf6820>,10,2,[7 1],16,16,18,0,16
1,<environment.Job instance at 0x14ef14bf6500>,11,17,[8 1],17,18,35,1,17
1,<environment.Job instance at 0x14ef14bf6c30>,13,2,[2 5],19,19,21,0,19
1,<environment.Job instance at 0x14ef14bf6280>,14,3,[9 1],20,35,38,15,20
1,<environment.Job instance at 0x14ef14c45410>,18,2,[1 7],24,24,26,0,24
1,<environment.Job instance at 0x14ef14bf6f00>,19,1,[6 2],27,38,39,11,27
1,<environment.Job instance at 0x14ef11cc31e0>,20,3,[5 2],28,39,42,11,28
1,<environment.Job instance at 0x14ef14bc0fa0>,21,15,[8 1],29,42,57,13,29
1,<environment.Job instance at 0x14ef13e7f0f0>,22,3,[2 7],30,30,33,0,30
1,<environment.Job instance at 0x14ef1177edc0>,23,2,[8 2],32,57,59,25,32
1,<environment.Job instance at 0x14ef1298a050>,30,3,[2 6],45,45,48,0,45
1,<environment.Job instance at 0x14ef15d028c0>,34,3,[1 9],51,51,54,0,51
1,<environment.Job instance at 0x14ef1298a370>,35,17,[1 5],52,54,71,2,52
1,<environment.Job instance at 0x14ef1297dfa0>,36,3,[8 1],54,59,62,5,54
1,<environment.Job instance at 0x14ef1297db40>,37,1,[1 8],55,71,72,16,55
1,<environment.Job instance at 0x14ef1297d280>,39,2,[2 6],60,72,74,12,60
1,<environment.Job instance at 0x14ef1297ddc0>,40,1,[1 5],61,62,63,1,61
1,<environment.Job instance at 0x14ef11afaaa0>,41,3,[7 2],63,63,66,0,63
1,<environment.Job instance at 0x14ef1297deb0>,42,1,[2 8],64,74,75,10,64
1,<environment.Job instance at 0x14ef11ac5730>,43,18,[1 7],66,75,93,9,66
1,<environment.Job instance at 0x14ef11ac5460>,44,3,[10  1],68,93,96,25,68
1,<environment.Job instance at 0x14ef24e1d6e0>,0,3,[7 2],1,1,4,0,1
1,<environment.Job instance at 0x14ef24134500>,3,1,[1 9],5,5,6,0,5
1,<environment.Job instance at 0x14ef15cb95a0>,4,3,[6 2],6,6,9,0,6
1,<environment.Job instance at 0x14ef1215d460>,10,3,[2 5],15,27,30,12,27
1,<environment.Job instance at 0x14ef128569b0>,11,18,[5 2],17,27,45,10,27
1,<environment.Job instance at 0x14ef1895d6e0>,12,1,[1 6],18,30,31,12,27
1,<environment.Job instance at 0x14ef15cb9c30>,13,2,[2 6],20,31,33,11,27
1,<environment.Job instance at 0x14ef15cb95f0>,14,2,[6 2],21,45,47,24,27
1,<environment.Job instance at 0x14ef15cb9910>,15,3,[2 7],22,33,36,11,27
1,<environment.Job instance at 0x14ef15cdc8c0>,16,1,[10  1],26,47,48,21,27
1,<environment.Job instance at 0x14ef15cdccd0>,17,3,[10  1],27,48,51,21,27
1,<environment.Job instance at 0x14ef24190be0>,18,2,[6 1],28,51,53,23,28
1,<environment.Job instance at 0x14ef11fb5140>,19,3,[1 5],29,36,39,7,29
1,<environment.Job instance at 0x14ef267c3870>,20,2,[10  2],30,53,55,23,30
1,<environment.Job instance at 0x14ef1175e0f0>,21,1,[9 1],31,55,56,24,31
1,<environment.Job instance at 0x14ef1622a6e0>,22,1,[1 8],32,39,40,7,32
1,<environment.Job instance at 0x14ef11d82f50>,24,3,[2 7],34,40,43,6,34
1,<environment.Job instance at 0x14ef11d38140>,25,1,[7 1],35,56,57,21,35
1,<environment.Job instance at 0x14ef170ec7d0>,26,2,[7 2],36,57,59,21,36
1,<environment.Job instance at 0x14ef170ec140>,27,13,[10  1],38,59,72,21,43
1,<environment.Job instance at 0x14ef170ec370>,28,3,[2 6],39,43,46,4,43
1,<environment.Job instance at 0x14ef170ec2d0>,29,2,[8 1],40,72,74,32,45
1,<environment.Job instance at 0x14ef14ac1780>,33,3,[10  2],47,74,77,27,48
1,<environment.Job instance at 0x14ef11d0f820>,37,3,[9 1],52,77,80,25,52
1,<environment.Job instance at 0x14ef11d080a0>,41,3,[2 8],57,80,83,23,57
1,<environment.Job instance at 0x14ef640ceb90>,42,17,[10  1],58,83,100,25,71
1,<environment.Job instance at 0x14ef640cecd0>,44,1,[8 2],60,80,81,20,71
1,<environment.Job instance at 0x14ef640cedc0>,46,3,[1 9],62,77,80,15,71
1,<environment.Job instance at 0x14ef170dfdc0>,47,2,[1 7],64,72,74,8,71
1,<environment.Job instance at 0x14ef170df1e0>,48,3,[2 9],65,100,103,35,74
1,<environment.Job instance at 0x14ef170df640>,50,1,[5 1],67,81,82,14,74
1,<environment.Job instance at 0x14ef15cb9cd0>,9,24,[2 9],12,2190,2214,2178,2190
1,<environment.Job instance at 0x1528c8e3ba00>,1,3,[1 9],2,2,5,0,2
1,<environment.Job instance at 0x1528c8e3bfa0>,2,1,[2 5],3,5,6,2,3
1,<environment.Job instance at 0x152872629c30>,3,1,[6 2],4,5,6,1,4
1,<environment.Job instance at 0x152872629230>,4,2,[7 2],5,6,8,1,5
1,<environment.Job instance at 0x152872629050>,5,3,[9 2],6,8,11,2,6
1,<environment.Job instance at 0x152872629e60>,6,18,[8 1],7,11,29,4,7
1,<environment.Job instance at 0x1528726294b0>,7,1,[2 6],8,11,12,3,8
1,<environment.Job instance at 0x1528c8e3b5f0>,9,2,[6 1],11,29,31,18,11
1,<environment.Job instance at 0x152872e5a780>,11,3,[1 8],13,13,16,0,13
1,<environment.Job instance at 0x152872629550>,12,3,[1 8],14,16,19,2,14
1,<environment.Job instance at 0x152872e5b370>,13,2,[8 1],17,31,33,14,17
1,<environment.Job instance at 0x152872e5c410>,14,2,[ 1 10],18,33,35,15,18
1,<environment.Job instance at 0x152872d71b40>,16,1,[2 5],21,21,22,0,21
1,<environment.Job instance at 0x152872dac960>,17,17,[6 1],23,35,52,12,23
1,<environment.Job instance at 0x152872cb7230>,19,3,[6 2],26,52,55,26,26
1,<environment.Job instance at 0x152872d14730>,21,3,[6 1],29,55,58,26,29
1,<environment.Job instance at 0x152872d9f050>,25,2,[2 8],34,35,37,1,34
1,<environment.Job instance at 0x152872d9f9b0>,26,1,[2 7],35,37,38,2,35
1,<environment.Job instance at 0x152872d85f50>,29,16,[10  2],39,58,74,19,45
1,<environment.Job instance at 0x152872d46be0>,35,2,[1 8],45,49,51,4,49
1,<environment.Job instance at 0x152872d46c80>,36,3,[10  2],48,74,77,26,49
1,<environment.Job instance at 0x152872d46b40>,37,2,[ 1 10],50,77,79,27,50
1,<environment.Job instance at 0x152872d46a50>,38,1,[8 1],51,79,80,28,51
1,<environment.Job instance at 0x152872d51d70>,39,3,[1 5],52,52,55,0,52
1,<environment.Job instance at 0x152872d511e0>,40,3,[1 6],53,55,58,2,53
1,<environment.Job instance at 0x152872d51870>,42,1,[10  1],56,80,81,24,61
1,<environment.Job instance at 0x152872d51460>,43,3,[7 2],57,81,84,24,61
1,<environment.Job instance at 0x152872d51410>,44,3,[1 8],58,81,84,23,61
1,<environment.Job instance at 0x152872d51a50>,45,3,[2 8],60,84,87,24,61
1,<environment.Job instance at 0x152872d4e140>,46,2,[2 8],61,87,89,26,61
1,<environment.Job instance at 0x152872878fa0>,49,16,[8 2],66,84,100,18,71
1,<environment.Job instance at 0x152872d3ae60>,50,12,[9 1],68,100,112,32,83
1,<environment.Job instance at 0x152872d351e0>,56,1,[10  2],79,112,113,33,84
1,<environment.Job instance at 0x152872cf94b0>,1,1,[1 9],5,5,6,0,5
1,<environment.Job instance at 0x15287263daa0>,2,17,[8 1],6,6,23,0,6
1,<environment.Job instance at 0x15287263db40>,3,3,[1 5],7,7,10,0,7
1,<environment.Job instance at 0x152874e34820>,4,3,[9 2],8,23,26,15,8
1,<environment.Job instance at 0x152874e34f50>,5,3,[10  1],9,26,29,17,9
1,<environment.Job instance at 0x15287263dc80>,6,12,[9 1],11,29,41,18,12
1,<environment.Job instance at 0x152874e34190>,8,3,[1 9],13,13,16,0,13
1,<environment.Job instance at 0x152874e34960>,7,3,[2 9],12,16,19,4,13
1,<environment.Job instance at 0x152874dc1aa0>,13,3,[2 9],19,19,22,0,19
1,<environment.Job instance at 0x152874dc17d0>,15,2,[6 2],23,41,43,18,23
1,<environment.Job instance at 0x152874dc1870>,16,3,[6 2],26,43,46,17,26
1,<environment.Job instance at 0x152874dc1f50>,17,1,[1 6],27,29,30,2,27
1,<environment.Job instance at 0x152874ec22d0>,18,2,[2 5],28,41,43,13,28
1,<environment.Job instance at 0x152874ec2b40>,20,3,[2 9],30,46,49,16,30
1,<environment.Job instance at 0x152874ec2a00>,21,3,[7 2],31,49,52,18,31
1,<environment.Job instance at 0x152874ecc460>,23,3,[ 2 10],34,52,55,18,34
1,<environment.Job instance at 0x152874ecc5f0>,25,1,[10  1],37,55,56,18,37
1,<environment.Job instance at 0x152874ecc8c0>,26,2,[ 1 10],38,56,58,18,39
1,<environment.Job instance at 0x152874ed9af0>,28,2,[1 8],41,43,45,2,41
1,<environment.Job instance at 0x152874ed9410>,30,1,[1 5],43,45,46,2,43
1,<environment.Job instance at 0x152874ee2370>,37,3,[2 8],52,58,61,6,52
1,<environment.Job instance at 0x152874ee2870>,38,12,[9 2],54,61,73,7,54
1,<environment.Job instance at 0x152874ee2780>,39,15,[10  2],55,73,88,18,59
1,<environment.Job instance at 0x152874e1f230>,47,1,[8 2],64,88,89,24,64
1,<environment.Job instance at 0x152874e1fc30>,50,2,[ 1 10],70,89,91,19,70
1,<environment.Job instance at 0x15287500b410>,53,3,[2 5],73,103,106,30,103
1,<environment.Job instance at 0x152874e25230>,55,3,[5 2],76,103,106,27,103
1,<environment.Job instance at 0x152874e258c0>,56,15,[9 2],77,106,121,29,103
1,<environment.Job instance at 0x152874ec5190>,0,3,[9 1],3,3,6,0,3
1,<environment.Job instance at 0x152875199460>,0,2,[10  2],1,1,3,0,1
1,<environment.Job instance at 0x152872db4fa0>,1,3,[2 8],5,5,8,0,5
1,<environment.Job instance at 0x1528761ab730>,3,2,[1 6],7,8,10,1,7
1,<environment.Job instance at 0x1528761ab780>,5,1,[2 8],12,12,13,0,12
1,<environment.Job instance at 0x15287c554e60>,6,18,[10  1],16,16,34,0,16
1,<environment.Job instance at 0x1528751705f0>,7,2,[7 2],17,34,36,17,17
1,<environment.Job instance at 0x152878dc0780>,8,2,[2 5],18,34,36,16,18
1,<environment.Job instance at 0x15287ec204b0>,10,3,[8 1],22,36,39,14,22
1,<environment.Job instance at 0x152872e0a8c0>,12,2,[5 2],24,39,41,15,24
1,<environment.Job instance at 0x15287c5615a0>,14,14,[6 1],27,41,55,14,27
1,<environment.Job instance at 0x15287c5235a0>,16,16,[1 7],29,36,52,7,31
1,<environment.Job instance at 0x152875037dc0>,23,3,[1 5],39,52,55,13,39
1,<environment.Job instance at 0x152878dc4af0>,25,1,[2 8],41,55,56,14,41
1,<environment.Job instance at 0x1528c40d90a0>,26,1,[7 1],42,55,56,13,42
1,<environment.Job instance at 0x152878dcdc30>,27,18,[5 2],43,56,74,13,45
1,<environment.Job instance at 0x15287f5aad20>,29,3,[1 7],46,56,59,10,46
1,<environment.Job instance at 0x1528766dffa0>,32,1,[1 8],49,59,60,10,52
1,<environment.Job instance at 0x1528766dff00>,33,3,[1 7],50,60,63,10,52
1,<environment.Job instance at 0x1528766df7d0>,34,2,[5 2],52,63,65,11,52
1,<environment.Job instance at 0x15287d2867d0>,35,2,[1 7],54,65,67,11,54
1,<environment.Job instance at 0x15287d36f0f0>,36,2,[5 2],55,67,69,12,55
1,<environment.Job instance at 0x15287d36f190>,37,1,[1 6],57,69,70,12,57
1,<environment.Job instance at 0x15287d36f5a0>,38,12,[7 1],58,74,86,16,58
1,<environment.Job instance at 0x15287ec4ad70>,40,3,[2 7],60,70,73,10,60
1,<environment.Job instance at 0x1528c4167640>,43,3,[1 8],65,73,76,8,65
1,<environment.Job instance at 0x15287c4e89b0>,45,2,[7 2],69,86,88,17,69
1,<environment.Job instance at 0x152877567fa0>,46,3,[ 2 10],71,88,91,17,71
1,<environment.Job instance at 0x1528c40efaa0>,47,14,[8 2],72,91,105,19,76
1,<environment.Job instance at 0x1528750a9820>,52,3,[7 2],78,105,108,27,84
1,<environment.Job instance at 0x1528c8e3e5a0>,1,3,[1 9],2,2,5,0,2
1,<environment.Job instance at 0x1528751734b0>,4,3,[1 7],9,9,12,0,9
1,<environment.Job instance at 0x152875173410>,6,20,[8 2],12,13,33,1,13
1,<environment.Job instance at 0x1528751730a0>,8,3,[1 9],14,33,36,19,14
1,<environment.Job instance at 0x152875173fa0>,9,3,[1 8],18,18,21,0,18
1,<environment.Job instance at 0x15287263d960>,12,3,[5 2],23,36,39,13,23
1,<environment.Job instance at 0x152874d9c780>,14,1,[ 2 10],25,39,40,14,25
1,<environment.Job instance at 0x15287289f910>,20,2,[ 2 10],35,43,45,8,43
1,<environment.Job instance at 0x152874d5daf0>,21,15,[8 2],36,45,60,9,43
1,<environment.Job instance at 0x152874fc0eb0>,22,17,[10  1],38,60,77,22,48
1,<environment.Job instance at 0x15287f96b460>,25,3,[2 7],43,48,51,5,48
1,<environment.Job instance at 0x1528722da280>,5,3,[9 2],8,8,11,0,8
1,<environment.Job instance at 0x15287631faf0>,6,3,[6 2],11,11,14,0,11
1,<environment.Job instance at 0x15287631ff50>,7,2,[5 2],12,14,16,2,12
1,<environment.Job instance at 0x15287631f0a0>,8,3,[1 7],13,13,16,0,13
1,<environment.Job instance at 0x15287631f500>,9,2,[9 2],15,16,18,1,15
1,<environment.Job instance at 0x15287631fa00>,11,3,[1 7],18,18,21,0,18
1,<environment.Job instance at 0x15287631fb40>,14,3,[6 1],23,23,26,0,23
1,<environment.Job instance at 0x15287507f820>,16,2,[2 9],25,25,27,0,25
1,<environment.Job instance at 0x15287507fc80>,17,2,[2 5],26,27,29,1,26
1,<environment.Job instance at 0x15287507f6e0>,18,16,[2 9],27,29,45,2,27
1,<environment.Job instance at 0x15287507feb0>,19,12,[5 2],28,45,57,17,28
1,<environment.Job instance at 0x15287507f960>,20,3,[8 1],29,29,32,0,29
1,<environment.Job instance at 0x152876342780>,21,3,[8 1],33,33,36,0,33
1,<environment.Job instance at 0x152876342370>,22,1,[10  1],34,57,58,23,34
1,<environment.Job instance at 0x152876342870>,26,13,[ 2 10],42,58,71,16,42
1,<environment.Job instance at 0x152876342f00>,27,1,[2 6],43,45,46,2,43
1,<environment.Job instance at 0x152876342dc0>,29,2,[8 1],46,71,73,25,46
1,<environment.Job instance at 0x152876342d20>,30,3,[2 9],47,71,74,24,47
1,<environment.Job instance at 0x15287d180690>,37,3,[1 6],57,74,77,17,57
1,<environment.Job instance at 0x15287d180820>,38,2,[8 2],58,74,76,16,58
1,<environment.Job instance at 0x15287d180320>,39,14,[9 1],60,76,90,16,61
1,<environment.Job instance at 0x15287d180a50>,43,3,[1 9],64,77,80,13,64
1,<environment.Job instance at 0x15287507efa0>,46,15,[10  1],69,90,105,21,76
1,<environment.Job instance at 0x15287507e6e0>,50,2,[6 1],74,105,107,31,82
1,<environment.Job instance at 0x15287507e460>,51,3,[10  1],76,107,110,31,82
1,<environment.Job instance at 0x15287507e0a0>,52,3,[10  2],77,110,113,33,84
1,<environment.Job instance at 0x152872e68730>,3,3,[1 6],4,4,7,0,4
1,<environment.Job instance at 0x15287507e370>,4,16,[1 5],5,7,23,2,5
1,<environment.Job instance at 0x152872e68af0>,5,2,[ 1 10],6,23,25,17,6
1,<environment.Job instance at 0x15287511ac30>,11,3,[2 8],12,25,28,13,12
1,<environment.Job instance at 0x15287511a5a0>,19,2,[10  1],24,28,30,4,24
1,<environment.Job instance at 0x152876382b90>,20,2,[2 7],26,30,32,4,26
1,<environment.Job instance at 0x152872df3500>,21,1,[5 2],27,27,28,0,27
1,<environment.Job instance at 0x152872df3550>,22,1,[2 5],28,32,33,4,28
1,<environment.Job instance at 0x152872df3230>,23,2,[ 1 10],30,33,35,3,30
1,<environment.Job instance at 0x152872df35a0>,24,3,[2 5],31,35,38,4,31
1,<environment.Job instance at 0x152872df3eb0>,25,12,[6 1],32,35,47,3,32
1,<environment.Job instance at 0x15287227a410>,26,2,[5 2],33,47,49,14,33
1,<environment.Job instance at 0x15287227a870>,27,1,[7 1],36,49,50,13,36
1,<environment.Job instance at 0x15287227aaf0>,28,2,[7 1],37,50,52,13,37
1,<environment.Job instance at 0x15287227afa0>,30,3,[10  2],39,52,55,13,39
1,<environment.Job instance at 0x15287227a730>,32,15,[1 8],42,55,70,13,42
1,<environment.Job instance at 0x15287d276960>,33,3,[1 7],43,43,46,0,43
1,<environment.Job instance at 0x15287d19b960>,39,1,[1 7],51,71,72,20,71
1,<environment.Job instance at 0x15287d19b050>,40,3,[2 7],52,72,75,20,71
1,<environment.Job instance at 0x15287d19bf00>,41,2,[1 5],53,75,77,22,71
1,<environment.Job instance at 0x15287f5aaaf0>,43,1,[2 5],56,75,76,19,71
1,<environment.Job instance at 0x15287d19b190>,44,15,[7 1],57,76,91,19,71
1,<environment.Job instance at 0x15287f5aa870>,48,3,[1 7],63,77,80,14,71
1,<environment.Job instance at 0x152871e8d690>,49,17,[2 7],64,80,97,16,71
1,<environment.Job instance at 0x1528775702d0>,52,3,[5 1],67,91,94,24,79
1,<environment.Job instance at 0x15287c7134b0>,55,12,[9 2],70,97,109,27,80
1,<environment.Job instance at 0x152872def4b0>,59,16,[10  2],74,109,125,35,96
1,<environment.Job instance at 0x15287215ae60>,5,2,[7 1],6,6,8,0,6
1,<environment.Job instance at 0x1528742eb0f0>,6,3,[7 1],7,8,11,1,7
1,<environment.Job instance at 0x152875cfd960>,7,13,[10  1],8,11,24,3,8
1,<environment.Job instance at 0x15287c521c30>,13,3,[1 9],18,24,27,6,18
1,<environment.Job instance at 0x152872e029b0>,14,16,[10  1],19,27,43,8,19
1,<environment.Job instance at 0x152875cfd460>,15,3,[2 9],20,43,46,23,20
1,<environment.Job instance at 0x15287c521af0>,17,12,[7 1],24,43,55,19,26
1,<environment.Job instance at 0x1528738b2be0>,18,3,[10  1],27,55,58,28,29
1,<environment.Job instance at 0x152874d48140>,19,3,[6 1],29,58,61,29,32
1,<environment.Job instance at 0x152875ceb820>,20,3,[8 1],30,61,64,31,35
1,<environment.Job instance at 0x15287618ef50>,23,1,[7 1],36,64,65,28,36
1,<environment.Job instance at 0x15287d2c41e0>,26,3,[5 2],40,65,68,25,48
1,<environment.Job instance at 0x15287d2c4410>,27,12,[1 5],41,58,70,17,48
1,<environment.Job instance at 0x15287d2c42d0>,29,3,[8 1],43,68,71,25,48
1,<environment.Job instance at 0x15287d2c4870>,30,3,[2 6],46,48,51,2,48
1,<environment.Job instance at 0x1528775630a0>,32,16,[1 5],51,70,86,19,57
1,<environment.Job instance at 0x15287d2c7640>,33,1,[1 9],52,86,87,34,58
1,<environment.Job instance at 0x15287d2c7690>,34,3,[2 9],54,87,90,33,61
1,<environment.Job instance at 0x15287d2c7870>,35,1,[10  2],55,90,91,35,62
1,<environment.Job instance at 0x15287d2c7e10>,36,1,[5 2],56,71,72,15,62
1,<environment.Job instance at 0x15287d2c7d20>,38,2,[ 1 10],60,91,93,31,65
1,<environment.Job instance at 0x152875d0af50>,40,3,[10  2],63,93,96,30,67
1,<environment.Job instance at 0x1528742f6910>,41,2,[1 6],67,96,98,29,69
1,<environment.Job instance at 0x152875d0a410>,42,3,[1 9],68,98,101,30,72
1,<environment.Job instance at 0x15287d2e84b0>,44,1,[6 2],72,80,81,8,80
1,<environment.Job instance at 0x15287d2e8280>,45,3,[10  2],74,101,104,27,80
1,<environment.Job instance at 0x15287d2e8f00>,46,3,[5 1],78,81,84,3,80
1,<environment.Job instance at 0x15287d2dc190>,47,1,[2 8],79,104,105,25,80
1,<environment.Job instance at 0x152875cfd280>,11,3,[7 1],16,108,111,92,108
1,<environment.Job instance at 0x152875d08190>,1,3,[9 1],2,2,5,0,2
1,<environment.Job instance at 0x152871c64eb0>,3,2,[5 2],4,5,7,1,4
1,<environment.Job instance at 0x152871c640f0>,6,17,[2 8],7,7,24,0,7
1,<environment.Job instance at 0x152871c64190>,7,2,[6 1],9,9,11,0,9
1,<environment.Job instance at 0x1528751f84b0>,8,2,[ 1 10],10,24,26,14,10
1,<environment.Job instance at 0x1528751f8230>,9,3,[9 2],12,26,29,14,12
1,<environment.Job instance at 0x1528751f8370>,10,2,[5 1],13,13,15,0,13
1,<environment.Job instance at 0x1528751f8190>,11,17,[1 9],14,29,46,15,17
1,<environment.Job instance at 0x152871bfceb0>,16,13,[10  1],25,46,59,21,30
1,<environment.Job instance at 0x152871e62410>,23,3,[6 2],37,59,62,22,37
1,<environment.Job instance at 0x152874f2da50>,2,1,[9 1],5,5,6,0,5
1,<environment.Job instance at 0x152874e01320>,3,17,[2 8],6,9,26,3,9
1,<environment.Job instance at 0x15287d183aa0>,5,16,[8 1],10,10,26,0,10
1,<environment.Job instance at 0x15287d1837d0>,6,16,[1 6],11,26,42,15,13
1,<environment.Job instance at 0x15287d183c80>,8,3,[1 7],14,42,45,28,16
1,<environment.Job instance at 0x15287d183e60>,11,2,[7 2],18,26,28,8,18
1,<environment.Job instance at 0x15287c52d0a0>,13,3,[1 5],20,45,48,25,20
1,<environment.Job instance at 0x15287c5cd230>,17,2,[1 8],25,48,50,23,27
1,<environment.Job instance at 0x152871f30e10>,18,12,[1 7],27,50,62,23,33
1,<environment.Job instance at 0x15287754bdc0>,19,1,[ 1 10],29,62,63,33,34
1,<environment.Job instance at 0x152871dcbdc0>,22,3,[6 2],32,46,49,14,46
1,<environment.Job instance at 0x15287516e460>,23,2,[6 2],33,49,51,16,46
1,<environment.Job instance at 0x15287d1af640>,24,17,[5 2],34,63,80,29,51
1,<environment.Job instance at 0x15287c4f39b0>,25,1,[6 1],36,51,52,15,51
1,<environment.Job instance at 0x15287203f370>,27,3,[2 7],39,63,66,24,57
1,<environment.Job instance at 0x15287c5e0140>,28,1,[1 6],40,66,67,26,57
1,<environment.Job instance at 0x152876383f50>,29,3,[8 2],41,57,60,16,57
1,<environment.Job instance at 0x1528763838c0>,30,1,[1 7],42,67,68,25,57
1,<environment.Job instance at 0x152876393050>,33,16,[ 2 10],45,80,96,35,69
1,<environment.Job instance at 0x152876393eb0>,34,3,[7 1],46,96,99,50,70
1,<environment.Job instance at 0x152875137410>,38,3,[5 2],52,99,102,47,80
1,<environment.Job instance at 0x1528751a0af0>,40,1,[8 1],54,102,103,48,80
1,<environment.Job instance at 0x1528751a0820>,41,1,[1 5],56,96,97,40,80
1,<environment.Job instance at 0x152872e5c9b0>,42,1,[10  1],58,103,104,45,80
1,<environment.Job instance at 0x152872e5c640>,43,1,[5 2],59,99,100,40,80
1,<environment.Job instance at 0x152872e5cbe0>,44,17,[10  1],60,104,121,44,92
1,<environment.Job instance at 0x152872e5c550>,46,1,[10  2],63,121,122,58,93
1,<environment.Job instance at 0x152872e5caf0>,50,3,[2 7],68,122,125,54,106
1,<environment.Job instance at 0x152876701550>,51,15,[7 2],69,122,137,53,108
1,<environment.Job instance at 0x152874dc2280>,53,2,[2 9],71,137,139,66,121
1,<environment.Job instance at 0x152874dc23c0>,54,2,[1 5],72,125,127,53,121
1,<environment.Job instance at 0x152874dc2a00>,56,14,[2 6],75,139,153,64,124
1,<environment.Job instance at 0x15287506efa0>,57,1,[9 1],76,153,154,77,125
1,<environment.Job instance at 0x15287506e140>,59,2,[10  2],78,154,156,76,133
1,<environment.Job instance at 0x15287bece230>,1,2,[5 1],2,2,4,0,2
1,<environment.Job instance at 0x15287d183a50>,3,17,[9 1],6,6,23,0,6
1,<environment.Job instance at 0x15287d2f30a0>,5,1,[5 1],8,23,24,15,8
1,<environment.Job instance at 0x152874f34fa0>,7,3,[2 6],11,23,26,12,11
1,<environment.Job instance at 0x15287d2f3cd0>,8,2,[9 1],12,26,28,14,12
1,<environment.Job instance at 0x1528724504b0>,10,2,[7 2],15,24,26,9,15
1,<environment.Job instance at 0x152872450cd0>,12,3,[5 1],17,28,31,11,17
1,<environment.Job instance at 0x152872892190>,21,1,[8 2],28,162,163,134,162
1,<environment.Job instance at 0x152872892230>,22,1,[5 2],29,163,164,134,162
1,<environment.Job instance at 0x152872892780>,23,1,[7 1],30,164,165,134,162
1,<environment.Job instance at 0x152875006c80>,24,1,[1 8],31,162,163,131,162
1,<environment.Job instance at 0x1528750065a0>,25,2,[6 2],32,165,167,133,162
1,<environment.Job instance at 0x152875006780>,27,1,[6 2],35,167,168,132,162
1,<environment.Job instance at 0x1528750068c0>,28,3,[8 2],36,168,171,132,162
1,<environment.Job instance at 0x152875006910>,29,2,[ 1 10],38,171,173,133,162
1,<environment.Job instance at 0x152872d68eb0>,30,13,[10  1],39,173,186,134,162
1,<environment.Job instance at 0x152872d68b90>,31,1,[5 1],40,163,164,123,162
1,<environment.Job instance at 0x15287631c6e0>,33,2,[7 2],42,186,188,144,162
1,<environment.Job instance at 0x1528720bb1e0>,34,3,[10  1],43,188,191,145,162
1,<environment.Job instance at 0x1528725875a0>,35,3,[6 1],44,191,194,147,165
1,<environment.Job instance at 0x152872d68e10>,37,3,[2 7],46,191,194,145,178
1,<environment.Job instance at 0x152875002e10>,40,3,[5 2],49,194,197,145,178
1,<environment.Job instance at 0x1528750027d0>,41,2,[8 2],50,197,199,147,178
1,<environment.Job instance at 0x1528750029b0>,42,3,[2 8],51,194,197,143,178
1,<environment.Job instance at 0x152875002c30>,43,2,[2 5],52,186,188,134,178
1,<environment.Job instance at 0x1528720c2960>,47,3,[10  2],57,199,202,142,192
1,<environment.Job instance at 0x1528720c2e60>,48,3,[2 5],59,202,205,143,192
1,<environment.Job instance at 0x1528720c2690>,49,17,[1 7],60,205,222,145,193
1,<environment.Job instance at 0x1528720c27d0>,50,3,[7 2],61,202,205,141,193
1,<environment.Job instance at 0x1528720c2a00>,51,2,[2 9],62,222,224,160,195
1,<environment.Job instance at 0x1528720c2f00>,52,2,[2 7],63,197,199,134,195
1,<environment.Job instance at 0x1528720c2eb0>,53,18,[6 1],65,205,223,140,195
1,<environment.Job instance at 0x1528720c2230>,55,2,[10  1],67,224,226,157,207
1,<environment.Job instance at 0x152876354640>,58,16,[6 2],71,226,242,155,217
1,<environment.Job instance at 0x152876680550>,60,2,[9 1],74,242,244,168,217
1,<environment.Job instance at 0x15287632faa0>,61,19,[1 5],76,226,245,150,217
1,<environment.Job instance at 0x15287634caf0>,62,1,[8 1],77,223,224,146,217
1,<environment.Job instance at 0x15287632ff50>,63,1,[5 1],79,244,245,165,217
1,<environment.Job instance at 0x152871e35a00>,5,2,[6 1],9,14,16,5,14
1,<environment.Job instance at 0x152871e35f50>,7,15,[10  2],14,16,31,2,14
1,<environment.Job instance at 0x15287c5190f0>,8,2,[7 2],15,31,33,16,15
1,<environment.Job instance at 0x15287c6894b0>,14,14,[1 6],23,248,262,225,248
1,<environment.Job instance at 0x15287c689a50>,15,1,[1 8],24,262,263,238,248
1,<environment.Job instance at 0x15287c689820>,17,2,[10  2],27,263,265,236,248
1,<environment.Job instance at 0x15287c689190>,18,1,[6 1],30,248,249,218,248
1,<environment.Job instance at 0x15287c689b40>,20,2,[2 7],33,265,267,232,248
1,<environment.Job instance at 0x15287c689870>,21,3,[2 5],34,267,270,233,248
1,<environment.Job instance at 0x15287c689e60>,24,1,[10  1],38,270,271,232,259
1,<environment.Job instance at 0x15287c689960>,25,3,[10  1],41,271,274,230,259
1,<environment.Job instance at 0x15287c5ef280>,26,2,[ 2 10],42,274,276,232,259
1,<environment.Job instance at 0x15287c5efbe0>,27,3,[9 2],43,259,262,216,259
1,<environment.Job instance at 0x15287d2ca3c0>,31,1,[9 2],50,262,263,212,260
1,<environment.Job instance at 0x15287d2ca410>,32,1,[10  1],51,276,277,225,260
1,<environment.Job instance at 0x15287d2ca960>,35,3,[6 2],56,284,287,228,284
1,<environment.Job instance at 0x15287d2ca1e0>,37,15,[2 5],59,291,306,232,291
1,<environment.Job instance at 0x15287d2ca0a0>,38,14,[7 1],60,291,305,231,291
1,<environment.Job instance at 0x15287d2cab90>,39,2,[7 1],61,305,307,244,291
1,<environment.Job instance at 0x15287d2ca190>,40,1,[8 1],62,307,308,245,291
1,<environment.Job instance at 0x15287d2ca730>,41,2,[10  2],63,308,310,245,291
1,<environment.Job instance at 0x15287a866be0>,42,14,[9 1],64,310,324,246,295
1,<environment.Job instance at 0x15287a866d70>,43,3,[9 2],65,324,327,259,298
1,<environment.Job instance at 0x15287a866eb0>,47,3,[9 2],71,327,330,256,301
1,<environment.Job instance at 0x15287a8667d0>,48,3,[10  1],72,330,333,258,304
1,<environment.Job instance at 0x15287d183dc0>,1,3,[1 9],2,2,5,0,2
1,<environment.Job instance at 0x152871f06320>,4,3,[2 8],8,8,11,0,8
1,<environment.Job instance at 0x152872173550>,8,15,[10  1],13,13,28,0,13
1,<environment.Job instance at 0x152871f06690>,10,1,[8 2],15,28,29,13,16
1,<environment.Job instance at 0x1528752a31e0>,16,1,[7 2],22,39,40,17,39
1,<environment.Job instance at 0x1528721733c0>,18,3,[1 7],24,39,42,15,39
1,<environment.Job instance at 0x152872173b40>,19,2,[6 2],26,40,42,14,39
1,<environment.Job instance at 0x152874e1fd70>,20,3,[9 1],27,42,45,15,39
1,<environment.Job instance at 0x152875211690>,21,14,[7 1],28,45,59,17,39
1,<environment.Job instance at 0x15287510ed20>,23,14,[9 2],30,59,73,29,44
1,<environment.Job instance at 0x15287613b4b0>,24,1,[1 9],31,44,45,13,44
1,<environment.Job instance at 0x15287a85a1e0>,25,16,[1 8],32,45,61,13,44
1,<environment.Job instance at 0x152875230780>,26,1,[6 1],33,73,74,40,45
1,<environment.Job instance at 0x1528762b44b0>,27,3,[5 2],34,74,77,40,48
1,<environment.Job instance at 0x15287d1e9eb0>,29,2,[8 2],36,77,79,41,57
1,<environment.Job instance at 0x1528750d48c0>,30,1,[9 2],37,79,80,42,57
1,<environment.Job instance at 0x1528750d45a0>,31,2,[1 7],38,61,63,23,57
1,<environment.Job instance at 0x152872173d70>,13,1,[5 1],18,74,75,56,57
1,<environment.Job instance at 0x152872d85c30>,36,14,[ 1 10],47,80,94,33,70
1,<environment.Job instance at 0x152872d85730>,37,1,[5 2],48,75,76,27,70
1,<environment.Job instance at 0x152876392c80>,38,1,[8 2],49,94,95,45,70
1,<environment.Job instance at 0x152876392aa0>,39,2,[7 2],51,95,97,44,70
1,<environment.Job instance at 0x152876392460>,40,3,[6 1],53,97,100,44,71
1,<environment.Job instance at 0x152876392b40>,41,2,[10  1],54,100,102,46,73
1,<environment.Job instance at 0x152876392be0>,42,1,[9 1],55,102,103,47,74
1,<environment.Job instance at 0x152876392640>,43,3,[5 1],56,103,106,47,77
1,<environment.Job instance at 0x152876392e10>,44,3,[1 6],57,77,80,20,77
1,<environment.Job instance at 0x15287c5bf050>,47,2,[7 1],61,106,108,45,87
1,<environment.Job instance at 0x152874ff5910>,48,3,[9 1],66,108,111,42,87
1,<environment.Job instance at 0x152871bdfaf0>,49,13,[2 5],68,111,124,43,95
1,<environment.Job instance at 0x152871bdf2d0>,50,2,[1 8],69,95,97,26,95
1,<environment.Job instance at 0x152871bdfa00>,51,1,[2 6],70,97,98,27,95
1,<environment.Job instance at 0x15287f50a870>,52,2,[9 2],73,124,126,51,97
1,<environment.Job instance at 0x15287f50a820>,53,1,[ 2 10],77,126,127,49,98
1,<environment.Job instance at 0x1528752155f0>,0,3,[1 8],1,1,4,0,1
1,<environment.Job instance at 0x15287215a870>,1,1,[8 1],3,3,4,0,3
1,<environment.Job instance at 0x1528738ca820>,4,15,[ 2 10],12,13,28,1,13
1,<environment.Job instance at 0x1528738ca9b0>,6,2,[7 2],14,28,30,14,14
1,<environment.Job instance at 0x1528738caeb0>,7,2,[5 2],16,30,32,14,16
1,<environment.Job instance at 0x1528738ca960>,8,1,[ 2 10],17,32,33,15,17
1,<environment.Job instance at 0x1528738cadc0>,9,1,[6 2],18,33,34,15,18
1,<environment.Job instance at 0x1528722498c0>,14,3,[2 8],23,28,31,5,23
1,<environment.Job instance at 0x152872249190>,15,3,[8 2],25,34,37,9,25
1,<environment.Job instance at 0x152872249050>,16,1,[ 2 10],26,37,38,11,26
1,<environment.Job instance at 0x152872249500>,17,2,[1 6],27,33,35,6,27
1,<environment.Job instance at 0x1528722496e0>,18,2,[8 1],28,38,40,10,28
1,<environment.Job instance at 0x152872249dc0>,22,3,[ 2 10],35,40,43,5,35
1,<environment.Job instance at 0x15287262a500>,25,2,[10  2],38,43,45,5,38
1,<environment.Job instance at 0x15287262a5a0>,26,2,[1 7],39,45,47,6,39
1,<environment.Job instance at 0x15287262a5f0>,27,3,[2 8],40,47,50,7,40
1,<environment.Job instance at 0x15287262a4b0>,28,2,[6 2],41,45,47,4,41
1,<environment.Job instance at 0x15287262a690>,32,3,[6 1],47,47,50,0,47
1,<environment.Job instance at 0x15287262a9b0>,34,1,[7 1],49,50,51,1,49
1,<environment.Job instance at 0x1528761b71e0>,36,2,[10  2],53,53,55,0,53
1,<environment.Job instance at 0x1528761b7e60>,37,1,[5 1],54,55,56,1,54
1,<environment.Job instance at 0x1528761b7640>,39,1,[6 1],56,56,57,0,56
1,<environment.Job instance at 0x1528761b7f50>,40,3,[8 1],58,58,61,0,58
1,<environment.Job instance at 0x1528761b7780>,42,2,[8 2],63,63,65,0,63
1,<environment.Job instance at 0x1528761b7cd0>,43,17,[10  1],66,66,83,0,66
1,<environment.Job instance at 0x1528761b7f00>,44,3,[2 6],67,83,86,16,67
1,<environment.Job instance at 0x15287c5321e0>,45,2,[7 1],68,83,85,15,68
1,<environment.Job instance at 0x15287c5323c0>,51,1,[1 7],78,86,87,8,78
1,<environment.Job instance at 0x152871b66550>,2,27,[1 9],3,4,31,1,4
1,<environment.Job instance at 0x152871b66050>,4,1,[ 2 10],5,31,32,26,5
1,<environment.Job instance at 0x152871f0a370>,6,3,[ 1 10],11,32,35,21,11
1,<environment.Job instance at 0x152871e38a50>,7,1,[8 2],12,35,36,23,12
1,<environment.Job instance at 0x152875203fa0>,8,18,[9 1],13,13,31,0,13
1,<environment.Job instance at 0x152871e38f50>,9,2,[8 1],15,36,38,21,15
1,<environment.Job instance at 0x15287257b460>,14,3,[8 2],23,38,41,15,23
1,<environment.Job instance at 0x15287eea6820>,15,1,[1 7],24,35,36,11,24
1,<environment.Job instance at 0x152872df0050>,16,3,[2 8],25,36,39,11,25
1,<environment.Job instance at 0x152874db4c80>,17,2,[7 1],26,41,43,15,26
1,<environment.Job instance at 0x152871cdc050>,19,1,[1 7],30,39,40,9,30
1,<environment.Job instance at 0x152871cdce60>,20,21,[9 1],31,43,64,12,35
1,<environment.Job instance at 0x15287eea6500>,21,16,[1 6],32,40,56,8,35
1,<environment.Job instance at 0x152871cdc500>,22,15,[10  2],33,64,79,31,50
1,<environment.Job instance at 0x152871cdc0a0>,23,2,[5 1],35,79,81,44,52
1,<environment.Job instance at 0x152871cdc820>,25,3,[5 1],37,79,82,42,53
1,<environment.Job instance at 0x152871cdc140>,28,2,[1 8],41,56,58,15,53
1,<environment.Job instance at 0x1528766ae640>,29,1,[1 9],43,58,59,15,53
1,<environment.Job instance at 0x1528766ae870>,31,3,[9 1],46,82,85,36,56
1,<environment.Job instance at 0x1528766aeaa0>,34,16,[9 2],50,86,102,36,86
1,<environment.Job instance at 0x1528766ae190>,35,3,[ 2 10],51,102,105,51,86
1,<environment.Job instance at 0x152872244870>,37,1,[9 2],54,105,106,51,88
1,<environment.Job instance at 0x152872244cd0>,38,1,[2 8],55,106,107,51,88
1,<environment.Job instance at 0x152872244320>,39,1,[5 1],56,106,107,50,88
1,<environment.Job instance at 0x1528720d44b0>,40,1,[8 1],58,107,108,49,88
1,<environment.Job instance at 0x1528720d4c30>,41,1,[1 8],60,88,89,28,88
1,<environment.Job instance at 0x1528720d49b0>,42,1,[2 9],61,107,108,46,88
1,<environment.Job instance at 0x1528720d4140>,43,3,[1 9],62,108,111,46,88
1,<environment.Job instance at 0x15287d1af8c0>,45,1,[7 2],65,111,112,46,88
1,<environment.Job instance at 0x15287d1af0a0>,46,1,[10  1],66,112,113,46,88
1,<environment.Job instance at 0x1528c8d43b90>,47,3,[2 5],68,113,116,45,88
1,<environment.Job instance at 0x152876184960>,48,2,[6 2],69,113,115,44,88
1,<environment.Job instance at 0x1528761847d0>,50,3,[2 9],71,116,119,45,106
1,<environment.Job instance at 0x152876184d70>,51,1,[1 6],72,111,112,39,106
1,<environment.Job instance at 0x1528761841e0>,52,1,[10  1],73,119,120,46,106
1,<environment.Job instance at 0x152876184640>,54,1,[7 1],75,108,109,33,106
1,<environment.Job instance at 0x15287c6e2e10>,55,3,[9 2],76,120,123,44,106
1,<environment.Job instance at 0x152876184e60>,56,2,[1 8],77,120,122,43,106
1,<environment.Job instance at 0x152878df8af0>,58,3,[2 5],79,123,126,44,107
1,<environment.Job instance at 0x152874d6d0a0>,1,21,[9 2],2,2,23,0,2
1,<environment.Job instance at 0x152872d53d20>,6,3,[7 2],8,23,26,15,8
1,<environment.Job instance at 0x152872d37190>,7,17,[ 2 10],9,26,43,17,16
1,<environment.Job instance at 0x152872d37780>,12,2,[1 7],19,43,45,24,27
1,<environment.Job instance at 0x152872d37a50>,13,3,[7 1],20,43,46,23,27
1,<environment.Job instance at 0x1528738caf50>,14,1,[6 1],21,46,47,25,27
1,<environment.Job instance at 0x152872d37640>,16,3,[2 9],23,45,48,22,27
1,<environment.Job instance at 0x152872d60b90>,21,2,[1 5],30,48,50,18,47
1,<environment.Job instance at 0x152872d60f50>,23,2,[9 1],32,48,50,16,47
1,<environment.Job instance at 0x152872d60a50>,24,3,[9 2],33,50,53,17,47
1,<environment.Job instance at 0x152872d60280>,25,17,[5 2],34,53,70,19,47
1,<environment.Job instance at 0x152872d60cd0>,26,2,[2 6],36,53,55,17,47
1,<environment.Job instance at 0x152872d60870>,28,1,[2 7],38,55,56,17,47
1,<environment.Job instance at 0x152874310690>,31,2,[5 1],42,56,58,14,47
1,<environment.Job instance at 0x1528765b6a50>,36,18,[10  2],48,70,88,22,59
1,<environment.Job instance at 0x1528765cbe10>,39,3,[1 6],51,88,91,37,68
1,<environment.Job instance at 0x1528765cb230>,42,16,[8 2],55,88,104,33,75
1,<environment.Job instance at 0x1528765cba00>,43,3,[1 5],58,91,94,33,75
1,<environment.Job instance at 0x1528765cbaa0>,44,1,[10  1],59,104,105,45,76
1,<environment.Job instance at 0x15287ec67eb0>,47,1,[1 6],62,94,95,32,90
1,<environment.Job instance at 0x15287ec67e60>,48,14,[1 8],63,105,119,42,90
1,<environment.Job instance at 0x152871eea050>,49,2,[5 1],64,105,107,41,90
1,<environment.Job instance at 0x152871eea1e0>,50,2,[7 2],65,107,109,42,90
1,<environment.Job instance at 0x1528765d0e10>,51,1,[1 6],66,95,96,29,90
1,<environment.Job instance at 0x1528765d0cd0>,52,3,[2 6],67,96,99,29,90
1,<environment.Job instance at 0x1528765d0f00>,53,3,[1 9],68,119,122,51,93
1,<environment.Job instance at 0x1528765b5eb0>,54,3,[6 1],69,109,112,40,93
1,<environment.Job instance at 0x152872d85a00>,56,2,[7 1],76,112,114,36,93
1,<environment.Job instance at 0x15287756c460>,1,1,[5 1],2,2,3,0,2
1,<environment.Job instance at 0x152871f6d460>,3,2,[1 7],4,4,6,0,4
1,<environment.Job instance at 0x152871f6d1e0>,5,3,[5 2],8,8,11,0,8
1,<environment.Job instance at 0x15287a865230>,6,15,[8 1],9,11,26,2,9
1,<environment.Job instance at 0x15287f523050>,7,3,[2 7],10,10,13,0,10
1,<environment.Job instance at 0x15287241ef50>,8,2,[8 2],12,26,28,14,12
1,<environment.Job instance at 0x15287bebef50>,10,1,[5 2],19,28,29,9,19
1,<environment.Job instance at 0x152871e49820>,11,13,[7 2],20,29,42,9,21
1,<environment.Job instance at 0x15287a850be0>,12,1,[7 2],22,42,43,20,22
1,<environment.Job instance at 0x15287d23a5f0>,15,3,[2 6],25,25,28,0,25
1,<environment.Job instance at 0x15287d23ad20>,16,2,[7 1],27,43,45,16,27
1,<environment.Job instance at 0x15287233d870>,19,3,[1 9],31,43,46,12,31
1,<environment.Job instance at 0x15287233d8c0>,20,17,[1 5],32,46,63,14,34
1,<environment.Job instance at 0x15287233d960>,22,1,[1 8],35,35,36,0,35
1,<environment.Job instance at 0x152871c36370>,23,1,[10  2],39,63,64,24,39
1,<environment.Job instance at 0x1528c8dfa9b0>,24,2,[2 6],40,40,42,0,40
1,<environment.Job instance at 0x15287c5e8780>,25,1,[1 5],41,42,43,1,41
1,<environment.Job instance at 0x152872320b90>,26,3,[7 2],43,46,49,3,43
1,<environment.Job instance at 0x1528723203c0>,27,1,[2 8],44,64,65,20,44
1,<environment.Job instance at 0x152871ad8960>,31,3,[7 2],51,51,54,0,51
1,<environment.Job instance at 0x152872e684b0>,33,15,[ 2 10],54,65,80,11,54
1,<environment.Job instance at 0x152872e689b0>,34,1,[1 9],55,80,81,25,55
1,<environment.Job instance at 0x1528720eb2d0>,35,3,[6 2],56,56,59,0,56
1,<environment.Job instance at 0x1528c40f8370>,3,3,[2 7],4,4,7,0,4
1,<environment.Job instance at 0x152872343820>,4,1,[7 1],5,5,6,0,5
1,<environment.Job instance at 0x1528720e13c0>,5,2,[7 2],6,6,8,0,6
1,<environment.Job instance at 0x1528724d1640>,6,13,[10  1],8,8,21,0,8
1,<environment.Job instance at 0x15287c6eff00>,7,3,[2 6],9,21,24,12,9
1,<environment.Job instance at 0x1528725a3f00>,8,2,[8 1],10,21,23,11,10
1,<environment.Job instance at 0x152871f1e460>,9,1,[6 2],11,23,24,12,11
1,<environment.Job instance at 0x15287cf4db40>,10,1,[9 1],12,24,25,12,12
1,<environment.Job instance at 0x152871e86b40>,11,1,[2 5],14,25,26,11,14
1,<environment.Job instance at 0x15287cf4d820>,12,3,[10  2],17,26,29,9,17
1,<environment.Job instance at 0x152874e7ac30>,13,1,[2 7],18,29,30,11,18
1,<environment.Job instance at 0x152874e7aaa0>,15,1,[7 2],21,25,26,4,21
1,<environment.Job instance at 0x152872440c80>,16,3,[9 1],22,30,33,8,22
1,<environment.Job instance at 0x152874fd67d0>,18,1,[2 5],24,33,34,9,24
1,<environment.Job instance at 0x152874fd61e0>,20,3,[2 8],27,34,37,7,27
1,<environment.Job instance at 0x152874fd66e0>,21,17,[10  1],28,37,54,9,28
1,<environment.Job instance at 0x1528724c8280>,27,3,[2 9],35,54,57,19,35
1,<environment.Job instance at 0x152872887870>,31,2,[7 1],40,54,56,14,40
1,<environment.Job instance at 0x152871e7c5f0>,34,3,[1 9],46,57,60,11,46
1,<environment.Job instance at 0x152871e7cdc0>,35,2,[9 2],48,60,62,12,48
1,<environment.Job instance at 0x15287c5cc4b0>,36,3,[2 7],49,62,65,13,49
1,<environment.Job instance at 0x15287a8661e0>,39,3,[1 7],55,65,68,10,55
1,<environment.Job instance at 0x15287a866780>,40,14,[2 5],57,68,82,11,57
1,<environment.Job instance at 0x1528721559b0>,50,3,[5 1],73,73,76,0,73
1,<environment.Job instance at 0x152871a99370>,54,3,[8 1],77,79,82,2,79
1,<environment.Job instance at 0x15287d19b7d0>,55,2,[6 2],78,82,84,4,79
1,<environment.Job instance at 0x15287d19bd20>,56,3,[9 2],79,84,87,5,79
1,<environment.Job instance at 0x152871d4f690>,2,2,[2 8],10,11,13,1,11
1,<environment.Job instance at 0x152871d4fe10>,3,1,[7 1],13,13,14,0,13
1,<environment.Job instance at 0x152872243870>,5,3,[6 2],16,16,19,0,16
1,<environment.Job instance at 0x152872e150f0>,7,2,[5 1],18,19,21,1,18
1,<environment.Job instance at 0x1528724d5dc0>,8,3,[9 1],19,21,24,2,19
1,<environment.Job instance at 0x15287525e640>,9,1,[7 2],20,24,25,4,20
1,<environment.Job instance at 0x152874dc1c30>,11,3,[9 2],24,25,28,1,24
1,<environment.Job instance at 0x152878de6780>,12,2,[2 5],25,28,30,3,25
1,<environment.Job instance at 0x152871b5aaa0>,13,1,[1 9],26,30,31,4,26
1,<environment.Job instance at 0x152872535370>,14,3,[1 7],27,31,34,4,27
1,<environment.Job instance at 0x1528765edb90>,15,1,[1 8],28,34,35,6,28
1,<environment.Job instance at 0x152872221910>,16,20,[7 2],29,31,51,2,29
1,<environment.Job instance at 0x152872557550>,17,1,[1 9],30,51,52,21,30
1,<environment.Job instance at 0x152871b4ab90>,18,2,[2 6],31,35,37,4,31
1,<environment.Job instance at 0x152872d24500>,19,3,[ 2 10],32,52,55,20,32
1,<environment.Job instance at 0x152871c3ee10>,21,1,[8 1],36,51,52,15,36
1,<environment.Job instance at 0x152871b2daf0>,22,3,[1 6],37,37,40,0,37
1,<environment.Job instance at 0x152876350500>,28,1,[5 2],43,55,56,12,43
1,<environment.Job instance at 0x152871c3a460>,35,18,[10  2],59,67,85,8,67
1,<environment.Job instance at 0x152872e69e60>,37,1,[2 9],61,85,86,24,67
1,<environment.Job instance at 0x15287c585a00>,40,3,[5 1],64,85,88,21,67
1,<environment.Job instance at 0x15287c5855a0>,41,3,[1 7],65,86,89,21,67
1,<environment.Job instance at 0x15287c585af0>,42,3,[10  2],67,89,92,22,67
1,<environment.Job instance at 0x15287431ef00>,43,17,[9 2],69,92,109,23,80
1,<environment.Job instance at 0x15287d373140>,31,2,[5 1],54,142,144,88,142
1,<environment.Job instance at 0x15287f5aa050>,0,2,[7 2],1,1,3,0,1
1,<environment.Job instance at 0x152875131640>,4,3,[10  1],7,7,10,0,7
1,<environment.Job instance at 0x152875131820>,6,17,[8 1],9,10,27,1,9
1,<environment.Job instance at 0x15287f50a780>,9,2,[10  2],12,27,29,15,12
1,<environment.Job instance at 0x15287d312230>,11,1,[1 5],15,15,16,0,15
1,<environment.Job instance at 0x152872d050a0>,12,2,[1 9],16,16,18,0,16
1,<environment.Job instance at 0x15287c632f00>,13,2,[1 7],19,19,21,0,19
1,<environment.Job instance at 0x15287233e320>,14,3,[1 8],20,21,24,1,20
1,<environment.Job instance at 0x1528762cef50>,20,2,[8 1],26,29,31,3,27
1,<environment.Job instance at 0x1528762ce0f0>,21,15,[8 2],27,31,46,4,27
1,<environment.Job instance at 0x15287c5e8820>,22,1,[10  1],28,46,47,18,28
1,<environment.Job instance at 0x152871c7f370>,23,2,[8 2],30,47,49,17,30
1,<environment.Job instance at 0x152874dcd5f0>,25,3,[6 1],32,49,52,17,32
1,<environment.Job instance at 0x152874dcd140>,27,3,[2 5],34,34,37,0,34
1,<environment.Job instance at 0x152874dcdbe0>,28,3,[2 8],36,37,40,1,36
1,<environment.Job instance at 0x152874dcd2d0>,31,2,[2 5],40,259,261,219,259
1,<environment.Job instance at 0x152874dcda50>,32,3,[1 9],41,261,264,220,259
1,<environment.Job instance at 0x152874dcda00>,33,15,[9 1],42,261,276,219,259
1,<environment.Job instance at 0x152874dcdc80>,34,12,[6 1],43,276,288,233,259
1,<environment.Job instance at 0x152874dcd280>,36,3,[2 8],45,276,279,231,263
1,<environment.Job instance at 0x152874dcd690>,40,1,[2 7],50,279,280,229,263
1,<environment.Job instance at 0x152871f43550>,41,3,[8 2],51,288,291,237,263
1,<environment.Job instance at 0x1528724fdc30>,42,3,[ 2 10],52,291,294,239,265
1,<environment.Job instance at 0x152874dcd5a0>,44,1,[2 5],55,280,281,225,267
1,<environment.Job instance at 0x152874dcd4b0>,45,3,[1 8],57,267,270,210,267
1,<environment.Job instance at 0x152872892370>,46,2,[2 8],60,281,283,221,267
1,<environment.Job instance at 0x1528724e9b90>,48,15,[10  1],63,294,309,231,280
1,<environment.Job instance at 0x152876651780>,49,3,[1 8],65,283,286,218,280
1,<environment.Job instance at 0x1528724e91e0>,51,3,[8 1],67,309,312,242,292
1,<environment.Job instance at 0x1528724e9730>,52,3,[10  1],68,312,315,244,292
1,<environment.Job instance at 0x15287259e960>,53,3,[1 8],69,309,312,240,292
1,<environment.Job instance at 0x15287259ecd0>,55,2,[8 2],71,315,317,244,292
1,<environment.Job instance at 0x15287259e0a0>,56,2,[8 1],72,317,319,245,292
1,<environment.Job instance at 0x152874ddc140>,58,1,[ 2 10],75,319,320,244,294
1,<environment.Job instance at 0x152874ddc190>,59,3,[ 2 10],77,320,323,243,294
1,<environment.Job instance at 0x152872229e10>,16,2,[2 8],22,1007,1009,985,1007
1,<environment.Job instance at 0x14bcbed53a00>,1,3,[1 9],2,2,5,0,2
1,<environment.Job instance at 0x14bc6850d870>,5,3,[9 2],6,6,9,0,6
1,<environment.Job instance at 0x14bc6850d190>,7,1,[2 6],8,9,10,1,8
1,<environment.Job instance at 0x14bcbed535f0>,9,2,[6 1],11,11,13,0,11
1,<environment.Job instance at 0x14bc68bddc30>,11,3,[1 8],13,13,16,0,13
1,<environment.Job instance at 0x14bc6850d230>,12,3,[1 8],14,16,19,2,14
1,<environment.Job instance at 0x14bc68c43f50>,13,2,[8 1],17,17,19,0,17
1,<environment.Job instance at 0x14bc68bd9230>,14,2,[ 1 10],18,19,21,1,18
1,<environment.Job instance at 0x14bc68bf3dc0>,15,1,[ 1 10],20,21,22,1,20
1,<environment.Job instance at 0x14bc68d4ba00>,16,1,[2 5],21,22,23,1,21
1,<environment.Job instance at 0x14bc68d4a910>,19,3,[6 2],26,26,29,0,26
1,<environment.Job instance at 0x14bc68c90b40>,21,3,[6 1],29,29,32,0,29
1,<environment.Job instance at 0x14bc68c2a4b0>,25,2,[2 8],34,34,36,0,34
1,<environment.Job instance at 0x14bc68c2a8c0>,26,1,[2 7],35,36,37,1,35
1,<environment.Job instance at 0x14bc68c2aeb0>,27,2,[2 7],36,37,39,1,36
1,<environment.Job instance at 0x14bc68c2acd0>,28,2,[2 7],37,39,41,2,37
1,<environment.Job instance at 0x14bc68c18190>,29,16,[10  2],39,41,57,2,39
1,<environment.Job instance at 0x14bc68c18e60>,31,3,[9 2],41,57,60,16,41
1,<environment.Job instance at 0x14bc68c18780>,32,3,[2 9],42,60,63,18,42
1,<environment.Job instance at 0x14bc68c8be60>,35,2,[1 8],45,57,59,12,45
1,<environment.Job instance at 0x14bc68c8bfa0>,36,3,[10  2],48,63,66,15,48
1,<environment.Job instance at 0x14bc68c1e460>,38,1,[8 1],51,60,61,9,51
1,<environment.Job instance at 0x14bc68c1eaa0>,39,3,[1 5],52,66,69,14,52
1,<environment.Job instance at 0x14bc68cd0a50>,40,3,[1 6],53,69,72,16,53
1,<environment.Job instance at 0x14bc68c6d6e0>,42,1,[10  1],56,72,73,16,56
1,<environment.Job instance at 0x14bc68c321e0>,43,3,[7 2],57,66,69,9,57
1,<environment.Job instance at 0x14bc68c320a0>,44,3,[1 8],58,73,76,15,58
1,<environment.Job instance at 0x14bc68c83050>,45,3,[2 8],60,76,79,16,60
1,<environment.Job instance at 0x14bc68c83780>,46,2,[2 8],61,79,81,18,61
1,<environment.Job instance at 0x14bc68c350a0>,47,1,[1 6],63,81,82,18,63
1,<environment.Job instance at 0x14bc68c35960>,48,1,[2 9],65,82,83,17,65
1,<environment.Job instance at 0x14bc68c355a0>,49,16,[8 2],66,83,99,17,70
1,<environment.Job instance at 0x14bc68c3e730>,53,3,[6 1],73,73,76,0,73
1,<environment.Job instance at 0x14bc68c46c80>,56,1,[10  2],79,99,100,20,79
1,<environment.Job instance at 0x14bc68c1a410>,59,1,[1 9],85,100,101,15,85
1,<environment.Job instance at 0x14bc68c95690>,60,17,[8 1],86,100,117,14,88
1,<environment.Job instance at 0x14bc6877b5a0>,61,3,[1 5],87,88,91,1,88
1,<environment.Job instance at 0x14bc6877b910>,62,3,[9 2],88,117,120,29,91
1,<environment.Job instance at 0x14bc68781af0>,63,3,[10  1],89,120,123,31,94
1,<environment.Job instance at 0x14bc68523aa0>,0,12,[9 1],1,1,13,0,1
1,<environment.Job instance at 0x14bc68781550>,1,3,[2 9],2,13,16,11,2
1,<environment.Job instance at 0x14bc68781af0>,2,3,[1 9],3,3,6,0,3
1,<environment.Job instance at 0x14bc6ac9fcd0>,4,3,[1 9],5,6,9,1,5
1,<environment.Job instance at 0x14bc68c3b320>,7,3,[2 9],9,16,19,7,9
1,<environment.Job instance at 0x14bc6ac9f7d0>,9,2,[6 2],13,19,21,6,13
1,<environment.Job instance at 0x14bc6adb06e0>,10,3,[6 2],16,21,24,5,16
1,<environment.Job instance at 0x14bc6ada6820>,14,3,[2 9],20,24,27,4,20
1,<environment.Job instance at 0x14bc6ada63c0>,15,3,[7 2],21,27,30,6,21
1,<environment.Job instance at 0x14bc6ae1cf00>,17,3,[ 2 10],24,30,33,6,24
1,<environment.Job instance at 0x14bc6adbdb40>,19,1,[10  1],27,33,34,6,27
1,<environment.Job instance at 0x14bc6adbda00>,22,2,[1 8],31,34,36,3,31
1,<environment.Job instance at 0x14bc6adbdf00>,23,2,[2 6],32,36,38,4,32
1,<environment.Job instance at 0x14bc6adc2410>,27,1,[2 5],38,38,39,0,38
1,<environment.Job instance at 0x14bc6adc6d70>,35,16,[8 1],47,47,63,0,47
1,<environment.Job instance at 0x14bc6adc6690>,38,1,[2 8],51,51,52,0,51
1,<environment.Job instance at 0x14bc6ad7c1e0>,41,1,[8 2],54,63,64,9,54
1,<environment.Job instance at 0x14bc6ad7ce60>,42,15,[5 1],55,64,79,9,55
1,<environment.Job instance at 0x14bc6ad7cdc0>,43,18,[1 8],56,56,74,0,56
1,<environment.Job instance at 0x14bc6ad095f0>,46,3,[ 2 10],62,80,83,18,80
1,<environment.Job instance at 0x14bc6ad096e0>,47,3,[2 5],63,83,86,20,80
1,<environment.Job instance at 0x14bc6ad090a0>,49,3,[5 2],66,83,86,17,80
1,<environment.Job instance at 0x14bc6ad09fa0>,50,15,[9 2],67,86,101,19,80
1,<environment.Job instance at 0x14bc6ad09690>,52,1,[1 6],69,86,87,17,80
1,<environment.Job instance at 0x14bc6ad09460>,54,3,[9 1],73,101,104,28,80
1,<environment.Job instance at 0x14bc6ad09d20>,58,3,[7 2],78,104,107,26,97
1,<environment.Job instance at 0x14bc6ad03c30>,60,3,[1 7],81,97,100,16,97
1,<environment.Job instance at 0x14bc6ad03780>,62,27,[1 8],83,104,131,21,104
1,<environment.Job instance at 0x14bc6ace9be0>,63,3,[1 9],84,131,134,47,105
1,<environment.Job instance at 0x14bc6ace9d20>,64,2,[7 2],85,107,109,22,105
1,<environment.Job instance at 0x14bc6ace9b40>,65,12,[6 1],86,109,121,23,105
1,<environment.Job instance at 0x14bc6acafa50>,0,3,[5 1],3,3,6,0,3
1,<environment.Job instance at 0x14bc6adc65a0>,2,3,[ 2 10],6,6,9,0,6
1,<environment.Job instance at 0x14bc6c186870>,5,3,[5 2],12,12,15,0,12
1,<environment.Job instance at 0x14bc6c19c7d0>,14,13,[ 2 10],22,22,35,0,22
1,<environment.Job instance at 0x14bc6c13cc80>,17,15,[1 7],25,35,50,10,25
1,<environment.Job instance at 0x14bc6c13c140>,19,14,[10  1],29,50,64,21,35
1,<environment.Job instance at 0x14bc6acd00f0>,22,3,[8 1],32,35,38,3,35
1,<environment.Job instance at 0x14bc6c23c050>,26,3,[ 2 10],37,64,67,27,38
1,<environment.Job instance at 0x14bc6b080320>,29,17,[1 6],41,67,84,26,55
1,<environment.Job instance at 0x14bc6b080d20>,31,1,[2 6],43,84,85,41,56
1,<environment.Job instance at 0x14bc6b0804b0>,32,16,[9 1],46,67,83,21,56
1,<environment.Job instance at 0x14bc6b080870>,33,15,[9 2],50,85,100,35,71
1,<environment.Job instance at 0x14bc6af8d5f0>,36,2,[6 2],53,83,85,30,71
1,<environment.Job instance at 0x14bc6af8d910>,37,1,[9 1],55,100,101,45,72
1,<environment.Job instance at 0x14bc6af8d2d0>,38,2,[8 1],56,101,103,45,74
1,<environment.Job instance at 0x14bc6afffaa0>,41,3,[1 5],60,85,88,25,74
1,<environment.Job instance at 0x14bc6afffcd0>,42,2,[10  2],61,103,105,42,76
1,<environment.Job instance at 0x14bc6ae84eb0>,43,3,[2 8],65,105,108,40,79
1,<environment.Job instance at 0x14bc6afc5c80>,47,1,[2 8],72,101,102,29,79
1,<environment.Job instance at 0x14bc6ae8ad70>,52,3,[8 1],82,105,108,23,96
1,<environment.Job instance at 0x14bc6ae8ac80>,56,14,[6 1],87,108,122,21,96
1,<environment.Job instance at 0x14bc6ae8a410>,57,15,[2 8],88,108,123,20,96
1,<environment.Job instance at 0x14bc72590a50>,1,3,[2 7],3,3,6,0,3
1,<environment.Job instance at 0x14bc68d18640>,1,3,[2 8],2,2,5,0,2
1,<environment.Job instance at 0x14bc68cdd870>,4,3,[1 6],7,7,10,0,7
1,<environment.Job instance at 0x14bc68cddd70>,5,2,[8 2],8,8,10,0,8
1,<environment.Job instance at 0x14bc68cdd690>,6,14,[9 1],10,10,24,0,10
1,<environment.Job instance at 0x14bc68cddb90>,7,3,[10  1],11,24,27,13,11
1,<environment.Job instance at 0x14bc68cdd280>,10,3,[1 9],14,14,17,0,14
1,<environment.Job instance at 0x14bc68cddbe0>,12,2,[1 5],18,18,20,0,18
1,<environment.Job instance at 0x14bc68cdd550>,13,15,[10  1],19,27,42,8,19
1,<environment.Job instance at 0x14bc68cdd4b0>,14,1,[2 8],20,42,43,22,20
1,<environment.Job instance at 0x14bc6c033320>,18,3,[10  1],26,43,46,17,26
1,<environment.Job instance at 0x14bc6c033cd0>,19,3,[10  2],27,46,49,19,27
1,<environment.Job instance at 0x14bc6c0337d0>,23,18,[8 2],33,49,67,16,38
1,<environment.Job instance at 0x14bc6c0339b0>,28,15,[7 2],38,67,82,29,53
1,<environment.Job instance at 0x14bc730dffa0>,30,3,[6 1],40,82,85,42,56
1,<environment.Job instance at 0x14bc730df5a0>,31,2,[1 8],41,56,58,15,56
1,<environment.Job instance at 0x14bc730df370>,32,3,[2 8],42,58,61,16,56
1,<environment.Job instance at 0x14bc730dfe60>,33,2,[2 8],43,61,63,18,56
1,<environment.Job instance at 0x14bc730dfe10>,34,3,[5 2],46,85,88,39,59
1,<environment.Job instance at 0x14bc730dfdc0>,40,2,[10  1],54,88,90,34,70
1,<environment.Job instance at 0x14bc730df320>,41,2,[2 7],56,70,72,14,70
1,<environment.Job instance at 0x14bc67f96730>,42,1,[5 2],57,85,86,28,70
1,<environment.Job instance at 0x14bc67f96460>,43,1,[2 5],58,72,73,14,70
1,<environment.Job instance at 0x14bc6af86960>,44,2,[ 1 10],60,90,92,30,70
1,<environment.Job instance at 0x14bc6af867d0>,45,3,[2 5],61,73,76,12,70
1,<environment.Job instance at 0x14bc6af86af0>,46,12,[6 1],62,92,104,30,75
1,<environment.Job instance at 0x14bc6af86280>,47,2,[5 2],63,86,88,23,75
1,<environment.Job instance at 0x14bc6af86190>,48,1,[7 1],66,104,105,38,76
1,<environment.Job instance at 0x14bc6af86910>,49,2,[7 1],67,105,107,38,78
1,<environment.Job instance at 0x14bc6af864b0>,50,1,[7 2],68,107,108,39,79
1,<environment.Job instance at 0x14bc6af86c80>,51,3,[10  2],69,108,111,39,82
1,<environment.Job instance at 0x14bc6af860f0>,52,2,[5 2],70,111,113,41,84
1,<environment.Job instance at 0x14bc6af869b0>,53,15,[1 8],72,92,107,20,84
1,<environment.Job instance at 0x14bc67d57a00>,54,3,[1 7],73,111,114,38,85
1,<environment.Job instance at 0x14bc67d579b0>,57,17,[9 2],78,136,153,58,136
1,<environment.Job instance at 0x14bc67d57280>,61,3,[2 7],82,153,156,71,136
1,<environment.Job instance at 0x14bc6eca0a50>,66,1,[2 6],88,156,157,68,137
1,<environment.Job instance at 0x14bc6c0336e0>,26,2,[ 1 10],36,2048,2050,2012,2048
1,<environment.Job instance at 0x14bc730c9c80>,1,3,[1 7],3,3,6,0,3
1,<environment.Job instance at 0x14bc6805b5a0>,3,14,[1 6],5,6,20,1,6
1,<environment.Job instance at 0x14bc680c8d70>,8,12,[9 2],10,10,22,0,10
1,<environment.Job instance at 0x14bc680c86e0>,10,3,[9 2],12,22,25,10,12
1,<environment.Job instance at 0x14bc680c8c30>,12,16,[10  2],14,25,41,11,14
1,<environment.Job instance at 0x14bc6c5c1460>,20,1,[2 5],24,41,42,17,25
1,<environment.Job instance at 0x14bc9d3e3640>,22,2,[7 1],26,41,43,15,26
1,<environment.Job instance at 0x14bc6ad262d0>,23,3,[7 1],27,43,46,16,27
1,<environment.Job instance at 0x14bc6ad26a00>,24,13,[10  1],28,46,59,18,30
1,<environment.Job instance at 0x14bc72e493c0>,27,2,[10  2],32,59,61,27,32
1,<environment.Job instance at 0x14bc72e49690>,28,3,[7 1],36,61,64,25,36
1,<environment.Job instance at 0x14bc6ac1d460>,29,3,[2 8],37,42,45,5,37
1,<environment.Job instance at 0x14bc6ac1d0f0>,30,3,[1 9],38,61,64,23,38
1,<environment.Job instance at 0x14bc6ac1d780>,31,16,[10  1],39,64,80,25,51
1,<environment.Job instance at 0x14bc6ac1d190>,32,3,[2 9],40,80,83,40,54
1,<environment.Job instance at 0x14bc6aeeb5f0>,35,3,[10  1],47,83,86,36,57
1,<environment.Job instance at 0x14bc6aeebe60>,36,3,[6 1],49,80,83,31,57
1,<environment.Job instance at 0x14bc6aeebe10>,37,3,[8 1],50,86,89,36,60
1,<environment.Job instance at 0x14bc6aeebeb0>,40,1,[7 1],56,89,90,33,68
1,<environment.Job instance at 0x14bc6aeeba00>,41,2,[5 1],57,90,92,33,68
1,<environment.Job instance at 0x14bc6c1e0cd0>,42,14,[2 5],58,86,100,28,71
1,<environment.Job instance at 0x14bc6c1e0a50>,43,3,[5 2],60,92,95,32,71
1,<environment.Job instance at 0x14bc6c09b7d0>,44,12,[1 5],61,95,107,34,78
1,<environment.Job instance at 0x14bc6b002960>,46,3,[8 1],63,100,103,37,82
1,<environment.Job instance at 0x14bc67fa5550>,47,3,[2 6],66,107,110,41,82
1,<environment.Job instance at 0x14bc67fa5500>,49,16,[1 5],71,110,126,39,97
1,<environment.Job instance at 0x14bc6afc9320>,55,2,[ 1 10],80,126,128,46,100
1,<environment.Job instance at 0x14bc6aea74b0>,57,3,[10  2],83,128,131,45,106
1,<environment.Job instance at 0x14bc6aea73c0>,58,2,[1 6],87,131,133,44,106
1,<environment.Job instance at 0x14bc67ea4550>,59,3,[1 9],88,133,136,45,107
1,<environment.Job instance at 0x14bc6c5c11e0>,1,1,[6 2],2,3,4,1,3
1,<environment.Job instance at 0x14bc67cfeaa0>,2,3,[10  2],4,4,7,0,4
1,<environment.Job instance at 0x14bc67e5bc30>,3,3,[5 1],8,8,11,0,8
1,<environment.Job instance at 0x14bc67d06460>,7,3,[9 1],12,12,15,0,12
1,<environment.Job instance at 0x14bc67ce0f50>,15,3,[9 2],22,22,25,0,22
1,<environment.Job instance at 0x14bc67ce0b90>,17,17,[1 9],24,25,42,1,24
1,<environment.Job instance at 0x14bc7259d320>,18,3,[9 2],25,42,45,17,25
1,<environment.Job instance at 0x14bc6c277fa0>,19,2,[2 9],27,45,47,18,27
1,<environment.Job instance at 0x14bc6b036b90>,22,13,[10  1],35,47,60,12,35
1,<environment.Job instance at 0x14bc67cec0f0>,26,15,[2 7],40,60,75,20,48
1,<environment.Job instance at 0x14bc68448780>,29,3,[6 2],47,60,63,13,48
1,<environment.Job instance at 0x14bc684485a0>,30,1,[8 1],49,63,64,14,49
1,<environment.Job instance at 0x14bc68448500>,31,3,[1 9],51,75,78,24,51
1,<environment.Job instance at 0x14bc68448820>,32,1,[2 9],54,78,79,24,54
1,<environment.Job instance at 0x14bc68461460>,34,12,[7 1],56,64,76,8,56
1,<environment.Job instance at 0x14bc6bbf1c30>,2,1,[9 1],5,5,6,0,5
1,<environment.Job instance at 0x14bc6ac300f0>,3,17,[2 8],6,10,27,4,10
1,<environment.Job instance at 0x14bcbec630a0>,6,16,[1 6],11,27,43,16,14
1,<environment.Job instance at 0x14bc9d860870>,9,14,[9 2],16,27,41,11,16
1,<environment.Job instance at 0x14bc6c0c0aa0>,10,1,[10  2],17,43,44,26,17
1,<environment.Job instance at 0x14bc9cb3aaa0>,15,3,[9 2],23,44,47,21,26
1,<environment.Job instance at 0x14bc9cb3a3c0>,16,13,[1 9],24,47,60,23,31
1,<environment.Job instance at 0x14bc9cb3abe0>,18,12,[1 7],27,60,72,33,43
1,<environment.Job instance at 0x14bc680d6b90>,22,3,[6 2],32,60,63,28,55
1,<environment.Job instance at 0x14bc680d6690>,23,2,[6 2],33,63,65,30,55
1,<environment.Job instance at 0x14bc680f6190>,24,17,[5 2],34,65,82,31,55
1,<environment.Job instance at 0x14bc6b057a50>,25,1,[6 1],36,55,56,19,55
1,<environment.Job instance at 0x14bc6c1f0e60>,27,3,[2 7],39,72,75,33,62
1,<environment.Job instance at 0x14bc6c1f0fa0>,29,3,[8 2],41,82,85,41,62
1,<environment.Job instance at 0x14bc7311c370>,34,3,[7 1],46,85,88,39,69
1,<environment.Job instance at 0x14bc7311c550>,35,14,[8 2],47,88,102,41,73
1,<environment.Job instance at 0x14bc73179dc0>,37,2,[7 2],50,102,104,52,75
1,<environment.Job instance at 0x14bc7311c7d0>,38,3,[5 2],52,75,78,23,75
1,<environment.Job instance at 0x14bc682015a0>,39,13,[2 8],53,78,91,25,75
1,<environment.Job instance at 0x14bc6801b370>,41,1,[1 5],56,91,92,35,75
1,<environment.Job instance at 0x14bc6801b2d0>,42,1,[10  1],58,104,105,46,76
1,<environment.Job instance at 0x14bc6801b640>,44,17,[10  1],60,105,122,45,93
1,<environment.Job instance at 0x14bc6c0ca780>,49,15,[5 2],66,122,137,56,108
1,<environment.Job instance at 0x14bc6c0ca050>,50,3,[2 7],68,122,125,54,108
1,<environment.Job instance at 0x14bc6c1de0f0>,52,15,[6 1],70,137,152,67,123
1,<environment.Job instance at 0x14bc6c1de410>,53,2,[2 9],71,137,139,66,123
1,<environment.Job instance at 0x14bc6c1dee60>,54,2,[1 5],72,125,127,53,123
1,<environment.Job instance at 0x14bc6c1de050>,55,16,[1 8],73,139,155,66,126
1,<environment.Job instance at 0x14bc67ead5f0>,57,1,[9 1],76,152,153,76,131
1,<environment.Job instance at 0x14bc67ead460>,59,2,[10  2],78,155,157,77,133
1,<environment.Job instance at 0x14bc6c20e370>,60,15,[9 2],80,157,172,77,143
1,<environment.Job instance at 0x14bc73161190>,61,2,[5 2],81,153,155,72,143
1,<environment.Job instance at 0x14bc6c0ee4b0>,65,1,[6 2],87,172,173,85,151
1,<environment.Job instance at 0x14bc6b086aa0>,0,3,[2 6],1,1,4,0,1
1,<environment.Job instance at 0x14bc67a5fa00>,1,2,[9 1],2,4,6,2,2
1,<environment.Job instance at 0x14bc68369230>,3,2,[7 2],5,6,8,1,5
1,<environment.Job instance at 0x14bc67fa5280>,4,2,[9 2],6,8,10,2,6
1,<environment.Job instance at 0x14bc67d58050>,5,3,[5 1],7,10,13,3,7
1,<environment.Job instance at 0x14bc68ca52d0>,14,1,[8 2],18,178,179,160,178
1,<environment.Job instance at 0x14bc67b59550>,15,1,[5 2],19,179,180,160,178
1,<environment.Job instance at 0x14bc67b594b0>,16,1,[7 1],20,180,181,160,178
1,<environment.Job instance at 0x14bc67f96280>,17,1,[1 8],21,178,179,157,178
1,<environment.Job instance at 0x14bc67cc7aa0>,18,2,[6 2],22,181,183,159,178
1,<environment.Job instance at 0x14bc67f96b90>,20,1,[6 2],25,183,184,158,178
1,<environment.Job instance at 0x14bc67dc44b0>,21,3,[8 2],26,184,187,158,178
1,<environment.Job instance at 0x14bc67dc4820>,22,2,[ 1 10],28,187,189,159,178
1,<environment.Job instance at 0x14bc6c198dc0>,23,13,[10  1],29,189,202,160,178
1,<environment.Job instance at 0x14bc67a6daa0>,24,1,[5 1],30,179,180,149,178
1,<environment.Job instance at 0x14bc6b0eb9b0>,26,2,[7 2],32,202,204,170,178
1,<environment.Job instance at 0x14bc731474b0>,27,3,[10  1],33,204,207,171,178
1,<environment.Job instance at 0x14bc6b0eb320>,28,3,[6 1],34,207,210,173,181
1,<environment.Job instance at 0x14bc6ecb8230>,30,3,[2 7],36,207,210,171,197
1,<environment.Job instance at 0x14bc6ecb8e10>,33,3,[5 2],39,210,213,171,197
1,<environment.Job instance at 0x14bc6ecb8280>,34,2,[8 2],40,213,215,173,197
1,<environment.Job instance at 0x14bc6ecb8460>,35,3,[2 8],41,210,213,169,197
1,<environment.Job instance at 0x14bc6c279780>,39,15,[ 2 10],46,215,230,169,201
1,<environment.Job instance at 0x14bc6c279e60>,40,3,[10  2],47,230,233,183,204
1,<environment.Job instance at 0x14bc6c279140>,41,3,[2 5],49,233,236,184,207
1,<environment.Job instance at 0x14bc6c279aa0>,43,3,[7 2],51,233,236,182,211
1,<environment.Job instance at 0x14bc6c0caeb0>,44,2,[2 9],52,236,238,184,211
1,<environment.Job instance at 0x14bc6c0ca050>,45,2,[2 7],53,213,215,160,211
1,<environment.Job instance at 0x14bc73154a00>,48,2,[10  1],57,238,240,181,225
1,<environment.Job instance at 0x14bc68caa460>,51,16,[6 2],61,240,256,179,227
1,<environment.Job instance at 0x14bc68caae10>,52,1,[6 1],62,236,237,174,227
1,<environment.Job instance at 0x14bc6ac70500>,53,2,[9 1],64,256,258,192,229
1,<environment.Job instance at 0x14bc6ac70af0>,54,19,[1 5],66,240,259,174,230
1,<environment.Job instance at 0x14bc6b156730>,56,1,[5 1],69,237,238,168,230
1,<environment.Job instance at 0x14bc6b156960>,57,2,[7 2],70,258,260,188,231
1,<environment.Job instance at 0x14bc6ae52dc0>,59,3,[1 8],73,259,262,186,247
1,<environment.Job instance at 0x14bc6ae52be0>,65,15,[10  2],84,262,277,178,248
1,<environment.Job instance at 0x14bc68d1b690>,5,2,[10  2],7,28,30,21,28
1,<environment.Job instance at 0x14bc68d1b640>,6,1,[6 1],10,30,31,20,28
1,<environment.Job instance at 0x14bc68d1b190>,7,1,[7 2],12,31,32,19,28
1,<environment.Job instance at 0x14bc7241ee60>,8,2,[2 7],13,30,32,17,28
1,<environment.Job instance at 0x14bc7241e3c0>,9,3,[2 5],14,32,35,18,28
1,<environment.Job instance at 0x14bc7241ed70>,12,1,[10  1],18,39,40,21,39
1,<environment.Job instance at 0x14bc7241e2d0>,13,3,[10  1],21,40,43,19,39
1,<environment.Job instance at 0x14bc7241e910>,14,2,[ 2 10],22,43,45,21,39
1,<environment.Job instance at 0x14bc7241ef50>,15,3,[9 2],23,45,48,22,39
1,<environment.Job instance at 0x14bc7241e320>,16,1,[1 9],24,48,49,24,39
1,<environment.Job instance at 0x14bc67b49910>,17,1,[8 2],27,49,50,22,39
1,<environment.Job instance at 0x14bc6c5c30a0>,19,1,[9 2],30,50,51,20,39
1,<environment.Job instance at 0x14bc6c5432d0>,20,1,[10  1],31,51,52,20,39
1,<environment.Job instance at 0x14bc6c543af0>,22,13,[7 2],34,62,75,28,62
1,<environment.Job instance at 0x14bc68d28be0>,23,3,[6 2],36,75,78,39,62
1,<environment.Job instance at 0x14bc68207c80>,25,15,[2 5],39,85,100,46,85
1,<environment.Job instance at 0x14bc724f3460>,27,2,[7 1],41,85,87,44,85
1,<environment.Job instance at 0x14bc6ae91730>,28,1,[8 1],42,87,88,45,85
1,<environment.Job instance at 0x14bc6ae911e0>,29,2,[10  2],43,100,102,57,85
1,<environment.Job instance at 0x14bc6ae91e60>,30,14,[9 1],44,102,116,58,87
1,<environment.Job instance at 0x14bc68d417d0>,31,3,[9 2],45,116,119,71,90
1,<environment.Job instance at 0x14bc73117f50>,35,3,[9 2],51,119,122,68,93
1,<environment.Job instance at 0x14bc73117460>,36,3,[10  1],52,122,125,70,96
1,<environment.Job instance at 0x14bc682f7b40>,39,17,[1 6],61,102,119,41,97
1,<environment.Job instance at 0x14bc7244dfa0>,43,3,[2 8],68,125,128,57,99
1,<environment.Job instance at 0x14bc67d61e10>,44,1,[1 8],70,119,120,49,99
1,<environment.Job instance at 0x14bc9cd71870>,46,2,[8 2],72,125,127,53,100
1,<environment.Job instance at 0x14bc724693c0>,47,15,[10  1],73,128,143,55,114
1,<environment.Job instance at 0x14bc72469b40>,49,1,[8 2],75,127,128,52,114
1,<environment.Job instance at 0x14bc724699b0>,50,2,[ 1 10],76,143,145,67,116
1,<environment.Job instance at 0x14bc72469820>,52,1,[5 1],78,145,146,67,144
1,<environment.Job instance at 0x14bc72469870>,54,1,[8 1],80,146,147,66,144
1,<environment.Job instance at 0x14bc72469230>,56,12,[6 2],83,147,159,64,144
1,<environment.Job instance at 0x14bc72469d20>,57,3,[1 7],84,145,148,61,144
1,<environment.Job instance at 0x14bc6af3e6e0>,58,2,[6 2],86,159,161,73,144
1,<environment.Job instance at 0x14bc7244c4b0>,59,3,[9 1],87,161,164,74,144
1,<environment.Job instance at 0x14bc7253e320>,2,1,[6 1],3,3,4,0,3
1,<environment.Job instance at 0x14bc7253e410>,3,3,[5 2],4,4,7,0,4
1,<environment.Job instance at 0x14bc6af2ca50>,4,16,[7 1],5,7,23,2,5
1,<environment.Job instance at 0x14bc6a1f8eb0>,5,2,[8 2],6,23,25,17,6
1,<environment.Job instance at 0x14bc6a1f83c0>,6,1,[9 2],7,25,26,18,7
1,<environment.Job instance at 0x14bc67a51e60>,8,26,[1 6],11,11,37,0,11
1,<environment.Job instance at 0x14bc6a1f86e0>,13,1,[5 2],18,26,27,8,18
1,<environment.Job instance at 0x14bc682f4a00>,14,1,[8 2],19,27,28,8,19
1,<environment.Job instance at 0x14bc682f4460>,15,2,[7 2],21,28,30,7,21
1,<environment.Job instance at 0x14bc6c5e53c0>,16,3,[6 1],23,30,33,7,23
1,<environment.Job instance at 0x14bc6c5e5910>,17,2,[10  1],24,37,39,13,24
1,<environment.Job instance at 0x14bc6c5e56e0>,18,1,[9 1],25,33,34,8,25
1,<environment.Job instance at 0x14bc6c5e5780>,19,3,[5 1],26,34,37,8,26
1,<environment.Job instance at 0x14bc6c582820>,20,3,[1 6],27,39,42,12,27
1,<environment.Job instance at 0x14bc6c582140>,24,3,[9 1],36,39,42,3,36
1,<environment.Job instance at 0x14bc6ac78dc0>,26,2,[1 8],39,42,44,3,39
1,<environment.Job instance at 0x14bc67e49d20>,27,1,[2 6],40,44,45,4,40
1,<environment.Job instance at 0x14bc6c549370>,34,16,[9 1],54,59,75,5,59
1,<environment.Job instance at 0x14bc684931e0>,35,12,[7 2],56,75,87,19,59
1,<environment.Job instance at 0x14bc72490370>,38,2,[7 2],64,87,89,23,64
1,<environment.Job instance at 0x14bc67decd20>,46,3,[2 8],73,75,78,2,73
1,<environment.Job instance at 0x14bc6aeef8c0>,47,3,[8 2],75,89,92,14,75
1,<environment.Job instance at 0x14bc6aeefe10>,48,1,[ 2 10],76,92,93,16,76
1,<environment.Job instance at 0x14bc68344550>,49,2,[1 6],77,78,80,1,77
1,<environment.Job instance at 0x14bc71dbe280>,50,2,[8 1],78,93,95,15,78
1,<environment.Job instance at 0x14bc6c50e500>,53,13,[7 1],82,95,108,13,82
1,<environment.Job instance at 0x14bc71dbedc0>,54,3,[ 2 10],85,108,111,23,85
1,<environment.Job instance at 0x14bc72595dc0>,57,2,[10  2],88,111,113,23,88
1,<environment.Job instance at 0x14bc724a2e60>,58,2,[1 7],89,89,91,0,89
1,<environment.Job instance at 0x14bc67e49370>,33,1,[8 1],53,450,451,397,450
1,<environment.Job instance at 0x14bc679c5550>,0,2,[6 2],1,1,3,0,1
1,<environment.Job instance at 0x14bc6c1c1f50>,4,3,[6 1],7,7,10,0,7
1,<environment.Job instance at 0x14bc681beeb0>,5,2,[ 1 10],8,10,12,2,8
1,<environment.Job instance at 0x14bc681be140>,8,2,[10  2],13,13,15,0,13
1,<environment.Job instance at 0x14bc6845c370>,9,1,[5 1],14,15,16,1,15
1,<environment.Job instance at 0x14bc6c078fa0>,11,1,[6 1],16,16,17,0,16
1,<environment.Job instance at 0x14bc6c078b40>,12,3,[8 1],18,18,21,0,18
1,<environment.Job instance at 0x14bc6ac7f780>,15,17,[10  1],26,26,43,0,26
1,<environment.Job instance at 0x14bc724b5460>,16,3,[2 6],27,43,46,16,27
1,<environment.Job instance at 0x14bc73159320>,17,2,[7 1],28,43,45,15,28
1,<environment.Job instance at 0x14bc6845cb90>,10,2,[8 2],15,45,47,30,28
1,<environment.Job instance at 0x14bc6c2349b0>,25,12,[2 8],41,49,61,8,49
1,<environment.Job instance at 0x14bc73180dc0>,27,27,[1 9],43,61,88,18,59
1,<environment.Job instance at 0x14bc6c079eb0>,28,1,[9 1],44,61,62,17,59
1,<environment.Job instance at 0x14bc6c079460>,29,1,[ 2 10],45,88,89,43,60
1,<environment.Job instance at 0x14bc9d4a2d70>,31,3,[ 1 10],51,89,92,38,68
1,<environment.Job instance at 0x14bc6c0eaa50>,32,1,[8 2],52,92,93,40,68
1,<environment.Job instance at 0x14bc9d4a2e10>,33,18,[9 1],53,68,86,15,68
1,<environment.Job instance at 0x14bc9d4a20f0>,34,2,[8 1],55,86,88,31,68
1,<environment.Job instance at 0x14bc9d4a2eb0>,35,13,[8 2],56,93,106,37,77
1,<environment.Job instance at 0x14bc6ac25500>,41,3,[2 8],65,92,95,27,79
1,<environment.Job instance at 0x14bc6ac255f0>,42,2,[7 1],66,106,108,40,79
1,<environment.Job instance at 0x14bc6c0f0a50>,44,1,[1 7],70,95,96,25,79
1,<environment.Job instance at 0x14bc6ac25910>,46,16,[1 6],72,96,112,24,85
1,<environment.Job instance at 0x14bc6c570af0>,47,15,[10  2],73,112,127,39,98
1,<environment.Job instance at 0x14bc6ac25140>,48,2,[5 1],75,108,110,33,98
1,<environment.Job instance at 0x14bc6c226320>,50,3,[5 1],77,127,130,50,101
1,<environment.Job instance at 0x14bc6aea7230>,56,3,[9 1],86,130,133,44,104
1,<environment.Job instance at 0x14bc6799d690>,0,3,[ 2 10],1,1,4,0,1
1,<environment.Job instance at 0x14bc71d968c0>,2,1,[9 2],4,4,5,0,4
1,<environment.Job instance at 0x14bc6799d0f0>,4,1,[5 1],6,6,7,0,6
1,<environment.Job instance at 0x14bc680eda00>,5,1,[8 1],8,8,9,0,8
1,<environment.Job instance at 0x14bc731c7690>,8,3,[1 9],12,12,15,0,12
1,<environment.Job instance at 0x14bc9dfc20a0>,10,1,[7 2],15,15,16,0,15
1,<environment.Job instance at 0x14bc7312db40>,11,1,[10  1],16,16,17,0,16
1,<environment.Job instance at 0x14bc7312d190>,12,3,[2 5],18,18,21,0,18
1,<environment.Job instance at 0x14bc731c7550>,13,2,[6 2],19,19,21,0,19
1,<environment.Job instance at 0x14bc680ad3c0>,16,1,[1 6],22,22,23,0,22
1,<environment.Job instance at 0x14bc68ca5320>,17,1,[10  1],23,23,24,0,23
1,<environment.Job instance at 0x14bc67f4f5a0>,18,17,[5 1],24,24,41,0,24
1,<environment.Job instance at 0x14bc71d824b0>,19,1,[7 1],25,41,42,16,25
1,<environment.Job instance at 0x14bc6809f410>,20,3,[9 2],26,42,45,16,26
1,<environment.Job instance at 0x14bc68caa820>,23,3,[2 5],29,29,32,0,29
1,<environment.Job instance at 0x14bc68caafa0>,24,2,[8 1],30,45,47,15,30
1,<environment.Job instance at 0x14bc68c28b40>,27,17,[7 2],33,47,64,14,35
1,<environment.Job instance at 0x14bc68c28050>,31,3,[7 2],38,64,67,26,38
1,<environment.Job instance at 0x14bc68c28c80>,33,1,[1 8],42,51,52,9,51
1,<environment.Job instance at 0x14bc68c285f0>,34,16,[5 2],43,67,83,24,54
1,<environment.Job instance at 0x14bc68c28aa0>,35,1,[6 1],45,83,84,38,55
1,<environment.Job instance at 0x14bc6c279730>,37,2,[1 7],49,58,60,9,58
1,<environment.Job instance at 0x14bc6c2795a0>,38,3,[7 1],50,84,87,34,58
1,<environment.Job instance at 0x14bc6af10dc0>,41,3,[2 9],53,83,86,30,66
1,<environment.Job instance at 0x14bc6af10550>,42,17,[1 8],55,66,83,11,66
1,<environment.Job instance at 0x14bc6af10050>,44,16,[2 7],57,86,102,29,79
1,<environment.Job instance at 0x14bc67d9e2d0>,47,1,[1 5],61,102,103,41,79
1,<environment.Job instance at 0x14bc67d9eeb0>,48,2,[9 1],62,102,104,40,79
1,<environment.Job instance at 0x14bc67d9ecd0>,49,3,[9 2],63,104,107,41,79
1,<environment.Job instance at 0x14bc6823da50>,51,2,[2 6],66,107,109,41,83
1,<environment.Job instance at 0x14bc680cd780>,56,2,[5 1],72,87,89,15,83
1,<environment.Job instance at 0x14bc72469870>,57,2,[8 2],73,89,91,16,83
1,<environment.Job instance at 0x14bc6c186190>,61,18,[10  2],78,109,127,31,102
1,<environment.Job instance at 0x14bc70742820>,63,15,[2 5],80,127,142,47,113
1,<environment.Job instance at 0x14bc70742c30>,64,3,[1 6],81,142,145,61,116
1,<environment.Job instance at 0x14bc6a1f2870>,67,16,[8 2],85,127,143,42,116
1,<environment.Job instance at 0x14bc6a1f29b0>,68,3,[1 5],88,145,148,57,119
1,<environment.Job instance at 0x14bc6a1f2e10>,69,1,[10  1],89,148,149,59,120
1,<environment.Job instance at 0x14bc68c28fa0>,28,16,[5 2],34,1071,1087,1037,1071
1,<environment.Job instance at 0x14bc6ecc34b0>,1,1,[1 6],2,2,3,0,2
1,<environment.Job instance at 0x14bc731b5c80>,3,2,[5 1],4,4,6,0,4
1,<environment.Job instance at 0x14bc731b5a00>,4,2,[7 2],5,6,8,1,5
1,<environment.Job instance at 0x14bc731b5190>,6,3,[2 6],7,7,10,0,7
1,<environment.Job instance at 0x14bc683b8af0>,7,3,[1 9],8,10,13,2,8
1,<environment.Job instance at 0x14bc683b85f0>,8,3,[6 1],9,9,12,0,9
1,<environment.Job instance at 0x14bc683b81e0>,10,2,[7 1],16,16,18,0,16
1,<environment.Job instance at 0x14bc683b8a00>,11,17,[8 1],17,18,35,1,17
1,<environment.Job instance at 0x14bc683b8d20>,14,3,[9 1],20,35,38,15,20
1,<environment.Job instance at 0x14bc7308daa0>,18,2,[1 7],24,24,26,0,24
1,<environment.Job instance at 0x14bc7308dbe0>,19,1,[6 2],27,38,39,11,28
1,<environment.Job instance at 0x14bc7308daf0>,21,15,[8 1],29,39,54,10,29
1,<environment.Job instance at 0x14bc7308db90>,22,3,[2 7],30,30,33,0,30
1,<environment.Job instance at 0x14bc7308de60>,23,2,[8 2],32,54,56,22,32
1,<environment.Job instance at 0x14bc7308d190>,25,1,[5 2],39,56,57,17,39
1,<environment.Job instance at 0x14bc7308d3c0>,26,13,[7 2],40,57,70,17,43
1,<environment.Job instance at 0x14bc7308d5a0>,30,3,[2 6],45,45,48,0,45
1,<environment.Job instance at 0x14bc6ad6c370>,34,3,[1 9],51,51,54,0,51
1,<environment.Job instance at 0x14bc6ad6c410>,35,17,[1 5],52,54,71,2,52
1,<environment.Job instance at 0x14bc6ad6caa0>,36,3,[8 1],54,70,73,16,54
1,<environment.Job instance at 0x14bc6ad6c910>,37,1,[1 8],55,71,72,16,55
1,<environment.Job instance at 0x14bc6ad6c640>,38,1,[10  2],59,73,74,14,59
1,<environment.Job instance at 0x14bc6ad6cdc0>,39,2,[2 6],60,74,76,14,60
1,<environment.Job instance at 0x14bc6ad6c0f0>,40,1,[1 5],61,72,73,11,61
1,<environment.Job instance at 0x14bc6ad6c2d0>,41,3,[7 2],63,74,77,11,63
1,<environment.Job instance at 0x14bc6c495c30>,42,1,[2 8],64,76,77,12,64
1,<environment.Job instance at 0x14bc6c495500>,43,18,[1 7],66,77,95,11,66
1,<environment.Job instance at 0x14bc6c495eb0>,44,3,[10  1],68,95,98,27,69
1,<environment.Job instance at 0x14bc6c495960>,46,3,[7 2],71,77,80,6,71
1,<environment.Job instance at 0x14bc6c4959b0>,49,1,[1 9],75,98,99,23,75
1,<environment.Job instance at 0x14bc6c495550>,50,3,[6 2],76,80,83,4,76
1,<environment.Job instance at 0x14bc7308d5f0>,20,3,[5 2],28,1473,1476,1445,1473
1,<environment.Job instance at 0x14bc6c495730>,54,2,[2 8],81,2884,2886,2803,2884
1,<environment.Job instance at 0x14bc6c495f50>,56,3,[2 5],85,2886,2889,2801,2884
1,<environment.Job instance at 0x14bc681359b0>,57,18,[5 2],87,2886,2904,2799,2886
1,<environment.Job instance at 0x14bc68135af0>,58,1,[1 6],88,2889,2890,2801,2886
1,<environment.Job instance at 0x14bc68763780>,1,3,[2 7],2,2,5,0,2
1,<environment.Job instance at 0x14bc68763e60>,3,3,[10  1],7,7,10,0,7
1,<environment.Job instance at 0x14bc687631e0>,4,2,[6 1],8,10,12,2,8
1,<environment.Job instance at 0x14bc68763be0>,5,3,[1 5],9,10,13,1,9
1,<environment.Job instance at 0x14bc9d864c30>,10,3,[2 7],14,14,17,0,14
1,<environment.Job instance at 0x14bc697ae640>,11,1,[7 1],15,15,16,0,15
1,<environment.Job instance at 0x14bc6a202d20>,12,2,[7 2],16,16,18,0,16
1,<environment.Job instance at 0x14bc6a202d70>,13,13,[10  1],18,18,31,0,18
1,<environment.Job instance at 0x14bc6b08f370>,14,3,[2 6],19,31,34,12,19
1,<environment.Job instance at 0x14bc9d864b40>,15,2,[8 1],20,31,33,11,20
1,<environment.Job instance at 0x14bc68508af0>,16,1,[6 2],21,33,34,12,21
1,<environment.Job instance at 0x14bc68cb2460>,17,1,[9 1],22,34,35,12,22
1,<environment.Job instance at 0x14bc68cee3c0>,18,1,[2 5],24,35,36,11,24
1,<environment.Job instance at 0x14bc9cb47550>,19,3,[10  2],27,36,39,9,27
1,<environment.Job instance at 0x14bc68508820>,20,1,[2 7],28,39,40,11,28
1,<environment.Job instance at 0x14bc9d5de780>,23,3,[9 1],32,40,43,8,32
1,<environment.Job instance at 0x14bc6c4cb7d0>,24,15,[6 1],33,43,58,10,33
1,<environment.Job instance at 0x14bc7249a6e0>,25,1,[2 5],34,35,36,1,34
1,<environment.Job instance at 0x14bc6c0a7460>,27,3,[2 8],37,43,46,6,37
1,<environment.Job instance at 0x14bc68245b40>,22,1,[7 2],31,39,40,8,37
1,<environment.Job instance at 0x14bc6c0a75a0>,28,17,[10  1],38,58,75,20,46
1,<environment.Job instance at 0x14bc68147690>,38,2,[7 1],50,75,77,25,50
1,<environment.Job instance at 0x14bc73169eb0>,40,1,[ 1 10],55,77,78,22,58
1,<environment.Job instance at 0x14bc73169dc0>,41,3,[1 9],56,78,81,22,58
1,<environment.Job instance at 0x14bc73169be0>,42,2,[9 2],58,81,83,23,58
1,<environment.Job instance at 0x14bc73169960>,43,3,[2 7],59,83,86,24,59
1,<environment.Job instance at 0x14bc6ac6f690>,46,3,[1 7],65,86,89,21,65
1,<environment.Job instance at 0x14bc6ac6faa0>,47,14,[2 5],67,89,103,22,74
1,<environment.Job instance at 0x14bc67e82320>,48,13,[1 5],71,89,102,18,74
1,<environment.Job instance at 0x14bc68403be0>,52,3,[2 9],76,103,106,27,77
1,<environment.Job instance at 0x14bc67cfeeb0>,57,3,[5 1],83,102,105,19,87
1,<environment.Job instance at 0x14bc67cfee10>,61,3,[8 1],87,105,108,18,105
1,<environment.Job instance at 0x14bc67cfed20>,63,3,[9 2],89,108,111,19,105
1,<environment.Job instance at 0x14bc68003500>,1,18,[8 1],8,8,26,0,8
1,<environment.Job instance at 0x14bc6a1f9d20>,5,3,[6 2],16,26,29,10,16
1,<environment.Job instance at 0x14bc67fe7cd0>,9,1,[7 2],20,29,30,9,20
1,<environment.Job instance at 0x14bc67fe7f50>,11,3,[9 2],24,30,33,6,24
1,<environment.Job instance at 0x14bc67fe7fa0>,12,2,[2 5],25,25,27,0,25
1,<environment.Job instance at 0x14bc67fea140>,13,1,[1 9],26,33,34,7,26
1,<environment.Job instance at 0x14bc67ff8b40>,14,3,[1 7],27,27,30,0,27
1,<environment.Job instance at 0x14bc67ff8820>,15,1,[1 8],28,30,31,2,28
1,<environment.Job instance at 0x14bc67ff8f00>,16,20,[7 2],29,34,54,5,29
1,<environment.Job instance at 0x14bc67ff88c0>,17,1,[1 9],30,54,55,24,30
1,<environment.Job instance at 0x14bc731b5d20>,18,2,[2 6],31,34,36,3,31
1,<environment.Job instance at 0x14bc72e363c0>,19,3,[ 2 10],32,55,58,23,32
1,<environment.Job instance at 0x14bc72e36a50>,21,1,[8 1],36,54,55,18,36
1,<environment.Job instance at 0x14bc67fe72d0>,8,3,[9 1],19,58,61,39,36
1,<environment.Job instance at 0x14bc6a1dceb0>,22,3,[1 6],37,37,40,0,37
1,<environment.Job instance at 0x14bc72e505f0>,23,2,[1 6],38,40,42,2,38
1,<environment.Job instance at 0x14bc6844ac30>,32,2,[1 6],55,58,60,3,55
1,<environment.Job instance at 0x14bc6844aaf0>,34,1,[6 1],57,61,62,4,57
1,<environment.Job instance at 0x14bc6844a2d0>,35,18,[10  2],59,62,80,3,59
1,<environment.Job instance at 0x14bc6845ca50>,40,3,[5 1],64,80,83,16,64
1,<environment.Job instance at 0x14bc6845ca00>,41,3,[1 7],65,80,83,15,65
1,<environment.Job instance at 0x14bc67fd9be0>,42,3,[10  2],67,83,86,16,67
1,<environment.Job instance at 0x14bc67fd96e0>,43,17,[9 2],69,86,103,17,74
1,<environment.Job instance at 0x14bc68471cd0>,48,1,[1 8],78,86,87,8,78
1,<environment.Job instance at 0x14bc68471370>,49,12,[7 2],79,103,115,24,86
1,<environment.Job instance at 0x14bc9d3e6460>,52,1,[ 2 10],82,115,116,33,88
1,<environment.Job instance at 0x14bc6c4e30a0>,53,16,[1 7],83,88,104,5,88
1,<environment.Job instance at 0x14bc724c5640>,55,3,[10  1],87,116,119,29,90
1,<environment.Job instance at 0x14bc9c05bc30>,1,2,[10  2],2,2,4,0,2
1,<environment.Job instance at 0x14bc6844a1e0>,2,15,[9 1],4,4,19,0,4
1,<environment.Job instance at 0x14bc724671e0>,4,2,[1 9],6,6,8,0,6
1,<environment.Job instance at 0x14bc68c200f0>,6,3,[1 8],10,10,13,0,10
1,<environment.Job instance at 0x14bc6b08ffa0>,9,3,[1 7],13,13,16,0,13
1,<environment.Job instance at 0x14bc6d45ec30>,11,3,[7 2],15,19,22,4,15
1,<environment.Job instance at 0x14bc67e58500>,15,2,[8 2],20,22,24,2,20
1,<environment.Job instance at 0x14bc67e58410>,17,3,[6 1],22,24,27,2,22
1,<environment.Job instance at 0x14bc67a6b870>,19,3,[2 5],24,24,27,0,24
1,<environment.Job instance at 0x14bc6ae063c0>,20,3,[2 8],26,27,30,1,26
1,<environment.Job instance at 0x14bc67c6ad70>,25,15,[9 1],32,40,55,8,40
1,<environment.Job instance at 0x14bc6b0cfe60>,26,12,[6 1],33,55,67,22,40
1,<environment.Job instance at 0x14bc6b0cfdc0>,27,13,[8 1],34,67,80,33,51
1,<environment.Job instance at 0x14bc6b0cfc80>,28,3,[2 8],35,55,58,20,51
1,<environment.Job instance at 0x14bc68bab370>,30,2,[1 6],37,51,53,14,51
1,<environment.Job instance at 0x14bc9d3cdb40>,33,3,[8 2],41,80,83,39,54
1,<environment.Job instance at 0x14bc9d3cd640>,34,3,[ 2 10],42,83,86,41,57
1,<environment.Job instance at 0x14bc6c50f640>,37,3,[1 8],47,58,61,11,57
1,<environment.Job instance at 0x14bc6c50fcd0>,39,17,[1 8],52,61,78,9,57
1,<environment.Job instance at 0x14bc73189320>,40,15,[10  1],53,86,101,33,72
1,<environment.Job instance at 0x14bc731891e0>,41,3,[1 8],55,78,81,23,72
1,<environment.Job instance at 0x14bc73189960>,43,3,[8 1],57,101,104,44,78
1,<environment.Job instance at 0x14bc72e3b0f0>,44,3,[10  1],58,104,107,46,78
1,<environment.Job instance at 0x14bc72e3b960>,45,3,[1 8],59,101,104,42,78
1,<environment.Job instance at 0x14bc9cd7fe60>,47,2,[8 2],61,107,109,46,80
1,<environment.Job instance at 0x14bc6c51d640>,50,1,[ 2 10],65,109,110,44,89
1,<environment.Job instance at 0x14bc684958c0>,51,3,[ 2 10],67,110,113,43,89
1,<environment.Job instance at 0x14bc6c51daa0>,53,13,[1 7],70,113,126,43,100
1,<environment.Job instance at 0x14bc6b17f8c0>,54,16,[5 1],71,113,129,42,100
1,<environment.Job instance at 0x14bc7074a320>,55,3,[2 5],73,126,129,53,100
1,<environment.Job instance at 0x14bc6c0c6230>,59,1,[6 1],78,129,130,51,113
1,<environment.Job instance at 0x14bc67f2f3c0>,60,18,[8 2],79,130,148,51,119
1,<environment.Job instance at 0x14bc6c07b500>,62,3,[2 6],81,129,132,48,127
1,<environment.Job instance at 0x14bc6c07b7d0>,63,3,[2 6],82,132,135,50,127
1,<environment.Job instance at 0x14bc6c522cd0>,64,1,[5 2],83,148,149,65,127
1,<environment.Job instance at 0x14bc6c522050>,65,3,[7 1],84,149,152,65,127
1,<environment.Job instance at 0x14bc6c522b40>,66,2,[2 6],85,135,137,50,127
1,<environment.Job instance at 0x14bc9d3e3eb0>,67,3,[2 7],87,137,140,50,127
1,<environment.Job instance at 0x14bc9d3e3f50>,68,18,[1 6],88,140,158,52,129
1,<environment.Job instance at 0x14bc6ad4b820>,6,2,[9 1],9,52,54,43,52
1,<environment.Job instance at 0x14bc73189190>,7,18,[2 5],10,54,72,44,52
1,<environment.Job instance at 0x14bc731898c0>,8,3,[10  2],11,72,75,61,52
1,<environment.Job instance at 0x14bc6c48a140>,9,1,[6 1],14,54,55,40,52
1,<environment.Job instance at 0x14bc6c48a280>,10,3,[10  1],15,75,78,60,52
1,<environment.Job instance at 0x14bc6c48a820>,11,3,[6 2],16,55,58,39,52
1,<environment.Job instance at 0x14bc68416e60>,13,2,[7 1],18,63,65,45,63
1,<environment.Job instance at 0x14bc6c00dfa0>,14,3,[10  1],19,78,81,59,63
1,<environment.Job instance at 0x14bc6c00d050>,15,1,[6 1],20,65,66,45,63
1,<environment.Job instance at 0x14bc67caea00>,17,1,[2 7],22,81,82,59,63
1,<environment.Job instance at 0x14bc67cae6e0>,18,3,[7 1],23,66,69,43,63
1,<environment.Job instance at 0x14bc6accf2d0>,19,1,[8 2],24,69,70,45,63
1,<environment.Job instance at 0x14bc9c068b40>,21,15,[1 8],27,86,101,59,86
1,<environment.Job instance at 0x14bc9c068e10>,22,2,[8 2],28,86,88,58,86
1,<environment.Job instance at 0x14bc9c068d20>,23,13,[6 1],29,88,101,59,86
1,<environment.Job instance at 0x14bc9c068140>,24,3,[10  1],31,101,104,70,86
1,<environment.Job instance at 0x14bc9c068a50>,25,14,[6 1],33,104,118,71,89
1,<environment.Job instance at 0x14bc9c0685f0>,26,2,[10  1],34,118,120,84,91
1,<environment.Job instance at 0x14bc9c068d70>,27,1,[ 1 10],37,120,121,83,92
1,<environment.Job instance at 0x14bc6ecdc8c0>,28,1,[5 2],38,121,122,83,93
1,<environment.Job instance at 0x14bc68446d20>,29,1,[8 1],39,122,123,83,94
1,<environment.Job instance at 0x14bc68446690>,30,14,[1 6],41,104,118,63,94
1,<environment.Job instance at 0x14bc6c17afa0>,31,12,[1 7],44,121,133,77,104
1,<environment.Job instance at 0x14bc6c17a5f0>,32,3,[2 7],45,133,136,88,107
1,<environment.Job instance at 0x14bc6c17a910>,33,3,[10  2],48,136,139,88,110
1,<environment.Job instance at 0x14bc6c17a370>,35,3,[8 2],51,123,126,72,112
1,<environment.Job instance at 0x14bc6c17ac30>,36,2,[2 5],54,139,141,85,112
1,<environment.Job instance at 0x14bc67de60f0>,38,1,[8 1],56,126,127,70,113
1,<environment.Job instance at 0x14bc67de6c30>,39,3,[9 1],57,127,130,70,113
1,<environment.Job instance at 0x14bc67de6690>,40,2,[9 1],59,130,132,71,113
1,<environment.Job instance at 0x14bc67de6cd0>,42,3,[1 7],63,141,144,78,115
1,<environment.Job instance at 0x14bc67f426e0>,46,16,[10  2],67,144,160,77,131
1,<environment.Job instance at 0x14bc6d42f190>,54,3,[10  2],78,160,163,82,135
1,<environment.Job instance at 0x14bc6b104550>,55,1,[10  2],79,163,164,84,135
1,<environment.Job instance at 0x14bc6b1045f0>,57,2,[10  1],81,164,166,83,137
1,<environment.Job instance at 0x14bc6b104c80>,59,1,[9 1],84,141,142,57,137
1,<environment.Job instance at 0x14bc6b104a50>,62,3,[10  2],88,166,169,78,162
1,<environment.Job instance at 0x14bc68468f50>,63,3,[ 1 10],89,169,172,80,162
1,<environment.Job instance at 0x14bc6c0277d0>,0,3,[ 2 10],2,2,5,0,2
1,<environment.Job instance at 0x14bc6accf550>,3,3,[2 8],7,7,10,0,7
1,<environment.Job instance at 0x14bc6aed0c30>,4,3,[9 1],8,10,13,2,8
1,<environment.Job instance at 0x14bc6c041690>,5,3,[2 9],10,13,16,3,10
1,<environment.Job instance at 0x14bc67e884b0>,6,2,[10  2],11,16,18,5,11
1,<environment.Job instance at 0x14bc67e88aa0>,8,3,[ 1 10],14,18,21,4,14
1,<environment.Job instance at 0x14bc684befa0>,10,1,[7 2],16,21,22,5,16
1,<environment.Job instance at 0x14bc68cb2e60>,19,1,[10  1],29,40,41,11,40
1,<environment.Job instance at 0x14bc68cb2640>,20,15,[7 1],30,41,56,11,40
1,<environment.Job instance at 0x14bc68cb24b0>,21,3,[ 2 10],31,56,59,25,40
1,<environment.Job instance at 0x14bc67abfaa0>,23,1,[9 2],34,59,60,25,40
1,<environment.Job instance at 0x14bc67abf910>,24,3,[2 9],35,41,44,6,40
1,<environment.Job instance at 0x14bc67abff00>,25,3,[2 5],36,44,47,8,40
1,<environment.Job instance at 0x14bc67abf9b0>,26,3,[1 7],37,47,50,10,40
1,<environment.Job instance at 0x14bc67abf280>,27,2,[2 6],38,50,52,12,40
1,<environment.Job instance at 0x14bc682e36e0>,28,2,[5 2],39,60,62,21,40
1,<environment.Job instance at 0x14bc6c2630a0>,30,2,[1 5],41,52,54,11,42
1,<environment.Job instance at 0x14bc6c263960>,31,12,[5 1],42,60,72,18,43
1,<environment.Job instance at 0x14bc681d2050>,33,3,[1 7],45,62,65,17,45
1,<environment.Job instance at 0x14bc681d2960>,34,1,[10  2],47,72,73,25,47
1,<environment.Job instance at 0x14bc9c068640>,35,1,[6 1],49,73,74,24,49
1,<environment.Job instance at 0x14bc67f9bc80>,36,13,[1 6],50,73,86,23,57
1,<environment.Job instance at 0x14bc7248b550>,39,1,[8 1],53,74,75,21,57
1,<environment.Job instance at 0x14bc6801b190>,40,3,[1 6],54,65,68,11,57
1,<environment.Job instance at 0x14bc6b17bf50>,41,2,[1 9],57,68,70,11,57
1,<environment.Job instance at 0x14bc72407f50>,43,12,[5 1],59,75,87,16,61
1,<environment.Job instance at 0x14bc6ae3b730>,45,3,[2 6],62,86,89,24,73
1,<environment.Job instance at 0x14bc6ae3b230>,46,17,[6 1],65,87,104,22,75
1,<environment.Job instance at 0x14bc6c0b47d0>,47,3,[2 8],66,89,92,23,75
1,<environment.Job instance at 0x14bc6c167e10>,51,1,[1 5],71,92,93,21,75
1,<environment.Job instance at 0x14bc6c0b4f50>,53,3,[2 8],73,93,96,20,75
1,<environment.Job instance at 0x14bc6c04a7d0>,54,3,[2 9],74,96,99,22,75
1,<environment.Job instance at 0x14bc68ca2320>,55,15,[8 1],76,104,119,28,90
1,<environment.Job instance at 0x14bc67bb10a0>,56,1,[2 7],77,99,100,22,90
1,<environment.Job instance at 0x14bc9c0347d0>,57,1,[7 2],78,119,120,41,91
1,<environment.Job instance at 0x14bc9c034d20>,58,25,[1 7],79,100,125,21,96
1,<environment.Job instance at 0x14bc6acefaf0>,62,1,[7 2],85,120,121,35,98
1,<environment.Job instance at 0x14bc68176460>,63,1,[1 8],86,125,126,39,98
1,<environment.Job instance at 0x14bc6834faa0>,64,2,[1 7],87,126,128,39,99
1,<environment.Job instance at 0x1513cc399460>,1,3,[1 9],2,2,5,0,2
1,<environment.Job instance at 0x1513cc399e60>,2,1,[2 5],3,5,6,2,3
1,<environment.Job instance at 0x151375b34b90>,3,1,[6 2],4,5,6,1,5
1,<environment.Job instance at 0x151375b34eb0>,5,3,[9 2],6,6,9,0,6
1,<environment.Job instance at 0x151375b34050>,6,18,[8 1],7,9,27,2,7
1,<environment.Job instance at 0x151375b34730>,9,2,[6 1],11,27,29,16,11
1,<environment.Job instance at 0x15137628daf0>,11,3,[1 8],13,13,16,0,13
1,<environment.Job instance at 0x151375b34500>,12,3,[1 8],14,16,19,2,14
1,<environment.Job instance at 0x1513761c49b0>,17,17,[6 1],23,29,46,6,23
1,<environment.Job instance at 0x15137626afa0>,19,3,[6 2],26,46,49,20,26
1,<environment.Job instance at 0x151376293050>,21,3,[6 1],29,49,52,20,29
1,<environment.Job instance at 0x1513cc399a50>,4,2,[7 2],5,52,54,47,29
1,<environment.Job instance at 0x151376240fa0>,29,16,[10  2],39,54,70,15,41
1,<environment.Job instance at 0x151376245e60>,39,3,[1 5],52,70,73,18,52
1,<environment.Job instance at 0x151376dcb4b0>,40,3,[1 6],53,73,76,20,53
1,<environment.Job instance at 0x1513762b7c30>,43,3,[7 2],57,70,73,13,61
1,<environment.Job instance at 0x1513762b74b0>,44,3,[1 8],58,76,79,18,61
1,<environment.Job instance at 0x1513762b75a0>,45,3,[2 8],60,79,82,19,61
1,<environment.Job instance at 0x151376259550>,50,12,[9 1],68,82,94,14,68
1,<environment.Job instance at 0x1513762598c0>,53,3,[6 1],73,73,76,0,73
1,<environment.Job instance at 0x15137626c7d0>,56,1,[10  2],79,94,95,15,79
1,<environment.Job instance at 0x15137626c500>,59,1,[1 9],85,85,86,0,85
1,<environment.Job instance at 0x15137623f3c0>,60,17,[8 1],86,95,112,9,86
1,<environment.Job instance at 0x151375d9da50>,61,3,[1 5],87,87,90,0,87
1,<environment.Job instance at 0x151375da6dc0>,62,3,[9 2],88,112,115,24,88
1,<environment.Job instance at 0x151375da6780>,63,3,[10  1],89,115,118,26,89
1,<environment.Job instance at 0x151375da66e0>,64,12,[9 1],91,118,130,27,101
1,<environment.Job instance at 0x151375da91e0>,66,3,[1 9],93,101,104,8,101
1,<environment.Job instance at 0x151375da9500>,68,3,[1 9],95,104,107,9,101
1,<environment.Job instance at 0x151376262640>,71,3,[2 9],99,107,110,8,101
1,<environment.Job instance at 0x151376240730>,1,2,[6 2],3,5,7,2,5
1,<environment.Job instance at 0x151375b4ee60>,2,3,[6 2],6,7,10,1,6
1,<environment.Job instance at 0x1513782c9460>,4,2,[2 5],8,8,10,0,8
1,<environment.Job instance at 0x1513782c95a0>,5,2,[ 1 10],9,10,12,1,9
1,<environment.Job instance at 0x1513782c9b40>,6,3,[2 9],10,12,15,2,10
1,<environment.Job instance at 0x1513783d7500>,7,3,[7 2],11,15,18,4,11
1,<environment.Job instance at 0x1513762408c0>,9,3,[ 2 10],14,18,21,4,14
1,<environment.Job instance at 0x1513783d73c0>,11,1,[10  1],17,21,22,4,18
1,<environment.Job instance at 0x1513783e38c0>,16,1,[1 5],23,24,25,1,24
1,<environment.Job instance at 0x1513783ed870>,27,16,[8 1],37,37,53,0,37
1,<environment.Job instance at 0x1513783ed4b0>,29,13,[2 9],40,40,53,0,40
1,<environment.Job instance at 0x1513783983c0>,35,18,[1 8],46,53,71,7,46
1,<environment.Job instance at 0x1513783985a0>,38,3,[ 2 10],52,71,74,19,54
1,<environment.Job instance at 0x151378398500>,39,3,[2 5],53,74,77,21,54
1,<environment.Job instance at 0x1513783982d0>,42,15,[9 2],57,77,92,20,63
1,<environment.Job instance at 0x151378398690>,46,3,[9 1],63,63,66,0,63
1,<environment.Job instance at 0x151378320a00>,49,15,[1 6],67,77,92,10,75
1,<environment.Job instance at 0x151378320410>,50,3,[7 2],68,92,95,24,75
1,<environment.Job instance at 0x1513786a1b90>,52,3,[1 7],71,92,95,21,75
1,<environment.Job instance at 0x151378320dc0>,55,3,[1 9],74,95,98,21,92
1,<environment.Job instance at 0x1513783206e0>,56,2,[7 2],75,98,100,23,92
1,<environment.Job instance at 0x15137850cf00>,57,12,[6 1],76,100,112,24,92
1,<environment.Job instance at 0x15137850ce60>,58,28,[2 8],79,98,126,19,97
1,<environment.Job instance at 0x15137850cf50>,59,3,[5 1],83,112,115,29,97
1,<environment.Job instance at 0x15137850cc30>,60,15,[1 7],85,126,141,41,112
1,<environment.Job instance at 0x151378517f50>,61,3,[ 2 10],86,141,144,55,115
1,<environment.Job instance at 0x1513785176e0>,64,3,[5 2],92,115,118,23,115
1,<environment.Job instance at 0x15137832acd0>,69,19,[ 1 10],98,144,163,46,134
1,<environment.Job instance at 0x15137832afa0>,70,2,[9 1],99,134,136,35,134
1,<environment.Job instance at 0x15137832a8c0>,2,1,[1 7],3,3,4,0,3
1,<environment.Job instance at 0x1513783d7640>,5,3,[ 2 10],7,7,10,0,7
1,<environment.Job instance at 0x1513782c16e0>,6,14,[10  1],9,10,24,1,9
1,<environment.Job instance at 0x1513782c1690>,7,12,[7 1],10,24,36,14,10
1,<environment.Job instance at 0x1513782c19b0>,8,2,[8 2],11,36,38,25,12
1,<environment.Job instance at 0x151378510e60>,10,2,[2 5],13,24,26,11,13
1,<environment.Job instance at 0x151378510dc0>,11,3,[6 1],14,38,41,24,14
1,<environment.Job instance at 0x151378512820>,12,2,[10  1],15,41,43,26,15
1,<environment.Job instance at 0x1513785124b0>,13,3,[ 2 10],17,43,46,26,17
1,<environment.Job instance at 0x1513782c1fa0>,9,3,[8 1],12,46,49,34,23
1,<environment.Job instance at 0x15137824ea50>,20,15,[9 2],30,49,64,19,35
1,<environment.Job instance at 0x1513796fe9b0>,24,1,[9 1],35,64,65,29,36
1,<environment.Job instance at 0x1513796fe5f0>,25,2,[8 1],36,65,67,29,38
1,<environment.Job instance at 0x1513796fee10>,26,1,[ 1 10],37,67,68,30,39
1,<environment.Job instance at 0x1513796fe320>,28,3,[1 5],40,46,49,6,40
1,<environment.Job instance at 0x1513797415f0>,29,2,[10  2],41,68,70,27,41
1,<environment.Job instance at 0x1513797410a0>,30,3,[2 8],45,70,73,25,45
1,<environment.Job instance at 0x1513797685a0>,34,1,[2 8],52,65,66,13,52
1,<environment.Job instance at 0x1513797689b0>,35,18,[10  1],56,73,91,17,62
1,<environment.Job instance at 0x151379768e60>,39,3,[8 1],62,70,73,8,62
1,<environment.Job instance at 0x1513797e4280>,40,1,[7 2],63,91,92,28,63
1,<environment.Job instance at 0x15137830c550>,41,2,[5 2],64,92,94,28,65
1,<environment.Job instance at 0x15137830c050>,45,16,[1 7],69,91,107,22,78
1,<environment.Job instance at 0x15137830c190>,48,1,[1 5],73,107,108,34,79
1,<environment.Job instance at 0x15137830c320>,50,3,[ 2 10],75,108,111,33,82
1,<environment.Job instance at 0x15137989ff50>,52,3,[1 5],79,112,115,33,112
1,<environment.Job instance at 0x15137989f6e0>,54,1,[2 8],81,115,116,34,114
1,<environment.Job instance at 0x15137989f320>,55,1,[7 1],82,114,115,32,114
1,<environment.Job instance at 0x15137989f640>,56,18,[5 2],83,115,133,32,114
1,<environment.Job instance at 0x15137989f050>,57,2,[8 2],85,133,135,48,114
1,<environment.Job instance at 0x15137989f550>,58,3,[1 7],86,116,119,30,114
1,<environment.Job instance at 0x15137989f410>,59,18,[8 1],87,135,153,48,124
1,<environment.Job instance at 0x15137989f460>,60,1,[5 2],88,124,125,36,124
1,<environment.Job instance at 0x15137989f1e0>,61,1,[1 8],89,125,126,36,124
1,<environment.Job instance at 0x15137989f5f0>,62,3,[1 7],90,126,129,36,124
1,<environment.Job instance at 0x15137989f780>,63,2,[5 2],92,129,131,37,124
1,<environment.Job instance at 0x15137989f3c0>,64,2,[1 7],94,131,133,37,124
1,<environment.Job instance at 0x15137861b820>,65,2,[5 2],95,153,155,58,126
1,<environment.Job instance at 0x15137989f500>,66,1,[1 6],97,133,134,36,126
1,<environment.Job instance at 0x15137989fc30>,68,2,[10  1],99,155,157,56,128
1,<environment.Job instance at 0x1513784ba780>,21,1,[9 1],31,269,270,238,269
1,<environment.Job instance at 0x1513784bad70>,23,2,[6 2],33,534,536,501,534
1,<environment.Job instance at 0x15138ac287d0>,1,1,[2 5],4,4,5,0,4
1,<environment.Job instance at 0x1513784bad70>,2,3,[1 8],5,5,8,0,5
1,<environment.Job instance at 0x1513833eaa50>,4,2,[7 2],9,9,11,0,9
1,<environment.Job instance at 0x15138abf2640>,5,3,[ 2 10],11,11,14,0,11
1,<environment.Job instance at 0x15137622ffa0>,6,14,[8 2],12,14,28,2,12
1,<environment.Job instance at 0x1513802e4320>,8,1,[ 2 10],15,28,29,13,15
1,<environment.Job instance at 0x151383a2b410>,9,14,[8 1],16,29,43,13,16
1,<environment.Job instance at 0x151383a07820>,11,3,[7 2],18,43,46,25,18
1,<environment.Job instance at 0x151380304f50>,14,3,[1 9],22,29,32,7,22
1,<environment.Job instance at 0x151381d6a140>,15,1,[6 1],23,46,47,23,23
1,<environment.Job instance at 0x151383a30140>,16,3,[5 1],24,47,50,23,24
1,<environment.Job instance at 0x1513833af8c0>,17,3,[1 7],29,32,35,3,29
1,<environment.Job instance at 0x151375daaa50>,18,12,[7 1],31,50,62,19,33
1,<environment.Job instance at 0x1513802eb050>,21,3,[1 9],34,35,38,1,34
1,<environment.Job instance at 0x151388853730>,22,3,[1 8],38,38,41,0,38
1,<environment.Job instance at 0x15137843e280>,29,1,[1 8],48,50,51,2,50
1,<environment.Job instance at 0x15137843e0f0>,30,13,[1 7],50,51,64,1,50
1,<environment.Job instance at 0x15137843e4b0>,31,12,[2 9],53,64,76,11,53
1,<environment.Job instance at 0x15138aa6e190>,32,3,[5 2],54,76,79,22,54
1,<environment.Job instance at 0x151376224780>,35,17,[10  1],58,79,96,21,67
1,<environment.Job instance at 0x1513800b1af0>,38,3,[2 7],63,76,79,13,67
1,<environment.Job instance at 0x15138a3d0690>,40,2,[8 1],68,68,70,0,68
1,<environment.Job instance at 0x1513c82533c0>,41,2,[1 9],71,96,98,25,71
1,<environment.Job instance at 0x151381d6e550>,42,2,[1 6],72,98,100,26,72
1,<environment.Job instance at 0x151383a32c30>,43,1,[1 9],73,100,101,27,73
1,<environment.Job instance at 0x1513802ef370>,44,3,[1 8],74,101,104,27,75
1,<environment.Job instance at 0x1513833b7e60>,45,1,[9 2],75,98,99,23,75
1,<environment.Job instance at 0x15138009ed70>,48,3,[ 2 10],80,104,107,24,80
1,<environment.Job instance at 0x151381d58cd0>,49,1,[7 2],81,99,100,18,81
1,<environment.Job instance at 0x1513c82d41e0>,50,3,[9 1],82,100,103,18,82
1,<environment.Job instance at 0x1513800b5dc0>,52,1,[6 2],85,103,104,18,85
1,<environment.Job instance at 0x1513797bd140>,53,3,[2 7],86,107,110,21,86
1,<environment.Job instance at 0x151379717e60>,54,14,[7 2],87,107,121,20,92
1,<environment.Job instance at 0x151378676550>,56,3,[10  2],90,121,124,31,95
1,<environment.Job instance at 0x151383a329b0>,2,1,[2 7],4,4,5,0,4
1,<environment.Job instance at 0x151375afd8c0>,3,2,[10  2],5,5,7,0,5
1,<environment.Job instance at 0x151375afd5a0>,4,2,[6 1],6,7,9,1,6
1,<environment.Job instance at 0x151379ad0cd0>,5,3,[9 2],8,9,12,1,8
1,<environment.Job instance at 0x151375afdc80>,6,3,[6 2],11,12,15,1,11
1,<environment.Job instance at 0x151379b7c140>,8,3,[1 7],13,13,16,0,13
1,<environment.Job instance at 0x151375afde60>,9,2,[9 2],15,15,17,0,15
1,<environment.Job instance at 0x151375b66550>,11,3,[1 7],18,18,21,0,18
1,<environment.Job instance at 0x151375b66280>,14,3,[6 1],23,23,26,0,23
1,<environment.Job instance at 0x151375b664b0>,15,26,[9 1],24,26,52,2,24
1,<environment.Job instance at 0x151376dd51e0>,22,1,[10  1],34,52,53,18,34
1,<environment.Job instance at 0x151378404280>,24,15,[2 8],38,53,68,15,39
1,<environment.Job instance at 0x1513762cb500>,26,13,[ 2 10],42,68,81,26,52
1,<environment.Job instance at 0x1513762cb5a0>,27,1,[2 6],43,81,82,38,53
1,<environment.Job instance at 0x1513762cb960>,28,2,[1 5],45,82,84,37,55
1,<environment.Job instance at 0x151383a42eb0>,29,2,[8 1],46,55,57,9,55
1,<environment.Job instance at 0x151383a424b0>,30,3,[2 9],47,84,87,37,58
1,<environment.Job instance at 0x151383a42fa0>,31,1,[5 1],49,58,59,9,58
1,<environment.Job instance at 0x151383a42320>,32,3,[1 5],50,87,90,37,61
1,<environment.Job instance at 0x151383a421e0>,34,3,[2 8],52,90,93,38,64
1,<environment.Job instance at 0x1513782781e0>,37,3,[1 6],57,93,96,36,67
1,<environment.Job instance at 0x151380014320>,39,14,[9 1],60,93,107,33,78
1,<environment.Job instance at 0x151378278c30>,40,3,[10  1],61,107,110,46,81
1,<environment.Job instance at 0x1513800816e0>,41,2,[1 7],62,96,98,34,81
1,<environment.Job instance at 0x15137826ce60>,43,3,[1 9],64,98,101,34,82
1,<environment.Job instance at 0x1513798563c0>,45,2,[1 5],68,82,84,14,82
1,<environment.Job instance at 0x151375af8aa0>,46,15,[10  1],69,110,125,41,96
1,<environment.Job instance at 0x151375b5f910>,50,2,[6 1],74,539,541,465,539
1,<environment.Job instance at 0x151375d9db90>,51,3,[10  1],76,541,544,465,539
1,<environment.Job instance at 0x151375d9dd70>,52,3,[10  2],77,544,547,467,539
1,<environment.Job instance at 0x15137571b0a0>,56,18,[8 2],83,576,594,493,576
1,<environment.Job instance at 0x15137571b7d0>,57,3,[1 6],84,576,579,492,576
1,<environment.Job instance at 0x15137582e640>,58,16,[1 5],85,579,595,494,576
1,<environment.Job instance at 0x151379699230>,63,3,[6 1],90,594,597,504,580
1,<environment.Job instance at 0x151375b4a0f0>,64,2,[1 8],91,595,597,504,580
1,<environment.Job instance at 0x151375b4a140>,65,3,[2 8],92,597,600,505,580
1,<environment.Job instance at 0x151375b4adc0>,66,2,[2 8],93,600,602,507,580
1,<environment.Job instance at 0x15137566ee60>,67,3,[5 2],96,597,600,501,580
1,<environment.Job instance at 0x151379678410>,68,1,[6 2],98,600,601,502,580
1,<environment.Job instance at 0x15137566eeb0>,69,2,[2 8],99,602,604,503,580
1,<environment.Job instance at 0x151383b17500>,3,2,[10  1],4,4,6,0,4
1,<environment.Job instance at 0x15137873ab90>,4,2,[2 7],6,6,8,0,6
1,<environment.Job instance at 0x1513887592d0>,5,1,[5 2],7,7,8,0,7
1,<environment.Job instance at 0x151388759820>,6,1,[2 5],8,8,9,0,8
1,<environment.Job instance at 0x151388759b90>,7,2,[ 1 10],10,10,12,0,10
1,<environment.Job instance at 0x1513887596e0>,8,3,[2 5],11,12,15,1,11
1,<environment.Job instance at 0x15138879e5f0>,9,12,[6 1],12,12,24,0,12
1,<environment.Job instance at 0x15138879e4b0>,10,2,[5 2],13,24,26,11,13
1,<environment.Job instance at 0x151388487230>,11,1,[7 1],16,26,27,10,16
1,<environment.Job instance at 0x1513888aed70>,12,2,[7 1],17,27,29,10,17
1,<environment.Job instance at 0x1513888ae2d0>,13,1,[7 2],18,29,30,11,18
1,<environment.Job instance at 0x1513888ae370>,14,3,[10  2],19,30,33,11,19
1,<environment.Job instance at 0x1513888aec30>,15,2,[5 2],20,24,26,4,20
1,<environment.Job instance at 0x1513888ae230>,17,3,[1 7],23,26,29,3,23
1,<environment.Job instance at 0x1513888ae0f0>,18,19,[2 9],26,33,52,7,27
1,<environment.Job instance at 0x1513888ae8c0>,20,17,[9 2],28,52,69,24,40
1,<environment.Job instance at 0x151383bc0460>,32,3,[1 7],43,52,55,9,44
1,<environment.Job instance at 0x1513886d61e0>,34,14,[1 6],45,55,69,10,45
1,<environment.Job instance at 0x1513886d62d0>,35,17,[9 1],46,69,86,23,57
1,<environment.Job instance at 0x15138889acd0>,37,1,[10  1],48,86,87,38,60
1,<environment.Job instance at 0x15138889a140>,39,12,[9 2],50,87,99,37,70
1,<environment.Job instance at 0x15138889ad70>,43,16,[10  2],54,99,115,45,86
1,<environment.Job instance at 0x15138889aeb0>,45,2,[1 6],57,87,89,30,86
1,<environment.Job instance at 0x15138889a370>,47,2,[7 2],60,115,117,55,95
1,<environment.Job instance at 0x15138889a3c0>,48,13,[5 1],61,117,130,56,101
1,<environment.Job instance at 0x15138889a460>,49,2,[1 8],62,115,117,53,101
1,<environment.Job instance at 0x15138889a1e0>,51,1,[2 5],64,117,118,53,111
1,<environment.Job instance at 0x15138889a050>,52,14,[2 8],65,118,132,53,111
1,<environment.Job instance at 0x15138889a5f0>,53,2,[7 1],66,130,132,64,111
1,<environment.Job instance at 0x15137876baa0>,54,3,[7 1],67,132,135,65,111
1,<environment.Job instance at 0x15137876b140>,55,13,[10  1],68,135,148,67,119
1,<environment.Job instance at 0x15137876b6e0>,57,1,[ 2 10],70,148,149,78,121
1,<environment.Job instance at 0x15137876b370>,58,2,[10  2],72,149,151,77,122
1,<environment.Job instance at 0x15137876bc80>,59,3,[7 1],76,151,154,75,125
1,<environment.Job instance at 0x1513787a6a50>,60,3,[2 8],77,132,135,55,125
1,<environment.Job instance at 0x1513787a69b0>,61,3,[1 9],78,151,154,73,125
1,<environment.Job instance at 0x1513787a6eb0>,62,16,[10  1],79,154,170,75,141
1,<environment.Job instance at 0x1513787a6d20>,63,3,[2 9],80,170,173,90,144
1,<environment.Job instance at 0x1513787a6e60>,65,12,[7 1],84,170,182,86,153
1,<environment.Job instance at 0x15138002deb0>,66,3,[10  1],87,182,185,95,156
1,<environment.Job instance at 0x15138002d820>,67,3,[6 1],89,185,188,96,159
1,<environment.Job instance at 0x15138002dbe0>,71,1,[7 1],96,188,189,92,163
1,<environment.Job instance at 0x15138002dc30>,72,2,[5 1],97,189,191,92,163
1,<environment.Job instance at 0x15138002daa0>,73,14,[2 5],98,185,199,87,170
1,<environment.Job instance at 0x1513754a1320>,2,3,[8 1],3,3,6,0,3
1,<environment.Job instance at 0x1513888aeb40>,3,3,[2 6],6,6,9,0,6
1,<environment.Job instance at 0x15137537d8c0>,5,16,[1 5],11,11,27,0,11
1,<environment.Job instance at 0x1513886d6910>,7,3,[2 9],14,27,30,13,14
1,<environment.Job instance at 0x1513797dcb40>,8,1,[10  2],15,30,31,15,15
1,<environment.Job instance at 0x15137537d190>,13,3,[10  2],23,31,34,8,23
1,<environment.Job instance at 0x151375580aa0>,15,3,[1 9],28,34,37,6,28
1,<environment.Job instance at 0x151375580a50>,17,1,[6 2],32,37,38,5,32
1,<environment.Job instance at 0x15137833f500>,18,3,[10  2],34,38,41,4,34
1,<environment.Job instance at 0x151383bc4370>,19,3,[5 1],38,41,44,3,38
1,<environment.Job instance at 0x151381d6e280>,23,3,[9 1],42,44,47,2,42
1,<environment.Job instance at 0x1513800b8550>,31,3,[9 2],52,52,55,0,52
1,<environment.Job instance at 0x1513800b8500>,32,2,[5 1],53,55,57,2,53
1,<environment.Job instance at 0x1513800b8370>,34,3,[9 2],55,57,60,2,55
1,<environment.Job instance at 0x1513800b8eb0>,35,2,[2 9],57,60,62,3,57
1,<environment.Job instance at 0x1513800b8050>,36,15,[2 8],62,62,77,0,62
1,<environment.Job instance at 0x1513800b8870>,37,1,[5 1],63,63,64,0,63
1,<environment.Job instance at 0x1513782c1640>,38,13,[10  1],65,77,90,12,65
1,<environment.Job instance at 0x15137876f550>,39,2,[1 8],67,90,92,23,67
1,<environment.Job instance at 0x151378796fa0>,41,3,[2 8],69,92,95,23,69
1,<environment.Job instance at 0x151379825be0>,48,1,[2 9],84,95,96,11,86
1,<environment.Job instance at 0x151379825230>,50,12,[7 1],86,90,102,4,86
1,<environment.Job instance at 0x15138803bd70>,2,1,[7 1],4,4,5,0,4
1,<environment.Job instance at 0x15137509e230>,4,3,[ 1 10],6,6,9,0,6
1,<environment.Job instance at 0x151378340820>,5,3,[1 5],7,9,12,2,7
1,<environment.Job instance at 0x1513783137d0>,6,3,[2 7],8,12,15,4,8
1,<environment.Job instance at 0x1513783135f0>,7,13,[2 5],9,15,28,6,9
1,<environment.Job instance at 0x151378313690>,9,2,[5 1],11,11,13,0,11
1,<environment.Job instance at 0x151378340aa0>,10,1,[6 2],16,16,17,0,16
1,<environment.Job instance at 0x151378306870>,12,3,[7 1],18,18,21,0,18
1,<environment.Job instance at 0x151378306410>,13,3,[7 2],19,21,24,2,19
1,<environment.Job instance at 0x151388846e60>,19,16,[8 1],30,30,46,0,30
1,<environment.Job instance at 0x1513783067d0>,20,16,[1 6],31,31,47,0,31
1,<environment.Job instance at 0x151378310f00>,21,2,[10  2],33,47,49,14,33
1,<environment.Job instance at 0x15138aa5e370>,22,3,[1 7],34,49,52,15,34
1,<environment.Job instance at 0x151380093190>,23,14,[9 2],36,49,63,13,36
1,<environment.Job instance at 0x151381d75500>,24,1,[10  2],37,63,64,26,37
1,<environment.Job instance at 0x151383a1a280>,25,2,[7 2],38,64,66,26,38
1,<environment.Job instance at 0x1513759685f0>,27,3,[1 5],40,52,55,12,40
1,<environment.Job instance at 0x151375968780>,32,12,[1 7],47,64,76,17,47
1,<environment.Job instance at 0x15137596cf50>,36,3,[6 2],52,66,69,14,62
1,<environment.Job instance at 0x15137596cc80>,38,17,[5 2],54,69,86,15,66
1,<environment.Job instance at 0x15137596c960>,40,12,[ 1 10],57,86,98,29,70
1,<environment.Job instance at 0x15137596c870>,41,3,[2 7],59,76,79,17,70
1,<environment.Job instance at 0x151375955be0>,43,3,[8 2],61,98,101,37,72
1,<environment.Job instance at 0x151379b5dc30>,48,3,[7 1],66,101,104,35,78
1,<environment.Job instance at 0x151379b5dbe0>,49,14,[8 2],67,104,118,37,89
1,<environment.Job instance at 0x151376dd5f00>,52,3,[5 2],72,118,121,46,92
1,<environment.Job instance at 0x151378278aa0>,57,1,[5 2],79,118,119,39,92
1,<environment.Job instance at 0x151388485550>,58,17,[10  1],80,121,138,41,109
1,<environment.Job instance at 0x151379b3ba50>,64,3,[2 7],88,138,141,50,116
1,<environment.Job instance at 0x151379b3bd20>,65,15,[7 2],89,138,153,49,124
1,<environment.Job instance at 0x151379b3b960>,67,2,[2 9],91,153,155,62,126
1,<environment.Job instance at 0x151379b3b780>,68,2,[1 5],92,141,143,49,126
1,<environment.Job instance at 0x151379b3b4b0>,70,14,[2 6],95,155,169,60,140
1,<environment.Job instance at 0x151379b40140>,73,2,[10  2],98,169,171,71,154
1,<environment.Job instance at 0x151375968550>,29,3,[9 2],43,262,265,219,262
1,<environment.Job instance at 0x151375177910>,0,2,[5 2],1,1,3,0,1
1,<environment.Job instance at 0x151379b490f0>,1,2,[5 1],2,2,4,0,2
1,<environment.Job instance at 0x1513759686e0>,3,17,[9 1],6,6,23,0,6
1,<environment.Job instance at 0x151379896eb0>,7,3,[2 6],11,23,26,12,11
1,<environment.Job instance at 0x151379896af0>,8,2,[9 1],12,26,28,14,12
1,<environment.Job instance at 0x1513798960a0>,10,2,[7 2],15,23,25,8,15
1,<environment.Job instance at 0x1513762f4050>,11,2,[9 2],16,28,30,12,16
1,<environment.Job instance at 0x1513753ddbe0>,12,3,[5 1],17,30,33,13,17
1,<environment.Job instance at 0x151375acdbe0>,21,1,[8 2],28,128,129,100,128
1,<environment.Job instance at 0x151375972d20>,22,1,[5 2],29,129,130,100,128
1,<environment.Job instance at 0x1513886c7d70>,23,1,[7 1],30,130,131,100,128
1,<environment.Job instance at 0x1513888354b0>,24,1,[1 8],31,128,129,97,128
1,<environment.Job instance at 0x1513886c7af0>,25,2,[6 2],32,131,133,99,128
1,<environment.Job instance at 0x1513886c7e10>,27,1,[6 2],35,133,134,98,128
1,<environment.Job instance at 0x1513756fb730>,28,3,[8 2],36,134,137,98,128
1,<environment.Job instance at 0x1513757f86e0>,30,13,[10  1],39,137,150,98,128
1,<environment.Job instance at 0x1513757f87d0>,31,1,[5 1],40,129,130,89,128
1,<environment.Job instance at 0x1513757f8640>,33,2,[7 2],42,150,152,108,128
1,<environment.Job instance at 0x1513757f84b0>,34,3,[10  1],43,152,155,109,128
1,<environment.Job instance at 0x1513757f8730>,35,3,[6 1],44,155,158,111,129
1,<environment.Job instance at 0x1513757f8370>,37,3,[2 7],46,155,158,109,144
1,<environment.Job instance at 0x1513757f8050>,38,1,[5 1],47,158,159,111,144
1,<environment.Job instance at 0x1513757f8d70>,40,3,[5 2],49,158,161,109,144
1,<environment.Job instance at 0x1513755c2b40>,41,2,[8 2],50,161,163,111,144
1,<environment.Job instance at 0x1513755c23c0>,42,3,[2 8],51,159,162,108,144
1,<environment.Job instance at 0x1513755c29b0>,43,2,[2 5],52,150,152,98,144
1,<environment.Job instance at 0x1513755c2dc0>,46,15,[ 2 10],56,163,178,107,149
1,<environment.Job instance at 0x1513755c2c30>,47,3,[10  2],57,178,181,121,152
1,<environment.Job instance at 0x1513755c2a00>,48,3,[2 5],59,181,184,122,155
1,<environment.Job instance at 0x1513755c2190>,50,3,[7 2],61,181,184,120,160
1,<environment.Job instance at 0x151381d4cf00>,54,15,[2 9],66,184,199,118,171
1,<environment.Job instance at 0x151381d4c230>,55,2,[10  1],67,199,201,132,172
1,<environment.Job instance at 0x151381d4c730>,59,1,[6 1],72,184,185,112,174
1,<environment.Job instance at 0x151388731690>,60,2,[9 1],74,201,203,127,174
1,<environment.Job instance at 0x151375a035f0>,62,1,[8 1],77,185,186,108,182
1,<environment.Job instance at 0x1513762896e0>,64,2,[7 2],80,203,205,123,182
1,<environment.Job instance at 0x151378770c80>,66,3,[1 8],83,201,204,118,193
1,<environment.Job instance at 0x151388731140>,67,1,[ 2 10],84,205,206,121,193
1,<environment.Job instance at 0x1513787707d0>,69,1,[6 1],87,193,194,106,193
1,<environment.Job instance at 0x151378770320>,70,2,[6 1],89,194,196,105,193
1,<environment.Job instance at 0x151378770550>,71,17,[1 7],90,206,223,116,196
1,<environment.Job instance at 0x1513785e6140>,5,2,[10  2],7,12,14,5,12
1,<environment.Job instance at 0x1513888e26e0>,9,3,[2 5],14,14,17,0,14
1,<environment.Job instance at 0x1513888e2820>,12,1,[10  1],18,24,25,6,24
1,<environment.Job instance at 0x1513888e2460>,13,3,[10  1],21,25,28,4,24
1,<environment.Job instance at 0x1513888e22d0>,14,2,[ 2 10],22,28,30,6,24
1,<environment.Job instance at 0x1513888e25a0>,15,3,[9 2],23,30,33,7,24
1,<environment.Job instance at 0x1513888e28c0>,16,1,[1 9],24,33,34,9,24
1,<environment.Job instance at 0x15137867fd20>,17,1,[8 2],27,34,35,7,27
1,<environment.Job instance at 0x1513888e2c30>,19,1,[9 2],30,35,36,5,30
1,<environment.Job instance at 0x15137969ffa0>,20,1,[10  1],31,36,37,5,31
1,<environment.Job instance at 0x1513785c90a0>,23,3,[6 2],36,48,51,12,48
1,<environment.Job instance at 0x151374fecc80>,25,15,[2 5],39,57,72,18,57
1,<environment.Job instance at 0x15137829abe0>,26,14,[7 1],40,57,71,17,57
1,<environment.Job instance at 0x151378613730>,27,2,[7 1],41,71,73,30,57
1,<environment.Job instance at 0x15137850beb0>,30,14,[9 1],44,73,87,29,58
1,<environment.Job instance at 0x15137850b3c0>,31,3,[9 2],45,87,90,42,61
1,<environment.Job instance at 0x1513757cd960>,35,3,[9 2],51,90,93,39,64
1,<environment.Job instance at 0x151375190320>,38,2,[8 2],60,93,95,33,66
1,<environment.Job instance at 0x151375190c80>,39,17,[1 6],61,72,89,11,66
1,<environment.Job instance at 0x151375190460>,40,3,[1 9],62,95,98,33,69
1,<environment.Job instance at 0x1513784c4870>,43,3,[2 8],68,98,101,30,72
1,<environment.Job instance at 0x151375522b90>,46,2,[8 2],72,98,100,26,72
1,<environment.Job instance at 0x1513757e14b0>,47,15,[10  1],73,101,116,28,87
1,<environment.Job instance at 0x15137971a2d0>,49,1,[8 2],75,100,101,25,89
1,<environment.Job instance at 0x15137971a410>,50,2,[ 1 10],76,116,118,40,89
1,<environment.Job instance at 0x151374fe6f50>,55,1,[7 2],82,118,119,36,117
1,<environment.Job instance at 0x151374fe6f00>,57,3,[1 7],84,118,121,34,117
1,<environment.Job instance at 0x151374fe6c30>,58,2,[6 2],86,119,121,33,117
1,<environment.Job instance at 0x151374fe6eb0>,59,3,[9 1],87,121,124,34,117
1,<environment.Job instance at 0x151374fe6780>,60,14,[7 1],88,124,138,36,117
1,<environment.Job instance at 0x1513782488c0>,62,14,[9 2],90,138,152,48,123
1,<environment.Job instance at 0x15138aa2f230>,64,16,[1 8],92,126,142,34,126
1,<environment.Job instance at 0x151376289f00>,66,3,[5 2],94,152,155,58,126
1,<environment.Job instance at 0x1513762899b0>,69,1,[9 2],97,155,156,58,131
1,<environment.Job instance at 0x151383bc7e10>,70,2,[1 7],98,142,144,44,131
1,<environment.Job instance at 0x1513785e6820>,3,1,[1 8],4,301,302,297,301
1,<environment.Job instance at 0x15137626acd0>,2,23,[2 6],4,4,27,0,4
1,<environment.Job instance at 0x1513758a93c0>,8,3,[6 1],13,16,19,3,16
1,<environment.Job instance at 0x1513758a98c0>,9,2,[10  1],14,27,29,13,16
1,<environment.Job instance at 0x1513758a9af0>,10,1,[9 1],15,29,30,14,16
1,<environment.Job instance at 0x151375334190>,11,3,[5 1],16,19,22,3,16
1,<environment.Job instance at 0x151375334a00>,12,3,[1 6],17,29,32,12,17
1,<environment.Job instance at 0x151375574aa0>,15,2,[7 1],21,39,41,18,39
1,<environment.Job instance at 0x1513755743c0>,16,3,[9 1],26,41,44,15,39
1,<environment.Job instance at 0x151375574780>,17,13,[2 5],28,44,57,16,39
1,<environment.Job instance at 0x151375acd500>,18,2,[1 8],29,39,41,10,39
1,<environment.Job instance at 0x1513753d40a0>,19,1,[2 6],30,57,58,27,39
1,<environment.Job instance at 0x15138872e9b0>,20,2,[9 2],33,58,60,25,39
1,<environment.Job instance at 0x151378770280>,24,3,[1 8],41,113,116,72,113
1,<environment.Job instance at 0x151379730be0>,25,1,[8 1],43,113,114,70,113
1,<environment.Job instance at 0x1513886e6a00>,26,16,[9 1],44,114,130,70,113
1,<environment.Job instance at 0x1513787aa8c0>,27,12,[7 2],46,130,142,84,113
1,<environment.Job instance at 0x151375568c30>,29,2,[5 2],53,142,144,89,115
1,<environment.Job instance at 0x151375568f00>,30,2,[7 2],54,144,146,90,117
1,<environment.Job instance at 0x151375568140>,31,2,[5 2],56,142,144,86,117
1,<environment.Job instance at 0x151375568870>,32,1,[ 2 10],57,146,147,89,118
1,<environment.Job instance at 0x151375568e60>,33,1,[6 2],58,147,148,89,119
1,<environment.Job instance at 0x151375368e60>,38,3,[2 8],63,130,133,67,121
1,<environment.Job instance at 0x151375368aa0>,39,3,[8 2],65,148,151,83,122
1,<environment.Job instance at 0x151375368780>,40,1,[ 2 10],66,151,152,85,123
1,<environment.Job instance at 0x151375368b40>,41,2,[1 6],67,123,125,56,123
1,<environment.Job instance at 0x151375368d70>,42,2,[8 1],68,152,154,84,125
1,<environment.Job instance at 0x151375368b90>,43,1,[2 7],70,133,134,63,125
1,<environment.Job instance at 0x1513796f18c0>,44,2,[1 8],71,125,127,54,125
1,<environment.Job instance at 0x1513796f1a50>,45,13,[7 1],72,154,167,82,138
1,<environment.Job instance at 0x1513796f1960>,49,2,[10  2],78,167,169,89,140
1,<environment.Job instance at 0x1513796f1140>,51,3,[2 8],80,147,150,67,140
1,<environment.Job instance at 0x1513796f1b40>,56,3,[6 1],87,169,172,82,143
1,<environment.Job instance at 0x151375a816e0>,62,2,[8 2],95,172,174,77,145
1,<environment.Job instance at 0x151375a81550>,63,1,[6 1],96,174,175,78,146
1,<environment.Job instance at 0x1513787755a0>,64,3,[8 1],98,175,178,77,149
1,<environment.Job instance at 0x15138aea6730>,6,1,[8 2],9,244,245,235,244
1,<environment.Job instance at 0x151375551a50>,1,2,[8 2],3,3,5,0,3
1,<environment.Job instance at 0x151375551af0>,2,17,[10  1],6,6,23,0,6
1,<environment.Job instance at 0x1513786ea190>,3,3,[2 6],7,23,26,16,7
1,<environment.Job instance at 0x1513786ea960>,4,2,[7 1],8,23,25,15,8
1,<environment.Job instance at 0x1513786ea910>,14,27,[1 9],23,28,55,5,28
1,<environment.Job instance at 0x1513786ea500>,15,1,[9 1],24,28,29,4,28
1,<environment.Job instance at 0x1513785f43c0>,18,3,[ 1 10],31,55,58,24,31
1,<environment.Job instance at 0x1513785f4640>,19,1,[8 2],32,58,59,26,32
1,<environment.Job instance at 0x1513785f4be0>,20,18,[9 1],33,33,51,0,33
1,<environment.Job instance at 0x1513785f4cd0>,21,2,[8 1],35,51,53,16,35
1,<environment.Job instance at 0x1513785f4280>,22,13,[8 2],36,59,72,23,43
1,<environment.Job instance at 0x1513785f46e0>,23,1,[7 1],37,53,54,16,43
1,<environment.Job instance at 0x151375798230>,24,1,[2 6],39,58,59,19,43
1,<environment.Job instance at 0x151375798140>,25,3,[1 5],40,59,62,19,43
1,<environment.Job instance at 0x1513757982d0>,26,3,[8 2],43,72,75,29,46
1,<environment.Job instance at 0x1513757983c0>,28,3,[2 8],45,62,65,17,46
1,<environment.Job instance at 0x151375798e10>,31,1,[1 7],50,65,66,15,50
1,<environment.Job instance at 0x151375798dc0>,33,16,[1 6],52,66,82,14,65
1,<environment.Job instance at 0x151375798870>,34,15,[10  2],53,82,97,29,68
1,<environment.Job instance at 0x151375798af0>,35,2,[5 1],55,75,77,20,68
1,<environment.Job instance at 0x1513757988c0>,36,2,[ 2 10],56,97,99,41,70
1,<environment.Job instance at 0x151375798be0>,37,3,[5 1],57,77,80,20,70
1,<environment.Job instance at 0x1513759e54b0>,38,1,[1 9],59,99,100,40,71
1,<environment.Job instance at 0x1513759e5c30>,39,1,[2 7],60,100,101,40,72
1,<environment.Job instance at 0x1513759e5f50>,40,2,[1 8],61,101,103,40,74
1,<environment.Job instance at 0x1513759e5690>,43,3,[9 1],66,101,104,35,75
1,<environment.Job instance at 0x1513759e5640>,46,16,[9 2],70,104,120,34,92
1,<environment.Job instance at 0x1513759e5a00>,47,3,[ 2 10],71,120,123,49,94
1,<environment.Job instance at 0x1513759e51e0>,48,15,[6 1],73,123,138,50,109
1,<environment.Job instance at 0x151376377910>,55,3,[1 9],82,123,126,41,110
1,<environment.Job instance at 0x15138847c4b0>,59,3,[2 5],88,126,129,38,110
1,<environment.Job instance at 0x15138847cf00>,62,3,[2 9],91,129,132,38,113
1,<environment.Job instance at 0x15138847c8c0>,64,1,[10  1],93,138,139,45,113
1,<environment.Job instance at 0x15138847c820>,66,1,[7 1],95,139,140,44,118
1,<environment.Job instance at 0x15138847c2d0>,67,3,[9 2],96,140,143,44,118
1,<environment.Job instance at 0x15138847c5f0>,70,3,[2 5],99,132,135,33,118
1,<environment.Job instance at 0x1513786ea7d0>,1,21,[9 2],2,2,23,0,2
1,<environment.Job instance at 0x1513786eabe0>,3,16,[5 2],4,23,39,19,10
1,<environment.Job instance at 0x1513755f6f50>,8,1,[1 8],12,12,13,0,12
1,<environment.Job instance at 0x1513755f6e60>,9,16,[5 2],13,23,39,10,13
1,<environment.Job instance at 0x1513884afbe0>,10,1,[6 1],15,39,40,24,15
1,<environment.Job instance at 0x1513755f6190>,12,2,[1 7],19,39,41,20,27
1,<environment.Job instance at 0x151375898370>,13,3,[7 1],20,40,43,20,27
1,<environment.Job instance at 0x151375898320>,14,1,[6 1],21,43,44,22,27
1,<environment.Job instance at 0x151375898410>,16,3,[2 9],23,41,44,18,29
1,<environment.Job instance at 0x151375898910>,17,17,[1 8],25,44,61,19,32
1,<environment.Job instance at 0x151378335280>,20,2,[1 8],29,61,63,32,48
1,<environment.Job instance at 0x151375430820>,21,2,[1 5],30,63,65,33,48
1,<environment.Job instance at 0x151379688cd0>,22,1,[1 5],31,63,64,32,48
1,<environment.Job instance at 0x1513754817d0>,23,2,[9 1],32,48,50,16,48
1,<environment.Job instance at 0x1513754819b0>,24,3,[9 2],33,50,53,17,48
1,<environment.Job instance at 0x15137625c690>,25,17,[5 2],34,64,81,30,52
1,<environment.Job instance at 0x1513c82585a0>,28,1,[2 7],38,65,66,27,52
1,<environment.Job instance at 0x15137518a3c0>,30,17,[5 2],40,66,83,26,54
1,<environment.Job instance at 0x15137518a6e0>,36,18,[10  2],48,83,101,35,72
1,<environment.Job instance at 0x15137559ceb0>,39,3,[1 6],51,101,104,50,77
1,<environment.Job instance at 0x151380049190>,43,3,[1 5],58,104,107,46,87
1,<environment.Job instance at 0x1513800490a0>,44,1,[10  1],59,107,108,48,87
1,<environment.Job instance at 0x151380049dc0>,45,1,[10  2],60,108,109,48,87
1,<environment.Job instance at 0x151380049690>,47,1,[1 6],62,109,110,47,94
1,<environment.Job instance at 0x151380049870>,48,14,[1 8],63,110,124,47,95
1,<environment.Job instance at 0x1513887a9550>,50,2,[7 2],65,101,103,36,95
1,<environment.Job instance at 0x15137621f050>,52,3,[2 6],67,124,127,57,98
1,<environment.Job instance at 0x15137621fe10>,53,3,[1 9],68,127,130,59,101
1,<environment.Job instance at 0x151379797fa0>,54,3,[6 1],69,103,106,34,101
1,<environment.Job instance at 0x151379797140>,55,15,[6 1],75,109,124,34,101
1,<environment.Job instance at 0x151379b646e0>,59,2,[2 5],79,130,132,51,103
1,<environment.Job instance at 0x15137623e0a0>,60,3,[9 1],80,127,130,47,103
1,<environment.Job instance at 0x151375503fa0>,62,1,[5 1],82,124,125,42,108
1,<environment.Job instance at 0x1513758355a0>,64,2,[1 7],84,132,134,48,111
1,<environment.Job instance at 0x151377805c30>,65,1,[6 2],87,125,126,38,111
1,<environment.Job instance at 0x151375183a50>,66,3,[5 2],88,130,133,42,111
1,<environment.Job instance at 0x151375183550>,67,15,[8 1],89,133,148,44,119
1,<environment.Job instance at 0x1513751837d0>,68,3,[2 7],90,134,137,44,119
1,<environment.Job instance at 0x151375520dc0>,0,1,[7 2],2,2,3,0,2
1,<environment.Job instance at 0x1513796393c0>,3,3,[2 6],5,5,8,0,5
1,<environment.Job instance at 0x151379639870>,7,3,[1 9],11,11,14,0,11
1,<environment.Job instance at 0x1513796390a0>,9,3,[8 1],14,14,17,0,14
1,<environment.Job instance at 0x151379639f00>,10,1,[1 8],15,15,16,0,15
1,<environment.Job instance at 0x1513796398c0>,11,1,[10  2],19,19,20,0,19
1,<environment.Job instance at 0x151379639050>,12,2,[2 6],20,20,22,0,20
1,<environment.Job instance at 0x151379639910>,13,1,[1 5],21,22,23,1,21
1,<environment.Job instance at 0x1513759e53c0>,14,3,[7 2],23,23,26,0,23
1,<environment.Job instance at 0x1513759e5190>,15,1,[2 8],24,24,25,0,24
1,<environment.Job instance at 0x1513759e5910>,17,3,[10  1],28,28,31,0,28
1,<environment.Job instance at 0x1513759e5960>,19,3,[7 2],31,31,34,0,31
1,<environment.Job instance at 0x1513759e55f0>,20,28,[2 5],33,33,61,0,33
1,<environment.Job instance at 0x1513759e5be0>,22,1,[1 9],35,61,62,26,35
1,<environment.Job instance at 0x1513759e5730>,23,3,[6 2],36,36,39,0,36
1,<environment.Job instance at 0x1513783852d0>,30,18,[5 2],47,72,90,25,72
1,<environment.Job instance at 0x151378385aa0>,31,1,[1 6],48,72,73,24,72
1,<environment.Job instance at 0x1513783855f0>,32,2,[2 6],50,73,75,23,72
1,<environment.Job instance at 0x151378385410>,33,2,[6 2],51,90,92,39,72
1,<environment.Job instance at 0x151378385cd0>,34,3,[2 7],52,75,78,23,72
1,<environment.Job instance at 0x151378385e10>,35,1,[10  1],56,92,93,36,72
1,<environment.Job instance at 0x1513783858c0>,36,3,[10  1],57,93,96,36,72
1,<environment.Job instance at 0x1513783857d0>,37,2,[6 1],58,96,98,38,72
1,<environment.Job instance at 0x151378385dc0>,38,3,[1 5],59,78,81,19,72
1,<environment.Job instance at 0x151378385c80>,39,2,[10  2],60,98,100,38,72
1,<environment.Job instance at 0x151378385af0>,40,1,[9 1],61,100,101,39,72
1,<environment.Job instance at 0x151378385780>,41,1,[1 8],62,81,82,19,72
1,<environment.Job instance at 0x151378385be0>,43,3,[2 7],64,82,85,18,73
1,<environment.Job instance at 0x1513783850a0>,44,1,[7 1],65,101,102,36,73
1,<environment.Job instance at 0x151378385a00>,45,2,[7 2],66,102,104,36,75
1,<environment.Job instance at 0x1513783859b0>,46,13,[10  1],68,104,117,36,88
1,<environment.Job instance at 0x151378385500>,47,3,[2 6],69,88,91,19,88
1,<environment.Job instance at 0x151378385b40>,48,2,[8 1],70,117,119,47,90
1,<environment.Job instance at 0x1513782bc960>,50,1,[9 1],72,119,120,47,91
1,<environment.Job instance at 0x15137516f190>,51,1,[2 5],74,91,92,17,91
1,<environment.Job instance at 0x15137516feb0>,52,3,[10  2],77,120,123,43,94
1,<environment.Job instance at 0x1513782489b0>,60,3,[2 8],87,101,104,14,98
1,<environment.Job instance at 0x151378248d20>,67,3,[2 9],95,123,126,28,104
1,<environment.Job instance at 0x1513785a1640>,2,3,[1 9],6,6,9,0,6
1,<environment.Job instance at 0x1513785a10a0>,4,3,[2 7],9,9,12,0,9
1,<environment.Job instance at 0x1513785a1870>,5,21,[10  2],12,12,33,0,12
1,<environment.Job instance at 0x1513750c1af0>,7,3,[1 7],15,33,36,18,15
1,<environment.Job instance at 0x151375367dc0>,8,14,[2 5],17,36,50,19,21
1,<environment.Job instance at 0x151383b40a00>,12,1,[10  2],25,50,51,25,25
1,<environment.Job instance at 0x151375367a50>,13,3,[2 9],26,51,54,25,26
1,<environment.Job instance at 0x151380308960>,16,1,[9 1],30,33,34,3,30
1,<environment.Job instance at 0x15138803ab90>,21,1,[5 1],36,47,48,11,47
1,<environment.Job instance at 0x1513886e2190>,22,3,[8 1],37,51,54,14,47
1,<environment.Job instance at 0x15138848f870>,23,2,[6 2],38,48,50,10,47
1,<environment.Job instance at 0x15138848fe10>,24,3,[9 2],39,54,57,15,47
1,<environment.Job instance at 0x1513886d1960>,25,2,[1 6],46,54,56,8,47
1,<environment.Job instance at 0x151379212af0>,26,18,[8 1],48,57,75,9,48
1,<environment.Job instance at 0x151379212aa0>,30,3,[6 2],56,75,78,19,56
1,<environment.Job instance at 0x151375433fa0>,33,3,[9 1],59,78,81,19,59
1,<environment.Job instance at 0x151375433f50>,36,3,[9 2],64,81,84,17,64
1,<environment.Job instance at 0x151375433b40>,38,1,[1 9],66,66,67,0,66
1,<environment.Job instance at 0x1513753cdc80>,39,3,[1 7],67,67,70,0,67
1,<environment.Job instance at 0x1513753cd7d0>,40,1,[1 8],68,70,71,2,68
1,<environment.Job instance at 0x1513887573c0>,42,1,[1 9],70,71,72,1,70
1,<environment.Job instance at 0x151388757140>,43,2,[2 6],71,72,74,1,71
1,<environment.Job instance at 0x151388757410>,44,3,[ 2 10],72,84,87,12,72
1,<environment.Job instance at 0x1513888daaf0>,46,1,[8 1],76,87,88,11,76
1,<environment.Job instance at 0x1513888daaa0>,47,3,[1 6],77,77,80,0,77
1,<environment.Job instance at 0x151378280370>,48,2,[1 6],78,80,82,2,78
1,<environment.Job instance at 0x1513782806e0>,49,1,[2 5],79,87,88,8,79
1,<environment.Job instance at 0x15137840ab40>,54,12,[2 9],84,89,101,5,89
1,<environment.Job instance at 0x151379881a00>,60,18,[10  2],99,101,119,2,99
1,<environment.Job instance at 0x1513784acb90>,3,3,[5 1],4,4,7,0,4
1,<environment.Job instance at 0x151378278960>,4,3,[1 7],5,5,8,0,5
1,<environment.Job instance at 0x15138a3b4f50>,5,3,[10  2],7,8,11,1,7
1,<environment.Job instance at 0x151378278140>,6,17,[9 2],9,11,28,2,9
1,<environment.Job instance at 0x1513887b31e0>,7,2,[9 2],11,28,30,17,11
1,<environment.Job instance at 0x151378278a00>,9,1,[8 1],16,30,31,14,16
1,<environment.Job instance at 0x1513782c1c80>,11,1,[1 8],18,18,19,0,18
1,<environment.Job instance at 0x1513782c1b90>,14,2,[7 2],21,31,33,10,21
1,<environment.Job instance at 0x1513782c1370>,15,1,[ 2 10],22,33,34,11,22
1,<environment.Job instance at 0x1513782c10a0>,16,16,[1 7],23,34,50,11,23
1,<environment.Job instance at 0x151376372320>,22,13,[1 9],31,50,63,19,40
1,<environment.Job instance at 0x151376372eb0>,23,2,[10  2],32,63,65,31,40
1,<environment.Job instance at 0x1513833afe10>,24,15,[9 1],34,40,55,6,40
1,<environment.Job instance at 0x151376372c80>,25,1,[1 5],35,65,66,30,40
1,<environment.Job instance at 0x1513777f6f50>,26,2,[1 9],36,66,68,30,40
1,<environment.Job instance at 0x1513c8250460>,27,2,[1 7],39,68,70,29,41
1,<environment.Job instance at 0x1513c8250870>,28,3,[1 8],40,70,73,30,44
1,<environment.Job instance at 0x151383ae90a0>,30,2,[2 8],42,73,75,31,46
1,<environment.Job instance at 0x151383ae9140>,31,3,[1 7],43,75,78,32,49
1,<environment.Job instance at 0x151383ae9a00>,32,2,[6 1],44,55,57,11,49
1,<environment.Job instance at 0x151383ae9c30>,33,3,[7 2],45,68,71,23,49
1,<environment.Job instance at 0x151383ae9cd0>,34,2,[8 1],46,57,59,11,49
1,<environment.Job instance at 0x151383ae9a50>,36,1,[10  1],48,78,79,30,55
1,<environment.Job instance at 0x151383ae91e0>,37,2,[8 2],50,71,73,21,55
1,<environment.Job instance at 0x151383ae9730>,38,1,[1 6],51,79,80,28,55
1,<environment.Job instance at 0x151383ae9c80>,39,3,[6 1],52,59,62,7,55
1,<environment.Job instance at 0x1513887a9960>,41,3,[2 5],54,80,83,26,57
1,<environment.Job instance at 0x1513887a95f0>,42,3,[2 8],56,83,86,27,57
1,<environment.Job instance at 0x151375829a50>,44,3,[1 8],58,460,463,402,460
1,<environment.Job instance at 0x151375829e60>,45,2,[2 5],60,463,465,403,460
1,<environment.Job instance at 0x151375829870>,46,3,[1 9],61,465,468,404,460
1,<environment.Job instance at 0x151375829050>,47,15,[9 1],62,465,480,403,460
1,<environment.Job instance at 0x151375829f00>,49,13,[8 1],64,480,493,416,464
1,<environment.Job instance at 0x151383adbe10>,50,3,[2 8],65,480,483,415,464
1,<environment.Job instance at 0x151383adbb40>,51,2,[1 7],66,468,470,402,464
1,<environment.Job instance at 0x151383adbc80>,52,2,[1 6],67,470,472,403,464
1,<environment.Job instance at 0x151383adbd20>,54,1,[2 7],70,483,484,413,464
1,<environment.Job instance at 0x151383adb640>,55,3,[8 2],71,493,496,422,467
1,<environment.Job instance at 0x151383adb050>,56,3,[ 2 10],72,496,499,424,470
1,<environment.Job instance at 0x151383adbfa0>,57,2,[9 1],74,499,501,425,472
1,<environment.Job instance at 0x151383adb0a0>,58,1,[2 5],75,484,485,409,472
1,<environment.Job instance at 0x151383adbaa0>,59,3,[1 8],77,472,475,395,472
1,<environment.Job instance at 0x15138aae5a50>,60,2,[2 8],80,485,487,405,472
1,<environment.Job instance at 0x1513833e65a0>,62,15,[10  1],83,501,516,418,487
1,<environment.Job instance at 0x1513833e6fa0>,63,3,[1 8],85,487,490,402,487
1,<environment.Job instance at 0x1513797da2d0>,65,3,[8 1],87,516,519,429,490
1,<environment.Job instance at 0x1513797da780>,66,3,[10  1],88,519,522,431,493
1,<environment.Job instance at 0x151376dbd4b0>,67,3,[1 8],89,493,496,404,493
1,<environment.Job instance at 0x151376dbdfa0>,69,2,[8 2],91,522,524,431,495
1,<environment.Job instance at 0x151376dbdaf0>,73,3,[ 2 10],97,524,527,427,498
1,<environment.Job instance at 0x1513833cffa0>,1,3,[2 5],3,3,6,0,3
1,<environment.Job instance at 0x1513796d3d70>,5,1,[6 1],8,8,9,0,8
1,<environment.Job instance at 0x1513751cceb0>,6,18,[8 2],9,9,27,0,9
1,<environment.Job instance at 0x1513751cc320>,9,3,[2 6],12,12,15,0,12
1,<environment.Job instance at 0x1513751cc0f0>,10,1,[5 2],13,27,28,14,13
1,<environment.Job instance at 0x151375330b90>,11,3,[7 1],14,28,31,14,14
1,<environment.Job instance at 0x1513753306e0>,12,2,[2 6],15,15,17,0,15
1,<environment.Job instance at 0x1513751cc820>,13,3,[2 7],17,17,20,0,17
1,<environment.Job instance at 0x151375330e10>,14,18,[1 6],18,20,38,2,19
1,<environment.Job instance at 0x151375330c80>,15,3,[1 5],20,38,41,18,20
1,<environment.Job instance at 0x15137513a3c0>,16,2,[2 8],21,41,43,20,21
1,<environment.Job instance at 0x151380057eb0>,24,3,[10  2],31,357,360,326,357
1,<environment.Job instance at 0x151375138870>,26,3,[10  1],35,360,363,325,357
1,<environment.Job instance at 0x1513800576e0>,27,3,[6 2],36,363,366,327,357
1,<environment.Job instance at 0x1513797dc7d0>,30,3,[10  1],39,377,380,338,377
1,<environment.Job instance at 0x1513797dcfa0>,31,1,[6 1],40,380,381,340,377
1,<environment.Job instance at 0x1513797dccd0>,33,1,[2 7],42,380,381,338,377
1,<environment.Job instance at 0x1513797dc230>,34,3,[7 1],43,381,384,338,377
1,<environment.Job instance at 0x1513797dcdc0>,35,1,[8 2],44,384,385,340,377
1,<environment.Job instance at 0x1513797dc500>,37,15,[1 8],47,394,409,347,394
1,<environment.Job instance at 0x1513797dc410>,38,2,[8 2],48,394,396,346,394
1,<environment.Job instance at 0x1513797dceb0>,40,3,[10  1],51,409,412,358,394
1,<environment.Job instance at 0x1513797dc640>,42,2,[10  1],54,412,414,358,394
1,<environment.Job instance at 0x1513797dc730>,43,1,[ 1 10],57,414,415,357,394
1,<environment.Job instance at 0x1513753df230>,45,1,[8 1],59,396,397,337,394
1,<environment.Job instance at 0x1513753dfcd0>,48,3,[2 7],65,415,418,350,395
1,<environment.Job instance at 0x1513753df4b0>,49,3,[10  2],68,418,421,350,395
1,<environment.Job instance at 0x1513753df050>,50,17,[5 2],70,421,438,351,409
1,<environment.Job instance at 0x1513797dd140>,51,3,[8 2],71,415,418,344,409
1,<environment.Job instance at 0x15137582e5a0>,55,3,[9 1],77,438,441,361,415
1,<environment.Job instance at 0x15137582e190>,58,3,[1 7],83,421,424,338,415
1,<environment.Job instance at 0x15137582e4b0>,59,1,[8 2],84,441,442,357,415
1,<environment.Job instance at 0x15137973fb90>,60,2,[10  1],85,442,444,357,415
1,<environment.Job instance at 0x15137582eb90>,62,16,[10  2],87,444,460,357,431
1,<environment.Job instance at 0x151379816aa0>,66,3,[2 9],92,460,463,368,434
1,<environment.Job instance at 0x1513888ebb90>,70,3,[10  2],98,463,466,365,437
1,<environment.Job instance at 0x1513888eb9b0>,71,1,[10  2],99,466,467,367,438
1,<environment.Job instance at 0x151374f71fa0>,1,3,[10  1],2,2,5,0,2
1,<environment.Job instance at 0x1513755a99b0>,2,3,[10  1],3,5,8,2,3
1,<environment.Job instance at 0x15137555a2d0>,6,2,[6 1],9,9,11,0,9
1,<environment.Job instance at 0x151383b23960>,9,3,[9 1],14,14,17,0,14
1,<environment.Job instance at 0x151383b23b40>,10,1,[8 2],16,17,18,1,16
1,<environment.Job instance at 0x151383b233c0>,11,3,[1 5],17,17,20,0,17
1,<environment.Job instance at 0x151383b23780>,12,1,[10  1],19,20,21,1,19
1,<environment.Job instance at 0x151383b23c30>,13,3,[8 1],20,21,24,1,20
1,<environment.Job instance at 0x151383b232d0>,14,2,[8 1],21,24,26,3,21
1,<environment.Job instance at 0x15137554c230>,15,1,[5 2],22,26,27,4,22
1,<environment.Job instance at 0x151375076b40>,16,3,[1 7],23,23,26,0,23
1,<environment.Job instance at 0x1513762ea4b0>,17,2,[5 1],24,26,28,2,24
1,<environment.Job instance at 0x1513750e0d70>,19,2,[5 2],27,27,29,0,27
1,<environment.Job instance at 0x151375b115f0>,22,2,[7 1],30,30,32,0,30
1,<environment.Job instance at 0x151381d431e0>,23,1,[10  1],31,32,33,1,31
1,<environment.Job instance at 0x15137626b870>,26,3,[2 5],34,34,37,0,34
1,<environment.Job instance at 0x15138009a460>,27,18,[10  1],35,37,55,2,35
1,<environment.Job instance at 0x151379634320>,37,14,[9 2],49,55,69,6,49
1,<environment.Job instance at 0x151375187aa0>,42,14,[2 8],55,69,83,14,55
1,<environment.Job instance at 0x1513759d0550>,43,15,[8 2],56,69,84,13,56
1,<environment.Job instance at 0x151379716cd0>,44,3,[1 7],58,58,61,0,58
1,<environment.Job instance at 0x15137550cd20>,45,3,[7 1],59,84,87,25,59
1,<environment.Job instance at 0x151378682dc0>,52,3,[2 6],68,83,86,15,68
1,<environment.Job instance at 0x151378682690>,53,14,[10  1],69,87,101,18,72
1,<environment.Job instance at 0x151383b365f0>,56,2,[8 1],73,101,103,28,75
1,<environment.Job instance at 0x151383b36af0>,57,3,[9 1],74,103,106,29,77
1,<environment.Job instance at 0x151383b36c80>,58,3,[8 2],75,106,109,31,80
1,<environment.Job instance at 0x151383b363c0>,65,1,[8 1],85,109,110,24,85
1,<environment.Job instance at 0x1513796ad2d0>,66,18,[10  1],86,110,128,24,99
1,<environment.Job instance at 0x1513796ad3c0>,67,1,[8 2],87,128,129,41,100
1,<environment.Job instance at 0x1513796ad1e0>,68,2,[7 1],88,129,131,41,102
1,<environment.Job instance at 0x1513796adbe0>,72,3,[8 2],92,131,134,39,105
1,<environment.Job instance at 0x1513796addc0>,75,14,[9 2],99,134,148,35,119
1,<environment.Job instance at 0x151378682c30>,50,2,[1 8],65,488,490,423,488
1,<environment.Job instance at 0x151378633820>,1,3,[1 5],2,2,5,0,2
1,<environment.Job instance at 0x1513786338c0>,2,2,[5 2],3,3,5,0,3
1,<environment.Job instance at 0x1513786827d0>,3,13,[8 1],5,5,18,0,5
1,<environment.Job instance at 0x1513756a7b40>,4,1,[7 2],6,18,19,12,6
1,<environment.Job instance at 0x1513756a7780>,5,2,[2 8],7,7,9,0,7
1,<environment.Job instance at 0x1513756a7a50>,6,12,[9 1],8,19,31,11,8
1,<environment.Job instance at 0x1513756a7190>,7,3,[9 2],10,31,34,21,10
1,<environment.Job instance at 0x1513756a7c30>,12,2,[8 1],16,34,36,18,16
1,<environment.Job instance at 0x151380069d20>,15,3,[10  2],19,36,39,17,19
1,<environment.Job instance at 0x151380069960>,16,18,[2 5],20,39,57,19,28
1,<environment.Job instance at 0x1513800694b0>,22,13,[8 1],26,39,52,13,28
1,<environment.Job instance at 0x1513800699b0>,23,1,[6 1],27,52,53,25,28
1,<environment.Job instance at 0x151380069190>,24,2,[ 1 10],28,57,59,29,30
1,<environment.Job instance at 0x151380069aa0>,25,1,[5 1],29,53,54,24,30
1,<environment.Job instance at 0x151380069c80>,26,3,[5 2],30,54,57,24,30
1,<environment.Job instance at 0x1513784be8c0>,28,3,[5 2],35,59,62,24,35
1,<environment.Job instance at 0x1513784bee60>,30,2,[8 2],37,62,64,25,45
1,<environment.Job instance at 0x1513784beaa0>,32,1,[8 2],39,64,65,25,61
1,<environment.Job instance at 0x1513784be910>,35,3,[9 1],44,65,68,21,61
1,<environment.Job instance at 0x15137865eb90>,36,14,[2 5],46,68,82,22,61
1,<environment.Job instance at 0x15137865e0a0>,37,2,[1 8],47,61,63,14,61
1,<environment.Job instance at 0x15137865eb40>,38,1,[5 1],48,68,69,20,61
1,<environment.Job instance at 0x15137865eaf0>,40,2,[8 1],51,69,71,18,64
1,<environment.Job instance at 0x15137865e410>,41,2,[6 2],53,71,73,18,64
1,<environment.Job instance at 0x15137865e4b0>,42,2,[1 5],54,64,66,10,64
1,<environment.Job instance at 0x15137865ecd0>,43,2,[9 2],55,82,84,27,64
1,<environment.Job instance at 0x15137865eaa0>,44,1,[9 1],58,84,85,26,64
1,<environment.Job instance at 0x15137865e5f0>,45,2,[9 1],59,85,87,26,64
1,<environment.Job instance at 0x15137865eeb0>,46,2,[6 2],60,73,75,13,64
1,<environment.Job instance at 0x15137865e7d0>,47,2,[2 9],62,87,89,25,64
1,<environment.Job instance at 0x1513797e11e0>,49,3,[7 1],64,87,90,23,81
1,<environment.Job instance at 0x1513797e1f00>,50,2,[ 1 10],65,90,92,25,81
1,<environment.Job instance at 0x1513797e1320>,52,2,[1 8],68,84,86,16,84
1,<environment.Job instance at 0x1513797e1d20>,54,1,[1 5],70,1351,1352,1281,1351
1,<environment.Job instance at 0x1513797e1be0>,55,3,[2 8],71,1352,1355,1281,1351
1,<environment.Job instance at 0x1513797e1140>,56,12,[7 2],72,1351,1363,1279,1351
1,<environment.Job instance at 0x1513797e15a0>,57,1,[2 5],74,1355,1356,1281,1351
1,<environment.Job instance at 0x1513797e1b90>,58,17,[ 1 10],76,1363,1380,1287,1351
1,<environment.Job instance at 0x1513797e1230>,59,3,[1 6],79,1356,1359,1277,1351
1,<environment.Job instance at 0x1513783e3fa0>,60,3,[2 6],80,1359,1362,1279,1351
1,<environment.Job instance at 0x1513783e3910>,61,3,[2 5],81,1380,1383,1299,1354
1,<environment.Job instance at 0x151375d90aa0>,63,12,[9 1],83,1383,1395,1300,1366
1,<environment.Job instance at 0x151375d90af0>,64,3,[7 2],85,1380,1383,1295,1366
1,<environment.Job instance at 0x151375d90050>,65,3,[1 6],87,1383,1386,1296,1366
1,<environment.Job instance at 0x151375d90f00>,67,2,[8 1],93,1395,1397,1302,1368
1,<environment.Job instance at 0x151375d90d20>,68,3,[9 2],94,1397,1400,1303,1371
1,<environment.Job instance at 0x151375d90cd0>,69,1,[2 8],96,1395,1396,1299,1371
1,<environment.Job instance at 0x14c8b0ce4460>,1,3,[1 9],2,2,5,0,2
1,<environment.Job instance at 0x14c85a4a9820>,5,3,[9 2],6,6,9,0,6
1,<environment.Job instance at 0x14c85a4a9870>,6,18,[8 1],7,9,27,2,7
1,<environment.Job instance at 0x14c85ab79910>,19,3,[6 2],26,27,30,1,26
1,<environment.Job instance at 0x14c85ac06a50>,21,3,[6 1],29,30,33,1,29
1,<environment.Job instance at 0x14c85abba370>,24,12,[ 1 10],32,33,45,1,32
1,<environment.Job instance at 0x14c85abb5c80>,29,16,[10  2],39,45,61,6,39
1,<environment.Job instance at 0x14c85abb57d0>,31,3,[9 2],41,61,64,20,41
1,<environment.Job instance at 0x14c85abb48c0>,38,1,[8 1],51,64,65,13,51
1,<environment.Job instance at 0x14c85abb4c30>,39,3,[1 5],52,61,64,9,52
1,<environment.Job instance at 0x14c85ac2c9b0>,40,3,[1 6],53,64,67,11,53
1,<environment.Job instance at 0x14c85ac04550>,42,1,[10  1],56,67,68,11,61
1,<environment.Job instance at 0x14c85ac2cf00>,43,3,[7 2],57,68,71,11,61
1,<environment.Job instance at 0x14c85ac2c550>,44,3,[1 8],58,68,71,10,61
1,<environment.Job instance at 0x14c85ac2cfa0>,45,3,[2 8],60,71,74,11,61
1,<environment.Job instance at 0x14c85abd17d0>,49,16,[8 2],66,71,87,5,66
1,<environment.Job instance at 0x14c85a704a50>,50,12,[9 1],68,87,99,19,70
1,<environment.Job instance at 0x14c85abde370>,56,1,[10  2],79,99,100,20,79
1,<environment.Job instance at 0x14c85abced70>,59,1,[1 9],85,87,88,2,85
1,<environment.Job instance at 0x14c85a6ffaf0>,60,17,[8 1],86,100,117,14,88
1,<environment.Job instance at 0x14c85a717d20>,61,3,[1 5],87,88,91,1,88
1,<environment.Job instance at 0x14c85a717dc0>,62,3,[9 2],88,117,120,29,91
1,<environment.Job instance at 0x14c85a71bf50>,63,3,[10  1],89,120,123,31,94
1,<environment.Job instance at 0x14c85a71bb90>,65,3,[2 9],92,105,108,13,105
1,<environment.Job instance at 0x14c85a71e230>,66,3,[1 9],93,108,111,15,105
1,<environment.Job instance at 0x14c85a71e910>,68,3,[1 9],95,111,114,16,105
1,<environment.Job instance at 0x14c85abd7910>,71,3,[2 9],99,114,117,15,105
1,<environment.Job instance at 0x14c85abd7140>,72,13,[7 2],102,123,136,21,107
1,<environment.Job instance at 0x14c85a71f2d0>,74,3,[6 2],106,136,139,30,110
1,<environment.Job instance at 0x14c85a4c5e60>,0,3,[7 2],1,1,4,0,1
1,<environment.Job instance at 0x14c85a4c5d70>,2,3,[ 2 10],4,4,7,0,4
1,<environment.Job instance at 0x14c85abb4e60>,4,1,[10  1],7,7,8,0,7
1,<environment.Job instance at 0x14c85cc42870>,6,1,[7 2],10,10,11,0,10
1,<environment.Job instance at 0x14c85cc4b190>,13,15,[7 1],19,19,34,0,19
1,<environment.Job instance at 0x14c85cc3b0a0>,17,12,[9 2],24,34,46,10,24
1,<environment.Job instance at 0x14c85cc3bf00>,18,15,[10  2],25,46,61,21,32
1,<environment.Job instance at 0x14c85ccb30f0>,31,3,[ 2 10],42,61,64,19,53
1,<environment.Job instance at 0x14c85ccb3c30>,32,3,[2 5],43,64,67,21,53
1,<environment.Job instance at 0x14c85ccb3960>,34,3,[5 2],46,64,67,18,53
1,<environment.Job instance at 0x14c85ccb3af0>,35,15,[9 2],47,67,82,20,53
1,<environment.Job instance at 0x14c85ccb3b40>,37,1,[1 6],49,67,68,18,53
1,<environment.Job instance at 0x14c85cc41320>,38,1,[1 7],50,68,69,18,53
1,<environment.Job instance at 0x14c85cc41910>,39,3,[9 1],53,82,85,29,56
1,<environment.Job instance at 0x14c85cc41c30>,42,15,[1 6],57,69,84,12,67
1,<environment.Job instance at 0x14c85cc41730>,43,3,[7 2],58,85,88,27,67
1,<environment.Job instance at 0x14c85cca6a00>,45,3,[1 7],61,84,87,23,67
1,<environment.Job instance at 0x14c85cca6410>,48,3,[1 9],64,88,91,24,82
1,<environment.Job instance at 0x14c85cca6be0>,49,2,[7 2],65,91,93,26,82
1,<environment.Job instance at 0x14c85cca6cd0>,50,12,[6 1],66,93,105,27,82
1,<environment.Job instance at 0x14c85cca60a0>,51,28,[2 8],69,91,119,22,90
1,<environment.Job instance at 0x14c85cca6eb0>,52,3,[5 1],73,105,108,32,90
1,<environment.Job instance at 0x14c85cca6a50>,53,15,[1 7],75,119,134,44,105
1,<environment.Job instance at 0x14c85ccb4780>,57,3,[5 2],82,108,111,26,106
1,<environment.Job instance at 0x14c85cd4c190>,63,2,[9 1],89,119,121,30,117
1,<environment.Job instance at 0x14c85ccb4140>,64,3,[5 2],90,121,124,31,117
1,<environment.Job instance at 0x14c85cd4c3c0>,66,13,[ 2 10],92,134,147,42,118
1,<environment.Job instance at 0x14c85cd4c500>,67,1,[1 7],93,147,148,54,119
1,<environment.Job instance at 0x14c85cd4c140>,69,15,[1 7],95,148,163,53,134
1,<environment.Job instance at 0x14c85cd47c80>,72,12,[7 1],100,147,159,47,143
1,<environment.Job instance at 0x14c85cd4c550>,73,2,[8 2],101,159,161,58,143
1,<environment.Job instance at 0x14c85cd475a0>,74,3,[8 1],102,161,164,59,143
1,<environment.Job instance at 0x14c85cd47af0>,75,2,[2 5],103,163,165,60,143
1,<environment.Job instance at 0x14c85cd47f00>,76,3,[6 1],104,164,167,60,143
1,<environment.Job instance at 0x14c85cd477d0>,77,2,[10  1],105,167,169,62,143
1,<environment.Job instance at 0x14c85cd58dc0>,78,3,[ 2 10],107,169,172,62,143
1,<environment.Job instance at 0x14c85cd58fa0>,80,16,[1 6],109,172,188,63,159
1,<environment.Job instance at 0x14c85e214aa0>,2,1,[2 6],3,3,4,0,3
1,<environment.Job instance at 0x14c85cc3b320>,3,16,[9 1],6,6,22,0,6
1,<environment.Job instance at 0x14c85e214b90>,4,15,[9 2],10,22,37,12,10
1,<environment.Job instance at 0x14c85e214af0>,6,12,[1 5],12,12,24,0,12
1,<environment.Job instance at 0x14c85e214280>,8,1,[9 1],15,37,38,22,15
1,<environment.Job instance at 0x14c85cc23be0>,10,1,[ 1 10],17,38,39,21,18
1,<environment.Job instance at 0x14c85cc23320>,11,2,[1 5],19,24,26,5,19
1,<environment.Job instance at 0x14c85cc23370>,12,3,[1 5],20,26,29,6,21
1,<environment.Job instance at 0x14c85cc236e0>,13,2,[10  2],21,39,41,18,23
1,<environment.Job instance at 0x14c85cc23e60>,14,3,[2 8],25,41,44,16,25
1,<environment.Job instance at 0x14c85e108c30>,19,18,[10  1],36,44,62,8,36
1,<environment.Job instance at 0x14c85e203190>,20,2,[7 2],37,41,43,4,38
1,<environment.Job instance at 0x14c85e203dc0>,23,3,[8 1],42,62,65,20,42
1,<environment.Job instance at 0x14c85e203fa0>,21,2,[2 5],38,62,64,24,42
1,<environment.Job instance at 0x14c85e06af50>,29,16,[1 7],49,64,80,15,51
1,<environment.Job instance at 0x14c85e06a780>,31,2,[6 2],52,65,67,13,52
1,<environment.Job instance at 0x14c85e15b780>,38,1,[2 8],61,80,81,19,61
1,<environment.Job instance at 0x14c85e15b7d0>,39,1,[7 1],62,67,68,5,62
1,<environment.Job instance at 0x14c85e15b6e0>,40,18,[5 2],63,68,86,5,63
1,<environment.Job instance at 0x14c85e0b74b0>,41,2,[8 2],65,86,88,21,65
1,<environment.Job instance at 0x14c85e0b7f50>,42,3,[1 7],66,81,84,15,66
1,<environment.Job instance at 0x14c85e0b70a0>,43,18,[8 1],67,88,106,21,77
1,<environment.Job instance at 0x14c85e073af0>,46,3,[1 7],70,84,87,14,77
1,<environment.Job instance at 0x14c85e073b90>,50,1,[1 6],77,87,88,10,79
1,<environment.Job instance at 0x14c85ccbdaa0>,52,2,[10  1],79,106,108,27,81
1,<environment.Job instance at 0x14c85cc37870>,53,3,[2 7],80,88,91,8,81
1,<environment.Job instance at 0x14c85cc37320>,56,3,[1 8],85,91,94,6,85
1,<environment.Job instance at 0x14c85cc37e10>,57,12,[7 2],87,108,120,21,91
1,<environment.Job instance at 0x14c85cf98a50>,60,14,[8 2],92,120,134,28,105
1,<environment.Job instance at 0x14c85e1d7320>,68,3,[1 9],102,134,137,32,108
1,<environment.Job instance at 0x14c85e1d79b0>,69,1,[6 1],103,134,135,31,108
1,<environment.Job instance at 0x14c85e1d7c80>,70,3,[5 1],104,135,138,31,109
1,<environment.Job instance at 0x14c85e51ae60>,71,3,[1 7],109,109,112,0,109
1,<environment.Job instance at 0x14c85e073a00>,1,20,[8 2],2,2,22,0,2
1,<environment.Job instance at 0x14c85a097370>,2,2,[10  1],3,22,24,19,4
1,<environment.Job instance at 0x14c85e4f03c0>,3,3,[1 9],4,24,27,20,6
1,<environment.Job instance at 0x14c865079c80>,4,3,[1 8],8,11,14,3,11
1,<environment.Job instance at 0x14c866ab41e0>,6,2,[9 2],12,27,29,15,12
1,<environment.Job instance at 0x14c866d1e230>,7,3,[5 2],13,29,32,16,13
1,<environment.Job instance at 0x14c866d1ef50>,9,1,[ 2 10],15,32,33,17,15
1,<environment.Job instance at 0x14c85f3c26e0>,13,12,[2 9],23,33,45,10,25
1,<environment.Job instance at 0x14c863d56a00>,16,15,[8 2],26,45,60,19,31
1,<environment.Job instance at 0x14c85f3e25a0>,5,2,[2 7],11,45,47,34,35
1,<environment.Job instance at 0x14c8643e0410>,17,17,[10  1],28,60,77,32,48
1,<environment.Job instance at 0x14c864372c30>,20,3,[2 7],33,48,51,15,48
1,<environment.Job instance at 0x14c8626edaa0>,24,2,[1 6],42,452,454,410,452
1,<environment.Job instance at 0x14c86438ac80>,25,1,[1 9],43,454,455,411,452
1,<environment.Job instance at 0x14c85e1327d0>,26,3,[1 8],44,455,458,411,452
1,<environment.Job instance at 0x14c8626e95f0>,27,1,[9 2],45,452,453,407,452
1,<environment.Job instance at 0x14c85e505730>,28,18,[ 1 10],46,458,476,412,452
1,<environment.Job instance at 0x14c8643b1a00>,29,2,[1 6],48,476,478,428,452
1,<environment.Job instance at 0x14c865214be0>,30,3,[ 2 10],50,478,481,428,452
1,<environment.Job instance at 0x14c865075d20>,31,1,[7 2],51,453,454,402,452
1,<environment.Job instance at 0x14c865075370>,32,3,[9 1],52,454,457,402,452
1,<environment.Job instance at 0x14c865075e60>,34,1,[6 2],55,476,477,421,467
1,<environment.Job instance at 0x14c865007aa0>,35,3,[2 7],56,481,484,425,467
1,<environment.Job instance at 0x14c8650751e0>,36,14,[7 2],57,481,495,424,467
1,<environment.Job instance at 0x14c865007e60>,37,2,[ 1 10],59,495,497,436,468
1,<environment.Job instance at 0x14c865007d20>,38,3,[10  2],60,497,500,437,471
1,<environment.Job instance at 0x14c8650075f0>,40,3,[9 1],64,500,503,436,474
1,<environment.Job instance at 0x14c865007eb0>,43,3,[5 1],70,503,506,433,478
1,<environment.Job instance at 0x14c865214c80>,22,2,[8 1],38,506,508,468,485
1,<environment.Job instance at 0x14c865007050>,44,14,[1 6],72,500,514,428,485
1,<environment.Job instance at 0x14c865007be0>,46,1,[2 7],74,485,486,411,485
1,<environment.Job instance at 0x14c85f3c5a00>,48,2,[6 1],76,508,510,432,486
1,<environment.Job instance at 0x14c865007320>,49,3,[9 2],78,510,513,432,486
1,<environment.Job instance at 0x14c864386050>,50,3,[6 2],81,513,516,432,487
1,<environment.Job instance at 0x14c865007e10>,52,3,[1 7],83,487,490,404,487
1,<environment.Job instance at 0x14c85f3f1dc0>,55,3,[1 7],88,490,493,402,489
1,<environment.Job instance at 0x14c85f3cbeb0>,58,3,[6 1],93,516,519,423,493
1,<environment.Job instance at 0x14c863d2ec80>,60,2,[2 9],95,516,518,421,494
1,<environment.Job instance at 0x14c864377780>,61,2,[2 5],96,514,516,418,494
1,<environment.Job instance at 0x14c8643a07d0>,62,16,[2 9],97,518,534,421,505
1,<environment.Job instance at 0x14c8643a0050>,64,3,[8 1],99,519,522,420,509
1,<environment.Job instance at 0x14c8643a0d20>,65,3,[8 1],103,522,525,419,509
1,<environment.Job instance at 0x14c85f3cfeb0>,66,1,[10  1],104,534,535,430,509
1,<environment.Job instance at 0x14c867fd28c0>,68,15,[2 8],108,535,550,427,521
1,<environment.Job instance at 0x14c8643e0140>,1,1,[2 6],3,3,4,0,3
1,<environment.Job instance at 0x14c85e50caa0>,3,2,[8 1],6,6,8,0,6
1,<environment.Job instance at 0x14c8644b4f00>,4,3,[2 9],7,7,10,0,7
1,<environment.Job instance at 0x14c8626e6690>,6,3,[1 5],10,10,13,0,10
1,<environment.Job instance at 0x14c865155af0>,8,3,[2 8],12,13,16,1,12
1,<environment.Job instance at 0x14c859e68a00>,11,3,[1 6],17,17,20,0,17
1,<environment.Job instance at 0x14c85e1806e0>,13,14,[9 1],20,20,34,0,20
1,<environment.Job instance at 0x14c85a4c5eb0>,14,3,[10  1],21,34,37,13,21
1,<environment.Job instance at 0x14c85a4e1b90>,20,15,[10  1],29,37,52,8,29
1,<environment.Job instance at 0x14c85a4e1640>,30,18,[8 2],43,52,70,9,52
1,<environment.Job instance at 0x14c86515efa0>,31,3,[1 6],44,52,55,8,52
1,<environment.Job instance at 0x14c86515e460>,32,16,[1 5],45,55,71,10,52
1,<environment.Job instance at 0x14c85abe2910>,35,15,[7 2],48,70,85,22,56
1,<environment.Job instance at 0x14c85a4dbdc0>,39,3,[2 8],52,71,74,19,56
1,<environment.Job instance at 0x14c860c4d0f0>,41,3,[5 2],56,85,88,29,59
1,<environment.Job instance at 0x14c85e0726e0>,52,3,[2 5],71,74,77,3,71
1,<environment.Job instance at 0x14c85e007820>,53,12,[6 1],72,88,100,16,72
1,<environment.Job instance at 0x14c85e547e60>,55,1,[7 1],76,100,101,24,76
1,<environment.Job instance at 0x14c85dff7820>,57,1,[7 2],78,101,102,23,78
1,<environment.Job instance at 0x14c866aded70>,58,3,[10  2],79,102,105,23,79
1,<environment.Job instance at 0x14c86444c190>,60,15,[1 8],82,82,97,0,82
1,<environment.Job instance at 0x14c86444c9b0>,61,3,[1 7],83,97,100,14,83
1,<environment.Job instance at 0x14c85cf99e10>,64,17,[9 2],88,217,234,129,217
1,<environment.Job instance at 0x14c85cf99280>,68,3,[2 7],92,234,237,142,217
1,<environment.Job instance at 0x14c85ccc6460>,71,1,[2 5],96,237,238,141,217
1,<environment.Job instance at 0x14c85cf7a730>,76,3,[1 7],103,220,223,117,220
1,<environment.Job instance at 0x14c85cf7a320>,78,14,[1 6],105,238,252,133,223
1,<environment.Job instance at 0x14c85cf7a910>,79,17,[9 1],106,238,255,132,226
1,<environment.Job instance at 0x14c85f3f9a50>,1,3,[9 2],2,2,5,0,2
1,<environment.Job instance at 0x14c85a4e15f0>,3,16,[10  2],4,5,21,1,5
1,<environment.Job instance at 0x14c859e701e0>,7,2,[7 2],10,21,23,11,10
1,<environment.Job instance at 0x14c859e70370>,10,14,[6 1],13,23,37,10,13
1,<environment.Job instance at 0x14c85a0cbd70>,11,1,[2 5],14,21,22,7,14
1,<environment.Job instance at 0x14c85a0cbf50>,12,14,[2 8],15,22,36,7,19
1,<environment.Job instance at 0x14c85a0cbe60>,19,3,[7 1],26,37,40,11,26
1,<environment.Job instance at 0x14c85a0cbfa0>,21,3,[1 9],28,36,39,8,28
1,<environment.Job instance at 0x14c85a0cb190>,22,16,[10  1],29,40,56,11,29
1,<environment.Job instance at 0x14c85a200f50>,25,12,[7 1],34,56,68,22,39
1,<environment.Job instance at 0x14c85a2003c0>,27,3,[6 1],39,68,71,29,42
1,<environment.Job instance at 0x14c85a200460>,28,3,[8 1],40,71,74,31,45
1,<environment.Job instance at 0x14c85a200690>,29,2,[7 1],42,74,76,32,47
1,<environment.Job instance at 0x14c85a200320>,30,18,[2 6],44,56,74,12,47
1,<environment.Job instance at 0x14c85a2000f0>,31,1,[7 1],46,76,77,30,48
1,<environment.Job instance at 0x14c85a200140>,34,3,[5 2],50,77,80,27,51
1,<environment.Job instance at 0x14c85a230cd0>,37,3,[8 1],53,80,83,27,54
1,<environment.Job instance at 0x14c85a230b90>,38,3,[2 6],56,74,77,18,56
1,<environment.Job instance at 0x14c85a230460>,40,16,[1 5],61,77,93,16,64
1,<environment.Job instance at 0x14c85a230780>,41,1,[1 9],62,93,94,31,65
1,<environment.Job instance at 0x14c85a230c30>,42,3,[2 9],64,94,97,30,68
1,<environment.Job instance at 0x14c85a2300f0>,43,1,[10  2],65,97,98,32,69
1,<environment.Job instance at 0x14c85a230b40>,44,1,[5 2],66,83,84,17,69
1,<environment.Job instance at 0x14c85a230eb0>,48,3,[10  2],73,98,101,25,82
1,<environment.Job instance at 0x14c859e94fa0>,50,3,[1 9],78,101,104,23,82
1,<environment.Job instance at 0x14c859e94c30>,52,1,[6 2],82,86,87,4,86
1,<environment.Job instance at 0x14c859e949b0>,53,3,[10  2],84,104,107,20,86
1,<environment.Job instance at 0x14c864531410>,54,3,[5 1],88,88,91,0,88
1,<environment.Job instance at 0x14c864531cd0>,58,3,[9 1],92,101,104,9,92
1,<environment.Job instance at 0x14c8645311e0>,59,14,[2 8],93,107,121,14,94
1,<environment.Job instance at 0x14c864531910>,62,21,[1 8],96,121,142,25,113
1,<environment.Job instance at 0x14c86444cb40>,64,2,[6 1],99,114,116,15,114
1,<environment.Job instance at 0x14c86444c690>,65,2,[ 1 10],100,142,144,42,115
1,<environment.Job instance at 0x14c86444cfa0>,66,3,[9 2],102,121,124,19,115
1,<environment.Job instance at 0x14c86444cf50>,67,2,[5 1],103,116,118,13,115
1,<environment.Job instance at 0x14c86444c820>,69,3,[9 2],105,124,127,19,123
1,<environment.Job instance at 0x14c85a200be0>,1,1,[5 1],3,3,4,0,3
1,<environment.Job instance at 0x14c85a37c5f0>,2,13,[10  1],5,5,18,0,5
1,<environment.Job instance at 0x14c859e81c80>,3,2,[1 8],7,18,20,11,8
1,<environment.Job instance at 0x14c859e81a50>,5,3,[2 8],9,20,23,11,9
1,<environment.Job instance at 0x14c85a05dd70>,7,2,[8 2],15,18,20,3,15
1,<environment.Job instance at 0x14c859e81910>,9,3,[6 2],17,20,23,3,17
1,<environment.Job instance at 0x14c859e81140>,10,1,[8 1],19,23,24,4,19
1,<environment.Job instance at 0x14c85ac846e0>,11,3,[1 9],21,23,26,2,21
1,<environment.Job instance at 0x14c85cd84320>,13,2,[7 2],25,26,28,1,25
1,<environment.Job instance at 0x14c859d59460>,14,12,[7 1],26,28,40,2,26
1,<environment.Job instance at 0x14c85a3d23c0>,0,3,[5 2],2,2,5,0,2
1,<environment.Job instance at 0x14c85ac6e230>,2,1,[8 1],4,5,6,1,4
1,<environment.Job instance at 0x14c85ac6eeb0>,3,1,[1 5],6,7,8,1,7
1,<environment.Job instance at 0x14c85ce1e050>,4,1,[10  1],8,8,9,0,8
1,<environment.Job instance at 0x14c85ce1e0f0>,5,1,[5 2],9,9,10,0,9
1,<environment.Job instance at 0x14c859e70c80>,6,17,[10  1],10,10,27,0,10
1,<environment.Job instance at 0x14c859e70d20>,8,1,[10  2],13,27,28,14,13
1,<environment.Job instance at 0x14c85cdf9320>,13,15,[7 2],19,28,43,9,19
1,<environment.Job instance at 0x14c85cdf94b0>,14,15,[6 1],20,43,58,23,29
1,<environment.Job instance at 0x14c8626cbaa0>,17,16,[1 8],23,29,45,6,29
1,<environment.Job instance at 0x14c85cdf90f0>,18,14,[2 6],25,45,59,20,30
1,<environment.Job instance at 0x14c85cdf92d0>,19,1,[9 1],26,59,60,33,31
1,<environment.Job instance at 0x14c85ce12be0>,21,2,[10  2],28,60,62,32,35
1,<environment.Job instance at 0x14c85ce12c30>,22,15,[9 2],30,62,77,32,48
1,<environment.Job instance at 0x14c85cbce640>,27,1,[6 2],37,58,59,21,50
1,<environment.Job instance at 0x14c85f3e7f00>,28,1,[5 1],38,77,78,39,50
1,<environment.Job instance at 0x14c85f3eb6e0>,30,3,[2 6],41,77,80,36,51
1,<environment.Job instance at 0x14c85f3ebf50>,31,2,[9 1],42,80,82,38,53
1,<environment.Job instance at 0x14c85cf74230>,32,13,[6 1],44,82,95,38,66
1,<environment.Job instance at 0x14c85cf3a410>,37,13,[2 6],49,82,95,33,68
1,<environment.Job instance at 0x14c85cf3af00>,39,1,[8 2],53,78,79,25,69
1,<environment.Job instance at 0x14c85cf3a780>,41,17,[2 7],55,95,112,40,83
1,<environment.Job instance at 0x14c85cf3a320>,43,16,[6 1],57,95,111,38,86
1,<environment.Job instance at 0x14c85cf3aeb0>,44,1,[8 2],58,111,112,53,86
1,<environment.Job instance at 0x14c85cf3a910>,45,1,[5 2],59,112,113,53,86
1,<environment.Job instance at 0x14c85cf3a3c0>,46,1,[7 1],60,113,114,53,86
1,<environment.Job instance at 0x14c85acd00a0>,47,1,[1 8],61,112,113,51,86
1,<environment.Job instance at 0x14c85acd0af0>,48,2,[6 2],62,114,116,52,87
1,<environment.Job instance at 0x14c85acd0370>,50,1,[6 2],65,116,117,51,95
1,<environment.Job instance at 0x14c85cf6df50>,51,3,[8 2],66,117,120,51,95
1,<environment.Job instance at 0x14c85cf76820>,52,2,[ 1 10],68,120,122,52,95
1,<environment.Job instance at 0x14c85cf76190>,53,13,[10  1],69,122,135,53,106
1,<environment.Job instance at 0x14c85e0c2050>,57,3,[10  1],73,135,138,62,109
1,<environment.Job instance at 0x14c85cf67140>,58,3,[6 1],74,138,141,64,112
1,<environment.Job instance at 0x14c85cf676e0>,60,3,[2 7],76,113,116,37,112
1,<environment.Job instance at 0x14c8626d06e0>,63,3,[5 2],79,141,144,62,116
1,<environment.Job instance at 0x14c8626d0d20>,65,3,[2 8],81,116,119,35,116
1,<environment.Job instance at 0x14c860c66910>,67,13,[7 2],84,144,157,60,128
1,<environment.Job instance at 0x14c85acbe640>,70,3,[10  2],87,157,160,70,131
1,<environment.Job instance at 0x14c85acbe5a0>,71,3,[2 5],89,138,141,49,131
1,<environment.Job instance at 0x14c85acbe410>,72,17,[1 7],90,160,177,70,148
1,<environment.Job instance at 0x14c85acbe230>,73,3,[7 2],91,160,163,69,148
1,<environment.Job instance at 0x14c85acbeaa0>,78,2,[10  1],97,177,179,80,152
1,<environment.Job instance at 0x14c85acbeeb0>,81,16,[6 2],101,179,195,78,166
1,<environment.Job instance at 0x14c85acbedc0>,82,1,[6 1],102,166,167,64,166
1,<environment.Job instance at 0x14c85acbec30>,83,2,[9 1],104,167,169,63,166
1,<environment.Job instance at 0x14c85acbeb40>,84,19,[1 5],106,179,198,73,169
1,<environment.Job instance at 0x14c85acba370>,85,1,[8 1],107,169,170,62,169
1,<environment.Job instance at 0x14c85acba140>,86,1,[5 1],109,170,171,61,169
1,<environment.Job instance at 0x14c8643ba230>,5,2,[6 1],9,9,11,0,9
1,<environment.Job instance at 0x14c85acba140>,6,17,[1 7],10,10,27,0,10
1,<environment.Job instance at 0x14c85acba4b0>,7,15,[10  2],14,27,42,13,14
1,<environment.Job instance at 0x14c85e4a7370>,14,14,[1 6],23,113,127,90,113
1,<environment.Job instance at 0x14c85a0655a0>,15,1,[1 8],24,127,128,103,113
1,<environment.Job instance at 0x14c85a065690>,16,1,[2 9],26,128,129,102,113
1,<environment.Job instance at 0x14c85ceb1c80>,17,2,[10  2],27,129,131,102,113
1,<environment.Job instance at 0x14c85ceb1b40>,18,1,[6 1],30,113,114,83,113
1,<environment.Job instance at 0x14c85ceb1500>,19,1,[7 2],32,114,115,82,113
1,<environment.Job instance at 0x14c85ceb1eb0>,20,2,[2 7],33,131,133,98,113
1,<environment.Job instance at 0x14c85ceb1870>,21,3,[2 5],34,133,136,99,113
1,<environment.Job instance at 0x14c85ceb1d70>,23,12,[5 2],37,131,143,94,121
1,<environment.Job instance at 0x14c863d526e0>,24,1,[10  1],38,143,144,105,121
1,<environment.Job instance at 0x14c85ceb18c0>,25,3,[10  1],41,144,147,103,121
1,<environment.Job instance at 0x14c85ceb19b0>,26,2,[ 2 10],42,147,149,105,121
1,<environment.Job instance at 0x14c85ceb1230>,27,3,[9 2],43,121,124,78,121
1,<environment.Job instance at 0x14c85a256be0>,28,1,[1 9],44,149,150,105,121
1,<environment.Job instance at 0x14c85a256820>,29,1,[8 2],47,124,125,77,121
1,<environment.Job instance at 0x14c8651ac5f0>,31,1,[9 2],50,125,126,75,121
1,<environment.Job instance at 0x14c85a256cd0>,32,1,[10  1],51,150,151,99,122
1,<environment.Job instance at 0x14c859ff50a0>,34,13,[7 2],54,151,164,97,147
1,<environment.Job instance at 0x14c866a85cd0>,35,3,[6 2],56,164,167,108,147
1,<environment.Job instance at 0x14c85cc64410>,38,14,[7 1],60,176,190,116,176
1,<environment.Job instance at 0x14c85cc64e60>,39,2,[7 1],61,190,192,129,176
1,<environment.Job instance at 0x14c85cc64a50>,40,1,[8 1],62,192,193,130,176
1,<environment.Job instance at 0x14c865112e60>,41,2,[10  2],63,193,195,130,176
1,<environment.Job instance at 0x14c865112af0>,42,14,[9 1],64,195,209,131,180
1,<environment.Job instance at 0x14c865112230>,43,3,[9 2],65,209,212,144,183
1,<environment.Job instance at 0x14c867f5f0a0>,47,3,[9 2],71,212,215,141,186
1,<environment.Job instance at 0x14c867f5f5a0>,48,3,[10  1],72,215,218,143,189
1,<environment.Job instance at 0x14c85d000140>,50,2,[8 2],80,218,220,138,191
1,<environment.Job instance at 0x14c85acf0d20>,1,3,[1 8],3,195,198,192,192
1,<environment.Job instance at 0x14c85d0005f0>,52,3,[1 9],82,198,201,116,192
1,<environment.Job instance at 0x14c85ac75910>,55,3,[2 8],88,218,221,130,193
1,<environment.Job instance at 0x14c85ac75f50>,58,2,[8 2],92,220,222,128,193
1,<environment.Job instance at 0x14c867f44be0>,59,15,[10  1],93,222,237,129,208
1,<environment.Job instance at 0x14c85ac75b90>,61,1,[8 2],95,237,238,142,209
1,<environment.Job instance at 0x14c85a035960>,62,2,[ 1 10],96,238,240,142,211
1,<environment.Job instance at 0x14c85a035690>,64,1,[5 1],98,240,241,142,228
1,<environment.Job instance at 0x14c85b736690>,68,12,[6 2],103,241,253,138,228
1,<environment.Job instance at 0x14c859a629b0>,69,3,[1 7],104,240,243,136,228
1,<environment.Job instance at 0x14c859ebdd70>,71,3,[9 1],107,253,256,146,228
1,<environment.Job instance at 0x14c8643ba3c0>,4,1,[6 1],7,452,453,445,452
1,<environment.Job instance at 0x14c85acf0d70>,3,2,[7 2],6,479,481,473,479
1,<environment.Job instance at 0x14c85ce31eb0>,2,1,[6 1],3,3,4,0,3
1,<environment.Job instance at 0x14c865075fa0>,3,3,[5 2],4,5,8,1,5
1,<environment.Job instance at 0x14c8b0be1460>,5,2,[8 2],6,8,10,2,6
1,<environment.Job instance at 0x14c85e562d70>,11,23,[9 1],16,16,39,0,16
1,<environment.Job instance at 0x14c85abe3cd0>,16,3,[6 1],23,39,42,16,23
1,<environment.Job instance at 0x14c860c781e0>,17,2,[10  1],24,42,44,18,24
1,<environment.Job instance at 0x14c85ac60be0>,19,3,[5 1],26,44,47,18,26
1,<environment.Job instance at 0x14c85ac60d20>,20,3,[1 6],27,27,30,0,27
1,<environment.Job instance at 0x14c85ac60e10>,24,3,[9 1],36,58,61,22,58
1,<environment.Job instance at 0x14c85ac60eb0>,25,13,[2 5],38,61,74,23,58
1,<environment.Job instance at 0x14c864539960>,28,2,[9 2],43,74,76,31,58
1,<environment.Job instance at 0x14c864539eb0>,32,3,[1 8],51,136,139,85,136
1,<environment.Job instance at 0x14c85ccdec80>,34,16,[9 1],54,136,152,82,136
1,<environment.Job instance at 0x14c85ccde5f0>,35,12,[7 2],56,152,164,96,136
1,<environment.Job instance at 0x14c863d23870>,37,2,[5 2],63,164,166,101,138
1,<environment.Job instance at 0x14c85a267c30>,38,2,[7 2],64,166,168,102,139
1,<environment.Job instance at 0x14c863d238c0>,39,2,[5 2],66,164,166,98,139
1,<environment.Job instance at 0x14c863d23140>,41,1,[6 2],68,168,169,100,140
1,<environment.Job instance at 0x14c863d236e0>,44,2,[5 2],71,169,171,98,146
1,<environment.Job instance at 0x14c85a18e730>,46,3,[2 8],73,152,155,79,148
1,<environment.Job instance at 0x14c85a18e6e0>,47,3,[8 2],75,171,174,96,148
1,<environment.Job instance at 0x14c8643b1320>,48,1,[ 2 10],76,174,175,98,148
1,<environment.Job instance at 0x14c85a18ed20>,49,2,[1 6],77,148,150,71,148
1,<environment.Job instance at 0x14c8643b1780>,50,2,[8 1],78,175,177,97,148
1,<environment.Job instance at 0x14c8643b1eb0>,51,1,[2 7],80,155,156,75,148
1,<environment.Job instance at 0x14c8643b1e10>,52,2,[1 8],81,150,152,69,148
1,<environment.Job instance at 0x14c8643b1af0>,53,13,[7 1],82,177,190,95,161
1,<environment.Job instance at 0x14c85ac81730>,54,3,[ 2 10],85,190,193,105,164
1,<environment.Job instance at 0x14c85a2c8dc0>,55,2,[2 7],86,166,168,80,164
1,<environment.Job instance at 0x14c85e130fa0>,57,2,[10  2],88,193,195,105,166
1,<environment.Job instance at 0x14c8644271e0>,58,2,[1 7],89,168,170,79,166
1,<environment.Job instance at 0x14c864427aa0>,59,3,[2 8],90,170,173,80,166
1,<environment.Job instance at 0x14c864427b40>,60,2,[6 2],91,195,197,104,168
1,<environment.Job instance at 0x14c85a6f4820>,61,1,[7 1],94,197,198,103,169
1,<environment.Job instance at 0x14c85a1c1460>,62,2,[5 2],95,198,200,103,171
1,<environment.Job instance at 0x14c85a1c1370>,63,15,[1 9],96,175,190,79,171
1,<environment.Job instance at 0x14c8650e9960>,64,3,[6 1],97,200,203,103,174
1,<environment.Job instance at 0x14c8643f1dc0>,66,1,[7 1],99,203,204,104,175
1,<environment.Job instance at 0x14c85a1c1320>,67,1,[2 6],102,195,196,93,175
1,<environment.Job instance at 0x14c859f28a50>,68,2,[10  2],103,204,206,101,177
1,<environment.Job instance at 0x14c85e45e910>,69,1,[5 1],104,198,199,94,177
1,<environment.Job instance at 0x14c8644b3af0>,71,1,[6 1],106,206,207,100,179
1,<environment.Job instance at 0x14c8651d0730>,72,3,[8 1],108,207,210,99,181
1,<environment.Job instance at 0x14c860c78870>,14,1,[8 2],19,517,518,498,517
1,<environment.Job instance at 0x14c85cf16f50>,0,15,[6 1],2,2,17,0,2
1,<environment.Job instance at 0x14c85e4eb500>,2,17,[10  1],6,17,34,11,6
1,<environment.Job instance at 0x14c86518f9b0>,3,3,[2 6],7,7,10,0,7
1,<environment.Job instance at 0x14c85e4e4640>,12,12,[2 8],21,34,46,13,23
1,<environment.Job instance at 0x14c859e3beb0>,15,1,[9 1],24,46,47,22,25
1,<environment.Job instance at 0x14c85a0bd960>,16,1,[ 2 10],25,47,48,22,25
1,<environment.Job instance at 0x14c85e210960>,17,12,[2 8],28,48,60,20,31
1,<environment.Job instance at 0x14c85a0bdb90>,18,3,[ 1 10],31,60,63,29,34
1,<environment.Job instance at 0x14c864427d70>,19,1,[8 2],32,34,35,2,34
1,<environment.Job instance at 0x14c8644275f0>,21,2,[8 1],35,52,54,17,52
1,<environment.Job instance at 0x14c85a181f50>,22,13,[8 2],36,63,76,27,52
1,<environment.Job instance at 0x14c85a181640>,23,1,[7 1],37,54,55,17,52
1,<environment.Job instance at 0x14c85a181050>,25,3,[1 5],40,63,66,23,52
1,<environment.Job instance at 0x14c85a181730>,26,3,[8 2],43,55,58,12,52
1,<environment.Job instance at 0x14c85a181d70>,27,1,[1 7],44,66,67,22,52
1,<environment.Job instance at 0x14c85a181a00>,28,3,[2 8],45,67,70,22,52
1,<environment.Job instance at 0x14c85a181870>,29,2,[7 1],46,58,60,12,52
1,<environment.Job instance at 0x14c867375500>,31,1,[1 7],50,70,71,20,52
1,<environment.Job instance at 0x14c85aca6eb0>,33,16,[1 6],52,71,87,19,62
1,<environment.Job instance at 0x14c859f6b820>,34,15,[10  2],53,87,102,34,73
1,<environment.Job instance at 0x14c85e136eb0>,35,2,[5 1],55,76,78,21,73
1,<environment.Job instance at 0x14c8674371e0>,36,2,[ 2 10],56,102,104,46,75
1,<environment.Job instance at 0x14c867437050>,37,3,[5 1],57,78,81,21,75
1,<environment.Job instance at 0x14c867346fa0>,38,1,[1 9],59,104,105,45,76
1,<environment.Job instance at 0x14c85a1fff50>,39,1,[2 7],60,105,106,45,77
1,<environment.Job instance at 0x14c85ccd1d70>,40,2,[1 8],61,106,108,45,79
1,<environment.Job instance at 0x14c85994a5f0>,41,1,[1 9],63,108,109,45,80
1,<environment.Job instance at 0x14c85a1ef460>,43,3,[9 1],66,82,85,16,82
1,<environment.Job instance at 0x14c85a1ef820>,44,12,[9 1],67,106,118,39,89
1,<environment.Job instance at 0x14c85a2e98c0>,46,16,[9 2],70,118,134,48,105
1,<environment.Job instance at 0x14c860c40140>,51,1,[5 1],76,134,135,58,108
1,<environment.Job instance at 0x14c859fb5960>,55,3,[1 9],82,109,112,27,108
1,<environment.Job instance at 0x14c859f729b0>,57,1,[7 2],85,135,136,50,108
1,<environment.Job instance at 0x14c85e214aa0>,58,1,[10  1],86,136,137,50,108
1,<environment.Job instance at 0x14c8677d4730>,60,2,[6 2],89,137,139,48,111
1,<environment.Job instance at 0x14c85a356960>,62,3,[2 9],91,139,142,48,113
1,<environment.Job instance at 0x14c85a2ed230>,64,1,[10  1],93,142,143,49,114
1,<environment.Job instance at 0x14c86513f910>,67,3,[9 2],96,143,146,47,120
1,<environment.Job instance at 0x14c85cd5ea00>,68,2,[1 8],97,120,122,23,120
1,<environment.Job instance at 0x14c859db5550>,70,3,[2 5],99,146,149,47,122
1,<environment.Job instance at 0x14c859db5aa0>,71,2,[8 1],100,139,141,39,122
1,<environment.Job instance at 0x14c85a1e48c0>,73,21,[9 2],102,149,170,47,141
1,<environment.Job instance at 0x14c85cc37910>,76,2,[2 9],105,170,172,65,152
1,<environment.Job instance at 0x14c85cc37640>,78,3,[7 2],108,172,175,64,155
1,<environment.Job instance at 0x14c85cca7870>,79,17,[ 2 10],109,175,192,66,163
1,<environment.Job instance at 0x14c85e1fe870>,4,2,[1 7],9,9,11,0,9
1,<environment.Job instance at 0x14c85e1fe230>,5,3,[7 1],10,10,13,0,10
1,<environment.Job instance at 0x14c85e1fe320>,6,1,[6 1],11,13,14,2,11
1,<environment.Job instance at 0x14c85e1fe050>,8,3,[2 9],13,13,16,0,13
1,<environment.Job instance at 0x14c85a2289b0>,15,2,[9 1],22,26,28,4,26
1,<environment.Job instance at 0x14c864537910>,16,3,[9 2],23,28,31,5,26
1,<environment.Job instance at 0x14c85a228730>,17,17,[5 2],24,31,48,7,26
1,<environment.Job instance at 0x14c85d049320>,22,17,[5 2],30,31,48,1,30
1,<environment.Job instance at 0x14c85d049a50>,23,2,[5 1],32,48,50,16,32
1,<environment.Job instance at 0x14c85d049780>,24,2,[8 2],33,50,52,17,33
1,<environment.Job instance at 0x14c85a40b640>,28,18,[10  2],38,52,70,14,41
1,<environment.Job instance at 0x14c8673a9140>,31,3,[1 6],41,48,51,7,48
1,<environment.Job instance at 0x14c85e165e60>,32,2,[1 8],43,70,72,27,48
1,<environment.Job instance at 0x14c85e165140>,34,16,[8 2],45,70,86,25,57
1,<environment.Job instance at 0x14c85e1658c0>,35,3,[1 5],48,72,75,24,57
1,<environment.Job instance at 0x14c85b742be0>,36,1,[10  1],49,86,87,37,58
1,<environment.Job instance at 0x14c85b742eb0>,39,1,[1 6],52,75,76,23,59
1,<environment.Job instance at 0x14c85b7427d0>,41,2,[5 1],54,87,89,33,60
1,<environment.Job instance at 0x14c86439edc0>,42,2,[7 2],55,89,91,34,62
1,<environment.Job instance at 0x14c86439ef00>,44,3,[2 6],57,76,79,19,62
1,<environment.Job instance at 0x14c86439ee60>,45,3,[1 9],58,91,94,33,65
1,<environment.Job instance at 0x14c86439e5f0>,46,3,[6 1],59,91,94,32,65
1,<environment.Job instance at 0x14c85cc9f0f0>,51,2,[2 5],69,94,96,25,91
1,<environment.Job instance at 0x14c8626bfb40>,52,3,[9 1],70,96,99,26,91
1,<environment.Job instance at 0x14c85cc9f5a0>,53,16,[2 5],71,99,115,28,91
1,<environment.Job instance at 0x14c85e45e910>,54,1,[5 1],72,94,95,22,91
1,<environment.Job instance at 0x14c85cc9ff50>,55,12,[ 1 10],73,115,127,42,98
1,<environment.Job instance at 0x14c85e07de60>,57,1,[6 2],77,99,100,22,98
1,<environment.Job instance at 0x14c85e07d460>,58,3,[5 2],78,100,103,22,98
1,<environment.Job instance at 0x14c85e07d5a0>,60,3,[2 7],80,127,130,47,101
1,<environment.Job instance at 0x14c85e07df50>,61,2,[8 2],82,103,105,21,101
1,<environment.Job instance at 0x14c85e07ddc0>,63,1,[5 2],89,105,106,16,101
1,<environment.Job instance at 0x14c85e07d8c0>,65,1,[7 2],92,107,108,15,107
1,<environment.Job instance at 0x14c85e07d370>,66,1,[2 8],93,130,131,37,107
1,<environment.Job instance at 0x14c85e07d410>,67,2,[2 9],94,131,133,37,107
1,<environment.Job instance at 0x14c85e07d230>,68,3,[2 6],95,133,136,38,107
1,<environment.Job instance at 0x14c85e07d690>,69,2,[7 1],97,108,110,11,107
1,<environment.Job instance at 0x14c85e07daf0>,70,1,[ 1 10],98,136,137,38,108
1,<environment.Job instance at 0x14c85a200aa0>,72,3,[1 9],101,137,140,36,111
1,<environment.Job instance at 0x14c86510eb40>,73,17,[1 5],102,140,157,38,128
1,<environment.Job instance at 0x14c8677e7cd0>,74,3,[8 1],104,128,131,24,128
1,<environment.Job instance at 0x14c864521af0>,1,3,[7 2],3,3,6,0,3
1,<environment.Job instance at 0x14c859f3b500>,4,3,[10  1],8,8,11,0,8
1,<environment.Job instance at 0x14c85e1b7a50>,6,3,[7 2],11,11,14,0,11
1,<environment.Job instance at 0x14c8644d72d0>,9,1,[1 9],15,15,16,0,15
1,<environment.Job instance at 0x14c865088aa0>,10,3,[6 2],16,16,19,0,16
1,<environment.Job instance at 0x14c859ae6dc0>,18,1,[1 6],28,58,59,30,58
1,<environment.Job instance at 0x14c85a3d0460>,20,2,[6 2],31,58,60,27,58
1,<environment.Job instance at 0x14c85a3d0870>,21,3,[2 7],32,59,62,27,58
1,<environment.Job instance at 0x14c85e1c85a0>,22,1,[10  1],36,62,63,26,58
1,<environment.Job instance at 0x14c86444e5f0>,23,3,[10  1],37,63,66,26,58
1,<environment.Job instance at 0x14c85a3d00f0>,24,2,[6 1],38,60,62,22,58
1,<environment.Job instance at 0x14c85a4c2c30>,25,3,[1 5],39,66,69,27,58
1,<environment.Job instance at 0x14c85ab82370>,26,2,[10  2],40,69,71,29,58
1,<environment.Job instance at 0x14c85a4c2f50>,28,1,[1 8],42,71,72,29,58
1,<environment.Job instance at 0x14c860c57f50>,30,3,[2 7],44,72,75,28,61
1,<environment.Job instance at 0x14c85cc65eb0>,31,1,[7 1],45,66,67,21,61
1,<environment.Job instance at 0x14c85cfd7640>,32,2,[7 2],46,67,69,21,61
1,<environment.Job instance at 0x14c85cfc8820>,33,13,[10  1],48,75,88,27,61
1,<environment.Job instance at 0x14c859d9bc80>,34,3,[2 6],49,88,91,39,62
1,<environment.Job instance at 0x14c85cfd7370>,35,2,[8 1],50,71,73,21,62
1,<environment.Job instance at 0x14c85a70c230>,36,1,[6 2],51,73,74,22,62
1,<environment.Job instance at 0x14c85a70cd70>,37,1,[9 1],52,91,92,39,63
1,<environment.Job instance at 0x14c865144690>,38,1,[2 5],54,92,93,38,64
1,<environment.Job instance at 0x14c8651445a0>,39,3,[10  2],57,93,96,36,67
1,<environment.Job instance at 0x14c859cc8b40>,40,1,[2 7],58,96,97,38,68
1,<environment.Job instance at 0x14c860c74280>,42,1,[7 2],61,74,75,13,71
1,<environment.Job instance at 0x14c859e73b90>,43,3,[9 1],62,97,100,35,71
1,<environment.Job instance at 0x14c860c716e0>,45,1,[2 5],64,92,93,28,71
1,<environment.Job instance at 0x14c859ed42d0>,46,2,[1 5],66,97,99,31,71
1,<environment.Job instance at 0x14c85e4556e0>,47,3,[2 8],67,100,103,33,74
1,<environment.Job instance at 0x14c85d0727d0>,50,1,[8 2],70,89,90,19,89
1,<environment.Job instance at 0x14c85d072280>,51,2,[2 6],71,103,105,32,89
1,<environment.Job instance at 0x14c85a0a2050>,52,3,[1 9],72,105,108,33,89
1,<environment.Job instance at 0x14c859ed5960>,53,2,[1 7],74,108,110,34,89
1,<environment.Job instance at 0x14c85dfc3f50>,54,3,[2 9],75,110,113,35,89
1,<environment.Job instance at 0x14c859d81550>,55,2,[6 1],76,100,102,24,89
1,<environment.Job instance at 0x14c85cd99550>,56,1,[5 1],77,90,91,13,89
1,<environment.Job instance at 0x14c85cd99730>,58,2,[7 1],80,102,104,22,89
1,<environment.Job instance at 0x14c859ffbaa0>,60,1,[ 1 10],85,113,114,28,92
1,<environment.Job instance at 0x14c85cd27820>,61,3,[1 9],86,114,117,28,92
1,<environment.Job instance at 0x14c85e006b90>,62,2,[9 2],88,108,110,20,92
1,<environment.Job instance at 0x14c859a8cb40>,63,3,[2 7],89,117,120,28,92
1,<environment.Job instance at 0x14c859995aa0>,66,3,[1 7],95,120,123,25,101
1,<environment.Job instance at 0x14c8598f7c80>,67,14,[2 5],97,123,137,26,108
1,<environment.Job instance at 0x14c8598f7fa0>,68,13,[1 5],101,123,136,22,108
1,<environment.Job instance at 0x14c85ccfcf00>,69,2,[6 1],103,110,112,7,108
1,<environment.Job instance at 0x14c85c16b9b0>,71,1,[10  2],105,137,138,32,109
1,<environment.Job instance at 0x14c85a6f4910>,72,3,[2 9],106,138,141,32,112
1,<environment.Job instance at 0x14c859ae6c30>,14,2,[2 8],21,1782,1784,1761,1782
1,<environment.Job instance at 0x14c85cd07c30>,0,20,[9 1],1,1,21,0,1
1,<environment.Job instance at 0x14c85cd07820>,1,3,[5 1],3,21,24,18,3
1,<environment.Job instance at 0x14c85a1bafa0>,5,3,[8 1],7,24,27,17,7
1,<environment.Job instance at 0x14c859caf690>,7,3,[9 2],9,27,30,18,9
1,<environment.Job instance at 0x14c85a1baaf0>,8,2,[1 6],16,16,18,0,16
1,<environment.Job instance at 0x14c85e1ce640>,13,3,[6 2],26,30,33,4,26
1,<environment.Job instance at 0x14c85e1ce690>,15,2,[5 1],28,33,35,5,28
1,<environment.Job instance at 0x14c865027730>,16,3,[9 1],29,35,38,6,29
1,<environment.Job instance at 0x14c8650277d0>,19,3,[9 2],34,38,41,4,34
1,<environment.Job instance at 0x14c860c3caf0>,20,2,[2 5],35,41,43,6,36
1,<environment.Job instance at 0x14c859d3f910>,22,3,[1 7],37,37,40,0,37
1,<environment.Job instance at 0x14c859d3f4b0>,23,1,[1 8],38,40,41,2,38
1,<environment.Job instance at 0x14c865239fa0>,24,20,[7 2],39,41,61,2,39
1,<environment.Job instance at 0x14c85cf8eaa0>,26,2,[2 6],41,43,45,2,41
1,<environment.Job instance at 0x14c85cf8e730>,27,3,[ 2 10],42,61,64,19,42
1,<environment.Job instance at 0x14c85a11afa0>,29,1,[8 1],46,64,65,18,46
1,<environment.Job instance at 0x14c85a11a690>,30,3,[1 6],47,47,50,0,47
1,<environment.Job instance at 0x14c85a11abe0>,31,2,[1 6],48,50,52,2,48
1,<environment.Job instance at 0x14c85a11a910>,32,1,[2 5],49,52,53,3,49
1,<environment.Job instance at 0x14c85a11a640>,36,1,[5 2],53,65,66,12,53
1,<environment.Job instance at 0x14c85a0c3640>,42,1,[6 1],67,68,69,1,68
1,<environment.Job instance at 0x14c85aba2a50>,43,18,[10  2],69,69,87,0,69
1,<environment.Job instance at 0x14c85cf28050>,46,1,[1 5],72,87,88,15,72
1,<environment.Job instance at 0x14c859e91140>,48,3,[5 1],74,87,90,13,74
1,<environment.Job instance at 0x14c86742bf50>,49,3,[1 7],75,88,91,13,75
1,<environment.Job instance at 0x14c8673e3b90>,50,3,[10  2],77,91,94,14,77
1,<environment.Job instance at 0x14c85a6ea0f0>,51,17,[9 2],79,94,111,15,82
1,<environment.Job instance at 0x14c859fa8eb0>,52,2,[9 2],81,111,113,30,84
1,<environment.Job instance at 0x14c85e0bcd20>,54,1,[8 1],86,90,91,4,86
1,<environment.Job instance at 0x14c85e0bc870>,56,1,[1 8],88,94,95,6,89
1,<environment.Job instance at 0x14c85a2b0af0>,59,2,[7 2],91,113,115,22,94
1,<environment.Job instance at 0x14c85a2b0d20>,60,1,[ 2 10],92,115,116,23,94
1,<environment.Job instance at 0x14c85a2b0c30>,61,16,[1 7],93,96,112,3,96
1,<environment.Job instance at 0x14c864552780>,63,3,[10  1],97,116,119,19,111
1,<environment.Job instance at 0x14c8645520a0>,65,17,[8 1],99,119,136,20,111
1,<environment.Job instance at 0x14c864552a00>,66,2,[1 5],100,112,114,12,111
1,<environment.Job instance at 0x14c864552a50>,68,2,[10  2],102,136,138,34,124
1,<environment.Job instance at 0x14c864552960>,69,15,[9 1],104,138,153,34,124
1,<environment.Job instance at 0x14c85a0c35f0>,2,3,[1 7],3,3,6,0,3
1,<environment.Job instance at 0x14c85cf6a960>,4,3,[7 2],5,5,8,0,5
1,<environment.Job instance at 0x14c85cf6a5a0>,5,2,[8 1],6,8,10,2,6
1,<environment.Job instance at 0x14c85cf6adc0>,7,1,[10  1],8,10,11,2,8
1,<environment.Job instance at 0x14c85cf6a910>,8,2,[8 2],10,11,13,1,10
1,<environment.Job instance at 0x14c85cf6a370>,9,1,[1 6],11,11,12,0,11
1,<environment.Job instance at 0x14c85a1565a0>,10,3,[6 1],12,13,16,1,12
1,<environment.Job instance at 0x14c85a1569b0>,11,16,[1 5],13,13,29,0,13
1,<environment.Job instance at 0x14c85a1561e0>,12,3,[2 5],14,16,19,2,14
1,<environment.Job instance at 0x14c85a156370>,13,3,[2 8],16,29,32,13,16
1,<environment.Job instance at 0x14c85a156780>,19,12,[6 1],23,73,85,50,73
1,<environment.Job instance at 0x14c85a1560a0>,20,13,[8 1],24,85,98,61,73
1,<environment.Job instance at 0x14c85a156550>,21,3,[2 8],25,73,76,48,73
1,<environment.Job instance at 0x14c85a156fa0>,22,2,[1 7],26,76,78,50,73
1,<environment.Job instance at 0x14c85a1567d0>,25,1,[2 7],30,78,79,48,73
1,<environment.Job instance at 0x14c85a156e10>,26,3,[8 2],31,98,101,67,73
1,<environment.Job instance at 0x14c85a1560f0>,27,3,[ 2 10],32,101,104,69,75
1,<environment.Job instance at 0x14c8598fe9b0>,28,2,[9 1],34,104,106,70,77
1,<environment.Job instance at 0x14c8598fe730>,30,3,[1 8],37,79,82,42,77
1,<environment.Job instance at 0x14c8598fe7d0>,33,15,[10  1],43,106,121,63,92
1,<environment.Job instance at 0x14c8598fe910>,34,3,[1 8],45,92,95,47,92
1,<environment.Job instance at 0x14c8598fe140>,37,3,[10  1],48,121,124,73,100
1,<environment.Job instance at 0x14c8598febe0>,38,3,[1 8],49,124,127,75,100
1,<environment.Job instance at 0x14c8598fec80>,39,2,[2 9],50,127,129,77,100
1,<environment.Job instance at 0x14c8598fef50>,40,2,[8 2],51,124,126,73,100
1,<environment.Job instance at 0x14c8598fe5f0>,41,2,[8 1],52,126,128,74,100
1,<environment.Job instance at 0x14c8598fe550>,44,3,[ 2 10],57,129,132,72,106
1,<environment.Job instance at 0x14c8598fe0a0>,46,13,[1 7],60,368,381,308,368
1,<environment.Job instance at 0x14c85d04ae10>,48,3,[2 5],63,381,384,318,368
1,<environment.Job instance at 0x14c85d04a640>,49,13,[1 5],64,381,394,317,368
1,<environment.Job instance at 0x14c85d04a230>,50,15,[5 1],66,384,399,318,370
1,<environment.Job instance at 0x14c85d04a140>,52,1,[6 1],68,374,375,306,374
1,<environment.Job instance at 0x14c85d04ac80>,53,18,[8 2],69,399,417,330,388
1,<environment.Job instance at 0x14c85d04a370>,55,3,[2 6],71,394,397,323,388
1,<environment.Job instance at 0x14c85d04a910>,56,3,[2 6],72,397,400,325,388
1,<environment.Job instance at 0x14c85d04a5f0>,57,1,[5 2],73,417,418,344,389
1,<environment.Job instance at 0x14c85d04aeb0>,58,3,[7 1],74,418,421,344,392
1,<environment.Job instance at 0x14c85d04a3c0>,59,2,[2 6],75,400,402,325,392
1,<environment.Job instance at 0x14c85d04aaf0>,60,3,[2 7],77,402,405,325,392
1,<environment.Job instance at 0x14c85a154960>,61,18,[1 6],78,405,423,327,394
1,<environment.Job instance at 0x14c8650fff00>,62,3,[1 5],80,423,426,343,397
1,<environment.Job instance at 0x14c859a5baa0>,0,3,[10  1],1,1,4,0,1
1,<environment.Job instance at 0x14c8645242d0>,2,2,[10  1],4,4,6,0,4
1,<environment.Job instance at 0x14c85f3e7190>,8,3,[2 7],15,15,18,0,15
1,<environment.Job instance at 0x14c8b0be5320>,9,3,[10  2],18,18,21,0,18
1,<environment.Job instance at 0x14c867375af0>,11,3,[8 2],21,21,24,0,21
1,<environment.Job instance at 0x14c867375b40>,12,2,[2 5],24,24,26,0,24
1,<environment.Job instance at 0x14c85e0120f0>,18,3,[1 7],33,35,38,2,35
1,<environment.Job instance at 0x14c867375820>,19,1,[8 2],34,35,36,1,35
1,<environment.Job instance at 0x14c866d1ed70>,21,2,[10  1],36,38,40,2,36
1,<environment.Job instance at 0x14c866ad27d0>,22,16,[10  2],37,40,56,3,37
1,<environment.Job instance at 0x14c85a2a4af0>,26,3,[2 9],42,56,59,14,42
1,<environment.Job instance at 0x14c85a2a4500>,27,1,[9 2],43,59,60,16,43
1,<environment.Job instance at 0x14c859ca7e10>,28,1,[7 2],45,60,61,15,45
1,<environment.Job instance at 0x14c859ca7140>,30,3,[10  2],48,61,64,13,48
1,<environment.Job instance at 0x14c859ca7c80>,31,1,[10  2],49,64,65,15,49
1,<environment.Job instance at 0x14c859ca7230>,33,2,[10  1],51,65,67,14,51
1,<environment.Job instance at 0x14c85a16de60>,2,1,[8 1],3,4,5,1,4
1,<environment.Job instance at 0x14c85cd813c0>,4,2,[1 9],7,7,9,0,7
1,<environment.Job instance at 0x14c864df60a0>,6,12,[5 1],9,9,21,0,9
1,<environment.Job instance at 0x14c864df6780>,7,16,[1 7],11,11,27,0,11
1,<environment.Job instance at 0x14c864df6c30>,8,3,[2 6],12,27,30,15,12
1,<environment.Job instance at 0x14c864df6b40>,10,3,[2 8],16,30,33,14,16
1,<environment.Job instance at 0x14c85ace3500>,11,2,[9 1],18,21,23,3,18
1,<environment.Job instance at 0x14c864dc57d0>,12,12,[5 2],19,23,35,4,19
1,<environment.Job instance at 0x14c8b0c84e60>,3,3,[1 6],4,33,36,29,19
1,<environment.Job instance at 0x14c864dcb370>,16,3,[2 8],23,36,39,13,23
1,<environment.Job instance at 0x14c864dcbaf0>,17,3,[2 9],24,39,42,15,24
1,<environment.Job instance at 0x14c8677cd4b0>,20,1,[7 2],28,35,36,7,28
1,<environment.Job instance at 0x14c85e17be10>,23,2,[2 5],31,42,44,11,31
1,<environment.Job instance at 0x14c85a1e3730>,32,3,[10  1],43,48,51,5,48
1,<environment.Job instance at 0x14c85a1e3690>,35,13,[2 5],47,51,64,4,48
1,<environment.Job instance at 0x14c85a2195a0>,37,16,[6 1],50,51,67,1,50
1,<environment.Job instance at 0x14c85a219b90>,39,3,[9 1],54,67,70,13,54
1,<environment.Job instance at 0x14c85a1fbaf0>,41,3,[1 5],57,64,67,7,57
1,<environment.Job instance at 0x14c85a1fb550>,42,1,[10  1],59,70,71,11,59
1,<environment.Job instance at 0x14c85a1fba50>,43,3,[8 1],60,71,74,11,60
1,<environment.Job instance at 0x14c865175a50>,46,3,[1 7],63,67,70,4,63
1,<environment.Job instance at 0x14c86515acd0>,57,18,[10  1],75,75,93,0,75
1,<environment.Job instance at 0x14c86515a6e0>,59,15,[2 7],77,93,108,16,79
1,<environment.Job instance at 0x14c86514d1e0>,67,14,[9 2],89,108,122,19,93
1,<environment.Job instance at 0x14c86514d690>,69,3,[1 5],91,108,111,17,93
1,<environment.Job instance at 0x14c86514d460>,70,1,[1 5],93,111,112,18,93
1,<environment.Job instance at 0x14c86514d410>,71,16,[8 1],94,122,138,28,109
1,<environment.Job instance at 0x14c86514db90>,74,3,[1 7],98,117,120,19,117
1,<environment.Job instance at 0x14c86514d6e0>,75,3,[7 1],99,138,141,39,117
1,<environment.Job instance at 0x14c86514dc80>,76,2,[2 7],100,122,124,22,117
1,<environment.Job instance at 0x14c86514deb0>,79,18,[5 2],103,141,159,38,132
1,<environment.Job instance at 0x14c86514df50>,80,2,[1 8],105,132,134,27,132
1,<environment.Job instance at 0x14c86514d5a0>,82,3,[2 6],108,134,137,26,133
1,<environment.Job instance at 0x14c8651420a0>,83,14,[10  1],109,159,173,50,144
1,<environment.Job instance at 0x14c86514ed20>,0,3,[5 1],1,1,4,0,1
1,<environment.Job instance at 0x14c86514ed70>,1,2,[8 1],3,4,6,1,3
1,<environment.Job instance at 0x14c85ac13320>,2,3,[9 1],4,6,9,2,4
1,<environment.Job instance at 0x14c85a1e3500>,5,2,[2 7],9,9,11,0,9
1,<environment.Job instance at 0x14c859bd0a00>,20,14,[9 2],29,29,43,0,29
1,<environment.Job instance at 0x14c859bd0aa0>,21,16,[8 2],31,43,59,12,31
1,<environment.Job instance at 0x14c85cbf5190>,24,13,[8 1],35,59,72,24,43
1,<environment.Job instance at 0x14c85cbf5a00>,26,2,[2 8],37,43,45,6,43
1,<environment.Job instance at 0x14c85ac16e10>,28,3,[9 2],40,72,75,32,47
1,<environment.Job instance at 0x14c85ac16190>,29,1,[ 2 10],41,75,76,34,47
1,<environment.Job instance at 0x14c85ac160f0>,30,2,[6 2],42,76,78,34,49
1,<environment.Job instance at 0x14c85ac165f0>,31,1,[1 5],44,49,50,5,49
1,<environment.Job instance at 0x14c85ac16960>,32,2,[5 2],45,78,80,33,51
1,<environment.Job instance at 0x14c8650016e0>,36,3,[10  2],49,80,83,31,54
1,<environment.Job instance at 0x14c865001910>,37,18,[2 5],50,54,72,4,54
1,<environment.Job instance at 0x14c865001f00>,38,3,[2 7],51,76,79,25,54
1,<environment.Job instance at 0x14c8645a0370>,40,2,[1 6],53,83,85,30,76
1,<environment.Job instance at 0x14c85e0e0fa0>,41,16,[1 9],54,85,101,31,76
1,<environment.Job instance at 0x14c85e0e08c0>,43,13,[8 1],56,83,96,27,82
1,<environment.Job instance at 0x14c85e0e0050>,44,1,[6 1],57,96,97,39,82
1,<environment.Job instance at 0x14c867fd2370>,45,2,[ 1 10],58,101,103,43,82
1,<environment.Job instance at 0x14c867fd2dc0>,46,1,[5 1],59,97,98,38,82
1,<environment.Job instance at 0x14c867fd2c80>,47,3,[5 2],60,103,106,43,82
1,<environment.Job instance at 0x14c859f4f460>,49,3,[5 2],65,103,106,38,85
1,<environment.Job instance at 0x14c859f4ff50>,50,15,[10  2],66,106,121,40,92
1,<environment.Job instance at 0x14c85ab55500>,51,2,[8 2],67,121,123,54,94
1,<environment.Job instance at 0x14c8674ea280>,61,2,[8 1],81,123,125,42,103
1,<environment.Job instance at 0x14c864532730>,65,1,[9 1],88,125,126,37,103
1,<environment.Job instance at 0x14c864532f00>,66,2,[9 1],89,126,128,37,103
1,<environment.Job instance at 0x14c864532dc0>,68,2,[2 9],92,123,125,31,103
1,<environment.Job instance at 0x14c8645325a0>,70,3,[7 1],94,128,131,34,116
1,<environment.Job instance at 0x14c864532e60>,71,2,[ 1 10],95,131,133,36,116
1,<environment.Job instance at 0x14c8645322d0>,73,2,[1 8],98,121,123,23,116
1,<environment.Job instance at 0x14c85e05c410>,76,3,[2 8],101,146,149,45,146
1,<environment.Job instance at 0x14c85e05c5f0>,77,12,[7 2],102,146,158,44,146
1,<environment.Job instance at 0x14c85e05c280>,78,1,[2 5],104,149,150,45,146
1,<environment.Job instance at 0x14c8626edd70>,79,17,[ 1 10],106,158,175,52,146
1,<environment.Job instance at 0x14c8626ed550>,80,3,[1 6],109,150,153,41,146
1,<environment.Job instance at 0x14c85a172410>,0,3,[2 5],1,1,4,0,1
1,<environment.Job instance at 0x14c85a172b40>,2,12,[9 1],3,4,16,1,3
1,<environment.Job instance at 0x14c85a219d70>,3,3,[7 2],5,16,19,11,5
1,<environment.Job instance at 0x14c85cc82e60>,4,3,[1 6],7,7,10,0,7
1,<environment.Job instance at 0x14c85cbbb190>,6,2,[8 1],13,19,21,6,13
1,<environment.Job instance at 0x14c85cbbb4b0>,7,3,[9 2],14,21,24,7,14
1,<environment.Job instance at 0x14c8626e65a0>,9,2,[10  1],17,24,26,7,17
1,<environment.Job instance at 0x14c8626e6500>,11,3,[5 1],20,26,29,6,20
1,<environment.Job instance at 0x14c8626e6d70>,13,2,[7 2],24,29,31,5,24
1,<environment.Job instance at 0x14c85a080410>,15,14,[10  2],26,31,45,5,26
1,<environment.Job instance at 0x14c8626e6280>,16,3,[2 6],27,27,30,0,27
1,<environment.Job instance at 0x14c8626e6b40>,19,14,[9 2],33,45,59,12,33
1,<environment.Job instance at 0x14c865057050>,20,3,[1 9],36,59,62,23,36
1,<environment.Job instance at 0x14c85cf77aa0>,22,1,[9 1],38,59,60,21,38
1,<environment.Job instance at 0x14c85e4b0a50>,24,14,[10  1],41,62,76,21,47
1,<environment.Job instance at 0x14c85a215be0>,39,3,[1 9],64,76,79,12,64
1,<environment.Job instance at 0x14c85a215640>,40,3,[2 7],66,79,82,13,66
1,<environment.Job instance at 0x14c85a215550>,41,3,[2 9],67,82,85,15,67
1,<environment.Job instance at 0x14c8599b7050>,47,3,[ 1 10],75,85,88,10,75
1,<environment.Job instance at 0x14c85a37f0f0>,52,3,[6 2],80,88,91,8,80
1,<environment.Job instance at 0x14c859fb5a00>,55,17,[9 1],84,91,108,7,84
1,<environment.Job instance at 0x14c85cc39730>,60,13,[8 1],94,108,121,14,96
1,<environment.Job instance at 0x14c859c2b5f0>,61,2,[10  1],95,121,123,26,96
1,<environment.Job instance at 0x14c859a86fa0>,66,1,[5 1],103,123,124,20,103
1,<environment.Job instance at 0x14c86452b190>,68,3,[ 2 10],106,124,127,18,106
1,<environment.Job instance at 0x14c85a356460>,69,2,[7 1],108,127,129,19,108
1,<environment.Job instance at 0x14c867f6e190>,2,3,[1 9],4,4,7,0,4
1,<environment.Job instance at 0x14c85aba5dc0>,6,13,[7 2],11,13,26,2,13
1,<environment.Job instance at 0x14c85a3b8eb0>,9,1,[8 2],15,26,27,11,15
1,<environment.Job instance at 0x14c85a3b85a0>,10,2,[10  2],16,27,29,11,16
1,<environment.Job instance at 0x14c859d76a00>,14,18,[10  2],22,29,47,7,28
1,<environment.Job instance at 0x14c859d76dc0>,15,3,[1 5],23,47,50,24,28
1,<environment.Job instance at 0x14c85a3a5280>,20,1,[10  2],29,50,51,21,29
1,<environment.Job instance at 0x14c85aba50f0>,7,1,[1 6],12,51,52,39,31
1,<environment.Job instance at 0x14c85cc68dc0>,21,2,[5 2],32,47,49,15,32
1,<environment.Job instance at 0x14c85e47faf0>,22,2,[10  1],33,52,54,19,33
1,<environment.Job instance at 0x14c85e12da00>,24,1,[7 2],36,49,50,13,36
1,<environment.Job instance at 0x14c8626e96e0>,25,15,[7 1],37,54,69,17,40
1,<environment.Job instance at 0x14c85f3eda00>,29,14,[7 1],49,69,83,20,54
1,<environment.Job instance at 0x14c85f3eddc0>,30,3,[6 2],50,83,86,33,57
1,<environment.Job instance at 0x14c85f3edf00>,32,2,[8 1],56,86,88,30,65
1,<environment.Job instance at 0x14c859b035f0>,33,3,[8 2],58,88,91,30,65
1,<environment.Job instance at 0x14c859b030a0>,34,14,[10  2],59,91,105,32,76
1,<environment.Job instance at 0x14c859b03550>,37,3,[1 6],62,82,85,20,82
1,<environment.Job instance at 0x14c859b03d20>,38,1,[8 1],63,105,106,42,82
1,<environment.Job instance at 0x14c859b03a00>,39,1,[6 1],64,106,107,42,82
1,<environment.Job instance at 0x14c859b03730>,40,1,[1 9],68,86,87,18,82
1,<environment.Job instance at 0x14c85cf3e370>,41,3,[10  2],72,107,110,35,82
1,<environment.Job instance at 0x14c85cf3e690>,43,1,[2 8],74,85,86,11,82
1,<environment.Job instance at 0x14c859aed820>,44,2,[9 1],77,110,112,33,83
1,<environment.Job instance at 0x14c85cf23230>,46,13,[7 2],81,112,125,31,100
1,<environment.Job instance at 0x14c859f090f0>,47,2,[6 2],82,125,127,43,100
1,<environment.Job instance at 0x14c85ce8a5f0>,48,3,[5 2],87,127,130,40,101
1,<environment.Job instance at 0x14c863d3f320>,49,3,[ 2 10],88,130,133,42,104
1,<environment.Job instance at 0x14c85cc4dc30>,50,3,[1 5],90,110,113,20,104
1,<environment.Job instance at 0x14c85cc4d460>,51,1,[9 1],91,133,134,42,105
1,<environment.Job instance at 0x14c85dff6780>,53,2,[2 5],94,105,107,11,105
1,<environment.Job instance at 0x14c85a0245f0>,56,2,[10  1],97,1057,1059,960,1057
1,<environment.Job instance at 0x14c85a0249b0>,57,2,[8 1],98,1059,1061,961,1057
1,<environment.Job instance at 0x14c85a0242d0>,58,3,[2 9],100,1059,1062,959,1057
1,<environment.Job instance at 0x14c85a075960>,59,1,[1 9],101,1062,1063,961,1057
1,<environment.Job instance at 0x14c85a075c30>,60,18,[8 2],102,1063,1081,961,1057
1,<environment.Job instance at 0x14c85a075320>,61,2,[5 1],103,1061,1063,958,1057
1,<environment.Job instance at 0x14c85a075820>,62,3,[2 5],104,1063,1066,959,1057
1,<environment.Job instance at 0x14c85a075690>,63,1,[6 1],105,1081,1082,976,1057
1,<environment.Job instance at 0x14c85a0758c0>,64,1,[5 2],107,1082,1083,975,1057
1,<environment.Job instance at 0x14c867375550>,65,1,[6 1],108,1083,1084,975,1057
1,<environment.Job instance at 0x14e1f06b7960>,1,3,[1 9],2,2,5,0,2
1,<environment.Job instance at 0x14e199e7eeb0>,6,18,[8 1],7,7,25,0,7
1,<environment.Job instance at 0x14e1f06b7460>,5,3,[9 2],6,25,28,19,10
1,<environment.Job instance at 0x14e199e7e1e0>,9,2,[6 1],11,28,30,17,11
1,<environment.Job instance at 0x14e19a52ad70>,11,3,[1 8],13,13,16,0,13
1,<environment.Job instance at 0x14e19a569be0>,12,3,[1 8],14,16,19,2,14
1,<environment.Job instance at 0x14e19a54ecd0>,13,2,[8 1],17,30,32,13,17
1,<environment.Job instance at 0x14e19a5570f0>,18,2,[10  1],25,32,34,7,25
1,<environment.Job instance at 0x14e19a6b2640>,19,3,[6 2],26,34,37,8,26
1,<environment.Job instance at 0x14e19a5b47d0>,21,3,[6 1],29,37,40,8,29
1,<environment.Job instance at 0x14e19a5df320>,22,1,[2 7],30,31,32,1,31
1,<environment.Job instance at 0x14e19a59b5f0>,26,1,[2 7],35,35,36,0,35
1,<environment.Job instance at 0x14e19a59b910>,27,2,[2 7],36,36,38,0,36
1,<environment.Job instance at 0x14e19a59bd20>,28,2,[2 7],37,38,40,1,37
1,<environment.Job instance at 0x14e19a5f4960>,29,16,[10  2],39,40,56,1,39
1,<environment.Job instance at 0x14e19a58b140>,31,3,[9 2],41,56,59,15,41
1,<environment.Job instance at 0x14e19a5dfa50>,23,2,[8 1],31,59,61,28,41
1,<environment.Job instance at 0x14e19a58b5a0>,32,3,[2 9],42,59,62,17,42
1,<environment.Job instance at 0x14e19a58be60>,33,1,[2 7],43,62,63,19,43
1,<environment.Job instance at 0x14e19a5fc370>,39,3,[1 5],52,1325,1328,1273,1325
1,<environment.Job instance at 0x14e19a5fc6e0>,40,3,[1 6],53,1328,1331,1275,1325
1,<environment.Job instance at 0x14e19a589500>,42,1,[10  1],56,1338,1339,1282,1338
1,<environment.Job instance at 0x14e19a589140>,43,3,[7 2],57,1339,1342,1282,1338
1,<environment.Job instance at 0x14e19a5898c0>,44,3,[1 8],58,1339,1342,1281,1338
1,<environment.Job instance at 0x14e19a589be0>,45,3,[2 8],60,1342,1345,1282,1338
1,<environment.Job instance at 0x14e19a5894b0>,46,2,[2 8],61,1345,1347,1284,1338
1,<environment.Job instance at 0x14e19a589d20>,47,1,[1 6],63,1347,1348,1284,1338
1,<environment.Job instance at 0x14e19a589d70>,48,1,[2 9],65,1348,1349,1283,1338
1,<environment.Job instance at 0x14e19a589c80>,49,16,[8 2],66,1349,1365,1283,1338
1,<environment.Job instance at 0x14e19a589e10>,50,12,[9 1],68,1365,1377,1297,1348
1,<environment.Job instance at 0x14e19a589b90>,51,2,[8 2],69,1377,1379,1308,1350
1,<environment.Job instance at 0x14e19a589af0>,52,2,[1 7],72,1350,1352,1278,1350
1,<environment.Job instance at 0x14e19a5a3af0>,53,3,[6 1],73,1379,1382,1306,1353
1,<environment.Job instance at 0x14e19a5a30f0>,54,2,[2 5],75,1353,1355,1278,1353
1,<environment.Job instance at 0x14e19a5a3d20>,56,1,[10  2],79,1382,1383,1303,1360
1,<environment.Job instance at 0x14e19a5a3190>,59,1,[1 9],85,1365,1366,1280,1362
1,<environment.Job instance at 0x14e19a5a66e0>,60,17,[8 1],86,1383,1400,1297,1371
1,<environment.Job instance at 0x14e19a5a6cd0>,61,3,[1 5],87,1371,1374,1284,1371
1,<environment.Job instance at 0x14e19a5a6050>,62,3,[9 2],88,1400,1403,1312,1374
1,<environment.Job instance at 0x14e19a5a6b40>,63,3,[10  1],89,1403,1406,1314,1377
1,<environment.Job instance at 0x14e19a5a6910>,64,12,[9 1],91,1406,1418,1315,1389
1,<environment.Job instance at 0x14e19a5a6730>,65,3,[2 9],92,1389,1392,1297,1389
1,<environment.Job instance at 0x14e19a5a6690>,66,3,[1 9],93,1392,1395,1299,1389
1,<environment.Job instance at 0x14e19a5a6320>,68,3,[1 9],95,1395,1398,1300,1390
1,<environment.Job instance at 0x14e19a598050>,71,3,[2 9],99,1418,1421,1319,1392
1,<environment.Job instance at 0x14e19a587f00>,74,3,[6 2],106,1421,1424,1315,1395
1,<environment.Job instance at 0x14e19a5b68c0>,78,3,[2 9],110,1424,1427,1314,1398
1,<environment.Job instance at 0x14e19a5b6370>,79,3,[7 2],111,1427,1430,1316,1401
1,<environment.Job instance at 0x14e19a0f4a50>,81,3,[ 2 10],114,1430,1433,1316,1404
1,<environment.Job instance at 0x14e19a0f4e10>,83,1,[10  1],117,1433,1434,1316,1405
1,<environment.Job instance at 0x14e19a0ec690>,84,2,[ 1 10],118,1434,1436,1316,1407
1,<environment.Job instance at 0x14e19a5d70f0>,35,2,[1 8],45,1427,1429,1382,1425
1,<environment.Job instance at 0x14e19a5fc410>,2,1,[1 5],3,3,4,0,3
1,<environment.Job instance at 0x14e19c7339b0>,13,16,[8 1],17,17,33,0,17
1,<environment.Job instance at 0x14e19c7373c0>,14,17,[1 9],19,19,36,0,19
1,<environment.Job instance at 0x14e19c7376e0>,15,13,[2 9],20,36,49,16,21
1,<environment.Job instance at 0x14e19c737dc0>,19,1,[8 2],24,49,50,25,24
1,<environment.Job instance at 0x14e19c737af0>,20,15,[5 1],25,33,48,8,25
1,<environment.Job instance at 0x14e19c669460>,25,3,[2 5],33,62,65,29,62
1,<environment.Job instance at 0x14e19c669910>,27,3,[5 2],36,62,65,26,62
1,<environment.Job instance at 0x14e19c9facd0>,28,15,[9 2],37,65,80,28,62
1,<environment.Job instance at 0x14e19c9fafa0>,30,1,[1 6],39,65,66,26,62
1,<environment.Job instance at 0x14e19c9fa960>,31,1,[1 7],40,66,67,26,62
1,<environment.Job instance at 0x14e19c9fa2d0>,32,3,[9 1],43,80,83,37,62
1,<environment.Job instance at 0x14e19c9fad70>,36,3,[7 2],48,83,86,35,79
1,<environment.Job instance at 0x14e19c9fa730>,38,3,[1 7],51,79,82,28,79
1,<environment.Job instance at 0x14e19c9fa1e0>,40,27,[1 8],53,101,128,48,101
1,<environment.Job instance at 0x14e19c9fad20>,41,3,[1 9],54,128,131,74,102
1,<environment.Job instance at 0x14e19c9fa5a0>,43,12,[6 1],56,102,114,46,102
1,<environment.Job instance at 0x14e19c67a320>,45,3,[5 1],63,114,117,51,102
1,<environment.Job instance at 0x14e19c67aeb0>,46,15,[1 7],65,131,146,66,117
1,<environment.Job instance at 0x14e19c67af00>,47,3,[ 2 10],66,146,149,80,120
1,<environment.Job instance at 0x14e19c67a5f0>,56,2,[9 1],79,125,127,46,125
1,<environment.Job instance at 0x14e19c7624b0>,57,3,[5 2],80,131,134,51,125
1,<environment.Job instance at 0x14e19c856500>,62,15,[1 7],85,149,164,64,136
1,<environment.Job instance at 0x14e19c856eb0>,63,3,[ 2 10],87,164,167,77,138
1,<environment.Job instance at 0x14e19c66a4b0>,64,14,[10  1],89,167,181,78,152
1,<environment.Job instance at 0x14e19c66a8c0>,66,2,[8 2],91,152,154,61,152
1,<environment.Job instance at 0x14e19c66a280>,67,3,[8 1],92,154,157,62,152
1,<environment.Job instance at 0x14e19c66ad70>,69,3,[6 1],94,157,160,63,152
1,<environment.Job instance at 0x14e19c66a0f0>,71,3,[ 2 10],97,181,184,84,155
1,<environment.Job instance at 0x14e19c6b4190>,76,1,[2 6],103,184,185,81,166
1,<environment.Job instance at 0x14e19c6b4140>,77,16,[9 1],106,185,201,79,172
1,<environment.Job instance at 0x14e19db0c320>,0,2,[10  2],1,1,3,0,1
1,<environment.Job instance at 0x14e19c733370>,1,3,[2 8],5,5,8,0,5
1,<environment.Job instance at 0x14e19dbcbf00>,5,1,[2 8],12,12,13,0,12
1,<environment.Job instance at 0x14e19df322d0>,6,18,[10  1],16,16,34,0,16
1,<environment.Job instance at 0x14e19df32730>,7,2,[7 2],17,34,36,17,17
1,<environment.Job instance at 0x14e19c609550>,8,2,[2 5],18,34,36,16,18
1,<environment.Job instance at 0x14e19c609a50>,10,3,[8 1],22,36,39,14,22
1,<environment.Job instance at 0x14e19c92eb90>,11,1,[7 2],23,39,40,16,23
1,<environment.Job instance at 0x14e19db31af0>,12,2,[5 2],24,40,42,16,24
1,<environment.Job instance at 0x14e19dae7870>,16,16,[1 7],29,36,52,7,29
1,<environment.Job instance at 0x14e19dae7640>,21,3,[ 2 10],35,52,55,17,41
1,<environment.Job instance at 0x14e19dae7190>,23,3,[1 5],39,55,58,16,42
1,<environment.Job instance at 0x14e19c7e4050>,26,1,[7 1],42,50,51,8,50
1,<environment.Job instance at 0x14e19c7fbe60>,27,18,[5 2],43,55,73,12,50
1,<environment.Job instance at 0x14e19c7fb960>,28,2,[8 2],45,73,75,28,50
1,<environment.Job instance at 0x14e19c7fb410>,29,3,[1 7],46,58,61,12,50
1,<environment.Job instance at 0x14e19c7fb0a0>,31,1,[5 2],48,61,62,13,56
1,<environment.Job instance at 0x14e19c7fb550>,33,3,[1 7],50,62,65,12,56
1,<environment.Job instance at 0x14e19c9335f0>,34,2,[5 2],52,65,67,13,56
1,<environment.Job instance at 0x14e19c973b40>,35,2,[1 7],54,67,69,13,56
1,<environment.Job instance at 0x14e19c973280>,36,2,[5 2],55,69,71,14,56
1,<environment.Job instance at 0x14e19c973550>,37,1,[1 6],57,71,72,14,57
1,<environment.Job instance at 0x14e19c975640>,38,12,[7 1],58,75,87,17,58
1,<environment.Job instance at 0x14e19c975af0>,39,2,[10  1],59,87,89,28,60
1,<environment.Job instance at 0x14e19c975960>,40,3,[2 7],60,72,75,12,60
1,<environment.Job instance at 0x14e19c903640>,42,1,[2 5],64,75,76,11,68
1,<environment.Job instance at 0x14e19c903230>,43,3,[1 8],65,76,79,11,68
1,<environment.Job instance at 0x14e19c903870>,44,12,[7 2],67,89,101,22,72
1,<environment.Job instance at 0x14e19c9030f0>,45,2,[7 2],69,101,103,32,74
1,<environment.Job instance at 0x14e19c903730>,46,3,[ 2 10],71,103,106,32,77
1,<environment.Job instance at 0x14e19c903fa0>,47,14,[8 2],72,106,120,34,91
1,<environment.Job instance at 0x14e19c8fab90>,52,3,[7 2],78,120,123,42,94
1,<environment.Job instance at 0x14e19c8fac30>,54,13,[5 2],81,123,136,42,107
1,<environment.Job instance at 0x14e19c8fa550>,55,3,[1 9],82,136,139,54,110
1,<environment.Job instance at 0x14e19c8fa9b0>,56,1,[6 1],83,136,137,53,110
1,<environment.Job instance at 0x14e19c935cd0>,57,3,[5 1],84,123,126,39,110
1,<environment.Job instance at 0x14e19c935140>,58,3,[1 7],89,110,113,21,110
1,<environment.Job instance at 0x14e19c931d20>,61,2,[10  1],93,139,141,46,116
1,<environment.Job instance at 0x14e19c931c80>,62,3,[1 9],94,141,144,47,116
1,<environment.Job instance at 0x14e19c931fa0>,63,3,[1 8],98,116,119,18,116
1,<environment.Job instance at 0x14e19c931cd0>,64,2,[2 7],101,119,121,18,116
1,<environment.Job instance at 0x14e19c9312d0>,65,2,[9 2],102,144,146,42,117
1,<environment.Job instance at 0x14e19c931b90>,66,3,[5 2],103,126,129,23,117
1,<environment.Job instance at 0x14e19c9704b0>,68,1,[ 2 10],105,146,147,41,124
1,<environment.Job instance at 0x14e19c970550>,70,1,[1 8],108,135,136,27,135
1,<environment.Job instance at 0x14e19c9700a0>,71,13,[1 7],110,147,160,37,135
1,<environment.Job instance at 0x14e19a680a50>,73,3,[5 2],114,147,150,33,136
1,<environment.Job instance at 0x14e19a680500>,74,2,[ 2 10],115,160,162,45,136
1,<environment.Job instance at 0x14e19a680be0>,75,15,[8 2],116,162,177,46,148
1,<environment.Job instance at 0x14e19a680640>,1,3,[2 7],3,3,6,0,3
1,<environment.Job instance at 0x14e1a37274b0>,0,2,[1 7],1,1,3,0,1
1,<environment.Job instance at 0x14e199d9e730>,3,3,[1 6],4,4,7,0,4
1,<environment.Job instance at 0x14e199d9eeb0>,4,16,[1 5],5,7,23,2,5
1,<environment.Job instance at 0x14e199d9e320>,7,15,[7 2],8,8,23,0,8
1,<environment.Job instance at 0x14e19987c050>,9,3,[6 1],10,23,26,13,10
1,<environment.Job instance at 0x14e19987c500>,11,3,[2 8],12,23,26,11,12
1,<environment.Job instance at 0x14e199d9e050>,13,3,[5 2],16,26,29,10,16
1,<environment.Job instance at 0x14e19c754d70>,19,2,[10  1],24,29,31,5,24
1,<environment.Job instance at 0x14e1b0a2ce60>,20,2,[2 7],26,26,28,0,26
1,<environment.Job instance at 0x14e19a0d9050>,21,1,[5 2],27,28,29,1,27
1,<environment.Job instance at 0x14e19db564b0>,22,1,[2 5],28,31,32,3,28
1,<environment.Job instance at 0x14e19db563c0>,23,2,[ 1 10],30,32,34,2,30
1,<environment.Job instance at 0x14e19db56a00>,24,3,[2 5],31,34,37,3,31
1,<environment.Job instance at 0x14e19db56960>,25,12,[6 1],32,34,46,2,32
1,<environment.Job instance at 0x14e19db56140>,26,2,[5 2],33,46,48,13,33
1,<environment.Job instance at 0x14e19c5d95a0>,27,1,[7 1],36,48,49,12,36
1,<environment.Job instance at 0x14e19c95dd70>,28,2,[7 1],37,49,51,12,37
1,<environment.Job instance at 0x14e19c95daa0>,29,1,[7 2],38,51,52,13,38
1,<environment.Job instance at 0x14e19c95df50>,30,3,[10  2],39,52,55,13,39
1,<environment.Job instance at 0x14e19c95da50>,31,2,[5 2],40,46,48,6,40
1,<environment.Job instance at 0x14e19c95d3c0>,32,15,[1 8],42,55,70,13,42
1,<environment.Job instance at 0x14e199eaf2d0>,33,3,[1 7],43,43,46,0,43
1,<environment.Job instance at 0x14e199e3fcd0>,39,1,[1 7],51,76,77,25,76
1,<environment.Job instance at 0x14e199e3fbe0>,40,3,[2 7],52,77,80,25,76
1,<environment.Job instance at 0x14e199e3faa0>,42,1,[1 9],55,80,81,25,76
1,<environment.Job instance at 0x14e199e9d460>,43,1,[2 5],56,81,82,25,76
1,<environment.Job instance at 0x14e199e9d9b0>,44,15,[7 1],57,76,91,19,76
1,<environment.Job instance at 0x14e199e9d320>,45,1,[2 6],58,82,83,24,76
1,<environment.Job instance at 0x14e199e9db40>,46,1,[2 8],60,83,84,23,76
1,<environment.Job instance at 0x14e199e9cfa0>,47,1,[2 6],61,84,85,23,76
1,<environment.Job instance at 0x14e199e9c230>,48,3,[1 7],63,85,88,22,76
1,<environment.Job instance at 0x14e199e480a0>,49,17,[2 7],64,88,105,24,76
1,<environment.Job instance at 0x14e1999095f0>,52,3,[5 1],67,91,94,24,86
1,<environment.Job instance at 0x14e1b0b6ca50>,55,12,[9 2],70,105,117,35,88
1,<environment.Job instance at 0x14e1b0b6c4b0>,57,3,[9 2],72,117,120,45,91
1,<environment.Job instance at 0x14e199893500>,59,16,[10  2],74,120,136,46,107
1,<environment.Job instance at 0x14e19972f370>,63,2,[7 2],80,136,138,56,111
1,<environment.Job instance at 0x14e19983a8c0>,65,2,[1 8],82,136,138,54,121
1,<environment.Job instance at 0x14e1b07d1370>,66,14,[6 1],83,138,152,55,123
1,<environment.Job instance at 0x14e19c7ef8c0>,70,3,[7 1],87,152,155,65,126
1,<environment.Job instance at 0x14e19df03820>,71,13,[10  1],88,155,168,67,139
1,<environment.Job instance at 0x14e1a3dc0d20>,73,1,[ 2 10],90,168,169,78,140
1,<environment.Job instance at 0x14e1a3dc0500>,74,2,[10  2],92,169,171,77,142
1,<environment.Job instance at 0x14e1b005df50>,75,3,[7 1],96,171,174,75,145
1,<environment.Job instance at 0x14e1b005d500>,76,3,[2 8],97,145,148,48,145
1,<environment.Job instance at 0x14e1b005df00>,77,3,[1 9],98,148,151,50,145
1,<environment.Job instance at 0x14e1b005d370>,79,3,[2 9],100,152,155,52,152
1,<environment.Job instance at 0x14e1b005d0f0>,81,12,[7 1],104,174,186,70,157
1,<environment.Job instance at 0x14e1b005d5a0>,82,3,[10  1],107,186,189,79,160
1,<environment.Job instance at 0x14e1b005d140>,83,3,[6 1],109,189,192,80,163
1,<environment.Job instance at 0x14e1b005d910>,84,3,[8 1],110,192,195,82,166
1,<environment.Job instance at 0x14e1b24a5f00>,88,2,[5 1],117,195,197,78,168
1,<environment.Job instance at 0x14e1b24a5a50>,89,14,[2 5],118,171,185,53,168
1,<environment.Job instance at 0x14e199e3fd70>,2,3,[8 1],3,3,6,0,3
1,<environment.Job instance at 0x14e199e3fc30>,3,3,[2 6],6,6,9,0,6
1,<environment.Job instance at 0x14e19edab730>,4,18,[1 5],7,9,27,2,7
1,<environment.Job instance at 0x14e19daadf50>,7,3,[2 9],14,27,30,13,14
1,<environment.Job instance at 0x14e19daad640>,9,1,[5 2],16,16,17,0,16
1,<environment.Job instance at 0x14e19c961230>,13,3,[10  2],23,30,33,7,23
1,<environment.Job instance at 0x14e19c9615a0>,14,2,[1 6],27,33,35,6,27
1,<environment.Job instance at 0x14e19c9616e0>,15,3,[1 9],28,35,38,7,28
1,<environment.Job instance at 0x14e199cc5e10>,17,1,[6 2],32,33,34,1,32
1,<environment.Job instance at 0x14e199cc5780>,18,3,[10  2],34,38,41,4,34
1,<environment.Job instance at 0x14e199cc5870>,19,3,[5 1],38,41,44,3,38
1,<environment.Job instance at 0x14e199cc5550>,21,2,[7 2],40,44,46,4,40
1,<environment.Job instance at 0x14e19b0f9320>,22,2,[6 2],41,46,48,5,41
1,<environment.Job instance at 0x14e19b0f9e60>,23,3,[9 1],42,48,51,6,42
1,<environment.Job instance at 0x14e1b2ddcc30>,25,2,[5 2],44,51,53,7,44
1,<environment.Job instance at 0x14e1b2ddc870>,26,27,[1 7],45,45,72,0,45
1,<environment.Job instance at 0x14e1b2ddcf50>,32,2,[5 1],53,59,61,6,59
1,<environment.Job instance at 0x14e1b2ddceb0>,33,17,[1 9],54,72,89,18,60
1,<environment.Job instance at 0x14e1b2ddc780>,34,3,[9 2],55,61,64,6,60
1,<environment.Job instance at 0x14e1b2ddcdc0>,37,1,[5 1],63,65,66,2,65
1,<environment.Job instance at 0x14e1b2ddc5f0>,38,13,[10  1],65,89,102,24,73
1,<environment.Job instance at 0x14e19c978730>,41,3,[2 8],69,102,105,33,76
1,<environment.Job instance at 0x14e19c9785a0>,43,2,[8 2],75,102,104,27,80
1,<environment.Job instance at 0x14e19c978870>,45,3,[6 2],77,104,107,27,80
1,<environment.Job instance at 0x14e19da7abe0>,47,3,[1 9],81,107,110,26,81
1,<environment.Job instance at 0x14e19da7a2d0>,55,3,[2 5],94,110,113,16,104
1,<environment.Job instance at 0x14e19da7ac80>,56,1,[8 1],95,107,108,12,104
1,<environment.Job instance at 0x14e19da7a230>,58,13,[8 2],97,116,129,19,116
1,<environment.Job instance at 0x14e1a37106e0>,60,15,[6 1],99,129,144,30,117
1,<environment.Job instance at 0x14e1a3710190>,63,17,[9 2],103,144,161,41,132
1,<environment.Job instance at 0x14e1a3710690>,65,12,[2 8],105,132,144,27,132
1,<environment.Job instance at 0x14e19c9e6d20>,74,3,[7 1],118,161,164,43,135
1,<environment.Job instance at 0x14e19c9e60f0>,75,3,[7 2],119,164,167,45,138
1,<environment.Job instance at 0x14e1b2ddc190>,30,2,[ 1 10],50,380,382,330,380
1,<environment.Job instance at 0x14e19a689780>,2,1,[9 1],5,5,6,0,5
1,<environment.Job instance at 0x14e19df001e0>,9,14,[9 2],16,16,30,0,16
1,<environment.Job instance at 0x14e19df00410>,10,1,[10  2],17,30,31,13,17
1,<environment.Job instance at 0x14e19975f9b0>,11,2,[7 2],18,31,33,13,18
1,<environment.Job instance at 0x14e1996d4870>,12,16,[1 9],19,33,49,14,20
1,<environment.Job instance at 0x14e19975fc30>,13,3,[1 5],20,20,23,0,20
1,<environment.Job instance at 0x14e1996d4550>,15,3,[9 2],23,49,52,26,29
1,<environment.Job instance at 0x14e1996d4c80>,16,13,[1 9],24,52,65,28,36
1,<environment.Job instance at 0x14e19c5fd820>,22,3,[6 2],32,65,68,33,56
1,<environment.Job instance at 0x14e19df32d20>,24,17,[5 2],34,68,85,34,56
1,<environment.Job instance at 0x14e19d9e34b0>,26,12,[ 1 10],37,85,97,48,68
1,<environment.Job instance at 0x14e19d9e3eb0>,27,3,[2 7],39,68,71,29,68
1,<environment.Job instance at 0x14e1a20ba910>,29,3,[8 2],41,97,100,56,71
1,<environment.Job instance at 0x14e1b0bd5e60>,34,3,[7 1],46,100,103,54,74
1,<environment.Job instance at 0x14e1b01320a0>,35,14,[8 2],47,103,117,56,88
1,<environment.Job instance at 0x14e1b0132410>,40,1,[8 1],54,117,118,63,91
1,<environment.Job instance at 0x14e19c5f3af0>,44,17,[10  1],60,118,135,58,106
1,<environment.Job instance at 0x14e19c5f3190>,46,1,[10  2],63,135,136,72,107
1,<environment.Job instance at 0x14e19c5f38c0>,50,3,[2 7],68,136,139,68,121
1,<environment.Job instance at 0x14e19c5f3b40>,51,15,[7 2],69,136,151,67,122
1,<environment.Job instance at 0x14e199cea960>,52,15,[6 1],70,151,166,81,137
1,<environment.Job instance at 0x14e19c632fa0>,54,2,[1 5],72,139,141,67,137
1,<environment.Job instance at 0x14e19b115640>,55,16,[1 8],73,141,157,68,137
1,<environment.Job instance at 0x14e19b115690>,57,1,[9 1],76,166,167,90,139
1,<environment.Job instance at 0x14e19b1157d0>,59,2,[10  2],78,167,169,89,142
1,<environment.Job instance at 0x14e19b115b40>,60,15,[9 2],80,169,184,89,155
1,<environment.Job instance at 0x14e199c13e10>,68,3,[2 6],91,157,160,66,155
1,<environment.Job instance at 0x14e19c9f6a50>,72,2,[9 2],96,184,186,88,159
1,<environment.Job instance at 0x14e1b24e3c30>,73,3,[5 1],97,186,189,89,160
1,<environment.Job instance at 0x14e19c6fceb0>,78,17,[7 1],104,189,206,85,179
1,<environment.Job instance at 0x14e19c6fcc80>,80,13,[2 8],106,186,199,80,184
1,<environment.Job instance at 0x14e19c6fcbe0>,82,1,[8 2],108,206,207,98,185
1,<environment.Job instance at 0x14e19c6fc370>,84,1,[7 1],110,207,208,97,185
1,<environment.Job instance at 0x14e19c6fcdc0>,86,2,[6 2],112,208,210,96,185
1,<environment.Job instance at 0x14e19dbd63c0>,88,1,[6 2],115,210,211,95,185
1,<environment.Job instance at 0x14e19dbd6460>,89,3,[8 2],116,211,214,95,185
1,<environment.Job instance at 0x14e19dbd67d0>,91,13,[10  1],119,214,227,95,198
1,<environment.Job instance at 0x14e199ba3370>,1,2,[7 2],2,2,4,0,2
1,<environment.Job instance at 0x14e1b271aaa0>,2,3,[10  1],3,4,7,1,3
1,<environment.Job instance at 0x14e199ba32d0>,3,3,[6 1],4,7,10,3,4
1,<environment.Job instance at 0x14e1a063eb90>,8,3,[5 2],9,10,13,1,9
1,<environment.Job instance at 0x14e1999cfaa0>,9,2,[8 2],10,13,15,3,10
1,<environment.Job instance at 0x14e1999f4d70>,10,3,[2 8],11,11,14,0,11
1,<environment.Job instance at 0x14e1999f4730>,11,2,[2 5],12,14,16,2,12
1,<environment.Job instance at 0x14e1999f4550>,16,3,[2 5],19,19,22,0,19
1,<environment.Job instance at 0x14e199a27370>,17,17,[1 7],20,22,39,2,20
1,<environment.Job instance at 0x14e1999f4e60>,18,3,[7 2],21,21,24,0,21
1,<environment.Job instance at 0x14e1999e0e10>,19,2,[2 9],22,39,41,17,22
1,<environment.Job instance at 0x14e1997f0b40>,20,2,[2 7],23,41,43,18,23
1,<environment.Job instance at 0x14e1999e0a00>,21,18,[6 1],25,28,46,3,28
1,<environment.Job instance at 0x14e1b0a18640>,27,1,[6 1],32,46,47,14,40
1,<environment.Job instance at 0x14e1b0a18dc0>,28,2,[9 1],34,47,49,13,40
1,<environment.Job instance at 0x14e19b11f6e0>,29,19,[1 5],36,43,62,7,40
1,<environment.Job instance at 0x14e1b015a0a0>,30,1,[8 1],37,49,50,12,40
1,<environment.Job instance at 0x14e1b015a190>,31,1,[5 1],39,50,51,11,40
1,<environment.Job instance at 0x14e19bb66410>,32,2,[7 2],40,51,53,11,40
1,<environment.Job instance at 0x14e19bb665f0>,34,3,[1 8],43,123,126,80,123
1,<environment.Job instance at 0x14e19bb66460>,37,1,[6 1],47,123,124,76,123
1,<environment.Job instance at 0x14e19bb660f0>,38,2,[6 1],49,124,126,75,123
1,<environment.Job instance at 0x14e19bb662d0>,40,15,[10  2],54,126,141,72,123
1,<environment.Job instance at 0x14e19bb5c960>,41,2,[7 2],55,141,143,86,123
1,<environment.Job instance at 0x14e19bb5cf00>,42,1,[1 5],57,141,142,84,123
1,<environment.Job instance at 0x14e19bb5ce60>,46,2,[1 9],62,1179,1181,1117,1179
1,<environment.Job instance at 0x14e19bb5c500>,48,1,[1 8],64,1181,1182,1117,1179
1,<environment.Job instance at 0x14e19da3ba50>,49,1,[2 9],66,1182,1183,1116,1179
1,<environment.Job instance at 0x14e199a1faf0>,50,2,[10  2],67,1183,1185,1116,1179
1,<environment.Job instance at 0x14e19bb5c0a0>,51,1,[6 1],70,1179,1180,1109,1179
1,<environment.Job instance at 0x14e19bb5ccd0>,52,1,[7 2],72,1181,1182,1109,1179
1,<environment.Job instance at 0x14e1b31f0d20>,53,2,[2 7],73,1185,1187,1112,1179
1,<environment.Job instance at 0x14e1b31f0e10>,54,3,[2 5],74,1187,1190,1113,1179
1,<environment.Job instance at 0x14e19bb483c0>,56,12,[5 2],77,1185,1197,1108,1179
1,<environment.Job instance at 0x14e19bb48f50>,57,1,[10  1],78,1197,1198,1119,1179
1,<environment.Job instance at 0x14e19bb48fa0>,58,3,[10  1],81,1198,1201,1117,1179
1,<environment.Job instance at 0x14e19bb48af0>,59,2,[ 2 10],82,1201,1203,1119,1179
1,<environment.Job instance at 0x14e19bb48dc0>,60,3,[9 2],83,1203,1206,1120,1179
1,<environment.Job instance at 0x14e19bb57af0>,61,1,[1 9],84,1206,1207,1122,1179
1,<environment.Job instance at 0x14e19bb57d70>,62,1,[8 2],87,1207,1208,1120,1179
1,<environment.Job instance at 0x14e19bb57d20>,64,1,[9 2],90,1208,1209,1118,1192
1,<environment.Job instance at 0x14e19bb578c0>,65,1,[10  1],91,1209,1210,1118,1192
1,<environment.Job instance at 0x14e19c966230>,67,13,[7 2],94,1215,1228,1121,1215
1,<environment.Job instance at 0x14e19bb57e60>,68,3,[6 2],96,1228,1231,1132,1215
1,<environment.Job instance at 0x14e1999beaa0>,72,2,[7 1],101,1238,1240,1137,1238
1,<environment.Job instance at 0x14e1999bee60>,73,1,[8 1],102,1240,1241,1138,1238
1,<environment.Job instance at 0x14e199cb26e0>,74,2,[10  2],103,1241,1243,1138,1238
1,<environment.Job instance at 0x14e1999bea00>,75,14,[9 1],104,1243,1257,1139,1238
1,<environment.Job instance at 0x14e199cb2d70>,76,3,[9 2],105,1257,1260,1152,1238
1,<environment.Job instance at 0x14e19996e500>,77,1,[6 2],107,1260,1261,1153,1238
1,<environment.Job instance at 0x14e19996ee10>,78,2,[ 1 10],108,1261,1263,1153,1238
1,<environment.Job instance at 0x14e19996e730>,79,2,[2 7],109,1238,1240,1129,1238
1,<environment.Job instance at 0x14e19996ed20>,80,3,[9 2],111,1263,1266,1152,1238
1,<environment.Job instance at 0x14e19edab640>,81,3,[10  1],112,1266,1269,1154,1240
1,<environment.Job instance at 0x14e1999f4050>,15,3,[10  2],17,1387,1390,1370,1387
1,<environment.Job instance at 0x14e1b0150500>,1,3,[1 9],2,2,5,0,2
1,<environment.Job instance at 0x14e199e830f0>,4,3,[2 8],8,8,11,0,8
1,<environment.Job instance at 0x14e199e839b0>,5,1,[1 8],10,11,12,1,10
1,<environment.Job instance at 0x14e199e831e0>,6,2,[2 9],11,12,14,1,11
1,<environment.Job instance at 0x14e199e83820>,7,2,[8 2],12,14,16,2,12
1,<environment.Job instance at 0x14e199e83780>,8,15,[10  1],13,16,31,3,13
1,<environment.Job instance at 0x14e19967f5a0>,16,1,[7 2],22,46,47,24,46
1,<environment.Job instance at 0x14e1b0a9aa50>,17,12,[6 2],23,47,59,24,46
1,<environment.Job instance at 0x14e1b0a23fa0>,18,3,[1 7],24,46,49,22,46
1,<environment.Job instance at 0x14e1b0a9a0a0>,19,2,[6 2],26,59,61,33,46
1,<environment.Job instance at 0x14e1b0ad9e10>,20,3,[9 1],27,61,64,34,46
1,<environment.Job instance at 0x14e1b0ad9690>,23,14,[9 2],30,64,78,34,49
1,<environment.Job instance at 0x14e19a52a140>,24,1,[1 9],31,61,62,30,49
1,<environment.Job instance at 0x14e19c856c30>,25,16,[1 8],32,62,78,30,60
1,<environment.Job instance at 0x14e19c856230>,26,1,[6 1],33,78,79,45,60
1,<environment.Job instance at 0x14e199d8cd20>,27,3,[5 2],34,79,82,45,60
1,<environment.Job instance at 0x14e19c771eb0>,29,2,[8 2],36,82,84,46,63
1,<environment.Job instance at 0x14e19c771dc0>,30,1,[9 2],37,84,85,47,63
1,<environment.Job instance at 0x14e19c771910>,31,2,[1 7],38,78,80,40,63
1,<environment.Job instance at 0x14e19da8b550>,33,16,[2 9],42,85,101,43,72
1,<environment.Job instance at 0x14e19da8bd70>,35,23,[9 1],46,101,124,55,95
1,<environment.Job instance at 0x14e19da8b0f0>,37,1,[5 2],48,124,125,76,96
1,<environment.Job instance at 0x14e19da8b870>,38,1,[8 2],49,125,126,76,97
1,<environment.Job instance at 0x14e19da8bf00>,39,2,[7 2],51,126,128,75,99
1,<environment.Job instance at 0x14e19da8b960>,40,3,[6 1],53,128,131,75,102
1,<environment.Job instance at 0x14e199ad6190>,41,2,[10  1],54,131,133,77,104
1,<environment.Job instance at 0x14e199ad6820>,42,1,[9 1],55,133,134,78,105
1,<environment.Job instance at 0x14e199ad6230>,43,3,[5 1],56,134,137,78,108
1,<environment.Job instance at 0x14e1b0bd17d0>,44,3,[1 6],57,108,111,51,108
1,<environment.Job instance at 0x14e1998521e0>,47,2,[7 1],61,746,748,685,746
1,<environment.Job instance at 0x14e199852a00>,48,3,[9 1],66,748,751,682,746
1,<environment.Job instance at 0x14e1a0634640>,49,13,[2 5],68,751,764,683,746
1,<environment.Job instance at 0x14e1a0634c80>,50,2,[1 8],69,746,748,677,746
1,<environment.Job instance at 0x14e1a0634190>,51,1,[2 6],70,764,765,694,746
1,<environment.Job instance at 0x14e1a0634820>,52,2,[9 2],73,765,767,692,746
1,<environment.Job instance at 0x14e1a0634b90>,53,1,[ 2 10],77,767,768,690,746
1,<environment.Job instance at 0x14e1b0b70c30>,56,3,[1 8],81,1010,1013,929,1010
1,<environment.Job instance at 0x14e199c9c7d0>,59,12,[7 2],86,1011,1023,925,1011
1,<environment.Job instance at 0x14e199c9c6e0>,60,15,[ 2 10],92,1023,1038,931,1011
1,<environment.Job instance at 0x14e19da0a280>,65,1,[6 2],98,1038,1039,940,1011
1,<environment.Job instance at 0x14e199aff460>,68,2,[5 2],101,1039,1041,938,1016
1,<environment.Job instance at 0x14e19df2b230>,70,3,[2 8],103,1016,1019,913,1016
1,<environment.Job instance at 0x14e199affaf0>,71,3,[8 2],105,1041,1044,936,1016
1,<environment.Job instance at 0x14e1b26fdf50>,72,1,[ 2 10],106,1044,1045,938,1016
1,<environment.Job instance at 0x14e1b26fdfa0>,73,2,[1 6],107,1019,1021,912,1016
1,<environment.Job instance at 0x14e1b26fd8c0>,74,2,[8 1],108,1045,1047,937,1018
1,<environment.Job instance at 0x14e19def14b0>,75,1,[2 7],110,1021,1022,911,1018
1,<environment.Job instance at 0x14e19def1be0>,76,2,[1 8],111,1038,1040,927,1018
1,<environment.Job instance at 0x14e19def15a0>,77,13,[7 1],112,1047,1060,935,1031
1,<environment.Job instance at 0x14e19def1460>,78,3,[ 2 10],115,1060,1063,945,1034
1,<environment.Job instance at 0x14e19def1780>,81,2,[10  2],118,1063,1065,945,1036
1,<environment.Job instance at 0x14e19def1960>,82,2,[1 7],119,1040,1042,921,1036
1,<environment.Job instance at 0x14e199da4f00>,0,2,[6 2],1,2,4,1,2
1,<environment.Job instance at 0x14e1997f04b0>,1,1,[7 1],4,4,5,0,4
1,<environment.Job instance at 0x14e19c93c3c0>,4,3,[6 1],7,7,10,0,7
1,<environment.Job instance at 0x14e19b0fd280>,5,2,[ 1 10],8,10,12,2,8
1,<environment.Job instance at 0x14e19c93c690>,7,1,[2 6],12,12,13,0,12
1,<environment.Job instance at 0x14e19df380a0>,9,1,[5 1],14,14,15,0,14
1,<environment.Job instance at 0x14e19df38b90>,11,1,[6 1],16,16,17,0,16
1,<environment.Job instance at 0x14e19c67a8c0>,12,3,[8 1],18,18,21,0,18
1,<environment.Job instance at 0x14e19df38780>,14,2,[8 2],23,23,25,0,23
1,<environment.Job instance at 0x14e19df38aa0>,15,17,[10  1],26,26,43,0,26
1,<environment.Job instance at 0x14e19da5a190>,16,3,[2 6],27,43,46,16,27
1,<environment.Job instance at 0x14e1992c1500>,25,12,[2 8],41,46,58,5,41
1,<environment.Job instance at 0x14e1994dd190>,29,1,[ 2 10],45,58,59,13,45
1,<environment.Job instance at 0x14e1994ddb90>,30,12,[2 8],48,59,71,11,48
1,<environment.Job instance at 0x14e199aff780>,31,3,[ 1 10],51,71,74,20,51
1,<environment.Job instance at 0x14e199aff9b0>,32,1,[8 2],52,52,53,0,52
1,<environment.Job instance at 0x14e199aff550>,33,18,[9 1],53,74,92,21,63
1,<environment.Job instance at 0x14e19c81f050>,36,1,[7 1],57,66,67,9,66
1,<environment.Job instance at 0x14e19c81f2d0>,37,1,[2 6],59,92,93,33,66
1,<environment.Job instance at 0x14e1ec174c80>,38,3,[1 5],60,74,77,14,66
1,<environment.Job instance at 0x14e19c972230>,39,3,[8 2],63,67,70,4,66
1,<environment.Job instance at 0x14e1ec174140>,40,1,[1 7],64,77,78,13,66
1,<environment.Job instance at 0x14e1ec174cd0>,41,3,[2 8],65,93,96,28,67
1,<environment.Job instance at 0x14e1ec174e10>,42,2,[7 1],66,92,94,26,67
1,<environment.Job instance at 0x14e1b249c2d0>,44,1,[1 7],70,78,79,8,70
1,<environment.Job instance at 0x14e1a2088140>,46,16,[1 6],72,96,112,24,83
1,<environment.Job instance at 0x14e1a2088730>,47,15,[10  2],73,112,127,39,98
1,<environment.Job instance at 0x14e199a82a50>,56,3,[9 1],86,98,101,12,98
1,<environment.Job instance at 0x14e199a82320>,59,16,[9 2],90,127,143,37,114
1,<environment.Job instance at 0x14e1b005ab90>,64,1,[5 1],96,143,144,47,120
1,<environment.Job instance at 0x14e1b005a500>,65,1,[8 1],98,144,145,46,120
1,<environment.Job instance at 0x14e19da8c370>,68,3,[1 9],102,143,146,41,120
1,<environment.Job instance at 0x14e199eaf870>,70,1,[7 2],105,146,147,41,128
1,<environment.Job instance at 0x14e19defca00>,71,1,[10  1],106,147,148,41,128
1,<environment.Job instance at 0x14e19b0f9190>,72,3,[2 5],108,148,151,40,128
1,<environment.Job instance at 0x14e19c596230>,73,2,[6 2],109,148,150,39,128
1,<environment.Job instance at 0x14e1997ce730>,75,3,[2 9],111,151,154,40,140
1,<environment.Job instance at 0x14e19da94fa0>,79,1,[7 1],115,145,146,30,140
1,<environment.Job instance at 0x14e19da945a0>,80,3,[9 2],116,154,157,38,140
1,<environment.Job instance at 0x14e19dedb870>,81,2,[1 8],117,140,142,23,140
1,<environment.Job instance at 0x14e1b00f5410>,83,3,[2 5],119,157,160,38,140
1,<environment.Job instance at 0x14e1b00373c0>,1,21,[9 2],2,2,23,0,2
1,<environment.Job instance at 0x14e1997b20a0>,7,17,[ 2 10],9,23,40,14,12
1,<environment.Job instance at 0x14e19c9ec7d0>,10,1,[6 1],15,40,41,25,15
1,<environment.Job instance at 0x14e1997b2910>,13,3,[7 1],20,41,44,21,27
1,<environment.Job instance at 0x14e1992d50a0>,16,3,[2 9],23,40,43,17,27
1,<environment.Job instance at 0x14e19de542d0>,19,16,[2 7],27,43,59,16,34
1,<environment.Job instance at 0x14e19c92a690>,22,1,[1 5],31,59,60,28,34
1,<environment.Job instance at 0x14e1b0a2b780>,23,2,[9 1],32,59,61,27,34
1,<environment.Job instance at 0x14e199a57e60>,24,3,[9 2],33,61,64,28,35
1,<environment.Job instance at 0x14e19993ef00>,26,2,[2 6],36,64,66,28,39
1,<environment.Job instance at 0x14e19993e5a0>,27,1,[ 1 10],37,66,67,29,39
1,<environment.Job instance at 0x14e199962e60>,28,1,[2 7],38,67,68,29,39
1,<environment.Job instance at 0x14e1b2d48dc0>,29,2,[2 6],39,68,70,29,41
1,<environment.Job instance at 0x14e1b2d48af0>,31,2,[5 1],42,44,46,2,42
1,<environment.Job instance at 0x14e1b2d480a0>,32,2,[8 2],43,46,48,3,43
1,<environment.Job instance at 0x14e1b07e6e60>,36,18,[10  2],48,70,88,22,59
1,<environment.Job instance at 0x14e1b07e6280>,39,3,[1 6],51,88,91,37,68
1,<environment.Job instance at 0x14e1b07e6a00>,40,2,[1 8],53,91,93,38,68
1,<environment.Job instance at 0x14e1a3db9690>,41,17,[7 1],54,88,105,34,76
1,<environment.Job instance at 0x14e1a3db9370>,43,3,[1 5],58,93,96,35,89
1,<environment.Job instance at 0x14e1995374b0>,47,1,[1 6],62,96,97,34,89
1,<environment.Job instance at 0x14e1b2481b90>,49,2,[5 1],64,105,107,41,89
1,<environment.Job instance at 0x14e1ec174c30>,50,2,[7 2],65,107,109,42,89
1,<environment.Job instance at 0x14e1ec174140>,51,1,[1 6],66,97,98,31,89
1,<environment.Job instance at 0x14e19c689dc0>,52,3,[2 6],67,98,101,31,89
1,<environment.Job instance at 0x14e19c689b40>,53,3,[1 9],68,101,104,33,89
1,<environment.Job instance at 0x14e19c689a00>,54,3,[6 1],69,109,112,40,89
1,<environment.Job instance at 0x14e19c689140>,55,15,[6 1],75,112,127,37,98
1,<environment.Job instance at 0x14e19c6895f0>,56,2,[7 1],76,127,129,51,100
1,<environment.Job instance at 0x14e199a685f0>,60,3,[9 1],80,129,132,49,104
1,<environment.Job instance at 0x14e199a68550>,61,16,[2 5],81,104,120,23,104
1,<environment.Job instance at 0x14e199a68e60>,62,1,[5 1],82,132,133,50,104
1,<environment.Job instance at 0x14e1b0a1d460>,66,3,[5 2],88,132,135,44,113
1,<environment.Job instance at 0x14e1b0a1ddc0>,67,15,[8 1],89,135,150,46,121
1,<environment.Job instance at 0x14e1b0198870>,68,3,[2 7],90,121,124,31,121
1,<environment.Job instance at 0x14e199a86050>,72,13,[7 2],100,150,163,50,136
1,<environment.Job instance at 0x14e19a657cd0>,76,3,[2 6],105,136,139,31,136
1,<environment.Job instance at 0x14e19c9c65f0>,77,2,[7 1],107,163,165,56,136
1,<environment.Job instance at 0x14e19a644a50>,80,3,[1 9],111,139,142,28,136
1,<environment.Job instance at 0x14e1993bd460>,81,17,[1 5],112,142,159,30,136
1,<environment.Job instance at 0x14e19c8505a0>,82,3,[8 1],114,165,168,51,139
1,<environment.Job instance at 0x14e19c8500f0>,83,1,[1 8],115,159,160,44,139
1,<environment.Job instance at 0x14e19c8507d0>,84,1,[10  2],119,168,169,49,140
1,<environment.Job instance at 0x14e1997b2a00>,6,3,[7 2],8,389,392,381,389
1,<environment.Job instance at 0x14e19db571e0>,1,3,[7 2],3,3,6,0,3
1,<environment.Job instance at 0x14e19deaca50>,4,3,[10  1],8,8,11,0,8
1,<environment.Job instance at 0x14e19deacf50>,6,3,[7 2],11,11,14,0,11
1,<environment.Job instance at 0x14e19deac460>,9,1,[1 9],15,15,16,0,15
1,<environment.Job instance at 0x14e19deaceb0>,10,3,[6 2],16,16,19,0,16
1,<environment.Job instance at 0x14e199e61f00>,16,3,[2 5],25,38,41,13,38
1,<environment.Job instance at 0x14e1b07c9d70>,19,2,[2 6],30,41,43,11,38
1,<environment.Job instance at 0x14e19c590870>,20,2,[6 2],31,38,40,7,38
1,<environment.Job instance at 0x14e19c590370>,21,3,[2 7],32,43,46,11,38
1,<environment.Job instance at 0x14e19c590d20>,23,3,[10  1],37,46,49,9,38
1,<environment.Job instance at 0x14e19ca65f00>,25,3,[1 5],39,49,52,10,39
1,<environment.Job instance at 0x14e19c96a2d0>,30,3,[2 7],44,52,55,8,44
1,<environment.Job instance at 0x14e1b0b803c0>,31,1,[7 1],45,45,46,0,45
1,<environment.Job instance at 0x14e1a20be0a0>,32,2,[7 2],46,49,51,3,46
1,<environment.Job instance at 0x14e1b0ae59b0>,33,13,[10  1],48,55,68,7,48
1,<environment.Job instance at 0x14e19dbebf50>,34,3,[2 6],49,68,71,19,49
1,<environment.Job instance at 0x14e1996d4500>,35,2,[8 1],50,51,53,1,50
1,<environment.Job instance at 0x14e19a579e10>,36,1,[6 2],51,53,54,2,51
1,<environment.Job instance at 0x14e1b0a27fa0>,37,1,[9 1],52,71,72,19,52
1,<environment.Job instance at 0x14e19a579500>,38,1,[2 5],54,72,73,18,54
1,<environment.Job instance at 0x14e1b0b92fa0>,39,3,[10  2],57,73,76,16,57
1,<environment.Job instance at 0x14e19bb63c30>,40,1,[2 7],58,76,77,18,58
1,<environment.Job instance at 0x14e19bb63cd0>,42,1,[7 2],61,68,69,7,61
1,<environment.Job instance at 0x14e199b54410>,43,3,[9 1],62,77,80,15,62
1,<environment.Job instance at 0x14e19d992b40>,47,3,[2 8],67,80,83,13,67
1,<environment.Job instance at 0x14e199e64780>,48,17,[10  1],68,83,100,15,71
1,<environment.Job instance at 0x14e19c7da1e0>,50,1,[8 2],70,72,73,2,71
1,<environment.Job instance at 0x14e19b10b370>,51,2,[2 6],71,100,102,29,73
1,<environment.Job instance at 0x14e1b0a75c30>,52,3,[1 9],72,77,80,5,73
1,<environment.Job instance at 0x14e1b0a75500>,53,2,[1 7],74,102,104,28,75
1,<environment.Job instance at 0x14e1b0a75b90>,54,3,[2 9],75,104,107,29,78
1,<environment.Job instance at 0x14e1b0a75aa0>,55,2,[6 1],76,80,82,4,78
1,<environment.Job instance at 0x14e1b0a758c0>,58,2,[7 1],80,100,102,20,80
1,<environment.Job instance at 0x14e19da31910>,60,1,[ 1 10],85,107,108,22,85
1,<environment.Job instance at 0x14e19da8d0a0>,61,3,[1 9],86,108,111,22,86
1,<environment.Job instance at 0x14e19da8df50>,63,3,[2 7],89,111,114,22,89
1,<environment.Job instance at 0x14e199790280>,66,3,[1 7],95,114,117,19,95
1,<environment.Job instance at 0x14e19edce1e0>,67,14,[2 5],97,117,131,20,102
1,<environment.Job instance at 0x14e1993c2af0>,68,13,[1 5],101,117,130,16,102
1,<environment.Job instance at 0x14e19968f4b0>,69,2,[6 1],103,103,105,0,103
1,<environment.Job instance at 0x14e19da80140>,71,1,[10  2],105,131,132,26,106
1,<environment.Job instance at 0x14e19da80eb0>,72,3,[2 9],106,132,135,26,106
1,<environment.Job instance at 0x14e199bb0e10>,77,3,[5 1],113,132,135,19,116
1,<environment.Job instance at 0x14e199849d70>,81,3,[8 1],117,135,138,18,135
1,<environment.Job instance at 0x14e19c5f77d0>,83,3,[9 2],119,138,141,19,135
1,<environment.Job instance at 0x14e1b018cf50>,1,18,[8 1],8,8,26,0,8
1,<environment.Job instance at 0x14e19df1f690>,5,3,[6 2],16,26,29,10,16
1,<environment.Job instance at 0x14e19df1f3c0>,7,2,[5 1],18,29,31,11,18
1,<environment.Job instance at 0x14e19df1f050>,8,3,[9 1],19,31,34,12,19
1,<environment.Job instance at 0x14e19cab90a0>,9,1,[7 2],20,34,35,14,20
1,<environment.Job instance at 0x14e19cab9960>,11,3,[9 2],24,35,38,11,24
1,<environment.Job instance at 0x14e19cab9870>,12,2,[2 5],25,25,27,0,25
1,<environment.Job instance at 0x14e199a31820>,13,1,[1 9],26,29,30,3,26
1,<environment.Job instance at 0x14e199a31870>,14,3,[1 7],27,30,33,3,27
1,<environment.Job instance at 0x14e199a31d20>,15,1,[1 8],28,28,29,0,28
1,<environment.Job instance at 0x14e199a31050>,16,20,[7 2],29,38,58,9,31
1,<environment.Job instance at 0x14e199a311e0>,19,3,[ 2 10],32,58,61,26,32
1,<environment.Job instance at 0x14e199a31230>,21,1,[8 1],36,61,62,25,36
1,<environment.Job instance at 0x14e199a31be0>,22,3,[1 6],37,37,40,0,37
1,<environment.Job instance at 0x14e1b0137140>,31,2,[5 1],54,62,64,8,55
1,<environment.Job instance at 0x14e1b0137d70>,32,2,[1 6],55,55,57,0,55
1,<environment.Job instance at 0x14e1b0137960>,34,1,[6 1],57,64,65,7,57
1,<environment.Job instance at 0x14e1b0a182d0>,35,18,[10  2],59,65,83,6,59
1,<environment.Job instance at 0x14e1b0a18fa0>,40,3,[5 1],64,83,86,19,64
1,<environment.Job instance at 0x14e1b0a180a0>,41,3,[1 7],65,83,86,18,65
1,<environment.Job instance at 0x14e1b0a183c0>,42,3,[10  2],67,86,89,19,67
1,<environment.Job instance at 0x14e19c6b4a50>,46,1,[8 1],76,89,90,13,76
1,<environment.Job instance at 0x14e19c6b4050>,47,15,[7 1],77,90,105,13,77
1,<environment.Job instance at 0x14e19c6b49b0>,48,1,[1 8],78,89,90,11,78
1,<environment.Job instance at 0x14e19c6b4e10>,53,16,[1 7],83,90,106,7,87
1,<environment.Job instance at 0x14e19c6b4460>,55,3,[10  1],87,106,109,19,87
1,<environment.Job instance at 0x14e1998dfd20>,58,2,[1 5],90,109,111,19,94
1,<environment.Job instance at 0x14e1998df410>,61,15,[9 1],94,109,124,15,97
1,<environment.Job instance at 0x14e1998df460>,62,1,[1 5],95,111,112,16,97
1,<environment.Job instance at 0x14e1998dfdc0>,64,2,[1 7],99,112,114,13,99
1,<environment.Job instance at 0x14e1998dfb40>,65,3,[1 8],100,114,117,14,100
1,<environment.Job instance at 0x14e19c689b40>,66,19,[5 2],101,124,143,23,114
1,<environment.Job instance at 0x14e19c689230>,68,3,[1 7],103,117,120,14,114
1,<environment.Job instance at 0x14e19c689500>,70,3,[7 2],105,143,146,38,117
1,<environment.Job instance at 0x14e19c689f00>,76,3,[6 1],112,146,149,34,129
1,<environment.Job instance at 0x14e19c689a00>,78,3,[2 5],114,129,132,15,129
1,<environment.Job instance at 0x14e19c6893c0>,79,3,[2 8],116,132,135,16,129
1,<environment.Job instance at 0x14e19c689780>,81,3,[1 8],118,153,156,35,153
1,<environment.Job instance at 0x14e1b2d79af0>,0,3,[1 9],1,1,4,0,1
1,<environment.Job instance at 0x14e1b2d796e0>,1,15,[9 1],2,2,17,0,2
1,<environment.Job instance at 0x14e1994efbe0>,2,12,[6 1],3,17,29,14,3
1,<environment.Job instance at 0x14e19cb00410>,8,1,[2 7],10,17,18,7,10
1,<environment.Job instance at 0x14e199b3df00>,9,3,[8 2],11,29,32,18,11
1,<environment.Job instance at 0x14e199b3d500>,10,3,[ 2 10],12,32,35,20,12
1,<environment.Job instance at 0x14e1994e7cd0>,11,2,[9 1],14,35,37,21,14
1,<environment.Job instance at 0x14e199b37550>,12,1,[2 5],15,18,19,3,15
1,<environment.Job instance at 0x14e199b25870>,13,3,[1 8],17,19,22,2,17
1,<environment.Job instance at 0x14e19de36140>,16,15,[10  1],23,37,52,14,23
1,<environment.Job instance at 0x14e19de4a0f0>,20,3,[10  1],28,52,55,24,31
1,<environment.Job instance at 0x14e19de4ae10>,21,3,[1 8],29,55,58,26,31
1,<environment.Job instance at 0x14e19de4abe0>,23,2,[8 2],31,55,57,24,31
1,<environment.Job instance at 0x14e19de4ae60>,24,2,[8 1],32,57,59,25,32
1,<environment.Job instance at 0x14e19de62370>,27,3,[ 2 10],37,59,62,22,37
1,<environment.Job instance at 0x14e19de62d20>,29,13,[1 7],40,84,97,44,84
1,<environment.Job instance at 0x14e199b079b0>,30,16,[5 1],41,84,100,43,84
1,<environment.Job instance at 0x14e19c9c7140>,31,3,[2 5],43,97,100,54,84
1,<environment.Job instance at 0x14e199b07690>,32,13,[1 5],44,100,113,56,84
1,<environment.Job instance at 0x14e199afd500>,35,1,[6 1],48,100,101,52,90
1,<environment.Job instance at 0x14e199afde10>,36,18,[8 2],49,101,119,52,90
1,<environment.Job instance at 0x14e199afdfa0>,38,3,[2 6],51,113,116,62,91
1,<environment.Job instance at 0x14e19c9a6cd0>,39,3,[2 6],52,116,119,64,91
1,<environment.Job instance at 0x14e19960dfa0>,40,1,[5 2],53,119,120,66,91
1,<environment.Job instance at 0x14e19960d320>,41,3,[7 1],54,120,123,66,94
1,<environment.Job instance at 0x14e19960da50>,42,2,[2 6],55,119,121,64,94
1,<environment.Job instance at 0x14e19960d9b0>,43,3,[2 7],57,121,124,64,95
1,<environment.Job instance at 0x14e19960d1e0>,44,18,[1 6],58,124,142,66,113
1,<environment.Job instance at 0x14e19960d230>,45,3,[1 5],60,142,145,82,116
1,<environment.Job instance at 0x14e19c9268c0>,0,3,[1 7],3,3,6,0,3
1,<environment.Job instance at 0x14e19960dbe0>,2,2,[10  1],5,6,8,1,5
1,<environment.Job instance at 0x14e1998e6a50>,8,3,[2 9],12,12,15,0,12
1,<environment.Job instance at 0x14e1998e68c0>,11,16,[5 2],16,16,32,0,16
1,<environment.Job instance at 0x14e19c990690>,12,3,[10  2],18,32,35,14,18
1,<environment.Job instance at 0x14e19df5bd20>,4,16,[10  2],7,35,51,28,26
1,<environment.Job instance at 0x14e1b0a9a5f0>,1,3,[10  1],2,2,5,0,2
1,<environment.Job instance at 0x14e19df71780>,2,3,[10  1],3,5,8,2,3
1,<environment.Job instance at 0x14e199c56320>,5,13,[2 5],7,8,21,1,7
1,<environment.Job instance at 0x14e1a3d4c8c0>,8,1,[ 1 10],12,21,22,9,12
1,<environment.Job instance at 0x14e19cac8780>,9,3,[9 1],14,22,25,8,14
1,<environment.Job instance at 0x14e199c56190>,10,1,[8 2],16,16,17,0,16
1,<environment.Job instance at 0x14e199c56690>,11,3,[1 5],17,17,20,0,17
1,<environment.Job instance at 0x14e199311e10>,12,1,[10  1],19,25,26,6,19
1,<environment.Job instance at 0x14e199311730>,13,3,[8 1],20,26,29,6,20
1,<environment.Job instance at 0x14e199311f50>,14,2,[8 1],21,29,31,8,21
1,<environment.Job instance at 0x14e19df5bd20>,4,17,[7 2],6,31,48,25,23
1,<environment.Job instance at 0x14e199311690>,16,3,[1 7],23,26,29,3,23
1,<environment.Job instance at 0x14e1997b3320>,19,2,[5 2],27,48,50,21,27
1,<environment.Job instance at 0x14e19c7b2910>,20,1,[1 5],28,29,30,1,28
1,<environment.Job instance at 0x14e19c7b2aa0>,21,1,[8 2],29,50,51,21,29
1,<environment.Job instance at 0x14e19df32f00>,22,2,[7 1],30,51,53,21,30
1,<environment.Job instance at 0x14e1b07ca7d0>,23,1,[10  1],31,53,54,22,31
1,<environment.Job instance at 0x14e19db310f0>,24,2,[ 1 10],32,54,56,22,32
1,<environment.Job instance at 0x14e19db31eb0>,25,2,[1 8],33,33,35,0,33
1,<environment.Job instance at 0x14e19db31780>,26,3,[2 5],34,35,38,1,34
1,<environment.Job instance at 0x14e19db31f00>,27,18,[10  1],35,56,74,21,45
1,<environment.Job instance at 0x14e1a3dc0b40>,44,3,[1 7],58,74,77,16,58
1,<environment.Job instance at 0x14e1a3dc0c80>,45,3,[7 1],59,74,77,15,59
1,<environment.Job instance at 0x14e19caff730>,46,2,[2 7],60,77,79,17,60
1,<environment.Job instance at 0x14e199790460>,51,16,[1 6],66,82,98,16,82
1,<environment.Job instance at 0x14e19c920a00>,52,3,[2 6],68,98,101,30,82
1,<environment.Job instance at 0x14e19debc4b0>,53,14,[10  1],69,101,115,32,86
1,<environment.Job instance at 0x14e19debcb40>,55,3,[5 1],71,90,93,19,90
1,<environment.Job instance at 0x14e19db3ca00>,57,3,[9 1],74,93,96,19,90
1,<environment.Job instance at 0x14e19db3c3c0>,58,3,[8 2],75,96,99,21,90
1,<environment.Job instance at 0x14e19c83f640>,64,23,[1 5],84,124,147,40,124
1,<environment.Job instance at 0x14e19c83ff00>,66,18,[10  1],86,147,165,61,136
1,<environment.Job instance at 0x14e19c83f500>,67,1,[8 2],87,136,137,49,136
1,<environment.Job instance at 0x14e199ae2870>,69,1,[5 1],89,137,138,48,136
1,<environment.Job instance at 0x14e19c86c5a0>,71,3,[7 1],91,138,141,47,136
1,<environment.Job instance at 0x14e19c86ce60>,72,3,[8 2],92,141,144,49,136
1,<environment.Job instance at 0x14e19c86cfa0>,73,2,[10  1],94,165,167,71,138
1,<environment.Job instance at 0x14e19c86c320>,76,16,[8 2],101,167,183,66,154
1,<environment.Job instance at 0x14e19c86c3c0>,77,3,[1 5],102,167,170,65,154
1,<environment.Job instance at 0x14e19c86cd20>,78,2,[5 2],103,183,185,80,156
1,<environment.Job instance at 0x14e19c86c280>,82,12,[9 1],108,185,197,77,168
1,<environment.Job instance at 0x14e19c86cc30>,83,3,[9 2],110,197,200,87,171
1,<environment.Job instance at 0x14e19db31e10>,28,2,[7 1],36,200,202,164,173
1,<environment.Job instance at 0x14e199bb24b0>,87,2,[5 2],115,183,185,68,173
1,<environment.Job instance at 0x14e199bb2910>,91,3,[10  2],119,202,205,83,176
1,<environment.Job instance at 0x14e1b2dd7eb0>,0,3,[2 7],1,1,4,0,1
1,<environment.Job instance at 0x14e19c852910>,7,2,[ 1 10],8,10,12,2,10
1,<environment.Job instance at 0x14e19c852e10>,8,1,[5 1],9,12,13,3,10
1,<environment.Job instance at 0x14e19c8522d0>,9,3,[5 2],10,12,15,2,10
1,<environment.Job instance at 0x14e19c87d7d0>,10,17,[6 2],14,15,32,1,14
1,<environment.Job instance at 0x14e19c87db40>,11,3,[5 2],15,32,35,17,15
1,<environment.Job instance at 0x14e19c87d0a0>,12,15,[10  2],16,35,50,19,21
1,<environment.Job instance at 0x14e19c87d2d0>,18,3,[9 1],24,50,53,26,27
1,<environment.Job instance at 0x14e199d70320>,29,2,[6 2],40,53,55,13,40
1,<environment.Job instance at 0x14e19984e640>,32,3,[7 1],44,55,58,11,44
1,<environment.Job instance at 0x14e19984ea50>,38,3,[2 8],51,106,109,55,106
1,<environment.Job instance at 0x14e19984e730>,39,12,[7 2],52,106,118,54,106
1,<environment.Job instance at 0x14e199a3e6e0>,40,1,[2 5],54,109,110,55,106
1,<environment.Job instance at 0x14e19caf0cd0>,42,3,[1 6],59,110,113,51,106
1,<environment.Job instance at 0x14e19caf0f50>,43,3,[2 6],60,113,116,53,106
1,<environment.Job instance at 0x14e1a061f370>,44,3,[2 5],61,116,119,55,106
1,<environment.Job instance at 0x14e19985e320>,45,16,[7 2],62,118,134,56,106
1,<environment.Job instance at 0x14e19985ee60>,46,12,[9 1],63,134,146,71,117
1,<environment.Job instance at 0x14e19985e550>,47,3,[7 2],65,146,149,81,120
1,<environment.Job instance at 0x14e199851050>,51,3,[9 2],74,149,152,75,123
1,<environment.Job instance at 0x14e199851f00>,57,2,[7 2],84,152,154,68,125
1,<environment.Job instance at 0x14e1b00a4500>,59,14,[10  2],86,154,168,68,139
1,<environment.Job instance at 0x14e1b00a4460>,60,3,[2 6],87,146,149,59,139
1,<environment.Job instance at 0x14e19df340f0>,64,3,[1 9],96,168,171,72,145
1,<environment.Job instance at 0x14e19df345f0>,65,1,[5 2],97,171,172,74,145
1,<environment.Job instance at 0x14e19df34730>,66,1,[9 1],98,168,169,70,145
1,<environment.Job instance at 0x14e1a3703910>,68,14,[10  1],101,172,186,71,157
1,<environment.Job instance at 0x14e1a37035f0>,70,16,[9 2],103,186,202,83,173
1,<environment.Job instance at 0x14e199d6f1e0>,78,3,[6 2],114,202,205,88,176
1,<environment.Job instance at 0x14e19c852f00>,2,3,[1 9],4,4,7,0,4
1,<environment.Job instance at 0x14e1b2df2960>,3,3,[2 7],6,7,10,1,6
1,<environment.Job instance at 0x14e199d0c140>,4,3,[2 9],7,10,13,3,7
1,<environment.Job instance at 0x14e199d0c9b0>,5,3,[6 1],9,9,12,0,9
1,<environment.Job instance at 0x14e199899280>,7,15,[2 7],11,14,29,3,14
1,<environment.Job instance at 0x14e19db20370>,10,3,[ 1 10],15,29,32,14,15
1,<environment.Job instance at 0x14e199c4b8c0>,15,3,[6 2],20,26,29,6,26
1,<environment.Job instance at 0x14e19c601280>,16,3,[5 2],22,32,35,10,26
1,<environment.Job instance at 0x14e19da93b90>,17,2,[1 8],23,32,34,9,26
1,<environment.Job instance at 0x14e19998a640>,18,17,[9 1],24,35,52,11,26
1,<environment.Job instance at 0x14e19c8a24b0>,23,13,[8 1],34,52,65,18,36
1,<environment.Job instance at 0x14e19989fa50>,27,1,[6 1],39,65,66,26,42
1,<environment.Job instance at 0x14e19989fb90>,28,1,[8 1],40,66,67,26,42
1,<environment.Job instance at 0x14e19989f780>,29,1,[5 1],43,67,68,24,43
1,<environment.Job instance at 0x14e19989f370>,30,2,[1 9],44,44,46,0,44
1,<environment.Job instance at 0x14e19db1b1e0>,31,3,[ 2 10],46,68,71,22,46
1,<environment.Job instance at 0x14e19db1b2d0>,32,2,[7 1],48,71,73,23,48
1,<environment.Job instance at 0x14e19db1b820>,33,2,[ 1 10],51,73,75,22,51
1,<environment.Job instance at 0x14e19db1b8c0>,34,1,[ 2 10],52,75,76,23,52
1,<environment.Job instance at 0x14e19db1b5f0>,35,3,[1 9],54,54,57,0,54
1,<environment.Job instance at 0x14e1997a61e0>,38,2,[ 1 10],60,76,78,16,60
1,<environment.Job instance at 0x14e19df32a00>,39,13,[7 2],61,78,91,17,64
1,<environment.Job instance at 0x14e19bb4bb90>,43,2,[10  2],66,91,93,25,66
1,<environment.Job instance at 0x14e1b2df2140>,8,2,[9 1],12,93,95,81,66
1,<environment.Job instance at 0x14e19bb3a3c0>,46,1,[5 2],71,95,96,24,71
1,<environment.Job instance at 0x14e1992bb550>,47,18,[10  2],72,96,114,24,85
1,<environment.Job instance at 0x14e1994c4a00>,50,2,[1 8],76,85,87,9,85
1,<environment.Job instance at 0x14e1994c40a0>,52,1,[2 9],78,114,115,36,92
1,<environment.Job instance at 0x14e1994c4cd0>,54,2,[5 2],82,115,117,33,92
1,<environment.Job instance at 0x14e1994c4370>,55,2,[10  1],83,117,119,34,92
1,<environment.Job instance at 0x14e19c8d8a00>,57,1,[7 2],86,119,120,33,94
1,<environment.Job instance at 0x14e199e669b0>,60,3,[1 9],94,120,123,26,103
1,<environment.Job instance at 0x14e1a3db8820>,61,1,[1 7],97,115,116,18,103
1,<environment.Job instance at 0x14e1a3db8640>,62,14,[7 1],99,120,134,21,105
1,<environment.Job instance at 0x14e1a3db83c0>,63,3,[6 2],100,134,137,34,108
1,<environment.Job instance at 0x14e19db05640>,66,3,[8 2],108,137,140,29,111
1,<environment.Job instance at 0x14e19db05410>,70,3,[1 6],112,128,131,16,128
1,<environment.Job instance at 0x14e19db05870>,71,1,[8 1],113,140,141,27,128
1,<environment.Job instance at 0x14e19db05280>,72,1,[6 1],114,141,142,27,128
1,<environment.Job instance at 0x14e19db05aa0>,73,1,[1 9],118,131,132,13,128
1,<environment.Job instance at 0x14e19c87ab90>,0,3,[10  2],2,2,5,0,2
1,<environment.Job instance at 0x14e19db20af0>,2,1,[2 8],4,5,6,1,4
1,<environment.Job instance at 0x14e199719370>,3,2,[9 1],7,7,9,0,7
1,<environment.Job instance at 0x14e1995e25f0>,6,2,[6 2],12,12,14,0,12
1,<environment.Job instance at 0x14e1995e24b0>,7,3,[5 2],17,17,20,0,17
1,<environment.Job instance at 0x14e1995e2cd0>,8,3,[ 2 10],18,20,23,2,18
1,<environment.Job instance at 0x14e1995e28c0>,9,3,[1 5],20,23,26,3,20
1,<environment.Job instance at 0x14e1994e3a50>,10,1,[9 1],21,23,24,2,23
1,<environment.Job instance at 0x14e19a66bb90>,12,2,[2 5],24,24,26,0,24
1,<environment.Job instance at 0x14e199967550>,20,2,[5 1],33,638,640,605,638
1,<environment.Job instance at 0x14e199967370>,21,3,[2 5],34,638,641,604,638
1,<environment.Job instance at 0x14e19db4c6e0>,22,1,[6 1],35,640,641,605,638
1,<environment.Job instance at 0x14e1992bcbe0>,23,1,[5 2],37,641,642,604,638
1,<environment.Job instance at 0x14e1b007fb40>,24,1,[6 1],38,642,643,604,638
1,<environment.Job instance at 0x14e1995e9550>,25,3,[2 5],44,641,644,597,638
1,<environment.Job instance at 0x14e1992bcf00>,26,2,[2 5],46,643,645,597,638
1,<environment.Job instance at 0x14e1b0bf0dc0>,27,1,[2 9],47,645,646,598,638
1,<environment.Job instance at 0x14e19db4c870>,28,18,[7 2],49,646,664,597,638
1,<environment.Job instance at 0x14e199323eb0>,29,15,[1 5],50,646,661,596,638
1,<environment.Job instance at 0x14e1b0bf05f0>,30,2,[2 9],51,664,666,613,638
1,<environment.Job instance at 0x14e1993237d0>,31,2,[6 2],52,666,668,614,639
1,<environment.Job instance at 0x14e19db30820>,32,3,[2 6],53,661,664,608,639
1,<environment.Job instance at 0x14e1b07c91e0>,33,2,[1 6],54,666,668,612,639
1,<environment.Job instance at 0x14e1992bd140>,34,1,[2 5],55,644,645,589,639
1,<environment.Job instance at 0x14e19db51c80>,36,2,[10  1],57,668,670,611,641
1,<environment.Job instance at 0x14e19c62bcd0>,37,2,[7 1],58,664,666,606,641
1,<environment.Job instance at 0x14e19c62b2d0>,38,2,[7 2],59,670,672,611,643
1,<environment.Job instance at 0x14e19db55f50>,40,2,[9 1],61,672,674,611,645
1,<environment.Job instance at 0x14e19db553c0>,41,3,[9 1],63,674,677,611,648
1,<environment.Job instance at 0x14e19db555a0>,42,14,[8 2],65,677,691,612,662
1,<environment.Job instance at 0x14e1992d7460>,46,3,[9 1],71,691,694,620,666
1,<environment.Job instance at 0x14e1992d7190>,47,3,[1 8],73,670,673,597,666
1,<environment.Job instance at 0x14e199bbad20>,51,17,[1 6],80,673,690,593,666
1,<environment.Job instance at 0x14e1997f6b40>,52,17,[10  2],81,694,711,613,682
1,<environment.Job instance at 0x14e1997f6af0>,53,12,[1 7],82,711,723,629,694
1,<environment.Job instance at 0x14e19c8332d0>,55,3,[9 1],87,711,714,624,694
1,<environment.Job instance at 0x14e1b00b6780>,58,3,[1 6],90,723,726,633,697
1,<environment.Job instance at 0x14e1b00b6190>,62,3,[1 7],94,726,729,632,700
1,<environment.Job instance at 0x14e1b00b66e0>,65,3,[1 9],97,729,732,632,703
1,<environment.Job instance at 0x14e1b00b6b40>,66,3,[8 1],98,714,717,616,703
1,<environment.Job instance at 0x14e1b00b6c80>,68,3,[1 9],102,732,735,630,706
1,<environment.Job instance at 0x14e19d9b6a00>,70,3,[1 7],104,735,738,631,709
1,<environment.Job instance at 0x14e19d9b6280>,72,16,[10  1],106,738,754,632,725
1,<environment.Job instance at 0x14e19d9b6550>,74,3,[9 2],109,725,728,616,725
1,<environment.Job instance at 0x14e19d9b6190>,77,1,[9 1],112,754,755,642,747
1,<environment.Job instance at 0x14e19d9b6820>,78,2,[1 5],113,754,756,641,747
1,<environment.Job instance at 0x14e1992b8e10>,79,1,[6 2],114,755,756,641,747
1,<environment.Job instance at 0x14e1992b8eb0>,80,3,[7 2],116,756,759,640,747
1,<environment.Job instance at 0x14e1992b80f0>,81,13,[1 6],117,756,769,639,747
1,<environment.Job instance at 0x14e19d9ef500>,18,1,[1 9],31,965,966,934,965
1,<environment.Job instance at 0x14e19dbd6640>,0,3,[1 8],2,2,5,0,2
1,<environment.Job instance at 0x14e19dbd6190>,2,20,[10  2],4,5,25,1,4
1,<environment.Job instance at 0x14e1a3d5faf0>,5,1,[7 2],8,25,26,17,9
1,<environment.Job instance at 0x14e1a3d5f0f0>,6,3,[ 2 10],10,26,29,16,10
1,<environment.Job instance at 0x14e1a3d5f460>,7,1,[6 2],11,29,30,18,11
1,<environment.Job instance at 0x14e1a3d5fcd0>,8,3,[10  2],13,30,33,17,13
1,<environment.Job instance at 0x14e1992d2dc0>,9,3,[2 7],15,33,36,18,15
1,<environment.Job instance at 0x14e199d19550>,12,1,[1 5],21,25,26,4,22
1,<environment.Job instance at 0x14e1997be1e0>,15,1,[8 2],25,33,34,8,25
1,<environment.Job instance at 0x14e1b2d99820>,16,2,[ 2 10],26,36,38,10,26
1,<environment.Job instance at 0x14e19df46820>,19,14,[2 7],33,38,52,5,33
1,<environment.Job instance at 0x14e19b0f0cd0>,20,3,[7 1],34,38,41,4,34
1,<environment.Job instance at 0x14e19a591050>,22,18,[6 1],36,41,59,5,36
1,<environment.Job instance at 0x14e19df46e10>,23,3,[2 9],37,52,55,15,37
1,<environment.Job instance at 0x14e199972e60>,28,2,[6 2],43,59,61,16,43
1,<environment.Job instance at 0x14e199972d70>,29,16,[6 2],45,61,77,16,48
1,<environment.Job instance at 0x14e199972870>,32,2,[8 1],50,77,79,27,50
1,<environment.Job instance at 0x14e19bb6ff50>,36,3,[2 7],56,56,59,0,56
1,<environment.Job instance at 0x14e19bb6fcd0>,40,12,[5 2],64,79,91,15,64
1,<environment.Job instance at 0x14e199d6f320>,43,3,[1 8],68,70,73,2,70
1,<environment.Job instance at 0x14e1a3d76370>,44,3,[2 9],72,91,94,19,72
1,<environment.Job instance at 0x14e1a3d765a0>,45,1,[8 2],74,94,95,20,74
1,<environment.Job instance at 0x14e1a3d76500>,46,3,[7 1],76,91,94,15,76
1,<environment.Job instance at 0x14e199439b90>,48,3,[7 2],81,95,98,14,81
1,<environment.Job instance at 0x14e1b2e94a50>,49,3,[9 2],83,98,101,15,83
1,<environment.Job instance at 0x14e1a3dabbe0>,50,3,[1 6],86,86,89,0,86
1,<environment.Job instance at 0x14e199428b40>,51,13,[1 5],87,94,107,7,87
1,<environment.Job instance at 0x14e199b218c0>,54,3,[1 8],90,107,110,17,90
1,<environment.Job instance at 0x14e1995d0d20>,58,3,[9 2],96,101,104,5,96
1,<environment.Job instance at 0x14e19de1e1e0>,59,12,[8 1],97,104,116,7,97
1,<environment.Job instance at 0x14e1b016a5f0>,61,16,[ 2 10],103,116,132,13,103
1,<environment.Job instance at 0x14e1a3dd2910>,63,2,[2 6],105,110,112,5,106
1,<environment.Job instance at 0x14e1a3dd27d0>,65,1,[2 9],109,112,113,3,109
1,<environment.Job instance at 0x14e1a3dd20f0>,66,1,[2 6],110,113,114,3,110
1,<environment.Job instance at 0x14e1a3dd2d20>,67,2,[1 8],111,114,116,3,111
1,<environment.Job instance at 0x14e1999f64b0>,68,1,[8 2],113,132,133,19,113
1,<environment.Job instance at 0x14e1999f6280>,69,13,[1 9],114,133,146,19,117
1,<environment.Job instance at 0x14e19c8c4690>,30,2,[2 6],46,797,799,751,797
1,<environment.Job instance at 0x150902935460>,1,3,[1 9],2,2,5,0,2
1,<environment.Job instance at 0x1508ac0fdeb0>,3,1,[6 2],4,5,6,1,4
1,<environment.Job instance at 0x1508ac0fd190>,4,2,[7 2],5,6,8,1,5
1,<environment.Job instance at 0x1508ac0fd230>,5,3,[9 2],6,8,11,2,6
1,<environment.Job instance at 0x1508ac0fd8c0>,6,18,[8 1],7,11,29,4,8
1,<environment.Job instance at 0x150902935a50>,7,1,[2 6],8,11,12,3,9
1,<environment.Job instance at 0x1508ac0fd050>,9,2,[6 1],11,29,31,18,11
1,<environment.Job instance at 0x1508ac833550>,11,3,[1 8],13,13,16,0,13
1,<environment.Job instance at 0x1508ac8a1d70>,12,3,[1 8],14,16,19,2,14
1,<environment.Job instance at 0x1508ac908050>,16,1,[2 5],21,21,22,0,21
1,<environment.Job instance at 0x1508ac85d410>,18,2,[10  1],25,31,33,6,25
1,<environment.Job instance at 0x1508ac930be0>,19,3,[6 2],26,33,36,7,26
1,<environment.Job instance at 0x1508ac859230>,21,3,[6 1],29,36,39,7,29
1,<environment.Job instance at 0x1508ac81a640>,25,2,[2 8],34,34,36,0,34
1,<environment.Job instance at 0x1508ac81aa00>,27,2,[2 7],36,36,38,0,36
1,<environment.Job instance at 0x1508ac81adc0>,29,16,[10  2],39,39,55,0,39
1,<environment.Job instance at 0x1508ac8092d0>,31,3,[9 2],41,55,58,14,41
1,<environment.Job instance at 0x1508ac809410>,32,3,[2 9],42,58,61,16,42
1,<environment.Job instance at 0x1508ac80e960>,39,3,[1 5],52,534,537,482,534
1,<environment.Job instance at 0x1508ac80e050>,40,3,[1 6],53,537,540,484,534
1,<environment.Job instance at 0x1508ac80e500>,42,1,[10  1],56,547,548,491,547
1,<environment.Job instance at 0x1508ac80e7d0>,43,3,[7 2],57,548,551,491,547
1,<environment.Job instance at 0x1508ac80ee10>,44,3,[1 8],58,548,551,490,547
1,<environment.Job instance at 0x1508ac880a50>,45,3,[2 8],60,551,554,491,547
1,<environment.Job instance at 0x1508ac880f50>,46,2,[2 8],61,554,556,493,547
1,<environment.Job instance at 0x1508ac880870>,47,1,[1 6],63,556,557,493,547
1,<environment.Job instance at 0x1508ac8805a0>,48,1,[2 9],65,557,558,492,547
1,<environment.Job instance at 0x1508ac880be0>,49,16,[8 2],66,558,574,492,547
1,<environment.Job instance at 0x1508ac880cd0>,50,12,[9 1],68,574,586,506,557
1,<environment.Job instance at 0x1508ac87b780>,51,2,[8 2],69,586,588,517,559
1,<environment.Job instance at 0x1508ac87bc30>,52,2,[1 7],72,559,561,487,559
1,<environment.Job instance at 0x1508ac87bfa0>,53,3,[6 1],73,588,591,515,562
1,<environment.Job instance at 0x1508ac825320>,54,2,[2 5],75,562,564,487,562
1,<environment.Job instance at 0x1508ac825050>,56,1,[10  2],79,591,592,512,568
1,<environment.Job instance at 0x1508ac825960>,59,1,[1 9],85,574,575,489,570
1,<environment.Job instance at 0x1508ac825550>,60,17,[8 1],86,592,609,506,580
1,<environment.Job instance at 0x1508ac825f00>,61,3,[1 5],87,580,583,493,580
1,<environment.Job instance at 0x1508ac822280>,62,3,[9 2],88,609,612,521,583
1,<environment.Job instance at 0x1508ac822f00>,63,3,[10  1],89,612,615,523,586
1,<environment.Job instance at 0x1508ac822e60>,64,12,[9 1],91,615,627,524,598
1,<environment.Job instance at 0x1508ac822d70>,65,3,[2 9],92,598,601,506,598
1,<environment.Job instance at 0x1508ac8229b0>,66,3,[1 9],93,601,604,508,598
1,<environment.Job instance at 0x1508ac836eb0>,68,3,[1 9],95,604,607,509,599
1,<environment.Job instance at 0x1508ac80a5a0>,71,3,[2 9],99,627,630,528,601
1,<environment.Job instance at 0x1508ac885aa0>,74,3,[6 2],106,630,633,524,604
1,<environment.Job instance at 0x1508ac373690>,78,3,[2 9],110,633,636,523,607
1,<environment.Job instance at 0x1508ac373870>,79,3,[7 2],111,636,639,525,610
1,<environment.Job instance at 0x1508ac373410>,81,3,[ 2 10],114,639,642,525,613
1,<environment.Job instance at 0x1508ac353af0>,83,1,[10  1],117,642,643,525,614
1,<environment.Job instance at 0x1508ac372f00>,84,2,[ 1 10],118,643,645,525,616
1,<environment.Job instance at 0x1508ac3725a0>,85,1,[7 2],120,645,646,525,617
1,<environment.Job instance at 0x1508ac3724b0>,86,2,[1 8],121,617,619,496,617
1,<environment.Job instance at 0x1508ac80e780>,35,2,[1 8],45,619,621,574,617
1,<environment.Job instance at 0x1508ac372460>,87,2,[2 6],122,630,632,508,617
1,<environment.Job instance at 0x1508ac36f2d0>,90,1,[2 7],127,632,633,505,617
1,<environment.Job instance at 0x1508ac36b3c0>,91,1,[2 5],128,636,637,508,617
1,<environment.Job instance at 0x1508ac36fbe0>,88,1,[1 5],123,637,638,514,635
1,<environment.Job instance at 0x1508ac80e370>,1,3,[2 8],2,2,5,0,2
1,<environment.Job instance at 0x1508ac120410>,3,15,[10  2],5,5,20,0,5
1,<environment.Job instance at 0x1508ae88feb0>,5,16,[8 1],7,20,36,13,7
1,<environment.Job instance at 0x1508ac80ec30>,6,17,[1 9],9,20,37,11,11
1,<environment.Job instance at 0x1508ae99beb0>,20,15,[9 2],27,37,52,10,29
1,<environment.Job instance at 0x1508ae99b370>,22,1,[1 6],29,37,38,8,29
1,<environment.Job instance at 0x1508ae9aca50>,23,1,[1 7],30,38,39,8,30
1,<environment.Job instance at 0x1508ae9acaa0>,24,3,[9 1],33,52,55,19,33
1,<environment.Job instance at 0x1508ae9b2280>,28,3,[7 2],38,55,58,17,47
1,<environment.Job instance at 0x1508ae9b2370>,29,2,[1 8],39,47,49,8,47
1,<environment.Job instance at 0x1508ae9b20a0>,30,3,[1 7],41,49,52,8,47
1,<environment.Job instance at 0x1508ae9b2460>,33,3,[1 9],44,74,77,30,74
1,<environment.Job instance at 0x1508ae9b2500>,34,2,[7 2],45,77,79,32,74
1,<environment.Job instance at 0x1508ae9b2fa0>,35,12,[6 1],46,79,91,33,74
1,<environment.Job instance at 0x1508ae9b64b0>,37,3,[5 1],53,102,105,49,102
1,<environment.Job instance at 0x1508ae9b6230>,38,15,[1 7],55,102,117,47,102
1,<environment.Job instance at 0x1508ae9b6460>,39,3,[ 2 10],56,117,120,61,102
1,<environment.Job instance at 0x1508ae922b90>,47,19,[ 1 10],68,120,139,52,110
1,<environment.Job instance at 0x1508ae922500>,49,3,[5 2],70,110,113,40,110
1,<environment.Job instance at 0x1508ae9221e0>,51,13,[ 2 10],72,139,152,67,123
1,<environment.Job instance at 0x1508ae922dc0>,52,1,[1 7],73,152,153,79,124
1,<environment.Job instance at 0x1508ae9222d0>,53,1,[2 9],74,153,154,79,125
1,<environment.Job instance at 0x1508ae922d20>,55,3,[ 2 10],77,154,157,77,139
1,<environment.Job instance at 0x1508ae8f9410>,56,14,[10  1],79,157,171,78,142
1,<environment.Job instance at 0x1508ae8f97d0>,61,3,[6 1],84,171,174,87,145
1,<environment.Job instance at 0x1508ae8f95f0>,67,17,[7 1],92,174,191,82,162
1,<environment.Job instance at 0x1508ae8ed370>,71,1,[9 1],101,191,192,90,176
1,<environment.Job instance at 0x1508ae8eddc0>,72,12,[1 5],102,176,188,74,176
1,<environment.Job instance at 0x1508aec70fa0>,77,2,[1 5],109,188,190,79,176
1,<environment.Job instance at 0x1508aec70d70>,78,3,[1 5],110,190,193,80,176
1,<environment.Job instance at 0x1508aec70c30>,79,2,[10  2],111,193,195,82,176
1,<environment.Job instance at 0x1508aead9690>,80,3,[2 8],115,195,198,80,176
1,<environment.Job instance at 0x1508aeadcfa0>,81,1,[2 6],116,198,199,82,176
1,<environment.Job instance at 0x1508aeadc690>,82,2,[1 6],117,199,201,82,176
1,<environment.Job instance at 0x1508ae8e9320>,85,18,[10  1],126,201,219,75,190
1,<environment.Job instance at 0x1508ac8c1870>,0,3,[8 1],2,2,5,0,2
1,<environment.Job instance at 0x1508aea5c230>,6,16,[1 7],9,10,26,1,10
1,<environment.Job instance at 0x1508ae88b370>,0,2,[2 9],1,1,3,0,1
1,<environment.Job instance at 0x1508b800c690>,1,3,[9 1],4,4,7,0,4
1,<environment.Job instance at 0x1508ac930820>,4,3,[5 1],10,10,13,0,10
1,<environment.Job instance at 0x1508ac930320>,5,14,[1 6],12,12,26,0,12
1,<environment.Job instance at 0x1508afda8230>,8,2,[10  2],15,26,28,11,15
1,<environment.Job instance at 0x1508afda8b40>,10,3,[9 2],18,18,21,0,18
1,<environment.Job instance at 0x1508afda8870>,11,3,[6 2],21,21,24,0,21
1,<environment.Job instance at 0x1508afda8c30>,13,3,[1 7],23,28,31,5,23
1,<environment.Job instance at 0x1508afda8d70>,16,3,[1 7],28,31,34,3,28
1,<environment.Job instance at 0x1508afd0ba00>,19,3,[6 1],33,33,36,0,33
1,<environment.Job instance at 0x1508afd0b500>,21,2,[2 9],35,35,37,0,35
1,<environment.Job instance at 0x1508afd0b2d0>,22,2,[2 5],36,37,39,1,36
1,<environment.Job instance at 0x1508afd0b460>,23,16,[2 9],37,39,55,2,38
1,<environment.Job instance at 0x1508afd0b140>,25,3,[8 1],39,39,42,0,39
1,<environment.Job instance at 0x1508afd0b550>,26,3,[8 1],43,43,46,0,43
1,<environment.Job instance at 0x1508ac82be60>,27,1,[10  1],44,55,56,11,44
1,<environment.Job instance at 0x1508ac82bbe0>,31,13,[ 2 10],52,56,69,4,52
1,<environment.Job instance at 0x1508ac82bb40>,32,1,[2 6],53,69,70,16,53
1,<environment.Job instance at 0x1508ac82bc80>,33,2,[1 5],55,70,72,15,55
1,<environment.Job instance at 0x1508ac82b460>,34,2,[8 1],56,69,71,13,56
1,<environment.Job instance at 0x1508b80250f0>,35,3,[2 9],57,72,75,15,57
1,<environment.Job instance at 0x1508b8025320>,37,3,[1 5],60,75,78,15,60
1,<environment.Job instance at 0x1508b80251e0>,39,3,[2 8],62,78,81,16,62
1,<environment.Job instance at 0x1508b8025780>,44,14,[9 1],70,81,95,11,70
1,<environment.Job instance at 0x1508baa2bf50>,45,3,[10  1],71,95,98,24,71
1,<environment.Job instance at 0x1508baa2ba00>,48,3,[1 9],74,81,84,7,74
1,<environment.Job instance at 0x1508baa2bb40>,50,2,[1 5],78,84,86,6,78
1,<environment.Job instance at 0x1508baa2b9b0>,51,15,[10  1],79,98,113,19,84
1,<environment.Job instance at 0x1508afe60410>,55,2,[6 1],84,113,115,29,87
1,<environment.Job instance at 0x1508afe60b90>,56,3,[10  1],86,115,118,29,89
1,<environment.Job instance at 0x1508afe60500>,57,3,[10  2],87,118,121,31,92
1,<environment.Job instance at 0x1508afe60460>,62,3,[1 6],94,121,124,27,102
1,<environment.Job instance at 0x1508afe609b0>,64,2,[ 1 10],96,124,126,28,111
1,<environment.Job instance at 0x1508bad3deb0>,66,15,[7 2],98,126,141,28,114
1,<environment.Job instance at 0x1508bad3dd70>,67,16,[2 8],99,126,142,27,114
1,<environment.Job instance at 0x1508bad3db90>,68,3,[6 1],100,121,124,21,114
1,<environment.Job instance at 0x1508bad3d140>,69,2,[1 8],101,142,144,41,115
1,<environment.Job instance at 0x1508bad3d5a0>,70,3,[2 8],102,144,147,42,118
1,<environment.Job instance at 0x1508abb8e500>,72,3,[5 2],106,141,144,35,118
1,<environment.Job instance at 0x1508abb8ed70>,75,1,[6 2],111,144,145,33,118
1,<environment.Job instance at 0x1508abb8e730>,78,2,[10  1],114,147,149,33,121
1,<environment.Job instance at 0x1508abb8e1e0>,79,2,[2 7],116,149,151,33,122
1,<environment.Job instance at 0x1508abb8e0f0>,80,1,[5 2],117,145,146,28,122
1,<environment.Job instance at 0x1508abb8e3c0>,81,1,[2 5],118,151,152,33,123
1,<environment.Job instance at 0x1508aed877d0>,82,2,[ 1 10],120,152,154,32,125
1,<environment.Job instance at 0x1508ac102eb0>,83,3,[2 5],121,154,157,33,128
1,<environment.Job instance at 0x1508b8341500>,84,12,[6 1],122,154,166,32,137
1,<environment.Job instance at 0x150900063280>,85,2,[5 2],123,149,151,26,137
1,<environment.Job instance at 0x1508bac7ddc0>,86,1,[7 1],126,146,147,20,137
1,<environment.Job instance at 0x1508abc9b4b0>,87,2,[7 1],127,166,168,39,139
1,<environment.Job instance at 0x1508bac7dc30>,88,1,[7 2],128,151,152,23,139
1,<environment.Job instance at 0x1508bac7d730>,89,3,[10  2],129,168,171,39,142
1,<environment.Job instance at 0x1508b80259b0>,42,3,[1 6],67,778,781,711,778
1,<environment.Job instance at 0x1508ba00d280>,1,3,[1 7],3,3,6,0,3
1,<environment.Job instance at 0x1508abad5e10>,4,17,[9 2],8,8,25,0,8
1,<environment.Job instance at 0x1508ac026500>,8,3,[2 7],12,25,28,13,12
1,<environment.Job instance at 0x1508ac12c9b0>,12,15,[7 1],17,25,40,8,17
1,<environment.Job instance at 0x1508abca3140>,16,3,[1 7],23,28,31,5,23
1,<environment.Job instance at 0x1508abca3f00>,17,17,[2 7],24,31,48,7,24
1,<environment.Job instance at 0x1508ac0c5780>,23,12,[9 2],30,48,60,18,31
1,<environment.Job instance at 0x1508ac373dc0>,27,16,[10  2],34,60,76,26,47
1,<environment.Job instance at 0x1508ac102910>,31,2,[7 2],40,76,78,36,49
1,<environment.Job instance at 0x1508ac1020f0>,33,2,[1 8],42,76,78,34,59
1,<environment.Job instance at 0x1508ac102d70>,34,14,[6 1],43,78,92,35,63
1,<environment.Job instance at 0x1508ac102230>,36,14,[2 8],45,78,92,33,63
1,<environment.Job instance at 0x1508ac102a00>,38,3,[7 1],47,92,95,45,66
1,<environment.Job instance at 0x1508ac107050>,42,2,[10  2],52,95,97,43,81
1,<environment.Job instance at 0x1508ac107190>,43,3,[7 1],56,97,100,41,81
1,<environment.Job instance at 0x1508ac0840a0>,44,3,[2 8],57,92,95,35,81
1,<environment.Job instance at 0x1508ac81a820>,45,3,[1 9],58,97,100,39,81
1,<environment.Job instance at 0x1508ac084550>,46,16,[10  1],59,100,116,41,87
1,<environment.Job instance at 0x1508ac3589b0>,47,3,[2 9],60,116,119,56,90
1,<environment.Job instance at 0x1508ac118b90>,49,12,[7 1],64,116,128,52,99
1,<environment.Job instance at 0x1508badd0320>,50,3,[10  1],67,128,131,61,102
1,<environment.Job instance at 0x1508badd0fa0>,51,3,[6 1],69,131,134,62,105
1,<environment.Job instance at 0x1508badd0730>,52,3,[8 1],70,134,137,64,108
1,<environment.Job instance at 0x1508badd03c0>,58,3,[5 2],80,137,140,57,111
1,<environment.Job instance at 0x1508abb7af00>,60,13,[7 2],82,140,153,58,124
1,<environment.Job instance at 0x1508ac0facd0>,61,3,[8 1],83,153,156,70,127
1,<environment.Job instance at 0x1508b80b2d20>,62,3,[2 6],86,131,134,45,127
1,<environment.Job instance at 0x1508b8106cd0>,63,18,[1 5],87,134,152,47,127
1,<environment.Job instance at 0x1508baa2aa00>,66,3,[2 9],94,153,156,59,135
1,<environment.Job instance at 0x1508ba1fd4b0>,70,2,[ 1 10],100,156,158,56,137
1,<environment.Job instance at 0x1508abbafaa0>,72,3,[10  2],103,158,161,55,142
1,<environment.Job instance at 0x1508abac38c0>,73,2,[1 6],107,161,163,54,142
1,<environment.Job instance at 0x1508abac35f0>,74,3,[1 9],108,163,166,55,142
1,<environment.Job instance at 0x1508b8096500>,75,16,[2 7],111,166,182,55,153
1,<environment.Job instance at 0x1508abb83320>,76,1,[6 2],112,161,162,49,153
1,<environment.Job instance at 0x1508abb83cd0>,77,3,[10  2],114,182,185,68,156
1,<environment.Job instance at 0x1508abb83910>,78,3,[5 1],118,162,165,44,156
1,<environment.Job instance at 0x1508abb83f50>,80,2,[7 2],120,166,168,46,156
1,<environment.Job instance at 0x1508bad9fbe0>,81,2,[6 2],121,168,170,47,156
1,<environment.Job instance at 0x1508bad9fa00>,82,3,[9 1],122,185,188,63,159
1,<environment.Job instance at 0x1508bad9f6e0>,84,2,[5 2],124,170,172,46,160
1,<environment.Job instance at 0x1508badceaa0>,86,21,[1 8],126,185,206,59,177
1,<environment.Job instance at 0x1508badce410>,88,2,[6 1],129,178,180,49,178
1,<environment.Job instance at 0x1508ba0838c0>,0,3,[9 2],2,2,5,0,2
1,<environment.Job instance at 0x1508afcd3550>,3,3,[9 2],5,5,8,0,5
1,<environment.Job instance at 0x1508ae884820>,4,2,[2 9],7,8,10,1,7
1,<environment.Job instance at 0x1508afcd34b0>,6,1,[5 1],13,13,14,0,13
1,<environment.Job instance at 0x1508afcd3640>,7,13,[10  1],15,15,28,0,15
1,<environment.Job instance at 0x1508afcd3780>,8,2,[1 8],17,28,30,11,17
1,<environment.Job instance at 0x1508afcd3eb0>,9,1,[10  2],18,30,31,12,18
1,<environment.Job instance at 0x1508afcd3c30>,10,3,[2 8],19,31,34,12,19
1,<environment.Job instance at 0x1508afcd3fa0>,12,2,[8 2],25,28,30,3,25
1,<environment.Job instance at 0x1508afcd3cd0>,14,3,[6 2],27,31,34,4,27
1,<environment.Job instance at 0x1508afcd3730>,15,1,[8 1],29,34,35,5,29
1,<environment.Job instance at 0x1508afcd3820>,16,3,[1 9],31,34,37,3,31
1,<environment.Job instance at 0x1508afcd3aa0>,17,1,[2 9],34,37,38,3,34
1,<environment.Job instance at 0x1508b9ff7f00>,18,2,[7 2],35,38,40,3,35
1,<environment.Job instance at 0x1508b9ff7d70>,19,12,[7 1],36,40,52,4,36
1,<environment.Job instance at 0x1508b9ff7d70>,1,1,[10  2],3,3,4,0,3
1,<environment.Job instance at 0x1508ba11b4b0>,2,21,[ 2 10],4,4,25,0,4
1,<environment.Job instance at 0x1508ba00e6e0>,8,2,[2 9],11,25,27,14,11
1,<environment.Job instance at 0x1508ba00e1e0>,9,2,[1 5],12,27,29,15,12
1,<environment.Job instance at 0x1508ba00e5f0>,10,16,[1 8],13,29,45,16,16
1,<environment.Job instance at 0x1508ba00e320>,12,1,[9 1],16,27,28,11,26
1,<environment.Job instance at 0x1508b8324b90>,13,17,[2 5],17,45,62,28,33
1,<environment.Job instance at 0x1508ba00e190>,16,2,[5 2],21,41,43,20,41
1,<environment.Job instance at 0x1508ba00ef00>,17,2,[5 1],22,43,45,21,41
1,<environment.Job instance at 0x1508e0076500>,18,1,[1 7],23,62,63,39,41
1,<environment.Job instance at 0x1508e0076280>,19,17,[9 1],26,62,79,36,50
1,<environment.Job instance at 0x1508ae961f50>,23,3,[2 6],31,79,82,48,53
1,<environment.Job instance at 0x1508aebf2410>,26,2,[7 2],35,55,57,20,55
1,<environment.Job instance at 0x1508ac8e8aa0>,27,2,[9 2],36,82,84,46,55
1,<environment.Job instance at 0x1508ae9b68c0>,28,3,[5 1],37,57,60,20,55
1,<environment.Job instance at 0x1508afe55f00>,30,13,[2 6],39,84,97,45,68
1,<environment.Job instance at 0x1508afe55370>,32,1,[8 2],43,79,80,36,68
1,<environment.Job instance at 0x1508ba0195f0>,33,17,[7 1],44,84,101,40,72
1,<environment.Job instance at 0x1508addc6c80>,37,1,[8 2],48,80,81,32,80
1,<environment.Job instance at 0x1508ae8bfb40>,42,13,[2 9],53,97,110,44,81
1,<environment.Job instance at 0x1508abbd7cd0>,44,3,[8 2],56,110,113,54,84
1,<environment.Job instance at 0x1508abbd79b0>,46,13,[10  1],59,113,126,54,97
1,<environment.Job instance at 0x1508abbd76e0>,50,3,[10  1],63,126,129,63,100
1,<environment.Job instance at 0x1508abbd7230>,51,3,[6 1],64,101,104,37,100
1,<environment.Job instance at 0x1508bad2ea00>,53,3,[2 7],66,110,113,44,100
1,<environment.Job instance at 0x1508abe17be0>,58,3,[2 8],71,129,132,58,103
1,<environment.Job instance at 0x1508ba18db90>,62,15,[ 2 10],76,132,147,56,118
1,<environment.Job instance at 0x1508afc97190>,63,3,[10  2],77,147,150,70,121
1,<environment.Job instance at 0x1508ba18daa0>,64,3,[2 5],79,150,153,71,124
1,<environment.Job instance at 0x1508aed46cd0>,66,3,[7 2],81,150,153,69,130
1,<environment.Job instance at 0x1508ae8f9640>,67,2,[2 9],82,153,155,71,130
1,<environment.Job instance at 0x1508abfa6dc0>,68,2,[2 7],83,155,157,72,130
1,<environment.Job instance at 0x1508abebe6e0>,69,18,[6 1],85,153,171,68,142
1,<environment.Job instance at 0x1508afc7f690>,70,15,[2 9],86,157,172,71,143
1,<environment.Job instance at 0x1508ac941960>,75,1,[6 1],92,171,172,79,144
1,<environment.Job instance at 0x1508ac941910>,78,1,[8 1],97,172,173,75,156
1,<environment.Job instance at 0x1508ac941dc0>,79,1,[5 1],99,173,174,74,156
1,<environment.Job instance at 0x1508ac941550>,80,2,[7 2],100,174,176,74,156
1,<environment.Job instance at 0x1508ba1519b0>,82,3,[1 8],103,182,185,79,182
1,<environment.Job instance at 0x1508ba151730>,84,2,[7 2],106,182,184,76,182
1,<environment.Job instance at 0x1508ba151b40>,87,17,[1 7],110,185,202,75,182
1,<environment.Job instance at 0x1508ba1513c0>,88,15,[10  2],114,202,217,88,188
1,<environment.Job instance at 0x1508b80410a0>,95,14,[1 6],123,217,231,94,202
1,<environment.Job instance at 0x1508b80414b0>,98,2,[10  2],127,231,233,104,204
1,<environment.Job instance at 0x1508aea69fa0>,2,3,[2 5],4,4,7,0,4
1,<environment.Job instance at 0x1508bac88eb0>,5,1,[10  1],8,8,9,0,8
1,<environment.Job instance at 0x1508bac88e60>,6,3,[10  1],11,11,14,0,11
1,<environment.Job instance at 0x1508bac88d70>,7,2,[ 2 10],12,14,16,2,12
1,<environment.Job instance at 0x1508bac88280>,8,3,[9 2],13,16,19,3,13
1,<environment.Job instance at 0x1508e0ff1dc0>,9,1,[1 9],14,19,20,5,14
1,<environment.Job instance at 0x1508bac88be0>,10,1,[8 2],17,20,21,3,17
1,<environment.Job instance at 0x1508bac88730>,12,1,[9 2],20,21,22,1,20
1,<environment.Job instance at 0x1508afc698c0>,13,1,[10  1],21,22,23,1,21
1,<environment.Job instance at 0x1508bac69f50>,19,14,[7 1],30,38,52,8,38
1,<environment.Job instance at 0x1509028362d0>,20,2,[7 1],31,52,54,21,38
1,<environment.Job instance at 0x1508bac69c30>,21,1,[8 1],32,54,55,22,38
1,<environment.Job instance at 0x1508bac69aa0>,22,2,[10  2],33,55,57,22,38
1,<environment.Job instance at 0x1508bac69230>,23,14,[9 1],34,57,71,23,42
1,<environment.Job instance at 0x1508abd09e60>,24,3,[9 2],35,71,74,36,45
1,<environment.Job instance at 0x1508bac69a00>,28,3,[9 2],41,74,77,33,48
1,<environment.Job instance at 0x1508bac911e0>,29,3,[10  1],42,77,80,35,51
1,<environment.Job instance at 0x1508aed3e910>,30,17,[1 8],48,57,74,9,51
1,<environment.Job instance at 0x1508aed4b780>,31,2,[8 2],50,80,82,30,53
1,<environment.Job instance at 0x1508aed4bdc0>,33,3,[1 9],52,82,85,30,68
1,<environment.Job instance at 0x1508aed4baa0>,34,13,[2 9],56,85,98,29,69
1,<environment.Job instance at 0x1508aed4b2d0>,36,3,[2 8],58,98,101,40,72
1,<environment.Job instance at 0x1508afda45a0>,39,2,[8 2],62,98,100,36,72
1,<environment.Job instance at 0x1508aed4be60>,40,15,[10  1],63,101,116,38,87
1,<environment.Job instance at 0x1508aed4b190>,42,1,[8 2],65,100,101,35,87
1,<environment.Job instance at 0x1508aed4bd70>,43,2,[ 1 10],66,116,118,50,89
1,<environment.Job instance at 0x1508bac85410>,45,1,[5 1],68,118,119,50,109
1,<environment.Job instance at 0x1508aed23d70>,47,1,[8 1],70,119,120,49,109
1,<environment.Job instance at 0x1508aed23f00>,48,1,[7 2],72,120,121,48,109
1,<environment.Job instance at 0x1508aed42370>,49,12,[6 2],73,121,133,48,109
1,<environment.Job instance at 0x1508aed42640>,50,3,[1 7],74,118,121,44,109
1,<environment.Job instance at 0x1508aed42320>,51,2,[6 2],76,133,135,57,109
1,<environment.Job instance at 0x1508aed42140>,52,3,[9 1],77,135,138,58,109
1,<environment.Job instance at 0x1508addb9050>,55,14,[9 2],80,138,152,58,123
1,<environment.Job instance at 0x1508addb9640>,57,16,[1 8],82,123,139,41,123
1,<environment.Job instance at 0x1508ba1950f0>,61,2,[8 2],86,152,154,66,125
1,<environment.Job instance at 0x1508ba16e8c0>,62,1,[9 2],87,154,155,67,126
1,<environment.Job instance at 0x1508e1bc5f00>,63,2,[1 7],88,139,141,51,126
1,<environment.Job instance at 0x1508b80b2be0>,65,16,[2 9],92,155,171,63,142
1,<environment.Job instance at 0x1508b80b28c0>,68,14,[ 1 10],97,171,185,74,156
1,<environment.Job instance at 0x1508abe32dc0>,69,1,[5 2],98,185,186,87,157
1,<environment.Job instance at 0x1508ac118b90>,70,1,[8 2],99,186,187,87,158
1,<environment.Job instance at 0x1508e00aae60>,71,2,[7 2],101,187,189,86,160
1,<environment.Job instance at 0x1508e00aafa0>,72,3,[6 1],103,160,163,57,160
1,<environment.Job instance at 0x1508ae83b230>,74,1,[9 1],105,189,190,84,162
1,<environment.Job instance at 0x1508ae83b6e0>,75,3,[5 1],106,163,166,57,162
1,<environment.Job instance at 0x1508ae83b2d0>,76,3,[1 6],107,185,188,78,162
1,<environment.Job instance at 0x1508ae83bc30>,79,2,[7 1],111,190,192,79,187
1,<environment.Job instance at 0x1508ae83bb40>,80,3,[9 1],116,192,195,76,187
1,<environment.Job instance at 0x1508ae83ba50>,81,13,[2 5],118,195,208,77,187
1,<environment.Job instance at 0x1508ae83bf00>,82,2,[1 8],119,188,190,69,187
1,<environment.Job instance at 0x1508ae83be60>,83,1,[2 6],120,190,191,70,187
1,<environment.Job instance at 0x1508ae83bf50>,84,2,[9 2],123,208,210,85,187
1,<environment.Job instance at 0x1508ae817730>,85,1,[ 2 10],127,210,211,83,187
1,<environment.Job instance at 0x1508ae824eb0>,0,3,[1 8],1,1,4,0,1
1,<environment.Job instance at 0x1508ae824dc0>,2,16,[9 1],4,4,20,0,4
1,<environment.Job instance at 0x1508ba04d0a0>,5,2,[5 2],13,20,22,7,13
1,<environment.Job instance at 0x1508e1012730>,6,2,[7 2],14,22,24,8,14
1,<environment.Job instance at 0x1508e1012be0>,7,2,[5 2],16,20,22,4,16
1,<environment.Job instance at 0x1508ab9b0d20>,8,1,[ 2 10],17,24,25,7,17
1,<environment.Job instance at 0x1508ab9b0c30>,9,1,[6 2],18,25,26,7,18
1,<environment.Job instance at 0x1508ab92ca50>,14,3,[2 8],23,25,28,2,23
1,<environment.Job instance at 0x1508ab9f6690>,15,3,[8 2],25,26,29,1,25
1,<environment.Job instance at 0x1508ac8c97d0>,18,2,[8 1],28,29,31,1,28
1,<environment.Job instance at 0x1508ba14ca00>,22,3,[ 2 10],35,35,38,0,35
1,<environment.Job instance at 0x1508ac930230>,25,2,[10  2],38,38,40,0,38
1,<environment.Job instance at 0x1508ac9300f0>,27,3,[2 8],40,40,43,0,40
1,<environment.Job instance at 0x1508ac930c80>,28,2,[6 2],41,41,43,0,41
1,<environment.Job instance at 0x1508ae860640>,29,1,[7 1],44,44,45,0,44
1,<environment.Job instance at 0x1508ae860550>,30,2,[5 2],45,45,47,0,45
1,<environment.Job instance at 0x1508ae860b40>,31,15,[1 9],46,47,62,1,46
1,<environment.Job instance at 0x1508ae860fa0>,32,3,[6 1],47,47,50,0,47
1,<environment.Job instance at 0x1508ae860f00>,36,2,[10  2],53,62,64,9,53
1,<environment.Job instance at 0x1508bac81730>,40,3,[8 1],58,58,61,0,58
1,<environment.Job instance at 0x1508ba146050>,43,17,[10  1],66,66,83,0,66
1,<environment.Job instance at 0x1508abb18d20>,44,3,[2 6],67,83,86,16,67
1,<environment.Job instance at 0x1508ac8dc230>,56,1,[9 1],84,86,87,2,84
1,<environment.Job instance at 0x1508b80f7c30>,57,1,[ 2 10],85,87,88,2,85
1,<environment.Job instance at 0x1508b80f7f00>,58,12,[2 8],88,88,100,0,88
1,<environment.Job instance at 0x1508b80f75f0>,59,3,[ 1 10],91,100,103,9,91
1,<environment.Job instance at 0x1508b80f7550>,60,1,[8 2],92,92,93,0,92
1,<environment.Job instance at 0x1508b80f7d20>,61,18,[9 1],93,103,121,10,93
1,<environment.Job instance at 0x1508b80f7af0>,62,2,[8 1],95,95,97,0,95
1,<environment.Job instance at 0x1508b80f7730>,63,13,[8 2],96,121,134,25,105
1,<environment.Job instance at 0x1508b80f7a50>,67,3,[8 2],103,134,137,31,108
1,<environment.Job instance at 0x1508b80f7370>,69,3,[2 8],105,121,124,16,108
1,<environment.Job instance at 0x1508aea954b0>,72,1,[1 7],110,110,111,0,110
1,<environment.Job instance at 0x1508aea952d0>,74,16,[1 6],112,124,140,12,112
1,<environment.Job instance at 0x1508aea95320>,75,15,[10  2],113,140,155,27,126
1,<environment.Job instance at 0x1508aea950a0>,78,3,[5 1],117,137,140,20,126
1,<environment.Job instance at 0x1508afd8bfa0>,84,3,[9 1],126,155,158,29,129
1,<environment.Job instance at 0x1508aebcfc80>,0,3,[ 2 10],1,1,4,0,1
1,<environment.Job instance at 0x1508abdfcf00>,2,1,[9 2],4,4,5,0,4
1,<environment.Job instance at 0x1508b00decd0>,4,1,[5 1],6,6,7,0,6
1,<environment.Job instance at 0x1508aebcf960>,5,1,[8 1],8,8,9,0,8
1,<environment.Job instance at 0x1508b00de640>,8,3,[1 9],12,12,15,0,12
1,<environment.Job instance at 0x1508b9983b40>,10,1,[7 2],15,15,16,0,15
1,<environment.Job instance at 0x1508b99830a0>,11,1,[10  1],16,16,17,0,16
1,<environment.Job instance at 0x1508b9983370>,12,3,[2 5],18,18,21,0,18
1,<environment.Job instance at 0x1508b9983c80>,13,2,[6 2],19,19,21,0,19
1,<environment.Job instance at 0x1508b99836e0>,17,1,[10  1],23,23,24,0,23
1,<environment.Job instance at 0x1508ba1dfc80>,19,1,[7 1],25,25,26,0,25
1,<environment.Job instance at 0x1508ac07f4b0>,20,3,[9 2],26,26,29,0,26
1,<environment.Job instance at 0x1508b00a7140>,23,3,[2 5],29,29,32,0,29
1,<environment.Job instance at 0x1508ab754be0>,24,2,[8 1],30,30,32,0,30
1,<environment.Job instance at 0x1508ba116960>,25,27,[6 1],31,32,59,1,31
1,<environment.Job instance at 0x1508ac0e71e0>,31,3,[7 2],38,59,62,21,47
1,<environment.Job instance at 0x1508abe47690>,33,1,[1 8],42,47,48,5,47
1,<environment.Job instance at 0x1508ac0e7fa0>,34,16,[5 2],43,62,78,19,49
1,<environment.Job instance at 0x1508afc69730>,35,1,[6 1],45,78,79,33,50
1,<environment.Job instance at 0x1508afc69f50>,37,2,[1 7],49,74,76,25,74
1,<environment.Job instance at 0x1508abfc2910>,38,3,[7 1],50,79,82,29,74
1,<environment.Job instance at 0x1508abfc2230>,39,1,[6 1],51,82,83,31,74
1,<environment.Job instance at 0x1508b8033aa0>,40,15,[6 2],52,83,98,31,74
1,<environment.Job instance at 0x1508b8033af0>,41,3,[2 9],53,78,81,25,74
1,<environment.Job instance at 0x1508b8033c30>,42,17,[1 8],55,81,98,26,74
1,<environment.Job instance at 0x1508b8033e60>,44,16,[2 7],57,98,114,41,94
1,<environment.Job instance at 0x1508aec74fa0>,46,2,[1 5],60,114,116,54,94
1,<environment.Job instance at 0x1508aec744b0>,48,2,[9 1],62,114,116,52,94
1,<environment.Job instance at 0x1508aec74c30>,49,3,[9 2],63,116,119,53,94
1,<environment.Job instance at 0x1508aec74d20>,52,1,[ 1 10],67,119,120,52,98
1,<environment.Job instance at 0x1508aeb19d70>,53,1,[2 7],68,120,121,52,98
1,<environment.Job instance at 0x1508bad62730>,61,18,[10  2],78,121,139,43,110
1,<environment.Job instance at 0x1508bad62820>,62,12,[2 9],79,139,151,60,122
1,<environment.Job instance at 0x1508b00ceb40>,68,3,[1 5],88,151,154,63,136
1,<environment.Job instance at 0x1508b00ce230>,69,1,[10  1],89,154,155,65,136
1,<environment.Job instance at 0x1508b00cec80>,70,1,[10  2],90,155,156,65,136
1,<environment.Job instance at 0x1508b00ce2d0>,71,16,[7 1],91,156,172,65,143
1,<environment.Job instance at 0x1508ab9ba370>,72,1,[1 6],92,156,157,64,143
1,<environment.Job instance at 0x1508abdc8b40>,73,14,[1 8],93,157,171,64,143
1,<environment.Job instance at 0x1508e0fe1410>,74,2,[5 1],94,143,145,49,143
1,<environment.Job instance at 0x1508ad38ad70>,75,2,[7 2],95,151,153,56,143
1,<environment.Job instance at 0x1508ab54be60>,76,1,[1 6],96,171,172,75,143
1,<environment.Job instance at 0x1508ae80f320>,77,3,[2 6],97,172,175,75,146
1,<environment.Job instance at 0x1508ad38a3c0>,78,3,[1 9],98,175,178,77,149
1,<environment.Job instance at 0x1508ac8e3550>,85,3,[9 1],110,175,178,65,151
1,<environment.Job instance at 0x1508ac8e3460>,89,2,[1 7],114,178,180,64,160
1,<environment.Job instance at 0x1508ac8e3d20>,90,1,[6 2],117,172,173,55,160
1,<environment.Job instance at 0x1508ac8e3280>,91,3,[5 2],118,178,181,60,160
1,<environment.Job instance at 0x1508ac8e3370>,92,15,[8 1],119,181,196,62,167
1,<environment.Job instance at 0x1508aeb4d6e0>,93,3,[2 7],120,180,183,60,167
1,<environment.Job instance at 0x1508aeb4deb0>,94,2,[8 2],122,173,175,51,167
1,<environment.Job instance at 0x1508bad600a0>,95,14,[2 9],127,183,197,56,168
1,<environment.Job instance at 0x1508abc0f050>,96,1,[5 2],129,197,198,68,169
1,<environment.Job instance at 0x1508abef26e0>,0,1,[7 2],2,3,4,1,3
1,<environment.Job instance at 0x1508abd43b40>,3,3,[2 6],5,5,8,0,5
1,<environment.Job instance at 0x1508bac87230>,7,3,[1 9],11,11,14,0,11
1,<environment.Job instance at 0x1508ae94a370>,8,17,[1 5],12,14,31,2,12
1,<environment.Job instance at 0x1508ae94af50>,9,3,[8 1],14,14,17,0,14
1,<environment.Job instance at 0x1508afc5d820>,10,1,[1 8],15,31,32,16,15
1,<environment.Job instance at 0x1508afc5d9b0>,11,1,[10  2],19,32,33,13,19
1,<environment.Job instance at 0x1508abd47cd0>,12,2,[2 6],20,33,35,13,20
1,<environment.Job instance at 0x1508abbb6230>,13,1,[1 5],21,21,22,0,21
1,<environment.Job instance at 0x1508abbb6eb0>,14,3,[7 2],23,23,26,0,23
1,<environment.Job instance at 0x1508aeb09690>,15,1,[2 8],24,35,36,11,24
1,<environment.Job instance at 0x1508ba03c640>,17,3,[10  1],28,36,39,8,28
1,<environment.Job instance at 0x1508afd52f00>,19,3,[7 2],31,33,36,2,31
1,<environment.Job instance at 0x1508ac80b370>,1,1,[2 8],3,39,40,36,32
1,<environment.Job instance at 0x1508abf89730>,29,3,[2 5],45,78,81,33,78
1,<environment.Job instance at 0x1508ae934960>,30,18,[5 2],47,78,96,31,78
1,<environment.Job instance at 0x1508aebefe60>,31,1,[1 6],48,81,82,33,78
1,<environment.Job instance at 0x1508abf89050>,32,2,[2 6],50,82,84,32,78
1,<environment.Job instance at 0x1508aebefc80>,33,2,[6 2],51,96,98,45,78
1,<environment.Job instance at 0x1508aebef3c0>,34,3,[2 7],52,84,87,32,78
1,<environment.Job instance at 0x1508aebef780>,35,1,[10  1],56,98,99,42,78
1,<environment.Job instance at 0x1508bacc6fa0>,36,3,[10  1],57,99,102,42,78
1,<environment.Job instance at 0x1508ab754f00>,37,2,[6 1],58,102,104,44,78
1,<environment.Job instance at 0x1508bacc6b90>,38,3,[1 5],59,87,90,28,78
1,<environment.Job instance at 0x1508bacc6f50>,39,2,[10  2],60,104,106,44,78
1,<environment.Job instance at 0x1508bacc60f0>,40,1,[9 1],61,106,107,45,78
1,<environment.Job instance at 0x1508aea9e1e0>,41,1,[1 8],62,90,91,28,78
1,<environment.Job instance at 0x1508bad518c0>,43,3,[2 7],64,93,96,29,93
1,<environment.Job instance at 0x1508bad51eb0>,44,1,[7 1],65,107,108,42,93
1,<environment.Job instance at 0x1508bad51320>,45,2,[7 2],66,108,110,42,93
1,<environment.Job instance at 0x1508bad51af0>,46,13,[10  1],68,110,123,42,94
1,<environment.Job instance at 0x1508bad51500>,47,3,[2 6],69,107,110,38,94
1,<environment.Job instance at 0x1508bad51e10>,49,1,[6 2],71,123,124,52,96
1,<environment.Job instance at 0x1508bad51f50>,50,1,[9 1],72,124,125,52,96
1,<environment.Job instance at 0x1508bad514b0>,52,3,[10  2],77,125,128,48,99
1,<environment.Job instance at 0x1508b9ff7be0>,55,1,[7 2],81,128,129,47,100
1,<environment.Job instance at 0x1508b9ff7c30>,56,3,[9 1],82,129,132,47,103
1,<environment.Job instance at 0x1508b9ff7460>,60,3,[2 8],87,132,135,45,106
1,<environment.Job instance at 0x1508b9ff7690>,63,1,[8 2],90,132,133,42,120
1,<environment.Job instance at 0x1508b9ff7b90>,64,2,[2 6],91,135,137,44,120
1,<environment.Job instance at 0x1508b9ff7820>,65,3,[1 9],92,129,132,37,120
1,<environment.Job instance at 0x1508b9ff75a0>,66,2,[1 7],94,123,125,29,120
1,<environment.Job instance at 0x1508b9ff78c0>,67,3,[2 9],95,137,140,42,120
1,<environment.Job instance at 0x1508b9ff7140>,68,2,[6 1],96,133,135,37,120
1,<environment.Job instance at 0x1508e0053320>,69,1,[5 1],97,135,136,38,120
1,<environment.Job instance at 0x1508e00532d0>,70,16,[2 6],98,140,156,42,127
1,<environment.Job instance at 0x1508e0053870>,74,3,[1 9],106,156,159,50,130
1,<environment.Job instance at 0x1508e0053dc0>,75,2,[9 2],108,159,161,51,132
1,<environment.Job instance at 0x1508e0053140>,76,3,[2 7],109,161,164,52,135
1,<environment.Job instance at 0x1508e00530a0>,79,3,[1 7],115,164,167,49,138
1,<environment.Job instance at 0x1508e0fdcf50>,80,14,[2 5],117,167,181,50,152
1,<environment.Job instance at 0x1508e0fdc410>,82,2,[6 1],123,152,154,29,152
1,<environment.Job instance at 0x1508ba18dc30>,87,12,[5 2],129,161,173,32,158
1,<environment.Job instance at 0x1508abefd1e0>,25,1,[2 6],38,451,452,413,451
1,<environment.Job instance at 0x1508ae9314b0>,0,20,[9 1],1,1,21,0,1
1,<environment.Job instance at 0x1508ad38a780>,1,3,[5 1],3,21,24,18,3
1,<environment.Job instance at 0x1508abfdc960>,5,3,[8 1],7,24,27,17,7
1,<environment.Job instance at 0x1508abfdc6e0>,6,2,[6 2],8,27,29,19,8
1,<environment.Job instance at 0x1508abfdc190>,7,3,[9 2],9,29,32,20,9
1,<environment.Job instance at 0x1508abfdc370>,10,2,[2 8],20,21,23,1,20
1,<environment.Job instance at 0x1508abfdc870>,11,1,[7 1],23,32,33,9,23
1,<environment.Job instance at 0x1508abfdc9b0>,12,2,[2 6],24,26,28,2,26
1,<environment.Job instance at 0x1508ac000eb0>,15,2,[5 1],28,33,35,5,28
1,<environment.Job instance at 0x1508ac0007d0>,16,3,[9 1],29,35,38,6,29
1,<environment.Job instance at 0x1508ac000230>,17,1,[7 2],30,38,39,8,30
1,<environment.Job instance at 0x1508ac0004b0>,19,3,[9 2],34,39,42,5,34
1,<environment.Job instance at 0x1508ac000780>,20,2,[2 5],35,42,44,7,35
1,<environment.Job instance at 0x1508ac0000f0>,21,1,[1 9],36,36,37,0,36
1,<environment.Job instance at 0x1508ac000410>,22,3,[1 7],37,37,40,0,37
1,<environment.Job instance at 0x1508ac000730>,23,1,[1 8],38,40,41,2,38
1,<environment.Job instance at 0x1508ac0000a0>,24,20,[7 2],39,42,62,3,39
1,<environment.Job instance at 0x1508ac000fa0>,25,1,[1 9],40,62,63,22,40
1,<environment.Job instance at 0x1508abacabe0>,27,3,[ 2 10],42,63,66,21,42
1,<environment.Job instance at 0x1508abacacd0>,29,1,[8 1],46,62,63,16,46
1,<environment.Job instance at 0x1508abaca550>,30,3,[1 6],47,47,50,0,47
1,<environment.Job instance at 0x1508abaca230>,31,2,[1 6],48,50,52,2,48
1,<environment.Job instance at 0x1508abaca780>,32,1,[2 5],49,52,53,3,49
1,<environment.Job instance at 0x1508abfdc230>,13,3,[6 2],26,66,69,40,49
1,<environment.Job instance at 0x1508ac8e36e0>,43,18,[10  2],69,69,87,0,69
1,<environment.Job instance at 0x1508ba190d20>,49,3,[1 7],75,87,90,12,75
1,<environment.Job instance at 0x1508ba1900a0>,50,3,[10  2],77,90,93,13,77
1,<environment.Job instance at 0x1508ba190050>,51,17,[9 2],79,93,110,14,81
1,<environment.Job instance at 0x1508ba190fa0>,58,13,[1 9],90,110,123,20,94
1,<environment.Job instance at 0x1508bac6d7d0>,63,3,[10  1],97,123,126,26,98
1,<environment.Job instance at 0x1508bac6d820>,64,1,[9 2],98,126,127,28,98
1,<environment.Job instance at 0x1508abc76640>,67,13,[1 9],101,127,140,26,115
1,<environment.Job instance at 0x1508abc76a50>,68,2,[10  2],102,140,142,38,115
1,<environment.Job instance at 0x1508abc765f0>,73,3,[1 8],110,142,145,32,127
1,<environment.Job instance at 0x1508abc764b0>,75,2,[2 8],112,145,147,33,127
1,<environment.Job instance at 0x1508abc76370>,76,3,[1 7],113,147,150,34,127
1,<environment.Job instance at 0x1508abc76690>,77,2,[6 1],114,127,129,13,127
1,<environment.Job instance at 0x1508abc76e10>,78,3,[7 2],115,142,145,27,127
1,<environment.Job instance at 0x1508b800b280>,79,2,[8 1],116,129,131,13,127
1,<environment.Job instance at 0x1508b800bc30>,80,15,[8 2],117,145,160,28,131
1,<environment.Job instance at 0x1508b800be60>,81,1,[10  1],118,160,161,42,132
1,<environment.Job instance at 0x1508b800b460>,82,2,[8 2],120,161,163,41,134
1,<environment.Job instance at 0x1508b800beb0>,84,3,[6 1],122,134,137,12,134
1,<environment.Job instance at 0x1508b800bb40>,86,3,[2 5],124,150,153,26,142
1,<environment.Job instance at 0x1508b800b8c0>,87,3,[2 8],126,153,156,27,142
1,<environment.Job instance at 0x1508ae824500>,89,3,[1 8],128,156,159,28,142
1,<environment.Job instance at 0x1508b80c0280>,0,3,[1 9],1,1,4,0,1
1,<environment.Job instance at 0x1508aebeda00>,1,15,[9 1],2,2,17,0,2
1,<environment.Job instance at 0x1508ac8ccaa0>,3,13,[8 1],4,17,30,13,4
1,<environment.Job instance at 0x1508ac8ccf00>,4,3,[2 8],5,17,20,12,5
1,<environment.Job instance at 0x1508ac8ccfa0>,8,1,[2 7],10,20,21,10,10
1,<environment.Job instance at 0x1508aeceaa50>,9,3,[8 2],11,30,33,19,11
1,<environment.Job instance at 0x1508abe531e0>,10,3,[ 2 10],12,33,36,21,12
1,<environment.Job instance at 0x1508aecea6e0>,11,2,[9 1],14,36,38,22,14
1,<environment.Job instance at 0x1508abe53e10>,13,3,[1 8],17,21,24,4,17
1,<environment.Job instance at 0x1508ae90e140>,16,15,[10  1],23,38,53,15,24
1,<environment.Job instance at 0x1508afc4fe10>,17,3,[1 8],25,25,28,0,25
1,<environment.Job instance at 0x1508e100b460>,23,2,[8 2],31,53,55,22,31
1,<environment.Job instance at 0x1508e00bb870>,24,2,[8 1],32,55,57,23,32
1,<environment.Job instance at 0x1508afc4f780>,19,3,[8 1],27,57,60,30,33
1,<environment.Job instance at 0x1508aecec320>,27,3,[ 2 10],37,60,63,23,37
1,<environment.Job instance at 0x1508aba1b460>,30,16,[5 1],41,79,95,38,79
1,<environment.Job instance at 0x1508aecec6e0>,31,3,[2 5],43,79,82,36,79
1,<environment.Job instance at 0x1508aba1bd20>,32,13,[1 5],44,82,95,38,79
1,<environment.Job instance at 0x1508aba1b550>,33,15,[5 1],46,95,110,49,81
1,<environment.Job instance at 0x1508aba1b320>,35,1,[6 1],48,110,111,62,85
1,<environment.Job instance at 0x1508aba1b1e0>,36,18,[8 2],49,111,129,62,100
1,<environment.Job instance at 0x1508aba1baa0>,38,3,[2 6],51,102,105,51,102
1,<environment.Job instance at 0x1508aba1b960>,39,3,[2 6],52,105,108,53,102
1,<environment.Job instance at 0x1508aba1bbe0>,40,1,[5 2],53,108,109,55,102
1,<environment.Job instance at 0x1508aba1bc80>,41,3,[7 1],54,129,132,75,103
1,<environment.Job instance at 0x1508b9ffd550>,42,2,[2 6],55,109,111,54,103
1,<environment.Job instance at 0x1508b9ffdc30>,43,3,[2 7],57,111,114,54,103
1,<environment.Job instance at 0x1508b9ffddc0>,44,18,[1 6],58,114,132,56,103
1,<environment.Job instance at 0x1508b9ffd780>,45,3,[1 5],60,132,135,72,106
1,<environment.Job instance at 0x1508aea410f0>,46,2,[2 8],61,135,137,74,108
1,<environment.Job instance at 0x1508ab6400a0>,48,15,[1 5],63,764,779,701,764
1,<environment.Job instance at 0x1508ab9b6140>,49,3,[2 5],65,764,767,699,764
1,<environment.Job instance at 0x1508ab640be0>,52,2,[9 1],69,767,769,698,764
1,<environment.Job instance at 0x1508ab640640>,53,18,[2 5],70,769,787,699,764
1,<environment.Job instance at 0x1508ab640e60>,54,3,[10  2],71,787,790,716,764
1,<environment.Job instance at 0x1508ae80f230>,55,1,[6 1],74,779,780,705,764
1,<environment.Job instance at 0x1508ae80fb90>,56,3,[10  1],75,790,793,715,764
1,<environment.Job instance at 0x1508ae80f730>,57,3,[6 2],76,780,783,704,764
1,<environment.Job instance at 0x1508b80080f0>,59,2,[7 1],78,783,785,705,773
1,<environment.Job instance at 0x1508b8008a50>,60,3,[10  1],79,793,796,714,773
1,<environment.Job instance at 0x1508b8008870>,61,1,[6 1],80,785,786,705,773
1,<environment.Job instance at 0x1508abb51960>,63,1,[2 7],82,796,797,714,773
1,<environment.Job instance at 0x1508abb51550>,64,3,[7 1],83,796,799,713,773
1,<environment.Job instance at 0x1508ab9780f0>,65,1,[8 2],84,786,787,702,773
1,<environment.Job instance at 0x1508abdd42d0>,67,15,[1 8],87,800,815,713,800
1,<environment.Job instance at 0x1508ab66ac80>,68,2,[8 2],88,800,802,712,800
1,<environment.Job instance at 0x1508ba0673c0>,69,13,[6 1],89,802,815,713,800
1,<environment.Job instance at 0x1508ba067320>,70,3,[10  1],91,815,818,724,800
1,<environment.Job instance at 0x1508aebcc690>,72,2,[10  1],94,818,820,724,800
1,<environment.Job instance at 0x1508aea9c640>,75,1,[8 1],99,820,821,721,801
1,<environment.Job instance at 0x1508b804cfa0>,78,3,[2 7],105,820,823,715,803
1,<environment.Job instance at 0x1508b804c230>,79,3,[10  2],108,823,826,715,803
1,<environment.Job instance at 0x1508b804c280>,81,3,[8 2],111,826,829,715,805
1,<environment.Job instance at 0x1508b804c500>,82,2,[2 5],114,826,828,712,805
1,<environment.Job instance at 0x1508b804c050>,84,1,[8 1],116,821,822,705,821
1,<environment.Job instance at 0x1508ac0cbf50>,85,3,[9 1],117,829,832,712,821
1,<environment.Job instance at 0x1508ac0cb230>,86,2,[9 1],119,832,834,713,821
1,<environment.Job instance at 0x1508ac0cba00>,87,17,[2 6],120,834,851,714,822
1,<environment.Job instance at 0x1508abc4e820>,88,3,[1 7],123,828,831,705,822
1,<environment.Job instance at 0x1508abc05280>,89,1,[8 2],124,822,823,698,822
1,<environment.Job instance at 0x1508ac0cb820>,90,2,[10  1],125,851,853,726,824
1,<environment.Job instance at 0x1508ac0cb8c0>,91,2,[10  1],126,853,855,727,826
1,<environment.Job instance at 0x1508aebe5370>,92,16,[10  2],127,855,871,728,842
1,<environment.Job instance at 0x1508aebe5050>,94,1,[1 7],129,871,872,742,843
1,<environment.Job instance at 0x1508abb96730>,0,3,[2 9],2,2,5,0,2
1,<environment.Job instance at 0x1508ab751be0>,4,3,[10  2],8,8,11,0,8
1,<environment.Job instance at 0x1508ac8e3280>,14,2,[5 1],20,116,118,96,116
1,<environment.Job instance at 0x1508ac8e3370>,15,3,[ 2 10],22,118,121,96,116
1,<environment.Job instance at 0x1508ac8e3cd0>,16,2,[2 8],23,116,118,93,116
1,<environment.Job instance at 0x1508ac8e3870>,17,2,[8 1],24,121,123,97,116
1,<environment.Job instance at 0x1508ac8e3820>,18,3,[2 8],27,121,124,94,116
1,<environment.Job instance at 0x1508ac8e3d70>,19,3,[9 1],28,124,127,96,116
1,<environment.Job instance at 0x1508ac8e3550>,20,3,[2 9],30,127,130,97,116
1,<environment.Job instance at 0x1508ac000410>,21,2,[10  2],31,130,132,99,116
1,<environment.Job instance at 0x1508ac000320>,23,3,[ 1 10],34,132,135,98,116
1,<environment.Job instance at 0x1508ac000fa0>,24,1,[9 2],35,135,136,100,116
1,<environment.Job instance at 0x1508ac000550>,25,1,[7 2],36,123,124,87,116
1,<environment.Job instance at 0x1508ac0000a0>,26,2,[5 2],37,136,138,99,116
1,<environment.Job instance at 0x1508ac0000f0>,30,3,[6 1],44,142,145,98,142
1,<environment.Job instance at 0x1508ac0007d0>,31,16,[ 2 10],45,145,161,100,142
1,<environment.Job instance at 0x1508ac000190>,32,2,[5 1],47,161,163,114,142
1,<environment.Job instance at 0x1508ac0008c0>,33,3,[6 1],48,163,166,115,142
1,<environment.Job instance at 0x1508ac000280>,34,1,[10  1],49,166,167,117,142
1,<environment.Job instance at 0x1508ac000aa0>,36,3,[ 2 10],51,167,170,116,145
1,<environment.Job instance at 0x1508addf70f0>,38,1,[9 2],54,170,171,116,146
1,<environment.Job instance at 0x1508addf7be0>,39,3,[2 9],55,161,164,106,146
1,<environment.Job instance at 0x1508addf7640>,40,3,[2 5],56,171,174,115,146
1,<environment.Job instance at 0x1508addf74b0>,41,3,[1 7],57,174,177,117,148
1,<environment.Job instance at 0x1508addf7e10>,42,2,[2 6],58,164,166,106,148
1,<environment.Job instance at 0x1508addf7fa0>,43,2,[5 2],59,171,173,112,148
1,<environment.Job instance at 0x1508addf79b0>,44,12,[ 1 10],60,177,189,117,160
1,<environment.Job instance at 0x1508addf7550>,48,3,[1 7],65,189,192,124,163
1,<environment.Job instance at 0x1508addf7d70>,55,3,[1 6],74,192,195,118,173
1,<environment.Job instance at 0x1508addf7c30>,56,2,[1 9],77,195,197,118,173
1,<environment.Job instance at 0x1508addf7b90>,58,12,[5 1],79,189,201,110,177
1,<environment.Job instance at 0x1508addf7b40>,59,16,[1 7],81,197,213,116,184
1,<environment.Job instance at 0x1508addf75a0>,60,3,[2 6],82,213,216,131,187
1,<environment.Job instance at 0x1508addf7190>,61,17,[6 1],85,201,218,116,189
1,<environment.Job instance at 0x1508b8035f50>,62,3,[2 8],86,216,219,130,190
1,<environment.Job instance at 0x1508b8035a50>,66,1,[1 5],91,219,220,128,194
1,<environment.Job instance at 0x1508b8035aa0>,68,3,[2 8],93,220,223,127,194
1,<environment.Job instance at 0x1508b8035910>,69,3,[2 9],94,223,226,129,197
1,<environment.Job instance at 0x1508b80355f0>,70,15,[8 1],96,218,233,122,204
1,<environment.Job instance at 0x1508b8035fa0>,71,1,[2 7],97,226,227,129,204
1,<environment.Job instance at 0x1508b8035780>,72,1,[7 2],98,233,234,135,205
1,<environment.Job instance at 0x1508b8035c80>,74,1,[ 2 10],100,234,235,134,217
1,<environment.Job instance at 0x1508b8035460>,75,2,[2 5],101,227,229,126,217
1,<environment.Job instance at 0x1508b8035640>,76,15,[7 2],102,235,250,133,221
1,<environment.Job instance at 0x1508b8035820>,77,1,[7 2],105,250,251,145,222
1,<environment.Job instance at 0x1508b80350a0>,78,1,[1 8],106,229,230,123,222
1,<environment.Job instance at 0x1508b8035dc0>,79,2,[1 7],107,230,232,123,222
1,<environment.Job instance at 0x1508b8035690>,81,2,[1 6],109,235,237,126,235
1,<environment.Job instance at 0x1508b8035320>,83,3,[10  1],112,260,263,148,260
1,<environment.Job instance at 0x1508b8035af0>,84,3,[10  1],113,263,266,150,260
1,<environment.Job instance at 0x1508b8035d20>,86,17,[7 2],116,266,283,150,260
1,<environment.Job instance at 0x1508b80e2820>,87,13,[2 5],117,266,279,149,260
1,<environment.Job instance at 0x1508b80e23c0>,88,2,[6 1],119,283,285,164,260
1,<environment.Job instance at 0x1508b80e2c80>,91,3,[9 1],124,285,288,161,264
1,<environment.Job instance at 0x1508b80e2cd0>,93,3,[1 5],127,279,282,152,264
1,<environment.Job instance at 0x1508b80e2050>,94,1,[10  1],129,288,289,159,264
1,<environment.Job instance at 0x1508aed74500>,1,1,[5 2],2,2,3,0,2
1,<environment.Job instance at 0x1508aec1deb0>,2,3,[1 7],3,3,6,0,3
1,<environment.Job instance at 0x1508aec1d550>,6,1,[1 5],8,8,9,0,8
1,<environment.Job instance at 0x1508addca7d0>,7,1,[8 2],9,9,10,0,9
1,<environment.Job instance at 0x1508ba18cf00>,5,2,[5 2],7,10,12,3,9
1,<environment.Job instance at 0x1508ba18c9b0>,8,2,[7 1],10,12,14,2,10
1,<environment.Job instance at 0x1508addca5f0>,9,1,[10  1],11,14,15,3,11
1,<environment.Job instance at 0x1508abc058c0>,10,2,[ 1 10],12,15,17,3,12
1,<environment.Job instance at 0x1508addca870>,12,3,[2 5],14,17,20,3,14
1,<environment.Job instance at 0x1508ac08dc30>,13,18,[10  1],15,20,38,5,15
1,<environment.Job instance at 0x1508ac0c07d0>,14,2,[7 1],16,17,19,1,16
1,<environment.Job instance at 0x1508afd47500>,22,2,[8 2],28,112,114,84,112
1,<environment.Job instance at 0x1508afdea5f0>,23,14,[9 2],29,114,128,85,112
1,<environment.Job instance at 0x1508afd47a50>,25,3,[1 5],31,112,115,81,112
1,<environment.Job instance at 0x1508ab8c6f00>,26,1,[1 5],33,115,116,82,112
1,<environment.Job instance at 0x1508ab8c6730>,27,16,[8 1],34,128,144,94,115
1,<environment.Job instance at 0x1508abf12fa0>,30,3,[1 7],38,117,120,79,117
1,<environment.Job instance at 0x1508abf12f50>,31,3,[7 1],39,144,147,105,118
1,<environment.Job instance at 0x1508abf12190>,32,2,[2 7],40,128,130,88,118
1,<environment.Job instance at 0x1508abf127d0>,34,1,[1 9],42,130,131,88,118
1,<environment.Job instance at 0x1508abf12730>,37,16,[1 6],46,135,151,89,135
1,<environment.Job instance at 0x1508abf125a0>,38,3,[2 6],48,151,154,103,135
1,<environment.Job instance at 0x1508abf120a0>,39,14,[10  1],49,154,168,105,139
1,<environment.Job instance at 0x1508abf12640>,41,3,[5 1],51,147,150,96,144
1,<environment.Job instance at 0x1508abf12d20>,42,2,[8 1],53,150,152,97,144
1,<environment.Job instance at 0x1508abf120f0>,43,3,[9 1],54,168,171,114,144
1,<environment.Job instance at 0x1508abf12280>,44,3,[8 2],55,171,174,116,145
1,<environment.Job instance at 0x1508e1099c80>,48,13,[ 2 10],62,174,187,112,164
1,<environment.Job instance at 0x1508e1099780>,49,2,[1 9],63,168,170,105,164
1,<environment.Job instance at 0x1508e1099af0>,51,1,[8 1],65,187,188,122,164
1,<environment.Job instance at 0x1508e1099820>,52,18,[10  1],66,188,206,122,177
1,<environment.Job instance at 0x1508e1099c30>,53,1,[8 2],67,206,207,139,178
1,<environment.Job instance at 0x1508ac896870>,54,2,[7 1],68,207,209,139,180
1,<environment.Job instance at 0x1508ac8966e0>,55,1,[5 1],69,209,210,140,181
1,<environment.Job instance at 0x1508ac8965f0>,57,3,[7 1],71,210,213,139,184
1,<environment.Job instance at 0x1508ac896c80>,58,3,[8 2],72,213,216,141,187
1,<environment.Job instance at 0x1508abdfbc30>,63,3,[1 5],82,206,209,124,196
1,<environment.Job instance at 0x1508ac8960f0>,65,13,[8 1],85,216,229,131,200
1,<environment.Job instance at 0x1508aebe0960>,68,12,[9 1],88,229,241,141,212
1,<environment.Job instance at 0x1508aebe0870>,69,3,[9 2],90,241,244,151,215
1,<environment.Job instance at 0x1508ac900230>,77,3,[10  2],99,244,247,145,218
1,<environment.Job instance at 0x1508ac900820>,79,3,[2 7],101,223,226,122,223
1,<environment.Job instance at 0x1508ae85e640>,82,16,[1 9],104,434,450,330,434
1,<environment.Job instance at 0x1508ac366c80>,84,13,[8 1],106,443,456,337,443
1,<environment.Job instance at 0x1508ac366e60>,85,1,[6 1],107,456,457,349,443
1,<environment.Job instance at 0x1508ac366280>,87,1,[5 1],109,457,458,348,443
1,<environment.Job instance at 0x1508aba37a00>,88,3,[5 2],110,457,460,347,443
1,<environment.Job instance at 0x1508abdbc410>,90,3,[5 2],115,458,461,343,443
1,<environment.Job instance at 0x1508abdbc8c0>,91,15,[10  2],116,461,476,345,447
1,<environment.Job instance at 0x1508abdbc0f0>,92,2,[8 2],117,476,478,359,449
1,<environment.Job instance at 0x1508abdbcf00>,97,3,[9 1],124,478,481,354,456
1,<environment.Job instance at 0x1508abdbc550>,98,14,[2 5],126,481,495,355,466
1,<environment.Job instance at 0x1508abdbcc30>,99,2,[1 8],127,476,478,349,466
1,<environment.Job instance at 0x1508abdbc5f0>,100,1,[5 1],128,481,482,353,466
1,<environment.Job instance at 0x1508ba100aa0>,0,2,[8 1],1,1,3,0,1
1,<environment.Job instance at 0x1508e00668c0>,1,2,[6 2],3,3,5,0,3
1,<environment.Job instance at 0x1508ac8d0410>,5,2,[9 1],9,9,11,0,9
1,<environment.Job instance at 0x1508ac8f4e10>,9,3,[7 1],14,14,17,0,14
1,<environment.Job instance at 0x1508abc6c0f0>,18,17,[ 1 10],26,251,268,225,251
1,<environment.Job instance at 0x1508abc6cbe0>,19,3,[1 6],29,268,271,239,251
1,<environment.Job instance at 0x1508abc6c460>,20,3,[2 6],30,271,274,241,251
1,<environment.Job instance at 0x1508abc6ceb0>,21,3,[2 5],31,274,277,243,251
1,<environment.Job instance at 0x1508abc4f460>,23,12,[9 1],33,277,289,244,260
1,<environment.Job instance at 0x1508b99a8370>,24,3,[7 2],35,268,271,233,260
1,<environment.Job instance at 0x1508e1090460>,25,3,[1 6],37,277,280,240,260
1,<environment.Job instance at 0x1508abc4f2d0>,27,2,[8 1],43,271,273,228,260
1,<environment.Job instance at 0x1508b80d8c30>,28,3,[9 2],44,289,292,245,263
1,<environment.Job instance at 0x1508b80d87d0>,32,3,[5 1],50,273,276,223,265
1,<environment.Job instance at 0x1508ae80f0f0>,36,14,[10  2],56,292,306,236,277
1,<environment.Job instance at 0x1508bad16fa0>,37,3,[2 6],57,306,309,249,280
1,<environment.Job instance at 0x1508abc37820>,41,3,[1 9],66,285,288,219,285
1,<environment.Job instance at 0x1508abc37aa0>,42,1,[5 2],67,306,307,239,285
1,<environment.Job instance at 0x1508abc379b0>,43,1,[9 1],68,309,310,241,285
1,<environment.Job instance at 0x1508abc37b40>,45,14,[10  1],71,310,324,239,295
1,<environment.Job instance at 0x1508abc375a0>,47,16,[9 2],73,324,340,251,311
1,<environment.Job instance at 0x1508bad33690>,53,2,[10  1],82,340,342,258,313
1,<environment.Job instance at 0x1508bad33640>,55,3,[6 2],84,342,345,258,316
1,<environment.Job instance at 0x1508bad33550>,56,3,[2 5],88,342,345,254,316
1,<environment.Job instance at 0x1508abc61820>,60,3,[1 9],94,345,348,251,319
1,<environment.Job instance at 0x1508aec7bcd0>,61,3,[2 7],96,348,351,252,322
1,<environment.Job instance at 0x1508abc61460>,62,3,[2 9],97,351,354,254,325
1,<environment.Job instance at 0x1508e1bc5500>,63,3,[6 1],99,345,348,246,325
1,<environment.Job instance at 0x1508abc46280>,66,2,[9 1],102,354,356,252,337
1,<environment.Job instance at 0x1508abc46870>,68,3,[ 1 10],105,356,359,251,347
1,<environment.Job instance at 0x1508abc461e0>,70,2,[6 2],107,348,350,241,348
1,<environment.Job instance at 0x1508abc46e60>,71,13,[6 1],108,359,372,251,348
1,<environment.Job instance at 0x1508e071d190>,73,3,[6 2],110,372,375,262,348
1,<environment.Job instance at 0x1508e071d640>,74,3,[5 2],112,375,378,263,349
1,<environment.Job instance at 0x1508bac81410>,76,17,[9 1],114,378,395,264,366
1,<environment.Job instance at 0x1508ba190e60>,82,2,[10  1],125,395,397,270,371
1,<environment.Job instance at 0x1508ba190190>,84,1,[6 2],128,397,398,269,385
1,<environment.Job instance at 0x1508ba190f50>,85,1,[6 1],129,398,399,269,385
1,<environment.Job instance at 0x1508ae96c280>,0,1,[5 1],3,3,4,0,3
1,<environment.Job instance at 0x1508ba107190>,2,3,[ 2 10],6,6,9,0,6
1,<environment.Job instance at 0x1508afc40960>,6,3,[1 9],14,14,17,0,14
1,<environment.Job instance at 0x1508afc40500>,9,2,[ 1 10],20,20,22,0,20
1,<environment.Job instance at 0x1508afc407d0>,10,13,[7 2],21,22,35,1,21
1,<environment.Job instance at 0x1508b80ce140>,11,1,[1 6],22,22,23,0,22
1,<environment.Job instance at 0x1508b80ce500>,12,1,[1 8],23,23,24,0,23
1,<environment.Job instance at 0x1508afc400f0>,13,1,[8 2],25,35,36,10,25
1,<environment.Job instance at 0x1508b80ce1e0>,14,2,[10  2],26,36,38,10,26
1,<environment.Job instance at 0x1508ae81a640>,20,14,[1 7],34,38,52,4,34
1,<environment.Job instance at 0x1508afd2baf0>,22,12,[5 2],37,38,50,1,37
1,<environment.Job instance at 0x1508ab8e60a0>,28,1,[7 2],46,50,51,4,46
1,<environment.Job instance at 0x1508ab8e64b0>,29,15,[7 1],47,51,66,4,47
1,<environment.Job instance at 0x1508abfe3b40>,30,13,[5 2],53,66,79,13,53
1,<environment.Job instance at 0x1508abfe35a0>,31,3,[1 9],54,54,57,0,54
1,<environment.Job instance at 0x1508b8327460>,32,1,[1 7],57,57,58,0,57
1,<environment.Job instance at 0x1508b8327730>,34,3,[6 2],60,79,82,19,62
1,<environment.Job instance at 0x1508b8327910>,35,17,[6 2],65,82,99,17,70
1,<environment.Job instance at 0x1508b8327af0>,37,3,[8 2],68,99,102,31,73
1,<environment.Job instance at 0x1508abd9bf00>,38,14,[10  2],69,102,116,33,87
1,<environment.Job instance at 0x1508abd9b140>,41,3,[1 6],72,87,90,15,87
1,<environment.Job instance at 0x1508afe19870>,45,3,[10  2],82,116,119,34,90
1,<environment.Job instance at 0x1508afe19a50>,48,2,[9 1],87,119,121,32,92
1,<environment.Job instance at 0x1508ba123410>,51,2,[6 2],92,121,123,29,94
1,<environment.Job instance at 0x1508ba123a00>,52,3,[5 2],97,123,126,26,97
1,<environment.Job instance at 0x1508ac03aaa0>,53,3,[ 2 10],98,126,129,28,100
1,<environment.Job instance at 0x1508ac03a500>,54,3,[1 5],100,119,122,19,100
1,<environment.Job instance at 0x1508ab53e5a0>,55,1,[9 1],101,129,130,28,101
1,<environment.Job instance at 0x1508e1459cd0>,60,2,[10  1],107,130,132,23,117
1,<environment.Job instance at 0x1508e14599b0>,61,2,[8 1],108,132,134,24,117
1,<environment.Job instance at 0x1508e1459140>,62,3,[2 9],110,132,135,22,117
1,<environment.Job instance at 0x1508b9ff9c80>,63,1,[1 9],111,129,130,18,117
1,<environment.Job instance at 0x1508b9ff9be0>,64,18,[8 2],112,135,153,23,124
1,<environment.Job instance at 0x1508b9ff99b0>,65,2,[5 1],113,124,126,11,124
1,<environment.Job instance at 0x1508b9ff9f00>,66,3,[2 5],114,135,138,21,124
1,<environment.Job instance at 0x1508b9ff9280>,67,1,[6 1],115,134,135,19,124
1,<environment.Job instance at 0x1508e11585f0>,2,3,[2 6],3,3,6,0,3
1,<environment.Job instance at 0x1508aed06aa0>,6,2,[10  1],7,7,9,0,7
1,<environment.Job instance at 0x1508aed067d0>,9,1,[9 2],10,10,11,0,10
1,<environment.Job instance at 0x1508aed06320>,10,2,[9 1],11,12,14,1,12
1,<environment.Job instance at 0x1508aed066e0>,11,3,[9 1],13,14,17,1,13
1,<environment.Job instance at 0x1508aed06640>,13,3,[2 9],16,17,20,1,16
1,<environment.Job instance at 0x1508e098c1e0>,20,2,[1 8],29,49,51,20,49
1,<environment.Job instance at 0x1508e098cb40>,22,17,[10  2],31,51,68,20,49
1,<environment.Job instance at 0x1508e1bcd910>,25,3,[9 1],37,68,71,31,61
1,<environment.Job instance at 0x1508ac1295a0>,27,2,[7 1],39,71,73,32,61
1,<environment.Job instance at 0x1508ae9ea370>,28,3,[1 6],40,68,71,28,61
1,<environment.Job instance at 0x1508afe4cb90>,29,1,[6 1],41,73,74,32,61
1,<environment.Job instance at 0x1508afe4c5a0>,30,1,[1 5],42,71,72,29,61
1,<environment.Job instance at 0x1508afe4c140>,31,2,[1 7],43,72,74,29,61
1,<environment.Job instance at 0x1508ac889140>,32,3,[1 7],44,74,77,30,61
1,<environment.Job instance at 0x1508aeab5640>,33,1,[1 8],45,77,78,32,61
1,<environment.Job instance at 0x1508ac80b870>,34,2,[2 5],46,78,80,32,61
1,<environment.Job instance at 0x1508abfc6d20>,35,3,[1 9],47,80,83,33,61
1,<environment.Job instance at 0x1508abfc6550>,36,3,[8 1],48,74,77,26,61
1,<environment.Job instance at 0x1508ab5d5f50>,37,1,[2 9],49,83,84,34,61
1,<environment.Job instance at 0x1508ab640960>,38,3,[1 9],52,84,87,32,61
1,<environment.Job instance at 0x1508ab640a50>,39,1,[9 1],53,77,78,24,61
1,<environment.Job instance at 0x1508ab640b90>,40,3,[1 7],54,87,90,33,61
1,<environment.Job instance at 0x1508ab6409b0>,41,2,[1 8],55,90,92,35,63
1,<environment.Job instance at 0x1508ab640640>,42,16,[10  1],56,92,108,36,79
1,<environment.Job instance at 0x1508ab640690>,43,3,[5 1],58,79,82,21,79
1,<environment.Job instance at 0x1508ab6408c0>,44,3,[9 2],59,87,90,28,79
1,<environment.Job instance at 0x1508ac131820>,46,2,[ 1 10],61,209,211,148,209
1,<environment.Job instance at 0x1508afd2dfa0>,47,1,[9 1],62,211,212,149,209
1,<environment.Job instance at 0x1508aba38550>,48,2,[1 5],63,211,213,148,209
1,<environment.Job instance at 0x1508afd2dd20>,49,1,[6 2],64,212,213,148,209
1,<environment.Job instance at 0x1508afd2d690>,50,3,[7 2],66,213,216,147,209
1,<environment.Job instance at 0x1508abc9d190>,51,13,[1 6],67,213,226,146,209
1,<environment.Job instance at 0x1508abc9d140>,52,19,[5 1],68,216,235,148,209
1,<environment.Job instance at 0x1508abc9d550>,53,1,[5 2],70,226,227,156,209
1,<environment.Job instance at 0x1508abc9d9b0>,54,3,[1 8],72,227,230,155,209
1,<environment.Job instance at 0x1508abc9d410>,56,20,[10  2],74,235,255,161,226
1,<environment.Job instance at 0x1508afd24b40>,59,1,[7 2],78,255,256,177,227
1,<environment.Job instance at 0x1508afd24f50>,60,3,[ 2 10],80,256,259,176,230
1,<environment.Job instance at 0x1508afd24960>,62,3,[10  2],83,259,262,176,233
1,<environment.Job instance at 0x1508ba0bbc80>,63,3,[2 7],85,262,265,177,236
1,<environment.Job instance at 0x1508ac7f9b90>,69,1,[8 2],95,262,263,167,251
1,<environment.Job instance at 0x1508ac7f9f00>,71,1,[1 6],97,255,256,158,251
1,<environment.Job instance at 0x1508ac7f9730>,72,1,[ 1 10],102,265,266,163,251
1,<environment.Job instance at 0x1508e0fe4550>,74,3,[7 1],104,266,269,162,251
1,<environment.Job instance at 0x1508ba194be0>,76,18,[6 1],106,269,287,163,258
1,<environment.Job instance at 0x1508adde6c80>,77,3,[2 9],107,266,269,159,258
1,<environment.Job instance at 0x1508b99b2550>,81,18,[8 1],112,287,305,175,283
1,<environment.Job instance at 0x1508ac03f050>,82,2,[6 2],113,305,307,192,283
1,<environment.Job instance at 0x1508ab77ed20>,84,2,[2 6],116,285,287,169,285
1,<environment.Job instance at 0x1508ab5c6320>,85,2,[9 1],118,307,309,189,285
1,<environment.Job instance at 0x1508ab5c66e0>,86,2,[8 1],120,309,311,189,285
1,<environment.Job instance at 0x1508bac91780>,87,1,[ 1 10],123,311,312,188,285
1,<environment.Job instance at 0x1508ba16e370>,88,1,[8 1],124,312,313,188,285
1,<environment.Job instance at 0x1508ba16ed70>,89,1,[8 1],125,313,314,188,285
1,<environment.Job instance at 0x1508ba16e820>,90,3,[2 7],126,287,290,161,285
1,<environment.Job instance at 0x1508ba16ec30>,91,14,[1 9],128,290,304,162,286
1,<environment.Job instance at 0x1508aed069b0>,16,3,[9 1],21,338,341,317,338
1,<environment.Job instance at 0x1508e1bb8d20>,0,3,[1 6],2,2,5,0,2
1,<environment.Job instance at 0x1508ac0f1eb0>,5,3,[1 8],8,8,11,0,8
1,<environment.Job instance at 0x1508ab8db5f0>,6,3,[2 9],12,12,15,0,12
1,<environment.Job instance at 0x1508ab8db7d0>,7,1,[8 2],14,15,16,1,14
1,<environment.Job instance at 0x1508ab5805a0>,8,3,[7 1],16,16,19,0,16
1,<environment.Job instance at 0x1508ab5800a0>,9,3,[ 2 10],19,19,22,0,19
1,<environment.Job instance at 0x1508ab580960>,10,3,[7 2],21,22,25,1,21
1,<environment.Job instance at 0x1508ab580be0>,11,3,[9 2],23,25,28,2,23
1,<environment.Job instance at 0x1508ac33ccd0>,12,3,[1 6],26,26,29,0,26
1,<environment.Job instance at 0x1508ab5802d0>,16,3,[1 8],30,30,33,0,30
1,<environment.Job instance at 0x1508aeb58550>,17,1,[10  2],31,33,34,2,31
1,<environment.Job instance at 0x1508afd15e10>,19,17,[10  2],35,35,52,0,35
1,<environment.Job instance at 0x1508ac08b190>,20,3,[9 2],36,52,55,16,36
1,<environment.Job instance at 0x1508ac07e7d0>,22,2,[6 2],38,55,57,17,38
1,<environment.Job instance at 0x1508bac890a0>,26,17,[2 7],48,55,72,7,48
1,<environment.Job instance at 0x1508b9ffcf00>,31,13,[1 9],54,72,85,18,58
1,<environment.Job instance at 0x1508b9ffc500>,35,2,[1 7],59,85,87,26,59
1,<environment.Job instance at 0x1508b9ffcb90>,36,3,[6 2],60,60,63,0,60
1,<environment.Job instance at 0x1508ae928910>,37,3,[8 1],62,63,66,1,62
1,<environment.Job instance at 0x1508aeb64190>,40,15,[10  1],66,87,102,21,73
1,<environment.Job instance at 0x1508ac08c460>,43,15,[5 2],70,102,117,32,88
1,<environment.Job instance at 0x1508ac098f50>,45,2,[5 2],73,102,104,29,90
1,<environment.Job instance at 0x1508ac0980a0>,46,2,[6 2],74,117,119,43,90
1,<environment.Job instance at 0x1508ad38f690>,47,3,[2 5],75,104,107,29,90
1,<environment.Job instance at 0x1508b00d1c30>,49,14,[2 8],78,107,121,29,96
1,<environment.Job instance at 0x1508b00d1500>,50,1,[6 2],80,119,120,39,96
1,<environment.Job instance at 0x1508b00d1140>,52,1,[1 7],82,121,122,39,96
1,<environment.Job instance at 0x1508afc6a5a0>,56,15,[7 2],88,120,135,32,107
1,<environment.Job instance at 0x1508abdf6230>,58,2,[1 6],90,122,124,32,115
1,<environment.Job instance at 0x1508abdf6280>,60,2,[8 2],93,135,137,42,124
1,<environment.Job instance at 0x1508abdf62d0>,61,14,[2 8],94,124,138,30,124
1,<environment.Job instance at 0x1508abdf6b90>,62,2,[6 2],95,137,139,42,124
1,<environment.Job instance at 0x1508abfa8690>,63,16,[5 1],98,139,155,41,126
1,<environment.Job instance at 0x1508abfa8aa0>,64,14,[9 1],99,155,169,56,140
1,<environment.Job instance at 0x1508abfa8af0>,65,1,[1 9],100,140,141,40,140
1,<environment.Job instance at 0x1508abfa8230>,66,1,[10  2],101,169,170,68,141
1,<environment.Job instance at 0x1508abfa8cd0>,67,3,[1 7],104,141,144,37,141
1,<environment.Job instance at 0x1508abfa8370>,68,1,[6 2],105,170,171,65,142
1,<environment.Job instance at 0x1508abfa8be0>,71,13,[6 1],108,171,184,63,155
1,<environment.Job instance at 0x1508ac8c9c30>,78,16,[8 1],120,184,200,64,171
1,<environment.Job instance at 0x1508ac8c9320>,81,3,[2 8],126,171,174,45,171
1,<environment.Job instance at 0x1508ac8c9460>,83,3,[2 6],128,174,177,46,171
1,<environment.Job instance at 0x1508b9ffc8c0>,32,2,[2 8],56,815,817,759,815
1,<environment.Job instance at 0x1508b9ffcbe0>,1,3,[2 8],3,3,6,0,3
1,<environment.Job instance at 0x1508b0130320>,5,1,[9 1],7,7,8,0,7
1,<environment.Job instance at 0x1508b01306e0>,7,1,[7 1],10,10,11,0,10
1,<environment.Job instance at 0x1508ac7f90f0>,11,2,[7 1],14,14,16,0,14
1,<environment.Job instance at 0x1508ac7f9550>,12,1,[1 6],16,16,17,0,16
1,<environment.Job instance at 0x1508abf2d410>,13,2,[6 2],17,17,19,0,17
1,<environment.Job instance at 0x1508abf2d9b0>,14,2,[10  2],19,19,21,0,19
1,<environment.Job instance at 0x1508bad351e0>,15,2,[2 7],23,23,25,0,23
1,<environment.Job instance at 0x1508bad35640>,16,3,[8 1],24,24,27,0,24
1,<environment.Job instance at 0x1508bad35a50>,17,1,[8 2],26,27,28,1,26
1,<environment.Job instance at 0x1508bad350f0>,18,3,[8 2],28,28,31,0,28
1,<environment.Job instance at 0x1508bad35af0>,19,2,[8 1],30,31,33,1,30
1,<environment.Job instance at 0x1508bad355a0>,20,3,[2 7],31,31,34,0,31
1,<environment.Job instance at 0x1508bad35f00>,21,1,[1 6],32,34,35,2,32
1,<environment.Job instance at 0x1508ab9744b0>,25,2,[9 1],39,39,41,0,39
1,<environment.Job instance at 0x1508ab974e10>,26,12,[8 1],40,41,53,1,40
1,<environment.Job instance at 0x1508ab974fa0>,27,12,[7 1],41,53,65,12,41
1,<environment.Job instance at 0x1508ab9742d0>,28,3,[10  1],42,65,68,23,42
1,<environment.Job instance at 0x1508ab974dc0>,29,3,[7 1],43,68,71,25,44
1,<environment.Job instance at 0x1508ab8ae550>,38,3,[1 7],57,129,132,72,129
1,<environment.Job instance at 0x1508ab8ae960>,40,3,[1 8],60,132,135,72,129
1,<environment.Job instance at 0x1508ab8ae5f0>,44,2,[6 2],69,129,131,60,129
1,<environment.Job instance at 0x1508ab8aed20>,45,3,[1 6],70,135,138,65,129
1,<environment.Job instance at 0x1508ab8aee60>,47,3,[ 2 10],72,138,141,66,129
1,<environment.Job instance at 0x1508ab8ae910>,48,3,[6 2],73,131,134,58,129
1,<environment.Job instance at 0x1508ab8aeeb0>,49,1,[9 2],77,134,135,57,129
1,<environment.Job instance at 0x1508ab8aea00>,50,1,[2 9],78,141,142,63,129
1,<environment.Job instance at 0x1508ab8ae410>,51,18,[2 7],79,142,160,63,131
1,<environment.Job instance at 0x1508ab8ae820>,53,3,[6 2],85,437,440,352,437
1,<environment.Job instance at 0x1508aed746e0>,56,19,[8 1],88,440,459,352,438
1,<environment.Job instance at 0x1508aed74a50>,62,1,[5 1],94,459,460,365,441
1,<environment.Job instance at 0x1508ab81d640>,65,1,[1 8],97,441,442,344,441
1,<environment.Job instance at 0x1508ab81dd70>,66,2,[10  2],98,460,462,362,441
1,<environment.Job instance at 0x1508ab81d910>,67,1,[9 2],99,462,463,363,441
1,<environment.Job instance at 0x1508ab81d6e0>,68,14,[2 7],100,463,477,363,450
1,<environment.Job instance at 0x1508ab81db40>,69,1,[10  1],102,477,478,375,450
1,<environment.Job instance at 0x1508ab81d140>,71,2,[2 9],106,478,480,372,459
1,<environment.Job instance at 0x1508ab81d960>,72,3,[9 1],107,480,483,373,459
1,<environment.Job instance at 0x1508ab81d0f0>,74,1,[1 6],109,459,460,350,459
1,<environment.Job instance at 0x1508ab81d230>,79,2,[2 8],115,719,721,604,719
1,<environment.Job instance at 0x1508ab81da50>,80,14,[9 1],116,721,735,605,719
1,<environment.Job instance at 0x1508ab81d4b0>,83,3,[7 2],121,735,738,614,730
1,<environment.Job instance at 0x1508ab81d690>,84,2,[2 7],122,735,737,613,730
1,<environment.Job instance at 0x1508ab81d7d0>,85,3,[2 9],124,738,741,614,730
1,<environment.Job instance at 0x1508ab81de10>,86,1,[10  2],125,741,742,616,730
1,<environment.Job instance at 0x1508ab81d500>,87,2,[ 1 10],128,742,744,614,730
1,<environment.Job instance at 0x1508afe01dc0>,88,1,[9 2],129,744,745,615,730
1,<environment.Job instance at 0x1508ab8aec80>,35,3,[1 8],54,790,793,736,790
1,<environment.Job instance at 0x14af129b6c30>,0,12,[2 5],1,1,13,0,1
1,<environment.Job instance at 0x14af129b6960>,1,3,[1 9],2,13,16,11,2
1,<environment.Job instance at 0x14aebc185050>,5,3,[9 2],6,16,19,10,6
1,<environment.Job instance at 0x14aebc1851e0>,7,1,[2 6],8,19,20,11,8
1,<environment.Job instance at 0x14af129b63c0>,9,2,[6 1],11,11,13,0,11
1,<environment.Job instance at 0x14aebd41c690>,11,3,[1 8],13,16,19,3,13
1,<environment.Job instance at 0x14aebc86bcd0>,12,3,[1 8],14,20,23,6,14
1,<environment.Job instance at 0x14aebc8c3050>,13,2,[8 1],17,19,21,2,17
1,<environment.Job instance at 0x14aebc1850f0>,14,2,[ 1 10],18,23,25,5,18
1,<environment.Job instance at 0x14aebc818f50>,15,1,[ 1 10],20,25,26,5,20
1,<environment.Job instance at 0x14aebc85e140>,16,1,[2 5],21,26,27,5,21
1,<environment.Job instance at 0x14aebc85e0f0>,17,17,[6 1],23,26,43,3,23
1,<environment.Job instance at 0x14aebc8a25a0>,18,2,[10  1],25,43,45,18,25
1,<environment.Job instance at 0x14aebc8a2dc0>,19,3,[6 2],26,45,48,19,26
1,<environment.Job instance at 0x14aebc8a2460>,21,3,[6 1],29,48,51,19,29
1,<environment.Job instance at 0x14aebc8a20f0>,23,2,[8 1],31,51,53,20,31
1,<environment.Job instance at 0x14aebc8d8910>,25,2,[2 8],34,34,36,0,34
1,<environment.Job instance at 0x14aebc8ade10>,27,2,[2 7],36,36,38,0,36
1,<environment.Job instance at 0x14aebc8adbe0>,28,2,[2 7],37,38,40,1,37
1,<environment.Job instance at 0x14aebc8ad0f0>,29,16,[10  2],39,53,69,14,40
1,<environment.Job instance at 0x14aebc892640>,38,1,[8 1],51,69,70,18,59
1,<environment.Job instance at 0x14aebc892f50>,39,3,[1 5],52,69,72,17,59
1,<environment.Job instance at 0x14aebc8920a0>,40,3,[1 6],53,72,75,19,59
1,<environment.Job instance at 0x14aebc892410>,42,1,[10  1],56,75,76,19,70
1,<environment.Job instance at 0x14aebc896140>,43,3,[7 2],57,70,73,13,70
1,<environment.Job instance at 0x14aebc892c30>,44,3,[1 8],58,76,79,18,70
1,<environment.Job instance at 0x14aebc815910>,45,3,[2 8],60,79,82,19,70
1,<environment.Job instance at 0x14aebc896500>,46,2,[2 8],61,82,84,21,70
1,<environment.Job instance at 0x14aebc94c730>,47,1,[1 6],63,84,85,21,70
1,<environment.Job instance at 0x14aebc896b40>,48,1,[2 9],65,85,86,20,70
1,<environment.Job instance at 0x14aebc896cd0>,49,16,[8 2],66,86,102,20,73
1,<environment.Job instance at 0x14aebc896be0>,50,12,[9 1],68,102,114,34,85
1,<environment.Job instance at 0x14aebc8aacd0>,52,2,[1 7],72,86,88,14,85
1,<environment.Job instance at 0x14aebc8aa140>,53,3,[6 1],73,114,117,41,88
1,<environment.Job instance at 0x14aebc8918c0>,54,2,[2 5],75,88,90,13,88
1,<environment.Job instance at 0x14aebc8aa190>,56,1,[10  2],79,117,118,38,93
1,<environment.Job instance at 0x14aebc89f280>,57,22,[1 5],80,93,115,13,93
1,<environment.Job instance at 0x14aebc8bcaa0>,58,15,[2 9],82,118,133,36,104
1,<environment.Job instance at 0x14aebc3e3960>,61,3,[1 5],87,133,136,46,107
1,<environment.Job instance at 0x14aebc8bd960>,62,3,[9 2],88,133,136,45,107
1,<environment.Job instance at 0x14aebc3eef50>,63,3,[10  1],89,136,139,47,110
1,<environment.Job instance at 0x14aebc3fa8c0>,65,3,[2 9],92,139,142,47,117
1,<environment.Job instance at 0x14aebc3fa1e0>,66,3,[1 9],93,142,145,49,117
1,<environment.Job instance at 0x14aebc3fb0f0>,68,3,[1 9],95,145,148,50,129
1,<environment.Job instance at 0x14aebc8e64b0>,71,3,[2 9],99,148,151,49,129
1,<environment.Job instance at 0x14aebc8b3140>,73,2,[6 2],103,151,153,48,134
1,<environment.Job instance at 0x14aebc8b35a0>,74,3,[6 2],106,153,156,47,134
1,<environment.Job instance at 0x14aebc3f77d0>,78,3,[2 9],110,156,159,46,134
1,<environment.Job instance at 0x14aebc3f7eb0>,79,3,[7 2],111,159,162,48,134
1,<environment.Job instance at 0x14aebc181050>,81,3,[ 2 10],114,162,165,48,141
1,<environment.Job instance at 0x14aebc1810f0>,82,12,[2 8],115,165,177,50,148
1,<environment.Job instance at 0x14aebc181aa0>,85,1,[7 2],120,165,166,45,149
1,<environment.Job instance at 0x14aebc3db140>,88,1,[1 5],123,151,152,28,149
1,<environment.Job instance at 0x14aebc182eb0>,92,15,[7 1],129,166,181,37,152
1,<environment.Job instance at 0x14aebc1823c0>,95,3,[2 8],132,152,155,20,152
1,<environment.Job instance at 0x14aebc1821e0>,96,12,[9 2],134,181,193,47,164
1,<environment.Job instance at 0x14aebc18f7d0>,100,17,[1 9],139,193,210,54,181
1,<environment.Job instance at 0x14aebc892190>,37,2,[ 1 10],50,1080,1082,1030,1080
1,<environment.Job instance at 0x14aebe97ba50>,8,3,[ 2 10],12,12,15,0,12
1,<environment.Job instance at 0x14aebe97bc80>,9,3,[2 5],13,15,18,2,13
1,<environment.Job instance at 0x14aebe97b960>,10,1,[8 1],14,15,16,1,14
1,<environment.Job instance at 0x14aebe97b6e0>,11,3,[5 2],16,16,19,0,16
1,<environment.Job instance at 0x14aebe97bb40>,13,18,[2 6],18,18,36,0,18
1,<environment.Job instance at 0x14aebe97b410>,14,1,[1 6],19,36,37,17,19
1,<environment.Job instance at 0x14aebe97b5a0>,15,1,[1 7],20,37,38,17,20
1,<environment.Job instance at 0x14aebe971960>,16,3,[9 1],23,36,39,13,23
1,<environment.Job instance at 0x14aebe971cd0>,21,2,[1 8],29,45,47,16,45
1,<environment.Job instance at 0x14aebe971eb0>,22,3,[1 7],31,47,50,16,45
1,<environment.Job instance at 0x14aebfdb98c0>,4,3,[1 7],6,6,9,0,6
1,<environment.Job instance at 0x14aebfdb9be0>,6,1,[5 2],8,8,9,0,8
1,<environment.Job instance at 0x14aebfdb99b0>,7,1,[1 8],9,9,10,0,9
1,<environment.Job instance at 0x14aebfdb9f50>,8,3,[1 7],10,10,13,0,10
1,<environment.Job instance at 0x14aebfdb93c0>,9,2,[5 2],12,12,14,0,12
1,<environment.Job instance at 0x14aebfdb9f00>,10,2,[1 7],14,14,16,0,14
1,<environment.Job instance at 0x14aebfd426e0>,13,12,[7 1],18,18,30,0,18
1,<environment.Job instance at 0x14aebfd42fa0>,14,2,[10  1],19,30,32,11,19
1,<environment.Job instance at 0x14aebec39640>,18,3,[1 8],25,25,28,0,25
1,<environment.Job instance at 0x14aebec39230>,19,12,[7 2],27,32,44,5,27
1,<environment.Job instance at 0x14aebec397d0>,21,3,[ 2 10],31,44,47,13,31
1,<environment.Job instance at 0x14aebfea71e0>,25,14,[8 1],36,47,61,11,36
1,<environment.Job instance at 0x14aebfea72d0>,27,3,[7 2],38,61,64,23,38
1,<environment.Job instance at 0x14aebfea7eb0>,30,3,[1 9],42,47,50,5,42
1,<environment.Job instance at 0x14aebfea77d0>,32,3,[5 1],44,64,67,20,44
1,<environment.Job instance at 0x14aebec01780>,33,3,[1 7],49,50,53,1,49
1,<environment.Job instance at 0x14aebec01cd0>,34,12,[7 1],51,67,79,16,51
1,<environment.Job instance at 0x14aebec015f0>,36,2,[10  1],53,79,81,26,53
1,<environment.Job instance at 0x14aebfef28c0>,37,3,[1 9],54,54,57,0,54
1,<environment.Job instance at 0x14aebfef2870>,38,3,[1 8],58,58,61,0,58
1,<environment.Job instance at 0x14aebfef2d70>,40,2,[9 2],62,81,83,19,62
1,<environment.Job instance at 0x14aebfef2190>,41,3,[5 2],63,64,67,1,63
1,<environment.Job instance at 0x14aebfef2af0>,46,13,[1 7],70,81,94,11,70
1,<environment.Job instance at 0x14aebebcf4b0>,47,12,[2 9],73,94,106,21,77
1,<environment.Job instance at 0x14aebebcf910>,48,3,[5 2],74,83,86,9,77
1,<environment.Job instance at 0x14aebebcfcd0>,50,15,[8 2],76,106,121,30,92
1,<environment.Job instance at 0x14aebec3fe10>,53,1,[6 2],81,121,122,40,95
1,<environment.Job instance at 0x14aebec3ffa0>,54,3,[2 7],83,106,109,23,95
1,<environment.Job instance at 0x14aebec801e0>,56,2,[8 1],88,122,124,34,109
1,<environment.Job instance at 0x14aebec3fb90>,57,2,[1 9],91,122,124,31,109
1,<environment.Job instance at 0x14aebec80690>,58,2,[1 6],92,109,111,17,109
1,<environment.Job instance at 0x14aebec807d0>,60,3,[1 8],94,111,114,17,109
1,<environment.Job instance at 0x14aebec80370>,61,1,[9 2],95,124,125,29,109
1,<environment.Job instance at 0x14aebec3d500>,62,18,[ 1 10],96,125,143,29,114
1,<environment.Job instance at 0x14aebec6c780>,64,3,[ 2 10],100,143,146,43,117
1,<environment.Job instance at 0x14aebec6c8c0>,66,3,[9 1],102,146,149,44,120
1,<environment.Job instance at 0x14aebec6c1e0>,68,1,[6 2],105,149,150,44,124
1,<environment.Job instance at 0x14aebec7caa0>,69,3,[2 7],106,149,152,43,124
1,<environment.Job instance at 0x14aebec75690>,72,3,[10  2],110,152,155,42,133
1,<environment.Job instance at 0x14aebec757d0>,74,3,[9 1],114,155,158,41,133
1,<environment.Job instance at 0x14aebe917690>,77,3,[5 1],120,158,161,38,138
1,<environment.Job instance at 0x14aebfedb6e0>,78,14,[1 6],122,155,169,33,140
1,<environment.Job instance at 0x14aebfedb8c0>,79,2,[5 1],123,150,152,27,140
1,<environment.Job instance at 0x14aebfedb0f0>,80,1,[2 7],124,169,170,45,141
1,<environment.Job instance at 0x14aebfdb70a0>,81,2,[10  2],125,170,172,45,143
1,<environment.Job instance at 0x14aebc84c050>,82,2,[6 1],126,161,163,35,143
1,<environment.Job instance at 0x14aebc3c46e0>,83,3,[9 2],128,163,166,35,143
1,<environment.Job instance at 0x14aef0147c80>,84,3,[6 2],131,166,169,35,143
1,<environment.Job instance at 0x14aebec57c80>,86,3,[1 7],133,146,149,13,144
1,<environment.Job instance at 0x14aebfdb77d0>,87,2,[9 2],135,172,174,37,145
1,<environment.Job instance at 0x14aebbba4d70>,89,3,[1 7],138,172,175,34,146
1,<environment.Job instance at 0x14aec0241d20>,0,3,[6 1],3,3,6,0,3
1,<environment.Job instance at 0x14aec61b3b40>,2,2,[2 9],5,5,7,0,5
1,<environment.Job instance at 0x14aec604e230>,3,2,[2 5],6,7,9,1,6
1,<environment.Job instance at 0x14aec10b6e10>,5,12,[5 2],8,8,20,0,8
1,<environment.Job instance at 0x14aec01c7730>,6,3,[8 1],9,20,23,11,9
1,<environment.Job instance at 0x14aec607ce10>,7,3,[8 1],13,23,26,10,13
1,<environment.Job instance at 0x14aec01c77d0>,10,15,[2 8],18,18,33,0,18
1,<environment.Job instance at 0x14aec10bacd0>,12,13,[ 2 10],22,33,46,11,22
1,<environment.Job instance at 0x14aec025b4b0>,16,3,[2 9],27,46,49,19,27
1,<environment.Job instance at 0x14aec012e4b0>,20,3,[2 8],32,49,52,17,32
1,<environment.Job instance at 0x14aebf863460>,23,3,[1 6],37,52,55,15,37
1,<environment.Job instance at 0x14aebedf1be0>,25,14,[9 1],40,52,66,12,40
1,<environment.Job instance at 0x14aebea7bfa0>,37,3,[10  1],56,66,69,10,59
1,<environment.Job instance at 0x14aebea7b9b0>,38,3,[10  2],57,69,72,12,59
1,<environment.Job instance at 0x14aef07c5e60>,42,18,[8 2],63,72,90,9,64
1,<environment.Job instance at 0x14aef07ad730>,44,16,[1 5],65,72,88,7,65
1,<environment.Job instance at 0x14aef0a04690>,49,3,[6 1],70,90,93,20,73
1,<environment.Job instance at 0x14af10074a50>,51,3,[2 8],72,88,91,16,73
1,<environment.Job instance at 0x14aebfd68d70>,53,3,[5 2],76,93,96,17,76
1,<environment.Job instance at 0x14aef00e6d20>,59,2,[10  1],84,96,98,12,84
1,<environment.Job instance at 0x14aebe910500>,60,2,[2 7],86,91,93,5,86
1,<environment.Job instance at 0x14aebba385a0>,61,1,[5 2],87,93,94,6,87
1,<environment.Job instance at 0x14aebe904be0>,62,1,[2 5],88,94,95,6,88
1,<environment.Job instance at 0x14aebe904e10>,63,2,[ 1 10],90,98,100,8,90
1,<environment.Job instance at 0x14aebbd255a0>,64,3,[2 5],91,100,103,9,91
1,<environment.Job instance at 0x14aebecf9e60>,65,12,[6 1],92,100,112,8,92
1,<environment.Job instance at 0x14aebecf93c0>,66,2,[5 2],93,112,114,19,93
1,<environment.Job instance at 0x14aebbd183c0>,67,1,[7 1],96,114,115,18,96
1,<environment.Job instance at 0x14aebecf9140>,68,2,[7 1],97,115,117,18,97
1,<environment.Job instance at 0x14aebeb2a640>,70,3,[10  2],99,117,120,18,99
1,<environment.Job instance at 0x14aebec62b90>,73,3,[1 7],103,103,106,0,103
1,<environment.Job instance at 0x14aebfcded70>,76,17,[9 2],108,123,140,15,123
1,<environment.Job instance at 0x14aec01b3c30>,80,3,[2 7],112,140,143,28,123
1,<environment.Job instance at 0x14aec01b35f0>,88,3,[1 7],123,123,126,0,123
1,<environment.Job instance at 0x14aebde5f9b0>,90,14,[1 6],125,126,140,1,125
1,<environment.Job instance at 0x14aebbdaa4b0>,91,17,[9 1],126,143,160,17,131
1,<environment.Job instance at 0x14aebbdaa870>,92,3,[5 1],127,140,143,13,131
1,<environment.Job instance at 0x14aebbdaa7d0>,93,1,[10  1],128,160,161,32,132
1,<environment.Job instance at 0x14aebbdaa690>,95,12,[9 2],130,161,173,31,144
1,<environment.Job instance at 0x14aebbdaa1e0>,99,16,[10  2],134,173,189,39,160
1,<environment.Job instance at 0x14aebbdaa410>,101,2,[1 6],137,161,163,24,160
1,<environment.Job instance at 0x14aebeb15050>,1,2,[1 8],2,2,4,0,2
1,<environment.Job instance at 0x14aebbcc2230>,3,1,[2 5],4,4,5,0,4
1,<environment.Job instance at 0x14aebbcc2e60>,5,2,[7 1],6,6,8,0,6
1,<environment.Job instance at 0x14aebbcc20f0>,6,3,[7 1],7,8,11,1,7
1,<environment.Job instance at 0x14aebbcc2050>,7,13,[10  1],8,11,24,3,8
1,<environment.Job instance at 0x14aebbcc2320>,11,3,[7 1],16,24,27,8,16
1,<environment.Job instance at 0x14aebc8aa320>,12,3,[2 8],17,24,27,7,17
1,<environment.Job instance at 0x14aef012afa0>,13,3,[1 9],18,27,30,9,18
1,<environment.Job instance at 0x14aec6dcfb40>,14,16,[10  1],19,30,46,11,19
1,<environment.Job instance at 0x14aebc8aa910>,15,3,[2 9],20,46,49,26,20
1,<environment.Job instance at 0x14aef0a14be0>,17,12,[7 1],24,46,58,22,29
1,<environment.Job instance at 0x14aebec69960>,20,3,[8 1],30,58,61,28,32
1,<environment.Job instance at 0x14aebec69b40>,21,2,[7 1],32,61,63,29,34
1,<environment.Job instance at 0x14aec0233cd0>,23,1,[7 1],36,63,64,27,36
1,<environment.Job instance at 0x14aec0233dc0>,24,2,[5 1],37,64,66,27,37
1,<environment.Job instance at 0x14aec02330a0>,25,14,[2 5],38,49,63,11,38
1,<environment.Job instance at 0x14aec02338c0>,26,3,[5 2],40,64,67,24,40
1,<environment.Job instance at 0x14aec0233140>,27,12,[1 5],41,66,78,25,49
1,<environment.Job instance at 0x14aec0233280>,29,3,[8 1],43,67,70,24,49
1,<environment.Job instance at 0x14aec0233f00>,30,3,[2 6],46,78,81,32,52
1,<environment.Job instance at 0x14aebe8fa3c0>,33,1,[1 9],52,63,64,11,52
1,<environment.Job instance at 0x14aebde76cd0>,34,3,[2 9],54,81,84,27,55
1,<environment.Job instance at 0x14aebc1be640>,35,1,[10  2],55,84,85,29,56
1,<environment.Job instance at 0x14aebc1bb5a0>,36,1,[5 2],56,70,71,14,56
1,<environment.Job instance at 0x14aebc15c410>,38,2,[ 1 10],60,85,87,25,64
1,<environment.Job instance at 0x14aebc15c3c0>,39,16,[ 2 10],62,87,103,25,74
1,<environment.Job instance at 0x14aebc896fa0>,40,3,[10  2],63,103,106,40,77
1,<environment.Job instance at 0x14aebc8966e0>,41,2,[1 6],67,106,108,39,79
1,<environment.Job instance at 0x14aebc8963c0>,42,3,[1 9],68,108,111,40,82
1,<environment.Job instance at 0x14aebc8964b0>,44,1,[6 2],72,106,107,34,84
1,<environment.Job instance at 0x14aebc896c30>,45,3,[10  2],74,111,114,37,85
1,<environment.Job instance at 0x14aebc896780>,46,3,[5 1],78,107,110,29,85
1,<environment.Job instance at 0x14aebc896640>,47,1,[2 8],79,114,115,35,86
1,<environment.Job instance at 0x14aebc0b1460>,48,2,[7 2],80,114,116,34,87
1,<environment.Job instance at 0x14aebeb61410>,49,2,[6 2],81,116,118,35,89
1,<environment.Job instance at 0x14aebc0b1280>,50,3,[9 1],82,118,121,36,92
1,<environment.Job instance at 0x14aebc1a5960>,54,21,[1 8],86,115,136,29,107
1,<environment.Job instance at 0x14aebc0b3690>,56,2,[6 1],89,121,123,32,109
1,<environment.Job instance at 0x14aebc1a5aa0>,57,2,[ 1 10],90,136,138,46,109
1,<environment.Job instance at 0x14aebfe13460>,58,3,[9 2],92,123,126,31,109
1,<environment.Job instance at 0x14aebc096b40>,59,2,[5 1],93,126,128,33,109
1,<environment.Job instance at 0x14aebfcc9190>,61,3,[9 2],95,128,131,33,119
1,<environment.Job instance at 0x14aef10e4910>,64,1,[5 1],103,134,135,31,134
1,<environment.Job instance at 0x14aebfcc9fa0>,65,13,[10  1],105,138,151,33,134
1,<environment.Job instance at 0x14aebfcc9f50>,66,2,[1 8],107,151,153,44,134
1,<environment.Job instance at 0x14aef007a870>,67,1,[10  2],108,153,154,45,134
1,<environment.Job instance at 0x14aef14e2320>,68,3,[2 8],109,154,157,45,134
1,<environment.Job instance at 0x14aec6190be0>,69,15,[2 7],110,157,172,47,143
1,<environment.Job instance at 0x14aec61900a0>,70,2,[8 2],115,151,153,36,143
1,<environment.Job instance at 0x14aec6274f50>,72,3,[6 2],117,154,157,37,144
1,<environment.Job instance at 0x14aec62748c0>,73,1,[8 1],119,157,158,38,144
1,<environment.Job instance at 0x14aebc84c6e0>,74,3,[1 9],121,172,175,51,146
1,<environment.Job instance at 0x14aebc1a3230>,75,1,[2 9],124,175,176,51,147
1,<environment.Job instance at 0x14aebfe762d0>,76,2,[7 2],125,158,160,33,147
1,<environment.Job instance at 0x14aebfe76500>,77,12,[7 1],126,160,172,34,147
1,<environment.Job instance at 0x14aebfe76410>,1,17,[9 2],3,3,20,0,3
1,<environment.Job instance at 0x14aec0241f50>,3,12,[2 8],5,20,32,15,5
1,<environment.Job instance at 0x14aec10a7640>,4,3,[ 1 10],6,32,35,26,6
1,<environment.Job instance at 0x14aec10a7410>,5,3,[1 5],7,7,10,0,7
1,<environment.Job instance at 0x14aec10a70f0>,6,3,[2 7],8,35,38,27,9
1,<environment.Job instance at 0x14aebe8fa2d0>,15,12,[2 6],23,38,50,15,23
1,<environment.Job instance at 0x14aebe8faa00>,16,1,[9 1],25,50,51,25,25
1,<environment.Job instance at 0x14aebe8fa500>,19,16,[8 1],30,51,67,21,38
1,<environment.Job instance at 0x14aebc0b19b0>,24,1,[10  2],37,67,68,30,40
1,<environment.Job instance at 0x14aebc0b10a0>,28,12,[2 9],42,51,63,9,46
1,<environment.Job instance at 0x14aebbcad410>,35,17,[2 9],51,68,85,17,59
1,<environment.Job instance at 0x14aebbcad550>,40,12,[ 1 10],57,85,97,28,68
1,<environment.Job instance at 0x14aebbcad870>,41,3,[2 7],59,97,100,38,71
1,<environment.Job instance at 0x14aebbcad6e0>,43,3,[8 2],61,97,100,36,71
1,<environment.Job instance at 0x14aebfce7690>,60,1,[10  2],83,114,115,31,114
1,<environment.Job instance at 0x14aebfce7c80>,62,21,[2 5],85,122,143,37,122
1,<environment.Job instance at 0x14aebe8f8140>,63,15,[5 2],86,122,137,36,122
1,<environment.Job instance at 0x14aec01b3410>,64,3,[2 7],88,143,146,55,122
1,<environment.Job instance at 0x14aec01b3b90>,66,15,[6 1],90,137,152,47,123
1,<environment.Job instance at 0x14aec01b3140>,67,2,[2 9],91,146,148,55,123
1,<environment.Job instance at 0x14aebeb1f6e0>,68,2,[1 5],92,148,150,56,123
1,<environment.Job instance at 0x14aec604eeb0>,73,2,[10  2],98,152,154,54,135
1,<environment.Job instance at 0x14aec604e0f0>,74,15,[9 2],100,154,169,54,140
1,<environment.Job instance at 0x14aec604e730>,79,1,[6 2],107,169,170,62,142
1,<environment.Job instance at 0x14aec604e5a0>,81,1,[2 6],110,150,151,40,142
1,<environment.Job instance at 0x14aec604ee10>,82,3,[2 6],111,169,172,58,143
1,<environment.Job instance at 0x14aec604ec80>,83,2,[9 1],112,172,174,60,145
1,<environment.Job instance at 0x14aec604ea00>,87,3,[5 1],117,174,177,57,156
1,<environment.Job instance at 0x14aef014fc30>,91,1,[8 2],123,178,179,55,178
1,<environment.Job instance at 0x14aebec56550>,92,17,[7 1],124,179,196,55,178
1,<environment.Job instance at 0x14aebe913640>,93,17,[2 7],125,178,195,53,178
1,<environment.Job instance at 0x14aebec56cd0>,94,13,[2 8],126,195,208,69,179
1,<environment.Job instance at 0x14aebec56e10>,95,16,[6 1],127,196,212,69,183
1,<environment.Job instance at 0x14aebecf9fa0>,102,1,[6 2],135,212,213,77,184
1,<environment.Job instance at 0x14aebebe0500>,103,3,[8 2],136,213,216,77,187
1,<environment.Job instance at 0x14aec021bd70>,1,2,[7 2],2,2,4,0,2
1,<environment.Job instance at 0x14aebbec1aa0>,2,3,[10  1],3,4,7,1,3
1,<environment.Job instance at 0x14aebbec1460>,3,3,[6 1],4,7,10,3,4
1,<environment.Job instance at 0x14aec01cffa0>,10,3,[2 8],11,11,14,0,11
1,<environment.Job instance at 0x14aec01cfaa0>,11,2,[2 5],12,14,16,2,12
1,<environment.Job instance at 0x14aebbb6aaf0>,15,3,[10  2],17,17,20,0,17
1,<environment.Job instance at 0x14aebea838c0>,16,3,[2 5],19,20,23,1,19
1,<environment.Job instance at 0x14aebde6a410>,17,17,[1 7],20,23,40,3,21
1,<environment.Job instance at 0x14aebe9405a0>,18,3,[7 2],21,21,24,0,21
1,<environment.Job instance at 0x14aec01cd4b0>,19,2,[2 9],22,40,42,18,22
1,<environment.Job instance at 0x14aebc9b60a0>,20,2,[2 7],23,42,44,19,23
1,<environment.Job instance at 0x14aebc94a640>,21,18,[6 1],25,25,43,0,25
1,<environment.Job instance at 0x14aebe904370>,23,2,[10  1],27,44,46,17,29
1,<environment.Job instance at 0x14aec620aa00>,27,1,[6 1],32,49,50,17,49
1,<environment.Job instance at 0x14aebec10410>,28,2,[9 1],34,50,52,16,49
1,<environment.Job instance at 0x14aebec10500>,29,19,[1 5],36,49,68,13,49
1,<environment.Job instance at 0x14aebec106e0>,30,1,[8 1],37,52,53,15,49
1,<environment.Job instance at 0x14aebec101e0>,31,1,[5 1],39,53,54,14,49
1,<environment.Job instance at 0x14aebec10b90>,32,2,[7 2],40,54,56,14,49
1,<environment.Job instance at 0x14aebec10910>,34,3,[1 8],43,84,87,41,84
1,<environment.Job instance at 0x14aebfe119b0>,40,15,[10  2],54,87,102,33,84
1,<environment.Job instance at 0x14aebfe11690>,41,2,[7 2],55,84,86,29,84
1,<environment.Job instance at 0x14aec6d8dbe0>,42,1,[1 5],57,102,103,45,84
1,<environment.Job instance at 0x14aebfe11140>,46,2,[1 9],62,721,723,659,721
1,<environment.Job instance at 0x14aebfe117d0>,47,14,[1 6],63,723,737,660,721
1,<environment.Job instance at 0x14aebc958b40>,49,1,[2 9],66,737,738,671,721
1,<environment.Job instance at 0x14aebc958a00>,50,2,[10  2],67,738,740,671,721
1,<environment.Job instance at 0x14aebc9583c0>,51,1,[6 1],70,721,722,651,721
1,<environment.Job instance at 0x14aebc031fa0>,52,1,[7 2],72,723,724,651,721
1,<environment.Job instance at 0x14aebc031960>,53,2,[2 7],73,740,742,667,721
1,<environment.Job instance at 0x14aebc031f00>,54,3,[2 5],74,742,745,668,721
1,<environment.Job instance at 0x14aebc031a50>,56,12,[5 2],77,740,752,663,732
1,<environment.Job instance at 0x14aef013b320>,57,1,[10  1],78,752,753,674,732
1,<environment.Job instance at 0x14aef013b500>,58,3,[10  1],81,753,756,672,732
1,<environment.Job instance at 0x14aef013b4b0>,59,2,[ 2 10],82,756,758,674,732
1,<environment.Job instance at 0x14aef013b640>,60,3,[9 2],83,732,735,649,732
1,<environment.Job instance at 0x14aef013b5a0>,61,1,[1 9],84,758,759,674,732
1,<environment.Job instance at 0x14aebfed2d70>,62,1,[8 2],87,735,736,648,732
1,<environment.Job instance at 0x14aebc8bb870>,64,1,[9 2],90,736,737,646,732
1,<environment.Job instance at 0x14aebc8bb820>,65,1,[10  1],91,759,760,668,732
1,<environment.Job instance at 0x14aebe961d70>,67,13,[7 2],94,760,773,666,749
1,<environment.Job instance at 0x14aebc8bb1e0>,68,3,[6 2],96,773,776,677,749
1,<environment.Job instance at 0x14aebfead1e0>,71,14,[7 1],100,776,790,676,764
1,<environment.Job instance at 0x14aebec9b640>,72,2,[7 1],101,790,792,689,764
1,<environment.Job instance at 0x14aebfead5a0>,73,1,[8 1],102,792,793,690,764
1,<environment.Job instance at 0x14aef076a410>,74,2,[10  2],103,793,795,690,766
1,<environment.Job instance at 0x14aebbe3fb40>,76,3,[9 2],105,795,798,690,769
1,<environment.Job instance at 0x14aebbe3fcd0>,77,1,[6 2],107,798,799,691,770
1,<environment.Job instance at 0x14aebbe3ffa0>,78,2,[ 1 10],108,799,801,691,772
1,<environment.Job instance at 0x14aebbe3f910>,79,2,[2 7],109,772,774,663,772
1,<environment.Job instance at 0x14aebbe3faa0>,80,3,[9 2],111,801,804,690,775
1,<environment.Job instance at 0x14aebbe3ff50>,81,3,[10  1],112,804,807,692,778
1,<environment.Job instance at 0x14aebbe3f410>,83,2,[8 2],120,807,809,687,780
1,<environment.Job instance at 0x14aebbe3fd70>,85,3,[1 9],122,784,787,662,784
1,<environment.Job instance at 0x14aebbe3f690>,88,3,[2 8],128,807,810,679,797
1,<environment.Job instance at 0x14aebbe3fd20>,89,1,[1 8],130,797,798,667,797
1,<environment.Job instance at 0x14aebbe3f0f0>,90,2,[2 9],131,810,812,679,797
1,<environment.Job instance at 0x14aebbe3fa50>,91,2,[8 2],132,812,814,680,797
1,<environment.Job instance at 0x14aebbe3f190>,92,15,[10  1],133,814,829,681,800
1,<environment.Job instance at 0x14aebbe3f140>,94,1,[8 2],135,809,810,674,800
1,<environment.Job instance at 0x14aebde7ad20>,95,2,[ 1 10],136,829,831,693,802
1,<environment.Job instance at 0x14aebde7ab90>,97,1,[5 1],138,834,835,696,834
1,<environment.Job instance at 0x14aebde7a410>,98,2,[2 6],139,834,836,695,834
1,<environment.Job instance at 0x14aebeccdbe0>,2,3,[1 7],4,4,7,0,4
1,<environment.Job instance at 0x14aec61c6eb0>,4,3,[9 1],7,7,10,0,7
1,<environment.Job instance at 0x14aec61c6e10>,6,14,[ 2 10],9,12,26,3,12
1,<environment.Job instance at 0x14aec61c6730>,10,1,[6 1],13,26,27,13,13
1,<environment.Job instance at 0x14aec61c6550>,11,3,[5 2],14,27,30,13,14
1,<environment.Job instance at 0x14aec6201eb0>,17,16,[2 9],22,30,46,8,22
1,<environment.Job instance at 0x14aec6201af0>,20,14,[ 1 10],27,46,60,19,36
1,<environment.Job instance at 0x14aec6201b40>,21,1,[5 2],28,60,61,32,36
1,<environment.Job instance at 0x14aec5a28dc0>,22,1,[8 2],29,61,62,32,36
1,<environment.Job instance at 0x14aec61d1690>,23,2,[7 2],31,62,64,31,36
1,<environment.Job instance at 0x14aec6201b90>,24,3,[6 1],33,36,39,3,36
1,<environment.Job instance at 0x14aef0a14c30>,25,2,[10  1],34,64,66,30,37
1,<environment.Job instance at 0x14aec43a74b0>,26,1,[9 1],35,66,67,31,38
1,<environment.Job instance at 0x14aebd412c30>,27,3,[5 1],36,39,42,3,38
1,<environment.Job instance at 0x14aec0233690>,28,3,[1 6],37,60,63,23,38
1,<environment.Job instance at 0x14aebedf9960>,31,2,[7 1],41,79,81,38,79
1,<environment.Job instance at 0x14aebedf9d20>,32,3,[9 1],46,81,84,35,79
1,<environment.Job instance at 0x14aebedf9b40>,33,13,[2 5],48,84,97,36,79
1,<environment.Job instance at 0x14aebedf95f0>,34,2,[1 8],49,79,81,30,79
1,<environment.Job instance at 0x14aebedf9a00>,35,1,[2 6],50,97,98,47,79
1,<environment.Job instance at 0x14aebedf9fa0>,36,2,[9 2],53,98,100,45,79
1,<environment.Job instance at 0x14aebedf9f50>,37,1,[ 2 10],57,100,101,43,79
1,<environment.Job instance at 0x14aebedf9e10>,40,3,[1 8],61,632,635,571,632
1,<environment.Job instance at 0x14aec61cb870>,42,16,[9 1],64,632,648,568,632
1,<environment.Job instance at 0x14aec61cb460>,46,2,[7 2],74,648,650,574,632
1,<environment.Job instance at 0x14aebe96aa00>,47,2,[5 2],76,650,652,574,632
1,<environment.Job instance at 0x14aebedf0f00>,49,1,[6 2],78,652,653,574,632
1,<environment.Job instance at 0x14aebede2d70>,51,16,[2 9],80,653,669,573,640
1,<environment.Job instance at 0x14aebede2640>,52,2,[5 2],81,650,652,569,640
1,<environment.Job instance at 0x14aebede2730>,54,3,[2 8],83,669,672,586,645
1,<environment.Job instance at 0x14aebede2140>,55,3,[8 2],85,669,672,584,645
1,<environment.Job instance at 0x14aef008f5f0>,56,1,[ 2 10],86,672,673,586,645
1,<environment.Job instance at 0x14aebc837e60>,57,2,[1 6],87,645,647,558,645
1,<environment.Job instance at 0x14aebc8370f0>,58,2,[8 1],88,653,655,565,645
1,<environment.Job instance at 0x14aec607eb40>,59,1,[2 7],90,648,649,558,645
1,<environment.Job instance at 0x14aec607e690>,60,2,[1 8],91,673,675,582,646
1,<environment.Job instance at 0x14aec607e0f0>,61,13,[7 1],92,655,668,563,646
1,<environment.Job instance at 0x14aebbfcff50>,62,3,[ 2 10],95,675,678,580,649
1,<environment.Job instance at 0x14aef010a640>,65,2,[10  2],98,678,680,580,651
1,<environment.Job instance at 0x14aef010ac30>,66,2,[1 7],99,680,682,581,653
1,<environment.Job instance at 0x14aef010aeb0>,67,3,[2 8],100,682,685,582,656
1,<environment.Job instance at 0x14aec291fd20>,68,2,[6 2],101,673,675,572,656
1,<environment.Job instance at 0x14aef00e62d0>,69,1,[7 1],104,668,669,564,656
1,<environment.Job instance at 0x14aec291f3c0>,70,2,[5 2],105,680,682,575,656
1,<environment.Job instance at 0x14aec5a223c0>,72,3,[6 1],107,682,685,575,661
1,<environment.Job instance at 0x14aebc0afbe0>,73,2,[ 1 10],108,685,687,577,661
1,<environment.Job instance at 0x14aec5a22e10>,74,1,[7 1],109,687,688,578,661
1,<environment.Job instance at 0x14aebe9b9370>,75,1,[2 6],112,687,688,575,661
1,<environment.Job instance at 0x14aec61f7af0>,76,2,[10  2],113,688,690,575,661
1,<environment.Job instance at 0x14aec61f7320>,77,1,[5 1],114,690,691,576,662
1,<environment.Job instance at 0x14aec61f7820>,78,2,[8 2],115,691,693,576,664
1,<environment.Job instance at 0x14aebba88730>,79,1,[6 1],116,693,694,577,665
1,<environment.Job instance at 0x14aebba88280>,80,3,[8 1],118,694,697,576,668
1,<environment.Job instance at 0x14aebba88370>,82,2,[8 2],123,697,699,574,673
1,<environment.Job instance at 0x14aebba881e0>,83,17,[10  1],126,699,716,573,687
1,<environment.Job instance at 0x14aebba88460>,84,3,[2 6],127,690,693,563,687
1,<environment.Job instance at 0x14aebba88870>,88,14,[2 6],133,716,730,583,701
1,<environment.Job instance at 0x14aec025de10>,7,14,[9 2],10,2454,2468,2444,2454
1,<environment.Job instance at 0x14aec61d00f0>,13,2,[8 2],16,2717,2719,2701,2717
1,<environment.Job instance at 0x14aec61c68c0>,2,27,[1 9],3,4,31,1,4
1,<environment.Job instance at 0x14aebbd56550>,4,1,[ 2 10],5,31,32,26,5
1,<environment.Job instance at 0x14aebbd561e0>,6,3,[ 1 10],11,32,35,21,11
1,<environment.Job instance at 0x14aebfe306e0>,7,1,[8 2],12,35,36,23,12
1,<environment.Job instance at 0x14aebbd7a140>,8,18,[9 1],13,13,31,0,13
1,<environment.Job instance at 0x14aebfe300a0>,9,2,[8 1],15,36,38,21,15
1,<environment.Job instance at 0x14aebecf5320>,13,3,[1 5],20,35,38,15,20
1,<environment.Job instance at 0x14aec61c6280>,3,1,[9 1],4,38,39,34,21
1,<environment.Job instance at 0x14aebecf5c30>,14,3,[8 2],23,39,42,16,23
1,<environment.Job instance at 0x14aebc062b40>,15,1,[1 7],24,38,39,14,24
1,<environment.Job instance at 0x14aebc1219b0>,16,3,[2 8],25,39,42,14,25
1,<environment.Job instance at 0x14aebecf5e10>,17,2,[7 1],26,42,44,16,26
1,<environment.Job instance at 0x14af12aa9820>,19,1,[1 7],30,42,43,12,30
1,<environment.Job instance at 0x14aebc8ed7d0>,20,21,[9 1],31,44,65,13,36
1,<environment.Job instance at 0x14aebeace0a0>,23,2,[5 1],35,65,67,30,38
1,<environment.Job instance at 0x14aebb93d2d0>,24,2,[ 2 10],36,67,69,31,40
1,<environment.Job instance at 0x14aebb7c0af0>,25,3,[5 1],37,69,72,32,43
1,<environment.Job instance at 0x14aebc85e960>,26,1,[1 9],39,43,44,4,43
1,<environment.Job instance at 0x14aebc85e6e0>,27,1,[2 7],40,65,66,25,43
1,<environment.Job instance at 0x14aebc85e2d0>,28,2,[1 8],41,44,46,3,43
1,<environment.Job instance at 0x14aebc85ee10>,29,1,[1 9],43,46,47,3,43
1,<environment.Job instance at 0x14aebc85ed70>,31,3,[9 1],46,72,75,26,46
1,<environment.Job instance at 0x14aebbdce820>,34,16,[9 2],50,75,91,25,62
1,<environment.Job instance at 0x14aebb9f93c0>,43,3,[1 9],62,69,72,7,63
1,<environment.Job instance at 0x14aef1046fa0>,46,1,[10  1],66,91,92,25,66
1,<environment.Job instance at 0x14aebfdbc2d0>,50,3,[2 9],71,92,95,21,71
1,<environment.Job instance at 0x14aebfdbcb40>,52,1,[10  1],73,95,96,22,73
1,<environment.Job instance at 0x14aec6d92af0>,54,1,[7 1],75,92,93,17,82
1,<environment.Job instance at 0x14aec6d92a00>,55,3,[9 2],76,96,99,20,82
1,<environment.Job instance at 0x14aec6d927d0>,56,2,[1 8],77,82,84,5,82
1,<environment.Job instance at 0x14aec6d92be0>,58,3,[2 5],79,99,102,20,82
1,<environment.Job instance at 0x14aec6d92b90>,59,2,[8 1],80,93,95,13,82
1,<environment.Job instance at 0x14aebc9c9a50>,62,17,[7 2],83,102,119,19,102
1,<environment.Job instance at 0x14aebc9c9eb0>,63,16,[5 2],84,119,135,35,106
1,<environment.Job instance at 0x14aebc9c9870>,65,13,[2 8],87,106,119,19,106
1,<environment.Job instance at 0x14aebc9c9690>,66,3,[7 2],88,135,138,47,109
1,<environment.Job instance at 0x14aebc9c9190>,68,1,[1 8],92,119,120,27,109
1,<environment.Job instance at 0x14aebc9c91e0>,69,16,[5 2],93,138,154,45,125
1,<environment.Job instance at 0x14aef1226550>,79,16,[2 7],107,134,150,27,134
1,<environment.Job instance at 0x14aec026ef50>,83,2,[9 1],112,154,156,42,134
1,<environment.Job instance at 0x14aec026e5f0>,84,3,[9 2],113,156,159,43,134
1,<environment.Job instance at 0x14aec026ea50>,92,2,[8 2],123,159,161,36,140
1,<environment.Job instance at 0x14aec026e1e0>,94,14,[1 9],126,161,175,35,157
1,<environment.Job instance at 0x14aebeb0b820>,96,18,[10  2],128,175,193,47,164
1,<environment.Job instance at 0x14aebeb0beb0>,99,3,[1 6],131,193,196,62,167
1,<environment.Job instance at 0x14aebeb0b9b0>,102,16,[8 2],135,193,209,58,180
1,<environment.Job instance at 0x14aebc047140>,103,3,[1 5],138,196,199,58,180
1,<environment.Job instance at 0x14af128c20f0>,1,1,[1 6],2,2,3,0,2
1,<environment.Job instance at 0x14aec607dc80>,3,2,[5 1],4,4,6,0,4
1,<environment.Job instance at 0x14aebc1087d0>,4,2,[7 2],5,6,8,1,5
1,<environment.Job instance at 0x14aebebcfbe0>,5,1,[1 6],6,6,7,0,6
1,<environment.Job instance at 0x14aebbd32320>,6,3,[2 6],7,7,10,0,7
1,<environment.Job instance at 0x14aebebcf870>,7,3,[1 9],8,10,13,2,8
1,<environment.Job instance at 0x14aebc014dc0>,8,3,[6 1],9,9,12,0,9
1,<environment.Job instance at 0x14aec620fb40>,11,17,[8 1],17,17,34,0,17
1,<environment.Job instance at 0x14aebbb11af0>,14,3,[9 1],20,34,37,14,20
1,<environment.Job instance at 0x14aebbb115f0>,16,1,[5 1],22,37,38,15,22
1,<environment.Job instance at 0x14aec620f780>,18,2,[1 7],24,24,26,0,24
1,<environment.Job instance at 0x14aebbb11050>,19,1,[6 2],27,38,39,11,27
1,<environment.Job instance at 0x14aebedc65a0>,20,3,[5 2],28,39,42,11,28
1,<environment.Job instance at 0x14aebedc6640>,21,15,[8 1],29,42,57,13,29
1,<environment.Job instance at 0x14aebba5e140>,22,3,[2 7],30,30,33,0,30
1,<environment.Job instance at 0x14aebba5ed20>,23,2,[8 2],32,57,59,25,32
1,<environment.Job instance at 0x14aebba5e6e0>,25,1,[5 2],39,39,40,0,39
1,<environment.Job instance at 0x14aebba5e410>,26,13,[7 2],40,59,72,19,43
1,<environment.Job instance at 0x14aebb99f690>,30,3,[2 6],45,45,48,0,45
1,<environment.Job instance at 0x14aebba5ee10>,27,1,[7 2],42,72,73,30,46
1,<environment.Job instance at 0x14aebb99f730>,31,2,[7 1],47,73,75,26,47
1,<environment.Job instance at 0x14aebe913c80>,34,3,[1 9],51,51,54,0,51
1,<environment.Job instance at 0x14aebe9139b0>,35,17,[1 5],52,54,71,2,52
1,<environment.Job instance at 0x14aebe9130a0>,36,3,[8 1],54,75,78,21,54
1,<environment.Job instance at 0x14aebea55460>,37,1,[1 8],55,71,72,16,55
1,<environment.Job instance at 0x14aebea55b40>,38,1,[10  2],59,78,79,19,59
1,<environment.Job instance at 0x14aebea556e0>,39,2,[2 6],60,72,74,12,60
1,<environment.Job instance at 0x14aebbdc2870>,40,1,[1 5],61,74,75,13,61
1,<environment.Job instance at 0x14aebbdc23c0>,41,3,[7 2],63,79,82,16,63
1,<environment.Job instance at 0x14aebbe7e140>,42,1,[2 8],64,75,76,11,64
1,<environment.Job instance at 0x14aebbdc2d20>,44,3,[10  1],68,82,85,14,68
1,<environment.Job instance at 0x14aebecfc730>,49,1,[1 9],75,76,77,1,75
1,<environment.Job instance at 0x14aebed1c0f0>,50,3,[6 2],76,85,88,9,76
1,<environment.Job instance at 0x14aebe8c45a0>,2,3,[1 9],6,6,9,0,6
1,<environment.Job instance at 0x14aebb695320>,4,3,[2 7],9,9,12,0,9
1,<environment.Job instance at 0x14aebb695820>,5,21,[10  2],12,12,33,0,12
1,<environment.Job instance at 0x14aebb695f50>,7,3,[1 7],15,33,36,18,15
1,<environment.Job instance at 0x14aebece2e10>,8,14,[2 5],17,36,50,19,22
1,<environment.Job instance at 0x14aebecf65a0>,13,3,[2 9],26,50,53,24,26
1,<environment.Job instance at 0x14aebb6b1af0>,15,12,[5 2],29,33,45,4,30
1,<environment.Job instance at 0x14aef07738c0>,18,3,[5 1],33,45,48,12,33
1,<environment.Job instance at 0x14aebc3f91e0>,22,3,[8 1],37,48,51,11,48
1,<environment.Job instance at 0x14aebfc93b40>,24,3,[9 2],39,53,56,14,48
1,<environment.Job instance at 0x14aebba66640>,25,2,[1 6],46,53,55,7,48
1,<environment.Job instance at 0x14aec438f640>,26,18,[8 1],48,56,74,8,48
1,<environment.Job instance at 0x14aebed92b90>,30,3,[6 2],56,74,77,18,56
1,<environment.Job instance at 0x14aec5a299b0>,32,2,[5 1],58,77,79,19,58
1,<environment.Job instance at 0x14aebfeb3b40>,33,3,[9 1],59,79,82,20,59
1,<environment.Job instance at 0x14aebfe616e0>,36,3,[9 2],64,82,85,18,64
1,<environment.Job instance at 0x14aec6062230>,38,1,[1 9],66,66,67,0,66
1,<environment.Job instance at 0x14aebb69fe10>,39,3,[1 7],67,67,70,0,67
1,<environment.Job instance at 0x14aebbac9640>,42,1,[1 9],70,70,71,0,70
1,<environment.Job instance at 0x14aebeaacaa0>,43,2,[2 6],71,71,73,0,71
1,<environment.Job instance at 0x14aec0206b90>,44,3,[ 2 10],72,85,88,13,72
1,<environment.Job instance at 0x14aebbc5db90>,45,13,[2 8],73,88,101,15,73
1,<environment.Job instance at 0x14aebb697140>,46,1,[8 1],76,88,89,12,76
1,<environment.Job instance at 0x14aebb5c7f00>,47,3,[1 6],77,77,80,0,77
1,<environment.Job instance at 0x14aebbcba0f0>,48,2,[1 6],78,80,82,2,78
1,<environment.Job instance at 0x14aebbeb9370>,60,18,[10  2],99,101,119,2,99
1,<environment.Job instance at 0x14aebec1c730>,67,3,[10  2],107,119,122,12,107
1,<environment.Job instance at 0x14aebc95fe60>,68,17,[9 2],109,122,139,13,110
1,<environment.Job instance at 0x14aebc031190>,78,16,[1 7],123,123,139,0,123
1,<environment.Job instance at 0x14aebba46c30>,79,17,[5 2],125,139,156,14,127
1,<environment.Job instance at 0x14aec01fd0f0>,80,3,[10  1],127,156,159,29,130
1,<environment.Job instance at 0x14aebe947dc0>,85,2,[10  2],132,159,161,27,134
1,<environment.Job instance at 0x14aebea3e280>,86,15,[9 1],134,161,176,27,147
1,<environment.Job instance at 0x14aebfecfaf0>,1,2,[2 8],2,2,4,0,2
1,<environment.Job instance at 0x14aec6dc0460>,2,3,[1 7],3,4,7,1,3
1,<environment.Job instance at 0x14aec61c7b40>,3,2,[6 1],4,4,6,0,4
1,<environment.Job instance at 0x14aebe8c4960>,4,3,[7 2],5,6,9,1,5
1,<environment.Job instance at 0x14aec61c7eb0>,5,2,[8 1],6,9,11,3,6
1,<environment.Job instance at 0x14aebfd32aa0>,6,15,[8 2],7,11,26,4,7
1,<environment.Job instance at 0x14aebfd32050>,7,1,[10  1],8,26,27,18,8
1,<environment.Job instance at 0x14aebbbb4d20>,8,2,[8 2],10,27,29,17,10
1,<environment.Job instance at 0x14aebfd325a0>,9,1,[1 6],11,11,12,0,11
1,<environment.Job instance at 0x14aebfd32b40>,10,3,[6 1],12,29,32,17,12
1,<environment.Job instance at 0x14aebfd32a00>,13,3,[2 8],16,16,19,0,16
1,<environment.Job instance at 0x14af12893f50>,18,15,[9 1],22,786,801,764,786
1,<environment.Job instance at 0x14aebeac1aa0>,19,12,[6 1],23,801,813,778,786
1,<environment.Job instance at 0x14aebbdc91e0>,20,13,[8 1],24,813,826,789,797
1,<environment.Job instance at 0x14aef00fbc80>,21,3,[2 8],25,801,804,776,797
1,<environment.Job instance at 0x14aebb64a050>,22,2,[1 7],26,797,799,771,797
1,<environment.Job instance at 0x14aebc3e6fa0>,23,2,[1 6],27,799,801,772,797
1,<environment.Job instance at 0x14aebc3e6230>,25,1,[2 7],30,804,805,774,797
1,<environment.Job instance at 0x14aebeabe1e0>,26,3,[8 2],31,826,829,795,800
1,<environment.Job instance at 0x14aebfd320f0>,12,3,[2 5],14,805,808,791,801
1,<environment.Job instance at 0x14aebeabe460>,27,3,[ 2 10],32,829,832,797,803
1,<environment.Job instance at 0x14aebbbbc910>,30,3,[1 8],37,808,811,771,803
1,<environment.Job instance at 0x14aec6ce9a00>,33,15,[10  1],43,832,847,789,818
1,<environment.Job instance at 0x14aec6ce93c0>,34,3,[1 8],45,818,821,773,818
1,<environment.Job instance at 0x14aec6ce9320>,36,3,[8 1],47,847,850,800,821
1,<environment.Job instance at 0x14aec01b2a50>,37,3,[10  1],48,850,853,802,824
1,<environment.Job instance at 0x14aec01b2fa0>,38,3,[1 8],49,824,827,775,824
1,<environment.Job instance at 0x14aebe927370>,39,2,[2 9],50,847,849,797,824
1,<environment.Job instance at 0x14aec6199280>,41,2,[8 1],52,853,855,801,826
1,<environment.Job instance at 0x14aebb7d5280>,44,3,[ 2 10],57,855,858,798,829
1,<environment.Job instance at 0x14aebb9be230>,47,16,[5 1],61,1452,1468,1391,1452
1,<environment.Job instance at 0x14aec01a80a0>,48,3,[2 5],63,1452,1455,1389,1452
1,<environment.Job instance at 0x14aebbbc2af0>,49,13,[1 5],64,1455,1468,1391,1452
1,<environment.Job instance at 0x14aebbbc2be0>,50,15,[5 1],66,1468,1483,1402,1454
1,<environment.Job instance at 0x14aebe939b90>,52,1,[6 1],68,1483,1484,1415,1458
1,<environment.Job instance at 0x14aebe939d70>,53,18,[8 2],69,1484,1502,1415,1473
1,<environment.Job instance at 0x14aebe939140>,55,3,[2 6],71,1475,1478,1404,1475
1,<environment.Job instance at 0x14aebe9390f0>,56,3,[2 6],72,1478,1481,1406,1475
1,<environment.Job instance at 0x14aebfeb3b90>,58,3,[7 1],74,1502,1505,1428,1476
1,<environment.Job instance at 0x14aebfeb32d0>,60,3,[2 7],77,1481,1484,1404,1476
1,<environment.Job instance at 0x14aebc0963c0>,61,18,[1 6],78,1484,1502,1406,1476
1,<environment.Job instance at 0x14aebc096190>,62,3,[1 5],80,1502,1505,1422,1476
1,<environment.Job instance at 0x14aebc096500>,65,15,[1 5],83,1848,1863,1765,1848
1,<environment.Job instance at 0x14aebc096e10>,66,3,[2 5],85,1848,1851,1763,1848
1,<environment.Job instance at 0x14aebc096b40>,67,2,[6 2],86,1851,1853,1765,1848
1,<environment.Job instance at 0x14aebc096a00>,68,16,[2 8],88,1863,1879,1775,1850
1,<environment.Job instance at 0x14aebbd41320>,69,2,[9 1],89,1853,1855,1764,1850
1,<environment.Job instance at 0x14aebbd41460>,71,3,[10  2],91,1879,1882,1788,1857
1,<environment.Job instance at 0x14aebbc81eb0>,72,1,[6 1],94,1857,1858,1763,1857
1,<environment.Job instance at 0x14aebbc815a0>,73,3,[10  1],95,1882,1885,1787,1857
1,<environment.Job instance at 0x14aebbc81d20>,74,3,[6 2],96,1858,1861,1762,1857
1,<environment.Job instance at 0x14aebbc81f50>,77,3,[10  1],99,1885,1888,1786,1864
1,<environment.Job instance at 0x14aebbf477d0>,80,1,[2 7],102,1888,1889,1786,1864
1,<environment.Job instance at 0x14aebbf47190>,81,3,[7 1],103,1864,1867,1761,1864
1,<environment.Job instance at 0x14aebbf47690>,82,1,[8 2],104,1867,1868,1763,1864
1,<environment.Job instance at 0x14aebb9f3e10>,84,15,[1 8],107,1889,1904,1782,1882
1,<environment.Job instance at 0x14aebb9f3af0>,85,2,[8 2],108,1888,1890,1780,1882
1,<environment.Job instance at 0x14aebb9f3be0>,86,13,[6 1],109,1890,1903,1781,1882
1,<environment.Job instance at 0x14aebb9f32d0>,87,3,[10  1],111,1904,1907,1793,1882
1,<environment.Job instance at 0x14af10062eb0>,88,14,[6 1],113,1907,1921,1794,1892
1,<environment.Job instance at 0x14aebb9f30f0>,89,2,[10  1],114,1921,1923,1807,1894
1,<environment.Job instance at 0x14aebb9f3a50>,90,1,[ 1 10],117,1923,1924,1806,1895
1,<environment.Job instance at 0x14aef1071870>,91,1,[5 2],118,1903,1904,1785,1895
1,<environment.Job instance at 0x14aef10710a0>,92,1,[8 1],119,1924,1925,1805,1896
1,<environment.Job instance at 0x14aef1071f50>,93,14,[1 6],121,1907,1921,1786,1896
1,<environment.Job instance at 0x14aef10717d0>,94,12,[1 7],124,1924,1936,1800,1907
1,<environment.Job instance at 0x14aebbbb3550>,96,3,[10  2],128,1936,1939,1808,1910
1,<environment.Job instance at 0x14aebbc1bc80>,98,3,[8 2],131,1925,1928,1794,1910
1,<environment.Job instance at 0x14aebbc1b690>,101,1,[8 1],136,1928,1929,1792,1910
1,<environment.Job instance at 0x14aebbc1b410>,102,3,[9 1],137,1929,1932,1792,1910
1,<environment.Job instance at 0x14aebbc1ba00>,103,2,[9 1],139,1932,1934,1793,1910
1,<environment.Job instance at 0x14aebfd32320>,16,2,[2 5],20,2188,2190,2168,2188
1,<environment.Job instance at 0x14aec10be730>,0,3,[1 7],3,3,6,0,3
1,<environment.Job instance at 0x14aebbbb3640>,3,2,[10  1],6,6,8,0,6
1,<environment.Job instance at 0x14aebbbb39b0>,4,16,[10  2],7,8,24,1,7
1,<environment.Job instance at 0x14aec60aff50>,8,3,[2 9],12,24,27,12,12
1,<environment.Job instance at 0x14aebfea1a50>,12,3,[10  2],18,27,30,9,18
1,<environment.Job instance at 0x14aebc0def50>,13,1,[10  2],19,30,31,11,19
1,<environment.Job instance at 0x14aef01005f0>,15,2,[10  1],21,31,33,10,21
1,<environment.Job instance at 0x14aebc0470f0>,16,1,[1 7],22,33,34,11,22
1,<environment.Job instance at 0x14aebb9d35a0>,17,1,[9 1],24,33,34,9,24
1,<environment.Job instance at 0x14aebb8702d0>,1,1,[5 2],2,2,3,0,2
1,<environment.Job instance at 0x14aebfe75140>,2,3,[1 7],3,3,6,0,3
1,<environment.Job instance at 0x14aec6dce6e0>,5,2,[5 2],7,7,9,0,7
1,<environment.Job instance at 0x14aec6dce960>,6,1,[1 5],8,9,10,1,9
1,<environment.Job instance at 0x14aec6dce550>,8,2,[7 1],10,10,12,0,10
1,<environment.Job instance at 0x14aebba5e500>,9,1,[10  1],11,12,13,1,11
1,<environment.Job instance at 0x14aebeac2500>,13,18,[10  1],15,15,33,0,15
1,<environment.Job instance at 0x14aec43acd20>,16,1,[2 5],18,33,34,15,18
1,<environment.Job instance at 0x14aebe8fc370>,23,14,[9 2],29,45,59,16,45
1,<environment.Job instance at 0x14aebb914410>,24,2,[5 2],30,59,61,29,45
1,<environment.Job instance at 0x14aebb6c6460>,25,3,[1 5],31,45,48,14,45
1,<environment.Job instance at 0x14aebe913640>,27,16,[8 1],34,61,77,27,48
1,<environment.Job instance at 0x14aec019a0a0>,30,3,[1 7],38,52,55,14,52
1,<environment.Job instance at 0x14aebb6db3c0>,31,3,[7 1],39,77,80,38,52
1,<environment.Job instance at 0x14aebb6d7b90>,12,3,[2 5],14,59,62,45,57
1,<environment.Job instance at 0x14aebea0c320>,37,16,[1 6],46,70,86,24,70
1,<environment.Job instance at 0x14aebea0c550>,38,3,[2 6],48,86,89,38,70
1,<environment.Job instance at 0x14aebea0cdc0>,39,14,[10  1],49,89,103,40,74
1,<environment.Job instance at 0x14aebea0c9b0>,36,2,[1 8],45,103,105,58,78
1,<environment.Job instance at 0x14aebbb11050>,42,2,[8 1],53,84,86,31,84
1,<environment.Job instance at 0x14aebeaa64b0>,43,3,[9 1],54,103,106,49,84
1,<environment.Job instance at 0x14aec6dcdaa0>,44,3,[8 2],55,86,89,31,84
1,<environment.Job instance at 0x14aebba81190>,46,2,[2 7],59,106,108,47,84
1,<environment.Job instance at 0x14aebba81230>,47,17,[6 2],61,106,123,45,94
1,<environment.Job instance at 0x14aebb631af0>,51,1,[8 1],65,123,124,58,97
1,<environment.Job instance at 0x14aebb6f21e0>,52,18,[10  1],66,124,142,58,113
1,<environment.Job instance at 0x14aebbfa6b90>,55,1,[5 1],69,142,143,73,114
1,<environment.Job instance at 0x14aebb6f48c0>,57,3,[7 1],71,143,146,72,117
1,<environment.Job instance at 0x14aec61b95f0>,58,3,[8 2],72,146,149,74,120
1,<environment.Job instance at 0x14aebc121870>,63,3,[1 5],82,142,145,60,133
1,<environment.Job instance at 0x14aec6191eb0>,64,2,[5 2],83,149,151,66,133
1,<environment.Job instance at 0x14aec61d04b0>,65,13,[8 1],85,151,164,66,135
1,<environment.Job instance at 0x14aebee06050>,67,2,[2 8],87,145,147,58,135
1,<environment.Job instance at 0x14aebee06320>,69,3,[9 2],90,164,167,74,145
1,<environment.Job instance at 0x14aebee06eb0>,70,1,[ 2 10],91,167,168,76,145
1,<environment.Job instance at 0x14aebee06a00>,71,2,[6 2],92,168,170,76,145
1,<environment.Job instance at 0x14aebfdcecd0>,72,1,[1 5],94,147,148,53,145
1,<environment.Job instance at 0x14aebfdce230>,73,2,[5 2],95,149,151,54,145
1,<environment.Job instance at 0x14aebfdce4b0>,74,2,[8 1],96,170,172,74,145
1,<environment.Job instance at 0x14aebfdce820>,75,2,[8 1],97,172,174,75,145
1,<environment.Job instance at 0x14aebba5cc80>,77,3,[10  2],99,174,177,75,154
1,<environment.Job instance at 0x14aebea0c230>,41,3,[5 1],51,177,180,126,166
1,<environment.Job instance at 0x14aebba5c410>,78,18,[2 5],100,177,195,77,166
1,<environment.Job instance at 0x14aebba5c2d0>,81,2,[1 6],103,671,673,568,671
1,<environment.Job instance at 0x14aebba5c0f0>,82,16,[1 9],104,673,689,569,671
1,<environment.Job instance at 0x14aebba5c730>,84,13,[8 1],106,678,691,572,678
1,<environment.Job instance at 0x14aebba5c500>,85,1,[6 1],107,691,692,584,678
1,<environment.Job instance at 0x14aebba5c050>,86,2,[ 1 10],108,692,694,584,678
1,<environment.Job instance at 0x14aebba5c690>,87,1,[5 1],109,694,695,585,678
1,<environment.Job instance at 0x14aebde63910>,88,3,[5 2],110,694,697,584,678
1,<environment.Job instance at 0x14aec5a280a0>,90,3,[5 2],115,695,698,580,679
1,<environment.Job instance at 0x14aec5a28410>,91,15,[10  2],116,698,713,582,684
1,<environment.Job instance at 0x14aec5a28460>,92,2,[8 2],117,713,715,596,686
1,<environment.Job instance at 0x14aec011e410>,97,3,[9 1],124,715,718,591,690
1,<environment.Job instance at 0x14aec011eeb0>,98,14,[2 5],126,718,732,592,703
1,<environment.Job instance at 0x14aec011efa0>,99,2,[1 8],127,713,715,586,703
1,<environment.Job instance at 0x14aec011e370>,100,1,[5 1],128,718,719,590,703
1,<environment.Job instance at 0x14aec011e5f0>,102,2,[8 1],131,719,721,588,705
1,<environment.Job instance at 0x14aec011e910>,103,2,[6 2],133,721,723,588,705
1,<environment.Job instance at 0x14aec011e500>,104,2,[1 5],134,715,717,581,705
1,<environment.Job instance at 0x14aebc870190>,105,2,[9 2],135,732,734,597,705
1,<environment.Job instance at 0x14aebc870af0>,106,1,[9 1],138,734,735,596,706
1,<environment.Job instance at 0x14aebc870b90>,107,2,[9 1],139,735,737,596,708
1,<environment.Job instance at 0x14aebc85e0a0>,2,3,[7 1],4,4,7,0,4
1,<environment.Job instance at 0x14aebeda93c0>,3,2,[ 1 10],5,7,9,2,5
1,<environment.Job instance at 0x14aebeda9aa0>,11,17,[ 1 10],16,171,188,155,171
1,<environment.Job instance at 0x14aebeda9a50>,12,3,[1 6],19,188,191,169,171
1,<environment.Job instance at 0x14aebed95050>,13,3,[2 6],20,191,194,171,171
1,<environment.Job instance at 0x14aebed95cd0>,14,3,[2 5],21,194,197,173,171
1,<environment.Job instance at 0x14aebed950a0>,16,12,[9 1],23,197,209,174,180
1,<environment.Job instance at 0x14aebed95dc0>,17,3,[7 2],25,188,191,163,180
1,<environment.Job instance at 0x14aebed95870>,18,3,[1 6],27,197,200,170,180
1,<environment.Job instance at 0x14aebed95640>,20,2,[8 1],33,191,193,158,180
1,<environment.Job instance at 0x14aebed95d20>,21,3,[9 2],34,209,212,175,183
1,<environment.Job instance at 0x14aebed95aa0>,23,2,[10  1],37,212,214,175,185
1,<environment.Job instance at 0x14aebed95820>,25,3,[5 1],40,193,196,153,185
1,<environment.Job instance at 0x14aebbbcaf50>,27,2,[7 2],44,214,216,170,187
1,<environment.Job instance at 0x14aebbbcaa00>,29,14,[10  2],46,216,230,170,201
1,<environment.Job instance at 0x14aebbbcab40>,30,3,[2 6],47,230,233,183,204
1,<environment.Job instance at 0x14aebbbcafa0>,31,12,[6 1],50,230,242,180,213
1,<environment.Job instance at 0x14aebbbca2d0>,34,3,[1 9],56,233,236,177,216
1,<environment.Job instance at 0x14aebbbca140>,38,14,[10  1],61,242,256,181,227
1,<environment.Job instance at 0x14aebbbcaa50>,40,16,[9 2],63,256,272,193,243
1,<environment.Job instance at 0x14aebbbcaaf0>,44,1,[10  1],70,272,273,202,244
1,<environment.Job instance at 0x14aebbbcae60>,46,2,[10  1],72,273,275,201,246
1,<environment.Job instance at 0x14aebbbca410>,47,1,[6 2],73,275,276,202,247
1,<environment.Job instance at 0x14aebbbcac80>,48,3,[6 2],74,276,279,202,250
1,<environment.Job instance at 0x14aebbbcad20>,49,3,[2 5],78,275,278,197,250
1,<environment.Job instance at 0x14aebeaa07d0>,53,3,[1 9],84,279,282,195,255
1,<environment.Job instance at 0x14aebeaa0eb0>,54,3,[2 7],86,282,285,196,256
1,<environment.Job instance at 0x14aebeaa0640>,55,3,[2 9],87,285,288,198,259
1,<environment.Job instance at 0x14aebeaa08c0>,56,3,[6 1],89,279,282,190,259
1,<environment.Job instance at 0x14aebeaa0d70>,59,2,[9 1],92,288,290,196,273
1,<environment.Job instance at 0x14aebeaa0dc0>,61,3,[ 1 10],95,290,293,195,277
1,<environment.Job instance at 0x14aebeaa00f0>,63,2,[6 2],97,282,284,185,279
1,<environment.Job instance at 0x14aebeaa0370>,64,13,[6 1],98,293,306,195,279
1,<environment.Job instance at 0x14aebeaa0780>,66,3,[6 2],100,306,309,206,280
1,<environment.Job instance at 0x14aebeaa0140>,67,3,[5 2],102,309,312,207,283
1,<environment.Job instance at 0x14aebfee5410>,71,14,[2 8],108,293,307,185,287
1,<environment.Job instance at 0x14aebfee5eb0>,72,1,[10  2],109,312,313,203,287
1,<environment.Job instance at 0x14aebfee5370>,74,13,[8 1],114,313,326,199,302
1,<environment.Job instance at 0x14aebfee5870>,75,2,[10  1],115,326,328,211,302
1,<environment.Job instance at 0x14aebfee5050>,76,18,[8 1],117,328,346,211,317
1,<environment.Job instance at 0x14aebfee5dc0>,82,3,[ 2 10],126,346,349,220,320
1,<environment.Job instance at 0x14aebfee5af0>,86,3,[1 9],134,320,323,186,320
1,<environment.Job instance at 0x14aebeda95a0>,8,3,[2 8],11,548,551,537,548
1,<environment.Job instance at 0x14aebbbb3aa0>,3,1,[8 2],5,5,6,0,5
1,<environment.Job instance at 0x14aebb6b3fa0>,4,2,[10  2],6,6,8,0,6
1,<environment.Job instance at 0x14aebfdc0b90>,7,1,[5 2],11,11,12,0,11
1,<environment.Job instance at 0x14aebfdc09b0>,8,18,[10  2],12,12,30,0,12
1,<environment.Job instance at 0x14aebb9d34b0>,9,3,[1 5],13,30,33,17,13
1,<environment.Job instance at 0x14aebb6b3410>,11,2,[1 8],16,33,35,17,16
1,<environment.Job instance at 0x14aebb9d37d0>,13,1,[2 9],18,35,36,17,18
1,<environment.Job instance at 0x14aec60ec9b0>,14,1,[10  2],19,36,37,17,19
1,<environment.Job instance at 0x14aec2950dc0>,15,2,[5 2],22,30,32,8,22
1,<environment.Job instance at 0x14aec60ecf50>,16,2,[10  1],23,37,39,14,23
1,<environment.Job instance at 0x14aec6d1e870>,17,17,[7 1],25,39,56,14,27
1,<environment.Job instance at 0x14aebbc1dfa0>,18,1,[7 2],26,32,33,6,27
1,<environment.Job instance at 0x14aef001c1e0>,21,3,[1 9],34,39,42,5,34
1,<environment.Job instance at 0x14aec6d30b90>,24,3,[6 2],40,56,59,16,40
1,<environment.Job instance at 0x14aec6d30a00>,25,17,[6 2],45,59,76,14,47
1,<environment.Job instance at 0x14aec6d30870>,27,3,[8 2],48,76,79,28,50
1,<environment.Job instance at 0x14aebeba8460>,31,3,[1 6],52,52,55,0,52
1,<environment.Job instance at 0x14aebeba8550>,32,1,[8 1],53,79,80,26,53
1,<environment.Job instance at 0x14aebeba8dc0>,33,1,[6 1],54,80,81,26,54
1,<environment.Job instance at 0x14aec6dd7be0>,35,3,[10  2],62,81,84,19,62
1,<environment.Job instance at 0x14aebbb4f0f0>,38,2,[9 1],67,84,86,17,67
1,<environment.Job instance at 0x14aebfe757d0>,40,13,[7 2],71,86,99,15,71
1,<environment.Job instance at 0x14aebfe75190>,41,2,[6 2],72,99,101,27,72
1,<environment.Job instance at 0x14aebbaa3640>,42,3,[5 2],77,101,104,24,77
1,<environment.Job instance at 0x14aebbaa3a50>,43,3,[ 2 10],78,104,107,26,78
1,<environment.Job instance at 0x14aebbaa35f0>,44,3,[1 5],80,84,87,4,80
1,<environment.Job instance at 0x14aebec3fa50>,45,1,[9 1],81,107,108,26,81
1,<environment.Job instance at 0x14aebec3f7d0>,46,2,[1 7],83,87,89,4,83
1,<environment.Job instance at 0x14aebbd46730>,47,2,[2 5],84,89,91,5,84
1,<environment.Job instance at 0x14aebecacaf0>,0,17,[10  2],1,1,18,0,1
1,<environment.Job instance at 0x14aebb7be320>,3,3,[9 1],7,18,21,11,7
1,<environment.Job instance at 0x14aebb8d7550>,10,3,[1 7],14,18,21,4,14
1,<environment.Job instance at 0x14aebb71ebe0>,12,2,[2 5],16,21,23,5,16
1,<environment.Job instance at 0x14aebbe65960>,13,3,[1 9],17,23,26,6,17
1,<environment.Job instance at 0x14aebb8d73c0>,14,3,[8 1],18,21,24,3,18
1,<environment.Job instance at 0x14aebbe65cd0>,15,1,[2 9],19,26,27,7,19
1,<environment.Job instance at 0x14aec6198eb0>,16,3,[1 9],22,27,30,5,22
1,<environment.Job instance at 0x14aebb55ed20>,17,1,[9 1],23,24,25,1,23
1,<environment.Job instance at 0x14aebb85bc30>,18,3,[1 7],24,30,33,6,24
1,<environment.Job instance at 0x14aebb7be410>,5,2,[7 1],9,25,27,16,24
1,<environment.Job instance at 0x14aebb85bfa0>,20,16,[10  1],26,33,49,7,26
1,<environment.Job instance at 0x14aebb55f550>,21,3,[5 1],28,28,31,0,28
1,<environment.Job instance at 0x14aebb55e910>,22,3,[9 2],29,49,52,20,29
1,<environment.Job instance at 0x14aebb5186e0>,27,1,[6 2],34,2403,2404,2369,2403
1,<environment.Job instance at 0x14aebb518550>,28,3,[7 2],36,2404,2407,2368,2403
1,<environment.Job instance at 0x14aebb518960>,29,13,[1 6],37,2403,2416,2366,2403
1,<environment.Job instance at 0x14aebb518870>,30,19,[5 1],38,2407,2426,2369,2403
1,<environment.Job instance at 0x14aebb5184b0>,31,1,[5 2],40,2416,2417,2376,2403
1,<environment.Job instance at 0x14aebb518fa0>,32,3,[1 8],42,2417,2420,2375,2403
1,<environment.Job instance at 0x14aebb518910>,34,20,[10  2],44,2426,2446,2382,2417
1,<environment.Job instance at 0x14aebb967460>,36,1,[1 5],47,2420,2421,2373,2417
1,<environment.Job instance at 0x14aebb77ccd0>,38,3,[ 2 10],50,2446,2449,2396,2420
1,<environment.Job instance at 0x14aef1121c30>,40,3,[10  2],53,2449,2452,2396,2423
1,<environment.Job instance at 0x14aebb51ed20>,41,3,[2 7],55,2423,2426,2368,2423
1,<environment.Job instance at 0x14aebb51ee60>,44,1,[1 5],61,2452,2453,2391,2424
1,<environment.Job instance at 0x14aebb51e410>,46,16,[6 1],64,2452,2468,2388,2441
1,<environment.Job instance at 0x14aebb50bb90>,47,1,[8 2],65,2468,2469,2403,2441
1,<environment.Job instance at 0x14aebb51e9b0>,48,2,[ 2 10],66,2469,2471,2403,2442
1,<environment.Job instance at 0x14aebb50b320>,52,3,[7 1],74,2471,2474,2397,2445
1,<environment.Job instance at 0x14aebb50b1e0>,55,3,[2 9],77,2453,2456,2376,2445
1,<environment.Job instance at 0x14aebb5199b0>,57,18,[2 8],79,2471,2489,2392,2460
1,<environment.Job instance at 0x14aebb5600a0>,59,18,[8 1],82,2474,2492,2392,2463
1,<environment.Job instance at 0x14aebb560370>,60,2,[6 2],83,2492,2494,2409,2465
1,<environment.Job instance at 0x14aebb5602d0>,62,2,[2 6],86,2489,2491,2403,2475
1,<environment.Job instance at 0x14aebb560780>,63,2,[9 1],88,2494,2496,2406,2475
1,<environment.Job instance at 0x14aebb560820>,64,2,[8 1],90,2496,2498,2406,2475
1,<environment.Job instance at 0x14aebb560550>,65,1,[ 1 10],93,2498,2499,2405,2475
1,<environment.Job instance at 0x14aebb560d70>,66,1,[8 1],94,2499,2500,2405,2475
1,<environment.Job instance at 0x14aebb5601e0>,67,1,[8 1],95,2500,2501,2405,2475
1,<environment.Job instance at 0x14aebb502640>,68,3,[2 7],96,2491,2494,2395,2475
1,<environment.Job instance at 0x14aebb502410>,69,14,[1 9],98,2499,2513,2401,2484
1,<environment.Job instance at 0x14aebb502b90>,70,3,[1 6],102,2494,2497,2392,2484
1,<environment.Job instance at 0x14aebb502500>,71,1,[2 7],103,2497,2498,2394,2484
1,<environment.Job instance at 0x14aebb578cd0>,76,3,[2 9],112,2513,2516,2401,2501
1,<environment.Job instance at 0x14aebb578fa0>,77,1,[8 2],114,2516,2517,2402,2501
1,<environment.Job instance at 0x14aebb578d70>,78,3,[7 1],116,2501,2504,2385,2501
1,<environment.Job instance at 0x14aebb578140>,79,3,[ 2 10],119,2517,2520,2398,2501
1,<environment.Job instance at 0x14aebb578a00>,80,3,[7 2],121,2520,2523,2399,2501
1,<environment.Job instance at 0x14aef1186a50>,81,3,[9 2],123,2523,2526,2400,2501
1,<environment.Job instance at 0x14aef1186910>,82,3,[1 6],126,2520,2523,2394,2501
1,<environment.Job instance at 0x14aef11869b0>,84,1,[2 7],128,2516,2517,2388,2505
1,<environment.Job instance at 0x14aebb7d30f0>,85,2,[2 5],129,2526,2528,2397,2505
1,<environment.Job instance at 0x14aebb7d3500>,86,3,[1 8],130,2523,2526,2393,2505
1,<environment.Job instance at 0x14aebb7d3960>,87,1,[10  2],131,2528,2529,2397,2505
1,<environment.Job instance at 0x14aebb7d37d0>,89,17,[10  2],135,2529,2546,2394,2517
1,<environment.Job instance at 0x14aebb7d3550>,90,3,[9 2],136,2546,2549,2410,2520
1,<environment.Job instance at 0x14aebb7d3be0>,92,2,[6 2],138,2526,2528,2388,2524
1,<environment.Job instance at 0x14aec10a7c80>,7,1,[6 1],11,2549,2550,2538,2545
1,<environment.Job instance at 0x14aebeda03c0>,2,2,[2 6],5,5,7,0,5
1,<environment.Job instance at 0x14aebeda0460>,4,1,[2 9],9,9,10,0,9
1,<environment.Job instance at 0x14aebeda0910>,5,1,[2 6],10,10,11,0,10
1,<environment.Job instance at 0x14aebeda0370>,6,2,[1 8],11,11,13,0,11
1,<environment.Job instance at 0x14aebeda0730>,7,1,[8 2],13,13,14,0,13
1,<environment.Job instance at 0x14aef07b8e60>,8,13,[1 9],14,14,27,0,14
1,<environment.Job instance at 0x14aebbeda190>,9,2,[2 8],16,27,29,11,16
1,<environment.Job instance at 0x14aebbf1a640>,10,2,[7 2],17,27,29,10,17
1,<environment.Job instance at 0x14aebeb82820>,17,15,[10  1],26,33,48,7,33
1,<environment.Job instance at 0x14aebbda6e60>,20,15,[5 2],30,48,63,18,36
1,<environment.Job instance at 0x14aebedf9370>,22,2,[5 2],33,48,50,15,36
1,<environment.Job instance at 0x14aebfcd3b40>,23,2,[6 2],34,63,65,29,36
1,<environment.Job instance at 0x14aebed645a0>,24,3,[2 5],35,50,53,15,36
1,<environment.Job instance at 0x14aebedb3d20>,27,1,[6 2],40,65,66,25,47
1,<environment.Job instance at 0x14aebedb34b0>,28,16,[7 1],41,66,82,25,53
1,<environment.Job instance at 0x14aebbe177d0>,33,15,[7 2],48,82,97,34,68
1,<environment.Job instance at 0x14aebbe17730>,34,13,[9 1],49,97,110,48,81
1,<environment.Job instance at 0x14aef121e5f0>,37,2,[8 2],53,110,112,57,85
1,<environment.Job instance at 0x14aebc17b460>,39,2,[6 2],55,112,114,57,85
1,<environment.Job instance at 0x14aebc17ba00>,40,16,[5 1],58,114,130,56,101
1,<environment.Job instance at 0x14aebc17b190>,41,14,[9 1],59,130,144,71,115
1,<environment.Job instance at 0x14aebc15f0a0>,44,3,[1 7],64,115,118,51,115
1,<environment.Job instance at 0x14aebc15fb40>,49,2,[1 5],69,118,120,49,116
1,<environment.Job instance at 0x14aebc15ffa0>,50,2,[6 1],70,144,146,74,117
1,<environment.Job instance at 0x14aebb6db910>,52,17,[8 1],73,146,163,73,134
1,<environment.Job instance at 0x14aebb6dbb90>,54,2,[2 8],78,144,146,66,135
1,<environment.Job instance at 0x14aebb411f00>,12,2,[1 7],19,135,137,116,135
1,<environment.Job instance at 0x14aebb6db0f0>,57,1,[2 5],82,146,147,64,142
1,<environment.Job instance at 0x14aebb631e10>,58,3,[2 8],86,147,150,61,142
1,<environment.Job instance at 0x14aebb631370>,59,2,[1 9],87,142,144,55,142
1,<environment.Job instance at 0x14aebb631820>,60,3,[2 6],88,150,153,62,142
1,<environment.Job instance at 0x14aebb6312d0>,61,2,[5 2],89,163,165,74,142
1,<environment.Job instance at 0x14aef014c9b0>,63,3,[2 8],93,153,156,60,142
1,<environment.Job instance at 0x14aebbb950f0>,64,1,[2 5],94,156,157,62,142
1,<environment.Job instance at 0x14aef00f6640>,65,2,[5 1],95,163,165,68,142
1,<environment.Job instance at 0x14aebb4bfc80>,67,1,[9 1],97,165,166,68,147
1,<environment.Job instance at 0x14aec29265a0>,69,1,[7 1],100,166,167,66,148
1,<environment.Job instance at 0x14aec2926e60>,70,2,[2 7],101,157,159,56,148
1,<environment.Job instance at 0x14aec6ac8e10>,72,15,[5 2],103,167,182,64,153
1,<environment.Job instance at 0x14aec6ac8a50>,73,2,[7 1],104,182,184,78,155
1,<environment.Job instance at 0x14aec6ac8370>,74,1,[1 6],106,159,160,53,155
1,<environment.Job instance at 0x14aebb4dc500>,75,2,[6 2],107,184,186,77,157
1,<environment.Job instance at 0x14aec6ac8690>,76,2,[10  2],109,186,188,77,159
1,<environment.Job instance at 0x14aebed6beb0>,77,2,[2 7],113,160,162,47,159
1,<environment.Job instance at 0x14aebed65730>,78,3,[8 1],114,188,191,74,162
1,<environment.Job instance at 0x14aebed62050>,79,1,[8 2],116,191,192,75,163
1,<environment.Job instance at 0x14aec10d0690>,80,3,[8 2],118,192,195,74,166
1,<environment.Job instance at 0x14aec10d0910>,81,2,[8 1],120,195,197,75,168
1,<environment.Job instance at 0x14aec10d05f0>,82,3,[2 7],121,168,171,47,168
1,<environment.Job instance at 0x14aec10d01e0>,84,1,[8 1],126,197,198,71,169
1,<environment.Job instance at 0x14aec10d09b0>,85,1,[10  1],127,198,199,71,170
1,<environment.Job instance at 0x14aebc13fb40>,87,2,[9 1],129,199,201,70,172
1,<environment.Job instance at 0x14aef108eeb0>,88,12,[8 1],130,201,213,71,184
1,<environment.Job instance at 0x14aebc13ff50>,90,3,[10  1],132,213,216,81,187
1,<environment.Job instance at 0x14aef003b4b0>,91,3,[7 1],133,216,219,83,190
1,<environment.Job instance at 0x14aebe8fcc30>,95,3,[2 9],138,1110,1113,972,1110
1,<environment.Job instance at 0x14aec10b6fa0>,15,1,[7 1],24,1350,1351,1326,1350
1,<environment.Job instance at 0x14aef09e8fa0>,0,3,[1 8],4,4,7,0,4
1,<environment.Job instance at 0x14aebea8f690>,1,1,[10  1],5,7,8,2,5
1,<environment.Job instance at 0x14aec60d95a0>,2,1,[7 2],6,8,9,2,7
1,<environment.Job instance at 0x14aec10b6fa0>,5,3,[1 8],10,10,13,0,10
1,<environment.Job instance at 0x14aef0108280>,7,1,[1 6],16,16,17,0,16
1,<environment.Job instance at 0x14aef0108910>,9,2,[6 2],19,19,21,0,19
1,<environment.Job instance at 0x14aef0108f50>,10,3,[1 6],20,20,23,0,20
1,<environment.Job instance at 0x14aef0108a00>,13,3,[6 2],23,23,26,0,23
1,<environment.Job instance at 0x14aef0108460>,14,1,[9 2],27,27,28,0,27
1,<environment.Job instance at 0x14aebc8dc820>,15,1,[2 9],28,28,29,0,28
1,<environment.Job instance at 0x14aec5a060f0>,16,18,[2 7],29,29,47,0,29
1,<environment.Job instance at 0x14aef0045960>,22,1,[8 2],39,1206,1207,1167,1206
1,<environment.Job instance at 0x14aebbbb4460>,23,1,[1 6],40,1206,1207,1166,1206
1,<environment.Job instance at 0x14aebedead20>,25,16,[9 2],42,1207,1223,1165,1206
1,<environment.Job instance at 0x14aebbe380f0>,26,15,[ 1 10],43,1223,1238,1180,1209
1,<environment.Job instance at 0x14aef003dcd0>,29,2,[9 1],46,1238,1240,1192,1211
1,<environment.Job instance at 0x14aebb7ed280>,30,1,[1 8],47,1211,1212,1164,1211
1,<environment.Job instance at 0x14aebed90cd0>,31,2,[10  2],48,1240,1242,1192,1213
1,<environment.Job instance at 0x14aec43a45f0>,34,1,[10  1],52,1242,1243,1190,1214
1,<environment.Job instance at 0x14aebbf558c0>,37,3,[9 1],57,1243,1246,1186,1217
1,<environment.Job instance at 0x14aebbb1aaa0>,39,1,[1 6],59,1218,1219,1159,1218
1,<environment.Job instance at 0x14aebb91d0f0>,40,17,[1 9],61,1243,1260,1182,1233
1,<environment.Job instance at 0x14aebe9462d0>,43,18,[2 9],64,1260,1278,1196,1249
1,<environment.Job instance at 0x14aebe8c9c30>,44,2,[2 8],65,1278,1280,1213,1251
1,<environment.Job instance at 0x14aebe8c9870>,45,14,[9 1],66,1280,1294,1214,1265
1,<environment.Job instance at 0x14aebe8c9960>,48,3,[7 2],71,1294,1297,1223,1268
1,<environment.Job instance at 0x14aebe8c95f0>,49,2,[2 7],72,1294,1296,1222,1268
1,<environment.Job instance at 0x14aebe8c94b0>,50,3,[2 9],74,1297,1300,1223,1271
1,<environment.Job instance at 0x14aef09f30f0>,51,1,[10  2],75,1300,1301,1225,1272
1,<environment.Job instance at 0x14aef09f3730>,52,2,[ 1 10],78,1301,1303,1223,1274
1,<environment.Job instance at 0x14aef09f3cd0>,53,1,[9 2],79,1303,1304,1224,1275
1,<environment.Job instance at 0x14aebbc5d460>,57,1,[2 6],87,1296,1297,1209,1286
1,<environment.Job instance at 0x14aebbc5d0f0>,59,16,[10  2],90,1304,1320,1214,1291
1,<environment.Job instance at 0x14aebbc5df50>,60,12,[1 9],91,1320,1332,1229,1303
1,<environment.Job instance at 0x14aebbf5d1e0>,63,2,[1 9],94,1332,1334,1238,1314
1,<environment.Job instance at 0x14aef0136c30>,64,1,[5 1],95,1320,1321,1225,1314
1,<environment.Job instance at 0x14aef0136f50>,65,3,[6 2],97,1334,1337,1237,1314
1,<environment.Job instance at 0x14aef0136aa0>,66,2,[2 7],98,1334,1336,1236,1314
1,<environment.Job instance at 0x14aef01368c0>,67,16,[10  1],100,1337,1353,1237,1324
1,<environment.Job instance at 0x14aef0136f00>,70,1,[2 6],103,1336,1337,1233,1324
1,<environment.Job instance at 0x14aef0136cd0>,71,15,[8 2],104,1353,1368,1249,1339
1,<environment.Job instance at 0x14aef0136730>,72,3,[ 2 10],105,1368,1371,1263,1342
1,<environment.Job instance at 0x14aec02040a0>,73,14,[1 5],106,1353,1367,1247,1342
1,<environment.Job instance at 0x14aec02047d0>,75,3,[ 2 10],108,1371,1374,1263,1345
1,<environment.Job instance at 0x14aec0204d20>,78,1,[1 9],113,1374,1375,1261,1347
1,<environment.Job instance at 0x14aec0204050>,80,3,[8 2],115,1375,1378,1260,1349
1,<environment.Job instance at 0x14aec0204a50>,81,3,[1 7],116,1375,1378,1259,1349
1,<environment.Job instance at 0x14aebbf0cb90>,82,2,[9 2],117,1378,1380,1261,1351
1,<environment.Job instance at 0x14aebbf0c910>,86,1,[1 9],121,1380,1381,1259,1352
1,<environment.Job instance at 0x14aebbf0c780>,88,3,[5 1],123,1380,1383,1257,1362
1,<environment.Job instance at 0x14aebbf0cf00>,89,15,[7 2],124,1383,1398,1259,1369
1,<environment.Job instance at 0x14aebbf0c8c0>,90,2,[1 6],127,1378,1380,1251,1369
1,<environment.Job instance at 0x14aec60f7820>,94,3,[10  1],136,1398,1401,1262,1386
1,<environment.Job instance at 0x14aebc9bfa50>,0,3,[10  1],1,1,4,0,1
1,<environment.Job instance at 0x14aebd3f59b0>,3,1,[5 1],4,4,5,0,4
1,<environment.Job instance at 0x14aebbcfc640>,4,3,[8 1],5,5,8,0,5
1,<environment.Job instance at 0x14aebc403e60>,5,3,[10  1],6,8,11,2,6
1,<environment.Job instance at 0x14aebbcfc280>,7,3,[9 2],10,11,14,1,10
1,<environment.Job instance at 0x14aebc403c30>,8,3,[5 1],11,14,17,3,11
1,<environment.Job instance at 0x14aebc403190>,9,2,[5 1],13,14,16,1,13
1,<environment.Job instance at 0x14aebc403460>,10,3,[1 9],14,16,19,2,14
1,<environment.Job instance at 0x14aebc403780>,11,2,[1 9],15,19,21,4,15
1,<environment.Job instance at 0x14aebc17b0f0>,12,3,[ 2 10],16,21,24,5,16
1,<environment.Job instance at 0x14aebc4034b0>,13,3,[2 6],17,24,27,7,17
1,<environment.Job instance at 0x14aebb6d3dc0>,16,2,[7 1],20,24,26,4,20
1,<environment.Job instance at 0x14aebb6d3e60>,20,13,[8 2],24,26,39,2,24
1,<environment.Job instance at 0x14aebfe13f00>,21,3,[2 6],25,27,30,2,25
1,<environment.Job instance at 0x14aebfe13c30>,22,3,[6 2],27,39,42,12,27
1,<environment.Job instance at 0x14aebfe13dc0>,23,3,[1 9],28,42,45,14,28
1,<environment.Job instance at 0x14aebba66cd0>,24,3,[1 7],30,30,33,0,30
1,<environment.Job instance at 0x14aebc891f50>,30,3,[10  2],39,45,48,6,39
1,<environment.Job instance at 0x14aebb64aa50>,33,2,[9 2],42,48,50,6,42
1,<environment.Job instance at 0x14aec0126550>,36,3,[ 1 10],46,50,53,4,46
1,<environment.Job instance at 0x14aec5a29c80>,41,3,[10  2],55,55,58,0,55
1,<environment.Job instance at 0x14aec011d0f0>,42,13,[9 1],56,58,71,2,56
1,<environment.Job instance at 0x14aec01c90a0>,43,1,[ 1 10],57,71,72,14,57
1,<environment.Job instance at 0x14aec6257aa0>,44,1,[10  2],58,72,73,14,58
1,<environment.Job instance at 0x14aec6257e60>,45,16,[5 1],59,73,89,14,60
1,<environment.Job instance at 0x14aec62570f0>,46,3,[6 1],60,89,92,29,63
1,<environment.Job instance at 0x14aebfe5d320>,49,3,[1 7],65,65,68,0,65
1,<environment.Job instance at 0x14aebc0da820>,51,3,[9 2],68,92,95,24,68
1,<environment.Job instance at 0x14aebc0da370>,53,12,[2 7],73,73,85,0,73
1,<environment.Job instance at 0x14aebb7d6370>,56,3,[2 6],76,85,88,9,80
1,<environment.Job instance at 0x14aebb7d6c30>,58,1,[6 1],78,95,96,17,80
1,<environment.Job instance at 0x14aebb7d6fa0>,59,3,[6 1],79,96,99,17,80
1,<environment.Job instance at 0x14aebb7d6230>,60,3,[9 1],80,99,102,19,80
1,<environment.Job instance at 0x14aebb5e33c0>,61,3,[2 9],81,88,91,7,81
1,<environment.Job instance at 0x14aebb5e3190>,62,14,[2 5],82,102,116,20,87
1,<environment.Job instance at 0x14aebb5e31e0>,65,3,[1 8],87,91,94,4,87
1,<environment.Job instance at 0x14aebbe0b910>,70,16,[8 1],95,102,118,7,95
1,<environment.Job instance at 0x14aebbe0bd20>,71,3,[8 2],96,118,121,22,96
1,<environment.Job instance at 0x14aec616ebe0>,74,3,[5 1],99,121,124,22,99
1,<environment.Job instance at 0x14aec618c0a0>,78,13,[9 2],108,124,137,16,108
1,<environment.Job instance at 0x14aebea7daa0>,82,13,[1 6],113,122,135,9,122
1,<environment.Job instance at 0x14aebea7d870>,83,2,[8 1],114,137,139,23,122
1,<environment.Job instance at 0x14aebea7db90>,84,1,[10  1],115,139,140,24,122
1,<environment.Job instance at 0x14aebea7dd70>,85,2,[5 1],116,140,142,24,122
1,<environment.Job instance at 0x14aebea7d5a0>,87,12,[5 2],118,140,152,22,123
1,<environment.Job instance at 0x14aebea7d6e0>,88,3,[9 2],120,152,155,32,126
1,<environment.Job instance at 0x14aec6ce5410>,92,12,[2 8],127,155,167,28,138
1,<environment.Job instance at 0x14aec6ce5230>,93,2,[2 6],129,142,144,13,138
1,<environment.Job instance at 0x14aec6ce50f0>,94,3,[1 6],130,144,147,14,138
1,<environment.Job instance at 0x14aec6ce53c0>,95,3,[1 9],131,167,170,36,141
1,<environment.Job instance at 0x14aebe8c91e0>,97,2,[9 1],134,167,169,33,141
1,<environment.Job instance at 0x14cc7aad5460>,1,3,[1 9],2,2,5,0,2
1,<environment.Job instance at 0x14cc7aad5e60>,2,1,[2 5],3,5,6,2,3
1,<environment.Job instance at 0x14cc242c2370>,5,3,[9 2],6,6,9,0,6
1,<environment.Job instance at 0x14cc242c2870>,6,18,[8 1],7,9,27,2,7
1,<environment.Job instance at 0x14cc242c2730>,7,1,[2 6],8,9,10,1,8
1,<environment.Job instance at 0x14cc2494dbe0>,9,2,[6 1],11,27,29,16,11
1,<environment.Job instance at 0x14cc249500f0>,11,3,[1 8],13,13,16,0,13
1,<environment.Job instance at 0x14cc24aa8c30>,12,3,[1 8],14,16,19,2,14
1,<environment.Job instance at 0x14cc2497a5a0>,18,2,[10  1],25,29,31,4,25
1,<environment.Job instance at 0x14cc24953960>,19,3,[6 2],26,31,34,5,26
1,<environment.Job instance at 0x14cc24a23640>,21,3,[6 1],29,34,37,5,29
1,<environment.Job instance at 0x14cc249cecd0>,25,2,[2 8],34,34,36,0,34
1,<environment.Job instance at 0x14cc24a15e60>,28,2,[2 7],37,37,39,0,37
1,<environment.Job instance at 0x14cc249ceb90>,29,16,[10  2],39,39,55,0,39
1,<environment.Job instance at 0x14cc249df410>,31,3,[9 2],41,55,58,14,41
1,<environment.Job instance at 0x14cc249df320>,32,3,[2 9],42,58,61,16,42
1,<environment.Job instance at 0x14cc249dfaf0>,33,1,[2 7],43,61,62,18,43
1,<environment.Job instance at 0x14cc26a54f50>,5,15,[9 2],7,90,105,83,90
1,<environment.Job instance at 0x14cc26a540a0>,7,1,[1 6],9,90,91,81,90
1,<environment.Job instance at 0x14cc26a546e0>,8,1,[1 7],10,91,92,81,90
1,<environment.Job instance at 0x14cc26a54cd0>,9,3,[9 1],13,105,108,92,90
1,<environment.Job instance at 0x14cc26acb460>,13,3,[7 2],18,298,301,280,298
1,<environment.Job instance at 0x14cc26acb0f0>,15,3,[1 7],21,298,301,277,298
1,<environment.Job instance at 0x14cc26acb2d0>,18,3,[1 9],24,752,755,728,752
1,<environment.Job instance at 0x14cc26acb230>,20,12,[6 1],26,752,764,726,752
1,<environment.Job instance at 0x14cc26acbb40>,22,3,[5 1],33,765,768,732,765
1,<environment.Job instance at 0x14cc26acb730>,23,15,[1 7],35,765,780,730,765
1,<environment.Job instance at 0x14cc26b540f0>,24,3,[ 2 10],36,780,783,744,765
1,<environment.Job instance at 0x14cc26b54140>,25,2,[1 9],38,783,785,745,765
1,<environment.Job instance at 0x14cc26b54d70>,26,2,[ 2 10],41,785,787,744,765
1,<environment.Job instance at 0x14cc26b543c0>,27,3,[5 2],42,768,771,726,765
1,<environment.Job instance at 0x14cc26b54870>,28,15,[2 7],43,787,802,744,773
1,<environment.Job instance at 0x14cc26b65050>,29,2,[ 2 10],44,802,804,758,775
1,<environment.Job instance at 0x14cc26b65730>,30,2,[2 9],45,804,806,759,777
1,<environment.Job instance at 0x14cc26b714b0>,39,15,[1 7],55,806,821,751,792
1,<environment.Job instance at 0x14cc26b71780>,40,3,[ 2 10],57,821,824,764,795
1,<environment.Job instance at 0x14cc26b71f00>,41,14,[10  1],59,824,838,765,809
1,<environment.Job instance at 0x14cc26b77280>,44,3,[8 1],62,809,812,747,809
1,<environment.Job instance at 0x14cc26b773c0>,47,2,[10  1],65,838,840,773,811
1,<environment.Job instance at 0x14cc26b779b0>,48,3,[ 2 10],67,840,843,773,814
1,<environment.Job instance at 0x14cc26b77500>,53,1,[2 6],73,843,844,770,825
1,<environment.Job instance at 0x14cc26b7b6e0>,54,16,[9 1],76,844,860,768,831
1,<environment.Job instance at 0x14cc26b7b960>,55,15,[9 2],80,860,875,780,846
1,<environment.Job instance at 0x14cc26b7b3c0>,57,12,[1 5],82,846,858,764,846
1,<environment.Job instance at 0x14cc26b7bdc0>,63,3,[1 5],90,858,861,768,846
1,<environment.Job instance at 0x14cc249df910>,65,3,[2 8],95,875,878,780,849
1,<environment.Job instance at 0x14cc26b7b7d0>,67,2,[1 6],97,861,863,764,849
1,<environment.Job instance at 0x14cc26d118c0>,71,2,[7 2],107,875,877,768,857
1,<environment.Job instance at 0x14cc26af9f50>,72,2,[2 5],108,878,880,770,857
1,<environment.Job instance at 0x14cc26e3caa0>,74,3,[8 1],112,877,880,765,857
1,<environment.Job instance at 0x14cc26e3c960>,75,1,[7 2],113,880,881,767,857
1,<environment.Job instance at 0x14cc26e3cf50>,76,2,[5 2],114,881,883,767,857
1,<environment.Job instance at 0x14cc26e3c190>,79,15,[2 8],118,880,895,762,868
1,<environment.Job instance at 0x14cc26db91e0>,0,17,[7 1],2,2,19,0,2
1,<environment.Job instance at 0x14cc26db9f50>,2,3,[1 8],5,5,8,0,5
1,<environment.Job instance at 0x14cc26db9e60>,4,2,[7 2],9,19,21,10,9
1,<environment.Job instance at 0x14cc26db9640>,5,3,[ 2 10],11,21,24,10,11
1,<environment.Job instance at 0x14cc27f2b820>,6,14,[8 2],12,24,38,12,12
1,<environment.Job instance at 0x14cc27f2b5a0>,10,2,[ 1 10],17,38,40,21,17
1,<environment.Job instance at 0x14cc27f2b370>,11,3,[7 2],18,40,43,22,18
1,<environment.Job instance at 0x14cc26d47f00>,14,3,[1 9],22,43,46,21,22
1,<environment.Job instance at 0x14cc26d472d0>,15,1,[6 1],23,43,44,20,23
1,<environment.Job instance at 0x14cc26d476e0>,16,3,[5 1],24,44,47,20,24
1,<environment.Job instance at 0x14cc26d42910>,17,3,[1 7],29,29,32,0,29
1,<environment.Job instance at 0x14cc26d42500>,18,12,[7 1],31,47,59,16,31
1,<environment.Job instance at 0x14cc26c4eeb0>,23,2,[2 7],41,41,43,0,41
1,<environment.Job instance at 0x14cc26d42eb0>,20,2,[10  1],33,59,61,26,41
1,<environment.Job instance at 0x14cc26c4e7d0>,24,2,[9 2],42,61,63,19,42
1,<environment.Job instance at 0x14cc26c4ea00>,25,3,[5 2],43,63,66,20,43
1,<environment.Job instance at 0x14cc26d79410>,31,12,[2 9],53,66,78,13,55
1,<environment.Job instance at 0x14cc26d7a5a0>,32,3,[5 2],54,63,66,9,55
1,<environment.Job instance at 0x14cc26d7a6e0>,33,2,[ 2 10],55,78,80,23,55
1,<environment.Job instance at 0x14cc26d74730>,34,15,[8 2],56,80,95,24,66
1,<environment.Job instance at 0x14cc26d740a0>,37,1,[6 2],61,95,96,34,74
1,<environment.Job instance at 0x14cc26d747d0>,38,3,[2 7],63,80,83,17,74
1,<environment.Job instance at 0x14cc26d79b40>,1,3,[2 8],2,2,5,0,2
1,<environment.Job instance at 0x14cc2833a4b0>,4,3,[1 6],7,7,10,0,7
1,<environment.Job instance at 0x14cc2833adc0>,5,2,[8 2],8,8,10,0,8
1,<environment.Job instance at 0x14cc26d79780>,6,14,[9 1],10,10,24,0,10
1,<environment.Job instance at 0x14cc2833a190>,7,3,[10  1],11,24,27,13,11
1,<environment.Job instance at 0x14cc2833a6e0>,10,3,[1 9],14,14,17,0,14
1,<environment.Job instance at 0x14cc2833aeb0>,13,15,[10  1],19,27,42,8,19
1,<environment.Job instance at 0x14cc52edc9b0>,21,2,[1 7],31,42,44,11,40
1,<environment.Job instance at 0x14cc52edcaf0>,23,18,[8 2],33,42,60,9,40
1,<environment.Job instance at 0x14cc59a1a370>,24,3,[1 6],34,44,47,10,40
1,<environment.Job instance at 0x14cc59a1a0f0>,25,16,[1 5],35,47,63,12,40
1,<environment.Job instance at 0x14cc59a1ad70>,26,2,[ 1 10],36,63,65,27,40
1,<environment.Job instance at 0x14cc59a1a050>,30,3,[6 1],40,60,63,20,45
1,<environment.Job instance at 0x14cc26b20f50>,32,3,[2 8],42,65,68,23,45
1,<environment.Job instance at 0x14cc26b20050>,34,3,[5 2],46,65,68,19,46
1,<environment.Job instance at 0x14cc26b20e60>,35,1,[6 2],48,68,69,20,48
1,<environment.Job instance at 0x14cc26b54e60>,40,2,[10  1],54,69,71,15,54
1,<environment.Job instance at 0x14cc26b54b90>,41,2,[2 7],56,71,73,15,56
1,<environment.Job instance at 0x14cc26b549b0>,42,1,[5 2],57,71,72,14,57
1,<environment.Job instance at 0x14cc26b548c0>,43,1,[2 5],58,68,69,10,58
1,<environment.Job instance at 0x14cc26b54050>,44,2,[ 1 10],60,73,75,13,60
1,<environment.Job instance at 0x14cc26b54460>,45,3,[2 5],61,75,78,14,61
1,<environment.Job instance at 0x14cc26b547d0>,46,12,[6 1],62,75,87,13,62
1,<environment.Job instance at 0x14cc26b54f50>,47,2,[5 2],63,87,89,24,63
1,<environment.Job instance at 0x14cc26b54c80>,48,1,[7 1],66,72,73,6,66
1,<environment.Job instance at 0x14cc269daaf0>,49,2,[7 1],67,89,91,22,67
1,<environment.Job instance at 0x14cc26b54d70>,50,1,[7 2],68,91,92,23,68
1,<environment.Job instance at 0x14cc23df55a0>,51,3,[10  2],69,92,95,23,69
1,<environment.Job instance at 0x14cc52ea0280>,52,2,[5 2],70,87,89,17,70
1,<environment.Job instance at 0x14cc52ea00a0>,54,3,[1 7],73,78,81,5,73
1,<environment.Job instance at 0x14cc52ea0230>,57,17,[9 2],78,438,455,360,438
1,<environment.Job instance at 0x14cc52ea0c80>,58,1,[6 2],79,455,456,376,438
1,<environment.Job instance at 0x14cc52ea0500>,61,3,[2 7],82,455,458,373,438
1,<environment.Job instance at 0x14cc52ea0f50>,64,1,[2 5],86,458,459,372,438
1,<environment.Job instance at 0x14cc52ea0be0>,65,15,[7 1],87,456,471,369,442
1,<environment.Job instance at 0x14cc52ea00f0>,69,3,[1 7],93,442,445,349,442
1,<environment.Job instance at 0x14cc52ea0cd0>,71,14,[1 6],95,459,473,364,444
1,<environment.Job instance at 0x14cc23e09a50>,73,3,[5 1],97,471,474,374,453
1,<environment.Job instance at 0x14cc23e09fa0>,74,1,[10  1],98,474,475,376,453
1,<environment.Job instance at 0x14cc23e09cd0>,76,12,[9 2],100,475,487,375,458
1,<environment.Job instance at 0x14cc23e09d20>,78,3,[9 2],102,487,490,385,461
1,<environment.Job instance at 0x14cc26c21690>,80,16,[10  2],104,490,506,386,477
1,<environment.Job instance at 0x14cc26c21370>,90,2,[7 1],116,506,508,390,481
1,<environment.Job instance at 0x14cc26c21eb0>,91,3,[7 1],117,508,511,391,482
1,<environment.Job instance at 0x14cc26c21be0>,92,13,[10  1],118,511,524,393,495
1,<environment.Job instance at 0x14cc26c21410>,95,2,[10  2],122,524,526,402,497
1,<environment.Job instance at 0x14cc26c21780>,96,3,[7 1],126,526,529,400,500
1,<environment.Job instance at 0x14cc26c21aa0>,97,3,[2 8],127,506,509,379,500
1,<environment.Job instance at 0x14cc26c21960>,98,3,[1 9],128,526,529,398,500
1,<environment.Job instance at 0x14cc26c21190>,99,16,[10  1],129,529,545,400,516
1,<environment.Job instance at 0x14cc26c21b90>,102,12,[7 1],134,545,557,411,528
1,<environment.Job instance at 0x14cc26c216e0>,103,3,[10  1],137,557,560,420,531
1,<environment.Job instance at 0x14cc23da3c80>,104,3,[6 1],139,560,563,421,534
1,<environment.Job instance at 0x14cc23da3370>,105,3,[8 1],140,563,566,423,537
1,<environment.Job instance at 0x14cc52edcdc0>,18,3,[10  1],26,1065,1068,1039,1065
1,<environment.Job instance at 0x14cc7ac75b90>,2,3,[8 1],3,3,6,0,3
1,<environment.Job instance at 0x14cc23ec11e0>,3,3,[2 6],6,6,9,0,6
1,<environment.Job instance at 0x14cc269e7370>,5,16,[1 5],11,11,27,0,11
1,<environment.Job instance at 0x14cc26a8a690>,7,3,[2 9],14,27,30,13,14
1,<environment.Job instance at 0x14cc26a8a230>,8,1,[10  2],15,30,31,15,15
1,<environment.Job instance at 0x14cc26a8a780>,9,1,[5 2],16,16,17,0,16
1,<environment.Job instance at 0x14cc26a8a1e0>,11,2,[ 1 10],20,31,33,11,20
1,<environment.Job instance at 0x14cc26a8afa0>,12,16,[ 2 10],22,33,49,11,22
1,<environment.Job instance at 0x14cc26a8a730>,13,3,[10  2],23,49,52,26,23
1,<environment.Job instance at 0x14cc26a8a500>,14,2,[1 6],27,52,54,25,27
1,<environment.Job instance at 0x14cc269da4b0>,15,3,[1 9],28,54,57,26,28
1,<environment.Job instance at 0x14cc269da5a0>,19,3,[5 1],38,52,55,14,38
1,<environment.Job instance at 0x14cc269da320>,20,1,[2 8],39,57,58,18,39
1,<environment.Job instance at 0x14cc269daaa0>,21,2,[7 2],40,57,59,17,40
1,<environment.Job instance at 0x14cc269dac80>,22,2,[6 2],41,59,61,18,41
1,<environment.Job instance at 0x14cc269daa50>,23,3,[9 1],42,61,64,19,42
1,<environment.Job instance at 0x14cc26ecd3c0>,25,2,[5 2],44,64,66,20,44
1,<environment.Job instance at 0x14cc26ecdf00>,29,2,[6 1],49,55,57,6,50
1,<environment.Job instance at 0x14cc26ecd730>,30,2,[ 1 10],50,66,68,16,50
1,<environment.Job instance at 0x14cc26ecd280>,31,3,[9 2],52,68,71,16,52
1,<environment.Job instance at 0x14cc26ecd910>,32,2,[5 1],53,64,66,11,53
1,<environment.Job instance at 0x14cc26ecd9b0>,33,17,[1 9],54,71,88,17,59
1,<environment.Job instance at 0x14cc26ecdaf0>,34,3,[9 2],55,88,91,33,62
1,<environment.Job instance at 0x14cc26ecdc80>,35,2,[2 9],57,91,93,34,64
1,<environment.Job instance at 0x14cc26ecd460>,37,1,[5 1],63,71,72,8,68
1,<environment.Job instance at 0x14cc25f91b90>,38,13,[10  1],65,93,106,28,77
1,<environment.Job instance at 0x14cc25f913c0>,41,3,[2 8],69,106,109,37,80
1,<environment.Job instance at 0x14cc25f91e60>,43,2,[8 2],75,106,108,31,80
1,<environment.Job instance at 0x14cc25f91230>,45,3,[6 2],77,108,111,31,82
1,<environment.Job instance at 0x14cc25f912d0>,47,3,[1 9],81,111,114,30,85
1,<environment.Job instance at 0x14cc25f8f1e0>,52,3,[9 2],88,1363,1366,1275,1363
1,<environment.Job instance at 0x14cc25f8fdc0>,54,16,[ 1 10],92,1366,1382,1274,1363
1,<environment.Job instance at 0x14cc25f8fc80>,55,3,[2 5],94,1382,1385,1288,1363
1,<environment.Job instance at 0x14cc25f8fa00>,56,1,[8 1],95,1382,1383,1287,1363
1,<environment.Job instance at 0x14cc25f8f050>,58,13,[8 2],97,1383,1396,1286,1375
1,<environment.Job instance at 0x14cc25f8ff00>,60,15,[6 1],99,1396,1411,1297,1382
1,<environment.Job instance at 0x14cc25f8fd20>,61,3,[6 2],100,1411,1414,1311,1385
1,<environment.Job instance at 0x14cc26bfd870>,63,17,[9 2],103,1414,1431,1311,1402
1,<environment.Job instance at 0x14cc26bfd8c0>,65,12,[2 8],105,1402,1414,1297,1402
1,<environment.Job instance at 0x14cc26bfd550>,66,3,[ 1 10],106,1431,1434,1325,1405
1,<environment.Job instance at 0x14cc26bfd960>,67,3,[1 5],107,1414,1417,1307,1405
1,<environment.Job instance at 0x14cc26bfd4b0>,68,3,[2 7],108,1434,1437,1326,1408
1,<environment.Job instance at 0x14cc26bfd280>,74,3,[7 1],118,1434,1437,1316,1408
1,<environment.Job instance at 0x14cc26bfd230>,75,3,[7 2],119,1437,1440,1318,1411
1,<environment.Job instance at 0x14cc596199b0>,76,14,[1 5],121,1417,1431,1296,1411
1,<environment.Job instance at 0x14cc595a5820>,81,16,[8 1],130,1440,1456,1310,1427
1,<environment.Job instance at 0x14cc595a5050>,82,16,[1 6],131,1437,1453,1306,1427
1,<environment.Job instance at 0x14cc25548b90>,83,2,[10  2],133,1456,1458,1323,1429
1,<environment.Job instance at 0x14cc25548280>,84,3,[1 7],134,1453,1456,1319,1429
1,<environment.Job instance at 0x14cc25548c30>,85,14,[9 2],136,1458,1472,1322,1443
1,<environment.Job instance at 0x14cc25548cd0>,89,3,[1 5],140,1458,1461,1318,1446
1,<environment.Job instance at 0x14cc25548320>,90,12,[2 9],142,1472,1484,1330,1455
1,<environment.Job instance at 0x14cc255487d0>,91,3,[9 2],143,1484,1487,1341,1458
1,<environment.Job instance at 0x14cc25548690>,94,12,[1 7],147,1484,1496,1337,1467
1,<environment.Job instance at 0x14cc26a332d0>,1,3,[6 2],2,2,5,0,2
1,<environment.Job instance at 0x14cc5800d190>,5,12,[ 1 10],7,7,19,0,7
1,<environment.Job instance at 0x14cc5800ddc0>,6,3,[2 7],9,19,22,10,9
1,<environment.Job instance at 0x14cc5800d500>,8,3,[8 2],11,19,22,8,11
1,<environment.Job instance at 0x14cc26b20690>,13,3,[7 1],16,22,25,6,16
1,<environment.Job instance at 0x14cc26e3f500>,14,14,[8 2],17,25,39,8,17
1,<environment.Job instance at 0x14cc58f3f460>,17,3,[5 2],22,39,42,17,22
1,<environment.Job instance at 0x14cc52f12320>,23,17,[10  1],30,42,59,12,30
1,<environment.Job instance at 0x14cc245385a0>,25,1,[10  2],33,59,60,26,33
1,<environment.Job instance at 0x14cc23ff4d20>,31,15,[6 1],40,60,75,20,46
1,<environment.Job instance at 0x14cc23ff4550>,32,2,[2 9],41,60,62,19,46
1,<environment.Job instance at 0x14cc23ff41e0>,33,2,[1 5],42,62,64,20,46
1,<environment.Job instance at 0x14cc23ff4910>,35,14,[2 6],45,64,78,19,49
1,<environment.Job instance at 0x14cc23ff4870>,36,1,[9 1],46,78,79,32,50
1,<environment.Job instance at 0x14cc521c42d0>,38,2,[10  2],48,79,81,31,59
1,<environment.Job instance at 0x14cc521c4410>,39,15,[9 2],50,81,96,31,67
1,<environment.Job instance at 0x14cc23bcaa50>,57,17,[7 1],74,96,113,22,85
1,<environment.Job instance at 0x14cc27f7e5f0>,58,17,[2 7],75,96,113,21,85
1,<environment.Job instance at 0x14cc580792d0>,60,16,[6 1],77,113,129,36,100
1,<environment.Job instance at 0x14cc51b5ae60>,68,3,[8 2],86,129,132,43,103
1,<environment.Job instance at 0x14cc51b5adc0>,72,14,[2 9],91,113,127,22,111
1,<environment.Job instance at 0x14cc51b5a410>,74,3,[10  1],93,132,135,39,111
1,<environment.Job instance at 0x14cc51b5abe0>,77,3,[2 7],96,127,130,31,111
1,<environment.Job instance at 0x14cc51b5a780>,80,3,[5 2],99,135,138,36,114
1,<environment.Job instance at 0x14cc51b5aeb0>,81,2,[8 2],100,138,140,38,114
1,<environment.Job instance at 0x14cc26b5ec30>,82,3,[2 8],101,135,138,34,114
1,<environment.Job instance at 0x14cc26b5e8c0>,83,2,[2 5],102,130,132,28,114
1,<environment.Job instance at 0x14cc26b5e780>,86,15,[ 2 10],106,140,155,34,126
1,<environment.Job instance at 0x14cc26b5e640>,87,3,[10  2],107,155,158,48,129
1,<environment.Job instance at 0x14cc26b5edc0>,88,3,[2 5],109,158,161,49,132
1,<environment.Job instance at 0x14cc26b5ee60>,90,3,[7 2],111,158,161,47,135
1,<environment.Job instance at 0x14cc52ea0370>,98,16,[6 2],121,165,181,44,165
1,<environment.Job instance at 0x14cc52ea0f00>,99,1,[6 1],122,181,182,59,165
1,<environment.Job instance at 0x14cc52ea01e0>,100,2,[9 1],124,182,184,58,165
1,<environment.Job instance at 0x14cc52ea0960>,101,19,[1 5],126,165,184,39,165
1,<environment.Job instance at 0x14cc52ea0910>,103,1,[5 1],129,184,185,55,165
1,<environment.Job instance at 0x14cc52ea0aa0>,104,2,[7 2],130,185,187,55,165
1,<environment.Job instance at 0x14cc249cd7d0>,108,2,[7 2],136,187,189,51,169
1,<environment.Job instance at 0x14cc249cdc30>,111,17,[1 7],140,184,201,44,172
1,<environment.Job instance at 0x14cc249cd190>,114,1,[1 5],147,201,202,54,180
1,<environment.Job instance at 0x14cc249cd8c0>,115,14,[5 2],149,189,203,40,180
1,<environment.Job instance at 0x14cc23ff4b40>,5,2,[10  2],7,7,9,0,7
1,<environment.Job instance at 0x14cc24b018c0>,6,1,[6 1],10,10,11,0,10
1,<environment.Job instance at 0x14cc25548960>,9,3,[2 5],14,14,17,0,14
1,<environment.Job instance at 0x14cc23e614b0>,12,1,[10  1],18,18,19,0,18
1,<environment.Job instance at 0x14cc23e617d0>,13,3,[10  1],21,21,24,0,21
1,<environment.Job instance at 0x14cc23e61910>,15,3,[9 2],23,24,27,1,23
1,<environment.Job instance at 0x14cc78198a00>,16,1,[1 9],24,27,28,3,24
1,<environment.Job instance at 0x14cc23e61a00>,17,1,[8 2],27,28,29,1,27
1,<environment.Job instance at 0x14cc23e615a0>,19,1,[9 2],30,30,31,0,30
1,<environment.Job instance at 0x14cc24ab2e10>,20,1,[10  1],31,31,32,0,31
1,<environment.Job instance at 0x14cc52ee1b90>,26,14,[7 1],40,48,62,8,48
1,<environment.Job instance at 0x14cc52ee1a50>,27,2,[7 1],41,62,64,21,48
1,<environment.Job instance at 0x14cc52ee1780>,29,2,[10  2],43,64,66,21,48
1,<environment.Job instance at 0x14cc245231e0>,30,14,[9 1],44,66,80,22,51
1,<environment.Job instance at 0x14cc26da9140>,34,2,[2 7],49,53,55,4,53
1,<environment.Job instance at 0x14cc26da9730>,35,3,[9 2],51,80,83,29,54
1,<environment.Job instance at 0x14cc522eccd0>,36,3,[10  1],52,83,86,31,57
1,<environment.Job instance at 0x14cc522ec460>,38,2,[8 2],60,86,88,26,60
1,<environment.Job instance at 0x14cc26d60460>,39,17,[1 6],61,66,83,5,61
1,<environment.Job instance at 0x14cc23f5f190>,40,3,[1 9],62,88,91,26,62
1,<environment.Job instance at 0x14cc2555b500>,44,1,[1 8],70,86,87,16,81
1,<environment.Job instance at 0x14cc24a88690>,45,2,[2 9],71,91,93,20,81
1,<environment.Job instance at 0x14cc24a887d0>,46,2,[8 2],72,93,95,21,81
1,<environment.Job instance at 0x14cc24a88af0>,47,15,[10  1],73,95,110,22,81
1,<environment.Job instance at 0x14cc27e5f050>,49,1,[8 2],75,110,111,35,85
1,<environment.Job instance at 0x14cc27e5f9b0>,50,2,[ 1 10],76,111,113,35,85
1,<environment.Job instance at 0x14cc25f8f140>,54,1,[8 1],80,117,118,37,117
1,<environment.Job instance at 0x14cc27f99b90>,55,1,[7 2],82,118,119,36,117
1,<environment.Job instance at 0x14cc27f99960>,56,12,[6 2],83,119,131,36,117
1,<environment.Job instance at 0x14cc27f99aa0>,57,3,[1 7],84,117,120,33,117
1,<environment.Job instance at 0x14cc249a8730>,58,2,[6 2],86,131,133,45,117
1,<environment.Job instance at 0x14cc249a8eb0>,59,3,[9 1],87,133,136,46,117
1,<environment.Job instance at 0x14cc249a8050>,62,14,[9 2],90,136,150,46,121
1,<environment.Job instance at 0x14cc249a8910>,64,16,[1 8],92,126,142,34,126
1,<environment.Job instance at 0x14cc249a8870>,65,1,[6 1],93,150,151,57,126
1,<environment.Job instance at 0x14cc249a8370>,66,3,[5 2],94,151,154,57,126
1,<environment.Job instance at 0x14cc249a8820>,68,2,[8 2],96,154,156,58,127
1,<environment.Job instance at 0x14cc595a5050>,69,1,[9 2],97,156,157,59,128
1,<environment.Job instance at 0x14cc595a5960>,70,2,[1 7],98,142,144,44,128
1,<environment.Job instance at 0x14cc595a55f0>,75,14,[ 1 10],107,157,171,50,151
1,<environment.Job instance at 0x14cc595a5500>,76,1,[5 2],108,151,152,43,151
1,<environment.Job instance at 0x14cc595a55a0>,77,1,[8 2],109,171,172,62,151
1,<environment.Job instance at 0x14cc595a5780>,78,2,[7 2],111,172,174,61,151
1,<environment.Job instance at 0x14cc595a57d0>,79,3,[6 1],113,174,177,61,151
1,<environment.Job instance at 0x14cc595a5410>,80,2,[10  1],114,177,179,63,151
1,<environment.Job instance at 0x14cc595a5190>,81,1,[9 1],115,179,180,64,151
1,<environment.Job instance at 0x14cc595a54b0>,82,3,[5 1],116,180,183,64,154
1,<environment.Job instance at 0x14cc595a5a50>,83,3,[1 6],117,154,157,37,154
1,<environment.Job instance at 0x14cc26dde550>,86,2,[7 1],121,325,327,204,325
1,<environment.Job instance at 0x14cc26dde9b0>,87,3,[9 1],126,327,330,201,325
1,<environment.Job instance at 0x14cc26dd8870>,89,2,[1 8],129,325,327,196,325
1,<environment.Job instance at 0x14cc26dd83c0>,90,1,[2 6],130,330,331,200,325
1,<environment.Job instance at 0x14cc26dd80f0>,91,2,[9 2],133,331,333,198,325
1,<environment.Job instance at 0x14cc26dd8730>,1,2,[5 2],3,3,5,0,3
1,<environment.Job instance at 0x14cc26dd8500>,2,2,[7 2],4,5,7,1,4
1,<environment.Job instance at 0x14cc27ecaa00>,8,2,[5 2],11,11,13,0,11
1,<environment.Job instance at 0x14cc27eca190>,10,3,[2 8],13,13,16,0,13
1,<environment.Job instance at 0x14cc52e41c80>,11,3,[8 2],15,15,18,0,15
1,<environment.Job instance at 0x14cc26a9e640>,12,1,[ 2 10],16,18,19,2,16
1,<environment.Job instance at 0x14cc50074cd0>,13,2,[1 6],17,19,21,2,17
1,<environment.Job instance at 0x14cc282f2b40>,14,2,[8 1],18,19,21,1,18
1,<environment.Job instance at 0x14cc282f26e0>,15,1,[2 7],20,21,22,1,20
1,<environment.Job instance at 0x14cc23f83be0>,16,2,[1 8],21,22,24,1,21
1,<environment.Job instance at 0x14cc23f83820>,17,13,[7 1],22,22,35,0,22
1,<environment.Job instance at 0x14cc23f83960>,18,3,[ 2 10],25,35,38,10,25
1,<environment.Job instance at 0x14cc23f83370>,19,2,[2 7],26,26,28,0,26
1,<environment.Job instance at 0x14cc5050da00>,21,2,[10  2],28,38,40,10,28
1,<environment.Job instance at 0x14cc5050d8c0>,22,2,[1 7],29,29,31,0,29
1,<environment.Job instance at 0x14cc5050d230>,23,3,[2 8],30,31,34,1,30
1,<environment.Job instance at 0x14cc5050dc30>,24,2,[6 2],31,40,42,9,31
1,<environment.Job instance at 0x14cc240c9140>,25,1,[7 1],34,42,43,8,34
1,<environment.Job instance at 0x14cc240c9c80>,26,2,[5 2],35,43,45,8,35
1,<environment.Job instance at 0x14cc240c9cd0>,28,3,[6 1],37,45,48,8,37
1,<environment.Job instance at 0x14cc58f4e5a0>,29,2,[ 1 10],38,48,50,10,38
1,<environment.Job instance at 0x14cc58f4e410>,30,1,[7 1],39,50,51,11,39
1,<environment.Job instance at 0x14cc52f4f320>,31,1,[2 6],42,42,43,0,42
1,<environment.Job instance at 0x14cc52bf6e10>,32,2,[10  2],43,51,53,8,43
1,<environment.Job instance at 0x14cc52e348c0>,33,1,[5 1],44,44,45,0,44
1,<environment.Job instance at 0x14cc52f4f640>,34,2,[8 2],45,53,55,8,45
1,<environment.Job instance at 0x14cc23ed65f0>,35,1,[6 1],46,55,56,9,46
1,<environment.Job instance at 0x14cc24a90af0>,36,3,[8 1],48,56,59,8,48
1,<environment.Job instance at 0x14cc24a90460>,38,2,[8 2],53,59,61,6,53
1,<environment.Job instance at 0x14cc58cac780>,39,17,[10  1],56,61,78,5,56
1,<environment.Job instance at 0x14cc24a900f0>,40,3,[2 6],57,57,60,0,57
1,<environment.Job instance at 0x14cc7a9ddd70>,51,27,[1 9],73,78,105,5,76
1,<environment.Job instance at 0x14cc23d99b90>,52,1,[9 1],74,78,79,4,76
1,<environment.Job instance at 0x14cc23d99f50>,53,1,[ 2 10],75,105,106,30,77
1,<environment.Job instance at 0x14cc500324b0>,54,12,[2 8],78,106,118,28,89
1,<environment.Job instance at 0x14cc23f38280>,55,3,[ 1 10],81,118,121,37,92
1,<environment.Job instance at 0x14cc23fb4820>,56,1,[8 2],82,106,107,24,92
1,<environment.Job instance at 0x14cc51b73550>,61,1,[2 6],89,121,122,32,100
1,<environment.Job instance at 0x14cc26d42b40>,62,3,[1 5],90,122,125,32,100
1,<environment.Job instance at 0x14cc595a3aa0>,63,3,[8 2],93,107,110,14,100
1,<environment.Job instance at 0x14cc23e87870>,65,3,[2 8],95,125,128,30,100
1,<environment.Job instance at 0x14cc26da1a50>,70,16,[1 6],102,128,144,26,118
1,<environment.Job instance at 0x14cc26da1190>,71,15,[10  2],103,144,159,41,130
1,<environment.Job instance at 0x14cc26da18c0>,72,2,[5 1],105,130,132,25,130
1,<environment.Job instance at 0x14cc26b26910>,74,3,[5 1],107,132,135,25,130
1,<environment.Job instance at 0x14cc26b26870>,80,3,[9 1],116,135,138,19,131
1,<environment.Job instance at 0x14cc26b26aa0>,81,12,[9 1],117,159,171,42,142
1,<environment.Job instance at 0x14cc26b26e60>,83,16,[9 2],120,171,187,51,158
1,<environment.Job instance at 0x14cc24091be0>,84,3,[ 2 10],121,187,190,66,161
1,<environment.Job instance at 0x14cc24091140>,88,1,[5 1],126,190,191,64,162
1,<environment.Job instance at 0x14cc26d721e0>,92,3,[1 9],132,162,165,30,162
1,<environment.Job instance at 0x14cc26d720a0>,94,1,[7 2],135,191,192,56,170
1,<environment.Job instance at 0x14cc26d72280>,95,1,[10  1],136,192,193,56,170
1,<environment.Job instance at 0x14cc26d727d0>,96,3,[2 5],138,193,196,55,170
1,<environment.Job instance at 0x14cc26d72a00>,97,2,[6 2],139,193,195,54,170
1,<environment.Job instance at 0x14cc26d72320>,99,3,[2 9],141,196,199,55,174
1,<environment.Job instance at 0x14cc26d72e10>,103,1,[7 1],145,195,196,50,175
1,<environment.Job instance at 0x14cc26d72960>,104,3,[9 2],146,199,202,53,175
1,<environment.Job instance at 0x14cc26d726e0>,105,2,[1 8],147,175,177,28,175
1,<environment.Job instance at 0x14cc26d723c0>,107,3,[2 5],149,202,205,53,178
1,<environment.Job instance at 0x14cc782131e0>,47,1,[1 7],68,422,423,354,422
1,<environment.Job instance at 0x14cc522154b0>,1,21,[9 2],2,2,23,0,2
1,<environment.Job instance at 0x14cc23f800f0>,6,3,[7 2],8,23,26,15,8
1,<environment.Job instance at 0x14cc23fc0b90>,12,2,[1 7],19,27,29,8,27
1,<environment.Job instance at 0x14cc23fc00f0>,13,3,[7 1],20,27,30,7,27
1,<environment.Job instance at 0x14cc23fc0f50>,14,1,[6 1],21,30,31,9,27
1,<environment.Job instance at 0x14cc2827f820>,15,15,[6 2],22,31,46,9,27
1,<environment.Job instance at 0x14cc52f1c2d0>,16,3,[2 9],23,46,49,23,27
1,<environment.Job instance at 0x14cc52f1c050>,17,17,[1 8],25,29,46,4,27
1,<environment.Job instance at 0x14cc23fe7e10>,19,16,[2 7],27,49,65,22,48
1,<environment.Job instance at 0x14cc500a1500>,22,1,[1 5],31,65,66,34,48
1,<environment.Job instance at 0x14cc500a1320>,23,2,[9 1],32,65,67,33,48
1,<environment.Job instance at 0x14cc500a18c0>,24,3,[9 2],33,67,70,34,48
1,<environment.Job instance at 0x14cc504de8c0>,26,2,[2 6],36,70,72,34,48
1,<environment.Job instance at 0x14cc504de5a0>,27,1,[ 1 10],37,72,73,35,48
1,<environment.Job instance at 0x14cc504de320>,28,1,[2 7],38,73,74,35,48
1,<environment.Job instance at 0x14cc504dea00>,29,2,[2 6],39,74,76,35,48
1,<environment.Job instance at 0x14cc504de550>,31,2,[5 1],42,49,51,7,49
1,<environment.Job instance at 0x14cc504de690>,32,2,[8 2],43,51,53,8,49
1,<environment.Job instance at 0x14cc522dc0f0>,36,18,[10  2],48,76,94,28,65
1,<environment.Job instance at 0x14cc52f155f0>,39,3,[1 6],51,67,70,16,67
1,<environment.Job instance at 0x14cc52f15dc0>,40,2,[1 8],53,94,96,41,67
1,<environment.Job instance at 0x14cc26adf730>,42,16,[8 2],55,94,110,39,81
1,<environment.Job instance at 0x14cc26adf690>,43,3,[1 5],58,96,99,38,81
1,<environment.Job instance at 0x14cc26adf6e0>,44,1,[10  1],59,110,111,51,82
1,<environment.Job instance at 0x14cc26adf050>,45,1,[10  2],60,111,112,51,83
1,<environment.Job instance at 0x14cc52bf5f00>,49,2,[5 1],64,112,114,48,85
1,<environment.Job instance at 0x14cc52bf5cd0>,52,3,[2 6],67,99,102,32,85
1,<environment.Job instance at 0x14cc24051b40>,53,3,[1 9],68,112,115,44,86
1,<environment.Job instance at 0x14cc24051a00>,54,3,[6 1],69,114,117,45,88
1,<environment.Job instance at 0x14cc52fcbaa0>,56,2,[7 1],76,117,119,41,90
1,<environment.Job instance at 0x14cc23f7daa0>,59,2,[2 5],79,102,104,23,101
1,<environment.Job instance at 0x14cc27e103c0>,60,3,[9 1],80,119,122,39,101
1,<environment.Job instance at 0x14cc59652af0>,62,1,[5 1],82,122,123,40,102
1,<environment.Job instance at 0x14cc23cc0dc0>,63,12,[ 1 10],83,123,135,40,106
1,<environment.Job instance at 0x14cc25560b90>,64,2,[1 7],84,106,108,22,106
1,<environment.Job instance at 0x14cc23d6e4b0>,66,3,[5 2],88,135,138,47,109
1,<environment.Job instance at 0x14cc595828c0>,68,3,[2 7],90,115,118,25,115
1,<environment.Job instance at 0x14cc24249fa0>,69,2,[8 2],92,138,140,46,115
1,<environment.Job instance at 0x14cc23b6c5f0>,71,1,[5 2],99,122,123,23,115
1,<environment.Job instance at 0x14cc25f84910>,72,13,[7 2],100,140,153,40,124
1,<environment.Job instance at 0x14cc27de2780>,76,3,[2 6],105,135,138,30,124
1,<environment.Job instance at 0x14cc24a28eb0>,80,3,[1 9],111,153,156,42,128
1,<environment.Job instance at 0x14cc52ee00f0>,81,17,[1 5],112,156,173,44,144
1,<environment.Job instance at 0x14cc52ee0eb0>,82,3,[8 1],114,153,156,39,144
1,<environment.Job instance at 0x14cc249caf50>,83,1,[1 8],115,144,145,29,144
1,<environment.Job instance at 0x14cc241c0e10>,84,1,[10  2],119,173,174,54,145
1,<environment.Job instance at 0x14cc241c05a0>,85,2,[2 6],120,145,147,25,145
1,<environment.Job instance at 0x14cc241c0410>,86,1,[1 5],121,147,148,26,145
1,<environment.Job instance at 0x14cc241c0870>,87,3,[7 2],123,156,159,33,145
1,<environment.Job instance at 0x14cc241c0eb0>,88,1,[2 8],124,148,149,24,145
1,<environment.Job instance at 0x14cc242fa190>,90,3,[10  1],128,174,177,46,151
1,<environment.Job instance at 0x14cc242fadc0>,92,3,[7 2],131,159,162,28,151
1,<environment.Job instance at 0x14cc242fa0f0>,95,1,[1 9],135,177,178,42,160
1,<environment.Job instance at 0x14cc24a1b910>,96,3,[6 2],136,162,165,26,160
1,<environment.Job instance at 0x14cc24a1b460>,101,24,[2 9],142,202,226,60,202
1,<environment.Job instance at 0x14cc24a1be10>,102,3,[2 5],145,226,229,81,202
1,<environment.Job instance at 0x14cc26a8aaf0>,104,1,[1 6],148,229,230,81,203
1,<environment.Job instance at 0x14cc23a61320>,1,3,[2 7],2,2,5,0,2
1,<environment.Job instance at 0x14cc2802ceb0>,2,1,[10  1],6,6,7,0,6
1,<environment.Job instance at 0x14cc241f71e0>,3,3,[10  1],7,7,10,0,7
1,<environment.Job instance at 0x14cc23d57050>,4,2,[6 1],8,10,12,2,8
1,<environment.Job instance at 0x14cc23cacfa0>,5,3,[1 5],9,10,13,1,9
1,<environment.Job instance at 0x14cc23b0e460>,7,1,[9 1],11,12,13,1,11
1,<environment.Job instance at 0x14cc23a7ac30>,10,3,[2 7],14,14,17,0,14
1,<environment.Job instance at 0x14cc23a1e5a0>,11,1,[7 1],15,15,16,0,15
1,<environment.Job instance at 0x14cc26a76230>,12,2,[7 2],16,16,18,0,16
1,<environment.Job instance at 0x14cc26c656e0>,13,13,[10  1],18,18,31,0,18
1,<environment.Job instance at 0x14cc52ef0230>,14,3,[2 6],19,31,34,12,19
1,<environment.Job instance at 0x14cc24068f00>,15,2,[8 1],20,31,33,11,20
1,<environment.Job instance at 0x14cc52315780>,16,1,[6 2],21,33,34,12,21
1,<environment.Job instance at 0x14cc23ea0370>,17,1,[9 1],22,34,35,12,22
1,<environment.Job instance at 0x14cc23ea0410>,18,1,[2 5],24,35,36,11,24
1,<environment.Job instance at 0x14cc26c4ed70>,19,3,[10  2],27,36,39,9,27
1,<environment.Job instance at 0x14cc26c4e370>,20,1,[2 7],28,39,40,11,28
1,<environment.Job instance at 0x14cc23d68aa0>,27,3,[2 8],37,40,43,3,37
1,<environment.Job instance at 0x14cc23a00dc0>,28,17,[10  1],38,43,60,5,38
1,<environment.Job instance at 0x14cc2396b820>,30,1,[8 2],40,40,41,0,40
1,<environment.Job instance at 0x14cc23f805f0>,31,2,[2 6],41,60,62,19,41
1,<environment.Job instance at 0x14cc23f80e60>,32,3,[1 9],42,62,65,20,42
1,<environment.Job instance at 0x14cc58d07f00>,33,2,[1 7],44,65,67,21,44
1,<environment.Job instance at 0x14cc23a40870>,34,3,[2 9],45,67,70,22,45
1,<environment.Job instance at 0x14cc23c95690>,35,2,[6 1],46,60,62,14,46
1,<environment.Job instance at 0x14cc50097c80>,36,1,[5 1],47,62,63,15,47
1,<environment.Job instance at 0x14cc23a48b90>,38,2,[7 1],50,63,65,13,50
1,<environment.Job instance at 0x14cc23a486e0>,40,1,[ 1 10],55,70,71,15,55
1,<environment.Job instance at 0x14cc23a482d0>,41,3,[1 9],56,71,74,15,56
1,<environment.Job instance at 0x14cc238c4f50>,42,2,[9 2],58,65,67,7,58
1,<environment.Job instance at 0x14cc282a5870>,43,3,[2 7],59,74,77,15,59
1,<environment.Job instance at 0x14cc27e31a50>,46,3,[1 7],65,77,80,12,65
1,<environment.Job instance at 0x14cc599fd410>,47,14,[2 5],67,80,94,13,67
1,<environment.Job instance at 0x14cc241b09b0>,49,2,[6 1],73,73,75,0,73
1,<environment.Job instance at 0x14cc2396eb90>,52,3,[2 9],76,94,97,18,76
1,<environment.Job instance at 0x14cc23a39e10>,57,3,[5 1],83,83,86,0,83
1,<environment.Job instance at 0x14cc27e10370>,61,3,[8 1],87,93,96,6,93
1,<environment.Job instance at 0x14cc280259b0>,62,2,[6 2],88,97,99,9,93
1,<environment.Job instance at 0x14cc23992a00>,63,3,[9 2],89,99,102,10,93
1,<environment.Job instance at 0x14cc27f4d730>,65,18,[8 1],98,102,120,4,98
1,<environment.Job instance at 0x14cc52f082d0>,69,3,[6 2],106,120,123,14,106
1,<environment.Job instance at 0x14cc26c527d0>,71,2,[5 1],108,123,125,15,108
1,<environment.Job instance at 0x14cc26c82d20>,72,3,[9 1],109,125,128,16,109
1,<environment.Job instance at 0x14cc26c82500>,73,1,[7 2],110,128,129,18,110
1,<environment.Job instance at 0x14cc26c82820>,75,3,[9 2],114,129,132,15,114
1,<environment.Job instance at 0x14cc26d47730>,76,2,[2 5],115,115,117,0,115
1,<environment.Job instance at 0x14cc242be0f0>,77,1,[1 9],116,117,118,1,116
1,<environment.Job instance at 0x14cc242bed70>,78,3,[1 7],117,118,121,1,117
1,<environment.Job instance at 0x14cc242be460>,79,1,[1 8],118,121,122,3,118
1,<environment.Job instance at 0x14cc27ebe7d0>,80,20,[7 2],119,132,152,13,123
1,<environment.Job instance at 0x14cc27ebe960>,83,3,[ 2 10],122,152,155,30,126
1,<environment.Job instance at 0x14cc2407d550>,85,1,[8 1],126,155,156,29,127
1,<environment.Job instance at 0x14cc2407dbe0>,86,3,[1 6],127,127,130,0,127
1,<environment.Job instance at 0x14cc23d0f640>,87,2,[1 6],128,130,132,2,128
1,<environment.Job instance at 0x14cc238c4fa0>,96,2,[1 6],145,587,589,442,587
1,<environment.Job instance at 0x14cc238c4640>,98,1,[6 1],147,587,588,440,587
1,<environment.Job instance at 0x14cc238c4b90>,99,18,[10  2],149,589,607,440,587
1,<environment.Job instance at 0x14cc24a2c0a0>,25,1,[2 5],34,711,712,677,711
1,<environment.Job instance at 0x14cc52ef07d0>,3,3,[5 1],4,4,7,0,4
1,<environment.Job instance at 0x14cc52ef0eb0>,4,3,[1 7],5,5,8,0,5
1,<environment.Job instance at 0x14cc26ca2d70>,5,3,[10  2],7,8,11,1,7
1,<environment.Job instance at 0x14cc52ef0dc0>,6,17,[9 2],9,11,28,2,9
1,<environment.Job instance at 0x14cc28263370>,10,15,[7 1],17,28,43,11,17
1,<environment.Job instance at 0x14cc282637d0>,11,1,[1 8],18,18,19,0,18
1,<environment.Job instance at 0x14cc27fea0a0>,16,16,[1 7],23,25,41,2,25
1,<environment.Job instance at 0x14cc23edae60>,18,3,[10  1],27,43,46,16,27
1,<environment.Job instance at 0x14cc23d57730>,21,2,[1 5],30,41,43,11,30
1,<environment.Job instance at 0x14cc23d577d0>,22,13,[1 9],31,46,59,15,31
1,<environment.Job instance at 0x14cc5004aa50>,23,2,[10  2],32,59,61,27,32
1,<environment.Job instance at 0x14cc5004a0a0>,28,3,[1 8],40,61,64,21,46
1,<environment.Job instance at 0x14cc24501aa0>,31,3,[1 7],43,64,67,21,47
1,<environment.Job instance at 0x14cc245019b0>,32,2,[6 1],44,47,49,3,47
1,<environment.Job instance at 0x14cc245010f0>,33,3,[7 2],45,61,64,16,47
1,<environment.Job instance at 0x14cc24501410>,34,2,[8 1],46,49,51,3,47
1,<environment.Job instance at 0x14cc24501820>,35,15,[8 2],47,64,79,17,50
1,<environment.Job instance at 0x14cc522ae1e0>,36,1,[10  1],48,79,80,31,51
1,<environment.Job instance at 0x14cc23ab4d20>,39,3,[6 1],52,53,56,1,53
1,<environment.Job instance at 0x14cc23ab43c0>,41,3,[2 5],54,67,70,13,54
1,<environment.Job instance at 0x14cc23ab4cd0>,42,3,[2 8],56,70,73,14,56
1,<environment.Job instance at 0x14cc23ab4550>,44,3,[1 8],58,76,79,18,76
1,<environment.Job instance at 0x14cc26b5ee60>,45,2,[2 5],60,80,82,20,76
1,<environment.Job instance at 0x14cc23ab4a00>,46,3,[1 9],61,82,85,21,76
1,<environment.Job instance at 0x14cc23ab4820>,47,15,[9 1],62,82,97,20,76
1,<environment.Job instance at 0x14cc23ab4b40>,48,12,[6 1],63,97,109,34,80
1,<environment.Job instance at 0x14cc242d8fa0>,49,13,[8 1],64,109,122,45,93
1,<environment.Job instance at 0x14cc26e85820>,54,1,[2 7],70,97,98,27,93
1,<environment.Job instance at 0x14cc242d8c30>,56,3,[ 2 10],72,122,125,50,96
1,<environment.Job instance at 0x14cc26e36190>,59,3,[1 8],77,98,101,21,96
1,<environment.Job instance at 0x14cc249cdbe0>,61,17,[1 8],82,101,118,19,96
1,<environment.Job instance at 0x14cc249cd9b0>,62,15,[10  1],83,125,140,42,111
1,<environment.Job instance at 0x14cc249cd5a0>,63,3,[1 8],85,118,121,33,111
1,<environment.Job instance at 0x14cc52fcb9b0>,65,3,[8 1],87,140,143,53,114
1,<environment.Job instance at 0x14cc52fcb640>,66,3,[10  1],88,143,146,55,117
1,<environment.Job instance at 0x14cc52fcbc80>,67,3,[1 8],89,140,143,51,117
1,<environment.Job instance at 0x14cc52fcb500>,69,2,[8 2],91,146,148,55,119
1,<environment.Job instance at 0x14cc27eff5f0>,72,1,[ 2 10],95,148,149,53,127
1,<environment.Job instance at 0x14cc23ec8230>,73,3,[ 2 10],97,149,152,52,127
1,<environment.Job instance at 0x14cc2802c320>,75,13,[1 7],100,152,165,52,147
1,<environment.Job instance at 0x14cc2802caa0>,76,16,[5 1],101,152,168,51,147
1,<environment.Job instance at 0x14cc2802c4b0>,77,3,[2 5],103,165,168,62,147
1,<environment.Job instance at 0x14cc2802c5a0>,78,13,[1 5],104,168,181,64,152
1,<environment.Job instance at 0x14cc2802ce60>,79,15,[5 1],106,168,183,62,154
1,<environment.Job instance at 0x14cc2802c690>,81,1,[6 1],108,183,184,75,155
1,<environment.Job instance at 0x14cc2802c780>,82,18,[8 2],109,184,202,75,173
1,<environment.Job instance at 0x14cc24af4e60>,84,3,[2 6],111,181,184,70,173
1,<environment.Job instance at 0x14cc23c516e0>,85,3,[2 6],112,184,187,72,173
1,<environment.Job instance at 0x14cc27f9bd70>,87,3,[7 1],114,202,205,88,176
1,<environment.Job instance at 0x14cc24b00870>,89,3,[2 7],117,187,190,70,176
1,<environment.Job instance at 0x14cc52f94370>,91,3,[1 5],120,190,193,70,179
1,<environment.Job instance at 0x14cc23c97370>,92,2,[2 8],121,193,195,72,179
1,<environment.Job instance at 0x14cc23ee30f0>,94,15,[1 5],123,331,346,208,331
1,<environment.Job instance at 0x14cc2427b410>,95,3,[2 5],125,331,334,206,331
1,<environment.Job instance at 0x14cc27e06e10>,96,2,[6 2],126,334,336,208,331
1,<environment.Job instance at 0x14cc24144320>,97,16,[2 8],128,346,362,218,333
1,<environment.Job instance at 0x14cc5224b820>,98,2,[9 1],129,336,338,207,333
1,<environment.Job instance at 0x14cc26ad97d0>,100,3,[10  2],131,362,365,231,344
1,<environment.Job instance at 0x14cc23dc3a50>,101,1,[6 1],134,344,345,210,344
1,<environment.Job instance at 0x14cc23fc9050>,102,3,[10  1],135,365,368,230,344
1,<environment.Job instance at 0x14cc27f4ed20>,103,3,[6 2],136,345,348,209,344
1,<environment.Job instance at 0x14cc23fc9fa0>,105,2,[7 1],138,356,358,218,356
1,<environment.Job instance at 0x14cc27e75460>,106,3,[10  1],139,368,371,229,356
1,<environment.Job instance at 0x14cc241d56e0>,107,1,[6 1],140,358,359,218,356
1,<environment.Job instance at 0x14cc59588a50>,108,18,[1 9],141,371,389,230,360
1,<environment.Job instance at 0x14cc52331eb0>,109,1,[2 7],142,389,390,247,361
1,<environment.Job instance at 0x14cc5961aaf0>,110,3,[7 1],143,371,374,228,361
1,<environment.Job instance at 0x14cc26ad9a50>,111,1,[8 2],144,361,362,217,361
1,<environment.Job instance at 0x14cc241f20f0>,113,15,[1 8],147,390,405,243,379
1,<environment.Job instance at 0x14cc27f66690>,114,2,[8 2],148,389,391,241,379
1,<environment.Job instance at 0x14cc283000f0>,115,13,[6 1],149,391,404,242,379
1,<environment.Job instance at 0x14cc26db4af0>,0,3,[10  1],1,1,4,0,1
1,<environment.Job instance at 0x14cc283000f0>,2,2,[10  1],4,4,6,0,4
1,<environment.Job instance at 0x14cc26d16910>,8,3,[2 7],15,15,18,0,15
1,<environment.Job instance at 0x14cc52f0bf00>,9,3,[10  2],18,18,21,0,18
1,<environment.Job instance at 0x14cc23ce2500>,11,3,[8 2],21,21,24,0,21
1,<environment.Job instance at 0x14cc27fcc1e0>,18,3,[1 7],33,33,36,0,33
1,<environment.Job instance at 0x14cc26ca1d70>,19,1,[8 2],34,34,35,0,34
1,<environment.Job instance at 0x14cc52bf48c0>,20,2,[10  1],35,36,38,1,35
1,<environment.Job instance at 0x14cc24b00460>,21,2,[10  1],36,38,40,2,36
1,<environment.Job instance at 0x14cc27f95f50>,22,16,[10  2],37,40,56,3,37
1,<environment.Job instance at 0x14cc24b002d0>,23,2,[2 5],38,56,58,18,38
1,<environment.Job instance at 0x14cc23b1c870>,24,1,[1 7],39,58,59,19,39
1,<environment.Job instance at 0x14cc23b1ca00>,25,1,[2 9],40,59,60,19,40
1,<environment.Job instance at 0x14cc23b22c30>,26,3,[2 9],42,60,63,18,42
1,<environment.Job instance at 0x14cc23b220a0>,28,1,[7 2],45,56,57,11,45
1,<environment.Job instance at 0x14cc23b22460>,30,3,[10  2],48,63,66,15,48
1,<environment.Job instance at 0x14cc23b22e60>,32,2,[7 1],50,57,59,7,50
1,<environment.Job instance at 0x14cc504efd70>,33,2,[10  1],51,66,68,15,51
1,<environment.Job instance at 0x14cc23e82870>,6,2,[6 1],9,9,11,0,9
1,<environment.Job instance at 0x14cc2801af50>,7,16,[6 1],10,11,27,1,10
1,<environment.Job instance at 0x14cc78198730>,8,1,[ 1 10],12,27,28,15,12
1,<environment.Job instance at 0x14cc2801a690>,9,3,[9 1],14,28,31,14,14
1,<environment.Job instance at 0x14cc2801a7d0>,10,1,[8 2],16,31,32,15,16
1,<environment.Job instance at 0x14cc26d5d140>,11,3,[1 5],17,17,20,0,17
1,<environment.Job instance at 0x14cc249f8190>,13,3,[8 1],20,32,35,12,20
1,<environment.Job instance at 0x14cc249f80a0>,16,3,[1 7],23,23,26,0,23
1,<environment.Job instance at 0x14cc23fc1870>,19,2,[5 2],27,35,37,8,27
1,<environment.Job instance at 0x14cc52f1cdc0>,26,3,[2 5],34,34,37,0,34
1,<environment.Job instance at 0x14cc23d56960>,27,18,[10  1],35,37,55,2,35
1,<environment.Job instance at 0x14cc23f830f0>,28,2,[7 1],36,55,57,19,36
1,<environment.Job instance at 0x14cc26c36b40>,34,3,[1 5],46,55,58,9,55
1,<environment.Job instance at 0x14cc24114c80>,35,1,[8 1],47,57,58,10,55
1,<environment.Job instance at 0x14cc24114230>,36,2,[8 2],48,58,60,10,55
1,<environment.Job instance at 0x14cc24114780>,37,14,[9 2],49,60,74,11,55
1,<environment.Job instance at 0x14cc241145f0>,39,3,[1 5],51,58,61,7,55
1,<environment.Job instance at 0x14cc24114dc0>,42,14,[2 8],55,74,88,19,60
1,<environment.Job instance at 0x14cc249c0370>,43,15,[8 2],56,74,89,18,60
1,<environment.Job instance at 0x14cc249c0b40>,44,3,[1 7],58,61,64,3,60
1,<environment.Job instance at 0x14cc23d6e410>,45,3,[7 1],59,89,92,30,63
1,<environment.Job instance at 0x14cc23d6ecd0>,46,2,[2 7],60,88,90,28,63
1,<environment.Job instance at 0x14cc2826efa0>,48,1,[1 9],62,90,91,28,63
1,<environment.Job instance at 0x14cc239a4eb0>,50,2,[1 8],65,65,67,0,65
1,<environment.Job instance at 0x14cc23f7d820>,52,3,[2 6],68,91,94,23,77
1,<environment.Job instance at 0x14cc59619690>,53,14,[10  1],69,94,108,25,79
1,<environment.Job instance at 0x14cc52ed7d70>,57,3,[9 1],74,108,111,34,107
1,<environment.Job instance at 0x14cc26f336e0>,58,3,[8 2],75,111,114,36,107
1,<environment.Job instance at 0x14cc23c987d0>,59,12,[7 2],77,114,126,37,107
1,<environment.Job instance at 0x14cc26e4d7d0>,60,2,[2 7],79,111,113,32,107
1,<environment.Job instance at 0x14cc240b95a0>,63,2,[1 9],83,108,110,25,108
1,<environment.Job instance at 0x14cc5050de10>,65,1,[8 1],85,126,127,41,108
1,<environment.Job instance at 0x14cc5050da00>,66,18,[10  1],86,127,145,41,116
1,<environment.Job instance at 0x14cc5050d820>,67,1,[8 2],87,145,146,58,117
1,<environment.Job instance at 0x14cc5050dc80>,68,2,[7 1],88,146,148,58,119
1,<environment.Job instance at 0x14cc52225820>,69,1,[5 1],89,148,149,59,120
1,<environment.Job instance at 0x14cc52225eb0>,70,2,[2 8],90,120,122,30,120
1,<environment.Job instance at 0x14cc522250a0>,71,3,[7 1],91,149,152,58,123
1,<environment.Job instance at 0x14cc52225af0>,72,3,[8 2],92,152,155,60,126
1,<environment.Job instance at 0x14cc522254b0>,73,2,[10  1],94,155,157,61,128
1,<environment.Job instance at 0x14cc240bedc0>,77,3,[1 5],102,145,148,43,140
1,<environment.Job instance at 0x14cc26a8ad70>,79,13,[8 1],105,157,170,52,141
1,<environment.Job instance at 0x14cc26a8aaf0>,80,1,[7 2],106,170,171,64,142
1,<environment.Job instance at 0x14cc240beb40>,81,2,[2 8],107,148,150,41,142
1,<environment.Job instance at 0x14cc26c82370>,83,3,[9 2],110,171,174,61,150
1,<environment.Job instance at 0x14cc27fde0a0>,84,1,[ 2 10],111,174,175,63,150
1,<environment.Job instance at 0x14cc27fdec30>,85,2,[6 2],112,175,177,63,150
1,<environment.Job instance at 0x14cc27fde410>,86,1,[1 5],114,150,151,36,150
1,<environment.Job instance at 0x14cc27fde280>,87,2,[5 2],115,177,179,62,150
1,<environment.Job instance at 0x14cc27fde9b0>,88,2,[8 1],116,179,181,63,152
1,<environment.Job instance at 0x14cc27fdebe0>,89,2,[8 1],117,181,183,64,154
1,<environment.Job instance at 0x14cc23c87230>,91,3,[10  2],119,183,186,64,157
1,<environment.Job instance at 0x14cc23c875a0>,93,3,[2 7],121,175,178,54,174
1,<environment.Job instance at 0x14cc23c87870>,95,2,[1 6],123,249,251,126,249
1,<environment.Job instance at 0x14cc23c87dc0>,96,16,[1 9],124,251,267,127,249
1,<environment.Job instance at 0x14cc23c87a00>,98,13,[8 1],126,262,275,136,262
1,<environment.Job instance at 0x14cc23fb4370>,99,1,[6 1],127,275,276,148,262
1,<environment.Job instance at 0x14cc23fb49b0>,100,2,[ 1 10],128,276,278,148,262
1,<environment.Job instance at 0x14cc23fb4460>,101,1,[5 1],129,278,279,149,262
1,<environment.Job instance at 0x14cc23fb4c30>,102,3,[5 2],130,278,281,148,262
1,<environment.Job instance at 0x14cc23fb4b90>,104,3,[5 2],135,279,282,144,262
1,<environment.Job instance at 0x14cc23fb4690>,105,15,[10  2],136,282,297,146,268
1,<environment.Job instance at 0x14cc23fb4730>,111,3,[9 1],144,297,300,153,271
1,<environment.Job instance at 0x14cc23c7f6e0>,112,14,[2 5],146,300,314,154,285
1,<environment.Job instance at 0x14cc23c7f9b0>,113,2,[1 8],147,297,299,150,285
1,<environment.Job instance at 0x14cc23c7f8c0>,114,1,[5 1],148,300,301,152,285
1,<environment.Job instance at 0x14cc23b73780>,0,2,[8 1],1,1,3,0,1
1,<environment.Job instance at 0x14cc521b18c0>,4,1,[9 1],8,8,9,0,8
1,<environment.Job instance at 0x14cc521b1500>,5,2,[9 1],9,9,11,0,9
1,<environment.Job instance at 0x14cc51b5a5f0>,3,2,[9 2],5,11,13,6,11
1,<environment.Job instance at 0x14cc24a2ca00>,9,3,[7 1],14,14,17,0,14
1,<environment.Job instance at 0x14cc24a2c0a0>,10,2,[ 1 10],15,17,19,2,15
1,<environment.Job instance at 0x14cc24a2c370>,15,3,[2 8],21,21,24,0,21
1,<environment.Job instance at 0x14cc23a76960>,20,3,[2 6],30,30,33,0,30
1,<environment.Job instance at 0x14cc24ab30f0>,24,3,[7 2],35,35,38,0,35
1,<environment.Job instance at 0x14cc24ab3460>,25,3,[1 6],37,37,40,0,37
1,<environment.Job instance at 0x14cc24ab3be0>,26,2,[1 6],39,40,42,1,39
1,<environment.Job instance at 0x14cc24ab3730>,28,3,[9 2],44,44,47,0,44
1,<environment.Job instance at 0x14cc23a61f00>,35,12,[2 8],55,55,67,0,55
1,<environment.Job instance at 0x14cc23a61dc0>,36,14,[10  2],56,67,81,11,56
1,<environment.Job instance at 0x14cc23a61780>,40,14,[9 2],63,81,95,18,66
1,<environment.Job instance at 0x14cc23ffe9b0>,45,14,[10  1],71,95,109,24,81
1,<environment.Job instance at 0x14cc23d56280>,60,3,[1 9],94,109,112,15,96
1,<environment.Job instance at 0x14cc23d56b40>,61,3,[2 7],96,112,115,16,96
1,<environment.Job instance at 0x14cc23d56aa0>,62,3,[2 9],97,115,118,18,97
1,<environment.Job instance at 0x14cc51b6a5f0>,63,3,[6 1],99,109,112,10,99
1,<environment.Job instance at 0x14cc51b6afa0>,65,15,[2 7],101,118,133,17,106
1,<environment.Job instance at 0x14cc26a8a3c0>,66,2,[9 1],102,133,135,31,106
1,<environment.Job instance at 0x14cc26a8ac30>,68,3,[ 1 10],105,135,138,30,119
1,<environment.Job instance at 0x14cc26a8aeb0>,70,2,[6 2],107,121,123,14,121
1,<environment.Job instance at 0x14cc26a8aa50>,71,13,[6 1],108,138,151,30,122
1,<environment.Job instance at 0x14cc26a8a0f0>,73,3,[6 2],110,123,126,13,122
1,<environment.Job instance at 0x14cc26a8a280>,74,3,[5 2],112,126,129,14,122
1,<environment.Job instance at 0x14cc26a8af00>,78,14,[2 8],118,138,152,20,130
1,<environment.Job instance at 0x14cc50058cd0>,81,13,[8 1],124,151,164,27,135
1,<environment.Job instance at 0x14cc52ef00f0>,82,2,[10  1],125,164,166,39,137
1,<environment.Job instance at 0x14cc500ab5a0>,95,13,[ 1 10],147,166,179,19,150
1,<environment.Job instance at 0x14cc23ec8820>,1,1,[1 6],2,2,3,0,2
1,<environment.Job instance at 0x14cc23ec8690>,2,1,[1 8],3,5,6,2,5
1,<environment.Job instance at 0x14cc23d0f190>,4,2,[10  2],6,6,8,0,6
1,<environment.Job instance at 0x14cc23d0f370>,9,3,[1 5],13,13,16,0,13
1,<environment.Job instance at 0x14cc52f68690>,12,12,[5 2],17,17,29,0,17
1,<environment.Job instance at 0x14cc52bf5a00>,18,1,[7 2],26,29,30,3,26
1,<environment.Job instance at 0x14cc52eda500>,19,15,[7 1],27,30,45,3,27
1,<environment.Job instance at 0x14cc23ca89b0>,21,3,[1 9],34,34,37,0,34
1,<environment.Job instance at 0x14cc595d4e60>,24,3,[6 2],40,45,48,5,40
1,<environment.Job instance at 0x14cc595d46e0>,25,17,[6 2],45,48,65,3,46
1,<environment.Job instance at 0x14cc595d47d0>,27,3,[8 2],48,65,68,17,48
1,<environment.Job instance at 0x14cc249e50a0>,29,2,[2 6],50,51,53,1,51
1,<environment.Job instance at 0x14cc249e5b40>,30,17,[1 9],51,68,85,17,57
1,<environment.Job instance at 0x14cc249e5aa0>,31,3,[1 6],52,57,60,5,57
1,<environment.Job instance at 0x14cc249e51e0>,32,1,[8 1],53,68,69,15,57
1,<environment.Job instance at 0x14cc249e5640>,33,1,[6 1],54,69,70,15,57
1,<environment.Job instance at 0x14cc249e5a50>,35,3,[10  2],62,85,88,23,62
1,<environment.Job instance at 0x14cc269fe7d0>,40,13,[7 2],71,88,101,17,72
1,<environment.Job instance at 0x14cc238c42d0>,42,3,[5 2],77,101,104,24,77
1,<environment.Job instance at 0x14cc269fec30>,43,3,[ 2 10],78,104,107,26,78
1,<environment.Job instance at 0x14cc23fb9190>,44,3,[1 5],80,88,91,8,80
1,<environment.Job instance at 0x14cc58cacd70>,52,3,[2 9],90,1104,1107,1014,1104
1,<environment.Job instance at 0x14cc52f98be0>,53,1,[1 9],91,1107,1108,1016,1104
1,<environment.Job instance at 0x14cc23ad84b0>,54,18,[8 2],92,1108,1126,1016,1104
1,<environment.Job instance at 0x14cc23ad8050>,55,2,[5 1],93,1104,1106,1011,1104
1,<environment.Job instance at 0x14cc23e42410>,56,3,[2 5],94,1108,1111,1014,1104
1,<environment.Job instance at 0x14cc24149910>,57,1,[6 1],95,1106,1107,1011,1104
1,<environment.Job instance at 0x14cc23aee9b0>,58,1,[5 2],97,1126,1127,1029,1104
1,<environment.Job instance at 0x14cc241491e0>,59,1,[6 1],98,1107,1108,1009,1104
1,<environment.Job instance at 0x14cc23aee140>,60,3,[2 5],104,1111,1114,1007,1104
1,<environment.Job instance at 0x14cc27f6acd0>,61,2,[2 5],106,1114,1116,1008,1104
1,<environment.Job instance at 0x14cc27f6a2d0>,62,1,[2 9],107,1127,1128,1020,1104
1,<environment.Job instance at 0x14cc27f6a960>,65,2,[2 9],111,1128,1130,1017,1111
1,<environment.Job instance at 0x14cc27f6a280>,66,2,[6 2],112,1130,1132,1018,1111
1,<environment.Job instance at 0x14cc27f6a3c0>,67,3,[2 6],113,1116,1119,1003,1111
1,<environment.Job instance at 0x14cc27f6af00>,68,2,[1 6],114,1119,1121,1005,1111
1,<environment.Job instance at 0x14cc27f6ac30>,69,1,[2 5],115,1121,1122,1006,1111
1,<environment.Job instance at 0x14cc27f6a730>,70,1,[2 8],116,1122,1123,1006,1111
1,<environment.Job instance at 0x14cc27f6a230>,71,2,[10  1],117,1132,1134,1015,1111
1,<environment.Job instance at 0x14cc27f6ae60>,72,2,[7 1],118,1127,1129,1009,1111
1,<environment.Job instance at 0x14cc27f6a370>,73,2,[7 2],119,1134,1136,1015,1111
1,<environment.Job instance at 0x14cc27f6aeb0>,74,1,[9 2],120,1136,1137,1016,1111
1,<environment.Job instance at 0x14cc27f6a9b0>,75,2,[9 1],121,1137,1139,1016,1111
1,<environment.Job instance at 0x14cc27f6aaf0>,76,3,[9 1],123,1139,1142,1016,1113
1,<environment.Job instance at 0x14cc25f8f730>,78,3,[2 9],126,1142,1145,1016,1116
1,<environment.Job instance at 0x14cc25f8ff00>,81,3,[9 1],131,1145,1148,1014,1129
1,<environment.Job instance at 0x14cc25f8f640>,82,3,[1 8],133,1134,1137,1001,1129
1,<environment.Job instance at 0x14cc25f8faf0>,87,17,[10  2],141,1148,1165,1007,1136
1,<environment.Job instance at 0x14cc25f8f3c0>,90,3,[9 1],147,1165,1168,1018,1139
1,<environment.Job instance at 0x14cc23aeb410>,3,3,[1 7],4,4,7,0,4
1,<environment.Job instance at 0x14cc24a14aa0>,6,3,[1 9],7,7,10,0,7
1,<environment.Job instance at 0x14cc2368bb90>,7,3,[8 1],8,8,11,0,8
1,<environment.Job instance at 0x14cc58ca9190>,9,3,[1 9],12,12,15,0,12
1,<environment.Job instance at 0x14cc2397d7d0>,11,3,[1 7],14,15,18,1,14
1,<environment.Job instance at 0x14cc26bb22d0>,13,16,[10  1],16,18,34,2,16
1,<environment.Job instance at 0x14cc52e535f0>,14,3,[5 1],18,34,37,16,18
1,<environment.Job instance at 0x14cc52f70cd0>,15,3,[9 2],19,37,40,18,19
1,<environment.Job instance at 0x14cc522f05a0>,0,3,[8 1],2,2,5,0,2
1,<environment.Job instance at 0x14cc23727050>,3,15,[10  1],6,6,21,0,6
1,<environment.Job instance at 0x14cc239f79b0>,6,15,[5 2],10,21,36,11,11
1,<environment.Job instance at 0x14cc239f7cd0>,8,2,[5 2],13,21,23,8,13
1,<environment.Job instance at 0x14cc239f7af0>,9,2,[6 2],14,36,38,22,14
1,<environment.Job instance at 0x14cc23c97b40>,10,3,[2 5],15,23,26,8,15
1,<environment.Job instance at 0x14cc23c97140>,11,12,[5 2],16,38,50,22,21
1,<environment.Job instance at 0x14cc23c7d320>,20,13,[9 1],29,50,63,21,34
1,<environment.Job instance at 0x14cc52f86870>,23,2,[8 2],33,63,65,30,38
1,<environment.Job instance at 0x14cc52f86690>,25,2,[6 2],35,65,67,30,41
1,<environment.Job instance at 0x14cc52f86d20>,27,14,[9 1],39,67,81,28,52
1,<environment.Job instance at 0x14cc52efe8c0>,30,3,[1 7],44,52,55,8,52
1,<environment.Job instance at 0x14cc52efefa0>,33,2,[7 2],47,81,83,34,54
1,<environment.Job instance at 0x14cc23e93050>,35,2,[1 5],49,62,64,13,62
1,<environment.Job instance at 0x14cc236182d0>,36,2,[6 1],50,83,85,33,62
1,<environment.Job instance at 0x14cc2415faa0>,41,16,[8 1],60,85,101,25,73
1,<environment.Job instance at 0x14cc235fd640>,46,3,[2 6],68,81,84,13,73
1,<environment.Job instance at 0x14cc5000eb40>,49,3,[2 8],73,84,87,11,73
1,<environment.Job instance at 0x14cc26a5bd70>,64,3,[8 1],94,107,110,13,107
1,<environment.Job instance at 0x14cc235c2fa0>,66,3,[8 2],98,110,113,12,107
1,<environment.Job instance at 0x14cc27f3de10>,68,3,[2 7],101,107,110,6,107
1,<environment.Job instance at 0x14cc595dde10>,74,12,[8 1],110,113,125,3,110
1,<environment.Job instance at 0x14cc27f405a0>,76,3,[10  1],112,125,128,13,112
1,<environment.Job instance at 0x14cc27f40b90>,81,3,[2 9],118,128,131,10,128
1,<environment.Job instance at 0x14cc27f40280>,83,3,[1 8],124,131,134,7,128
1,<environment.Job instance at 0x14cc2362bd70>,86,3,[1 7],127,134,137,7,128
1,<environment.Job instance at 0x14cc235f50a0>,88,3,[1 8],130,137,140,7,130
1,<environment.Job instance at 0x14cc235f55f0>,89,14,[ 1 10],133,140,154,7,133
1,<environment.Job instance at 0x14afe2ec9960>,1,3,[1 9],2,2,5,0,2
1,<environment.Job instance at 0x14afe2ec9e10>,2,1,[2 5],3,5,6,2,3
1,<environment.Job instance at 0x14af8c6928c0>,5,3,[9 2],6,6,9,0,6
1,<environment.Job instance at 0x14afe2ec9460>,4,2,[7 2],5,9,11,4,6
1,<environment.Job instance at 0x14af8c6922d0>,6,18,[8 1],7,11,29,4,7
1,<environment.Job instance at 0x14af8c6920f0>,7,1,[2 6],8,9,10,1,8
1,<environment.Job instance at 0x14af8c692820>,11,3,[1 8],13,13,16,0,13
1,<environment.Job instance at 0x14af8c692cd0>,12,3,[1 8],14,16,19,2,14
1,<environment.Job instance at 0x14af8cec5b90>,13,2,[8 1],17,29,31,12,17
1,<environment.Job instance at 0x14af8c6921e0>,18,2,[10  1],25,31,33,6,25
1,<environment.Job instance at 0x14af8cdcd370>,19,3,[6 2],26,33,36,7,26
1,<environment.Job instance at 0x14af8cd624b0>,21,3,[6 1],29,36,39,7,29
1,<environment.Job instance at 0x14af8ce080a0>,23,2,[8 1],31,39,41,8,31
1,<environment.Job instance at 0x14af8cd9fd70>,26,1,[2 7],35,35,36,0,35
1,<environment.Job instance at 0x14af8cd9f500>,27,2,[2 7],36,36,38,0,36
1,<environment.Job instance at 0x14af8cd9f8c0>,28,2,[2 7],37,38,40,1,37
1,<environment.Job instance at 0x14af8ce2e410>,29,16,[10  2],39,41,57,2,39
1,<environment.Job instance at 0x14af8cdaf050>,31,3,[9 2],41,57,60,16,41
1,<environment.Job instance at 0x14af8cdafaf0>,32,3,[2 9],42,60,63,18,42
1,<environment.Job instance at 0x14af8cecc2d0>,1,3,[1 5],2,2,5,0,2
1,<environment.Job instance at 0x14af8f00f5f0>,5,3,[7 2],7,7,10,0,7
1,<environment.Job instance at 0x14af8f00f3c0>,6,3,[1 8],8,8,11,0,8
1,<environment.Job instance at 0x14af8ef24b90>,7,3,[2 8],10,11,14,1,10
1,<environment.Job instance at 0x14af8ef42910>,10,1,[2 9],15,15,16,0,15
1,<environment.Job instance at 0x14af8ef42a00>,11,16,[8 2],16,16,32,0,16
1,<environment.Job instance at 0x14af8ef42d70>,12,12,[9 1],18,32,44,14,18
1,<environment.Job instance at 0x14af8ef47640>,13,2,[8 2],19,44,46,25,19
1,<environment.Job instance at 0x14af8ef47730>,14,2,[1 7],22,22,24,0,22
1,<environment.Job instance at 0x14af8ef47dc0>,15,3,[6 1],23,46,49,23,23
1,<environment.Job instance at 0x14af8ef47050>,16,2,[2 5],25,25,27,0,25
1,<environment.Job instance at 0x14af8ef4b8c0>,18,1,[10  2],29,49,50,20,29
1,<environment.Job instance at 0x14af8ef4b2d0>,21,1,[1 9],35,35,36,0,35
1,<environment.Job instance at 0x14af8ef4b460>,22,17,[8 1],36,50,67,14,38
1,<environment.Job instance at 0x14af8ef4b4b0>,25,3,[10  1],39,67,70,28,41
1,<environment.Job instance at 0x14af8ef4be10>,27,3,[2 9],42,46,49,4,42
1,<environment.Job instance at 0x14af8ee88500>,28,3,[1 9],43,50,53,7,43
1,<environment.Job instance at 0x14af8f20f1e0>,32,2,[ 2 10],47,70,72,23,54
1,<environment.Job instance at 0x14af8f20f6e0>,33,3,[2 9],49,54,57,5,54
1,<environment.Job instance at 0x14af8ee8eb90>,1,2,[6 2],3,3,5,0,3
1,<environment.Job instance at 0x14af8ef4b820>,2,3,[6 2],6,6,9,0,6
1,<environment.Job instance at 0x14af8f0d7370>,4,2,[2 5],8,8,10,0,8
1,<environment.Job instance at 0x14af8f14c230>,6,3,[2 9],10,10,13,0,10
1,<environment.Job instance at 0x14af8f14c730>,7,3,[7 2],11,13,16,2,11
1,<environment.Job instance at 0x14af8f0d7730>,9,3,[ 2 10],14,16,19,2,14
1,<environment.Job instance at 0x14af8eff1b90>,11,1,[10  1],17,19,20,2,17
1,<environment.Job instance at 0x14af8f147690>,13,1,[7 2],20,20,21,0,20
1,<environment.Job instance at 0x14af8f147730>,15,2,[2 6],22,22,24,0,22
1,<environment.Job instance at 0x14af8f147d70>,17,2,[1 9],26,26,28,0,26
1,<environment.Job instance at 0x14af8f0c2af0>,27,16,[8 1],37,37,53,0,37
1,<environment.Job instance at 0x14af8f0c27d0>,28,17,[1 9],39,39,56,0,39
1,<environment.Job instance at 0x14af8ce1ddc0>,35,18,[1 8],46,56,74,10,46
1,<environment.Job instance at 0x14af903eacd0>,5,15,[9 2],7,154,169,147,154
1,<environment.Job instance at 0x14af8ee047d0>,1,3,[ 2 10],2,169,172,167,154
1,<environment.Job instance at 0x14af903eaa50>,8,1,[1 7],10,154,155,144,154
1,<environment.Job instance at 0x14af903ea960>,13,3,[7 2],18,270,273,252,270
1,<environment.Job instance at 0x14af90647960>,14,2,[1 8],19,270,272,251,270
1,<environment.Job instance at 0x14af90647f00>,15,3,[1 7],21,272,275,251,270
1,<environment.Job instance at 0x14af90647eb0>,18,3,[1 9],24,1335,1338,1311,1335
1,<environment.Job instance at 0x14af906475f0>,22,3,[5 1],33,1349,1352,1316,1349
1,<environment.Job instance at 0x14af90647550>,23,15,[1 7],35,1349,1364,1314,1349
1,<environment.Job instance at 0x14af90647190>,24,3,[ 2 10],36,1364,1367,1328,1349
1,<environment.Job instance at 0x14af906470f0>,25,2,[1 9],38,1367,1369,1329,1349
1,<environment.Job instance at 0x14af90647f50>,26,2,[ 2 10],41,1369,1371,1328,1351
1,<environment.Job instance at 0x14af90647820>,27,3,[5 2],42,1352,1355,1310,1351
1,<environment.Job instance at 0x14af90647780>,30,2,[2 9],45,1371,1373,1326,1351
1,<environment.Job instance at 0x14af906479b0>,32,19,[ 1 10],48,1373,1392,1325,1363
1,<environment.Job instance at 0x14af906470a0>,33,2,[9 1],49,1367,1369,1318,1363
1,<environment.Job instance at 0x14af903ea190>,3,1,[8 1],4,1537,1538,1533,1537
1,<environment.Job instance at 0x14af8c12ebe0>,2,1,[1 7],3,3,4,0,3
1,<environment.Job instance at 0x14af8f2574b0>,5,3,[ 2 10],7,7,10,0,7
1,<environment.Job instance at 0x14af8c12af50>,6,14,[10  1],9,10,24,1,9
1,<environment.Job instance at 0x14af8c58cbe0>,7,12,[7 1],10,24,36,14,10
1,<environment.Job instance at 0x14af8c12aa00>,8,2,[8 2],11,36,38,25,11
1,<environment.Job instance at 0x14af8c59dbe0>,9,3,[8 1],12,38,41,26,12
1,<environment.Job instance at 0x14af8c59daa0>,10,2,[2 5],13,24,26,11,13
1,<environment.Job instance at 0x14af8c650a50>,11,3,[6 1],14,41,44,27,15
1,<environment.Job instance at 0x14af8c60ff00>,13,3,[ 2 10],17,44,47,27,18
1,<environment.Job instance at 0x14af8cdc0690>,16,17,[1 6],21,26,43,5,21
1,<environment.Job instance at 0x14af8cd9d6e0>,21,1,[9 1],31,47,48,16,34
1,<environment.Job instance at 0x14af8cd9dcd0>,22,12,[1 5],32,47,59,15,34
1,<environment.Job instance at 0x14af8cd9eaa0>,23,2,[6 2],33,48,50,15,34
1,<environment.Job instance at 0x14af8c6b80f0>,24,1,[9 1],35,50,51,15,35
1,<environment.Job instance at 0x14af8c64f550>,25,2,[8 1],36,51,53,15,36
1,<environment.Job instance at 0x14af8c64f7d0>,26,1,[ 1 10],37,59,60,22,37
1,<environment.Job instance at 0x14af8c64ff50>,27,2,[1 5],39,53,55,14,39
1,<environment.Job instance at 0x14af8c64f3c0>,28,3,[1 5],40,55,58,15,40
1,<environment.Job instance at 0x14af8c64f4b0>,29,2,[10  2],41,60,62,19,41
1,<environment.Job instance at 0x14af8c64f2d0>,30,3,[2 8],45,62,65,17,45
1,<environment.Job instance at 0x14af8c6b7c80>,20,15,[9 2],30,1649,1664,1619,1649
1,<environment.Job instance at 0x14af8c380640>,1,18,[10  1],6,6,24,0,6
1,<environment.Job instance at 0x14af8c650500>,2,2,[7 2],7,24,26,17,8
1,<environment.Job instance at 0x14af8c6b7f00>,3,2,[2 5],8,24,26,16,11
1,<environment.Job instance at 0x14af8f03f1e0>,5,3,[8 1],12,26,29,14,12
1,<environment.Job instance at 0x14af8f03f780>,6,1,[7 2],13,29,30,16,14
1,<environment.Job instance at 0x14af97218c80>,9,14,[6 1],17,30,44,13,17
1,<environment.Job instance at 0x14af97218d20>,11,16,[1 7],19,26,42,7,19
1,<environment.Job instance at 0x14af97218500>,20,1,[2 8],31,2935,2936,2904,2935
1,<environment.Job instance at 0x14af97218a50>,21,1,[7 1],32,2935,2936,2903,2935
1,<environment.Job instance at 0x14af8cd9dc30>,22,18,[5 2],33,2936,2954,2903,2935
1,<environment.Job instance at 0x14af8cd9d370>,23,2,[8 2],35,2954,2956,2919,2935
1,<environment.Job instance at 0x14af8cd9d9b0>,24,3,[1 7],36,2936,2939,2900,2935
1,<environment.Job instance at 0x14af8cd9d870>,25,18,[8 1],37,2956,2974,2919,2945
1,<environment.Job instance at 0x14af8cd9d910>,26,1,[5 2],38,2945,2946,2907,2945
1,<environment.Job instance at 0x14af8cd9d2d0>,27,1,[1 8],39,2946,2947,2907,2945
1,<environment.Job instance at 0x14af8cd9d820>,28,3,[1 7],40,2947,2950,2907,2945
1,<environment.Job instance at 0x14af8cd9dbe0>,29,2,[5 2],42,2950,2952,2908,2945
1,<environment.Job instance at 0x14af8cd9d690>,30,2,[1 7],44,2952,2954,2908,2945
1,<environment.Job instance at 0x14af8cd9d5f0>,31,2,[5 2],45,2974,2976,2929,2947
1,<environment.Job instance at 0x14af8cd9de60>,32,1,[1 6],47,2954,2955,2907,2947
1,<environment.Job instance at 0x14af8cd9db40>,34,2,[10  1],49,2976,2978,2927,2953
1,<environment.Job instance at 0x14af972600a0>,1,1,[2 5],4,4,5,0,4
1,<environment.Job instance at 0x14af97260d70>,2,3,[1 8],5,5,8,0,5
1,<environment.Job instance at 0x14af9659b3c0>,3,12,[7 2],7,7,19,0,7
1,<environment.Job instance at 0x14af9659b4b0>,4,2,[7 2],9,19,21,10,9
1,<environment.Job instance at 0x14af972419b0>,5,3,[ 2 10],11,21,24,10,11
1,<environment.Job instance at 0x14af973896e0>,9,14,[8 1],16,24,38,8,17
1,<environment.Job instance at 0x14af972cd730>,11,3,[7 2],18,38,41,20,18
1,<environment.Job instance at 0x14af8f06fc80>,15,1,[6 1],23,41,42,18,23
1,<environment.Job instance at 0x14af8f06feb0>,16,3,[5 1],24,42,45,18,24
1,<environment.Job instance at 0x14af8d911f00>,17,3,[1 7],29,29,32,0,29
1,<environment.Job instance at 0x14af8f06f050>,18,12,[7 1],31,45,57,14,31
1,<environment.Job instance at 0x14af8c1f5230>,21,3,[1 9],34,34,37,0,34
1,<environment.Job instance at 0x14af8c1f5370>,22,3,[1 8],38,38,41,0,38
1,<environment.Job instance at 0x14af8c1f5140>,23,2,[2 7],41,41,43,0,41
1,<environment.Job instance at 0x14af8c1f5cd0>,24,2,[9 2],42,57,59,15,42
1,<environment.Job instance at 0x14af8f179500>,25,3,[5 2],43,59,62,16,43
1,<environment.Job instance at 0x14af9659b5f0>,1,3,[5 2],4,4,7,0,4
1,<environment.Job instance at 0x14af9076ed70>,2,2,[ 2 10],5,7,9,2,5
1,<environment.Job instance at 0x14af9071f410>,3,15,[8 2],6,9,24,3,6
1,<environment.Job instance at 0x14af9723b780>,4,17,[10  1],8,24,41,16,12
1,<environment.Job instance at 0x14af973054b0>,7,3,[2 7],13,13,16,0,13
1,<environment.Job instance at 0x14af8ee4fb90>,1,2,[5 1],3,4,6,1,4
1,<environment.Job instance at 0x14af97305fa0>,3,2,[10  2],5,6,8,1,5
1,<environment.Job instance at 0x14af8f2071e0>,5,3,[9 2],8,8,11,0,8
1,<environment.Job instance at 0x14af8bdeefa0>,6,3,[6 2],11,11,14,0,11
1,<environment.Job instance at 0x14af8bceea50>,8,3,[1 7],13,13,16,0,13
1,<environment.Job instance at 0x14af906ae280>,10,1,[7 2],16,16,17,0,16
1,<environment.Job instance at 0x14af965ce730>,11,3,[1 7],18,18,21,0,18
1,<environment.Job instance at 0x14af8cd1d820>,13,14,[1 9],20,21,35,1,20
1,<environment.Job instance at 0x14af965ce820>,14,3,[6 1],23,23,26,0,23
1,<environment.Job instance at 0x14af8cd1d320>,16,2,[2 9],25,35,37,10,25
1,<environment.Job instance at 0x14af8cd1d0a0>,17,2,[2 5],26,37,39,11,26
1,<environment.Job instance at 0x14af8cd7efa0>,19,12,[5 2],28,37,49,9,28
1,<environment.Job instance at 0x14af8be5e2d0>,20,3,[8 1],29,29,32,0,29
1,<environment.Job instance at 0x14af8f295960>,21,3,[8 1],33,33,36,0,33
1,<environment.Job instance at 0x14af8e357f50>,22,1,[10  1],34,49,50,15,34
1,<environment.Job instance at 0x14af9025ac80>,26,13,[ 2 10],42,50,63,8,42
1,<environment.Job instance at 0x14af8e3570a0>,27,1,[2 6],43,43,44,0,43
1,<environment.Job instance at 0x14af8c4a8140>,28,2,[1 5],45,45,47,0,45
1,<environment.Job instance at 0x14af8c4a8c80>,29,2,[8 1],46,63,65,17,46
1,<environment.Job instance at 0x14af8c4a8690>,30,3,[2 9],47,63,66,16,47
1,<environment.Job instance at 0x14af8c4a85a0>,31,1,[5 1],49,65,66,16,49
1,<environment.Job instance at 0x14af948a6460>,1,3,[2 8],2,2,5,0,2
1,<environment.Job instance at 0x14af9669d0a0>,4,3,[1 6],7,7,10,0,7
1,<environment.Job instance at 0x14af9669d780>,5,2,[8 2],8,9,11,1,9
1,<environment.Job instance at 0x14af9669d960>,6,14,[9 1],10,11,25,1,10
1,<environment.Job instance at 0x14af9669de60>,7,3,[10  1],11,25,28,14,11
1,<environment.Job instance at 0x14af96fc4d20>,10,3,[1 9],14,14,17,0,14
1,<environment.Job instance at 0x14afe0184b40>,13,15,[10  1],19,28,43,9,19
1,<environment.Job instance at 0x14af8c312870>,17,2,[6 1],24,43,45,19,24
1,<environment.Job instance at 0x14af966b20a0>,18,3,[10  1],26,45,48,19,26
1,<environment.Job instance at 0x14af8c35ddc0>,19,3,[10  2],27,48,51,21,27
1,<environment.Job instance at 0x14af8f25b640>,23,18,[8 2],33,51,69,18,40
1,<environment.Job instance at 0x14af8c1bc820>,26,2,[ 1 10],36,69,71,33,42
1,<environment.Job instance at 0x14af8c042140>,29,16,[2 8],39,52,68,13,52
1,<environment.Job instance at 0x14af8bf93d20>,30,3,[6 1],40,71,74,31,52
1,<environment.Job instance at 0x14af972facd0>,32,3,[2 8],42,71,74,29,52
1,<environment.Job instance at 0x14af8ef47c30>,34,3,[5 2],46,74,77,28,52
1,<environment.Job instance at 0x14af8ef47320>,35,1,[6 2],48,77,78,29,52
1,<environment.Job instance at 0x14af8d914eb0>,3,2,[10  1],4,4,6,0,4
1,<environment.Job instance at 0x14af8d914820>,4,2,[2 7],6,6,8,0,6
1,<environment.Job instance at 0x14af966aee60>,5,1,[5 2],7,7,8,0,7
1,<environment.Job instance at 0x14af8c5ed7d0>,6,1,[2 5],8,8,9,0,8
1,<environment.Job instance at 0x14af8c5ed730>,8,3,[2 5],11,11,14,0,11
1,<environment.Job instance at 0x14af8c5ed5a0>,9,12,[6 1],12,12,24,0,12
1,<environment.Job instance at 0x14af8c5ed500>,10,2,[5 2],13,24,26,11,13
1,<environment.Job instance at 0x14af8c5ed6e0>,12,2,[7 1],17,26,28,9,17
1,<environment.Job instance at 0x14af8c5ed050>,13,1,[7 2],18,28,29,10,18
1,<environment.Job instance at 0x14af90778730>,14,3,[10  2],19,29,32,10,19
1,<environment.Job instance at 0x14af8ee4f6e0>,15,2,[5 2],20,24,26,4,20
1,<environment.Job instance at 0x14af92e361e0>,17,3,[1 7],23,26,29,3,23
1,<environment.Job instance at 0x14af8c64faf0>,18,19,[2 9],26,32,51,6,27
1,<environment.Job instance at 0x14af8f2ec5f0>,20,17,[9 2],28,51,68,23,39
1,<environment.Job instance at 0x14af92e29e10>,31,1,[2 6],41,68,69,27,41
1,<environment.Job instance at 0x14af8eec5320>,32,3,[1 7],43,51,54,8,43
1,<environment.Job instance at 0x14af8bfeebe0>,34,14,[1 6],45,54,68,9,45
1,<environment.Job instance at 0x14af906089b0>,35,17,[9 1],46,69,86,23,57
1,<environment.Job instance at 0x14af90608140>,1,3,[9 2],2,2,5,0,2
1,<environment.Job instance at 0x14af8f2ac820>,2,2,[10  2],3,5,7,2,3
1,<environment.Job instance at 0x14af8bf5dc80>,3,16,[10  2],4,7,23,3,4
1,<environment.Job instance at 0x14af906080f0>,5,2,[1 6],7,23,25,16,7
1,<environment.Job instance at 0x14af8bf5dfa0>,7,2,[7 2],10,23,25,13,10
1,<environment.Job instance at 0x14af8ee15e60>,10,14,[6 1],13,25,39,12,14
1,<environment.Job instance at 0x14af8bb96cd0>,17,1,[ 2 10],20,39,40,19,21
1,<environment.Job instance at 0x14af8bb96370>,18,2,[10  2],22,40,42,18,22
1,<environment.Job instance at 0x14af8bb96500>,19,3,[7 1],26,42,45,16,26
1,<environment.Job instance at 0x14af8bb96640>,20,3,[2 8],27,27,30,0,27
1,<environment.Job instance at 0x14af8bb96be0>,21,3,[1 9],28,30,33,2,28
1,<environment.Job instance at 0x14af8f2bbb40>,22,16,[10  1],29,45,61,16,32
1,<environment.Job instance at 0x14af8f2bbf00>,23,3,[2 9],30,33,36,3,32
1,<environment.Job instance at 0x14af8c500550>,25,12,[7 1],34,61,73,27,44
1,<environment.Job instance at 0x14af8c500870>,26,3,[10  1],37,73,76,36,47
1,<environment.Job instance at 0x14af8c500fa0>,27,3,[6 1],39,76,79,37,50
1,<environment.Job instance at 0x14afc19da190>,28,3,[8 1],40,79,82,39,53
1,<environment.Job instance at 0x14afc19daaf0>,31,1,[7 1],46,82,83,36,56
1,<environment.Job instance at 0x14af8c229f50>,32,2,[5 1],47,83,85,36,56
1,<environment.Job instance at 0x14af8bb96f50>,14,3,[7 1],17,106,109,89,106
1,<environment.Job instance at 0x14af92e47d70>,0,12,[1 5],1,1,13,0,1
1,<environment.Job instance at 0x14af8bb96410>,2,3,[8 1],3,3,6,0,3
1,<environment.Job instance at 0x14af92e47fa0>,3,3,[2 6],6,13,16,7,6
1,<environment.Job instance at 0x14af8bbda0a0>,7,3,[2 9],14,16,19,2,14
1,<environment.Job instance at 0x14af8bbdaf00>,8,1,[10  2],15,19,20,4,15
1,<environment.Job instance at 0x14af8bbda870>,9,1,[5 2],16,20,21,4,16
1,<environment.Job instance at 0x14af8bd72aa0>,12,16,[ 2 10],22,22,38,0,22
1,<environment.Job instance at 0x14af8bd72c80>,13,3,[10  2],23,38,41,15,23
1,<environment.Job instance at 0x14af8bd72410>,14,2,[1 6],27,41,43,14,27
1,<environment.Job instance at 0x14af8c4a5320>,15,3,[1 9],28,43,46,15,28
1,<environment.Job instance at 0x14af8c4a5230>,16,16,[2 7],31,46,62,15,33
1,<environment.Job instance at 0x14af8f295e10>,18,3,[10  2],34,62,65,28,36
1,<environment.Job instance at 0x14af8f2959b0>,19,3,[5 1],38,41,44,3,38
1,<environment.Job instance at 0x14af8f295780>,20,1,[2 8],39,65,66,26,39
1,<environment.Job instance at 0x14af8f295cd0>,21,2,[7 2],40,46,48,6,40
1,<environment.Job instance at 0x14af8f295870>,22,2,[6 2],41,48,50,7,41
1,<environment.Job instance at 0x14af8cdc0640>,23,3,[9 1],42,66,69,24,42
1,<environment.Job instance at 0x14af8cdc08c0>,25,2,[5 2],44,50,52,6,44
1,<environment.Job instance at 0x14af8cdc0460>,29,2,[6 1],49,52,54,3,49
1,<environment.Job instance at 0x14af8c4a5370>,1,2,[5 1],3,3,5,0,3
1,<environment.Job instance at 0x14af972fa910>,3,3,[9 2],5,5,8,0,5
1,<environment.Job instance at 0x14af972fa6e0>,6,1,[5 1],13,13,14,0,13
1,<environment.Job instance at 0x14af972fa500>,7,13,[10  1],15,15,28,0,15
1,<environment.Job instance at 0x14af9672f9b0>,8,2,[1 8],17,28,30,11,17
1,<environment.Job instance at 0x14af9672f460>,9,1,[10  2],18,30,31,12,18
1,<environment.Job instance at 0x14af9672f280>,10,3,[2 8],19,31,34,12,19
1,<environment.Job instance at 0x14af9672f5a0>,11,15,[2 7],20,34,49,14,20
1,<environment.Job instance at 0x14af9672f2d0>,12,2,[8 2],25,28,30,3,26
1,<environment.Job instance at 0x14af8c36fe10>,14,3,[6 2],27,31,34,4,27
1,<environment.Job instance at 0x14af8c3738c0>,15,1,[8 1],29,34,35,5,29
1,<environment.Job instance at 0x14af8f20e320>,16,3,[1 9],31,49,52,18,31
1,<environment.Job instance at 0x14af8c29bd20>,18,2,[7 2],35,35,37,0,35
1,<environment.Job instance at 0x14af8f168960>,1,17,[9 2],3,3,20,0,3
1,<environment.Job instance at 0x14af8bad0c30>,4,3,[ 1 10],6,20,23,14,6
1,<environment.Job instance at 0x14afe018d370>,5,3,[1 5],7,7,10,0,7
1,<environment.Job instance at 0x14af90778a50>,6,3,[2 7],8,23,26,15,8
1,<environment.Job instance at 0x14af8c39f370>,12,3,[7 1],18,23,26,5,18
1,<environment.Job instance at 0x14af8c39ff00>,13,3,[7 2],19,26,29,7,19
1,<environment.Job instance at 0x14af8c39f0f0>,14,14,[1 5],21,26,40,5,21
1,<environment.Job instance at 0x14af8c39f780>,16,1,[9 1],25,29,30,4,25
1,<environment.Job instance at 0x14af8bbaba50>,20,16,[1 6],31,40,56,9,31
1,<environment.Job instance at 0x14af8bbab910>,22,3,[1 7],34,56,59,22,34
1,<environment.Job instance at 0x14af8bbab820>,23,14,[9 2],36,37,51,1,37
1,<environment.Job instance at 0x14af8bbab320>,28,12,[2 9],42,59,71,17,55
1,<environment.Job instance at 0x14af8bbab870>,29,3,[9 2],43,55,58,12,55
1,<environment.Job instance at 0x14af915da190>,32,12,[1 7],47,71,83,24,59
1,<environment.Job instance at 0x14af8c39f5f0>,19,16,[8 1],30,1140,1156,1110,1140
1,<environment.Job instance at 0x14af8bbab7d0>,24,1,[10  2],37,1227,1228,1190,1227
1,<environment.Job instance at 0x14af8ef30b40>,1,3,[6 2],2,2,5,0,2
1,<environment.Job instance at 0x14af96fbee60>,2,2,[6 2],3,5,7,2,3
1,<environment.Job instance at 0x14af96fbebe0>,5,12,[ 1 10],7,11,23,4,11
1,<environment.Job instance at 0x14af8c536230>,14,14,[8 2],17,23,37,6,22
1,<environment.Job instance at 0x14af8f30c370>,17,3,[5 2],22,37,40,15,22
1,<environment.Job instance at 0x14af902c4780>,18,13,[2 8],23,26,39,3,26
1,<environment.Job instance at 0x14af965bea00>,20,1,[1 5],26,39,40,13,26
1,<environment.Job instance at 0x14af972b4cd0>,21,1,[10  1],28,40,41,12,28
1,<environment.Job instance at 0x14af8bf35280>,22,1,[5 2],29,41,42,12,29
1,<environment.Job instance at 0x14af97306be0>,23,17,[10  1],30,42,59,12,30
1,<environment.Job instance at 0x14af8c14b7d0>,25,1,[10  2],33,59,60,26,33
1,<environment.Job instance at 0x14af8c60f050>,28,15,[5 2],36,60,75,24,46
1,<environment.Job instance at 0x14af8c60f320>,29,3,[2 7],38,60,63,22,46
1,<environment.Job instance at 0x14af8c60f780>,31,15,[6 1],40,75,90,35,61
1,<environment.Job instance at 0x14af903496e0>,32,2,[2 9],41,75,77,34,61
1,<environment.Job instance at 0x14af90349af0>,33,2,[1 5],42,63,65,21,61
1,<environment.Job instance at 0x14af903494b0>,35,14,[2 6],45,77,91,32,62
1,<environment.Job instance at 0x14af903490a0>,36,1,[9 1],46,91,92,45,63
1,<environment.Job instance at 0x14af96fbe640>,4,1,[6 1],6,90,91,84,76
1,<environment.Job instance at 0x14af973b96e0>,1,2,[5 1],2,2,4,0,2
1,<environment.Job instance at 0x14af8bb29d20>,3,17,[9 1],6,6,23,0,6
1,<environment.Job instance at 0x14af8c390820>,4,1,[6 2],7,23,24,16,7
1,<environment.Job instance at 0x14af8c390f50>,5,1,[5 1],8,24,25,16,8
1,<environment.Job instance at 0x14af948c7dc0>,7,3,[2 6],11,23,26,12,11
1,<environment.Job instance at 0x14af972a0af0>,11,2,[9 2],16,26,28,10,16
1,<environment.Job instance at 0x14af972a0b40>,12,3,[5 1],17,28,31,11,17
1,<environment.Job instance at 0x14af8c3a2a50>,21,1,[8 2],28,35,36,7,35
1,<environment.Job instance at 0x14af8c3a2f00>,22,1,[5 2],29,36,37,7,35
1,<environment.Job instance at 0x14af8c3a22d0>,23,1,[7 1],30,37,38,7,35
1,<environment.Job instance at 0x14af8bceaa50>,24,1,[1 8],31,35,36,4,35
1,<environment.Job instance at 0x14af92e2ca50>,25,2,[6 2],32,38,40,6,35
1,<environment.Job instance at 0x14af8c3a2e10>,27,1,[6 2],35,40,41,5,35
1,<environment.Job instance at 0x14af8cd1f460>,28,3,[8 2],36,41,44,5,36
1,<environment.Job instance at 0x14af8cd1f050>,29,2,[ 1 10],38,44,46,6,38
1,<environment.Job instance at 0x14af8cd1f5f0>,30,13,[10  1],39,46,59,7,39
1,<environment.Job instance at 0x14af8cd1f3c0>,31,1,[5 1],40,59,60,19,40
1,<environment.Job instance at 0x14af8cd1f140>,33,2,[7 2],42,60,62,18,42
1,<environment.Job instance at 0x14af8cd1ff50>,34,3,[10  1],43,62,65,19,43
1,<environment.Job instance at 0x14af8cd1f870>,35,3,[6 1],44,65,68,21,44
1,<environment.Job instance at 0x14af8cd1f4b0>,37,3,[2 7],46,59,62,13,52
1,<environment.Job instance at 0x14af8cd2feb0>,40,3,[5 2],49,68,71,19,52
1,<environment.Job instance at 0x14af8c3a7dc0>,0,3,[2 8],1,1,4,0,1
1,<environment.Job instance at 0x14af9021deb0>,5,3,[10  2],7,7,10,0,7
1,<environment.Job instance at 0x14af9021df00>,6,3,[2 5],9,10,13,1,9
1,<environment.Job instance at 0x14af9021d0f0>,7,17,[1 7],10,13,30,3,10
1,<environment.Job instance at 0x14af9021dc30>,8,3,[7 2],11,11,14,0,11
1,<environment.Job instance at 0x14af9021d820>,9,2,[2 9],12,30,32,18,12
1,<environment.Job instance at 0x14af8bf0efa0>,10,2,[2 7],13,32,34,19,13
1,<environment.Job instance at 0x14af973c9d70>,11,18,[6 1],15,15,33,0,15
1,<environment.Job instance at 0x14af9656da50>,16,16,[6 2],21,33,49,12,21
1,<environment.Job instance at 0x14af9656de10>,17,1,[6 1],22,49,50,27,22
1,<environment.Job instance at 0x14af9656d1e0>,18,2,[9 1],24,50,52,26,24
1,<environment.Job instance at 0x14af9656d0a0>,19,19,[1 5],26,34,53,8,26
1,<environment.Job instance at 0x14af8c4c21e0>,20,1,[8 1],27,52,53,25,27
1,<environment.Job instance at 0x14af8f03fcd0>,21,1,[5 1],29,53,54,24,29
1,<environment.Job instance at 0x14af8c6b4410>,22,2,[7 2],30,54,56,24,30
1,<environment.Job instance at 0x14af8f1e6d70>,28,2,[6 1],39,56,58,17,51
1,<environment.Job instance at 0x14af8f1e6230>,30,15,[10  2],44,58,73,14,51
1,<environment.Job instance at 0x14af8f1e6e10>,31,2,[7 2],45,73,75,28,51
1,<environment.Job instance at 0x14af8f1e6a50>,32,1,[1 5],47,53,54,6,51
1,<environment.Job instance at 0x14af9656d140>,13,2,[10  1],17,75,77,58,54
1,<environment.Job instance at 0x14af8f2cd370>,25,1,[ 2 10],34,80,81,46,80
1,<environment.Job instance at 0x14af8f2cd9b0>,26,2,[7 2],36,106,108,70,106
1,<environment.Job instance at 0x14af8f1e64b0>,3,1,[1 8],4,4,5,0,4
1,<environment.Job instance at 0x14af8f2cd9b0>,4,1,[2 9],6,6,7,0,6
1,<environment.Job instance at 0x14af903cac80>,5,2,[10  2],7,7,9,0,7
1,<environment.Job instance at 0x14af903ca690>,6,1,[6 1],10,10,11,0,10
1,<environment.Job instance at 0x14af8edfc460>,8,2,[2 7],13,13,15,0,13
1,<environment.Job instance at 0x14af8edfc3c0>,9,3,[2 5],14,15,18,1,14
1,<environment.Job instance at 0x14af8edfcc80>,12,1,[10  1],18,18,19,0,18
1,<environment.Job instance at 0x14af8edfcd70>,13,3,[10  1],21,21,24,0,21
1,<environment.Job instance at 0x14af8edfc960>,14,2,[ 2 10],22,24,26,2,22
1,<environment.Job instance at 0x14af8edfce60>,15,3,[9 2],23,26,29,3,23
1,<environment.Job instance at 0x14af8edfcbe0>,17,1,[8 2],27,29,30,2,27
1,<environment.Job instance at 0x14af8c49c690>,19,1,[9 2],30,30,31,0,30
1,<environment.Job instance at 0x14af95f13140>,20,1,[10  1],31,31,32,0,31
1,<environment.Job instance at 0x14af96648230>,30,14,[9 1],44,75,89,31,75
1,<environment.Job instance at 0x14af966480f0>,31,3,[9 2],45,89,92,44,75
1,<environment.Job instance at 0x14af8ee14e60>,34,2,[2 7],49,92,94,43,75
1,<environment.Job instance at 0x14af90769690>,0,3,[9 2],1,1,4,0,1
1,<environment.Job instance at 0x14af965aec30>,1,3,[10  1],2,4,7,2,2
1,<environment.Job instance at 0x14af907699b0>,3,2,[8 2],10,10,12,0,10
1,<environment.Job instance at 0x14af8bcd5f00>,4,17,[1 6],11,12,29,1,12
1,<environment.Job instance at 0x14af8bcd5be0>,8,3,[2 8],18,29,32,11,18
1,<environment.Job instance at 0x14af8bcd5d70>,9,1,[1 8],20,32,33,12,20
1,<environment.Job instance at 0x14af8bcd5af0>,11,2,[8 2],22,22,24,0,22
1,<environment.Job instance at 0x14af8eed05a0>,12,15,[10  1],23,33,48,10,23
1,<environment.Job instance at 0x14af8eeaf910>,17,1,[5 1],28,28,29,0,28
1,<environment.Job instance at 0x14af96fbbd70>,18,2,[2 6],29,48,50,19,29
1,<environment.Job instance at 0x14af8bc4bfa0>,19,1,[8 1],30,30,31,0,30
1,<environment.Job instance at 0x14af8bcd5690>,20,1,[7 2],32,32,33,0,32
1,<environment.Job instance at 0x14af8c3a78c0>,21,12,[6 2],33,48,60,15,33
1,<environment.Job instance at 0x14af8c3a7d20>,22,3,[1 7],34,50,53,16,34
1,<environment.Job instance at 0x14afe0205960>,23,2,[6 2],36,60,62,24,36
1,<environment.Job instance at 0x14af8bb9bbe0>,24,3,[9 1],37,62,65,25,37
1,<environment.Job instance at 0x14af972ca9b0>,27,14,[9 2],40,65,79,25,50
1,<environment.Job instance at 0x14af8eecf1e0>,28,1,[1 9],41,62,63,21,50
1,<environment.Job instance at 0x14af8f1467d0>,29,16,[1 8],42,63,79,21,53
1,<environment.Job instance at 0x14af915bc280>,30,1,[6 1],43,79,80,36,53
1,<environment.Job instance at 0x14af915bcaf0>,31,3,[5 2],44,80,83,36,54
1,<environment.Job instance at 0x14af915bcdc0>,33,2,[8 2],46,83,85,37,56
1,<environment.Job instance at 0x14af915bcc30>,34,1,[9 2],47,85,86,38,57
1,<environment.Job instance at 0x14af8f06b3c0>,2,23,[2 6],4,4,27,0,4
1,<environment.Job instance at 0x14af8c548050>,8,3,[6 1],13,17,20,4,17
1,<environment.Job instance at 0x14af8c548be0>,9,2,[10  1],14,27,29,13,17
1,<environment.Job instance at 0x14af8c5482d0>,10,1,[9 1],15,29,30,14,17
1,<environment.Job instance at 0x14af8c548a50>,11,3,[5 1],16,20,23,4,17
1,<environment.Job instance at 0x14af8c548910>,12,3,[1 6],17,29,32,12,17
1,<environment.Job instance at 0x14afe2ec9e60>,14,20,[8 1],20,38,58,18,38
1,<environment.Job instance at 0x14af8ef90730>,16,3,[9 1],26,58,61,32,38
1,<environment.Job instance at 0x14af8c4c25f0>,17,13,[2 5],28,38,51,10,38
1,<environment.Job instance at 0x14af8ef90b90>,20,2,[9 2],33,61,63,28,38
1,<environment.Job instance at 0x14af8bfbfd70>,24,3,[1 8],41,101,104,60,101
1,<environment.Job instance at 0x14af8bfbf780>,25,1,[8 1],43,101,102,58,101
1,<environment.Job instance at 0x14af8bfbf140>,26,16,[9 1],44,102,118,58,101
1,<environment.Job instance at 0x14af8bfbf5f0>,27,12,[7 2],46,118,130,72,101
1,<environment.Job instance at 0x14af8c548f00>,1,2,[5 2],3,3,5,0,3
1,<environment.Job instance at 0x14af8ee345f0>,2,2,[7 2],4,5,7,1,4
1,<environment.Job instance at 0x14af92e2c190>,3,2,[5 2],6,7,9,1,6
1,<environment.Job instance at 0x14af92e2c140>,4,1,[ 2 10],7,9,10,2,7
1,<environment.Job instance at 0x14afc0c93730>,5,1,[6 2],8,10,11,2,8
1,<environment.Job instance at 0x14afc0c93640>,10,3,[2 8],13,13,16,0,13
1,<environment.Job instance at 0x14afc0c934b0>,11,3,[8 2],15,15,18,0,15
1,<environment.Job instance at 0x14afc0c93910>,12,1,[ 2 10],16,18,19,2,16
1,<environment.Job instance at 0x14afc0c935f0>,14,2,[8 1],18,19,21,1,18
1,<environment.Job instance at 0x14af8c43faf0>,18,3,[ 2 10],25,25,28,0,25
1,<environment.Job instance at 0x14af8c43fa50>,21,2,[10  2],28,28,30,0,28
1,<environment.Job instance at 0x14af8c43f550>,22,2,[1 7],29,30,32,1,29
1,<environment.Job instance at 0x14af8c43fd20>,23,3,[2 8],30,32,35,2,30
1,<environment.Job instance at 0x14af8c43f190>,24,2,[6 2],31,31,33,0,31
1,<environment.Job instance at 0x14af8c43f1e0>,25,1,[7 1],34,34,35,0,34
1,<environment.Job instance at 0x14af8c43fd70>,26,2,[5 2],35,35,37,0,35
1,<environment.Job instance at 0x14af8c43f050>,27,15,[1 9],36,37,52,1,36
1,<environment.Job instance at 0x14afc19da320>,28,3,[6 1],37,37,40,0,37
1,<environment.Job instance at 0x14afc19da4b0>,29,2,[ 1 10],38,52,54,14,38
1,<environment.Job instance at 0x14afc19dacd0>,30,1,[7 1],39,40,41,1,39
1,<environment.Job instance at 0x14afc19da230>,32,2,[10  2],43,54,56,11,43
1,<environment.Job instance at 0x14af972cdc30>,36,3,[8 1],48,48,51,0,48
1,<environment.Job instance at 0x14af966a0c30>,1,2,[8 2],3,3,5,0,3
1,<environment.Job instance at 0x14af966a0910>,2,17,[10  1],6,6,23,0,6
1,<environment.Job instance at 0x14af8eec5e10>,3,3,[2 6],7,23,26,16,7
1,<environment.Job instance at 0x14af8eec57d0>,4,2,[7 1],8,23,25,15,8
1,<environment.Job instance at 0x14af8c0a4820>,12,12,[2 8],21,26,38,5,21
1,<environment.Job instance at 0x14af907074b0>,18,3,[ 1 10],31,38,41,7,31
1,<environment.Job instance at 0x14af906e26e0>,20,18,[9 1],33,41,59,8,33
1,<environment.Job instance at 0x14af8c624b90>,23,1,[7 1],37,59,60,22,43
1,<environment.Job instance at 0x14af8c624eb0>,25,3,[1 5],40,43,46,3,43
1,<environment.Job instance at 0x14af8c624fa0>,26,3,[8 2],43,60,63,17,43
1,<environment.Job instance at 0x14af8ee02960>,28,3,[2 8],45,59,62,14,45
1,<environment.Job instance at 0x14af8bc66690>,1,16,[1 6],2,2,18,0,2
1,<environment.Job instance at 0x14af8bb12b90>,2,15,[10  2],3,18,33,15,4
1,<environment.Job instance at 0x14af8c47c410>,3,2,[5 1],5,5,7,0,5
1,<environment.Job instance at 0x14af8c47c5a0>,4,2,[ 2 10],6,33,35,27,6
1,<environment.Job instance at 0x14af8c47cd20>,5,3,[5 1],7,7,10,0,7
1,<environment.Job instance at 0x14af8be8fdc0>,6,1,[1 9],9,35,36,26,9
1,<environment.Job instance at 0x14af8c47c5f0>,7,1,[2 7],10,36,37,26,10
1,<environment.Job instance at 0x14af8c47c7d0>,8,2,[1 8],11,37,39,26,11
1,<environment.Job instance at 0x14af8c47c8c0>,9,1,[1 9],13,39,40,26,13
1,<environment.Job instance at 0x14af8c47c870>,10,2,[ 2 10],15,40,42,25,15
1,<environment.Job instance at 0x14af8c47cbe0>,11,3,[9 1],16,37,40,21,16
1,<environment.Job instance at 0x14af8eddaf00>,18,1,[2 8],25,42,43,17,29
1,<environment.Job instance at 0x14af8eddac30>,19,1,[5 1],26,35,36,9,29
1,<environment.Job instance at 0x14af8eddab90>,20,1,[8 1],28,36,37,8,29
1,<environment.Job instance at 0x14af8eddab40>,21,1,[1 8],30,43,44,13,30
1,<environment.Job instance at 0x14af8eddaf50>,22,1,[2 9],31,44,45,13,31
1,<environment.Job instance at 0x14af8edda230>,23,3,[1 9],32,45,48,13,32
1,<environment.Job instance at 0x14af8eddad70>,24,14,[ 1 10],34,48,62,14,34
1,<environment.Job instance at 0x14af8edda190>,25,1,[7 2],35,42,43,7,35
1,<environment.Job instance at 0x14af8edda960>,26,1,[10  1],36,62,63,26,36
1,<environment.Job instance at 0x14af965851e0>,27,3,[2 5],38,63,66,25,38
1,<environment.Job instance at 0x14af96585a00>,30,3,[2 9],41,66,69,25,42
1,<environment.Job instance at 0x14af96585730>,35,3,[9 2],46,69,72,23,46
1,<environment.Job instance at 0x14af96585d70>,38,3,[2 5],49,63,66,14,49
1,<environment.Job instance at 0x14af97212f50>,1,21,[9 2],2,2,23,0,2
1,<environment.Job instance at 0x14af8ef814b0>,6,3,[7 2],8,23,26,15,8
1,<environment.Job instance at 0x14af8f24c460>,7,17,[ 2 10],9,26,43,17,14
1,<environment.Job instance at 0x14af8c4329b0>,10,1,[6 1],15,43,44,28,15
1,<environment.Job instance at 0x14af8c432c30>,12,2,[1 7],19,43,45,24,27
1,<environment.Job instance at 0x14af8c432280>,13,3,[7 1],20,44,47,24,27
1,<environment.Job instance at 0x14af8c432cd0>,14,1,[6 1],21,47,48,26,27
1,<environment.Job instance at 0x14af8c432f00>,16,3,[2 9],23,45,48,22,27
1,<environment.Job instance at 0x14af8f255280>,20,2,[1 8],29,52,54,23,52
1,<environment.Job instance at 0x14af8c0939b0>,22,1,[1 5],31,54,55,23,52
1,<environment.Job instance at 0x14af8edebfa0>,24,3,[9 2],33,52,55,19,52
1,<environment.Job instance at 0x14af972102d0>,25,17,[5 2],34,55,72,21,52
1,<environment.Job instance at 0x14af97210640>,27,1,[ 1 10],37,72,73,35,52
1,<environment.Job instance at 0x14af972106e0>,28,1,[2 7],38,55,56,17,52
1,<environment.Job instance at 0x14af97210050>,29,2,[2 6],39,56,58,17,52
1,<environment.Job instance at 0x14af8c282b90>,31,2,[5 1],42,58,60,16,53
1,<environment.Job instance at 0x14af8c282cd0>,32,2,[8 2],43,73,75,30,53
1,<environment.Job instance at 0x14af8c2820a0>,36,18,[10  2],48,75,93,27,64
1,<environment.Job instance at 0x14afc19df320>,0,3,[1 6],1,1,4,0,1
1,<environment.Job instance at 0x14af8ef812d0>,2,17,[7 1],4,4,21,0,4
1,<environment.Job instance at 0x14af973b9050>,4,3,[1 5],8,8,11,0,8
1,<environment.Job instance at 0x14af8e36d690>,10,2,[5 1],14,21,23,7,14
1,<environment.Job instance at 0x14af8e376a50>,11,2,[7 2],15,23,25,8,15
1,<environment.Job instance at 0x14af8e376b90>,12,1,[1 6],16,16,17,0,16
1,<environment.Job instance at 0x14af8e376c30>,13,3,[2 6],17,17,20,0,17
1,<environment.Job instance at 0x14af8e376eb0>,14,3,[1 9],18,20,23,2,18
1,<environment.Job instance at 0x14af8e376e60>,17,2,[7 1],26,26,28,0,26
1,<environment.Job instance at 0x14af90222af0>,18,17,[8 1],27,28,45,1,28
1,<environment.Job instance at 0x14af8e3766e0>,21,3,[9 1],30,45,48,15,30
1,<environment.Job instance at 0x14af96551af0>,24,12,[ 1 10],33,48,60,15,34
1,<environment.Job instance at 0x14af8e354d20>,26,1,[6 2],37,60,61,23,37
1,<environment.Job instance at 0x14af8e36ee10>,27,3,[5 2],38,61,64,23,38
1,<environment.Job instance at 0x14af8bc98460>,30,2,[8 2],42,64,66,22,42
1,<environment.Job instance at 0x14af8bc98aa0>,32,1,[5 2],49,61,62,12,49
1,<environment.Job instance at 0x14af903390a0>,3,3,[2 6],5,5,8,0,5
1,<environment.Job instance at 0x14af8c226eb0>,4,2,[7 1],7,7,9,0,7
1,<environment.Job instance at 0x14af9072de10>,7,3,[1 9],11,11,14,0,11
1,<environment.Job instance at 0x14af906893c0>,8,17,[1 5],12,14,31,2,12
1,<environment.Job instance at 0x14af90689d70>,9,3,[8 1],14,14,17,0,14
1,<environment.Job instance at 0x14af90689c80>,10,1,[1 8],15,31,32,16,15
1,<environment.Job instance at 0x14af90689780>,11,1,[10  2],19,32,33,13,19
1,<environment.Job instance at 0x14af8c217280>,12,2,[2 6],20,33,35,13,20
1,<environment.Job instance at 0x14af8baf5dc0>,13,1,[1 5],21,21,22,0,21
1,<environment.Job instance at 0x14af8baf52d0>,14,3,[7 2],23,23,26,0,23
1,<environment.Job instance at 0x14af8c217be0>,15,1,[2 8],24,35,36,11,24
1,<environment.Job instance at 0x14af8c333460>,16,18,[1 7],26,36,54,10,26
1,<environment.Job instance at 0x14af8c3936e0>,17,3,[10  1],28,54,57,26,28
1,<environment.Job instance at 0x14af901bb050>,27,2,[2 8],41,82,84,41,82
1,<environment.Job instance at 0x14af901bbb90>,28,24,[2 9],42,84,108,42,82
1,<environment.Job instance at 0x14af901bbe60>,29,3,[2 5],45,108,111,63,82
1,<environment.Job instance at 0x14af901bb5a0>,31,1,[1 6],48,111,112,63,83
1,<environment.Job instance at 0x14af907048c0>,0,2,[6 2],1,1,3,0,1
1,<environment.Job instance at 0x14af8ef63f50>,1,3,[2 7],2,2,5,0,2
1,<environment.Job instance at 0x14af90704a50>,2,1,[10  1],6,6,7,0,6
1,<environment.Job instance at 0x14afe0205550>,3,3,[10  1],7,7,10,0,7
1,<environment.Job instance at 0x14af8baf10f0>,5,3,[1 5],9,10,13,1,9
1,<environment.Job instance at 0x14af8baf1f00>,6,2,[10  2],10,13,15,3,10
1,<environment.Job instance at 0x14af8baf12d0>,7,1,[9 1],11,11,12,0,11
1,<environment.Job instance at 0x14af8baf1550>,10,3,[2 7],14,15,18,1,14
1,<environment.Job instance at 0x14af8baf14b0>,11,1,[7 1],15,15,16,0,15
1,<environment.Job instance at 0x14af8baf1730>,12,2,[7 2],16,16,18,0,16
1,<environment.Job instance at 0x14af8baf1a50>,13,13,[10  1],18,18,31,0,18
1,<environment.Job instance at 0x14af8f2a7eb0>,14,3,[2 6],19,31,34,12,19
1,<environment.Job instance at 0x14af8ee52a00>,15,2,[8 1],20,31,33,11,20
1,<environment.Job instance at 0x14af8cd4ab90>,17,1,[9 1],22,34,35,12,22
1,<environment.Job instance at 0x14af8c4e6460>,18,1,[2 5],24,35,36,11,24
1,<environment.Job instance at 0x14af915ab280>,19,3,[10  2],27,36,39,9,27
1,<environment.Job instance at 0x14af8c150be0>,20,1,[2 7],28,39,40,11,28
1,<environment.Job instance at 0x14af8c904e10>,23,3,[9 1],32,40,43,8,32
1,<environment.Job instance at 0x14af8f183320>,25,1,[2 5],34,35,36,1,34
1,<environment.Job instance at 0x14af8c4bbfa0>,26,2,[1 5],36,40,42,4,36
1,<environment.Job instance at 0x14af8c4bb410>,27,3,[2 8],37,43,46,6,37
1,<environment.Job instance at 0x14afc157f640>,28,17,[10  1],38,46,63,8,38
1,<environment.Job instance at 0x14af8ee30af0>,34,3,[2 9],45,63,66,18,45
1,<environment.Job instance at 0x14af8ee30320>,35,2,[6 1],46,63,65,17,46
1,<environment.Job instance at 0x14af8ee30140>,36,1,[5 1],47,65,66,18,47
1,<environment.Job instance at 0x14af8ee30b40>,2,3,[1 9],6,6,9,0,6
1,<environment.Job instance at 0x14af9061d370>,3,2,[9 2],8,9,11,1,8
1,<environment.Job instance at 0x14af8bbcd0a0>,4,3,[2 7],9,11,14,2,9
1,<environment.Job instance at 0x14af8bbcdc30>,5,21,[10  2],12,14,35,2,12
1,<environment.Job instance at 0x14af8bbcd730>,7,3,[1 7],15,35,38,20,15
1,<environment.Job instance at 0x14af8bbcd6e0>,8,14,[2 5],17,38,52,21,23
1,<environment.Job instance at 0x14af8bbcdfa0>,12,1,[10  2],25,52,53,27,25
1,<environment.Job instance at 0x14af8bbcd690>,13,3,[2 9],26,53,56,27,27
1,<environment.Job instance at 0x14af8c9030a0>,15,12,[5 2],29,35,47,6,29
1,<environment.Job instance at 0x14af8bf9ce10>,18,3,[5 1],33,47,50,14,33
1,<environment.Job instance at 0x14af8bf1ebe0>,22,3,[8 1],37,53,56,16,43
1,<environment.Job instance at 0x14af8ef0baf0>,24,3,[9 2],39,56,59,17,43
1,<environment.Job instance at 0x14af8bbcd410>,10,2,[6 1],23,209,211,186,209
1,<environment.Job instance at 0x14af8c302190>,2,3,[6 2],6,6,9,0,6
1,<environment.Job instance at 0x14af90753aa0>,5,3,[9 1],9,9,12,0,9
1,<environment.Job instance at 0x14af907533c0>,6,1,[7 2],10,12,13,2,10
1,<environment.Job instance at 0x14af8bcbc410>,8,3,[9 2],14,14,17,0,14
1,<environment.Job instance at 0x14af8bcbc0f0>,9,2,[2 5],15,17,19,2,15
1,<environment.Job instance at 0x14af8bcbc140>,10,1,[1 9],16,19,20,3,16
1,<environment.Job instance at 0x14af90397550>,11,3,[1 7],17,20,23,3,17
1,<environment.Job instance at 0x14af903977d0>,12,1,[1 8],18,23,24,5,18
1,<environment.Job instance at 0x14af90397230>,13,20,[7 2],19,20,40,1,20
1,<environment.Job instance at 0x14af90397a50>,15,2,[2 6],21,24,26,3,21
1,<environment.Job instance at 0x14af8c8fb1e0>,16,3,[ 2 10],22,40,43,18,22
1,<environment.Job instance at 0x14af8c8fbaa0>,18,1,[8 1],26,43,44,17,26
1,<environment.Job instance at 0x14af8c8fbdc0>,19,3,[1 6],27,27,30,0,27
1,<environment.Job instance at 0x14af8bdc5eb0>,20,2,[1 6],28,30,32,2,28
1,<environment.Job instance at 0x14af8eea22d0>,32,18,[10  2],49,49,67,0,49
1,<environment.Job instance at 0x14af9028b460>,3,3,[5 1],4,4,7,0,4
1,<environment.Job instance at 0x14af8ef02960>,4,3,[1 7],5,5,8,0,5
1,<environment.Job instance at 0x14af8eea20f0>,5,3,[10  2],7,8,11,1,7
1,<environment.Job instance at 0x14af8ef02e10>,6,17,[9 2],9,11,28,2,9
1,<environment.Job instance at 0x14af8ef02e60>,11,1,[1 8],18,18,19,0,18
1,<environment.Job instance at 0x14af8ef025a0>,12,12,[7 2],19,28,40,9,19
1,<environment.Job instance at 0x14af966d1050>,14,2,[7 2],21,40,42,19,21
1,<environment.Job instance at 0x14af966d1140>,15,1,[ 2 10],22,42,43,20,22
1,<environment.Job instance at 0x14af966d1a00>,18,3,[10  1],27,43,46,16,27
1,<environment.Job instance at 0x14af966d1c80>,19,1,[9 2],28,46,47,18,28
1,<environment.Job instance at 0x14af966d16e0>,20,17,[8 1],29,47,64,18,35
1,<environment.Job instance at 0x14af8efaf910>,31,3,[1 7],43,52,55,9,52
1,<environment.Job instance at 0x14af8efaf190>,32,2,[6 1],44,64,66,20,52
1,<environment.Job instance at 0x14af8efafaf0>,33,3,[7 2],45,66,69,21,52
1,<environment.Job instance at 0x14af8efaf0a0>,34,2,[8 1],46,69,71,23,52
1,<environment.Job instance at 0x14af8efafcd0>,35,15,[8 2],47,71,86,24,57
1,<environment.Job instance at 0x14af8bdf73c0>,1,3,[6 1],2,2,5,0,2
1,<environment.Job instance at 0x14af8bb61b40>,3,3,[2 5],4,4,7,0,4
1,<environment.Job instance at 0x14af8bdf7b90>,4,3,[2 8],6,7,10,1,6
1,<environment.Job instance at 0x14af8be05c80>,11,13,[8 1],14,190,203,176,190
1,<environment.Job instance at 0x14af8be05320>,12,3,[2 8],15,190,193,175,190
1,<environment.Job instance at 0x14af8c0689b0>,17,3,[8 2],21,203,206,182,190
1,<environment.Job instance at 0x14af8c0680f0>,18,3,[ 2 10],22,206,209,184,190
1,<environment.Job instance at 0x14af8c06d730>,19,2,[9 1],24,209,211,185,190
1,<environment.Job instance at 0x14af8c06da00>,20,1,[2 5],25,193,194,168,190
1,<environment.Job instance at 0x14af8c068c80>,21,3,[1 8],27,194,197,167,190
1,<environment.Job instance at 0x14af8becf0a0>,22,2,[2 8],30,197,199,167,190
1,<environment.Job instance at 0x14af8c41a820>,24,15,[10  1],33,211,226,178,197
1,<environment.Job instance at 0x14af8c41a320>,25,3,[1 8],35,199,202,164,197
1,<environment.Job instance at 0x14af8c05d640>,27,3,[8 1],37,226,229,189,207
1,<environment.Job instance at 0x14af8c04ca50>,28,3,[10  1],38,229,232,191,207
1,<environment.Job instance at 0x14af8bf46910>,29,3,[1 8],39,226,229,187,207
1,<environment.Job instance at 0x14af8bf46a50>,31,2,[8 2],41,232,234,191,207
1,<environment.Job instance at 0x14af8bf21d70>,32,2,[8 1],42,234,236,192,207
1,<environment.Job instance at 0x14af8bf21910>,35,3,[ 2 10],47,236,239,189,210
1,<environment.Job instance at 0x14af8ef049b0>,1,3,[2 5],3,3,6,0,3
1,<environment.Job instance at 0x14af97212a50>,2,13,[1 5],4,4,17,0,4
1,<environment.Job instance at 0x14af8eebbc30>,5,1,[6 1],8,8,9,0,8
1,<environment.Job instance at 0x14af8eebbd70>,6,18,[8 2],9,9,27,0,9
1,<environment.Job instance at 0x14af8c04aeb0>,8,3,[2 6],11,17,20,6,11
1,<environment.Job instance at 0x14af8c04a500>,9,3,[2 6],12,20,23,8,12
1,<environment.Job instance at 0x14af8c04ad20>,10,1,[5 2],13,27,28,14,13
1,<environment.Job instance at 0x14af8c04a690>,11,3,[7 1],14,28,31,14,14
1,<environment.Job instance at 0x14af8c04aa50>,12,2,[2 6],15,23,25,8,15
1,<environment.Job instance at 0x14af8c04a3c0>,13,3,[2 7],17,25,28,8,17
1,<environment.Job instance at 0x14af8c04afa0>,14,18,[1 6],18,28,46,10,21
1,<environment.Job instance at 0x14af8fd47320>,0,3,[10  1],1,1,4,0,1
1,<environment.Job instance at 0x14af8c04afa0>,2,2,[10  1],4,4,6,0,4
1,<environment.Job instance at 0x14af9726e370>,4,1,[5 2],8,8,9,0,8
1,<environment.Job instance at 0x14af9726e870>,5,1,[8 1],9,9,10,0,9
1,<environment.Job instance at 0x14af8f08b370>,8,3,[2 7],15,15,18,0,15
1,<environment.Job instance at 0x14af8c608690>,9,3,[10  2],18,18,21,0,18
1,<environment.Job instance at 0x14afc158ff00>,11,3,[8 2],21,21,24,0,21
1,<environment.Job instance at 0x14af8c646aa0>,15,3,[9 1],27,27,30,0,27
1,<environment.Job instance at 0x14af8c12d730>,16,2,[9 1],29,30,32,1,29
1,<environment.Job instance at 0x14af8bc817d0>,18,3,[1 7],33,33,36,0,33
1,<environment.Job instance at 0x14af8c6a9c80>,19,1,[8 2],34,34,35,0,34
1,<environment.Job instance at 0x14af8bc05eb0>,20,2,[10  1],35,36,38,1,35
1,<environment.Job instance at 0x14af9073b910>,21,2,[10  1],36,38,40,2,36
1,<environment.Job instance at 0x14af9073b780>,22,16,[10  2],37,40,56,3,37
1,<environment.Job instance at 0x14af9073b230>,23,2,[2 5],38,56,58,18,38
1,<environment.Job instance at 0x14af8bdaa6e0>,24,1,[1 7],39,58,59,19,39
1,<environment.Job instance at 0x14af8bdaa0f0>,25,1,[2 9],40,59,60,19,40
1,<environment.Job instance at 0x14af8bdaae60>,26,3,[2 9],42,60,63,18,42
1,<environment.Job instance at 0x14af8bdaa280>,27,1,[9 2],43,58,59,15,43
1,<environment.Job instance at 0x14af8bdaae10>,30,3,[10  2],48,63,66,15,48
1,<environment.Job instance at 0x14af8bdaa5f0>,31,1,[10  2],49,66,67,17,49
1,<environment.Job instance at 0x14af8bc00f00>,14,1,[8 1],26,62,63,36,62
1,<environment.Job instance at 0x14af901acb40>,0,2,[10  1],1,1,3,0,1
1,<environment.Job instance at 0x14af9721aeb0>,4,3,[9 2],6,6,9,0,6
1,<environment.Job instance at 0x14af8bc00f00>,5,3,[10  2],8,9,12,1,8
1,<environment.Job instance at 0x14af9721ae10>,8,3,[ 2 10],12,12,15,0,12
1,<environment.Job instance at 0x14af9721a280>,11,3,[2 8],17,17,20,0,17
1,<environment.Job instance at 0x14af9721a460>,12,3,[9 1],18,20,23,2,18
1,<environment.Job instance at 0x14af8ced2460>,24,16,[ 2 10],35,35,51,0,35
1,<environment.Job instance at 0x14af915cb6e0>,26,3,[6 1],38,51,54,13,38
1,<environment.Job instance at 0x14af972abcd0>,29,3,[ 2 10],41,54,57,13,41
1,<environment.Job instance at 0x14af972d6aa0>,32,3,[2 9],45,51,54,6,45
1,<environment.Job instance at 0x14af972d6d20>,34,3,[1 7],47,57,60,10,47
1,<environment.Job instance at 0x14afc0ef72d0>,22,2,[2 6],32,286,288,254,286
1,<environment.Job instance at 0x14af94899910>,2,1,[10  1],3,3,4,0,3
1,<environment.Job instance at 0x14af965af7d0>,3,3,[1 7],5,5,8,0,5
1,<environment.Job instance at 0x14afc1586d20>,9,1,[8 1],13,13,14,0,13
1,<environment.Job instance at 0x14afc1586a50>,10,3,[1 6],14,14,17,0,14
1,<environment.Job instance at 0x14af8eec0690>,13,12,[5 1],19,19,31,0,19
1,<environment.Job instance at 0x14af8eec03c0>,14,16,[1 7],21,23,39,2,23
1,<environment.Job instance at 0x14af8eec05f0>,16,17,[6 1],25,31,48,6,25
1,<environment.Job instance at 0x14af8eec0d20>,17,3,[2 8],26,39,42,13,26
1,<environment.Job instance at 0x14afc0f10370>,20,1,[1 9],30,42,43,12,30
1,<environment.Job instance at 0x14af8bc8da00>,21,1,[1 5],31,43,44,12,31
1,<environment.Job instance at 0x14af967140a0>,23,3,[2 8],33,44,47,11,33
1,<environment.Job instance at 0x14af8fd6f4b0>,24,3,[2 9],34,47,50,13,34
1,<environment.Job instance at 0x14af8fd6f550>,25,15,[8 1],36,48,63,12,36
1,<environment.Job instance at 0x14af8fd6ffa0>,26,1,[2 7],37,50,51,13,37
1,<environment.Job instance at 0x14af8fd6f0f0>,27,1,[7 2],38,63,64,25,38
1,<environment.Job instance at 0x14af96741a50>,29,1,[ 2 10],40,64,65,24,40
1,<environment.Job instance at 0x14af96741b40>,30,2,[2 5],41,51,53,10,41
1,<environment.Job instance at 0x14af96fbb910>,32,1,[7 2],45,65,66,20,45
1,<environment.Job instance at 0x14af96fbb3c0>,33,1,[1 8],46,53,54,7,46
1,<environment.Job instance at 0x14af8fd64960>,34,2,[1 7],47,54,56,7,47
1,<environment.Job instance at 0x14af8fd64dc0>,6,2,[6 1],9,9,11,0,9
1,<environment.Job instance at 0x14af901f2230>,7,16,[6 1],10,11,27,1,10
1,<environment.Job instance at 0x14af8eddee10>,1,3,[10  1],2,27,30,25,12
1,<environment.Job instance at 0x14af901f2190>,8,1,[ 1 10],12,30,31,18,12
1,<environment.Job instance at 0x14af901f20f0>,9,3,[9 1],14,31,34,17,14
1,<environment.Job instance at 0x14af8ee095a0>,10,1,[8 2],16,34,35,18,16
1,<environment.Job instance at 0x14af8ee09410>,11,3,[1 5],17,17,20,0,17
1,<environment.Job instance at 0x14af8ee09780>,12,1,[10  1],19,35,36,16,19
1,<environment.Job instance at 0x14af8ee09870>,13,3,[8 1],20,36,39,16,20
1,<environment.Job instance at 0x14af8ee09aa0>,14,2,[8 1],21,39,41,18,21
1,<environment.Job instance at 0x14af8ee09d70>,16,3,[1 7],23,23,26,0,23
1,<environment.Job instance at 0x14af8ee09be0>,17,2,[5 1],24,41,43,17,24
1,<environment.Job instance at 0x14af8eff9730>,21,1,[8 2],29,43,44,14,29
1,<environment.Job instance at 0x14af8ee09cd0>,22,2,[7 1],30,44,46,14,30
1,<environment.Job instance at 0x14af8bf29a00>,23,1,[10  1],31,46,47,15,31
1,<environment.Job instance at 0x14af96613500>,25,2,[1 8],33,33,35,0,33
1,<environment.Job instance at 0x14af8c1a6730>,26,3,[2 5],34,36,39,2,34
1,<environment.Job instance at 0x14af8c1a6eb0>,27,18,[10  1],35,47,65,12,36
1,<environment.Job instance at 0x14af8f231f50>,33,2,[2 5],43,158,160,115,158
1,<environment.Job instance at 0x14af8ef78b40>,34,3,[1 5],46,158,161,112,158
1,<environment.Job instance at 0x14af8f1e6550>,35,1,[8 1],47,160,161,113,158
1,<environment.Job instance at 0x14af8ef78eb0>,36,2,[8 2],48,161,163,113,158
1,<environment.Job instance at 0x14af8ef78fa0>,37,14,[9 2],49,163,177,114,158
1,<environment.Job instance at 0x14af8c1a61e0>,28,2,[7 1],36,177,179,141,163
1,<environment.Job instance at 0x14af972e9780>,0,3,[1 5],1,1,4,0,1
1,<environment.Job instance at 0x14af8c0b5550>,2,16,[8 1],4,4,20,0,4
1,<environment.Job instance at 0x14af8bb264b0>,4,15,[8 2],6,20,35,14,6
1,<environment.Job instance at 0x14af8c289e60>,5,3,[1 7],8,8,11,0,8
1,<environment.Job instance at 0x14afc15e7460>,6,3,[7 1],9,35,38,26,9
1,<environment.Job instance at 0x14af96678be0>,12,16,[1 6],16,16,32,0,16
1,<environment.Job instance at 0x14af8bb616e0>,13,3,[2 6],18,32,35,14,18
1,<environment.Job instance at 0x14af90204af0>,14,14,[10  1],19,38,52,19,23
1,<environment.Job instance at 0x14af966771e0>,23,13,[ 2 10],32,52,65,20,38
1,<environment.Job instance at 0x14afc002e820>,26,1,[8 1],35,65,66,30,38
1,<environment.Job instance at 0x14afc002ec30>,27,18,[10  1],36,66,84,30,55
1,<environment.Job instance at 0x14af90724dc0>,33,3,[8 2],42,84,87,42,58
1,<environment.Job instance at 0x14af90724370>,36,14,[9 2],49,87,101,38,72
1,<environment.Job instance at 0x14af8c44be60>,0,16,[8 2],1,1,17,0,1
1,<environment.Job instance at 0x14af8bf8da00>,1,3,[1 5],2,2,5,0,2
1,<environment.Job instance at 0x14af90716500>,6,12,[9 1],8,17,29,9,8
1,<environment.Job instance at 0x14af90716460>,7,3,[9 2],10,29,32,19,10
1,<environment.Job instance at 0x14af8d924e60>,13,2,[8 1],17,32,34,15,17
1,<environment.Job instance at 0x14af8cd9d1e0>,15,3,[10  2],19,34,37,15,19
1,<environment.Job instance at 0x14af8cd9d190>,16,18,[2 5],20,37,55,17,26
1,<environment.Job instance at 0x14af8f1f0320>,22,13,[8 1],26,37,50,11,26
1,<environment.Job instance at 0x14af8f1f05a0>,23,1,[6 1],27,50,51,23,27
1,<environment.Job instance at 0x14af8bb2ebe0>,24,2,[ 1 10],28,55,57,27,28
1,<environment.Job instance at 0x14af8bbd79b0>,25,1,[5 1],29,51,52,22,29
1,<environment.Job instance at 0x14af8bb2ee60>,26,3,[5 2],30,52,55,22,30
1,<environment.Job instance at 0x14af8f289500>,28,3,[5 2],35,57,60,22,35
1,<environment.Job instance at 0x14af8c629370>,29,15,[10  2],36,60,75,24,46
1,<environment.Job instance at 0x14af8c629e60>,30,2,[8 2],37,75,77,38,48
1,<environment.Job instance at 0x14af8c6296e0>,32,1,[8 2],39,77,78,38,50
1,<environment.Job instance at 0x14af8f0ece60>,35,3,[9 1],44,78,81,34,52
1,<environment.Job instance at 0x14af973cb050>,37,2,[1 8],47,57,59,10,54
1,<environment.Job instance at 0x14af973cbdc0>,38,1,[5 1],48,59,60,11,54
1,<environment.Job instance at 0x14af973cbaf0>,39,14,[1 7],49,75,89,26,60
1,<environment.Job instance at 0x14af97229820>,9,3,[7 1],14,14,17,0,14
1,<environment.Job instance at 0x14af8bc05d20>,19,3,[1 6],29,546,549,517,546
1,<environment.Job instance at 0x14af8bc05c30>,20,3,[2 6],30,549,552,519,546
1,<environment.Job instance at 0x14af8bc052d0>,21,3,[2 5],31,552,555,521,546
1,<environment.Job instance at 0x14af8bc05960>,22,16,[7 2],32,546,562,514,546
1,<environment.Job instance at 0x14af8bc058c0>,23,12,[9 1],33,562,574,529,546
1,<environment.Job instance at 0x14af8bc051e0>,24,3,[7 2],35,574,577,539,548
1,<environment.Job instance at 0x14af8bc05140>,25,3,[1 6],37,555,558,518,548
1,<environment.Job instance at 0x14af8bc05f50>,26,2,[1 6],39,558,560,519,548
1,<environment.Job instance at 0x14af95f08af0>,27,2,[8 1],43,577,579,534,550
1,<environment.Job instance at 0x14af95f08b40>,28,3,[9 2],44,579,582,535,553
1,<environment.Job instance at 0x14af95f08f00>,29,1,[2 8],46,560,561,514,553
1,<environment.Job instance at 0x14af95f08690>,30,2,[10  1],47,582,584,535,555
1,<environment.Job instance at 0x14af8bc05410>,1,2,[7 2],4,5,7,1,5
1,<environment.Job instance at 0x14af8c5fb0f0>,3,14,[10  2],6,7,21,1,6
1,<environment.Job instance at 0x14af8c5fb870>,4,3,[2 6],7,21,24,14,7
1,<environment.Job instance at 0x14af8c5fbc80>,5,12,[6 1],10,21,33,11,10
1,<environment.Job instance at 0x14af8c5fb140>,6,18,[1 6],11,24,42,13,13
1,<environment.Job instance at 0x14af97338230>,8,3,[1 9],16,42,45,26,16
1,<environment.Job instance at 0x14af8bd82780>,12,14,[10  1],21,45,59,24,30
1,<environment.Job instance at 0x14af8bd8ab90>,19,1,[7 1],31,33,34,2,31
1,<environment.Job instance at 0x14af8bef0e10>,20,2,[10  1],32,59,61,27,32
1,<environment.Job instance at 0x14af8bef06e0>,22,3,[6 2],34,34,37,0,34
1,<environment.Job instance at 0x14af8bc72960>,28,3,[2 7],46,61,64,15,46
1,<environment.Job instance at 0x14af8bc729b0>,29,3,[2 9],47,64,67,17,47
1,<environment.Job instance at 0x14af9732d410>,30,3,[6 1],49,61,64,12,49
1,<environment.Job instance at 0x14af8bc7b140>,8,3,[6 2],10,10,13,0,10
1,<environment.Job instance at 0x14af8bc7baf0>,9,3,[5 2],12,13,16,1,12
1,<environment.Job instance at 0x14af8bc7bc30>,11,17,[9 1],14,16,33,2,14
1,<environment.Job instance at 0x14af8bc7b6e0>,12,2,[2 8],17,33,35,16,17
1,<environment.Job instance at 0x14af903574b0>,15,17,[7 2],21,33,50,12,21
1,<environment.Job instance at 0x14af90357730>,20,1,[6 1],29,50,51,21,32
1,<environment.Job instance at 0x14af90357cd0>,21,1,[8 1],30,51,52,21,32
1,<environment.Job instance at 0x14af90357370>,22,1,[5 1],33,52,53,19,33
1,<environment.Job instance at 0x14af90357dc0>,23,2,[1 9],34,50,52,16,34
1,<environment.Job instance at 0x14af90357190>,24,3,[ 2 10],36,53,56,17,36
1,<environment.Job instance at 0x14af90357230>,25,2,[7 1],38,56,58,18,38
1,<environment.Job instance at 0x14af8d8f5d70>,28,3,[1 9],44,56,59,12,44
1,<environment.Job instance at 0x14af8c4ddfa0>,7,1,[5 2],11,12,13,1,12
1,<environment.Job instance at 0x14af8c4dd2d0>,9,3,[1 5],13,13,16,0,13
1,<environment.Job instance at 0x14af8c4dd140>,10,14,[1 7],14,16,30,2,14
1,<environment.Job instance at 0x14af8c4dd370>,12,12,[5 2],17,17,29,0,17
1,<environment.Job instance at 0x14af95f289b0>,18,1,[7 2],26,29,30,3,26
1,<environment.Job instance at 0x14af8c568870>,19,15,[7 1],27,30,45,3,27
1,<environment.Job instance at 0x14af8ef02dc0>,20,13,[5 2],33,45,58,12,33
1,<environment.Job instance at 0x14af8bfed690>,21,3,[1 9],34,34,37,0,34
1,<environment.Job instance at 0x14af8c8fde60>,23,14,[7 1],39,58,72,19,43
1,<environment.Job instance at 0x14af8efe65f0>,28,14,[10  2],49,72,86,23,57
1,<environment.Job instance at 0x14af8efe62d0>,1,3,[1 6],2,2,5,0,2
1,<environment.Job instance at 0x14af8bf9b280>,2,1,[8 1],3,3,4,0,3
1,<environment.Job instance at 0x14af9031b0a0>,3,1,[6 1],4,5,6,1,5
1,<environment.Job instance at 0x14af9038bbe0>,5,3,[10  2],12,12,15,0,12
1,<environment.Job instance at 0x14af9038b640>,7,1,[2 8],14,15,16,1,14
1,<environment.Job instance at 0x14af9038bdc0>,8,2,[9 1],17,17,19,0,17
1,<environment.Job instance at 0x14af9038beb0>,10,13,[7 2],21,21,34,0,21
1,<environment.Job instance at 0x14af9038bf00>,11,2,[6 2],22,34,36,12,22
1,<environment.Job instance at 0x14af9038b6e0>,12,3,[5 2],27,36,39,9,27
1,<environment.Job instance at 0x14af903baeb0>,13,3,[ 2 10],28,39,42,11,28
1,<environment.Job instance at 0x14af903ba0f0>,14,3,[1 5],30,30,33,0,30
1,<environment.Job instance at 0x14af9038c140>,0,3,[2 5],4,4,7,0,4
1,<environment.Job instance at 0x14af8ef5b960>,4,15,[1 5],10,10,25,0,10
1,<environment.Job instance at 0x14af8ef5baa0>,6,2,[6 2],12,12,14,0,12
1,<environment.Job instance at 0x14af8ef5beb0>,7,3,[2 6],13,25,28,12,13
1,<environment.Job instance at 0x14af8ef5b2d0>,9,1,[2 5],15,15,16,0,15
1,<environment.Job instance at 0x14af8ef5b280>,10,1,[2 8],16,28,29,12,16
1,<environment.Job instance at 0x14af8ef5bc80>,11,2,[10  1],17,29,31,12,17
1,<environment.Job instance at 0x14af8f175f50>,12,2,[7 1],18,18,20,0,18
1,<environment.Job instance at 0x14af8f175190>,13,2,[7 2],19,20,22,1,19
1,<environment.Job instance at 0x14af8f175780>,14,1,[9 2],20,22,23,2,20
1,<environment.Job instance at 0x14af8f2b14b0>,16,3,[9 1],23,31,34,8,23
1,<environment.Job instance at 0x14af8edc0410>,18,3,[2 9],26,34,37,8,26
1,<environment.Job instance at 0x14af8f29e320>,19,2,[1 9],28,31,33,3,29
1,<environment.Job instance at 0x14af8bf1ffa0>,21,3,[9 1],31,38,41,7,38
1,<environment.Job instance at 0x14af8c2e11e0>,26,17,[1 6],40,63,80,23,63
1,<environment.Job instance at 0x14af8c2e1a00>,28,12,[1 7],42,80,92,38,66
1,<environment.Job instance at 0x14af9671c5f0>,30,3,[9 1],47,79,82,32,79
1,<environment.Job instance at 0x14af9671c910>,32,2,[7 1],49,82,84,33,79
1,<environment.Job instance at 0x14af8c2e18c0>,24,1,[2 5],38,193,194,155,193
1,<environment.Job instance at 0x14af8c2e14b0>,3,3,[1 7],4,4,7,0,4
1,<environment.Job instance at 0x14af95f3bfa0>,6,3,[1 9],7,7,10,0,7
1,<environment.Job instance at 0x14af972e2370>,7,3,[8 1],8,8,11,0,8
1,<environment.Job instance at 0x14af972e20a0>,9,3,[1 9],12,12,15,0,12
1,<environment.Job instance at 0x14af8cd72500>,10,1,[9 1],13,13,14,0,13
1,<environment.Job instance at 0x14af8cd72280>,11,3,[1 7],14,15,18,1,14
1,<environment.Job instance at 0x14af8cd72230>,15,3,[9 2],19,19,22,0,19
1,<environment.Job instance at 0x14af8cd72550>,20,1,[6 2],24,26,27,2,26
1,<environment.Job instance at 0x14af9736bc80>,21,3,[7 2],26,27,30,1,26
1,<environment.Job instance at 0x14af8cd723c0>,22,13,[1 6],27,27,40,0,27
1,<environment.Job instance at 0x14af96599910>,23,19,[5 1],28,30,49,2,28
1,<environment.Job instance at 0x14af8cdd90a0>,24,1,[5 2],30,40,41,10,30
1,<environment.Job instance at 0x14af90612690>,25,3,[1 8],32,41,44,9,32
1,<environment.Job instance at 0x14af8f2a6280>,26,16,[ 1 10],33,49,65,16,36
1,<environment.Job instance at 0x14af96731640>,28,15,[2 8],35,65,80,30,52
1,<environment.Job instance at 0x14af96731820>,29,1,[1 5],37,80,81,43,52
1,<environment.Job instance at 0x14af8f170460>,30,1,[7 2],38,65,66,27,52
1,<environment.Job instance at 0x14af9035b780>,31,3,[ 2 10],40,81,84,41,55
1,<environment.Job instance at 0x14af8c1b5780>,32,1,[6 2],41,66,67,25,55
1,<environment.Job instance at 0x14af8c1b5eb0>,33,3,[10  2],43,84,87,41,58
1,<environment.Job instance at 0x14af8c0cdeb0>,34,3,[2 7],45,87,90,42,61
1,<environment.Job instance at 0x14af8cd72e60>,13,16,[10  1],16,137,153,121,137
1,<environment.Job instance at 0x14af96562eb0>,18,1,[9 1],22,254,255,232,254
1,<environment.Job instance at 0x14af96746fa0>,2,16,[6 1],4,5,21,1,5
1,<environment.Job instance at 0x14af8efeec80>,4,2,[ 2 10],6,21,23,15,6
1,<environment.Job instance at 0x14af8efee370>,5,1,[1 6],7,7,8,0,7
1,<environment.Job instance at 0x14af8efee640>,3,1,[8 2],5,23,24,18,7
1,<environment.Job instance at 0x14af8be1ed20>,8,3,[7 1],14,24,27,10,14
1,<environment.Job instance at 0x14af8be1e3c0>,11,3,[2 9],17,17,20,0,17
1,<environment.Job instance at 0x14af8be1e2d0>,12,14,[ 1 10],18,27,41,9,18
1,<environment.Job instance at 0x14af8bbbaeb0>,18,2,[2 6],26,41,43,15,26
1,<environment.Job instance at 0x14af8be1ea00>,20,2,[8 1],30,41,43,11,30
1,<environment.Job instance at 0x14af948a8dc0>,24,3,[2 7],36,43,46,7,36
1,<environment.Job instance at 0x14af97268b40>,25,14,[1 9],38,46,60,8,38
1,<environment.Job instance at 0x14af9729b5a0>,31,3,[1 8],48,60,63,12,50
1,<environment.Job instance at 0x14af8c2c2550>,0,3,[2 9],2,2,5,0,2
1,<environment.Job instance at 0x14af97229e10>,2,3,[7 1],6,6,9,0,6
1,<environment.Job instance at 0x14af8bb0b500>,3,3,[ 2 10],9,9,12,0,9
1,<environment.Job instance at 0x14af8bb0b0f0>,4,3,[7 2],11,12,15,1,11
1,<environment.Job instance at 0x14af97388a00>,5,3,[9 2],13,15,18,2,13
1,<environment.Job instance at 0x14af97388c80>,6,3,[1 6],16,16,19,0,16
1,<environment.Job instance at 0x14af97388910>,7,13,[1 5],17,19,32,2,17
1,<environment.Job instance at 0x14af8c5b2320>,10,3,[1 8],20,32,35,12,20
1,<environment.Job instance at 0x14af8cdbc9b0>,13,17,[10  2],25,35,52,10,25
1,<environment.Job instance at 0x14af9027e140>,14,3,[9 2],26,26,29,0,26
1,<environment.Job instance at 0x14af8bf33730>,18,13,[8 1],34,52,65,18,36
1,<environment.Job instance at 0x14af8bf33d20>,20,17,[2 7],38,52,69,14,41
1,<environment.Job instance at 0x14af8bf33550>,23,2,[1 8],41,69,71,28,42
1,<environment.Job instance at 0x14af8bf335a0>,24,1,[8 2],43,65,66,22,43
1,<environment.Job instance at 0x14af95f2c640>,27,2,[7 2],47,66,68,19,47
1,<environment.Job instance at 0x14af96573690>,0,3,[8 1],2,2,5,0,2
1,<environment.Job instance at 0x14af965854b0>,3,15,[10  1],6,6,21,0,6
1,<environment.Job instance at 0x14af96585730>,6,15,[5 2],10,21,36,11,10
1,<environment.Job instance at 0x14af96585500>,8,2,[5 2],13,21,23,8,13
1,<environment.Job instance at 0x14af965855f0>,9,2,[6 2],14,36,38,22,14
1,<environment.Job instance at 0x14af965852d0>,10,3,[2 5],15,23,26,8,15
1,<environment.Job instance at 0x14af96585dc0>,11,12,[5 2],16,38,50,22,21
1,<environment.Job instance at 0x14af965853c0>,12,14,[2 8],18,27,41,9,27
1,<environment.Job instance at 0x14af8cdce370>,19,15,[7 2],28,50,65,22,36
1,<environment.Job instance at 0x14af972a15f0>,23,2,[8 2],33,65,67,32,38
1,<environment.Job instance at 0x14af972a1780>,24,14,[2 8],34,41,55,7,38
1,<environment.Job instance at 0x14af972a1640>,25,2,[6 2],35,67,69,32,40
1,<environment.Job instance at 0x14af972a19b0>,26,16,[5 1],38,69,85,31,56
1,<environment.Job instance at 0x14af8be91fa0>,29,1,[10  2],41,85,86,44,64
1,<environment.Job instance at 0x14af8be91280>,30,3,[1 7],44,64,67,20,64
1,<environment.Job instance at 0x14af8be91910>,31,1,[6 2],45,86,87,41,64
1,<environment.Job instance at 0x14af8be91550>,33,2,[7 2],47,87,89,40,64
1,<environment.Job instance at 0x14af965cb190>,34,13,[6 1],48,89,102,41,73
1,<environment.Job instance at 0x14af8ce010f0>,1,17,[8 1],3,3,20,0,3
1,<environment.Job instance at 0x14af8ce01f50>,2,1,[ 2 10],5,20,21,15,5
1,<environment.Job instance at 0x14af8c2985a0>,4,16,[8 1],10,21,37,11,10
1,<environment.Job instance at 0x14af8ef023c0>,7,3,[2 8],16,16,19,0,16
1,<environment.Job instance at 0x14af8ef02b40>,9,3,[2 6],18,21,24,3,18
1,<environment.Job instance at 0x14af8bb1bcd0>,12,3,[2 8],23,24,27,1,23
1,<environment.Job instance at 0x14af8f280910>,14,2,[5 1],25,37,39,12,25
1,<environment.Job instance at 0x14af8f264190>,6,1,[2 5],12,27,28,15,27
1,<environment.Job instance at 0x14af8c0030a0>,17,12,[1 7],29,29,41,0,29
1,<environment.Job instance at 0x14af8bb1b780>,18,1,[7 1],30,39,40,9,30
1,<environment.Job instance at 0x14af8bfe4f50>,22,2,[7 1],34,40,42,6,34
1,<environment.Job instance at 0x14af8bfe4140>,23,1,[1 6],36,41,42,5,36
1,<environment.Job instance at 0x14af8f287960>,24,2,[6 2],37,42,44,5,37
1,<environment.Job instance at 0x14af8f287870>,25,2,[10  2],39,44,46,5,39
1,<environment.Job instance at 0x14af8f287eb0>,26,2,[2 7],43,46,48,3,43
1,<environment.Job instance at 0x14af8f287fa0>,27,3,[8 1],44,46,49,2,44
1,<environment.Job instance at 0x14af8f28b9b0>,28,1,[8 2],46,49,50,3,46
1,<environment.Job instance at 0x14af8f28beb0>,29,3,[8 2],48,50,53,2,48
1,<environment.Job instance at 0x14af906ed2d0>,0,3,[2 7],1,1,4,0,1
1,<environment.Job instance at 0x14af915d4e60>,5,2,[9 1],9,9,11,0,9
1,<environment.Job instance at 0x14af915d4c80>,6,12,[8 1],10,11,23,1,10
1,<environment.Job instance at 0x14af915d4b40>,7,12,[7 1],11,23,35,12,11
1,<environment.Job instance at 0x14af915d4410>,8,3,[10  1],12,35,38,23,12
1,<environment.Job instance at 0x14af915d4820>,9,3,[7 1],13,38,41,25,13
1,<environment.Job instance at 0x14af8ef3dbe0>,17,1,[7 2],26,553,554,527,553
1,<environment.Job instance at 0x14af8ef3dd20>,18,3,[1 7],27,553,556,526,553
1,<environment.Job instance at 0x14af8ef3d050>,19,1,[2 9],28,556,557,528,553
1,<environment.Job instance at 0x14af8ef3d140>,20,3,[1 8],30,557,560,527,553
1,<environment.Job instance at 0x14af8ef3d730>,22,1,[1 6],36,560,561,524,553
1,<environment.Job instance at 0x14af8ef3d280>,24,2,[6 2],39,554,556,515,553
1,<environment.Job instance at 0x14af8ef3df00>,25,3,[1 6],40,561,564,521,553
1,<environment.Job instance at 0x14af8ef3db90>,27,3,[ 2 10],42,564,567,522,554
1,<environment.Job instance at 0x14af8ef3deb0>,28,3,[6 2],43,557,560,514,554
1,<environment.Job instance at 0x14af8ef3d460>,29,1,[9 2],47,560,561,513,554
1,<environment.Job instance at 0x14af8ef3daa0>,30,1,[2 9],48,567,568,519,554
1,<environment.Job instance at 0x14af8ef3d0a0>,31,18,[2 7],49,568,586,519,557
1,<environment.Job instance at 0x14af8f204690>,5,1,[8 2],9,65,66,56,65
1,<environment.Job instance at 0x14af8f204550>,6,1,[1 6],10,65,66,55,65
1,<environment.Job instance at 0x14af8f204be0>,7,2,[1 8],11,66,68,55,65
1,<environment.Job instance at 0x14af8bc94eb0>,8,16,[9 2],12,66,82,54,65
1,<environment.Job instance at 0x14af8f2040f0>,10,1,[5 1],14,82,83,68,65
1,<environment.Job instance at 0x14af8c3fce10>,11,2,[2 7],15,82,84,67,65
1,<environment.Job instance at 0x14af8f204f50>,12,2,[9 1],16,84,86,68,65
1,<environment.Job instance at 0x14af972aba50>,13,1,[1 8],17,68,69,51,65
1,<environment.Job instance at 0x14af972abaa0>,14,2,[10  2],18,86,88,68,65
1,<environment.Job instance at 0x14af972ab6e0>,15,1,[9 2],19,88,89,69,65
1,<environment.Job instance at 0x14af972ab0a0>,17,1,[10  1],22,89,90,67,71
1,<environment.Job instance at 0x14af915d0af0>,19,2,[2 9],26,90,92,64,74
1,<environment.Job instance at 0x14af972abaf0>,20,3,[9 1],27,92,95,65,74
1,<environment.Job instance at 0x14af948b9c80>,22,1,[1 6],29,84,85,55,83
1,<environment.Job instance at 0x14af8c1cb370>,23,17,[1 9],31,92,109,61,83
1,<environment.Job instance at 0x14af966ab820>,27,2,[2 8],35,135,137,100,135
1,<environment.Job instance at 0x14af966ab370>,28,14,[9 1],36,137,151,101,135
1,<environment.Job instance at 0x14af966abfa0>,29,16,[5 1],38,151,167,113,138
1,<environment.Job instance at 0x14af903e71e0>,31,3,[7 2],41,167,170,126,146
1,<environment.Job instance at 0x14af8f1974b0>,32,2,[2 7],42,151,153,109,146
1,<environment.Job instance at 0x14af8bb38eb0>,33,3,[2 9],44,153,156,109,146
1,<environment.Job instance at 0x14af8f197460>,34,1,[10  2],45,170,171,125,146
1,<environment.Job instance at 0x14af8c333320>,36,1,[9 2],49,171,172,122,146
1,<environment.Job instance at 0x14af8bda9af0>,1,3,[6 2],5,172,175,167,168
1,<environment.Job instance at 0x14af8f01c230>,2,1,[ 1 10],6,6,7,0,6
1,<environment.Job instance at 0x14af8bced6e0>,3,1,[2 6],7,7,8,0,7
1,<environment.Job instance at 0x14af8f177d20>,4,1,[2 6],8,8,9,0,8
1,<environment.Job instance at 0x14af8f177af0>,5,16,[10  2],10,10,26,0,10
1,<environment.Job instance at 0x14af8f177280>,6,12,[1 9],11,26,38,15,11
1,<environment.Job instance at 0x14af8f192190>,7,1,[7 2],12,38,39,26,12
1,<environment.Job instance at 0x14af8f192550>,9,2,[1 9],14,39,41,25,14
1,<environment.Job instance at 0x14af8f1928c0>,10,1,[5 1],15,26,27,11,15
1,<environment.Job instance at 0x14af8f2045a0>,11,3,[6 2],17,41,44,24,17
1,<environment.Job instance at 0x14af8f189b90>,12,2,[2 7],18,41,43,23,18
1,<environment.Job instance at 0x14afc1583e10>,18,3,[ 2 10],25,44,47,19,25
1,<environment.Job instance at 0x14af903fce10>,22,2,[5 1],29,30,32,1,30
1,<environment.Job instance at 0x14af8f0e1f50>,23,12,[1 9],32,47,59,15,32
1,<environment.Job instance at 0x14af95f3fb40>,26,3,[8 2],35,59,62,24,35
1,<environment.Job instance at 0x14af973dd0a0>,27,3,[1 7],36,59,62,23,36
1,<environment.Job instance at 0x14af972629b0>,28,2,[9 2],37,62,64,25,37
1,<environment.Job instance at 0x14af972cd0a0>,29,2,[7 1],38,39,41,1,38
1,<environment.Job instance at 0x14afc157e870>,30,1,[1 6],39,43,44,4,39
1,<environment.Job instance at 0x14afc157e960>,32,1,[1 9],41,64,65,23,42
1,<environment.Job instance at 0x14afc157ef50>,34,3,[5 1],43,49,52,6,49
1,<environment.Job instance at 0x14afc157e7d0>,35,15,[7 2],44,65,80,21,51
1,<environment.Job instance at 0x14afc157ec30>,36,2,[1 6],47,62,64,15,51
1,<environment.Job instance at 0x14af92e406e0>,20,1,[ 2 10],27,250,251,223,250
1,<environment.Job instance at 0x14af8c058aa0>,5,3,[10  1],11,18,21,7,18
1,<environment.Job instance at 0x14af8c0582d0>,6,2,[1 6],12,21,23,9,18
1,<environment.Job instance at 0x14af8c0585a0>,7,2,[5 2],13,21,23,8,18
1,<environment.Job instance at 0x14af8c058e60>,8,1,[5 1],14,23,24,9,18
1,<environment.Job instance at 0x14af8c058960>,9,3,[8 1],15,24,27,9,18
1,<environment.Job instance at 0x14af8c058c30>,10,3,[10  1],16,27,30,11,18
1,<environment.Job instance at 0x14af92e406e0>,12,3,[9 2],20,30,33,10,20
1,<environment.Job instance at 0x14af8f0fa0f0>,13,3,[5 1],21,33,36,12,21
1,<environment.Job instance at 0x14af8f0fa500>,14,2,[5 1],23,33,35,10,23
1,<environment.Job instance at 0x14af8f0facd0>,15,3,[1 9],24,24,27,0,24
1,<environment.Job instance at 0x14af965ffd20>,16,2,[1 9],25,35,37,10,25
1,<environment.Job instance at 0x14af965ff5a0>,17,3,[ 2 10],26,37,40,11,26
1,<environment.Job instance at 0x14af8bb2fc30>,18,3,[2 6],27,40,43,13,27
1,<environment.Job instance at 0x14afc156daa0>,20,2,[1 8],29,30,32,1,29
1,<environment.Job instance at 0x14af96643550>,21,2,[7 1],30,40,42,10,30
1,<environment.Job instance at 0x14afc156d8c0>,22,2,[2 9],31,43,45,12,31
1,<environment.Job instance at 0x14af8ce12be0>,23,1,[1 7],32,32,33,0,32
1,<environment.Job instance at 0x14af8c2090a0>,24,2,[7 1],33,42,44,9,33
1,<environment.Job instance at 0x14af8eff8f00>,25,13,[8 2],34,45,58,11,34
1,<environment.Job instance at 0x14af9036fe60>,26,3,[2 6],35,45,48,10,35
1,<environment.Job instance at 0x14af8c37d500>,27,3,[6 2],37,58,61,21,37
1,<environment.Job instance at 0x14af8c37d140>,28,3,[1 9],38,61,64,23,38
1,<environment.Job instance at 0x14af8c37d690>,29,3,[1 7],40,48,51,8,40
1,<environment.Job instance at 0x14af8c37d280>,30,2,[2 7],42,51,53,9,42
1,<environment.Job instance at 0x14af8c37d3c0>,32,2,[5 1],44,61,63,17,44
1,<environment.Job instance at 0x14afe0192af0>,35,3,[10  2],49,64,67,15,49
1,<environment.Job instance at 0x14af8f1ad5a0>,4,3,[ 1 10],6,6,9,0,6
1,<environment.Job instance at 0x14af96731870>,8,18,[1 6],14,14,32,0,14
1,<environment.Job instance at 0x14af8cd8d0a0>,9,3,[10  2],15,32,35,17,15
1,<environment.Job instance at 0x14af8cd8ddc0>,10,13,[9 1],16,16,29,0,16
1,<environment.Job instance at 0x14af9720f1e0>,12,1,[10  2],18,35,36,17,18
1,<environment.Job instance at 0x14af9720f6e0>,14,3,[6 1],20,29,32,9,20
1,<environment.Job instance at 0x14af901e82d0>,15,13,[2 5],22,36,49,14,22
1,<environment.Job instance at 0x14af8f087f50>,17,3,[1 7],25,49,52,24,25
1,<environment.Job instance at 0x14af8bf33820>,19,3,[9 2],28,49,52,21,28
1,<environment.Job instance at 0x14af8eda4a50>,21,12,[2 7],33,52,64,19,35
1,<environment.Job instance at 0x14af973e4230>,24,3,[2 6],36,64,67,28,38
1,<environment.Job instance at 0x14af901dae10>,25,3,[8 1],37,38,41,1,38
1,<environment.Job instance at 0x14af8f26e730>,26,1,[6 1],38,41,42,3,38
1,<environment.Job instance at 0x14af901e1b40>,27,3,[6 1],39,42,45,3,39
1,<environment.Job instance at 0x14af901e15f0>,28,3,[9 1],40,67,70,27,41
1,<environment.Job instance at 0x14af901e1550>,29,3,[2 9],41,70,73,29,44
1,<environment.Job instance at 0x14af8bd231e0>,31,1,[10  2],45,73,74,28,45
1,<environment.Job instance at 0x14af8bd23a00>,32,1,[5 1],46,46,47,0,46
1,<environment.Job instance at 0x14af972c6af0>,33,3,[1 8],47,67,70,20,47
1,<environment.Job instance at 0x14af8f1ad780>,7,1,[10  2],9,809,810,800,809
1,<environment.Job instance at 0x14af901f1960>,2,16,[8 1],5,5,21,0,5
1,<environment.Job instance at 0x14af8c3ae2d0>,3,3,[8 2],6,21,24,15,6
1,<environment.Job instance at 0x14af8c3ae640>,6,3,[5 1],9,24,27,15,9
1,<environment.Job instance at 0x14af8c3aef00>,8,2,[6 2],15,27,29,12,15
1,<environment.Job instance at 0x14af9659dc80>,10,13,[9 2],18,29,42,11,18
1,<environment.Job instance at 0x14af8f0ab4b0>,16,1,[10  1],25,42,43,17,25
1,<environment.Job instance at 0x14af8bf506e0>,17,2,[5 1],26,43,45,17,26
1,<environment.Job instance at 0x14af8c1e8c80>,19,12,[5 2],28,43,55,15,28
1,<environment.Job instance at 0x14af8c2cfeb0>,20,3,[9 2],30,55,58,25,30
1,<environment.Job instance at 0x14af8ee13c30>,26,3,[1 6],40,45,48,5,40
1,<environment.Job instance at 0x14af8ee137d0>,27,3,[1 9],41,58,61,17,41
1,<environment.Job instance at 0x14af8c4d0460>,0,3,[6 2],2,2,5,0,2
1,<environment.Job instance at 0x14af9739b960>,1,3,[2 5],4,4,7,0,4
1,<environment.Job instance at 0x14af9739b5a0>,3,1,[2 6],7,7,8,0,7
1,<environment.Job instance at 0x14afc157e230>,4,2,[9 1],8,8,10,0,8
1,<environment.Job instance at 0x14afc157eb40>,5,16,[ 1 10],10,11,27,1,11
1,<environment.Job instance at 0x14af8f15bdc0>,10,3,[7 2],16,27,30,11,16
1,<environment.Job instance at 0x14af8f15baf0>,11,16,[1 8],17,27,43,10,17
1,<environment.Job instance at 0x14af96593e60>,15,3,[6 2],23,30,33,7,23
1,<environment.Job instance at 0x14af902f7aa0>,23,3,[6 1],33,33,36,0,33
1,<environment.Job instance at 0x14af8eeb34b0>,24,16,[6 2],34,36,52,2,34
1,<environment.Job instance at 0x14af8eeb39b0>,26,3,[1 6],37,43,46,6,37
1,<environment.Job instance at 0x14af96560320>,30,14,[10  2],42,52,66,10,42
1,<environment.Job instance at 0x14afc1570050>,34,3,[2 7],46,46,49,0,46
1,<environment.Job instance at 0x14af8bf9da00>,0,3,[9 1],1,1,4,0,1
1,<environment.Job instance at 0x14af8bf14eb0>,4,17,[8 1],6,6,23,0,6
1,<environment.Job instance at 0x14af8bf14d70>,6,3,[9 1],8,23,26,15,8
1,<environment.Job instance at 0x14af8bf14370>,7,3,[9 1],9,26,29,17,9
1,<environment.Job instance at 0x14af8bf14f50>,12,3,[ 1 10],17,31,34,14,31
1,<environment.Job instance at 0x14af8bf147d0>,13,1,[7 1],18,34,35,16,31
1,<environment.Job instance at 0x14af8bf142d0>,15,12,[5 1],23,35,47,12,31
1,<environment.Job instance at 0x14af8bf14230>,16,3,[9 2],24,47,50,23,31
1,<environment.Job instance at 0x14af8bf145a0>,17,3,[8 1],26,50,53,24,31
1,<environment.Job instance at 0x14af8bf14820>,19,2,[5 1],29,38,40,9,38
1,<environment.Job instance at 0x14af8bf14050>,20,3,[1 9],31,40,43,9,38
1,<environment.Job instance at 0x14af8e361d20>,21,22,[1 7],32,43,65,11,38
1,<environment.Job instance at 0x14af8e3617d0>,22,1,[10  2],35,65,66,30,38
1,<environment.Job instance at 0x14af8e361be0>,24,3,[8 1],37,53,56,16,45
1,<environment.Job instance at 0x14af8e361a50>,25,1,[1 6],38,66,67,28,45
1,<environment.Job instance at 0x14af8e361c80>,26,1,[2 7],39,67,68,28,45
1,<environment.Job instance at 0x14af8e3619b0>,27,2,[ 1 10],40,68,70,28,45
1,<environment.Job instance at 0x14af8e361910>,28,1,[7 1],41,56,57,15,45
1,<environment.Job instance at 0x14af8e361af0>,29,2,[9 1],42,57,59,15,45
1,<environment.Job instance at 0x14af8e361140>,30,1,[5 1],44,59,60,15,45
1,<environment.Job instance at 0x14af8e3614b0>,31,1,[2 7],45,70,71,25,45
1,<environment.Job instance at 0x14af901951e0>,32,15,[5 1],46,70,85,24,56
1,<environment.Job instance at 0x14af90195c30>,34,1,[6 2],48,60,61,12,57
1,<environment.Job instance at 0x14af8bf140a0>,1,2,[1 9],2,2,4,0,2
1,<environment.Job instance at 0x14af8f1e3b90>,3,1,[5 1],8,8,9,0,8
1,<environment.Job instance at 0x14af8bd3f190>,5,1,[5 1],10,10,11,0,10
1,<environment.Job instance at 0x14af8be220a0>,9,13,[6 1],17,18,31,1,18
1,<environment.Job instance at 0x14af906a3c80>,11,13,[5 2],19,31,44,12,19
1,<environment.Job instance at 0x14af8bd3f6e0>,12,13,[9 2],20,44,57,24,28
1,<environment.Job instance at 0x14af8bcc6f00>,16,17,[1 8],25,29,46,4,29
1,<environment.Job instance at 0x14af9736df50>,19,1,[ 2 10],29,57,58,28,29
1,<environment.Job instance at 0x14af8c5b7f50>,20,3,[2 9],30,58,61,28,32
1,<environment.Job instance at 0x14af8bcc6280>,21,3,[1 6],31,46,49,15,32
1,<environment.Job instance at 0x14af8f01f6e0>,23,2,[ 1 10],33,61,63,28,51
1,<environment.Job instance at 0x14af8efe6cd0>,26,14,[1 8],37,63,77,26,51
1,<environment.Job instance at 0x14af8efe64b0>,27,3,[7 2],38,63,66,25,51
1,<environment.Job instance at 0x14af8efe6d20>,28,2,[7 1],39,58,60,19,51
1,<environment.Job instance at 0x14af8c59d370>,29,1,[9 2],40,66,67,26,51
1,<environment.Job instance at 0x14af8c59df00>,30,2,[5 1],41,67,69,26,51
1,<environment.Job instance at 0x14af8c59d460>,32,3,[1 5],44,52,55,8,52
1,<environment.Job instance at 0x14af8c59daf0>,33,15,[10  1],45,77,92,32,63
1,<environment.Job instance at 0x14af8ee15eb0>,0,3,[8 2],3,3,6,0,3
1,<environment.Job instance at 0x14af901fbd70>,2,3,[2 5],6,6,9,0,6
1,<environment.Job instance at 0x14af8bfee820>,3,1,[1 6],7,9,10,2,7
1,<environment.Job instance at 0x14af8bfeea00>,4,2,[8 1],8,8,10,0,8
1,<environment.Job instance at 0x14af8e387d20>,6,2,[7 2],10,10,12,0,10
1,<environment.Job instance at 0x14af8e3870f0>,7,2,[7 1],11,12,14,1,11
1,<environment.Job instance at 0x14af8e387870>,11,2,[1 5],15,15,17,0,15
1,<environment.Job instance at 0x14af8e387910>,12,2,[6 1],16,16,18,0,16
1,<environment.Job instance at 0x14af8e387280>,13,3,[2 8],17,17,20,0,17
1,<environment.Job instance at 0x14af8e387f00>,14,3,[1 7],18,20,23,2,18
1,<environment.Job instance at 0x14af8e387320>,15,3,[1 8],20,23,26,3,20
1,<environment.Job instance at 0x14af8e387eb0>,16,3,[7 1],22,22,25,0,22
1,<environment.Job instance at 0x14af9069b0f0>,21,2,[5 2],31,31,33,0,31
1,<environment.Job instance at 0x14af9069b5a0>,22,2,[1 5],32,32,34,0,32
1,<environment.Job instance at 0x14af9069b5f0>,23,21,[5 2],34,34,55,0,34
1,<environment.Job instance at 0x14af9069b8c0>,24,2,[ 1 10],35,55,57,20,35
1,<environment.Job instance at 0x14af9069b140>,26,3,[2 9],37,57,60,20,37
1,<environment.Job instance at 0x14af9069b9b0>,27,1,[10  1],38,60,61,22,38
1,<environment.Job instance at 0x14af9069b370>,28,2,[2 9],39,61,63,22,39
1,<environment.Job instance at 0x14afe0185f50>,29,3,[6 1],41,57,60,16,41
1,<environment.Job instance at 0x14afe0185e60>,30,2,[8 2],43,63,65,20,43
1,<environment.Job instance at 0x14afe0185280>,31,3,[6 2],45,65,68,20,45
1,<environment.Job instance at 0x14afe0185fa0>,32,2,[7 2],46,68,70,22,46
1,<environment.Job instance at 0x14afe0185cd0>,33,3,[10  2],47,70,73,23,47
1,<environment.Job instance at 0x14af8ee8ecd0>,0,3,[10  2],1,1,4,0,1
1,<environment.Job instance at 0x14afe0185cd0>,2,3,[7 1],4,4,7,0,4
1,<environment.Job instance at 0x14af8ee8e730>,3,3,[7 2],5,7,10,2,5
1,<environment.Job instance at 0x14af8ee8e820>,5,2,[7 1],8,10,12,2,8
1,<environment.Job instance at 0x14af8ee8ed70>,8,3,[10  1],12,12,15,0,12
1,<environment.Job instance at 0x14af8ee8e9b0>,9,2,[5 1],14,15,17,1,14
1,<environment.Job instance at 0x14af8f002550>,13,3,[9 1],20,20,23,0,20
1,<environment.Job instance at 0x14af8f0022d0>,14,3,[9 2],23,23,26,0,23
1,<environment.Job instance at 0x14af8bc1aa50>,15,3,[5 1],25,26,29,1,25
1,<environment.Job instance at 0x14af8c232190>,22,13,[7 1],35,60,73,25,60
1,<environment.Job instance at 0x14af8c3022d0>,23,15,[2 6],36,60,75,24,60
1,<environment.Job instance at 0x14af8c302e10>,26,1,[9 2],41,75,76,34,60
1,<environment.Job instance at 0x14af9725e190>,28,16,[10  1],44,76,92,32,63
1,<environment.Job instance at 0x14af8f0020f0>,2,3,[1 9],6,6,9,0,6
1,<environment.Job instance at 0x14af901fbe60>,6,3,[1 6],13,13,16,0,13
1,<environment.Job instance at 0x14af8f1862d0>,8,12,[10  1],16,16,28,0,16
1,<environment.Job instance at 0x14af8c2675f0>,9,3,[1 8],17,28,31,11,17
1,<environment.Job instance at 0x14af948cc500>,11,3,[1 6],19,31,34,12,19
1,<environment.Job instance at 0x14af92e25140>,14,1,[6 2],22,28,29,6,22
1,<environment.Job instance at 0x14af92e251e0>,15,2,[8 1],23,29,31,6,23
1,<environment.Job instance at 0x14af92e255a0>,18,3,[2 9],27,34,37,7,27
1,<environment.Job instance at 0x14af8ce9dfa0>,19,17,[1 9],28,37,54,9,28
1,<environment.Job instance at 0x14af948d2140>,20,3,[2 8],29,54,57,25,29
1,<environment.Job instance at 0x14af8ee09be0>,21,1,[8 1],30,31,32,1,30
1,<environment.Job instance at 0x14af8bf96dc0>,22,17,[9 1],31,37,54,6,31
1,<environment.Job instance at 0x14af8bf96c80>,23,2,[6 1],32,32,34,0,32
1,<environment.Job instance at 0x14af8f18da50>,24,1,[6 1],34,34,35,0,34
1,<environment.Job instance at 0x14afc19df140>,25,2,[2 5],36,57,59,21,36
1,<environment.Job instance at 0x14afc19dfe10>,26,3,[2 8],38,59,62,21,38
1,<environment.Job instance at 0x14af973bbeb0>,27,1,[5 1],39,54,55,15,39
1,<environment.Job instance at 0x14af973d8640>,32,2,[8 1],47,55,57,8,47
1,<environment.Job instance at 0x14af973d8be0>,33,1,[1 5],48,57,58,9,48
1,<environment.Job instance at 0x14af973d8f00>,34,3,[9 1],49,62,65,13,49
1,<environment.Job instance at 0x14af8e365b90>,31,1,[8 2],45,706,707,661,706
1,<environment.Job instance at 0x14af8c5487d0>,0,3,[1 9],1,1,4,0,1
1,<environment.Job instance at 0x14af8badc4b0>,3,2,[8 1],7,7,9,0,7
1,<environment.Job instance at 0x14afc0f1bb40>,4,3,[10  1],8,9,12,1,8
1,<environment.Job instance at 0x14af8bc62050>,5,2,[2 7],12,12,14,0,12
1,<environment.Job instance at 0x14af8c61daa0>,8,2,[2 6],17,17,19,0,17
1,<environment.Job instance at 0x14af8c61d6e0>,9,3,[6 2],18,18,21,0,18
1,<environment.Job instance at 0x14af8c61d280>,10,1,[5 2],20,21,22,1,20
1,<environment.Job instance at 0x14af8c61daf0>,11,17,[2 7],23,23,40,0,23
1,<environment.Job instance at 0x14afc19e4b40>,14,3,[8 2],27,27,30,0,27
1,<environment.Job instance at 0x14af8ee55820>,16,3,[7 1],30,30,33,0,30
1,<environment.Job instance at 0x14af8c165fa0>,18,16,[1 8],33,40,56,7,33
1,<environment.Job instance at 0x14af8c60ecd0>,22,3,[6 1],40,40,43,0,40
1,<environment.Job instance at 0x14af8edf93c0>,23,2,[8 2],41,43,45,2,41
1,<environment.Job instance at 0x14af90653730>,26,12,[7 2],44,45,57,1,45
1,<environment.Job instance at 0x14af8f2a7460>,0,3,[2 6],1,1,4,0,1
1,<environment.Job instance at 0x14af906bd410>,4,15,[10  2],6,6,21,0,6
1,<environment.Job instance at 0x14af906bd780>,5,3,[1 6],7,21,24,14,7
1,<environment.Job instance at 0x14af906bd230>,7,3,[7 1],9,21,24,12,9
1,<environment.Job instance at 0x14af906bd0a0>,11,3,[ 2 10],15,24,27,9,15
1,<environment.Job instance at 0x14af906bddc0>,12,1,[1 6],19,27,28,8,19
1,<environment.Job instance at 0x14af8c3f35a0>,13,3,[1 8],20,28,31,8,20
1,<environment.Job instance at 0x14af8bd2b820>,15,14,[10  1],23,31,45,8,23
1,<environment.Job instance at 0x14af90254a50>,19,3,[9 1],29,45,48,16,29
1,<environment.Job instance at 0x14af90257be0>,21,17,[1 8],31,45,62,14,33
1,<environment.Job instance at 0x14af902531e0>,24,1,[1 8],34,62,63,28,34
1,<environment.Job instance at 0x14af90253cd0>,25,3,[8 2],37,48,51,11,37
1,<environment.Job instance at 0x14af9731c820>,26,3,[2 5],38,63,66,25,38
1,<environment.Job instance at 0x14af9731ca00>,27,3,[9 1],40,51,54,11,40
1,<environment.Job instance at 0x14af9731cc30>,28,2,[8 2],41,54,56,13,41
1,<environment.Job instance at 0x14af9731c4b0>,29,1,[8 1],42,56,57,14,42
1,<environment.Job instance at 0x14af8c052190>,34,3,[ 2 10],48,66,69,18,48
1,<environment.Job instance at 0x14af9658b690>,35,1,[2 7],49,69,70,20,49
1,<environment.Job instance at 0x14af8bd23aa0>,1,2,[8 1],3,3,5,0,3
1,<environment.Job instance at 0x14af8bcece10>,3,3,[9 1],5,5,8,0,5
1,<environment.Job instance at 0x14af8bcecb90>,4,1,[9 2],6,8,9,2,6
1,<environment.Job instance at 0x14af8bcec0f0>,5,15,[2 6],8,9,24,1,8
1,<environment.Job instance at 0x14af8bcec280>,6,3,[7 2],10,10,13,0,10
1,<environment.Job instance at 0x14af8bf81b90>,7,2,[ 2 10],11,24,26,13,11
1,<environment.Job instance at 0x14af92e5dc80>,13,12,[1 6],24,27,39,3,27
1,<environment.Job instance at 0x14af8bf81f50>,15,18,[8 1],28,29,47,1,29
1,<environment.Job instance at 0x14af972fc320>,16,3,[6 2],31,47,50,16,31
1,<environment.Job instance at 0x14af8e3813c0>,21,3,[2 7],37,39,42,2,37
1,<environment.Job instance at 0x14af97252cd0>,25,1,[7 2],44,50,51,6,46
1,<environment.Job instance at 0x14af8efbbe60>,26,1,[5 1],45,51,52,6,46
1,<environment.Job instance at 0x14af9668d500>,27,2,[5 1],48,51,53,3,48
1,<environment.Job instance at 0x14af9668d780>,28,2,[2 7],49,49,51,0,49
1,<environment.Job instance at 0x14af8f0300a0>,0,15,[5 1],1,1,16,0,1
1,<environment.Job instance at 0x14af8f0302d0>,1,3,[5 2],2,2,5,0,2
1,<environment.Job instance at 0x14af8bf81e60>,2,3,[2 8],3,5,8,2,3
1,<environment.Job instance at 0x14af8e383690>,12,3,[1 7],19,26,29,7,26
1,<environment.Job instance at 0x14af8e3831e0>,13,19,[8 1],22,26,45,4,26
1,<environment.Job instance at 0x14af8e383c80>,14,3,[10  2],24,45,48,21,26
1,<environment.Job instance at 0x14af8cd6a0a0>,17,2,[6 1],27,48,50,21,27
1,<environment.Job instance at 0x14af8c1503c0>,19,2,[2 7],29,29,31,0,29
1,<environment.Job instance at 0x14af8c150190>,20,1,[1 7],30,31,32,1,30
1,<environment.Job instance at 0x14af8c150b40>,21,1,[1 7],33,33,34,0,33
1,<environment.Job instance at 0x14af8baa4fa0>,22,3,[6 2],34,50,53,16,34
1,<environment.Job instance at 0x14af972f7f00>,25,3,[8 1],37,53,56,16,42
1,<environment.Job instance at 0x14af972f7050>,26,3,[5 1],38,56,59,18,42
1,<environment.Job instance at 0x14af972f7140>,27,2,[9 1],39,59,61,20,42
1,<environment.Job instance at 0x14af972f7c80>,28,3,[7 1],41,61,64,20,42
1,<environment.Job instance at 0x14af8efc7af0>,29,1,[1 9],44,44,45,0,44
1,<environment.Job instance at 0x14af8efc7b90>,30,14,[7 1],45,64,78,19,49
1,<environment.Job instance at 0x14af9030a7d0>,31,3,[ 2 10],47,78,81,31,52
1,<environment.Job instance at 0x14af9030a140>,32,3,[6 2],48,81,84,33,55
1,<environment.Job instance at 0x14af8f30c460>,10,1,[8 2],15,825,826,810,825
1,<environment.Job instance at 0x14af8e383280>,11,25,[2 7],17,2197,2222,2180,2197
1,<environment.Job instance at 0x14af9668dd20>,0,3,[6 1],5,5,8,0,5
1,<environment.Job instance at 0x14af8e383cd0>,1,3,[7 2],6,8,11,2,6
1,<environment.Job instance at 0x14af8c08cb40>,2,15,[8 1],7,11,26,4,7
1,<environment.Job instance at 0x14af8e383280>,3,3,[1 7],9,9,12,0,9
1,<environment.Job instance at 0x14af8ee2c9b0>,7,3,[1 6],16,16,19,0,16
1,<environment.Job instance at 0x14af8ee2c370>,8,2,[6 1],17,26,28,9,18
1,<environment.Job instance at 0x14af8ee2cf00>,9,1,[10  2],18,28,29,10,18
1,<environment.Job instance at 0x14af8ee2c500>,10,3,[1 6],19,19,22,0,19
1,<environment.Job instance at 0x14af8bc44190>,12,2,[1 5],26,29,31,3,27
1,<environment.Job instance at 0x14af8bbf4910>,13,1,[7 2],30,30,31,0,30
1,<environment.Job instance at 0x14af8bbf4dc0>,15,1,[7 2],33,34,35,1,34
1,<environment.Job instance at 0x14af8bbf4140>,17,13,[1 8],35,35,48,0,35
1,<environment.Job instance at 0x14af8bbf4370>,18,3,[8 1],36,36,39,0,36
1,<environment.Job instance at 0x14af8bbf4c30>,19,3,[6 1],37,39,42,2,37
1,<environment.Job instance at 0x14af8bbf4870>,16,1,[10  2],34,48,49,14,38
1,<environment.Job instance at 0x14af8bbf4460>,20,2,[6 2],41,42,44,1,41
1,<environment.Job instance at 0x14af8cdbbb90>,0,2,[10  2],1,1,3,0,1
1,<environment.Job instance at 0x14af8c50af00>,3,3,[1 9],5,5,8,0,5
1,<environment.Job instance at 0x14af8c50a6e0>,4,3,[8 2],6,8,11,2,6
1,<environment.Job instance at 0x14af971f0dc0>,7,3,[6 2],9,11,14,2,9
1,<environment.Job instance at 0x14af971f0910>,8,3,[9 2],10,14,17,4,10
1,<environment.Job instance at 0x14af8c4e1910>,9,13,[6 1],11,17,30,6,11
1,<environment.Job instance at 0x14af971f0e60>,10,2,[ 2 10],13,30,32,17,13
1,<environment.Job instance at 0x14af97386af0>,16,3,[7 1],21,32,35,11,21
1,<environment.Job instance at 0x14af8bafcb90>,17,3,[1 7],23,23,26,0,23
1,<environment.Job instance at 0x14afc15513c0>,18,15,[10  2],24,35,50,11,24
1,<environment.Job instance at 0x14af8c6201e0>,21,3,[2 9],28,32,35,4,28
1,<environment.Job instance at 0x14af9721b410>,24,1,[6 1],31,50,51,19,41
1,<environment.Job instance at 0x14af9721bd20>,25,15,[2 6],33,50,65,17,42
1,<environment.Job instance at 0x14af9721b460>,27,15,[9 1],35,65,80,30,51
1,<environment.Job instance at 0x14af8f289dc0>,29,3,[2 6],39,80,83,41,54
1,<environment.Job instance at 0x14af8f289370>,31,3,[9 1],42,83,86,41,57
1,<environment.Job instance at 0x14af8f289cd0>,32,3,[2 6],43,86,89,43,60
1,<environment.Job instance at 0x14af8f289eb0>,33,2,[8 1],44,60,62,16,60
1,<environment.Job instance at 0x14af8f289a00>,34,12,[10  2],45,89,101,44,72
1,<environment.Job instance at 0x14af8c44abe0>,3,3,[2 8],5,5,8,0,5
1,<environment.Job instance at 0x14af8c44a410>,4,2,[5 2],7,7,9,0,7
1,<environment.Job instance at 0x14af8f1029b0>,6,15,[8 1],9,9,24,0,9
1,<environment.Job instance at 0x14af8ef9a910>,7,3,[1 8],10,10,13,0,10
1,<environment.Job instance at 0x14af8ef9a410>,10,17,[5 1],14,24,41,10,14
1,<environment.Job instance at 0x14af8ef9a820>,16,2,[6 1],22,41,43,19,22
1,<environment.Job instance at 0x14af8ef9a7d0>,18,14,[1 9],24,26,40,2,26
1,<environment.Job instance at 0x14af8ef9aaa0>,21,3,[6 1],30,47,50,17,47
1,<environment.Job instance at 0x14af8ef9afa0>,22,2,[1 6],31,47,49,16,47
1,<environment.Job instance at 0x14afc1688be0>,25,3,[5 2],37,50,53,13,47
1,<environment.Job instance at 0x14afc1688910>,27,13,[6 2],39,53,66,14,47
1,<environment.Job instance at 0x14afc1688dc0>,28,16,[2 9],40,66,82,26,55
1,<environment.Job instance at 0x14afc1688960>,30,2,[1 6],42,62,64,20,62
1,<environment.Job instance at 0x14af8e361190>,31,3,[8 2],43,82,85,39,62
1,<environment.Job instance at 0x14af8e361d70>,33,17,[9 1],45,85,102,40,73
1,<environment.Job instance at 0x14af9672bd20>,35,2,[10  2],48,102,104,54,75
1,<environment.Job instance at 0x14af96fb9d20>,0,3,[10  1],1,1,4,0,1
1,<environment.Job instance at 0x14af96fb9690>,2,2,[2 5],3,4,6,1,3
1,<environment.Job instance at 0x14af96fb9370>,3,1,[10  1],4,6,7,2,4
1,<environment.Job instance at 0x14af8c153910>,5,1,[8 1],7,7,8,0,7
1,<environment.Job instance at 0x14af96fb9c30>,7,18,[2 5],9,9,27,0,9
1,<environment.Job instance at 0x14af8bbfda00>,8,13,[9 1],10,27,40,17,11
1,<environment.Job instance at 0x14af8cd1d2d0>,13,2,[1 8],20,27,29,7,20
1,<environment.Job instance at 0x14afc19d76e0>,14,12,[2 9],21,40,52,19,25
1,<environment.Job instance at 0x14af9030dc30>,16,3,[2 5],26,52,55,26,26
1,<environment.Job instance at 0x14af9030d640>,19,3,[ 1 10],30,55,58,25,32
1,<environment.Job instance at 0x14af9030dd70>,21,1,[9 1],35,58,59,23,35
1,<environment.Job instance at 0x14af915b73c0>,22,1,[5 1],36,40,41,4,36
1,<environment.Job instance at 0x14af915b7d70>,24,3,[1 5],39,52,55,13,40
1,<environment.Job instance at 0x14af8baa4af0>,28,3,[8 1],46,46,49,0,46
1,<environment.Job instance at 0x14af9030da00>,18,3,[2 5],28,698,701,670,698
1,<environment.Job instance at 0x14af8c645d20>,0,3,[7 2],2,2,5,0,2
1,<environment.Job instance at 0x14af8fd647d0>,5,2,[2 7],8,8,10,0,8
1,<environment.Job instance at 0x14af8fd64460>,6,2,[9 2],9,10,12,1,9
1,<environment.Job instance at 0x14af8fd64cd0>,9,3,[2 9],12,12,15,0,12
1,<environment.Job instance at 0x14af8fd64e60>,10,2,[10  2],13,15,17,2,13
1,<environment.Job instance at 0x14af9030da00>,2,3,[2 7],4,17,20,13,14
1,<environment.Job instance at 0x14af92e339b0>,11,1,[10  2],15,20,21,5,15
1,<environment.Job instance at 0x14af8eea8af0>,12,2,[1 9],16,21,23,5,16
1,<environment.Job instance at 0x14af8eea8550>,14,17,[ 2 10],19,23,40,4,22
1,<environment.Job instance at 0x14af8eea8230>,17,1,[ 1 10],23,40,41,17,23
1,<environment.Job instance at 0x14af8e34eaa0>,18,3,[ 2 10],24,41,44,17,24
1,<environment.Job instance at 0x14af8d92bc80>,19,2,[8 1],25,44,46,19,25
1,<environment.Job instance at 0x14af915ae0f0>,20,3,[9 2],27,46,49,19,27
1,<environment.Job instance at 0x14af8eea8640>,15,3,[10  2],20,49,52,29,30
1,<environment.Job instance at 0x14af8c548140>,25,14,[2 6],38,52,66,14,38
1,<environment.Job instance at 0x14af8c548f00>,26,3,[6 2],39,52,55,13,39
1,<environment.Job instance at 0x14af8cde3690>,27,1,[2 7],40,44,45,4,40
1,<environment.Job instance at 0x14af8bec0960>,28,2,[8 1],42,55,57,13,42
1,<environment.Job instance at 0x14af8cde35f0>,29,3,[ 1 10],44,66,69,22,44
1,<environment.Job instance at 0x14af8bff9140>,32,2,[1 8],48,69,71,21,55
1,<environment.Job instance at 0x14af8bff9960>,33,3,[5 1],49,57,60,8,55
1,<environment.Job instance at 0x14af8eea8500>,16,1,[8 2],21,131,132,110,131
1,<environment.Job instance at 0x14af8bff9910>,31,3,[7 1],47,140,143,93,140
1,<environment.Job instance at 0x14af8bfd5280>,1,17,[7 1],3,3,20,0,3
1,<environment.Job instance at 0x14af9658d370>,2,2,[10  1],6,20,22,14,6
1,<environment.Job instance at 0x14af92e256e0>,3,2,[ 1 10],7,22,24,15,7
1,<environment.Job instance at 0x14af8f2580f0>,4,14,[7 1],8,24,38,16,9
1,<environment.Job instance at 0x14af96fbec80>,15,3,[1 5],23,24,27,1,23
1,<environment.Job instance at 0x14af8bab9aa0>,16,3,[1 9],24,27,30,3,24
1,<environment.Job instance at 0x14af8bab9c80>,18,1,[10  1],26,38,39,12,26
1,<environment.Job instance at 0x14af8bb90e10>,19,15,[2 8],27,39,54,12,27
1,<environment.Job instance at 0x14af8bab9870>,20,3,[1 6],28,30,33,2,28
1,<environment.Job instance at 0x14af8f1d3e10>,24,2,[9 1],35,54,56,19,35
1,<environment.Job instance at 0x14af8ee2c8c0>,27,2,[10  1],39,56,58,17,43
1,<environment.Job instance at 0x14af8c151c30>,28,3,[1 5],41,58,61,17,43
1,<environment.Job instance at 0x14af8c151280>,29,13,[6 1],42,58,71,16,43
1,<environment.Job instance at 0x14af8c151cd0>,30,3,[7 2],43,43,46,0,43
1,<environment.Job instance at 0x14af8be29190>,31,1,[6 2],44,46,47,2,44
1,<environment.Job instance at 0x14af8be29cd0>,33,3,[9 1],48,71,74,23,52
1,<environment.Job instance at 0x14af8c16caf0>,34,15,[1 9],49,61,76,12,52
1,<environment.Job instance at 0x14af96fbe960>,1,2,[2 6],3,3,5,0,3
1,<environment.Job instance at 0x14af8f04a320>,2,18,[8 1],8,8,26,0,8
1,<environment.Job instance at 0x14af8c671460>,3,2,[2 8],10,10,12,0,10
1,<environment.Job instance at 0x14af8c671c30>,4,1,[10  2],11,26,27,15,11
1,<environment.Job instance at 0x14af8c671b90>,5,1,[5 2],13,27,28,14,13
1,<environment.Job instance at 0x14af8c671aa0>,6,1,[2 6],14,14,15,0,14
1,<environment.Job instance at 0x14af8c671a50>,7,1,[5 2],16,27,28,11,16
1,<environment.Job instance at 0x14af8c671d20>,8,13,[1 7],17,28,41,11,17
1,<environment.Job instance at 0x14af8c671b40>,10,3,[9 2],23,28,31,5,23
1,<environment.Job instance at 0x14af96746d70>,13,2,[5 1],27,31,33,4,27
1,<environment.Job instance at 0x14af96746a00>,14,2,[1 5],28,41,43,13,28
1,<environment.Job instance at 0x14af96746370>,17,2,[6 2],31,33,35,2,31
1,<environment.Job instance at 0x14af972a5460>,18,16,[9 1],33,35,51,2,33
1,<environment.Job instance at 0x14af8c54ac30>,19,3,[ 1 10],34,51,54,17,34
1,<environment.Job instance at 0x14af8c48cd70>,20,2,[7 2],36,54,56,18,36
1,<environment.Job instance at 0x14af96746460>,21,2,[2 7],38,54,56,16,38
1,<environment.Job instance at 0x14af8ef1d280>,22,3,[2 7],40,56,59,16,40
1,<environment.Job instance at 0x14af90358140>,23,2,[1 8],41,43,45,2,41
1,<environment.Job instance at 0x14af8bc35410>,24,1,[2 6],42,59,60,17,42
1,<environment.Job instance at 0x14af8c2781e0>,27,1,[7 2],48,615,616,567,615
1,<environment.Job instance at 0x14af8c24da00>,1,2,[6 2],2,2,4,0,2
1,<environment.Job instance at 0x14af8c07b820>,2,3,[5 1],3,4,7,1,3
1,<environment.Job instance at 0x14af8c07b960>,3,14,[10  1],5,7,21,2,5
1,<environment.Job instance at 0x14af8bd5d460>,8,12,[2 6],14,21,33,7,14
1,<environment.Job instance at 0x14af8bd5dcd0>,5,1,[1 8],7,33,34,26,15
1,<environment.Job instance at 0x14af8bd5d5f0>,9,2,[2 5],15,34,36,19,15
1,<environment.Job instance at 0x14af8bd5d4b0>,10,3,[6 2],16,21,24,5,16
1,<environment.Job instance at 0x14af8bd5daa0>,12,3,[9 1],20,36,39,16,20
1,<environment.Job instance at 0x14af8f11e140>,13,3,[2 6],21,39,42,18,21
1,<environment.Job instance at 0x14af8f091820>,14,2,[ 1 10],22,42,44,20,22
1,<environment.Job instance at 0x14af8c474be0>,16,13,[10  1],27,44,57,17,28
1,<environment.Job instance at 0x14af8ba95730>,17,1,[10  1],30,57,58,27,30
1,<environment.Job instance at 0x14af8bb64460>,21,1,[7 2],37,39,40,2,37
1,<environment.Job instance at 0x14af8c1dd870>,22,3,[2 9],38,58,61,20,38
1,<environment.Job instance at 0x14af8be1e280>,23,2,[2 6],41,61,63,20,41
1,<environment.Job instance at 0x14af8ef08500>,24,2,[5 1],42,58,60,16,42
1,<environment.Job instance at 0x14af972e2cd0>,25,18,[5 1],43,60,78,17,49
1,<environment.Job instance at 0x14afe018d460>,29,3,[10  2],48,78,81,30,52
1,<environment.Job instance at 0x14afe018d730>,30,3,[1 9],49,63,66,14,52
1,<environment.Job instance at 0x14afe018d730>,1,3,[6 2],3,3,6,0,3
1,<environment.Job instance at 0x14af8c136a50>,9,3,[5 2],15,15,18,0,15
1,<environment.Job instance at 0x14af8c136e10>,11,3,[9 2],17,18,21,1,17
1,<environment.Job instance at 0x14af8c1225f0>,15,16,[2 5],21,21,37,0,21
1,<environment.Job instance at 0x14af8f080050>,16,3,[1 6],22,37,40,15,22
1,<environment.Job instance at 0x14af8c1221e0>,17,3,[2 7],23,40,43,17,23
1,<environment.Job instance at 0x14af8f01c7d0>,19,1,[10  2],25,43,44,18,25
1,<environment.Job instance at 0x14af8f123a50>,21,2,[1 7],29,44,46,15,29
1,<environment.Job instance at 0x14af8ceca9b0>,22,3,[2 6],30,46,49,16,30
1,<environment.Job instance at 0x14af902e6370>,24,13,[2 5],32,49,62,17,35
1,<environment.Job instance at 0x14af8c3370a0>,31,3,[2 7],41,62,65,21,41
1,<environment.Job instance at 0x14af8c337370>,32,17,[1 5],42,65,82,23,54
1,<environment.Job instance at 0x14af8c337460>,38,17,[10  1],49,82,99,33,70
1,<environment.Job instance at 0x14af8be5a280>,1,1,[1 6],4,4,5,0,4
1,<environment.Job instance at 0x14af96771870>,2,3,[6 1],6,6,9,0,6
1,<environment.Job instance at 0x14af9073e550>,3,1,[9 1],8,9,10,1,8
1,<environment.Job instance at 0x14af9073e780>,4,3,[5 2],9,10,13,1,9
1,<environment.Job instance at 0x14af9073edc0>,5,2,[2 5],10,10,12,0,10
1,<environment.Job instance at 0x14af9073ef00>,7,2,[1 9],12,13,15,1,12
1,<environment.Job instance at 0x14af9073e8c0>,8,1,[2 6],13,15,16,2,13
1,<environment.Job instance at 0x14af8c24d910>,9,17,[1 5],14,16,33,2,14
1,<environment.Job instance at 0x14af8c24d460>,10,1,[9 1],16,16,17,0,16
1,<environment.Job instance at 0x14af8c24dc30>,11,1,[8 1],18,18,19,0,18
1,<environment.Job instance at 0x14af8c24d320>,13,3,[2 6],22,33,36,11,22
1,<environment.Job instance at 0x14af8c24df50>,14,1,[10  1],23,36,37,13,24
1,<environment.Job instance at 0x14af8c24d870>,15,2,[1 6],25,37,39,12,25
1,<environment.Job instance at 0x14af8c24d0a0>,17,3,[5 1],28,28,31,0,28
1,<environment.Job instance at 0x14af965dc0a0>,18,1,[1 6],29,39,40,10,29
1,<environment.Job instance at 0x14af965dc640>,20,3,[2 5],32,40,43,8,32
1,<environment.Job instance at 0x14af8bb60d70>,26,2,[6 2],40,61,63,21,61
1,<environment.Job instance at 0x14af96787eb0>,27,16,[2 5],42,61,77,19,61
1,<environment.Job instance at 0x14af967870f0>,28,3,[8 2],43,63,66,20,61
1,<environment.Job instance at 0x14af96787cd0>,30,2,[5 1],45,66,68,21,61
1,<environment.Job instance at 0x14af96787640>,31,22,[1 5],46,68,90,22,61
1,<environment.Job instance at 0x14af972a1320>,33,13,[10  1],48,90,103,42,74
1,<environment.Job instance at 0x14af8c278280>,0,13,[10  2],1,1,14,0,1
1,<environment.Job instance at 0x14af8c278550>,2,3,[5 1],3,14,17,11,3
1,<environment.Job instance at 0x14af8bb60eb0>,3,3,[7 2],4,17,20,13,4
1,<environment.Job instance at 0x14af8beff0f0>,8,3,[2 6],10,14,17,4,10
1,<environment.Job instance at 0x14af901bbd20>,17,18,[1 8],20,30,48,10,30
1,<environment.Job instance at 0x14af8c4ccaa0>,19,2,[2 5],26,48,50,22,30
1,<environment.Job instance at 0x14af901a7d20>,20,17,[8 1],28,30,47,2,30
1,<environment.Job instance at 0x14af8c586410>,23,3,[1 9],31,50,53,19,36
1,<environment.Job instance at 0x14af8c5712d0>,25,1,[1 7],33,53,54,20,36
1,<environment.Job instance at 0x14af8c57fb40>,26,2,[8 1],34,47,49,13,36
1,<environment.Job instance at 0x14af8c57f140>,27,3,[6 1],35,49,52,14,36
1,<environment.Job instance at 0x14af8c4de550>,28,1,[5 2],37,53,54,16,37
1,<environment.Job instance at 0x14af8c4deaf0>,30,1,[8 1],39,52,53,13,39
1,<environment.Job instance at 0x14af8c4de5a0>,31,3,[7 1],40,54,57,14,40
1,<environment.Job instance at 0x14af8c4de280>,33,3,[1 7],42,59,62,17,59
1,<environment.Job instance at 0x14af901a1d70>,34,28,[2 6],43,62,90,19,61
1,<environment.Job instance at 0x14af901a1820>,36,2,[2 7],47,90,92,43,68
1,<environment.Job instance at 0x14af8c509fa0>,37,3,[1 5],48,92,95,44,68
1,<environment.Job instance at 0x14af8c509eb0>,38,3,[1 8],49,95,98,46,69
1,<environment.Job instance at 0x14af8ce87eb0>,15,1,[8 1],18,1178,1179,1160,1178
1,<environment.Job instance at 0x14af8c24de10>,0,3,[1 6],2,2,5,0,2
1,<environment.Job instance at 0x14af8c4ac190>,5,1,[1 9],15,15,16,0,15
1,<environment.Job instance at 0x14af8c4acbe0>,6,2,[10  1],16,16,18,0,16
1,<environment.Job instance at 0x14af8c4acd20>,10,1,[2 9],22,22,23,0,22
1,<environment.Job instance at 0x14af8c4ac3c0>,11,18,[2 9],24,24,42,0,24
1,<environment.Job instance at 0x14af8c4ac460>,12,2,[1 9],25,42,44,17,25
1,<environment.Job instance at 0x14af8f260dc0>,13,3,[10  1],26,44,47,18,26
1,<environment.Job instance at 0x14af8f260cd0>,14,1,[7 2],28,47,48,19,28
1,<environment.Job instance at 0x14af8f260af0>,15,2,[6 1],29,29,31,0,29
1,<environment.Job instance at 0x14af8f260e10>,16,2,[2 5],30,47,49,17,30
1,<environment.Job instance at 0x14af8f260690>,18,3,[8 1],32,32,35,0,32
1,<environment.Job instance at 0x14af8f260870>,19,15,[1 7],33,49,64,16,35
1,<environment.Job instance at 0x14af8c3d6e60>,22,1,[1 9],37,64,65,27,37
1,<environment.Job instance at 0x14af8c3d64b0>,23,3,[7 2],38,48,51,10,38
1,<environment.Job instance at 0x14af8c3d6e10>,24,3,[10  2],39,65,68,26,39
1,<environment.Job instance at 0x14af8c3d6c30>,25,21,[10  2],40,68,89,28,60
1,<environment.Job instance at 0x14af8c3d6280>,28,3,[6 1],48,60,63,12,60
1,<environment.Job instance at 0x14af8c4aceb0>,8,1,[1 7],19,89,90,70,76
1,<environment.Job instance at 0x14af8c252d20>,5,3,[2 8],7,7,10,0,7
1,<environment.Job instance at 0x14af915b41e0>,14,3,[2 5],21,21,24,0,21
1,<environment.Job instance at 0x14af915b4140>,15,16,[8 1],22,22,38,0,22
1,<environment.Job instance at 0x14af8c4e6c80>,16,3,[10  2],24,38,41,14,24
1,<environment.Job instance at 0x14af915b42d0>,18,3,[2 7],26,26,29,0,26
1,<environment.Job instance at 0x14af8e377e60>,20,18,[6 2],28,41,59,13,30
1,<environment.Job instance at 0x14af901ec0a0>,21,1,[ 1 10],29,59,60,30,31
1,<environment.Job instance at 0x14af906685f0>,23,12,[10  2],32,60,72,28,43
1,<environment.Job instance at 0x14af906d5410>,25,3,[7 1],39,72,75,33,53
1,<environment.Job instance at 0x14af906d5a50>,26,1,[9 1],41,75,76,34,53
1,<environment.Job instance at 0x14af8be11fa0>,27,2,[2 7],42,53,55,11,53
1,<environment.Job instance at 0x14af8be110f0>,28,18,[7 1],43,76,94,33,65
1,<environment.Job instance at 0x14af8be11cd0>,29,3,[8 1],44,94,97,50,68
1,<environment.Job instance at 0x14af8be11f50>,30,2,[6 1],45,97,99,52,70
1,<environment.Job instance at 0x14af8be11a00>,31,1,[5 1],46,99,100,53,71
1,<environment.Job instance at 0x14af8be115a0>,33,1,[1 5],49,72,73,23,71
1,<environment.Job instance at 0x14af8f091f00>,9,2,[9 1],13,100,102,87,82
1,<environment.Job instance at 0x14af915b4500>,11,2,[6 1],17,124,126,107,124
1,<environment.Job instance at 0x14af915b40a0>,10,2,[6 2],15,153,155,138,153
1,<environment.Job instance at 0x14af8c0b9e60>,0,3,[2 6],3,3,6,0,3
1,<environment.Job instance at 0x14af8be11820>,1,3,[2 7],4,6,9,2,4
1,<environment.Job instance at 0x14af8f09a2d0>,3,1,[5 1],7,7,8,0,7
1,<environment.Job instance at 0x14af8f017eb0>,4,2,[8 1],8,8,10,0,8
1,<environment.Job instance at 0x14af8bf81d20>,10,3,[6 1],15,15,18,0,15
1,<environment.Job instance at 0x14af972d2fa0>,11,2,[9 2],17,18,20,1,17
1,<environment.Job instance at 0x14af8bf81140>,12,3,[2 7],18,20,23,2,18
1,<environment.Job instance at 0x14af8bf81230>,13,1,[1 5],19,19,20,0,19
1,<environment.Job instance at 0x14af8ee34410>,14,3,[2 6],20,23,26,3,20
1,<environment.Job instance at 0x14af8ee34640>,15,2,[9 2],21,26,28,5,21
1,<environment.Job instance at 0x14af8ee34d70>,16,12,[9 1],22,28,40,6,22
1,<environment.Job instance at 0x14af8ee345a0>,17,1,[10  1],23,40,41,17,23
1,<environment.Job instance at 0x14af95f35a00>,22,2,[1 7],30,801,803,771,801
1,<environment.Job instance at 0x14af95f35b40>,23,15,[1 9],31,803,818,772,801
1,<environment.Job instance at 0x14af95f35c80>,25,2,[1 9],35,818,820,783,801
1,<environment.Job instance at 0x14af95f35190>,27,17,[ 1 10],37,820,837,783,808
1,<environment.Job instance at 0x14af8edda5f0>,29,18,[1 9],39,837,855,798,826
1,<environment.Job instance at 0x14afc0f06730>,34,3,[2 5],45,855,858,810,835
1,<environment.Job instance at 0x14af8baa66e0>,8,18,[9 2],14,28,46,14,28
1,<environment.Job instance at 0x14af8baa6870>,10,2,[6 2],17,46,48,29,28
1,<environment.Job instance at 0x14af8c428730>,11,1,[7 2],18,48,49,30,28
1,<environment.Job instance at 0x14af915d0c80>,12,3,[2 7],20,46,49,26,28
1,<environment.Job instance at 0x14af915d0be0>,13,1,[6 1],21,49,50,28,28
1,<environment.Job instance at 0x14af9024f5f0>,14,3,[6 1],22,50,53,28,28
1,<environment.Job instance at 0x14af915d0690>,15,2,[1 9],23,49,51,26,28
1,<environment.Job instance at 0x14af9024f0f0>,16,14,[1 8],25,28,42,3,28
1,<environment.Job instance at 0x14af906cea50>,17,16,[1 5],26,51,67,25,38
1,<environment.Job instance at 0x14af906ce4b0>,18,2,[9 2],27,53,55,26,38
1,<environment.Job instance at 0x14af901ec0f0>,20,3,[2 7],31,67,70,36,53
1,<environment.Job instance at 0x14af8bca6c30>,22,13,[10  2],33,70,83,37,54
1,<environment.Job instance at 0x14afc1593320>,23,2,[2 5],34,55,57,21,54
1,<environment.Job instance at 0x14af948d6be0>,25,13,[2 9],36,83,96,47,69
1,<environment.Job instance at 0x14af906306e0>,28,3,[1 9],41,96,99,55,73
1,<environment.Job instance at 0x14af90630e60>,29,3,[9 2],42,99,102,57,73
1,<environment.Job instance at 0x14af8c485f50>,34,3,[2 8],48,102,105,54,87
1,<environment.Job instance at 0x14af8c485140>,35,3,[1 8],49,99,102,50,87
1,<environment.Job instance at 0x14af915bf7d0>,2,12,[9 1],7,826,838,819,826
1,<environment.Job instance at 0x14af973baa50>,2,3,[2 6],3,3,6,0,3
1,<environment.Job instance at 0x14af973ba870>,3,3,[8 1],5,5,8,0,5
1,<environment.Job instance at 0x14af973bae10>,5,18,[1 7],9,9,27,0,9
1,<environment.Job instance at 0x14af8c37c690>,6,3,[9 1],10,10,13,0,10
1,<environment.Job instance at 0x14af973bac80>,7,2,[7 1],12,13,15,1,12
1,<environment.Job instance at 0x14af8c52e550>,9,3,[8 1],15,15,18,0,15
1,<environment.Job instance at 0x14af8baa4f50>,10,2,[10  1],16,27,29,11,16
1,<environment.Job instance at 0x14af8c37c2d0>,11,2,[6 2],17,18,20,1,17
1,<environment.Job instance at 0x14af8bd30f50>,12,2,[ 2 10],18,29,31,11,18
1,<environment.Job instance at 0x14af8c333870>,13,2,[2 7],20,31,33,11,20
1,<environment.Job instance at 0x14af8ceaee10>,15,3,[2 8],22,33,36,11,22
1,<environment.Job instance at 0x14af903d3820>,20,3,[5 2],30,31,34,1,30
1,<environment.Job instance at 0x14af903d3140>,21,1,[10  2],31,36,37,5,31
1,<environment.Job instance at 0x14af8bb61780>,22,1,[5 2],32,34,35,2,32
1,<environment.Job instance at 0x14af965bbf50>,24,3,[ 2 10],34,37,40,3,34
1,<environment.Job instance at 0x14af965bb1e0>,26,3,[1 8],37,40,43,3,37
1,<environment.Job instance at 0x14af8ef93230>,29,2,[1 9],40,43,45,3,40
1,<environment.Job instance at 0x14af8ef93410>,30,1,[ 2 10],41,45,46,4,41
1,<environment.Job instance at 0x14af8ef93460>,31,1,[ 1 10],44,46,47,2,44
1,<environment.Job instance at 0x14af966e1820>,32,2,[9 2],46,47,49,1,46
1,<environment.Job instance at 0x14af966e1910>,33,3,[6 2],47,49,52,2,47
1,<environment.Job instance at 0x14af966e1280>,34,3,[1 7],48,48,51,0,48
1,<environment.Job instance at 0x14af9678d8c0>,5,12,[2 5],8,25,37,17,25
1,<environment.Job instance at 0x14af9678d5f0>,8,2,[2 5],12,26,28,14,26
1,<environment.Job instance at 0x14af8cdc85f0>,9,2,[ 1 10],13,37,39,24,26
1,<environment.Job instance at 0x14af8cdc8910>,10,2,[6 2],14,28,30,14,26
1,<environment.Job instance at 0x14af8cdc8410>,11,3,[5 1],15,30,33,15,26
1,<environment.Job instance at 0x14af8cdc8dc0>,12,20,[7 2],17,39,59,22,30
1,<environment.Job instance at 0x14af8cdc8730>,13,3,[1 6],18,39,42,21,30
1,<environment.Job instance at 0x14af8cdc8eb0>,14,1,[1 8],19,42,43,23,30
1,<environment.Job instance at 0x14af8cdc80a0>,16,17,[9 2],21,59,76,38,47
1,<environment.Job instance at 0x14af915e2910>,17,2,[9 1],22,76,78,54,49
1,<environment.Job instance at 0x14af8c08b1e0>,19,3,[1 5],24,49,52,25,49
1,<environment.Job instance at 0x14af966a4b40>,23,1,[2 9],31,78,79,47,58
1,<environment.Job instance at 0x14af8ef82960>,24,1,[9 2],32,79,80,47,58
1,<environment.Job instance at 0x14af8c127960>,25,3,[6 1],34,80,83,46,58
1,<environment.Job instance at 0x14af8c127460>,27,2,[2 9],36,80,82,44,58
1,<environment.Job instance at 0x14af966afdc0>,28,3,[2 9],37,82,85,45,58
1,<environment.Job instance at 0x14af966afb40>,29,2,[2 5],38,85,87,47,58
1,<environment.Job instance at 0x14af9720c050>,30,3,[6 1],39,83,86,44,58
1,<environment.Job instance at 0x14af966abaa0>,31,17,[1 6],40,58,75,18,58
1,<environment.Job instance at 0x14af9720c870>,32,3,[2 8],41,87,90,46,61
1,<environment.Job instance at 0x14af8e366a50>,33,3,[9 1],42,90,93,48,64
1,<environment.Job instance at 0x14af8f09a2d0>,34,1,[7 2],43,86,87,43,64
1,<environment.Job instance at 0x14af8bb2ab40>,37,12,[9 2],46,93,105,47,84
1,<environment.Job instance at 0x14af8c5967d0>,38,3,[2 8],47,105,108,58,84
1,<environment.Job instance at 0x14af966099b0>,0,2,[7 1],2,2,4,0,2
1,<environment.Job instance at 0x14af9671c280>,3,14,[9 1],5,5,19,0,5
1,<environment.Job instance at 0x14af8be46780>,11,1,[5 1],14,450,451,436,450
1,<environment.Job instance at 0x14af9668d050>,12,1,[1 5],18,450,451,432,450
1,<environment.Job instance at 0x14af8baeb7d0>,13,1,[1 5],20,451,452,431,450
1,<environment.Job instance at 0x14af8baeb910>,14,2,[1 5],23,451,453,428,450
1,<environment.Job instance at 0x14af8f0a2e10>,18,1,[6 2],28,477,478,449,477
1,<environment.Job instance at 0x14af96585aa0>,21,3,[1 8],33,477,480,444,477
1,<environment.Job instance at 0x14af948a0730>,23,1,[5 2],36,478,479,442,477
1,<environment.Job instance at 0x14af8bc30190>,24,1,[7 2],37,479,480,442,477
1,<environment.Job instance at 0x14af8bc30a50>,26,2,[7 1],39,480,482,441,477
1,<environment.Job instance at 0x14af8bc300f0>,27,2,[9 1],40,482,484,442,477
1,<environment.Job instance at 0x14af8bc30410>,28,15,[ 1 10],42,484,499,442,480
1,<environment.Job instance at 0x14af8bc30af0>,29,3,[1 8],43,480,483,437,480
1,<environment.Job instance at 0x14af8bc306e0>,30,16,[9 1],46,499,515,453,486
1,<environment.Job instance at 0x14af96573f00>,31,3,[9 1],48,515,518,467,489
1,<environment.Job instance at 0x14af96573640>,32,3,[8 1],49,518,521,469,492
1,<environment.Job instance at 0x14af8cea0410>,9,1,[1 9],11,658,659,647,658
1,<environment.Job instance at 0x14af902ec280>,1,2,[2 8],3,3,5,0,3
1,<environment.Job instance at 0x14af902ecdc0>,3,2,[8 1],8,8,10,0,8
1,<environment.Job instance at 0x14af8ee7c6e0>,4,12,[2 5],10,10,22,0,10
1,<environment.Job instance at 0x14af8ee7c1e0>,5,3,[10  1],11,22,25,11,11
1,<environment.Job instance at 0x14af8ee7c690>,6,3,[5 2],12,12,15,0,12
1,<environment.Job instance at 0x14af8ee7c5f0>,7,3,[1 6],13,25,28,12,13
1,<environment.Job instance at 0x14af8ee7c870>,9,17,[7 1],15,25,42,10,15
1,<environment.Job instance at 0x14af8ee7caa0>,10,2,[10  2],16,42,44,26,16
1,<environment.Job instance at 0x14af8eea10f0>,14,3,[7 1],21,44,47,23,21
1,<environment.Job instance at 0x14af96fbe9b0>,16,2,[8 1],23,47,49,24,23
1,<environment.Job instance at 0x14af96fbe780>,17,1,[2 6],24,28,29,4,24
1,<environment.Job instance at 0x14af96fbed70>,19,3,[10  1],28,49,52,21,28
1,<environment.Job instance at 0x14af96fbe5a0>,23,3,[9 1],36,52,55,16,36
1,<environment.Job instance at 0x14af96fbe550>,24,3,[7 1],37,55,58,18,37
1,<environment.Job instance at 0x14af96fbe730>,25,2,[5 1],39,58,60,19,39
1,<environment.Job instance at 0x14af8f100230>,29,19,[8 2],43,60,79,17,50
1,<environment.Job instance at 0x14af8f100eb0>,31,3,[7 2],45,79,82,34,53
1,<environment.Job instance at 0x14af8f100050>,28,17,[2 6],42,280,297,238,280
1,<environment.Job instance at 0x14af96768320>,0,3,[2 7],1,1,4,0,1
1,<environment.Job instance at 0x14af973aa730>,4,12,[6 1],5,5,17,0,5
1,<environment.Job instance at 0x14af8f100050>,6,3,[2 6],8,8,11,0,8
1,<environment.Job instance at 0x14af973aa7d0>,7,1,[10  1],9,17,18,8,9
1,<environment.Job instance at 0x14af973aa280>,8,16,[9 2],12,18,34,6,12
1,<environment.Job instance at 0x14af901da0a0>,9,3,[7 1],13,34,37,21,13
1,<environment.Job instance at 0x14af8bb0e5a0>,10,3,[1 6],14,14,17,0,14
1,<environment.Job instance at 0x14af8ba92f50>,12,3,[7 1],17,37,40,20,17
1,<environment.Job instance at 0x14af902a39b0>,13,2,[7 1],18,40,42,22,18
1,<environment.Job instance at 0x14af8ba92320>,14,2,[1 8],19,19,21,0,19
1,<environment.Job instance at 0x14af8c542050>,15,3,[10  1],20,42,45,22,20
1,<environment.Job instance at 0x14af8c5295a0>,18,3,[1 6],23,23,26,0,23
1,<environment.Job instance at 0x14af8ba9dc30>,19,1,[9 2],25,45,46,20,26
1,<environment.Job instance at 0x14af8c53b730>,17,1,[1 7],22,26,27,4,26
1,<environment.Job instance at 0x14af90704a00>,20,3,[5 1],28,46,49,18,28
1,<environment.Job instance at 0x14af901ba190>,26,18,[1 7],37,45,63,8,37
1,<environment.Job instance at 0x14af8c6a8230>,27,1,[10  1],38,63,64,25,38
1,<environment.Job instance at 0x14af8c6a83c0>,28,1,[9 1],39,49,50,10,39
1,<environment.Job instance at 0x14af8c6a8910>,29,1,[1 6],40,40,41,0,40
1,<environment.Job instance at 0x14af8c6a8730>,31,1,[7 1],42,50,51,8,42
1,<environment.Job instance at 0x14af8c6a8550>,32,2,[5 2],43,51,53,8,43
1,<environment.Job instance at 0x14af8c6a85a0>,33,1,[6 2],45,53,54,8,45
1,<environment.Job instance at 0x14af8c530af0>,35,1,[6 1],47,275,276,228,275
1,<environment.Job instance at 0x14af8f175730>,1,2,[8 1],3,3,5,0,3
1,<environment.Job instance at 0x14af973ba9b0>,7,3,[1 9],11,11,14,0,11
1,<environment.Job instance at 0x14af973ba640>,10,3,[6 1],15,15,18,0,15
1,<environment.Job instance at 0x14af973ba190>,3,2,[9 1],5,21,23,16,21
1,<environment.Job instance at 0x14af973bacd0>,11,22,[2 8],17,23,45,6,21
1,<environment.Job instance at 0x14af973bac30>,14,18,[8 2],22,23,41,1,22
1,<environment.Job instance at 0x14af973bafa0>,16,2,[2 5],25,45,47,20,25
1,<environment.Job instance at 0x14afe0184b40>,18,2,[2 9],27,497,499,470,497
1,<environment.Job instance at 0x14afe0184190>,19,3,[ 1 10],29,499,502,470,497
1,<environment.Job instance at 0x14afe01840f0>,20,1,[7 1],30,497,498,467,497
1,<environment.Job instance at 0x14af973bae60>,5,2,[1 7],8,825,827,817,825
1,<environment.Job instance at 0x14afe0184e10>,25,2,[ 1 10],38,1149,1151,1111,1149
1,<environment.Job instance at 0x14af97386b90>,27,1,[2 5],42,1151,1152,1109,1149
1,<environment.Job instance at 0x14af97386730>,28,3,[5 2],43,1151,1154,1108,1149
1,<environment.Job instance at 0x14af973864b0>,29,14,[7 2],44,1154,1168,1110,1149
1,<environment.Job instance at 0x14af973ba780>,1,2,[7 2],4,4,6,0,4
1,<environment.Job instance at 0x14afc0cd70f0>,2,1,[1 6],5,5,6,0,5
1,<environment.Job instance at 0x14afc0cd7a50>,5,3,[1 7],8,8,11,0,8
1,<environment.Job instance at 0x14af966c10f0>,6,1,[2 7],9,11,12,2,9
1,<environment.Job instance at 0x14afc0cd7e60>,7,1,[7 1],12,12,13,0,12
1,<environment.Job instance at 0x14af966c1190>,8,3,[2 6],13,13,16,0,13
1,<environment.Job instance at 0x14af966c1af0>,10,3,[5 2],16,16,19,0,16
1,<environment.Job instance at 0x14af966c1870>,11,3,[1 7],17,17,20,0,17
1,<environment.Job instance at 0x14af8ee34050>,17,2,[1 5],25,25,27,0,25
1,<environment.Job instance at 0x14af8f305dc0>,19,3,[1 7],28,28,31,0,28
1,<environment.Job instance at 0x14af902c4960>,20,3,[ 2 10],29,31,34,2,29
1,<environment.Job instance at 0x14af915e2be0>,26,3,[6 1],39,39,42,0,39
1,<environment.Job instance at 0x14af903f90a0>,31,3,[9 2],45,45,48,0,45
1,<environment.Job instance at 0x14af903f9780>,33,2,[6 1],47,48,50,1,47
1,<environment.Job instance at 0x14af9720f5a0>,0,3,[ 2 10],1,1,4,0,1
1,<environment.Job instance at 0x14af8bddf500>,1,3,[1 7],3,4,7,1,3
1,<environment.Job instance at 0x14afc0c930a0>,8,3,[7 2],14,219,222,205,219
1,<environment.Job instance at 0x14afc0c932d0>,9,3,[8 2],16,222,225,206,219
1,<environment.Job instance at 0x14afc0c93a00>,10,2,[1 6],17,219,221,202,219
1,<environment.Job instance at 0x14afc0c93aa0>,11,2,[6 1],18,225,227,207,219
1,<environment.Job instance at 0x14afc19d78c0>,12,3,[10  2],19,227,230,208,219
1,<environment.Job instance at 0x14afc0c93f50>,13,2,[8 2],20,230,232,210,219
1,<environment.Job instance at 0x14afc0c93280>,16,15,[1 9],23,232,247,209,219
1,<environment.Job instance at 0x14af92e33a00>,17,2,[2 6],25,221,223,196,219
1,<environment.Job instance at 0x14af92e33960>,18,3,[ 1 10],28,247,250,219,221
1,<environment.Job instance at 0x14af8f1759b0>,19,3,[7 2],29,250,253,221,224
1,<environment.Job instance at 0x14af8f175960>,23,3,[9 2],33,253,256,220,227
1,<environment.Job instance at 0x14af8f175eb0>,26,1,[5 1],37,232,233,195,229
1,<environment.Job instance at 0x14af8f175910>,28,2,[2 8],40,230,232,190,229
1,<environment.Job instance at 0x14af8f175b40>,29,3,[10  2],41,256,259,215,230
1,<environment.Job instance at 0x14afc0f16690>,34,3,[1 5],49,250,253,201,230
1,<environment.Job instance at 0x14af8eec57d0>,6,2,[1 5],11,382,384,371,382
1,<environment.Job instance at 0x14afc0c93be0>,7,3,[6 2],12,505,508,493,505
1,<environment.Job instance at 0x14af8bae6640>,4,15,[ 1 10],5,6,21,1,6
1,<environment.Job instance at 0x14af8f273e10>,11,12,[ 1 10],14,21,33,7,14
1,<environment.Job instance at 0x14af8f273a50>,12,3,[6 2],16,33,36,17,16
1,<environment.Job instance at 0x14af8f273780>,13,3,[5 1],17,36,39,19,17
1,<environment.Job instance at 0x14af8f110fa0>,18,3,[2 8],22,33,36,11,29
1,<environment.Job instance at 0x14af903082d0>,19,22,[5 2],23,36,58,13,29
1,<environment.Job instance at 0x14af8f01aa00>,20,1,[8 2],26,58,59,32,30
1,<environment.Job instance at 0x14af8be86500>,21,3,[1 5],31,39,42,8,31
1,<environment.Job instance at 0x14af8ef620a0>,22,2,[1 6],32,42,44,10,32
1,<environment.Job instance at 0x14af8c582140>,23,2,[10  2],33,59,61,26,33
1,<environment.Job instance at 0x14af8c5480f0>,24,1,[1 8],35,44,45,9,35
1,<environment.Job instance at 0x14af8bedd280>,25,3,[5 1],37,45,48,8,37
1,<environment.Job instance at 0x14af901ec780>,26,3,[8 1],38,61,64,23,38
1,<environment.Job instance at 0x14af8f295cd0>,27,3,[1 6],39,48,51,9,39
1,<environment.Job instance at 0x14af8f295690>,29,3,[5 1],41,51,54,10,42
1,<environment.Job instance at 0x14af8f295140>,30,14,[2 8],44,61,75,17,46
1,<environment.Job instance at 0x14af965b3730>,0,3,[1 9],1,1,4,0,1
1,<environment.Job instance at 0x14af906f3e60>,8,3,[2 9],15,18,21,3,18
1,<environment.Job instance at 0x14af906f3780>,10,3,[6 2],17,1351,1354,1334,1351
1,<environment.Job instance at 0x14af906f3af0>,11,3,[2 7],18,1351,1354,1333,1351
1,<environment.Job instance at 0x14af906f3c80>,12,3,[9 2],19,1354,1357,1335,1351
1,<environment.Job instance at 0x14af96faf370>,13,17,[8 1],20,1357,1374,1337,1351
1,<environment.Job instance at 0x14af96fafa00>,15,3,[2 9],23,1357,1360,1334,1351
1,<environment.Job instance at 0x14af96fafb40>,16,2,[2 7],25,1360,1362,1335,1351
1,<environment.Job instance at 0x14af96faf230>,17,1,[2 8],27,1362,1363,1335,1351
1,<environment.Job instance at 0x14af96faff50>,18,2,[ 2 10],29,1374,1376,1345,1351
1,<environment.Job instance at 0x14af96faf5a0>,19,3,[5 1],30,1376,1379,1346,1351
1,<environment.Job instance at 0x14af96fafc80>,20,2,[6 2],32,1379,1381,1347,1352
1,<environment.Job instance at 0x14af972919b0>,23,2,[6 1],35,1381,1383,1346,1354
1,<environment.Job instance at 0x14af96faf640>,24,3,[2 6],36,1363,1366,1327,1354
1,<environment.Job instance at 0x14af8f30b7d0>,25,3,[1 7],38,1354,1357,1316,1354
1,<environment.Job instance at 0x14af96faf820>,27,14,[8 2],41,1383,1397,1342,1368
1,<environment.Job instance at 0x14af8bdf5d70>,28,13,[2 6],42,1376,1389,1334,1368
1,<environment.Job instance at 0x14af96faf9b0>,29,3,[10  1],44,1397,1400,1353,1371
1,<environment.Job instance at 0x14af90752870>,33,12,[10  1],48,1400,1412,1352,1383
1,<environment.Job instance at 0x14af965b31e0>,3,13,[6 2],8,1463,1476,1455,1463
1,<environment.Job instance at 0x14af906f37d0>,4,2,[7 2],9,1587,1589,1578,1587
1,<environment.Job instance at 0x14af8c5e4230>,0,3,[1 6],1,1,4,0,1
1,<environment.Job instance at 0x14af8f1e53c0>,3,2,[2 5],4,4,6,0,4
1,<environment.Job instance at 0x14af8f1e57d0>,4,13,[1 5],5,5,18,0,5
1,<environment.Job instance at 0x14af906f3280>,5,13,[6 1],7,7,20,0,7
1,<environment.Job instance at 0x14af8c1aa280>,6,3,[6 1],8,20,23,12,8
1,<environment.Job instance at 0x14af8c1aa730>,7,3,[2 9],9,18,21,9,9
1,<environment.Job instance at 0x14af8c072640>,15,3,[2 5],26,26,29,0,26
1,<environment.Job instance at 0x14af8f2ab8c0>,16,12,[8 1],27,27,39,0,27
1,<environment.Job instance at 0x14af8f2500a0>,17,3,[9 1],28,39,42,11,28
1,<environment.Job instance at 0x14af8fd63960>,18,1,[ 1 10],30,42,43,12,30
1,<environment.Job instance at 0x14af8c1aacd0>,19,18,[9 2],31,43,61,12,32
1,<environment.Job instance at 0x14af90195f00>,27,2,[1 8],42,43,45,1,42
1,<environment.Job instance at 0x14af8f09dc30>,29,2,[1 8],44,45,47,1,44
1,<environment.Job instance at 0x14af8c240780>,30,3,[1 7],45,47,50,2,45
1,<environment.Job instance at 0x14af8c537500>,32,17,[9 1],47,61,78,14,49
1,<environment.Job instance at 0x14af8c537f50>,34,3,[ 1 10],49,78,81,29,52
1,<environment.Job instance at 0x14af8ef78690>,23,1,[9 2],37,185,186,148,185
1,<environment.Job instance at 0x14af8c2075a0>,2,1,[1 6],5,5,6,0,5
1,<environment.Job instance at 0x14af9668daa0>,4,2,[9 1],7,7,9,0,7
1,<environment.Job instance at 0x14af9668d2d0>,6,2,[2 6],11,12,14,1,12
1,<environment.Job instance at 0x14af8eff6be0>,8,1,[6 2],13,13,14,0,13
1,<environment.Job instance at 0x14af8eff6280>,9,3,[8 1],14,14,17,0,14
1,<environment.Job instance at 0x14af8eff67d0>,10,1,[2 7],15,15,16,0,15
1,<environment.Job instance at 0x14af8cdc0d20>,11,3,[1 7],16,16,19,0,16
1,<environment.Job instance at 0x14af8cdc06e0>,12,1,[2 8],18,19,20,1,18
1,<environment.Job instance at 0x14af8cdc0870>,13,3,[ 2 10],19,20,23,1,19
1,<environment.Job instance at 0x14af8cdc0fa0>,14,2,[10  1],20,23,25,3,20
1,<environment.Job instance at 0x14af9033f190>,7,2,[7 1],12,25,27,13,20
1,<environment.Job instance at 0x14af8cdc02d0>,15,2,[10  2],21,27,29,6,21
1,<environment.Job instance at 0x14af8cdc0d70>,16,1,[6 1],23,29,30,6,23
1,<environment.Job instance at 0x14af8cdc0c30>,17,1,[2 5],25,25,26,0,25
1,<environment.Job instance at 0x14af8cdc0640>,18,1,[8 1],27,30,31,3,27
1,<environment.Job instance at 0x14af8cdc0140>,19,2,[10  2],28,31,33,3,28
1,<environment.Job instance at 0x14af8f321190>,21,3,[10  1],31,33,36,2,31
1,<environment.Job instance at 0x14af8c56f500>,24,3,[2 8],34,36,39,2,34
1,<environment.Job instance at 0x14af9025be10>,31,26,[7 1],46,46,72,0,46
1,<environment.Job instance at 0x14af8bf81a50>,32,3,[8 2],47,72,75,25,47
1,<environment.Job instance at 0x14af8bf815f0>,33,2,[7 2],48,75,77,27,48
1,<environment.Job instance at 0x14af8bf81910>,34,16,[2 7],49,49,65,0,49
1,<environment.Job instance at 0x14af8c5f5780>,1,3,[10  1],2,2,5,0,2
1,<environment.Job instance at 0x14af97219280>,3,13,[9 1],5,5,18,0,5
1,<environment.Job instance at 0x14af8ee4bf50>,4,3,[10  1],7,18,21,11,7
1,<environment.Job instance at 0x14af8ee4b690>,6,2,[10  2],9,21,23,12,9
1,<environment.Job instance at 0x14af8ee4bf00>,9,1,[6 1],18,23,24,5,18
1,<environment.Job instance at 0x14af8ee4b370>,10,1,[1 8],19,23,24,4,19
1,<environment.Job instance at 0x14af8ee4bc80>,11,2,[1 7],20,24,26,4,20
1,<environment.Job instance at 0x14af8ee4be10>,12,3,[9 1],21,24,27,3,21
1,<environment.Job instance at 0x14af8ee4b1e0>,13,16,[ 1 10],22,27,43,5,23
1,<environment.Job instance at 0x14af8bd024b0>,16,1,[7 2],27,43,44,16,27
1,<environment.Job instance at 0x14af8bd02cd0>,17,2,[5 1],28,44,46,16,28
1,<environment.Job instance at 0x14af8bd02c30>,18,1,[5 1],29,44,45,15,29
1,<environment.Job instance at 0x14af8bd021e0>,19,12,[1 5],31,45,57,14,31
1,<environment.Job instance at 0x14af8bd02500>,20,1,[2 5],32,43,44,11,32
1,<environment.Job instance at 0x14af8bd02910>,21,26,[1 5],33,46,72,13,43
1,<environment.Job instance at 0x14af8bd02a50>,25,3,[1 9],38,72,75,34,46
1,<environment.Job instance at 0x14af8bd02d20>,26,3,[7 2],39,57,60,18,46
1,<environment.Job instance at 0x14af8bd02f00>,27,2,[9 1],40,60,62,20,46
1,<environment.Job instance at 0x14af8bd02c80>,31,1,[6 2],45,62,63,17,46
1,<environment.Job instance at 0x14af8bdd83c0>,32,3,[9 1],46,63,66,17,46
1,<environment.Job instance at 0x14af8bdd8e10>,33,1,[10  2],47,75,76,28,47
1,<environment.Job instance at 0x14af8eea6e10>,0,3,[1 8],1,1,4,0,1
1,<environment.Job instance at 0x14af8bf78f00>,3,3,[ 2 10],4,4,7,0,4
1,<environment.Job instance at 0x14af8eea6eb0>,4,1,[1 9],5,7,8,2,5
1,<environment.Job instance at 0x14af902b94b0>,5,3,[10  1],8,8,11,0,8
1,<environment.Job instance at 0x14af8ef81370>,15,1,[5 2],25,25,26,0,25
1,<environment.Job instance at 0x14af9678ec30>,16,1,[9 2],28,28,29,0,28
1,<environment.Job instance at 0x14af8c026050>,21,1,[ 1 10],36,36,37,0,36
1,<environment.Job instance at 0x14af8c01bd70>,22,3,[7 1],38,38,41,0,38
1,<environment.Job instance at 0x14af8c01b5a0>,23,1,[6 2],40,41,42,1,40
1,<environment.Job instance at 0x14af8c01bdc0>,24,2,[1 9],41,42,44,1,41
1,<environment.Job instance at 0x14af8eea2410>,26,2,[5 1],43,43,45,0,43
1,<environment.Job instance at 0x14af8eea2c80>,27,12,[5 1],44,44,56,0,44
1,<environment.Job instance at 0x14af96778500>,28,13,[ 1 10],45,56,69,11,45
1,<environment.Job instance at 0x14af967788c0>,29,1,[5 1],46,46,47,0,46
1,<environment.Job instance at 0x14af8f09d8c0>,2,2,[8 1],3,3,5,0,3
1,<environment.Job instance at 0x14af8f09dc30>,3,1,[6 2],4,5,6,1,4
1,<environment.Job instance at 0x14af8f09da50>,4,3,[2 7],5,5,8,0,5
1,<environment.Job instance at 0x14af8f09d1e0>,7,3,[1 9],10,10,13,0,10
1,<environment.Job instance at 0x14af8f0ec230>,9,2,[6 1],12,12,14,0,12
1,<environment.Job instance at 0x14af8f0ecf50>,10,1,[6 2],13,14,15,1,13
1,<environment.Job instance at 0x14af8f0ec2d0>,11,17,[8 2],14,15,32,1,14
1,<environment.Job instance at 0x14af8f0ec690>,15,1,[1 5],21,21,22,0,21
1,<environment.Job instance at 0x14af8f0ec0a0>,16,13,[6 1],22,32,45,10,22
1,<environment.Job instance at 0x14af8f0ec460>,17,12,[1 7],24,24,36,0,24
1,<environment.Job instance at 0x14af8f0ec320>,18,3,[10  2],25,45,48,20,25
1,<environment.Job instance at 0x14af8f0ecaf0>,19,3,[2 8],26,36,39,10,26
1,<environment.Job instance at 0x14af8f0ec730>,20,3,[2 6],27,39,42,12,27
1,<environment.Job instance at 0x14af8f31b5a0>,21,3,[7 1],28,48,51,20,28
1,<environment.Job instance at 0x14af8f31b370>,24,3,[1 5],32,42,45,10,32
1,<environment.Job instance at 0x14af8f31b1e0>,25,13,[5 1],33,51,64,18,35
1,<environment.Job instance at 0x14af8f31b050>,28,3,[2 8],36,48,51,12,36
1,<environment.Job instance at 0x14af8f31b230>,31,16,[5 2],40,51,67,11,40
1,<environment.Job instance at 0x14af8f31b0f0>,32,2,[6 1],42,67,69,25,42
1,<environment.Job instance at 0x14af8f31be60>,33,1,[9 1],43,69,70,26,43
1,<environment.Job instance at 0x14af8f2c7fa0>,34,2,[6 2],44,70,72,26,44
1,<environment.Job instance at 0x14af8f2c7730>,35,1,[10  2],45,72,73,27,45
1,<environment.Job instance at 0x14af8f2c76e0>,36,1,[1 8],46,64,65,18,46
1,<environment.Job instance at 0x14af8f2c7370>,37,15,[8 1],47,73,88,26,59
1,<environment.Job instance at 0x14af8f31b5f0>,26,3,[6 2],34,374,377,340,374
1,<environment.Job instance at 0x14af8f31b0a0>,27,12,[ 2 10],35,904,916,869,904
1,<environment.Job instance at 0x14af8c614190>,1,3,[2 6],3,3,6,0,3
1,<environment.Job instance at 0x14af8c614230>,2,3,[7 1],4,4,7,0,4
1,<environment.Job instance at 0x14af8c614140>,3,2,[10  2],6,7,9,1,6
1,<environment.Job instance at 0x14af8c614870>,4,2,[1 5],7,9,11,2,7
1,<environment.Job instance at 0x14af8f31ca00>,5,3,[ 1 10],8,11,14,3,8
1,<environment.Job instance at 0x14af8c6148c0>,6,1,[6 1],10,10,11,0,10
1,<environment.Job instance at 0x14af8f31c320>,7,17,[5 2],12,14,31,2,12
1,<environment.Job instance at 0x14af8bbb35a0>,10,2,[1 5],16,16,18,0,16
1,<environment.Job instance at 0x14af90608d70>,11,12,[ 2 10],17,31,43,14,17
1,<environment.Job instance at 0x14af8f31ceb0>,12,2,[1 7],19,19,21,0,19
1,<environment.Job instance at 0x14af8f277780>,13,1,[2 5],23,23,24,0,23
1,<environment.Job instance at 0x14af8f31c050>,14,3,[1 5],24,24,27,0,24
1,<environment.Job instance at 0x14af9034d550>,17,14,[1 6],27,43,57,16,29
1,<environment.Job instance at 0x14af8bae35f0>,21,3,[7 1],32,43,46,11,32
1,<environment.Job instance at 0x14af906e7820>,18,3,[1 5],28,57,60,29,32
1,<environment.Job instance at 0x14af8c63a500>,28,3,[10  1],41,146,149,105,146
1,<environment.Job instance at 0x14af8c63ae10>,29,16,[6 1],42,149,165,107,146
1,<environment.Job instance at 0x14af8c63aa00>,30,2,[10  2],43,165,167,122,146
1,<environment.Job instance at 0x14afc0ef5640>,31,1,[ 1 10],47,167,168,120,146
1,<environment.Job instance at 0x14afc0ef5870>,32,17,[10  2],48,168,185,120,156
1,<environment.Job instance at 0x14afc0ef5320>,33,1,[1 6],49,156,157,107,156
1,<environment.Job instance at 0x14af8c63aa50>,26,2,[ 1 10],39,209,211,170,209
1,<environment.Job instance at 0x14af8ee4b190>,5,2,[9 1],8,8,10,0,8
1,<environment.Job instance at 0x14af915b4640>,6,17,[5 1],9,10,27,1,9
1,<environment.Job instance at 0x14af915b41e0>,8,1,[ 1 10],12,27,28,15,12
1,<environment.Job instance at 0x14af915cb4b0>,13,3,[6 1],21,28,31,7,24
1,<environment.Job instance at 0x14af915cb5f0>,14,1,[5 1],22,24,25,2,24
1,<environment.Job instance at 0x14af915cb2d0>,15,17,[9 2],24,31,48,7,24
1,<environment.Job instance at 0x14af915cb690>,17,21,[6 1],28,48,69,20,41
1,<environment.Job instance at 0x14af96fbe7d0>,18,1,[1 5],29,41,42,12,41
1,<environment.Job instance at 0x14af96fbea00>,19,3,[8 1],30,69,72,39,43
1,<environment.Job instance at 0x14af96fbe1e0>,20,2,[ 1 10],31,72,74,41,45
1,<environment.Job instance at 0x14af96fbe140>,23,2,[10  2],35,74,76,39,47
1,<environment.Job instance at 0x14af966218c0>,26,1,[6 2],38,1294,1295,1256,1294
1,<environment.Job instance at 0x14af92e298c0>,27,2,[5 1],39,1295,1297,1256,1294
1,<environment.Job instance at 0x14af966217d0>,28,3,[ 2 10],41,1297,1300,1256,1294
1,<environment.Job instance at 0x14af8cd96c80>,29,24,[9 2],42,1300,1324,1258,1295
1,<environment.Job instance at 0x14af948a6050>,30,16,[9 1],45,1324,1340,1279,1311
1,<environment.Job instance at 0x14af8e37bd20>,1,2,[10  1],3,3,5,0,3
1,<environment.Job instance at 0x14af915cbf00>,2,3,[8 1],6,6,9,0,6
1,<environment.Job instance at 0x14af973794b0>,5,2,[1 6],9,9,11,0,9
1,<environment.Job instance at 0x14af973799b0>,6,2,[2 5],10,11,13,1,10
1,<environment.Job instance at 0x14af972df730>,12,20,[1 8],18,38,58,20,38
1,<environment.Job instance at 0x14af972dfd70>,13,1,[2 5],19,58,59,39,38
1,<environment.Job instance at 0x14af972dff50>,14,1,[2 5],21,58,59,37,38
1,<environment.Job instance at 0x14af972df4b0>,15,1,[1 8],23,59,60,36,38
1,<environment.Job instance at 0x14af972df870>,16,17,[7 1],24,38,55,14,38
1,<environment.Job instance at 0x14af972df460>,17,2,[2 5],25,60,62,35,38
1,<environment.Job instance at 0x14af972df050>,18,16,[5 1],26,59,75,33,46
1,<environment.Job instance at 0x14af8c1066e0>,19,14,[10  2],28,75,89,47,60
1,<environment.Job instance at 0x14af97233a00>,22,13,[9 2],32,89,102,57,73
1,<environment.Job instance at 0x14af97233af0>,24,12,[1 5],34,89,101,55,73
1,<environment.Job instance at 0x14af8cd9a0f0>,27,1,[9 1],38,102,103,64,74
1,<environment.Job instance at 0x14af8c0f88c0>,29,2,[10  2],40,103,105,63,76
1,<environment.Job instance at 0x14af8c50cc30>,30,2,[2 8],41,105,107,64,78
1,<environment.Job instance at 0x14af9489c780>,31,3,[7 1],42,105,108,63,79
1,<environment.Job instance at 0x14af8cdffcd0>,32,2,[2 5],43,107,109,64,80
1,<environment.Job instance at 0x14af8ef10d70>,34,1,[9 2],46,109,110,63,83
1,<environment.Job instance at 0x14af8f005730>,1,13,[1 5],2,2,15,0,2
1,<environment.Job instance at 0x14af972dff00>,2,2,[ 2 10],4,15,17,11,4
1,<environment.Job instance at 0x14af90780410>,3,2,[6 2],5,5,7,0,5
1,<environment.Job instance at 0x14af90780e10>,4,3,[2 7],7,17,20,10,7
1,<environment.Job instance at 0x14af90780eb0>,5,3,[2 7],9,20,23,11,9
1,<environment.Job instance at 0x14af8c058be0>,8,3,[10  1],13,23,26,10,13
1,<environment.Job instance at 0x14af8f152aa0>,9,15,[ 2 10],14,26,41,12,17
1,<environment.Job instance at 0x14af8edd13c0>,12,2,[ 1 10],18,41,43,23,18
1,<environment.Job instance at 0x14af8c5d07d0>,13,15,[8 1],19,43,58,24,29
1,<environment.Job instance at 0x14af8beae050>,17,3,[2 8],23,43,46,20,29
1,<environment.Job instance at 0x14af8bc11aa0>,19,2,[ 1 10],27,58,60,31,35
1,<environment.Job instance at 0x14af8bf4ef00>,20,1,[2 7],28,46,47,18,35
1,<environment.Job instance at 0x14af8bb67c80>,21,2,[9 1],29,60,62,31,35
1,<environment.Job instance at 0x14af8e361870>,22,3,[1 8],30,47,50,17,35
1,<environment.Job instance at 0x14af8e361730>,23,3,[2 7],31,50,53,19,35
1,<environment.Job instance at 0x14af90780910>,10,3,[5 1],15,62,65,47,39
1,<environment.Job instance at 0x14af8f313b40>,26,1,[6 1],36,65,66,29,43
1,<environment.Job instance at 0x14af8c1dd780>,27,2,[1 8],37,53,55,16,43
1,<environment.Job instance at 0x14af9063e0a0>,28,16,[5 1],39,66,82,27,53
1,<environment.Job instance at 0x14af8f2f2870>,31,13,[7 2],43,82,95,39,66
1,<environment.Job instance at 0x14af8f0e00a0>,32,3,[1 8],46,66,69,20,66
1,<environment.Job instance at 0x14af8bf8c370>,14,3,[6 2],20,785,788,765,785
1,<environment.Job instance at 0x15314871c960>,1,3,[1 9],2,2,5,0,2
1,<environment.Job instance at 0x1530f1ebecd0>,4,2,[7 2],5,6,8,1,6
1,<environment.Job instance at 0x1530f1ebe8c0>,6,18,[8 1],7,8,26,1,7
1,<environment.Job instance at 0x15314871c460>,5,3,[9 2],6,26,29,20,7
1,<environment.Job instance at 0x1530f1ebe460>,7,1,[2 6],8,8,9,0,8
1,<environment.Job instance at 0x1530f1ebe690>,9,2,[6 1],11,29,31,18,11
1,<environment.Job instance at 0x1530f25fce10>,11,3,[1 8],13,13,16,0,13
1,<environment.Job instance at 0x1530f1ebe550>,12,3,[1 8],14,16,19,2,14
1,<environment.Job instance at 0x1530f25978c0>,13,2,[8 1],17,31,33,14,17
1,<environment.Job instance at 0x1530f26fb8c0>,14,2,[ 1 10],18,33,35,15,18
1,<environment.Job instance at 0x1530f25f96e0>,18,2,[10  1],25,35,37,10,25
1,<environment.Job instance at 0x1530f25dbf00>,19,3,[6 2],26,37,40,11,26
1,<environment.Job instance at 0x1530f25dbaa0>,21,3,[6 1],29,40,43,11,29
1,<environment.Job instance at 0x1530f25dbd70>,23,2,[8 1],31,43,45,12,31
1,<environment.Job instance at 0x1530f25dbe60>,25,2,[2 8],34,37,39,3,34
1,<environment.Job instance at 0x1530f26340a0>,26,1,[2 7],35,39,40,4,35
1,<environment.Job instance at 0x1530f26349b0>,27,2,[2 7],36,40,42,4,36
1,<environment.Job instance at 0x1530f25cba50>,28,2,[2 7],37,42,44,5,37
1,<environment.Job instance at 0x1530f25cb6e0>,29,16,[10  2],39,45,61,6,39
1,<environment.Job instance at 0x1530f25cb190>,31,3,[9 2],41,61,64,20,41
1,<environment.Job instance at 0x1530f25cbaa0>,32,3,[2 9],42,64,67,22,42
1,<environment.Job instance at 0x1530f2617500>,33,1,[2 7],43,44,45,1,43
1,<environment.Job instance at 0x1530f46c7c30>,4,12,[9 1],8,8,20,0,8
1,<environment.Job instance at 0x1530f46c7550>,5,2,[8 2],9,20,22,11,10
1,<environment.Job instance at 0x1530f46c7190>,6,2,[1 7],12,12,14,0,12
1,<environment.Job instance at 0x1530f46c7e10>,7,3,[6 1],13,22,25,9,13
1,<environment.Job instance at 0x1530f46bb550>,10,1,[10  2],19,25,26,6,19
1,<environment.Job instance at 0x1530f46bb780>,13,1,[1 9],25,26,27,1,25
1,<environment.Job instance at 0x1530f46bbaf0>,14,17,[8 1],26,26,43,0,26
1,<environment.Job instance at 0x1530f46bb410>,15,3,[1 5],27,27,30,0,27
1,<environment.Job instance at 0x1530f46bb910>,16,3,[9 2],28,43,46,15,28
1,<environment.Job instance at 0x1530f46baf50>,17,3,[10  1],29,46,49,17,29
1,<environment.Job instance at 0x1530f46ba820>,18,12,[9 1],31,49,61,18,32
1,<environment.Job instance at 0x1530f46baeb0>,20,3,[1 9],33,33,36,0,33
1,<environment.Job instance at 0x1530f46ba3c0>,25,3,[2 9],39,61,64,22,43
1,<environment.Job instance at 0x1530f46ba7d0>,27,2,[6 2],43,64,66,21,45
1,<environment.Job instance at 0x1530f4656730>,28,3,[6 2],46,66,69,20,46
1,<environment.Job instance at 0x1530f4656d70>,32,3,[2 9],50,69,72,19,50
1,<environment.Job instance at 0x1530f4656eb0>,33,3,[7 2],51,72,75,21,51
1,<environment.Job instance at 0x1530f4656370>,35,3,[ 2 10],54,75,78,21,54
1,<environment.Job instance at 0x1530f47cdd70>,37,1,[10  1],57,78,79,21,57
1,<environment.Job instance at 0x1530f4834910>,38,2,[ 1 10],58,79,81,21,58
1,<environment.Job instance at 0x1530f5aedfa0>,1,2,[2 6],2,2,4,0,2
1,<environment.Job instance at 0x1530f5a7fa50>,13,16,[8 1],17,17,33,0,17
1,<environment.Job instance at 0x1530f5a7fa00>,14,17,[1 9],19,19,36,0,19
1,<environment.Job instance at 0x1530f5acc410>,20,15,[5 1],25,33,48,8,25
1,<environment.Job instance at 0x1530f5acccd0>,21,18,[1 8],26,36,54,10,32
1,<environment.Job instance at 0x1530f5acc0a0>,24,3,[ 2 10],32,65,68,33,65
1,<environment.Job instance at 0x1530f3ba3a50>,25,3,[2 5],33,68,71,35,65
1,<environment.Job instance at 0x1530f25b90f0>,27,3,[5 2],36,68,71,32,65
1,<environment.Job instance at 0x1530f45d0a50>,28,15,[9 2],37,71,86,34,65
1,<environment.Job instance at 0x1530f45d03c0>,31,1,[1 7],40,71,72,31,65
1,<environment.Job instance at 0x1530f45d0910>,32,3,[9 1],43,86,89,43,65
1,<environment.Job instance at 0x1530f45d0410>,37,2,[1 8],49,109,111,60,109
1,<environment.Job instance at 0x1530f45d0e10>,38,3,[1 7],51,111,114,60,109
1,<environment.Job instance at 0x1530f45d0dc0>,41,3,[1 9],54,654,657,600,654
1,<environment.Job instance at 0x1530f45d0280>,43,12,[6 1],56,654,666,598,654
1,<environment.Job instance at 0x1530f5b1d500>,0,3,[5 1],3,3,6,0,3
1,<environment.Job instance at 0x1530f5b1dd70>,1,15,[1 7],5,5,20,0,5
1,<environment.Job instance at 0x1530f5aed370>,2,3,[ 2 10],6,20,23,14,6
1,<environment.Job instance at 0x1530f1aa0550>,3,2,[1 9],8,23,25,15,8
1,<environment.Job instance at 0x1530f4998550>,5,3,[5 2],12,12,15,0,12
1,<environment.Job instance at 0x1530f4998140>,10,19,[ 1 10],18,25,44,7,19
1,<environment.Job instance at 0x1530f4998870>,12,3,[5 2],20,44,47,24,20
1,<environment.Job instance at 0x1530f4998cd0>,13,2,[ 1 10],21,47,49,26,21
1,<environment.Job instance at 0x1530f4998230>,18,3,[ 2 10],27,49,52,22,29
1,<environment.Job instance at 0x1530f19950f0>,19,14,[10  1],29,52,66,23,37
1,<environment.Job instance at 0x1530f1995230>,21,2,[8 2],31,66,68,35,41
1,<environment.Job instance at 0x1530f1995b90>,22,3,[8 1],32,68,71,36,42
1,<environment.Job instance at 0x1530f1995820>,23,2,[2 5],33,44,46,11,42
1,<environment.Job instance at 0x1530f19957d0>,24,3,[6 1],34,71,74,37,45
1,<environment.Job instance at 0x1530f1995140>,25,2,[10  1],35,74,76,39,47
1,<environment.Job instance at 0x1530f1995f50>,26,3,[ 2 10],37,76,79,39,50
1,<environment.Job instance at 0x1530f1995410>,28,16,[1 6],39,79,95,40,66
1,<environment.Job instance at 0x15310caa6b90>,30,17,[7 1],42,79,96,37,69
1,<environment.Job instance at 0x15310caa62d0>,31,1,[2 6],43,69,70,26,69
1,<environment.Job instance at 0x1530f25ecc80>,32,16,[9 1],46,96,112,50,83
1,<environment.Job instance at 0x1530f5b715f0>,35,12,[1 5],52,95,107,43,83
1,<environment.Job instance at 0x1530f315f780>,0,2,[10  2],1,1,3,0,1
1,<environment.Job instance at 0x1530f25a4c30>,1,3,[2 8],5,5,8,0,5
1,<environment.Job instance at 0x1530f1ee53c0>,3,2,[1 6],7,8,10,1,7
1,<environment.Job instance at 0x1530f1ee5eb0>,6,18,[10  1],16,16,34,0,16
1,<environment.Job instance at 0x1530f489da00>,7,2,[7 2],17,34,36,17,17
1,<environment.Job instance at 0x1530f5b951e0>,15,15,[2 8],28,34,49,6,28
1,<environment.Job instance at 0x1530f4a52230>,21,3,[ 2 10],35,49,52,14,41
1,<environment.Job instance at 0x1530f4a52a50>,23,3,[1 5],39,52,55,13,48
1,<environment.Job instance at 0x1530f4a52e10>,26,1,[7 1],42,52,53,10,50
1,<environment.Job instance at 0x1530f4a52640>,28,2,[8 2],45,53,55,8,50
1,<environment.Job instance at 0x1530f2682550>,29,3,[1 7],46,55,58,9,50
1,<environment.Job instance at 0x1530f4a52960>,30,18,[8 1],47,55,73,8,50
1,<environment.Job instance at 0x1530f2682690>,31,1,[5 2],48,73,74,25,50
1,<environment.Job instance at 0x1530f2682e10>,32,1,[1 8],49,58,59,9,51
1,<environment.Job instance at 0x1530f2682870>,33,3,[1 7],50,59,62,9,51
1,<environment.Job instance at 0x1530f25ec5a0>,34,2,[5 2],52,73,75,21,52
1,<environment.Job instance at 0x1530f25ece60>,38,12,[7 1],58,75,87,17,58
1,<environment.Job instance at 0x1530f4a52aa0>,2,3,[1 8],5,5,8,0,5
1,<environment.Job instance at 0x1530f3b7c190>,4,2,[7 2],9,9,11,0,9
1,<environment.Job instance at 0x1530f3b7cb90>,5,3,[ 2 10],11,11,14,0,11
1,<environment.Job instance at 0x1530f3b7cdc0>,6,14,[8 2],12,14,28,2,12
1,<environment.Job instance at 0x1530f3b7c0f0>,7,2,[2 5],14,14,16,0,14
1,<environment.Job instance at 0x1530f3b7cbe0>,8,1,[ 2 10],15,28,29,13,15
1,<environment.Job instance at 0x1530f3b7c550>,9,14,[8 1],16,29,43,13,16
1,<environment.Job instance at 0x1530f46378c0>,10,2,[ 1 10],17,43,45,26,17
1,<environment.Job instance at 0x1530f46375f0>,11,3,[7 2],18,45,48,27,19
1,<environment.Job instance at 0x1530f46374b0>,14,3,[1 9],22,29,32,7,22
1,<environment.Job instance at 0x1530f4637780>,15,1,[6 1],23,48,49,25,23
1,<environment.Job instance at 0x1530f4637230>,16,3,[5 1],24,49,52,25,24
1,<environment.Job instance at 0x1530f4637aa0>,17,3,[1 7],29,32,35,3,29
1,<environment.Job instance at 0x1530f4637d70>,19,20,[8 2],32,52,72,20,43
1,<environment.Job instance at 0x1530f4637870>,24,2,[9 2],42,72,74,30,45
1,<environment.Job instance at 0x1530f4637690>,25,3,[5 2],43,49,52,6,45
1,<environment.Job instance at 0x1530f4aabb90>,27,1,[ 2 10],45,74,75,29,46
1,<environment.Job instance at 0x1530f4aabdc0>,29,1,[1 8],48,61,62,13,61
1,<environment.Job instance at 0x1530f4aab8c0>,30,13,[1 7],50,75,88,25,61
1,<environment.Job instance at 0x1530f4637500>,20,2,[10  1],33,88,90,55,72
1,<environment.Job instance at 0x1530f4aab460>,33,2,[ 2 10],55,90,92,35,73
1,<environment.Job instance at 0x1530f4aabf50>,34,15,[8 2],56,92,107,36,78
1,<environment.Job instance at 0x1530f4aab820>,35,17,[10  1],58,107,124,49,95
1,<environment.Job instance at 0x1530f4637e60>,23,2,[2 7],41,218,220,177,218
1,<environment.Job instance at 0x1530f4637460>,1,3,[2 7],3,3,6,0,3
1,<environment.Job instance at 0x1530f1a040a0>,8,1,[9 2],15,729,730,714,729
1,<environment.Job instance at 0x1530f1a045a0>,11,3,[ 2 10],20,730,733,710,729
1,<environment.Job instance at 0x1530f1a04230>,13,3,[9 1],22,733,736,711,729
1,<environment.Job instance at 0x1530f1a04870>,14,16,[9 1],23,736,752,713,729
1,<environment.Job instance at 0x1530fbdb71e0>,16,3,[2 7],26,752,755,726,729
1,<environment.Job instance at 0x1530f59d80f0>,19,3,[10  2],30,755,758,725,730
1,<environment.Job instance at 0x1530f464ca00>,21,3,[9 1],34,758,761,724,732
1,<environment.Job instance at 0x1530f59d82d0>,23,16,[1 5],38,734,750,696,734
1,<environment.Job instance at 0x1530f1e45050>,24,3,[5 1],40,752,755,712,734
1,<environment.Job instance at 0x1530f4869c30>,30,3,[9 2],48,761,764,713,743
1,<environment.Job instance at 0x1530f5b37230>,31,3,[6 2],51,764,767,713,743
1,<environment.Job instance at 0x1530f5b37dc0>,32,2,[5 2],52,767,769,715,743
1,<environment.Job instance at 0x1530f5b37f50>,33,3,[1 7],53,758,761,705,743
1,<environment.Job instance at 0x1530f5b37eb0>,34,2,[9 2],55,769,771,714,743
1,<environment.Job instance at 0x1530f5aa1320>,35,1,[7 2],56,771,772,715,743
1,<environment.Job instance at 0x1530f5aa1cd0>,36,3,[1 7],58,761,764,703,743
1,<environment.Job instance at 0x1530f5aa1730>,37,14,[1 6],59,764,778,705,749
1,<environment.Job instance at 0x1530fbde4c80>,0,3,[6 1],3,3,6,0,3
1,<environment.Job instance at 0x1530f1d69320>,5,12,[5 2],8,9,21,1,9
1,<environment.Job instance at 0x1530f1d69b40>,7,3,[8 1],13,21,24,8,13
1,<environment.Job instance at 0x1530f1d69dc0>,8,1,[10  1],14,24,25,10,14
1,<environment.Job instance at 0x1530f1d69eb0>,11,16,[2 8],19,25,41,6,19
1,<environment.Job instance at 0x1530f1d48550>,14,2,[1 5],25,41,43,16,25
1,<environment.Job instance at 0x1530f1d48f50>,15,2,[8 1],26,26,28,0,26
1,<environment.Job instance at 0x1530f1d48050>,16,3,[2 9],27,43,46,16,27
1,<environment.Job instance at 0x1530f466d460>,17,1,[5 1],29,29,30,0,29
1,<environment.Job instance at 0x1530f3ba9140>,18,3,[1 5],30,46,49,16,30
1,<environment.Job instance at 0x1530f1eeb7d0>,19,2,[1 9],31,49,51,18,31
1,<environment.Job instance at 0x1530f4992140>,20,3,[2 8],32,51,54,19,32
1,<environment.Job instance at 0x1530fbdb6b40>,21,1,[1 8],35,54,55,19,35
1,<environment.Job instance at 0x1530f1d5d7d0>,24,2,[8 2],38,38,40,0,38
1,<environment.Job instance at 0x1530f3ba8410>,25,14,[9 1],40,54,68,14,40
1,<environment.Job instance at 0x15310edb17d0>,26,3,[10  1],41,68,71,27,42
1,<environment.Job instance at 0x15310cb2e6e0>,29,3,[1 9],44,55,58,11,44
1,<environment.Job instance at 0x1530f467d0f0>,31,2,[1 5],48,58,60,10,48
1,<environment.Job instance at 0x1530f467d6e0>,32,15,[10  1],49,71,86,22,57
1,<environment.Job instance at 0x1530f467d1e0>,36,2,[6 1],54,86,88,32,59
1,<environment.Job instance at 0x1530f467d5f0>,37,3,[10  1],56,88,91,32,62
1,<environment.Job instance at 0x1530f467db40>,38,3,[10  2],57,91,94,34,65
1,<environment.Job instance at 0x1530f1d483c0>,13,1,[2 6],23,189,190,166,189
1,<environment.Job instance at 0x1530f1462820>,3,3,[1 6],4,4,7,0,4
1,<environment.Job instance at 0x1530f1dd3410>,4,16,[1 5],5,7,23,2,5
1,<environment.Job instance at 0x1530f1dd3780>,5,2,[ 1 10],6,23,25,17,6
1,<environment.Job instance at 0x1530f6e00d20>,9,3,[6 1],10,10,13,0,10
1,<environment.Job instance at 0x1530f14910a0>,14,1,[6 2],18,18,19,0,18
1,<environment.Job instance at 0x1530f491c230>,19,2,[10  1],24,25,27,1,24
1,<environment.Job instance at 0x1530f13761e0>,20,2,[2 7],26,27,29,1,26
1,<environment.Job instance at 0x1530f1376280>,21,1,[5 2],27,27,28,0,27
1,<environment.Job instance at 0x1530f14ff910>,22,1,[2 5],28,29,30,1,28
1,<environment.Job instance at 0x1530f59db140>,23,2,[ 1 10],30,30,32,0,30
1,<environment.Job instance at 0x1530f5b27410>,24,3,[2 5],31,32,35,1,31
1,<environment.Job instance at 0x15310c0cef00>,25,12,[6 1],32,32,44,0,32
1,<environment.Job instance at 0x1530f45db6e0>,26,2,[5 2],33,44,46,11,33
1,<environment.Job instance at 0x15310c03fc30>,28,2,[7 1],37,46,48,9,37
1,<environment.Job instance at 0x15310c03feb0>,29,1,[7 2],38,48,49,10,38
1,<environment.Job instance at 0x15310c03f7d0>,30,3,[10  2],39,49,52,10,39
1,<environment.Job instance at 0x1530f1c83af0>,33,3,[1 7],43,43,46,0,43
1,<environment.Job instance at 0x1530f5ee77d0>,40,3,[2 7],52,68,71,16,68
1,<environment.Job instance at 0x1530f4b38b90>,41,2,[1 5],53,71,73,18,68
1,<environment.Job instance at 0x1530f4b382d0>,43,1,[2 5],56,71,72,15,68
1,<environment.Job instance at 0x1530f18e18c0>,44,15,[7 1],57,72,87,15,68
1,<environment.Job instance at 0x1530f1c83050>,36,17,[9 2],48,1011,1028,963,1011
1,<environment.Job instance at 0x1530f491e690>,1,3,[1 7],3,3,6,0,3
1,<environment.Job instance at 0x1530f5ee7190>,4,17,[9 1],6,6,23,0,6
1,<environment.Job instance at 0x1530fbdb2690>,5,3,[5 1],7,23,26,16,7
1,<environment.Job instance at 0x1530fbdb20a0>,6,1,[10  1],8,26,27,18,8
1,<environment.Job instance at 0x1530fbdb28c0>,8,12,[9 2],10,27,39,17,10
1,<environment.Job instance at 0x1530fbdb2e60>,10,3,[9 2],12,39,42,27,13
1,<environment.Job instance at 0x1530fbdb2c30>,12,16,[10  2],14,42,58,28,29
1,<environment.Job instance at 0x1530f4621640>,22,2,[7 1],26,58,60,32,42
1,<environment.Job instance at 0x1530f5f20a50>,23,3,[7 1],27,60,63,33,42
1,<environment.Job instance at 0x1530f5ef2460>,24,13,[10  1],28,63,76,35,47
1,<environment.Job instance at 0x1530f469edc0>,26,1,[ 2 10],30,76,77,46,48
1,<environment.Job instance at 0x1530f4775910>,27,2,[10  2],32,77,79,45,50
1,<environment.Job instance at 0x1530f59d8e10>,28,3,[7 1],36,79,82,43,53
1,<environment.Job instance at 0x1530f49a9e60>,29,3,[2 8],37,58,61,21,53
1,<environment.Job instance at 0x1530f1d8dc30>,30,3,[1 9],38,79,82,41,53
1,<environment.Job instance at 0x1530f5ef2230>,31,16,[10  1],39,82,98,43,69
1,<environment.Job instance at 0x1530f59d82d0>,32,3,[2 9],40,98,101,58,72
1,<environment.Job instance at 0x1530f46945f0>,34,12,[7 1],44,98,110,54,81
1,<environment.Job instance at 0x1530f4694e60>,35,3,[10  1],47,110,113,63,84
1,<environment.Job instance at 0x1530f4642c80>,36,3,[6 1],49,113,116,64,87
1,<environment.Job instance at 0x1530f46420a0>,37,3,[8 1],50,116,119,66,90
1,<environment.Job instance at 0x1530f1883a00>,40,1,[7 1],56,119,120,63,92
1,<environment.Job instance at 0x1530fbdb2910>,11,2,[10  2],13,127,129,114,127
1,<environment.Job instance at 0x1530f49b8a50>,1,13,[7 2],2,2,15,0,2
1,<environment.Job instance at 0x1530f49b8190>,2,3,[8 1],3,15,18,12,3
1,<environment.Job instance at 0x1530fbdb2d20>,3,3,[2 6],6,6,9,0,6
1,<environment.Job instance at 0x1530f8686f00>,5,16,[1 5],11,12,28,1,12
1,<environment.Job instance at 0x1530f8686910>,7,3,[2 9],14,28,31,14,14
1,<environment.Job instance at 0x1530f8686960>,8,1,[10  2],15,31,32,16,15
1,<environment.Job instance at 0x1530f1da84b0>,13,3,[10  2],23,32,35,9,23
1,<environment.Job instance at 0x1530f1da8550>,14,2,[1 6],27,35,37,8,27
1,<environment.Job instance at 0x1530f5f457d0>,15,3,[1 9],28,37,40,9,28
1,<environment.Job instance at 0x1530f4a5fd20>,17,1,[6 2],32,35,36,3,32
1,<environment.Job instance at 0x1530f4629820>,18,3,[10  2],34,40,43,6,34
1,<environment.Job instance at 0x1530f4629dc0>,19,3,[5 1],38,43,46,5,38
1,<environment.Job instance at 0x1530f1ccee10>,20,1,[2 8],39,43,44,4,39
1,<environment.Job instance at 0x1530f1ce3550>,21,2,[7 2],40,46,48,6,40
1,<environment.Job instance at 0x1530f1d31500>,22,2,[6 2],41,48,50,7,41
1,<environment.Job instance at 0x1530f1d311e0>,23,3,[9 1],42,50,53,8,42
1,<environment.Job instance at 0x1530f16d59b0>,25,2,[5 2],44,44,46,0,44
1,<environment.Job instance at 0x1530f1e7b370>,26,27,[1 7],45,46,73,1,45
1,<environment.Job instance at 0x1530f1423960>,29,2,[6 1],49,53,55,4,49
1,<environment.Job instance at 0x1530f1401730>,30,2,[ 1 10],50,73,75,23,50
1,<environment.Job instance at 0x15310f2253c0>,31,3,[9 2],52,55,58,3,52
1,<environment.Job instance at 0x15310f225910>,32,2,[5 1],53,58,60,5,53
1,<environment.Job instance at 0x15310f225820>,34,3,[9 2],55,61,64,6,61
1,<environment.Job instance at 0x15310f225e10>,35,2,[2 9],57,75,77,18,61
1,<environment.Job instance at 0x1530f1e03780>,1,1,[5 1],3,4,5,1,4
1,<environment.Job instance at 0x1530f4ac7d20>,2,13,[10  1],5,5,18,0,5
1,<environment.Job instance at 0x15310e4fbb90>,3,2,[1 8],7,18,20,11,7
1,<environment.Job instance at 0x1530f4ac7b90>,4,1,[10  2],8,20,21,12,8
1,<environment.Job instance at 0x1530f4ac75a0>,5,3,[2 8],9,21,24,12,9
1,<environment.Job instance at 0x1530f4ac7730>,7,2,[8 2],15,18,20,3,15
1,<environment.Job instance at 0x1530f5f8b690>,9,3,[6 2],17,21,24,4,17
1,<environment.Job instance at 0x1530f5f8b6e0>,10,1,[8 1],19,24,25,5,19
1,<environment.Job instance at 0x1530f5f8b780>,11,3,[1 9],21,24,27,3,21
1,<environment.Job instance at 0x1530f5f8b730>,14,12,[7 1],26,26,38,0,26
1,<environment.Job instance at 0x1530f1c135a0>,16,3,[9 2],28,901,904,873,901
1,<environment.Job instance at 0x1530f18836e0>,1,12,[2 6],3,3,15,0,3
1,<environment.Job instance at 0x1530f1c135a0>,2,1,[9 1],5,15,16,10,5
1,<environment.Job instance at 0x1530f1b7d1e0>,5,16,[8 1],10,16,32,6,10
1,<environment.Job instance at 0x1530f1b7daf0>,6,16,[1 6],11,15,31,4,11
1,<environment.Job instance at 0x1530f1b7da50>,7,2,[10  2],13,32,34,19,13
1,<environment.Job instance at 0x1530f1b7dc30>,8,3,[1 7],14,34,37,20,14
1,<environment.Job instance at 0x1530f1b7d910>,9,14,[9 2],16,34,48,18,19
1,<environment.Job instance at 0x15310e4e5280>,13,3,[1 5],20,37,40,17,20
1,<environment.Job instance at 0x15310e4e53c0>,17,2,[1 8],25,40,42,15,28
1,<environment.Job instance at 0x15310e4e5140>,18,12,[1 7],27,42,54,15,28
1,<environment.Job instance at 0x15310e4e5320>,19,1,[ 1 10],29,54,55,25,29
1,<environment.Job instance at 0x15310e4e54b0>,22,3,[6 2],32,48,51,16,45
1,<environment.Job instance at 0x15310e4e51e0>,23,2,[6 2],33,51,53,18,45
1,<environment.Job instance at 0x15310e4e5640>,24,17,[5 2],34,55,72,21,45
1,<environment.Job instance at 0x15310e4e5d20>,25,1,[6 1],36,53,54,17,45
1,<environment.Job instance at 0x15310e4e5cd0>,27,3,[2 7],39,57,60,18,57
1,<environment.Job instance at 0x15310e4e5eb0>,29,3,[8 2],41,72,75,31,57
1,<environment.Job instance at 0x1530f1d69820>,30,1,[1 7],42,60,61,18,57
1,<environment.Job instance at 0x1530f1d69230>,34,3,[7 1],46,75,78,29,73
1,<environment.Job instance at 0x1530f1d69460>,35,14,[8 2],47,78,92,31,73
1,<environment.Job instance at 0x1530f1d699b0>,37,2,[7 2],50,92,94,42,73
1,<environment.Job instance at 0x1530f1d69cd0>,38,3,[5 2],52,94,97,42,73
1,<environment.Job instance at 0x1530f1d691e0>,39,13,[2 8],53,84,97,31,84
1,<environment.Job instance at 0x1530f1d690a0>,40,1,[8 1],54,97,98,43,84
1,<environment.Job instance at 0x1530f1d69410>,41,1,[1 5],56,97,98,41,84
1,<environment.Job instance at 0x1530fbdbdf00>,42,1,[10  1],58,98,99,40,84
1,<environment.Job instance at 0x1530fbdbd780>,43,1,[5 2],59,99,100,40,84
1,<environment.Job instance at 0x15310e4e5050>,15,3,[9 2],23,1811,1814,1788,1811
1,<environment.Job instance at 0x1530f1ef71e0>,1,1,[10  2],3,3,4,0,3
1,<environment.Job instance at 0x1530f1da7dc0>,3,21,[2 5],5,6,27,1,6
1,<environment.Job instance at 0x1530f1da70a0>,5,3,[2 7],8,27,30,19,8
1,<environment.Job instance at 0x1530f1da75a0>,6,15,[7 2],9,9,24,0,9
1,<environment.Job instance at 0x1530f1da7c80>,7,15,[6 1],10,24,39,14,10
1,<environment.Job instance at 0x1530f1da7050>,8,2,[2 9],11,30,32,19,11
1,<environment.Job instance at 0x1530f1da7780>,9,2,[1 5],12,32,34,20,12
1,<environment.Job instance at 0x1530f1d7b870>,10,16,[1 8],13,34,50,21,21
1,<environment.Job instance at 0x1530f1a10460>,16,2,[5 2],21,39,41,18,24
1,<environment.Job instance at 0x1530f1a10190>,17,2,[5 1],22,41,43,19,24
1,<environment.Job instance at 0x1530f5b25640>,18,1,[1 7],23,50,51,27,24
1,<environment.Job instance at 0x1530f5b1f690>,19,17,[9 1],26,43,60,17,31
1,<environment.Job instance at 0x1530f19f8050>,23,3,[2 6],31,60,63,29,34
1,<environment.Job instance at 0x1530f3b9f730>,32,1,[8 2],43,60,61,17,49
1,<environment.Job instance at 0x1530f3b9f050>,33,17,[7 1],44,61,78,17,51
1,<environment.Job instance at 0x1530f1a2b190>,34,17,[2 7],45,63,80,18,51
1,<environment.Job instance at 0x1530f1a2b0f0>,37,1,[8 2],48,78,79,30,55
1,<environment.Job instance at 0x1530f1a2bbe0>,38,1,[5 2],49,79,80,30,55
1,<environment.Job instance at 0x15310cbb2e10>,40,1,[1 8],51,55,56,4,55
1,<environment.Job instance at 0x15310cbb2640>,41,2,[6 2],52,80,82,28,55
1,<environment.Job instance at 0x15310cbb2af0>,43,1,[6 2],55,82,83,27,55
1,<environment.Job instance at 0x15310cbb4500>,44,3,[8 2],56,83,86,27,57
1,<environment.Job instance at 0x1530f5af8050>,46,13,[10  1],59,86,99,27,70
1,<environment.Job instance at 0x1530f5ea54b0>,1,2,[7 2],2,2,4,0,2
1,<environment.Job instance at 0x1530f3150aa0>,2,3,[10  1],3,4,7,1,3
1,<environment.Job instance at 0x1530f3150690>,3,3,[6 1],4,7,10,3,4
1,<environment.Job instance at 0x1530f31505a0>,6,1,[5 1],7,10,11,3,7
1,<environment.Job instance at 0x1530f3150730>,8,3,[5 2],9,10,13,1,9
1,<environment.Job instance at 0x1530f3150870>,9,2,[8 2],10,13,15,3,10
1,<environment.Job instance at 0x1530f3150e10>,10,3,[2 8],11,11,14,0,11
1,<environment.Job instance at 0x1530f3150cd0>,12,13,[7 2],14,15,28,1,14
1,<environment.Job instance at 0x1530f5ac9730>,14,15,[ 2 10],16,28,43,12,16
1,<environment.Job instance at 0x1530f5ac9d70>,15,3,[10  2],17,43,46,26,17
1,<environment.Job instance at 0x1530f5ac9a00>,16,3,[2 5],19,19,22,0,19
1,<environment.Job instance at 0x1530f5ac9af0>,23,2,[10  1],27,46,48,19,35
1,<environment.Job instance at 0x1530f5ac9190>,26,16,[6 2],31,48,64,17,36
1,<environment.Job instance at 0x1530f5ac9960>,27,1,[6 1],32,64,65,32,36
1,<environment.Job instance at 0x1530f5ac9d20>,28,2,[9 1],34,65,67,31,38
1,<environment.Job instance at 0x1530fb761960>,29,19,[1 5],36,48,67,12,38
1,<environment.Job instance at 0x1530fb761a00>,30,1,[8 1],37,67,68,30,39
1,<environment.Job instance at 0x1530fb7615a0>,31,1,[5 1],39,68,69,29,40
1,<environment.Job instance at 0x1530fb7619b0>,32,2,[7 2],40,69,71,29,42
1,<environment.Job instance at 0x1530fb761a50>,34,3,[1 8],43,67,70,24,62
1,<environment.Job instance at 0x1530fb761fa0>,35,1,[ 2 10],44,71,72,27,62
1,<environment.Job instance at 0x1530fb7614b0>,36,2,[7 2],46,72,74,26,62
1,<environment.Job instance at 0x1530f1d656e0>,40,15,[10  2],54,74,89,20,62
1,<environment.Job instance at 0x1530f866cb90>,41,2,[7 2],55,89,91,34,62
1,<environment.Job instance at 0x1530f866ceb0>,42,1,[1 5],57,70,71,13,62
1,<environment.Job instance at 0x1530f1440870>,4,1,[2 9],6,6,7,0,6
1,<environment.Job instance at 0x1530fbdb9f50>,5,2,[10  2],7,7,9,0,7
1,<environment.Job instance at 0x1530fbdb9280>,6,1,[6 1],10,10,11,0,10
1,<environment.Job instance at 0x1530fbdb93c0>,8,2,[2 7],13,13,15,0,13
1,<environment.Job instance at 0x1530fbdb95a0>,9,3,[2 5],14,15,18,1,14
1,<environment.Job instance at 0x1530fbdb9a50>,11,12,[5 2],17,17,29,0,17
1,<environment.Job instance at 0x1530f2660eb0>,12,1,[10  1],18,29,30,11,18
1,<environment.Job instance at 0x1530f26a7c80>,13,3,[10  1],21,30,33,9,21
1,<environment.Job instance at 0x15310c0c2280>,14,2,[ 2 10],22,33,35,11,22
1,<environment.Job instance at 0x1530fbdcce10>,15,3,[9 2],23,35,38,12,23
1,<environment.Job instance at 0x1530f263b870>,19,1,[9 2],30,38,39,8,30
1,<environment.Job instance at 0x1530f1e53870>,20,1,[10  1],31,39,40,8,31
1,<environment.Job instance at 0x1530f16c2960>,25,15,[2 5],39,61,76,22,61
1,<environment.Job instance at 0x1530f16c2dc0>,26,14,[7 1],40,61,75,21,61
1,<environment.Job instance at 0x1530f16c2140>,27,2,[7 1],41,75,77,34,61
1,<environment.Job instance at 0x1530f4964f00>,29,2,[10  2],43,77,79,34,61
1,<environment.Job instance at 0x1530f4964640>,30,14,[9 1],44,79,93,35,64
1,<environment.Job instance at 0x1530f4964e10>,31,3,[9 2],45,93,96,48,67
1,<environment.Job instance at 0x1530f3bb0230>,35,3,[9 2],51,96,99,45,70
1,<environment.Job instance at 0x1530f16c2190>,1,3,[1 9],2,2,5,0,2
1,<environment.Job instance at 0x1530f1a2bf50>,4,3,[2 8],8,8,11,0,8
1,<environment.Job instance at 0x1530f1a2b410>,8,15,[10  1],13,13,28,0,13
1,<environment.Job instance at 0x1530f1a0de10>,13,1,[5 1],18,28,29,10,18
1,<environment.Job instance at 0x1530f1829af0>,14,2,[2 6],19,28,30,9,19
1,<environment.Job instance at 0x15310cc37a00>,15,1,[8 1],20,29,30,9,20
1,<environment.Job instance at 0x1530f1a0d8c0>,16,1,[7 2],22,30,31,8,22
1,<environment.Job instance at 0x15310ca432d0>,17,12,[6 2],23,31,43,8,23
1,<environment.Job instance at 0x1530f5e66190>,18,3,[1 7],24,30,33,6,24
1,<environment.Job instance at 0x1530f4602730>,19,2,[6 2],26,43,45,17,26
1,<environment.Job instance at 0x1530f4602e60>,20,3,[9 1],27,45,48,18,27
1,<environment.Job instance at 0x1530f4a61640>,23,14,[9 2],30,48,62,18,33
1,<environment.Job instance at 0x1530f4a615f0>,24,1,[1 9],31,45,46,14,33
1,<environment.Job instance at 0x1530f4a617d0>,25,16,[1 8],32,46,62,14,33
1,<environment.Job instance at 0x1530f4a61c30>,26,1,[6 1],33,62,63,29,34
1,<environment.Job instance at 0x1530f4a61eb0>,27,3,[5 2],34,63,66,29,37
1,<environment.Job instance at 0x1530f4a61dc0>,29,2,[8 2],36,66,68,30,45
1,<environment.Job instance at 0x1530f4a61f50>,30,1,[9 2],37,68,69,31,45
1,<environment.Job instance at 0x1530f4a614b0>,31,2,[1 7],38,62,64,24,45
1,<environment.Job instance at 0x1530f4a79b90>,35,23,[9 1],46,69,92,23,63
1,<environment.Job instance at 0x1530f4a79f00>,37,1,[5 2],48,92,93,44,66
1,<environment.Job instance at 0x1530f4992780>,38,1,[8 2],49,93,94,44,66
1,<environment.Job instance at 0x1530f5c143c0>,39,2,[7 2],51,94,96,43,67
1,<environment.Job instance at 0x1530f5c14190>,40,3,[6 1],53,96,99,43,70
1,<environment.Job instance at 0x1530f4a89d70>,41,2,[10  1],54,99,101,45,72
1,<environment.Job instance at 0x1530f4a89960>,42,1,[9 1],55,101,102,46,73
1,<environment.Job instance at 0x1530f4a899b0>,43,3,[5 1],56,102,105,46,76
1,<environment.Job instance at 0x1530f4a892d0>,44,3,[1 6],57,76,79,19,76
1,<environment.Job instance at 0x1530f3150370>,1,3,[9 1],6,6,9,0,6
1,<environment.Job instance at 0x1530f48e67d0>,14,2,[5 2],33,33,35,0,33
1,<environment.Job instance at 0x1530f1dde730>,20,16,[2 9],40,40,56,0,40
1,<environment.Job instance at 0x1530f18fcc80>,24,3,[8 2],45,56,59,11,45
1,<environment.Job instance at 0x1530f1ed0140>,34,2,[10  2],58,59,61,1,58
1,<environment.Job instance at 0x1530f1ed0c30>,35,2,[1 7],59,61,63,2,59
1,<environment.Job instance at 0x1530f1910d20>,11,16,[9 1],24,2147,2163,2123,2147
1,<environment.Job instance at 0x1530f19103c0>,10,1,[8 1],23,2307,2308,2284,2307
1,<environment.Job instance at 0x1530f49b9cd0>,4,3,[6 1],7,7,10,0,7
1,<environment.Job instance at 0x1530f5a5dc30>,5,2,[ 1 10],8,10,12,2,8
1,<environment.Job instance at 0x1530f5a5d5f0>,6,1,[7 1],9,12,13,3,9
1,<environment.Job instance at 0x1530f5a5d230>,8,2,[10  2],13,13,15,0,13
1,<environment.Job instance at 0x1530f5a5d370>,9,1,[5 1],14,15,16,1,14
1,<environment.Job instance at 0x1530f5a5d910>,11,1,[6 1],16,16,17,0,16
1,<environment.Job instance at 0x1530fbdaafa0>,12,3,[8 1],18,18,21,0,18
1,<environment.Job instance at 0x15310edf7500>,14,2,[8 2],23,23,25,0,23
1,<environment.Job instance at 0x1530f5a5dfa0>,15,17,[10  1],26,26,43,0,26
1,<environment.Job instance at 0x1530f1ef0af0>,16,3,[2 6],27,43,46,16,27
1,<environment.Job instance at 0x1530f4a7f190>,17,2,[7 1],28,43,45,15,28
1,<environment.Job instance at 0x1530f1533780>,25,12,[2 8],41,47,59,6,47
1,<environment.Job instance at 0x1530f1533230>,28,1,[9 1],44,59,60,15,56
1,<environment.Job instance at 0x1530f1533960>,29,1,[ 2 10],45,60,61,15,56
1,<environment.Job instance at 0x1530fbda6820>,30,12,[2 8],48,61,73,13,56
1,<environment.Job instance at 0x1530fbda6280>,31,3,[ 1 10],51,73,76,22,56
1,<environment.Job instance at 0x1530fbda62d0>,32,1,[8 2],52,56,57,4,56
1,<environment.Job instance at 0x1530fbda6640>,33,18,[9 1],53,76,94,23,65
1,<environment.Job instance at 0x1530fbda6e60>,34,2,[8 1],55,65,67,10,65
1,<environment.Job instance at 0x15310f2280a0>,35,13,[8 2],56,94,107,38,78
1,<environment.Job instance at 0x1530f4b13b40>,22,2,[2 8],35,411,413,376,411
1,<environment.Job instance at 0x1530f4b13e60>,23,1,[1 7],38,496,497,458,496
1,<environment.Job instance at 0x1530f473a370>,0,3,[8 2],3,3,6,0,3
1,<environment.Job instance at 0x1530f1edc230>,2,3,[2 8],5,5,8,0,5
1,<environment.Job instance at 0x1530f4b13e60>,5,1,[1 7],10,10,11,0,10
1,<environment.Job instance at 0x1530f1edce60>,6,21,[9 1],11,11,32,0,11
1,<environment.Job instance at 0x1530f1e61c30>,8,15,[10  2],13,32,47,19,18
1,<environment.Job instance at 0x1530f1ac0f00>,12,1,[1 9],19,19,20,0,19
1,<environment.Job instance at 0x1530f15c36e0>,14,2,[1 8],21,21,23,0,21
1,<environment.Job instance at 0x1530f5a120a0>,15,1,[1 9],23,23,24,0,23
1,<environment.Job instance at 0x1530f1ac05a0>,16,2,[ 2 10],25,47,49,22,25
1,<environment.Job instance at 0x1530f19179b0>,17,3,[9 1],26,49,52,23,26
1,<environment.Job instance at 0x15310c1b5780>,18,12,[9 1],27,52,64,25,35
1,<environment.Job instance at 0x1530f5b3d370>,23,1,[9 2],34,64,65,30,36
1,<environment.Job instance at 0x1530f485f230>,24,1,[2 8],35,65,66,30,37
1,<environment.Job instance at 0x15310c14b730>,25,1,[5 1],36,65,66,29,37
1,<environment.Job instance at 0x15310c158a50>,26,1,[8 1],38,66,67,28,38
1,<environment.Job instance at 0x1530f14291e0>,27,1,[1 8],40,49,50,9,40
1,<environment.Job instance at 0x1530f1429780>,28,1,[2 9],41,66,67,25,41
1,<environment.Job instance at 0x1530f13f9e60>,29,3,[1 9],42,50,53,8,42
1,<environment.Job instance at 0x1530f13f90f0>,31,1,[7 2],45,67,68,22,45
1,<environment.Job instance at 0x1530f26d0960>,32,1,[10  1],46,68,69,22,46
1,<environment.Job instance at 0x1530f26d0f00>,33,3,[2 5],48,69,72,21,48
1,<environment.Job instance at 0x1530f26d05f0>,34,2,[6 2],49,69,71,20,49
1,<environment.Job instance at 0x1530f13f32d0>,36,3,[2 9],51,72,75,21,53
1,<environment.Job instance at 0x1530f13f3190>,38,1,[10  1],53,75,76,22,53
1,<environment.Job instance at 0x1530f1a080f0>,40,1,[7 1],55,71,72,16,55
1,<environment.Job instance at 0x1530f1a08320>,41,3,[9 2],56,76,79,20,56
1,<environment.Job instance at 0x1530f26e4f00>,44,3,[2 5],59,79,82,20,59
1,<environment.Job instance at 0x15310ca58280>,1,21,[9 2],2,2,23,0,2
1,<environment.Job instance at 0x15310edc64b0>,6,3,[7 2],8,23,26,15,8
1,<environment.Job instance at 0x15310edc6140>,13,3,[7 1],20,27,30,7,27
1,<environment.Job instance at 0x1530f1b453c0>,14,1,[6 1],21,30,31,9,27
1,<environment.Job instance at 0x1530f1b452d0>,15,15,[6 2],22,31,46,9,29
1,<environment.Job instance at 0x1530f1b45e60>,16,3,[2 9],23,46,49,23,29
1,<environment.Job instance at 0x1530f1b45c30>,17,17,[1 8],25,49,66,24,37
1,<environment.Job instance at 0x1530f17d7f50>,22,1,[1 5],31,45,46,14,45
1,<environment.Job instance at 0x1530f17d7f00>,23,2,[9 1],32,49,51,17,45
1,<environment.Job instance at 0x1530f17d7e10>,24,3,[9 2],33,51,54,18,45
1,<environment.Job instance at 0x1530f1768820>,25,17,[5 2],34,54,71,20,45
1,<environment.Job instance at 0x15310edb1be0>,26,2,[2 6],36,66,68,30,45
1,<environment.Job instance at 0x1530f17d7af0>,27,1,[ 1 10],37,71,72,34,45
1,<environment.Job instance at 0x1530f59f5dc0>,28,1,[2 7],38,68,69,30,45
1,<environment.Job instance at 0x1530f17d75f0>,29,2,[2 6],39,69,71,30,45
1,<environment.Job instance at 0x15310c1dc230>,31,2,[5 1],42,46,48,4,45
1,<environment.Job instance at 0x1531441c49b0>,32,2,[8 2],43,72,74,29,45
1,<environment.Job instance at 0x1530f4642af0>,36,18,[10  2],48,74,92,26,65
1,<environment.Job instance at 0x1530f21316e0>,39,3,[1 6],51,92,95,41,68
1,<environment.Job instance at 0x1530f2131050>,40,2,[1 8],53,72,74,19,68
1,<environment.Job instance at 0x1530f2131dc0>,42,16,[8 2],55,92,108,37,79
1,<environment.Job instance at 0x1530f2131230>,43,3,[1 5],58,95,98,37,79
1,<environment.Job instance at 0x1530f2131e10>,44,1,[10  1],59,108,109,49,80
1,<environment.Job instance at 0x15310edc6cd0>,8,1,[1 8],12,259,260,247,259
1,<environment.Job instance at 0x15310e75a730>,1,1,[1 6],2,2,3,0,2
1,<environment.Job instance at 0x1530f1b0d780>,3,2,[5 1],4,4,6,0,4
1,<environment.Job instance at 0x1530f1b0de60>,4,2,[7 2],5,6,8,1,5
1,<environment.Job instance at 0x1530f1b0d820>,5,1,[1 6],6,6,7,0,6
1,<environment.Job instance at 0x1530f1b0d5a0>,6,3,[2 6],7,7,10,0,7
1,<environment.Job instance at 0x1530f1b0d3c0>,7,3,[1 9],8,10,13,2,8
1,<environment.Job instance at 0x1530f1b0df00>,8,3,[6 1],9,9,12,0,9
1,<environment.Job instance at 0x1530f1b0dd20>,10,2,[7 1],16,16,18,0,16
1,<environment.Job instance at 0x1530f1b0d6e0>,11,17,[8 1],17,18,35,1,17
1,<environment.Job instance at 0x1530f5b71910>,13,2,[2 5],19,19,21,0,19
1,<environment.Job instance at 0x1530f5b718c0>,14,3,[9 1],20,35,38,15,20
1,<environment.Job instance at 0x1530f5b719b0>,20,3,[5 2],28,38,41,10,28
1,<environment.Job instance at 0x1530f5b71b90>,21,15,[8 1],29,41,56,12,29
1,<environment.Job instance at 0x1530f5b71be0>,22,3,[2 7],30,30,33,0,30
1,<environment.Job instance at 0x1530f15d33c0>,27,1,[7 2],42,56,57,14,42
1,<environment.Job instance at 0x1530f15d3c80>,29,2,[2 9],44,44,46,0,44
1,<environment.Job instance at 0x1530f1659320>,30,3,[2 6],45,46,49,1,45
1,<environment.Job instance at 0x1530f16592d0>,31,2,[7 1],47,57,59,10,47
1,<environment.Job instance at 0x1530f1659cd0>,34,3,[1 9],51,51,54,0,51
1,<environment.Job instance at 0x1530f26490a0>,35,17,[1 5],52,54,71,2,52
1,<environment.Job instance at 0x1530f26494b0>,36,3,[8 1],54,59,62,5,54
1,<environment.Job instance at 0x1530f5afb870>,1,3,[7 2],3,3,6,0,3
1,<environment.Job instance at 0x1530f5ba2640>,4,3,[10  1],8,8,11,0,8
1,<environment.Job instance at 0x1530f5ba2140>,6,3,[7 2],11,11,14,0,11
1,<environment.Job instance at 0x1530f1c12dc0>,8,15,[ 2 10],14,14,29,0,14
1,<environment.Job instance at 0x1530f1c12af0>,9,1,[1 9],15,29,30,14,15
1,<environment.Job instance at 0x1530f1c417d0>,10,3,[6 2],16,30,33,14,16
1,<environment.Job instance at 0x1530f1c722d0>,16,3,[2 5],25,41,44,16,41
1,<environment.Job instance at 0x1530f14907d0>,17,18,[5 2],27,41,59,14,41
1,<environment.Job instance at 0x1530f1495230>,18,1,[1 6],28,44,45,16,41
1,<environment.Job instance at 0x1530f14a2190>,19,2,[2 6],30,45,47,15,41
1,<environment.Job instance at 0x1530f1c76690>,20,2,[6 2],31,59,61,28,41
1,<environment.Job instance at 0x1530f1495190>,21,3,[2 7],32,47,50,15,41
1,<environment.Job instance at 0x1530f1c765a0>,22,1,[10  1],36,61,62,25,41
1,<environment.Job instance at 0x1530f18c3230>,23,3,[10  1],37,62,65,25,41
1,<environment.Job instance at 0x1530f1c76190>,24,2,[6 1],38,65,67,27,41
1,<environment.Job instance at 0x1530f18c3640>,25,3,[1 5],39,50,53,11,41
1,<environment.Job instance at 0x1530f18c3500>,26,2,[10  2],40,67,69,27,41
1,<environment.Job instance at 0x1530f18c3960>,27,1,[9 1],41,69,70,28,41
1,<environment.Job instance at 0x1530f18e46e0>,28,1,[1 8],42,53,54,11,42
1,<environment.Job instance at 0x1530f18e4230>,30,3,[2 7],44,54,57,10,44
1,<environment.Job instance at 0x1530f18e4190>,31,1,[7 1],45,70,71,25,45
1,<environment.Job instance at 0x1530f14936e0>,32,2,[7 2],46,71,73,25,46
1,<environment.Job instance at 0x1530f1493c30>,33,13,[10  1],48,73,86,25,57
1,<environment.Job instance at 0x1530f5b86370>,36,1,[6 2],51,86,87,35,58
1,<environment.Job instance at 0x1530f5b86230>,37,1,[9 1],52,87,88,35,59
1,<environment.Job instance at 0x1530f5b866e0>,39,3,[10  2],57,88,91,31,62
1,<environment.Job instance at 0x1530f15ac460>,1,3,[9 1],2,2,5,0,2
1,<environment.Job instance at 0x1530f2549af0>,5,3,[2 8],7,7,10,0,7
1,<environment.Job instance at 0x1530f5c14cd0>,6,17,[10  1],8,10,27,2,8
1,<environment.Job instance at 0x1530f5c14dc0>,11,2,[1 7],14,27,29,13,14
1,<environment.Job instance at 0x1530f5c14320>,12,3,[2 9],15,29,32,14,15
1,<environment.Job instance at 0x1530f5c143c0>,13,2,[6 1],16,27,29,11,16
1,<environment.Job instance at 0x1530f5c140f0>,14,1,[5 1],17,29,30,12,17
1,<environment.Job instance at 0x1530f5c14460>,16,2,[7 1],20,30,32,10,20
1,<environment.Job instance at 0x1530f5c14550>,18,1,[ 1 10],25,32,33,7,25
1,<environment.Job instance at 0x1530f5c14230>,19,3,[1 9],26,33,36,7,26
1,<environment.Job instance at 0x1530f5c14640>,20,2,[9 2],28,36,38,8,28
1,<environment.Job instance at 0x1530f26a95f0>,21,3,[2 7],29,38,41,9,29
1,<environment.Job instance at 0x1530f26a9280>,24,3,[1 7],35,41,44,6,35
1,<environment.Job instance at 0x1530f26a9370>,25,14,[2 5],37,44,58,7,37
1,<environment.Job instance at 0x1530f26a9320>,26,13,[1 5],41,44,57,3,41
1,<environment.Job instance at 0x1530f26a9c30>,29,1,[10  2],45,58,59,13,45
1,<environment.Job instance at 0x1530f26a9a00>,30,3,[2 9],46,59,62,13,46
1,<environment.Job instance at 0x1530f26a9690>,32,12,[5 2],49,62,74,13,49
1,<environment.Job instance at 0x1530f46b4eb0>,35,3,[5 1],53,59,62,6,53
1,<environment.Job instance at 0x1530f46b4550>,39,3,[8 1],57,74,77,17,57
1,<environment.Job instance at 0x1530f46b4730>,41,3,[9 2],59,77,80,18,59
1,<environment.Job instance at 0x1530f5c14f00>,1,18,[8 1],8,8,26,0,8
1,<environment.Job instance at 0x1530f140d550>,5,3,[6 2],16,26,29,10,16
1,<environment.Job instance at 0x1530f1cacfa0>,7,2,[5 1],18,29,31,11,19
1,<environment.Job instance at 0x1530f4853c30>,9,1,[7 2],20,31,32,11,20
1,<environment.Job instance at 0x1530f1ba7460>,11,3,[9 2],24,32,35,8,24
1,<environment.Job instance at 0x1530f1ba70a0>,12,2,[2 5],25,25,27,0,25
1,<environment.Job instance at 0x15310c0c2b90>,8,3,[9 1],19,35,38,16,26
1,<environment.Job instance at 0x1530f1ba72d0>,14,3,[1 7],27,27,30,0,27
1,<environment.Job instance at 0x1530f46a6820>,18,2,[2 6],31,38,40,7,31
1,<environment.Job instance at 0x1530f46bfeb0>,19,3,[ 2 10],32,40,43,8,32
1,<environment.Job instance at 0x1530f46bf050>,20,13,[2 8],33,43,56,10,33
1,<environment.Job instance at 0x1530f46bfcd0>,21,1,[8 1],36,38,39,2,36
1,<environment.Job instance at 0x1530f1c234b0>,22,3,[1 6],37,56,59,19,37
1,<environment.Job instance at 0x1530f1c239b0>,23,2,[1 6],38,59,61,21,38
1,<environment.Job instance at 0x1530f1c23e10>,24,1,[2 5],39,61,62,22,39
1,<environment.Job instance at 0x1530f5f47dc0>,35,18,[10  2],59,62,80,3,59
1,<environment.Job instance at 0x1530f17b0af0>,3,3,[5 1],4,4,7,0,4
1,<environment.Job instance at 0x1530f17b0320>,4,3,[1 7],5,5,8,0,5
1,<environment.Job instance at 0x1530f1c23eb0>,5,3,[10  2],7,8,11,1,7
1,<environment.Job instance at 0x1530f18e19b0>,6,17,[9 2],9,11,28,2,9
1,<environment.Job instance at 0x1530f4868050>,7,2,[9 2],11,28,30,17,11
1,<environment.Job instance at 0x1530f1d469b0>,8,2,[2 7],15,30,32,15,15
1,<environment.Job instance at 0x1530f5c16780>,9,1,[8 1],16,30,31,14,16
1,<environment.Job instance at 0x1530f1ee7e60>,11,1,[1 8],18,18,19,0,18
1,<environment.Job instance at 0x1530f4798370>,14,2,[7 2],21,31,33,10,21
1,<environment.Job instance at 0x1530f4a71870>,15,1,[ 2 10],22,33,34,11,22
1,<environment.Job instance at 0x1530f5f9fa00>,16,16,[1 7],23,34,50,11,23
1,<environment.Job instance at 0x1530f1dbd280>,17,17,[5 2],25,34,51,9,30
1,<environment.Job instance at 0x1530fa0fe5f0>,23,2,[10  2],32,51,53,19,32
1,<environment.Job instance at 0x1530f59d8640>,24,15,[9 1],34,53,68,19,39
1,<environment.Job instance at 0x1530f16ce190>,25,1,[1 5],35,50,51,15,39
1,<environment.Job instance at 0x1530f2101c30>,26,2,[1 9],36,53,55,17,39
1,<environment.Job instance at 0x1530f1b71870>,27,2,[1 7],39,55,57,16,39
1,<environment.Job instance at 0x1530f172e370>,28,3,[1 8],40,57,60,17,40
1,<environment.Job instance at 0x1530f187f870>,31,3,[1 7],43,60,63,17,49
1,<environment.Job instance at 0x1530f187ff00>,32,2,[6 1],44,68,70,24,49
1,<environment.Job instance at 0x1530f48794b0>,33,3,[7 2],45,70,73,25,49
1,<environment.Job instance at 0x1530f1da36e0>,34,2,[8 1],46,73,75,27,49
1,<environment.Job instance at 0x1530f47bf780>,35,15,[8 2],47,75,90,28,61
1,<environment.Job instance at 0x1530f47bf1e0>,36,1,[10  1],48,90,91,42,62
1,<environment.Job instance at 0x15310ca9a6e0>,37,2,[8 2],50,91,93,41,64
1,<environment.Job instance at 0x15310ca9a870>,38,1,[1 6],51,64,65,13,64
1,<environment.Job instance at 0x15310ca9aaf0>,39,3,[6 1],52,93,96,41,67
1,<environment.Job instance at 0x15310ca9adc0>,40,16,[1 5],53,67,83,14,67
1,<environment.Job instance at 0x1530fa0dd230>,41,3,[2 5],54,83,86,29,67
1,<environment.Job instance at 0x1530fa0dda50>,42,3,[2 8],56,86,89,30,67
1,<environment.Job instance at 0x15310e4bc7d0>,21,2,[1 5],30,1232,1234,1202,1232
1,<environment.Job instance at 0x1530f13691e0>,0,3,[1 9],1,1,4,0,1
1,<environment.Job instance at 0x1530f1369f00>,1,15,[9 1],2,2,17,0,2
1,<environment.Job instance at 0x1530f1bc3cd0>,2,12,[6 1],3,17,29,14,4
1,<environment.Job instance at 0x1530f1bc3960>,4,3,[2 8],5,17,20,12,5
1,<environment.Job instance at 0x1530f1bd56e0>,9,3,[8 2],11,29,32,18,11
1,<environment.Job instance at 0x1530f1bd5aa0>,10,3,[ 2 10],12,32,35,20,12
1,<environment.Job instance at 0x1530f1bd5a50>,11,2,[9 1],14,35,37,21,14
1,<environment.Job instance at 0x1530f1bd5690>,13,3,[1 8],17,20,23,3,17
1,<environment.Job instance at 0x15310c117820>,17,3,[1 8],25,25,28,0,25
1,<environment.Job instance at 0x1530f4af2be0>,18,12,[1 7],26,35,47,9,26
1,<environment.Job instance at 0x1530f4af2aa0>,19,3,[8 1],27,37,40,10,27
1,<environment.Job instance at 0x1530f4af20a0>,20,3,[10  1],28,47,50,19,28
1,<environment.Job instance at 0x15310c1242d0>,21,3,[1 8],29,29,32,0,29
1,<environment.Job instance at 0x1530f172ab90>,27,3,[ 2 10],37,50,53,13,37
1,<environment.Job instance at 0x1530f172aa50>,31,3,[2 5],43,53,56,10,47
1,<environment.Job instance at 0x1530f172aaa0>,32,13,[1 5],44,53,66,9,47
1,<environment.Job instance at 0x1530f4af89b0>,35,1,[6 1],48,56,57,8,53
1,<environment.Job instance at 0x1530f1bc4fa0>,36,18,[8 2],49,57,75,8,53
1,<environment.Job instance at 0x1530f4aff9b0>,37,16,[2 9],50,75,91,25,62
1,<environment.Job instance at 0x15310c0fea00>,38,3,[2 6],51,66,69,15,62
1,<environment.Job instance at 0x1530f48e39b0>,39,3,[2 6],52,69,72,17,62
1,<environment.Job instance at 0x1530f16b1a00>,40,1,[5 2],53,91,92,38,63
1,<environment.Job instance at 0x1530f1734910>,41,3,[7 1],54,75,78,21,63
1,<environment.Job instance at 0x1530f48f7960>,42,2,[2 6],55,72,74,17,63
1,<environment.Job instance at 0x1530f1422640>,43,3,[2 7],57,91,94,34,65
1,<environment.Job instance at 0x1530f172ab40>,29,13,[1 7],40,2372,2385,2332,2372
1,<environment.Job instance at 0x1530f4a5f5a0>,6,2,[9 1],9,107,109,98,107
1,<environment.Job instance at 0x1530f4a5f500>,7,18,[2 5],10,109,127,99,107
1,<environment.Job instance at 0x1530f1a5a960>,8,3,[10  2],11,127,130,116,107
1,<environment.Job instance at 0x1530f5f0b7d0>,9,1,[6 1],14,109,110,95,107
1,<environment.Job instance at 0x1530f123bb40>,10,3,[10  1],15,130,133,115,107
1,<environment.Job instance at 0x1530f47b1eb0>,11,3,[6 2],16,110,113,94,107
1,<environment.Job instance at 0x1530f47b1460>,13,2,[7 1],18,120,122,102,120
1,<environment.Job instance at 0x1530f1bdb730>,14,3,[10  1],19,133,136,114,120
1,<environment.Job instance at 0x1530f26a9640>,15,1,[6 1],20,122,123,102,120
1,<environment.Job instance at 0x1530f48f5a00>,16,18,[1 9],21,136,154,115,125
1,<environment.Job instance at 0x1530f5ea5320>,18,3,[7 1],23,136,139,113,125
1,<environment.Job instance at 0x1530f1bdba50>,19,1,[8 2],24,125,126,101,125
1,<environment.Job instance at 0x1530f1bf0d20>,21,15,[1 8],27,154,169,127,142
1,<environment.Job instance at 0x1530f1bf0190>,22,2,[8 2],28,154,156,126,142
1,<environment.Job instance at 0x1530f1bf0eb0>,23,13,[6 1],29,156,169,127,142
1,<environment.Job instance at 0x1530f1bf02d0>,24,3,[10  1],31,169,172,138,143
1,<environment.Job instance at 0x1530f1bf0b90>,25,14,[6 1],33,172,186,139,157
1,<environment.Job instance at 0x1530f1bf0780>,30,14,[1 6],41,172,186,131,158
1,<environment.Job instance at 0x1530f5bf0e60>,32,3,[2 7],45,186,189,141,167
1,<environment.Job instance at 0x1530f5bf0fa0>,33,3,[10  2],48,189,192,141,167
1,<environment.Job instance at 0x1530f48d8b90>,35,3,[8 2],51,186,189,135,167
1,<environment.Job instance at 0x1530f48d8730>,38,1,[8 1],56,192,193,136,168
1,<environment.Job instance at 0x1530f48d8460>,39,3,[9 1],57,193,196,136,168
1,<environment.Job instance at 0x1530f48d8230>,40,2,[9 1],59,196,198,137,169
1,<environment.Job instance at 0x1530f11527d0>,0,3,[1 7],3,3,6,0,3
1,<environment.Job instance at 0x1530f1ca22d0>,1,1,[8 2],4,4,5,0,4
1,<environment.Job instance at 0x1530f119c6e0>,2,2,[10  1],5,6,8,1,5
1,<environment.Job instance at 0x1530fa0d4f50>,4,16,[10  2],7,8,24,1,7
1,<environment.Job instance at 0x15310ca61d70>,8,3,[2 9],12,24,27,12,12
1,<environment.Job instance at 0x15310c1c6b90>,10,1,[7 2],15,27,28,12,15
1,<environment.Job instance at 0x1530f185ce10>,12,3,[10  2],18,28,31,10,18
1,<environment.Job instance at 0x1530f158c050>,13,1,[10  2],19,31,32,12,19
1,<environment.Job instance at 0x1530f1569eb0>,14,2,[7 1],20,24,26,4,20
1,<environment.Job instance at 0x1530f1250500>,15,2,[10  1],21,32,34,11,21
1,<environment.Job instance at 0x15310c1d8460>,17,1,[9 1],24,34,35,10,24
1,<environment.Job instance at 0x1530f1202050>,19,3,[9 2],26,1722,1725,1696,1722
1,<environment.Job instance at 0x1530f17e53c0>,0,3,[ 2 10],1,1,4,0,1
1,<environment.Job instance at 0x1530f1202050>,2,1,[9 2],4,4,5,0,4
1,<environment.Job instance at 0x1530f49fc410>,3,3,[2 9],5,5,8,0,5
1,<environment.Job instance at 0x1530f49fceb0>,4,3,[2 5],6,8,11,2,6
1,<environment.Job instance at 0x1530f49fce10>,5,3,[1 7],7,11,14,4,7
1,<environment.Job instance at 0x1530f49fc050>,6,2,[2 6],8,14,16,6,8
1,<environment.Job instance at 0x1530f49fc6e0>,7,2,[5 2],9,9,11,0,9
1,<environment.Job instance at 0x1530f49fc960>,9,2,[1 5],11,16,18,5,11
1,<environment.Job instance at 0x1530f10bed20>,10,12,[5 1],12,12,24,0,12
1,<environment.Job instance at 0x1530f10be5a0>,11,1,[10  1],13,24,25,11,13
1,<environment.Job instance at 0x1530f10be050>,12,3,[1 7],15,18,21,3,15
1,<environment.Job instance at 0x1530f10be0a0>,13,1,[10  2],17,25,26,8,17
1,<environment.Job instance at 0x1530f10be820>,14,1,[6 1],19,26,27,7,19
1,<environment.Job instance at 0x1530f10be960>,15,13,[1 6],20,26,39,6,20
1,<environment.Job instance at 0x1530f10be370>,16,2,[1 8],21,21,23,0,21
1,<environment.Job instance at 0x1530f10be730>,17,17,[6 1],22,27,44,5,22
1,<environment.Job instance at 0x1530f10be230>,18,1,[8 1],23,44,45,21,23
1,<environment.Job instance at 0x1530f10be460>,19,3,[1 6],24,39,42,15,24
1,<environment.Job instance at 0x1530f10beb90>,20,2,[1 9],27,42,44,15,27
1,<environment.Job instance at 0x15310cb613c0>,23,16,[1 7],31,44,60,13,31
1,<environment.Job instance at 0x15310cb61eb0>,24,3,[2 6],32,60,63,28,34
1,<environment.Job instance at 0x15310cb61410>,25,17,[6 1],35,45,62,10,35
1,<environment.Job instance at 0x15310cb612d0>,26,3,[2 8],36,63,66,27,37
1,<environment.Job instance at 0x15310cb61c80>,32,3,[2 8],43,66,69,23,43
1,<environment.Job instance at 0x15310cb61140>,33,3,[2 9],44,69,72,25,44
1,<environment.Job instance at 0x15310cb61230>,34,15,[8 1],46,62,77,16,48
1,<environment.Job instance at 0x15310c0a7f50>,39,2,[2 5],51,72,74,21,51
1,<environment.Job instance at 0x15310c0a7cd0>,41,1,[7 2],55,77,78,22,55
1,<environment.Job instance at 0x15310c0a7fa0>,42,1,[1 8],56,74,75,18,56
1,<environment.Job instance at 0x15310c0a7280>,43,2,[1 7],57,75,77,18,57
1,<environment.Job instance at 0x15310cb61f00>,28,12,[5 2],39,1568,1580,1529,1568
1,<environment.Job instance at 0x15310c0a72d0>,38,1,[ 2 10],50,1685,1686,1635,1685
1,<environment.Job instance at 0x15310cb33370>,2,3,[10  1],3,3,6,0,3
1,<environment.Job instance at 0x1530f163a2d0>,1,3,[10  1],2,6,9,4,3
1,<environment.Job instance at 0x1530f49bad20>,8,1,[ 1 10],12,12,13,0,12
1,<environment.Job instance at 0x1530f1de1d20>,9,3,[9 1],14,14,17,0,14
1,<environment.Job instance at 0x1530f1a08140>,10,1,[8 2],16,17,18,1,16
1,<environment.Job instance at 0x15310cb1d780>,11,3,[1 5],17,17,20,0,17
1,<environment.Job instance at 0x1530f1e700a0>,12,1,[10  1],19,20,21,1,20
1,<environment.Job instance at 0x1530f4a248c0>,14,2,[8 1],21,21,23,0,21
1,<environment.Job instance at 0x1530f4a24a50>,15,1,[5 2],22,23,24,1,22
1,<environment.Job instance at 0x1530f4a24f00>,16,3,[1 7],23,23,26,0,23
1,<environment.Job instance at 0x1530f4a247d0>,17,2,[5 1],24,24,26,0,24
1,<environment.Job instance at 0x1530f4a242d0>,19,2,[5 2],27,27,29,0,27
1,<environment.Job instance at 0x1530f261fdc0>,21,1,[8 2],29,29,30,0,29
1,<environment.Job instance at 0x1530f26c0140>,22,2,[7 1],30,30,32,0,30
1,<environment.Job instance at 0x15310cb911e0>,23,1,[10  1],31,32,33,1,31
1,<environment.Job instance at 0x1530f4a24dc0>,13,3,[8 1],20,33,36,13,32
1,<environment.Job instance at 0x1530f1b71a00>,26,3,[2 5],34,34,37,0,34
1,<environment.Job instance at 0x1530f8651c30>,27,18,[10  1],35,37,55,2,35
1,<environment.Job instance at 0x1530f1da1190>,37,14,[9 2],49,57,71,8,57
1,<environment.Job instance at 0x1530f1da1a00>,38,2,[5 2],50,71,73,21,57
1,<environment.Job instance at 0x1530f1da1e60>,39,3,[1 5],51,57,60,6,57
1,<environment.Job instance at 0x15310ee67eb0>,41,16,[8 1],54,73,89,19,60
1,<environment.Job instance at 0x15310caf7cd0>,44,3,[1 7],58,61,64,3,61
1,<environment.Job instance at 0x1530f5e94690>,45,3,[7 1],59,89,92,30,63
1,<environment.Job instance at 0x1530f86510a0>,35,1,[8 1],47,191,192,144,191
1,<environment.Job instance at 0x1530f86510a0>,3,2,[1 8],5,5,7,0,5
1,<environment.Job instance at 0x15310c0af4b0>,5,3,[2 6],8,8,11,0,8
1,<environment.Job instance at 0x1530fbda84b0>,6,14,[10  1],9,11,25,2,9
1,<environment.Job instance at 0x1530fbda8a50>,12,12,[7 2],17,32,44,15,32
1,<environment.Job instance at 0x1530fbda8550>,13,2,[2 7],19,32,34,13,32
1,<environment.Job instance at 0x1530f1d906e0>,16,2,[1 9],23,44,46,21,34
1,<environment.Job instance at 0x15310ca61b40>,18,1,[8 1],25,44,45,19,35
1,<environment.Job instance at 0x1530f59de460>,19,18,[10  1],26,46,64,20,35
1,<environment.Job instance at 0x1530f86583c0>,20,1,[8 2],27,64,65,37,36
1,<environment.Job instance at 0x1530f10f5cd0>,21,2,[7 1],28,65,67,37,38
1,<environment.Job instance at 0x15310ca637d0>,22,1,[5 1],29,45,46,16,38
1,<environment.Job instance at 0x1530f10f5fa0>,23,2,[2 8],30,38,40,8,38
1,<environment.Job instance at 0x1530f10f5f50>,24,3,[7 1],31,67,70,36,41
1,<environment.Job instance at 0x1530fbd97690>,25,3,[8 2],32,70,73,38,44
1,<environment.Job instance at 0x1530fbd97960>,26,2,[10  1],34,73,75,39,46
1,<environment.Job instance at 0x1530fbd97460>,28,14,[9 2],39,75,89,36,60
1,<environment.Job instance at 0x1530f110b2d0>,30,3,[1 5],42,64,67,22,64
1,<environment.Job instance at 0x1530f45fd690>,31,2,[5 2],43,89,91,46,64
1,<environment.Job instance at 0x1530f1136500>,32,13,[8 1],45,91,104,46,75
1,<environment.Job instance at 0x1530f1136b40>,35,12,[9 1],48,104,116,56,87
1,<environment.Job instance at 0x1530f11363c0>,36,3,[9 2],50,116,119,66,90
1,<environment.Job instance at 0x1530f1136c30>,39,1,[1 5],54,90,91,36,90
1,<environment.Job instance at 0x1530f11362d0>,44,3,[10  2],59,119,122,60,93
1,<environment.Job instance at 0x15310e74b0f0>,0,3,[2 7],1,1,4,0,1
1,<environment.Job instance at 0x1530f498c3c0>,6,1,[6 1],7,16,17,9,16
1,<environment.Job instance at 0x1530f498c6e0>,7,2,[ 1 10],8,17,19,9,16
1,<environment.Job instance at 0x1530f498c2d0>,8,1,[5 1],9,19,20,10,16
1,<environment.Job instance at 0x1530f498c7d0>,9,3,[5 2],10,19,22,9,16
1,<environment.Job instance at 0x1530f498c9b0>,11,3,[5 2],15,20,23,5,16
1,<environment.Job instance at 0x1530f4a6ce10>,12,15,[10  2],16,23,38,7,16
1,<environment.Job instance at 0x1530f498cd70>,13,2,[8 2],17,38,40,21,17
1,<environment.Job instance at 0x1530f259c640>,16,12,[1 8],20,38,50,18,29
1,<environment.Job instance at 0x15310cb54050>,26,2,[9 2],35,40,42,5,35
1,<environment.Job instance at 0x1530f49e9280>,32,3,[7 1],44,49,52,5,49
1,<environment.Job instance at 0x1530f49e9550>,37,1,[1 5],50,70,71,20,70
1,<environment.Job instance at 0x1530f1a9e2d0>,38,3,[2 8],51,71,74,20,70
1,<environment.Job instance at 0x1530f1a9ed20>,39,12,[7 2],52,70,82,18,70
1,<environment.Job instance at 0x1530f1a9e280>,40,1,[2 5],54,74,75,20,70
1,<environment.Job instance at 0x1530f1a9e3c0>,42,3,[1 6],59,75,78,16,70
1,<environment.Job instance at 0x1530f167a0f0>,0,3,[2 5],1,1,4,0,1
1,<environment.Job instance at 0x1530f167a550>,2,12,[9 1],3,4,16,1,3
1,<environment.Job instance at 0x1530f498c410>,3,3,[7 2],5,16,19,11,5
1,<environment.Job instance at 0x1530f59c6dc0>,4,3,[1 6],7,7,10,0,7
1,<environment.Job instance at 0x1530f59c60a0>,7,3,[9 2],14,19,22,5,14
1,<environment.Job instance at 0x1530f13ef5f0>,11,3,[5 1],20,22,25,2,20
1,<environment.Job instance at 0x15310c1777d0>,13,2,[7 2],24,25,27,1,24
1,<environment.Job instance at 0x15310c177960>,14,12,[2 8],25,25,37,0,25
1,<environment.Job instance at 0x15310c177370>,15,14,[10  2],26,37,51,11,26
1,<environment.Job instance at 0x15310c177870>,16,3,[2 6],27,51,54,24,27
1,<environment.Job instance at 0x15310cc1cf00>,21,1,[5 2],37,51,52,14,37
1,<environment.Job instance at 0x1530f26d2af0>,22,1,[9 1],38,54,55,16,38
1,<environment.Job instance at 0x1530f26ef1e0>,24,14,[10  1],41,55,69,14,41
1,<environment.Job instance at 0x15310cbe2a50>,28,1,[2 5],45,69,70,24,52
1,<environment.Job instance at 0x15310cbe2e60>,29,12,[5 1],48,69,81,21,52
1,<environment.Job instance at 0x1530f1212fa0>,30,1,[10  1],50,81,82,31,53
1,<environment.Job instance at 0x1530f26d48c0>,31,1,[7 1],51,53,54,2,53
1,<environment.Job instance at 0x15310edb1d20>,32,2,[10  1],52,82,84,30,55
1,<environment.Job instance at 0x1530f12128c0>,33,1,[6 2],53,84,85,31,56
1,<environment.Job instance at 0x1530f5e5c690>,34,3,[6 2],54,85,88,31,59
1,<environment.Job instance at 0x1530f5e5c280>,35,3,[2 5],58,70,73,12,59
1,<environment.Job instance at 0x15310cbe2320>,27,2,[1 5],44,244,246,200,244
1,<environment.Job instance at 0x1530f1e4e910>,2,3,[1 9],4,4,7,0,4
1,<environment.Job instance at 0x15310e730f00>,3,3,[2 7],6,7,10,1,6
1,<environment.Job instance at 0x15310e730730>,4,3,[2 9],7,10,13,3,7
1,<environment.Job instance at 0x15310e730c80>,5,3,[6 1],9,9,12,0,9
1,<environment.Job instance at 0x1530f5e52f00>,7,15,[2 7],11,18,33,7,18
1,<environment.Job instance at 0x1530f5e52960>,12,2,[6 2],17,18,20,1,18
1,<environment.Job instance at 0x1530f5e523c0>,13,13,[6 1],18,21,34,3,21
1,<environment.Job instance at 0x1530fbdb6780>,15,3,[6 2],20,34,37,14,21
1,<environment.Job instance at 0x1530f1d16410>,16,3,[5 2],22,37,40,15,22
1,<environment.Job instance at 0x1530f4649140>,17,2,[1 8],23,33,35,10,23
1,<environment.Job instance at 0x1530f1794960>,18,17,[9 1],24,40,57,16,28
1,<environment.Job instance at 0x1530f1ed4fa0>,21,1,[10  2],29,57,58,28,29
1,<environment.Job instance at 0x15310c7f56e0>,23,13,[8 1],34,58,71,24,42
1,<environment.Job instance at 0x1530f46d70f0>,26,1,[6 2],38,71,72,33,48
1,<environment.Job instance at 0x1530f496bc30>,27,1,[6 1],39,72,73,33,48
1,<environment.Job instance at 0x1530f5e52be0>,8,2,[9 1],12,73,75,61,48
1,<environment.Job instance at 0x1530f496bcd0>,28,1,[8 1],40,75,76,35,48
1,<environment.Job instance at 0x1530f1857eb0>,30,2,[1 9],44,48,50,4,48
1,<environment.Job instance at 0x1530f1857c80>,31,3,[ 2 10],46,76,79,30,50
1,<environment.Job instance at 0x1530f1857c30>,32,2,[7 1],48,79,81,31,52
1,<environment.Job instance at 0x1530f1481b40>,35,3,[1 9],54,54,57,0,54
1,<environment.Job instance at 0x1530f5e527d0>,10,3,[ 1 10],15,110,113,95,110
1,<environment.Job instance at 0x1530f261f460>,1,1,[1 6],2,2,3,0,2
1,<environment.Job instance at 0x1530f2640a50>,8,18,[10  2],12,12,30,0,12
1,<environment.Job instance at 0x1530f2640f00>,10,14,[1 7],14,30,44,16,15
1,<environment.Job instance at 0x1530f26406e0>,12,12,[5 2],17,30,42,13,17
1,<environment.Job instance at 0x1530f5b2b410>,21,3,[1 9],34,44,47,10,34
1,<environment.Job instance at 0x1530f5b2b280>,23,14,[7 1],39,42,56,3,39
1,<environment.Job instance at 0x1530f18fc690>,24,3,[6 2],40,56,59,16,40
1,<environment.Job instance at 0x1530f19c2e60>,26,2,[8 1],46,59,61,13,46
1,<environment.Job instance at 0x1530f19c28c0>,27,3,[8 2],48,61,64,13,48
1,<environment.Job instance at 0x1530f19c2410>,28,14,[10  2],49,64,78,15,49
1,<environment.Job instance at 0x1530f49d9fa0>,32,1,[8 1],53,571,572,518,571
1,<environment.Job instance at 0x15310cb629b0>,0,3,[10  2],2,2,5,0,2
1,<environment.Job instance at 0x1530f49d9fa0>,2,1,[2 8],4,5,6,1,4
1,<environment.Job instance at 0x1530f1124230>,6,2,[6 2],12,12,14,0,12
1,<environment.Job instance at 0x1530f11242d0>,7,3,[5 2],17,17,20,0,17
1,<environment.Job instance at 0x1530f11241e0>,8,3,[ 2 10],18,20,23,2,18
1,<environment.Job instance at 0x1530f1124050>,9,3,[1 5],20,23,26,3,20
1,<environment.Job instance at 0x1530f1124640>,10,1,[9 1],21,23,24,2,21
1,<environment.Job instance at 0x15310c150730>,13,16,[5 2],25,28,44,3,28
1,<environment.Job instance at 0x1530f5b14960>,1,3,[9 1],3,3,6,0,3
1,<environment.Job instance at 0x1530fbdbcb40>,3,3,[2 9],6,6,9,0,6
1,<environment.Job instance at 0x1530fbdbcf50>,4,2,[1 9],8,9,11,1,8
1,<environment.Job instance at 0x15310c82d140>,12,17,[10  2],21,24,41,3,24
1,<environment.Job instance at 0x1530f1cb65f0>,15,3,[9 1],27,41,44,14,39
1,<environment.Job instance at 0x15310cabde10>,17,2,[7 1],29,44,46,15,41
1,<environment.Job instance at 0x1530f1c80730>,18,3,[1 6],30,41,44,11,41
1,<environment.Job instance at 0x1530f1c80fa0>,19,1,[6 1],31,46,47,15,41
1,<environment.Job instance at 0x1530f1c802d0>,20,1,[1 5],32,44,45,12,41
1,<environment.Job instance at 0x15310caf4640>,21,2,[1 7],33,45,47,12,41
1,<environment.Job instance at 0x15310caf4c80>,22,3,[1 7],34,47,50,13,41
1,<environment.Job instance at 0x1530f46b0370>,23,1,[1 8],35,50,51,15,41
1,<environment.Job instance at 0x1530f46b0870>,24,2,[2 5],36,51,53,15,41
1,<environment.Job instance at 0x1530f14bf0a0>,25,3,[1 9],37,53,56,16,41
1,<environment.Job instance at 0x1530f14bfbe0>,26,3,[8 1],38,47,50,9,41
1,<environment.Job instance at 0x1530f14bf460>,27,1,[2 9],39,56,57,17,41
1,<environment.Job instance at 0x1530f130f2d0>,28,3,[1 9],42,57,60,15,42
1,<environment.Job instance at 0x1530f130fc80>,29,1,[9 1],43,50,51,7,43
1,<environment.Job instance at 0x1530f130f410>,30,3,[1 7],44,60,63,16,44
1,<environment.Job instance at 0x1530f130f5a0>,31,2,[1 8],45,63,65,18,45
1,<environment.Job instance at 0x1530f5bfc960>,32,16,[10  1],46,65,81,19,52
1,<environment.Job instance at 0x1530f5bfc280>,33,3,[5 1],48,52,55,4,52
1,<environment.Job instance at 0x1530f5bfceb0>,34,3,[9 2],49,60,63,11,52
1,<environment.Job instance at 0x1530fbdbc280>,6,3,[9 1],11,81,84,70,63
1,<environment.Job instance at 0x1530f46ba320>,36,2,[ 1 10],51,953,955,902,953
1,<environment.Job instance at 0x1530f149ffa0>,0,3,[1 8],2,2,5,0,2
1,<environment.Job instance at 0x1530f18f8aa0>,2,20,[10  2],4,5,25,1,4
1,<environment.Job instance at 0x1530f46ba320>,4,1,[1 5],7,25,26,18,7
1,<environment.Job instance at 0x1530f3ba72d0>,5,1,[7 2],8,25,26,17,8
1,<environment.Job instance at 0x1530f3ba7730>,6,3,[ 2 10],10,26,29,16,10
1,<environment.Job instance at 0x1530f3ba7280>,7,1,[6 2],11,29,30,18,11
1,<environment.Job instance at 0x1530f3ba71e0>,8,3,[10  2],13,30,33,17,13
1,<environment.Job instance at 0x1530f3ba7cd0>,9,3,[2 7],15,33,36,18,15
1,<environment.Job instance at 0x1530f3ba7500>,12,1,[1 5],21,29,30,8,21
1,<environment.Job instance at 0x1530f5e8ab40>,15,1,[8 2],25,33,34,8,25
1,<environment.Job instance at 0x1530f5e8aa50>,16,2,[ 2 10],26,36,38,10,26
1,<environment.Job instance at 0x1530f5e8af00>,17,1,[1 6],27,38,39,11,27
1,<environment.Job instance at 0x1530f5e8aa00>,18,1,[ 1 10],32,39,40,7,32
1,<environment.Job instance at 0x1530f5e8a370>,19,14,[2 7],33,40,54,7,33
1,<environment.Job instance at 0x1530f5e8aaa0>,20,3,[7 1],34,40,43,6,34
1,<environment.Job instance at 0x1530f5e8a6e0>,21,1,[ 1 10],35,54,55,19,35
1,<environment.Job instance at 0x15310c82b280>,27,18,[8 1],42,55,73,13,44
1,<environment.Job instance at 0x15310c82b140>,30,2,[2 6],46,55,57,9,46
1,<environment.Job instance at 0x15310c82baa0>,31,2,[9 1],48,73,75,25,48
1,<environment.Job instance at 0x15310c82b320>,32,2,[8 1],50,50,52,0,50
1,<environment.Job instance at 0x15310c82bd70>,36,3,[2 7],56,57,60,1,56
1,<environment.Job instance at 0x1530f1c68730>,0,3,[1 6],2,2,5,0,2
1,<environment.Job instance at 0x15310c171d70>,5,3,[1 8],8,8,11,0,8
1,<environment.Job instance at 0x15310c1719b0>,6,3,[2 9],12,12,15,0,12
1,<environment.Job instance at 0x15310c171eb0>,7,1,[8 2],14,15,16,1,14
1,<environment.Job instance at 0x15310c0e1c80>,8,3,[7 1],16,16,19,0,16
1,<environment.Job instance at 0x15310c0e16e0>,9,3,[ 2 10],19,19,22,0,19
1,<environment.Job instance at 0x15310c0e1eb0>,10,3,[7 2],21,22,25,1,21
1,<environment.Job instance at 0x15310c0e1b90>,11,3,[9 2],23,25,28,2,23
1,<environment.Job instance at 0x15310f210820>,12,3,[1 6],26,26,29,0,26
1,<environment.Job instance at 0x1530f25a9190>,16,3,[1 8],30,30,33,0,30
1,<environment.Job instance at 0x15310c826d20>,17,1,[10  2],31,33,34,2,31
1,<environment.Job instance at 0x1530f1ec9140>,19,17,[10  2],35,35,52,0,35
1,<environment.Job instance at 0x1530f1272460>,20,3,[9 2],36,52,55,16,36
1,<environment.Job instance at 0x1530f46a6eb0>,21,12,[8 1],37,55,67,18,38
1,<environment.Job instance at 0x15310cbf2f50>,26,17,[2 7],48,55,72,7,52
1,<environment.Job instance at 0x15310cbf2cd0>,28,1,[2 6],50,72,73,22,52
1,<environment.Job instance at 0x15310cbf2870>,29,2,[1 8],51,52,54,1,52
1,<environment.Job instance at 0x1531441dd460>,30,1,[8 2],53,67,68,14,53
1,<environment.Job instance at 0x1530f111d8c0>,32,2,[2 8],56,73,75,17,58
1,<environment.Job instance at 0x1530f111d640>,33,2,[7 2],57,68,70,11,58
1,<environment.Job instance at 0x15310cbf2280>,24,13,[8 1],44,658,671,614,658
1,<environment.Job instance at 0x1530f1969050>,0,3,[8 1],2,2,5,0,2
1,<environment.Job instance at 0x1530f4895870>,3,15,[10  1],6,6,21,0,6
1,<environment.Job instance at 0x1530f2607d70>,6,15,[5 2],10,21,36,11,10
1,<environment.Job instance at 0x1530f2607af0>,12,14,[2 8],18,21,35,3,18
1,<environment.Job instance at 0x1530f26076e0>,13,1,[6 2],20,36,37,16,20
1,<environment.Job instance at 0x1530f2626460>,14,16,[7 1],21,37,53,16,24
1,<environment.Job instance at 0x1530f2626d20>,15,1,[1 7],22,35,36,13,24
1,<environment.Job instance at 0x1530f2626550>,16,2,[1 8],23,36,38,13,24
1,<environment.Job instance at 0x1530f6e09730>,17,2,[ 1 10],26,53,55,27,26
1,<environment.Job instance at 0x1530f26217d0>,20,13,[9 1],29,55,68,26,41
1,<environment.Job instance at 0x1530fa0dd910>,21,2,[1 6],30,41,43,11,41
1,<environment.Job instance at 0x1530f2621af0>,23,2,[8 2],33,68,70,35,58
1,<environment.Job instance at 0x1530f26219b0>,25,2,[6 2],35,70,72,35,58
1,<environment.Job instance at 0x1530f6e12c30>,26,16,[5 1],38,72,88,34,59
1,<environment.Job instance at 0x1530f2621820>,27,14,[9 1],39,88,102,49,73
1,<environment.Job instance at 0x1530f2560b90>,28,1,[1 9],40,73,74,33,73
1,<environment.Job instance at 0x1530f19b25a0>,30,3,[1 7],44,74,77,30,74
1,<environment.Job instance at 0x1530f5a17aa0>,31,1,[6 2],45,102,103,57,74
1,<environment.Job instance at 0x1530fa0fa5a0>,33,2,[7 2],47,103,105,56,76
1,<environment.Job instance at 0x1530f5e760a0>,35,2,[1 5],49,77,79,28,76
1,<environment.Job instance at 0x1530f5e4b0a0>,36,2,[6 1],50,105,107,55,78
1,<environment.Job instance at 0x1530f2620b40>,0,2,[6 2],1,1,3,0,1
1,<environment.Job instance at 0x1530f2620d20>,1,1,[2 5],2,2,3,0,2
1,<environment.Job instance at 0x1530f2607910>,2,3,[2 8],6,6,9,0,6
1,<environment.Job instance at 0x1530f15d1dc0>,4,3,[2 6],8,9,12,1,8
1,<environment.Job instance at 0x1530f15d1410>,7,3,[2 8],13,13,16,0,13
1,<environment.Job instance at 0x1530f15d1050>,9,2,[5 1],15,15,17,0,15
1,<environment.Job instance at 0x15310f223640>,11,1,[9 1],17,17,18,0,17
1,<environment.Job instance at 0x1530f1103550>,13,1,[7 1],20,20,21,0,20
1,<environment.Job instance at 0x1530f11037d0>,14,2,[2 7],21,21,23,0,21
1,<environment.Job instance at 0x1530f1103dc0>,17,2,[7 1],24,24,26,0,24
1,<environment.Job instance at 0x1530f12761e0>,18,1,[1 6],26,26,27,0,26
1,<environment.Job instance at 0x1530f15e67d0>,19,2,[6 2],27,27,29,0,27
1,<environment.Job instance at 0x1530f15e6140>,20,2,[10  2],29,29,31,0,29
1,<environment.Job instance at 0x1530f1961280>,22,3,[8 1],34,34,37,0,34
1,<environment.Job instance at 0x1530f5ea0190>,24,3,[8 2],38,38,41,0,38
1,<environment.Job instance at 0x1530f11d76e0>,25,2,[8 1],40,41,43,1,40
1,<environment.Job instance at 0x1530f11d7d70>,26,3,[2 7],41,41,44,0,41
1,<environment.Job instance at 0x1530f11d7460>,27,1,[1 6],42,44,45,2,42
1,<environment.Job instance at 0x1530f5a367d0>,31,2,[9 1],49,49,51,0,49
1,<environment.Job instance at 0x1530f5a36af0>,32,12,[8 1],50,51,63,1,50
1,<environment.Job instance at 0x1530f5a36f00>,33,12,[7 1],51,63,75,12,51
1,<environment.Job instance at 0x1530f5a36c30>,34,3,[10  1],52,75,78,23,52
1,<environment.Job instance at 0x1530f5a36a00>,35,3,[7 1],53,78,81,25,53
1,<environment.Job instance at 0x1530f47616e0>,0,3,[1 8],4,4,7,0,4
1,<environment.Job instance at 0x1530f1466910>,3,3,[1 7],7,7,10,0,7
1,<environment.Job instance at 0x15310ede9050>,5,3,[1 8],10,10,13,0,10
1,<environment.Job instance at 0x1530f46f4640>,9,2,[6 2],19,19,21,0,19
1,<environment.Job instance at 0x1530f46f4eb0>,10,3,[1 6],20,20,23,0,20
1,<environment.Job instance at 0x15310c1b1a00>,13,3,[6 2],23,23,26,0,23
1,<environment.Job instance at 0x15310ca5ce60>,14,1,[9 2],27,27,28,0,27
1,<environment.Job instance at 0x1530f48fd780>,15,1,[2 9],28,28,29,0,28
1,<environment.Job instance at 0x1530f45d0e60>,16,18,[2 7],29,29,47,0,29
1,<environment.Job instance at 0x1530f1c9e4b0>,21,19,[8 1],38,286,305,248,286
1,<environment.Job instance at 0x1530f5af2640>,22,1,[8 2],39,305,306,266,286
1,<environment.Job instance at 0x1530f5edacd0>,23,1,[1 6],40,286,287,246,286
1,<environment.Job instance at 0x1530f1e3db40>,24,2,[1 8],41,287,289,246,286
1,<environment.Job instance at 0x1530f5af2cd0>,26,15,[ 1 10],43,306,321,263,292
1,<environment.Job instance at 0x1530f26fe550>,27,1,[5 1],44,321,322,277,293
1,<environment.Job instance at 0x1530fbdde0f0>,28,2,[2 7],45,293,295,248,293
1,<environment.Job instance at 0x1530f18305a0>,29,2,[9 1],46,322,324,276,295
1,<environment.Job instance at 0x1530f1830190>,30,1,[1 8],47,295,296,248,295
1,<environment.Job instance at 0x1530f5b4a7d0>,31,2,[10  2],48,324,326,276,297
1,<environment.Job instance at 0x1530f5a0e9b0>,32,1,[9 2],49,326,327,277,298
1,<environment.Job instance at 0x1530f47fa870>,34,1,[10  1],52,327,328,275,299
1,<environment.Job instance at 0x1530f18fc320>,37,3,[9 1],57,328,331,271,302
1,<environment.Job instance at 0x1530f1da17d0>,39,1,[1 6],59,302,303,243,302
1,<environment.Job instance at 0x1530f47687d0>,6,16,[5 1],8,8,24,0,8
1,<environment.Job instance at 0x1530f47689b0>,8,3,[7 2],11,24,27,13,11
1,<environment.Job instance at 0x1530f4768f00>,9,2,[2 7],12,12,14,0,12
1,<environment.Job instance at 0x1530f47681e0>,10,3,[2 9],14,14,17,0,14
1,<environment.Job instance at 0x1530f4768460>,11,1,[10  2],15,27,28,12,15
1,<environment.Job instance at 0x1530f4768dc0>,12,2,[ 1 10],18,28,30,10,18
1,<environment.Job instance at 0x1530f5e7e780>,13,1,[9 2],19,30,31,11,19
1,<environment.Job instance at 0x15310ca3b8c0>,14,17,[2 5],23,31,48,8,23
1,<environment.Job instance at 0x1530f865d370>,17,1,[2 6],27,48,49,21,27
1,<environment.Job instance at 0x15310cb3d960>,19,16,[10  2],30,49,65,19,36
1,<environment.Job instance at 0x15310edbdc80>,24,1,[5 1],35,36,37,1,36
1,<environment.Job instance at 0x15310edbdaf0>,25,3,[6 2],37,37,40,0,37
1,<environment.Job instance at 0x1530f17de050>,28,3,[2 8],41,65,68,24,43
1,<environment.Job instance at 0x15310c154b90>,31,15,[8 2],44,65,80,21,51
1,<environment.Job instance at 0x15310c154d20>,32,3,[ 2 10],45,80,83,35,54
1,<environment.Job instance at 0x15310c1549b0>,36,2,[5 1],49,83,85,34,57
1,<environment.Job instance at 0x1530f12bdeb0>,40,3,[8 2],55,85,88,30,66
1,<environment.Job instance at 0x1530f12bd460>,41,3,[1 7],56,68,71,12,66
1,<environment.Job instance at 0x1530f12bddc0>,42,2,[9 2],57,88,90,31,66
1,<environment.Job instance at 0x1530f12bdc80>,43,2,[7 1],58,90,92,32,66
1,<environment.Job instance at 0x1530f485f1e0>,20,12,[1 9],31,323,335,292,323
1,<environment.Job instance at 0x1530f25a7cd0>,2,3,[5 1],3,3,6,0,3
1,<environment.Job instance at 0x1530f13a1320>,11,3,[10  1],21,46,49,25,46
1,<environment.Job instance at 0x1530f13a1140>,13,2,[5 2],23,49,51,26,46
1,<environment.Job instance at 0x1530f13a1eb0>,14,1,[5 1],24,49,50,25,46
1,<environment.Job instance at 0x1530f13a1280>,15,3,[8 1],25,51,54,26,46
1,<environment.Job instance at 0x1530f13a1460>,16,3,[10  1],26,54,57,28,46
1,<environment.Job instance at 0x1530fa0fb870>,18,3,[9 2],30,57,60,27,46
1,<environment.Job instance at 0x1530fa0fb4b0>,19,3,[5 1],31,60,63,29,46
1,<environment.Job instance at 0x1530fa0fb8c0>,20,2,[5 1],33,60,62,27,46
1,<environment.Job instance at 0x1530fa0fbd20>,21,3,[1 9],34,51,54,17,46
1,<environment.Job instance at 0x1530f8662b40>,22,2,[1 9],35,62,64,27,46
1,<environment.Job instance at 0x1530fa0fb5f0>,23,3,[ 2 10],36,64,67,28,46
1,<environment.Job instance at 0x1530f145b910>,24,3,[2 6],37,67,70,30,46
1,<environment.Job instance at 0x1530fa0fbf50>,25,2,[2 8],38,70,72,32,46
1,<environment.Job instance at 0x1530fa0fbeb0>,26,2,[1 8],39,57,59,18,46
1,<environment.Job instance at 0x1530fa0fbdc0>,27,2,[7 1],40,67,69,27,46
1,<environment.Job instance at 0x1530f1c68910>,28,2,[2 9],41,72,74,31,46
1,<environment.Job instance at 0x1530f1c688c0>,29,1,[1 7],42,50,51,8,46
1,<environment.Job instance at 0x1530f1872c30>,30,2,[7 1],43,69,71,26,46
1,<environment.Job instance at 0x15310cb1d780>,32,3,[2 6],45,74,77,29,48
1,<environment.Job instance at 0x1530f1321550>,33,3,[6 2],47,74,77,27,48
1,<environment.Job instance at 0x1530f47a0b40>,34,3,[1 9],48,77,80,29,51
1,<environment.Job instance at 0x1530f5e83280>,35,3,[1 7],50,80,83,30,54
1,<environment.Job instance at 0x1530f111dfa0>,36,2,[2 7],52,83,85,31,56
1,<environment.Job instance at 0x1530f5e831e0>,37,1,[2 7],53,85,86,32,57
1,<environment.Job instance at 0x1530f111da50>,38,2,[5 1],54,71,73,17,57
1,<environment.Job instance at 0x1530f111d5f0>,39,1,[2 9],56,86,87,30,58
1,<environment.Job instance at 0x1530f1a887d0>,40,1,[ 1 10],58,87,88,29,59
1,<environment.Job instance at 0x1530f1a880f0>,41,3,[10  2],59,88,91,29,62
1,<environment.Job instance at 0x1530f13a1be0>,10,3,[2 8],20,1065,1068,1045,1065
1,<environment.Job instance at 0x15310c80ceb0>,1,2,[9 2],2,2,4,0,2
1,<environment.Job instance at 0x1530f17a0550>,4,3,[ 1 10],6,6,9,0,6
1,<environment.Job instance at 0x1530f46e9e60>,9,3,[10  2],15,15,18,0,15
1,<environment.Job instance at 0x1530f46e9b90>,10,13,[9 1],16,18,31,2,16
1,<environment.Job instance at 0x1530f46e9be0>,13,16,[5 1],19,31,47,12,19
1,<environment.Job instance at 0x1530f46e9780>,14,3,[6 1],20,47,50,27,21
1,<environment.Job instance at 0x1530f46e9190>,15,13,[2 5],22,31,44,9,22
1,<environment.Job instance at 0x1530f46e98c0>,17,3,[1 7],25,25,28,0,25
1,<environment.Job instance at 0x1530f46e93c0>,18,2,[8 1],27,50,52,23,27
1,<environment.Job instance at 0x1530f46e95a0>,19,3,[9 2],28,52,55,24,28
1,<environment.Job instance at 0x1530f46be820>,21,12,[2 7],33,55,67,22,38
1,<environment.Job instance at 0x1530f46be5a0>,22,13,[7 2],34,55,68,21,39
1,<environment.Job instance at 0x1530f46be370>,24,3,[2 6],36,44,47,8,39
1,<environment.Job instance at 0x1530f46be960>,25,3,[8 1],37,68,71,31,42
1,<environment.Job instance at 0x1530f46beeb0>,27,3,[6 1],39,71,74,32,45
1,<environment.Job instance at 0x1530f46be1e0>,28,3,[9 1],40,74,77,34,48
1,<environment.Job instance at 0x1530f46be640>,29,3,[2 9],41,48,51,7,48
1,<environment.Job instance at 0x1530f46bedc0>,33,3,[1 8],47,51,54,4,48
1,<environment.Job instance at 0x1530fbd860a0>,39,3,[8 2],56,77,80,21,60
1,<environment.Job instance at 0x1530fbd86be0>,40,1,[2 8],57,67,68,10,60
1,<environment.Job instance at 0x1530fbd868c0>,41,1,[5 1],58,80,81,22,60
1,<environment.Job instance at 0x1530fbd86d70>,42,3,[5 1],59,80,83,21,60
1,<environment.Job instance at 0x1530f46e9820>,7,1,[10  2],9,359,360,350,359
1,<environment.Job instance at 0x1530f5eefbe0>,3,18,[ 1 10],10,10,28,0,10
1,<environment.Job instance at 0x1530f17a5910>,9,2,[5 1],16,28,30,12,16
1,<environment.Job instance at 0x1530f5ee6910>,10,1,[1 6],17,28,29,11,17
1,<environment.Job instance at 0x1530f5eed8c0>,11,12,[5 2],18,29,41,11,18
1,<environment.Job instance at 0x1530f139c370>,12,3,[9 2],20,41,44,21,20
1,<environment.Job instance at 0x1530f178c5f0>,15,14,[6 1],26,44,58,18,29
1,<environment.Job instance at 0x1530f17b60f0>,18,3,[1 6],30,30,33,0,30
1,<environment.Job instance at 0x1530f19c52d0>,23,3,[2 7],40,44,47,4,40
1,<environment.Job instance at 0x1530f19f55a0>,28,2,[9 1],48,58,60,10,48
1,<environment.Job instance at 0x1530f19f5500>,29,16,[ 1 10],50,60,76,10,50
1,<environment.Job instance at 0x1530f18b4c30>,33,15,[10  2],54,76,91,22,62
1,<environment.Job instance at 0x1530f152d320>,36,3,[5 1],59,91,94,32,65
1,<environment.Job instance at 0x1530f5ecf7d0>,8,1,[10  1],15,1531,1532,1516,1531
1,<environment.Job instance at 0x1530f5ecf0a0>,7,2,[8 1],14,1634,1636,1620,1634
1,<environment.Job instance at 0x1530f5ecf0a0>,2,3,[6 2],3,3,6,0,3
1,<environment.Job instance at 0x1530f1a41320>,4,16,[9 1],6,6,22,0,6
1,<environment.Job instance at 0x1530f2560500>,6,1,[8 1],8,22,23,14,8
1,<environment.Job instance at 0x1530f2560d20>,10,3,[6 1],13,23,26,10,13
1,<environment.Job instance at 0x1530f25604b0>,9,2,[1 5],12,15,17,3,15
1,<environment.Job instance at 0x1530f4a5c870>,13,3,[1 6],17,17,20,0,17
1,<environment.Job instance at 0x1530f4a5cc80>,15,13,[7 1],19,26,39,7,19
1,<environment.Job instance at 0x1530f4a5c140>,16,1,[ 2 10],21,39,40,18,21
1,<environment.Job instance at 0x1530f4a5ca00>,17,14,[10  2],22,40,54,18,25
1,<environment.Job instance at 0x1530f1a90910>,21,3,[2 7],26,26,29,0,26
1,<environment.Job instance at 0x1530f1a90be0>,24,2,[8 1],29,54,56,25,29
1,<environment.Job instance at 0x1530f1a90b40>,26,3,[9 1],31,56,59,25,31
1,<environment.Job instance at 0x1530f5ee0410>,32,3,[9 1],38,59,62,21,38
1,<environment.Job instance at 0x1530f5ee0780>,33,3,[9 1],39,62,65,23,39
1,<environment.Job instance at 0x1530f5ee01e0>,35,1,[7 1],41,65,66,24,57
1,<environment.Job instance at 0x1530f5ee0f00>,37,3,[10  1],45,66,69,21,57
1,<environment.Job instance at 0x1530f5ee00f0>,38,3,[ 1 10],47,69,72,22,57
1,<environment.Job instance at 0x1530f5ee07d0>,39,1,[7 1],48,72,73,24,57
1,<environment.Job instance at 0x1530f5ee0e60>,41,12,[5 1],53,73,85,20,62
1,<environment.Job instance at 0x1530f5ee0820>,42,3,[9 2],54,85,88,31,62
1,<environment.Job instance at 0x1530f5ee0370>,43,3,[8 1],56,88,91,32,62
1,<environment.Job instance at 0x1530fbdb1c80>,0,3,[1 9],1,1,4,0,1
1,<environment.Job instance at 0x1530f5ee0690>,2,1,[10  2],5,5,6,0,5
1,<environment.Job instance at 0x15310ef74050>,3,28,[2 9],6,6,34,0,6
1,<environment.Job instance at 0x1530f195ebe0>,4,3,[8 1],7,7,10,0,7
1,<environment.Job instance at 0x1530f195e8c0>,6,1,[2 7],9,34,35,25,9
1,<environment.Job instance at 0x1530f195e9b0>,7,2,[ 1 10],10,35,37,25,10
1,<environment.Job instance at 0x1530f195e370>,9,2,[9 1],12,37,39,25,12
1,<environment.Job instance at 0x15310ef746e0>,10,1,[5 1],14,14,15,0,14
1,<environment.Job instance at 0x1530f268b1e0>,16,3,[ 1 10],20,39,42,19,20
1,<environment.Job instance at 0x1530f18ae6e0>,17,17,[1 7],21,42,59,21,30
1,<environment.Job instance at 0x1530f1d29050>,22,1,[5 1],30,30,31,0,30
1,<environment.Job instance at 0x1530f1b5e3c0>,26,13,[6 1],37,42,55,5,37
1,<environment.Job instance at 0x1530f1b5e230>,28,13,[5 2],39,55,68,16,39
1,<environment.Job instance at 0x15310ee261e0>,29,13,[9 2],40,68,81,28,52
1,<environment.Job instance at 0x15310ee26780>,31,12,[1 8],42,59,71,17,52
1,<environment.Job instance at 0x15310ee26fa0>,34,2,[10  1],46,81,83,35,54
1,<environment.Job instance at 0x1530f481c410>,36,1,[ 2 10],49,83,84,34,55
1,<environment.Job instance at 0x1530f481ceb0>,37,3,[2 9],50,84,87,34,58
1,<environment.Job instance at 0x1530f4970b90>,38,3,[1 6],51,71,74,20,58
1,<environment.Job instance at 0x1530f5b413c0>,40,2,[ 1 10],53,87,89,34,75
1,<environment.Job instance at 0x1530f5b41be0>,41,1,[2 9],54,89,90,35,75
1,<environment.Job instance at 0x1530f5b410f0>,42,21,[10  1],55,90,111,35,82
1,<environment.Job instance at 0x1530fbdb30f0>,44,3,[7 2],58,111,114,53,85
1,<environment.Job instance at 0x1530fbdb39b0>,45,2,[7 1],59,85,87,26,85
1,<environment.Job instance at 0x15310c1b2870>,2,3,[1 5],4,4,7,0,4
1,<environment.Job instance at 0x1530f10fd730>,3,15,[10  1],5,7,22,2,5
1,<environment.Job instance at 0x15310edb7230>,5,1,[5 1],9,22,23,13,9
1,<environment.Job instance at 0x15310edb7410>,6,3,[6 1],10,23,26,13,10
1,<environment.Job instance at 0x15310edb77d0>,7,3,[8 2],13,26,29,13,13
1,<environment.Job instance at 0x15310edb7050>,9,3,[2 5],16,22,25,6,16
1,<environment.Job instance at 0x15310edb7a50>,10,1,[1 6],17,25,26,8,17
1,<environment.Job instance at 0x15310edb70f0>,11,2,[8 1],18,29,31,11,18
1,<environment.Job instance at 0x15310edb7c80>,12,2,[1 7],19,26,28,7,19
1,<environment.Job instance at 0x1530fb743960>,13,2,[7 2],20,31,33,11,20
1,<environment.Job instance at 0x1530f25603c0>,14,2,[7 1],21,33,35,12,21
1,<environment.Job instance at 0x1530f2560a50>,20,3,[2 8],27,28,31,1,27
1,<environment.Job instance at 0x1530f46dbc30>,21,3,[1 7],28,31,34,3,28
1,<environment.Job instance at 0x1530f59d0fa0>,22,3,[1 8],30,34,37,4,30
1,<environment.Job instance at 0x15310ed7a8c0>,23,3,[7 1],32,35,38,3,32
1,<environment.Job instance at 0x1530f120e050>,28,2,[5 2],41,41,43,0,41
1,<environment.Job instance at 0x1530f120e460>,29,2,[1 5],42,42,44,0,42
1,<environment.Job instance at 0x1530f5b760a0>,36,3,[6 1],51,51,54,0,51
1,<environment.Job instance at 0x1530f5b76280>,37,2,[8 2],53,54,56,1,53
1,<environment.Job instance at 0x1530f5b767d0>,38,3,[6 2],55,56,59,1,55
1,<environment.Job instance at 0x1530f5bad820>,39,2,[7 2],56,59,61,3,56
1,<environment.Job instance at 0x1530f5badd20>,40,3,[10  2],57,61,64,4,57
1,<environment.Job instance at 0x1530f5b76870>,33,3,[2 9],47,218,221,171,218
1,<environment.Job instance at 0x1530f5bade10>,0,3,[10  2],1,1,4,0,1
1,<environment.Job instance at 0x1530f5badcd0>,2,3,[7 1],4,4,7,0,4
1,<environment.Job instance at 0x1530f18fccd0>,3,3,[7 2],5,7,10,2,5
1,<environment.Job instance at 0x1530f4aa00a0>,8,3,[10  1],12,12,15,0,12
1,<environment.Job instance at 0x1530f1bebdc0>,11,1,[10  2],18,18,19,0,18
1,<environment.Job instance at 0x1530f1beb8c0>,13,3,[9 1],20,20,23,0,20
1,<environment.Job instance at 0x15310cbe9410>,14,3,[9 2],23,23,26,0,23
1,<environment.Job instance at 0x1530f1beb370>,15,3,[5 1],25,26,29,1,25
1,<environment.Job instance at 0x15310c0a5550>,22,13,[7 1],35,64,77,29,64
1,<environment.Job instance at 0x1530f1b73640>,23,15,[2 6],36,64,79,28,64
1,<environment.Job instance at 0x1530f1b734b0>,26,1,[9 2],41,79,80,38,64
1,<environment.Job instance at 0x1530f4761820>,28,16,[10  1],44,80,96,36,67
1,<environment.Job instance at 0x1530f46c4b90>,33,3,[8 2],50,96,99,46,70
1,<environment.Job instance at 0x1530f1884aa0>,34,2,[8 1],53,77,79,24,70
1,<environment.Job instance at 0x1530f18844b0>,36,3,[1 9],56,99,102,43,77
1,<environment.Job instance at 0x1530f1884820>,37,1,[ 2 10],59,102,103,43,77
1,<environment.Job instance at 0x1530f46e35f0>,1,3,[1 6],3,3,6,0,3
1,<environment.Job instance at 0x1530f1ba5af0>,3,12,[10  1],6,6,18,0,6
1,<environment.Job instance at 0x1530f1ba5f50>,4,3,[1 8],7,18,21,11,7
1,<environment.Job instance at 0x1530f1ba58c0>,6,3,[1 6],9,21,24,12,9
1,<environment.Job instance at 0x1530f867b460>,9,1,[6 2],12,18,19,6,12
1,<environment.Job instance at 0x1530f867bc30>,10,2,[8 1],13,19,21,6,13
1,<environment.Job instance at 0x1530f867ba00>,11,23,[1 9],14,24,47,10,18
1,<environment.Job instance at 0x1530f261df50>,15,3,[2 8],19,47,50,28,21
1,<environment.Job instance at 0x1530f1baa190>,16,1,[8 1],20,21,22,1,21
1,<environment.Job instance at 0x1530f261d0a0>,17,17,[9 1],21,22,39,1,21
1,<environment.Job instance at 0x15310caf7cd0>,18,2,[6 1],22,39,41,17,22
1,<environment.Job instance at 0x1530f489dc80>,19,1,[6 1],24,41,42,17,24
1,<environment.Job instance at 0x1530f4798190>,20,2,[2 5],26,50,52,24,26
1,<environment.Job instance at 0x1530f4964320>,21,3,[2 8],28,52,55,24,28
1,<environment.Job instance at 0x15310cbb7280>,22,1,[5 1],29,42,43,13,29
1,<environment.Job instance at 0x1530f1d0c460>,29,3,[9 1],39,55,58,16,48
1,<environment.Job instance at 0x15310c819550>,31,3,[1 9],41,55,58,14,48
1,<environment.Job instance at 0x1530f1edf410>,35,3,[10  1],48,58,61,10,48
1,<environment.Job instance at 0x1530f6defc80>,36,2,[2 7],52,61,63,9,52
1,<environment.Job instance at 0x1530f195e5f0>,2,13,[9 2],5,5,18,0,5
1,<environment.Job instance at 0x1530f195e820>,3,3,[8 2],7,18,21,11,7
1,<environment.Job instance at 0x1530f195e4b0>,5,3,[7 1],10,21,24,11,10
1,<environment.Job instance at 0x1530f4af34b0>,6,17,[8 1],12,24,41,12,12
1,<environment.Job instance at 0x1530f5ea0e60>,14,16,[5 2],23,41,57,18,33
1,<environment.Job instance at 0x15310c826230>,18,2,[8 1],27,57,59,30,34
1,<environment.Job instance at 0x1530f46c4f50>,19,2,[6 1],28,59,61,31,34
1,<environment.Job instance at 0x1530f10f5b40>,20,3,[7 2],30,61,64,31,35
1,<environment.Job instance at 0x1530f11dab40>,21,3,[2 6],31,35,38,4,35
1,<environment.Job instance at 0x1530f1995cd0>,22,1,[ 2 10],32,64,65,32,36
1,<environment.Job instance at 0x15310c826820>,23,2,[5 2],34,41,43,7,36
1,<environment.Job instance at 0x1530f4a414b0>,24,1,[7 2],35,65,66,30,37
1,<environment.Job instance at 0x1530f5e945a0>,25,15,[10  2],36,66,81,30,52
1,<environment.Job instance at 0x1530f1ba67d0>,26,3,[1 6],37,52,55,15,52
1,<environment.Job instance at 0x1530f5f24280>,30,12,[2 9],41,81,93,40,64
1,<environment.Job instance at 0x15310c082e10>,32,3,[ 2 10],45,93,96,48,67
1,<environment.Job instance at 0x15310c082280>,34,3,[1 8],50,96,99,46,70
1,<environment.Job instance at 0x1530f1498af0>,36,14,[10  1],53,99,113,46,84
1,<environment.Job instance at 0x1530f1c08be0>,40,3,[9 1],59,96,99,37,85
1,<environment.Job instance at 0x15310edb1500>,4,3,[8 2],7,7,10,0,7
1,<environment.Job instance at 0x1530f5aff320>,5,3,[2 5],8,8,11,0,8
1,<environment.Job instance at 0x1530f5aff410>,6,3,[9 1],10,11,14,1,10
1,<environment.Job instance at 0x1530f47b3b40>,11,22,[7 2],16,16,38,0,16
1,<environment.Job instance at 0x1530f47b3730>,13,3,[ 2 10],18,38,41,20,18
1,<environment.Job instance at 0x1530f26bd370>,21,3,[7 2],30,41,44,11,30
1,<environment.Job instance at 0x1530f26bd7d0>,26,24,[2 7],41,41,65,0,41
1,<environment.Job instance at 0x1530f26bdaa0>,27,3,[1 8],42,65,68,23,42
1,<environment.Job instance at 0x1530f26bd550>,28,12,[1 6],44,68,80,24,51
1,<environment.Job instance at 0x1530f26bd870>,29,15,[6 2],47,51,66,4,51
1,<environment.Job instance at 0x1530f26bdd20>,30,18,[8 1],48,66,84,18,55
1,<environment.Job instance at 0x1530f26bd140>,34,3,[1 5],55,80,83,25,56
1,<environment.Job instance at 0x1530f10f7eb0>,36,3,[2 7],57,83,86,26,57
1,<environment.Job instance at 0x1530f15721e0>,20,15,[2 6],28,149,164,121,149
1,<environment.Job instance at 0x1530f462de60>,0,2,[8 1],1,1,3,0,1
1,<environment.Job instance at 0x1530f1572cd0>,2,1,[7 2],4,4,5,0,4
1,<environment.Job instance at 0x1530f462d320>,3,1,[5 1],5,5,6,0,5
1,<environment.Job instance at 0x1530f462dfa0>,4,2,[5 1],8,8,10,0,8
1,<environment.Job instance at 0x1530f462d960>,5,2,[2 7],9,9,11,0,9
1,<environment.Job instance at 0x1530f462d460>,6,15,[5 1],11,11,26,0,11
1,<environment.Job instance at 0x1530f462d4b0>,7,3,[5 2],12,12,15,0,12
1,<environment.Job instance at 0x1530f462d5f0>,8,3,[2 8],13,15,18,2,13
1,<environment.Job instance at 0x1530f462de10>,10,1,[6 2],16,26,27,10,16
1,<environment.Job instance at 0x1530f462d640>,11,2,[1 7],17,18,20,1,17
1,<environment.Job instance at 0x1530f462d910>,12,23,[10  2],18,27,50,9,21
1,<environment.Job instance at 0x1530f4a205f0>,18,3,[1 7],29,50,53,21,29
1,<environment.Job instance at 0x1530f4a20050>,20,3,[10  2],34,53,56,19,34
1,<environment.Job instance at 0x1530f4a20aa0>,21,1,[9 1],35,50,51,15,35
1,<environment.Job instance at 0x1530f4a20140>,22,2,[8 2],36,51,53,15,36
1,<environment.Job instance at 0x1530f4a20dc0>,23,2,[6 1],37,56,58,19,37
1,<environment.Job instance at 0x1530f4a20550>,24,1,[2 6],38,56,57,18,38
1,<environment.Job instance at 0x1530f4a20910>,25,2,[2 7],39,57,59,18,39
1,<environment.Job instance at 0x1530f4a20500>,26,1,[1 7],40,59,60,19,40
1,<environment.Job instance at 0x1530f4a200a0>,27,1,[1 7],43,60,61,17,43
1,<environment.Job instance at 0x15310cb1db40>,28,3,[6 2],44,58,61,14,44
1,<environment.Job instance at 0x15310cb1de60>,29,1,[8 2],45,61,62,16,45
1,<environment.Job instance at 0x15310cb1daa0>,30,18,[9 2],46,62,80,16,51
1,<environment.Job instance at 0x15310cb1d5f0>,34,3,[7 1],51,80,83,29,54
1,<environment.Job instance at 0x1530f1ccbe10>,38,3,[6 2],58,83,86,25,58
1,<environment.Job instance at 0x1530f1498f00>,0,3,[6 1],5,5,8,0,5
1,<environment.Job instance at 0x1530f1498640>,1,3,[7 2],6,8,11,2,6
1,<environment.Job instance at 0x1530f4a201e0>,2,15,[8 1],7,11,26,4,7
1,<environment.Job instance at 0x15310cc05e10>,3,3,[1 7],9,9,12,0,9
1,<environment.Job instance at 0x15310cb895f0>,5,2,[7 1],13,26,28,13,13
1,<environment.Job instance at 0x15310cb89b40>,6,15,[7 1],14,28,43,14,14
1,<environment.Job instance at 0x15310cb89960>,7,3,[1 6],16,16,19,0,16
1,<environment.Job instance at 0x15310cb89550>,10,3,[1 6],19,19,22,0,19
1,<environment.Job instance at 0x1530f49a72d0>,12,2,[1 5],26,26,28,0,26
1,<environment.Job instance at 0x15310c135eb0>,13,1,[7 2],30,43,44,13,30
1,<environment.Job instance at 0x15310c1353c0>,15,1,[7 2],33,44,45,11,33
1,<environment.Job instance at 0x1530fbdd0d70>,16,1,[10  2],34,45,46,11,34
1,<environment.Job instance at 0x1530f46a5820>,18,3,[8 1],36,46,49,10,36
1,<environment.Job instance at 0x15310c138640>,19,3,[6 1],37,49,52,12,37
1,<environment.Job instance at 0x1530f1397e60>,28,3,[1 9],55,98,101,43,98
1,<environment.Job instance at 0x1530f1397230>,29,3,[8 2],56,101,104,45,98
1,<environment.Job instance at 0x1530f1397320>,30,13,[8 2],57,104,117,47,98
1,<environment.Job instance at 0x1530f1397050>,32,3,[6 2],59,117,120,58,98
1,<environment.Job instance at 0x1530f499ae10>,24,3,[6 2],50,591,594,541,591
1,<environment.Job instance at 0x1530f5b22dc0>,3,3,[2 8],6,6,9,0,6
1,<environment.Job instance at 0x1530f1c85410>,5,2,[6 2],9,9,11,0,9
1,<environment.Job instance at 0x1530f1c85c30>,6,1,[2 6],10,10,11,0,10
1,<environment.Job instance at 0x1530f1c85b40>,7,3,[7 1],11,11,14,0,11
1,<environment.Job instance at 0x1530f1c85370>,8,3,[1 7],13,13,16,0,13
1,<environment.Job instance at 0x15310ca69dc0>,9,15,[10  2],14,16,31,2,14
1,<environment.Job instance at 0x15310ca691e0>,10,2,[5 1],16,31,33,15,16
1,<environment.Job instance at 0x15310ca694b0>,11,1,[8 1],17,33,34,16,17
1,<environment.Job instance at 0x15310ca69550>,12,3,[2 9],18,31,34,13,18
1,<environment.Job instance at 0x15310c14d870>,20,3,[2 6],29,34,37,5,29
1,<environment.Job instance at 0x1530f1828780>,21,18,[2 9],30,37,55,7,30
1,<environment.Job instance at 0x1530f1828500>,22,3,[9 1],32,55,58,23,32
1,<environment.Job instance at 0x1530f18286e0>,23,3,[2 6],33,58,61,25,33
1,<environment.Job instance at 0x15310cc05500>,28,1,[1 5],39,55,56,16,39
1,<environment.Job instance at 0x15310cc051e0>,29,1,[2 6],40,61,62,21,40
1,<environment.Job instance at 0x15310cc05d70>,30,1,[5 1],41,41,42,0,41
1,<environment.Job instance at 0x15310cc05af0>,31,1,[2 6],43,62,63,19,43
1,<environment.Job instance at 0x15310cc05d20>,32,13,[7 1],44,58,71,14,44
1,<environment.Job instance at 0x15310cc058c0>,33,3,[2 8],45,63,66,18,45
1,<environment.Job instance at 0x15310cc05730>,37,3,[1 8],50,66,69,16,55
1,<environment.Job instance at 0x15310cc05960>,38,1,[7 2],51,71,72,20,55
1,<environment.Job instance at 0x15310cc055a0>,39,15,[9 2],53,72,87,19,58
1,<environment.Job instance at 0x15310e513690>,42,1,[10  2],56,87,88,31,74
1,<environment.Job instance at 0x15310e513f00>,43,13,[8 2],58,88,101,30,74
1,<environment.Job instance at 0x1530f495e0a0>,4,13,[ 2 10],8,10,23,2,10
1,<environment.Job instance at 0x1530f185b550>,9,3,[5 2],17,23,26,6,17
1,<environment.Job instance at 0x1530f185b1e0>,11,13,[6 2],19,26,39,7,19
1,<environment.Job instance at 0x1530f4a0ae10>,15,3,[8 2],23,39,42,16,23
1,<environment.Job instance at 0x1530f5bf0d20>,16,13,[2 7],24,24,37,0,24
1,<environment.Job instance at 0x1530f489d960>,17,17,[9 1],25,42,59,17,30
1,<environment.Job instance at 0x1530f4917fa0>,20,3,[10  1],31,59,62,28,37
1,<environment.Job instance at 0x1530f6df7370>,21,16,[ 1 10],32,62,78,30,49
1,<environment.Job instance at 0x1530f1b1a2d0>,25,1,[8 1],37,78,79,41,50
1,<environment.Job instance at 0x1530f1b1ac80>,26,13,[1 6],38,78,91,40,62
1,<environment.Job instance at 0x1530f25579b0>,28,13,[9 1],40,79,92,39,66
1,<environment.Job instance at 0x1530f17945a0>,32,3,[ 2 10],49,92,95,43,72
1,<environment.Job instance at 0x1530f1794d70>,34,12,[2 9],51,95,107,44,80
1,<environment.Job instance at 0x1530fb743730>,36,3,[2 5],56,107,110,51,85
1,<environment.Job instance at 0x1530fb7435a0>,38,3,[2 5],58,107,110,49,86
1,<environment.Job instance at 0x15310ede5500>,4,3,[1 5],9,9,12,0,9
1,<environment.Job instance at 0x15310c0f57d0>,5,1,[1 5],10,10,11,0,10
1,<environment.Job instance at 0x15310c0f55f0>,7,1,[8 1],14,14,15,0,14
1,<environment.Job instance at 0x1530f4a200f0>,8,3,[8 1],16,16,19,0,16
1,<environment.Job instance at 0x1530f4a20dc0>,9,3,[7 2],22,22,25,0,22
1,<environment.Job instance at 0x1530f4a20af0>,12,2,[10  2],26,26,28,0,26
1,<environment.Job instance at 0x1530f4a20410>,13,3,[2 9],27,28,31,1,27
1,<environment.Job instance at 0x1530f867ea50>,17,2,[6 2],31,31,33,0,31
1,<environment.Job instance at 0x1530f25af6e0>,18,3,[2 9],32,33,36,1,32
1,<environment.Job instance at 0x1530f867e1e0>,19,2,[10  2],33,36,38,3,33
1,<environment.Job instance at 0x1530f867e2d0>,21,2,[1 9],36,38,40,2,36
1,<environment.Job instance at 0x1530f1d06820>,28,2,[8 1],45,49,51,4,49
1,<environment.Job instance at 0x1530f1d06280>,29,3,[9 2],47,51,54,4,49
1,<environment.Job instance at 0x1530f1d30320>,30,1,[2 9],50,50,51,0,50
1,<environment.Job instance at 0x1530f1d30780>,31,18,[6 1],51,54,72,3,51
1,<environment.Job instance at 0x1530f1d304b0>,32,17,[7 1],52,72,89,20,60
1,<environment.Job instance at 0x1530f1c80d20>,26,1,[ 1 10],43,179,180,136,179
1,<environment.Job instance at 0x1530f1d063c0>,1,3,[ 1 10],4,4,7,0,4
1,<environment.Job instance at 0x1530f4649960>,3,3,[7 1],7,7,10,0,7
1,<environment.Job instance at 0x1530f18cab40>,4,2,[1 8],8,8,10,0,8
1,<environment.Job instance at 0x153144248f50>,5,3,[5 1],9,10,13,1,9
1,<environment.Job instance at 0x1530f1ba9640>,6,1,[1 9],10,10,11,0,10
1,<environment.Job instance at 0x1530f11b0370>,8,17,[7 1],13,13,30,0,13
1,<environment.Job instance at 0x1530f11b0c30>,9,2,[10  1],16,30,32,14,16
1,<environment.Job instance at 0x1530f11b0780>,12,13,[5 2],19,32,45,13,19
1,<environment.Job instance at 0x1530f11b0500>,15,16,[1 5],24,32,48,8,24
1,<environment.Job instance at 0x15310c06e910>,16,3,[ 2 10],26,48,51,22,26
1,<environment.Job instance at 0x1530f5bc5af0>,17,1,[9 1],27,45,46,18,27
1,<environment.Job instance at 0x15310ee67a50>,20,1,[2 5],31,46,47,15,31
1,<environment.Job instance at 0x1530f18f9fa0>,27,3,[1 6],38,51,54,13,38
1,<environment.Job instance at 0x1530f18f9dc0>,28,2,[5 1],39,51,53,12,39
1,<environment.Job instance at 0x1530f1937690>,30,19,[1 8],44,54,73,10,44
1,<environment.Job instance at 0x1530f1937320>,31,2,[9 1],45,53,55,8,45
1,<environment.Job instance at 0x1530f1986af0>,34,2,[10  1],49,73,75,24,53
1,<environment.Job instance at 0x1530f19860a0>,35,3,[1 5],51,75,78,24,53
1,<environment.Job instance at 0x1530f19864b0>,36,13,[6 1],52,55,68,3,53
1,<environment.Job instance at 0x1530f1986a00>,37,3,[7 2],53,68,71,15,53
1,<environment.Job instance at 0x1530f19f1f50>,40,3,[9 1],58,75,78,17,59
1,<environment.Job instance at 0x1530f1a755a0>,22,3,[1 5],33,1233,1236,1200,1233
1,<environment.Job instance at 0x1530f49a6be0>,3,2,[2 8],10,10,12,0,10
1,<environment.Job instance at 0x1530f49a6cd0>,4,1,[10  2],11,12,13,1,11
1,<environment.Job instance at 0x1530f49a6d70>,5,1,[5 2],13,13,14,0,13
1,<environment.Job instance at 0x1530f49a6410>,7,1,[5 2],16,16,17,0,16
1,<environment.Job instance at 0x1530f1be5910>,10,3,[9 2],23,23,26,0,23
1,<environment.Job instance at 0x1530f1be5aa0>,11,2,[6 1],24,26,28,2,24
1,<environment.Job instance at 0x1530f1be56e0>,13,2,[5 1],27,28,30,1,27
1,<environment.Job instance at 0x1530f1d67c30>,14,2,[1 5],28,28,30,0,28
1,<environment.Job instance at 0x1530f1be5f50>,18,16,[9 1],33,33,49,0,33
1,<environment.Job instance at 0x1530f152cc30>,19,3,[ 1 10],34,49,52,15,34
1,<environment.Job instance at 0x1530f5bdaaf0>,30,2,[10  2],51,52,54,1,51
1,<environment.Job instance at 0x15310c1b0d20>,33,14,[10  1],55,55,69,0,55
1,<environment.Job instance at 0x1530f3ba7640>,2,2,[2 5],5,5,7,0,5
1,<environment.Job instance at 0x1530f5f0bb40>,3,3,[6 2],6,6,9,0,6
1,<environment.Job instance at 0x1530f19a4fa0>,4,18,[10  2],7,9,27,2,7
1,<environment.Job instance at 0x1530f5f0bfa0>,5,3,[9 1],10,27,30,17,10
1,<environment.Job instance at 0x1530f19a4e10>,6,3,[2 6],11,30,33,19,11
1,<environment.Job instance at 0x1530f19a46e0>,9,13,[10  1],17,33,46,16,17
1,<environment.Job instance at 0x1530f12f0b90>,14,1,[7 2],27,30,31,3,27
1,<environment.Job instance at 0x1530f19a4230>,15,3,[2 9],28,46,49,18,28
1,<environment.Job instance at 0x1530f151ae10>,18,18,[5 1],33,46,64,13,35
1,<environment.Job instance at 0x1530f59d8fa0>,20,12,[2 7],36,49,61,13,36
1,<environment.Job instance at 0x15310cb3f050>,22,3,[10  2],38,64,67,26,38
1,<environment.Job instance at 0x1530f4904e10>,36,3,[9 2],57,67,70,10,57
1,<environment.Job instance at 0x1530f4909550>,1,3,[1 6],2,2,5,0,2
1,<environment.Job instance at 0x1530f4909f50>,2,3,[2 7],3,5,8,2,3
1,<environment.Job instance at 0x1530f6e0e780>,12,1,[2 7],15,34,35,19,34
1,<environment.Job instance at 0x15310cbf4910>,13,22,[6 2],16,34,56,18,34
1,<environment.Job instance at 0x15310cbf4b90>,15,12,[1 6],19,35,47,16,34
1,<environment.Job instance at 0x15310cbf4960>,16,3,[2 7],21,47,50,26,34
1,<environment.Job instance at 0x15310cbf49b0>,17,17,[1 5],22,50,67,28,38
1,<environment.Job instance at 0x15310cbf46e0>,19,18,[5 1],25,56,74,31,45
1,<environment.Job instance at 0x1530f4659870>,22,1,[7 1],28,74,75,46,51
1,<environment.Job instance at 0x1530f4659500>,23,17,[10  1],29,75,92,46,63
1,<environment.Job instance at 0x1531486b9320>,27,3,[6 1],36,92,95,56,66
1,<environment.Job instance at 0x1530f4659640>,28,1,[9 1],38,95,96,57,67
1,<environment.Job instance at 0x1530f1509b40>,29,3,[5 2],39,67,70,28,67
1,<environment.Job instance at 0x15310ee26410>,35,1,[9 1],46,96,97,50,77
1,<environment.Job instance at 0x1530f19fa2d0>,37,14,[8 2],51,97,111,46,82
1,<environment.Job instance at 0x1530f19fa050>,38,3,[2 6],52,92,95,40,82
1,<environment.Job instance at 0x1530f4888be0>,42,3,[5 1],58,111,114,53,85
1,<environment.Job instance at 0x1530f4888cd0>,43,1,[1 6],59,95,96,36,85
1,<environment.Job instance at 0x15310ca66500>,6,2,[1 7],9,112,114,103,112
1,<environment.Job instance at 0x1530f46e3050>,0,3,[2 5],2,2,5,0,2
1,<environment.Job instance at 0x1530f496ba50>,7,16,[2 5],12,12,28,0,12
1,<environment.Job instance at 0x1530f496b6e0>,8,3,[8 2],13,13,16,0,13
1,<environment.Job instance at 0x1530f496b370>,12,12,[2 7],17,28,40,11,17
1,<environment.Job instance at 0x15310ca69320>,13,13,[10  1],18,40,53,22,24
1,<environment.Job instance at 0x15310ca69230>,18,3,[7 2],24,31,34,7,31
1,<environment.Job instance at 0x15310ca696e0>,20,3,[1 7],27,53,56,26,31
1,<environment.Job instance at 0x15310ca69820>,23,3,[2 6],30,56,59,26,37
1,<environment.Job instance at 0x15310caf70f0>,32,18,[1 8],40,59,77,19,48
1,<environment.Job instance at 0x1530f165f320>,38,3,[1 9],51,77,80,26,54
1,<environment.Job instance at 0x1530f165f1e0>,42,3,[6 1],55,57,60,2,57
1,<environment.Job instance at 0x1530f165f140>,44,13,[5 2],58,60,73,2,58
1,<environment.Job instance at 0x1530f25995a0>,8,3,[1 6],12,12,15,0,12
1,<environment.Job instance at 0x1530f1acb550>,11,13,[1 6],19,19,32,0,19
1,<environment.Job instance at 0x1530f1caa1e0>,21,3,[10  1],36,36,39,0,36
1,<environment.Job instance at 0x1530f1c9bc80>,22,1,[7 2],38,39,40,1,38
1,<environment.Job instance at 0x1530f1c9bbe0>,23,2,[6 1],39,40,42,1,39
1,<environment.Job instance at 0x1530f1c9b730>,24,2,[2 5],40,40,42,0,40
1,<environment.Job instance at 0x1530f1c9b410>,25,14,[1 6],41,42,56,1,41
1,<environment.Job instance at 0x1530f1c9b960>,26,3,[8 1],42,42,45,0,42
1,<environment.Job instance at 0x1530f1c9b7d0>,27,15,[1 7],43,56,71,13,43
1,<environment.Job instance at 0x1530f1211e60>,32,3,[10  2],49,71,74,22,50
1,<environment.Job instance at 0x1530f1229dc0>,34,2,[ 2 10],51,74,76,23,61
1,<environment.Job instance at 0x1530f1ca6c30>,35,3,[1 5],52,76,79,24,61
1,<environment.Job instance at 0x1530f1229f00>,36,3,[6 1],58,61,64,3,61
1,<environment.Job instance at 0x1530f4ab6320>,0,1,[5 1],1,2,3,1,2
1,<environment.Job instance at 0x1530f49c1230>,5,3,[2 8],7,7,10,0,7
1,<environment.Job instance at 0x1530f49c15a0>,7,1,[ 2 10],11,11,12,0,11
1,<environment.Job instance at 0x1530f49c1dc0>,13,17,[5 1],20,20,37,0,20
1,<environment.Job instance at 0x1530f49c1910>,14,3,[2 5],21,21,24,0,21
1,<environment.Job instance at 0x1530f49c1d20>,15,16,[8 1],22,37,53,15,24
1,<environment.Job instance at 0x1530f49c10f0>,16,3,[10  2],24,53,56,29,27
1,<environment.Job instance at 0x1530f4b30f00>,18,3,[2 7],26,27,30,1,27
1,<environment.Job instance at 0x1530f1ba5b40>,21,1,[ 1 10],29,56,57,27,29
1,<environment.Job instance at 0x1530f1ba53c0>,23,12,[10  2],32,57,69,25,40
1,<environment.Job instance at 0x1530f1ba5320>,25,3,[7 1],39,69,72,30,49
1,<environment.Job instance at 0x1530f1ba55a0>,27,2,[2 7],42,49,51,7,49
1,<environment.Job instance at 0x1530f1ba5410>,29,3,[8 1],44,72,75,28,49
1,<environment.Job instance at 0x1530f1ba51e0>,30,2,[6 1],45,75,77,30,49
1,<environment.Job instance at 0x1530f1ba52d0>,31,1,[5 1],46,77,78,31,49
1,<environment.Job instance at 0x1530f1ba50f0>,32,1,[6 1],48,78,79,30,50
1,<environment.Job instance at 0x1530f1ba5050>,33,1,[1 5],49,51,52,2,50
1,<environment.Job instance at 0x1530f1ec3910>,34,15,[5 1],50,79,94,29,65
1,<environment.Job instance at 0x1530f1ec34b0>,35,3,[2 6],53,69,72,16,65
1,<environment.Job instance at 0x1530f1ec3500>,36,3,[2 7],54,72,75,18,65
1,<environment.Job instance at 0x1530f1ec3c80>,38,1,[5 1],57,77,78,20,65
1,<environment.Job instance at 0x1530f1ec3d20>,39,2,[8 1],58,94,96,36,67
1,<environment.Job instance at 0x15310c19dbe0>,1,2,[8 1],2,2,4,0,2
1,<environment.Job instance at 0x15310cb3f1e0>,3,3,[2 5],4,4,7,0,4
1,<environment.Job instance at 0x15310cb3f0f0>,4,3,[6 1],5,5,8,0,5
1,<environment.Job instance at 0x1530fb7438c0>,5,2,[9 2],7,8,10,1,7
1,<environment.Job instance at 0x15310cb3ff00>,6,3,[2 7],8,10,13,2,8
1,<environment.Job instance at 0x15310cb3f820>,7,1,[1 5],9,9,10,0,9
1,<environment.Job instance at 0x15310cb3f960>,8,3,[2 6],10,13,16,3,10
1,<environment.Job instance at 0x1530f5e9a9b0>,9,2,[9 2],11,16,18,5,11
1,<environment.Job instance at 0x1530f5e9a0a0>,10,12,[9 1],12,18,30,6,12
1,<environment.Job instance at 0x1530f5e9af50>,11,1,[10  1],13,30,31,17,13
1,<environment.Job instance at 0x1530f46c8c80>,19,2,[1 9],25,31,33,6,29
1,<environment.Job instance at 0x1530f5e9a460>,20,18,[2 6],26,33,51,7,29
1,<environment.Job instance at 0x1530f14ea410>,21,17,[ 1 10],27,51,68,24,39
1,<environment.Job instance at 0x1530f1db5c80>,23,18,[1 9],29,68,86,39,57
1,<environment.Job instance at 0x1530f1db5a00>,24,15,[7 1],30,68,83,38,57
1,<environment.Job instance at 0x15310cb4c320>,26,1,[6 2],32,86,87,54,58
1,<environment.Job instance at 0x1530f5c16870>,30,1,[1 6],44,86,87,42,73
1,<environment.Job instance at 0x1530f13022d0>,32,12,[9 1],47,87,99,40,80
1,<environment.Job instance at 0x1530f1d403c0>,38,18,[9 2],54,99,117,45,88
1,<environment.Job instance at 0x15310cbda410>,16,2,[1 7],20,521,523,501,521
1,<environment.Job instance at 0x1530f17bda50>,17,15,[1 9],21,561,576,540,561
1,<environment.Job instance at 0x1530f1c70550>,1,3,[6 1],2,2,5,0,2
1,<environment.Job instance at 0x1530f11b1f50>,5,2,[9 2],7,7,9,0,7
1,<environment.Job instance at 0x1530f4a41190>,9,13,[10  2],13,13,26,0,13
1,<environment.Job instance at 0x1530f25f49b0>,12,13,[2 9],16,26,39,10,18
1,<environment.Job instance at 0x1530f18e0320>,14,2,[10  1],20,39,41,19,20
1,<environment.Job instance at 0x1530f866f280>,15,3,[1 9],21,41,44,20,21
1,<environment.Job instance at 0x1530f5ee3dc0>,16,3,[9 2],22,44,47,22,22
1,<environment.Job instance at 0x1530f11b17d0>,18,2,[1 6],25,44,46,19,25
1,<environment.Job instance at 0x1530fa0d40a0>,22,3,[1 8],29,46,49,17,40
1,<environment.Job instance at 0x1530f258f140>,23,3,[ 2 10],30,49,52,19,40
1,<environment.Job instance at 0x1530fa0d49b0>,24,2,[10  2],31,52,54,21,40
1,<environment.Job instance at 0x1530fa0d4690>,25,1,[1 8],32,54,55,22,40
1,<environment.Job instance at 0x1530fa0d4fa0>,26,3,[2 6],33,55,58,22,40
1,<environment.Job instance at 0x1530fa0d4050>,27,3,[8 1],35,41,44,6,40
1,<environment.Job instance at 0x1530f12bd870>,30,3,[9 1],40,58,61,18,50
1,<environment.Job instance at 0x1530f1c054b0>,33,3,[8 1],45,67,70,22,67
1,<environment.Job instance at 0x1530f1c05690>,34,2,[10  1],46,70,72,24,67
1,<environment.Job instance at 0x1530f1c05e10>,35,2,[6 2],47,72,74,25,67
1,<environment.Job instance at 0x1530f1c05a00>,38,14,[2 6],51,72,86,21,68
1,<environment.Job instance at 0x1530f1c05b40>,39,3,[2 8],52,86,89,34,68
1,<environment.Job instance at 0x15310c1d8b40>,42,2,[2 8],58,97,99,39,97
1,<environment.Job instance at 0x15310c1d8af0>,43,2,[1 5],59,99,101,40,97
1,<environment.Job instance at 0x1530fa0d4c30>,21,3,[2 8],28,785,788,757,785
1,<environment.Job instance at 0x15310cb06960>,0,1,[10  2],1,1,2,0,1
1,<environment.Job instance at 0x1530f5f940f0>,3,3,[ 2 10],4,4,7,0,4
1,<environment.Job instance at 0x1530f489e0f0>,8,2,[1 9],10,10,12,0,10
1,<environment.Job instance at 0x1530f10c3690>,9,1,[ 2 10],11,12,13,1,11
1,<environment.Job instance at 0x1530f4696f50>,10,1,[ 1 10],14,14,15,0,14
1,<environment.Job instance at 0x1530f10c3050>,11,2,[9 2],16,16,18,0,16
1,<environment.Job instance at 0x1530f10c3a00>,12,3,[6 2],17,18,21,1,17
1,<environment.Job instance at 0x1530f1eda960>,13,3,[1 7],18,18,21,0,18
1,<environment.Job instance at 0x1530f26a9140>,0,3,[2 8],1,1,4,0,1
1,<environment.Job instance at 0x1530f26a90f0>,1,3,[9 1],2,4,7,2,2
1,<environment.Job instance at 0x1530f26a93c0>,2,1,[7 2],3,3,4,0,3
1,<environment.Job instance at 0x1530f11c2b90>,6,3,[2 8],7,7,10,0,7
1,<environment.Job instance at 0x1530f11c2910>,7,14,[8 2],9,9,23,0,9
1,<environment.Job instance at 0x1530f11c22d0>,8,3,[7 2],10,23,26,13,10
1,<environment.Job instance at 0x1530f1de3f00>,12,14,[9 1],15,26,40,11,15
1,<environment.Job instance at 0x1530f4ae7820>,20,1,[5 1],24,40,41,16,24
1,<environment.Job instance at 0x1530f6de3190>,29,12,[ 2 10],42,42,54,0,42
1,<environment.Job instance at 0x1530f6de3b90>,30,3,[1 8],43,54,57,11,43
1,<environment.Job instance at 0x1530f5c16320>,34,16,[2 7],48,57,73,9,48
1,<environment.Job instance at 0x1530f49edfa0>,36,2,[9 1],50,54,56,4,50
1,<environment.Job instance at 0x1530f49edd20>,38,3,[1 8],53,73,76,20,53
1,<environment.Job instance at 0x1530f49edd70>,39,16,[9 1],56,73,89,17,60
1,<environment.Job instance at 0x1530f1def2d0>,40,3,[9 1],58,89,92,31,63
1,<environment.Job instance at 0x1530f1defd70>,41,3,[8 1],59,63,66,4,63
1,<environment.Job instance at 0x1530f1eda960>,5,12,[9 2],6,474,486,468,474
1,<environment.Job instance at 0x1530f48ad5f0>,4,12,[2 5],10,10,22,0,10
1,<environment.Job instance at 0x1530f48ad690>,5,3,[10  1],11,22,25,11,11
1,<environment.Job instance at 0x1530f48ad140>,6,3,[5 2],12,12,15,0,12
1,<environment.Job instance at 0x15310c152f00>,7,3,[1 6],13,25,28,12,13
1,<environment.Job instance at 0x1530f1d70d70>,10,2,[10  2],16,28,30,12,16
1,<environment.Job instance at 0x1530f1d709b0>,11,3,[2 6],17,30,33,13,17
1,<environment.Job instance at 0x1530f1a05690>,14,3,[7 1],21,25,28,4,21
1,<environment.Job instance at 0x15310cab5d70>,16,2,[8 1],23,30,32,7,23
1,<environment.Job instance at 0x1530f5f80cd0>,17,1,[2 6],24,33,34,9,24
1,<environment.Job instance at 0x1530f1a48870>,18,17,[6 1],26,32,49,6,26
1,<environment.Job instance at 0x1530f1a48a00>,19,3,[10  1],28,49,52,21,28
1,<environment.Job instance at 0x1530f49c75f0>,23,3,[9 1],36,52,55,16,36
1,<environment.Job instance at 0x1530f1bdb230>,24,3,[7 1],37,55,58,18,37
1,<environment.Job instance at 0x1530f1bdbfa0>,25,2,[5 1],39,58,60,19,39
1,<environment.Job instance at 0x1530f1bdbdc0>,26,15,[8 2],40,60,75,20,46
1,<environment.Job instance at 0x1530f4659be0>,31,3,[7 2],45,75,78,30,49
1,<environment.Job instance at 0x1530f4659aa0>,35,1,[2 5],49,55,56,6,49
1,<environment.Job instance at 0x1530f8673c30>,36,3,[2 6],50,56,59,6,50
1,<environment.Job instance at 0x1530f5bffeb0>,37,3,[2 7],51,59,62,8,51
1,<environment.Job instance at 0x1530f1ccec30>,42,24,[1 7],56,62,86,6,57
1,<environment.Job instance at 0x1530f1cceb40>,43,3,[2 6],58,86,89,28,60
1,<environment.Job instance at 0x1530f1cce8c0>,44,1,[10  1],59,89,90,30,61
1,<environment.Job instance at 0x1530f465dcd0>,0,16,[9 2],2,2,18,0,2
1,<environment.Job instance at 0x1530f1bdba00>,1,3,[7 1],3,18,21,15,3
1,<environment.Job instance at 0x1530f465d320>,2,3,[1 6],4,4,7,0,4
1,<environment.Job instance at 0x1530f1bdb0f0>,4,3,[7 1],7,21,24,14,7
1,<environment.Job instance at 0x1530f465da50>,5,2,[7 1],8,24,26,16,8
1,<environment.Job instance at 0x1530f465d050>,6,2,[1 8],9,9,11,0,9
1,<environment.Job instance at 0x1530f465d140>,7,3,[10  1],10,26,29,16,10
1,<environment.Job instance at 0x15310cb75f50>,8,1,[1 8],11,11,12,0,11
1,<environment.Job instance at 0x1530f465db90>,10,3,[1 6],13,13,16,0,13
1,<environment.Job instance at 0x15310cb75e60>,9,1,[1 7],12,16,17,4,13
1,<environment.Job instance at 0x15310cb755a0>,12,3,[5 1],18,29,32,11,18
1,<environment.Job instance at 0x1530f1338640>,19,1,[10  1],28,32,33,4,28
1,<environment.Job instance at 0x1530f1eda780>,22,13,[1 7],31,33,46,2,33
1,<environment.Job instance at 0x1530f1eda280>,27,1,[6 1],37,37,38,0,37
1,<environment.Job instance at 0x1530f1eda910>,28,1,[9 1],38,38,39,0,38
1,<environment.Job instance at 0x1530f1eda500>,23,1,[7 1],32,39,40,7,38
1,<environment.Job instance at 0x1530f1b19c80>,31,1,[5 1],41,41,42,0,41
1,<environment.Job instance at 0x1530f1b19870>,32,2,[8 1],43,43,45,0,43
1,<environment.Job instance at 0x1530f1b19f00>,38,3,[1 9],51,190,193,139,190
1,<environment.Job instance at 0x1530f1b198c0>,40,2,[2 9],54,193,195,139,190
1,<environment.Job instance at 0x1530f1b19500>,41,3,[6 1],55,190,193,135,190
1,<environment.Job instance at 0x1530f18777d0>,0,3,[ 2 10],1,1,4,0,1
1,<environment.Job instance at 0x1530f1877fa0>,1,18,[8 2],2,4,22,2,2
1,<environment.Job instance at 0x1530f1b19730>,3,2,[2 5],5,5,7,0,5
1,<environment.Job instance at 0x1530f5f26e10>,9,2,[2 8],15,83,85,68,83
1,<environment.Job instance at 0x1530f5f26af0>,10,2,[2 5],16,85,87,69,83
1,<environment.Job instance at 0x1530f5f26960>,11,19,[7 1],17,83,102,66,83
1,<environment.Job instance at 0x1530f5f269b0>,12,2,[ 1 10],18,102,104,84,83
1,<environment.Job instance at 0x1530f5f26b90>,13,13,[2 9],21,87,100,66,83
1,<environment.Job instance at 0x1530f5f260f0>,14,1,[2 5],22,100,101,78,83
1,<environment.Job instance at 0x1530f5f266e0>,15,3,[5 2],23,104,107,81,83
1,<environment.Job instance at 0x1530f5f260a0>,16,14,[7 2],24,107,121,83,92
1,<environment.Job instance at 0x1530f5f26910>,18,2,[2 6],32,282,284,250,282
1,<environment.Job instance at 0x1530f5f26be0>,19,2,[7 2],34,282,284,248,282
1,<environment.Job instance at 0x1530f5f26460>,21,16,[1 8],36,284,300,248,282
1,<environment.Job instance at 0x1530f5f26dc0>,23,3,[1 7],38,300,303,262,282
1,<environment.Job instance at 0x1530f5f26730>,24,1,[2 7],39,303,304,264,282
1,<environment.Job instance at 0x1530f5f26190>,25,1,[7 1],42,284,285,242,282
1,<environment.Job instance at 0x1530f5f26500>,26,3,[2 6],43,304,307,261,282
1,<environment.Job instance at 0x1530f5f26b40>,27,2,[8 1],45,285,287,240,282
1,<environment.Job instance at 0x1530f5f26320>,28,3,[5 2],46,287,290,241,282
1,<environment.Job instance at 0x1530f5f26c30>,29,3,[1 7],47,307,310,260,282
1,<environment.Job instance at 0x1530f18c6eb0>,31,1,[7 1],50,290,291,240,282
1,<environment.Job instance at 0x1530f18c6e60>,34,2,[10  1],54,310,312,256,284
1,<environment.Job instance at 0x1530f18c61e0>,36,18,[6 1],56,291,309,235,284
1,<environment.Job instance at 0x1530f18c63c0>,37,3,[1 7],58,312,315,254,286
1,<environment.Job instance at 0x1530f18c6960>,38,3,[ 2 10],59,315,318,256,289
1,<environment.Job instance at 0x1530f5f26370>,4,3,[6 1],9,9,12,0,9
1,<environment.Job instance at 0x1530f496d7d0>,6,3,[7 1],11,12,15,1,11
1,<environment.Job instance at 0x1530f496df00>,9,3,[9 2],15,15,18,0,15
1,<environment.Job instance at 0x1530f1c36e60>,11,2,[6 1],17,18,20,1,17
1,<environment.Job instance at 0x1530f16f1140>,19,3,[7 2],28,71,74,43,71
1,<environment.Job instance at 0x1530f16de050>,22,3,[6 2],32,74,77,42,71
1,<environment.Job instance at 0x1530f16de730>,23,3,[7 2],34,77,80,43,71
1,<environment.Job instance at 0x1530f13f8af0>,24,3,[8 2],36,80,83,44,71
1,<environment.Job instance at 0x1530f12d20f0>,27,3,[10  2],39,83,86,44,71
1,<environment.Job instance at 0x1530f12d2280>,29,1,[5 2],41,86,87,45,71
1,<environment.Job instance at 0x1530f12f7960>,30,18,[1 7],42,86,104,44,75
1,<environment.Job instance at 0x1530f12f7c80>,33,3,[ 1 10],48,104,107,56,78
1,<environment.Job instance at 0x1530f12f7820>,34,3,[7 2],49,87,90,38,78
1,<environment.Job instance at 0x1530f1309f50>,38,3,[9 2],53,90,93,37,78
1,<environment.Job instance at 0x1530f13092d0>,42,2,[2 7],59,107,109,48,82
1,<environment.Job instance at 0x1530f13cc5f0>,0,3,[10  2],1,1,4,0,1
1,<environment.Job instance at 0x1530f468b640>,5,3,[1 5],9,9,12,0,9
1,<environment.Job instance at 0x1530f468bc80>,10,15,[ 1 10],15,15,30,0,15
1,<environment.Job instance at 0x1530f468b870>,11,13,[10  1],16,30,43,14,16
1,<environment.Job instance at 0x1530f4ac2320>,17,12,[ 1 10],24,43,55,19,26
1,<environment.Job instance at 0x1530f4ac2910>,19,3,[5 1],27,55,58,28,29
1,<environment.Job instance at 0x1530f4ac2b90>,22,2,[ 2 10],30,58,60,28,31
1,<environment.Job instance at 0x1530f4ac2780>,23,3,[7 1],31,60,63,29,34
1,<environment.Job instance at 0x1530f4ac2500>,24,3,[2 8],32,55,58,23,34
1,<environment.Job instance at 0x1530f5c257d0>,26,1,[8 2],36,63,64,27,36
1,<environment.Job instance at 0x1530f5c25c80>,27,3,[1 5],41,60,63,19,41
1,<environment.Job instance at 0x1530f5c251e0>,30,1,[1 8],45,63,64,18,45
1,<environment.Job instance at 0x1530f5c25690>,32,3,[8 1],48,64,67,16,48
1,<environment.Job instance at 0x1530f5c250f0>,35,3,[5 1],51,67,70,16,51
1,<environment.Job instance at 0x1530f262c7d0>,36,14,[2 8],54,64,78,10,54
1,<environment.Job instance at 0x1530f1c6c190>,0,3,[1 9],1,1,4,0,1
1,<environment.Job instance at 0x1530f48e8a00>,8,3,[2 9],15,15,18,0,15
1,<environment.Job instance at 0x1530f48e8730>,10,3,[6 2],17,18,21,1,17
1,<environment.Job instance at 0x1530f1d35e60>,11,3,[2 7],18,18,21,0,18
1,<environment.Job instance at 0x1530f5f9b500>,12,3,[9 2],19,21,24,2,19
1,<environment.Job instance at 0x1530f1c6a8c0>,13,17,[8 1],20,24,41,4,20
1,<environment.Job instance at 0x1530f48e8af0>,14,14,[2 7],22,24,38,2,22
1,<environment.Job instance at 0x1530f6deb6e0>,15,3,[2 9],23,38,41,15,23
1,<environment.Job instance at 0x1530f5e34910>,16,2,[2 7],25,41,43,16,25
1,<environment.Job instance at 0x1530f3baf410>,17,1,[2 8],27,43,44,16,27
1,<environment.Job instance at 0x1530f4800690>,19,3,[5 1],30,41,44,11,30
1,<environment.Job instance at 0x1530f867b730>,20,2,[6 2],32,44,46,12,32
1,<environment.Job instance at 0x1530f59b9140>,24,3,[2 6],36,44,47,8,36
1,<environment.Job instance at 0x1530f86629b0>,25,3,[1 7],38,47,50,9,38
1,<environment.Job instance at 0x1530f8662af0>,27,14,[8 2],41,46,60,5,41
1,<environment.Job instance at 0x1530f8662c30>,28,13,[2 6],42,50,63,8,42
1,<environment.Job instance at 0x1530f8662e60>,29,3,[10  1],44,63,66,19,44
1,<environment.Job instance at 0x1530f1cce870>,32,1,[10  2],47,66,67,19,47
1,<environment.Job instance at 0x1530f45fd9b0>,33,12,[10  1],48,67,79,19,50
1,<environment.Job instance at 0x1530f48020f0>,36,3,[1 6],51,79,82,28,53
1,<environment.Job instance at 0x1530f4802640>,39,2,[2 5],54,82,84,28,55
1,<environment.Job instance at 0x1530fbdde0f0>,41,13,[6 1],57,79,92,22,63
1,<environment.Job instance at 0x1530fbdde780>,42,3,[6 1],58,92,95,34,66
1,<environment.Job instance at 0x1530fbdded20>,43,3,[2 9],59,84,87,25,66
1,<environment.Job instance at 0x1530f1c6c1e0>,3,13,[6 2],8,1636,1649,1628,1636
1,<environment.Job instance at 0x1530f6de0410>,5,2,[1 8],15,15,17,0,15
1,<environment.Job instance at 0x1530f2127370>,6,3,[2 5],16,17,20,1,16
1,<environment.Job instance at 0x1530f2127870>,7,12,[8 1],17,17,29,0,17
1,<environment.Job instance at 0x1530f2127e60>,8,3,[9 1],18,29,32,11,18
1,<environment.Job instance at 0x1530f21270a0>,9,1,[ 1 10],20,32,33,12,20
1,<environment.Job instance at 0x1530f2127280>,10,18,[9 2],21,33,51,12,22
1,<environment.Job instance at 0x15310c03fc30>,21,3,[1 7],35,35,38,0,35
1,<environment.Job instance at 0x1530f5be9870>,22,2,[2 6],36,51,53,15,36
1,<environment.Job instance at 0x1530f26f2960>,23,17,[9 1],37,53,70,16,41
1,<environment.Job instance at 0x1530f48b0b40>,29,1,[1 6],45,45,46,0,45
1,<environment.Job instance at 0x1530f48c6870>,34,2,[7 1],52,70,72,18,52
1,<environment.Job instance at 0x1530f48c6050>,35,1,[6 2],53,72,73,19,53
1,<environment.Job instance at 0x1530f48c6960>,36,3,[8 1],54,73,76,19,54
1,<environment.Job instance at 0x15310cb63be0>,38,3,[1 7],56,56,59,0,56
1,<environment.Job instance at 0x15310cb632d0>,39,1,[2 8],58,70,71,12,58
1,<environment.Job instance at 0x15310cb635a0>,40,3,[ 2 10],59,76,79,17,59
1,<environment.Job instance at 0x1530f6de0cd0>,0,2,[10  2],1,1,3,0,1
1,<environment.Job instance at 0x1530f6de0f00>,1,1,[6 1],3,3,4,0,3
1,<environment.Job instance at 0x15310c07b140>,6,3,[10  1],11,11,14,0,11
1,<environment.Job instance at 0x1530f1528cd0>,8,2,[2 6],13,14,16,1,13
1,<environment.Job instance at 0x15310c07bb40>,9,3,[2 8],14,16,19,2,14
1,<environment.Job instance at 0x15310c07b6e0>,4,2,[10  2],8,19,21,11,18
1,<environment.Job instance at 0x1530f1b201e0>,16,26,[7 1],26,26,52,0,26
1,<environment.Job instance at 0x1530f1b20690>,17,3,[8 2],27,52,55,25,27
1,<environment.Job instance at 0x1530f25ead20>,18,2,[7 2],28,55,57,27,28
1,<environment.Job instance at 0x1530f1c709b0>,20,1,[ 2 10],31,57,58,26,31
1,<environment.Job instance at 0x15310f215280>,21,3,[10  1],32,58,61,26,32
1,<environment.Job instance at 0x1530f865d230>,22,2,[6 1],33,61,63,28,34
1,<environment.Job instance at 0x1530f865d960>,23,13,[9 1],35,63,76,28,47
1,<environment.Job instance at 0x1530f14f2a00>,28,15,[1 6],43,61,76,18,47
1,<environment.Job instance at 0x1530f14f2dc0>,29,1,[6 1],48,76,77,28,48
1,<environment.Job instance at 0x1530f14f2f50>,30,1,[1 8],49,49,50,0,49
1,<environment.Job instance at 0x1530f14f26e0>,31,2,[1 7],50,50,52,0,50
1,<environment.Job instance at 0x1530f59c2730>,32,3,[9 1],51,77,80,26,51
1,<environment.Job instance at 0x1530f4a7e410>,36,1,[7 2],57,80,81,23,60
1,<environment.Job instance at 0x1530f4a7e4b0>,37,2,[5 1],58,81,83,23,60
1,<environment.Job instance at 0x1530f4a7e190>,38,1,[5 1],59,81,82,22,60
1,<environment.Job instance at 0x1530f865d460>,26,2,[10  2],39,589,591,550,589
1,<environment.Job instance at 0x1530f5af0320>,3,1,[6 2],5,5,6,0,5
1,<environment.Job instance at 0x1530f45d0500>,4,2,[1 8],6,6,8,0,6
1,<environment.Job instance at 0x1530f45d0690>,5,1,[8 1],7,7,8,0,7
1,<environment.Job instance at 0x1530f45d0be0>,6,3,[1 9],8,8,11,0,8
1,<environment.Job instance at 0x1530f45d0b90>,7,3,[7 2],9,11,14,2,9
1,<environment.Job instance at 0x1530f45d0e60>,8,2,[9 1],10,14,16,4,10
1,<environment.Job instance at 0x1530f45d09b0>,9,1,[ 1 10],11,16,17,5,11
1,<environment.Job instance at 0x1530f314b870>,10,16,[1 8],13,17,33,4,13
1,<environment.Job instance at 0x1530f314baa0>,11,12,[ 1 10],14,33,45,19,16
1,<environment.Job instance at 0x1530f5e5f4b0>,14,1,[10  2],17,45,46,28,17
1,<environment.Job instance at 0x1530f13ef4b0>,3,12,[5 1],4,4,16,0,4
1,<environment.Job instance at 0x15310c06d690>,8,14,[2 8],9,9,23,0,9
1,<environment.Job instance at 0x15310c06d230>,9,1,[1 6],11,23,24,12,11
1,<environment.Job instance at 0x1530f5bc5e60>,10,15,[6 2],12,16,31,4,12
1,<environment.Job instance at 0x1530f5bc5460>,11,2,[8 1],13,31,33,18,13
1,<environment.Job instance at 0x1530f5bc5f50>,12,1,[6 2],14,33,34,19,14
1,<environment.Job instance at 0x1530f49cda00>,13,3,[2 7],15,24,27,9,15
1,<environment.Job instance at 0x1530f18bec80>,14,2,[2 9],16,31,33,15,16
1,<environment.Job instance at 0x1530f16d7410>,15,15,[1 8],18,33,48,15,19
1,<environment.Job instance at 0x1530f25571e0>,16,3,[1 9],20,48,51,28,22
1,<environment.Job instance at 0x15310cb47460>,19,1,[6 2],23,34,35,11,23
1,<environment.Job instance at 0x1530f152ceb0>,24,1,[1 5],31,51,52,20,45
1,<environment.Job instance at 0x1530f1bcc460>,25,13,[6 1],32,45,58,13,45
1,<environment.Job instance at 0x1530f1bccc30>,26,12,[1 7],34,52,64,18,45
1,<environment.Job instance at 0x1530f488f550>,27,3,[10  2],35,64,67,29,45
1,<environment.Job instance at 0x1530f488f870>,28,3,[2 8],36,67,70,31,45
1,<environment.Job instance at 0x1530f19ff280>,29,3,[2 6],37,70,73,33,45
1,<environment.Job instance at 0x1530f1a29aa0>,30,3,[7 1],38,58,61,20,45
1,<environment.Job instance at 0x1530f1479780>,32,2,[1 8],40,73,75,33,51
1,<environment.Job instance at 0x1530f1479f00>,33,3,[1 5],42,75,78,33,51
1,<environment.Job instance at 0x1530f1479870>,34,13,[5 1],43,67,80,24,51
1,<environment.Job instance at 0x1530f1479aa0>,35,3,[6 2],44,61,64,17,51
1,<environment.Job instance at 0x1530f1cdad20>,37,3,[2 8],46,78,81,32,57
1,<environment.Job instance at 0x1530f1cda6e0>,38,14,[6 1],48,80,94,32,65
1,<environment.Job instance at 0x1530f1a06a00>,1,3,[2 6],3,3,6,0,3
1,<environment.Job instance at 0x1530f6dfca00>,2,3,[7 1],4,4,7,0,4
1,<environment.Job instance at 0x1530f14751e0>,3,2,[10  2],6,7,9,1,6
1,<environment.Job instance at 0x15310cb9afa0>,4,2,[1 5],7,9,11,2,7
1,<environment.Job instance at 0x15310cb9aaa0>,5,3,[ 1 10],8,11,14,3,8
1,<environment.Job instance at 0x15310cb9a2d0>,6,1,[6 1],10,10,11,0,10
1,<environment.Job instance at 0x15310cb9ab40>,7,17,[5 2],12,14,31,2,12
1,<environment.Job instance at 0x1530f1566550>,11,12,[ 2 10],17,31,43,14,17
1,<environment.Job instance at 0x15310cbe69b0>,12,2,[1 7],19,19,21,0,19
1,<environment.Job instance at 0x1530fb7677d0>,13,1,[2 5],23,23,24,0,23
1,<environment.Job instance at 0x1530f49a9410>,14,3,[1 5],24,24,27,0,24
1,<environment.Job instance at 0x1530f49a9640>,15,1,[9 1],25,43,44,18,25
1,<environment.Job instance at 0x1530f19b4960>,16,17,[1 6],26,43,60,17,31
1,<environment.Job instance at 0x1530f48734b0>,19,1,[1 5],29,60,61,31,32
1,<environment.Job instance at 0x1530f5f35e60>,20,2,[2 8],31,61,63,30,34
1,<environment.Job instance at 0x1530f5bbe5f0>,21,3,[7 1],32,44,47,12,34
1,<environment.Job instance at 0x1530f5bbee60>,24,1,[2 7],37,63,64,26,45
1,<environment.Job instance at 0x1530f5bbe140>,25,2,[6 2],38,47,49,9,45
1,<environment.Job instance at 0x1530f46bb640>,26,2,[ 1 10],39,64,66,25,45
1,<environment.Job instance at 0x1530f5c0b3c0>,28,3,[10  1],41,66,69,25,62
1,<environment.Job instance at 0x1530f158bf50>,30,2,[10  2],43,69,71,26,62
1,<environment.Job instance at 0x1530f26c8280>,32,17,[10  2],48,71,88,23,62
1,<environment.Job instance at 0x1530f26c8820>,35,1,[2 7],51,88,89,37,63
1,<environment.Job instance at 0x1530f26c8f00>,36,2,[7 2],52,88,90,36,63
1,<environment.Job instance at 0x1530f26c8870>,39,2,[6 2],55,90,92,35,78
1,<environment.Job instance at 0x1530f26c8f50>,40,2,[9 1],58,92,94,34,78
1,<environment.Job instance at 0x1530f26c85a0>,41,17,[5 1],59,94,111,35,82
1,<environment.Job instance at 0x1530f19ecf00>,6,3,[6 1],11,11,14,0,11
1,<environment.Job instance at 0x1530f19ec140>,8,17,[9 2],14,14,31,0,14
1,<environment.Job instance at 0x1530f19ec5a0>,13,2,[ 1 10],21,31,33,10,23
1,<environment.Job instance at 0x1530f59eb6e0>,14,1,[1 9],22,33,34,11,23
1,<environment.Job instance at 0x1530f59eb7d0>,15,14,[1 8],23,34,48,11,23
1,<environment.Job instance at 0x1530f59eb2d0>,16,2,[10  2],25,48,50,23,25
1,<environment.Job instance at 0x1530f59eb910>,19,1,[6 2],28,54,55,26,54
1,<environment.Job instance at 0x1530f59ebc30>,20,2,[5 1],29,55,57,26,54
1,<environment.Job instance at 0x1530f59eb370>,21,3,[ 2 10],31,57,60,26,54
1,<environment.Job instance at 0x1530f59eb460>,22,24,[9 2],32,60,84,28,55
1,<environment.Job instance at 0x1530f59eb8c0>,24,1,[9 1],38,84,85,46,69
1,<environment.Job instance at 0x1530f59ebdc0>,25,14,[1 5],39,69,83,30,69
1,<environment.Job instance at 0x1530f59ebc80>,26,2,[6 1],41,85,87,44,69
1,<environment.Job instance at 0x1530f59eba50>,27,2,[10  1],43,87,89,44,69
1,<environment.Job instance at 0x1530f59ebaf0>,28,3,[8 1],46,89,92,43,69
1,<environment.Job instance at 0x1530f59eb3c0>,29,1,[ 2 10],47,92,93,45,69
1,<environment.Job instance at 0x1530fa0e5640>,31,2,[1 6],49,83,85,34,78
1,<environment.Job instance at 0x1530fa0e5960>,32,2,[2 5],50,85,87,35,78
1,<environment.Job instance at 0x1530fa0e5690>,35,3,[10  1],53,130,133,77,130
1,<environment.Job instance at 0x1530fa0e5c30>,36,12,[1 5],54,133,145,79,130
1,<environment.Job instance at 0x1530fa0e5b40>,37,2,[2 6],56,145,147,89,130
1,<environment.Job instance at 0x1530fa0e5f00>,39,1,[2 5],59,133,134,74,130
1,<environment.Job instance at 0x1530f18c4820>,1,1,[1 8],3,3,4,0,3
1,<environment.Job instance at 0x1530f19cd230>,4,16,[5 1],6,8,24,2,8
1,<environment.Job instance at 0x1530f1a6a230>,8,13,[9 2],12,24,37,12,12
1,<environment.Job instance at 0x1530f1a6ab40>,9,2,[10  2],13,37,39,24,13
1,<environment.Job instance at 0x1530f262cc80>,10,12,[1 5],14,14,26,0,14
1,<environment.Job instance at 0x1530f1b2ec30>,17,3,[7 1],22,39,42,17,22
1,<environment.Job instance at 0x1530f1b0a780>,21,12,[1 8],27,39,51,12,27
1,<environment.Job instance at 0x1530f1b06fa0>,33,3,[5 1],45,45,48,0,45
1,<environment.Job instance at 0x1530f13db1e0>,36,15,[8 1],49,49,64,0,49
1,<environment.Job instance at 0x1530f13dba50>,37,3,[6 2],50,64,67,14,50
1,<environment.Job instance at 0x1530f2636f50>,38,3,[9 1],51,67,70,16,51
1,<environment.Job instance at 0x1530f4b39320>,40,3,[2 8],53,53,56,0,53
1,<environment.Job instance at 0x1530f13c3d70>,41,12,[8 2],54,70,82,16,54
1,<environment.Job instance at 0x1530f13e7eb0>,0,3,[2 7],1,1,4,0,1
1,<environment.Job instance at 0x1530f46c81e0>,3,1,[6 1],6,6,7,0,6
1,<environment.Job instance at 0x1530f46c8e60>,7,16,[ 1 10],11,12,28,1,12
1,<environment.Job instance at 0x1530f46c8960>,8,13,[7 2],13,28,41,15,13
1,<environment.Job instance at 0x1530f46c85f0>,9,3,[1 8],16,28,31,12,16
1,<environment.Job instance at 0x1530f46c8b90>,10,1,[1 8],17,31,32,14,17
1,<environment.Job instance at 0x1530f46c8af0>,11,1,[6 1],20,41,42,21,20
1,<environment.Job instance at 0x15310ca58910>,12,1,[8 2],21,42,43,21,21
1,<environment.Job instance at 0x15310ca58690>,14,1,[8 2],24,43,44,19,24
1,<environment.Job instance at 0x15310ca58280>,16,1,[ 2 10],26,44,45,18,26
1,<environment.Job instance at 0x15310ca58b40>,17,2,[2 8],29,32,34,3,29
1,<environment.Job instance at 0x15310ca58050>,18,3,[10  1],30,45,48,15,30
1,<environment.Job instance at 0x15310ca58370>,19,1,[1 7],32,34,35,2,32
1,<environment.Job instance at 0x15310ca58460>,23,3,[8 1],37,48,51,11,37
1,<environment.Job instance at 0x1530f489eeb0>,26,2,[5 2],40,51,53,11,40
1,<environment.Job instance at 0x1530f489e910>,27,1,[5 2],41,51,52,10,41
1,<environment.Job instance at 0x1530f489ee10>,29,3,[10  1],44,53,56,9,44
1,<environment.Job instance at 0x1530f489e780>,30,15,[8 1],45,56,71,11,45
1,<environment.Job instance at 0x1530f489ef00>,31,3,[9 2],46,71,74,25,46
1,<environment.Job instance at 0x1530f489eb90>,32,1,[6 2],47,74,75,27,47
1,<environment.Job instance at 0x1530f18c60a0>,33,3,[1 5],48,48,51,0,48
1,<environment.Job instance at 0x1530f866f7d0>,34,3,[6 2],49,75,78,26,49
1,<environment.Job instance at 0x1530f866f6e0>,35,1,[5 2],51,52,53,1,51
1,<environment.Job instance at 0x1530f866f2d0>,36,1,[ 2 10],52,78,79,26,52
1,<environment.Job instance at 0x15310cb5af50>,37,3,[1 7],53,56,59,3,53
1,<environment.Job instance at 0x1530f25b8dc0>,40,2,[1 6],56,59,61,3,56
1,<environment.Job instance at 0x1530f25b8370>,41,17,[9 2],57,79,96,22,67
1,<environment.Job instance at 0x1530f5c2b690>,0,2,[2 5],1,1,3,0,1
1,<environment.Job instance at 0x1530f25b80f0>,1,2,[9 2],2,3,5,1,2
1,<environment.Job instance at 0x15310ca49d20>,4,3,[1 7],6,6,9,0,6
1,<environment.Job instance at 0x1530f183a9b0>,6,3,[1 6],8,9,12,1,8
1,<environment.Job instance at 0x15310ca49690>,7,3,[6 2],11,11,14,0,11
1,<environment.Job instance at 0x1530f183a5f0>,8,2,[7 1],12,14,16,2,12
1,<environment.Job instance at 0x1530f183afa0>,10,1,[6 1],14,16,17,2,14
1,<environment.Job instance at 0x1530f5c0baa0>,18,15,[8 1],31,36,51,5,36
1,<environment.Job instance at 0x1530f1e53dc0>,20,3,[8 1],36,51,54,15,36
1,<environment.Job instance at 0x15310edd99b0>,22,3,[2 6],39,39,42,0,39
1,<environment.Job instance at 0x1530f4700b40>,23,18,[1 5],40,42,60,2,40
1,<environment.Job instance at 0x1530f1b62c80>,26,2,[9 1],44,54,56,10,44
1,<environment.Job instance at 0x1530f1122960>,31,12,[8 2],50,56,68,6,50
1,<environment.Job instance at 0x1530f11225a0>,33,13,[9 2],53,68,81,15,53
1,<environment.Job instance at 0x1530f5c0b910>,5,3,[1 8],9,9,12,0,9
1,<environment.Job instance at 0x15310ee677d0>,7,3,[1 6],11,12,15,1,11
1,<environment.Job instance at 0x1530f18fcfa0>,8,15,[2 6],12,15,30,3,12
1,<environment.Job instance at 0x1530f18fca50>,10,1,[ 2 10],17,30,31,13,17
1,<environment.Job instance at 0x1530f18fc2d0>,11,2,[7 2],18,18,20,0,18
1,<environment.Job instance at 0x1530f18fc4b0>,12,2,[9 1],19,31,33,12,19
1,<environment.Job instance at 0x1530f18fcbe0>,13,3,[2 7],20,33,36,13,20
1,<environment.Job instance at 0x1530f18fc190>,18,3,[2 9],29,36,39,7,29
1,<environment.Job instance at 0x1530f1367fa0>,19,3,[1 8],31,39,42,8,31
1,<environment.Job instance at 0x1530f1a06910>,20,3,[6 2],33,33,36,0,33
1,<environment.Job instance at 0x15310efef3c0>,22,18,[10  2],35,42,60,7,35
1,<environment.Job instance at 0x1530f14dfeb0>,23,2,[8 1],37,37,39,0,37
1,<environment.Job instance at 0x1530f46c04b0>,24,1,[ 2 10],38,60,61,22,38
1,<environment.Job instance at 0x1530f165f0f0>,29,3,[5 2],44,61,64,17,45
1,<environment.Job instance at 0x1530f165feb0>,30,13,[2 7],46,61,74,15,46
1,<environment.Job instance at 0x15310e762aa0>,35,13,[9 1],51,74,87,23,65
1,<environment.Job instance at 0x15310e7625a0>,36,2,[8 2],52,65,67,13,65
1,<environment.Job instance at 0x15310e762640>,37,2,[2 8],53,87,89,34,65
1,<environment.Job instance at 0x15310e762d70>,39,3,[ 1 10],55,89,92,34,70
1,<environment.Job instance at 0x15310e762870>,41,1,[10  1],58,92,93,34,80
1,<environment.Job instance at 0x15310cc0c050>,0,1,[10  2],1,1,2,0,1
1,<environment.Job instance at 0x15310c13ed20>,3,2,[2 6],5,5,7,0,5
1,<environment.Job instance at 0x15310edb2870>,4,3,[10  2],8,8,11,0,8
1,<environment.Job instance at 0x15310c13e320>,5,14,[1 6],9,11,25,2,9
1,<environment.Job instance at 0x15310c13edc0>,6,1,[5 1],11,11,12,0,11
1,<environment.Job instance at 0x15310c13eb40>,7,1,[1 8],12,25,26,13,12
1,<environment.Job instance at 0x1530fa0c5d20>,8,3,[1 8],13,26,29,13,13
1,<environment.Job instance at 0x15310c13e640>,9,3,[9 1],16,16,19,0,16
1,<environment.Job instance at 0x1530fa0c5410>,10,3,[8 1],17,19,22,2,17
1,<environment.Job instance at 0x1530f5eff050>,12,14,[2 9],19,29,43,10,21
1,<environment.Job instance at 0x1530f5effb90>,15,3,[5 2],22,22,25,0,22
1,<environment.Job instance at 0x1530f1ec2b90>,16,3,[2 6],23,43,46,20,23
1,<environment.Job instance at 0x1530f162a8c0>,17,3,[7 1],24,25,28,1,24
1,<environment.Job instance at 0x1530f11884b0>,21,12,[2 6],30,46,58,16,30
1,<environment.Job instance at 0x1530f6e00a50>,23,2,[6 1],33,36,38,3,36
1,<environment.Job instance at 0x1530f1188e60>,24,18,[6 1],34,38,56,4,36
1,<environment.Job instance at 0x15310f2352d0>,25,1,[1 6],36,58,59,22,36
1,<environment.Job instance at 0x1530f16db320>,28,3,[2 6],42,59,62,17,42
1,<environment.Job instance at 0x1530f4893a00>,31,18,[10  2],47,62,80,15,51
1,<environment.Job instance at 0x1530f48932d0>,33,17,[8 2],50,80,97,30,68
1,<environment.Job instance at 0x1530f48938c0>,34,12,[2 6],51,80,92,29,68
1,<environment.Job instance at 0x1530f5effe10>,2,2,[9 1],3,3,5,0,3
1,<environment.Job instance at 0x1530f1c06a50>,3,3,[6 1],4,5,8,1,4
1,<environment.Job instance at 0x1530f1c06d70>,4,3,[8 2],5,8,11,3,5
1,<environment.Job instance at 0x1530f1c06690>,10,3,[2 8],14,14,17,0,14
1,<environment.Job instance at 0x1530f1c06cd0>,11,2,[6 1],15,15,17,0,15
1,<environment.Job instance at 0x15310c0e42d0>,12,3,[1 6],17,17,20,0,17
1,<environment.Job instance at 0x15310c0e4e10>,13,2,[1 6],18,20,22,2,18
1,<environment.Job instance at 0x15310c0e4190>,14,3,[2 9],20,22,25,2,20
1,<environment.Job instance at 0x15310c0e48c0>,16,3,[5 2],22,42,45,20,42
1,<environment.Job instance at 0x15310c0e4fa0>,17,3,[7 1],23,45,48,22,42
1,<environment.Job instance at 0x15310ca53500>,20,1,[7 1],30,48,49,18,42
1,<environment.Job instance at 0x1530f5f73370>,21,2,[7 1],32,49,51,17,42
1,<environment.Job instance at 0x1530f59ffaf0>,22,15,[2 6],33,42,57,9,42
1,<environment.Job instance at 0x1530f1859dc0>,23,3,[2 8],34,57,60,23,42
1,<environment.Job instance at 0x1530f1ba0a50>,24,3,[2 7],36,60,63,24,42
1,<environment.Job instance at 0x1530f261a960>,25,3,[ 1 10],37,63,66,26,42
1,<environment.Job instance at 0x1530f4810e60>,26,3,[1 8],39,66,69,27,42
1,<environment.Job instance at 0x1530f4aeb3c0>,27,2,[8 1],40,51,53,11,42
1,<environment.Job instance at 0x1530f1a0f460>,28,3,[5 2],42,53,56,11,42
1,<environment.Job instance at 0x1530f46423c0>,30,2,[10  1],44,69,71,25,48
1,<environment.Job instance at 0x1530f13ba730>,31,3,[ 1 10],45,71,74,26,48
1,<environment.Job instance at 0x1530f1c063c0>,6,2,[10  1],8,74,76,66,51
1,<environment.Job instance at 0x1530f1511a50>,34,3,[7 2],50,56,59,6,51
1,<environment.Job instance at 0x15310e4f0780>,35,2,[2 9],52,76,78,24,52
1,<environment.Job instance at 0x15310e4f08c0>,37,2,[10  1],54,78,80,24,64
1,<environment.Job instance at 0x1530f13ef140>,38,3,[8 2],55,66,69,11,64
1,<environment.Job instance at 0x15310e4c7c80>,39,16,[8 2],57,80,96,23,67
1,<environment.Job instance at 0x15310e4c7690>,40,1,[2 8],59,80,81,21,67
1,<environment.Job instance at 0x1530f1c3c280>,4,2,[1 7],6,6,8,0,6
1,<environment.Job instance at 0x1530f1c3ca50>,12,3,[1 7],24,24,27,0,24
1,<environment.Job instance at 0x15310cb14410>,17,26,[1 6],34,34,60,0,34
1,<environment.Job instance at 0x1530f4a75fa0>,18,2,[6 1],35,35,37,0,35
1,<environment.Job instance at 0x1530f146caa0>,19,3,[6 2],36,37,40,1,36
1,<environment.Job instance at 0x15310c1d9320>,20,1,[5 2],37,40,41,3,37
1,<environment.Job instance at 0x1530f5a66690>,21,1,[8 2],38,41,42,3,38
1,<environment.Job instance at 0x1530f46e3a00>,26,14,[1 5],49,60,74,11,51
1,<environment.Job instance at 0x1530f4823550>,32,3,[1 6],56,389,392,333,389
1,<environment.Job instance at 0x1530f1c5daf0>,0,16,[10  2],1,1,17,0,1
1,<environment.Job instance at 0x1530f868d0a0>,3,13,[5 1],4,17,30,13,4
1,<environment.Job instance at 0x1530f868d0f0>,8,3,[2 6],13,17,20,4,13
1,<environment.Job instance at 0x1530f4801730>,9,15,[2 8],14,20,35,6,14
1,<environment.Job instance at 0x1530f4801af0>,10,1,[7 1],15,30,31,15,15
1,<environment.Job instance at 0x1530f19aeaa0>,11,3,[7 2],17,31,34,14,17
1,<environment.Job instance at 0x1530f1bcc8c0>,17,3,[1 8],27,35,38,8,27
1,<environment.Job instance at 0x1530f1c613c0>,19,15,[2 6],31,38,53,7,32
1,<environment.Job instance at 0x1530f1c61780>,20,2,[7 1],32,34,36,2,32
1,<environment.Job instance at 0x1530f1c61fa0>,21,2,[9 2],33,36,38,3,33
1,<environment.Job instance at 0x1530f46890a0>,25,1,[6 2],37,49,50,12,49
1,<environment.Job instance at 0x1530f4689cd0>,26,3,[5 2],38,50,53,12,49
1,<environment.Job instance at 0x1530f46896e0>,28,2,[8 2],40,53,55,13,51
1,<environment.Job instance at 0x1530f4689460>,29,2,[9 1],44,55,57,11,51
1,<environment.Job instance at 0x1530f4689e60>,30,3,[1 8],45,53,56,8,51
1,<environment.Job instance at 0x1530f46897d0>,31,3,[1 7],46,56,59,10,51
1,<environment.Job instance at 0x1530f4689820>,32,1,[7 1],47,57,58,10,51
1,<environment.Job instance at 0x1530f19a0f50>,33,3,[1 5],50,59,62,9,51
1,<environment.Job instance at 0x1530f19a01e0>,34,14,[1 5],51,59,73,8,51
1,<environment.Job instance at 0x1530f1c48050>,35,14,[9 1],55,62,76,7,55
1,<environment.Job instance at 0x1530f1c486e0>,36,3,[ 1 10],58,76,79,18,58
1,<environment.Job instance at 0x1530f5a10af0>,1,3,[5 2],2,2,5,0,2
1,<environment.Job instance at 0x1530f86894b0>,3,3,[7 1],9,9,12,0,9
1,<environment.Job instance at 0x1530f86899b0>,4,3,[8 2],10,12,15,2,10
1,<environment.Job instance at 0x1530f8689c80>,7,18,[2 5],14,14,32,0,14
1,<environment.Job instance at 0x1530f86891e0>,8,3,[8 1],15,15,18,0,15
1,<environment.Job instance at 0x1530f8689b40>,9,27,[8 2],16,18,45,2,16
1,<environment.Job instance at 0x1530f8689320>,15,2,[10  1],23,69,71,46,69
1,<environment.Job instance at 0x1530f1104410>,16,2,[7 1],24,71,73,47,69
1,<environment.Job instance at 0x1530f11049b0>,18,3,[2 7],26,71,74,45,69
1,<environment.Job instance at 0x1530f1104460>,19,1,[6 1],28,73,74,45,69
1,<environment.Job instance at 0x1530f11043c0>,20,2,[7 1],30,74,76,44,69
1,<environment.Job instance at 0x1530f1104910>,21,2,[10  1],33,76,78,43,69
1,<environment.Job instance at 0x1530f1104960>,22,1,[ 1 10],37,78,79,41,69
1,<environment.Job instance at 0x15310cc5cb90>,23,3,[10  2],42,79,82,37,69
1,<environment.Job instance at 0x15310cc5cfa0>,24,16,[9 2],43,82,98,39,69
1,<environment.Job instance at 0x15310cc5c230>,26,2,[1 5],45,74,76,29,70
1,<environment.Job instance at 0x15310cc5c2d0>,27,1,[1 5],47,82,83,35,70
1,<environment.Job instance at 0x15310cc5c280>,30,1,[10  1],51,98,99,47,92
1,<environment.Job instance at 0x15310e75a0f0>,32,3,[ 1 10],55,152,155,97,152
1,<environment.Job instance at 0x15310e75a2d0>,33,3,[8 1],57,155,158,98,152
1,<environment.Job instance at 0x1530f8689fa0>,6,3,[10  2],13,310,313,297,310
1,<environment.Job instance at 0x1530f17d4960>,1,14,[8 1],3,3,17,0,3
1,<environment.Job instance at 0x1530f8689190>,2,2,[10  1],4,17,19,13,4
1,<environment.Job instance at 0x1530f1295780>,4,1,[10  1],6,19,20,13,6
1,<environment.Job instance at 0x1530f8689690>,5,1,[8 1],8,20,21,12,8
1,<environment.Job instance at 0x1530f1295050>,7,1,[9 2],10,21,22,11,10
1,<environment.Job instance at 0x1530f5eb0140>,8,2,[9 1],11,22,24,11,11
1,<environment.Job instance at 0x1530f1ce7960>,9,1,[9 1],12,24,25,12,12
1,<environment.Job instance at 0x1530f1295550>,10,17,[9 1],13,25,42,12,13
1,<environment.Job instance at 0x1530f17b8550>,11,1,[7 1],14,42,43,28,14
1,<environment.Job instance at 0x1530f5e7e140>,12,3,[1 9],15,22,25,7,15
1,<environment.Job instance at 0x1530f17b8a00>,13,14,[1 6],16,25,39,9,21
1,<environment.Job instance at 0x1530f13d7460>,16,3,[10  1],22,43,46,21,22
1,<environment.Job instance at 0x1530f1b8e960>,20,1,[6 2],26,46,47,20,26
1,<environment.Job instance at 0x1530f1b9ad70>,21,3,[2 7],27,46,49,19,27
1,<environment.Job instance at 0x15310c180c30>,23,13,[6 2],29,47,60,18,31
1,<environment.Job instance at 0x15310c180eb0>,24,1,[7 2],31,60,61,29,32
1,<environment.Job instance at 0x15310c180730>,25,1,[7 1],32,61,62,29,33
1,<environment.Job instance at 0x15310c1805a0>,26,2,[1 6],33,39,41,6,33
1,<environment.Job instance at 0x15310c180050>,27,3,[1 6],35,49,52,14,35
1,<environment.Job instance at 0x15310c180e60>,28,2,[2 7],36,52,54,16,36
1,<environment.Job instance at 0x15310c180870>,29,3,[5 2],37,62,65,25,37
1,<environment.Job instance at 0x15310c180af0>,30,1,[5 2],39,62,63,23,39
1,<environment.Job instance at 0x1530f13c6820>,31,1,[7 1],40,65,66,25,40
1,<environment.Job instance at 0x15310c1732d0>,33,3,[1 5],42,54,57,12,42
1,<environment.Job instance at 0x15310c16ab40>,36,3,[1 5],47,84,87,37,84
1,<environment.Job instance at 0x15310c16a870>,37,3,[7 2],48,84,87,36,84
1,<environment.Job instance at 0x15310c16ab90>,38,3,[2 7],50,87,90,37,84
1,<environment.Job instance at 0x15310c16a320>,39,13,[8 2],51,87,100,36,84
1,<environment.Job instance at 0x15310c16a2d0>,41,3,[10  2],53,100,103,47,84
1,<environment.Job instance at 0x15310c16ac30>,42,1,[ 2 10],54,103,104,49,84
1,<environment.Job instance at 0x15310c16a730>,43,2,[1 7],55,90,92,35,84
1,<environment.Job instance at 0x1530f5eafeb0>,44,2,[5 2],57,104,106,47,84
1,<environment.Job instance at 0x1530f5eafdc0>,45,3,[10  1],58,106,109,48,84
1,<environment.Job instance at 0x1530f1295d20>,14,2,[ 2 10],17,109,111,92,91
1,<environment.Job instance at 0x15310c1d99b0>,0,3,[1 9],2,3,6,1,3
1,<environment.Job instance at 0x1530f1104d20>,2,17,[10  2],4,6,23,2,4
1,<environment.Job instance at 0x15310edd9f00>,5,14,[6 2],9,23,37,14,9
1,<environment.Job instance at 0x1530f1d1ac80>,12,3,[ 1 10],18,37,40,19,18
1,<environment.Job instance at 0x1531441d9d20>,14,3,[2 7],21,23,26,2,21
1,<environment.Job instance at 0x1530f26a66e0>,16,13,[10  1],25,40,53,15,25
1,<environment.Job instance at 0x1530f26a6c30>,20,3,[6 1],29,53,56,24,39
1,<environment.Job instance at 0x1530f26a65f0>,21,3,[1 7],31,53,56,22,39
1,<environment.Job instance at 0x1530f26a6f00>,22,3,[10  1],37,56,59,19,39
1,<environment.Job instance at 0x1530f26a68c0>,23,1,[1 9],38,59,60,21,40
1,<environment.Job instance at 0x1530f26a6460>,26,16,[2 8],42,60,76,18,47
1,<environment.Job instance at 0x1530f1759a00>,33,16,[2 8],56,76,92,20,71
1,<environment.Job instance at 0x1530f17590f0>,34,2,[ 2 10],57,92,94,35,73
1,<environment.Job instance at 0x1530f11123c0>,2,1,[6 1],3,3,4,0,3
1,<environment.Job instance at 0x1530f1112960>,3,2,[7 1],4,4,6,0,4
1,<environment.Job instance at 0x1530f11125a0>,4,3,[10  1],5,6,9,1,5
1,<environment.Job instance at 0x1530f11122d0>,5,3,[10  2],7,9,12,2,7
1,<environment.Job instance at 0x15310c166410>,7,3,[2 6],9,12,15,3,9
1,<environment.Job instance at 0x15310c1669b0>,8,1,[1 6],10,15,16,5,10
1,<environment.Job instance at 0x1530f12cb550>,9,3,[1 5],11,16,19,5,11
1,<environment.Job instance at 0x15310c166820>,12,3,[2 7],14,19,22,5,14
1,<environment.Job instance at 0x1530f4804b90>,14,3,[10  1],16,22,25,6,16
1,<environment.Job instance at 0x1530f25d2d70>,16,3,[7 2],22,25,28,3,22
1,<environment.Job instance at 0x1530f25d9140>,17,13,[9 2],24,28,41,4,24
1,<environment.Job instance at 0x1530f25d9280>,18,1,[7 1],25,41,42,16,25
1,<environment.Job instance at 0x15310f213dc0>,19,1,[7 2],26,42,43,16,27
1,<environment.Job instance at 0x15310f227aa0>,23,12,[6 1],33,43,55,10,33
1,<environment.Job instance at 0x15310c1e0910>,27,12,[2 6],38,41,53,3,38
1,<environment.Job instance at 0x15310f226cd0>,33,15,[5 1],46,55,70,9,46
1,<environment.Job instance at 0x15310c1c7550>,34,3,[10  2],47,70,73,23,47
1,<environment.Job instance at 0x1530f1463af0>,36,17,[7 1],50,73,90,23,61
1,<environment.Job instance at 0x1530fb748140>,40,3,[2 9],54,61,64,7,61
1,<environment.Job instance at 0x1530f13deb90>,43,16,[1 7],57,73,89,16,71
1,<environment.Job instance at 0x1530f120f2d0>,0,12,[10  2],1,1,13,0,1
1,<environment.Job instance at 0x1530f193d500>,1,3,[ 1 10],3,13,16,10,3
1,<environment.Job instance at 0x1530fbdbd8c0>,4,2,[9 2],6,16,18,10,6
1,<environment.Job instance at 0x1530fbdbd690>,5,3,[6 2],7,18,21,11,7
1,<environment.Job instance at 0x15310e4f8be0>,6,2,[2 9],8,21,23,13,8
1,<environment.Job instance at 0x15310e4f83c0>,7,3,[2 9],9,23,26,14,9
1,<environment.Job instance at 0x1530f1416460>,8,3,[1 7],10,16,19,6,10
1,<environment.Job instance at 0x1530f5b37280>,10,2,[1 8],13,19,21,6,13
1,<environment.Job instance at 0x1530f5b37780>,11,18,[1 8],14,26,44,12,16
1,<environment.Job instance at 0x1530f5b37af0>,12,17,[7 1],18,21,38,3,18
1,<environment.Job instance at 0x1530fa0d8c30>,20,3,[1 7],27,44,47,17,27
1,<environment.Job instance at 0x15310c177410>,23,12,[1 7],33,47,59,14,42
1,<environment.Job instance at 0x15310cc21c80>,24,3,[9 2],35,42,45,7,42
1,<environment.Job instance at 0x1530f493f3c0>,26,12,[10  2],37,59,71,22,42
1,<environment.Job instance at 0x1530f1a082d0>,27,1,[1 9],38,71,72,33,43
1,<environment.Job instance at 0x15310e4c1cd0>,28,1,[ 2 10],41,72,73,31,44
1,<environment.Job instance at 0x1530f4606be0>,29,3,[9 2],45,45,48,0,45
1,<environment.Job instance at 0x1530fbd7d5f0>,30,1,[10  2],46,73,74,27,46
1,<environment.Job instance at 0x1530fbd7d820>,31,3,[1 9],49,74,77,25,49
1,<environment.Job instance at 0x1530fbd7d780>,32,2,[1 9],50,77,79,27,50
1,<environment.Job instance at 0x1530fbd7d320>,33,2,[8 2],51,51,53,0,51
1,<environment.Job instance at 0x1530fbd7de10>,35,3,[ 1 10],54,79,82,25,54
1,<environment.Job instance at 0x1530f5b37870>,16,2,[1 7],22,547,549,525,547
1,<environment.Job instance at 0x1530f86620f0>,37,16,[8 1],57,1918,1934,1861,1918
1,<environment.Job instance at 0x1530f12ba0a0>,0,1,[9 2],1,1,2,0,1
1,<environment.Job instance at 0x1530f12d8140>,1,12,[9 1],2,2,14,0,2
1,<environment.Job instance at 0x1530f47df2d0>,3,18,[8 1],4,14,32,10,4
1,<environment.Job instance at 0x1530f1d3fa00>,4,1,[8 2],5,32,33,27,5
1,<environment.Job instance at 0x1530f4a9f960>,5,2,[ 1 10],7,33,35,26,7
1,<environment.Job instance at 0x1530f164bc80>,8,3,[6 2],10,35,38,25,10
1,<environment.Job instance at 0x1530f1a4b5f0>,9,2,[1 7],14,14,16,0,14
1,<environment.Job instance at 0x1530f164b910>,10,2,[8 2],15,38,40,23,15
1,<environment.Job instance at 0x1530f164b1e0>,11,3,[8 2],17,40,43,23,17
1,<environment.Job instance at 0x1530f164be10>,12,1,[9 1],18,43,44,25,18
1,<environment.Job instance at 0x1530f164ba50>,13,2,[8 2],20,44,46,24,20
1,<environment.Job instance at 0x1530f1116e60>,15,1,[5 1],22,46,47,24,22
1,<environment.Job instance at 0x1530f4a247d0>,21,2,[2 7],28,29,31,1,29
1,<environment.Job instance at 0x1530f1306c30>,22,3,[2 5],30,35,38,5,30
1,<environment.Job instance at 0x1530f5ba2460>,23,2,[1 6],31,31,33,0,31
1,<environment.Job instance at 0x1530f5ba2c30>,24,3,[2 6],33,38,41,5,33
1,<environment.Job instance at 0x1530f12fdd70>,25,17,[1 6],34,41,58,7,34
1,<environment.Job instance at 0x15310c14d6e0>,26,16,[9 2],37,47,63,10,37
1,<environment.Job instance at 0x15310c14d1e0>,27,2,[7 2],38,63,65,25,38
1,<environment.Job instance at 0x15310c14dd70>,29,2,[1 6],40,58,60,18,40
1,<environment.Job instance at 0x15310c14d190>,30,2,[10  1],41,65,67,24,41
1,<environment.Job instance at 0x15310c14d2d0>,31,3,[8 2],42,67,70,25,42
1,<environment.Job instance at 0x1530f1a4a7d0>,32,2,[2 7],43,63,65,20,43
1,<environment.Job instance at 0x1530f1a4ac30>,33,3,[5 2],45,70,73,25,45
1,<environment.Job instance at 0x1530f1a4a5f0>,34,1,[8 1],46,73,74,27,46
1,<environment.Job instance at 0x1530f1a4aa00>,35,3,[1 8],47,60,63,13,47
1,<environment.Job instance at 0x1530f145c050>,36,2,[2 7],48,67,69,19,48
1,<environment.Job instance at 0x1530f1542eb0>,37,2,[6 1],49,74,76,25,49
1,<environment.Job instance at 0x1530f145ce10>,38,3,[8 2],50,76,79,26,50
1,<environment.Job instance at 0x1530f26bd870>,39,1,[10  2],51,79,80,28,51
1,<environment.Job instance at 0x1530f25cc0a0>,41,1,[2 8],55,69,70,14,55
1,<environment.Job instance at 0x1530f1d27d70>,43,3,[1 9],57,73,76,16,57
1,<environment.Job instance at 0x1530f5f83780>,4,15,[8 1],8,8,23,0,8
1,<environment.Job instance at 0x1530f5e61fa0>,5,3,[6 2],9,23,26,14,9
1,<environment.Job instance at 0x1530f18e7730>,6,15,[ 1 10],12,26,41,14,12
1,<environment.Job instance at 0x1530f46e34b0>,12,15,[ 1 10],22,41,56,19,27
1,<environment.Job instance at 0x1530f46e3230>,13,1,[7 2],23,56,57,33,28
1,<environment.Job instance at 0x15310cae3dc0>,17,1,[7 2],27,57,58,30,37
1,<environment.Job instance at 0x15310cae3b40>,18,3,[2 7],28,56,59,28,37
1,<environment.Job instance at 0x15310cae3be0>,19,3,[8 1],29,58,61,29,37
1,<environment.Job instance at 0x15310cae3730>,20,2,[6 1],31,61,63,30,37
1,<environment.Job instance at 0x15310cae3e60>,22,3,[1 7],33,59,62,26,39
1,<environment.Job instance at 0x15310cae3a50>,23,3,[10  1],34,63,66,29,39
1,<environment.Job instance at 0x1530f1b87140>,25,3,[8 2],36,66,69,30,47
1,<environment.Job instance at 0x1530f1b87dc0>,26,3,[9 2],37,69,72,32,47
1,<environment.Job instance at 0x1530f1b87be0>,27,1,[1 6],38,62,63,24,47
1,<environment.Job instance at 0x1530f1b87910>,28,15,[1 6],39,66,81,27,52
1,<environment.Job instance at 0x1530f12d8d70>,2,3,[9 2],4,4,7,0,4
1,<environment.Job instance at 0x1530f12d8e10>,3,3,[7 2],5,7,10,2,5
1,<environment.Job instance at 0x1530f12d8140>,6,3,[1 5],8,8,11,0,8
1,<environment.Job instance at 0x1530f12d83c0>,7,13,[8 2],9,10,23,1,9
1,<environment.Job instance at 0x1530f12d81e0>,9,3,[7 2],11,23,26,12,11
1,<environment.Job instance at 0x1530f5af93c0>,15,17,[6 1],20,26,43,6,20
1,<environment.Job instance at 0x1530f49da2d0>,18,12,[2 6],23,23,35,0,23
1,<environment.Job instance at 0x1530f49da9b0>,19,3,[7 1],24,43,46,19,24
1,<environment.Job instance at 0x1530f49da320>,20,18,[10  2],25,46,64,21,35
1,<environment.Job instance at 0x1530f4761e60>,33,3,[10  2],48,64,67,16,48
1,<environment.Job instance at 0x1531486dba00>,36,3,[ 1 10],52,67,70,15,52
1,<environment.Job instance at 0x1530f484deb0>,41,3,[8 1],59,70,73,11,68
1,<environment.Job instance at 0x1530f49dacd0>,22,1,[1 9],28,525,526,497,525
1,<environment.Job instance at 0x1530f1544320>,0,3,[9 2],2,2,5,0,2
1,<environment.Job instance at 0x1530f1544a00>,1,3,[2 8],3,5,8,2,3
1,<environment.Job instance at 0x15310ca61460>,3,2,[8 2],6,6,8,0,6
1,<environment.Job instance at 0x15310ca610a0>,4,3,[6 1],7,8,11,1,7
1,<environment.Job instance at 0x15310ca610f0>,6,3,[2 5],10,10,13,0,10
1,<environment.Job instance at 0x15310ca61e60>,7,20,[1 6],11,13,33,2,12
1,<environment.Job instance at 0x15310ca61140>,10,3,[2 6],14,33,36,19,14
1,<environment.Job instance at 0x15310ca61190>,11,1,[7 2],15,15,16,0,15
1,<environment.Job instance at 0x15310ca614b0>,12,1,[7 2],16,16,17,0,16
1,<environment.Job instance at 0x1530f1a2eaa0>,14,3,[2 8],20,36,39,16,20
1,<environment.Job instance at 0x1530f1a2e690>,15,3,[1 8],21,39,42,18,21
1,<environment.Job instance at 0x1530f5b0ad20>,24,13,[6 2],34,34,47,0,34
1,<environment.Job instance at 0x1530f5b0a780>,29,3,[5 1],40,47,50,7,47
1,<environment.Job instance at 0x1530f5b0a320>,32,18,[6 2],45,53,71,8,53
1,<environment.Job instance at 0x1530f5b0a500>,33,3,[1 5],46,53,56,7,53
1,<environment.Job instance at 0x1530f5b0a960>,34,3,[2 9],48,71,74,23,53
1,<environment.Job instance at 0x1530f5b0a820>,35,1,[6 2],50,74,75,24,53
1,<environment.Job instance at 0x1530f5b0ab90>,36,1,[7 1],51,71,72,20,53
1,<environment.Job instance at 0x1530f5b0adc0>,37,1,[1 6],53,56,57,3,53
1,<environment.Job instance at 0x1530f4793280>,39,2,[2 7],55,57,59,2,55
1,<environment.Job instance at 0x1530f4793c80>,40,3,[1 8],56,59,62,3,56
1,<environment.Job instance at 0x1530f15ee7d0>,41,16,[2 5],58,74,90,16,61
1,<environment.Job instance at 0x14b957329a50>,2,1,[2 5],3,7,8,4,7
1,<environment.Job instance at 0x14b955f9fc80>,4,2,[7 2],5,7,9,2,7
1,<environment.Job instance at 0x14b955f9f7d0>,8,13,[6 1],9,9,22,0,9
1,<environment.Job instance at 0x14b955f9f690>,6,18,[8 1],7,22,40,15,13
1,<environment.Job instance at 0x14b955f9f460>,1,13,[2 8],2,6,19,4,6
1,<environment.Job instance at 0x14b95619c910>,5,2,[ 1 10],8,19,21,11,10
1,<environment.Job instance at 0x14b956143a00>,2,3,[1 8],3,21,24,18,11
1,<environment.Job instance at 0x14b9561c4050>,1,17,[6 1],3,5,22,2,5
1,<environment.Job instance at 0x14b95526feb0>,3,3,[6 2],6,22,25,16,7
1,<environment.Job instance at 0x14b953ee6be0>,5,3,[6 1],9,25,28,16,10
1,<environment.Job instance at 0x14b94faa11e0>,0,2,[8 1],1,1,3,0,1
1,<environment.Job instance at 0x14b94fa9e2d0>,1,12,[ 1 10],2,3,15,1,3
1,<environment.Job instance at 0x14b94fc138c0>,4,2,[2 7],6,15,17,9,6
1,<environment.Job instance at 0x14b94fa95500>,5,2,[2 7],7,17,19,10,8
1,<environment.Job instance at 0x14b94fa24280>,3,1,[2 7],5,19,20,14,9
1,<environment.Job instance at 0x14b94fba67d0>,0,3,[9 2],1,3,6,2,3
1,<environment.Job instance at 0x14b957314280>,3,1,[6 2],4,7,8,3,7
1,<environment.Job instance at 0x14b952b94730>,4,2,[7 2],5,8,10,3,7
1,<environment.Job instance at 0x14b952b94820>,7,1,[2 6],8,9,10,1,9
1,<environment.Job instance at 0x14b95180bb40>,3,3,[1 8],4,4,7,0,4
1,<environment.Job instance at 0x14b952c685a0>,4,2,[8 1],7,10,12,3,10
1,<environment.Job instance at 0x14b95180b370>,5,2,[ 1 10],8,18,20,10,18
1,<environment.Job instance at 0x14b95180b870>,2,2,[10  1],5,7,9,2,7
1,<environment.Job instance at 0x14b950756410>,5,3,[6 1],9,10,13,1,10
1,<environment.Job instance at 0x14b9504192d0>,0,2,[8 1],1,2,4,1,2
1,<environment.Job instance at 0x14b950419b90>,2,2,[2 8],4,5,7,1,5
1,<environment.Job instance at 0x14b9541d8320>,4,2,[2 7],6,7,9,1,7
1,<environment.Job instance at 0x14b9544c8960>,6,16,[10  2],9,9,25,0,9
1,<environment.Job instance at 0x14b9541fd6e0>,0,3,[9 2],1,1,4,0,1
1,<environment.Job instance at 0x14b9509c1aa0>,5,3,[10  2],8,9,12,1,9
1,<environment.Job instance at 0x14b951baf0f0>,5,3,[9 2],6,6,9,0,6
1,<environment.Job instance at 0x14b951bafcd0>,6,18,[8 1],7,9,27,2,7
1,<environment.Job instance at 0x14b951f211e0>,2,1,[2 5],3,9,10,6,8
1,<environment.Job instance at 0x14b951dae410>,7,1,[2 6],8,10,11,2,9
1,<environment.Job instance at 0x14b951cdda50>,8,13,[6 1],9,27,40,18,11
1,<environment.Job instance at 0x14b951baf870>,4,2,[7 2],5,40,42,35,13
1,<environment.Job instance at 0x14b951bafb90>,1,13,[2 8],2,2,15,0,2
1,<environment.Job instance at 0x14b952edfb40>,5,2,[ 1 10],8,15,17,7,10
1,<environment.Job instance at 0x14b951cc6370>,4,2,[8 1],7,11,13,4,11
1,<environment.Job instance at 0x14b952edf820>,3,3,[6 2],6,6,9,0,6
1,<environment.Job instance at 0x14b952edff50>,2,2,[10  1],5,9,11,4,7
1,<environment.Job instance at 0x14b951e0b730>,5,3,[6 1],9,11,14,2,10
1,<environment.Job instance at 0x14b954213050>,0,2,[8 1],1,2,4,1,2
1,<environment.Job instance at 0x14b9542137d0>,1,12,[ 1 10],2,4,16,2,4
1,<environment.Job instance at 0x14b954213c80>,3,1,[2 7],5,16,17,11,6
1,<environment.Job instance at 0x14b954213960>,6,16,[10  2],9,17,33,8,9
1,<environment.Job instance at 0x14b9542134b0>,5,2,[2 7],7,33,35,26,9
1,<environment.Job instance at 0x14b954213820>,4,2,[2 7],6,35,37,29,12
1,<environment.Job instance at 0x14b95471bb40>,0,3,[9 2],1,1,4,0,1
1,<environment.Job instance at 0x14b954213190>,1,3,[2 9],2,4,7,2,2
1,<environment.Job instance at 0x14b950e84cd0>,4,2,[1 8],5,7,9,2,5
1,<environment.Job instance at 0x14b950e843c0>,5,3,[10  2],8,9,12,1,8
1,<environment.Job instance at 0x14b950b648c0>,1,3,[1 9],2,6,9,4,6
1,<environment.Job instance at 0x14b95499d3c0>,5,3,[9 2],6,9,12,3,6
1,<environment.Job instance at 0x14b954951be0>,8,13,[6 1],9,12,25,3,9
1,<environment.Job instance at 0x14b95499df00>,1,13,[2 8],2,2,15,0,2
1,<environment.Job instance at 0x14b951c01d20>,3,3,[1 8],4,15,18,11,4
1,<environment.Job instance at 0x14b94f059d70>,0,1,[2 5],1,2,3,1,2
1,<environment.Job instance at 0x14b94f0595f0>,3,3,[6 2],6,6,9,0,6
1,<environment.Job instance at 0x14b94f059320>,2,2,[10  1],5,9,11,4,7
1,<environment.Job instance at 0x14b94f0af280>,1,12,[ 1 10],2,2,14,0,2
1,<environment.Job instance at 0x14b9526bb1e0>,2,2,[2 8],4,14,16,10,4
1,<environment.Job instance at 0x14b955da81e0>,6,16,[10  2],9,16,32,7,10
1,<environment.Job instance at 0x14b9535f9be0>,2,1,[2 7],3,3,4,0,3
1,<environment.Job instance at 0x14b9567b5dc0>,4,2,[1 8],5,27,29,22,27
1,<environment.Job instance at 0x14b94ba80280>,5,3,[9 2],6,6,9,0,6
1,<environment.Job instance at 0x14b94ba80320>,1,3,[1 9],2,9,12,7,6
1,<environment.Job instance at 0x14b94bb175f0>,2,3,[1 8],3,5,8,2,5
1,<environment.Job instance at 0x14b957239140>,4,2,[8 1],7,9,11,2,9
1,<environment.Job instance at 0x14b9552ca190>,3,3,[6 2],6,6,9,0,6
1,<environment.Job instance at 0x14b955dcbfa0>,2,2,[10  1],5,9,11,4,7
1,<environment.Job instance at 0x14b9552ca640>,5,3,[6 1],9,11,14,2,10
1,<environment.Job instance at 0x14b953522cd0>,0,2,[8 1],1,2,4,1,2
1,<environment.Job instance at 0x14b9539f7aa0>,2,2,[2 8],4,4,6,0,4
1,<environment.Job instance at 0x14b9539f7690>,3,1,[2 7],5,6,7,1,5
1,<environment.Job instance at 0x14b951a57b90>,4,2,[2 7],6,7,9,1,6
1,<environment.Job instance at 0x14b9539f7960>,5,2,[2 7],7,9,11,2,7
1,<environment.Job instance at 0x14b953522640>,1,12,[ 1 10],2,22,34,20,22
1,<environment.Job instance at 0x14b955793280>,0,3,[9 2],1,1,4,0,1
1,<environment.Job instance at 0x14b951d734b0>,1,3,[2 9],2,4,7,2,2
1,<environment.Job instance at 0x14b9595e9b40>,4,2,[1 8],5,7,9,2,5
1,<environment.Job instance at 0x14b9527d4500>,5,3,[10  2],8,9,12,1,8
1,<environment.Job instance at 0x14b9514fc370>,3,1,[6 2],4,4,5,0,4
1,<environment.Job instance at 0x14b950d2e500>,4,2,[7 2],5,6,8,1,6
1,<environment.Job instance at 0x14b958750e60>,1,3,[1 9],2,8,11,6,6
1,<environment.Job instance at 0x14b94fbfb320>,7,1,[2 6],8,11,12,3,9
1,<environment.Job instance at 0x14b9540f8be0>,8,13,[6 1],9,9,22,0,9
1,<environment.Job instance at 0x14b952e13b90>,0,2,[6 1],1,2,4,1,2
1,<environment.Job instance at 0x14b952e13a00>,2,3,[1 8],3,3,6,0,3
1,<environment.Job instance at 0x14b94ba74d70>,3,3,[1 8],4,6,9,2,4
1,<environment.Job instance at 0x14b952e134b0>,4,2,[8 1],7,7,9,0,7
1,<environment.Job instance at 0x14b94ba74c30>,5,2,[ 1 10],8,9,11,1,8
1,<environment.Job instance at 0x14b9514fcbe0>,1,13,[2 8],2,41,54,39,41
1,<environment.Job instance at 0x14b952e13230>,2,2,[10  1],5,5,7,0,5
1,<environment.Job instance at 0x14b951ac9230>,1,17,[6 1],3,7,24,4,5
1,<environment.Job instance at 0x14b953f50500>,5,3,[6 1],9,24,27,15,10
1,<environment.Job instance at 0x14b952209820>,0,2,[8 1],1,1,3,0,1
1,<environment.Job instance at 0x14b9500ce550>,4,2,[2 7],6,6,8,0,6
1,<environment.Job instance at 0x14b955395f00>,5,2,[2 7],7,8,10,1,7
1,<environment.Job instance at 0x14b952b962d0>,2,1,[2 7],3,11,12,8,11
1,<environment.Job instance at 0x14b94c4914b0>,4,2,[1 8],5,14,16,9,14
1,<environment.Job instance at 0x14b94c0a4a00>,1,3,[1 9],2,2,5,0,2
1,<environment.Job instance at 0x14b954907500>,4,2,[7 2],5,5,7,0,5
1,<environment.Job instance at 0x14b9532da500>,3,1,[6 2],4,7,8,3,6
1,<environment.Job instance at 0x14b9532da4b0>,5,3,[9 2],6,8,11,2,6
1,<environment.Job instance at 0x14b9532da230>,7,1,[2 6],8,11,12,3,8
1,<environment.Job instance at 0x14b9501c2fa0>,0,2,[6 1],1,2,4,1,2
1,<environment.Job instance at 0x14b955af9410>,2,3,[1 8],3,3,6,0,3
1,<environment.Job instance at 0x14b955e64500>,1,13,[2 8],2,6,19,4,6
1,<environment.Job instance at 0x14b94f15b780>,5,2,[ 1 10],8,19,21,11,9
1,<environment.Job instance at 0x14b94c52fe60>,0,1,[2 5],1,2,3,1,2
1,<environment.Job instance at 0x14b9562d09b0>,3,3,[6 2],6,6,9,0,6
1,<environment.Job instance at 0x14b94f6b4c30>,2,2,[10  1],5,9,11,4,6
1,<environment.Job instance at 0x14b9562d0690>,5,3,[6 1],9,11,14,2,9
1,<environment.Job instance at 0x14b94fe5b190>,0,2,[8 1],1,2,4,1,2
1,<environment.Job instance at 0x14b94fe5bc80>,2,2,[2 8],4,4,6,0,4
1,<environment.Job instance at 0x14b94fe5b1e0>,3,1,[2 7],5,6,7,1,5
1,<environment.Job instance at 0x14b953d18730>,4,2,[2 7],6,7,9,1,6
1,<environment.Job instance at 0x14b953d187d0>,5,2,[2 7],7,9,11,2,7
1,<environment.Job instance at 0x14b95496f5f0>,1,12,[ 1 10],2,11,23,9,11
1,<environment.Job instance at 0x14b95572f190>,1,3,[2 9],2,2,5,0,2
1,<environment.Job instance at 0x14b95572f280>,2,1,[2 7],3,8,9,5,8
1,<environment.Job instance at 0x14b95572f1e0>,4,2,[1 8],5,16,18,11,16
1,<environment.Job instance at 0x14b9500f7be0>,1,3,[1 9],2,2,5,0,2
1,<environment.Job instance at 0x14b94fb2a2d0>,5,3,[9 2],6,6,9,0,6
1,<environment.Job instance at 0x14b95618cc80>,3,1,[6 2],4,9,10,5,6
1,<environment.Job instance at 0x14b94fb2abe0>,7,1,[2 6],8,9,10,1,9
1,<environment.Job instance at 0x14b94fb2ac30>,8,13,[6 1],9,10,23,1,9
1,<environment.Job instance at 0x14b950e57960>,0,2,[6 1],1,2,4,1,2
1,<environment.Job instance at 0x14b956c56be0>,2,3,[1 8],3,3,6,0,3
1,<environment.Job instance at 0x14b94f173910>,3,3,[1 8],4,6,9,2,4
1,<environment.Job instance at 0x14b94fb2a7d0>,1,13,[2 8],2,9,22,7,8
1,<environment.Job instance at 0x14b9565a2e10>,5,2,[ 1 10],8,22,24,14,10
1,<environment.Job instance at 0x14b94fdbf820>,0,1,[2 5],1,2,3,1,2
1,<environment.Job instance at 0x14b950564230>,2,2,[10  1],5,6,8,1,6
1,<environment.Job instance at 0x14b95279b500>,5,3,[6 1],9,9,12,0,9
1,<environment.Job instance at 0x14b95279b460>,3,3,[6 2],6,12,15,6,9
1,<environment.Job instance at 0x14b951d902d0>,2,2,[2 8],4,4,6,0,4
1,<environment.Job instance at 0x14b9540c7af0>,4,2,[2 7],6,6,8,0,6
1,<environment.Job instance at 0x14b9555430f0>,0,3,[9 2],1,1,4,0,1
1,<environment.Job instance at 0x14b953d1bc80>,1,3,[2 9],2,4,7,2,2
1,<environment.Job instance at 0x14b951951f00>,2,1,[2 7],3,7,8,4,4
1,<environment.Job instance at 0x14b94f960a50>,1,3,[1 9],2,2,5,0,2
1,<environment.Job instance at 0x14b95618c410>,2,1,[2 5],3,5,6,2,4
1,<environment.Job instance at 0x14b95618c280>,3,1,[6 2],4,5,6,1,4
1,<environment.Job instance at 0x14b94ecb4be0>,4,2,[7 2],5,6,8,1,5
1,<environment.Job instance at 0x14b94ecb4c80>,5,3,[9 2],6,8,11,2,6
1,<environment.Job instance at 0x14b94ecb40f0>,7,1,[2 6],8,11,12,3,9
1,<environment.Job instance at 0x14b95468be60>,0,2,[6 1],1,2,4,1,2
1,<environment.Job instance at 0x14b95468b3c0>,2,3,[1 8],3,3,6,0,3
1,<environment.Job instance at 0x14b95468b730>,3,3,[1 8],4,6,9,2,4
1,<environment.Job instance at 0x14b95468b4b0>,4,2,[8 1],7,7,9,0,7
1,<environment.Job instance at 0x14b951a9c730>,5,2,[ 1 10],8,9,11,1,8
1,<environment.Job instance at 0x14b95468b7d0>,1,13,[2 8],2,28,41,26,28
1,<environment.Job instance at 0x14b954763280>,1,17,[6 1],3,3,20,0,3
1,<environment.Job instance at 0x14b9568e30a0>,0,1,[2 5],1,3,4,2,3
1,<environment.Job instance at 0x14b94bcf82d0>,3,3,[6 2],6,20,23,14,6
1,<environment.Job instance at 0x14b94f97feb0>,2,2,[10  1],5,23,25,18,6
1,<environment.Job instance at 0x14b94bcf8690>,5,3,[6 1],9,25,28,16,9
1,<environment.Job instance at 0x14b9565c6780>,0,2,[8 1],1,2,4,1,2
1,<environment.Job instance at 0x14b94ec5a730>,1,12,[ 1 10],2,4,16,2,2
1,<environment.Job instance at 0x14b94eba6cd0>,2,2,[2 8],4,16,18,12,4
1,<environment.Job instance at 0x14b9547a6e10>,4,2,[2 7],6,18,20,12,6
1,<environment.Job instance at 0x14b953132f00>,0,3,[9 2],1,1,4,0,1
1,<environment.Job instance at 0x14b953132820>,2,1,[2 7],3,4,5,1,3
1,<environment.Job instance at 0x14b9531328c0>,4,2,[1 8],5,12,14,7,12
1,<environment.Job instance at 0x14b9522ecaf0>,5,3,[10  2],8,1167,1170,1159,1167
1,<environment.Job instance at 0x14b9546de410>,1,3,[1 9],2,2,5,0,2
1,<environment.Job instance at 0x14b95066d320>,3,1,[6 2],4,5,6,1,4
1,<environment.Job instance at 0x14b94eceb370>,4,2,[7 2],5,6,8,1,5
1,<environment.Job instance at 0x14b94ecebd70>,5,3,[9 2],6,8,11,2,6
1,<environment.Job instance at 0x14b94eceb9b0>,7,1,[2 6],8,11,12,3,8
1,<environment.Job instance at 0x14b94ec92cd0>,2,3,[1 8],3,3,6,0,3
1,<environment.Job instance at 0x14b9521a02d0>,3,3,[1 8],4,6,9,2,4
1,<environment.Job instance at 0x14b94c1cdcd0>,5,2,[ 1 10],8,9,11,1,8
1,<environment.Job instance at 0x14b954696a00>,2,2,[10  1],5,5,7,0,5
1,<environment.Job instance at 0x14b950504a50>,3,3,[6 2],6,7,10,1,6
1,<environment.Job instance at 0x14b950504460>,5,3,[6 1],9,11,14,2,11
1,<environment.Job instance at 0x14b9503d3a50>,0,2,[8 1],1,1,3,0,1
1,<environment.Job instance at 0x14b950504f00>,2,2,[2 8],4,4,6,0,4
1,<environment.Job instance at 0x14b9524a6a00>,5,2,[2 7],7,7,9,0,7
1,<environment.Job instance at 0x14b952486dc0>,0,3,[9 2],1,1,4,0,1
1,<environment.Job instance at 0x14b9568ef140>,1,3,[1 9],2,2,5,0,2
1,<environment.Job instance at 0x14b94f2cbfa0>,3,1,[6 2],4,5,6,1,4
1,<environment.Job instance at 0x14b94e7d30f0>,4,2,[7 2],5,6,8,1,5
1,<environment.Job instance at 0x14b95126e1e0>,5,3,[9 2],6,8,11,2,6
1,<environment.Job instance at 0x14b95126e140>,7,1,[2 6],8,11,12,3,8
1,<environment.Job instance at 0x14b9518a1910>,1,13,[2 8],2,2,15,0,2
1,<environment.Job instance at 0x14b9524ce0f0>,2,2,[10  1],5,5,7,0,5
1,<environment.Job instance at 0x14b94de6e460>,3,3,[6 2],6,7,10,1,6
1,<environment.Job instance at 0x14b9524ce5a0>,5,3,[6 1],9,11,14,2,11
1,<environment.Job instance at 0x14b95304f5a0>,0,2,[8 1],1,1,3,0,1
1,<environment.Job instance at 0x14b95549d280>,2,2,[2 8],4,4,6,0,4
1,<environment.Job instance at 0x14b9505ab230>,3,1,[2 7],5,6,7,1,5
1,<environment.Job instance at 0x14b9505ab640>,4,2,[2 7],6,7,9,1,7
1,<environment.Job instance at 0x14b9505ab8c0>,5,2,[2 7],7,18,20,11,18
1,<environment.Job instance at 0x14b956c57c30>,0,3,[9 2],1,1,4,0,1
1,<environment.Job instance at 0x14b952525af0>,1,3,[1 9],2,2,5,0,2
1,<environment.Job instance at 0x14b95f3087d0>,4,2,[7 2],5,6,8,1,6
1,<environment.Job instance at 0x14b953b6fa50>,3,1,[6 2],4,8,9,4,6
1,<environment.Job instance at 0x14b953b6ffa0>,8,13,[6 1],9,9,22,0,9
1,<environment.Job instance at 0x14b953b6fb90>,7,1,[2 6],8,10,11,2,10
1,<environment.Job instance at 0x14b953b6f0f0>,5,3,[9 2],6,22,25,16,11
1,<environment.Job instance at 0x14b94ed03780>,0,2,[6 1],1,2,4,1,2
1,<environment.Job instance at 0x14b95371afa0>,1,13,[2 8],2,3,16,1,3
1,<environment.Job instance at 0x14b953b6f7d0>,2,3,[1 8],3,16,19,13,4
1,<environment.Job instance at 0x14b94ed03460>,3,3,[1 8],4,19,22,15,4
1,<environment.Job instance at 0x14b94de6b2d0>,5,2,[ 1 10],8,22,24,14,8
1,<environment.Job instance at 0x14b94df033c0>,0,1,[2 5],1,2,3,1,2
1,<environment.Job instance at 0x14b954538a50>,5,3,[6 1],9,10,13,1,10
1,<environment.Job instance at 0x14b9515fa3c0>,4,2,[2 7],6,6,8,0,6
1,<environment.Job instance at 0x14b95548fa50>,1,12,[ 1 10],2,8,20,6,7
1,<environment.Job instance at 0x14b953df96e0>,0,3,[9 2],1,1,4,0,1
1,<environment.Job instance at 0x14b954ca8780>,1,3,[1 9],2,2,5,0,2
1,<environment.Job instance at 0x14b94f6541e0>,4,2,[7 2],5,6,8,1,6
1,<environment.Job instance at 0x14b9585bbb40>,5,3,[9 2],6,8,11,2,6
1,<environment.Job instance at 0x14b94f654320>,7,1,[2 6],8,11,12,3,8
1,<environment.Job instance at 0x14b94bde76e0>,0,2,[6 1],1,2,4,1,2
1,<environment.Job instance at 0x14b94f67baa0>,2,3,[1 8],3,3,6,0,3
1,<environment.Job instance at 0x14b954ca8e60>,1,13,[2 8],2,6,19,4,4
1,<environment.Job instance at 0x14b9585bb910>,1,17,[6 1],3,6,23,3,6
1,<environment.Job instance at 0x14b94fc57dc0>,3,3,[6 2],6,23,26,17,6
1,<environment.Job instance at 0x14b950d80dc0>,5,3,[6 1],9,26,29,17,9
1,<environment.Job instance at 0x14b9512b5a00>,2,2,[2 8],4,4,6,0,4
1,<environment.Job instance at 0x14b950d7b5f0>,3,1,[2 7],5,6,7,1,5
1,<environment.Job instance at 0x14b94fc970f0>,4,2,[2 7],6,7,9,1,6
1,<environment.Job instance at 0x14b95497b050>,0,3,[9 2],1,1,4,0,1
1,<environment.Job instance at 0x14b94fb92410>,1,3,[2 9],2,4,7,2,2
1,<environment.Job instance at 0x14b956999910>,5,3,[10  2],8,8,11,0,8
1,<environment.Job instance at 0x14b94f30d320>,1,3,[1 9],2,2,5,0,2
1,<environment.Job instance at 0x14b94db12d70>,5,3,[9 2],6,6,9,0,6
1,<environment.Job instance at 0x14b94c53d4b0>,7,1,[2 6],8,9,10,1,8
1,<environment.Job instance at 0x14b953f71dc0>,1,13,[2 8],2,2,15,0,2
1,<environment.Job instance at 0x14b94f3ada00>,5,2,[ 1 10],8,15,17,7,9
1,<environment.Job instance at 0x14b95419d9b0>,2,2,[10  1],5,5,7,0,5
1,<environment.Job instance at 0x14b94e5ef2d0>,3,3,[6 2],6,7,10,1,6
1,<environment.Job instance at 0x14b94fe43a00>,5,3,[6 1],9,10,13,1,9
1,<environment.Job instance at 0x14b956e095f0>,0,2,[8 1],1,1,3,0,1
1,<environment.Job instance at 0x14b9522e9410>,2,2,[2 8],4,4,6,0,4
1,<environment.Job instance at 0x14b950fe77d0>,4,2,[2 7],6,6,8,0,6
1,<environment.Job instance at 0x14b950fe7960>,5,2,[2 7],7,8,10,1,7
1,<environment.Job instance at 0x14b95041ca00>,0,3,[9 2],1,1,4,0,1
1,<environment.Job instance at 0x14b953599b90>,1,3,[1 9],2,2,5,0,2
1,<environment.Job instance at 0x14b953599b40>,4,2,[7 2],5,5,7,0,5
1,<environment.Job instance at 0x14b9544575f0>,3,1,[6 2],4,7,8,3,6
1,<environment.Job instance at 0x14b956c05fa0>,5,3,[9 2],6,8,11,2,6
1,<environment.Job instance at 0x14b950158a00>,7,1,[2 6],8,11,12,3,8
1,<environment.Job instance at 0x14b94fef0fa0>,0,2,[6 1],1,2,4,1,2
1,<environment.Job instance at 0x14b94fef0690>,2,3,[1 8],3,3,6,0,3
1,<environment.Job instance at 0x14b955319fa0>,3,3,[1 8],4,6,9,2,4
1,<environment.Job instance at 0x14b954457960>,1,13,[2 8],2,9,22,7,6
1,<environment.Job instance at 0x14862bf0da50>,2,1,[2 5],3,7,8,4,7
1,<environment.Job instance at 0x14862ab83cd0>,4,2,[7 2],5,7,9,2,7
1,<environment.Job instance at 0x14862ab83280>,8,13,[6 1],9,9,22,0,9
1,<environment.Job instance at 0x14862ab830f0>,6,18,[8 1],7,22,40,15,13
1,<environment.Job instance at 0x14862ab830f0>,1,13,[2 8],2,6,19,4,6
1,<environment.Job instance at 0x14862ada7910>,5,2,[ 1 10],8,19,21,11,10
1,<environment.Job instance at 0x14862ad35be0>,2,3,[1 8],3,21,24,18,11
1,<environment.Job instance at 0x14862acd32d0>,1,17,[6 1],3,5,22,2,5
1,<environment.Job instance at 0x148629e50730>,3,3,[6 2],6,22,25,16,7
1,<environment.Job instance at 0x148628a12550>,5,3,[6 1],9,25,28,16,10
1,<environment.Job instance at 0x148624a4a690>,0,2,[8 1],1,1,3,0,1
1,<environment.Job instance at 0x1486245e9370>,1,12,[ 1 10],2,3,15,1,3
1,<environment.Job instance at 0x148624b2f910>,4,2,[2 7],6,15,17,9,6
1,<environment.Job instance at 0x148624a302d0>,5,2,[2 7],7,17,19,10,8
1,<environment.Job instance at 0x148624ace870>,3,1,[2 7],5,19,20,14,9
1,<environment.Job instance at 0x1486246caf00>,0,3,[9 2],1,3,6,2,3
1,<environment.Job instance at 0x14862bef8d70>,3,1,[6 2],4,7,8,3,7
1,<environment.Job instance at 0x14862772ec30>,4,2,[7 2],5,8,10,3,7
1,<environment.Job instance at 0x1486277290f0>,7,1,[2 6],8,9,10,1,9
1,<environment.Job instance at 0x14862642e870>,3,3,[1 8],4,4,7,0,4
1,<environment.Job instance at 0x14862660bf50>,4,2,[8 1],7,10,12,3,10
1,<environment.Job instance at 0x1486277a67d0>,5,2,[ 1 10],8,18,20,10,18
1,<environment.Job instance at 0x1486253b57d0>,2,2,[10  1],5,7,9,2,7
1,<environment.Job instance at 0x1486263b28c0>,5,3,[6 1],9,10,13,1,10
1,<environment.Job instance at 0x1486253d5960>,0,2,[8 1],1,2,4,1,2
1,<environment.Job instance at 0x1486253d5140>,2,2,[2 8],4,5,7,1,5
1,<environment.Job instance at 0x14862926f0a0>,4,2,[2 7],6,7,9,1,7
1,<environment.Job instance at 0x14862926b960>,6,16,[10  2],9,9,25,0,9
1,<environment.Job instance at 0x1486292dbdc0>,0,3,[9 2],1,1,4,0,1
1,<environment.Job instance at 0x148628fed370>,5,3,[10  2],8,9,12,1,9
1,<environment.Job instance at 0x148627310870>,3,1,[6 2],4,6,7,2,6
1,<environment.Job instance at 0x148627574960>,6,18,[8 1],7,7,25,0,7
1,<environment.Job instance at 0x1486275741e0>,8,13,[6 1],9,25,38,16,9
1,<environment.Job instance at 0x1486273e2cd0>,1,13,[2 8],2,2,15,0,2
1,<environment.Job instance at 0x148627adc780>,3,3,[1 8],4,15,18,11,5
1,<environment.Job instance at 0x148627f548c0>,5,2,[ 1 10],8,18,20,10,9
1,<environment.Job instance at 0x1486279ac050>,3,3,[6 2],6,6,9,0,6
1,<environment.Job instance at 0x1486279ac870>,2,2,[10  1],5,9,11,4,7
1,<environment.Job instance at 0x1486282ab3c0>,5,3,[6 1],9,11,14,2,10
1,<environment.Job instance at 0x148626f930f0>,0,2,[8 1],1,2,4,1,2
1,<environment.Job instance at 0x148626f93e60>,1,12,[ 1 10],2,4,16,2,4
1,<environment.Job instance at 0x14862c1b6d20>,3,1,[2 7],5,16,17,11,6
1,<environment.Job instance at 0x14862d8928c0>,6,16,[10  2],9,17,33,8,9
1,<environment.Job instance at 0x14862d892b90>,5,2,[2 7],7,33,35,26,9
1,<environment.Job instance at 0x1486277e8dc0>,0,3,[9 2],1,1,4,0,1
1,<environment.Job instance at 0x14862d8926e0>,1,3,[2 9],2,4,7,2,2
1,<environment.Job instance at 0x148628be20a0>,4,2,[1 8],5,7,9,2,5
1,<environment.Job instance at 0x14862a44a910>,5,3,[10  2],8,9,12,1,8
1,<environment.Job instance at 0x14862bef8f00>,2,1,[2 5],3,4,5,1,4
1,<environment.Job instance at 0x148627312f00>,4,2,[7 2],5,6,8,1,6
1,<environment.Job instance at 0x148626f751e0>,3,1,[6 2],4,8,9,4,6
1,<environment.Job instance at 0x148627312320>,6,18,[8 1],7,9,27,2,8
1,<environment.Job instance at 0x14862730b910>,7,1,[2 6],8,8,9,0,8
1,<environment.Job instance at 0x14862b41c4b0>,1,13,[2 8],2,3,16,1,3
1,<environment.Job instance at 0x14862c9831e0>,2,3,[1 8],3,16,19,13,5
1,<environment.Job instance at 0x148629458910>,1,17,[6 1],3,4,21,1,4
1,<environment.Job instance at 0x148624014960>,3,3,[6 2],6,21,24,15,7
1,<environment.Job instance at 0x148628567370>,5,3,[6 1],9,24,27,15,10
1,<environment.Job instance at 0x148623e0fb40>,1,12,[ 1 10],2,2,14,0,2
1,<environment.Job instance at 0x148627696fa0>,2,2,[2 8],4,14,16,10,4
1,<environment.Job instance at 0x148627404cd0>,4,2,[2 7],6,16,18,10,7
1,<environment.Job instance at 0x148627404280>,6,16,[10  2],9,18,34,9,9
1,<environment.Job instance at 0x14862abf50a0>,0,3,[9 2],1,1,4,0,1
1,<environment.Job instance at 0x14862ed03910>,1,3,[2 9],2,4,7,2,2
1,<environment.Job instance at 0x148625d5a5a0>,4,2,[1 8],5,7,9,2,5
1,<environment.Job instance at 0x148625d5a410>,5,3,[10  2],8,9,12,1,8
1,<environment.Job instance at 0x148624c3d230>,1,3,[1 9],2,2,5,0,2
1,<environment.Job instance at 0x14862426df50>,3,1,[6 2],4,5,6,1,4
1,<environment.Job instance at 0x148624831640>,4,2,[7 2],5,6,8,1,5
1,<environment.Job instance at 0x14862b9ed320>,5,3,[9 2],6,8,11,2,6
1,<environment.Job instance at 0x148629bf0640>,6,18,[8 1],7,11,29,4,7
1,<environment.Job instance at 0x148624c45e10>,8,13,[6 1],9,29,42,20,13
1,<environment.Job instance at 0x1486296a5aa0>,0,2,[6 1],1,2,4,1,2
1,<environment.Job instance at 0x148627b938c0>,2,3,[1 8],3,3,6,0,3
1,<environment.Job instance at 0x14862490e6e0>,4,2,[8 1],7,7,9,0,7
1,<environment.Job instance at 0x14862b8bbaf0>,5,2,[ 1 10],8,9,11,1,8
1,<environment.Job instance at 0x14862c08b0f0>,1,13,[2 8],2,40,53,38,40
1,<environment.Job instance at 0x14862957d460>,3,3,[6 2],6,6,9,0,6
1,<environment.Job instance at 0x148623ab04b0>,1,17,[6 1],3,11,28,8,11
1,<environment.Job instance at 0x14862a1aee60>,0,2,[8 1],1,1,3,0,1
1,<environment.Job instance at 0x14862a1aee10>,1,12,[ 1 10],2,3,15,1,2
1,<environment.Job instance at 0x148626cca460>,3,1,[2 7],5,15,16,10,5
1,<environment.Job instance at 0x14862a1ae4b0>,2,2,[2 8],4,16,18,12,7
1,<environment.Job instance at 0x14862a652b40>,4,2,[2 7],6,18,20,12,8
1,<environment.Job instance at 0x14862ce5db40>,6,16,[10  2],9,20,36,11,10
1,<environment.Job instance at 0x14862d863a50>,0,3,[9 2],1,3,6,2,3
1,<environment.Job instance at 0x14862410aaf0>,2,1,[2 7],3,6,7,3,3
1,<environment.Job instance at 0x148623e19e10>,1,3,[2 9],2,28,31,26,28
1,<environment.Job instance at 0x148625d22fa0>,1,3,[1 9],2,2,5,0,2
1,<environment.Job instance at 0x148625d22dc0>,3,1,[6 2],4,5,6,1,4
1,<environment.Job instance at 0x148629aa5af0>,4,2,[7 2],5,6,8,1,5
1,<environment.Job instance at 0x1486292b1d20>,5,3,[9 2],6,8,11,2,6
1,<environment.Job instance at 0x1486292b1eb0>,8,13,[6 1],9,11,24,2,9
1,<environment.Job instance at 0x1486261ae960>,7,1,[2 6],8,12,13,4,12
1,<environment.Job instance at 0x148629a1d3c0>,0,2,[6 1],1,2,4,1,2
1,<environment.Job instance at 0x14861f5ed5a0>,2,3,[1 8],3,3,6,0,3
1,<environment.Job instance at 0x14861f5ed1e0>,3,3,[1 8],4,6,9,2,4
1,<environment.Job instance at 0x148625dcc870>,1,13,[2 8],2,9,22,7,7
1,<environment.Job instance at 0x148628561870>,5,2,[ 1 10],8,22,24,14,8
1,<environment.Job instance at 0x1486245b9f00>,0,1,[2 5],1,2,3,1,2
1,<environment.Job instance at 0x1486250a0a00>,5,3,[6 1],9,10,13,1,10
1,<environment.Job instance at 0x148629b472d0>,0,2,[8 1],1,1,3,0,1
1,<environment.Job instance at 0x148629b47550>,2,2,[2 8],4,4,6,0,4
1,<environment.Job instance at 0x148623c5ae10>,3,1,[2 7],5,6,7,1,6
1,<environment.Job instance at 0x148623c5a320>,5,2,[2 7],7,7,9,0,7
1,<environment.Job instance at 0x1486271ae640>,4,2,[2 7],6,9,11,3,8
1,<environment.Job instance at 0x148623e30050>,6,16,[10  2],9,11,27,2,9
1,<environment.Job instance at 0x148623f3cc30>,0,3,[9 2],1,1,4,0,1
1,<environment.Job instance at 0x14862b90fb90>,1,3,[2 9],2,4,7,2,3
1,<environment.Job instance at 0x148623f3c190>,2,1,[2 7],3,7,8,4,3
1,<environment.Job instance at 0x1486263ca6e0>,4,2,[1 8],5,11,13,6,11
1,<environment.Job instance at 0x14861f50caa0>,5,3,[10  2],8,48,51,40,48
1,<environment.Job instance at 0x148629829af0>,1,3,[1 9],2,2,5,0,2
1,<environment.Job instance at 0x148629829e60>,4,2,[7 2],5,5,7,0,5
1,<environment.Job instance at 0x14862b2d8780>,3,1,[6 2],4,7,8,3,6
1,<environment.Job instance at 0x14862b2d89b0>,5,3,[9 2],6,8,11,2,7
1,<environment.Job instance at 0x14862b2d8320>,7,1,[2 6],8,11,12,3,8
1,<environment.Job instance at 0x148629da54b0>,0,2,[6 1],1,2,4,1,2
1,<environment.Job instance at 0x148623d68af0>,2,3,[1 8],3,3,6,0,3
1,<environment.Job instance at 0x148623d68d70>,3,3,[1 8],4,6,9,2,4
1,<environment.Job instance at 0x148629da55a0>,4,2,[8 1],7,7,9,0,7
1,<environment.Job instance at 0x1486286bbe60>,5,2,[ 1 10],8,9,11,1,8
1,<environment.Job instance at 0x14862b2d8190>,1,13,[2 8],2,41,54,39,41
1,<environment.Job instance at 0x1486239a8c30>,2,2,[10  1],5,5,7,0,5
1,<environment.Job instance at 0x1486268773c0>,3,3,[6 2],6,7,10,1,7
1,<environment.Job instance at 0x148626c3a870>,5,3,[6 1],9,15,18,6,15
1,<environment.Job instance at 0x148627d8a320>,0,2,[8 1],1,1,3,0,1
1,<environment.Job instance at 0x1486286bb230>,1,12,[ 1 10],2,3,15,1,3
1,<environment.Job instance at 0x14862cfeec30>,5,2,[2 7],7,15,17,8,7
1,<environment.Job instance at 0x14862b939eb0>,0,3,[9 2],1,1,4,0,1
1,<environment.Job instance at 0x14862b707c80>,1,3,[2 9],2,4,7,2,3
1,<environment.Job instance at 0x14862a12b9b0>,2,1,[2 7],3,8,9,5,8
1,<environment.Job instance at 0x1486248dfc30>,0,12,[2 5],1,1,13,0,1
1,<environment.Job instance at 0x1486248df370>,2,1,[2 5],3,4,5,1,4
1,<environment.Job instance at 0x14862b93e8c0>,5,3,[9 2],6,13,16,7,6
1,<environment.Job instance at 0x14862b4a4be0>,4,2,[7 2],5,6,8,1,6
1,<environment.Job instance at 0x14862711a690>,8,13,[6 1],9,16,29,7,9
1,<environment.Job instance at 0x148624acb4b0>,0,2,[6 1],1,1,3,0,1
1,<environment.Job instance at 0x148629303280>,1,13,[2 8],2,2,15,0,2
1,<environment.Job instance at 0x1486288ad820>,2,3,[1 8],3,15,18,12,3
1,<environment.Job instance at 0x14861f6a0280>,3,3,[1 8],4,18,21,14,7
1,<environment.Job instance at 0x1486280ab7d0>,5,2,[ 1 10],8,21,23,13,8
1,<environment.Job instance at 0x148626a27550>,4,2,[8 1],7,10,12,3,10
1,<environment.Job instance at 0x148628177500>,0,1,[2 5],1,1,2,0,1
1,<environment.Job instance at 0x148626cfd500>,2,2,[10  1],5,5,7,0,5
1,<environment.Job instance at 0x1486237a6230>,3,3,[6 2],6,7,10,1,6
1,<environment.Job instance at 0x148626cfd6e0>,1,12,[ 1 10],2,2,14,0,2
1,<environment.Job instance at 0x148625ca7b40>,3,1,[2 7],5,14,15,9,8
1,<environment.Job instance at 0x148625ca7050>,4,2,[2 7],6,15,17,9,15
1,<environment.Job instance at 0x148624960cd0>,0,3,[9 2],1,1,4,0,1
1,<environment.Job instance at 0x14862a3fb460>,1,3,[2 9],2,4,7,2,2
1,<environment.Job instance at 0x1486249608c0>,2,1,[2 7],3,7,8,4,4
1,<environment.Job instance at 0x1486297214b0>,4,2,[1 8],5,8,10,3,5
1,<environment.Job instance at 0x148629721f00>,5,3,[10  2],8,10,13,2,8
1,<environment.Job instance at 0x148623c5a690>,1,3,[1 9],2,2,5,0,2
1,<environment.Job instance at 0x148623c5a500>,4,2,[7 2],5,5,7,0,5
1,<environment.Job instance at 0x148623c5ad20>,3,1,[6 2],4,7,8,3,5
1,<environment.Job instance at 0x148623c5a2d0>,5,3,[9 2],6,8,11,2,6
1,<environment.Job instance at 0x148623c5ae60>,7,1,[2 6],8,11,12,3,8
1,<environment.Job instance at 0x148623c5a460>,8,13,[6 1],9,11,24,2,9
1,<environment.Job instance at 0x1486297512d0>,1,13,[2 8],2,2,15,0,2
1,<environment.Job instance at 0x148623c5a460>,2,3,[1 8],3,15,18,12,4
1,<environment.Job instance at 0x148628ee4b90>,3,3,[1 8],4,18,21,14,4
1,<environment.Job instance at 0x148628ee49b0>,4,2,[8 1],7,9,11,2,9
1,<environment.Job instance at 0x148625ab1780>,0,1,[2 5],1,2,3,1,2
1,<environment.Job instance at 0x14862985fe10>,2,2,[10  1],5,6,8,1,6
1,<environment.Job instance at 0x1486240f5820>,3,3,[6 2],6,9,12,3,9
1,<environment.Job instance at 0x1486285dbe10>,0,2,[8 1],1,2,4,1,2
1,<environment.Job instance at 0x148629b47d20>,1,12,[ 1 10],2,4,16,2,2
1,<environment.Job instance at 0x148629c66b90>,2,2,[2 8],4,16,18,12,4
1,<environment.Job instance at 0x1486276245f0>,0,3,[9 2],1,1,4,0,1
1,<environment.Job instance at 0x148627624910>,1,3,[2 9],2,4,7,2,2
1,<environment.Job instance at 0x148629ace690>,5,3,[10  2],8,8,11,0,8
1,<environment.Job instance at 0x14862b145320>,1,3,[1 9],2,2,5,0,2
1,<environment.Job instance at 0x148625e79460>,4,2,[7 2],5,5,7,0,5
1,<environment.Job instance at 0x14862666d3c0>,5,3,[9 2],6,7,10,1,6
1,<environment.Job instance at 0x1486287cff50>,8,13,[6 1],9,10,23,1,9
1,<environment.Job instance at 0x148627d78870>,0,2,[6 1],1,2,4,1,2
1,<environment.Job instance at 0x14862bdb3730>,3,3,[1 8],4,4,7,0,4
1,<environment.Job instance at 0x14862666d280>,1,13,[2 8],2,21,34,19,21
1,<environment.Job instance at 0x14862c06af00>,3,3,[6 2],6,6,9,0,6
1,<environment.Job instance at 0x14862737aaf0>,5,3,[6 1],9,9,12,0,9
1,<environment.Job instance at 0x148628794a50>,0,2,[8 1],1,2,4,1,2
1,<environment.Job instance at 0x14862558c370>,1,12,[ 1 10],2,4,16,2,2
1,<environment.Job instance at 0x14862d0b4730>,3,1,[2 7],5,16,17,11,5
1,<environment.Job instance at 0x148628794aa0>,4,2,[2 7],6,17,19,11,6
1,<environment.Job instance at 0x14862bee2500>,0,3,[9 2],1,1,4,0,1
1,<environment.Job instance at 0x14862bee2820>,1,3,[2 9],2,4,7,2,2
1,<environment.Job instance at 0x148628ef3f50>,5,3,[10  2],8,8,11,0,8
1,<environment.Job instance at 0x14861f23ec30>,1,3,[1 9],2,2,5,0,2
1,<environment.Job instance at 0x14861f23e3c0>,3,1,[6 2],4,5,6,1,4
1,<environment.Job instance at 0x14862b26df50>,4,2,[7 2],5,6,8,1,6
1,<environment.Job instance at 0x14862b26d9b0>,6,18,[8 1],7,9,27,2,9
1,<environment.Job instance at 0x1486270c4410>,2,3,[1 8],3,3,6,0,3
1,<environment.Job instance at 0x14862ad63a00>,3,3,[1 8],4,6,9,2,5
1,<environment.Job instance at 0x148627ec3f50>,2,2,[10  1],5,5,7,0,5
1,<environment.Job instance at 0x14861f2da5a0>,3,3,[6 2],6,7,10,1,6
1,<environment.Job instance at 0x14861f2da500>,5,3,[6 1],9,10,13,1,9
1,<environment.Job instance at 0x148626d3ed70>,0,2,[8 1],1,1,3,0,1
1,<environment.Job instance at 0x14862885c780>,1,12,[ 1 10],2,3,15,1,2
1,<environment.Job instance at 0x14862b884fa0>,5,2,[2 7],7,15,17,8,7
1,<environment.Job instance at 0x148624cb55a0>,3,1,[2 7],5,17,18,12,7
1,<environment.Job instance at 0x14862ac5fcd0>,0,3,[9 2],1,1,4,0,1
1,<environment.Job instance at 0x14862964e780>,5,3,[10  2],8,8,11,0,8
1,<environment.Job instance at 0x1486249c90a0>,1,3,[1 9],2,2,5,0,2
1,<environment.Job instance at 0x14862b8b45a0>,3,1,[6 2],4,5,6,1,4
1,<environment.Job instance at 0x148628327c30>,4,2,[7 2],5,6,8,1,5
1,<environment.Job instance at 0x148624788dc0>,5,3,[9 2],6,8,11,2,6
1,<environment.Job instance at 0x148624788d20>,1,13,[2 8],2,2,15,0,2
1,<environment.Job instance at 0x148624cc4e60>,3,3,[6 2],6,6,9,0,6
1,<environment.Job instance at 0x148624cc4d20>,5,3,[6 1],9,9,12,0,9
1,<environment.Job instance at 0x148624cd1dc0>,0,2,[8 1],1,1,3,0,1
1,<environment.Job instance at 0x148624cc4780>,1,12,[ 1 10],2,3,15,1,2
1,<environment.Job instance at 0x148624b64550>,2,2,[2 8],4,15,17,11,4
1,<environment.Job instance at 0x148626324960>,5,2,[2 7],7,17,19,10,7
1,<environment.Job instance at 0x14862a61fdc0>,0,3,[9 2],1,1,4,0,1
1,<environment.Job instance at 0x148624cd1280>,1,3,[2 9],2,4,7,2,2
1,<environment.Job instance at 0x14861ffce910>,4,2,[1 8],5,73,75,68,73
1,<environment.Job instance at 0x1486263e2a00>,1,3,[1 9],2,2,5,0,2
1,<environment.Job instance at 0x14861ff3a0a0>,4,2,[7 2],5,5,7,0,5
1,<environment.Job instance at 0x14861ff3acd0>,3,1,[6 2],4,7,8,3,6
1,<environment.Job instance at 0x14861ff3a3c0>,5,3,[9 2],6,8,11,2,6
1,<environment.Job instance at 0x14862afdae10>,1,13,[2 8],2,2,15,0,2
1,<environment.Job instance at 0x148628274230>,3,3,[6 2],6,6,9,0,6
1,<environment.Job instance at 0x14862a0e8690>,5,3,[6 1],9,9,12,0,9
1,<environment.Job instance at 0x1486230eb820>,0,2,[8 1],1,1,3,0,1
1,<environment.Job instance at 0x1486269ea640>,1,12,[ 1 10],2,3,15,1,2
1,<environment.Job instance at 0x14862a2d60f0>,5,2,[2 7],7,15,17,8,7
1,<environment.Job instance at 0x14862b21e0a0>,0,3,[9 2],1,1,4,0,1
1,<environment.Job instance at 0x14862b707e60>,1,3,[2 9],2,4,7,2,2
1,<environment.Job instance at 0x1486270b1af0>,4,2,[1 8],5,73,75,68,73
1,<environment.Job instance at 0x148623692410>,1,3,[1 9],2,2,5,0,2
1,<environment.Job instance at 0x148629ada960>,3,1,[6 2],4,5,6,1,4
1,<environment.Job instance at 0x148628bc90a0>,4,2,[7 2],5,6,8,1,5
1,<environment.Job instance at 0x148633eec7d0>,5,3,[9 2],6,8,11,2,6
1,<environment.Job instance at 0x14862b80fcd0>,1,13,[2 8],2,2,15,0,2
1,<environment.Job instance at 0x148628f9ee10>,2,2,[10  1],5,5,7,0,5
1,<environment.Job instance at 0x148623ab03c0>,3,3,[6 2],6,7,10,1,6
1,<environment.Job instance at 0x148623ab0b90>,5,3,[6 1],9,10,13,1,9
1,<environment.Job instance at 0x148625e73370>,0,2,[8 1],1,1,3,0,1
1,<environment.Job instance at 0x148622e5c7d0>,2,2,[2 8],4,4,6,0,4
1,<environment.Job instance at 0x148622f3ef50>,5,2,[2 7],7,7,9,0,7
1,<environment.Job instance at 0x1486266e8d70>,0,3,[9 2],1,1,4,0,1
1,<environment.Job instance at 0x14862bb41a50>,5,3,[10  2],8,8,11,0,8
1,<environment.Job instance at 0x14861ff35050>,1,3,[1 9],2,2,5,0,2
1,<environment.Job instance at 0x1486237606e0>,4,2,[7 2],5,5,7,0,5
1,<environment.Job instance at 0x148623760b90>,5,3,[9 2],6,7,10,1,6
1,<environment.Job instance at 0x1486291f1230>,0,2,[6 1],1,2,4,1,2
1,<environment.Job instance at 0x1486291f1370>,2,3,[1 8],3,3,6,0,3
1,<environment.Job instance at 0x14861ff35e10>,1,13,[2 8],2,6,19,4,6
1,<environment.Job instance at 0x148625c888c0>,2,2,[10  1],5,6,8,1,6
1,<environment.Job instance at 0x148625c88050>,3,3,[6 2],6,8,11,2,8
1,<environment.Job instance at 0x14862c167140>,5,3,[6 1],9,11,14,2,9
1,<environment.Job instance at 0x148623b36820>,0,2,[8 1],1,1,3,0,1
1,<environment.Job instance at 0x14862adeea00>,2,2,[2 8],4,4,6,0,4
1,<environment.Job instance at 0x148626644e10>,5,2,[2 7],7,7,9,0,7
1,<environment.Job instance at 0x148624559f00>,0,3,[9 2],1,1,4,0,1
1,<environment.Job instance at 0x14862591be60>,4,2,[1 8],5,5,7,0,5
1,<environment.Job instance at 0x14862591ba00>,5,3,[10  2],8,8,11,0,8
1,<environment.Job instance at 0x148626f8d3c0>,1,3,[1 9],2,2,5,0,2
1,<environment.Job instance at 0x148626f8d910>,4,2,[7 2],5,5,7,0,5
1,<environment.Job instance at 0x14861f528500>,3,1,[6 2],4,7,8,3,5
1,<environment.Job instance at 0x148627cf3b40>,5,3,[9 2],6,8,11,2,6
1,<environment.Job instance at 0x148628b5bd20>,7,1,[2 6],8,11,12,3,8
1,<environment.Job instance at 0x14861ee015a0>,0,2,[6 1],1,2,4,1,2
1,<environment.Job instance at 0x1486247ae9b0>,2,3,[1 8],3,3,6,0,3
1,<environment.Job instance at 0x14861ee011e0>,1,13,[2 8],2,6,19,4,3
1,<environment.Job instance at 0x148624641730>,2,2,[10  1],5,5,7,0,5
1,<environment.Job instance at 0x148629b47410>,3,3,[6 2],6,7,10,1,6
1,<environment.Job instance at 0x148624641050>,5,3,[6 1],9,10,13,1,9
1,<environment.Job instance at 0x14862afc1fa0>,0,2,[8 1],1,1,3,0,1
1,<environment.Job instance at 0x148623337f00>,1,12,[ 1 10],2,3,15,1,2
1,<environment.Job instance at 0x14862488ac80>,2,2,[2 8],4,15,17,11,4
1,<environment.Job instance at 0x14862afc1320>,4,2,[2 7],6,17,19,11,6
1,<environment.Job instance at 0x14862b7a9960>,5,2,[2 7],7,19,21,12,7
1,<environment.Job instance at 0x14862569dcd0>,0,3,[9 2],1,1,4,0,1
1,<environment.Job instance at 0x14862569d3c0>,1,3,[2 9],2,4,7,2,2
1,<environment.Job instance at 0x1486220717d0>,5,3,[10  2],8,8,11,0,8
1,<environment.Job instance at 0x148621e61eb0>,1,3,[1 9],2,2,5,0,2
1,<environment.Job instance at 0x14862b349500>,3,1,[6 2],4,5,6,1,4
1,<environment.Job instance at 0x14862b349aa0>,4,2,[7 2],5,6,8,1,5
1,<environment.Job instance at 0x148621e7b3c0>,5,3,[9 2],6,8,11,2,6
1,<environment.Job instance at 0x14862b349050>,7,1,[2 6],8,11,12,3,8
1,<environment.Job instance at 0x148628cb5e60>,8,13,[6 1],9,11,24,2,9
1,<environment.Job instance at 0x148629c52320>,0,2,[6 1],1,1,3,0,1
1,<environment.Job instance at 0x14862786e550>,1,13,[2 8],2,2,15,0,2
1,<environment.Job instance at 0x148626df5050>,2,3,[1 8],3,15,18,12,3
1,<environment.Job instance at 0x148621e7f780>,0,1,[2 5],1,2,3,1,2
1,<environment.Job instance at 0x14862b438dc0>,3,3,[6 2],6,6,9,0,6
1,<environment.Job instance at 0x14862b438b90>,5,3,[6 1],9,9,12,0,9
1,<environment.Job instance at 0x14862c99cc30>,0,2,[8 1],1,2,4,1,2
1,<environment.Job instance at 0x14862baea7d0>,1,12,[ 1 10],2,4,16,2,2
1,<environment.Job instance at 0x148628c37500>,0,3,[9 2],1,1,4,0,1
1,<environment.Job instance at 0x1486272230a0>,1,3,[2 9],2,4,7,2,2
1,<environment.Job instance at 0x14862812e7d0>,5,3,[10  2],8,8,11,0,8
1,<environment.Job instance at 0x14862329cd20>,1,3,[1 9],2,2,5,0,2
1,<environment.Job instance at 0x148620017910>,4,2,[7 2],5,5,7,0,5
1,<environment.Job instance at 0x14861eff9410>,3,1,[6 2],4,7,8,3,6
1,<environment.Job instance at 0x148620017e10>,5,3,[9 2],6,8,11,2,6
1,<environment.Job instance at 0x14862a8c65f0>,0,2,[6 1],1,2,4,1,2
1,<environment.Job instance at 0x1486294bf7d0>,2,3,[1 8],3,3,6,0,3
1,<environment.Job instance at 0x148623e13870>,1,13,[2 8],2,6,19,4,3
1,<environment.Job instance at 0x14862217d690>,2,2,[10  1],5,5,7,0,5
1,<environment.Job instance at 0x14862217d6e0>,3,3,[6 2],6,7,10,1,6
1,<environment.Job instance at 0x14862217d500>,5,3,[6 1],9,10,13,1,9
1,<environment.Job instance at 0x14862800bf00>,0,2,[8 1],1,1,3,0,1
1,<environment.Job instance at 0x148629a74e10>,1,12,[ 1 10],2,3,15,1,2
1,<environment.Job instance at 0x14862eff4d20>,2,2,[2 8],4,15,17,11,4
1,<environment.Job instance at 0x148628130f50>,5,2,[2 7],7,17,19,10,7
1,<environment.Job instance at 0x1486291f6c80>,0,3,[9 2],1,1,4,0,1
1,<environment.Job instance at 0x1486281261e0>,1,3,[2 9],2,4,7,2,2
1,<environment.Job instance at 0x14861ff32190>,5,3,[10  2],8,8,11,0,8
1,<environment.Job instance at 0x1486247d3fa0>,1,3,[1 9],2,2,5,0,2
1,<environment.Job instance at 0x148621a9aaf0>,4,2,[7 2],5,5,7,0,5
1,<environment.Job instance at 0x1486227e6280>,5,3,[9 2],6,7,10,1,6
1,<environment.Job instance at 0x1486227e60f0>,7,1,[2 6],8,10,11,2,8
1,<environment.Job instance at 0x148621acf140>,0,2,[6 1],1,2,4,1,2
1,<environment.Job instance at 0x148621b00370>,2,3,[1 8],3,3,6,0,3
1,<environment.Job instance at 0x148621acf050>,3,3,[1 8],4,6,9,2,4
1,<environment.Job instance at 0x148622d137d0>,4,2,[8 1],7,7,9,0,7
1,<environment.Job instance at 0x148621acffa0>,1,13,[2 8],2,9,22,7,7
1,<environment.Job instance at 0x1486290ef320>,0,1,[2 5],1,2,3,1,2
1,<environment.Job instance at 0x14862bc03820>,3,3,[6 2],6,6,9,0,6
1,<environment.Job instance at 0x148626e89960>,5,3,[6 1],9,9,12,0,9
1,<environment.Job instance at 0x148622ed7fa0>,0,2,[8 1],1,1,3,0,1
1,<environment.Job instance at 0x148625ca8820>,2,2,[2 8],4,6,8,2,6
1,<environment.Job instance at 0x1486230f20a0>,3,1,[2 7],5,8,9,3,6
1,<environment.Job instance at 0x14862960acd0>,5,2,[2 7],7,9,11,2,7
1,<environment.Job instance at 0x148622479eb0>,0,3,[9 2],1,1,4,0,1
1,<environment.Job instance at 0x14862a71f5f0>,2,1,[2 7],3,4,5,1,4
1,<environment.Job instance at 0x14862a71f730>,4,2,[1 8],5,5,7,0,5
1,<environment.Job instance at 0x148626edb320>,5,3,[10  2],8,8,11,0,8
1,<environment.Job instance at 0x14862bac4d70>,1,3,[1 9],2,2,5,0,2
1,<environment.Job instance at 0x148623721e10>,4,2,[7 2],5,5,7,0,5
1,<environment.Job instance at 0x148625edf780>,5,3,[9 2],6,7,10,1,6
1,<environment.Job instance at 0x14862509c960>,2,3,[1 8],3,3,6,0,3
1,<environment.Job instance at 0x14861f0adfa0>,3,3,[1 8],4,6,9,2,4
1,<environment.Job instance at 0x14862509c500>,5,2,[ 1 10],8,9,11,1,9
1,<environment.Job instance at 0x148628ae80a0>,2,2,[10  1],5,5,7,0,5
1,<environment.Job instance at 0x14861f0ad370>,3,3,[6 2],6,7,10,1,6
1,<environment.Job instance at 0x1486236f4c30>,5,3,[6 1],9,10,13,1,9
1,<environment.Job instance at 0x1486258e4d70>,0,2,[8 1],1,1,3,0,1
1,<environment.Job instance at 0x148625fd6370>,1,12,[ 1 10],2,3,15,1,2
1,<environment.Job instance at 0x14862c357c80>,0,3,[9 2],1,1,4,0,1
1,<environment.Job instance at 0x14862607d140>,4,2,[1 8],5,5,7,0,5
1,<environment.Job instance at 0x1486231d9aa0>,5,3,[10  2],8,8,11,0,8
1,<environment.Job instance at 0x148622722f00>,1,3,[1 9],2,2,5,0,2
1,<environment.Job instance at 0x1486227225a0>,3,1,[6 2],4,5,6,1,4
1,<environment.Job instance at 0x14861f40f140>,4,2,[7 2],5,6,8,1,5
1,<environment.Job instance at 0x14861f40fb40>,5,3,[9 2],6,8,11,2,6
1,<environment.Job instance at 0x14861f40f4b0>,7,1,[2 6],8,11,12,3,9
1,<environment.Job instance at 0x148625584550>,8,13,[6 1],9,11,24,2,9
1,<environment.Job instance at 0x1486256819b0>,3,3,[1 8],4,4,7,0,4
1,<environment.Job instance at 0x148623e10140>,4,2,[8 1],7,7,9,0,7
1,<environment.Job instance at 0x148625681d20>,5,2,[ 1 10],8,10,12,2,10
1,<environment.Job instance at 0x14862a7e59b0>,0,1,[2 5],1,4,5,3,4
1,<environment.Job instance at 0x148625681d20>,2,2,[10  1],5,6,8,1,6
1,<environment.Job instance at 0x14862244b460>,3,3,[6 2],6,8,11,2,6
1,<environment.Job instance at 0x1486252c9640>,5,3,[6 1],9,11,14,2,9
1,<environment.Job instance at 0x1486240a5960>,2,2,[2 8],4,4,6,0,4
1,<environment.Job instance at 0x148626aea460>,4,2,[2 7],6,6,8,0,6
1,<environment.Job instance at 0x148626aea320>,5,2,[2 7],7,8,10,1,7
1,<environment.Job instance at 0x14862400c2d0>,0,3,[9 2],1,1,4,0,1
1,<environment.Job instance at 0x148626319690>,2,1,[2 7],3,4,5,1,4
1,<environment.Job instance at 0x148624a9d8c0>,4,2,[1 8],5,5,7,0,5
1,<environment.Job instance at 0x1486246d8a00>,5,3,[10  2],8,8,11,0,8
1,<environment.Job instance at 0x14862780e9b0>,3,1,[6 2],4,4,5,0,4
1,<environment.Job instance at 0x1486215dc960>,4,2,[7 2],5,5,7,0,5
1,<environment.Job instance at 0x1486215dcdc0>,5,3,[9 2],6,7,10,1,6
1,<environment.Job instance at 0x1486215dcc30>,2,3,[1 8],3,3,6,0,3
1,<environment.Job instance at 0x14862648cdc0>,3,3,[1 8],4,6,9,2,4
1,<environment.Job instance at 0x14862d160e60>,4,2,[2 7],6,6,8,0,6
1,<environment.Job instance at 0x148628687230>,1,3,[1 9],2,2,5,0,2
1,<environment.Job instance at 0x14861ee98140>,5,3,[9 2],6,6,9,0,6
1,<environment.Job instance at 0x1486242ce9b0>,2,3,[1 8],3,3,6,0,3
1,<environment.Job instance at 0x14861ffe28c0>,3,3,[1 8],4,6,9,2,4
1,<environment.Job instance at 0x148626a9abe0>,4,2,[2 7],6,6,8,0,6
