iteration,job object,job ID,job Length,job ressource requirement,job enter time,job start time,job finish time,job waiting time,current time
1,<environment.Job instance at 0x15502bf11370>,7,1,[2 6],8,32,33,24,32
1,<environment.Job instance at 0x155082e79460>,6,18,[8 1],7,42,60,35,42
1,<environment.Job instance at 0x15502bf11280>,2,3,[ 1 14],3,35,38,32,35
1,<environment.Job instance at 0x15502e6241e0>,5,3,[6 1],7,7,10,0,7
1,<environment.Job instance at 0x15502e624a50>,6,1,[2 7],8,8,9,0,8
1,<environment.Job instance at 0x15503496daa0>,1,27,[13  1],2,10,37,8,9
1,<environment.Job instance at 0x15502e624dc0>,7,2,[8 1],9,37,39,28,10
1,<environment.Job instance at 0x15503496dbe0>,2,1,[ 2 10],3,15,16,12,15
1,<environment.Job instance at 0x15502e624190>,3,13,[6 2],4,44,57,40,44
1,<environment.Job instance at 0x15502e6242d0>,4,2,[ 1 13],5,768,770,763,768
1,<environment.Job instance at 0x15502b626e60>,5,1,[8 1],9,9,10,0,9
1,<environment.Job instance at 0x15502b626f00>,3,25,[10  2],6,13,38,7,13
1,<environment.Job instance at 0x15502eafa230>,1,15,[11  1],2,338,353,336,338
1,<environment.Job instance at 0x15502eafa320>,2,24,[ 1 14],3,374,398,371,374
1,<environment.Job instance at 0x15502b626c30>,4,2,[ 1 10],8,423,425,415,423
1,<environment.Job instance at 0x15502b824c30>,4,3,[1 8],6,7,10,1,7
1,<environment.Job instance at 0x15502b78ed70>,5,3,[2 8],8,10,13,2,8
1,<environment.Job instance at 0x15502b78e730>,6,26,[ 1 14],9,13,39,4,10
1,<environment.Job instance at 0x15502b623050>,2,1,[10  1],4,23,24,19,23
1,<environment.Job instance at 0x15502b623500>,0,2,[12  2],1,39,41,38,29
1,<environment.Job instance at 0x15502b623370>,1,18,[12  2],2,156,174,154,156
1,<environment.Job instance at 0x15502b824320>,3,21,[7 2],5,209,230,204,209
1,<environment.Job instance at 0x15502b5ef870>,2,26,[1 7],4,5,31,1,5
1,<environment.Job instance at 0x15502b6fac30>,3,17,[14  2],8,210,227,202,210
1,<environment.Job instance at 0x155036937f50>,1,23,[ 1 13],2,6,29,4,6
1,<environment.Job instance at 0x15502bd989b0>,2,21,[ 1 14],4,8,29,4,8
1,<environment.Job instance at 0x15502bd98320>,5,18,[12  1],7,9,27,2,9
1,<environment.Job instance at 0x15502bd98690>,0,1,[ 1 11],2,29,30,27,9
1,<environment.Job instance at 0x15502bd98820>,4,23,[1 6],6,30,53,24,24
1,<environment.Job instance at 0x15502bd988c0>,1,17,[8 1],3,65,82,62,65
1,<environment.Job instance at 0x15502bd98780>,1,27,[2 5],3,4,31,1,4
1,<environment.Job instance at 0x1550600f9b90>,5,3,[ 2 10],7,7,10,0,7
1,<environment.Job instance at 0x1550600f92d0>,6,14,[2 8],9,10,24,1,9
1,<environment.Job instance at 0x15502bc78fa0>,2,12,[ 2 12],4,31,43,27,23
1,<environment.Job instance at 0x15502bc78370>,0,16,[ 1 11],1,46,62,45,46
1,<environment.Job instance at 0x15502bd981e0>,3,12,[12  2],5,201,213,196,201
1,<environment.Job instance at 0x15502bd98d70>,4,24,[7 2],6,269,293,263,269
1,<environment.Job instance at 0x15503012da00>,5,3,[13  2],8,11,14,3,11
1,<environment.Job instance at 0x15503012dc80>,6,14,[7 1],9,14,28,5,12
1,<environment.Job instance at 0x1550600db640>,1,3,[12  1],3,65,68,62,65
1,<environment.Job instance at 0x15503012d640>,3,14,[ 2 11],5,244,258,239,244
1,<environment.Job instance at 0x15502c904b90>,0,21,[ 2 12],1,3,24,2,3
1,<environment.Job instance at 0x1550369514b0>,6,2,[ 2 12],9,24,26,15,9
1,<environment.Job instance at 0x155031aa9fa0>,3,2,[ 1 12],5,26,28,21,24
1,<environment.Job instance at 0x155036951640>,5,20,[1 8],8,102,122,94,102
1,<environment.Job instance at 0x155036951550>,4,1,[13  2],7,273,274,266,273
1,<environment.Job instance at 0x15502fcc5e60>,3,2,[ 2 11],9,32,34,23,32
1,<environment.Job instance at 0x15502b9c9140>,2,2,[13  1],4,4,6,0,4
1,<environment.Job instance at 0x15502b9c9c80>,1,3,[ 2 11],3,6,9,3,6
1,<environment.Job instance at 0x15502b9c95a0>,3,17,[ 2 12],5,9,26,4,8
1,<environment.Job instance at 0x15502b9c93c0>,4,12,[ 1 10],6,1229,1241,1223,1229
1,<environment.Job instance at 0x15502fc026e0>,2,1,[ 2 14],5,5,6,0,5
1,<environment.Job instance at 0x15502fc02280>,3,1,[8 2],6,6,7,0,6
1,<environment.Job instance at 0x15502fc02b40>,0,1,[ 2 14],3,7,8,4,7
1,<environment.Job instance at 0x15502fc027d0>,5,18,[ 1 14],8,92,110,84,92
1,<environment.Job instance at 0x15502b64d370>,0,24,[ 1 12],2,3,27,1,3
1,<environment.Job instance at 0x1550600ac230>,5,19,[5 2],8,8,27,0,8
1,<environment.Job instance at 0x155035e6e960>,6,15,[11  2],9,64,79,55,64
1,<environment.Job instance at 0x1550600ac190>,1,3,[11  2],3,1141,1144,1138,1141
1,<environment.Job instance at 0x1550300f0780>,3,3,[12  1],6,6,9,0,6
1,<environment.Job instance at 0x15502e743d20>,4,1,[1 8],8,8,9,0,8
1,<environment.Job instance at 0x155035def8c0>,1,1,[ 1 13],2,9,10,7,8
1,<environment.Job instance at 0x15502e7439b0>,2,3,[11  1],5,989,992,984,989
1,<environment.Job instance at 0x15502bd53640>,1,21,[1 7],3,3,24,0,3
1,<environment.Job instance at 0x15502baa5af0>,6,12,[6 1],8,8,20,0,8
1,<environment.Job instance at 0x15502baa5cd0>,4,3,[1 9],6,125,128,119,125
1,<environment.Job instance at 0x15502baa5d70>,2,13,[ 1 14],4,172,185,168,172
1,<environment.Job instance at 0x15502baa5140>,5,2,[7 2],7,289,291,282,289
1,<environment.Job instance at 0x15502b6e6af0>,1,3,[5 2],4,6,9,2,6
1,<environment.Job instance at 0x15502b6e6b90>,4,2,[2 9],7,8,10,1,8
1,<environment.Job instance at 0x15502b6e6c30>,2,15,[2 7],5,10,25,5,9
1,<environment.Job instance at 0x15502b6e6320>,0,2,[ 2 12],3,25,27,22,15
1,<environment.Job instance at 0x15502b6e6be0>,5,17,[ 2 10],8,27,44,19,15
1,<environment.Job instance at 0x15502e6e2e60>,3,2,[ 2 12],6,1570,1572,1564,1570
1,<environment.Job instance at 0x155035e1fb90>,4,27,[1 7],5,8,35,3,8
1,<environment.Job instance at 0x155035e36690>,5,1,[2 9],6,37,38,31,37
1,<environment.Job instance at 0x155035e36b40>,3,3,[8 1],4,7,10,3,7
1,<environment.Job instance at 0x155035e29780>,5,3,[6 1],6,7,10,1,7
1,<environment.Job instance at 0x155035e29820>,7,22,[2 9],9,10,32,1,10
1,<environment.Job instance at 0x155035e36280>,1,12,[13  1],2,33,45,31,33
1,<environment.Job instance at 0x155035e29d20>,6,24,[12  1],7,45,69,38,42
1,<environment.Job instance at 0x155030173c30>,2,17,[7 1],4,8,25,4,8
1,<environment.Job instance at 0x1550301733c0>,4,16,[9 1],8,25,41,17,18
1,<environment.Job instance at 0x155030173cd0>,3,27,[ 2 12],5,371,398,366,371
1,<environment.Job instance at 0x15502b5b9500>,3,22,[1 6],7,7,29,0,7
1,<environment.Job instance at 0x15502ed6a550>,4,25,[11  2],8,29,54,21,29
1,<environment.Job instance at 0x15502fdc4cd0>,0,2,[14  1],2,9,11,7,9
1,<environment.Job instance at 0x15502fdc46e0>,2,1,[2 8],4,20,21,16,20
1,<environment.Job instance at 0x15502fdc4780>,4,2,[7 2],9,216,218,207,216
1,<environment.Job instance at 0x155035f55640>,2,23,[7 2],3,4,27,1,4
1,<environment.Job instance at 0x15502eaf24b0>,5,14,[6 1],7,7,21,0,7
1,<environment.Job instance at 0x15502eaf2eb0>,6,15,[2 8],8,8,23,0,8
1,<environment.Job instance at 0x15502eaf29b0>,7,16,[1 7],9,23,39,14,10
1,<environment.Job instance at 0x155035f55730>,0,14,[ 2 14],1,39,53,38,37
1,<environment.Job instance at 0x15502eaf20f0>,4,20,[ 2 12],6,82,102,76,82
1,<environment.Job instance at 0x1550368b04b0>,2,1,[1 5],3,6,7,3,6
1,<environment.Job instance at 0x15502c5fd0a0>,5,3,[ 1 13],6,7,10,1,6
1,<environment.Job instance at 0x15502c5fddc0>,4,3,[ 2 10],5,10,13,5,7
1,<environment.Job instance at 0x15502be83230>,1,2,[6 2],2,14,16,12,14
1,<environment.Job instance at 0x15502c5fda50>,6,3,[1 5],9,14,17,5,14
1,<environment.Job instance at 0x15502b9d3fa0>,0,13,[ 1 11],1,1233,1246,1232,1233
1,<environment.Job instance at 0x15502fcc4cd0>,7,1,[1 8],9,9,10,0,9
1,<environment.Job instance at 0x15502fcc4e10>,5,18,[14  1],7,15,33,8,15
1,<environment.Job instance at 0x15502b5e0a00>,3,2,[14  2],5,33,35,28,30
1,<environment.Job instance at 0x15502fcc4730>,6,27,[5 2],8,70,97,62,70
1,<environment.Job instance at 0x15502bf47e10>,5,27,[13  2],8,9,36,1,9
1,<environment.Job instance at 0x155036867dc0>,3,3,[13  1],9,167,170,158,167
1,<environment.Job instance at 0x15506009c780>,5,14,[8 1],8,10,24,2,10
1,<environment.Job instance at 0x15502ed8b870>,1,3,[ 2 12],3,111,114,108,111
1,<environment.Job instance at 0x15506009c050>,6,2,[ 1 10],9,114,116,105,111
1,<environment.Job instance at 0x15502fca7280>,0,21,[7 2],2,2,23,0,2
1,<environment.Job instance at 0x1550612a1410>,3,1,[6 1],5,9,10,4,9
1,<environment.Job instance at 0x155035ea3190>,1,13,[11  2],3,802,815,799,802
1,<environment.Job instance at 0x1550612a1fa0>,4,3,[5 1],6,880,883,874,880
1,<environment.Job instance at 0x1550600a5870>,0,27,[2 6],1,1,28,0,1
1,<environment.Job instance at 0x15503688a0f0>,2,13,[ 2 12],5,538,551,533,538
1,<environment.Job instance at 0x15502eae7c30>,4,2,[ 2 10],6,6,8,0,6
1,<environment.Job instance at 0x15502e73e870>,5,18,[11  2],7,7,25,0,7
1,<environment.Job instance at 0x15502e73e410>,6,26,[2 8],8,10,36,2,10
1,<environment.Job instance at 0x15502b567d20>,0,2,[13  1],2,25,27,23,21
1,<environment.Job instance at 0x15502e74d190>,1,2,[11  2],3,27,29,24,27
1,<environment.Job instance at 0x15502eae7e10>,2,23,[ 2 13],4,41,64,37,41
1,<environment.Job instance at 0x15502eae7a00>,3,18,[2 6],5,396,414,391,396
1,<environment.Job instance at 0x15503015be60>,3,13,[12  2],6,15,28,9,15
1,<environment.Job instance at 0x15506095d780>,5,16,[1 6],9,51,67,42,51
1,<environment.Job instance at 0x15503698e910>,1,15,[ 2 12],3,114,129,111,114
1,<environment.Job instance at 0x15502be457d0>,4,27,[10  2],7,8,35,1,8
1,<environment.Job instance at 0x15502be458c0>,5,3,[ 1 13],8,35,38,27,35
1,<environment.Job instance at 0x15502ecf6140>,0,25,[1 8],1,1,26,0,1
1,<environment.Job instance at 0x15502ecf6410>,5,1,[7 2],8,14,15,6,14
1,<environment.Job instance at 0x15502be458c0>,3,2,[ 1 12],5,26,28,21,16
1,<environment.Job instance at 0x155061692320>,4,1,[6 1],7,8,9,1,8
1,<environment.Job instance at 0x1550616921e0>,5,3,[8 1],8,8,11,0,8
1,<environment.Job instance at 0x15502ecf63c0>,6,18,[9 1],9,13,31,4,13
1,<environment.Job instance at 0x1550300a8640>,0,27,[12  2],2,45,72,43,45
1,<environment.Job instance at 0x155061692550>,3,22,[ 1 13],6,459,481,453,459
1,<environment.Job instance at 0x15502be6ff50>,3,3,[14  1],7,468,471,461,468
1,<environment.Job instance at 0x15502be6ffa0>,4,1,[13  2],8,674,675,666,674
1,<environment.Job instance at 0x15502eadcc30>,3,2,[7 2],6,12,14,6,12
1,<environment.Job instance at 0x15502eadc370>,6,14,[10  2],9,70,84,61,70
1,<environment.Job instance at 0x15502be6ffa0>,2,3,[ 1 11],5,125,128,120,125
1,<environment.Job instance at 0x15502eadca00>,5,2,[8 2],8,604,606,596,604
1,<environment.Job instance at 0x1550369432d0>,2,2,[ 2 11],7,10,12,3,10
1,<environment.Job instance at 0x15502ec0a2d0>,1,3,[ 1 12],6,41,44,35,41
1,<environment.Job instance at 0x15502fcf6b40>,0,2,[12  2],4,47,49,43,47
1,<environment.Job instance at 0x15502fcf6910>,3,14,[2 5],9,179,193,170,179
1,<environment.Job instance at 0x155036947c30>,5,1,[6 1],7,8,9,1,8
1,<environment.Job instance at 0x155035f2cfa0>,0,3,[ 2 14],1,8,11,7,8
1,<environment.Job instance at 0x155036947e60>,6,3,[7 2],8,11,14,3,8
1,<environment.Job instance at 0x15502fcf6910>,3,1,[2 9],5,20,21,15,20
1,<environment.Job instance at 0x15502e7f0eb0>,7,14,[ 1 14],9,51,65,42,51
1,<environment.Job instance at 0x155036947730>,4,3,[ 1 11],6,1295,1298,1289,1295
1,<environment.Job instance at 0x155036943820>,2,3,[12  2],4,1466,1469,1462,1466
1,<environment.Job instance at 0x15502e7815f0>,4,23,[2 6],8,77,100,69,77
1,<environment.Job instance at 0x15502e7812d0>,0,2,[14  2],1,105,107,104,105
1,<environment.Job instance at 0x15502d157780>,4,2,[ 1 11],7,7,9,0,7
1,<environment.Job instance at 0x1550369c7320>,0,2,[13  2],1,140,142,139,140
1,<environment.Job instance at 0x15502bd6aa50>,3,20,[8 2],4,4,24,0,4
1,<environment.Job instance at 0x15502e649a00>,6,2,[ 1 13],8,24,26,16,24
1,<environment.Job instance at 0x1550612e3af0>,0,2,[1 8],2,3,5,1,3
1,<environment.Job instance at 0x155060a10190>,4,1,[8 2],7,11,12,4,11
1,<environment.Job instance at 0x155060a10f50>,2,15,[14  2],5,204,219,199,204
1,<environment.Job instance at 0x155060a10e10>,5,14,[14  1],8,219,233,211,208
1,<environment.Job instance at 0x155030122230>,3,2,[ 1 13],6,10,12,4,10
1,<environment.Job instance at 0x1550600e6fa0>,6,3,[1 6],9,14,17,5,14
1,<environment.Job instance at 0x1550600e6370>,4,23,[1 5],7,19,42,12,19
1,<environment.Job instance at 0x155030122690>,5,18,[8 2],8,57,75,49,57
1,<environment.Job instance at 0x155060a10730>,2,3,[ 2 11],5,142,145,137,142
1,<environment.Job instance at 0x15502b6c60a0>,7,17,[2 9],8,10,27,2,10
1,<environment.Job instance at 0x15502b6c6050>,8,2,[13  1],9,10,12,1,10
1,<environment.Job instance at 0x15502db7e640>,5,2,[1 8],6,31,33,25,31
1,<environment.Job instance at 0x15502b6c6d20>,3,16,[ 2 14],4,76,92,72,76
1,<environment.Job instance at 0x15502b6c6d70>,6,26,[14  2],7,398,424,391,398
1,<environment.Job instance at 0x15502b6c6f00>,4,3,[12  1],5,1169,1172,1164,1169
1,<environment.Job instance at 0x15502b6c6c30>,0,23,[7 1],2,2,25,0,2
1,<environment.Job instance at 0x15502c673af0>,6,20,[2 9],9,9,29,0,9
1,<environment.Job instance at 0x15502e743320>,4,2,[ 2 11],7,29,31,22,10
1,<environment.Job instance at 0x15502c673eb0>,3,24,[5 2],6,31,55,25,31
1,<environment.Job instance at 0x15502c673c30>,0,2,[1 7],1,1,3,0,1
1,<environment.Job instance at 0x15502b9d96e0>,5,1,[2 9],8,9,10,1,9
1,<environment.Job instance at 0x15502b9d9050>,3,19,[ 2 11],5,15,34,10,15
1,<environment.Job instance at 0x15502c6734b0>,4,1,[ 1 11],7,34,35,27,24
1,<environment.Job instance at 0x15502b658f50>,4,2,[7 2],7,44,46,37,44
1,<environment.Job instance at 0x15502eb01f50>,2,25,[2 9],4,44,69,40,44
1,<environment.Job instance at 0x15502b6589b0>,6,2,[2 8],9,69,71,60,57
1,<environment.Job instance at 0x15502b6584b0>,5,20,[1 9],8,71,91,63,62
1,<environment.Job instance at 0x15502eb01140>,0,18,[11  1],1,91,109,90,91
1,<environment.Job instance at 0x15502b785a00>,0,1,[ 2 13],1,1,2,0,1
1,<environment.Job instance at 0x15502b8e6870>,2,27,[5 2],4,4,31,0,4
1,<environment.Job instance at 0x155030a1cc80>,4,23,[2 8],6,7,30,1,7
1,<environment.Job instance at 0x15502b405370>,2,1,[2 6],4,4,5,0,4
1,<environment.Job instance at 0x155034978460>,6,17,[11  1],9,1453,1470,1444,1453
1,<environment.Job instance at 0x15502fd96a00>,1,1,[ 1 14],2,3,4,1,3
1,<environment.Job instance at 0x1550612a0be0>,5,2,[12  2],6,16,18,10,16
1,<environment.Job instance at 0x15502fd96410>,6,16,[12  2],7,1914,1930,1907,1914
1,<environment.Job instance at 0x15502b76d1e0>,6,28,[14  2],8,9,37,1,9
1,<environment.Job instance at 0x15502c673410>,7,2,[6 1],9,37,39,28,13
1,<environment.Job instance at 0x15502b76d0a0>,4,14,[6 1],6,47,61,41,47
1,<environment.Job instance at 0x15506125c5f0>,2,13,[11  1],4,121,134,117,121
1,<environment.Job instance at 0x15506125caf0>,3,20,[ 1 14],5,244,264,239,244
1,<environment.Job instance at 0x15502b76dcd0>,5,1,[ 2 14],7,305,306,298,305
1,<environment.Job instance at 0x15502c5f9500>,1,1,[12  1],6,6,7,0,6
1,<environment.Job instance at 0x15502bd79500>,3,24,[9 1],9,14,38,5,14
1,<environment.Job instance at 0x15502bbd48c0>,4,18,[ 2 13],9,14,32,5,14
1,<environment.Job instance at 0x15502bbd4410>,0,20,[5 1],2,2,22,0,2
1,<environment.Job instance at 0x155035f09690>,5,21,[8 1],8,8,29,0,8
1,<environment.Job instance at 0x155035f09dc0>,4,13,[7 2],7,631,644,624,631
1,<environment.Job instance at 0x15502bca4410>,1,18,[1 5],2,2,20,0,2
1,<environment.Job instance at 0x1550369ca1e0>,0,28,[6 1],2,2,30,0,2
1,<environment.Job instance at 0x15502bcbe9b0>,2,28,[6 2],7,7,35,0,7
1,<environment.Job instance at 0x15502e649050>,3,2,[12  2],7,28,30,21,28
1,<environment.Job instance at 0x15502e649820>,4,26,[10  1],8,66,92,58,66
1,<environment.Job instance at 0x15502c6456e0>,0,27,[1 7],1,1,28,0,1
1,<environment.Job instance at 0x15502bb9d1e0>,6,2,[5 1],9,49,51,40,49
1,<environment.Job instance at 0x15502bb9d1e0>,2,15,[ 2 14],8,35,50,27,35
1,<environment.Job instance at 0x15502c8faa00>,3,26,[8 2],5,5,31,0,5
1,<environment.Job instance at 0x155036928280>,4,27,[ 2 10],8,15,42,7,15
1,<environment.Job instance at 0x15502be68280>,7,2,[7 2],8,43,45,35,43
1,<environment.Job instance at 0x15502bb3ca50>,1,2,[ 1 12],4,4,6,0,4
1,<environment.Job instance at 0x155035dca6e0>,5,23,[13  1],9,12,35,3,12
1,<environment.Job instance at 0x15502db96f00>,2,21,[2 7],3,3,24,0,3
1,<environment.Job instance at 0x155035dca6e0>,4,2,[ 2 14],5,24,26,19,22
1,<environment.Job instance at 0x15502d15c2d0>,0,27,[6 2],1,1,28,0,1
1,<environment.Job instance at 0x15502d15cfa0>,3,21,[7 2],4,6,27,2,6
1,<environment.Job instance at 0x15502bd3ad20>,2,3,[13  1],3,37,40,34,37
1,<environment.Job instance at 0x15502bde7320>,5,12,[2 6],8,38,50,30,38
1,<environment.Job instance at 0x15502d15c320>,4,14,[ 1 11],6,2937,2951,2931,2937
1,<environment.Job instance at 0x15502ed29190>,1,25,[8 1],4,4,29,0,4
1,<environment.Job instance at 0x15502b896d70>,5,3,[ 1 14],9,37,40,28,37
1,<environment.Job instance at 0x15502b284e60>,4,3,[1 5],6,8,11,2,8
1,<environment.Job instance at 0x15502d1291e0>,3,16,[ 1 11],5,79,95,74,79
1,<environment.Job instance at 0x15502d129500>,6,3,[11  2],9,846,849,837,846
1,<environment.Job instance at 0x15502d129500>,2,1,[ 1 12],5,53,54,48,53
1,<environment.Job instance at 0x1550369713c0>,6,28,[6 2],9,206,234,197,206
1,<environment.Job instance at 0x1550369714b0>,4,17,[ 2 11],7,892,909,885,892
1,<environment.Job instance at 0x1550609a9be0>,0,23,[12  1],2,4,27,2,4
1,<environment.Job instance at 0x1550609a9730>,3,1,[ 1 12],6,7,8,1,7
1,<environment.Job instance at 0x15502bc87690>,2,3,[ 2 13],5,32,35,27,32
1,<environment.Job instance at 0x15502bc87d20>,4,3,[8 2],7,190,193,183,190
1,<environment.Job instance at 0x15502ebc4640>,0,16,[ 2 12],1,4,20,3,4
1,<environment.Job instance at 0x155035e6c870>,4,28,[7 2],6,7,35,1,7
1,<environment.Job instance at 0x15502bc87d20>,6,2,[2 8],9,35,37,26,35
1,<environment.Job instance at 0x15502b715b90>,2,27,[5 2],4,4,31,0,4
1,<environment.Job instance at 0x15502b7155f0>,5,1,[10  2],8,23,24,15,23
1,<environment.Job instance at 0x15502b7154b0>,4,25,[9 1],6,37,62,31,37
1,<environment.Job instance at 0x155035ef07d0>,2,19,[9 1],3,3,22,0,3
1,<environment.Job instance at 0x155035f3c140>,7,2,[5 1],9,9,11,0,9
1,<environment.Job instance at 0x15502b2a3730>,5,15,[9 2],7,44,59,37,44
1,<environment.Job instance at 0x155035f3c190>,6,2,[5 2],8,111,113,103,111
1,<environment.Job instance at 0x155035f3c190>,2,1,[11  1],5,102,103,97,102
1,<environment.Job instance at 0x15502e639320>,6,17,[12  1],7,110,127,103,110
1,<environment.Job instance at 0x15502db95500>,2,13,[ 2 14],3,3,16,0,3
1,<environment.Job instance at 0x15502bf4a910>,3,16,[14  2],4,53,69,49,53
1,<environment.Job instance at 0x1550609b3aa0>,4,1,[1 8],6,9,10,3,9
1,<environment.Job instance at 0x1550368f7550>,2,28,[6 2],4,9,37,5,9
1,<environment.Job instance at 0x1550609b3af0>,5,2,[12  2],8,39,41,31,39
1,<environment.Job instance at 0x1550368f7820>,3,13,[ 2 13],5,412,425,407,412
1,<environment.Job instance at 0x15502b4b07d0>,7,3,[2 7],8,9,12,1,9
1,<environment.Job instance at 0x15502b4b0dc0>,8,1,[5 1],9,9,10,0,9
1,<environment.Job instance at 0x15502b4b05f0>,5,3,[6 1],6,21,24,15,21
1,<environment.Job instance at 0x15502b4b0e60>,4,25,[10  1],5,51,76,46,51
1,<environment.Job instance at 0x15502b4b0410>,6,1,[13  1],7,104,105,97,104
1,<environment.Job instance at 0x15502ba71d70>,7,2,[ 1 13],9,24,26,15,24
1,<environment.Job instance at 0x15502eb1c280>,4,23,[13  2],7,11,34,4,11
1,<environment.Job instance at 0x15502ebb5550>,7,1,[10  2],8,8,9,0,8
1,<environment.Job instance at 0x15502ebb5960>,5,2,[1 8],6,8,10,2,8
1,<environment.Job instance at 0x15502ebb58c0>,8,21,[ 1 12],9,38,59,29,38
1,<environment.Job instance at 0x15502ebb5e60>,6,17,[5 2],7,358,375,351,358
1,<environment.Job instance at 0x15502b5b7dc0>,0,23,[1 9],1,1,24,0,1
1,<environment.Job instance at 0x15502fe15af0>,1,2,[12  1],3,40,42,37,40
1,<environment.Job instance at 0x15502b2e1050>,3,15,[14  1],5,116,131,111,116
1,<environment.Job instance at 0x1550609bd050>,1,25,[1 6],2,2,27,0,2
1,<environment.Job instance at 0x15506012d2d0>,6,25,[6 1],7,7,32,0,7
1,<environment.Job instance at 0x15506012d320>,7,12,[5 2],9,9,21,0,9
1,<environment.Job instance at 0x15502bb1cc80>,4,2,[2 7],5,57,59,52,57
1,<environment.Job instance at 0x15502bb1cf00>,2,12,[ 1 13],3,343,355,340,343
1,<environment.Job instance at 0x155061317f00>,0,25,[10  1],3,3,28,0,3
1,<environment.Job instance at 0x15506096a820>,4,1,[14  2],7,28,29,21,8
1,<environment.Job instance at 0x15502bc76140>,2,16,[ 2 11],5,33,49,28,33
1,<environment.Job instance at 0x15502fc90cd0>,5,22,[2 5],9,49,71,40,44
1,<environment.Job instance at 0x15502b46e730>,1,26,[ 2 13],3,5,31,2,5
1,<environment.Job instance at 0x15502b72c780>,4,24,[12  1],7,27,51,20,27
1,<environment.Job instance at 0x15503698ceb0>,4,3,[9 2],6,7,10,1,7
1,<environment.Job instance at 0x15503698cd70>,6,2,[ 1 10],9,9,11,0,9
1,<environment.Job instance at 0x15502fc90f50>,0,2,[13  1],1,13,15,12,13
1,<environment.Job instance at 0x15503698ca00>,3,14,[9 1],5,509,523,504,509
1,<environment.Job instance at 0x15502bbc1f00>,1,21,[10  1],3,8,29,5,8
1,<environment.Job instance at 0x15502b5ba500>,2,17,[1 8],9,9,26,0,9
1,<environment.Job instance at 0x15502ebcde10>,0,22,[1 8],1,1,23,0,1
1,<environment.Job instance at 0x1550368fb6e0>,8,25,[ 1 10],9,9,34,0,9
1,<environment.Job instance at 0x1550368fb140>,5,13,[8 1],6,31,44,25,31
1,<environment.Job instance at 0x1550368fbdc0>,6,3,[11  2],7,44,47,37,38
1,<environment.Job instance at 0x1550368fbbe0>,7,2,[ 1 12],8,40,42,32,40
1,<environment.Job instance at 0x15502bf4a0a0>,2,19,[7 2],4,4,23,0,4
1,<environment.Job instance at 0x15502ecae280>,7,14,[13  1],9,23,37,14,10
1,<environment.Job instance at 0x15502ecaeb40>,5,2,[12  2],7,37,39,30,18
1,<environment.Job instance at 0x15502ecaeaf0>,4,23,[ 2 13],6,168,191,162,168
1,<environment.Job instance at 0x15502fe1caa0>,6,1,[ 1 10],8,43,44,35,43
1,<environment.Job instance at 0x15502fe1c410>,4,3,[11  2],6,118,121,112,118
1,<environment.Job instance at 0x15502fe1ca00>,5,16,[13  1],7,203,219,196,203
1,<environment.Job instance at 0x1550609dda00>,2,23,[2 6],6,9,32,3,9
1,<environment.Job instance at 0x15502e77e370>,0,21,[ 2 11],1,1,22,0,1
1,<environment.Job instance at 0x15502bb74eb0>,5,14,[2 8],7,22,36,15,9
1,<environment.Job instance at 0x15502e77e230>,1,21,[12  2],3,12,33,9,12
1,<environment.Job instance at 0x15502bb74320>,6,24,[2 6],8,33,57,25,30
1,<environment.Job instance at 0x15502bb745f0>,4,2,[13  1],6,204,206,198,204
1,<environment.Job instance at 0x155033307fa0>,4,26,[2 8],6,8,34,2,8
1,<environment.Job instance at 0x155033307be0>,5,1,[ 2 12],7,34,35,27,29
1,<environment.Job instance at 0x15502b73ddc0>,0,27,[ 2 12],4,6,33,2,6
1,<environment.Job instance at 0x155033307460>,2,13,[ 2 11],7,296,309,289,296
1,<environment.Job instance at 0x15502c5c05f0>,1,3,[11  1],6,521,524,515,521
1,<environment.Job instance at 0x15502bdc32d0>,0,16,[11  1],1,135,151,134,135
1,<environment.Job instance at 0x15502b4cf820>,2,1,[ 2 10],4,6,7,2,6
1,<environment.Job instance at 0x15502be928c0>,0,2,[13  2],1,40,42,39,40
1,<environment.Job instance at 0x15502be926e0>,3,19,[13  2],5,1325,1344,1320,1325
1,<environment.Job instance at 0x15502bbc1550>,5,3,[2 9],7,7,10,0,7
1,<environment.Job instance at 0x15502bbc1c80>,3,2,[1 9],5,10,12,5,9
1,<environment.Job instance at 0x15502bbc1460>,6,27,[8 2],8,9,36,1,9
1,<environment.Job instance at 0x15502bbc1be0>,1,13,[13  1],2,54,67,52,54
1,<environment.Job instance at 0x15502bbc1870>,2,27,[13  2],3,74,101,71,74
1,<environment.Job instance at 0x15502bbc17d0>,4,1,[12  1],6,101,102,95,93
1,<environment.Job instance at 0x15502b3f7dc0>,3,22,[ 1 12],4,10,32,6,10
1,<environment.Job instance at 0x15502b3f7140>,7,2,[1 7],8,32,34,24,10
1,<environment.Job instance at 0x15502b3f7910>,6,2,[12  2],7,855,857,848,855
1,<environment.Job instance at 0x15502b3f7eb0>,0,27,[7 1],3,3,30,0,3
1,<environment.Job instance at 0x15502b921320>,6,3,[5 2],9,9,12,0,9
1,<environment.Job instance at 0x15502b3f7910>,2,15,[ 1 13],5,25,40,20,25
1,<environment.Job instance at 0x1550369a9f50>,3,16,[11  2],6,330,346,324,330
1,<environment.Job instance at 0x15502b921780>,3,2,[ 2 14],4,5,7,1,5
1,<environment.Job instance at 0x15502b5033c0>,4,28,[7 1],6,8,36,2,8
1,<environment.Job instance at 0x15502b503d70>,5,2,[1 9],7,12,14,5,12
1,<environment.Job instance at 0x15502bda50a0>,2,2,[ 2 13],3,14,16,11,12
1,<environment.Job instance at 0x1550333276e0>,2,26,[ 1 14],5,8,34,3,8
1,<environment.Job instance at 0x1550300ca6e0>,3,2,[14  1],8,224,226,216,224
1,<environment.Job instance at 0x15502e808c80>,2,1,[ 2 10],4,5,6,1,5
1,<environment.Job instance at 0x15502e808550>,0,3,[ 2 13],2,46,49,44,46
1,<environment.Job instance at 0x15502bf485f0>,3,2,[2 8],5,135,137,130,135
1,<environment.Job instance at 0x15502e8082d0>,1,14,[ 2 12],3,249,263,246,249
1,<environment.Job instance at 0x15502b381cd0>,1,27,[14  1],2,2,29,0,2
1,<environment.Job instance at 0x15502b381370>,6,3,[13  2],7,29,32,22,7
1,<environment.Job instance at 0x15502b381460>,4,19,[ 2 14],5,32,51,27,27
1,<environment.Job instance at 0x15502b381c80>,5,27,[10  2],6,1125,1152,1119,1125
1,<environment.Job instance at 0x15502b3819b0>,2,1,[ 1 11],3,1291,1292,1288,1291
1,<environment.Job instance at 0x15502b370e60>,2,2,[14  1],4,4,6,0,4
1,<environment.Job instance at 0x15502b370460>,0,1,[ 2 13],1,6,7,5,4
1,<environment.Job instance at 0x15502b370280>,5,1,[2 6],8,8,9,0,8
1,<environment.Job instance at 0x15502b370d20>,1,3,[ 1 11],2,18,21,16,18
1,<environment.Job instance at 0x15502fc1ab90>,4,28,[ 1 12],6,18,46,12,18
1,<environment.Job instance at 0x15502be8e2d0>,5,1,[1 7],9,47,48,38,47
1,<environment.Job instance at 0x15502bf17820>,3,26,[2 7],5,5,31,0,5
1,<environment.Job instance at 0x155035e3e230>,6,1,[14  1],8,32,33,24,32
1,<environment.Job instance at 0x15502fcf1b90>,4,2,[13  1],6,53,55,47,53
1,<environment.Job instance at 0x155035e3e2d0>,7,18,[10  1],9,278,296,269,278
1,<environment.Job instance at 0x15502fdf86e0>,0,1,[ 2 12],1,1,2,0,1
1,<environment.Job instance at 0x15502b8600f0>,3,24,[7 1],4,4,28,0,4
1,<environment.Job instance at 0x15502b860af0>,6,16,[9 1],7,28,44,21,16
1,<environment.Job instance at 0x15502fdf85a0>,7,3,[14  2],8,873,876,865,873
1,<environment.Job instance at 0x15502b44db40>,2,1,[14  1],5,41,42,36,41
1,<environment.Job instance at 0x15502b38a910>,3,22,[5 2],5,38,60,33,38
1,<environment.Job instance at 0x15502b39b6e0>,4,3,[ 2 13],6,82,85,76,82
1,<environment.Job instance at 0x15502b44d820>,2,1,[12  1],3,86,87,83,86
1,<environment.Job instance at 0x15502b38aaa0>,5,3,[12  2],9,1645,1648,1636,1645
1,<environment.Job instance at 0x15502b3a0230>,1,28,[ 2 10],2,3,31,1,3
1,<environment.Job instance at 0x15502b2a4870>,4,2,[1 8],8,31,33,23,13
1,<environment.Job instance at 0x15502b38aaa0>,3,21,[9 2],7,25,46,18,25
1,<environment.Job instance at 0x15502ba74050>,2,1,[ 1 14],4,81,82,77,81
1,<environment.Job instance at 0x15502b2a4190>,5,26,[8 1],9,897,923,888,897
1,<environment.Job instance at 0x15502fce84b0>,3,17,[7 2],4,8,25,4,8
1,<environment.Job instance at 0x15502fce8f00>,5,2,[2 9],6,8,10,2,8
1,<environment.Job instance at 0x15502fce8190>,7,3,[7 2],9,31,34,22,31
1,<environment.Job instance at 0x15502b2a43c0>,1,27,[12  1],2,45,72,43,45
1,<environment.Job instance at 0x15502b2a4190>,2,21,[9 2],3,72,93,69,68
1,<environment.Job instance at 0x15502b2a4a00>,0,22,[5 1],3,3,25,0,3
1,<environment.Job instance at 0x15502b737280>,1,19,[2 8],5,5,24,0,5
1,<environment.Job instance at 0x15502b737410>,3,28,[14  1],9,35,63,26,35
1,<environment.Job instance at 0x15502be53460>,4,24,[1 8],5,8,32,3,8
1,<environment.Job instance at 0x15502be53640>,5,2,[11  2],6,8,10,2,8
1,<environment.Job instance at 0x15502b737f00>,2,15,[6 2],3,10,25,7,8
1,<environment.Job instance at 0x15502be53e60>,6,16,[2 7],7,25,41,18,13
1,<environment.Job instance at 0x15502b7374b0>,7,2,[1 8],9,43,45,34,43
1,<environment.Job instance at 0x15502b7376e0>,0,19,[13  2],1,79,98,78,79
1,<environment.Job instance at 0x15502be53870>,3,28,[11  2],4,289,317,285,289
1,<environment.Job instance at 0x15502fcf6be0>,7,1,[10  2],9,26,27,17,26
1,<environment.Job instance at 0x15502fcf6910>,3,24,[12  2],4,48,72,44,48
1,<environment.Job instance at 0x1550600db0f0>,4,1,[13  2],5,72,73,67,52
1,<environment.Job instance at 0x15502fcf6aa0>,5,28,[2 9],6,116,144,110,116
1,<environment.Job instance at 0x15502ea8e3c0>,2,24,[2 5],3,4,28,1,4
1,<environment.Job instance at 0x15502b680690>,7,2,[1 9],9,9,11,0,9
1,<environment.Job instance at 0x155036031910>,3,1,[11  2],4,35,36,31,35
1,<environment.Job instance at 0x15502b680370>,6,24,[10  2],7,97,121,90,97
1,<environment.Job instance at 0x15502dba4e60>,1,24,[5 1],2,2,26,0,2
1,<environment.Job instance at 0x15502b46e0a0>,2,28,[7 2],3,3,31,0,3
1,<environment.Job instance at 0x15502b295eb0>,0,15,[6 1],3,3,18,0,3
1,<environment.Job instance at 0x1550609b3050>,5,14,[9 1],8,8,22,0,8
1,<environment.Job instance at 0x1550609b3c30>,6,2,[12  2],9,22,24,13,9
1,<environment.Job instance at 0x1550609b38c0>,3,26,[6 2],6,24,50,18,24
1,<environment.Job instance at 0x15502b2950f0>,2,17,[8 1],5,68,85,63,68
1,<environment.Job instance at 0x15502b2953c0>,1,2,[13  1],4,147,149,143,147
1,<environment.Job instance at 0x1550609b3e10>,4,26,[1 8],7,160,186,153,160
1,<environment.Job instance at 0x15502c5a5b40>,2,13,[13  2],8,195,208,187,195
1,<environment.Job instance at 0x155031aac690>,0,14,[ 2 11],5,374,388,369,374
1,<environment.Job instance at 0x1550600190a0>,1,2,[2 9],2,2,4,0,2
1,<environment.Job instance at 0x155060019e60>,2,28,[ 2 11],3,5,33,2,5
1,<environment.Job instance at 0x1550301baf00>,7,17,[ 1 14],9,77,94,68,77
1,<environment.Job instance at 0x15506010c4b0>,1,3,[13  1],3,9,12,6,9
1,<environment.Job instance at 0x1550301baaa0>,3,2,[6 1],5,13,15,8,13
1,<environment.Job instance at 0x15502b8552d0>,4,12,[13  1],8,295,307,287,295
1,<environment.Job instance at 0x15502c58ae10>,5,3,[11  2],7,12,15,5,12
1,<environment.Job instance at 0x15502b769960>,3,1,[1 5],5,7,8,2,7
1,<environment.Job instance at 0x15502b769320>,5,24,[2 9],7,7,31,0,7
1,<environment.Job instance at 0x15502b769d20>,1,16,[ 1 11],2,151,167,149,151
1,<environment.Job instance at 0x15502b769a50>,4,2,[ 2 14],6,618,620,612,618
1,<environment.Job instance at 0x15502fc8eeb0>,1,1,[1 6],3,3,4,0,3
1,<environment.Job instance at 0x15502fc8ec30>,2,20,[ 2 12],5,6,26,1,6
1,<environment.Job instance at 0x15502b5ba460>,2,2,[12  1],3,4,6,1,4
1,<environment.Job instance at 0x15502e780640>,5,15,[11  1],6,23,38,17,23
1,<environment.Job instance at 0x15502e780190>,6,23,[2 6],7,35,58,28,35
1,<environment.Job instance at 0x1550619af460>,3,26,[5 2],4,50,76,46,50
1,<environment.Job instance at 0x15502e7807d0>,7,3,[12  1],8,2741,2744,2733,2741
1,<environment.Job instance at 0x15502b76c820>,4,3,[9 1],8,9,12,1,9
1,<environment.Job instance at 0x1550600ac7d0>,2,24,[ 1 14],6,24,48,18,24
1,<environment.Job instance at 0x15502b76cb40>,3,1,[13  2],7,51,52,44,51
1,<environment.Job instance at 0x15502e60dd20>,3,26,[5 2],5,6,32,1,6
1,<environment.Job instance at 0x15502b8db4b0>,6,3,[ 1 11],8,88,91,80,88
1,<environment.Job instance at 0x15502b7f6c80>,3,16,[ 2 12],4,5,21,1,5
1,<environment.Job instance at 0x15502b7f6460>,3,3,[2 7],5,14,17,9,14
1,<environment.Job instance at 0x1550369a5230>,5,22,[2 9],9,17,39,8,14
1,<environment.Job instance at 0x1550369a52d0>,4,21,[10  2],8,25,46,17,25
1,<environment.Job instance at 0x1550600939b0>,0,1,[ 1 12],1,114,115,113,114
1,<environment.Job instance at 0x1550300c5280>,3,2,[6 1],9,42,44,33,42
1,<environment.Job instance at 0x15502be689b0>,1,14,[ 2 11],3,98,112,95,98
1,<environment.Job instance at 0x15502bde4be0>,5,20,[9 1],7,7,27,0,7
1,<environment.Job instance at 0x15502bde4a50>,6,3,[11  1],9,267,270,258,267
1,<environment.Job instance at 0x1550368da370>,3,2,[6 2],4,14,16,10,14
1,<environment.Job instance at 0x1550368da1e0>,0,1,[12  2],1,26,27,25,26
1,<environment.Job instance at 0x155030151320>,3,22,[7 1],9,9,31,0,9
1,<environment.Job instance at 0x15502c5b9370>,4,1,[7 2],6,11,12,5,11
1,<environment.Job instance at 0x15502c5b9a50>,6,18,[ 1 12],9,12,30,3,12
1,<environment.Job instance at 0x155030151dc0>,0,3,[12  2],2,18,21,16,18
1,<environment.Job instance at 0x15502c5b9e60>,5,17,[13  2],8,237,254,229,237
1,<environment.Job instance at 0x15502c5b9f00>,1,2,[ 2 11],3,3,5,0,3
1,<environment.Job instance at 0x15502beeabe0>,3,20,[ 1 12],8,29,49,21,29
1,<environment.Job instance at 0x155035eab140>,2,1,[5 2],3,4,5,1,4
1,<environment.Job instance at 0x155035eab410>,1,12,[ 1 14],2,36,48,34,36
1,<environment.Job instance at 0x155035eab7d0>,0,1,[ 1 13],1,269,270,268,269
1,<environment.Job instance at 0x15502e802af0>,2,20,[ 1 12],5,7,27,2,7
1,<environment.Job instance at 0x15502e802f50>,4,2,[1 7],7,27,29,20,8
1,<environment.Job instance at 0x15502c65c1e0>,6,1,[6 1],9,9,10,0,9
1,<environment.Job instance at 0x15502c65c460>,5,18,[10  2],8,31,49,23,31
1,<environment.Job instance at 0x15502e802690>,3,23,[9 2],6,67,90,61,67
1,<environment.Job instance at 0x15502e8020f0>,0,1,[11  1],3,93,94,90,93
1,<environment.Job instance at 0x155030082d70>,0,1,[1 5],1,1,2,0,1
1,<environment.Job instance at 0x155035e91a00>,3,28,[2 7],4,5,33,1,5
1,<environment.Job instance at 0x15502c68b960>,0,24,[2 7],4,4,28,0,4
1,<environment.Job instance at 0x15502fd9e280>,2,15,[7 1],6,13,28,7,13
1,<environment.Job instance at 0x15502c68bf00>,3,1,[1 8],7,28,29,21,28
1,<environment.Job instance at 0x15502fd9e140>,5,13,[1 9],9,133,146,124,133
1,<environment.Job instance at 0x15502dba3190>,2,17,[11  2],4,4,21,0,4
1,<environment.Job instance at 0x15502fd949b0>,1,16,[ 1 13],2,214,230,212,214
1,<environment.Job instance at 0x15502b8e6d70>,0,2,[ 2 14],1,2,4,1,2
1,<environment.Job instance at 0x15502fd32dc0>,3,18,[14  1],4,5,23,1,5
1,<environment.Job instance at 0x15502fd32af0>,7,2,[8 2],9,135,137,126,135
1,<environment.Job instance at 0x15502fd32500>,5,15,[14  2],6,331,346,325,331
1,<environment.Job instance at 0x15502fd32410>,6,1,[12  1],7,513,514,506,513
1,<environment.Job instance at 0x15502c66fe60>,4,17,[12  1],7,17,34,10,17
1,<environment.Job instance at 0x15502fd32550>,2,3,[ 2 13],3,51,54,48,51
1,<environment.Job instance at 0x15502ebe8f50>,5,2,[ 1 13],6,7,9,1,7
1,<environment.Job instance at 0x15502ebe8f00>,6,28,[1 6],7,9,37,2,8
1,<environment.Job instance at 0x15502ebe8e60>,7,14,[ 2 10],8,37,51,29,22
1,<environment.Job instance at 0x15502ba55b90>,2,12,[12  1],3,51,63,48,51
1,<environment.Job instance at 0x15502ebe8e10>,3,13,[8 1],4,63,76,59,62
1,<environment.Job instance at 0x155030a3a1e0>,2,2,[11  1],3,727,729,724,727
1,<environment.Job instance at 0x15502ebe82d0>,5,23,[7 1],7,10,33,3,10
1,<environment.Job instance at 0x15502ebe8500>,2,21,[1 8],4,10,31,6,10
1,<environment.Job instance at 0x15502ea730f0>,6,2,[2 5],8,11,13,3,11
1,<environment.Job instance at 0x15502b99c140>,0,17,[ 1 14],1,232,249,231,232
1,<environment.Job instance at 0x15502bbd9550>,5,13,[1 7],8,8,21,0,8
1,<environment.Job instance at 0x15502bbd90a0>,6,16,[5 1],9,9,25,0,9
1,<environment.Job instance at 0x15502ea73be0>,2,3,[14  2],3,113,116,110,113
1,<environment.Job instance at 0x15502c68b820>,1,1,[13  1],2,401,402,399,401
1,<environment.Job instance at 0x15502b8f6f50>,3,22,[7 1],5,6,28,1,6
1,<environment.Job instance at 0x1550612302d0>,5,2,[9 1],7,28,30,21,8
1,<environment.Job instance at 0x155061230370>,6,2,[2 8],8,8,10,0,8
1,<environment.Job instance at 0x1550612304b0>,7,17,[11  2],9,30,47,21,25
1,<environment.Job instance at 0x15502e65b1e0>,1,3,[14  1],2,146,149,144,146
1,<environment.Job instance at 0x15502e65b370>,0,1,[11  2],1,153,154,152,153
1,<environment.Job instance at 0x15502ea73870>,4,18,[ 2 11],7,223,241,216,223
1,<environment.Job instance at 0x15502e7bfb40>,5,19,[5 2],6,13,32,7,13
1,<environment.Job instance at 0x15502e7bfd70>,7,3,[7 1],9,13,16,4,13
1,<environment.Job instance at 0x15502e7bfb90>,6,22,[8 2],7,129,151,122,129
1,<environment.Job instance at 0x15502e7bf7d0>,3,18,[ 1 14],4,151,169,147,146
1,<environment.Job instance at 0x15502c63b050>,4,2,[13  1],5,510,512,505,510
1,<environment.Job instance at 0x15502eabc5a0>,6,22,[13  1],8,13,35,5,13
1,<environment.Job instance at 0x15502eabc960>,7,3,[12  1],9,978,981,969,978
1,<environment.Job instance at 0x15502b2f06e0>,2,1,[8 1],5,5,6,0,5
1,<environment.Job instance at 0x15502b2f0aa0>,1,1,[5 2],4,13,14,9,13
1,<environment.Job instance at 0x1550612a8910>,3,14,[ 1 12],7,217,231,210,217
1,<environment.Job instance at 0x1550612a8f50>,2,17,[11  2],6,15,32,9,15
1,<environment.Job instance at 0x155030a19280>,4,12,[6 1],6,6,18,0,6
1,<environment.Job instance at 0x155030a19dc0>,5,3,[2 8],7,8,11,1,8
1,<environment.Job instance at 0x1550612a85f0>,6,3,[6 2],8,9,12,1,9
1,<environment.Job instance at 0x155030a195f0>,7,3,[ 1 14],9,12,15,3,9
1,<environment.Job instance at 0x155030a19cd0>,2,19,[9 2],3,15,34,12,14
1,<environment.Job instance at 0x155030a19d70>,0,19,[ 2 14],1,34,53,33,25
1,<environment.Job instance at 0x155030a19c30>,3,1,[1 9],4,157,158,153,157
1,<environment.Job instance at 0x15502ba895a0>,1,1,[1 7],3,3,4,0,3
1,<environment.Job instance at 0x15502bca2910>,6,23,[7 2],9,11,34,2,11
1,<environment.Job instance at 0x15502bca27d0>,4,2,[ 1 11],7,35,37,28,35
1,<environment.Job instance at 0x15502bca23c0>,5,27,[14  1],8,71,98,63,71
1,<environment.Job instance at 0x15502b6323c0>,6,27,[7 1],8,42,69,34,42
1,<environment.Job instance at 0x15502bcd40f0>,5,3,[ 2 11],7,248,251,241,248
1,<environment.Job instance at 0x15502e802e10>,4,2,[2 8],7,42,44,35,42
1,<environment.Job instance at 0x15502c5c4af0>,1,3,[ 1 12],3,59,62,56,59
1,<environment.Job instance at 0x15502c5c4aa0>,3,3,[ 2 12],6,177,180,171,177
1,<environment.Job instance at 0x15502c5c4aa0>,2,3,[ 2 13],4,77,80,73,77
1,<environment.Job instance at 0x15502bd79cd0>,5,18,[ 1 14],8,94,112,86,94
1,<environment.Job instance at 0x15502bd79410>,6,17,[7 1],9,177,194,168,177
1,<environment.Job instance at 0x15502d157a00>,6,3,[1 6],8,18,21,10,18
1,<environment.Job instance at 0x15502d157e10>,7,3,[10  1],9,27,30,18,27
1,<environment.Job instance at 0x15502b535230>,3,26,[12  1],5,121,147,116,121
1,<environment.Job instance at 0x15502b535d20>,1,1,[14  2],2,534,535,532,534
1,<environment.Job instance at 0x15502d157820>,5,3,[12  2],7,2589,2592,2582,2589
1,<environment.Job instance at 0x15502b76c8c0>,0,22,[2 6],1,1,23,0,1
1,<environment.Job instance at 0x15502b65c780>,6,3,[ 1 13],8,62,65,54,62
1,<environment.Job instance at 0x15502b5bcb40>,3,20,[8 2],7,7,27,0,7
1,<environment.Job instance at 0x155030191c30>,4,1,[2 9],8,9,10,1,9
1,<environment.Job instance at 0x155030191690>,5,2,[2 5],9,9,11,0,9
1,<environment.Job instance at 0x15502bcfc9b0>,2,1,[7 2],4,12,13,8,12
1,<environment.Job instance at 0x15502bcfcaf0>,0,14,[12  1],1,244,258,243,244
1,<environment.Job instance at 0x15502bcfce10>,3,16,[13  1],5,423,439,418,423
1,<environment.Job instance at 0x155035ecdd20>,1,28,[ 1 11],2,2,30,0,2
1,<environment.Job instance at 0x15502e7d1320>,2,3,[ 1 11],5,20,23,15,20
1,<environment.Job instance at 0x15502e7d18c0>,6,24,[10  1],9,171,195,162,171
1,<environment.Job instance at 0x15502e7d13c0>,5,12,[ 2 14],8,943,955,935,943
1,<environment.Job instance at 0x155036000870>,3,22,[ 1 10],5,7,29,2,7
1,<environment.Job instance at 0x15502fc555a0>,5,23,[14  1],8,29,52,21,29
1,<environment.Job instance at 0x155030a1c550>,4,16,[6 1],7,9,25,2,9
1,<environment.Job instance at 0x15502ecbae60>,0,19,[5 2],1,1,20,0,1
1,<environment.Job instance at 0x1550801365a0>,2,25,[1 5],4,4,29,0,4
1,<environment.Job instance at 0x15502b4cb780>,5,28,[14  1],7,12,40,5,12
1,<environment.Job instance at 0x15502b323dc0>,2,25,[12  1],4,4,29,0,4
1,<environment.Job instance at 0x15502b323190>,4,3,[11  2],6,880,883,874,880
1,<environment.Job instance at 0x15502b323960>,0,21,[ 1 11],3,5,26,2,5
1,<environment.Job instance at 0x15502b323190>,5,14,[2 8],8,26,40,18,15
1,<environment.Job instance at 0x15502b8cd820>,1,2,[ 1 11],4,40,42,36,40
1,<environment.Job instance at 0x1550600f9c80>,2,16,[8 1],5,5,21,0,5
1,<environment.Job instance at 0x15502b761d70>,4,15,[13  2],7,163,178,156,163
1,<environment.Job instance at 0x15502b2d7960>,0,2,[ 1 13],1,2,4,1,2
1,<environment.Job instance at 0x15503007a640>,5,2,[1 8],8,11,13,3,11
1,<environment.Job instance at 0x15503007a2d0>,6,16,[1 6],9,14,30,5,14
1,<environment.Job instance at 0x15502b2d7be0>,4,18,[11  2],6,789,807,783,789
1,<environment.Job instance at 0x15502e756c80>,6,26,[ 1 10],8,8,34,0,8
1,<environment.Job instance at 0x15502e756f50>,7,19,[7 1],9,10,29,1,10
1,<environment.Job instance at 0x15502e7560f0>,4,2,[13  1],6,29,31,23,26
1,<environment.Job instance at 0x15502e756fa0>,2,3,[ 1 14],3,34,37,31,32
1,<environment.Job instance at 0x15502c5b9690>,0,2,[ 2 13],1,3,5,2,3
1,<environment.Job instance at 0x15502b5da190>,4,23,[1 5],6,6,29,0,6
1,<environment.Job instance at 0x15502b5dae10>,5,27,[9 1],7,15,42,8,15
1,<environment.Job instance at 0x15502bc0c550>,1,28,[1 7],4,4,32,0,4
1,<environment.Job instance at 0x15502b6f7500>,6,12,[6 2],9,10,22,1,10
1,<environment.Job instance at 0x15502b6f7320>,2,1,[12  1],5,53,54,48,53
1,<environment.Job instance at 0x15502b6f7690>,3,18,[14  2],6,255,273,249,255
1,<environment.Job instance at 0x15502b9846e0>,4,1,[7 2],7,8,9,1,8
1,<environment.Job instance at 0x15502b984eb0>,5,28,[ 2 14],8,9,37,1,8
1,<environment.Job instance at 0x15502b9840f0>,6,12,[9 1],9,15,27,6,15
1,<environment.Job instance at 0x15502bf1a2d0>,2,2,[5 2],4,52,54,48,52
1,<environment.Job instance at 0x15502bf1aaf0>,0,16,[14  2],2,69,85,67,69
1,<environment.Job instance at 0x15506126ffa0>,6,2,[8 1],8,21,23,13,21
1,<environment.Job instance at 0x15502b7ce5f0>,0,25,[2 5],1,1,26,0,1
1,<environment.Job instance at 0x15502b7ce960>,6,13,[8 1],7,40,53,33,40
1,<environment.Job instance at 0x15502b7cea00>,2,18,[ 2 11],3,117,135,114,117
1,<environment.Job instance at 0x15502b7ced20>,7,1,[12  1],8,117,118,109,117
1,<environment.Job instance at 0x15502b7ceeb0>,5,2,[ 1 13],6,2338,2340,2332,2338
1,<environment.Job instance at 0x15502b7dfe10>,3,28,[6 2],7,8,36,1,8
1,<environment.Job instance at 0x1550300d1c80>,4,15,[9 1],7,18,33,11,18
1,<environment.Job instance at 0x1550300d11e0>,5,27,[12  2],9,33,60,24,33
1,<environment.Job instance at 0x1550300d1f00>,2,1,[12  2],5,520,521,515,520
1,<environment.Job instance at 0x15502fd37b40>,0,2,[14  1],2,4,6,2,4
1,<environment.Job instance at 0x15502bde68c0>,4,1,[9 1],9,13,14,4,13
1,<environment.Job instance at 0x155061234c30>,3,2,[9 2],6,14,16,8,13
1,<environment.Job instance at 0x155061234370>,1,2,[12  2],4,51,53,47,51
1,<environment.Job instance at 0x1550600360f0>,1,2,[2 9],3,3,5,0,3
1,<environment.Job instance at 0x15502e832eb0>,4,2,[ 1 10],6,16,18,10,16
1,<environment.Job instance at 0x15502e832f00>,5,2,[ 1 11],8,98,100,90,98
1,<environment.Job instance at 0x15502e832410>,3,3,[13  1],5,493,496,488,493
1,<environment.Job instance at 0x15502b8f0b40>,1,25,[2 8],2,2,27,0,2
1,<environment.Job instance at 0x15502bb8f2d0>,2,12,[13  2],3,106,118,103,106
1,<environment.Job instance at 0x15502bb87f50>,6,28,[ 1 14],7,8,36,1,8
1,<environment.Job instance at 0x15502bb87e60>,2,16,[14  1],3,96,112,93,96
1,<environment.Job instance at 0x15502bb87730>,5,12,[10  1],6,2033,2045,2027,2033
1,<environment.Job instance at 0x155030082730>,0,24,[14  1],1,1,25,0,1
1,<environment.Job instance at 0x15502e649780>,5,21,[11  1],8,25,46,17,17
1,<environment.Job instance at 0x15502ecb9be0>,3,22,[2 7],5,5,27,0,5
1,<environment.Job instance at 0x15502c5dc5f0>,2,23,[9 1],4,4,27,0,4
1,<environment.Job instance at 0x15502c5dc5a0>,6,24,[1 5],8,10,34,2,10
1,<environment.Job instance at 0x15502c5dcf00>,7,1,[ 2 11],9,34,35,25,32
1,<environment.Job instance at 0x155035f8af00>,3,2,[10  1],6,18,20,12,18
1,<environment.Job instance at 0x15502c5dc190>,2,1,[13  1],5,20,21,15,20
1,<environment.Job instance at 0x15502bc021e0>,4,19,[6 2],7,22,41,15,22
1,<environment.Job instance at 0x15502bc020a0>,5,3,[6 2],8,283,286,275,283
1,<environment.Job instance at 0x155080145500>,4,20,[1 6],8,14,34,6,14
1,<environment.Job instance at 0x15502b52ca00>,0,25,[6 1],2,2,27,0,2
1,<environment.Job instance at 0x15502b52cd20>,4,28,[14  2],7,32,60,25,32
1,<environment.Job instance at 0x15502b52c640>,6,26,[10  2],9,152,178,143,152
1,<environment.Job instance at 0x15502b52c280>,2,15,[ 2 13],4,680,695,676,680
1,<environment.Job instance at 0x1550612a5f00>,0,25,[ 1 12],1,2,27,1,2
1,<environment.Job instance at 0x1550612a5c80>,2,25,[6 2],3,3,28,0,3
1,<environment.Job instance at 0x15502b52c280>,4,2,[ 1 14],6,28,30,22,28
1,<environment.Job instance at 0x15502b5b1fa0>,0,1,[ 2 13],1,1,2,0,1
1,<environment.Job instance at 0x15502ec68aa0>,4,2,[10  1],9,38,40,29,38
1,<environment.Job instance at 0x15502eaa4cd0>,5,28,[1 9],8,9,37,1,9
1,<environment.Job instance at 0x15502b748050>,4,14,[ 1 11],9,74,88,65,74
1,<environment.Job instance at 0x15502eab3b40>,4,1,[8 2],8,8,9,0,8
1,<environment.Job instance at 0x15502eab3f00>,5,2,[14  2],9,40,42,31,40
1,<environment.Job instance at 0x15503331c2d0>,2,1,[11  2],4,22,23,18,22
1,<environment.Job instance at 0x15502b9ad9b0>,4,17,[2 7],7,7,24,0,7
1,<environment.Job instance at 0x15503331c690>,5,15,[ 2 14],8,24,39,16,11
1,<environment.Job instance at 0x15503331c0a0>,6,2,[1 7],9,17,19,8,17
1,<environment.Job instance at 0x15502b87c870>,0,3,[14  2],1,627,630,626,627
1,<environment.Job instance at 0x15502eba82d0>,4,14,[7 1],8,88,102,80,88
1,<environment.Job instance at 0x15502b984960>,1,13,[14  1],2,139,152,137,139
1,<environment.Job instance at 0x15502ba897d0>,4,2,[2 6],9,91,93,82,91
1,<environment.Job instance at 0x15502ba89e60>,2,3,[8 2],7,102,105,95,102
1,<environment.Job instance at 0x15502b28a780>,0,17,[12  2],4,112,129,108,112
1,<environment.Job instance at 0x15502fe2dfa0>,3,1,[ 1 11],7,15,16,8,15
1,<environment.Job instance at 0x15502b3fe460>,0,20,[6 2],1,1,21,0,1
1,<environment.Job instance at 0x15502b3fe370>,2,3,[ 2 12],7,86,89,79,86
1,<environment.Job instance at 0x15502fc6e960>,1,20,[2 5],3,3,23,0,3
1,<environment.Job instance at 0x15502c8fb500>,4,28,[10  1],6,18,46,12,18
1,<environment.Job instance at 0x15502c8fbd70>,6,22,[14  2],9,53,75,44,53
1,<environment.Job instance at 0x15502c8fb4b0>,5,28,[8 1],7,381,409,374,381
1,<environment.Job instance at 0x15502ed8c0a0>,3,13,[ 1 13],5,1371,1384,1366,1371
1,<environment.Job instance at 0x15502c5dc6e0>,1,2,[ 2 11],2,3,5,1,3
1,<environment.Job instance at 0x15502c5dcd70>,5,15,[11  1],9,11,26,2,11
1,<environment.Job instance at 0x15502b3d4550>,3,1,[1 9],6,6,7,0,6
1,<environment.Job instance at 0x15502b8760a0>,2,3,[ 1 12],5,8,11,3,8
1,<environment.Job instance at 0x15502b9fd050>,0,1,[ 1 13],1,11,12,10,8
1,<environment.Job instance at 0x15502c5aea50>,5,27,[2 6],9,12,39,3,11
1,<environment.Job instance at 0x15502c5dcd70>,4,17,[6 2],8,38,55,30,38
1,<environment.Job instance at 0x15502e7b0780>,4,1,[ 2 13],7,10,11,3,10
1,<environment.Job instance at 0x15502c5aefa0>,3,1,[ 2 11],6,12,13,6,12
1,<environment.Job instance at 0x1550301e6370>,5,20,[ 2 12],8,724,744,716,724
1,<environment.Job instance at 0x15502fc740a0>,0,21,[ 2 11],1,3,24,2,3
1,<environment.Job instance at 0x15502fc1ac80>,0,26,[6 1],1,1,27,0,1
1,<environment.Job instance at 0x15502fc1a730>,3,23,[6 1],5,5,28,0,5
1,<environment.Job instance at 0x155035fe3730>,2,28,[11  1],6,10,38,4,10
1,<environment.Job instance at 0x15502b423eb0>,1,25,[ 2 12],3,3,28,0,3
1,<environment.Job instance at 0x15502ebd4d20>,6,3,[ 2 11],9,35,38,26,35
1,<environment.Job instance at 0x15502ebd41e0>,4,1,[ 2 13],7,38,39,31,38
1,<environment.Job instance at 0x1550300e5c80>,3,19,[2 9],4,5,24,1,5
1,<environment.Job instance at 0x15502b17a0f0>,6,2,[ 1 11],8,27,29,19,27
1,<environment.Job instance at 0x15502b17a370>,3,14,[ 1 12],5,101,115,96,101
1,<environment.Job instance at 0x15502bb03be0>,0,3,[13  2],1,7,10,6,7
1,<environment.Job instance at 0x15502be450a0>,4,3,[1 8],7,8,11,1,8
1,<environment.Job instance at 0x15502b17a1e0>,6,20,[12  2],9,10,30,1,10
1,<environment.Job instance at 0x15502be1cfa0>,2,19,[5 1],3,31,50,28,31
1,<environment.Job instance at 0x15502bb03aa0>,3,1,[5 2],5,167,168,162,167
1,<environment.Job instance at 0x15502be022d0>,1,1,[13  1],3,14,15,11,14
1,<environment.Job instance at 0x15502b3f90f0>,3,17,[14  2],6,15,32,9,15
1,<environment.Job instance at 0x15502b442e60>,5,14,[1 6],8,126,140,118,126
1,<environment.Job instance at 0x15502b442f00>,2,23,[1 5],6,6,29,0,6
1,<environment.Job instance at 0x15502baafcd0>,3,14,[ 2 13],8,70,84,62,70
1,<environment.Job instance at 0x15502ba14690>,4,27,[7 1],6,8,35,2,8
1,<environment.Job instance at 0x15502ba14c30>,6,2,[6 2],8,303,305,295,303
1,<environment.Job instance at 0x15502b8f04b0>,3,18,[ 2 14],4,2011,2029,2007,2011
1,<environment.Job instance at 0x15502c5a4280>,0,22,[ 1 10],1,1,23,0,1
1,<environment.Job instance at 0x15502b118aa0>,4,17,[14  2],7,22,39,15,22
1,<environment.Job instance at 0x15502b118b40>,3,3,[ 2 11],6,39,42,33,39
1,<environment.Job instance at 0x15502b118780>,5,14,[2 6],8,996,1010,988,996
1,<environment.Job instance at 0x15502d147820>,2,18,[8 1],4,4,22,0,4
1,<environment.Job instance at 0x15502b9f62d0>,6,3,[6 1],9,12,15,3,12
1,<environment.Job instance at 0x15502d147dc0>,4,1,[ 2 14],7,15,16,8,14
1,<environment.Job instance at 0x15502b9f6050>,0,21,[ 1 14],2,2,23,0,2
1,<environment.Job instance at 0x15503603e280>,5,2,[ 1 10],7,7,9,0,7
1,<environment.Job instance at 0x15503603e3c0>,3,17,[1 6],4,19,36,15,19
1,<environment.Job instance at 0x15503603e460>,1,1,[ 2 13],2,84,85,82,84
1,<environment.Job instance at 0x15502b6008c0>,0,17,[12  2],1,62,79,61,62
1,<environment.Job instance at 0x15502b120c80>,3,1,[2 6],6,25,26,19,25
1,<environment.Job instance at 0x1550300babe0>,1,17,[ 2 13],4,40,57,36,40
1,<environment.Job instance at 0x15502b120910>,5,1,[14  2],9,88,89,79,88
1,<environment.Job instance at 0x15502b655410>,4,3,[6 2],6,18,21,12,18
1,<environment.Job instance at 0x15502b655b40>,2,2,[13  1],4,112,114,108,112
1,<environment.Job instance at 0x15502b655780>,5,3,[14  1],8,2610,2613,2602,2610
1,<environment.Job instance at 0x1550613079b0>,2,17,[6 1],4,6,23,2,6
1,<environment.Job instance at 0x15502be263c0>,4,15,[5 2],6,6,21,0,6
1,<environment.Job instance at 0x15502be26e60>,6,2,[5 2],9,21,23,12,9
1,<environment.Job instance at 0x15502e668050>,1,15,[10  1],2,24,39,22,24
1,<environment.Job instance at 0x15502b397280>,3,21,[2 6],5,32,53,27,32
1,<environment.Job instance at 0x15502b1161e0>,5,19,[ 1 13],8,8,27,0,8
1,<environment.Job instance at 0x1550332f9d70>,6,28,[14  2],9,9,37,0,9
1,<environment.Job instance at 0x15502b7da0a0>,1,12,[11  2],2,127,139,125,127
1,<environment.Job instance at 0x15502b116eb0>,4,16,[7 1],7,206,222,199,206
1,<environment.Job instance at 0x15502ed054b0>,2,14,[ 2 14],4,252,266,248,252
1,<environment.Job instance at 0x15502ba3ee60>,2,27,[2 6],3,5,32,2,5
1,<environment.Job instance at 0x15502bdbde60>,5,23,[1 9],7,7,30,0,7
1,<environment.Job instance at 0x15502bdbd910>,6,23,[1 8],8,30,53,22,24
1,<environment.Job instance at 0x15502bdbdeb0>,4,25,[ 2 11],6,53,78,47,49
1,<environment.Job instance at 0x15502b4246e0>,0,1,[ 1 13],1,78,79,77,65
1,<environment.Job instance at 0x1550369378c0>,0,1,[ 1 10],1,6,7,5,6
1,<environment.Job instance at 0x15502b3ba9b0>,1,27,[8 2],3,136,163,133,136
1,<environment.Job instance at 0x15502b4240a0>,5,28,[12  2],9,609,637,600,609
1,<environment.Job instance at 0x1550300eca00>,3,3,[14  2],7,723,726,716,723
1,<environment.Job instance at 0x15502fc19af0>,2,28,[ 2 10],5,6,34,1,6
1,<environment.Job instance at 0x15502fc193c0>,3,16,[11  1],6,86,102,80,86
1,<environment.Job instance at 0x15502b878050>,4,2,[6 2],9,14,16,5,14
1,<environment.Job instance at 0x15502b878f50>,2,2,[ 2 14],6,19,21,13,19
1,<environment.Job instance at 0x15502b47f820>,0,17,[14  1],1,58,75,57,58
1,<environment.Job instance at 0x15502b47f550>,1,1,[ 2 10],3,75,76,72,58
1,<environment.Job instance at 0x15502bb0de60>,1,2,[ 1 11],5,6,8,1,6
1,<environment.Job instance at 0x15502db96cd0>,3,2,[5 2],7,7,9,0,7
1,<environment.Job instance at 0x15502bb0db40>,0,3,[ 2 14],4,69,72,65,69
1,<environment.Job instance at 0x15502b87af50>,4,24,[12  2],7,9,33,2,9
1,<environment.Job instance at 0x15502fc56640>,1,2,[7 1],2,41,43,39,41
1,<environment.Job instance at 0x15502b87a7d0>,2,27,[ 1 12],4,46,73,42,46
1,<environment.Job instance at 0x15502ebe5f00>,0,15,[11  2],1,258,273,257,258
1,<environment.Job instance at 0x15502b87a500>,3,28,[6 2],5,338,366,333,338
1,<environment.Job instance at 0x155036942d20>,5,3,[2 7],9,9,12,0,9
1,<environment.Job instance at 0x1550300f8f00>,3,15,[2 9],7,9,24,2,9
1,<environment.Job instance at 0x15502b95e3c0>,5,12,[13  1],9,10,22,1,10
1,<environment.Job instance at 0x155036942aa0>,1,1,[14  2],5,123,124,118,123
1,<environment.Job instance at 0x155036942d20>,4,1,[8 1],8,172,173,164,172
1,<environment.Job instance at 0x15502bf48050>,4,20,[9 1],6,9,29,3,9
1,<environment.Job instance at 0x15502bf485a0>,3,3,[13  1],5,42,45,37,42
1,<environment.Job instance at 0x1550349637d0>,0,2,[ 1 14],1,1,3,0,1
1,<environment.Job instance at 0x15502b5082d0>,5,22,[6 2],9,15,37,6,15
1,<environment.Job instance at 0x15502b508dc0>,3,3,[ 1 12],7,46,49,39,46
1,<environment.Job instance at 0x15502eab4af0>,2,28,[5 2],4,5,33,1,5
1,<environment.Job instance at 0x15502eab44b0>,3,19,[8 1],5,5,24,0,5
1,<environment.Job instance at 0x15502eab4eb0>,3,1,[14  1],6,9,10,3,9
1,<environment.Job instance at 0x155035fd7780>,5,19,[ 1 13],8,9,28,1,9
1,<environment.Job instance at 0x155035e195f0>,2,21,[6 2],5,33,54,28,33
1,<environment.Job instance at 0x155035e193c0>,1,12,[13  2],3,343,355,340,343
1,<environment.Job instance at 0x15502eab40f0>,4,25,[1 8],7,910,935,903,910
1,<environment.Job instance at 0x15502bbc6a50>,2,26,[2 8],3,3,29,0,3
1,<environment.Job instance at 0x155035fd75a0>,6,1,[9 1],7,55,56,48,55
1,<environment.Job instance at 0x155030104730>,5,24,[12  1],6,85,109,79,85
1,<environment.Job instance at 0x1550301043c0>,7,3,[ 2 12],8,119,122,111,119
1,<environment.Job instance at 0x155030104050>,8,12,[11  1],9,802,814,793,802
1,<environment.Job instance at 0x15502ecdf870>,3,28,[5 2],5,5,33,0,5
1,<environment.Job instance at 0x155030104050>,4,25,[7 2],7,11,36,4,11
1,<environment.Job instance at 0x155035ebff00>,2,16,[11  1],4,45,61,41,45
1,<environment.Job instance at 0x15502ecdfb40>,0,2,[ 2 14],1,69,71,68,69
1,<environment.Job instance at 0x15502e8462d0>,5,28,[2 7],8,187,215,179,187
1,<environment.Job instance at 0x15502b01f690>,1,24,[ 1 10],4,4,28,0,4
1,<environment.Job instance at 0x15502b4cb460>,2,1,[11  2],5,71,72,66,71
1,<environment.Job instance at 0x15502fca5820>,2,1,[2 6],4,5,6,1,5
1,<environment.Job instance at 0x15502fca56e0>,3,16,[12  2],6,7,23,1,7
1,<environment.Job instance at 0x15502b887eb0>,5,1,[7 2],8,23,24,15,9
1,<environment.Job instance at 0x15502b887d20>,6,12,[1 5],9,9,21,0,9
1,<environment.Job instance at 0x15502b4cb5a0>,0,19,[ 1 12],2,34,53,32,34
1,<environment.Job instance at 0x15502fca5870>,1,1,[ 2 12],3,53,54,50,34
1,<environment.Job instance at 0x15502ba64280>,2,2,[2 7],4,4,6,0,4
1,<environment.Job instance at 0x15502ba64690>,3,16,[13  2],6,54,70,48,54
1,<environment.Job instance at 0x15502ba64fa0>,5,2,[1 6],8,74,76,66,74
1,<environment.Job instance at 0x15502ba64f50>,6,2,[14  2],9,274,276,265,274
1,<environment.Job instance at 0x15502bca8140>,3,2,[1 5],8,75,77,67,75
1,<environment.Job instance at 0x15502b741550>,1,1,[12  1],5,75,76,70,75
1,<environment.Job instance at 0x15502bbc15f0>,3,3,[8 2],4,5,8,1,5
1,<environment.Job instance at 0x15502fd6f0a0>,8,27,[2 7],9,9,36,0,9
1,<environment.Job instance at 0x155033327e10>,6,28,[7 1],7,9,37,2,9
1,<environment.Job instance at 0x155033327910>,5,2,[9 2],6,37,39,31,34
1,<environment.Job instance at 0x155033327370>,4,3,[ 1 13],5,58,61,53,58
1,<environment.Job instance at 0x155033327050>,7,1,[1 6],8,110,111,102,110
1,<environment.Job instance at 0x1550301a7820>,5,25,[1 8],6,6,31,0,6
1,<environment.Job instance at 0x15503698e690>,6,3,[ 2 13],8,31,34,23,12
1,<environment.Job instance at 0x15503698eaa0>,7,28,[2 8],9,34,62,25,33
1,<environment.Job instance at 0x1550301a7b90>,1,3,[13  1],2,287,290,285,287
1,<environment.Job instance at 0x1550301a7cd0>,4,2,[8 1],5,325,327,320,325
1,<environment.Job instance at 0x155030086410>,0,21,[1 5],3,3,24,0,3
1,<environment.Job instance at 0x155030086be0>,1,22,[6 2],4,4,26,0,4
1,<environment.Job instance at 0x15502b0b79b0>,6,22,[13  1],9,26,48,17,23
1,<environment.Job instance at 0x15502b0b75a0>,4,2,[13  1],7,48,50,41,27
1,<environment.Job instance at 0x155030086690>,3,2,[ 1 12],6,55,57,49,55
1,<environment.Job instance at 0x15502b0b70f0>,5,3,[ 1 14],8,73,76,65,73
1,<environment.Job instance at 0x155035dde050>,2,25,[9 2],3,5,30,2,5
1,<environment.Job instance at 0x155035dde820>,0,18,[ 1 12],1,6,24,5,6
1,<environment.Job instance at 0x15502b0b75f0>,4,13,[11  1],6,30,43,24,18
1,<environment.Job instance at 0x15502b0b70f0>,6,19,[9 2],8,43,62,35,33
1,<environment.Job instance at 0x155035dde730>,3,3,[13  1],4,1951,1954,1947,1951
1,<environment.Job instance at 0x1550600ac730>,6,2,[8 2],8,8,10,0,8
1,<environment.Job instance at 0x1550600aca00>,7,3,[2 6],9,22,25,13,22
1,<environment.Job instance at 0x15502b223230>,3,19,[2 6],4,22,41,18,22
1,<environment.Job instance at 0x15502b223730>,1,15,[ 1 12],2,318,333,316,318
1,<environment.Job instance at 0x15502b46dd70>,5,25,[ 1 12],7,588,613,581,588
1,<environment.Job instance at 0x15502ead5320>,5,2,[5 1],8,13,15,5,13
1,<environment.Job instance at 0x15502b0644b0>,3,2,[2 7],6,32,34,26,32
1,<environment.Job instance at 0x1550332f95f0>,1,3,[ 1 11],2,59,62,57,59
1,<environment.Job instance at 0x15502b7ddd70>,5,15,[11  2],9,9,24,0,9
1,<environment.Job instance at 0x15502e7ea140>,2,18,[8 1],5,24,42,19,22
1,<environment.Job instance at 0x15502e7ea320>,3,2,[14  2],7,42,44,35,22
1,<environment.Job instance at 0x15502e7ea0a0>,1,25,[10  1],3,79,104,76,79
1,<environment.Job instance at 0x155035ff3a00>,3,24,[1 5],5,5,29,0,5
1,<environment.Job instance at 0x155035ff3140>,5,3,[10  2],8,18,21,10,18
1,<environment.Job instance at 0x15502ead53c0>,4,18,[ 1 12],7,199,217,192,199
1,<environment.Job instance at 0x155035ff32d0>,6,13,[9 1],9,211,224,202,211
1,<environment.Job instance at 0x15502bd79140>,4,26,[2 6],6,7,33,1,7
1,<environment.Job instance at 0x15502bd79370>,5,2,[ 2 11],7,33,35,26,32
1,<environment.Job instance at 0x15506008c280>,4,3,[ 2 12],6,7,10,1,7
1,<environment.Job instance at 0x15506008c780>,5,3,[8 1],7,7,10,0,7
1,<environment.Job instance at 0x15506008cd70>,6,1,[6 1],8,12,13,4,12
1,<environment.Job instance at 0x15506008c370>,7,3,[6 1],9,24,27,15,24
1,<environment.Job instance at 0x15502b08beb0>,2,13,[7 2],4,40,53,36,40
1,<environment.Job instance at 0x15502b08b460>,0,13,[ 2 11],2,374,387,372,374
1,<environment.Job instance at 0x15508013ac30>,3,25,[11  2],6,9,34,3,9
1,<environment.Job instance at 0x15502fdf3c30>,0,21,[13  1],1,1,22,0,1
1,<environment.Job instance at 0x1550300ba140>,4,24,[11  1],7,22,46,15,20
1,<environment.Job instance at 0x15502fc7d910>,0,2,[ 2 11],1,2,4,1,2
1,<environment.Job instance at 0x15502bc0edc0>,5,2,[5 1],7,8,10,1,8
1,<environment.Job instance at 0x15502bc0e6e0>,3,21,[13  1],5,10,31,5,10
1,<environment.Job instance at 0x15502bc0e3c0>,6,23,[1 6],8,23,46,15,23
1,<environment.Job instance at 0x15502bc0e5f0>,4,1,[12  1],6,93,94,87,93
1,<environment.Job instance at 0x15502c8df050>,0,27,[ 1 11],1,2,29,1,2
1,<environment.Job instance at 0x15502b140320>,2,20,[8 1],5,5,25,0,5
1,<environment.Job instance at 0x15502fc7d0a0>,1,13,[ 1 14],2,876,889,874,876
1,<environment.Job instance at 0x1550368c71e0>,3,2,[2 6],9,49,51,40,49
1,<environment.Job instance at 0x15502b888910>,1,1,[11  2],5,109,110,104,109
1,<environment.Job instance at 0x1550368c7eb0>,2,27,[11  1],6,150,177,144,150
1,<environment.Job instance at 0x15502b7c8410>,1,2,[ 2 13],2,5,7,3,5
1,<environment.Job instance at 0x15502ecef0f0>,4,2,[13  2],7,11,13,4,11
1,<environment.Job instance at 0x15502ecef820>,5,15,[12  2],8,1835,1850,1827,1835
1,<environment.Job instance at 0x15506008cf50>,0,16,[1 8],1,1,17,0,1
1,<environment.Job instance at 0x15502b9d9460>,1,3,[11  1],3,7,10,4,7
1,<environment.Job instance at 0x15506008cb40>,3,1,[11  2],6,11,12,5,11
1,<environment.Job instance at 0x15502ecefa50>,2,1,[ 2 11],5,17,18,12,11
1,<environment.Job instance at 0x15506008ce10>,4,22,[2 9],7,18,40,11,11
1,<environment.Job instance at 0x155030a3c8c0>,5,13,[7 1],7,8,21,1,8
1,<environment.Job instance at 0x155030a3ce60>,6,23,[ 2 12],9,12,35,3,12
1,<environment.Job instance at 0x1550600a31e0>,2,2,[ 1 13],4,35,37,31,13
1,<environment.Job instance at 0x1550600a3690>,1,16,[12  2],2,45,61,43,45
1,<environment.Job instance at 0x155030a3cb40>,4,23,[7 1],6,90,113,84,90
1,<environment.Job instance at 0x15502eb5f8c0>,5,13,[2 7],6,6,19,0,6
1,<environment.Job instance at 0x15502eb5f640>,6,2,[8 1],7,7,9,0,7
1,<environment.Job instance at 0x15502eb5f2d0>,7,2,[7 1],8,9,11,1,8
1,<environment.Job instance at 0x15502eb5f6e0>,8,3,[9 1],9,11,14,2,9
1,<environment.Job instance at 0x15502eb5f140>,4,1,[10  2],5,189,190,184,189
1,<environment.Job instance at 0x15502b07cb40>,2,1,[2 8],3,226,227,223,226
1,<environment.Job instance at 0x15502eb5feb0>,3,3,[ 2 13],4,999,1002,995,999
1,<environment.Job instance at 0x15502c5f9820>,1,3,[13  2],2,2713,2716,2711,2713
1,<environment.Job instance at 0x15502e6027d0>,1,25,[6 2],2,2,27,0,2
1,<environment.Job instance at 0x15502e602aa0>,6,15,[14  1],7,30,45,23,30
1,<environment.Job instance at 0x15502fceebe0>,1,22,[14  2],4,4,26,0,4
1,<environment.Job instance at 0x15502ed560a0>,1,22,[9 2],3,3,25,0,3
1,<environment.Job instance at 0x15502b9d81e0>,4,2,[13  1],6,37,39,31,37
1,<environment.Job instance at 0x15502b9d8320>,5,22,[ 1 11],8,62,84,54,62
1,<environment.Job instance at 0x15506170c1e0>,0,2,[ 2 10],1,1,3,0,1
1,<environment.Job instance at 0x15502c659cd0>,2,1,[2 7],4,4,5,0,4
1,<environment.Job instance at 0x155036958640>,3,15,[13  1],5,217,232,212,217
1,<environment.Job instance at 0x155036958640>,2,26,[ 1 14],7,10,36,3,10
1,<environment.Job instance at 0x15502b4b85f0>,4,19,[7 2],8,9,28,1,9
1,<environment.Job instance at 0x15502c5b9fa0>,2,1,[ 1 11],6,146,147,140,146
1,<environment.Job instance at 0x15506129e050>,2,24,[12  2],3,3,27,0,3
1,<environment.Job instance at 0x15506129eb40>,3,1,[ 1 12],7,9,10,2,9
1,<environment.Job instance at 0x15506129e550>,4,3,[10  1],9,27,30,18,9
1,<environment.Job instance at 0x15506129ef00>,0,3,[ 1 12],1,54,57,53,54
1,<environment.Job instance at 0x15502b3052d0>,1,18,[ 1 12],2,1289,1307,1287,1289
1,<environment.Job instance at 0x15502eac7960>,5,21,[ 1 13],8,50,71,42,50
1,<environment.Job instance at 0x15502ed917d0>,4,3,[14  2],7,45,48,38,45
1,<environment.Job instance at 0x15502ed91be0>,2,1,[11  1],3,66,67,63,66
1,<environment.Job instance at 0x15502bd519b0>,3,3,[12  1],4,772,775,768,772
1,<environment.Job instance at 0x15502ed915f0>,5,18,[7 1],9,804,822,795,804
1,<environment.Job instance at 0x15502ed91190>,3,2,[7 2],4,23,25,19,23
1,<environment.Job instance at 0x15502bbb6c30>,6,2,[ 1 10],8,24,26,16,24
1,<environment.Job instance at 0x15502b606190>,1,2,[14  2],2,256,258,254,256
1,<environment.Job instance at 0x15502bbb62d0>,4,2,[14  2],5,388,390,383,388
1,<environment.Job instance at 0x15502ed915f0>,5,1,[ 2 12],7,1920,1921,1913,1920
1,<environment.Job instance at 0x15502e8230a0>,2,3,[13  1],3,8,11,5,8
1,<environment.Job instance at 0x15502e823410>,4,14,[7 1],7,11,25,4,8
1,<environment.Job instance at 0x15502b56dd70>,0,27,[ 1 12],1,24,51,23,24
1,<environment.Job instance at 0x15502b56db40>,1,26,[14  2],2,36,62,34,36
1,<environment.Job instance at 0x1550609b3960>,5,14,[ 2 13],8,62,76,54,50
1,<environment.Job instance at 0x15502e823c80>,3,3,[2 7],6,211,214,205,211
1,<environment.Job instance at 0x155035f525a0>,6,12,[ 2 10],9,9,21,0,9
1,<environment.Job instance at 0x155035f52320>,4,3,[ 2 10],6,21,24,15,19
1,<environment.Job instance at 0x15502e823c80>,2,2,[ 1 14],4,31,33,27,31
1,<environment.Job instance at 0x155035f52d70>,3,2,[ 1 10],5,40,42,35,40
1,<environment.Job instance at 0x155035f52140>,5,19,[7 1],7,43,62,36,43
1,<environment.Job instance at 0x15502b9c3a50>,5,21,[2 7],7,7,28,0,7
1,<environment.Job instance at 0x15502b40cdc0>,7,23,[1 8],9,20,43,11,20
1,<environment.Job instance at 0x15502ec0cf50>,3,2,[ 2 11],4,10,12,6,10
1,<environment.Job instance at 0x15502ec0ce10>,7,20,[6 2],9,12,32,3,12
1,<environment.Job instance at 0x15502ec0cfa0>,5,3,[ 1 11],6,17,20,11,17
1,<environment.Job instance at 0x15502ec0cbe0>,6,3,[7 2],7,21,24,14,21
1,<environment.Job instance at 0x15502c5dccd0>,4,2,[ 1 12],5,29,31,24,29
1,<environment.Job instance at 0x15502b40c730>,3,3,[2 8],5,9,12,4,9
1,<environment.Job instance at 0x1550612e3c80>,5,1,[10  2],8,15,16,7,15
1,<environment.Job instance at 0x1550612e3460>,6,27,[12  1],9,16,43,7,16
1,<environment.Job instance at 0x1550612e3190>,2,24,[7 1],4,48,72,44,48
1,<environment.Job instance at 0x15502e825eb0>,1,19,[11  2],3,85,104,82,85
1,<environment.Job instance at 0x1550612e37d0>,4,16,[1 5],7,87,103,80,87
1,<environment.Job instance at 0x1550300d1460>,2,23,[8 2],3,4,27,1,4
1,<environment.Job instance at 0x1550300d10a0>,7,24,[2 5],8,9,33,1,9
1,<environment.Job instance at 0x1550300d18c0>,6,24,[10  2],7,27,51,20,22
1,<environment.Job instance at 0x1550300d19b0>,4,23,[13  1],5,85,108,80,85
1,<environment.Job instance at 0x1550300d1b90>,5,19,[ 2 11],6,184,203,178,184
1,<environment.Job instance at 0x15502b0f0320>,0,3,[11  1],1,535,538,534,535
1,<environment.Job instance at 0x15502ece5910>,1,26,[12  2],6,6,32,0,6
1,<environment.Job instance at 0x155035ee0960>,4,1,[1 5],9,10,11,1,10
1,<environment.Job instance at 0x155035ee0050>,2,2,[5 2],5,11,13,6,11
1,<environment.Job instance at 0x15502ba4b9b0>,0,28,[13  2],2,22,50,20,22
1,<environment.Job instance at 0x155035ee0e60>,3,23,[11  2],8,118,141,110,118
1,<environment.Job instance at 0x15502c6618c0>,1,1,[5 1],5,6,7,1,6
1,<environment.Job instance at 0x15502b5daaa0>,4,3,[ 2 14],5,8,11,3,8
1,<environment.Job instance at 0x155035dcecd0>,6,1,[9 1],8,18,19,10,18
1,<environment.Job instance at 0x15502e73cb90>,1,20,[5 2],4,4,24,0,4
1,<environment.Job instance at 0x15502e68d960>,4,25,[ 1 11],8,31,56,23,31
1,<environment.Job instance at 0x15502b15abe0>,0,25,[ 2 10],2,2,27,0,2
1,<environment.Job instance at 0x15502bf5b820>,0,26,[8 1],1,1,27,0,1
1,<environment.Job instance at 0x15502b7ca7d0>,5,2,[2 7],7,17,19,10,17
1,<environment.Job instance at 0x15502b7ca780>,3,24,[13  1],4,29,53,25,29
1,<environment.Job instance at 0x15502bf5bf50>,4,2,[ 2 13],6,40,42,34,40
1,<environment.Job instance at 0x15502b7caf00>,6,23,[14  1],9,241,264,232,241
1,<environment.Job instance at 0x15502c8fcdc0>,3,2,[11  1],6,182,184,176,182
1,<environment.Job instance at 0x155035fa80f0>,1,23,[ 1 11],2,4,27,2,4
1,<environment.Job instance at 0x15503698a8c0>,0,26,[12  1],1,1,27,0,1
1,<environment.Job instance at 0x15502eb64460>,6,2,[1 6],8,9,11,1,9
1,<environment.Job instance at 0x15502eb64be0>,7,3,[5 1],9,27,30,18,9
1,<environment.Job instance at 0x15502b2c88c0>,3,2,[8 1],4,62,64,58,62
1,<environment.Job instance at 0x15502b2c8550>,1,16,[12  2],2,82,98,80,82
1,<environment.Job instance at 0x1550612a8410>,0,2,[ 2 13],1,1,3,0,1
1,<environment.Job instance at 0x1550612a86e0>,2,22,[8 2],3,3,25,0,3
1,<environment.Job instance at 0x155035e0faf0>,7,3,[1 6],9,31,34,22,31
1,<environment.Job instance at 0x155035e0ff50>,5,19,[13  2],7,59,78,52,59
1,<environment.Job instance at 0x15502c636140>,4,14,[1 8],9,10,24,1,10
1,<environment.Job instance at 0x15502b8a8050>,2,25,[9 1],6,11,36,5,11
1,<environment.Job instance at 0x15502e5f5280>,0,25,[14  1],1,36,61,35,34
1,<environment.Job instance at 0x1550300a2780>,0,2,[ 1 12],1,1,3,0,1
1,<environment.Job instance at 0x1550300a2dc0>,2,18,[6 2],4,4,22,0,4
1,<environment.Job instance at 0x15502bdf9050>,6,16,[6 2],9,10,26,1,10
1,<environment.Job instance at 0x15502fcc5e60>,5,3,[5 2],7,7,10,0,7
1,<environment.Job instance at 0x15502fcc5c30>,6,27,[1 8],8,8,35,0,8
1,<environment.Job instance at 0x15502fcc5730>,7,3,[8 2],9,9,12,0,9
1,<environment.Job instance at 0x15502fcc5cd0>,3,22,[9 2],4,29,51,25,29
1,<environment.Job instance at 0x15502fd68d70>,1,12,[14  1],2,85,97,83,85
1,<environment.Job instance at 0x15502fcc5aa0>,4,2,[5 2],5,161,163,156,161
1,<environment.Job instance at 0x15502fd68550>,2,27,[ 2 14],3,190,217,187,190
1,<environment.Job instance at 0x15502b533d20>,1,20,[8 2],3,3,23,0,3
1,<environment.Job instance at 0x15502b4ffa00>,6,2,[2 9],9,9,11,0,9
1,<environment.Job instance at 0x15502b4ff8c0>,4,22,[11  2],6,23,45,17,17
1,<environment.Job instance at 0x15502b533e10>,3,23,[13  1],5,66,89,61,66
1,<environment.Job instance at 0x15502b4ff550>,5,22,[13  2],8,150,172,142,150
1,<environment.Job instance at 0x15502b9e3280>,3,21,[5 1],6,6,27,0,6
1,<environment.Job instance at 0x155061558820>,5,1,[11  2],8,75,76,67,75
1,<environment.Job instance at 0x155030178870>,1,2,[ 2 10],3,3,5,0,3
1,<environment.Job instance at 0x15502beb2e60>,2,3,[ 1 12],7,18,21,11,18
1,<environment.Job instance at 0x15502b308dc0>,0,24,[2 7],3,3,27,0,3
1,<environment.Job instance at 0x15502b308370>,1,26,[13  1],4,5,31,1,5
1,<environment.Job instance at 0x15502bb87e10>,3,16,[14  2],7,31,47,24,28
1,<environment.Job instance at 0x15502d135be0>,5,2,[6 2],9,47,49,38,30
1,<environment.Job instance at 0x15502bb87eb0>,2,3,[ 1 14],5,56,59,51,56
1,<environment.Job instance at 0x15502fe2c190>,1,22,[ 2 10],3,3,25,0,3
1,<environment.Job instance at 0x15502f3df2d0>,2,3,[ 2 13],7,27,30,20,27
1,<environment.Job instance at 0x15502fe2c550>,3,21,[ 2 11],9,85,106,76,85
1,<environment.Job instance at 0x1550300f0c80>,1,1,[12  1],2,62,63,60,62
1,<environment.Job instance at 0x15502c65b550>,4,3,[2 8],6,6,9,0,6
1,<environment.Job instance at 0x15502e68d2d0>,5,1,[2 8],8,9,10,1,8
1,<environment.Job instance at 0x15502c65bdc0>,6,19,[6 2],9,10,29,1,10
1,<environment.Job instance at 0x15502c65bc30>,0,2,[13  1],1,32,34,31,32
1,<environment.Job instance at 0x15502c65bd20>,1,21,[6 1],2,2,23,0,2
1,<environment.Job instance at 0x15502c657730>,2,2,[13  2],5,30,32,25,30
1,<environment.Job instance at 0x15502d134910>,3,2,[11  1],6,288,290,282,288
1,<environment.Job instance at 0x15502b08bcd0>,4,21,[11  1],7,9,30,2,9
1,<environment.Job instance at 0x15502b08b870>,5,27,[ 2 14],8,9,36,1,9
1,<environment.Job instance at 0x15502b08b4b0>,6,12,[1 8],9,36,48,27,19
1,<environment.Job instance at 0x15502b08bd70>,3,2,[12  2],6,44,46,38,44
1,<environment.Job instance at 0x15502b08bf50>,2,15,[10  2],5,46,61,41,44
1,<environment.Job instance at 0x15502b08b5f0>,0,3,[ 1 13],2,59,62,57,59
1,<environment.Job instance at 0x15502b769050>,0,26,[7 2],1,1,27,0,1
1,<environment.Job instance at 0x15502b9205f0>,5,18,[9 2],8,27,45,19,16
1,<environment.Job instance at 0x15502b9200a0>,3,19,[12  2],6,45,64,39,35
1,<environment.Job instance at 0x15502c649a50>,6,25,[8 1],9,64,89,55,60
1,<environment.Job instance at 0x15502b920050>,4,21,[8 2],7,96,117,89,96
1,<environment.Job instance at 0x15502fc59780>,4,18,[8 1],9,9,27,0,9
1,<environment.Job instance at 0x15502c649500>,2,1,[ 1 13],6,95,96,89,95
1,<environment.Job instance at 0x15502fc59870>,3,19,[14  2],8,158,177,150,158
1,<environment.Job instance at 0x155036916e60>,4,1,[ 2 10],6,6,7,0,6
1,<environment.Job instance at 0x15502b30b0f0>,2,26,[ 1 13],4,22,48,18,22
1,<environment.Job instance at 0x155036916550>,6,26,[9 2],9,41,67,32,41
1,<environment.Job instance at 0x15502fc1f960>,0,28,[7 1],1,1,29,0,1
1,<environment.Job instance at 0x15502fc1f780>,4,19,[ 1 11],6,22,41,16,22
1,<environment.Job instance at 0x15502be32780>,0,22,[6 1],1,1,23,0,1
1,<environment.Job instance at 0x15502be32e10>,5,28,[1 9],9,9,37,0,9
1,<environment.Job instance at 0x15502be32a50>,3,20,[5 2],7,33,53,26,33
1,<environment.Job instance at 0x15502be32d70>,4,20,[13  1],8,53,73,45,50
1,<environment.Job instance at 0x15502be32f00>,2,3,[ 1 14],6,85,88,79,85
1,<environment.Job instance at 0x15502b7a5a00>,2,28,[2 7],3,4,32,1,4
1,<environment.Job instance at 0x15502ed0f780>,4,3,[12  2],8,404,407,396,404
1,<environment.Job instance at 0x15502f3df730>,3,13,[14  2],5,36,49,31,36
1,<environment.Job instance at 0x1550368be960>,4,22,[7 2],6,49,71,43,43
1,<environment.Job instance at 0x15502f3df2d0>,5,26,[1 6],7,70,96,63,70
1,<environment.Job instance at 0x15502b194b90>,5,22,[6 1],9,10,32,1,10
1,<environment.Job instance at 0x15502b1940f0>,3,3,[12  2],7,51,54,44,51
1,<environment.Job instance at 0x15502b1949b0>,4,3,[ 1 12],8,590,593,582,590
1,<environment.Job instance at 0x155060046820>,3,27,[7 1],4,4,31,0,4
1,<environment.Job instance at 0x15502b059500>,4,1,[1 5],6,6,7,0,6
1,<environment.Job instance at 0x15502b0596e0>,5,13,[2 7],7,17,30,10,17
1,<environment.Job instance at 0x15502b059f00>,6,15,[ 1 14],8,30,45,22,17
1,<environment.Job instance at 0x15502b0599b0>,7,3,[1 5],9,17,20,8,17
1,<environment.Job instance at 0x155036971aa0>,2,14,[8 1],3,93,107,90,93
1,<environment.Job instance at 0x155036971820>,0,15,[11  1],1,229,244,228,229
1,<environment.Job instance at 0x1550369713c0>,1,27,[13  1],2,245,272,243,245
1,<environment.Job instance at 0x15502b0595a0>,3,3,[12  2],5,1797,1800,1792,1797
1,<environment.Job instance at 0x15503694b780>,3,24,[2 5],6,7,31,1,7
1,<environment.Job instance at 0x15502db8e460>,4,19,[ 2 13],7,106,125,99,106
1,<environment.Job instance at 0x155034959870>,6,15,[9 2],8,8,23,0,8
1,<environment.Job instance at 0x155034959eb0>,7,17,[5 1],9,9,26,0,9
1,<environment.Job instance at 0x15502b9a31e0>,2,1,[13  2],3,103,104,100,103
1,<environment.Job instance at 0x155034959230>,5,1,[7 2],6,130,131,124,130
1,<environment.Job instance at 0x155035dde7d0>,3,25,[9 2],5,7,32,2,7
1,<environment.Job instance at 0x15503330e190>,5,18,[12  2],8,88,106,80,88
1,<environment.Job instance at 0x15502bf75500>,4,1,[ 1 13],7,10,11,3,10
1,<environment.Job instance at 0x15502bf75c80>,5,1,[13  2],8,24,25,16,24
1,<environment.Job instance at 0x15502b9a7780>,0,13,[ 1 11],1,156,169,155,156
1,<environment.Job instance at 0x15502b9a7c30>,2,3,[13  2],5,181,184,176,181
1,<environment.Job instance at 0x15502bb20230>,0,19,[ 2 14],1,3,22,2,3
1,<environment.Job instance at 0x15502b1a3780>,5,1,[9 1],7,7,8,0,7
1,<environment.Job instance at 0x15502b1a3460>,3,22,[6 2],5,22,44,17,20
1,<environment.Job instance at 0x15502b1a3d70>,6,28,[ 2 13],9,22,50,13,21
1,<environment.Job instance at 0x15502bb20aa0>,2,2,[ 1 11],4,68,70,64,68
1,<environment.Job instance at 0x15503009d870>,1,24,[13  2],3,5,29,2,5
1,<environment.Job instance at 0x15503009d320>,3,2,[7 2],5,29,31,24,8
1,<environment.Job instance at 0x15502bf3d190>,6,2,[9 2],9,31,33,22,11
1,<environment.Job instance at 0x15502bf3ddc0>,4,2,[ 2 13],7,35,37,28,35
1,<environment.Job instance at 0x15502bf3d0a0>,5,1,[ 2 14],8,1368,1369,1360,1368
1,<environment.Job instance at 0x15502e6498c0>,2,18,[2 5],3,11,29,8,11
1,<environment.Job instance at 0x15502e649be0>,6,3,[8 2],8,11,14,3,11
1,<environment.Job instance at 0x15502bf3d0a0>,3,13,[14  1],4,32,45,28,32
1,<environment.Job instance at 0x15502e649f50>,4,12,[6 2],5,45,57,40,37
1,<environment.Job instance at 0x15502e649190>,5,17,[ 1 10],7,2208,2225,2201,2208
1,<environment.Job instance at 0x15502b7b2410>,3,15,[11  2],5,81,96,76,81
1,<environment.Job instance at 0x15502fe2daf0>,1,28,[12  1],2,4,32,2,4
1,<environment.Job instance at 0x15502b5068c0>,5,15,[7 1],9,32,47,23,30
1,<environment.Job instance at 0x1550609f4500>,4,3,[8 1],8,10,13,2,10
1,<environment.Job instance at 0x15502ea78640>,2,27,[ 1 12],3,10,37,7,10
1,<environment.Job instance at 0x15502bcff0a0>,0,21,[7 2],4,4,25,0,4
1,<environment.Job instance at 0x15502b56d0f0>,3,23,[10  2],8,26,49,18,26
1,<environment.Job instance at 0x15502bcff1e0>,1,1,[13  1],5,89,90,84,89
1,<environment.Job instance at 0x15502b56dd70>,4,20,[9 1],9,141,161,132,141
1,<environment.Job instance at 0x15502bf74820>,1,16,[6 2],2,3,19,1,3
1,<environment.Job instance at 0x15502bf74910>,5,1,[6 2],6,6,7,0,6
1,<environment.Job instance at 0x15502bf740a0>,6,17,[11  2],8,36,53,28,36
1,<environment.Job instance at 0x15502bf74a00>,2,25,[12  2],3,64,89,61,64
1,<environment.Job instance at 0x15502bf74370>,7,15,[5 2],9,614,629,605,614
1,<environment.Job instance at 0x15502e7cbbe0>,5,19,[8 1],8,9,28,1,9
1,<environment.Job instance at 0x15502e7cbaf0>,3,22,[2 6],5,9,31,4,9
1,<environment.Job instance at 0x15502fcc59b0>,1,1,[14  2],2,53,54,51,53
1,<environment.Job instance at 0x15502bf74370>,2,19,[ 1 12],4,104,123,100,104
1,<environment.Job instance at 0x15502b53dd70>,3,14,[ 2 12],8,454,468,446,454
1,<environment.Job instance at 0x1550369c2cd0>,5,3,[5 1],9,9,12,0,9
1,<environment.Job instance at 0x1550369c2500>,4,2,[1 8],8,12,14,4,12
1,<environment.Job instance at 0x1550600cb5a0>,0,2,[14  1],2,38,40,36,38
1,<environment.Job instance at 0x1550369c2f50>,2,15,[9 2],6,77,92,71,77
1,<environment.Job instance at 0x15502b4d9a00>,2,20,[12  1],6,6,26,0,6
1,<environment.Job instance at 0x15502e6f4640>,5,13,[5 2],9,26,39,17,10
1,<environment.Job instance at 0x1550369c25f0>,3,2,[ 1 10],7,34,36,27,34
1,<environment.Job instance at 0x1550615f2eb0>,0,18,[ 1 14],2,64,82,62,64
1,<environment.Job instance at 0x15502b4d9e60>,1,17,[13  1],3,294,311,291,294
1,<environment.Job instance at 0x1550369c2a00>,4,14,[7 1],8,480,494,472,480
1,<environment.Job instance at 0x1550368d67d0>,3,27,[9 1],7,17,44,10,17
1,<environment.Job instance at 0x15502b3eb140>,5,15,[8 2],9,68,83,59,68
1,<environment.Job instance at 0x155035f6b230>,0,1,[ 2 13],1,1,2,0,1
1,<environment.Job instance at 0x15502e797370>,4,1,[2 8],5,5,6,0,5
1,<environment.Job instance at 0x15502e797780>,7,3,[ 1 12],8,35,38,27,35
1,<environment.Job instance at 0x15502e797550>,8,2,[5 1],9,71,73,62,71
1,<environment.Job instance at 0x15502b3eb140>,6,15,[ 2 14],7,1443,1458,1436,1443
1,<environment.Job instance at 0x15502b3eb140>,2,20,[9 1],5,6,26,1,6
1,<environment.Job instance at 0x15502e7970f0>,3,3,[ 2 12],6,16,19,10,16
1,<environment.Job instance at 0x155036971550>,5,24,[10  1],9,26,50,17,21
1,<environment.Job instance at 0x15502be631e0>,0,21,[1 5],1,1,22,0,1
1,<environment.Job instance at 0x15502bf14fa0>,5,3,[9 1],8,8,11,0,8
1,<environment.Job instance at 0x15502bf14f00>,6,15,[1 9],9,9,24,0,9
1,<environment.Job instance at 0x15502b193c80>,3,1,[6 2],4,22,23,18,18
1,<environment.Job instance at 0x15502be63410>,4,20,[10  2],7,280,300,273,280
1,<environment.Job instance at 0x15502ebd4820>,1,20,[ 2 11],3,3,23,0,3
1,<environment.Job instance at 0x15502be63410>,2,22,[5 2],5,11,33,6,11
1,<environment.Job instance at 0x15502b7f6910>,4,1,[10  2],9,30,31,21,30
1,<environment.Job instance at 0x15506124a2d0>,6,15,[2 9],8,8,23,0,8
1,<environment.Job instance at 0x15506124a8c0>,7,2,[12  2],9,9,11,0,9
1,<environment.Job instance at 0x15506124a910>,4,2,[1 5],6,17,19,11,17
1,<environment.Job instance at 0x15502b9ce4b0>,3,24,[5 1],5,27,51,22,27
1,<environment.Job instance at 0x15506124a960>,5,16,[6 1],7,169,185,162,169
1,<environment.Job instance at 0x15506009f5f0>,1,24,[10  1],2,3,27,1,3
1,<environment.Job instance at 0x15502ba80230>,8,2,[ 2 10],9,14,16,5,14
1,<environment.Job instance at 0x15506009faf0>,3,2,[12  1],4,39,41,35,39
1,<environment.Job instance at 0x15502ba80410>,5,14,[ 2 12],6,2783,2797,2777,2783
1,<environment.Job instance at 0x15502ba48c80>,4,28,[6 2],8,8,36,0,8
1,<environment.Job instance at 0x15502b155870>,5,3,[11  1],9,36,39,27,10
1,<environment.Job instance at 0x155035fbd820>,1,18,[9 2],5,43,61,38,43
1,<environment.Job instance at 0x15502ba48be0>,2,1,[12  2],6,61,62,55,58
1,<environment.Job instance at 0x15502badc870>,0,1,[14  1],1,262,263,261,262
1,<environment.Job instance at 0x15502e69a230>,4,14,[5 2],9,20,34,11,20
1,<environment.Job instance at 0x155035e846e0>,0,14,[12  1],1,100,114,99,100
1,<environment.Job instance at 0x15502e69a870>,3,18,[5 1],4,114,132,110,104
1,<environment.Job instance at 0x15502b6f9fa0>,5,17,[2 7],8,9,26,1,9
1,<environment.Job instance at 0x15502b6f9e10>,6,15,[2 8],9,9,24,0,9
1,<environment.Job instance at 0x15502b5c1d70>,3,3,[11  1],6,33,36,27,33
1,<environment.Job instance at 0x15502b5c1780>,1,3,[14  2],2,76,79,74,76
1,<environment.Job instance at 0x15502e69a870>,2,18,[10  2],3,98,116,95,98
1,<environment.Job instance at 0x15502b5c1410>,4,22,[9 2],7,120,142,113,120
1,<environment.Job instance at 0x15502b3bce10>,3,16,[10  2],7,7,23,0,7
1,<environment.Job instance at 0x155030048690>,1,1,[12  1],3,41,42,38,41
1,<environment.Job instance at 0x15502b3bc0a0>,2,16,[ 1 14],4,150,166,146,150
1,<environment.Job instance at 0x155035f48410>,3,18,[5 1],6,6,24,0,6
1,<environment.Job instance at 0x15502b890550>,3,1,[ 2 12],4,5,6,1,5
1,<environment.Job instance at 0x15502b890aa0>,4,22,[8 2],6,6,28,0,6
1,<environment.Job instance at 0x15502b8907d0>,6,2,[ 2 12],8,26,28,18,26
1,<environment.Job instance at 0x1550369055a0>,1,1,[ 2 13],2,6,7,4,6
1,<environment.Job instance at 0x15502b433b40>,3,1,[10  2],5,23,24,18,23
1,<environment.Job instance at 0x15502b972690>,1,23,[2 7],2,2,25,0,2
1,<environment.Job instance at 0x15502b53d7d0>,6,2,[8 1],9,22,24,13,22
1,<environment.Job instance at 0x15502ea785f0>,0,21,[5 2],1,1,22,0,1
1,<environment.Job instance at 0x15502b53da00>,1,26,[1 8],2,2,28,0,2
1,<environment.Job instance at 0x15502ea5b5f0>,4,18,[ 1 11],6,77,95,71,77
1,<environment.Job instance at 0x15502b53d230>,3,17,[14  2],5,1196,1213,1191,1196
1,<environment.Job instance at 0x155061326d70>,0,27,[2 7],1,1,28,0,1
1,<environment.Job instance at 0x1550801b7780>,6,2,[ 2 11],9,28,30,19,9
1,<environment.Job instance at 0x1550801b7be0>,4,22,[5 2],7,18,40,11,18
1,<environment.Job instance at 0x15502fdc16e0>,7,26,[2 9],9,44,70,35,44
1,<environment.Job instance at 0x15502bb80140>,0,22,[ 1 10],1,1,23,0,1
1,<environment.Job instance at 0x15502bf3df00>,6,17,[1 5],9,11,28,2,11
1,<environment.Job instance at 0x15502bf3d0a0>,5,1,[2 6],8,63,64,55,63
1,<environment.Job instance at 0x15502e7696e0>,1,1,[12  1],3,260,261,257,260
1,<environment.Job instance at 0x155035f55d20>,2,12,[14  2],6,117,129,111,117
1,<environment.Job instance at 0x15502b2cecd0>,0,28,[1 5],2,2,30,0,2
1,<environment.Job instance at 0x15502c661dc0>,5,17,[14  2],9,110,127,101,110
1,<environment.Job instance at 0x15502eac0910>,0,16,[ 1 11],1,41,57,40,41
1,<environment.Job instance at 0x15502bc07a50>,1,1,[1 8],6,9,10,3,9
1,<environment.Job instance at 0x15502bc07230>,0,3,[ 2 11],3,36,39,33,36
1,<environment.Job instance at 0x155035ee8eb0>,5,25,[1 7],8,10,35,2,10
1,<environment.Job instance at 0x15502e7d6410>,4,2,[12  1],6,38,40,32,38
1,<environment.Job instance at 0x15502b33b460>,2,25,[ 2 11],5,6,31,1,6
1,<environment.Job instance at 0x15502b33b9b0>,5,20,[2 6],9,31,51,22,22
1,<environment.Job instance at 0x15502b33bc80>,0,3,[ 2 14],1,51,54,50,42
1,<environment.Job instance at 0x15502b33b910>,1,27,[13  2],3,88,115,85,88
1,<environment.Job instance at 0x15502b33b5f0>,3,3,[9 2],6,162,165,156,162
1,<environment.Job instance at 0x15502b73d550>,0,23,[ 1 13],1,1,24,0,1
1,<environment.Job instance at 0x15502b3f4c80>,0,17,[14  1],2,4,21,2,4
1,<environment.Job instance at 0x15502b73d870>,4,1,[8 2],6,631,632,625,631
1,<environment.Job instance at 0x15502e7943c0>,7,3,[12  1],9,920,923,911,920
1,<environment.Job instance at 0x15502b2c0aa0>,0,22,[5 2],1,2,24,1,2
1,<environment.Job instance at 0x15502b4fb8c0>,5,21,[1 7],7,8,29,1,8
1,<environment.Job instance at 0x15502b4fb730>,3,3,[7 1],5,8,11,3,8
1,<environment.Job instance at 0x15502b4fbdc0>,6,28,[2 6],8,11,39,3,11
1,<environment.Job instance at 0x15502b4fbc30>,2,27,[13  2],3,31,58,28,31
1,<environment.Job instance at 0x15502ec524b0>,1,13,[5 2],2,58,71,56,47
1,<environment.Job instance at 0x15502b4fbf00>,4,18,[ 2 13],6,2304,2322,2298,2304
1,<environment.Job instance at 0x155035fd6370>,2,25,[1 8],4,4,29,0,4
1,<environment.Job instance at 0x155035fd6190>,0,19,[9 2],1,1,20,0,1
1,<environment.Job instance at 0x15502b45a230>,3,1,[ 1 11],5,10,11,5,10
1,<environment.Job instance at 0x15502b45a2d0>,5,28,[ 2 14],8,20,48,12,19
1,<environment.Job instance at 0x15502b45abe0>,4,2,[10  1],6,228,230,222,228
1,<environment.Job instance at 0x15502d157d20>,5,1,[1 9],7,13,14,6,13
1,<environment.Job instance at 0x15502b406c80>,6,3,[7 2],8,24,27,16,24
1,<environment.Job instance at 0x15502d157fa0>,7,23,[2 6],9,28,51,19,28
1,<environment.Job instance at 0x15502b2eb870>,3,1,[ 2 10],7,7,8,0,7
1,<environment.Job instance at 0x15502b2eba00>,4,28,[14  1],8,9,37,1,9
1,<environment.Job instance at 0x15502b2ebd20>,5,24,[9 1],9,37,61,28,37
1,<environment.Job instance at 0x15502b3e39b0>,2,25,[12  2],4,105,130,101,105
1,<environment.Job instance at 0x15508013e1e0>,3,3,[12  1],4,272,275,268,272
1,<environment.Job instance at 0x1550612b9fa0>,2,1,[11  1],7,84,85,77,84
1,<environment.Job instance at 0x15502b08b6e0>,4,18,[7 1],9,154,172,145,154
1,<environment.Job instance at 0x15502fc5bcd0>,1,3,[13  1],5,697,700,692,697
1,<environment.Job instance at 0x15502b7197d0>,2,23,[5 1],4,4,27,0,4
1,<environment.Job instance at 0x15502ecae820>,3,2,[13  1],5,32,34,27,32
1,<environment.Job instance at 0x15502fc5bcd0>,4,15,[11  1],6,1894,1909,1888,1894
1,<environment.Job instance at 0x15502b7abaf0>,6,25,[9 1],9,11,36,2,11
1,<environment.Job instance at 0x15502b7ab820>,4,2,[1 9],7,17,19,10,17
1,<environment.Job instance at 0x15502b7ab3c0>,3,23,[12  2],6,52,75,46,52
1,<environment.Job instance at 0x15502b7abb90>,5,2,[8 1],8,75,77,67,52
1,<environment.Job instance at 0x15502b7ab910>,1,2,[9 2],3,6,8,3,6
1,<environment.Job instance at 0x15502ecec690>,4,3,[9 2],6,8,11,2,6
1,<environment.Job instance at 0x15502b7abeb0>,6,21,[8 1],8,11,32,3,8
1,<environment.Job instance at 0x15502ea70aa0>,7,1,[5 1],9,9,10,0,9
1,<environment.Job instance at 0x15502b7abb90>,5,2,[1 9],7,15,17,8,15
1,<environment.Job instance at 0x15502ecec280>,2,21,[ 2 14],4,23,44,19,23
1,<environment.Job instance at 0x15502b9ebc30>,0,3,[12  1],1,944,947,943,944
1,<environment.Job instance at 0x15502ecec820>,3,15,[2 9],5,1208,1223,1203,1208
1,<environment.Job instance at 0x155036031370>,3,12,[ 1 11],8,467,479,459,467
1,<environment.Job instance at 0x1550360319b0>,1,20,[ 2 11],2,2,22,0,2
1,<environment.Job instance at 0x15502bf31aa0>,7,20,[2 7],8,22,42,14,13
1,<environment.Job instance at 0x15502b3e0500>,5,27,[10  1],6,28,55,22,28
1,<environment.Job instance at 0x15502b969cd0>,4,21,[1 7],5,45,66,40,45
1,<environment.Job instance at 0x15502b969280>,6,28,[1 8],7,141,169,134,141
1,<environment.Job instance at 0x15502b920050>,1,15,[12  1],4,12,27,8,12
1,<environment.Job instance at 0x15502b9206e0>,3,18,[ 1 12],6,45,63,39,45
1,<environment.Job instance at 0x155031aaca50>,4,1,[12  2],9,11,12,2,11
1,<environment.Job instance at 0x155031aac5a0>,2,12,[9 1],7,12,24,5,11
1,<environment.Job instance at 0x155031aacaf0>,0,19,[ 1 12],4,29,48,25,29
1,<environment.Job instance at 0x155031aac550>,1,3,[12  1],6,34,37,28,34
1,<environment.Job instance at 0x155031aac1e0>,3,22,[1 6],8,53,75,45,53
1,<environment.Job instance at 0x15502ebf3c30>,5,19,[2 5],8,11,30,3,11
1,<environment.Job instance at 0x15502ebf3d70>,6,21,[2 7],9,11,32,2,11
1,<environment.Job instance at 0x15502ebf3370>,3,23,[6 2],6,42,65,36,42
1,<environment.Job instance at 0x15502ebf3eb0>,1,19,[12  1],3,171,190,168,171
1,<environment.Job instance at 0x15502b47f550>,0,25,[6 1],1,1,26,0,1
1,<environment.Job instance at 0x155061531320>,1,22,[2 7],2,2,24,0,2
1,<environment.Job instance at 0x1550612aa190>,3,16,[ 1 14],6,436,452,430,436
1,<environment.Job instance at 0x15502bb80640>,0,23,[14  2],1,4,27,3,4
1,<environment.Job instance at 0x15502fc29be0>,7,16,[5 2],9,31,47,22,31
1,<environment.Job instance at 0x15502bb80820>,1,3,[2 7],2,220,223,218,220
1,<environment.Job instance at 0x15502fc29690>,6,13,[2 9],7,495,508,488,495
1,<environment.Job instance at 0x15502fc29e10>,5,17,[13  2],6,1171,1188,1165,1171
1,<environment.Job instance at 0x1550801be3c0>,4,1,[2 6],7,7,8,0,7
1,<environment.Job instance at 0x15502b93a410>,5,14,[2 8],8,8,22,0,8
1,<environment.Job instance at 0x15502b984e60>,2,3,[14  1],3,22,25,19,22
1,<environment.Job instance at 0x15502b984cd0>,0,2,[12  1],1,224,226,223,224
1,<environment.Job instance at 0x15502fc5b2d0>,2,2,[13  2],5,7,9,2,7
1,<environment.Job instance at 0x15502fc5bf50>,4,22,[10  2],7,12,34,5,12
1,<environment.Job instance at 0x1550801be410>,6,3,[7 1],9,34,37,25,12
1,<environment.Job instance at 0x15502fc5baa0>,0,3,[ 1 11],1,64,67,63,64
1,<environment.Job instance at 0x1550300ece60>,3,1,[12  1],6,159,160,153,159
1,<environment.Job instance at 0x15502bb28e10>,6,13,[ 2 12],9,563,576,554,563
1,<environment.Job instance at 0x15502b123500>,3,3,[ 2 13],6,61,64,55,61
1,<environment.Job instance at 0x15502ebd7870>,3,27,[ 1 10],6,7,34,1,7
1,<environment.Job instance at 0x15502ebd71e0>,4,2,[13  1],8,10,12,2,10
1,<environment.Job instance at 0x15502ba65280>,1,2,[ 1 11],2,45,47,43,45
1,<environment.Job instance at 0x15502ebd76e0>,5,18,[12  2],9,129,147,120,129
1,<environment.Job instance at 0x15502fc92c80>,1,1,[2 5],6,105,106,99,105
1,<environment.Job instance at 0x15502ba655f0>,0,14,[12  1],5,237,251,232,237
1,<environment.Job instance at 0x15502bbd9e60>,5,21,[ 2 12],9,10,31,1,10
1,<environment.Job instance at 0x15502fc92e10>,3,2,[2 5],5,37,39,32,37
1,<environment.Job instance at 0x15502b2a4b40>,1,15,[12  2],3,366,381,363,366
1,<environment.Job instance at 0x15502bbd9320>,4,2,[ 1 14],6,440,442,434,440
1,<environment.Job instance at 0x15502fc92690>,2,15,[ 2 11],4,2678,2693,2674,2678
1,<environment.Job instance at 0x15502fc1e190>,0,20,[7 2],1,1,21,0,1
1,<environment.Job instance at 0x15502fc1edc0>,3,14,[14  1],5,21,35,16,17
1,<environment.Job instance at 0x15502bbc1190>,1,3,[ 1 13],2,26,29,24,26
1,<environment.Job instance at 0x15502b8823c0>,5,1,[10  2],9,115,116,106,115
1,<environment.Job instance at 0x15502b882a00>,4,16,[ 2 12],7,349,365,342,349
1,<environment.Job instance at 0x15502b433f00>,2,1,[ 2 10],5,5,6,0,5
1,<environment.Job instance at 0x155035fc5960>,4,1,[2 6],8,9,10,1,9
1,<environment.Job instance at 0x15502b4331e0>,5,23,[2 7],9,47,70,38,47
1,<environment.Job instance at 0x15502b433cd0>,3,3,[ 1 14],6,75,78,69,75
1,<environment.Job instance at 0x155034969b90>,0,24,[7 1],1,1,25,0,1
1,<environment.Job instance at 0x15502b763d70>,2,3,[ 2 14],3,41,44,38,41
1,<environment.Job instance at 0x15502b763320>,4,3,[14  1],6,303,306,297,303
1,<environment.Job instance at 0x15502b763190>,6,3,[14  2],9,2092,2095,2083,2092
1,<environment.Job instance at 0x15502befa5a0>,7,2,[1 6],9,15,17,6,15
1,<environment.Job instance at 0x15502befaa50>,5,3,[8 1],6,18,21,12,18
1,<environment.Job instance at 0x15502befaf00>,3,1,[ 2 11],4,31,32,27,31
1,<environment.Job instance at 0x15502b1ab7d0>,4,12,[ 1 12],5,362,374,357,362
1,<environment.Job instance at 0x15502c8de910>,2,25,[ 1 13],3,6,31,3,6
1,<environment.Job instance at 0x15502c8dee60>,4,1,[ 1 10],7,31,32,24,11
1,<environment.Job instance at 0x15502c8dec80>,5,12,[ 2 10],8,32,44,24,15
1,<environment.Job instance at 0x15502c8de280>,6,3,[ 1 14],9,54,57,45,54
1,<environment.Job instance at 0x15502c8dee10>,3,27,[12  2],4,61,88,57,61
1,<environment.Job instance at 0x15502ed56aa0>,0,2,[12  1],1,237,239,236,237
1,<environment.Job instance at 0x15502ed56aa0>,3,2,[13  1],5,168,170,163,168
1,<environment.Job instance at 0x15502b6386e0>,2,1,[ 2 11],3,5,6,2,5
1,<environment.Job instance at 0x15502e639c30>,4,3,[13  1],6,255,258,249,255
1,<environment.Job instance at 0x155030a1ceb0>,1,26,[10  1],2,4,30,2,4
1,<environment.Job instance at 0x15502b341690>,7,14,[5 2],8,11,25,3,11
1,<environment.Job instance at 0x15502b341be0>,8,24,[14  1],9,30,54,21,25
1,<environment.Job instance at 0x155035e02640>,4,20,[11  1],5,55,75,50,55
1,<environment.Job instance at 0x15502b341af0>,6,19,[8 2],7,96,115,89,96
1,<environment.Job instance at 0x15502b159aa0>,6,21,[2 5],9,11,32,2,11
1,<environment.Job instance at 0x15502b515a50>,0,1,[ 2 14],1,5,6,4,5
1,<environment.Job instance at 0x15502b970af0>,0,28,[2 5],1,1,29,0,1
1,<environment.Job instance at 0x15502b970230>,1,26,[10  1],2,2,28,0,2
1,<environment.Job instance at 0x1550301703c0>,4,2,[14  2],5,29,31,24,25
1,<environment.Job instance at 0x15502b7258c0>,3,14,[7 2],4,31,45,27,31
1,<environment.Job instance at 0x155030170280>,6,17,[7 2],9,122,139,113,122
1,<environment.Job instance at 0x15502be42c80>,5,1,[7 1],6,10,11,4,10
1,<environment.Job instance at 0x15502be429b0>,7,1,[6 2],9,10,11,1,10
1,<environment.Job instance at 0x155061584d70>,1,23,[14  2],2,11,34,9,10
1,<environment.Job instance at 0x15502be42af0>,6,2,[5 2],7,34,36,27,31
1,<environment.Job instance at 0x15502b2bba00>,2,2,[13  1],3,59,61,56,59
1,<environment.Job instance at 0x15502b1a67d0>,5,1,[ 1 10],6,10,11,4,10
1,<environment.Job instance at 0x15502fc90820>,1,22,[14  1],2,12,34,10,12
1,<environment.Job instance at 0x15502b1a6e10>,6,2,[5 2],7,34,36,27,12
1,<environment.Job instance at 0x15502b1a6780>,7,2,[11  1],9,63,65,54,63
1,<environment.Job instance at 0x15502fc900a0>,3,3,[ 1 13],4,110,113,106,110
1,<environment.Job instance at 0x1550609e2370>,2,16,[12  1],3,697,713,694,697
1,<environment.Job instance at 0x15502b45d190>,0,22,[2 8],1,1,23,0,1
1,<environment.Job instance at 0x15502be6ee10>,4,16,[ 2 13],7,34,50,27,34
1,<environment.Job instance at 0x15502fc0b1e0>,3,26,[6 2],5,5,31,0,5
1,<environment.Job instance at 0x15502fc0bd20>,5,22,[ 2 14],9,31,53,22,24
1,<environment.Job instance at 0x15502bbe1280>,4,3,[13  2],8,487,490,479,487
1,<environment.Job instance at 0x15502bbe1730>,0,22,[ 2 11],6,6,28,0,6
1,<environment.Job instance at 0x15502bbe1280>,2,22,[13  1],8,13,35,5,13
1,<environment.Job instance at 0x15502bad7500>,3,1,[11  1],9,186,187,177,186
1,<environment.Job instance at 0x15502b8b8d70>,0,20,[5 1],1,1,21,0,1
1,<environment.Job instance at 0x15502bdc3230>,4,3,[ 2 14],6,20,23,14,20
1,<environment.Job instance at 0x15502fdb3690>,1,23,[7 1],2,3,26,1,3
1,<environment.Job instance at 0x155061230dc0>,6,22,[ 2 13],9,9,31,0,9
1,<environment.Job instance at 0x15502fdb3910>,4,25,[5 1],6,29,54,23,29
1,<environment.Job instance at 0x15502fdb3960>,5,2,[ 1 10],7,44,46,37,44
1,<environment.Job instance at 0x15502b547410>,2,1,[ 2 13],3,52,53,49,52
1,<environment.Job instance at 0x15502ba805f0>,4,1,[2 9],5,6,7,1,6
1,<environment.Job instance at 0x15502fdb3050>,5,2,[ 1 12],9,35,37,26,35
1,<environment.Job instance at 0x15502ba809b0>,0,16,[ 1 13],1,84,100,83,84
1,<environment.Job instance at 0x15502ba80a50>,3,14,[5 1],4,459,473,455,459
1,<environment.Job instance at 0x15502e832e10>,2,27,[7 2],3,6,33,3,6
1,<environment.Job instance at 0x1550368b0190>,5,3,[9 2],7,33,36,26,8
1,<environment.Job instance at 0x1550368b06e0>,6,16,[6 1],8,9,25,1,9
1,<environment.Job instance at 0x1550368b0140>,7,2,[6 1],9,25,27,16,11
1,<environment.Job instance at 0x1550368b0eb0>,3,20,[ 1 13],4,35,55,31,35
1,<environment.Job instance at 0x1550368b0780>,1,2,[14  1],2,66,68,64,66
1,<environment.Job instance at 0x15506098e230>,3,3,[ 1 13],5,8,11,3,8
1,<environment.Job instance at 0x15506098e690>,5,3,[14  1],9,10,13,1,10
1,<environment.Job instance at 0x1550368b0b90>,2,3,[ 2 12],3,13,16,10,11
1,<environment.Job instance at 0x15506098e780>,4,21,[ 2 11],7,34,55,27,34
1,<environment.Job instance at 0x1550368b0cd0>,1,2,[ 1 11],2,55,57,53,52
1,<environment.Job instance at 0x15502bb177d0>,4,19,[8 1],8,10,29,2,10
1,<environment.Job instance at 0x155035e98dc0>,1,15,[1 5],2,2,17,0,2
1,<environment.Job instance at 0x155061259140>,6,28,[1 8],8,16,44,8,16
1,<environment.Job instance at 0x15502b567b40>,4,2,[2 8],7,9,11,2,9
1,<environment.Job instance at 0x15502eaf0f00>,6,3,[ 1 12],9,13,16,4,13
1,<environment.Job instance at 0x15502b567910>,2,27,[ 1 11],5,18,45,13,18
1,<environment.Job instance at 0x15502b5675f0>,3,2,[12  2],6,133,135,127,133
1,<environment.Job instance at 0x15502eaf0820>,5,2,[ 1 10],8,158,160,150,158
1,<environment.Job instance at 0x15502c5ab370>,6,22,[10  2],7,7,29,0,7
1,<environment.Job instance at 0x15502c5ab550>,5,21,[11  1],6,31,52,25,31
1,<environment.Job instance at 0x15502c5abaf0>,4,1,[13  1],5,102,103,97,102
1,<environment.Job instance at 0x15502b8f6e60>,1,22,[6 1],2,2,24,0,2
1,<environment.Job instance at 0x155035e80050>,4,28,[ 2 10],7,13,41,6,13
1,<environment.Job instance at 0x15502c5abbe0>,2,3,[ 2 14],3,44,47,41,44
1,<environment.Job instance at 0x155035e80500>,6,3,[ 2 14],9,86,89,77,86
1,<environment.Job instance at 0x15502b33a0a0>,0,1,[14  2],3,4,5,1,4
1,<environment.Job instance at 0x15502b8336e0>,1,26,[6 1],8,8,34,0,8
1,<environment.Job instance at 0x155030190a50>,0,25,[14  1],2,3,28,1,3
1,<environment.Job instance at 0x155030190f50>,2,20,[ 1 11],5,59,79,54,59
1,<environment.Job instance at 0x155030190a00>,1,3,[14  2],6,39,42,33,39
1,<environment.Job instance at 0x15502bc70500>,2,3,[ 1 13],9,41,44,32,41
1,<environment.Job instance at 0x15502bc70230>,4,2,[9 1],9,38,40,29,38
1,<environment.Job instance at 0x15502bea6eb0>,3,2,[7 2],8,69,71,61,69
1,<environment.Job instance at 0x15502b57fb40>,0,3,[ 2 12],5,100,103,95,100
1,<environment.Job instance at 0x1550301ab5f0>,3,16,[ 2 14],5,7,23,2,7
1,<environment.Job instance at 0x15502f3b5f50>,4,3,[6 2],6,23,26,17,10
1,<environment.Job instance at 0x1550301ab7d0>,6,2,[13  1],8,53,55,45,53
1,<environment.Job instance at 0x1550301ab370>,7,23,[2 8],9,645,668,636,645
1,<environment.Job instance at 0x15502b3f1f00>,5,28,[10  1],6,6,34,0,6
1,<environment.Job instance at 0x15502b3f19b0>,8,3,[2 5],9,9,12,0,9
1,<environment.Job instance at 0x15502b3f11e0>,4,3,[11  2],5,34,37,29,24
1,<environment.Job instance at 0x15502b3f1910>,6,19,[8 2],7,37,56,30,29
1,<environment.Job instance at 0x15502b3f1d70>,7,23,[2 9],8,94,117,86,94
1,<environment.Job instance at 0x15502b3f1fa0>,2,3,[ 1 14],3,134,137,131,134
1,<environment.Job instance at 0x15502fc0ef50>,1,20,[2 5],5,5,25,0,5
1,<environment.Job instance at 0x15502fc0ecd0>,4,28,[6 2],8,8,36,0,8
1,<environment.Job instance at 0x15502b0715f0>,0,22,[5 1],1,1,23,0,1
1,<environment.Job instance at 0x15502b8f87d0>,5,1,[ 1 12],7,7,8,0,7
1,<environment.Job instance at 0x15502b8f8b90>,6,25,[1 6],8,8,33,0,8
1,<environment.Job instance at 0x15502b8f8d70>,7,1,[6 1],9,10,11,1,10
1,<environment.Job instance at 0x15502b8f8aa0>,3,3,[5 1],5,34,37,29,34
1,<environment.Job instance at 0x15502b8f8cd0>,2,1,[14  1],4,89,90,85,89
1,<environment.Job instance at 0x15502bdc3280>,5,2,[14  2],7,69,71,62,69
1,<environment.Job instance at 0x15502bd57af0>,3,18,[9 2],6,10,28,4,10
1,<environment.Job instance at 0x15502baa5a00>,5,3,[ 2 13],9,27,30,18,27
1,<environment.Job instance at 0x15502bbd40f0>,4,26,[14  1],8,53,79,45,53
1,<environment.Job instance at 0x15502bbd4140>,5,22,[11  1],9,95,117,86,95
1,<environment.Job instance at 0x15503687aa50>,1,2,[ 2 14],2,5,7,3,5
1,<environment.Job instance at 0x15503018d9b0>,5,14,[1 6],8,8,22,0,8
1,<environment.Job instance at 0x15503018de10>,2,24,[1 8],4,9,33,5,9
1,<environment.Job instance at 0x15503018d0a0>,0,2,[13  2],1,186,188,185,186
1,<environment.Job instance at 0x15502b9ad0a0>,3,23,[5 2],4,4,27,0,4
1,<environment.Job instance at 0x1550613074b0>,8,28,[2 9],9,9,37,0,9
1,<environment.Job instance at 0x155061307aa0>,6,2,[13  1],7,40,42,33,40
1,<environment.Job instance at 0x15502b9ad870>,2,14,[ 2 14],3,211,225,208,211
1,<environment.Job instance at 0x155061307f50>,7,1,[6 2],8,239,240,231,239
1,<environment.Job instance at 0x1550613075f0>,1,1,[2 8],2,2,3,0,2
1,<environment.Job instance at 0x15502b5b1af0>,7,3,[2 5],9,138,141,129,138
1,<environment.Job instance at 0x15502b5b1cd0>,3,2,[14  2],4,148,150,144,148
1,<environment.Job instance at 0x15502bd620a0>,6,14,[ 2 13],8,276,290,268,276
1,<environment.Job instance at 0x15502bc03690>,4,2,[ 2 12],5,14,16,9,14
1,<environment.Job instance at 0x15502bc030f0>,5,3,[2 8],6,20,23,14,20
1,<environment.Job instance at 0x15502b3c8500>,2,1,[9 1],3,22,23,19,22
1,<environment.Job instance at 0x15502bc038c0>,7,1,[8 1],8,23,24,15,22
1,<environment.Job instance at 0x15502bc03aa0>,8,27,[10  2],9,26,53,17,26
1,<environment.Job instance at 0x15502b3c8730>,0,3,[ 2 14],1,82,85,81,82
1,<environment.Job instance at 0x15502bc03be0>,3,2,[ 2 13],4,138,140,134,138
1,<environment.Job instance at 0x155035fcae60>,0,2,[ 1 10],1,2,4,1,2
1,<environment.Job instance at 0x155035fca050>,2,26,[7 1],8,8,34,0,8
1,<environment.Job instance at 0x15502b8adbe0>,3,3,[14  2],9,556,559,547,556
1,<environment.Job instance at 0x15502c5967d0>,6,16,[2 5],9,15,31,6,15
1,<environment.Job instance at 0x15502c596640>,2,3,[12  1],3,27,30,24,27
1,<environment.Job instance at 0x15502c596410>,0,17,[ 1 14],1,184,201,183,184
1,<environment.Job instance at 0x15502b7ab1e0>,4,13,[9 1],6,276,289,270,276
1,<environment.Job instance at 0x15503012e960>,2,19,[6 1],9,13,32,4,13
1,<environment.Job instance at 0x15502bc498c0>,0,2,[ 1 13],1,1,3,0,1
1,<environment.Job instance at 0x15502bc49aa0>,4,24,[ 2 12],6,10,34,4,10
1,<environment.Job instance at 0x15502bd4f8c0>,6,23,[ 2 11],9,51,74,42,51
1,<environment.Job instance at 0x15502bd4f370>,3,23,[10  1],6,6,29,0,6
1,<environment.Job instance at 0x15502b8f9d20>,4,2,[ 1 14],7,30,32,23,30
1,<environment.Job instance at 0x1550368cb140>,1,1,[ 1 10],2,2,3,0,2
1,<environment.Job instance at 0x15502eafacd0>,7,16,[ 1 11],9,12,28,3,12
1,<environment.Job instance at 0x15502eafab40>,5,3,[9 1],7,16,19,9,16
1,<environment.Job instance at 0x15502fd8be60>,3,12,[ 1 12],5,87,99,82,87
1,<environment.Job instance at 0x15503018e190>,4,19,[12  2],6,229,248,223,229
1,<environment.Job instance at 0x15502eafaeb0>,6,23,[10  2],8,315,338,307,315
1,<environment.Job instance at 0x15502bc69550>,2,19,[8 2],3,4,23,1,4
1,<environment.Job instance at 0x15502b36fbe0>,8,3,[6 2],9,9,12,0,9
1,<environment.Job instance at 0x15502b36fb90>,6,17,[12  1],7,23,40,16,21
1,<environment.Job instance at 0x15502b36f140>,4,3,[ 2 13],5,42,45,37,42
1,<environment.Job instance at 0x15502b36f190>,5,1,[14  1],6,90,91,84,90
1,<environment.Job instance at 0x15502b36f5a0>,7,3,[9 1],8,153,156,145,153
1,<environment.Job instance at 0x1550600cae60>,0,2,[ 1 10],1,1,3,0,1
1,<environment.Job instance at 0x1550600ca1e0>,2,16,[11  1],7,145,161,138,145
1,<environment.Job instance at 0x1550600ca640>,4,15,[11  1],9,166,181,157,166
1,<environment.Job instance at 0x15502e6d28c0>,3,23,[9 2],7,7,30,0,7
1,<environment.Job instance at 0x15502e6d2780>,4,1,[11  1],8,413,414,405,413
1,<environment.Job instance at 0x15502eb92af0>,4,2,[11  1],6,170,172,164,170
1,<environment.Job instance at 0x15502eb92cd0>,5,3,[11  1],7,2793,2796,2786,2793
1,<environment.Job instance at 0x15502bf36f50>,5,1,[11  1],7,7,8,0,7
1,<environment.Job instance at 0x15502bf36eb0>,6,22,[1 6],8,10,32,2,10
1,<environment.Job instance at 0x15502bf366e0>,7,14,[2 8],9,13,27,4,13
1,<environment.Job instance at 0x15502eb79690>,1,2,[14  1],2,37,39,35,37
1,<environment.Job instance at 0x15502bf36e60>,4,1,[5 1],6,137,138,131,137
1,<environment.Job instance at 0x155034981190>,6,22,[ 1 12],9,9,31,0,9
1,<environment.Job instance at 0x15502b388140>,3,23,[2 5],5,5,28,0,5
1,<environment.Job instance at 0x15502b388c80>,4,28,[8 1],6,21,49,15,21
1,<environment.Job instance at 0x15502b388910>,6,21,[11  2],8,49,70,41,45
1,<environment.Job instance at 0x15502bc2ce10>,0,28,[5 2],2,2,30,0,2
1,<environment.Job instance at 0x15502ba087d0>,5,13,[10  2],9,9,22,0,9
1,<environment.Job instance at 0x15502ba08b90>,3,26,[10  2],7,25,51,18,25
1,<environment.Job instance at 0x15502bc2c140>,1,3,[13  2],4,51,54,47,33
1,<environment.Job instance at 0x15502ba08e60>,4,2,[ 1 13],8,1528,1530,1520,1528
1,<environment.Job instance at 0x15502b620190>,0,22,[6 1],1,1,23,0,1
1,<environment.Job instance at 0x15502fe11d70>,3,3,[ 2 14],7,7,10,0,7
1,<environment.Job instance at 0x15502fd342d0>,4,13,[12  1],8,9,22,1,9
1,<environment.Job instance at 0x15502b437c30>,1,2,[ 1 12],4,50,52,46,50
1,<environment.Job instance at 0x15502b9cadc0>,5,28,[ 2 12],9,1935,1963,1926,1935
1,<environment.Job instance at 0x15503018da00>,2,23,[6 1],4,13,36,9,13
1,<environment.Job instance at 0x15502b70f280>,0,19,[13  2],1,96,115,95,96
1,<environment.Job instance at 0x15503018d3c0>,3,27,[8 2],5,129,156,124,129
1,<environment.Job instance at 0x15502e6e1280>,1,2,[12  1],3,199,201,196,199
1,<environment.Job instance at 0x15502e6e25f0>,1,17,[ 2 14],6,105,122,99,105
1,<environment.Job instance at 0x15502e6e2c80>,2,2,[13  1],7,168,170,161,168
1,<environment.Job instance at 0x155035e31320>,1,2,[ 2 11],4,4,6,0,4
1,<environment.Job instance at 0x1550612c0780>,2,21,[5 1],5,5,26,0,5
1,<environment.Job instance at 0x1550612c00f0>,3,25,[2 7],6,6,31,0,6
1,<environment.Job instance at 0x15502ed56690>,5,3,[ 2 12],6,7,10,1,7
1,<environment.Job instance at 0x15502ed56280>,7,16,[6 1],8,8,24,0,8
1,<environment.Job instance at 0x15502ed563c0>,8,21,[9 2],9,10,31,1,9
1,<environment.Job instance at 0x15502ed56550>,6,3,[10  1],7,31,34,24,25
1,<environment.Job instance at 0x1550612c0af0>,1,18,[ 1 14],2,170,188,168,170
1,<environment.Job instance at 0x1550612c0370>,2,28,[13  2],3,206,234,203,206
1,<environment.Job instance at 0x155031a7a5a0>,0,1,[ 1 10],1,1,2,0,1
1,<environment.Job instance at 0x15502e6ebe60>,3,27,[ 1 14],4,4,31,0,4
1,<environment.Job instance at 0x15502e6eb5f0>,7,23,[11  2],9,31,54,22,27
1,<environment.Job instance at 0x15502b4fc870>,3,1,[ 1 10],7,15,16,8,15
1,<environment.Job instance at 0x1550300c3550>,4,27,[5 1],7,7,34,0,7
1,<environment.Job instance at 0x15502b6eb050>,5,17,[9 2],9,9,26,0,9
1,<environment.Job instance at 0x15502ebeb6e0>,0,21,[6 1],3,4,25,1,4
1,<environment.Job instance at 0x15502bf3a960>,0,24,[12  1],2,3,27,1,3
1,<environment.Job instance at 0x15502fd111e0>,1,22,[ 2 14],2,4,26,2,4
1,<environment.Job instance at 0x15502fd11410>,2,24,[11  1],6,9,33,3,9
1,<environment.Job instance at 0x15503495c3c0>,3,2,[1 6],6,6,8,0,6
1,<environment.Job instance at 0x15503495c640>,5,16,[11  1],8,15,31,7,15
1,<environment.Job instance at 0x15502b72c9b0>,2,22,[9 1],5,34,56,29,34
1,<environment.Job instance at 0x15503495c960>,6,18,[7 2],9,56,74,47,56
1,<environment.Job instance at 0x1550609db1e0>,2,20,[ 1 14],5,28,48,23,28
1,<environment.Job instance at 0x155034985410>,0,12,[ 1 11],1,204,216,203,204
1,<environment.Job instance at 0x15502b065910>,5,13,[11  2],8,8,21,0,8
1,<environment.Job instance at 0x15502b065b40>,6,28,[10  2],9,21,49,12,20
1,<environment.Job instance at 0x15502b807370>,3,2,[ 1 12],5,50,52,45,50
1,<environment.Job instance at 0x15506000c0f0>,2,14,[12  2],4,156,170,152,156
1,<environment.Job instance at 0x15502b807af0>,4,1,[ 1 11],6,972,973,966,972
1,<environment.Job instance at 0x15502eba8910>,0,22,[5 1],1,1,23,0,1
1,<environment.Job instance at 0x15502dba4140>,6,3,[6 1],8,9,12,1,9
1,<environment.Job instance at 0x15502eba8c30>,3,19,[10  1],4,12,31,8,9
1,<environment.Job instance at 0x15502b065dc0>,2,1,[ 1 12],3,29,30,26,29
1,<environment.Job instance at 0x15502eba89b0>,4,16,[13  2],5,31,47,26,31
1,<environment.Job instance at 0x15502dba41e0>,5,2,[1 8],7,193,195,186,193
1,<environment.Job instance at 0x15502bbd9140>,1,26,[5 2],4,4,30,0,4
1,<environment.Job instance at 0x15502fd5fcd0>,2,27,[2 5],6,7,34,1,7
1,<environment.Job instance at 0x15502fd553c0>,3,18,[11  2],7,400,418,393,400
1,<environment.Job instance at 0x15502fd5f550>,5,14,[ 1 14],9,460,474,451,460
1,<environment.Job instance at 0x15502b83bcd0>,0,2,[ 2 10],2,3,5,1,3
1,<environment.Job instance at 0x15502fd55e10>,3,3,[ 2 13],6,15,18,9,15
1,<environment.Job instance at 0x15502fd55690>,1,27,[10  2],3,37,64,34,37
1,<environment.Job instance at 0x15502bb18320>,4,12,[ 2 14],7,105,117,98,105
1,<environment.Job instance at 0x155035df46e0>,2,2,[2 8],4,6,8,2,6
1,<environment.Job instance at 0x15503694a2d0>,6,21,[5 2],8,8,29,0,8
1,<environment.Job instance at 0x15503694a460>,7,3,[5 1],9,11,14,2,11
1,<environment.Job instance at 0x15503694a0a0>,5,3,[6 2],7,25,28,18,25
1,<environment.Job instance at 0x155035df4cd0>,1,23,[11  1],2,29,52,27,25
1,<environment.Job instance at 0x15503694a640>,3,24,[12  2],5,52,76,47,48
1,<environment.Job instance at 0x15502b19ad20>,2,1,[2 7],5,8,9,3,8
1,<environment.Job instance at 0x15502b666af0>,4,21,[ 1 14],7,9,30,2,9
1,<environment.Job instance at 0x15502b666cd0>,5,3,[ 2 14],8,99,102,91,99
1,<environment.Job instance at 0x15502b19afa0>,0,12,[14  2],1,314,326,313,314
1,<environment.Job instance at 0x1550600f71e0>,1,2,[ 1 12],4,322,324,318,322
1,<environment.Job instance at 0x15502ea73be0>,2,21,[10  2],4,4,25,0,4
1,<environment.Job instance at 0x15502fe2dc30>,5,3,[ 2 11],7,18,21,11,18
1,<environment.Job instance at 0x15502fe2d4b0>,6,18,[10  1],8,221,239,213,221
1,<environment.Job instance at 0x15502ed09f50>,1,21,[ 1 13],4,6,27,2,6
1,<environment.Job instance at 0x155033307f50>,4,1,[14  2],9,75,76,66,75
1,<environment.Job instance at 0x15503015b3c0>,0,1,[14  1],1,2,3,1,2
1,<environment.Job instance at 0x15502eab1230>,2,28,[11  2],3,22,50,19,22
1,<environment.Job instance at 0x155035fe9550>,6,15,[9 1],9,50,65,41,36
1,<environment.Job instance at 0x155035fe9500>,5,3,[1 6],7,988,991,981,988
1,<environment.Job instance at 0x15502c8eddc0>,0,1,[1 8],2,3,4,1,3
1,<environment.Job instance at 0x1550609cbf00>,5,2,[ 2 12],9,13,15,4,13
1,<environment.Job instance at 0x1550609cb0a0>,4,16,[13  1],8,184,200,176,184
1,<environment.Job instance at 0x15502ebfd050>,0,23,[11  1],1,5,28,4,5
1,<environment.Job instance at 0x15502ebfdf50>,4,2,[6 1],5,28,30,23,5
1,<environment.Job instance at 0x15502ebfd960>,2,21,[2 5],3,5,26,2,5
1,<environment.Job instance at 0x1550609cb0a0>,7,1,[13  2],9,30,31,21,9
1,<environment.Job instance at 0x15503690aaf0>,5,2,[1 6],7,22,24,15,22
1,<environment.Job instance at 0x155035e96fa0>,6,17,[11  2],8,46,63,38,46
1,<environment.Job instance at 0x15502ebfd780>,3,24,[10  1],4,335,359,331,335
1,<environment.Job instance at 0x15502bd6f320>,4,17,[6 1],5,5,22,0,5
1,<environment.Job instance at 0x155035e2a4b0>,3,27,[6 1],5,5,32,0,5
1,<environment.Job instance at 0x155035e2ae60>,4,3,[ 1 14],7,36,39,29,36
1,<environment.Job instance at 0x15502ec514b0>,3,12,[14  1],8,27,39,19,27
1,<environment.Job instance at 0x15506008f8c0>,2,26,[11  1],7,66,92,59,66
1,<environment.Job instance at 0x1550300bd730>,3,2,[ 1 14],9,259,261,250,259
1,<environment.Job instance at 0x15502ec51730>,1,2,[12  2],5,463,465,458,463
1,<environment.Job instance at 0x1550600d6500>,1,2,[6 2],3,7,9,4,7
1,<environment.Job instance at 0x1550600d6f00>,3,2,[11  1],6,35,37,29,35
1,<environment.Job instance at 0x15502be0edc0>,5,3,[11  2],9,44,47,35,44
1,<environment.Job instance at 0x1550600d6af0>,2,13,[12  1],4,47,60,43,44
1,<environment.Job instance at 0x1550600d6140>,0,18,[ 1 11],2,122,140,120,122
1,<environment.Job instance at 0x15502fc7dc80>,4,1,[10  1],6,6,7,0,6
1,<environment.Job instance at 0x1550300fa0a0>,2,1,[ 2 13],4,6,7,2,6
1,<environment.Job instance at 0x15502fc7d1e0>,6,1,[ 1 11],9,9,10,0,9
1,<environment.Job instance at 0x15502b178320>,1,12,[14  2],2,61,73,59,61
1,<environment.Job instance at 0x15502c64c690>,0,2,[12  1],1,99,101,98,99
1,<environment.Job instance at 0x15502fc7de10>,3,13,[9 2],5,348,361,343,348
1,<environment.Job instance at 0x1550300f0870>,5,1,[12  1],7,7,8,0,7
1,<environment.Job instance at 0x1550300f0e60>,6,3,[10  2],8,8,11,0,8
1,<environment.Job instance at 0x1550300f0af0>,3,20,[6 2],4,11,31,7,9
1,<environment.Job instance at 0x1550300f0aa0>,1,14,[ 1 13],2,835,849,833,835
1,<environment.Job instance at 0x15502e5d9aa0>,2,1,[12  1],6,129,130,123,129
1,<environment.Job instance at 0x15502b52c230>,5,12,[ 1 12],8,147,159,139,147
1,<environment.Job instance at 0x1550369c4230>,4,2,[13  2],6,27,29,21,27
1,<environment.Job instance at 0x155082d895f0>,5,15,[1 5],7,65,80,58,65
1,<environment.Job instance at 0x1550369c4a00>,3,18,[ 1 12],5,80,98,75,80
1,<environment.Job instance at 0x15502e6ebcd0>,4,13,[11  1],5,5,18,0,5
1,<environment.Job instance at 0x15502e6eb3c0>,5,24,[8 2],6,18,42,12,14
1,<environment.Job instance at 0x15502e6eb870>,6,2,[ 2 14],7,14,16,7,14
1,<environment.Job instance at 0x15502e6eb0f0>,7,17,[13  1],8,42,59,34,30
1,<environment.Job instance at 0x15502b833690>,1,3,[ 1 11],2,44,47,42,44
1,<environment.Job instance at 0x15502e6eb8c0>,8,23,[13  1],9,59,82,50,54
1,<environment.Job instance at 0x15502e6ebe10>,0,12,[12  1],1,322,334,321,322
1,<environment.Job instance at 0x1550301a2910>,6,2,[2 6],8,65,67,57,65
1,<environment.Job instance at 0x1550301a2690>,4,1,[13  2],6,154,155,148,154
1,<environment.Job instance at 0x15502baefaa0>,4,2,[2 9],9,35,37,26,35
1,<environment.Job instance at 0x15502b41eaf0>,1,14,[ 1 12],2,50,64,48,50
1,<environment.Job instance at 0x15502baef5f0>,3,2,[1 6],8,65,67,57,65
1,<environment.Job instance at 0x15503014b280>,3,2,[1 8],4,5,7,1,5
1,<environment.Job instance at 0x15503014bbe0>,5,23,[6 2],8,31,54,23,31
1,<environment.Job instance at 0x15503014b4b0>,1,16,[ 2 13],2,63,79,61,63
1,<environment.Job instance at 0x155035eeb5f0>,4,15,[ 2 13],8,15,30,7,15
1,<environment.Job instance at 0x15502fd9d1e0>,3,3,[13  2],4,170,173,166,170
1,<environment.Job instance at 0x15502c63eeb0>,4,2,[14  2],6,274,276,268,274
1,<environment.Job instance at 0x155035fc8500>,5,26,[10  1],7,7,33,0,7
1,<environment.Job instance at 0x155036852230>,3,12,[ 2 13],5,55,67,50,55
1,<environment.Job instance at 0x15502e73ca50>,1,16,[ 2 14],3,149,165,146,149
1,<environment.Job instance at 0x155035fc8fa0>,4,28,[8 1],6,285,313,279,285
1,<environment.Job instance at 0x15502bf49e60>,1,16,[10  2],3,4,20,1,4
1,<environment.Job instance at 0x15502bf495f0>,5,2,[11  1],7,256,258,249,256
1,<environment.Job instance at 0x1550301e2b90>,1,2,[12  1],2,401,403,399,401
1,<environment.Job instance at 0x15502fd55b40>,5,3,[13  1],7,58,61,51,58
1,<environment.Job instance at 0x15502fd554b0>,3,1,[11  2],5,72,73,67,72
1,<environment.Job instance at 0x15502b972410>,1,23,[7 1],4,4,27,0,4
1,<environment.Job instance at 0x15502b972780>,2,27,[14  1],6,29,56,23,29
1,<environment.Job instance at 0x1550612b90a0>,4,2,[8 2],8,56,58,48,39
1,<environment.Job instance at 0x15502b96f690>,2,2,[2 8],3,4,6,1,4
1,<environment.Job instance at 0x155060098b40>,6,20,[10  2],8,9,29,1,9
1,<environment.Job instance at 0x15502ec9f5a0>,5,2,[10  1],7,76,78,69,76
1,<environment.Job instance at 0x15506194b500>,1,1,[12  1],2,82,83,80,82
1,<environment.Job instance at 0x155030a0d0f0>,1,24,[9 2],3,4,28,1,4
1,<environment.Job instance at 0x15502b81d960>,4,25,[2 8],9,257,282,248,257
1,<environment.Job instance at 0x155030a0deb0>,3,13,[12  1],7,342,355,335,342
1,<environment.Job instance at 0x15502b826dc0>,3,22,[6 1],8,8,30,0,8
1,<environment.Job instance at 0x15502ba71af0>,1,3,[ 1 10],3,5,8,2,5
1,<environment.Job instance at 0x15502ba713c0>,2,24,[ 2 13],4,8,32,4,7
1,<environment.Job instance at 0x15502fc7f730>,5,23,[5 1],8,29,52,21,29
1,<environment.Job instance at 0x15502b33ce60>,4,27,[ 1 10],7,205,232,198,205
1,<environment.Job instance at 0x15502b85d050>,0,16,[ 1 11],2,242,258,240,242
1,<environment.Job instance at 0x1550600296e0>,3,1,[7 1],6,55,56,49,55
1,<environment.Job instance at 0x155060029820>,4,3,[1 7],7,232,235,225,232
1,<environment.Job instance at 0x15502fc9f960>,2,2,[11  2],4,305,307,301,305
1,<environment.Job instance at 0x15502f3b5d20>,2,15,[13  1],5,6,21,1,6
1,<environment.Job instance at 0x15502b521140>,5,3,[6 2],9,21,24,12,11
1,<environment.Job instance at 0x15502f3b5140>,3,26,[1 6],7,15,41,8,15
1,<environment.Job instance at 0x15502f3b59b0>,0,17,[ 1 12],1,576,593,575,576
1,<environment.Job instance at 0x15502b1599b0>,2,26,[ 2 11],9,11,37,2,11
1,<environment.Job instance at 0x15503694ab90>,0,25,[1 8],1,1,26,0,1
1,<environment.Job instance at 0x15502be17190>,5,15,[14  2],6,8,23,2,8
1,<environment.Job instance at 0x15502b6aa1e0>,4,13,[12  2],8,17,30,9,17
1,<environment.Job instance at 0x15502b9ffeb0>,1,18,[6 1],2,4,22,2,4
1,<environment.Job instance at 0x15502b9ffcd0>,2,17,[7 2],3,8,25,5,8
1,<environment.Job instance at 0x1550332f9190>,3,21,[ 2 12],5,25,46,20,25
1,<environment.Job instance at 0x1550332f9550>,5,27,[7 1],7,36,63,29,36
1,<environment.Job instance at 0x15502ed6a410>,2,28,[9 2],5,8,36,3,8
1,<environment.Job instance at 0x15502bf2ba00>,0,15,[ 2 12],3,40,55,37,40
1,<environment.Job instance at 0x155035fd07d0>,0,23,[2 9],1,1,24,0,1
1,<environment.Job instance at 0x155035fd0370>,2,1,[ 1 13],5,56,57,51,56
1,<environment.Job instance at 0x1550301a85a0>,1,21,[ 1 13],2,2,23,0,2
1,<environment.Job instance at 0x15502b665730>,2,1,[13  1],3,26,27,23,26
1,<environment.Job instance at 0x155060a0fa50>,2,25,[8 2],6,23,48,17,23
1,<environment.Job instance at 0x155060a06280>,3,21,[ 2 10],8,25,46,17,25
1,<environment.Job instance at 0x155035ee2820>,4,25,[10  2],9,48,73,39,44
1,<environment.Job instance at 0x155060a0f730>,0,16,[ 1 12],1,106,122,105,106
1,<environment.Job instance at 0x155035ee2410>,0,22,[2 8],1,1,23,0,1
1,<environment.Job instance at 0x15502b4d7a50>,5,15,[5 1],8,20,35,12,20
1,<environment.Job instance at 0x15502b4d7b40>,3,3,[ 1 14],5,24,27,19,24
1,<environment.Job instance at 0x15502b4d7c80>,6,25,[6 1],9,319,344,310,319
1,<environment.Job instance at 0x155030103aa0>,2,3,[ 2 14],3,4,7,1,4
1,<environment.Job instance at 0x1550300fbaf0>,4,2,[12  2],5,8,10,3,8
1,<environment.Job instance at 0x1550300fb960>,5,3,[5 2],7,10,13,3,9
1,<environment.Job instance at 0x155035eb2960>,7,22,[12  1],9,13,35,4,9
1,<environment.Job instance at 0x155030103b90>,0,12,[ 2 14],1,390,402,389,390
1,<environment.Job instance at 0x15502c5cd690>,3,22,[ 1 13],5,18,40,13,18
1,<environment.Job instance at 0x15506155f6e0>,5,1,[1 9],6,6,7,0,6
1,<environment.Job instance at 0x15506155fe60>,3,22,[5 1],4,11,33,7,11
1,<environment.Job instance at 0x1550301365f0>,2,28,[12  2],3,39,67,36,39
1,<environment.Job instance at 0x15503015b640>,4,23,[1 5],5,49,72,44,49
1,<environment.Job instance at 0x15502ec4d7d0>,4,27,[14  1],7,8,35,1,8
1,<environment.Job instance at 0x15502ec4d960>,3,3,[ 1 12],6,38,41,32,38
1,<environment.Job instance at 0x15502e6499b0>,8,20,[10  1],9,9,29,0,9
1,<environment.Job instance at 0x15502e649a50>,3,3,[ 1 11],4,238,241,234,238
1,<environment.Job instance at 0x15502e6494b0>,5,26,[ 2 12],6,311,337,305,311
1,<environment.Job instance at 0x15502ba142d0>,4,3,[ 2 12],6,8,11,2,8
1,<environment.Job instance at 0x15502ba14a50>,5,19,[13  1],7,18,37,11,18
1,<environment.Job instance at 0x15502ba14190>,6,13,[ 1 13],8,192,205,184,192
1,<environment.Job instance at 0x15502b32faa0>,3,3,[12  1],5,1153,1156,1148,1153
1,<environment.Job instance at 0x15502b081910>,0,26,[14  2],1,5,31,4,5
1,<environment.Job instance at 0x15502b081820>,2,14,[5 2],3,44,58,41,44
1,<environment.Job instance at 0x15502eb4f550>,3,27,[7 1],4,49,76,45,49
1,<environment.Job instance at 0x15502b081690>,1,2,[13  2],2,94,96,92,94
1,<environment.Job instance at 0x15502f3dfcd0>,2,2,[ 2 10],4,6,8,2,6
1,<environment.Job instance at 0x15502f3df780>,4,1,[2 5],6,7,8,1,7
1,<environment.Job instance at 0x15502f3df500>,5,23,[14  2],7,10,33,3,10
1,<environment.Job instance at 0x155035f4cd70>,6,1,[11  1],9,33,34,24,10
1,<environment.Job instance at 0x15502f3df690>,1,3,[2 5],3,33,36,30,20
1,<environment.Job instance at 0x15502f3df370>,3,17,[ 2 14],5,86,103,81,86
1,<environment.Job instance at 0x15502f3df640>,0,3,[ 1 14],2,108,111,106,108
1,<environment.Job instance at 0x15502ec04b40>,2,23,[ 1 12],5,6,29,1,6
1,<environment.Job instance at 0x15502ec044b0>,5,1,[2 5],9,29,30,20,9
1,<environment.Job instance at 0x15502f3dfe10>,3,13,[7 1],7,20,33,13,20
1,<environment.Job instance at 0x1550615f80a0>,0,1,[ 1 14],1,78,79,77,78
1,<environment.Job instance at 0x15502bd74eb0>,1,25,[ 1 11],4,440,465,436,440
1,<environment.Job instance at 0x155061259cd0>,3,28,[2 9],4,9,37,5,9
1,<environment.Job instance at 0x155030a178c0>,7,1,[5 1],9,9,10,0,9
1,<environment.Job instance at 0x155061259dc0>,4,3,[ 1 10],5,41,44,36,41
1,<environment.Job instance at 0x1550612598c0>,5,22,[ 2 11],7,46,68,39,46
1,<environment.Job instance at 0x155030a17d70>,6,28,[ 2 10],8,390,418,382,390
1,<environment.Job instance at 0x15502c5b6eb0>,5,3,[ 1 13],7,20,23,13,20
1,<environment.Job instance at 0x15502c5b6640>,2,1,[ 1 14],3,43,44,40,43
1,<environment.Job instance at 0x1550600b6410>,3,24,[11  1],7,14,38,7,14
1,<environment.Job instance at 0x1550600b6fa0>,5,1,[1 6],9,52,53,43,52
1,<environment.Job instance at 0x155033316230>,3,28,[2 9],7,7,35,0,7
1,<environment.Job instance at 0x155033316640>,1,1,[ 2 11],5,35,36,30,26
1,<environment.Job instance at 0x15502b9addc0>,2,1,[14  2],6,93,94,87,93
1,<environment.Job instance at 0x15502b52faa0>,6,2,[ 2 10],9,9,11,0,9
1,<environment.Job instance at 0x15502b52fe60>,4,1,[1 6],7,11,12,4,10
1,<environment.Job instance at 0x15502bd5b190>,3,20,[ 2 14],5,51,71,46,51
1,<environment.Job instance at 0x15502b52fcd0>,5,21,[1 5],8,101,122,93,101
1,<environment.Job instance at 0x15502b7bc500>,1,3,[14  2],3,1418,1421,1415,1418
1,<environment.Job instance at 0x15502b52ffa0>,4,27,[8 1],5,6,33,1,6
1,<environment.Job instance at 0x155035dd8780>,7,3,[8 2],8,121,124,113,121
1,<environment.Job instance at 0x155035dd8690>,6,2,[13  1],7,357,359,350,357
1,<environment.Job instance at 0x15502b52f370>,1,23,[9 2],2,2,25,0,2
1,<environment.Job instance at 0x15502bbece10>,5,14,[10  2],7,25,39,18,16
1,<environment.Job instance at 0x155035dd8690>,2,20,[ 1 14],4,39,59,35,37
1,<environment.Job instance at 0x15502bbecd20>,6,16,[11  1],8,1576,1592,1568,1576
1,<environment.Job instance at 0x15502b7abbe0>,0,20,[6 2],1,1,21,0,1
1,<environment.Job instance at 0x15502b7ab7d0>,5,3,[2 9],7,194,197,187,194
1,<environment.Job instance at 0x155060070280>,2,3,[11  2],3,4,7,1,4
1,<environment.Job instance at 0x15502b30f780>,5,27,[2 5],7,7,34,0,7
1,<environment.Job instance at 0x15502b30f8c0>,6,1,[7 1],8,9,10,1,9
1,<environment.Job instance at 0x15502b30f550>,7,1,[1 5],9,9,10,0,9
1,<environment.Job instance at 0x15502b994730>,1,2,[ 1 12],2,34,36,32,11
1,<environment.Job instance at 0x15502b7ab0a0>,3,3,[ 1 12],5,138,141,133,138
1,<environment.Job instance at 0x155060070460>,0,12,[ 1 14],1,658,670,657,658
1,<environment.Job instance at 0x15502ba08640>,2,26,[6 1],6,16,42,10,16
1,<environment.Job instance at 0x155031aa9050>,3,14,[ 2 13],7,253,267,246,253
1,<environment.Job instance at 0x15502b797780>,0,23,[6 1],1,1,24,0,1
1,<environment.Job instance at 0x15502b797e10>,3,2,[2 9],6,24,26,18,24
1,<environment.Job instance at 0x15502b7977d0>,2,26,[12  2],3,26,52,23,26
1,<environment.Job instance at 0x15502b797c30>,4,18,[10  1],8,252,270,244,252
1,<environment.Job instance at 0x15502c676780>,1,16,[9 1],3,14,30,11,14
1,<environment.Job instance at 0x15502b3cc5f0>,5,3,[6 2],8,14,17,6,14
1,<environment.Job instance at 0x15502b3cc140>,6,1,[ 2 11],9,17,18,8,15
1,<environment.Job instance at 0x15502b37ee60>,4,25,[10  2],7,7,32,0,7
1,<environment.Job instance at 0x15502ed29500>,0,3,[12  2],1,1012,1015,1011,1012
1,<environment.Job instance at 0x15502eb886e0>,2,21,[ 1 12],4,6,27,2,6
1,<environment.Job instance at 0x15502b4de870>,4,28,[5 2],9,22,50,13,22
1,<environment.Job instance at 0x15502eb885f0>,0,26,[ 1 11],2,27,53,25,27
1,<environment.Job instance at 0x15502eb88c80>,1,1,[1 9],3,53,54,50,53
1,<environment.Job instance at 0x15502bab6640>,4,2,[8 2],5,6,8,1,6
1,<environment.Job instance at 0x15502bab6960>,6,3,[ 1 10],8,9,12,1,9
1,<environment.Job instance at 0x15502bab6a00>,7,3,[13  1],9,9,12,0,9
1,<environment.Job instance at 0x15502bab6050>,2,28,[ 1 12],3,84,112,81,84
1,<environment.Job instance at 0x15502bab6e60>,5,17,[ 1 10],6,1740,1757,1734,1740
1,<environment.Job instance at 0x15502b829eb0>,1,26,[ 1 10],2,2,28,0,2
1,<environment.Job instance at 0x1550301c0370>,6,1,[8 2],8,8,9,0,8
1,<environment.Job instance at 0x1550301c0230>,5,18,[8 1],7,28,46,21,28
1,<environment.Job instance at 0x1550301c0140>,3,12,[11  1],5,1877,1889,1872,1877
1,<environment.Job instance at 0x15502ed2f3c0>,1,3,[1 7],2,2,5,0,2
1,<environment.Job instance at 0x15502e77b050>,0,1,[13  1],1,4,5,3,4
1,<environment.Job instance at 0x15502e77b9b0>,4,21,[ 2 12],6,7,28,1,7
1,<environment.Job instance at 0x15502b769870>,6,12,[ 2 10],9,28,40,19,11
1,<environment.Job instance at 0x15502e77baa0>,1,26,[ 2 13],2,348,374,346,348
1,<environment.Job instance at 0x1550612aa370>,5,3,[1 7],8,9,12,1,9
1,<environment.Job instance at 0x1550612aa690>,6,14,[1 7],9,9,23,0,9
1,<environment.Job instance at 0x15502fc11d70>,1,24,[ 2 14],2,25,49,23,25
1,<environment.Job instance at 0x15502fc11230>,3,13,[ 2 11],5,260,273,255,260
1,<environment.Job instance at 0x155035ddc7d0>,1,24,[9 1],2,2,26,0,2
1,<environment.Job instance at 0x15502e75dbe0>,4,2,[12  1],5,240,242,235,240
1,<environment.Job instance at 0x15502b9253c0>,4,27,[2 7],5,6,33,1,6
1,<environment.Job instance at 0x15502b925b90>,5,2,[7 2],9,9,11,0,9
1,<environment.Job instance at 0x15502c66c4b0>,1,16,[7 1],2,36,52,34,36
1,<environment.Job instance at 0x15502b9256e0>,3,27,[2 5],4,43,70,39,43
1,<environment.Job instance at 0x15502fc5c280>,0,1,[14  2],1,220,221,219,220
1,<environment.Job instance at 0x155035f47d20>,5,20,[5 2],8,9,29,1,9
1,<environment.Job instance at 0x155035f47690>,6,2,[1 5],9,9,11,0,9
1,<environment.Job instance at 0x15502c8f04b0>,3,26,[2 5],6,13,39,7,13
1,<environment.Job instance at 0x155035f470f0>,4,21,[13  1],7,71,92,64,71
1,<environment.Job instance at 0x15502be18820>,1,3,[14  2],3,286,289,283,286
1,<environment.Job instance at 0x15502b8b50a0>,4,1,[ 2 10],6,9,10,3,9
1,<environment.Job instance at 0x15502b0f50a0>,0,20,[14  2],1,14,34,13,14
1,<environment.Job instance at 0x15502b8b5a50>,5,1,[1 9],7,14,15,7,14
1,<environment.Job instance at 0x15502b0f5320>,2,17,[ 1 11],4,50,67,46,50
1,<environment.Job instance at 0x15502b8b5fa0>,3,24,[8 2],5,74,98,69,74
1,<environment.Job instance at 0x1550301eeeb0>,3,2,[11  1],9,9,11,0,9
1,<environment.Job instance at 0x15502b8b5f50>,1,16,[14  2],3,261,277,258,261
1,<environment.Job instance at 0x1550600a3500>,1,25,[ 2 13],2,3,28,1,3
1,<environment.Job instance at 0x15502dbb0820>,7,12,[12  1],9,78,90,69,78
1,<environment.Job instance at 0x15502c6385f0>,4,21,[7 1],5,5,26,0,5
1,<environment.Job instance at 0x15502b826aa0>,4,19,[ 1 11],8,10,29,2,10
1,<environment.Job instance at 0x15502b61d7d0>,5,2,[5 2],8,11,13,3,11
1,<environment.Job instance at 0x15502b61deb0>,3,2,[ 2 13],6,133,135,127,133
1,<environment.Job instance at 0x15502b61dbe0>,6,17,[11  2],9,1218,1235,1209,1218
1,<environment.Job instance at 0x15502ecfabe0>,0,1,[ 1 13],1,5,6,4,5
1,<environment.Job instance at 0x15502b61d4b0>,3,18,[14  1],6,158,176,152,158
1,<environment.Job instance at 0x15502b61dbe0>,4,28,[10  2],8,185,213,177,185
1,<environment.Job instance at 0x15502ed4af50>,0,26,[10  2],1,1,27,0,1
1,<environment.Job instance at 0x15502eaa8f50>,7,27,[1 5],9,9,36,0,9
1,<environment.Job instance at 0x15502ed4a370>,2,13,[ 1 11],4,163,176,159,163
1,<environment.Job instance at 0x15502ec11640>,5,3,[12  1],7,8,11,1,8
1,<environment.Job instance at 0x15502ec11550>,6,13,[ 1 11],8,8,21,0,8
1,<environment.Job instance at 0x15502ec11870>,7,23,[ 2 11],9,21,44,12,15
1,<environment.Job instance at 0x15502ec11780>,3,2,[ 2 12],5,48,50,43,48
1,<environment.Job instance at 0x15506007ef50>,1,3,[14  1],2,933,936,931,933
1,<environment.Job instance at 0x15502ba6d230>,2,1,[1 9],3,3,4,0,3
1,<environment.Job instance at 0x15502ecdc550>,4,12,[12  2],5,144,156,139,144
1,<environment.Job instance at 0x15502ecdc2d0>,6,16,[13  2],9,713,729,704,713
1,<environment.Job instance at 0x15502e6a4e10>,2,13,[ 1 12],4,8,21,4,8
1,<environment.Job instance at 0x15502b913dc0>,4,2,[7 2],6,8,10,2,8
1,<environment.Job instance at 0x15502b913820>,6,20,[1 7],8,21,41,13,14
1,<environment.Job instance at 0x15502b9139b0>,7,3,[7 1],9,24,27,15,24
1,<environment.Job instance at 0x15502e6a4640>,1,1,[ 2 12],3,71,72,68,71
1,<environment.Job instance at 0x15502e6a4230>,0,16,[13  1],2,406,422,404,406
1,<environment.Job instance at 0x15502e6a4be0>,3,3,[11  2],5,2540,2543,2535,2540
1,<environment.Job instance at 0x15502eab3eb0>,1,1,[ 2 14],2,3,4,1,3
1,<environment.Job instance at 0x15503013d780>,6,2,[7 2],9,10,12,1,10
1,<environment.Job instance at 0x15503013d8c0>,2,21,[10  2],4,13,34,9,13
1,<environment.Job instance at 0x15503013d5f0>,4,25,[1 6],7,22,47,15,22
1,<environment.Job instance at 0x15502b8a9c30>,3,26,[8 1],6,51,77,45,51
1,<environment.Job instance at 0x15503013dbe0>,5,2,[2 9],8,423,425,415,423
1,<environment.Job instance at 0x15502e649fa0>,4,16,[ 2 13],6,7,23,1,7
1,<environment.Job instance at 0x15502e649af0>,5,3,[8 1],7,7,10,0,7
1,<environment.Job instance at 0x15503013dbe0>,6,3,[2 6],8,23,26,15,8
1,<environment.Job instance at 0x15502e649eb0>,7,26,[7 2],9,10,36,1,9
1,<environment.Job instance at 0x15502b9f3140>,2,3,[7 2],3,26,29,23,25
1,<environment.Job instance at 0x15502b9f33c0>,0,13,[14  2],1,349,362,348,349
1,<environment.Job instance at 0x15502b9f3dc0>,1,25,[ 2 13],2,502,527,500,502
1,<environment.Job instance at 0x15502b9f3d70>,3,1,[ 2 13],4,901,902,897,901
1,<environment.Job instance at 0x15502e6e0500>,1,1,[ 2 13],6,9,10,3,9
1,<environment.Job instance at 0x15502e649820>,3,3,[7 1],8,13,16,5,13
1,<environment.Job instance at 0x15502e6e0e10>,2,24,[10  2],7,21,45,14,21
1,<environment.Job instance at 0x15502bcfb280>,4,18,[10  2],9,126,144,117,126
1,<environment.Job instance at 0x15502b159fa0>,2,3,[ 1 14],7,42,45,35,42
1,<environment.Job instance at 0x15502b828410>,3,3,[13  2],8,1711,1714,1703,1711
1,<environment.Job instance at 0x15502eab30f0>,6,21,[10  2],9,9,30,0,9
1,<environment.Job instance at 0x15502eab3f00>,4,2,[1 7],7,26,28,19,26
1,<environment.Job instance at 0x15502b828410>,2,14,[ 1 12],3,94,108,91,94
1,<environment.Job instance at 0x15502fc77190>,3,14,[13  2],4,1847,1861,1843,1847
1,<environment.Job instance at 0x15502b3cc2d0>,0,1,[ 1 14],2,4,5,2,4
1,<environment.Job instance at 0x15502b2c0b40>,3,28,[7 2],9,9,37,0,9
1,<environment.Job instance at 0x15502fd43d70>,2,22,[6 1],7,7,29,0,7
1,<environment.Job instance at 0x15502b4da780>,3,1,[11  2],8,100,101,92,100
1,<environment.Job instance at 0x15502ed6ceb0>,6,24,[ 1 12],8,45,69,37,45
1,<environment.Job instance at 0x15502e79f910>,6,28,[8 1],9,13,41,4,13
1,<environment.Job instance at 0x15502e7de5a0>,1,1,[ 1 12],3,17,18,14,17
1,<environment.Job instance at 0x155035f74b90>,4,13,[6 2],9,23,36,14,23
1,<environment.Job instance at 0x15502e7de690>,2,16,[ 2 10],5,50,66,45,50
1,<environment.Job instance at 0x15502b8961e0>,0,28,[11  1],2,68,96,66,68
1,<environment.Job instance at 0x15502e7de2d0>,3,25,[2 8],7,459,484,452,459
1,<environment.Job instance at 0x15502db7e320>,3,21,[5 1],5,5,26,0,5
1,<environment.Job instance at 0x155060091cd0>,0,25,[ 1 11],1,5,30,4,5
1,<environment.Job instance at 0x155030135f50>,5,22,[ 2 12],9,30,52,21,23
1,<environment.Job instance at 0x15502db7ebe0>,2,1,[12  2],5,142,143,137,142
1,<environment.Job instance at 0x1550612a5d70>,0,21,[1 8],1,1,22,0,1
1,<environment.Job instance at 0x1550612a5460>,5,1,[9 2],8,8,9,0,8
1,<environment.Job instance at 0x1550369c2c30>,6,3,[13  1],9,9,12,0,9
1,<environment.Job instance at 0x1550612a58c0>,3,12,[ 1 13],6,36,48,30,36
1,<environment.Job instance at 0x1550612a5690>,2,28,[11  1],5,128,156,123,128
1,<environment.Job instance at 0x1550612a5910>,4,16,[1 5],7,165,181,158,165
1,<environment.Job instance at 0x1550612a5870>,1,16,[ 2 14],3,185,201,182,185
1,<environment.Job instance at 0x15502b774cd0>,5,13,[7 2],8,9,22,1,9
1,<environment.Job instance at 0x15502e6cfe60>,6,20,[14  1],9,22,42,13,14
1,<environment.Job instance at 0x15502bc7d5f0>,2,3,[11  2],4,225,228,221,225
1,<environment.Job instance at 0x15502ebb5be0>,0,3,[ 2 11],1,282,285,281,282
1,<environment.Job instance at 0x15502bc7d820>,3,1,[11  1],6,397,398,391,397
1,<environment.Job instance at 0x15502b3a6af0>,2,2,[10  1],5,5,7,0,5
1,<environment.Job instance at 0x15502b5cc2d0>,5,1,[6 2],9,13,14,4,13
1,<environment.Job instance at 0x15502b680b40>,0,25,[12  2],2,30,55,28,30
1,<environment.Job instance at 0x15502b3a6910>,1,21,[ 2 13],3,37,58,34,37
1,<environment.Job instance at 0x15502bd51be0>,0,2,[ 2 14],5,5,7,0,5
1,<environment.Job instance at 0x15502b99fa00>,2,26,[14  1],9,11,37,2,11
1,<environment.Job instance at 0x15502b363280>,3,27,[1 5],5,5,32,0,5
1,<environment.Job instance at 0x1550600c0050>,4,26,[11  2],7,17,43,10,17
1,<environment.Job instance at 0x1550600c0500>,5,2,[ 2 11],8,39,41,31,39
1,<environment.Job instance at 0x15502bca5140>,0,21,[2 7],2,2,23,0,2
1,<environment.Job instance at 0x15502b97b870>,5,12,[5 1],8,8,20,0,8
1,<environment.Job instance at 0x15502b97b690>,6,17,[1 8],9,20,37,11,9
1,<environment.Job instance at 0x15502b97bbe0>,3,28,[7 2],6,28,56,22,28
1,<environment.Job instance at 0x15502b97b280>,4,1,[ 2 14],7,524,525,517,524
1,<environment.Job instance at 0x15502c90acd0>,3,1,[14  1],4,61,62,57,61
1,<environment.Job instance at 0x15502c90ac30>,5,1,[9 1],7,62,63,55,61
1,<environment.Job instance at 0x15502eb15d70>,6,20,[10  2],9,13,33,4,13
1,<environment.Job instance at 0x15502eb15690>,4,26,[2 5],7,14,40,7,14
1,<environment.Job instance at 0x15502e61f820>,2,23,[11  1],5,33,56,28,27
1,<environment.Job instance at 0x15502eb151e0>,3,13,[13  2],6,67,80,61,67
1,<environment.Job instance at 0x15502eb15dc0>,5,13,[ 1 12],8,148,161,140,148
1,<environment.Job instance at 0x15502b0f75f0>,0,14,[11  2],5,183,197,178,183
1,<environment.Job instance at 0x15502bd79870>,1,20,[14  2],8,209,229,201,209
1,<environment.Job instance at 0x15502ed06820>,1,26,[1 8],2,2,28,0,2
1,<environment.Job instance at 0x15502ecfecd0>,3,16,[6 1],5,5,21,0,5
1,<environment.Job instance at 0x155060a18870>,4,23,[ 2 10],6,6,29,0,6
1,<environment.Job instance at 0x15502b6cdc80>,5,2,[12  2],8,50,52,42,50
1,<environment.Job instance at 0x155060a18910>,6,2,[14  1],9,169,171,160,169
1,<environment.Job instance at 0x15502e65a7d0>,3,2,[13  1],5,210,212,205,210
1,<environment.Job instance at 0x15502b73a370>,4,1,[14  2],7,250,251,243,250
1,<environment.Job instance at 0x15502b6e2460>,2,1,[6 2],4,8,9,4,8
1,<environment.Job instance at 0x15502b6e2780>,4,19,[ 1 14],8,13,32,5,13
1,<environment.Job instance at 0x15502b99beb0>,1,19,[ 1 14],2,105,124,103,105
1,<environment.Job instance at 0x15502b6e2e60>,3,17,[8 1],5,652,669,647,652
1,<environment.Job instance at 0x15502b6e2b40>,0,3,[14  1],1,1016,1019,1015,1016
1,<environment.Job instance at 0x15502b1a3a50>,1,23,[9 1],2,2,25,0,2
1,<environment.Job instance at 0x15502b691eb0>,4,27,[12  1],6,6,33,0,6
1,<environment.Job instance at 0x15502b691f00>,5,21,[ 2 13],8,57,78,49,57
1,<environment.Job instance at 0x15502b1ab4b0>,2,14,[ 2 12],4,572,586,568,572
1,<environment.Job instance at 0x15502b691e10>,6,1,[8 2],9,595,596,586,595
1,<environment.Job instance at 0x15502b691870>,3,13,[ 1 12],5,1273,1286,1268,1273
1,<environment.Job instance at 0x15502c64c2d0>,5,15,[1 9],8,8,23,0,8
1,<environment.Job instance at 0x155060072cd0>,0,16,[ 1 12],1,1,17,0,1
1,<environment.Job instance at 0x155060072f50>,4,24,[10  2],7,9,33,2,9
1,<environment.Job instance at 0x15506008c9b0>,6,28,[2 7],9,17,45,8,16
1,<environment.Job instance at 0x15502c64c230>,2,12,[6 1],5,46,58,41,46
1,<environment.Job instance at 0x15502b3bca50>,5,25,[2 6],8,51,76,43,51
1,<environment.Job instance at 0x15502e780c30>,2,23,[8 2],5,6,29,1,6
1,<environment.Job instance at 0x15502e6a4050>,5,3,[ 1 13],8,32,35,24,32
1,<environment.Job instance at 0x155060058050>,3,3,[ 1 11],8,92,95,84,92
1,<environment.Job instance at 0x155060058280>,4,2,[14  1],9,136,138,127,136
1,<environment.Job instance at 0x15502be38b40>,5,1,[2 6],6,6,7,0,6
1,<environment.Job instance at 0x15502be38690>,7,13,[ 2 11],8,32,45,24,32
1,<environment.Job instance at 0x15502be38230>,6,2,[ 2 10],7,45,47,38,34
1,<environment.Job instance at 0x15502be38140>,1,12,[ 1 11],2,206,218,204,206
1,<environment.Job instance at 0x15502be38320>,3,13,[ 2 12],4,233,246,229,233
1,<environment.Job instance at 0x15502be38a50>,4,1,[ 2 11],5,296,297,291,296
1,<environment.Job instance at 0x15502ed09cd0>,5,22,[6 1],8,9,31,1,9
1,<environment.Job instance at 0x15502ed096e0>,6,28,[9 1],9,10,38,1,10
1,<environment.Job instance at 0x15502b5b9500>,0,2,[14  2],2,38,40,36,33
1,<environment.Job instance at 0x15502be38a50>,3,18,[ 1 14],6,72,90,66,72
1,<environment.Job instance at 0x15502b5b9140>,2,20,[ 1 13],5,115,135,110,115
1,<environment.Job instance at 0x15502ed097d0>,4,1,[ 1 13],7,520,521,513,520
1,<environment.Job instance at 0x15502b1aff50>,2,1,[ 2 10],4,4,5,0,4
1,<environment.Job instance at 0x15502eb5afa0>,3,23,[ 1 11],5,8,31,3,8
1,<environment.Job instance at 0x15502eb5ac80>,5,18,[2 8],7,38,56,31,38
1,<environment.Job instance at 0x15502b1afe60>,4,23,[9 2],6,63,86,57,63
1,<environment.Job instance at 0x15503696afa0>,6,23,[10  1],8,265,288,257,265
1,<environment.Job instance at 0x15502fc1ff00>,0,1,[ 2 11],1,2,3,1,2
1,<environment.Job instance at 0x1550368c7a50>,2,3,[ 1 12],6,43,46,37,43
1,<environment.Job instance at 0x15502b3081e0>,3,3,[14  1],5,405,408,400,405
1,<environment.Job instance at 0x15502b308f00>,4,3,[ 1 13],6,429,432,423,429
1,<environment.Job instance at 0x15502b4450f0>,3,20,[13  1],5,15,35,10,15
1,<environment.Job instance at 0x15502b445140>,4,21,[1 8],6,59,80,53,59
1,<environment.Job instance at 0x1550609ca780>,1,22,[2 8],4,4,26,0,4
1,<environment.Job instance at 0x15502b4ce640>,4,21,[9 1],9,9,30,0,9
1,<environment.Job instance at 0x15502e69a2d0>,3,24,[1 7],5,5,29,0,5
1,<environment.Job instance at 0x15502e69a320>,7,20,[13  1],9,31,51,22,31
1,<environment.Job instance at 0x15502e69a3c0>,4,15,[ 2 13],6,52,67,46,52
1,<environment.Job instance at 0x15502b231eb0>,2,12,[11  2],8,51,63,43,51
1,<environment.Job instance at 0x15502fcfeeb0>,0,13,[11  2],2,134,147,132,134
1,<environment.Job instance at 0x15502b2316e0>,1,12,[13  1],6,175,187,169,175
1,<environment.Job instance at 0x15502b231c80>,3,15,[12  2],9,230,245,221,230
1,<environment.Job instance at 0x1550300b0500>,1,23,[2 8],3,4,27,1,4
1,<environment.Job instance at 0x1550300b0640>,5,17,[ 1 14],9,2672,2689,2663,2672
1,<environment.Job instance at 0x15502e7a1640>,5,1,[8 2],8,14,15,6,14
1,<environment.Job instance at 0x15502e7a1910>,6,3,[1 9],9,17,20,8,17
1,<environment.Job instance at 0x15502e6e9f50>,3,2,[14  2],5,49,51,44,49
1,<environment.Job instance at 0x15502b136a50>,1,15,[13  2],3,74,89,71,74
1,<environment.Job instance at 0x15502e7a10a0>,4,2,[ 2 11],6,311,313,305,311
1,<environment.Job instance at 0x15502bd28910>,5,19,[ 1 13],9,11,30,2,11
1,<environment.Job instance at 0x15502bd28a00>,3,3,[ 1 14],5,32,35,27,32
1,<environment.Job instance at 0x15502b79b3c0>,1,15,[ 2 12],2,36,51,34,36
1,<environment.Job instance at 0x15502b79b0a0>,2,1,[12  1],3,83,84,80,83
1,<environment.Job instance at 0x15502bd28d70>,4,27,[9 2],8,367,394,359,367
1,<environment.Job instance at 0x15502ba4fe10>,2,2,[ 1 12],6,7,9,1,7
1,<environment.Job instance at 0x15502bd28f00>,3,3,[6 2],7,45,48,38,45
1,<environment.Job instance at 0x15502ba4fe60>,1,18,[13  1],5,643,661,638,643
1,<environment.Job instance at 0x15502b6e9fa0>,0,1,[7 2],1,1,2,0,1
1,<environment.Job instance at 0x15502b6e94b0>,4,25,[9 1],7,8,33,1,8
1,<environment.Job instance at 0x15502b6e9230>,5,1,[11  1],8,402,403,394,402
1,<environment.Job instance at 0x15502e670280>,3,19,[14  2],5,10,29,5,10
1,<environment.Job instance at 0x15502e670e60>,7,1,[10  1],9,29,30,20,10
1,<environment.Job instance at 0x15502e670c80>,5,27,[14  2],7,30,57,23,28
1,<environment.Job instance at 0x1550600533c0>,1,23,[2 6],2,4,27,2,4
1,<environment.Job instance at 0x155060053500>,5,2,[6 2],6,9,11,3,9
1,<environment.Job instance at 0x1550600530a0>,2,22,[6 1],3,9,31,6,9
1,<environment.Job instance at 0x155035f0da00>,6,3,[9 1],7,27,30,20,10
1,<environment.Job instance at 0x155035f0dcd0>,7,3,[ 2 14],8,30,33,22,30
1,<environment.Job instance at 0x155060053f50>,0,20,[14  2],1,37,57,36,37
1,<environment.Job instance at 0x155035f0daa0>,4,1,[2 5],5,57,58,52,42
1,<environment.Job instance at 0x155035f0d640>,0,20,[11  2],3,7,27,4,7
1,<environment.Job instance at 0x15502b8b7eb0>,2,1,[8 2],6,27,28,21,9
1,<environment.Job instance at 0x155035f0d140>,5,1,[2 5],9,9,10,0,9
1,<environment.Job instance at 0x15502b4ce320>,1,16,[7 1],5,27,43,22,19
1,<environment.Job instance at 0x155035f0ddc0>,4,1,[ 1 13],8,151,152,143,151
1,<environment.Job instance at 0x15502b4ce5f0>,3,21,[5 1],7,161,182,154,161
1,<environment.Job instance at 0x15502fc560a0>,2,16,[11  1],3,3,19,0,3
1,<environment.Job instance at 0x15502fc56be0>,7,17,[8 1],8,19,36,11,8
1,<environment.Job instance at 0x15502fc56190>,8,2,[5 1],9,19,21,10,9
1,<environment.Job instance at 0x15502fc56c80>,5,1,[13  2],6,36,37,30,17
1,<environment.Job instance at 0x15502fc56a50>,3,2,[12  2],4,178,180,174,178
1,<environment.Job instance at 0x155061316d70>,1,2,[ 2 14],2,4,6,2,4
1,<environment.Job instance at 0x1550613163c0>,5,22,[9 1],6,15,37,9,15
1,<environment.Job instance at 0x15502b7976e0>,4,3,[1 7],5,16,19,11,16
1,<environment.Job instance at 0x15502b7975f0>,5,12,[10  2],6,47,59,41,47
1,<environment.Job instance at 0x15502b797f50>,2,3,[9 1],3,59,62,56,49
1,<environment.Job instance at 0x15502b797a00>,7,3,[2 5],8,49,52,41,49
1,<environment.Job instance at 0x1550301ee050>,0,17,[11  2],1,323,340,322,323
1,<environment.Job instance at 0x15502b7973c0>,6,1,[14  2],7,527,528,520,527
1,<environment.Job instance at 0x15502d147cd0>,1,17,[1 7],3,3,20,0,3
1,<environment.Job instance at 0x15502ba9b870>,5,3,[13  2],9,1608,1611,1599,1608
1,<environment.Job instance at 0x15506124e370>,4,14,[7 2],6,8,22,2,8
1,<environment.Job instance at 0x15506124e3c0>,5,2,[1 5],8,8,10,0,8
1,<environment.Job instance at 0x15506124e820>,6,28,[1 7],9,11,39,2,11
1,<environment.Job instance at 0x15502b8d8dc0>,0,28,[ 1 13],2,40,68,38,40
1,<environment.Job instance at 0x15502b8d8690>,1,19,[13  2],3,191,210,188,191
1,<environment.Job instance at 0x15506124ec80>,3,28,[8 2],5,273,301,268,273
1,<environment.Job instance at 0x155030193e10>,0,2,[1 6],1,1,3,0,1
1,<environment.Job instance at 0x1550301933c0>,6,3,[12  1],9,318,321,309,318
1,<environment.Job instance at 0x1550349959b0>,6,1,[5 2],7,19,20,12,19
1,<environment.Job instance at 0x155035e31f50>,8,2,[8 2],9,28,30,19,28
1,<environment.Job instance at 0x155034995780>,4,1,[12  1],5,30,31,25,28
1,<environment.Job instance at 0x15502bd23fa0>,2,12,[11  2],3,251,263,248,251
1,<environment.Job instance at 0x155034995f50>,5,27,[6 1],6,334,361,328,334
1,<environment.Job instance at 0x1550301a8370>,3,1,[6 1],5,6,7,1,6
1,<environment.Job instance at 0x1550301a8c80>,5,2,[7 2],7,7,9,0,7
1,<environment.Job instance at 0x15502fd7c500>,6,3,[7 1],8,9,12,1,9
1,<environment.Job instance at 0x1550301a8960>,1,24,[ 1 12],2,10,34,8,10
1,<environment.Job instance at 0x155030152050>,2,24,[6 2],4,33,57,29,33
1,<environment.Job instance at 0x15502fd672d0>,2,1,[9 2],4,5,6,1,5
1,<environment.Job instance at 0x1550301a85f0>,5,16,[ 2 13],8,8,24,0,8
1,<environment.Job instance at 0x15502fd67cd0>,6,2,[ 1 10],9,24,26,15,9
1,<environment.Job instance at 0x1550301a8190>,4,3,[ 1 13],6,53,56,47,53
1,<environment.Job instance at 0x1550301a81e0>,1,25,[14  2],3,104,129,101,104
1,<environment.Job instance at 0x155036942b40>,0,3,[14  2],1,152,155,151,152
1,<environment.Job instance at 0x15502fd67690>,3,17,[7 1],5,1277,1294,1272,1277
1,<environment.Job instance at 0x15502b38e5f0>,5,26,[7 2],8,13,39,5,13
1,<environment.Job instance at 0x15502b9ae550>,6,12,[11  2],9,81,93,72,81
1,<environment.Job instance at 0x15502b38e0f0>,3,1,[12  1],6,139,140,133,139
1,<environment.Job instance at 0x1550300c15a0>,5,21,[ 2 12],9,9,30,0,9
1,<environment.Job instance at 0x15502ed22a50>,1,26,[10  1],2,20,46,18,20
1,<environment.Job instance at 0x15502ebfbd70>,4,1,[14  2],7,7,8,0,7
1,<environment.Job instance at 0x15502ebfb3c0>,2,3,[2 9],5,10,13,5,10
1,<environment.Job instance at 0x15502ebfbdc0>,0,2,[11  2],1,22,24,21,22
1,<environment.Job instance at 0x15502ebfb550>,1,26,[ 1 12],3,131,157,128,131
1,<environment.Job instance at 0x15502ebfbcd0>,3,27,[ 1 11],6,1955,1982,1949,1955
1,<environment.Job instance at 0x15502fcfe320>,2,26,[7 1],4,4,30,0,4
1,<environment.Job instance at 0x15502bd4f820>,1,23,[7 1],3,4,27,1,4
1,<environment.Job instance at 0x155034959550>,4,3,[10  2],6,37,40,31,37
1,<environment.Job instance at 0x155035ead910>,4,3,[2 9],6,31,34,25,31
1,<environment.Job instance at 0x15502c66f0f0>,3,2,[11  2],5,57,59,52,57
1,<environment.Job instance at 0x155035eada00>,5,26,[9 2],8,89,115,81,89
1,<environment.Job instance at 0x1550368cd1e0>,3,28,[5 2],4,4,32,0,4
1,<environment.Job instance at 0x15502e6c4780>,6,1,[13  2],8,161,162,153,161
1,<environment.Job instance at 0x15502fd43230>,0,1,[1 6],2,2,3,0,2
1,<environment.Job instance at 0x15502fd431e0>,1,19,[2 8],3,3,22,0,3
1,<environment.Job instance at 0x15502b611050>,4,1,[ 1 14],8,21,22,13,21
1,<environment.Job instance at 0x15503496d500>,2,22,[8 2],4,4,26,0,4
1,<environment.Job instance at 0x15502fc19af0>,3,25,[2 8],5,26,51,21,26
1,<environment.Job instance at 0x15502b81eb40>,0,28,[9 1],1,1,29,0,1
1,<environment.Job instance at 0x15502b81e050>,1,23,[1 7],2,2,25,0,2
1,<environment.Job instance at 0x15502b37fa00>,6,25,[6 1],7,25,50,18,21
1,<environment.Job instance at 0x15502b37f0a0>,7,23,[ 1 12],9,29,52,20,23
1,<environment.Job instance at 0x15502b37f230>,2,1,[ 2 11],3,76,77,73,76
1,<environment.Job instance at 0x15502b37f820>,5,13,[2 5],6,118,131,112,118
1,<environment.Job instance at 0x15502b37fc80>,0,23,[ 1 10],2,2,25,0,2
1,<environment.Job instance at 0x15502b47d2d0>,4,17,[ 2 11],8,9,26,1,9
1,<environment.Job instance at 0x15502b47d230>,5,1,[10  2],9,18,19,9,18
1,<environment.Job instance at 0x15502b450af0>,0,15,[ 2 11],1,29,44,28,29
1,<environment.Job instance at 0x15502b450780>,1,19,[14  1],4,60,79,56,60
1,<environment.Job instance at 0x15502b450370>,3,15,[6 2],7,2455,2470,2448,2455
1,<environment.Job instance at 0x1550301bf370>,3,20,[ 2 11],4,8,28,4,8
1,<environment.Job instance at 0x155035e7a0f0>,4,1,[1 6],5,28,29,23,26
1,<environment.Job instance at 0x1550301bf550>,6,19,[ 1 11],9,112,131,103,112
1,<environment.Job instance at 0x15502bc4f5a0>,0,26,[9 2],1,1,27,0,1
1,<environment.Job instance at 0x15502bc4f780>,3,1,[1 5],7,16,17,9,16
1,<environment.Job instance at 0x15502d144cd0>,2,23,[10  2],5,41,64,36,41
1,<environment.Job instance at 0x15502b635d70>,4,15,[12  1],9,465,480,456,465
1,<environment.Job instance at 0x15502b635410>,0,1,[1 6],3,3,4,0,3
1,<environment.Job instance at 0x15502ecb9af0>,4,12,[ 1 11],8,117,129,109,117
1,<environment.Job instance at 0x1550801b77d0>,6,2,[9 1],8,10,12,2,10
1,<environment.Job instance at 0x1550801b7fa0>,7,1,[ 2 10],9,11,12,2,11
1,<environment.Job instance at 0x15502be3a5f0>,2,14,[ 2 14],4,16,30,12,16
1,<environment.Job instance at 0x1550801b7460>,4,16,[6 1],6,23,39,17,23
1,<environment.Job instance at 0x15502b748af0>,4,18,[13  1],8,12,30,4,12
1,<environment.Job instance at 0x15502b748190>,5,2,[1 5],9,13,15,4,13
1,<environment.Job instance at 0x1550612e3eb0>,0,19,[14  2],4,30,49,26,25
1,<environment.Job instance at 0x1550612e3fa0>,2,14,[10  2],6,49,63,43,44
1,<environment.Job instance at 0x15502b748fa0>,3,23,[2 7],7,220,243,213,220
1,<environment.Job instance at 0x1550301d1050>,1,28,[ 2 10],3,3,31,0,3
1,<environment.Job instance at 0x15502e7cea50>,6,1,[9 2],9,9,10,0,9
1,<environment.Job instance at 0x1550301d10f0>,2,18,[13  2],5,244,262,239,244
1,<environment.Job instance at 0x1550301d12d0>,3,14,[11  1],6,269,283,263,269
1,<environment.Job instance at 0x15502bc51af0>,1,20,[6 1],5,6,26,1,6
1,<environment.Job instance at 0x1550616924b0>,3,1,[ 1 13],8,11,12,3,11
1,<environment.Job instance at 0x15502bc51d70>,0,24,[13  2],4,47,71,43,47
1,<environment.Job instance at 0x15502baa5140>,4,16,[12  1],9,1074,1090,1065,1074
1,<environment.Job instance at 0x155060114910>,0,21,[8 1],1,1,22,0,1
1,<environment.Job instance at 0x15502c596c30>,5,2,[2 7],7,7,9,0,7
1,<environment.Job instance at 0x15502c596320>,6,19,[10  1],8,22,41,14,12
1,<environment.Job instance at 0x15502c5966e0>,3,17,[9 1],5,41,58,36,29
1,<environment.Job instance at 0x15502e6cff00>,4,2,[10  1],6,106,108,100,106
1,<environment.Job instance at 0x15502e6cfeb0>,2,1,[11  1],4,117,118,113,117
1,<environment.Job instance at 0x15502b883640>,4,27,[13  1],8,12,39,4,12
1,<environment.Job instance at 0x15502e710d20>,4,24,[9 2],7,11,35,4,11
1,<environment.Job instance at 0x15502e710eb0>,5,3,[8 1],8,35,38,27,12
1,<environment.Job instance at 0x15502e710af0>,6,3,[11  2],9,38,41,29,12
1,<environment.Job instance at 0x15502b4cbb90>,2,1,[12  1],5,41,42,36,40
1,<environment.Job instance at 0x15502b4cb500>,0,15,[13  2],1,78,93,77,78
1,<environment.Job instance at 0x15502b4cb4b0>,1,2,[11  2],2,93,95,91,93
1,<environment.Job instance at 0x15502e7100f0>,3,17,[8 1],6,214,231,208,214
1,<environment.Job instance at 0x155036002c80>,5,21,[13  2],8,10,31,2,10
1,<environment.Job instance at 0x15502fd71f50>,4,24,[2 9],6,6,30,0,6
1,<environment.Job instance at 0x15502ea6e5f0>,7,2,[14  2],9,252,254,243,252
1,<environment.Job instance at 0x15502b748870>,0,22,[2 5],1,1,23,0,1
1,<environment.Job instance at 0x15502e6e10a0>,6,1,[6 2],9,23,24,14,23
1,<environment.Job instance at 0x15502e6e1910>,4,2,[7 1],7,24,26,17,24
1,<environment.Job instance at 0x15502ea6e5f0>,2,14,[ 1 11],3,187,201,184,187
1,<environment.Job instance at 0x1550609854b0>,2,16,[7 1],6,6,22,0,6
1,<environment.Job instance at 0x155036017aa0>,4,21,[ 1 10],5,5,26,0,5
1,<environment.Job instance at 0x15502fd43410>,5,3,[9 1],6,6,9,0,6
1,<environment.Job instance at 0x15502b8783c0>,6,2,[14  1],8,9,11,1,8
1,<environment.Job instance at 0x15502fd430a0>,7,1,[2 6],9,26,27,17,9
1,<environment.Job instance at 0x15502b4a6b90>,2,2,[8 2],3,11,13,8,11
1,<environment.Job instance at 0x15502b878780>,0,20,[13  2],1,25,45,24,25
1,<environment.Job instance at 0x155031a7e6e0>,1,23,[ 1 11],2,513,536,511,513
1,<environment.Job instance at 0x15502b878910>,3,3,[ 2 11],4,1220,1223,1216,1220
1,<environment.Job instance at 0x15502b965550>,2,25,[ 2 10],4,4,29,0,4
1,<environment.Job instance at 0x15502fd43550>,3,17,[ 2 14],5,31,48,26,31
1,<environment.Job instance at 0x15502e6706e0>,5,3,[ 2 13],9,52,55,43,52
1,<environment.Job instance at 0x15502b1948c0>,0,2,[ 1 12],1,1,3,0,1
1,<environment.Job instance at 0x15502b59ae60>,7,27,[10  1],8,12,39,4,12
1,<environment.Job instance at 0x15502bf48e10>,5,15,[ 1 14],6,1103,1118,1097,1103
1,<environment.Job instance at 0x15502ebcda50>,5,1,[ 1 14],6,9,10,3,9
1,<environment.Job instance at 0x15502ebcdaa0>,6,17,[1 8],7,12,29,5,12
1,<environment.Job instance at 0x15502ebcdd20>,7,2,[8 2],8,13,15,5,13
1,<environment.Job instance at 0x15502ebcd460>,8,20,[1 7],9,15,35,6,13
1,<environment.Job instance at 0x15502b59a3c0>,2,3,[5 2],3,33,36,30,33
1,<environment.Job instance at 0x15502ebcdc80>,4,18,[1 6],5,215,233,210,215
1,<environment.Job instance at 0x15502b8ab820>,1,3,[11  1],2,608,611,606,608
1,<environment.Job instance at 0x15502b878960>,3,24,[ 2 13],8,8,32,0,8
1,<environment.Job instance at 0x15502be1ceb0>,0,23,[5 1],1,1,24,0,1
1,<environment.Job instance at 0x15502be1c820>,3,21,[ 2 14],4,4,25,0,4
1,<environment.Job instance at 0x15502be1c3c0>,5,18,[12  1],7,25,43,18,25
1,<environment.Job instance at 0x15502ebcd230>,2,24,[14  2],3,69,93,66,69
1,<environment.Job instance at 0x15502b876050>,5,1,[1 6],7,7,8,0,7
1,<environment.Job instance at 0x15502b33a780>,4,2,[1 7],6,6,8,0,6
1,<environment.Job instance at 0x15502d160f50>,2,1,[7 1],3,7,8,4,7
1,<environment.Job instance at 0x15502b33a460>,5,1,[5 2],9,11,12,2,11
1,<environment.Job instance at 0x15502d160a50>,0,3,[ 2 12],1,59,62,58,59
1,<environment.Job instance at 0x15502b33a730>,3,23,[13  1],5,183,206,178,183
1,<environment.Job instance at 0x1550615848c0>,0,1,[2 5],4,4,5,0,4
1,<environment.Job instance at 0x155061584a00>,1,20,[7 2],5,5,25,0,5
1,<environment.Job instance at 0x15502b322dc0>,1,2,[ 1 11],2,2,4,0,2
1,<environment.Job instance at 0x15502fc52eb0>,1,13,[ 1 11],2,920,933,918,920
1,<environment.Job instance at 0x15502b437550>,4,17,[7 1],7,8,25,1,8
1,<environment.Job instance at 0x15502b437eb0>,5,3,[6 2],9,10,13,1,10
1,<environment.Job instance at 0x15502fe20050>,2,26,[ 2 10],4,60,86,56,60
1,<environment.Job instance at 0x15502b023aa0>,0,12,[ 1 12],1,313,325,312,313
1,<environment.Job instance at 0x15502b4376e0>,3,1,[ 2 14],6,923,924,917,923
1,<environment.Job instance at 0x15502b43d9b0>,3,2,[12  1],7,37,39,30,37
1,<environment.Job instance at 0x15502b43de60>,5,12,[ 2 11],9,1140,1152,1131,1140
1,<environment.Job instance at 0x15502b437f50>,0,1,[ 1 10],2,2,3,0,2
1,<environment.Job instance at 0x15502e711f50>,5,1,[1 6],8,83,84,75,83
1,<environment.Job instance at 0x15502b43de60>,2,13,[13  1],4,372,385,368,372
1,<environment.Job instance at 0x15502e711c80>,4,1,[14  1],7,901,902,894,901
1,<environment.Job instance at 0x155061943960>,5,20,[1 9],6,6,26,0,6
1,<environment.Job instance at 0x155061943190>,3,27,[11  1],4,10,37,6,10
1,<environment.Job instance at 0x155061943f50>,6,28,[ 2 12],8,26,54,18,25
1,<environment.Job instance at 0x155061943870>,2,1,[1 8],3,62,63,59,62
1,<environment.Job instance at 0x155061943370>,1,3,[13  1],2,72,75,70,72
1,<environment.Job instance at 0x155061943b40>,4,27,[7 1],5,177,204,172,177
1,<environment.Job instance at 0x15503012dc30>,2,3,[9 1],4,7,10,3,7
1,<environment.Job instance at 0x15503012d2d0>,0,17,[ 2 14],2,42,59,40,42
1,<environment.Job instance at 0x15502b322cd0>,4,1,[14  1],7,395,396,388,395
1,<environment.Job instance at 0x15502b322190>,0,2,[6 2],2,2,4,0,2
1,<environment.Job instance at 0x15502ecdf8c0>,4,2,[6 2],5,6,8,1,6
1,<environment.Job instance at 0x15502bd3e500>,1,1,[ 1 11],2,7,8,5,7
1,<environment.Job instance at 0x15502fd51640>,6,28,[2 9],8,8,36,0,8
1,<environment.Job instance at 0x15502fd51a50>,7,2,[ 1 13],9,42,44,33,42
1,<environment.Job instance at 0x15502fd512d0>,5,1,[ 1 12],6,128,129,122,128
1,<environment.Job instance at 0x155035e345a0>,1,23,[6 1],2,2,25,0,2
1,<environment.Job instance at 0x15502be1f140>,3,28,[2 5],4,4,32,0,4
1,<environment.Job instance at 0x15502be1f5f0>,5,2,[ 1 11],9,41,43,32,41
1,<environment.Job instance at 0x15502fc709b0>,0,1,[1 5],1,1,2,0,1
1,<environment.Job instance at 0x15502fc700a0>,3,26,[8 2],7,7,33,0,7
1,<environment.Job instance at 0x15502fc70c80>,4,19,[ 1 14],8,33,52,25,26
1,<environment.Job instance at 0x15502ea8f5f0>,0,2,[ 1 13],1,1,3,0,1
1,<environment.Job instance at 0x15502ea8fe60>,1,22,[6 1],3,3,25,0,3
1,<environment.Job instance at 0x15502b9fecd0>,7,1,[1 9],9,9,10,0,9
1,<environment.Job instance at 0x15502ea8f2d0>,6,24,[1 8],8,48,72,40,48
1,<environment.Job instance at 0x15502ea8fd20>,2,3,[14  2],4,132,135,128,132
1,<environment.Job instance at 0x15502ea8f0a0>,3,24,[ 1 11],5,772,796,767,772
1,<environment.Job instance at 0x15502b610d70>,7,2,[8 2],8,8,10,0,8
1,<environment.Job instance at 0x15502b6105a0>,8,1,[11  2],9,10,11,1,10
1,<environment.Job instance at 0x15502b610dc0>,5,1,[14  2],6,28,29,22,28
1,<environment.Job instance at 0x15502b610d20>,3,2,[13  1],4,84,86,80,84
1,<environment.Job instance at 0x155030180e60>,4,13,[13  1],5,116,129,111,116
1,<environment.Job instance at 0x15502b610870>,6,17,[ 2 11],7,185,202,178,185
1,<environment.Job instance at 0x15502e6bb780>,2,26,[14  2],3,8,34,5,8
1,<environment.Job instance at 0x15502e6bb690>,4,3,[ 1 12],6,49,52,43,49
1,<environment.Job instance at 0x15502b610870>,3,1,[1 7],4,52,53,48,52
1,<environment.Job instance at 0x15502e6bbbe0>,5,3,[11  2],7,897,900,890,897
1,<environment.Job instance at 0x15502b4066e0>,3,14,[1 9],4,6,20,2,6
1,<environment.Job instance at 0x155036971960>,5,3,[9 1],7,10,13,3,10
1,<environment.Job instance at 0x155036971cd0>,6,25,[2 8],9,20,45,11,17
1,<environment.Job instance at 0x15502b610e60>,2,22,[ 1 11],3,105,127,102,105
1,<environment.Job instance at 0x15502b406d20>,1,12,[14  2],2,409,421,407,409
1,<environment.Job instance at 0x15502b406140>,4,25,[ 2 13],5,2111,2136,2106,2111
1,<environment.Job instance at 0x15502fdb3280>,6,25,[2 9],8,10,35,2,10
1,<environment.Job instance at 0x15502fdb3050>,4,3,[11  1],6,32,35,26,32
1,<environment.Job instance at 0x155036971be0>,2,24,[ 1 12],4,35,59,31,35
1,<environment.Job instance at 0x15502fdb30a0>,5,2,[2 5],7,59,61,52,51
1,<environment.Job instance at 0x15502fdb3d20>,3,1,[ 1 10],5,59,60,54,59
1,<environment.Job instance at 0x15502f3b3280>,0,2,[ 1 13],1,1,3,0,1
1,<environment.Job instance at 0x15502bd79230>,7,26,[8 2],9,10,36,1,10
1,<environment.Job instance at 0x15502f3b3550>,2,12,[12  2],4,111,123,107,111
1,<environment.Job instance at 0x15502bd79aa0>,6,1,[13  2],8,349,350,341,349
1,<environment.Job instance at 0x15502bf1dd70>,2,20,[2 6],3,6,26,3,6
1,<environment.Job instance at 0x15502ba47820>,6,23,[ 2 12],8,26,49,18,20
1,<environment.Job instance at 0x15502bf1d230>,3,15,[ 1 14],4,56,71,52,56
1,<environment.Job instance at 0x15502bf1d1e0>,1,3,[14  2],2,138,141,136,138
1,<environment.Job instance at 0x15502ba478c0>,4,17,[2 7],6,141,158,135,138
1,<environment.Job instance at 0x15502b3a2f00>,2,12,[9 1],7,12,24,5,12
1,<environment.Job instance at 0x15502b3ac320>,3,1,[10  2],7,7,8,0,7
1,<environment.Job instance at 0x15502b3ac550>,4,23,[2 6],9,11,34,2,11
1,<environment.Job instance at 0x15502b3a2b40>,1,2,[ 1 13],2,37,39,35,37
1,<environment.Job instance at 0x15503005eb90>,3,2,[1 6],4,7,9,3,7
1,<environment.Job instance at 0x15503005ec80>,4,3,[6 1],7,7,10,0,7
1,<environment.Job instance at 0x15503005e230>,5,1,[ 2 11],9,54,55,45,54
1,<environment.Job instance at 0x15502fe01410>,0,1,[14  1],1,177,178,176,177
1,<environment.Job instance at 0x155035fdcc80>,4,3,[14  2],7,9,12,2,9
1,<environment.Job instance at 0x155035fdc0f0>,5,2,[1 5],8,9,11,1,9
1,<environment.Job instance at 0x155035fdc960>,2,19,[7 2],5,13,32,8,13
1,<environment.Job instance at 0x155035fdc410>,0,28,[12  1],1,36,64,35,36
1,<environment.Job instance at 0x155035fdc500>,1,20,[13  1],3,145,165,142,145
1,<environment.Job instance at 0x15502b015410>,0,22,[2 6],2,2,24,0,2
1,<environment.Job instance at 0x15502dba70a0>,5,25,[8 2],8,8,33,0,8
1,<environment.Job instance at 0x15502e6a4a50>,6,15,[11  1],9,33,48,24,19
1,<environment.Job instance at 0x1550609c84b0>,3,13,[2 5],6,21,34,15,21
1,<environment.Job instance at 0x1550609c8910>,1,12,[ 2 12],4,184,196,180,184
1,<environment.Job instance at 0x15502e6a4370>,2,26,[14  1],3,123,149,120,123
1,<environment.Job instance at 0x15502b47daa0>,0,2,[ 2 10],3,3,5,0,3
1,<environment.Job instance at 0x15502b47daf0>,2,25,[8 2],6,7,32,1,7
1,<environment.Job instance at 0x15503602bcd0>,1,16,[12  1],2,170,186,168,170
1,<environment.Job instance at 0x15502b0c8fa0>,1,22,[8 1],2,3,25,1,3
1,<environment.Job instance at 0x15502b0c81e0>,2,22,[ 2 14],3,5,27,2,5
1,<environment.Job instance at 0x15502fd519b0>,6,2,[6 1],8,25,27,17,8
1,<environment.Job instance at 0x15502fcc87d0>,7,3,[8 1],9,27,30,18,9
1,<environment.Job instance at 0x15502fd51d70>,4,1,[10  1],6,30,31,24,11
1,<environment.Job instance at 0x15502bbd47d0>,0,2,[ 1 14],1,31,33,30,31
1,<environment.Job instance at 0x15502fcc8a50>,2,22,[13  2],3,3,25,0,3
1,<environment.Job instance at 0x15502b7593c0>,6,25,[1 5],8,38,63,30,38
1,<environment.Job instance at 0x15502eb19fa0>,3,21,[9 2],6,7,28,1,7
1,<environment.Job instance at 0x15503018dd20>,1,2,[12  2],2,28,30,26,14
1,<environment.Job instance at 0x15502eb19e60>,5,1,[13  1],8,30,31,22,18
1,<environment.Job instance at 0x15503018d6e0>,2,15,[14  2],4,33,48,29,33
1,<environment.Job instance at 0x15502eb19960>,4,26,[2 6],7,69,95,62,69
1,<environment.Job instance at 0x15502b54ae60>,3,17,[10  2],8,9,26,1,9
1,<environment.Job instance at 0x1550600f9f00>,1,3,[ 2 12],4,51,54,47,51
1,<environment.Job instance at 0x15502b54ab40>,4,13,[5 2],9,96,109,87,96
1,<environment.Job instance at 0x15503697a7d0>,3,1,[ 1 12],7,7,8,0,7
1,<environment.Job instance at 0x15503697a0a0>,0,1,[ 1 14],2,8,9,6,7
1,<environment.Job instance at 0x15503697a5f0>,5,26,[5 2],9,25,51,16,25
1,<environment.Job instance at 0x15503697ad70>,4,17,[ 1 11],8,282,299,274,282
1,<environment.Job instance at 0x15503697a730>,2,26,[ 2 11],6,337,363,331,337
1,<environment.Job instance at 0x15502b2a4780>,4,26,[6 2],5,5,31,0,5
1,<environment.Job instance at 0x15502b2a45a0>,8,26,[2 5],9,11,37,2,11
1,<environment.Job instance at 0x15502bcbb780>,4,13,[10  1],8,85,98,77,85
1,<environment.Job instance at 0x15502b2a4be0>,2,12,[11  1],3,386,398,383,386
1,<environment.Job instance at 0x15502b2a4aa0>,3,15,[ 1 11],7,774,789,767,774
1,<environment.Job instance at 0x155036010dc0>,2,2,[ 2 10],4,6,8,2,6
1,<environment.Job instance at 0x15502b3cc550>,4,12,[10  1],6,9,21,3,9
1,<environment.Job instance at 0x15502b3ccc80>,5,26,[2 6],7,20,46,13,20
1,<environment.Job instance at 0x15502b2a4aa0>,6,26,[8 2],8,30,56,22,30
1,<environment.Job instance at 0x155036010870>,0,17,[14  2],1,98,115,97,98
1,<environment.Job instance at 0x15502b3ccfa0>,3,18,[1 5],5,186,204,181,186
1,<environment.Job instance at 0x15502ed7f550>,0,2,[ 1 10],1,2,4,1,2
1,<environment.Job instance at 0x15502b42f370>,5,2,[ 2 14],8,12,14,4,12
1,<environment.Job instance at 0x15502b42f460>,6,1,[14  1],9,27,28,18,27
1,<environment.Job instance at 0x155060020c80>,4,2,[ 1 13],8,13,15,5,13
1,<environment.Job instance at 0x1550600207d0>,5,1,[ 1 13],9,15,16,6,15
1,<environment.Job instance at 0x15502b52c1e0>,4,28,[ 1 12],6,20,48,14,20
1,<environment.Job instance at 0x15502bc6b140>,6,12,[5 2],8,20,32,12,20
1,<environment.Job instance at 0x15502bc6ba00>,7,19,[ 2 13],9,48,67,39,45
1,<environment.Job instance at 0x1550600201e0>,1,18,[ 1 12],2,67,85,65,60
1,<environment.Job instance at 0x15502b52c960>,5,3,[6 1],7,266,269,259,266
1,<environment.Job instance at 0x15502ec682d0>,3,21,[14  2],5,28,49,23,28
1,<environment.Job instance at 0x15502b146e10>,5,1,[12  1],8,358,359,350,358
1,<environment.Job instance at 0x15502ec48be0>,2,28,[11  1],7,13,41,6,13
1,<environment.Job instance at 0x15502eaf7fa0>,1,20,[ 2 14],2,6,26,4,6
1,<environment.Job instance at 0x15502eaf7cd0>,2,3,[1 8],4,31,34,27,31
1,<environment.Job instance at 0x1550609952d0>,3,25,[ 2 12],5,43,68,38,43
1,<environment.Job instance at 0x155060995280>,5,14,[11  2],8,313,327,305,313
1,<environment.Job instance at 0x15502c604780>,0,26,[7 1],2,2,28,0,2
1,<environment.Job instance at 0x15502ea64730>,3,17,[ 2 11],9,78,95,69,78
1,<environment.Job instance at 0x155061316870>,4,19,[2 6],5,6,25,1,6
1,<environment.Job instance at 0x1550613168c0>,5,1,[10  1],7,7,8,0,7
1,<environment.Job instance at 0x155061316820>,6,1,[ 1 14],8,25,26,17,8
1,<environment.Job instance at 0x155061316f00>,7,3,[1 9],9,10,13,1,10
1,<environment.Job instance at 0x15502b13a410>,2,1,[2 6],3,18,19,15,18
1,<environment.Job instance at 0x15502b13a3c0>,0,22,[ 1 12],1,38,60,37,38
1,<environment.Job instance at 0x15502b13a500>,1,25,[11  1],2,65,90,63,65
1,<environment.Job instance at 0x1550600b0230>,0,2,[ 2 14],1,1,3,0,1
1,<environment.Job instance at 0x1550301e3be0>,5,3,[1 9],8,15,18,7,15
1,<environment.Job instance at 0x1550301e3280>,4,1,[12  2],7,92,93,85,92
1,<environment.Job instance at 0x15502bb0f3c0>,0,23,[11  2],4,8,31,4,8
1,<environment.Job instance at 0x1550301f0e60>,2,14,[13  1],3,75,89,72,75
1,<environment.Job instance at 0x1550301f0190>,5,22,[ 2 14],6,89,111,83,89
1,<environment.Job instance at 0x1550301f0870>,4,1,[12  1],5,132,133,127,132
1,<environment.Job instance at 0x15502ed474b0>,0,22,[ 2 12],1,1,23,0,1
1,<environment.Job instance at 0x15502b5920a0>,4,1,[ 2 13],6,27,28,21,27
1,<environment.Job instance at 0x15502ed47910>,2,12,[12  2],4,267,279,263,267
1,<environment.Job instance at 0x15502b5920f0>,5,1,[11  2],7,484,485,477,484
1,<environment.Job instance at 0x15502b592410>,1,24,[ 2 14],2,4,28,2,4
1,<environment.Job instance at 0x15506008b0f0>,3,18,[12  2],4,124,142,120,124
1,<environment.Job instance at 0x15506008b820>,6,26,[9 1],7,611,637,604,611
1,<environment.Job instance at 0x15502e5fe730>,6,27,[ 2 10],9,13,40,4,13
1,<environment.Job instance at 0x15502e5fe050>,3,3,[ 2 11],6,40,43,34,40
1,<environment.Job instance at 0x15502e5fec80>,4,25,[1 9],7,45,70,38,45
1,<environment.Job instance at 0x15502eb8d2d0>,0,2,[ 2 11],1,71,73,70,71
1,<environment.Job instance at 0x15502e5feaf0>,5,2,[ 2 12],8,140,142,132,140
1,<environment.Job instance at 0x15502fd54e60>,3,3,[ 1 13],7,62,65,55,62
1,<environment.Job instance at 0x15502fd54e10>,5,15,[11  2],9,72,87,63,72
1,<environment.Job instance at 0x15502b30b870>,4,2,[8 1],9,9,11,0,9
1,<environment.Job instance at 0x15502b4cbd20>,0,2,[12  2],1,103,105,102,103
1,<environment.Job instance at 0x15502b4cbf50>,1,24,[ 2 13],2,170,194,168,170
1,<environment.Job instance at 0x15502fc3a7d0>,5,1,[8 2],9,29,30,20,29
1,<environment.Job instance at 0x15502b30b690>,0,14,[14  2],1,95,109,94,95
1,<environment.Job instance at 0x15502b3413c0>,2,1,[ 2 12],4,10,11,6,10
1,<environment.Job instance at 0x15502fc2a730>,0,28,[12  2],1,10,38,9,10
1,<environment.Job instance at 0x15502b341eb0>,4,1,[8 2],8,38,39,30,10
1,<environment.Job instance at 0x15502fc2a320>,1,3,[ 2 14],3,50,53,47,50
1,<environment.Job instance at 0x155035e798c0>,3,27,[ 2 14],5,8,35,3,8
1,<environment.Job instance at 0x155035e79a00>,4,1,[12  2],6,91,92,85,91
1,<environment.Job instance at 0x15502b883dc0>,1,12,[10  1],2,3,15,1,3
1,<environment.Job instance at 0x15502b883820>,4,3,[2 7],8,29,32,21,29
1,<environment.Job instance at 0x15502b8838c0>,5,21,[8 2],9,39,60,30,39
1,<environment.Job instance at 0x15502ebda640>,2,21,[ 2 10],3,3,24,0,3
1,<environment.Job instance at 0x15502ebda280>,7,3,[8 1],9,9,12,0,9
1,<environment.Job instance at 0x15502ebdac80>,5,2,[ 2 10],6,25,27,19,25
1,<environment.Job instance at 0x15502ebdaa00>,3,14,[ 1 14],4,239,253,235,239
1,<environment.Job instance at 0x15502ebdab40>,6,3,[14  1],8,2898,2901,2890,2898
1,<environment.Job instance at 0x15502b7483c0>,0,16,[13  1],3,23,39,20,23
1,<environment.Job instance at 0x15502b748960>,1,16,[ 1 12],9,863,879,854,863
1,<environment.Job instance at 0x15503009d050>,5,1,[2 7],9,73,74,64,73
1,<environment.Job instance at 0x15503009d410>,3,1,[ 2 11],6,162,163,156,162
1,<environment.Job instance at 0x155036942dc0>,1,17,[12  2],2,279,296,277,279
1,<environment.Job instance at 0x15503009da00>,4,1,[13  2],8,869,870,861,869
1,<environment.Job instance at 0x15502beb2a50>,0,20,[ 1 11],2,2,22,0,2
1,<environment.Job instance at 0x15502bdc50a0>,1,26,[9 1],3,3,29,0,3
1,<environment.Job instance at 0x15502b994f50>,4,2,[ 1 10],6,28,30,22,28
1,<environment.Job instance at 0x15502b9946e0>,5,22,[8 1],7,36,58,29,36
1,<environment.Job instance at 0x15502bdc5eb0>,2,1,[13  2],4,72,73,68,72
1,<environment.Job instance at 0x1550369514b0>,0,17,[13  1],2,12,29,10,12
1,<environment.Job instance at 0x155031a96960>,4,1,[2 5],7,12,13,5,12
1,<environment.Job instance at 0x155036951e10>,1,3,[10  1],3,29,32,26,18
1,<environment.Job instance at 0x155036951c80>,2,20,[ 1 11],5,24,44,19,24
1,<environment.Job instance at 0x155031a96f00>,3,16,[7 1],6,33,49,27,33
1,<environment.Job instance at 0x155031a96050>,2,17,[7 1],3,4,21,1,4
1,<environment.Job instance at 0x155060054780>,7,2,[13  2],8,39,41,31,39
1,<environment.Job instance at 0x155060054dc0>,8,18,[14  1],9,358,376,349,358
1,<environment.Job instance at 0x15502bbe17d0>,3,27,[6 1],6,23,50,17,23
1,<environment.Job instance at 0x15502bcdaa50>,1,21,[6 2],2,2,23,0,2
1,<environment.Job instance at 0x15502be43d20>,2,25,[7 2],3,4,29,1,4
1,<environment.Job instance at 0x15506012d870>,3,1,[ 1 11],4,5,6,1,5
1,<environment.Job instance at 0x15502b35eb40>,1,19,[1 5],2,2,21,0,2
1,<environment.Job instance at 0x15502b900c30>,0,2,[ 2 13],1,1,3,0,1
1,<environment.Job instance at 0x1550600a3690>,7,15,[2 5],9,9,24,0,9
1,<environment.Job instance at 0x1550600a3a50>,6,19,[1 8],7,10,29,3,10
1,<environment.Job instance at 0x15502b900910>,2,14,[14  2],3,31,45,28,31
1,<environment.Job instance at 0x1550600a3d70>,5,18,[10  1],6,1371,1389,1365,1371
1,<environment.Job instance at 0x155036011910>,5,2,[ 1 14],6,6,8,0,6
1,<environment.Job instance at 0x15503004ea50>,6,13,[ 2 13],7,182,195,175,182
1,<environment.Job instance at 0x15502c66fd20>,2,16,[9 1],4,5,21,1,5
1,<environment.Job instance at 0x15503004ea50>,5,18,[6 2],8,8,26,0,8
1,<environment.Job instance at 0x15502b18d550>,6,2,[10  2],9,26,28,17,9
1,<environment.Job instance at 0x155035e523c0>,4,2,[5 2],6,21,23,15,10
1,<environment.Job instance at 0x15502c5b6640>,0,18,[ 1 12],1,114,132,113,114
1,<environment.Job instance at 0x15502e670aa0>,6,24,[2 6],8,10,34,2,10
1,<environment.Job instance at 0x15502e670cd0>,7,2,[7 1],9,10,12,1,10
1,<environment.Job instance at 0x15502eb15fa0>,2,2,[12  1],4,91,93,87,91
1,<environment.Job instance at 0x15502e6705a0>,5,1,[ 2 10],7,458,459,451,458
1,<environment.Job instance at 0x15502e693af0>,1,22,[8 1],7,7,29,0,7
1,<environment.Job instance at 0x155036916d70>,2,3,[ 1 14],8,37,40,29,37
1,<environment.Job instance at 0x1550369c44b0>,0,2,[2 7],1,1,3,0,1
1,<environment.Job instance at 0x15502c6611e0>,2,2,[ 1 12],3,5,7,2,5
1,<environment.Job instance at 0x1550369acbe0>,3,15,[2 9],4,224,239,220,224
1,<environment.Job instance at 0x1550369aca50>,7,18,[14  2],8,315,333,307,315
1,<environment.Job instance at 0x15502b78ac80>,5,16,[11  1],8,13,29,5,13
1,<environment.Job instance at 0x15502b78aaf0>,3,1,[1 8],9,16,17,7,16
1,<environment.Job instance at 0x15502b78ac80>,1,1,[11  1],2,52,53,50,52
1,<environment.Job instance at 0x15502c6739b0>,4,2,[10  1],8,11,13,3,11
1,<environment.Job instance at 0x15502b98c960>,2,14,[ 2 12],4,125,139,121,125
1,<environment.Job instance at 0x15502c673a50>,5,18,[11  1],9,401,419,392,401
1,<environment.Job instance at 0x15502eb19eb0>,2,21,[13  2],4,9,30,5,9
1,<environment.Job instance at 0x15502bcf2d70>,4,1,[2 6],8,30,31,22,30
1,<environment.Job instance at 0x15503601e0a0>,3,26,[ 1 13],7,39,65,32,39
1,<environment.Job instance at 0x15502bcf2640>,1,15,[14  1],2,1739,1754,1737,1739
1,<environment.Job instance at 0x155035fc8dc0>,4,12,[1 6],6,8,20,2,8
1,<environment.Job instance at 0x155035fc8230>,5,21,[5 2],7,13,34,6,13
1,<environment.Job instance at 0x155035fc8be0>,6,13,[12  1],9,34,47,25,18
1,<environment.Job instance at 0x1550360290f0>,2,15,[1 7],4,29,44,25,29
1,<environment.Job instance at 0x155036029410>,0,14,[ 2 12],1,223,237,222,223
1,<environment.Job instance at 0x155035fc8500>,3,21,[11  2],5,378,399,373,378
1,<environment.Job instance at 0x15502b12a730>,2,19,[10  2],6,6,25,0,6
1,<environment.Job instance at 0x15502b0b5410>,4,19,[6 1],8,8,27,0,8
1,<environment.Job instance at 0x1550300c8370>,3,27,[2 5],7,17,44,10,17
1,<environment.Job instance at 0x15502ea70cd0>,2,18,[13  2],5,44,62,39,44
1,<environment.Job instance at 0x155035f42f00>,0,16,[ 2 12],1,62,78,61,62
1,<environment.Job instance at 0x15502b049dc0>,1,3,[11  1],5,704,707,699,704
1,<environment.Job instance at 0x15502b786690>,5,18,[12  2],9,22,40,13,22
1,<environment.Job instance at 0x15502b786cd0>,1,14,[11  1],2,40,54,38,35
1,<environment.Job instance at 0x15502b786140>,2,1,[ 1 12],4,40,41,36,40
1,<environment.Job instance at 0x15502b786be0>,3,12,[9 2],5,89,101,84,89
1,<environment.Job instance at 0x1550300ba730>,3,24,[9 1],8,15,39,7,15
1,<environment.Job instance at 0x15502b748d70>,6,23,[7 2],9,10,33,1,10
1,<environment.Job instance at 0x15502b748eb0>,4,1,[13  1],7,131,132,124,131
1,<environment.Job instance at 0x15502ed22aa0>,6,18,[14  2],8,10,28,2,10
1,<environment.Job instance at 0x15502ed22690>,3,12,[14  1],5,28,40,23,27
1,<environment.Job instance at 0x155035dd2500>,1,3,[ 1 11],3,121,124,118,121
1,<environment.Job instance at 0x15502ed224b0>,5,3,[12  2],7,651,654,644,651
1,<environment.Job instance at 0x15502ec48f00>,0,2,[2 9],1,1,3,0,1
1,<environment.Job instance at 0x1550301f0690>,5,1,[13  1],7,11,12,4,11
1,<environment.Job instance at 0x1550300e1d20>,0,20,[5 1],1,1,21,0,1
1,<environment.Job instance at 0x15502b9e9550>,4,19,[2 9],6,31,50,25,31
1,<environment.Job instance at 0x15502fc14f00>,5,3,[12  2],7,401,404,394,401
1,<environment.Job instance at 0x15502d133280>,3,25,[1 6],4,4,29,0,4
1,<environment.Job instance at 0x155080142370>,5,2,[2 8],7,20,22,13,20
1,<environment.Job instance at 0x15502d133960>,4,2,[ 1 13],6,29,31,23,26
1,<environment.Job instance at 0x1550801422d0>,6,25,[1 7],9,41,66,32,41
1,<environment.Job instance at 0x15502fc6b4b0>,4,16,[ 2 14],8,9,25,1,9
1,<environment.Job instance at 0x1550301bf280>,0,14,[11  1],1,207,221,206,207
1,<environment.Job instance at 0x15502b797aa0>,4,20,[2 8],8,16,36,8,16
1,<environment.Job instance at 0x155035ef6500>,0,18,[ 2 13],3,40,58,37,40
1,<environment.Job instance at 0x15502bd660a0>,2,1,[10  2],6,58,59,52,58
1,<environment.Job instance at 0x15502bd66820>,1,14,[12  1],4,321,335,317,321
1,<environment.Job instance at 0x15502b7972d0>,3,3,[1 7],7,651,654,644,651
1,<environment.Job instance at 0x15502e649f00>,0,21,[6 1],1,1,22,0,1
1,<environment.Job instance at 0x15502b538230>,6,3,[10  1],9,22,25,13,9
1,<environment.Job instance at 0x15502e649370>,3,2,[ 1 14],4,14,16,10,14
1,<environment.Job instance at 0x15502b5386e0>,4,15,[10  2],6,32,47,26,32
1,<environment.Job instance at 0x15502b878d70>,4,2,[ 1 13],6,7,9,1,7
1,<environment.Job instance at 0x15502b878e10>,6,20,[13  2],8,8,28,0,8
1,<environment.Job instance at 0x15502b878aa0>,5,2,[11  2],7,59,61,52,59
1,<environment.Job instance at 0x15502eb15b40>,4,18,[1 9],8,8,26,0,8
1,<environment.Job instance at 0x15502eb15280>,2,1,[11  2],4,40,41,36,40
1,<environment.Job instance at 0x15502bd981e0>,0,2,[13  2],1,65,67,64,65
1,<environment.Job instance at 0x15502bd6f050>,3,3,[5 2],6,283,286,277,283
1,<environment.Job instance at 0x155035e3f320>,4,25,[5 2],7,7,32,0,7
1,<environment.Job instance at 0x15502ec11730>,1,3,[ 1 11],4,7,10,3,7
1,<environment.Job instance at 0x15502ec075a0>,0,23,[ 1 10],1,1,24,0,1
1,<environment.Job instance at 0x15502b57d230>,4,21,[11  2],8,16,37,8,16
1,<environment.Job instance at 0x15502e5df320>,5,15,[ 1 12],6,6,21,0,6
1,<environment.Job instance at 0x15502fd0c410>,6,2,[ 1 10],7,21,23,14,7
1,<environment.Job instance at 0x15502e5df550>,3,2,[2 8],4,23,25,19,8
1,<environment.Job instance at 0x15502fd0cfa0>,7,20,[13  2],8,8,28,0,8
1,<environment.Job instance at 0x15502fd0c3c0>,8,19,[ 2 11],9,25,44,16,25
1,<environment.Job instance at 0x15502b1b0d70>,1,24,[ 2 14],2,52,76,50,52
1,<environment.Job instance at 0x15502e5dfe10>,4,18,[11  1],5,122,140,117,122
1,<environment.Job instance at 0x15502ead4640>,0,21,[10  2],1,1,22,0,1
1,<environment.Job instance at 0x15502ba89b40>,6,27,[ 1 13],8,8,35,0,8
1,<environment.Job instance at 0x15502ba89dc0>,7,27,[1 9],9,35,62,26,35
1,<environment.Job instance at 0x15502ba895a0>,3,1,[8 1],5,68,69,63,68
1,<environment.Job instance at 0x15502b6dceb0>,2,28,[12  1],5,5,33,0,5
1,<environment.Job instance at 0x15502e5dc5f0>,4,26,[11  2],7,9,35,2,9
1,<environment.Job instance at 0x15502e5dc7d0>,5,3,[1 6],8,9,12,1,9
1,<environment.Job instance at 0x15502e5dc190>,6,1,[10  2],9,35,36,26,9
1,<environment.Job instance at 0x15502ed205f0>,0,3,[11  2],2,985,988,983,985
1,<environment.Job instance at 0x15502e5dcaa0>,3,3,[13  1],6,1062,1065,1056,1062
1,<environment.Job instance at 0x15502e5dcaa0>,2,23,[5 2],4,4,27,0,4
1,<environment.Job instance at 0x1550301c1820>,4,24,[2 6],7,33,57,26,33
1,<environment.Job instance at 0x1550301c19b0>,5,18,[2 6],9,195,213,186,195
1,<environment.Job instance at 0x15502e5dc280>,1,2,[12  2],3,275,277,272,275
1,<environment.Job instance at 0x15502d151910>,1,12,[12  1],3,6,18,3,6
1,<environment.Job instance at 0x155036892f50>,3,14,[ 1 13],6,300,314,294,300
1,<environment.Job instance at 0x1550612aaeb0>,4,25,[ 2 10],6,11,36,5,11
1,<environment.Job instance at 0x15502b004140>,3,27,[2 5],8,17,44,9,17
1,<environment.Job instance at 0x15502bd4cb90>,3,24,[6 2],5,6,30,1,6
1,<environment.Job instance at 0x15502bd4c500>,5,2,[14  1],7,30,32,23,8
1,<environment.Job instance at 0x15502bd4c5f0>,4,3,[ 2 11],6,33,36,27,33
1,<environment.Job instance at 0x15502b0ebdc0>,4,22,[6 2],8,11,33,3,11
1,<environment.Job instance at 0x15502beb6c80>,2,1,[11  1],4,46,47,42,46
1,<environment.Job instance at 0x15502beb6dc0>,0,2,[12  2],1,124,126,123,124
1,<environment.Job instance at 0x15502bf36780>,1,3,[ 2 12],3,156,159,153,156
1,<environment.Job instance at 0x1550369c65a0>,4,2,[8 1],9,11,13,2,11
1,<environment.Job instance at 0x15502c6761e0>,0,18,[12  1],1,214,232,213,214
1,<environment.Job instance at 0x1550369c6e60>,1,16,[8 1],2,2,18,0,2
1,<environment.Job instance at 0x15502d151820>,4,1,[7 1],7,10,11,3,10
1,<environment.Job instance at 0x15502d1519b0>,6,24,[5 2],9,11,35,2,10
1,<environment.Job instance at 0x15502d1517d0>,5,20,[1 8],8,24,44,16,24
1,<environment.Job instance at 0x155031a77d20>,6,21,[8 2],7,12,33,5,12
1,<environment.Job instance at 0x155031a77320>,7,25,[ 2 13],9,32,57,23,32
1,<environment.Job instance at 0x155035e0fe60>,5,1,[11  1],6,97,98,91,97
1,<environment.Job instance at 0x155031a77460>,5,1,[1 5],6,8,9,2,8
1,<environment.Job instance at 0x15502c6622d0>,6,15,[8 1],8,8,23,0,8
1,<environment.Job instance at 0x15502b650690>,2,3,[14  2],3,23,26,20,17
1,<environment.Job instance at 0x15502c662d20>,7,2,[ 2 13],9,26,28,17,24
1,<environment.Job instance at 0x15502c662f50>,3,1,[1 6],4,169,170,165,169
1,<environment.Job instance at 0x1550301389b0>,3,2,[7 1],7,13,15,6,13
1,<environment.Job instance at 0x15502b3430f0>,1,2,[ 1 13],4,21,23,17,21
1,<environment.Job instance at 0x15502b305f00>,6,15,[7 2],8,22,37,14,22
1,<environment.Job instance at 0x15502b78b730>,4,19,[14  2],6,60,79,54,60
1,<environment.Job instance at 0x15502b78b5f0>,5,25,[13  2],7,79,104,72,75
1,<environment.Job instance at 0x15502c65f8c0>,2,19,[ 2 11],3,4,23,1,4
1,<environment.Job instance at 0x155035e96be0>,6,21,[5 2],7,13,34,6,13
1,<environment.Job instance at 0x155036942eb0>,3,18,[14  2],4,325,343,321,325
1,<environment.Job instance at 0x155035fc8140>,1,24,[ 1 14],3,9,33,6,9
1,<environment.Job instance at 0x15502bf479b0>,4,27,[1 7],8,8,35,0,8
1,<environment.Job instance at 0x15502ea78820>,5,14,[6 1],9,12,26,3,12
1,<environment.Job instance at 0x15502bf477d0>,2,2,[8 1],4,33,35,29,33
1,<environment.Job instance at 0x155035fa42d0>,1,1,[1 5],3,47,48,44,47
1,<environment.Job instance at 0x155035fa4aa0>,0,2,[11  1],1,272,274,271,272
1,<environment.Job instance at 0x155035fa4910>,3,28,[ 2 11],6,535,563,529,535
1,<environment.Job instance at 0x15502b9840a0>,3,18,[ 2 11],8,46,64,38,46
1,<environment.Job instance at 0x15502be9c2d0>,0,24,[ 2 13],3,3,27,0,3
1,<environment.Job instance at 0x15502bbd30f0>,2,3,[13  1],4,195,198,191,195
1,<environment.Job instance at 0x15502b9ae7d0>,4,19,[12  2],6,6,25,0,6
1,<environment.Job instance at 0x15502b9aeb40>,5,12,[ 2 10],8,9,21,1,9
1,<environment.Job instance at 0x15502b9aebe0>,6,3,[7 2],9,25,28,16,10
1,<environment.Job instance at 0x15502b9ae8c0>,1,28,[7 2],2,62,90,60,62
1,<environment.Job instance at 0x15502b9ae190>,0,16,[11  2],1,90,106,89,89
1,<environment.Job instance at 0x15502b9aecd0>,3,18,[2 6],5,582,600,577,582
1,<environment.Job instance at 0x15502fca75a0>,1,24,[11  1],5,6,30,1,6
1,<environment.Job instance at 0x15502be1f8c0>,4,1,[ 1 14],9,43,44,34,43
1,<environment.Job instance at 0x15502b7927d0>,5,3,[13  2],7,12,15,5,12
1,<environment.Job instance at 0x155035e77190>,3,1,[9 1],5,15,16,10,14
1,<environment.Job instance at 0x15502b792780>,6,24,[1 6],8,14,38,6,14
1,<environment.Job instance at 0x15502fe0ab40>,1,15,[12  1],3,44,59,41,44
1,<environment.Job instance at 0x155035e77370>,4,3,[ 2 14],6,77,80,71,77
1,<environment.Job instance at 0x15502b792be0>,7,13,[6 1],9,79,92,70,79
1,<environment.Job instance at 0x15503007ca50>,3,28,[9 1],5,10,38,5,10
1,<environment.Job instance at 0x15503007c640>,5,24,[ 1 10],8,47,71,39,47
1,<environment.Job instance at 0x155035e2a410>,1,1,[ 1 10],4,4,5,0,4
1,<environment.Job instance at 0x15502b792820>,2,22,[12  2],5,7,29,2,7
1,<environment.Job instance at 0x15502b3b54b0>,2,1,[ 1 13],3,19,20,16,19
1,<environment.Job instance at 0x15502c59da00>,3,15,[ 2 13],5,59,74,54,59
1,<environment.Job instance at 0x15502bf61140>,0,20,[ 2 13],1,1,21,0,1
1,<environment.Job instance at 0x15502bf613c0>,5,3,[1 7],6,21,24,15,19
1,<environment.Job instance at 0x15502bf61910>,3,1,[ 2 13],4,247,248,243,247
1,<environment.Job instance at 0x15502bf61dc0>,6,14,[12  1],8,2570,2584,2562,2570
1,<environment.Job instance at 0x15502b78e6e0>,6,2,[ 2 10],7,15,17,8,15
1,<environment.Job instance at 0x15502b78ec80>,5,2,[12  2],6,15,17,9,15
1,<environment.Job instance at 0x155030139190>,3,2,[9 2],4,17,19,13,15
1,<environment.Job instance at 0x15502b78e500>,8,25,[1 5],9,17,42,8,16
1,<environment.Job instance at 0x15502b78e870>,2,15,[ 1 12],3,256,271,253,256
1,<environment.Job instance at 0x15502b78e4b0>,4,1,[11  2],5,544,545,539,544
1,<environment.Job instance at 0x1550300dfe60>,0,26,[5 1],1,1,27,0,1
1,<environment.Job instance at 0x15502e8295f0>,2,2,[11  2],3,70,72,67,70
1,<environment.Job instance at 0x15502e8292d0>,4,1,[14  2],6,77,78,71,77
1,<environment.Job instance at 0x15502b38e9b0>,2,26,[2 8],5,5,31,0,5
1,<environment.Job instance at 0x15503330ec80>,4,3,[13  2],7,364,367,357,364
1,<environment.Job instance at 0x15502bf11320>,4,27,[8 1],8,8,35,0,8
1,<environment.Job instance at 0x15502eb2b910>,4,20,[7 2],7,14,34,7,14
1,<environment.Job instance at 0x15502ed086e0>,6,1,[ 1 11],9,34,35,25,34
1,<environment.Job instance at 0x15502b883870>,5,1,[ 1 13],8,35,36,27,35
1,<environment.Job instance at 0x15502ed08910>,4,27,[ 2 11],8,12,39,4,12
1,<environment.Job instance at 0x1550301c1320>,1,25,[9 2],2,2,27,0,2
1,<environment.Job instance at 0x1550301c12d0>,6,3,[1 6],8,8,11,0,8
1,<environment.Job instance at 0x1550301c15a0>,4,18,[5 1],6,8,26,2,8
1,<environment.Job instance at 0x1550301c1870>,7,16,[6 2],9,26,42,17,22
1,<environment.Job instance at 0x1550301c15f0>,2,1,[ 1 14],3,42,43,39,28
1,<environment.Job instance at 0x1550801452d0>,0,24,[ 1 13],1,2,26,1,2
1,<environment.Job instance at 0x15502bcfa3c0>,5,25,[8 1],9,9,34,0,9
1,<environment.Job instance at 0x15502bcfadc0>,3,28,[13  1],7,37,65,30,37
1,<environment.Job instance at 0x155080145410>,1,1,[11  1],2,98,99,96,98
1,<environment.Job instance at 0x155080145050>,4,16,[9 1],8,1143,1159,1135,1143
1,<environment.Job instance at 0x15502fd37820>,0,19,[6 1],1,1,20,0,1
1,<environment.Job instance at 0x15502b533e60>,5,14,[13  2],7,20,34,13,11
1,<environment.Job instance at 0x15502b533960>,6,1,[ 2 12],8,27,28,19,27
1,<environment.Job instance at 0x15502b5332d0>,3,2,[ 2 12],4,58,60,54,58
1,<environment.Job instance at 0x15502fd37f00>,4,1,[ 1 12],6,60,61,54,59
1,<environment.Job instance at 0x15502c58e9b0>,5,16,[2 6],7,9,25,2,9
1,<environment.Job instance at 0x15502c58e640>,6,13,[8 2],9,12,25,3,12
1,<environment.Job instance at 0x15502c6610a0>,2,1,[2 8],3,55,56,52,55
1,<environment.Job instance at 0x15502c58e4b0>,3,3,[ 1 11],5,61,64,56,61
1,<environment.Job instance at 0x15502bcfa370>,1,17,[13  1],2,131,148,129,131
1,<environment.Job instance at 0x15502c58e190>,4,28,[2 6],6,132,160,126,132
1,<environment.Job instance at 0x15502bc4ce60>,0,20,[ 2 13],1,1,21,0,1
1,<environment.Job instance at 0x15502e69f910>,3,13,[14  2],7,433,446,426,433
1,<environment.Job instance at 0x15502ba5db40>,1,1,[ 2 13],2,2,3,0,2
1,<environment.Job instance at 0x15502e5dc3c0>,5,17,[ 1 13],6,23,40,17,23
1,<environment.Job instance at 0x15503013d4b0>,7,1,[9 2],8,23,24,15,23
1,<environment.Job instance at 0x15503013d190>,8,19,[10  1],9,30,49,21,30
1,<environment.Job instance at 0x15502e5dc690>,4,2,[ 2 11],5,40,42,35,38
1,<environment.Job instance at 0x15502ba5d730>,3,16,[ 1 13],4,241,257,237,241
1,<environment.Job instance at 0x15502b503960>,4,28,[ 1 11],6,12,40,6,12
1,<environment.Job instance at 0x15502b503050>,5,16,[13  2],7,12,28,5,12
1,<environment.Job instance at 0x15502b5030f0>,6,24,[2 8],8,40,64,32,35
1,<environment.Job instance at 0x15502b503a00>,7,20,[ 2 14],9,64,84,55,56
1,<environment.Job instance at 0x15502b503e60>,0,22,[11  1],1,57,79,56,57
1,<environment.Job instance at 0x15502b503410>,2,25,[13  1],4,81,106,77,81
1,<environment.Job instance at 0x15502b503d70>,3,24,[ 1 10],5,1466,1490,1461,1466
1,<environment.Job instance at 0x15502c59b190>,1,22,[6 2],2,4,26,2,4
1,<environment.Job instance at 0x15502ed04c80>,6,16,[9 1],8,8,24,0,8
1,<environment.Job instance at 0x15502ed04b40>,7,2,[ 1 13],9,24,26,15,9
1,<environment.Job instance at 0x15502b5032d0>,3,27,[ 2 14],4,26,53,22,24
1,<environment.Job instance at 0x15502ed048c0>,4,1,[8 2],5,53,54,48,33
1,<environment.Job instance at 0x15502c59be10>,0,2,[ 1 14],1,106,108,105,106
1,<environment.Job instance at 0x15502b191e60>,2,1,[2 8],3,3,4,0,3
1,<environment.Job instance at 0x15502bf06320>,5,1,[8 2],8,17,18,9,17
1,<environment.Job instance at 0x15502b191500>,4,24,[13  2],7,109,133,102,109
1,<environment.Job instance at 0x15502b325870>,4,23,[ 1 12],9,199,222,190,199
1,<environment.Job instance at 0x15502b325780>,2,12,[ 2 11],5,256,268,251,256
1,<environment.Job instance at 0x15502fe25af0>,0,26,[1 6],2,3,29,1,3
1,<environment.Job instance at 0x15502ed91910>,1,28,[1 7],4,5,33,1,5
1,<environment.Job instance at 0x15506000cb90>,0,25,[2 8],1,1,26,0,1
1,<environment.Job instance at 0x15502ed22050>,4,26,[ 2 13],6,38,64,32,38
1,<environment.Job instance at 0x15503497fe60>,7,2,[5 2],9,12,14,3,12
1,<environment.Job instance at 0x15503497f500>,5,25,[ 2 14],6,14,39,8,12
1,<environment.Job instance at 0x15503497fb40>,3,13,[14  1],4,896,909,892,896
1,<environment.Job instance at 0x15502eca6e10>,0,2,[11  1],1,2,4,1,2
1,<environment.Job instance at 0x155035e27690>,6,2,[8 1],7,8,10,1,8
1,<environment.Job instance at 0x155035e27e10>,7,3,[7 2],8,8,11,0,8
1,<environment.Job instance at 0x15502eca6b90>,1,21,[7 2],2,16,37,14,16
1,<environment.Job instance at 0x15503497fb40>,4,2,[ 1 10],5,29,31,24,29
1,<environment.Job instance at 0x155035e27460>,3,16,[ 1 12],4,142,158,138,142
1,<environment.Job instance at 0x155035e27a00>,5,2,[14  1],6,1433,1435,1427,1433
1,<environment.Job instance at 0x15502ed2db90>,4,13,[ 2 13],8,12,25,4,12
1,<environment.Job instance at 0x155035f09140>,0,3,[ 2 13],1,2,5,1,2
1,<environment.Job instance at 0x15502ed2db90>,2,1,[ 2 11],4,5,6,1,5
1,<environment.Job instance at 0x155060a18c80>,4,1,[1 5],6,6,7,0,6
1,<environment.Job instance at 0x155060a18be0>,3,25,[5 1],5,13,38,8,13
1,<environment.Job instance at 0x15502ed2dfa0>,1,1,[12  2],3,143,144,140,143
1,<environment.Job instance at 0x15502bd5f190>,0,18,[1 9],1,1,19,0,1
1,<environment.Job instance at 0x15502fce0aa0>,6,2,[1 9],8,19,21,11,8
1,<environment.Job instance at 0x15502fce0dc0>,4,14,[7 1],5,22,36,17,22
1,<environment.Job instance at 0x15502fce09b0>,7,3,[ 2 11],9,40,43,31,40
1,<environment.Job instance at 0x15502fc76fa0>,5,2,[5 2],6,8,10,2,8
1,<environment.Job instance at 0x15502fc76e60>,7,27,[1 6],8,8,35,0,8
1,<environment.Job instance at 0x15502fc765f0>,8,25,[ 1 14],9,35,60,26,31
1,<environment.Job instance at 0x15502fce0410>,2,1,[ 1 12],3,60,61,57,35
1,<environment.Job instance at 0x15502fc76820>,4,1,[14  2],5,159,160,154,159
1,<environment.Job instance at 0x15502b08b7d0>,5,28,[1 5],8,8,36,0,8
1,<environment.Job instance at 0x15502baca050>,4,17,[10  1],8,15,32,7,15
1,<environment.Job instance at 0x15502baca320>,2,15,[ 2 14],6,21,36,15,21
1,<environment.Job instance at 0x155061307410>,3,1,[ 1 14],6,8,9,2,8
1,<environment.Job instance at 0x155031a7e460>,4,13,[9 2],7,8,21,1,8
1,<environment.Job instance at 0x155061307f50>,3,3,[ 2 12],5,26,29,21,26
1,<environment.Job instance at 0x15502bdd20f0>,5,24,[7 2],9,30,54,21,30
1,<environment.Job instance at 0x155080142a00>,3,2,[2 7],7,35,37,28,35
1,<environment.Job instance at 0x15502bdd2870>,1,2,[14  2],3,236,238,233,236
1,<environment.Job instance at 0x15502fc5c5f0>,6,1,[11  1],7,193,194,186,193
1,<environment.Job instance at 0x1550369ba870>,2,23,[6 1],5,5,28,0,5
1,<environment.Job instance at 0x15502e6e4c80>,3,18,[5 1],5,6,24,1,6
1,<environment.Job instance at 0x15502e6e41e0>,5,3,[ 1 10],7,9,12,2,9
1,<environment.Job instance at 0x15502e6e4aa0>,6,3,[13  2],8,24,27,16,9
1,<environment.Job instance at 0x1550369b9e60>,1,1,[ 2 11],3,60,61,57,60
1,<environment.Job instance at 0x15502e6e4f00>,4,26,[14  2],6,1059,1085,1053,1059
1,<environment.Job instance at 0x15502fca7b90>,0,2,[ 1 10],1,2,4,1,2
1,<environment.Job instance at 0x1550612d85f0>,5,3,[12  2],8,11,14,3,11
1,<environment.Job instance at 0x155035fb2050>,3,16,[ 1 14],6,55,71,49,55
1,<environment.Job instance at 0x15502bcfff50>,2,2,[9 1],4,10,12,6,10
1,<environment.Job instance at 0x15502ed7f870>,4,3,[8 1],8,54,57,46,54
1,<environment.Job instance at 0x15502bcff910>,0,3,[ 2 11],2,101,104,99,101
1,<environment.Job instance at 0x155035f1ffa0>,4,19,[2 8],9,9,28,0,9
1,<environment.Job instance at 0x155035f1f280>,2,23,[14  2],7,48,71,41,48
1,<environment.Job instance at 0x155035f1f4b0>,0,12,[ 1 12],2,236,248,234,236
1,<environment.Job instance at 0x15502b0b2e10>,6,13,[1 5],7,8,21,1,8
1,<environment.Job instance at 0x15502b0b2320>,8,1,[5 2],9,9,10,0,9
1,<environment.Job instance at 0x15502b0b2460>,7,12,[12  2],8,339,351,331,339
1,<environment.Job instance at 0x1550368be6e0>,3,24,[ 2 14],4,433,457,429,433
1,<environment.Job instance at 0x15502b0b2fa0>,5,2,[ 1 11],6,1742,1744,1736,1742
1,<environment.Job instance at 0x15502ba15aa0>,4,22,[2 6],7,7,29,0,7
1,<environment.Job instance at 0x15502b3635a0>,0,26,[14  1],1,1,27,0,1
1,<environment.Job instance at 0x15502b363690>,1,24,[ 1 12],2,2,26,0,2
1,<environment.Job instance at 0x15502b363460>,3,26,[ 1 12],4,26,52,22,24
1,<environment.Job instance at 0x15502b363a00>,5,28,[11  1],9,112,140,103,112
1,<environment.Job instance at 0x15502eaf7a50>,2,21,[7 1],5,5,26,0,5
1,<environment.Job instance at 0x15502eaf7870>,4,12,[7 2],8,20,32,12,20
1,<environment.Job instance at 0x15502eaf7820>,0,1,[ 1 14],3,53,54,50,53
1,<environment.Job instance at 0x15502b1ab910>,4,1,[10  1],6,31,32,25,31
1,<environment.Job instance at 0x15502b35e5a0>,2,1,[1 5],4,32,33,28,32
1,<environment.Job instance at 0x1550615844b0>,7,19,[6 2],9,34,53,25,34
1,<environment.Job instance at 0x15502b1abbe0>,6,24,[2 7],8,38,62,30,38
1,<environment.Job instance at 0x15502be382d0>,0,17,[14  2],2,295,312,293,295
1,<environment.Job instance at 0x15502b35e280>,3,3,[ 2 13],5,1019,1022,1014,1019
1,<environment.Job instance at 0x15502b302a00>,4,3,[9 1],6,9,12,3,9
1,<environment.Job instance at 0x15502b3025a0>,5,27,[11  2],8,12,39,4,10
1,<environment.Job instance at 0x15502b3020f0>,6,1,[ 1 10],9,10,11,1,10
1,<environment.Job instance at 0x15502b302050>,2,1,[2 7],4,18,19,14,18
1,<environment.Job instance at 0x15502c5c49b0>,0,14,[ 1 13],1,369,383,368,369
1,<environment.Job instance at 0x15502b9cbf50>,1,2,[ 1 11],2,4,6,2,4
1,<environment.Job instance at 0x15506123ad70>,5,17,[6 2],8,15,32,7,15
1,<environment.Job instance at 0x15506123a190>,4,1,[11  1],5,41,42,36,41
1,<environment.Job instance at 0x15506123ae10>,3,3,[ 2 11],4,173,176,169,173
1,<environment.Job instance at 0x15502eb2bbe0>,2,18,[14  2],6,90,108,84,90
1,<environment.Job instance at 0x15502eb2b140>,3,2,[1 6],7,96,98,89,96
1,<environment.Job instance at 0x15502b90f230>,4,3,[ 1 13],6,8,11,2,8
1,<environment.Job instance at 0x15502b90f5f0>,5,3,[5 1],8,8,11,0,8
1,<environment.Job instance at 0x155036924eb0>,2,14,[ 2 11],4,11,25,7,9
1,<environment.Job instance at 0x155036924fa0>,6,15,[11  2],9,11,26,2,11
1,<environment.Job instance at 0x15502b90f820>,3,21,[ 2 12],5,65,86,60,65
1,<environment.Job instance at 0x155036924820>,0,3,[ 2 11],2,106,109,104,106
1,<environment.Job instance at 0x15502fe2d8c0>,4,26,[1 6],7,19,45,12,19
1,<environment.Job instance at 0x15502fe2d0a0>,6,2,[10  1],9,19,21,10,19
1,<environment.Job instance at 0x155034985dc0>,2,26,[11  2],5,27,53,22,27
1,<environment.Job instance at 0x15502fe2dfa0>,5,18,[7 2],8,206,224,198,206
1,<environment.Job instance at 0x155035dca0f0>,0,2,[ 1 13],1,1,3,0,1
1,<environment.Job instance at 0x15502c64fbe0>,4,24,[8 2],6,7,31,1,7
1,<environment.Job instance at 0x15502c64f960>,5,2,[12  2],7,94,96,87,94
1,<environment.Job instance at 0x15502bc86c80>,1,27,[8 2],3,8,35,5,8
1,<environment.Job instance at 0x15502db8e7d0>,0,28,[ 1 13],1,2,30,1,2
1,<environment.Job instance at 0x155035f31e60>,3,23,[13  1],4,6,29,2,6
1,<environment.Job instance at 0x15502db8e640>,4,22,[ 2 12],5,46,68,41,46
1,<environment.Job instance at 0x155035f31870>,6,22,[8 1],9,58,80,49,58
1,<environment.Job instance at 0x155035f31690>,5,15,[ 1 13],8,71,86,63,71
1,<environment.Job instance at 0x15502be68d70>,2,22,[8 2],3,3,25,0,3
1,<environment.Job instance at 0x15502e5f7f50>,3,3,[1 7],4,5,8,1,5
1,<environment.Job instance at 0x15502e5f7eb0>,4,24,[7 1],5,94,118,89,94
1,<environment.Job instance at 0x15502e5f76e0>,7,3,[ 1 13],9,94,97,85,94
1,<environment.Job instance at 0x15502be68f50>,1,15,[ 1 12],2,163,178,161,163
1,<environment.Job instance at 0x15502ba15370>,0,1,[ 1 12],1,3,4,2,3
1,<environment.Job instance at 0x15502fdacfa0>,3,24,[5 1],5,6,30,1,6
1,<environment.Job instance at 0x15502fc2a820>,4,2,[13  1],6,7,9,1,7
1,<environment.Job instance at 0x15502ba47320>,2,14,[ 2 14],3,75,89,72,75
1,<environment.Job instance at 0x15502fdac780>,3,23,[5 1],4,90,113,86,90
1,<environment.Job instance at 0x155036965b90>,4,15,[ 1 10],6,7,22,1,7
1,<environment.Job instance at 0x155036965050>,5,21,[9 2],7,8,29,1,8
1,<environment.Job instance at 0x155036965d70>,6,13,[11  2],9,50,63,41,50
1,<environment.Job instance at 0x155036965d20>,3,22,[2 8],4,144,166,140,144
1,<environment.Job instance at 0x155036965aa0>,0,3,[12  1],1,305,308,304,305
1,<environment.Job instance at 0x15502eb7a280>,6,3,[6 1],9,12,15,3,12
1,<environment.Job instance at 0x15502eb7a550>,4,22,[ 1 10],6,35,57,29,35
1,<environment.Job instance at 0x15502eb7acd0>,5,27,[6 1],7,206,233,199,206
1,<environment.Job instance at 0x155036965aa0>,3,15,[ 2 12],5,1374,1389,1369,1374
1,<environment.Job instance at 0x15502be8a1e0>,0,22,[2 6],1,1,23,0,1
1,<environment.Job instance at 0x15502be8ae60>,3,17,[14  1],6,262,279,256,262
1,<environment.Job instance at 0x15502b02a050>,5,2,[1 5],8,15,17,7,15
1,<environment.Job instance at 0x15502eb68a50>,1,27,[11  2],3,18,45,15,18
1,<environment.Job instance at 0x15502b02ae60>,6,1,[1 5],9,18,19,9,18
1,<environment.Job instance at 0x15502eb68f50>,3,16,[12  2],5,45,61,40,33
1,<environment.Job instance at 0x15502eb68230>,4,25,[ 1 11],6,497,522,491,497
1,<environment.Job instance at 0x15502e6e2c80>,1,26,[13  2],2,6,32,4,6
1,<environment.Job instance at 0x15502ea61af0>,1,20,[6 1],2,2,22,0,2
1,<environment.Job instance at 0x15502f3a3960>,7,20,[1 8],9,11,31,2,11
1,<environment.Job instance at 0x155036937e10>,4,20,[2 5],6,29,49,23,29
1,<environment.Job instance at 0x155035f42d20>,0,19,[6 2],2,2,21,0,2
1,<environment.Job instance at 0x15502ba838c0>,1,3,[1 6],3,8,11,5,8
1,<environment.Job instance at 0x15502eb683c0>,4,17,[7 2],8,8,25,0,8
1,<environment.Job instance at 0x15502ba83e60>,2,1,[7 1],6,23,24,17,23
1,<environment.Job instance at 0x15502ba833c0>,0,1,[13  1],2,393,394,391,393
1,<environment.Job instance at 0x155035f1aeb0>,4,27,[2 6],7,8,35,1,8
1,<environment.Job instance at 0x15502eb68a50>,0,24,[12  2],1,9,33,8,9
1,<environment.Job instance at 0x155035f1a4b0>,5,21,[2 7],8,33,54,25,25
1,<environment.Job instance at 0x15502eb68550>,1,24,[5 2],2,56,80,54,56
1,<environment.Job instance at 0x155035f1a820>,3,3,[11  2],5,2231,2234,2226,2231
1,<environment.Job instance at 0x15502b755190>,2,28,[8 2],5,6,34,1,6
1,<environment.Job instance at 0x15502be63a00>,4,1,[ 2 12],7,7,8,0,7
1,<environment.Job instance at 0x1550300fa460>,1,15,[ 2 12],7,43,58,36,43
1,<environment.Job instance at 0x1550600adc30>,1,21,[2 6],3,3,24,0,3
1,<environment.Job instance at 0x15503496d460>,2,26,[1 9],4,4,30,0,4
1,<environment.Job instance at 0x15502b8f3a00>,2,28,[7 1],7,7,35,0,7
1,<environment.Job instance at 0x15502b90a960>,0,22,[10  2],1,1,23,0,1
1,<environment.Job instance at 0x15502c5e48c0>,6,1,[6 1],8,23,24,15,11
1,<environment.Job instance at 0x15502fca7d70>,3,15,[10  1],4,24,39,20,20
1,<environment.Job instance at 0x15502c5e4280>,5,13,[7 2],7,582,595,575,582
1,<environment.Job instance at 0x15502b7f3d20>,1,23,[ 1 12],5,5,28,0,5
1,<environment.Job instance at 0x15502bf1ee60>,2,2,[10  2],5,5,7,0,5
1,<environment.Job instance at 0x15502bf1eb90>,3,1,[5 2],6,7,8,1,7
1,<environment.Job instance at 0x15502bf1ef50>,0,1,[ 1 14],2,45,46,43,45
1,<environment.Job instance at 0x15502bf1e3c0>,1,24,[ 1 13],4,53,77,49,53
1,<environment.Job instance at 0x155035e914b0>,0,22,[11  2],2,4,26,2,4
1,<environment.Job instance at 0x155035e91280>,2,2,[ 1 14],4,26,28,22,14
1,<environment.Job instance at 0x15502b52ec80>,5,20,[6 2],7,28,48,21,19
1,<environment.Job instance at 0x155035e91960>,4,1,[ 1 12],6,69,70,63,69
1,<environment.Job instance at 0x15506000c5f0>,1,2,[2 5],3,3,5,0,3
1,<environment.Job instance at 0x15502b934c30>,5,14,[ 2 14],8,30,44,22,30
1,<environment.Job instance at 0x15506000c7d0>,3,16,[ 2 14],6,47,63,41,47
1,<environment.Job instance at 0x15502b7bb320>,1,26,[5 1],6,6,32,0,6
1,<environment.Job instance at 0x15502b487fa0>,5,12,[9 1],8,59,71,51,59
1,<environment.Job instance at 0x15502b487870>,6,19,[6 1],9,103,122,94,103
1,<environment.Job instance at 0x15502be9db40>,2,22,[2 7],4,4,26,0,4
1,<environment.Job instance at 0x15502be9d9b0>,5,3,[5 1],7,25,28,18,25
1,<environment.Job instance at 0x15502b7cee60>,4,3,[12  1],6,81,84,75,81
1,<environment.Job instance at 0x15502be9d230>,6,23,[8 2],9,84,107,75,84
1,<environment.Job instance at 0x15502b5b3690>,2,1,[2 7],4,4,5,0,4
1,<environment.Job instance at 0x15502eaf7dc0>,5,27,[1 6],8,8,35,0,8
1,<environment.Job instance at 0x15502b2c8a00>,2,16,[ 2 13],7,9,25,2,9
1,<environment.Job instance at 0x15502b2c80a0>,4,27,[ 1 13],9,25,52,16,23
1,<environment.Job instance at 0x15502c5ae820>,1,1,[ 1 12],4,57,58,53,57
1,<environment.Job instance at 0x15502c5aec80>,0,14,[ 2 13],1,220,234,219,220
1,<environment.Job instance at 0x15502bf1cd20>,5,1,[ 1 12],7,12,13,5,12
1,<environment.Job instance at 0x15502bf1c280>,4,2,[12  2],6,41,43,35,41
1,<environment.Job instance at 0x15502b713690>,0,3,[12  1],1,53,56,52,53
1,<environment.Job instance at 0x15502b713500>,2,25,[ 1 10],3,74,99,71,74
1,<environment.Job instance at 0x155060036b40>,5,1,[ 1 10],8,18,19,10,18
1,<environment.Job instance at 0x155060036a00>,6,2,[ 2 10],9,25,27,16,25
1,<environment.Job instance at 0x155060036230>,2,1,[2 6],5,330,331,325,330
1,<environment.Job instance at 0x15502e7eccd0>,1,3,[13  2],4,768,771,764,768
1,<environment.Job instance at 0x155060036820>,4,2,[ 1 13],7,1802,1804,1795,1802
1,<environment.Job instance at 0x15502bac7050>,4,3,[7 2],6,11,14,5,11
1,<environment.Job instance at 0x15502bac7dc0>,6,2,[ 2 10],8,15,17,7,15
1,<environment.Job instance at 0x155035deb690>,2,20,[11  1],4,25,45,21,25
1,<environment.Job instance at 0x15502bac7b90>,5,2,[8 1],7,94,96,87,94
1,<environment.Job instance at 0x15502bac7140>,7,19,[ 1 13],9,193,212,184,193
1,<environment.Job instance at 0x15502eb07280>,2,26,[13  2],6,6,32,0,6
1,<environment.Job instance at 0x15503498c640>,1,1,[14  1],8,100,101,92,100
1,<environment.Job instance at 0x15503498cf00>,2,1,[ 2 14],9,107,108,98,107
1,<environment.Job instance at 0x1550609a6f50>,3,27,[1 6],6,50,77,44,50
1,<environment.Job instance at 0x15502b0b0230>,2,1,[12  1],4,128,129,124,128
1,<environment.Job instance at 0x1550609a64b0>,4,12,[13  2],7,734,746,727,734
1,<environment.Job instance at 0x155030081500>,4,20,[10  1],6,7,27,1,7
1,<environment.Job instance at 0x15502ecf6c80>,5,28,[ 2 13],7,7,35,0,7
1,<environment.Job instance at 0x155060064d20>,6,18,[8 1],8,27,45,19,16
1,<environment.Job instance at 0x155030081820>,0,2,[14  1],2,45,47,43,24
1,<environment.Job instance at 0x1550300814b0>,2,27,[5 1],4,47,74,43,46
1,<environment.Job instance at 0x15502ecf6fa0>,3,18,[5 2],5,146,164,141,146
1,<environment.Job instance at 0x155060064c80>,2,18,[13  1],7,7,25,0,7
1,<environment.Job instance at 0x155060064050>,3,19,[ 2 14],8,109,128,101,109
1,<environment.Job instance at 0x1550368b0f00>,0,17,[11  1],2,340,357,338,340
1,<environment.Job instance at 0x15502bbd05f0>,6,3,[2 5],7,7,10,0,7
1,<environment.Job instance at 0x15502bbd0730>,4,25,[1 6],5,9,34,4,9
1,<environment.Job instance at 0x15502bbd0aa0>,7,23,[2 9],9,10,33,1,9
1,<environment.Job instance at 0x15502bbd0b90>,3,1,[11  1],4,44,45,40,44
1,<environment.Job instance at 0x15502bbd00a0>,5,13,[8 2],6,303,316,297,303
1,<environment.Job instance at 0x15502b611050>,0,1,[2 9],1,2,3,1,2
1,<environment.Job instance at 0x15502e5fe1e0>,4,18,[12  2],5,229,247,224,229
1,<environment.Job instance at 0x15502e5fe140>,6,3,[ 1 12],8,275,278,267,275
1,<environment.Job instance at 0x15502e6e1f50>,1,28,[9 1],2,4,32,2,4
1,<environment.Job instance at 0x15502e6e1550>,0,27,[14  2],2,3,30,1,3
1,<environment.Job instance at 0x15502e6e1aa0>,1,1,[1 6],5,11,12,6,11
1,<environment.Job instance at 0x15502b61d780>,3,1,[11  1],8,32,33,24,32
1,<environment.Job instance at 0x15502b61dd70>,4,2,[ 1 12],9,439,441,430,439
1,<environment.Job instance at 0x15502bc693c0>,1,14,[7 1],2,2,16,0,2
1,<environment.Job instance at 0x15502bc69910>,6,3,[10  2],8,16,19,8,8
1,<environment.Job instance at 0x15502bc690f0>,4,25,[ 2 10],6,16,41,10,16
1,<environment.Job instance at 0x155030a287d0>,3,27,[13  1],5,34,61,29,34
1,<environment.Job instance at 0x15502ed7fcd0>,2,28,[9 1],5,5,33,0,5
1,<environment.Job instance at 0x1550300a2d20>,5,23,[1 7],8,12,35,4,12
1,<environment.Job instance at 0x1550300a27d0>,6,3,[6 2],9,33,36,24,14
1,<environment.Job instance at 0x15502ed7fd70>,1,26,[6 2],4,92,118,88,92
1,<environment.Job instance at 0x1550300a25a0>,3,17,[7 2],6,104,121,98,104
1,<environment.Job instance at 0x15502ed7f780>,0,18,[13  2],3,135,153,132,135
1,<environment.Job instance at 0x15502ed7fc80>,4,2,[5 2],7,165,167,158,165
1,<environment.Job instance at 0x15502ea88550>,7,1,[14  1],9,197,198,188,197
1,<environment.Job instance at 0x1550300a2af0>,1,1,[11  2],2,259,260,257,259
1,<environment.Job instance at 0x155036937eb0>,6,16,[ 2 13],8,8,24,0,8
1,<environment.Job instance at 0x155036937c30>,7,28,[6 2],9,11,39,2,11
1,<environment.Job instance at 0x155036937b90>,4,14,[11  2],6,41,55,35,41
1,<environment.Job instance at 0x1550369376e0>,2,13,[ 1 12],4,128,141,124,128
1,<environment.Job instance at 0x1550369373c0>,5,2,[5 1],7,224,226,217,224
1,<environment.Job instance at 0x15502eb63230>,0,2,[11  2],2,56,58,54,56
1,<environment.Job instance at 0x15502eab3a00>,3,1,[1 8],9,104,105,95,104
1,<environment.Job instance at 0x15502b9fe7d0>,0,2,[1 7],1,1,3,0,1
1,<environment.Job instance at 0x15502b17aa50>,3,1,[1 7],5,22,23,17,22
1,<environment.Job instance at 0x15502b9fe230>,1,3,[ 2 14],2,78,81,76,78
1,<environment.Job instance at 0x15502ece4fa0>,2,27,[11  1],7,8,35,1,8
1,<environment.Job instance at 0x15502bf478c0>,0,14,[14  1],3,204,218,201,204
1,<environment.Job instance at 0x15502ed82d20>,3,3,[12  2],4,36,39,32,36
1,<environment.Job instance at 0x15502ed825a0>,5,26,[9 2],8,39,65,31,38
1,<environment.Job instance at 0x15502d1606e0>,0,2,[2 9],2,2,4,0,2
1,<environment.Job instance at 0x15502beb90a0>,4,1,[11  1],6,114,115,108,114
1,<environment.Job instance at 0x15502bd6faf0>,0,22,[ 1 14],1,2,24,1,2
1,<environment.Job instance at 0x15502bd6f640>,1,23,[ 2 13],3,37,60,34,37
1,<environment.Job instance at 0x15502beb90a0>,2,15,[14  1],5,139,154,134,139
1,<environment.Job instance at 0x15502bb03e10>,2,17,[11  1],5,7,24,2,7
1,<environment.Job instance at 0x15502b049dc0>,5,17,[1 7],9,9,26,0,9
1,<environment.Job instance at 0x15502b049eb0>,4,3,[14  2],8,24,27,16,20
1,<environment.Job instance at 0x15502bd3daa0>,0,13,[ 2 14],2,75,88,73,75
1,<environment.Job instance at 0x15502bb035a0>,3,19,[12  2],7,170,189,163,170
1,<environment.Job instance at 0x15502b515fa0>,5,2,[14  1],9,177,179,168,177
1,<environment.Job instance at 0x15502ba147d0>,4,1,[8 2],6,6,7,0,6
1,<environment.Job instance at 0x15502ba14550>,5,22,[8 1],7,7,29,0,7
1,<environment.Job instance at 0x15502ba14e60>,6,21,[8 1],8,29,50,21,21
1,<environment.Job instance at 0x15502d1478c0>,7,14,[13  2],9,50,64,41,35
1,<environment.Job instance at 0x15502d147c30>,2,12,[11  2],4,546,558,542,546
1,<environment.Job instance at 0x15502d147aa0>,0,3,[13  1],2,1020,1023,1018,1020
1,<environment.Job instance at 0x15502ea8f9b0>,0,2,[ 2 12],1,1,3,0,1
1,<environment.Job instance at 0x15502ea8fd70>,1,25,[2 9],2,3,28,1,2
1,<environment.Job instance at 0x15502ea8f730>,2,16,[14  1],4,32,48,28,32
1,<environment.Job instance at 0x15502ead43c0>,5,2,[5 1],9,110,112,101,110
1,<environment.Job instance at 0x15502d160190>,0,1,[1 7],1,1,2,0,1
1,<environment.Job instance at 0x155061326a00>,4,2,[ 2 10],5,5,7,0,5
1,<environment.Job instance at 0x155061326690>,2,2,[ 1 13],3,7,9,4,6
1,<environment.Job instance at 0x15502bd18b40>,5,24,[1 5],6,9,33,3,9
1,<environment.Job instance at 0x15502bd18b90>,7,17,[ 1 14],8,33,50,25,23
1,<environment.Job instance at 0x15502bd18910>,8,1,[1 6],9,24,25,15,24
1,<environment.Job instance at 0x15502b661a00>,0,15,[ 2 13],1,69,84,68,69
1,<environment.Job instance at 0x15502c8ffa50>,2,3,[12  2],3,693,696,690,693
1,<environment.Job instance at 0x15502fd89550>,0,1,[5 2],2,2,3,0,2
1,<environment.Job instance at 0x15502fd89280>,1,22,[1 5],4,4,26,0,4
1,<environment.Job instance at 0x15502badde60>,4,22,[2 9],9,9,31,0,9
1,<environment.Job instance at 0x155035ea9960>,0,24,[5 1],2,2,26,0,2
1,<environment.Job instance at 0x15502bd981e0>,4,2,[ 2 11],7,22,24,15,22
1,<environment.Job instance at 0x15502b8f9820>,4,22,[7 2],6,7,29,1,7
1,<environment.Job instance at 0x15502b8f90a0>,6,2,[14  2],8,31,33,23,31
1,<environment.Job instance at 0x15502ec4c640>,2,1,[11  2],4,258,259,254,258
1,<environment.Job instance at 0x15502b8f9f50>,5,1,[ 1 11],7,727,728,720,727
1,<environment.Job instance at 0x15502fe22e60>,1,3,[13  1],5,100,103,95,100
1,<environment.Job instance at 0x155030a1c320>,4,3,[12  2],9,498,501,489,498
1,<environment.Job instance at 0x15502b632c30>,4,12,[1 5],8,9,21,1,9
1,<environment.Job instance at 0x15502b632f50>,5,27,[12  1],9,9,36,0,9
1,<environment.Job instance at 0x15502b90acd0>,2,3,[14  2],5,36,39,31,34
1,<environment.Job instance at 0x15502b90ae60>,0,3,[ 1 14],3,202,205,199,202
1,<environment.Job instance at 0x15502ead7410>,0,14,[13  1],1,1,15,0,1
1,<environment.Job instance at 0x15502ead7140>,1,22,[ 2 11],6,7,29,1,7
1,<environment.Job instance at 0x15502bcf1b40>,4,18,[12  1],9,49,67,40,49
1,<environment.Job instance at 0x15502bcf1c30>,3,2,[12  1],8,67,69,59,64
1,<environment.Job instance at 0x15503012d820>,1,16,[7 1],4,4,20,0,4
1,<environment.Job instance at 0x15503012daf0>,4,1,[9 1],7,20,21,13,9
1,<environment.Job instance at 0x15503012da50>,2,13,[12  2],5,168,181,163,168
1,<environment.Job instance at 0x15503012dcd0>,5,25,[ 2 14],9,1093,1118,1084,1093
1,<environment.Job instance at 0x15503012d280>,1,25,[2 8],2,2,27,0,2
1,<environment.Job instance at 0x15502e71deb0>,4,14,[2 6],6,13,27,7,13
1,<environment.Job instance at 0x15502e71d690>,2,27,[ 2 13],3,57,84,54,57
1,<environment.Job instance at 0x15503012dcd0>,3,1,[ 2 14],5,84,85,79,59
1,<environment.Job instance at 0x15502e71d7d0>,5,26,[6 2],7,112,138,105,112
1,<environment.Job instance at 0x15502b3f6cd0>,2,1,[ 1 12],3,7,8,4,7
1,<environment.Job instance at 0x15502b6145a0>,1,25,[7 2],2,2,27,0,2
1,<environment.Job instance at 0x15502bea2730>,4,3,[12  2],6,6,9,0,6
1,<environment.Job instance at 0x15502bea2f50>,5,15,[1 8],7,7,22,0,7
1,<environment.Job instance at 0x15502bb97d70>,2,1,[14  2],4,9,10,5,8
1,<environment.Job instance at 0x15502bb972d0>,0,28,[ 2 14],1,33,61,32,33
1,<environment.Job instance at 0x15502b40c280>,1,24,[2 9],2,6,30,4,6
1,<environment.Job instance at 0x15502b40c7d0>,3,17,[ 2 13],4,86,103,82,86
1,<environment.Job instance at 0x15502be68c80>,4,12,[2 8],5,1065,1077,1060,1065
1,<environment.Job instance at 0x15502bcd4230>,4,1,[5 2],9,26,27,17,26
1,<environment.Job instance at 0x15502bcd4500>,2,15,[ 2 11],7,46,61,39,46
1,<environment.Job instance at 0x15502bcd48c0>,3,1,[ 1 11],8,62,63,54,62
1,<environment.Job instance at 0x15502be09e60>,0,1,[1 9],1,2,3,1,2
1,<environment.Job instance at 0x15502be092d0>,7,27,[8 2],8,8,35,0,8
1,<environment.Job instance at 0x15502be09c30>,6,23,[1 7],7,24,47,17,24
1,<environment.Job instance at 0x15502bcd48c0>,3,2,[14  2],4,238,240,234,238
1,<environment.Job instance at 0x15502fc0b500>,3,23,[9 1],6,6,29,0,6
1,<environment.Job instance at 0x15502b5cda50>,4,3,[ 1 13],8,21,24,13,21
1,<environment.Job instance at 0x15502b02d9b0>,0,1,[11  1],1,2,3,1,2
1,<environment.Job instance at 0x15502b02dfa0>,5,16,[5 1],8,11,27,3,11
1,<environment.Job instance at 0x15502b02dd20>,6,1,[ 1 11],9,11,12,2,11
1,<environment.Job instance at 0x15502b02d4b0>,3,17,[ 2 12],4,202,219,198,202
1,<environment.Job instance at 0x15502b02d0a0>,4,25,[2 8],5,587,612,582,587
1,<environment.Job instance at 0x15502b02d2d0>,2,3,[12  2],3,669,672,666,669
1,<environment.Job instance at 0x15502b8b1cd0>,0,27,[2 7],2,2,29,0,2
1,<environment.Job instance at 0x155035e98960>,3,26,[ 1 11],6,29,55,23,27
1,<environment.Job instance at 0x1550368b0780>,1,19,[14  2],5,23,42,18,23
1,<environment.Job instance at 0x1550368b0910>,2,13,[1 5],6,91,104,85,91
1,<environment.Job instance at 0x1550368b0f50>,3,21,[10  2],9,110,131,101,110
1,<environment.Job instance at 0x1550368b02d0>,0,3,[ 2 11],1,333,336,332,333
1,<environment.Job instance at 0x15502c676690>,5,26,[12  2],7,8,34,1,8
1,<environment.Job instance at 0x15502e83e550>,1,1,[14  1],2,6,7,4,6
1,<environment.Job instance at 0x1550369b9050>,2,1,[2 5],3,7,8,4,6
1,<environment.Job instance at 0x1550369b99b0>,5,2,[14  2],7,24,26,17,24
1,<environment.Job instance at 0x15502e83e320>,3,12,[1 5],5,30,42,25,30
1,<environment.Job instance at 0x15502ea730a0>,4,22,[9 1],6,40,62,34,40
1,<environment.Job instance at 0x15502fcb0dc0>,0,1,[ 1 10],1,2,3,1,2
1,<environment.Job instance at 0x15502eb210f0>,5,1,[1 9],6,6,7,0,6
1,<environment.Job instance at 0x15502eb21d70>,6,17,[1 5],8,9,26,1,9
1,<environment.Job instance at 0x15502fcb0c30>,1,15,[9 2],2,30,45,28,30
1,<environment.Job instance at 0x15502fcb0eb0>,3,23,[ 1 11],4,30,53,26,30
1,<environment.Job instance at 0x15502b719dc0>,2,2,[10  1],3,6,8,3,6
1,<environment.Job instance at 0x15502be49cd0>,6,13,[9 2],8,8,21,0,8
1,<environment.Job instance at 0x15502be49640>,7,2,[9 1],9,21,23,12,9
1,<environment.Job instance at 0x15502be49dc0>,3,3,[5 1],4,11,14,7,11
1,<environment.Job instance at 0x15502be49e60>,5,2,[13  2],7,36,38,29,36
1,<environment.Job instance at 0x15502b719550>,1,1,[13  1],2,91,92,89,91
1,<environment.Job instance at 0x15502be49320>,4,19,[2 8],6,370,389,364,370
1,<environment.Job instance at 0x15502c8ce550>,6,2,[ 1 14],8,8,10,0,8
1,<environment.Job instance at 0x15502c8ce320>,7,28,[7 2],9,10,38,1,9
1,<environment.Job instance at 0x15502c8ce230>,4,3,[12  1],5,103,106,98,103
1,<environment.Job instance at 0x15502c8cef00>,2,2,[13  1],3,131,133,128,131
1,<environment.Job instance at 0x15502c8ce4b0>,3,13,[12  1],4,926,939,922,926
1,<environment.Job instance at 0x15502c8ced70>,5,3,[ 1 11],7,2424,2427,2417,2424
1,<environment.Job instance at 0x15502c8ced70>,2,23,[13  2],4,8,31,4,8
1,<environment.Job instance at 0x1550332fddc0>,5,15,[ 1 11],9,100,115,91,100
1,<environment.Job instance at 0x15502c8cefa0>,3,16,[ 2 13],5,327,343,322,327
1,<environment.Job instance at 0x15502b9e9eb0>,1,23,[8 1],2,2,25,0,2
1,<environment.Job instance at 0x15502bf194b0>,7,3,[2 7],8,8,11,0,8
1,<environment.Job instance at 0x15502bf19c80>,8,2,[ 1 13],9,11,13,2,9
1,<environment.Job instance at 0x15502bf19230>,5,1,[1 9],6,27,28,21,27
1,<environment.Job instance at 0x15502bf19280>,4,25,[ 1 12],5,50,75,45,50
1,<environment.Job instance at 0x15502bf19690>,2,2,[11  1],3,159,161,156,159
1,<environment.Job instance at 0x15502bf19e60>,6,3,[5 1],7,343,346,336,343
1,<environment.Job instance at 0x15502eb20320>,4,13,[7 2],5,5,18,0,5
1,<environment.Job instance at 0x15502f3b4f50>,2,3,[ 1 13],3,9,12,6,9
1,<environment.Job instance at 0x15502bf19cd0>,5,2,[2 8],7,12,14,5,9
1,<environment.Job instance at 0x15502f3b4870>,1,2,[2 5],2,18,20,16,18
1,<environment.Job instance at 0x15502f3b4960>,0,3,[12  1],1,218,221,217,218
1,<environment.Job instance at 0x15502eb20780>,6,20,[ 1 13],9,253,273,244,253
1,<environment.Job instance at 0x15506008b190>,4,1,[14  2],7,8,9,1,8
1,<environment.Job instance at 0x155035eeac30>,1,20,[9 2],2,9,29,7,9
1,<environment.Job instance at 0x15506008bdc0>,5,1,[2 5],8,9,10,1,9
1,<environment.Job instance at 0x155035eea690>,2,22,[5 2],4,32,54,28,32
1,<environment.Job instance at 0x155035eeaaf0>,0,15,[ 1 12],1,58,73,57,58
1,<environment.Job instance at 0x15506008b960>,3,2,[ 1 12],5,606,608,601,606
1,<environment.Job instance at 0x15502b84ee10>,1,28,[8 1],3,3,31,0,3
1,<environment.Job instance at 0x15502b84e6e0>,3,12,[12  2],5,131,143,126,131
1,<environment.Job instance at 0x15502b84ef50>,6,3,[12  2],8,200,203,192,200
1,<environment.Job instance at 0x155035faefa0>,5,15,[2 7],8,11,26,3,11
1,<environment.Job instance at 0x1550368c6fa0>,4,3,[2 5],7,11,14,4,11
1,<environment.Job instance at 0x155035fae370>,6,2,[12  2],9,30,32,21,30
1,<environment.Job instance at 0x15502b44d1e0>,1,25,[ 2 14],2,81,106,79,81
1,<environment.Job instance at 0x1550368fb7d0>,0,16,[12  1],1,260,276,259,260
1,<environment.Job instance at 0x15502bb859b0>,5,1,[ 1 13],7,7,8,0,7
1,<environment.Job instance at 0x15502bb85640>,6,1,[2 7],8,9,10,1,9
1,<environment.Job instance at 0x1550369242d0>,3,3,[1 6],5,85,88,80,85
1,<environment.Job instance at 0x15502b302640>,1,26,[5 2],4,4,30,0,4
1,<environment.Job instance at 0x15502eb33d70>,0,26,[ 1 14],1,3,29,2,3
1,<environment.Job instance at 0x15502b0f8140>,2,21,[5 1],3,3,24,0,3
1,<environment.Job instance at 0x15502b0f8230>,7,3,[14  2],9,341,344,332,341
1,<environment.Job instance at 0x155035dce280>,0,24,[5 1],1,1,25,0,1
1,<environment.Job instance at 0x155035dced20>,2,23,[2 9],6,6,29,0,6
1,<environment.Job instance at 0x1550609a6320>,4,16,[11  1],8,54,70,46,54
1,<environment.Job instance at 0x1550300e6c80>,4,25,[1 5],5,6,31,1,6
1,<environment.Job instance at 0x15502b53e730>,5,28,[ 2 13],7,58,86,51,58
1,<environment.Job instance at 0x15502b53efa0>,2,14,[13  1],3,141,155,138,141
1,<environment.Job instance at 0x15502b3952d0>,2,19,[8 2],4,4,23,0,4
1,<environment.Job instance at 0x15502ecb52d0>,4,1,[12  1],8,100,101,92,100
1,<environment.Job instance at 0x15502e639960>,6,3,[5 1],8,8,11,0,8
1,<environment.Job instance at 0x15502e639a50>,7,3,[1 7],9,9,12,0,9
1,<environment.Job instance at 0x15502e639af0>,4,1,[2 5],5,9,10,4,9
1,<environment.Job instance at 0x15502eb31960>,3,1,[ 1 11],4,66,67,62,66
1,<environment.Job instance at 0x15502e639190>,2,15,[ 1 12],3,139,154,136,139
1,<environment.Job instance at 0x15502e639780>,5,18,[12  1],6,381,399,375,381
1,<environment.Job instance at 0x15502b8e6a00>,6,2,[ 1 14],9,10,12,1,10
1,<environment.Job instance at 0x15502fd220f0>,4,3,[14  1],7,382,385,375,382
1,<environment.Job instance at 0x15502ecd40f0>,4,1,[ 1 12],8,15,16,7,15
1,<environment.Job instance at 0x155035dde730>,1,15,[ 2 12],2,3,18,1,3
1,<environment.Job instance at 0x15502b59a6e0>,6,12,[10  1],7,7,19,0,7
1,<environment.Job instance at 0x15502b9e92d0>,7,2,[5 2],8,18,20,10,8
1,<environment.Job instance at 0x15502b9e9550>,8,3,[1 8],9,19,22,10,9
1,<environment.Job instance at 0x155035dde410>,4,22,[13  1],5,20,42,15,13
1,<environment.Job instance at 0x15502b59a820>,3,15,[ 1 13],4,100,115,96,100
1,<environment.Job instance at 0x15502b3dd690>,5,2,[2 9],7,7,9,0,7
1,<environment.Job instance at 0x15502b3dd7d0>,3,17,[10  2],4,10,27,6,10
1,<environment.Job instance at 0x15502b3ddf00>,4,21,[10  2],5,32,53,27,32
1,<environment.Job instance at 0x1550300e6f50>,1,1,[11  2],2,100,101,98,100
1,<environment.Job instance at 0x15503018a3c0>,5,2,[9 1],7,8,10,1,8
1,<environment.Job instance at 0x155080142050>,0,21,[13  2],1,2,23,1,2
1,<environment.Job instance at 0x15503018aeb0>,3,2,[ 1 12],5,16,18,11,16
1,<environment.Job instance at 0x15502e74ec30>,4,22,[11  1],7,23,45,16,19
1,<environment.Job instance at 0x15503018ac30>,2,18,[14  1],3,105,123,102,105
1,<environment.Job instance at 0x15502e74e370>,5,13,[2 6],9,230,243,221,230
1,<environment.Job instance at 0x15502e74e370>,1,25,[ 2 11],2,4,29,2,4
1,<environment.Job instance at 0x15502e74e8c0>,2,1,[2 5],4,30,31,26,30
1,<environment.Job instance at 0x15502b4a4550>,5,12,[ 1 11],6,6,18,0,6
1,<environment.Job instance at 0x15502b4a4c80>,6,12,[9 2],7,7,19,0,7
1,<environment.Job instance at 0x15502bbdf050>,7,16,[5 1],8,8,24,0,8
1,<environment.Job instance at 0x15502bbdf500>,8,3,[7 2],9,19,22,10,9
1,<environment.Job instance at 0x15502b4a4cd0>,3,2,[5 1],4,22,24,18,15
1,<environment.Job instance at 0x15502eafa050>,1,16,[ 1 12],2,130,146,128,130
1,<environment.Job instance at 0x15502eb64550>,0,1,[ 2 10],1,1,2,0,1
1,<environment.Job instance at 0x155030a461e0>,4,2,[5 1],6,7,9,1,7
1,<environment.Job instance at 0x15502eb64870>,1,1,[ 1 11],3,9,10,6,9
1,<environment.Job instance at 0x155030a46f50>,7,27,[1 9],9,10,37,1,9
1,<environment.Job instance at 0x155030a46d70>,6,1,[10  1],8,42,43,34,42
1,<environment.Job instance at 0x155030a46280>,5,2,[ 2 13],7,1308,1310,1301,1308
1,<environment.Job instance at 0x15502bce90a0>,3,2,[14  2],6,17,19,11,17
1,<environment.Job instance at 0x15502bce9730>,5,23,[6 2],9,27,50,18,27
1,<environment.Job instance at 0x15502b994230>,0,27,[ 1 13],1,88,115,87,88
1,<environment.Job instance at 0x15502b994280>,2,1,[1 6],5,125,126,120,125
1,<environment.Job instance at 0x15502bce9370>,4,24,[9 2],8,1018,1042,1010,1018
1,<environment.Job instance at 0x15502ecb4aa0>,0,25,[11  2],1,3,28,2,3
1,<environment.Job instance at 0x15502eb0aa50>,5,1,[ 2 14],9,28,29,19,22
1,<environment.Job instance at 0x15503693d2d0>,3,27,[9 1],8,10,37,2,10
1,<environment.Job instance at 0x15502befa6e0>,0,2,[ 1 14],2,4,6,2,4
1,<environment.Job instance at 0x155035f37eb0>,0,21,[7 2],1,1,22,0,1
1,<environment.Job instance at 0x155030a23e10>,7,1,[11  2],9,22,23,13,9
1,<environment.Job instance at 0x155030a23960>,4,3,[ 1 13],6,1983,1986,1977,1983
1,<environment.Job instance at 0x15502bd519b0>,2,26,[9 1],4,18,44,14,18
1,<environment.Job instance at 0x155030a23960>,3,1,[1 9],8,25,26,17,25
1,<environment.Job instance at 0x15502bd510a0>,1,17,[14  1],3,529,546,526,529
1,<environment.Job instance at 0x15502fd354b0>,4,21,[10  2],8,44,65,36,44
1,<environment.Job instance at 0x15502fd35730>,0,18,[11  1],1,92,110,91,92
1,<environment.Job instance at 0x15502fd35190>,3,1,[12  2],4,122,123,118,122
1,<environment.Job instance at 0x15502bcf80a0>,3,22,[6 1],6,9,31,3,9
1,<environment.Job instance at 0x15502bcf8280>,4,25,[12  1],7,59,84,52,59
