iteration,job object,job ID,job Length,job ressource requirement,job enter time,job start time,job finish time,job waiting time,current time
1,<environment.Job instance at 0x15502bf11190>,5,3,[9 2],6,25,28,19,25
1,<environment.Job instance at 0x15502bf11460>,1,13,[2 8],2,2,15,0,2
1,<environment.Job instance at 0x155034972190>,5,2,[ 1 10],8,29,31,21,29
1,<environment.Job instance at 0x15503496da00>,0,16,[5 2],1,1,17,0,1
1,<environment.Job instance at 0x1550301c7dc0>,0,20,[2 8],2,2,22,0,2
1,<environment.Job instance at 0x1550301c7780>,4,16,[10  2],7,22,38,15,9
1,<environment.Job instance at 0x15502b6fafa0>,4,22,[8 2],9,40,62,31,40
1,<environment.Job instance at 0x1550600dba50>,0,17,[ 2 10],2,2,19,0,2
1,<environment.Job instance at 0x15502fcc5b90>,1,1,[2 7],4,4,5,0,4
1,<environment.Job instance at 0x15502fcc55f0>,2,26,[2 7],5,5,31,0,5
1,<environment.Job instance at 0x155031a96dc0>,0,13,[7 2],2,6,19,4,6
1,<environment.Job instance at 0x15502fc020f0>,4,15,[5 1],7,54,69,47,54
1,<environment.Job instance at 0x155035ea30f0>,5,15,[1 6],9,10,25,1,10
1,<environment.Job instance at 0x155035ee1230>,0,28,[2 8],1,1,29,0,1
1,<environment.Job instance at 0x155035e1f7d0>,1,21,[5 2],2,2,23,0,2
1,<environment.Job instance at 0x155035e1f6e0>,3,13,[ 2 10],4,23,36,19,8
1,<environment.Job instance at 0x155035e36410>,7,3,[ 2 10],9,36,39,27,10
1,<environment.Job instance at 0x15502bf47870>,0,14,[10  1],1,1,15,0,1
1,<environment.Job instance at 0x1550301730f0>,0,3,[1 6],1,1,4,0,1
1,<environment.Job instance at 0x1550612d8500>,1,17,[1 6],3,4,21,1,3
1,<environment.Job instance at 0x1550300fd140>,0,15,[9 2],2,2,17,0,2
1,<environment.Job instance at 0x15502b403b40>,2,12,[1 5],4,4,16,0,4
1,<environment.Job instance at 0x15502d148460>,1,3,[1 5],2,2,5,0,2
1,<environment.Job instance at 0x15502fdc4460>,1,21,[ 1 10],3,5,26,2,5
1,<environment.Job instance at 0x15502b5e0a50>,2,18,[5 2],3,3,21,0,3
1,<environment.Job instance at 0x15502fcc4d20>,4,3,[1 7],6,51,54,45,51
1,<environment.Job instance at 0x15502bf47870>,0,2,[5 2],1,1,3,0,1
1,<environment.Job instance at 0x15502bf476e0>,4,12,[7 1],7,7,19,0,7
1,<environment.Job instance at 0x15502e7801e0>,0,3,[2 7],1,1,4,0,1
1,<environment.Job instance at 0x1550368675f0>,2,26,[8 2],8,8,34,0,8
1,<environment.Job instance at 0x155036867280>,0,20,[7 2],1,1,21,0,1
1,<environment.Job instance at 0x15502b314c30>,1,14,[10  2],4,4,18,0,4
1,<environment.Job instance at 0x15503015baf0>,0,17,[2 8],1,1,18,0,1
1,<environment.Job instance at 0x15503015b190>,2,2,[7 1],5,6,8,1,6
1,<environment.Job instance at 0x1550615490f0>,0,1,[5 1],1,1,2,0,1
1,<environment.Job instance at 0x15502be452d0>,3,27,[6 1],6,6,33,0,6
1,<environment.Job instance at 0x15502ecf6f50>,2,18,[ 1 10],3,3,21,0,3
1,<environment.Job instance at 0x1550616925a0>,2,14,[7 2],4,8,22,4,8
1,<environment.Job instance at 0x155061692550>,2,17,[8 2],5,5,22,0,5
1,<environment.Job instance at 0x15502b803aa0>,1,21,[2 5],2,2,23,0,2
1,<environment.Job instance at 0x15502e781a00>,1,14,[2 9],3,7,21,4,7
1,<environment.Job instance at 0x15502c8ffcd0>,5,3,[2 8],8,21,24,13,10
1,<environment.Job instance at 0x15502e7631e0>,2,23,[5 1],5,25,48,20,25
1,<environment.Job instance at 0x15502b8a1d70>,0,27,[1 8],1,1,28,0,1
1,<environment.Job instance at 0x155031a81960>,4,14,[9 1],6,7,21,1,7
1,<environment.Job instance at 0x1550332f5e60>,7,15,[1 5],9,108,123,99,108
1,<environment.Job instance at 0x15502be45230>,0,25,[10  1],1,1,26,0,1
1,<environment.Job instance at 0x15502b6c6960>,2,15,[7 2],3,3,18,0,3
1,<environment.Job instance at 0x15502c673aa0>,5,18,[1 9],8,1779,1797,1771,1779
1,<environment.Job instance at 0x15502c673aa0>,2,27,[5 2],4,4,31,0,4
1,<environment.Job instance at 0x15502bdc3140>,1,18,[1 9],3,91,109,88,91
1,<environment.Job instance at 0x155060051550>,0,1,[2 6],1,1,2,0,1
1,<environment.Job instance at 0x155030a1cd70>,3,3,[1 7],6,6,9,0,6
1,<environment.Job instance at 0x15502b4054b0>,4,17,[2 7],7,9,26,2,7
1,<environment.Job instance at 0x15502fd966e0>,0,19,[10  1],1,1,20,0,1
1,<environment.Job instance at 0x15502eb18d20>,0,15,[2 6],2,2,17,0,2
1,<environment.Job instance at 0x15502c5f96e0>,2,13,[10  2],8,8,21,0,8
1,<environment.Job instance at 0x15503016bd20>,0,3,[7 1],1,1,4,0,1
1,<environment.Job instance at 0x15502e73c0f0>,1,3,[2 8],2,2,5,0,2
1,<environment.Job instance at 0x1550301b6140>,2,21,[1 9],3,5,26,2,3
1,<environment.Job instance at 0x1550301b6910>,3,16,[10  1],4,26,42,22,13
1,<environment.Job instance at 0x15502ba85dc0>,0,3,[10  1],2,2,5,0,2
1,<environment.Job instance at 0x15502bbd42d0>,1,14,[2 5],3,8,22,5,8
1,<environment.Job instance at 0x15502bbd48c0>,2,3,[5 2],5,19,22,14,19
1,<environment.Job instance at 0x155035f09b90>,3,12,[1 5],6,57,69,51,57
1,<environment.Job instance at 0x15502d129960>,0,3,[2 6],1,1,4,0,1
1,<environment.Job instance at 0x1550369a90a0>,4,3,[2 9],9,9,12,0,9
1,<environment.Job instance at 0x1550369a9eb0>,1,26,[2 8],3,3,29,0,3
1,<environment.Job instance at 0x15503687b2d0>,4,3,[10  2],8,29,32,21,8
1,<environment.Job instance at 0x1550369a95a0>,0,3,[5 1],4,4,7,0,4
1,<environment.Job instance at 0x15502bb9de60>,2,17,[2 8],3,3,20,0,3
1,<environment.Job instance at 0x15502bb9da50>,4,28,[ 1 10],6,23,51,17,23
1,<environment.Job instance at 0x15502c8fa500>,0,13,[10  1],1,1,14,0,1
1,<environment.Job instance at 0x155035f62140>,0,19,[2 6],1,2,21,1,2
1,<environment.Job instance at 0x15502ed12b90>,3,1,[2 9],7,21,22,14,7
1,<environment.Job instance at 0x155036928280>,2,3,[10  1],3,3,6,0,3
1,<environment.Job instance at 0x15502be688c0>,3,3,[2 6],4,6,9,2,4
1,<environment.Job instance at 0x15502be68780>,4,18,[2 8],5,9,27,4,5
1,<environment.Job instance at 0x15502be68140>,5,13,[5 1],6,23,36,17,23
1,<environment.Job instance at 0x155035dca410>,0,24,[1 7],1,1,25,0,1
1,<environment.Job instance at 0x155035dca190>,4,17,[9 2],8,8,25,0,8
1,<environment.Job instance at 0x15502d15c6e0>,3,13,[2 5],4,7,20,3,7
1,<environment.Job instance at 0x15502d15c9b0>,5,2,[5 1],6,33,35,27,33
1,<environment.Job instance at 0x15502b6e0eb0>,1,23,[1 9],2,17,40,15,17
1,<environment.Job instance at 0x15502ed29e10>,0,17,[2 8],1,1,18,0,1
1,<environment.Job instance at 0x15502ed29f50>,2,16,[8 1],5,19,35,14,19
1,<environment.Job instance at 0x15502b284690>,0,3,[5 1],1,1,4,0,1
1,<environment.Job instance at 0x155035ea3e60>,1,12,[1 7],3,3,15,0,3
1,<environment.Job instance at 0x155036971e10>,3,19,[2 5],6,15,34,9,6
1,<environment.Job instance at 0x1550369715f0>,5,3,[6 2],8,21,24,13,21
1,<environment.Job instance at 0x155035e6cb90>,5,19,[8 1],8,11,30,3,11
1,<environment.Job instance at 0x15502b7152d0>,0,18,[9 1],2,2,20,0,2
1,<environment.Job instance at 0x15502b715a50>,3,17,[10  1],5,20,37,15,8
1,<environment.Job instance at 0x1550300fc7d0>,0,15,[5 2],1,4,19,3,4
1,<environment.Job instance at 0x1550300fcb90>,3,27,[10  2],8,19,46,11,17
1,<environment.Job instance at 0x15502b6e8dc0>,0,1,[6 2],1,1,2,0,1
1,<environment.Job instance at 0x1550615666e0>,1,14,[2 6],2,2,16,0,2
1,<environment.Job instance at 0x15502b2a3fa0>,3,17,[2 5],4,16,33,12,9
1,<environment.Job instance at 0x15502b9ad500>,0,17,[9 1],3,3,20,0,3
1,<environment.Job instance at 0x155036920780>,0,13,[6 1],1,1,14,0,1
1,<environment.Job instance at 0x155036920410>,5,13,[2 6],6,6,19,0,6
1,<environment.Job instance at 0x15502c675500>,0,17,[7 1],1,1,18,0,1
1,<environment.Job instance at 0x1550369208c0>,1,17,[2 7],2,2,19,0,2
1,<environment.Job instance at 0x15502b302910>,0,15,[1 7],2,2,17,0,2
1,<environment.Job instance at 0x15502b4b0730>,0,25,[ 1 10],1,1,26,0,1
1,<environment.Job instance at 0x1550609b3be0>,1,13,[5 1],2,26,39,24,13
1,<environment.Job instance at 0x15502b7ff7d0>,0,3,[ 2 10],1,1,4,0,1
1,<environment.Job instance at 0x15502eab3a00>,3,1,[2 6],5,5,6,0,5
1,<environment.Job instance at 0x15502bba6820>,5,21,[2 5],7,7,28,0,7
1,<environment.Job instance at 0x155035dcad20>,1,19,[ 1 10],3,3,22,0,3
1,<environment.Job instance at 0x15502ebb55f0>,2,25,[2 8],3,3,28,0,3
1,<environment.Job instance at 0x15502ebb5b40>,3,13,[2 9],4,28,41,24,12
1,<environment.Job instance at 0x155035e0f910>,2,21,[2 9],5,5,26,0,5
1,<environment.Job instance at 0x1550612b12d0>,4,2,[8 1],7,8,10,1,8
1,<environment.Job instance at 0x15502ecb9e60>,1,14,[5 2],3,4,18,1,4
1,<environment.Job instance at 0x15502b2e1370>,4,2,[1 9],6,26,28,20,26
1,<environment.Job instance at 0x1550609bd500>,3,18,[5 1],4,116,134,112,116
1,<environment.Job instance at 0x15506012d190>,1,28,[1 7],4,5,33,1,5
1,<environment.Job instance at 0x15502bc76dc0>,3,18,[10  1],6,33,51,27,22
1,<environment.Job instance at 0x15502fc90140>,2,2,[10  2],4,7,9,3,7
1,<environment.Job instance at 0x15502b46ee10>,5,1,[6 2],8,9,10,1,9
1,<environment.Job instance at 0x15502b46eb90>,1,13,[2 6],2,15,28,13,15
1,<environment.Job instance at 0x15502bbc1a50>,0,3,[9 2],2,3,6,1,3
1,<environment.Job instance at 0x15502ebcd0f0>,5,17,[5 2],9,9,26,0,9
1,<environment.Job instance at 0x15502ba68af0>,0,27,[6 2],1,1,28,0,1
1,<environment.Job instance at 0x15502bf4a870>,0,3,[2 8],1,1,4,0,1
1,<environment.Job instance at 0x15502bcab230>,1,19,[8 1],2,2,21,0,2
1,<environment.Job instance at 0x1550368fbbe0>,3,12,[6 2],5,23,35,18,23
1,<environment.Job instance at 0x15502b299730>,1,1,[1 9],3,4,5,1,4
1,<environment.Job instance at 0x15502fe1c5a0>,3,1,[6 1],5,5,6,0,5
1,<environment.Job instance at 0x15502e835320>,0,26,[1 6],3,3,29,0,3
1,<environment.Job instance at 0x15502e77ed20>,3,23,[9 1],8,8,31,0,8
1,<environment.Job instance at 0x15502bb74b90>,7,14,[1 6],9,12,26,3,12
1,<environment.Job instance at 0x15502e77e730>,2,13,[6 2],4,57,70,53,57
1,<environment.Job instance at 0x155033307730>,1,17,[2 7],3,3,20,0,3
1,<environment.Job instance at 0x1550333075a0>,2,13,[10  1],4,20,33,16,5
1,<environment.Job instance at 0x15502b4cf640>,4,12,[7 2],8,12,24,4,12
1,<environment.Job instance at 0x15502bbc1230>,0,13,[10  1],1,1,14,0,1
1,<environment.Job instance at 0x155036995500>,4,24,[2 7],5,39,63,34,39
1,<environment.Job instance at 0x15502b921c30>,4,23,[6 2],7,12,35,5,12
1,<environment.Job instance at 0x155033327dc0>,0,20,[8 2],1,1,21,0,1
1,<environment.Job instance at 0x15502bf48f00>,4,1,[1 7],8,42,43,34,42
1,<environment.Job instance at 0x15502b381e10>,0,12,[2 8],1,1,13,0,1
1,<environment.Job instance at 0x1550609a0af0>,3,13,[8 2],5,5,18,0,5
1,<environment.Job instance at 0x15502fc1a780>,1,26,[7 1],3,3,29,0,3
1,<environment.Job instance at 0x1550301b65f0>,1,15,[10  2],2,2,17,0,2
1,<environment.Job instance at 0x155060105910>,1,18,[8 1],2,2,20,0,2
1,<environment.Job instance at 0x1550301785f0>,8,1,[8 1],9,25,26,16,25
1,<environment.Job instance at 0x15502b44d2d0>,0,3,[10  2],1,1,4,0,1
1,<environment.Job instance at 0x15502b38a050>,0,14,[ 1 10],1,1,15,0,1
1,<environment.Job instance at 0x15502b39b230>,0,13,[2 8],1,1,14,0,1
1,<environment.Job instance at 0x15502fce8320>,6,13,[2 8],8,22,35,14,22
1,<environment.Job instance at 0x15502b976820>,3,17,[5 2],4,4,21,0,4
1,<environment.Job instance at 0x1550600db0f0>,7,26,[ 1 10],9,21,47,12,18
1,<environment.Job instance at 0x155035e3eaf0>,1,12,[1 8],2,2,14,0,2
1,<environment.Job instance at 0x15502ea8ee10>,0,26,[2 5],1,1,27,0,1
1,<environment.Job instance at 0x15502b680820>,5,3,[9 1],6,27,30,21,22
1,<environment.Job instance at 0x15502dba4aa0>,0,3,[2 9],1,1,4,0,1
1,<environment.Job instance at 0x15502d1339b0>,0,26,[5 2],1,1,27,0,1
1,<environment.Job instance at 0x15502c5a5730>,1,1,[5 2],7,9,10,2,9
1,<environment.Job instance at 0x1550301ba6e0>,5,26,[2 5],6,6,32,0,6
1,<environment.Job instance at 0x1550301baf00>,2,12,[2 5],4,25,37,21,25
1,<environment.Job instance at 0x1550301babe0>,0,21,[10  2],2,2,23,0,2
1,<environment.Job instance at 0x15502c58af00>,6,2,[2 5],8,23,25,15,12
1,<environment.Job instance at 0x15502b769dc0>,0,3,[6 2],1,1,4,0,1
1,<environment.Job instance at 0x15502b7696e0>,2,23,[2 6],3,35,58,32,35
1,<environment.Job instance at 0x15502fc8e0f0>,0,18,[5 2],2,2,20,0,2
1,<environment.Job instance at 0x15502fc8ebe0>,3,2,[6 2],6,20,22,14,6
1,<environment.Job instance at 0x15502e780730>,4,27,[6 1],5,5,32,0,5
1,<environment.Job instance at 0x1550300a1640>,1,28,[7 2],2,2,30,0,2
1,<environment.Job instance at 0x1550600ac0f0>,4,2,[8 1],6,30,32,24,9
1,<environment.Job instance at 0x1550600acf00>,5,1,[6 2],7,32,33,25,14
1,<environment.Job instance at 0x15502e7802d0>,2,13,[10  1],4,33,46,29,21
1,<environment.Job instance at 0x15502e60d050>,2,17,[10  1],4,4,21,0,4
1,<environment.Job instance at 0x15503331ff50>,0,3,[2 9],1,1,4,0,1
1,<environment.Job instance at 0x15502be686e0>,0,3,[1 7],1,1,4,0,1
1,<environment.Job instance at 0x155035f42dc0>,1,3,[2 9],2,2,5,0,2
1,<environment.Job instance at 0x15502bde47d0>,2,13,[2 9],3,5,18,2,3
1,<environment.Job instance at 0x155035f42910>,3,12,[5 2],5,18,30,13,6
1,<environment.Job instance at 0x1550368dac30>,1,23,[5 1],2,2,25,0,2
1,<environment.Job instance at 0x1550368daa50>,1,18,[8 1],4,4,22,0,4
1,<environment.Job instance at 0x155030151eb0>,1,12,[2 9],3,11,23,8,11
1,<environment.Job instance at 0x15502c5b9780>,3,3,[1 6],7,7,10,0,7
1,<environment.Job instance at 0x15502beeadc0>,0,14,[10  2],2,3,17,1,3
1,<environment.Job instance at 0x155035eabaa0>,3,12,[2 9],4,305,317,301,305
1,<environment.Job instance at 0x155030082fa0>,1,16,[ 2 10],2,2,18,0,2
1,<environment.Job instance at 0x15502e8020f0>,5,17,[9 2],8,18,35,10,8
1,<environment.Job instance at 0x15502fd94280>,0,1,[ 2 10],1,4,5,3,4
1,<environment.Job instance at 0x15502fd94320>,3,3,[10  1],6,6,9,0,6
1,<environment.Job instance at 0x155060040f00>,4,1,[9 2],7,9,10,2,7
1,<environment.Job instance at 0x1550600400f0>,5,17,[8 1],8,10,27,2,8
1,<environment.Job instance at 0x15502e5d9550>,1,15,[9 1],3,3,18,0,3
1,<environment.Job instance at 0x15502bde4550>,4,20,[1 7],8,8,28,0,8
1,<environment.Job instance at 0x15502b8e60a0>,2,19,[9 1],3,3,22,0,3
1,<environment.Job instance at 0x15502c630910>,0,3,[6 1],1,1,4,0,1
1,<environment.Job instance at 0x15502ba55410>,0,25,[1 9],1,1,26,0,1
1,<environment.Job instance at 0x15502ebe82d0>,4,3,[2 8],5,85,88,80,85
1,<environment.Job instance at 0x15502beb9230>,1,21,[1 9],2,2,23,0,2
1,<environment.Job instance at 0x15502ea73050>,7,13,[2 7],9,70,83,61,70
1,<environment.Job instance at 0x15502b302870>,0,3,[2 5],1,1,4,0,1
1,<environment.Job instance at 0x15502b8f6820>,1,13,[1 5],2,2,15,0,2
1,<environment.Job instance at 0x15502b8f62d0>,3,23,[2 5],5,5,28,0,5
1,<environment.Job instance at 0x15502b8f6280>,5,18,[8 2],7,15,33,8,7
1,<environment.Job instance at 0x155030107f50>,0,3,[2 5],2,2,5,0,2
1,<environment.Job instance at 0x1550301075f0>,2,16,[2 8],5,5,21,0,5
1,<environment.Job instance at 0x15502e7bfbe0>,2,3,[6 2],3,3,6,0,3
1,<environment.Job instance at 0x155035e34730>,1,22,[2 5],2,2,24,0,2
1,<environment.Job instance at 0x15502b2f0190>,0,1,[ 1 10],3,7,8,4,7
1,<environment.Job instance at 0x1550612a8e10>,0,25,[2 7],1,1,26,0,1
1,<environment.Job instance at 0x1550612a83c0>,1,1,[8 1],2,13,14,11,13
1,<environment.Job instance at 0x15502bca20a0>,2,3,[2 5],4,4,7,0,4
1,<environment.Job instance at 0x15502bca21e0>,3,12,[9 2],5,7,19,2,6
1,<environment.Job instance at 0x155036983640>,1,1,[10  2],3,3,4,0,3
1,<environment.Job instance at 0x15502b632550>,2,2,[7 1],4,4,6,0,4
1,<environment.Job instance at 0x15502b6326e0>,3,2,[10  1],5,6,8,1,5
1,<environment.Job instance at 0x15502bcd49b0>,4,26,[1 7],6,8,34,2,6
1,<environment.Job instance at 0x15502ece4820>,0,25,[10  2],2,2,27,0,2
1,<environment.Job instance at 0x15502bd79f50>,0,3,[2 8],1,1,4,0,1
1,<environment.Job instance at 0x15502bce0fa0>,0,14,[5 2],1,1,15,0,1
1,<environment.Job instance at 0x15502b535820>,0,3,[6 1],1,2,5,1,2
1,<environment.Job instance at 0x15502b535b40>,2,18,[2 7],3,4,22,1,4
1,<environment.Job instance at 0x15502b65ceb0>,2,12,[ 1 10],3,3,15,0,3
1,<environment.Job instance at 0x15502b76c3c0>,4,12,[5 1],5,65,77,60,65
1,<environment.Job instance at 0x15502b715230>,0,26,[6 2],2,2,28,0,2
1,<environment.Job instance at 0x155035ecdd70>,0,20,[1 7],1,1,21,0,1
1,<environment.Job instance at 0x15502e7d1780>,0,3,[2 8],2,2,5,0,2
1,<environment.Job instance at 0x15502e7d1280>,1,3,[7 2],3,3,6,0,3
1,<environment.Job instance at 0x15502e7d19b0>,3,13,[1 8],6,7,20,1,7
1,<environment.Job instance at 0x155036000140>,0,19,[1 6],1,1,20,0,1
1,<environment.Job instance at 0x155036000cd0>,2,2,[1 7],4,20,22,16,4
1,<environment.Job instance at 0x155030117c30>,1,17,[7 2],3,3,20,0,3
1,<environment.Job instance at 0x155030a1ca00>,2,13,[2 5],4,4,17,0,4
1,<environment.Job instance at 0x15502b4cb960>,1,3,[6 2],2,2,5,0,2
1,<environment.Job instance at 0x15502b4cbaa0>,3,27,[1 5],5,5,32,0,5
1,<environment.Job instance at 0x15502b323780>,0,3,[8 2],2,2,5,0,2
1,<environment.Job instance at 0x15502b323aa0>,1,22,[8 1],3,5,27,2,3
1,<environment.Job instance at 0x15502b323d20>,3,17,[7 2],5,27,44,22,20
1,<environment.Job instance at 0x1550600f94b0>,0,1,[ 1 10],1,6,7,5,6
1,<environment.Job instance at 0x15503007ae60>,2,14,[ 2 10],4,4,18,0,4
1,<environment.Job instance at 0x15508013af50>,0,3,[2 6],1,1,4,0,1
1,<environment.Job instance at 0x15508013a5a0>,1,14,[10  1],2,4,18,2,2
1,<environment.Job instance at 0x15502e7565f0>,5,3,[2 8],7,775,778,768,775
1,<environment.Job instance at 0x15502c5b9c30>,2,13,[ 2 10],4,4,17,0,4
1,<environment.Job instance at 0x15502bc0c140>,0,25,[1 5],1,2,27,1,2
1,<environment.Job instance at 0x155061259e60>,1,23,[ 2 10],2,2,25,0,2
1,<environment.Job instance at 0x15502b7ce640>,1,3,[2 7],2,2,5,0,2
1,<environment.Job instance at 0x15502b7ce190>,8,20,[ 1 10],9,117,137,108,117
1,<environment.Job instance at 0x155061295730>,0,3,[5 2],1,1,4,0,1
1,<environment.Job instance at 0x155061295fa0>,1,17,[6 2],5,5,22,0,5
1,<environment.Job instance at 0x15502bb141e0>,1,16,[2 9],4,5,21,1,5
1,<environment.Job instance at 0x1550300d1d20>,3,17,[5 2],6,22,39,16,22
1,<environment.Job instance at 0x15502e832140>,2,17,[2 9],4,4,21,0,4
1,<environment.Job instance at 0x15502b8f0c80>,0,1,[1 5],1,1,2,0,1
1,<environment.Job instance at 0x15502bb87f00>,0,3,[2 6],1,1,4,0,1
1,<environment.Job instance at 0x15502bb870a0>,1,3,[2 5],2,4,7,2,2
1,<environment.Job instance at 0x1550300821e0>,1,21,[9 2],2,3,24,1,3
1,<environment.Job instance at 0x155060991f50>,1,12,[2 8],3,3,15,0,3
1,<environment.Job instance at 0x1550609912d0>,2,14,[10  2],4,15,29,11,4
1,<environment.Job instance at 0x15502ecb9e10>,7,23,[1 8],9,29,52,20,25
1,<environment.Job instance at 0x15502c5dc500>,3,14,[10  1],5,6,20,1,6
1,<environment.Job instance at 0x15502c5dc1e0>,5,16,[9 2],7,20,36,13,7
1,<environment.Job instance at 0x15502c5dca00>,0,12,[5 1],2,4,16,2,4
1,<environment.Job instance at 0x155035f8ae10>,0,3,[2 5],2,2,5,0,2
1,<environment.Job instance at 0x15502fcd7550>,2,18,[2 9],5,5,23,0,5
1,<environment.Job instance at 0x155080145140>,5,22,[5 2],9,28,50,19,28
1,<environment.Job instance at 0x15502b52c730>,1,18,[7 2],3,4,22,1,4
1,<environment.Job instance at 0x15502b52cf50>,5,25,[ 1 10],8,23,48,15,23
1,<environment.Job instance at 0x15506129e3c0>,5,17,[9 1],7,7,24,0,7
1,<environment.Job instance at 0x15502b5b15f0>,1,19,[10  2],3,3,22,0,3
1,<environment.Job instance at 0x15502ec68f50>,2,17,[7 2],5,22,39,17,10
1,<environment.Job instance at 0x15502b9e0370>,0,18,[8 1],1,1,19,0,1
1,<environment.Job instance at 0x15502b748960>,0,3,[10  2],3,3,6,0,3
1,<environment.Job instance at 0x15502eab3730>,0,2,[ 1 10],3,4,6,1,4
1,<environment.Job instance at 0x15502eab3dc0>,2,1,[1 6],5,6,7,1,5
1,<environment.Job instance at 0x15502eab3370>,3,27,[1 8],6,7,34,1,6
1,<environment.Job instance at 0x15503331c640>,0,3,[1 5],1,1,4,0,1
1,<environment.Job instance at 0x15506012dbe0>,1,14,[6 2],3,4,18,1,4
1,<environment.Job instance at 0x15503331c3c0>,3,18,[10  2],5,18,36,13,7
1,<environment.Job instance at 0x15502b87c910>,1,1,[10  2],2,51,52,49,51
1,<environment.Job instance at 0x15502b984410>,0,20,[2 5],1,1,21,0,1
1,<environment.Job instance at 0x15502eba8e10>,2,19,[6 1],3,3,22,0,3
1,<environment.Job instance at 0x155035e26d20>,1,17,[6 1],2,2,19,0,2
1,<environment.Job instance at 0x15502bcfb320>,4,18,[2 8],7,7,25,0,7
1,<environment.Job instance at 0x15502ed8c410>,2,16,[5 2],4,7,23,3,7
1,<environment.Job instance at 0x15502e6be410>,0,15,[7 2],1,1,16,0,1
1,<environment.Job instance at 0x15502c5dcd20>,3,13,[8 2],5,16,29,11,5
1,<environment.Job instance at 0x15502c5ad550>,1,25,[2 9],2,2,27,0,2
1,<environment.Job instance at 0x15502e7b00f0>,2,13,[2 6],5,27,40,22,12
1,<environment.Job instance at 0x15502fc1a410>,2,14,[7 1],3,4,18,1,4
1,<environment.Job instance at 0x15502fc1a4b0>,6,27,[2 9],8,9,36,1,9
1,<environment.Job instance at 0x15502b4230a0>,0,1,[1 9],1,5,6,4,5
1,<environment.Job instance at 0x155035fe3230>,3,21,[1 9],9,17,38,8,17
1,<environment.Job instance at 0x155061238b40>,0,14,[1 6],1,1,15,0,1
1,<environment.Job instance at 0x15502be1c730>,0,16,[10  1],1,1,17,0,1
1,<environment.Job instance at 0x15502b17a460>,5,23,[5 2],7,35,58,28,35
1,<environment.Job instance at 0x15502b17a140>,5,16,[ 1 10],8,8,24,0,8
1,<environment.Job instance at 0x15502bb03cd0>,1,13,[1 6],2,26,39,24,26
1,<environment.Job instance at 0x15502b3f9230>,2,17,[10  2],5,6,23,1,6
1,<environment.Job instance at 0x15502b442190>,4,17,[2 5],7,23,40,16,11
1,<environment.Job instance at 0x15502b714b90>,0,15,[7 2],1,1,16,0,1
1,<environment.Job instance at 0x15502b714550>,1,13,[ 2 10],3,16,29,13,3
1,<environment.Job instance at 0x15502baaf3c0>,0,28,[ 2 10],1,1,29,0,1
1,<environment.Job instance at 0x15502ba14730>,0,18,[6 1],1,1,19,0,1
1,<environment.Job instance at 0x15502ba14500>,2,14,[ 1 10],3,19,33,16,4
1,<environment.Job instance at 0x15502ba14dc0>,5,18,[8 1],7,33,51,26,29
1,<environment.Job instance at 0x15502b8f04b0>,2,21,[1 8],5,10,31,5,10
1,<environment.Job instance at 0x15502b423be0>,1,13,[7 2],3,3,16,0,3
1,<environment.Job instance at 0x15502e781820>,0,3,[ 2 10],3,3,6,0,3
1,<environment.Job instance at 0x15503603e5a0>,0,13,[1 5],1,1,14,0,1
1,<environment.Job instance at 0x15503603ea00>,4,15,[1 9],6,710,725,704,710
1,<environment.Job instance at 0x15503603ea00>,3,20,[6 2],4,6,26,2,6
1,<environment.Job instance at 0x15502fd96140>,0,20,[2 8],2,2,22,0,2
1,<environment.Job instance at 0x155035dbf5a0>,0,21,[2 5],1,1,22,0,1
1,<environment.Job instance at 0x15502b116500>,3,1,[6 2],6,13,14,7,13
1,<environment.Job instance at 0x15502c5fc1e0>,4,2,[2 6],8,23,25,15,23
1,<environment.Job instance at 0x15502fc19960>,1,14,[2 5],4,4,18,0,4
1,<environment.Job instance at 0x1550368c9a00>,0,3,[2 8],1,1,4,0,1
1,<environment.Job instance at 0x15502ecf6370>,3,17,[6 2],4,4,21,0,4
1,<environment.Job instance at 0x15502fca8b40>,7,28,[2 7],9,9,37,0,9
1,<environment.Job instance at 0x15502b82ceb0>,1,3,[8 1],2,2,5,0,2
1,<environment.Job instance at 0x15502b82cf50>,2,23,[8 2],4,5,28,1,4
1,<environment.Job instance at 0x15502bc19370>,1,2,[2 8],3,4,6,1,4
1,<environment.Job instance at 0x15502fbfa4b0>,2,3,[1 7],4,4,7,0,4
1,<environment.Job instance at 0x155035f01af0>,4,3,[1 8],7,7,10,0,7
1,<environment.Job instance at 0x15502d147c80>,1,14,[2 9],5,5,19,0,5
1,<environment.Job instance at 0x15502eab4e60>,1,1,[1 8],3,5,6,2,5
1,<environment.Job instance at 0x15502eab4a00>,4,22,[7 2],6,8,30,2,8
1,<environment.Job instance at 0x155035e19190>,0,3,[ 2 10],1,1,4,0,1
1,<environment.Job instance at 0x15502bbc6410>,0,17,[5 2],1,1,18,0,1
1,<environment.Job instance at 0x15502b4cb140>,3,17,[2 5],9,31,48,22,31
1,<environment.Job instance at 0x15502b887050>,1,3,[6 2],3,3,6,0,3
1,<environment.Job instance at 0x15502b7410f0>,0,25,[2 8],3,3,28,0,3
1,<environment.Job instance at 0x15502e652050>,2,21,[2 7],3,4,25,1,4
1,<environment.Job instance at 0x15502f3b3190>,0,13,[1 6],1,1,14,0,1
1,<environment.Job instance at 0x15502b0b7dc0>,2,12,[10  1],5,7,19,2,7
1,<environment.Job instance at 0x155035dde0f0>,5,22,[10  1],7,9,31,2,9
1,<environment.Job instance at 0x15502b0b7d70>,2,15,[ 2 10],3,4,19,1,4
1,<environment.Job instance at 0x15502ead53c0>,4,1,[2 7],7,590,591,583,590
1,<environment.Job instance at 0x155036010230>,0,1,[ 1 10],2,6,7,4,6
1,<environment.Job instance at 0x155035e7ad20>,0,17,[7 2],1,1,18,0,1
1,<environment.Job instance at 0x15502bd79e10>,1,16,[5 1],2,5,21,3,5
1,<environment.Job instance at 0x15502fe22f50>,0,3,[2 9],1,1,4,0,1
1,<environment.Job instance at 0x15502fe22b90>,1,14,[2 5],2,4,18,2,2
1,<environment.Job instance at 0x15502ba48fa0>,0,24,[10  1],2,2,26,0,2
1,<environment.Job instance at 0x15502be8ec30>,2,3,[1 5],5,26,29,21,5
1,<environment.Job instance at 0x155035f411e0>,4,3,[2 9],7,29,32,22,7
1,<environment.Job instance at 0x155036951190>,1,18,[8 1],3,6,24,3,6
1,<environment.Job instance at 0x1550300bac30>,3,1,[1 8],6,6,7,0,6
1,<environment.Job instance at 0x15502fc7d8c0>,1,15,[5 2],3,3,18,0,3
1,<environment.Job instance at 0x15502bc0e820>,2,13,[1 6],4,4,17,0,4
1,<environment.Job instance at 0x15502bc77820>,7,12,[5 2],9,17,29,8,10
1,<environment.Job instance at 0x15502bc779b0>,3,13,[6 1],7,25,38,18,25
1,<environment.Job instance at 0x15502b7c8f50>,0,20,[1 6],1,1,21,0,1
1,<environment.Job instance at 0x155060031a00>,0,20,[9 1],2,2,22,0,2
1,<environment.Job instance at 0x155060031780>,2,18,[10  1],5,22,40,17,11
1,<environment.Job instance at 0x155030a3cb90>,3,21,[1 6],5,23,44,18,23
1,<environment.Job instance at 0x15502e6028c0>,0,18,[8 2],1,1,19,0,1
1,<environment.Job instance at 0x15502e602640>,2,17,[8 1],3,19,36,16,7
1,<environment.Job instance at 0x15502ed56550>,0,3,[10  1],2,2,5,0,2
1,<environment.Job instance at 0x15502b9d8690>,0,3,[9 2],1,1,4,0,1
1,<environment.Job instance at 0x15502b9d8e60>,3,19,[1 6],5,5,24,0,5
1,<environment.Job instance at 0x15502b9d8960>,1,3,[2 8],4,5,8,1,5
1,<environment.Job instance at 0x15502c5fff50>,2,19,[8 2],6,6,25,0,6
1,<environment.Job instance at 0x155036958870>,5,1,[6 2],7,8,9,1,8
1,<environment.Job instance at 0x155036958cd0>,7,3,[ 1 10],9,23,26,14,23
1,<environment.Job instance at 0x155036958dc0>,1,3,[1 7],5,5,8,0,5
1,<environment.Job instance at 0x15502c5b9fa0>,3,22,[5 2],9,11,33,2,11
1,<environment.Job instance at 0x15502c5b9820>,1,12,[ 1 10],4,4,16,0,4
1,<environment.Job instance at 0x15502c8fbd20>,1,12,[1 8],2,2,14,0,2
1,<environment.Job instance at 0x15502bd67b40>,4,2,[10  1],6,14,16,8,6
1,<environment.Job instance at 0x15502bd67fa0>,5,25,[7 2],8,16,41,8,13
1,<environment.Job instance at 0x155061316aa0>,0,25,[10  2],1,1,26,0,1
1,<environment.Job instance at 0x15502eac7cd0>,4,14,[2 9],6,26,40,20,12
1,<environment.Job instance at 0x15502bd51640>,0,3,[1 6],1,1,4,0,1
1,<environment.Job instance at 0x15502bd515a0>,1,17,[1 9],2,4,21,2,2
1,<environment.Job instance at 0x155035e26f50>,0,1,[1 6],1,1,2,0,1
1,<environment.Job instance at 0x15502c655af0>,0,12,[ 1 10],1,1,13,0,1
1,<environment.Job instance at 0x15502b9c3be0>,0,17,[7 2],1,1,18,0,1
1,<environment.Job instance at 0x15502b9c32d0>,6,18,[1 8],8,8,26,0,8
1,<environment.Job instance at 0x15502b40cb40>,1,24,[8 1],2,2,26,0,2
1,<environment.Job instance at 0x15502e825fa0>,0,1,[1 7],1,1,2,0,1
1,<environment.Job instance at 0x1550300d1a00>,3,14,[1 5],4,8,22,4,8
1,<environment.Job instance at 0x15502fe2dd70>,0,18,[8 2],2,2,20,0,2
1,<environment.Job instance at 0x15502c661b40>,1,14,[10  2],2,2,16,0,2
1,<environment.Job instance at 0x15502c6618c0>,6,16,[9 2],9,16,32,7,10
1,<environment.Job instance at 0x15502e69fb90>,3,13,[1 8],7,7,20,0,7
1,<environment.Job instance at 0x15502b5da690>,2,3,[2 9],3,3,6,0,3
1,<environment.Job instance at 0x15502e693550>,3,16,[9 2],4,6,22,2,4
1,<environment.Job instance at 0x155060a05b90>,1,22,[1 5],2,2,24,0,2
1,<environment.Job instance at 0x15502ba14230>,0,14,[2 9],1,2,16,1,2
1,<environment.Job instance at 0x15502c8fca50>,5,26,[9 2],9,25,51,16,25
1,<environment.Job instance at 0x15502c666960>,3,17,[8 1],6,7,24,1,7
1,<environment.Job instance at 0x15502c666fa0>,5,18,[2 7],9,9,27,0,9
1,<environment.Job instance at 0x1550612a87d0>,1,21,[7 2],2,2,23,0,2
1,<environment.Job instance at 0x1550300a2be0>,1,24,[7 1],3,3,27,0,3
1,<environment.Job instance at 0x15502fd688c0>,0,17,[8 2],1,1,18,0,1
1,<environment.Job instance at 0x15502b4ff370>,2,1,[8 1],4,30,31,26,30
1,<environment.Job instance at 0x155061558960>,4,3,[9 1],7,7,10,0,7
1,<environment.Job instance at 0x15502b40ba00>,0,17,[6 1],1,1,18,0,1
1,<environment.Job instance at 0x15502e68d050>,0,19,[2 8],1,1,20,0,1
1,<environment.Job instance at 0x15502fe2c550>,3,1,[7 2],7,21,22,14,21
1,<environment.Job instance at 0x15502e68d6e0>,4,1,[5 1],8,59,60,51,59
1,<environment.Job instance at 0x15502c65b460>,1,28,[1 7],2,35,63,33,35
1,<environment.Job instance at 0x15502c657140>,0,23,[10  2],1,1,24,0,1
1,<environment.Job instance at 0x15502d134050>,4,1,[8 2],8,32,33,24,32
1,<environment.Job instance at 0x155035e69780>,1,1,[1 7],2,27,28,25,27
1,<environment.Job instance at 0x1550369169b0>,5,26,[1 6],7,14,40,7,14
1,<environment.Job instance at 0x15502fc290f0>,1,15,[7 1],2,5,20,3,5
1,<environment.Job instance at 0x15502fc1fcd0>,0,17,[5 1],5,5,22,0,5
1,<environment.Job instance at 0x1550300a2050>,0,15,[1 5],1,1,16,0,1
1,<environment.Job instance at 0x15502b8a82d0>,0,13,[1 7],2,2,15,0,2
1,<environment.Job instance at 0x15502bcc33c0>,0,15,[1 6],2,2,17,0,2
1,<environment.Job instance at 0x15502b1943c0>,2,17,[5 1],5,30,47,25,30
1,<environment.Job instance at 0x15502b4e6cd0>,0,2,[2 8],1,1,3,0,1
1,<environment.Job instance at 0x15502b3e7820>,0,22,[10  1],1,1,23,0,1
1,<environment.Job instance at 0x15502bd72320>,0,16,[10  2],1,1,17,0,1
1,<environment.Job instance at 0x15502b9a3370>,0,19,[8 2],1,1,20,0,1
1,<environment.Job instance at 0x15502b155a00>,3,17,[1 6],4,23,40,19,23
1,<environment.Job instance at 0x15503330ec30>,0,19,[10  2],1,1,20,0,1
1,<environment.Job instance at 0x155034959230>,1,13,[8 2],3,20,33,17,4
1,<environment.Job instance at 0x15502b9a7dc0>,1,13,[ 2 10],3,24,37,21,24
1,<environment.Job instance at 0x15502b3e0730>,0,15,[2 9],2,2,17,0,2
1,<environment.Job instance at 0x15502bb82d70>,0,22,[1 7],1,1,23,0,1
1,<environment.Job instance at 0x15502bb82370>,1,3,[2 6],2,23,26,21,2
1,<environment.Job instance at 0x15506009c280>,1,14,[5 2],3,3,17,0,3
1,<environment.Job instance at 0x15502b506190>,4,18,[5 1],8,12,30,4,12
1,<environment.Job instance at 0x155036942fa0>,0,3,[1 5],1,1,4,0,1
1,<environment.Job instance at 0x15502bcffbe0>,2,3,[2 7],6,24,27,18,24
1,<environment.Job instance at 0x15502bf74140>,3,26,[2 9],4,4,30,0,4
1,<environment.Job instance at 0x15502bf74690>,4,3,[1 9],5,30,33,25,10
1,<environment.Job instance at 0x15502fcb01e0>,0,18,[6 1],1,1,19,0,1
1,<environment.Job instance at 0x1550369c2d20>,1,3,[ 1 10],4,7,10,3,7
1,<environment.Job instance at 0x1550369a9eb0>,0,15,[6 2],1,1,16,0,1
1,<environment.Job instance at 0x15502e6f4910>,2,20,[2 5],6,6,26,0,6
1,<environment.Job instance at 0x155035f6b320>,3,15,[ 2 10],4,4,19,0,4
1,<environment.Job instance at 0x15502bdd2dc0>,1,19,[1 8],4,4,23,0,4
1,<environment.Job instance at 0x155036971870>,1,13,[6 1],2,21,34,19,21
1,<environment.Job instance at 0x15502ebd4140>,0,22,[1 5],1,1,23,0,1
1,<environment.Job instance at 0x15502b7f67d0>,3,12,[6 2],6,32,44,26,32
1,<environment.Job instance at 0x15502b7f6af0>,1,19,[2 6],2,3,22,1,3
1,<environment.Job instance at 0x15502b7f67d0>,4,15,[5 1],8,18,33,10,18
1,<environment.Job instance at 0x15502b9ced20>,0,21,[ 1 10],1,1,22,0,1
1,<environment.Job instance at 0x15506124aaa0>,2,14,[5 1],4,22,36,18,17
1,<environment.Job instance at 0x15502b367e60>,0,16,[9 1],1,1,17,0,1
1,<environment.Job instance at 0x15502b3bc5a0>,4,25,[2 9],8,30,55,22,30
1,<environment.Job instance at 0x155031a8dbe0>,0,3,[2 9],1,1,4,0,1
1,<environment.Job instance at 0x155035f48a50>,5,12,[2 7],9,9,21,0,9
1,<environment.Job instance at 0x15502e736f00>,0,25,[10  2],1,1,26,0,1
1,<environment.Job instance at 0x155036905410>,0,26,[10  2],1,1,27,0,1
1,<environment.Job instance at 0x15502b972be0>,2,16,[10  1],3,3,19,0,3
1,<environment.Job instance at 0x15502b972a50>,4,26,[ 1 10],6,22,48,16,22
1,<environment.Job instance at 0x15502ea5b140>,2,12,[8 2],3,6,18,3,6
1,<environment.Job instance at 0x15502ea5b8c0>,5,27,[10  2],8,18,45,10,16
1,<environment.Job instance at 0x155035f75f50>,0,18,[5 1],1,1,19,0,1
1,<environment.Job instance at 0x15502fdc1f00>,2,18,[2 8],3,3,21,0,3
1,<environment.Job instance at 0x15502fdc19b0>,4,17,[10  1],5,21,38,16,9
1,<environment.Job instance at 0x15502eb7aaf0>,0,19,[9 1],1,1,20,0,1
1,<environment.Job instance at 0x155030113f50>,1,19,[1 6],3,3,22,0,3
1,<environment.Job instance at 0x15502b2cea00>,3,16,[1 8],5,6,22,1,6
1,<environment.Job instance at 0x15502b2ce910>,4,3,[2 5],7,22,25,15,7
1,<environment.Job instance at 0x15502eac0b90>,1,28,[1 9],3,4,32,1,4
1,<environment.Job instance at 0x155035e7a320>,0,17,[6 1],1,1,18,0,1
1,<environment.Job instance at 0x15502e7d6eb0>,2,18,[ 1 10],4,18,36,14,7
1,<environment.Job instance at 0x15502e794be0>,5,1,[1 7],7,7,8,0,7
1,<environment.Job instance at 0x15502e794690>,6,2,[8 1],8,8,10,0,8
1,<environment.Job instance at 0x15502b4fb690>,7,18,[1 8],9,34,52,25,34
1,<environment.Job instance at 0x15502c5b47d0>,0,2,[2 7],2,2,4,0,2
1,<environment.Job instance at 0x155035fd6140>,5,18,[9 2],9,12,30,3,12
1,<environment.Job instance at 0x155035fd60a0>,1,20,[1 9],2,11,31,9,11
1,<environment.Job instance at 0x155035fd6140>,2,18,[ 1 10],4,31,49,27,21
1,<environment.Job instance at 0x15502fc00d70>,6,1,[1 7],9,49,50,40,47
1,<environment.Job instance at 0x1550612b9410>,1,18,[2 9],4,4,22,0,4
1,<environment.Job instance at 0x155031aac0f0>,0,14,[1 6],1,1,15,0,1
1,<environment.Job instance at 0x15502b4063c0>,3,18,[ 2 10],4,15,33,11,4
1,<environment.Job instance at 0x15502b406b40>,4,18,[8 2],6,33,51,27,22
1,<environment.Job instance at 0x155036971320>,0,18,[7 1],1,1,19,0,1
1,<environment.Job instance at 0x15502b3e39b0>,5,19,[5 1],7,19,38,12,10
1,<environment.Job instance at 0x15502b3e3eb0>,1,21,[2 8],3,4,25,1,4
1,<environment.Job instance at 0x15502ba50f00>,0,24,[6 2],1,1,25,0,1
1,<environment.Job instance at 0x155036971870>,2,14,[1 5],5,6,20,1,6
1,<environment.Job instance at 0x15508013ee60>,5,16,[8 1],8,25,41,17,12
1,<environment.Job instance at 0x155035faae10>,0,25,[1 5],1,2,27,1,2
1,<environment.Job instance at 0x15508013ee60>,2,20,[9 2],3,3,23,0,3
1,<environment.Job instance at 0x15502b7e3fa0>,6,12,[10  2],8,386,398,378,386
1,<environment.Job instance at 0x15502ba50f00>,0,14,[7 1],3,3,17,0,3
1,<environment.Job instance at 0x1550600397d0>,1,1,[5 1],2,2,3,0,2
1,<environment.Job instance at 0x155035e310a0>,1,27,[5 1],3,3,30,0,3
1,<environment.Job instance at 0x15502b7abf50>,2,28,[8 1],4,30,58,26,29
1,<environment.Job instance at 0x155036031550>,0,12,[2 5],1,1,13,0,1
1,<environment.Job instance at 0x15502b3e0230>,3,23,[1 7],4,12,35,8,12
1,<environment.Job instance at 0x15502bf31fa0>,8,13,[ 1 10],9,40,53,31,40
1,<environment.Job instance at 0x15502ebf3d20>,0,12,[2 7],1,1,13,0,1
1,<environment.Job instance at 0x15502fc29730>,4,27,[1 5],5,5,32,0,5
1,<environment.Job instance at 0x15502b9840f0>,1,3,[1 9],2,28,31,26,28
1,<environment.Job instance at 0x1550801be410>,3,14,[ 1 10],6,1570,1584,1564,1570
1,<environment.Job instance at 0x15502b5ba320>,0,18,[1 7],1,1,19,0,1
1,<environment.Job instance at 0x15502bb28af0>,4,3,[8 1],7,7,10,0,7
1,<environment.Job instance at 0x15502bb28780>,5,26,[ 1 10],8,19,45,11,16
1,<environment.Job instance at 0x15502b1232d0>,0,20,[2 7],2,2,22,0,2
1,<environment.Job instance at 0x15502b123910>,1,3,[5 2],2,2,5,0,2
1,<environment.Job instance at 0x15502b547370>,5,3,[ 2 10],6,6,9,0,6
1,<environment.Job instance at 0x15502ba65460>,0,27,[ 1 10],1,1,28,0,1
1,<environment.Job instance at 0x15502ba65e10>,2,23,[ 2 10],3,47,70,44,47
1,<environment.Job instance at 0x15502b2a4cd0>,0,12,[2 5],1,1,13,0,1
1,<environment.Job instance at 0x155035fc5870>,0,14,[8 2],2,3,17,1,3
1,<environment.Job instance at 0x15502b433140>,1,3,[1 6],4,4,7,0,4
1,<environment.Job instance at 0x15502b433cd0>,2,3,[2 9],3,3,6,0,3
1,<environment.Job instance at 0x15502bf22140>,7,3,[9 1],8,8,11,0,8
1,<environment.Job instance at 0x1550300d5280>,8,26,[ 2 10],9,11,37,2,9
1,<environment.Job instance at 0x1550301202d0>,0,18,[1 7],1,1,19,0,1
1,<environment.Job instance at 0x1550301200f0>,3,14,[8 2],5,5,19,0,5
1,<environment.Job instance at 0x15502befae60>,2,20,[6 2],3,3,23,0,3
1,<environment.Job instance at 0x15502ed563c0>,1,1,[1 6],2,228,229,226,228
1,<environment.Job instance at 0x15502fdc4c30>,0,1,[5 2],2,2,3,0,2
1,<environment.Job instance at 0x155035f01c80>,4,2,[9 1],6,73,75,67,73
1,<environment.Job instance at 0x155030a199b0>,0,16,[9 1],2,2,18,0,2
1,<environment.Job instance at 0x155030a173c0>,4,17,[2 8],8,18,35,10,17
1,<environment.Job instance at 0x155030a17e10>,1,12,[2 5],5,5,17,0,5
1,<environment.Job instance at 0x15502b638d70>,1,3,[2 6],2,2,5,0,2
1,<environment.Job instance at 0x15502b6389b0>,3,28,[ 2 10],5,6,34,1,6
1,<environment.Job instance at 0x15502e639a50>,6,2,[8 1],8,34,36,26,15
1,<environment.Job instance at 0x15502be18af0>,0,17,[6 1],1,1,18,0,1
1,<environment.Job instance at 0x15502b469c30>,2,13,[7 2],5,18,31,13,7
1,<environment.Job instance at 0x155030a1c280>,0,25,[9 1],1,1,26,0,1
1,<environment.Job instance at 0x155030a1cdc0>,3,15,[8 2],4,26,41,22,26
1,<environment.Job instance at 0x155030129190>,0,3,[1 6],2,2,5,0,2
1,<environment.Job instance at 0x15502c8d6be0>,1,15,[10  2],4,5,20,1,4
1,<environment.Job instance at 0x15502b464500>,4,19,[9 2],7,20,39,13,10
1,<environment.Job instance at 0x15502b515d70>,3,16,[9 2],9,9,25,0,9
1,<environment.Job instance at 0x155035dffaa0>,0,3,[1 6],1,1,4,0,1
1,<environment.Job instance at 0x155060a18140>,1,15,[6 2],2,2,17,0,2
1,<environment.Job instance at 0x15502b725b90>,2,19,[7 2],3,7,26,4,7
1,<environment.Job instance at 0x155061584370>,0,3,[1 7],1,1,4,0,1
1,<environment.Job instance at 0x15502be42640>,3,22,[9 1],4,10,32,6,10
1,<environment.Job instance at 0x15502b4645f0>,0,12,[1 7],1,1,13,0,1
1,<environment.Job instance at 0x1550612afdc0>,5,24,[2 9],8,13,37,5,8
1,<environment.Job instance at 0x15502be6e0f0>,2,3,[ 2 10],5,5,8,0,5
1,<environment.Job instance at 0x15502be6e640>,3,18,[8 2],6,8,26,2,6
1,<environment.Job instance at 0x15502bbe1230>,0,16,[6 2],1,2,18,1,2
1,<environment.Job instance at 0x15502bbe1960>,2,2,[1 9],4,18,20,14,4
1,<environment.Job instance at 0x15502bbe15a0>,3,14,[6 1],7,18,32,11,7
1,<environment.Job instance at 0x15502bbe1190>,1,3,[2 7],7,7,10,0,7
1,<environment.Job instance at 0x15502bb0e370>,3,1,[7 1],5,5,6,0,5
1,<environment.Job instance at 0x15502fdb3f50>,1,1,[1 8],2,7,8,5,7
1,<environment.Job instance at 0x15502ba800f0>,2,2,[1 6],3,8,10,5,7
1,<environment.Job instance at 0x1550368b0b90>,4,17,[2 9],6,521,538,515,521
1,<environment.Job instance at 0x15502bc02320>,0,18,[1 7],1,1,19,0,1
1,<environment.Job instance at 0x1550609e6aa0>,1,2,[1 5],3,3,5,0,3
1,<environment.Job instance at 0x1550368b0cd0>,3,25,[7 2],6,6,31,0,6
1,<environment.Job instance at 0x155061259460>,0,25,[2 9],1,1,26,0,1
1,<environment.Job instance at 0x15503331f910>,4,3,[5 2],5,26,29,21,5
1,<environment.Job instance at 0x155035def5f0>,1,13,[2 9],3,3,16,0,3
1,<environment.Job instance at 0x15502b567a00>,4,15,[7 1],7,7,22,0,7
1,<environment.Job instance at 0x15502b655dc0>,0,18,[5 1],1,1,19,0,1
1,<environment.Job instance at 0x155035e98be0>,1,18,[5 1],4,4,22,0,4
1,<environment.Job instance at 0x15502eaf0370>,1,23,[10  2],6,6,29,0,6
1,<environment.Job instance at 0x15502c5ab140>,1,13,[10  1],2,2,15,0,2
1,<environment.Job instance at 0x15502b833870>,2,15,[1 5],9,10,25,1,10
1,<environment.Job instance at 0x15502bc70be0>,0,14,[2 8],3,3,17,0,3
1,<environment.Job instance at 0x15502b3f7fa0>,2,13,[6 2],7,13,26,6,13
1,<environment.Job instance at 0x15502b5a9690>,1,3,[1 5],6,28,31,22,28
1,<environment.Job instance at 0x155036914780>,0,14,[5 2],2,2,16,0,2
1,<environment.Job instance at 0x15502c659550>,1,3,[2 8],2,2,5,0,2
1,<environment.Job instance at 0x15502fc0eaa0>,0,3,[2 6],3,3,6,0,3
1,<environment.Job instance at 0x15502fc0eeb0>,2,28,[10  1],6,6,34,0,6
1,<environment.Job instance at 0x155031a996e0>,1,13,[1 5],2,2,15,0,2
1,<environment.Job instance at 0x15502bd74d70>,2,12,[1 7],3,3,15,0,3
1,<environment.Job instance at 0x15502fdf7cd0>,3,17,[9 1],5,5,22,0,5
1,<environment.Job instance at 0x15502b443500>,0,16,[9 2],1,1,17,0,1
1,<environment.Job instance at 0x15502bce90a0>,1,12,[9 1],2,17,29,15,2
1,<environment.Job instance at 0x15502bbd4820>,1,15,[9 2],3,3,18,0,3
1,<environment.Job instance at 0x15502bbd4f00>,3,1,[10  1],6,18,19,12,6
1,<environment.Job instance at 0x15503018ddc0>,4,17,[1 6],7,36,53,29,36
1,<environment.Job instance at 0x15502b9ad5a0>,0,2,[1 9],1,3,5,2,3
1,<environment.Job instance at 0x15502b9adc80>,1,2,[1 6],2,5,7,3,3
1,<environment.Job instance at 0x155061307820>,4,16,[1 8],5,9,25,4,9
1,<environment.Job instance at 0x15502b5b1460>,2,3,[ 2 10],3,3,6,0,3
1,<environment.Job instance at 0x15502b5b1640>,5,1,[7 1],6,31,32,25,31
1,<environment.Job instance at 0x15502bc03be0>,1,22,[8 2],5,5,27,0,5
1,<environment.Job instance at 0x15502c596320>,1,2,[10  2],2,3,5,1,3
1,<environment.Job instance at 0x15502c5966e0>,5,3,[10  1],8,40,43,32,40
1,<environment.Job instance at 0x15502c666af0>,0,12,[5 2],2,2,14,0,2
1,<environment.Job instance at 0x15502c64ca50>,1,15,[1 6],4,4,19,0,4
1,<environment.Job instance at 0x15502bd4fd70>,5,20,[5 2],8,12,32,4,12
1,<environment.Job instance at 0x15502bd4f0a0>,0,12,[1 5],2,2,14,0,2
1,<environment.Job instance at 0x15502fc92eb0>,2,26,[1 5],4,4,30,0,4
1,<environment.Job instance at 0x15502bc69a50>,1,26,[8 1],2,2,28,0,2
1,<environment.Job instance at 0x15502bf2feb0>,1,3,[10  1],4,4,7,0,4
1,<environment.Job instance at 0x1550600ca640>,1,22,[10  1],2,2,24,0,2
1,<environment.Job instance at 0x15502fcfbaf0>,1,22,[10  1],2,2,24,0,2
1,<environment.Job instance at 0x15502eb92e10>,6,1,[6 2],9,153,154,144,153
1,<environment.Job instance at 0x15502b6fdcd0>,0,20,[1 5],1,1,21,0,1
1,<environment.Job instance at 0x15502eb798c0>,2,12,[5 1],4,37,49,33,37
1,<environment.Job instance at 0x15502e6cfbe0>,0,1,[1 6],1,2,3,1,2
1,<environment.Job instance at 0x1550300cf140>,3,22,[6 2],4,4,26,0,4
1,<environment.Job instance at 0x15502bc075a0>,0,13,[6 1],1,1,14,0,1
1,<environment.Job instance at 0x1550349811e0>,3,17,[8 2],4,14,31,10,4
1,<environment.Job instance at 0x15502b388a00>,1,13,[6 1],2,4,17,2,4
1,<environment.Job instance at 0x15502b3882d0>,2,12,[1 7],4,4,16,0,4
1,<environment.Job instance at 0x15502b987f50>,0,1,[1 8],2,2,3,0,2
1,<environment.Job instance at 0x15502b9ca4b0>,2,23,[2 7],5,49,72,44,49
1,<environment.Job instance at 0x15502b90a910>,0,13,[10  1],4,4,17,0,4
1,<environment.Job instance at 0x15502e6e2d20>,3,16,[8 1],8,88,104,80,88
1,<environment.Job instance at 0x155035e31820>,0,3,[1 6],2,2,5,0,2
1,<environment.Job instance at 0x1550612c0cd0>,4,18,[8 2],7,7,25,0,7
1,<environment.Job instance at 0x1550612c8b90>,0,18,[1 6],1,1,19,0,1
1,<environment.Job instance at 0x1550612c8730>,3,2,[6 2],4,7,9,3,7
1,<environment.Job instance at 0x155031a7a410>,1,17,[10  2],2,2,19,0,2
1,<environment.Job instance at 0x15502e6eb370>,6,15,[9 1],8,19,34,11,11
1,<environment.Job instance at 0x15502e6eb8c0>,5,21,[6 2],7,34,55,27,27
1,<environment.Job instance at 0x1550300e1aa0>,0,24,[9 1],3,3,27,0,3
1,<environment.Job instance at 0x15502e6ebf00>,1,17,[5 1],4,27,44,23,15
1,<environment.Job instance at 0x15502ba223c0>,0,3,[10  2],2,2,5,0,2
1,<environment.Job instance at 0x15502b6eb7d0>,1,28,[8 1],4,5,33,1,4
1,<environment.Job instance at 0x15502ebebb40>,5,1,[1 6],9,9,10,0,9
1,<environment.Job instance at 0x1550300ad2d0>,4,1,[8 2],8,31,32,23,31
1,<environment.Job instance at 0x15503495c9b0>,1,1,[ 2 10],4,6,7,2,6
1,<environment.Job instance at 0x15503495ce60>,4,2,[2 5],7,7,9,0,7
1,<environment.Job instance at 0x15502bf0b8c0>,3,1,[2 5],6,7,8,1,7
1,<environment.Job instance at 0x15502b807f50>,0,28,[2 5],1,1,29,0,1
1,<environment.Job instance at 0x15502b3e0e60>,1,16,[5 1],2,19,35,17,19
1,<environment.Job instance at 0x15502fd55fa0>,4,3,[1 9],8,12,15,4,12
1,<environment.Job instance at 0x15502fd55190>,2,3,[2 7],4,4,7,0,4
1,<environment.Job instance at 0x155035df42d0>,0,15,[ 2 10],1,1,16,0,1
1,<environment.Job instance at 0x155030121a00>,1,18,[6 1],2,2,20,0,2
1,<environment.Job instance at 0x15502fe2ddc0>,3,22,[8 2],5,22,44,17,22
1,<environment.Job instance at 0x15502bd290a0>,0,13,[7 2],1,1,14,0,1
1,<environment.Job instance at 0x15502bd29230>,2,1,[1 8],5,56,57,51,56
1,<environment.Job instance at 0x15502eab16e0>,3,19,[ 2 10],4,4,23,0,4
1,<environment.Job instance at 0x1550609cb230>,1,17,[7 1],4,4,21,0,4
1,<environment.Job instance at 0x1550609cbaa0>,3,19,[ 1 10],7,21,40,14,12
1,<environment.Job instance at 0x15502fd087d0>,1,12,[9 1],2,85,97,83,85
1,<environment.Job instance at 0x15502e5de550>,0,3,[1 6],1,1,4,0,1
1,<environment.Job instance at 0x15502bd6f230>,3,1,[1 5],4,4,5,0,4
1,<environment.Job instance at 0x15502bd6ff00>,7,3,[1 6],9,9,12,0,9
1,<environment.Job instance at 0x155035dce3c0>,0,3,[6 2],2,2,5,0,2
1,<environment.Job instance at 0x155061326dc0>,1,26,[1 7],3,4,30,1,4
1,<environment.Job instance at 0x15506008f0f0>,0,14,[2 8],2,2,16,0,2
1,<environment.Job instance at 0x15506008f280>,1,14,[5 1],3,11,25,8,11
1,<environment.Job instance at 0x15502ec51190>,0,3,[ 1 10],1,1,4,0,1
1,<environment.Job instance at 0x1550300bdfa0>,2,25,[1 8],6,8,33,2,8
1,<environment.Job instance at 0x15502fc7d370>,5,24,[1 6],7,71,95,64,71
1,<environment.Job instance at 0x1550300f0820>,0,18,[7 1],1,1,19,0,1
1,<environment.Job instance at 0x15502b535140>,2,1,[1 9],3,8,9,5,8
1,<environment.Job instance at 0x15508012afa0>,0,19,[6 2],1,2,21,1,2
1,<environment.Job instance at 0x15508012a640>,3,1,[8 1],7,21,22,14,7
1,<environment.Job instance at 0x15502b9bac80>,4,14,[2 5],9,9,23,0,9
1,<environment.Job instance at 0x15502e5d9a50>,0,17,[9 1],3,3,20,0,3
1,<environment.Job instance at 0x15502e5d97d0>,3,1,[2 8],8,122,123,114,122
1,<environment.Job instance at 0x15502bca48c0>,1,16,[5 1],2,2,18,0,2
1,<environment.Job instance at 0x15502b52c410>,6,18,[10  2],9,18,36,9,13
1,<environment.Job instance at 0x15502b3263c0>,1,1,[ 2 10],2,4,5,2,4
1,<environment.Job instance at 0x1550369af730>,0,2,[6 2],1,1,3,0,1
1,<environment.Job instance at 0x15503699f960>,1,22,[10  1],2,3,25,1,2
1,<environment.Job instance at 0x15503014bf00>,0,3,[2 6],1,1,4,0,1
1,<environment.Job instance at 0x15503014bdc0>,4,22,[1 9],7,16,38,9,16
1,<environment.Job instance at 0x1550609b3460>,0,15,[7 2],1,1,16,0,1
1,<environment.Job instance at 0x155035eeb8c0>,3,12,[2 6],6,6,18,0,6
1,<environment.Job instance at 0x15502c63ee60>,0,14,[2 6],1,1,15,0,1
1,<environment.Job instance at 0x155035eebc80>,1,15,[8 2],2,2,17,0,2
1,<environment.Job instance at 0x15502c63e730>,5,1,[8 1],8,38,39,30,38
1,<environment.Job instance at 0x15502b536820>,0,18,[10  2],1,1,19,0,1
1,<environment.Job instance at 0x15502bf49870>,0,21,[8 2],1,1,22,0,1
1,<environment.Job instance at 0x15502bf49aa0>,6,3,[6 1],8,22,25,14,17
1,<environment.Job instance at 0x15502eb3f820>,0,18,[1 9],1,3,21,2,3
1,<environment.Job instance at 0x15502eb20550>,6,24,[6 1],9,11,35,2,11
1,<environment.Job instance at 0x15502eb20f00>,2,3,[7 1],3,42,45,39,42
1,<environment.Job instance at 0x15502fd55730>,0,3,[1 6],1,1,4,0,1
1,<environment.Job instance at 0x15502eb20500>,1,24,[1 6],2,4,28,2,2
1,<environment.Job instance at 0x15502b972b90>,0,16,[5 2],3,3,19,0,3
1,<environment.Job instance at 0x1550609bd870>,3,13,[7 1],4,31,44,27,31
1,<environment.Job instance at 0x155060097780>,0,26,[10  1],2,2,28,0,2
1,<environment.Job instance at 0x15502fc79690>,0,16,[8 2],4,4,20,0,4
1,<environment.Job instance at 0x15502bcc50f0>,0,21,[ 2 10],1,1,22,0,1
1,<environment.Job instance at 0x155060029a50>,5,2,[7 2],9,369,371,360,369
1,<environment.Job instance at 0x15503694af50>,1,14,[1 5],2,2,16,0,2
1,<environment.Job instance at 0x15502be17780>,6,18,[5 1],8,26,44,18,26
1,<environment.Job instance at 0x15502bc565a0>,0,21,[10  2],1,1,22,0,1
1,<environment.Job instance at 0x15502bc56230>,2,12,[6 2],4,22,34,18,6
1,<environment.Job instance at 0x15502b9ffc30>,0,2,[1 8],1,3,5,2,3
1,<environment.Job instance at 0x15502b9ff4b0>,4,15,[2 8],6,8,23,2,8
1,<environment.Job instance at 0x15502e72e5a0>,0,20,[1 7],2,2,22,0,2
1,<environment.Job instance at 0x155035f6bd20>,2,13,[9 2],6,6,19,0,6
1,<environment.Job instance at 0x15502ed6aa50>,3,21,[2 8],6,8,29,2,8
1,<environment.Job instance at 0x15502eb72d70>,4,3,[5 2],8,640,643,632,640
1,<environment.Job instance at 0x1550301a89b0>,0,3,[1 8],1,1,4,0,1
1,<environment.Job instance at 0x155035fd0370>,3,3,[1 5],6,26,29,20,26
1,<environment.Job instance at 0x155060a06500>,0,14,[9 1],1,1,15,0,1
1,<environment.Job instance at 0x155060a06460>,2,16,[2 6],5,15,31,10,6
1,<environment.Job instance at 0x15502b4d70f0>,4,3,[1 5],6,30,33,24,30
1,<environment.Job instance at 0x1550300fbe10>,6,21,[5 1],8,23,44,15,23
1,<environment.Job instance at 0x15502c5cd9b0>,1,17,[6 1],3,3,20,0,3
1,<environment.Job instance at 0x15506155f0f0>,0,16,[9 2],1,1,17,0,1
1,<environment.Job instance at 0x15506155f8c0>,1,18,[8 1],2,17,35,15,8
1,<environment.Job instance at 0x15506124eb40>,0,15,[8 1],2,2,17,0,2
1,<environment.Job instance at 0x15502ec4d230>,2,3,[10  2],5,17,20,12,5
1,<environment.Job instance at 0x15502ec4d910>,1,17,[8 2],4,20,37,16,8
1,<environment.Job instance at 0x15502ec4d410>,5,18,[ 1 10],8,361,379,353,361
1,<environment.Job instance at 0x15502ec42820>,1,17,[9 1],2,2,19,0,2
1,<environment.Job instance at 0x15502e649140>,6,3,[2 7],7,19,22,12,12
1,<environment.Job instance at 0x15502b93d280>,2,25,[8 2],3,3,28,0,3
1,<environment.Job instance at 0x15502b32fb90>,5,20,[2 6],6,6,26,0,6
1,<environment.Job instance at 0x15502ba14320>,0,14,[1 9],1,1,15,0,1
1,<environment.Job instance at 0x15502b32f8c0>,1,1,[2 5],3,15,16,12,4
1,<environment.Job instance at 0x15502ba14460>,4,17,[7 2],7,7,24,0,7
1,<environment.Job instance at 0x1550609b3f00>,5,24,[10  2],9,24,48,15,19
1,<environment.Job instance at 0x1550612590f0>,0,3,[1 7],1,1,4,0,1
1,<environment.Job instance at 0x155061259a50>,1,19,[10  1],2,4,23,2,2
1,<environment.Job instance at 0x1550360081e0>,2,1,[2 5],6,6,7,0,6
1,<environment.Job instance at 0x15502b72c280>,0,16,[2 8],2,2,18,0,2
1,<environment.Job instance at 0x15502ed4a320>,3,13,[2 7],8,18,31,10,8
1,<environment.Job instance at 0x15502bd5b190>,4,1,[6 1],9,9,10,0,9
1,<environment.Job instance at 0x15502eb88e10>,0,24,[ 1 10],1,1,25,0,1
1,<environment.Job instance at 0x15502bbec780>,0,14,[1 8],1,1,15,0,1
1,<environment.Job instance at 0x15502bbecd20>,2,26,[2 7],3,3,29,0,3
1,<environment.Job instance at 0x15502b7abf00>,4,12,[5 2],6,8,20,2,8
1,<environment.Job instance at 0x15502ba08410>,0,18,[1 6],3,3,21,0,3
1,<environment.Job instance at 0x15502ba08460>,1,12,[10  2],4,21,33,17,7
1,<environment.Job instance at 0x15502b797410>,1,2,[1 5],2,21,23,19,21
1,<environment.Job instance at 0x15502c676500>,0,26,[8 1],1,1,27,0,1
1,<environment.Job instance at 0x15502b797c30>,2,3,[5 2],4,27,30,23,13
1,<environment.Job instance at 0x15502b797d20>,3,19,[1 6],5,47,66,42,47
1,<environment.Job instance at 0x15502b829eb0>,2,3,[1 7],4,86,89,82,86
1,<environment.Job instance at 0x15502ed29690>,1,1,[5 1],2,414,415,412,414
1,<environment.Job instance at 0x15502fdacb40>,0,16,[8 1],1,1,17,0,1
1,<environment.Job instance at 0x15502b761e10>,2,23,[9 2],4,17,40,13,11
1,<environment.Job instance at 0x15502ed2f190>,0,19,[8 1],1,1,20,0,1
1,<environment.Job instance at 0x15502e81b3c0>,4,2,[8 2],8,20,22,12,8
1,<environment.Job instance at 0x15502b769eb0>,5,2,[1 6],8,12,14,4,12
1,<environment.Job instance at 0x15502e77be60>,2,26,[1 9],3,34,60,31,34
1,<environment.Job instance at 0x15502b56b1e0>,0,17,[1 7],1,1,18,0,1
1,<environment.Job instance at 0x15502b56b4b0>,2,1,[5 2],4,60,61,56,60
1,<environment.Job instance at 0x155035ddc050>,0,3,[2 9],1,1,4,0,1
1,<environment.Job instance at 0x155035ddc6e0>,2,18,[2 5],3,4,22,1,4
1,<environment.Job instance at 0x15502e75dd70>,5,3,[ 2 10],6,34,37,28,34
1,<environment.Job instance at 0x155035f47b40>,2,2,[2 9],4,130,132,126,130
1,<environment.Job instance at 0x15502b8b53c0>,6,26,[9 1],9,14,40,5,14
1,<environment.Job instance at 0x1550301eeb40>,0,3,[1 6],1,1,4,0,1
1,<environment.Job instance at 0x15502f3a57d0>,4,20,[6 2],6,6,26,0,6
1,<environment.Job instance at 0x15502b38afa0>,1,16,[6 2],2,2,18,0,2
1,<environment.Job instance at 0x15502b38a0f0>,2,18,[2 8],3,3,21,0,3
1,<environment.Job instance at 0x15502bcd4a50>,0,3,[2 7],2,2,5,0,2
1,<environment.Job instance at 0x15502c638a00>,1,13,[1 5],3,5,18,2,3
1,<environment.Job instance at 0x15502c6385f0>,3,3,[1 7],6,18,21,12,6
1,<environment.Job instance at 0x15502b826c30>,0,26,[1 7],2,2,28,0,2
1,<environment.Job instance at 0x15502b61d500>,4,2,[2 6],7,28,30,21,17
1,<environment.Job instance at 0x15502b61dbe0>,1,12,[9 1],3,5,17,2,5
1,<environment.Job instance at 0x15502eaa8e60>,6,16,[7 1],8,17,33,9,12
1,<environment.Job instance at 0x15506007ec30>,0,3,[2 7],1,1,4,0,1
1,<environment.Job instance at 0x15502ec11960>,4,3,[1 7],6,1336,1339,1330,1336
1,<environment.Job instance at 0x15502bd5be10>,1,15,[1 6],2,3,18,1,3
1,<environment.Job instance at 0x15502ba0cd70>,0,21,[1 5],1,1,22,0,1
1,<environment.Job instance at 0x15502e649730>,0,1,[1 9],2,5,6,3,5
1,<environment.Job instance at 0x15502b8280a0>,4,12,[8 2],9,45,57,36,45
1,<environment.Job instance at 0x15502b477460>,1,16,[10  2],2,2,18,0,2
1,<environment.Job instance at 0x15502b2c0320>,2,1,[8 1],5,5,6,0,5
1,<environment.Job instance at 0x155035eef910>,0,1,[2 7],3,3,4,0,3
1,<environment.Job instance at 0x15502fd43c80>,1,25,[8 1],4,4,29,0,4
1,<environment.Job instance at 0x15502ed6cdc0>,0,3,[2 8],1,1,4,0,1
1,<environment.Job instance at 0x15502ebc4eb0>,1,19,[6 1],2,2,21,0,2
1,<environment.Job instance at 0x15502ed6c820>,4,20,[1 6],6,8,28,2,8
1,<environment.Job instance at 0x15502ed6c4b0>,7,3,[2 6],9,28,31,19,15
1,<environment.Job instance at 0x15502ed6ceb0>,2,3,[2 8],5,5,8,0,5
1,<environment.Job instance at 0x15502e79fbe0>,5,23,[ 1 10],8,8,31,0,8
1,<environment.Job instance at 0x15502ed27690>,0,18,[1 5],2,2,20,0,2
1,<environment.Job instance at 0x15502db7ef50>,5,27,[8 2],8,17,44,9,17
1,<environment.Job instance at 0x15502bad0d70>,1,19,[1 8],3,3,22,0,3
1,<environment.Job instance at 0x15502ed26c30>,3,1,[ 1 10],5,22,23,17,6
1,<environment.Job instance at 0x15502ed264b0>,5,3,[ 1 10],7,23,26,16,7
1,<environment.Job instance at 0x15502bc5d9b0>,1,21,[1 7],2,2,23,0,2
1,<environment.Job instance at 0x15502b97b7d0>,1,1,[ 2 10],4,18,19,14,18
1,<environment.Job instance at 0x15502b97b910>,2,21,[1 6],5,36,57,31,36
1,<environment.Job instance at 0x15502c90a910>,0,3,[1 5],1,1,4,0,1
1,<environment.Job instance at 0x15502bc68320>,2,1,[9 2],3,3,4,0,3
1,<environment.Job instance at 0x15502ed06500>,0,12,[2 8],1,1,13,0,1
1,<environment.Job instance at 0x155035e98e60>,1,3,[1 9],3,3,6,0,3
1,<environment.Job instance at 0x15506157c9b0>,2,25,[8 2],4,6,31,2,4
1,<environment.Job instance at 0x15502b1a31e0>,0,3,[1 9],1,1,4,0,1
1,<environment.Job instance at 0x15502b1a3460>,3,20,[5 2],4,4,24,0,4
1,<environment.Job instance at 0x15502b1ab4b0>,5,24,[9 2],7,24,48,17,19
1,<environment.Job instance at 0x15502c5cf8c0>,1,12,[8 1],2,2,14,0,2
1,<environment.Job instance at 0x15502b6250f0>,0,16,[2 6],1,2,18,1,2
1,<environment.Job instance at 0x15502b625a00>,1,1,[ 2 10],4,18,19,14,9
1,<environment.Job instance at 0x155035dbf870>,2,18,[10  1],7,19,37,12,13
1,<environment.Job instance at 0x15502e78c140>,0,24,[8 2],3,3,27,0,3
1,<environment.Job instance at 0x15502fcea190>,1,3,[1 5],4,5,8,1,5
1,<environment.Job instance at 0x1550600720a0>,3,13,[1 5],6,12,25,6,12
1,<environment.Job instance at 0x15502e780fa0>,0,24,[9 2],1,1,25,0,1
1,<environment.Job instance at 0x15506008c370>,3,3,[6 2],6,25,28,19,7
1,<environment.Job instance at 0x1550600580f0>,0,14,[1 6],1,1,15,0,1
1,<environment.Job instance at 0x155060058730>,1,18,[10  2],2,15,33,13,4
1,<environment.Job instance at 0x15502b83e050>,1,16,[2 6],3,4,20,1,4
1,<environment.Job instance at 0x15502ed09a00>,1,14,[2 8],3,3,17,0,3
1,<environment.Job instance at 0x15502d160eb0>,3,20,[7 1],9,11,31,2,11
1,<environment.Job instance at 0x15502fc1f140>,1,21,[9 2],5,5,26,0,5
1,<environment.Job instance at 0x15502b308d70>,2,16,[9 1],4,4,20,0,4
1,<environment.Job instance at 0x15502ea624b0>,2,1,[2 6],4,7,8,3,7
1,<environment.Job instance at 0x1550609ca820>,5,3,[9 2],8,8,11,0,8
1,<environment.Job instance at 0x1550609ca0f0>,0,1,[ 2 10],1,2,3,1,2
1,<environment.Job instance at 0x15502b4cee60>,0,16,[2 5],1,1,17,0,1
1,<environment.Job instance at 0x15502fcc8b90>,6,3,[6 2],8,25,28,17,25
1,<environment.Job instance at 0x15502be3a6e0>,0,18,[7 1],1,1,19,0,1
1,<environment.Job instance at 0x15502e69a460>,1,14,[10  1],4,19,33,15,7
1,<environment.Job instance at 0x1550300b0910>,2,22,[10  1],6,9,31,3,9
1,<environment.Job instance at 0x1550300b0cd0>,3,2,[ 2 10],7,31,33,24,24
1,<environment.Job instance at 0x15506155afa0>,0,3,[5 1],1,1,4,0,1
1,<environment.Job instance at 0x15502b79b190>,0,17,[2 9],1,1,18,0,1
1,<environment.Job instance at 0x15502b90ad20>,0,2,[1 9],4,5,7,1,5
1,<environment.Job instance at 0x155035e2afa0>,4,17,[8 1],8,8,25,0,8
1,<environment.Job instance at 0x15502b6e9320>,1,17,[ 2 10],3,3,20,0,3
1,<environment.Job instance at 0x15502b403820>,1,22,[ 1 10],3,3,25,0,3
1,<environment.Job instance at 0x15502bd06c30>,0,18,[7 2],3,3,21,0,3
1,<environment.Job instance at 0x15502fc56910>,0,26,[8 1],1,1,27,0,1
1,<environment.Job instance at 0x15502fc559b0>,0,3,[2 7],1,1,4,0,1
1,<environment.Job instance at 0x155061316460>,4,2,[7 2],5,6,8,1,6
1,<environment.Job instance at 0x15502d12c2d0>,6,3,[2 9],8,8,11,0,8
1,<environment.Job instance at 0x155061316b40>,7,22,[7 1],9,9,31,0,9
1,<environment.Job instance at 0x155035dd27d0>,2,24,[1 8],3,11,35,8,11
1,<environment.Job instance at 0x15502b8d85a0>,2,15,[2 8],4,23,38,19,23
1,<environment.Job instance at 0x155030193050>,1,19,[1 9],2,2,21,0,2
1,<environment.Job instance at 0x15502bd23910>,0,15,[ 2 10],1,1,16,0,1
1,<environment.Job instance at 0x155034995500>,7,20,[2 9],8,27,47,19,27
1,<environment.Job instance at 0x1550301a85f0>,4,18,[2 8],6,344,362,338,344
1,<environment.Job instance at 0x15502c5b7eb0>,0,23,[9 1],1,1,24,0,1
1,<environment.Job instance at 0x15502ed223c0>,0,1,[ 2 10],1,3,4,2,3
1,<environment.Job instance at 0x1550300bd8c0>,2,2,[ 2 10],5,7,9,2,7
1,<environment.Job instance at 0x15502ed22d70>,3,3,[1 8],9,9,12,0,9
1,<environment.Job instance at 0x15502fcfe140>,0,1,[2 5],1,1,2,0,1
1,<environment.Job instance at 0x15502fcfe8c0>,1,14,[7 1],3,3,17,0,3
1,<environment.Job instance at 0x15502bd4f4b0>,0,27,[2 9],1,1,28,0,1
1,<environment.Job instance at 0x155034959b40>,1,17,[9 1],3,3,20,0,3
1,<environment.Job instance at 0x155034959550>,2,13,[9 1],4,20,33,16,12
1,<environment.Job instance at 0x1550368cd7d0>,2,3,[1 5],3,3,6,0,3
1,<environment.Job instance at 0x155035eada00>,4,18,[2 9],7,7,25,0,7
1,<environment.Job instance at 0x15502e6c4a00>,0,13,[8 2],1,1,14,0,1
1,<environment.Job instance at 0x15502e6c4dc0>,4,3,[7 1],6,14,17,8,6
1,<environment.Job instance at 0x15502e6c4410>,5,25,[2 7],7,7,32,0,7
1,<environment.Job instance at 0x155036937500>,2,17,[ 1 10],7,7,24,0,7
1,<environment.Job instance at 0x15502e839690>,0,3,[5 1],3,3,6,0,3
1,<environment.Job instance at 0x15502b48bc30>,0,3,[2 6],4,4,7,0,4
1,<environment.Job instance at 0x15502b48baa0>,1,14,[5 1],5,7,21,2,7
1,<environment.Job instance at 0x15503496d500>,3,18,[2 8],9,9,27,0,9
1,<environment.Job instance at 0x15502fc19640>,0,1,[1 8],1,1,2,0,1
1,<environment.Job instance at 0x15503496df00>,1,14,[8 1],3,3,17,0,3
1,<environment.Job instance at 0x15502fc19a50>,6,19,[2 7],8,9,28,1,9
1,<environment.Job instance at 0x15502b37f820>,1,13,[2 6],5,5,18,0,5
1,<environment.Job instance at 0x15502eb64780>,3,20,[1 6],7,18,38,11,9
1,<environment.Job instance at 0x155035e7a370>,0,1,[ 1 10],1,3,4,2,3
1,<environment.Job instance at 0x1550301bf320>,2,14,[9 2],3,8,22,5,8
1,<environment.Job instance at 0x15502d144780>,0,12,[2 7],1,1,13,0,1
1,<environment.Job instance at 0x15503495c690>,4,13,[7 2],7,11,24,4,11
1,<environment.Job instance at 0x15502bc4f6e0>,1,1,[2 9],4,34,35,30,34
1,<environment.Job instance at 0x15502b635d20>,1,14,[2 9],4,4,18,0,4
1,<environment.Job instance at 0x15502be1fe10>,2,18,[9 1],6,6,24,0,6
1,<environment.Job instance at 0x15502be3ab40>,1,3,[1 5],3,3,6,0,3
1,<environment.Job instance at 0x1550801b7640>,3,1,[9 1],5,12,13,7,12
1,<environment.Job instance at 0x1550801b7910>,5,3,[1 5],7,1116,1119,1109,1116
1,<environment.Job instance at 0x1550301d1820>,0,15,[2 9],2,2,17,0,2
1,<environment.Job instance at 0x1550301d15f0>,4,1,[5 1],7,9,10,2,9
1,<environment.Job instance at 0x15502e6cfb90>,0,28,[5 2],4,5,33,1,5
1,<environment.Job instance at 0x15502eab4870>,1,18,[9 2],3,3,21,0,3
1,<environment.Job instance at 0x15502e710f50>,3,18,[2 5],6,21,39,15,10
1,<environment.Job instance at 0x15502fd71320>,1,26,[1 5],2,2,28,0,2
1,<environment.Job instance at 0x15502b7480a0>,3,2,[2 6],6,24,26,18,24
1,<environment.Job instance at 0x15502e818870>,0,17,[1 5],1,1,18,0,1
1,<environment.Job instance at 0x15502fced690>,2,14,[5 1],3,6,20,3,6
1,<environment.Job instance at 0x15502fcedf00>,5,18,[6 1],8,20,38,12,9
1,<environment.Job instance at 0x155035ea9500>,0,18,[1 5],2,2,20,0,2
1,<environment.Job instance at 0x15502b194690>,1,3,[2 7],2,2,5,0,2
1,<environment.Job instance at 0x15502b59a8c0>,3,3,[2 5],4,5,8,1,4
1,<environment.Job instance at 0x15502b59aa00>,4,14,[5 2],5,6,20,1,6
1,<environment.Job instance at 0x15502b8ab190>,0,16,[10  2],1,1,17,0,1
1,<environment.Job instance at 0x15502ebcdeb0>,3,3,[6 2],4,34,37,30,34
1,<environment.Job instance at 0x15502eb31780>,0,14,[2 5],2,2,16,0,2
1,<environment.Job instance at 0x15502b878b40>,2,16,[10  1],7,16,32,9,7
1,<environment.Job instance at 0x15502be1cf50>,1,1,[2 7],2,4,5,2,4
1,<environment.Job instance at 0x15502be1c0a0>,4,12,[7 1],5,23,35,18,23
1,<environment.Job instance at 0x15502be1c140>,1,21,[ 1 10],2,2,23,0,2
1,<environment.Job instance at 0x1550300a2910>,4,14,[8 1],7,23,37,16,18
1,<environment.Job instance at 0x1550609c90f0>,1,12,[1 9],3,3,15,0,3
1,<environment.Job instance at 0x15502b8769b0>,3,3,[2 5],5,15,18,10,5
1,<environment.Job instance at 0x15502b876c30>,4,16,[5 1],6,6,22,0,6
1,<environment.Job instance at 0x15502b3220a0>,2,27,[2 8],6,6,33,0,6
1,<environment.Job instance at 0x15502fc52820>,3,12,[9 1],8,33,45,25,22
1,<environment.Job instance at 0x15502fc52e60>,0,25,[9 1],1,1,26,0,1
1,<environment.Job instance at 0x15502fe20460>,1,13,[1 9],2,12,25,10,12
1,<environment.Job instance at 0x15502b621320>,0,17,[ 1 10],4,4,21,0,4
1,<environment.Job instance at 0x15502b4373c0>,4,1,[6 2],8,37,38,29,37
1,<environment.Job instance at 0x15502b43da50>,1,15,[2 5],3,3,18,0,3
1,<environment.Job instance at 0x15502b3224b0>,5,1,[10  1],9,10,11,1,10
1,<environment.Job instance at 0x155036984190>,2,3,[2 5],4,4,7,0,4
1,<environment.Job instance at 0x15502b3220a0>,4,19,[ 1 10],7,7,26,0,7
1,<environment.Job instance at 0x15502ecdf1e0>,0,28,[7 1],1,1,29,0,1
1,<environment.Job instance at 0x15502fd51460>,3,2,[9 2],4,29,31,25,6
1,<environment.Job instance at 0x155035e34410>,0,3,[10  2],1,1,4,0,1
1,<environment.Job instance at 0x155035e34910>,4,26,[9 2],8,8,34,0,8
1,<environment.Job instance at 0x15502fc70870>,1,23,[9 2],2,2,25,0,2
1,<environment.Job instance at 0x15502ea8f370>,4,2,[9 2],6,6,8,0,6
1,<environment.Job instance at 0x15502fd534b0>,5,2,[1 6],7,9,11,2,9
1,<environment.Job instance at 0x155030180050>,0,2,[1 7],1,1,3,0,1
1,<environment.Job instance at 0x155030180e10>,2,3,[1 5],3,3,6,0,3
1,<environment.Job instance at 0x15502e5fb820>,0,12,[1 8],1,1,13,0,1
1,<environment.Job instance at 0x15502b4063c0>,0,3,[6 2],1,1,4,0,1
1,<environment.Job instance at 0x15502fcbd2d0>,0,15,[2 9],1,1,16,0,1
1,<environment.Job instance at 0x15506008f370>,0,3,[5 2],1,1,4,0,1
1,<environment.Job instance at 0x1550368c6460>,0,22,[6 2],3,3,25,0,3
1,<environment.Job instance at 0x15502b3ac6e0>,0,12,[ 1 10],1,1,13,0,1
1,<environment.Job instance at 0x15502e6a4640>,0,13,[8 1],1,1,14,0,1
1,<environment.Job instance at 0x15502e6a4b40>,1,15,[7 2],2,14,29,12,3
1,<environment.Job instance at 0x15502b47de10>,1,25,[2 8],5,5,30,0,5
1,<environment.Job instance at 0x15502b0c8c80>,3,1,[10  1],7,45,46,38,45
1,<environment.Job instance at 0x15502fcc8960>,1,14,[2 5],2,2,16,0,2
1,<environment.Job instance at 0x15502b759f00>,3,12,[5 2],4,9,21,5,9
1,<environment.Job instance at 0x15502b759640>,7,18,[8 1],9,21,39,12,14
1,<environment.Job instance at 0x15503018d460>,0,14,[9 1],1,1,15,0,1
1,<environment.Job instance at 0x1550600f9820>,0,14,[5 1],1,2,16,1,2
1,<environment.Job instance at 0x15503697af50>,1,1,[6 2],3,3,4,0,3
1,<environment.Job instance at 0x15503697ae60>,1,26,[2 7],2,2,28,0,2
1,<environment.Job instance at 0x15502b2a47d0>,5,20,[7 2],6,8,28,2,8
1,<environment.Job instance at 0x155036937e60>,0,3,[2 8],1,1,4,0,1
1,<environment.Job instance at 0x15502b2a45f0>,1,1,[ 1 10],2,16,17,14,16
1,<environment.Job instance at 0x15502b3ccb90>,2,12,[ 1 10],5,5,17,0,5
1,<environment.Job instance at 0x15502fd39dc0>,0,13,[2 7],2,2,15,0,2
1,<environment.Job instance at 0x15502b52c8c0>,0,20,[2 6],1,1,21,0,1
1,<environment.Job instance at 0x15502b44d280>,0,3,[ 1 10],1,1,4,0,1
1,<environment.Job instance at 0x15502b44d140>,6,20,[7 2],8,8,28,0,8
1,<environment.Job instance at 0x155035faadc0>,7,18,[7 2],9,28,46,19,17
1,<environment.Job instance at 0x155035faae10>,0,16,[7 1],2,2,18,0,2
1,<environment.Job instance at 0x155035faa0f0>,1,13,[2 8],3,3,16,0,3
1,<environment.Job instance at 0x15502b8332d0>,2,14,[1 9],4,16,30,12,10
1,<environment.Job instance at 0x15502ec48780>,0,19,[1 7],1,1,20,0,1
1,<environment.Job instance at 0x155060995eb0>,0,2,[1 6],1,1,3,0,1
1,<environment.Job instance at 0x1550609957d0>,4,3,[1 6],7,9,12,2,9
1,<environment.Job instance at 0x1550613164b0>,1,17,[2 6],4,4,21,0,4
1,<environment.Job instance at 0x155061316640>,3,1,[ 2 10],4,227,228,223,227
1,<environment.Job instance at 0x1550600b01e0>,2,3,[ 2 10],4,4,7,0,4
1,<environment.Job instance at 0x1550301e3a00>,3,3,[6 2],6,7,10,1,6
1,<environment.Job instance at 0x15502bb0fa00>,2,22,[1 8],9,10,32,1,10
1,<environment.Job instance at 0x15503012e820>,0,16,[8 2],1,1,17,0,1
1,<environment.Job instance at 0x155031a9d0f0>,0,18,[8 1],1,1,19,0,1
1,<environment.Job instance at 0x155031a9d460>,1,12,[2 9],4,4,16,0,4
1,<environment.Job instance at 0x155035e00fa0>,4,14,[7 2],9,16,30,7,9
1,<environment.Job instance at 0x15502e6183c0>,1,13,[1 8],2,2,15,0,2
1,<environment.Job instance at 0x15506008beb0>,5,1,[1 5],6,15,16,9,8
1,<environment.Job instance at 0x15502eb8d1e0>,1,22,[ 2 10],2,2,24,0,2
1,<environment.Job instance at 0x15502b30b4b0>,2,1,[9 1],5,8,9,3,8
1,<environment.Job instance at 0x15502b30bfa0>,4,1,[10  1],8,156,157,148,156
1,<environment.Job instance at 0x155035e79aa0>,1,26,[2 9],2,2,28,0,2
1,<environment.Job instance at 0x155035e79b40>,5,3,[7 2],7,77,80,70,77
1,<environment.Job instance at 0x15502b883960>,0,24,[6 2],1,1,25,0,1
1,<environment.Job instance at 0x15502b8831e0>,3,22,[10  2],4,25,47,21,18
1,<environment.Job instance at 0x15502ebdae10>,1,14,[2 8],2,2,16,0,2
1,<environment.Job instance at 0x1550368cbb90>,0,25,[2 6],2,2,27,0,2
1,<environment.Job instance at 0x155031a96410>,5,1,[2 9],8,12,13,4,12
1,<environment.Job instance at 0x15502eca4320>,0,17,[5 1],1,1,18,0,1
1,<environment.Job instance at 0x15502bbe18c0>,0,15,[2 7],1,1,16,0,1
1,<environment.Job instance at 0x15502bbe1820>,1,24,[5 2],2,6,30,4,6
1,<environment.Job instance at 0x15502be43410>,0,23,[2 8],1,1,24,0,1
1,<environment.Job instance at 0x15502ea88f50>,6,14,[2 5],7,24,38,17,9
1,<environment.Job instance at 0x15502b35e730>,0,25,[10  2],1,1,26,0,1
1,<environment.Job instance at 0x15502b900820>,1,15,[5 1],2,4,19,2,4
1,<environment.Job instance at 0x1550600a3b90>,4,16,[2 9],5,6,22,1,6
1,<environment.Job instance at 0x15502b621e10>,0,3,[2 8],1,1,4,0,1
1,<environment.Job instance at 0x155036011fa0>,3,12,[ 2 10],4,4,16,0,4
1,<environment.Job instance at 0x15502eb15140>,0,19,[1 9],1,1,20,0,1
1,<environment.Job instance at 0x15502b18d8c0>,4,25,[2 7],6,95,120,89,95
1,<environment.Job instance at 0x15502e693320>,0,3,[1 7],6,6,9,0,6
1,<environment.Job instance at 0x1550369c4500>,1,1,[1 8],2,4,5,2,4
1,<environment.Job instance at 0x1550369ac3c0>,4,1,[1 5],5,5,6,0,5
1,<environment.Job instance at 0x1550369ac8c0>,5,2,[2 5],6,6,8,0,6
1,<environment.Job instance at 0x1550369ac320>,6,18,[8 2],7,7,25,0,7
1,<environment.Job instance at 0x15502b3c1230>,3,27,[7 2],6,6,33,0,6
1,<environment.Job instance at 0x15502b743230>,0,15,[1 5],1,1,16,0,1
1,<environment.Job instance at 0x15502b33a370>,0,3,[1 9],2,2,5,0,2
1,<environment.Job instance at 0x15502eb19410>,1,15,[5 1],3,3,18,0,3
1,<environment.Job instance at 0x15502bcf2460>,5,2,[1 9],9,30,32,21,30
1,<environment.Job instance at 0x15503601e640>,0,13,[8 1],1,2,15,1,2
1,<environment.Job instance at 0x15502bcf2d70>,2,21,[10  2],5,15,36,10,7
1,<environment.Job instance at 0x15502b7e3730>,0,3,[6 1],1,1,4,0,1
1,<environment.Job instance at 0x15502b7e3f00>,3,13,[8 2],6,6,19,0,6
1,<environment.Job instance at 0x15502b79d870>,0,17,[1 9],2,2,19,0,2
1,<environment.Job instance at 0x15502b7332d0>,5,16,[2 5],9,19,35,10,9
1,<environment.Job instance at 0x15502b049320>,0,12,[9 2],4,4,16,0,4
1,<environment.Job instance at 0x15502b692a00>,0,2,[5 1],1,1,3,0,1
1,<environment.Job instance at 0x15503697a140>,2,3,[1 6],3,3,6,0,3
1,<environment.Job instance at 0x155035fc8dc0>,3,2,[1 7],6,6,8,0,6
1,<environment.Job instance at 0x15503697a550>,4,3,[1 6],7,8,11,1,7
1,<environment.Job instance at 0x15503697adc0>,5,3,[2 7],9,11,14,2,9
1,<environment.Job instance at 0x15502bdc6a50>,0,18,[2 8],5,5,23,0,5
1,<environment.Job instance at 0x15502b748cd0>,3,3,[1 9],6,6,9,0,6
1,<environment.Job instance at 0x1550300ba730>,5,25,[ 1 10],8,10,35,2,10
1,<environment.Job instance at 0x15502ed22d70>,2,24,[8 2],4,5,29,1,5
1,<environment.Job instance at 0x1550301f0a50>,4,3,[1 6],6,6,9,0,6
1,<environment.Job instance at 0x15502b9e9910>,3,1,[7 1],5,7,8,2,7
1,<environment.Job instance at 0x15502ebc6190>,0,3,[1 6],1,1,4,0,1
1,<environment.Job instance at 0x15502ebc6050>,2,14,[5 1],4,4,18,0,4
1,<environment.Job instance at 0x15502fc14190>,4,3,[ 2 10],6,18,21,12,6
1,<environment.Job instance at 0x155035e958c0>,0,3,[1 8],1,1,4,0,1
1,<environment.Job instance at 0x155035e95af0>,2,19,[9 2],3,3,22,0,3
1,<environment.Job instance at 0x15502fd79af0>,2,26,[6 1],5,5,31,0,5
1,<environment.Job instance at 0x15502fc6b2d0>,3,12,[8 2],6,6,18,0,6
1,<environment.Job instance at 0x15502b6aa050>,0,3,[1 8],1,1,4,0,1
1,<environment.Job instance at 0x15502b6aaeb0>,1,28,[10  1],2,4,32,2,4
1,<environment.Job instance at 0x15502bb0b190>,0,1,[1 9],1,2,3,1,2
1,<environment.Job instance at 0x15502b797f50>,2,1,[1 9],4,4,5,0,4
1,<environment.Job instance at 0x15502b878c30>,3,1,[1 7],5,5,6,0,5
1,<environment.Job instance at 0x15502b878410>,7,13,[7 2],9,27,40,18,27
1,<environment.Job instance at 0x15502ec110a0>,5,28,[6 2],8,8,36,0,8
1,<environment.Job instance at 0x15502ec11140>,3,21,[1 6],6,8,29,2,8
1,<environment.Job instance at 0x15502b57dbe0>,3,3,[9 1],5,5,8,0,5
1,<environment.Job instance at 0x15502b1b0320>,0,23,[ 2 10],1,1,24,0,1
1,<environment.Job instance at 0x15502ead4140>,4,12,[2 7],6,34,46,28,34
1,<environment.Job instance at 0x15502b6dc730>,0,16,[10  1],1,1,17,0,1
1,<environment.Job instance at 0x15502b6e6500>,0,27,[10  2],2,2,29,0,2
1,<environment.Job instance at 0x15502b6e6730>,3,3,[6 2],6,29,32,23,15
1,<environment.Job instance at 0x15502fcce140>,0,26,[9 1],1,1,27,0,1
1,<environment.Job instance at 0x15502be02d20>,5,17,[5 1],9,44,61,35,44
1,<environment.Job instance at 0x1550612aacd0>,0,15,[10  1],1,1,16,0,1
1,<environment.Job instance at 0x155061296dc0>,1,13,[1 6],3,16,29,13,4
1,<environment.Job instance at 0x1550612aa9b0>,6,2,[2 6],8,33,35,25,33
1,<environment.Job instance at 0x15502b004780>,1,1,[9 1],4,4,5,0,4
1,<environment.Job instance at 0x15502b004a00>,2,14,[2 8],5,5,19,0,5
1,<environment.Job instance at 0x15502eafcdc0>,0,28,[8 2],1,1,29,0,1
1,<environment.Job instance at 0x15502eb9d320>,5,15,[5 1],8,29,44,21,15
1,<environment.Job instance at 0x15502eadf820>,0,1,[1 9],1,2,3,1,2
1,<environment.Job instance at 0x15502b8adf00>,2,1,[6 2],3,3,4,0,3
1,<environment.Job instance at 0x15502be09050>,3,2,[2 5],4,4,6,0,4
1,<environment.Job instance at 0x15502eb9d1e0>,4,3,[2 5],6,6,9,0,6
1,<environment.Job instance at 0x15502be09280>,5,2,[2 9],7,9,11,2,7
1,<environment.Job instance at 0x15502bd4cf50>,7,22,[6 1],9,14,36,5,14
1,<environment.Job instance at 0x15502b9c45a0>,2,21,[5 2],5,9,30,4,9
1,<environment.Job instance at 0x15502d151640>,1,17,[2 8],2,2,19,0,2
1,<environment.Job instance at 0x15502d1517d0>,2,18,[5 2],3,3,21,0,3
1,<environment.Job instance at 0x15502b650e60>,0,16,[5 2],1,4,20,3,4
1,<environment.Job instance at 0x15502c662640>,4,17,[10  2],5,20,37,15,8
1,<environment.Job instance at 0x15502b6504b0>,1,1,[1 8],2,37,38,35,20
1,<environment.Job instance at 0x15502ece0fa0>,0,15,[1 8],2,2,17,0,2
1,<environment.Job instance at 0x15502b343730>,2,1,[1 9],6,19,20,13,19
1,<environment.Job instance at 0x15502c5c29b0>,0,3,[2 5],1,1,4,0,1
1,<environment.Job instance at 0x15502c5c2b40>,1,3,[1 7],2,4,7,2,2
1,<environment.Job instance at 0x15502c5c2820>,2,16,[9 2],4,5,21,1,5
1,<environment.Job instance at 0x15502c65faf0>,0,25,[6 2],1,1,26,0,1
1,<environment.Job instance at 0x155035ddceb0>,7,2,[1 9],8,35,37,27,35
1,<environment.Job instance at 0x15502ea78550>,2,2,[2 8],6,21,23,15,21
1,<environment.Job instance at 0x15502b984780>,2,1,[ 2 10],6,7,8,1,7
1,<environment.Job instance at 0x15502b829050>,2,1,[2 9],5,5,6,0,5
1,<environment.Job instance at 0x15502b8290a0>,3,3,[5 1],6,6,9,0,6
1,<environment.Job instance at 0x15502be9c500>,4,18,[10  1],9,9,27,0,9
1,<environment.Job instance at 0x155035fe9500>,1,17,[5 2],2,2,19,0,2
1,<environment.Job instance at 0x15502eafe0a0>,3,3,[2 9],5,26,29,21,26
1,<environment.Job instance at 0x15502b9aed70>,2,21,[8 2],3,15,36,12,15
1,<environment.Job instance at 0x15502fca7190>,0,3,[7 2],4,4,7,0,4
1,<environment.Job instance at 0x15502be1f230>,3,14,[9 1],7,28,42,21,28
1,<environment.Job instance at 0x15502be1f690>,3,12,[7 2],6,6,18,0,6
1,<environment.Job instance at 0x15502fe2f140>,0,13,[8 2],1,2,15,1,2
1,<environment.Job instance at 0x15502fe2f870>,3,1,[5 2],6,15,16,9,6
1,<environment.Job instance at 0x155035e774b0>,2,20,[2 7],4,6,26,2,6
1,<environment.Job instance at 0x15503007ca00>,0,18,[6 2],1,1,19,0,1
1,<environment.Job instance at 0x15503007cd70>,2,3,[8 1],4,19,22,15,4
1,<environment.Job instance at 0x155035e2a5f0>,0,13,[5 1],2,3,16,1,3
1,<environment.Job instance at 0x15502b12e2d0>,1,14,[6 1],3,3,17,0,3
1,<environment.Job instance at 0x15502b3b5500>,0,18,[2 7],1,1,19,0,1
1,<environment.Job instance at 0x15502bf610a0>,1,15,[7 1],2,3,18,1,3
1,<environment.Job instance at 0x15502bf614b0>,4,2,[10  2],5,38,40,33,38
1,<environment.Job instance at 0x1550301390a0>,0,18,[1 7],1,2,20,1,2
1,<environment.Job instance at 0x15502e829a50>,1,17,[1 7],2,2,19,0,2
1,<environment.Job instance at 0x15502e829fa0>,5,13,[10  2],8,23,36,15,23
1,<environment.Job instance at 0x15502b38e190>,0,1,[ 2 10],2,2,3,0,2
1,<environment.Job instance at 0x155060055190>,5,3,[2 9],8,31,34,23,31
1,<environment.Job instance at 0x15502bf11f00>,3,3,[5 1],7,7,10,0,7
1,<environment.Job instance at 0x1550368ae370>,1,24,[ 1 10],4,4,28,0,4
1,<environment.Job instance at 0x15502b883640>,1,3,[2 7],2,2,5,0,2
1,<environment.Job instance at 0x155030151c80>,5,1,[1 8],9,38,39,29,38
1,<environment.Job instance at 0x1550301c1190>,0,3,[2 5],1,1,4,0,1
1,<environment.Job instance at 0x1550301c1f50>,5,1,[5 2],7,249,250,242,249
1,<environment.Job instance at 0x1550301c16e0>,2,26,[2 9],6,20,46,14,20
1,<environment.Job instance at 0x15502c6615f0>,0,3,[1 9],1,1,4,0,1
1,<environment.Job instance at 0x15502ba5da50>,0,28,[9 1],1,1,29,0,1
1,<environment.Job instance at 0x15502c59b5f0>,2,18,[1 9],3,3,21,0,3
1,<environment.Job instance at 0x15502b191fa0>,0,22,[2 8],1,1,23,0,1
1,<environment.Job instance at 0x15502b1919b0>,3,21,[2 9],4,23,44,19,19
1,<environment.Job instance at 0x15502b325be0>,1,3,[2 8],2,2,5,0,2
1,<environment.Job instance at 0x15502ed91690>,2,14,[2 6],6,7,21,1,7
1,<environment.Job instance at 0x15502fe25b40>,3,18,[10  1],7,34,52,27,34
1,<environment.Job instance at 0x15506000ceb0>,2,12,[2 8],4,4,16,0,4
1,<environment.Job instance at 0x15503007a050>,0,3,[10  2],1,1,4,0,1
1,<environment.Job instance at 0x15502eca6050>,2,27,[7 2],3,3,30,0,3
1,<environment.Job instance at 0x15502ed2dcd0>,1,15,[7 2],4,5,20,1,5
1,<environment.Job instance at 0x15502fce0a50>,3,13,[5 2],4,11,24,7,11
1,<environment.Job instance at 0x15502fce0f50>,5,2,[2 6],7,439,441,432,439
1,<environment.Job instance at 0x15502b5be140>,0,15,[2 9],1,1,16,0,1
1,<environment.Job instance at 0x15502b08b500>,0,13,[2 5],1,1,14,0,1
1,<environment.Job instance at 0x15502b08b780>,1,3,[1 9],4,4,7,0,4
1,<environment.Job instance at 0x15502b90d460>,0,27,[1 8],1,1,28,0,1
1,<environment.Job instance at 0x155031a7e370>,4,12,[10  1],7,28,40,21,11
1,<environment.Job instance at 0x155061307f50>,5,3,[10  1],8,40,43,32,15
1,<environment.Job instance at 0x155031a7e690>,2,3,[5 2],4,4,7,0,4
1,<environment.Job instance at 0x155080142320>,0,3,[7 1],1,1,4,0,1
1,<environment.Job instance at 0x155080142190>,2,18,[1 7],5,21,39,16,21
1,<environment.Job instance at 0x155030a14550>,0,3,[1 6],1,1,4,0,1
1,<environment.Job instance at 0x15502fc5c780>,3,13,[5 1],4,4,17,0,4
1,<environment.Job instance at 0x15502fc5c5f0>,1,15,[6 1],4,4,19,0,4
1,<environment.Job instance at 0x1550369b9b90>,0,3,[ 2 10],2,2,5,0,2
1,<environment.Job instance at 0x1550368bec80>,0,18,[10  1],1,1,19,0,1
1,<environment.Job instance at 0x15502b0b2b90>,2,18,[1 5],3,19,37,16,8
1,<environment.Job instance at 0x15502b0b2820>,4,3,[ 1 10],5,52,55,47,52
1,<environment.Job instance at 0x15502b450a50>,1,26,[8 2],3,3,29,0,3
1,<environment.Job instance at 0x15502eaf74b0>,3,23,[6 2],6,6,29,0,6
1,<environment.Job instance at 0x15502eaf73c0>,1,2,[6 2],4,29,31,25,18
1,<environment.Job instance at 0x15502b35e050>,1,17,[2 7],3,30,47,27,30
1,<environment.Job instance at 0x15502b302140>,3,2,[ 2 10],5,381,383,376,381
1,<environment.Job instance at 0x15502b9cb550>,0,3,[7 2],1,1,4,0,1
1,<environment.Job instance at 0x15502b9cb6e0>,2,1,[ 2 10],3,15,16,12,15
1,<environment.Job instance at 0x15502b950c30>,1,16,[6 2],4,4,20,0,4
1,<environment.Job instance at 0x15502ed76280>,1,28,[2 6],4,4,32,0,4
1,<environment.Job instance at 0x155035dca960>,1,24,[1 9],2,2,26,0,2
1,<environment.Job instance at 0x15502c64fd20>,7,3,[8 1],9,16,19,7,16
1,<environment.Job instance at 0x15502bc86a50>,0,14,[9 2],1,1,15,0,1
1,<environment.Job instance at 0x15502fcd5870>,3,26,[1 5],8,8,34,0,8
1,<environment.Job instance at 0x155035f31960>,2,22,[1 5],3,3,25,0,3
1,<environment.Job instance at 0x15502db8e4b0>,1,3,[1 7],2,34,37,32,34
1,<environment.Job instance at 0x15502be68410>,0,1,[2 9],1,5,6,4,5
1,<environment.Job instance at 0x15502e5f71e0>,5,23,[5 2],6,6,29,0,6
1,<environment.Job instance at 0x15502ba153c0>,1,25,[5 1],2,4,29,2,4
1,<environment.Job instance at 0x15502fdac3c0>,2,12,[9 2],3,47,59,44,47
1,<environment.Job instance at 0x15502ba474b0>,1,3,[1 5],2,2,5,0,2
1,<environment.Job instance at 0x15502e6f7960>,0,26,[9 1],1,1,27,0,1
1,<environment.Job instance at 0x15502e6f74b0>,2,12,[ 2 10],4,27,39,23,10
1,<environment.Job instance at 0x15502eb7ad70>,2,23,[1 6],4,4,27,0,4
1,<environment.Job instance at 0x15502eb68f00>,2,14,[2 9],4,21,35,17,21
1,<environment.Job instance at 0x15502ea61d70>,0,25,[1 7],1,1,26,0,1
1,<environment.Job instance at 0x15502b0548c0>,4,18,[9 2],7,7,25,0,7
1,<environment.Job instance at 0x15502eb68230>,5,24,[ 1 10],9,13,37,4,13
1,<environment.Job instance at 0x15502b755af0>,1,3,[6 2],4,4,7,0,4
1,<environment.Job instance at 0x15502b755be0>,3,13,[10  2],9,10,23,1,10
1,<environment.Job instance at 0x15502b755c80>,0,3,[2 8],1,1,4,0,1
1,<environment.Job instance at 0x1550300fa820>,3,3,[2 5],9,26,29,17,26
1,<environment.Job instance at 0x1550601250f0>,2,23,[7 2],8,28,51,20,28
1,<environment.Job instance at 0x1550601257d0>,0,21,[10  1],2,2,23,0,2
1,<environment.Job instance at 0x15503496d230>,1,3,[10  2],2,2,5,0,2
1,<environment.Job instance at 0x15503496dd70>,5,13,[8 2],8,8,21,0,8
1,<environment.Job instance at 0x15503496d5a0>,6,13,[7 2],9,21,34,12,9
1,<environment.Job instance at 0x15503496d280>,0,19,[1 8],3,3,22,0,3
1,<environment.Job instance at 0x15503689eb40>,4,25,[10  1],9,22,47,13,18
1,<environment.Job instance at 0x155060a0da00>,0,18,[2 5],1,1,19,0,1
1,<environment.Job instance at 0x15502b9c0af0>,2,3,[1 5],3,3,6,0,3
1,<environment.Job instance at 0x15502fca7c30>,1,19,[10  2],2,5,24,3,5
1,<environment.Job instance at 0x15502b7f33c0>,0,25,[10  2],3,3,28,0,3
1,<environment.Job instance at 0x15502b52e140>,3,2,[10  1],5,7,9,2,7
1,<environment.Job instance at 0x155031a99f00>,0,27,[ 1 10],2,2,29,0,2
1,<environment.Job instance at 0x155031a99050>,1,17,[5 1],3,29,46,26,17
1,<environment.Job instance at 0x15502b4876e0>,4,17,[9 2],7,46,63,39,40
1,<environment.Job instance at 0x15502b7cefa0>,0,16,[10  1],2,2,18,0,2
1,<environment.Job instance at 0x15502fd135a0>,0,1,[1 7],1,1,2,0,1
1,<environment.Job instance at 0x15502eaf7be0>,3,3,[8 2],6,6,9,0,6
1,<environment.Job instance at 0x15502eaf70f0>,4,26,[6 1],7,9,35,2,7
1,<environment.Job instance at 0x155060036a50>,0,3,[6 2],2,2,5,0,2
1,<environment.Job instance at 0x15502eb07fa0>,1,14,[1 7],3,3,17,0,3
1,<environment.Job instance at 0x15503498ca50>,0,20,[ 1 10],5,5,25,0,5
1,<environment.Job instance at 0x15502b0b0780>,0,14,[7 2],1,2,16,1,2
1,<environment.Job instance at 0x1550609a6a00>,5,15,[7 1],9,33,48,24,33
1,<environment.Job instance at 0x155030081050>,1,14,[2 8],3,11,25,8,11
1,<environment.Job instance at 0x155030181be0>,0,17,[7 2],1,1,18,0,1
1,<environment.Job instance at 0x15502c5b9aa0>,2,19,[7 2],3,3,22,0,3
1,<environment.Job instance at 0x15502c5b9d20>,4,15,[10  2],5,22,37,17,9
1,<environment.Job instance at 0x15502c5b91e0>,1,13,[ 2 10],2,2,15,0,2
1,<environment.Job instance at 0x15502b5f0f50>,3,17,[7 1],4,15,32,11,4
1,<environment.Job instance at 0x15502e5fe5f0>,7,3,[ 2 10],9,460,463,451,460
1,<environment.Job instance at 0x15502fd4ba00>,3,1,[1 7],8,8,9,0,8
1,<environment.Job instance at 0x15502e6e1fa0>,0,17,[9 2],1,1,18,0,1
1,<environment.Job instance at 0x155030a28500>,0,16,[9 2],1,1,17,0,1
1,<environment.Job instance at 0x15502bc69a50>,2,19,[10  2],3,17,36,14,8
1,<environment.Job instance at 0x15502fd15820>,5,15,[1 9],7,187,202,180,187
1,<environment.Job instance at 0x15502eceb5a0>,2,3,[1 5],3,3,6,0,3
1,<environment.Job instance at 0x15502ea883c0>,5,3,[2 8],6,6,9,0,6
1,<environment.Job instance at 0x15502bf6f460>,0,14,[6 2],1,2,16,1,2
1,<environment.Job instance at 0x15502eb637d0>,1,3,[2 5],3,9,12,6,9
1,<environment.Job instance at 0x15502eb63820>,2,13,[7 1],4,71,84,67,71
1,<environment.Job instance at 0x15502b17a140>,4,14,[2 7],9,13,27,4,13
1,<environment.Job instance at 0x15502c8fa460>,2,13,[1 7],4,4,17,0,4
1,<environment.Job instance at 0x15506123a550>,6,17,[6 1],9,9,26,0,9
1,<environment.Job instance at 0x15502ece4190>,4,22,[7 2],9,16,38,7,16
1,<environment.Job instance at 0x15502ed82730>,0,20,[2 9],1,1,21,0,1
1,<environment.Job instance at 0x15502ed822d0>,2,2,[1 5],3,21,23,18,3
1,<environment.Job instance at 0x15502ed82140>,4,3,[7 1],7,8,11,1,8
1,<environment.Job instance at 0x15502d1600f0>,1,12,[9 2],3,3,15,0,3
1,<environment.Job instance at 0x15502beb97d0>,2,16,[6 2],4,15,31,11,12
1,<environment.Job instance at 0x15502beb9190>,5,3,[1 8],7,12,15,5,12
1,<environment.Job instance at 0x15502bb7de10>,3,2,[7 1],6,6,8,0,6
1,<environment.Job instance at 0x15502b049370>,1,19,[7 2],4,4,23,0,4
1,<environment.Job instance at 0x15502b515c80>,2,19,[1 5],5,5,24,0,5
1,<environment.Job instance at 0x15502ba14320>,3,3,[1 7],5,1102,1105,1097,1102
1,<environment.Job instance at 0x155061326730>,5,3,[2 9],8,8,11,0,8
1,<environment.Job instance at 0x15502b661780>,3,2,[8 1],4,7,9,3,7
1,<environment.Job instance at 0x155035ea9f00>,2,3,[1 6],5,5,8,0,5
1,<environment.Job instance at 0x15502ec4c960>,0,3,[5 1],1,1,4,0,1
1,<environment.Job instance at 0x15502b8f9dc0>,3,1,[7 1],5,61,62,56,61
1,<environment.Job instance at 0x15502fe22eb0>,0,27,[2 5],2,2,29,0,2
1,<environment.Job instance at 0x155030a1c5a0>,3,16,[2 8],7,29,45,22,26
1,<environment.Job instance at 0x155030a1caa0>,2,2,[2 6],6,84,86,78,84
1,<environment.Job instance at 0x15502b90a690>,1,1,[8 1],4,36,37,32,36
1,<environment.Job instance at 0x15502bcf1a50>,2,1,[1 5],7,30,31,23,30
1,<environment.Job instance at 0x15502b3f6230>,0,18,[10  1],1,1,19,0,1
1,<environment.Job instance at 0x15502b614230>,0,16,[2 7],1,1,17,0,1
1,<environment.Job instance at 0x15502b6144b0>,3,19,[9 2],6,17,36,11,8
1,<environment.Job instance at 0x15502bea24b0>,6,1,[1 8],9,12,13,3,12
1,<environment.Job instance at 0x15502be684b0>,2,1,[1 6],3,5,6,2,5
1,<environment.Job instance at 0x15502be68e60>,5,17,[10  1],6,6,23,0,6
1,<environment.Job instance at 0x15502be68a00>,7,1,[6 2],9,23,24,14,12
1,<environment.Job instance at 0x15502be68730>,0,3,[1 6],3,3,6,0,3
1,<environment.Job instance at 0x15502be68c80>,1,19,[5 1],8,8,27,0,8
1,<environment.Job instance at 0x15502bcd4a50>,0,17,[1 9],2,2,19,0,2
1,<environment.Job instance at 0x15502be09b90>,5,14,[1 7],6,8,22,2,8
1,<environment.Job instance at 0x15502fe2dc80>,0,22,[2 7],3,3,25,0,3
1,<environment.Job instance at 0x15502fc0b780>,1,24,[2 8],3,4,28,1,4
1,<environment.Job instance at 0x15502fc0b5f0>,1,3,[1 8],4,4,7,0,4
1,<environment.Job instance at 0x15502e7beb40>,0,3,[2 8],2,2,5,0,2
1,<environment.Job instance at 0x15502e7be550>,3,1,[ 1 10],5,5,6,0,5
1,<environment.Job instance at 0x15502e7bedc0>,4,17,[10  1],6,6,23,0,6
1,<environment.Job instance at 0x15502b8b1f00>,1,25,[7 1],3,4,29,1,4
1,<environment.Job instance at 0x1550600207d0>,0,19,[2 5],1,1,20,0,1
1,<environment.Job instance at 0x15502eb21050>,2,2,[5 1],3,8,10,5,8
1,<environment.Job instance at 0x15502c8ce870>,0,22,[10  1],1,1,23,0,1
1,<environment.Job instance at 0x15502b650370>,0,17,[9 2],1,1,18,0,1
1,<environment.Job instance at 0x15502b9e9960>,0,28,[2 7],1,1,29,0,1
1,<environment.Job instance at 0x15506008b050>,6,12,[2 5],9,25,37,16,25
1,<environment.Job instance at 0x15502b84e0a0>,0,14,[5 1],1,1,15,0,1
1,<environment.Job instance at 0x15502b84e960>,4,21,[6 1],6,15,36,9,7
1,<environment.Job instance at 0x15502b84ed20>,5,18,[5 1],7,152,170,145,152
1,<environment.Job instance at 0x155036924460>,0,19,[1 6],2,3,22,1,3
1,<environment.Job instance at 0x1550369241e0>,1,16,[6 2],3,19,35,16,19
1,<environment.Job instance at 0x15502b3020f0>,0,13,[8 1],3,3,16,0,3
1,<environment.Job instance at 0x15502b302410>,2,15,[8 2],7,16,31,9,12
1,<environment.Job instance at 0x15502eb33140>,1,3,[1 6],3,3,6,0,3
1,<environment.Job instance at 0x1550612a59b0>,2,24,[9 2],4,4,28,0,4
1,<environment.Job instance at 0x1550612a5f50>,4,22,[1 5],7,16,38,9,16
1,<environment.Job instance at 0x15502b455050>,5,20,[8 1],7,11,31,4,11
1,<environment.Job instance at 0x155030a0daa0>,3,26,[7 2],4,4,30,0,4
1,<environment.Job instance at 0x15502b95e370>,2,1,[1 9],3,3,4,0,3
1,<environment.Job instance at 0x1550300e6690>,3,18,[ 2 10],4,4,22,0,4
1,<environment.Job instance at 0x15502e7c2d20>,0,12,[8 2],1,1,13,0,1
1,<environment.Job instance at 0x15502b53e320>,4,18,[2 9],6,32,50,26,32
1,<environment.Job instance at 0x15502b395e10>,1,2,[1 7],3,3,5,0,3
1,<environment.Job instance at 0x15502b395550>,3,2,[9 1],5,7,9,2,7
1,<environment.Job instance at 0x15502b395a50>,6,19,[7 2],9,9,28,0,9
1,<environment.Job instance at 0x15502fcf64b0>,0,20,[2 5],2,2,22,0,2
1,<environment.Job instance at 0x15502eb31190>,0,3,[1 7],1,1,4,0,1
1,<environment.Job instance at 0x15502be915a0>,0,13,[1 6],1,1,14,0,1
1,<environment.Job instance at 0x15502b8e64b0>,5,3,[5 1],8,8,11,0,8
1,<environment.Job instance at 0x15502fd22d70>,1,17,[1 6],2,2,19,0,2
1,<environment.Job instance at 0x15502bbffd70>,0,3,[1 8],1,1,4,0,1
1,<environment.Job instance at 0x15502bbffc80>,1,13,[1 9],2,4,17,2,2
1,<environment.Job instance at 0x1550300e6c30>,2,21,[10  1],3,9,30,6,9
1,<environment.Job instance at 0x15502fd48af0>,0,20,[1 6],1,1,21,0,1
1,<environment.Job instance at 0x155035ee2730>,1,15,[9 2],2,6,21,4,6
1,<environment.Job instance at 0x15502ba65960>,0,3,[1 9],1,1,4,0,1
1,<environment.Job instance at 0x15502eafadc0>,0,27,[9 1],1,1,28,0,1
1,<environment.Job instance at 0x155030a46550>,2,27,[ 1 10],4,4,31,0,4
1,<environment.Job instance at 0x155030a46500>,3,17,[10  1],5,82,99,77,82
1,<environment.Job instance at 0x15502ecb4e10>,1,22,[10  1],4,5,27,1,5
1,<environment.Job instance at 0x15502b53ee60>,0,19,[2 8],1,2,21,1,2
1,<environment.Job instance at 0x15502befa7d0>,1,3,[2 5],5,5,8,0,5
1,<environment.Job instance at 0x15502befa2d0>,2,20,[9 1],6,8,28,2,7
1,<environment.Job instance at 0x155030a23f50>,5,16,[1 8],7,20,36,13,20
1,<environment.Job instance at 0x155035f37cd0>,3,1,[10  2],5,36,37,31,34
1,<environment.Job instance at 0x15502b322f00>,5,13,[5 2],8,11,24,3,11
1,<environment.Job instance at 0x15502fd35e10>,2,3,[6 2],3,14,17,11,14
1,<environment.Job instance at 0x1550332e9960>,0,3,[9 2],2,2,5,0,2
1,<environment.Job instance at 0x1550332e95a0>,2,21,[ 2 10],5,5,26,0,5
