iteration,job object,job ID,job Length,job ressource requirement,job enter time,job start time,job finish time,job waiting time,current time
1,<environment.Job instance at 0x15502bf0efa0>,2,1,[2 5],3,5,6,2,3
1,<environment.Job instance at 0x15502bf111e0>,3,1,[6 2],4,5,6,1,4
1,<environment.Job instance at 0x15502bf11460>,8,13,[6 1],9,92,105,83,92
1,<environment.Job instance at 0x15502bf14500>,0,2,[6 1],1,1,3,0,1
1,<environment.Job instance at 0x15502bf14550>,3,25,[1 8],4,6,31,2,6
1,<environment.Job instance at 0x1550349726e0>,4,2,[8 1],7,29,31,22,29
1,<environment.Job instance at 0x1550301c7eb0>,2,2,[2 7],4,4,6,0,4
1,<environment.Job instance at 0x1550301c7c80>,1,1,[2 7],3,6,7,3,4
1,<environment.Job instance at 0x1550301c7230>,3,2,[2 7],5,7,9,2,5
1,<environment.Job instance at 0x1550301c7370>,5,15,[2 9],8,9,24,1,8
1,<environment.Job instance at 0x1550301c7af0>,6,26,[9 2],9,28,54,19,28
1,<environment.Job instance at 0x15502eafab90>,0,1,[2 7],1,1,2,0,1
1,<environment.Job instance at 0x15502b5efd70>,0,2,[6 1],1,1,3,0,1
1,<environment.Job instance at 0x1550300a2910>,1,2,[1 5],2,2,4,0,2
1,<environment.Job instance at 0x15502bb04190>,0,2,[9 1],1,1,3,0,1
1,<environment.Job instance at 0x15502bb04a00>,2,16,[2 5],3,3,19,0,3
1,<environment.Job instance at 0x155036937f00>,4,22,[1 5],7,7,29,0,7
1,<environment.Job instance at 0x155036937730>,5,15,[2 9],9,29,44,20,15
1,<environment.Job instance at 0x155036937460>,3,1,[10  2],6,44,45,38,34
1,<environment.Job instance at 0x15502bd98640>,6,17,[1 8],9,27,44,18,27
1,<environment.Job instance at 0x15502bd98d70>,3,3,[9 2],5,88,91,83,88
1,<environment.Job instance at 0x1550600dba00>,2,27,[2 5],4,17,44,13,17
1,<environment.Job instance at 0x15503012db40>,4,3,[2 9],7,372,375,365,372
1,<environment.Job instance at 0x15502c9040f0>,2,1,[10  1],4,6,7,2,6
1,<environment.Job instance at 0x15502c904e10>,1,12,[2 8],2,28,40,26,28
1,<environment.Job instance at 0x155031aa98c0>,0,2,[1 9],3,3,5,0,3
1,<environment.Job instance at 0x15502b9c9f00>,5,12,[10  2],9,11,23,2,11
1,<environment.Job instance at 0x15502fc023c0>,1,1,[ 2 10],4,12,13,8,12
1,<environment.Job instance at 0x15502fc02e60>,2,3,[ 2 10],4,4,7,0,4
1,<environment.Job instance at 0x155061234230>,3,3,[2 5],5,7,10,2,5
1,<environment.Job instance at 0x15502fc027d0>,4,1,[8 1],6,7,8,1,6
1,<environment.Job instance at 0x15502e7435f0>,0,1,[1 6],1,1,2,0,1
1,<environment.Job instance at 0x15502bd532d0>,0,2,[1 8],1,1,3,0,1
1,<environment.Job instance at 0x15502baa52d0>,3,27,[1 8],5,36,63,31,36
1,<environment.Job instance at 0x15502baa5e60>,1,3,[5 1],5,5,8,0,5
1,<environment.Job instance at 0x15502baa5140>,2,15,[1 7],7,7,22,0,7
1,<environment.Job instance at 0x15502b6e6be0>,3,3,[ 2 10],8,22,25,14,8
1,<environment.Job instance at 0x155035e1fa50>,0,2,[9 1],1,1,3,0,1
1,<environment.Job instance at 0x155035e1fd70>,2,24,[ 1 10],3,3,27,0,3
1,<environment.Job instance at 0x155035e36280>,6,15,[1 7],7,834,849,827,834
1,<environment.Job instance at 0x15502b3c1dc0>,2,20,[8 2],3,36,56,33,36
1,<environment.Job instance at 0x155035e29b90>,4,2,[2 5],5,79,81,74,79
1,<environment.Job instance at 0x15502b403e10>,1,1,[9 1],3,3,4,0,3
1,<environment.Job instance at 0x15502b403280>,3,2,[6 2],5,5,7,0,5
1,<environment.Job instance at 0x155033312d70>,4,1,[9 1],7,7,8,0,7
1,<environment.Job instance at 0x15502b403cd0>,5,2,[8 1],8,8,10,0,8
1,<environment.Job instance at 0x15502b585aa0>,6,1,[ 1 10],9,10,11,1,10
1,<environment.Job instance at 0x15502d148730>,0,2,[1 5],1,1,3,0,1
1,<environment.Job instance at 0x15502ed6a870>,2,2,[10  2],3,3,5,0,3
1,<environment.Job instance at 0x15502fdc4eb0>,3,18,[10  1],8,117,135,109,117
1,<environment.Job instance at 0x155035f55460>,1,20,[9 1],2,11,31,9,11
1,<environment.Job instance at 0x15502eaf2af0>,3,2,[5 2],4,121,123,117,121
1,<environment.Job instance at 0x15502c5fdc80>,3,16,[1 7],4,865,881,861,865
1,<environment.Job instance at 0x15502b5e0b40>,0,1,[2 8],1,1,2,0,1
1,<environment.Job instance at 0x15502b5e08c0>,1,1,[7 1],2,2,3,0,2
1,<environment.Job instance at 0x15502bf47c80>,1,2,[1 7],3,4,6,1,4
1,<environment.Job instance at 0x15502bf475a0>,2,2,[5 2],4,4,6,0,4
1,<environment.Job instance at 0x15502bf47be0>,3,1,[1 6],6,6,7,0,6
1,<environment.Job instance at 0x15502e7802d0>,1,3,[2 9],7,7,10,0,7
1,<environment.Job instance at 0x155036867fa0>,2,14,[8 2],4,4,18,0,4
1,<environment.Job instance at 0x155036867eb0>,3,20,[2 5],6,11,31,5,11
1,<environment.Job instance at 0x15506009cd70>,4,1,[ 2 10],7,31,32,24,11
1,<environment.Job instance at 0x155035ea39b0>,2,3,[1 9],4,7,10,3,7
1,<environment.Job instance at 0x15502bdcffa0>,3,27,[ 2 10],6,6,33,0,6
1,<environment.Job instance at 0x1550612a1e60>,4,17,[9 1],7,33,50,26,29
1,<environment.Job instance at 0x15503015b730>,4,16,[2 8],8,15,31,7,15
1,<environment.Job instance at 0x1550368cac30>,1,1,[6 1],2,3,4,1,3
1,<environment.Job instance at 0x1550368ca140>,2,1,[10  1],3,5,6,2,5
1,<environment.Job instance at 0x15502be45960>,6,28,[1 6],9,9,37,0,9
1,<environment.Job instance at 0x15502be45140>,1,1,[9 2],2,2,3,0,2
1,<environment.Job instance at 0x15502ecf6f00>,4,25,[ 2 10],7,14,39,7,14
1,<environment.Job instance at 0x15502ecf62d0>,6,3,[9 1],9,219,222,210,219
1,<environment.Job instance at 0x155061692050>,1,3,[2 7],3,54,57,51,54
1,<environment.Job instance at 0x155035df91e0>,0,3,[6 1],1,1,4,0,1
1,<environment.Job instance at 0x15502ec0adc0>,1,2,[5 2],3,4,6,1,3
1,<environment.Job instance at 0x15502fc0dc80>,0,16,[2 9],1,1,17,0,1
1,<environment.Job instance at 0x15502baf82d0>,1,15,[1 5],3,3,18,0,3
1,<environment.Job instance at 0x15502e781be0>,2,16,[2 8],4,6,22,2,6
1,<environment.Job instance at 0x15502e781370>,1,15,[2 8],3,22,37,19,8
1,<environment.Job instance at 0x15502e781d70>,3,13,[ 2 10],7,53,66,46,53
1,<environment.Job instance at 0x1550332f5e60>,3,3,[1 5],6,380,383,374,380
1,<environment.Job instance at 0x1550332f5050>,1,16,[2 6],2,2,18,0,2
1,<environment.Job instance at 0x15502bd6a460>,2,3,[1 6],3,18,21,15,3
1,<environment.Job instance at 0x15502e649b40>,5,21,[10  1],7,21,42,14,16
1,<environment.Job instance at 0x15503498ceb0>,1,2,[1 5],4,4,6,0,4
1,<environment.Job instance at 0x15503498caa0>,3,1,[2 8],6,87,88,81,87
1,<environment.Job instance at 0x15502be45780>,1,3,[10  2],2,2,5,0,2
1,<environment.Job instance at 0x15502db7e370>,0,2,[ 1 10],1,2,4,1,2
1,<environment.Job instance at 0x15502db7e9b0>,1,17,[2 9],2,4,21,2,4
1,<environment.Job instance at 0x15502b6c6280>,2,3,[5 1],4,5,8,1,5
1,<environment.Job instance at 0x15502e743af0>,1,1,[2 8],3,32,33,29,32
1,<environment.Job instance at 0x15502c6730f0>,1,1,[5 2],3,3,4,0,3
1,<environment.Job instance at 0x15502b9d90f0>,6,13,[9 1],9,75,88,66,75
1,<environment.Job instance at 0x15502eb01320>,3,18,[8 2],6,199,217,193,199
1,<environment.Job instance at 0x15502b785190>,1,2,[1 8],2,2,4,0,2
1,<environment.Job instance at 0x155030a1c7d0>,3,3,[1 8],5,5,8,0,5
1,<environment.Job instance at 0x155030a1c5a0>,6,1,[5 1],8,10,11,2,10
1,<environment.Job instance at 0x155030a1c3c0>,5,1,[6 2],7,22,23,15,22
1,<environment.Job instance at 0x155030a1cd70>,7,15,[2 5],9,30,45,21,30
1,<environment.Job instance at 0x155030a1c550>,1,1,[2 8],3,4,5,1,4
1,<environment.Job instance at 0x155034978d20>,5,14,[1 6],8,9,23,1,9
1,<environment.Job instance at 0x15502fd964b0>,2,12,[9 2],3,3,15,0,3
1,<environment.Job instance at 0x15502fd960f0>,3,2,[2 6],4,15,17,11,4
1,<environment.Job instance at 0x15502fd96050>,4,3,[9 2],5,17,20,12,5
1,<environment.Job instance at 0x1550612a0820>,7,16,[ 2 10],8,26,42,18,26
1,<environment.Job instance at 0x15502eb18960>,1,2,[7 2],3,3,5,0,3
1,<environment.Job instance at 0x15502b41c050>,0,1,[7 1],3,3,4,0,3
1,<environment.Job instance at 0x155060125460>,4,3,[2 9],5,5,8,0,5
1,<environment.Job instance at 0x1550301b67d0>,5,23,[1 6],6,8,31,2,6
1,<environment.Job instance at 0x1550301b65f0>,6,12,[7 1],9,11,23,2,11
1,<environment.Job instance at 0x15502bbd4e60>,1,3,[6 1],4,4,7,0,4
1,<environment.Job instance at 0x15502bbd4d70>,2,3,[8 1],5,7,10,2,5
1,<environment.Job instance at 0x15502bbd4e10>,3,2,[7 1],7,10,12,3,7
1,<environment.Job instance at 0x155035f09dc0>,2,16,[1 5],6,6,22,0,6
1,<environment.Job instance at 0x1550369a9f00>,3,1,[1 9],7,22,23,15,7
1,<environment.Job instance at 0x15502bddda50>,0,1,[5 2],1,2,3,1,2
1,<environment.Job instance at 0x15502b477370>,2,2,[ 1 10],5,5,7,0,5
1,<environment.Job instance at 0x1550369a90a0>,3,16,[ 2 10],7,7,23,0,7
1,<environment.Job instance at 0x15502bcbec30>,1,1,[8 1],5,6,7,1,6
1,<environment.Job instance at 0x15502e649820>,3,1,[6 2],8,9,10,1,9
1,<environment.Job instance at 0x15502e649230>,1,1,[2 8],5,6,7,1,6
1,<environment.Job instance at 0x15502e649c30>,2,2,[7 2],6,6,8,0,6
1,<environment.Job instance at 0x15502bcba820>,5,16,[2 8],9,14,30,5,14
1,<environment.Job instance at 0x15502e823690>,1,21,[1 8],2,2,23,0,2
1,<environment.Job instance at 0x15502ba97370>,3,2,[6 1],5,5,7,0,5
1,<environment.Job instance at 0x15502bb9d550>,5,3,[9 2],8,24,27,16,24
1,<environment.Job instance at 0x15502ead7a00>,0,3,[9 2],1,1,4,0,1
1,<environment.Job instance at 0x15502bb9d190>,1,2,[2 9],3,4,6,1,3
1,<environment.Job instance at 0x15502ead7c80>,3,19,[5 1],9,10,29,1,10
1,<environment.Job instance at 0x15502c8fac80>,1,2,[1 8],3,3,5,0,3
1,<environment.Job instance at 0x15502c8faeb0>,2,1,[10  2],4,5,6,1,4
1,<environment.Job instance at 0x155034975640>,4,2,[7 1],6,6,8,0,6
1,<environment.Job instance at 0x1550349754b0>,5,3,[10  1],7,8,11,1,7
1,<environment.Job instance at 0x15502c8fa1e0>,6,3,[7 1],9,12,15,3,12
1,<environment.Job instance at 0x15502ed12280>,1,1,[8 1],2,3,4,1,3
1,<environment.Job instance at 0x155036928190>,2,21,[1 9],4,4,25,0,4
1,<environment.Job instance at 0x1550300a20a0>,0,2,[6 1],1,1,3,0,1
1,<environment.Job instance at 0x15502eb72b90>,1,3,[1 7],2,2,5,0,2
1,<environment.Job instance at 0x1550300a2140>,6,27,[10  1],7,10,37,3,10
1,<environment.Job instance at 0x155035dcac80>,2,3,[6 2],5,5,8,0,5
1,<environment.Job instance at 0x155035dcaf00>,3,1,[6 2],6,8,9,2,6
1,<environment.Job instance at 0x1550300ca500>,0,3,[ 1 10],1,2,5,1,2
1,<environment.Job instance at 0x15502db965f0>,1,3,[1 5],2,23,26,21,23
1,<environment.Job instance at 0x15502ed29a50>,3,16,[1 6],6,6,22,0,6
1,<environment.Job instance at 0x15502ed296e0>,4,2,[10  2],8,22,24,14,8
1,<environment.Job instance at 0x15502b2842d0>,1,1,[10  2],3,3,4,0,3
1,<environment.Job instance at 0x15502fd44fa0>,2,2,[7 2],4,4,6,0,4
1,<environment.Job instance at 0x15502d129140>,5,12,[2 9],8,48,60,40,48
1,<environment.Job instance at 0x15502bbb2af0>,0,2,[1 8],1,1,3,0,1
1,<environment.Job instance at 0x1550609a9550>,1,12,[ 1 10],3,7,19,4,7
1,<environment.Job instance at 0x15502bc875a0>,5,1,[1 7],8,19,20,11,8
1,<environment.Job instance at 0x15502bc87f50>,6,1,[6 2],9,19,20,10,10
1,<environment.Job instance at 0x15502ed3c550>,1,3,[7 1],2,2,5,0,2
1,<environment.Job instance at 0x155035e6c8c0>,3,2,[1 9],5,5,7,0,5
1,<environment.Job instance at 0x15502bc87c80>,2,14,[8 2],3,25,39,22,25
1,<environment.Job instance at 0x15502b715a00>,1,1,[10  1],3,3,4,0,3
1,<environment.Job instance at 0x155035ea9960>,6,21,[ 2 10],9,10,31,1,10
1,<environment.Job instance at 0x155035ea97d0>,1,27,[5 2],3,4,31,1,4
1,<environment.Job instance at 0x155035ea90a0>,2,22,[2 7],5,5,27,0,5
1,<environment.Job instance at 0x1550300fcbe0>,4,16,[6 2],9,31,47,22,27
1,<environment.Job instance at 0x15502b2a3820>,4,2,[10  2],5,9,11,4,9
1,<environment.Job instance at 0x15502b9adaa0>,1,1,[6 2],4,5,6,1,5
1,<environment.Job instance at 0x155035f3ccd0>,3,27,[2 6],7,7,34,0,7
1,<environment.Job instance at 0x15502b73faf0>,4,3,[2 6],8,34,37,26,8
1,<environment.Job instance at 0x15503008c960>,5,2,[9 1],9,37,39,28,10
1,<environment.Job instance at 0x1550369200a0>,1,2,[7 2],2,2,4,0,2
1,<environment.Job instance at 0x155036920c30>,2,2,[9 2],3,4,6,1,3
1,<environment.Job instance at 0x155036920550>,3,3,[5 1],4,6,9,2,4
1,<environment.Job instance at 0x155036920a00>,4,2,[ 1 10],5,9,11,4,5
1,<environment.Job instance at 0x1550368f70f0>,1,1,[1 8],3,3,4,0,3
1,<environment.Job instance at 0x1550609b30a0>,2,14,[2 9],3,3,17,0,3
1,<environment.Job instance at 0x15502b4b0640>,3,2,[7 2],4,17,19,13,4
1,<environment.Job instance at 0x15502d15c230>,1,2,[1 9],3,4,6,1,4
1,<environment.Job instance at 0x15502b4b0410>,2,3,[2 7],4,6,9,2,4
1,<environment.Job instance at 0x15502bba6fa0>,4,2,[1 6],6,9,11,3,6
1,<environment.Job instance at 0x15502b4b0a00>,6,15,[5 2],8,10,25,2,10
1,<environment.Job instance at 0x1550368a6dc0>,0,1,[9 2],1,1,2,0,1
1,<environment.Job instance at 0x15502d127aa0>,2,3,[1 7],5,5,8,0,5
1,<environment.Job instance at 0x15502ba71d70>,3,3,[ 1 10],6,8,11,2,6
1,<environment.Job instance at 0x15502ebb5a00>,0,1,[10  1],1,1,2,0,1
1,<environment.Job instance at 0x15502ebb50a0>,1,2,[2 5],2,2,4,0,2
1,<environment.Job instance at 0x15502be24d20>,4,24,[1 6],5,8,32,3,8
1,<environment.Job instance at 0x15502ebb56e0>,1,2,[5 2],2,2,4,0,2
1,<environment.Job instance at 0x15502fe15690>,3,2,[5 2],6,7,9,1,7
1,<environment.Job instance at 0x15502fe15460>,5,1,[ 2 10],8,9,10,1,8
1,<environment.Job instance at 0x15502fe150a0>,0,1,[6 1],1,1,2,0,1
1,<environment.Job instance at 0x15502e68f280>,2,17,[1 7],4,7,24,3,7
1,<environment.Job instance at 0x15502e68f4b0>,4,2,[7 2],9,44,46,35,44
1,<environment.Job instance at 0x15502fe15e60>,3,15,[10  2],8,50,65,42,50
1,<environment.Job instance at 0x15502ecb96e0>,0,1,[1 5],1,2,3,1,2
1,<environment.Job instance at 0x15502ecb9be0>,2,27,[5 1],4,4,31,0,4
1,<environment.Job instance at 0x15502b2e1b90>,5,14,[1 6],7,132,146,125,132
1,<environment.Job instance at 0x15502b2e1410>,6,1,[1 8],8,270,271,262,270
1,<environment.Job instance at 0x15502ba1c320>,0,3,[10  1],1,1,4,0,1
1,<environment.Job instance at 0x15506012d5f0>,5,3,[2 5],6,427,430,421,427
1,<environment.Job instance at 0x15502b46e5f0>,0,1,[10  1],1,1,2,0,1
1,<environment.Job instance at 0x15502b46e3c0>,3,3,[6 2],6,6,9,0,6
1,<environment.Job instance at 0x15502b46e500>,2,13,[7 2],4,45,58,41,45
1,<environment.Job instance at 0x15502b46ee10>,5,15,[2 5],9,60,75,51,60
1,<environment.Job instance at 0x15502ebcda50>,1,3,[6 2],3,3,6,0,3
1,<environment.Job instance at 0x15502ebcd9b0>,2,2,[1 7],4,4,6,0,4
1,<environment.Job instance at 0x15502ebcdf50>,3,22,[2 8],7,8,30,1,8
1,<environment.Job instance at 0x15502ebcd640>,4,3,[2 9],8,30,33,22,21
1,<environment.Job instance at 0x15502ba68d70>,1,2,[2 6],2,2,4,0,2
1,<environment.Job instance at 0x15502ba68230>,2,2,[2 8],3,4,6,1,3
1,<environment.Job instance at 0x15506126afa0>,4,26,[1 7],5,7,33,2,7
1,<environment.Job instance at 0x1550368fb910>,3,19,[7 2],4,10,29,6,10
1,<environment.Job instance at 0x15502ecae410>,6,3,[9 1],8,350,353,342,350
1,<environment.Job instance at 0x15502fe1cd20>,0,2,[2 5],1,1,3,0,1
1,<environment.Job instance at 0x15502fe1c370>,2,16,[1 8],4,4,20,0,4
1,<environment.Job instance at 0x15502fe1ccd0>,7,2,[9 1],9,324,326,315,324
1,<environment.Job instance at 0x15502e77e2d0>,1,16,[2 9],4,4,20,0,4
1,<environment.Job instance at 0x15502e77e320>,4,14,[ 1 10],9,20,34,11,10
1,<environment.Job instance at 0x15502e77e320>,3,17,[ 2 10],5,40,57,35,40
1,<environment.Job instance at 0x15506124efa0>,0,2,[1 7],2,2,4,0,2
1,<environment.Job instance at 0x1550333073c0>,3,13,[2 5],5,5,18,0,5
1,<environment.Job instance at 0x155033307be0>,3,3,[1 8],8,198,201,190,198
1,<environment.Job instance at 0x15502bdc3230>,1,12,[7 2],3,24,36,21,24
1,<environment.Job instance at 0x15502ba48370>,2,15,[ 2 10],9,141,156,132,141
1,<environment.Job instance at 0x15502be92190>,1,2,[5 2],3,13,15,10,13
1,<environment.Job instance at 0x15502bbc16e0>,7,12,[9 1],9,24,36,15,24
1,<environment.Job instance at 0x155036995a00>,0,1,[6 2],1,1,2,0,1
1,<environment.Job instance at 0x15502b3f7050>,1,1,[6 1],2,2,3,0,2
1,<environment.Job instance at 0x15502b3f7b90>,2,3,[1 6],3,3,6,0,3
1,<environment.Job instance at 0x15502b3f7cd0>,5,22,[ 2 10],6,10,32,4,10
1,<environment.Job instance at 0x15502b3f7730>,8,3,[2 8],9,32,35,23,10
1,<environment.Job instance at 0x15502b3f78c0>,1,2,[5 2],4,4,6,0,4
1,<environment.Job instance at 0x15502b921780>,5,3,[1 7],8,432,435,424,432
1,<environment.Job instance at 0x15502e7dfbe0>,0,2,[10  2],1,1,3,0,1
1,<environment.Job instance at 0x15502b921190>,1,22,[ 2 10],2,3,25,1,2
1,<environment.Job instance at 0x15502bda5780>,1,17,[10  1],4,4,21,0,4
1,<environment.Job instance at 0x15502b3813c0>,3,1,[9 1],4,109,110,105,109
1,<environment.Job instance at 0x1550609a0f50>,4,1,[7 1],6,6,7,0,6
1,<environment.Job instance at 0x1550609a0230>,6,3,[1 5],9,9,12,0,9
1,<environment.Job instance at 0x15502fc1a960>,0,3,[8 2],2,2,5,0,2
1,<environment.Job instance at 0x15502be8edc0>,2,3,[2 8],4,4,7,0,4
1,<environment.Job instance at 0x15502be8e230>,3,2,[7 1],5,5,7,0,5
1,<environment.Job instance at 0x15502ba0cfa0>,0,16,[1 6],1,1,17,0,1
1,<environment.Job instance at 0x15502be8e2d0>,2,2,[5 1],4,4,6,0,4
1,<environment.Job instance at 0x15502bf17230>,5,13,[1 5],7,54,67,47,54
1,<environment.Job instance at 0x15502fdf8c30>,2,1,[1 9],3,3,4,0,3
1,<environment.Job instance at 0x15502b860b40>,4,1,[7 1],5,5,6,0,5
1,<environment.Job instance at 0x15502b860e60>,5,2,[1 8],6,6,8,0,6
1,<environment.Job instance at 0x1550600db640>,1,1,[5 1],3,3,4,0,3
1,<environment.Job instance at 0x15502b44d320>,3,23,[1 8],7,7,30,0,7
1,<environment.Job instance at 0x15502b44d4b0>,4,1,[2 9],8,30,31,22,30
1,<environment.Job instance at 0x15502b44d820>,5,3,[1 9],9,107,110,98,107
1,<environment.Job instance at 0x15502b44d6e0>,1,1,[7 2],2,2,3,0,2
1,<environment.Job instance at 0x15502fce85a0>,0,2,[8 1],1,1,3,0,1
1,<environment.Job instance at 0x15502fce8820>,4,16,[5 2],5,740,756,735,740
1,<environment.Job instance at 0x15502b737f50>,2,3,[2 7],6,6,9,0,6
1,<environment.Job instance at 0x15502b737dc0>,1,1,[6 1],2,61,62,59,61
1,<environment.Job instance at 0x15502b976c80>,0,1,[1 5],1,2,3,1,2
1,<environment.Job instance at 0x15502b9768c0>,2,3,[9 2],3,3,6,0,3
1,<environment.Job instance at 0x15502b976690>,4,2,[2 6],6,6,8,0,6
1,<environment.Job instance at 0x15502b9760f0>,5,19,[ 1 10],7,8,27,1,7
1,<environment.Job instance at 0x15502b976410>,6,1,[2 7],8,27,28,19,8
1,<environment.Job instance at 0x15502b9762d0>,1,2,[9 1],2,28,30,26,8
1,<environment.Job instance at 0x155035e3e500>,0,2,[1 7],1,1,3,0,1
1,<environment.Job instance at 0x155035e3e3c0>,2,1,[6 2],3,3,4,0,3
1,<environment.Job instance at 0x15502fcf64b0>,6,16,[5 2],7,15,31,8,15
1,<environment.Job instance at 0x15502ea8ecd0>,1,17,[ 2 10],2,2,19,0,2
1,<environment.Job instance at 0x15502b680aa0>,4,19,[1 7],5,19,38,14,9
1,<environment.Job instance at 0x15502b46e500>,3,1,[1 6],4,5,6,1,5
1,<environment.Job instance at 0x15502dba4050>,4,3,[2 6],5,6,9,1,6
1,<environment.Job instance at 0x15502b51eeb0>,5,3,[1 9],6,9,12,3,7
1,<environment.Job instance at 0x15502b51ea00>,6,3,[6 1],7,16,19,9,16
1,<environment.Job instance at 0x15502d1338c0>,1,28,[1 7],2,2,30,0,2
1,<environment.Job instance at 0x15502d133cd0>,2,1,[6 2],5,5,6,0,5
1,<environment.Job instance at 0x15502d1331e0>,3,3,[5 2],6,6,9,0,6
1,<environment.Job instance at 0x155035ebc140>,4,15,[8 1],7,9,24,2,7
1,<environment.Job instance at 0x155035ebcb90>,5,3,[2 7],8,30,33,22,8
1,<environment.Job instance at 0x155031a87d70>,0,1,[2 8],1,1,2,0,1
1,<environment.Job instance at 0x155031aace60>,3,15,[1 7],4,5,20,1,5
1,<environment.Job instance at 0x1550301bad20>,4,1,[ 1 10],5,20,21,15,5
1,<environment.Job instance at 0x1550301ba960>,6,3,[1 9],8,21,24,13,8
1,<environment.Job instance at 0x15506010c0f0>,0,3,[10  1],2,2,5,0,2
1,<environment.Job instance at 0x15502c58a8c0>,1,3,[8 2],3,3,6,0,3
1,<environment.Job instance at 0x15502c58a460>,2,1,[1 8],4,4,5,0,4
1,<environment.Job instance at 0x15502c58a0a0>,3,2,[7 2],5,6,8,1,5
1,<environment.Job instance at 0x15502c58abe0>,4,3,[9 1],6,8,11,2,6
1,<environment.Job instance at 0x15502c58a050>,7,15,[ 2 10],9,59,74,50,59
1,<environment.Job instance at 0x15502fc8e6e0>,4,25,[2 7],7,8,33,1,8
1,<environment.Job instance at 0x15502b5ba6e0>,0,1,[10  1],1,1,2,0,1
1,<environment.Job instance at 0x15502b5ba780>,1,3,[10  1],2,2,5,0,2
1,<environment.Job instance at 0x1550300a11e0>,0,1,[7 1],1,1,2,0,1
1,<environment.Job instance at 0x1550600ac370>,3,3,[2 6],5,5,8,0,5
1,<environment.Job instance at 0x1550600accd0>,6,1,[9 1],8,66,67,58,66
1,<environment.Job instance at 0x15502c5ffcd0>,0,3,[10  2],3,3,6,0,3
1,<environment.Job instance at 0x15502c5ffdc0>,1,1,[2 7],4,6,7,2,4
1,<environment.Job instance at 0x15502b76cf00>,5,15,[6 1],9,247,262,238,247
1,<environment.Job instance at 0x1550300f4370>,0,2,[1 5],2,2,4,0,2
1,<environment.Job instance at 0x15502e60d4b0>,1,3,[2 8],3,4,7,1,3
1,<environment.Job instance at 0x15502e60d2d0>,4,1,[8 2],6,6,7,0,6
1,<environment.Job instance at 0x15502e60d5a0>,5,2,[2 6],7,7,9,0,7
1,<environment.Job instance at 0x15502b7f6640>,1,2,[6 1],2,2,4,0,2
1,<environment.Job instance at 0x15502b7f6410>,2,1,[5 1],3,4,5,1,3
1,<environment.Job instance at 0x15502b7f6460>,4,2,[7 1],6,6,8,0,6
1,<environment.Job instance at 0x155060093230>,1,21,[1 9],2,3,24,1,3
1,<environment.Job instance at 0x15502b7f6a50>,2,2,[9 2],4,25,27,21,25
1,<environment.Job instance at 0x15502be68870>,2,13,[1 5],7,10,23,3,10
1,<environment.Job instance at 0x155035f428c0>,0,1,[10  2],1,1,2,0,1
1,<environment.Job instance at 0x15502bde4e10>,4,19,[9 1],6,6,25,0,6
1,<environment.Job instance at 0x1550368da140>,2,3,[8 1],3,34,37,31,34
1,<environment.Job instance at 0x1550368daaf0>,4,3,[9 2],5,212,215,207,212
1,<environment.Job instance at 0x1550368cb5a0>,0,2,[1 6],2,2,4,0,2
1,<environment.Job instance at 0x1550368cb280>,2,2,[2 8],6,6,8,0,6
1,<environment.Job instance at 0x1550301515f0>,2,20,[5 1],4,17,37,13,17
1,<environment.Job instance at 0x15502c5b9780>,3,3,[9 1],5,385,388,380,385
1,<environment.Job instance at 0x15502c5b9050>,0,2,[6 1],2,2,4,0,2
1,<environment.Job instance at 0x15502b3c1870>,2,1,[8 1],5,5,6,0,5
1,<environment.Job instance at 0x15502bf4a370>,4,3,[2 6],9,9,12,0,9
1,<environment.Job instance at 0x15502bdc59b0>,1,1,[1 9],4,4,5,0,4
1,<environment.Job instance at 0x15502bdc5b90>,2,1,[1 8],5,5,6,0,5
1,<environment.Job instance at 0x15502bdc5cd0>,4,23,[2 5],9,9,32,0,9
1,<environment.Job instance at 0x15502e802c80>,1,24,[5 1],4,76,100,72,76
1,<environment.Job instance at 0x15502e802be0>,2,3,[5 1],3,3,6,0,3
1,<environment.Job instance at 0x155035e91960>,4,3,[10  2],6,6,9,0,6
1,<environment.Job instance at 0x15502c68b2d0>,1,1,[8 1],5,5,6,0,5
1,<environment.Job instance at 0x15502fd9e6e0>,4,12,[7 2],8,12,24,4,12
1,<environment.Job instance at 0x155060040b90>,6,2,[1 5],9,9,11,0,9
1,<environment.Job instance at 0x15502e5d9d70>,0,2,[10  2],1,1,3,0,1
1,<environment.Job instance at 0x15502bde4d20>,2,1,[1 5],4,4,5,0,4
1,<environment.Job instance at 0x15502bde41e0>,3,2,[1 9],5,5,7,0,5
1,<environment.Job instance at 0x15502bde4c80>,5,3,[1 8],9,9,12,0,9
1,<environment.Job instance at 0x15502b8e6cd0>,1,3,[1 7],2,2,5,0,2
1,<environment.Job instance at 0x15502fd326e0>,4,17,[8 1],5,5,22,0,5
1,<environment.Job instance at 0x15502c630eb0>,1,16,[1 5],2,2,18,0,2
1,<environment.Job instance at 0x15502fd32410>,3,3,[2 8],6,39,42,33,39
1,<environment.Job instance at 0x15502c66f820>,5,3,[1 8],8,655,658,647,655
1,<environment.Job instance at 0x15502ba55fa0>,1,15,[9 1],2,8,23,6,8
1,<environment.Job instance at 0x155030a3a500>,0,3,[8 2],1,1,4,0,1
1,<environment.Job instance at 0x155030a3ab90>,5,28,[2 8],9,19,47,10,19
1,<environment.Job instance at 0x155030a3afa0>,4,3,[1 8],6,177,180,171,177
1,<environment.Job instance at 0x15502ebe82d0>,3,1,[2 5],4,728,729,724,728
1,<environment.Job instance at 0x155030054cd0>,1,15,[10  1],2,5,20,3,5
1,<environment.Job instance at 0x15502b99c960>,4,3,[8 1],6,20,23,14,20
1,<environment.Job instance at 0x15502b99cc80>,3,12,[1 7],5,218,230,213,218
1,<environment.Job instance at 0x15502c68beb0>,0,1,[9 2],1,1,2,0,1
1,<environment.Job instance at 0x15502c68b280>,3,3,[ 2 10],5,133,136,128,133
1,<environment.Job instance at 0x15502b8f6190>,4,1,[6 1],6,6,7,0,6
1,<environment.Job instance at 0x15502b302fa0>,2,15,[5 1],4,7,22,3,6
1,<environment.Job instance at 0x15502b8f6c80>,6,16,[2 9],8,8,24,0,8
1,<environment.Job instance at 0x15502b8f68c0>,7,3,[2 6],9,24,27,15,9
1,<environment.Job instance at 0x15502e65b280>,2,13,[2 6],3,4,17,1,4
1,<environment.Job instance at 0x155030107b90>,1,2,[6 2],3,3,5,0,3
1,<environment.Job instance at 0x15502ea73820>,3,2,[9 1],6,6,8,0,6
1,<environment.Job instance at 0x15502ea73f00>,5,3,[10  2],8,9,12,1,9
1,<environment.Job instance at 0x15502c63b190>,0,1,[6 1],1,1,2,0,1
1,<environment.Job instance at 0x15502c63b460>,1,3,[10  1],2,2,5,0,2
1,<environment.Job instance at 0x155035e34780>,0,2,[7 2],1,1,3,0,1
1,<environment.Job instance at 0x15502eabc910>,2,2,[10  1],3,3,5,0,3
1,<environment.Job instance at 0x15502eabc5f0>,3,28,[9 2],4,5,33,1,4
1,<environment.Job instance at 0x15502eabcd70>,4,2,[2 8],5,33,35,28,7
1,<environment.Job instance at 0x155035e34af0>,5,2,[5 2],7,33,35,26,7
1,<environment.Job instance at 0x15502b42f050>,1,3,[10  2],4,5,8,1,5
1,<environment.Job instance at 0x1550612a85f0>,3,21,[8 2],7,20,41,13,20
1,<environment.Job instance at 0x15502bca25a0>,0,2,[7 2],1,1,3,0,1
1,<environment.Job instance at 0x155036983b40>,0,27,[ 1 10],1,1,28,0,1
1,<environment.Job instance at 0x15502c5c4c30>,2,2,[5 1],4,4,6,0,4
1,<environment.Job instance at 0x15502e8029b0>,5,2,[8 1],8,28,30,20,28
1,<environment.Job instance at 0x15502ece4f50>,1,3,[9 1],2,2,5,0,2
1,<environment.Job instance at 0x15502bd79b90>,3,3,[10  1],6,6,9,0,6
1,<environment.Job instance at 0x15502bd79a50>,4,25,[1 7],7,10,35,3,10
1,<environment.Job instance at 0x15502bce06e0>,1,2,[6 2],2,2,4,0,2
1,<environment.Job instance at 0x15502bce01e0>,2,2,[1 7],4,4,6,0,4
1,<environment.Job instance at 0x155035f04370>,3,2,[2 6],5,6,8,1,5
1,<environment.Job instance at 0x155035f04fa0>,4,3,[6 1],7,7,10,0,7
1,<environment.Job instance at 0x155035f04550>,5,16,[ 2 10],8,10,26,2,8
1,<environment.Job instance at 0x15502b5357d0>,4,15,[ 2 10],6,123,138,117,123
1,<environment.Job instance at 0x15502b76c5f0>,1,2,[5 2],2,2,4,0,2
1,<environment.Job instance at 0x15502b65cc30>,3,2,[1 5],4,5,7,1,5
1,<environment.Job instance at 0x15502b65c820>,5,1,[10  1],6,12,13,6,12
1,<environment.Job instance at 0x15502b7150f0>,1,3,[9 2],5,5,8,0,5
1,<environment.Job instance at 0x15502b5bc6e0>,2,1,[1 7],6,6,7,0,6
1,<environment.Job instance at 0x15502b5bc410>,4,3,[8 2],9,9,12,0,9
1,<environment.Job instance at 0x15502bcfcf00>,1,2,[2 6],3,71,73,68,71
1,<environment.Job instance at 0x15502d153a00>,2,26,[10  1],4,6,32,2,6
1,<environment.Job instance at 0x155035ecd870>,4,3,[7 1],7,32,35,25,7
1,<environment.Job instance at 0x15502c6297d0>,5,3,[1 7],9,32,35,23,9
1,<environment.Job instance at 0x15502d1530a0>,3,1,[7 1],6,35,36,29,29
1,<environment.Job instance at 0x15502e7d15f0>,4,18,[2 8],7,20,38,13,20
1,<environment.Job instance at 0x1550360009b0>,1,12,[1 8],3,3,15,0,3
1,<environment.Job instance at 0x155035f81320>,4,2,[1 6],6,15,17,9,6
1,<environment.Job instance at 0x155035f81410>,6,3,[10  1],9,19,22,10,19
1,<environment.Job instance at 0x155030a1cd20>,0,1,[8 1],1,1,2,0,1
1,<environment.Job instance at 0x155030a1c960>,3,2,[6 1],6,6,8,0,6
1,<environment.Job instance at 0x155030a1c8c0>,5,1,[ 1 10],9,12,13,3,12
1,<environment.Job instance at 0x15502ecba550>,1,1,[8 2],3,3,4,0,3
1,<environment.Job instance at 0x155080136690>,3,1,[10  1],6,6,7,0,6
1,<environment.Job instance at 0x1550801367d0>,4,3,[8 1],7,7,10,0,7
1,<environment.Job instance at 0x1550801364b0>,5,2,[8 1],8,10,12,2,8
1,<environment.Job instance at 0x1550349720f0>,6,1,[5 2],9,12,13,3,9
1,<environment.Job instance at 0x15502b4cb8c0>,0,1,[6 1],1,1,2,0,1
1,<environment.Job instance at 0x15502b4cbb40>,2,3,[6 1],3,3,6,0,3
1,<environment.Job instance at 0x15502b4cbe10>,4,1,[8 2],6,6,7,0,6
1,<environment.Job instance at 0x15502b8cdeb0>,3,1,[2 5],6,6,7,0,6
1,<environment.Job instance at 0x1550612389b0>,4,2,[6 2],7,8,10,1,8
1,<environment.Job instance at 0x155061238f50>,6,3,[7 2],9,10,13,1,9
1,<environment.Job instance at 0x15502b8cd410>,2,24,[5 2],5,13,37,8,11
1,<environment.Job instance at 0x1550600f9410>,1,1,[1 5],4,5,6,1,5
1,<environment.Job instance at 0x15502b7613c0>,3,14,[2 8],6,6,20,0,6
1,<environment.Job instance at 0x15502b761910>,5,16,[2 7],8,20,36,12,15
1,<environment.Job instance at 0x15503007ac30>,1,2,[2 7],3,3,5,0,3
1,<environment.Job instance at 0x15503007afa0>,3,1,[1 9],5,15,16,10,15
1,<environment.Job instance at 0x15503007a460>,3,21,[5 1],4,18,39,14,18
1,<environment.Job instance at 0x15502c5b96e0>,1,17,[6 2],3,5,22,2,5
1,<environment.Job instance at 0x15502b5daaf0>,3,2,[1 9],5,22,24,17,5
1,<environment.Job instance at 0x15502b5dac80>,6,14,[1 6],8,8,22,0,8
1,<environment.Job instance at 0x15502b6f7dc0>,4,12,[10  1],7,22,34,15,22
1,<environment.Job instance at 0x15502b6f79b0>,5,3,[1 6],8,415,418,407,415
1,<environment.Job instance at 0x15502b984f50>,3,13,[8 1],6,19,32,13,19
1,<environment.Job instance at 0x15502bf1a280>,1,3,[1 5],3,19,22,16,19
1,<environment.Job instance at 0x155061259910>,0,3,[9 2],1,1,4,0,1
1,<environment.Job instance at 0x15502f3a35f0>,2,2,[6 2],3,4,6,1,4
1,<environment.Job instance at 0x15506126f960>,3,1,[1 5],5,5,6,0,5
1,<environment.Job instance at 0x155061259d20>,5,2,[8 1],7,8,10,1,8
1,<environment.Job instance at 0x15506126fa00>,4,2,[5 2],6,10,12,4,9
1,<environment.Job instance at 0x15506126fc80>,7,17,[ 2 10],9,12,29,3,12
1,<environment.Job instance at 0x15502b7cecd0>,3,2,[1 6],4,117,119,113,117
1,<environment.Job instance at 0x15502b7ce0f0>,4,16,[1 9],5,136,152,131,136
1,<environment.Job instance at 0x15502b7ce500>,2,27,[2 7],6,6,33,0,6
1,<environment.Job instance at 0x15502b7ce3c0>,4,2,[1 6],8,33,35,25,10
1,<environment.Job instance at 0x15502b7dfd20>,5,12,[6 2],9,10,22,1,10
1,<environment.Job instance at 0x15502bb14230>,0,2,[2 5],2,2,4,0,2
1,<environment.Job instance at 0x155061234fa0>,2,2,[1 5],5,10,12,5,10
1,<environment.Job instance at 0x155060036500>,0,2,[6 2],1,1,3,0,1
1,<environment.Job instance at 0x15502e832820>,6,2,[1 8],9,535,537,526,535
1,<environment.Job instance at 0x15502b8f0e10>,3,1,[2 5],5,48,49,43,48
1,<environment.Job instance at 0x15502bb8fa50>,4,17,[ 1 10],7,149,166,142,149
1,<environment.Job instance at 0x15502bb87b40>,4,14,[1 6],5,13,27,8,13
1,<environment.Job instance at 0x15502b8f0f00>,3,3,[2 9],4,33,36,29,33
1,<environment.Job instance at 0x15502e649640>,2,1,[2 8],4,4,5,0,4
1,<environment.Job instance at 0x155060991910>,3,2,[10  1],5,5,7,0,5
1,<environment.Job instance at 0x155060991f00>,4,13,[1 8],6,7,20,1,6
1,<environment.Job instance at 0x15502be42730>,0,2,[7 2],2,2,4,0,2
1,<environment.Job instance at 0x15502ecb9500>,4,2,[9 1],6,6,8,0,6
1,<environment.Job instance at 0x15502ecb9cd0>,5,19,[2 8],7,8,27,1,7
1,<environment.Job instance at 0x15502ecb9320>,6,3,[2 7],8,27,30,19,8
1,<environment.Job instance at 0x15502c5dc050>,0,1,[5 2],1,1,2,0,1
1,<environment.Job instance at 0x15502c5dc870>,1,1,[9 1],2,2,3,0,2
1,<environment.Job instance at 0x15502c5dcd70>,4,18,[1 7],6,6,24,0,6
1,<environment.Job instance at 0x155035f8aaa0>,1,1,[10  1],4,4,5,0,4
1,<environment.Job instance at 0x15502fcd72d0>,1,2,[5 1],3,3,5,0,3
1,<environment.Job instance at 0x155080145050>,3,13,[2 8],7,7,20,0,7
1,<environment.Job instance at 0x15502b52c820>,3,2,[9 1],5,5,7,0,5
1,<environment.Job instance at 0x15502b52c3c0>,1,20,[1 7],2,4,24,2,4
1,<environment.Job instance at 0x15506129eeb0>,3,3,[5 2],5,6,9,1,6
1,<environment.Job instance at 0x15502ec680a0>,3,13,[8 1],8,10,23,2,10
1,<environment.Job instance at 0x15502ec68af0>,1,1,[6 2],2,2,3,0,2
1,<environment.Job instance at 0x15502b9e0d70>,2,1,[6 1],3,3,4,0,3
1,<environment.Job instance at 0x15502ec68aa0>,3,1,[8 1],4,4,5,0,4
1,<environment.Job instance at 0x15502f3a53c0>,4,1,[5 1],7,7,8,0,7
1,<environment.Job instance at 0x15502b748c80>,1,3,[6 2],4,4,7,0,4
1,<environment.Job instance at 0x15502b748d70>,2,2,[9 2],6,7,9,1,6
1,<environment.Job instance at 0x15502b748cd0>,3,1,[7 2],8,9,10,1,8
1,<environment.Job instance at 0x15502eab3140>,1,13,[7 2],4,12,25,8,12
1,<environment.Job instance at 0x15503331cfa0>,6,2,[1 8],9,11,13,2,11
1,<environment.Job instance at 0x15503331c0a0>,4,3,[1 5],6,28,31,22,28
1,<environment.Job instance at 0x15502b87caf0>,2,26,[1 5],5,35,61,30,35
1,<environment.Job instance at 0x15502b984730>,2,1,[9 1],3,4,5,1,4
1,<environment.Job instance at 0x15502eba85a0>,3,23,[1 7],6,12,35,6,12
1,<environment.Job instance at 0x15502eba8c30>,5,3,[6 2],9,271,274,262,271
1,<environment.Job instance at 0x15502ba89d70>,1,2,[8 1],5,105,107,100,105
1,<environment.Job instance at 0x15502fe2d4b0>,0,3,[1 6],1,1,4,0,1
1,<environment.Job instance at 0x15502eba8640>,1,1,[8 1],2,2,3,0,2
1,<environment.Job instance at 0x155035e263c0>,0,3,[10  2],1,1,4,0,1
1,<environment.Job instance at 0x15502bcfba50>,2,23,[2 8],3,4,27,1,3
1,<environment.Job instance at 0x155035e26690>,3,2,[9 1],6,27,29,21,6
1,<environment.Job instance at 0x15502b3fe780>,1,3,[5 2],6,6,9,0,6
1,<environment.Job instance at 0x15502b3fe190>,3,3,[1 5],9,20,23,11,20
1,<environment.Job instance at 0x15502ed8c730>,0,2,[1 7],2,2,4,0,2
1,<environment.Job instance at 0x15502c5dc410>,4,3,[6 1],8,8,11,0,8
1,<environment.Job instance at 0x15502b3d4aa0>,1,1,[8 2],3,3,4,0,3
1,<environment.Job instance at 0x15502bbd30f0>,0,2,[8 2],1,1,3,0,1
1,<environment.Job instance at 0x15502bc33a50>,1,1,[ 2 10],3,8,9,5,8
1,<environment.Job instance at 0x15502be09960>,2,16,[5 1],6,15,31,9,15
1,<environment.Job instance at 0x15502fc1a550>,1,1,[6 2],2,2,3,0,2
1,<environment.Job instance at 0x15502fc1a870>,4,3,[9 2],6,6,9,0,6
1,<environment.Job instance at 0x15502fc1a050>,5,25,[1 7],7,7,32,0,7
1,<environment.Job instance at 0x15502fc1aa00>,7,27,[5 1],9,9,36,0,9
1,<environment.Job instance at 0x15502b423fa0>,1,20,[9 2],3,18,38,15,18
1,<environment.Job instance at 0x155035fe3460>,0,1,[1 5],1,2,3,1,2
1,<environment.Job instance at 0x155035fe34b0>,2,22,[2 6],4,4,26,0,4
1,<environment.Job instance at 0x155035fe3910>,3,1,[ 1 10],6,26,27,20,6
1,<environment.Job instance at 0x15502ebd4a50>,5,14,[7 2],8,35,49,27,35
1,<environment.Job instance at 0x155061238820>,1,3,[8 1],2,2,5,0,2
1,<environment.Job instance at 0x1550300e5280>,2,2,[8 1],3,5,7,2,3
1,<environment.Job instance at 0x155061238af0>,4,3,[1 9],7,7,10,0,7
1,<environment.Job instance at 0x1550300e5640>,5,1,[9 1],8,8,9,0,8
1,<environment.Job instance at 0x1550300e5a00>,6,3,[1 7],9,10,13,1,9
1,<environment.Job instance at 0x15502be1caf0>,1,3,[5 1],3,3,6,0,3
1,<environment.Job instance at 0x15502be1c1e0>,2,3,[9 2],4,6,9,2,4
1,<environment.Job instance at 0x15502be1c690>,4,24,[ 1 10],6,9,33,3,6
1,<environment.Job instance at 0x15502b17a1e0>,7,1,[6 2],9,190,191,181,190
1,<environment.Job instance at 0x15502be02550>,0,1,[1 5],2,4,5,2,4
1,<environment.Job instance at 0x15502b0d0d70>,3,21,[6 2],7,7,28,0,7
1,<environment.Job instance at 0x15502b0d0780>,4,16,[6 1],9,28,44,19,15
1,<environment.Job instance at 0x15502baaf870>,1,1,[1 6],2,2,3,0,2
1,<environment.Job instance at 0x15502baaf190>,2,1,[ 1 10],7,7,8,0,7
1,<environment.Job instance at 0x15502baaf1e0>,4,3,[7 1],9,9,12,0,9
1,<environment.Job instance at 0x15502ba14190>,1,3,[2 9],2,2,5,0,2
1,<environment.Job instance at 0x15502c5a4e10>,1,14,[2 9],3,3,17,0,3
1,<environment.Job instance at 0x15502b423a50>,0,23,[ 1 10],1,1,24,0,1
1,<environment.Job instance at 0x15502d147280>,3,3,[1 6],6,24,27,18,6
1,<environment.Job instance at 0x15502d147b40>,5,23,[ 1 10],8,27,50,19,22
1,<environment.Job instance at 0x15502fc880f0>,1,3,[2 9],6,6,9,0,6
1,<environment.Job instance at 0x15502fc88460>,2,1,[8 2],8,9,10,1,8
1,<environment.Job instance at 0x15502e781f00>,1,3,[7 2],5,5,8,0,5
1,<environment.Job instance at 0x15502e7810a0>,2,3,[9 2],7,8,11,1,7
1,<environment.Job instance at 0x15503603edc0>,2,22,[1 6],3,6,28,3,6
1,<environment.Job instance at 0x15503603ef50>,1,3,[9 2],2,2,5,0,2
1,<environment.Job instance at 0x15502b600cd0>,4,16,[ 2 10],9,70,86,61,70
1,<environment.Job instance at 0x15503603e8c0>,2,12,[8 1],3,89,101,86,89
1,<environment.Job instance at 0x1550300baa50>,0,2,[2 6],1,1,3,0,1
1,<environment.Job instance at 0x15502b600730>,2,23,[2 9],5,6,29,1,6
1,<environment.Job instance at 0x15502b120460>,4,2,[1 8],7,34,36,27,34
1,<environment.Job instance at 0x15502fd96b90>,1,2,[7 2],3,3,5,0,3
1,<environment.Job instance at 0x15502fd96a00>,3,2,[1 7],5,113,115,108,113
1,<environment.Job instance at 0x15502be261e0>,5,13,[6 2],7,10,23,3,10
1,<environment.Job instance at 0x15502b3b53c0>,0,1,[1 5],1,32,33,31,32
1,<environment.Job instance at 0x15502b424d70>,1,2,[9 1],2,31,33,29,31
1,<environment.Job instance at 0x15502b4240a0>,3,3,[8 2],5,202,205,197,202
1,<environment.Job instance at 0x1550300eccd0>,2,16,[2 9],5,7,23,2,7
1,<environment.Job instance at 0x15502fc19910>,0,3,[6 1],3,3,6,0,3
1,<environment.Job instance at 0x15502b878780>,3,16,[8 1],8,109,125,101,109
1,<environment.Job instance at 0x15502bb0deb0>,2,21,[2 6],6,10,31,4,10
1,<environment.Job instance at 0x155080136500>,1,1,[2 5],2,3,4,1,3
1,<environment.Job instance at 0x1550368c97d0>,2,2,[5 1],3,3,5,0,3
1,<environment.Job instance at 0x15502fca85a0>,4,1,[9 1],5,5,6,0,5
1,<environment.Job instance at 0x15502fca86e0>,5,12,[1 7],7,7,19,0,7
1,<environment.Job instance at 0x15502fca8460>,6,1,[7 1],8,8,9,0,8
1,<environment.Job instance at 0x15502b82ce60>,0,2,[2 7],1,1,3,0,1
1,<environment.Job instance at 0x155036942c30>,3,3,[8 2],6,6,9,0,6
1,<environment.Job instance at 0x155036942960>,4,2,[8 1],8,9,11,1,8
1,<environment.Job instance at 0x155060a0dbe0>,0,1,[8 1],4,4,5,0,4
1,<environment.Job instance at 0x1550300f8780>,2,12,[ 1 10],6,25,37,19,25
1,<environment.Job instance at 0x15502bc19690>,0,3,[7 1],1,1,4,0,1
1,<environment.Job instance at 0x15502bf48550>,2,16,[1 9],4,4,20,0,4
1,<environment.Job instance at 0x15502bf48d70>,5,15,[2 7],7,20,35,13,13
1,<environment.Job instance at 0x15502bf48870>,6,17,[1 8],9,296,313,287,296
1,<environment.Job instance at 0x15502bf48870>,1,1,[7 2],3,3,4,0,3
1,<environment.Job instance at 0x155035f01a50>,3,1,[2 9],5,6,7,1,6
1,<environment.Job instance at 0x15502b00fa00>,0,1,[1 6],3,3,4,0,3
1,<environment.Job instance at 0x15502b508c80>,2,2,[6 2],6,6,8,0,6
1,<environment.Job instance at 0x15502b5086e0>,4,26,[ 2 10],8,15,41,7,15
1,<environment.Job instance at 0x15502b508b90>,0,1,[9 2],4,4,5,0,4
1,<environment.Job instance at 0x15502b508410>,1,1,[2 9],5,6,7,1,6
1,<environment.Job instance at 0x15502b508dc0>,2,18,[2 7],6,9,27,3,9
1,<environment.Job instance at 0x15502eab4b90>,0,3,[6 2],2,2,5,0,2
1,<environment.Job instance at 0x15502eab4550>,5,3,[7 1],7,8,11,1,8
1,<environment.Job instance at 0x15502eab40f0>,6,1,[6 1],9,11,12,2,9
1,<environment.Job instance at 0x155035fd7be0>,6,12,[7 2],9,17,29,8,17
1,<environment.Job instance at 0x15502bbc67d0>,1,1,[1 9],2,2,3,0,2
1,<environment.Job instance at 0x155030104320>,3,2,[6 2],4,4,6,0,4
1,<environment.Job instance at 0x155030104550>,4,2,[1 8],5,5,7,0,5
1,<environment.Job instance at 0x15502ecdf6e0>,1,14,[9 1],2,2,16,0,2
1,<environment.Job instance at 0x15502b4cbaf0>,0,1,[10  2],1,1,2,0,1
1,<environment.Job instance at 0x15502b4cb460>,4,12,[1 9],7,740,752,733,740
1,<environment.Job instance at 0x15502ebee550>,0,1,[5 1],1,1,2,0,1
1,<environment.Job instance at 0x15502ba64780>,4,16,[6 2],7,79,95,72,79
1,<environment.Job instance at 0x15502bca8640>,2,24,[2 6],7,8,32,1,8
1,<environment.Job instance at 0x15502bbc1aa0>,0,1,[9 1],1,1,2,0,1
1,<environment.Job instance at 0x15502bbc1f00>,1,1,[1 9],2,6,7,4,6
1,<environment.Job instance at 0x1550301a76e0>,3,3,[2 6],4,52,55,48,52
1,<environment.Job instance at 0x15502f3b3640>,2,1,[2 7],3,101,102,98,101
1,<environment.Job instance at 0x155035dde190>,1,16,[8 1],2,10,26,8,10
1,<environment.Job instance at 0x155035ddeeb0>,7,1,[2 5],9,14,15,5,14
1,<environment.Job instance at 0x15502b90aaa0>,0,2,[6 2],1,1,3,0,1
1,<environment.Job instance at 0x15502b46d550>,4,28,[2 9],5,11,39,6,11
1,<environment.Job instance at 0x15502b359c30>,0,3,[6 2],1,1,4,0,1
1,<environment.Job instance at 0x15502b1b55a0>,2,3,[1 7],4,15,18,11,15
1,<environment.Job instance at 0x15502ead53c0>,4,3,[9 2],8,326,329,318,326
1,<environment.Job instance at 0x155035e7ad70>,1,3,[7 1],3,4,7,1,4
1,<environment.Job instance at 0x155035ff3690>,2,3,[1 5],4,9,12,5,9
1,<environment.Job instance at 0x15502bd79230>,0,1,[10  2],1,1,2,0,1
1,<environment.Job instance at 0x15502bd798c0>,2,3,[6 1],3,4,7,1,4
1,<environment.Job instance at 0x15502bd79550>,3,13,[2 5],5,5,18,0,5
1,<environment.Job instance at 0x15502bd605a0>,6,13,[ 2 10],8,18,31,10,8
1,<environment.Job instance at 0x15502bd60550>,7,1,[2 7],9,31,32,22,9
1,<environment.Job instance at 0x15502b08b960>,1,12,[2 7],3,25,37,22,25
1,<environment.Job instance at 0x15506008cc30>,3,14,[7 1],5,482,496,477,482
1,<environment.Job instance at 0x15502fe22410>,2,1,[10  2],5,5,6,0,5
1,<environment.Job instance at 0x15508013ab40>,4,2,[5 2],8,9,11,1,9
1,<environment.Job instance at 0x1550301ba460>,1,2,[1 6],4,4,6,0,4
1,<environment.Job instance at 0x155035ead7d0>,3,3,[1 5],6,6,9,0,6
1,<environment.Job instance at 0x15503012d370>,2,2,[2 5],4,5,7,1,5
1,<environment.Job instance at 0x15506010c730>,4,15,[6 2],8,78,93,70,78
1,<environment.Job instance at 0x15502b888f50>,0,2,[8 1],2,2,4,0,2
1,<environment.Job instance at 0x15502b7c8e10>,3,1,[10  2],9,9,10,0,9
1,<environment.Job instance at 0x15502b7c83c0>,2,13,[5 2],5,13,26,8,13
1,<environment.Job instance at 0x155060031690>,1,16,[ 1 10],4,4,20,0,4
1,<environment.Job instance at 0x155060031230>,3,2,[7 2],6,20,22,14,9
1,<environment.Job instance at 0x15506008cbe0>,5,3,[5 1],9,11,14,2,11
1,<environment.Job instance at 0x1550300cfb40>,0,1,[8 1],2,2,3,0,2
1,<environment.Job instance at 0x15506008cbe0>,1,1,[8 1],6,6,7,0,6
1,<environment.Job instance at 0x1550600a30a0>,2,2,[9 1],8,8,10,0,8
1,<environment.Job instance at 0x1550600a31e0>,3,1,[1 6],9,9,10,0,9
1,<environment.Job instance at 0x155030a3cd70>,0,3,[6 1],1,1,4,0,1
1,<environment.Job instance at 0x15502b197e60>,0,1,[2 8],1,1,2,0,1
1,<environment.Job instance at 0x15502e6025a0>,3,18,[1 6],4,4,22,0,4
1,<environment.Job instance at 0x15502e602460>,4,3,[9 1],5,5,8,0,5
1,<environment.Job instance at 0x15502e602b40>,7,1,[7 1],8,8,9,0,8
1,<environment.Job instance at 0x15502e602140>,5,3,[9 1],6,19,22,13,19
1,<environment.Job instance at 0x15502fcee5a0>,3,18,[ 2 10],8,9,27,1,9
1,<environment.Job instance at 0x15502fceec30>,2,1,[7 1],5,27,28,22,9
1,<environment.Job instance at 0x15502b9d8e10>,2,22,[1 7],4,4,26,0,4
1,<environment.Job instance at 0x15502b9d8320>,3,3,[6 2],8,8,11,0,8
1,<environment.Job instance at 0x15502c659370>,0,2,[9 1],1,1,3,0,1
1,<environment.Job instance at 0x155035ee50a0>,1,1,[5 1],3,3,4,0,3
1,<environment.Job instance at 0x155036958eb0>,4,16,[10  1],6,36,52,30,36
1,<environment.Job instance at 0x15502b725a00>,0,2,[1 9],1,1,3,0,1
1,<environment.Job instance at 0x15502c5b9370>,0,2,[1 6],2,2,4,0,2
1,<environment.Job instance at 0x15502b4b8910>,3,13,[6 1],7,12,25,5,12
1,<environment.Job instance at 0x15502b4b82d0>,5,13,[5 2],9,720,733,711,720
1,<environment.Job instance at 0x15502bae2370>,0,1,[2 6],1,1,2,0,1
1,<environment.Job instance at 0x15502b4b82d0>,2,1,[2 5],3,3,4,0,3
1,<environment.Job instance at 0x15502bae2550>,3,17,[1 8],5,5,22,0,5
1,<environment.Job instance at 0x15502bd675f0>,6,1,[ 2 10],9,22,23,13,10
1,<environment.Job instance at 0x155061316a00>,1,2,[1 7],2,2,4,0,2
1,<environment.Job instance at 0x155061316550>,2,2,[9 2],4,4,6,0,4
1,<environment.Job instance at 0x15502eac7f50>,3,2,[5 1],5,6,8,1,5
1,<environment.Job instance at 0x15502b606be0>,2,28,[1 7],3,4,32,1,4
1,<environment.Job instance at 0x15502bbb6dc0>,7,13,[6 1],9,26,39,17,26
1,<environment.Job instance at 0x15502c6553c0>,1,1,[ 2 10],2,2,3,0,2
1,<environment.Job instance at 0x15502b9c3af0>,1,1,[7 2],3,3,4,0,3
1,<environment.Job instance at 0x15502b9c3780>,2,26,[2 8],4,5,31,1,5
1,<environment.Job instance at 0x15502b748e60>,4,2,[9 1],6,31,33,25,6
1,<environment.Job instance at 0x15502b9c3c80>,3,2,[7 1],5,7,9,2,7
1,<environment.Job instance at 0x15502c5dcd20>,0,1,[5 2],1,1,2,0,1
1,<environment.Job instance at 0x15502b40cdc0>,2,23,[1 5],3,3,26,0,3
1,<environment.Job instance at 0x15502b0f02d0>,1,19,[1 7],2,2,21,0,2
1,<environment.Job instance at 0x15502ece5a50>,2,3,[ 2 10],8,8,11,0,8
1,<environment.Job instance at 0x15502c8e3320>,1,2,[2 9],4,30,32,26,30
1,<environment.Job instance at 0x15502c661280>,0,2,[7 1],1,1,3,0,1
1,<environment.Job instance at 0x15502c661eb0>,2,1,[8 1],3,3,4,0,3
1,<environment.Job instance at 0x15502c6614b0>,3,1,[ 2 10],4,4,5,0,4
1,<environment.Job instance at 0x15502c5b6730>,4,3,[5 2],5,5,8,0,5
1,<environment.Job instance at 0x15502c5b6cd0>,5,1,[7 2],6,8,9,2,6
1,<environment.Job instance at 0x1550368cf050>,0,1,[2 5],2,2,3,0,2
1,<environment.Job instance at 0x15502e69faa0>,4,1,[1 8],8,8,9,0,8
1,<environment.Job instance at 0x15502e69f190>,5,2,[8 2],9,11,13,2,11
1,<environment.Job instance at 0x15502e69f960>,2,25,[8 1],6,19,44,13,19
1,<environment.Job instance at 0x15502e6935f0>,0,1,[1 5],1,1,2,0,1
1,<environment.Job instance at 0x15502e693410>,1,2,[1 6],2,2,4,0,2
1,<environment.Job instance at 0x155035dced20>,7,20,[2 9],9,9,29,0,9
1,<environment.Job instance at 0x15502b5dabe0>,5,16,[7 2],7,29,45,22,20
1,<environment.Job instance at 0x15502b38a820>,0,1,[2 6],1,2,3,1,2
1,<environment.Job instance at 0x15502b38aeb0>,2,2,[2 5],5,5,7,0,5
1,<environment.Job instance at 0x155035dcee60>,3,20,[2 9],7,7,27,0,7
1,<environment.Job instance at 0x15502e68d910>,5,13,[7 1],9,31,44,22,31
1,<environment.Job instance at 0x15502e68d280>,1,1,[8 2],4,4,5,0,4
1,<environment.Job instance at 0x1550301213c0>,2,2,[8 1],6,6,8,0,6
1,<environment.Job instance at 0x155030121f50>,3,1,[1 5],7,8,9,1,8
1,<environment.Job instance at 0x15502e6b2cd0>,5,2,[5 1],9,10,12,1,10
1,<environment.Job instance at 0x15502e6b2870>,4,3,[9 1],8,15,18,7,15
1,<environment.Job instance at 0x15502e6b2870>,2,16,[ 1 10],3,3,19,0,3
1,<environment.Job instance at 0x15503602ba50>,2,1,[9 1],4,4,5,0,4
1,<environment.Job instance at 0x155035e63c80>,1,2,[9 1],2,5,7,3,5
1,<environment.Job instance at 0x15502c8fc190>,4,2,[7 1],7,108,110,101,108
1,<environment.Job instance at 0x155035fa8320>,0,3,[8 2],1,1,4,0,1
1,<environment.Job instance at 0x15502c8fcdc0>,2,3,[7 1],4,6,9,2,6
1,<environment.Job instance at 0x15502c6668c0>,4,16,[1 8],7,10,26,3,10
1,<environment.Job instance at 0x15502b2c8870>,2,17,[1 8],3,5,22,2,5
1,<environment.Job instance at 0x15502eb647d0>,4,16,[8 1],6,29,45,23,29
1,<environment.Job instance at 0x15503698a960>,5,3,[2 7],7,401,404,394,401
1,<environment.Job instance at 0x15502c6131e0>,3,2,[2 5],5,5,7,0,5
1,<environment.Job instance at 0x15502eb64cd0>,4,2,[5 2],6,6,8,0,6
1,<environment.Job instance at 0x15502c613cd0>,6,15,[10  2],8,14,29,6,14
1,<environment.Job instance at 0x15503009a3c0>,1,14,[5 1],4,36,50,32,36
1,<environment.Job instance at 0x15502c636c80>,3,1,[ 1 10],7,148,149,141,148
1,<environment.Job instance at 0x15502e652730>,3,14,[1 7],5,5,19,0,5
1,<environment.Job instance at 0x15502e652f00>,4,2,[6 2],7,7,9,0,7
1,<environment.Job instance at 0x155036958dc0>,5,18,[ 1 10],8,19,37,11,8
1,<environment.Job instance at 0x15502e6bb640>,0,3,[9 1],2,2,5,0,2
1,<environment.Job instance at 0x15502b9e3e60>,0,1,[2 7],1,1,2,0,1
1,<environment.Job instance at 0x15502b9e3460>,1,2,[ 2 10],4,4,6,0,4
1,<environment.Job instance at 0x15502b4ff550>,2,2,[8 1],5,6,8,1,5
1,<environment.Job instance at 0x1550301787d0>,0,3,[7 2],2,2,5,0,2
1,<environment.Job instance at 0x15502beb2410>,3,1,[10  1],9,9,10,0,9
1,<environment.Job instance at 0x15502d135aa0>,4,3,[1 7],8,27,30,19,27
1,<environment.Job instance at 0x15502e68d1e0>,2,20,[1 9],5,7,27,2,7
1,<environment.Job instance at 0x15502c65b140>,2,15,[5 1],4,46,61,42,46
1,<environment.Job instance at 0x15502c65bd20>,3,3,[5 2],5,125,128,120,125
1,<environment.Job instance at 0x15502b08b280>,1,1,[1 5],4,56,57,52,56
1,<environment.Job instance at 0x15502b9004b0>,2,1,[1 7],5,59,60,54,59
1,<environment.Job instance at 0x15502e82e320>,0,2,[9 1],1,1,3,0,1
1,<environment.Job instance at 0x15502e82e190>,1,3,[7 1],3,3,6,0,3
1,<environment.Job instance at 0x155035ed7c30>,0,2,[1 8],1,1,3,0,1
1,<environment.Job instance at 0x1550369160f0>,1,2,[7 2],2,2,4,0,2
1,<environment.Job instance at 0x155036916a00>,3,16,[7 2],5,15,31,10,15
1,<environment.Job instance at 0x155036916550>,2,22,[1 5],4,5,27,1,5
1,<environment.Job instance at 0x15502fc1f410>,3,12,[ 2 10],5,60,72,55,60
1,<environment.Job instance at 0x15502fc1f050>,1,2,[1 5],7,7,9,0,7
1,<environment.Job instance at 0x15502be32c30>,1,1,[2 9],3,12,13,9,12
1,<environment.Job instance at 0x15502bc15eb0>,1,18,[1 9],2,2,20,0,2
1,<environment.Job instance at 0x15502bb9e5f0>,3,18,[5 1],6,6,24,0,6
1,<environment.Job instance at 0x15502c658fa0>,5,2,[10  2],9,33,35,24,33
1,<environment.Job instance at 0x15502bc69460>,1,3,[1 9],3,3,6,0,3
1,<environment.Job instance at 0x15502b8a89b0>,2,3,[8 2],4,6,9,2,4
1,<environment.Job instance at 0x15502b194c80>,1,28,[ 1 10],4,19,47,15,19
1,<environment.Job instance at 0x15502b194140>,1,2,[10  1],2,2,4,0,2
1,<environment.Job instance at 0x15502b1949b0>,2,1,[8 2],3,4,5,1,3
1,<environment.Job instance at 0x155060046640>,4,1,[2 8],9,9,10,0,9
1,<environment.Job instance at 0x15502b3e75a0>,1,1,[2 8],3,3,4,0,3
1,<environment.Job instance at 0x155035f8e3c0>,2,1,[2 7],5,5,6,0,5
1,<environment.Job instance at 0x155035f8e0a0>,3,1,[6 1],7,7,8,0,7
1,<environment.Job instance at 0x155035f8e640>,4,15,[2 6],9,9,24,0,9
1,<environment.Job instance at 0x15502db8e320>,1,2,[1 5],3,3,5,0,3
1,<environment.Job instance at 0x15502db8e640>,2,1,[2 8],4,5,6,1,4
1,<environment.Job instance at 0x15502e5f3140>,5,3,[2 9],8,8,11,0,8
1,<environment.Job instance at 0x15502b9a3d20>,1,17,[6 1],2,2,19,0,2
1,<environment.Job instance at 0x1550349591e0>,4,3,[6 1],5,68,71,63,68
1,<environment.Job instance at 0x15503330ed20>,2,16,[1 8],4,4,20,0,4
1,<environment.Job instance at 0x15503330eaa0>,4,2,[6 1],7,22,24,15,22
1,<environment.Job instance at 0x15503330eeb0>,6,14,[1 9],9,25,39,16,25
1,<environment.Job instance at 0x15502bf753c0>,3,2,[1 6],6,204,206,198,204
1,<environment.Job instance at 0x15502bb20280>,1,2,[6 1],3,29,31,26,29
1,<environment.Job instance at 0x15502b1a3690>,4,12,[ 1 10],6,350,362,344,350
1,<environment.Job instance at 0x15502b1a3640>,2,1,[2 7],4,16,17,12,16
1,<environment.Job instance at 0x15506009c320>,0,2,[6 2],1,1,3,0,1
1,<environment.Job instance at 0x15502b81d780>,2,2,[1 7],4,4,6,0,4
1,<environment.Job instance at 0x155036868050>,4,27,[6 2],9,47,74,38,47
1,<environment.Job instance at 0x15502fe2dbe0>,0,2,[1 6],1,1,3,0,1
1,<environment.Job instance at 0x15502fe2de10>,2,3,[2 6],5,7,10,2,7
1,<environment.Job instance at 0x15502b81d320>,3,1,[1 5],7,26,27,19,26
1,<environment.Job instance at 0x15502ea78be0>,1,1,[1 5],2,2,3,0,2
1,<environment.Job instance at 0x1550609f4410>,3,1,[8 1],6,8,9,2,8
1,<environment.Job instance at 0x15502bf749b0>,0,2,[9 2],1,1,3,0,1
1,<environment.Job instance at 0x15506010ccd0>,0,3,[10  2],1,1,4,0,1
1,<environment.Job instance at 0x15502fcc5b90>,4,3,[8 1],6,169,172,163,169
1,<environment.Job instance at 0x15502b0595f0>,1,17,[7 1],2,2,19,0,2
1,<environment.Job instance at 0x15502e7cb9b0>,2,15,[ 1 10],6,19,34,13,6
1,<environment.Job instance at 0x15502fcb0c30>,4,3,[6 2],9,52,55,43,52
1,<environment.Job instance at 0x1550369c2a00>,3,3,[7 1],7,265,268,258,265
1,<environment.Job instance at 0x1550369c2a00>,1,16,[1 5],4,4,20,0,4
1,<environment.Job instance at 0x15502b3eb3c0>,4,14,[1 7],8,30,44,22,30
1,<environment.Job instance at 0x155035f6b5f0>,2,1,[8 1],3,3,4,0,3
1,<environment.Job instance at 0x15502b3eb320>,1,2,[2 7],2,3,5,1,3
1,<environment.Job instance at 0x15502e797be0>,5,1,[10  1],6,9,10,3,9
1,<environment.Job instance at 0x15502b825320>,0,1,[2 5],3,3,4,0,3
1,<environment.Job instance at 0x155036971dc0>,4,2,[1 7],7,15,17,8,15
1,<environment.Job instance at 0x155036971550>,2,3,[7 2],3,42,45,39,42
1,<environment.Job instance at 0x15502b9cbaf0>,0,1,[5 2],1,1,2,0,1
1,<environment.Job instance at 0x15502b9ce820>,2,1,[5 2],4,4,5,0,4
1,<environment.Job instance at 0x15502b9ce8c0>,3,13,[1 7],5,6,19,1,6
1,<environment.Job instance at 0x15502b9cb7d0>,1,2,[6 1],2,3,5,1,3
1,<environment.Job instance at 0x15502b367dc0>,2,19,[1 7],3,3,22,0,3
1,<environment.Job instance at 0x15506009f730>,4,14,[9 1],5,5,19,0,5
1,<environment.Job instance at 0x15506009fb90>,6,15,[2 9],7,61,76,54,61
1,<environment.Job instance at 0x15502ba80730>,7,2,[5 1],8,157,159,149,157
1,<environment.Job instance at 0x15502ba480a0>,3,16,[2 7],7,426,442,419,426
1,<environment.Job instance at 0x15502e69ac80>,2,27,[1 8],3,48,75,45,48
1,<environment.Job instance at 0x15502bd6e780>,1,1,[1 7],2,76,77,74,76
1,<environment.Job instance at 0x15502b5c1820>,0,2,[2 5],1,1,3,0,1
1,<environment.Job instance at 0x155030048eb0>,0,3,[10  1],1,1,4,0,1
1,<environment.Job instance at 0x15502b3bc0a0>,1,2,[2 6],4,4,6,0,4
1,<environment.Job instance at 0x155031a8d820>,2,2,[5 1],5,5,7,0,5
1,<environment.Job instance at 0x155031a8d7d0>,4,3,[9 2],8,8,11,0,8
1,<environment.Job instance at 0x15502b42f640>,1,3,[1 9],2,2,5,0,2
1,<environment.Job instance at 0x15502b890dc0>,2,1,[7 1],3,3,4,0,3
1,<environment.Job instance at 0x15502b890d70>,5,2,[10  1],7,7,9,0,7
1,<environment.Job instance at 0x15502b890820>,2,1,[5 1],4,8,9,4,8
1,<environment.Job instance at 0x15502b972f50>,0,2,[2 8],1,1,3,0,1
1,<environment.Job instance at 0x15502b972230>,3,18,[ 1 10],5,5,23,0,5
1,<environment.Job instance at 0x15506194b6e0>,5,12,[2 7],8,23,35,15,23
1,<environment.Job instance at 0x15502ea5bb40>,6,2,[9 1],9,1243,1245,1234,1243
1,<environment.Job instance at 0x15502ea5bb40>,1,22,[6 2],2,2,24,0,2
1,<environment.Job instance at 0x15502ea5b690>,2,14,[ 2 10],4,24,38,20,9
1,<environment.Job instance at 0x1550801b7b90>,3,12,[1 6],5,41,53,36,41
1,<environment.Job instance at 0x1550801b7320>,5,1,[8 1],8,82,83,74,82
1,<environment.Job instance at 0x15502b1b7f00>,1,1,[6 2],2,2,3,0,2
1,<environment.Job instance at 0x15502fdc15a0>,3,1,[7 1],4,4,5,0,4
1,<environment.Job instance at 0x15502b1b7550>,5,21,[2 9],6,6,27,0,6
1,<environment.Job instance at 0x15502fdc1640>,6,2,[8 1],8,13,15,5,13
1,<environment.Job instance at 0x15502b5ca4b0>,2,15,[2 8],4,4,19,0,4
1,<environment.Job instance at 0x155030113960>,4,2,[1 9],7,36,38,29,36
1,<environment.Job instance at 0x155035e116e0>,3,26,[ 1 10],5,38,64,33,37
1,<environment.Job instance at 0x15502eb7a6e0>,3,3,[2 6],7,7,10,0,7
1,<environment.Job instance at 0x15502e7696e0>,4,1,[10  1],8,10,11,2,8
1,<environment.Job instance at 0x15502b2ce2d0>,1,3,[5 1],3,3,6,0,3
1,<environment.Job instance at 0x15502b2ce230>,2,27,[1 6],4,4,31,0,4
1,<environment.Job instance at 0x15502eac0230>,3,2,[6 2],5,5,7,0,5
1,<environment.Job instance at 0x15502eac0280>,4,16,[2 5],7,7,23,0,7
1,<environment.Job instance at 0x15502eac0c30>,5,26,[ 2 10],8,23,49,15,21
1,<environment.Job instance at 0x15502eac0e60>,2,18,[2 6],4,49,67,45,47
1,<environment.Job instance at 0x15502eac0960>,6,1,[2 6],9,67,68,58,67
1,<environment.Job instance at 0x155035e7a730>,1,1,[1 8],2,3,4,1,3
1,<environment.Job instance at 0x155035e7a280>,3,24,[2 7],5,5,29,0,5
1,<environment.Job instance at 0x15502e7d6500>,6,16,[7 1],9,75,91,66,75
1,<environment.Job instance at 0x155035ee8b90>,4,2,[6 1],8,22,24,14,22
1,<environment.Job instance at 0x15502b33bf50>,1,2,[9 2],3,3,5,0,3
1,<environment.Job instance at 0x15502b73deb0>,2,18,[1 8],4,4,22,0,4
1,<environment.Job instance at 0x15502b73d870>,3,2,[ 2 10],5,22,24,17,5
1,<environment.Job instance at 0x15502b209eb0>,3,3,[1 9],5,6,9,1,6
1,<environment.Job instance at 0x15502e7942d0>,2,15,[1 7],4,9,24,5,7
1,<environment.Job instance at 0x15502e794280>,1,2,[1 7],3,49,51,46,49
1,<environment.Job instance at 0x15502b4fb370>,1,3,[1 5],3,3,6,0,3
1,<environment.Job instance at 0x15502b4fbf00>,3,1,[7 1],7,7,8,0,7
1,<environment.Job instance at 0x155035fd67d0>,4,3,[1 9],8,8,11,0,8
1,<environment.Job instance at 0x155035fd6be0>,0,1,[2 9],2,2,3,0,2
1,<environment.Job instance at 0x15502b6b1640>,3,3,[10  1],6,6,9,0,6
1,<environment.Job instance at 0x15502b1238c0>,2,2,[1 9],5,9,11,4,6
1,<environment.Job instance at 0x15502e63cc80>,4,1,[7 2],8,11,12,3,8
1,<environment.Job instance at 0x15502e63ce10>,5,2,[6 1],9,9,11,0,9
1,<environment.Job instance at 0x155031aac870>,1,3,[8 1],2,2,5,0,2
1,<environment.Job instance at 0x15502e63c1e0>,2,15,[1 7],3,3,18,0,3
1,<environment.Job instance at 0x1550369710f0>,1,1,[7 1],3,3,4,0,3
1,<environment.Job instance at 0x15502b3e3f00>,2,3,[2 7],4,4,7,0,4
1,<environment.Job instance at 0x15502b3e3140>,3,3,[1 5],5,7,10,2,5
1,<environment.Job instance at 0x15502b3e3230>,4,14,[2 9],6,10,24,4,6
1,<environment.Job instance at 0x15502b3e3320>,6,3,[5 1],8,8,11,0,8
1,<environment.Job instance at 0x15502b3e3910>,7,1,[1 7],9,24,25,15,9
1,<environment.Job instance at 0x15502b3e30f0>,0,2,[5 2],2,2,4,0,2
1,<environment.Job instance at 0x15502ba50140>,1,2,[6 1],3,3,5,0,3
1,<environment.Job instance at 0x15508013e2d0>,4,3,[2 5],7,7,10,0,7
1,<environment.Job instance at 0x15508013e140>,3,17,[5 1],6,8,25,2,8
1,<environment.Job instance at 0x155035faac30>,1,16,[1 9],2,2,18,0,2
1,<environment.Job instance at 0x15503602bfa0>,4,14,[2 5],6,18,32,12,8
1,<environment.Job instance at 0x15502b7e35f0>,5,18,[ 2 10],7,235,253,228,235
1,<environment.Job instance at 0x15502b08b0f0>,3,2,[2 7],8,33,35,25,33
1,<environment.Job instance at 0x155034959820>,0,2,[6 1],1,1,3,0,1
1,<environment.Job instance at 0x15502b8b5e10>,5,3,[2 6],9,13,16,4,13
1,<environment.Job instance at 0x155035e31230>,0,2,[6 1],1,1,3,0,1
1,<environment.Job instance at 0x1550360318c0>,1,1,[10  2],2,2,3,0,2
1,<environment.Job instance at 0x15502ec2a870>,2,1,[9 2],4,4,5,0,4
1,<environment.Job instance at 0x15502b3e0eb0>,0,2,[10  1],1,1,3,0,1
1,<environment.Job instance at 0x15502b3e01e0>,2,15,[2 9],3,3,18,0,3
1,<environment.Job instance at 0x15502bf31d20>,0,1,[6 2],2,2,3,0,2
1,<environment.Job instance at 0x15502bf317d0>,2,3,[2 5],5,32,35,27,32
1,<environment.Job instance at 0x15502ebf3280>,2,18,[9 2],4,134,152,130,134
1,<environment.Job instance at 0x15502ebf3c80>,4,2,[6 2],7,222,224,215,222
1,<environment.Job instance at 0x15502ebf3c80>,2,14,[1 8],5,6,20,1,6
1,<environment.Job instance at 0x1550612aa730>,4,2,[ 1 10],9,20,22,11,11
1,<environment.Job instance at 0x15502bb80410>,2,16,[ 1 10],3,5,21,2,5
1,<environment.Job instance at 0x1550300ecdc0>,5,15,[1 5],8,12,27,4,12
1,<environment.Job instance at 0x1550801be0a0>,1,25,[8 2],4,22,47,18,22
1,<environment.Job instance at 0x15502eb33190>,1,3,[9 1],2,2,5,0,2
1,<environment.Job instance at 0x15502b5ba870>,2,2,[7 1],4,5,7,1,4
1,<environment.Job instance at 0x15502bb28460>,3,17,[2 8],5,5,22,0,5
1,<environment.Job instance at 0x15502b1230f0>,1,14,[2 6],3,3,17,0,3
1,<environment.Job instance at 0x15502b123d20>,2,3,[2 8],4,17,20,13,4
1,<environment.Job instance at 0x15502b123140>,4,1,[ 1 10],8,29,30,21,29
1,<environment.Job instance at 0x15502b547e10>,0,2,[1 5],1,1,3,0,1
1,<environment.Job instance at 0x15502b547c30>,2,1,[10  2],3,3,4,0,3
1,<environment.Job instance at 0x15502b547140>,3,1,[5 2],4,4,5,0,4
1,<environment.Job instance at 0x15502b547230>,4,1,[2 6],5,5,6,0,5
1,<environment.Job instance at 0x15502b5473c0>,6,2,[5 2],8,8,10,0,8
1,<environment.Job instance at 0x15502b123500>,7,25,[1 8],9,9,34,0,9
1,<environment.Job instance at 0x15502fc920a0>,2,14,[2 5],7,377,391,370,377
1,<environment.Job instance at 0x15502fc92690>,3,1,[5 2],9,547,548,538,547
1,<environment.Job instance at 0x15502fc1eeb0>,2,3,[5 1],3,6,9,3,6
1,<environment.Job instance at 0x15502b433dc0>,1,2,[2 9],2,3,5,1,3
1,<environment.Job instance at 0x1550300d55f0>,3,2,[2 5],4,5,7,1,4
1,<environment.Job instance at 0x1550300d5fa0>,4,3,[6 1],5,6,9,1,6
1,<environment.Job instance at 0x1550300d59b0>,6,3,[2 8],7,7,10,0,7
1,<environment.Job instance at 0x1550300d5a50>,5,17,[1 6],6,10,27,4,8
1,<environment.Job instance at 0x155030120aa0>,1,2,[9 2],2,2,4,0,2
1,<environment.Job instance at 0x15502b763e10>,5,24,[1 6],7,15,39,8,15
1,<environment.Job instance at 0x15502b972f00>,0,3,[9 1],1,1,4,0,1
1,<environment.Job instance at 0x15502b972410>,1,2,[8 1],2,4,6,2,2
1,<environment.Job instance at 0x15502befae10>,6,1,[1 9],7,378,379,371,378
1,<environment.Job instance at 0x15502be12190>,0,1,[1 5],4,4,5,0,4
1,<environment.Job instance at 0x15502befde10>,1,1,[1 5],6,6,7,0,6
1,<environment.Job instance at 0x15502befd870>,2,2,[1 5],9,9,11,0,9
1,<environment.Job instance at 0x15502fdc4e60>,1,1,[7 2],3,3,4,0,3
1,<environment.Job instance at 0x15502ed56640>,2,16,[2 7],4,4,20,0,4
1,<environment.Job instance at 0x155035f01b90>,5,15,[ 1 10],8,20,35,12,16
1,<environment.Job instance at 0x15506000c960>,6,3,[1 8],9,392,395,383,392
1,<environment.Job instance at 0x155030a19190>,1,3,[9 1],4,4,7,0,4
1,<environment.Job instance at 0x155030a17190>,2,27,[1 8],5,5,32,0,5
1,<environment.Job instance at 0x155030a17320>,3,3,[10  2],6,32,35,26,6
1,<environment.Job instance at 0x155030a17280>,0,2,[8 1],3,3,5,0,3
1,<environment.Job instance at 0x155030a17140>,2,3,[10  1],6,6,9,0,6
1,<environment.Job instance at 0x15502b638b40>,3,3,[5 2],7,9,12,2,7
1,<environment.Job instance at 0x15502b6388c0>,4,3,[1 6],8,9,12,1,8
1,<environment.Job instance at 0x15502b6389b0>,5,1,[ 1 10],9,12,13,3,9
1,<environment.Job instance at 0x15502b6383c0>,0,2,[10  2],1,1,3,0,1
1,<environment.Job instance at 0x15502e6397d0>,5,16,[2 7],7,8,24,1,8
1,<environment.Job instance at 0x15502e639a00>,7,23,[2 6],9,24,47,15,23
1,<environment.Job instance at 0x15502bbb6cd0>,1,3,[10  1],3,3,6,0,3
1,<environment.Job instance at 0x155035e27730>,3,24,[5 1],6,15,39,9,15
1,<environment.Job instance at 0x155035e27320>,4,17,[ 1 10],7,55,72,48,55
1,<environment.Job instance at 0x155030a1c0a0>,2,20,[5 1],3,4,24,1,4
1,<environment.Job instance at 0x155035e02870>,5,17,[2 6],6,13,30,7,13
1,<environment.Job instance at 0x15502b341af0>,2,1,[ 1 10],5,5,6,0,5
1,<environment.Job instance at 0x15502b464c30>,3,2,[10  1],6,6,8,0,6
1,<environment.Job instance at 0x15502b464320>,5,27,[9 2],8,20,47,12,20
1,<environment.Job instance at 0x15502b515640>,1,3,[2 6],5,5,8,0,5
1,<environment.Job instance at 0x15502b515550>,2,1,[10  1],6,8,9,2,6
1,<environment.Job instance at 0x155060a189b0>,2,3,[7 1],4,4,7,0,4
1,<environment.Job instance at 0x15502b725780>,3,2,[7 1],5,7,9,2,5
1,<environment.Job instance at 0x15502b7252d0>,4,25,[1 5],6,6,31,0,6
1,<environment.Job instance at 0x15502b725370>,5,2,[6 1],7,9,11,2,7
1,<environment.Job instance at 0x15502b725140>,6,3,[2 7],8,31,34,23,8
1,<environment.Job instance at 0x15502b7258c0>,7,1,[2 7],9,34,35,25,9
1,<environment.Job instance at 0x1550301705a0>,5,2,[6 2],8,26,28,18,26
1,<environment.Job instance at 0x15502be42b90>,4,3,[1 7],5,828,831,823,828
1,<environment.Job instance at 0x15502bd77aa0>,0,1,[6 1],1,1,2,0,1
1,<environment.Job instance at 0x15502b1a6280>,4,1,[5 1],5,410,411,405,410
1,<environment.Job instance at 0x15502b464af0>,1,2,[1 7],2,3,5,1,3
1,<environment.Job instance at 0x15502b464370>,2,1,[2 7],3,5,6,2,4
1,<environment.Job instance at 0x15502b4641e0>,3,3,[1 9],5,6,9,1,6
1,<environment.Job instance at 0x1550609a9280>,4,16,[2 5],6,9,25,3,8
1,<environment.Job instance at 0x15502bb99a50>,6,3,[6 1],9,9,12,0,9
1,<environment.Job instance at 0x15502bb999b0>,1,3,[2 8],4,4,7,0,4
1,<environment.Job instance at 0x15502b464fa0>,5,2,[2 5],9,10,12,1,10
1,<environment.Job instance at 0x15502be6e910>,0,2,[2 9],1,2,4,1,2
1,<environment.Job instance at 0x15502be6efa0>,1,3,[ 1 10],3,4,7,1,3
1,<environment.Job instance at 0x15502be6ee10>,2,1,[7 1],4,7,8,3,4
1,<environment.Job instance at 0x15502be6e690>,4,3,[9 2],7,8,11,1,7
1,<environment.Job instance at 0x15502bbe19b0>,1,14,[ 1 10],2,2,16,0,2
1,<environment.Job instance at 0x15502b76c690>,1,15,[1 8],2,4,19,2,4
1,<environment.Job instance at 0x15502bafd820>,2,3,[8 2],4,4,7,0,4
1,<environment.Job instance at 0x15502bb0e5a0>,5,16,[5 1],7,8,24,1,8
1,<environment.Job instance at 0x15502bdc3690>,6,3,[ 2 10],9,25,28,16,25
1,<environment.Job instance at 0x15502b547f00>,0,2,[6 2],1,1,3,0,1
1,<environment.Job instance at 0x15502fdb3e10>,3,23,[1 5],5,10,33,5,10
1,<environment.Job instance at 0x15502e832820>,0,3,[6 1],1,1,4,0,1
1,<environment.Job instance at 0x1550301ba780>,0,2,[2 6],1,2,4,1,2
1,<environment.Job instance at 0x1550368b0dc0>,2,3,[6 2],4,4,7,0,4
1,<environment.Job instance at 0x15502ba14640>,5,2,[2 5],9,18,20,9,18
1,<environment.Job instance at 0x15502bb17460>,2,22,[1 5],3,3,25,0,3
1,<environment.Job instance at 0x15503331f370>,3,1,[5 1],4,4,5,0,4
1,<environment.Job instance at 0x15503331f3c0>,5,1,[8 1],6,6,7,0,6
1,<environment.Job instance at 0x1550609db050>,0,3,[6 1],1,1,4,0,1
1,<environment.Job instance at 0x15503331f7d0>,2,15,[2 8],5,5,20,0,5
1,<environment.Job instance at 0x15502b567d70>,3,1,[2 5],6,20,21,14,6
1,<environment.Job instance at 0x15502fe17b40>,0,3,[10  2],1,1,4,0,1
1,<environment.Job instance at 0x15502eaf0820>,3,1,[ 1 10],8,8,9,0,8
1,<environment.Job instance at 0x15502fe17e10>,4,2,[5 2],9,9,11,0,9
1,<environment.Job instance at 0x15502fe17cd0>,2,13,[6 2],7,11,24,4,11
1,<environment.Job instance at 0x15502c5ab050>,0,15,[ 1 10],1,1,16,0,1
1,<environment.Job instance at 0x15502c5ab3c0>,2,1,[8 1],3,16,17,13,3
1,<environment.Job instance at 0x15502c5ab640>,3,1,[2 8],4,16,17,12,4
1,<environment.Job instance at 0x15502c5ab1e0>,7,12,[ 1 10],9,123,135,114,123
1,<environment.Job instance at 0x15502b8f6b40>,0,3,[6 2],1,1,4,0,1
1,<environment.Job instance at 0x15502c5ab1e0>,3,12,[8 2],6,8,20,2,8
1,<environment.Job instance at 0x155035e800f0>,5,3,[7 1],8,334,337,326,334
1,<environment.Job instance at 0x155030190d70>,1,1,[9 2],3,5,6,2,5
1,<environment.Job instance at 0x1550301903c0>,4,24,[ 2 10],9,35,59,26,35
1,<environment.Job instance at 0x155030190a00>,3,3,[1 6],8,77,80,69,77
1,<environment.Job instance at 0x15502eafedc0>,1,2,[1 5],3,3,5,0,3
1,<environment.Job instance at 0x15502eafef50>,2,3,[2 9],4,5,8,1,4
1,<environment.Job instance at 0x1550301ab280>,5,19,[1 9],7,18,37,11,18
1,<environment.Job instance at 0x15502c6595a0>,0,1,[9 2],1,1,2,0,1
1,<environment.Job instance at 0x15502c659050>,3,2,[1 7],4,4,6,0,4
1,<environment.Job instance at 0x15502fc0ee60>,3,1,[2 6],7,7,8,0,7
1,<environment.Job instance at 0x15502b071aa0>,1,1,[2 8],3,9,10,6,9
1,<environment.Job instance at 0x15502b8f8e10>,4,2,[8 1],6,103,105,97,103
1,<environment.Job instance at 0x155031a99eb0>,0,2,[2 5],1,1,3,0,1
1,<environment.Job instance at 0x155031a99140>,2,13,[6 1],4,5,18,1,5
1,<environment.Job instance at 0x15502bdc3690>,3,3,[6 1],5,18,21,13,5
1,<environment.Job instance at 0x15502bdc37d0>,4,3,[2 9],6,6,9,0,6
1,<environment.Job instance at 0x15502bc3cdc0>,0,2,[ 2 10],1,1,3,0,1
1,<environment.Job instance at 0x15502bc3caf0>,1,1,[2 5],2,3,4,1,2
1,<environment.Job instance at 0x15502bd74dc0>,4,2,[8 1],6,6,8,0,6
1,<environment.Job instance at 0x15502bd74870>,5,17,[2 6],7,7,24,0,7
1,<environment.Job instance at 0x15502b443190>,2,1,[ 1 10],5,5,6,0,5
1,<environment.Job instance at 0x15502bd576e0>,4,1,[5 1],7,28,29,21,28
1,<environment.Job instance at 0x155035e15410>,0,1,[9 2],2,2,3,0,2
1,<environment.Job instance at 0x15502bbd49b0>,2,26,[ 2 10],5,5,31,0,5
1,<environment.Job instance at 0x1550613075a0>,5,20,[2 6],6,6,26,0,6
1,<environment.Job instance at 0x15502b5b1eb0>,0,2,[7 2],1,1,3,0,1
1,<environment.Job instance at 0x155061307f50>,4,13,[ 2 10],5,7,20,2,7
1,<environment.Job instance at 0x15502b3c8280>,1,3,[1 6],2,18,21,16,18
1,<environment.Job instance at 0x15502bc03910>,6,2,[9 2],7,34,36,27,34
1,<environment.Job instance at 0x15502c596140>,3,2,[6 1],4,7,9,3,7
1,<environment.Job instance at 0x15502bc49280>,1,3,[9 1],2,2,5,0,2
1,<environment.Job instance at 0x15502bd4f2d0>,2,16,[ 1 10],3,5,21,2,3
1,<environment.Job instance at 0x15502bd4ffa0>,3,3,[8 1],4,21,24,17,4
1,<environment.Job instance at 0x15502fc92780>,1,1,[2 5],3,3,4,0,3
1,<environment.Job instance at 0x15502b8f9c80>,5,12,[8 1],8,8,20,0,8
1,<environment.Job instance at 0x15502b8f9410>,6,3,[1 9],9,24,27,15,24
1,<environment.Job instance at 0x155030164780>,0,2,[9 1],1,1,3,0,1
1,<environment.Job instance at 0x15503018eeb0>,2,16,[1 8],4,4,20,0,4
1,<environment.Job instance at 0x15502bc69230>,0,1,[10  2],1,1,2,0,1
1,<environment.Job instance at 0x15502eafaf50>,3,13,[1 7],4,4,17,0,4
1,<environment.Job instance at 0x1550600ca370>,3,17,[6 1],8,19,36,11,19
1,<environment.Job instance at 0x15502fcfb280>,0,2,[8 2],1,1,3,0,1
1,<environment.Job instance at 0x1550600cafa0>,2,1,[5 2],4,4,5,0,4
1,<environment.Job instance at 0x15502ea7c550>,0,1,[5 1],1,1,2,0,1
1,<environment.Job instance at 0x15502ea7cdc0>,2,1,[2 5],3,3,4,0,3
1,<environment.Job instance at 0x15502ea7cc80>,3,21,[ 2 10],5,5,26,0,5
1,<environment.Job instance at 0x15502bf36320>,3,13,[ 1 10],5,74,87,69,74
1,<environment.Job instance at 0x15502ea59870>,1,15,[6 2],2,2,17,0,2
1,<environment.Job instance at 0x15502bf36e60>,2,2,[8 1],3,17,19,14,3
1,<environment.Job instance at 0x1550300cf050>,4,3,[2 7],5,5,8,0,5
1,<environment.Job instance at 0x1550300cf780>,5,2,[2 9],6,17,19,11,6
1,<environment.Job instance at 0x15502bf36be0>,6,15,[1 8],8,19,34,11,8
1,<environment.Job instance at 0x15502bc07c30>,1,2,[6 1],2,2,4,0,2
1,<environment.Job instance at 0x15502bc074b0>,2,1,[6 2],3,4,5,1,3
1,<environment.Job instance at 0x15502b44d640>,4,2,[2 6],5,5,7,0,5
1,<environment.Job instance at 0x1550349814b0>,5,17,[2 8],6,7,24,1,6
1,<environment.Job instance at 0x15502b388690>,0,1,[1 5],1,1,2,0,1
1,<environment.Job instance at 0x15502b388500>,5,20,[2 9],7,23,43,16,23
1,<environment.Job instance at 0x15502b3889b0>,7,15,[1 7],9,187,202,178,187
1,<environment.Job instance at 0x15502ba08b40>,2,28,[1 5],5,33,61,28,33
1,<environment.Job instance at 0x15502b620870>,1,1,[9 1],2,3,4,1,3
1,<environment.Job instance at 0x15502ed56500>,2,2,[9 2],4,4,6,0,4
1,<environment.Job instance at 0x15502b620c80>,3,2,[1 7],6,6,8,0,6
1,<environment.Job instance at 0x15502ed561e0>,4,1,[1 8],9,12,13,3,12
1,<environment.Job instance at 0x1550612c0320>,5,19,[7 1],8,8,27,0,8
1,<environment.Job instance at 0x1550612c0370>,6,3,[2 5],9,9,12,0,9
1,<environment.Job instance at 0x1550612c8870>,4,2,[ 1 10],5,269,271,264,269
1,<environment.Job instance at 0x15502e6eb3c0>,2,1,[1 6],3,3,4,0,3
1,<environment.Job instance at 0x15502ed567d0>,4,15,[7 2],6,6,21,0,6
1,<environment.Job instance at 0x15502b48f960>,2,16,[1 8],6,6,22,0,6
1,<environment.Job instance at 0x15502b6eb280>,2,1,[8 1],5,5,6,0,5
1,<environment.Job instance at 0x1550300c3820>,3,3,[6 1],6,6,9,0,6
1,<environment.Job instance at 0x15502ebeba50>,2,3,[8 1],5,5,8,0,5
1,<environment.Job instance at 0x15502ebeb550>,1,1,[1 5],4,6,7,2,6
1,<environment.Job instance at 0x15502ebeb9b0>,3,24,[2 9],6,7,31,1,7
1,<environment.Job instance at 0x15502ebeb5f0>,4,2,[6 1],7,32,34,25,32
1,<environment.Job instance at 0x15503014b4b0>,1,2,[6 1],3,5,7,2,5
1,<environment.Job instance at 0x15503014b2d0>,2,1,[1 5],6,8,9,2,8
1,<environment.Job instance at 0x15502fd11cd0>,0,2,[6 2],1,1,3,0,1
1,<environment.Job instance at 0x1550300ad5a0>,3,13,[10  1],7,46,59,39,46
1,<environment.Job instance at 0x1550300addc0>,5,3,[5 2],9,84,87,75,84
1,<environment.Job instance at 0x15502b72c5f0>,0,3,[8 1],3,3,6,0,3
1,<environment.Job instance at 0x15503495cc30>,1,2,[2 6],3,3,5,0,3
1,<environment.Job instance at 0x15506000cbe0>,4,20,[1 6],8,158,178,150,158
1,<environment.Job instance at 0x15506000c0f0>,5,1,[1 8],9,338,339,329,338
1,<environment.Job instance at 0x155031a9de60>,1,3,[7 2],2,3,6,1,3
1,<environment.Job instance at 0x15502bbd95a0>,0,2,[2 8],2,2,4,0,2
1,<environment.Job instance at 0x15502bb18b40>,5,2,[ 2 10],8,173,175,165,173
1,<environment.Job instance at 0x15502b19ae60>,3,2,[9 1],6,272,274,266,272
1,<environment.Job instance at 0x15502ea73c80>,0,2,[1 9],1,1,3,0,1
1,<environment.Job instance at 0x15502fe2da00>,4,21,[5 1],6,28,49,22,28
1,<environment.Job instance at 0x15502bd29960>,3,1,[6 1],8,8,9,0,8
1,<environment.Job instance at 0x15502eab1820>,0,1,[7 2],1,1,2,0,1
1,<environment.Job instance at 0x15502eab1690>,1,1,[8 2],2,2,3,0,2
1,<environment.Job instance at 0x15502eab1870>,2,1,[ 1 10],3,5,6,2,5
1,<environment.Job instance at 0x15502eab1eb0>,4,2,[2 8],7,7,9,0,7
1,<environment.Job instance at 0x15502eab1230>,5,3,[10  1],8,9,12,1,8
1,<environment.Job instance at 0x15502ec44d20>,1,2,[1 9],2,2,4,0,2
1,<environment.Job instance at 0x15502b61f500>,3,1,[2 5],4,31,32,27,31
1,<environment.Job instance at 0x155035fe9280>,4,18,[2 9],6,50,68,44,50
1,<environment.Job instance at 0x1550609cb7d0>,2,18,[2 9],5,5,23,0,5
1,<environment.Job instance at 0x15502e5de820>,1,2,[2 5],2,2,4,0,2
1,<environment.Job instance at 0x15502bd6feb0>,2,2,[9 2],3,4,6,1,3
1,<environment.Job instance at 0x15502e5de500>,5,3,[1 7],7,7,10,0,7
1,<environment.Job instance at 0x15502bd6f5a0>,6,2,[ 1 10],8,10,12,2,8
1,<environment.Job instance at 0x15502eaf8870>,2,14,[2 7],4,4,18,0,4
1,<environment.Job instance at 0x155035e2a5f0>,5,22,[1 7],8,20,42,12,20
1,<environment.Job instance at 0x15502be0e0f0>,4,1,[1 8],8,55,56,47,55
1,<environment.Job instance at 0x1550300f0910>,7,2,[10  2],9,12,14,3,12
1,<environment.Job instance at 0x1550300f00a0>,4,18,[1 6],6,497,515,491,497
1,<environment.Job instance at 0x15508012ae60>,1,2,[8 1],3,3,5,0,3
1,<environment.Job instance at 0x15502b9ba370>,2,15,[1 8],4,4,19,0,4
1,<environment.Job instance at 0x15502e5d9f50>,1,3,[2 7],4,4,7,0,4
1,<environment.Job instance at 0x15502bca43c0>,0,22,[2 9],1,1,23,0,1
1,<environment.Job instance at 0x155030a1c5a0>,2,3,[2 9],3,23,26,20,3
1,<environment.Job instance at 0x155030a1cfa0>,3,3,[1 8],5,26,29,21,5
1,<environment.Job instance at 0x15502b52ceb0>,4,3,[6 2],7,26,29,19,7
1,<environment.Job instance at 0x15502b326460>,0,2,[8 1],1,1,3,0,1
1,<environment.Job instance at 0x15502b52c230>,2,17,[1 8],4,4,21,0,4
1,<environment.Job instance at 0x155082d890f0>,6,3,[5 2],8,776,779,768,776
1,<environment.Job instance at 0x15502e6ebc80>,2,24,[9 2],3,27,51,24,27
1,<environment.Job instance at 0x15502e6eb230>,3,18,[2 9],4,272,290,268,272
1,<environment.Job instance at 0x15503699f190>,2,1,[1 9],4,4,5,0,4
1,<environment.Job instance at 0x15502b9d9a00>,3,27,[2 7],5,5,32,0,5
1,<environment.Job instance at 0x1550301a2640>,5,16,[2 9],7,32,48,25,19
1,<environment.Job instance at 0x15502b41eb40>,0,3,[10  2],1,1,4,0,1
1,<environment.Job instance at 0x15502b41eb90>,2,19,[1 8],4,4,23,0,4
1,<environment.Job instance at 0x15503014bb40>,2,16,[1 6],3,5,21,2,5
1,<environment.Job instance at 0x1550609b3780>,1,1,[1 5],2,2,3,0,2
1,<environment.Job instance at 0x1550609b3a00>,2,15,[1 6],4,4,19,0,4
1,<environment.Job instance at 0x155035eebaf0>,5,2,[2 6],9,19,21,10,13
1,<environment.Job instance at 0x155035eeb5f0>,2,1,[2 7],3,3,4,0,3
1,<environment.Job instance at 0x155036852be0>,2,17,[8 2],4,8,25,4,8
1,<environment.Job instance at 0x15502bf49640>,2,3,[6 2],4,4,7,0,4
1,<environment.Job instance at 0x15502bf49050>,3,2,[1 6],5,5,7,0,5
1,<environment.Job instance at 0x15502bf49320>,4,23,[ 1 10],6,7,30,1,6
1,<environment.Job instance at 0x1550301f06e0>,7,3,[8 2],9,92,95,83,92
1,<environment.Job instance at 0x15502bf495f0>,3,1,[9 2],6,6,7,0,6
1,<environment.Job instance at 0x15502eb201e0>,4,2,[8 1],7,7,9,0,7
1,<environment.Job instance at 0x15502eb20c30>,5,3,[2 8],8,8,11,0,8
1,<environment.Job instance at 0x1550301e2b90>,2,3,[2 9],4,4,7,0,4
1,<environment.Job instance at 0x15502fd55640>,4,3,[5 2],6,42,45,36,42
1,<environment.Job instance at 0x1550612b9640>,3,13,[2 9],7,8,21,1,8
1,<environment.Job instance at 0x15506194b9b0>,0,2,[10  1],1,1,3,0,1
1,<environment.Job instance at 0x15502ec9f640>,4,1,[1 6],5,79,80,74,79
1,<environment.Job instance at 0x155030a0d0a0>,2,3,[1 7],4,14,17,10,14
1,<environment.Job instance at 0x15502eb923c0>,1,1,[2 8],6,6,7,0,6
1,<environment.Job instance at 0x15502eb92690>,2,3,[8 1],7,7,10,0,7
1,<environment.Job instance at 0x15502fc7fbe0>,3,26,[9 2],6,59,85,53,59
1,<environment.Job instance at 0x15502fc9f8c0>,1,2,[8 2],2,2,4,0,2
1,<environment.Job instance at 0x1550600292d0>,1,28,[7 1],3,35,63,32,35
1,<environment.Job instance at 0x155035fd6e60>,0,1,[8 2],1,1,2,0,1
1,<environment.Job instance at 0x155035fd68c0>,1,2,[6 1],8,8,10,0,8
1,<environment.Job instance at 0x1550300a2550>,2,1,[2 7],3,3,4,0,3
1,<environment.Job instance at 0x15503694a500>,3,2,[1 5],4,4,6,0,4
1,<environment.Job instance at 0x155030133640>,4,2,[8 2],5,5,7,0,5
1,<environment.Job instance at 0x15506124ef50>,7,3,[1 6],9,9,12,0,9
1,<environment.Job instance at 0x155060114c30>,1,3,[1 7],3,3,6,0,3
1,<environment.Job instance at 0x15502be17780>,3,1,[ 2 10],7,7,8,0,7
1,<environment.Job instance at 0x15502b6aa230>,5,27,[1 8],9,9,36,0,9
1,<environment.Job instance at 0x1550332f9870>,6,3,[7 2],9,16,19,7,16
1,<environment.Job instance at 0x15502e72ed20>,1,14,[2 9],4,5,19,1,5
1,<environment.Job instance at 0x1550332f9f00>,3,1,[ 1 10],8,19,20,11,8
1,<environment.Job instance at 0x155035f6b820>,4,3,[1 8],9,20,23,11,9
1,<environment.Job instance at 0x15502ed6a690>,1,2,[7 1],4,4,6,0,4
1,<environment.Job instance at 0x155035df99b0>,1,3,[5 2],4,4,7,0,4
1,<environment.Job instance at 0x155035fd0d70>,3,2,[8 2],6,22,24,16,22
1,<environment.Job instance at 0x15502b665730>,1,3,[ 1 10],4,4,7,0,4
1,<environment.Job instance at 0x155060a060a0>,4,3,[5 2],8,8,11,0,8
1,<environment.Job instance at 0x155060a06dc0>,3,2,[1 9],7,11,13,4,8
1,<environment.Job instance at 0x155060a06230>,1,3,[7 1],5,5,8,0,5
1,<environment.Job instance at 0x155035ee2d70>,1,1,[8 2],3,3,4,0,3
1,<environment.Job instance at 0x15502b4d7d70>,2,1,[1 8],4,4,5,0,4
1,<environment.Job instance at 0x1550301038c0>,1,1,[7 1],2,15,16,13,15
1,<environment.Job instance at 0x15502b6d0af0>,0,1,[7 2],2,2,3,0,2
1,<environment.Job instance at 0x15502c5cdaf0>,2,1,[1 8],4,4,5,0,4
1,<environment.Job instance at 0x15502c5cdc80>,4,28,[2 5],6,6,34,0,6
1,<environment.Job instance at 0x15502c5cd0f0>,5,19,[2 8],7,34,53,27,24
1,<environment.Job instance at 0x15506155fe10>,6,3,[5 1],9,11,14,2,11
1,<environment.Job instance at 0x15502ec4df00>,6,27,[9 2],9,10,37,1,10
1,<environment.Job instance at 0x15502ec42050>,0,1,[9 1],1,1,2,0,1
1,<environment.Job instance at 0x15502e649e10>,2,1,[7 1],3,3,4,0,3
1,<environment.Job instance at 0x15502ec42dc0>,4,14,[1 6],5,5,19,0,5
1,<environment.Job instance at 0x15502e6490a0>,7,12,[9 1],8,98,110,90,98
1,<environment.Job instance at 0x15502ed22320>,0,1,[2 9],1,2,3,1,2
1,<environment.Job instance at 0x15502b93d320>,1,1,[2 8],2,4,5,2,4
1,<environment.Job instance at 0x15502b32f320>,3,26,[1 8],4,5,31,1,4
1,<environment.Job instance at 0x15502eb22eb0>,4,1,[10  1],5,31,32,26,5
1,<environment.Job instance at 0x15502b32faa0>,6,2,[2 6],7,32,34,25,7
1,<environment.Job instance at 0x15502ba148c0>,2,24,[1 9],4,4,28,0,4
1,<environment.Job instance at 0x15502f3df640>,4,1,[2 6],8,516,517,508,516
1,<environment.Job instance at 0x155061259230>,2,18,[1 7],3,3,21,0,3
1,<environment.Job instance at 0x1550612964b0>,0,2,[8 1],1,1,3,0,1
1,<environment.Job instance at 0x15502c5b69b0>,1,2,[ 2 10],2,3,5,1,2
1,<environment.Job instance at 0x155035fb2cd0>,3,13,[ 1 10],4,5,18,1,4
1,<environment.Job instance at 0x155035fb2280>,4,3,[6 1],5,18,21,13,18
1,<environment.Job instance at 0x15502b359460>,0,3,[10  1],3,3,6,0,3
1,<environment.Job instance at 0x155036008320>,1,1,[1 9],4,6,7,2,4
1,<environment.Job instance at 0x1550600b6190>,4,16,[2 8],8,10,26,2,10
1,<environment.Job instance at 0x15502b004dc0>,0,2,[1 6],3,3,5,0,3
1,<environment.Job instance at 0x15502ed4aaf0>,1,2,[ 2 10],3,3,5,0,3
1,<environment.Job instance at 0x15502ed4a410>,2,27,[2 7],7,7,34,0,7
1,<environment.Job instance at 0x15502b7bc7d0>,0,3,[10  1],1,1,4,0,1
1,<environment.Job instance at 0x15502bd5b820>,2,3,[8 2],4,5,8,1,5
1,<environment.Job instance at 0x15502b52fb40>,1,2,[5 2],2,3,5,1,3
1,<environment.Job instance at 0x15502bdc55f0>,3,13,[2 7],4,4,17,0,4
1,<environment.Job instance at 0x15502bdc5320>,2,3,[5 1],3,5,8,2,4
1,<environment.Job instance at 0x155035dd8f50>,5,2,[8 1],6,19,21,13,19
1,<environment.Job instance at 0x15502bbec6e0>,3,3,[6 2],5,5,8,0,5
1,<environment.Job instance at 0x15502bbec0f0>,4,2,[6 1],6,36,38,30,36
1,<environment.Job instance at 0x15502b7abaa0>,3,27,[1 5],4,5,32,1,5
1,<environment.Job instance at 0x15502b9f7730>,1,1,[1 6],2,32,33,30,8
1,<environment.Job instance at 0x15502b7ab7d0>,4,1,[2 5],6,788,789,782,788
1,<environment.Job instance at 0x155031aa9820>,4,1,[7 2],9,11,12,2,11
1,<environment.Job instance at 0x15502c676f50>,4,16,[2 8],6,1001,1017,995,1001
1,<environment.Job instance at 0x15502b4de5a0>,3,2,[2 9],5,186,188,181,186
1,<environment.Job instance at 0x15502bab6aa0>,0,1,[2 7],1,1,2,0,1
1,<environment.Job instance at 0x15502bab6d70>,1,2,[2 9],2,2,4,0,2
1,<environment.Job instance at 0x1550368efaa0>,3,2,[1 9],4,6,8,2,6
1,<environment.Job instance at 0x1550301c01e0>,4,14,[2 6],6,62,76,56,62
1,<environment.Job instance at 0x15502e81b500>,2,3,[6 2],3,3,6,0,3
1,<environment.Job instance at 0x15502ed2fb90>,3,20,[1 7],7,7,27,0,7
1,<environment.Job instance at 0x15502e77ba50>,3,1,[2 9],4,610,611,606,610
1,<environment.Job instance at 0x15502fc11500>,4,2,[2 9],6,273,275,267,273
1,<environment.Job instance at 0x15502fc19550>,3,12,[ 1 10],4,4,16,0,4
1,<environment.Job instance at 0x15502b925960>,2,2,[2 7],3,20,22,17,20
1,<environment.Job instance at 0x15502e6c4910>,0,1,[2 5],1,1,2,0,1
1,<environment.Job instance at 0x15502b0f55a0>,1,17,[5 2],2,23,40,21,23
1,<environment.Job instance at 0x15502b8b5fa0>,2,25,[5 2],7,18,43,11,18
1,<environment.Job instance at 0x15502b364d20>,0,2,[6 2],1,1,3,0,1
1,<environment.Job instance at 0x15502f3a5280>,3,3,[2 6],4,4,7,0,4
1,<environment.Job instance at 0x15502dbb0dc0>,5,2,[5 2],7,7,9,0,7
1,<environment.Job instance at 0x15502dbb06e0>,6,2,[6 1],8,9,11,1,8
1,<environment.Job instance at 0x1550600a3b40>,2,3,[1 8],3,9,12,6,9
1,<environment.Job instance at 0x15502b38a870>,0,1,[6 1],1,1,2,0,1
1,<environment.Job instance at 0x15502c638b40>,3,2,[1 9],4,4,6,0,4
1,<environment.Job instance at 0x15502c638f00>,2,3,[10  1],4,4,7,0,4
1,<environment.Job instance at 0x15502b826320>,1,1,[9 2],3,4,5,1,4
1,<environment.Job instance at 0x15502b826aa0>,2,15,[7 1],4,5,20,1,5
1,<environment.Job instance at 0x15502ecfacd0>,2,15,[ 1 10],5,47,62,42,47
1,<environment.Job instance at 0x15502b61d870>,1,1,[6 1],3,170,171,167,170
1,<environment.Job instance at 0x15502eaa8be0>,4,1,[7 2],6,7,8,1,7
1,<environment.Job instance at 0x15502ed4ac30>,3,15,[ 1 10],5,38,53,33,38
1,<environment.Job instance at 0x15502eaa8cd0>,5,1,[2 8],7,144,145,137,144
1,<environment.Job instance at 0x15506007edc0>,2,2,[6 1],4,99,101,95,99
1,<environment.Job instance at 0x15506128f320>,0,1,[1 6],1,3,4,2,3
1,<environment.Job instance at 0x15502bc7dd20>,3,2,[2 6],4,4,6,0,4
1,<environment.Job instance at 0x15502eab36e0>,5,3,[7 2],6,7,10,1,7
1,<environment.Job instance at 0x15502b913eb0>,5,14,[2 7],7,106,120,99,106
1,<environment.Job instance at 0x15502b610280>,0,2,[2 9],3,4,6,1,4
1,<environment.Job instance at 0x15502b159dc0>,1,27,[ 1 10],5,5,32,0,5
1,<environment.Job instance at 0x15502fc77fa0>,0,3,[9 2],1,1,4,0,1
1,<environment.Job instance at 0x15502eab3f50>,5,1,[1 6],8,1892,1893,1884,1892
1,<environment.Job instance at 0x15502b2c00f0>,1,14,[10  2],4,10,24,6,10
1,<environment.Job instance at 0x15502b4da780>,2,12,[2 7],4,4,16,0,4
1,<environment.Job instance at 0x15502ed6c280>,3,3,[2 5],5,16,19,11,5
1,<environment.Job instance at 0x15502ed6c730>,5,24,[ 1 10],7,20,44,13,20
1,<environment.Job instance at 0x15502b2de3c0>,0,1,[7 2],1,1,2,0,1
1,<environment.Job instance at 0x15502b2de190>,1,2,[2 7],2,2,4,0,2
1,<environment.Job instance at 0x15502e79fa00>,3,3,[1 8],6,6,9,0,6
1,<environment.Job instance at 0x15502e79f820>,4,20,[2 7],7,9,29,2,7
1,<environment.Job instance at 0x15502e82e410>,1,17,[1 8],3,4,21,1,4
1,<environment.Job instance at 0x15502e82e0a0>,2,1,[2 8],4,21,22,17,5
1,<environment.Job instance at 0x15502e82e5a0>,4,2,[ 1 10],6,22,24,16,17
1,<environment.Job instance at 0x1550600918c0>,1,3,[2 9],3,3,6,0,3
1,<environment.Job instance at 0x155030135dc0>,3,1,[7 1],6,6,7,0,6
1,<environment.Job instance at 0x155030135a00>,4,1,[1 6],8,8,9,0,8
1,<environment.Job instance at 0x1550369c2640>,0,1,[10  2],2,2,3,0,2
1,<environment.Job instance at 0x15502bad0640>,2,1,[ 1 10],4,4,5,0,4
1,<environment.Job instance at 0x15502bad0a00>,4,23,[2 8],6,6,29,0,6
1,<environment.Job instance at 0x15502bc7df50>,1,15,[2 6],3,6,21,3,6
1,<environment.Job instance at 0x15502e6cf730>,4,2,[8 1],7,22,24,15,22
1,<environment.Job instance at 0x1550615545a0>,3,1,[2 7],6,7,8,1,7
1,<environment.Job instance at 0x15502e6cfd70>,4,2,[ 1 10],7,178,180,171,178
1,<environment.Job instance at 0x15502b99f7d0>,1,3,[8 1],7,7,10,0,7
1,<environment.Job instance at 0x15502b363320>,0,3,[6 1],1,1,4,0,1
1,<environment.Job instance at 0x15502b99fa00>,2,2,[9 2],3,4,6,1,3
1,<environment.Job instance at 0x15502b97bcd0>,1,28,[1 7],2,2,30,0,2
1,<environment.Job instance at 0x15502b97b280>,4,2,[9 1],5,38,40,33,38
1,<environment.Job instance at 0x15502e61f820>,6,1,[8 1],9,112,113,103,112
1,<environment.Job instance at 0x155060114b90>,0,1,[9 2],2,2,3,0,2
1,<environment.Job instance at 0x15502e61f460>,1,1,[9 2],3,3,4,0,3
1,<environment.Job instance at 0x15502ed06af0>,2,1,[2 9],3,3,4,0,3
1,<environment.Job instance at 0x15502ed06cd0>,3,27,[1 8],4,4,31,0,4
1,<environment.Job instance at 0x15502ed06a00>,4,3,[5 2],6,6,9,0,6
1,<environment.Job instance at 0x15502ed06d20>,5,1,[9 2],8,9,10,1,8
1,<environment.Job instance at 0x15502ecfe730>,6,1,[5 2],9,10,11,1,9
1,<environment.Job instance at 0x15502b076c30>,0,2,[1 6],1,1,3,0,1
1,<environment.Job instance at 0x15502bf09af0>,1,1,[5 1],2,2,3,0,2
1,<environment.Job instance at 0x15502ecfe870>,2,2,[10  2],4,4,6,0,4
1,<environment.Job instance at 0x15502b1b1f50>,0,27,[1 8],2,2,29,0,2
1,<environment.Job instance at 0x15502eab3b90>,2,18,[1 7],3,3,21,0,3
1,<environment.Job instance at 0x15502b1a3370>,4,3,[5 1],6,6,9,0,6
1,<environment.Job instance at 0x15502b1abe60>,6,17,[7 2],8,9,26,1,8
1,<environment.Job instance at 0x15502c5cf0a0>,0,1,[1 6],1,1,2,0,1
1,<environment.Job instance at 0x15502e78caf0>,1,1,[7 1],4,4,5,0,4
1,<environment.Job instance at 0x15502e78c6e0>,2,3,[9 1],5,5,8,0,5
1,<environment.Job instance at 0x15502b3bcf50>,3,18,[1 6],6,6,24,0,6
1,<environment.Job instance at 0x15502c64cb40>,4,3,[2 7],7,24,27,17,7
1,<environment.Job instance at 0x15502b3bca50>,6,2,[6 2],9,9,11,0,9
1,<environment.Job instance at 0x15502c64c500>,1,22,[2 5],2,2,24,0,2
1,<environment.Job instance at 0x15502e6a4e10>,4,13,[1 7],7,24,37,17,8
1,<environment.Job instance at 0x15502e6a4280>,6,14,[2 8],9,37,51,28,22
1,<environment.Job instance at 0x15502b74c7d0>,2,14,[2 7],6,6,20,0,6
1,<environment.Job instance at 0x15502be38f50>,0,1,[10  2],1,1,2,0,1
1,<environment.Job instance at 0x15502be388c0>,2,16,[2 5],3,24,40,21,24
1,<environment.Job instance at 0x1550349917d0>,0,1,[2 6],1,1,2,0,1
1,<environment.Job instance at 0x15502fc1f5a0>,1,3,[8 2],2,2,5,0,2
1,<environment.Job instance at 0x15502b93e0f0>,0,2,[1 7],1,1,3,0,1
1,<environment.Job instance at 0x1550368c7a50>,2,3,[8 1],7,7,10,0,7
1,<environment.Job instance at 0x15502b93e280>,3,2,[1 9],8,8,10,0,8
1,<environment.Job instance at 0x15502b93e190>,4,25,[2 9],9,10,35,1,9
1,<environment.Job instance at 0x15502bb13b40>,0,3,[8 1],1,1,4,0,1
1,<environment.Job instance at 0x15502bb13500>,1,1,[9 1],3,4,5,1,3
1,<environment.Job instance at 0x15502b308be0>,5,3,[1 5],7,87,90,80,87
1,<environment.Job instance at 0x15502ea62280>,0,2,[6 2],1,1,3,0,1
1,<environment.Job instance at 0x15502ea62640>,1,1,[6 2],2,3,4,1,2
1,<environment.Job instance at 0x15502b4ce1e0>,2,2,[ 2 10],6,6,8,0,6
1,<environment.Job instance at 0x15502b4ceaf0>,3,3,[6 1],7,8,11,1,7
1,<environment.Job instance at 0x15502b4ced70>,1,1,[2 6],2,2,3,0,2
1,<environment.Job instance at 0x15502b4ceb40>,2,1,[ 2 10],4,4,5,0,4
1,<environment.Job instance at 0x15502e69ad20>,5,2,[7 1],7,7,9,0,7
1,<environment.Job instance at 0x1550600912d0>,3,1,[1 9],8,8,9,0,8
1,<environment.Job instance at 0x1550600916e0>,4,2,[1 9],9,10,12,1,10
1,<environment.Job instance at 0x15502be3acd0>,2,14,[7 2],7,15,29,8,15
1,<environment.Job instance at 0x1550300b0e60>,0,2,[1 5],2,2,4,0,2
1,<environment.Job instance at 0x1550300b0be0>,4,3,[8 1],8,18,21,10,18
1,<environment.Job instance at 0x15502fd7ccd0>,2,1,[9 2],4,56,57,52,56
1,<environment.Job instance at 0x15502b6e9a50>,2,2,[6 1],4,4,6,0,4
1,<environment.Job instance at 0x15502b6e9cd0>,3,25,[2 9],6,6,31,0,6
1,<environment.Job instance at 0x15502b6e9780>,6,3,[8 2],9,31,34,22,9
1,<environment.Job instance at 0x15502b4035a0>,0,2,[6 2],2,2,4,0,2
1,<environment.Job instance at 0x15502e670e10>,2,18,[ 1 10],4,4,22,0,4
1,<environment.Job instance at 0x15502b403be0>,4,17,[1 8],6,28,45,22,28
1,<environment.Job instance at 0x15502e670140>,6,2,[10  2],8,106,108,98,106
1,<environment.Job instance at 0x15502bd06dc0>,1,3,[9 2],4,4,7,0,4
1,<environment.Job instance at 0x155060053f00>,2,1,[ 1 10],5,7,8,2,5
1,<environment.Job instance at 0x1550600536e0>,3,2,[2 6],6,8,10,2,6
1,<environment.Job instance at 0x15502bd060f0>,4,17,[ 1 10],8,10,27,2,8
1,<environment.Job instance at 0x155035f0d140>,3,16,[ 2 10],4,1172,1188,1168,1172
1,<environment.Job instance at 0x155031a7e5f0>,1,1,[2 5],2,2,3,0,2
1,<environment.Job instance at 0x15502b8b7960>,4,3,[8 2],5,17,20,12,17
1,<environment.Job instance at 0x15502fc56e10>,6,15,[2 9],7,1021,1036,1014,1021
1,<environment.Job instance at 0x155061316cd0>,3,15,[1 6],4,4,19,0,4
1,<environment.Job instance at 0x15502b797d70>,3,17,[2 5],4,25,42,21,25
1,<environment.Job instance at 0x1550613164b0>,1,1,[7 1],2,344,345,342,344
1,<environment.Job instance at 0x15502ed4d460>,0,2,[ 1 10],2,2,4,0,2
1,<environment.Job instance at 0x15502b9cdf50>,2,1,[8 1],4,4,5,0,4
1,<environment.Job instance at 0x155061307f00>,3,2,[ 1 10],5,5,7,0,5
1,<environment.Job instance at 0x155061307870>,4,2,[8 2],7,7,9,0,7
1,<environment.Job instance at 0x15502ec51e60>,2,27,[2 6],5,5,32,0,5
1,<environment.Job instance at 0x155030193b90>,3,1,[6 2],6,6,7,0,6
1,<environment.Job instance at 0x155030193d70>,4,20,[5 1],7,8,28,1,8
1,<environment.Job instance at 0x155030193f50>,5,3,[9 1],8,32,35,24,12
1,<environment.Job instance at 0x155030193820>,1,21,[2 9],2,2,23,0,2
1,<environment.Job instance at 0x1550301933c0>,3,19,[2 7],4,23,42,19,14
1,<environment.Job instance at 0x1550301a8b40>,0,1,[8 1],1,1,2,0,1
1,<environment.Job instance at 0x1550368cdaf0>,0,2,[5 2],1,1,3,0,1
1,<environment.Job instance at 0x1550368cd8c0>,1,3,[5 1],2,2,5,0,2
1,<environment.Job instance at 0x1550368cd1e0>,2,3,[10  1],4,5,8,1,4
1,<environment.Job instance at 0x15502b38e0a0>,4,1,[5 1],7,13,14,6,13
1,<environment.Job instance at 0x15502c5b7690>,1,2,[5 1],3,3,5,0,3
1,<environment.Job instance at 0x15502b9ae690>,2,1,[2 6],4,4,5,0,4
1,<environment.Job instance at 0x1550300c1960>,3,2,[1 6],5,5,7,0,5
1,<environment.Job instance at 0x15502c5b7730>,4,1,[9 1],8,8,9,0,8
1,<environment.Job instance at 0x15502fcfee10>,3,17,[2 9],5,5,22,0,5
1,<environment.Job instance at 0x15502fcfe3c0>,4,2,[6 1],7,7,9,0,7
1,<environment.Job instance at 0x15502fcfe500>,5,3,[5 1],8,9,12,1,8
1,<environment.Job instance at 0x155034959370>,3,14,[ 1 10],5,6,20,1,6
1,<environment.Job instance at 0x155034959eb0>,2,3,[1 9],4,20,23,16,7
1,<environment.Job instance at 0x155034959690>,5,3,[6 1],7,20,23,13,14
1,<environment.Job instance at 0x15502b9b3c80>,0,2,[8 2],2,2,4,0,2
1,<environment.Job instance at 0x1550368cd5f0>,0,3,[6 2],1,1,4,0,1
1,<environment.Job instance at 0x155035eadbe0>,1,27,[2 7],2,2,29,0,2
1,<environment.Job instance at 0x155061326e60>,6,25,[6 2],9,9,34,0,9
1,<environment.Job instance at 0x155061326690>,5,1,[6 1],8,34,35,26,10
1,<environment.Job instance at 0x15502e6c41e0>,1,3,[1 9],2,2,5,0,2
1,<environment.Job instance at 0x15502e6c4500>,2,13,[2 9],3,5,18,2,3
1,<environment.Job instance at 0x15502e6c4870>,3,1,[2 6],5,18,19,13,5
1,<environment.Job instance at 0x15502e6c4190>,7,3,[ 1 10],9,163,166,154,163
1,<environment.Job instance at 0x15502fd43780>,3,1,[9 2],9,9,10,0,9
1,<environment.Job instance at 0x15502e839af0>,1,2,[10  2],4,4,6,0,4
1,<environment.Job instance at 0x15502b6114b0>,2,3,[7 2],5,6,9,1,5
1,<environment.Job instance at 0x15502e839f50>,3,3,[8 1],7,9,12,2,7
1,<environment.Job instance at 0x15503496dc30>,2,3,[9 1],8,8,11,0,8
1,<environment.Job instance at 0x15502fc198c0>,4,19,[2 9],6,6,25,0,6
1,<environment.Job instance at 0x15502fc19320>,5,25,[2 8],7,25,50,18,22
1,<environment.Job instance at 0x15502fc19aa0>,7,14,[ 1 10],9,422,436,413,422
1,<environment.Job instance at 0x15502b37f0f0>,4,16,[2 7],5,43,59,38,43
1,<environment.Job instance at 0x15502b81eb90>,3,3,[7 1],4,53,56,49,53
1,<environment.Job instance at 0x15502eb64cd0>,2,20,[1 6],6,6,26,0,6
1,<environment.Job instance at 0x15502eb643c0>,2,3,[1 5],5,9,12,4,9
1,<environment.Job instance at 0x155035e7aa50>,1,1,[10  2],2,2,3,0,2
1,<environment.Job instance at 0x1550301bf8c0>,5,12,[2 5],6,103,115,97,103
1,<environment.Job instance at 0x15502d144b90>,1,2,[8 1],2,2,4,0,2
1,<environment.Job instance at 0x1550301bf550>,2,1,[5 1],4,4,5,0,4
1,<environment.Job instance at 0x15503495c960>,3,2,[1 8],5,5,7,0,5
1,<environment.Job instance at 0x15502b635280>,2,1,[9 1],5,5,6,0,5
1,<environment.Job instance at 0x15502be1faf0>,3,1,[5 1],6,6,7,0,6
1,<environment.Job instance at 0x15502be1fe10>,4,12,[1 8],8,8,20,0,8
1,<environment.Job instance at 0x15502ecb9320>,1,1,[10  2],2,2,3,0,2
1,<environment.Job instance at 0x15502ecb9b90>,0,2,[ 1 10],1,3,5,2,2
1,<environment.Job instance at 0x15502ecb9cd0>,3,2,[8 1],7,7,9,0,7
1,<environment.Job instance at 0x15502be3a640>,0,2,[1 7],1,1,3,0,1
1,<environment.Job instance at 0x15502b748e10>,1,16,[9 1],5,28,44,23,28
1,<environment.Job instance at 0x1550301d1b40>,5,12,[2 5],8,325,337,317,325
1,<environment.Job instance at 0x15502baa50f0>,2,19,[2 5],7,20,39,13,20
1,<environment.Job instance at 0x15502e6cf910>,1,1,[ 2 10],2,31,32,29,31
1,<environment.Job instance at 0x15503497faa0>,2,25,[ 1 10],6,6,31,0,6
1,<environment.Job instance at 0x15502e6cf960>,3,3,[6 2],7,31,34,24,7
1,<environment.Job instance at 0x15503497ff00>,1,14,[10  2],5,34,48,29,30
1,<environment.Job instance at 0x15502e710fa0>,0,1,[9 2],2,2,3,0,2
1,<environment.Job instance at 0x15502eab4500>,2,3,[1 8],4,4,7,0,4
1,<environment.Job instance at 0x155036002280>,4,3,[10  1],7,10,13,3,10
1,<environment.Job instance at 0x15502fd71c30>,0,2,[1 8],1,1,3,0,1
1,<environment.Job instance at 0x15502b0f7730>,2,1,[2 5],3,3,4,0,3
1,<environment.Job instance at 0x15502b0f7280>,3,2,[6 2],4,4,6,0,4
1,<environment.Job instance at 0x15502b0f75a0>,5,2,[8 1],7,7,9,0,7
1,<environment.Job instance at 0x15502ea6e8c0>,6,3,[1 9],8,8,11,0,8
1,<environment.Job instance at 0x15502ea6e820>,1,2,[2 7],2,2,4,0,2
1,<environment.Job instance at 0x15502e6e1870>,5,3,[6 1],8,24,27,16,24
1,<environment.Job instance at 0x15502e818140>,1,2,[10  1],2,2,4,0,2
1,<environment.Job instance at 0x15502e8180a0>,3,19,[8 1],4,4,23,0,4
1,<environment.Job instance at 0x15502fcedb40>,4,17,[2 9],6,6,23,0,6
1,<environment.Job instance at 0x15502e8321e0>,6,2,[9 1],9,23,25,14,13
1,<environment.Job instance at 0x155060985320>,0,3,[ 1 10],1,1,4,0,1
1,<environment.Job instance at 0x15502e832230>,1,1,[9 2],2,4,5,2,2
1,<environment.Job instance at 0x1550609850f0>,3,2,[5 1],7,7,9,0,7
1,<environment.Job instance at 0x15502fc7f9b0>,4,2,[7 2],8,9,11,1,8
1,<environment.Job instance at 0x15502fc7fb90>,5,1,[2 9],9,11,12,2,9
1,<environment.Job instance at 0x15502b878820>,1,3,[1 9],3,3,6,0,3
1,<environment.Job instance at 0x15502b878910>,4,1,[2 6],7,53,54,46,53
1,<environment.Job instance at 0x15502b194550>,2,2,[8 2],3,3,5,0,3
1,<environment.Job instance at 0x15502b59aaf0>,6,2,[10  2],7,7,9,0,7
1,<environment.Job instance at 0x15502eb31870>,1,3,[2 7],4,4,7,0,4
1,<environment.Job instance at 0x15502b878f50>,4,1,[6 2],9,9,10,0,9
1,<environment.Job instance at 0x15502be1c140>,6,2,[6 2],9,106,108,97,106
1,<environment.Job instance at 0x155030162730>,0,1,[2 5],1,1,2,0,1
1,<environment.Job instance at 0x15502be1c4b0>,2,2,[5 2],3,3,5,0,3
1,<environment.Job instance at 0x1550301623c0>,3,3,[1 5],5,6,9,1,6
1,<environment.Job instance at 0x1550609c98c0>,0,1,[7 2],1,1,2,0,1
1,<environment.Job instance at 0x15502b876be0>,2,15,[2 7],4,4,19,0,4
1,<environment.Job instance at 0x15502b876d70>,6,1,[2 8],9,19,20,10,9
1,<environment.Job instance at 0x15502d160730>,1,3,[ 2 10],2,69,72,67,69
1,<environment.Job instance at 0x155061584d70>,2,3,[2 9],7,7,10,0,7
1,<environment.Job instance at 0x15502fcc0550>,4,2,[5 1],9,10,12,1,10
1,<environment.Job instance at 0x15502fcc0190>,3,2,[1 9],8,10,12,2,10
1,<environment.Job instance at 0x15502b3222d0>,0,1,[5 1],1,1,2,0,1
1,<environment.Job instance at 0x15502fc521e0>,2,3,[10  1],3,5,8,2,5
1,<environment.Job instance at 0x15502fc52e10>,3,16,[1 6],7,8,24,1,7
1,<environment.Job instance at 0x15502ea60460>,4,13,[9 1],8,8,21,0,8
1,<environment.Job instance at 0x15502ea60d20>,5,3,[ 1 10],9,24,27,15,11
1,<environment.Job instance at 0x15502b9ca690>,1,2,[1 5],5,5,7,0,5
1,<environment.Job instance at 0x15502b9ca640>,2,1,[9 1],6,6,7,0,6
1,<environment.Job instance at 0x15502b43dcd0>,3,23,[1 6],6,6,29,0,6
1,<environment.Job instance at 0x15502e711780>,6,3,[8 2],9,486,489,477,486
1,<environment.Job instance at 0x1550619436e0>,0,2,[5 2],1,1,3,0,1
1,<environment.Job instance at 0x155061943820>,7,3,[2 9],9,33,36,24,33
1,<environment.Job instance at 0x15502b322f50>,1,1,[1 9],3,4,5,1,4
1,<environment.Job instance at 0x15502b322780>,3,12,[1 8],6,12,24,6,12
1,<environment.Job instance at 0x155036984af0>,1,1,[1 5],3,3,4,0,3
1,<environment.Job instance at 0x15502ecdf820>,3,3,[1 9],5,5,8,0,5
1,<environment.Job instance at 0x15502ecdfd70>,5,2,[5 2],8,8,10,0,8
1,<environment.Job instance at 0x15502ecdf500>,6,20,[1 8],9,9,29,0,9
1,<environment.Job instance at 0x15502ecdf500>,2,2,[1 8],3,3,5,0,3
1,<environment.Job instance at 0x15502be1ff50>,2,2,[1 7],3,3,5,0,3
1,<environment.Job instance at 0x15502fc70be0>,2,20,[ 2 10],3,4,24,1,4
1,<environment.Job instance at 0x15502fc705a0>,5,1,[10  2],9,24,25,15,9
1,<environment.Job instance at 0x1550301806e0>,1,3,[9 1],2,2,5,0,2
1,<environment.Job instance at 0x15502b610640>,1,1,[ 2 10],2,2,3,0,2
1,<environment.Job instance at 0x15502e6bbdc0>,6,2,[1 9],9,9,11,0,9
1,<environment.Job instance at 0x15502fcbd500>,1,1,[10  1],3,3,4,0,3
1,<environment.Job instance at 0x15502f3b38c0>,1,3,[7 1],2,2,5,0,2
1,<environment.Job instance at 0x15502bd799b0>,3,16,[ 1 10],5,6,22,1,6
1,<environment.Job instance at 0x15502bd79cd0>,4,3,[2 5],6,22,25,16,17
1,<environment.Job instance at 0x15502bd79550>,5,18,[1 8],7,25,43,18,20
1,<environment.Job instance at 0x15502ba47960>,5,13,[2 9],7,47,60,40,47
1,<environment.Job instance at 0x15502ba478c0>,1,1,[8 2],6,6,7,0,6
1,<environment.Job instance at 0x15502b3a2730>,3,23,[6 1],9,26,49,17,26
1,<environment.Job instance at 0x15502b3a2730>,2,2,[10  1],4,33,35,29,33
1,<environment.Job instance at 0x15502fe01c80>,2,2,[1 8],3,12,14,9,12
1,<environment.Job instance at 0x15502fe01f00>,1,2,[2 8],2,160,162,158,160
1,<environment.Job instance at 0x155035fdc730>,3,3,[1 7],6,820,823,814,820
1,<environment.Job instance at 0x15502dba75f0>,2,3,[2 6],5,44,47,39,44
1,<environment.Job instance at 0x15502dba7a50>,4,18,[2 5],7,99,117,92,99
1,<environment.Job instance at 0x15502bf3d370>,3,3,[2 6],7,7,10,0,7
1,<environment.Job instance at 0x15502bf3d8c0>,4,1,[2 8],8,10,11,2,8
1,<environment.Job instance at 0x15502b47df00>,3,18,[ 2 10],7,7,25,0,7
1,<environment.Job instance at 0x15502b47d550>,4,1,[10  1],9,25,26,16,9
1,<environment.Job instance at 0x15503602b870>,0,2,[10  1],1,1,3,0,1
1,<environment.Job instance at 0x15502b0c88c0>,4,1,[7 2],9,168,169,159,168
1,<environment.Job instance at 0x15503602be10>,2,3,[5 2],4,171,174,167,171
1,<environment.Job instance at 0x15502b0c84b0>,3,2,[2 5],5,21,23,16,21
1,<environment.Job instance at 0x15502fd51370>,5,2,[1 5],7,52,54,45,52
1,<environment.Job instance at 0x155036944460>,0,2,[5 1],1,2,4,1,2
1,<environment.Job instance at 0x15502fcc84b0>,4,18,[2 8],6,6,24,0,6
1,<environment.Job instance at 0x15502b759550>,5,2,[7 2],7,8,10,1,8
1,<environment.Job instance at 0x15502b54a5f0>,2,3,[1 9],6,9,12,3,9
1,<environment.Job instance at 0x15502b9cda50>,0,2,[10  2],1,1,3,0,1
1,<environment.Job instance at 0x15503697a730>,2,1,[2 9],3,3,4,0,3
1,<environment.Job instance at 0x15502b2a4b40>,3,3,[6 1],4,4,7,0,4
1,<environment.Job instance at 0x15502b9cd780>,6,1,[1 9],7,11,12,4,11
1,<environment.Job instance at 0x15502b2a4aa0>,7,12,[ 2 10],8,34,46,26,34
1,<environment.Job instance at 0x1550369379b0>,1,3,[6 1],2,2,5,0,2
1,<environment.Job instance at 0x15502bcbbf00>,5,3,[7 2],9,653,656,644,653
1,<environment.Job instance at 0x15502ed7fc80>,1,2,[6 1],3,3,5,0,3
1,<environment.Job instance at 0x15502ed7fe60>,3,2,[1 7],6,6,8,0,6
1,<environment.Job instance at 0x15502b42fd20>,4,1,[6 1],7,7,8,0,7
1,<environment.Job instance at 0x155060020d70>,1,1,[7 2],3,3,4,0,3
1,<environment.Job instance at 0x1550600205a0>,2,1,[ 2 10],6,6,7,0,6
1,<environment.Job instance at 0x155060020370>,3,3,[2 5],7,7,10,0,7
1,<environment.Job instance at 0x155060091820>,2,24,[ 2 10],4,4,28,0,4
1,<environment.Job instance at 0x15502b52c550>,3,17,[5 1],5,57,74,52,57
1,<environment.Job instance at 0x15502b44dd20>,1,3,[2 7],2,2,5,0,2
1,<environment.Job instance at 0x155035faa960>,2,3,[10  1],3,5,8,2,3
1,<environment.Job instance at 0x155035faaaa0>,3,3,[9 2],4,8,11,4,4
1,<environment.Job instance at 0x155035faa140>,4,2,[10  1],5,11,13,6,5
1,<environment.Job instance at 0x155035faaa50>,5,20,[2 5],6,13,33,7,6
1,<environment.Job instance at 0x15502ec680f0>,4,13,[2 6],7,33,46,26,33
1,<environment.Job instance at 0x15502ec48f50>,1,12,[6 2],3,5,17,2,5
1,<environment.Job instance at 0x15502eaf7cd0>,3,2,[6 2],9,17,19,8,16
1,<environment.Job instance at 0x15502c604f50>,2,23,[1 6],6,6,29,0,6
1,<environment.Job instance at 0x1550600b0910>,1,3,[5 1],2,2,5,0,2
1,<environment.Job instance at 0x1550301e36e0>,6,19,[1 9],9,92,111,83,92
1,<environment.Job instance at 0x15502bb0f140>,1,14,[2 8],6,10,24,4,10
1,<environment.Job instance at 0x15503012ef50>,1,1,[6 1],2,2,3,0,2
1,<environment.Job instance at 0x15503012edc0>,3,1,[1 8],4,4,5,0,4
1,<environment.Job instance at 0x15502ed47af0>,1,12,[2 7],2,2,14,0,2
1,<environment.Job instance at 0x15502b592460>,3,24,[5 2],5,51,75,46,51
1,<environment.Job instance at 0x155031a9da50>,4,1,[10  1],6,6,7,0,6
1,<environment.Job instance at 0x15502c5beb40>,5,2,[9 2],9,12,14,3,12
1,<environment.Job instance at 0x155031a9daf0>,3,3,[7 2],4,29,32,25,29
1,<environment.Job instance at 0x15502b5920f0>,2,16,[6 2],3,34,50,31,34
1,<environment.Job instance at 0x155031a9db40>,0,3,[7 1],2,2,5,0,2
1,<environment.Job instance at 0x155035e001e0>,2,3,[2 8],7,7,10,0,7
1,<environment.Job instance at 0x155035e00f50>,3,24,[2 8],8,10,34,2,8
1,<environment.Job instance at 0x15502e618f00>,0,2,[10  2],1,1,3,0,1
1,<environment.Job instance at 0x15506008b4b0>,2,3,[1 8],3,3,6,0,3
1,<environment.Job instance at 0x15502e618960>,4,17,[6 2],5,17,34,12,17
1,<environment.Job instance at 0x15502eb8d190>,2,27,[2 9],5,5,32,0,5
1,<environment.Job instance at 0x15508012d190>,0,2,[2 9],4,4,6,0,4
1,<environment.Job instance at 0x15502fd54960>,1,2,[9 1],5,6,8,1,5
1,<environment.Job instance at 0x15502fd54cd0>,2,2,[9 1],6,8,10,2,6
1,<environment.Job instance at 0x15502fd543c0>,4,15,[9 1],8,62,77,54,62
1,<environment.Job instance at 0x15502b4cb690>,2,13,[1 6],3,29,42,26,29
1,<environment.Job instance at 0x15502b30bfa0>,3,2,[10  1],6,229,231,223,229
1,<environment.Job instance at 0x15502b30bcd0>,1,3,[5 1],2,5,8,3,5
1,<environment.Job instance at 0x15502b30ba00>,3,3,[5 1],6,27,30,21,27
1,<environment.Job instance at 0x15502b341aa0>,3,1,[1 9],6,359,360,353,359
1,<environment.Job instance at 0x155035e79140>,0,1,[8 1],1,1,2,0,1
1,<environment.Job instance at 0x155035e79730>,2,3,[9 2],3,4,7,1,4
1,<environment.Job instance at 0x155035e79c30>,6,24,[2 9],9,9,33,0,9
1,<environment.Job instance at 0x15502b883f50>,2,14,[5 1],3,18,32,15,18
1,<environment.Job instance at 0x15502ebda3c0>,0,3,[8 2],1,1,4,0,1
1,<environment.Job instance at 0x15502ebda4b0>,4,14,[1 6],5,54,68,49,54
1,<environment.Job instance at 0x155036942aa0>,0,3,[8 2],1,1,4,0,1
1,<environment.Job instance at 0x1550369425f0>,2,2,[2 5],3,119,121,116,119
1,<environment.Job instance at 0x15502beb2460>,1,15,[2 5],3,3,18,0,3
1,<environment.Job instance at 0x15502beb2f50>,2,2,[1 5],5,8,10,3,8
1,<environment.Job instance at 0x15502b4cb140>,3,14,[1 8],7,18,32,11,16
1,<environment.Job instance at 0x15502b4cb8c0>,3,3,[7 1],5,52,55,47,52
1,<environment.Job instance at 0x155031a96f00>,1,3,[2 5],2,2,5,0,2
1,<environment.Job instance at 0x15502eca40f0>,3,16,[2 5],4,4,20,0,4
1,<environment.Job instance at 0x155060054cd0>,4,3,[1 9],5,20,23,15,5
1,<environment.Job instance at 0x155060054500>,5,3,[2 7],6,23,26,17,6
1,<environment.Job instance at 0x155060054730>,6,3,[ 2 10],7,26,29,19,7
1,<environment.Job instance at 0x15502b655d70>,4,2,[2 9],9,9,11,0,9
1,<environment.Job instance at 0x15506012d870>,2,20,[8 1],3,25,45,22,25
1,<environment.Job instance at 0x15502be43460>,4,17,[1 8],5,5,22,0,5
1,<environment.Job instance at 0x15502be432d0>,5,2,[7 2],6,6,8,0,6
1,<environment.Job instance at 0x15502be434b0>,7,3,[9 1],8,9,12,1,9
1,<environment.Job instance at 0x15502b35eaa0>,2,2,[2 9],4,4,6,0,4
1,<environment.Job instance at 0x15502b35e960>,3,14,[ 1 10],5,6,20,1,5
1,<environment.Job instance at 0x15502b35e550>,4,15,[6 1],6,20,35,14,6
1,<environment.Job instance at 0x15502b35ee60>,5,2,[2 6],9,20,22,11,9
1,<environment.Job instance at 0x1550600a3640>,3,17,[1 5],4,13,30,9,13
1,<environment.Job instance at 0x15502b6213c0>,2,1,[10  1],3,3,4,0,3
1,<environment.Job instance at 0x15502b6215a0>,1,1,[2 9],2,4,5,2,3
1,<environment.Job instance at 0x1550360111e0>,4,3,[ 1 10],5,5,8,0,5
1,<environment.Job instance at 0x15502b065b90>,1,28,[6 1],2,10,38,8,10
1,<environment.Job instance at 0x15502c66f690>,3,2,[10  2],5,273,275,268,273
1,<environment.Job instance at 0x15502fe25a00>,1,1,[2 8],2,2,3,0,2
1,<environment.Job instance at 0x15502e670140>,3,13,[6 2],5,38,51,33,38
1,<environment.Job instance at 0x1550609db7d0>,0,1,[5 2],1,1,2,0,1
1,<environment.Job instance at 0x1550369accd0>,1,1,[2 6],3,3,4,0,3
1,<environment.Job instance at 0x1550369aca50>,2,2,[9 2],5,5,7,0,5
1,<environment.Job instance at 0x15502b78a500>,4,1,[10  1],7,7,8,0,7
1,<environment.Job instance at 0x15502b3c1730>,2,3,[6 1],8,16,19,8,16
1,<environment.Job instance at 0x15502b98c410>,1,2,[ 1 10],3,3,5,0,3
1,<environment.Job instance at 0x15502b98cb90>,3,1,[10  1],6,19,20,13,19
1,<environment.Job instance at 0x15502fc52960>,0,3,[2 9],2,2,5,0,2
1,<environment.Job instance at 0x15502eb19500>,3,22,[2 5],5,5,27,0,5
1,<environment.Job instance at 0x15503601eeb0>,4,2,[1 7],9,10,12,1,10
1,<environment.Job instance at 0x155036029780>,1,3,[5 2],2,40,43,38,40
1,<environment.Job instance at 0x15502b7e3550>,1,2,[2 6],2,2,4,0,2
1,<environment.Job instance at 0x15503689e140>,2,1,[2 6],5,5,6,0,5
1,<environment.Job instance at 0x15502b4c9c80>,4,3,[10  1],8,8,11,0,8
1,<environment.Job instance at 0x15502b05d640>,5,18,[1 6],9,11,29,2,9
1,<environment.Job instance at 0x15502b755af0>,1,3,[5 2],4,4,7,0,4
1,<environment.Job instance at 0x15502b05d320>,3,1,[5 1],7,7,8,0,7
1,<environment.Job instance at 0x15502eb55eb0>,4,14,[2 7],8,8,22,0,8
1,<environment.Job instance at 0x15502be38fa0>,1,2,[ 1 10],4,44,46,40,44
1,<environment.Job instance at 0x15502b049410>,2,17,[8 1],8,17,34,9,17
1,<environment.Job instance at 0x15502b786870>,0,3,[6 2],1,1,4,0,1
1,<environment.Job instance at 0x15502b786500>,4,1,[7 1],8,125,126,117,125
1,<environment.Job instance at 0x15502b692870>,1,16,[2 9],2,2,18,0,2
1,<environment.Job instance at 0x15503697ad20>,1,2,[7 2],6,6,8,0,6
1,<environment.Job instance at 0x15503697adc0>,2,2,[2 7],7,7,9,0,7
1,<environment.Job instance at 0x15502c5d7f50>,4,1,[6 1],9,10,11,1,10
1,<environment.Job instance at 0x15502bdc5d70>,0,2,[9 2],2,2,4,0,2
1,<environment.Job instance at 0x1550301bf3c0>,1,2,[2 7],4,4,6,0,4
1,<environment.Job instance at 0x1550301bfe10>,2,2,[7 2],5,5,7,0,5
1,<environment.Job instance at 0x155030120af0>,0,3,[9 2],1,1,4,0,1
1,<environment.Job instance at 0x15502ed22f00>,4,2,[8 2],6,8,10,2,8
1,<environment.Job instance at 0x15502ec48960>,1,1,[7 1],3,3,4,0,3
1,<environment.Job instance at 0x1550301f04b0>,2,2,[10  2],4,4,6,0,4
1,<environment.Job instance at 0x1550301f0050>,3,2,[7 1],5,6,8,1,5
1,<environment.Job instance at 0x1550301f0370>,6,3,[9 2],9,10,13,1,10
1,<environment.Job instance at 0x1550300e1b40>,1,2,[2 9],2,4,6,2,4
1,<environment.Job instance at 0x1550300e14b0>,2,1,[6 1],3,9,10,6,9
1,<environment.Job instance at 0x15502b9e90a0>,5,2,[7 1],7,183,185,176,183
1,<environment.Job instance at 0x155035df4640>,1,2,[5 1],3,3,5,0,3
1,<environment.Job instance at 0x15502fc14aa0>,3,17,[2 5],5,5,22,0,5
1,<environment.Job instance at 0x15502e74b5a0>,1,1,[10  1],2,2,3,0,2
1,<environment.Job instance at 0x155031aaf190>,0,2,[1 6],2,2,4,0,2
1,<environment.Job instance at 0x155080142690>,1,2,[9 1],4,4,6,0,4
1,<environment.Job instance at 0x15502ea6e280>,0,2,[2 6],1,1,3,0,1
1,<environment.Job instance at 0x15502dbb09b0>,1,2,[8 2],4,4,6,0,4
1,<environment.Job instance at 0x15502fc6b820>,2,1,[10  2],5,6,7,1,5
1,<environment.Job instance at 0x15502bc693c0>,5,17,[ 1 10],9,19,36,10,19
1,<environment.Job instance at 0x155035fe9be0>,2,3,[8 2],3,3,6,0,3
1,<environment.Job instance at 0x15502b6aac30>,3,1,[1 8],5,5,6,0,5
1,<environment.Job instance at 0x15502b6aa5a0>,4,3,[9 1],7,7,10,0,7
1,<environment.Job instance at 0x15502b6aafa0>,5,17,[2 5],8,10,27,2,8
1,<environment.Job instance at 0x1550801364b0>,1,17,[ 2 10],2,2,19,0,2
1,<environment.Job instance at 0x15502b6aa5f0>,3,14,[2 9],5,19,33,14,8
1,<environment.Job instance at 0x15502b6aa230>,2,13,[1 7],4,33,46,29,19
1,<environment.Job instance at 0x15502b6aa9b0>,4,19,[8 1],7,168,187,161,168
1,<environment.Job instance at 0x15502b797b40>,2,3,[8 2],3,5,8,2,5
1,<environment.Job instance at 0x15502e649050>,1,2,[1 8],2,15,17,13,15
1,<environment.Job instance at 0x15502b797f50>,5,12,[1 9],8,1549,1561,1541,1549
1,<environment.Job instance at 0x15502e6cf370>,1,26,[1 6],2,2,28,0,2
1,<environment.Job instance at 0x155034985370>,1,25,[10  1],3,100,125,97,100
1,<environment.Job instance at 0x15502ec11410>,0,1,[5 2],3,3,4,0,3
1,<environment.Job instance at 0x15502eb152d0>,2,2,[ 1 10],5,5,7,0,5
1,<environment.Job instance at 0x15502ec07c80>,1,1,[ 2 10],2,2,3,0,2
1,<environment.Job instance at 0x15502ec11370>,2,24,[2 9],4,4,28,0,4
1,<environment.Job instance at 0x15502b57d8c0>,5,3,[5 2],9,35,38,26,35
1,<environment.Job instance at 0x15502e5dfe10>,2,1,[6 2],4,4,5,0,4
1,<environment.Job instance at 0x15502be184b0>,1,14,[6 2],3,10,24,7,10
1,<environment.Job instance at 0x15502ba891e0>,5,17,[10  2],7,682,699,675,682
1,<environment.Job instance at 0x155035f6bb90>,1,1,[2 7],3,3,4,0,3
1,<environment.Job instance at 0x15502b6dc1e0>,3,26,[ 1 10],6,6,32,0,6
1,<environment.Job instance at 0x15502b6dc7d0>,4,2,[1 8],7,32,34,25,7
1,<environment.Job instance at 0x15502ed204b0>,2,3,[8 2],5,77,80,72,77
1,<environment.Job instance at 0x15502ed20a50>,1,1,[7 1],3,548,549,545,548
1,<environment.Job instance at 0x15502be02c30>,2,21,[10  2],4,4,25,0,4
1,<environment.Job instance at 0x15502be02230>,4,17,[ 2 10],8,25,42,17,14
1,<environment.Job instance at 0x1550612aa780>,2,18,[9 2],4,4,22,0,4
1,<environment.Job instance at 0x1550612aa500>,3,1,[ 2 10],5,22,23,17,5
1,<environment.Job instance at 0x1550612aa4b0>,5,3,[2 9],7,23,26,16,8
1,<environment.Job instance at 0x15503699b8c0>,0,16,[1 8],3,3,19,0,3
1,<environment.Job instance at 0x15502b004280>,4,2,[5 2],9,41,43,32,41
1,<environment.Job instance at 0x15502eafcaf0>,1,3,[7 1],2,2,5,0,2
1,<environment.Job instance at 0x15502eafcf50>,2,3,[10  2],5,5,8,0,5
1,<environment.Job instance at 0x15502eafc960>,3,2,[ 1 10],6,8,10,2,6
1,<environment.Job instance at 0x15502eb9df50>,4,3,[2 9],7,10,13,3,7
1,<environment.Job instance at 0x15502eafc780>,6,13,[1 7],9,13,26,4,10
1,<environment.Job instance at 0x15502b8adb90>,1,16,[ 1 10],2,2,18,0,2
1,<environment.Job instance at 0x15502bd4c320>,0,2,[10  2],1,1,3,0,1
1,<environment.Job instance at 0x15502bd4c460>,1,2,[10  1],2,3,5,1,2
1,<environment.Job instance at 0x15502fcfacd0>,2,1,[2 5],4,5,6,1,4
1,<environment.Job instance at 0x15502bd4c3c0>,6,28,[2 9],8,21,49,13,21
1,<environment.Job instance at 0x15502beb64b0>,3,3,[1 7],5,171,174,166,171
1,<environment.Job instance at 0x15502c676870>,2,12,[1 9],3,113,125,110,113
1,<environment.Job instance at 0x1550619433c0>,1,2,[1 9],2,158,160,156,158
1,<environment.Job instance at 0x15502c676eb0>,3,18,[7 1],8,563,581,555,563
1,<environment.Job instance at 0x15502b9c40a0>,0,2,[5 1],1,1,3,0,1
1,<environment.Job instance at 0x15502b9c4aa0>,3,20,[ 1 10],6,9,29,3,9
1,<environment.Job instance at 0x155035e0fe10>,0,2,[5 1],1,1,3,0,1
1,<environment.Job instance at 0x155031a77b40>,3,1,[1 8],4,4,5,0,4
1,<environment.Job instance at 0x155031a775a0>,4,24,[1 5],5,6,30,1,6
1,<environment.Job instance at 0x15502b78b190>,3,3,[2 9],5,5,8,0,5
1,<environment.Job instance at 0x15502c65f320>,1,18,[1 6],2,2,20,0,2
1,<environment.Job instance at 0x15502c65f500>,4,13,[7 1],5,5,18,0,5
1,<environment.Job instance at 0x155035e962d0>,5,2,[ 2 10],6,20,22,14,6
1,<environment.Job instance at 0x15502ea78370>,0,2,[8 2],1,1,3,0,1
1,<environment.Job instance at 0x15502ea78140>,3,19,[2 7],7,71,90,64,71
1,<environment.Job instance at 0x15506124d050>,0,2,[10  1],4,4,6,0,4
1,<environment.Job instance at 0x15506124d820>,1,15,[1 6],5,6,21,1,5
1,<environment.Job instance at 0x15506124d320>,4,1,[2 9],9,30,31,21,30
1,<environment.Job instance at 0x15502be9c6e0>,1,24,[1 7],4,4,28,0,4
1,<environment.Job instance at 0x155035fe98c0>,0,1,[5 2],1,1,2,0,1
1,<environment.Job instance at 0x15502be9c500>,4,12,[10  2],8,31,43,23,31
1,<environment.Job instance at 0x15502be1f780>,0,2,[8 1],2,2,4,0,2
1,<environment.Job instance at 0x15502ba14f00>,1,1,[7 2],3,4,5,1,3
1,<environment.Job instance at 0x15502be1f8c0>,2,2,[2 8],4,4,6,0,4
1,<environment.Job instance at 0x155061239730>,4,2,[10  2],7,7,9,0,7
1,<environment.Job instance at 0x1550612396e0>,5,1,[1 7],8,9,10,1,8
1,<environment.Job instance at 0x155061239eb0>,6,2,[2 5],9,10,12,1,9
1,<environment.Job instance at 0x155035e77e10>,1,19,[1 6],3,3,22,0,3
1,<environment.Job instance at 0x155035e77550>,4,2,[2 5],8,22,24,14,8
1,<environment.Job instance at 0x15502fc55cd0>,0,2,[7 1],1,1,3,0,1
1,<environment.Job instance at 0x15502fe0a820>,2,3,[1 5],4,49,52,45,49
1,<environment.Job instance at 0x15502b7929b0>,1,2,[1 6],3,3,5,0,3
1,<environment.Job instance at 0x15503007cfa0>,4,14,[5 2],6,10,24,4,10
1,<environment.Job instance at 0x15502b12eaa0>,4,3,[7 1],9,9,12,0,9
1,<environment.Job instance at 0x15503007c050>,3,2,[1 6],6,16,18,10,16
1,<environment.Job instance at 0x155030a444b0>,0,2,[8 1],1,1,3,0,1
1,<environment.Job instance at 0x155030a44140>,2,1,[2 8],6,6,7,0,6
1,<environment.Job instance at 0x15502b3b5b40>,1,16,[2 6],2,4,20,2,4
1,<environment.Job instance at 0x15502c59d780>,4,26,[1 7],8,67,93,59,67
1,<environment.Job instance at 0x15502bf61190>,2,12,[5 1],3,3,15,0,3
1,<environment.Job instance at 0x155030139050>,1,2,[1 8],2,12,14,10,12
1,<environment.Job instance at 0x15502b78e640>,7,25,[8 1],8,36,61,28,36
1,<environment.Job instance at 0x1550300df7d0>,3,25,[7 1],5,5,30,0,5
1,<environment.Job instance at 0x15502b38e410>,1,3,[2 8],3,3,6,0,3
1,<environment.Job instance at 0x155060055870>,3,1,[10  2],6,6,7,0,6
1,<environment.Job instance at 0x15502bf11fa0>,0,1,[1 5],1,1,2,0,1
1,<environment.Job instance at 0x15502bf116e0>,1,2,[9 2],4,4,6,0,4
1,<environment.Job instance at 0x15502bf11460>,2,1,[9 1],6,6,7,0,6
1,<environment.Job instance at 0x15502bf11aa0>,5,12,[1 8],9,21,33,12,21
1,<environment.Job instance at 0x1550368ae410>,0,2,[6 1],1,1,3,0,1
1,<environment.Job instance at 0x1550368aeeb0>,2,14,[1 6],5,5,19,0,5
1,<environment.Job instance at 0x15502eb2baa0>,3,1,[ 1 10],6,19,20,13,6
1,<environment.Job instance at 0x15502ed08820>,0,2,[9 2],1,1,3,0,1
1,<environment.Job instance at 0x15502ed080f0>,2,1,[6 2],3,3,4,0,3
1,<environment.Job instance at 0x1550301516e0>,3,1,[5 1],4,4,5,0,4
1,<environment.Job instance at 0x1550301c1370>,3,3,[10  1],5,25,28,20,25
1,<environment.Job instance at 0x15502bcfaf50>,2,3,[1 9],3,3,6,0,3
1,<environment.Job instance at 0x15502fd37050>,1,24,[1 6],2,6,30,4,4
1,<environment.Job instance at 0x15502bc4c0a0>,1,2,[9 1],3,3,5,0,3
1,<environment.Job instance at 0x15502e69faf0>,2,2,[5 1],5,6,8,1,6
1,<environment.Job instance at 0x15502e5dcd20>,2,20,[2 8],3,4,24,1,4
1,<environment.Job instance at 0x15502e5dccd0>,6,13,[6 2],7,672,685,665,672
1,<environment.Job instance at 0x15503013d0a0>,1,18,[2 9],3,92,110,89,92
1,<environment.Job instance at 0x15502b503d70>,5,27,[1 9],7,986,1013,979,986
1,<environment.Job instance at 0x15502b191eb0>,1,14,[1 7],2,2,16,0,2
1,<environment.Job instance at 0x15502b325aa0>,0,1,[2 5],1,1,2,0,1
1,<environment.Job instance at 0x15502b325b90>,3,3,[7 2],7,8,11,1,8
1,<environment.Job instance at 0x15502ed91cd0>,4,1,[2 5],8,8,9,0,8
1,<environment.Job instance at 0x15502ed91550>,5,2,[8 2],9,9,11,0,9
1,<environment.Job instance at 0x15502ed91c80>,1,3,[9 1],3,3,6,0,3
1,<environment.Job instance at 0x15502ed22730>,3,3,[2 5],5,6,9,1,5
1,<environment.Job instance at 0x15506000c690>,5,27,[ 1 10],8,15,42,7,15
1,<environment.Job instance at 0x15503007aa50>,1,3,[2 8],2,2,5,0,2
1,<environment.Job instance at 0x15503497f780>,2,1,[ 2 10],3,5,6,2,3
1,<environment.Job instance at 0x15503007ad70>,4,16,[1 8],5,12,28,7,12
1,<environment.Job instance at 0x15503497f4b0>,6,25,[1 8],7,626,651,619,626
1,<environment.Job instance at 0x15502ed2d550>,0,1,[9 2],1,1,2,0,1
1,<environment.Job instance at 0x15502ed2da50>,3,2,[6 1],6,6,8,0,6
1,<environment.Job instance at 0x15502ed2d280>,2,25,[ 2 10],5,8,33,3,7
1,<environment.Job instance at 0x15502ed2d460>,5,3,[8 1],9,33,36,24,10
1,<environment.Job instance at 0x15502bd5fd70>,1,1,[10  1],2,3,4,1,3
1,<environment.Job instance at 0x15502bd5ff50>,2,3,[2 8],3,8,11,5,8
1,<environment.Job instance at 0x15502b5be780>,1,1,[8 1],2,2,3,0,2
1,<environment.Job instance at 0x15502fce0f50>,3,3,[7 1],4,4,7,0,4
1,<environment.Job instance at 0x15502fc767d0>,6,2,[6 1],7,231,233,224,231
1,<environment.Job instance at 0x15502b08bb40>,1,3,[8 2],2,2,5,0,2
1,<environment.Job instance at 0x15502b08bcd0>,2,1,[2 6],4,4,5,0,4
1,<environment.Job instance at 0x15502b08bc80>,3,1,[1 6],5,5,6,0,5
1,<environment.Job instance at 0x15502b08b230>,4,3,[1 8],6,6,9,0,6
1,<environment.Job instance at 0x15502b08baf0>,6,3,[6 2],9,9,12,0,9
1,<environment.Job instance at 0x15502b08b960>,0,3,[1 9],2,2,5,0,2
1,<environment.Job instance at 0x15502baca730>,3,2,[6 1],7,18,20,11,18
1,<environment.Job instance at 0x15502b90d960>,1,3,[7 2],2,2,5,0,2
1,<environment.Job instance at 0x15502b90d370>,2,18,[1 8],3,6,24,3,6
1,<environment.Job instance at 0x15502ebd57d0>,0,2,[2 6],1,1,3,0,1
1,<environment.Job instance at 0x15502ebd5cd0>,1,1,[6 1],3,3,4,0,3
1,<environment.Job instance at 0x155080142410>,4,3,[1 8],9,748,751,739,748
1,<environment.Job instance at 0x155030a14960>,1,2,[1 5],2,2,4,0,2
1,<environment.Job instance at 0x15502fc5c0a0>,2,2,[8 1],3,3,5,0,3
1,<environment.Job instance at 0x15502fc5c6e0>,4,3,[8 2],5,5,8,0,5
1,<environment.Job instance at 0x15502fc5c820>,5,3,[2 6],6,6,9,0,6
1,<environment.Job instance at 0x155030a140a0>,7,14,[2 9],8,15,29,7,15
1,<environment.Job instance at 0x1550369ba3c0>,0,3,[10  2],1,1,4,0,1
1,<environment.Job instance at 0x1550369ba690>,3,2,[1 7],7,8,10,1,8
1,<environment.Job instance at 0x1550369ba0a0>,4,12,[2 9],8,10,22,2,10
1,<environment.Job instance at 0x15502e6e4820>,7,17,[2 6],9,11,28,2,11
1,<environment.Job instance at 0x1550369b9320>,2,27,[ 2 10],4,46,73,42,46
1,<environment.Job instance at 0x15502fca7aa0>,1,1,[7 2],3,3,4,0,3
1,<environment.Job instance at 0x155035fb26e0>,2,3,[9 2],5,5,8,0,5
1,<environment.Job instance at 0x1550612d88c0>,4,3,[7 2],7,12,15,5,12
1,<environment.Job instance at 0x1550612d85a0>,6,1,[8 2],9,33,34,24,33
1,<environment.Job instance at 0x15502ed7f5f0>,1,3,[2 8],3,16,19,13,16
1,<environment.Job instance at 0x15502ed7f370>,3,2,[7 1],6,292,294,286,292
1,<environment.Job instance at 0x155035f1fe60>,1,17,[5 1],3,53,70,50,53
1,<environment.Job instance at 0x155035f1f230>,3,3,[1 5],8,71,74,63,71
1,<environment.Job instance at 0x1550368bebe0>,1,23,[2 9],2,2,25,0,2
1,<environment.Job instance at 0x15502b450050>,0,23,[1 9],2,2,25,0,2
1,<environment.Job instance at 0x15502b0b23c0>,2,2,[8 2],4,25,27,21,4
1,<environment.Job instance at 0x15502b0b2fa0>,3,2,[10  2],5,27,29,22,5
1,<environment.Job instance at 0x15502b302f50>,5,15,[9 2],9,29,44,20,17
1,<environment.Job instance at 0x15502b363f00>,2,3,[2 7],3,3,6,0,3
1,<environment.Job instance at 0x15502b3eac30>,4,1,[9 1],6,8,9,2,8
1,<environment.Job instance at 0x15502b35e730>,5,1,[10  1],9,156,157,147,156
1,<environment.Job instance at 0x15502b1ab640>,5,14,[1 5],7,111,125,104,111
1,<environment.Job instance at 0x15502c5c40f0>,1,26,[2 5],3,20,46,17,20
1,<environment.Job instance at 0x15502eb2b2d0>,0,2,[2 9],3,3,5,0,3
1,<environment.Job instance at 0x15502b1ab690>,1,3,[10  1],5,5,8,0,5
1,<environment.Job instance at 0x155036924d20>,4,14,[1 7],8,94,108,86,94
1,<environment.Job instance at 0x155036924fa0>,5,3,[1 9],9,172,175,163,172
1,<environment.Job instance at 0x15502ba7d230>,1,23,[2 9],3,12,35,9,12
1,<environment.Job instance at 0x15502b7ae140>,0,1,[1 5],2,2,3,0,2
1,<environment.Job instance at 0x15502b950690>,2,2,[1 6],5,5,7,0,5
1,<environment.Job instance at 0x15502b950230>,3,14,[ 2 10],7,7,21,0,7
1,<environment.Job instance at 0x15502b392960>,4,3,[10  2],9,21,24,12,9
1,<environment.Job instance at 0x155034985370>,0,1,[8 2],3,3,4,0,3
1,<environment.Job instance at 0x155034985050>,3,12,[2 5],6,45,57,39,45
1,<environment.Job instance at 0x155035dca1e0>,2,1,[7 1],4,4,5,0,4
1,<environment.Job instance at 0x15502c64feb0>,3,2,[1 5],5,5,7,0,5
1,<environment.Job instance at 0x15502c64f1e0>,6,1,[5 2],8,16,17,8,16
1,<environment.Job instance at 0x15502fcd5eb0>,2,15,[2 8],4,4,19,0,4
1,<environment.Job instance at 0x15502fcd50f0>,4,1,[6 1],9,9,10,0,9
1,<environment.Job instance at 0x15502e5f7fa0>,6,3,[8 2],7,7,10,0,7
1,<environment.Job instance at 0x15502fdac2d0>,4,1,[5 1],6,7,8,1,7
1,<environment.Job instance at 0x15502fdacf50>,6,1,[6 2],8,8,9,0,8
1,<environment.Job instance at 0x15502fdac550>,5,15,[5 2],7,9,24,2,8
1,<environment.Job instance at 0x15502fdacbe0>,7,3,[10  2],9,24,27,15,9
1,<environment.Job instance at 0x15502ba479b0>,0,3,[7 1],1,1,4,0,1
1,<environment.Job instance at 0x15502fc2a8c0>,5,3,[10  2],7,155,158,148,155
1,<environment.Job instance at 0x1550369659b0>,1,13,[1 8],2,5,18,3,5
1,<environment.Job instance at 0x155036965e60>,2,13,[1 5],3,36,49,33,36
1,<environment.Job instance at 0x15502e6f7370>,1,2,[2 5],3,3,5,0,3
1,<environment.Job instance at 0x15502be8a050>,1,16,[2 6],3,3,19,0,3
1,<environment.Job instance at 0x15502b78b8c0>,5,16,[2 6],9,19,35,10,10
1,<environment.Job instance at 0x15502b78b640>,4,2,[7 2],7,10,12,3,10
1,<environment.Job instance at 0x15502eb68730>,0,1,[1 5],1,1,2,0,1
1,<environment.Job instance at 0x15502e6e2500>,0,2,[6 1],1,1,3,0,1
1,<environment.Job instance at 0x15502e6e23c0>,3,3,[1 9],8,9,12,1,9
1,<environment.Job instance at 0x15502b155f50>,2,2,[5 2],3,12,14,9,11
1,<environment.Job instance at 0x15502ea614b0>,3,3,[2 5],5,7,10,2,7
1,<environment.Job instance at 0x15502f3a3eb0>,6,19,[1 5],8,8,27,0,8
1,<environment.Job instance at 0x1550369375a0>,2,1,[2 6],3,27,28,24,16
1,<environment.Job instance at 0x1550369379b0>,5,1,[1 7],7,126,127,119,126
1,<environment.Job instance at 0x155035f42af0>,1,3,[2 6],3,4,7,1,4
1,<environment.Job instance at 0x15502b054690>,3,18,[1 6],6,7,25,1,6
1,<environment.Job instance at 0x155035f42500>,2,3,[5 1],4,7,10,3,7
1,<environment.Job instance at 0x15502b054fa0>,5,12,[7 2],9,10,22,1,9
1,<environment.Job instance at 0x15502eb680f0>,3,15,[ 1 10],7,983,998,976,983
1,<environment.Job instance at 0x15502eb68640>,2,2,[2 5],3,44,46,41,44
1,<environment.Job instance at 0x15502eb68d20>,0,1,[7 2],3,3,4,0,3
1,<environment.Job instance at 0x15502b755f00>,1,2,[2 8],3,3,5,0,3
1,<environment.Job instance at 0x15502be63be0>,3,1,[10  2],6,6,7,0,6
1,<environment.Job instance at 0x15502be63230>,5,25,[1 7],9,10,35,1,10
1,<environment.Job instance at 0x15502b755be0>,2,1,[ 1 10],5,35,36,30,15
1,<environment.Job instance at 0x15502b9d9780>,0,16,[2 8],3,3,19,0,3
1,<environment.Job instance at 0x1550600adbe0>,2,13,[6 1],5,5,18,0,5
1,<environment.Job instance at 0x15503496d960>,0,2,[1 7],1,1,3,0,1
1,<environment.Job instance at 0x15503496dfa0>,3,1,[1 9],5,5,6,0,5
1,<environment.Job instance at 0x15503496deb0>,4,20,[2 8],7,7,27,0,7
1,<environment.Job instance at 0x15503496d780>,1,1,[1 8],5,5,6,0,5
1,<environment.Job instance at 0x15502b8f3fa0>,3,3,[ 2 10],8,8,11,0,8
1,<environment.Job instance at 0x155060a0dd20>,1,3,[7 2],2,2,5,0,2
1,<environment.Job instance at 0x15502b9c04b0>,3,1,[9 2],5,5,6,0,5
1,<environment.Job instance at 0x15502fca7aa0>,4,1,[5 1],8,8,9,0,8
1,<environment.Job instance at 0x15502fca7c30>,5,2,[5 2],9,9,11,0,9
1,<environment.Job instance at 0x15502c5e4aa0>,4,2,[10  2],6,8,10,2,8
1,<environment.Job instance at 0x15502b90a370>,2,1,[7 2],3,10,11,7,8
1,<environment.Job instance at 0x155036942dc0>,2,2,[2 7],9,9,11,0,9
1,<environment.Job instance at 0x15502bf1eaa0>,4,15,[1 9],8,10,25,2,10
1,<environment.Job instance at 0x15502b52eaa0>,6,2,[6 1],9,13,15,4,13
1,<environment.Job instance at 0x155035e91be0>,1,15,[8 1],3,34,49,31,34
1,<environment.Job instance at 0x15506000c050>,0,1,[10  1],2,2,3,0,2
1,<environment.Job instance at 0x15502b934870>,2,1,[9 1],4,4,5,0,4
1,<environment.Job instance at 0x15502b934370>,4,1,[8 1],7,9,10,2,9
1,<environment.Job instance at 0x15502b934730>,6,3,[2 7],9,383,386,374,383
1,<environment.Job instance at 0x15502bf1b1e0>,0,16,[1 7],1,1,17,0,1
1,<environment.Job instance at 0x15502b533aa0>,2,3,[8 2],9,9,12,0,9
1,<environment.Job instance at 0x155031a999b0>,2,21,[2 7],5,5,26,0,5
1,<environment.Job instance at 0x15502b487c80>,3,2,[2 8],6,26,28,20,6
1,<environment.Job instance at 0x15502b7ce910>,1,16,[1 6],3,3,19,0,3
1,<environment.Job instance at 0x15502be9d730>,3,24,[9 2],5,10,34,5,10
1,<environment.Job instance at 0x15502fd13b40>,1,2,[2 9],2,2,4,0,2
1,<environment.Job instance at 0x15502b2c8500>,3,21,[5 2],8,138,159,130,138
1,<environment.Job instance at 0x15502b713e60>,1,16,[1 9],2,4,20,2,4
1,<environment.Job instance at 0x15502bf1c820>,3,2,[1 6],4,222,224,218,222
1,<environment.Job instance at 0x15502e7ec230>,0,1,[1 5],1,1,2,0,1
1,<environment.Job instance at 0x155060036fa0>,3,1,[1 5],6,38,39,32,38
1,<environment.Job instance at 0x155035debf50>,1,2,[5 1],3,3,5,0,3
1,<environment.Job instance at 0x1550600360a0>,3,18,[7 1],5,11,29,6,11
1,<environment.Job instance at 0x15502eb070a0>,0,1,[9 1],2,2,3,0,2
1,<environment.Job instance at 0x155035ff79b0>,3,3,[2 9],8,8,11,0,8
1,<environment.Job instance at 0x155035ff7f00>,4,3,[9 1],9,11,14,2,9
1,<environment.Job instance at 0x15502b0b0f50>,1,2,[1 7],2,8,10,6,8
1,<environment.Job instance at 0x155060064aa0>,7,12,[10  2],9,116,128,107,116
1,<environment.Job instance at 0x1550600642d0>,1,24,[7 1],3,169,193,166,169
1,<environment.Job instance at 0x155030181190>,2,3,[7 2],3,3,6,0,3
1,<environment.Job instance at 0x1550301812d0>,1,14,[7 1],2,10,24,8,10
1,<environment.Job instance at 0x15502c5b9820>,3,2,[5 2],4,4,6,0,4
1,<environment.Job instance at 0x15502b611c30>,1,18,[9 2],2,6,24,4,6
1,<environment.Job instance at 0x15502b611140>,5,3,[9 1],8,24,27,16,15
1,<environment.Job instance at 0x15502c5b9d70>,6,16,[2 9],9,27,43,18,19
1,<environment.Job instance at 0x15502b5f0dc0>,0,2,[1 5],1,1,3,0,1
1,<environment.Job instance at 0x15502bbbac80>,2,2,[9 1],3,3,5,0,3
1,<environment.Job instance at 0x15502c5b9d70>,5,1,[6 1],7,280,281,273,280
1,<environment.Job instance at 0x15502fd4bdc0>,0,1,[9 2],1,1,2,0,1
1,<environment.Job instance at 0x15502fd4be10>,1,3,[7 2],3,3,6,0,3
1,<environment.Job instance at 0x15502fd4baf0>,2,3,[6 2],6,6,9,0,6
1,<environment.Job instance at 0x15502e6e1820>,2,2,[6 2],3,7,9,4,7
1,<environment.Job instance at 0x15502e6e1500>,3,1,[10  2],9,9,10,0,9
1,<environment.Job instance at 0x15502b61d960>,2,21,[ 2 10],7,10,31,3,10
1,<environment.Job instance at 0x15502bc698c0>,7,2,[8 2],9,26,28,17,26
1,<environment.Job instance at 0x15502ecebe10>,0,1,[1 6],1,2,3,1,2
1,<environment.Job instance at 0x15502ecebe60>,3,1,[1 8],4,4,5,0,4
1,<environment.Job instance at 0x15502ea88f00>,4,1,[8 2],5,5,6,0,5
1,<environment.Job instance at 0x15502ea88410>,6,26,[2 8],7,8,34,1,8
1,<environment.Job instance at 0x155036937690>,1,15,[1 9],3,3,18,0,3
1,<environment.Job instance at 0x15502bf6f690>,3,1,[2 6],5,52,53,47,52
1,<environment.Job instance at 0x15502b9fe6e0>,2,3,[2 7],4,6,9,2,6
1,<environment.Job instance at 0x15502b0c6e10>,0,2,[1 8],1,1,3,0,1
1,<environment.Job instance at 0x15502b0c6a50>,1,1,[9 2],3,3,4,0,3
1,<environment.Job instance at 0x15502c8fa730>,3,12,[2 7],5,5,17,0,5
1,<environment.Job instance at 0x15506123a5a0>,4,3,[6 1],7,7,10,0,7
1,<environment.Job instance at 0x15502c8fa4b0>,5,2,[ 1 10],8,17,19,9,8
1,<environment.Job instance at 0x15502bf472d0>,1,2,[2 9],5,19,21,14,19
1,<environment.Job instance at 0x15502ece4910>,3,2,[8 2],8,222,224,214,222
1,<environment.Job instance at 0x15502ed82aa0>,1,2,[7 2],2,3,5,1,3
1,<environment.Job instance at 0x15502d160f50>,3,2,[2 5],5,5,7,0,5
1,<environment.Job instance at 0x15502beb9be0>,4,15,[1 7],8,41,56,33,41
1,<environment.Job instance at 0x15502bb03280>,1,25,[1 7],4,21,46,17,21
1,<environment.Job instance at 0x15502b9caeb0>,0,1,[8 1],3,3,4,0,3
1,<environment.Job instance at 0x15502b0492d0>,3,21,[ 1 10],7,7,28,0,7
1,<environment.Job instance at 0x15502b515a50>,4,2,[10  2],8,28,30,20,8
1,<environment.Job instance at 0x15502d147eb0>,1,16,[1 6],3,58,74,55,58
1,<environment.Job instance at 0x15502ead4230>,3,20,[10  1],5,33,53,28,33
1,<environment.Job instance at 0x15502ead4820>,4,13,[2 8],6,53,66,47,43
1,<environment.Job instance at 0x15502d160b90>,1,1,[10  2],2,2,3,0,2
1,<environment.Job instance at 0x15502d160b40>,3,2,[ 2 10],4,9,11,5,9
1,<environment.Job instance at 0x15502b661280>,1,3,[1 7],2,2,5,0,2
1,<environment.Job instance at 0x15502bd18410>,6,1,[1 6],7,60,61,53,60
1,<environment.Job instance at 0x15502c8ff410>,4,3,[7 2],5,1371,1374,1366,1371
1,<environment.Job instance at 0x15502badd4b0>,2,2,[2 7],5,5,7,0,5
1,<environment.Job instance at 0x15502baddd70>,3,1,[9 1],6,7,8,1,6
1,<environment.Job instance at 0x155035ea9a50>,1,16,[ 2 10],3,3,19,0,3
1,<environment.Job instance at 0x15502bd98c30>,3,2,[8 2],6,19,21,13,7
1,<environment.Job instance at 0x15502bd98910>,5,15,[ 1 10],9,21,36,12,13
1,<environment.Job instance at 0x15502ec4c140>,1,3,[ 2 10],2,2,5,0,2
1,<environment.Job instance at 0x15502b632500>,3,15,[2 5],6,187,202,181,187
1,<environment.Job instance at 0x15503012d2d0>,0,1,[8 2],2,2,3,0,2
1,<environment.Job instance at 0x15503012d730>,3,3,[2 5],6,92,95,86,92
1,<environment.Job instance at 0x15502e71d730>,0,1,[9 1],1,1,2,0,1
1,<environment.Job instance at 0x15502b3f64b0>,1,18,[2 6],2,2,20,0,2
1,<environment.Job instance at 0x15502b3f6fa0>,3,18,[1 7],8,20,38,12,9
1,<environment.Job instance at 0x15502b3f60f0>,4,3,[7 2],9,11,14,2,11
1,<environment.Job instance at 0x15502b614780>,2,1,[1 7],4,4,5,0,4
1,<environment.Job instance at 0x15502b614b40>,4,26,[ 1 10],8,8,34,0,8
1,<environment.Job instance at 0x15502b614730>,5,2,[2 5],9,34,36,25,10
1,<environment.Job instance at 0x15502bb975f0>,1,19,[1 5],2,14,33,12,14
1,<environment.Job instance at 0x15502bea2320>,3,1,[5 1],5,238,239,233,238
1,<environment.Job instance at 0x15502b40c9b0>,0,1,[ 2 10],1,2,3,1,2
1,<environment.Job instance at 0x15502be68e10>,6,2,[1 6],8,10,12,2,10
1,<environment.Job instance at 0x155035ef2a00>,2,2,[ 2 10],9,9,11,0,9
1,<environment.Job instance at 0x15502bcd4190>,1,1,[9 2],3,3,4,0,3
1,<environment.Job instance at 0x15502bcd40f0>,2,2,[9 1],3,3,5,0,3
1,<environment.Job instance at 0x15502bcd49b0>,1,3,[9 1],2,5,8,3,3
1,<environment.Job instance at 0x15502be095a0>,4,3,[1 7],5,45,48,40,45
1,<environment.Job instance at 0x15502fe2d8c0>,1,3,[2 9],6,6,9,0,6
1,<environment.Job instance at 0x15502fd1cd20>,2,3,[2 5],7,9,12,2,7
1,<environment.Job instance at 0x15502be882d0>,0,3,[2 9],2,2,5,0,2
1,<environment.Job instance at 0x15502fc0bc30>,2,2,[2 6],5,6,8,1,6
1,<environment.Job instance at 0x15502fc0b3c0>,4,1,[5 2],7,7,8,0,7
1,<environment.Job instance at 0x15502fc0bcd0>,5,3,[9 1],8,9,12,1,9
1,<environment.Job instance at 0x15502fc0b730>,6,12,[8 2],9,18,30,9,18
1,<environment.Job instance at 0x15502fc0b460>,0,2,[6 2],2,2,4,0,2
1,<environment.Job instance at 0x15502b5cd370>,2,2,[7 1],5,5,7,0,5
1,<environment.Job instance at 0x15502e6525f0>,3,15,[2 6],6,6,21,0,6
1,<environment.Job instance at 0x15502e6528c0>,5,1,[8 1],9,9,10,0,9
1,<environment.Job instance at 0x15502b02dc30>,1,18,[1 5],2,11,29,9,11
1,<environment.Job instance at 0x15502e7be910>,1,1,[7 2],3,3,4,0,3
1,<environment.Job instance at 0x15502e7beaf0>,2,1,[1 8],4,4,5,0,4
1,<environment.Job instance at 0x155035e98140>,2,13,[9 1],5,5,18,0,5
1,<environment.Job instance at 0x15502b8b1eb0>,4,1,[5 2],9,24,25,15,24
1,<environment.Job instance at 0x155060020190>,1,3,[ 2 10],2,2,5,0,2
1,<environment.Job instance at 0x15502c6760f0>,2,1,[2 6],3,5,6,2,3
1,<environment.Job instance at 0x1550600208c0>,3,1,[1 7],5,6,7,1,5
1,<environment.Job instance at 0x15502c676a50>,4,25,[ 1 10],6,7,32,1,6
1,<environment.Job instance at 0x15502e83e690>,0,1,[2 8],1,1,2,0,1
1,<environment.Job instance at 0x15502ea73a00>,6,1,[9 1],9,45,46,36,45
1,<environment.Job instance at 0x15502eb214b0>,4,15,[9 1],5,1897,1912,1892,1897
1,<environment.Job instance at 0x15502b7195a0>,0,3,[2 9],1,1,4,0,1
1,<environment.Job instance at 0x15502c8ceeb0>,1,2,[5 2],2,2,4,0,2
1,<environment.Job instance at 0x15502b61ce10>,1,1,[5 1],3,3,4,0,3
1,<environment.Job instance at 0x15502b6505f0>,4,3,[1 7],8,26,29,18,26
1,<environment.Job instance at 0x15502b9e9280>,3,19,[2 8],4,5,24,1,5
1,<environment.Job instance at 0x15502eb20280>,3,2,[8 2],4,274,276,270,274
1,<environment.Job instance at 0x15502b84e3c0>,2,3,[1 8],4,4,7,0,4
1,<environment.Job instance at 0x1550368c6640>,2,16,[2 8],3,9,25,6,9
1,<environment.Job instance at 0x15502bb85b90>,2,2,[8 2],4,7,9,3,7
1,<environment.Job instance at 0x15502bb858c0>,4,1,[1 6],6,170,171,164,170
1,<environment.Job instance at 0x15502b302500>,3,18,[1 6],8,8,26,0,8
1,<environment.Job instance at 0x15502b3027d0>,4,13,[2 8],9,26,39,17,11
1,<environment.Job instance at 0x1550612a5190>,3,3,[9 1],5,5,8,0,5
1,<environment.Job instance at 0x1550612a58c0>,5,1,[9 2],8,8,9,0,8
1,<environment.Job instance at 0x1550612a5410>,6,22,[2 9],9,9,31,0,9
1,<environment.Job instance at 0x15502b455c80>,0,2,[7 2],1,1,3,0,1
1,<environment.Job instance at 0x15502b0f8190>,1,2,[10  1],2,3,5,1,2
1,<environment.Job instance at 0x15502b0f8960>,3,2,[7 2],4,5,7,1,4
1,<environment.Job instance at 0x15502b0f8b90>,4,2,[8 2],5,7,9,2,5
1,<environment.Job instance at 0x155035dce640>,1,2,[1 7],2,2,4,0,2
1,<environment.Job instance at 0x1550609a6640>,3,2,[9 1],7,7,9,0,7
1,<environment.Job instance at 0x1550609a6500>,5,2,[9 1],9,22,24,13,22
1,<environment.Job instance at 0x15502fccfb90>,0,2,[10  2],1,1,3,0,1
1,<environment.Job instance at 0x15502fccf870>,1,1,[1 6],2,3,4,1,2
1,<environment.Job instance at 0x155030a0dc30>,2,15,[1 7],3,4,19,1,3
1,<environment.Job instance at 0x155030a0d870>,4,2,[7 1],5,5,7,0,5
1,<environment.Job instance at 0x155030a0d8c0>,5,2,[1 6],6,19,21,13,6
1,<environment.Job instance at 0x15502fccf4b0>,6,15,[2 8],9,21,36,12,9
1,<environment.Job instance at 0x15502b95e500>,1,16,[2 8],2,2,18,0,2
1,<environment.Job instance at 0x15502b95e320>,0,2,[7 1],1,2,4,1,2
1,<environment.Job instance at 0x1550300e6dc0>,6,1,[6 1],8,8,9,0,8
1,<environment.Job instance at 0x15502fcdbf00>,7,18,[ 2 10],9,18,36,9,9
1,<environment.Job instance at 0x1550300e6e60>,5,2,[1 5],6,36,38,30,10
1,<environment.Job instance at 0x15502e7c26e0>,1,1,[1 9],2,2,3,0,2
1,<environment.Job instance at 0x15502e7c25a0>,3,21,[1 9],5,5,26,0,5
1,<environment.Job instance at 0x15502be49280>,0,23,[1 6],2,2,25,0,2
1,<environment.Job instance at 0x15502b3950a0>,4,2,[ 2 10],6,25,27,19,7
1,<environment.Job instance at 0x15502b395320>,5,16,[1 7],7,27,43,20,15
1,<environment.Job instance at 0x15502ecb5230>,1,2,[ 1 10],4,4,6,0,4
1,<environment.Job instance at 0x15502b5d7690>,2,2,[1 9],5,6,8,1,5
1,<environment.Job instance at 0x15502b5d7280>,3,1,[8 1],6,6,7,0,6
1,<environment.Job instance at 0x15502eb31460>,1,2,[6 1],2,2,4,0,2
1,<environment.Job instance at 0x15502e6395f0>,1,3,[5 1],2,2,5,0,2
1,<environment.Job instance at 0x15502be91d70>,2,1,[7 2],5,5,6,0,5
1,<environment.Job instance at 0x15502b8e6b90>,3,23,[2 7],6,6,29,0,6
1,<environment.Job instance at 0x15502b8e63c0>,4,2,[2 9],7,29,31,22,7
1,<environment.Job instance at 0x15502fd22eb0>,0,1,[7 2],1,1,2,0,1
1,<environment.Job instance at 0x15502fd22910>,2,17,[1 6],3,3,20,0,3
1,<environment.Job instance at 0x15502fd22a50>,3,2,[5 1],5,5,7,0,5
1,<environment.Job instance at 0x15502fd220a0>,5,1,[10  1],8,47,48,39,47
1,<environment.Job instance at 0x15502fd22e60>,6,3,[1 9],9,111,114,102,111
1,<environment.Job instance at 0x15502ecd4460>,2,2,[8 2],3,3,5,0,3
1,<environment.Job instance at 0x15502ecd4cd0>,3,2,[2 6],4,4,6,0,4
1,<environment.Job instance at 0x15502ecd4c30>,5,14,[7 2],9,9,23,0,9
1,<environment.Job instance at 0x155035ddeeb0>,0,1,[9 1],1,1,2,0,1
1,<environment.Job instance at 0x15502b0074b0>,2,28,[1 8],3,22,50,19,22
1,<environment.Job instance at 0x15502b59aa00>,5,1,[9 2],6,167,168,161,167
1,<environment.Job instance at 0x1550300e61e0>,0,3,[8 1],1,1,4,0,1
1,<environment.Job instance at 0x15502fd489b0>,2,3,[ 2 10],3,3,6,0,3
1,<environment.Job instance at 0x15503018a320>,3,1,[10  1],4,6,7,2,6
1,<environment.Job instance at 0x15503018a6e0>,6,13,[1 9],8,11,24,3,11
1,<environment.Job instance at 0x155035ee2280>,4,13,[1 8],6,37,50,31,37
1,<environment.Job instance at 0x15503018aa00>,1,3,[ 2 10],2,2,5,0,2
1,<environment.Job instance at 0x15503018aaa0>,3,16,[9 1],7,7,23,0,7
1,<environment.Job instance at 0x15502eafa190>,4,1,[1 5],9,9,10,0,9
1,<environment.Job instance at 0x15502eafaa50>,2,26,[8 1],3,16,42,13,16
1,<environment.Job instance at 0x15502b4a4140>,4,14,[1 7],5,532,546,527,532
1,<environment.Job instance at 0x15502b9945a0>,1,28,[2 8],3,3,31,0,3
1,<environment.Job instance at 0x15502eb0abe0>,2,1,[8 2],6,6,7,0,6
1,<environment.Job instance at 0x15502ecb4b40>,4,1,[2 7],8,10,11,2,10
1,<environment.Job instance at 0x15502eb0a140>,3,13,[9 1],7,23,36,16,23
1,<environment.Job instance at 0x15502b53eeb0>,1,1,[2 8],5,5,6,0,5
1,<environment.Job instance at 0x15503693d690>,2,2,[1 6],7,7,9,0,7
1,<environment.Job instance at 0x15502befaf00>,3,3,[10  1],7,9,12,2,9
1,<environment.Job instance at 0x155035f37460>,1,26,[1 9],2,6,32,4,6
1,<environment.Job instance at 0x155035f37af0>,2,2,[7 2],3,32,34,29,7
1,<environment.Job instance at 0x155030a23e60>,6,3,[2 8],8,34,37,26,34
1,<environment.Job instance at 0x15502bd511e0>,0,3,[7 2],1,1,4,0,1
1,<environment.Job instance at 0x15502b159230>,4,15,[ 2 10],9,400,415,391,400
1,<environment.Job instance at 0x155060039aa0>,0,1,[10  1],1,1,2,0,1
1,<environment.Job instance at 0x1550600397d0>,1,2,[8 2],2,2,4,0,2
1,<environment.Job instance at 0x155030a23af0>,2,2,[1 9],3,4,6,1,3
1,<environment.Job instance at 0x15502b3227d0>,3,1,[10  2],4,6,7,2,4
1,<environment.Job instance at 0x15502bd510a0>,4,2,[1 5],7,7,9,0,7
1,<environment.Job instance at 0x15502fd35af0>,1,27,[5 2],2,94,121,92,94
1,<environment.Job instance at 0x1550332e9460>,1,1,[7 1],3,3,4,0,3
