iteration,job object,job ID,job Length,job ressource requirement,job enter time,job start time,job finish time,job waiting time,current time
1,<environment.Job instance at 0x147d4eda85f0>,4,2,[7 2],5,7,9,2,7
1,<environment.Job instance at 0x147d4ec12eb0>,8,13,[6 1],9,9,22,0,9
1,<environment.Job instance at 0x147d4eda8550>,6,18,[8 1],7,22,40,15,13
1,<environment.Job instance at 0x147d4ec12730>,1,13,[2 8],2,6,19,4,6
1,<environment.Job instance at 0x147d4ecc66e0>,5,2,[ 1 10],8,19,21,11,10
1,<environment.Job instance at 0x147d4ebb4870>,2,3,[1 8],3,21,24,18,11
1,<environment.Job instance at 0x147d4ff3cf00>,1,17,[6 1],3,5,22,2,5
1,<environment.Job instance at 0x147d4ca88dc0>,3,3,[6 2],6,22,25,16,7
1,<environment.Job instance at 0x147d4ca8c050>,5,3,[6 1],9,25,28,16,10
1,<environment.Job instance at 0x147d4ca1f3c0>,0,2,[8 1],1,1,3,0,1
1,<environment.Job instance at 0x147d4d6cbaf0>,1,12,[ 1 10],2,3,15,1,3
1,<environment.Job instance at 0x147d4d7832d0>,4,2,[2 7],6,15,17,9,6
1,<environment.Job instance at 0x147d4d6a5050>,5,2,[2 7],7,17,19,10,8
1,<environment.Job instance at 0x147d4d783820>,3,1,[2 7],5,19,20,14,9
1,<environment.Job instance at 0x147d4d6c8320>,0,3,[9 2],1,3,6,2,3
1,<environment.Job instance at 0x147d4ff3c640>,3,1,[6 2],4,7,8,3,7
1,<environment.Job instance at 0x147d4b732b90>,4,2,[7 2],5,8,10,3,7
1,<environment.Job instance at 0x147d4b732c30>,7,1,[2 6],8,9,10,1,9
1,<environment.Job instance at 0x147d4bd46870>,3,3,[1 8],4,4,7,0,4
1,<environment.Job instance at 0x147d4bbe8be0>,4,2,[8 1],7,10,12,3,10
1,<environment.Job instance at 0x147d4bd46910>,5,2,[ 1 10],8,18,20,10,18
1,<environment.Job instance at 0x147d4a905190>,2,2,[10  1],5,7,9,2,7
1,<environment.Job instance at 0x147d4d84eaa0>,5,3,[6 1],9,10,13,1,10
1,<environment.Job instance at 0x147d4e35ccd0>,0,2,[8 1],1,2,4,1,2
1,<environment.Job instance at 0x147d4e35c870>,2,2,[2 8],4,5,7,1,5
1,<environment.Job instance at 0x147d507dc5f0>,4,2,[2 7],6,7,9,1,7
1,<environment.Job instance at 0x147d50bc3c80>,6,16,[10  2],9,9,25,0,9
1,<environment.Job instance at 0x147d4e98eb90>,0,3,[9 2],1,1,4,0,1
1,<environment.Job instance at 0x147d4a230fa0>,5,3,[10  2],8,9,12,1,9
1,<environment.Job instance at 0x147d4ba610a0>,5,3,[9 2],6,6,9,0,6
1,<environment.Job instance at 0x147d4c14b9b0>,6,18,[8 1],7,9,27,2,7
1,<environment.Job instance at 0x147d4ba80aa0>,2,1,[2 5],3,9,10,6,8
1,<environment.Job instance at 0x147d4bd28320>,7,1,[2 6],8,10,11,2,9
1,<environment.Job instance at 0x147d4b28a780>,8,13,[6 1],9,27,40,18,11
1,<environment.Job instance at 0x147d4ba61c80>,4,2,[7 2],5,40,42,35,13
1,<environment.Job instance at 0x147d4ba803c0>,1,13,[2 8],2,2,15,0,2
1,<environment.Job instance at 0x147d4c387a00>,5,2,[ 1 10],8,15,17,7,10
1,<environment.Job instance at 0x147d4ba22b90>,4,2,[8 1],7,11,13,4,11
1,<environment.Job instance at 0x147d4ae04410>,3,3,[6 2],6,6,9,0,6
1,<environment.Job instance at 0x147d4c387780>,2,2,[10  1],5,9,11,4,7
1,<environment.Job instance at 0x147d4ae04730>,5,3,[6 1],9,11,14,2,10
1,<environment.Job instance at 0x147d4ae004b0>,0,2,[8 1],1,2,4,1,2
1,<environment.Job instance at 0x147d4c41d8c0>,1,12,[ 1 10],2,4,16,2,4
1,<environment.Job instance at 0x147d4ae0ceb0>,3,1,[2 7],5,16,17,11,6
1,<environment.Job instance at 0x147d4ae00370>,2,2,[2 8],4,17,19,13,7
1,<environment.Job instance at 0x147d4d22f8c0>,6,16,[10  2],9,19,35,10,9
1,<environment.Job instance at 0x147d4ae04320>,4,2,[2 7],6,35,37,29,12
1,<environment.Job instance at 0x147d4ed36aa0>,0,3,[9 2],1,1,4,0,1
1,<environment.Job instance at 0x147d488ba910>,1,3,[2 9],2,4,7,2,2
1,<environment.Job instance at 0x147d4c9a6460>,4,2,[1 8],5,7,9,2,5
1,<environment.Job instance at 0x147d4cf63b40>,5,3,[10  2],8,9,12,1,8
1,<environment.Job instance at 0x147d4ff90f50>,2,1,[2 5],3,4,5,1,4
1,<environment.Job instance at 0x147d4ee49eb0>,4,2,[7 2],5,6,8,1,6
1,<environment.Job instance at 0x147d4cc72460>,1,3,[1 9],2,8,11,6,6
1,<environment.Job instance at 0x147d4ee49370>,7,1,[2 6],8,11,12,3,9
1,<environment.Job instance at 0x147d4ee497d0>,8,13,[6 1],9,9,22,0,9
1,<environment.Job instance at 0x147d4d3855a0>,0,2,[6 1],1,2,4,1,2
1,<environment.Job instance at 0x147d4ee49dc0>,2,3,[1 8],3,3,6,0,3
1,<environment.Job instance at 0x147d4ee495f0>,3,3,[1 8],4,6,9,2,4
1,<environment.Job instance at 0x147d4c097870>,4,2,[8 1],7,7,9,0,7
1,<environment.Job instance at 0x147d4d265500>,5,2,[ 1 10],8,9,11,1,8
1,<environment.Job instance at 0x147d4ee49c30>,1,13,[2 8],2,101,114,99,101
1,<environment.Job instance at 0x147d491f9050>,0,1,[2 5],1,4,5,3,4
1,<environment.Job instance at 0x147d4da69500>,2,2,[10  1],5,6,8,1,6
1,<environment.Job instance at 0x147d49a67fa0>,0,2,[8 1],1,2,4,1,2
1,<environment.Job instance at 0x147d49a63460>,2,2,[2 8],4,4,6,0,4
1,<environment.Job instance at 0x147d488244b0>,3,1,[2 7],5,6,7,1,5
1,<environment.Job instance at 0x147d488246e0>,4,2,[2 7],6,7,9,1,6
1,<environment.Job instance at 0x147d4e872460>,5,2,[2 7],7,9,11,2,7
1,<environment.Job instance at 0x147d49185820>,1,12,[ 1 10],2,153,165,151,153
1,<environment.Job instance at 0x147d49a6f5f0>,1,3,[2 9],2,2,5,0,2
1,<environment.Job instance at 0x147d47762e60>,5,3,[10  2],8,8,11,0,8
1,<environment.Job instance at 0x147d47762dc0>,4,2,[1 8],5,11,13,6,8
1,<environment.Job instance at 0x147d47619690>,1,3,[1 9],2,2,5,0,2
1,<environment.Job instance at 0x147d49514eb0>,7,1,[2 6],8,8,9,0,8
1,<environment.Job instance at 0x147d4d031a00>,3,1,[6 2],4,9,10,5,9
1,<environment.Job instance at 0x147d4a065be0>,8,13,[6 1],9,10,23,1,9
1,<environment.Job instance at 0x147d4cf459b0>,0,2,[6 1],1,2,4,1,2
1,<environment.Job instance at 0x147d4cf45e60>,2,3,[1 8],3,3,6,0,3
1,<environment.Job instance at 0x147d4d44d910>,3,3,[1 8],4,6,9,2,4
1,<environment.Job instance at 0x147d4ccf4550>,1,13,[2 8],2,9,22,7,4
1,<environment.Job instance at 0x147d4898b1e0>,5,2,[ 1 10],8,22,24,14,20
1,<environment.Job instance at 0x147d4d44d7d0>,0,1,[2 5],1,2,3,1,2
1,<environment.Job instance at 0x147d4b5ab5f0>,3,3,[6 2],6,6,9,0,6
1,<environment.Job instance at 0x147d4c783eb0>,5,3,[6 1],9,9,12,0,9
1,<environment.Job instance at 0x147d4de667d0>,0,2,[8 1],1,1,3,0,1
1,<environment.Job instance at 0x147d5216ba00>,3,1,[2 7],5,6,7,1,6
1,<environment.Job instance at 0x147d4bae54b0>,5,2,[2 7],7,7,9,0,7
1,<environment.Job instance at 0x147d47cf39b0>,4,2,[2 7],6,10,12,4,10
1,<environment.Job instance at 0x147d4e56b500>,2,1,[2 7],3,5,6,2,5
1,<environment.Job instance at 0x147d493ccdc0>,5,3,[10  2],8,8,11,0,8
1,<environment.Job instance at 0x147d5366a4b0>,1,3,[1 9],2,2,5,0,2
1,<environment.Job instance at 0x147d510bdd70>,3,1,[6 2],4,5,6,1,4
1,<environment.Job instance at 0x147d510bdf00>,2,1,[2 5],3,6,7,3,6
1,<environment.Job instance at 0x147d4e92e460>,7,1,[2 6],8,8,9,0,8
1,<environment.Job instance at 0x147d4e92ee10>,5,3,[9 2],6,9,12,3,9
1,<environment.Job instance at 0x147d4e92e280>,8,13,[6 1],9,12,25,3,9
1,<environment.Job instance at 0x147d4d0d4370>,0,2,[6 1],1,2,4,1,2
1,<environment.Job instance at 0x147d4c006a50>,2,3,[1 8],3,3,6,0,3
1,<environment.Job instance at 0x147d4f767550>,1,13,[2 8],2,6,19,4,3
1,<environment.Job instance at 0x147d4c169780>,4,2,[8 1],7,9,11,2,9
1,<environment.Job instance at 0x147d4c1698c0>,2,2,[10  1],5,5,7,0,5
1,<environment.Job instance at 0x147d50649690>,1,17,[6 1],3,7,24,4,6
1,<environment.Job instance at 0x147d4f94a230>,5,3,[6 1],9,24,27,15,9
1,<environment.Job instance at 0x147d47ce70f0>,0,2,[8 1],1,2,4,1,2
1,<environment.Job instance at 0x147d4b286960>,2,2,[2 8],4,4,6,0,4
1,<environment.Job instance at 0x147d4d85b550>,3,1,[2 7],5,6,7,1,5
1,<environment.Job instance at 0x147d4b8e4460>,4,2,[2 7],6,7,9,1,6
1,<environment.Job instance at 0x147d4e2c0af0>,5,2,[2 7],7,9,11,2,7
1,<environment.Job instance at 0x147d4d94e960>,1,12,[ 1 10],2,27,39,25,27
1,<environment.Job instance at 0x147d4bb3d370>,0,3,[9 2],1,1,4,0,1
1,<environment.Job instance at 0x147d4fc3faf0>,1,3,[2 9],2,4,7,2,4
1,<environment.Job instance at 0x147d4a2218c0>,4,2,[1 8],5,7,9,2,5
1,<environment.Job instance at 0x147d4a221370>,5,3,[10  2],8,9,12,1,8
1,<environment.Job instance at 0x147d4ff90e60>,1,3,[1 9],2,2,5,0,2
1,<environment.Job instance at 0x147d4bbd6230>,3,1,[6 2],4,5,6,1,4
1,<environment.Job instance at 0x147d47b83190>,4,2,[7 2],5,6,8,1,5
1,<environment.Job instance at 0x147d47b83280>,5,3,[9 2],6,8,11,2,6
1,<environment.Job instance at 0x147d47b83230>,7,1,[2 6],8,11,12,3,8
1,<environment.Job instance at 0x147d489e5cd0>,0,2,[6 1],1,1,3,0,1
1,<environment.Job instance at 0x147d47ae6d70>,2,3,[1 8],3,3,6,0,3
1,<environment.Job instance at 0x147d4dd793c0>,3,3,[1 8],4,6,9,2,4
1,<environment.Job instance at 0x147d47ae6fa0>,4,2,[8 1],7,7,9,0,7
1,<environment.Job instance at 0x147d4dd79050>,5,2,[ 1 10],8,9,11,1,8
1,<environment.Job instance at 0x147d4de35820>,1,17,[6 1],3,3,20,0,3
1,<environment.Job instance at 0x147d4d7d4e10>,0,1,[2 5],1,4,5,3,4
1,<environment.Job instance at 0x147d4b0330f0>,3,3,[6 2],6,20,23,14,6
1,<environment.Job instance at 0x147d4ddf6af0>,2,2,[10  1],5,23,25,18,7
1,<environment.Job instance at 0x147d4b033e60>,5,3,[6 1],9,25,28,16,9
1,<environment.Job instance at 0x147d4e702c30>,0,2,[8 1],1,2,4,1,2
1,<environment.Job instance at 0x147d4e702b90>,2,2,[2 8],4,4,6,0,4
1,<environment.Job instance at 0x147d49517780>,3,1,[2 7],5,6,7,1,5
1,<environment.Job instance at 0x147d49517f00>,4,2,[2 7],6,7,9,1,6
1,<environment.Job instance at 0x147d4fd5f230>,5,2,[2 7],7,9,11,2,7
1,<environment.Job instance at 0x147d4eb81320>,1,12,[ 1 10],2,57,69,55,57
1,<environment.Job instance at 0x147d4eb81550>,1,3,[2 9],2,3,6,1,3
1,<environment.Job instance at 0x147d46e948c0>,2,1,[2 7],3,98,99,95,98
1,<environment.Job instance at 0x147d496b4500>,1,3,[1 9],2,2,5,0,2
1,<environment.Job instance at 0x147d496b42d0>,3,1,[6 2],4,5,6,1,5
1,<environment.Job instance at 0x147d4a2029b0>,5,3,[9 2],6,6,9,0,6
1,<environment.Job instance at 0x147d4a202190>,7,1,[2 6],8,9,10,1,8
1,<environment.Job instance at 0x147d4dfd5370>,2,3,[1 8],3,3,6,0,3
1,<environment.Job instance at 0x147d4d49eb90>,3,3,[1 8],4,6,9,2,4
1,<environment.Job instance at 0x147d492c7140>,4,2,[8 1],7,7,9,0,7
1,<environment.Job instance at 0x147d492b6280>,5,2,[ 1 10],8,9,11,1,8
1,<environment.Job instance at 0x147d492b6280>,2,2,[10  1],5,5,7,0,5
1,<environment.Job instance at 0x147d4d6505f0>,3,3,[6 2],6,7,10,1,6
1,<environment.Job instance at 0x147d4bd66820>,5,3,[6 1],9,10,13,1,9
1,<environment.Job instance at 0x147d49096140>,0,2,[8 1],1,1,3,0,1
1,<environment.Job instance at 0x147d491fe500>,3,1,[2 7],5,5,6,0,5
1,<environment.Job instance at 0x147d491fe280>,5,2,[2 7],7,7,9,0,7
1,<environment.Job instance at 0x147d491fe550>,4,2,[2 7],6,9,11,3,7
1,<environment.Job instance at 0x147d489cbc80>,4,2,[1 8],5,1911,1913,1906,1911
1,<environment.Job instance at 0x147d4c28d6e0>,1,3,[1 9],2,2,5,0,2
1,<environment.Job instance at 0x147d4d096190>,4,2,[7 2],5,5,7,0,5
1,<environment.Job instance at 0x147d48a840f0>,5,3,[9 2],6,7,10,1,6
1,<environment.Job instance at 0x147d4dec2190>,7,1,[2 6],8,10,11,2,8
1,<environment.Job instance at 0x147d4c4c55f0>,2,3,[1 8],3,3,6,0,3
1,<environment.Job instance at 0x147d480dda50>,3,3,[1 8],4,6,9,2,4
1,<environment.Job instance at 0x147d48cb70a0>,4,2,[8 1],7,9,11,2,9
1,<environment.Job instance at 0x147d480dd820>,5,2,[ 1 10],8,11,13,3,11
1,<environment.Job instance at 0x147d480dd320>,2,2,[10  1],5,5,7,0,5
1,<environment.Job instance at 0x147d509f3d70>,3,3,[6 2],6,7,10,1,6
1,<environment.Job instance at 0x147d509f39b0>,5,3,[6 1],9,10,13,1,9
1,<environment.Job instance at 0x147d4d768fa0>,0,2,[8 1],1,1,3,0,1
1,<environment.Job instance at 0x147d479a5af0>,3,1,[2 7],5,5,6,0,5
1,<environment.Job instance at 0x147d479a5640>,4,2,[2 7],6,7,9,1,7
1,<environment.Job instance at 0x147d479a5a50>,5,2,[2 7],7,18,20,11,18
1,<environment.Job instance at 0x147d4d721b40>,0,3,[9 2],1,2,5,1,2
1,<environment.Job instance at 0x147d4d1e8550>,1,3,[2 9],2,7,10,5,7
1,<environment.Job instance at 0x147d4e0d0f00>,2,1,[2 7],3,10,11,7,7
1,<environment.Job instance at 0x147d49460870>,1,3,[1 9],2,2,5,0,2
1,<environment.Job instance at 0x147d4d4c57d0>,3,1,[6 2],4,5,6,1,4
1,<environment.Job instance at 0x147d4d4c5960>,4,2,[7 2],5,6,8,1,5
1,<environment.Job instance at 0x147d4d4c5140>,5,3,[9 2],6,8,11,2,6
1,<environment.Job instance at 0x147d482be3c0>,7,1,[2 6],8,11,12,3,8
1,<environment.Job instance at 0x147d4cd55d20>,0,2,[6 1],1,2,4,1,2
1,<environment.Job instance at 0x147d47085640>,2,3,[1 8],3,3,6,0,3
1,<environment.Job instance at 0x147d4e18ce10>,4,2,[8 1],7,7,9,0,7
1,<environment.Job instance at 0x147d4988b4b0>,5,2,[ 1 10],8,9,11,1,8
1,<environment.Job instance at 0x147d4dfe13c0>,1,13,[2 8],2,22,35,20,22
1,<environment.Job instance at 0x147d4e5d4a00>,0,1,[2 5],1,1,2,0,1
1,<environment.Job instance at 0x147d4e5d4410>,2,2,[10  1],5,5,7,0,5
1,<environment.Job instance at 0x147d4f3ac960>,3,3,[6 2],6,7,10,1,6
1,<environment.Job instance at 0x147d4fe090f0>,5,3,[6 1],9,10,13,1,10
1,<environment.Job instance at 0x147d461300f0>,0,2,[8 1],1,1,3,0,1
1,<environment.Job instance at 0x147d460bf0a0>,2,2,[2 8],4,4,6,0,4
1,<environment.Job instance at 0x147d4604aeb0>,3,1,[2 7],5,6,7,1,5
1,<environment.Job instance at 0x147d4abc7f00>,4,2,[2 7],6,7,9,1,6
1,<environment.Job instance at 0x147d481df5a0>,5,2,[2 7],7,9,11,2,7
1,<environment.Job instance at 0x147d48e1be60>,5,3,[10  2],8,9,12,1,9
1,<environment.Job instance at 0x147d4ce1cd70>,1,3,[1 9],2,2,5,0,2
1,<environment.Job instance at 0x147d4bcadc30>,2,1,[2 5],3,5,6,2,4
1,<environment.Job instance at 0x147d4ce1cf00>,3,1,[6 2],4,5,6,1,4
1,<environment.Job instance at 0x147d4bcadeb0>,4,2,[7 2],5,6,8,1,5
1,<environment.Job instance at 0x147d4cf7f730>,5,3,[9 2],6,8,11,2,6
1,<environment.Job instance at 0x147d4cf7fc30>,7,1,[2 6],8,11,12,3,8
1,<environment.Job instance at 0x147d4a970aa0>,0,2,[6 1],1,2,4,1,2
1,<environment.Job instance at 0x147d4a9705a0>,2,3,[1 8],3,3,6,0,3
1,<environment.Job instance at 0x147d4a970f50>,1,13,[2 8],2,6,19,4,3
1,<environment.Job instance at 0x147d481e1820>,2,2,[10  1],5,5,7,0,5
1,<environment.Job instance at 0x147d46c55870>,3,3,[6 2],6,7,10,1,6
1,<environment.Job instance at 0x147d46c55b90>,5,3,[6 1],9,11,14,2,11
1,<environment.Job instance at 0x147d468ec690>,0,2,[8 1],1,1,3,0,1
1,<environment.Job instance at 0x147d4684e910>,2,2,[2 8],4,4,6,0,4
1,<environment.Job instance at 0x147d4d5b6d20>,3,1,[2 7],5,6,7,1,5
1,<environment.Job instance at 0x147d4a1bebe0>,4,2,[2 7],6,7,9,1,6
1,<environment.Job instance at 0x147d4f7c46e0>,5,2,[2 7],7,9,11,2,7
1,<environment.Job instance at 0x147d4dacea00>,1,3,[1 9],2,2,5,0,2
1,<environment.Job instance at 0x147d47326050>,3,1,[6 2],4,5,6,1,4
1,<environment.Job instance at 0x147d4798c960>,2,1,[2 5],3,5,6,2,4
1,<environment.Job instance at 0x147d4d1e7fa0>,4,2,[7 2],5,6,8,1,5
1,<environment.Job instance at 0x147d4d1e7460>,5,3,[9 2],6,8,11,2,6
1,<environment.Job instance at 0x147d4d1e75f0>,7,1,[2 6],8,11,12,3,8
1,<environment.Job instance at 0x147d4b9491e0>,1,13,[2 8],2,2,15,0,2
1,<environment.Job instance at 0x147d496cf910>,2,2,[10  1],5,5,7,0,5
1,<environment.Job instance at 0x147d496cf730>,3,3,[6 2],6,7,10,1,6
1,<environment.Job instance at 0x147d4a58bf50>,5,3,[6 1],9,10,13,1,9
1,<environment.Job instance at 0x147d49c00190>,0,2,[8 1],1,1,3,0,1
1,<environment.Job instance at 0x147d496c6050>,2,2,[2 8],4,4,6,0,4
1,<environment.Job instance at 0x147d47cfe500>,3,1,[2 7],5,7,8,2,7
1,<environment.Job instance at 0x147d47cfe410>,5,2,[2 7],7,15,17,8,15
1,<environment.Job instance at 0x147d4e7a9780>,0,3,[9 2],1,1,4,0,1
1,<environment.Job instance at 0x147d47cfe9b0>,1,3,[2 9],2,4,7,2,4
1,<environment.Job instance at 0x147d4effe8c0>,4,2,[1 8],5,7,9,2,5
1,<environment.Job instance at 0x147d4c4699b0>,5,3,[10  2],8,9,12,1,8
1,<environment.Job instance at 0x147d477c9460>,1,3,[1 9],2,2,5,0,2
1,<environment.Job instance at 0x147d477c93c0>,3,1,[6 2],4,5,6,1,4
1,<environment.Job instance at 0x147d477c9d20>,2,1,[2 5],3,5,6,2,4
1,<environment.Job instance at 0x147d47cdcb40>,4,2,[7 2],5,6,8,1,5
1,<environment.Job instance at 0x147d47cdc690>,5,3,[9 2],6,8,11,2,6
1,<environment.Job instance at 0x147d47cdcfa0>,7,1,[2 6],8,11,12,3,8
1,<environment.Job instance at 0x147d475fa5a0>,0,2,[6 1],1,1,3,0,1
1,<environment.Job instance at 0x147d46bf53c0>,2,3,[1 8],3,3,6,0,3
1,<environment.Job instance at 0x147d46bf5aa0>,3,3,[1 8],4,6,9,2,4
1,<environment.Job instance at 0x147d475fa550>,4,2,[8 1],7,7,9,0,7
1,<environment.Job instance at 0x147d46bf5460>,5,2,[ 1 10],8,9,11,1,8
1,<environment.Job instance at 0x147d4d9eff00>,3,3,[6 2],6,6,9,0,6
1,<environment.Job instance at 0x147d4f635e60>,5,3,[6 1],9,9,12,0,9
1,<environment.Job instance at 0x147d4f4f4870>,0,2,[8 1],1,1,3,0,1
1,<environment.Job instance at 0x147d4b26aa50>,2,2,[2 8],4,4,6,0,4
1,<environment.Job instance at 0x147d47824dc0>,3,1,[2 7],5,6,7,1,5
1,<environment.Job instance at 0x147d47824f00>,4,2,[2 7],6,7,9,1,6
1,<environment.Job instance at 0x147d47824fa0>,5,2,[2 7],7,9,11,2,7
1,<environment.Job instance at 0x147d470628c0>,0,3,[9 2],1,1,4,0,1
1,<environment.Job instance at 0x147d46115aa0>,1,3,[1 9],2,2,5,0,2
1,<environment.Job instance at 0x147d46115af0>,2,1,[2 5],3,5,6,2,4
1,<environment.Job instance at 0x147d461155a0>,3,1,[6 2],4,5,6,1,4
1,<environment.Job instance at 0x147d46115820>,4,2,[7 2],5,6,8,1,5
1,<environment.Job instance at 0x147d461153c0>,5,3,[9 2],6,8,11,2,6
1,<environment.Job instance at 0x147d461d8be0>,7,1,[2 6],8,11,12,3,8
1,<environment.Job instance at 0x147d4d306a50>,0,2,[6 1],1,1,3,0,1
1,<environment.Job instance at 0x147d4d306b90>,2,3,[1 8],3,3,6,0,3
1,<environment.Job instance at 0x147d4bc68c30>,3,3,[1 8],4,6,9,2,4
1,<environment.Job instance at 0x147d4d671870>,4,2,[8 1],7,7,9,0,7
1,<environment.Job instance at 0x147d4bc68140>,5,2,[ 1 10],8,9,11,1,8
1,<environment.Job instance at 0x147d4bc684b0>,2,2,[10  1],5,8,10,3,8
1,<environment.Job instance at 0x147d4bc68e60>,3,3,[6 2],6,10,13,4,8
1,<environment.Job instance at 0x147d461d8690>,1,17,[6 1],3,13,30,10,8
1,<environment.Job instance at 0x147d4ebb2c80>,5,3,[6 1],9,30,33,21,9
1,<environment.Job instance at 0x147d4ab6cbe0>,0,2,[8 1],1,1,3,0,1
1,<environment.Job instance at 0x147d472ad050>,2,2,[2 8],4,4,6,0,4
1,<environment.Job instance at 0x147d4d4cc320>,3,1,[2 7],5,6,7,1,5
1,<environment.Job instance at 0x147d4d4ccdc0>,4,2,[2 7],6,7,9,1,6
1,<environment.Job instance at 0x147d49e51870>,5,2,[2 7],7,9,11,2,7
1,<environment.Job instance at 0x147d4d10e690>,0,3,[9 2],1,1,4,0,1
1,<environment.Job instance at 0x147d4c1ca410>,2,1,[2 7],3,4,5,1,3
1,<environment.Job instance at 0x147d4d4cc0f0>,4,2,[1 8],5,2227,2229,2222,2227
1,<environment.Job instance at 0x147d4cd68780>,1,3,[1 9],2,2,5,0,2
1,<environment.Job instance at 0x147d487499b0>,3,1,[6 2],4,5,6,1,4
1,<environment.Job instance at 0x147d4cd68e60>,2,1,[2 5],3,5,6,2,4
1,<environment.Job instance at 0x147d4d8ebdc0>,4,2,[7 2],5,6,8,1,5
1,<environment.Job instance at 0x147d48749960>,5,3,[9 2],6,8,11,2,6
1,<environment.Job instance at 0x147d4a3d4730>,7,1,[2 6],8,11,12,3,8
1,<environment.Job instance at 0x147d46c8e690>,0,2,[6 1],1,2,4,1,2
1,<environment.Job instance at 0x147d4e7fb1e0>,2,3,[1 8],3,3,6,0,3
1,<environment.Job instance at 0x147d4cd681e0>,1,13,[2 8],2,6,19,4,6
1,<environment.Job instance at 0x147d4f4117d0>,2,2,[10  1],5,5,7,0,5
1,<environment.Job instance at 0x147d4fd6b6e0>,3,3,[6 2],6,7,10,1,6
1,<environment.Job instance at 0x147d4fd6baf0>,5,3,[6 1],9,10,13,1,9
1,<environment.Job instance at 0x147d4caeca00>,0,2,[8 1],1,1,3,0,1
1,<environment.Job instance at 0x147d4ecd0f50>,2,2,[2 8],4,4,6,0,4
1,<environment.Job instance at 0x147d48ae1d20>,3,1,[2 7],5,6,7,1,5
1,<environment.Job instance at 0x147d4c6fb550>,4,2,[2 7],6,7,9,1,7
1,<environment.Job instance at 0x147d48ae1190>,5,2,[2 7],7,16,18,9,16
1,<environment.Job instance at 0x147d4c700e60>,0,3,[9 2],1,1,4,0,1
1,<environment.Job instance at 0x147d497fd190>,1,3,[2 9],2,4,7,2,4
1,<environment.Job instance at 0x147d4cca22d0>,4,2,[1 8],5,7,9,2,5
1,<environment.Job instance at 0x147d4c7001e0>,5,3,[10  2],8,9,12,1,8
1,<environment.Job instance at 0x147d48f59af0>,1,3,[1 9],2,2,5,0,2
1,<environment.Job instance at 0x147d48f59910>,3,1,[6 2],4,5,6,1,4
1,<environment.Job instance at 0x147d496cdcd0>,2,1,[2 5],3,5,6,2,4
1,<environment.Job instance at 0x147d48f59e60>,4,2,[7 2],5,6,8,1,5
1,<environment.Job instance at 0x147d46737e60>,5,3,[9 2],6,8,11,2,6
1,<environment.Job instance at 0x147d467374b0>,7,1,[2 6],8,11,12,3,8
1,<environment.Job instance at 0x147d4672a820>,0,2,[6 1],1,1,3,0,1
1,<environment.Job instance at 0x147d47a48a00>,2,3,[1 8],3,3,6,0,3
1,<environment.Job instance at 0x147d4672a9b0>,3,3,[1 8],4,6,9,2,4
1,<environment.Job instance at 0x147d4672ac80>,4,2,[8 1],7,7,9,0,7
1,<environment.Job instance at 0x147d4f9f7410>,5,2,[ 1 10],8,9,11,1,8
1,<environment.Job instance at 0x147d47b06b40>,2,2,[10  1],5,5,7,0,5
1,<environment.Job instance at 0x147d47113690>,3,3,[6 2],6,7,10,1,6
1,<environment.Job instance at 0x147d471134b0>,5,3,[6 1],9,10,13,1,9
1,<environment.Job instance at 0x147d4db00910>,0,2,[8 1],1,1,3,0,1
1,<environment.Job instance at 0x147d46c9d1e0>,2,2,[2 8],4,4,6,0,4
1,<environment.Job instance at 0x147d45fff6e0>,3,1,[2 7],5,6,7,1,5
1,<environment.Job instance at 0x147d42dd7280>,4,2,[2 7],6,7,9,1,7
1,<environment.Job instance at 0x147d4f803730>,5,2,[2 7],7,9,11,2,9
1,<environment.Job instance at 0x147d4dcdec80>,0,3,[9 2],1,1,4,0,1
1,<environment.Job instance at 0x147d4dcdedc0>,1,3,[2 9],2,4,7,2,2
1,<environment.Job instance at 0x147d4b82b9b0>,1,3,[1 9],2,2,5,0,2
1,<environment.Job instance at 0x147d46ba21e0>,2,1,[2 5],3,5,6,2,4
1,<environment.Job instance at 0x147d4b82b5a0>,3,1,[6 2],4,5,6,1,4
1,<environment.Job instance at 0x147d517744b0>,4,2,[7 2],5,6,8,1,5
1,<environment.Job instance at 0x147d4a07c690>,5,3,[9 2],6,8,11,2,6
1,<environment.Job instance at 0x147d489b6d20>,7,1,[2 6],8,11,12,3,8
1,<environment.Job instance at 0x147d47f17870>,0,2,[6 1],1,1,3,0,1
1,<environment.Job instance at 0x147d48f33550>,2,3,[1 8],3,3,6,0,3
1,<environment.Job instance at 0x147d4a6de690>,3,3,[1 8],4,6,9,2,4
1,<environment.Job instance at 0x147d4cb01d20>,4,2,[8 1],7,7,9,0,7
1,<environment.Job instance at 0x147d4a645be0>,5,2,[ 1 10],8,9,11,1,8
1,<environment.Job instance at 0x147d4b82b730>,1,17,[6 1],3,6,23,3,6
1,<environment.Job instance at 0x147d4a6deb40>,3,3,[6 2],6,23,26,17,6
1,<environment.Job instance at 0x147d468df2d0>,5,3,[6 1],9,26,29,17,9
1,<environment.Job instance at 0x147d4bbbaf50>,0,2,[8 1],1,1,3,0,1
1,<environment.Job instance at 0x147d462b66e0>,2,2,[2 8],4,4,6,0,4
1,<environment.Job instance at 0x147d469e9190>,3,1,[2 7],5,6,7,1,5
1,<environment.Job instance at 0x147d47d7d690>,4,2,[2 7],6,7,9,1,6
1,<environment.Job instance at 0x147d4c47e5f0>,5,2,[2 7],7,9,11,2,7
1,<environment.Job instance at 0x147d4dda42d0>,0,3,[9 2],1,1,4,0,1
1,<environment.Job instance at 0x147d4ee35320>,1,3,[2 9],2,4,7,2,2
1,<environment.Job instance at 0x147d4dda4870>,5,3,[10  2],8,8,11,0,8
1,<environment.Job instance at 0x147d4e8a4e10>,1,3,[1 9],2,2,5,0,2
1,<environment.Job instance at 0x147d4d4ab2d0>,3,1,[6 2],4,5,6,1,4
1,<environment.Job instance at 0x147d4d4ab1e0>,2,1,[2 5],3,5,6,2,4
1,<environment.Job instance at 0x147d465e4460>,4,2,[7 2],5,6,8,1,5
1,<environment.Job instance at 0x147d465e4050>,5,3,[9 2],6,8,11,2,6
1,<environment.Job instance at 0x147d4adb5be0>,7,1,[2 6],8,11,12,3,8
1,<environment.Job instance at 0x147d5229d820>,0,2,[6 1],1,1,3,0,1
1,<environment.Job instance at 0x147d4d28c550>,2,3,[1 8],3,3,6,0,3
1,<environment.Job instance at 0x147d4d28cb90>,3,3,[1 8],4,6,9,2,4
1,<environment.Job instance at 0x147d517c4780>,4,2,[8 1],7,7,9,0,7
1,<environment.Job instance at 0x147d517c4fa0>,5,2,[ 1 10],8,9,11,1,8
1,<environment.Job instance at 0x147d517c4fa0>,3,3,[6 2],6,7,10,1,7
1,<environment.Job instance at 0x147d4535bc30>,5,3,[6 1],9,10,13,1,9
1,<environment.Job instance at 0x147d4a8cb870>,0,2,[8 1],1,1,3,0,1
1,<environment.Job instance at 0x147d47afdb90>,2,2,[2 8],4,4,6,0,4
1,<environment.Job instance at 0x147d4da2cfa0>,3,1,[2 7],5,6,7,1,5
1,<environment.Job instance at 0x147d4da2cc30>,4,2,[2 7],6,7,9,1,7
1,<environment.Job instance at 0x147d4da2c640>,5,2,[2 7],7,13,15,6,13
1,<environment.Job instance at 0x147d48c8baa0>,0,3,[9 2],1,1,4,0,1
1,<environment.Job instance at 0x147d468956e0>,1,3,[2 9],2,4,7,2,2
1,<environment.Job instance at 0x147d46cb3690>,2,1,[2 7],3,9,10,6,9
1,<environment.Job instance at 0x147d4e549e60>,1,3,[1 9],2,2,5,0,2
1,<environment.Job instance at 0x147d4e549a00>,3,1,[6 2],4,5,6,1,4
1,<environment.Job instance at 0x147d4e5495f0>,2,1,[2 5],3,5,6,2,4
1,<environment.Job instance at 0x147d4e549e10>,4,2,[7 2],5,6,8,1,5
1,<environment.Job instance at 0x147d46b36eb0>,5,3,[9 2],6,8,11,2,6
1,<environment.Job instance at 0x147d46b36aa0>,7,1,[2 6],8,11,12,3,8
1,<environment.Job instance at 0x147d4ad55410>,0,2,[6 1],1,1,3,0,1
1,<environment.Job instance at 0x147d4b007460>,2,3,[1 8],3,3,6,0,3
1,<environment.Job instance at 0x147d465560f0>,3,3,[1 8],4,6,9,2,4
1,<environment.Job instance at 0x147d4cb24cd0>,4,2,[8 1],7,7,9,0,7
1,<environment.Job instance at 0x147d48127280>,5,2,[ 1 10],8,9,11,1,8
1,<environment.Job instance at 0x147d49584cd0>,3,3,[6 2],6,7,10,1,7
1,<environment.Job instance at 0x147d4abc09b0>,5,3,[6 1],9,10,13,1,10
1,<environment.Job instance at 0x147d4c4acb90>,0,2,[8 1],1,1,3,0,1
1,<environment.Job instance at 0x147d4a6dce60>,2,2,[2 8],4,4,6,0,4
1,<environment.Job instance at 0x147d4809e3c0>,3,1,[2 7],5,6,7,1,5
1,<environment.Job instance at 0x147d47c57460>,4,2,[2 7],6,7,9,1,7
1,<environment.Job instance at 0x147d47c574b0>,5,2,[2 7],7,9,11,2,9
1,<environment.Job instance at 0x147d47b4ebe0>,0,3,[9 2],1,1,4,0,1
1,<environment.Job instance at 0x147d5185e870>,2,1,[2 7],3,4,5,1,3
1,<environment.Job instance at 0x147d42d8b050>,4,2,[1 8],5,46,48,41,46
1,<environment.Job instance at 0x147d4a7edb40>,1,3,[1 9],2,2,5,0,2
1,<environment.Job instance at 0x147d46bd25f0>,3,1,[6 2],4,5,6,1,4
1,<environment.Job instance at 0x147d46102140>,2,1,[2 5],3,5,6,2,4
1,<environment.Job instance at 0x147d4f72ff50>,4,2,[7 2],5,6,8,1,5
1,<environment.Job instance at 0x147d489259b0>,5,3,[9 2],6,8,11,2,6
1,<environment.Job instance at 0x147d4a8bad70>,7,1,[2 6],8,11,12,3,8
1,<environment.Job instance at 0x147d4e89e780>,0,2,[6 1],1,1,3,0,1
1,<environment.Job instance at 0x147d4e3def50>,2,3,[1 8],3,3,6,0,3
1,<environment.Job instance at 0x147d4aa8bdc0>,3,3,[1 8],4,6,9,2,4
1,<environment.Job instance at 0x147d4aa8b3c0>,4,2,[8 1],7,7,9,0,7
1,<environment.Job instance at 0x147d4aa8b230>,5,2,[ 1 10],8,9,11,1,8
1,<environment.Job instance at 0x147d4d03b190>,1,17,[6 1],3,7,24,4,7
1,<environment.Job instance at 0x147d4cb65c80>,5,3,[6 1],9,24,27,15,9
1,<environment.Job instance at 0x147d44feaaf0>,0,2,[8 1],1,1,3,0,1
1,<environment.Job instance at 0x147d456c3730>,2,2,[2 8],4,4,6,0,4
1,<environment.Job instance at 0x147d49d4d410>,3,1,[2 7],5,6,7,1,5
1,<environment.Job instance at 0x147d49d4daf0>,4,2,[2 7],6,7,9,1,6
1,<environment.Job instance at 0x147d4bace050>,5,2,[2 7],7,9,11,2,7
1,<environment.Job instance at 0x147d49deda00>,0,3,[9 2],1,1,4,0,1
1,<environment.Job instance at 0x147d4c9935f0>,1,3,[2 9],2,4,7,2,2
1,<environment.Job instance at 0x147d47fa5b90>,5,3,[10  2],8,8,11,0,8
1,<environment.Job instance at 0x147d4ce33460>,1,3,[1 9],2,2,5,0,2
1,<environment.Job instance at 0x147d4ea956e0>,3,1,[6 2],4,5,6,1,4
1,<environment.Job instance at 0x147d4ce330a0>,2,1,[2 5],3,5,6,2,4
1,<environment.Job instance at 0x147d4ea95f50>,4,2,[7 2],5,6,8,1,5
1,<environment.Job instance at 0x147d4e3d13c0>,5,3,[9 2],6,8,11,2,6
1,<environment.Job instance at 0x147d4fcf08c0>,7,1,[2 6],8,11,12,3,8
1,<environment.Job instance at 0x147d4f0f4cd0>,0,2,[6 1],1,1,3,0,1
1,<environment.Job instance at 0x147d4c169410>,2,3,[1 8],3,3,6,0,3
1,<environment.Job instance at 0x147d4e8ec5a0>,3,3,[1 8],4,6,9,2,4
1,<environment.Job instance at 0x147d4fca5190>,4,2,[8 1],7,7,9,0,7
1,<environment.Job instance at 0x147d46cf4d20>,5,2,[ 1 10],8,9,11,1,8
1,<environment.Job instance at 0x147d4985d410>,1,17,[6 1],3,7,24,4,7
1,<environment.Job instance at 0x147d456e0a00>,5,3,[6 1],9,24,27,15,9
1,<environment.Job instance at 0x147d44f20870>,0,2,[8 1],1,1,3,0,1
1,<environment.Job instance at 0x147d44f20be0>,2,2,[2 8],4,4,6,0,4
1,<environment.Job instance at 0x147d4f259eb0>,3,1,[2 7],5,6,7,1,5
1,<environment.Job instance at 0x147d4dcd05a0>,4,2,[2 7],6,7,9,1,6
1,<environment.Job instance at 0x147d4e6b57d0>,5,2,[2 7],7,9,11,2,7
1,<environment.Job instance at 0x147d4e3031e0>,0,3,[9 2],1,1,4,0,1
1,<environment.Job instance at 0x147d47f775a0>,1,3,[2 9],2,4,7,2,2
1,<environment.Job instance at 0x147d46af68c0>,5,3,[10  2],8,8,11,0,8
1,<environment.Job instance at 0x147d47a022d0>,1,3,[1 9],2,2,5,0,2
1,<environment.Job instance at 0x147d47a020f0>,2,1,[2 5],3,5,6,2,3
1,<environment.Job instance at 0x147d47e55050>,3,1,[6 2],4,5,6,1,4
1,<environment.Job instance at 0x147d4b8b9af0>,4,2,[7 2],5,6,8,1,5
1,<environment.Job instance at 0x147d46b6fd20>,5,3,[9 2],6,8,11,2,6
1,<environment.Job instance at 0x147d4b8b9960>,7,1,[2 6],8,11,12,3,8
1,<environment.Job instance at 0x147d4ae8f370>,0,2,[6 1],1,1,3,0,1
1,<environment.Job instance at 0x147d45fac230>,2,3,[1 8],3,3,6,0,3
1,<environment.Job instance at 0x147d4a95de10>,3,3,[1 8],4,6,9,2,4
1,<environment.Job instance at 0x147d4e1ebeb0>,4,2,[8 1],7,7,9,0,7
1,<environment.Job instance at 0x147d4a95d190>,5,2,[ 1 10],8,9,11,1,8
1,<environment.Job instance at 0x147d47ba9960>,0,1,[2 5],1,1,2,0,1
1,<environment.Job instance at 0x147d477d5c80>,2,2,[10  1],5,5,7,0,5
1,<environment.Job instance at 0x147d4e82ce10>,3,3,[6 2],6,7,10,1,6
1,<environment.Job instance at 0x147d46a83b40>,5,3,[6 1],9,10,13,1,9
1,<environment.Job instance at 0x147d4535adc0>,0,2,[8 1],1,1,3,0,1
1,<environment.Job instance at 0x147d481b1fa0>,2,2,[2 8],4,4,6,0,4
1,<environment.Job instance at 0x147d44af8cd0>,3,1,[2 7],5,6,7,1,5
1,<environment.Job instance at 0x147d44af8af0>,4,2,[2 7],6,7,9,1,6
1,<environment.Job instance at 0x147d44af8780>,5,2,[2 7],7,9,11,2,7
1,<environment.Job instance at 0x147d478d2280>,0,3,[9 2],1,1,4,0,1
1,<environment.Job instance at 0x147d44af71e0>,2,1,[2 7],3,4,5,1,3
1,<environment.Job instance at 0x147d4d6963c0>,4,2,[1 8],5,18,20,13,18
1,<environment.Job instance at 0x147d4534cb90>,1,3,[1 9],2,2,5,0,2
1,<environment.Job instance at 0x147d47b97d70>,2,1,[2 5],3,5,6,2,3
1,<environment.Job instance at 0x147d46570b90>,3,1,[6 2],4,5,6,1,4
1,<environment.Job instance at 0x147d4799c3c0>,4,2,[7 2],5,6,8,1,5
1,<environment.Job instance at 0x147d4534caf0>,5,3,[9 2],6,8,11,2,6
1,<environment.Job instance at 0x147d46f22230>,7,1,[2 6],8,11,12,3,8
1,<environment.Job instance at 0x147d48012e10>,0,2,[6 1],1,1,3,0,1
1,<environment.Job instance at 0x147d48012eb0>,2,3,[1 8],3,3,6,0,3
1,<environment.Job instance at 0x147d47f17a00>,3,3,[1 8],4,6,9,2,4
1,<environment.Job instance at 0x147d47f17280>,4,2,[8 1],7,7,9,0,7
1,<environment.Job instance at 0x147d489ef140>,5,2,[ 1 10],8,9,11,1,8
1,<environment.Job instance at 0x147d4bec7410>,1,17,[6 1],3,4,21,1,4
1,<environment.Job instance at 0x147d45570460>,2,2,[10  1],5,21,23,16,5
1,<environment.Job instance at 0x147d4b8c7be0>,3,3,[6 2],6,23,26,17,6
1,<environment.Job instance at 0x147d4ec22280>,5,3,[6 1],9,26,29,17,9
1,<environment.Job instance at 0x147d4fd8c870>,0,2,[8 1],1,1,3,0,1
1,<environment.Job instance at 0x147d4cbb1cd0>,2,2,[2 8],4,4,6,0,4
1,<environment.Job instance at 0x147d479ac0f0>,3,1,[2 7],5,6,7,1,5
1,<environment.Job instance at 0x147d479ac370>,4,2,[2 7],6,7,9,1,6
1,<environment.Job instance at 0x147d479ac3c0>,5,2,[2 7],7,9,11,2,7
1,<environment.Job instance at 0x147d506f3280>,0,3,[9 2],1,1,4,0,1
1,<environment.Job instance at 0x147d49b4acd0>,1,3,[2 9],2,4,7,2,2
1,<environment.Job instance at 0x147d46146b40>,1,3,[1 9],2,2,5,0,2
1,<environment.Job instance at 0x147d4534c870>,2,1,[2 5],3,5,6,2,3
1,<environment.Job instance at 0x147d479fc050>,3,1,[6 2],4,5,6,1,4
1,<environment.Job instance at 0x147d479fc690>,4,2,[7 2],5,6,8,1,5
1,<environment.Job instance at 0x147d4534c3c0>,5,3,[9 2],6,8,11,2,6
1,<environment.Job instance at 0x147d45d17140>,7,1,[2 6],8,11,12,3,8
1,<environment.Job instance at 0x147d44b31fa0>,0,2,[6 1],1,1,3,0,1
1,<environment.Job instance at 0x147d44b31370>,2,3,[1 8],3,3,6,0,3
1,<environment.Job instance at 0x147d44b31f00>,3,3,[1 8],4,6,9,2,4
1,<environment.Job instance at 0x147d44b42b40>,4,2,[8 1],7,7,9,0,7
1,<environment.Job instance at 0x147d45ee7dc0>,5,2,[ 1 10],8,9,11,1,8
1,<environment.Job instance at 0x147d45e00690>,1,17,[6 1],3,4,21,1,4
1,<environment.Job instance at 0x147d449e72d0>,2,2,[10  1],5,21,23,16,5
1,<environment.Job instance at 0x147d459db6e0>,3,3,[6 2],6,23,26,17,7
1,<environment.Job instance at 0x147d44bdc140>,5,3,[6 1],9,26,29,17,9
1,<environment.Job instance at 0x147d4a8288c0>,0,2,[8 1],1,1,3,0,1
1,<environment.Job instance at 0x147d4a828910>,2,2,[2 8],4,4,6,0,4
1,<environment.Job instance at 0x147d48c65460>,3,1,[2 7],5,6,7,1,5
1,<environment.Job instance at 0x147d48c65230>,4,2,[2 7],6,7,9,1,6
1,<environment.Job instance at 0x147d470960a0>,5,2,[2 7],7,9,11,2,7
1,<environment.Job instance at 0x147d4d67aaf0>,0,3,[9 2],1,1,4,0,1
1,<environment.Job instance at 0x147d46470e60>,1,3,[2 9],2,4,7,2,2
1,<environment.Job instance at 0x147d4d7c10a0>,1,3,[1 9],2,2,5,0,2
1,<environment.Job instance at 0x147d4d752d20>,2,1,[2 5],3,5,6,2,3
1,<environment.Job instance at 0x147d44f15c30>,3,1,[6 2],4,5,6,1,4
1,<environment.Job instance at 0x147d463e0eb0>,4,2,[7 2],5,6,8,1,5
1,<environment.Job instance at 0x147d4afdc2d0>,5,3,[9 2],6,8,11,2,6
1,<environment.Job instance at 0x147d451863c0>,7,1,[2 6],8,11,12,3,8
1,<environment.Job instance at 0x147d4d42fa50>,0,2,[6 1],1,1,3,0,1
1,<environment.Job instance at 0x147d4efaa550>,2,3,[1 8],3,3,6,0,3
1,<environment.Job instance at 0x147d49df9d70>,3,3,[1 8],4,6,9,2,4
1,<environment.Job instance at 0x147d4b60f3c0>,4,2,[8 1],7,7,9,0,7
1,<environment.Job instance at 0x147d4c83ed20>,5,2,[ 1 10],8,9,11,1,8
1,<environment.Job instance at 0x147d46df20f0>,1,17,[6 1],3,4,21,1,4
1,<environment.Job instance at 0x147d4d4c2d70>,2,2,[10  1],5,21,23,16,5
1,<environment.Job instance at 0x147d46a8e9b0>,3,3,[6 2],6,23,26,17,6
1,<environment.Job instance at 0x147d4ba5b460>,5,3,[6 1],9,26,29,17,9
1,<environment.Job instance at 0x147d4684e0a0>,0,2,[8 1],1,1,3,0,1
1,<environment.Job instance at 0x147d4623cbe0>,2,2,[2 8],4,4,6,0,4
1,<environment.Job instance at 0x147d4c4196e0>,3,1,[2 7],5,6,7,1,5
1,<environment.Job instance at 0x147d45d3eaa0>,4,2,[2 7],6,7,9,1,6
1,<environment.Job instance at 0x147d45d328c0>,5,2,[2 7],7,9,11,2,7
1,<environment.Job instance at 0x147d4d71d500>,0,3,[9 2],1,1,4,0,1
1,<environment.Job instance at 0x147d4d71d460>,1,3,[2 9],2,4,7,2,2
1,<environment.Job instance at 0x147d45be88c0>,1,3,[1 9],2,2,5,0,2
1,<environment.Job instance at 0x147d45be8cd0>,2,1,[2 5],3,5,6,2,3
1,<environment.Job instance at 0x147d46060230>,3,1,[6 2],4,5,6,1,4
1,<environment.Job instance at 0x147d45be84b0>,4,2,[7 2],5,6,8,1,5
1,<environment.Job instance at 0x147d46060b90>,5,3,[9 2],6,8,11,2,6
1,<environment.Job instance at 0x147d462cfc30>,7,1,[2 6],8,11,12,3,8
1,<environment.Job instance at 0x147d45d4caa0>,0,2,[6 1],1,1,3,0,1
1,<environment.Job instance at 0x147d4b150910>,2,3,[1 8],3,3,6,0,3
1,<environment.Job instance at 0x147d4dfc6460>,3,3,[1 8],4,6,9,2,4
1,<environment.Job instance at 0x147d45787aa0>,4,2,[8 1],7,7,9,0,7
1,<environment.Job instance at 0x147d4dfc6410>,5,2,[ 1 10],8,9,11,1,8
1,<environment.Job instance at 0x147d4eecff50>,2,2,[10  1],5,5,7,0,5
1,<environment.Job instance at 0x147d45de5230>,3,3,[6 2],6,7,10,1,6
1,<environment.Job instance at 0x147d4922b870>,5,3,[6 1],9,10,13,1,9
1,<environment.Job instance at 0x147d47e6b730>,0,2,[8 1],1,1,3,0,1
1,<environment.Job instance at 0x147d4b843500>,2,2,[2 8],4,4,6,0,4
1,<environment.Job instance at 0x147d44c05a00>,3,1,[2 7],5,6,7,1,5
1,<environment.Job instance at 0x147d4aa87550>,4,2,[2 7],6,7,9,1,7
1,<environment.Job instance at 0x147d495f83c0>,5,2,[2 7],7,9,11,2,9
1,<environment.Job instance at 0x147d4f526be0>,0,3,[9 2],1,1,4,0,1
1,<environment.Job instance at 0x147d49889af0>,1,3,[2 9],2,4,7,2,2
1,<environment.Job instance at 0x147d47cfadc0>,5,3,[10  2],8,9,12,1,9
1,<environment.Job instance at 0x147d5231d780>,1,3,[1 9],2,2,5,0,2
1,<environment.Job instance at 0x147d46971aa0>,2,1,[2 5],3,5,6,2,3
1,<environment.Job instance at 0x147d4d4eab90>,3,1,[6 2],4,5,6,1,4
1,<environment.Job instance at 0x147d4d8e90a0>,4,2,[7 2],5,6,8,1,5
1,<environment.Job instance at 0x147d4d4ea640>,5,3,[9 2],6,8,11,2,6
1,<environment.Job instance at 0x147d4802f320>,7,1,[2 6],8,11,12,3,8
1,<environment.Job instance at 0x147d463730f0>,0,2,[6 1],1,1,3,0,1
1,<environment.Job instance at 0x147d4802f190>,2,3,[1 8],3,3,6,0,3
1,<environment.Job instance at 0x147d4a7a0550>,3,3,[1 8],4,6,9,2,4
1,<environment.Job instance at 0x147d45e698c0>,4,2,[8 1],7,7,9,0,7
1,<environment.Job instance at 0x147d499583c0>,5,2,[ 1 10],8,9,11,1,8
1,<environment.Job instance at 0x147d4cb5f0f0>,0,1,[2 5],1,1,2,0,1
1,<environment.Job instance at 0x147d4cb5f730>,2,2,[10  1],5,5,7,0,5
1,<environment.Job instance at 0x147d480b4af0>,3,3,[6 2],6,7,10,1,6
1,<environment.Job instance at 0x147d480b4820>,5,3,[6 1],9,10,13,1,9
1,<environment.Job instance at 0x147d4cdc30f0>,0,2,[8 1],1,1,3,0,1
1,<environment.Job instance at 0x147d45aace10>,2,2,[2 8],4,4,6,0,4
1,<environment.Job instance at 0x147d46a16690>,3,1,[2 7],5,6,7,1,5
1,<environment.Job instance at 0x147d46a16410>,4,2,[2 7],6,7,9,1,7
1,<environment.Job instance at 0x147d46a16320>,5,2,[2 7],7,9,11,2,9
1,<environment.Job instance at 0x147d463fb1e0>,0,3,[9 2],1,1,4,0,1
1,<environment.Job instance at 0x147d4c09af50>,2,1,[2 7],3,4,5,1,3
1,<environment.Job instance at 0x147d4e318320>,4,2,[1 8],5,46,48,41,46
1,<environment.Job instance at 0x147d4e398c80>,1,3,[1 9],2,2,5,0,2
1,<environment.Job instance at 0x147d45e56780>,2,1,[2 5],3,5,6,2,3
1,<environment.Job instance at 0x147d4ad33410>,3,1,[6 2],4,5,6,1,4
1,<environment.Job instance at 0x147d4a537f00>,4,2,[7 2],5,6,8,1,5
1,<environment.Job instance at 0x147d4806f6e0>,5,3,[9 2],6,8,11,2,6
1,<environment.Job instance at 0x147d4b371550>,7,1,[2 6],8,11,12,3,8
1,<environment.Job instance at 0x147d5125ad70>,0,2,[6 1],1,1,3,0,1
1,<environment.Job instance at 0x147d47b9d370>,2,3,[1 8],3,3,6,0,3
1,<environment.Job instance at 0x147d47b9d550>,3,3,[1 8],4,6,9,2,4
1,<environment.Job instance at 0x147d4ae564b0>,4,2,[8 1],7,7,9,0,7
1,<environment.Job instance at 0x147d45279c30>,5,2,[ 1 10],8,9,11,1,8
1,<environment.Job instance at 0x147d4ae56730>,0,1,[2 5],1,1,2,0,1
1,<environment.Job instance at 0x147d4941a370>,2,2,[10  1],5,5,7,0,5
1,<environment.Job instance at 0x147d49c26140>,3,3,[6 2],6,7,10,1,6
1,<environment.Job instance at 0x147d49c26500>,5,3,[6 1],9,10,13,1,9
1,<environment.Job instance at 0x147d4f4b55a0>,0,2,[8 1],1,1,3,0,1
1,<environment.Job instance at 0x147d44218b40>,2,2,[2 8],4,4,6,0,4
1,<environment.Job instance at 0x147d44d1f050>,3,1,[2 7],5,6,7,1,5
1,<environment.Job instance at 0x147d43f487d0>,4,2,[2 7],6,7,9,1,6
1,<environment.Job instance at 0x147d444e4820>,5,2,[2 7],7,9,11,2,7
1,<environment.Job instance at 0x147d444cc960>,0,3,[9 2],1,1,4,0,1
1,<environment.Job instance at 0x147d444e4050>,2,1,[2 7],3,4,5,1,3
1,<environment.Job instance at 0x147d45379500>,4,2,[1 8],5,881,883,876,881
1,<environment.Job instance at 0x147d4a1c74b0>,1,3,[1 9],2,2,5,0,2
1,<environment.Job instance at 0x147d4412f2d0>,2,1,[2 5],3,5,6,2,3
1,<environment.Job instance at 0x147d4aded8c0>,3,1,[6 2],4,5,6,1,4
1,<environment.Job instance at 0x147d4aded9b0>,4,2,[7 2],5,6,8,1,5
1,<environment.Job instance at 0x147d4412f1e0>,5,3,[9 2],6,8,11,2,6
1,<environment.Job instance at 0x147d45fb3280>,7,1,[2 6],8,11,12,3,8
1,<environment.Job instance at 0x147d495e10a0>,0,2,[6 1],1,1,3,0,1
1,<environment.Job instance at 0x147d450a6f50>,2,3,[1 8],3,3,6,0,3
1,<environment.Job instance at 0x147d4cf8f0f0>,3,3,[1 8],4,6,9,2,4
1,<environment.Job instance at 0x147d4cf8f730>,4,2,[8 1],7,7,9,0,7
1,<environment.Job instance at 0x147d46867b90>,5,2,[ 1 10],8,9,11,1,8
1,<environment.Job instance at 0x147d47fee730>,0,1,[2 5],1,1,2,0,1
1,<environment.Job instance at 0x147d4cf8f5f0>,2,2,[10  1],5,5,7,0,5
1,<environment.Job instance at 0x147d4c2268c0>,3,3,[6 2],6,7,10,1,6
1,<environment.Job instance at 0x147d4c226780>,5,3,[6 1],9,10,13,1,9
1,<environment.Job instance at 0x147d45fd4af0>,0,2,[8 1],1,1,3,0,1
1,<environment.Job instance at 0x147d492bf2d0>,2,2,[2 8],4,4,6,0,4
1,<environment.Job instance at 0x147d492bf9b0>,3,1,[2 7],5,6,7,1,5
1,<environment.Job instance at 0x147d4ca1a640>,4,2,[2 7],6,7,9,1,6
1,<environment.Job instance at 0x147d4dbc4a00>,5,2,[2 7],7,9,11,2,7
1,<environment.Job instance at 0x147d4df698c0>,0,3,[9 2],1,1,4,0,1
1,<environment.Job instance at 0x147d4e7f8190>,2,1,[2 7],3,4,5,1,3
1,<environment.Job instance at 0x147d4de3ba00>,1,3,[1 9],2,2,5,0,2
1,<environment.Job instance at 0x147d4745de10>,2,1,[2 5],3,5,6,2,3
1,<environment.Job instance at 0x147d46067eb0>,3,1,[6 2],4,5,6,1,4
1,<environment.Job instance at 0x147d46067e10>,4,2,[7 2],5,6,8,1,5
1,<environment.Job instance at 0x147d46067410>,5,3,[9 2],6,8,11,2,6
1,<environment.Job instance at 0x147d4a2195f0>,7,1,[2 6],8,11,12,3,8
1,<environment.Job instance at 0x147d4fb29fa0>,0,2,[6 1],1,1,3,0,1
1,<environment.Job instance at 0x147d4a436870>,2,3,[1 8],3,3,6,0,3
1,<environment.Job instance at 0x147d49576190>,3,3,[1 8],4,6,9,2,4
1,<environment.Job instance at 0x147d4a9fdb40>,4,2,[8 1],7,7,9,0,7
1,<environment.Job instance at 0x147d49576910>,5,2,[ 1 10],8,9,11,1,8
1,<environment.Job instance at 0x147d4ea76a50>,0,1,[2 5],1,1,2,0,1
1,<environment.Job instance at 0x147d4f706aa0>,2,2,[10  1],5,5,7,0,5
1,<environment.Job instance at 0x147d4ea76af0>,3,3,[6 2],6,7,10,1,6
1,<environment.Job instance at 0x147d4ea760f0>,5,3,[6 1],9,10,13,1,9
1,<environment.Job instance at 0x147d4b7669b0>,0,2,[8 1],1,1,3,0,1
1,<environment.Job instance at 0x147d48a8f960>,2,2,[2 8],4,4,6,0,4
1,<environment.Job instance at 0x147d4a173d70>,3,1,[2 7],5,6,7,1,5
1,<environment.Job instance at 0x147d4a173e60>,4,2,[2 7],6,7,9,1,6
1,<environment.Job instance at 0x147d4a173410>,5,2,[2 7],7,9,11,2,7
1,<environment.Job instance at 0x147d4e348190>,0,3,[9 2],1,1,4,0,1
1,<environment.Job instance at 0x147d481eb820>,2,1,[2 7],3,4,5,1,3
1,<environment.Job instance at 0x147d4e348f00>,4,2,[1 8],5,18,20,13,18
1,<environment.Job instance at 0x147d4aae9c80>,1,3,[1 9],2,2,5,0,2
1,<environment.Job instance at 0x147d4412f320>,2,1,[2 5],3,5,6,2,3
1,<environment.Job instance at 0x147d4562d370>,3,1,[6 2],4,5,6,1,4
1,<environment.Job instance at 0x147d4412f460>,4,2,[7 2],5,6,8,1,5
1,<environment.Job instance at 0x147d4562db90>,5,3,[9 2],6,8,11,2,6
1,<environment.Job instance at 0x147d456413c0>,7,1,[2 6],8,11,12,3,8
1,<environment.Job instance at 0x147d48c303c0>,0,2,[6 1],1,1,3,0,1
1,<environment.Job instance at 0x147d48c317d0>,2,3,[1 8],3,3,6,0,3
1,<environment.Job instance at 0x147d45641410>,3,3,[1 8],4,6,9,2,4
1,<environment.Job instance at 0x147d4885e640>,4,2,[8 1],7,7,9,0,7
1,<environment.Job instance at 0x147d4f872c30>,5,2,[ 1 10],8,9,11,1,8
1,<environment.Job instance at 0x147d459e7c80>,0,1,[2 5],1,1,2,0,1
1,<environment.Job instance at 0x147d478765a0>,2,2,[10  1],5,5,7,0,5
1,<environment.Job instance at 0x147d4a8d55a0>,3,3,[6 2],6,7,10,1,6
1,<environment.Job instance at 0x147d450aff50>,5,3,[6 1],9,11,14,2,11
1,<environment.Job instance at 0x147d46fdd910>,0,2,[8 1],1,1,3,0,1
1,<environment.Job instance at 0x147d46fdd8c0>,2,2,[2 8],4,4,6,0,4
1,<environment.Job instance at 0x147d4b674e10>,3,1,[2 7],5,6,7,1,5
1,<environment.Job instance at 0x147d4b674e60>,4,2,[2 7],6,7,9,1,6
1,<environment.Job instance at 0x147d4b674910>,5,2,[2 7],7,9,11,2,7
1,<environment.Job instance at 0x147d45594870>,0,3,[9 2],1,1,4,0,1
1,<environment.Job instance at 0x147d4fc68dc0>,1,3,[2 9],2,4,7,2,2
1,<environment.Job instance at 0x147d455940a0>,2,1,[2 7],3,7,8,4,3
1,<environment.Job instance at 0x147d481a2780>,1,3,[1 9],2,2,5,0,2
1,<environment.Job instance at 0x147d44452a00>,2,1,[2 5],3,5,6,2,3
1,<environment.Job instance at 0x147d463736e0>,3,1,[6 2],4,5,6,1,4
1,<environment.Job instance at 0x147d481a2730>,4,2,[7 2],5,6,8,1,5
1,<environment.Job instance at 0x147d4b33a2d0>,5,3,[9 2],6,8,11,2,6
1,<environment.Job instance at 0x147d4b33a780>,7,1,[2 6],8,11,12,3,8
1,<environment.Job instance at 0x147d4d8d7460>,0,2,[6 1],1,1,3,0,1
1,<environment.Job instance at 0x147d48910a50>,2,3,[1 8],3,3,6,0,3
1,<environment.Job instance at 0x147d44c8f960>,3,3,[1 8],4,6,9,2,4
1,<environment.Job instance at 0x147d44c8fbe0>,4,2,[8 1],7,7,9,0,7
1,<environment.Job instance at 0x147d44c8fc30>,5,2,[ 1 10],8,9,11,1,8
1,<environment.Job instance at 0x147d46c05cd0>,0,1,[2 5],1,1,2,0,1
1,<environment.Job instance at 0x147d44c8f0a0>,2,2,[10  1],5,5,7,0,5
1,<environment.Job instance at 0x147d48bc2140>,3,3,[6 2],6,7,10,1,6
1,<environment.Job instance at 0x147d48bc2fa0>,5,3,[6 1],9,11,14,2,11
1,<environment.Job instance at 0x147d4afebc80>,0,2,[8 1],1,1,3,0,1
1,<environment.Job instance at 0x147d48945e10>,2,2,[2 8],4,4,6,0,4
1,<environment.Job instance at 0x147d4f808690>,3,1,[2 7],5,6,7,1,5
1,<environment.Job instance at 0x147d4f808910>,4,2,[2 7],6,7,9,1,6
1,<environment.Job instance at 0x147d4bd27eb0>,5,2,[2 7],7,9,11,2,7
1,<environment.Job instance at 0x147d47871730>,0,3,[9 2],1,1,4,0,1
1,<environment.Job instance at 0x147d4e2d7410>,1,3,[2 9],2,4,7,2,2
1,<environment.Job instance at 0x147d478719b0>,2,1,[2 7],3,7,8,4,3
1,<environment.Job instance at 0x147d465de190>,1,3,[1 9],2,2,5,0,2
1,<environment.Job instance at 0x147d4d731690>,2,1,[2 5],3,5,6,2,3
1,<environment.Job instance at 0x147d495785f0>,3,1,[6 2],4,5,6,1,4
1,<environment.Job instance at 0x147d45dad0f0>,4,2,[7 2],5,6,8,1,5
1,<environment.Job instance at 0x147d45dad2d0>,5,3,[9 2],6,8,11,2,6
1,<environment.Job instance at 0x147d45dadaa0>,7,1,[2 6],8,11,12,3,8
1,<environment.Job instance at 0x147d4d42c190>,0,2,[6 1],1,1,3,0,1
1,<environment.Job instance at 0x147d44945190>,2,3,[1 8],3,3,6,0,3
1,<environment.Job instance at 0x147d442ae640>,3,3,[1 8],4,6,9,2,4
1,<environment.Job instance at 0x147d441d9e10>,4,2,[8 1],7,7,9,0,7
1,<environment.Job instance at 0x147d442ae230>,5,2,[ 1 10],8,9,11,1,8
1,<environment.Job instance at 0x147d48bef500>,0,1,[2 5],1,1,2,0,1
1,<environment.Job instance at 0x147d4eb1cbe0>,2,2,[10  1],5,5,7,0,5
1,<environment.Job instance at 0x147d48bef7d0>,3,3,[6 2],6,7,10,1,6
1,<environment.Job instance at 0x147d48bef0a0>,5,3,[6 1],9,10,13,1,9
1,<environment.Job instance at 0x147d47fc23c0>,0,2,[8 1],1,1,3,0,1
1,<environment.Job instance at 0x147d47fc2d70>,2,2,[2 8],4,4,6,0,4
1,<environment.Job instance at 0x147d442167d0>,3,1,[2 7],5,6,7,1,5
1,<environment.Job instance at 0x147d43f31550>,4,2,[2 7],6,7,9,1,6
1,<environment.Job instance at 0x147d4c959280>,5,2,[2 7],7,9,11,2,7
1,<environment.Job instance at 0x147d44b659b0>,0,3,[9 2],1,1,4,0,1
1,<environment.Job instance at 0x147d4e341dc0>,2,1,[2 7],3,4,5,1,3
1,<environment.Job instance at 0x147d4cc6a370>,4,2,[1 8],5,881,883,876,881
1,<environment.Job instance at 0x147d48b59140>,1,3,[1 9],2,2,5,0,2
1,<environment.Job instance at 0x147d48b59050>,2,1,[2 5],3,5,6,2,3
1,<environment.Job instance at 0x147d4a93b730>,3,1,[6 2],4,5,6,1,4
1,<environment.Job instance at 0x147d4a93bf50>,4,2,[7 2],5,6,8,1,5
1,<environment.Job instance at 0x147d48b59960>,5,3,[9 2],6,8,11,2,6
1,<environment.Job instance at 0x147d46aa7f50>,7,1,[2 6],8,11,12,3,8
1,<environment.Job instance at 0x147d4ed9ee60>,0,2,[6 1],1,1,3,0,1
1,<environment.Job instance at 0x147d453f1960>,2,3,[1 8],3,3,6,0,3
1,<environment.Job instance at 0x147d453f1640>,3,3,[1 8],4,6,9,2,4
1,<environment.Job instance at 0x147d453f1eb0>,4,2,[8 1],7,7,9,0,7
1,<environment.Job instance at 0x147d4b3adaa0>,5,2,[ 1 10],8,9,11,1,8
1,<environment.Job instance at 0x147d4f8ac780>,0,1,[2 5],1,1,2,0,1
1,<environment.Job instance at 0x147d4549e6e0>,2,2,[10  1],5,5,7,0,5
1,<environment.Job instance at 0x147d4b216c30>,3,3,[6 2],6,7,10,1,6
1,<environment.Job instance at 0x147d4549e4b0>,5,3,[6 1],9,10,13,1,9
1,<environment.Job instance at 0x147d49d07500>,0,2,[8 1],1,1,3,0,1
1,<environment.Job instance at 0x147d49d07550>,2,2,[2 8],4,4,6,0,4
1,<environment.Job instance at 0x147d449b20a0>,3,1,[2 7],5,6,7,1,5
1,<environment.Job instance at 0x147d443bd190>,4,2,[2 7],6,7,9,1,6
1,<environment.Job instance at 0x147d443bd050>,5,2,[2 7],7,9,11,2,7
1,<environment.Job instance at 0x147d496a7e10>,0,3,[9 2],1,1,4,0,1
1,<environment.Job instance at 0x147d466bcb90>,2,1,[2 7],3,4,5,1,3
1,<environment.Job instance at 0x147d4d9fb190>,4,2,[1 8],5,881,883,876,881
1,<environment.Job instance at 0x147d4d2188c0>,1,3,[1 9],2,2,5,0,2
1,<environment.Job instance at 0x147d4d218dc0>,2,1,[2 5],3,5,6,2,3
1,<environment.Job instance at 0x147d4d218640>,3,1,[6 2],4,5,6,1,4
1,<environment.Job instance at 0x147d49bdb1e0>,4,2,[7 2],5,6,8,1,5
1,<environment.Job instance at 0x147d4d218fa0>,5,3,[9 2],6,8,11,2,6
1,<environment.Job instance at 0x147d42dda550>,7,1,[2 6],8,11,12,3,8
1,<environment.Job instance at 0x147d459770a0>,0,2,[6 1],1,1,3,0,1
1,<environment.Job instance at 0x147d4de48dc0>,2,3,[1 8],3,3,6,0,3
1,<environment.Job instance at 0x147d4bd146e0>,3,3,[1 8],4,6,9,2,4
1,<environment.Job instance at 0x147d44cacc80>,4,2,[8 1],7,7,9,0,7
1,<environment.Job instance at 0x147d4bd14dc0>,5,2,[ 1 10],8,9,11,1,8
1,<environment.Job instance at 0x147d491b0280>,0,1,[2 5],1,1,2,0,1
1,<environment.Job instance at 0x147d4de48d20>,2,2,[10  1],5,5,7,0,5
1,<environment.Job instance at 0x147d43fa1460>,3,3,[6 2],6,7,10,1,6
1,<environment.Job instance at 0x147d43fa1730>,5,3,[6 1],9,10,13,1,10
1,<environment.Job instance at 0x147d437fd4b0>,0,2,[8 1],1,1,3,0,1
1,<environment.Job instance at 0x147d43fa17d0>,2,2,[2 8],4,4,6,0,4
1,<environment.Job instance at 0x147d45d17640>,3,1,[2 7],5,6,7,1,5
1,<environment.Job instance at 0x147d45d17cd0>,4,2,[2 7],6,7,9,1,6
1,<environment.Job instance at 0x147d45d17c30>,5,2,[2 7],7,9,11,2,7
1,<environment.Job instance at 0x147d50da19b0>,0,3,[9 2],1,1,4,0,1
1,<environment.Job instance at 0x147d449033c0>,2,1,[2 7],3,4,5,1,3
1,<environment.Job instance at 0x147d44903b40>,4,2,[1 8],5,2227,2229,2222,2227
1,<environment.Job instance at 0x147d43089230>,1,3,[1 9],2,2,5,0,2
1,<environment.Job instance at 0x147d42f66e60>,2,1,[2 5],3,5,6,2,3
1,<environment.Job instance at 0x147d42e240f0>,3,1,[6 2],4,5,6,1,4
1,<environment.Job instance at 0x147d42e24230>,4,2,[7 2],5,6,8,1,5
1,<environment.Job instance at 0x147d42e24910>,5,3,[9 2],6,8,11,2,6
1,<environment.Job instance at 0x147d42e24870>,7,1,[2 6],8,11,12,3,8
1,<environment.Job instance at 0x147d4ebd9230>,0,2,[6 1],1,1,3,0,1
1,<environment.Job instance at 0x147d4ebd9550>,2,3,[1 8],3,3,6,0,3
1,<environment.Job instance at 0x147d4dfa3640>,3,3,[1 8],4,6,9,2,4
1,<environment.Job instance at 0x147d4ebd93c0>,4,2,[8 1],7,7,9,0,7
1,<environment.Job instance at 0x147d4dfa3a00>,5,2,[ 1 10],8,9,11,1,8
1,<environment.Job instance at 0x147d4a6550f0>,0,1,[2 5],1,1,2,0,1
1,<environment.Job instance at 0x147d45d61a00>,2,2,[10  1],5,5,7,0,5
1,<environment.Job instance at 0x147d45d61c80>,3,3,[6 2],6,7,10,1,6
1,<environment.Job instance at 0x147d4446b3c0>,5,3,[6 1],9,10,13,1,10
1,<environment.Job instance at 0x147d467943c0>,0,2,[8 1],1,1,3,0,1
1,<environment.Job instance at 0x147d46df3a50>,2,2,[2 8],4,4,6,0,4
1,<environment.Job instance at 0x147d4297a460>,3,1,[2 7],5,6,7,1,5
1,<environment.Job instance at 0x147d4297a500>,4,2,[2 7],6,7,9,1,6
1,<environment.Job instance at 0x147d4297afa0>,5,2,[2 7],7,9,11,2,7
1,<environment.Job instance at 0x147d42976230>,0,3,[9 2],1,1,4,0,1
1,<environment.Job instance at 0x147d4297adc0>,2,1,[2 7],3,4,5,1,3
1,<environment.Job instance at 0x147d456cf140>,1,3,[1 9],2,2,5,0,2
1,<environment.Job instance at 0x147d43b271e0>,2,1,[2 5],3,5,6,2,3
1,<environment.Job instance at 0x147d456cfd20>,3,1,[6 2],4,5,6,1,4
1,<environment.Job instance at 0x147d4fb24460>,4,2,[7 2],5,6,8,1,5
1,<environment.Job instance at 0x147d4478fb40>,5,3,[9 2],6,8,11,2,6
1,<environment.Job instance at 0x147d4e53fbe0>,7,1,[2 6],8,11,12,3,8
1,<environment.Job instance at 0x147d44797f00>,0,2,[6 1],1,1,3,0,1
1,<environment.Job instance at 0x147d44a6daf0>,2,3,[1 8],3,3,6,0,3
1,<environment.Job instance at 0x147d4581bf50>,3,3,[1 8],4,6,9,2,4
1,<environment.Job instance at 0x147d44a6d140>,4,2,[8 1],7,7,9,0,7
1,<environment.Job instance at 0x147d4581b370>,5,2,[ 1 10],8,9,11,1,8
1,<environment.Job instance at 0x147d44d8ac80>,0,1,[2 5],1,1,2,0,1
1,<environment.Job instance at 0x147d44d8abe0>,2,2,[10  1],5,5,7,0,5
1,<environment.Job instance at 0x147d4ff08a50>,3,3,[6 2],6,7,10,1,6
1,<environment.Job instance at 0x147d4ff08c80>,5,3,[6 1],9,10,13,1,10
1,<environment.Job instance at 0x147d44cb7dc0>,0,2,[8 1],1,1,3,0,1
1,<environment.Job instance at 0x147d43eb2c30>,2,2,[2 8],4,4,6,0,4
1,<environment.Job instance at 0x147d48aa6870>,3,1,[2 7],5,6,7,1,5
1,<environment.Job instance at 0x147d43b2e190>,4,2,[2 7],6,7,9,1,6
1,<environment.Job instance at 0x147d4d068c80>,5,2,[2 7],7,9,11,2,7
1,<environment.Job instance at 0x147d42ca11e0>,0,3,[9 2],1,1,4,0,1
1,<environment.Job instance at 0x147d42ca1aa0>,2,1,[2 7],3,4,5,1,3
1,<environment.Job instance at 0x147d454f4640>,1,3,[1 9],2,2,5,0,2
1,<environment.Job instance at 0x147d453f1d20>,2,1,[2 5],3,5,6,2,3
1,<environment.Job instance at 0x147d430cb0a0>,3,1,[6 2],4,5,6,1,4
1,<environment.Job instance at 0x147d453f1c80>,4,2,[7 2],5,6,8,1,5
1,<environment.Job instance at 0x147d430cb4b0>,5,3,[9 2],6,8,11,2,6
1,<environment.Job instance at 0x147d43113c80>,7,1,[2 6],8,11,12,3,8
1,<environment.Job instance at 0x147d443b8910>,0,2,[6 1],1,1,3,0,1
1,<environment.Job instance at 0x147d42ea1c80>,2,3,[1 8],3,3,6,0,3
1,<environment.Job instance at 0x147d4bc8faf0>,3,3,[1 8],4,6,9,2,4
1,<environment.Job instance at 0x147d42ea14b0>,4,2,[8 1],7,7,9,0,7
1,<environment.Job instance at 0x147d4bc8f1e0>,5,2,[ 1 10],8,9,11,1,8
1,<environment.Job instance at 0x147d4eddaaa0>,0,1,[2 5],1,1,2,0,1
1,<environment.Job instance at 0x147d4eddaa50>,2,2,[10  1],5,5,7,0,5
1,<environment.Job instance at 0x147d4dbc46e0>,3,3,[6 2],6,7,10,1,6
1,<environment.Job instance at 0x147d4dbc40f0>,5,3,[6 1],9,11,14,2,11
1,<environment.Job instance at 0x147d49227500>,0,2,[8 1],1,1,3,0,1
1,<environment.Job instance at 0x147d4d1e0910>,2,2,[2 8],4,4,6,0,4
1,<environment.Job instance at 0x147d49b4deb0>,3,1,[2 7],5,6,7,1,5
1,<environment.Job instance at 0x147d49b4d7d0>,4,2,[2 7],6,7,9,1,6
1,<environment.Job instance at 0x147d45ed8dc0>,5,2,[2 7],7,9,11,2,7
1,<environment.Job instance at 0x147d47f40370>,0,3,[9 2],1,1,4,0,1
1,<environment.Job instance at 0x147d452bdc80>,2,1,[2 7],3,4,5,1,3
1,<environment.Job instance at 0x147d47f22320>,1,3,[1 9],2,2,5,0,2
1,<environment.Job instance at 0x147d44fe58c0>,2,1,[2 5],3,5,6,2,3
1,<environment.Job instance at 0x147d44fe5c30>,3,1,[6 2],4,5,6,1,4
1,<environment.Job instance at 0x147d47241690>,4,2,[7 2],5,6,8,1,5
1,<environment.Job instance at 0x147d492788c0>,5,3,[9 2],6,8,11,2,6
1,<environment.Job instance at 0x147d42fea9b0>,7,1,[2 6],8,11,12,3,8
1,<environment.Job instance at 0x147d4e5d49b0>,0,2,[6 1],1,1,3,0,1
1,<environment.Job instance at 0x147d4686d460>,2,3,[1 8],3,3,6,0,3
1,<environment.Job instance at 0x147d4f9c3050>,3,3,[1 8],4,6,9,2,4
1,<environment.Job instance at 0x147d43fa0690>,4,2,[8 1],7,7,9,0,7
1,<environment.Job instance at 0x147d4f9c3e10>,5,2,[ 1 10],8,9,11,1,8
1,<environment.Job instance at 0x147d4ecdae60>,0,1,[2 5],1,1,2,0,1
1,<environment.Job instance at 0x147d4d7feb90>,2,2,[10  1],5,5,7,0,5
1,<environment.Job instance at 0x147d46df1af0>,3,3,[6 2],6,7,10,1,6
1,<environment.Job instance at 0x147d4720c820>,5,3,[6 1],9,11,14,2,11
1,<environment.Job instance at 0x147d43dfd9b0>,0,2,[8 1],1,1,3,0,1
1,<environment.Job instance at 0x147d45571aa0>,2,2,[2 8],4,4,6,0,4
1,<environment.Job instance at 0x147d4f4c9140>,3,1,[2 7],5,6,7,1,5
1,<environment.Job instance at 0x147d43f69c30>,4,2,[2 7],6,7,9,1,6
1,<environment.Job instance at 0x147d43f69460>,5,2,[2 7],7,9,11,2,7
1,<environment.Job instance at 0x147d47918320>,0,3,[9 2],1,1,4,0,1
1,<environment.Job instance at 0x147d4bbf0a00>,2,1,[2 7],3,4,5,1,3
1,<environment.Job instance at 0x147d43b8ce10>,1,3,[1 9],2,2,5,0,2
1,<environment.Job instance at 0x147d43b8c460>,2,1,[2 5],3,5,6,2,3
1,<environment.Job instance at 0x147d43b8cf00>,3,1,[6 2],4,5,6,1,4
1,<environment.Job instance at 0x147d4bf83e60>,4,2,[7 2],5,6,8,1,5
1,<environment.Job instance at 0x147d3f3a6c80>,5,3,[9 2],6,8,11,2,6
1,<environment.Job instance at 0x147d47b71be0>,7,1,[2 6],8,11,12,3,8
1,<environment.Job instance at 0x147d45551fa0>,0,2,[6 1],1,1,3,0,1
1,<environment.Job instance at 0x147d45551050>,2,3,[1 8],3,3,6,0,3
1,<environment.Job instance at 0x147d45551820>,3,3,[1 8],4,6,9,2,4
1,<environment.Job instance at 0x147d44fa99b0>,4,2,[8 1],7,7,9,0,7
1,<environment.Job instance at 0x147d48b2be60>,5,2,[ 1 10],8,9,11,1,8
1,<environment.Job instance at 0x147d4431caf0>,0,1,[2 5],1,1,2,0,1
1,<environment.Job instance at 0x147d44ccf6e0>,2,2,[10  1],5,5,7,0,5
1,<environment.Job instance at 0x147d44fa9500>,3,3,[6 2],6,7,10,1,6
1,<environment.Job instance at 0x147d44fe7c30>,5,3,[6 1],9,10,13,1,10
1,<environment.Job instance at 0x147d456ef550>,0,2,[8 1],1,1,3,0,1
1,<environment.Job instance at 0x147d4a52f5a0>,2,2,[2 8],4,4,6,0,4
1,<environment.Job instance at 0x147d4403f960>,3,1,[2 7],5,6,7,1,5
1,<environment.Job instance at 0x147d440237d0>,4,2,[2 7],6,7,9,1,6
1,<environment.Job instance at 0x147d44023870>,5,2,[2 7],7,9,11,2,7
1,<environment.Job instance at 0x147d4403fdc0>,0,3,[9 2],1,1,4,0,1
1,<environment.Job instance at 0x147d4403fbe0>,2,1,[2 7],3,4,5,1,3
1,<environment.Job instance at 0x147d4b99b960>,1,3,[1 9],2,2,5,0,2
1,<environment.Job instance at 0x147d4afc7a50>,2,1,[2 5],3,5,6,2,3
1,<environment.Job instance at 0x147d45419be0>,3,1,[6 2],4,5,6,1,4
1,<environment.Job instance at 0x147d45419410>,4,2,[7 2],5,6,8,1,5
1,<environment.Job instance at 0x147d45419870>,5,3,[9 2],6,8,11,2,6
1,<environment.Job instance at 0x147d45316870>,7,1,[2 6],8,11,12,3,8
1,<environment.Job instance at 0x147d4e800b90>,0,2,[6 1],1,1,3,0,1
1,<environment.Job instance at 0x147d4a942320>,2,3,[1 8],3,3,6,0,3
1,<environment.Job instance at 0x147d42c42140>,3,3,[1 8],4,6,9,2,4
1,<environment.Job instance at 0x147d5163f6e0>,4,2,[8 1],7,7,9,0,7
1,<environment.Job instance at 0x147d467eb4b0>,5,2,[ 1 10],8,9,11,1,8
1,<environment.Job instance at 0x147d4d03fa50>,0,1,[2 5],1,1,2,0,1
1,<environment.Job instance at 0x147d42c42aa0>,2,2,[10  1],5,5,7,0,5
1,<environment.Job instance at 0x147d4b487cd0>,3,3,[6 2],6,7,10,1,6
1,<environment.Job instance at 0x147d4322c2d0>,5,3,[6 1],9,10,13,1,10
1,<environment.Job instance at 0x147d438fd4b0>,0,2,[8 1],1,1,3,0,1
1,<environment.Job instance at 0x147d46ed06e0>,2,2,[2 8],4,4,6,0,4
1,<environment.Job instance at 0x147d442778c0>,3,1,[2 7],5,6,7,1,5
1,<environment.Job instance at 0x147d431e0fa0>,4,2,[2 7],6,7,9,1,6
1,<environment.Job instance at 0x147d431e0780>,5,2,[2 7],7,9,11,2,7
1,<environment.Job instance at 0x147d4fe99640>,0,3,[9 2],1,1,4,0,1
1,<environment.Job instance at 0x147d4536a280>,2,1,[2 7],3,4,5,1,3
1,<environment.Job instance at 0x147d43c587d0>,1,3,[1 9],2,2,5,0,2
1,<environment.Job instance at 0x147d4c0dbb40>,2,1,[2 5],3,5,6,2,3
1,<environment.Job instance at 0x147d43b40370>,3,1,[6 2],4,5,6,1,4
1,<environment.Job instance at 0x147d4c0dba00>,4,2,[7 2],5,6,8,1,5
1,<environment.Job instance at 0x147d4e52c370>,5,3,[9 2],6,8,11,2,6
1,<environment.Job instance at 0x147d4e52cb90>,7,1,[2 6],8,11,12,3,8
1,<environment.Job instance at 0x147d45fd8730>,0,2,[6 1],1,1,3,0,1
1,<environment.Job instance at 0x147d45ae9410>,2,3,[1 8],3,3,6,0,3
1,<environment.Job instance at 0x147d4293ba50>,3,3,[1 8],4,6,9,2,4
1,<environment.Job instance at 0x147d4300b870>,4,2,[8 1],7,7,9,0,7
1,<environment.Job instance at 0x147d4293b910>,5,2,[ 1 10],8,9,11,1,8
1,<environment.Job instance at 0x147d46819140>,0,1,[2 5],1,1,2,0,1
1,<environment.Job instance at 0x147d4293b410>,2,2,[10  1],5,5,7,0,5
1,<environment.Job instance at 0x147d4a473b40>,3,3,[6 2],6,7,10,1,6
1,<environment.Job instance at 0x147d4ea95cd0>,5,3,[6 1],9,10,13,1,10
1,<environment.Job instance at 0x147d4e7f0a50>,0,2,[8 1],1,1,3,0,1
1,<environment.Job instance at 0x147d4e7f0410>,2,2,[2 8],4,4,6,0,4
1,<environment.Job instance at 0x147d3f4a87d0>,3,1,[2 7],5,6,7,1,5
1,<environment.Job instance at 0x147d3f4a8e60>,4,2,[2 7],6,7,9,1,6
1,<environment.Job instance at 0x147d3f4a8a50>,5,2,[2 7],7,9,11,2,7
1,<environment.Job instance at 0x147d465ff500>,0,3,[9 2],1,1,4,0,1
1,<environment.Job instance at 0x147d4dbea500>,1,3,[2 9],2,4,7,2,2
1,<environment.Job instance at 0x147d464afa00>,1,3,[1 9],2,2,5,0,2
1,<environment.Job instance at 0x147d464affa0>,2,1,[2 5],3,5,6,2,3
1,<environment.Job instance at 0x147d4ccf6960>,3,1,[6 2],4,5,6,1,4
1,<environment.Job instance at 0x147d464af280>,4,2,[7 2],5,6,8,1,5
1,<environment.Job instance at 0x147d43557c80>,5,3,[9 2],6,8,11,2,6
1,<environment.Job instance at 0x147d42a83780>,7,1,[2 6],8,11,12,3,8
1,<environment.Job instance at 0x147d43b66a50>,0,2,[6 1],1,1,3,0,1
1,<environment.Job instance at 0x147d3f961230>,2,3,[1 8],3,3,6,0,3
1,<environment.Job instance at 0x147d3f9615f0>,3,3,[1 8],4,6,9,2,4
1,<environment.Job instance at 0x147d44389910>,4,2,[8 1],7,7,9,0,7
1,<environment.Job instance at 0x147d4ab86f50>,5,2,[ 1 10],8,9,11,1,8
1,<environment.Job instance at 0x147d431f3460>,0,1,[2 5],1,1,2,0,1
1,<environment.Job instance at 0x147d436da320>,2,2,[10  1],5,5,7,0,5
1,<environment.Job instance at 0x147d4741f0a0>,3,3,[6 2],6,7,10,1,6
1,<environment.Job instance at 0x147d4741f5a0>,5,3,[6 1],9,11,14,2,11
1,<environment.Job instance at 0x147d4a085af0>,0,2,[8 1],1,1,3,0,1
1,<environment.Job instance at 0x147d4741f5f0>,2,2,[2 8],4,4,6,0,4
1,<environment.Job instance at 0x147d44cddd70>,3,1,[2 7],5,6,7,1,5
1,<environment.Job instance at 0x147d44cdd140>,4,2,[2 7],6,7,9,1,6
1,<environment.Job instance at 0x147d4583a9b0>,5,2,[2 7],7,9,11,2,7
1,<environment.Job instance at 0x147d42e4d4b0>,0,3,[9 2],1,1,4,0,1
1,<environment.Job instance at 0x147d42cc58c0>,1,3,[2 9],2,4,7,2,2
1,<environment.Job instance at 0x147d461344b0>,1,3,[1 9],2,2,5,0,2
1,<environment.Job instance at 0x147d3f7e1f00>,2,1,[2 5],3,5,6,2,3
1,<environment.Job instance at 0x147d42ab3280>,3,1,[6 2],4,5,6,1,4
1,<environment.Job instance at 0x147d4b532eb0>,4,2,[7 2],5,6,8,1,5
1,<environment.Job instance at 0x147d431b86e0>,5,3,[9 2],6,8,11,2,6
1,<environment.Job instance at 0x147d4c634aa0>,7,1,[2 6],8,11,12,3,8
1,<environment.Job instance at 0x147d4cd959b0>,0,2,[6 1],1,1,3,0,1
1,<environment.Job instance at 0x147d4da69cd0>,2,3,[1 8],3,3,6,0,3
1,<environment.Job instance at 0x147d481cd5f0>,3,3,[1 8],4,6,9,2,4
1,<environment.Job instance at 0x147d4cd95d20>,4,2,[8 1],7,7,9,0,7
1,<environment.Job instance at 0x147d463ed8c0>,5,2,[ 1 10],8,9,11,1,8
1,<environment.Job instance at 0x147d4e05a550>,0,1,[2 5],1,1,2,0,1
1,<environment.Job instance at 0x147d4708e7d0>,2,2,[10  1],5,5,7,0,5
1,<environment.Job instance at 0x147d48f19050>,3,3,[6 2],6,7,10,1,6
1,<environment.Job instance at 0x147d4ef1f960>,5,3,[6 1],9,11,14,2,11
1,<environment.Job instance at 0x147d50752230>,0,2,[8 1],1,1,3,0,1
1,<environment.Job instance at 0x147d4e105b40>,2,2,[2 8],4,4,6,0,4
1,<environment.Job instance at 0x147d46dac9b0>,3,1,[2 7],5,6,7,1,5
1,<environment.Job instance at 0x147d4b1bce10>,4,2,[2 7],6,7,9,1,6
1,<environment.Job instance at 0x147d4b1bcaa0>,5,2,[2 7],7,9,11,2,7
1,<environment.Job instance at 0x147d4b6df050>,0,3,[9 2],1,1,4,0,1
1,<environment.Job instance at 0x147d4cfba410>,1,3,[2 9],2,4,7,2,2
1,<environment.Job instance at 0x147d47aa63c0>,1,3,[1 9],2,2,5,0,2
1,<environment.Job instance at 0x147d4287fdc0>,2,1,[2 5],3,5,6,2,3
1,<environment.Job instance at 0x147d42887500>,3,1,[6 2],4,5,6,1,4
1,<environment.Job instance at 0x147d428870a0>,4,2,[7 2],5,6,8,1,5
1,<environment.Job instance at 0x147d42887550>,5,3,[9 2],6,8,11,2,6
1,<environment.Job instance at 0x147d3fa89460>,7,1,[2 6],8,11,12,3,8
1,<environment.Job instance at 0x147d4969e1e0>,0,2,[6 1],1,1,3,0,1
1,<environment.Job instance at 0x147d3f62b3c0>,2,3,[1 8],3,3,6,0,3
1,<environment.Job instance at 0x147d3f62b050>,3,3,[1 8],4,6,9,2,4
1,<environment.Job instance at 0x147d4a52c8c0>,4,2,[8 1],7,7,9,0,7
1,<environment.Job instance at 0x147d45061640>,5,2,[ 1 10],8,9,11,1,8
1,<environment.Job instance at 0x147d4c5996e0>,0,1,[2 5],1,1,2,0,1
1,<environment.Job instance at 0x147d4c599eb0>,2,2,[10  1],5,5,7,0,5
1,<environment.Job instance at 0x147d46134550>,3,3,[6 2],6,7,10,1,6
1,<environment.Job instance at 0x147d46134f00>,5,3,[6 1],9,11,14,2,11
1,<environment.Job instance at 0x147d3f4e9820>,0,2,[8 1],1,1,3,0,1
1,<environment.Job instance at 0x147d3f8e30a0>,2,2,[2 8],4,4,6,0,4
1,<environment.Job instance at 0x147d4af83410>,3,1,[2 7],5,6,7,1,5
1,<environment.Job instance at 0x147d49822d20>,4,2,[2 7],6,7,9,1,6
1,<environment.Job instance at 0x147d4682e910>,5,2,[2 7],7,9,11,2,7
1,<environment.Job instance at 0x147d4490f690>,0,3,[9 2],1,1,4,0,1
1,<environment.Job instance at 0x147d3f4e9550>,2,1,[2 7],3,4,5,1,3
1,<environment.Job instance at 0x147d43745690>,1,3,[1 9],2,2,5,0,2
1,<environment.Job instance at 0x147d447cbdc0>,2,1,[2 5],3,5,6,2,3
1,<environment.Job instance at 0x147d44334230>,3,1,[6 2],4,5,6,1,4
1,<environment.Job instance at 0x147d447cbaa0>,4,2,[7 2],5,6,8,1,5
1,<environment.Job instance at 0x147d443345a0>,5,3,[9 2],6,8,11,2,6
1,<environment.Job instance at 0x147d4422bf00>,7,1,[2 6],8,11,12,3,8
1,<environment.Job instance at 0x147d4ec46f00>,0,2,[6 1],1,1,3,0,1
1,<environment.Job instance at 0x147d4f808910>,2,3,[1 8],3,3,6,0,3
1,<environment.Job instance at 0x147d42d4ea50>,3,3,[1 8],4,6,9,2,4
1,<environment.Job instance at 0x147d4f808550>,4,2,[8 1],7,7,9,0,7
1,<environment.Job instance at 0x147d42d4ea00>,5,2,[ 1 10],8,9,11,1,8
1,<environment.Job instance at 0x147d4805c230>,1,17,[6 1],3,4,21,1,4
1,<environment.Job instance at 0x147d49a230a0>,5,3,[6 1],9,21,24,12,11
1,<environment.Job instance at 0x147d41af2320>,0,2,[8 1],1,1,3,0,1
1,<environment.Job instance at 0x147d459f05a0>,2,2,[2 8],4,4,6,0,4
1,<environment.Job instance at 0x147d4ed13690>,3,1,[2 7],5,6,7,1,5
1,<environment.Job instance at 0x147d4d673c80>,5,2,[2 7],7,7,9,0,7
1,<environment.Job instance at 0x147d499dfeb0>,0,3,[9 2],1,1,4,0,1
1,<environment.Job instance at 0x147d4b974500>,2,1,[2 7],3,4,5,1,3
1,<environment.Job instance at 0x147d4c6819b0>,1,3,[1 9],2,2,5,0,2
1,<environment.Job instance at 0x147d4c681be0>,2,1,[2 5],3,5,6,2,3
1,<environment.Job instance at 0x147d45741190>,3,1,[6 2],4,5,6,1,4
1,<environment.Job instance at 0x147d45741780>,4,2,[7 2],5,6,8,1,5
1,<environment.Job instance at 0x147d4c6813c0>,5,3,[9 2],6,8,11,2,6
1,<environment.Job instance at 0x147d42c1cd20>,7,1,[2 6],8,11,12,3,8
1,<environment.Job instance at 0x147d433bad20>,0,2,[6 1],1,1,3,0,1
1,<environment.Job instance at 0x147d44f22b40>,2,3,[1 8],3,3,6,0,3
1,<environment.Job instance at 0x147d417bb050>,3,3,[1 8],4,6,9,2,4
1,<environment.Job instance at 0x147d4f5d2780>,4,2,[8 1],7,7,9,0,7
1,<environment.Job instance at 0x147d417bbb90>,5,2,[ 1 10],8,9,11,1,8
1,<environment.Job instance at 0x147d417bbcd0>,0,1,[2 5],1,1,2,0,1
1,<environment.Job instance at 0x147d417bb820>,2,2,[10  1],5,5,7,0,5
1,<environment.Job instance at 0x147d3f9c11e0>,3,3,[6 2],6,7,10,1,6
1,<environment.Job instance at 0x147d419148c0>,5,3,[6 1],9,14,17,5,14
1,<environment.Job instance at 0x147d41b80140>,0,2,[8 1],1,1,3,0,1
1,<environment.Job instance at 0x147d4cb50140>,2,2,[2 8],4,4,6,0,4
1,<environment.Job instance at 0x147d41ae0280>,3,1,[2 7],5,6,7,1,5
1,<environment.Job instance at 0x147d41bfb320>,5,2,[2 7],7,7,9,0,7
1,<environment.Job instance at 0x147d41a4a2d0>,0,3,[9 2],1,1,4,0,1
1,<environment.Job instance at 0x147d42dd7af0>,1,3,[1 9],2,2,5,0,2
1,<environment.Job instance at 0x147d44276910>,2,1,[2 5],3,5,6,2,3
1,<environment.Job instance at 0x147d4682e910>,3,1,[6 2],4,5,6,1,4
1,<environment.Job instance at 0x147d4682e410>,4,2,[7 2],5,6,8,1,5
1,<environment.Job instance at 0x147d4682e780>,5,3,[9 2],6,8,11,2,6
1,<environment.Job instance at 0x147d4682eeb0>,7,1,[2 6],8,11,12,3,8
1,<environment.Job instance at 0x147d44d1f7d0>,0,2,[6 1],1,1,3,0,1
1,<environment.Job instance at 0x147d4f419f00>,2,3,[1 8],3,3,6,0,3
1,<environment.Job instance at 0x147d4d5c4960>,3,3,[1 8],4,6,9,2,4
1,<environment.Job instance at 0x147d4d5c4f00>,4,2,[8 1],7,7,9,0,7
1,<environment.Job instance at 0x147d4ac6f050>,5,2,[ 1 10],8,9,11,1,8
1,<environment.Job instance at 0x147d42af5b90>,0,1,[2 5],1,1,2,0,1
1,<environment.Job instance at 0x147d4d9d2af0>,2,2,[10  1],5,5,7,0,5
1,<environment.Job instance at 0x147d4ab11d20>,3,3,[6 2],6,7,10,1,6
1,<environment.Job instance at 0x147d463e21e0>,5,3,[6 1],9,14,17,5,14
1,<environment.Job instance at 0x147d45bedf50>,0,2,[8 1],1,1,3,0,1
1,<environment.Job instance at 0x147d45bed460>,2,2,[2 8],4,4,6,0,4
1,<environment.Job instance at 0x147d4288c910>,3,1,[2 7],5,6,7,1,5
1,<environment.Job instance at 0x147d497f7fa0>,4,2,[2 7],6,7,9,1,6
1,<environment.Job instance at 0x147d4f335c80>,5,2,[2 7],7,9,11,2,7
1,<environment.Job instance at 0x147d44bbc5f0>,0,3,[9 2],1,1,4,0,1
1,<environment.Job instance at 0x147d42af5500>,1,3,[2 9],2,4,7,2,2
1,<environment.Job instance at 0x147d4e596dc0>,1,3,[1 9],2,2,5,0,2
1,<environment.Job instance at 0x147d510d3e60>,2,1,[2 5],3,5,6,2,3
1,<environment.Job instance at 0x147d48969690>,3,1,[6 2],4,5,6,1,4
1,<environment.Job instance at 0x147d46a83730>,4,2,[7 2],5,6,8,1,5
1,<environment.Job instance at 0x147d5127ff50>,5,3,[9 2],6,8,11,2,6
1,<environment.Job instance at 0x147d4cbd2b40>,7,1,[2 6],8,11,12,3,8
1,<environment.Job instance at 0x147d435dbaa0>,0,2,[6 1],1,1,3,0,1
1,<environment.Job instance at 0x147d479e44b0>,2,3,[1 8],3,3,6,0,3
1,<environment.Job instance at 0x147d42a8b6e0>,3,3,[1 8],4,6,9,2,4
1,<environment.Job instance at 0x147d435db460>,4,2,[8 1],7,7,9,0,7
1,<environment.Job instance at 0x147d42a8bbe0>,5,2,[ 1 10],8,9,11,1,8
1,<environment.Job instance at 0x147d46a92b40>,0,1,[2 5],1,1,2,0,1
1,<environment.Job instance at 0x147d46a92780>,2,2,[10  1],5,5,7,0,5
1,<environment.Job instance at 0x147d474da190>,3,3,[6 2],6,7,10,1,6
1,<environment.Job instance at 0x147d474da960>,5,3,[6 1],9,11,14,2,11
1,<environment.Job instance at 0x147d44822eb0>,0,2,[8 1],1,1,3,0,1
1,<environment.Job instance at 0x147d49284c30>,2,2,[2 8],4,4,6,0,4
1,<environment.Job instance at 0x147d4873abe0>,3,1,[2 7],5,6,7,1,5
1,<environment.Job instance at 0x147d46ac2690>,4,2,[2 7],6,7,9,1,6
1,<environment.Job instance at 0x147d45092780>,5,2,[2 7],7,9,11,2,7
1,<environment.Job instance at 0x147d4c449b90>,0,3,[9 2],1,1,4,0,1
1,<environment.Job instance at 0x147d42fa68c0>,1,3,[2 9],2,4,7,2,2
1,<environment.Job instance at 0x147d418ffeb0>,5,3,[10  2],8,8,11,0,8
1,<environment.Job instance at 0x147d46bfb8c0>,1,3,[1 9],2,2,5,0,2
1,<environment.Job instance at 0x147d45ce70f0>,2,1,[2 5],3,5,6,2,3
1,<environment.Job instance at 0x147d42357910>,3,1,[6 2],4,5,6,1,4
1,<environment.Job instance at 0x147d42b298c0>,4,2,[7 2],5,6,8,1,5
1,<environment.Job instance at 0x147d42b29cd0>,5,3,[9 2],6,8,11,2,6
1,<environment.Job instance at 0x147d42b29f00>,7,1,[2 6],8,11,12,3,8
1,<environment.Job instance at 0x147d4b7c9550>,0,2,[6 1],1,1,3,0,1
1,<environment.Job instance at 0x147d3f46d320>,2,3,[1 8],3,3,6,0,3
1,<environment.Job instance at 0x147d42b70b40>,3,3,[1 8],4,6,9,2,4
1,<environment.Job instance at 0x147d3f46d410>,4,2,[8 1],7,7,9,0,7
1,<environment.Job instance at 0x147d42b70140>,5,2,[ 1 10],8,9,11,1,8
1,<environment.Job instance at 0x147d46ac2f00>,0,1,[2 5],1,1,2,0,1
1,<environment.Job instance at 0x147d4db5e910>,2,2,[10  1],5,5,7,0,5
1,<environment.Job instance at 0x147d42b70d20>,3,3,[6 2],6,7,10,1,6
1,<environment.Job instance at 0x147d42b70780>,5,3,[6 1],9,14,17,5,14
1,<environment.Job instance at 0x147d48fcfeb0>,0,2,[8 1],1,1,3,0,1
1,<environment.Job instance at 0x147d477ca820>,2,2,[2 8],4,4,6,0,4
1,<environment.Job instance at 0x147d4bcd3910>,3,1,[2 7],5,6,7,1,5
1,<environment.Job instance at 0x147d45b1e280>,4,2,[2 7],6,7,9,1,6
1,<environment.Job instance at 0x147d45b1e4b0>,5,2,[2 7],7,9,11,2,7
1,<environment.Job instance at 0x147d4d5c3fa0>,0,3,[9 2],1,1,4,0,1
1,<environment.Job instance at 0x147d4d5c3780>,1,3,[2 9],2,4,7,2,2
1,<environment.Job instance at 0x147d4ae56e60>,1,3,[1 9],2,2,5,0,2
1,<environment.Job instance at 0x147d4abdcdc0>,2,1,[2 5],3,5,6,2,3
1,<environment.Job instance at 0x147d45e1b140>,3,1,[6 2],4,5,6,1,4
1,<environment.Job instance at 0x147d4abdc2d0>,4,2,[7 2],5,6,8,1,5
1,<environment.Job instance at 0x147d45e1b820>,5,3,[9 2],6,8,11,2,6
1,<environment.Job instance at 0x147d4ce1c4b0>,7,1,[2 6],8,11,12,3,8
1,<environment.Job instance at 0x147d43a110a0>,0,2,[6 1],1,1,3,0,1
1,<environment.Job instance at 0x147d4b0b11e0>,2,3,[1 8],3,3,6,0,3
1,<environment.Job instance at 0x147d4b4496e0>,3,3,[1 8],4,6,9,2,4
1,<environment.Job instance at 0x147d4d5d5780>,4,2,[8 1],7,7,9,0,7
1,<environment.Job instance at 0x147d4b449cd0>,5,2,[ 1 10],8,9,11,1,8
1,<environment.Job instance at 0x147d4b449690>,0,1,[2 5],1,1,2,0,1
1,<environment.Job instance at 0x147d4b449b40>,2,2,[10  1],5,5,7,0,5
1,<environment.Job instance at 0x147d4b437a50>,3,3,[6 2],6,7,10,1,6
1,<environment.Job instance at 0x147d4b437960>,5,3,[6 1],9,14,17,5,14
1,<environment.Job instance at 0x147d5063c780>,0,2,[8 1],1,1,3,0,1
1,<environment.Job instance at 0x147d47540eb0>,2,2,[2 8],4,4,6,0,4
1,<environment.Job instance at 0x147d4e28ce10>,3,1,[2 7],5,6,7,1,5
1,<environment.Job instance at 0x147d4e28cc80>,4,2,[2 7],6,7,9,1,6
1,<environment.Job instance at 0x147d4e28cbe0>,5,2,[2 7],7,9,11,2,7
1,<environment.Job instance at 0x147d4ad730f0>,0,3,[9 2],1,1,4,0,1
1,<environment.Job instance at 0x147d4e28cfa0>,1,3,[2 9],2,4,7,2,2
1,<environment.Job instance at 0x147d4af0bc30>,1,3,[1 9],2,2,5,0,2
1,<environment.Job instance at 0x147d4d873c30>,2,1,[2 5],3,5,6,2,3
1,<environment.Job instance at 0x147d40d32c80>,3,1,[6 2],4,5,6,1,4
1,<environment.Job instance at 0x147d4da69190>,4,2,[7 2],5,6,8,1,5
1,<environment.Job instance at 0x147d4e7f8690>,5,3,[9 2],6,8,11,2,6
1,<environment.Job instance at 0x147d40cc0690>,7,1,[2 6],8,11,12,3,8
1,<environment.Job instance at 0x147d4925f140>,0,2,[6 1],1,1,3,0,1
1,<environment.Job instance at 0x147d4a50a410>,2,3,[1 8],3,3,6,0,3
1,<environment.Job instance at 0x147d42773eb0>,3,3,[1 8],4,6,9,2,4
1,<environment.Job instance at 0x147d427730a0>,4,2,[8 1],7,7,9,0,7
1,<environment.Job instance at 0x147d46a6bb90>,5,2,[ 1 10],8,9,11,1,8
1,<environment.Job instance at 0x147d4d0e60f0>,0,1,[2 5],1,1,2,0,1
1,<environment.Job instance at 0x147d42773780>,2,2,[10  1],5,5,7,0,5
1,<environment.Job instance at 0x147d410480f0>,3,3,[6 2],6,7,10,1,6
1,<environment.Job instance at 0x147d41048a00>,5,3,[6 1],9,14,17,5,14
1,<environment.Job instance at 0x147d4bc34aa0>,0,2,[8 1],1,1,3,0,1
1,<environment.Job instance at 0x147d44de0dc0>,2,2,[2 8],4,4,6,0,4
1,<environment.Job instance at 0x147d4bc34c30>,3,1,[2 7],5,6,7,1,5
1,<environment.Job instance at 0x147d4266afa0>,4,2,[2 7],6,7,9,1,6
1,<environment.Job instance at 0x147d4aff5500>,5,2,[2 7],7,9,11,2,7
1,<environment.Job instance at 0x147d45a39aa0>,0,3,[9 2],1,1,4,0,1
1,<environment.Job instance at 0x147d4ef73410>,1,3,[2 9],2,4,7,2,2
1,<environment.Job instance at 0x147d4a52c500>,4,2,[1 8],5,2255,2257,2250,2255
1,<environment.Job instance at 0x147d4e74fc80>,1,3,[1 9],2,2,5,0,2
1,<environment.Job instance at 0x147d44ccd5a0>,2,1,[2 5],3,5,6,2,3
1,<environment.Job instance at 0x147d4a286be0>,3,1,[6 2],4,5,6,1,4
1,<environment.Job instance at 0x147d4a286f50>,4,2,[7 2],5,6,8,1,5
1,<environment.Job instance at 0x147d4a286b40>,5,3,[9 2],6,8,11,2,6
1,<environment.Job instance at 0x147d44ccdc80>,7,1,[2 6],8,11,12,3,8
1,<environment.Job instance at 0x147d473c2be0>,0,2,[6 1],1,1,3,0,1
1,<environment.Job instance at 0x147d45de52d0>,2,3,[1 8],3,3,6,0,3
1,<environment.Job instance at 0x147d4368d4b0>,3,3,[1 8],4,6,9,2,4
1,<environment.Job instance at 0x147d45de5870>,4,2,[8 1],7,7,9,0,7
1,<environment.Job instance at 0x147d441185f0>,5,2,[ 1 10],8,9,11,1,8
1,<environment.Job instance at 0x147d4924dc30>,0,1,[2 5],1,1,2,0,1
1,<environment.Job instance at 0x147d4924d550>,2,2,[10  1],5,5,7,0,5
1,<environment.Job instance at 0x147d4a286730>,3,3,[6 2],6,7,10,1,6
1,<environment.Job instance at 0x147d4924d370>,5,3,[6 1],9,14,17,5,14
1,<environment.Job instance at 0x147d4d202cd0>,0,2,[8 1],1,1,3,0,1
1,<environment.Job instance at 0x147d49ca9820>,2,2,[2 8],4,4,6,0,4
1,<environment.Job instance at 0x147d41a90dc0>,3,1,[2 7],5,6,7,1,5
1,<environment.Job instance at 0x147d4d7859b0>,4,2,[2 7],6,7,9,1,6
1,<environment.Job instance at 0x147d4d785b90>,5,2,[2 7],7,9,11,2,7
1,<environment.Job instance at 0x147d45b920a0>,0,3,[9 2],1,1,4,0,1
1,<environment.Job instance at 0x147d445c5320>,1,3,[2 9],2,4,7,2,2
1,<environment.Job instance at 0x147d3f3c5410>,1,3,[1 9],2,2,5,0,2
1,<environment.Job instance at 0x147d4efdfcd0>,2,1,[2 5],3,5,6,2,3
1,<environment.Job instance at 0x147d3f9bc320>,3,1,[6 2],4,5,6,1,4
1,<environment.Job instance at 0x147d4efdf4b0>,4,2,[7 2],5,6,8,1,5
1,<environment.Job instance at 0x147d3f9bcbe0>,5,3,[9 2],6,8,11,2,6
1,<environment.Job instance at 0x147d41ea33c0>,7,1,[2 6],8,11,12,3,8
1,<environment.Job instance at 0x147d417873c0>,0,2,[6 1],1,1,3,0,1
1,<environment.Job instance at 0x147d4be04cd0>,2,3,[1 8],3,3,6,0,3
1,<environment.Job instance at 0x147d456c8d70>,3,3,[1 8],4,6,9,2,4
1,<environment.Job instance at 0x147d41abe5a0>,4,2,[8 1],7,7,9,0,7
1,<environment.Job instance at 0x147d49417140>,5,2,[ 1 10],8,9,11,1,8
1,<environment.Job instance at 0x147d431601e0>,0,1,[2 5],1,1,2,0,1
1,<environment.Job instance at 0x147d464f5aa0>,2,2,[10  1],5,5,7,0,5
1,<environment.Job instance at 0x147d4cf8f0a0>,3,3,[6 2],6,7,10,1,6
1,<environment.Job instance at 0x147d424d2eb0>,5,3,[6 1],9,14,17,5,14
1,<environment.Job instance at 0x147d434b5dc0>,0,2,[8 1],1,1,3,0,1
1,<environment.Job instance at 0x147d434b5fa0>,2,2,[2 8],4,4,6,0,4
1,<environment.Job instance at 0x147d4c6eb370>,3,1,[2 7],5,6,7,1,5
1,<environment.Job instance at 0x147d4c6eb960>,4,2,[2 7],6,7,9,1,6
1,<environment.Job instance at 0x147d44902050>,5,2,[2 7],7,9,11,2,7
1,<environment.Job instance at 0x147d429049b0>,0,3,[9 2],1,1,4,0,1
1,<environment.Job instance at 0x147d4697fc30>,1,3,[2 9],2,4,7,2,2
1,<environment.Job instance at 0x147d44c9ee60>,1,3,[1 9],2,2,5,0,2
1,<environment.Job instance at 0x147d4efdf0f0>,2,1,[2 5],3,5,6,2,3
1,<environment.Job instance at 0x147d40b56be0>,3,1,[6 2],4,5,6,1,4
1,<environment.Job instance at 0x147d40b56e60>,4,2,[7 2],5,6,8,1,5
1,<environment.Job instance at 0x147d40b56780>,5,3,[9 2],6,8,11,2,6
1,<environment.Job instance at 0x147d4efdf550>,7,1,[2 6],8,11,12,3,8
1,<environment.Job instance at 0x147d410e7140>,0,2,[6 1],1,1,3,0,1
1,<environment.Job instance at 0x147d409b0d20>,2,3,[1 8],3,3,6,0,3
1,<environment.Job instance at 0x147d46cf4d20>,3,3,[1 8],4,6,9,2,4
1,<environment.Job instance at 0x147d4e9138c0>,4,2,[8 1],7,7,9,0,7
1,<environment.Job instance at 0x147d43c68e10>,5,2,[ 1 10],8,9,11,1,8
1,<environment.Job instance at 0x147d4df1a1e0>,0,1,[2 5],1,1,2,0,1
1,<environment.Job instance at 0x147d45741e60>,2,2,[10  1],5,5,7,0,5
1,<environment.Job instance at 0x147d499c8370>,3,3,[6 2],6,7,10,1,6
1,<environment.Job instance at 0x147d499c8af0>,5,3,[6 1],9,21,24,12,21
1,<environment.Job instance at 0x147d42ea84b0>,0,2,[8 1],1,1,3,0,1
1,<environment.Job instance at 0x147d46d07410>,2,2,[2 8],4,4,6,0,4
1,<environment.Job instance at 0x147d44ddf640>,3,1,[2 7],5,6,7,1,5
1,<environment.Job instance at 0x147d44ddf1e0>,4,2,[2 7],6,7,9,1,6
1,<environment.Job instance at 0x147d45700690>,5,2,[2 7],7,9,11,2,7
1,<environment.Job instance at 0x147d439b89b0>,0,3,[9 2],1,1,4,0,1
1,<environment.Job instance at 0x147d4b63aa50>,1,3,[2 9],2,4,7,2,2
1,<environment.Job instance at 0x147d40f1b5a0>,1,3,[1 9],2,2,5,0,2
1,<environment.Job instance at 0x147d40b63be0>,2,1,[2 5],3,5,6,2,3
1,<environment.Job instance at 0x147d40b63c30>,3,1,[6 2],4,5,6,1,4
1,<environment.Job instance at 0x147d40b63500>,4,2,[7 2],5,6,8,1,5
1,<environment.Job instance at 0x147d40b63f50>,5,3,[9 2],6,8,11,2,6
1,<environment.Job instance at 0x147d40b63410>,7,1,[2 6],8,11,12,3,8
1,<environment.Job instance at 0x147d4fe5eb90>,0,2,[6 1],1,1,3,0,1
1,<environment.Job instance at 0x147d4796d190>,2,3,[1 8],3,3,6,0,3
1,<environment.Job instance at 0x147d40f1b370>,3,3,[1 8],4,6,9,2,4
1,<environment.Job instance at 0x147d468d1aa0>,4,2,[8 1],7,7,9,0,7
1,<environment.Job instance at 0x147d41ff6d70>,5,2,[ 1 10],8,9,11,1,8
1,<environment.Job instance at 0x147d428c5d20>,0,1,[2 5],1,1,2,0,1
1,<environment.Job instance at 0x147d4796d7d0>,2,2,[10  1],5,5,7,0,5
1,<environment.Job instance at 0x147d43c334b0>,3,3,[6 2],6,7,10,1,6
1,<environment.Job instance at 0x147d43c33410>,5,3,[6 1],9,21,24,12,21
1,<environment.Job instance at 0x147d43c33c30>,0,2,[8 1],1,1,3,0,1
1,<environment.Job instance at 0x147d40c16c80>,2,2,[2 8],4,4,6,0,4
1,<environment.Job instance at 0x147d412cd4b0>,3,1,[2 7],5,6,7,1,5
1,<environment.Job instance at 0x147d412cde10>,4,2,[2 7],6,7,9,1,6
1,<environment.Job instance at 0x147d412cdd20>,5,2,[2 7],7,9,11,2,7
1,<environment.Job instance at 0x147d43bcf0a0>,0,3,[9 2],1,1,4,0,1
1,<environment.Job instance at 0x147d4223caf0>,2,1,[2 7],3,4,5,1,3
1,<environment.Job instance at 0x147d417fd5f0>,1,3,[1 9],2,2,5,0,2
1,<environment.Job instance at 0x147d40769d20>,2,1,[2 5],3,5,6,2,3
1,<environment.Job instance at 0x147d49a63b40>,3,1,[6 2],4,5,6,1,4
1,<environment.Job instance at 0x147d3f8b85f0>,4,2,[7 2],5,6,8,1,5
1,<environment.Job instance at 0x147d435089b0>,5,3,[9 2],6,8,11,2,6
1,<environment.Job instance at 0x147d495ca460>,7,1,[2 6],8,11,12,3,8
1,<environment.Job instance at 0x147d41d7d910>,0,2,[6 1],1,1,3,0,1
1,<environment.Job instance at 0x147d41d7d7d0>,2,3,[1 8],3,3,6,0,3
1,<environment.Job instance at 0x147d43295780>,3,3,[1 8],4,6,9,2,4
1,<environment.Job instance at 0x147d41d7d1e0>,4,2,[8 1],7,7,9,0,7
1,<environment.Job instance at 0x147d3fb71a50>,5,2,[ 1 10],8,9,11,1,8
1,<environment.Job instance at 0x147d41442b90>,0,1,[2 5],1,1,2,0,1
1,<environment.Job instance at 0x147d4f83a1e0>,2,2,[10  1],5,5,7,0,5
1,<environment.Job instance at 0x147d475210a0>,3,3,[6 2],6,7,10,1,6
1,<environment.Job instance at 0x147d51650c80>,5,3,[6 1],9,21,24,12,21
1,<environment.Job instance at 0x147d40d52eb0>,0,2,[8 1],1,1,3,0,1
1,<environment.Job instance at 0x147d40d528c0>,2,2,[2 8],4,4,6,0,4
1,<environment.Job instance at 0x147d407d40a0>,3,1,[2 7],5,6,7,1,5
1,<environment.Job instance at 0x147d44b74b90>,4,2,[2 7],6,7,9,1,6
1,<environment.Job instance at 0x147d4fe8ebe0>,5,2,[2 7],7,9,11,2,7
1,<environment.Job instance at 0x147d3fb08af0>,0,3,[9 2],1,1,4,0,1
1,<environment.Job instance at 0x147d3fb08550>,2,1,[2 7],3,4,5,1,3
1,<environment.Job instance at 0x147d4a75ccd0>,1,3,[1 9],2,2,5,0,2
1,<environment.Job instance at 0x147d4f797140>,2,1,[2 5],3,5,6,2,3
1,<environment.Job instance at 0x147d4de9daa0>,3,1,[6 2],4,5,6,1,4
1,<environment.Job instance at 0x147d4de9d050>,4,2,[7 2],5,6,8,1,5
1,<environment.Job instance at 0x147d4b3b66e0>,5,3,[9 2],6,8,11,2,6
1,<environment.Job instance at 0x147d41acc3c0>,7,1,[2 6],8,11,12,3,8
1,<environment.Job instance at 0x147d48a8fe60>,0,2,[6 1],1,1,3,0,1
1,<environment.Job instance at 0x147d4ab11410>,2,3,[1 8],3,3,6,0,3
1,<environment.Job instance at 0x147d4ab11cd0>,3,3,[1 8],4,6,9,2,4
1,<environment.Job instance at 0x147d4481d1e0>,4,2,[8 1],7,7,9,0,7
1,<environment.Job instance at 0x147d433b5640>,5,2,[ 1 10],8,9,11,1,8
1,<environment.Job instance at 0x147d45837c30>,0,1,[2 5],1,1,2,0,1
1,<environment.Job instance at 0x147d3f68f690>,2,2,[10  1],5,5,7,0,5
1,<environment.Job instance at 0x147d43f520a0>,3,3,[6 2],6,7,10,1,6
1,<environment.Job instance at 0x147d4da20910>,5,3,[6 1],9,14,17,5,14
1,<environment.Job instance at 0x147d40ef7460>,0,2,[8 1],1,1,3,0,1
1,<environment.Job instance at 0x147d40ef7af0>,2,2,[2 8],4,4,6,0,4
1,<environment.Job instance at 0x147d405d15a0>,3,1,[2 7],5,6,7,1,5
1,<environment.Job instance at 0x147d405d1b40>,4,2,[2 7],6,7,9,1,6
1,<environment.Job instance at 0x147d405d1f00>,5,2,[2 7],7,9,11,2,7
1,<environment.Job instance at 0x147d458d3870>,0,3,[9 2],1,1,4,0,1
1,<environment.Job instance at 0x147d46811410>,1,3,[1 9],2,2,5,0,2
1,<environment.Job instance at 0x147d46811280>,2,1,[2 5],3,5,6,2,3
1,<environment.Job instance at 0x147d4112ba00>,3,1,[6 2],4,5,6,1,4
1,<environment.Job instance at 0x147d49461190>,4,2,[7 2],5,6,8,1,5
1,<environment.Job instance at 0x147d4112b140>,5,3,[9 2],6,8,11,2,6
1,<environment.Job instance at 0x147d49461b90>,7,1,[2 6],8,11,12,3,8
1,<environment.Job instance at 0x147d456bb1e0>,0,2,[6 1],1,1,3,0,1
1,<environment.Job instance at 0x147d42997c80>,2,3,[1 8],3,3,6,0,3
1,<environment.Job instance at 0x147d464e5f00>,3,3,[1 8],4,6,9,2,4
1,<environment.Job instance at 0x147d42997dc0>,4,2,[8 1],7,7,9,0,7
1,<environment.Job instance at 0x147d4531d640>,5,2,[ 1 10],8,9,11,1,8
1,<environment.Job instance at 0x147d4c416b90>,0,1,[2 5],1,1,2,0,1
1,<environment.Job instance at 0x147d4c4160a0>,2,2,[10  1],5,5,7,0,5
1,<environment.Job instance at 0x147d4c00c910>,3,3,[6 2],6,7,10,1,6
1,<environment.Job instance at 0x147d4c00cc30>,5,3,[6 1],9,21,24,12,21
1,<environment.Job instance at 0x147d4d697b90>,0,2,[8 1],1,1,3,0,1
1,<environment.Job instance at 0x147d4c00cc30>,2,2,[2 8],4,4,6,0,4
1,<environment.Job instance at 0x147d4ac8b910>,4,2,[2 7],6,6,8,0,6
1,<environment.Job instance at 0x147d420debe0>,5,2,[2 7],7,8,10,1,7
1,<environment.Job instance at 0x147d4f99f910>,0,3,[9 2],1,1,4,0,1
1,<environment.Job instance at 0x147d4ad349b0>,1,3,[1 9],2,2,5,0,2
1,<environment.Job instance at 0x147d4ad345a0>,2,1,[2 5],3,5,6,2,3
1,<environment.Job instance at 0x147d481ba4b0>,3,1,[6 2],4,5,6,1,4
1,<environment.Job instance at 0x147d4ad34a00>,4,2,[7 2],5,6,8,1,5
1,<environment.Job instance at 0x147d481ba9b0>,5,3,[9 2],6,8,11,2,6
1,<environment.Job instance at 0x147d41062820>,7,1,[2 6],8,11,12,3,8
1,<environment.Job instance at 0x147d40f276e0>,0,2,[6 1],1,1,3,0,1
1,<environment.Job instance at 0x147d4eb4ef50>,2,3,[1 8],3,3,6,0,3
1,<environment.Job instance at 0x147d4b90dd20>,3,3,[1 8],4,6,9,2,4
1,<environment.Job instance at 0x147d478bc0f0>,4,2,[8 1],7,7,9,0,7
1,<environment.Job instance at 0x147d46fbc870>,5,2,[ 1 10],8,9,11,1,8
1,<environment.Job instance at 0x147d4e913640>,0,1,[2 5],1,1,2,0,1
1,<environment.Job instance at 0x147d48ae9f50>,2,2,[10  1],5,5,7,0,5
1,<environment.Job instance at 0x147d4163c410>,3,3,[6 2],6,7,10,1,6
1,<environment.Job instance at 0x147d4163c0f0>,5,3,[6 1],9,21,24,12,21
1,<environment.Job instance at 0x147d40c40960>,0,2,[8 1],1,1,3,0,1
1,<environment.Job instance at 0x147d48f79050>,2,2,[2 8],4,4,6,0,4
1,<environment.Job instance at 0x147d41097aa0>,3,1,[2 7],5,6,7,1,5
1,<environment.Job instance at 0x147d47ace910>,4,2,[2 7],6,7,9,1,6
1,<environment.Job instance at 0x147d40c40a00>,5,2,[2 7],7,9,11,2,7
1,<environment.Job instance at 0x147d41d7da50>,0,3,[9 2],1,1,4,0,1
1,<environment.Job instance at 0x147d40c405a0>,1,3,[2 9],2,4,7,2,2
1,<environment.Job instance at 0x147d40c2abe0>,1,3,[1 9],2,2,5,0,2
1,<environment.Job instance at 0x147d3f6e0320>,2,1,[2 5],3,5,6,2,3
1,<environment.Job instance at 0x147d3f6e0960>,3,1,[6 2],4,5,6,1,4
1,<environment.Job instance at 0x147d40c2adc0>,4,2,[7 2],5,6,8,1,5
1,<environment.Job instance at 0x147d4f847c30>,5,3,[9 2],6,8,11,2,6
1,<environment.Job instance at 0x147d3f32c320>,7,1,[2 6],8,11,12,3,8
1,<environment.Job instance at 0x147d4c22c410>,0,2,[6 1],1,1,3,0,1
1,<environment.Job instance at 0x147d403ec550>,2,3,[1 8],3,3,6,0,3
1,<environment.Job instance at 0x147d405c65f0>,3,3,[1 8],4,6,9,2,4
1,<environment.Job instance at 0x147d493bdc30>,4,2,[8 1],7,7,9,0,7
1,<environment.Job instance at 0x147d41f89aa0>,5,2,[ 1 10],8,9,11,1,8
1,<environment.Job instance at 0x147d4cd26d20>,0,1,[2 5],1,1,2,0,1
1,<environment.Job instance at 0x147d400c82d0>,2,2,[10  1],5,5,7,0,5
1,<environment.Job instance at 0x147d400c8820>,3,3,[6 2],6,7,10,1,6
1,<environment.Job instance at 0x147d400c8500>,5,3,[6 1],9,21,24,12,21
1,<environment.Job instance at 0x147d415cabe0>,0,2,[8 1],1,1,3,0,1
1,<environment.Job instance at 0x147d47fc4aa0>,2,2,[2 8],4,4,6,0,4
1,<environment.Job instance at 0x147d3ffa08c0>,3,1,[2 7],5,6,7,1,5
1,<environment.Job instance at 0x147d467afeb0>,4,2,[2 7],6,7,9,1,6
1,<environment.Job instance at 0x147d43a5db90>,5,2,[2 7],7,9,11,2,7
1,<environment.Job instance at 0x147d49e5fb40>,0,3,[9 2],1,1,4,0,1
1,<environment.Job instance at 0x147d4bbbee10>,2,1,[2 7],3,4,5,1,3
1,<environment.Job instance at 0x147d44c30500>,1,3,[1 9],2,2,5,0,2
1,<environment.Job instance at 0x147d404c6e10>,2,1,[2 5],3,5,6,2,3
1,<environment.Job instance at 0x147d45bd9730>,3,1,[6 2],4,5,6,1,4
1,<environment.Job instance at 0x147d46035780>,4,2,[7 2],5,6,8,1,5
1,<environment.Job instance at 0x147d410976e0>,5,3,[9 2],6,8,11,2,6
1,<environment.Job instance at 0x147d433bd730>,7,1,[2 6],8,11,12,3,8
1,<environment.Job instance at 0x147d452a45f0>,0,2,[6 1],1,1,3,0,1
1,<environment.Job instance at 0x147d435c90f0>,2,3,[1 8],3,3,6,0,3
1,<environment.Job instance at 0x147d418cac30>,3,3,[1 8],4,6,9,2,4
1,<environment.Job instance at 0x147d45597d70>,4,2,[8 1],7,7,9,0,7
1,<environment.Job instance at 0x147d4348bc80>,5,2,[ 1 10],8,9,11,1,8
1,<environment.Job instance at 0x147d42817500>,0,1,[2 5],1,1,2,0,1
1,<environment.Job instance at 0x147d40c41be0>,2,2,[10  1],5,5,7,0,5
1,<environment.Job instance at 0x147d41e53190>,3,3,[6 2],6,7,10,1,6
1,<environment.Job instance at 0x147d4d26d640>,5,3,[6 1],9,19,22,10,19
1,<environment.Job instance at 0x147d402fffa0>,0,2,[8 1],1,1,3,0,1
1,<environment.Job instance at 0x147d402ffd20>,2,2,[2 8],4,4,6,0,4
1,<environment.Job instance at 0x147d4b4808c0>,3,1,[2 7],5,6,7,1,5
1,<environment.Job instance at 0x147d4b480410>,4,2,[2 7],6,7,9,1,6
1,<environment.Job instance at 0x147d4b480910>,5,2,[2 7],7,9,11,2,7
1,<environment.Job instance at 0x147d40918af0>,0,3,[9 2],1,1,4,0,1
1,<environment.Job instance at 0x147d49bdd460>,1,3,[2 9],2,4,7,2,2
1,<environment.Job instance at 0x147d4808cd70>,2,1,[2 7],3,7,8,4,3
1,<environment.Job instance at 0x147d43f75690>,1,3,[1 9],2,2,5,0,2
1,<environment.Job instance at 0x147d404c6aa0>,2,1,[2 5],3,5,6,2,3
1,<environment.Job instance at 0x147d4ac0e910>,3,1,[6 2],4,5,6,1,4
1,<environment.Job instance at 0x147d49b05aa0>,4,2,[7 2],5,6,8,1,5
1,<environment.Job instance at 0x147d4ac0ea50>,5,3,[9 2],6,8,11,2,6
1,<environment.Job instance at 0x147d4808e9b0>,7,1,[2 6],8,11,12,3,8
1,<environment.Job instance at 0x147d4d85c230>,0,2,[6 1],1,1,3,0,1
1,<environment.Job instance at 0x147d44d79af0>,2,3,[1 8],3,3,6,0,3
1,<environment.Job instance at 0x147d4aa756e0>,3,3,[1 8],4,6,9,2,4
1,<environment.Job instance at 0x147d4aa75af0>,4,2,[8 1],7,7,9,0,7
1,<environment.Job instance at 0x147d4e24fd20>,5,2,[ 1 10],8,9,11,1,8
1,<environment.Job instance at 0x147d4aae4d70>,0,1,[2 5],1,1,2,0,1
1,<environment.Job instance at 0x147d462b29b0>,2,2,[10  1],5,5,7,0,5
1,<environment.Job instance at 0x147d4af99050>,3,3,[6 2],6,7,10,1,6
1,<environment.Job instance at 0x147d4af99c80>,5,3,[6 1],9,14,17,5,14
1,<environment.Job instance at 0x147d4ef665a0>,0,2,[8 1],1,1,3,0,1
1,<environment.Job instance at 0x147d4cd68960>,2,2,[2 8],4,4,6,0,4
1,<environment.Job instance at 0x147d425af1e0>,3,1,[2 7],5,6,7,1,6
1,<environment.Job instance at 0x147d438ed320>,5,2,[2 7],7,7,9,0,7
1,<environment.Job instance at 0x147d425af820>,4,2,[2 7],6,9,11,3,7
1,<environment.Job instance at 0x147d4487eb90>,0,3,[9 2],1,1,4,0,1
1,<environment.Job instance at 0x147d49ab4910>,2,1,[2 7],3,4,5,1,3
1,<environment.Job instance at 0x147d45958780>,1,3,[1 9],2,2,5,0,2
1,<environment.Job instance at 0x147d41ed9c80>,2,1,[2 5],3,5,6,2,3
1,<environment.Job instance at 0x147d404c6140>,3,1,[6 2],4,5,6,1,4
1,<environment.Job instance at 0x147d41e70320>,4,2,[7 2],5,6,8,1,5
1,<environment.Job instance at 0x147d3f480730>,5,3,[9 2],6,8,11,2,6
1,<environment.Job instance at 0x147d4606bbe0>,7,1,[2 6],8,11,12,3,8
1,<environment.Job instance at 0x147d40cb0b90>,0,2,[6 1],1,1,3,0,1
1,<environment.Job instance at 0x147d40cb0d20>,2,3,[1 8],3,3,6,0,3
1,<environment.Job instance at 0x147d40cb0f50>,3,3,[1 8],4,6,9,2,4
1,<environment.Job instance at 0x147d40cb0e60>,4,2,[8 1],7,7,9,0,7
1,<environment.Job instance at 0x147d40cb0140>,5,2,[ 1 10],8,9,11,1,8
1,<environment.Job instance at 0x147d4b255690>,0,1,[2 5],1,1,2,0,1
1,<environment.Job instance at 0x147d4b2559b0>,2,2,[10  1],5,5,7,0,5
1,<environment.Job instance at 0x147d47941140>,3,3,[6 2],6,7,10,1,6
1,<environment.Job instance at 0x147d479412d0>,5,3,[6 1],9,19,22,10,19
1,<environment.Job instance at 0x147d48174e60>,0,2,[8 1],1,1,3,0,1
1,<environment.Job instance at 0x147d4cdeb550>,2,2,[2 8],4,4,6,0,4
1,<environment.Job instance at 0x147d43980690>,3,1,[2 7],5,6,7,1,5
1,<environment.Job instance at 0x147d439807d0>,4,2,[2 7],6,7,9,1,6
1,<environment.Job instance at 0x147d439806e0>,5,2,[2 7],7,9,11,2,7
1,<environment.Job instance at 0x147d4a10d280>,0,3,[9 2],1,1,4,0,1
1,<environment.Job instance at 0x147d4da6ea50>,2,1,[2 7],3,4,5,1,3
1,<environment.Job instance at 0x147d3e603d20>,1,3,[1 9],2,2,5,0,2
1,<environment.Job instance at 0x147d40d7a320>,2,1,[2 5],3,5,6,2,3
1,<environment.Job instance at 0x147d4a4f7460>,3,1,[6 2],4,5,6,1,4
1,<environment.Job instance at 0x147d3e590410>,4,2,[7 2],5,6,8,1,5
1,<environment.Job instance at 0x147d3e7179b0>,5,3,[9 2],6,8,11,2,6
1,<environment.Job instance at 0x147d3e717cd0>,7,1,[2 6],8,11,12,3,8
1,<environment.Job instance at 0x147d3e5a6280>,0,2,[6 1],1,1,3,0,1
1,<environment.Job instance at 0x147d3e64ef00>,2,3,[1 8],3,3,6,0,3
1,<environment.Job instance at 0x147d3e5a6c80>,3,3,[1 8],4,6,9,2,4
1,<environment.Job instance at 0x147d4533d410>,4,2,[8 1],7,7,9,0,7
1,<environment.Job instance at 0x147d47e34960>,5,2,[ 1 10],8,9,11,1,8
1,<environment.Job instance at 0x147d4386ef00>,0,1,[2 5],1,1,2,0,1
1,<environment.Job instance at 0x147d49ca9640>,2,2,[10  1],5,5,7,0,5
1,<environment.Job instance at 0x147d3fcae280>,3,3,[6 2],6,7,10,1,6
1,<environment.Job instance at 0x147d4a2d0460>,5,3,[6 1],9,14,17,5,14
1,<environment.Job instance at 0x147d4373d910>,0,2,[8 1],1,1,3,0,1
1,<environment.Job instance at 0x147d3fcae5a0>,2,2,[2 8],4,4,6,0,4
1,<environment.Job instance at 0x147d4af5c820>,3,1,[2 7],5,6,7,1,6
1,<environment.Job instance at 0x147d4373d320>,4,2,[2 7],6,7,9,1,6
1,<environment.Job instance at 0x147d40e2c460>,5,2,[2 7],7,9,11,2,7
1,<environment.Job instance at 0x147d4002c230>,0,3,[9 2],1,1,4,0,1
1,<environment.Job instance at 0x147d40a135a0>,2,1,[2 7],3,4,5,1,3
1,<environment.Job instance at 0x147d4b435370>,1,3,[1 9],2,2,5,0,2
1,<environment.Job instance at 0x147d499f16e0>,2,1,[2 5],3,5,6,2,3
1,<environment.Job instance at 0x147d49879f50>,3,1,[6 2],4,5,6,1,4
1,<environment.Job instance at 0x147d4734b0a0>,4,2,[7 2],5,6,8,1,5
1,<environment.Job instance at 0x147d4afbf050>,5,3,[9 2],6,8,11,2,6
1,<environment.Job instance at 0x147d4676c4b0>,7,1,[2 6],8,11,12,3,8
1,<environment.Job instance at 0x147d41323370>,0,2,[6 1],1,1,3,0,1
1,<environment.Job instance at 0x147d449a2b40>,2,3,[1 8],3,3,6,0,3
1,<environment.Job instance at 0x147d4648e190>,3,3,[1 8],4,6,9,2,4
1,<environment.Job instance at 0x147d41323550>,4,2,[8 1],7,7,9,0,7
1,<environment.Job instance at 0x147d4648ea50>,5,2,[ 1 10],8,9,11,1,8
1,<environment.Job instance at 0x147d4bf385a0>,0,1,[2 5],1,1,2,0,1
1,<environment.Job instance at 0x147d4bf38eb0>,2,2,[10  1],5,5,7,0,5
1,<environment.Job instance at 0x147d5079a500>,3,3,[6 2],6,7,10,1,6
1,<environment.Job instance at 0x147d4bf386e0>,5,3,[6 1],9,14,17,5,14
1,<environment.Job instance at 0x147d437c5050>,0,2,[8 1],1,1,3,0,1
1,<environment.Job instance at 0x147d41b3d730>,2,2,[2 8],4,4,6,0,4
1,<environment.Job instance at 0x147d437c5370>,3,1,[2 7],5,6,7,1,5
1,<environment.Job instance at 0x147d437c5d20>,4,2,[2 7],6,7,9,1,6
1,<environment.Job instance at 0x147d4e0f1fa0>,5,2,[2 7],7,9,11,2,7
1,<environment.Job instance at 0x147d4ce77870>,0,3,[9 2],1,1,4,0,1
1,<environment.Job instance at 0x147d4bf381e0>,2,1,[2 7],3,4,5,1,3
1,<environment.Job instance at 0x147d42019f50>,1,3,[1 9],2,2,5,0,2
1,<environment.Job instance at 0x147d42019cd0>,2,1,[2 5],3,5,6,2,3
1,<environment.Job instance at 0x147d42019c80>,3,1,[6 2],4,5,6,1,4
1,<environment.Job instance at 0x147d499b60f0>,4,2,[7 2],5,6,8,1,5
1,<environment.Job instance at 0x147d42019410>,5,3,[9 2],6,8,11,2,6
1,<environment.Job instance at 0x147d429d6af0>,7,1,[2 6],8,11,12,3,8
1,<environment.Job instance at 0x147d46650190>,0,2,[6 1],1,1,3,0,1
1,<environment.Job instance at 0x147d466504b0>,2,3,[1 8],3,3,6,0,3
1,<environment.Job instance at 0x147d3f8a7f00>,3,3,[1 8],4,6,9,2,4
1,<environment.Job instance at 0x147d45dc7e10>,4,2,[8 1],7,7,9,0,7
1,<environment.Job instance at 0x147d44e9d0a0>,5,2,[ 1 10],8,9,11,1,8
1,<environment.Job instance at 0x147d3ec62b90>,0,1,[2 5],1,1,2,0,1
1,<environment.Job instance at 0x147d4609c780>,2,2,[10  1],5,5,7,0,5
1,<environment.Job instance at 0x147d4e4d9280>,3,3,[6 2],6,7,10,1,6
1,<environment.Job instance at 0x147d4074e0f0>,5,3,[6 1],9,14,17,5,14
1,<environment.Job instance at 0x147d40442dc0>,0,2,[8 1],1,1,3,0,1
1,<environment.Job instance at 0x147d4d898b90>,2,2,[2 8],4,4,6,0,4
1,<environment.Job instance at 0x147d42c66eb0>,3,1,[2 7],5,6,7,1,5
1,<environment.Job instance at 0x147d4ab84e10>,4,2,[2 7],6,7,9,1,6
1,<environment.Job instance at 0x147d44eea870>,5,2,[2 7],7,9,11,2,7
1,<environment.Job instance at 0x147d4377edc0>,0,3,[9 2],1,1,4,0,1
1,<environment.Job instance at 0x147d3f4b4aa0>,1,3,[2 9],2,4,7,2,2
1,<environment.Job instance at 0x147d4ae20370>,1,3,[1 9],2,2,5,0,2
1,<environment.Job instance at 0x147d4ae20780>,2,1,[2 5],3,5,6,2,3
1,<environment.Job instance at 0x147d4ae20960>,3,1,[6 2],4,5,6,1,4
1,<environment.Job instance at 0x147d4ae207d0>,4,2,[7 2],5,6,8,1,5
1,<environment.Job instance at 0x147d4ae204b0>,5,3,[9 2],6,8,11,2,6
1,<environment.Job instance at 0x147d4ae20f00>,7,1,[2 6],8,11,12,3,8
1,<environment.Job instance at 0x147d4a927cd0>,0,2,[6 1],1,1,3,0,1
1,<environment.Job instance at 0x147d4a927b90>,2,3,[1 8],3,3,6,0,3
1,<environment.Job instance at 0x147d4abb1730>,3,3,[1 8],4,6,9,2,4
1,<environment.Job instance at 0x147d4a9275a0>,4,2,[8 1],7,7,9,0,7
1,<environment.Job instance at 0x147d4fdb70f0>,5,2,[ 1 10],8,9,11,1,8
1,<environment.Job instance at 0x147d4abb17d0>,0,1,[2 5],1,1,2,0,1
1,<environment.Job instance at 0x147d3e89aeb0>,2,2,[10  1],5,5,7,0,5
1,<environment.Job instance at 0x147d4abb10a0>,3,3,[6 2],6,7,10,1,6
1,<environment.Job instance at 0x147d3f00f730>,5,3,[6 1],9,11,14,2,11
1,<environment.Job instance at 0x147d43fe67d0>,0,2,[8 1],1,1,3,0,1
1,<environment.Job instance at 0x147d43fe6a50>,2,2,[2 8],4,4,6,0,4
1,<environment.Job instance at 0x147d4027dc30>,3,1,[2 7],5,6,7,1,5
1,<environment.Job instance at 0x147d4101d780>,4,2,[2 7],6,7,9,1,6
1,<environment.Job instance at 0x147d4101d870>,5,2,[2 7],7,9,11,2,7
1,<environment.Job instance at 0x147d42906320>,0,3,[9 2],1,1,4,0,1
1,<environment.Job instance at 0x147d45634be0>,2,1,[2 7],3,4,5,1,3
1,<environment.Job instance at 0x147d43197280>,1,3,[1 9],2,2,5,0,2
1,<environment.Job instance at 0x147d43197f50>,2,1,[2 5],3,5,6,2,3
1,<environment.Job instance at 0x147d43197140>,3,1,[6 2],4,5,6,1,4
1,<environment.Job instance at 0x147d49bf2230>,4,2,[7 2],5,6,8,1,5
1,<environment.Job instance at 0x147d4d0bbcd0>,5,3,[9 2],6,8,11,2,6
1,<environment.Job instance at 0x147d4d0bb2d0>,7,1,[2 6],8,11,12,3,8
1,<environment.Job instance at 0x147d3e62c910>,0,2,[6 1],1,1,3,0,1
1,<environment.Job instance at 0x147d473c3780>,2,3,[1 8],3,3,6,0,3
1,<environment.Job instance at 0x147d407bd8c0>,3,3,[1 8],4,6,9,2,4
1,<environment.Job instance at 0x147d407bd190>,4,2,[8 1],7,7,9,0,7
1,<environment.Job instance at 0x147d407bdeb0>,5,2,[ 1 10],8,9,11,1,8
1,<environment.Job instance at 0x147d4272ce10>,0,1,[2 5],1,1,2,0,1
1,<environment.Job instance at 0x147d4272c230>,2,2,[10  1],5,5,7,0,5
1,<environment.Job instance at 0x147d4c09b230>,3,3,[6 2],6,7,10,1,6
1,<environment.Job instance at 0x147d4c09bd20>,5,3,[6 1],9,11,14,2,11
1,<environment.Job instance at 0x147d3efc4e60>,0,2,[8 1],1,1,3,0,1
1,<environment.Job instance at 0x147d3efc43c0>,2,2,[2 8],4,4,6,0,4
1,<environment.Job instance at 0x147d4bde8cd0>,3,1,[2 7],5,6,7,1,5
1,<environment.Job instance at 0x147d4bde8410>,4,2,[2 7],6,7,9,1,6
1,<environment.Job instance at 0x147d4bde85a0>,5,2,[2 7],7,9,11,2,7
1,<environment.Job instance at 0x147d46e6d9b0>,0,3,[9 2],1,1,4,0,1
1,<environment.Job instance at 0x147d457a6910>,2,1,[2 7],3,4,5,1,3
1,<environment.Job instance at 0x147d4ec3aaf0>,1,3,[1 9],2,2,5,0,2
1,<environment.Job instance at 0x147d49173dc0>,2,1,[2 5],3,5,6,2,3
1,<environment.Job instance at 0x147d459f2280>,3,1,[6 2],4,5,6,1,4
1,<environment.Job instance at 0x147d459f2dc0>,4,2,[7 2],5,6,8,1,5
1,<environment.Job instance at 0x147d3e444690>,5,3,[9 2],6,8,11,2,6
1,<environment.Job instance at 0x147d4dd350f0>,7,1,[2 6],8,11,12,3,8
1,<environment.Job instance at 0x147d41d925a0>,0,2,[6 1],1,1,3,0,1
1,<environment.Job instance at 0x147d42a10be0>,2,3,[1 8],3,3,6,0,3
1,<environment.Job instance at 0x147d41d92820>,3,3,[1 8],4,6,9,2,4
1,<environment.Job instance at 0x147d4308ce10>,4,2,[8 1],7,7,9,0,7
1,<environment.Job instance at 0x147d45e9c4b0>,5,2,[ 1 10],8,9,11,1,8
1,<environment.Job instance at 0x147d42e20140>,0,1,[2 5],1,1,2,0,1
1,<environment.Job instance at 0x147d42e206e0>,2,2,[10  1],5,5,7,0,5
1,<environment.Job instance at 0x147d4ec3a0f0>,3,3,[6 2],6,7,10,1,6
1,<environment.Job instance at 0x147d4ab84910>,5,3,[6 1],9,11,14,2,11
1,<environment.Job instance at 0x147d3e4e9230>,0,2,[8 1],1,1,3,0,1
1,<environment.Job instance at 0x147d401c3050>,2,2,[2 8],4,4,6,0,4
1,<environment.Job instance at 0x147d401c3e60>,3,1,[2 7],5,6,7,1,5
1,<environment.Job instance at 0x147d42b70d70>,4,2,[2 7],6,7,9,1,6
1,<environment.Job instance at 0x147d4143d280>,5,2,[2 7],7,9,11,2,7
1,<environment.Job instance at 0x147d48e810f0>,0,3,[9 2],1,1,4,0,1
1,<environment.Job instance at 0x147d4cfb6af0>,2,1,[2 7],3,4,5,1,3
1,<environment.Job instance at 0x147d40469230>,1,3,[1 9],2,2,5,0,2
1,<environment.Job instance at 0x147d4bbe14b0>,2,1,[2 5],3,5,6,2,3
1,<environment.Job instance at 0x147d4e8f1410>,3,1,[6 2],4,5,6,1,4
1,<environment.Job instance at 0x147d4e8f1550>,4,2,[7 2],5,6,8,1,5
1,<environment.Job instance at 0x147d4bbe16e0>,5,3,[9 2],6,8,11,2,6
1,<environment.Job instance at 0x147d3f216f00>,7,1,[2 6],8,11,12,3,8
1,<environment.Job instance at 0x147d400c0960>,0,2,[6 1],1,1,3,0,1
1,<environment.Job instance at 0x147d426a6410>,2,3,[1 8],3,3,6,0,3
1,<environment.Job instance at 0x147d3ec290f0>,3,3,[1 8],4,6,9,2,4
1,<environment.Job instance at 0x147d426a66e0>,4,2,[8 1],7,7,9,0,7
1,<environment.Job instance at 0x147d3bbff370>,5,2,[ 1 10],8,9,11,1,8
1,<environment.Job instance at 0x147d3ec29280>,0,1,[2 5],1,1,2,0,1
1,<environment.Job instance at 0x147d3ec29be0>,2,2,[10  1],5,5,7,0,5
1,<environment.Job instance at 0x147d44c70320>,3,3,[6 2],6,7,10,1,6
1,<environment.Job instance at 0x147d44c70460>,5,3,[6 1],9,14,17,5,14
1,<environment.Job instance at 0x147d452402d0>,0,2,[8 1],1,1,3,0,1
1,<environment.Job instance at 0x147d3dc395f0>,2,2,[2 8],4,4,6,0,4
1,<environment.Job instance at 0x147d4a8303c0>,3,1,[2 7],5,6,7,1,5
1,<environment.Job instance at 0x147d3dbbb730>,4,2,[2 7],6,7,9,1,6
1,<environment.Job instance at 0x147d3dbbb230>,5,2,[2 7],7,9,11,2,7
1,<environment.Job instance at 0x147d3ddf5f00>,0,3,[9 2],1,1,4,0,1
1,<environment.Job instance at 0x147d3dbb0d70>,2,1,[2 7],3,4,5,1,3
1,<environment.Job instance at 0x147d433300a0>,1,3,[1 9],2,2,5,0,2
1,<environment.Job instance at 0x147d43330690>,2,1,[2 5],3,5,6,2,3
1,<environment.Job instance at 0x147d41192140>,3,1,[6 2],4,5,6,1,4
1,<environment.Job instance at 0x147d45fb5370>,4,2,[7 2],5,6,8,1,5
1,<environment.Job instance at 0x147d45fb5cd0>,5,3,[9 2],6,8,11,2,6
1,<environment.Job instance at 0x147d47174230>,7,1,[2 6],8,11,12,3,8
1,<environment.Job instance at 0x147d4e05cf50>,0,2,[6 1],1,1,3,0,1
1,<environment.Job instance at 0x147d4132a460>,2,3,[1 8],3,3,6,0,3
1,<environment.Job instance at 0x147d403f9e10>,3,3,[1 8],4,6,9,2,4
1,<environment.Job instance at 0x147d4132a320>,4,2,[8 1],7,7,9,0,7
1,<environment.Job instance at 0x147d4e85b5a0>,5,2,[ 1 10],8,9,11,1,8
1,<environment.Job instance at 0x147d4e703f00>,0,1,[2 5],1,1,2,0,1
1,<environment.Job instance at 0x147d3eca25f0>,2,2,[10  1],5,5,7,0,5
1,<environment.Job instance at 0x147d4b238c30>,3,3,[6 2],6,7,10,1,6
1,<environment.Job instance at 0x147d403f9c80>,5,3,[6 1],9,11,14,2,11
1,<environment.Job instance at 0x147d435f39b0>,0,2,[8 1],1,1,3,0,1
1,<environment.Job instance at 0x147d435f3b90>,2,2,[2 8],4,4,6,0,4
1,<environment.Job instance at 0x147d3f6460a0>,3,1,[2 7],5,6,7,1,5
1,<environment.Job instance at 0x147d435f0460>,4,2,[2 7],6,7,9,1,6
1,<environment.Job instance at 0x147d435f0910>,5,2,[2 7],7,9,11,2,7
1,<environment.Job instance at 0x147d3be8f8c0>,0,3,[9 2],1,1,4,0,1
1,<environment.Job instance at 0x147d435f0c30>,2,1,[2 7],3,4,5,1,3
1,<environment.Job instance at 0x147d428c1e10>,1,3,[1 9],2,2,5,0,2
1,<environment.Job instance at 0x147d449a0230>,2,1,[2 5],3,5,6,2,3
1,<environment.Job instance at 0x147d3fc7c5a0>,3,1,[6 2],4,5,6,1,4
1,<environment.Job instance at 0x147d3fc7ce60>,4,2,[7 2],5,6,8,1,5
1,<environment.Job instance at 0x147d3fc7cc30>,5,3,[9 2],6,8,11,2,6
1,<environment.Job instance at 0x147d3fc7c910>,7,1,[2 6],8,11,12,3,8
1,<environment.Job instance at 0x147d3c0099b0>,0,2,[6 1],1,1,3,0,1
1,<environment.Job instance at 0x147d44f41910>,2,3,[1 8],3,3,6,0,3
1,<environment.Job instance at 0x147d40148870>,3,3,[1 8],4,6,9,2,4
1,<environment.Job instance at 0x147d3e571690>,4,2,[8 1],7,7,9,0,7
1,<environment.Job instance at 0x147d40148190>,5,2,[ 1 10],8,9,11,1,8
1,<environment.Job instance at 0x147d4bbc1190>,0,1,[2 5],1,1,2,0,1
1,<environment.Job instance at 0x147d41826370>,2,2,[10  1],5,5,7,0,5
1,<environment.Job instance at 0x147d3e57faf0>,3,3,[6 2],6,7,10,1,6
1,<environment.Job instance at 0x147d410b7be0>,5,3,[6 1],9,11,14,2,11
1,<environment.Job instance at 0x147d4c2c1eb0>,0,2,[8 1],1,1,3,0,1
1,<environment.Job instance at 0x147d4c2c1050>,2,2,[2 8],4,4,6,0,4
1,<environment.Job instance at 0x147d43c468c0>,3,1,[2 7],5,6,7,1,5
1,<environment.Job instance at 0x147d42703e60>,4,2,[2 7],6,7,9,1,6
1,<environment.Job instance at 0x147d4ab69c30>,5,2,[2 7],7,9,11,2,7
1,<environment.Job instance at 0x147d4ed30410>,0,3,[9 2],1,1,4,0,1
1,<environment.Job instance at 0x147d3e756820>,2,1,[2 7],3,4,5,1,3
1,<environment.Job instance at 0x147d4d365be0>,1,3,[1 9],2,2,5,0,2
1,<environment.Job instance at 0x147d450c8aa0>,2,1,[2 5],3,5,6,2,3
1,<environment.Job instance at 0x147d437b60a0>,3,1,[6 2],4,5,6,1,4
1,<environment.Job instance at 0x147d437b67d0>,4,2,[7 2],5,6,8,1,5
1,<environment.Job instance at 0x147d437b6910>,5,3,[9 2],6,8,11,2,6
1,<environment.Job instance at 0x147d437b6d70>,7,1,[2 6],8,11,12,3,8
1,<environment.Job instance at 0x147d402b8280>,0,2,[6 1],1,1,3,0,1
1,<environment.Job instance at 0x147d4275bfa0>,2,3,[1 8],3,3,6,0,3
1,<environment.Job instance at 0x147d475a5dc0>,3,3,[1 8],4,6,9,2,4
1,<environment.Job instance at 0x147d42fedf00>,4,2,[8 1],7,7,9,0,7
1,<environment.Job instance at 0x147d4d79e2d0>,5,2,[ 1 10],8,9,11,1,8
1,<environment.Job instance at 0x147d409717d0>,0,1,[2 5],1,1,2,0,1
1,<environment.Job instance at 0x147d4334b960>,2,2,[10  1],5,5,7,0,5
1,<environment.Job instance at 0x147d4ceebc30>,3,3,[6 2],6,7,10,1,6
1,<environment.Job instance at 0x147d49bdc0f0>,5,3,[6 1],9,14,17,5,14
1,<environment.Job instance at 0x147d42670550>,0,2,[8 1],1,1,3,0,1
1,<environment.Job instance at 0x147d42670dc0>,2,2,[2 8],4,4,6,0,4
1,<environment.Job instance at 0x147d4e3bc370>,3,1,[2 7],5,6,7,1,5
1,<environment.Job instance at 0x147d4b174320>,4,2,[2 7],6,7,9,1,6
1,<environment.Job instance at 0x147d4b174640>,5,2,[2 7],7,9,11,2,7
1,<environment.Job instance at 0x147d3bf27fa0>,0,3,[9 2],1,1,4,0,1
1,<environment.Job instance at 0x147d4c99bbe0>,2,1,[2 7],3,4,5,1,3
1,<environment.Job instance at 0x147d4b9bfc80>,1,3,[1 9],2,2,5,0,2
1,<environment.Job instance at 0x147d3ef81d70>,2,1,[2 5],3,5,6,2,3
1,<environment.Job instance at 0x147d411bc690>,3,1,[6 2],4,5,6,1,4
1,<environment.Job instance at 0x147d411bcaa0>,4,2,[7 2],5,6,8,1,5
1,<environment.Job instance at 0x147d411bcf50>,5,3,[9 2],6,8,11,2,6
1,<environment.Job instance at 0x147d43b5faa0>,7,1,[2 6],8,11,12,3,8
1,<environment.Job instance at 0x147d47da2870>,0,2,[6 1],1,1,3,0,1
1,<environment.Job instance at 0x147d3e28e640>,2,3,[1 8],3,3,6,0,3
1,<environment.Job instance at 0x147d40e52aa0>,3,3,[1 8],4,6,9,2,4
1,<environment.Job instance at 0x147d409ef690>,4,2,[8 1],7,7,9,0,7
1,<environment.Job instance at 0x147d40e52d70>,5,2,[ 1 10],8,9,11,1,8
1,<environment.Job instance at 0x147d447a3a50>,0,1,[2 5],1,1,2,0,1
1,<environment.Job instance at 0x147d3d69bb90>,2,2,[10  1],5,5,7,0,5
1,<environment.Job instance at 0x147d3d4a4410>,3,3,[6 2],6,7,10,1,6
1,<environment.Job instance at 0x147d3d64fe10>,5,3,[6 1],9,14,17,5,14
1,<environment.Job instance at 0x147d3d4c0190>,0,2,[8 1],1,1,3,0,1
1,<environment.Job instance at 0x147d3d64f7d0>,2,2,[2 8],4,4,6,0,4
1,<environment.Job instance at 0x147d4c1c48c0>,3,1,[2 7],5,6,7,1,5
1,<environment.Job instance at 0x147d4bd57370>,4,2,[2 7],6,7,9,1,6
1,<environment.Job instance at 0x147d4bd570f0>,5,2,[2 7],7,9,11,2,7
1,<environment.Job instance at 0x147d4ee3be60>,0,3,[9 2],1,1,4,0,1
1,<environment.Job instance at 0x147d48210640>,2,1,[2 7],3,4,5,1,3
1,<environment.Job instance at 0x147d4066b320>,1,3,[1 9],2,2,5,0,2
1,<environment.Job instance at 0x147d4066b640>,2,1,[2 5],3,5,6,2,3
1,<environment.Job instance at 0x147d4066b190>,3,1,[6 2],4,5,6,1,4
1,<environment.Job instance at 0x147d4330d0a0>,4,2,[7 2],5,6,8,1,5
1,<environment.Job instance at 0x147d4330d230>,5,3,[9 2],6,8,11,2,6
1,<environment.Job instance at 0x147d3dee5640>,7,1,[2 6],8,11,12,3,8
1,<environment.Job instance at 0x147d4533df50>,0,2,[6 1],1,1,3,0,1
1,<environment.Job instance at 0x147d41b187d0>,2,3,[1 8],3,3,6,0,3
1,<environment.Job instance at 0x147d40526c30>,3,3,[1 8],4,6,9,2,4
1,<environment.Job instance at 0x147d4eeeda00>,4,2,[8 1],7,7,9,0,7
1,<environment.Job instance at 0x147d405263c0>,5,2,[ 1 10],8,9,11,1,8
1,<environment.Job instance at 0x147d4bcd3730>,0,1,[2 5],1,1,2,0,1
1,<environment.Job instance at 0x147d40526690>,2,2,[10  1],5,5,7,0,5
1,<environment.Job instance at 0x147d3f201a50>,3,3,[6 2],6,7,10,1,6
1,<environment.Job instance at 0x147d3e866eb0>,5,3,[6 1],9,14,17,5,14
1,<environment.Job instance at 0x147d3ee9c550>,0,2,[8 1],1,1,3,0,1
1,<environment.Job instance at 0x147d3ee9f870>,2,2,[2 8],4,4,6,0,4
1,<environment.Job instance at 0x147d3d9a0f50>,3,1,[2 7],5,6,7,1,5
1,<environment.Job instance at 0x147d3d9a0550>,4,2,[2 7],6,7,9,1,6
1,<environment.Job instance at 0x147d3dd89e10>,5,2,[2 7],7,9,11,2,7
1,<environment.Job instance at 0x147d3f559b40>,0,3,[9 2],1,1,4,0,1
1,<environment.Job instance at 0x147d3f5599b0>,2,1,[2 7],3,4,5,1,3
1,<environment.Job instance at 0x147d3e214460>,1,3,[1 9],2,2,5,0,2
1,<environment.Job instance at 0x147d4d60caa0>,2,1,[2 5],3,5,6,2,3
1,<environment.Job instance at 0x147d4eba12d0>,3,1,[6 2],4,5,6,1,4
1,<environment.Job instance at 0x147d41ea38c0>,4,2,[7 2],5,6,8,1,5
1,<environment.Job instance at 0x147d438fa730>,5,3,[9 2],6,8,11,2,6
1,<environment.Job instance at 0x147d438fa3c0>,7,1,[2 6],8,11,12,3,8
1,<environment.Job instance at 0x147d41931780>,0,2,[6 1],1,1,3,0,1
1,<environment.Job instance at 0x147d4c4165a0>,2,3,[1 8],3,3,6,0,3
1,<environment.Job instance at 0x147d4036a0a0>,3,3,[1 8],4,6,9,2,4
1,<environment.Job instance at 0x147d4036a1e0>,4,2,[8 1],7,7,9,0,7
1,<environment.Job instance at 0x147d3f1991e0>,5,2,[ 1 10],8,9,11,1,8
1,<environment.Job instance at 0x147d4e0ad2d0>,0,1,[2 5],1,1,2,0,1
1,<environment.Job instance at 0x147d45ddbb90>,2,2,[10  1],5,5,7,0,5
1,<environment.Job instance at 0x147d4f15a8c0>,3,3,[6 2],6,7,10,1,6
1,<environment.Job instance at 0x147d3f7096e0>,5,3,[6 1],9,19,22,10,19
1,<environment.Job instance at 0x147d45fe6820>,0,2,[8 1],1,1,3,0,1
1,<environment.Job instance at 0x147d4ffa4460>,2,2,[2 8],4,4,6,0,4
1,<environment.Job instance at 0x147d3e1b6910>,3,1,[2 7],5,6,7,1,5
1,<environment.Job instance at 0x147d3e1b6b40>,4,2,[2 7],6,7,9,1,6
1,<environment.Job instance at 0x147d3e1b6cd0>,5,2,[2 7],7,9,11,2,7
1,<environment.Job instance at 0x147d3ee40fa0>,0,3,[9 2],1,1,4,0,1
1,<environment.Job instance at 0x147d4965daf0>,1,3,[2 9],2,4,7,2,2
1,<environment.Job instance at 0x147d3f434d20>,1,3,[1 9],2,2,5,0,2
1,<environment.Job instance at 0x147d3fd02fa0>,2,1,[2 5],3,5,6,2,3
1,<environment.Job instance at 0x147d3f434500>,3,1,[6 2],4,5,6,1,4
1,<environment.Job instance at 0x147d46f43460>,4,2,[7 2],5,6,8,1,5
1,<environment.Job instance at 0x147d3dbd32d0>,5,3,[9 2],6,8,11,2,6
1,<environment.Job instance at 0x147d40176690>,7,1,[2 6],8,11,12,3,8
1,<environment.Job instance at 0x147d4d60ca50>,0,2,[6 1],1,1,3,0,1
1,<environment.Job instance at 0x147d43f8ba00>,2,3,[1 8],3,3,6,0,3
1,<environment.Job instance at 0x147d49514730>,3,3,[1 8],4,6,9,2,4
1,<environment.Job instance at 0x147d3f03ec30>,4,2,[8 1],7,7,9,0,7
1,<environment.Job instance at 0x147d493ea0f0>,5,2,[ 1 10],8,9,11,1,8
1,<environment.Job instance at 0x147d457a1fa0>,0,1,[2 5],1,1,2,0,1
1,<environment.Job instance at 0x147d3db5e140>,2,2,[10  1],5,5,7,0,5
1,<environment.Job instance at 0x147d4d8e5dc0>,3,3,[6 2],6,7,10,1,6
1,<environment.Job instance at 0x147d469ebb90>,5,3,[6 1],9,16,19,7,16
1,<environment.Job instance at 0x147d449f9730>,0,2,[8 1],1,1,3,0,1
1,<environment.Job instance at 0x147d41a7db90>,2,2,[2 8],4,4,6,0,4
1,<environment.Job instance at 0x147d406f1870>,3,1,[2 7],5,6,7,1,5
1,<environment.Job instance at 0x147d3d6e5e10>,4,2,[2 7],6,7,9,1,6
1,<environment.Job instance at 0x147d3ed1ab90>,5,2,[2 7],7,9,11,2,7
1,<environment.Job instance at 0x147d48f73f00>,0,3,[9 2],1,1,4,0,1
1,<environment.Job instance at 0x147d3d5aa0f0>,1,3,[2 9],2,4,7,2,2
1,<environment.Job instance at 0x147d414e96e0>,1,3,[1 9],2,2,5,0,2
1,<environment.Job instance at 0x147d4f0755a0>,2,1,[2 5],3,5,6,2,3
1,<environment.Job instance at 0x147d406685a0>,3,1,[6 2],4,5,6,1,4
1,<environment.Job instance at 0x147d47adf5a0>,4,2,[7 2],5,6,8,1,5
1,<environment.Job instance at 0x147d40668f00>,5,3,[9 2],6,8,11,2,6
1,<environment.Job instance at 0x147d4de972d0>,7,1,[2 6],8,11,12,3,8
1,<environment.Job instance at 0x147d410b8d20>,0,2,[6 1],1,1,3,0,1
1,<environment.Job instance at 0x147d3f782320>,2,3,[1 8],3,3,6,0,3
1,<environment.Job instance at 0x147d3cd87c80>,3,3,[1 8],4,6,9,2,4
1,<environment.Job instance at 0x147d3cdb4f00>,4,2,[8 1],7,7,9,0,7
1,<environment.Job instance at 0x147d3ce70780>,5,2,[ 1 10],8,9,11,1,8
1,<environment.Job instance at 0x147d456c6d70>,0,1,[2 5],1,1,2,0,1
1,<environment.Job instance at 0x147d3cd3b140>,2,2,[10  1],5,5,7,0,5
1,<environment.Job instance at 0x147d3d5d6640>,3,3,[6 2],6,7,10,1,6
1,<environment.Job instance at 0x147d3d5d6280>,5,3,[6 1],9,14,17,5,14
1,<environment.Job instance at 0x147d422ad280>,0,2,[8 1],1,1,3,0,1
1,<environment.Job instance at 0x147d422adeb0>,2,2,[2 8],4,4,6,0,4
1,<environment.Job instance at 0x147d48c46370>,3,1,[2 7],5,6,7,1,5
1,<environment.Job instance at 0x147d4c4cb960>,4,2,[2 7],6,7,9,1,6
1,<environment.Job instance at 0x147d4c4cba50>,5,2,[2 7],7,9,11,2,7
1,<environment.Job instance at 0x147d3ff3e0a0>,0,3,[9 2],1,1,4,0,1
1,<environment.Job instance at 0x147d3bd43e60>,2,1,[2 7],3,4,5,1,3
1,<environment.Job instance at 0x147d4efc1e10>,1,3,[1 9],2,2,5,0,2
1,<environment.Job instance at 0x147d408bd500>,2,1,[2 5],3,5,6,2,3
1,<environment.Job instance at 0x147d3dbea6e0>,3,1,[6 2],4,5,6,1,4
1,<environment.Job instance at 0x147d40071190>,4,2,[7 2],5,6,8,1,5
1,<environment.Job instance at 0x147d438ed460>,5,3,[9 2],6,8,11,2,6
1,<environment.Job instance at 0x147d438edf00>,7,1,[2 6],8,11,12,3,8
1,<environment.Job instance at 0x147d40929e10>,0,2,[6 1],1,1,3,0,1
1,<environment.Job instance at 0x147d409295f0>,2,3,[1 8],3,3,6,0,3
1,<environment.Job instance at 0x147d434b8a00>,3,3,[1 8],4,6,9,2,4
1,<environment.Job instance at 0x147d409291e0>,4,2,[8 1],7,7,9,0,7
1,<environment.Job instance at 0x147d434b8f00>,5,2,[ 1 10],8,9,11,1,8
1,<environment.Job instance at 0x147d4322cc80>,0,1,[2 5],1,1,2,0,1
1,<environment.Job instance at 0x147d3e679f50>,2,2,[10  1],5,5,7,0,5
1,<environment.Job instance at 0x147d3ec4e640>,3,3,[6 2],6,7,10,1,6
1,<environment.Job instance at 0x147d405905f0>,5,3,[6 1],9,14,17,5,14
1,<environment.Job instance at 0x147d4c0b0280>,0,2,[8 1],1,1,3,0,1
1,<environment.Job instance at 0x147d4c0db460>,2,2,[2 8],4,4,6,0,4
1,<environment.Job instance at 0x147d3ec805a0>,3,1,[2 7],5,6,7,1,5
1,<environment.Job instance at 0x147d3ec80e10>,4,2,[2 7],6,7,9,1,6
1,<environment.Job instance at 0x147d43cac460>,5,2,[2 7],7,9,11,2,7
1,<environment.Job instance at 0x147d4fd25d20>,0,3,[9 2],1,1,4,0,1
1,<environment.Job instance at 0x147d4a583960>,2,1,[2 7],3,4,5,1,3
1,<environment.Job instance at 0x147d448317d0>,1,3,[1 9],2,2,5,0,2
1,<environment.Job instance at 0x147d448310a0>,2,1,[2 5],3,5,6,2,3
1,<environment.Job instance at 0x147d4f639960>,3,1,[6 2],4,5,6,1,4
1,<environment.Job instance at 0x147d4f639f50>,4,2,[7 2],5,6,8,1,5
1,<environment.Job instance at 0x147d433c3050>,5,3,[9 2],6,8,11,2,6
1,<environment.Job instance at 0x147d4f639320>,7,1,[2 6],8,11,12,3,8
1,<environment.Job instance at 0x147d445f9d70>,0,2,[6 1],1,1,3,0,1
1,<environment.Job instance at 0x147d4f639f00>,2,3,[1 8],3,3,6,0,3
1,<environment.Job instance at 0x147d42a1e140>,3,3,[1 8],4,6,9,2,4
1,<environment.Job instance at 0x147d3bc99230>,4,2,[8 1],7,7,9,0,7
1,<environment.Job instance at 0x147d40eeb8c0>,5,2,[ 1 10],8,9,11,1,8
1,<environment.Job instance at 0x147d4b810460>,0,1,[2 5],1,1,2,0,1
1,<environment.Job instance at 0x147d41b91780>,2,2,[10  1],5,5,7,0,5
1,<environment.Job instance at 0x147d466b4780>,3,3,[6 2],6,7,10,1,6
1,<environment.Job instance at 0x147d3f45a1e0>,5,3,[6 1],9,17,20,8,17
1,<environment.Job instance at 0x147d3da137d0>,0,2,[8 1],1,1,3,0,1
1,<environment.Job instance at 0x147d3da13a00>,2,2,[2 8],4,4,6,0,4
1,<environment.Job instance at 0x147d40bccf50>,3,1,[2 7],5,6,7,1,5
1,<environment.Job instance at 0x147d41915550>,4,2,[2 7],6,7,9,1,6
1,<environment.Job instance at 0x147d41915b90>,5,2,[2 7],7,9,11,2,7
1,<environment.Job instance at 0x147d437b7be0>,0,3,[9 2],1,1,4,0,1
1,<environment.Job instance at 0x147d4d8d4e10>,2,1,[2 7],3,4,5,1,3
1,<environment.Job instance at 0x147d44831690>,1,3,[1 9],2,2,5,0,2
1,<environment.Job instance at 0x147d418a0820>,2,1,[2 5],3,5,6,2,3
1,<environment.Job instance at 0x147d44831b90>,3,1,[6 2],4,5,6,1,4
1,<environment.Job instance at 0x147d4fc70cd0>,4,2,[7 2],5,6,8,1,5
1,<environment.Job instance at 0x147d4fc70e60>,5,3,[9 2],6,8,11,2,6
1,<environment.Job instance at 0x147d42c47cd0>,7,1,[2 6],8,11,12,3,8
1,<environment.Job instance at 0x147d4c86e550>,0,2,[6 1],1,1,3,0,1
1,<environment.Job instance at 0x147d40622b90>,2,3,[1 8],3,3,6,0,3
1,<environment.Job instance at 0x147d40622d70>,3,3,[1 8],4,6,9,2,4
1,<environment.Job instance at 0x147d4c183050>,4,2,[8 1],7,7,9,0,7
1,<environment.Job instance at 0x147d3eb25a50>,5,2,[ 1 10],8,9,11,1,8
1,<environment.Job instance at 0x147d40888690>,0,1,[2 5],1,1,2,0,1
1,<environment.Job instance at 0x147d408886e0>,2,2,[10  1],5,5,7,0,5
1,<environment.Job instance at 0x147d40888910>,3,3,[6 2],6,7,10,1,6
1,<environment.Job instance at 0x147d40888370>,5,3,[6 1],9,19,22,10,19
1,<environment.Job instance at 0x147d3d6faf00>,0,2,[8 1],1,1,3,0,1
1,<environment.Job instance at 0x147d481eeaf0>,2,2,[2 8],4,4,6,0,4
1,<environment.Job instance at 0x147d3e568b40>,3,1,[2 7],5,6,7,1,5
1,<environment.Job instance at 0x147d3e568320>,4,2,[2 7],6,7,9,1,6
1,<environment.Job instance at 0x147d3e5685f0>,5,2,[2 7],7,9,11,2,7
1,<environment.Job instance at 0x147d44cf7fa0>,0,3,[9 2],1,1,4,0,1
1,<environment.Job instance at 0x147d404fcf00>,1,3,[2 9],2,4,7,2,2
1,<environment.Job instance at 0x147d3cee5910>,1,3,[1 9],2,2,5,0,2
1,<environment.Job instance at 0x147d3d265f00>,2,1,[2 5],3,5,6,2,3
1,<environment.Job instance at 0x147d45fd8870>,3,1,[6 2],4,5,6,1,4
1,<environment.Job instance at 0x147d4604cfa0>,4,2,[7 2],5,6,8,1,5
1,<environment.Job instance at 0x147d3bc4b280>,5,3,[9 2],6,8,11,2,6
1,<environment.Job instance at 0x147d42aba0a0>,7,1,[2 6],8,11,12,3,8
1,<environment.Job instance at 0x147d3f67c370>,0,2,[6 1],1,1,3,0,1
1,<environment.Job instance at 0x147d44bf0280>,2,3,[1 8],3,3,6,0,3
1,<environment.Job instance at 0x147d431c8960>,3,3,[1 8],4,6,9,2,4
1,<environment.Job instance at 0x147d44bf05f0>,4,2,[8 1],7,7,9,0,7
1,<environment.Job instance at 0x147d42b3ac30>,5,2,[ 1 10],8,9,11,1,8
1,<environment.Job instance at 0x147d4d8c0be0>,0,1,[2 5],1,1,2,0,1
1,<environment.Job instance at 0x147d4f5c1d70>,2,2,[10  1],5,5,7,0,5
1,<environment.Job instance at 0x147d434f5050>,3,3,[6 2],6,7,10,1,6
1,<environment.Job instance at 0x147d434f5a00>,5,3,[6 1],9,19,22,10,19
1,<environment.Job instance at 0x147d49ab2c30>,0,2,[8 1],1,1,3,0,1
1,<environment.Job instance at 0x147d4b436c80>,2,2,[2 8],4,4,6,0,4
1,<environment.Job instance at 0x147d3e865a50>,3,1,[2 7],5,6,7,1,5
1,<environment.Job instance at 0x147d3d8caeb0>,4,2,[2 7],6,7,9,1,6
1,<environment.Job instance at 0x147d3bd8ef50>,5,2,[2 7],7,9,11,2,7
1,<environment.Job instance at 0x147d41b34b40>,0,3,[9 2],1,1,4,0,1
1,<environment.Job instance at 0x147d49b5baa0>,1,3,[2 9],2,4,7,2,2
1,<environment.Job instance at 0x147d3cff6af0>,1,3,[1 9],2,2,5,0,2
1,<environment.Job instance at 0x147d47096410>,2,1,[2 5],3,5,6,2,3
1,<environment.Job instance at 0x147d3f9dcf50>,3,1,[6 2],4,5,6,1,4
1,<environment.Job instance at 0x147d3f9dc460>,4,2,[7 2],5,6,8,1,5
1,<environment.Job instance at 0x147d3f9dce10>,5,3,[9 2],6,8,11,2,6
1,<environment.Job instance at 0x147d3f9dc5a0>,7,1,[2 6],8,11,12,3,8
1,<environment.Job instance at 0x147d4827beb0>,0,2,[6 1],1,1,3,0,1
1,<environment.Job instance at 0x147d3dbc29b0>,2,3,[1 8],3,3,6,0,3
1,<environment.Job instance at 0x147d40cde280>,3,3,[1 8],4,6,9,2,4
1,<environment.Job instance at 0x147d3e1aeb40>,4,2,[8 1],7,7,9,0,7
1,<environment.Job instance at 0x147d4f428550>,5,2,[ 1 10],8,9,11,1,8
1,<environment.Job instance at 0x147d3e865f50>,0,1,[2 5],1,1,2,0,1
1,<environment.Job instance at 0x147d3e865aa0>,2,2,[10  1],5,5,7,0,5
1,<environment.Job instance at 0x147d3e8656e0>,3,3,[6 2],6,7,10,1,6
1,<environment.Job instance at 0x147d3e865c80>,5,3,[6 1],9,14,17,5,14
1,<environment.Job instance at 0x147d40874a50>,0,2,[8 1],1,1,3,0,1
1,<environment.Job instance at 0x147d3e36d500>,2,2,[2 8],4,4,6,0,4
1,<environment.Job instance at 0x147d454dc780>,3,1,[2 7],5,6,7,1,5
1,<environment.Job instance at 0x147d454dcaa0>,4,2,[2 7],6,7,9,1,6
1,<environment.Job instance at 0x147d4df18280>,5,2,[2 7],7,9,11,2,7
1,<environment.Job instance at 0x147d436ccb90>,0,3,[9 2],1,1,4,0,1
1,<environment.Job instance at 0x147d461439b0>,1,3,[2 9],2,4,7,2,2
1,<environment.Job instance at 0x147d3cee5dc0>,1,3,[1 9],2,2,5,0,2
1,<environment.Job instance at 0x147d46dd7fa0>,2,1,[2 5],3,5,6,2,3
1,<environment.Job instance at 0x147d3c6fa780>,3,1,[6 2],4,5,6,1,4
1,<environment.Job instance at 0x147d3e816b40>,4,2,[7 2],5,6,8,1,5
1,<environment.Job instance at 0x147d3e816960>,5,3,[9 2],6,8,11,2,6
1,<environment.Job instance at 0x147d3c6fa190>,7,1,[2 6],8,11,12,3,8
1,<environment.Job instance at 0x147d45c34190>,0,2,[6 1],1,1,3,0,1
1,<environment.Job instance at 0x147d3d583730>,2,3,[1 8],3,3,6,0,3
1,<environment.Job instance at 0x147d41a2ea50>,3,3,[1 8],4,6,9,2,4
1,<environment.Job instance at 0x147d3bff1780>,4,2,[8 1],7,7,9,0,7
1,<environment.Job instance at 0x147d44bb1370>,5,2,[ 1 10],8,9,11,1,8
1,<environment.Job instance at 0x147d477a5960>,0,1,[2 5],1,1,2,0,1
1,<environment.Job instance at 0x147d3bba4fa0>,2,2,[10  1],5,5,7,0,5
1,<environment.Job instance at 0x147d3bba4c80>,3,3,[6 2],6,7,10,1,6
1,<environment.Job instance at 0x147d455e7550>,5,3,[6 1],9,17,20,8,17
1,<environment.Job instance at 0x147d45c41f00>,0,2,[8 1],1,1,3,0,1
1,<environment.Job instance at 0x147d3c2e60f0>,2,2,[2 8],4,4,6,0,4
1,<environment.Job instance at 0x147d3bd0d5f0>,3,1,[2 7],5,6,7,1,5
1,<environment.Job instance at 0x147d3c0ae460>,4,2,[2 7],6,7,9,1,6
1,<environment.Job instance at 0x147d3c0aee60>,5,2,[2 7],7,9,11,2,7
1,<environment.Job instance at 0x147d43072320>,0,3,[9 2],1,1,4,0,1
1,<environment.Job instance at 0x147d428fe0f0>,1,3,[2 9],2,4,7,2,2
1,<environment.Job instance at 0x147d4ba31dc0>,1,3,[1 9],2,2,5,0,2
1,<environment.Job instance at 0x147d4e8a1320>,2,1,[2 5],3,5,6,2,3
1,<environment.Job instance at 0x147d3dbf2870>,3,1,[6 2],4,5,6,1,4
1,<environment.Job instance at 0x147d3dbf22d0>,4,2,[7 2],5,6,8,1,5
1,<environment.Job instance at 0x147d460e0550>,5,3,[9 2],6,8,11,2,6
1,<environment.Job instance at 0x147d4e8a1460>,7,1,[2 6],8,11,12,3,8
1,<environment.Job instance at 0x147d3e911690>,0,2,[6 1],1,1,3,0,1
1,<environment.Job instance at 0x147d3e315aa0>,2,3,[1 8],3,3,6,0,3
1,<environment.Job instance at 0x147d3e315f00>,3,3,[1 8],4,6,9,2,4
1,<environment.Job instance at 0x147d3c5b93c0>,4,2,[8 1],7,7,9,0,7
1,<environment.Job instance at 0x147d3e1dcd20>,5,2,[ 1 10],8,9,11,1,8
1,<environment.Job instance at 0x147d3d8a1230>,0,1,[2 5],1,1,2,0,1
1,<environment.Job instance at 0x147d479a4c80>,2,2,[10  1],5,5,7,0,5
1,<environment.Job instance at 0x147d40c1d7d0>,3,3,[6 2],6,7,10,1,6
1,<environment.Job instance at 0x147d40c1d5f0>,5,3,[6 1],9,14,17,5,14
1,<environment.Job instance at 0x147d3c8fb190>,0,2,[8 1],1,1,3,0,1
1,<environment.Job instance at 0x147d3de3a2d0>,2,2,[2 8],4,4,6,0,4
1,<environment.Job instance at 0x147d410fb780>,3,1,[2 7],5,6,7,1,5
1,<environment.Job instance at 0x147d3bd6f5f0>,4,2,[2 7],6,7,9,1,6
1,<environment.Job instance at 0x147d3dc3b280>,5,2,[2 7],7,9,11,2,7
1,<environment.Job instance at 0x147d3fa53410>,0,3,[9 2],1,1,4,0,1
1,<environment.Job instance at 0x147d3d19cbe0>,2,1,[2 7],3,4,5,1,3
1,<environment.Job instance at 0x147d4600c730>,1,3,[1 9],2,2,5,0,2
1,<environment.Job instance at 0x147d4600c140>,2,1,[2 5],3,5,6,2,3
1,<environment.Job instance at 0x147d48cb7aa0>,3,1,[6 2],4,5,6,1,4
1,<environment.Job instance at 0x147d46932fa0>,4,2,[7 2],5,6,8,1,5
1,<environment.Job instance at 0x147d4600c190>,5,3,[9 2],6,8,11,2,6
1,<environment.Job instance at 0x147d46403b40>,7,1,[2 6],8,11,12,3,8
1,<environment.Job instance at 0x147d449214b0>,0,2,[6 1],1,1,3,0,1
1,<environment.Job instance at 0x147d4fd054b0>,2,3,[1 8],3,3,6,0,3
1,<environment.Job instance at 0x147d47102e10>,3,3,[1 8],4,6,9,2,4
1,<environment.Job instance at 0x147d487ce550>,4,2,[8 1],7,7,9,0,7
1,<environment.Job instance at 0x147d4fd57690>,5,2,[ 1 10],8,9,11,1,8
1,<environment.Job instance at 0x147d3e590640>,0,1,[2 5],1,1,2,0,1
1,<environment.Job instance at 0x147d4aee7d70>,2,2,[10  1],5,5,7,0,5
1,<environment.Job instance at 0x147d4aee7280>,3,3,[6 2],6,7,10,1,6
1,<environment.Job instance at 0x147d3f53d140>,5,3,[6 1],9,17,20,8,17
1,<environment.Job instance at 0x147d40493d20>,0,2,[8 1],1,1,3,0,1
1,<environment.Job instance at 0x147d3eb17460>,2,2,[2 8],4,4,6,0,4
1,<environment.Job instance at 0x147d46348500>,3,1,[2 7],5,6,7,1,5
1,<environment.Job instance at 0x147d4cf83280>,4,2,[2 7],6,7,9,1,6
1,<environment.Job instance at 0x147d4cf83c80>,5,2,[2 7],7,9,11,2,7
1,<environment.Job instance at 0x147d3bfef410>,0,3,[9 2],1,1,4,0,1
1,<environment.Job instance at 0x147d3e7a8320>,2,1,[2 7],3,4,5,1,3
1,<environment.Job instance at 0x147d46afe140>,1,3,[1 9],2,2,5,0,2
1,<environment.Job instance at 0x147d489b6730>,2,1,[2 5],3,5,6,2,3
1,<environment.Job instance at 0x147d458537d0>,3,1,[6 2],4,5,6,1,4
1,<environment.Job instance at 0x147d455715a0>,4,2,[7 2],5,6,8,1,5
1,<environment.Job instance at 0x147d3fd1da00>,5,3,[9 2],6,8,11,2,6
1,<environment.Job instance at 0x147d3fd1d960>,7,1,[2 6],8,11,12,3,8
1,<environment.Job instance at 0x147d41b80eb0>,0,2,[6 1],1,1,3,0,1
1,<environment.Job instance at 0x147d3eddbb90>,2,3,[1 8],3,3,6,0,3
1,<environment.Job instance at 0x147d3f36bb90>,3,3,[1 8],4,6,9,2,4
1,<environment.Job instance at 0x147d3f36be10>,4,2,[8 1],7,7,9,0,7
1,<environment.Job instance at 0x147d3efe71e0>,5,2,[ 1 10],8,9,11,1,8
1,<environment.Job instance at 0x147d4f5ad780>,0,1,[2 5],1,1,2,0,1
1,<environment.Job instance at 0x147d4cce4370>,2,2,[10  1],5,5,7,0,5
1,<environment.Job instance at 0x147d43de9eb0>,3,3,[6 2],6,7,10,1,6
1,<environment.Job instance at 0x147d3e4676e0>,5,3,[6 1],9,17,20,8,17
1,<environment.Job instance at 0x147d44bfe820>,0,2,[8 1],1,1,3,0,1
1,<environment.Job instance at 0x147d448e9aa0>,2,2,[2 8],4,4,6,0,4
1,<environment.Job instance at 0x147d4bb4f0f0>,3,1,[2 7],5,6,7,1,5
1,<environment.Job instance at 0x147d4e331a00>,4,2,[2 7],6,7,9,1,6
1,<environment.Job instance at 0x147d3fced0a0>,5,2,[2 7],7,9,11,2,7
1,<environment.Job instance at 0x147d4714afa0>,0,3,[9 2],1,1,4,0,1
1,<environment.Job instance at 0x147d46cd40f0>,2,1,[2 7],3,4,5,1,3
1,<environment.Job instance at 0x147d4140f640>,1,3,[1 9],2,2,5,0,2
1,<environment.Job instance at 0x147d40c1d5a0>,2,1,[2 5],3,5,6,2,3
1,<environment.Job instance at 0x147d41dc0dc0>,3,1,[6 2],4,5,6,1,4
1,<environment.Job instance at 0x147d4444d1e0>,4,2,[7 2],5,6,8,1,5
1,<environment.Job instance at 0x147d414dbcd0>,5,3,[9 2],6,8,11,2,6
1,<environment.Job instance at 0x147d431b83c0>,7,1,[2 6],8,11,12,3,8
1,<environment.Job instance at 0x147d3f87e2d0>,0,2,[6 1],1,1,3,0,1
1,<environment.Job instance at 0x147d4ecfdc30>,2,3,[1 8],3,3,6,0,3
1,<environment.Job instance at 0x147d4afe2d20>,3,3,[1 8],4,6,9,2,4
1,<environment.Job instance at 0x147d43984230>,4,2,[8 1],7,7,9,0,7
1,<environment.Job instance at 0x147d3dbd8f50>,5,2,[ 1 10],8,9,11,1,8
1,<environment.Job instance at 0x147d3f2cca50>,0,1,[2 5],1,1,2,0,1
1,<environment.Job instance at 0x147d3f2ccc80>,2,2,[10  1],5,5,7,0,5
1,<environment.Job instance at 0x147d3f2ccd70>,3,3,[6 2],6,7,10,1,6
1,<environment.Job instance at 0x147d3bf52d70>,5,3,[6 1],9,19,22,10,19
1,<environment.Job instance at 0x147d42105c80>,0,2,[8 1],1,1,3,0,1
1,<environment.Job instance at 0x147d421050a0>,2,2,[2 8],4,4,6,0,4
1,<environment.Job instance at 0x147d3f2ccb40>,3,1,[2 7],5,6,7,1,5
1,<environment.Job instance at 0x147d495e75a0>,4,2,[2 7],6,7,9,1,6
1,<environment.Job instance at 0x147d495e7be0>,5,2,[2 7],7,9,11,2,7
1,<environment.Job instance at 0x147d493c0b90>,0,3,[9 2],1,1,4,0,1
1,<environment.Job instance at 0x147d3c50a2d0>,1,3,[2 9],2,4,7,2,2
1,<environment.Job instance at 0x147d4f007640>,1,3,[1 9],2,2,5,0,2
1,<environment.Job instance at 0x147d49832550>,2,1,[2 5],3,5,6,2,3
1,<environment.Job instance at 0x147d414dbf50>,3,1,[6 2],4,5,6,1,4
1,<environment.Job instance at 0x147d3da34fa0>,4,2,[7 2],5,6,8,1,5
1,<environment.Job instance at 0x147d4022c9b0>,5,3,[9 2],6,8,11,2,6
1,<environment.Job instance at 0x147d4022cb40>,7,1,[2 6],8,11,12,3,8
1,<environment.Job instance at 0x147d3e441d20>,0,2,[6 1],1,1,3,0,1
1,<environment.Job instance at 0x147d4d4c2190>,2,3,[1 8],3,3,6,0,3
1,<environment.Job instance at 0x147d4e617d20>,3,3,[1 8],4,6,9,2,4
1,<environment.Job instance at 0x147d44566320>,4,2,[8 1],7,7,9,0,7
1,<environment.Job instance at 0x147d480b88c0>,5,2,[ 1 10],8,9,11,1,8
1,<environment.Job instance at 0x147d4a5fb370>,0,1,[2 5],1,1,2,0,1
1,<environment.Job instance at 0x147d3dbc63c0>,2,2,[10  1],5,5,7,0,5
1,<environment.Job instance at 0x147d38422410>,3,3,[6 2],6,7,10,1,6
1,<environment.Job instance at 0x147d38422be0>,5,3,[6 1],9,19,22,10,19
1,<environment.Job instance at 0x147d4c137640>,0,2,[8 1],1,1,3,0,1
1,<environment.Job instance at 0x147d4a1eb0a0>,2,2,[2 8],4,4,6,0,4
1,<environment.Job instance at 0x147d3fb800f0>,3,1,[2 7],5,6,7,1,5
1,<environment.Job instance at 0x147d4379cdc0>,4,2,[2 7],6,7,9,1,6
1,<environment.Job instance at 0x147d3dd84d70>,5,2,[2 7],7,9,11,2,7
1,<environment.Job instance at 0x147d3afaf910>,0,3,[9 2],1,1,4,0,1
1,<environment.Job instance at 0x147d46c97af0>,2,1,[2 7],3,4,5,1,3
1,<environment.Job instance at 0x147d3bb69af0>,1,3,[1 9],2,2,5,0,2
1,<environment.Job instance at 0x147d469653c0>,2,1,[2 5],3,5,6,2,3
1,<environment.Job instance at 0x147d432d90f0>,3,1,[6 2],4,5,6,1,4
1,<environment.Job instance at 0x147d432d9b40>,4,2,[7 2],5,6,8,1,5
1,<environment.Job instance at 0x147d432d95f0>,5,3,[9 2],6,8,11,2,6
1,<environment.Job instance at 0x147d4147c1e0>,7,1,[2 6],8,11,12,3,8
1,<environment.Job instance at 0x147d3ccb00a0>,0,2,[6 1],1,1,3,0,1
1,<environment.Job instance at 0x147d3ccb02d0>,2,3,[1 8],3,3,6,0,3
1,<environment.Job instance at 0x147d3cd89be0>,3,3,[1 8],4,6,9,2,4
1,<environment.Job instance at 0x147d3ccb0a50>,4,2,[8 1],7,7,9,0,7
1,<environment.Job instance at 0x147d3c19ae10>,5,2,[ 1 10],8,9,11,1,8
1,<environment.Job instance at 0x147d3c19a820>,0,1,[2 5],1,1,2,0,1
1,<environment.Job instance at 0x147d4b906460>,2,2,[10  1],5,5,7,0,5
1,<environment.Job instance at 0x147d3c19a5f0>,3,3,[6 2],6,7,10,1,6
1,<environment.Job instance at 0x147d3c19ad20>,5,3,[6 1],9,21,24,12,21
1,<environment.Job instance at 0x147d3f847550>,0,2,[8 1],1,1,3,0,1
1,<environment.Job instance at 0x147d45215550>,2,2,[2 8],4,4,6,0,4
1,<environment.Job instance at 0x147d443d1500>,3,1,[2 7],5,6,7,1,5
1,<environment.Job instance at 0x147d443d10a0>,4,2,[2 7],6,7,9,1,6
1,<environment.Job instance at 0x147d3cf37820>,5,2,[2 7],7,9,11,2,7
1,<environment.Job instance at 0x147d40fbca00>,0,3,[9 2],1,1,4,0,1
1,<environment.Job instance at 0x147d40d77a00>,2,1,[2 7],3,4,5,1,3
1,<environment.Job instance at 0x147d3b3aa8c0>,1,3,[1 9],2,2,5,0,2
1,<environment.Job instance at 0x147d42548320>,2,1,[2 5],3,5,6,2,3
1,<environment.Job instance at 0x147d487f2d70>,3,1,[6 2],4,5,6,1,4
1,<environment.Job instance at 0x147d4efffa00>,4,2,[7 2],5,6,8,1,5
1,<environment.Job instance at 0x147d3b7663c0>,5,3,[9 2],6,8,11,2,6
1,<environment.Job instance at 0x147d3b766690>,7,1,[2 6],8,11,12,3,8
1,<environment.Job instance at 0x147d41c07960>,0,2,[6 1],1,1,3,0,1
1,<environment.Job instance at 0x147d4b660e60>,2,3,[1 8],3,3,6,0,3
1,<environment.Job instance at 0x147d3b7662d0>,3,3,[1 8],4,6,9,2,4
1,<environment.Job instance at 0x147d4bbd6be0>,4,2,[8 1],7,7,9,0,7
1,<environment.Job instance at 0x147d3d428910>,5,2,[ 1 10],8,9,11,1,8
1,<environment.Job instance at 0x147d3e903640>,0,1,[2 5],1,1,2,0,1
1,<environment.Job instance at 0x147d45844550>,2,2,[10  1],5,5,7,0,5
1,<environment.Job instance at 0x147d426702d0>,3,3,[6 2],6,7,10,1,6
1,<environment.Job instance at 0x147d42670e10>,5,3,[6 1],9,19,22,10,19
1,<environment.Job instance at 0x147d4e245280>,0,2,[8 1],1,1,3,0,1
1,<environment.Job instance at 0x147d41758cd0>,2,2,[2 8],4,4,6,0,4
1,<environment.Job instance at 0x147d3f356d20>,3,1,[2 7],5,6,7,1,5
1,<environment.Job instance at 0x147d3cac1780>,4,2,[2 7],6,7,9,1,6
1,<environment.Job instance at 0x147d3cf360f0>,5,2,[2 7],7,9,11,2,7
1,<environment.Job instance at 0x147d40903e60>,0,3,[9 2],1,1,4,0,1
1,<environment.Job instance at 0x147d47f37eb0>,1,3,[2 9],2,4,7,2,2
1,<environment.Job instance at 0x147d4d22fcd0>,1,3,[1 9],2,2,5,0,2
1,<environment.Job instance at 0x147d43448dc0>,2,1,[2 5],3,5,6,2,3
1,<environment.Job instance at 0x147d3c0903c0>,3,1,[6 2],4,5,6,1,4
1,<environment.Job instance at 0x147d49862410>,4,2,[7 2],5,6,8,1,5
1,<environment.Job instance at 0x147d3c0900f0>,5,3,[9 2],6,8,11,2,6
1,<environment.Job instance at 0x147d4556aaf0>,7,1,[2 6],8,11,12,3,8
1,<environment.Job instance at 0x147d43cb3460>,0,2,[6 1],1,1,3,0,1
1,<environment.Job instance at 0x147d438f40f0>,2,3,[1 8],3,3,6,0,3
1,<environment.Job instance at 0x147d4285bdc0>,3,3,[1 8],4,6,9,2,4
1,<environment.Job instance at 0x147d4285ba00>,4,2,[8 1],7,7,9,0,7
1,<environment.Job instance at 0x147d3bf8d5a0>,5,2,[ 1 10],8,9,11,1,8
1,<environment.Job instance at 0x147d3db0e9b0>,0,1,[2 5],1,1,2,0,1
1,<environment.Job instance at 0x147d3bf8d910>,2,2,[10  1],5,5,7,0,5
1,<environment.Job instance at 0x147d3f8f7dc0>,3,3,[6 2],6,7,10,1,6
1,<environment.Job instance at 0x147d4e5e3d20>,5,3,[6 1],9,21,24,12,21
1,<environment.Job instance at 0x147d3b07d690>,0,2,[8 1],1,1,3,0,1
1,<environment.Job instance at 0x147d4e5e3d20>,2,2,[2 8],4,4,6,0,4
1,<environment.Job instance at 0x147d42871a50>,3,1,[2 7],5,6,7,1,5
1,<environment.Job instance at 0x147d44f41320>,4,2,[2 7],6,7,9,1,6
1,<environment.Job instance at 0x147d44f418c0>,5,2,[2 7],7,9,11,2,7
1,<environment.Job instance at 0x147d3e1c39b0>,0,3,[9 2],1,1,4,0,1
1,<environment.Job instance at 0x147d3f8d1d70>,2,1,[2 7],3,4,5,1,3
1,<environment.Job instance at 0x147d433c0730>,1,3,[1 9],2,2,5,0,2
1,<environment.Job instance at 0x147d433c01e0>,2,1,[2 5],3,5,6,2,3
1,<environment.Job instance at 0x147d4ae26f00>,3,1,[6 2],4,5,6,1,4
1,<environment.Job instance at 0x147d3d931370>,4,2,[7 2],5,6,8,1,5
1,<environment.Job instance at 0x147d41c62e60>,5,3,[9 2],6,8,11,2,6
1,<environment.Job instance at 0x147d47b5e870>,7,1,[2 6],8,11,12,3,8
1,<environment.Job instance at 0x147d453efb40>,0,2,[6 1],1,1,3,0,1
1,<environment.Job instance at 0x147d40cb4a00>,2,3,[1 8],3,3,6,0,3
1,<environment.Job instance at 0x147d4163caf0>,3,3,[1 8],4,6,9,2,4
1,<environment.Job instance at 0x147d408ddcd0>,4,2,[8 1],7,7,9,0,7
1,<environment.Job instance at 0x147d44aad140>,5,2,[ 1 10],8,9,11,1,8
1,<environment.Job instance at 0x147d3c851e10>,0,1,[2 5],1,1,2,0,1
1,<environment.Job instance at 0x147d408ddb90>,2,2,[10  1],5,5,7,0,5
1,<environment.Job instance at 0x147d408dd370>,3,3,[6 2],6,7,10,1,6
1,<environment.Job instance at 0x147d458530a0>,5,3,[6 1],9,21,24,12,21
1,<environment.Job instance at 0x147d4f2f09b0>,0,2,[8 1],1,1,3,0,1
1,<environment.Job instance at 0x147d45853af0>,2,2,[2 8],4,4,6,0,4
1,<environment.Job instance at 0x147d429c6c30>,3,1,[2 7],5,6,7,1,5
1,<environment.Job instance at 0x147d429c65f0>,4,2,[2 7],6,7,9,1,6
1,<environment.Job instance at 0x147d44a87410>,5,2,[2 7],7,9,11,2,7
1,<environment.Job instance at 0x147d4986d6e0>,0,3,[9 2],1,1,4,0,1
1,<environment.Job instance at 0x147d496c65f0>,2,1,[2 7],3,4,5,1,3
1,<environment.Job instance at 0x147d3cc07d20>,1,3,[1 9],2,2,5,0,2
1,<environment.Job instance at 0x147d3cc07690>,2,1,[2 5],3,5,6,2,3
1,<environment.Job instance at 0x147d41b01cd0>,3,1,[6 2],4,5,6,1,4
1,<environment.Job instance at 0x147d3c0845f0>,4,2,[7 2],5,6,8,1,5
1,<environment.Job instance at 0x147d3e93d640>,5,3,[9 2],6,8,11,2,6
1,<environment.Job instance at 0x147d3c0848c0>,7,1,[2 6],8,11,12,3,8
1,<environment.Job instance at 0x147d3dd89140>,0,2,[6 1],1,1,3,0,1
1,<environment.Job instance at 0x147d3dd892d0>,2,3,[1 8],3,3,6,0,3
1,<environment.Job instance at 0x147d3e550190>,3,3,[1 8],4,6,9,2,4
1,<environment.Job instance at 0x147d3dd89f00>,4,2,[8 1],7,7,9,0,7
1,<environment.Job instance at 0x147d4f830050>,5,2,[ 1 10],8,9,11,1,8
1,<environment.Job instance at 0x147d3c16cd70>,0,1,[2 5],1,1,2,0,1
1,<environment.Job instance at 0x147d3cd12aa0>,2,2,[10  1],5,5,7,0,5
1,<environment.Job instance at 0x147d383e2be0>,3,3,[6 2],6,7,10,1,6
1,<environment.Job instance at 0x147d383e21e0>,5,3,[6 1],9,22,25,13,22
1,<environment.Job instance at 0x147d3cee86e0>,0,2,[8 1],1,1,3,0,1
1,<environment.Job instance at 0x147d3cee8960>,2,2,[2 8],4,4,6,0,4
1,<environment.Job instance at 0x147d4d42f820>,3,1,[2 7],5,6,7,1,5
1,<environment.Job instance at 0x147d4d42f0f0>,4,2,[2 7],6,7,9,1,6
1,<environment.Job instance at 0x147d3cee80a0>,5,2,[2 7],7,9,11,2,7
1,<environment.Job instance at 0x147d3fb9d5a0>,0,3,[9 2],1,1,4,0,1
1,<environment.Job instance at 0x147d4a0844b0>,2,1,[2 7],3,4,5,1,3
1,<environment.Job instance at 0x147d48a842d0>,1,3,[1 9],2,2,5,0,2
1,<environment.Job instance at 0x147d4176d7d0>,2,1,[2 5],3,5,6,2,3
1,<environment.Job instance at 0x147d48a840f0>,3,1,[6 2],4,5,6,1,4
1,<environment.Job instance at 0x147d3d19ccd0>,4,2,[7 2],5,6,8,1,5
1,<environment.Job instance at 0x147d3d19ce60>,5,3,[9 2],6,8,11,2,6
1,<environment.Job instance at 0x147d3d19c280>,7,1,[2 6],8,11,12,3,8
1,<environment.Job instance at 0x147d3e886820>,0,2,[6 1],1,1,3,0,1
1,<environment.Job instance at 0x147d3e8863c0>,2,3,[1 8],3,3,6,0,3
1,<environment.Job instance at 0x147d505ac320>,3,3,[1 8],4,6,9,2,4
1,<environment.Job instance at 0x147d45b906e0>,4,2,[8 1],7,7,9,0,7
1,<environment.Job instance at 0x147d4b171640>,5,2,[ 1 10],8,9,11,1,8
1,<environment.Job instance at 0x147d47a255a0>,0,1,[2 5],1,1,2,0,1
1,<environment.Job instance at 0x147d3cafd550>,2,2,[10  1],5,5,7,0,5
1,<environment.Job instance at 0x147d3e926fa0>,3,3,[6 2],6,7,10,1,6
1,<environment.Job instance at 0x147d3e926aa0>,5,3,[6 1],9,23,26,14,23
1,<environment.Job instance at 0x147d3c0809b0>,0,2,[8 1],1,1,3,0,1
1,<environment.Job instance at 0x147d3fa27eb0>,2,2,[2 8],4,4,6,0,4
1,<environment.Job instance at 0x147d39f1d320>,3,1,[2 7],5,6,7,1,5
1,<environment.Job instance at 0x147d39f1d820>,4,2,[2 7],6,7,9,1,6
1,<environment.Job instance at 0x147d3a040820>,5,2,[2 7],7,9,11,2,7
1,<environment.Job instance at 0x147d3a0bdcd0>,0,3,[9 2],1,1,4,0,1
1,<environment.Job instance at 0x147d3a0c7fa0>,1,3,[2 9],2,4,7,2,2
1,<environment.Job instance at 0x147d4022dc80>,1,3,[1 9],2,2,5,0,2
1,<environment.Job instance at 0x147d44abfa00>,2,1,[2 5],3,5,6,2,3
1,<environment.Job instance at 0x147d3db2fcd0>,3,1,[6 2],4,5,6,1,4
1,<environment.Job instance at 0x147d3db2f410>,4,2,[7 2],5,6,8,1,5
1,<environment.Job instance at 0x147d3db2fd70>,5,3,[9 2],6,8,11,2,6
1,<environment.Job instance at 0x147d4e724690>,7,1,[2 6],8,11,12,3,8
1,<environment.Job instance at 0x147d3aac3640>,0,2,[6 1],1,1,3,0,1
1,<environment.Job instance at 0x147d415b8be0>,2,3,[1 8],3,3,6,0,3
1,<environment.Job instance at 0x147d3ed0f820>,3,3,[1 8],4,6,9,2,4
1,<environment.Job instance at 0x147d3dcf05f0>,4,2,[8 1],7,7,9,0,7
1,<environment.Job instance at 0x147d403ecc30>,5,2,[ 1 10],8,9,11,1,8
1,<environment.Job instance at 0x147d3c16ff50>,0,1,[2 5],1,1,2,0,1
1,<environment.Job instance at 0x147d3c16fb40>,2,2,[10  1],5,5,7,0,5
1,<environment.Job instance at 0x147d3cf14eb0>,3,3,[6 2],6,7,10,1,6
1,<environment.Job instance at 0x147d3ed8baf0>,5,3,[6 1],9,21,24,12,21
1,<environment.Job instance at 0x147d3d6fb500>,0,2,[8 1],1,1,3,0,1
1,<environment.Job instance at 0x147d3d6fb8c0>,2,2,[2 8],4,4,6,0,4
1,<environment.Job instance at 0x147d3c85c230>,3,1,[2 7],5,6,7,1,5
1,<environment.Job instance at 0x147d3c85caa0>,4,2,[2 7],6,7,9,1,6
1,<environment.Job instance at 0x147d4db112d0>,5,2,[2 7],7,9,11,2,7
1,<environment.Job instance at 0x147d3a644c80>,0,3,[9 2],1,1,4,0,1
1,<environment.Job instance at 0x147d477ca550>,2,1,[2 7],3,4,5,1,3
1,<environment.Job instance at 0x147d3e43f1e0>,1,3,[1 9],2,2,5,0,2
1,<environment.Job instance at 0x147d40cf3280>,2,1,[2 5],3,5,6,2,3
1,<environment.Job instance at 0x147d4912fc80>,3,1,[6 2],4,5,6,1,4
1,<environment.Job instance at 0x147d4912f780>,4,2,[7 2],5,6,8,1,5
1,<environment.Job instance at 0x147d427283c0>,5,3,[9 2],6,8,11,2,6
1,<environment.Job instance at 0x147d417d31e0>,7,1,[2 6],8,11,12,3,8
1,<environment.Job instance at 0x147d49952be0>,0,2,[6 1],1,1,3,0,1
1,<environment.Job instance at 0x147d4b1bcc30>,2,3,[1 8],3,3,6,0,3
1,<environment.Job instance at 0x147d3fce85a0>,3,3,[1 8],4,6,9,2,4
1,<environment.Job instance at 0x147d43a091e0>,4,2,[8 1],7,7,9,0,7
1,<environment.Job instance at 0x147d3fe4dfa0>,5,2,[ 1 10],8,9,11,1,8
1,<environment.Job instance at 0x147d38215410>,0,1,[2 5],1,1,2,0,1
1,<environment.Job instance at 0x147d4e724690>,2,2,[10  1],5,5,7,0,5
1,<environment.Job instance at 0x147d3eee8eb0>,3,3,[6 2],6,7,10,1,6
1,<environment.Job instance at 0x147d418f8c80>,5,3,[6 1],9,23,26,14,23
1,<environment.Job instance at 0x147d41958be0>,0,2,[8 1],1,1,3,0,1
1,<environment.Job instance at 0x147d43524d70>,2,2,[2 8],4,4,6,0,4
1,<environment.Job instance at 0x147d4d2d5b40>,3,1,[2 7],5,6,7,1,5
1,<environment.Job instance at 0x147d4d2d56e0>,4,2,[2 7],6,7,9,1,6
1,<environment.Job instance at 0x147d4d2d5230>,5,2,[2 7],7,9,11,2,7
1,<environment.Job instance at 0x147d429e9550>,0,3,[9 2],1,1,4,0,1
1,<environment.Job instance at 0x147d3f498870>,1,3,[2 9],2,4,7,2,2
1,<environment.Job instance at 0x147d3ca17be0>,1,3,[1 9],2,2,5,0,2
1,<environment.Job instance at 0x147d3ca177d0>,2,1,[2 5],3,5,6,2,3
1,<environment.Job instance at 0x147d3ccb8140>,3,1,[6 2],4,5,6,1,4
1,<environment.Job instance at 0x147d3ccb88c0>,4,2,[7 2],5,6,8,1,5
1,<environment.Job instance at 0x147d3ca17960>,5,3,[9 2],6,8,11,2,6
1,<environment.Job instance at 0x147d433a6aa0>,7,1,[2 6],8,11,12,3,8
1,<environment.Job instance at 0x147d4e6b55f0>,0,2,[6 1],1,1,3,0,1
1,<environment.Job instance at 0x147d49bbf7d0>,2,3,[1 8],3,3,6,0,3
1,<environment.Job instance at 0x147d3e948aa0>,3,3,[1 8],4,6,9,2,4
1,<environment.Job instance at 0x147d3b4721e0>,4,2,[8 1],7,7,9,0,7
1,<environment.Job instance at 0x147d3ceceb40>,5,2,[ 1 10],8,9,11,1,8
1,<environment.Job instance at 0x147d4bb0cdc0>,0,1,[2 5],1,1,2,0,1
1,<environment.Job instance at 0x147d3d1f7c80>,2,2,[10  1],5,5,7,0,5
1,<environment.Job instance at 0x147d4afd01e0>,3,3,[6 2],6,7,10,1,6
1,<environment.Job instance at 0x147d4f353dc0>,0,2,[8 1],1,1,3,0,1
1,<environment.Job instance at 0x147d46723aa0>,2,2,[2 8],4,4,6,0,4
1,<environment.Job instance at 0x147d3b3a5af0>,3,1,[2 7],5,6,7,1,5
1,<environment.Job instance at 0x147d4f3530f0>,4,2,[2 7],6,7,9,1,6
1,<environment.Job instance at 0x147d3f665960>,5,2,[2 7],7,9,11,2,7
1,<environment.Job instance at 0x147d3f665550>,0,3,[9 2],1,1,4,0,1
1,<environment.Job instance at 0x147d3c1adf00>,2,1,[2 7],3,4,5,1,3
1,<environment.Job instance at 0x147d40b41690>,1,3,[1 9],2,2,5,0,2
1,<environment.Job instance at 0x147d3d25d4b0>,2,1,[2 5],3,5,6,2,3
1,<environment.Job instance at 0x147d49400d20>,3,1,[6 2],4,5,6,1,4
1,<environment.Job instance at 0x147d47ace190>,4,2,[7 2],5,6,8,1,5
1,<environment.Job instance at 0x147d4e521b40>,5,3,[9 2],6,8,11,2,6
1,<environment.Job instance at 0x147d483d9410>,7,1,[2 6],8,11,12,3,8
1,<environment.Job instance at 0x147d42b940a0>,0,2,[6 1],1,1,3,0,1
1,<environment.Job instance at 0x147d437c1190>,2,3,[1 8],3,3,6,0,3
1,<environment.Job instance at 0x147d3ac84d70>,3,3,[1 8],4,6,9,2,4
1,<environment.Job instance at 0x147d437c1a00>,4,2,[8 1],7,7,9,0,7
1,<environment.Job instance at 0x147d3ac84460>,5,2,[ 1 10],8,9,11,1,8
1,<environment.Job instance at 0x147d3ac84410>,0,1,[2 5],1,1,2,0,1
1,<environment.Job instance at 0x147d3ac84370>,2,2,[10  1],5,5,7,0,5
1,<environment.Job instance at 0x147d3e1b88c0>,3,3,[6 2],6,7,10,1,6
1,<environment.Job instance at 0x147d3ac84e10>,5,3,[6 1],9,21,24,12,21
1,<environment.Job instance at 0x147d4e059b90>,0,2,[8 1],1,1,3,0,1
1,<environment.Job instance at 0x147d4e0594b0>,2,2,[2 8],4,4,6,0,4
1,<environment.Job instance at 0x147d3aa6a870>,3,1,[2 7],5,6,7,1,5
1,<environment.Job instance at 0x147d46404eb0>,4,2,[2 7],6,7,9,1,6
1,<environment.Job instance at 0x147d3b7f4550>,5,2,[2 7],7,9,11,2,7
1,<environment.Job instance at 0x147d41af1d20>,0,3,[9 2],1,1,4,0,1
1,<environment.Job instance at 0x147d41af1a00>,2,1,[2 7],3,4,5,1,3
