iteration,job object,job ID,job Length,job ressource requirement,job enter time,job start time,job finish time,job waiting time,current time
1,<environment.Job instance at 0x147d4ff53960>,1,3,[1 9],2,14,17,12,2
1,<environment.Job instance at 0x147d4ff535f0>,3,1,[6 2],4,4,5,0,4
1,<environment.Job instance at 0x147d4ec12370>,7,1,[2 6],8,17,18,9,8
1,<environment.Job instance at 0x147d4ff539b0>,5,3,[9 2],6,18,21,12,9
1,<environment.Job instance at 0x147d4ecd27d0>,0,2,[6 1],1,1,3,0,1
1,<environment.Job instance at 0x147d4d6a5af0>,6,16,[10  2],9,9,25,0,9
1,<environment.Job instance at 0x147d482990a0>,0,12,[2 5],1,1,13,0,1
1,<environment.Job instance at 0x147d48395730>,1,3,[1 9],2,13,16,11,2
1,<environment.Job instance at 0x147d4b732aa0>,5,3,[9 2],6,16,19,10,7
1,<environment.Job instance at 0x147d4b732f50>,6,18,[8 1],7,19,37,12,15
1,<environment.Job instance at 0x147d4bd46c30>,0,2,[6 1],1,1,3,0,1
1,<environment.Job instance at 0x147d4bd46f50>,1,13,[2 8],2,2,15,0,2
1,<environment.Job instance at 0x147d4a665e60>,0,1,[2 5],1,1,2,0,1
1,<environment.Job instance at 0x147d4bd46aa0>,1,17,[6 1],3,3,20,0,3
1,<environment.Job instance at 0x147d4a689be0>,1,12,[ 1 10],2,5,17,3,5
1,<environment.Job instance at 0x147d50bc3aa0>,5,2,[2 7],7,17,19,10,12
1,<environment.Job instance at 0x147d4bc5d780>,0,12,[2 5],1,1,13,0,1
1,<environment.Job instance at 0x147d49f59be0>,1,3,[1 9],2,13,16,11,5
1,<environment.Job instance at 0x147d4ba22730>,0,2,[6 1],1,1,3,0,1
1,<environment.Job instance at 0x147d4c31ea00>,0,1,[2 5],1,1,2,0,1
1,<environment.Job instance at 0x147d4c3874b0>,1,17,[6 1],3,3,20,0,3
1,<environment.Job instance at 0x147d4c9a6fa0>,2,1,[2 7],3,4,5,1,4
1,<environment.Job instance at 0x147d4ff90fa0>,0,12,[2 5],1,1,13,0,1
1,<environment.Job instance at 0x147d4ee49730>,6,18,[8 1],7,7,25,0,7
1,<environment.Job instance at 0x147d4ee495f0>,5,3,[9 2],6,25,28,19,12
1,<environment.Job instance at 0x147d49a5fd20>,5,3,[6 1],9,10,13,1,10
1,<environment.Job instance at 0x147d49a63280>,6,16,[10  2],9,9,25,0,9
1,<environment.Job instance at 0x147d4e1e3910>,0,3,[9 2],1,1,4,0,1
1,<environment.Job instance at 0x147d492080a0>,0,12,[2 5],1,1,13,0,1
1,<environment.Job instance at 0x147d4a065320>,6,18,[8 1],7,7,25,0,7
1,<environment.Job instance at 0x147d4a0b4460>,5,3,[9 2],6,27,30,21,27
1,<environment.Job instance at 0x147d4cf450f0>,4,2,[8 1],7,11,13,4,11
1,<environment.Job instance at 0x147d4c5d9a00>,1,17,[6 1],3,3,20,0,3
1,<environment.Job instance at 0x147d4f5acdc0>,2,2,[10  1],5,20,22,15,5
1,<environment.Job instance at 0x147d4c7835a0>,1,12,[ 1 10],2,2,14,0,2
1,<environment.Job instance at 0x147d4c00c2d0>,2,2,[2 8],4,14,16,10,4
1,<environment.Job instance at 0x147d4df82280>,6,16,[10  2],9,16,32,7,9
1,<environment.Job instance at 0x147d4baa37d0>,0,3,[9 2],1,1,4,0,1
1,<environment.Job instance at 0x147d4baa3c80>,1,3,[2 9],2,6,9,4,6
1,<environment.Job instance at 0x147d4ff3c230>,0,12,[2 5],1,1,13,0,1
1,<environment.Job instance at 0x147d4e92efa0>,4,2,[7 2],5,5,7,0,5
1,<environment.Job instance at 0x147d4e92e640>,6,18,[8 1],7,7,25,0,7
1,<environment.Job instance at 0x147d4c169a50>,5,2,[ 1 10],8,17,19,9,17
1,<environment.Job instance at 0x147d4b678eb0>,3,3,[6 2],6,6,9,0,6
1,<environment.Job instance at 0x147d4b8e4550>,6,16,[10  2],9,9,25,0,9
1,<environment.Job instance at 0x147d4ff90f00>,0,12,[2 5],1,1,13,0,1
1,<environment.Job instance at 0x147d47b832d0>,6,18,[8 1],7,7,25,0,7
1,<environment.Job instance at 0x147d47b83aa0>,8,13,[6 1],9,25,38,16,10
1,<environment.Job instance at 0x147d47b83460>,1,13,[2 8],2,2,15,0,2
1,<environment.Job instance at 0x147d49517f50>,6,16,[10  2],9,9,25,0,9
1,<environment.Job instance at 0x147d46ec0280>,0,3,[9 2],1,1,4,0,1
1,<environment.Job instance at 0x147d496b4190>,0,12,[2 5],1,1,13,0,1
1,<environment.Job instance at 0x147d4a202500>,4,2,[7 2],5,5,7,0,5
1,<environment.Job instance at 0x147d4a202320>,6,18,[8 1],7,7,25,0,7
1,<environment.Job instance at 0x147d487e20f0>,8,13,[6 1],9,25,38,16,9
1,<environment.Job instance at 0x147d4dfd5870>,0,2,[6 1],1,1,3,0,1
1,<environment.Job instance at 0x147d496b49b0>,1,13,[2 8],2,2,15,0,2
1,<environment.Job instance at 0x147d492b6cd0>,0,1,[2 5],1,3,4,2,3
1,<environment.Job instance at 0x147d492b6320>,1,17,[6 1],3,3,20,0,3
1,<environment.Job instance at 0x147d481b19b0>,1,12,[ 1 10],2,2,14,0,2
1,<environment.Job instance at 0x147d48392dc0>,6,16,[10  2],9,14,30,5,9
1,<environment.Job instance at 0x147d4fe89280>,0,3,[9 2],1,1,4,0,1
1,<environment.Job instance at 0x147d497a46e0>,1,3,[2 9],2,4,7,2,2
1,<environment.Job instance at 0x147d4b9b8410>,2,1,[2 7],3,7,8,4,3
1,<environment.Job instance at 0x147d4f5131e0>,0,12,[2 5],1,1,13,0,1
1,<environment.Job instance at 0x147d4e5ab780>,6,18,[8 1],7,7,25,0,7
1,<environment.Job instance at 0x147d4c2e67d0>,8,13,[6 1],9,25,38,16,10
1,<environment.Job instance at 0x147d48cb7af0>,0,2,[6 1],1,1,3,0,1
1,<environment.Job instance at 0x147d47001280>,1,13,[2 8],2,2,15,0,2
1,<environment.Job instance at 0x147d480dde60>,1,17,[6 1],3,3,20,0,3
1,<environment.Job instance at 0x147d4d46e3c0>,1,12,[ 1 10],2,2,14,0,2
1,<environment.Job instance at 0x147d4d7683c0>,2,2,[2 8],4,14,16,10,4
1,<environment.Job instance at 0x147d479a5a00>,6,16,[10  2],9,16,32,7,9
1,<environment.Job instance at 0x147d473e75a0>,5,3,[10  2],8,8,11,0,8
1,<environment.Job instance at 0x147d49460f00>,0,12,[2 5],1,1,13,0,1
1,<environment.Job instance at 0x147d4d4c5e60>,6,18,[8 1],7,7,25,0,7
1,<environment.Job instance at 0x147d4c881a00>,8,13,[6 1],9,25,38,16,9
1,<environment.Job instance at 0x147d47085460>,3,3,[1 8],4,4,7,0,4
1,<environment.Job instance at 0x147d4e5d4dc0>,1,17,[6 1],3,3,20,0,3
1,<environment.Job instance at 0x147d4e5d4a50>,1,12,[ 1 10],2,2,14,0,2
1,<environment.Job instance at 0x147d4abc7690>,6,16,[10  2],9,14,30,5,9
1,<environment.Job instance at 0x147d47a17f00>,0,3,[9 2],1,1,4,0,1
1,<environment.Job instance at 0x147d4ecfa320>,1,3,[2 9],2,4,7,2,2
1,<environment.Job instance at 0x147d4bcadcd0>,0,12,[2 5],1,1,13,0,1
1,<environment.Job instance at 0x147d4cf7f1e0>,6,18,[8 1],7,7,25,0,7
1,<environment.Job instance at 0x147d4cf7fb40>,8,13,[6 1],9,25,38,16,9
1,<environment.Job instance at 0x147d4a970870>,3,3,[1 8],4,4,7,0,4
1,<environment.Job instance at 0x147d4a970550>,4,2,[8 1],7,7,9,0,7
1,<environment.Job instance at 0x147d4a9705f0>,5,2,[ 1 10],8,9,11,1,8
1,<environment.Job instance at 0x147d4f023d20>,0,1,[2 5],1,1,2,0,1
1,<environment.Job instance at 0x147d481e1eb0>,1,17,[6 1],3,3,20,0,3
1,<environment.Job instance at 0x147d4659fe60>,1,12,[ 1 10],2,2,14,0,2
1,<environment.Job instance at 0x147d4a1bed20>,6,16,[10  2],9,14,30,5,9
1,<environment.Job instance at 0x147d482e0460>,0,3,[9 2],1,1,4,0,1
1,<environment.Job instance at 0x147d50646870>,1,3,[2 9],2,4,7,2,2
1,<environment.Job instance at 0x147d518c6cd0>,2,1,[2 7],3,8,9,5,8
1,<environment.Job instance at 0x147d4dace5f0>,0,12,[2 5],1,1,13,0,1
1,<environment.Job instance at 0x147d4d1e7f50>,6,18,[8 1],7,7,25,0,7
1,<environment.Job instance at 0x147d4bf83460>,8,13,[6 1],9,25,38,16,9
1,<environment.Job instance at 0x147d49ce7be0>,0,2,[6 1],1,2,4,1,2
1,<environment.Job instance at 0x147d48192eb0>,2,3,[1 8],3,3,6,0,3
1,<environment.Job instance at 0x147d47262af0>,3,3,[1 8],4,6,9,2,4
1,<environment.Job instance at 0x147d4c926960>,4,2,[8 1],7,9,11,2,9
1,<environment.Job instance at 0x147d496c6230>,1,12,[ 1 10],2,2,14,0,2
1,<environment.Job instance at 0x147d47cfe8c0>,6,16,[10  2],9,14,30,5,9
1,<environment.Job instance at 0x147d477c90a0>,0,12,[2 5],1,1,13,0,1
1,<environment.Job instance at 0x147d47cdc780>,6,18,[8 1],7,7,25,0,7
1,<environment.Job instance at 0x147d47cdcd70>,8,13,[6 1],9,25,38,16,9
1,<environment.Job instance at 0x147d475fadc0>,1,13,[2 8],2,2,15,0,2
1,<environment.Job instance at 0x147d4d9ef640>,0,1,[2 5],1,3,4,2,3
1,<environment.Job instance at 0x147d4630db40>,1,12,[ 1 10],2,2,14,0,2
1,<environment.Job instance at 0x147d48f67af0>,6,16,[10  2],9,14,30,5,9
1,<environment.Job instance at 0x147d4adf6550>,1,3,[2 9],2,2,5,0,2
1,<environment.Job instance at 0x147d46d18500>,5,3,[10  2],8,11,14,3,11
1,<environment.Job instance at 0x147d461151e0>,0,12,[2 5],1,1,13,0,1
1,<environment.Job instance at 0x147d461d84b0>,6,18,[8 1],7,7,25,0,7
1,<environment.Job instance at 0x147d461d8b90>,8,13,[6 1],9,25,38,16,9
1,<environment.Job instance at 0x147d461d8a50>,1,13,[2 8],2,2,15,0,2
1,<environment.Job instance at 0x147d4a210c80>,0,1,[2 5],1,3,4,2,3
1,<environment.Job instance at 0x147d4ab6c410>,1,12,[ 1 10],2,2,14,0,2
1,<environment.Job instance at 0x147d4d4cc0f0>,6,16,[10  2],9,14,30,5,9
1,<environment.Job instance at 0x147d4d4cc1e0>,1,3,[2 9],2,2,5,0,2
1,<environment.Job instance at 0x147d4cd68690>,0,12,[2 5],1,1,13,0,1
1,<environment.Job instance at 0x147d4a3d44b0>,6,18,[8 1],7,7,25,0,7
1,<environment.Job instance at 0x147d48749dc0>,8,13,[6 1],9,25,38,16,9
1,<environment.Job instance at 0x147d4f411410>,3,3,[1 8],4,4,7,0,4
1,<environment.Job instance at 0x147d4f411140>,4,2,[8 1],7,7,9,0,7
1,<environment.Job instance at 0x147d4f4117d0>,5,2,[ 1 10],8,9,11,1,8
1,<environment.Job instance at 0x147d4f4119b0>,0,1,[2 5],1,1,2,0,1
1,<environment.Job instance at 0x147d4f411870>,1,17,[6 1],3,3,20,0,3
1,<environment.Job instance at 0x147d46c09af0>,1,12,[ 1 10],2,2,14,0,2
1,<environment.Job instance at 0x147d4c6fba00>,6,16,[10  2],9,14,30,5,9
1,<environment.Job instance at 0x147d46c09d70>,2,1,[2 7],3,4,5,1,4
1,<environment.Job instance at 0x147d48f59190>,0,12,[2 5],1,1,13,0,1
1,<environment.Job instance at 0x147d46737b40>,6,18,[8 1],7,7,25,0,7
1,<environment.Job instance at 0x147d46737870>,8,13,[6 1],9,25,38,16,9
1,<environment.Job instance at 0x147d4a458be0>,1,13,[2 8],2,2,15,0,2
1,<environment.Job instance at 0x147d4ac6fa50>,0,1,[2 5],1,1,2,0,1
1,<environment.Job instance at 0x147d47b06820>,1,17,[6 1],3,3,20,0,3
1,<environment.Job instance at 0x147d46716d70>,1,12,[ 1 10],2,2,14,0,2
1,<environment.Job instance at 0x147d42d55320>,6,16,[10  2],9,14,30,5,9
1,<environment.Job instance at 0x147d46ba25a0>,0,12,[2 5],1,1,13,0,1
1,<environment.Job instance at 0x147d5041f550>,6,18,[8 1],7,7,25,0,7
1,<environment.Job instance at 0x147d489b62d0>,8,13,[6 1],9,25,38,16,9
1,<environment.Job instance at 0x147d494eaaa0>,1,13,[2 8],2,2,15,0,2
1,<environment.Job instance at 0x147d4bbbabe0>,1,12,[ 1 10],2,2,14,0,2
1,<environment.Job instance at 0x147d4a984c80>,6,16,[10  2],9,14,30,5,9
1,<environment.Job instance at 0x147d4e8a4190>,0,12,[2 5],1,1,13,0,1
1,<environment.Job instance at 0x147d4658ad70>,6,18,[8 1],7,7,25,0,7
1,<environment.Job instance at 0x147d4ae84a50>,8,13,[6 1],9,25,38,16,9
1,<environment.Job instance at 0x147d4a0abe60>,1,13,[2 8],2,2,15,0,2
1,<environment.Job instance at 0x147d4d28cc80>,2,2,[10  1],5,5,7,0,5
1,<environment.Job instance at 0x147d4c2a7690>,1,12,[ 1 10],2,2,14,0,2
1,<environment.Job instance at 0x147d4da2c730>,6,16,[10  2],9,14,30,5,9
1,<environment.Job instance at 0x147d4e5491e0>,0,12,[2 5],1,1,13,0,1
1,<environment.Job instance at 0x147d46b36d20>,6,18,[8 1],7,7,25,0,7
1,<environment.Job instance at 0x147d46b36910>,8,13,[6 1],9,25,38,16,12
1,<environment.Job instance at 0x147d4b385aa0>,1,13,[2 8],2,2,15,0,2
1,<environment.Job instance at 0x147d4d03f1e0>,0,1,[2 5],1,3,4,2,3
1,<environment.Job instance at 0x147d4e0f7c80>,2,2,[10  1],5,5,7,0,5
1,<environment.Job instance at 0x147d468306e0>,1,12,[ 1 10],2,2,14,0,2
1,<environment.Job instance at 0x147d4809e0a0>,6,16,[10  2],9,14,30,5,9
1,<environment.Job instance at 0x147d47b4eaf0>,1,3,[2 9],2,3,6,1,3
1,<environment.Job instance at 0x147d4f72f0f0>,0,12,[2 5],1,1,13,0,1
1,<environment.Job instance at 0x147d46dd5be0>,6,18,[8 1],7,7,25,0,7
1,<environment.Job instance at 0x147d4b1ba910>,8,13,[6 1],9,25,38,16,16
1,<environment.Job instance at 0x147d4b1ba6e0>,1,13,[2 8],2,2,15,0,2
1,<environment.Job instance at 0x147d4f2fd410>,0,1,[2 5],1,3,4,2,3
1,<environment.Job instance at 0x147d48d343c0>,2,2,[10  1],5,5,7,0,5
1,<environment.Job instance at 0x147d4762da50>,3,3,[6 2],6,7,10,1,6
1,<environment.Job instance at 0x147d4e0a3690>,1,12,[ 1 10],2,2,14,0,2
1,<environment.Job instance at 0x147d4f5d8870>,6,16,[10  2],9,14,30,5,9
1,<environment.Job instance at 0x147d4a50a370>,2,1,[2 7],3,4,5,1,4
1,<environment.Job instance at 0x147d48f5b280>,4,2,[1 8],5,6,8,1,6
1,<environment.Job instance at 0x147d4ce33820>,0,12,[2 5],1,1,13,0,1
1,<environment.Job instance at 0x147d4e3d1eb0>,6,18,[8 1],7,7,25,0,7
1,<environment.Job instance at 0x147d4c169410>,8,13,[6 1],9,25,38,16,16
1,<environment.Job instance at 0x147d4e313b40>,1,13,[2 8],2,2,15,0,2
1,<environment.Job instance at 0x147d456f5370>,0,1,[2 5],1,3,4,2,3
1,<environment.Job instance at 0x147d4d5c39b0>,2,2,[10  1],5,5,7,0,5
1,<environment.Job instance at 0x147d456f5910>,3,3,[6 2],6,7,10,1,6
1,<environment.Job instance at 0x147d42da4320>,1,12,[ 1 10],2,2,14,0,2
1,<environment.Job instance at 0x147d4dcd06e0>,6,16,[10  2],9,14,30,5,9
1,<environment.Job instance at 0x147d46af6fa0>,4,2,[1 8],5,7,9,2,7
1,<environment.Job instance at 0x147d47a025f0>,0,12,[2 5],1,1,13,0,1
1,<environment.Job instance at 0x147d4b8b9730>,6,18,[8 1],7,7,25,0,7
1,<environment.Job instance at 0x147d4f36c140>,8,13,[6 1],9,33,46,24,33
1,<environment.Job instance at 0x147d4a932460>,1,13,[2 8],2,2,15,0,2
1,<environment.Job instance at 0x147d4958bb40>,1,17,[6 1],3,3,20,0,3
1,<environment.Job instance at 0x147d45a89eb0>,1,12,[ 1 10],2,2,14,0,2
1,<environment.Job instance at 0x147d44af89b0>,6,16,[10  2],9,14,30,5,9
1,<environment.Job instance at 0x147d44af8730>,1,3,[2 9],2,2,5,0,2
1,<environment.Job instance at 0x147d47b97e10>,0,12,[2 5],1,1,13,0,1
1,<environment.Job instance at 0x147d4fb9cc80>,6,18,[8 1],7,7,25,0,7
1,<environment.Job instance at 0x147d46e4f370>,8,13,[6 1],9,25,38,16,16
1,<environment.Job instance at 0x147d4536bfa0>,1,13,[2 8],2,2,15,0,2
1,<environment.Job instance at 0x147d4bec7c80>,0,1,[2 5],1,3,4,2,3
1,<environment.Job instance at 0x147d4e24f9b0>,1,12,[ 1 10],2,2,14,0,2
1,<environment.Job instance at 0x147d479ac820>,6,16,[10  2],9,14,30,5,9
1,<environment.Job instance at 0x147d4988ec30>,2,1,[2 7],3,4,5,1,4
1,<environment.Job instance at 0x147d4a5fd0a0>,4,2,[1 8],5,5,7,0,5
1,<environment.Job instance at 0x147d4a5fd870>,5,3,[10  2],8,8,11,0,8
1,<environment.Job instance at 0x147d46146c30>,0,12,[2 5],1,1,13,0,1
1,<environment.Job instance at 0x147d479fc190>,6,18,[8 1],7,7,25,0,7
1,<environment.Job instance at 0x147d4af27690>,8,13,[6 1],9,25,38,16,24
1,<environment.Job instance at 0x147d44b31690>,1,13,[2 8],2,2,15,0,2
1,<environment.Job instance at 0x147d45de5190>,0,1,[2 5],1,3,4,2,3
1,<environment.Job instance at 0x147d44b429b0>,1,12,[ 1 10],2,2,14,0,2
1,<environment.Job instance at 0x147d48c65be0>,6,16,[10  2],9,14,30,5,9
1,<environment.Job instance at 0x147d44bdc280>,2,1,[2 7],3,4,5,1,4
1,<environment.Job instance at 0x147d447f20a0>,4,2,[1 8],5,5,7,0,5
1,<environment.Job instance at 0x147d447f25a0>,5,3,[10  2],8,8,11,0,8
1,<environment.Job instance at 0x147d48a842d0>,0,12,[2 5],1,1,13,0,1
1,<environment.Job instance at 0x147d44f155a0>,6,18,[8 1],7,7,25,0,7
1,<environment.Job instance at 0x147d4afdc820>,8,13,[6 1],9,25,38,16,16
1,<environment.Job instance at 0x147d4cb56a00>,1,13,[2 8],2,2,15,0,2
1,<environment.Job instance at 0x147d4ba5b780>,0,1,[2 5],1,3,4,2,3
1,<environment.Job instance at 0x147d4626e050>,1,12,[ 1 10],2,2,14,0,2
1,<environment.Job instance at 0x147d45d32aa0>,6,16,[10  2],9,14,30,5,9
1,<environment.Job instance at 0x147d4d71dc80>,2,1,[2 7],3,4,5,1,4
1,<environment.Job instance at 0x147d4d71d910>,4,2,[1 8],5,6,8,1,6
1,<environment.Job instance at 0x147d4d71df50>,5,3,[10  2],8,8,11,0,8
1,<environment.Job instance at 0x147d45be86e0>,0,12,[2 5],1,1,13,0,1
1,<environment.Job instance at 0x147d462cf370>,6,18,[8 1],7,7,25,0,7
1,<environment.Job instance at 0x147d46060a50>,8,13,[6 1],9,28,41,19,28
1,<environment.Job instance at 0x147d46060410>,1,13,[2 8],2,2,15,0,2
1,<environment.Job instance at 0x147d4eecff00>,1,17,[6 1],3,3,20,0,3
1,<environment.Job instance at 0x147d4922b730>,1,12,[ 1 10],2,2,14,0,2
1,<environment.Job instance at 0x147d45f93e10>,6,16,[10  2],9,14,30,5,9
1,<environment.Job instance at 0x147d46971b90>,0,12,[2 5],1,1,13,0,1
1,<environment.Job instance at 0x147d4d4ea190>,6,18,[8 1],7,7,25,0,7
1,<environment.Job instance at 0x147d4802f190>,8,13,[6 1],9,25,38,16,16
1,<environment.Job instance at 0x147d4d85c0f0>,1,13,[2 8],2,2,15,0,2
1,<environment.Job instance at 0x147d466b45a0>,1,17,[6 1],3,3,20,0,3
1,<environment.Job instance at 0x147d4cdc35a0>,1,12,[ 1 10],2,2,14,0,2
1,<environment.Job instance at 0x147d4a34b820>,6,16,[10  2],9,14,30,5,9
1,<environment.Job instance at 0x147d52964370>,1,3,[2 9],2,2,5,0,2
1,<environment.Job instance at 0x147d463e1fa0>,0,12,[2 5],1,1,13,0,1
1,<environment.Job instance at 0x147d45abd9b0>,6,18,[8 1],7,7,25,0,7
1,<environment.Job instance at 0x147d4b446fa0>,8,13,[6 1],9,25,38,16,16
1,<environment.Job instance at 0x147d4be883c0>,1,13,[2 8],2,2,15,0,2
1,<environment.Job instance at 0x147d4941a4b0>,1,17,[6 1],3,3,20,0,3
1,<environment.Job instance at 0x147d4656c730>,1,12,[ 1 10],2,2,14,0,2
1,<environment.Job instance at 0x147d43f482d0>,6,16,[10  2],9,14,30,5,9
1,<environment.Job instance at 0x147d444cc5a0>,1,3,[2 9],2,2,5,0,2
1,<environment.Job instance at 0x147d4412fb90>,0,12,[2 5],1,1,13,0,1
1,<environment.Job instance at 0x147d4aded2d0>,6,18,[8 1],7,7,25,0,7
1,<environment.Job instance at 0x147d45fb3fa0>,8,13,[6 1],9,25,38,16,11
1,<environment.Job instance at 0x147d45829c80>,1,13,[2 8],2,2,15,0,2
1,<environment.Job instance at 0x147d4cf8f2d0>,1,17,[6 1],3,3,20,0,3
1,<environment.Job instance at 0x147d45fd4230>,1,12,[ 1 10],2,2,14,0,2
1,<environment.Job instance at 0x147d487ce730>,6,16,[10  2],9,14,30,5,9
1,<environment.Job instance at 0x147d465dee10>,1,3,[2 9],2,2,5,0,2
1,<environment.Job instance at 0x147d4de3b870>,0,12,[2 5],1,1,13,0,1
1,<environment.Job instance at 0x147d46067500>,6,18,[8 1],7,7,25,0,7
1,<environment.Job instance at 0x147d4a2199b0>,8,13,[6 1],9,25,38,16,24
1,<environment.Job instance at 0x147d460677d0>,1,13,[2 8],2,2,15,0,2
1,<environment.Job instance at 0x147d46619780>,1,17,[6 1],3,3,20,0,3
1,<environment.Job instance at 0x147d4ea76aa0>,1,12,[ 1 10],2,2,14,0,2
1,<environment.Job instance at 0x147d44ff0be0>,6,16,[10  2],9,14,30,5,9
1,<environment.Job instance at 0x147d4bad4280>,1,3,[2 9],2,2,5,0,2
1,<environment.Job instance at 0x147d4412f0a0>,0,12,[2 5],1,1,13,0,1
1,<environment.Job instance at 0x147d45641e10>,6,18,[8 1],7,7,25,0,7
1,<environment.Job instance at 0x147d45641af0>,8,13,[6 1],9,25,38,16,9
1,<environment.Job instance at 0x147d4562d0f0>,1,13,[2 8],2,2,15,0,2
1,<environment.Job instance at 0x147d4a5d9f50>,1,17,[6 1],3,3,20,0,3
1,<environment.Job instance at 0x147d4d2d21e0>,1,12,[ 1 10],2,2,14,0,2
1,<environment.Job instance at 0x147d4b674460>,6,16,[10  2],9,14,30,5,9
1,<environment.Job instance at 0x147d444526e0>,0,12,[2 5],1,1,13,0,1
1,<environment.Job instance at 0x147d4e8a4050>,6,18,[8 1],7,7,25,0,7
1,<environment.Job instance at 0x147d4f41a0a0>,8,13,[6 1],9,25,38,16,11
1,<environment.Job instance at 0x147d42e24eb0>,1,13,[2 8],2,2,15,0,2
1,<environment.Job instance at 0x147d44c8fe60>,1,17,[6 1],3,3,20,0,3
1,<environment.Job instance at 0x147d42dd7870>,1,12,[ 1 10],2,2,14,0,2
1,<environment.Job instance at 0x147d4f808320>,6,16,[10  2],9,14,30,5,9
1,<environment.Job instance at 0x147d455aab40>,5,3,[10  2],8,1714,1717,1706,1714
1,<environment.Job instance at 0x147d46ca5a50>,0,12,[2 5],1,1,13,0,1
1,<environment.Job instance at 0x147d45dadcd0>,6,18,[8 1],7,7,25,0,7
1,<environment.Job instance at 0x147d45dada00>,8,13,[6 1],9,25,38,16,24
1,<environment.Job instance at 0x147d45dad5f0>,1,13,[2 8],2,2,15,0,2
1,<environment.Job instance at 0x147d48befdc0>,1,17,[6 1],3,3,20,0,3
1,<environment.Job instance at 0x147d4e034640>,1,12,[ 1 10],2,2,14,0,2
1,<environment.Job instance at 0x147d48cf9370>,6,16,[10  2],9,14,30,5,9
1,<environment.Job instance at 0x147d4530d0f0>,1,3,[2 9],2,2,5,0,2
1,<environment.Job instance at 0x147d48b59690>,0,12,[2 5],1,1,13,0,1
1,<environment.Job instance at 0x147d4a93b780>,6,18,[8 1],7,7,25,0,7
1,<environment.Job instance at 0x147d46aa7640>,8,13,[6 1],9,25,38,16,16
1,<environment.Job instance at 0x147d453f1140>,1,13,[2 8],2,2,15,0,2
1,<environment.Job instance at 0x147d4a38f460>,1,17,[6 1],3,3,20,0,3
1,<environment.Job instance at 0x147d487c3c80>,1,12,[ 1 10],2,2,14,0,2
1,<environment.Job instance at 0x147d443bd500>,6,16,[10  2],9,14,30,5,9
1,<environment.Job instance at 0x147d45e97f50>,1,3,[2 9],2,2,5,0,2
1,<environment.Job instance at 0x147d4d731780>,0,12,[2 5],1,1,13,0,1
1,<environment.Job instance at 0x147d4d218aa0>,6,18,[8 1],7,7,25,0,7
1,<environment.Job instance at 0x147d42dda410>,8,13,[6 1],9,25,38,16,16
1,<environment.Job instance at 0x147d459777d0>,1,13,[2 8],2,2,15,0,2
1,<environment.Job instance at 0x147d4de48b40>,1,17,[6 1],3,3,20,0,3
1,<environment.Job instance at 0x147d43f4a3c0>,1,12,[ 1 10],2,2,14,0,2
1,<environment.Job instance at 0x147d4b164dc0>,6,16,[10  2],9,14,30,5,9
1,<environment.Job instance at 0x147d4f5ffc30>,1,3,[2 9],2,2,5,0,2
1,<environment.Job instance at 0x147d42f72780>,0,12,[2 5],1,1,13,0,1
1,<environment.Job instance at 0x147d42e24cd0>,6,18,[8 1],7,7,25,0,7
1,<environment.Job instance at 0x147d42e248c0>,8,13,[6 1],9,25,38,16,9
1,<environment.Job instance at 0x147d44bf0960>,1,13,[2 8],2,2,15,0,2
1,<environment.Job instance at 0x147d4dfa9190>,1,17,[6 1],3,3,20,0,3
1,<environment.Job instance at 0x147d4304b640>,1,12,[ 1 10],2,2,14,0,2
1,<environment.Job instance at 0x147d4297a3c0>,6,16,[10  2],9,14,30,5,9
1,<environment.Job instance at 0x147d42976410>,1,3,[2 9],2,2,5,0,2
1,<environment.Job instance at 0x147d4478f410>,0,12,[2 5],1,1,13,0,1
1,<environment.Job instance at 0x147d4d5c4960>,6,18,[8 1],7,7,25,0,7
1,<environment.Job instance at 0x147d4e53fa50>,8,13,[6 1],9,25,38,16,9
1,<environment.Job instance at 0x147d4478f9b0>,1,13,[2 8],2,2,15,0,2
1,<environment.Job instance at 0x147d48fdda00>,1,17,[6 1],3,3,20,0,3
1,<environment.Job instance at 0x147d4ff080a0>,1,12,[ 1 10],2,2,14,0,2
1,<environment.Job instance at 0x147d4fae0910>,6,16,[10  2],9,14,30,5,9
1,<environment.Job instance at 0x147d4cf23be0>,1,3,[2 9],2,2,5,0,2
1,<environment.Job instance at 0x147d454f4370>,0,12,[2 5],1,1,13,0,1
1,<environment.Job instance at 0x147d43113280>,6,18,[8 1],7,7,25,0,7
1,<environment.Job instance at 0x147d43113640>,8,13,[6 1],9,25,38,16,9
1,<environment.Job instance at 0x147d48c2f230>,1,13,[2 8],2,2,15,0,2
1,<environment.Job instance at 0x147d4bc8f1e0>,1,17,[6 1],3,3,20,0,3
1,<environment.Job instance at 0x147d49227190>,1,12,[ 1 10],2,2,14,0,2
1,<environment.Job instance at 0x147d44c87b40>,6,16,[10  2],9,14,30,5,9
1,<environment.Job instance at 0x147d4bc8faa0>,1,3,[2 9],2,2,5,0,2
1,<environment.Job instance at 0x147d438dfc80>,0,12,[2 5],1,1,13,0,1
1,<environment.Job instance at 0x147d4db5ea50>,6,18,[8 1],7,7,25,0,7
1,<environment.Job instance at 0x147d492783c0>,8,13,[6 1],9,25,38,16,9
1,<environment.Job instance at 0x147d4e5d4c80>,1,13,[2 8],2,2,15,0,2
1,<environment.Job instance at 0x147d4ecda280>,1,17,[6 1],3,3,20,0,3
1,<environment.Job instance at 0x147d4eded730>,1,12,[ 1 10],2,2,14,0,2
1,<environment.Job instance at 0x147d4eded6e0>,6,16,[10  2],9,14,30,5,9
1,<environment.Job instance at 0x147d44ac8f00>,1,3,[2 9],2,2,5,0,2
1,<environment.Job instance at 0x147d43b8cb40>,0,12,[2 5],1,1,13,0,1
1,<environment.Job instance at 0x147d47b71230>,6,18,[8 1],7,7,25,0,7
1,<environment.Job instance at 0x147d47b71e60>,8,13,[6 1],9,25,38,16,16
1,<environment.Job instance at 0x147d43b8cd20>,1,13,[2 8],2,2,15,0,2
1,<environment.Job instance at 0x147d4d677960>,1,17,[6 1],3,3,20,0,3
1,<environment.Job instance at 0x147d44906280>,1,12,[ 1 10],2,2,14,0,2
1,<environment.Job instance at 0x147d4403f140>,6,16,[10  2],9,14,30,5,9
1,<environment.Job instance at 0x147d44023be0>,1,3,[2 9],2,2,5,0,2
1,<environment.Job instance at 0x147d42e29f50>,0,12,[2 5],1,1,13,0,1
1,<environment.Job instance at 0x147d43a37b90>,6,18,[8 1],7,7,25,0,7
1,<environment.Job instance at 0x147d43a37fa0>,8,13,[6 1],9,25,38,16,16
1,<environment.Job instance at 0x147d44c58230>,1,13,[2 8],2,2,15,0,2
1,<environment.Job instance at 0x147d4309c910>,1,17,[6 1],3,3,20,0,3
1,<environment.Job instance at 0x147d44277a00>,1,12,[ 1 10],2,2,14,0,2
1,<environment.Job instance at 0x147d46ed0820>,6,16,[10  2],9,14,30,5,9
1,<environment.Job instance at 0x147d4a23c0a0>,1,3,[2 9],2,2,5,0,2
1,<environment.Job instance at 0x147d4c0dbe10>,0,12,[2 5],1,1,13,0,1
1,<environment.Job instance at 0x147d43b405a0>,6,18,[8 1],7,7,25,0,7
1,<environment.Job instance at 0x147d469b9640>,8,13,[6 1],9,25,38,16,16
1,<environment.Job instance at 0x147d43b40c30>,1,13,[2 8],2,2,15,0,2
1,<environment.Job instance at 0x147d470b7b90>,1,17,[6 1],3,3,20,0,3
1,<environment.Job instance at 0x147d429ff410>,1,12,[ 1 10],2,2,14,0,2
1,<environment.Job instance at 0x147d4c998370>,6,16,[10  2],9,14,30,5,9
1,<environment.Job instance at 0x147d45c99b90>,2,1,[2 7],3,3,4,0,3
1,<environment.Job instance at 0x147d464afc30>,0,12,[2 5],1,1,13,0,1
1,<environment.Job instance at 0x147d506cb4b0>,6,18,[8 1],7,7,25,0,7
1,<environment.Job instance at 0x147d42a83d70>,8,13,[6 1],9,25,38,16,9
1,<environment.Job instance at 0x147d43b66dc0>,1,13,[2 8],2,2,15,0,2
1,<environment.Job instance at 0x147d4566ccd0>,1,17,[6 1],3,3,20,0,3
1,<environment.Job instance at 0x147d43b66050>,1,12,[ 1 10],2,2,14,0,2
1,<environment.Job instance at 0x147d4583aaa0>,6,16,[10  2],9,14,30,5,9
1,<environment.Job instance at 0x147d42e4d320>,2,1,[2 7],3,23,24,20,23
1,<environment.Job instance at 0x147d51759140>,0,12,[2 5],1,1,13,0,1
1,<environment.Job instance at 0x147d47797b90>,6,18,[8 1],7,7,25,0,7
1,<environment.Job instance at 0x147d42f75c30>,8,13,[6 1],9,25,38,16,9
1,<environment.Job instance at 0x147d50780050>,1,13,[2 8],2,2,15,0,2
1,<environment.Job instance at 0x147d473756e0>,1,17,[6 1],3,3,20,0,3
1,<environment.Job instance at 0x147d4364fb40>,1,12,[ 1 10],2,2,14,0,2
1,<environment.Job instance at 0x147d4364fbe0>,6,16,[10  2],9,14,30,5,9
1,<environment.Job instance at 0x147d4b6df5a0>,2,1,[2 7],3,5,6,2,5
1,<environment.Job instance at 0x147d4ce2a050>,5,3,[10  2],8,8,11,0,8
1,<environment.Job instance at 0x147d4fb76e60>,0,12,[2 5],1,1,13,0,1
1,<environment.Job instance at 0x147d42887f00>,6,18,[8 1],7,7,25,0,7
1,<environment.Job instance at 0x147d3fa04280>,8,13,[6 1],9,25,38,16,9
1,<environment.Job instance at 0x147d48f33af0>,1,13,[2 8],2,2,15,0,2
1,<environment.Job instance at 0x147d4c599500>,1,17,[6 1],3,3,20,0,3
1,<environment.Job instance at 0x147d3f4e9b40>,1,12,[ 1 10],2,2,14,0,2
1,<environment.Job instance at 0x147d4682e3c0>,6,16,[10  2],9,14,30,5,9
1,<environment.Job instance at 0x147d440d6dc0>,1,3,[2 9],2,2,5,0,2
1,<environment.Job instance at 0x147d43745cd0>,0,12,[2 5],1,1,13,0,1
1,<environment.Job instance at 0x147d4422baf0>,6,18,[8 1],7,7,25,0,7
1,<environment.Job instance at 0x147d4422b3c0>,8,13,[6 1],9,25,38,16,9
1,<environment.Job instance at 0x147d4c341aa0>,1,13,[2 8],2,2,15,0,2
1,<environment.Job instance at 0x147d45bf9c30>,0,1,[2 5],1,3,4,2,3
1,<environment.Job instance at 0x147d49a23500>,2,2,[10  1],5,5,7,0,5
1,<environment.Job instance at 0x147d45bf9690>,3,3,[6 2],6,7,10,1,6
1,<environment.Job instance at 0x147d452a4550>,1,12,[ 1 10],2,2,14,0,2
1,<environment.Job instance at 0x147d41b05c80>,6,16,[10  2],9,14,30,5,9
1,<environment.Job instance at 0x147d3f2cccd0>,1,3,[2 9],2,2,5,0,2
1,<environment.Job instance at 0x147d4c681cd0>,0,12,[2 5],1,1,13,0,1
1,<environment.Job instance at 0x147d45741690>,6,18,[8 1],7,7,25,0,7
1,<environment.Job instance at 0x147d42c1ca50>,8,13,[6 1],9,25,38,16,9
1,<environment.Job instance at 0x147d45741730>,1,13,[2 8],2,2,15,0,2
1,<environment.Job instance at 0x147d3f9c1960>,1,17,[6 1],3,3,20,0,3
1,<environment.Job instance at 0x147d417a6820>,1,12,[ 1 10],2,2,14,0,2
1,<environment.Job instance at 0x147d41aaacd0>,4,2,[2 7],6,14,16,8,6
1,<environment.Job instance at 0x147d419be280>,6,16,[10  2],9,16,32,7,9
1,<environment.Job instance at 0x147d41a4a690>,1,3,[2 9],2,2,5,0,2
1,<environment.Job instance at 0x147d42dd77d0>,0,12,[2 5],1,1,13,0,1
1,<environment.Job instance at 0x147d45827c80>,6,18,[8 1],7,7,25,0,7
1,<environment.Job instance at 0x147d452c5370>,8,13,[6 1],9,25,38,16,10
1,<environment.Job instance at 0x147d42955e10>,1,13,[2 8],2,2,15,0,2
1,<environment.Job instance at 0x147d4d220e10>,1,17,[6 1],3,3,20,0,3
1,<environment.Job instance at 0x147d4781f500>,1,12,[ 1 10],2,2,14,0,2
1,<environment.Job instance at 0x147d452406e0>,6,16,[10  2],9,14,30,5,9
1,<environment.Job instance at 0x147d43c283c0>,2,1,[2 7],3,3,4,0,3
1,<environment.Job instance at 0x147d43c2cc80>,5,3,[10  2],8,1742,1745,1734,1742
1,<environment.Job instance at 0x147d5000e910>,0,12,[2 5],1,1,13,0,1
1,<environment.Job instance at 0x147d46a83e10>,6,18,[8 1],7,7,25,0,7
1,<environment.Job instance at 0x147d47fd7cd0>,8,13,[6 1],9,25,38,16,24
1,<environment.Job instance at 0x147d48d56870>,1,13,[2 8],2,2,15,0,2
1,<environment.Job instance at 0x147d46a921e0>,1,17,[6 1],3,3,20,0,3
1,<environment.Job instance at 0x147d4a074050>,1,12,[ 1 10],2,2,14,0,2
1,<environment.Job instance at 0x147d450925a0>,6,16,[10  2],9,14,30,5,9
1,<environment.Job instance at 0x147d44aad190>,2,1,[2 7],3,4,5,1,4
1,<environment.Job instance at 0x147d41f3f1e0>,4,2,[1 8],5,5,7,0,5
1,<environment.Job instance at 0x147d41ece640>,0,12,[2 5],1,1,13,0,1
1,<environment.Job instance at 0x147d42b29eb0>,6,18,[8 1],7,7,25,0,7
1,<environment.Job instance at 0x147d42b29230>,8,13,[6 1],9,25,38,16,9
1,<environment.Job instance at 0x147d4b9500a0>,1,13,[2 8],2,2,15,0,2
1,<environment.Job instance at 0x147d4e86ce60>,1,17,[6 1],3,3,20,0,3
1,<environment.Job instance at 0x147d42357870>,1,12,[ 1 10],2,2,14,0,2
1,<environment.Job instance at 0x147d4bcd3780>,6,16,[10  2],9,14,30,5,9
1,<environment.Job instance at 0x147d48cce0a0>,2,1,[2 7],3,3,4,0,3
1,<environment.Job instance at 0x147d4bcdbaa0>,5,3,[10  2],8,1742,1745,1734,1742
1,<environment.Job instance at 0x147d4abdcc80>,0,12,[2 5],1,1,13,0,1
1,<environment.Job instance at 0x147d3f3c9eb0>,6,18,[8 1],7,7,25,0,7
1,<environment.Job instance at 0x147d4e99a050>,8,13,[6 1],9,25,38,16,9
1,<environment.Job instance at 0x147d45e1b640>,1,13,[2 8],2,2,15,0,2
1,<environment.Job instance at 0x147d4b4490a0>,1,17,[6 1],3,3,20,0,3
1,<environment.Job instance at 0x147d4e28c050>,1,12,[ 1 10],2,2,14,0,2
1,<environment.Job instance at 0x147d4e28c2d0>,6,16,[10  2],9,14,30,5,9
1,<environment.Job instance at 0x147d481856e0>,2,1,[2 7],3,3,4,0,3
1,<environment.Job instance at 0x147d46c8ac80>,5,3,[10  2],8,1742,1745,1734,1742
1,<environment.Job instance at 0x147d4d873690>,0,12,[2 5],1,1,13,0,1
1,<environment.Job instance at 0x147d3f690e10>,6,18,[8 1],7,7,25,0,7
1,<environment.Job instance at 0x147d3f690140>,8,13,[6 1],9,25,38,16,24
1,<environment.Job instance at 0x147d4af0b1e0>,1,13,[2 8],2,2,15,0,2
1,<environment.Job instance at 0x147d42773af0>,1,17,[6 1],3,3,20,0,3
1,<environment.Job instance at 0x147d42909d20>,1,12,[ 1 10],2,2,14,0,2
1,<environment.Job instance at 0x147d444e5c30>,6,16,[10  2],9,14,30,5,9
1,<environment.Job instance at 0x147d4a52c640>,2,1,[2 7],3,3,4,0,3
1,<environment.Job instance at 0x147d44ccdaa0>,0,12,[2 5],1,1,13,0,1
1,<environment.Job instance at 0x147d4a286550>,6,18,[8 1],7,7,25,0,7
1,<environment.Job instance at 0x147d471d7a00>,8,13,[6 1],9,25,38,16,16
1,<environment.Job instance at 0x147d4abb1b40>,1,13,[2 8],2,2,15,0,2
1,<environment.Job instance at 0x147d4d8c9be0>,1,17,[6 1],3,3,20,0,3
1,<environment.Job instance at 0x147d3f69c410>,1,12,[ 1 10],2,2,14,0,2
1,<environment.Job instance at 0x147d4d785280>,6,16,[10  2],9,14,30,5,9
1,<environment.Job instance at 0x147d4f8ab6e0>,2,1,[2 7],3,3,4,0,3
1,<environment.Job instance at 0x147d3f3c50a0>,0,12,[2 5],1,1,13,0,1
1,<environment.Job instance at 0x147d41ea3dc0>,6,18,[8 1],7,7,25,0,7
1,<environment.Job instance at 0x147d41a4d5f0>,8,13,[6 1],9,25,38,16,16
1,<environment.Job instance at 0x147d417879b0>,1,13,[2 8],2,2,15,0,2
1,<environment.Job instance at 0x147d4f906b40>,1,17,[6 1],3,3,20,0,3
1,<environment.Job instance at 0x147d41910b90>,1,12,[ 1 10],2,2,14,0,2
1,<environment.Job instance at 0x147d4c6eba50>,6,16,[10  2],9,14,30,5,9
1,<environment.Job instance at 0x147d42904460>,2,1,[2 7],3,3,4,0,3
1,<environment.Job instance at 0x147d4efdffa0>,0,12,[2 5],1,1,13,0,1
1,<environment.Job instance at 0x147d40b56f50>,6,18,[8 1],7,7,25,0,7
1,<environment.Job instance at 0x147d409b0280>,8,13,[6 1],9,25,38,16,16
1,<environment.Job instance at 0x147d46cf4870>,1,13,[2 8],2,2,15,0,2
1,<environment.Job instance at 0x147d40f1e550>,1,17,[6 1],3,3,20,0,3
1,<environment.Job instance at 0x147d409c4f50>,1,12,[ 1 10],2,2,14,0,2
1,<environment.Job instance at 0x147d457005f0>,6,16,[10  2],9,14,30,5,9
1,<environment.Job instance at 0x147d487d4280>,2,1,[2 7],3,3,4,0,3
1,<environment.Job instance at 0x147d40f1b050>,0,12,[2 5],1,1,13,0,1
1,<environment.Job instance at 0x147d40b632d0>,6,18,[8 1],7,7,25,0,7
1,<environment.Job instance at 0x147d40f1bcd0>,8,13,[6 1],9,25,38,16,10
1,<environment.Job instance at 0x147d4796dcd0>,1,13,[2 8],2,2,15,0,2
1,<environment.Job instance at 0x147d42e8a140>,1,17,[6 1],3,3,20,0,3
1,<environment.Job instance at 0x147d45b92960>,1,12,[ 1 10],2,2,14,0,2
1,<environment.Job instance at 0x147d49e0e370>,6,16,[10  2],9,14,30,5,9
1,<environment.Job instance at 0x147d454971e0>,1,3,[2 9],2,2,5,0,2
1,<environment.Job instance at 0x147d41f6fe10>,0,12,[2 5],1,1,13,0,1
1,<environment.Job instance at 0x147d4d58c0a0>,6,18,[8 1],7,7,25,0,7
1,<environment.Job instance at 0x147d452c14b0>,8,13,[6 1],9,25,38,16,9
1,<environment.Job instance at 0x147d40e4b8c0>,1,13,[2 8],2,2,15,0,2
1,<environment.Job instance at 0x147d4f83ad70>,1,17,[6 1],3,3,20,0,3
1,<environment.Job instance at 0x147d40e4baa0>,1,12,[ 1 10],2,2,14,0,2
1,<environment.Job instance at 0x147d409cae10>,6,16,[10  2],9,14,30,5,9
1,<environment.Job instance at 0x147d3fb081e0>,1,3,[2 9],2,2,5,0,2
1,<environment.Job instance at 0x147d4de9d280>,0,12,[2 5],1,1,13,0,1
1,<environment.Job instance at 0x147d4b3b6370>,6,18,[8 1],7,7,25,0,7
1,<environment.Job instance at 0x147d452a46e0>,8,13,[6 1],9,25,38,16,9
1,<environment.Job instance at 0x147d3f6542d0>,1,13,[2 8],2,2,15,0,2
1,<environment.Job instance at 0x147d3f68feb0>,1,17,[6 1],3,3,20,0,3
1,<environment.Job instance at 0x147d4ece7c80>,1,12,[ 1 10],2,2,14,0,2
1,<environment.Job instance at 0x147d404b0dc0>,6,16,[10  2],9,14,30,5,9
1,<environment.Job instance at 0x147d458d3730>,1,3,[2 9],2,2,5,0,2
1,<environment.Job instance at 0x147d404b0dc0>,2,1,[2 7],3,5,6,2,3
1,<environment.Job instance at 0x147d46811c30>,0,12,[2 5],1,1,13,0,1
1,<environment.Job instance at 0x147d494610f0>,6,18,[8 1],7,7,25,0,7
1,<environment.Job instance at 0x147d458506e0>,8,13,[6 1],9,25,38,16,9
1,<environment.Job instance at 0x147d468116e0>,1,13,[2 8],2,2,15,0,2
1,<environment.Job instance at 0x147d4454cf00>,1,17,[6 1],3,3,20,0,3
1,<environment.Job instance at 0x147d4d697d20>,1,12,[ 1 10],2,2,14,0,2
1,<environment.Job instance at 0x147d4ea4c410>,3,1,[2 7],5,14,15,9,5
1,<environment.Job instance at 0x147d49b3f410>,6,16,[10  2],9,15,31,6,9
1,<environment.Job instance at 0x147d41058910>,1,3,[2 9],2,2,5,0,2
1,<environment.Job instance at 0x147d4d84eeb0>,2,1,[2 7],3,5,6,2,3
1,<environment.Job instance at 0x147d4ad340a0>,0,12,[2 5],1,1,13,0,1
1,<environment.Job instance at 0x147d41062d20>,6,18,[8 1],7,7,25,0,7
1,<environment.Job instance at 0x147d481ba460>,8,13,[6 1],9,25,38,16,9
1,<environment.Job instance at 0x147d44c375a0>,1,13,[2 8],2,2,15,0,2
1,<environment.Job instance at 0x147d48ae9870>,1,17,[6 1],3,3,20,0,3
1,<environment.Job instance at 0x147d40c40780>,1,12,[ 1 10],2,2,14,0,2
1,<environment.Job instance at 0x147d40c40820>,6,16,[10  2],9,14,30,5,9
1,<environment.Job instance at 0x147d42c28b90>,2,1,[2 7],3,3,4,0,3
1,<environment.Job instance at 0x147d3f6e0780>,0,12,[2 5],1,1,13,0,1
1,<environment.Job instance at 0x147d416105a0>,6,18,[8 1],7,7,25,0,7
1,<environment.Job instance at 0x147d4f9047d0>,8,13,[6 1],9,25,38,16,9
1,<environment.Job instance at 0x147d3f6e06e0>,1,13,[2 8],2,2,15,0,2
1,<environment.Job instance at 0x147d465eb0f0>,1,17,[6 1],3,3,20,0,3
1,<environment.Job instance at 0x147d497fd6e0>,1,12,[ 1 10],2,2,14,0,2
1,<environment.Job instance at 0x147d43a5d9b0>,6,16,[10  2],9,14,30,5,9
1,<environment.Job instance at 0x147d43cdc780>,1,3,[2 9],2,2,5,0,2
1,<environment.Job instance at 0x147d404c66e0>,0,12,[2 5],1,1,13,0,1
1,<environment.Job instance at 0x147d41097fa0>,6,18,[8 1],7,7,25,0,7
1,<environment.Job instance at 0x147d41097b40>,8,13,[6 1],9,25,38,16,9
1,<environment.Job instance at 0x147d45bd9a50>,1,13,[2 8],2,2,15,0,2
1,<environment.Job instance at 0x147d4314ac80>,1,17,[6 1],3,3,20,0,3
1,<environment.Job instance at 0x147d4b568a00>,1,12,[ 1 10],2,2,14,0,2
1,<environment.Job instance at 0x147d4756f410>,6,16,[10  2],9,14,30,5,9
1,<environment.Job instance at 0x147d49b05550>,0,12,[2 5],1,1,13,0,1
1,<environment.Job instance at 0x147d4ac0e870>,6,18,[8 1],7,7,25,0,7
1,<environment.Job instance at 0x147d435d7b40>,8,13,[6 1],9,25,38,16,9
1,<environment.Job instance at 0x147d44d79e60>,1,13,[2 8],2,2,15,0,2
1,<environment.Job instance at 0x147d462b23c0>,1,17,[6 1],3,3,20,0,3
1,<environment.Job instance at 0x147d44366460>,1,12,[ 1 10],2,2,14,0,2
1,<environment.Job instance at 0x147d438eda50>,6,16,[10  2],9,14,30,5,9
1,<environment.Job instance at 0x147d4b648f50>,1,3,[2 9],2,2,5,0,2
1,<environment.Job instance at 0x147d48afad20>,0,12,[2 5],1,1,13,0,1
1,<environment.Job instance at 0x147d45a8b3c0>,6,18,[8 1],7,7,25,0,7
1,<environment.Job instance at 0x147d44075aa0>,8,13,[6 1],9,25,38,16,9
1,<environment.Job instance at 0x147d40cb0280>,1,13,[2 8],2,2,15,0,2
1,<environment.Job instance at 0x147d4b255af0>,1,17,[6 1],3,3,20,0,3
1,<environment.Job instance at 0x147d49856f50>,1,12,[ 1 10],2,2,14,0,2
1,<environment.Job instance at 0x147d43980d20>,6,16,[10  2],9,14,30,5,9
1,<environment.Job instance at 0x147d42230870>,1,3,[2 9],2,2,5,0,2
1,<environment.Job instance at 0x147d42b49960>,0,12,[2 5],1,1,13,0,1
1,<environment.Job instance at 0x147d3e6bf960>,6,18,[8 1],7,7,25,0,7
1,<environment.Job instance at 0x147d3e662a00>,8,13,[6 1],9,25,38,16,9
1,<environment.Job instance at 0x147d41a3bd70>,1,13,[2 8],2,2,15,0,2
1,<environment.Job instance at 0x147d4ab6ef00>,1,17,[6 1],3,3,20,0,3
1,<environment.Job instance at 0x147d3e51d8c0>,1,12,[ 1 10],2,2,14,0,2
1,<environment.Job instance at 0x147d40e2c730>,6,16,[10  2],9,14,30,5,9
1,<environment.Job instance at 0x147d46f83f50>,1,3,[2 9],2,2,5,0,2
1,<environment.Job instance at 0x147d4b435fa0>,0,12,[2 5],1,1,13,0,1
1,<environment.Job instance at 0x147d452c5550>,6,18,[8 1],7,7,25,0,7
1,<environment.Job instance at 0x147d4676c3c0>,8,13,[6 1],9,25,38,16,9
1,<environment.Job instance at 0x147d4bc68f00>,1,13,[2 8],2,2,15,0,2
1,<environment.Job instance at 0x147d4b722be0>,1,17,[6 1],3,3,20,0,3
1,<environment.Job instance at 0x147d4f192f00>,1,12,[ 1 10],2,2,14,0,2
1,<environment.Job instance at 0x147d4e0f1d70>,6,16,[10  2],9,14,30,5,9
1,<environment.Job instance at 0x147d41d75820>,1,3,[2 9],2,2,5,0,2
1,<environment.Job instance at 0x147d420195f0>,0,12,[2 5],1,1,13,0,1
1,<environment.Job instance at 0x147d429d6190>,6,18,[8 1],7,7,25,0,7
1,<environment.Job instance at 0x147d429d6640>,8,13,[6 1],9,25,38,16,9
1,<environment.Job instance at 0x147d45dc7640>,1,13,[2 8],2,2,15,0,2
1,<environment.Job instance at 0x147d48153870>,1,17,[6 1],3,3,20,0,3
1,<environment.Job instance at 0x147d4ab840a0>,1,12,[ 1 10],2,2,14,0,2
1,<environment.Job instance at 0x147d44eeaf00>,6,16,[10  2],9,14,30,5,9
1,<environment.Job instance at 0x147d3ecc0280>,2,1,[2 7],3,3,4,0,3
1,<environment.Job instance at 0x147d4ae20b90>,0,12,[2 5],1,1,13,0,1
1,<environment.Job instance at 0x147d48ac3a00>,6,18,[8 1],7,7,25,0,7
1,<environment.Job instance at 0x147d4b83aa50>,8,13,[6 1],9,25,38,16,9
1,<environment.Job instance at 0x147d4ae20c80>,1,13,[2 8],2,2,15,0,2
1,<environment.Job instance at 0x147d41ad37d0>,1,17,[6 1],3,3,20,0,3
1,<environment.Job instance at 0x147d43fe68c0>,1,12,[ 1 10],2,2,14,0,2
1,<environment.Job instance at 0x147d517590a0>,6,16,[10  2],9,14,30,5,9
1,<environment.Job instance at 0x147d47952320>,1,3,[2 9],2,2,5,0,2
1,<environment.Job instance at 0x147d431970f0>,0,12,[2 5],1,1,13,0,1
1,<environment.Job instance at 0x147d4d0bb1e0>,6,18,[8 1],7,7,25,0,7
1,<environment.Job instance at 0x147d4d0bb780>,8,13,[6 1],9,25,38,16,9
1,<environment.Job instance at 0x147d456d94b0>,1,13,[2 8],2,2,15,0,2
1,<environment.Job instance at 0x147d407bd460>,1,17,[6 1],3,3,20,0,3
1,<environment.Job instance at 0x147d42b9beb0>,1,12,[ 1 10],2,2,14,0,2
1,<environment.Job instance at 0x147d43c6fe60>,6,16,[10  2],9,14,30,5,9
1,<environment.Job instance at 0x147d4d3b10f0>,1,3,[2 9],2,2,5,0,2
1,<environment.Job instance at 0x147d3e444f00>,0,12,[2 5],1,1,13,0,1
1,<environment.Job instance at 0x147d44f653c0>,6,18,[8 1],7,7,25,0,7
1,<environment.Job instance at 0x147d4db922d0>,8,13,[6 1],9,25,38,16,9
1,<environment.Job instance at 0x147d42a101e0>,1,13,[2 8],2,2,15,0,2
1,<environment.Job instance at 0x147d4c5651e0>,1,17,[6 1],3,3,20,0,3
1,<environment.Job instance at 0x147d3f455cd0>,1,12,[ 1 10],2,2,14,0,2
1,<environment.Job instance at 0x147d437e70a0>,6,16,[10  2],9,14,30,5,9
1,<environment.Job instance at 0x147d45807960>,1,3,[2 9],2,2,5,0,2
1,<environment.Job instance at 0x147d3f5dc690>,5,3,[10  2],8,1742,1745,1734,1742
1,<environment.Job instance at 0x147d4bbe1eb0>,0,12,[2 5],1,1,13,0,1
1,<environment.Job instance at 0x147d3f216960>,6,18,[8 1],7,7,25,0,7
1,<environment.Job instance at 0x147d4dff45f0>,8,13,[6 1],9,25,38,16,24
1,<environment.Job instance at 0x147d49d79820>,1,13,[2 8],2,2,15,0,2
1,<environment.Job instance at 0x147d3ec29910>,1,17,[6 1],3,3,20,0,3
1,<environment.Job instance at 0x147d48308a50>,1,12,[ 1 10],2,2,14,0,2
1,<environment.Job instance at 0x147d4a830d20>,6,16,[10  2],9,14,30,5,9
1,<environment.Job instance at 0x147d3e32dc80>,1,3,[2 9],2,2,5,0,2
1,<environment.Job instance at 0x147d433304b0>,0,12,[2 5],1,1,13,0,1
1,<environment.Job instance at 0x147d471740a0>,6,18,[8 1],7,7,25,0,7
1,<environment.Job instance at 0x147d43330dc0>,8,13,[6 1],9,25,38,16,21
1,<environment.Job instance at 0x147d4458ea50>,1,13,[2 8],2,2,15,0,2
1,<environment.Job instance at 0x147d3ecb2b40>,1,17,[6 1],3,3,20,0,3
1,<environment.Job instance at 0x147d435f3280>,1,12,[ 1 10],2,2,14,0,2
1,<environment.Job instance at 0x147d3f6465f0>,6,16,[10  2],9,14,30,5,9
1,<environment.Job instance at 0x147d3be96b90>,1,3,[2 9],2,2,5,0,2
1,<environment.Job instance at 0x147d428c1aa0>,0,12,[2 5],1,1,13,0,1
1,<environment.Job instance at 0x147d3fc7caf0>,6,18,[8 1],7,7,25,0,7
1,<environment.Job instance at 0x147d428c1b40>,8,13,[6 1],9,25,38,16,16
1,<environment.Job instance at 0x147d428c1eb0>,1,13,[2 8],2,2,15,0,2
1,<environment.Job instance at 0x147d4271da50>,1,17,[6 1],3,3,20,0,3
1,<environment.Job instance at 0x147d4c2c1370>,1,12,[ 1 10],2,2,14,0,2
1,<environment.Job instance at 0x147d44fec780>,6,16,[10  2],9,14,30,5,9
1,<environment.Job instance at 0x147d4ed300a0>,1,3,[2 9],2,2,5,0,2
1,<environment.Job instance at 0x147d4d3656e0>,0,12,[2 5],1,1,13,0,1
1,<environment.Job instance at 0x147d4187f1e0>,6,18,[8 1],7,7,25,0,7
1,<environment.Job instance at 0x147d3f43deb0>,8,13,[6 1],9,25,38,16,21
1,<environment.Job instance at 0x147d3f43d820>,1,13,[2 8],2,2,15,0,2
1,<environment.Job instance at 0x147d42b6a050>,1,17,[6 1],3,3,20,0,3
1,<environment.Job instance at 0x147d42670280>,1,12,[ 1 10],2,2,14,0,2
1,<environment.Job instance at 0x147d4e3bc500>,6,16,[10  2],9,14,30,5,9
1,<environment.Job instance at 0x147d42670e60>,1,3,[2 9],2,2,5,0,2
1,<environment.Job instance at 0x147d3ef81c80>,0,12,[2 5],1,1,13,0,1
1,<environment.Job instance at 0x147d3eeb75f0>,6,18,[8 1],7,7,25,0,7
1,<environment.Job instance at 0x147d411bcb40>,8,13,[6 1],9,25,38,16,24
1,<environment.Job instance at 0x147d47bc8c30>,1,13,[2 8],2,2,15,0,2
1,<environment.Job instance at 0x147d3d69b960>,1,17,[6 1],3,3,20,0,3
1,<environment.Job instance at 0x147d3d4c0410>,1,12,[ 1 10],2,2,14,0,2
1,<environment.Job instance at 0x147d49a63050>,6,16,[10  2],9,14,30,5,9
1,<environment.Job instance at 0x147d3f1aaaa0>,1,3,[2 9],2,2,5,0,2
1,<environment.Job instance at 0x147d4066bbe0>,0,12,[2 5],1,1,13,0,1
1,<environment.Job instance at 0x147d4330d690>,6,18,[8 1],7,7,25,0,7
1,<environment.Job instance at 0x147d3dee53c0>,8,13,[6 1],9,25,38,16,24
1,<environment.Job instance at 0x147d4066bfa0>,1,13,[2 8],2,2,15,0,2
1,<environment.Job instance at 0x147d40526a00>,1,17,[6 1],3,3,20,0,3
1,<environment.Job instance at 0x147d3ee9c410>,1,12,[ 1 10],2,2,14,0,2
1,<environment.Job instance at 0x147d3d9a0be0>,6,16,[10  2],9,14,30,5,9
1,<environment.Job instance at 0x147d3dd89c80>,1,3,[2 9],2,2,5,0,2
1,<environment.Job instance at 0x147d3e214dc0>,0,12,[2 5],1,1,13,0,1
1,<environment.Job instance at 0x147d438fa9b0>,6,18,[8 1],7,7,25,0,7
1,<environment.Job instance at 0x147d438fa1e0>,8,13,[6 1],9,25,38,16,16
1,<environment.Job instance at 0x147d438fab40>,1,13,[2 8],2,2,15,0,2
1,<environment.Job instance at 0x147d4c4f3640>,1,17,[6 1],3,3,20,0,3
1,<environment.Job instance at 0x147d4b877cd0>,1,12,[ 1 10],2,2,14,0,2
1,<environment.Job instance at 0x147d3e1b6f00>,6,16,[10  2],9,14,30,5,9
1,<environment.Job instance at 0x147d4f06c9b0>,2,1,[2 7],3,3,4,0,3
1,<environment.Job instance at 0x147d3f434af0>,0,12,[2 5],1,1,13,0,1
1,<environment.Job instance at 0x147d40176910>,6,18,[8 1],7,7,25,0,7
1,<environment.Job instance at 0x147d40176af0>,8,13,[6 1],9,25,38,16,17
1,<environment.Job instance at 0x147d3f434f00>,1,13,[2 8],2,2,15,0,2
1,<environment.Job instance at 0x147d4b173c30>,1,17,[6 1],3,3,20,0,3
1,<environment.Job instance at 0x147d4d71f7d0>,1,12,[ 1 10],2,2,14,0,2
1,<environment.Job instance at 0x147d3ed1a280>,6,16,[10  2],9,14,30,5,9
1,<environment.Job instance at 0x147d3d6e50f0>,2,1,[2 7],3,3,4,0,3
1,<environment.Job instance at 0x147d4f075190>,0,12,[2 5],1,1,13,0,1
1,<environment.Job instance at 0x147d47adf500>,6,18,[8 1],7,7,25,0,7
1,<environment.Job instance at 0x147d4de97780>,8,13,[6 1],9,25,38,16,22
1,<environment.Job instance at 0x147d414e94b0>,1,13,[2 8],2,2,15,0,2
1,<environment.Job instance at 0x147d3ce70780>,1,17,[6 1],3,3,20,0,3
1,<environment.Job instance at 0x147d4a10d780>,1,12,[ 1 10],2,2,14,0,2
1,<environment.Job instance at 0x147d3e438eb0>,6,16,[10  2],9,14,30,5,9
1,<environment.Job instance at 0x147d43922460>,1,3,[2 9],2,2,5,0,2
1,<environment.Job instance at 0x147d3dc32230>,0,12,[2 5],1,1,13,0,1
1,<environment.Job instance at 0x147d40071280>,6,18,[8 1],7,7,25,0,7
1,<environment.Job instance at 0x147d438edc30>,8,13,[6 1],9,25,38,16,14
1,<environment.Job instance at 0x147d4efc1d20>,1,13,[2 8],2,2,15,0,2
1,<environment.Job instance at 0x147d42670af0>,1,17,[6 1],3,3,20,0,3
1,<environment.Job instance at 0x147d4c0b0550>,1,12,[ 1 10],2,2,14,0,2
1,<environment.Job instance at 0x147d42289a50>,6,16,[10  2],9,14,30,5,9
1,<environment.Job instance at 0x147d3becce10>,1,3,[2 9],2,2,5,0,2
1,<environment.Job instance at 0x147d44831be0>,0,12,[2 5],1,1,13,0,1
1,<environment.Job instance at 0x147d4f639c30>,6,18,[8 1],7,7,25,0,7
1,<environment.Job instance at 0x147d3dc0bb90>,8,13,[6 1],9,25,38,16,19
1,<environment.Job instance at 0x147d4890d640>,1,13,[2 8],2,2,15,0,2
1,<environment.Job instance at 0x147d4ada8870>,1,17,[6 1],3,3,20,0,3
1,<environment.Job instance at 0x147d3dc0b640>,1,12,[ 1 10],2,2,14,0,2
1,<environment.Job instance at 0x147d40bcccd0>,6,16,[10  2],9,14,30,5,9
1,<environment.Job instance at 0x147d4dbd96e0>,1,3,[2 9],2,2,5,0,2
1,<environment.Job instance at 0x147d44c6d190>,0,12,[2 5],1,1,13,0,1
1,<environment.Job instance at 0x147d4fc701e0>,6,18,[8 1],7,7,25,0,7
1,<environment.Job instance at 0x147d418a00f0>,8,13,[6 1],9,25,38,16,19
1,<environment.Job instance at 0x147d46fbc2d0>,1,13,[2 8],2,2,15,0,2
1,<environment.Job instance at 0x147d40002af0>,1,17,[6 1],3,3,20,0,3
1,<environment.Job instance at 0x147d3d6fa640>,1,12,[ 1 10],2,2,14,0,2
1,<environment.Job instance at 0x147d3e1b6eb0>,6,16,[10  2],9,14,30,5,9
1,<environment.Job instance at 0x147d40bcb500>,2,1,[2 7],3,3,4,0,3
1,<environment.Job instance at 0x147d3d20d780>,0,12,[2 5],1,1,13,0,1
1,<environment.Job instance at 0x147d4bbddeb0>,6,18,[8 1],7,7,25,0,7
1,<environment.Job instance at 0x147d42aba410>,8,13,[6 1],9,25,38,16,19
1,<environment.Job instance at 0x147d435dac30>,1,13,[2 8],2,2,15,0,2
1,<environment.Job instance at 0x147d42b3ac30>,1,17,[6 1],3,3,20,0,3
1,<environment.Job instance at 0x147d481b14b0>,1,12,[ 1 10],2,2,14,0,2
1,<environment.Job instance at 0x147d49ab2aa0>,6,16,[10  2],9,14,30,5,9
1,<environment.Job instance at 0x147d3e90d0a0>,2,1,[2 7],3,3,4,0,3
1,<environment.Job instance at 0x147d40e47050>,0,12,[2 5],1,1,13,0,1
1,<environment.Job instance at 0x147d3f9dc0a0>,6,18,[8 1],7,7,25,0,7
1,<environment.Job instance at 0x147d3f9dcbe0>,8,13,[6 1],9,25,38,16,21
1,<environment.Job instance at 0x147d3e1aec30>,1,13,[2 8],2,2,15,0,2
1,<environment.Job instance at 0x147d3e865280>,1,17,[6 1],3,3,20,0,3
1,<environment.Job instance at 0x147d40fc5500>,1,12,[ 1 10],2,2,14,0,2
1,<environment.Job instance at 0x147d4ffa26e0>,6,16,[10  2],9,14,30,5,9
1,<environment.Job instance at 0x147d3c22bdc0>,2,1,[2 7],3,3,4,0,3
1,<environment.Job instance at 0x147d3c6fa9b0>,0,12,[2 5],1,1,13,0,1
1,<environment.Job instance at 0x147d3e816f00>,6,18,[8 1],7,7,25,0,7
1,<environment.Job instance at 0x147d4902f690>,8,13,[6 1],9,25,38,16,24
1,<environment.Job instance at 0x147d4902fe10>,1,13,[2 8],2,2,15,0,2
1,<environment.Job instance at 0x147d477a5be0>,1,17,[6 1],3,3,20,0,3
1,<environment.Job instance at 0x147d462b2dc0>,1,12,[ 1 10],2,2,14,0,2
1,<environment.Job instance at 0x147d3c31daf0>,6,16,[10  2],9,14,30,5,9
1,<environment.Job instance at 0x147d45c53410>,2,1,[2 7],3,3,4,0,3
1,<environment.Job instance at 0x147d4ba310a0>,0,12,[2 5],1,1,13,0,1
1,<environment.Job instance at 0x147d4003f910>,6,18,[8 1],7,7,25,0,7
1,<environment.Job instance at 0x147d460e0320>,8,13,[6 1],9,25,38,16,25
1,<environment.Job instance at 0x147d4ba31be0>,1,13,[2 8],2,2,15,0,2
1,<environment.Job instance at 0x147d47a6a1e0>,1,17,[6 1],3,3,20,0,3
1,<environment.Job instance at 0x147d3e911a00>,1,12,[ 1 10],2,2,14,0,2
1,<environment.Job instance at 0x147d3d182820>,6,16,[10  2],9,14,30,5,9
1,<environment.Job instance at 0x147d4496d6e0>,1,3,[2 9],2,2,5,0,2
1,<environment.Job instance at 0x147d4600cc80>,0,12,[2 5],1,1,13,0,1
1,<environment.Job instance at 0x147d44d3bf00>,6,18,[8 1],7,7,25,0,7
1,<environment.Job instance at 0x147d46403f00>,8,13,[6 1],9,25,38,16,24
1,<environment.Job instance at 0x147d449b14b0>,1,13,[2 8],2,2,15,0,2
1,<environment.Job instance at 0x147d3e590c80>,1,17,[6 1],3,3,20,0,3
1,<environment.Job instance at 0x147d3c662cd0>,1,12,[ 1 10],2,2,14,0,2
1,<environment.Job instance at 0x147d463481e0>,6,16,[10  2],9,14,30,5,9
1,<environment.Job instance at 0x147d4ed30e10>,1,3,[2 9],2,2,5,0,2
1,<environment.Job instance at 0x147d46afe960>,0,12,[2 5],1,1,13,0,1
1,<environment.Job instance at 0x147d3fd1d2d0>,6,18,[8 1],7,7,25,0,7
1,<environment.Job instance at 0x147d3fd1d500>,8,13,[6 1],9,25,38,16,23
1,<environment.Job instance at 0x147d447c4a00>,1,13,[2 8],2,2,15,0,2
1,<environment.Job instance at 0x147d3e969230>,1,17,[6 1],3,3,20,0,3
1,<environment.Job instance at 0x147d40c9c230>,1,12,[ 1 10],2,2,14,0,2
1,<environment.Job instance at 0x147d4032b2d0>,6,16,[10  2],9,14,30,5,9
1,<environment.Job instance at 0x147d3f0f9c80>,1,3,[2 9],2,2,5,0,2
1,<environment.Job instance at 0x147d414db5a0>,0,12,[2 5],1,1,13,0,1
1,<environment.Job instance at 0x147d4444d500>,6,18,[8 1],7,7,25,0,7
1,<environment.Job instance at 0x147d4b8b87d0>,8,13,[6 1],9,25,38,16,25
1,<environment.Job instance at 0x147d429e12d0>,1,13,[2 8],2,2,15,0,2
1,<environment.Job instance at 0x147d42fe3c30>,1,17,[6 1],3,3,20,0,3
1,<environment.Job instance at 0x147d3bf525f0>,1,12,[ 1 10],2,2,14,0,2
1,<environment.Job instance at 0x147d426bf140>,6,16,[10  2],9,14,30,5,9
1,<environment.Job instance at 0x147d4824ed70>,2,1,[2 7],3,3,4,0,3
1,<environment.Job instance at 0x147d4f007e60>,0,12,[2 5],1,1,13,0,1
1,<environment.Job instance at 0x147d4022c780>,6,18,[8 1],7,7,25,0,7
1,<environment.Job instance at 0x147d3ecaeaf0>,8,13,[6 1],9,25,38,16,24
1,<environment.Job instance at 0x147d4681e280>,1,13,[2 8],2,2,15,0,2
1,<environment.Job instance at 0x147d4e617aa0>,1,17,[6 1],3,3,20,0,3
1,<environment.Job instance at 0x147d4c137af0>,1,12,[ 1 10],2,2,14,0,2
1,<environment.Job instance at 0x147d3b6af0f0>,6,16,[10  2],9,14,30,5,9
1,<environment.Job instance at 0x147d3afaf640>,1,3,[2 9],2,2,5,0,2
1,<environment.Job instance at 0x147d46965fa0>,0,12,[2 5],1,1,13,0,1
1,<environment.Job instance at 0x147d432d9e60>,6,18,[8 1],7,7,25,0,7
1,<environment.Job instance at 0x147d4020f320>,8,13,[6 1],9,25,38,16,21
1,<environment.Job instance at 0x147d3e24afa0>,1,13,[2 8],2,2,15,0,2
1,<environment.Job instance at 0x147d46ac2280>,1,17,[6 1],3,3,20,0,3
1,<environment.Job instance at 0x147d3f8471e0>,1,12,[ 1 10],2,2,14,0,2
1,<environment.Job instance at 0x147d443d1fa0>,6,16,[10  2],9,14,30,5,9
1,<environment.Job instance at 0x147d3bcf3c30>,1,3,[2 9],2,2,5,0,2
1,<environment.Job instance at 0x147d3c916730>,0,12,[2 5],1,1,13,0,1
1,<environment.Job instance at 0x147d42b2b190>,6,18,[8 1],7,7,25,0,7
1,<environment.Job instance at 0x147d43a3e7d0>,8,13,[6 1],9,25,38,16,21
1,<environment.Job instance at 0x147d3e903c30>,1,13,[2 8],2,2,15,0,2
1,<environment.Job instance at 0x147d3b3aabe0>,1,17,[6 1],3,3,20,0,3
1,<environment.Job instance at 0x147d466c8eb0>,1,12,[ 1 10],2,2,14,0,2
1,<environment.Job instance at 0x147d3cac11e0>,6,16,[10  2],9,14,30,5,9
1,<environment.Job instance at 0x147d3abb7460>,2,1,[2 7],3,3,4,0,3
1,<environment.Job instance at 0x147d4d22f690>,0,12,[2 5],1,1,13,0,1
1,<environment.Job instance at 0x147d4556a780>,6,18,[8 1],7,7,25,0,7
1,<environment.Job instance at 0x147d3f8c40a0>,8,13,[6 1],9,25,38,16,24
1,<environment.Job instance at 0x147d4b5ce5f0>,1,13,[2 8],2,2,15,0,2
1,<environment.Job instance at 0x147d4b7255f0>,1,17,[6 1],3,3,20,0,3
1,<environment.Job instance at 0x147d3b07deb0>,1,12,[ 1 10],2,2,14,0,2
1,<environment.Job instance at 0x147d3b1aa050>,6,16,[10  2],9,14,30,5,9
1,<environment.Job instance at 0x147d437c3500>,1,3,[2 9],2,2,5,0,2
1,<environment.Job instance at 0x147d433c0d20>,0,12,[2 5],1,1,13,0,1
1,<environment.Job instance at 0x147d3d931780>,6,18,[8 1],7,7,25,0,7
1,<environment.Job instance at 0x147d41c62cd0>,8,13,[6 1],9,25,38,16,19
1,<environment.Job instance at 0x147d4c1d8fa0>,1,13,[2 8],2,2,15,0,2
1,<environment.Job instance at 0x147d4ae26550>,1,17,[6 1],3,3,20,0,3
1,<environment.Job instance at 0x147d402c41e0>,1,12,[ 1 10],2,2,14,0,2
1,<environment.Job instance at 0x147d44a87be0>,6,16,[10  2],9,14,30,5,9
1,<environment.Job instance at 0x147d3d6eb050>,1,3,[2 9],2,2,5,0,2
1,<environment.Job instance at 0x147d3cc07550>,0,12,[2 5],1,1,13,0,1
1,<environment.Job instance at 0x147d450235f0>,6,18,[8 1],7,7,25,0,7
1,<environment.Job instance at 0x147d3ea9af50>,8,13,[6 1],9,25,38,16,19
1,<environment.Job instance at 0x147d3cc075f0>,1,13,[2 8],2,2,15,0,2
1,<environment.Job instance at 0x147d3e5505f0>,1,17,[6 1],3,3,20,0,3
1,<environment.Job instance at 0x147d3cee8550>,1,12,[ 1 10],2,2,14,0,2
1,<environment.Job instance at 0x147d3cee80f0>,6,16,[10  2],9,14,30,5,9
1,<environment.Job instance at 0x147d4ae2cb40>,1,3,[2 9],2,2,5,0,2
1,<environment.Job instance at 0x147d3c22d050>,0,12,[2 5],1,1,13,0,1
1,<environment.Job instance at 0x147d3d19c780>,6,18,[8 1],7,7,25,0,7
1,<environment.Job instance at 0x147d3d19cb40>,8,13,[6 1],9,25,38,16,23
1,<environment.Job instance at 0x147d3c22ddc0>,1,13,[2 8],2,2,15,0,2
1,<environment.Job instance at 0x147d453e99b0>,1,17,[6 1],3,3,20,0,3
1,<environment.Job instance at 0x147d46b04960>,1,12,[ 1 10],2,2,14,0,2
1,<environment.Job instance at 0x147d39ef6050>,6,16,[10  2],9,14,30,5,9
1,<environment.Job instance at 0x147d39fe45f0>,2,1,[2 7],3,3,4,0,3
1,<environment.Job instance at 0x147d44abf780>,0,12,[2 5],1,1,13,0,1
1,<environment.Job instance at 0x147d3db2feb0>,6,18,[8 1],7,7,25,0,7
1,<environment.Job instance at 0x147d3aa8b870>,8,13,[6 1],9,25,38,16,22
1,<environment.Job instance at 0x147d3db2f370>,1,13,[2 8],2,2,15,0,2
1,<environment.Job instance at 0x147d3c16fb90>,1,17,[6 1],3,3,20,0,3
1,<environment.Job instance at 0x147d3a6482d0>,1,12,[ 1 10],2,2,14,0,2
1,<environment.Job instance at 0x147d3c85c050>,6,16,[10  2],9,14,30,5,9
1,<environment.Job instance at 0x147d3bb986e0>,1,3,[2 9],2,2,5,0,2
1,<environment.Job instance at 0x147d3e43f640>,0,12,[2 5],1,1,13,0,1
1,<environment.Job instance at 0x147d40cf34b0>,6,18,[8 1],7,7,25,0,7
1,<environment.Job instance at 0x147d4912f730>,8,13,[6 1],9,25,38,16,16
1,<environment.Job instance at 0x147d49c9f960>,1,13,[2 8],2,2,15,0,2
1,<environment.Job instance at 0x147d454dd820>,1,17,[6 1],3,3,20,0,3
1,<environment.Job instance at 0x147d49449c80>,1,12,[ 1 10],2,2,14,0,2
1,<environment.Job instance at 0x147d47b978c0>,6,16,[10  2],9,14,30,5,9
1,<environment.Job instance at 0x147d429e98c0>,2,1,[2 7],3,3,4,0,3
1,<environment.Job instance at 0x147d3ca17190>,0,12,[2 5],1,1,13,0,1
1,<environment.Job instance at 0x147d3ccb84b0>,6,18,[8 1],7,7,25,0,7
1,<environment.Job instance at 0x147d433a6820>,8,13,[6 1],9,25,38,16,22
1,<environment.Job instance at 0x147d3bd35460>,1,13,[2 8],2,2,15,0,2
1,<environment.Job instance at 0x147d384ff140>,1,17,[6 1],3,3,20,0,3
1,<environment.Job instance at 0x147d4afd0500>,5,3,[6 1],9,22,25,13,22
1,<environment.Job instance at 0x147d3bd35a50>,1,12,[ 1 10],2,2,14,0,2
1,<environment.Job instance at 0x147d408b4eb0>,6,16,[10  2],9,14,30,5,9
1,<environment.Job instance at 0x147d42058050>,1,3,[2 9],2,2,5,0,2
1,<environment.Job instance at 0x147d3a0ad690>,0,12,[2 5],1,1,13,0,1
1,<environment.Job instance at 0x147d3b2ef320>,6,18,[8 1],7,7,25,0,7
1,<environment.Job instance at 0x147d423b5140>,8,13,[6 1],9,25,38,16,18
1,<environment.Job instance at 0x147d3d8ed820>,1,13,[2 8],2,2,15,0,2
1,<environment.Job instance at 0x147d3ca95870>,1,17,[6 1],3,3,20,0,3
1,<environment.Job instance at 0x147d4e059550>,1,12,[ 1 10],2,2,14,0,2
1,<environment.Job instance at 0x147d3b5c78c0>,6,16,[10  2],9,14,30,5,9
1,<environment.Job instance at 0x147d47db18c0>,1,3,[2 9],2,2,5,0,2
