iteration,job object,job ID,job Length,job ressource requirement,job enter time,job start time,job finish time,job waiting time,current time
1,<environment.Job instance at 0x153fe5fc02d0>,3,1,[6 2],4,4,5,0,4
1,<environment.Job instance at 0x153fe5fc0050>,7,1,[2 6],8,44,45,36,44
1,<environment.Job instance at 0x153fe5fc7f50>,8,13,[6 1],9,61,74,52,61
1,<environment.Job instance at 0x153fe4051dc0>,2,3,[ 1 14],3,7,10,4,7
1,<environment.Job instance at 0x153fe4051c30>,5,2,[ 1 10],8,10,12,2,8
1,<environment.Job instance at 0x153fe4517fa0>,1,27,[13  1],2,3,30,1,3
1,<environment.Job instance at 0x153fe6982e10>,4,2,[ 1 13],5,5,7,0,5
1,<environment.Job instance at 0x153fe6982730>,6,1,[2 7],8,8,9,0,8
1,<environment.Job instance at 0x153fe4517aa0>,2,1,[ 2 10],3,23,24,20,23
1,<environment.Job instance at 0x153fecfd70a0>,6,26,[9 2],9,39,65,30,39
1,<environment.Job instance at 0x153fe692a730>,0,1,[2 7],1,1,2,0,1
1,<environment.Job instance at 0x153fecfdfe60>,5,1,[8 1],9,120,121,111,120
1,<environment.Job instance at 0x153fe692a4b0>,2,24,[ 1 14],3,1694,1718,1691,1694
1,<environment.Job instance at 0x153fe692af50>,3,25,[10  2],6,1929,1954,1923,1929
1,<environment.Job instance at 0x153fe5d2ae10>,0,2,[12  2],1,2,4,1,2
1,<environment.Job instance at 0x153faac71050>,2,1,[10  1],4,4,5,0,4
1,<environment.Job instance at 0x153faaaf4870>,3,21,[7 2],5,5,26,0,5
1,<environment.Job instance at 0x153fab3d4c30>,1,18,[12  2],2,139,157,137,139
1,<environment.Job instance at 0x153faabf8320>,4,22,[8 2],9,9,31,0,9
1,<environment.Job instance at 0x153faabf8780>,3,17,[14  2],8,1629,1646,1621,1629
1,<environment.Job instance at 0x153fe6c4b280>,4,22,[1 5],7,7,29,0,7
1,<environment.Job instance at 0x153feb9cf5a0>,0,1,[ 1 11],2,2,3,0,2
1,<environment.Job instance at 0x153fe6c4ba00>,2,21,[ 1 14],4,4,25,0,4
1,<environment.Job instance at 0x153feb9cfe60>,5,18,[12  1],7,15,33,8,15
1,<environment.Job instance at 0x153faae40320>,2,27,[2 5],4,7,34,3,7
1,<environment.Job instance at 0x153fe6994e10>,4,3,[2 9],7,144,147,137,144
1,<environment.Job instance at 0x153fe5da69b0>,6,14,[7 1],9,180,194,171,180
1,<environment.Job instance at 0x153faaaaaf00>,5,20,[1 8],8,13,33,5,13
1,<environment.Job instance at 0x153faaaaafa0>,6,2,[ 2 12],9,33,35,24,33
1,<environment.Job instance at 0x153faae62640>,3,2,[ 1 12],5,2508,2510,2503,2508
1,<environment.Job instance at 0x153faaaad690>,3,2,[ 2 11],9,32,34,23,32
1,<environment.Job instance at 0x153fe6cabbe0>,5,12,[10  2],9,9,21,0,9
1,<environment.Job instance at 0x153fed9c5190>,0,1,[ 2 14],3,3,4,0,3
1,<environment.Job instance at 0x153fe6cab500>,1,1,[ 2 10],4,4,5,0,4
1,<environment.Job instance at 0x153faaca4320>,2,1,[ 2 14],5,5,6,0,5
1,<environment.Job instance at 0x153faa8495a0>,4,1,[8 1],6,13,14,7,13
1,<environment.Job instance at 0x153faa849320>,5,19,[5 2],8,18,37,10,18
1,<environment.Job instance at 0x153fecfb5370>,6,15,[11  2],9,37,52,28,23
1,<environment.Job instance at 0x153fe5c9b460>,1,3,[11  2],3,2792,2795,2789,2792
1,<environment.Job instance at 0x153fe5f491e0>,0,1,[1 6],1,1,2,0,1
1,<environment.Job instance at 0x153fe5f49690>,1,1,[ 1 13],2,2,3,0,2
1,<environment.Job instance at 0x153faad34140>,4,1,[1 8],8,60,61,52,60
1,<environment.Job instance at 0x153faa91f550>,5,2,[7 2],7,144,146,137,144
1,<environment.Job instance at 0x153faa91fc30>,6,12,[6 1],8,1587,1599,1579,1587
1,<environment.Job instance at 0x153fab0fb190>,0,2,[ 2 12],3,7,9,4,7
1,<environment.Job instance at 0x153fe68d8be0>,4,2,[2 9],7,9,11,2,7
1,<environment.Job instance at 0x153fe68d8050>,4,27,[1 7],5,7,34,2,7
1,<environment.Job instance at 0x153faae15690>,7,3,[ 2 10],9,34,37,25,9
1,<environment.Job instance at 0x153faae156e0>,5,1,[2 9],6,37,38,31,35
1,<environment.Job instance at 0x153faae157d0>,6,15,[1 7],7,114,129,107,114
1,<environment.Job instance at 0x153faae1a1e0>,2,20,[8 2],3,3,23,0,3
1,<environment.Job instance at 0x153fab392140>,6,24,[12  1],7,23,47,16,18
1,<environment.Job instance at 0x153fab392140>,3,27,[ 2 12],5,12,39,7,12
1,<environment.Job instance at 0x153faab9c5a0>,4,16,[9 1],8,110,126,102,110
1,<environment.Job instance at 0x153faaea5a50>,1,1,[9 1],3,3,4,0,3
1,<environment.Job instance at 0x153faaea5780>,3,2,[6 2],5,5,7,0,5
1,<environment.Job instance at 0x153fab255f00>,4,1,[9 1],7,7,8,0,7
1,<environment.Job instance at 0x153fab2752d0>,5,2,[8 1],8,8,10,0,8
1,<environment.Job instance at 0x153fab275190>,6,1,[ 1 10],9,9,10,0,9
1,<environment.Job instance at 0x153fe5efe690>,4,25,[11  2],8,8,33,0,8
1,<environment.Job instance at 0x153fe5cd4cd0>,0,2,[14  1],2,3,5,1,3
1,<environment.Job instance at 0x153feba6b0a0>,2,1,[2 8],4,5,6,1,4
1,<environment.Job instance at 0x153feb0b9e10>,4,2,[7 2],9,9,11,0,9
1,<environment.Job instance at 0x153fab198c30>,1,20,[9 1],2,3,23,1,3
1,<environment.Job instance at 0x153fab1980f0>,6,15,[2 8],8,432,447,424,432
1,<environment.Job instance at 0x153feb0b9e10>,4,20,[ 2 12],6,1950,1970,1944,1950
1,<environment.Job instance at 0x153fab198730>,7,16,[1 7],9,1970,1986,1961,1961
1,<environment.Job instance at 0x153fab198cd0>,2,23,[7 2],3,2013,2036,2010,2013
1,<environment.Job instance at 0x153faaffd910>,5,3,[ 1 13],6,1506,1509,1500,1506
1,<environment.Job instance at 0x153faab4db40>,0,1,[2 8],1,1,2,0,1
1,<environment.Job instance at 0x153fab11bd70>,4,3,[1 7],6,7,10,1,7
1,<environment.Job instance at 0x153fab11bbe0>,6,27,[5 2],8,8,35,0,8
1,<environment.Job instance at 0x153fab11be10>,7,1,[1 8],9,51,52,42,51
1,<environment.Job instance at 0x153faa8f0960>,5,18,[14  1],7,116,134,109,116
1,<environment.Job instance at 0x153faa8f0960>,3,1,[1 6],6,6,7,0,6
1,<environment.Job instance at 0x153fe5e50a00>,1,3,[ 2 12],3,6,9,3,6
1,<environment.Job instance at 0x153faad79550>,4,1,[ 2 10],7,9,10,2,7
1,<environment.Job instance at 0x153faad79d70>,2,14,[8 2],4,10,24,6,10
1,<environment.Job instance at 0x153fe69be3c0>,3,20,[2 5],6,44,64,38,44
1,<environment.Job instance at 0x153faad49d70>,0,2,[13  1],2,4,6,2,4
1,<environment.Job instance at 0x153faa69efa0>,1,2,[11  2],3,6,8,3,4
1,<environment.Job instance at 0x153faa69e3c0>,4,2,[ 2 10],6,7,9,1,7
1,<environment.Job instance at 0x153faa69e140>,2,23,[ 2 13],4,22,45,18,22
1,<environment.Job instance at 0x153fe008ee10>,5,18,[11  2],7,35,53,28,35
1,<environment.Job instance at 0x153feb00efa0>,5,16,[1 6],9,9,25,0,9
1,<environment.Job instance at 0x153feb00e550>,3,13,[12  2],6,277,290,271,277
1,<environment.Job instance at 0x153fe5ce7eb0>,0,1,[5 1],1,1,2,0,1
1,<environment.Job instance at 0x153fe5ce74b0>,5,3,[ 1 13],8,10,13,2,10
1,<environment.Job instance at 0x153fe5ce7370>,6,28,[1 6],9,64,92,55,64
1,<environment.Job instance at 0x153fe5edeb40>,0,25,[1 8],1,3,28,2,3
1,<environment.Job instance at 0x153fe69a8410>,3,2,[ 1 12],5,222,224,217,222
1,<environment.Job instance at 0x153faaaed500>,5,1,[7 2],8,235,236,227,235
1,<environment.Job instance at 0x153faaaed0f0>,6,3,[9 1],9,262,265,253,262
1,<environment.Job instance at 0x153fe5d8a1e0>,4,1,[6 1],7,7,8,0,7
1,<environment.Job instance at 0x153fe69a8fa0>,2,14,[7 2],4,8,22,4,8
1,<environment.Job instance at 0x153fe5d8a2d0>,6,18,[9 1],9,22,40,13,11
1,<environment.Job instance at 0x153feb04d640>,5,3,[8 1],8,40,43,32,28
1,<environment.Job instance at 0x153fab0be6e0>,1,21,[2 5],2,2,23,0,2
1,<environment.Job instance at 0x153fe6c5f410>,6,14,[10  2],9,13,27,4,13
1,<environment.Job instance at 0x153feafe13c0>,2,2,[ 2 11],7,10,12,3,10
1,<environment.Job instance at 0x153feafe1050>,1,3,[ 1 12],6,178,181,172,178
1,<environment.Job instance at 0x153faabd3140>,5,1,[6 1],7,99,100,92,99
1,<environment.Job instance at 0x153faabd3410>,6,3,[7 2],8,150,153,142,150
1,<environment.Job instance at 0x153faabd3c80>,7,14,[ 1 14],9,207,221,198,207
1,<environment.Job instance at 0x153fe5e38910>,3,13,[ 2 10],7,8,21,1,8
1,<environment.Job instance at 0x153fe5e38460>,0,2,[14  2],1,21,23,20,8
1,<environment.Job instance at 0x153fe5cd9a50>,4,23,[2 6],8,34,57,26,34
1,<environment.Job instance at 0x153feba00e60>,0,2,[13  2],1,5,7,4,5
1,<environment.Job instance at 0x153faabdab90>,3,3,[1 5],6,6,9,0,6
1,<environment.Job instance at 0x153faabdaaf0>,4,2,[ 1 11],7,9,11,2,7
1,<environment.Job instance at 0x153fe5cd99b0>,2,23,[5 1],5,14,37,9,14
1,<environment.Job instance at 0x153fe4509be0>,5,21,[10  1],7,28,49,21,28
1,<environment.Job instance at 0x153fe45094b0>,6,2,[ 1 13],8,46,48,38,46
1,<environment.Job instance at 0x153fe4509cd0>,7,15,[1 5],9,66,81,57,66
1,<environment.Job instance at 0x153faae58230>,2,3,[ 2 11],5,7,10,2,7
1,<environment.Job instance at 0x153fe00a2dc0>,3,2,[ 1 13],6,10,12,4,8
1,<environment.Job instance at 0x153fab1fe9b0>,6,3,[1 6],9,13,16,4,13
1,<environment.Job instance at 0x153feb9efcd0>,4,23,[1 5],7,35,58,28,35
1,<environment.Job instance at 0x153fe4540be0>,4,2,[ 2 11],7,8,10,1,8
1,<environment.Job instance at 0x153fe9daf410>,1,1,[5 2],3,3,4,0,3
1,<environment.Job instance at 0x153fab359550>,0,1,[ 2 13],1,1,2,0,1
1,<environment.Job instance at 0x153fab2b31e0>,1,1,[ 1 14],2,2,3,0,2
1,<environment.Job instance at 0x153faa7bc230>,4,3,[9 2],5,5,8,0,5
1,<environment.Job instance at 0x153faa7bc6e0>,5,2,[12  2],6,8,10,2,6
1,<environment.Job instance at 0x153faae58eb0>,0,1,[7 1],3,3,4,0,3
1,<environment.Job instance at 0x153feb044550>,1,1,[12  1],6,6,7,0,6
1,<environment.Job instance at 0x153fe6c79910>,2,21,[1 9],3,4,25,1,4
1,<environment.Job instance at 0x153faa8967d0>,5,21,[8 1],8,9,30,1,9
1,<environment.Job instance at 0x153faad11eb0>,0,1,[5 2],1,1,2,0,1
1,<environment.Job instance at 0x153faa784320>,2,28,[6 2],7,7,35,0,7
1,<environment.Job instance at 0x153fe5ef3050>,1,1,[2 8],5,5,6,0,5
1,<environment.Job instance at 0x153fe5ef3fa0>,3,2,[12  2],7,8,10,1,8
1,<environment.Job instance at 0x153feb0f7d70>,6,2,[5 1],9,9,11,0,9
1,<environment.Job instance at 0x153feb97f2d0>,3,2,[6 1],5,50,52,45,50
1,<environment.Job instance at 0x153faaffb820>,4,28,[ 1 10],6,56,84,50,56
1,<environment.Job instance at 0x153faaffbf00>,5,3,[9 2],8,257,260,249,257
1,<environment.Job instance at 0x153fecf8a0a0>,1,2,[1 8],3,3,5,0,3
1,<environment.Job instance at 0x153fecf8a410>,2,1,[10  2],4,4,5,0,4
1,<environment.Job instance at 0x153fecf8abe0>,3,26,[8 2],5,5,31,0,5
1,<environment.Job instance at 0x153fecf8a690>,3,1,[2 9],7,7,8,0,7
1,<environment.Job instance at 0x153fe5d04e60>,7,2,[7 2],8,8,10,0,8
1,<environment.Job instance at 0x153fe5d14a00>,1,2,[ 1 12],4,6,8,2,6
1,<environment.Job instance at 0x153faae59f50>,4,17,[9 2],8,8,25,0,8
1,<environment.Job instance at 0x153fe5d140a0>,5,23,[13  1],9,25,48,16,25
1,<environment.Job instance at 0x153faae59e60>,2,3,[6 2],5,122,125,117,122
1,<environment.Job instance at 0x153faae598c0>,3,1,[6 2],6,191,192,185,191
1,<environment.Job instance at 0x153faae598c0>,4,2,[ 2 14],5,38,40,33,38
1,<environment.Job instance at 0x153faa676230>,5,2,[5 1],6,151,153,145,151
1,<environment.Job instance at 0x153faa8485a0>,2,3,[13  1],3,4,7,1,4
1,<environment.Job instance at 0x153faa676230>,3,21,[7 2],4,7,28,3,6
1,<environment.Job instance at 0x153feb061870>,1,25,[8 1],4,4,29,0,4
1,<environment.Job instance at 0x153feb061d20>,5,3,[ 1 14],9,29,32,20,29
1,<environment.Job instance at 0x153fe68035a0>,2,1,[ 1 12],5,5,6,0,5
1,<environment.Job instance at 0x153fe5f11230>,5,1,[1 7],8,1559,1560,1551,1559
1,<environment.Job instance at 0x153fe6c4b8c0>,3,2,[1 9],5,6,8,1,6
1,<environment.Job instance at 0x153fe6c4b4b0>,5,19,[8 1],8,8,27,0,8
1,<environment.Job instance at 0x153fe5dad0f0>,4,28,[7 2],6,1162,1190,1156,1162
1,<environment.Job instance at 0x153fe6c4baa0>,1,1,[10  1],3,3,4,0,3
1,<environment.Job instance at 0x153fe685d410>,2,27,[5 2],4,4,31,0,4
1,<environment.Job instance at 0x153fe5ec9dc0>,6,2,[5 2],8,140,142,132,140
1,<environment.Job instance at 0x153fe5ec9d70>,7,2,[5 1],9,182,184,173,182
1,<environment.Job instance at 0x153fe5ec2d70>,2,1,[11  1],5,5,6,0,5
1,<environment.Job instance at 0x153fe5ec9d70>,3,27,[2 6],7,9,36,2,9
1,<environment.Job instance at 0x153faa827730>,4,2,[ 1 10],5,5,7,0,5
1,<environment.Job instance at 0x153fe503ccd0>,1,1,[1 8],3,3,4,0,3
1,<environment.Job instance at 0x153faad8f410>,3,2,[7 2],4,4,6,0,4
1,<environment.Job instance at 0x153fe9d98280>,8,1,[5 1],9,11,12,2,11
1,<environment.Job instance at 0x153fe9d98aa0>,6,1,[13  1],7,63,64,56,63
1,<environment.Job instance at 0x153faae55410>,3,1,[2 6],5,5,6,0,5
1,<environment.Job instance at 0x153faae55e10>,6,15,[5 2],8,8,23,0,8
1,<environment.Job instance at 0x153fab06dfa0>,7,2,[ 1 13],9,20,22,11,20
1,<environment.Job instance at 0x153fe6c29b90>,0,1,[9 2],1,1,2,0,1
1,<environment.Job instance at 0x153fecfd71e0>,4,24,[1 6],5,5,29,0,5
1,<environment.Job instance at 0x153fe5d8fe10>,0,23,[1 9],1,5,28,4,5
1,<environment.Job instance at 0x153fab032f50>,5,1,[ 2 10],8,28,29,20,8
1,<environment.Job instance at 0x153fab2ab460>,0,1,[6 1],1,1,2,0,1
1,<environment.Job instance at 0x153feb053a50>,1,2,[12  1],3,4,6,1,4
1,<environment.Job instance at 0x153faa663050>,4,2,[7 2],9,9,11,0,9
1,<environment.Job instance at 0x153fab1e3e60>,2,16,[ 2 11],5,8,24,3,8
1,<environment.Job instance at 0x153fe69a5690>,5,22,[2 5],9,24,46,15,17
1,<environment.Job instance at 0x153fab26f460>,4,1,[14  2],7,46,47,39,31
1,<environment.Job instance at 0x153fab042320>,3,18,[10  1],6,706,724,700,706
1,<environment.Job instance at 0x153faab8f230>,0,1,[10  1],1,1,2,0,1
1,<environment.Job instance at 0x153faab8fb90>,1,26,[ 2 13],3,4,30,1,4
1,<environment.Job instance at 0x153fab3a70f0>,5,1,[6 2],8,8,9,0,8
1,<environment.Job instance at 0x153faac79960>,6,2,[ 1 10],9,9,11,0,9
1,<environment.Job instance at 0x153fe693a500>,2,2,[10  2],4,15,17,11,15
1,<environment.Job instance at 0x153faa811730>,3,14,[9 1],5,30,44,25,30
1,<environment.Job instance at 0x153faa8c35a0>,6,3,[11  2],7,27,30,20,27
1,<environment.Job instance at 0x153fab3c15f0>,8,25,[ 1 10],9,27,52,18,27
1,<environment.Job instance at 0x153fab3c1320>,7,2,[ 1 12],8,201,203,193,201
1,<environment.Job instance at 0x153fe6c26b90>,7,14,[13  1],9,1205,1219,1196,1205
1,<environment.Job instance at 0x153fe6c263c0>,1,1,[1 9],3,3,4,0,3
1,<environment.Job instance at 0x153fab3165a0>,3,1,[6 1],5,5,6,0,5
1,<environment.Job instance at 0x153fab3164b0>,6,1,[ 1 10],8,62,63,54,62
1,<environment.Job instance at 0x153fab316500>,0,26,[1 6],3,4,30,1,4
1,<environment.Job instance at 0x153fab316410>,1,21,[12  2],3,3,24,0,3
1,<environment.Job instance at 0x153faaec9910>,4,2,[13  1],6,24,26,18,8
1,<environment.Job instance at 0x153fab264aa0>,5,1,[ 2 12],7,56,57,49,56
1,<environment.Job instance at 0x153faa7850a0>,1,3,[11  1],6,643,646,637,643
1,<environment.Job instance at 0x153faaf65550>,2,1,[ 2 10],4,5,6,1,5
1,<environment.Job instance at 0x153feb0777d0>,1,2,[5 2],3,5,7,2,5
1,<environment.Job instance at 0x153faaf655f0>,4,12,[7 2],8,8,20,0,8
1,<environment.Job instance at 0x153faaf659b0>,3,19,[13  2],5,1491,1510,1486,1491
1,<environment.Job instance at 0x153fe5cb5140>,2,27,[13  2],3,3,30,0,3
1,<environment.Job instance at 0x153faa87f5a0>,7,12,[9 1],9,30,42,21,22
1,<environment.Job instance at 0x153faa87ff00>,1,1,[6 1],2,2,3,0,2
1,<environment.Job instance at 0x153faaf12410>,3,22,[ 1 12],4,5,27,1,5
1,<environment.Job instance at 0x153faaf12230>,6,2,[12  2],7,9,11,2,9
1,<environment.Job instance at 0x153faaf12d20>,8,3,[2 8],9,48,51,39,48
1,<environment.Job instance at 0x153faaf12d20>,3,16,[11  2],6,7,23,1,7
1,<environment.Job instance at 0x153faac9fc30>,4,23,[6 2],7,1726,1749,1719,1726
1,<environment.Job instance at 0x153fab301960>,2,2,[ 2 13],3,6,8,3,6
1,<environment.Job instance at 0x153fe6bf1410>,5,2,[1 9],7,8,10,1,7
1,<environment.Job instance at 0x153fe6bf1690>,4,28,[7 1],6,11,39,5,11
1,<environment.Job instance at 0x153fe4515820>,3,2,[ 2 14],4,40,42,36,40
1,<environment.Job instance at 0x153faa779410>,4,1,[1 7],8,153,154,145,153
1,<environment.Job instance at 0x153faa8f8780>,3,1,[9 1],4,5,6,1,5
1,<environment.Job instance at 0x153faa8037d0>,5,27,[10  2],6,6,33,0,6
1,<environment.Job instance at 0x153fe5dfcb40>,6,3,[13  2],7,33,36,26,25
1,<environment.Job instance at 0x153faaf69500>,0,1,[ 2 13],1,4,5,3,4
1,<environment.Job instance at 0x153fe45b1dc0>,5,1,[2 6],8,8,9,0,8
1,<environment.Job instance at 0x153faaf692d0>,6,3,[1 5],9,9,12,0,9
1,<environment.Job instance at 0x153fe5040e10>,1,3,[ 1 11],2,25,28,23,25
1,<environment.Job instance at 0x153faaf693c0>,2,2,[14  1],4,30,32,26,30
1,<environment.Job instance at 0x153fe4586820>,5,1,[1 7],9,10,11,1,10
1,<environment.Job instance at 0x153fe6cc32d0>,4,28,[ 1 12],6,13,41,7,13
1,<environment.Job instance at 0x153faabd9c30>,7,18,[10  1],9,9,27,0,9
1,<environment.Job instance at 0x153fe6cc32d0>,4,2,[13  1],6,258,260,252,258
1,<environment.Job instance at 0x153faabd9f00>,5,13,[1 5],7,388,401,381,388
1,<environment.Job instance at 0x153faabd9dc0>,6,1,[14  1],8,631,632,623,631
1,<environment.Job instance at 0x153feaffd870>,0,1,[ 2 12],1,1,2,0,1
1,<environment.Job instance at 0x153feaffd190>,2,1,[1 9],3,3,4,0,3
1,<environment.Job instance at 0x153feaffd640>,3,24,[7 1],4,4,28,0,4
1,<environment.Job instance at 0x153fe695b4b0>,2,1,[14  1],5,5,6,0,5
1,<environment.Job instance at 0x153faacae0a0>,1,1,[7 2],2,2,3,0,2
1,<environment.Job instance at 0x153faacae730>,2,1,[12  1],3,4,5,1,4
1,<environment.Job instance at 0x153faacaebe0>,4,3,[ 2 13],6,1330,1333,1324,1330
1,<environment.Job instance at 0x153faacaeaa0>,5,3,[12  2],9,1417,1420,1408,1417
1,<environment.Job instance at 0x153faacaeb90>,2,1,[ 1 14],4,7,8,3,7
1,<environment.Job instance at 0x153fe45a2e60>,1,28,[ 2 10],2,8,36,6,7
1,<environment.Job instance at 0x153faabdac80>,3,21,[9 2],7,24,45,17,24
1,<environment.Job instance at 0x153fab2a8140>,2,21,[9 2],3,4,25,1,4
1,<environment.Job instance at 0x153fe45750f0>,4,16,[5 2],5,5,21,0,5
1,<environment.Job instance at 0x153fe4575410>,3,17,[7 2],4,25,42,21,13
1,<environment.Job instance at 0x153fab0a9050>,7,3,[7 2],9,28,31,19,28
1,<environment.Job instance at 0x153fab384aa0>,0,22,[5 1],3,5,27,2,5
1,<environment.Job instance at 0x153fe5f07960>,4,24,[1 8],5,97,121,92,97
1,<environment.Job instance at 0x153fab0421e0>,5,2,[11  2],6,249,251,243,249
1,<environment.Job instance at 0x153fab042230>,6,16,[2 7],7,365,381,358,365
1,<environment.Job instance at 0x153fab042370>,7,2,[1 8],9,678,680,669,678
1,<environment.Job instance at 0x153fab042370>,4,2,[2 6],6,6,8,0,6
1,<environment.Job instance at 0x153fe40705a0>,2,1,[6 2],3,3,4,0,3
1,<environment.Job instance at 0x153fe5ed37d0>,7,1,[10  2],9,11,12,2,11
1,<environment.Job instance at 0x153fe5ee0c80>,4,1,[13  2],5,38,39,33,38
1,<environment.Job instance at 0x153fe5ed3910>,5,28,[2 9],6,73,101,67,73
1,<environment.Job instance at 0x153febee9230>,0,26,[2 5],1,1,27,0,1
1,<environment.Job instance at 0x153fab2a73c0>,2,24,[2 5],3,6,30,3,6
1,<environment.Job instance at 0x153fe5d95910>,7,2,[1 9],9,27,29,18,21
1,<environment.Job instance at 0x153faa9b85f0>,3,1,[11  2],4,43,44,39,43
1,<environment.Job instance at 0x153fe5d951e0>,4,19,[1 7],5,1252,1271,1247,1252
1,<environment.Job instance at 0x153fe5d951e0>,2,28,[7 2],3,3,31,0,3
1,<environment.Job instance at 0x153fe6948190>,1,2,[13  1],4,5,7,1,5
1,<environment.Job instance at 0x153fe4530b90>,2,17,[8 1],5,7,24,2,6
1,<environment.Job instance at 0x153fe69480a0>,3,26,[6 2],6,9,35,3,9
1,<environment.Job instance at 0x153fe4533870>,6,2,[12  2],9,979,981,970,979
1,<environment.Job instance at 0x153faac7dcd0>,2,1,[6 2],5,5,6,0,5
1,<environment.Job instance at 0x153fe5d8aa00>,0,1,[2 8],1,1,2,0,1
1,<environment.Job instance at 0x153feba77500>,4,1,[ 1 10],5,6,7,1,6
1,<environment.Job instance at 0x153feba774b0>,2,28,[ 2 11],3,7,35,4,7
1,<environment.Job instance at 0x153feba77280>,7,17,[ 1 14],9,53,70,44,53
1,<environment.Job instance at 0x153feba77d20>,5,26,[2 5],6,73,99,67,73
1,<environment.Job instance at 0x153feba775a0>,3,2,[6 1],5,2284,2286,2279,2284
1,<environment.Job instance at 0x153fab089d20>,4,2,[ 2 14],6,37,39,31,37
1,<environment.Job instance at 0x153fab089b90>,5,24,[2 9],7,2749,2773,2742,2749
1,<environment.Job instance at 0x153feb00e050>,2,20,[ 2 12],5,5,25,0,5
1,<environment.Job instance at 0x153fe5e98690>,3,26,[5 2],4,4,30,0,4
1,<environment.Job instance at 0x153fecfab370>,4,27,[6 1],5,6,33,1,6
1,<environment.Job instance at 0x153faac171e0>,6,1,[9 1],8,14,15,6,14
1,<environment.Job instance at 0x153faae556e0>,4,2,[8 1],6,98,100,92,98
1,<environment.Job instance at 0x153fecfda500>,6,3,[ 1 11],8,667,670,659,667
1,<environment.Job instance at 0x153faaec7be0>,0,1,[ 1 12],1,1,2,0,1
1,<environment.Job instance at 0x153fe452f410>,6,3,[11  1],9,1232,1235,1223,1232
1,<environment.Job instance at 0x153fab2326e0>,0,1,[12  2],1,1,2,0,1
1,<environment.Job instance at 0x153fe5e21f00>,2,2,[2 8],6,6,8,0,6
1,<environment.Job instance at 0x153fe5e21c30>,3,22,[7 1],9,9,31,0,9
1,<environment.Job instance at 0x153faab0e8c0>,2,20,[5 1],4,12,32,8,12
1,<environment.Job instance at 0x153faab0ea00>,5,17,[13  2],8,2728,2745,2720,2728
1,<environment.Job instance at 0x153fe7efd280>,1,2,[ 2 11],3,14,16,11,14
1,<environment.Job instance at 0x153faab0ea00>,3,3,[1 6],7,47,50,40,47
1,<environment.Job instance at 0x153faa5cef50>,4,3,[2 6],9,156,159,147,156
1,<environment.Job instance at 0x153fe44ce230>,1,1,[1 9],4,4,5,0,4
1,<environment.Job instance at 0x153fe44ce960>,2,1,[1 8],5,5,6,0,5
1,<environment.Job instance at 0x153fe44ce0a0>,3,20,[ 1 12],8,10,30,2,10
1,<environment.Job instance at 0x153faa87bbe0>,0,1,[ 1 13],1,1,2,0,1
1,<environment.Job instance at 0x153faaafbcd0>,1,24,[5 1],4,4,28,0,4
1,<environment.Job instance at 0x153fe5c75370>,5,18,[10  2],8,23,41,15,23
1,<environment.Job instance at 0x153fe5c752d0>,6,1,[6 1],9,41,42,32,36
1,<environment.Job instance at 0x153faaafb190>,2,20,[ 1 12],5,43,63,38,43
1,<environment.Job instance at 0x153faa87bbe0>,3,23,[9 2],6,49,72,43,49
1,<environment.Job instance at 0x153faaafb9b0>,4,2,[1 7],7,319,321,312,319
1,<environment.Job instance at 0x153feb0ce370>,0,1,[11  1],3,691,692,688,691
1,<environment.Job instance at 0x153fe458aeb0>,2,15,[7 1],6,6,21,0,6
1,<environment.Job instance at 0x153faac17050>,0,1,[ 2 10],1,1,2,0,1
1,<environment.Job instance at 0x153faac17140>,6,2,[1 5],9,9,11,0,9
1,<environment.Job instance at 0x153faac170f0>,2,1,[1 5],4,4,5,0,4
1,<environment.Job instance at 0x153feafdf8c0>,0,2,[ 2 14],1,3,5,2,3
1,<environment.Job instance at 0x153feafdf550>,2,19,[9 1],3,3,22,0,3
1,<environment.Job instance at 0x153fe5c82500>,3,3,[2 8],6,524,527,518,524
1,<environment.Job instance at 0x153fab071640>,0,25,[1 9],1,2,27,1,2
1,<environment.Job instance at 0x153fab202e60>,6,28,[1 6],7,2228,2256,2221,2228
1,<environment.Job instance at 0x153fe6c32e10>,7,14,[ 2 10],8,2959,2973,2951,2959
1,<environment.Job instance at 0x153faabfe320>,5,28,[2 8],9,22,50,13,22
1,<environment.Job instance at 0x153faabac8c0>,2,2,[11  1],3,329,331,326,329
1,<environment.Job instance at 0x153faabacfa0>,3,1,[2 5],4,940,941,936,940
1,<environment.Job instance at 0x153feba05b90>,5,23,[7 1],7,59,82,52,59
1,<environment.Job instance at 0x153feba104b0>,0,1,[9 2],1,1,2,0,1
1,<environment.Job instance at 0x153fecf9df50>,3,3,[ 2 10],5,7,10,2,7
1,<environment.Job instance at 0x153fecf9d460>,6,16,[5 1],9,9,25,0,9
1,<environment.Job instance at 0x153feba103c0>,2,3,[14  2],3,874,877,871,874
1,<environment.Job instance at 0x153fecf9da00>,5,13,[1 7],8,1071,1084,1063,1071
1,<environment.Job instance at 0x153fecf9d1e0>,4,12,[ 2 11],6,1420,1432,1414,1420
1,<environment.Job instance at 0x153feba10410>,1,1,[13  1],2,1757,1758,1755,1757
1,<environment.Job instance at 0x153fe4508410>,7,3,[2 6],9,226,229,217,226
1,<environment.Job instance at 0x153fe6c06820>,0,1,[11  2],1,4,5,3,4
1,<environment.Job instance at 0x153faa9ff0f0>,3,22,[7 1],5,5,27,0,5
1,<environment.Job instance at 0x153fab2263c0>,6,2,[2 8],8,22,24,14,22
1,<environment.Job instance at 0x153fab226d20>,7,17,[11  2],9,27,44,18,22
1,<environment.Job instance at 0x153feba1eb40>,0,1,[6 1],1,1,2,0,1
1,<environment.Job instance at 0x153feba1efa0>,7,3,[7 1],9,9,12,0,9
1,<environment.Job instance at 0x153feba1e960>,5,19,[5 2],6,240,259,234,240
1,<environment.Job instance at 0x153fab1ff780>,5,2,[5 2],7,8,10,1,8
1,<environment.Job instance at 0x153feba1eaf0>,4,2,[2 8],5,39,41,34,39
1,<environment.Job instance at 0x153fab1ff7d0>,7,3,[12  1],9,45,48,36,45
1,<environment.Job instance at 0x153fab1ff820>,6,22,[13  1],8,207,229,199,207
1,<environment.Job instance at 0x153feb9fbfa0>,2,1,[8 1],5,5,6,0,5
1,<environment.Job instance at 0x153fab325eb0>,6,3,[6 2],8,19,22,11,19
1,<environment.Job instance at 0x153fab325e60>,7,3,[ 1 14],9,22,25,13,19
1,<environment.Job instance at 0x153fe7f1baa0>,4,2,[ 1 11],7,7,9,0,7
1,<environment.Job instance at 0x153fe7f1b1e0>,6,23,[7 2],9,9,32,0,9
1,<environment.Job instance at 0x153fe4516dc0>,5,3,[ 2 11],7,29,32,22,29
1,<environment.Job instance at 0x153fe4516550>,6,27,[7 1],8,32,59,24,32
1,<environment.Job instance at 0x153faa9c0cd0>,1,3,[ 1 12],3,12,15,9,12
1,<environment.Job instance at 0x153faa9c0780>,5,2,[8 1],8,12,14,4,12
1,<environment.Job instance at 0x153faa9c0140>,3,3,[ 2 12],6,32,35,26,32
1,<environment.Job instance at 0x153faa9c06e0>,4,2,[2 8],7,67,69,60,67
1,<environment.Job instance at 0x153faaa4c8c0>,6,17,[7 1],9,9,26,0,9
1,<environment.Job instance at 0x153fe45087d0>,3,3,[10  1],6,982,985,976,982
1,<environment.Job instance at 0x153faaa4cc80>,4,25,[1 7],7,1109,1134,1102,1109
1,<environment.Job instance at 0x153fe6948280>,1,1,[14  2],2,2,3,0,2
1,<environment.Job instance at 0x153faa9ebcd0>,6,3,[ 1 13],8,8,11,0,8
1,<environment.Job instance at 0x153faa9ebf50>,3,2,[1 5],4,28,30,24,28
1,<environment.Job instance at 0x153faa9ebaa0>,4,12,[5 1],5,114,126,109,114
1,<environment.Job instance at 0x153fab1253c0>,4,3,[7 1],7,114,117,107,114
1,<environment.Job instance at 0x153fab125a50>,5,3,[1 7],9,115,118,106,115
1,<environment.Job instance at 0x153fe688b910>,1,28,[ 1 11],2,302,330,300,302
1,<environment.Job instance at 0x153fe688bf50>,2,26,[10  1],4,317,343,313,317
1,<environment.Job instance at 0x153fab125b90>,3,1,[7 1],6,475,476,469,475
1,<environment.Job instance at 0x153faae837d0>,2,3,[ 1 11],5,9,12,4,9
1,<environment.Job instance at 0x153feb9ea9b0>,6,24,[10  1],9,18,42,9,18
1,<environment.Job instance at 0x153febeef3c0>,3,22,[ 1 10],5,8,30,3,8
1,<environment.Job instance at 0x153febeef1e0>,5,23,[14  1],8,37,60,29,37
1,<environment.Job instance at 0x153fe5cc2050>,0,1,[8 1],1,1,2,0,1
1,<environment.Job instance at 0x153fab1d45a0>,1,1,[8 2],3,3,4,0,3
1,<environment.Job instance at 0x153fe503c4b0>,2,25,[1 5],4,4,29,0,4
1,<environment.Job instance at 0x153fe5dbae10>,6,1,[5 2],9,9,10,0,9
1,<environment.Job instance at 0x153fe5c99910>,3,27,[1 5],5,5,32,0,5
1,<environment.Job instance at 0x153fe5d4f190>,1,2,[ 1 11],4,5,7,1,5
1,<environment.Job instance at 0x153fe5d4fe10>,3,1,[2 5],6,7,8,1,7
1,<environment.Job instance at 0x153fe5dbb500>,0,21,[ 1 11],3,8,29,5,8
1,<environment.Job instance at 0x153fe5d4f410>,2,24,[5 2],5,27,51,22,27
1,<environment.Job instance at 0x153fed013be0>,0,1,[ 1 10],1,1,2,0,1
1,<environment.Job instance at 0x153fed013eb0>,1,1,[1 5],4,4,5,0,4
1,<environment.Job instance at 0x153fe44cb140>,1,2,[2 7],3,6,8,3,6
1,<environment.Job instance at 0x153fe6c1e820>,5,2,[1 8],8,8,10,0,8
1,<environment.Job instance at 0x153fe44cb1e0>,0,2,[ 1 13],1,11,13,10,11
1,<environment.Job instance at 0x153fe6c1e1e0>,4,18,[11  2],6,14,32,8,14
1,<environment.Job instance at 0x153faa8cf280>,2,3,[ 1 14],3,4,7,1,4
1,<environment.Job instance at 0x153fe6c1ec30>,3,21,[5 1],4,5,26,1,5
1,<environment.Job instance at 0x153fe6c34d70>,5,3,[2 8],7,10,13,3,10
1,<environment.Job instance at 0x153fe69baaf0>,4,2,[13  1],6,26,28,20,11
1,<environment.Job instance at 0x153fe69ba3c0>,6,26,[ 1 10],8,17,43,9,17
1,<environment.Job instance at 0x153fe69ba730>,7,19,[7 1],9,31,50,22,31
1,<environment.Job instance at 0x153fe5c7c190>,0,2,[ 2 13],1,3,5,2,3
1,<environment.Job instance at 0x153fe69ba960>,3,2,[1 9],5,5,7,0,5
1,<environment.Job instance at 0x153faac46a00>,4,23,[1 5],6,6,29,0,6
1,<environment.Job instance at 0x153feb00e320>,1,17,[6 2],3,44,61,41,44
1,<environment.Job instance at 0x153fecfd79b0>,0,25,[1 5],1,4,29,3,4
1,<environment.Job instance at 0x153fecfd7dc0>,2,1,[12  1],5,6,7,1,6
1,<environment.Job instance at 0x153fe0096d20>,5,3,[1 6],8,8,11,0,8
1,<environment.Job instance at 0x153faac46d20>,3,18,[14  2],6,1163,1181,1157,1163
1,<environment.Job instance at 0x153fe6967730>,1,3,[2 7],2,2,5,0,2
1,<environment.Job instance at 0x153faa910a00>,5,2,[ 1 13],6,431,433,425,431
1,<environment.Job instance at 0x153fe69c0050>,2,18,[ 2 11],3,1076,1094,1073,1076
1,<environment.Job instance at 0x153fe5cd1dc0>,6,13,[8 1],7,1076,1089,1069,1076
1,<environment.Job instance at 0x153fe5cd15f0>,8,20,[ 1 10],9,1094,1114,1085,1085
1,<environment.Job instance at 0x153fe5cd1c30>,7,1,[12  1],8,1114,1115,1106,1114
1,<environment.Job instance at 0x153fe69670a0>,3,2,[1 6],4,1117,1119,1113,1117
1,<environment.Job instance at 0x153faa910320>,4,16,[1 9],5,1846,1862,1841,1846
1,<environment.Job instance at 0x153fe5df9140>,2,27,[2 7],6,6,33,0,6
1,<environment.Job instance at 0x153fe5df9be0>,4,2,[1 6],8,58,60,50,58
1,<environment.Job instance at 0x153fe5df9fa0>,5,12,[6 2],9,67,79,58,67
1,<environment.Job instance at 0x153faacaee10>,2,1,[12  2],5,5,6,0,5
1,<environment.Job instance at 0x153feb9b7c80>,4,1,[9 1],9,15,16,6,15
1,<environment.Job instance at 0x153fab3407d0>,1,2,[12  2],4,1872,1874,1868,1872
1,<environment.Job instance at 0x153feb9b7eb0>,2,2,[1 5],5,2068,2070,2063,2068
1,<environment.Job instance at 0x153faa7c3370>,5,2,[ 1 11],8,2394,2396,2386,2394
1,<environment.Job instance at 0x153fe9d9f690>,3,1,[2 5],5,20,21,15,20
1,<environment.Job instance at 0x153faa7c3370>,2,12,[13  2],3,107,119,104,107
1,<environment.Job instance at 0x153faa821820>,1,21,[9 2],2,4,25,2,4
1,<environment.Job instance at 0x153faa821320>,2,1,[2 8],4,8,9,4,8
1,<environment.Job instance at 0x153fe5dfc730>,5,21,[11  1],8,1170,1191,1162,1170
1,<environment.Job instance at 0x153faaec77d0>,3,22,[2 7],5,7,29,2,7
1,<environment.Job instance at 0x153faafdc910>,0,1,[5 2],1,1,2,0,1
1,<environment.Job instance at 0x153faafdc960>,1,1,[9 1],2,2,3,0,2
1,<environment.Job instance at 0x153fe5fafe60>,3,14,[10  1],5,8,22,3,8
1,<environment.Job instance at 0x153faafc8960>,7,1,[ 2 11],9,9,10,0,9
1,<environment.Job instance at 0x153fe5faf2d0>,6,24,[1 5],8,27,51,19,27
1,<environment.Job instance at 0x153fab24ab90>,2,1,[13  1],5,5,6,0,5
1,<environment.Job instance at 0x153fab24af00>,3,2,[10  1],6,6,8,0,6
1,<environment.Job instance at 0x153faae2e820>,4,20,[1 6],8,8,28,0,8
1,<environment.Job instance at 0x153faa8f8aa0>,6,26,[10  2],9,9,35,0,9
1,<environment.Job instance at 0x153faa8f8b40>,4,28,[14  2],7,35,63,28,35
1,<environment.Job instance at 0x153faaae1c30>,2,25,[6 2],3,3,28,0,3
1,<environment.Job instance at 0x153faa7e5be0>,4,2,[ 1 14],6,28,30,22,28
1,<environment.Job instance at 0x153faa7e5dc0>,5,17,[9 1],7,1168,1185,1161,1168
1,<environment.Job instance at 0x153faae19e10>,0,1,[ 2 13],1,1,2,0,1
1,<environment.Job instance at 0x153fab342730>,1,1,[6 2],2,2,3,0,2
1,<environment.Job instance at 0x153fab354730>,2,1,[6 1],3,3,4,0,3
1,<environment.Job instance at 0x153fab3544b0>,3,1,[8 1],4,4,5,0,4
1,<environment.Job instance at 0x153fab342a50>,4,1,[5 1],7,7,8,0,7
1,<environment.Job instance at 0x153fab3541e0>,5,28,[1 9],8,8,36,0,8
1,<environment.Job instance at 0x153faae29e60>,3,1,[7 2],8,8,9,0,8
1,<environment.Job instance at 0x153fe5d3a2d0>,2,1,[1 6],5,5,6,0,5
1,<environment.Job instance at 0x153fe5e1c460>,5,2,[14  2],9,913,915,904,913
1,<environment.Job instance at 0x153fe5e1c280>,2,1,[11  2],4,4,5,0,4
1,<environment.Job instance at 0x153fe45036e0>,1,1,[10  2],2,5,6,3,5
1,<environment.Job instance at 0x153faa8ec960>,3,3,[ 1 12],6,6,9,0,6
1,<environment.Job instance at 0x153fe4503aa0>,0,3,[14  2],1,7,10,6,7
1,<environment.Job instance at 0x153faacbadc0>,5,3,[6 2],9,44,47,35,44
1,<environment.Job instance at 0x153faa93b460>,3,1,[ 1 11],7,7,8,0,7
1,<environment.Job instance at 0x153faacc1e60>,2,23,[2 8],3,7,30,4,7
1,<environment.Job instance at 0x153feb32d0f0>,4,28,[10  1],6,14,42,8,14
1,<environment.Job instance at 0x153feb32de10>,5,28,[8 1],7,46,74,39,46
1,<environment.Job instance at 0x153fe4531aa0>,1,2,[ 2 11],2,2,4,0,2
1,<environment.Job instance at 0x153faaf5f1e0>,0,1,[ 1 13],1,1,2,0,1
1,<environment.Job instance at 0x153faaf5f320>,1,1,[8 2],3,3,4,0,3
1,<environment.Job instance at 0x153faaf5feb0>,3,1,[1 9],6,8,9,2,8
1,<environment.Job instance at 0x153faaf5f0f0>,5,27,[2 6],9,9,36,0,9
1,<environment.Job instance at 0x153fe5e00870>,4,1,[ 2 13],7,29,30,22,29
1,<environment.Job instance at 0x153fe5e00320>,3,1,[ 2 11],6,39,40,33,39
1,<environment.Job instance at 0x153fe5e006e0>,5,20,[ 2 12],8,62,82,54,62
1,<environment.Job instance at 0x153faa9bc2d0>,3,23,[6 1],5,5,28,0,5
1,<environment.Job instance at 0x153faa8e4b90>,6,27,[2 9],8,9,36,1,9
1,<environment.Job instance at 0x153faa8e49b0>,7,27,[5 1],9,38,65,29,38
1,<environment.Job instance at 0x153faacde280>,0,1,[1 9],1,1,2,0,1
1,<environment.Job instance at 0x153faacdef50>,2,28,[11  1],6,6,34,0,6
1,<environment.Job instance at 0x153fed399960>,0,1,[1 5],1,1,2,0,1
1,<environment.Job instance at 0x153faacde0f0>,1,25,[ 2 12],3,9,34,6,9
1,<environment.Job instance at 0x153fe5efedc0>,6,3,[ 2 11],9,34,37,25,25
1,<environment.Job instance at 0x153fed399500>,4,1,[ 2 13],7,37,38,30,25
1,<environment.Job instance at 0x153fed399c30>,5,14,[7 2],8,34,48,26,34
1,<environment.Job instance at 0x153faa7ec640>,3,14,[ 1 12],5,7,21,2,7
1,<environment.Job instance at 0x153feb061c30>,6,2,[ 1 11],8,21,23,13,8
1,<environment.Job instance at 0x153feb061d20>,7,1,[6 2],9,9,10,0,9
1,<environment.Job instance at 0x153feb061410>,5,23,[5 2],7,30,53,23,30
1,<environment.Job instance at 0x153faaa2b410>,2,19,[5 1],3,12,31,9,12
1,<environment.Job instance at 0x153faa72af00>,5,16,[ 1 10],8,15,31,7,15
1,<environment.Job instance at 0x153faa72afa0>,6,20,[12  2],9,70,90,61,70
1,<environment.Job instance at 0x153faa71e640>,0,1,[1 5],2,2,3,0,2
1,<environment.Job instance at 0x153faa71e730>,1,1,[13  1],3,3,4,0,3
1,<environment.Job instance at 0x153fe68bb640>,2,23,[1 5],6,6,29,0,6
1,<environment.Job instance at 0x153faab95f00>,6,2,[6 2],8,134,136,126,134
1,<environment.Job instance at 0x153faab95f50>,4,17,[14  2],7,18,35,11,18
1,<environment.Job instance at 0x153faab95f00>,3,3,[ 2 11],6,52,55,46,52
1,<environment.Job instance at 0x153fe5d44c30>,5,14,[2 6],8,309,323,301,309
1,<environment.Job instance at 0x153fed161050>,2,18,[8 1],4,4,22,0,4
1,<environment.Job instance at 0x153faab95a00>,4,1,[ 2 14],7,22,23,15,22
1,<environment.Job instance at 0x153faab95050>,5,23,[ 1 10],8,2701,2724,2693,2701
1,<environment.Job instance at 0x153faa8ecd70>,1,1,[ 2 13],2,2,3,0,2
1,<environment.Job instance at 0x153faad9c1e0>,2,22,[1 6],3,4,26,1,4
1,<environment.Job instance at 0x153faadee910>,4,16,[ 2 10],9,2346,2362,2337,2346
1,<environment.Job instance at 0x153feba5fe10>,5,3,[14  1],8,18,21,10,18
1,<environment.Job instance at 0x153fe5e650f0>,3,2,[1 7],5,1396,1398,1391,1396
1,<environment.Job instance at 0x153feb0a9910>,4,3,[6 2],6,1414,1417,1408,1414
1,<environment.Job instance at 0x153feb0a9fa0>,2,2,[13  1],4,2008,2010,2004,2008
1,<environment.Job instance at 0x153feb106640>,6,2,[5 2],9,9,11,0,9
1,<environment.Job instance at 0x153faad71c30>,0,21,[2 5],1,2,23,1,2
1,<environment.Job instance at 0x153feb0bb5f0>,5,19,[ 1 13],8,724,743,716,724
1,<environment.Job instance at 0x153feb9ecb90>,6,28,[14  2],9,2238,2266,2229,2238
1,<environment.Job instance at 0x153feb0d1500>,0,1,[ 1 13],1,1,2,0,1
1,<environment.Job instance at 0x153fe5fdccd0>,0,1,[ 1 10],1,1,2,0,1
1,<environment.Job instance at 0x153fe5fdceb0>,3,3,[14  2],7,7,10,0,7
1,<environment.Job instance at 0x153fe68bb140>,4,2,[2 6],8,10,12,2,8
1,<environment.Job instance at 0x153faa8b9aa0>,3,16,[11  1],6,6,22,0,6
1,<environment.Job instance at 0x153fab153410>,1,2,[ 1 11],5,6,8,1,6
1,<environment.Job instance at 0x153fab153230>,3,2,[5 2],7,8,10,1,8
1,<environment.Job instance at 0x153fab153dc0>,0,3,[ 2 14],4,10,13,6,10
1,<environment.Job instance at 0x153fab1538c0>,2,21,[2 6],6,13,34,7,13
1,<environment.Job instance at 0x153fe5050280>,1,1,[2 5],2,2,3,0,2
1,<environment.Job instance at 0x153fab1538c0>,4,1,[9 1],5,5,6,0,5
1,<environment.Job instance at 0x153faaa03230>,6,1,[7 1],8,8,9,0,8
1,<environment.Job instance at 0x153faaa032d0>,7,28,[2 7],9,10,38,1,10
1,<environment.Job instance at 0x153fab148e60>,4,24,[12  2],7,8,32,1,8
1,<environment.Job instance at 0x153faab249b0>,1,1,[14  2],5,6,7,1,6
1,<environment.Job instance at 0x153fe47efb90>,4,1,[8 1],8,8,9,0,8
1,<environment.Job instance at 0x153feb0ab460>,4,20,[9 1],6,7,27,1,7
1,<environment.Job instance at 0x153faa5d6870>,0,2,[ 1 14],1,4,6,3,4
1,<environment.Job instance at 0x153feb3141e0>,2,3,[1 7],4,61,64,57,61
1,<environment.Job instance at 0x153fe68deeb0>,0,1,[1 6],3,3,4,0,3
1,<environment.Job instance at 0x153faa8c8230>,3,3,[ 1 12],7,8,11,1,8
1,<environment.Job instance at 0x153fe0072190>,0,1,[9 2],4,4,5,0,4
1,<environment.Job instance at 0x153fe6844320>,1,1,[2 9],5,5,6,0,5
1,<environment.Job instance at 0x153fe4540140>,1,1,[1 8],3,3,4,0,3
1,<environment.Job instance at 0x153faaa8cc80>,4,22,[7 2],6,6,28,0,6
1,<environment.Job instance at 0x153fab2ad410>,6,12,[7 2],9,23,35,14,23
1,<environment.Job instance at 0x153feba6e550>,1,1,[1 9],2,2,3,0,2
1,<environment.Job instance at 0x153fe691d410>,5,24,[12  1],6,6,30,0,6
1,<environment.Job instance at 0x153fe691d370>,7,3,[ 2 12],8,47,50,39,47
1,<environment.Job instance at 0x153feba6efa0>,8,12,[11  1],9,364,376,355,364
1,<environment.Job instance at 0x153fe691dfa0>,0,2,[ 2 14],1,2,4,1,2
1,<environment.Job instance at 0x153fab330c30>,3,28,[5 2],5,8,36,3,8
1,<environment.Job instance at 0x153fab3304b0>,5,28,[2 7],8,1256,1284,1248,1256
1,<environment.Job instance at 0x153fab3b8cd0>,0,1,[10  2],1,1,2,0,1
1,<environment.Job instance at 0x153fab3b8f00>,2,1,[11  2],5,9,10,4,9
1,<environment.Job instance at 0x153faaca1b40>,4,12,[1 9],7,20,32,13,20
1,<environment.Job instance at 0x153faaca1b90>,5,1,[7 2],8,20,21,12,20
1,<environment.Job instance at 0x153faaca1c80>,6,12,[1 5],9,21,33,12,20
1,<environment.Job instance at 0x153faa6d6a00>,1,1,[ 2 12],3,237,238,234,237
1,<environment.Job instance at 0x153faa6d60f0>,3,16,[12  2],6,1110,1126,1104,1110
1,<environment.Job instance at 0x153faacaa3c0>,0,1,[5 1],1,1,2,0,1
1,<environment.Job instance at 0x153fe44e8690>,1,1,[12  1],5,7,8,2,7
1,<environment.Job instance at 0x153fe44e8b40>,3,2,[1 5],8,8,10,0,8
1,<environment.Job instance at 0x153fe44e82d0>,2,24,[2 6],7,798,822,791,798
1,<environment.Job instance at 0x153fe6c44fa0>,0,1,[9 1],1,1,2,0,1
1,<environment.Job instance at 0x153fe6c44780>,1,1,[1 9],2,2,3,0,2
1,<environment.Job instance at 0x153fe6c44b90>,4,3,[ 1 13],5,7,10,2,7
1,<environment.Job instance at 0x153fe6c44370>,6,28,[7 1],7,7,35,0,7
1,<environment.Job instance at 0x153faa97d640>,5,25,[1 8],6,39,64,33,39
1,<environment.Job instance at 0x153faa97d140>,6,3,[ 2 13],8,64,67,56,54
1,<environment.Job instance at 0x153faa97d550>,7,28,[2 8],9,67,95,58,67
1,<environment.Job instance at 0x153fecfdddc0>,0,21,[1 5],3,3,24,0,3
1,<environment.Job instance at 0x153faabfe730>,3,2,[ 1 12],6,24,26,18,8
1,<environment.Job instance at 0x153faa775aa0>,6,22,[13  1],9,9,31,0,9
1,<environment.Job instance at 0x153faae4ba50>,5,3,[ 1 14],8,45,48,37,45
1,<environment.Job instance at 0x153faae4b280>,4,2,[13  1],7,388,390,381,388
1,<environment.Job instance at 0x153fe45692d0>,0,18,[ 1 12],1,3,21,2,3
1,<environment.Job instance at 0x153fab363050>,3,3,[13  1],4,4,7,0,4
1,<environment.Job instance at 0x153fab3a6960>,5,22,[10  1],7,7,29,0,7
1,<environment.Job instance at 0x153feba27b90>,2,25,[9 2],3,29,54,26,25
1,<environment.Job instance at 0x153faab1d280>,3,19,[2 6],4,5,24,1,5
1,<environment.Job instance at 0x153faac7e8c0>,5,2,[5 1],8,23,25,15,23
1,<environment.Job instance at 0x153fe69480a0>,0,1,[ 1 10],2,2,3,0,2
1,<environment.Job instance at 0x153faadc7280>,4,3,[9 2],8,44,47,36,44
1,<environment.Job instance at 0x153faa78cfa0>,3,2,[14  2],7,57,59,50,57
1,<environment.Job instance at 0x153faadc7320>,5,15,[11  2],9,59,74,50,59
1,<environment.Job instance at 0x153fe68c74b0>,3,24,[1 5],5,5,29,0,5
1,<environment.Job instance at 0x153fe6883f50>,4,26,[2 6],6,6,32,0,6
1,<environment.Job instance at 0x153fe680f500>,5,3,[8 1],7,74,77,67,74
1,<environment.Job instance at 0x153fe5d72690>,7,3,[6 1],9,228,231,219,228
1,<environment.Job instance at 0x153fe5c7c910>,2,2,[2 5],4,1712,1714,1708,1712
1,<environment.Job instance at 0x153fab359c30>,0,2,[ 2 11],1,3,5,2,3
1,<environment.Job instance at 0x153fe5fed8c0>,7,12,[5 2],9,49,61,40,49
1,<environment.Job instance at 0x153fe5fed870>,5,2,[5 1],7,334,336,327,334
1,<environment.Job instance at 0x153fe695bd20>,4,15,[6 2],8,71,86,63,71
1,<environment.Job instance at 0x153fe5fed140>,1,13,[ 1 14],2,1274,1287,1272,1274
1,<environment.Job instance at 0x153fe695b5f0>,2,20,[8 1],5,1275,1295,1270,1275
1,<environment.Job instance at 0x153fe695b2d0>,1,1,[11  2],5,6,7,1,6
1,<environment.Job instance at 0x153faaca15f0>,3,2,[2 6],9,9,11,0,9
1,<environment.Job instance at 0x153faaca1870>,2,27,[11  1],6,17,44,11,17
1,<environment.Job instance at 0x153fe44e8780>,1,2,[ 2 13],2,5,7,3,5
1,<environment.Job instance at 0x153fe44e8b40>,2,13,[5 2],5,298,311,293,298
1,<environment.Job instance at 0x153faa976730>,3,2,[7 2],6,36,38,30,36
1,<environment.Job instance at 0x153faa976550>,4,2,[13  2],7,43,45,36,43
1,<environment.Job instance at 0x153fe5f938c0>,5,15,[12  2],8,96,111,88,96
1,<environment.Job instance at 0x153feb9e6f00>,2,1,[ 2 11],5,7,8,2,7
1,<environment.Job instance at 0x153fe5e47730>,3,1,[11  2],6,9,10,3,9
1,<environment.Job instance at 0x153fe5e47c30>,4,22,[2 9],7,229,251,222,229
1,<environment.Job instance at 0x153fe5e47e60>,1,1,[8 1],6,6,7,0,6
1,<environment.Job instance at 0x153faac09730>,3,1,[1 6],9,9,10,0,9
1,<environment.Job instance at 0x153faa877fa0>,2,2,[ 1 13],4,793,795,789,793
1,<environment.Job instance at 0x153fe5f11c30>,6,23,[ 2 12],9,795,818,786,795
1,<environment.Job instance at 0x153faa99baa0>,0,1,[2 8],1,1,2,0,1
1,<environment.Job instance at 0x153faac37320>,5,13,[2 7],6,25,38,19,25
1,<environment.Job instance at 0x153faac372d0>,6,2,[8 1],7,28,30,21,28
1,<environment.Job instance at 0x153faac37370>,7,2,[7 1],8,30,32,22,28
1,<environment.Job instance at 0x153faac37410>,8,3,[9 1],9,32,35,23,29
1,<environment.Job instance at 0x153fe5f11c30>,2,1,[2 8],3,1103,1104,1100,1103
1,<environment.Job instance at 0x153faac37dc0>,1,25,[6 2],2,6,31,4,6
1,<environment.Job instance at 0x153faa691550>,2,22,[1 7],4,5,27,1,5
1,<environment.Job instance at 0x153fe6c5ac80>,1,1,[5 1],3,3,4,0,3
1,<environment.Job instance at 0x153feb0d9dc0>,2,1,[2 7],4,4,5,0,4
1,<environment.Job instance at 0x153faaeb7c30>,5,1,[6 2],7,1081,1082,1074,1081
1,<environment.Job instance at 0x153fab2674b0>,0,2,[1 9],1,1,3,0,1
1,<environment.Job instance at 0x153fe47c1190>,3,22,[5 2],9,9,31,0,9
1,<environment.Job instance at 0x153fecfd79b0>,2,1,[ 1 11],6,6,7,0,6
1,<environment.Job instance at 0x153faa5cf1e0>,2,1,[2 5],3,3,4,0,3
1,<environment.Job instance at 0x153fe5efd320>,6,1,[ 2 10],9,56,57,47,56
1,<environment.Job instance at 0x153faa62f820>,4,3,[10  1],9,19,22,10,19
1,<environment.Job instance at 0x153fab13df50>,1,18,[ 1 12],2,1913,1931,1911,1913
1,<environment.Job instance at 0x153fe7f176e0>,2,24,[12  2],3,1914,1938,1911,1914
1,<environment.Job instance at 0x153faacd6690>,5,21,[ 1 13],8,8,29,0,8
1,<environment.Job instance at 0x153faaaa6370>,5,18,[7 1],9,35,53,26,35
1,<environment.Job instance at 0x153faaaa6460>,2,1,[11  1],3,639,640,636,639
1,<environment.Job instance at 0x153faaaa6dc0>,3,3,[12  1],4,646,649,642,646
1,<environment.Job instance at 0x153faaaa6960>,4,3,[14  2],7,704,707,697,704
1,<environment.Job instance at 0x153fecfd4f50>,0,1,[1 6],1,1,2,0,1
1,<environment.Job instance at 0x153fecfd44b0>,1,2,[14  2],2,4,6,2,4
1,<environment.Job instance at 0x153fab31b410>,4,2,[14  2],5,6,8,1,5
1,<environment.Job instance at 0x153faaaa6960>,5,1,[ 2 12],7,8,9,1,7
1,<environment.Job instance at 0x153fab31b640>,6,2,[ 1 10],8,9,11,1,8
1,<environment.Job instance at 0x153fab31be60>,1,26,[14  2],2,2,28,0,2
1,<environment.Job instance at 0x153faacdb5f0>,5,14,[ 2 13],8,35,49,27,35
1,<environment.Job instance at 0x153fab31bf50>,2,3,[13  1],3,2081,2084,2078,2081
1,<environment.Job instance at 0x153faacdbb40>,4,14,[7 1],7,2392,2406,2385,2392
1,<environment.Job instance at 0x153faacdbf00>,1,1,[ 2 10],2,2,3,0,2
1,<environment.Job instance at 0x153fab2355f0>,2,2,[ 1 14],4,4,6,0,4
1,<environment.Job instance at 0x153faa791f00>,1,1,[7 2],3,3,4,0,3
1,<environment.Job instance at 0x153feba81500>,2,26,[2 8],4,4,30,0,4
1,<environment.Job instance at 0x153fe6807af0>,2,23,[1 5],3,3,26,0,3
1,<environment.Job instance at 0x153fe6807550>,7,20,[6 2],9,15,35,6,15
1,<environment.Job instance at 0x153fe6807500>,5,3,[ 1 11],6,158,161,152,158
1,<environment.Job instance at 0x153fe6807dc0>,3,2,[ 2 11],4,1027,1029,1023,1027
1,<environment.Job instance at 0x153feafeeb40>,4,2,[ 1 12],5,1032,1034,1027,1032
1,<environment.Job instance at 0x153fe68075a0>,2,24,[7 1],4,7,31,3,7
1,<environment.Job instance at 0x153faa9b0fa0>,2,23,[8 2],3,3,26,0,3
1,<environment.Job instance at 0x153faa9b0a50>,3,14,[1 5],4,5,19,1,5
1,<environment.Job instance at 0x153fe00aef00>,5,19,[ 2 11],6,19,38,13,9
1,<environment.Job instance at 0x153faac09af0>,4,23,[13  1],5,26,49,21,21
1,<environment.Job instance at 0x153fe00aee10>,7,24,[2 5],8,38,62,30,33
1,<environment.Job instance at 0x153fe00aee60>,6,24,[10  2],7,752,776,745,752
1,<environment.Job instance at 0x153fab0804b0>,1,2,[2 9],4,10,12,6,10
1,<environment.Job instance at 0x153fab080d20>,4,1,[1 5],9,210,211,201,210
1,<environment.Job instance at 0x153fe5ef36e0>,3,1,[ 2 10],4,4,5,0,4
1,<environment.Job instance at 0x153faa9a02d0>,0,1,[2 5],2,2,3,0,2
1,<environment.Job instance at 0x153faa9a0230>,1,1,[5 1],5,5,6,0,5
1,<environment.Job instance at 0x153fe6c91be0>,4,3,[ 2 14],5,7,10,2,7
1,<environment.Job instance at 0x153fe6c91730>,6,1,[9 1],8,8,9,0,8
1,<environment.Job instance at 0x153fe6c925f0>,7,20,[2 9],9,11,31,2,11
1,<environment.Job instance at 0x153faa6130a0>,0,1,[2 6],1,1,2,0,1
1,<environment.Job instance at 0x153faa613320>,3,20,[2 9],7,7,27,0,7
1,<environment.Job instance at 0x153faab9a0f0>,1,22,[1 5],2,2,24,0,2
1,<environment.Job instance at 0x153fe5efee60>,4,2,[ 2 13],6,1204,1206,1198,1204
1,<environment.Job instance at 0x153fe5efee60>,2,1,[9 1],4,4,5,0,4
1,<environment.Job instance at 0x153faab7ae10>,3,2,[11  1],6,9,11,3,9
1,<environment.Job instance at 0x153fab39e550>,5,26,[9 2],9,11,37,2,9
1,<environment.Job instance at 0x153faa80bbe0>,3,17,[8 1],6,6,23,0,6
1,<environment.Job instance at 0x153fe5d25730>,4,16,[8 1],6,95,111,89,95
1,<environment.Job instance at 0x153fe5d25690>,5,3,[2 7],7,103,106,96,103
1,<environment.Job instance at 0x153fe5d25d20>,6,2,[1 6],8,103,105,95,103
1,<environment.Job instance at 0x153fe5d251e0>,7,3,[5 1],9,105,108,96,103
1,<environment.Job instance at 0x153fab2918c0>,0,2,[ 2 13],1,2,4,1,2
1,<environment.Job instance at 0x153fab2919b0>,1,21,[7 2],2,2,23,0,2
1,<environment.Job instance at 0x153fe5eeffa0>,2,25,[9 1],6,6,31,0,6
1,<environment.Job instance at 0x153faa85d6e0>,0,2,[ 1 12],1,3,5,2,3
1,<environment.Job instance at 0x153fe5eefb40>,1,24,[7 1],3,3,27,0,3
1,<environment.Job instance at 0x153fe5e40500>,5,3,[5 2],7,391,394,384,391
1,<environment.Job instance at 0x153fe5e403c0>,6,27,[1 8],8,981,1008,973,981
1,<environment.Job instance at 0x153fe5e40dc0>,7,3,[8 2],9,1133,1136,1124,1133
1,<environment.Job instance at 0x153fe6c69960>,2,27,[ 2 14],3,1273,1300,1270,1273
1,<environment.Job instance at 0x153fe5e40d70>,3,22,[9 2],4,1300,1322,1296,1296
1,<environment.Job instance at 0x153feb0d14b0>,2,1,[8 1],4,4,5,0,4
1,<environment.Job instance at 0x153feb0d1e10>,3,23,[13  1],5,5,28,0,5
1,<environment.Job instance at 0x153faaea5190>,5,1,[11  2],8,8,9,0,8
1,<environment.Job instance at 0x153fab008aa0>,1,26,[13  1],4,4,30,0,4
1,<environment.Job instance at 0x153fab248780>,5,2,[6 2],9,30,32,21,19
1,<environment.Job instance at 0x153fab248aa0>,2,3,[ 1 14],5,36,39,31,36
1,<environment.Job instance at 0x153fab008410>,3,16,[14  2],7,258,274,251,258
1,<environment.Job instance at 0x153fab248460>,1,22,[ 2 10],3,3,25,0,3
1,<environment.Job instance at 0x153faa71d2d0>,4,1,[5 1],8,13,14,5,13
1,<environment.Job instance at 0x153faa97f910>,1,1,[12  1],2,635,636,633,635
1,<environment.Job instance at 0x153feb01dc80>,2,20,[1 9],5,655,675,650,655
1,<environment.Job instance at 0x153feb01dbe0>,3,1,[7 2],7,696,697,689,696
1,<environment.Job instance at 0x153faa71d9b0>,0,2,[13  1],1,4,6,3,4
1,<environment.Job instance at 0x153faae9a320>,3,3,[5 2],5,6,9,1,5
1,<environment.Job instance at 0x153faae9ab40>,5,1,[2 8],8,8,9,0,8
1,<environment.Job instance at 0x153faa71da00>,2,15,[5 1],4,30,45,26,30
1,<environment.Job instance at 0x153fe4289d20>,1,21,[6 1],2,2,23,0,2
1,<environment.Job instance at 0x153fab25feb0>,0,3,[ 1 13],2,7,10,5,7
1,<environment.Job instance at 0x153fab25fb40>,2,15,[10  2],5,7,22,2,7
1,<environment.Job instance at 0x153fab25fe60>,4,21,[11  1],7,22,43,15,14
1,<environment.Job instance at 0x153fe5cf5af0>,4,21,[8 2],7,7,28,0,7
1,<environment.Job instance at 0x153fe6cb9f00>,2,1,[ 1 13],6,6,7,0,6
1,<environment.Job instance at 0x153fe6cb9f00>,2,26,[ 1 13],4,5,31,1,5
1,<environment.Job instance at 0x153fab3e1f00>,2,22,[1 5],4,4,26,0,4
1,<environment.Job instance at 0x153fe47ece60>,1,1,[2 9],3,3,4,0,3
1,<environment.Job instance at 0x153faad4ac30>,2,3,[ 1 14],6,7,10,1,7
1,<environment.Job instance at 0x153fe47ec460>,3,20,[5 2],7,10,30,3,8
1,<environment.Job instance at 0x153feafe6af0>,4,22,[7 2],6,7,29,1,7
1,<environment.Job instance at 0x153fe9d7a870>,3,3,[12  2],7,406,409,399,406
1,<environment.Job instance at 0x153fe9d7a3c0>,4,3,[ 1 12],8,541,544,533,541
1,<environment.Job instance at 0x153fe9d7a5a0>,5,22,[6 1],9,1262,1284,1253,1262
1,<environment.Job instance at 0x153fe5e4f050>,2,1,[8 2],3,3,4,0,3
1,<environment.Job instance at 0x153fe6c95e60>,1,1,[2 8],3,3,4,0,3
1,<environment.Job instance at 0x153faaec9730>,2,1,[2 7],5,5,6,0,5
1,<environment.Job instance at 0x153faaf75320>,3,1,[6 1],7,7,8,0,7
1,<environment.Job instance at 0x153fe4577780>,1,27,[13  1],2,1387,1414,1385,1387
1,<environment.Job instance at 0x153faaaec410>,4,1,[1 5],6,1400,1401,1394,1400
1,<environment.Job instance at 0x153faaaec5f0>,7,3,[1 5],9,1804,1807,1795,1804
1,<environment.Job instance at 0x153faa84be10>,2,1,[2 8],4,4,5,0,4
1,<environment.Job instance at 0x153feb061280>,3,24,[2 5],6,6,30,0,6
1,<environment.Job instance at 0x153fab06cbe0>,5,1,[7 2],6,6,7,0,6
1,<environment.Job instance at 0x153fab06cfa0>,6,15,[9 2],8,9,24,1,9
1,<environment.Job instance at 0x153fab06c3c0>,7,17,[5 1],9,12,29,3,12
1,<environment.Job instance at 0x153faa9c54b0>,2,1,[13  2],3,200,201,197,200
1,<environment.Job instance at 0x153faa9c54b0>,2,16,[1 8],4,4,20,0,4
1,<environment.Job instance at 0x153faa784aa0>,3,25,[9 2],5,5,30,0,5
1,<environment.Job instance at 0x153fe5f75140>,5,1,[13  2],8,34,35,26,34
1,<environment.Job instance at 0x153fe5f8d7d0>,2,2,[ 1 11],4,5,7,1,5
1,<environment.Job instance at 0x153fe5f75730>,3,22,[6 2],5,9,31,4,9
1,<environment.Job instance at 0x153fe68d40f0>,6,3,[8 2],8,8,11,0,8
1,<environment.Job instance at 0x153fe68d4230>,4,12,[6 2],5,41,53,36,41
1,<environment.Job instance at 0x153faaa5bb40>,4,27,[6 2],9,10,37,1,10
1,<environment.Job instance at 0x153faaa5bb40>,5,15,[7 1],9,65,80,56,65
1,<environment.Job instance at 0x153faa9cb2d0>,1,1,[1 5],2,2,3,0,2
1,<environment.Job instance at 0x153faa9cb410>,1,1,[13  1],5,8,9,3,8
1,<environment.Job instance at 0x153fab0e1730>,4,20,[9 1],9,9,29,0,9
1,<environment.Job instance at 0x153fab0e1cd0>,3,23,[10  2],8,29,52,21,26
1,<environment.Job instance at 0x153fe6c8e7d0>,7,15,[5 2],9,307,322,298,307
1,<environment.Job instance at 0x153faaf6f0a0>,1,1,[14  2],2,2,3,0,2
1,<environment.Job instance at 0x153faaf6f370>,5,19,[8 1],8,8,27,0,8
1,<environment.Job instance at 0x153fe7f1b730>,1,3,[ 1 10],4,6,9,2,6
1,<environment.Job instance at 0x153fe7f1b910>,5,3,[5 1],9,9,12,0,9
1,<environment.Job instance at 0x153fe7f1bf50>,2,15,[9 2],6,224,239,218,224
1,<environment.Job instance at 0x153faa624af0>,4,2,[1 8],8,1316,1318,1308,1316
1,<environment.Job instance at 0x153fe693a690>,2,20,[12  1],6,6,26,0,6
1,<environment.Job instance at 0x153fab31b410>,5,13,[5 2],9,26,39,17,16
1,<environment.Job instance at 0x153fab31ba50>,3,2,[ 1 10],7,186,188,179,186
1,<environment.Job instance at 0x153faa8b0050>,3,27,[9 1],7,7,34,0,7
1,<environment.Job instance at 0x153fe68da960>,0,1,[ 2 13],1,1,2,0,1
1,<environment.Job instance at 0x153faa99b0f0>,4,1,[2 8],5,5,6,0,5
1,<environment.Job instance at 0x153faa99b0a0>,5,1,[10  1],6,6,7,0,6
1,<environment.Job instance at 0x153faa99bc80>,0,1,[2 5],3,3,4,0,3
1,<environment.Job instance at 0x153faa99bd70>,3,3,[ 2 12],6,9,12,3,9
1,<environment.Job instance at 0x153faae6b7d0>,5,24,[10  1],9,10,34,1,10
1,<environment.Job instance at 0x153faaf558c0>,0,21,[1 5],1,1,22,0,1
1,<environment.Job instance at 0x153fab3bd050>,1,20,[ 2 11],3,5,25,2,5
1,<environment.Job instance at 0x153fab075b40>,3,12,[6 2],6,7,19,1,7
1,<environment.Job instance at 0x153fab075a00>,2,22,[5 2],5,8,30,3,8
1,<environment.Job instance at 0x153fab02d0a0>,0,1,[5 2],1,1,2,0,1
1,<environment.Job instance at 0x153faaf06af0>,7,2,[12  2],9,9,11,0,9
1,<environment.Job instance at 0x153faa7d0870>,5,16,[6 1],7,116,132,109,116
1,<environment.Job instance at 0x153faaf06050>,6,15,[2 9],8,207,222,199,207
1,<environment.Job instance at 0x153fe5dfd0a0>,7,2,[5 1],8,12,14,4,12
1,<environment.Job instance at 0x153fe5dfd370>,6,15,[2 9],7,12,27,5,12
1,<environment.Job instance at 0x153fe5dfd550>,4,14,[9 1],5,37,51,32,37
1,<environment.Job instance at 0x153fe5dfdd70>,3,2,[12  1],4,114,116,110,114
1,<environment.Job instance at 0x153fe5dfd050>,5,14,[ 2 12],6,124,138,118,124
1,<environment.Job instance at 0x153fab354a00>,0,1,[14  1],1,2,3,1,2
1,<environment.Job instance at 0x153fab354f50>,2,1,[12  2],6,6,7,0,6
1,<environment.Job instance at 0x153fab3544b0>,5,3,[11  1],9,1488,1491,1479,1488
1,<environment.Job instance at 0x153fab32c780>,4,14,[5 2],9,889,903,880,889
1,<environment.Job instance at 0x153feb980870>,3,3,[11  1],6,7,10,1,7
1,<environment.Job instance at 0x153fab32c780>,2,18,[10  2],3,10,28,7,8
1,<environment.Job instance at 0x153fe68aacd0>,1,1,[12  1],3,3,4,0,3
1,<environment.Job instance at 0x153fe5dc2730>,3,1,[ 2 12],4,6,7,2,6
1,<environment.Job instance at 0x153feba44370>,5,2,[10  1],7,7,9,0,7
1,<environment.Job instance at 0x153feba441e0>,6,2,[ 2 12],8,8,10,0,8
1,<environment.Job instance at 0x153fe5dc2870>,4,22,[8 2],6,24,46,18,24
1,<environment.Job instance at 0x153feba44a50>,1,1,[ 2 13],2,2,3,0,2
1,<environment.Job instance at 0x153fed39cf00>,3,1,[10  2],5,5,6,0,5
1,<environment.Job instance at 0x153fab371fa0>,4,26,[ 1 10],6,12,38,6,12
1,<environment.Job instance at 0x153fe47c4fa0>,5,27,[10  2],8,9,36,1,9
1,<environment.Job instance at 0x153fab3715a0>,3,17,[14  2],5,93,110,88,93
1,<environment.Job instance at 0x153feb3527d0>,1,22,[6 2],2,2,24,0,2
1,<environment.Job instance at 0x153feb352370>,4,22,[5 2],7,29,51,22,29
1,<environment.Job instance at 0x153fe5028500>,5,1,[8 1],8,55,56,47,55
1,<environment.Job instance at 0x153fe5028b40>,6,2,[ 2 11],9,140,142,131,140
1,<environment.Job instance at 0x153fe5028e60>,1,1,[6 2],2,2,3,0,2
1,<environment.Job instance at 0x153fe5028b40>,4,17,[10  1],5,6,23,1,6
1,<environment.Job instance at 0x153fe691d0f0>,5,21,[2 9],6,48,69,42,48
1,<environment.Job instance at 0x153faaed7500>,1,1,[12  1],3,5,6,2,5
1,<environment.Job instance at 0x153fe5d247d0>,4,2,[1 9],7,7,9,0,7
1,<environment.Job instance at 0x153fe691d0f0>,5,1,[2 6],8,8,9,0,8
1,<environment.Job instance at 0x153fe45ba0a0>,0,22,[ 1 10],1,9,31,8,9
1,<environment.Job instance at 0x153fe5d244b0>,2,15,[2 8],4,62,77,58,62
1,<environment.Job instance at 0x153fe5d241e0>,3,26,[ 1 10],5,232,258,227,232
1,<environment.Job instance at 0x153faab543c0>,0,28,[1 5],2,3,31,1,3
1,<environment.Job instance at 0x153fe404c5f0>,5,26,[ 2 10],8,47,73,39,47
1,<environment.Job instance at 0x153fe0077370>,3,2,[6 2],5,1776,1778,1771,1776
1,<environment.Job instance at 0x153faabc4d70>,4,2,[12  1],6,9,11,3,9
1,<environment.Job instance at 0x153fe0077370>,5,25,[1 7],8,176,201,168,176
1,<environment.Job instance at 0x153faabd5870>,6,16,[7 1],9,189,205,180,189
1,<environment.Job instance at 0x153faad18c30>,0,3,[ 2 14],1,3,6,2,3
1,<environment.Job instance at 0x153faad186e0>,1,27,[13  2],3,6,33,3,5
1,<environment.Job instance at 0x153faacc15a0>,0,23,[ 1 13],1,4,27,3,4
1,<environment.Job instance at 0x153fe4051870>,2,27,[13  2],3,6,33,3,6
1,<environment.Job instance at 0x153faad8ffa0>,7,18,[1 8],9,28,46,19,28
1,<environment.Job instance at 0x153fe004a820>,3,3,[7 1],5,33,36,28,33
1,<environment.Job instance at 0x153fe6cad320>,4,18,[ 2 13],6,356,374,350,356
1,<environment.Job instance at 0x153fab2be0a0>,1,20,[1 9],2,4,24,2,4
1,<environment.Job instance at 0x153fab2bef00>,3,1,[ 1 11],5,24,25,19,5
1,<environment.Job instance at 0x153fab2be910>,4,2,[10  1],6,6,8,0,6
1,<environment.Job instance at 0x153faac77c30>,0,1,[2 9],2,2,3,0,2
1,<environment.Job instance at 0x153fe5de3e60>,4,1,[7 2],8,8,9,0,8
1,<environment.Job instance at 0x153fab1a6f50>,5,1,[1 9],7,32,33,25,32
1,<environment.Job instance at 0x153fab1a6c30>,7,23,[2 6],9,205,228,196,205
1,<environment.Job instance at 0x153fe45b7410>,1,1,[7 1],3,3,4,0,3
1,<environment.Job instance at 0x153faac413c0>,4,28,[14  1],8,9,37,1,9
1,<environment.Job instance at 0x153faae8c730>,3,17,[5 1],6,7,24,1,7
1,<environment.Job instance at 0x153fe5f9bdc0>,0,25,[1 5],1,1,26,0,1
1,<environment.Job instance at 0x153fe5e90780>,6,12,[10  2],8,8,20,0,8
1,<environment.Job instance at 0x153fe5de3960>,4,14,[2 5],6,76,90,70,76
1,<environment.Job instance at 0x153fe5f9b190>,3,3,[12  1],4,146,149,142,146
1,<environment.Job instance at 0x153fe5e900a0>,5,18,[ 2 10],7,593,611,586,593
1,<environment.Job instance at 0x153fe5ec6960>,4,18,[7 1],9,35,53,26,35
1,<environment.Job instance at 0x153fe680b5a0>,1,1,[5 1],2,2,3,0,2
1,<environment.Job instance at 0x153fe680be60>,3,2,[13  1],5,59,61,54,59
1,<environment.Job instance at 0x153fe680b5f0>,4,15,[11  1],6,61,76,55,60
1,<environment.Job instance at 0x153fe680b960>,5,3,[2 6],9,79,82,70,79
1,<environment.Job instance at 0x153fe6c79eb0>,2,28,[8 1],4,4,32,0,4
1,<environment.Job instance at 0x153fe6c797d0>,4,2,[1 9],7,23,25,16,23
1,<environment.Job instance at 0x153fe6c79140>,3,23,[12  2],6,32,55,26,26
1,<environment.Job instance at 0x153fe6c794b0>,6,25,[9 1],9,55,80,46,52
1,<environment.Job instance at 0x153fe5d00c30>,1,2,[9 2],3,4,6,1,4
1,<environment.Job instance at 0x153fe47c4320>,0,3,[12  1],1,6,9,5,5
1,<environment.Job instance at 0x153fe6c79d20>,5,2,[1 9],7,8,10,1,8
1,<environment.Job instance at 0x153feba9e3c0>,7,1,[5 1],9,11,12,2,11
1,<environment.Job instance at 0x153fe47c4dc0>,2,21,[ 2 14],4,37,58,33,37
1,<environment.Job instance at 0x153feba9e370>,6,21,[8 1],8,74,95,66,74
1,<environment.Job instance at 0x153feba9eeb0>,2,1,[9 2],4,4,5,0,4
1,<environment.Job instance at 0x153feba9e370>,3,23,[1 7],4,5,28,1,5
1,<environment.Job instance at 0x153fe45323c0>,5,27,[10  1],6,7,34,1,7
1,<environment.Job instance at 0x153fe45320f0>,8,13,[ 1 10],9,28,41,19,12
1,<environment.Job instance at 0x153feba9eb90>,4,21,[1 7],5,191,212,186,191
1,<environment.Job instance at 0x153feb04e230>,4,1,[12  2],9,20,21,11,20
1,<environment.Job instance at 0x153faabb5f50>,2,18,[9 2],4,6,24,2,6
1,<environment.Job instance at 0x153faadb2be0>,3,23,[6 2],6,9,32,3,9
1,<environment.Job instance at 0x153fe6c4e0f0>,6,21,[2 7],9,201,222,192,201
1,<environment.Job instance at 0x153fe5f1f780>,4,27,[1 5],5,77,104,72,77
1,<environment.Job instance at 0x153faaf87640>,5,17,[13  2],6,282,299,276,282
1,<environment.Job instance at 0x153faaf87f50>,6,13,[2 9],7,1516,1529,1509,1516
1,<environment.Job instance at 0x153faaf87870>,7,16,[5 2],9,2591,2607,2582,2591
1,<environment.Job instance at 0x153faaf87730>,5,14,[2 8],8,8,22,0,8
1,<environment.Job instance at 0x153fe5f63aa0>,2,3,[14  1],3,22,25,19,18
1,<environment.Job instance at 0x153fe5f63870>,3,14,[ 1 10],6,230,244,224,230
1,<environment.Job instance at 0x153fe5f4df50>,0,3,[ 1 11],1,4,7,3,4
1,<environment.Job instance at 0x153fab3162d0>,1,25,[8 2],4,4,29,0,4
1,<environment.Job instance at 0x153fe5dbca00>,6,3,[7 1],9,11,14,2,11
1,<environment.Job instance at 0x153fe5f63870>,4,22,[10  2],7,29,51,22,27
1,<environment.Job instance at 0x153fe5dbc870>,5,15,[1 5],8,1004,1019,996,1004
1,<environment.Job instance at 0x153faaf55910>,4,1,[2 6],5,5,6,0,5
1,<environment.Job instance at 0x153faae53050>,1,2,[ 1 11],2,3,5,1,3
1,<environment.Job instance at 0x153faae53af0>,0,27,[ 1 10],1,6,33,5,6
1,<environment.Job instance at 0x153faae53140>,4,2,[13  1],8,8,10,0,8
1,<environment.Job instance at 0x153faaefa370>,1,3,[ 1 13],2,5,8,3,5
1,<environment.Job instance at 0x153faa80f6e0>,2,1,[ 2 10],5,5,6,0,5
1,<environment.Job instance at 0x153fe5cd21e0>,4,1,[2 6],8,9,10,1,9
1,<environment.Job instance at 0x153fe5cd2a00>,3,3,[ 1 14],6,10,13,4,9
1,<environment.Job instance at 0x153fe5cd2230>,5,23,[2 7],9,16,39,7,16
1,<environment.Job instance at 0x153faa995140>,8,26,[ 2 10],9,9,35,0,9
1,<environment.Job instance at 0x153faaae2140>,6,3,[14  2],9,9,12,0,9
1,<environment.Job instance at 0x153faaae2460>,4,3,[14  1],6,151,154,145,151
1,<environment.Job instance at 0x153faa995c80>,3,1,[ 2 11],4,4,5,0,4
1,<environment.Job instance at 0x153faad7e190>,1,1,[1 5],6,6,7,0,6
1,<environment.Job instance at 0x153fed38e460>,1,1,[1 6],2,3,4,1,3
1,<environment.Job instance at 0x153fe9d7e0a0>,0,2,[12  1],1,3,5,2,3
1,<environment.Job instance at 0x153fe9d7ef50>,2,25,[ 1 13],3,8,33,5,8
1,<environment.Job instance at 0x153faa808e60>,1,1,[7 2],3,3,4,0,3
1,<environment.Job instance at 0x153feb0b2be0>,2,27,[1 8],5,6,33,1,6
1,<environment.Job instance at 0x153feb34c3c0>,5,1,[ 1 10],9,9,10,0,9
1,<environment.Job instance at 0x153faaee9690>,2,1,[ 2 11],3,3,4,0,3
1,<environment.Job instance at 0x153faaee90f0>,4,3,[13  1],6,10,13,4,10
1,<environment.Job instance at 0x153faaee9f50>,7,23,[2 6],9,10,33,1,10
1,<environment.Job instance at 0x153fab191f50>,1,26,[10  1],2,2,28,0,2
1,<environment.Job instance at 0x153fab191a50>,2,20,[5 1],3,4,24,1,4
1,<environment.Job instance at 0x153feaffdc80>,6,19,[8 2],7,37,56,30,37
1,<environment.Job instance at 0x153fe69bb7d0>,2,1,[ 1 10],5,5,6,0,5
1,<environment.Job instance at 0x153fab1373c0>,5,27,[9 2],8,8,35,0,8
1,<environment.Job instance at 0x153faaebcfa0>,0,1,[ 2 14],1,1,2,0,1
1,<environment.Job instance at 0x153fecb65be0>,4,25,[1 5],6,6,31,0,6
1,<environment.Job instance at 0x153faa8e47d0>,1,26,[10  1],2,2,28,0,2
1,<environment.Job instance at 0x153faa8e46e0>,5,2,[6 2],8,420,422,412,420
1,<environment.Job instance at 0x153fab2ad190>,6,17,[7 2],9,512,529,503,512
1,<environment.Job instance at 0x153fab2ad190>,3,22,[9 1],4,5,27,1,5
1,<environment.Job instance at 0x153faac5e6e0>,2,1,[2 7],3,3,4,0,3
1,<environment.Job instance at 0x153fedaf5a00>,2,22,[13  1],8,8,30,0,8
1,<environment.Job instance at 0x153fecb731e0>,3,1,[11  1],9,2905,2906,2896,2905
1,<environment.Job instance at 0x153fecb737d0>,0,20,[5 1],1,2,22,1,2
1,<environment.Job instance at 0x153faa975aa0>,3,1,[7 1],5,5,6,0,5
1,<environment.Job instance at 0x153faa975e60>,4,3,[ 2 14],6,2275,2278,2269,2275
1,<environment.Job instance at 0x153faa9756e0>,6,3,[ 2 10],9,2279,2282,2270,2279
1,<environment.Job instance at 0x153faa975320>,5,16,[5 1],7,2282,2298,2275,2282
1,<environment.Job instance at 0x153fed9ce280>,2,1,[ 2 13],3,3,4,0,3
1,<environment.Job instance at 0x153fed9ce410>,3,23,[1 5],5,5,28,0,5
1,<environment.Job instance at 0x153faa830b90>,2,27,[7 2],3,3,30,0,3
1,<environment.Job instance at 0x153faa8306e0>,3,20,[ 1 13],4,266,286,262,266
1,<environment.Job instance at 0x153faa830280>,6,16,[6 1],8,266,282,258,266
1,<environment.Job instance at 0x153faa830370>,7,2,[6 1],9,801,803,792,801
1,<environment.Job instance at 0x153fe5d11a00>,4,21,[ 2 11],7,45,66,38,45
1,<environment.Job instance at 0x153fe5d113c0>,5,3,[14  1],9,66,69,57,45
1,<environment.Job instance at 0x153fe5d11cd0>,2,3,[ 2 12],3,71,74,68,71
1,<environment.Job instance at 0x153fe5d119b0>,1,2,[ 1 11],2,83,85,81,83
1,<environment.Job instance at 0x153fe5d11aa0>,3,3,[ 1 13],5,105,108,100,105
1,<environment.Job instance at 0x153fab2b7e10>,5,2,[2 5],9,9,11,0,9
1,<environment.Job instance at 0x153fab29c0f0>,2,22,[1 5],3,3,25,0,3
1,<environment.Job instance at 0x153faaadd910>,3,1,[2 5],6,6,7,0,6
1,<environment.Job instance at 0x153fe6992500>,4,1,[13  1],5,6,7,1,6
1,<environment.Job instance at 0x153faaba6050>,5,21,[11  1],6,9,30,3,9
1,<environment.Job instance at 0x153feba3f370>,2,3,[ 2 14],3,6,9,3,6
1,<environment.Job instance at 0x153faa971cd0>,4,28,[ 2 10],7,9,37,2,8
1,<environment.Job instance at 0x153faa971d70>,6,3,[ 2 14],9,37,40,28,12
1,<environment.Job instance at 0x153faa971aa0>,5,3,[7 1],8,25,28,17,25
1,<environment.Job instance at 0x153fed10eaf0>,0,1,[14  2],3,4,5,1,4
1,<environment.Job instance at 0x153faa7e7a50>,4,24,[ 2 10],9,602,626,593,602
1,<environment.Job instance at 0x153fe45059b0>,4,2,[9 1],9,12,14,3,12
1,<environment.Job instance at 0x153fe5c77f00>,0,1,[9 2],1,1,2,0,1
1,<environment.Job instance at 0x153fe5c774b0>,2,3,[ 1 14],3,7,10,4,7
1,<environment.Job instance at 0x153fe5c77aa0>,4,3,[11  2],5,10,13,5,7
1,<environment.Job instance at 0x153fe5c770a0>,6,19,[8 2],7,13,32,6,7
1,<environment.Job instance at 0x153faa7836e0>,4,28,[6 2],8,8,36,0,8
1,<environment.Job instance at 0x153fe68c6af0>,2,1,[14  1],4,5,6,1,5
1,<environment.Job instance at 0x153fe68c6dc0>,5,1,[ 1 12],7,7,8,0,7
1,<environment.Job instance at 0x153fe68c6370>,6,25,[1 6],8,8,33,0,8
1,<environment.Job instance at 0x153faa96feb0>,5,3,[ 2 13],9,30,33,21,30
1,<environment.Job instance at 0x153fe5ce8fa0>,0,1,[9 2],2,2,3,0,2
1,<environment.Job instance at 0x153fecfc5050>,2,26,[ 2 10],5,5,31,0,5
1,<environment.Job instance at 0x153faacb30a0>,1,2,[ 2 14],2,4,6,2,4
1,<environment.Job instance at 0x153fe69854b0>,3,12,[ 2 13],5,9,21,4,9
1,<environment.Job instance at 0x153fe6985af0>,5,14,[1 6],8,21,35,13,12
1,<environment.Job instance at 0x153fe6985460>,2,24,[1 8],4,48,72,44,48
1,<environment.Job instance at 0x153fe6985280>,4,17,[1 6],7,160,177,153,160
1,<environment.Job instance at 0x153fe68c7e60>,1,1,[2 8],2,2,3,0,2
1,<environment.Job instance at 0x153feb0a8e60>,3,2,[14  2],4,5,7,1,5
1,<environment.Job instance at 0x153feb0a85a0>,5,1,[7 1],6,7,8,1,6
1,<environment.Job instance at 0x153fe5e200a0>,4,2,[ 2 12],5,404,406,399,404
1,<environment.Job instance at 0x153fe5e20d70>,5,3,[2 8],6,419,422,413,419
1,<environment.Job instance at 0x153fe5e20c30>,6,2,[9 2],7,538,540,531,538
1,<environment.Job instance at 0x153fe5e20f50>,7,1,[8 1],8,803,804,795,803
1,<environment.Job instance at 0x153fe5e20aa0>,8,27,[10  2],9,1020,1047,1011,1020
1,<environment.Job instance at 0x153fe7f219b0>,2,26,[7 1],8,8,34,0,8
1,<environment.Job instance at 0x153faae28460>,5,3,[10  1],8,32,35,24,32
1,<environment.Job instance at 0x153faae283c0>,6,16,[2 5],9,185,201,176,185
1,<environment.Job instance at 0x153faaadda00>,0,2,[ 1 13],1,2,4,1,2
1,<environment.Job instance at 0x153faad6a0f0>,5,20,[5 2],8,8,28,0,8
1,<environment.Job instance at 0x153faab15a00>,2,26,[1 5],4,4,30,0,4
1,<environment.Job instance at 0x153faa8f61e0>,4,2,[ 1 14],7,30,32,23,30
1,<environment.Job instance at 0x153faa8f60f0>,5,12,[8 1],8,38,50,30,38
1,<environment.Job instance at 0x153faa8f6230>,1,1,[ 1 10],2,2,3,0,2
1,<environment.Job instance at 0x153faa8f6aa0>,4,19,[12  2],6,9,28,3,9
1,<environment.Job instance at 0x153faa9da500>,7,16,[ 1 11],9,19,35,10,19
1,<environment.Job instance at 0x153fe5ef45f0>,7,3,[9 1],8,16,19,8,16
1,<environment.Job instance at 0x153fe5ef4dc0>,8,3,[6 2],9,16,19,7,16
1,<environment.Job instance at 0x153feba1ad70>,4,3,[ 2 13],5,45,48,40,45
1,<environment.Job instance at 0x153faa9daeb0>,5,1,[14  1],6,48,49,42,48
1,<environment.Job instance at 0x153faa939870>,6,17,[12  1],7,85,102,78,85
1,<environment.Job instance at 0x153faacc1eb0>,4,1,[11  1],8,11,12,3,11
1,<environment.Job instance at 0x153feb97ecd0>,0,1,[5 1],1,1,2,0,1
1,<environment.Job instance at 0x153faad2b910>,4,2,[11  1],6,2796,2798,2790,2796
1,<environment.Job instance at 0x153faad2b550>,5,3,[11  1],7,2837,2840,2830,2837
1,<environment.Job instance at 0x153fe405cb90>,5,1,[11  1],7,8,9,1,8
1,<environment.Job instance at 0x153fe405ccd0>,6,22,[1 6],8,8,30,0,8
1,<environment.Job instance at 0x153fe405cdc0>,7,14,[2 8],9,12,26,3,12
1,<environment.Job instance at 0x153fe406e550>,0,1,[1 6],1,1,2,0,1
1,<environment.Job instance at 0x153faae7c370>,2,1,[6 2],3,3,4,0,3
1,<environment.Job instance at 0x153faae7ceb0>,6,22,[ 1 12],9,9,31,0,9
1,<environment.Job instance at 0x153fab087370>,3,23,[2 5],5,5,28,0,5
1,<environment.Job instance at 0x153faa8bc5f0>,4,28,[8 1],6,6,34,0,6
1,<environment.Job instance at 0x153fe44f4cd0>,6,21,[11  2],8,34,55,26,27
1,<environment.Job instance at 0x153fe68f74b0>,1,3,[13  2],4,6,9,2,6
1,<environment.Job instance at 0x153fe007baa0>,3,26,[10  2],7,9,35,2,7
1,<environment.Job instance at 0x153fe007b640>,4,2,[ 1 13],8,8,10,0,8
1,<environment.Job instance at 0x153fe68f7b40>,2,28,[1 5],5,40,68,35,40
1,<environment.Job instance at 0x153fe68f7cd0>,3,2,[1 7],6,6,8,0,6
1,<environment.Job instance at 0x153faacbeaf0>,4,1,[1 8],9,9,10,0,9
1,<environment.Job instance at 0x153fe6911500>,0,1,[1 8],2,2,3,0,2
1,<environment.Job instance at 0x153faacbec30>,1,2,[ 1 12],4,5,7,1,5
1,<environment.Job instance at 0x153fe6911780>,3,3,[ 2 14],7,8,11,1,8
1,<environment.Job instance at 0x153fe69116e0>,5,28,[ 2 12],9,11,39,2,10
1,<environment.Job instance at 0x153faa6f19b0>,2,23,[6 1],4,5,28,1,5
1,<environment.Job instance at 0x153fe4517dc0>,2,21,[5 1],5,5,26,0,5
1,<environment.Job instance at 0x153feb0b0eb0>,1,2,[ 2 11],4,7,9,3,7
1,<environment.Job instance at 0x153fe00850a0>,6,3,[2 5],9,9,12,0,9
1,<environment.Job instance at 0x153fe00bbf50>,4,18,[8 2],7,29,47,22,29
1,<environment.Job instance at 0x153fab042870>,0,1,[ 1 10],1,1,2,0,1
1,<environment.Job instance at 0x153fab042730>,2,1,[1 6],3,3,4,0,3
1,<environment.Job instance at 0x153fab042b40>,3,27,[ 1 14],4,4,31,0,4
1,<environment.Job instance at 0x153fab0422d0>,7,23,[11  2],9,31,54,22,27
1,<environment.Job instance at 0x153faa9dab90>,2,1,[8 1],5,5,6,0,5
1,<environment.Job instance at 0x153fe6c26aa0>,4,27,[5 1],7,7,34,0,7
1,<environment.Job instance at 0x153faab9f140>,1,1,[1 5],4,4,5,0,4
1,<environment.Job instance at 0x153feb9d9cd0>,3,24,[2 9],6,6,30,0,6
1,<environment.Job instance at 0x153faa7bcfa0>,2,24,[11  1],6,6,30,0,6
1,<environment.Job instance at 0x153faaacc0f0>,1,1,[ 2 10],4,4,5,0,4
1,<environment.Job instance at 0x153feb002780>,4,20,[1 6],8,14,34,6,14
1,<environment.Job instance at 0x153fab182780>,5,1,[1 8],9,28,29,19,28
1,<environment.Job instance at 0x153faa5b8a00>,1,16,[5 1],2,2,18,0,2
1,<environment.Job instance at 0x153faa5b8eb0>,5,13,[11  2],8,18,31,10,11
1,<environment.Job instance at 0x153faa5b82d0>,3,2,[ 1 12],5,18,20,13,18
1,<environment.Job instance at 0x153faa5b8140>,6,28,[10  2],9,31,59,22,31
1,<environment.Job instance at 0x153faa5b80f0>,0,28,[2 5],1,72,100,71,72
1,<environment.Job instance at 0x153faa5b8320>,4,1,[ 1 11],6,345,346,339,345
1,<environment.Job instance at 0x153faa5b8780>,2,14,[12  2],4,2447,2461,2443,2447
1,<environment.Job instance at 0x153feaff2aa0>,2,1,[ 1 12],3,3,4,0,3
1,<environment.Job instance at 0x153feb34afa0>,3,19,[10  1],4,8,27,4,8
1,<environment.Job instance at 0x153feb34aaf0>,5,2,[1 8],7,21,23,14,21
1,<environment.Job instance at 0x153faa5b8050>,4,16,[13  2],5,1507,1523,1502,1507
1,<environment.Job instance at 0x153fe0056c30>,3,24,[12  2],5,6,30,1,6
1,<environment.Job instance at 0x153fe5e58640>,6,21,[5 2],8,80,101,72,80
1,<environment.Job instance at 0x153fe429ba50>,7,3,[5 1],9,83,86,74,83
1,<environment.Job instance at 0x153fab394a50>,2,21,[10  2],4,4,25,0,4
1,<environment.Job instance at 0x153fe5c90870>,5,3,[ 2 11],7,56,59,49,56
1,<environment.Job instance at 0x153fe5c902d0>,6,18,[10  1],8,81,99,73,81
1,<environment.Job instance at 0x153feb9d1280>,0,1,[7 2],1,1,2,0,1
1,<environment.Job instance at 0x153faa9e80a0>,2,1,[ 1 10],3,3,4,0,3
1,<environment.Job instance at 0x153faa9df500>,0,1,[14  1],1,1,2,0,1
1,<environment.Job instance at 0x153faae151e0>,6,15,[9 1],9,351,366,342,351
1,<environment.Job instance at 0x153fe5e2b690>,0,1,[1 8],2,2,3,0,2
1,<environment.Job instance at 0x153faab4caa0>,2,21,[2 5],3,3,24,0,3
1,<environment.Job instance at 0x153faa62d370>,3,24,[10  1],4,4,28,0,4
1,<environment.Job instance at 0x153faac15730>,7,1,[13  2],9,754,755,745,754
1,<environment.Job instance at 0x153fe5ce4050>,3,1,[1 5],4,4,5,0,4
1,<environment.Job instance at 0x153faaf72a50>,4,3,[ 1 14],7,39,42,32,39
1,<environment.Job instance at 0x153fe5dbd230>,5,22,[1 7],8,143,165,135,143
1,<environment.Job instance at 0x153faaf415f0>,2,26,[11  1],7,8,34,1,8
1,<environment.Job instance at 0x153faab1d5a0>,3,12,[14  1],8,54,66,46,54
1,<environment.Job instance at 0x153faab1d910>,1,2,[12  2],5,9,11,4,9
1,<environment.Job instance at 0x153faab1d5a0>,3,2,[ 1 14],9,42,44,33,42
1,<environment.Job instance at 0x153febee9910>,5,3,[11  2],9,18,21,9,18
1,<environment.Job instance at 0x153faa6cac80>,0,2,[12  1],1,4,6,3,4
1,<environment.Job instance at 0x153feb9c2410>,6,1,[ 1 11],9,9,10,0,9
1,<environment.Job instance at 0x153faaffdfa0>,2,1,[ 2 13],4,17,18,13,17
1,<environment.Job instance at 0x153fe45b7fa0>,5,24,[1 6],7,18,42,11,17
1,<environment.Job instance at 0x153fe68c6be0>,4,1,[10  1],6,88,89,82,88
1,<environment.Job instance at 0x153feb3325f0>,2,1,[1 9],3,4,5,1,4
1,<environment.Job instance at 0x153fe5f72690>,1,14,[ 1 13],2,8,22,6,8
1,<environment.Job instance at 0x153faa9eb9b0>,7,2,[10  2],9,9,11,0,9
1,<environment.Job instance at 0x153faa9eb6e0>,6,3,[10  2],8,20,23,12,20
1,<environment.Job instance at 0x153feb9c2aa0>,3,20,[6 2],4,25,45,21,25
1,<environment.Job instance at 0x153faa9eb550>,5,1,[12  1],7,187,188,180,187
1,<environment.Job instance at 0x153fe6c99320>,3,1,[8 1],7,7,8,0,7
1,<environment.Job instance at 0x153fe68430a0>,2,1,[12  1],6,7,8,1,7
1,<environment.Job instance at 0x153faad3ed20>,3,1,[2 8],8,8,9,0,8
1,<environment.Job instance at 0x153fe4064870>,1,1,[ 2 10],2,2,3,0,2
1,<environment.Job instance at 0x153fe693fc80>,2,24,[9 2],3,3,27,0,3
1,<environment.Job instance at 0x153fe5e0acd0>,5,24,[8 2],6,27,51,21,23
1,<environment.Job instance at 0x153fe5e0a870>,6,2,[ 2 14],7,51,53,44,45
1,<environment.Job instance at 0x153fe5e0a8c0>,7,17,[13  1],8,51,68,43,45
1,<environment.Job instance at 0x153fe5e0aa00>,8,23,[13  1],9,68,91,59,65
1,<environment.Job instance at 0x153fe695beb0>,2,1,[1 9],4,4,5,0,4
1,<environment.Job instance at 0x153faadf5af0>,4,1,[13  2],6,467,468,461,467
1,<environment.Job instance at 0x153feba44500>,1,1,[1 5],2,2,3,0,2
1,<environment.Job instance at 0x153febaa7af0>,2,1,[2 7],3,3,4,0,3
1,<environment.Job instance at 0x153febaa7460>,1,16,[ 2 14],3,4,20,1,4
1,<environment.Job instance at 0x153feba44690>,3,12,[ 2 13],5,20,32,15,6
1,<environment.Job instance at 0x153faab37500>,5,26,[10  1],7,7,33,0,7
1,<environment.Job instance at 0x153fe47f7140>,7,3,[8 2],9,9,12,0,9
1,<environment.Job instance at 0x153fe47f78c0>,6,3,[6 1],8,18,21,10,18
1,<environment.Job instance at 0x153faab37370>,4,23,[ 1 10],6,21,44,15,21
1,<environment.Job instance at 0x153fe47f7f50>,5,2,[11  1],7,46,48,39,46
1,<environment.Job instance at 0x153fe5e632d0>,4,2,[8 1],7,29,31,22,29
1,<environment.Job instance at 0x153fe5e63410>,5,3,[2 8],8,117,120,109,117
1,<environment.Job instance at 0x153fe5e63370>,6,24,[6 1],9,185,209,176,185
1,<environment.Job instance at 0x153faaeccf00>,5,3,[13  1],7,632,635,625,632
1,<environment.Job instance at 0x153fe5fedd20>,1,23,[7 1],4,4,27,0,4
1,<environment.Job instance at 0x153fe5fed4b0>,1,1,[12  1],2,4,5,2,4
1,<environment.Job instance at 0x153fab3b73c0>,2,2,[2 8],3,4,6,1,4
1,<environment.Job instance at 0x153fab223a00>,4,1,[1 6],5,5,6,0,5
1,<environment.Job instance at 0x153fe5e86140>,3,13,[7 1],4,5,18,1,5
1,<environment.Job instance at 0x153fe5fed960>,1,24,[9 2],3,9,33,6,9
1,<environment.Job instance at 0x153feb002dc0>,3,13,[12  1],7,34,47,27,34
1,<environment.Job instance at 0x153feb0daf50>,4,25,[2 8],9,38,63,29,38
1,<environment.Job instance at 0x153fab37ba50>,1,1,[2 8],6,6,7,0,6
1,<environment.Job instance at 0x153faa6bee60>,2,24,[ 2 13],4,82,106,78,82
1,<environment.Job instance at 0x153faa6bec30>,5,23,[5 1],8,82,105,74,82
1,<environment.Job instance at 0x153faa6be4b0>,3,26,[9 2],6,105,131,99,103
1,<environment.Job instance at 0x153faa9405f0>,5,2,[7 2],9,17,19,8,17
1,<environment.Job instance at 0x153faaf98050>,1,28,[7 1],3,3,31,0,3
1,<environment.Job instance at 0x153faaf98230>,5,3,[6 2],9,13,16,4,13
1,<environment.Job instance at 0x153faaf985f0>,2,15,[13  1],5,43,58,38,43
1,<environment.Job instance at 0x153faaf980a0>,3,26,[1 6],7,2002,2028,1995,2002
1,<environment.Job instance at 0x153faaf98c30>,4,28,[12  1],8,2597,2625,2589,2597
1,<environment.Job instance at 0x153faab7f0f0>,0,1,[8 2],1,1,2,0,1
1,<environment.Job instance at 0x153feba34820>,2,1,[2 7],3,3,4,0,3
1,<environment.Job instance at 0x153fab00ab90>,3,1,[ 2 10],7,7,8,0,7
1,<environment.Job instance at 0x153faa6e1190>,3,21,[ 2 12],5,8,29,3,8
1,<environment.Job instance at 0x153fe429d870>,6,3,[7 2],9,43,46,34,43
1,<environment.Job instance at 0x153fe429d320>,4,15,[2 8],6,161,176,155,161
1,<environment.Job instance at 0x153fe429d550>,5,27,[7 1],7,183,210,176,183
1,<environment.Job instance at 0x153faa9297d0>,3,1,[ 1 10],8,8,9,0,8
1,<environment.Job instance at 0x153faabc1640>,4,3,[1 8],9,9,12,0,9
1,<environment.Job instance at 0x153fab2266e0>,2,28,[9 2],5,6,34,1,6
1,<environment.Job instance at 0x153fe5ef4eb0>,2,1,[ 1 13],5,5,6,0,5
1,<environment.Job instance at 0x153fe5e00c30>,3,3,[1 5],6,100,103,94,100
1,<environment.Job instance at 0x153fe5ef40f0>,2,1,[13  1],3,900,901,897,900
1,<environment.Job instance at 0x153fab2b5550>,2,25,[8 2],6,6,31,0,6
1,<environment.Job instance at 0x153fe5e5ddc0>,2,1,[1 8],4,4,5,0,4
1,<environment.Job instance at 0x153fab0f9d20>,3,3,[ 1 14],5,8,11,3,8
1,<environment.Job instance at 0x153fe5e5d960>,4,3,[1 5],6,70,73,64,70
1,<environment.Job instance at 0x153fab0f95a0>,5,15,[5 1],8,98,113,90,98
1,<environment.Job instance at 0x153faad423c0>,4,2,[12  2],5,711,713,706,711
1,<environment.Job instance at 0x153faad42af0>,5,3,[5 2],7,1131,1134,1124,1131
1,<environment.Job instance at 0x153faa842c30>,6,21,[5 1],8,1132,1153,1124,1132
1,<environment.Job instance at 0x153faa842460>,7,22,[12  1],9,1787,1809,1778,1787
1,<environment.Job instance at 0x153feafe68c0>,0,1,[7 2],2,2,3,0,2
1,<environment.Job instance at 0x153fe4531370>,2,1,[1 8],4,4,5,0,4
1,<environment.Job instance at 0x153fe684dd70>,3,22,[ 1 13],5,5,27,0,5
1,<environment.Job instance at 0x153fecf8a140>,1,18,[8 1],2,2,20,0,2
1,<environment.Job instance at 0x153fe5d8a1e0>,3,22,[5 1],4,4,26,0,4
1,<environment.Job instance at 0x153faafe10f0>,3,3,[ 1 12],6,7,10,1,7
1,<environment.Job instance at 0x153faafe1e60>,4,27,[14  1],7,9,36,2,9
1,<environment.Job instance at 0x153fe5cdc870>,6,27,[9 2],9,226,253,217,226
1,<environment.Job instance at 0x153fab08a6e0>,0,1,[9 1],1,2,3,1,2
1,<environment.Job instance at 0x153fab08af00>,2,1,[7 1],3,3,4,0,3
1,<environment.Job instance at 0x153fab08ab40>,3,3,[ 1 11],4,4,7,0,4
1,<environment.Job instance at 0x153fab08a0f0>,1,17,[9 1],2,8,25,6,8
1,<environment.Job instance at 0x153faac46be0>,8,20,[10  1],9,25,45,16,17
1,<environment.Job instance at 0x153faaffdaf0>,0,1,[2 9],1,1,2,0,1
1,<environment.Job instance at 0x153faa6d2780>,4,1,[10  1],5,5,6,0,5
1,<environment.Job instance at 0x153faa6d25f0>,5,20,[2 6],6,6,26,0,6
1,<environment.Job instance at 0x153faa6d2960>,6,2,[2 6],7,7,9,0,7
1,<environment.Job instance at 0x153fe5de3370>,6,13,[ 1 13],8,15,28,7,15
1,<environment.Job instance at 0x153fe5de3cd0>,3,3,[12  1],5,157,160,152,157
1,<environment.Job instance at 0x153fe5de3050>,4,3,[ 2 12],6,181,184,175,181
1,<environment.Job instance at 0x153fe5de3500>,5,19,[13  1],7,2944,2963,2937,2944
1,<environment.Job instance at 0x153fab194640>,4,17,[7 2],7,12,29,5,12
1,<environment.Job instance at 0x153fe405dc80>,5,24,[10  2],9,29,53,20,24
1,<environment.Job instance at 0x153fe5f60500>,2,2,[ 2 10],4,5,7,1,5
1,<environment.Job instance at 0x153faa5d9410>,4,1,[2 5],6,6,7,0,6
1,<environment.Job instance at 0x153faa5d90f0>,5,23,[14  2],7,7,30,0,7
1,<environment.Job instance at 0x153faa61c910>,0,1,[ 1 14],1,1,2,0,1
1,<environment.Job instance at 0x153feb04ea00>,4,3,[ 1 10],5,8,11,3,8
1,<environment.Job instance at 0x153faaa5b870>,2,18,[1 7],3,11,29,8,8
1,<environment.Job instance at 0x153feb04e500>,7,1,[5 1],9,9,10,0,9
1,<environment.Job instance at 0x153fe45b14b0>,5,22,[ 2 11],7,29,51,22,22
1,<environment.Job instance at 0x153feb04eb90>,6,28,[ 2 10],8,179,207,171,179
1,<environment.Job instance at 0x153faa6cb960>,2,1,[ 1 14],3,3,4,0,3
1,<environment.Job instance at 0x153feb9d2230>,1,1,[1 9],4,4,5,0,4
1,<environment.Job instance at 0x153faa5ffaa0>,1,1,[ 2 11],5,5,6,0,5
1,<environment.Job instance at 0x153feb0ab320>,2,1,[14  2],6,6,7,0,6
1,<environment.Job instance at 0x153fab3b4e10>,5,21,[1 5],8,8,29,0,8
1,<environment.Job instance at 0x153fab3b4780>,6,2,[ 2 10],9,11,13,2,11
1,<environment.Job instance at 0x153fab3b43c0>,2,3,[8 2],4,479,482,475,479
1,<environment.Job instance at 0x153fab14bdc0>,6,2,[13  1],7,129,131,122,129
1,<environment.Job instance at 0x153faa85e820>,4,2,[6 1],6,7,9,1,7
1,<environment.Job instance at 0x153faa9b20f0>,6,16,[11  1],8,127,143,119,127
1,<environment.Job instance at 0x153faa9b2eb0>,1,1,[1 6],2,2,3,0,2
1,<environment.Job instance at 0x153faa9b2500>,3,27,[1 5],4,4,31,0,4
1,<environment.Job instance at 0x153faa9b2190>,2,26,[2 7],3,7,33,4,7
1,<environment.Job instance at 0x153faa630190>,3,2,[2 9],6,8,10,2,8
1,<environment.Job instance at 0x153fecfe81e0>,2,26,[12  2],3,8,34,5,8
1,<environment.Job instance at 0x153fecfe8910>,4,18,[10  1],8,34,52,26,31
1,<environment.Job instance at 0x153fe00a1370>,2,3,[5 2],4,4,7,0,4
1,<environment.Job instance at 0x153faae66410>,3,19,[1 6],5,5,24,0,5
1,<environment.Job instance at 0x153faa71fd70>,5,3,[6 2],8,8,11,0,8
1,<environment.Job instance at 0x153faad25d70>,6,1,[ 2 11],9,24,25,15,9
1,<environment.Job instance at 0x153faad25cd0>,4,25,[10  2],7,9,34,2,9
1,<environment.Job instance at 0x153faaaf7a00>,0,1,[2 7],1,1,2,0,1
1,<environment.Job instance at 0x153faaa47410>,2,28,[ 1 12],3,6,34,3,6
1,<environment.Job instance at 0x153feb9dd550>,1,26,[ 1 10],2,2,28,0,2
1,<environment.Job instance at 0x153faaf475f0>,2,23,[9 2],4,8,31,4,8
1,<environment.Job instance at 0x153feb0444b0>,6,1,[8 2],8,31,32,23,8
1,<environment.Job instance at 0x153feb044dc0>,3,12,[11  1],5,34,46,29,34
1,<environment.Job instance at 0x153feb044aa0>,4,14,[2 6],6,66,80,60,66
1,<environment.Job instance at 0x153feb044910>,5,18,[8 1],7,86,104,79,86
1,<environment.Job instance at 0x153faa8b9cd0>,1,26,[ 2 13],2,3,29,1,3
1,<environment.Job instance at 0x153fe6cc01e0>,5,2,[1 6],8,29,31,21,8
1,<environment.Job instance at 0x153fe6cc02d0>,6,12,[ 2 10],9,31,43,22,14
1,<environment.Job instance at 0x153faade7370>,2,26,[1 9],3,43,69,40,40
1,<environment.Job instance at 0x153fe6cc0190>,3,1,[2 9],4,95,96,91,95
1,<environment.Job instance at 0x153faa8b92d0>,4,21,[ 2 12],6,438,459,432,438
1,<environment.Job instance at 0x153faade7be0>,0,1,[13  1],1,928,929,927,928
1,<environment.Job instance at 0x153fe5f77af0>,5,3,[ 2 10],6,6,9,0,6
1,<environment.Job instance at 0x153faaf43f50>,0,1,[14  2],1,1,2,0,1
1,<environment.Job instance at 0x153faae71e10>,3,27,[2 5],4,4,31,0,4
1,<environment.Job instance at 0x153fab392870>,2,2,[2 9],4,6,8,2,6
1,<environment.Job instance at 0x153faad00cd0>,4,21,[13  1],7,7,28,0,7
1,<environment.Job instance at 0x153feb961730>,5,20,[5 2],8,28,48,20,19
1,<environment.Job instance at 0x153faad00820>,3,26,[2 5],6,76,102,70,76
1,<environment.Job instance at 0x153fab168370>,1,17,[5 2],2,5,22,3,5
1,<environment.Job instance at 0x153faad7c140>,4,20,[6 2],6,6,26,0,6
1,<environment.Job instance at 0x153faabad730>,0,1,[6 1],1,1,2,0,1
1,<environment.Job instance at 0x153faa870190>,4,21,[7 1],5,5,26,0,5
1,<environment.Job instance at 0x153fab30e730>,3,2,[ 2 13],6,9,11,3,9
1,<environment.Job instance at 0x153fe44d4f00>,5,2,[5 2],8,11,13,3,11
1,<environment.Job instance at 0x153fe44d4fa0>,4,2,[2 6],7,32,34,25,32
1,<environment.Job instance at 0x153fe5db70f0>,6,17,[11  2],9,50,67,41,50
1,<environment.Job instance at 0x153fe5d89d20>,0,1,[ 1 13],1,1,2,0,1
1,<environment.Job instance at 0x153fe5db7140>,1,1,[6 1],3,3,4,0,3
1,<environment.Job instance at 0x153faab29730>,2,13,[ 1 11],4,7,20,3,7
1,<environment.Job instance at 0x153faab29320>,6,16,[7 1],8,8,24,0,8
1,<environment.Job instance at 0x153faab29780>,7,27,[1 5],9,20,47,11,18
1,<environment.Job instance at 0x153faab29140>,5,1,[2 8],7,58,59,51,58
1,<environment.Job instance at 0x153feb99bc30>,5,3,[12  1],7,7,10,0,7
1,<environment.Job instance at 0x153faab29460>,3,2,[ 2 12],5,8,10,3,8
1,<environment.Job instance at 0x153fe44fe500>,0,1,[1 6],1,1,2,0,1
1,<environment.Job instance at 0x153feafe1a00>,1,1,[ 2 14],2,2,3,0,2
1,<environment.Job instance at 0x153feafe1cd0>,0,21,[1 5],1,3,24,2,2
1,<environment.Job instance at 0x153feafe1640>,3,26,[8 1],6,8,34,2,8
1,<environment.Job instance at 0x153fab3c9690>,1,1,[ 2 13],6,6,7,0,6
1,<environment.Job instance at 0x153faad6a820>,0,1,[1 9],2,2,3,0,2
1,<environment.Job instance at 0x153faad5b3c0>,2,3,[ 1 14],7,27,30,20,27
1,<environment.Job instance at 0x153fe6c86960>,3,3,[13  2],8,1370,1373,1362,1370
1,<environment.Job instance at 0x153fe68fd1e0>,6,21,[10  2],9,9,30,0,9
1,<environment.Job instance at 0x153fe5e2b1e0>,0,1,[ 1 14],2,2,3,0,2
1,<environment.Job instance at 0x153fe5e2bf00>,2,1,[8 1],5,5,6,0,5
1,<environment.Job instance at 0x153fe5e2b2d0>,3,28,[7 2],9,9,37,0,9
1,<environment.Job instance at 0x153fe6ca9f00>,0,1,[2 7],3,3,4,0,3
1,<environment.Job instance at 0x153fe5e2b2d0>,3,1,[11  2],8,513,514,505,513
1,<environment.Job instance at 0x153fe0082b90>,3,3,[2 5],5,5,8,0,5
1,<environment.Job instance at 0x153fe0082c30>,4,20,[1 6],6,6,26,0,6
1,<environment.Job instance at 0x153faa6ca640>,4,13,[6 2],9,9,22,0,9
1,<environment.Job instance at 0x153faa6ca910>,1,1,[ 1 12],3,2962,2963,2959,2962
1,<environment.Job instance at 0x153fe6cc2a50>,4,2,[ 1 10],6,11,13,5,11
1,<environment.Job instance at 0x153fe6cc2500>,5,27,[8 2],8,130,157,122,130
1,<environment.Job instance at 0x153feb04e2d0>,5,22,[ 2 12],9,25,47,16,25
1,<environment.Job instance at 0x153faa86d550>,4,16,[1 5],7,359,375,352,359
1,<environment.Job instance at 0x153fe5cc7c30>,1,16,[ 2 14],3,467,483,464,467
1,<environment.Job instance at 0x153fe7f246e0>,2,28,[11  1],5,467,495,462,467
1,<environment.Job instance at 0x153faadb1b40>,5,1,[9 2],8,496,497,488,496
1,<environment.Job instance at 0x153faada5370>,0,1,[10  2],2,2,3,0,2
1,<environment.Job instance at 0x153faada5410>,5,3,[ 1 10],7,7,10,0,7
1,<environment.Job instance at 0x153fab3135a0>,5,13,[7 2],8,19,32,11,19
1,<environment.Job instance at 0x153fab313050>,6,20,[14  1],9,41,61,32,41
1,<environment.Job instance at 0x153faa8c50a0>,0,2,[ 2 14],5,9,11,4,9
1,<environment.Job instance at 0x153feb04ec30>,2,26,[14  1],9,11,37,2,9
1,<environment.Job instance at 0x153faa82a550>,3,27,[1 5],5,5,32,0,5
1,<environment.Job instance at 0x153fab0a0960>,4,1,[ 2 14],7,7,8,0,7
1,<environment.Job instance at 0x153febad3d70>,6,1,[8 1],9,16,17,7,16
1,<environment.Job instance at 0x153febad3410>,3,1,[14  1],4,128,129,124,128
1,<environment.Job instance at 0x153febad3a50>,4,2,[9 1],5,196,198,191,196
1,<environment.Job instance at 0x153febad3b40>,5,1,[9 1],7,225,226,218,225
1,<environment.Job instance at 0x153fe44e89b0>,0,1,[9 2],2,2,3,0,2
1,<environment.Job instance at 0x153fe44e8d20>,1,1,[9 2],3,3,4,0,3
1,<environment.Job instance at 0x153fe5e00d20>,4,26,[2 5],7,7,33,0,7
1,<environment.Job instance at 0x153fab3db0f0>,1,26,[1 8],2,4,30,2,4
1,<environment.Job instance at 0x153fab291190>,6,1,[5 2],9,9,10,0,9
1,<environment.Job instance at 0x153faadb2a00>,4,23,[ 2 10],6,6,29,0,6
1,<environment.Job instance at 0x153fe5d696e0>,4,1,[14  2],7,548,549,541,548
1,<environment.Job instance at 0x153fe4070b90>,4,19,[ 1 14],8,1676,1695,1668,1676
1,<environment.Job instance at 0x153faa80cc80>,5,24,[9 2],7,7,31,0,7
1,<environment.Job instance at 0x153fab30e140>,0,1,[1 6],1,1,2,0,1
1,<environment.Job instance at 0x153fe6845fa0>,6,1,[8 2],9,19,20,10,19
1,<environment.Job instance at 0x153fe6845d20>,1,1,[ 2 10],4,4,5,0,4
1,<environment.Job instance at 0x153fab3d9f00>,4,3,[2 7],7,7,10,0,7
1,<environment.Job instance at 0x153feb0bd820>,4,24,[10  2],7,8,32,1,8
1,<environment.Job instance at 0x153fe5cd21e0>,1,22,[2 5],2,2,24,0,2
1,<environment.Job instance at 0x153fab219cd0>,3,3,[ 1 11],8,8,11,0,8
1,<environment.Job instance at 0x153fab219e60>,4,2,[14  1],9,14,16,5,14
1,<environment.Job instance at 0x153faafdd460>,0,1,[10  2],1,1,2,0,1
1,<environment.Job instance at 0x153fe452fb40>,2,20,[ 1 13],5,590,610,585,590
1,<environment.Job instance at 0x153faa94a780>,6,28,[9 1],9,590,618,581,590
1,<environment.Job instance at 0x153faa94a730>,5,22,[6 1],8,610,632,602,603
1,<environment.Job instance at 0x153fe452fbe0>,0,2,[14  2],2,1070,1072,1068,1070
1,<environment.Job instance at 0x153fab325230>,0,1,[2 6],1,1,2,0,1
1,<environment.Job instance at 0x153fab3252d0>,2,1,[ 2 10],4,4,5,0,4
1,<environment.Job instance at 0x153faa9645a0>,4,23,[9 2],6,6,29,0,6
1,<environment.Job instance at 0x153faa964280>,3,23,[ 1 11],5,7,30,2,7
1,<environment.Job instance at 0x153fe5cd4500>,0,1,[ 2 11],1,6,7,5,6
1,<environment.Job instance at 0x153fe5cd4a00>,2,3,[ 1 12],6,9,12,3,9
1,<environment.Job instance at 0x153faaba3050>,3,2,[1 9],8,8,10,0,8
1,<environment.Job instance at 0x153faaca6960>,1,1,[9 1],3,3,4,0,3
1,<environment.Job instance at 0x153feafee500>,4,3,[ 1 13],6,494,497,488,494
1,<environment.Job instance at 0x153feafeea00>,1,1,[6 2],2,2,3,0,2
1,<environment.Job instance at 0x153fe44c9b40>,2,1,[2 6],4,4,5,0,4
1,<environment.Job instance at 0x153fe5cda370>,0,1,[ 2 10],1,1,2,0,1
1,<environment.Job instance at 0x153fe9d77820>,1,1,[2 6],2,2,3,0,2
1,<environment.Job instance at 0x153fe9d77870>,4,2,[1 9],9,9,11,0,9
1,<environment.Job instance at 0x153fed39a0f0>,2,22,[10  1],6,6,28,0,6
1,<environment.Job instance at 0x153fed045410>,0,1,[7 2],1,1,2,0,1
1,<environment.Job instance at 0x153faa599230>,3,25,[2 9],6,7,32,1,7
1,<environment.Job instance at 0x153faa5993c0>,5,1,[11  1],8,8,9,0,8
1,<environment.Job instance at 0x153fed045a00>,4,25,[9 1],7,12,37,5,12
1,<environment.Job instance at 0x153fab0f40a0>,7,1,[10  1],9,9,10,0,9
1,<environment.Job instance at 0x153fab0f4f00>,5,27,[14  2],7,1932,1959,1925,1932
1,<environment.Job instance at 0x153fab2849b0>,2,1,[ 1 10],5,5,6,0,5
1,<environment.Job instance at 0x153fab284870>,2,22,[6 1],3,191,213,188,191
1,<environment.Job instance at 0x153fe404b5f0>,4,1,[ 1 13],8,925,926,917,925
1,<environment.Job instance at 0x153fe404b3c0>,5,1,[2 5],9,1076,1077,1067,1076
1,<environment.Job instance at 0x153feba18d20>,6,15,[2 9],7,8,23,1,8
1,<environment.Job instance at 0x153feba18c30>,7,17,[8 1],8,9,26,1,9
1,<environment.Job instance at 0x153feb0bae60>,1,2,[ 2 14],2,3,5,1,3
1,<environment.Job instance at 0x153fe5e65b90>,4,2,[7 2],5,5,7,0,5
1,<environment.Job instance at 0x153fe5e651e0>,6,3,[2 9],8,8,11,0,8
1,<environment.Job instance at 0x153fe5e65a50>,7,22,[7 1],9,9,31,0,9
1,<environment.Job instance at 0x153fab125230>,2,1,[8 1],4,4,5,0,4
1,<environment.Job instance at 0x153fe5e56460>,1,19,[13  2],3,4,23,1,4
1,<environment.Job instance at 0x153faabc65f0>,6,28,[1 7],9,17,45,8,17
1,<environment.Job instance at 0x153fe7f24190>,6,3,[12  1],9,2246,2249,2237,2246
1,<environment.Job instance at 0x153fe7f24190>,2,12,[11  2],3,5,17,2,5
1,<environment.Job instance at 0x153faaee9370>,5,27,[6 1],6,17,44,11,15
1,<environment.Job instance at 0x153faae93690>,1,21,[2 9],2,15,36,13,15
1,<environment.Job instance at 0x153faaee94b0>,6,1,[5 2],7,33,34,26,33
1,<environment.Job instance at 0x153fe9d8b820>,8,2,[8 2],9,44,46,35,44
1,<environment.Job instance at 0x153faaee9dc0>,3,19,[2 7],4,2768,2787,2764,2768
1,<environment.Job instance at 0x153faaee9730>,4,1,[12  1],5,2885,2886,2880,2885
1,<environment.Job instance at 0x153faa8d3870>,0,1,[8 1],1,1,2,0,1
1,<environment.Job instance at 0x153faa8d3dc0>,2,24,[6 2],4,4,28,0,4
1,<environment.Job instance at 0x153fe7f21370>,0,3,[14  2],1,4,7,3,4
1,<environment.Job instance at 0x153fe7f21460>,2,1,[9 2],4,9,10,5,9
1,<environment.Job instance at 0x153fe7f21f00>,6,2,[ 1 10],9,9,11,0,9
1,<environment.Job instance at 0x153fe7f21be0>,1,25,[14  2],3,24,49,21,24
1,<environment.Job instance at 0x153fe7f213c0>,5,16,[ 2 13],8,49,65,41,41
1,<environment.Job instance at 0x153fe7f21230>,4,3,[ 1 13],6,113,116,107,113
1,<environment.Job instance at 0x153fe7f21230>,3,1,[12  1],6,6,7,0,6
1,<environment.Job instance at 0x153faa798e10>,4,1,[5 1],7,7,8,0,7
1,<environment.Job instance at 0x153fe429a8c0>,4,1,[9 1],8,8,9,0,8
1,<environment.Job instance at 0x153fe6c5ac30>,5,21,[ 2 12],9,9,30,0,9
1,<environment.Job instance at 0x153fe6c5aa00>,0,1,[ 2 10],1,1,2,0,1
1,<environment.Job instance at 0x153fe5ed8690>,4,1,[14  2],7,37,38,30,37
1,<environment.Job instance at 0x153fe00a8960>,1,26,[ 1 12],3,731,757,728,731
1,<environment.Job instance at 0x153fe00a80f0>,2,3,[2 9],5,757,760,752,757
1,<environment.Job instance at 0x153faae1e1e0>,0,1,[2 5],1,1,2,0,1
1,<environment.Job instance at 0x153faaaf3af0>,2,26,[7 1],4,4,30,0,4
1,<environment.Job instance at 0x153faa6a95f0>,1,23,[7 1],3,3,26,0,3
1,<environment.Job instance at 0x153fe6be4550>,3,2,[11  2],5,8,10,3,8
1,<environment.Job instance at 0x153fe6be4280>,5,26,[9 2],8,20,46,12,20
1,<environment.Job instance at 0x153faa6f22d0>,3,1,[2 6],5,5,6,0,5
1,<environment.Job instance at 0x153feb9e99b0>,7,3,[ 1 10],9,710,713,701,710
1,<environment.Job instance at 0x153feb9e97d0>,6,1,[13  2],8,823,824,815,823
1,<environment.Job instance at 0x153feb10ddc0>,0,1,[1 6],2,2,3,0,2
1,<environment.Job instance at 0x153faa6b60f0>,3,1,[9 2],9,9,10,0,9
1,<environment.Job instance at 0x153faa730550>,4,1,[ 1 14],8,9,10,1,9
1,<environment.Job instance at 0x153faa737870>,0,1,[1 8],1,1,2,0,1
1,<environment.Job instance at 0x153fab178410>,2,22,[8 2],4,6,28,2,6
1,<environment.Job instance at 0x153fab178a00>,6,19,[2 7],8,52,71,44,52
1,<environment.Job instance at 0x153fe5f07500>,2,1,[ 2 11],3,3,4,0,3
1,<environment.Job instance at 0x153fe68a6870>,6,25,[6 1],7,10,35,3,10
1,<environment.Job instance at 0x153fe68a6820>,7,23,[ 1 12],9,72,95,63,72
1,<environment.Job instance at 0x153faa8372d0>,4,17,[ 2 11],8,56,73,48,56
1,<environment.Job instance at 0x153fe6962cd0>,0,1,[ 1 10],1,1,2,0,1
1,<environment.Job instance at 0x153fab3d7e60>,4,1,[1 6],5,6,7,1,6
1,<environment.Job instance at 0x153fe6962730>,3,20,[ 2 11],4,7,27,3,7
1,<environment.Job instance at 0x153faaf9dcd0>,2,1,[5 1],4,4,5,0,4
1,<environment.Job instance at 0x153faaf9d370>,3,2,[1 8],5,5,7,0,5
1,<environment.Job instance at 0x153faae56c30>,3,1,[1 5],7,7,8,0,7
1,<environment.Job instance at 0x153faa9badc0>,4,15,[12  1],9,9,24,0,9
1,<environment.Job instance at 0x153fed39b910>,0,1,[1 6],3,3,4,0,3
1,<environment.Job instance at 0x153faae7caf0>,3,1,[5 1],6,6,7,0,6
1,<environment.Job instance at 0x153faab31cd0>,6,2,[9 1],8,689,691,681,689
1,<environment.Job instance at 0x153faa5b8050>,2,14,[10  2],6,8,22,2,8
1,<environment.Job instance at 0x153faab31870>,5,2,[1 5],9,9,11,0,9
1,<environment.Job instance at 0x153fe45ba8c0>,4,18,[13  1],8,22,40,14,15
1,<environment.Job instance at 0x153faabbfe10>,2,18,[13  2],5,6,24,1,6
1,<environment.Job instance at 0x153fe6c899b0>,3,14,[11  1],6,106,120,100,106
1,<environment.Job instance at 0x153fe6897870>,1,20,[6 1],5,6,26,1,6
1,<environment.Job instance at 0x153fe68971e0>,1,1,[ 2 10],2,2,3,0,2
1,<environment.Job instance at 0x153fab101370>,2,1,[11  1],4,5,6,1,5
1,<environment.Job instance at 0x153faa5e5410>,4,2,[10  1],6,6,8,0,6
1,<environment.Job instance at 0x153faa5e5640>,5,2,[2 7],7,7,9,0,7
1,<environment.Job instance at 0x153fecb58aa0>,3,17,[9 1],5,75,92,70,75
1,<environment.Job instance at 0x153faa5c5a50>,2,25,[ 1 10],6,8,33,2,8
1,<environment.Job instance at 0x153faa5c5960>,4,27,[13  1],8,33,60,25,33
1,<environment.Job instance at 0x153faaf349b0>,5,21,[13  2],8,8,29,0,8
1,<environment.Job instance at 0x153fe6843460>,0,22,[2 5],1,1,23,0,1
1,<environment.Job instance at 0x153feba39870>,5,1,[2 9],9,9,10,0,9
1,<environment.Job instance at 0x153faa843e10>,4,21,[ 1 10],5,243,264,238,243
1,<environment.Job instance at 0x153faa843140>,5,3,[9 1],6,417,420,411,417
1,<environment.Job instance at 0x153faa843550>,6,2,[14  1],8,453,455,445,453
1,<environment.Job instance at 0x153faa843eb0>,7,1,[2 6],9,976,977,967,976
1,<environment.Job instance at 0x153faaf1f050>,0,2,[ 1 12],1,5,7,4,5
1,<environment.Job instance at 0x153faa742460>,4,14,[5 2],5,341,355,336,341
1,<environment.Job instance at 0x153fe5c7d9b0>,5,1,[ 1 14],6,6,7,0,6
1,<environment.Job instance at 0x153faa742050>,1,3,[11  1],2,6,9,4,6
1,<environment.Job instance at 0x153faadf8050>,6,17,[1 8],7,9,26,2,9
1,<environment.Job instance at 0x153fe5c7d410>,3,3,[6 2],4,29,32,25,29
1,<environment.Job instance at 0x153faadf8b40>,4,18,[1 6],5,75,93,70,75
1,<environment.Job instance at 0x153fe6c099b0>,3,24,[ 2 13],8,14,38,6,14
1,<environment.Job instance at 0x153fab341910>,3,21,[ 2 14],4,4,25,0,4
1,<environment.Job instance at 0x153feb9817d0>,5,18,[12  1],7,30,48,23,30
1,<environment.Job instance at 0x153fab237fa0>,4,2,[1 7],6,12,14,6,12
1,<environment.Job instance at 0x153fab237f00>,5,1,[5 2],9,14,15,5,14
1,<environment.Job instance at 0x153fab2375a0>,3,23,[13  1],5,624,647,619,624
1,<environment.Job instance at 0x153fab237aa0>,0,1,[2 5],4,4,5,0,4
1,<environment.Job instance at 0x153fe4582dc0>,3,2,[1 9],8,8,10,0,8
1,<environment.Job instance at 0x153fe4582500>,4,2,[5 1],9,9,11,0,9
1,<environment.Job instance at 0x153fe4582b90>,0,1,[5 1],1,1,2,0,1
1,<environment.Job instance at 0x153fe4582b40>,1,2,[ 1 11],2,6,8,4,6
1,<environment.Job instance at 0x153faa6b8230>,5,3,[ 1 10],9,10,13,1,10
1,<environment.Job instance at 0x153faa680aa0>,0,1,[ 1 10],2,2,3,0,2
1,<environment.Job instance at 0x153faad57730>,2,1,[1 8],3,4,5,1,4
1,<environment.Job instance at 0x153faaf7baa0>,3,27,[11  1],4,4,31,0,4
1,<environment.Job instance at 0x153faa9bd050>,4,27,[7 1],5,31,58,26,29
1,<environment.Job instance at 0x153fe44e81e0>,7,3,[2 9],9,29,32,20,29
1,<environment.Job instance at 0x153faaf7bd70>,5,20,[1 9],6,76,96,70,76
1,<environment.Job instance at 0x153faa8f8050>,6,28,[ 2 12],8,790,818,782,790
1,<environment.Job instance at 0x153faafe70f0>,1,1,[1 5],3,3,4,0,3
1,<environment.Job instance at 0x153fe4050a00>,1,1,[ 1 11],2,4,5,2,4
1,<environment.Job instance at 0x153fe6c44a00>,5,1,[ 1 12],6,6,7,0,6
1,<environment.Job instance at 0x153fe6c44be0>,7,2,[ 1 13],9,9,11,0,9
1,<environment.Job instance at 0x153faa837be0>,3,2,[9 2],4,145,147,141,145
1,<environment.Job instance at 0x153fe5ed8780>,3,28,[2 5],4,4,32,0,4
1,<environment.Job instance at 0x153faaf72780>,5,2,[ 1 11],9,88,90,79,88
1,<environment.Job instance at 0x153faaa61a50>,0,1,[1 5],1,1,2,0,1
1,<environment.Job instance at 0x153faaa612d0>,3,26,[8 2],7,7,33,0,7
1,<environment.Job instance at 0x153fe5e475f0>,1,22,[6 1],3,3,25,0,3
1,<environment.Job instance at 0x153faa71ab90>,5,2,[1 6],7,12,14,5,12
1,<environment.Job instance at 0x153faa71aaf0>,6,24,[1 8],8,12,36,4,12
1,<environment.Job instance at 0x153faa71a6e0>,7,1,[1 9],9,36,37,27,16
1,<environment.Job instance at 0x153faa92f3c0>,0,2,[ 1 13],1,37,39,36,37
1,<environment.Job instance at 0x153faaa61730>,2,3,[14  2],4,55,58,51,55
1,<environment.Job instance at 0x153faa92fcd0>,3,24,[ 1 11],5,62,86,57,62
1,<environment.Job instance at 0x153faac31410>,5,1,[14  2],6,7,8,1,7
1,<environment.Job instance at 0x153faac31820>,7,2,[8 2],8,8,10,0,8
1,<environment.Job instance at 0x153faac31c30>,8,1,[11  2],9,10,11,1,9
1,<environment.Job instance at 0x153faafade60>,1,1,[ 2 10],2,2,3,0,2
1,<environment.Job instance at 0x153faac37dc0>,1,1,[10  1],3,3,4,0,3
1,<environment.Job instance at 0x153faac74140>,6,25,[2 9],8,8,33,0,8
1,<environment.Job instance at 0x153feb044640>,4,3,[2 5],6,6,9,0,6
1,<environment.Job instance at 0x153faac74370>,5,18,[1 8],7,7,25,0,7
1,<environment.Job instance at 0x153feb044690>,6,1,[13  2],8,9,10,1,8
1,<environment.Job instance at 0x153faace65a0>,7,26,[8 2],9,10,36,1,9
1,<environment.Job instance at 0x153faac74960>,0,2,[ 1 13],1,37,39,36,37
1,<environment.Job instance at 0x153faac748c0>,2,12,[12  2],4,39,51,35,39
1,<environment.Job instance at 0x153feb0448c0>,3,16,[ 1 10],5,105,121,100,105
1,<environment.Job instance at 0x153faab04320>,3,15,[ 1 14],4,8,23,4,8
1,<environment.Job instance at 0x153faab04cd0>,6,23,[ 2 12],8,23,46,15,21
1,<environment.Job instance at 0x153faab04cd0>,1,1,[8 2],6,6,7,0,6
1,<environment.Job instance at 0x153feba79b40>,3,23,[6 1],9,9,32,0,9
1,<environment.Job instance at 0x153faad6aaf0>,1,2,[ 1 13],2,3,5,1,3
1,<environment.Job instance at 0x153faad6ab40>,3,1,[10  2],7,7,8,0,7
1,<environment.Job instance at 0x153faafecc30>,0,1,[14  1],1,3,4,2,3
1,<environment.Job instance at 0x153faafec460>,2,2,[1 8],3,5,7,2,5
1,<environment.Job instance at 0x153faa933280>,5,1,[ 2 11],9,9,10,0,9
1,<environment.Job instance at 0x153fe5fdcbe0>,0,28,[12  1],1,5,33,4,5
1,<environment.Job instance at 0x153fe5fdc780>,5,2,[1 5],8,8,10,0,8
1,<environment.Job instance at 0x153fe5fdcc30>,2,19,[7 2],5,33,52,28,26
1,<environment.Job instance at 0x153fe5fdc820>,1,20,[13  1],3,52,72,49,51
1,<environment.Job instance at 0x153fe5fdca00>,4,3,[14  2],7,276,279,269,276
1,<environment.Job instance at 0x153faa968b90>,4,18,[2 5],7,58,76,51,58
1,<environment.Job instance at 0x153faa9686e0>,5,25,[8 2],8,1774,1799,1766,1774
1,<environment.Job instance at 0x153fe69126e0>,2,26,[14  1],3,3,29,0,3
1,<environment.Job instance at 0x153faadcbeb0>,2,25,[8 2],6,6,31,0,6
1,<environment.Job instance at 0x153fe685deb0>,0,2,[ 1 14],1,2,4,1,2
1,<environment.Job instance at 0x153fe685d910>,1,22,[8 1],2,3,25,1,3
1,<environment.Job instance at 0x153faac58500>,6,25,[1 5],8,81,106,73,81
1,<environment.Job instance at 0x153faac58410>,7,18,[8 1],9,93,111,84,93
1,<environment.Job instance at 0x153fe5c99e60>,1,2,[12  2],2,4,6,2,4
1,<environment.Job instance at 0x153faac58b90>,3,21,[9 2],6,7,28,1,7
1,<environment.Job instance at 0x153faa9684b0>,5,1,[13  1],8,28,29,20,8
1,<environment.Job instance at 0x153faa968dc0>,4,26,[2 6],7,27,53,20,27
1,<environment.Job instance at 0x153fe5edd870>,4,13,[5 2],9,23,36,14,23
1,<environment.Job instance at 0x153faa968eb0>,1,3,[ 2 12],4,1766,1769,1762,1766
1,<environment.Job instance at 0x153fe5d8ae60>,2,3,[1 9],6,1769,1772,1763,1768
1,<environment.Job instance at 0x153fe5d8ad20>,3,17,[10  2],8,1790,1807,1782,1790
1,<environment.Job instance at 0x153fe690b730>,0,1,[ 1 14],2,2,3,0,2
1,<environment.Job instance at 0x153fe690ba00>,1,1,[6 2],3,3,4,0,3
1,<environment.Job instance at 0x153fe690b5f0>,3,1,[ 1 12],7,8,9,1,8
1,<environment.Job instance at 0x153fe690b910>,5,26,[5 2],9,9,35,0,9
1,<environment.Job instance at 0x153fab1865a0>,5,20,[7 2],6,6,26,0,6
1,<environment.Job instance at 0x153faa7757d0>,8,26,[2 5],9,9,35,0,9
1,<environment.Job instance at 0x153fe47c95a0>,4,1,[6 1],7,7,8,0,7
1,<environment.Job instance at 0x153fe47c9050>,1,1,[7 2],3,3,4,0,3
1,<environment.Job instance at 0x153fe47c95a0>,2,1,[ 2 10],6,6,7,0,6
1,<environment.Job instance at 0x153fe47c9cd0>,1,18,[ 1 12],2,12,30,10,12
1,<environment.Job instance at 0x153fe47d4500>,4,28,[ 1 12],6,30,58,24,29
1,<environment.Job instance at 0x153faab16870>,6,12,[5 2],8,29,41,21,29
1,<environment.Job instance at 0x153faab16730>,5,3,[6 1],7,43,46,36,43
1,<environment.Job instance at 0x153faab16910>,7,19,[ 2 13],9,58,77,49,48
1,<environment.Job instance at 0x153fe47d4d70>,2,24,[ 2 10],4,86,110,82,86
1,<environment.Job instance at 0x153fe47d4460>,3,17,[5 1],5,110,127,105,110
1,<environment.Job instance at 0x153faab13320>,4,2,[10  1],5,5,7,0,5
1,<environment.Job instance at 0x153faa6487d0>,3,21,[14  2],5,7,28,2,7
1,<environment.Job instance at 0x153fab2a2730>,5,1,[12  1],8,93,94,85,93
1,<environment.Job instance at 0x153faa9b2730>,2,23,[1 6],6,6,29,0,6
1,<environment.Job instance at 0x153fab1a6640>,1,25,[11  1],2,2,27,0,2
1,<environment.Job instance at 0x153faaf1c0a0>,6,1,[ 1 14],8,560,561,552,560
1,<environment.Job instance at 0x153faaf1cc30>,0,2,[ 2 14],1,7,9,6,7
1,<environment.Job instance at 0x153faaf1cc80>,2,3,[ 2 10],4,9,12,5,7
1,<environment.Job instance at 0x153faac68780>,4,1,[12  2],7,9,10,2,9
1,<environment.Job instance at 0x153faae17780>,1,1,[6 1],2,2,3,0,2
1,<environment.Job instance at 0x153fab0dd640>,4,1,[12  1],5,2570,2571,2565,2570
1,<environment.Job instance at 0x153fe4529320>,0,22,[ 2 12],1,5,27,4,5
1,<environment.Job instance at 0x153fe5d07730>,4,1,[ 2 13],6,27,28,21,6
1,<environment.Job instance at 0x153fe5d07aa0>,5,1,[11  2],7,7,8,0,7
1,<environment.Job instance at 0x153fe5d07dc0>,3,24,[5 2],5,8,32,3,7
1,<environment.Job instance at 0x153faafe2320>,3,24,[2 8],8,10,34,2,10
1,<environment.Job instance at 0x153febabd1e0>,0,2,[ 2 11],1,2,4,1,2
1,<environment.Job instance at 0x153febabddc0>,2,27,[2 9],5,5,32,0,5
1,<environment.Job instance at 0x153feb106e60>,5,2,[ 2 12],8,48,50,40,48
1,<environment.Job instance at 0x153fe458ca50>,3,3,[ 1 13],7,9,12,2,9
1,<environment.Job instance at 0x153feb106e60>,4,15,[9 1],8,13,28,5,13
1,<environment.Job instance at 0x153fab2299b0>,5,15,[11  2],9,32,47,23,32
1,<environment.Job instance at 0x153fab225050>,1,24,[ 2 13],2,31,55,29,31
1,<environment.Job instance at 0x153fab2c8d70>,4,2,[8 1],9,34,36,25,34
1,<environment.Job instance at 0x153faac314b0>,4,1,[12  2],6,32,33,26,32
1,<environment.Job instance at 0x153faac31550>,5,3,[7 2],7,45,48,38,45
1,<environment.Job instance at 0x153faa84b960>,3,22,[10  2],4,4,26,0,4
1,<environment.Job instance at 0x153fe6c480a0>,1,26,[9 1],3,3,29,0,3
1,<environment.Job instance at 0x153fe6c48140>,5,22,[8 1],7,29,51,22,23
1,<environment.Job instance at 0x153fe6c482d0>,2,1,[13  2],4,98,99,94,98
1,<environment.Job instance at 0x153fe6c489b0>,3,3,[7 1],5,235,238,230,235
1,<environment.Job instance at 0x153fe5f0ef00>,4,1,[2 5],7,119,120,112,119
1,<environment.Job instance at 0x153fe5f0efa0>,5,1,[2 9],8,415,416,407,415
1,<environment.Job instance at 0x153fe5f38b40>,8,18,[14  1],9,18,36,9,18
1,<environment.Job instance at 0x153faaa5c0a0>,5,3,[2 7],6,63,66,57,63
1,<environment.Job instance at 0x153fe5f38820>,7,2,[13  2],8,177,179,169,177
1,<environment.Job instance at 0x153fe5f3c690>,2,20,[8 1],3,3,23,0,3
1,<environment.Job instance at 0x153fab1c15a0>,1,21,[6 2],2,2,23,0,2
1,<environment.Job instance at 0x153fe6c7fc30>,2,25,[7 2],3,3,28,0,3
1,<environment.Job instance at 0x153faa9ae820>,6,14,[2 5],7,17,31,10,17
1,<environment.Job instance at 0x153fe5e9daa0>,7,3,[9 1],8,28,31,20,17
1,<environment.Job instance at 0x153faa9ae370>,3,1,[ 1 11],4,32,33,28,32
1,<environment.Job instance at 0x153faabc5c30>,5,2,[2 6],9,9,11,0,9
1,<environment.Job instance at 0x153faabc5eb0>,4,15,[6 1],6,35,50,29,35
1,<environment.Job instance at 0x153faa72f6e0>,0,2,[ 2 13],1,2,4,1,2
1,<environment.Job instance at 0x153faaf7a140>,6,19,[1 8],7,20,39,13,20
1,<environment.Job instance at 0x153faaf7a410>,7,15,[2 5],9,24,39,15,24
1,<environment.Job instance at 0x153faa72f190>,3,17,[1 5],4,81,98,77,81
1,<environment.Job instance at 0x153fab25f1e0>,1,28,[6 1],2,2,30,0,2
1,<environment.Job instance at 0x153faa83f5a0>,6,2,[10  2],9,30,32,21,9
1,<environment.Job instance at 0x153faaf4d3c0>,5,1,[ 2 10],7,18,19,11,18
1,<environment.Job instance at 0x153fe688d910>,6,24,[2 6],8,19,43,11,18
1,<environment.Job instance at 0x153fe688d640>,7,2,[7 1],9,18,20,9,18
1,<environment.Job instance at 0x153faaf4d410>,3,13,[6 2],5,84,97,79,84
1,<environment.Job instance at 0x153fe68a33c0>,1,1,[1 8],2,2,3,0,2
1,<environment.Job instance at 0x153faaec97d0>,2,2,[ 1 12],3,4,6,1,4
1,<environment.Job instance at 0x153faae6a870>,1,1,[2 6],3,3,4,0,3
1,<environment.Job instance at 0x153fe47c90f0>,1,1,[11  1],2,2,3,0,2
1,<environment.Job instance at 0x153faa5d53c0>,3,1,[1 8],9,9,10,0,9
1,<environment.Job instance at 0x153feb9e45f0>,2,21,[13  2],4,5,26,1,5
1,<environment.Job instance at 0x153feb9e4af0>,3,22,[2 5],5,5,27,0,5
1,<environment.Job instance at 0x153feb9e4d20>,5,2,[1 9],9,26,28,17,9
1,<environment.Job instance at 0x153fecf9d910>,2,21,[10  2],5,7,28,2,7
1,<environment.Job instance at 0x153fe4581aa0>,5,21,[5 2],7,7,28,0,7
1,<environment.Job instance at 0x153fe5ea6cd0>,3,1,[5 1],7,45,46,38,45
1,<environment.Job instance at 0x153fe5ea6230>,4,14,[2 7],8,73,87,65,73
1,<environment.Job instance at 0x153fe5ea6370>,4,19,[6 1],8,9,28,1,9
1,<environment.Job instance at 0x153faaf55be0>,4,1,[13  1],7,9,10,2,9
1,<environment.Job instance at 0x153faac37190>,6,23,[7 2],9,10,33,1,9
1,<environment.Job instance at 0x153fab3c9e10>,1,3,[ 1 11],3,4,7,1,4
1,<environment.Job instance at 0x153faafe21e0>,2,24,[8 2],4,4,28,0,4
1,<environment.Job instance at 0x153faaa080a0>,1,1,[7 1],3,3,4,0,3
1,<environment.Job instance at 0x153feb0f7aa0>,5,1,[13  1],7,15,16,8,15
1,<environment.Job instance at 0x153fe4058c80>,3,1,[7 1],5,5,6,0,5
1,<environment.Job instance at 0x153fe5dd2cd0>,5,2,[7 1],7,7,9,0,7
1,<environment.Job instance at 0x153feb0c3c80>,3,25,[1 6],4,4,29,0,4
1,<environment.Job instance at 0x153feb0c39b0>,4,2,[ 1 13],6,29,31,23,9
1,<environment.Job instance at 0x153feb0c3dc0>,5,2,[2 8],7,27,29,20,27
1,<environment.Job instance at 0x153feb0c3190>,6,25,[1 7],9,59,84,50,59
1,<environment.Job instance at 0x153fab3f1690>,4,20,[2 8],8,15,35,7,15
1,<environment.Job instance at 0x153faa88d960>,3,2,[ 1 14],4,4,6,0,4
1,<environment.Job instance at 0x153fab112dc0>,0,1,[1 9],1,1,2,0,1
1,<environment.Job instance at 0x153fab112f00>,4,2,[ 1 13],6,7,9,1,7
1,<environment.Job instance at 0x153fab112140>,6,20,[13  2],8,8,28,0,8
1,<environment.Job instance at 0x153fab112460>,5,2,[11  2],7,335,337,328,335
1,<environment.Job instance at 0x153fe5d5bf50>,0,2,[13  2],1,3,5,2,3
1,<environment.Job instance at 0x153fe5d5bdc0>,2,1,[11  2],4,5,6,1,4
1,<environment.Job instance at 0x153fab112be0>,1,25,[10  1],3,6,31,3,4
1,<environment.Job instance at 0x153feb9c3460>,0,1,[5 2],3,3,4,0,3
1,<environment.Job instance at 0x153feb9c30a0>,2,2,[ 1 10],5,6,8,1,6
1,<environment.Job instance at 0x153faad20690>,4,25,[5 2],7,7,32,0,7
1,<environment.Job instance at 0x153fe00a1190>,5,28,[6 2],8,8,36,0,8
1,<environment.Job instance at 0x153feb9c3280>,1,3,[ 1 11],4,518,521,514,518
1,<environment.Job instance at 0x153feb9c30f0>,3,21,[1 6],6,523,544,517,523
1,<environment.Job instance at 0x153faac27a00>,0,23,[ 1 10],1,4,27,3,4
1,<environment.Job instance at 0x153fe5f90320>,1,24,[ 2 14],2,230,254,228,230
1,<environment.Job instance at 0x153fe5f903c0>,4,18,[11  1],5,230,248,225,230
1,<environment.Job instance at 0x153fe5f900f0>,6,2,[ 1 10],7,254,256,247,230
1,<environment.Job instance at 0x153fed9c5be0>,6,27,[ 1 13],8,9,36,1,9
1,<environment.Job instance at 0x153fed9c5730>,5,17,[10  2],7,39,56,32,39
1,<environment.Job instance at 0x153fe6bef6e0>,7,27,[1 9],9,58,85,49,58
1,<environment.Job instance at 0x153fe45afa00>,1,1,[2 7],3,3,4,0,3
1,<environment.Job instance at 0x153faae8c3c0>,4,26,[11  2],7,13,39,6,13
1,<environment.Job instance at 0x153faa8309b0>,5,3,[1 6],8,35,38,27,35
1,<environment.Job instance at 0x153faa830af0>,6,1,[10  2],9,39,40,30,35
1,<environment.Job instance at 0x153faa80c230>,1,2,[12  2],3,7,9,4,7
1,<environment.Job instance at 0x153faa80c320>,2,23,[5 2],4,9,32,5,9
1,<environment.Job instance at 0x153fe5cf5dc0>,3,3,[6 2],6,81,84,75,81
1,<environment.Job instance at 0x153fe5cf52d0>,4,24,[2 6],7,319,343,312,319
1,<environment.Job instance at 0x153fe427c1e0>,2,21,[10  2],4,4,25,0,4
1,<environment.Job instance at 0x153faa9f9230>,5,3,[2 9],7,7,10,0,7
1,<environment.Job instance at 0x153fab2dd8c0>,6,2,[2 6],8,8,10,0,8
1,<environment.Job instance at 0x153faafe1690>,1,1,[9 1],4,4,5,0,4
1,<environment.Job instance at 0x153faafe1b90>,3,27,[2 5],8,8,35,0,8
1,<environment.Job instance at 0x153fab088f00>,0,1,[1 9],1,1,2,0,1
1,<environment.Job instance at 0x153fab088690>,2,1,[6 2],3,3,4,0,3
1,<environment.Job instance at 0x153fe5e0a280>,4,3,[ 2 11],6,8,11,2,8
1,<environment.Job instance at 0x153fe5e0a5f0>,5,2,[14  1],7,553,555,546,553
1,<environment.Job instance at 0x153fe5e0a140>,6,28,[2 9],8,619,647,611,619
1,<environment.Job instance at 0x153faa7d6910>,4,22,[6 2],8,12,34,4,12
1,<environment.Job instance at 0x153faa7d6aa0>,2,1,[11  1],4,184,185,180,184
1,<environment.Job instance at 0x153faa6df960>,1,3,[ 2 12],3,1382,1385,1379,1382
1,<environment.Job instance at 0x153faa6df3c0>,0,2,[12  2],1,2376,2378,2375,2376
1,<environment.Job instance at 0x153faa8fa4b0>,2,21,[5 2],5,6,27,1,6
1,<environment.Job instance at 0x153faad3d640>,4,1,[7 1],7,7,8,0,7
1,<environment.Job instance at 0x153fab06c050>,3,1,[1 8],4,4,5,0,4
1,<environment.Job instance at 0x153faa84a780>,4,24,[1 5],5,5,29,0,5
1,<environment.Job instance at 0x153faa84a870>,5,1,[11  1],6,7,8,1,7
1,<environment.Job instance at 0x153fab06c8c0>,6,21,[8 2],7,10,31,3,10
1,<environment.Job instance at 0x153fab228140>,2,3,[14  2],3,5,8,2,5
1,<environment.Job instance at 0x153faabaee10>,5,1,[1 5],6,6,7,0,6
1,<environment.Job instance at 0x153faa84a0f0>,3,1,[1 6],4,8,9,4,8
1,<environment.Job instance at 0x153faabaec30>,7,2,[ 2 13],9,9,11,0,9
1,<environment.Job instance at 0x153fab06c8c0>,4,17,[10  2],5,19,36,14,19
1,<environment.Job instance at 0x153faab9d6e0>,1,2,[ 1 13],4,5,7,1,5
1,<environment.Job instance at 0x153fe5d9d0f0>,2,1,[1 9],6,7,8,1,6
1,<environment.Job instance at 0x153fe47c9500>,5,25,[13  2],7,11,36,4,11
1,<environment.Job instance at 0x153faa88c320>,2,19,[ 2 11],3,5,24,2,5
1,<environment.Job instance at 0x153faa88c5f0>,5,2,[ 2 10],6,24,26,18,6
1,<environment.Job instance at 0x153faa88cd20>,6,21,[5 2],7,7,28,0,7
1,<environment.Job instance at 0x153faaaf7780>,7,2,[1 9],8,26,28,18,8
1,<environment.Job instance at 0x153faa88c870>,4,13,[7 1],5,25,38,20,25
1,<environment.Job instance at 0x153faa98d410>,3,18,[14  2],4,150,168,146,150
1,<environment.Job instance at 0x153faaaf7500>,1,24,[ 1 14],3,7,31,4,7
1,<environment.Job instance at 0x153fe006d3c0>,2,2,[8 1],4,6,8,2,6
1,<environment.Job instance at 0x153fe006d910>,4,27,[1 7],8,8,35,0,8
1,<environment.Job instance at 0x153fe006d320>,5,14,[6 1],9,36,50,27,36
1,<environment.Job instance at 0x153fe006d6e0>,3,28,[ 2 11],6,509,537,503,509
1,<environment.Job instance at 0x153faaa05d70>,0,24,[ 2 13],3,9,33,6,9
1,<environment.Job instance at 0x153faaa05960>,3,3,[5 1],6,31,34,25,31
1,<environment.Job instance at 0x153faaa05c30>,2,1,[2 9],5,34,35,29,34
1,<environment.Job instance at 0x153faaa05b90>,4,18,[10  1],9,40,58,31,40
1,<environment.Job instance at 0x153fe7f1be10>,3,3,[2 9],5,8,11,3,8
1,<environment.Job instance at 0x153fe7f1b960>,1,28,[7 2],2,3,31,1,3
1,<environment.Job instance at 0x153fe47f2b40>,2,21,[8 2],3,8,29,5,8
1,<environment.Job instance at 0x153fab284e10>,6,3,[7 2],9,2803,2806,2794,2803
1,<environment.Job instance at 0x153faaa1e5f0>,5,1,[1 7],8,8,9,0,8
1,<environment.Job instance at 0x153faab330a0>,1,19,[1 6],3,4,23,1,4
1,<environment.Job instance at 0x153fe453c780>,3,1,[5 2],6,6,7,0,6
1,<environment.Job instance at 0x153fe453caa0>,4,2,[2 5],8,8,10,0,8
1,<environment.Job instance at 0x153faab37eb0>,1,2,[1 6],3,3,5,0,3
1,<environment.Job instance at 0x153faa932a00>,3,28,[9 1],5,5,33,0,5
1,<environment.Job instance at 0x153fe5d28230>,2,22,[12  2],5,26,48,21,26
1,<environment.Job instance at 0x153faaca1f00>,3,2,[1 6],6,65,67,59,65
1,<environment.Job instance at 0x153feb0a33c0>,2,1,[2 8],6,6,7,0,6
1,<environment.Job instance at 0x153fe428b190>,2,1,[ 1 13],3,3,4,0,3
1,<environment.Job instance at 0x153fe5d3dbe0>,0,20,[ 2 13],1,5,25,4,5
1,<environment.Job instance at 0x153fe5effaf0>,7,25,[8 1],8,53,78,45,53
1,<environment.Job instance at 0x153fe5f17a50>,8,25,[1 5],9,84,109,75,84
1,<environment.Job instance at 0x153faaaf7820>,2,2,[11  2],3,3,5,0,3
1,<environment.Job instance at 0x153fe5f17a50>,3,25,[7 1],5,5,30,0,5
1,<environment.Job instance at 0x153fe6c7a280>,4,1,[14  2],6,712,713,706,712
1,<environment.Job instance at 0x153faab370a0>,0,1,[ 2 10],2,2,3,0,2
1,<environment.Job instance at 0x153faab29f50>,0,1,[1 5],1,1,2,0,1
1,<environment.Job instance at 0x153faa78cf50>,3,1,[ 1 10],6,6,7,0,6
1,<environment.Job instance at 0x153faaff8370>,5,1,[ 1 13],8,44,45,36,44
1,<environment.Job instance at 0x153faabdef00>,6,1,[ 1 11],9,49,50,40,49
1,<environment.Job instance at 0x153fe6948730>,2,1,[6 2],3,3,4,0,3
1,<environment.Job instance at 0x153faabde550>,3,1,[5 1],4,4,5,0,4
1,<environment.Job instance at 0x153fe68c5820>,2,1,[ 1 14],3,3,4,0,3
1,<environment.Job instance at 0x153fe68cde10>,6,3,[1 6],8,8,11,0,8
1,<environment.Job instance at 0x153fe5d93f00>,1,1,[11  1],2,6,7,4,6
1,<environment.Job instance at 0x153fe5d93870>,3,28,[13  1],7,7,35,0,7
1,<environment.Job instance at 0x153fe5d93dc0>,4,16,[9 1],8,35,51,27,22
1,<environment.Job instance at 0x153fe5d932d0>,2,26,[2 9],6,107,133,101,107
1,<environment.Job instance at 0x153faae68cd0>,1,24,[1 6],2,2,26,0,2
1,<environment.Job instance at 0x153faae68370>,4,1,[ 1 12],6,29,30,23,29
1,<environment.Job instance at 0x153faae68140>,3,2,[ 2 12],4,34,36,30,34
1,<environment.Job instance at 0x153fe44dd500>,5,14,[13  2],7,43,57,36,43
1,<environment.Job instance at 0x153fe44ddb90>,6,1,[ 2 12],8,138,139,130,138
1,<environment.Job instance at 0x153faa648550>,5,16,[2 6],7,1302,1318,1295,1302
1,<environment.Job instance at 0x153fe5f4de60>,6,13,[8 2],9,1911,1924,1902,1911
1,<environment.Job instance at 0x153faa5f4c80>,1,1,[ 2 13],2,3,4,1,3
1,<environment.Job instance at 0x153faa5f4870>,7,1,[9 2],8,22,23,14,22
1,<environment.Job instance at 0x153faa5f4370>,8,19,[10  1],9,23,42,14,22
1,<environment.Job instance at 0x153faa7cd1e0>,2,25,[13  1],4,5,30,1,5
1,<environment.Job instance at 0x153faa7cd4b0>,4,28,[ 1 11],6,6,34,0,6
1,<environment.Job instance at 0x153faa7cdfa0>,7,20,[ 2 14],9,34,54,25,26
1,<environment.Job instance at 0x153faa7cd6e0>,3,24,[ 1 10],5,54,78,49,49
1,<environment.Job instance at 0x153faa7cdaa0>,5,16,[13  2],7,278,294,271,278
1,<environment.Job instance at 0x153feb0b8be0>,0,2,[ 1 14],1,2,4,1,2
1,<environment.Job instance at 0x153feb0b8dc0>,1,22,[6 2],2,4,26,2,2
1,<environment.Job instance at 0x153fe5c77e60>,2,1,[2 8],3,3,4,0,3
1,<environment.Job instance at 0x153feb0b8dc0>,3,21,[2 9],4,7,28,3,7
1,<environment.Job instance at 0x153fe699cb40>,5,1,[8 2],8,8,9,0,8
1,<environment.Job instance at 0x153feb0a2cd0>,4,24,[13  2],7,30,54,23,30
1,<environment.Job instance at 0x153faac705f0>,0,1,[2 5],1,1,2,0,1
1,<environment.Job instance at 0x153fab344cd0>,4,1,[2 5],8,47,48,39,47
1,<environment.Job instance at 0x153fab344d70>,3,18,[10  1],7,1611,1629,1604,1611
1,<environment.Job instance at 0x153fab344320>,3,3,[2 5],5,659,662,654,659
1,<environment.Job instance at 0x153fab344d70>,4,26,[ 2 13],6,681,707,675,681
1,<environment.Job instance at 0x153fe6883280>,5,27,[ 1 10],8,859,886,851,859
1,<environment.Job instance at 0x153fe6883a50>,2,1,[ 2 10],3,3,4,0,3
1,<environment.Job instance at 0x153faa7ec8c0>,5,25,[ 2 14],6,507,532,501,507
1,<environment.Job instance at 0x153faa7ec460>,1,21,[7 2],2,2,23,0,2
1,<environment.Job instance at 0x153faa7ec190>,2,27,[7 2],3,3,30,0,3
1,<environment.Job instance at 0x153fab0594b0>,2,25,[ 2 10],5,5,30,0,5
1,<environment.Job instance at 0x153faa870550>,4,1,[1 5],6,8,9,2,8
1,<environment.Job instance at 0x153faa604af0>,1,1,[8 1],2,2,3,0,2
1,<environment.Job instance at 0x153fe6cbe780>,2,1,[ 1 12],3,3,4,0,3
1,<environment.Job instance at 0x153fe6cbe910>,4,1,[14  2],5,5,6,0,5
1,<environment.Job instance at 0x153fab351320>,7,27,[1 6],8,8,35,0,8
1,<environment.Job instance at 0x153fab351960>,2,1,[2 6],4,4,5,0,4
1,<environment.Job instance at 0x153faacedc30>,3,1,[1 6],5,5,6,0,5
1,<environment.Job instance at 0x153faaced7d0>,5,28,[1 5],8,8,36,0,8
1,<environment.Job instance at 0x153faa9b2d70>,3,1,[ 1 14],6,178,179,172,178
1,<environment.Job instance at 0x153fab3db820>,4,12,[10  1],7,403,415,396,403
1,<environment.Job instance at 0x153fab3db7d0>,5,3,[10  1],8,514,517,506,514
1,<environment.Job instance at 0x153faaa7d410>,1,1,[6 1],3,3,4,0,3
1,<environment.Job instance at 0x153faaa7dc80>,3,3,[ 2 12],5,9,12,4,9
1,<environment.Job instance at 0x153faaa7dfa0>,5,24,[7 2],9,9,33,0,9
1,<environment.Job instance at 0x153fab2e7f00>,4,3,[1 8],9,887,890,878,887
1,<environment.Job instance at 0x153fe5f906e0>,6,1,[11  1],7,7,8,0,7
1,<environment.Job instance at 0x153faa5c9230>,2,23,[6 1],5,5,28,0,5
1,<environment.Job instance at 0x153faae92e60>,1,1,[ 2 11],3,4,5,1,4
1,<environment.Job instance at 0x153faae92c80>,4,26,[14  2],6,8,34,2,8
1,<environment.Job instance at 0x153faae92500>,6,3,[13  2],8,120,123,112,120
1,<environment.Job instance at 0x153fecfc59b0>,4,3,[8 1],8,137,140,129,137
1,<environment.Job instance at 0x153fe5f84aa0>,2,23,[14  2],7,7,30,0,7
1,<environment.Job instance at 0x153feb9a5140>,1,23,[2 9],2,2,25,0,2
1,<environment.Job instance at 0x153faaefacd0>,7,12,[12  2],8,8,20,0,8
1,<environment.Job instance at 0x153faaefac80>,5,2,[ 1 11],6,445,447,439,445
1,<environment.Job instance at 0x153faaf21500>,1,26,[8 2],3,3,29,0,3
1,<environment.Job instance at 0x153faa799140>,4,1,[9 1],6,18,19,12,18
1,<environment.Job instance at 0x153fab06a9b0>,5,28,[11  1],9,19,47,10,19
1,<environment.Job instance at 0x153fe6982b90>,1,24,[ 1 12],2,179,203,177,179
1,<environment.Job instance at 0x153faa799a50>,2,3,[2 7],3,1587,1590,1584,1587
1,<environment.Job instance at 0x153fab226dc0>,0,1,[ 1 14],3,3,4,0,3
1,<environment.Job instance at 0x153faaa299b0>,3,23,[6 2],6,8,31,2,8
1,<environment.Job instance at 0x153faaa29cd0>,5,1,[10  1],9,31,32,22,9
1,<environment.Job instance at 0x153faad4ae10>,1,2,[ 1 11],2,4,6,2,4
1,<environment.Job instance at 0x153faac8c640>,4,1,[11  1],5,5,6,0,5
1,<environment.Job instance at 0x153feaffd2d0>,3,3,[ 2 11],4,7,10,3,7
1,<environment.Job instance at 0x153fab0e1190>,0,3,[ 2 11],2,4,7,2,4
1,<environment.Job instance at 0x153fab2c87d0>,3,21,[ 2 12],5,7,28,2,5
1,<environment.Job instance at 0x153fab2c89b0>,4,3,[ 1 13],6,28,31,22,9
1,<environment.Job instance at 0x153fab2c8370>,5,3,[5 1],8,14,17,6,14
1,<environment.Job instance at 0x153fe6c93960>,2,2,[1 6],5,5,7,0,5
1,<environment.Job instance at 0x153fecb45e10>,0,1,[8 2],3,3,4,0,3
1,<environment.Job instance at 0x153fecb45af0>,2,26,[11  2],5,5,31,0,5
1,<environment.Job instance at 0x153faabe44b0>,0,2,[ 1 13],1,2,4,1,2
1,<environment.Job instance at 0x153faa690d70>,2,1,[7 1],4,4,5,0,4
1,<environment.Job instance at 0x153fe691a960>,3,2,[1 5],5,5,7,0,5
1,<environment.Job instance at 0x153faafcc2d0>,5,2,[12  2],7,7,9,0,7
1,<environment.Job instance at 0x153faafcc5f0>,6,1,[5 2],8,9,10,1,8
1,<environment.Job instance at 0x153faafcc500>,1,27,[8 2],3,3,30,0,3
1,<environment.Job instance at 0x153feba04cd0>,0,28,[ 1 13],1,4,32,3,4
1,<environment.Job instance at 0x153fe7f07aa0>,3,23,[13  1],4,8,31,4,8
1,<environment.Job instance at 0x153fe5eb4320>,0,1,[2 9],1,1,2,0,1
1,<environment.Job instance at 0x153fe5eb40f0>,2,22,[8 2],3,3,25,0,3
1,<environment.Job instance at 0x153fe5c8ae10>,5,23,[5 2],6,25,48,19,25
1,<environment.Job instance at 0x153fe5ce7140>,0,1,[ 1 12],1,1,2,0,1
1,<environment.Job instance at 0x153fab248190>,1,25,[5 1],2,3,28,1,3
1,<environment.Job instance at 0x153fe5c8a9b0>,4,1,[5 1],6,6,7,0,6
1,<environment.Job instance at 0x153faa7390a0>,6,1,[6 2],8,8,9,0,8
1,<environment.Job instance at 0x153fe5cb3cd0>,3,22,[2 8],4,7,29,3,7
1,<environment.Job instance at 0x153faae47b40>,3,15,[ 2 12],5,10,25,5,10
1,<environment.Job instance at 0x153faa9552d0>,5,27,[6 1],7,30,57,23,30
1,<environment.Job instance at 0x153faa955460>,6,3,[6 1],9,69,72,60,69
1,<environment.Job instance at 0x153fe5fad8c0>,2,23,[1 6],4,4,27,0,4
1,<environment.Job instance at 0x153fab05ce60>,6,1,[1 5],9,19,20,10,19
1,<environment.Job instance at 0x153fe5e865f0>,4,25,[ 1 11],6,48,73,42,48
1,<environment.Job instance at 0x153faa66e9b0>,1,20,[6 1],2,2,22,0,2
1,<environment.Job instance at 0x153feb97deb0>,0,1,[13  1],2,2,3,0,2
1,<environment.Job instance at 0x153fe6c707d0>,1,24,[5 2],2,2,26,0,2
1,<environment.Job instance at 0x153fe6c70f00>,5,21,[2 7],8,13,34,5,13
1,<environment.Job instance at 0x153fe6c70cd0>,3,3,[11  2],5,109,112,104,109
1,<environment.Job instance at 0x153feb329eb0>,0,1,[7 2],3,3,4,0,3
1,<environment.Job instance at 0x153faaa46780>,2,1,[ 1 10],5,5,6,0,5
1,<environment.Job instance at 0x153fe5e45d70>,4,1,[ 2 12],7,7,8,0,7
1,<environment.Job instance at 0x153fab0bbeb0>,1,21,[2 6],3,3,24,0,3
1,<environment.Job instance at 0x153faab68690>,3,1,[1 9],5,5,6,0,5
1,<environment.Job instance at 0x153faab68820>,4,20,[2 8],7,9,29,2,9
1,<environment.Job instance at 0x153fe5cb6500>,2,28,[7 1],7,7,35,0,7
1,<environment.Job instance at 0x153faacec050>,3,1,[9 2],5,5,6,0,5
1,<environment.Job instance at 0x153faac12b90>,6,1,[6 1],8,8,9,0,8
1,<environment.Job instance at 0x153fe68bc320>,4,2,[10  2],6,25,27,19,25
1,<environment.Job instance at 0x153feba0f960>,3,15,[10  1],4,111,126,107,111
1,<environment.Job instance at 0x153faac129b0>,5,13,[7 2],7,151,164,144,151
1,<environment.Job instance at 0x153faa75ef50>,0,1,[ 1 14],2,2,3,0,2
1,<environment.Job instance at 0x153faadcfdc0>,4,1,[ 1 12],6,1343,1344,1337,1343
1,<environment.Job instance at 0x153faadcf500>,2,2,[ 1 14],4,1514,1516,1510,1514
1,<environment.Job instance at 0x153fe9d955f0>,0,1,[10  1],2,2,3,0,2
1,<environment.Job instance at 0x153faa7820a0>,1,26,[5 1],6,9,35,3,9
1,<environment.Job instance at 0x153fe5c90640>,3,2,[2 8],6,7,9,1,7
1,<environment.Job instance at 0x153fe5c908c0>,5,12,[9 1],8,9,21,1,9
1,<environment.Job instance at 0x153fe5c900a0>,4,17,[9 2],7,30,47,23,30
1,<environment.Job instance at 0x153fe5c90550>,6,19,[6 1],9,44,63,35,44
1,<environment.Job instance at 0x153fe005f550>,1,16,[1 6],3,5,21,2,5
1,<environment.Job instance at 0x153faa6480a0>,4,3,[12  1],6,6,9,0,6
1,<environment.Job instance at 0x153faa648460>,5,3,[5 1],7,9,12,2,7
1,<environment.Job instance at 0x153fe005f640>,6,23,[8 2],9,9,32,0,9
1,<environment.Job instance at 0x153faa6488c0>,3,24,[9 2],5,32,56,27,27
1,<environment.Job instance at 0x153fe6cc3280>,0,1,[1 7],1,1,2,0,1
1,<environment.Job instance at 0x153fe6cc3870>,2,1,[2 7],4,4,5,0,4
1,<environment.Job instance at 0x153fed9c3fa0>,5,27,[1 6],8,8,35,0,8
1,<environment.Job instance at 0x153fe6c026e0>,5,1,[ 1 12],7,46,47,39,46
1,<environment.Job instance at 0x153fe5d9d870>,5,1,[ 1 10],8,21,22,13,21
1,<environment.Job instance at 0x153fe5d9deb0>,6,2,[ 2 10],9,27,29,18,27
1,<environment.Job instance at 0x153fe5d9dcd0>,3,18,[7 1],5,921,939,916,921
1,<environment.Job instance at 0x153faa8f0410>,6,2,[ 2 10],8,1139,1141,1131,1139
1,<environment.Job instance at 0x153fab19e6e0>,0,1,[9 1],2,2,3,0,2
1,<environment.Job instance at 0x153feb01d820>,2,1,[12  1],4,4,5,0,4
1,<environment.Job instance at 0x153feb01d550>,4,12,[13  2],7,11,23,4,11
1,<environment.Job instance at 0x153feb01dbe0>,5,15,[7 1],9,212,227,203,212
1,<environment.Job instance at 0x153faa921f50>,0,2,[14  1],2,3,5,1,3
1,<environment.Job instance at 0x153fe6939c80>,4,20,[10  1],6,6,26,0,6
1,<environment.Job instance at 0x153faa921870>,6,18,[8 1],8,26,44,18,26
1,<environment.Job instance at 0x153fe6939eb0>,1,24,[7 1],3,7,31,4,7
1,<environment.Job instance at 0x153fe6939820>,4,25,[1 6],5,7,32,2,7
1,<environment.Job instance at 0x153fe45309b0>,3,1,[11  1],4,12,13,8,12
1,<environment.Job instance at 0x153faaf1f640>,5,13,[8 2],6,36,49,30,36
1,<environment.Job instance at 0x153faaf1b230>,0,1,[2 9],1,1,2,0,1
1,<environment.Job instance at 0x153fe6bcab90>,2,19,[7 2],3,5,24,2,5
1,<environment.Job instance at 0x153fe6bca5a0>,5,3,[9 1],8,24,27,16,8
1,<environment.Job instance at 0x153faaeb3460>,0,1,[9 2],1,1,2,0,1
1,<environment.Job instance at 0x153feb09b320>,1,28,[9 1],2,2,30,0,2
1,<environment.Job instance at 0x153fe68127d0>,4,2,[ 1 12],9,1443,1445,1434,1443
1,<environment.Job instance at 0x153feb9e41e0>,3,27,[13  1],5,5,32,0,5
1,<environment.Job instance at 0x153feb9e4f00>,7,2,[8 2],9,48,50,39,48
1,<environment.Job instance at 0x153fab1f0c30>,1,26,[6 2],4,5,31,1,5
1,<environment.Job instance at 0x153fe4514230>,6,3,[6 2],9,13,16,4,13
1,<environment.Job instance at 0x153fab1f0550>,2,28,[9 1],5,22,50,17,22
1,<environment.Job instance at 0x153fe6918370>,0,1,[1 6],1,1,2,0,1
1,<environment.Job instance at 0x153feba28eb0>,1,1,[11  2],2,2,3,0,2
1,<environment.Job instance at 0x153feba28320>,3,1,[1 8],4,4,5,0,4
1,<environment.Job instance at 0x153feba28910>,7,1,[14  1],9,1699,1700,1690,1699
1,<environment.Job instance at 0x153faaa42690>,1,3,[2 5],3,4,7,1,4
1,<environment.Job instance at 0x153fab3d92d0>,3,1,[1 8],9,9,10,0,9
1,<environment.Job instance at 0x153faaa424b0>,2,13,[7 1],4,198,211,194,198
1,<environment.Job instance at 0x153fe5f6cb40>,3,1,[1 7],5,9,10,4,9
1,<environment.Job instance at 0x153faa626820>,4,14,[2 7],9,849,863,840,849
1,<environment.Job instance at 0x153faaeb5dc0>,2,27,[11  1],7,9,36,2,9
1,<environment.Job instance at 0x153faa929a50>,5,26,[9 2],8,36,62,28,36
1,<environment.Job instance at 0x153faaeee870>,4,1,[11  1],6,7,8,1,7
1,<environment.Job instance at 0x153faab2feb0>,1,23,[ 2 13],3,1373,1396,1370,1373
1,<environment.Job instance at 0x153fe44d4730>,4,15,[1 7],8,1396,1411,1388,1382
1,<environment.Job instance at 0x153fab2c8a00>,5,17,[1 7],9,33,50,24,33
1,<environment.Job instance at 0x153fe5ea0410>,3,19,[12  2],7,324,343,317,324
1,<environment.Job instance at 0x153faaf0ff50>,0,1,[8 1],3,3,4,0,3
1,<environment.Job instance at 0x153fab2c8910>,2,19,[1 5],5,5,24,0,5
1,<environment.Job instance at 0x153faab69730>,0,3,[13  1],2,7,10,5,7
1,<environment.Job instance at 0x153faab690f0>,3,3,[1 7],5,7,10,2,7
1,<environment.Job instance at 0x153fab21be60>,5,22,[8 1],7,10,32,3,8
1,<environment.Job instance at 0x153fab21bb40>,6,21,[8 1],8,65,86,57,65
1,<environment.Job instance at 0x153faab95f50>,7,14,[13  2],9,106,120,97,106
1,<environment.Job instance at 0x153fab21b0f0>,4,1,[8 2],6,335,336,329,335
1,<environment.Job instance at 0x153faaaa60a0>,0,2,[ 2 12],1,2,4,1,2
1,<environment.Job instance at 0x153fe5fdc280>,0,1,[1 7],1,1,2,0,1
1,<environment.Job instance at 0x153faaaa68c0>,1,1,[10  2],2,2,3,0,2
1,<environment.Job instance at 0x153fab21b460>,2,2,[ 1 13],3,6,8,3,6
1,<environment.Job instance at 0x153fe5fdc320>,4,2,[ 2 10],5,8,10,3,6
1,<environment.Job instance at 0x153faada56e0>,2,2,[2 7],5,5,7,0,5
1,<environment.Job instance at 0x153fe5d959b0>,0,24,[5 1],2,3,27,1,3
1,<environment.Job instance at 0x153fe9d7e5a0>,2,1,[11  2],4,4,5,0,4
1,<environment.Job instance at 0x153faa599370>,5,1,[ 1 11],7,10,11,3,10
1,<environment.Job instance at 0x153faa599410>,6,2,[14  2],8,253,255,245,253
1,<environment.Job instance at 0x153faa9322d0>,1,3,[13  1],5,7,10,2,7
1,<environment.Job instance at 0x153faa932aa0>,2,2,[2 6],6,8,10,2,8
1,<environment.Job instance at 0x153faae06af0>,4,3,[12  2],9,10,13,1,10
1,<environment.Job instance at 0x153faa932cd0>,3,16,[2 8],7,195,211,188,195
1,<environment.Job instance at 0x153faab63460>,4,12,[1 5],8,8,20,0,8
1,<environment.Job instance at 0x153faa932870>,5,27,[12  1],9,9,36,0,9
1,<environment.Job instance at 0x153faab63e10>,3,15,[2 5],6,236,251,230,236
1,<environment.Job instance at 0x153fab2bee60>,0,1,[8 2],2,2,3,0,2
1,<environment.Job instance at 0x153faabb9f00>,0,1,[9 1],1,1,2,0,1
1,<environment.Job instance at 0x153faa8430f0>,2,1,[ 1 12],3,9,10,6,9
1,<environment.Job instance at 0x153faacf9fa0>,1,25,[7 2],2,2,27,0,2
1,<environment.Job instance at 0x153fe4279690>,5,15,[1 8],7,9,24,2,9
1,<environment.Job instance at 0x153fe4279550>,6,1,[1 8],9,24,25,15,10
1,<environment.Job instance at 0x153fe4279a00>,2,1,[14  2],4,1192,1193,1188,1192
1,<environment.Job instance at 0x153fe42795f0>,3,1,[5 1],5,1246,1247,1241,1246
1,<environment.Job instance at 0x153fab2ddeb0>,0,1,[ 2 10],1,1,2,0,1
1,<environment.Job instance at 0x153faa8e70a0>,0,1,[1 9],1,1,2,0,1
1,<environment.Job instance at 0x153faa8e7140>,4,3,[1 7],5,7,10,2,7
1,<environment.Job instance at 0x153faae2ed70>,7,27,[8 2],8,8,35,0,8
1,<environment.Job instance at 0x153fab2728c0>,3,23,[9 1],6,6,29,0,6
1,<environment.Job instance at 0x153faa61dc80>,0,1,[11  1],1,2,3,1,2
1,<environment.Job instance at 0x153fab16f140>,6,1,[ 1 11],9,11,12,2,11
1,<environment.Job instance at 0x153faaa15140>,3,17,[ 2 12],4,128,145,124,128
1,<environment.Job instance at 0x153faaa15dc0>,4,25,[2 8],5,487,512,482,487
1,<environment.Job instance at 0x153fe693ceb0>,2,1,[1 8],4,4,5,0,4
1,<environment.Job instance at 0x153fe693cfa0>,3,1,[ 1 10],5,5,6,0,5
1,<environment.Job instance at 0x153fe7effdc0>,1,25,[7 1],3,3,28,0,3
1,<environment.Job instance at 0x153faaaf0730>,0,3,[ 2 11],1,5,8,4,5
1,<environment.Job instance at 0x153faaaf0230>,1,19,[14  2],5,138,157,133,138
1,<environment.Job instance at 0x153fab15d500>,5,26,[12  2],7,7,33,0,7
1,<environment.Job instance at 0x153fab15d8c0>,0,1,[2 8],1,1,2,0,1
1,<environment.Job instance at 0x153fab15d320>,1,1,[14  1],2,2,3,0,2
1,<environment.Job instance at 0x153faa9e3460>,0,1,[ 1 10],1,1,2,0,1
1,<environment.Job instance at 0x153faa9e3d20>,3,23,[ 1 11],4,5,28,1,5
1,<environment.Job instance at 0x153faafde370>,5,1,[1 9],6,28,29,22,6
1,<environment.Job instance at 0x153faa8d3fa0>,1,1,[13  1],2,4,5,2,4
1,<environment.Job instance at 0x153faaf93d20>,7,2,[9 1],9,35,37,26,35
1,<environment.Job instance at 0x153faa8d3f00>,3,3,[5 1],4,865,868,861,865
1,<environment.Job instance at 0x153faaf93fa0>,6,13,[9 2],8,967,980,959,967
1,<environment.Job instance at 0x153faaf93dc0>,5,2,[13  2],7,1172,1174,1165,1172
1,<environment.Job instance at 0x153faa6b0d70>,2,2,[13  1],3,5,7,2,5
1,<environment.Job instance at 0x153faa6b0460>,5,3,[ 1 11],7,7,10,0,7
1,<environment.Job instance at 0x153faa6b0230>,6,2,[ 1 14],8,10,12,2,8
1,<environment.Job instance at 0x153faa6b00f0>,7,28,[7 2],9,12,40,3,11
1,<environment.Job instance at 0x153faa6b0500>,4,3,[12  1],5,45,48,40,45
1,<environment.Job instance at 0x153faaf8a8c0>,3,13,[12  1],4,414,427,410,414
1,<environment.Job instance at 0x153faa8960a0>,1,23,[8 1],2,2,25,0,2
1,<environment.Job instance at 0x153faa896500>,5,1,[1 9],6,20,21,14,20
1,<environment.Job instance at 0x153faa8968c0>,6,3,[5 1],7,20,23,13,20
1,<environment.Job instance at 0x153faa896780>,7,3,[2 7],8,21,24,13,20
1,<environment.Job instance at 0x153faa896e10>,8,2,[ 1 13],9,24,26,15,20
1,<environment.Job instance at 0x153faa896d20>,2,2,[11  1],3,34,36,31,34
1,<environment.Job instance at 0x153faa896370>,3,19,[2 8],4,61,80,57,61
1,<environment.Job instance at 0x153faa896af0>,4,25,[ 1 12],5,2181,2206,2176,2181
1,<environment.Job instance at 0x153feafdf9b0>,4,13,[7 2],5,6,19,1,6
1,<environment.Job instance at 0x153faa940410>,5,2,[2 8],7,15,17,8,15
1,<environment.Job instance at 0x153feafdf5f0>,6,20,[ 1 13],9,17,37,8,16
1,<environment.Job instance at 0x153fe5ea0c30>,5,1,[2 5],8,40,41,32,40
1,<environment.Job instance at 0x153faaffd230>,2,3,[1 8],4,4,7,0,4
1,<environment.Job instance at 0x153fe5ea0f00>,4,21,[6 1],6,7,28,1,7
1,<environment.Job instance at 0x153fe5cf7550>,4,3,[2 5],7,220,223,213,220
1,<environment.Job instance at 0x153fe5cf70a0>,5,15,[2 7],8,856,871,848,856
1,<environment.Job instance at 0x153fe5cf7be0>,6,2,[12  2],9,1255,1257,1246,1255
1,<environment.Job instance at 0x153feafe4fa0>,5,1,[ 1 13],7,7,8,0,7
1,<environment.Job instance at 0x153feafe4eb0>,1,26,[5 2],4,7,33,3,7
1,<environment.Job instance at 0x153fe5fc71e0>,2,24,[9 2],4,4,28,0,4
1,<environment.Job instance at 0x153fe5fc7230>,5,1,[9 2],8,28,29,20,10
1,<environment.Job instance at 0x153fe5fc7cd0>,0,26,[ 1 14],1,569,595,568,569
1,<environment.Job instance at 0x153fe5fc7e60>,6,22,[2 9],9,598,620,589,598
1,<environment.Job instance at 0x153fe5fc7e60>,5,20,[8 1],7,8,28,1,8
1,<environment.Job instance at 0x153feb0cb370>,2,23,[2 9],6,8,31,2,8
1,<environment.Job instance at 0x153feba4f730>,4,16,[11  1],8,2728,2744,2720,2728
1,<environment.Job instance at 0x153faa9495a0>,1,1,[1 6],2,2,3,0,2
1,<environment.Job instance at 0x153faa949500>,2,1,[1 9],3,3,4,0,3
1,<environment.Job instance at 0x153faaa15960>,6,1,[6 1],8,8,9,0,8
1,<environment.Job instance at 0x153feb9e9dc0>,1,1,[1 9],2,2,3,0,2
1,<environment.Job instance at 0x153feb9e9320>,4,18,[2 9],6,7,25,1,7
1,<environment.Job instance at 0x153faaae2eb0>,6,19,[7 2],9,9,28,0,9
1,<environment.Job instance at 0x153feaff2f50>,4,1,[12  1],8,14,15,6,14
1,<environment.Job instance at 0x153fe5ed5fa0>,6,3,[5 1],8,335,338,327,335
1,<environment.Job instance at 0x153fe5ed30a0>,7,3,[1 7],9,371,374,362,371
1,<environment.Job instance at 0x153fab3b0230>,6,2,[ 1 14],9,2513,2515,2504,2513
1,<environment.Job instance at 0x153faa883960>,0,1,[7 2],1,1,2,0,1
1,<environment.Job instance at 0x153faa883be0>,4,1,[ 1 12],8,8,9,0,8
1,<environment.Job instance at 0x153fe5c99e60>,0,1,[9 1],1,1,2,0,1
1,<environment.Job instance at 0x153fe5fe1960>,6,12,[10  1],7,9,21,2,9
1,<environment.Job instance at 0x153fe5fe1b90>,1,1,[11  2],2,3,4,1,3
1,<environment.Job instance at 0x153faaa8aa00>,4,21,[10  2],5,5,26,0,5
1,<environment.Job instance at 0x153fe688be10>,0,20,[1 6],1,2,22,1,2
1,<environment.Job instance at 0x153faabf4e10>,3,1,[10  1],4,4,5,0,4
1,<environment.Job instance at 0x153faabf4050>,5,2,[9 1],7,7,9,0,7
1,<environment.Job instance at 0x153fe4566820>,2,18,[14  1],3,8,26,5,8
1,<environment.Job instance at 0x153fe5d9ae60>,1,25,[ 2 11],2,7,32,5,7
1,<environment.Job instance at 0x153faa9c0500>,2,26,[8 1],3,5,31,2,5
1,<environment.Job instance at 0x153faaf110f0>,0,1,[ 2 10],1,1,2,0,1
1,<environment.Job instance at 0x153faaf11230>,1,1,[ 1 11],3,3,4,0,3
1,<environment.Job instance at 0x153faadb7be0>,2,27,[ 1 10],4,5,32,1,5
1,<environment.Job instance at 0x153faadb75a0>,4,2,[5 1],6,6,8,0,6
1,<environment.Job instance at 0x153faa5c5460>,5,2,[ 2 13],7,32,34,25,7
1,<environment.Job instance at 0x153faa5c5370>,6,1,[10  1],8,8,9,0,8
1,<environment.Job instance at 0x153faa929b40>,2,1,[1 6],5,8,9,3,8
1,<environment.Job instance at 0x153faa929640>,0,27,[ 1 13],1,9,36,8,8
1,<environment.Job instance at 0x153faa5c5cd0>,3,2,[14  2],6,21,23,15,21
1,<environment.Job instance at 0x153faa5c59b0>,4,24,[9 2],8,102,126,94,102
1,<environment.Job instance at 0x153faa5c52d0>,1,22,[10  1],4,92,114,88,92
1,<environment.Job instance at 0x153fe42aae60>,2,2,[1 6],7,7,9,0,7
1,<environment.Job instance at 0x153fe42aa410>,3,27,[9 1],8,8,35,0,8
1,<environment.Job instance at 0x153fe42aa910>,0,2,[ 1 14],2,6,8,4,6
1,<environment.Job instance at 0x153fe5dbfaf0>,2,20,[9 1],6,6,26,0,6
1,<environment.Job instance at 0x153febee9af0>,3,1,[10  2],5,5,6,0,5
1,<environment.Job instance at 0x153febee9f00>,4,3,[ 1 13],6,24,27,18,24
1,<environment.Job instance at 0x153febee97d0>,7,1,[11  2],9,60,61,51,60
1,<environment.Job instance at 0x153febee92d0>,6,3,[2 8],8,60,63,52,60
1,<environment.Job instance at 0x153faaf80780>,3,1,[1 9],8,9,10,1,9
1,<environment.Job instance at 0x153fab09b370>,0,1,[10  1],1,1,2,0,1
1,<environment.Job instance at 0x153faabac8c0>,3,1,[10  2],4,4,5,0,4
1,<environment.Job instance at 0x153fe5f47410>,1,27,[5 2],2,2295,2322,2293,2295
1,<environment.Job instance at 0x153fab15fdc0>,1,1,[7 1],3,3,4,0,3
1,<environment.Job instance at 0x153faab89e10>,3,22,[6 1],6,6,28,0,6
1,<environment.Job instance at 0x153faab89d20>,4,25,[12  1],7,28,53,21,24
