iteration,job object,job ID,job Length,job ressource requirement,job enter time,job start time,job finish time,job waiting time,current time
1,<environment.Job instance at 0x153fedb36b40>,4,20,[7 2],5,5,25,0,5
1,<environment.Job instance at 0x153fe5fc7640>,6,18,[8 1],7,25,43,18,15
1,<environment.Job instance at 0x153fe40514b0>,1,13,[2 8],2,2,15,0,2
1,<environment.Job instance at 0x153fe4517140>,0,16,[5 2],1,4,20,3,4
1,<environment.Job instance at 0x153fe6982550>,5,3,[6 1],7,20,23,13,7
1,<environment.Job instance at 0x153fe45623c0>,0,20,[2 8],2,3,23,1,3
1,<environment.Job instance at 0x153fecfd7d20>,4,16,[10  2],7,23,39,16,10
1,<environment.Job instance at 0x153fe5d8be10>,1,2,[1 5],2,2,4,0,2
1,<environment.Job instance at 0x153fe5d8b140>,2,26,[1 7],4,1701,1727,1697,1701
1,<environment.Job instance at 0x153fe6c4be10>,1,17,[8 1],3,3,20,0,3
1,<environment.Job instance at 0x153fab394d20>,4,23,[1 6],6,34,57,28,34
1,<environment.Job instance at 0x153faaacce10>,2,26,[2 7],5,33,59,28,33
1,<environment.Job instance at 0x153fe5cdcd70>,0,13,[7 2],2,2,15,0,2
1,<environment.Job instance at 0x153faaa49a50>,0,28,[2 8],1,7,35,6,7
1,<environment.Job instance at 0x153fe68d8a00>,5,17,[ 2 10],8,8,25,0,8
1,<environment.Job instance at 0x153fab0e28c0>,1,21,[5 2],2,3,24,1,3
1,<environment.Job instance at 0x153fe68d8a00>,3,13,[ 2 10],4,24,37,20,8
1,<environment.Job instance at 0x153faae1a2d0>,0,14,[10  1],1,1,15,0,1
1,<environment.Job instance at 0x153faab9caf0>,0,3,[1 6],1,1,4,0,1
1,<environment.Job instance at 0x153fab392cd0>,1,17,[1 6],3,4,21,1,4
1,<environment.Job instance at 0x153faab9c690>,0,15,[9 2],2,2,17,0,2
1,<environment.Job instance at 0x153fab275aa0>,0,2,[1 5],1,1,3,0,1
1,<environment.Job instance at 0x153fab2753c0>,1,3,[1 5],2,2,5,0,2
1,<environment.Job instance at 0x153fab275190>,3,22,[1 6],7,37,59,30,37
1,<environment.Job instance at 0x153fab275190>,3,18,[10  1],8,8,26,0,8
1,<environment.Job instance at 0x153fe6cab8c0>,2,18,[5 2],3,3,21,0,3
1,<environment.Job instance at 0x153fab028eb0>,4,12,[7 1],7,7,19,0,7
1,<environment.Job instance at 0x153feba169b0>,0,3,[2 7],1,1,4,0,1
1,<environment.Job instance at 0x153fe69be3c0>,2,26,[8 2],8,8,34,0,8
1,<environment.Job instance at 0x153faad79690>,0,20,[7 2],1,1,21,0,1
1,<environment.Job instance at 0x153faad79d20>,5,14,[8 1],8,39,53,31,39
1,<environment.Job instance at 0x153faad799b0>,6,2,[ 1 10],9,81,83,72,81
1,<environment.Job instance at 0x153fe5e50050>,0,21,[7 2],2,2,23,0,2
1,<environment.Job instance at 0x153faad49190>,0,27,[2 6],1,1,28,0,1
1,<environment.Job instance at 0x153faa69eb40>,3,18,[2 6],5,17,35,12,17
1,<environment.Job instance at 0x153feb00ef50>,0,17,[2 8],1,1,18,0,1
1,<environment.Job instance at 0x153fe5ce7820>,3,27,[6 1],6,6,33,0,6
1,<environment.Job instance at 0x153fe5ce7d20>,4,27,[10  2],7,33,60,26,31
1,<environment.Job instance at 0x153fe5d8a320>,2,17,[8 2],5,5,22,0,5
1,<environment.Job instance at 0x153fe6c5ff00>,0,16,[2 9],1,1,17,0,1
1,<environment.Job instance at 0x153fe6c5fd70>,5,2,[8 2],8,88,90,80,88
1,<environment.Job instance at 0x153feafe1b90>,3,14,[2 5],9,13,27,4,13
1,<environment.Job instance at 0x153faabda7d0>,5,3,[2 8],8,8,11,0,8
1,<environment.Job instance at 0x153fab0e2500>,0,27,[1 8],1,2,29,1,2
1,<environment.Job instance at 0x153fab0e2a00>,2,3,[1 6],3,29,32,26,3
1,<environment.Job instance at 0x153fe4509460>,3,20,[8 2],4,4,24,0,4
1,<environment.Job instance at 0x153fe4509730>,4,14,[9 1],6,24,38,18,11
1,<environment.Job instance at 0x153fe9d77dc0>,0,25,[10  1],1,1,26,0,1
1,<environment.Job instance at 0x153fab1fe910>,5,18,[8 2],8,26,44,18,21
1,<environment.Job instance at 0x153fab2121e0>,1,17,[2 9],2,2,19,0,2
1,<environment.Job instance at 0x153fe9daf370>,0,23,[7 1],2,2,25,0,2
1,<environment.Job instance at 0x153fe9daf190>,3,24,[5 2],6,25,49,19,20
1,<environment.Job instance at 0x153fe4540140>,2,27,[5 2],4,4,31,0,4
1,<environment.Job instance at 0x153fab0861e0>,6,13,[9 1],9,435,448,426,435
1,<environment.Job instance at 0x153fab086460>,2,27,[5 2],4,5,32,1,5
1,<environment.Job instance at 0x153fab359f50>,4,23,[2 8],6,6,29,0,6
1,<environment.Job instance at 0x153feb0fb370>,7,15,[2 5],9,29,44,20,15
1,<environment.Job instance at 0x153faaca8be0>,3,3,[1 7],6,6,9,0,6
1,<environment.Job instance at 0x153faaca8d20>,4,17,[2 7],7,9,26,2,7
1,<environment.Job instance at 0x153faaca8e60>,5,14,[1 6],8,26,40,18,11
1,<environment.Job instance at 0x153fab2b3910>,0,19,[10  1],1,1,20,0,1
1,<environment.Job instance at 0x153fe5d3d730>,0,15,[2 6],2,2,17,0,2
1,<environment.Job instance at 0x153faaa6ceb0>,2,13,[10  2],8,8,21,0,8
1,<environment.Job instance at 0x153feb044a50>,3,24,[9 1],9,21,45,12,16
1,<environment.Job instance at 0x153faaf794b0>,1,3,[2 8],2,2,5,0,2
1,<environment.Job instance at 0x153fe6c79730>,4,3,[2 9],5,5,8,0,5
1,<environment.Job instance at 0x153fe6c79a00>,5,23,[1 6],6,8,31,2,6
1,<environment.Job instance at 0x153fe6c79b40>,6,12,[7 1],9,9,21,0,9
1,<environment.Job instance at 0x153fe403d320>,2,3,[8 1],5,5,8,0,5
1,<environment.Job instance at 0x153faa7215f0>,0,20,[5 1],2,2,22,0,2
1,<environment.Job instance at 0x153fe403deb0>,1,14,[2 5],3,3,17,0,3
1,<environment.Job instance at 0x153fe403df50>,3,12,[1 5],6,17,29,11,6
1,<environment.Job instance at 0x153faa896870>,4,13,[7 2],7,22,35,15,7
1,<environment.Job instance at 0x153fab2adaf0>,0,3,[2 6],1,1,4,0,1
1,<environment.Job instance at 0x153fab2ad2d0>,1,18,[1 5],2,4,22,2,2
1,<environment.Job instance at 0x153fab2ad1e0>,2,16,[1 5],6,7,23,1,7
1,<environment.Job instance at 0x153faad115a0>,1,26,[2 8],3,5,31,2,5
1,<environment.Job instance at 0x153faaaf9550>,3,16,[ 2 10],7,31,47,24,18
1,<environment.Job instance at 0x153faa784cd0>,0,28,[6 1],2,2,30,0,2
1,<environment.Job instance at 0x153fe5ef3b90>,5,16,[2 8],9,10,26,1,10
1,<environment.Job instance at 0x153fe005d6e0>,0,27,[1 7],1,2,29,1,2
1,<environment.Job instance at 0x153fe6c52c80>,2,17,[2 8],3,29,46,26,18
1,<environment.Job instance at 0x153fecf8a5a0>,0,13,[10  1],1,1,14,0,1
1,<environment.Job instance at 0x153faaea4d20>,0,19,[2 6],1,4,23,3,4
1,<environment.Job instance at 0x153fe5f074b0>,4,27,[ 2 10],8,23,50,15,21
1,<environment.Job instance at 0x153fe5f070f0>,1,3,[1 7],2,2,5,0,2
1,<environment.Job instance at 0x153fe5f075a0>,3,3,[2 6],4,5,8,1,4
1,<environment.Job instance at 0x153fe5d04be0>,4,18,[2 8],5,8,26,3,5
1,<environment.Job instance at 0x153fe5d04f00>,5,13,[5 1],6,7,20,1,7
1,<environment.Job instance at 0x153fe5d149b0>,0,24,[1 7],1,96,120,95,96
1,<environment.Job instance at 0x153faae592d0>,1,3,[1 5],2,2,5,0,2
1,<environment.Job instance at 0x153faa851e10>,2,21,[2 7],3,5,26,2,3
1,<environment.Job instance at 0x153faa851550>,3,13,[2 5],4,26,39,22,11
1,<environment.Job instance at 0x153faa7e01e0>,0,27,[6 2],1,1,28,0,1
1,<environment.Job instance at 0x153feb0619b0>,0,17,[2 8],1,2,19,1,2
1,<environment.Job instance at 0x153feb061fa0>,2,16,[8 1],5,28,44,23,28
1,<environment.Job instance at 0x153fe6803410>,1,12,[1 7],3,3,15,0,3
1,<environment.Job instance at 0x153fe6c4b2d0>,0,18,[9 1],2,2,20,0,2
1,<environment.Job instance at 0x153fe685d960>,3,17,[10  1],5,20,37,15,8
1,<environment.Job instance at 0x153faaa2c550>,6,21,[ 2 10],9,37,58,28,34
1,<environment.Job instance at 0x153fe458ca00>,0,15,[5 2],1,3,18,2,3
1,<environment.Job instance at 0x153fe458c4b0>,2,22,[2 7],5,5,27,0,5
1,<environment.Job instance at 0x153fe458c730>,3,27,[10  2],8,27,54,19,25
1,<environment.Job instance at 0x153fe458c8c0>,1,14,[2 6],2,2,16,0,2
1,<environment.Job instance at 0x153fe458ca50>,2,19,[9 1],3,16,35,13,6
1,<environment.Job instance at 0x153fe5ecfa50>,5,15,[9 2],7,35,50,28,21
1,<environment.Job instance at 0x153fe5d2c9b0>,0,17,[9 1],3,3,20,0,3
1,<environment.Job instance at 0x153fed9c5690>,0,13,[6 1],1,2,15,1,2
1,<environment.Job instance at 0x153faa827410>,5,13,[2 6],6,6,19,0,6
1,<environment.Job instance at 0x153fe68942d0>,0,17,[7 1],1,1,18,0,1
1,<environment.Job instance at 0x153feb002e10>,0,15,[1 7],2,2,17,0,2
1,<environment.Job instance at 0x153faa877a00>,2,28,[6 2],4,4,32,0,4
1,<environment.Job instance at 0x153faad8f4b0>,0,25,[ 1 10],1,3,28,2,3
1,<environment.Job instance at 0x153fe9d98050>,4,25,[10  1],5,28,53,23,24
1,<environment.Job instance at 0x153fe9d98500>,7,3,[2 7],8,71,74,63,71
1,<environment.Job instance at 0x153faae55f00>,0,3,[ 2 10],1,1,4,0,1
1,<environment.Job instance at 0x153faae555a0>,2,3,[2 7],4,4,7,0,4
1,<environment.Job instance at 0x153fab06ddc0>,5,21,[2 5],7,22,43,15,22
1,<environment.Job instance at 0x153fab06dcd0>,1,19,[ 1 10],3,5,24,2,5
1,<environment.Job instance at 0x153fecfd7d20>,2,25,[2 8],3,4,29,1,4
1,<environment.Job instance at 0x153fecfd70f0>,5,2,[1 8],6,29,31,23,6
1,<environment.Job instance at 0x153fecfd7910>,6,17,[5 2],7,7,24,0,7
1,<environment.Job instance at 0x153fe5d74aa0>,3,2,[5 2],6,6,8,0,6
1,<environment.Job instance at 0x153fe5d742d0>,4,2,[8 1],7,8,10,1,7
1,<environment.Job instance at 0x153fab032f50>,3,15,[10  2],8,8,23,0,8
1,<environment.Job instance at 0x153faa6631e0>,0,1,[1 5],1,1,2,0,1
1,<environment.Job instance at 0x153faa663e60>,1,14,[5 2],3,4,18,1,4
1,<environment.Job instance at 0x153fab042cd0>,0,25,[10  1],3,3,28,0,3
1,<environment.Job instance at 0x153faab8faf0>,3,3,[6 2],6,6,9,0,6
1,<environment.Job instance at 0x153fab3a75a0>,4,3,[9 2],6,1645,1648,1639,1645
1,<environment.Job instance at 0x153faa8118c0>,1,21,[10  1],3,3,24,0,3
1,<environment.Job instance at 0x153faaa48230>,2,17,[1 8],9,24,41,15,15
1,<environment.Job instance at 0x153fe6998d20>,0,22,[1 8],1,4,26,3,4
1,<environment.Job instance at 0x153fe69985f0>,3,22,[2 8],7,26,48,19,19
1,<environment.Job instance at 0x153faad41960>,0,27,[6 2],1,1,28,0,1
1,<environment.Job instance at 0x153fe42a3320>,3,19,[7 2],4,28,47,24,18
1,<environment.Job instance at 0x153fab264eb0>,0,3,[2 8],1,1,4,0,1
1,<environment.Job instance at 0x153fab264e60>,1,19,[8 1],2,2,21,0,2
1,<environment.Job instance at 0x153fe429b190>,2,16,[1 8],4,4,20,0,4
1,<environment.Job instance at 0x153fab316b40>,7,2,[9 1],9,327,329,318,327
1,<environment.Job instance at 0x153fab2c68c0>,2,23,[2 6],6,6,29,0,6
1,<environment.Job instance at 0x153fab316640>,3,23,[9 1],8,29,52,21,23
1,<environment.Job instance at 0x153faaebd320>,1,17,[2 7],3,3,20,0,3
1,<environment.Job instance at 0x153fab264050>,2,13,[10  1],4,20,33,16,4
1,<environment.Job instance at 0x153fab264320>,3,13,[2 5],5,33,46,28,17
1,<environment.Job instance at 0x153faa785cd0>,3,3,[1 8],8,2857,2860,2849,2857
1,<environment.Job instance at 0x153fe5cb55a0>,0,13,[10  1],1,1,14,0,1
1,<environment.Job instance at 0x153faaf12dc0>,2,3,[1 6],3,3,6,0,3
1,<environment.Job instance at 0x153faaf12cd0>,5,22,[ 2 10],6,6,28,0,6
1,<environment.Job instance at 0x153faaf12190>,0,27,[7 1],3,3,30,0,3
1,<environment.Job instance at 0x153fab301c80>,1,22,[ 2 10],2,2,24,0,2
1,<environment.Job instance at 0x153fe44ecb40>,0,20,[8 2],1,1,21,0,1
1,<environment.Job instance at 0x153fe44ec550>,1,17,[10  1],4,21,38,17,18
1,<environment.Job instance at 0x153faa8f8640>,0,12,[2 8],1,1,13,0,1
1,<environment.Job instance at 0x153fe5dfc910>,3,13,[8 2],5,7,20,2,7
1,<environment.Job instance at 0x153fe5dfcb40>,4,1,[7 1],6,113,114,107,113
1,<environment.Job instance at 0x153fe4586730>,1,26,[7 1],3,3,29,0,3
1,<environment.Job instance at 0x153fe5e63cd0>,0,16,[1 6],1,1,17,0,1
1,<environment.Job instance at 0x153faaf7aa00>,1,15,[10  2],2,17,32,15,3
1,<environment.Job instance at 0x153fe6cc39b0>,3,26,[2 7],5,264,290,259,264
1,<environment.Job instance at 0x153faabd9aa0>,1,18,[8 1],2,2,20,0,2
1,<environment.Job instance at 0x153fe695bbe0>,1,1,[5 1],3,3,4,0,3
1,<environment.Job instance at 0x153faaa77fa0>,3,23,[1 8],7,9,32,2,9
1,<environment.Job instance at 0x153faacae820>,0,14,[ 1 10],1,1,15,0,1
1,<environment.Job instance at 0x153faacae780>,3,22,[5 2],5,1330,1352,1325,1330
1,<environment.Job instance at 0x153fe455a500>,0,13,[2 8],1,1,14,0,1
1,<environment.Job instance at 0x153fab2948c0>,5,26,[8 1],9,24,50,15,24
1,<environment.Job instance at 0x153faa8085a0>,2,3,[2 7],6,6,9,0,6
1,<environment.Job instance at 0x153fe4070820>,3,17,[5 2],4,4,21,0,4
1,<environment.Job instance at 0x153fe4070b40>,5,19,[ 1 10],7,21,40,14,11
1,<environment.Job instance at 0x153fe5ee0e60>,1,12,[1 8],2,2,14,0,2
1,<environment.Job instance at 0x153fe5ed3870>,1,17,[ 2 10],2,2,19,0,2
1,<environment.Job instance at 0x153fe5d952d0>,6,24,[10  2],7,19,43,12,14
1,<environment.Job instance at 0x153fe5d95280>,5,3,[9 1],6,178,181,172,178
1,<environment.Job instance at 0x153faa95dfa0>,1,24,[5 1],2,6,30,4,6
1,<environment.Job instance at 0x153fe6948370>,0,15,[6 1],3,3,18,0,3
1,<environment.Job instance at 0x153fe5f49690>,0,26,[5 2],1,2,28,1,2
1,<environment.Job instance at 0x153fe6948be0>,4,15,[8 1],7,28,43,21,14
1,<environment.Job instance at 0x153feba775a0>,6,3,[1 9],8,73,76,65,73
1,<environment.Job instance at 0x153faaa84460>,0,21,[10  2],2,2,23,0,2
1,<environment.Job instance at 0x153fe004ea00>,0,18,[5 2],2,4,22,2,4
1,<environment.Job instance at 0x153feb00e370>,4,25,[2 7],7,19,44,12,19
1,<environment.Job instance at 0x153faa6ce9b0>,1,28,[7 2],2,2,30,0,2
1,<environment.Job instance at 0x153fecb7d050>,2,13,[10  1],4,30,43,26,14
1,<environment.Job instance at 0x153faae55370>,5,1,[6 2],7,110,111,103,110
1,<environment.Job instance at 0x153fe686a690>,5,15,[6 1],9,430,445,421,430
1,<environment.Job instance at 0x153fe50250a0>,1,3,[2 8],3,3,6,0,3
1,<environment.Job instance at 0x153fe5025190>,2,17,[10  1],4,6,23,2,4
1,<environment.Job instance at 0x153fe50259b0>,3,26,[5 2],5,658,684,653,658
1,<environment.Job instance at 0x153faa6fcf50>,0,3,[2 9],1,1,4,0,1
1,<environment.Job instance at 0x153fecfda500>,2,1,[5 1],3,3,4,0,3
1,<environment.Job instance at 0x153faaec7d20>,1,21,[1 9],2,4,25,2,4
1,<environment.Job instance at 0x153faaec72d0>,4,21,[10  2],8,25,46,17,17
1,<environment.Job instance at 0x153faab5a6e0>,0,3,[1 7],1,1,4,0,1
1,<environment.Job instance at 0x153faa6ca910>,1,3,[2 9],2,2,5,0,2
1,<environment.Job instance at 0x153fe693cd20>,2,13,[2 9],3,5,18,2,3
1,<environment.Job instance at 0x153fab238280>,3,12,[5 2],5,18,30,13,6
1,<environment.Job instance at 0x153fe452f3c0>,5,20,[9 1],7,30,50,23,21
1,<environment.Job instance at 0x153fe452faa0>,1,23,[5 1],2,4,27,2,4
1,<environment.Job instance at 0x153fab232320>,1,18,[8 1],4,4,22,0,4
1,<environment.Job instance at 0x153fe44ce5f0>,0,14,[10  2],2,2,16,0,2
1,<environment.Job instance at 0x153faa7491e0>,1,16,[ 2 10],2,2,18,0,2
1,<environment.Job instance at 0x153faa749d20>,3,28,[2 7],4,20,48,16,20
1,<environment.Job instance at 0x153faab33b40>,0,24,[2 7],4,8,32,4,8
1,<environment.Job instance at 0x153faa749410>,5,13,[1 9],9,32,45,23,16
1,<environment.Job instance at 0x153faac17280>,4,1,[9 2],7,7,8,0,7
1,<environment.Job instance at 0x153faac17af0>,5,17,[8 1],8,11,28,3,11
1,<environment.Job instance at 0x153fe5e87730>,1,15,[9 1],3,3,18,0,3
1,<environment.Job instance at 0x153faac17af0>,4,20,[1 7],8,16,36,8,16
1,<environment.Job instance at 0x153faaf64690>,1,16,[1 5],2,2,18,0,2
1,<environment.Job instance at 0x153fab071230>,5,3,[1 8],8,1436,1439,1428,1436
1,<environment.Job instance at 0x153faabac870>,4,3,[1 8],6,1706,1709,1700,1706
1,<environment.Job instance at 0x153faabacc80>,1,21,[1 9],2,1769,1790,1767,1769
1,<environment.Job instance at 0x153fe4040a50>,4,3,[8 1],6,421,424,415,421
1,<environment.Job instance at 0x153feb0d52d0>,0,3,[2 5],1,1,4,0,1
1,<environment.Job instance at 0x153feb0d5dc0>,1,13,[1 5],2,2,15,0,2
1,<environment.Job instance at 0x153fecf9db90>,2,15,[5 1],4,6,21,2,6
1,<environment.Job instance at 0x153feba10410>,5,18,[8 2],7,21,39,14,15
1,<environment.Job instance at 0x153fe9d7ed70>,0,3,[2 5],2,2,5,0,2
1,<environment.Job instance at 0x153faae15550>,2,16,[2 8],5,5,21,0,5
1,<environment.Job instance at 0x153fab0f5cd0>,1,22,[2 5],2,2,24,0,2
1,<environment.Job instance at 0x153fab0f5f50>,3,28,[9 2],4,24,52,20,23
1,<environment.Job instance at 0x153fe47f6c80>,0,25,[2 7],1,4,29,3,4
1,<environment.Job instance at 0x153fab325f50>,5,3,[2 8],7,693,696,686,693
1,<environment.Job instance at 0x153fe7f1bd20>,2,3,[2 5],4,4,7,0,4
1,<environment.Job instance at 0x153fe7f1b870>,3,12,[9 2],5,7,19,2,5
1,<environment.Job instance at 0x153fe5fb3f50>,0,27,[ 1 10],1,4,31,3,4
1,<environment.Job instance at 0x153fe5fb3870>,4,26,[1 7],6,101,127,95,101
1,<environment.Job instance at 0x153feda230a0>,0,25,[10  2],2,2,27,0,2
1,<environment.Job instance at 0x153fe45085a0>,0,3,[2 8],1,1,4,0,1
1,<environment.Job instance at 0x153faaa4e5f0>,0,14,[5 2],1,5,19,4,5
1,<environment.Job instance at 0x153faade3820>,5,16,[ 2 10],8,19,35,11,10
1,<environment.Job instance at 0x153faade3820>,2,18,[2 7],3,3,21,0,3
1,<environment.Job instance at 0x153feb0ab5a0>,0,22,[2 6],1,2,24,1,2
1,<environment.Job instance at 0x153faa9eb1e0>,5,1,[10  1],6,51,52,45,51
1,<environment.Job instance at 0x153faa9eb190>,0,26,[6 2],2,2,28,0,2
1,<environment.Job instance at 0x153faa6d7fa0>,3,20,[8 2],7,28,48,21,19
1,<environment.Job instance at 0x153fe688b960>,0,20,[1 7],1,347,367,346,347
1,<environment.Job instance at 0x153faae83f00>,0,3,[2 8],2,2,5,0,2
1,<environment.Job instance at 0x153febeefc30>,0,19,[1 6],1,3,22,2,3
1,<environment.Job instance at 0x153feb9ea9b0>,2,2,[1 7],4,22,24,18,4
1,<environment.Job instance at 0x153fe5cc2870>,1,17,[7 2],3,3,20,0,3
1,<environment.Job instance at 0x153fe5df9280>,2,13,[2 5],4,4,17,0,4
1,<environment.Job instance at 0x153fe5df9500>,4,16,[6 1],7,20,36,13,11
1,<environment.Job instance at 0x153faac6b870>,0,19,[5 2],1,1,20,0,1
1,<environment.Job instance at 0x153fe6954190>,4,1,[8 2],6,6,7,0,6
1,<environment.Job instance at 0x153fe6954370>,1,22,[8 1],3,3,25,0,3
1,<environment.Job instance at 0x153fe5d4f370>,6,3,[7 2],9,9,12,0,9
1,<environment.Job instance at 0x153fe5d4f550>,4,2,[6 2],7,57,59,50,57
1,<environment.Job instance at 0x153fe5d4f550>,2,16,[8 1],5,5,21,0,5
1,<environment.Job instance at 0x153fed013e60>,3,14,[2 8],6,6,20,0,6
1,<environment.Job instance at 0x153fe6c1ec30>,3,1,[1 9],5,962,963,957,962
1,<environment.Job instance at 0x153fe6c34a00>,0,3,[2 6],1,1,4,0,1
1,<environment.Job instance at 0x153fe6c34960>,1,14,[10  1],2,4,18,2,2
1,<environment.Job instance at 0x153fe5c7cd20>,2,13,[ 2 10],4,4,17,0,4
1,<environment.Job instance at 0x153faac467d0>,5,27,[9 1],7,17,44,10,16
1,<environment.Job instance at 0x153fe0096870>,4,12,[10  1],7,7,19,0,7
1,<environment.Job instance at 0x153fe0096820>,6,12,[6 2],9,19,31,10,10
1,<environment.Job instance at 0x153fe0096190>,1,23,[ 2 10],2,4,27,2,4
1,<environment.Job instance at 0x153fe5f3ebe0>,7,17,[ 2 10],9,27,44,18,15
1,<environment.Job instance at 0x153fe6967280>,0,25,[2 5],1,1784,1809,1783,1784
1,<environment.Job instance at 0x153faa910320>,1,17,[6 2],5,5,22,0,5
1,<environment.Job instance at 0x153fe5df9f50>,3,28,[6 2],7,26,54,19,26
1,<environment.Job instance at 0x153fe5df9780>,1,16,[2 9],4,4,20,0,4
1,<environment.Job instance at 0x153faacae5a0>,3,17,[5 2],6,20,37,14,8
1,<environment.Job instance at 0x153fe5f43320>,2,17,[2 9],4,4,21,0,4
1,<environment.Job instance at 0x153fe9d9f4b0>,4,17,[ 1 10],7,2663,2680,2656,2663
1,<environment.Job instance at 0x153faa7c3500>,1,25,[2 8],2,2730,2755,2728,2730
1,<environment.Job instance at 0x153fab1a1870>,0,3,[2 6],1,1,4,0,1
1,<environment.Job instance at 0x153fe9d9f230>,1,3,[2 5],2,4,7,2,2
1,<environment.Job instance at 0x153fe5dfcaf0>,1,12,[2 8],3,3,15,0,3
1,<environment.Job instance at 0x153fe5dfc730>,2,14,[10  2],4,15,29,11,4
1,<environment.Job instance at 0x153faafc5be0>,6,3,[2 7],8,29,32,21,8
1,<environment.Job instance at 0x153faafc5f50>,7,23,[1 8],9,205,228,196,205
1,<environment.Job instance at 0x153faafdc870>,2,23,[9 1],4,4,27,0,4
1,<environment.Job instance at 0x153fe5ec76e0>,0,12,[5 1],2,4,16,2,4
1,<environment.Job instance at 0x153fab24a7d0>,4,19,[6 2],7,16,35,9,7
1,<environment.Job instance at 0x153fab214140>,0,3,[2 5],2,2,5,0,2
1,<environment.Job instance at 0x153fab214d70>,2,18,[2 9],5,7,25,2,7
1,<environment.Job instance at 0x153faae2e8c0>,5,22,[5 2],9,25,47,16,20
1,<environment.Job instance at 0x153faa8f8a00>,0,25,[6 1],2,2,27,0,2
1,<environment.Job instance at 0x153faa7e5dc0>,1,19,[10  2],3,3,22,0,3
1,<environment.Job instance at 0x153fe5f76c80>,2,17,[7 2],5,22,39,17,10
1,<environment.Job instance at 0x153fab3421e0>,0,18,[8 1],1,1,19,0,1
1,<environment.Job instance at 0x153fab3541e0>,1,3,[6 2],4,4,7,0,4
1,<environment.Job instance at 0x153fab3540a0>,1,13,[7 2],4,4,17,0,4
1,<environment.Job instance at 0x153fab1a8d70>,3,27,[1 8],6,921,948,915,921
1,<environment.Job instance at 0x153fe5e1ca50>,0,3,[1 5],1,1,4,0,1
1,<environment.Job instance at 0x153fe5e1c9b0>,1,14,[6 2],3,3,17,0,3
1,<environment.Job instance at 0x153faa8eca00>,3,18,[10  2],5,17,35,12,6
1,<environment.Job instance at 0x153faa8835f0>,0,20,[2 5],1,1,21,0,1
1,<environment.Job instance at 0x153faab185a0>,0,3,[1 6],1,1,4,0,1
1,<environment.Job instance at 0x153faacbadc0>,2,19,[6 1],3,3,22,0,3
1,<environment.Job instance at 0x153faa93b730>,1,17,[6 1],2,2,19,0,2
1,<environment.Job instance at 0x153fab00a730>,0,20,[6 2],1,1,21,0,1
1,<environment.Job instance at 0x153feb32d050>,1,20,[2 5],3,4,24,1,4
1,<environment.Job instance at 0x153fe5e17500>,0,15,[7 2],1,1,16,0,1
1,<environment.Job instance at 0x153fe6c60690>,1,25,[2 9],2,2,27,0,2
1,<environment.Job instance at 0x153fe6c602d0>,2,13,[2 6],5,27,40,22,19
1,<environment.Job instance at 0x153faa9bc910>,0,26,[6 1],1,1,27,0,1
1,<environment.Job instance at 0x153faad36be0>,2,14,[7 1],3,27,41,24,12
1,<environment.Job instance at 0x153faa8e47d0>,1,20,[9 2],3,3,23,0,3
1,<environment.Job instance at 0x153faa9bcd70>,3,21,[1 9],9,310,331,301,310
1,<environment.Job instance at 0x153fe44e30a0>,0,14,[1 6],1,1,15,0,1
1,<environment.Job instance at 0x153fe44e3a00>,3,19,[2 9],4,15,34,11,5
1,<environment.Job instance at 0x153fab15c190>,0,16,[10  1],1,1,17,0,1
1,<environment.Job instance at 0x153feb061410>,4,3,[1 8],7,14,17,7,14
1,<environment.Job instance at 0x153faa71e0f0>,2,17,[10  2],5,5,22,0,5
1,<environment.Job instance at 0x153fe68bbe10>,0,15,[7 2],1,1,16,0,1
1,<environment.Job instance at 0x153fe5ddd6e0>,1,13,[ 2 10],3,16,29,13,3
1,<environment.Job instance at 0x153fe68bb1e0>,3,21,[6 2],7,58,79,51,58
1,<environment.Job instance at 0x153faab95410>,0,18,[6 1],1,1,19,0,1
1,<environment.Job instance at 0x153faab0d870>,0,22,[ 1 10],1,3,25,2,3
1,<environment.Job instance at 0x153faab0d6e0>,2,21,[1 8],5,259,280,254,259
1,<environment.Job instance at 0x153faab955f0>,6,3,[6 1],9,1704,1707,1695,1704
1,<environment.Job instance at 0x153fed161640>,0,23,[ 1 10],1,2678,2701,2677,2678
1,<environment.Job instance at 0x153faad9c3c0>,0,3,[ 2 10],3,3,6,0,3
1,<environment.Job instance at 0x153faa932e10>,0,13,[1 5],1,1,14,0,1
1,<environment.Job instance at 0x153faa932550>,4,15,[1 9],6,14,29,8,6
1,<environment.Job instance at 0x153fe5eb3dc0>,0,20,[2 8],2,1361,1381,1359,1361
1,<environment.Job instance at 0x153feba79690>,1,15,[10  1],2,2,17,0,2
1,<environment.Job instance at 0x153feba795a0>,2,17,[6 1],4,17,34,13,6
1,<environment.Job instance at 0x153feb0d12d0>,2,27,[2 6],3,5,32,2,5
1,<environment.Job instance at 0x153feb0d1aa0>,1,27,[8 2],3,3,30,0,3
1,<environment.Job instance at 0x153faa8b94b0>,1,14,[2 5],4,4,18,0,4
1,<environment.Job instance at 0x153fe5dc2af0>,2,28,[ 2 10],5,72,100,67,72
1,<environment.Job instance at 0x153faad1eb40>,3,17,[6 2],4,4,21,0,4
1,<environment.Job instance at 0x153faad1ebe0>,5,12,[1 7],7,7,19,0,7
1,<environment.Job instance at 0x153faadcabe0>,2,23,[8 2],4,4,27,0,4
1,<environment.Job instance at 0x153faab24370>,3,15,[2 9],7,7,22,0,7
1,<environment.Job instance at 0x153feb0abaa0>,2,16,[1 9],4,4,20,0,4
1,<environment.Job instance at 0x153feb314640>,4,3,[1 8],7,7,10,0,7
1,<environment.Job instance at 0x153fab00a050>,1,14,[2 9],5,5,19,0,5
1,<environment.Job instance at 0x153fe68447d0>,5,22,[6 2],9,19,41,10,12
1,<environment.Job instance at 0x153fe4540870>,2,18,[2 7],6,6,24,0,6
1,<environment.Job instance at 0x153fe4540870>,2,28,[5 2],4,4,32,0,4
1,<environment.Job instance at 0x153fe6c82fa0>,3,19,[8 1],5,32,51,27,22
1,<environment.Job instance at 0x153faaeca690>,0,17,[5 2],1,1,18,0,1
1,<environment.Job instance at 0x153feba4c5a0>,2,26,[2 8],3,325,351,322,325
1,<environment.Job instance at 0x153faa808910>,2,2,[2 7],4,4,6,0,4
1,<environment.Job instance at 0x153faa7e7140>,0,25,[2 8],3,798,823,795,798
1,<environment.Job instance at 0x153fe6c44dc0>,2,21,[2 7],3,4,25,1,4
1,<environment.Job instance at 0x153fe6c44550>,8,27,[2 7],9,42,69,33,42
1,<environment.Job instance at 0x153faa97dd20>,0,13,[1 6],1,1,14,0,1
1,<environment.Job instance at 0x153faa97d0f0>,4,2,[8 1],5,1342,1344,1337,1342
1,<environment.Job instance at 0x153fe5028730>,1,22,[6 2],4,4,26,0,4
1,<environment.Job instance at 0x153faac7e460>,1,25,[10  1],3,3,28,0,3
1,<environment.Job instance at 0x153faa78c8c0>,2,18,[8 1],5,28,46,23,26
1,<environment.Job instance at 0x153faadc78c0>,0,17,[7 2],1,1,18,0,1
1,<environment.Job instance at 0x153fe68c7960>,1,16,[5 1],2,3,19,1,3
1,<environment.Job instance at 0x153fe68c70f0>,3,13,[2 5],5,5,18,0,5
1,<environment.Job instance at 0x153fe5d72690>,1,14,[2 5],2,2,16,0,2
1,<environment.Job instance at 0x153feba05050>,0,24,[10  1],2,2,26,0,2
1,<environment.Job instance at 0x153fe69b4730>,2,13,[1 6],4,4,17,0,4
1,<environment.Job instance at 0x153fe5fedeb0>,6,23,[1 6],8,2681,2704,2673,2681
1,<environment.Job instance at 0x153fe695b2d0>,3,13,[6 1],7,2533,2546,2526,2533
1,<environment.Job instance at 0x153fe44e8eb0>,0,20,[1 6],1,238,258,237,238
1,<environment.Job instance at 0x153fe44e8dc0>,0,20,[9 1],2,2,22,0,2
1,<environment.Job instance at 0x153fe44e88c0>,1,16,[ 1 10],4,22,38,18,9
1,<environment.Job instance at 0x153fe5e47f00>,0,16,[1 8],1,1,17,0,1
1,<environment.Job instance at 0x153faac37e60>,0,18,[8 2],1,1,19,0,1
1,<environment.Job instance at 0x153faa5f4c80>,1,22,[9 2],3,3,25,0,3
1,<environment.Job instance at 0x153fe6c5a960>,2,19,[8 2],6,6,25,0,6
1,<environment.Job instance at 0x153fe695db40>,1,3,[1 7],5,5,8,0,5
1,<environment.Job instance at 0x153fecfd7af0>,1,12,[ 1 10],4,4,16,0,4
1,<environment.Job instance at 0x153feb345d70>,3,13,[6 1],7,16,29,9,8
1,<environment.Job instance at 0x153feb3459b0>,5,13,[5 2],9,29,42,20,13
1,<environment.Job instance at 0x153faa5cf690>,1,12,[1 8],2,2,14,0,2
1,<environment.Job instance at 0x153faa5cf780>,3,17,[1 8],5,14,31,9,6
1,<environment.Job instance at 0x153fe5efdd70>,5,25,[7 2],8,25,50,17,25
1,<environment.Job instance at 0x153faacd6c80>,0,25,[10  2],1,1,26,0,1
1,<environment.Job instance at 0x153faaaa6230>,0,3,[1 6],1,1,4,0,1
1,<environment.Job instance at 0x153faaaa6f00>,1,17,[1 9],2,627,644,625,627
1,<environment.Job instance at 0x153fab31b280>,7,13,[6 1],9,9,22,0,9
1,<environment.Job instance at 0x153faacc3dc0>,0,12,[ 1 10],1,1,13,0,1
1,<environment.Job instance at 0x153feb34d640>,5,19,[7 1],7,13,32,6,7
1,<environment.Job instance at 0x153faa7914b0>,0,17,[7 2],1,1,18,0,1
1,<environment.Job instance at 0x153fe5d3cfa0>,5,21,[2 7],7,7,28,0,7
1,<environment.Job instance at 0x153fe5d3c910>,7,23,[1 8],9,28,51,19,22
1,<environment.Job instance at 0x153feafeeb90>,1,24,[8 1],2,2,26,0,2
1,<environment.Job instance at 0x153fe68079b0>,6,3,[7 2],7,213,216,206,213
1,<environment.Job instance at 0x153faaec7870>,0,1,[1 7],1,1,2,0,1
1,<environment.Job instance at 0x153fe00a17d0>,0,18,[8 2],2,2,20,0,2
1,<environment.Job instance at 0x153feb0f2820>,1,14,[10  2],2,2,16,0,2
1,<environment.Job instance at 0x153fe5ef3f50>,6,16,[9 2],9,16,32,7,9
1,<environment.Job instance at 0x153faaaf3690>,2,25,[8 1],6,6,31,0,6
1,<environment.Job instance at 0x153faaaf3190>,3,13,[1 8],7,7,20,0,7
1,<environment.Job instance at 0x153faaaf3640>,2,3,[2 9],3,3,6,0,3
1,<environment.Job instance at 0x153feba00320>,3,16,[9 2],4,6,22,2,4
1,<environment.Job instance at 0x153fe6c925f0>,1,20,[5 2],4,4,24,0,4
1,<environment.Job instance at 0x153faa613e10>,0,25,[ 2 10],2,4,29,2,4
1,<environment.Job instance at 0x153fed39bbe0>,0,26,[8 1],1,1,27,0,1
1,<environment.Job instance at 0x153fe45ba0a0>,0,14,[2 9],1,1,15,0,1
1,<environment.Job instance at 0x153fe5d251e0>,2,22,[8 2],3,6,28,3,6
1,<environment.Job instance at 0x153faa85d5a0>,2,18,[6 2],4,4,22,0,4
1,<environment.Job instance at 0x153fe45a41e0>,3,14,[1 7],5,5,19,0,5
1,<environment.Job instance at 0x153fe6c69960>,5,18,[ 1 10],8,22,40,14,11
1,<environment.Job instance at 0x153fe5e40460>,0,17,[8 2],1,1,18,0,1
1,<environment.Job instance at 0x153fe0085050>,1,20,[8 2],3,3,23,0,3
1,<environment.Job instance at 0x153faabac4b0>,3,21,[5 1],6,6,27,0,6
1,<environment.Job instance at 0x153faa8ec4b0>,0,24,[2 7],3,365,389,362,365
1,<environment.Job instance at 0x153fab248e60>,4,3,[1 7],8,505,508,497,505
1,<environment.Job instance at 0x153fab1780a0>,0,17,[6 1],1,1,18,0,1
1,<environment.Job instance at 0x153faa97f4b0>,0,19,[2 8],1,576,595,575,576
1,<environment.Job instance at 0x153faae9a960>,4,3,[2 8],6,6,9,0,6
1,<environment.Job instance at 0x153faae9a820>,6,19,[6 2],9,9,28,0,9
1,<environment.Job instance at 0x153fe4289fa0>,0,23,[10  2],1,1,24,0,1
1,<environment.Job instance at 0x153fe69a10f0>,0,26,[7 2],1,1,27,0,1
1,<environment.Job instance at 0x153fab3c9e60>,4,1,[ 2 10],6,6,7,0,6
1,<environment.Job instance at 0x153fab3c9f50>,5,26,[1 6],7,7,33,0,7
1,<environment.Job instance at 0x153faaaedeb0>,6,26,[9 2],9,9,35,0,9
1,<environment.Job instance at 0x153fab3c1960>,0,28,[7 1],1,1,29,0,1
1,<environment.Job instance at 0x153faa7ad6e0>,0,17,[5 1],5,5,22,0,5
1,<environment.Job instance at 0x153fe47ecb40>,0,22,[6 1],1,1,23,0,1
1,<environment.Job instance at 0x153feafe6be0>,0,15,[1 5],1,1,16,0,1
1,<environment.Job instance at 0x153feafe6870>,1,18,[1 9],2,16,34,14,5
1,<environment.Job instance at 0x153feafe6b90>,3,18,[5 1],6,6,24,0,6
1,<environment.Job instance at 0x153faa61dcd0>,0,13,[1 7],2,2,15,0,2
1,<environment.Job instance at 0x153fe9d7aa00>,0,15,[1 6],2,2,17,0,2
1,<environment.Job instance at 0x153faa76f780>,1,28,[ 1 10],4,1297,1325,1293,1297
1,<environment.Job instance at 0x153fe5e4f730>,3,27,[7 1],4,4,31,0,4
1,<environment.Job instance at 0x153fe6c959b0>,0,22,[10  1],1,1,23,0,1
1,<environment.Job instance at 0x153faa84b7d0>,0,16,[10  2],1,1,17,0,1
1,<environment.Job instance at 0x153faa9c5780>,0,19,[8 2],1,1,20,0,1
1,<environment.Job instance at 0x153fe6c26050>,1,17,[6 1],2,28,45,26,28
1,<environment.Job instance at 0x153fab06c5a0>,4,3,[6 1],5,132,135,127,132
1,<environment.Job instance at 0x153fab118dc0>,0,19,[10  2],1,1,20,0,1
1,<environment.Job instance at 0x153feb9e8870>,0,15,[2 9],2,2,17,0,2
1,<environment.Job instance at 0x153feb0245f0>,0,22,[1 7],1,2,24,1,2
1,<environment.Job instance at 0x153fe68d4280>,5,17,[ 1 10],7,411,428,404,411
1,<environment.Job instance at 0x153fe68d4cd0>,2,18,[2 5],3,428,446,425,420
1,<environment.Job instance at 0x153fe680b0f0>,1,14,[5 2],3,4,18,1,4
1,<environment.Job instance at 0x153faa67c0a0>,0,3,[1 5],1,1,4,0,1
1,<environment.Job instance at 0x153faa9cb3c0>,0,21,[7 2],4,4,25,0,4
1,<environment.Job instance at 0x153fab0e1640>,1,16,[6 2],2,2,18,0,2
1,<environment.Job instance at 0x153faad4c460>,0,18,[6 1],1,1,19,0,1
1,<environment.Job instance at 0x153faad83f00>,1,17,[7 1],2,19,36,17,7
1,<environment.Job instance at 0x153fab31b320>,4,14,[7 1],8,466,480,458,466
1,<environment.Job instance at 0x153faad57320>,0,15,[6 2],1,1,16,0,1
1,<environment.Job instance at 0x153faad57cd0>,1,16,[1 5],4,6,22,2,6
1,<environment.Job instance at 0x153faa8b01e0>,4,14,[1 7],8,22,36,14,8
1,<environment.Job instance at 0x153faa8b0be0>,5,15,[8 2],9,16,31,7,9
1,<environment.Job instance at 0x153faa9767d0>,3,15,[ 2 10],4,4,19,0,4
1,<environment.Job instance at 0x153faa99b320>,1,19,[1 8],4,5,24,1,5
1,<environment.Job instance at 0x153faae6be10>,1,13,[6 1],2,2,15,0,2
1,<environment.Job instance at 0x153fab3bd370>,4,20,[10  2],7,15,35,8,7
1,<environment.Job instance at 0x153fab0757d0>,0,22,[1 5],1,8,30,7,8
1,<environment.Job instance at 0x153faa624550>,1,19,[2 6],2,5,24,3,5
1,<environment.Job instance at 0x153faa624f00>,4,15,[5 1],8,8,23,0,8
1,<environment.Job instance at 0x153faa7d0f50>,0,21,[ 1 10],1,3,24,2,3
1,<environment.Job instance at 0x153faa624f00>,2,14,[5 1],4,132,146,128,132
1,<environment.Job instance at 0x153fe45272d0>,0,16,[9 1],1,1,17,0,1
1,<environment.Job instance at 0x153fe4527f00>,1,24,[10  1],2,17,41,15,12
1,<environment.Job instance at 0x153fab354d20>,1,18,[9 2],5,5,23,0,5
1,<environment.Job instance at 0x153fab3547d0>,3,16,[2 7],7,23,39,16,10
1,<environment.Job instance at 0x153fe5e5b550>,0,3,[2 9],1,1,4,0,1
1,<environment.Job instance at 0x153faa7d0910>,3,18,[5 1],6,6,24,0,6
1,<environment.Job instance at 0x153faa7d08c0>,5,12,[2 7],9,9,21,0,9
1,<environment.Job instance at 0x153fe5dc22d0>,0,25,[10  2],1,1,26,0,1
1,<environment.Job instance at 0x153feba44af0>,0,26,[10  2],1,1,27,0,1
1,<environment.Job instance at 0x153faa94d410>,1,23,[2 7],2,2,25,0,2
1,<environment.Job instance at 0x153fed39cf00>,2,16,[10  1],3,25,41,22,12
1,<environment.Job instance at 0x153fab371f00>,6,2,[8 1],9,285,287,276,285
1,<environment.Job instance at 0x153fe47c4d20>,0,21,[5 2],1,2,23,1,2
1,<environment.Job instance at 0x153fab371f00>,2,12,[8 2],3,23,35,20,6
1,<environment.Job instance at 0x153fe47c4640>,6,2,[9 1],9,274,276,265,274
1,<environment.Job instance at 0x153feb352190>,0,27,[2 7],1,4,31,3,4
1,<environment.Job instance at 0x153fe5028eb0>,3,12,[1 6],5,31,43,26,26
1,<environment.Job instance at 0x153fe691dc30>,0,18,[5 1],1,1,19,0,1
1,<environment.Job instance at 0x153fe691d3c0>,2,18,[2 8],3,9,27,6,9
1,<environment.Job instance at 0x153fab189640>,0,19,[9 1],1,1,20,0,1
1,<environment.Job instance at 0x153faad39aa0>,4,1,[10  1],8,2837,2838,2829,2837
1,<environment.Job instance at 0x153faad99730>,2,27,[1 6],4,6,33,2,6
1,<environment.Job instance at 0x153faad99b90>,4,3,[2 5],7,33,36,26,7
1,<environment.Job instance at 0x153fe5da7e60>,0,17,[6 1],1,1,18,0,1
1,<environment.Job instance at 0x153fe6987550>,2,18,[ 1 10],4,172,190,168,172
1,<environment.Job instance at 0x153faa793410>,3,2,[ 2 10],5,5,7,0,5
1,<environment.Job instance at 0x153fab214280>,0,22,[5 2],1,1,23,0,1
1,<environment.Job instance at 0x153faad8f140>,1,13,[5 2],2,28,41,26,28
1,<environment.Job instance at 0x153fe6cad320>,1,3,[1 5],3,3,6,0,3
1,<environment.Job instance at 0x153fe6caddc0>,2,25,[1 8],4,8,33,4,8
1,<environment.Job instance at 0x153fe00a8230>,5,18,[9 2],9,9,27,0,9
1,<environment.Job instance at 0x153fab2bebe0>,0,19,[9 2],1,1,20,0,1
1,<environment.Job instance at 0x153fab2be690>,1,18,[2 9],4,5,23,1,5
1,<environment.Job instance at 0x153faa62f460>,0,14,[1 6],1,1,15,0,1
1,<environment.Job instance at 0x153fab1a65f0>,2,15,[1 7],3,15,30,12,3
1,<environment.Job instance at 0x153fab1a6be0>,3,18,[ 2 10],4,30,48,26,24
1,<environment.Job instance at 0x153feba615f0>,0,18,[7 1],1,1,19,0,1
1,<environment.Job instance at 0x153fe45b7eb0>,3,3,[1 5],5,5,8,0,5
1,<environment.Job instance at 0x153fe6bd3d20>,4,14,[2 9],6,8,22,2,6
1,<environment.Job instance at 0x153fe6bd3460>,5,19,[5 1],7,19,38,12,15
1,<environment.Job instance at 0x153fe6bd3f00>,1,21,[2 8],3,3,24,0,3
1,<environment.Job instance at 0x153faa8375a0>,0,24,[6 2],1,1,25,0,1
1,<environment.Job instance at 0x153fe5e90fa0>,1,16,[1 9],2,2,18,0,2
1,<environment.Job instance at 0x153fe5e902d0>,2,20,[9 2],3,74,94,71,74
1,<environment.Job instance at 0x153fe6c2e410>,0,14,[7 1],3,3,17,0,3
1,<environment.Job instance at 0x153fe680b690>,2,23,[5 1],4,62,85,58,62
1,<environment.Job instance at 0x153fe5d00870>,1,27,[5 1],3,31,58,28,31
1,<environment.Job instance at 0x153fe6c79f00>,5,2,[8 1],8,237,239,229,237
1,<environment.Job instance at 0x153feba9ee60>,0,12,[2 5],1,1,13,0,1
1,<environment.Job instance at 0x153fab3e2910>,0,1,[6 2],2,2,3,0,2
1,<environment.Job instance at 0x153faad2f4b0>,0,12,[2 7],1,1,13,0,1
1,<environment.Job instance at 0x153fe4531d20>,0,25,[6 1],1,1,26,0,1
1,<environment.Job instance at 0x153fe9d7ecd0>,2,14,[1 8],5,5,19,0,5
1,<environment.Job instance at 0x153fe5dca3c0>,0,18,[1 7],1,2,20,1,2
1,<environment.Job instance at 0x153fe5dca870>,3,17,[2 8],5,20,37,15,8
1,<environment.Job instance at 0x153fe453c500>,0,20,[2 7],2,3,23,1,3
1,<environment.Job instance at 0x153faa880690>,2,3,[2 8],4,23,26,19,4
1,<environment.Job instance at 0x153faaf55870>,0,2,[1 5],1,1,3,0,1
1,<environment.Job instance at 0x153faaf55f00>,1,3,[5 2],2,2,5,0,2
1,<environment.Job instance at 0x153faaf55b90>,7,25,[1 8],9,27,52,18,27
1,<environment.Job instance at 0x153faabaf690>,0,12,[2 5],1,1,13,0,1
1,<environment.Job instance at 0x153fab35d6e0>,0,20,[7 2],1,1,21,0,1
1,<environment.Job instance at 0x153faa80f960>,0,14,[8 2],2,2,16,0,2
1,<environment.Job instance at 0x153faa80f820>,1,3,[1 6],4,4,7,0,4
1,<environment.Job instance at 0x153fab1ae3c0>,0,24,[7 1],1,1,25,0,1
1,<environment.Job instance at 0x153fab1ae0a0>,5,17,[1 6],6,6,23,0,6
1,<environment.Job instance at 0x153faa995c30>,0,18,[1 7],1,2,20,1,2
1,<environment.Job instance at 0x153fe6c1e410>,2,20,[6 2],3,3,23,0,3
1,<environment.Job instance at 0x153fab354b40>,2,16,[2 7],4,4,20,0,4
1,<environment.Job instance at 0x153fab3546e0>,6,3,[1 8],9,2767,2770,2758,2767
1,<environment.Job instance at 0x153fe5fbcb90>,0,16,[9 1],2,2,18,0,2
1,<environment.Job instance at 0x153feb0b2550>,4,17,[2 8],8,18,35,10,8
1,<environment.Job instance at 0x153feb34c5a0>,1,12,[2 5],5,5,17,0,5
1,<environment.Job instance at 0x153feb34cd70>,4,3,[1 6],8,17,20,9,8
1,<environment.Job instance at 0x153fe6bd6af0>,1,3,[2 6],2,2,5,0,2
1,<environment.Job instance at 0x153faaee9c30>,6,2,[8 1],8,10,12,2,10
1,<environment.Job instance at 0x153fe5f164b0>,3,28,[ 2 10],5,14,42,9,14
1,<environment.Job instance at 0x153fe454a3c0>,0,17,[6 1],1,1,18,0,1
1,<environment.Job instance at 0x153fe454adc0>,2,13,[7 2],5,18,31,13,5
1,<environment.Job instance at 0x153fab087640>,4,17,[ 1 10],7,31,48,24,25
1,<environment.Job instance at 0x153fab191550>,0,25,[9 1],1,1,26,0,1
1,<environment.Job instance at 0x153feaffd3c0>,1,15,[10  2],4,4,19,0,4
1,<environment.Job instance at 0x153fab137fa0>,4,19,[9 2],7,19,38,12,10
1,<environment.Job instance at 0x153fab137dc0>,1,3,[2 6],5,5,8,0,5
1,<environment.Job instance at 0x153faaebc320>,3,16,[9 2],9,9,25,0,9
1,<environment.Job instance at 0x153fecb65c30>,0,3,[1 6],1,1,4,0,1
1,<environment.Job instance at 0x153fecb65320>,1,15,[6 2],2,2,17,0,2
1,<environment.Job instance at 0x153faaf1ab90>,6,3,[2 7],8,8,11,0,8
1,<environment.Job instance at 0x153faa8e45f0>,0,28,[2 5],1,3,31,2,3
1,<environment.Job instance at 0x153faaf1a500>,3,14,[7 2],4,4,18,0,4
1,<environment.Job instance at 0x153fe5f4caf0>,0,12,[1 7],1,1,13,0,1
1,<environment.Job instance at 0x153faac5e410>,4,16,[2 5],6,13,29,7,6
1,<environment.Job instance at 0x153faac5ebe0>,5,24,[2 9],8,40,64,32,40
1,<environment.Job instance at 0x153fab03a320>,0,22,[2 8],1,4,26,3,4
1,<environment.Job instance at 0x153fe5e3b3c0>,2,3,[ 2 10],5,26,29,21,5
1,<environment.Job instance at 0x153faac5ebe0>,3,18,[8 2],6,6,24,0,6
1,<environment.Job instance at 0x153faa824aa0>,2,1,[7 1],4,4,5,0,4
1,<environment.Job instance at 0x153faa824500>,3,26,[6 2],5,5,31,0,5
1,<environment.Job instance at 0x153faaf05eb0>,0,16,[6 2],1,1,17,0,1
1,<environment.Job instance at 0x153fe44c1af0>,1,14,[ 1 10],2,17,31,15,2
1,<environment.Job instance at 0x153fe4040a50>,3,14,[6 1],7,2144,2158,2137,2144
1,<environment.Job instance at 0x153fecb731e0>,2,3,[8 2],4,4,7,0,4
1,<environment.Job instance at 0x153faa5ac6e0>,1,23,[7 1],2,2,25,0,2
1,<environment.Job instance at 0x153faa8305f0>,5,3,[9 2],7,1520,1523,1513,1520
1,<environment.Job instance at 0x153fe5d11320>,0,18,[1 7],1,47,65,46,47
1,<environment.Job instance at 0x153faabdee10>,1,2,[1 5],3,3,5,0,3
1,<environment.Job instance at 0x153faabde320>,3,25,[7 2],6,6,31,0,6
1,<environment.Job instance at 0x153fab29c6e0>,0,25,[2 9],1,2,27,1,2
1,<environment.Job instance at 0x153faaadd910>,6,28,[1 8],8,148,176,140,148
1,<environment.Job instance at 0x153faaadd640>,1,13,[2 9],3,3,16,0,3
1,<environment.Job instance at 0x153fe5e99640>,2,15,[2 8],5,16,31,11,5
1,<environment.Job instance at 0x153faa6d9fa0>,4,15,[7 1],7,7,22,0,7
1,<environment.Job instance at 0x153faac64d70>,0,18,[5 1],1,2,20,1,2
1,<environment.Job instance at 0x153fe47c8d20>,1,23,[10  2],6,6,29,0,6
1,<environment.Job instance at 0x153faac64a00>,2,13,[6 2],7,29,42,22,20
1,<environment.Job instance at 0x153fe6c100f0>,0,15,[ 1 10],1,1,16,0,1
1,<environment.Job instance at 0x153fe6c10d70>,1,13,[10  1],2,16,29,14,2
1,<environment.Job instance at 0x153fe5e00e60>,6,22,[10  2],7,29,51,22,22
1,<environment.Job instance at 0x153fe5dc2320>,1,22,[6 1],2,2,24,0,2
1,<environment.Job instance at 0x153faa8ef0a0>,1,26,[6 1],8,8,34,0,8
1,<environment.Job instance at 0x153faa732870>,2,15,[1 5],9,9,24,0,9
1,<environment.Job instance at 0x153faab48cd0>,0,14,[2 8],3,3,17,0,3
1,<environment.Job instance at 0x153fe5d44190>,3,2,[7 2],8,685,687,677,685
1,<environment.Job instance at 0x153fe4505640>,0,14,[5 2],2,3,17,1,3
1,<environment.Job instance at 0x153fe5e21140>,1,3,[2 8],2,2,5,0,2
1,<environment.Job instance at 0x153fe5c77780>,5,28,[10  1],6,566,594,560,566
1,<environment.Job instance at 0x153fe5c77a50>,7,23,[2 9],8,594,617,586,591
1,<environment.Job instance at 0x153fe5c77e10>,0,3,[2 6],3,3,6,0,3
1,<environment.Job instance at 0x153faa8b2be0>,1,20,[2 5],5,6,26,1,5
1,<environment.Job instance at 0x153fe5c77a50>,2,28,[10  1],6,26,54,20,25
1,<environment.Job instance at 0x153faa6af870>,0,22,[5 1],1,3,25,2,3
1,<environment.Job instance at 0x153fe5eeffa0>,0,2,[2 5],1,1,3,0,1
1,<environment.Job instance at 0x153fe6966320>,1,13,[1 5],2,2,15,0,2
1,<environment.Job instance at 0x153fe6c86500>,2,13,[6 1],4,957,970,953,957
1,<environment.Job instance at 0x153faaddf730>,2,12,[1 7],3,3,15,0,3
1,<environment.Job instance at 0x153faaddf5f0>,3,17,[9 1],5,5,22,0,5
1,<environment.Job instance at 0x153faaf56730>,5,17,[2 6],7,22,39,15,12
1,<environment.Job instance at 0x153faa96fdc0>,0,16,[9 2],1,1,17,0,1
1,<environment.Job instance at 0x153faaf56960>,1,12,[9 1],2,17,29,15,2
1,<environment.Job instance at 0x153faa96fd70>,3,18,[9 2],6,29,47,23,18
1,<environment.Job instance at 0x153faa96f190>,1,15,[9 2],3,3,18,0,3
1,<environment.Job instance at 0x153fe5e20050>,1,22,[8 2],5,5,27,0,5
1,<environment.Job instance at 0x153feb0c9140>,0,12,[5 2],2,4,16,2,4
1,<environment.Job instance at 0x153faae04910>,2,19,[6 1],9,16,35,7,9
1,<environment.Job instance at 0x153faaadd320>,2,16,[ 1 10],3,3,19,0,3
1,<environment.Job instance at 0x153faad6ad20>,0,12,[1 5],2,2,14,0,2
1,<environment.Job instance at 0x153faab15f50>,3,23,[10  1],6,14,37,8,8
1,<environment.Job instance at 0x153faa7ec3c0>,2,16,[1 8],4,4,20,0,4
1,<environment.Job instance at 0x153faaa260f0>,1,26,[8 1],2,2,28,0,2
1,<environment.Job instance at 0x153faa9da640>,2,19,[8 2],3,28,47,25,20
1,<environment.Job instance at 0x153fab2addc0>,1,22,[10  1],2,2,24,0,2
1,<environment.Job instance at 0x153faacc10a0>,3,23,[9 2],7,24,47,17,18
1,<environment.Job instance at 0x153feb97e730>,1,22,[10  1],2,2,24,0,2
1,<environment.Job instance at 0x153faad2b730>,6,1,[6 2],9,1929,1930,1920,1929
1,<environment.Job instance at 0x153feb97e460>,3,21,[ 2 10],5,2810,2831,2805,2810
1,<environment.Job instance at 0x153fe5cf8b90>,0,20,[1 5],1,1,21,0,1
1,<environment.Job instance at 0x153fe5cf8690>,4,1,[5 1],6,90,91,84,90
1,<environment.Job instance at 0x153fe406e5a0>,1,15,[6 2],2,3,18,1,3
1,<environment.Job instance at 0x153faac5d960>,3,22,[6 2],4,18,40,14,11
1,<environment.Job instance at 0x153faae7cb90>,0,13,[6 1],1,1,14,0,1
1,<environment.Job instance at 0x153faae7c0a0>,3,17,[8 2],4,14,31,10,4
1,<environment.Job instance at 0x153fab251550>,0,1,[1 5],1,1,2,0,1
1,<environment.Job instance at 0x153faae7caf0>,1,13,[6 1],2,3,16,1,3
1,<environment.Job instance at 0x153fe44f4370>,2,12,[1 7],4,4,16,0,4
1,<environment.Job instance at 0x153faa8bc910>,5,20,[2 9],7,27,47,20,27
1,<environment.Job instance at 0x153fe68f7cd0>,0,28,[5 2],2,40,68,38,40
1,<environment.Job instance at 0x153fe5f5f5f0>,0,22,[6 1],1,1,23,0,1
1,<environment.Job instance at 0x153fe5d50730>,0,13,[10  1],4,4,17,0,4
1,<environment.Job instance at 0x153fab1ea3c0>,0,3,[1 6],2,2,5,0,2
1,<environment.Job instance at 0x153fe0085230>,5,19,[7 1],8,8,27,0,8
1,<environment.Job instance at 0x153fab042230>,1,17,[10  2],2,2,19,0,2
1,<environment.Job instance at 0x153fab047820>,4,15,[7 2],6,19,34,13,6
1,<environment.Job instance at 0x153fab042500>,5,21,[6 2],7,34,55,27,30
1,<environment.Job instance at 0x153fab0426e0>,0,24,[9 1],3,3,27,0,3
1,<environment.Job instance at 0x153fab042190>,1,17,[5 1],4,27,44,23,15
1,<environment.Job instance at 0x153faa9da6e0>,1,28,[8 1],4,4,32,0,4
1,<environment.Job instance at 0x153faa9dab40>,5,17,[9 2],9,32,49,23,21
1,<environment.Job instance at 0x153faa9dabe0>,0,21,[6 1],3,3,24,0,3
1,<environment.Job instance at 0x153fe0041640>,2,22,[9 1],5,5,27,0,5
1,<environment.Job instance at 0x153feb002280>,3,1,[2 5],6,1360,1361,1354,1360
1,<environment.Job instance at 0x153feaff2fa0>,0,22,[5 1],1,2,24,1,2
1,<environment.Job instance at 0x153feb34a050>,6,3,[6 1],8,33,36,25,33
1,<environment.Job instance at 0x153feb34ac80>,1,26,[5 2],4,6,32,2,6
1,<environment.Job instance at 0x153fab3b96e0>,1,27,[10  2],3,3,30,0,3
1,<environment.Job instance at 0x153feb0be960>,0,15,[ 2 10],1,1,16,0,1
1,<environment.Job instance at 0x153fab394c80>,1,18,[6 1],2,2,20,0,2
1,<environment.Job instance at 0x153fe5c90cd0>,3,22,[8 2],5,57,79,52,57
1,<environment.Job instance at 0x153feafe03c0>,0,13,[7 2],1,1,14,0,1
1,<environment.Job instance at 0x153faab6b640>,3,19,[ 2 10],4,7,26,3,7
1,<environment.Job instance at 0x153fe5e2bdc0>,1,17,[7 1],4,4,21,0,4
1,<environment.Job instance at 0x153faa62d780>,2,18,[2 9],5,7,25,2,7
1,<environment.Job instance at 0x153faabff140>,0,3,[1 6],1,1,4,0,1
1,<environment.Job instance at 0x153fe5ce45f0>,4,17,[6 1],5,5,22,0,5
1,<environment.Job instance at 0x153fe5ce4780>,7,3,[1 6],9,9,12,0,9
1,<environment.Job instance at 0x153fe5ce4dc0>,1,26,[1 7],3,3,29,0,3
1,<environment.Job instance at 0x153fe5dbdc80>,2,14,[2 7],4,29,43,25,14
1,<environment.Job instance at 0x153faad99dc0>,0,14,[2 8],2,2,16,0,2
1,<environment.Job instance at 0x153faab1d6e0>,1,14,[5 1],3,37,51,34,37
1,<environment.Job instance at 0x153faab1d550>,0,3,[ 1 10],1,1,4,0,1
1,<environment.Job instance at 0x153fe68c6be0>,4,1,[1 8],8,330,331,322,330
1,<environment.Job instance at 0x153febee99b0>,3,13,[9 2],5,7,20,2,7
1,<environment.Job instance at 0x153feb9c2a50>,0,18,[7 1],1,1,19,0,1
1,<environment.Job instance at 0x153fe6c99f00>,0,19,[6 2],1,1,20,0,1
1,<environment.Job instance at 0x153fe6c99f50>,4,14,[2 5],9,9,23,0,9
1,<environment.Job instance at 0x153fe6c990a0>,0,17,[9 1],3,3,20,0,3
1,<environment.Job instance at 0x153faae580a0>,0,22,[2 9],1,3,25,2,3
1,<environment.Job instance at 0x153fe7ef4640>,1,22,[10  1],2,2,24,0,2
1,<environment.Job instance at 0x153faadf5d20>,3,27,[2 7],5,470,497,465,470
1,<environment.Job instance at 0x153faadf56e0>,6,2,[2 6],8,689,691,681,689
1,<environment.Job instance at 0x153faa870870>,0,3,[2 6],1,1,4,0,1
1,<environment.Job instance at 0x153feba448c0>,0,15,[7 2],1,1,16,0,1
1,<environment.Job instance at 0x153feba44140>,3,12,[2 6],6,6,18,0,6
1,<environment.Job instance at 0x153febaa7e10>,0,14,[2 6],1,1,15,0,1
1,<environment.Job instance at 0x153feba44230>,1,15,[8 2],2,2,17,0,2
1,<environment.Job instance at 0x153fe6ca8f00>,0,18,[10  2],1,1,19,0,1
1,<environment.Job instance at 0x153faab37aa0>,0,21,[8 2],1,1,22,0,1
1,<environment.Job instance at 0x153faab37a00>,1,16,[10  2],3,22,38,19,9
1,<environment.Job instance at 0x153faaeccd20>,0,3,[1 6],1,1,4,0,1
1,<environment.Job instance at 0x153fe5e635f0>,1,24,[1 6],2,4,28,2,4
1,<environment.Job instance at 0x153fe5fed2d0>,0,16,[5 2],3,3,19,0,3
1,<environment.Job instance at 0x153fe9dab460>,6,20,[10  2],8,8,28,0,8
1,<environment.Job instance at 0x153faa9cf190>,0,26,[10  1],2,2,28,0,2
1,<environment.Job instance at 0x153feb0fe280>,0,16,[8 2],4,4,20,0,4
1,<environment.Job instance at 0x153fab0de370>,3,22,[6 1],8,20,42,12,13
1,<environment.Job instance at 0x153faa6befa0>,4,27,[ 1 10],7,914,941,907,914
1,<environment.Job instance at 0x153feba34870>,0,25,[1 8],1,2,27,1,2
1,<environment.Job instance at 0x153feba34280>,3,2,[1 5],4,27,29,23,4
1,<environment.Job instance at 0x153fe453d8c0>,0,21,[10  2],1,1,22,0,1
1,<environment.Job instance at 0x153faa6e1e60>,1,18,[6 1],2,2,20,0,2
1,<environment.Job instance at 0x153faa6e1e10>,2,17,[7 2],3,20,37,17,17
1,<environment.Job instance at 0x153faacd26e0>,0,20,[1 7],2,4,24,2,4
1,<environment.Job instance at 0x153faaf24280>,2,13,[9 2],6,6,19,0,6
1,<environment.Job instance at 0x153fe5ef4690>,0,23,[2 9],1,5,28,4,5
1,<environment.Job instance at 0x153fe5fea280>,0,14,[9 1],1,1,15,0,1
1,<environment.Job instance at 0x153fab2b5730>,2,16,[2 6],5,15,31,10,5
1,<environment.Job instance at 0x153fab0f9960>,0,22,[2 8],1,3,25,2,3
1,<environment.Job instance at 0x153fab0f9aa0>,6,25,[6 1],9,43,68,34,43
1,<environment.Job instance at 0x153feafe6780>,1,17,[6 1],3,3,20,0,3
1,<environment.Job instance at 0x153fecf8abe0>,4,28,[2 5],6,12,40,6,12
1,<environment.Job instance at 0x153fab2adb40>,0,16,[9 2],1,1,17,0,1
1,<environment.Job instance at 0x153feb3371e0>,0,15,[8 1],2,2,17,0,2
1,<environment.Job instance at 0x153feb3370f0>,1,17,[8 2],4,17,34,13,5
1,<environment.Job instance at 0x153fe5cdc780>,5,18,[ 1 10],8,254,272,246,254
1,<environment.Job instance at 0x153fab08adc0>,4,14,[1 6],5,5,19,0,5
1,<environment.Job instance at 0x153fab08a7d0>,7,12,[9 1],8,399,411,391,399
1,<environment.Job instance at 0x153faabe5aa0>,2,25,[8 2],3,3,28,0,3
1,<environment.Job instance at 0x153fe5de3d20>,0,14,[1 9],1,1,15,0,1
1,<environment.Job instance at 0x153fab194370>,3,27,[7 1],4,1294,1321,1290,1294
1,<environment.Job instance at 0x153faa6cab90>,1,19,[10  1],2,2,21,0,2
1,<environment.Job instance at 0x153feb9b1fa0>,1,2,[ 2 10],2,2,4,0,2
1,<environment.Job instance at 0x153feb04ecd0>,3,13,[ 1 10],4,4,17,0,4
1,<environment.Job instance at 0x153feb9d2190>,2,1,[2 5],6,6,7,0,6
1,<environment.Job instance at 0x153fe40400f0>,3,28,[2 9],7,31,59,24,31
1,<environment.Job instance at 0x153feb0ab140>,0,16,[2 8],2,2,18,0,2
1,<environment.Job instance at 0x153faa616f50>,2,27,[2 7],7,18,45,11,16
1,<environment.Job instance at 0x153feba33f50>,0,24,[ 1 10],1,4,28,3,4
1,<environment.Job instance at 0x153fab3b48c0>,4,27,[8 1],5,28,55,23,26
1,<environment.Job instance at 0x153fab14bb90>,7,3,[8 2],8,56,59,48,56
1,<environment.Job instance at 0x153faa85ee60>,0,14,[1 8],1,1,15,0,1
1,<environment.Job instance at 0x153fab14baf0>,1,23,[9 2],2,2,25,0,2
1,<environment.Job instance at 0x153faa9b22d0>,0,20,[6 2],1,1,21,0,1
1,<environment.Job instance at 0x153fe9d7e730>,0,18,[1 6],3,4,22,1,4
1,<environment.Job instance at 0x153faa630e10>,0,23,[6 1],1,1,24,0,1
1,<environment.Job instance at 0x153faae66eb0>,0,26,[8 1],1,1,27,0,1
1,<environment.Job instance at 0x153faad25550>,4,16,[2 8],6,6,22,0,6
1,<environment.Job instance at 0x153faaf475f0>,6,3,[ 1 10],8,8,11,0,8
1,<environment.Job instance at 0x153feb9ddd20>,0,16,[8 1],1,1,17,0,1
1,<environment.Job instance at 0x153faadcbeb0>,0,19,[8 1],1,1,20,0,1
1,<environment.Job instance at 0x153faadcb5f0>,3,20,[1 7],7,8,28,1,8
1,<environment.Job instance at 0x153fab13f2d0>,1,24,[9 1],2,2,26,0,2
1,<environment.Job instance at 0x153faaf43be0>,1,16,[7 1],2,2,18,0,2
1,<environment.Job instance at 0x153faa995910>,4,27,[2 7],5,7,34,2,7
1,<environment.Job instance at 0x153faabadc80>,1,16,[6 2],2,2,18,0,2
1,<environment.Job instance at 0x153faa870410>,2,18,[2 8],3,15,33,12,15
1,<environment.Job instance at 0x153fe4568f50>,0,3,[2 7],2,2,5,0,2
1,<environment.Job instance at 0x153fe4568230>,1,13,[1 5],3,5,18,2,3
1,<environment.Job instance at 0x153faab2ebe0>,0,26,[1 7],2,4,30,2,4
1,<environment.Job instance at 0x153fe5db7be0>,2,15,[ 1 10],5,5,20,0,5
1,<environment.Job instance at 0x153fe5d36be0>,0,26,[10  2],1,1,27,0,1
1,<environment.Job instance at 0x153faa93c4b0>,0,3,[2 7],1,1,4,0,1
1,<environment.Job instance at 0x153fe44fe550>,1,15,[1 6],2,2,17,0,2
1,<environment.Job instance at 0x153feafe17d0>,2,21,[10  2],4,4,25,0,4
1,<environment.Job instance at 0x153faac4d910>,2,24,[10  2],7,7,31,0,7
1,<environment.Job instance at 0x153faad5b3c0>,4,18,[10  2],9,31,49,22,20
1,<environment.Job instance at 0x153fe6c867d0>,4,12,[8 2],9,203,215,194,203
1,<environment.Job instance at 0x153fe68a1910>,1,27,[ 1 10],5,913,940,908,913
1,<environment.Job instance at 0x153fe403fb40>,1,16,[10  2],2,2,18,0,2
1,<environment.Job instance at 0x153fe5e2b500>,1,14,[10  2],4,4,18,0,4
1,<environment.Job instance at 0x153fe6ca99b0>,1,25,[8 1],4,4,29,0,4
1,<environment.Job instance at 0x153faaa15cd0>,2,22,[6 1],7,29,51,22,25
1,<environment.Job instance at 0x153fe4069410>,0,3,[2 8],1,1,4,0,1
1,<environment.Job instance at 0x153fe40694b0>,1,19,[6 1],2,2,21,0,2
1,<environment.Job instance at 0x153fe4069230>,2,12,[2 7],4,4,16,0,4
1,<environment.Job instance at 0x153fe0082190>,2,3,[2 8],5,5,8,0,5
1,<environment.Job instance at 0x153feb09a190>,3,3,[1 8],6,8,11,2,6
1,<environment.Job instance at 0x153fe42790f0>,4,20,[2 7],7,11,31,4,8
1,<environment.Job instance at 0x153fe4279a50>,6,28,[8 1],9,9,37,0,9
1,<environment.Job instance at 0x153fe68706e0>,0,18,[1 5],2,2,20,0,2
1,<environment.Job instance at 0x153fe6870640>,1,17,[1 8],3,156,173,153,156
1,<environment.Job instance at 0x153faada5550>,1,19,[1 8],3,6,25,3,6
1,<environment.Job instance at 0x153fab313e10>,4,2,[8 1],7,1622,1624,1615,1622
1,<environment.Job instance at 0x153feb04e3c0>,1,21,[1 7],2,2,23,0,2
1,<environment.Job instance at 0x153fab0a0780>,0,21,[2 7],2,5,26,3,5
1,<environment.Job instance at 0x153faa82a550>,3,28,[7 2],6,6,34,0,6
1,<environment.Job instance at 0x153feb985820>,0,3,[1 5],1,1,4,0,1
1,<environment.Job instance at 0x153feb985a00>,1,28,[1 7],2,150,178,148,150
1,<environment.Job instance at 0x153faac4ce10>,0,12,[2 8],1,1,13,0,1
1,<environment.Job instance at 0x153fab291c80>,4,3,[5 2],6,6,9,0,6
1,<environment.Job instance at 0x153fab291af0>,5,1,[9 2],8,13,14,5,8
1,<environment.Job instance at 0x153faadb2370>,3,16,[6 1],5,5,21,0,5
1,<environment.Job instance at 0x153fab291460>,0,27,[1 8],2,3,30,1,3
1,<environment.Job instance at 0x153fe5ee9e60>,2,25,[8 2],4,4,29,0,4
1,<environment.Job instance at 0x153fab38dbe0>,0,3,[1 9],1,1,4,0,1
1,<environment.Job instance at 0x153fe4070410>,1,23,[9 1],2,2,25,0,2
1,<environment.Job instance at 0x153fab38d230>,2,18,[1 7],3,21,39,18,21
1,<environment.Job instance at 0x153fab30efa0>,1,12,[8 1],2,2,14,0,2
1,<environment.Job instance at 0x153fe9d7a820>,0,16,[2 6],1,1,17,0,1
1,<environment.Job instance at 0x153fe9d7a460>,2,18,[10  1],7,17,35,10,7
1,<environment.Job instance at 0x153fe5e1c7d0>,0,24,[8 2],3,3,27,0,3
1,<environment.Job instance at 0x153fe5cd2730>,0,24,[9 2],1,1,25,0,1
1,<environment.Job instance at 0x153fe5cd2a50>,4,13,[1 7],7,7,20,0,7
1,<environment.Job instance at 0x153fab219870>,0,14,[1 6],1,1,15,0,1
1,<environment.Job instance at 0x153fab2191e0>,1,18,[10  2],2,15,33,13,4
1,<environment.Job instance at 0x153fe452fb90>,1,14,[2 8],3,3,17,0,3
1,<environment.Job instance at 0x153feb318460>,6,23,[10  1],8,17,40,9,11
1,<environment.Job instance at 0x153fab386640>,3,20,[7 1],9,9,29,0,9
1,<environment.Job instance at 0x153fe7f24780>,1,21,[9 2],5,5,26,0,5
1,<environment.Job instance at 0x153fab122410>,4,25,[2 9],9,26,51,17,26
1,<environment.Job instance at 0x153feafee1e0>,2,16,[9 1],4,4,20,0,4
1,<environment.Job instance at 0x153feafd7d20>,0,2,[6 2],1,1,3,0,1
1,<environment.Job instance at 0x153fe5cda280>,1,22,[2 8],4,6,28,2,6
1,<environment.Job instance at 0x153fe9d77870>,4,21,[9 1],9,28,49,19,20
1,<environment.Job instance at 0x153fe6911d70>,0,16,[2 5],1,1,17,0,1
1,<environment.Job instance at 0x153faac5d960>,0,18,[7 1],1,1,19,0,1
1,<environment.Job instance at 0x153fe6911c30>,1,14,[10  1],4,19,33,15,4
1,<environment.Job instance at 0x153faae55aa0>,1,17,[ 2 10],3,5,22,2,5
1,<environment.Job instance at 0x153fab112aa0>,1,22,[ 1 10],3,4,26,1,4
1,<environment.Job instance at 0x153fe9d87820>,0,18,[7 2],3,3,21,0,3
1,<environment.Job instance at 0x153fab284f00>,4,17,[ 1 10],8,21,38,13,16
1,<environment.Job instance at 0x153fe005ff00>,0,26,[8 1],1,1,27,0,1
1,<environment.Job instance at 0x153feb0badc0>,0,3,[2 7],1,1,4,0,1
1,<environment.Job instance at 0x153fe5e656e0>,3,15,[1 6],4,4,19,0,4
1,<environment.Job instance at 0x153fe5e65be0>,5,22,[9 1],6,6,28,0,6
1,<environment.Job instance at 0x153faa613f50>,1,17,[1 7],3,3,20,0,3
1,<environment.Job instance at 0x153faa677820>,5,2,[1 5],8,2078,2080,2070,2078
1,<environment.Job instance at 0x153fe7f24dc0>,1,19,[1 9],2,6,25,4,6
1,<environment.Job instance at 0x153fe7f24a00>,4,20,[5 1],7,1600,1620,1593,1600
1,<environment.Job instance at 0x153faaee9910>,0,15,[ 2 10],1,1,16,0,1
1,<environment.Job instance at 0x153fe7f210a0>,3,17,[7 1],5,9,26,4,9
1,<environment.Job instance at 0x153faa798370>,5,26,[7 2],8,8,34,0,8
1,<environment.Job instance at 0x153fe429ac30>,0,23,[9 1],1,1,24,0,1
1,<environment.Job instance at 0x153fe6c5a2d0>,1,26,[10  1],2,2,28,0,2
1,<environment.Job instance at 0x153fe5ed8320>,1,14,[7 1],3,3,17,0,3
1,<environment.Job instance at 0x153faae1e460>,3,17,[2 9],5,28,45,23,28
1,<environment.Job instance at 0x153faa6a9690>,0,27,[2 9],1,5,32,4,5
1,<environment.Job instance at 0x153fe6c78fa0>,4,3,[10  2],6,32,35,26,6
1,<environment.Job instance at 0x153fe6c78c30>,5,3,[6 1],7,7,10,0,7
1,<environment.Job instance at 0x153fe5f2b320>,1,17,[9 1],3,3,20,0,3
1,<environment.Job instance at 0x153fe6be40f0>,2,13,[9 1],4,20,33,16,4
1,<environment.Job instance at 0x153fe6be4cd0>,0,3,[6 2],1,1,4,0,1
1,<environment.Job instance at 0x153fe6be48c0>,1,27,[2 7],2,3,30,1,3
1,<environment.Job instance at 0x153fe6be41e0>,3,28,[5 2],4,4,32,0,4
1,<environment.Job instance at 0x153faa6eab90>,6,25,[6 2],9,32,57,23,28
1,<environment.Job instance at 0x153faa6f23c0>,0,13,[8 2],1,1,14,0,1
1,<environment.Job instance at 0x153feb9e9cd0>,2,13,[2 9],3,14,27,11,3
1,<environment.Job instance at 0x153feb9e9be0>,5,25,[2 7],7,602,627,595,602
1,<environment.Job instance at 0x153feb9e9f00>,1,19,[2 8],3,7,26,4,7
1,<environment.Job instance at 0x153faa6b60f0>,3,3,[8 1],7,7,10,0,7
1,<environment.Job instance at 0x153fe45ab410>,0,3,[2 6],4,4,7,0,4
1,<environment.Job instance at 0x153fe45ab690>,1,14,[5 1],5,8,22,3,8
1,<environment.Job instance at 0x153fe45abdc0>,3,18,[2 8],9,9,27,0,9
1,<environment.Job instance at 0x153faa737500>,1,14,[8 1],3,3,17,0,3
1,<environment.Job instance at 0x153fab178960>,5,25,[2 8],7,20,45,13,20
1,<environment.Job instance at 0x153fecfb5820>,7,14,[ 1 10],9,294,308,285,294
1,<environment.Job instance at 0x153feda2baa0>,0,28,[9 1],1,1,29,0,1
1,<environment.Job instance at 0x153fe68a6500>,4,16,[2 7],5,29,45,24,17
1,<environment.Job instance at 0x153fe688d0f0>,0,23,[ 1 10],2,5,28,3,5
1,<environment.Job instance at 0x153faa7a2fa0>,2,20,[1 6],6,28,48,22,19
1,<environment.Job instance at 0x153faa837460>,3,15,[6 2],7,54,69,47,54
1,<environment.Job instance at 0x153faa837500>,5,1,[10  2],9,1556,1557,1547,1556
1,<environment.Job instance at 0x153faa837e60>,1,1,[10  2],2,2,3,0,2
1,<environment.Job instance at 0x153fe6962280>,2,14,[9 2],3,3,17,0,3
1,<environment.Job instance at 0x153fab3bf6e0>,0,12,[2 7],1,1,13,0,1
1,<environment.Job instance at 0x153faaf9d640>,4,13,[7 2],7,7,20,0,7
1,<environment.Job instance at 0x153fe5d6daf0>,0,26,[9 2],1,1,27,0,1
1,<environment.Job instance at 0x153faa9baf00>,1,14,[2 9],4,4,18,0,4
1,<environment.Job instance at 0x153fed39b820>,4,12,[1 8],8,18,30,10,8
1,<environment.Job instance at 0x153faae7c4b0>,2,18,[9 1],6,6,24,0,6
1,<environment.Job instance at 0x153faaec97d0>,1,3,[1 5],3,3,6,0,3
1,<environment.Job instance at 0x153fe6c21050>,0,15,[2 9],2,2,17,0,2
1,<environment.Job instance at 0x153faa896cd0>,1,28,[ 2 10],3,92,120,89,92
1,<environment.Job instance at 0x153fecb58870>,0,21,[8 1],1,1,22,0,1
1,<environment.Job instance at 0x153faa5e5730>,6,19,[10  1],8,22,41,14,12
1,<environment.Job instance at 0x153faa5c5050>,0,28,[5 2],4,5,33,1,5
1,<environment.Job instance at 0x153faa5c53c0>,1,18,[9 2],3,3,21,0,3
1,<environment.Job instance at 0x153feb0f7a00>,3,18,[2 5],6,28,46,22,28
1,<environment.Job instance at 0x153faaf34b40>,1,26,[1 5],2,2,28,0,2
1,<environment.Job instance at 0x153fab1ebc30>,0,17,[1 5],1,1,18,0,1
1,<environment.Job instance at 0x153fab1eb1e0>,2,14,[5 1],3,4,18,1,4
1,<environment.Job instance at 0x153faafe20f0>,4,17,[2 9],6,18,35,12,6
1,<environment.Job instance at 0x153faaf91050>,5,18,[6 1],8,18,36,10,8
1,<environment.Job instance at 0x153faaf91410>,1,1,[9 2],2,2,3,0,2
1,<environment.Job instance at 0x153faaf91a50>,2,16,[7 1],6,6,22,0,6
1,<environment.Job instance at 0x153feba39aa0>,0,18,[1 5],2,2,20,0,2
1,<environment.Job instance at 0x153faa742230>,3,3,[2 5],4,10,13,6,10
1,<environment.Job instance at 0x153fe5c7d8c0>,0,16,[10  2],1,1,17,0,1
1,<environment.Job instance at 0x153fe6c09140>,0,14,[2 5],2,2,16,0,2
1,<environment.Job instance at 0x153fe6c09f50>,2,16,[10  1],7,16,32,9,7
1,<environment.Job instance at 0x153fab3411e0>,0,23,[5 1],1,1,24,0,1
1,<environment.Job instance at 0x153fe0072190>,1,21,[ 1 10],2,5,26,3,5
1,<environment.Job instance at 0x153feb0cbcd0>,4,14,[8 1],7,26,40,19,11
1,<environment.Job instance at 0x153faaf5f0a0>,1,12,[1 9],3,3,15,0,3
1,<environment.Job instance at 0x153fe5ce4e10>,2,15,[2 7],4,15,30,11,4
1,<environment.Job instance at 0x153fab027550>,4,16,[5 1],6,6,22,0,6
1,<environment.Job instance at 0x153fab106140>,1,20,[7 2],5,5,25,0,5
1,<environment.Job instance at 0x153fab106dc0>,3,12,[9 1],8,8,20,0,8
1,<environment.Job instance at 0x153faa72b410>,0,25,[9 1],1,1,26,0,1
1,<environment.Job instance at 0x153faa7846e0>,0,17,[ 1 10],4,5,22,1,5
1,<environment.Job instance at 0x153feb0f2190>,1,15,[2 5],3,3,18,0,3
1,<environment.Job instance at 0x153faaf0f5a0>,2,3,[2 5],4,4,7,0,4
1,<environment.Job instance at 0x153faada5690>,4,19,[ 1 10],7,8,27,1,8
1,<environment.Job instance at 0x153faaf0f780>,6,20,[1 8],9,65,85,56,65
1,<environment.Job instance at 0x153fe4050c30>,0,28,[7 1],1,1,29,0,1
1,<environment.Job instance at 0x153faa8370f0>,6,28,[2 9],8,103,131,95,103
1,<environment.Job instance at 0x153faa837910>,1,23,[6 1],2,2,25,0,2
1,<environment.Job instance at 0x153faa837be0>,4,26,[9 2],8,25,51,17,22
1,<environment.Job instance at 0x153faaa61640>,1,23,[9 2],2,2,25,0,2
1,<environment.Job instance at 0x153faa92faf0>,4,2,[9 2],6,149,151,143,149
1,<environment.Job instance at 0x153faac318c0>,2,3,[1 5],3,3,6,0,3
1,<environment.Job instance at 0x153faafadf50>,0,12,[1 8],1,1,13,0,1
1,<environment.Job instance at 0x153fecb788c0>,0,3,[6 2],1,1,4,0,1
1,<environment.Job instance at 0x153faa6bccd0>,0,15,[2 9],1,1,16,0,1
1,<environment.Job instance at 0x153faac741e0>,5,2,[2 5],7,155,157,148,155
1,<environment.Job instance at 0x153fe00420f0>,0,22,[6 2],3,3,25,0,3
1,<environment.Job instance at 0x153feba79af0>,2,12,[9 1],7,25,37,18,8
1,<environment.Job instance at 0x153faad6a0f0>,0,12,[ 1 10],1,1,13,0,1
1,<environment.Job instance at 0x153faad6a140>,4,23,[2 6],9,13,36,4,10
1,<environment.Job instance at 0x153faad6af50>,4,3,[6 1],7,7,10,0,7
1,<environment.Job instance at 0x153fe5fdc870>,3,3,[1 7],6,26,29,20,26
1,<environment.Job instance at 0x153feda36690>,0,13,[8 1],1,1,14,0,1
1,<environment.Job instance at 0x153fe69125a0>,1,15,[7 2],2,14,29,12,7
1,<environment.Job instance at 0x153fe5d3c190>,1,25,[2 8],5,7,32,2,7
1,<environment.Job instance at 0x153fe5d49e10>,1,14,[2 5],2,2,16,0,2
1,<environment.Job instance at 0x153faac58b40>,0,14,[9 1],1,1,15,0,1
1,<environment.Job instance at 0x153fe5d8a7d0>,0,14,[5 1],1,1767,1781,1766,1767
1,<environment.Job instance at 0x153fab1860f0>,1,26,[2 7],2,3,29,1,3
1,<environment.Job instance at 0x153fab186640>,4,26,[6 2],5,5,31,0,5
1,<environment.Job instance at 0x153fe6987be0>,0,3,[2 8],1,1,4,0,1
1,<environment.Job instance at 0x153fe47c9460>,2,12,[ 1 10],5,5,17,0,5
1,<environment.Job instance at 0x153fab02c0a0>,0,13,[2 7],2,2,15,0,2
1,<environment.Job instance at 0x153fab02cf50>,3,3,[2 5],7,15,18,8,7
1,<environment.Job instance at 0x153feb0baa50>,0,20,[2 6],1,86,106,85,86
1,<environment.Job instance at 0x153faab13410>,1,3,[2 7],2,2,5,0,2
1,<environment.Job instance at 0x153faa6486e0>,5,20,[2 5],6,6,26,0,6
1,<environment.Job instance at 0x153fab370be0>,6,20,[7 2],8,8,28,0,8
1,<environment.Job instance at 0x153faa6487d0>,7,18,[7 2],9,28,46,19,17
1,<environment.Job instance at 0x153faa6480a0>,0,16,[7 1],2,2,18,0,2
1,<environment.Job instance at 0x153fab2cdb90>,1,13,[2 8],3,3,16,0,3
1,<environment.Job instance at 0x153faaf6e5f0>,2,14,[1 9],4,16,30,12,13
1,<environment.Job instance at 0x153faab54730>,0,19,[1 7],1,3,22,2,3
1,<environment.Job instance at 0x153faa827a00>,0,26,[7 1],2,2,28,0,2
1,<environment.Job instance at 0x153faaf1c4b0>,7,3,[1 9],9,684,687,675,684
1,<environment.Job instance at 0x153faaf1c2d0>,5,3,[1 9],8,8,11,0,8
1,<environment.Job instance at 0x153faac68500>,6,19,[1 9],9,11,30,2,9
1,<environment.Job instance at 0x153faafb9b40>,3,3,[6 2],6,160,163,154,160
1,<environment.Job instance at 0x153fab0dd8c0>,0,16,[8 2],1,1,17,0,1
1,<environment.Job instance at 0x153fe459c140>,0,18,[8 1],1,1,19,0,1
1,<environment.Job instance at 0x153fe5ee7a00>,1,12,[2 9],4,4,16,0,4
1,<environment.Job instance at 0x153fe6caba50>,1,13,[1 8],2,2,15,0,2
1,<environment.Job instance at 0x153fe6bc9730>,1,26,[2 9],2,3,29,1,3
1,<environment.Job instance at 0x153faa84b320>,0,24,[6 2],1,1,25,0,1
1,<environment.Job instance at 0x153fe4551d70>,5,21,[8 2],9,25,46,16,17
1,<environment.Job instance at 0x153fe453faa0>,1,14,[2 8],2,2,16,0,2
1,<environment.Job instance at 0x153fe6c480f0>,4,2,[ 1 10],6,62,64,56,62
1,<environment.Job instance at 0x153fab1c1050>,0,25,[2 6],2,67,92,65,67
1,<environment.Job instance at 0x153faaa5c690>,0,17,[5 1],1,1,18,0,1
1,<environment.Job instance at 0x153fe5f0efa0>,2,17,[7 1],3,18,35,15,6
1,<environment.Job instance at 0x153fe5f389b0>,6,3,[ 2 10],7,35,38,28,9
1,<environment.Job instance at 0x153fe5f3c730>,0,15,[2 7],1,1,16,0,1
1,<environment.Job instance at 0x153fe5f3c780>,1,24,[5 2],2,20,44,18,20
1,<environment.Job instance at 0x153fab1c1910>,0,23,[2 8],1,44,67,43,44
1,<environment.Job instance at 0x153faad9a460>,5,2,[7 2],6,1143,1145,1137,1143
1,<environment.Job instance at 0x153faabc5fa0>,0,25,[10  2],1,1,26,0,1
1,<environment.Job instance at 0x153fab3a75a0>,0,3,[2 8],1,1,4,0,1
1,<environment.Job instance at 0x153feb0ce140>,3,12,[ 2 10],4,4,16,0,4
1,<environment.Job instance at 0x153fe68a3a00>,0,3,[1 7],6,6,9,0,6
1,<environment.Job instance at 0x153fe68a3820>,1,22,[8 1],7,7,29,0,7
1,<environment.Job instance at 0x153faaa2bfa0>,4,1,[1 5],5,5,6,0,5
1,<environment.Job instance at 0x153faae3cdc0>,5,2,[2 5],6,6,8,0,6
1,<environment.Job instance at 0x153faae3cbe0>,6,18,[8 2],7,7,25,0,7
1,<environment.Job instance at 0x153fab02fc80>,3,27,[7 2],6,6,33,0,6
1,<environment.Job instance at 0x153faa87be60>,0,15,[1 5],1,1,16,0,1
1,<environment.Job instance at 0x153fe69485a0>,0,3,[1 9],2,2,5,0,2
1,<environment.Job instance at 0x153feb9e4aa0>,0,3,[2 9],2,2,5,0,2
1,<environment.Job instance at 0x153feb9e4e10>,1,15,[5 1],3,5,20,2,5
1,<environment.Job instance at 0x153fecf9df50>,0,13,[8 1],1,1,14,0,1
1,<environment.Job instance at 0x153fe42a27d0>,3,13,[8 2],6,6,19,0,6
1,<environment.Job instance at 0x153fe42a2f50>,5,18,[1 6],9,9,27,0,9
1,<environment.Job instance at 0x153fe47ec870>,0,17,[1 9],2,3,20,1,3
1,<environment.Job instance at 0x153fe42a2690>,2,19,[10  2],6,20,39,14,10
1,<environment.Job instance at 0x153fe5ea6370>,5,16,[2 5],9,148,164,139,148
1,<environment.Job instance at 0x153fe6ca1eb0>,0,12,[9 2],4,4,16,0,4
1,<environment.Job instance at 0x153faa713820>,0,3,[6 2],1,1,4,0,1
1,<environment.Job instance at 0x153fe6c4f3c0>,1,16,[2 9],2,2,18,0,2
1,<environment.Job instance at 0x153fab04b5f0>,0,18,[2 8],5,6,24,1,6
1,<environment.Job instance at 0x153feb01dfa0>,3,24,[9 1],8,24,48,16,19
1,<environment.Job instance at 0x153faaa086e0>,4,3,[1 6],6,6,9,0,6
1,<environment.Job instance at 0x153fe4058eb0>,0,20,[5 1],1,2,22,1,2
1,<environment.Job instance at 0x153fe6962730>,0,3,[1 6],1,1,4,0,1
1,<environment.Job instance at 0x153faabc6d70>,2,14,[5 1],4,4,18,0,4
1,<environment.Job instance at 0x153fe6962c80>,3,17,[2 5],5,5,22,0,5
1,<environment.Job instance at 0x153feb0c3730>,0,3,[1 8],1,1,4,0,1
1,<environment.Job instance at 0x153feb0c30a0>,2,19,[9 2],3,3,22,0,3
1,<environment.Job instance at 0x153faa94ba00>,2,26,[6 1],5,5,31,0,5
1,<environment.Job instance at 0x153faaa1a370>,3,12,[8 2],6,6,18,0,6
1,<environment.Job instance at 0x153fe5d502d0>,0,3,[1 8],1,1,4,0,1
1,<environment.Job instance at 0x153fe5d50500>,1,28,[10  1],2,4,32,2,3
1,<environment.Job instance at 0x153fab3f11e0>,3,3,[1 7],7,546,549,539,546
1,<environment.Job instance at 0x153fe6c19d70>,0,21,[6 1],1,1,22,0,1
1,<environment.Job instance at 0x153faa88dfa0>,4,15,[10  2],6,22,37,16,8
1,<environment.Job instance at 0x153fe5cf0960>,6,3,[10  1],9,37,40,28,11
1,<environment.Job instance at 0x153fe5cf0050>,1,26,[1 6],2,180,206,178,180
1,<environment.Job instance at 0x153feb9c30a0>,4,18,[1 9],8,31,49,23,31
1,<environment.Job instance at 0x153feb9c30f0>,3,3,[9 1],5,5,8,0,5
1,<environment.Job instance at 0x153fe6befdc0>,0,21,[10  2],1,1,22,0,1
1,<environment.Job instance at 0x153faada6e10>,1,14,[6 2],3,22,36,19,7
1,<environment.Job instance at 0x153fe45af5a0>,0,16,[10  1],1,1,17,0,1
1,<environment.Job instance at 0x153faa80c2d0>,0,27,[10  2],2,2,29,0,2
1,<environment.Job instance at 0x153fe5cf55a0>,5,18,[2 6],9,254,272,245,254
1,<environment.Job instance at 0x153fe427caa0>,0,26,[9 1],1,1,27,0,1
1,<environment.Job instance at 0x153faa9f9be0>,0,15,[10  1],1,1,16,0,1
1,<environment.Job instance at 0x153fe427ca50>,1,13,[1 6],3,16,29,13,3
1,<environment.Job instance at 0x153faa9f9370>,2,18,[9 2],4,16,34,12,5
1,<environment.Job instance at 0x153faafe1f00>,0,16,[1 8],3,3,19,0,3
1,<environment.Job instance at 0x153faafe1460>,2,14,[2 8],5,19,33,14,5
1,<environment.Job instance at 0x153fe406fe10>,0,28,[8 2],1,1,29,0,1
1,<environment.Job instance at 0x153faaa735a0>,5,15,[5 1],8,29,44,21,15
1,<environment.Job instance at 0x153faaa73320>,1,16,[ 1 10],2,2,18,0,2
1,<environment.Job instance at 0x153fe5e0a550>,3,24,[6 2],5,5,29,0,5
1,<environment.Job instance at 0x153fe5e0a5a0>,7,22,[6 1],9,596,618,587,596
1,<environment.Job instance at 0x153faa8241e0>,3,3,[1 7],5,424,427,419,424
1,<environment.Job instance at 0x153faa8fa5a0>,1,16,[8 1],2,2,18,0,2
1,<environment.Job instance at 0x153fe404b690>,5,20,[1 8],8,8,28,0,8
1,<environment.Job instance at 0x153fe404b500>,6,24,[5 2],9,18,42,9,13
1,<environment.Job instance at 0x153fab06c140>,1,17,[2 8],2,2,19,0,2
1,<environment.Job instance at 0x153fab06cbe0>,2,18,[5 2],3,3,21,0,3
1,<environment.Job instance at 0x153fab2286e0>,0,16,[5 2],1,2,18,1,2
1,<environment.Job instance at 0x153faabaecd0>,6,15,[8 1],8,18,33,10,12
1,<environment.Job instance at 0x153faab9d780>,0,15,[1 8],2,2,17,0,2
1,<environment.Job instance at 0x153fe44ce640>,0,3,[2 5],1,1,4,0,1
1,<environment.Job instance at 0x153fe44cf8c0>,2,16,[9 2],4,4,20,0,4
1,<environment.Job instance at 0x153feb97e2d0>,0,25,[6 2],1,1,26,0,1
1,<environment.Job instance at 0x153fe006de10>,1,15,[1 6],5,5,20,0,5
1,<environment.Job instance at 0x153fe7f1baf0>,1,17,[5 2],2,2,19,0,2
1,<environment.Job instance at 0x153faa940f00>,3,12,[7 2],6,6,18,0,6
1,<environment.Job instance at 0x153faab33910>,0,13,[8 2],1,1,14,0,1
1,<environment.Job instance at 0x153fe7f078c0>,0,18,[6 2],1,1,19,0,1
1,<environment.Job instance at 0x153faaca1730>,4,14,[5 2],6,23,37,17,23
1,<environment.Job instance at 0x153fe5d28f00>,4,3,[7 1],9,14,17,5,14
1,<environment.Job instance at 0x153faa908050>,0,13,[5 1],2,47,60,45,47
1,<environment.Job instance at 0x153faa7ad050>,1,14,[6 1],3,3,17,0,3
1,<environment.Job instance at 0x153fe428bb90>,0,18,[2 7],1,2,20,1,2
1,<environment.Job instance at 0x153faac97640>,5,3,[1 7],6,6,9,0,6
1,<environment.Job instance at 0x153fe5effeb0>,0,18,[1 7],1,2,20,1,2
1,<environment.Job instance at 0x153faaaf70a0>,0,26,[5 1],1,2,28,1,2
1,<environment.Job instance at 0x153fe6c7a190>,1,3,[2 8],3,3,6,0,3
1,<environment.Job instance at 0x153fe6bef5a0>,4,27,[8 1],8,8,35,0,8
1,<environment.Job instance at 0x153fe6bef640>,5,12,[1 8],9,9,21,0,9
1,<environment.Job instance at 0x153faa8379b0>,1,24,[ 1 10],4,5,29,1,5
1,<environment.Job instance at 0x153faa78c8c0>,4,20,[7 2],7,29,49,22,21
1,<environment.Job instance at 0x153faaf49d20>,1,3,[2 7],2,2,5,0,2
1,<environment.Job instance at 0x153fe68c57d0>,0,3,[2 5],1,1,4,0,1
1,<environment.Job instance at 0x153fe68c54b0>,1,25,[9 2],2,4,29,2,2
1,<environment.Job instance at 0x153fe68cd190>,7,16,[6 2],9,29,45,20,16
1,<environment.Job instance at 0x153fe5d93b40>,5,25,[8 1],9,1708,1733,1699,1708
1,<environment.Job instance at 0x153faae68820>,0,19,[6 1],1,1,20,0,1
1,<environment.Job instance at 0x153faa5f4550>,0,28,[9 1],1,1,29,0,1
1,<environment.Job instance at 0x153faa5f4960>,6,13,[6 2],7,1089,1102,1082,1089
1,<environment.Job instance at 0x153fe502b910>,0,22,[2 8],1,2,24,1,2
1,<environment.Job instance at 0x153faac70dc0>,1,3,[2 8],2,2,5,0,2
1,<environment.Job instance at 0x153fe5ed9410>,0,26,[1 6],2,4,30,2,4
1,<environment.Job instance at 0x153fab344a00>,2,14,[2 6],6,30,44,24,15
1,<environment.Job instance at 0x153fab344870>,5,2,[8 2],9,908,910,899,908
1,<environment.Job instance at 0x153feafee460>,0,25,[2 8],1,3,28,2,3
1,<environment.Job instance at 0x153feafeee60>,2,12,[2 8],4,681,693,677,681
1,<environment.Job instance at 0x153fe68833c0>,1,3,[2 8],2,2,5,0,2
1,<environment.Job instance at 0x153faa6d91e0>,1,15,[7 2],4,4,19,0,4
1,<environment.Job instance at 0x153faa870640>,3,25,[5 1],5,471,496,466,471
1,<environment.Job instance at 0x153fab288780>,0,18,[1 9],1,3,21,2,3
1,<environment.Job instance at 0x153feafdfb40>,0,15,[2 9],1,1,16,0,1
1,<environment.Job instance at 0x153fab351910>,0,13,[2 5],1,1,14,0,1
1,<environment.Job instance at 0x153faac7c500>,0,27,[1 8],1,2,29,1,2
1,<environment.Job instance at 0x153faac7c6e0>,2,18,[1 8],3,380,398,377,380
1,<environment.Job instance at 0x153faa600320>,0,3,[1 6],1,1,4,0,1
1,<environment.Job instance at 0x153faa600e60>,3,13,[5 1],4,4,17,0,4
1,<environment.Job instance at 0x153fe5f90fa0>,7,14,[2 9],8,8,22,0,8
1,<environment.Job instance at 0x153fab0c3b40>,1,15,[6 1],4,4,19,0,4
1,<environment.Job instance at 0x153faae92730>,0,3,[ 2 10],2,2,5,0,2
1,<environment.Job instance at 0x153fe6c652d0>,3,18,[5 1],5,5,23,0,5
1,<environment.Job instance at 0x153fab370140>,7,17,[2 6],9,9,26,0,9
1,<environment.Job instance at 0x153fab0d61e0>,0,18,[10  1],1,1,19,0,1
1,<environment.Job instance at 0x153faaf21910>,0,23,[1 9],2,30,53,28,30
1,<environment.Job instance at 0x153faaa29320>,2,21,[7 1],5,5,26,0,5
1,<environment.Job instance at 0x153feaffd9b0>,5,17,[6 2],8,8,25,0,8
1,<environment.Job instance at 0x153fab2c8370>,1,16,[6 2],4,4,20,0,4
1,<environment.Job instance at 0x153fe6c93230>,3,14,[ 2 10],7,20,34,13,7
1,<environment.Job instance at 0x153fecb45b90>,1,28,[2 6],4,6,34,2,6
1,<environment.Job instance at 0x153fe691a230>,4,26,[1 6],7,46,72,39,46
1,<environment.Job instance at 0x153faabe4230>,4,24,[8 2],6,6,30,0,6
1,<environment.Job instance at 0x153fe5db94b0>,0,14,[9 2],1,1,15,0,1
1,<environment.Job instance at 0x153fe5db9be0>,2,15,[2 8],4,15,30,11,13
1,<environment.Job instance at 0x153faa70e780>,3,24,[5 1],5,5,29,0,5
1,<environment.Job instance at 0x153faa739050>,5,15,[5 2],7,7,22,0,7
1,<environment.Job instance at 0x153faa739460>,1,3,[1 5],2,2,5,0,2
1,<environment.Job instance at 0x153faae47690>,0,26,[9 1],1,1,27,0,1
1,<environment.Job instance at 0x153fe5fad050>,0,22,[2 6],1,3,25,2,3
1,<environment.Job instance at 0x153fe5e864b0>,0,1,[1 5],1,1,2,0,1
1,<environment.Job instance at 0x153faa66ef00>,0,25,[1 7],1,5,30,4,5
1,<environment.Job instance at 0x153faad25550>,4,20,[2 5],6,30,50,24,21
1,<environment.Job instance at 0x153faa69d5a0>,0,19,[6 2],2,2,21,0,2
1,<environment.Job instance at 0x153faa69d1e0>,1,3,[2 6],3,3,6,0,3
1,<environment.Job instance at 0x153faaf7b370>,3,18,[1 6],6,7,25,1,7
1,<environment.Job instance at 0x153fe5e0a7d0>,5,12,[7 2],9,21,33,12,9
1,<environment.Job instance at 0x153fab394f00>,1,3,[1 6],3,3,6,0,3
1,<environment.Job instance at 0x153fe5e0a230>,3,15,[ 1 10],7,7,22,0,7
1,<environment.Job instance at 0x153fab0cd410>,4,17,[7 2],8,22,39,14,10
1,<environment.Job instance at 0x153faaa463c0>,2,28,[8 2],5,5,33,0,5
1,<environment.Job instance at 0x153fe6c70cd0>,3,13,[10  2],9,33,46,24,17
1,<environment.Job instance at 0x153faaa46190>,0,3,[2 8],1,1,4,0,1
1,<environment.Job instance at 0x153fe5e45cd0>,5,25,[1 7],9,36,61,27,36
1,<environment.Job instance at 0x153fe5e3a6e0>,0,16,[2 8],3,3,19,0,3
1,<environment.Job instance at 0x153fe5e3e500>,0,21,[10  1],2,2,23,0,2
1,<environment.Job instance at 0x153fe6c325a0>,2,26,[1 9],4,4,30,0,4
1,<environment.Job instance at 0x153fe5cb61e0>,0,19,[1 8],3,5,24,2,5
1,<environment.Job instance at 0x153fe5cb6d20>,4,25,[10  1],9,24,49,15,20
1,<environment.Job instance at 0x153faacec6e0>,0,18,[2 5],1,1,19,0,1
1,<environment.Job instance at 0x153faacec320>,2,3,[1 5],3,3,6,0,3
1,<environment.Job instance at 0x153faa802370>,0,22,[10  2],1,1,23,0,1
1,<environment.Job instance at 0x153fe68bcc30>,1,19,[10  2],2,23,42,21,14
1,<environment.Job instance at 0x153faac27460>,0,25,[10  2],3,3,28,0,3
1,<environment.Job instance at 0x153faacc0a00>,0,16,[1 7],1,1,17,0,1
1,<environment.Job instance at 0x153faaa057d0>,0,27,[ 1 10],2,3,30,1,3
1,<environment.Job instance at 0x153fe5c90280>,2,21,[2 7],5,74,95,69,74
1,<environment.Job instance at 0x153fe5c90b40>,0,16,[10  1],2,2,18,0,2
1,<environment.Job instance at 0x153fe6cc33c0>,4,26,[6 1],7,7,33,0,7
1,<environment.Job instance at 0x153fe5d9d5a0>,1,2,[5 1],3,3,5,0,3
1,<environment.Job instance at 0x153fab19e690>,1,14,[1 7],3,3,17,0,3
1,<environment.Job instance at 0x153feb01d190>,0,14,[7 2],1,1,15,0,1
1,<environment.Job instance at 0x153feb01d5f0>,3,27,[1 6],6,230,257,224,230
1,<environment.Job instance at 0x153faa9219b0>,2,27,[5 1],4,4,31,0,4
1,<environment.Job instance at 0x153fe6939640>,3,18,[5 2],5,5,23,0,5
1,<environment.Job instance at 0x153faad77e10>,0,17,[7 2],1,1,18,0,1
1,<environment.Job instance at 0x153fe4530e60>,1,14,[7 1],2,18,32,16,3
1,<environment.Job instance at 0x153faaf1f6e0>,6,3,[2 5],7,66,69,59,66
1,<environment.Job instance at 0x153faaf1b280>,1,18,[9 2],2,2,20,0,2
1,<environment.Job instance at 0x153fe9d9f5a0>,6,16,[2 9],9,20,36,11,9
1,<environment.Job instance at 0x153fe5da1230>,1,13,[ 2 10],2,2,15,0,2
1,<environment.Job instance at 0x153fe5da1af0>,3,17,[7 1],4,15,32,11,4
1,<environment.Job instance at 0x153feb09b460>,0,17,[9 2],1,1,18,0,1
1,<environment.Job instance at 0x153feda3b0a0>,0,16,[9 2],1,1,17,0,1
1,<environment.Job instance at 0x153feda3be60>,1,14,[7 1],2,18,32,16,18
1,<environment.Job instance at 0x153feb9e49b0>,6,3,[10  2],8,579,582,571,579
1,<environment.Job instance at 0x153feba28370>,2,3,[1 5],3,3,6,0,3
1,<environment.Job instance at 0x153fe6918870>,5,3,[2 8],6,6,9,0,6
1,<environment.Job instance at 0x153feba28be0>,6,26,[2 8],7,999,1025,992,999
1,<environment.Job instance at 0x153faa97db90>,0,14,[6 2],1,1,15,0,1
1,<environment.Job instance at 0x153fe5efa5f0>,2,13,[1 7],4,4,17,0,4
1,<environment.Job instance at 0x153fe5f6cc30>,3,12,[2 7],5,17,29,12,5
1,<environment.Job instance at 0x153faab03870>,6,17,[6 1],9,9,26,0,9
1,<environment.Job instance at 0x153faad2b870>,0,20,[2 9],1,3,23,2,3
1,<environment.Job instance at 0x153faaeeedc0>,1,12,[9 2],3,3,15,0,3
1,<environment.Job instance at 0x153faaeee4b0>,2,16,[6 2],4,15,31,11,5
1,<environment.Job instance at 0x153fe44d40f0>,3,2,[7 1],6,1957,1959,1951,1957
1,<environment.Job instance at 0x153faab29c80>,1,19,[7 2],4,4,23,0,4
1,<environment.Job instance at 0x153fe6bd3c80>,1,22,[1 5],4,7,29,3,7
1,<environment.Job instance at 0x153fab37f870>,4,22,[2 9],9,29,51,20,28
1,<environment.Job instance at 0x153fab178f50>,2,3,[1 6],5,5,8,0,5
1,<environment.Job instance at 0x153feafe10a0>,3,2,[8 2],6,6,8,0,6
1,<environment.Job instance at 0x153fe9d7e320>,1,3,[ 2 10],2,2,5,0,2
1,<environment.Job instance at 0x153faa5995a0>,4,22,[7 2],6,6,28,0,6
1,<environment.Job instance at 0x153faa599190>,0,27,[2 5],2,195,222,193,195
1,<environment.Job instance at 0x153fab2bee10>,1,16,[7 1],4,4,20,0,4
1,<environment.Job instance at 0x153faa843d20>,0,18,[10  1],1,1,19,0,1
1,<environment.Job instance at 0x153faa843f00>,1,18,[2 6],2,19,37,17,15
1,<environment.Job instance at 0x153faacf98c0>,4,3,[7 2],9,180,183,171,180
1,<environment.Job instance at 0x153faac95d70>,0,16,[2 7],1,1,17,0,1
1,<environment.Job instance at 0x153faac95a00>,3,19,[9 2],6,17,36,11,8
1,<environment.Job instance at 0x153faaf945a0>,5,2,[2 5],9,36,38,27,9
1,<environment.Job instance at 0x153fe5d932d0>,0,3,[1 6],3,3,6,0,3
1,<environment.Job instance at 0x153fe5d930a0>,1,19,[5 1],8,9,28,1,9
1,<environment.Job instance at 0x153fecfd7460>,0,17,[1 9],2,3,20,1,3
1,<environment.Job instance at 0x153fe5e1cf00>,0,22,[2 7],3,3,25,0,3
1,<environment.Job instance at 0x153fe404e280>,2,3,[2 5],7,25,28,18,7
1,<environment.Job instance at 0x153fe404ed70>,1,24,[2 8],3,62,86,59,62
1,<environment.Job instance at 0x153fe68ddd70>,2,2,[7 1],5,5,7,0,5
1,<environment.Job instance at 0x153fe68ddf50>,3,15,[2 6],6,6,21,0,6
1,<environment.Job instance at 0x153faa61d550>,5,16,[5 1],8,1211,1227,1203,1211
1,<environment.Job instance at 0x153fe693c190>,0,3,[2 8],2,2,5,0,2
1,<environment.Job instance at 0x153fe693cc30>,4,17,[10  1],6,6,23,0,6
1,<environment.Job instance at 0x153faaaf05f0>,2,13,[1 5],6,6,19,0,6
1,<environment.Job instance at 0x153faaaf0a50>,3,21,[10  2],9,19,40,10,11
1,<environment.Job instance at 0x153fe6befd20>,0,19,[2 5],1,1,20,0,1
1,<environment.Job instance at 0x153fab15d2d0>,4,25,[ 1 10],6,377,402,371,377
1,<environment.Job instance at 0x153fab15d2d0>,3,12,[1 5],5,5,17,0,5
1,<environment.Job instance at 0x153faab10370>,4,22,[9 1],6,6,28,0,6
1,<environment.Job instance at 0x153faa9e3dc0>,1,15,[9 2],2,2,17,0,2
1,<environment.Job instance at 0x153faafde500>,6,17,[1 5],8,16,33,8,16
1,<environment.Job instance at 0x153faafde910>,4,19,[2 8],6,841,860,835,841
1,<environment.Job instance at 0x153faaf8a960>,0,22,[10  1],1,1,23,0,1
1,<environment.Job instance at 0x153fe6912d20>,0,17,[9 2],1,1,18,0,1
1,<environment.Job instance at 0x153faa896a50>,0,28,[2 7],1,2048,2076,2047,2048
1,<environment.Job instance at 0x153feafdfcd0>,3,2,[8 2],4,1035,1037,1031,1035
1,<environment.Job instance at 0x153faaffdbe0>,0,14,[5 1],1,3,17,2,3
1,<environment.Job instance at 0x153faa842b90>,0,19,[1 6],2,3,22,1,3
1,<environment.Job instance at 0x153fe6c4fe10>,0,13,[8 1],3,3,16,0,3
1,<environment.Job instance at 0x153fe5ce99b0>,3,18,[1 6],8,9,27,1,9
1,<environment.Job instance at 0x153fe44cfa50>,2,21,[5 1],3,3,24,0,3
1,<environment.Job instance at 0x153fe406b870>,0,24,[5 1],1,1,25,0,1
1,<environment.Job instance at 0x153faa949140>,2,15,[1 7],3,3,18,0,3
1,<environment.Job instance at 0x153faa949640>,3,26,[7 2],4,4,30,0,4
1,<environment.Job instance at 0x153fe45b3af0>,1,16,[2 8],2,2,18,0,2
1,<environment.Job instance at 0x153fe45b3d70>,3,18,[ 2 10],4,18,36,14,7
1,<environment.Job instance at 0x153faa70a9b0>,7,18,[ 2 10],9,36,54,27,25
1,<environment.Job instance at 0x153feb9e9aa0>,0,12,[8 2],1,1,13,0,1
1,<environment.Job instance at 0x153faae199b0>,0,23,[1 6],2,3,26,1,3
1,<environment.Job instance at 0x153faae19b90>,2,19,[8 2],4,4,23,0,4
1,<environment.Job instance at 0x153fe6bc8dc0>,0,20,[2 5],2,2,22,0,2
1,<environment.Job instance at 0x153fe5ed39b0>,0,13,[1 6],1,1,14,0,1
1,<environment.Job instance at 0x153faa742d70>,3,23,[2 7],6,14,37,8,8
1,<environment.Job instance at 0x153faa883410>,1,17,[1 6],2,2,19,0,2
1,<environment.Job instance at 0x153fe5e4cb40>,0,3,[1 8],1,1,4,0,1
1,<environment.Job instance at 0x153faa883230>,1,13,[1 9],2,4,17,2,2
1,<environment.Job instance at 0x153fecb7d5f0>,5,14,[7 2],9,17,31,8,9
1,<environment.Job instance at 0x153fe5fe1410>,5,1,[9 2],6,9,10,3,9
1,<environment.Job instance at 0x153fe5fe1be0>,7,2,[5 2],8,10,12,2,9
1,<environment.Job instance at 0x153fe5eed370>,3,17,[10  2],4,4,21,0,4
1,<environment.Job instance at 0x153fe5eedc30>,2,3,[ 2 10],3,3,6,0,3
1,<environment.Job instance at 0x153fe688bfa0>,4,13,[1 8],6,6,19,0,6
1,<environment.Job instance at 0x153faabf47d0>,6,13,[1 9],8,19,32,11,8
1,<environment.Job instance at 0x153fab30e7d0>,4,1,[1 5],9,9,10,0,9
1,<environment.Job instance at 0x153faa9c03c0>,0,27,[9 1],1,1,28,0,1
1,<environment.Job instance at 0x153faa5c5640>,7,27,[1 9],9,12,39,3,12
1,<environment.Job instance at 0x153faabacd20>,5,23,[6 2],9,9,32,0,9
1,<environment.Job instance at 0x153fe42aa7d0>,0,19,[2 8],1,5,24,4,5
1,<environment.Job instance at 0x153febee9500>,0,21,[7 2],1,1,22,0,1
1,<environment.Job instance at 0x153fe006dc30>,5,13,[5 2],8,20,33,12,20
1,<environment.Job instance at 0x153fab15f2d0>,2,21,[ 2 10],5,41,62,36,41
