iteration,job object,job ID,job Length,job ressource requirement,job enter time,job start time,job finish time,job waiting time,current time
1,<environment.Job instance at 0x153fe5fc0550>,5,3,[9 2],6,6,9,0,6
1,<environment.Job instance at 0x153fe4051730>,0,2,[6 1],1,1,3,0,1
1,<environment.Job instance at 0x153fe4051b90>,3,25,[1 8],4,4,29,0,4
1,<environment.Job instance at 0x153fe4051140>,4,2,[8 1],7,28,30,21,28
1,<environment.Job instance at 0x153fe6982eb0>,3,13,[6 2],4,4,17,0,4
1,<environment.Job instance at 0x153fe69822d0>,7,2,[8 1],9,17,19,8,9
1,<environment.Job instance at 0x153fe4562050>,1,1,[2 7],3,3,4,0,3
1,<environment.Job instance at 0x153fe4562730>,2,2,[2 7],4,4,6,0,4
1,<environment.Job instance at 0x153fecfd7870>,3,2,[2 7],5,6,8,1,5
1,<environment.Job instance at 0x153fecfd7fa0>,5,15,[2 9],8,8,23,0,8
1,<environment.Job instance at 0x153fe5ddab90>,4,3,[1 8],6,6,9,0,6
1,<environment.Job instance at 0x153feda2b9b0>,5,3,[2 8],8,9,12,1,8
1,<environment.Job instance at 0x153fe5d8b550>,0,2,[6 1],1,1,3,0,1
1,<environment.Job instance at 0x153fe6c4bd20>,0,2,[9 1],1,1,3,0,1
1,<environment.Job instance at 0x153fe6c4bcd0>,2,16,[2 5],3,3,19,0,3
1,<environment.Job instance at 0x153fe6c4bf00>,3,1,[10  2],6,19,20,13,6
1,<environment.Job instance at 0x153fe6c4ba00>,5,15,[2 9],9,20,35,11,9
1,<environment.Job instance at 0x153feb9cfe10>,3,3,[9 2],5,5,8,0,5
1,<environment.Job instance at 0x153fe5da69b0>,1,27,[2 5],3,3,30,0,3
1,<environment.Job instance at 0x153fab34ec80>,1,12,[2 8],2,2,14,0,2
1,<environment.Job instance at 0x153fe44e0230>,2,1,[10  1],4,14,15,10,12
1,<environment.Job instance at 0x153faaaad730>,0,2,[1 9],3,3,5,0,3
1,<environment.Job instance at 0x153faaaad780>,1,1,[2 7],4,5,6,1,4
1,<environment.Job instance at 0x153faaca4f50>,3,1,[8 2],6,6,7,0,6
1,<environment.Job instance at 0x153faa99a550>,0,2,[1 8],1,1,3,0,1
1,<environment.Job instance at 0x153faaa49c30>,1,3,[5 1],5,5,8,0,5
1,<environment.Job instance at 0x153faaa492d0>,2,15,[1 7],7,7,22,0,7
1,<environment.Job instance at 0x153faaa49140>,3,3,[ 2 10],8,22,25,14,8
1,<environment.Job instance at 0x153fe68d84b0>,1,3,[5 2],4,8,11,4,8
1,<environment.Job instance at 0x153fe5e3a910>,0,2,[9 1],1,1,3,0,1
1,<environment.Job instance at 0x153faadf5780>,2,24,[ 1 10],3,3,27,0,3
1,<environment.Job instance at 0x153fab249140>,3,3,[8 1],4,4,7,0,4
1,<environment.Job instance at 0x153fab249eb0>,4,2,[2 5],5,5,7,0,5
1,<environment.Job instance at 0x153fab2490a0>,5,3,[6 1],6,7,10,1,6
1,<environment.Job instance at 0x153faab9c0a0>,2,17,[7 1],4,4,21,0,4
1,<environment.Job instance at 0x153fab255fa0>,2,12,[1 5],4,4,16,0,4
1,<environment.Job instance at 0x153fab275af0>,2,2,[10  2],3,3,5,0,3
1,<environment.Job instance at 0x153feba6b1e0>,1,21,[ 1 10],3,3,24,0,3
1,<environment.Job instance at 0x153feb0b9320>,3,2,[5 2],4,4,6,0,4
1,<environment.Job instance at 0x153faaffd820>,1,2,[6 2],2,4,6,2,4
1,<environment.Job instance at 0x153faa8f05f0>,4,3,[ 2 10],5,6,9,1,6
1,<environment.Job instance at 0x153faa8f0370>,6,3,[1 5],9,9,12,0,9
1,<environment.Job instance at 0x153faa8f0aa0>,1,1,[7 1],2,2,3,0,2
1,<environment.Job instance at 0x153fe680b870>,0,2,[5 2],1,1,3,0,1
1,<environment.Job instance at 0x153fab11be60>,1,2,[1 7],3,3,5,0,3
1,<environment.Job instance at 0x153fab0d35a0>,2,2,[5 2],4,4,6,0,4
1,<environment.Job instance at 0x153fab039050>,1,3,[2 9],7,7,10,0,7
1,<environment.Job instance at 0x153feb0359b0>,2,3,[1 9],4,4,7,0,4
1,<environment.Job instance at 0x153fe008e190>,6,26,[2 8],8,8,34,0,8
1,<environment.Job instance at 0x153fe68ebb90>,2,2,[7 1],5,19,21,14,19
1,<environment.Job instance at 0x153fe5ce7dc0>,1,1,[6 1],2,3,4,1,3
1,<environment.Job instance at 0x153fe5ce7140>,2,1,[10  1],3,4,5,1,3
1,<environment.Job instance at 0x153fe69a85f0>,1,1,[9 2],2,2,3,0,2
1,<environment.Job instance at 0x153faaaed460>,2,18,[ 1 10],3,3,21,0,3
1,<environment.Job instance at 0x153faaaed730>,4,25,[ 2 10],7,21,46,14,19
1,<environment.Job instance at 0x153fecf9de10>,1,3,[2 7],3,19,22,16,19
1,<environment.Job instance at 0x153fe5d8a960>,0,3,[6 1],1,1,4,0,1
1,<environment.Job instance at 0x153fe5d8a8c0>,1,2,[5 2],3,4,6,1,3
1,<environment.Job instance at 0x153fe5cddfa0>,1,15,[1 5],3,5,20,2,5
1,<environment.Job instance at 0x153faa783640>,1,15,[2 8],3,3,18,0,3
1,<environment.Job instance at 0x153faabd30a0>,2,16,[2 8],4,18,34,14,5
1,<environment.Job instance at 0x153feb032a00>,1,14,[2 9],3,3,17,0,3
1,<environment.Job instance at 0x153fab0e2960>,1,16,[2 6],2,2,18,0,2
1,<environment.Job instance at 0x153faaf95eb0>,0,2,[1 8],2,2,4,0,2
1,<environment.Job instance at 0x153fe00a2dc0>,1,2,[1 5],4,4,6,0,4
1,<environment.Job instance at 0x153fe00a2230>,1,3,[10  2],2,2,5,0,2
1,<environment.Job instance at 0x153fab212190>,0,2,[ 1 10],1,1,3,0,1
1,<environment.Job instance at 0x153fe9daf3c0>,1,1,[2 8],3,3,4,0,3
1,<environment.Job instance at 0x153fe9daf4b0>,2,3,[5 1],4,4,7,0,4
1,<environment.Job instance at 0x153fe4540dc0>,6,20,[2 9],9,9,29,0,9
1,<environment.Job instance at 0x153faae36050>,0,2,[1 7],1,1,3,0,1
1,<environment.Job instance at 0x153fab086910>,1,18,[1 9],3,3,21,0,3
1,<environment.Job instance at 0x153fab086460>,2,25,[2 9],4,21,46,17,17
1,<environment.Job instance at 0x153fab359d20>,1,2,[1 8],2,2,4,0,2
1,<environment.Job instance at 0x153fab359b40>,3,3,[1 8],5,5,8,0,5
1,<environment.Job instance at 0x153feb0fb140>,5,1,[6 2],7,7,8,0,7
1,<environment.Job instance at 0x153feb0fb8c0>,6,1,[5 1],8,8,9,0,8
1,<environment.Job instance at 0x153faaca86e0>,0,1,[2 6],1,1,2,0,1
1,<environment.Job instance at 0x153feb0fb0a0>,1,1,[2 8],3,3,4,0,3
1,<environment.Job instance at 0x153faaca8550>,2,1,[2 6],4,4,5,0,4
1,<environment.Job instance at 0x153fab2b32d0>,3,2,[2 6],4,4,6,0,4
1,<environment.Job instance at 0x153faa7bccd0>,2,12,[9 2],3,6,18,3,4
1,<environment.Job instance at 0x153faa7bc0f0>,7,16,[ 2 10],8,18,34,10,8
1,<environment.Job instance at 0x153feb044a50>,1,2,[7 2],3,3,5,0,3
1,<environment.Job instance at 0x153fe5ec8f50>,0,3,[7 1],1,1,4,0,1
1,<environment.Job instance at 0x153faacfb050>,3,16,[10  1],4,4,20,0,4
1,<environment.Job instance at 0x153fe403db40>,0,3,[10  1],2,2,5,0,2
1,<environment.Job instance at 0x153fe403dc80>,1,3,[6 1],4,5,8,1,4
1,<environment.Job instance at 0x153fe403df50>,3,2,[7 1],7,8,10,1,7
1,<environment.Job instance at 0x153faa7216e0>,2,3,[5 2],5,5,8,0,5
1,<environment.Job instance at 0x153fab2ad320>,3,1,[1 9],7,7,8,0,7
1,<environment.Job instance at 0x153fab2ad9b0>,4,3,[2 9],9,9,12,0,9
1,<environment.Job instance at 0x153faad11820>,2,2,[ 1 10],5,5,7,0,5
1,<environment.Job instance at 0x153faaaf9730>,4,3,[10  2],8,8,11,0,8
1,<environment.Job instance at 0x153faaaf9550>,1,1,[8 1],5,5,6,0,5
1,<environment.Job instance at 0x153faa7849b0>,3,1,[6 2],8,8,9,0,8
1,<environment.Job instance at 0x153fe5ef3c30>,0,3,[5 1],4,4,7,0,4
1,<environment.Job instance at 0x153fe5ef32d0>,2,2,[7 2],6,7,9,1,6
1,<environment.Job instance at 0x153fe5ef3730>,4,26,[10  1],8,10,36,2,10
1,<environment.Job instance at 0x153fe005d910>,1,21,[1 8],2,2,23,0,2
1,<environment.Job instance at 0x153fe9d7afa0>,0,3,[9 2],1,1,4,0,1
1,<environment.Job instance at 0x153fe6c526e0>,1,2,[2 9],3,4,6,1,3
1,<environment.Job instance at 0x153feb9dc5a0>,3,19,[5 1],9,9,28,0,9
1,<environment.Job instance at 0x153fecf8a230>,4,2,[7 1],6,6,8,0,6
1,<environment.Job instance at 0x153fecf8ab40>,5,3,[10  1],7,8,11,1,7
1,<environment.Job instance at 0x153fecf8a690>,6,3,[7 1],9,11,14,2,9
1,<environment.Job instance at 0x153faaea4320>,1,1,[8 1],2,2,3,0,2
1,<environment.Job instance at 0x153fecf8a500>,2,21,[1 9],4,4,25,0,4
1,<environment.Job instance at 0x153fe5f07f00>,0,2,[6 1],1,1,3,0,1
1,<environment.Job instance at 0x153faaea4c30>,2,3,[10  1],3,3,6,0,3
1,<environment.Job instance at 0x153fe5f074b0>,6,27,[10  1],7,7,34,0,7
1,<environment.Job instance at 0x153faa851af0>,0,3,[ 1 10],1,1,4,0,1
1,<environment.Job instance at 0x153faa7e0690>,1,23,[1 9],2,2,25,0,2
1,<environment.Job instance at 0x153faa848c80>,5,12,[2 6],8,25,37,17,10
1,<environment.Job instance at 0x153feb0610f0>,3,16,[1 6],6,6,22,0,6
1,<environment.Job instance at 0x153fe40374b0>,4,2,[10  2],8,22,24,14,8
1,<environment.Job instance at 0x153fe0063690>,0,3,[5 1],1,1,4,0,1
1,<environment.Job instance at 0x153fe5ed90f0>,1,1,[10  2],3,4,5,1,3
1,<environment.Job instance at 0x153feb32df50>,2,2,[7 2],4,5,7,1,4
1,<environment.Job instance at 0x153fe5ed9c30>,4,3,[1 5],6,6,9,0,6
1,<environment.Job instance at 0x153fe406a640>,5,12,[2 9],8,9,21,1,8
1,<environment.Job instance at 0x153fe6865dc0>,0,2,[1 8],1,1,3,0,1
1,<environment.Job instance at 0x153fe5f115a0>,1,12,[ 1 10],3,3,15,0,3
1,<environment.Job instance at 0x153fe5dad870>,1,3,[7 1],2,2,5,0,2
1,<environment.Job instance at 0x153fe5dad820>,2,14,[8 2],3,5,19,2,4
1,<environment.Job instance at 0x153fe6c4b0a0>,6,2,[2 8],9,9,11,0,9
1,<environment.Job instance at 0x153fe5dad0f0>,4,25,[9 1],6,6,31,0,6
1,<environment.Job instance at 0x153faaa2c4b0>,5,1,[10  2],8,31,32,23,16
1,<environment.Job instance at 0x153fe458ce60>,1,27,[5 2],3,3,30,0,3
1,<environment.Job instance at 0x153fe458ca50>,4,16,[6 2],9,30,46,21,30
1,<environment.Job instance at 0x153fe5ecfaa0>,0,1,[6 2],1,1,2,0,1
1,<environment.Job instance at 0x153fe5ecfb40>,3,17,[2 5],4,4,21,0,4
1,<environment.Job instance at 0x153fe5ec9b90>,4,2,[10  2],5,21,23,16,21
1,<environment.Job instance at 0x153faae18960>,1,1,[6 2],4,4,5,0,4
1,<environment.Job instance at 0x153fe504d640>,4,3,[2 6],8,8,11,0,8
1,<environment.Job instance at 0x153fe504d960>,5,2,[9 1],9,11,13,2,9
1,<environment.Job instance at 0x153fed9c5050>,1,2,[7 2],2,2,4,0,2
1,<environment.Job instance at 0x153fed9c5140>,2,2,[9 2],3,4,6,1,3
1,<environment.Job instance at 0x153faa827a50>,3,3,[5 1],4,6,9,2,4
1,<environment.Job instance at 0x153faad8f3c0>,1,13,[5 1],2,2,15,0,2
1,<environment.Job instance at 0x153fe9d98dc0>,2,14,[2 9],3,3,17,0,3
1,<environment.Job instance at 0x153fe9d98be0>,5,3,[6 1],6,31,34,25,31
1,<environment.Job instance at 0x153faae550f0>,1,2,[1 9],3,3,5,0,3
1,<environment.Job instance at 0x153faae55dc0>,4,2,[1 6],6,6,8,0,6
1,<environment.Job instance at 0x153fe6c29780>,2,3,[1 7],5,5,8,0,5
1,<environment.Job instance at 0x153faae55050>,3,3,[ 1 10],6,8,11,2,6
1,<environment.Job instance at 0x153fecfd7fa0>,0,1,[10  1],1,1,2,0,1
1,<environment.Job instance at 0x153fecfd7280>,1,2,[2 5],2,2,4,0,2
1,<environment.Job instance at 0x153fecfd7eb0>,3,13,[2 9],4,4,17,0,4
1,<environment.Job instance at 0x153fe5d74aa0>,7,1,[10  2],8,17,18,9,8
1,<environment.Job instance at 0x153fe5d740a0>,1,2,[5 2],2,2,4,0,2
1,<environment.Job instance at 0x153fe5d8fc80>,2,21,[2 9],5,5,26,0,5
1,<environment.Job instance at 0x153fab2abc80>,2,17,[1 7],4,4,21,0,4
1,<environment.Job instance at 0x153faa663370>,2,27,[5 1],4,4,31,0,4
1,<environment.Job instance at 0x153fab1e3e60>,0,3,[10  1],1,1,4,0,1
1,<environment.Job instance at 0x153fab1e37d0>,1,28,[1 7],4,4,32,0,4
1,<environment.Job instance at 0x153faab8f410>,2,13,[7 2],4,4,17,0,4
1,<environment.Job instance at 0x153fe693af00>,5,15,[2 5],9,32,47,23,32
1,<environment.Job instance at 0x153fe693a5a0>,1,13,[2 6],2,2,15,0,2
1,<environment.Job instance at 0x153fe693a4b0>,0,3,[9 2],2,2,5,0,2
1,<environment.Job instance at 0x153fe69986e0>,1,3,[6 2],3,3,6,0,3
1,<environment.Job instance at 0x153fe6998f00>,2,2,[1 7],4,4,6,0,4
1,<environment.Job instance at 0x153fe6983d70>,4,3,[2 9],8,8,11,0,8
1,<environment.Job instance at 0x153fe6983e10>,5,17,[5 2],9,11,28,2,9
1,<environment.Job instance at 0x153fe6998e60>,1,2,[2 6],2,2,4,0,2
1,<environment.Job instance at 0x153fe69985f0>,2,2,[2 8],3,4,6,1,3
1,<environment.Job instance at 0x153faad418c0>,4,26,[1 7],5,6,32,1,5
1,<environment.Job instance at 0x153faa8c30a0>,5,13,[8 1],6,71,84,65,71
1,<environment.Job instance at 0x153fe6c260f0>,3,12,[6 2],5,5,17,0,5
1,<environment.Job instance at 0x153faa8fca50>,0,2,[2 5],1,1,3,0,1
1,<environment.Job instance at 0x153fab3167d0>,1,16,[2 9],4,4,20,0,4
1,<environment.Job instance at 0x153fe6843730>,4,14,[ 1 10],9,20,34,11,9
1,<environment.Job instance at 0x153fe5c7d550>,2,13,[6 2],4,4,17,0,4
1,<environment.Job instance at 0x153fe5c7d6e0>,3,17,[ 2 10],5,17,34,12,5
1,<environment.Job instance at 0x153faaec9af0>,7,14,[1 6],9,34,48,25,19
1,<environment.Job instance at 0x153faaebd3c0>,0,2,[1 7],2,2,4,0,2
1,<environment.Job instance at 0x153faaebd410>,4,26,[2 8],6,6,32,0,6
1,<environment.Job instance at 0x153feb02f190>,3,2,[1 9],5,5,7,0,5
1,<environment.Job instance at 0x153faaf12f50>,0,1,[6 2],1,1,2,0,1
1,<environment.Job instance at 0x153faa87f5a0>,4,24,[2 7],5,5,29,0,5
1,<environment.Job instance at 0x153faaf12eb0>,7,2,[1 7],8,40,42,32,40
1,<environment.Job instance at 0x153faaf12f00>,1,2,[5 2],4,4,6,0,4
1,<environment.Job instance at 0x153faac9f780>,5,3,[1 7],8,8,11,0,8
1,<environment.Job instance at 0x153faac9f7d0>,6,3,[5 2],9,60,63,51,60
1,<environment.Job instance at 0x153fe4515460>,0,2,[10  2],1,1,3,0,1
1,<environment.Job instance at 0x153fe45867d0>,0,3,[8 2],2,2,5,0,2
1,<environment.Job instance at 0x153fe6cc3b90>,2,3,[2 8],4,4,7,0,4
1,<environment.Job instance at 0x153fe6cc3b40>,3,2,[7 1],5,5,7,0,5
1,<environment.Job instance at 0x153faaf7a230>,2,2,[5 1],4,4,6,0,4
1,<environment.Job instance at 0x153feaffdaa0>,4,1,[7 1],5,5,6,0,5
1,<environment.Job instance at 0x153feaffd730>,5,2,[1 8],6,6,8,0,6
1,<environment.Job instance at 0x153feaffd690>,6,16,[9 1],7,7,23,0,7
1,<environment.Job instance at 0x153faabd9dc0>,8,1,[8 1],9,1176,1177,1167,1176
1,<environment.Job instance at 0x153fe695b500>,0,3,[10  2],1,1,4,0,1
1,<environment.Job instance at 0x153faaa77820>,4,1,[2 9],8,8,9,0,8
1,<environment.Job instance at 0x153faaa77f50>,5,3,[1 9],9,9,12,0,9
1,<environment.Job instance at 0x153fe6846d20>,4,2,[1 8],8,8,10,0,8
1,<environment.Job instance at 0x153fab2a80a0>,0,2,[8 1],1,1,3,0,1
1,<environment.Job instance at 0x153fe4575dc0>,5,2,[2 9],6,23,25,17,23
1,<environment.Job instance at 0x153faa8084b0>,1,19,[2 8],5,5,24,0,5
1,<environment.Job instance at 0x153fab042d20>,0,1,[1 5],1,1,2,0,1
1,<environment.Job instance at 0x153fab0422d0>,1,2,[9 1],2,2,4,0,2
1,<environment.Job instance at 0x153fab042d70>,2,3,[9 2],3,4,7,1,3
1,<environment.Job instance at 0x153fe4070780>,6,1,[2 7],8,8,9,0,8
1,<environment.Job instance at 0x153fe40700f0>,7,26,[ 1 10],9,9,35,0,9
1,<environment.Job instance at 0x153feba77780>,0,2,[1 7],1,1,3,0,1
1,<environment.Job instance at 0x153faa95d280>,0,3,[2 9],1,1,4,0,1
1,<environment.Job instance at 0x153fe5d957d0>,3,1,[1 6],4,4,5,0,4
1,<environment.Job instance at 0x153fe45305f0>,4,3,[2 6],5,5,8,0,5
1,<environment.Job instance at 0x153fe4530870>,5,3,[1 9],6,8,11,2,6
1,<environment.Job instance at 0x153faa95d870>,6,3,[6 1],7,7,10,0,7
1,<environment.Job instance at 0x153fe6948640>,4,26,[1 8],7,7,33,0,7
1,<environment.Job instance at 0x153fe69485f0>,5,14,[9 1],8,8,22,0,8
1,<environment.Job instance at 0x153fe695a3c0>,1,28,[1 7],2,2,30,0,2
1,<environment.Job instance at 0x153fe4533870>,3,3,[5 2],6,6,9,0,6
1,<environment.Job instance at 0x153fe42a4f50>,5,3,[2 7],8,45,48,37,45
1,<environment.Job instance at 0x153fe5d8a730>,1,2,[2 9],2,2,4,0,2
1,<environment.Job instance at 0x153fe5d8a960>,3,15,[1 7],4,4,19,0,4
1,<environment.Job instance at 0x153feba77b40>,0,3,[10  1],2,2,5,0,2
1,<environment.Job instance at 0x153fe5ce7e10>,2,12,[2 5],4,5,17,1,5
1,<environment.Job instance at 0x153faaa84b90>,1,3,[8 2],3,3,6,0,3
1,<environment.Job instance at 0x153faaa847d0>,2,1,[1 8],4,4,5,0,4
1,<environment.Job instance at 0x153faaa84be0>,3,2,[7 2],5,6,8,1,5
1,<environment.Job instance at 0x153faaa84d70>,4,3,[9 1],6,8,11,2,6
1,<environment.Job instance at 0x153faaa84aa0>,6,2,[2 5],8,1579,1581,1571,1579
1,<environment.Job instance at 0x153fe5f5bc80>,0,3,[6 2],1,1,4,0,1
1,<environment.Job instance at 0x153fe5f5bcd0>,2,23,[2 6],3,3,26,0,3
1,<environment.Job instance at 0x153fe7ef4690>,3,1,[1 5],5,35,36,30,35
1,<environment.Job instance at 0x153feb00e1e0>,1,1,[1 6],3,3,4,0,3
1,<environment.Job instance at 0x153feb00e230>,3,2,[6 2],6,6,8,0,6
1,<environment.Job instance at 0x153feba0fc30>,0,1,[10  1],1,1,2,0,1
1,<environment.Job instance at 0x153feba0fe60>,1,3,[10  1],2,2,5,0,2
1,<environment.Job instance at 0x153fecfab3c0>,6,23,[2 6],7,7,30,0,7
1,<environment.Job instance at 0x153faa6cec80>,0,1,[7 1],1,1,2,0,1
1,<environment.Job instance at 0x153faae55780>,3,3,[2 6],5,24,27,19,24
1,<environment.Job instance at 0x153faa6ce550>,0,3,[10  2],3,3,6,0,3
1,<environment.Job instance at 0x153fe5d50d20>,1,1,[2 7],4,6,7,2,4
1,<environment.Job instance at 0x153fe5025500>,0,2,[1 5],2,2,4,0,2
1,<environment.Job instance at 0x153fe68855f0>,4,1,[8 2],6,6,7,0,6
1,<environment.Job instance at 0x153fecfda370>,5,2,[2 6],7,7,9,0,7
1,<environment.Job instance at 0x153fecfda9b0>,1,2,[6 1],2,2,4,0,2
1,<environment.Job instance at 0x153faa6fc2d0>,4,2,[7 1],6,6,8,0,6
1,<environment.Job instance at 0x153faa6fc2d0>,2,2,[9 2],4,4,6,0,4
1,<environment.Job instance at 0x153faaec7460>,3,3,[2 7],5,6,9,1,5
1,<environment.Job instance at 0x153faab59f00>,5,22,[2 9],9,9,31,0,9
1,<environment.Job instance at 0x153faa6cab40>,2,13,[1 5],7,7,20,0,7
1,<environment.Job instance at 0x153fab238dc0>,0,1,[10  2],1,1,2,0,1
1,<environment.Job instance at 0x153fe452feb0>,4,19,[9 1],6,6,25,0,6
1,<environment.Job instance at 0x153fe452f410>,2,3,[8 1],3,3,6,0,3
1,<environment.Job instance at 0x153fab232e10>,3,2,[6 2],4,6,8,2,4
1,<environment.Job instance at 0x153fab232190>,4,3,[9 2],5,8,11,3,5
1,<environment.Job instance at 0x153fab2329b0>,0,2,[1 6],2,2,4,0,2
1,<environment.Job instance at 0x153faab0e140>,1,12,[2 9],3,3,15,0,3
1,<environment.Job instance at 0x153fe5d63a50>,0,2,[6 1],2,2,4,0,2
1,<environment.Job instance at 0x153faaab40f0>,2,1,[8 1],5,56,57,51,56
1,<environment.Job instance at 0x153faae1d960>,4,23,[2 5],9,9,32,0,9
1,<environment.Job instance at 0x153faa749730>,0,1,[1 5],1,1,2,0,1
1,<environment.Job instance at 0x153faa749f00>,2,3,[5 1],3,3,6,0,3
1,<environment.Job instance at 0x153faaffeb90>,4,3,[10  2],6,6,9,0,6
1,<environment.Job instance at 0x153faa749a00>,5,17,[9 2],8,9,26,1,8
1,<environment.Job instance at 0x153fe458a5f0>,1,1,[8 1],5,5,6,0,5
1,<environment.Job instance at 0x153fe458a690>,3,1,[1 8],7,7,8,0,7
1,<environment.Job instance at 0x153fecfd1690>,4,12,[7 2],8,8,20,0,8
1,<environment.Job instance at 0x153fe5e87cd0>,0,2,[10  2],1,1,3,0,1
1,<environment.Job instance at 0x153faa64e190>,3,2,[1 9],5,5,7,0,5
1,<environment.Job instance at 0x153faa64ee10>,5,3,[1 8],9,9,12,0,9
1,<environment.Job instance at 0x153feafdf0a0>,1,3,[1 7],2,3,6,1,3
1,<environment.Job instance at 0x153faaf64230>,4,17,[8 1],5,5,22,0,5
1,<environment.Job instance at 0x153fe007a370>,0,3,[6 1],1,1,4,0,1
1,<environment.Job instance at 0x153fab071550>,1,15,[9 1],2,2,17,0,2
1,<environment.Job instance at 0x153faabac550>,0,3,[8 2],1,1,4,0,1
1,<environment.Job instance at 0x153faa630230>,1,15,[10  1],2,2,17,0,2
1,<environment.Job instance at 0x153faabac050>,2,21,[1 8],4,17,38,13,9
1,<environment.Job instance at 0x153feba05c30>,6,2,[2 5],8,38,40,30,36
1,<environment.Job instance at 0x153feba05cd0>,7,13,[2 7],9,40,53,31,36
1,<environment.Job instance at 0x153feb0d5640>,3,23,[2 5],5,5,28,0,5
1,<environment.Job instance at 0x153fe4508b90>,4,1,[6 1],6,6,7,0,6
1,<environment.Job instance at 0x153fe4508190>,6,16,[2 9],8,28,44,20,15
1,<environment.Job instance at 0x153fe9d7eaf0>,1,2,[6 2],3,3,5,0,3
1,<environment.Job instance at 0x153fe6c4e780>,3,2,[9 1],6,6,8,0,6
1,<environment.Job instance at 0x153fe5ebe410>,5,3,[10  2],8,8,11,0,8
1,<environment.Job instance at 0x153fe5ebe5f0>,1,3,[10  1],2,2,5,0,2
1,<environment.Job instance at 0x153feba1e0f0>,2,3,[6 2],3,5,8,2,3
1,<environment.Job instance at 0x153fab0ece10>,0,2,[7 2],1,1,3,0,1
1,<environment.Job instance at 0x153feba1e960>,2,2,[10  1],3,3,5,0,3
1,<environment.Job instance at 0x153fab225230>,0,1,[ 1 10],3,3,4,0,3
1,<environment.Job instance at 0x153fab225280>,1,1,[5 2],4,4,5,0,4
1,<environment.Job instance at 0x153fe47f6460>,1,3,[10  2],4,4,7,0,4
1,<environment.Job instance at 0x153fe4539aa0>,1,1,[8 1],2,2,3,0,2
1,<environment.Job instance at 0x153fe458ce10>,2,19,[9 2],3,3,22,0,3
1,<environment.Job instance at 0x153fe4539690>,3,1,[1 9],4,26,27,22,26
1,<environment.Job instance at 0x153fab30ea00>,0,2,[7 2],1,1,3,0,1
1,<environment.Job instance at 0x153fab30ea50>,1,1,[1 7],3,3,4,0,3
1,<environment.Job instance at 0x153fe7f1b910>,1,1,[10  2],3,3,4,0,3
1,<environment.Job instance at 0x153fe5fb35f0>,2,2,[7 1],4,4,6,0,4
1,<environment.Job instance at 0x153fe7f1beb0>,3,2,[10  1],5,6,8,1,5
1,<environment.Job instance at 0x153fe4516500>,2,2,[5 1],4,92,94,88,92
1,<environment.Job instance at 0x153fe4508a00>,1,3,[9 1],2,2,5,0,2
1,<environment.Job instance at 0x153faaa4efa0>,1,2,[6 2],2,2,4,0,2
1,<environment.Job instance at 0x153faaa4cc80>,2,2,[1 7],4,4,6,0,4
1,<environment.Job instance at 0x153faaa4ee60>,3,2,[2 6],5,6,8,1,5
1,<environment.Job instance at 0x153faaa4c3c0>,4,3,[6 1],7,7,10,0,7
1,<environment.Job instance at 0x153fe6c4fc30>,0,3,[6 1],1,1,4,0,1
1,<environment.Job instance at 0x153feb0adaf0>,4,15,[ 2 10],6,6,21,0,6
1,<environment.Job instance at 0x153feb0ab4b0>,1,2,[5 2],2,2,4,0,2
1,<environment.Job instance at 0x153feb0ab500>,2,12,[ 1 10],3,6,18,3,6
1,<environment.Job instance at 0x153faa9ebaa0>,1,3,[9 2],5,5,8,0,5
1,<environment.Job instance at 0x153faa6d7d70>,2,1,[1 7],6,6,7,0,6
1,<environment.Job instance at 0x153faa6d7e60>,4,3,[8 2],9,9,12,0,9
1,<environment.Job instance at 0x153fab125230>,1,3,[7 2],3,3,6,0,3
1,<environment.Job instance at 0x153faabaa460>,3,13,[1 8],6,6,19,0,6
1,<environment.Job instance at 0x153feb9ea5f0>,4,18,[2 8],7,19,37,12,8
1,<environment.Job instance at 0x153febeefd70>,1,12,[1 8],3,3,15,0,3
1,<environment.Job instance at 0x153febeefd20>,6,3,[10  1],9,37,40,28,37
1,<environment.Job instance at 0x153feb9eaeb0>,4,2,[1 6],6,40,42,34,37
1,<environment.Job instance at 0x153fe5df9aa0>,3,2,[6 1],6,6,8,0,6
1,<environment.Job instance at 0x153fe5df9190>,5,1,[ 1 10],9,9,10,0,9
1,<environment.Job instance at 0x153fe5dba730>,3,1,[10  1],6,6,7,0,6
1,<environment.Job instance at 0x153fe5dba2d0>,4,3,[8 1],7,7,10,0,7
1,<environment.Job instance at 0x153fe5dbaa50>,5,2,[8 1],8,10,12,2,8
1,<environment.Job instance at 0x153faac7b280>,0,1,[6 1],1,1,2,0,1
1,<environment.Job instance at 0x153fe5dba5a0>,1,3,[6 2],2,2,5,0,2
1,<environment.Job instance at 0x153fed39a870>,2,3,[6 1],3,5,8,2,3
1,<environment.Job instance at 0x153fe6954730>,0,3,[8 2],2,2,5,0,2
1,<environment.Job instance at 0x153fe5d4fcd0>,5,14,[2 8],8,8,22,0,8
1,<environment.Job instance at 0x153fed013d70>,5,16,[2 7],8,8,24,0,8
1,<environment.Job instance at 0x153fe6c1e5f0>,6,16,[1 6],9,9,25,0,9
1,<environment.Job instance at 0x153fecfd7370>,1,28,[1 7],4,4,32,0,4
1,<environment.Job instance at 0x153fe47c85f0>,0,3,[9 2],1,1,4,0,1
1,<environment.Job instance at 0x153feb9d8e60>,2,2,[6 2],3,4,6,1,3
1,<environment.Job instance at 0x153faac46d20>,3,1,[1 5],5,5,6,0,5
1,<environment.Job instance at 0x153fe5f3e730>,4,2,[5 2],6,6,8,0,6
1,<environment.Job instance at 0x153fe5f3ea00>,5,2,[8 1],7,8,10,1,7
1,<environment.Job instance at 0x153fe5f3eaf0>,6,2,[8 1],8,10,12,2,8
1,<environment.Job instance at 0x153fe5df9320>,0,3,[5 2],1,1,4,0,1
1,<environment.Job instance at 0x153fab3a7280>,0,2,[2 5],2,2,4,0,2
1,<environment.Job instance at 0x153faacae140>,4,15,[9 1],7,7,22,0,7
1,<environment.Job instance at 0x153fe5f43f00>,0,2,[6 2],1,1,3,0,1
1,<environment.Job instance at 0x153feb9b7730>,1,2,[2 9],3,3,5,0,3
1,<environment.Job instance at 0x153faade45a0>,4,2,[ 1 10],6,185,187,179,185
1,<environment.Job instance at 0x153fe9d9fe10>,0,1,[1 5],1,1,2,0,1
1,<environment.Job instance at 0x153fe9d7e550>,3,2,[10  1],5,10,12,5,10
1,<environment.Job instance at 0x153fecf98c80>,0,2,[7 2],2,2,4,0,2
1,<environment.Job instance at 0x153faaec7e10>,4,2,[9 1],6,6,8,0,6
1,<environment.Job instance at 0x153faafc5d70>,5,19,[2 8],7,8,27,1,7
1,<environment.Job instance at 0x153fe5fafd20>,4,18,[1 7],6,6,24,0,6
1,<environment.Job instance at 0x153fe5faf370>,5,16,[9 2],7,54,70,47,54
1,<environment.Job instance at 0x153fe5ec78c0>,1,1,[10  1],4,4,5,0,4
1,<environment.Job instance at 0x153fab24a140>,5,3,[6 2],8,8,11,0,8
1,<environment.Job instance at 0x153fab2146e0>,1,2,[5 1],3,3,5,0,3
1,<environment.Job instance at 0x153fab2147d0>,3,13,[2 8],7,7,20,0,7
1,<environment.Job instance at 0x153faa8f8d20>,1,18,[7 2],3,3,21,0,3
1,<environment.Job instance at 0x153faa8f8a50>,3,2,[9 1],5,27,29,22,27
1,<environment.Job instance at 0x153faad1a460>,1,20,[1 7],2,2,22,0,2
1,<environment.Job instance at 0x153faa8f8dc0>,3,3,[5 2],5,5,8,0,5
1,<environment.Job instance at 0x153faae198c0>,3,13,[8 1],8,8,21,0,8
1,<environment.Job instance at 0x153faae19550>,4,2,[10  1],9,39,41,30,39
1,<environment.Job instance at 0x153fe5e50190>,0,3,[10  2],3,3,6,0,3
1,<environment.Job instance at 0x153febad35a0>,2,2,[9 2],6,6,8,0,6
1,<environment.Job instance at 0x153fe5d3a140>,0,2,[ 1 10],3,3,5,0,3
1,<environment.Job instance at 0x153faae29e60>,4,1,[8 2],8,8,9,0,8
1,<environment.Job instance at 0x153faa837410>,4,17,[2 7],7,7,24,0,7
1,<environment.Job instance at 0x153faa837460>,6,2,[1 7],9,896,898,887,896
1,<environment.Job instance at 0x153faa7f5d70>,1,1,[8 1],2,2,3,0,2
1,<environment.Job instance at 0x153faacc1230>,0,3,[10  2],1,1,4,0,1
1,<environment.Job instance at 0x153faa93b460>,3,2,[9 1],6,6,8,0,6
1,<environment.Job instance at 0x153faacc1870>,4,18,[2 8],7,8,26,1,7
1,<environment.Job instance at 0x153fab00ab90>,1,3,[5 2],6,6,9,0,6
1,<environment.Job instance at 0x153feb32ddc0>,0,2,[1 7],2,2,4,0,2
1,<environment.Job instance at 0x153faad575f0>,2,16,[5 2],4,4,20,0,4
1,<environment.Job instance at 0x153fe5e17a00>,3,13,[8 2],5,6,19,1,6
1,<environment.Job instance at 0x153fe6c60820>,0,2,[8 2],1,1,3,0,1
1,<environment.Job instance at 0x153fe5e00dc0>,1,1,[ 2 10],3,3,4,0,3
1,<environment.Job instance at 0x153faad36be0>,2,16,[5 1],6,6,22,0,6
1,<environment.Job instance at 0x153faad36e60>,1,1,[6 2],2,2,3,0,2
1,<environment.Job instance at 0x153faa8e4460>,4,3,[9 2],6,6,9,0,6
1,<environment.Job instance at 0x153faa8e4640>,5,25,[1 7],7,7,32,0,7
1,<environment.Job instance at 0x153fed399c80>,2,22,[2 6],4,4,26,0,4
1,<environment.Job instance at 0x153fed3995f0>,3,1,[ 1 10],6,36,37,30,36
1,<environment.Job instance at 0x153fe44e3a50>,1,3,[8 1],2,2,5,0,2
1,<environment.Job instance at 0x153fe44e3910>,2,2,[8 1],3,5,7,2,3
1,<environment.Job instance at 0x153fe5efe370>,4,3,[1 9],7,7,10,0,7
1,<environment.Job instance at 0x153fe44e34b0>,5,1,[9 1],8,8,9,0,8
1,<environment.Job instance at 0x153fe44e3820>,6,3,[1 7],9,10,13,1,9
1,<environment.Job instance at 0x153fab15c5f0>,1,3,[5 1],3,3,6,0,3
1,<environment.Job instance at 0x153fab15ca00>,2,3,[9 2],4,6,9,2,4
1,<environment.Job instance at 0x153faa7ec910>,4,24,[ 1 10],6,9,33,3,6
1,<environment.Job instance at 0x153feb061820>,1,13,[1 6],2,2,15,0,2
1,<environment.Job instance at 0x153fe5ddde60>,4,17,[2 5],7,7,24,0,7
1,<environment.Job instance at 0x153fe5ddd870>,5,14,[1 6],8,330,344,322,330
1,<environment.Job instance at 0x153fe68bbeb0>,4,16,[6 1],9,58,74,49,58
1,<environment.Job instance at 0x153faaba6e10>,1,1,[1 6],2,2,3,0,2
1,<environment.Job instance at 0x153faa9a9190>,2,1,[ 1 10],7,7,8,0,7
1,<environment.Job instance at 0x153faab951e0>,1,3,[2 9],2,2,5,0,2
1,<environment.Job instance at 0x153fe009ab90>,1,14,[2 9],3,3,17,0,3
1,<environment.Job instance at 0x153fed1610a0>,1,13,[7 2],3,3,16,0,3
1,<environment.Job instance at 0x153fe5d44b40>,3,3,[1 6],6,6,9,0,6
1,<environment.Job instance at 0x153faaea5c30>,1,3,[2 9],6,6,9,0,6
1,<environment.Job instance at 0x153faaea5140>,2,1,[8 2],8,9,10,1,8
1,<environment.Job instance at 0x153faa8ec5a0>,1,3,[7 2],5,5,8,0,5
1,<environment.Job instance at 0x153faa8ecb40>,2,3,[9 2],7,8,11,1,7
1,<environment.Job instance at 0x153faa8ecb40>,3,17,[1 6],4,4,21,0,4
1,<environment.Job instance at 0x153feb0d1370>,5,2,[ 1 10],7,21,23,14,7
1,<environment.Job instance at 0x153feb339e60>,0,2,[2 6],1,1,3,0,1
1,<environment.Job instance at 0x153fe5e656e0>,2,23,[2 9],5,5,28,0,5
1,<environment.Job instance at 0x153fe5e65b40>,3,1,[2 6],6,28,29,22,28
1,<environment.Job instance at 0x153feb0a94b0>,1,2,[7 2],3,3,5,0,3
1,<environment.Job instance at 0x153feba79640>,0,1,[1 5],1,1,2,0,1
1,<environment.Job instance at 0x153feb1065a0>,3,21,[2 6],5,5,26,0,5
1,<environment.Job instance at 0x153feb1066e0>,4,15,[5 2],6,6,21,0,6
1,<environment.Job instance at 0x153feb106910>,5,13,[6 2],7,21,34,14,7
1,<environment.Job instance at 0x153feb9ec3c0>,1,2,[9 1],2,2,4,0,2
1,<environment.Job instance at 0x153feb9ecb90>,3,3,[8 2],5,5,8,0,5
1,<environment.Job instance at 0x153feb0d15a0>,5,23,[1 9],7,8,31,1,7
1,<environment.Job instance at 0x153feb0d1230>,6,23,[1 8],8,31,54,23,25
1,<environment.Job instance at 0x153feb0d1230>,2,16,[2 9],5,5,21,0,5
1,<environment.Job instance at 0x153faa8b9780>,0,3,[6 1],3,3,6,0,3
1,<environment.Job instance at 0x153fe5050aa0>,0,3,[2 8],1,1,4,0,1
1,<environment.Job instance at 0x153fab153730>,2,2,[5 1],3,3,5,0,3
1,<environment.Job instance at 0x153fe5050640>,1,2,[7 1],2,8,10,6,8
1,<environment.Job instance at 0x153faadca870>,0,2,[2 7],1,1,3,0,1
1,<environment.Job instance at 0x153faadca230>,1,3,[8 1],2,2,5,0,2
1,<environment.Job instance at 0x153faadca910>,3,3,[8 2],6,6,9,0,6
1,<environment.Job instance at 0x153faab24410>,4,2,[8 1],8,9,11,1,8
1,<environment.Job instance at 0x153faab24370>,5,3,[2 7],9,9,12,0,9
1,<environment.Job instance at 0x153faa8c0730>,0,1,[8 1],4,4,5,0,4
1,<environment.Job instance at 0x153fe6ca6be0>,2,12,[ 1 10],6,6,18,0,6
1,<environment.Job instance at 0x153feb0ab6e0>,0,3,[7 1],1,1,4,0,1
1,<environment.Job instance at 0x153fe47efd20>,1,2,[2 8],3,3,5,0,3
1,<environment.Job instance at 0x153feb0ab050>,6,17,[1 8],9,9,26,0,9
1,<environment.Job instance at 0x153feb314320>,3,1,[2 9],5,5,6,0,5
1,<environment.Job instance at 0x153faa5d6370>,1,1,[7 2],3,6,7,3,6
1,<environment.Job instance at 0x153faae1ee60>,2,2,[6 2],6,6,8,0,6
1,<environment.Job instance at 0x153faae1e820>,4,26,[ 2 10],8,8,34,0,8
1,<environment.Job instance at 0x153faaa8d410>,0,3,[6 2],2,2,5,0,2
1,<environment.Job instance at 0x153fe6c82f00>,5,3,[7 1],7,7,10,0,7
1,<environment.Job instance at 0x153fe6c82640>,6,1,[6 1],9,10,11,1,9
1,<environment.Job instance at 0x153fe429d5a0>,0,3,[ 2 10],1,1,4,0,1
1,<environment.Job instance at 0x153fe429de10>,2,21,[6 2],5,5,26,0,5
1,<environment.Job instance at 0x153fab2ad410>,3,2,[6 2],4,4,6,0,4
1,<environment.Job instance at 0x153fe691d320>,4,2,[1 8],5,5,7,0,5
1,<environment.Job instance at 0x153fe691d500>,6,1,[9 1],7,7,8,0,7
1,<environment.Job instance at 0x153faacaa410>,1,3,[6 2],3,3,6,0,3
1,<environment.Job instance at 0x153fe44e8370>,3,3,[8 2],4,4,7,0,4
1,<environment.Job instance at 0x153fe6c44c80>,5,2,[9 2],6,7,9,1,7
1,<environment.Job instance at 0x153fe6c442d0>,7,1,[1 6],8,8,9,0,8
1,<environment.Job instance at 0x153fab214640>,2,1,[2 7],3,269,270,266,269
1,<environment.Job instance at 0x153fecfdd5a0>,2,12,[10  1],5,5,17,0,5
1,<environment.Job instance at 0x153faa9ff4b0>,1,16,[8 1],2,2,18,0,2
1,<environment.Job instance at 0x153fab3a90a0>,0,2,[6 2],1,1,3,0,1
1,<environment.Job instance at 0x153fab3a9140>,2,15,[ 2 10],3,3,18,0,3
1,<environment.Job instance at 0x153faad3faf0>,0,3,[6 2],1,1,4,0,1
1,<environment.Job instance at 0x153faadc71e0>,1,3,[7 1],3,3,6,0,3
1,<environment.Job instance at 0x153faadc7960>,2,3,[1 5],4,4,7,0,4
1,<environment.Job instance at 0x153fe68c7870>,5,3,[10  2],8,8,11,0,8
1,<environment.Job instance at 0x153fe68c70f0>,6,13,[9 1],9,13,26,4,13
1,<environment.Job instance at 0x153fe68ca960>,0,1,[10  2],1,1,2,0,1
1,<environment.Job instance at 0x153fe68ca820>,2,3,[6 1],3,3,6,0,3
1,<environment.Job instance at 0x153fe6883410>,6,13,[ 2 10],8,16,29,8,16
1,<environment.Job instance at 0x153faa79d9b0>,1,12,[2 7],3,3,15,0,3
1,<environment.Job instance at 0x153fe6883870>,2,13,[7 2],4,14,27,10,14
1,<environment.Job instance at 0x153feb9b14b0>,0,3,[2 9],1,1,4,0,1
1,<environment.Job instance at 0x153feb9b1500>,2,1,[10  2],5,5,6,0,5
1,<environment.Job instance at 0x153fe7eff460>,1,2,[1 6],4,4,6,0,4
1,<environment.Job instance at 0x153feba056e0>,2,3,[1 5],5,6,9,1,5
1,<environment.Job instance at 0x153feba3feb0>,3,3,[1 5],6,6,9,0,6
1,<environment.Job instance at 0x153feba3f320>,4,3,[2 9],7,9,12,2,7
1,<environment.Job instance at 0x153feba68050>,1,15,[5 2],3,3,18,0,3
1,<environment.Job instance at 0x153fe5fed230>,0,2,[8 1],2,2,4,0,2
1,<environment.Job instance at 0x153fe44e86e0>,3,1,[10  2],9,9,10,0,9
1,<environment.Job instance at 0x153faa976320>,2,18,[10  1],5,5,23,0,5
1,<environment.Job instance at 0x153fe5e47be0>,5,3,[5 1],9,153,156,144,153
1,<environment.Job instance at 0x153fe5e47230>,0,1,[8 1],2,2,3,0,2
1,<environment.Job instance at 0x153fe5e47c30>,2,2,[9 1],8,8,10,0,8
1,<environment.Job instance at 0x153faa877c80>,0,3,[6 1],1,1,4,0,1
1,<environment.Job instance at 0x153faac37d70>,2,17,[8 1],3,3,20,0,3
1,<environment.Job instance at 0x153faac2ee10>,3,18,[1 6],4,4,22,0,4
1,<environment.Job instance at 0x153faa5f4d70>,0,3,[10  1],2,2,5,0,2
1,<environment.Job instance at 0x153faa6915f0>,0,3,[9 2],1,1,4,0,1
1,<environment.Job instance at 0x153fab2adc30>,3,19,[1 6],5,5,24,0,5
1,<environment.Job instance at 0x153faa6f9320>,0,2,[ 2 10],1,1,3,0,1
1,<environment.Job instance at 0x153faa6f9280>,1,3,[2 8],4,4,7,0,4
1,<environment.Job instance at 0x153fe6c5a320>,3,3,[6 2],8,8,11,0,8
1,<environment.Job instance at 0x153fab0802d0>,0,2,[9 1],1,1,3,0,1
1,<environment.Job instance at 0x153fecfd7550>,0,2,[1 6],2,2,4,0,2
1,<environment.Job instance at 0x153feb3450f0>,4,19,[7 2],8,8,27,0,8
1,<environment.Job instance at 0x153faa5cff00>,0,1,[2 6],1,1,2,0,1
1,<environment.Job instance at 0x153fe5efd460>,4,2,[10  1],6,6,8,0,6
1,<environment.Job instance at 0x153faacd6e10>,1,2,[1 7],2,2,4,0,2
1,<environment.Job instance at 0x153fe6c7f0a0>,2,2,[9 2],4,4,6,0,4
1,<environment.Job instance at 0x153faacd6af0>,3,2,[5 1],5,6,8,1,5
1,<environment.Job instance at 0x153faacd65a0>,4,14,[2 9],6,6,20,0,6
1,<environment.Job instance at 0x153fecfd4eb0>,2,28,[1 7],3,3,31,0,3
1,<environment.Job instance at 0x153faaaa6820>,3,2,[7 2],4,36,38,32,36
1,<environment.Job instance at 0x153faacdbb40>,3,2,[ 1 10],5,5,7,0,5
1,<environment.Job instance at 0x153faacc3a00>,4,3,[ 2 10],6,7,10,1,6
1,<environment.Job instance at 0x153feba81500>,6,12,[ 2 10],9,10,22,1,10
1,<environment.Job instance at 0x153fe5d3c0f0>,3,2,[7 1],5,5,7,0,5
1,<environment.Job instance at 0x153fe5d3ceb0>,4,2,[9 1],6,7,9,1,6
1,<environment.Job instance at 0x153fe5d3c690>,6,18,[1 8],8,8,26,0,8
1,<environment.Job instance at 0x153feafee500>,0,1,[5 2],1,1,2,0,1
1,<environment.Job instance at 0x153faaec7960>,1,19,[1 7],2,2,21,0,2
1,<environment.Job instance at 0x153fe5ef3c30>,0,2,[7 1],1,1,3,0,1
1,<environment.Job instance at 0x153fab080d20>,2,1,[8 1],3,3,4,0,3
1,<environment.Job instance at 0x153faa97a780>,4,3,[5 2],5,5,8,0,5
1,<environment.Job instance at 0x153faa97a730>,5,1,[7 2],6,8,9,2,6
1,<environment.Job instance at 0x153faaaf3320>,4,1,[1 8],8,8,9,0,8
1,<environment.Job instance at 0x153faaaf3640>,5,2,[8 2],9,9,11,0,9
1,<environment.Job instance at 0x153feba00fa0>,0,1,[1 5],1,1,2,0,1
1,<environment.Job instance at 0x153faaaf30a0>,1,2,[1 6],2,2,4,0,2
1,<environment.Job instance at 0x153feba00aa0>,5,16,[7 2],7,9,25,2,9
1,<environment.Job instance at 0x153faa613230>,2,2,[2 5],5,5,7,0,5
1,<environment.Job instance at 0x153faa613190>,5,13,[7 1],9,21,34,12,21
1,<environment.Job instance at 0x153feb9afe10>,1,1,[8 2],4,4,5,0,4
1,<environment.Job instance at 0x153faa613190>,2,2,[8 1],6,6,8,0,6
1,<environment.Job instance at 0x153feb9af1e0>,3,1,[1 5],7,7,8,0,7
1,<environment.Job instance at 0x153feb9afa00>,4,3,[9 1],8,8,11,0,8
1,<environment.Job instance at 0x153feb9af640>,5,2,[5 1],9,11,13,2,9
1,<environment.Job instance at 0x153fab231a50>,2,16,[ 1 10],3,3,19,0,3
1,<environment.Job instance at 0x153fe5f74fa0>,1,2,[9 1],2,2,4,0,2
1,<environment.Job instance at 0x153fab39e3c0>,4,2,[7 1],7,9,11,2,9
1,<environment.Job instance at 0x153faa80b0f0>,0,3,[8 2],1,1,4,0,1
1,<environment.Job instance at 0x153faa80bb90>,2,3,[7 1],4,4,7,0,4
1,<environment.Job instance at 0x153faa80b780>,4,16,[1 8],7,7,23,0,7
1,<environment.Job instance at 0x153faa80bf50>,5,18,[2 7],9,23,41,14,12
1,<environment.Job instance at 0x153fe4598eb0>,3,2,[2 5],5,5,7,0,5
1,<environment.Job instance at 0x153fab291230>,4,2,[5 2],6,6,8,0,6
1,<environment.Job instance at 0x153fe45a41e0>,6,15,[10  2],8,8,23,0,8
1,<environment.Job instance at 0x153fe45a4870>,1,14,[5 1],4,6,20,2,6
1,<environment.Job instance at 0x153fe45a41e0>,3,1,[ 1 10],7,20,21,13,10
1,<environment.Job instance at 0x153fe5eef780>,4,2,[6 2],7,7,9,0,7
1,<environment.Job instance at 0x153fe6c69dc0>,6,16,[6 2],9,9,25,0,9
1,<environment.Job instance at 0x153fe0085280>,0,3,[9 1],2,2,5,0,2
1,<environment.Job instance at 0x153fe459a3c0>,0,1,[2 7],1,1,2,0,1
1,<environment.Job instance at 0x153fe7f24050>,1,2,[ 2 10],4,4,6,0,4
1,<environment.Job instance at 0x153faabace60>,2,2,[8 1],5,6,8,1,5
1,<environment.Job instance at 0x153faabac0a0>,4,3,[9 1],7,8,11,1,7
1,<environment.Job instance at 0x153fe5e00820>,0,3,[7 2],2,2,5,0,2
1,<environment.Job instance at 0x153fe9d8daf0>,1,2,[ 2 10],3,5,7,2,3
1,<environment.Job instance at 0x153faa71d820>,1,28,[1 7],2,2,30,0,2
1,<environment.Job instance at 0x153fab25f8c0>,1,1,[1 5],4,7,8,3,7
1,<environment.Job instance at 0x153fe4289d20>,6,12,[1 8],9,9,21,0,9
1,<environment.Job instance at 0x153fe69a1320>,1,1,[1 7],2,2,3,0,2
1,<environment.Job instance at 0x153fab25fe60>,2,1,[1 7],5,5,6,0,5
1,<environment.Job instance at 0x153fe5cf55a0>,5,18,[9 2],8,8,26,0,8
1,<environment.Job instance at 0x153fab349a00>,0,2,[9 1],1,1,3,0,1
1,<environment.Job instance at 0x153fe429a2d0>,1,3,[7 1],3,3,6,0,3
1,<environment.Job instance at 0x153faae1ed20>,0,2,[1 8],1,1,3,0,1
1,<environment.Job instance at 0x153faaf62c30>,1,2,[7 2],2,2,4,0,2
1,<environment.Job instance at 0x153faaaed5f0>,3,16,[7 2],5,5,21,0,5
1,<environment.Job instance at 0x153fab3c10f0>,1,15,[7 1],2,3,18,1,3
1,<environment.Job instance at 0x153fab3e1a00>,3,12,[ 2 10],5,18,30,13,6
1,<environment.Job instance at 0x153faad4ac30>,1,2,[1 5],7,7,9,0,7
1,<environment.Job instance at 0x153faa9ee960>,5,28,[1 9],9,9,37,0,9
1,<environment.Job instance at 0x153feafe6cd0>,2,28,[2 7],3,3,31,0,3
1,<environment.Job instance at 0x153feafe6af0>,5,2,[10  2],9,469,471,460,469
1,<environment.Job instance at 0x153fe5fb0aa0>,1,3,[1 9],3,3,6,0,3
1,<environment.Job instance at 0x153faa61db40>,2,3,[8 2],4,6,9,2,4
1,<environment.Job instance at 0x153fe9d7a910>,2,17,[5 1],5,5,22,0,5
1,<environment.Job instance at 0x153fed045780>,0,2,[2 8],1,1,3,0,1
1,<environment.Job instance at 0x153fed045fa0>,1,2,[10  1],2,3,5,1,2
1,<environment.Job instance at 0x153fed0454b0>,4,1,[2 8],9,9,10,0,9
1,<environment.Job instance at 0x153faa9ad320>,4,15,[2 6],9,9,24,0,9
1,<environment.Job instance at 0x153faaaec4b0>,5,13,[2 7],7,1387,1400,1380,1387
1,<environment.Job instance at 0x153faa84b8c0>,1,2,[1 5],3,3,5,0,3
1,<environment.Job instance at 0x153feb061d20>,5,3,[2 9],8,18,21,10,18
1,<environment.Job instance at 0x153faa784280>,1,13,[8 2],3,3,16,0,3
1,<environment.Job instance at 0x153faa784c30>,4,2,[6 1],7,16,18,9,7
1,<environment.Job instance at 0x153faa75c3c0>,6,14,[1 9],9,16,30,7,9
1,<environment.Job instance at 0x153faa75c7d0>,1,13,[ 2 10],3,3,16,0,3
1,<environment.Job instance at 0x153feb9e2780>,1,2,[6 1],3,3,5,0,3
1,<environment.Job instance at 0x153faab79dc0>,4,12,[ 1 10],6,6,18,0,6
1,<environment.Job instance at 0x153faab792d0>,5,1,[9 1],7,18,19,11,9
1,<environment.Job instance at 0x153feb024f00>,1,3,[2 6],2,2,5,0,2
1,<environment.Job instance at 0x153faa662e60>,0,2,[6 2],1,1,3,0,1
1,<environment.Job instance at 0x153faa662d70>,2,2,[1 7],4,4,6,0,4
1,<environment.Job instance at 0x153faafa4780>,0,2,[1 6],1,1,3,0,1
1,<environment.Job instance at 0x153faa67c140>,3,1,[8 1],6,6,7,0,6
1,<environment.Job instance at 0x153faa9cbc80>,4,3,[8 1],8,8,11,0,8
1,<environment.Job instance at 0x153faa9cbc80>,2,3,[2 7],6,9,12,3,9
1,<environment.Job instance at 0x153feba5ae60>,0,2,[9 2],1,1,3,0,1
1,<environment.Job instance at 0x153feba5af00>,3,26,[2 9],4,4,30,0,4
1,<environment.Job instance at 0x153faaf6f6e0>,0,3,[10  2],1,1,4,0,1
1,<environment.Job instance at 0x153faaf6f500>,3,22,[2 6],5,5,27,0,5
1,<environment.Job instance at 0x153faaf6f820>,4,3,[8 1],6,6,9,0,6
1,<environment.Job instance at 0x153faad83c30>,2,15,[ 1 10],6,6,21,0,6
1,<environment.Job instance at 0x153faaf6f640>,4,3,[6 2],9,65,68,56,65
1,<environment.Job instance at 0x153fe7f1b0a0>,3,3,[7 1],7,59,62,52,59
1,<environment.Job instance at 0x153faa8b0f50>,2,20,[2 5],6,6,26,0,6
1,<environment.Job instance at 0x153faa8b0190>,1,2,[2 7],2,2,4,0,2
1,<environment.Job instance at 0x153feb0bee60>,2,1,[8 1],3,3,4,0,3
1,<environment.Job instance at 0x153faa99b0a0>,2,20,[9 1],5,5,25,0,5
1,<environment.Job instance at 0x153faae6b780>,4,2,[1 7],7,22,24,15,22
1,<environment.Job instance at 0x153faae6b780>,2,3,[7 2],3,3,6,0,3
1,<environment.Job instance at 0x153fab3bde60>,3,1,[6 2],4,6,7,2,4
1,<environment.Job instance at 0x153fe5d9a730>,5,3,[9 1],8,8,11,0,8
1,<environment.Job instance at 0x153fe5d9ab90>,6,15,[1 9],9,9,24,0,9
1,<environment.Job instance at 0x153fe5d9ab90>,4,1,[10  2],9,9,10,0,9
1,<environment.Job instance at 0x153fab02d140>,2,1,[5 2],4,4,5,0,4
1,<environment.Job instance at 0x153faa624c80>,3,13,[1 7],5,5,18,0,5
1,<environment.Job instance at 0x153faa624f50>,1,2,[6 1],2,2,4,0,2
1,<environment.Job instance at 0x153faa7d00f0>,3,24,[5 1],5,5,29,0,5
1,<environment.Job instance at 0x153faaf06140>,4,2,[1 5],6,36,38,30,36
1,<environment.Job instance at 0x153faaf06050>,2,19,[1 7],3,3,22,0,3
1,<environment.Job instance at 0x153fe5dfda00>,8,2,[ 2 10],9,22,24,13,12
1,<environment.Job instance at 0x153fab3545a0>,4,28,[6 2],8,8,36,0,8
1,<environment.Job instance at 0x153faa97ae10>,0,2,[2 5],1,1,3,0,1
1,<environment.Job instance at 0x153faab42820>,6,15,[2 8],9,9,24,0,9
1,<environment.Job instance at 0x153fe68aa910>,0,3,[10  1],1,1,4,0,1
1,<environment.Job instance at 0x153fe68aaeb0>,3,16,[10  2],7,7,23,0,7
1,<environment.Job instance at 0x153fe006dfa0>,4,25,[2 9],8,23,48,15,19
1,<environment.Job instance at 0x153fe006dc30>,1,2,[2 6],4,4,6,0,4
1,<environment.Job instance at 0x153fecfdd0a0>,2,2,[5 1],5,5,7,0,5
1,<environment.Job instance at 0x153fe5e5bc30>,4,3,[9 2],8,8,11,0,8
1,<environment.Job instance at 0x153fe5dc2780>,1,3,[1 9],2,2,5,0,2
1,<environment.Job instance at 0x153faa7d08c0>,2,1,[7 1],3,3,4,0,3
1,<environment.Job instance at 0x153feba44230>,2,1,[5 1],4,4,5,0,4
1,<environment.Job instance at 0x153faa94db40>,0,2,[2 8],1,1,3,0,1
1,<environment.Job instance at 0x153faa94ddc0>,3,18,[ 1 10],5,5,23,0,5
1,<environment.Job instance at 0x153fe47c4b40>,1,26,[1 8],2,2,28,0,2
1,<environment.Job instance at 0x153feb352be0>,2,14,[ 2 10],4,4,18,0,4
1,<environment.Job instance at 0x153fe691d8c0>,3,1,[7 1],4,4,5,0,4
1,<environment.Job instance at 0x153fe691d1e0>,6,2,[8 1],8,8,10,0,8
1,<environment.Job instance at 0x153faaed7140>,7,26,[2 9],9,9,35,0,9
1,<environment.Job instance at 0x153fab186e60>,6,17,[1 5],9,9,26,0,9
1,<environment.Job instance at 0x153faab54b90>,1,3,[5 1],3,6,9,3,6
1,<environment.Job instance at 0x153faad99370>,1,28,[1 9],3,3,31,0,3
1,<environment.Job instance at 0x153faad99960>,2,18,[2 6],4,31,49,27,20
1,<environment.Job instance at 0x153fe404c870>,6,1,[2 6],9,53,54,44,53
1,<environment.Job instance at 0x153faad99b90>,1,1,[1 8],2,2,3,0,2
1,<environment.Job instance at 0x153fe5da75a0>,3,24,[2 7],5,5,29,0,5
1,<environment.Job instance at 0x153faad18f50>,3,3,[9 2],6,6,9,0,6
1,<environment.Job instance at 0x153faad180a0>,4,2,[6 1],8,9,11,1,8
1,<environment.Job instance at 0x153faad180f0>,5,20,[2 6],9,9,29,0,9
1,<environment.Job instance at 0x153faacc12d0>,1,2,[9 2],3,3,5,0,3
1,<environment.Job instance at 0x153faa88cd70>,2,18,[1 8],4,4,22,0,4
1,<environment.Job instance at 0x153fe6cad370>,5,21,[1 7],7,7,28,0,7
1,<environment.Job instance at 0x153fe6cad460>,6,28,[2 6],8,28,56,20,27
1,<environment.Job instance at 0x153fe6cade60>,0,2,[2 7],2,2,4,0,2
1,<environment.Job instance at 0x153fe6cadd70>,3,1,[7 1],7,7,8,0,7
1,<environment.Job instance at 0x153fe00a8500>,4,3,[1 9],8,8,11,0,8
1,<environment.Job instance at 0x153fab2be280>,2,18,[ 1 10],4,4,22,0,4
1,<environment.Job instance at 0x153fab2be4b0>,6,1,[1 7],9,28,29,19,28
1,<environment.Job instance at 0x153fe5de3d20>,2,2,[1 9],5,5,7,0,5
1,<environment.Job instance at 0x153fe5de3140>,3,3,[10  1],6,7,10,1,6
1,<environment.Job instance at 0x153faa608fa0>,5,2,[6 1],9,10,12,1,9
1,<environment.Job instance at 0x153faa62f4b0>,1,3,[8 1],2,2,5,0,2
1,<environment.Job instance at 0x153faa62f230>,4,18,[8 2],6,7,25,1,7
1,<environment.Job instance at 0x153fab1a6d20>,6,3,[7 2],8,25,28,17,22
1,<environment.Job instance at 0x153fab1a6c30>,2,3,[2 7],4,4,7,0,4
1,<environment.Job instance at 0x153fe45b7d20>,6,3,[5 1],8,8,11,0,8
1,<environment.Job instance at 0x153fe6bd3550>,7,1,[1 7],9,9,10,0,9
1,<environment.Job instance at 0x153faa6defa0>,0,2,[5 2],2,2,4,0,2
1,<environment.Job instance at 0x153fe6bd3460>,3,1,[ 2 10],7,9,10,2,9
1,<environment.Job instance at 0x153faa837aa0>,1,2,[6 1],3,3,5,0,3
1,<environment.Job instance at 0x153faae8c640>,2,14,[1 5],5,5,19,0,5
1,<environment.Job instance at 0x153faae8caf0>,4,3,[2 5],7,8,11,1,8
1,<environment.Job instance at 0x153faae8ceb0>,5,16,[8 1],8,11,27,3,8
1,<environment.Job instance at 0x153fe680b230>,0,2,[6 1],1,1,3,0,1
1,<environment.Job instance at 0x153fe5d00190>,0,2,[6 1],1,1,3,0,1
1,<environment.Job instance at 0x153fe47c49b0>,3,15,[2 9],5,5,20,0,5
1,<environment.Job instance at 0x153fe6c79f00>,4,3,[9 2],6,37,40,31,37
1,<environment.Job instance at 0x153feba9e550>,1,1,[10  2],2,2,3,0,2
1,<environment.Job instance at 0x153faaf5d690>,0,2,[10  1],1,1,3,0,1
1,<environment.Job instance at 0x153faaf5daa0>,2,15,[2 9],3,3,18,0,3
1,<environment.Job instance at 0x153fe4532730>,7,20,[2 7],8,18,38,10,9
1,<environment.Job instance at 0x153fe5036fa0>,1,22,[2 7],2,3,25,1,3
1,<environment.Job instance at 0x153fab23eaa0>,4,2,[ 1 10],9,37,39,28,37
1,<environment.Job instance at 0x153fe5f63e10>,1,3,[1 9],2,6,9,4,6
1,<environment.Job instance at 0x153fe5f633c0>,4,1,[2 6],7,90,91,83,90
1,<environment.Job instance at 0x153fe5dca9b0>,1,3,[9 1],2,2,5,0,2
1,<environment.Job instance at 0x153fe5dca8c0>,2,2,[7 1],4,5,7,1,4
1,<environment.Job instance at 0x153fe5dcaeb0>,4,3,[8 1],7,7,10,0,7
1,<environment.Job instance at 0x153fe5dca2d0>,5,26,[ 1 10],8,10,36,2,8
1,<environment.Job instance at 0x153faa880f50>,1,14,[2 6],3,3,17,0,3
1,<environment.Job instance at 0x153faaf55d70>,2,1,[10  2],3,3,4,0,3
1,<environment.Job instance at 0x153faaf556e0>,3,1,[5 2],4,4,5,0,4
1,<environment.Job instance at 0x153faaf55e60>,5,3,[ 2 10],6,6,9,0,6
1,<environment.Job instance at 0x153faad577d0>,6,2,[5 2],8,9,11,1,8
1,<environment.Job instance at 0x153faae538c0>,3,27,[ 1 10],6,6,33,0,6
1,<environment.Job instance at 0x153faae5b410>,2,3,[5 1],3,7,10,4,7
1,<environment.Job instance at 0x153fe5de6230>,5,1,[10  2],9,10,11,1,9
1,<environment.Job instance at 0x153fe5cd29b0>,1,2,[2 9],2,2,4,0,2
1,<environment.Job instance at 0x153fe5cd2230>,2,3,[2 9],3,4,7,1,3
1,<environment.Job instance at 0x153fab1aedc0>,3,2,[2 5],4,7,9,3,4
1,<environment.Job instance at 0x153faa999f00>,4,3,[6 1],5,5,8,0,5
1,<environment.Job instance at 0x153faa999eb0>,6,3,[2 8],7,9,12,2,7
1,<environment.Job instance at 0x153faa995190>,7,3,[9 1],8,12,15,4,8
1,<environment.Job instance at 0x153faa995b90>,1,2,[9 2],2,2,4,0,2
1,<environment.Job instance at 0x153faa995c80>,3,14,[8 2],5,1165,1179,1160,1165
1,<environment.Job instance at 0x153fe6c1ee60>,0,3,[9 1],1,1,4,0,1
1,<environment.Job instance at 0x153fe6c1ef00>,1,2,[8 1],2,4,6,2,2
1,<environment.Job instance at 0x153faaae2820>,5,3,[8 1],6,7,10,1,7
1,<environment.Job instance at 0x153fe4553190>,0,1,[1 5],4,4,5,0,4
1,<environment.Job instance at 0x153fed38eeb0>,2,2,[1 5],9,9,11,0,9
1,<environment.Job instance at 0x153faaf6b460>,0,1,[5 2],2,2,3,0,2
1,<environment.Job instance at 0x153fab354960>,4,2,[9 1],6,1219,1221,1213,1219
1,<environment.Job instance at 0x153fab354050>,1,3,[9 1],4,4,7,0,4
1,<environment.Job instance at 0x153feb0b27d0>,3,3,[10  2],6,7,10,1,6
1,<environment.Job instance at 0x153fab272a00>,0,2,[8 1],3,3,5,0,3
1,<environment.Job instance at 0x153feb34c910>,2,3,[10  1],6,6,9,0,6
1,<environment.Job instance at 0x153feb34c140>,3,3,[5 2],7,9,12,2,7
1,<environment.Job instance at 0x153fe6bd6230>,0,2,[10  2],1,1,3,0,1
1,<environment.Job instance at 0x153faaee91e0>,1,3,[10  1],3,3,6,0,3
1,<environment.Job instance at 0x153faaff25f0>,3,24,[5 1],6,6,30,0,6
1,<environment.Job instance at 0x153fab191780>,3,15,[8 2],4,4,19,0,4
1,<environment.Job instance at 0x153feaffde60>,5,17,[2 6],6,20,37,14,20
1,<environment.Job instance at 0x153fab198eb0>,0,3,[1 6],2,2,5,0,2
1,<environment.Job instance at 0x153fe69bb0a0>,3,2,[10  1],6,6,8,0,6
1,<environment.Job instance at 0x153feb9d0b90>,6,21,[2 5],9,9,30,0,9
1,<environment.Job instance at 0x153faaebc3c0>,2,1,[10  1],6,6,7,0,6
1,<environment.Job instance at 0x153fecb65780>,2,3,[7 1],4,4,7,0,4
1,<environment.Job instance at 0x153fecb65960>,3,2,[7 1],5,7,9,2,5
1,<environment.Job instance at 0x153fecb650f0>,5,2,[6 1],7,9,11,2,7
1,<environment.Job instance at 0x153faaf1a500>,7,1,[2 7],9,9,10,0,9
1,<environment.Job instance at 0x153faaf1a410>,2,19,[7 2],3,3,22,0,3
1,<environment.Job instance at 0x153fe6c5c910>,0,3,[1 7],1,1,4,0,1
1,<environment.Job instance at 0x153faa830af0>,0,1,[6 1],1,1,2,0,1
1,<environment.Job instance at 0x153faac5e5f0>,1,2,[1 7],2,2,4,0,2
1,<environment.Job instance at 0x153fe5f4c050>,3,3,[1 9],5,5,8,0,5
1,<environment.Job instance at 0x153faac5e5a0>,6,3,[6 1],9,9,12,0,9
1,<environment.Job instance at 0x153faac5ec80>,1,3,[2 8],4,4,7,0,4
1,<environment.Job instance at 0x153faac5e2d0>,5,2,[2 5],9,9,11,0,9
1,<environment.Job instance at 0x153faa824d20>,0,2,[2 9],1,1,3,0,1
1,<environment.Job instance at 0x153faa824e60>,1,3,[ 1 10],3,3,6,0,3
1,<environment.Job instance at 0x153faa8246e0>,4,3,[9 2],7,7,10,0,7
1,<environment.Job instance at 0x153faaf05050>,2,2,[1 9],4,4,6,0,4
1,<environment.Job instance at 0x153fedaf5f50>,1,3,[2 7],7,7,10,0,7
1,<environment.Job instance at 0x153fecb73cd0>,1,15,[1 8],2,2,17,0,2
1,<environment.Job instance at 0x153feba1ecd0>,0,2,[6 2],1,1,3,0,1
1,<environment.Job instance at 0x153faa5ac500>,5,2,[ 1 10],7,7,9,0,7
1,<environment.Job instance at 0x153fe6cc36e0>,1,1,[1 8],2,2,3,0,2
1,<environment.Job instance at 0x153faaf841e0>,2,2,[1 6],3,3,5,0,3
1,<environment.Job instance at 0x153fab22cc80>,3,14,[5 1],4,4,18,0,4
1,<environment.Job instance at 0x153fe6997640>,4,1,[2 9],5,124,125,119,124
1,<environment.Job instance at 0x153faa830500>,0,3,[6 1],1,1,4,0,1
1,<environment.Job instance at 0x153faabdefa0>,0,2,[2 6],1,1,3,0,1
1,<environment.Job instance at 0x153fe5d11aa0>,2,3,[6 2],4,4,7,0,4
1,<environment.Job instance at 0x153fab2b7f50>,4,19,[8 1],8,8,27,0,8
1,<environment.Job instance at 0x153fe5df94b0>,1,15,[1 5],2,2,17,0,2
1,<environment.Job instance at 0x153faaaddc30>,3,1,[5 1],4,4,5,0,4
1,<environment.Job instance at 0x153faaadda50>,4,3,[5 2],5,5,8,0,5
1,<environment.Job instance at 0x153faaaddd20>,5,1,[8 1],6,8,9,2,6
1,<environment.Job instance at 0x153fe5ce8640>,0,3,[6 1],1,2,5,1,2
1,<environment.Job instance at 0x153fe47c8410>,0,3,[10  2],1,1,4,0,1
1,<environment.Job instance at 0x153faac64d70>,3,1,[ 1 10],8,8,9,0,8
1,<environment.Job instance at 0x153feb0f2370>,4,2,[5 2],9,9,11,0,9
1,<environment.Job instance at 0x153faaba61e0>,2,1,[8 1],3,3,4,0,3
1,<environment.Job instance at 0x153fecfe06e0>,3,1,[2 8],4,4,5,0,4
1,<environment.Job instance at 0x153faac77500>,0,3,[6 2],1,1,4,0,1
1,<environment.Job instance at 0x153fe5e00aa0>,3,12,[8 2],6,25,37,19,25
1,<environment.Job instance at 0x153fab3b47d0>,1,2,[1 5],3,3,5,0,3
1,<environment.Job instance at 0x153fab3b4140>,2,3,[2 9],4,5,8,1,4
1,<environment.Job instance at 0x153faaa567d0>,4,3,[6 2],6,8,11,2,6
1,<environment.Job instance at 0x153faaa64690>,5,19,[1 9],7,11,30,4,7
1,<environment.Job instance at 0x153faaa64690>,3,2,[1 7],4,7,9,3,7
1,<environment.Job instance at 0x153fe5c77410>,8,3,[2 5],9,9,12,0,9
1,<environment.Job instance at 0x153fe5c77050>,3,1,[2 6],7,19,20,12,19
1,<environment.Job instance at 0x153fab32a500>,1,1,[2 8],3,3,4,0,3
1,<environment.Job instance at 0x153fe68c6a00>,4,2,[8 1],6,6,8,0,6
1,<environment.Job instance at 0x153fe68c64b0>,3,3,[5 1],5,8,11,3,8
1,<environment.Job instance at 0x153fe68c6a50>,7,1,[6 1],9,11,12,2,9
1,<environment.Job instance at 0x153fe6966c30>,3,3,[6 1],5,5,8,0,5
1,<environment.Job instance at 0x153faaddf140>,4,3,[2 9],6,6,9,0,6
1,<environment.Job instance at 0x153faaddf460>,0,2,[ 2 10],1,1,3,0,1
1,<environment.Job instance at 0x153faab2f500>,1,1,[2 5],2,3,4,1,2
1,<environment.Job instance at 0x153faaf56460>,4,2,[8 1],6,6,8,0,6
1,<environment.Job instance at 0x153faaf56730>,2,1,[ 1 10],5,5,6,0,5
1,<environment.Job instance at 0x153faa96f7d0>,4,1,[5 1],7,9,10,2,9
1,<environment.Job instance at 0x153faa96feb0>,3,1,[10  1],6,6,7,0,6
1,<environment.Job instance at 0x153faac869b0>,0,2,[1 9],1,1,3,0,1
1,<environment.Job instance at 0x153faac86640>,1,2,[1 6],2,3,5,1,2
1,<environment.Job instance at 0x153fe6985690>,3,23,[5 2],4,5,28,1,5
1,<environment.Job instance at 0x153faadb9d20>,5,20,[2 6],6,7,27,1,7
1,<environment.Job instance at 0x153fe68c79b0>,0,2,[7 2],1,1,3,0,1
1,<environment.Job instance at 0x153feb0a88c0>,2,3,[ 2 10],3,3,6,0,3
1,<environment.Job instance at 0x153faadb9d20>,4,13,[ 2 10],5,6,19,1,5
1,<environment.Job instance at 0x153faaaeb9b0>,0,2,[ 1 10],1,1,3,0,1
1,<environment.Job instance at 0x153fe5e20190>,1,2,[10  2],2,2,4,0,2
1,<environment.Job instance at 0x153feb0c9f50>,1,15,[1 6],4,4,19,0,4
1,<environment.Job instance at 0x153faaaddbe0>,1,3,[9 1],2,2,5,0,2
1,<environment.Job instance at 0x153faad6a6e0>,3,3,[8 1],4,5,8,1,4
1,<environment.Job instance at 0x153faad6af00>,1,1,[2 5],3,3,4,0,3
1,<environment.Job instance at 0x153faa8f6370>,6,3,[1 9],9,9,12,0,9
1,<environment.Job instance at 0x153faa8f6a50>,0,2,[9 1],1,1,3,0,1
1,<environment.Job instance at 0x153faaa26820>,0,1,[10  2],1,1,2,0,1
1,<environment.Job instance at 0x153faaa261e0>,3,13,[1 7],4,4,17,0,4
1,<environment.Job instance at 0x153fe691c320>,0,2,[ 1 10],1,1,3,0,1
1,<environment.Job instance at 0x153fe5ef43c0>,1,3,[10  1],4,4,7,0,4
1,<environment.Job instance at 0x153fab2ad820>,0,2,[8 2],1,1,3,0,1
1,<environment.Job instance at 0x153fab2ad500>,2,1,[5 2],4,4,5,0,4
1,<environment.Job instance at 0x153faad2b500>,2,1,[2 5],3,3,4,0,3
1,<environment.Job instance at 0x153faad2b550>,2,12,[5 1],4,144,156,140,144
1,<environment.Job instance at 0x153fe406e4b0>,2,2,[8 1],3,3,5,0,3
1,<environment.Job instance at 0x153faac5da50>,4,3,[2 7],5,5,8,0,5
1,<environment.Job instance at 0x153faac5d1e0>,5,2,[2 9],6,8,10,2,6
1,<environment.Job instance at 0x153fe45a8730>,6,15,[1 8],8,10,25,2,8
1,<environment.Job instance at 0x153faae7c5a0>,1,2,[6 1],2,2,4,0,2
1,<environment.Job instance at 0x153faae7c5f0>,4,2,[2 6],5,5,7,0,5
1,<environment.Job instance at 0x153faae7cd20>,5,17,[2 8],6,7,24,1,6
1,<environment.Job instance at 0x153fe007b690>,5,13,[10  2],9,14,27,5,14
1,<environment.Job instance at 0x153fe5f8f5f0>,1,1,[9 1],2,2,3,0,2
1,<environment.Job instance at 0x153fe5f5f3c0>,2,2,[9 2],4,4,6,0,4
1,<environment.Job instance at 0x153fe6911460>,2,23,[2 7],5,5,28,0,5
1,<environment.Job instance at 0x153fe4517190>,3,25,[2 7],6,6,31,0,6
1,<environment.Job instance at 0x153fab042dc0>,6,15,[9 1],8,30,45,22,30
1,<environment.Job instance at 0x153fab042500>,2,16,[1 8],6,6,22,0,6
1,<environment.Job instance at 0x153feb347870>,3,1,[ 1 10],7,44,45,37,44
1,<environment.Job instance at 0x153faa9da870>,0,3,[10  2],2,2,5,0,2
1,<environment.Job instance at 0x153faa9dafa0>,3,3,[6 1],6,6,9,0,6
1,<environment.Job instance at 0x153faab9f320>,2,3,[8 1],5,5,8,0,5
1,<environment.Job instance at 0x153faab9f230>,4,2,[6 1],7,8,10,1,7
1,<environment.Job instance at 0x153feb9d9c30>,5,1,[1 6],9,9,10,0,9
1,<environment.Job instance at 0x153faa7bcf00>,0,2,[6 2],1,1,3,0,1
1,<environment.Job instance at 0x153faa7bcf50>,3,13,[10  1],7,7,20,0,7
1,<environment.Job instance at 0x153faa7bc500>,4,1,[8 2],8,20,21,12,8
1,<environment.Job instance at 0x153faa7bccd0>,5,3,[5 2],9,21,24,12,9
1,<environment.Job instance at 0x153fed94a410>,0,3,[8 1],3,3,6,0,3
1,<environment.Job instance at 0x153fed94a730>,3,2,[1 6],6,6,8,0,6
1,<environment.Job instance at 0x153fab2caeb0>,4,2,[2 5],7,8,10,1,7
1,<environment.Job instance at 0x153fe5d50960>,1,3,[7 2],2,2,5,0,2
1,<environment.Job instance at 0x153fe5f47a00>,0,2,[2 8],2,2,4,0,2
1,<environment.Job instance at 0x153faa591e10>,2,27,[2 5],6,6,33,0,6
1,<environment.Job instance at 0x153fab3b9780>,0,2,[ 2 10],2,2,4,0,2
1,<environment.Job instance at 0x153faaa152d0>,2,3,[2 7],4,4,7,0,4
1,<environment.Job instance at 0x153faaa152d0>,2,2,[2 8],4,86,88,82,86
1,<environment.Job instance at 0x153fab394410>,0,2,[1 9],1,1,3,0,1
1,<environment.Job instance at 0x153fe5c90690>,4,21,[5 1],6,6,27,0,6
1,<environment.Job instance at 0x153faaf46e60>,2,1,[1 8],5,5,6,0,5
1,<environment.Job instance at 0x153faab6b550>,3,1,[6 1],8,8,9,0,8
1,<environment.Job instance at 0x153fe680b550>,1,1,[8 2],2,2,3,0,2
1,<environment.Job instance at 0x153faab6b550>,4,2,[2 8],7,7,9,0,7
1,<environment.Job instance at 0x153faa9f4e10>,5,3,[10  1],8,9,12,1,8
1,<environment.Job instance at 0x153faa9df460>,1,2,[1 9],2,2,4,0,2
1,<environment.Job instance at 0x153faa62d7d0>,3,19,[ 1 10],7,7,26,0,7
1,<environment.Job instance at 0x153faaaa6af0>,1,12,[9 1],2,4,16,2,4
1,<environment.Job instance at 0x153faa62d780>,4,2,[6 1],5,16,18,11,14
1,<environment.Job instance at 0x153faabff190>,1,2,[2 5],2,2,4,0,2
1,<environment.Job instance at 0x153fe5ce4d70>,2,2,[9 2],3,4,6,1,3
1,<environment.Job instance at 0x153faabff0a0>,5,3,[1 7],7,7,10,0,7
1,<environment.Job instance at 0x153fe5ce4d20>,6,2,[ 1 10],8,10,12,2,8
1,<environment.Job instance at 0x153fe5ce49b0>,0,3,[6 2],2,2,5,0,2
1,<environment.Job instance at 0x153fe5ce4780>,3,27,[6 1],5,6,33,1,6
1,<environment.Job instance at 0x153faab1d730>,2,25,[1 8],6,6,31,0,6
1,<environment.Job instance at 0x153fe68c65a0>,1,2,[6 2],3,3,5,0,3
1,<environment.Job instance at 0x153feb9c2370>,4,18,[1 6],6,8,26,2,8
1,<environment.Job instance at 0x153faa9ebf50>,1,2,[8 1],3,3,5,0,3
1,<environment.Job instance at 0x153fe6c99eb0>,2,15,[1 8],4,4,19,0,4
1,<environment.Job instance at 0x153fe6c999b0>,1,3,[2 7],4,4,7,0,4
1,<environment.Job instance at 0x153faad780a0>,1,16,[5 1],2,2,18,0,2
1,<environment.Job instance at 0x153fe4064e60>,2,3,[2 9],3,3,6,0,3
1,<environment.Job instance at 0x153fe4064e10>,3,3,[1 8],5,6,9,1,5
1,<environment.Job instance at 0x153fe4064640>,4,3,[6 2],7,18,21,11,7
1,<environment.Job instance at 0x153faae3ecd0>,0,2,[8 1],1,1,3,0,1
1,<environment.Job instance at 0x153fe695bc80>,0,2,[6 2],1,1,3,0,1
1,<environment.Job instance at 0x153faaa9e960>,0,3,[10  2],1,1,4,0,1
1,<environment.Job instance at 0x153faadf56e0>,2,19,[1 8],4,4,23,0,4
1,<environment.Job instance at 0x153faa870d70>,2,16,[1 6],3,3,19,0,3
1,<environment.Job instance at 0x153faadf56e0>,3,2,[1 8],4,178,180,174,178
1,<environment.Job instance at 0x153feba447d0>,2,15,[1 6],4,4,19,0,4
1,<environment.Job instance at 0x153fe6ca8140>,2,17,[8 2],4,4,21,0,4
1,<environment.Job instance at 0x153fe6ca8410>,4,28,[8 1],6,22,50,16,22
1,<environment.Job instance at 0x153fe47f7550>,2,3,[6 2],4,4,7,0,4
1,<environment.Job instance at 0x153fe47f7870>,3,2,[1 6],5,48,50,43,48
1,<environment.Job instance at 0x153fe5e63370>,2,3,[2 9],4,4,7,0,4
1,<environment.Job instance at 0x153faaecc2d0>,4,3,[5 2],6,434,437,428,434
1,<environment.Job instance at 0x153fe5fed280>,3,13,[2 9],7,7,20,0,7
1,<environment.Job instance at 0x153fe5fed460>,4,2,[8 2],8,20,22,12,8
1,<environment.Job instance at 0x153fe5e866e0>,0,2,[10  1],1,1,3,0,1
1,<environment.Job instance at 0x153feba6e870>,5,2,[10  1],7,7,9,0,7
1,<environment.Job instance at 0x153fe9dab2d0>,2,3,[1 7],4,4,7,0,4
1,<environment.Job instance at 0x153feb0fe230>,2,3,[8 1],7,7,10,0,7
1,<environment.Job instance at 0x153faa6be960>,1,3,[ 1 10],3,3,6,0,3
1,<environment.Job instance at 0x153faa940730>,1,2,[8 2],2,2,4,0,2
1,<environment.Job instance at 0x153faaf98c30>,1,2,[6 1],8,8,10,0,8
1,<environment.Job instance at 0x153feba341e0>,1,14,[1 5],2,2,16,0,2
1,<environment.Job instance at 0x153feba34b90>,4,2,[8 2],5,5,7,0,5
1,<environment.Job instance at 0x153fe453da50>,1,3,[1 7],3,3,6,0,3
1,<environment.Job instance at 0x154026dea0f0>,2,12,[6 2],4,4,16,0,4
1,<environment.Job instance at 0x153fab00aa00>,5,27,[1 8],9,9,36,0,9
1,<environment.Job instance at 0x153fe7f1b780>,0,2,[1 8],1,1,3,0,1
1,<environment.Job instance at 0x153faaf24640>,1,14,[2 9],4,4,18,0,4
1,<environment.Job instance at 0x153feb002460>,1,2,[7 1],4,4,6,0,4
1,<environment.Job instance at 0x153fab226f50>,4,3,[5 2],8,8,11,0,8
1,<environment.Job instance at 0x153fe5ef43c0>,1,3,[5 2],4,4,7,0,4
1,<environment.Job instance at 0x153fe5ef4b40>,3,2,[8 2],6,7,9,1,6
1,<environment.Job instance at 0x153fe5e00e60>,0,3,[1 8],1,1,4,0,1
1,<environment.Job instance at 0x153fe5fea140>,1,3,[ 1 10],4,4,7,0,4
1,<environment.Job instance at 0x153fab2b5910>,3,2,[1 9],7,7,9,0,7
1,<environment.Job instance at 0x153fab2b5be0>,4,3,[5 2],8,9,12,1,8
1,<environment.Job instance at 0x153fab2b52d0>,1,3,[7 1],5,5,8,0,5
1,<environment.Job instance at 0x153faacb7c80>,3,21,[ 2 10],8,8,29,0,8
1,<environment.Job instance at 0x153fe5e5ddc0>,4,25,[10  2],9,29,54,20,27
1,<environment.Job instance at 0x153fab0f9fa0>,1,1,[8 2],3,3,4,0,3
1,<environment.Job instance at 0x153faaff22d0>,1,1,[7 1],2,1787,1788,1785,1787
1,<environment.Job instance at 0x153fe4531910>,5,19,[2 8],7,7,26,0,7
1,<environment.Job instance at 0x153feb31aaa0>,4,23,[1 5],5,5,28,0,5
1,<environment.Job instance at 0x153faafe1f00>,2,3,[10  2],5,5,8,0,5
1,<environment.Job instance at 0x153faac46a00>,1,1,[2 8],2,2,3,0,2
1,<environment.Job instance at 0x153faaffd730>,3,26,[1 8],4,4,30,0,4
1,<environment.Job instance at 0x153fe5de3be0>,1,1,[2 5],3,3,4,0,3
1,<environment.Job instance at 0x153fe5f60460>,1,3,[2 5],3,7,10,4,7
1,<environment.Job instance at 0x153faaa5bfa0>,0,3,[1 7],1,1,4,0,1
1,<environment.Job instance at 0x153faaa5bb90>,3,28,[2 9],4,4,32,0,4
1,<environment.Job instance at 0x153faa8770a0>,0,2,[8 1],1,1,3,0,1
1,<environment.Job instance at 0x153feb9d2190>,4,3,[6 1],5,5,8,0,5
1,<environment.Job instance at 0x153feb9d2550>,0,3,[10  1],3,3,6,0,3
1,<environment.Job instance at 0x153faa5ffaa0>,4,16,[2 8],8,8,24,0,8
1,<environment.Job instance at 0x153fe68e5230>,0,2,[1 6],3,3,5,0,3
1,<environment.Job instance at 0x153fe4040870>,1,2,[ 2 10],3,3,5,0,3
1,<environment.Job instance at 0x153faa616780>,3,13,[2 7],8,8,21,0,8
1,<environment.Job instance at 0x153faab8c820>,4,1,[6 1],9,65,66,56,65
1,<environment.Job instance at 0x153fab3b4c30>,0,3,[10  1],1,1,4,0,1
1,<environment.Job instance at 0x153feb9ed730>,1,2,[5 2],2,2,4,0,2
1,<environment.Job instance at 0x153feba33af0>,2,3,[5 1],3,3,6,0,3
1,<environment.Job instance at 0x153feba33aa0>,3,13,[2 7],4,4,17,0,4
1,<environment.Job instance at 0x153fab14bc80>,5,2,[8 1],6,54,56,48,54
1,<environment.Job instance at 0x153faa85e5f0>,3,3,[6 2],5,5,8,0,5
1,<environment.Job instance at 0x153faa808a00>,4,12,[5 2],6,6,18,0,6
1,<environment.Job instance at 0x153faa808780>,5,3,[2 9],7,18,21,11,7
1,<environment.Job instance at 0x153fe5d9f5a0>,1,12,[10  2],4,4,16,0,4
1,<environment.Job instance at 0x153faa6303c0>,1,2,[1 5],2,2,4,0,2
1,<environment.Job instance at 0x153faae66460>,1,16,[9 1],3,3,19,0,3
1,<environment.Job instance at 0x153fe00a10a0>,1,1,[5 1],2,29,30,27,29
1,<environment.Job instance at 0x153faaa47410>,1,1,[1 9],3,3,4,0,3
1,<environment.Job instance at 0x153faaf4b2d0>,1,2,[2 9],2,2,4,0,2
1,<environment.Job instance at 0x153faaf47730>,3,2,[1 9],4,4,6,0,4
1,<environment.Job instance at 0x153faab81460>,4,2,[8 2],5,6,8,1,5
1,<environment.Job instance at 0x153faab81320>,5,17,[ 1 10],6,8,25,2,6
1,<environment.Job instance at 0x153faadcb0f0>,1,3,[1 7],2,2,5,0,2
1,<environment.Job instance at 0x153faa8b9a00>,2,3,[6 2],3,3,6,0,3
1,<environment.Job instance at 0x153faa8b9dc0>,4,2,[8 2],8,8,10,0,8
1,<environment.Job instance at 0x153fab13f370>,0,3,[2 9],1,1,4,0,1
1,<environment.Job instance at 0x153fe5f77f50>,2,18,[2 5],3,4,22,1,3
1,<environment.Job instance at 0x153fe5f77370>,3,12,[ 1 10],4,22,34,18,5
1,<environment.Job instance at 0x153faaf43640>,2,2,[2 7],3,3,5,0,3
1,<environment.Job instance at 0x153faaf439b0>,5,2,[7 2],9,9,11,0,9
1,<environment.Job instance at 0x153faad00730>,0,1,[2 5],1,1,2,0,1
1,<environment.Job instance at 0x153fab1256e0>,0,3,[1 6],1,1,4,0,1
1,<environment.Job instance at 0x153faad7ccd0>,0,2,[6 2],1,1,3,0,1
1,<environment.Job instance at 0x153fe42abf00>,2,3,[1 8],3,3,6,0,3
1,<environment.Job instance at 0x153faad7c960>,3,3,[2 6],4,6,9,2,4
1,<environment.Job instance at 0x153faad7cb90>,5,2,[5 2],7,7,9,0,7
1,<environment.Job instance at 0x153faad7c8c0>,6,2,[6 1],8,9,11,1,8
1,<environment.Job instance at 0x153faabad500>,3,2,[1 9],4,4,6,0,4
1,<environment.Job instance at 0x153faa9849b0>,2,3,[10  1],4,4,7,0,4
1,<environment.Job instance at 0x153faab0e410>,3,3,[1 7],6,7,10,1,6
1,<environment.Job instance at 0x153fab1a8410>,1,1,[9 2],3,3,4,0,3
1,<environment.Job instance at 0x153faaf9a230>,2,15,[7 1],4,4,19,0,4
1,<environment.Job instance at 0x153fe5d36190>,1,12,[9 1],3,3,15,0,3
1,<environment.Job instance at 0x153faab291e0>,3,15,[ 1 10],5,15,30,10,5
1,<environment.Job instance at 0x153faab295f0>,4,1,[7 2],6,65,66,59,65
1,<environment.Job instance at 0x153faa93ce60>,2,2,[6 1],4,8,10,4,8
1,<environment.Job instance at 0x153faaa4ce60>,2,1,[1 9],3,3,4,0,3
1,<environment.Job instance at 0x153fe44fe460>,3,2,[2 6],4,4,6,0,4
1,<environment.Job instance at 0x153faaa4c3c0>,5,3,[7 2],6,6,9,0,6
1,<environment.Job instance at 0x153feafe1910>,4,25,[1 6],7,7,32,0,7
1,<environment.Job instance at 0x153feafe1f00>,6,2,[7 2],9,9,11,0,9
1,<environment.Job instance at 0x153feafe16e0>,5,2,[2 9],8,45,47,37,45
1,<environment.Job instance at 0x153faac4d4b0>,0,2,[2 9],3,3,5,0,3
1,<environment.Job instance at 0x153fab3c93c0>,3,3,[7 1],8,8,11,0,8
1,<environment.Job instance at 0x153fe403f960>,0,3,[9 2],1,1,4,0,1
1,<environment.Job instance at 0x153fe0082d70>,5,24,[ 1 10],7,7,31,0,7
1,<environment.Job instance at 0x153fe0082190>,7,3,[2 6],9,31,34,22,26
1,<environment.Job instance at 0x153feb09a320>,0,1,[7 2],1,1,2,0,1
1,<environment.Job instance at 0x153feb09a410>,1,2,[2 7],2,2,4,0,2
1,<environment.Job instance at 0x153feb09a960>,5,23,[ 1 10],8,8,31,0,8
1,<environment.Job instance at 0x153fe6870230>,2,1,[2 8],4,4,5,0,4
1,<environment.Job instance at 0x153fe6cc2140>,3,21,[5 1],5,5,26,0,5
1,<environment.Job instance at 0x153fe5f9d0f0>,1,3,[2 9],3,3,6,0,3
1,<environment.Job instance at 0x153faab3d190>,2,1,[ 1 10],4,4,5,0,4
1,<environment.Job instance at 0x153fe5f72d70>,3,1,[ 1 10],5,5,6,0,5
1,<environment.Job instance at 0x153fe5f72eb0>,4,23,[2 8],6,6,29,0,6
1,<environment.Job instance at 0x153faa5decd0>,1,15,[2 6],3,3,18,0,3
1,<environment.Job instance at 0x153feb04ef00>,1,3,[8 1],7,9,12,2,9
1,<environment.Job instance at 0x153faa82a8c0>,0,3,[6 1],1,1,4,0,1
1,<environment.Job instance at 0x153faa8c5960>,2,2,[9 2],3,4,6,1,3
1,<environment.Job instance at 0x153fab0a0c80>,1,1,[ 2 10],4,4,5,0,4
1,<environment.Job instance at 0x153fab0a05f0>,2,21,[1 6],5,5,26,0,5
1,<environment.Job instance at 0x153fab0a0320>,5,12,[5 1],8,8,20,0,8
1,<environment.Job instance at 0x153fab0a0be0>,6,17,[1 8],9,26,43,17,14
1,<environment.Job instance at 0x153feb985410>,2,1,[9 2],3,3,4,0,3
1,<environment.Job instance at 0x153fab3db190>,2,1,[2 9],3,3,4,0,3
1,<environment.Job instance at 0x153fab291910>,3,27,[1 8],4,4,31,0,4
1,<environment.Job instance at 0x153faa604320>,0,2,[1 6],1,1,3,0,1
1,<environment.Job instance at 0x153faa604dc0>,1,1,[5 1],2,2,3,0,2
1,<environment.Job instance at 0x153fab291730>,2,2,[10  2],4,4,6,0,4
1,<environment.Job instance at 0x153fe5ee91e0>,1,3,[1 9],3,3,6,0,3
1,<environment.Job instance at 0x153fe4070b90>,3,20,[5 2],4,4,24,0,4
1,<environment.Job instance at 0x153faa80c050>,4,3,[5 1],6,6,9,0,6
1,<environment.Job instance at 0x153fab27e320>,6,17,[7 2],8,24,41,16,12
1,<environment.Job instance at 0x153fe5e1c780>,1,1,[7 1],4,4,5,0,4
1,<environment.Job instance at 0x153fe5e1c500>,2,3,[9 1],5,5,8,0,5
1,<environment.Job instance at 0x153fab3d99b0>,3,18,[1 6],6,6,24,0,6
1,<environment.Job instance at 0x153fab3d9550>,5,15,[1 9],8,24,39,16,10
1,<environment.Job instance at 0x153fab3d9eb0>,6,2,[6 2],9,40,42,31,40
1,<environment.Job instance at 0x153fab042be0>,1,3,[1 5],4,4,7,0,4
1,<environment.Job instance at 0x153fab3d9e60>,2,12,[6 1],5,5,17,0,5
1,<environment.Job instance at 0x153faa78f6e0>,3,13,[1 5],6,7,20,1,6
1,<environment.Job instance at 0x153feb0bdaf0>,6,28,[2 7],9,20,48,11,19
1,<environment.Job instance at 0x153fe5cd2eb0>,2,23,[8 2],5,5,28,0,5
1,<environment.Job instance at 0x153fe5cd2d70>,3,3,[6 2],6,28,31,22,6
1,<environment.Job instance at 0x153fe5cd25f0>,6,14,[2 8],9,27,41,18,27
1,<environment.Job instance at 0x153fab219230>,2,14,[2 7],6,6,20,0,6
1,<environment.Job instance at 0x153fab2198c0>,2,16,[2 5],3,3,19,0,3
1,<environment.Job instance at 0x153fe452fc30>,1,16,[2 6],3,3,19,0,3
1,<environment.Job instance at 0x153fe6861b40>,5,18,[2 8],7,7,25,0,7
1,<environment.Job instance at 0x153faafb3410>,1,3,[8 2],2,6,9,4,6
1,<environment.Job instance at 0x153fab1225a0>,0,2,[1 7],1,1,3,0,1
1,<environment.Job instance at 0x153fe7ef6820>,2,3,[8 1],7,7,10,0,7
1,<environment.Job instance at 0x153feafee320>,0,3,[8 1],1,1,4,0,1
1,<environment.Job instance at 0x153fe6c481e0>,4,21,[1 8],6,6,27,0,6
1,<environment.Job instance at 0x153fe9d77190>,2,2,[ 2 10],6,6,8,0,6
1,<environment.Job instance at 0x153fe9d77a50>,3,3,[6 1],7,8,11,1,7
1,<environment.Job instance at 0x153fe9d77870>,2,1,[ 2 10],4,4,5,0,4
1,<environment.Job instance at 0x153fe9d77370>,3,1,[1 9],8,8,9,0,8
1,<environment.Job instance at 0x153faac5d2d0>,2,14,[7 2],7,9,23,2,8
1,<environment.Job instance at 0x153fe5cf5190>,0,2,[1 5],2,2,4,0,2
1,<environment.Job instance at 0x153faaee0af0>,3,2,[ 2 10],7,7,9,0,7
1,<environment.Job instance at 0x153fed39a870>,4,3,[8 1],8,9,12,1,8
1,<environment.Job instance at 0x153fecfcc140>,0,3,[5 1],1,1,4,0,1
1,<environment.Job instance at 0x153faae550a0>,0,2,[1 9],4,4,6,0,4
1,<environment.Job instance at 0x153fecb53500>,2,2,[6 1],4,4,6,0,4
1,<environment.Job instance at 0x153faa5991e0>,6,3,[8 2],9,9,12,0,9
1,<environment.Job instance at 0x153faa599d20>,0,2,[6 2],2,2,4,0,2
1,<environment.Job instance at 0x153faa599280>,2,18,[ 1 10],4,4,22,0,4
1,<environment.Job instance at 0x153fab112b40>,4,17,[1 8],6,22,39,16,10
1,<environment.Job instance at 0x153fab284460>,1,3,[9 2],4,4,7,0,4
1,<environment.Job instance at 0x153fab284820>,3,2,[2 6],6,7,9,1,6
1,<environment.Job instance at 0x153fab284410>,1,23,[2 6],2,2,25,0,2
1,<environment.Job instance at 0x153fe005f0a0>,1,1,[2 5],2,2,3,0,2
1,<environment.Job instance at 0x153feba18c30>,2,24,[1 8],3,3,27,0,3
1,<environment.Job instance at 0x153faa613aa0>,0,2,[ 1 10],2,2,4,0,2
1,<environment.Job instance at 0x153fab125780>,3,2,[ 1 10],5,5,7,0,5
1,<environment.Job instance at 0x153faa677820>,4,2,[8 2],7,7,9,0,7
1,<environment.Job instance at 0x153faa6134b0>,3,28,[8 2],5,5,33,0,5
1,<environment.Job instance at 0x153fab0e1e10>,4,14,[7 2],6,45,59,39,45
1,<environment.Job instance at 0x153faabec0a0>,0,2,[1 6],1,1,3,0,1
1,<environment.Job instance at 0x153faabec140>,2,27,[2 6],5,5,32,0,5
1,<environment.Job instance at 0x153fe7f244b0>,3,1,[6 2],6,6,7,0,6
1,<environment.Job instance at 0x153fe7f24f00>,5,3,[9 1],8,32,35,24,8
1,<environment.Job instance at 0x153faaee9b90>,7,20,[2 9],8,15,35,7,15
1,<environment.Job instance at 0x153faaee9730>,3,1,[6 1],5,5,6,0,5
1,<environment.Job instance at 0x153faad034b0>,4,18,[2 8],6,6,24,0,6
1,<environment.Job instance at 0x153faad03780>,5,2,[7 2],7,7,9,0,7
1,<environment.Job instance at 0x153faad03870>,6,3,[7 1],8,9,12,1,8
1,<environment.Job instance at 0x153fe5c7c6e0>,0,2,[5 2],1,1,3,0,1
1,<environment.Job instance at 0x153fe7f21190>,1,3,[5 1],2,2,5,0,2
1,<environment.Job instance at 0x153fe6c55370>,2,3,[10  1],4,5,8,1,4
1,<environment.Job instance at 0x153faa798e60>,1,2,[5 1],3,3,5,0,3
1,<environment.Job instance at 0x153fe429ab40>,2,1,[2 6],4,4,5,0,4
1,<environment.Job instance at 0x153fe429a230>,3,2,[1 6],5,5,7,0,5
1,<environment.Job instance at 0x153fe6c5a320>,2,2,[ 2 10],5,5,7,0,5
1,<environment.Job instance at 0x153fe00a8370>,3,3,[1 8],9,9,12,0,9
1,<environment.Job instance at 0x153faae1ec80>,4,2,[6 1],7,7,9,0,7
1,<environment.Job instance at 0x153faa69deb0>,5,3,[5 1],8,9,12,1,8
1,<environment.Job instance at 0x153fe6c785f0>,2,3,[1 9],4,4,7,0,4
1,<environment.Job instance at 0x153fe6c78a00>,3,14,[ 1 10],5,7,21,2,5
1,<environment.Job instance at 0x153fe5f2be10>,0,2,[8 2],2,2,4,0,2
1,<environment.Job instance at 0x153fe6be41e0>,4,3,[2 9],6,20,23,14,20
1,<environment.Job instance at 0x153faa97a320>,2,3,[1 5],3,3,6,0,3
1,<environment.Job instance at 0x153faa6eaaf0>,5,1,[6 1],8,8,9,0,8
1,<environment.Job instance at 0x153fe6be4460>,4,18,[2 9],7,8,26,1,8
1,<environment.Job instance at 0x153faa6f2320>,1,3,[1 9],2,2,5,0,2
1,<environment.Job instance at 0x153feb9e9690>,4,3,[7 1],6,6,9,0,6
1,<environment.Job instance at 0x153faa6b6320>,2,17,[ 1 10],7,7,24,0,7
1,<environment.Job instance at 0x153faa730960>,0,3,[5 1],3,3,6,0,3
1,<environment.Job instance at 0x153faa7305a0>,1,2,[10  2],4,6,8,2,4
1,<environment.Job instance at 0x153faa7307d0>,2,3,[7 2],5,8,11,3,5
1,<environment.Job instance at 0x153fe45ab960>,2,3,[9 1],8,8,11,0,8
1,<environment.Job instance at 0x153fab178050>,3,25,[2 8],5,5,30,0,5
1,<environment.Job instance at 0x153fab1783c0>,4,19,[2 9],6,30,49,24,20
1,<environment.Job instance at 0x153faad57640>,1,23,[1 7],2,2,25,0,2
1,<environment.Job instance at 0x153fab178cd0>,3,3,[7 1],4,4,7,0,4
1,<environment.Job instance at 0x153fecfb5820>,5,13,[2 5],6,25,38,19,10
1,<environment.Job instance at 0x153fe688d050>,1,13,[2 6],5,5,18,0,5
1,<environment.Job instance at 0x153faa7a2780>,3,20,[1 6],7,18,38,11,16
1,<environment.Job instance at 0x153fab3bf730>,1,2,[8 1],2,3,5,1,3
1,<environment.Job instance at 0x153fe5d6d780>,1,1,[2 9],4,4,5,0,4
1,<environment.Job instance at 0x153faaf9d640>,2,23,[10  2],5,5,28,0,5
1,<environment.Job instance at 0x153faa9badc0>,2,1,[9 1],5,5,6,0,5
1,<environment.Job instance at 0x153faae7cc30>,0,2,[ 1 10],1,1,3,0,1
1,<environment.Job instance at 0x153faae7cbe0>,1,1,[10  2],2,3,4,1,2
1,<environment.Job instance at 0x153fe45a8870>,3,2,[8 1],7,7,9,0,7
1,<environment.Job instance at 0x153fe5e40f50>,0,2,[1 7],1,1,3,0,1
1,<environment.Job instance at 0x153fab394780>,3,1,[9 1],5,10,11,5,10
1,<environment.Job instance at 0x153faab31460>,7,1,[ 2 10],9,689,690,680,689
1,<environment.Job instance at 0x153faabbfe10>,1,16,[9 1],5,16,32,11,16
1,<environment.Job instance at 0x153fe6c89910>,4,1,[5 1],7,7,8,0,7
1,<environment.Job instance at 0x153fe6c89550>,5,12,[2 5],8,8,20,0,8
1,<environment.Job instance at 0x153fe6c897d0>,6,1,[9 2],9,20,21,11,9
1,<environment.Job instance at 0x153fe68975a0>,2,19,[2 5],7,7,26,0,7
1,<environment.Job instance at 0x153faa5c5320>,1,14,[10  2],5,5,19,0,5
1,<environment.Job instance at 0x153faa5c5460>,3,3,[6 2],7,33,36,26,33
1,<environment.Job instance at 0x153fe0068c80>,0,1,[9 2],2,2,3,0,2
1,<environment.Job instance at 0x153feb0f7e60>,2,3,[1 8],4,4,7,0,4
1,<environment.Job instance at 0x153faaf34500>,4,3,[10  1],7,7,10,0,7
1,<environment.Job instance at 0x153faaf34d20>,0,2,[1 8],1,1,3,0,1
1,<environment.Job instance at 0x153faaf34320>,2,1,[2 5],3,3,4,0,3
1,<environment.Job instance at 0x153faaa9ceb0>,3,2,[6 2],4,4,6,0,4
1,<environment.Job instance at 0x153faaa9c730>,5,2,[8 1],7,8,10,1,8
1,<environment.Job instance at 0x153faafe20f0>,1,2,[2 7],2,2,4,0,2
1,<environment.Job instance at 0x153faaa9c820>,1,2,[10  1],2,2,4,0,2
1,<environment.Job instance at 0x153fe5d740f0>,3,19,[8 1],4,4,23,0,4
1,<environment.Job instance at 0x153faaf910a0>,6,2,[9 1],9,23,25,14,9
1,<environment.Job instance at 0x153faaf91a00>,0,3,[ 1 10],1,1,4,0,1
1,<environment.Job instance at 0x153feba39eb0>,3,2,[5 1],7,7,9,0,7
1,<environment.Job instance at 0x153feba39d20>,4,2,[7 2],8,9,11,1,8
1,<environment.Job instance at 0x153faa843190>,1,3,[1 9],3,3,6,0,3
1,<environment.Job instance at 0x153faaf1f0a0>,1,3,[2 7],2,5,8,3,5
1,<environment.Job instance at 0x153faa742c80>,6,2,[10  2],7,8,10,1,7
1,<environment.Job instance at 0x153faa742460>,2,3,[5 2],3,7,10,4,7
1,<environment.Job instance at 0x153faadce960>,7,2,[8 2],8,10,12,2,8
1,<environment.Job instance at 0x153faadcee60>,8,20,[1 7],9,9,29,0,9
1,<environment.Job instance at 0x153faadf8c30>,1,3,[2 7],4,4,7,0,4
1,<environment.Job instance at 0x153fe6c09c80>,4,1,[6 2],9,11,12,2,11
1,<environment.Job instance at 0x153fab341410>,1,1,[2 7],2,2,3,0,2
1,<environment.Job instance at 0x153feb9812d0>,4,12,[7 1],5,30,42,25,30
1,<environment.Job instance at 0x153fe0072e10>,0,1,[2 5],1,1,2,0,1
1,<environment.Job instance at 0x153fecfb6a00>,2,2,[5 2],3,3,5,0,3
1,<environment.Job instance at 0x153fe0072910>,3,3,[1 5],5,5,8,0,5
1,<environment.Job instance at 0x153faabf8a00>,0,1,[7 2],1,1,2,0,1
1,<environment.Job instance at 0x153faa8ddc80>,3,3,[2 5],5,5,8,0,5
1,<environment.Job instance at 0x153fab027780>,5,1,[1 6],7,8,9,1,7
1,<environment.Job instance at 0x153feb0cbcd0>,6,1,[2 8],9,9,10,0,9
1,<environment.Job instance at 0x153fab106780>,2,3,[2 9],7,7,10,0,7
1,<environment.Job instance at 0x153fe4582500>,2,27,[2 8],6,6,33,0,6
1,<environment.Job instance at 0x153faa72b190>,2,3,[10  1],3,728,731,725,728
1,<environment.Job instance at 0x153faa6b8d20>,1,13,[1 9],2,2,15,0,2
1,<environment.Job instance at 0x153faa72b190>,2,26,[ 2 10],4,15,41,11,12
1,<environment.Job instance at 0x153faa784140>,1,2,[1 5],5,5,7,0,5
1,<environment.Job instance at 0x153faa784910>,2,1,[9 1],6,6,7,0,6
1,<environment.Job instance at 0x153faa784f00>,4,1,[6 2],8,1460,1461,1452,1460
1,<environment.Job instance at 0x153feb0f24b0>,3,23,[1 6],6,6,29,0,6
1,<environment.Job instance at 0x153faa658870>,0,2,[5 2],1,1,3,0,1
1,<environment.Job instance at 0x153fe0075b40>,1,1,[1 9],3,3,4,0,3
1,<environment.Job instance at 0x153fe6807fa0>,2,3,[9 1],4,4,7,0,4
1,<environment.Job instance at 0x153faa8f8780>,3,12,[1 8],6,6,18,0,6
1,<environment.Job instance at 0x153faafe71e0>,0,2,[6 2],2,2,4,0,2
1,<environment.Job instance at 0x153faaf0f4b0>,3,3,[1 9],5,5,8,0,5
1,<environment.Job instance at 0x153faaf0f370>,5,2,[5 2],8,8,10,0,8
1,<environment.Job instance at 0x153faa837690>,4,2,[6 2],5,5,7,0,5
1,<environment.Job instance at 0x153fe4050730>,2,2,[1 8],3,8,10,5,8
1,<environment.Job instance at 0x153febad30f0>,0,3,[10  2],1,1,4,0,1
1,<environment.Job instance at 0x153fe6c44190>,2,2,[1 7],3,4,6,1,3
1,<environment.Job instance at 0x153faaa61320>,2,20,[ 2 10],3,3,23,0,3
1,<environment.Job instance at 0x153faaa61af0>,5,1,[10  2],9,23,24,14,14
1,<environment.Job instance at 0x153faac31dc0>,0,2,[1 7],1,1,3,0,1
1,<environment.Job instance at 0x153faac310f0>,1,3,[9 1],2,2,5,0,2
1,<environment.Job instance at 0x153fe680b050>,3,1,[ 1 10],5,8,9,3,8
1,<environment.Job instance at 0x153faac74870>,1,3,[7 1],2,27,30,25,27
1,<environment.Job instance at 0x153faae7c730>,0,3,[5 2],1,1,4,0,1
1,<environment.Job instance at 0x153faae7c640>,2,20,[2 6],3,3,23,0,3
1,<environment.Job instance at 0x153faad6a960>,2,2,[10  1],4,4,6,0,4
1,<environment.Job instance at 0x153faafec140>,3,2,[1 6],4,4,6,0,4
1,<environment.Job instance at 0x153fe009a8c0>,1,2,[2 8],2,6,8,4,5
1,<environment.Job instance at 0x153fab304e10>,3,3,[2 6],7,7,10,0,7
1,<environment.Job instance at 0x153faae06690>,4,1,[2 8],8,10,11,2,8
1,<environment.Job instance at 0x153fecb58820>,0,2,[ 2 10],3,3,5,0,3
1,<environment.Job instance at 0x153fab122820>,3,18,[ 2 10],7,7,25,0,7
1,<environment.Job instance at 0x153fab122050>,4,1,[10  1],9,25,26,16,9
1,<environment.Job instance at 0x153feba32a50>,0,2,[10  1],1,1,3,0,1
1,<environment.Job instance at 0x153fe685d820>,3,2,[2 5],5,5,7,0,5
1,<environment.Job instance at 0x153fe5d49c30>,4,1,[10  1],6,7,8,1,6
1,<environment.Job instance at 0x153fe5d49500>,5,2,[1 5],7,8,10,1,7
1,<environment.Job instance at 0x153fe5d49f50>,6,2,[6 1],8,8,10,0,8
1,<environment.Job instance at 0x153fe5d49cd0>,7,3,[8 1],9,10,13,1,9
1,<environment.Job instance at 0x153faa73cf50>,0,2,[5 1],1,1,3,0,1
1,<environment.Job instance at 0x153faa73c370>,3,12,[5 2],4,93,105,89,93
1,<environment.Job instance at 0x153fab186a00>,0,2,[10  2],1,1,3,0,1
1,<environment.Job instance at 0x153fab186b40>,2,1,[2 9],3,3,4,0,3
1,<environment.Job instance at 0x153fab1863c0>,3,3,[6 1],4,4,7,0,4
1,<environment.Job instance at 0x153fab186d70>,6,1,[1 9],7,7,8,0,7
1,<environment.Job instance at 0x153faa775050>,7,12,[ 2 10],8,8,20,0,8
1,<environment.Job instance at 0x153fe6987c30>,1,3,[6 1],2,2,5,0,2
1,<environment.Job instance at 0x153fab2cdf50>,0,2,[ 1 10],1,1,3,0,1
1,<environment.Job instance at 0x153fe5cde500>,1,2,[6 1],3,3,5,0,3
1,<environment.Job instance at 0x153fe47c9a00>,3,2,[1 7],6,6,8,0,6
1,<environment.Job instance at 0x153faab133c0>,0,3,[ 1 10],1,1,4,0,1
1,<environment.Job instance at 0x153faa648fa0>,2,3,[10  1],3,4,7,1,3
1,<environment.Job instance at 0x153faa648550>,3,3,[9 2],4,7,10,3,4
1,<environment.Job instance at 0x153faab54500>,1,12,[6 2],3,3,15,0,3
1,<environment.Job instance at 0x153faa66cfa0>,0,2,[1 6],1,1,3,0,1
1,<environment.Job instance at 0x153faa66c320>,2,3,[1 8],4,4,7,0,4
1,<environment.Job instance at 0x153fe5d28f50>,1,17,[2 6],4,4,21,0,4
1,<environment.Job instance at 0x153faa827e60>,2,1,[2 6],3,3,4,0,3
1,<environment.Job instance at 0x153fab2917d0>,3,1,[ 2 10],4,4,5,0,4
1,<environment.Job instance at 0x153faaf1c190>,4,19,[2 6],5,5,24,0,5
1,<environment.Job instance at 0x153faaea5230>,5,1,[10  1],7,27,28,20,27
1,<environment.Job instance at 0x153faaf1cb90>,1,3,[5 1],2,7,10,5,7
1,<environment.Job instance at 0x153faae17690>,1,14,[2 8],6,6,20,0,6
1,<environment.Job instance at 0x153faae175f0>,2,22,[1 8],9,20,42,11,13
1,<environment.Job instance at 0x153fe4529280>,1,12,[2 7],2,2,14,0,2
1,<environment.Job instance at 0x153fe459cfa0>,2,16,[6 2],3,3,19,0,3
1,<environment.Job instance at 0x153fe5d07dc0>,3,3,[7 2],4,19,22,15,5
1,<environment.Job instance at 0x153fe5ed4f00>,4,1,[10  1],6,22,23,16,22
1,<environment.Job instance at 0x153faafe29b0>,0,3,[7 1],2,2,5,0,2
1,<environment.Job instance at 0x153faafe2a50>,2,3,[2 8],7,7,10,0,7
1,<environment.Job instance at 0x153faafe2870>,4,14,[7 2],9,10,24,1,10
1,<environment.Job instance at 0x153fe6cab370>,0,2,[10  2],1,1,3,0,1
1,<environment.Job instance at 0x153fe5040e60>,2,3,[1 8],3,3,6,0,3
1,<environment.Job instance at 0x153febabda50>,1,22,[ 2 10],2,2,24,0,2
1,<environment.Job instance at 0x153feb106870>,4,25,[1 9],7,25,50,18,25
1,<environment.Job instance at 0x153fe6c4e320>,0,2,[2 9],4,4,6,0,4
1,<environment.Job instance at 0x153feb106780>,1,2,[9 1],5,6,8,1,5
1,<environment.Job instance at 0x153fe5dfc320>,2,2,[9 1],6,8,10,2,6
1,<environment.Job instance at 0x153fe6bc97d0>,0,1,[8 1],1,1,2,0,1
1,<environment.Job instance at 0x153fab2c8d70>,2,3,[9 2],3,3,6,0,3
1,<environment.Job instance at 0x153faa84bc80>,1,12,[10  1],2,2,14,0,2
1,<environment.Job instance at 0x153faac31550>,2,14,[5 1],3,14,28,11,3
1,<environment.Job instance at 0x153faa84b230>,4,3,[2 7],8,14,17,6,8
1,<environment.Job instance at 0x153faac17c80>,0,3,[8 2],1,1,4,0,1
1,<environment.Job instance at 0x153faafbaa00>,0,3,[8 2],1,1,4,0,1
1,<environment.Job instance at 0x153faa9e2410>,1,15,[2 5],3,3,18,0,3
1,<environment.Job instance at 0x153fe0085e10>,2,2,[1 5],5,5,7,0,5
1,<environment.Job instance at 0x153faafbaaa0>,3,14,[1 8],7,18,32,11,7
1,<environment.Job instance at 0x153faaa5c5f0>,1,3,[2 5],2,2,5,0,2
1,<environment.Job instance at 0x153faaa5c050>,3,16,[2 5],4,4,20,0,4
1,<environment.Job instance at 0x153fe5f38910>,4,3,[1 9],5,20,23,15,19
1,<environment.Job instance at 0x153faa8c0fa0>,3,27,[6 1],6,6,33,0,6
1,<environment.Job instance at 0x153faa8c0b40>,4,2,[2 9],9,9,11,0,9
1,<environment.Job instance at 0x153fe6c7f500>,1,19,[1 5],2,2,21,0,2
1,<environment.Job instance at 0x153fe5e9dbe0>,2,2,[2 9],4,21,23,17,4
1,<environment.Job instance at 0x153faabc52d0>,3,14,[ 1 10],5,23,37,18,8
1,<environment.Job instance at 0x153faa72f9b0>,1,15,[5 1],2,5,20,3,5
1,<environment.Job instance at 0x153fab3a7c80>,1,1,[2 9],2,2,3,0,2
1,<environment.Job instance at 0x153fab3a76e0>,2,1,[10  1],3,3,4,0,3
1,<environment.Job instance at 0x153feb0cecd0>,4,3,[ 1 10],5,5,8,0,5
1,<environment.Job instance at 0x153feb0ce190>,2,16,[9 1],4,4,20,0,4
1,<environment.Job instance at 0x153feb0cea00>,3,2,[10  2],5,20,22,15,17
1,<environment.Job instance at 0x153faaf4de60>,1,1,[2 8],2,2,3,0,2
1,<environment.Job instance at 0x153faaa2beb0>,0,2,[2 7],1,1,3,0,1
1,<environment.Job instance at 0x153fe68a3820>,3,15,[2 9],4,4,19,0,4
1,<environment.Job instance at 0x153faae6a820>,0,1,[5 2],1,1,2,0,1
1,<environment.Job instance at 0x153fab02f4b0>,2,2,[9 2],5,5,7,0,5
1,<environment.Job instance at 0x153fab02fb90>,4,1,[10  1],7,7,8,0,7
1,<environment.Job instance at 0x153faac2b370>,2,3,[6 1],8,8,11,0,8
1,<environment.Job instance at 0x153fe69498c0>,1,2,[ 1 10],3,3,5,0,3
1,<environment.Job instance at 0x153feb9e4550>,4,1,[2 6],8,8,9,0,8
1,<environment.Job instance at 0x153faa63e9b0>,4,2,[1 7],9,9,11,0,9
1,<environment.Job instance at 0x153fecf9d780>,1,3,[5 2],2,5,8,3,5
1,<environment.Job instance at 0x153feb0e9fa0>,4,12,[1 6],6,6,18,0,6
1,<environment.Job instance at 0x153fe45a4190>,0,3,[6 1],1,1,4,0,1
1,<environment.Job instance at 0x153fe45a41e0>,1,2,[2 6],2,2,4,0,2
1,<environment.Job instance at 0x153fe45a40f0>,2,1,[2 6],5,5,6,0,5
1,<environment.Job instance at 0x153fe42a26e0>,4,3,[10  1],8,8,11,0,8
1,<environment.Job instance at 0x153fe47ec0f0>,1,3,[5 2],4,4,7,0,4
1,<environment.Job instance at 0x153fe5ea6e10>,1,2,[ 1 10],4,5,7,1,5
1,<environment.Job instance at 0x153fe0041230>,3,27,[2 5],7,7,34,0,7
1,<environment.Job instance at 0x153fe6ca1780>,2,17,[8 1],8,106,123,98,106
1,<environment.Job instance at 0x153fe6c4f550>,0,2,[5 1],1,1,3,0,1
1,<environment.Job instance at 0x153fe6c4f960>,2,3,[1 6],3,3,6,0,3
1,<environment.Job instance at 0x153fe6c4fe10>,3,2,[1 7],6,6,8,0,6
1,<environment.Job instance at 0x153fe6c701e0>,4,3,[1 6],7,8,11,1,7
1,<environment.Job instance at 0x153fe6c4f460>,5,3,[2 7],9,11,14,2,9
1,<environment.Job instance at 0x153feb01d460>,1,2,[7 2],6,6,8,0,6
1,<environment.Job instance at 0x153feb01df00>,2,2,[2 7],7,7,9,0,7
1,<environment.Job instance at 0x153feb01d780>,4,1,[6 1],9,52,53,43,52
1,<environment.Job instance at 0x153faa73c8c0>,0,2,[9 2],2,2,4,0,2
1,<environment.Job instance at 0x153faa73c780>,1,2,[2 7],4,4,6,0,4
1,<environment.Job instance at 0x153fab37b5a0>,2,2,[7 2],5,5,7,0,5
1,<environment.Job instance at 0x153fab37b6e0>,3,3,[1 9],6,7,10,1,6
1,<environment.Job instance at 0x153faaf55280>,5,25,[ 1 10],8,10,35,2,8
1,<environment.Job instance at 0x153faa6585f0>,0,3,[9 2],1,1,4,0,1
1,<environment.Job instance at 0x153faaa0df50>,4,2,[8 2],6,6,8,0,6
1,<environment.Job instance at 0x153fed9c5a00>,0,2,[2 9],1,1,3,0,1
1,<environment.Job instance at 0x153faaab3c30>,2,2,[10  2],4,4,6,0,4
1,<environment.Job instance at 0x153feb0f7960>,3,2,[7 1],5,6,8,1,5
1,<environment.Job instance at 0x153feb0f7780>,6,3,[9 2],9,9,12,0,9
1,<environment.Job instance at 0x153fe4058870>,1,2,[2 9],2,2,4,0,2
1,<environment.Job instance at 0x153faabc6960>,2,1,[6 1],3,3,4,0,3
1,<environment.Job instance at 0x153fe5dd2780>,4,19,[2 9],6,6,25,0,6
1,<environment.Job instance at 0x153fe5dd2c80>,1,2,[5 1],3,3,5,0,3
1,<environment.Job instance at 0x153fab0a3910>,4,3,[ 2 10],6,6,9,0,6
1,<environment.Job instance at 0x153feb0c3f00>,1,1,[10  1],2,2,3,0,2
1,<environment.Job instance at 0x153faac58c30>,0,2,[1 6],2,2,4,0,2
1,<environment.Job instance at 0x153feb0c3550>,1,2,[9 1],4,4,6,0,4
1,<environment.Job instance at 0x153faaa1a460>,0,2,[2 6],1,1,3,0,1
1,<environment.Job instance at 0x153faa94ba00>,1,2,[8 2],4,4,6,0,4
1,<environment.Job instance at 0x153faaa1a320>,2,1,[10  2],5,6,7,1,5
1,<environment.Job instance at 0x153faaa1a5a0>,5,17,[ 1 10],9,9,26,0,9
1,<environment.Job instance at 0x153fe5d50550>,3,1,[1 8],5,5,6,0,5
1,<environment.Job instance at 0x153fe68cf280>,4,3,[9 1],7,7,10,0,7
1,<environment.Job instance at 0x153fe5d50230>,2,3,[8 2],3,10,13,7,8
1,<environment.Job instance at 0x153fe68cf690>,5,17,[2 5],8,10,27,2,8
1,<environment.Job instance at 0x153feaff2f00>,1,17,[ 2 10],2,2,19,0,2
1,<environment.Job instance at 0x153fab354dc0>,2,13,[1 7],4,19,32,15,7
1,<environment.Job instance at 0x153faa88d0f0>,1,2,[1 8],2,2,4,0,2
1,<environment.Job instance at 0x153faa88d820>,2,3,[8 2],3,3,6,0,3
1,<environment.Job instance at 0x153fe5cf00f0>,5,12,[1 9],8,8,20,0,8
1,<environment.Job instance at 0x153fe5cf0960>,2,1,[1 9],4,4,5,0,4
1,<environment.Job instance at 0x153fab112d20>,3,1,[1 7],5,5,6,0,5
1,<environment.Job instance at 0x153fab112050>,7,13,[7 2],9,9,22,0,9
1,<environment.Job instance at 0x153fab1126e0>,3,3,[5 2],6,6,9,0,6
1,<environment.Job instance at 0x153fe00a10a0>,1,1,[ 2 10],2,2,3,0,2
1,<environment.Job instance at 0x153faac27cd0>,2,24,[2 9],4,4,28,0,4
1,<environment.Job instance at 0x153fe6bef690>,2,1,[6 2],4,4,5,0,4
1,<environment.Job instance at 0x153fed9c5370>,3,1,[8 1],5,5,6,0,5
1,<environment.Job instance at 0x153fed9c53c0>,4,12,[2 7],6,6,18,0,6
1,<environment.Job instance at 0x153faac37c80>,3,26,[ 1 10],6,6,32,0,6
1,<environment.Job instance at 0x153faaa14690>,1,1,[7 1],3,495,496,492,495
1,<environment.Job instance at 0x153faa9f9dc0>,3,1,[ 2 10],5,6,7,1,6
1,<environment.Job instance at 0x153fab2dd690>,4,25,[ 2 10],6,7,32,1,6
1,<environment.Job instance at 0x153faaca4910>,4,2,[5 2],9,9,11,0,9
1,<environment.Job instance at 0x153fe406fa00>,1,3,[7 1],2,2,5,0,2
1,<environment.Job instance at 0x153faaca4910>,2,3,[10  2],5,5,8,0,5
1,<environment.Job instance at 0x153fe406fb40>,3,2,[ 1 10],6,8,10,2,6
1,<environment.Job instance at 0x153faaa73f00>,4,3,[2 9],7,10,13,3,7
1,<environment.Job instance at 0x153fe406fbe0>,6,13,[1 7],9,13,26,4,9
1,<environment.Job instance at 0x153fab088370>,3,2,[2 5],4,4,6,0,4
1,<environment.Job instance at 0x153fab0886e0>,4,3,[2 5],6,6,9,0,6
1,<environment.Job instance at 0x153faaa735a0>,5,2,[2 9],7,9,11,2,7
1,<environment.Job instance at 0x153fe4515dc0>,0,2,[10  2],1,1,3,0,1
1,<environment.Job instance at 0x153fe4515190>,1,2,[10  1],2,3,5,1,2
1,<environment.Job instance at 0x153fe4515780>,2,1,[2 5],4,5,6,1,4
1,<environment.Job instance at 0x153faa8fa550>,0,2,[5 1],1,1,3,0,1
1,<environment.Job instance at 0x153faad3db40>,3,20,[ 1 10],6,6,26,0,6
1,<environment.Job instance at 0x153fab06cd70>,0,2,[5 1],1,1,3,0,1
1,<environment.Job instance at 0x153fe40455f0>,1,1,[1 8],2,2,3,0,2
1,<environment.Job instance at 0x153fe5d9d4b0>,3,2,[7 1],7,7,9,0,7
1,<environment.Job instance at 0x153fe5d9d230>,1,3,[1 7],2,2,5,0,2
1,<environment.Job instance at 0x153fe5d9d4b0>,3,3,[2 9],5,5,8,0,5
1,<environment.Job instance at 0x153faa96b280>,1,18,[1 6],2,2,20,0,2
1,<environment.Job instance at 0x153faaaf7370>,0,2,[8 2],1,1,3,0,1
1,<environment.Job instance at 0x153faaeee280>,2,2,[2 8],6,6,8,0,6
1,<environment.Job instance at 0x153faaeeed70>,3,19,[2 7],7,8,27,1,7
1,<environment.Job instance at 0x153faabd3050>,1,1,[1 5],3,40,41,37,40
1,<environment.Job instance at 0x153fab0e1550>,0,2,[10  1],4,4,6,0,4
1,<environment.Job instance at 0x153faacc1c30>,2,1,[ 2 10],6,6,7,0,6
1,<environment.Job instance at 0x153fe5e22640>,4,1,[2 9],9,9,10,0,9
1,<environment.Job instance at 0x153faaa05d20>,1,24,[1 7],4,4,28,0,4
1,<environment.Job instance at 0x153fe7f1b690>,0,1,[5 2],1,1,2,0,1
1,<environment.Job instance at 0x153fe47f2fa0>,3,18,[2 6],5,5,23,0,5
1,<environment.Job instance at 0x153feb318140>,0,3,[7 2],4,4,7,0,4
1,<environment.Job instance at 0x153faa940780>,0,2,[8 1],2,3,5,1,3
1,<environment.Job instance at 0x153feafd4a50>,2,2,[2 8],4,4,6,0,4
1,<environment.Job instance at 0x153faa940d70>,1,1,[7 2],3,5,6,2,4
1,<environment.Job instance at 0x153faae454b0>,4,2,[10  2],7,7,9,0,7
1,<environment.Job instance at 0x153faaa1e910>,6,2,[2 5],9,9,11,0,9
1,<environment.Job instance at 0x153fe453c820>,2,20,[2 7],4,4,24,0,4
1,<environment.Job instance at 0x153faa916780>,0,2,[7 1],1,1,3,0,1
1,<environment.Job instance at 0x153feb0b1320>,2,3,[8 1],4,4,7,0,4
1,<environment.Job instance at 0x153febf040a0>,5,24,[ 1 10],8,8,32,0,8
1,<environment.Job instance at 0x153fe5d28a50>,1,1,[ 1 10],4,4,5,0,4
1,<environment.Job instance at 0x153fab384690>,0,2,[8 1],1,1,3,0,1
1,<environment.Job instance at 0x153fe428bc30>,1,16,[2 6],2,2,18,0,2
1,<environment.Job instance at 0x153faac13d20>,4,26,[1 7],8,18,44,10,15
1,<environment.Job instance at 0x153faac13370>,1,15,[7 1],2,2,17,0,2
1,<environment.Job instance at 0x153fe5eff190>,1,2,[1 8],2,2,4,0,2
1,<environment.Job instance at 0x153fe5eff320>,3,2,[9 2],4,4,6,0,4
1,<environment.Job instance at 0x153fe5f17a00>,1,17,[1 7],2,2,19,0,2
1,<environment.Job instance at 0x153fe6c7a690>,5,13,[10  2],8,22,35,14,22
1,<environment.Job instance at 0x153faab379b0>,3,1,[10  2],6,6,7,0,6
1,<environment.Job instance at 0x153faab37640>,1,2,[9 2],4,4,6,0,4
1,<environment.Job instance at 0x153faab29640>,2,1,[9 1],6,6,7,0,6
1,<environment.Job instance at 0x153faab379b0>,3,3,[5 1],7,7,10,0,7
1,<environment.Job instance at 0x153faa8374b0>,0,2,[6 1],1,1,3,0,1
1,<environment.Job instance at 0x153faaff8640>,2,14,[1 6],5,5,19,0,5
1,<environment.Job instance at 0x153faa5b1af0>,0,2,[9 2],1,1,3,0,1
1,<environment.Job instance at 0x153fe68c5370>,5,1,[1 8],9,9,10,0,9
1,<environment.Job instance at 0x153fe68c5370>,3,3,[10  1],5,5,8,0,5
1,<environment.Job instance at 0x153fe68cd870>,5,1,[5 2],7,8,9,1,7
1,<environment.Job instance at 0x153fe68cd500>,4,18,[5 1],6,8,26,2,7
1,<environment.Job instance at 0x153fe5d93b40>,2,3,[1 9],3,3,6,0,3
1,<environment.Job instance at 0x153faa648cd0>,0,3,[1 9],1,1,4,0,1
1,<environment.Job instance at 0x153fe5f4d140>,1,2,[9 1],3,3,5,0,3
1,<environment.Job instance at 0x153fe44f8c30>,2,2,[5 1],5,5,7,0,5
1,<environment.Job instance at 0x153faa5f4640>,2,20,[2 8],3,3,23,0,3
1,<environment.Job instance at 0x153faa7cd280>,1,18,[2 9],3,3,21,0,3
1,<environment.Job instance at 0x153feafe4820>,1,14,[1 7],2,2,16,0,2
1,<environment.Job instance at 0x153faac709b0>,3,3,[7 2],7,9,12,2,9
1,<environment.Job instance at 0x153fe5ed9d20>,1,28,[1 7],4,4,32,0,4
1,<environment.Job instance at 0x153fe5d4a3c0>,1,3,[9 1],3,3,6,0,3
1,<environment.Job instance at 0x153fe6883a00>,0,3,[10  2],1,1,4,0,1
1,<environment.Job instance at 0x153fe6883280>,4,16,[1 8],5,5,21,0,5
1,<environment.Job instance at 0x153faa6d9e10>,0,1,[9 2],1,1,2,0,1
1,<environment.Job instance at 0x153fab059eb0>,3,2,[6 1],6,6,8,0,6
1,<environment.Job instance at 0x153fab288c80>,1,1,[10  1],2,2,3,0,2
1,<environment.Job instance at 0x153fab288190>,2,3,[2 8],3,3,6,0,3
1,<environment.Job instance at 0x153fab288500>,4,14,[7 1],5,5,19,0,5
1,<environment.Job instance at 0x153fab288d20>,5,2,[2 6],7,7,9,0,7
1,<environment.Job instance at 0x153fe6cbe910>,6,2,[1 9],8,9,11,1,8
1,<environment.Job instance at 0x153faa604b90>,3,3,[7 1],4,4,7,0,4
1,<environment.Job instance at 0x153fab369dc0>,5,2,[5 2],6,7,9,1,6
1,<environment.Job instance at 0x153fab351230>,6,2,[6 1],7,9,11,2,7
1,<environment.Job instance at 0x153fab3510a0>,1,3,[8 2],2,2,5,0,2
1,<environment.Job instance at 0x153faacedb40>,4,3,[1 8],6,6,9,0,6
1,<environment.Job instance at 0x153faacedd20>,6,3,[6 2],9,9,12,0,9
1,<environment.Job instance at 0x153faacc5050>,0,3,[1 9],2,2,5,0,2
1,<environment.Job instance at 0x153faaced140>,1,3,[1 9],4,5,8,1,4
1,<environment.Job instance at 0x153faa9b2d70>,3,2,[6 1],7,8,10,1,8
1,<environment.Job instance at 0x153fab2ab500>,1,3,[7 2],2,2,5,0,2
1,<environment.Job instance at 0x153faaa7d190>,0,2,[2 6],1,1,3,0,1
1,<environment.Job instance at 0x153faaa7d500>,2,3,[5 2],4,4,7,0,4
1,<environment.Job instance at 0x153faaa7de60>,4,13,[9 2],7,9,22,2,9
1,<environment.Job instance at 0x153feb9edaa0>,0,3,[7 1],1,1,4,0,1
1,<environment.Job instance at 0x153feb9ed640>,2,18,[1 7],5,5,23,0,5
1,<environment.Job instance at 0x153feb9ede10>,3,2,[2 7],7,991,993,984,991
1,<environment.Job instance at 0x153fab33f910>,1,2,[1 5],2,2,4,0,2
1,<environment.Job instance at 0x153faa600fa0>,2,2,[8 1],3,3,5,0,3
1,<environment.Job instance at 0x153faa600370>,4,3,[8 2],5,5,8,0,5
1,<environment.Job instance at 0x153fab33f7d0>,5,3,[2 6],6,6,9,0,6
1,<environment.Job instance at 0x153fab0c34b0>,0,3,[10  2],1,1,4,0,1
1,<environment.Job instance at 0x153faa5c9c30>,3,2,[1 7],7,7,9,0,7
1,<environment.Job instance at 0x153faaaad780>,4,12,[2 9],8,9,21,1,8
1,<environment.Job instance at 0x153faae92280>,2,27,[ 2 10],4,4,31,0,4
1,<environment.Job instance at 0x153faa8c5b90>,5,3,[ 1 10],7,31,34,24,22
1,<environment.Job instance at 0x153faa8bc140>,0,2,[ 1 10],1,1,3,0,1
1,<environment.Job instance at 0x153faa8bcaa0>,1,1,[7 2],3,3,4,0,3
1,<environment.Job instance at 0x153feb0abe60>,2,3,[9 2],5,5,8,0,5
1,<environment.Job instance at 0x153faae92500>,4,3,[7 2],7,8,11,1,7
1,<environment.Job instance at 0x153fe5f84370>,1,17,[5 1],3,7,24,4,7
1,<environment.Job instance at 0x153fecfc59b0>,3,3,[1 5],8,9,12,1,9
1,<environment.Job instance at 0x153fecfc59b0>,2,18,[1 5],3,3,21,0,3
1,<environment.Job instance at 0x153feb9a5b40>,4,3,[ 1 10],5,21,24,16,8
1,<environment.Job instance at 0x153faaefa5a0>,8,1,[5 2],9,31,32,22,31
1,<environment.Job instance at 0x153faaf21820>,2,2,[8 2],4,4,6,0,4
1,<environment.Job instance at 0x153faa799f00>,3,2,[10  2],5,6,8,1,5
1,<environment.Job instance at 0x153faac9a1e0>,4,22,[2 6],7,8,30,1,7
1,<environment.Job instance at 0x153faa799d70>,5,15,[9 2],9,30,45,21,16
1,<environment.Job instance at 0x153faa799460>,1,2,[6 2],4,4,6,0,4
1,<environment.Job instance at 0x153faa799a50>,4,12,[7 2],8,8,20,0,8
1,<environment.Job instance at 0x153faa95f690>,1,17,[2 7],3,3,20,0,3
1,<environment.Job instance at 0x153feaffd2d0>,1,26,[2 5],3,3,29,0,3
1,<environment.Job instance at 0x153fab291730>,0,3,[7 2],1,1,4,0,1
1,<environment.Job instance at 0x153faaa31320>,2,1,[ 2 10],3,7,8,4,7
1,<environment.Job instance at 0x153faac870f0>,0,2,[2 9],3,3,5,0,3
1,<environment.Job instance at 0x153faac87140>,1,3,[10  1],5,5,8,0,5
1,<environment.Job instance at 0x153fab0e16e0>,1,23,[2 9],3,3,26,0,3
1,<environment.Job instance at 0x153fe6c937d0>,0,1,[1 5],2,2,3,0,2
1,<environment.Job instance at 0x153faabde5f0>,4,3,[10  2],9,9,12,0,9
1,<environment.Job instance at 0x153fe691a9b0>,3,12,[2 5],6,6,18,0,6
1,<environment.Job instance at 0x153fe691a6e0>,5,18,[7 2],8,8,26,0,8
1,<environment.Job instance at 0x153fe691a820>,6,2,[10  1],9,26,28,17,17
1,<environment.Job instance at 0x153faad770a0>,1,24,[1 9],2,2,26,0,2
1,<environment.Job instance at 0x153faafcc230>,7,3,[8 1],9,9,12,0,9
1,<environment.Job instance at 0x153fe5db9820>,3,26,[1 5],8,8,34,0,8
1,<environment.Job instance at 0x153feba04c30>,4,1,[6 1],9,13,14,4,13
1,<environment.Job instance at 0x153feba04780>,1,3,[1 7],2,2,5,0,2
1,<environment.Job instance at 0x153fe7f073c0>,2,22,[1 5],3,5,27,2,3
1,<environment.Job instance at 0x153fe7f07dc0>,6,22,[8 1],9,9,31,0,9
1,<environment.Job instance at 0x153fe5eb4a50>,3,3,[1 7],4,4,7,0,4
1,<environment.Job instance at 0x153fe5c8a870>,4,24,[7 1],5,5,29,0,5
1,<environment.Job instance at 0x153fe458c3c0>,2,12,[9 2],3,3,15,0,3
1,<environment.Job instance at 0x153faa7390f0>,7,3,[10  2],9,15,18,6,9
1,<environment.Job instance at 0x153faa739b40>,0,3,[7 1],1,1,4,0,1
1,<environment.Job instance at 0x153faa7390f0>,3,23,[5 1],4,6,29,2,6
1,<environment.Job instance at 0x153faab5d820>,5,3,[10  2],7,1312,1315,1305,1312
1,<environment.Job instance at 0x153fe5cb3870>,1,13,[1 8],2,2,15,0,2
1,<environment.Job instance at 0x153fe5cb3320>,2,13,[1 5],3,15,28,12,3
1,<environment.Job instance at 0x153fe5cb39b0>,1,2,[2 5],3,3,5,0,3
1,<environment.Job instance at 0x153feba9ea50>,2,12,[ 2 10],4,5,17,1,4
1,<environment.Job instance at 0x153faae478c0>,4,22,[ 1 10],6,17,39,11,10
1,<environment.Job instance at 0x153fe5fad4b0>,1,16,[2 6],3,3,19,0,3
1,<environment.Job instance at 0x153fe5fad870>,2,14,[2 9],4,4,18,0,4
1,<environment.Job instance at 0x153faacae140>,0,2,[6 1],1,1,3,0,1
1,<environment.Job instance at 0x153faa66ecd0>,2,1,[2 6],3,3,4,0,3
1,<environment.Job instance at 0x153faa66ea00>,3,3,[2 5],5,5,8,0,5
1,<environment.Job instance at 0x153faad258c0>,5,1,[1 7],7,8,9,1,7
1,<environment.Job instance at 0x153faa5b8410>,6,19,[1 5],8,9,28,1,8
1,<environment.Job instance at 0x153faa5b80f0>,7,20,[1 8],9,28,48,19,19
1,<environment.Job instance at 0x153fe5e0a050>,2,3,[5 1],4,4,7,0,4
1,<environment.Job instance at 0x153fe5e0a1e0>,4,18,[9 2],7,7,25,0,7
1,<environment.Job instance at 0x153fe5ca1e60>,2,1,[7 1],6,6,7,0,6
1,<environment.Job instance at 0x153fe5e0a7d0>,5,24,[ 1 10],9,9,33,0,9
1,<environment.Job instance at 0x153fe6c703c0>,1,3,[6 2],4,4,7,0,4
1,<environment.Job instance at 0x153fe6c70cd0>,1,2,[2 8],3,3,5,0,3
1,<environment.Job instance at 0x153faae69eb0>,3,1,[10  2],6,6,7,0,6
1,<environment.Job instance at 0x153fab0bbcd0>,2,23,[7 2],8,8,31,0,8
1,<environment.Job instance at 0x153fab0bb4b0>,3,3,[2 5],9,2156,2159,2147,2156
1,<environment.Job instance at 0x153feaffd280>,2,13,[6 1],5,5,18,0,5
1,<environment.Job instance at 0x153fe6c32cd0>,0,2,[1 7],1,1,3,0,1
1,<environment.Job instance at 0x153fe6c32d70>,1,3,[10  2],2,3,6,1,2
1,<environment.Job instance at 0x153faab68a00>,5,13,[8 2],8,8,21,0,8
1,<environment.Job instance at 0x153faab681e0>,6,13,[7 2],9,24,37,15,24
1,<environment.Job instance at 0x153fe5cb6640>,1,1,[1 8],5,5,6,0,5
1,<environment.Job instance at 0x153fe5cb67d0>,3,3,[ 2 10],8,8,11,0,8
1,<environment.Job instance at 0x153faacec370>,1,3,[7 2],2,2,5,0,2
1,<environment.Job instance at 0x153faacecaa0>,4,1,[5 1],8,8,9,0,8
1,<environment.Job instance at 0x153fe68bc320>,5,2,[5 2],9,9,11,0,9
1,<environment.Job instance at 0x153feba443c0>,2,1,[7 2],3,3,4,0,3
1,<environment.Job instance at 0x153feb0fdb40>,2,2,[2 7],9,9,11,0,9
1,<environment.Job instance at 0x153faa77afa0>,2,2,[10  2],5,5,7,0,5
1,<environment.Job instance at 0x153faa77a870>,3,1,[5 2],6,7,8,1,6
1,<environment.Job instance at 0x153faa77a820>,4,15,[1 9],8,8,23,0,8
1,<environment.Job instance at 0x153fe9d95730>,1,2,[2 5],3,3,5,0,3
1,<environment.Job instance at 0x153faa7827d0>,2,1,[9 1],4,5,6,1,4
1,<environment.Job instance at 0x153faa7820a0>,4,1,[8 1],7,7,8,0,7
1,<environment.Job instance at 0x153faacc0460>,2,3,[8 2],9,9,12,0,9
1,<environment.Job instance at 0x153fe5c90140>,1,17,[5 1],3,3,20,0,3
1,<environment.Job instance at 0x153fe5c906e0>,2,22,[2 7],4,4,26,0,4
1,<environment.Job instance at 0x153fe6cc30f0>,1,2,[2 9],2,2,4,0,2
1,<environment.Job instance at 0x153fed9c35f0>,3,3,[8 2],6,6,9,0,6
1,<environment.Job instance at 0x153feb10c410>,1,16,[1 9],2,2,18,0,2
1,<environment.Job instance at 0x153feb10c500>,2,25,[ 1 10],3,18,43,15,14
1,<environment.Job instance at 0x153faa63e9b0>,0,1,[1 5],1,1,2,0,1
1,<environment.Job instance at 0x153fe5d9dcd0>,2,1,[2 6],5,2744,2745,2739,2744
1,<environment.Job instance at 0x153fe5d9d4b0>,0,3,[6 2],2,2,5,0,2
1,<environment.Job instance at 0x153feb01d410>,1,2,[1 7],2,2,4,0,2
1,<environment.Job instance at 0x153faa921640>,1,14,[2 8],3,3,17,0,3
1,<environment.Job instance at 0x153fe6939eb0>,2,3,[7 2],3,3,6,0,3
1,<environment.Job instance at 0x153faaf1f460>,7,23,[2 9],9,12,35,3,12
1,<environment.Job instance at 0x153faaf1b190>,3,2,[5 2],4,4,6,0,4
1,<environment.Job instance at 0x153fe6bca3c0>,4,15,[10  2],5,6,21,1,5
1,<environment.Job instance at 0x153fe5da17d0>,0,2,[1 5],1,1,3,0,1
1,<environment.Job instance at 0x153fe5da1a50>,2,2,[9 1],3,3,5,0,3
1,<environment.Job instance at 0x153fe5da1370>,1,3,[7 2],3,3,6,0,3
1,<environment.Job instance at 0x153faaeb30f0>,2,3,[6 2],6,6,9,0,6
1,<environment.Job instance at 0x153faaeb3690>,3,1,[1 7],8,8,9,0,8
1,<environment.Job instance at 0x153fe5dc1500>,2,2,[6 2],3,3,5,0,3
1,<environment.Job instance at 0x153faa7827d0>,3,1,[10  2],9,9,10,0,9
1,<environment.Job instance at 0x153feda3b780>,2,19,[10  2],3,3,22,0,3
1,<environment.Job instance at 0x153feb9e4230>,4,25,[ 2 10],6,22,47,16,18
1,<environment.Job instance at 0x153feb9e4910>,3,17,[7 2],6,6,23,0,6
1,<environment.Job instance at 0x153fe4514370>,4,2,[5 2],7,23,25,16,23
1,<environment.Job instance at 0x153feba281e0>,4,1,[8 2],5,5,6,0,5
1,<environment.Job instance at 0x153fe44e3d70>,0,2,[1 7],1,1,3,0,1
1,<environment.Job instance at 0x153faa6264b0>,2,3,[2 7],4,180,183,176,180
1,<environment.Job instance at 0x153fe5efa690>,0,2,[1 8],1,1,3,0,1
1,<environment.Job instance at 0x153faa626820>,1,1,[9 2],3,3,4,0,3
1,<environment.Job instance at 0x153fe5f6cd70>,4,3,[6 1],7,7,10,0,7
1,<environment.Job instance at 0x153faab034b0>,5,2,[ 1 10],8,10,12,2,8
1,<environment.Job instance at 0x153faa808dc0>,1,2,[7 2],2,2,4,0,2
1,<environment.Job instance at 0x153faad2b140>,2,2,[1 5],3,3,5,0,3
1,<environment.Job instance at 0x153faad2b2d0>,4,3,[7 1],7,424,427,417,424
1,<environment.Job instance at 0x153faaeee6e0>,0,2,[2 9],2,2,4,0,2
1,<environment.Job instance at 0x153faaeee550>,3,2,[2 5],5,5,7,0,5
1,<environment.Job instance at 0x153faaeee960>,5,3,[1 8],7,21,24,14,21
1,<environment.Job instance at 0x153feb0ce4b0>,1,25,[1 7],4,4,29,0,4
1,<environment.Job instance at 0x153faab29b40>,3,21,[ 1 10],7,7,28,0,7
1,<environment.Job instance at 0x153faab690f0>,4,2,[10  2],8,28,30,20,8
1,<environment.Job instance at 0x153faab69780>,1,16,[1 6],3,3,19,0,3
1,<environment.Job instance at 0x153faab95eb0>,1,25,[2 9],2,2,27,0,2
1,<environment.Job instance at 0x153faa7d1dc0>,5,3,[2 9],8,8,11,0,8
1,<environment.Job instance at 0x153faaaa60a0>,3,2,[ 2 10],4,12,14,8,12
1,<environment.Job instance at 0x153faa7c62d0>,1,3,[1 7],2,11,14,9,11
1,<environment.Job instance at 0x153fe6bd3460>,5,24,[1 5],6,14,38,8,11
1,<environment.Job instance at 0x153fab2d89b0>,0,1,[5 2],2,2,3,0,2
1,<environment.Job instance at 0x153fab37fd20>,3,1,[9 1],6,7,8,1,7
1,<environment.Job instance at 0x153feafe1a00>,1,16,[ 2 10],3,3,19,0,3
1,<environment.Job instance at 0x153feafe1730>,5,15,[ 1 10],9,19,34,10,17
1,<environment.Job instance at 0x153fe9d7e500>,0,3,[5 1],1,1,4,0,1
1,<environment.Job instance at 0x153faa599af0>,3,1,[7 1],5,5,6,0,5
1,<environment.Job instance at 0x153faab63410>,1,1,[8 1],4,9,10,5,9
1,<environment.Job instance at 0x153feba1de60>,3,3,[2 5],6,7,10,1,7
1,<environment.Job instance at 0x153faafa2820>,2,1,[1 7],4,4,5,0,4
1,<environment.Job instance at 0x153faacf98c0>,4,26,[ 1 10],8,8,34,0,8
1,<environment.Job instance at 0x153fe4279910>,1,19,[1 5],2,2,21,0,2
1,<environment.Job instance at 0x153fab2dd370>,2,1,[1 6],3,3,4,0,3
1,<environment.Job instance at 0x153fab059f50>,2,2,[ 2 10],9,9,11,0,9
1,<environment.Job instance at 0x153fe45ab780>,1,1,[9 2],3,3,4,0,3
1,<environment.Job instance at 0x153faae2e870>,1,3,[9 1],2,2,5,0,2
1,<environment.Job instance at 0x153faae2ec30>,2,2,[9 1],3,5,7,2,3
1,<environment.Job instance at 0x153fe5e1c690>,1,3,[2 9],6,6,9,0,6
1,<environment.Job instance at 0x153fe404ec30>,0,3,[2 9],2,2,5,0,2
1,<environment.Job instance at 0x153fe404e280>,2,2,[2 6],5,5,7,0,5
1,<environment.Job instance at 0x153fab00f4b0>,4,1,[5 2],7,7,8,0,7
1,<environment.Job instance at 0x153fab00f550>,5,3,[9 1],8,8,11,0,8
1,<environment.Job instance at 0x153fab00f500>,6,12,[8 2],9,11,23,2,9
1,<environment.Job instance at 0x153fab022190>,0,2,[6 2],2,2,4,0,2
1,<environment.Job instance at 0x153fab0220f0>,1,3,[1 8],4,4,7,0,4
1,<environment.Job instance at 0x153fe68dda50>,1,18,[1 5],2,2,20,0,2
1,<environment.Job instance at 0x153faa61da50>,1,1,[7 2],3,3,4,0,3
1,<environment.Job instance at 0x153fe693c1e0>,2,13,[9 1],5,5,18,0,5
1,<environment.Job instance at 0x153faaaf01e0>,1,3,[ 2 10],2,2,5,0,2
1,<environment.Job instance at 0x153faa95b640>,2,1,[2 6],3,5,6,2,3
1,<environment.Job instance at 0x153fe504d4b0>,3,1,[1 7],5,6,7,1,5
1,<environment.Job instance at 0x153fab15d0f0>,2,1,[2 5],3,3,4,0,3
1,<environment.Job instance at 0x153faab105a0>,6,1,[9 1],9,318,319,309,318
1,<environment.Job instance at 0x153faa9e3a00>,2,2,[5 1],3,3,5,0,3
1,<environment.Job instance at 0x153faa9e3b90>,4,15,[9 1],5,103,118,98,103
1,<environment.Job instance at 0x153faa8d3b40>,0,3,[2 9],1,1,4,0,1
1,<environment.Job instance at 0x153faa9e3b90>,2,2,[10  1],3,4,6,1,4
1,<environment.Job instance at 0x153faaf8a9b0>,1,2,[5 2],2,2,4,0,2
1,<environment.Job instance at 0x153fe69126e0>,1,1,[5 1],3,3,4,0,3
1,<environment.Job instance at 0x153feafdffa0>,1,2,[2 5],2,232,234,230,232
1,<environment.Job instance at 0x153faa940190>,1,20,[9 2],2,2,22,0,2
1,<environment.Job instance at 0x153fab1981e0>,2,22,[5 2],4,22,44,18,22
1,<environment.Job instance at 0x153fe5ea0f00>,6,12,[2 5],9,41,53,32,41
1,<environment.Job instance at 0x153faa940550>,1,28,[8 1],3,3,31,0,3
1,<environment.Job instance at 0x153faaa49190>,1,16,[6 2],3,3,19,0,3
1,<environment.Job instance at 0x153faaa492d0>,2,2,[8 2],4,19,21,15,4
1,<environment.Job instance at 0x153fecfcc730>,3,3,[1 6],5,5,8,0,5
1,<environment.Job instance at 0x153feafe4dc0>,4,1,[1 6],6,8,9,2,6
1,<environment.Job instance at 0x153feafe4460>,6,1,[2 7],8,9,10,1,8
1,<environment.Job instance at 0x153fe684dd70>,2,15,[8 2],7,7,22,0,7
1,<environment.Job instance at 0x153faa66edc0>,4,13,[2 8],9,9,22,0,9
1,<environment.Job instance at 0x153fe5fc7730>,1,3,[1 6],3,3,6,0,3
1,<environment.Job instance at 0x153fe5fc7aa0>,3,3,[9 1],5,5,8,0,5
1,<environment.Job instance at 0x153fe5fc75f0>,4,22,[1 5],7,7,29,0,7
1,<environment.Job instance at 0x153fe44cf9b0>,0,2,[7 2],1,1,3,0,1
1,<environment.Job instance at 0x153fe5fc7050>,1,2,[10  1],2,3,5,1,2
1,<environment.Job instance at 0x153fe44cf690>,3,2,[7 2],4,5,7,1,4
1,<environment.Job instance at 0x153fe44cf2d0>,4,2,[8 2],5,7,9,2,5
1,<environment.Job instance at 0x153fe406b410>,1,2,[1 7],2,2,4,0,2
1,<environment.Job instance at 0x153fe406b050>,3,2,[9 1],7,7,9,0,7
1,<environment.Job instance at 0x153feba4f550>,5,2,[9 1],9,9,11,0,9
1,<environment.Job instance at 0x153faa9491e0>,0,2,[10  2],1,1,3,0,1
1,<environment.Job instance at 0x153faabaef00>,4,2,[7 1],5,5,7,0,5
1,<environment.Job instance at 0x153faabaeb40>,5,2,[1 6],6,6,8,0,6
1,<environment.Job instance at 0x153faa949500>,6,15,[2 8],9,9,24,0,9
1,<environment.Job instance at 0x153fe45b3410>,0,2,[7 1],1,1,3,0,1
1,<environment.Job instance at 0x153faabae2d0>,4,25,[1 5],5,5,30,0,5
1,<environment.Job instance at 0x153feba292d0>,5,2,[1 5],6,110,112,104,110
1,<environment.Job instance at 0x153fab287370>,3,21,[1 9],5,5,26,0,5
1,<environment.Job instance at 0x153faae19be0>,1,2,[1 7],3,3,5,0,3
1,<environment.Job instance at 0x153faaae2f00>,3,2,[9 1],5,5,7,0,5
1,<environment.Job instance at 0x153faaae25f0>,4,2,[ 2 10],6,7,9,1,6
1,<environment.Job instance at 0x153faaae2cd0>,5,16,[1 7],7,9,25,2,7
1,<environment.Job instance at 0x153faaea1a00>,1,2,[ 1 10],4,4,6,0,4
1,<environment.Job instance at 0x153fe6bc8370>,2,2,[1 9],5,6,8,1,5
1,<environment.Job instance at 0x153feaff25a0>,3,1,[8 1],6,6,7,0,6
1,<environment.Job instance at 0x153faa87b8c0>,0,3,[1 7],1,1,4,0,1
1,<environment.Job instance at 0x153feaff2e10>,1,2,[6 1],2,2,4,0,2
1,<environment.Job instance at 0x153fe5ed30f0>,1,3,[5 1],2,2,5,0,2
1,<environment.Job instance at 0x153fe5ed30a0>,2,1,[7 2],5,5,6,0,5
1,<environment.Job instance at 0x153faa742460>,4,2,[2 9],7,7,9,0,7
1,<environment.Job instance at 0x153fab3b0280>,5,3,[5 1],8,8,11,0,8
1,<environment.Job instance at 0x153faa883be0>,3,2,[5 1],5,5,7,0,5
1,<environment.Job instance at 0x153fe5e4c7d0>,2,2,[8 2],3,3,5,0,3
1,<environment.Job instance at 0x153fe5e4c3c0>,3,2,[2 6],4,4,6,0,4
1,<environment.Job instance at 0x153fe5c99910>,2,28,[1 8],3,3,31,0,3
1,<environment.Job instance at 0x153fe5eed550>,0,3,[8 1],1,1,4,0,1
1,<environment.Job instance at 0x153fab058320>,5,2,[2 9],7,7,9,0,7
1,<environment.Job instance at 0x153fe5eedc30>,2,21,[10  1],3,10,31,7,10
1,<environment.Job instance at 0x153fe688bf00>,1,15,[9 2],2,2,17,0,2
1,<environment.Job instance at 0x153faabf40f0>,1,3,[ 2 10],2,8,11,6,8
1,<environment.Job instance at 0x153faabf47d0>,5,13,[2 6],9,11,24,2,9
1,<environment.Job instance at 0x153fe5d9ae10>,0,3,[1 9],1,1,4,0,1
1,<environment.Job instance at 0x153fe5d9a0f0>,2,1,[2 5],4,4,5,0,4
1,<environment.Job instance at 0x153fab30ef00>,3,16,[9 1],7,7,23,0,7
1,<environment.Job instance at 0x153faaf112d0>,3,17,[10  1],5,5,22,0,5
1,<environment.Job instance at 0x153faa929870>,1,28,[2 8],3,3,31,0,3
1,<environment.Job instance at 0x153fe42aab90>,1,1,[2 8],5,5,6,0,5
1,<environment.Job instance at 0x153fe5dbf3c0>,1,3,[2 5],5,6,9,1,6
1,<environment.Job instance at 0x153fe5dbf820>,3,3,[10  1],7,9,12,2,7
1,<environment.Job instance at 0x153fe5dbf820>,2,2,[7 2],3,3,5,0,3
1,<environment.Job instance at 0x153fe452f690>,1,26,[1 9],2,5,31,3,3
1,<environment.Job instance at 0x153febee9be0>,5,16,[1 8],7,31,47,24,18
1,<environment.Job instance at 0x153faaf80be0>,0,3,[7 2],1,1,4,0,1
1,<environment.Job instance at 0x153fab09bf00>,1,2,[8 2],2,2,4,0,2
1,<environment.Job instance at 0x153fe5f47370>,2,2,[1 9],3,4,6,1,3
1,<environment.Job instance at 0x153fe006deb0>,4,2,[1 5],7,7,9,0,7
1,<environment.Job instance at 0x153fab16b0f0>,0,3,[9 2],2,2,5,0,2
