iteration,job object,job ID,job Length,job ressource requirement,job enter time,job start time,job finish time,job waiting time,current time
1,<environment.Job instance at 0x7f2c23e7bb40>,2,22,[4 8],3,3,25,0,3
1,<environment.Job instance at 0x7f2c23e7bdc0>,4,14,[1 6],5,24,38,19,9
1,<environment.Job instance at 0x7f2c23df82d0>,12,13,[10  2],13,25,38,12,13
1,<environment.Job instance at 0x7f2c23df84b0>,14,13,[7 3],15,38,51,23,22
1,<environment.Job instance at 0x7f2c23df85a0>,15,18,[2 8],16,38,56,22,27
1,<environment.Job instance at 0x7f2c23e7bf00>,6,20,[6 1],7,38,58,31,36
1,<environment.Job instance at 0x7f2c23df8550>,16,16,[3 5],17,51,67,34,38
1,<environment.Job instance at 0x7f2c23e047d0>,0,16,[ 2 11],1,1,17,0,1
1,<environment.Job instance at 0x7f2c23df8cd0>,2,20,[5 3],3,3,23,0,3
1,<environment.Job instance at 0x7f2c23fc1e10>,4,17,[5 7],5,17,34,12,5
1,<environment.Job instance at 0x7f2c23fc15f0>,7,17,[8 5],8,23,40,15,11
1,<environment.Job instance at 0x7f2c23fc13c0>,10,17,[1 6],11,34,51,23,22
1,<environment.Job instance at 0x7f2c23fc14b0>,11,23,[1 5],12,40,63,28,34
1,<environment.Job instance at 0x7f2c23fc1af0>,12,3,[5 5],13,51,54,38,34
1,<environment.Job instance at 0x7f2c23f5d1e0>,13,14,[8 1],14,40,54,26,34
1,<environment.Job instance at 0x7f2c23f5d6e0>,14,20,[10  2],15,54,74,39,45
1,<environment.Job instance at 0x7f2c23f5dfa0>,17,18,[3 8],18,54,72,36,45
1,<environment.Job instance at 0x7f2c23762af0>,1,12,[8 1],2,2,14,0,2
1,<environment.Job instance at 0x7f2c235a65f0>,8,12,[ 3 10],9,9,21,0,9
1,<environment.Job instance at 0x7f2c23f5d0f0>,10,14,[10  4],11,14,28,3,13
1,<environment.Job instance at 0x7f2c235a6820>,16,16,[7 5],17,28,44,11,17
1,<environment.Job instance at 0x7f2c235a6d70>,9,21,[ 1 10],10,24,45,14,24
1,<environment.Job instance at 0x7f2c235a6fa0>,12,26,[ 5 12],13,45,71,32,42
1,<environment.Job instance at 0x7f2c23c1af00>,21,3,[10  2],22,44,47,22,42
1,<environment.Job instance at 0x7f2c23c1ae10>,18,19,[9 2],19,47,66,28,42
1,<environment.Job instance at 0x7f2c234c2f00>,0,3,[1 7],1,1,4,0,1
1,<environment.Job instance at 0x7f2c234c2370>,1,3,[4 7],2,2,5,0,2
1,<environment.Job instance at 0x7f2c234c2500>,2,14,[13  4],3,5,19,2,3
1,<environment.Job instance at 0x7f2c234c2460>,3,3,[5 2],4,19,22,15,5
1,<environment.Job instance at 0x7f2c238e2e10>,6,17,[7 1],7,19,36,12,7
1,<environment.Job instance at 0x7f2c23ac37d0>,9,17,[3 7],10,19,36,9,10
1,<environment.Job instance at 0x7f2c23630af0>,11,18,[1 9],12,36,54,24,25
1,<environment.Job instance at 0x7f2c236309b0>,13,13,[7 5],14,36,49,22,25
1,<environment.Job instance at 0x7f2c2357e0f0>,22,16,[6 4],23,49,65,26,36
1,<environment.Job instance at 0x7f2c237cf280>,23,18,[6 5],24,54,72,30,43
1,<environment.Job instance at 0x7f2c23565cd0>,0,2,[7 5],1,1,3,0,1
1,<environment.Job instance at 0x7f2c23565af0>,1,14,[2 7],2,2,16,0,2
1,<environment.Job instance at 0x7f2c237cf280>,3,3,[7 5],4,4,7,0,4
1,<environment.Job instance at 0x7f2c233d25f0>,6,22,[6 1],7,7,29,0,7
1,<environment.Job instance at 0x7f2c233d2910>,7,15,[3 7],8,8,23,0,8
1,<environment.Job instance at 0x7f2c233d2a50>,8,2,[5 2],9,16,18,7,9
1,<environment.Job instance at 0x7f2c233d2b40>,9,22,[2 7],10,18,40,8,11
1,<environment.Job instance at 0x7f2c233d2e60>,13,2,[5 9],14,40,42,26,14
1,<environment.Job instance at 0x7f2c233d2eb0>,14,13,[9 4],15,29,42,14,15
1,<environment.Job instance at 0x7f2c233d2f50>,16,17,[3 8],17,42,59,25,30
1,<environment.Job instance at 0x7f2c233d51e0>,17,19,[10  5],18,42,61,24,42
1,<environment.Job instance at 0x7f2c233d5500>,22,14,[6 1],23,61,75,38,47
1,<environment.Job instance at 0x7f2c23426f50>,0,3,[11  3],1,2,5,1,2
1,<environment.Job instance at 0x7f2c233d55f0>,3,12,[9 1],4,5,17,1,4
1,<environment.Job instance at 0x7f2c234260a0>,4,14,[5 5],5,5,19,0,5
1,<environment.Job instance at 0x7f2c23426730>,7,17,[5 2],8,17,34,9,8
1,<environment.Job instance at 0x7f2c23426500>,8,18,[4 5],9,17,35,8,9
1,<environment.Job instance at 0x7f2c234266e0>,9,1,[5 4],10,19,20,9,10
1,<environment.Job instance at 0x7f2c233f90f0>,11,1,[ 2 10],12,34,35,22,12
1,<environment.Job instance at 0x7f2c233f9e10>,13,2,[4 7],14,20,22,6,14
1,<environment.Job instance at 0x7f2c233f9eb0>,17,13,[5 4],18,35,48,17,30
1,<environment.Job instance at 0x7f2c233f9fa0>,20,13,[4 5],21,35,48,14,30
1,<environment.Job instance at 0x7f2c23426910>,15,24,[1 5],16,35,59,19,30
1,<environment.Job instance at 0x7f2c233f9af0>,23,17,[ 2 10],24,48,65,24,39
1,<environment.Job instance at 0x7f2c233f9280>,26,13,[4 9],27,65,78,38,49
1,<environment.Job instance at 0x7f2c233f9230>,28,16,[10  3],29,59,75,30,49
1,<environment.Job instance at 0x7f2c23ca3640>,0,25,[4 5],1,1,26,0,1
1,<environment.Job instance at 0x7f2c233f9230>,2,2,[11  1],3,3,5,0,3
1,<environment.Job instance at 0x7f2c23ca3870>,3,17,[9 4],4,5,22,1,4
1,<environment.Job instance at 0x7f2c23ca3e10>,6,13,[ 1 13],7,26,39,19,10
1,<environment.Job instance at 0x7f2c23ca35f0>,10,14,[14  2],11,26,40,15,11
1,<environment.Job instance at 0x7f2c24818050>,11,1,[5 9],12,22,23,10,12
1,<environment.Job instance at 0x7f2c24818780>,12,20,[2 6],13,40,60,27,31
1,<environment.Job instance at 0x7f2c23ca3be0>,13,15,[5 1],14,40,55,26,31
1,<environment.Job instance at 0x7f2c24818aa0>,14,25,[2 8],15,40,65,25,37
1,<environment.Job instance at 0x7f2c24818cd0>,21,17,[5 5],22,60,77,38,48
1,<environment.Job instance at 0x7f2c23af2190>,0,14,[ 3 10],1,1,15,0,1
1,<environment.Job instance at 0x7f2c23526780>,4,22,[7 5],5,5,27,0,5
1,<environment.Job instance at 0x7f2c23526820>,5,2,[9 5],6,27,29,21,6
1,<environment.Job instance at 0x7f2c23526a50>,7,16,[3 9],8,15,31,7,8
1,<environment.Job instance at 0x7f2c23af2370>,1,2,[13  1],2,31,33,29,11
1,<environment.Job instance at 0x7f2c23526c80>,9,12,[ 5 10],10,33,45,23,16
1,<environment.Job instance at 0x7f2c23526eb0>,13,15,[4 6],14,45,60,31,31
1,<environment.Job instance at 0x7f2c23526fa0>,14,21,[3 8],15,45,66,30,37
1,<environment.Job instance at 0x7f2c2352c1e0>,16,15,[5 3],17,60,75,43,46
1,<environment.Job instance at 0x7f2c23b25be0>,3,3,[ 2 11],4,4,7,0,4
1,<environment.Job instance at 0x7f2c23b255a0>,4,22,[1 7],5,7,29,2,5
1,<environment.Job instance at 0x7f2c23b25a50>,5,2,[12  2],6,6,8,0,6
1,<environment.Job instance at 0x7f2c2479d320>,11,16,[5 9],12,29,45,17,16
1,<environment.Job instance at 0x7f2c2479d2d0>,12,3,[7 4],13,16,19,3,16
1,<environment.Job instance at 0x7f2c2479d550>,13,17,[5 1],14,16,33,2,16
1,<environment.Job instance at 0x7f2c2479db40>,14,17,[8 4],15,33,50,18,21
1,<environment.Job instance at 0x7f2c24963d20>,22,16,[5 5],23,45,61,22,32
1,<environment.Job instance at 0x7f2c249630a0>,30,16,[3 8],31,50,66,19,46
1,<environment.Job instance at 0x7f2c23e34eb0>,4,19,[8 2],5,5,24,0,5
1,<environment.Job instance at 0x7f2c23f7ed20>,6,17,[7 4],7,7,24,0,7
1,<environment.Job instance at 0x7f2c23dcee60>,8,12,[8 5],9,24,36,15,9
1,<environment.Job instance at 0x7f2c23501370>,12,2,[1 8],13,24,26,11,13
1,<environment.Job instance at 0x7f2c23501190>,13,16,[6 3],14,26,42,12,14
1,<environment.Job instance at 0x7f2c23501230>,16,3,[ 5 14],17,42,45,25,17
1,<environment.Job instance at 0x7f2c24442230>,19,19,[7 4],20,45,64,25,35
1,<environment.Job instance at 0x7f2c2467d960>,22,17,[8 5],23,45,62,22,35
1,<environment.Job instance at 0x7f2c23981f00>,2,3,[8 5],3,3,6,0,3
1,<environment.Job instance at 0x7f2c2d4c7eb0>,0,1,[1 9],1,4,5,3,4
1,<environment.Job instance at 0x7f2c23f796e0>,4,1,[14  3],5,6,7,1,5
1,<environment.Job instance at 0x7f2c23471b40>,5,3,[9 2],6,7,10,1,6
1,<environment.Job instance at 0x7f2c23471c30>,6,14,[5 9],7,7,21,0,7
1,<environment.Job instance at 0x7f2c23471cd0>,8,12,[2 5],9,10,22,1,9
1,<environment.Job instance at 0x7f2c23471e60>,9,16,[6 5],10,21,37,11,10
1,<environment.Job instance at 0x7f2c23471f50>,10,1,[2 9],11,22,23,11,11
1,<environment.Job instance at 0x7f2c23476410>,15,3,[2 6],16,23,26,7,16
1,<environment.Job instance at 0x7f2c23476550>,16,18,[7 5],17,26,44,9,17
1,<environment.Job instance at 0x7f2c234766e0>,18,3,[ 1 13],19,44,47,25,21
1,<environment.Job instance at 0x7f2c23476690>,17,18,[5 9],18,47,65,29,36
1,<environment.Job instance at 0x7f2c234769b0>,21,22,[5 3],22,47,69,25,40
1,<environment.Job instance at 0x7f2c2cfbc7d0>,0,1,[ 5 14],1,6,7,5,6
1,<environment.Job instance at 0x7f2c24542cd0>,1,1,[10  5],2,7,8,5,6
1,<environment.Job instance at 0x7f2c234769b0>,7,18,[11  5],8,8,26,0,8
1,<environment.Job instance at 0x7f2c2cfbc370>,8,12,[3 8],9,9,21,0,9
1,<environment.Job instance at 0x7f2c2cfbc9b0>,10,17,[1 9],11,21,38,10,11
1,<environment.Job instance at 0x7f2c23f9b410>,14,14,[1 5],15,26,40,11,16
1,<environment.Job instance at 0x7f2c23f9be60>,16,18,[1 7],17,38,56,21,27
1,<environment.Job instance at 0x7f2c23f9bdc0>,19,15,[1 6],20,40,55,20,27
1,<environment.Job instance at 0x7f2c23f9bb90>,17,12,[ 5 12],18,56,68,38,40
1,<environment.Job instance at 0x7f2c23f9b870>,22,2,[10  5],23,68,70,45,41
1,<environment.Job instance at 0x7f2c239b6d70>,1,16,[1 8],2,2,18,0,2
1,<environment.Job instance at 0x7f2c239b66e0>,2,13,[3 6],3,3,16,0,3
1,<environment.Job instance at 0x7f2c239b67d0>,5,22,[11  4],6,16,38,10,11
1,<environment.Job instance at 0x7f2c248335f0>,12,2,[ 1 14],13,38,40,25,13
1,<environment.Job instance at 0x7f2c24451050>,13,12,[13  2],14,40,52,26,24
1,<environment.Job instance at 0x7f2c24451370>,14,15,[9 1],15,52,67,37,38
1,<environment.Job instance at 0x7f2c24293960>,15,15,[ 2 11],16,40,55,24,40
1,<environment.Job instance at 0x7f2c23d270f0>,18,17,[5 5],19,55,72,36,43
1,<environment.Job instance at 0x7f2c241efc80>,2,2,[5 8],3,3,5,0,3
1,<environment.Job instance at 0x7f2c243944b0>,3,12,[4 6],4,4,16,0,4
1,<environment.Job instance at 0x7f2c23a0ca50>,4,21,[6 4],5,5,26,0,5
1,<environment.Job instance at 0x7f2c23714e60>,10,2,[1 6],11,16,18,5,11
1,<environment.Job instance at 0x7f2c23737a00>,12,15,[4 9],13,18,33,5,13
1,<environment.Job instance at 0x7f2c23737230>,18,12,[6 2],19,26,38,7,19
1,<environment.Job instance at 0x7f2c23737140>,20,16,[3 7],21,33,49,12,21
1,<environment.Job instance at 0x7f2c237258c0>,23,2,[5 5],24,33,35,9,26
1,<environment.Job instance at 0x7f2c237256e0>,25,16,[7 5],26,38,54,12,26
1,<environment.Job instance at 0x7f2c2424b870>,22,16,[3 5],23,49,65,26,36
1,<environment.Job instance at 0x7f2c23725cd0>,21,16,[1 9],22,54,70,32,45
1,<environment.Job instance at 0x7f2c2394b690>,0,20,[5 6],1,1,21,0,1
1,<environment.Job instance at 0x7f2c243259b0>,6,12,[6 5],7,7,19,0,7
1,<environment.Job instance at 0x7f2c24325b40>,10,15,[5 5],11,19,34,8,11
1,<environment.Job instance at 0x7f2c24325820>,14,13,[7 5],15,21,34,6,15
1,<environment.Job instance at 0x7f2c243253c0>,19,14,[3 6],20,34,48,14,20
1,<environment.Job instance at 0x7f2c2394bdc0>,1,1,[ 5 13],2,48,49,46,22
1,<environment.Job instance at 0x7f2c24981550>,20,18,[9 5],21,49,67,28,38
1,<environment.Job instance at 0x7f2c249d5500>,25,17,[6 5],26,49,66,23,38
1,<environment.Job instance at 0x7f2c235cffa0>,1,15,[10  4],2,2,17,0,2
1,<environment.Job instance at 0x7f2c241dd230>,2,3,[ 4 11],3,4,7,1,4
1,<environment.Job instance at 0x7f2c24a3b960>,5,2,[ 4 13],6,17,19,11,6
1,<environment.Job instance at 0x7f2c24a3bfa0>,6,2,[10  5],7,19,21,12,7
1,<environment.Job instance at 0x7f2c24a3b6e0>,9,14,[1 7],10,19,33,9,10
1,<environment.Job instance at 0x7f2c24a3b190>,10,17,[9 4],11,21,38,10,12
1,<environment.Job instance at 0x7f2c23efcfa0>,16,13,[1 5],17,33,46,16,17
1,<environment.Job instance at 0x7f2c23efc870>,17,15,[ 5 10],18,38,53,20,24
1,<environment.Job instance at 0x7f2c23efc910>,20,14,[9 5],21,46,60,25,31
1,<environment.Job instance at 0x7f2c23efc3c0>,22,13,[5 8],23,53,66,30,37
1,<environment.Job instance at 0x7f2c23efc230>,23,18,[9 4],24,60,78,36,49
1,<environment.Job instance at 0x7f2c248102d0>,1,3,[2 7],2,2,5,0,2
1,<environment.Job instance at 0x7f2c24340d70>,2,1,[10  4],3,3,4,0,3
1,<environment.Job instance at 0x7f2c23d1d9b0>,3,3,[3 8],4,4,7,0,4
1,<environment.Job instance at 0x7f2c247ec280>,4,17,[10  5],5,5,22,0,5
1,<environment.Job instance at 0x7f2c247ec460>,5,17,[3 6],6,7,24,1,6
1,<environment.Job instance at 0x7f2c247ec6e0>,8,16,[1 5],9,22,38,13,9
1,<environment.Job instance at 0x7f2c247ecaf0>,11,13,[9 3],12,22,35,10,12
1,<environment.Job instance at 0x7f2c247ef500>,16,3,[ 5 13],17,38,41,21,17
1,<environment.Job instance at 0x7f2c24803d70>,14,13,[6 5],15,41,54,26,25
1,<environment.Job instance at 0x7f2c247ef9b0>,21,16,[2 8],22,41,57,19,29
1,<environment.Job instance at 0x7f2c2427c690>,23,17,[8 1],24,54,71,30,44
1,<environment.Job instance at 0x7f2c247ef460>,17,20,[ 2 13],18,57,77,39,48
1,<environment.Job instance at 0x7f2c242f1dc0>,1,1,[9 1],2,2,3,0,2
1,<environment.Job instance at 0x7f2c249c77d0>,3,3,[8 2],4,4,7,0,4
1,<environment.Job instance at 0x7f2c249c7aa0>,4,3,[11  2],5,7,10,2,5
1,<environment.Job instance at 0x7f2c249c7d70>,6,12,[5 4],7,10,22,3,7
1,<environment.Job instance at 0x7f2c249c75a0>,7,14,[8 1],8,10,24,2,8
1,<environment.Job instance at 0x7f2c249c7f50>,8,16,[ 4 10],9,22,38,13,9
1,<environment.Job instance at 0x7f2c249c7550>,13,2,[11  1],14,24,26,10,14
1,<environment.Job instance at 0x7f2c247ef460>,15,12,[9 4],16,26,38,10,16
1,<environment.Job instance at 0x7f2c249c7a00>,19,15,[4 9],20,38,53,18,24
1,<environment.Job instance at 0x7f2c249c7230>,23,2,[5 2],24,38,40,14,24
1,<environment.Job instance at 0x7f2c2d006370>,24,3,[5 1],25,38,41,13,25
1,<environment.Job instance at 0x7f2c2d006a00>,25,17,[9 3],26,41,58,15,34
1,<environment.Job instance at 0x7f2c2d0065a0>,28,17,[2 7],29,53,70,24,41
1,<environment.Job instance at 0x7f2c2d006e60>,33,15,[4 7],34,58,73,24,44
1,<environment.Job instance at 0x7f2c2d0060f0>,2,14,[7 2],3,3,17,0,3
1,<environment.Job instance at 0x7f2c2d006d70>,4,14,[7 2],5,5,19,0,5
1,<environment.Job instance at 0x7f2c2372fa50>,5,12,[6 1],6,17,29,11,6
1,<environment.Job instance at 0x7f2c232b0320>,8,20,[5 6],9,19,39,10,10
1,<environment.Job instance at 0x7f2c2372f640>,10,14,[3 8],11,19,33,8,11
1,<environment.Job instance at 0x7f2c23f571e0>,11,16,[6 5],12,33,49,21,20
1,<environment.Job instance at 0x7f2c237d12d0>,15,20,[3 7],16,39,59,23,30
1,<environment.Job instance at 0x7f2c232b0b40>,9,15,[10  1],10,49,64,39,37
1,<environment.Job instance at 0x7f2c23397d70>,23,12,[5 9],24,59,71,35,42
1,<environment.Job instance at 0x7f2c23397320>,24,12,[6 4],25,64,76,39,47
1,<environment.Job instance at 0x7f2c23c45410>,0,13,[11  1],1,1,14,0,1
1,<environment.Job instance at 0x7f2c23c45b90>,1,3,[ 2 11],2,3,6,1,3
1,<environment.Job instance at 0x7f2c23c450a0>,2,16,[5 4],3,14,30,11,3
1,<environment.Job instance at 0x7f2c24940c30>,3,17,[ 2 10],4,6,23,2,4
1,<environment.Job instance at 0x7f2c23d30af0>,4,3,[6 2],5,23,26,18,6
1,<environment.Job instance at 0x7f2c249400f0>,5,1,[6 3],6,26,27,20,6
1,<environment.Job instance at 0x7f2c248ef550>,7,2,[5 4],8,27,29,19,8
1,<environment.Job instance at 0x7f2c23cbe460>,9,19,[2 7],10,23,42,13,13
1,<environment.Job instance at 0x7f2c2d02d370>,14,16,[6 1],15,29,45,14,16
1,<environment.Job instance at 0x7f2c248b6140>,17,18,[1 5],18,30,48,12,19
1,<environment.Job instance at 0x7f2c234937d0>,19,12,[6 3],20,42,54,22,25
1,<environment.Job instance at 0x7f2c2d02dc80>,11,14,[5 5],12,45,59,33,30
1,<environment.Job instance at 0x7f2c23d17d20>,20,16,[10  2],21,54,70,33,41
1,<environment.Job instance at 0x7f2c231ea640>,22,12,[1 8],23,59,71,36,42
1,<environment.Job instance at 0x7f07f365a5f0>,1,22,[11  3],2,2,24,0,2
1,<environment.Job instance at 0x7f07e9f05b40>,2,22,[4 8],3,3,25,0,3
1,<environment.Job instance at 0x7f07e9f05cd0>,3,3,[ 4 14],4,25,28,21,4
1,<environment.Job instance at 0x7f07e9f05dc0>,4,14,[1 6],5,28,42,23,13
1,<environment.Job instance at 0x7f07e9e82370>,12,13,[10  2],13,28,41,15,13
1,<environment.Job instance at 0x7f07e9e82500>,14,13,[7 3],15,41,54,26,25
1,<environment.Job instance at 0x7f07e9f05f50>,6,20,[6 1],7,41,61,34,34
1,<environment.Job instance at 0x7f07e9e82550>,15,18,[2 8],16,42,60,26,35
1,<environment.Job instance at 0x7f07e9e825a0>,16,16,[3 5],17,54,70,37,49
1,<environment.Job instance at 0x7f07e9e915f0>,1,23,[1 5],2,2,25,0,2
1,<environment.Job instance at 0x7f07e9e82cd0>,2,3,[5 5],3,3,6,0,3
1,<environment.Job instance at 0x7f07ea3ec410>,3,14,[8 1],4,4,18,0,4
1,<environment.Job instance at 0x7f07ea3ecc30>,0,17,[1 6],1,6,23,5,5
1,<environment.Job instance at 0x7f07e9e82c80>,5,2,[10  4],6,18,20,12,6
1,<environment.Job instance at 0x7f07ea3ec370>,7,18,[3 8],8,23,41,15,12
1,<environment.Job instance at 0x7f07ea437500>,9,2,[ 3 10],10,41,43,31,14
1,<environment.Job instance at 0x7f07ea3ec6e0>,4,20,[10  2],5,20,40,15,17
1,<environment.Job instance at 0x7f07ea437e60>,13,2,[5 9],14,43,45,29,17
1,<environment.Job instance at 0x7f07e9fbfc30>,14,13,[6 3],15,40,53,25,24
1,<environment.Job instance at 0x7f07e9fbfc80>,15,14,[5 1],16,45,59,29,31
1,<environment.Job instance at 0x7f07ea437c80>,6,13,[ 2 14],7,53,66,46,37
1,<environment.Job instance at 0x7f07e9fbff00>,16,14,[ 4 11],17,66,80,49,51
1,<environment.Job instance at 0x7f07e96098c0>,0,17,[ 3 10],1,1,18,0,1
1,<environment.Job instance at 0x7f07e961a1e0>,4,22,[8 1],5,5,27,0,5
1,<environment.Job instance at 0x7f07e9609140>,1,3,[10  2],2,27,30,25,5
1,<environment.Job instance at 0x7f07e961a5a0>,5,1,[ 3 12],6,18,19,12,8
1,<environment.Job instance at 0x7f07e961a780>,10,15,[8 3],11,30,45,19,16
1,<environment.Job instance at 0x7f07e961a690>,18,12,[7 5],19,30,42,11,19
1,<environment.Job instance at 0x7f07e958d730>,21,13,[5 6],22,42,55,20,26
1,<environment.Job instance at 0x7f07e9619460>,36,17,[7 1],37,45,62,8,37
1,<environment.Job instance at 0x7f07e9619690>,38,17,[5 5],39,55,72,16,43
1,<environment.Job instance at 0x7f07e96195f0>,39,17,[3 7],40,45,62,5,43
1,<environment.Job instance at 0x7f07e9619d70>,41,18,[1 9],42,62,80,20,51
1,<environment.Job instance at 0x7f07e9aab050>,43,13,[7 5],44,72,85,28,56
1,<environment.Job instance at 0x7f07e985c140>,1,13,[4 9],2,2,15,0,2
1,<environment.Job instance at 0x7f07e9b53b90>,2,14,[2 9],3,15,29,12,3
1,<environment.Job instance at 0x7f07e9b02af0>,3,2,[13  3],4,15,17,11,4
1,<environment.Job instance at 0x7f07e9a0f870>,5,2,[5 2],6,6,8,0,6
1,<environment.Job instance at 0x7f07e9a0f0f0>,6,1,[5 9],7,29,30,22,7
1,<environment.Job instance at 0x7f07e9a24780>,8,21,[9 4],9,17,38,8,9
1,<environment.Job instance at 0x7f07e9a245a0>,12,28,[2 8],13,30,58,17,29
1,<environment.Job instance at 0x7f07e9a24690>,13,12,[1 7],14,38,50,24,29
1,<environment.Job instance at 0x7f07e9a0adc0>,14,3,[10  2],15,50,53,35,29
1,<environment.Job instance at 0x7f07e9b0e820>,15,3,[5 5],16,53,56,37,29
1,<environment.Job instance at 0x7f07e9a28140>,16,3,[ 5 10],17,58,61,41,32
1,<environment.Job instance at 0x7f07e9ba0cd0>,17,20,[5 3],18,56,76,38,47
1,<environment.Job instance at 0x7f07e9a286e0>,18,3,[10  1],19,61,64,42,47
1,<environment.Job instance at 0x7f07e9a288c0>,19,21,[6 1],20,64,85,44,56
1,<environment.Job instance at 0x7f07e96d64b0>,20,2,[7 5],21,76,78,55,56
1,<environment.Job instance at 0x7f07e98d5140>,21,14,[2 7],22,64,78,42,56
1,<environment.Job instance at 0x7f07e98c89b0>,1,3,[10  5],2,2,5,0,2
1,<environment.Job instance at 0x7f07e98d5d20>,2,20,[9 3],3,5,25,2,3
1,<environment.Job instance at 0x7f07e945bc80>,4,3,[7 5],5,25,28,20,5
1,<environment.Job instance at 0x7f07e945f140>,10,3,[11  3],11,28,31,17,11
1,<environment.Job instance at 0x7f07e945f050>,8,18,[4 6],9,17,35,8,17
1,<environment.Job instance at 0x7f07e945f500>,14,14,[5 5],15,31,45,16,19
1,<environment.Job instance at 0x7f07e945f780>,17,17,[5 2],18,31,48,13,22
1,<environment.Job instance at 0x7f07e945f730>,18,18,[4 5],19,35,53,16,29
1,<environment.Job instance at 0x7f07e945fe10>,27,13,[5 4],28,45,58,17,36
1,<environment.Job instance at 0x7f07e945be60>,9,22,[14  1],10,58,80,48,52
1,<environment.Job instance at 0x7f07e949d0a0>,1,25,[6 3],2,2,27,0,2
1,<environment.Job instance at 0x7f07e949dfa0>,0,25,[4 5],1,2,27,1,2
1,<environment.Job instance at 0x7f07e945f0f0>,2,2,[11  1],3,27,29,24,3
1,<environment.Job instance at 0x7f07e949daf0>,5,2,[5 5],6,6,8,0,6
1,<environment.Job instance at 0x7f07e944acd0>,11,1,[5 9],12,29,30,17,12
1,<environment.Job instance at 0x7f07e944a0a0>,12,20,[2 6],13,13,33,0,13
1,<environment.Job instance at 0x7f07e944a550>,13,15,[5 1],14,30,45,16,16
1,<environment.Job instance at 0x7f07e944a8c0>,16,2,[ 5 13],17,33,35,16,18
1,<environment.Job instance at 0x7f07e944aa50>,21,17,[5 5],22,35,52,13,23
1,<environment.Job instance at 0x7f07e94bf690>,24,13,[4 8],25,35,48,10,25
1,<environment.Job instance at 0x7f07e94bf460>,27,17,[ 1 10],28,48,65,20,36
1,<environment.Job instance at 0x7f07e94bf230>,28,3,[5 9],29,65,68,36,39
1,<environment.Job instance at 0x7f07e944a370>,22,15,[5 5],23,52,67,29,42
1,<environment.Job instance at 0x7f07e94a5500>,38,13,[4 6],39,67,80,28,51
1,<environment.Job instance at 0x7f07e94a53c0>,41,13,[1 6],42,68,81,26,52
1,<environment.Job instance at 0x7f07e94a5820>,42,3,[3 5],43,80,83,37,54
1,<environment.Job instance at 0x7f07e94a5960>,40,17,[10  3],41,68,85,27,57
1,<environment.Job instance at 0x7f07e9da3cd0>,1,12,[3 8],2,2,14,0,2
1,<environment.Job instance at 0x7f07e9da3b90>,3,15,[4 6],4,5,20,1,5
1,<environment.Job instance at 0x7f07e9da35a0>,6,15,[5 3],7,14,29,7,7
1,<environment.Job instance at 0x7f07e9e69f00>,7,18,[1 5],8,14,32,6,8
1,<environment.Job instance at 0x7f07e9e694b0>,9,13,[1 7],10,20,33,10,10
1,<environment.Job instance at 0x7f07e9e69190>,16,13,[5 5],17,32,45,15,17
1,<environment.Job instance at 0x7f07e9e695f0>,19,14,[7 5],20,33,47,13,20
1,<environment.Job instance at 0x7f07e9e69dc0>,25,3,[12  3],26,29,32,3,26
1,<environment.Job instance at 0x7f07e9e69460>,24,16,[10  4],25,47,63,22,34
1,<environment.Job instance at 0x7f07e9da3320>,27,14,[7 5],28,63,77,35,48
1,<environment.Job instance at 0x7f07e944ae60>,1,2,[4 8],2,2,4,0,2
1,<environment.Job instance at 0x7f07e9460190>,2,16,[5 5],3,3,19,0,3
1,<environment.Job instance at 0x7f07e98cd0a0>,3,3,[7 4],4,4,7,0,4
1,<environment.Job instance at 0x7f07e9473690>,11,23,[ 3 13],12,19,42,7,14
1,<environment.Job instance at 0x7f07e9473780>,12,3,[8 4],13,14,17,1,14
1,<environment.Job instance at 0x7f07e954a910>,13,15,[5 8],14,42,57,28,28
1,<environment.Job instance at 0x7f07e954a960>,14,24,[ 3 10],15,57,81,42,52
1,<environment.Job instance at 0x7f07e947d820>,15,2,[10  4],16,52,54,36,52
1,<environment.Job instance at 0x7f07e947daa0>,16,16,[6 3],17,54,70,37,52
1,<environment.Job instance at 0x7f07e9c9c1e0>,0,2,[13  5],1,2,4,1,2
1,<environment.Job instance at 0x7f07e9c9caf0>,1,2,[1 8],2,2,4,0,2
1,<environment.Job instance at 0x7f07e9ca1690>,5,13,[6 4],6,6,19,0,6
1,<environment.Job instance at 0x7f07e9ca1730>,6,14,[10  3],7,19,33,12,7
1,<environment.Job instance at 0x7f07e947da00>,8,19,[1 5],9,9,28,0,9
1,<environment.Job instance at 0x7f07e9ca1b40>,9,18,[2 9],10,28,46,18,17
1,<environment.Job instance at 0x7f07e9ca10f0>,14,3,[2 7],15,19,22,4,17
1,<environment.Job instance at 0x7f07e9ca1230>,17,15,[9 5],18,33,48,15,19
1,<environment.Job instance at 0x7f07e9568d70>,25,3,[9 2],26,48,51,22,26
1,<environment.Job instance at 0x7f07e95683c0>,26,14,[5 9],27,46,60,19,31
1,<environment.Job instance at 0x7f07e9568910>,28,12,[2 5],29,51,63,22,34
1,<environment.Job instance at 0x7f07e9568190>,29,16,[6 5],30,60,76,30,47
1,<environment.Job instance at 0x7f07e9ca1320>,11,13,[6 5],12,60,73,48,47
1,<environment.Job instance at 0x7f07e9568280>,34,3,[13  1],35,76,79,41,50
1,<environment.Job instance at 0x7f07e95688c0>,35,3,[2 6],36,73,76,37,50
1,<environment.Job instance at 0x7f07e9e95960>,1,13,[ 4 10],2,2,15,0,2
1,<environment.Job instance at 0x7f07ea904410>,4,19,[6 3],5,5,24,0,5
1,<environment.Job instance at 0x7f07e95688c0>,6,14,[8 5],7,15,29,8,7
1,<environment.Job instance at 0x7f07ea9045a0>,7,17,[2 5],8,24,41,16,12
1,<environment.Job instance at 0x7f07ea904730>,8,2,[ 5 14],9,41,43,32,14
1,<environment.Job instance at 0x7f07ea9049b0>,18,12,[3 8],19,29,41,10,21
1,<environment.Job instance at 0x7f07ea904e60>,20,17,[1 9],21,43,60,22,31
1,<environment.Job instance at 0x7f07ea8e91e0>,24,14,[1 5],25,43,57,18,31
1,<environment.Job instance at 0x7f07ea8e9280>,25,12,[1 6],26,57,69,31,40
1,<environment.Job instance at 0x7f07ea8e9320>,26,18,[1 7],27,60,78,33,49
1,<environment.Job instance at 0x7f07ea8e9500>,29,15,[1 6],30,69,84,39,55
1,<environment.Job instance at 0x7f07e99307d0>,1,16,[1 8],2,2,18,0,2
1,<environment.Job instance at 0x7f07ea8e9690>,2,13,[3 6],3,3,16,0,3
1,<environment.Job instance at 0x7f07e9ef0640>,5,22,[11  4],6,16,38,10,12
1,<environment.Job instance at 0x7f07e9ef02d0>,3,18,[ 3 10],4,18,36,14,13
1,<environment.Job instance at 0x7f07e9ef0e10>,14,15,[9 1],15,38,53,23,24
1,<environment.Job instance at 0x7f07e9ef03c0>,7,23,[ 4 10],8,36,59,28,33
1,<environment.Job instance at 0x7f07e987f5a0>,19,14,[3 7],20,59,73,39,44
1,<environment.Job instance at 0x7f07e987f050>,20,15,[9 4],21,53,68,32,44
1,<environment.Job instance at 0x7f07e9e77690>,23,20,[5 4],24,68,88,44,59
1,<environment.Job instance at 0x7f07ea5fa500>,0,18,[7 1],1,68,86,67,59
1,<environment.Job instance at 0x7f07ea371f50>,0,2,[1 6],1,1,3,0,1
1,<environment.Job instance at 0x7f07ea371d20>,1,12,[11  1],2,2,14,0,2
1,<environment.Job instance at 0x7f07ea371c80>,2,15,[4 9],3,3,18,0,3
1,<environment.Job instance at 0x7f07ea371a00>,5,2,[ 4 12],6,18,20,12,6
1,<environment.Job instance at 0x7f07e9568410>,8,12,[6 2],9,14,26,5,9
1,<environment.Job instance at 0x7f07ea3713c0>,10,16,[3 7],11,20,36,9,12
1,<environment.Job instance at 0x7f07e9568230>,12,16,[3 5],13,20,36,7,13
1,<environment.Job instance at 0x7f07e95e3870>,15,16,[7 5],16,36,52,20,23
1,<environment.Job instance at 0x7f07e95e31e0>,17,18,[1 7],18,36,54,18,25
1,<environment.Job instance at 0x7f07e95e3dc0>,18,13,[3 8],19,52,65,33,36
1,<environment.Job instance at 0x7f07e95e3fa0>,19,13,[10  5],20,54,67,34,38
1,<environment.Job instance at 0x7f07e95e3690>,21,14,[3 6],22,65,79,43,50
1,<environment.Job instance at 0x7f07e95e38c0>,25,16,[5 8],26,67,83,41,54
1,<environment.Job instance at 0x7f07ea374eb0>,5,17,[6 5],6,6,23,0,6
1,<environment.Job instance at 0x7f07ea3741e0>,8,16,[ 5 10],9,9,25,0,9
1,<environment.Job instance at 0x7f07ea374910>,10,15,[5 2],11,23,38,12,11
1,<environment.Job instance at 0x7f07e9ce54b0>,12,14,[7 1],13,25,39,12,13
1,<environment.Job instance at 0x7f07e9ce5190>,18,3,[13  4],19,39,42,20,19
1,<environment.Job instance at 0x7f07e9ce55a0>,17,14,[2 6],18,25,39,7,20
1,<environment.Job instance at 0x7f07e9ce5af0>,20,18,[7 5],21,42,60,21,31
1,<environment.Job instance at 0x7f07e9ce5a50>,22,16,[ 2 10],23,39,55,16,31
1,<environment.Job instance at 0x7f07e9ce5640>,23,17,[4 5],24,55,72,31,43
1,<environment.Job instance at 0x7f07e9ce5690>,16,22,[5 5],17,60,82,43,53
1,<environment.Job instance at 0x7f07e9ce5460>,25,1,[1 6],26,72,73,46,53
1,<environment.Job instance at 0x7f07ea3489b0>,1,19,[4 8],2,2,21,0,2
1,<environment.Job instance at 0x7f07e9ce5cd0>,2,16,[ 4 10],3,21,37,18,8
1,<environment.Job instance at 0x7f07e947f2d0>,6,1,[4 6],7,8,9,1,8
1,<environment.Job instance at 0x7f07e947f410>,7,18,[9 4],8,9,27,1,8
1,<environment.Job instance at 0x7f07ea5ba5a0>,8,3,[14  5],9,37,40,28,11
1,<environment.Job instance at 0x7f07e95046e0>,9,1,[ 3 12],10,40,41,30,12
1,<environment.Job instance at 0x7f07ea676be0>,10,16,[2 8],11,41,57,30,28
1,<environment.Job instance at 0x7f07ea676f00>,11,2,[5 6],12,41,43,29,28
1,<environment.Job instance at 0x7f07ea348460>,3,3,[5 2],4,28,31,24,28
1,<environment.Job instance at 0x7f07ea676870>,15,13,[5 1],16,40,53,24,28
1,<environment.Job instance at 0x7f07e9610870>,17,13,[6 3],18,43,56,25,28
1,<environment.Job instance at 0x7f07ea676370>,13,23,[5 1],14,53,76,39,47
1,<environment.Job instance at 0x7f07e9b33550>,19,20,[3 8],20,57,77,37,48
1,<environment.Job instance at 0x7f07e9b33eb0>,21,3,[2 7],22,76,79,54,50
1,<environment.Job instance at 0x7f07e9b33050>,22,1,[10  4],23,77,78,54,50
1,<environment.Job instance at 0x7f07ea33ed70>,23,3,[3 8],24,78,81,54,52
1,<environment.Job instance at 0x7f07e9ce5460>,4,2,[ 2 14],5,81,83,76,54
1,<environment.Job instance at 0x7f07e96101e0>,18,3,[1 5],19,56,59,37,54
1,<environment.Job instance at 0x7f07e993a370>,28,16,[1 5],29,59,75,30,54
1,<environment.Job instance at 0x7f07f30ad9b0>,1,13,[1 9],2,2,15,0,2
1,<environment.Job instance at 0x7f07f30ada50>,3,13,[1 7],4,15,28,11,4
1,<environment.Job instance at 0x7f07f30ad370>,4,23,[1 5],5,5,28,0,5
1,<environment.Job instance at 0x7f07f30ad4b0>,5,2,[5 5],6,28,30,22,6
1,<environment.Job instance at 0x7f07f30adfa0>,6,2,[ 5 13],7,30,32,23,7
1,<environment.Job instance at 0x7f07e9e2d870>,8,2,[ 1 10],9,28,30,19,9
1,<environment.Job instance at 0x7f07e9e2dd20>,9,13,[7 5],10,32,45,22,16
1,<environment.Job instance at 0x7f07e9e2de60>,16,12,[5 4],17,32,44,15,17
1,<environment.Job instance at 0x7f07e9e2deb0>,18,16,[ 4 10],19,44,60,25,31
1,<environment.Job instance at 0x7f07e92432d0>,24,21,[6 5],25,45,66,20,37
1,<environment.Job instance at 0x7f07f3597c80>,25,12,[9 4],26,60,72,34,43
1,<environment.Job instance at 0x7f07ea476cd0>,29,15,[4 9],30,66,81,36,52
1,<environment.Job instance at 0x7f07ea6caf50>,30,15,[7 5],31,72,87,41,58
1,<environment.Job instance at 0x7f07e9c14a50>,2,14,[7 2],3,3,17,0,3
1,<environment.Job instance at 0x7f07e9281870>,4,14,[7 2],5,5,19,0,5
1,<environment.Job instance at 0x7f07e9198d20>,5,12,[6 1],6,17,29,11,6
1,<environment.Job instance at 0x7f07e9198320>,8,20,[5 6],9,19,39,10,11
1,<environment.Job instance at 0x7f07e91980a0>,11,16,[6 5],12,29,45,17,16
1,<environment.Job instance at 0x7f07e9198be0>,12,14,[5 4],13,39,53,26,24
1,<environment.Job instance at 0x7f07e9198230>,9,15,[10  1],10,45,60,35,32
1,<environment.Job instance at 0x7f07e9c7f140>,15,20,[3 7],16,53,73,37,44
1,<environment.Job instance at 0x7f07e9c7ff50>,17,21,[1 7],18,53,74,35,45
1,<environment.Job instance at 0x7f07e96f1c30>,0,24,[4 5],1,1,25,0,1
1,<environment.Job instance at 0x7f07e9c7f1e0>,1,14,[5 5],2,2,16,0,2
1,<environment.Job instance at 0x7f07ea71eb90>,4,16,[6 1],5,5,21,0,5
1,<environment.Job instance at 0x7f07ea71e140>,5,14,[11  2],6,21,35,15,6
1,<environment.Job instance at 0x7f07ea03ccd0>,11,15,[4 8],12,25,40,13,17
1,<environment.Job instance at 0x7f07ea7c7960>,9,12,[6 3],10,35,47,25,18
1,<environment.Job instance at 0x7f07f326f780>,13,2,[ 1 12],14,40,42,26,18
1,<environment.Job instance at 0x7f07ea2c1370>,12,12,[1 8],13,42,54,29,25
1,<environment.Job instance at 0x7f07f326f910>,15,18,[6 2],16,42,60,26,31
1,<environment.Job instance at 0x7f07e926b2d0>,17,13,[7 5],18,47,60,29,31
1,<environment.Job instance at 0x7f07ea9969b0>,20,15,[7 3],21,60,75,39,46
1,<environment.Job instance at 0x7f07e9b6bb90>,27,15,[8 5],28,60,75,32,47
1,<environment.Job instance at 0x7f07e91dac80>,0,1,[8 3],1,1,2,0,1
1,<environment.Job instance at 0x7f07e91dab40>,1,13,[8 3],2,2,15,0,2
1,<environment.Job instance at 0x7f07ea4d86e0>,6,14,[9 5],7,15,29,8,7
1,<environment.Job instance at 0x7f07ea4d85f0>,13,3,[ 3 10],14,14,17,0,14
1,<environment.Job instance at 0x7f07ea4d8910>,9,13,[11  2],10,29,42,19,15
1,<environment.Job instance at 0x7f07ea4d8d70>,15,14,[2 6],16,26,40,10,26
1,<environment.Job instance at 0x7f07ea4d8b90>,16,12,[5 1],17,42,54,25,26
1,<environment.Job instance at 0x7f07ea4d8af0>,12,17,[4 7],13,40,57,27,28
1,<environment.Job instance at 0x7f07ea4a91e0>,21,3,[1 6],22,29,32,7,28
1,<environment.Job instance at 0x7f07ea4a9280>,22,15,[8 1],23,54,69,31,40
1,<environment.Job instance at 0x7f07ea4a9320>,23,14,[5 7],24,57,71,33,42
1,<environment.Job instance at 0x7f07ea4a96e0>,26,15,[ 4 10],27,71,86,44,57
1,<environment.Job instance at 0x7f07e9a5eb90>,1,22,[10  5],2,2,24,0,2
1,<environment.Job instance at 0x7f07ea4a9870>,2,1,[ 5 14],3,24,25,21,3
1,<environment.Job instance at 0x7f07e9a5e960>,4,12,[ 1 10],5,5,17,0,5
1,<environment.Job instance at 0x7f07e9a5e500>,7,3,[ 4 11],8,25,28,17,10
1,<environment.Job instance at 0x7f07e9a5e2d0>,8,15,[5 1],9,17,32,8,10
1,<environment.Job instance at 0x7f07e9a5ea00>,10,1,[10  2],11,28,29,17,11
1,<environment.Job instance at 0x7f07e9a5ee10>,9,13,[5 2],10,29,42,19,14
1,<environment.Job instance at 0x7f07e9a5eaf0>,11,23,[2 9],12,29,52,17,23
1,<environment.Job instance at 0x7f07e9a5eaa0>,12,26,[7 4],13,32,58,19,29
1,<environment.Job instance at 0x7f07e9a5e640>,14,3,[13  3],15,58,61,43,36
1,<environment.Job instance at 0x7f07e9a5e7d0>,15,13,[8 1],16,61,74,45,45
1,<environment.Job instance at 0x7f07ea4a95a0>,6,15,[1 8],7,54,69,47,54
1,<environment.Job instance at 0x7f07e9a5ef50>,16,14,[13  2],17,74,88,57,59
1,<environment.Job instance at 0x7f07ea3487d0>,0,17,[5 1],1,1,18,0,1
1,<environment.Job instance at 0x7f07ea2c9a00>,4,18,[ 2 10],5,5,23,0,5
1,<environment.Job instance at 0x7f07ea2c94b0>,5,17,[5 5],6,18,35,12,6
1,<environment.Job instance at 0x7f07ea2c9c30>,9,15,[7 3],10,23,38,13,10
1,<environment.Job instance at 0x7f07ea2c9fa0>,10,17,[1 5],11,23,40,12,11
1,<environment.Job instance at 0x7f07ea2c9b40>,11,3,[3 9],12,38,41,26,12
1,<environment.Job instance at 0x7f07ea2c97d0>,7,14,[8 5],8,40,54,32,25
1,<environment.Job instance at 0x7f07ea2c91e0>,8,25,[9 4],9,54,79,45,50
1,<environment.Job instance at 0x7f07ea2c9910>,15,16,[2 9],16,50,66,34,50
1,<environment.Job instance at 0x7f07ea2c9500>,18,18,[5 4],19,66,84,47,55
1,<environment.Job instance at 0x7f1695800320>,1,22,[11  3],2,2,24,0,2
1,<environment.Job instance at 0x7f168c088410>,2,22,[4 8],3,3,25,0,3
1,<environment.Job instance at 0x7f168c0885a0>,3,3,[ 4 14],4,25,28,21,4
1,<environment.Job instance at 0x7f168c088690>,4,14,[1 6],5,28,42,23,13
1,<environment.Job instance at 0x7f168c088be0>,12,13,[10  2],13,28,41,15,13
1,<environment.Job instance at 0x7f168c088e10>,14,13,[7 3],15,41,54,26,25
1,<environment.Job instance at 0x7f168c088cd0>,15,18,[2 8],16,42,60,26,32
1,<environment.Job instance at 0x7f168c0887d0>,6,20,[6 1],7,41,61,34,38
1,<environment.Job instance at 0x7f168c088eb0>,16,16,[3 5],17,54,70,37,41
1,<environment.Job instance at 0x7f168c088960>,8,22,[14  3],9,70,92,61,63
1,<environment.Job instance at 0x7f168c7b3d70>,0,13,[ 3 12],1,1,14,0,1
1,<environment.Job instance at 0x7f168c7b38c0>,3,2,[5 9],4,14,16,10,4
1,<environment.Job instance at 0x7f168c7b3280>,4,13,[6 3],5,5,18,0,5
1,<environment.Job instance at 0x7f168c7b3780>,5,14,[5 1],6,16,30,10,6
1,<environment.Job instance at 0x7f168c7b4dc0>,7,19,[4 8],8,16,35,8,8
1,<environment.Job instance at 0x7f168c7b4b90>,11,14,[2 6],12,18,32,6,12
1,<environment.Job instance at 0x7f168c7b30a0>,9,12,[10  2],10,32,44,22,17
1,<environment.Job instance at 0x7f168c7b4050>,10,13,[9 4],11,44,57,33,28
1,<environment.Job instance at 0x7f168c7b46e0>,13,16,[ 4 10],14,35,51,21,28
1,<environment.Job instance at 0x7f168c7b47d0>,12,15,[5 9],13,51,66,38,37
1,<environment.Job instance at 0x7f168c7b40f0>,20,16,[7 1],21,57,73,36,47
1,<environment.Job instance at 0x7f168c7b4230>,21,14,[ 2 13],22,66,80,44,51
1,<environment.Job instance at 0x7f168c7b4370>,24,12,[5 6],25,80,92,55,63
1,<environment.Job instance at 0x7f168c7b4780>,25,1,[7 4],26,80,81,54,63
1,<environment.Job instance at 0x7f168b7899b0>,1,13,[5 6],2,2,15,0,2
1,<environment.Job instance at 0x7f168b789a50>,0,16,[ 2 14],1,15,31,14,4
1,<environment.Job instance at 0x7f168b7891e0>,10,3,[1 7],11,11,14,0,11
1,<environment.Job instance at 0x7f168b789280>,11,3,[4 7],12,31,34,19,12
1,<environment.Job instance at 0x7f168b789730>,13,3,[5 2],14,31,34,17,14
1,<environment.Job instance at 0x7f168b789dc0>,16,17,[7 1],17,34,51,17,22
1,<environment.Job instance at 0x7f168b789370>,18,17,[5 5],19,31,48,12,22
1,<environment.Job instance at 0x7f168b728690>,19,17,[3 7],20,34,51,14,22
1,<environment.Job instance at 0x7f168b789b90>,7,1,[4 8],8,51,52,43,23
1,<environment.Job instance at 0x7f168b7896e0>,6,17,[14  2],7,52,69,45,41
1,<environment.Job instance at 0x7f168b728a00>,21,18,[1 9],22,52,70,30,43
1,<environment.Job instance at 0x7f168b728d20>,23,13,[7 5],24,69,82,45,56
1,<environment.Job instance at 0x7f168b728f00>,28,1,[13  2],29,82,83,53,56
1,<environment.Job instance at 0x7f168b728be0>,27,21,[1 9],28,70,91,42,63
1,<environment.Job instance at 0x7f168b81aeb0>,0,20,[ 3 13],1,1,21,0,1
1,<environment.Job instance at 0x7f168b81a8c0>,1,1,[ 2 14],2,21,22,19,6
1,<environment.Job instance at 0x7f168b728960>,2,2,[12  2],3,6,8,3,6
1,<environment.Job instance at 0x7f168bc7f550>,4,13,[9 4],5,22,35,17,8
1,<environment.Job instance at 0x7f168ccb9140>,9,14,[ 1 10],10,22,36,12,11
1,<environment.Job instance at 0x7f168ccb9050>,12,14,[6 1],13,35,49,22,20
1,<environment.Job instance at 0x7f168ccb9eb0>,14,16,[3 8],15,36,52,21,23
1,<environment.Job instance at 0x7f168ccb91e0>,10,25,[6 2],11,35,60,24,32
1,<environment.Job instance at 0x7f168ccb9690>,16,16,[9 2],17,52,68,35,41
1,<environment.Job instance at 0x7f168ccb9640>,15,14,[10  1],16,68,82,52,53
1,<environment.Job instance at 0x7f168ccb98c0>,18,13,[6 3],19,82,95,63,66
1,<environment.Job instance at 0x7f168ccb9230>,19,13,[7 4],20,82,95,62,66
1,<environment.Job instance at 0x7f168b877730>,0,14,[14  5],1,2,16,1,2
1,<environment.Job instance at 0x7f168b877460>,2,15,[6 1],3,16,31,13,3
1,<environment.Job instance at 0x7f168cc3b0a0>,3,1,[6 4],4,16,17,12,4
1,<environment.Job instance at 0x7f168cc3bc80>,7,2,[8 5],8,17,19,9,9
1,<environment.Job instance at 0x7f168cc3bbe0>,9,18,[6 1],10,19,37,9,10
1,<environment.Job instance at 0x7f168cc3b550>,11,18,[8 2],12,31,49,19,20
1,<environment.Job instance at 0x7f168cbd53c0>,14,17,[4 6],15,37,54,22,25
1,<environment.Job instance at 0x7f168cbd5190>,19,15,[8 2],20,49,64,29,35
1,<environment.Job instance at 0x7f168cbd5e10>,23,17,[9 4],24,64,81,40,52
1,<environment.Job instance at 0x7f168c806280>,32,20,[2 6],33,57,77,24,57
1,<environment.Job instance at 0x7f168c806410>,33,15,[5 1],34,77,92,43,63
1,<environment.Job instance at 0x7f168cbe13c0>,0,14,[ 3 10],1,1,15,0,1
1,<environment.Job instance at 0x7f168cbe1f50>,1,2,[13  1],2,15,17,13,4
1,<environment.Job instance at 0x7f168cbe1d20>,5,2,[9 5],6,6,8,0,6
1,<environment.Job instance at 0x7f168b6be0f0>,7,16,[3 9],8,17,33,9,8
1,<environment.Job instance at 0x7f168b6bea00>,8,22,[5 2],9,17,39,8,10
1,<environment.Job instance at 0x7f168b6bec30>,11,12,[3 8],12,33,45,21,16
1,<environment.Job instance at 0x7f168b6bee60>,9,12,[ 5 10],10,45,57,35,28
1,<environment.Job instance at 0x7f168b6362d0>,13,15,[4 6],14,57,72,43,44
1,<environment.Job instance at 0x7f168b636320>,12,21,[4 8],13,57,78,44,49
1,<environment.Job instance at 0x7f168b636b40>,16,15,[5 3],17,72,87,55,58
1,<environment.Job instance at 0x7f168b636a00>,17,18,[1 5],18,78,96,60,67
1,<environment.Job instance at 0x7f168b6366e0>,10,17,[7 5],11,78,95,67,67
1,<environment.Job instance at 0x7f168bf69460>,1,2,[4 8],2,2,4,0,2
1,<environment.Job instance at 0x7f168c195690>,2,16,[5 5],3,3,19,0,3
1,<environment.Job instance at 0x7f168b7740f0>,3,3,[7 4],4,4,7,0,4
1,<environment.Job instance at 0x7f168bf993c0>,4,1,[3 8],5,7,8,2,6
1,<environment.Job instance at 0x7f168bf992d0>,7,3,[ 5 11],8,19,22,11,8
1,<environment.Job instance at 0x7f168b757c30>,10,16,[3 8],11,22,38,11,11
1,<environment.Job instance at 0x7f168b7573c0>,12,3,[8 4],13,13,16,0,13
1,<environment.Job instance at 0x7f168b750e10>,17,14,[5 7],18,22,36,4,18
1,<environment.Job instance at 0x7f168b750c30>,18,18,[4 7],19,36,54,17,25
1,<environment.Job instance at 0x7f168b750d70>,16,16,[6 3],17,38,54,21,32
1,<environment.Job instance at 0x7f168b750550>,19,14,[ 1 14],20,54,68,34,39
1,<environment.Job instance at 0x7f168b750140>,24,12,[10  3],25,68,80,43,51
1,<environment.Job instance at 0x7f168b7505f0>,25,1,[ 1 10],26,68,69,42,51
1,<environment.Job instance at 0x7f168b757320>,15,2,[10  4],16,80,82,64,54
1,<environment.Job instance at 0x7f168b750460>,26,16,[12  4],27,82,98,55,69
1,<environment.Job instance at 0x7f168b754e60>,28,13,[5 1],29,69,82,40,69
1,<environment.Job instance at 0x7f168bd42c30>,1,13,[6 5],2,2,15,0,2
1,<environment.Job instance at 0x7f168ca46960>,4,3,[2 7],5,5,8,0,5
1,<environment.Job instance at 0x7f168c2f31e0>,7,15,[9 5],8,8,23,0,8
1,<environment.Job instance at 0x7f168c2c04b0>,12,3,[8 5],13,23,26,10,13
1,<environment.Job instance at 0x7f168c3aaaa0>,14,1,[14  3],15,26,27,11,15
1,<environment.Job instance at 0x7f168c3aaeb0>,15,3,[9 2],16,27,30,11,16
1,<environment.Job instance at 0x7f168c3aafa0>,16,14,[5 9],17,27,41,10,17
1,<environment.Job instance at 0x7f168c3aaf00>,18,12,[2 5],19,30,42,11,19
1,<environment.Job instance at 0x7f168c351960>,19,16,[6 5],20,41,57,21,28
1,<environment.Job instance at 0x7f168c2c0b90>,11,3,[ 5 12],12,57,60,45,31
1,<environment.Job instance at 0x7f168c351730>,20,1,[2 9],21,42,43,21,31
1,<environment.Job instance at 0x7f168c5d05f0>,24,3,[13  1],25,60,63,35,34
1,<environment.Job instance at 0x7f168c109af0>,25,3,[2 6],26,43,46,17,34
1,<environment.Job instance at 0x7f1695265e60>,26,18,[7 5],27,63,81,36,52
1,<environment.Job instance at 0x7f168c5d0b90>,27,18,[5 9],28,63,81,35,52
1,<environment.Job instance at 0x7f168c781e60>,28,3,[ 1 13],29,60,63,31,52
1,<environment.Job instance at 0x7f168b74b9b0>,1,20,[2 9],2,2,22,0,2
1,<environment.Job instance at 0x7f168c05a0a0>,4,14,[1 5],5,5,19,0,5
1,<environment.Job instance at 0x7f168c05a640>,5,12,[1 6],6,19,31,13,6
1,<environment.Job instance at 0x7f168c05a190>,9,15,[1 6],10,22,37,12,11
1,<environment.Job instance at 0x7f168b835500>,12,2,[10  5],13,31,33,18,13
1,<environment.Job instance at 0x7f168b835910>,13,12,[14  4],14,33,45,19,16
1,<environment.Job instance at 0x7f168c05aaf0>,0,17,[1 9],1,37,54,36,27
1,<environment.Job instance at 0x7f168b835be0>,14,15,[7 4],15,45,60,30,31
1,<environment.Job instance at 0x7f168b835f00>,16,14,[6 2],17,45,59,28,31
1,<environment.Job instance at 0x7f168b835550>,18,17,[7 2],19,59,76,40,47
1,<environment.Job instance at 0x7f168bc4b690>,21,18,[5 1],22,60,78,38,49
1,<environment.Job instance at 0x7f168bc4b7d0>,23,12,[6 5],24,76,88,52,59
1,<environment.Job instance at 0x7f168c8670a0>,27,19,[5 7],28,78,97,50,68
1,<environment.Job instance at 0x7f168ca1efa0>,1,20,[5 1],2,2,22,0,2
1,<environment.Job instance at 0x7f168bfea5f0>,2,14,[6 5],3,3,17,0,3
1,<environment.Job instance at 0x7f168b3b7d20>,3,1,[7 2],4,17,18,13,5
1,<environment.Job instance at 0x7f168bfea9b0>,4,15,[10  3],5,18,33,13,5
1,<environment.Job instance at 0x7f168b3b7050>,7,13,[9 4],8,33,46,25,18
1,<environment.Job instance at 0x7f168b3b7870>,10,15,[4 5],11,29,44,18,29
1,<environment.Job instance at 0x7f168b3b74b0>,12,21,[1 6],13,33,54,20,33
1,<environment.Job instance at 0x7f168b3b61e0>,15,16,[4 5],16,44,60,28,33
1,<environment.Job instance at 0x7f168b3b73c0>,8,25,[6 1],9,46,71,37,42
1,<environment.Job instance at 0x7f168b3b6050>,19,18,[7 3],20,60,78,40,49
1,<environment.Job instance at 0x7f168b3b6500>,18,16,[ 5 10],19,71,87,52,59
1,<environment.Job instance at 0x7f168b3c0410>,0,20,[5 6],1,1,21,0,1
1,<environment.Job instance at 0x7f168ccbe5f0>,6,12,[6 5],7,7,19,0,7
1,<environment.Job instance at 0x7f168ccbe050>,10,15,[5 5],11,19,34,8,12
1,<environment.Job instance at 0x7f168b7a9370>,14,13,[7 5],15,21,34,6,15
1,<environment.Job instance at 0x7f168b7a9eb0>,19,14,[3 6],20,34,48,14,20
1,<environment.Job instance at 0x7f168b7a9d70>,20,18,[9 5],21,34,52,13,24
1,<environment.Job instance at 0x7f168b7a9af0>,25,17,[6 5],26,48,65,22,36
1,<environment.Job instance at 0x7f168b7a9c30>,30,15,[5 2],31,52,67,21,38
1,<environment.Job instance at 0x7f168b3c04b0>,1,1,[ 5 13],2,65,66,63,38
1,<environment.Job instance at 0x7f168cc460a0>,37,14,[2 6],38,66,80,28,51
1,<environment.Job instance at 0x7f168cc46780>,39,16,[2 9],40,67,83,27,61
1,<environment.Job instance at 0x7f168cc46910>,40,18,[7 5],41,80,98,39,69
1,<environment.Job instance at 0x7f168cb75910>,0,14,[9 5],1,1,15,0,1
1,<environment.Job instance at 0x7f168cb75550>,2,13,[5 8],3,3,16,0,3
1,<environment.Job instance at 0x7f16951ef0a0>,3,18,[9 4],4,15,33,11,4
1,<environment.Job instance at 0x7f16951efa50>,4,18,[ 4 10],5,16,34,11,5
1,<environment.Job instance at 0x7f16951efb90>,7,12,[6 3],8,33,45,25,16
1,<environment.Job instance at 0x7f16951ef6e0>,11,19,[4 8],12,34,53,22,24
1,<environment.Job instance at 0x7f16951ef460>,17,18,[9 4],18,45,63,27,34
1,<environment.Job instance at 0x7f168bb57f00>,20,16,[2 8],21,53,69,32,40
1,<environment.Job instance at 0x7f168c05e460>,27,13,[6 3],28,63,76,35,47
1,<environment.Job instance at 0x7f168c05e230>,29,20,[3 8],30,69,89,39,60
1,<environment.Job instance at 0x7f168c05e5f0>,34,17,[10  5],35,76,93,41,64
1,<environment.Job instance at 0x7f168bab90a0>,1,13,[1 9],2,2,15,0,2
1,<environment.Job instance at 0x7f168bab95a0>,3,13,[1 7],4,15,28,11,4
1,<environment.Job instance at 0x7f168bab9550>,4,23,[1 5],5,5,28,0,5
1,<environment.Job instance at 0x7f168bab90f0>,5,2,[5 5],6,28,30,22,6
1,<environment.Job instance at 0x7f168bab9dc0>,6,2,[ 5 13],7,30,32,23,7
1,<environment.Job instance at 0x7f168b7d4960>,8,2,[ 1 10],9,28,30,19,9
1,<environment.Job instance at 0x7f168b7d45f0>,9,13,[7 5],10,32,45,22,16
1,<environment.Job instance at 0x7f168b7d4f00>,16,12,[5 4],17,32,44,15,17
1,<environment.Job instance at 0x7f168b7d4e60>,13,3,[8 2],14,19,22,5,19
1,<environment.Job instance at 0x7f168b906870>,24,21,[6 5],25,44,65,19,36
1,<environment.Job instance at 0x7f168b906be0>,25,12,[9 4],26,45,57,19,36
1,<environment.Job instance at 0x7f168b906fa0>,29,15,[4 9],30,57,72,27,43
1,<environment.Job instance at 0x7f168b9069b0>,30,15,[7 5],31,65,80,34,51
1,<environment.Job instance at 0x7f168b906aa0>,35,17,[9 3],36,80,97,44,68
1,<environment.Job instance at 0x7f168b9348c0>,38,17,[2 7],39,72,89,33,68
1,<environment.Job instance at 0x7f16952169b0>,0,14,[3 8],1,1,15,0,1
1,<environment.Job instance at 0x7f168c1da410>,1,16,[6 5],2,2,18,0,2
1,<environment.Job instance at 0x7f168c0d7910>,2,14,[5 4],3,15,29,12,3
1,<environment.Job instance at 0x7f168c0d74b0>,3,12,[ 3 10],4,18,30,14,4
1,<environment.Job instance at 0x7f168b94cdc0>,6,12,[10  1],7,29,41,22,12
1,<environment.Job instance at 0x7f168b3d92d0>,13,12,[5 9],14,30,42,16,17
1,<environment.Job instance at 0x7f1695202c80>,14,12,[6 4],15,41,53,26,24
1,<environment.Job instance at 0x7f168c1930a0>,17,17,[9 2],18,42,59,24,30
1,<environment.Job instance at 0x7f168cc9f870>,18,2,[8 1],19,59,61,40,32
1,<environment.Job instance at 0x7f168b43b780>,21,3,[2 5],22,53,56,31,32
1,<environment.Job instance at 0x7f168b43bf00>,22,2,[1 6],23,53,55,30,32
1,<environment.Job instance at 0x7f168cbbf730>,31,18,[ 2 10],32,56,74,24,45
1,<environment.Job instance at 0x7f168b6c2910>,32,17,[8 3],33,61,78,28,49
1,<environment.Job instance at 0x7f168b6c2a00>,34,12,[4 8],35,74,86,39,57
1,<environment.Job instance at 0x7f168b4375f0>,2,19,[11  1],3,3,22,0,3
1,<environment.Job instance at 0x7f168b9a41e0>,4,2,[8 3],5,22,24,17,5
1,<environment.Job instance at 0x7f168b9a40a0>,5,3,[2 8],6,6,9,0,6
1,<environment.Job instance at 0x7f168b9a4b40>,10,13,[3 6],11,11,24,0,11
1,<environment.Job instance at 0x7f168c0ddf00>,11,2,[7 5],12,24,26,12,12
1,<environment.Job instance at 0x7f168c0ddcd0>,12,1,[14  3],13,26,27,13,13
1,<environment.Job instance at 0x7f168c0ddc30>,13,3,[2 8],14,27,30,13,14
1,<environment.Job instance at 0x7f168c0ddb40>,14,3,[ 3 10],15,30,33,15,15
1,<environment.Job instance at 0x7f168b4370a0>,8,22,[6 4],9,27,49,18,20
1,<environment.Job instance at 0x7f168c0dd050>,17,17,[7 4],18,33,50,15,21
1,<environment.Job instance at 0x7f168c0dd460>,15,22,[2 6],16,33,55,17,30
1,<environment.Job instance at 0x7f168bc3b4b0>,25,22,[6 1],26,49,71,23,42
1,<environment.Job instance at 0x7f168b9c8320>,26,15,[7 1],27,50,65,23,42
1,<environment.Job instance at 0x7f168ba2a960>,27,14,[3 8],28,65,79,37,50
1,<environment.Job instance at 0x7f168b300500>,28,12,[5 9],29,79,91,50,62
1,<environment.Job instance at 0x7f168ba2a5a0>,0,20,[4 9],1,1,21,0,1
1,<environment.Job instance at 0x7f168b300d70>,1,1,[10  1],2,2,3,0,2
1,<environment.Job instance at 0x7f168ba2a9b0>,2,1,[10  1],3,3,4,0,3
1,<environment.Job instance at 0x7f168ba2a280>,4,18,[5 4],5,5,23,0,5
1,<environment.Job instance at 0x7f168ba29eb0>,7,13,[7 2],8,21,34,13,9
1,<environment.Job instance at 0x7f168ba292d0>,11,15,[10  5],12,34,49,22,20
1,<environment.Job instance at 0x7f168ba29cd0>,14,16,[4 7],15,23,39,8,21
1,<environment.Job instance at 0x7f168ba293c0>,8,14,[ 2 12],9,49,63,40,36
1,<environment.Job instance at 0x7f168ba29fa0>,18,19,[6 2],19,49,68,30,39
1,<environment.Job instance at 0x7f168ba29e60>,22,13,[5 5],23,63,76,40,47
1,<environment.Job instance at 0x7f168c006eb0>,36,15,[1 8],37,63,78,26,54
1,<environment.Job instance at 0x7f168c006910>,39,13,[5 2],40,68,81,28,54
1,<environment.Job instance at 0x7f168c2e30f0>,54,14,[7 5],55,76,90,21,61
1,<environment.Job instance at 0x7f16951f0870>,3,20,[10  3],4,4,24,0,4
1,<environment.Job instance at 0x7f168c0d7be0>,4,12,[3 5],5,5,17,0,5
1,<environment.Job instance at 0x7f168c6dc4b0>,9,19,[3 8],10,17,36,7,10
1,<environment.Job instance at 0x7f168bc28960>,14,2,[ 5 12],15,36,38,21,15
1,<environment.Job instance at 0x7f168c2e3d70>,13,14,[6 3],14,24,38,10,20
1,<environment.Job instance at 0x7f168bc28a00>,12,14,[5 9],13,38,52,25,23
1,<environment.Job instance at 0x7f168bc28af0>,16,3,[9 2],17,38,41,21,24
1,<environment.Job instance at 0x7f168c0ddf50>,25,17,[5 5],26,41,58,15,29
1,<environment.Job instance at 0x7f168cc675a0>,26,14,[9 5],27,52,66,25,37
1,<environment.Job instance at 0x7f168bc24960>,27,14,[8 5],28,66,80,38,51
1,<environment.Job instance at 0x7f168bb940a0>,29,15,[7 3],30,66,81,36,52
1,<environment.Job instance at 0x7f168c73fc30>,30,17,[1 5],31,80,97,49,68
1,<environment.Job instance at 0x7f168c127820>,35,16,[2 9],36,81,97,45,68
1,<environment.Job instance at 0x7f168b7f28c0>,1,13,[9 3],2,2,15,0,2
1,<environment.Job instance at 0x7f168b7fbc80>,2,19,[2 5],3,3,22,0,3
1,<environment.Job instance at 0x7f168b4a8aa0>,3,14,[ 3 10],4,15,29,11,4
1,<environment.Job instance at 0x7f168b4a8cd0>,4,14,[5 4],5,22,36,17,7
1,<environment.Job instance at 0x7f168b4a8d20>,7,3,[6 1],8,22,25,14,9
1,<environment.Job instance at 0x7f168b4b35f0>,18,17,[4 7],19,29,46,10,19
1,<environment.Job instance at 0x7f168b4b37d0>,20,19,[5 8],21,36,55,15,26
1,<environment.Job instance at 0x7f168b4b3af0>,24,12,[9 2],25,46,58,21,29
1,<environment.Job instance at 0x7f168b4b3b90>,25,21,[5 8],26,55,76,29,47
1,<environment.Job instance at 0x7f168b4b34b0>,28,17,[ 1 10],29,76,93,47,64
1,<environment.Job instance at 0x7f168b4b3f50>,29,16,[7 4],30,64,80,34,64
1,<environment.Job instance at 0x7f168b914320>,0,1,[8 2],1,1,2,0,1
1,<environment.Job instance at 0x7f168b4b3fa0>,1,18,[3 9],2,2,20,0,2
1,<environment.Job instance at 0x7f168b4b3e10>,3,23,[6 1],4,4,27,0,4
1,<environment.Job instance at 0x7f168b914370>,2,14,[ 3 13],3,20,34,17,5
1,<environment.Job instance at 0x7f168b9147d0>,5,12,[5 1],6,6,18,0,6
1,<environment.Job instance at 0x7f168b914c30>,4,1,[10  4],5,34,35,29,6
1,<environment.Job instance at 0x7f168b914820>,7,12,[4 8],8,34,46,26,17
1,<environment.Job instance at 0x7f168b7c4410>,10,12,[1 7],11,35,47,24,20
1,<environment.Job instance at 0x7f168b7c4730>,9,2,[5 4],10,46,48,36,24
1,<environment.Job instance at 0x7f168b7c41e0>,13,12,[1 6],14,47,59,33,30
1,<environment.Job instance at 0x7f168b7c4780>,8,14,[1 9],9,48,62,39,33
1,<environment.Job instance at 0x7f168b8f1d20>,15,16,[3 6],16,59,75,43,47
1,<environment.Job instance at 0x7f168b8f1c30>,18,15,[11  1],19,62,77,43,48
1,<environment.Job instance at 0x7f168b8f1780>,17,19,[6 2],18,77,96,59,67
1,<environment.Job instance at 0x7f168b8f1050>,20,20,[5 5],21,77,97,56,68
1,<environment.Job instance at 0x7f168b4b3aa0>,1,17,[10  3],2,2,19,0,2
1,<environment.Job instance at 0x7f1695729820>,3,13,[11  3],4,19,32,15,4
1,<environment.Job instance at 0x7f16957290f0>,5,2,[7 1],6,32,34,26,6
1,<environment.Job instance at 0x7f168b8f1af0>,7,23,[2 7],8,8,31,0,8
1,<environment.Job instance at 0x7f168c746550>,9,3,[2 6],10,31,34,21,10
1,<environment.Job instance at 0x7f168c7460a0>,11,2,[10  3],12,34,36,22,12
1,<environment.Job instance at 0x7f168c746690>,12,1,[5 2],13,32,33,19,13
1,<environment.Job instance at 0x7f168c746190>,15,3,[9 1],16,36,39,20,19
1,<environment.Job instance at 0x7f168c746460>,20,13,[3 9],21,34,47,13,24
1,<environment.Job instance at 0x7f168c746500>,22,13,[3 7],23,47,60,24,31
1,<environment.Job instance at 0x7f168c305d20>,27,17,[5 9],28,60,77,32,48
1,<environment.Job instance at 0x7f168c305c30>,28,17,[9 4],29,48,65,19,48
1,<environment.Job instance at 0x7f168c305f00>,31,14,[9 5],32,65,79,33,50
1,<environment.Job instance at 0x7f168c305dc0>,32,14,[6 1],33,77,91,44,62
1,<environment.Job instance at 0x7f168c3054b0>,33,16,[3 8],34,79,95,45,66
1,<environment.Job instance at 0x7f44529fb320>,1,22,[11  3],2,2,24,0,2
1,<environment.Job instance at 0x7f4449283460>,2,22,[4 8],3,3,25,0,3
1,<environment.Job instance at 0x7f44492835f0>,3,3,[ 4 14],4,25,28,21,4
1,<environment.Job instance at 0x7f44492836e0>,4,14,[1 6],5,28,42,23,13
1,<environment.Job instance at 0x7f4449283c30>,12,13,[10  2],13,28,41,15,13
1,<environment.Job instance at 0x7f4449283dc0>,14,13,[7 3],15,41,54,26,25
1,<environment.Job instance at 0x7f4449283870>,6,20,[6 1],7,41,61,34,32
1,<environment.Job instance at 0x7f4449283e10>,15,18,[2 8],16,42,60,26,33
1,<environment.Job instance at 0x7f44492856e0>,27,18,[1 8],28,60,78,32,49
1,<environment.Job instance at 0x7f44492859b0>,32,20,[5 5],33,54,74,21,49
1,<environment.Job instance at 0x7f4449285b40>,34,16,[2 8],35,78,94,43,65
1,<environment.Job instance at 0x7f4449285aa0>,36,15,[9 5],37,74,89,37,65
1,<environment.Job instance at 0x7f4449285960>,41,15,[10  3],42,89,104,47,75
1,<environment.Job instance at 0x7f44493d00a0>,0,13,[9 4],1,1,14,0,1
1,<environment.Job instance at 0x7f4449288140>,1,14,[2 6],2,2,16,0,2
1,<environment.Job instance at 0x7f44493d0230>,2,15,[5 9],3,14,29,11,3
1,<environment.Job instance at 0x7f44493d0cd0>,10,16,[7 1],11,16,32,5,11
1,<environment.Job instance at 0x7f44493d0500>,14,12,[5 6],15,29,41,14,17
1,<environment.Job instance at 0x7f44493d08c0>,15,1,[7 4],16,32,33,16,17
1,<environment.Job instance at 0x7f44493d02d0>,17,17,[3 5],18,27,44,9,27
1,<environment.Job instance at 0x7f44493d09b0>,3,16,[ 4 10],4,41,57,37,30
1,<environment.Job instance at 0x7f4449431460>,21,12,[8 1],22,44,56,22,30
1,<environment.Job instance at 0x7f4449431410>,20,19,[8 2],21,56,75,35,46
1,<environment.Job instance at 0x7f4449431c30>,30,14,[10  4],31,75,89,44,60
1,<environment.Job instance at 0x7f4449431780>,22,27,[5 6],23,60,87,37,60
1,<environment.Job instance at 0x7f4448a19140>,1,18,[1 9],2,2,20,0,2
1,<environment.Job instance at 0x7f4449431500>,2,22,[5 3],3,3,25,0,3
1,<environment.Job instance at 0x7f4448a197d0>,3,13,[7 5],4,20,33,16,4
1,<environment.Job instance at 0x7f4448a19870>,5,3,[10  1],6,33,36,27,7
1,<environment.Job instance at 0x7f4448a195a0>,7,21,[1 9],8,25,46,17,18
1,<environment.Job instance at 0x7f4448a19be0>,12,16,[6 4],13,36,52,23,23
1,<environment.Job instance at 0x7f4448a19eb0>,14,19,[6 1],15,36,55,21,30
1,<environment.Job instance at 0x7f4448a19280>,19,14,[2 6],20,46,60,26,37
1,<environment.Job instance at 0x7f4448a1a960>,21,13,[4 9],22,55,68,33,39
1,<environment.Job instance at 0x7f4448a1a7d0>,22,14,[2 9],23,68,82,45,53
1,<environment.Job instance at 0x7f4448a1a820>,28,21,[9 4],29,64,85,35,64
1,<environment.Job instance at 0x7f4448a1aa50>,29,12,[9 3],30,85,97,55,68
1,<environment.Job instance at 0x7f4448a19f00>,15,16,[ 2 10],16,82,98,66,70
1,<environment.Job instance at 0x7f4448a01460>,1,3,[10  5],2,2,5,0,2
1,<environment.Job instance at 0x7f4448a19fa0>,2,20,[9 3],3,5,25,2,3
1,<environment.Job instance at 0x7f4449467780>,4,3,[7 5],5,25,28,20,5
1,<environment.Job instance at 0x7f4449467e60>,6,16,[7 4],7,25,41,18,13
1,<environment.Job instance at 0x7f4449467190>,14,14,[5 5],15,28,42,13,17
1,<environment.Job instance at 0x7f4449374e60>,17,17,[5 2],18,41,58,23,29
1,<environment.Job instance at 0x7f44493745a0>,18,18,[4 5],19,41,59,22,30
1,<environment.Job instance at 0x7f4449374fa0>,25,24,[1 5],26,42,66,16,37
1,<environment.Job instance at 0x7f4449374780>,27,13,[5 4],28,58,71,30,42
1,<environment.Job instance at 0x7f4449467460>,13,12,[9 1],14,59,71,45,43
1,<environment.Job instance at 0x7f4449374550>,28,21,[8 3],29,71,92,42,63
1,<environment.Job instance at 0x7f4449374640>,30,13,[4 5],31,71,84,40,63
1,<environment.Job instance at 0x7f4449374690>,33,17,[ 2 10],34,84,101,50,72
1,<environment.Job instance at 0x7f4449a089b0>,0,2,[ 3 10],1,2,4,1,2
1,<environment.Job instance at 0x7f4449a08af0>,1,17,[5 5],2,2,19,0,2
1,<environment.Job instance at 0x7f4449374320>,2,15,[5 5],3,4,19,1,3
1,<environment.Job instance at 0x7f4449374cd0>,4,13,[4 8],5,19,32,14,5
1,<environment.Job instance at 0x7f4449a08c30>,5,2,[6 1],6,19,21,13,6
1,<environment.Job instance at 0x7f4449a08820>,7,17,[ 1 10],8,32,49,24,20
1,<environment.Job instance at 0x7f44523a7e10>,14,15,[ 1 11],15,49,64,34,35
1,<environment.Job instance at 0x7f4449c3d690>,18,13,[4 6],19,64,77,45,48
1,<environment.Job instance at 0x7f4449c3df00>,20,17,[10  3],21,48,65,27,48
1,<environment.Job instance at 0x7f4449c3d190>,21,13,[1 6],22,64,77,42,48
1,<environment.Job instance at 0x7f4449ccabe0>,29,19,[5 4],30,77,96,47,67
1,<environment.Job instance at 0x7f44523a8320>,34,22,[7 5],35,77,99,42,71
1,<environment.Job instance at 0x7f4448938190>,3,3,[ 2 11],4,4,7,0,4
1,<environment.Job instance at 0x7f44489388c0>,4,22,[1 7],5,7,29,2,5
1,<environment.Job instance at 0x7f4448938410>,5,2,[12  2],6,6,8,0,6
1,<environment.Job instance at 0x7f4448938820>,10,14,[ 5 10],11,29,43,18,16
1,<environment.Job instance at 0x7f4448938aa0>,13,17,[5 1],14,21,38,7,21
1,<environment.Job instance at 0x7f44489382d0>,14,17,[8 4],15,38,55,23,26
1,<environment.Job instance at 0x7f4448938eb0>,11,16,[5 9],12,43,59,31,32
1,<environment.Job instance at 0x7f4448938b40>,18,2,[7 2],19,55,57,36,32
1,<environment.Job instance at 0x7f4448938be0>,19,20,[5 1],20,57,77,37,48
1,<environment.Job instance at 0x7f44489380f0>,6,14,[ 2 10],7,59,73,52,54
1,<environment.Job instance at 0x7f4449202cd0>,21,2,[4 8],22,73,75,51,54
1,<environment.Job instance at 0x7f4448938690>,17,13,[9 4],18,75,88,57,59
1,<environment.Job instance at 0x7f4449950af0>,0,2,[13  5],1,2,4,1,2
1,<environment.Job instance at 0x7f4449202e10>,5,13,[6 4],6,6,19,0,6
1,<environment.Job instance at 0x7f444885a5f0>,6,14,[10  3],7,19,33,12,7
1,<environment.Job instance at 0x7f444885a6e0>,8,19,[1 5],9,9,28,0,9
1,<environment.Job instance at 0x7f444885a730>,9,18,[2 9],10,28,46,18,17
1,<environment.Job instance at 0x7f444885ab90>,14,3,[2 7],15,19,22,4,17
1,<environment.Job instance at 0x7f444885a9b0>,11,13,[6 5],12,33,46,21,19
1,<environment.Job instance at 0x7f444885a960>,18,1,[6 3],19,46,47,27,19
1,<environment.Job instance at 0x7f444885a910>,17,15,[9 5],18,46,61,28,32
1,<environment.Job instance at 0x7f444885b1e0>,22,3,[8 5],23,61,64,38,35
1,<environment.Job instance at 0x7f444885b3c0>,25,3,[9 2],26,64,67,38,38
1,<environment.Job instance at 0x7f444885b500>,26,14,[5 9],27,47,61,20,42
1,<environment.Job instance at 0x7f444885b640>,28,12,[2 5],29,61,73,32,44
1,<environment.Job instance at 0x7f444885b6e0>,29,16,[6 5],30,67,83,37,54
1,<environment.Job instance at 0x7f444885b820>,31,27,[1 8],32,73,100,41,71
1,<environment.Job instance at 0x7f444885af50>,19,13,[14  1],20,83,96,63,71
1,<environment.Job instance at 0x7f444885ba50>,34,3,[13  1],35,96,99,61,71
1,<environment.Job instance at 0x7f444885b9b0>,35,3,[2 6],36,99,102,63,73
1,<environment.Job instance at 0x7f4449211a50>,1,20,[2 9],2,2,22,0,2
1,<environment.Job instance at 0x7f4448f27e60>,4,14,[1 5],5,5,19,0,5
1,<environment.Job instance at 0x7f4448f27370>,5,12,[1 6],6,19,31,13,6
1,<environment.Job instance at 0x7f444977b550>,9,15,[1 6],10,22,37,12,11
1,<environment.Job instance at 0x7f444977b9b0>,12,2,[10  5],13,31,33,18,13
1,<environment.Job instance at 0x7f4449338aa0>,13,12,[14  4],14,33,45,19,16
1,<environment.Job instance at 0x7f4449338cd0>,16,14,[6 2],17,45,59,28,30
1,<environment.Job instance at 0x7f4449338e10>,18,17,[7 2],19,45,62,26,33
1,<environment.Job instance at 0x7f444977b410>,6,18,[1 7],7,37,55,30,35
1,<environment.Job instance at 0x7f44488f7af0>,0,17,[1 9],1,55,72,54,43
1,<environment.Job instance at 0x7f4449338410>,19,12,[8 1],20,62,74,42,47
1,<environment.Job instance at 0x7f44493380a0>,23,12,[6 5],24,62,74,38,47
1,<environment.Job instance at 0x7f44493384b0>,27,19,[5 7],28,74,93,46,64
1,<environment.Job instance at 0x7f44495819b0>,34,20,[3 8],35,74,94,39,65
1,<environment.Job instance at 0x7f44486db370>,0,15,[4 5],1,1,16,0,1
1,<environment.Job instance at 0x7f44486db410>,1,27,[5 1],2,3,30,1,3
1,<environment.Job instance at 0x7f44494dc190>,2,21,[1 6],3,4,25,1,4
1,<environment.Job instance at 0x7f4448a49230>,4,3,[6 1],5,16,19,11,5
1,<environment.Job instance at 0x7f4448a49730>,5,16,[4 5],6,19,35,13,6
1,<environment.Job instance at 0x7f4448aa21e0>,12,2,[5 8],13,25,27,12,13
1,<environment.Job instance at 0x7f4448e68eb0>,13,12,[4 6],14,27,39,13,14
1,<environment.Job instance at 0x7f4448a49640>,10,16,[9 2],11,35,51,24,22
1,<environment.Job instance at 0x7f44493ab4b0>,22,15,[4 9],23,39,54,16,32
1,<environment.Job instance at 0x7f4449ab6d70>,28,12,[6 2],29,51,63,22,34
1,<environment.Job instance at 0x7f4449ab66e0>,30,16,[3 7],31,54,70,23,44
1,<environment.Job instance at 0x7f4448aa2820>,11,19,[12  1],12,63,82,51,53
1,<environment.Job instance at 0x7f4449ab6370>,31,16,[1 9],32,70,86,38,57
1,<environment.Job instance at 0x7f4448ae3f00>,35,16,[7 5],36,82,98,46,69
1,<environment.Job instance at 0x7f4448ae3640>,36,21,[7 3],37,86,107,49,78
1,<environment.Job instance at 0x7f4449d6b5a0>,3,3,[9 1],4,4,7,0,4
1,<environment.Job instance at 0x7f44498c18c0>,5,17,[6 5],6,6,23,0,6
1,<environment.Job instance at 0x7f44498c1280>,8,16,[ 5 10],9,9,25,0,9
1,<environment.Job instance at 0x7f44488a77d0>,10,15,[5 2],11,23,38,12,11
1,<environment.Job instance at 0x7f444852ebe0>,12,14,[7 1],13,25,39,12,13
1,<environment.Job instance at 0x7f44524035f0>,18,3,[13  4],19,39,42,20,19
1,<environment.Job instance at 0x7f4449b7e500>,17,14,[2 6],18,25,39,7,20
1,<environment.Job instance at 0x7f44524bc960>,20,18,[7 5],21,42,60,21,31
1,<environment.Job instance at 0x7f4449d85e10>,22,16,[ 2 10],23,39,55,16,31
1,<environment.Job instance at 0x7f4449b7e870>,23,17,[4 5],24,55,72,31,43
1,<environment.Job instance at 0x7f44488ab690>,24,18,[ 1 10],25,60,78,35,49
1,<environment.Job instance at 0x7f4449d932d0>,19,16,[2 9],20,78,94,58,65
1,<environment.Job instance at 0x7f4449dd6140>,29,3,[7 1],30,72,75,42,65
1,<environment.Job instance at 0x7f4449dd6410>,28,18,[10  5],29,75,93,46,65
1,<environment.Job instance at 0x7f44493ba960>,31,15,[10  4],32,93,108,61,79
1,<environment.Job instance at 0x7f4448c07640>,39,14,[1 7],40,94,108,54,79
1,<environment.Job instance at 0x7f4449e11d70>,1,3,[2 7],2,2,5,0,2
1,<environment.Job instance at 0x7f44496fb3c0>,3,3,[3 8],4,4,7,0,4
1,<environment.Job instance at 0x7f4449b88e10>,4,17,[10  5],5,5,22,0,5
1,<environment.Job instance at 0x7f4448c07640>,5,17,[3 6],6,7,24,1,6
1,<environment.Job instance at 0x7f444984fc80>,8,16,[1 5],9,22,38,13,10
1,<environment.Job instance at 0x7f444984f730>,11,13,[9 3],12,22,35,10,12
1,<environment.Job instance at 0x7f4448fa6f00>,13,15,[3 8],14,35,50,21,21
1,<environment.Job instance at 0x7f444984ff00>,14,13,[6 5],15,38,51,23,27
1,<environment.Job instance at 0x7f444995dc80>,28,14,[5 4],29,50,64,21,35
1,<environment.Job instance at 0x7f444995d0f0>,31,18,[9 3],32,51,69,19,46
1,<environment.Job instance at 0x7f444967a460>,56,12,[5 4],57,64,76,7,57
1,<environment.Job instance at 0x7f4452688b90>,22,25,[2 7],23,69,94,46,65
1,<environment.Job instance at 0x7f44493cbaa0>,65,12,[9 4],66,76,88,10,67
1,<environment.Job instance at 0x7f44487b87d0>,0,28,[5 2],1,1,29,0,1
1,<environment.Job instance at 0x7f44487b8820>,1,2,[5 9],2,2,4,0,2
1,<environment.Job instance at 0x7f44487b8640>,3,15,[4 7],4,4,19,0,4
1,<environment.Job instance at 0x7f44487b8d70>,6,17,[ 4 10],7,19,36,12,7
1,<environment.Job instance at 0x7f4449a4df00>,10,2,[ 5 12],11,36,38,25,11
1,<environment.Job instance at 0x7f4449a4d550>,11,3,[10  1],12,29,32,17,12
1,<environment.Job instance at 0x7f44487b8eb0>,7,12,[9 4],8,38,50,30,22
1,<environment.Job instance at 0x7f4449a4d050>,13,2,[14  5],14,50,52,36,23
1,<environment.Job instance at 0x7f4449a4d5a0>,14,2,[13  2],15,52,54,37,25
1,<environment.Job instance at 0x7f4449a4d9b0>,15,14,[ 1 10],16,38,52,22,27
1,<environment.Job instance at 0x7f4449a4d320>,16,3,[2 7],17,52,55,35,27
1,<environment.Job instance at 0x7f4449a4d910>,12,15,[7 5],13,54,69,41,40
1,<environment.Job instance at 0x7f4449a4d140>,18,1,[8 1],19,55,56,36,40
1,<environment.Job instance at 0x7f4449a4d0a0>,19,18,[3 7],20,56,74,36,45
1,<environment.Job instance at 0x7f44485cd230>,20,17,[ 1 13],21,74,91,53,62
1,<environment.Job instance at 0x7f4449133690>,0,24,[4 5],1,1,25,0,1
1,<environment.Job instance at 0x7f4449133c80>,1,14,[5 5],2,2,16,0,2
1,<environment.Job instance at 0x7f4449133eb0>,4,16,[6 1],5,5,21,0,5
1,<environment.Job instance at 0x7f4449133820>,5,14,[11  2],6,21,35,15,6
1,<environment.Job instance at 0x7f4449133730>,11,15,[4 8],12,25,40,13,12
1,<environment.Job instance at 0x7f4449133cd0>,12,12,[1 8],13,40,52,27,23
1,<environment.Job instance at 0x7f44491336e0>,13,2,[ 1 12],14,52,54,38,25
1,<environment.Job instance at 0x7f44491337d0>,14,13,[9 5],15,35,48,20,25
1,<environment.Job instance at 0x7f4449133050>,15,18,[6 2],16,48,66,32,37
1,<environment.Job instance at 0x7f445248b0f0>,16,14,[ 4 12],17,54,68,37,39
1,<environment.Job instance at 0x7f445248b460>,17,13,[7 5],18,68,81,50,52
1,<environment.Job instance at 0x7f44491335a0>,10,16,[10  2],11,81,97,70,68
1,<environment.Job instance at 0x7f44486d1780>,1,3,[1 6],2,2,5,0,2
1,<environment.Job instance at 0x7f445248caa0>,0,14,[14  1],1,2,16,1,2
1,<environment.Job instance at 0x7f445248b780>,3,14,[5 7],4,16,30,12,4
1,<environment.Job instance at 0x7f445248b7d0>,2,15,[8 1],3,16,31,13,4
1,<environment.Job instance at 0x7f4449573190>,5,2,[3 9],6,30,32,24,7
1,<environment.Job instance at 0x7f44496914b0>,13,20,[1 8],14,32,52,18,23
1,<environment.Job instance at 0x7f44496913c0>,14,18,[5 4],15,31,49,16,23
1,<environment.Job instance at 0x7f4449691870>,15,17,[7 2],16,31,48,15,23
1,<environment.Job instance at 0x7f4449691690>,17,13,[7 2],18,48,61,30,32
1,<environment.Job instance at 0x7f44496910a0>,21,15,[10  5],22,61,76,39,47
1,<environment.Job instance at 0x7f4449691c80>,24,16,[4 7],25,52,68,27,47
1,<environment.Job instance at 0x7f4449573c80>,9,14,[ 3 14],10,76,90,66,62
1,<environment.Job instance at 0x7f4449573eb0>,3,20,[10  3],4,4,24,0,4
1,<environment.Job instance at 0x7f44484e4780>,4,12,[3 5],5,5,17,0,5
1,<environment.Job instance at 0x7f44484e4d70>,9,19,[3 8],10,17,36,7,11
1,<environment.Job instance at 0x7f44484e4eb0>,13,14,[6 3],14,24,38,10,15
1,<environment.Job instance at 0x7f44484e4190>,14,2,[ 5 12],15,36,38,21,15
1,<environment.Job instance at 0x7f4449573c80>,10,18,[11  2],11,38,56,27,28
1,<environment.Job instance at 0x7f4449c432d0>,38,18,[5 4],39,56,74,17,45
1,<environment.Job instance at 0x7f4449c43aa0>,39,14,[8 4],40,56,70,16,45
1,<environment.Job instance at 0x7f444995d550>,43,18,[9 3],44,70,88,26,59
1,<environment.Job instance at 0x7f4449ac6c80>,53,13,[5 5],54,74,87,20,59
1,<environment.Job instance at 0x7f4448ce5280>,56,17,[7 5],57,88,105,31,76
1,<environment.Job instance at 0x7f4448770280>,6,14,[3 9],7,7,21,0,7
1,<environment.Job instance at 0x7f4448a35550>,7,12,[10  1],8,8,20,0,8
1,<environment.Job instance at 0x7f4448a356e0>,8,17,[4 7],9,21,38,12,9
1,<environment.Job instance at 0x7f4448a35f00>,10,19,[5 8],11,21,40,10,11
1,<environment.Job instance at 0x7f4448a35c30>,11,16,[ 1 10],12,40,56,28,27
1,<environment.Job instance at 0x7f4448a354b0>,14,12,[9 2],15,38,50,23,29
1,<environment.Job instance at 0x7f4448a35140>,13,1,[9 3],14,50,51,36,31
1,<environment.Job instance at 0x7f4448a357d0>,17,2,[1 8],18,56,58,38,33
1,<environment.Job instance at 0x7f4448926690>,12,22,[8 3],13,51,73,38,44
1,<environment.Job instance at 0x7f4448a35f50>,19,16,[7 4],20,58,74,38,45
1,<environment.Job instance at 0x7f4448a35050>,22,15,[3 6],23,73,88,50,59
1,<environment.Job instance at 0x7f4448a358c0>,23,15,[1 7],24,74,89,50,60
1,<environment.Job instance at 0x7f4448d04910>,31,13,[1 9],32,89,102,57,73
1,<environment.Job instance at 0x7f4448d04c30>,32,12,[5 2],33,73,85,40,73
1,<environment.Job instance at 0x7f4448d04aa0>,33,18,[7 1],34,85,103,51,74
1,<environment.Job instance at 0x7f44489e08c0>,0,20,[5 5],1,1,21,0,1
1,<environment.Job instance at 0x7f44499bb410>,1,1,[2 7],2,3,4,1,3
1,<environment.Job instance at 0x7f4448d04c80>,2,3,[ 5 10],3,4,7,1,3
1,<environment.Job instance at 0x7f4448d13f00>,3,12,[5 6],4,7,19,3,4
1,<environment.Job instance at 0x7f4449a4c410>,5,12,[6 1],6,19,31,13,6
1,<environment.Job instance at 0x7f4449a4c640>,6,2,[1 9],7,19,21,12,7
1,<environment.Job instance at 0x7f4449a4ca00>,7,15,[6 2],8,21,36,13,8
1,<environment.Job instance at 0x7f4449a4ca50>,12,1,[ 3 12],13,21,22,8,16
1,<environment.Job instance at 0x7f4449a4ccd0>,14,14,[ 5 12],15,31,45,16,21
1,<environment.Job instance at 0x7f4449a4cb40>,11,16,[8 5],12,45,61,33,32
1,<environment.Job instance at 0x7f4449a4ce60>,18,18,[5 2],19,43,61,24,43
1,<environment.Job instance at 0x7f4449a73280>,21,20,[8 3],22,61,81,39,52
1,<environment.Job instance at 0x7f4449a731e0>,24,20,[6 2],25,65,85,40,65
1,<environment.Job instance at 0x7f4449a73550>,26,15,[3 6],27,81,96,54,67
1,<environment.Job instance at 0x7f4449a73730>,29,14,[6 1],30,81,95,51,70
1,<environment.Job instance at 0x7f444995d5f0>,0,28,[ 3 10],1,1,29,0,1
1,<environment.Job instance at 0x7f4449a738c0>,1,14,[9 5],2,2,16,0,2
1,<environment.Job instance at 0x7f444995da50>,2,14,[6 1],3,16,30,13,3
1,<environment.Job instance at 0x7f444995deb0>,5,15,[1 8],6,29,44,23,15
1,<environment.Job instance at 0x7f444995dc80>,8,20,[2 9],9,44,64,35,35
1,<environment.Job instance at 0x7f444995dbe0>,11,12,[9 1],12,36,48,24,36
1,<environment.Job instance at 0x7f44489f0d20>,16,22,[2 5],17,36,58,19,36
1,<environment.Job instance at 0x7f44489f0d70>,17,20,[5 3],18,58,78,40,49
1,<environment.Job instance at 0x7f44489f0780>,19,13,[5 8],20,64,77,44,49
1,<environment.Job instance at 0x7f44489f0230>,20,18,[6 2],21,77,95,56,66
1,<environment.Job instance at 0x7f444966d730>,22,15,[2 5],23,77,92,54,66
1,<environment.Job instance at 0x7f44489f0a00>,23,13,[2 7],24,78,91,54,66
1,<environment.Job instance at 0x7f444995daa0>,3,16,[3 8],4,91,107,87,78
1,<environment.Job instance at 0x7f444864b730>,25,1,[14  3],26,107,108,81,79
1,<environment.Job instance at 0x7f44490ba1e0>,1,12,[5 8],2,2,14,0,2
1,<environment.Job instance at 0x7f444864b910>,2,20,[10  3],3,4,24,1,4
1,<environment.Job instance at 0x7f444868b370>,4,12,[13  2],5,24,36,19,14
1,<environment.Job instance at 0x7f44490bdb40>,14,12,[13  2],15,36,48,21,19
1,<environment.Job instance at 0x7f44490bd410>,16,26,[2 8],17,19,45,2,19
1,<environment.Job instance at 0x7f44490bd140>,17,1,[4 7],18,48,49,30,20
1,<environment.Job instance at 0x7f44490bda00>,18,12,[10  2],19,48,60,29,31
1,<environment.Job instance at 0x7f44490bdb90>,19,14,[ 2 13],20,49,63,29,34
1,<environment.Job instance at 0x7f444868b780>,6,12,[ 2 14],7,63,75,56,50
1,<environment.Job instance at 0x7f44490bdf50>,20,16,[3 6],21,75,91,54,62
1,<environment.Job instance at 0x7f44490bd6e0>,22,1,[8 4],23,75,76,52,62
1,<environment.Job instance at 0x7f44490bd870>,21,15,[1 6],22,76,91,54,67
1,<environment.Job instance at 0x7f44490bdf00>,25,13,[7 5],26,91,104,65,75
1,<environment.Job instance at 0x7f44490bdaf0>,26,13,[6 1],27,76,89,49,75
1,<environment.Job instance at 0x7f4448a28140>,0,20,[ 5 13],1,1,21,0,1
1,<environment.Job instance at 0x7f44490bd050>,1,1,[ 5 13],2,21,22,19,4
1,<environment.Job instance at 0x7f4448a280a0>,5,15,[2 5],6,22,37,16,8
1,<environment.Job instance at 0x7f4449be5eb0>,6,15,[7 2],7,8,23,1,8
1,<environment.Job instance at 0x7f4449be5230>,3,18,[2 5],4,22,40,18,12
1,<environment.Job instance at 0x7f4448a82230>,18,14,[4 5],19,23,37,4,20
1,<environment.Job instance at 0x7f44496db230>,12,15,[14  1],13,40,55,27,27
1,<environment.Job instance at 0x7f4449c430a0>,21,18,[1 7],22,37,55,15,33
1,<environment.Job instance at 0x7f44498fad20>,24,17,[2 8],25,55,72,30,43
1,<environment.Job instance at 0x7f4448fb2820>,26,13,[5 2],27,55,68,28,43
1,<environment.Job instance at 0x7f4448aac5f0>,9,24,[8 2],10,56,80,46,56
1,<environment.Job instance at 0x7f44486d1370>,27,17,[2 8],28,72,89,44,60
1,<environment.Job instance at 0x7f4449dd6960>,29,14,[1 7],30,80,94,50,65
1,<environment.Job instance at 0x7f4448db61e0>,30,19,[4 5],31,89,108,58,79
1,<environment.Job instance at 0x7fa28be57320>,1,22,[11  3],2,2,24,0,2
1,<environment.Job instance at 0x7fa2826df460>,2,22,[4 8],3,3,25,0,3
1,<environment.Job instance at 0x7fa2826df5f0>,3,3,[ 4 14],4,25,28,21,4
1,<environment.Job instance at 0x7fa2826df6e0>,4,14,[1 6],5,28,42,23,13
1,<environment.Job instance at 0x7fa2826dfc30>,12,13,[10  2],13,28,41,15,13
1,<environment.Job instance at 0x7fa2826dfdc0>,14,13,[7 3],15,41,54,26,25
1,<environment.Job instance at 0x7fa2826df870>,6,20,[6 1],7,41,61,34,32
1,<environment.Job instance at 0x7fa2826dfe10>,15,18,[2 8],16,42,60,26,32
1,<environment.Job instance at 0x7fa2826dff00>,16,16,[3 5],17,54,70,37,43
1,<environment.Job instance at 0x7fa2826df9b0>,8,22,[14  3],9,70,92,61,63
1,<environment.Job instance at 0x7fa2826e15f0>,28,25,[5 7],29,92,117,63,88
1,<environment.Job instance at 0x7fa28283eeb0>,2,3,[4 7],3,3,6,0,3
1,<environment.Job instance at 0x7fa282162d20>,0,16,[7 1],1,4,20,3,4
1,<environment.Job instance at 0x7fa282827050>,4,12,[5 6],5,6,18,1,5
1,<environment.Job instance at 0x7fa282827140>,5,1,[7 4],6,18,19,12,6
1,<environment.Job instance at 0x7fa2826e17d0>,7,17,[3 5],8,19,36,11,8
1,<environment.Job instance at 0x7fa2828270a0>,11,12,[8 1],12,20,32,8,13
1,<environment.Job instance at 0x7fa2828273c0>,12,27,[5 6],13,32,59,19,30
1,<environment.Job instance at 0x7fa2828274b0>,10,19,[8 2],11,39,58,28,39
1,<environment.Job instance at 0x7fa282d94d20>,13,24,[12  3],14,59,83,45,54
1,<environment.Job instance at 0x7fa282d94af0>,19,21,[ 1 10],20,59,80,39,54
1,<environment.Job instance at 0x7fa282d94fa0>,18,12,[ 3 10],19,80,92,61,68
1,<environment.Job instance at 0x7fa282d94b90>,20,14,[10  4],21,83,97,62,70
1,<environment.Job instance at 0x7fa281d90d20>,1,13,[4 9],2,2,15,0,2
1,<environment.Job instance at 0x7fa281d90dc0>,2,14,[2 9],3,15,29,12,3
1,<environment.Job instance at 0x7fa281d90960>,3,2,[13  3],4,15,17,11,4
1,<environment.Job instance at 0x7fa281d90410>,5,2,[5 2],6,6,8,0,6
1,<environment.Job instance at 0x7fa281d90370>,6,1,[5 9],7,29,30,22,7
1,<environment.Job instance at 0x7fa281d90af0>,8,21,[9 4],9,17,38,8,9
1,<environment.Job instance at 0x7fa281dcabe0>,12,28,[2 8],13,30,58,17,29
1,<environment.Job instance at 0x7fa281dca870>,13,12,[1 7],14,38,50,24,29
1,<environment.Job instance at 0x7fa281dca2d0>,14,3,[10  2],15,50,53,35,29
1,<environment.Job instance at 0x7fa281dca190>,15,3,[5 5],16,53,56,37,29
1,<environment.Job instance at 0x7fa281dca320>,16,3,[ 5 10],17,58,61,41,32
1,<environment.Job instance at 0x7fa281dcaaa0>,17,20,[5 3],18,56,76,38,47
1,<environment.Job instance at 0x7fa281dca6e0>,18,3,[10  1],19,61,64,42,47
1,<environment.Job instance at 0x7fa281d90910>,9,12,[9 3],10,64,76,54,53
1,<environment.Job instance at 0x7fa281dca820>,20,2,[7 5],21,76,78,55,54
1,<environment.Job instance at 0x7fa281dca0a0>,19,21,[6 1],20,76,97,56,68
1,<environment.Job instance at 0x7fa281dca780>,21,14,[2 7],22,76,90,54,73
1,<environment.Job instance at 0x7fa281dca960>,23,3,[7 5],24,78,81,54,73
1,<environment.Job instance at 0x7fa281dcab40>,24,28,[2 7],25,81,109,56,80
1,<environment.Job instance at 0x7fa281dca500>,22,24,[7 5],23,90,114,67,86
1,<environment.Job instance at 0x7fa282d90b90>,0,13,[4 5],1,1,14,0,1
1,<environment.Job instance at 0x7fa2821b4c30>,3,17,[ 2 10],4,4,21,0,4
1,<environment.Job instance at 0x7fa282d90370>,5,2,[7 2],6,14,16,8,6
1,<environment.Job instance at 0x7fa281dec410>,6,13,[4 9],7,21,34,14,7
1,<environment.Job instance at 0x7fa2822ad910>,8,16,[10  3],9,16,32,7,9
1,<environment.Job instance at 0x7fa28268f6e0>,13,1,[6 4],14,32,33,18,15
1,<environment.Job instance at 0x7fa28268faf0>,12,15,[6 1],13,33,48,20,20
1,<environment.Job instance at 0x7fa2822bdc30>,19,18,[6 1],20,34,52,14,23
1,<environment.Job instance at 0x7fa28268f460>,14,18,[11  3],15,52,70,37,41
1,<environment.Job instance at 0x7fa2829c4f00>,15,20,[10  2],16,70,90,54,62
1,<environment.Job instance at 0x7fa282351aa0>,21,18,[8 2],22,90,108,68,80
1,<environment.Job instance at 0x7fa28217e410>,23,24,[7 4],24,90,114,66,85
1,<environment.Job instance at 0x7fa2821d6640>,25,1,[7 3],26,108,109,82,85
1,<environment.Job instance at 0x7fa28211ee10>,1,12,[3 8],2,2,14,0,2
1,<environment.Job instance at 0x7fa282759820>,3,15,[4 6],4,4,19,0,4
1,<environment.Job instance at 0x7fa281c5c140>,6,15,[5 3],7,14,29,7,7
1,<environment.Job instance at 0x7fa281c5c280>,7,18,[1 5],8,14,32,6,8
1,<environment.Job instance at 0x7fa281c5c1e0>,4,21,[3 8],5,29,50,24,21
1,<environment.Job instance at 0x7fa281c5c500>,9,13,[1 7],10,32,45,22,21
1,<environment.Job instance at 0x7fa281c5c910>,16,13,[5 5],17,45,58,28,29
1,<environment.Job instance at 0x7fa281c5caf0>,19,14,[7 5],20,50,64,30,35
1,<environment.Job instance at 0x7fa281c5ceb0>,24,16,[10  4],25,64,80,39,51
1,<environment.Job instance at 0x7fa281c5cfa0>,27,14,[7 5],28,80,94,52,65
1,<environment.Job instance at 0x7fa281c5f320>,29,18,[9 5],30,94,112,64,83
1,<environment.Job instance at 0x7fa281c7faf0>,4,19,[8 2],5,5,24,0,5
1,<environment.Job instance at 0x7fa281c5f4b0>,6,17,[7 4],7,7,24,0,7
1,<environment.Job instance at 0x7fa281c7f190>,8,12,[8 5],9,24,36,15,9
1,<environment.Job instance at 0x7fa281c96190>,13,16,[6 3],14,24,40,10,14
1,<environment.Job instance at 0x7fa281c7f5a0>,12,2,[1 8],13,36,38,23,15
1,<environment.Job instance at 0x7fa281c966e0>,19,19,[7 4],20,36,55,16,26
1,<environment.Job instance at 0x7fa281c96af0>,22,17,[8 5],23,40,57,17,28
1,<environment.Job instance at 0x7fa281c96e10>,27,13,[1 9],28,55,68,27,39
1,<environment.Job instance at 0x7fa281c4ab90>,28,19,[6 3],29,57,76,28,47
1,<environment.Job instance at 0x7fa281c96aa0>,29,13,[5 5],30,68,81,38,52
1,<environment.Job instance at 0x7fa281c4a0a0>,32,16,[10  3],33,76,92,43,63
1,<environment.Job instance at 0x7fa281c4aeb0>,35,13,[6 4],36,92,105,56,76
1,<environment.Job instance at 0x7fa281c5cc30>,1,13,[ 4 10],2,2,15,0,2
1,<environment.Job instance at 0x7fa281c4af00>,2,1,[ 4 14],3,15,16,12,5
1,<environment.Job instance at 0x7fa282807d20>,4,19,[6 3],5,16,35,11,6
1,<environment.Job instance at 0x7fa28329d910>,6,14,[8 5],7,16,30,9,7
1,<environment.Job instance at 0x7fa2828076e0>,8,2,[ 5 14],9,35,37,26,10
1,<environment.Job instance at 0x7fa28329dbe0>,10,1,[ 5 14],11,37,38,26,13
1,<environment.Job instance at 0x7fa28329d640>,11,1,[10  5],12,14,15,2,14
1,<environment.Job instance at 0x7fa28329d9b0>,7,17,[2 5],8,38,55,30,26
1,<environment.Job instance at 0x7fa28329dc30>,18,12,[3 8],19,38,50,19,26
1,<environment.Job instance at 0x7fa28329ddc0>,9,13,[3 9],10,50,63,40,35
1,<environment.Job instance at 0x7fa28329df50>,20,17,[1 9],21,63,80,42,51
1,<environment.Job instance at 0x7fa282504f00>,24,14,[1 5],25,55,69,30,51
1,<environment.Job instance at 0x7fa282504fa0>,26,18,[1 7],27,80,98,53,69
1,<environment.Job instance at 0x7fa282504aa0>,29,15,[1 6],30,69,84,39,69
1,<environment.Job instance at 0x7fa282504280>,34,15,[7 4],35,84,99,49,70
1,<environment.Job instance at 0x7fa2825c8780>,36,14,[6 2],37,80,94,43,70
1,<environment.Job instance at 0x7fa2825c8b40>,38,17,[7 2],39,94,111,55,82
1,<environment.Job instance at 0x7fa2825c8370>,41,18,[5 1],42,99,117,57,88
1,<environment.Job instance at 0x7fa281c4d5f0>,1,20,[5 1],2,2,22,0,2
1,<environment.Job instance at 0x7fa2825c8910>,2,14,[6 5],3,3,17,0,3
1,<environment.Job instance at 0x7fa281dd80a0>,3,1,[7 2],4,17,18,13,4
1,<environment.Job instance at 0x7fa281dfba00>,4,15,[10  3],5,18,33,13,5
1,<environment.Job instance at 0x7fa282e9a050>,7,13,[9 4],8,33,46,25,17
1,<environment.Job instance at 0x7fa282682eb0>,10,15,[4 5],11,25,40,14,25
1,<environment.Job instance at 0x7fa281dfb690>,5,20,[4 7],6,40,60,34,36
1,<environment.Job instance at 0x7fa281dfb960>,8,25,[6 1],9,46,71,37,42
1,<environment.Job instance at 0x7fa2826a02d0>,14,3,[6 1],15,60,63,45,42
1,<environment.Job instance at 0x7fa2826a0550>,15,16,[4 5],16,63,79,47,50
1,<environment.Job instance at 0x7fa2826a0730>,16,25,[8 3],17,71,96,54,67
1,<environment.Job instance at 0x7fa282e7e0a0>,19,18,[7 3],20,79,97,59,68
1,<environment.Job instance at 0x7fa2826a07d0>,18,16,[ 5 10],19,96,112,77,84
1,<environment.Job instance at 0x7fa282470410>,3,3,[9 1],4,4,7,0,4
1,<environment.Job instance at 0x7fa282470aa0>,5,17,[6 5],6,6,23,0,6
1,<environment.Job instance at 0x7fa282470500>,8,16,[ 5 10],9,9,25,0,9
1,<environment.Job instance at 0x7fa282470730>,10,15,[5 2],11,23,38,12,11
1,<environment.Job instance at 0x7fa2824700f0>,12,14,[7 1],13,25,39,12,13
1,<environment.Job instance at 0x7fa282af1780>,18,3,[13  4],19,39,42,20,19
1,<environment.Job instance at 0x7fa282af1870>,17,14,[2 6],18,25,39,7,20
1,<environment.Job instance at 0x7fa282af1960>,20,18,[7 5],21,42,60,21,31
1,<environment.Job instance at 0x7fa282af1820>,22,16,[ 2 10],23,39,55,16,31
1,<environment.Job instance at 0x7fa282af1d20>,23,17,[4 5],24,55,72,31,43
1,<environment.Job instance at 0x7fa282af1910>,24,18,[ 1 10],25,60,78,35,49
1,<environment.Job instance at 0x7fa282af17d0>,28,18,[10  5],29,72,90,43,62
1,<environment.Job instance at 0x7fa282af1410>,31,15,[10  4],32,90,105,58,76
1,<environment.Job instance at 0x7fa282dbd050>,39,14,[1 7],40,78,92,38,76
1,<environment.Job instance at 0x7fa282af1a50>,19,16,[2 9],20,92,108,72,82
1,<environment.Job instance at 0x7fa282e7fb90>,0,1,[ 5 12],1,2,3,1,2
1,<environment.Job instance at 0x7fa28bd92cd0>,1,13,[9 3],2,2,15,0,2
1,<environment.Job instance at 0x7fa282af1a50>,2,16,[ 2 13],3,15,31,12,3
1,<environment.Job instance at 0x7fa28216ca50>,9,3,[ 2 13],10,31,34,21,13
1,<environment.Job instance at 0x7fa28216c780>,13,17,[8 1],14,15,32,1,14
1,<environment.Job instance at 0x7fa28216cdc0>,14,12,[11  5],15,34,46,19,17
1,<environment.Job instance at 0x7fa28216cb90>,11,16,[2 8],12,34,50,22,29
1,<environment.Job instance at 0x7fa28216c6e0>,15,21,[9 4],16,46,67,30,38
1,<environment.Job instance at 0x7fa28216cc30>,12,25,[2 7],13,50,75,37,47
1,<environment.Job instance at 0x7fa28216ce10>,18,14,[5 4],19,67,81,48,52
1,<environment.Job instance at 0x7fa28216cfa0>,16,20,[5 9],17,75,95,58,66
1,<environment.Job instance at 0x7fa283132320>,21,18,[9 3],22,81,99,59,70
1,<environment.Job instance at 0x7fa283132960>,29,13,[8 3],30,99,112,69,83
1,<environment.Job instance at 0x7fa2831329b0>,2,14,[7 2],3,3,17,0,3
1,<environment.Job instance at 0x7fa2831328c0>,4,14,[7 2],5,5,19,0,5
1,<environment.Job instance at 0x7fa282513aa0>,5,12,[6 1],6,17,29,11,6
1,<environment.Job instance at 0x7fa282887d70>,8,20,[5 6],9,19,39,10,10
1,<environment.Job instance at 0x7fa282887e10>,10,14,[3 8],11,19,33,8,11
1,<environment.Job instance at 0x7fa282887820>,11,16,[6 5],12,33,49,21,20
1,<environment.Job instance at 0x7fa28240df00>,15,20,[3 7],16,39,59,23,30
1,<environment.Job instance at 0x7fa28240db40>,18,16,[9 2],19,49,65,30,39
1,<environment.Job instance at 0x7fa28240d960>,23,12,[5 9],24,59,71,35,42
1,<environment.Job instance at 0x7fa28240d280>,24,12,[6 4],25,65,77,40,48
1,<environment.Job instance at 0x7fa28240d9b0>,27,17,[9 2],28,71,88,43,59
1,<environment.Job instance at 0x7fa28212a0f0>,41,18,[ 2 10],42,77,95,35,66
1,<environment.Job instance at 0x7fa28212afa0>,42,17,[8 3],43,88,105,45,76
1,<environment.Job instance at 0x7fa28212af50>,44,12,[4 8],45,95,107,50,78
1,<environment.Job instance at 0x7fa2820d1f50>,0,13,[3 6],1,1,14,0,1
1,<environment.Job instance at 0x7fa2820d1b90>,1,2,[7 5],2,2,4,0,2
1,<environment.Job instance at 0x7fa2820d1280>,2,1,[14  3],3,14,15,11,3
1,<environment.Job instance at 0x7fa2820d1d20>,3,3,[2 8],4,4,7,0,4
1,<environment.Job instance at 0x7fa2820d13c0>,4,3,[ 3 10],5,15,18,10,6
1,<environment.Job instance at 0x7fa282e95e10>,6,3,[5 3],7,7,10,0,7
1,<environment.Job instance at 0x7fa282e95c80>,9,2,[6 2],10,11,13,1,11
1,<environment.Job instance at 0x7fa282e95b90>,8,23,[5 5],9,15,38,6,11
1,<environment.Job instance at 0x7fa2820d1e60>,5,22,[2 6],6,18,40,12,11
1,<environment.Job instance at 0x7fa282e95500>,7,17,[7 4],8,18,35,10,11
1,<environment.Job instance at 0x7fa282e95fa0>,11,2,[2 7],12,12,14,0,12
1,<environment.Job instance at 0x7fa282e95820>,12,1,[11  2],13,38,39,25,13
1,<environment.Job instance at 0x7fa2831fb8c0>,13,3,[9 1],14,39,42,25,14
1,<environment.Job instance at 0x7fa2831fb230>,16,15,[7 1],17,42,57,25,28
1,<environment.Job instance at 0x7fa2831fb910>,18,12,[5 9],19,40,52,21,28
1,<environment.Job instance at 0x7fa2831fb7d0>,19,18,[5 9],20,52,70,32,41
1,<environment.Job instance at 0x7fa2820e3a50>,23,17,[10  3],24,57,74,33,45
1,<environment.Job instance at 0x7fa2820e37d0>,24,12,[7 5],25,74,86,49,57
1,<environment.Job instance at 0x7fa2820e3e60>,25,16,[8 4],26,74,90,48,61
1,<environment.Job instance at 0x7fa2820e36e0>,27,22,[5 7],28,86,108,58,79
1,<environment.Job instance at 0x7fa282dd46e0>,31,13,[8 3],32,90,103,58,79
1,<environment.Job instance at 0x7fa282284f00>,1,22,[10  5],2,2,24,0,2
1,<environment.Job instance at 0x7fa28257cf00>,2,1,[ 5 14],3,24,25,21,3
1,<environment.Job instance at 0x7fa28257c370>,4,12,[ 1 10],5,5,17,0,5
1,<environment.Job instance at 0x7fa28257cb90>,6,15,[1 8],7,25,40,18,13
1,<environment.Job instance at 0x7fa282db9fa0>,9,13,[5 2],10,25,38,15,13
1,<environment.Job instance at 0x7fa28257caa0>,7,3,[ 4 11],8,40,43,32,15
1,<environment.Job instance at 0x7fa282db98c0>,8,15,[5 1],9,17,32,8,16
1,<environment.Job instance at 0x7fa282db99b0>,15,13,[8 1],16,32,45,16,20
1,<environment.Job instance at 0x7fa282db9eb0>,16,14,[13  2],17,45,59,28,30
1,<environment.Job instance at 0x7fa282db96e0>,18,2,[ 4 14],19,43,45,24,30
1,<environment.Job instance at 0x7fa282db9c30>,19,14,[6 1],20,59,73,39,44
1,<environment.Job instance at 0x7fa282db9dc0>,20,2,[1 5],21,45,47,24,44
1,<environment.Job instance at 0x7fa282db9c80>,17,18,[1 9],18,47,65,29,44
1,<environment.Job instance at 0x7fa282db95a0>,22,17,[3 7],23,65,82,42,53
1,<environment.Job instance at 0x7fa282861af0>,24,14,[7 5],25,73,87,48,58
1,<environment.Job instance at 0x7fa2828614b0>,28,18,[5 5],29,82,100,53,71
1,<environment.Job instance at 0x7fa282861eb0>,31,18,[5 2],32,87,105,55,80
1,<environment.Job instance at 0x7fa282861320>,32,16,[7 5],33,100,116,67,87
1,<environment.Job instance at 0x7fa282861cd0>,34,12,[8 3],35,105,117,70,88
1,<environment.Job instance at 0x7fa281cc1be0>,0,22,[5 4],1,1,23,0,1
1,<environment.Job instance at 0x7fa282754280>,1,3,[7 2],2,2,5,0,2
1,<environment.Job instance at 0x7fa281cc1960>,2,13,[5 8],3,5,18,2,3
1,<environment.Job instance at 0x7fa281cc1280>,3,13,[5 5],4,18,31,14,4
1,<environment.Job instance at 0x7fa281cc1500>,5,3,[3 7],6,23,26,17,6
1,<environment.Job instance at 0x7fa281cc1cd0>,7,13,[4 8],8,26,39,18,10
1,<environment.Job instance at 0x7fa2821fef50>,12,20,[9 5],13,31,51,18,22
1,<environment.Job instance at 0x7fa2821fe1e0>,17,16,[5 6],18,39,55,21,26
1,<environment.Job instance at 0x7fa281cf5c30>,18,18,[4 5],19,51,69,32,40
1,<environment.Job instance at 0x7fa2821fe500>,8,17,[10  1],9,55,72,46,44
1,<environment.Job instance at 0x7fa2830acbe0>,19,18,[4 9],20,69,87,49,58
1,<environment.Job instance at 0x7fa2830ace10>,21,13,[9 3],22,72,85,50,58
1,<environment.Job instance at 0x7fa2830acdc0>,22,19,[2 5],23,85,104,62,75
1,<environment.Job instance at 0x7fa2830ac2d0>,23,14,[ 3 10],24,87,101,63,75
1,<environment.Job instance at 0x7fa2830acfa0>,24,14,[5 4],25,101,115,76,86
1,<environment.Job instance at 0x7fa282edf9b0>,26,12,[1 9],27,104,116,77,87
1,<environment.Job instance at 0x7fa281d72320>,0,1,[8 2],1,1,2,0,1
1,<environment.Job instance at 0x7fa281bebb40>,1,18,[3 9],2,2,20,0,2
1,<environment.Job instance at 0x7fa281d72690>,3,23,[6 1],4,4,27,0,4
1,<environment.Job instance at 0x7fa281beb550>,2,14,[ 3 13],3,20,34,17,5
1,<environment.Job instance at 0x7fa281beb1e0>,5,12,[5 1],6,6,18,0,6
1,<environment.Job instance at 0x7fa281beb2d0>,4,1,[10  4],5,34,35,29,6
1,<environment.Job instance at 0x7fa281beb410>,10,12,[1 7],11,34,46,23,17
1,<environment.Job instance at 0x7fa281beb5f0>,9,2,[5 4],10,18,20,8,17
1,<environment.Job instance at 0x7fa281bebdc0>,8,14,[1 9],9,46,60,37,31
1,<environment.Job instance at 0x7fa281c57b90>,13,12,[1 6],14,35,47,21,31
1,<environment.Job instance at 0x7fa281b5dc80>,14,17,[5 5],15,47,64,32,39
1,<environment.Job instance at 0x7fa281b5dbe0>,15,16,[3 6],16,60,76,44,47
1,<environment.Job instance at 0x7fa2828758c0>,17,19,[6 2],18,62,81,44,62
1,<environment.Job instance at 0x7fa281beb140>,11,26,[ 2 10],12,76,102,64,73
1,<environment.Job instance at 0x7fa2822c24b0>,20,20,[5 5],21,81,101,60,73
1,<environment.Job instance at 0x7fa282cc25f0>,21,1,[2 7],22,73,74,51,73
1,<environment.Job instance at 0x7fa282a7f730>,22,3,[ 5 10],23,102,105,79,76
1,<environment.Job instance at 0x7fa281b5d5f0>,23,12,[5 6],24,105,117,81,88
1,<environment.Job instance at 0x7fa2819c9370>,0,13,[3 9],1,1,14,0,1
1,<environment.Job instance at 0x7fa2819c9d20>,2,13,[3 7],3,14,27,11,3
1,<environment.Job instance at 0x7fa2819c9500>,1,1,[2 5],2,3,4,1,3
1,<environment.Job instance at 0x7fa2819c90f0>,3,1,[14  4],4,27,28,23,4
1,<environment.Job instance at 0x7fa2819c9280>,5,1,[1 5],6,6,7,0,6
1,<environment.Job instance at 0x7fa28199dfa0>,8,17,[9 4],9,28,45,19,17
1,<environment.Job instance at 0x7fa28199dc30>,9,2,[3 7],10,25,27,15,25
1,<environment.Job instance at 0x7fa28199dc80>,10,28,[ 3 10],11,28,56,17,27
1,<environment.Job instance at 0x7fa28199de60>,11,14,[9 5],12,45,59,33,38
1,<environment.Job instance at 0x7fa28199d0a0>,13,16,[3 8],14,56,72,42,43
1,<environment.Job instance at 0x7fa28199d0f0>,15,15,[1 8],16,72,87,56,58
1,<environment.Job instance at 0x7fa28199d8c0>,12,14,[6 1],13,63,77,50,63
1,<environment.Job instance at 0x7fa28199d280>,14,18,[ 5 10],15,87,105,72,76
1,<environment.Job instance at 0x7fa28291b640>,1,12,[5 8],2,2,14,0,2
1,<environment.Job instance at 0x7fa28199d370>,2,20,[10  3],3,3,23,0,3
1,<environment.Job instance at 0x7fa28bdfbeb0>,13,16,[ 5 10],14,14,30,0,14
1,<environment.Job instance at 0x7fa282ca1fa0>,15,22,[6 2],16,23,45,7,16
1,<environment.Job instance at 0x7fa28285f550>,20,16,[3 6],21,30,46,9,21
1,<environment.Job instance at 0x7fa28285f910>,21,15,[1 6],22,30,45,8,22
1,<environment.Job instance at 0x7fa2825201e0>,25,13,[7 5],26,45,58,19,29
1,<environment.Job instance at 0x7fa282cc64b0>,30,15,[8 4],31,46,61,15,32
1,<environment.Job instance at 0x7fa2825494b0>,32,13,[5 1],33,33,46,0,33
1,<environment.Job instance at 0x7fa282a875a0>,33,20,[4 9],34,58,78,24,49
1,<environment.Job instance at 0x7fa2822d0230>,35,12,[1 6],36,61,73,25,49
1,<environment.Job instance at 0x7fa281beb5a0>,40,21,[5 7],41,78,99,37,70
1,<environment.Job instance at 0x7fa281beb690>,41,14,[10  4],42,73,87,31,70
1,<environment.Job instance at 0x7fa281bebdc0>,42,17,[4 9],43,99,116,56,87
1,<environment.Job instance at 0x7fa282a0cd20>,44,13,[7 4],45,87,100,42,87
1,<environment.Job instance at 0x7fa282b31be0>,1,15,[11  2],2,2,17,0,2
1,<environment.Job instance at 0x7fa282a0c050>,2,15,[14  1],3,17,32,14,7
1,<environment.Job instance at 0x7fa28267da50>,7,26,[1 7],8,8,34,0,8
1,<environment.Job instance at 0x7fa28267d780>,9,13,[ 2 12],10,34,47,24,18
1,<environment.Job instance at 0x7fa28267de60>,11,18,[1 7],12,47,65,35,36
1,<environment.Job instance at 0x7fa28267ddc0>,14,17,[2 8],15,47,64,32,36
1,<environment.Job instance at 0x7fa283263960>,17,17,[2 8],18,64,81,46,52
1,<environment.Job instance at 0x7fa283263730>,18,15,[9 5],19,65,80,46,58
1,<environment.Job instance at 0x7fa283263a50>,19,14,[1 7],20,80,94,60,65
1,<environment.Job instance at 0x7fa283263550>,20,19,[4 5],21,81,100,60,74
1,<environment.Job instance at 0x7fa283263280>,22,20,[5 9],23,94,114,71,85
1,<environment.Job instance at 0x7fa2820a09b0>,0,15,[7 1],1,1,16,0,1
1,<environment.Job instance at 0x7fa2832630f0>,1,12,[8 4],2,2,14,0,2
1,<environment.Job instance at 0x7fa2820a08c0>,2,15,[ 4 11],3,14,29,11,3
1,<environment.Job instance at 0x7fa2832b3c80>,8,15,[6 1],9,16,31,7,9
1,<environment.Job instance at 0x7fa2832b3960>,9,14,[5 7],10,29,43,19,14
1,<environment.Job instance at 0x7fa2832b3e10>,12,16,[3 5],13,29,45,16,16
1,<environment.Job instance at 0x7fa2832b3c30>,10,15,[6 2],11,31,46,20,17
1,<environment.Job instance at 0x7fa2832b35a0>,13,12,[10  5],14,46,58,32,29
1,<environment.Job instance at 0x7fa2832b3b40>,15,21,[5 6],16,43,64,27,35
1,<environment.Job instance at 0x7fa2832ab0f0>,21,16,[8 1],22,58,74,36,45
1,<environment.Job instance at 0x7fa2832abfa0>,25,16,[2 6],26,58,74,32,45
1,<environment.Job instance at 0x7fa2832ab4b0>,27,19,[4 7],28,64,83,36,54
1,<environment.Job instance at 0x7fa2832abcd0>,29,14,[1 9],30,83,97,53,68
1,<environment.Job instance at 0x7fa2832ab1e0>,30,17,[2 8],31,97,114,66,85
1,<environment.Job instance at 0x7fa282abbf50>,32,12,[10  3],33,85,97,52,85
1,<environment.Job instance at 0x7fa282abb910>,33,13,[5 1],34,97,110,63,85
1,<environment.Job instance at 0x7fa28b83f730>,1,14,[7 5],2,2,16,0,2
1,<environment.Job instance at 0x7fa28b83f820>,2,1,[2 6],3,4,5,1,4
1,<environment.Job instance at 0x7fa28b83fa00>,3,15,[10  2],4,16,31,12,5
1,<environment.Job instance at 0x7fa28b83fdc0>,0,18,[1 9],1,11,29,10,11
1,<environment.Job instance at 0x7fa28b83f230>,7,13,[5 9],8,29,42,21,13
1,<environment.Job instance at 0x7fa28b83f690>,11,12,[13  1],12,42,54,30,25
1,<environment.Job instance at 0x7fa28b83f8c0>,12,13,[5 9],13,54,67,41,38
1,<environment.Job instance at 0x7fa28b83ffa0>,9,17,[7 5],10,54,71,44,51
1,<environment.Job instance at 0x7fa28b83f140>,10,14,[4 6],11,67,81,56,53
1,<environment.Job instance at 0x7fa28b83f870>,4,14,[8 5],5,71,85,66,58
1,<environment.Job instance at 0x7fa28b83fcd0>,16,12,[2 7],17,81,93,64,64
1,<environment.Job instance at 0x7fa282827af0>,22,15,[2 6],23,85,100,62,71
1,<environment.Job instance at 0x7fa28b83fbe0>,13,13,[ 4 13],14,100,113,86,84
1,<environment.Job instance at 0x7fa282827190>,33,17,[5 1],34,86,103,52,86
1,<environment.Job instance at 0x7f82d5a29410>,2,22,[4 8],3,3,25,0,3
1,<environment.Job instance at 0x7f82d5a294b0>,3,3,[ 4 14],4,25,28,21,4
1,<environment.Job instance at 0x7f82d5a29640>,4,14,[1 6],5,5,19,0,5
1,<environment.Job instance at 0x7f82d5a297d0>,8,22,[14  3],9,28,50,19,21
1,<environment.Job instance at 0x7f82d5a29780>,5,24,[1 5],6,28,52,22,26
1,<environment.Job instance at 0x7f82d5a29910>,9,18,[ 2 13],10,52,70,42,41
1,<environment.Job instance at 0x7f82d5a29a50>,11,1,[8 5],12,50,51,38,41
1,<environment.Job instance at 0x7f82d5a29af0>,12,13,[10  2],13,51,64,38,41
1,<environment.Job instance at 0x7f82d5a29cd0>,15,18,[2 8],16,70,88,54,67
1,<environment.Job instance at 0x7f82d5a29d70>,16,16,[3 5],17,70,86,53,67
1,<environment.Job instance at 0x7f82d5a29820>,7,25,[6 2],8,67,92,59,67
1,<environment.Job instance at 0x7f82d5a2b4b0>,25,27,[8 1],26,88,115,62,86
1,<environment.Job instance at 0x7f82d5a2b550>,27,18,[1 8],28,88,106,60,87
1,<environment.Job instance at 0x7f82d5a2b960>,32,20,[5 5],33,92,112,59,89
1,<environment.Job instance at 0x7f82d5a2baa0>,34,16,[2 8],35,106,122,71,93
1,<environment.Job instance at 0x7f82d5a32eb0>,1,12,[8 1],2,2,14,0,2
1,<environment.Job instance at 0x7f82d5e30640>,8,12,[ 3 10],9,9,21,0,9
1,<environment.Job instance at 0x7f82d5a2b0f0>,10,14,[10  4],11,14,28,3,13
1,<environment.Job instance at 0x7f82d5e36e10>,16,16,[7 5],17,28,44,11,17
1,<environment.Job instance at 0x7f82d5e36280>,18,19,[9 2],19,44,63,25,35
1,<environment.Job instance at 0x7f82d5e36a50>,11,21,[6 5],12,35,56,23,35
1,<environment.Job instance at 0x7f82d5e367d0>,21,3,[10  2],22,63,66,41,38
1,<environment.Job instance at 0x7f82d5e366e0>,20,17,[ 3 10],21,56,73,35,46
1,<environment.Job instance at 0x7f82d5534f50>,0,19,[8 2],1,66,85,65,57
1,<environment.Job instance at 0x7f82d5e36c30>,25,1,[ 3 12],26,73,74,47,57
1,<environment.Job instance at 0x7f82d545fc30>,30,15,[8 3],31,85,100,54,71
1,<environment.Job instance at 0x7f82d51760f0>,31,22,[7 5],32,74,96,42,71
1,<environment.Job instance at 0x7f82d5576aa0>,32,13,[ 5 10],33,96,109,63,80
1,<environment.Job instance at 0x7f82d54cb320>,33,16,[ 3 10],34,109,125,75,96
1,<environment.Job instance at 0x7f82d534f1e0>,0,2,[7 5],1,1,3,0,1
1,<environment.Job instance at 0x7f82d534f0a0>,1,14,[2 7],2,2,16,0,2
1,<environment.Job instance at 0x7f82d51515f0>,3,3,[7 5],4,4,7,0,4
1,<environment.Job instance at 0x7f82d53c08c0>,6,22,[6 1],7,7,29,0,7
1,<environment.Job instance at 0x7f82d53c0a50>,7,15,[3 7],8,8,23,0,8
1,<environment.Job instance at 0x7f82d53c0190>,8,2,[5 2],9,16,18,7,9
1,<environment.Job instance at 0x7f82d53c0960>,9,22,[2 7],10,18,40,8,11
1,<environment.Job instance at 0x7f82d53c0820>,12,2,[12  2],13,29,31,16,13
1,<environment.Job instance at 0x7f82d53c0370>,13,2,[5 9],14,40,42,26,14
1,<environment.Job instance at 0x7f82d53c0640>,14,13,[9 4],15,31,44,16,15
1,<environment.Job instance at 0x7f82d53c0eb0>,16,17,[3 8],17,42,59,25,30
1,<environment.Job instance at 0x7f82d53c00a0>,17,19,[10  5],18,44,63,26,35
1,<environment.Job instance at 0x7f82d53c0280>,22,14,[6 1],23,63,77,40,48
1,<environment.Job instance at 0x7f82d53c05f0>,24,16,[3 8],25,59,75,34,57
1,<environment.Job instance at 0x7f82d53c0af0>,20,25,[6 2],21,63,88,42,59
1,<environment.Job instance at 0x7f82d5374870>,26,16,[9 2],27,77,93,50,65
1,<environment.Job instance at 0x7f82d53745a0>,25,14,[10  1],26,93,107,67,78
1,<environment.Job instance at 0x7f82d53748c0>,28,13,[6 3],29,107,120,78,91
1,<environment.Job instance at 0x7f82d5374af0>,29,13,[7 4],30,107,120,77,91
1,<environment.Job instance at 0x7f82d53749b0>,31,20,[1 7],32,91,111,59,91
1,<environment.Job instance at 0x7f82d53740a0>,39,16,[2 8],40,111,127,71,98
1,<environment.Job instance at 0x7f82d5a3b050>,0,25,[4 5],1,1,26,0,1
1,<environment.Job instance at 0x7f82d5a3b3c0>,2,2,[11  1],3,3,5,0,3
1,<environment.Job instance at 0x7f82d5579370>,3,17,[9 4],4,5,22,1,4
1,<environment.Job instance at 0x7f82d5579c80>,4,13,[12  4],5,26,39,21,10
1,<environment.Job instance at 0x7f82d5ec9870>,11,1,[5 9],12,22,23,10,12
1,<environment.Job instance at 0x7f82d5e416e0>,12,20,[2 6],13,23,43,10,21
1,<environment.Job instance at 0x7f82d577e730>,16,2,[ 5 13],17,43,45,26,21
1,<environment.Job instance at 0x7f82d577e690>,17,24,[2 7],18,45,69,27,40
1,<environment.Job instance at 0x7f82d55793c0>,9,16,[11  1],10,45,61,35,40
1,<environment.Job instance at 0x7f82d5534e60>,18,16,[11  2],19,61,77,42,48
1,<environment.Job instance at 0x7f82d5534eb0>,20,2,[ 3 10],21,69,71,48,48
1,<environment.Job instance at 0x7f82d53e4780>,21,17,[5 5],22,77,94,55,65
1,<environment.Job instance at 0x7f82d555dfa0>,22,15,[5 5],23,77,92,54,66
1,<environment.Job instance at 0x7f82d5ec9460>,15,18,[10  5],16,92,110,76,81
1,<environment.Job instance at 0x7f82d56ee3c0>,24,13,[4 8],25,94,107,69,83
1,<environment.Job instance at 0x7f82d5576dc0>,27,17,[ 1 10],28,107,124,79,95
1,<environment.Job instance at 0x7f82d4fa75a0>,3,3,[ 2 11],4,4,7,0,4
1,<environment.Job instance at 0x7f82d4fa7640>,4,22,[1 7],5,7,29,2,5
1,<environment.Job instance at 0x7f82d4fa7820>,5,2,[12  2],6,6,8,0,6
1,<environment.Job instance at 0x7f82d4fa7960>,10,14,[ 5 10],11,29,43,18,15
1,<environment.Job instance at 0x7f82d4fa7c30>,13,17,[5 1],14,21,38,7,21
1,<environment.Job instance at 0x7f82d4fa76e0>,11,16,[5 9],12,43,59,31,30
1,<environment.Job instance at 0x7f82d4fa7d20>,14,17,[8 4],15,38,55,23,30
1,<environment.Job instance at 0x7f82d4fa9370>,22,16,[5 5],23,55,71,32,42
1,<environment.Job instance at 0x7f82d4fa78c0>,6,14,[ 2 10],7,59,73,52,44
1,<environment.Job instance at 0x7f82d4fa9af0>,32,3,[8 4],33,71,74,38,46
1,<environment.Job instance at 0x7f82d4fa9960>,30,16,[3 8],31,73,89,42,63
1,<environment.Job instance at 0x7f82d4fa9c80>,36,16,[6 3],37,74,90,37,63
1,<environment.Job instance at 0x7f82d4fa9e10>,37,14,[5 7],38,89,103,51,75
1,<environment.Job instance at 0x7f82d4fa9dc0>,38,18,[4 7],39,90,108,51,82
1,<environment.Job instance at 0x7f82d4fab2d0>,43,21,[6 4],44,103,124,59,96
1,<environment.Job instance at 0x7f82d4f94a50>,0,1,[1 9],1,1,2,0,1
1,<environment.Job instance at 0x7f82d4f944b0>,1,3,[ 5 12],2,3,6,1,3
1,<environment.Job instance at 0x7f82d4f94410>,2,3,[8 5],3,6,9,3,3
1,<environment.Job instance at 0x7f82d4fd1780>,4,1,[14  3],5,9,10,4,5
1,<environment.Job instance at 0x7f82d4fd1e60>,5,3,[9 2],6,10,13,4,6
1,<environment.Job instance at 0x7f82d4fd1320>,6,14,[5 9],7,10,24,3,7
1,<environment.Job instance at 0x7f82d4fd1730>,8,12,[2 5],9,13,25,4,9
1,<environment.Job instance at 0x7f82d4fd13c0>,9,16,[6 5],10,24,40,14,11
1,<environment.Job instance at 0x7f82d4fd15f0>,10,1,[2 9],11,25,26,14,12
1,<environment.Job instance at 0x7f82d4fd1cd0>,14,3,[13  1],15,40,43,25,15
1,<environment.Job instance at 0x7f82d4fd1550>,15,3,[2 6],16,26,29,10,16
1,<environment.Job instance at 0x7f82d4fd1370>,17,18,[5 9],18,43,61,25,32
1,<environment.Job instance at 0x7f82d4fd10f0>,19,18,[8 4],20,43,61,23,32
1,<environment.Job instance at 0x7f82d4fd14b0>,7,19,[11  1],8,61,80,53,53
1,<environment.Job instance at 0x7f82d4f978c0>,22,18,[3 9],23,61,79,38,55
1,<environment.Job instance at 0x7f82d4f97d70>,24,16,[5 5],25,80,96,55,67
1,<environment.Job instance at 0x7f82d4f97fa0>,23,13,[10  4],24,80,93,56,67
1,<environment.Job instance at 0x7f82d4f97550>,29,18,[3 6],30,93,111,63,82
1,<environment.Job instance at 0x7f82d503fc30>,33,15,[4 6],34,96,111,62,82
1,<environment.Job instance at 0x7f82d5d7e2d0>,1,16,[1 8],2,2,18,0,2
1,<environment.Job instance at 0x7f82d5d7e550>,2,13,[3 6],3,3,16,0,3
1,<environment.Job instance at 0x7f82d5d7e140>,5,22,[11  4],6,16,38,10,13
1,<environment.Job instance at 0x7f82d5d7e050>,0,18,[7 1],1,38,56,37,28
1,<environment.Job instance at 0x7f82d5a3b910>,18,17,[5 5],19,38,55,19,29
1,<environment.Job instance at 0x7f82d5a3bdc0>,19,14,[3 7],20,29,43,9,29
1,<environment.Job instance at 0x7f82d5d7ed20>,3,18,[ 3 10],4,55,73,51,47
1,<environment.Job instance at 0x7f82d5a3bf00>,21,3,[5 5],22,56,59,34,47
1,<environment.Job instance at 0x7f82d5a3baf0>,14,15,[9 1],15,59,74,44,47
1,<environment.Job instance at 0x7f82d5d7e460>,7,23,[ 4 10],8,73,96,65,67
1,<environment.Job instance at 0x7f82d5a3b190>,22,13,[1 5],23,74,87,51,67
1,<environment.Job instance at 0x7f82d5a3b9b0>,20,15,[9 4],21,87,102,66,73
1,<environment.Job instance at 0x7f82d5d8df00>,26,20,[7 1],27,102,122,75,94
1,<environment.Job instance at 0x7f82d5d8d0a0>,27,20,[6 2],28,96,116,68,94
1,<environment.Job instance at 0x7f82d5cc9500>,0,20,[5 6],1,1,21,0,1
1,<environment.Job instance at 0x7f82d6465410>,6,12,[6 5],7,7,19,0,7
1,<environment.Job instance at 0x7f82d654dc30>,10,15,[5 5],11,19,34,8,11
1,<environment.Job instance at 0x7f82d654d7d0>,14,13,[7 5],15,21,34,6,16
1,<environment.Job instance at 0x7f82d644cd70>,19,14,[3 6],20,34,48,14,20
1,<environment.Job instance at 0x7f82d644ccd0>,20,18,[9 5],21,34,52,13,23
1,<environment.Job instance at 0x7f82d5cc9d70>,1,1,[ 5 13],2,52,53,50,24
1,<environment.Job instance at 0x7f82d6449be0>,25,17,[6 5],26,53,70,27,41
1,<environment.Job instance at 0x7f82d6449b40>,30,15,[5 2],31,48,63,17,41
1,<environment.Job instance at 0x7f82d53c40f0>,37,14,[2 6],38,53,67,15,41
1,<environment.Job instance at 0x7f82d57b8910>,39,16,[2 9],40,67,83,27,54
1,<environment.Job instance at 0x7f82d4fb4dc0>,40,18,[7 5],41,70,88,29,59
1,<environment.Job instance at 0x7f82d51829b0>,15,16,[ 1 12],16,88,104,72,76
1,<environment.Job instance at 0x7f82d539be60>,49,3,[7 1],50,83,86,33,76
1,<environment.Job instance at 0x7f82d53abe60>,48,18,[10  5],49,104,122,55,93
1,<environment.Job instance at 0x7f82d4fb4c80>,1,3,[2 7],2,2,5,0,2
1,<environment.Job instance at 0x7f82d539bd20>,2,1,[10  4],3,4,5,1,4
1,<environment.Job instance at 0x7f82d53abe60>,3,3,[3 8],4,5,8,1,5
1,<environment.Job instance at 0x7f82d4fb47d0>,4,17,[10  5],5,5,22,0,5
1,<environment.Job instance at 0x7f82d4fb4e60>,5,17,[3 6],6,8,25,2,6
1,<environment.Job instance at 0x7f82d4fb48c0>,8,16,[1 5],9,22,38,13,9
1,<environment.Job instance at 0x7f82d4fcb5a0>,10,1,[ 5 12],11,38,39,27,12
1,<environment.Job instance at 0x7f82d4fcb690>,16,3,[ 5 13],17,39,42,22,17
1,<environment.Job instance at 0x7f82d4fcbe10>,14,13,[6 5],15,25,38,10,18
1,<environment.Job instance at 0x7f82d4fcbaa0>,21,16,[2 8],22,42,58,20,29
1,<environment.Job instance at 0x7f82d4fcb050>,23,17,[8 1],24,29,46,5,29
1,<environment.Job instance at 0x7f82d4fcb730>,17,20,[ 2 13],18,58,78,40,49
1,<environment.Job instance at 0x7f82d4fcb870>,15,13,[14  1],16,78,91,62,66
1,<environment.Job instance at 0x7f82d4fcb910>,26,20,[5 9],27,91,111,64,82
1,<environment.Job instance at 0x7f82d4fcbb40>,28,14,[5 4],29,91,105,62,82
1,<environment.Job instance at 0x7f82d4fcb0f0>,25,21,[9 4],26,105,126,79,97
1,<environment.Job instance at 0x7f82d5155870>,2,14,[7 2],3,3,17,0,3
1,<environment.Job instance at 0x7f82d4fcb8c0>,4,14,[7 2],5,5,19,0,5
1,<environment.Job instance at 0x7f82d54b3c30>,5,12,[6 1],6,17,29,11,6
1,<environment.Job instance at 0x7f82d54b3dc0>,8,20,[5 6],9,19,39,10,10
1,<environment.Job instance at 0x7f82d549c0f0>,10,14,[3 8],11,19,33,8,11
1,<environment.Job instance at 0x7f82d549c280>,11,16,[6 5],12,33,49,21,20
1,<environment.Job instance at 0x7f82d549c3c0>,15,20,[3 7],16,39,59,23,30
1,<environment.Job instance at 0x7f82d549c690>,18,16,[9 2],19,49,65,30,36
1,<environment.Job instance at 0x7f82d549c870>,23,12,[5 9],24,59,71,35,42
1,<environment.Job instance at 0x7f82d549cb90>,24,12,[6 4],25,65,77,40,48
1,<environment.Job instance at 0x7f82d549cd70>,27,17,[9 2],28,71,88,43,59
1,<environment.Job instance at 0x7f82d5490780>,42,17,[8 3],43,88,105,45,76
1,<environment.Job instance at 0x7f82d54908c0>,44,12,[4 8],45,77,89,32,77
1,<environment.Job instance at 0x7f82d54909b0>,46,22,[7 2],47,89,111,42,89
1,<environment.Job instance at 0x7f82d5490a50>,47,18,[5 9],48,105,123,57,94
1,<environment.Job instance at 0x7f82d5490b90>,49,14,[7 4],50,111,125,61,96
1,<environment.Job instance at 0x7f82d58cd5f0>,0,14,[11  3],1,1,15,0,1
1,<environment.Job instance at 0x7f82d5490e60>,1,2,[2 7],2,3,5,1,3
1,<environment.Job instance at 0x7f82d60f6af0>,3,3,[9 1],4,15,18,11,4
1,<environment.Job instance at 0x7f82d60f6640>,4,16,[4 9],5,5,21,0,5
1,<environment.Job instance at 0x7f82d60f60a0>,6,15,[7 1],7,18,33,11,7
1,<environment.Job instance at 0x7f82d5490e10>,2,1,[11  2],3,33,34,30,7
1,<environment.Job instance at 0x7f82d60f6320>,7,14,[3 8],8,21,35,13,8
1,<environment.Job instance at 0x7f82d5783280>,11,2,[8 1],12,34,36,22,12
1,<environment.Job instance at 0x7f82d5783cd0>,10,2,[14  2],11,36,38,25,14
1,<environment.Job instance at 0x7f82d57839b0>,12,23,[ 3 10],13,38,61,25,32
1,<environment.Job instance at 0x7f82d5783d70>,14,12,[7 5],15,38,50,23,32
1,<environment.Job instance at 0x7f82d57830a0>,15,16,[8 4],16,50,66,34,37
1,<environment.Job instance at 0x7f82d5783c80>,16,14,[13  2],17,66,80,49,51
1,<environment.Job instance at 0x7f82d57838c0>,17,22,[5 7],18,80,102,62,73
1,<environment.Job instance at 0x7f82d57830f0>,13,17,[10  3],14,80,97,66,73
1,<environment.Job instance at 0x7f82d5783550>,19,2,[7 5],20,97,99,77,78
1,<environment.Job instance at 0x7f82d5783500>,20,1,[8 3],21,99,100,78,78
1,<environment.Job instance at 0x7f82d5783820>,21,13,[8 3],22,100,113,78,90
1,<environment.Job instance at 0x7f82d57837d0>,9,18,[5 9],10,102,120,92,93
1,<environment.Job instance at 0x7f82d51f8410>,26,14,[9 5],27,113,127,86,98
1,<environment.Job instance at 0x7f82d50dae10>,0,2,[1 5],1,1,3,0,1
1,<environment.Job instance at 0x7f82d50da320>,1,14,[ 4 14],2,3,17,1,2
1,<environment.Job instance at 0x7f82d50da690>,3,3,[10  2],4,17,20,13,4
1,<environment.Job instance at 0x7f82d53af190>,4,14,[7 5],5,20,34,15,5
1,<environment.Job instance at 0x7f82d532cf50>,6,20,[ 2 10],7,17,37,10,8
1,<environment.Job instance at 0x7f82d53af730>,7,18,[2 9],8,37,55,29,26
1,<environment.Job instance at 0x7f82d5b5ae60>,11,18,[5 2],12,34,52,22,26
1,<environment.Job instance at 0x7f82d5b5aa00>,12,16,[7 5],13,52,68,39,39
1,<environment.Job instance at 0x7f82d5b5ab90>,14,12,[8 3],15,39,51,24,39
1,<environment.Job instance at 0x7f82d5b5a3c0>,19,13,[9 1],20,68,81,48,52
1,<environment.Job instance at 0x7f82d532cfa0>,10,19,[3 9],11,55,74,44,53
1,<environment.Job instance at 0x7f82d5b5a780>,24,12,[3 5],25,68,80,43,53
1,<environment.Job instance at 0x7f82d53af050>,2,17,[3 7],3,74,91,71,68
1,<environment.Job instance at 0x7f82d5b5a4b0>,23,20,[10  3],24,81,101,57,72
1,<environment.Job instance at 0x7f82d532c1e0>,8,18,[5 5],9,91,109,82,80
1,<environment.Job instance at 0x7f82d532c050>,9,14,[ 1 10],10,101,115,91,87
1,<environment.Job instance at 0x7f82d5cdb960>,6,14,[3 9],7,7,21,0,7
1,<environment.Job instance at 0x7f82d5cdb910>,7,12,[10  1],8,8,20,0,8
1,<environment.Job instance at 0x7f82d58ba730>,8,17,[4 7],9,21,38,12,9
1,<environment.Job instance at 0x7f82d58babe0>,10,19,[5 8],11,21,40,10,11
1,<environment.Job instance at 0x7f82d58bab40>,14,12,[9 2],15,38,50,23,25
1,<environment.Job instance at 0x7f82d58ba4b0>,13,1,[9 3],14,50,51,36,29
1,<environment.Job instance at 0x7f82d58ba1e0>,15,21,[5 8],16,40,61,24,32
1,<environment.Job instance at 0x7f82d58ba0f0>,17,2,[1 8],18,61,63,43,34
1,<environment.Job instance at 0x7f82d5ba2d70>,12,22,[8 3],13,51,73,38,51
1,<environment.Job instance at 0x7f82d58baf00>,19,16,[7 4],20,63,79,43,51
1,<environment.Job instance at 0x7f82d58ba190>,22,15,[3 6],23,73,88,50,59
1,<environment.Job instance at 0x7f82d58bac30>,23,15,[1 7],24,79,94,55,65
1,<environment.Job instance at 0x7f82d620fcd0>,32,12,[5 2],33,73,85,40,65
1,<environment.Job instance at 0x7f82d58ba7d0>,18,17,[ 1 10],19,94,111,75,82
1,<environment.Job instance at 0x7f82d620f7d0>,34,3,[7 5],35,88,91,53,82
1,<environment.Job instance at 0x7f82d620fc30>,35,24,[5 3],36,88,112,52,83
1,<environment.Job instance at 0x7f82d620fb90>,33,18,[7 1],34,91,109,57,86
1,<environment.Job instance at 0x7f82d620f910>,36,15,[ 1 14],37,112,127,75,98
1,<environment.Job instance at 0x7f82d50d5e60>,1,20,[8 3],2,2,22,0,2
1,<environment.Job instance at 0x7f82d50d5d20>,0,28,[6 1],1,2,30,1,2
1,<environment.Job instance at 0x7f82d50d5af0>,4,20,[6 2],5,22,42,17,13
1,<environment.Job instance at 0x7f82d50d5460>,9,14,[6 1],10,30,44,20,15
1,<environment.Job instance at 0x7f82d50d5550>,6,15,[3 6],7,22,37,15,19
1,<environment.Job instance at 0x7f82d5177aa0>,13,3,[10  1],14,44,47,30,19
1,<environment.Job instance at 0x7f82d4fb2d20>,12,18,[10  4],13,47,65,34,36
1,<environment.Job instance at 0x7f82d620f910>,2,22,[5 2],3,42,64,39,36
1,<environment.Job instance at 0x7f82dedf04b0>,17,22,[1 5],18,64,86,46,57
1,<environment.Job instance at 0x7f82d5437b40>,20,3,[6 1],21,65,68,44,57
1,<environment.Job instance at 0x7f82d5e07370>,21,3,[1 6],22,64,67,42,57
1,<environment.Job instance at 0x7f82d5e07550>,26,15,[6 5],27,67,82,40,58
1,<environment.Job instance at 0x7f82d5e071e0>,29,15,[ 2 10],30,82,97,52,68
1,<environment.Job instance at 0x7f82d517e140>,31,17,[10  3],32,86,103,54,74
1,<environment.Job instance at 0x7f82d5c0ad20>,37,23,[2 7],38,97,120,59,91
1,<environment.Job instance at 0x7f82debdbc80>,39,3,[2 6],40,103,106,63,91
1,<environment.Job instance at 0x7f82d5930960>,43,15,[4 7],44,106,121,62,92
1,<environment.Job instance at 0x7f82d59e2050>,1,16,[10  4],2,2,18,0,2
1,<environment.Job instance at 0x7f82d59e25a0>,3,17,[3 9],4,4,21,0,4
1,<environment.Job instance at 0x7f82d59e2550>,2,16,[9 2],3,18,34,15,5
1,<environment.Job instance at 0x7f82d59e2960>,9,3,[1 5],10,21,24,11,11
1,<environment.Job instance at 0x7f82d59e20f0>,11,3,[ 4 10],12,24,27,12,12
1,<environment.Job instance at 0x7f82d5947be0>,15,20,[1 5],16,27,47,11,18
1,<environment.Job instance at 0x7f82d61b37d0>,19,15,[1 9],20,34,49,14,20
1,<environment.Job instance at 0x7f82d52277d0>,21,14,[9 2],22,47,61,25,32
1,<environment.Job instance at 0x7f82d5ae7cd0>,22,15,[3 7],23,49,64,26,35
1,<environment.Job instance at 0x7f82d5b0ff00>,25,18,[3 6],26,49,67,23,38
1,<environment.Job instance at 0x7f82d5947fa0>,12,17,[4 9],13,64,81,51,55
1,<environment.Job instance at 0x7f82d60ab780>,27,15,[4 9],28,81,96,53,67
1,<environment.Job instance at 0x7f82d63f0c30>,28,15,[1 6],29,67,82,38,67
1,<environment.Job instance at 0x7f82d58da9b0>,26,20,[2 9],27,96,116,69,87
1,<environment.Job instance at 0x7f82d5a266e0>,32,16,[5 1],33,87,103,54,87
1,<environment.Job instance at 0x7f82d5a268c0>,33,15,[9 3],34,103,118,69,89
1,<environment.Job instance at 0x7f82dee29eb0>,34,13,[5 2],35,89,102,54,89
1,<environment.Job instance at 0x7f82d603fa00>,3,16,[5 2],4,4,20,0,4
1,<environment.Job instance at 0x7f82d603f640>,5,2,[8 3],6,6,8,0,6
1,<environment.Job instance at 0x7f82d603f550>,6,14,[3 5],7,8,22,1,7
1,<environment.Job instance at 0x7f82d603fb90>,7,3,[ 4 10],8,20,23,12,8
1,<environment.Job instance at 0x7f82d5a2e690>,9,15,[10  1],10,22,37,12,10
1,<environment.Job instance at 0x7f82d603f3c0>,10,3,[5 1],11,12,15,1,12
1,<environment.Job instance at 0x7f82d603fd70>,12,14,[2 9],13,23,37,10,13
1,<environment.Job instance at 0x7f82d603f1e0>,15,15,[ 1 10],16,37,52,21,23
1,<environment.Job instance at 0x7f82d603f0a0>,17,16,[8 4],18,37,53,19,24
1,<environment.Job instance at 0x7f82d5a0caa0>,18,17,[5 5],19,52,69,33,40
1,<environment.Job instance at 0x7f82d5a0cb90>,23,18,[2 5],24,52,70,28,41
1,<environment.Job instance at 0x7f82d5a0c960>,24,18,[ 2 10],25,69,87,44,58
1,<environment.Job instance at 0x7f82d5a0ce60>,25,15,[2 5],26,70,85,44,58
1,<environment.Job instance at 0x7f82d5a0ca50>,26,15,[7 2],27,85,100,58,71
1,<environment.Job instance at 0x7f82d603ff50>,16,15,[7 1],17,87,102,70,73
1,<environment.Job instance at 0x7f82d5a0c050>,28,2,[7 4],29,100,102,71,73
1,<environment.Job instance at 0x7f82d5a0cd20>,27,19,[10  4],28,102,121,74,92
1,<environment.Job instance at 0x7f82d5a0c6e0>,38,14,[4 5],39,102,116,63,92
1,<environment.Job instance at 0x7f82d4da3af0>,2,22,[5 4],3,3,25,0,3
1,<environment.Job instance at 0x7f82d4dbbaa0>,3,19,[7 5],4,4,23,0,4
1,<environment.Job instance at 0x7f82dec31f50>,10,3,[1 6],11,11,14,0,11
1,<environment.Job instance at 0x7f82dec2c050>,11,15,[6 2],12,23,38,11,12
1,<environment.Job instance at 0x7f82dec2c230>,12,3,[10  5],13,38,41,25,13
1,<environment.Job instance at 0x7f82dec31820>,9,15,[4 5],10,23,38,13,14
1,<environment.Job instance at 0x7f82d50eef50>,17,15,[5 4],18,25,40,7,25
1,<environment.Job instance at 0x7f82d5fedaf0>,19,12,[6 2],20,41,53,21,25
1,<environment.Job instance at 0x7f82d4db6050>,20,15,[7 1],21,41,56,20,28
1,<environment.Job instance at 0x7f82d4eaaaf0>,29,14,[5 7],30,53,67,23,38
1,<environment.Job instance at 0x7f82d583ceb0>,30,15,[6 2],31,56,71,25,42
1,<environment.Job instance at 0x7f82dec2c4b0>,13,20,[ 1 14],14,71,91,57,62
1,<environment.Job instance at 0x7f82d4eaa410>,34,17,[10  4],35,91,108,56,79
1,<environment.Job instance at 0x7f82d516e870>,45,16,[2 6],46,91,107,45,82
1,<environment.Job instance at 0x7f82d4eaad20>,35,21,[5 6],36,107,128,71,99
1,<environment.Job instance at 0x7f82d585ad70>,58,18,[5 3],59,108,126,49,99
1,<environment.Job instance at 0x7f82d556d5f0>,0,28,[4 9],1,2,30,1,2
1,<environment.Job instance at 0x7f82d4d22a50>,3,2,[ 4 10],4,30,32,26,4
1,<environment.Job instance at 0x7f82d5e87dc0>,4,1,[14  4],5,32,33,27,5
1,<environment.Job instance at 0x7f82d5e87eb0>,5,12,[3 8],6,33,45,27,16
1,<environment.Job instance at 0x7f82d54d5320>,10,18,[1 9],11,45,63,34,34
1,<environment.Job instance at 0x7f82d54d53c0>,11,14,[7 5],12,34,48,22,34
1,<environment.Job instance at 0x7f82d54d5460>,12,1,[2 6],13,48,49,35,34
1,<environment.Job instance at 0x7f82d54d51e0>,7,3,[7 3],8,49,52,41,35
1,<environment.Job instance at 0x7f82d54d55a0>,14,14,[8 5],15,52,66,37,37
1,<environment.Job instance at 0x7f82d5e87f50>,6,17,[3 9],7,63,80,56,52
1,<environment.Job instance at 0x7f82d54d5640>,15,15,[11  3],16,66,81,50,52
1,<environment.Job instance at 0x7f82d54d5960>,18,3,[ 4 13],19,81,84,62,66
1,<environment.Job instance at 0x7f82d54d57d0>,17,13,[5 9],18,84,97,66,68
1,<environment.Job instance at 0x7f82d54d5a00>,19,17,[7 5],20,84,101,64,72
1,<environment.Job instance at 0x7f82d54d5b40>,21,12,[13  1],22,101,113,79,84
1,<environment.Job instance at 0x7f82d54d5be0>,22,13,[5 9],23,113,126,90,97
1,<environment.Job instance at 0x7f82d5e7d4b0>,0,17,[3 6],1,1,18,0,1
1,<environment.Job instance at 0x7f82d54d5be0>,2,1,[9 3],3,5,6,2,5
1,<environment.Job instance at 0x7f82d5e7dcd0>,4,26,[5 3],5,6,32,1,6
1,<environment.Job instance at 0x7f82d54d5c30>,1,17,[ 4 10],2,18,35,16,6
1,<environment.Job instance at 0x7f82d5e7d320>,10,14,[ 2 11],11,35,49,24,20
1,<environment.Job instance at 0x7f82d5e7d1e0>,7,13,[11  3],8,32,45,24,20
1,<environment.Job instance at 0x7f82d5e7d820>,6,19,[8 2],7,45,64,38,35
1,<environment.Job instance at 0x7f82d5ce9c30>,17,17,[2 5],18,49,66,31,39
1,<environment.Job instance at 0x7f82d5ce9410>,18,18,[1 7],19,49,67,30,40
1,<environment.Job instance at 0x7f82d5ce92d0>,20,14,[7 4],21,66,80,45,51
1,<environment.Job instance at 0x7f82d5e7d5a0>,9,14,[7 1],10,64,78,54,51
1,<environment.Job instance at 0x7f82d5ce9500>,22,1,[6 3],23,78,79,55,51
1,<environment.Job instance at 0x7f82d5ce9140>,23,2,[ 4 11],24,79,81,55,52
1,<environment.Job instance at 0x7f82d5ce9280>,21,17,[ 4 10],22,81,98,59,69
1,<environment.Job instance at 0x7f82d5ce93c0>,25,18,[5 3],26,80,98,54,69
1,<environment.Job instance at 0x7f82d5ce9aa0>,26,22,[8 4],27,98,120,71,91
1,<environment.Job instance at 0x7f82d5ce9460>,27,15,[5 1],28,91,106,63,91
1,<environment.Job instance at 0x7f82d5ce9870>,29,13,[6 1],30,106,119,76,91
1,<environment.Job instance at 0x7f82d5e68dc0>,0,17,[5 7],1,1,18,0,1
1,<environment.Job instance at 0x7f82d636e820>,3,15,[9 4],4,4,19,0,4
1,<environment.Job instance at 0x7f82d636e960>,4,3,[5 7],5,18,21,13,5
1,<environment.Job instance at 0x7f82d5e6ce10>,1,14,[1 9],2,21,35,19,6
1,<environment.Job instance at 0x7f82d5a7e4b0>,7,17,[9 3],8,19,36,11,9
1,<environment.Job instance at 0x7f82d636ea00>,9,12,[10  1],10,36,48,26,19
1,<environment.Job instance at 0x7f82d636e410>,11,3,[5 6],12,35,38,23,19
1,<environment.Job instance at 0x7f82d55866e0>,12,17,[5 2],13,38,55,25,26
1,<environment.Job instance at 0x7f82d5586a50>,13,19,[10  1],14,48,67,34,38
1,<environment.Job instance at 0x7f82d5586870>,15,18,[1 5],16,55,73,39,44
1,<environment.Job instance at 0x7f82d5586140>,17,17,[8 2],18,67,84,49,55
1,<environment.Job instance at 0x7f82d5586280>,19,16,[4 7],20,55,71,35,55
1,<environment.Job instance at 0x7f82d5586960>,22,13,[7 3],23,73,86,50,57
1,<environment.Job instance at 0x7f82d66770a0>,24,13,[5 8],25,84,97,59,68
1,<environment.Job instance at 0x7f82d6677c30>,27,18,[3 8],28,97,115,69,86
1,<environment.Job instance at 0x7f82d6677d70>,28,22,[3 6],29,86,108,57,86
1,<environment.Job instance at 0x7f82d6677960>,29,2,[8 1],30,97,99,67,86
1,<environment.Job instance at 0x7f82d66774b0>,32,20,[2 7],33,108,128,75,99
1,<environment.Job instance at 0x7f3a209a7320>,1,22,[11  3],2,2,24,0,2
1,<environment.Job instance at 0x7f3a1722f460>,2,22,[4 8],3,3,25,0,3
1,<environment.Job instance at 0x7f3a1722f5f0>,3,3,[ 4 14],4,25,28,21,4
1,<environment.Job instance at 0x7f3a1722f6e0>,4,14,[1 6],5,28,42,23,13
1,<environment.Job instance at 0x7f3a1722f870>,12,13,[10  2],13,28,41,15,14
1,<environment.Job instance at 0x7f3a1722f910>,14,13,[7 3],15,41,54,26,25
1,<environment.Job instance at 0x7f3a1722ff00>,15,18,[2 8],16,42,60,26,31
1,<environment.Job instance at 0x7f3a1722f820>,6,20,[6 1],7,41,61,34,37
1,<environment.Job instance at 0x7f3a1722f960>,16,16,[3 5],17,54,70,37,41
1,<environment.Job instance at 0x7f3a1722f9b0>,8,22,[14  3],9,70,92,61,63
1,<environment.Job instance at 0x7f3a172315a0>,28,25,[5 7],29,92,117,63,88
1,<environment.Job instance at 0x7f3a17231550>,31,27,[4 8],32,92,119,60,90
1,<environment.Job instance at 0x7f3a172317d0>,32,20,[5 5],33,117,137,84,108
1,<environment.Job instance at 0x7f3a17231a50>,33,1,[11  3],34,137,138,103,109
1,<environment.Job instance at 0x7f3a172319b0>,34,16,[2 8],35,119,135,84,109
1,<environment.Job instance at 0x7f3a17231b40>,35,2,[1 8],36,135,137,99,109
1,<environment.Job instance at 0x7f3a17377050>,0,14,[10  4],1,1,15,0,1
1,<environment.Job instance at 0x7f3a17377cd0>,3,2,[6 2],4,15,17,11,6
1,<environment.Job instance at 0x7f3a17377a50>,6,16,[7 5],7,15,31,8,7
1,<environment.Job instance at 0x7f3a172b35a0>,10,17,[ 3 10],11,17,34,6,11
1,<environment.Job instance at 0x7f3a17377190>,15,1,[ 3 12],16,34,35,18,19
1,<environment.Job instance at 0x7f3a172b3af0>,17,1,[ 4 11],18,35,36,17,20
1,<environment.Job instance at 0x7f3a17377140>,8,19,[9 2],9,31,50,22,21
1,<environment.Job instance at 0x7f3a172b3410>,19,2,[1 8],20,36,38,16,21
1,<environment.Job instance at 0x7f3a172b32d0>,20,15,[8 3],21,50,65,29,36
1,<environment.Job instance at 0x7f3a17231b90>,1,21,[6 5],2,40,61,38,40
1,<environment.Job instance at 0x7f3a172b3690>,22,13,[ 5 10],23,61,74,38,45
1,<environment.Job instance at 0x7f3a172b37d0>,21,22,[7 5],22,65,87,43,58
1,<environment.Job instance at 0x7f3a172b3320>,23,16,[ 3 10],24,74,90,50,61
1,<environment.Job instance at 0x7f3a169082d0>,25,14,[ 2 10],26,90,104,64,75
1,<environment.Job instance at 0x7f3a16cea910>,24,28,[5 6],25,104,132,79,103
1,<environment.Job instance at 0x7f3a169403c0>,2,14,[6 1],3,3,17,0,3
1,<environment.Job instance at 0x7f3a16940e10>,4,16,[3 8],5,5,21,0,5
1,<environment.Job instance at 0x7f3a16940190>,5,14,[10  1],6,17,31,11,6
1,<environment.Job instance at 0x7f3a16940550>,9,13,[7 4],10,31,44,21,15
1,<environment.Job instance at 0x7f3a16940820>,8,13,[6 3],9,31,44,22,15
1,<environment.Job instance at 0x7f3a16940230>,11,20,[1 7],12,21,41,9,20
1,<environment.Job instance at 0x7f3a168deaf0>,22,20,[9 3],23,44,64,21,35
1,<environment.Job instance at 0x7f3a168de870>,26,16,[7 4],27,64,80,37,51
1,<environment.Job instance at 0x7f3a168debe0>,28,18,[4 6],29,51,69,22,51
1,<environment.Job instance at 0x7f3a1691c230>,33,12,[9 1],34,80,92,46,64
1,<environment.Job instance at 0x7f3a1691c5f0>,34,14,[5 5],35,69,83,34,64
1,<environment.Job instance at 0x7f3a1691caf0>,37,17,[5 2],38,83,100,45,71
1,<environment.Job instance at 0x7f3a1691caa0>,38,18,[4 5],39,92,110,53,81
1,<environment.Job instance at 0x7f3a168de5f0>,19,16,[2 8],20,92,108,72,81
1,<environment.Job instance at 0x7f3a1691c190>,47,13,[5 4],48,108,121,60,92
1,<environment.Job instance at 0x7f3a16940690>,6,16,[9 2],7,110,126,103,97
1,<environment.Job instance at 0x7f3a209a7140>,3,23,[10  2],4,4,27,0,4
1,<environment.Job instance at 0x7f3a16d6a8c0>,8,13,[4 6],9,9,22,0,9
1,<environment.Job instance at 0x7f3a16970b40>,10,17,[10  3],11,27,44,16,15
1,<environment.Job instance at 0x7f3a16eacf00>,13,14,[1 5],14,15,29,1,15
1,<environment.Job instance at 0x7f3a16eacbe0>,12,3,[3 5],13,22,25,9,19
1,<environment.Job instance at 0x7f3a16eac0a0>,18,19,[7 1],19,44,63,25,34
1,<environment.Job instance at 0x7f3a17673780>,11,13,[1 6],12,35,48,23,35
1,<environment.Job instance at 0x7f3a17673190>,9,15,[13  1],10,63,78,53,49
1,<environment.Job instance at 0x7f3a16949050>,22,27,[1 9],23,49,76,26,49
1,<environment.Job instance at 0x7f3a16ed1f50>,23,1,[10  2],24,78,79,54,50
1,<environment.Job instance at 0x7f3a16ed1870>,21,2,[13  1],22,79,81,57,53
1,<environment.Job instance at 0x7f3a16d76960>,25,2,[9 5],26,81,83,55,54
1,<environment.Job instance at 0x7f3a16bec5a0>,27,16,[3 9],28,81,97,53,68
1,<environment.Job instance at 0x7f3a16eac9b0>,19,19,[5 4],20,83,102,63,73
1,<environment.Job instance at 0x7f3a16bcaaf0>,31,12,[3 8],32,97,109,65,80
1,<environment.Job instance at 0x7f3a16d46190>,30,17,[7 5],31,102,119,71,90
1,<environment.Job instance at 0x7f3a16bca910>,33,15,[4 6],34,109,124,75,95
1,<environment.Job instance at 0x7f3a170b3870>,2,3,[2 7],3,3,6,0,3
1,<environment.Job instance at 0x7f3a170b3c30>,3,21,[6 4],4,4,25,0,4
1,<environment.Job instance at 0x7f3a170b3370>,4,12,[10  3],5,25,37,20,8
1,<environment.Job instance at 0x7f3a170b3dc0>,8,13,[5 1],9,9,22,0,9
1,<environment.Job instance at 0x7f3a170abeb0>,9,3,[9 2],10,22,25,12,11
1,<environment.Job instance at 0x7f3a170b3cd0>,10,16,[10  4],11,37,53,26,24
1,<environment.Job instance at 0x7f3a1709a050>,0,25,[5 8],1,25,50,24,25
1,<environment.Job instance at 0x7f3a170bc6e0>,17,14,[ 5 11],18,50,64,32,35
1,<environment.Job instance at 0x7f3a170bc5a0>,16,17,[7 4],17,53,70,36,41
1,<environment.Job instance at 0x7f3a170bc820>,18,12,[8 5],19,64,76,45,47
1,<environment.Job instance at 0x7f3a170bc0a0>,19,21,[9 2],20,76,97,56,68
1,<environment.Job instance at 0x7f3a170bc320>,23,16,[6 3],24,70,86,46,68
1,<environment.Job instance at 0x7f3a170aba00>,13,1,[11  5],14,97,98,83,69
1,<environment.Job instance at 0x7f3a170baf50>,29,19,[7 4],30,98,117,68,88
1,<environment.Job instance at 0x7f3a170ba410>,32,17,[8 5],33,98,115,65,88
1,<environment.Job instance at 0x7f3a170baa50>,37,13,[1 9],38,115,128,77,99
1,<environment.Job instance at 0x7f3a170bab90>,38,19,[6 3],39,117,136,78,107
1,<environment.Job instance at 0x7f3a1790dc30>,0,1,[ 5 14],1,7,8,6,7
1,<environment.Job instance at 0x7f3a1790de60>,1,1,[10  5],2,8,9,6,7
1,<environment.Job instance at 0x7f3a1767b730>,10,17,[1 9],11,11,28,0,11
1,<environment.Job instance at 0x7f3a1767bd70>,9,27,[1 5],10,12,39,2,12
1,<environment.Job instance at 0x7f3a1790d730>,8,12,[3 8],9,28,40,19,13
1,<environment.Job instance at 0x7f3a1767bdc0>,15,12,[1 6],16,39,51,23,22
1,<environment.Job instance at 0x7f3a1767ba00>,19,15,[1 6],20,40,55,20,26
1,<environment.Job instance at 0x7f3a1767b2d0>,21,18,[11  5],22,51,69,29,40
1,<environment.Job instance at 0x7f3a1767b0a0>,24,15,[7 4],25,69,84,44,55
1,<environment.Job instance at 0x7f3a16865690>,26,14,[6 2],27,69,83,42,55
1,<environment.Job instance at 0x7f3a16865550>,28,17,[7 2],29,83,100,54,71
1,<environment.Job instance at 0x7f3a168651e0>,29,12,[8 1],30,84,96,54,71
1,<environment.Job instance at 0x7f3a16865870>,31,18,[5 1],32,96,114,64,85
1,<environment.Job instance at 0x7f3a168650a0>,33,12,[6 5],34,100,112,66,85
1,<environment.Job instance at 0x7f3a16f55230>,34,2,[4 7],35,100,102,65,85
1,<environment.Job instance at 0x7f3a16f55140>,36,12,[ 4 10],37,112,124,75,95
1,<environment.Job instance at 0x7f3a170b7190>,0,2,[1 6],1,1,3,0,1
1,<environment.Job instance at 0x7f3a16f554b0>,1,12,[11  1],2,2,14,0,2
1,<environment.Job instance at 0x7f3a170b7b90>,2,15,[4 9],3,3,18,0,3
1,<environment.Job instance at 0x7f3a16dcd5f0>,8,12,[6 2],9,14,26,5,9
1,<environment.Job instance at 0x7f3a16dcd190>,10,16,[3 7],11,18,34,7,11
1,<environment.Job instance at 0x7f3a16dcd550>,13,2,[5 5],14,18,20,4,15
1,<environment.Job instance at 0x7f3a179105a0>,12,16,[3 5],13,20,36,7,16
1,<environment.Job instance at 0x7f3a16dcd370>,16,21,[7 3],17,30,51,13,30
1,<environment.Job instance at 0x7f3a16dcd280>,11,16,[1 9],12,36,52,24,30
1,<environment.Job instance at 0x7f3a16dcd460>,18,13,[3 8],19,52,65,33,37
1,<environment.Job instance at 0x7f3a16dcd140>,15,16,[7 5],16,51,67,35,38
1,<environment.Job instance at 0x7f3a16dcd9b0>,20,3,[3 5],21,65,68,44,39
1,<environment.Job instance at 0x7f3a16908fa0>,21,14,[3 6],22,67,81,45,52
1,<environment.Job instance at 0x7f3a16dcdfa0>,19,13,[10  5],20,68,81,48,52
1,<environment.Job instance at 0x7f3a16908190>,23,1,[6 1],24,67,68,43,53
1,<environment.Job instance at 0x7f3a16f55140>,3,15,[13  2],4,81,96,77,67
1,<environment.Job instance at 0x7f3a16dcdc80>,17,18,[1 7],18,81,99,63,79
1,<environment.Job instance at 0x7f3a1709d550>,25,16,[5 8],26,96,112,70,83
1,<environment.Job instance at 0x7f3a1709d1e0>,27,17,[1 7],28,99,116,71,88
1,<environment.Job instance at 0x7f3a1709d9b0>,31,20,[6 3],32,112,132,80,109
1,<environment.Job instance at 0x7f3a170b3af0>,0,14,[9 5],1,1,15,0,1
1,<environment.Job instance at 0x7f3a1709d9b0>,2,13,[5 8],3,3,16,0,3
1,<environment.Job instance at 0x7f3a17a191e0>,3,18,[9 4],4,15,33,11,4
1,<environment.Job instance at 0x7f3a1790f500>,4,18,[ 4 10],5,16,34,11,5
1,<environment.Job instance at 0x7f3a179118c0>,11,19,[4 8],12,34,53,22,24
1,<environment.Job instance at 0x7f3a17911fa0>,17,18,[9 4],18,33,51,15,24
1,<environment.Job instance at 0x7f3a176c2690>,20,16,[2 8],21,53,69,32,40
1,<environment.Job instance at 0x7f3a176e2960>,25,13,[5 1],26,51,64,25,40
1,<environment.Job instance at 0x7f3a176e2e60>,27,13,[6 3],28,51,64,23,40
1,<environment.Job instance at 0x7f3a179193c0>,34,17,[10  5],35,64,81,29,52
1,<environment.Job instance at 0x7f3a179190f0>,35,17,[3 6],36,69,86,33,57
1,<environment.Job instance at 0x7f3a17919f50>,38,16,[1 5],39,81,97,42,68
1,<environment.Job instance at 0x7f3a179195f0>,41,13,[9 3],42,81,94,39,68
1,<environment.Job instance at 0x7f3a16b923c0>,43,15,[3 8],44,94,109,50,80
1,<environment.Job instance at 0x7f3a16b92780>,44,13,[6 5],45,97,110,52,81
1,<environment.Job instance at 0x7f3a16e51eb0>,51,16,[2 8],52,109,125,57,96
1,<environment.Job instance at 0x7f3a16e51780>,53,17,[8 1],54,110,127,56,98
1,<environment.Job instance at 0x7f3a17071a50>,7,12,[6 3],8,125,137,117,108
1,<environment.Job instance at 0x7f3a16c0f8c0>,0,28,[5 2],1,1,29,0,1
1,<environment.Job instance at 0x7f3a16c0f730>,3,15,[4 7],4,4,19,0,4
1,<environment.Job instance at 0x7f3a1790f370>,1,2,[5 9],2,19,21,17,6
1,<environment.Job instance at 0x7f3a16c0f640>,7,12,[9 4],8,21,33,13,8
1,<environment.Job instance at 0x7f3a16c0fa00>,11,3,[10  1],12,33,36,21,12
1,<environment.Job instance at 0x7f3a16c0f690>,10,2,[ 5 12],11,33,35,22,13
1,<environment.Job instance at 0x7f3a16c0fcd0>,13,2,[14  5],14,36,38,22,14
1,<environment.Job instance at 0x7f3a16c0fb90>,14,2,[13  2],15,38,40,23,15
1,<environment.Job instance at 0x7f3a16c0fd20>,16,3,[2 7],17,29,32,12,17
1,<environment.Job instance at 0x7f3a17074730>,17,20,[10  2],18,40,60,22,31
1,<environment.Job instance at 0x7f3a16c0f910>,6,17,[ 4 10],7,40,57,33,31
1,<environment.Job instance at 0x7f3a17074690>,22,14,[7 2],23,60,74,37,45
1,<environment.Job instance at 0x7f3a17074cd0>,24,14,[7 2],25,60,74,35,45
1,<environment.Job instance at 0x7f3a17074e10>,25,12,[6 1],26,74,86,48,57
1,<environment.Job instance at 0x7f3a17074f50>,27,2,[6 3],28,74,76,46,57
1,<environment.Job instance at 0x7f3a17074b40>,28,20,[5 6],29,76,96,47,67
1,<environment.Job instance at 0x7f3a170749b0>,19,18,[3 7],20,74,92,54,68
1,<environment.Job instance at 0x7f3a170745f0>,29,15,[10  1],30,92,107,62,78
1,<environment.Job instance at 0x7f3a16bbe460>,31,16,[6 5],32,107,123,75,94
1,<environment.Job instance at 0x7f3a16bbea00>,32,14,[5 4],33,96,110,63,94
1,<environment.Job instance at 0x7f3a16bbe780>,33,12,[ 3 10],34,110,122,76,94
1,<environment.Job instance at 0x7f3a1771ce10>,0,13,[3 6],1,1,14,0,1
1,<environment.Job instance at 0x7f3a1771c4b0>,1,2,[7 5],2,3,5,1,3
1,<environment.Job instance at 0x7f3a16bbe230>,2,1,[14  3],3,14,15,11,3
1,<environment.Job instance at 0x7f3a16fb26e0>,3,3,[2 8],4,5,8,1,4
1,<environment.Job instance at 0x7f3a20403e10>,4,3,[ 3 10],5,15,18,10,5
1,<environment.Job instance at 0x7f3a16fb2910>,6,3,[5 3],7,8,11,1,7
1,<environment.Job instance at 0x7f3a20403370>,7,17,[7 4],8,15,32,7,8
1,<environment.Job instance at 0x7f3a20403dc0>,8,23,[5 5],9,18,41,9,15
1,<environment.Job instance at 0x7f3a178860f0>,14,16,[4 9],15,32,48,17,19
1,<environment.Job instance at 0x7f3a16fa7050>,16,15,[7 1],17,41,56,24,27
1,<environment.Job instance at 0x7f3a203db320>,17,14,[3 8],18,48,62,30,33
1,<environment.Job instance at 0x7f3a203db1e0>,18,12,[5 9],19,62,74,43,47
1,<environment.Job instance at 0x7f3a203d9140>,20,2,[14  2],21,74,76,53,47
1,<environment.Job instance at 0x7f3a203d9550>,21,2,[8 1],22,56,58,34,47
1,<environment.Job instance at 0x7f3a203d9870>,19,18,[5 9],20,76,94,56,65
1,<environment.Job instance at 0x7f3a203d9370>,23,17,[10  3],24,76,93,52,65
1,<environment.Job instance at 0x7f3a203d9d70>,24,12,[7 5],25,93,105,68,76
1,<environment.Job instance at 0x7f3a203d9460>,25,16,[8 4],26,94,110,68,81
1,<environment.Job instance at 0x7f3a203d9b40>,27,22,[5 7],28,105,127,77,98
1,<environment.Job instance at 0x7f3a17c627d0>,31,13,[8 3],32,110,123,78,98
1,<environment.Job instance at 0x7f3a17036730>,0,2,[1 5],1,1,3,0,1
1,<environment.Job instance at 0x7f3a16ce10f0>,1,14,[ 4 14],2,3,17,1,2
1,<environment.Job instance at 0x7f3a17c627d0>,3,3,[10  2],4,17,20,13,4
1,<environment.Job instance at 0x7f3a17036c30>,4,14,[7 5],5,20,34,15,5
1,<environment.Job instance at 0x7f3a17036b90>,2,17,[3 7],3,17,34,14,5
1,<environment.Job instance at 0x7f3a17036b40>,7,18,[2 9],8,34,52,26,23
1,<environment.Job instance at 0x7f3a17036460>,9,14,[ 1 10],10,52,66,42,41
1,<environment.Job instance at 0x7f3a17036050>,11,18,[5 2],12,41,59,29,41
1,<environment.Job instance at 0x7f3a17036e60>,10,19,[3 9],11,66,85,55,56
1,<environment.Job instance at 0x7f3a17036af0>,14,12,[8 3],15,56,68,41,56
1,<environment.Job instance at 0x7f3a17036dc0>,16,3,[6 3],17,68,71,51,56
1,<environment.Job instance at 0x7f3a170368c0>,19,13,[9 1],20,71,84,51,56
1,<environment.Job instance at 0x7f3a170366e0>,12,16,[7 5],13,84,100,71,72
1,<environment.Job instance at 0x7f3a17036eb0>,24,12,[3 5],25,72,84,47,72
1,<environment.Job instance at 0x7f3a179ce550>,23,20,[10  3],24,100,120,76,93
1,<environment.Job instance at 0x7f3a179cef50>,29,19,[3 8],30,93,112,63,93
1,<environment.Job instance at 0x7f3a179ce8c0>,32,14,[5 9],33,112,126,79,97
1,<environment.Job instance at 0x7f3a179ce230>,33,14,[6 3],34,120,134,86,105
1,<environment.Job instance at 0x7f3a16667730>,1,16,[ 1 10],2,2,18,0,2
1,<environment.Job instance at 0x7f3a179ce690>,2,22,[8 3],3,3,25,0,3
1,<environment.Job instance at 0x7f3a16667c30>,3,1,[9 3],4,25,26,21,5
1,<environment.Job instance at 0x7f3a17276910>,7,2,[1 8],8,18,20,10,8
1,<environment.Job instance at 0x7f3a179ce5a0>,4,12,[9 2],5,26,38,21,9
1,<environment.Job instance at 0x7f3a17276c30>,9,16,[7 4],10,38,54,28,25
1,<environment.Job instance at 0x7f3a17276870>,12,15,[3 6],13,25,40,12,25
1,<environment.Job instance at 0x7f3a17276aa0>,13,15,[1 7],14,40,55,26,27
1,<environment.Job instance at 0x7f3a17276230>,22,12,[5 2],23,38,50,15,27
1,<environment.Job instance at 0x7f3a166784b0>,30,20,[4 7],31,54,74,23,45
1,<environment.Job instance at 0x7f3a166787d0>,33,16,[9 3],34,55,71,21,52
1,<environment.Job instance at 0x7f3a16678550>,37,17,[4 7],38,71,88,33,59
1,<environment.Job instance at 0x7f3a16678230>,38,14,[3 5],39,74,88,35,59
1,<environment.Job instance at 0x7f3a16678a00>,42,16,[2 7],43,88,104,45,75
1,<environment.Job instance at 0x7f3a16678fa0>,44,14,[2 6],45,88,102,43,75
1,<environment.Job instance at 0x7f3a166006e0>,47,15,[6 5],48,102,117,54,88
1,<environment.Job instance at 0x7f3a16600be0>,51,18,[3 9],52,104,122,52,93
1,<environment.Job instance at 0x7f3a16600370>,62,18,[10  5],63,117,135,54,106
1,<environment.Job instance at 0x7f3a16600dc0>,63,12,[1 6],64,122,134,58,106
1,<environment.Job instance at 0x7f3a1783d0a0>,0,3,[6 1],1,1,4,0,1
1,<environment.Job instance at 0x7f3a1783d960>,1,3,[1 6],2,2,5,0,2
1,<environment.Job instance at 0x7f3a17e18500>,3,23,[7 1],4,4,27,0,4
1,<environment.Job instance at 0x7f3a1783d780>,2,16,[ 2 13],3,5,21,2,4
1,<environment.Job instance at 0x7f3a178ce640>,6,15,[6 5],7,21,36,14,7
1,<environment.Job instance at 0x7f3a178ce230>,13,13,[11  3],14,36,49,22,24
1,<environment.Job instance at 0x7f3a178cec80>,11,17,[10  3],12,49,66,37,37
1,<environment.Job instance at 0x7f3a178cedc0>,9,15,[ 2 10],10,37,52,27,37
1,<environment.Job instance at 0x7f3a178ce730>,19,3,[2 6],20,52,55,32,37
1,<environment.Job instance at 0x7f3a178ce870>,22,1,[5 2],23,55,56,32,37
1,<environment.Job instance at 0x7f3a17a72c80>,25,3,[9 1],26,66,69,40,40
1,<environment.Job instance at 0x7f3a178ce140>,23,15,[4 7],24,56,71,32,42
1,<environment.Job instance at 0x7f3a17a725a0>,27,20,[9 5],28,69,89,41,60
1,<environment.Job instance at 0x7f3a17a72870>,32,13,[3 7],33,71,84,38,60
1,<environment.Job instance at 0x7f3a17a72d70>,37,17,[5 9],38,84,101,46,72
1,<environment.Job instance at 0x7f3a17a72910>,38,17,[9 4],39,89,106,50,77
1,<environment.Job instance at 0x7f3a17a725f0>,41,14,[9 5],42,106,120,64,91
1,<environment.Job instance at 0x7f3a168e24b0>,43,16,[3 8],44,101,117,57,91
1,<environment.Job instance at 0x7f3a168e29b0>,57,20,[5 3],58,117,137,59,108
1,<environment.Job instance at 0x7f3a168e2aa0>,59,13,[5 8],60,120,133,60,108
1,<environment.Job instance at 0x7f3a16b36d20>,0,23,[ 5 11],1,1,24,0,1
1,<environment.Job instance at 0x7f3a168e2aa0>,2,16,[5 1],3,3,19,0,3
1,<environment.Job instance at 0x7f3a16a723c0>,3,15,[9 3],4,19,34,15,5
1,<environment.Job instance at 0x7f3a16a72460>,5,3,[2 7],6,24,27,18,6
1,<environment.Job instance at 0x7f3a16a72640>,7,1,[9 1],8,34,35,26,8
1,<environment.Job instance at 0x7f3a17556910>,4,13,[5 2],5,27,40,22,11
1,<environment.Job instance at 0x7f3a16a72960>,11,12,[5 8],12,35,47,23,18
1,<environment.Job instance at 0x7f3a16a720a0>,12,20,[10  3],13,40,60,27,31
1,<environment.Job instance at 0x7f3a16a72140>,15,21,[10  1],16,60,81,44,52
1,<environment.Job instance at 0x7f3a16cf54b0>,23,16,[ 5 10],24,52,68,28,52
1,<environment.Job instance at 0x7f3a16a72550>,9,3,[ 3 11],10,68,71,58,54
1,<environment.Job instance at 0x7f3a16cf5280>,25,22,[6 2],26,81,103,55,74
1,<environment.Job instance at 0x7f3a16cf5870>,28,12,[10  2],29,103,115,74,86
1,<environment.Job instance at 0x7f3a16cf5b40>,30,16,[3 6],31,86,102,55,86
1,<environment.Job instance at 0x7f3a16cf5550>,31,15,[1 6],32,86,101,54,86
1,<environment.Job instance at 0x7f3a17886910>,35,13,[7 5],36,115,128,79,99
1,<environment.Job instance at 0x7f3a178860f0>,36,13,[6 1],37,115,128,78,99
1,<environment.Job instance at 0x7f3a171b2410>,1,18,[1 7],2,2,20,0,2
1,<environment.Job instance at 0x7f3a17886f00>,2,19,[4 6],3,3,22,0,3
1,<environment.Job instance at 0x7f3a171b2190>,4,17,[2 8],5,20,37,15,8
1,<environment.Job instance at 0x7f3a16970960>,8,15,[9 5],9,22,37,13,9
1,<environment.Job instance at 0x7f3a169708c0>,9,14,[1 7],10,37,51,27,22
1,<environment.Job instance at 0x7f3a169709b0>,11,1,[ 2 13],12,51,52,39,23
1,<environment.Job instance at 0x7f3a16970dc0>,7,17,[2 8],8,52,69,44,40
1,<environment.Job instance at 0x7f3a16970e60>,14,13,[9 1],15,40,53,25,40
1,<environment.Job instance at 0x7f3a171b2370>,6,13,[5 2],7,57,70,50,57
1,<environment.Job instance at 0x7f3a16970410>,15,18,[3 9],16,69,87,53,58
1,<environment.Job instance at 0x7f3a16970af0>,19,13,[5 6],20,70,83,50,58
1,<environment.Job instance at 0x7f3a16970f50>,20,19,[3 5],21,83,102,62,73
1,<environment.Job instance at 0x7f3a16970730>,21,18,[8 2],22,87,105,65,76
1,<environment.Job instance at 0x7f3a16970cd0>,22,15,[8 4],23,105,120,82,91
1,<environment.Job instance at 0x7f3a16bd9eb0>,26,19,[2 7],27,91,110,64,91
1,<environment.Job instance at 0x7f3a16bd9b40>,29,17,[6 1],30,110,127,80,98
1,<environment.Job instance at 0x7f3a17322f00>,2,12,[10  3],3,3,15,0,3
1,<environment.Job instance at 0x7f3a17322e60>,3,13,[5 1],4,4,17,0,4
1,<environment.Job instance at 0x7f3a17322e10>,0,17,[2 8],1,15,32,14,5
1,<environment.Job instance at 0x7f3a17322a00>,5,13,[9 5],6,17,30,11,6
1,<environment.Job instance at 0x7f3a17322cd0>,10,2,[3 9],11,32,34,21,11
1,<environment.Job instance at 0x7f3a17322690>,11,3,[ 1 13],12,34,37,22,12
1,<environment.Job instance at 0x7f3a17322c30>,8,18,[5 3],9,37,55,28,26
1,<environment.Job instance at 0x7f3a17322a50>,6,12,[3 5],7,37,49,30,26
1,<environment.Job instance at 0x7f3a17322af0>,7,13,[9 3],8,49,62,41,33
1,<environment.Job instance at 0x7f3a17c15c30>,16,22,[1 8],17,49,71,32,43
1,<environment.Job instance at 0x7f3a17c15cd0>,20,13,[13  2],21,62,75,41,47
1,<environment.Job instance at 0x7f3a17c15aa0>,22,14,[1 6],23,71,85,48,56
1,<environment.Job instance at 0x7f3a17c15b90>,19,18,[7 3],20,75,93,55,64
1,<environment.Job instance at 0x7f3a17c15e10>,21,13,[4 8],22,85,98,63,69
1,<environment.Job instance at 0x7f3a17c15410>,25,15,[5 9],26,98,113,72,84
1,<environment.Job instance at 0x7f3a17c15690>,26,13,[1 6],27,93,106,66,84
1,<environment.Job instance at 0x7f3a17c159b0>,27,2,[11  4],28,113,115,85,86
1,<environment.Job instance at 0x7f3a17c15820>,28,18,[ 1 11],29,113,131,84,102
1,<environment.Job instance at 0x7f3a17c15460>,29,12,[9 1],30,115,127,85,102
1,<environment.Job instance at 0x7f3a17d78a50>,0,12,[6 1],1,1,13,0,1
1,<environment.Job instance at 0x7f3a17c15870>,2,1,[7 2],3,4,5,1,4
1,<environment.Job instance at 0x7f3a17d78690>,4,12,[ 4 10],5,5,17,0,5
1,<environment.Job instance at 0x7f3a17d78370>,5,15,[14  2],6,17,32,11,6
1,<environment.Job instance at 0x7f3a17d78fa0>,6,1,[6 2],7,13,14,6,7
1,<environment.Job instance at 0x7f3a17d78af0>,7,2,[ 5 11],8,32,34,24,8
1,<environment.Job instance at 0x7f3a17d78c30>,10,2,[ 4 14],11,34,36,23,11
1,<environment.Job instance at 0x7f3a17d786e0>,8,12,[12  2],9,36,48,27,19
1,<environment.Job instance at 0x7f3a16dc7370>,18,12,[3 5],19,36,48,17,22
1,<environment.Job instance at 0x7f3a16915f00>,28,18,[5 2],29,48,66,19,37
1,<environment.Job instance at 0x7f3a17d78c80>,11,18,[6 1],12,48,66,36,38
1,<environment.Job instance at 0x7f3a169150a0>,32,1,[ 3 10],33,48,49,15,38
1,<environment.Job instance at 0x7f3a16915d20>,33,2,[10  3],34,66,68,32,39
1,<environment.Job instance at 0x7f3a17c151e0>,1,24,[1 9],2,49,73,47,44
1,<environment.Job instance at 0x7f3a16915be0>,35,14,[10  1],36,68,82,32,53
1,<environment.Job instance at 0x7f3a16915690>,36,26,[ 5 10],37,73,99,36,70
1,<environment.Job instance at 0x7f3a16915a00>,37,14,[3 7],38,99,113,61,84
1,<environment.Job instance at 0x7f3a16915cd0>,38,1,[12  4],39,99,100,60,84
1,<environment.Job instance at 0x7f3a16915e10>,31,13,[9 4],32,84,97,52,84
1,<environment.Job instance at 0x7f3a16915d70>,40,17,[3 6],41,100,117,59,88
1,<environment.Job instance at 0x7f3a16915a50>,39,17,[4 8],40,113,130,73,101
1,<environment.Job instance at 0x7f3a16708c30>,47,13,[11  3],48,117,130,69,101
1,<environment.Job instance at 0x7f3a16f7c5a0>,0,16,[ 3 10],1,1,17,0,1
1,<environment.Job instance at 0x7f3a16f7c550>,1,13,[8 2],2,3,16,1,3
1,<environment.Job instance at 0x7f3a16f7c640>,2,2,[5 2],3,16,18,13,3
1,<environment.Job instance at 0x7f3a16f7c370>,4,15,[3 5],5,17,32,12,5
1,<environment.Job instance at 0x7f3a16f7c2d0>,5,13,[6 5],6,17,30,11,6
1,<environment.Job instance at 0x7f3a16f7c410>,7,20,[10  4],8,30,50,22,25
1,<environment.Job instance at 0x7f3a16f4fb40>,10,20,[2 6],11,30,50,19,25
1,<environment.Job instance at 0x7f3a16f4f5f0>,14,15,[4 7],15,50,65,35,36
1,<environment.Job instance at 0x7f3a16f59a00>,20,13,[2 6],21,50,63,29,37
1,<environment.Job instance at 0x7f3a16f59c80>,21,16,[7 5],22,63,79,41,50
1,<environment.Job instance at 0x7f3a16f59aa0>,24,12,[4 7],25,65,77,40,50
1,<environment.Job instance at 0x7f3a16f59cd0>,25,18,[10  4],26,79,97,53,68
1,<environment.Job instance at 0x7f3a16f59190>,26,13,[4 6],27,77,90,50,68
1,<environment.Job instance at 0x7f3a16f6aeb0>,27,19,[5 4],28,90,109,62,80
1,<environment.Job instance at 0x7f3a16f6af50>,28,17,[5 8],29,97,114,68,85
1,<environment.Job instance at 0x7f3a16f6a780>,30,17,[5 7],31,109,126,78,97
1,<environment.Job instance at 0x7f3a16c2c780>,33,15,[9 4],34,114,129,80,100
1,<environment.Job instance at 0x7f3a1673a870>,2,1,[5 5],3,3,4,0,3
1,<environment.Job instance at 0x7f3a1673a7d0>,3,12,[9 4],4,4,16,0,4
1,<environment.Job instance at 0x7f3a1673a190>,6,15,[5 2],7,7,22,0,7
1,<environment.Job instance at 0x7f3a169ba640>,7,3,[6 3],8,16,19,8,8
1,<environment.Job instance at 0x7f3a169bad70>,9,15,[5 7],10,19,34,9,10
1,<environment.Job instance at 0x7f3a169ba8c0>,13,14,[4 9],14,34,48,20,20
1,<environment.Job instance at 0x7f3a169ba2d0>,18,14,[10  3],19,22,36,3,20
1,<environment.Job instance at 0x7f3a169ba960>,19,18,[8 2],20,36,54,16,31
1,<environment.Job instance at 0x7f3a169ba190>,21,17,[5 4],22,48,65,26,36
1,<environment.Job instance at 0x7f3a169ba1e0>,24,14,[3 7],25,54,68,29,46
1,<environment.Job instance at 0x7f3a169bae10>,12,17,[ 3 14],13,68,85,55,57
1,<environment.Job instance at 0x7f3a169a4be0>,28,16,[7 1],29,58,74,29,58
1,<environment.Job instance at 0x7f3a169a4b90>,35,12,[5 5],36,85,97,49,68
1,<environment.Job instance at 0x7f3a169a4460>,27,12,[3 7],28,85,97,57,68
1,<environment.Job instance at 0x7f3a169a45f0>,36,12,[4 6],37,97,109,60,80
1,<environment.Job instance at 0x7f3a169a4960>,41,17,[5 2],42,85,102,43,80
1,<environment.Job instance at 0x7f3a169a49b0>,42,15,[5 6],43,97,112,54,83
1,<environment.Job instance at 0x7f3a169a4690>,37,18,[3 9],38,109,127,71,101
1,<environment.Job instance at 0x7f3a169ba780>,10,18,[11  5],11,112,130,101,102
1,<environment.Job instance at 0x7f3a169b3870>,0,22,[ 2 12],1,1,23,0,1
1,<environment.Job instance at 0x7f3a17d872d0>,6,15,[3 8],7,23,38,16,9
1,<environment.Job instance at 0x7f3a17d87500>,8,17,[3 5],9,23,40,14,11
1,<environment.Job instance at 0x7f3a17d87640>,12,3,[5 5],13,38,41,25,13
1,<environment.Job instance at 0x7f3a17d877d0>,13,15,[5 1],14,15,30,1,15
1,<environment.Job instance at 0x7f3a17d87aa0>,16,17,[4 6],17,40,57,23,28
1,<environment.Job instance at 0x7f3a17d87a00>,17,15,[10  5],18,41,56,23,28
1,<environment.Job instance at 0x7f3a17d87f00>,23,17,[ 1 10],24,57,74,33,45
1,<environment.Job instance at 0x7f3a17d87fa0>,24,14,[5 4],25,56,70,31,45
1,<environment.Job instance at 0x7f3a17d87a50>,25,15,[7 5],26,70,85,44,56
1,<environment.Job instance at 0x7f3a17db81e0>,27,15,[5 5],28,74,89,46,60
1,<environment.Job instance at 0x7f3a17db83c0>,28,17,[9 4],29,85,102,56,73
1,<environment.Job instance at 0x7f3a17db8370>,29,12,[3 7],30,89,101,59,73
1,<environment.Job instance at 0x7f3a17db8460>,31,18,[2 9],32,101,119,69,90
1,<environment.Job instance at 0x7f3a17db8320>,33,16,[2 8],34,119,135,85,106
1,<environment.Job instance at 0x7f3a17db8730>,34,12,[3 6],35,106,118,71,106
1,<environment.Job instance at 0x7f3a17db85a0>,35,14,[7 2],36,118,132,82,106
1,<environment.Job instance at 0x7f3f47263410>,2,22,[4 8],3,3,25,0,3
1,<environment.Job instance at 0x7f3f472634b0>,3,3,[ 4 14],4,25,28,21,4
1,<environment.Job instance at 0x7f3f47263640>,4,14,[1 6],5,5,19,0,5
1,<environment.Job instance at 0x7f3f47263780>,5,24,[1 5],6,28,52,22,23
1,<environment.Job instance at 0x7f3f47263910>,9,18,[ 2 13],10,52,70,42,41
1,<environment.Job instance at 0x7f3f47263960>,10,18,[ 3 11],11,70,88,59,59
1,<environment.Job instance at 0x7f3f47263a50>,11,1,[8 5],12,88,89,76,60
1,<environment.Job instance at 0x7f3f47263af0>,12,13,[10  2],13,60,73,47,60
1,<environment.Job instance at 0x7f3f47263c30>,14,13,[7 3],15,73,86,58,60
1,<environment.Job instance at 0x7f3f47263cd0>,15,18,[2 8],16,88,106,72,77
1,<environment.Job instance at 0x7f3f47263d70>,16,16,[3 5],17,89,105,72,77
1,<environment.Job instance at 0x7f3f47263fa0>,18,3,[ 4 13],19,106,109,87,80
1,<environment.Job instance at 0x7f3f47263f50>,19,14,[ 3 11],20,109,123,89,94
1,<environment.Job instance at 0x7f3f47263f00>,20,1,[13  5],21,105,106,84,94
1,<environment.Job instance at 0x7f3f47265050>,21,1,[6 5],22,123,124,101,95
1,<environment.Job instance at 0x7f3f472650f0>,22,1,[2 7],23,123,124,100,95
1,<environment.Job instance at 0x7f3f47263820>,7,25,[6 2],8,111,136,103,111
1,<environment.Job instance at 0x7f3f47265370>,24,18,[ 4 10],25,124,142,99,113
1,<environment.Job instance at 0x7f3f478b0c80>,0,17,[ 3 10],1,1,18,0,1
1,<environment.Job instance at 0x7f3f47265280>,1,3,[10  2],2,6,9,4,6
1,<environment.Job instance at 0x7f3f478b00f0>,4,22,[8 1],5,9,31,4,6
1,<environment.Job instance at 0x7f3f478b0500>,7,1,[ 4 11],8,18,19,10,8
1,<environment.Job instance at 0x7f3f477c6aa0>,9,2,[1 8],10,19,21,9,10
1,<environment.Job instance at 0x7f3f477c68c0>,13,16,[ 3 10],14,21,37,7,14
1,<environment.Job instance at 0x7f3f477c6910>,10,15,[8 3],11,31,46,20,19
1,<environment.Job instance at 0x7f3f477c69b0>,19,3,[ 1 12],20,37,40,17,20
1,<environment.Job instance at 0x7f3f477c6d70>,21,13,[5 6],22,40,53,18,24
1,<environment.Job instance at 0x7f3f46d3b8c0>,38,17,[5 5],39,46,63,7,39
1,<environment.Job instance at 0x7f3f46d3b230>,39,17,[3 7],40,53,70,13,43
1,<environment.Job instance at 0x7f3f46db2b40>,43,13,[7 5],44,63,76,19,47
1,<environment.Job instance at 0x7f3f46d62500>,52,16,[6 4],53,70,86,17,57
1,<environment.Job instance at 0x7f3f46d25730>,53,18,[6 5],54,76,94,22,65
1,<environment.Job instance at 0x7f3f46d0d5a0>,59,14,[2 6],60,70,84,10,65
1,<environment.Job instance at 0x7f3f46bbef00>,77,20,[5 3],78,86,106,8,78
1,<environment.Job instance at 0x7f3f477c6d20>,12,13,[ 5 10],13,94,107,81,80
1,<environment.Job instance at 0x7f3f46d72cd0>,80,2,[7 5],81,106,108,25,81
1,<environment.Job instance at 0x7f3f46d72640>,79,21,[6 1],80,107,128,27,99
1,<environment.Job instance at 0x7f3f46d67410>,87,15,[3 7],88,108,123,20,100
1,<environment.Job instance at 0x7f3f46d67fa0>,89,22,[2 7],90,107,129,17,100
1,<environment.Job instance at 0x7f3f46d9ee10>,96,17,[3 8],97,128,145,31,116
1,<environment.Job instance at 0x7f3f46954910>,1,3,[10  5],2,2,5,0,2
1,<environment.Job instance at 0x7f3f46954e10>,2,20,[9 3],3,5,25,2,3
1,<environment.Job instance at 0x7f3f468c80f0>,4,3,[7 5],5,25,28,20,5
1,<environment.Job instance at 0x7f3f46972910>,13,12,[9 1],14,28,40,14,15
1,<environment.Job instance at 0x7f3f468c88c0>,8,18,[4 6],9,16,34,7,16
1,<environment.Job instance at 0x7f3f468c8c30>,14,14,[5 5],15,34,48,19,20
1,<environment.Job instance at 0x7f3f469721e0>,19,1,[5 4],20,40,41,20,20
1,<environment.Job instance at 0x7f3f469728c0>,17,17,[5 2],18,40,57,22,29
1,<environment.Job instance at 0x7f3f46972aa0>,21,1,[ 2 10],22,48,49,26,29
1,<environment.Job instance at 0x7f3f46972730>,18,18,[4 5],19,49,67,30,38
1,<environment.Job instance at 0x7f3f46972d20>,25,24,[1 5],26,49,73,23,44
1,<environment.Job instance at 0x7f3f469720a0>,27,13,[5 4],28,57,70,29,49
1,<environment.Job instance at 0x7f3f468d9c80>,28,21,[8 3],29,67,88,38,59
1,<environment.Job instance at 0x7f3f468d9d70>,30,13,[4 5],31,70,83,39,59
1,<environment.Job instance at 0x7f3f468d94b0>,33,17,[ 2 10],34,83,100,49,73
1,<environment.Job instance at 0x7f3f468d91e0>,36,13,[4 9],37,100,113,63,84
1,<environment.Job instance at 0x7f3f468d9410>,38,16,[10  3],39,88,104,49,84
1,<environment.Job instance at 0x7f3f468d9550>,39,16,[6 5],40,104,120,64,91
1,<environment.Job instance at 0x7f3f468d9dc0>,42,15,[6 1],43,113,128,70,99
1,<environment.Job instance at 0x7f3f46972dc0>,20,25,[ 3 10],21,120,145,99,116
1,<environment.Job instance at 0x7f3f476fba50>,46,25,[5 2],47,120,145,73,116
1,<environment.Job instance at 0x7f3f470d7d20>,47,2,[8 5],48,145,147,97,118
1,<environment.Job instance at 0x7f3f46c7c3c0>,1,12,[3 8],2,2,14,0,2
1,<environment.Job instance at 0x7f3f470d7d20>,3,15,[4 6],4,4,19,0,4
1,<environment.Job instance at 0x7f3f46ebb780>,6,15,[5 3],7,14,29,7,7
1,<environment.Job instance at 0x7f3f46ebb4b0>,7,18,[1 5],8,14,32,6,9
1,<environment.Job instance at 0x7f3f46ebbf00>,4,21,[3 8],5,29,50,24,21
1,<environment.Job instance at 0x7f3f46e43f50>,9,13,[1 7],10,32,45,22,21
1,<environment.Job instance at 0x7f3f46a79c30>,16,13,[5 5],17,45,58,28,29
1,<environment.Job instance at 0x7f3f473c2c30>,19,14,[7 5],20,50,64,30,35
1,<environment.Job instance at 0x7f3f473c2cd0>,24,16,[10  4],25,64,80,39,51
1,<environment.Job instance at 0x7f3f46c78370>,27,14,[7 5],28,80,94,52,65
1,<environment.Job instance at 0x7f3f470ad9b0>,2,21,[4 8],3,68,89,65,68
1,<environment.Job instance at 0x7f3f46c7f870>,29,18,[9 5],30,94,112,64,83
1,<environment.Job instance at 0x7f3f46d4e460>,33,17,[7 2],34,112,129,78,100
1,<environment.Job instance at 0x7f3f46ed9aa0>,35,20,[3 8],36,112,132,76,112
1,<environment.Job instance at 0x7f3f46ca6be0>,0,2,[13  5],1,2,4,1,2
1,<environment.Job instance at 0x7f3f46ca65a0>,1,2,[1 8],2,2,4,0,2
1,<environment.Job instance at 0x7f3f47946550>,5,13,[6 4],6,6,19,0,6
1,<environment.Job instance at 0x7f3f47946640>,6,14,[10  3],7,19,33,12,7
1,<environment.Job instance at 0x7f3f47946820>,8,19,[1 5],9,9,28,0,9
1,<environment.Job instance at 0x7f3f47952320>,9,18,[2 9],10,28,46,18,17
1,<environment.Job instance at 0x7f3f4794b640>,14,3,[2 7],15,19,22,4,17
1,<environment.Job instance at 0x7f3f4794be60>,11,13,[6 5],12,33,46,21,18
1,<environment.Job instance at 0x7f3f47936460>,18,1,[6 3],19,46,47,27,19
1,<environment.Job instance at 0x7f3f4794b0a0>,17,15,[9 5],18,46,61,28,32
1,<environment.Job instance at 0x7f3f4794e370>,22,3,[8 5],23,61,64,38,35
1,<environment.Job instance at 0x7f3f4794ec30>,25,3,[9 2],26,64,67,38,38
1,<environment.Job instance at 0x7f3f4794e870>,26,14,[5 9],27,47,61,20,40
1,<environment.Job instance at 0x7f3f4794e050>,28,12,[2 5],29,61,73,32,49
1,<environment.Job instance at 0x7f3f4794e4b0>,29,16,[6 5],30,67,83,37,54
1,<environment.Job instance at 0x7f3f47936910>,19,13,[14  1],20,83,96,63,67
1,<environment.Job instance at 0x7f3f4795e5a0>,34,3,[13  1],35,96,99,61,70
1,<environment.Job instance at 0x7f3f468721e0>,35,3,[2 6],36,73,76,37,70
1,<environment.Job instance at 0x7f3f46826f00>,36,18,[7 5],37,99,117,62,88
1,<environment.Job instance at 0x7f3f46872550>,37,18,[5 9],38,99,117,61,89
1,<environment.Job instance at 0x7f3f4681e960>,38,3,[ 1 13],39,89,92,50,89
1,<environment.Job instance at 0x7f3f476c5fa0>,2,16,[10  3],3,117,133,114,105
1,<environment.Job instance at 0x7f3f4681ef50>,40,20,[ 1 10],41,117,137,76,108
1,<environment.Job instance at 0x7f3f4710ad20>,1,16,[1 8],2,2,18,0,2
1,<environment.Job instance at 0x7f3f4681e460>,2,13,[3 6],3,3,16,0,3
1,<environment.Job instance at 0x7f3f4681e9b0>,5,22,[11  4],6,16,38,10,10
1,<environment.Job instance at 0x7f3f4681e5a0>,7,23,[ 4 10],8,18,41,10,12
1,<environment.Job instance at 0x7f3f46fbc500>,12,2,[ 1 14],13,41,43,28,14
1,<environment.Job instance at 0x7f3f46fbce10>,13,12,[13  2],14,43,55,29,26
1,<environment.Job instance at 0x7f3f46fbc230>,14,15,[9 1],15,55,70,40,43
1,<environment.Job instance at 0x7f3f46fbc320>,18,17,[5 5],19,55,72,36,43
1,<environment.Job instance at 0x7f3f46fbc3c0>,19,14,[3 7],20,70,84,50,55
1,<environment.Job instance at 0x7f3f46fbcb90>,20,15,[9 4],21,72,87,51,61
1,<environment.Job instance at 0x7f3f46fbcc30>,21,3,[5 5],22,84,87,62,61
1,<environment.Job instance at 0x7f3f46fbcfa0>,22,13,[1 5],23,84,97,61,68
1,<environment.Job instance at 0x7f3f4681e410>,0,18,[7 1],1,87,105,86,77
1,<environment.Job instance at 0x7f3f46fbc190>,23,20,[5 4],24,87,107,63,80
1,<environment.Job instance at 0x7f3f4681e0f0>,3,18,[ 3 10],4,97,115,93,91
1,<environment.Job instance at 0x7f3f46fbc690>,26,20,[7 1],27,105,125,78,103
1,<environment.Job instance at 0x7f3f46fbc5a0>,27,20,[6 2],28,115,135,87,106
1,<environment.Job instance at 0x7f3f46fbc870>,28,16,[4 9],29,125,141,96,114
1,<environment.Job instance at 0x7f3f470e7320>,3,3,[9 1],4,4,7,0,4
1,<environment.Job instance at 0x7f3f468205f0>,5,17,[6 5],6,6,23,0,6
1,<environment.Job instance at 0x7f3f46820c30>,8,16,[ 5 10],9,9,25,0,9
1,<environment.Job instance at 0x7f3f46820960>,10,15,[5 2],11,23,38,12,11
1,<environment.Job instance at 0x7f3f46820eb0>,12,14,[7 1],13,25,39,12,13
1,<environment.Job instance at 0x7f3f46820640>,18,3,[13  4],19,39,42,20,19
1,<environment.Job instance at 0x7f3f46820870>,17,14,[2 6],18,25,39,7,20
1,<environment.Job instance at 0x7f3f46820e10>,19,16,[2 9],20,39,55,19,30
1,<environment.Job instance at 0x7f3f46820f00>,21,27,[5 1],22,42,69,20,40
1,<environment.Job instance at 0x7f3f46820780>,20,18,[7 5],21,42,60,21,40
1,<environment.Job instance at 0x7f3f468205a0>,23,17,[4 5],24,60,77,36,48
1,<environment.Job instance at 0x7f3f46820f50>,24,18,[ 1 10],25,69,87,44,58
1,<environment.Job instance at 0x7f3f47d839b0>,28,18,[10  5],29,77,95,48,67
1,<environment.Job instance at 0x7f3f47d83960>,31,15,[10  4],32,95,110,63,81
1,<environment.Job instance at 0x7f3f476623c0>,39,14,[1 7],40,87,101,47,81
1,<environment.Job instance at 0x7f3f468203c0>,22,16,[ 2 10],23,101,117,78,90
1,<environment.Job instance at 0x7f3f47662c30>,40,17,[9 4],41,110,127,69,98
1,<environment.Job instance at 0x7f3f46820140>,16,22,[5 5],17,117,139,100,110
1,<environment.Job instance at 0x7f3f476895f0>,42,18,[4 8],43,127,145,84,116
1,<environment.Job instance at 0x7f3f468b5780>,1,13,[1 9],2,2,15,0,2
1,<environment.Job instance at 0x7f3f46bd9c30>,3,13,[1 7],4,15,28,11,4
1,<environment.Job instance at 0x7f3f46bd9eb0>,4,23,[1 5],5,5,28,0,5
1,<environment.Job instance at 0x7f3f46bd9a50>,5,2,[5 5],6,28,30,22,6
1,<environment.Job instance at 0x7f3f46bfa6e0>,6,2,[ 5 13],7,30,32,23,7
1,<environment.Job instance at 0x7f3f46ec4870>,8,2,[ 1 10],9,28,30,19,9
1,<environment.Job instance at 0x7f3f46bcad70>,14,3,[11  2],15,15,18,0,15
1,<environment.Job instance at 0x7f3f46bff500>,15,3,[14  5],16,32,35,16,16
1,<environment.Job instance at 0x7f3f46bffc30>,16,12,[5 4],17,35,47,18,18
1,<environment.Job instance at 0x7f3f479f6e10>,17,14,[8 1],18,35,49,17,21
1,<environment.Job instance at 0x7f3f46bf9a50>,18,16,[ 4 10],19,47,63,28,35
1,<environment.Job instance at 0x7f3f47689d20>,9,13,[7 5],10,49,62,39,35
1,<environment.Job instance at 0x7f3f46bf92d0>,24,21,[6 5],25,62,83,37,54
1,<environment.Job instance at 0x7f3f46bf9a00>,29,15,[4 9],30,63,78,33,55
1,<environment.Job instance at 0x7f3f46bf9b90>,30,15,[7 5],31,78,93,47,64
1,<environment.Job instance at 0x7f3f46eb74b0>,35,17,[9 3],36,93,110,57,81
1,<environment.Job instance at 0x7f3f47a0d0f0>,38,17,[2 7],39,83,100,44,81
1,<environment.Job instance at 0x7f3f46b7f230>,43,15,[4 7],44,100,115,56,86
1,<environment.Job instance at 0x7f3f47a03b90>,46,17,[ 4 10],47,115,132,68,103
1,<environment.Job instance at 0x7f3f472c0190>,47,12,[9 4],48,110,122,62,103
1,<environment.Job instance at 0x7f3f472c0140>,48,20,[9 5],49,122,142,73,113
1,<environment.Job instance at 0x7f3f46c23be0>,1,14,[5 5],2,2,16,0,2
1,<environment.Job instance at 0x7f3f472c0c80>,0,24,[4 5],1,2,26,1,2
1,<environment.Job instance at 0x7f3f472c0460>,4,16,[6 1],5,5,21,0,5
1,<environment.Job instance at 0x7f3f472c0a50>,5,14,[11  2],6,21,35,15,6
1,<environment.Job instance at 0x7f3f472c0eb0>,11,15,[4 8],12,26,41,14,12
1,<environment.Job instance at 0x7f3f472c0960>,12,12,[1 8],13,41,53,28,24
1,<environment.Job instance at 0x7f3f472c05a0>,13,2,[ 1 12],14,53,55,39,26
1,<environment.Job instance at 0x7f3f472c0780>,10,16,[10  2],11,35,51,24,26
1,<environment.Job instance at 0x7f3f472c00a0>,14,13,[9 5],15,55,68,40,39
1,<environment.Job instance at 0x7f3f472c00f0>,15,18,[6 2],16,51,69,35,48
1,<environment.Job instance at 0x7f3f472c09b0>,17,13,[7 5],18,68,81,50,52
1,<environment.Job instance at 0x7f3f47a03f50>,20,15,[7 3],21,69,84,48,55
1,<environment.Job instance at 0x7f3f47a030a0>,27,15,[8 5],28,81,96,53,67
1,<environment.Job instance at 0x7f3f47a03fa0>,28,22,[6 4],29,84,106,55,77
1,<environment.Job instance at 0x7f3f472c02d0>,9,12,[6 3],10,96,108,86,79
1,<environment.Job instance at 0x7f3f47a03870>,30,13,[3 6],31,96,109,65,80
1,<environment.Job instance at 0x7f3f46b6a550>,2,12,[13  3],3,109,121,106,92
1,<environment.Job instance at 0x7f3f47a035f0>,33,3,[2 8],34,108,111,74,93
1,<environment.Job instance at 0x7f3f47a03230>,35,22,[2 6],36,111,133,75,104
1,<environment.Job instance at 0x7f3f47a03910>,34,3,[ 3 10],35,133,136,98,107
1,<environment.Job instance at 0x7f3f47a03d20>,31,2,[7 5],32,121,123,89,107
1,<environment.Job instance at 0x7f3f46bd9870>,1,22,[10  5],2,2,24,0,2
1,<environment.Job instance at 0x7f3f47a277d0>,4,12,[ 1 10],5,5,17,0,5
1,<environment.Job instance at 0x7f3f47a20c30>,8,15,[5 1],9,17,32,8,12
1,<environment.Job instance at 0x7f3f479f2190>,9,13,[5 2],10,24,37,14,13
1,<environment.Job instance at 0x7f3f479f23c0>,10,1,[10  2],11,32,33,21,15
1,<environment.Job instance at 0x7f3f47a20410>,7,3,[ 4 11],8,24,27,16,16
1,<environment.Job instance at 0x7f3f47a20cd0>,6,15,[1 8],7,33,48,26,20
1,<environment.Job instance at 0x7f3f479f2690>,12,26,[7 4],13,33,59,20,31
1,<environment.Job instance at 0x7f3f479ed8c0>,18,2,[ 4 14],19,59,61,40,32
1,<environment.Job instance at 0x7f3f479edf50>,19,14,[6 1],20,37,51,17,32
1,<environment.Job instance at 0x7f3f47a00730>,20,2,[1 5],21,48,50,27,32
1,<environment.Job instance at 0x7f3f47a00870>,21,14,[ 4 14],22,61,75,39,46
1,<environment.Job instance at 0x7f3f479edb90>,17,18,[1 9],18,75,93,57,64
1,<environment.Job instance at 0x7f3f47a001e0>,24,14,[7 5],25,75,89,50,64
1,<environment.Job instance at 0x7f3f47a12fa0>,27,18,[2 9],28,93,111,65,82
1,<environment.Job instance at 0x7f3f47a009b0>,28,18,[5 5],29,89,107,60,82
1,<environment.Job instance at 0x7f3f47a12960>,30,19,[3 9],31,111,130,80,101
1,<environment.Job instance at 0x7f3f47643140>,31,18,[5 2],32,107,125,75,101
1,<environment.Job instance at 0x7f3f4757deb0>,32,16,[7 5],33,125,141,92,112
1,<environment.Job instance at 0x7f3f469e7320>,34,12,[8 3],35,130,142,95,113
1,<environment.Job instance at 0x7f3f4705a780>,6,14,[3 9],7,7,21,0,7
1,<environment.Job instance at 0x7f3f4705a9b0>,7,12,[10  1],8,8,20,0,8
1,<environment.Job instance at 0x7f3f4788d960>,8,17,[4 7],9,21,38,12,9
1,<environment.Job instance at 0x7f3f46ec3b90>,10,19,[5 8],11,21,40,10,11
1,<environment.Job instance at 0x7f3f46ec3780>,14,12,[9 2],15,38,50,23,21
1,<environment.Job instance at 0x7f3f46ec3910>,13,1,[9 3],14,50,51,36,23
1,<environment.Job instance at 0x7f3f46ec36e0>,15,21,[5 8],16,40,61,24,32
1,<environment.Job instance at 0x7f3f46ec3820>,17,2,[1 8],18,61,63,43,34
1,<environment.Job instance at 0x7f3f46ec3f50>,18,17,[ 1 10],19,63,80,44,51
1,<environment.Job instance at 0x7f3f46ec3190>,19,16,[7 4],20,51,67,31,51
1,<environment.Job instance at 0x7f3f46ec3e10>,20,12,[11  2],21,67,79,46,51
1,<environment.Job instance at 0x7f3f46ec38c0>,22,15,[3 6],23,80,95,57,66
1,<environment.Job instance at 0x7f3f46ec3410>,23,15,[1 7],24,80,95,56,66
1,<environment.Job instance at 0x7f3f47217cd0>,32,12,[5 2],33,79,91,46,67
1,<environment.Job instance at 0x7f3f46ec3050>,21,18,[ 3 11],22,95,113,73,84
1,<environment.Job instance at 0x7f3f47217910>,34,3,[7 5],35,113,116,78,87
1,<environment.Job instance at 0x7f3f472175a0>,35,24,[5 3],36,95,119,59,90
1,<environment.Job instance at 0x7f3f47217e10>,33,18,[7 1],34,116,134,82,105
1,<environment.Job instance at 0x7f3f47217a00>,36,15,[ 1 14],37,119,134,82,105
1,<environment.Job instance at 0x7f3f47217b40>,41,3,[2 7],42,113,116,71,105
1,<environment.Job instance at 0x7f3f465c9960>,0,3,[6 1],1,1,4,0,1
1,<environment.Job instance at 0x7f3f472172d0>,1,3,[1 6],2,2,5,0,2
1,<environment.Job instance at 0x7f3f47217b40>,3,23,[7 1],4,4,27,0,4
1,<environment.Job instance at 0x7f3f465c9500>,2,16,[ 2 13],3,5,21,2,4
1,<environment.Job instance at 0x7f3f465c94b0>,6,15,[6 5],7,21,36,14,7
1,<environment.Job instance at 0x7f3f47254c30>,9,15,[ 2 10],10,27,42,17,13
1,<environment.Job instance at 0x7f3f47254f50>,13,13,[11  3],14,36,49,22,25
1,<environment.Job instance at 0x7f3f466e00a0>,25,3,[9 1],26,49,52,23,26
1,<environment.Job instance at 0x7f3f466e0fa0>,23,15,[4 7],24,42,57,18,31
1,<environment.Job instance at 0x7f3f465c9370>,4,13,[13  4],5,57,70,52,41
1,<environment.Job instance at 0x7f3f466e0e10>,28,1,[12  3],29,70,71,41,42
1,<environment.Job instance at 0x7f3f47254870>,24,22,[3 5],25,70,92,45,63
1,<environment.Job instance at 0x7f3f466e0870>,30,13,[3 9],31,71,84,40,63
1,<environment.Job instance at 0x7f3f466e0640>,31,1,[2 5],32,63,64,31,63
1,<environment.Job instance at 0x7f3f466e03c0>,32,13,[3 7],33,84,97,51,68
1,<environment.Job instance at 0x7f3f466e08c0>,33,1,[14  4],34,97,98,63,69
1,<environment.Job instance at 0x7f3f466e0aa0>,27,20,[9 5],28,98,118,70,89
1,<environment.Job instance at 0x7f3f466e0550>,37,17,[5 9],38,98,115,60,89
1,<environment.Job instance at 0x7f3f466e0960>,38,17,[9 4],39,118,135,79,106
1,<environment.Job instance at 0x7f3f46cc38c0>,0,19,[ 3 10],1,1,20,0,1
1,<environment.Job instance at 0x7f3f466e0820>,1,12,[5 8],2,20,32,18,3
1,<environment.Job instance at 0x7f3f466e0a00>,2,20,[10  3],3,4,24,1,4
1,<environment.Job instance at 0x7f3f47324460>,12,3,[4 8],13,32,35,19,13
1,<environment.Job instance at 0x7f3f47324640>,14,12,[13  2],15,35,47,20,18
1,<environment.Job instance at 0x7f3f473244b0>,13,16,[ 5 10],14,47,63,33,34
1,<environment.Job instance at 0x7f3f47324780>,18,12,[10  2],19,47,59,28,34
1,<environment.Job instance at 0x7f3f47324b40>,20,16,[3 6],21,63,79,42,50
1,<environment.Job instance at 0x7f3f473249b0>,21,15,[1 6],22,63,78,41,50
1,<environment.Job instance at 0x7f3f47324190>,5,21,[10  1],6,59,80,53,57
1,<environment.Job instance at 0x7f3f5046ac30>,25,13,[7 5],26,80,93,54,64
1,<environment.Job instance at 0x7f3f5046abe0>,26,13,[6 1],27,80,93,53,65
1,<environment.Job instance at 0x7f3f5046ad20>,32,13,[5 1],33,93,106,60,77
1,<environment.Job instance at 0x7f3f5046a910>,30,15,[8 4],31,93,108,62,79
1,<environment.Job instance at 0x7f3f5046aa50>,35,12,[1 6],36,79,91,43,79
1,<environment.Job instance at 0x7f3f475d0320>,40,21,[5 7],41,106,127,65,98
1,<environment.Job instance at 0x7f3f475d0280>,41,14,[10  4],42,108,122,66,98
1,<environment.Job instance at 0x7f3f473243c0>,15,22,[6 2],16,122,144,106,115
1,<environment.Job instance at 0x7f3f475d07d0>,43,2,[8 3],44,127,129,83,115
1,<environment.Job instance at 0x7f3f475d04b0>,44,13,[7 4],45,129,142,84,115
1,<environment.Job instance at 0x7f3f475d0d20>,45,2,[12  1],46,144,146,98,117
1,<environment.Job instance at 0x7f3f4796d910>,0,19,[3 5],1,1,20,0,1
1,<environment.Job instance at 0x7f3f4669e410>,2,15,[8 4],3,3,18,0,3
1,<environment.Job instance at 0x7f3f473c7730>,6,19,[2 7],7,18,37,11,8
1,<environment.Job instance at 0x7f3f473c7b90>,9,17,[6 1],10,18,35,8,10
1,<environment.Job instance at 0x7f3f473c7410>,13,3,[8 3],14,35,38,21,14
1,<environment.Job instance at 0x7f3f473c7910>,11,15,[8 2],12,38,53,26,24
1,<environment.Job instance at 0x7f3f473c70f0>,14,18,[6 1],15,37,55,22,26
1,<environment.Job instance at 0x7f3f473c7230>,15,18,[8 3],16,53,71,37,42
1,<environment.Job instance at 0x7f3f473c7820>,17,12,[3 5],18,55,67,37,42
1,<environment.Job instance at 0x7f3f47940370>,19,14,[6 1],20,67,81,47,52
1,<environment.Job instance at 0x7f3f473c7af0>,16,13,[9 5],17,71,84,54,59
1,<environment.Job instance at 0x7f3f479407d0>,22,3,[5 6],23,81,84,58,59
1,<environment.Job instance at 0x7f3f47940640>,23,3,[9 3],24,84,87,60,59
1,<environment.Job instance at 0x7f3f47940d20>,24,2,[13  1],25,87,89,62,60
1,<environment.Job instance at 0x7f3f47940c30>,25,13,[ 1 10],26,84,97,58,68
1,<environment.Job instance at 0x7f3f479408c0>,21,17,[3 8],22,97,114,75,85
1,<environment.Job instance at 0x7f3f47940460>,28,15,[8 4],29,89,104,60,85
1,<environment.Job instance at 0x7f3f47940a50>,30,15,[3 9],31,114,129,83,100
1,<environment.Job instance at 0x7f3f47940a00>,31,16,[6 3],32,104,120,72,100
1,<environment.Job instance at 0x7f3f47940690>,26,14,[9 3],27,120,134,93,105
1,<environment.Job instance at 0x7f3f479402d0>,35,1,[ 4 11],36,129,130,93,105
1,<environment.Job instance at 0x7f3f47940550>,36,15,[6 1],37,105,120,68,105
1,<environment.Job instance at 0x7f3f47c8cd20>,1,16,[ 2 10],2,2,18,0,2
1,<environment.Job instance at 0x7f3f47c8c550>,2,2,[7 5],3,3,5,0,3
1,<environment.Job instance at 0x7f3f47c8caf0>,3,15,[10  1],4,5,20,1,4
1,<environment.Job instance at 0x7f3f471d33c0>,6,12,[10  3],7,20,32,13,7
1,<environment.Job instance at 0x7f3f471d3190>,7,15,[1 7],8,18,33,10,10
1,<environment.Job instance at 0x7f3f47d4b640>,14,16,[4 7],15,32,48,17,19
1,<environment.Job instance at 0x7f3f47d4b0a0>,15,16,[9 5],16,33,49,17,20
1,<environment.Job instance at 0x7f3f47d4b410>,22,19,[8 4],23,49,68,26,39
1,<environment.Job instance at 0x7f3f47d4b280>,25,12,[3 8],26,48,60,22,39
1,<environment.Job instance at 0x7f3f465c1820>,31,14,[7 5],32,60,74,28,45
1,<environment.Job instance at 0x7f3f465c1af0>,34,14,[8 5],35,68,82,33,53
1,<environment.Job instance at 0x7f3f4669d3c0>,39,17,[7 5],40,74,91,34,62
1,<environment.Job instance at 0x7f3f4669d7d0>,40,14,[4 6],41,82,96,41,67
1,<environment.Job instance at 0x7f3f4669d550>,46,12,[2 7],47,91,103,44,74
1,<environment.Job instance at 0x7f3f4694cc80>,49,17,[1 8],50,96,113,46,85
1,<environment.Job instance at 0x7f3f4694c8c0>,51,19,[8 4],52,103,122,51,93
1,<environment.Job instance at 0x7f3f4694caa0>,52,15,[2 6],53,113,128,60,99
1,<environment.Job instance at 0x7f3f4694cdc0>,57,17,[3 8],58,122,139,64,110
1,<environment.Job instance at 0x7f3f4694c640>,59,17,[9 2],60,128,145,68,116
1,<environment.Job instance at 0x7f3f47c94280>,0,17,[3 6],1,1,18,0,1
1,<environment.Job instance at 0x7f3f47043550>,2,1,[9 3],3,5,6,2,5
1,<environment.Job instance at 0x7f3f47c94c80>,1,17,[ 4 10],2,18,35,16,6
1,<environment.Job instance at 0x7f3f47c94d20>,7,13,[11  3],8,8,21,0,8
1,<environment.Job instance at 0x7f3f47c94550>,9,14,[7 1],10,21,35,11,11
1,<environment.Job instance at 0x7f3f47c94aa0>,11,16,[5 5],12,35,51,23,22
1,<environment.Job instance at 0x7f3f470542d0>,17,17,[2 5],18,35,52,17,23
1,<environment.Job instance at 0x7f3f47054d70>,18,18,[1 7],19,51,69,32,40
1,<environment.Job instance at 0x7f3f47054640>,20,14,[7 4],21,52,66,31,40
1,<environment.Job instance at 0x7f3f470541e0>,21,17,[ 4 10],22,69,86,47,57
1,<environment.Job instance at 0x7f3f47054550>,22,1,[6 3],23,57,58,34,57
1,<environment.Job instance at 0x7f3f470545a0>,25,18,[5 3],26,58,76,32,57
1,<environment.Job instance at 0x7f3f47054af0>,26,22,[8 4],27,76,98,49,69
1,<environment.Job instance at 0x7f3f47054be0>,27,15,[5 1],28,86,101,58,72
1,<environment.Job instance at 0x7f3f47054960>,29,13,[6 1],30,98,111,68,82
1,<environment.Job instance at 0x7f3f47054500>,30,12,[ 4 10],31,98,110,67,82
1,<environment.Job instance at 0x7f3f47054230>,31,17,[6 1],32,110,127,78,98
1,<environment.Job instance at 0x7f3f47c94eb0>,10,14,[ 2 11],11,110,124,99,99
1,<environment.Job instance at 0x7f3f47054e60>,34,2,[13  2],35,127,129,92,100
1,<environment.Job instance at 0x7f3f47054c30>,33,15,[5 8],34,129,144,95,115
1,<environment.Job instance at 0x7f3f46825780>,35,14,[4 7],36,129,143,93,116
1,<environment.Job instance at 0x7f3f468257d0>,2,13,[7 3],3,3,16,0,3
1,<environment.Job instance at 0x7f3f4705db40>,4,13,[5 8],5,5,18,0,5
1,<environment.Job instance at 0x7f3f4705d5a0>,7,18,[3 8],8,18,36,10,8
1,<environment.Job instance at 0x7f3f4705d7d0>,8,22,[3 6],9,16,38,7,9
1,<environment.Job instance at 0x7f3f46cab550>,13,17,[7 2],14,36,53,22,24
1,<environment.Job instance at 0x7f3f47e4f910>,17,18,[1 8],18,38,56,20,27
1,<environment.Job instance at 0x7f3f472f0140>,21,20,[10  5],22,53,73,31,44
1,<environment.Job instance at 0x7f3f472f0fa0>,22,18,[1 6],23,56,74,33,45
1,<environment.Job instance at 0x7f3f472f0050>,25,16,[4 6],26,73,89,47,60
1,<environment.Job instance at 0x7f3f472f0820>,26,20,[8 2],27,73,93,46,64
1,<environment.Job instance at 0x7f3f47e4fd20>,15,23,[5 9],16,89,112,73,83
1,<environment.Job instance at 0x7f3f472f0be0>,30,22,[10  4],31,93,115,62,90
1,<environment.Job instance at 0x7f3f472f0550>,32,18,[3 6],33,112,130,79,101
1,<environment.Job instance at 0x7f3f472f0b40>,33,12,[5 6],34,115,127,81,101
1,<environment.Job instance at 0x7f3f472f0190>,35,19,[9 2],36,127,146,91,117
1,<environment.Job instance at 0x7f3f46ca1550>,39,20,[1 6],40,127,147,87,118
1,<environment.Job instance at 0x7f3f504a6c80>,0,14,[12  5],1,1,15,0,1
1,<environment.Job instance at 0x7f3f504a60f0>,1,2,[2 7],2,3,5,1,3
1,<environment.Job instance at 0x7f3f4746daa0>,2,13,[2 6],3,5,18,2,4
1,<environment.Job instance at 0x7f3f464e77d0>,3,17,[6 4],4,15,32,11,4
1,<environment.Job instance at 0x7f3f4746d410>,4,2,[2 5],5,15,17,10,5
1,<environment.Job instance at 0x7f3f464e7a50>,7,15,[5 1],8,17,32,9,8
1,<environment.Job instance at 0x7f3f47bd89b0>,8,12,[1 5],9,18,30,9,9
1,<environment.Job instance at 0x7f3f47bd84b0>,10,13,[1 5],11,18,31,7,11
1,<environment.Job instance at 0x7f3f47bc5320>,16,14,[ 2 10],17,31,45,14,17
1,<environment.Job instance at 0x7f3f47bc5a50>,17,14,[7 4],18,32,46,14,18
1,<environment.Job instance at 0x7f3f47bc5870>,18,14,[12  4],19,46,60,27,31
1,<environment.Job instance at 0x7f3f47bc5050>,19,3,[1 6],20,45,48,25,31
1,<environment.Job instance at 0x7f3f47bc55a0>,14,16,[8 4],15,60,76,45,52
1,<environment.Job instance at 0x7f3f47bc5690>,15,12,[6 4],16,60,72,44,56
1,<environment.Job instance at 0x7f3f47bc5be0>,22,14,[7 5],23,72,86,49,58
1,<environment.Job instance at 0x7f3f47bc56e0>,23,1,[6 5],24,76,77,52,58
1,<environment.Job instance at 0x7f3f475d0690>,24,14,[ 2 11],25,86,100,61,71
1,<environment.Job instance at 0x7f3f47bc5b40>,20,25,[ 4 10],21,100,125,79,96
1,<environment.Job instance at 0x7f3f475d09b0>,26,18,[12  3],27,125,143,98,114
1,<environment.Job instance at 0x7f3f475d0640>,27,19,[ 2 12],28,125,144,97,115
1,<environment.Job instance at 0x7f3f46c82410>,0,13,[ 4 14],1,1,14,0,1
1,<environment.Job instance at 0x7f3f46c82910>,1,18,[4 7],2,14,32,12,3
1,<environment.Job instance at 0x7f3f46c82d70>,3,16,[10  1],4,5,21,1,5
1,<environment.Job instance at 0x7f3f46c821e0>,10,18,[5 5],11,21,39,10,14
1,<environment.Job instance at 0x7f3f46c82820>,6,12,[3 9],7,32,44,25,15
1,<environment.Job instance at 0x7f3f46c82a50>,16,21,[8 4],17,39,60,22,31
1,<environment.Job instance at 0x7f3f47998be0>,21,18,[1 8],22,44,62,22,33
1,<environment.Job instance at 0x7f3f46c826e0>,9,12,[ 3 13],10,62,74,52,45
1,<environment.Job instance at 0x7f3f479986e0>,25,3,[10  1],26,60,63,34,45
1,<environment.Job instance at 0x7f3f47998960>,26,1,[ 1 11],27,74,75,47,46
1,<environment.Job instance at 0x7f3f47998050>,27,17,[6 1],28,63,80,35,51
1,<environment.Job instance at 0x7f3f479983c0>,28,12,[4 5],29,75,87,46,58
1,<environment.Job instance at 0x7f3f47998fa0>,23,19,[10  2],24,80,99,56,72
1,<environment.Job instance at 0x7f3f47998f50>,31,20,[1 5],32,80,100,48,80
1,<environment.Job instance at 0x7f3f47998780>,34,13,[4 7],35,87,100,52,82
1,<environment.Job instance at 0x7f3f47998e60>,35,16,[11  5],36,100,116,64,87
1,<environment.Job instance at 0x7f3f47998d70>,37,13,[3 7],38,100,113,62,87
1,<environment.Job instance at 0x7f3f4697a8c0>,38,15,[7 4],39,116,131,77,102
1,<environment.Job instance at 0x7f3f4697aaa0>,41,17,[4 9],42,113,130,71,102
1,<environment.Job instance at 0x7f3f4697a5f0>,43,13,[10  2],44,131,144,87,115
1,<environment.Job instance at 0x7f3f46c98c30>,0,12,[5 9],1,1,13,0,1
1,<environment.Job instance at 0x7f3f46c98500>,1,12,[ 4 10],2,13,25,11,2
1,<environment.Job instance at 0x7f3f47115140>,2,2,[4 9],3,25,27,22,3
1,<environment.Job instance at 0x7f3f466f98c0>,7,13,[8 4],8,11,24,3,11
1,<environment.Job instance at 0x7f3f466f9aa0>,10,3,[2 9],11,27,30,16,11
1,<environment.Job instance at 0x7f3f466f96e0>,11,15,[6 4],12,24,39,12,16
1,<environment.Job instance at 0x7f3f466f9e60>,16,18,[ 1 13],17,39,57,22,28
1,<environment.Job instance at 0x7f3f466f9fa0>,17,18,[3 8],18,57,75,39,46
1,<environment.Job instance at 0x7f3f4697a5f0>,4,18,[3 7],5,57,75,52,46
1,<environment.Job instance at 0x7f3f466ec190>,19,3,[13  1],20,46,49,26,46
1,<environment.Job instance at 0x7f3f466ec230>,20,17,[5 8],21,75,92,54,66
1,<environment.Job instance at 0x7f3f466ec2d0>,21,16,[5 1],22,75,91,53,66
1,<environment.Job instance at 0x7f3f466ec140>,22,17,[14  2],23,92,109,69,82
1,<environment.Job instance at 0x7f3f466ec3c0>,23,2,[9 5],24,109,111,85,82
1,<environment.Job instance at 0x7f3f466ec4b0>,24,20,[ 3 10],25,109,129,84,100
1,<environment.Job instance at 0x7f3f466ec550>,25,3,[13  4],26,129,132,103,103
1,<environment.Job instance at 0x7f3f466ec5f0>,26,14,[11  5],27,111,125,84,106
1,<environment.Job instance at 0x7efec6f7f320>,1,22,[11  3],2,2,24,0,2
1,<environment.Job instance at 0x7efebd807410>,2,22,[4 8],3,3,25,0,3
1,<environment.Job instance at 0x7efebd8075a0>,3,3,[ 4 14],4,25,28,21,4
1,<environment.Job instance at 0x7efebd807690>,4,14,[1 6],5,28,42,23,13
1,<environment.Job instance at 0x7efebd807be0>,12,13,[10  2],13,28,41,15,13
1,<environment.Job instance at 0x7efebd807d70>,14,13,[7 3],15,41,54,26,25
1,<environment.Job instance at 0x7efebd8077d0>,6,20,[6 1],7,41,61,34,32
1,<environment.Job instance at 0x7efebd807dc0>,15,18,[2 8],16,42,60,26,33
1,<environment.Job instance at 0x7efebd807eb0>,16,16,[3 5],17,54,70,37,41
1,<environment.Job instance at 0x7efebd807910>,8,22,[14  3],9,70,92,61,63
1,<environment.Job instance at 0x7efebd809730>,28,25,[5 7],29,92,117,63,88
1,<environment.Job instance at 0x7efebd809910>,31,27,[4 8],32,92,119,60,90
1,<environment.Job instance at 0x7efebd809690>,32,20,[5 5],33,117,137,84,109
1,<environment.Job instance at 0x7efebd809b40>,33,1,[11  3],34,137,138,103,109
1,<environment.Job instance at 0x7efebd809af0>,34,16,[2 8],35,119,135,84,109
1,<environment.Job instance at 0x7efebd809be0>,35,2,[1 8],36,135,137,99,109
1,<environment.Job instance at 0x7efebd809a50>,36,15,[9 5],37,138,153,101,126
1,<environment.Job instance at 0x7efebdee0af0>,1,22,[7 5],2,2,24,0,2
1,<environment.Job instance at 0x7efebdee0f50>,0,15,[8 3],1,2,17,1,2
1,<environment.Job instance at 0x7efebd809a50>,2,13,[ 5 10],3,17,30,14,3
1,<environment.Job instance at 0x7efebdee0a00>,8,12,[7 5],9,24,36,15,9
1,<environment.Job instance at 0x7efebdf33eb0>,9,3,[ 1 12],10,36,39,26,10
1,<environment.Job instance at 0x7efebdf330a0>,11,13,[5 6],12,39,52,27,23
1,<environment.Job instance at 0x7efebd8f9410>,26,17,[7 1],27,30,47,3,28
1,<environment.Job instance at 0x7efebdc9ee60>,28,17,[5 5],29,47,64,18,35
1,<environment.Job instance at 0x7efebd38d8c0>,29,17,[3 7],30,52,69,22,40
1,<environment.Job instance at 0x7efebd431be0>,31,18,[1 9],32,69,87,37,58
1,<environment.Job instance at 0x7efebd3e82d0>,32,22,[5 3],33,58,80,25,58
1,<environment.Job instance at 0x7efec6d86fa0>,33,13,[7 5],34,80,93,46,64
1,<environment.Job instance at 0x7efebd3ea820>,42,16,[6 4],43,87,103,44,74
1,<environment.Job instance at 0x7efebcf52cd0>,43,18,[6 5],44,93,111,49,82
1,<environment.Job instance at 0x7efebd467f50>,44,19,[6 1],45,103,122,58,93
1,<environment.Job instance at 0x7efebcf300f0>,49,14,[2 6],50,100,114,50,100
1,<environment.Job instance at 0x7efebcf58e10>,51,13,[4 9],52,114,127,62,100
1,<environment.Job instance at 0x7efebcf5dd70>,52,14,[2 9],53,127,141,74,112
1,<environment.Job instance at 0x7efebd216af0>,58,21,[9 4],59,122,143,63,114
1,<environment.Job instance at 0x7efebd216910>,59,12,[9 3],60,143,155,83,126
1,<environment.Job instance at 0x7efebd12adc0>,0,25,[ 3 10],1,1,26,0,1
1,<environment.Job instance at 0x7efebd12a320>,1,1,[ 2 10],2,26,27,24,2
1,<environment.Job instance at 0x7efebd0881e0>,3,2,[4 7],4,27,29,23,4
1,<environment.Job instance at 0x7efebd210be0>,7,13,[5 4],8,11,24,3,11
1,<environment.Job instance at 0x7efebd12a140>,4,12,[13  2],5,29,41,24,12
1,<environment.Job instance at 0x7efebd2106e0>,10,13,[4 5],11,41,54,30,25
1,<environment.Job instance at 0x7efebd210730>,16,13,[4 9],17,41,54,24,25
1,<environment.Job instance at 0x7efebd210500>,18,16,[10  3],19,54,70,35,41
1,<environment.Job instance at 0x7efebd210af0>,19,16,[6 5],20,70,86,50,57
1,<environment.Job instance at 0x7efebd12a0a0>,2,27,[3 9],3,57,84,54,57
1,<environment.Job instance at 0x7efebd219c80>,23,1,[6 4],24,84,85,60,57
1,<environment.Job instance at 0x7efebd219cd0>,22,15,[6 1],23,85,100,62,71
1,<environment.Job instance at 0x7efebd219410>,25,20,[10  2],26,100,120,74,91
1,<environment.Job instance at 0x7efebd2195a0>,29,18,[6 1],30,120,138,90,109
1,<environment.Job instance at 0x7efebd2194b0>,31,18,[8 2],32,120,138,88,109
1,<environment.Job instance at 0x7efebd2198c0>,34,17,[4 6],35,138,155,103,126
1,<environment.Job instance at 0x7efebd1a5690>,1,1,[7 4],2,2,3,0,2
1,<environment.Job instance at 0x7efebdede2d0>,2,2,[9 2],3,3,5,0,3
1,<environment.Job instance at 0x7efebd489550>,3,17,[7 2],4,5,22,1,4
1,<environment.Job instance at 0x7efebdede280>,5,20,[3 8],6,6,26,0,6
1,<environment.Job instance at 0x7efebcf96460>,8,2,[7 5],9,22,24,13,9
1,<environment.Job instance at 0x7efebcf967d0>,10,21,[7 4],11,24,45,13,16
1,<environment.Job instance at 0x7efebcf53780>,11,2,[ 2 14],12,45,47,33,18
1,<environment.Job instance at 0x7efebcf53550>,15,2,[12  2],16,47,49,31,20
1,<environment.Job instance at 0x7efebd2f3500>,20,14,[ 5 10],21,26,40,5,21
1,<environment.Job instance at 0x7efebd2fe370>,21,16,[5 9],22,49,65,27,36
1,<environment.Job instance at 0x7efebd223c30>,23,17,[5 1],24,49,66,25,37
1,<environment.Job instance at 0x7efebd2199b0>,24,17,[8 4],25,65,82,40,53
1,<environment.Job instance at 0x7efebd398be0>,27,13,[9 4],28,82,95,54,66
1,<environment.Job instance at 0x7efebcf96870>,9,17,[4 8],10,66,83,56,66
1,<environment.Job instance at 0x7efebd356b40>,32,16,[5 5],33,83,99,50,70
1,<environment.Job instance at 0x7efebdabaa00>,43,15,[5 8],44,95,110,51,81
1,<environment.Job instance at 0x7efec6bc99b0>,66,17,[7 4],67,99,116,32,87
1,<environment.Job instance at 0x7efebd2e00a0>,73,16,[6 3],74,110,126,36,97
1,<environment.Job instance at 0x7efebced5aa0>,79,19,[7 4],80,116,135,36,106
1,<environment.Job instance at 0x7efec7023a50>,100,18,[10  4],101,135,153,34,124
1,<environment.Job instance at 0x7efebe3485a0>,1,22,[5 3],2,2,24,0,2
1,<environment.Job instance at 0x7efebe3485f0>,2,18,[3 9],3,3,21,0,3
1,<environment.Job instance at 0x7efebe34b730>,4,16,[5 5],5,21,37,16,8
1,<environment.Job instance at 0x7efebe3335a0>,9,18,[3 6],10,21,39,11,10
1,<environment.Job instance at 0x7efebe333a00>,13,15,[4 6],14,37,52,23,23
1,<environment.Job instance at 0x7efebe333e60>,15,18,[1 8],16,39,57,23,28
1,<environment.Job instance at 0x7efebe333f50>,17,15,[10  1],18,39,54,21,28
1,<environment.Job instance at 0x7efebe333aa0>,18,14,[6 4],19,54,68,35,39
1,<environment.Job instance at 0x7efebe34b550>,5,22,[1 7],6,57,79,51,50
1,<environment.Job instance at 0x7efebe331910>,21,13,[ 4 10],22,79,92,57,63
1,<environment.Job instance at 0x7efebe331c30>,22,1,[ 4 14],23,92,93,69,64
1,<environment.Job instance at 0x7efebe3301e0>,23,25,[12  3],24,93,118,69,89
1,<environment.Job instance at 0x7efebe330c30>,24,19,[6 3],25,118,137,93,108
1,<environment.Job instance at 0x7efebe348820>,0,20,[ 1 10],1,109,129,108,109
1,<environment.Job instance at 0x7efebe330410>,25,21,[7 1],26,118,139,92,110
1,<environment.Job instance at 0x7efebe330f50>,27,17,[2 5],28,129,146,101,117
1,<environment.Job instance at 0x7efebe330870>,28,2,[ 5 14],29,146,148,117,119
1,<environment.Job instance at 0x7efebcf11690>,2,2,[5 8],3,3,5,0,3
1,<environment.Job instance at 0x7efebcf11e60>,3,12,[4 6],4,4,16,0,4
1,<environment.Job instance at 0x7efebcf11190>,4,21,[6 4],5,5,26,0,5
1,<environment.Job instance at 0x7efebcf114b0>,10,2,[1 6],11,16,18,5,11
1,<environment.Job instance at 0x7efebcf11730>,12,15,[4 9],13,18,33,5,13
1,<environment.Job instance at 0x7efebcf117d0>,18,12,[6 2],19,26,38,7,19
1,<environment.Job instance at 0x7efebe330500>,20,16,[3 7],21,33,49,12,21
1,<environment.Job instance at 0x7efebe330fa0>,23,2,[5 5],24,33,35,9,25
1,<environment.Job instance at 0x7efebcf113c0>,22,16,[3 5],23,35,51,12,26
1,<environment.Job instance at 0x7efebce49f50>,26,21,[7 3],27,38,59,11,35
1,<environment.Job instance at 0x7efebce49820>,27,18,[1 7],28,49,67,21,38
1,<environment.Job instance at 0x7efebce49eb0>,25,16,[7 5],26,51,67,25,39
1,<environment.Job instance at 0x7efebce498c0>,29,13,[10  5],30,67,80,37,51
1,<environment.Job instance at 0x7efebe3300a0>,21,16,[1 9],22,67,83,45,54
1,<environment.Job instance at 0x7efebce490f0>,30,3,[3 5],31,80,83,49,54
1,<environment.Job instance at 0x7efebce49190>,31,14,[3 6],32,83,97,51,68
1,<environment.Job instance at 0x7efebce491e0>,33,1,[6 1],34,80,81,46,68
1,<environment.Job instance at 0x7efebce49c30>,28,13,[3 8],29,83,96,54,69
1,<environment.Job instance at 0x7efebd548550>,35,16,[5 8],36,96,112,60,83
1,<environment.Job instance at 0x7efebd548a50>,37,17,[1 7],38,97,114,59,85
1,<environment.Job instance at 0x7efebd548be0>,40,14,[6 1],41,112,126,71,97
1,<environment.Job instance at 0x7efebd548960>,41,20,[6 3],42,112,132,70,104
1,<environment.Job instance at 0x7efebce49280>,24,28,[6 5],25,126,154,101,125
1,<environment.Job instance at 0x7efebd548eb0>,43,14,[3 9],44,132,146,88,125
1,<environment.Job instance at 0x7efebd48a910>,1,19,[4 8],2,2,21,0,2
1,<environment.Job instance at 0x7efec6a0fc80>,2,16,[ 4 10],3,21,37,18,8
1,<environment.Job instance at 0x7efec6a0faf0>,6,1,[4 6],7,8,9,1,8
1,<environment.Job instance at 0x7efec6a0f820>,7,18,[9 4],8,9,27,1,8
1,<environment.Job instance at 0x7efec6a0f140>,8,3,[14  5],9,37,40,28,11
1,<environment.Job instance at 0x7efec6a0fcd0>,9,1,[ 3 12],10,40,41,30,12
1,<environment.Job instance at 0x7efec6a0fd20>,10,16,[2 8],11,41,57,30,28
1,<environment.Job instance at 0x7efec6a0f280>,11,2,[5 6],12,41,43,29,28
1,<environment.Job instance at 0x7efec6a0f3c0>,3,3,[5 2],4,28,31,24,28
1,<environment.Job instance at 0x7efebda4c0a0>,15,13,[5 1],16,40,53,24,28
1,<environment.Job instance at 0x7efebda4c230>,17,13,[6 3],18,43,56,25,28
1,<environment.Job instance at 0x7efec6a0f230>,13,23,[5 1],14,53,76,39,47
1,<environment.Job instance at 0x7efec6a0f7d0>,4,2,[ 2 14],5,57,59,52,48
1,<environment.Job instance at 0x7efebda4c870>,21,3,[2 7],22,59,62,37,48
1,<environment.Job instance at 0x7efec6a0fb90>,5,14,[11  2],6,76,90,70,61
1,<environment.Job instance at 0x7efec6a10aa0>,25,17,[3 6],26,61,78,35,61
1,<environment.Job instance at 0x7efec6a10b90>,26,18,[14  2],27,90,108,63,79
1,<environment.Job instance at 0x7efec6a10b40>,27,27,[5 7],28,108,135,80,106
1,<environment.Job instance at 0x7efebda4c5a0>,24,17,[10  5],25,108,125,83,106
1,<environment.Job instance at 0x7efec6a100a0>,28,16,[1 5],29,125,141,96,112
1,<environment.Job instance at 0x7efebd6780f0>,31,13,[9 3],32,125,138,93,112
1,<environment.Job instance at 0x7efebd678370>,33,15,[3 8],34,138,153,104,124
1,<environment.Job instance at 0x7efebd678d70>,34,13,[6 5],35,141,154,106,125
1,<environment.Job instance at 0x7efebdf15f00>,0,14,[3 8],1,1,15,0,1
1,<environment.Job instance at 0x7efebcdc3690>,1,16,[6 5],2,2,18,0,2
1,<environment.Job instance at 0x7efebdf36870>,2,14,[5 4],3,15,29,12,3
1,<environment.Job instance at 0x7efebd704e10>,3,12,[ 3 10],4,18,30,14,4
1,<environment.Job instance at 0x7efebd678eb0>,6,12,[10  1],7,29,41,22,12
1,<environment.Job instance at 0x7efebe35f050>,9,2,[5 5],10,30,32,20,12
1,<environment.Job instance at 0x7efebd6e6500>,11,2,[8 4],12,41,43,29,14
1,<environment.Job instance at 0x7efebd6e6a00>,13,12,[5 9],14,32,44,18,15
1,<environment.Job instance at 0x7efebd6e6870>,14,12,[6 4],15,43,55,28,26
1,<environment.Job instance at 0x7efebd6fc730>,17,17,[9 2],18,44,61,26,32
1,<environment.Job instance at 0x7efebd6fcb40>,18,2,[8 1],19,61,63,42,34
1,<environment.Job instance at 0x7efebd6fc320>,21,3,[2 5],22,55,58,33,34
1,<environment.Job instance at 0x7efebd6fc1e0>,22,2,[1 6],23,55,57,32,36
1,<environment.Job instance at 0x7efebd704c30>,4,12,[11  4],5,63,75,58,46
1,<environment.Job instance at 0x7efebdff8960>,31,18,[ 2 10],32,58,76,26,47
1,<environment.Job instance at 0x7efebd1f8cd0>,32,17,[8 3],33,75,92,42,63
1,<environment.Job instance at 0x7efebd21fdc0>,34,12,[4 8],35,76,88,41,63
1,<environment.Job instance at 0x7efebdc2a9b0>,36,22,[7 2],37,88,110,51,81
1,<environment.Job instance at 0x7efebdff8dc0>,37,18,[5 9],38,92,110,54,81
1,<environment.Job instance at 0x7efebdc2dd20>,39,14,[7 4],40,110,124,70,95
1,<environment.Job instance at 0x7efebdc2d500>,42,16,[5 4],43,110,126,67,97
1,<environment.Job instance at 0x7efebdc13050>,43,17,[ 2 10],44,124,141,80,112
1,<environment.Job instance at 0x7efebdc135f0>,44,3,[6 2],45,126,129,81,112
1,<environment.Job instance at 0x7efebd7122d0>,46,19,[7 1],47,124,143,77,114
1,<environment.Job instance at 0x7efebcde5f00>,0,14,[14  1],1,1,15,0,1
1,<environment.Job instance at 0x7efebdc23280>,2,15,[8 1],3,15,30,12,3
1,<environment.Job instance at 0x7efebdc23c30>,1,3,[1 6],2,3,6,1,3
1,<environment.Job instance at 0x7efebcde59b0>,3,14,[5 7],4,15,29,11,4
1,<environment.Job instance at 0x7efebcde5640>,5,2,[3 9],6,29,31,23,6
1,<environment.Job instance at 0x7efebcde5730>,6,15,[ 4 10],7,31,46,24,17
1,<environment.Job instance at 0x7efebcde5820>,11,1,[10  1],12,30,31,18,20
1,<environment.Job instance at 0x7efebd943550>,12,1,[10  1],13,31,32,18,20
1,<environment.Job instance at 0x7efebd9431e0>,14,18,[5 4],15,32,50,17,21
1,<environment.Job instance at 0x7efebd9435a0>,10,20,[4 9],11,46,66,35,37
1,<environment.Job instance at 0x7efebd943460>,17,13,[7 2],18,50,63,32,37
1,<environment.Job instance at 0x7efebd970dc0>,21,15,[10  5],22,63,78,41,49
1,<environment.Job instance at 0x7efebd970780>,24,16,[4 7],25,66,82,41,53
1,<environment.Job instance at 0x7efebd970aa0>,25,12,[9 1],26,78,90,52,65
1,<environment.Job instance at 0x7efebd9706e0>,28,19,[6 2],29,82,101,53,72
1,<environment.Job instance at 0x7efebd94a550>,32,13,[5 5],33,90,103,57,74
1,<environment.Job instance at 0x7efebd94aa00>,37,15,[7 2],38,101,116,63,87
1,<environment.Job instance at 0x7efebd94a910>,39,21,[5 6],40,103,124,63,95
1,<environment.Job instance at 0x7efebd943410>,15,17,[7 2],16,116,133,100,113
1,<environment.Job instance at 0x7efebd934eb0>,42,1,[ 5 14],43,133,134,90,113
1,<environment.Job instance at 0x7efebd934820>,41,22,[10  5],42,134,156,92,127
1,<environment.Job instance at 0x7efebd934f50>,44,12,[ 1 10],45,134,146,89,127
1,<environment.Job instance at 0x7efebd20bf50>,0,22,[5 4],1,1,23,0,1
1,<environment.Job instance at 0x7efebd1e5320>,1,3,[7 2],2,2,5,0,2
1,<environment.Job instance at 0x7efebd934f50>,2,13,[5 8],3,5,18,2,3
1,<environment.Job instance at 0x7efebd54f500>,3,13,[5 5],4,18,31,14,4
1,<environment.Job instance at 0x7efebd7120f0>,5,3,[3 7],6,23,26,17,6
1,<environment.Job instance at 0x7efebd53d960>,7,13,[4 8],8,26,39,18,10
1,<environment.Job instance at 0x7efebd54b230>,12,20,[9 5],13,31,51,18,22
1,<environment.Job instance at 0x7efebd53d8c0>,13,15,[11  4],14,51,66,37,37
1,<environment.Job instance at 0x7efebd54baf0>,17,16,[5 6],18,66,82,48,53
1,<environment.Job instance at 0x7efebd15a370>,18,18,[4 5],19,53,71,34,53
1,<environment.Job instance at 0x7efebd53de60>,8,17,[10  1],9,71,88,62,59
1,<environment.Job instance at 0x7efebd52c1e0>,19,18,[4 9],20,82,100,62,71
1,<environment.Job instance at 0x7efebd52ccd0>,21,13,[9 3],22,88,101,66,72
1,<environment.Job instance at 0x7efebd52ce10>,22,19,[2 5],23,100,119,77,90
1,<environment.Job instance at 0x7efebd52c500>,23,14,[ 3 10],24,101,115,77,90
1,<environment.Job instance at 0x7efebd52c550>,24,14,[5 4],25,115,129,90,100
1,<environment.Job instance at 0x7efebd52c370>,26,12,[1 9],27,119,131,92,102
1,<environment.Job instance at 0x7efebd52c320>,27,3,[6 1],28,115,118,87,102
1,<environment.Job instance at 0x7efebd25aa50>,36,14,[3 9],37,131,145,94,116
1,<environment.Job instance at 0x7efebdfe0c30>,37,12,[10  1],38,129,141,91,116
1,<environment.Job instance at 0x7efebd0517d0>,1,20,[8 3],2,2,22,0,2
1,<environment.Job instance at 0x7efebd780910>,0,28,[6 1],1,2,30,1,2
1,<environment.Job instance at 0x7efec69676e0>,4,20,[6 2],5,22,42,17,13
1,<environment.Job instance at 0x7efec69675a0>,9,14,[6 1],10,30,44,20,15
1,<environment.Job instance at 0x7efec6967e60>,12,18,[10  4],13,44,62,31,33
1,<environment.Job instance at 0x7efec6967050>,14,15,[7 2],15,62,77,47,48
1,<environment.Job instance at 0x7efebdfe0c30>,2,22,[5 2],3,48,70,45,48
1,<environment.Job instance at 0x7efec6967e10>,17,22,[1 5],18,62,84,44,55
1,<environment.Job instance at 0x7efec69679b0>,20,3,[6 1],21,70,73,49,55
1,<environment.Job instance at 0x7efec6967820>,21,3,[1 6],22,62,65,40,55
1,<environment.Job instance at 0x7efebda7aaf0>,26,15,[6 5],27,73,88,46,63
1,<environment.Job instance at 0x7efebda7ae60>,29,15,[ 2 10],30,84,99,54,70
1,<environment.Job instance at 0x7efebda7a8c0>,31,17,[10  3],32,88,105,56,76
1,<environment.Job instance at 0x7efebda7a690>,35,2,[7 1],36,77,79,41,76
1,<environment.Job instance at 0x7efebda7a5a0>,37,23,[2 7],38,99,122,61,93
1,<environment.Job instance at 0x7efebda7a910>,39,3,[2 6],40,105,108,65,93
1,<environment.Job instance at 0x7efebda7a190>,42,1,[5 2],43,105,106,62,93
1,<environment.Job instance at 0x7efebda7a140>,43,15,[4 7],44,108,123,64,94
1,<environment.Job instance at 0x7efebda7a230>,44,22,[3 5],45,122,144,77,115
1,<environment.Job instance at 0x7efebd074e60>,47,20,[9 5],48,123,143,75,115
1,<environment.Job instance at 0x7efebd074a50>,50,13,[3 9],51,143,156,92,127
1,<environment.Job instance at 0x7efebcbe4190>,0,23,[ 5 11],1,1,24,0,1
1,<environment.Job instance at 0x7efebd074e10>,2,16,[5 1],3,3,19,0,3
1,<environment.Job instance at 0x7efebcc27e60>,3,15,[9 3],4,19,34,15,5
1,<environment.Job instance at 0x7efebcc27640>,5,3,[2 7],6,24,27,18,6
1,<environment.Job instance at 0x7efebcc27870>,7,1,[9 1],8,34,35,26,8
1,<environment.Job instance at 0x7efebcbe4a50>,4,13,[5 2],5,27,40,22,11
1,<environment.Job instance at 0x7efebcc27be0>,11,12,[5 8],12,35,47,23,18
1,<environment.Job instance at 0x7efebcc273c0>,12,20,[10  3],13,40,60,27,31
1,<environment.Job instance at 0x7efebcc27370>,15,21,[10  1],16,60,81,44,52
1,<environment.Job instance at 0x7efebcc27410>,23,16,[ 5 10],24,52,68,28,52
1,<environment.Job instance at 0x7efebcc5aaa0>,25,22,[6 2],26,81,103,55,74
1,<environment.Job instance at 0x7efebcc270f0>,9,3,[ 3 11],10,74,77,64,74
1,<environment.Job instance at 0x7efebcc5a190>,27,1,[4 7],28,77,78,49,74
1,<environment.Job instance at 0x7efebcc5a2d0>,30,16,[3 6],31,78,94,47,74
1,<environment.Job instance at 0x7efebcc5ac80>,31,15,[1 6],32,77,92,45,74
1,<environment.Job instance at 0x7efebcc5a460>,35,13,[7 5],36,94,107,58,78
1,<environment.Job instance at 0x7efebcc5a1e0>,36,13,[6 1],37,103,116,66,87
1,<environment.Job instance at 0x7efebcc5a640>,40,15,[8 4],41,107,122,66,93
1,<environment.Job instance at 0x7efebcc5a8c0>,42,13,[5 1],43,116,129,73,100
1,<environment.Job instance at 0x7efebcc5ab90>,28,12,[10  2],29,122,134,93,106
1,<environment.Job instance at 0x7efebcc5ae60>,44,2,[5 7],45,129,131,84,106
1,<environment.Job instance at 0x7efebcc5acd0>,43,20,[4 9],44,131,151,87,122
1,<environment.Job instance at 0x7efebd23e550>,0,19,[3 5],1,1,20,0,1
1,<environment.Job instance at 0x7efebdcb5e10>,2,15,[8 4],3,3,18,0,3
1,<environment.Job instance at 0x7efebd6fcc80>,6,19,[2 7],7,18,37,11,8
1,<environment.Job instance at 0x7efebd6fc870>,9,17,[6 1],10,18,35,8,10
1,<environment.Job instance at 0x7efebd6fc4b0>,13,3,[8 3],14,35,38,21,14
1,<environment.Job instance at 0x7efebd6fc780>,14,18,[6 1],15,37,55,22,26
1,<environment.Job instance at 0x7efebd6fc730>,11,15,[8 2],12,38,53,26,26
1,<environment.Job instance at 0x7efebd6fcb90>,16,13,[9 5],17,53,66,36,37
1,<environment.Job instance at 0x7efebd6fc0f0>,17,12,[3 5],18,55,67,37,38
1,<environment.Job instance at 0x7efebd6fc2d0>,19,14,[6 1],20,66,80,46,51
1,<environment.Job instance at 0x7efebd6fca50>,21,17,[3 8],22,66,83,44,54
1,<environment.Job instance at 0x7efec6e81550>,22,3,[5 6],23,67,70,44,54
1,<environment.Job instance at 0x7efec6e81b90>,26,14,[9 3],27,80,94,53,65
1,<environment.Job instance at 0x7efec6e81f00>,28,15,[8 4],29,94,109,65,80
1,<environment.Job instance at 0x7efec6e81690>,30,15,[3 9],31,83,98,52,80
1,<environment.Job instance at 0x7efec6e81d20>,31,16,[6 3],32,98,114,66,85
1,<environment.Job instance at 0x7efebd6fc6e0>,15,18,[8 3],16,109,127,93,98
1,<environment.Job instance at 0x7efec6e81e10>,35,1,[ 4 11],36,114,115,78,98
1,<environment.Job instance at 0x7efec6e813c0>,36,15,[6 1],37,115,130,78,101
1,<environment.Job instance at 0x7efec6e81780>,37,21,[2 6],38,127,148,89,119
1,<environment.Job instance at 0x7efec6e810a0>,34,19,[8 1],35,130,149,95,120
1,<environment.Job instance at 0x7efebd745c30>,42,22,[5 4],43,127,149,84,120
1,<environment.Job instance at 0x7efebd29aaa0>,0,1,[8 1],1,1,2,0,1
1,<environment.Job instance at 0x7efebd6be2d0>,1,12,[8 3],2,2,14,0,2
1,<environment.Job instance at 0x7efebca67b40>,4,16,[4 7],5,5,21,0,5
1,<environment.Job instance at 0x7efebca67af0>,5,16,[9 5],6,14,30,8,6
1,<environment.Job instance at 0x7efebca67a00>,6,13,[1 6],7,21,34,14,7
1,<environment.Job instance at 0x7efebca67f00>,12,19,[8 4],13,30,49,17,20
1,<environment.Job instance at 0x7efebca67910>,15,12,[3 8],16,34,46,18,20
1,<environment.Job instance at 0x7efebca67be0>,14,1,[14  4],15,49,50,34,22
1,<environment.Job instance at 0x7efebca678c0>,17,3,[7 3],18,46,49,28,22
1,<environment.Job instance at 0x7efebca67e10>,16,17,[3 9],17,50,67,33,38
1,<environment.Job instance at 0x7efebca67190>,7,20,[12  1],8,50,70,42,41
1,<environment.Job instance at 0x7efebca67c80>,13,2,[ 4 10],14,70,72,56,43
1,<environment.Job instance at 0x7efebca67870>,22,1,[2 6],23,67,68,44,45
1,<environment.Job instance at 0x7efebca673c0>,23,15,[10  2],24,70,85,46,56
1,<environment.Job instance at 0x7efebcab65f0>,24,14,[8 5],25,85,99,60,70
1,<environment.Job instance at 0x7efebca676e0>,21,14,[7 5],22,85,99,63,70
1,<environment.Job instance at 0x7efebca67640>,20,18,[1 9],21,99,117,78,88
1,<environment.Job instance at 0x7efebcab64b0>,27,13,[5 9],28,117,130,89,101
1,<environment.Job instance at 0x7efebcab60a0>,29,17,[7 5],30,101,118,71,101
1,<environment.Job instance at 0x7efebcab6500>,30,14,[4 6],31,118,132,87,106
1,<environment.Job instance at 0x7efebcab6730>,26,28,[4 7],27,130,158,103,129
1,<environment.Job instance at 0x7efebded8870>,0,14,[7 4],1,1,15,0,1
1,<environment.Job instance at 0x7efebded8aa0>,1,17,[ 4 10],2,2,19,0,2
1,<environment.Job instance at 0x7efebded8cd0>,3,2,[ 4 11],4,19,21,15,5
1,<environment.Job instance at 0x7efebded85a0>,2,1,[6 3],3,15,16,12,6
1,<environment.Job instance at 0x7efebded8b90>,5,18,[5 3],6,16,34,10,6
1,<environment.Job instance at 0x7efebccdb8c0>,7,15,[5 1],8,15,30,7,8
1,<environment.Job instance at 0x7efebccdb7d0>,8,2,[10  1],9,30,32,21,9
1,<environment.Job instance at 0x7efebccdb370>,9,13,[6 1],10,32,45,22,16
1,<environment.Job instance at 0x7efebccdb5f0>,13,15,[5 8],14,34,49,20,20
1,<environment.Job instance at 0x7efebccdb3c0>,14,2,[13  2],15,49,51,34,22
1,<environment.Job instance at 0x7efebccdb230>,15,14,[4 7],16,51,65,35,36
1,<environment.Job instance at 0x7efebccdbdc0>,16,1,[10  5],17,45,46,28,36
1,<environment.Job instance at 0x7efebccdbe60>,10,12,[ 4 10],11,65,77,54,48
1,<environment.Job instance at 0x7efebccdb140>,12,16,[11  2],13,51,67,38,48
1,<environment.Job instance at 0x7efebccdb1e0>,11,17,[6 1],12,67,84,55,61
1,<environment.Job instance at 0x7efebda54780>,25,19,[4 6],26,77,96,51,69
1,<environment.Job instance at 0x7efebccdbaa0>,24,20,[8 1],25,84,104,59,82
1,<environment.Job instance at 0x7efebda54870>,28,18,[5 5],29,96,114,67,85
1,<environment.Job instance at 0x7efebda543c0>,26,22,[7 4],27,104,126,77,97
1,<environment.Job instance at 0x7efebda54f50>,27,28,[ 1 10],28,114,142,86,113
1,<environment.Job instance at 0x7efebda54b90>,39,14,[11  3],40,126,140,86,113
1,<environment.Job instance at 0x7efebda54960>,2,18,[3 6],3,3,21,0,3
1,<environment.Job instance at 0x7efebdbe75f0>,3,12,[5 6],4,4,16,0,4
1,<environment.Job instance at 0x7efebdbe78c0>,5,19,[9 2],6,16,35,10,6
1,<environment.Job instance at 0x7efebdbe7140>,9,20,[1 6],10,16,36,6,10
1,<environment.Job instance at 0x7efebe2681e0>,12,16,[7 1],13,35,51,22,22
1,<environment.Job instance at 0x7efebe268c80>,18,15,[5 4],19,22,37,3,22
1,<environment.Job instance at 0x7efebe268be0>,19,17,[7 5],20,37,54,17,25
1,<environment.Job instance at 0x7efebe2683c0>,13,13,[6 5],14,51,64,37,37
1,<environment.Job instance at 0x7efebe268960>,21,15,[4 9],22,54,69,32,40
1,<environment.Job instance at 0x7efebe2687d0>,22,13,[1 8],23,69,82,46,53
1,<environment.Job instance at 0x7efebe268d70>,23,18,[1 8],24,82,100,58,71
1,<environment.Job instance at 0x7efebe268eb0>,25,15,[8 2],26,71,86,45,71
1,<environment.Job instance at 0x7efebe268b90>,26,15,[8 5],27,86,101,59,72
1,<environment.Job instance at 0x7efebe268e10>,28,12,[4 8],29,100,112,71,83
1,<environment.Job instance at 0x7efebe2685a0>,29,17,[7 1],30,101,118,71,89
1,<environment.Job instance at 0x7efebe268a00>,30,16,[10  3],31,118,134,87,105
1,<environment.Job instance at 0x7efebe24e320>,33,12,[9 4],34,134,146,100,117
1,<environment.Job instance at 0x7efebe24e820>,36,15,[5 2],37,117,132,80,117
1,<environment.Job instance at 0x7efebe24e870>,39,15,[5 7],40,132,147,92,118
1,<environment.Job instance at 0x7efebcd76910>,0,25,[5 1],1,1,26,0,1
1,<environment.Job instance at 0x7efebe24ea00>,1,2,[14  3],2,26,28,24,6
1,<environment.Job instance at 0x7efebcd73d70>,5,1,[ 4 10],6,6,7,0,6
1,<environment.Job instance at 0x7efebd2be870>,11,15,[10  2],12,28,43,16,14
1,<environment.Job instance at 0x7efebd2be0a0>,16,15,[3 8],17,28,43,11,17
1,<environment.Job instance at 0x7efebd2be730>,19,26,[1 5],20,22,48,2,22
1,<environment.Job instance at 0x7efebd2bebe0>,22,3,[5 5],23,23,26,0,23
1,<environment.Job instance at 0x7efebd2be8c0>,23,15,[5 1],24,43,58,19,29
1,<environment.Job instance at 0x7efebd2be6e0>,26,17,[4 6],27,43,60,16,31
1,<environment.Job instance at 0x7efebd2beb40>,27,15,[10  5],28,58,73,30,44
1,<environment.Job instance at 0x7efebd2be190>,20,13,[2 8],21,60,73,39,44
1,<environment.Job instance at 0x7efebcc41aa0>,31,2,[ 2 12],32,73,75,41,48
1,<environment.Job instance at 0x7efebcc41be0>,34,14,[5 4],35,75,89,40,61
1,<environment.Job instance at 0x7efebcc41eb0>,35,15,[7 5],36,75,90,39,63
1,<environment.Job instance at 0x7efebd2be2d0>,18,17,[3 5],19,75,92,56,67
1,<environment.Job instance at 0x7efebcc41f00>,37,15,[5 5],38,89,104,51,75
1,<environment.Job instance at 0x7efebcc41c30>,33,17,[ 1 10],34,92,109,58,80
1,<environment.Job instance at 0x7efebcc41550>,36,15,[13  1],37,104,119,67,92
1,<environment.Job instance at 0x7efebcc41780>,40,2,[12  4],41,119,121,78,92
1,<environment.Job instance at 0x7efebcc417d0>,39,12,[3 7],40,119,131,79,102
1,<environment.Job instance at 0x7efebcc418c0>,43,16,[2 8],44,121,137,77,108
1,<environment.Job instance at 0x7efebcc41b90>,44,12,[3 6],45,131,143,86,114
1,<environment.Job instance at 0x7efebcc41870>,45,14,[7 2],46,137,151,91,122
1,<environment.Job instance at 0x7efebdad5af0>,0,13,[5 4],1,1,14,0,1
1,<environment.Job instance at 0x7efebcc415f0>,1,12,[ 2 14],2,14,26,12,2
1,<environment.Job instance at 0x7efebdad5910>,9,13,[1 5],10,26,39,16,10
1,<environment.Job instance at 0x7efebdad5460>,8,12,[7 2],9,26,38,17,11
1,<environment.Job instance at 0x7efebdad5e10>,6,14,[ 3 12],7,39,53,32,24
1,<environment.Job instance at 0x7efebdad3d70>,14,18,[6 1],15,24,42,9,24
1,<environment.Job instance at 0x7efebdad3f00>,15,3,[7 4],16,53,56,37,27
1,<environment.Job instance at 0x7efebdad32d0>,13,19,[2 5],14,53,72,39,43
1,<environment.Job instance at 0x7efebdad3370>,18,18,[2 5],19,53,71,34,43
1,<environment.Job instance at 0x7efebdad3230>,19,18,[2 9],20,71,89,51,60
1,<environment.Job instance at 0x7efebdad3be0>,21,15,[10  1],22,60,75,38,60
1,<environment.Job instance at 0x7efebcceeeb0>,23,15,[2 5],24,72,87,48,60
1,<environment.Job instance at 0x7efebdae7eb0>,29,17,[8 3],30,87,104,57,75
1,<environment.Job instance at 0x7efebdad3e60>,16,16,[1 7],17,89,105,72,76
1,<environment.Job instance at 0x7efebe383140>,31,1,[1 6],32,104,105,72,76
1,<environment.Job instance at 0x7efebe0e9a50>,32,14,[5 6],33,105,119,72,90
1,<environment.Job instance at 0x7efebcc41230>,3,13,[10  2],4,104,117,100,94
1,<environment.Job instance at 0x7efebd94a550>,35,25,[5 3],36,117,142,81,114
1,<environment.Job instance at 0x7efebd94afa0>,34,28,[ 4 10],35,119,147,84,118
1,<environment.Job instance at 0x7efebd94aaf0>,37,2,[14  1],38,147,149,109,120
1,<environment.Job instance at 0x7efebce7b960>,1,1,[2 5],2,2,3,0,2
1,<environment.Job instance at 0x7efebce7b0a0>,2,15,[ 3 10],3,3,18,0,3
1,<environment.Job instance at 0x7efebce7bd20>,4,1,[13  5],5,18,19,13,5
1,<environment.Job instance at 0x7efebce7b190>,5,1,[12  1],6,6,7,0,6
1,<environment.Job instance at 0x7efebce7b550>,6,2,[7 5],7,7,9,0,7
1,<environment.Job instance at 0x7efebce7ba00>,7,3,[ 3 12],8,19,22,11,8
1,<environment.Job instance at 0x7efebce7b5a0>,8,1,[3 8],9,22,23,13,9
1,<environment.Job instance at 0x7efebce7b9b0>,9,2,[4 7],10,22,24,12,10
1,<environment.Job instance at 0x7efebce7b410>,10,14,[4 9],11,24,38,13,11
1,<environment.Job instance at 0x7efebce7b050>,11,17,[10  4],12,23,40,11,12
1,<environment.Job instance at 0x7efebcf30af0>,15,2,[4 5],16,16,18,0,16
1,<environment.Job instance at 0x7efebce7b0f0>,13,17,[7 2],14,40,57,26,28
1,<environment.Job instance at 0x7efebcf30c80>,14,22,[5 1],15,38,60,23,31
1,<environment.Job instance at 0x7efebcf30140>,22,13,[5 5],23,57,70,34,41
1,<environment.Job instance at 0x7efebcf30460>,19,25,[6 2],20,60,85,40,56
1,<environment.Job instance at 0x7efebd7a4b90>,35,16,[4 8],36,57,73,21,56
1,<environment.Job instance at 0x7efebd7a4460>,40,16,[3 7],41,73,89,32,60
1,<environment.Job instance at 0x7efebd7a4730>,42,18,[10  3],43,85,103,42,74
1,<environment.Job instance at 0x7efebd7a4820>,44,13,[2 8],45,89,102,44,74
1,<environment.Job instance at 0x7efebcdfe2d0>,52,18,[3 6],53,102,120,49,91
1,<environment.Job instance at 0x7efebcdfe0a0>,62,20,[8 4],63,103,123,40,94
1,<environment.Job instance at 0x7efebd296f00>,64,17,[7 3],65,120,137,55,108
1,<environment.Job instance at 0x7efebd296a50>,73,21,[5 4],74,123,144,49,115
1,<environment.Job instance at 0x7efebdf53be0>,78,15,[3 5],79,123,138,44,115
1,<environment.Job instance at 0x7efebdf53c30>,83,15,[6 5],84,137,152,53,123
1,<environment.Job instance at 0x7efebdf53500>,88,17,[3 5],89,138,155,49,126
1,<environment.Job instance at 0x7efebdbbbd20>,3,15,[10  5],4,4,19,0,4
1,<environment.Job instance at 0x7efebdbbbf00>,5,2,[2 5],6,6,8,0,6
1,<environment.Job instance at 0x7efebdbbbe60>,6,2,[3 9],7,8,10,1,7
1,<environment.Job instance at 0x7efebdb99370>,11,17,[2 8],12,13,30,1,13
1,<environment.Job instance at 0x7efebdb991e0>,12,18,[5 5],13,19,37,6,16
1,<environment.Job instance at 0x7efebdb99640>,15,18,[8 2],16,19,37,3,17
1,<environment.Job instance at 0x7efebdb99820>,17,15,[4 8],18,37,52,19,23
1,<environment.Job instance at 0x7efebdb99a50>,19,14,[5 5],20,37,51,17,23
1,<environment.Job instance at 0x7efebdb99b90>,21,17,[2 5],22,51,68,29,39
1,<environment.Job instance at 0x7efebdb99e10>,24,18,[8 4],25,52,70,27,41
1,<environment.Job instance at 0x7efebdb99f50>,27,17,[7 4],28,68,85,40,56
1,<environment.Job instance at 0x7efebdba8230>,31,14,[6 2],32,70,84,38,57
1,<environment.Job instance at 0x7efebdba8370>,33,13,[5 3],34,84,97,50,68
1,<environment.Job instance at 0x7efebdb996e0>,16,16,[ 1 10],17,85,101,68,73
1,<environment.Job instance at 0x7efebdba8870>,40,15,[11  1],41,97,112,56,83
1,<environment.Job instance at 0x7efebdba89b0>,41,19,[ 1 12],42,101,120,59,91
1,<environment.Job instance at 0x7efebca92aa0>,0,17,[8 5],1,120,137,119,108
1,<environment.Job instance at 0x7efebdba8aa0>,43,13,[ 2 11],44,137,150,93,121
1,<environment.Job instance at 0x7eff6b6bd320>,1,22,[11  3],2,2,24,0,2
1,<environment.Job instance at 0x7eff61f45410>,2,22,[4 8],3,3,25,0,3
1,<environment.Job instance at 0x7eff61f45690>,4,14,[1 6],5,24,38,19,9
1,<environment.Job instance at 0x7eff61f457d0>,6,20,[6 1],7,24,44,17,15
1,<environment.Job instance at 0x7eff61f45d20>,14,13,[7 3],15,25,38,10,16
1,<environment.Job instance at 0x7eff61f45dc0>,16,16,[3 5],17,38,54,21,25
1,<environment.Job instance at 0x7eff61f47370>,24,18,[ 4 10],25,44,62,19,33
1,<environment.Job instance at 0x7eff61f47690>,27,18,[1 8],28,62,80,34,51
1,<environment.Job instance at 0x7eff61f479b0>,32,20,[5 5],33,54,74,21,51
1,<environment.Job instance at 0x7eff61f475f0>,34,16,[2 8],35,80,96,45,67
1,<environment.Job instance at 0x7eff61f47c80>,36,15,[9 5],37,74,89,37,67
1,<environment.Job instance at 0x7eff61f47fa0>,41,15,[10  3],42,89,104,47,75
1,<environment.Job instance at 0x7eff61f474b0>,43,20,[4 6],44,96,116,52,87
1,<environment.Job instance at 0x7eff61f4a1e0>,44,18,[5 5],45,104,122,59,93
1,<environment.Job instance at 0x7eff61f4a320>,46,13,[6 5],47,116,129,69,100
1,<environment.Job instance at 0x7eff61f4a460>,48,20,[6 5],49,122,142,73,113
1,<environment.Job instance at 0x7eff61f4a0f0>,52,20,[5 3],53,129,149,76,120
1,<environment.Job instance at 0x7eff61f4a730>,54,17,[5 7],55,142,159,87,130
1,<environment.Job instance at 0x7eff61f4a9b0>,57,17,[8 5],58,149,166,91,137
1,<environment.Job instance at 0x7eff62092960>,1,13,[5 6],2,2,15,0,2
1,<environment.Job instance at 0x7eff61f4aa00>,2,22,[4 8],3,3,25,0,3
1,<environment.Job instance at 0x7eff62092fa0>,3,25,[6 1],4,4,29,0,4
1,<environment.Job instance at 0x7eff62092500>,5,13,[ 4 10],6,25,38,19,9
1,<environment.Job instance at 0x7eff620acfa0>,10,3,[1 7],11,38,41,27,12
1,<environment.Job instance at 0x7eff620ac140>,8,1,[11  2],9,29,30,20,16
1,<environment.Job instance at 0x7eff620ac6e0>,18,17,[5 5],19,30,47,11,19
1,<environment.Job instance at 0x7eff620ac820>,16,17,[7 1],17,38,55,21,29
1,<environment.Job instance at 0x7eff620ac5f0>,19,17,[3 7],20,41,58,21,29
1,<environment.Job instance at 0x7eff62223fa0>,23,13,[7 5],24,55,68,31,39
1,<environment.Job instance at 0x7eff619522d0>,32,16,[6 4],33,58,74,25,45
1,<environment.Job instance at 0x7eff61ad5be0>,33,18,[6 5],34,68,86,34,57
1,<environment.Job instance at 0x7eff619aa6e0>,48,21,[9 4],49,74,95,25,67
1,<environment.Job instance at 0x7eff61a11050>,50,18,[10  3],51,95,113,44,84
1,<environment.Job instance at 0x7eff620ac7d0>,12,14,[13  4],13,113,127,100,101
1,<environment.Job instance at 0x7eff619ef190>,77,19,[10  5],78,127,146,49,117
1,<environment.Job instance at 0x7eff619ef550>,84,16,[3 8],85,127,143,42,118
1,<environment.Job instance at 0x7eff61a482d0>,86,16,[9 2],87,146,162,59,133
1,<environment.Job instance at 0x7eff61a48f50>,88,13,[6 3],89,146,159,57,133
1,<environment.Job instance at 0x7eff6160f9b0>,2,15,[6 1],3,3,18,0,3
1,<environment.Job instance at 0x7eff615a5730>,3,1,[6 4],4,4,5,0,4
1,<environment.Job instance at 0x7eff615a5780>,7,2,[8 5],8,8,10,0,8
1,<environment.Job instance at 0x7eff615a5050>,8,28,[5 3],9,10,38,1,9
1,<environment.Job instance at 0x7eff615a5370>,9,18,[6 1],10,18,36,8,10
1,<environment.Job instance at 0x7eff615a50f0>,10,2,[ 1 11],11,11,13,0,11
1,<environment.Job instance at 0x7eff615f2eb0>,11,18,[8 2],12,36,54,24,25
1,<environment.Job instance at 0x7eff615a5640>,6,25,[5 2],7,38,63,31,34
1,<environment.Job instance at 0x7eff615f2190>,14,17,[4 6],15,54,71,39,46
1,<environment.Job instance at 0x7eff615f25f0>,19,15,[8 2],20,63,78,43,49
1,<environment.Job instance at 0x7eff615f20a0>,23,17,[9 4],24,78,95,54,66
1,<environment.Job instance at 0x7eff615f2910>,13,24,[7 4],14,95,119,81,90
1,<environment.Job instance at 0x7eff615ed050>,33,15,[5 1],34,90,105,56,90
1,<environment.Job instance at 0x7eff615f2aa0>,32,20,[2 6],33,95,115,62,90
1,<environment.Job instance at 0x7eff615ed1e0>,35,18,[10  5],36,119,137,83,108
1,<environment.Job instance at 0x7eff615edf50>,41,17,[5 5],42,108,125,66,108
1,<environment.Job instance at 0x7eff615ed640>,42,15,[5 5],43,125,140,82,111
1,<environment.Job instance at 0x7eff615edb90>,44,13,[4 8],45,137,150,92,121
1,<environment.Job instance at 0x7eff6266e4b0>,47,17,[ 1 10],48,150,167,102,139
1,<environment.Job instance at 0x7eff6195ff50>,1,2,[4 8],2,2,4,0,2
1,<environment.Job instance at 0x7eff61d74410>,2,16,[5 5],3,3,19,0,3
1,<environment.Job instance at 0x7eff61c10640>,3,3,[7 4],4,4,7,0,4
1,<environment.Job instance at 0x7eff61c10eb0>,4,1,[3 8],5,7,8,2,7
1,<environment.Job instance at 0x7eff61ad5870>,7,3,[ 5 11],8,19,22,11,8
1,<environment.Job instance at 0x7eff61e2b550>,10,16,[3 8],11,22,38,11,11
1,<environment.Job instance at 0x7eff61b28b40>,12,3,[8 4],13,13,16,0,13
1,<environment.Job instance at 0x7eff61691e60>,17,14,[5 7],18,22,36,4,18
1,<environment.Job instance at 0x7eff61691410>,16,16,[6 3],17,36,52,19,23
1,<environment.Job instance at 0x7eff61c09730>,13,15,[5 8],14,38,53,24,24
1,<environment.Job instance at 0x7eff616911e0>,15,2,[10  4],16,52,54,36,25
1,<environment.Job instance at 0x7eff620ac8c0>,30,16,[10  4],31,54,70,23,41
1,<environment.Job instance at 0x7eff616918c0>,18,18,[4 7],19,53,71,34,42
1,<environment.Job instance at 0x7eff620ac280>,34,19,[8 2],35,70,89,35,60
1,<environment.Job instance at 0x7eff61ba6d20>,36,17,[7 4],37,71,88,34,60
1,<environment.Job instance at 0x7eff61ba6a00>,38,12,[8 5],39,89,101,50,72
1,<environment.Job instance at 0x7eff61b38230>,23,21,[6 4],24,88,109,64,81
1,<environment.Job instance at 0x7eff61a436e0>,39,21,[9 2],40,101,122,61,94
1,<environment.Job instance at 0x7eff61bbd730>,43,16,[6 3],44,109,125,65,97
1,<environment.Job instance at 0x7eff61bbf190>,49,19,[7 4],50,122,141,72,112
1,<environment.Job instance at 0x7eff61bcca50>,52,17,[8 5],53,125,142,72,113
1,<environment.Job instance at 0x7eff61bce050>,58,19,[6 3],59,141,160,82,131
1,<environment.Job instance at 0x7eff61bce320>,59,13,[5 5],60,142,155,82,132
1,<environment.Job instance at 0x7eff62383780>,1,20,[2 9],2,2,22,0,2
1,<environment.Job instance at 0x7eff619a0a00>,4,14,[1 5],5,5,19,0,5
1,<environment.Job instance at 0x7eff619a0e10>,5,12,[1 6],6,19,31,13,6
1,<environment.Job instance at 0x7eff61d2aaa0>,9,15,[1 6],10,22,37,12,11
1,<environment.Job instance at 0x7eff61d3bcd0>,12,2,[10  5],13,31,33,18,13
1,<environment.Job instance at 0x7eff61d3b960>,13,12,[14  4],14,33,45,19,16
1,<environment.Job instance at 0x7eff619a0910>,6,18,[1 7],7,37,55,30,31
1,<environment.Job instance at 0x7eff61d23960>,16,14,[6 2],17,45,59,28,31
1,<environment.Job instance at 0x7eff61d23be0>,18,17,[7 2],19,45,62,26,33
1,<environment.Job instance at 0x7eff61d23460>,19,12,[8 1],20,59,71,39,43
1,<environment.Job instance at 0x7eff61d23190>,21,18,[5 1],22,62,80,40,51
1,<environment.Job instance at 0x7eff61d230f0>,23,12,[6 5],24,71,83,47,54
1,<environment.Job instance at 0x7eff61d57eb0>,27,19,[5 7],28,80,99,52,70
1,<environment.Job instance at 0x7eff61d57a00>,31,3,[5 5],32,83,86,51,70
1,<environment.Job instance at 0x7eff61d57e10>,34,20,[3 8],35,86,106,51,77
1,<environment.Job instance at 0x7eff61d3a8c0>,35,17,[2 9],36,106,123,70,94
1,<environment.Job instance at 0x7eff61d3ae60>,37,13,[6 2],38,99,112,61,95
1,<environment.Job instance at 0x7eff61d3a910>,39,19,[9 4],40,112,131,72,102
1,<environment.Job instance at 0x7eff62383e10>,0,17,[1 9],1,123,140,122,114
1,<environment.Job instance at 0x7eff61d3a7d0>,40,18,[7 1],41,131,149,90,120
1,<environment.Job instance at 0x7eff61d3aaf0>,42,13,[3 6],43,140,153,97,124
1,<environment.Job instance at 0x7eff62a65820>,0,20,[5 6],1,1,21,0,1
1,<environment.Job instance at 0x7eff62a65d70>,6,12,[6 5],7,7,19,0,7
1,<environment.Job instance at 0x7eff62a65140>,10,15,[5 5],11,19,34,8,11
1,<environment.Job instance at 0x7eff62a654b0>,14,13,[7 5],15,21,34,6,15
1,<environment.Job instance at 0x7eff62a80230>,19,14,[3 6],20,34,48,14,21
1,<environment.Job instance at 0x7eff62a80460>,25,17,[6 5],26,34,51,8,26
1,<environment.Job instance at 0x7eff62a65500>,1,1,[ 5 13],2,51,52,49,26
1,<environment.Job instance at 0x7eff62a80eb0>,28,16,[ 5 10],29,52,68,23,39
1,<environment.Job instance at 0x7eff62a80be0>,30,15,[5 2],31,39,54,8,39
1,<environment.Job instance at 0x7eff62a80960>,32,14,[7 1],33,54,68,21,39
1,<environment.Job instance at 0x7eff62a80a00>,37,14,[2 6],38,68,82,30,53
1,<environment.Job instance at 0x7eff62a805f0>,39,16,[2 9],40,68,84,28,61
1,<environment.Job instance at 0x7eff61975c30>,40,18,[7 5],41,82,100,41,71
1,<environment.Job instance at 0x7eff619754b0>,43,17,[4 5],44,84,101,40,72
1,<environment.Job instance at 0x7eff61975190>,48,18,[10  5],49,100,118,51,89
1,<environment.Job instance at 0x7eff62a658c0>,3,3,[14  1],4,118,121,114,92
1,<environment.Job instance at 0x7eff61975960>,52,3,[ 4 11],53,121,124,68,98
1,<environment.Job instance at 0x7eff6198c3c0>,60,17,[9 4],61,121,138,60,109
1,<environment.Job instance at 0x7eff6198cf50>,62,18,[4 8],63,124,142,61,113
1,<environment.Job instance at 0x7eff6198c690>,73,18,[9 4],74,138,156,64,127
1,<environment.Job instance at 0x7eff6196fc80>,79,17,[5 7],80,142,159,62,130
1,<environment.Job instance at 0x7eff61fba9b0>,1,13,[1 9],2,2,15,0,2
1,<environment.Job instance at 0x7eff6150b870>,3,13,[1 7],4,15,28,11,4
1,<environment.Job instance at 0x7eff6150b5a0>,4,23,[1 5],5,5,28,0,5
1,<environment.Job instance at 0x7eff6150bfa0>,5,2,[5 5],6,28,30,22,6
1,<environment.Job instance at 0x7eff61d295a0>,6,2,[ 5 13],7,30,32,23,7
1,<environment.Job instance at 0x7eff61d299b0>,8,2,[ 1 10],9,28,30,19,9
1,<environment.Job instance at 0x7eff61d292d0>,9,13,[7 5],10,32,45,22,16
1,<environment.Job instance at 0x7eff61d29a00>,16,12,[5 4],17,32,44,15,17
1,<environment.Job instance at 0x7eff61599d20>,24,21,[6 5],25,44,65,19,36
1,<environment.Job instance at 0x7eff61599190>,25,12,[9 4],26,45,57,19,36
1,<environment.Job instance at 0x7eff615990a0>,29,15,[4 9],30,57,72,27,43
1,<environment.Job instance at 0x7eff61599690>,30,15,[7 5],31,65,80,34,51
1,<environment.Job instance at 0x7eff61d29c30>,17,14,[8 1],18,72,86,54,59
1,<environment.Job instance at 0x7eff619756e0>,35,17,[9 3],36,86,103,50,74
1,<environment.Job instance at 0x7eff61975460>,38,17,[2 7],39,80,97,41,74
1,<environment.Job instance at 0x7eff61534050>,43,15,[4 7],44,97,112,53,83
1,<environment.Job instance at 0x7eff615349b0>,47,12,[9 4],48,103,115,55,86
1,<environment.Job instance at 0x7eff615348c0>,48,20,[9 5],49,115,135,66,106
1,<environment.Job instance at 0x7eff61534f50>,52,15,[7 5],53,135,150,82,121
1,<environment.Job instance at 0x7eff6259c460>,4,2,[8 3],5,5,7,0,5
1,<environment.Job instance at 0x7eff6259cbe0>,5,3,[2 8],6,6,9,0,6
1,<environment.Job instance at 0x7eff61d7ecd0>,0,15,[7 3],1,7,22,6,7
1,<environment.Job instance at 0x7eff62591cd0>,8,22,[6 4],9,9,31,0,9
1,<environment.Job instance at 0x7eff62591730>,10,13,[3 6],11,22,35,11,11
1,<environment.Job instance at 0x7eff62591d70>,11,2,[7 5],12,31,33,19,12
1,<environment.Job instance at 0x7eff62593640>,13,3,[2 8],14,14,17,0,14
1,<environment.Job instance at 0x7eff62593a50>,14,3,[ 3 10],15,35,38,20,15
1,<environment.Job instance at 0x7eff625bc5f0>,19,2,[6 2],20,22,24,2,20
1,<environment.Job instance at 0x7eff625bc230>,20,14,[11  3],21,33,47,12,22
1,<environment.Job instance at 0x7eff625bc690>,21,2,[2 7],22,38,40,16,22
1,<environment.Job instance at 0x7eff61ddbc80>,22,1,[11  2],23,47,48,24,23
1,<environment.Job instance at 0x7eff62977aa0>,23,3,[9 1],24,48,51,24,24
1,<environment.Job instance at 0x7eff6258b5a0>,24,16,[4 9],25,40,56,15,28
1,<environment.Job instance at 0x7eff625bc410>,26,15,[7 1],27,51,66,24,37
1,<environment.Job instance at 0x7eff61933370>,27,14,[3 8],28,56,70,28,41
1,<environment.Job instance at 0x7eff61dde780>,28,12,[5 9],29,70,82,41,53
1,<environment.Job instance at 0x7eff6297f8c0>,33,17,[10  3],34,66,83,32,54
1,<environment.Job instance at 0x7eff61daf280>,34,12,[7 5],35,83,95,48,66
1,<environment.Job instance at 0x7eff625a0eb0>,35,16,[8 4],36,83,99,47,70
1,<environment.Job instance at 0x7eff62591d20>,17,17,[7 4],18,95,112,77,83
1,<environment.Job instance at 0x7eff61dde690>,29,18,[5 9],30,99,117,69,88
1,<environment.Job instance at 0x7eff62974140>,39,2,[7 5],40,112,114,72,88
1,<environment.Job instance at 0x7eff61dcac80>,40,1,[8 3],41,114,115,73,88
1,<environment.Job instance at 0x7eff62593690>,15,22,[2 6],16,115,137,99,108
1,<environment.Job instance at 0x7eff616430f0>,41,13,[8 3],42,117,130,75,108
1,<environment.Job instance at 0x7eff61dc82d0>,43,1,[7 1],44,130,131,86,108
1,<environment.Job instance at 0x7eff61dc8cd0>,44,23,[5 5],45,117,140,72,111
1,<environment.Job instance at 0x7eff61dc9870>,45,23,[ 2 12],46,140,163,94,135
1,<environment.Job instance at 0x7eff62a82960>,0,27,[ 5 14],1,1,28,0,1
1,<environment.Job instance at 0x7eff62a82910>,5,26,[13  3],6,28,54,22,25
1,<environment.Job instance at 0x7eff61bd91e0>,10,18,[11  2],11,54,72,43,43
1,<environment.Job instance at 0x7eff62a82e10>,9,19,[3 8],10,56,75,46,56
1,<environment.Job instance at 0x7eff61bd9190>,12,14,[5 9],13,75,89,62,60
1,<environment.Job instance at 0x7eff61bd92d0>,13,14,[6 3],14,72,86,58,60
1,<environment.Job instance at 0x7eff61bd9eb0>,20,17,[5 1],21,86,103,65,74
1,<environment.Job instance at 0x7eff62a81730>,21,21,[2 6],22,89,110,67,81
1,<environment.Job instance at 0x7eff61bd9320>,11,25,[9 5],12,103,128,91,99
1,<environment.Job instance at 0x7eff62a81410>,25,17,[5 5],26,110,127,84,99
1,<environment.Job instance at 0x7eff62a810f0>,27,14,[8 5],28,128,142,100,113
1,<environment.Job instance at 0x7eff62a812d0>,29,15,[7 3],30,128,143,98,114
1,<environment.Job instance at 0x7eff62a81320>,26,14,[9 5],27,143,157,116,129
1,<environment.Job instance at 0x7eff62a81d70>,31,3,[3 9],32,142,145,110,129
1,<environment.Job instance at 0x7eff619251e0>,0,1,[8 2],1,1,2,0,1
1,<environment.Job instance at 0x7eff619252d0>,1,18,[3 9],2,2,20,0,2
1,<environment.Job instance at 0x7eff625bc460>,3,23,[6 1],4,4,27,0,4
1,<environment.Job instance at 0x7eff62a81d70>,2,14,[ 3 13],3,20,34,17,5
1,<environment.Job instance at 0x7eff61704e10>,5,12,[5 1],6,6,18,0,6
1,<environment.Job instance at 0x7eff61704dc0>,4,1,[10  4],5,34,35,29,6
1,<environment.Job instance at 0x7eff61704e60>,7,12,[4 8],8,34,46,26,17
1,<environment.Job instance at 0x7eff6171f870>,10,12,[1 7],11,35,47,24,19
1,<environment.Job instance at 0x7eff6171f690>,9,2,[5 4],10,46,48,36,21
1,<environment.Job instance at 0x7eff61704280>,8,14,[1 9],9,47,61,38,32
1,<environment.Job instance at 0x7eff6171f960>,13,12,[1 6],14,48,60,34,33
1,<environment.Job instance at 0x7eff6171ff50>,15,16,[3 6],16,60,76,44,47
1,<environment.Job instance at 0x7eff620660f0>,17,19,[6 2],18,61,80,43,51
1,<environment.Job instance at 0x7eff6171f280>,14,17,[5 5],15,61,78,46,51
1,<environment.Job instance at 0x7eff61721640>,19,19,[8 1],20,78,97,58,68
1,<environment.Job instance at 0x7eff61721460>,23,12,[5 6],24,80,92,56,68
1,<environment.Job instance at 0x7eff61550190>,27,15,[6 2],28,92,107,64,78
1,<environment.Job instance at 0x7eff6295ddc0>,31,16,[8 5],32,97,113,65,84
1,<environment.Job instance at 0x7eff628e3d20>,38,18,[5 2],39,107,125,68,96
1,<environment.Job instance at 0x7eff628e39b0>,41,20,[8 3],42,113,133,71,108
1,<environment.Job instance at 0x7eff628e3a00>,42,22,[5 2],43,125,147,82,118
1,<environment.Job instance at 0x7eff6171f1e0>,20,20,[5 5],21,133,153,112,124
1,<environment.Job instance at 0x7eff6152fd70>,44,20,[6 2],45,147,167,102,138
1,<environment.Job instance at 0x7eff6295b4b0>,46,15,[3 6],47,138,153,91,138
1,<environment.Job instance at 0x7eff616e3280>,49,14,[6 1],50,153,167,103,138
1,<environment.Job instance at 0x7eff6192cd70>,1,16,[10  4],2,2,18,0,2
1,<environment.Job instance at 0x7eff62224af0>,3,17,[3 9],4,4,21,0,4
1,<environment.Job instance at 0x7eff622197d0>,2,16,[9 2],3,18,34,15,5
1,<environment.Job instance at 0x7eff61ef2460>,9,3,[1 5],10,21,24,11,11
1,<environment.Job instance at 0x7eff6b761d20>,11,3,[ 4 10],12,24,27,12,12
1,<environment.Job instance at 0x7eff61543870>,15,20,[1 5],16,27,47,11,18
1,<environment.Job instance at 0x7eff61543a50>,19,15,[1 9],20,34,49,14,20
1,<environment.Job instance at 0x7eff61543550>,21,14,[9 2],22,47,61,25,32
1,<environment.Job instance at 0x7eff615435f0>,22,15,[3 7],23,49,64,26,35
1,<environment.Job instance at 0x7eff61543410>,25,18,[3 6],26,49,67,23,38
1,<environment.Job instance at 0x7eff6b7617d0>,12,17,[4 9],13,64,81,51,52
1,<environment.Job instance at 0x7eff62974140>,27,15,[4 9],28,81,96,53,67
1,<environment.Job instance at 0x7eff62974c30>,28,15,[1 6],29,67,82,38,67
1,<environment.Job instance at 0x7eff62974550>,26,20,[2 9],27,96,116,69,88
1,<environment.Job instance at 0x7eff629740a0>,32,16,[5 1],33,88,104,55,88
1,<environment.Job instance at 0x7eff62974320>,33,15,[9 3],34,104,119,70,90
1,<environment.Job instance at 0x7eff62974410>,34,13,[5 2],35,90,103,55,90
1,<environment.Job instance at 0x7eff629743c0>,40,19,[ 3 10],41,116,135,75,107
1,<environment.Job instance at 0x7eff62974be0>,41,12,[5 8],42,135,147,93,118
1,<environment.Job instance at 0x7eff62974f50>,42,20,[10  3],43,119,139,76,119
1,<environment.Job instance at 0x7eff6192c050>,0,15,[7 2],1,139,154,138,130
1,<environment.Job instance at 0x7eff614e3d70>,1,18,[1 7],2,2,20,0,2
1,<environment.Job instance at 0x7eff614e38c0>,2,19,[4 6],3,4,23,1,4
1,<environment.Job instance at 0x7eff614e3dc0>,7,17,[2 8],8,20,37,12,8
1,<environment.Job instance at 0x7eff611f6a50>,8,15,[9 5],9,23,38,14,10
1,<environment.Job instance at 0x7eff611f64b0>,10,19,[4 5],11,37,56,26,27
1,<environment.Job instance at 0x7eff614e3050>,4,17,[2 8],5,38,55,33,28
1,<environment.Job instance at 0x7eff611f6230>,13,3,[6 4],14,55,58,41,29
1,<environment.Job instance at 0x7eff611f62d0>,14,13,[9 1],15,38,51,23,29
1,<environment.Job instance at 0x7eff614e35f0>,9,14,[1 7],10,56,70,46,43
1,<environment.Job instance at 0x7eff611f69b0>,16,12,[1 7],17,58,70,41,43
1,<environment.Job instance at 0x7eff617d7b40>,17,2,[11  1],18,58,60,40,43
1,<environment.Job instance at 0x7eff617d7960>,18,2,[5 3],19,55,57,36,43
1,<environment.Job instance at 0x7eff617d7aa0>,19,13,[5 6],20,70,83,50,54
1,<environment.Job instance at 0x7eff614e3b40>,6,13,[5 2],7,70,83,63,54
1,<environment.Job instance at 0x7eff617d7a00>,20,19,[3 5],21,70,89,49,62
1,<environment.Job instance at 0x7eff611f6fa0>,12,20,[5 9],13,83,103,70,74
1,<environment.Job instance at 0x7eff617d7460>,26,19,[2 7],27,103,122,76,93
1,<environment.Job instance at 0x7eff617d7d70>,29,17,[6 1],30,93,110,63,93
1,<environment.Job instance at 0x7eff617d7730>,22,15,[8 4],23,110,125,87,96
1,<environment.Job instance at 0x7eff611f66e0>,15,18,[3 9],16,122,140,106,111
1,<environment.Job instance at 0x7eff625742d0>,32,25,[10  4],33,125,150,92,121
1,<environment.Job instance at 0x7eff62574050>,33,3,[8 3],34,150,153,116,124
1,<environment.Job instance at 0x7eff62574190>,34,18,[6 1],35,150,168,115,139
1,<environment.Job instance at 0x7eff61e230a0>,1,16,[ 2 10],2,2,18,0,2
1,<environment.Job instance at 0x7eff61864460>,2,2,[7 5],3,3,5,0,3
1,<environment.Job instance at 0x7eff618645a0>,3,15,[10  1],4,5,20,1,4
1,<environment.Job instance at 0x7eff61864eb0>,7,15,[1 7],8,18,33,10,9
1,<environment.Job instance at 0x7eff618648c0>,11,12,[8 3],12,20,32,8,12
1,<environment.Job instance at 0x7eff61864820>,6,12,[10  3],7,32,44,25,19
1,<environment.Job instance at 0x7eff61864e60>,14,16,[4 7],15,33,49,18,20
1,<environment.Job instance at 0x7eff61d7f050>,22,19,[8 4],23,44,63,21,34
1,<environment.Job instance at 0x7eff61d7f8c0>,25,12,[3 8],26,49,61,23,34
1,<environment.Job instance at 0x7eff61d7f280>,30,18,[1 9],31,61,79,30,50
1,<environment.Job instance at 0x7eff61d7f500>,31,14,[7 5],32,63,77,31,50
1,<environment.Job instance at 0x7eff61d7fb40>,33,15,[10  2],34,77,92,43,63
1,<environment.Job instance at 0x7eff61864b40>,8,18,[5 6],9,79,97,70,72
1,<environment.Job instance at 0x7eff61d7fb90>,34,14,[8 5],35,92,106,57,77
1,<environment.Job instance at 0x7eff61d7f820>,37,13,[5 9],38,97,110,59,81
1,<environment.Job instance at 0x7eff61d7f730>,39,17,[7 5],40,106,123,66,94
1,<environment.Job instance at 0x7eff61d7fd70>,40,14,[4 6],41,110,124,69,95
1,<environment.Job instance at 0x7eff62954d20>,42,13,[5 9],43,123,136,80,107
1,<environment.Job instance at 0x7eff629540a0>,45,15,[5 1],46,124,139,78,110
1,<environment.Job instance at 0x7eff62954f00>,46,12,[2 7],47,136,148,89,119
1,<environment.Job instance at 0x7eff62954640>,49,17,[1 8],50,139,156,89,127
1,<environment.Job instance at 0x7eff62954410>,51,19,[8 4],52,148,167,96,138
1,<environment.Job instance at 0x7eff61e5cb40>,0,14,[7 4],1,1,15,0,1
1,<environment.Job instance at 0x7eff62954af0>,1,17,[ 4 10],2,2,19,0,2
1,<environment.Job instance at 0x7eff62954410>,3,2,[ 4 11],4,19,21,15,4
1,<environment.Job instance at 0x7eff61986190>,2,1,[6 3],3,15,16,12,6
1,<environment.Job instance at 0x7eff619863c0>,5,18,[5 3],6,16,34,10,6
1,<environment.Job instance at 0x7eff6192de60>,7,15,[5 1],8,15,30,7,8
1,<environment.Job instance at 0x7eff6192d5f0>,8,2,[10  1],9,30,32,21,9
1,<environment.Job instance at 0x7eff6192df00>,9,13,[6 1],10,32,45,22,16
1,<environment.Job instance at 0x7eff6192d0f0>,13,15,[5 8],14,34,49,20,20
1,<environment.Job instance at 0x7eff6192d640>,14,2,[13  2],15,49,51,34,22
1,<environment.Job instance at 0x7eff6192d190>,10,12,[ 4 10],11,51,63,40,34
1,<environment.Job instance at 0x7eff6192dfa0>,11,17,[6 1],12,51,68,39,45
1,<environment.Job instance at 0x7eff6192daa0>,15,14,[4 7],16,63,77,47,49
1,<environment.Job instance at 0x7eff6192dc80>,17,21,[3 7],18,63,84,45,55
1,<environment.Job instance at 0x7eff6192d910>,24,20,[8 1],25,68,88,43,59
1,<environment.Job instance at 0x7eff6192d1e0>,25,19,[4 6],26,77,96,51,67
1,<environment.Job instance at 0x7eff6192d690>,26,22,[7 4],27,88,110,61,81
1,<environment.Job instance at 0x7eff6190b280>,28,18,[5 5],29,96,114,67,85
1,<environment.Job instance at 0x7eff6190bd70>,38,21,[9 4],39,110,131,71,102
1,<environment.Job instance at 0x7eff6190b410>,43,21,[7 3],44,131,152,87,123
1,<environment.Job instance at 0x7eff61986230>,6,22,[8 4],7,131,153,124,124
1,<environment.Job instance at 0x7eff6190b6e0>,46,16,[2 7],47,152,168,105,139
1,<environment.Job instance at 0x7eff6190b370>,2,16,[7 1],3,3,19,0,3
1,<environment.Job instance at 0x7eff616f0dc0>,3,13,[6 5],4,4,17,0,4
1,<environment.Job instance at 0x7eff611b4a00>,8,15,[5 4],9,17,32,8,9
1,<environment.Job instance at 0x7eff611b4dc0>,9,17,[7 5],10,19,36,9,10
1,<environment.Job instance at 0x7eff6b33c780>,11,15,[4 9],12,32,47,20,18
1,<environment.Job instance at 0x7eff611b4960>,15,15,[8 2],16,36,51,20,22
1,<environment.Job instance at 0x7eff611b4460>,16,15,[8 5],17,51,66,34,37
1,<environment.Job instance at 0x7eff617d4460>,18,12,[4 8],19,47,59,28,37
1,<environment.Job instance at 0x7eff617d4fa0>,19,17,[7 1],20,59,76,39,47
1,<environment.Job instance at 0x7eff617d4050>,20,16,[10  3],21,76,92,55,63
1,<environment.Job instance at 0x7eff61b3d460>,23,12,[9 4],24,92,104,68,75
1,<environment.Job instance at 0x7eff61b3deb0>,26,15,[5 2],27,75,90,48,75
1,<environment.Job instance at 0x7eff61b3da50>,29,15,[5 7],30,90,105,60,76
1,<environment.Job instance at 0x7eff61b3d500>,33,14,[4 9],34,105,119,71,90
1,<environment.Job instance at 0x7eff61b3df50>,38,14,[10  3],39,104,118,65,92
1,<environment.Job instance at 0x7eff61b3d050>,39,18,[8 2],40,118,136,78,107
1,<environment.Job instance at 0x7eff61b3ddc0>,41,17,[5 4],42,119,136,77,107
1,<environment.Job instance at 0x7eff6b11ccd0>,44,14,[3 7],45,136,150,91,121
1,<environment.Job instance at 0x7eff6b11c640>,46,18,[10  1],47,136,154,89,125
1,<environment.Job instance at 0x7eff6b11cdc0>,47,12,[3 7],48,150,162,102,133
1,<environment.Job instance at 0x7eff618d8820>,0,13,[2 8],1,1,14,0,1
1,<environment.Job instance at 0x7eff620415a0>,2,3,[5 5],3,3,6,0,3
1,<environment.Job instance at 0x7eff618d83c0>,3,15,[5 1],4,4,19,0,4
1,<environment.Job instance at 0x7eff618d86e0>,4,23,[7 1],5,6,29,1,5
1,<environment.Job instance at 0x7eff618d80a0>,6,17,[4 6],7,19,36,12,7
1,<environment.Job instance at 0x7eff618d8eb0>,11,2,[ 2 12],12,14,16,2,12
1,<environment.Job instance at 0x7eff618d8f00>,10,2,[5 1],11,29,31,18,16
1,<environment.Job instance at 0x7eff61759aa0>,14,14,[5 4],15,29,43,14,16
1,<environment.Job instance at 0x7eff617593c0>,15,15,[7 5],16,36,51,20,22
1,<environment.Job instance at 0x7eff61759c30>,17,15,[5 5],18,43,58,25,29
1,<environment.Job instance at 0x7eff61759550>,18,17,[9 4],19,51,68,32,39
1,<environment.Job instance at 0x7eff61759e60>,19,12,[3 7],20,58,70,38,41
1,<environment.Job instance at 0x7eff617592d0>,16,15,[13  1],17,70,85,53,56
1,<environment.Job instance at 0x7eff61759190>,22,2,[12  3],23,68,70,45,56
1,<environment.Job instance at 0x7eff61759870>,21,18,[2 9],22,70,88,48,59
1,<environment.Job instance at 0x7eff61759d20>,24,12,[3 6],25,85,97,60,68
1,<environment.Job instance at 0x7eff61759820>,25,14,[7 2],26,88,102,62,73
1,<environment.Job instance at 0x7eff61759c80>,27,13,[10  2],28,102,115,74,86
1,<environment.Job instance at 0x7eff618d8c80>,12,13,[ 3 11],13,97,110,84,86
1,<environment.Job instance at 0x7eff618a6460>,31,16,[1 9],32,110,126,78,106
1,<environment.Job instance at 0x7eff618a6d20>,32,12,[6 3],33,115,127,82,106
1,<environment.Job instance at 0x7eff618a6b40>,33,16,[5 3],34,115,131,81,106
1,<environment.Job instance at 0x7eff61759dc0>,30,20,[7 2],31,127,147,96,118
1,<environment.Job instance at 0x7eff618a6e60>,35,18,[2 8],36,126,144,90,118
1,<environment.Job instance at 0x7eff618a62d0>,36,13,[10  2],37,147,160,110,131
1,<environment.Job instance at 0x7eff629f6230>,1,1,[1 6],2,3,4,1,3
1,<environment.Job instance at 0x7eff628e50a0>,2,14,[5 6],3,4,18,1,4
1,<environment.Job instance at 0x7eff6126b780>,6,18,[5 6],7,7,25,0,7
1,<environment.Job instance at 0x7eff6126b230>,8,20,[3 9],9,18,38,9,10
1,<environment.Job instance at 0x7eff6126bd20>,14,20,[5 5],15,25,45,10,16
1,<environment.Job instance at 0x7eff6126b280>,16,16,[ 2 10],17,38,54,21,27
1,<environment.Job instance at 0x7eff6126b640>,18,17,[10  4],19,45,62,26,33
1,<environment.Job instance at 0x7eff6126ba00>,19,16,[ 5 10],20,54,70,34,41
1,<environment.Job instance at 0x7eff6126b2d0>,21,18,[10  5],22,62,80,40,51
1,<environment.Job instance at 0x7eff61a52320>,29,12,[1 8],30,70,82,40,62
1,<environment.Job instance at 0x7eff61a52230>,30,14,[6 4],31,80,94,49,65
1,<environment.Job instance at 0x7eff61a52820>,31,14,[3 7],32,82,96,50,67
1,<environment.Job instance at 0x7eff61a52910>,33,15,[2 8],34,94,109,60,80
1,<environment.Job instance at 0x7eff61a520a0>,35,12,[7 5],36,96,108,60,80
1,<environment.Job instance at 0x7eff61a52a50>,38,14,[5 5],39,108,122,69,93
1,<environment.Job instance at 0x7eff61a52b40>,40,12,[5 9],41,109,121,68,93
1,<environment.Job instance at 0x7eff61a529b0>,44,18,[3 7],45,121,139,76,110
1,<environment.Job instance at 0x7eff622430a0>,47,13,[8 4],48,122,135,74,110
1,<environment.Job instance at 0x7eff62243280>,51,15,[6 4],52,135,150,83,121
1,<environment.Job instance at 0x7eff61fede60>,0,16,[3 7],1,1,17,0,1
1,<environment.Job instance at 0x7eff61fed910>,1,13,[9 1],2,3,16,1,3
1,<environment.Job instance at 0x7eff61fed960>,3,2,[ 4 11],4,17,19,13,4
1,<environment.Job instance at 0x7eff61fed640>,4,13,[2 8],5,19,32,14,5
1,<environment.Job instance at 0x7eff61fedd20>,6,16,[1 7],7,19,35,12,7
1,<environment.Job instance at 0x7eff61fed5f0>,10,12,[ 4 14],11,35,47,24,19
1,<environment.Job instance at 0x7eff61fed3c0>,12,18,[3 6],13,47,65,34,36
1,<environment.Job instance at 0x7eff61fedcd0>,13,14,[12  1],14,47,61,33,37
1,<environment.Job instance at 0x7eff6263b370>,22,20,[8 4],23,61,81,38,52
1,<environment.Job instance at 0x7eff6263b5a0>,24,17,[7 3],25,65,82,40,53
1,<environment.Job instance at 0x7eff6260c550>,33,21,[5 4],34,81,102,47,73
1,<environment.Job instance at 0x7eff6260c640>,34,21,[9 2],35,82,103,47,74
1,<environment.Job instance at 0x7eff61ea3b40>,37,18,[ 4 10],38,102,120,64,91
1,<environment.Job instance at 0x7eff61ea37d0>,38,15,[3 5],39,103,118,64,91
1,<environment.Job instance at 0x7eff62837fa0>,43,15,[6 5],44,118,133,74,104
1,<environment.Job instance at 0x7eff628376e0>,45,21,[10  2],46,133,154,87,125
1,<environment.Job instance at 0x7eff61ed51e0>,46,12,[8 3],47,154,166,107,137
1,<environment.Job instance at 0x7eff61ed5c30>,48,17,[3 5],49,137,154,88,137
1,<environment.Job instance at 0x7eff617059b0>,1,19,[1 5],2,2,21,0,2
1,<environment.Job instance at 0x7eff6154eaf0>,2,12,[1 5],3,3,15,0,3
1,<environment.Job instance at 0x7eff6154ed20>,4,14,[5 6],5,15,29,10,5
1,<environment.Job instance at 0x7eff61535dc0>,8,16,[3 6],9,21,37,12,9
1,<environment.Job instance at 0x7eff615355f0>,14,2,[10  5],15,29,31,14,16
1,<environment.Job instance at 0x7eff615352d0>,15,15,[5 5],16,31,46,15,17
1,<environment.Job instance at 0x7eff61535280>,13,17,[5 6],14,37,54,23,25
1,<environment.Job instance at 0x7eff61544f50>,19,19,[5 2],20,31,50,11,25
1,<environment.Job instance at 0x7eff61544a00>,21,19,[5 3],22,46,65,24,36
1,<environment.Job instance at 0x7eff61544c80>,17,16,[ 1 10],18,54,70,36,41
1,<environment.Job instance at 0x7eff61535870>,11,13,[ 1 10],12,70,83,58,54
1,<environment.Job instance at 0x7eff615445f0>,23,17,[4 8],24,83,100,59,71
1,<environment.Job instance at 0x7eff61544870>,26,15,[2 6],27,83,98,56,71
1,<environment.Job instance at 0x7eff61544d20>,31,13,[1 7],32,98,111,66,82
1,<environment.Job instance at 0x7eff615441e0>,32,12,[2 5],33,100,112,67,83
1,<environment.Job instance at 0x7eff611aef50>,33,17,[5 2],34,100,117,66,88
1,<environment.Job instance at 0x7eff611aea00>,35,12,[3 5],36,111,123,75,94
1,<environment.Job instance at 0x7eff611ae320>,37,18,[5 5],38,112,130,74,101
1,<environment.Job instance at 0x7eff611ae0f0>,47,18,[2 6],48,123,141,75,112
1,<environment.Job instance at 0x7eff611ae870>,51,18,[3 8],52,130,148,78,119
1,<environment.Job instance at 0x7eff620e9780>,53,15,[10  3],54,141,156,87,127
1,<environment.Job instance at 0x7eff620e98c0>,54,20,[5 6],55,148,168,93,139
1,<environment.Job instance at 0x7eff620e9050>,2,12,[3 5],3,3,15,0,3
1,<environment.Job instance at 0x7eff61ac0320>,4,18,[5 4],5,5,23,0,5
1,<environment.Job instance at 0x7eff61ac0910>,14,12,[7 5],15,15,27,0,15
1,<environment.Job instance at 0x7eff61ac0af0>,16,18,[3 6],17,17,35,0,17
1,<environment.Job instance at 0x7eff61ac6190>,26,17,[9 5],27,27,44,0,27
1,<environment.Job instance at 0x7eff61ac6320>,29,20,[3 6],30,35,55,5,30
1,<environment.Job instance at 0x7eff61ac65f0>,31,15,[1 9],32,44,59,12,32
1,<environment.Job instance at 0x7eff62b45690>,0,21,[1 7],1,59,80,58,51
1,<environment.Job instance at 0x7eff61ac69b0>,37,24,[10  4],38,55,79,17,51
1,<environment.Job instance at 0x7eff61aa4d20>,67,15,[3 5],68,79,94,11,68
1,<environment.Job instance at 0x7eff61ab5320>,74,17,[7 4],75,80,97,5,77
1,<environment.Job instance at 0x7eff61886b90>,87,14,[3 5],88,88,102,0,88
1,<environment.Job instance at 0x7eff61886870>,88,17,[10  2],89,97,114,8,89
1,<environment.Job instance at 0x7eff61524460>,89,16,[ 5 10],90,102,118,12,90
1,<environment.Job instance at 0x7eff61798aa0>,96,13,[8 5],97,114,127,17,98
1,<environment.Job instance at 0x7eff61781140>,99,16,[4 8],100,118,134,18,105
1,<environment.Job instance at 0x7eff6178b5a0>,119,17,[9 2],120,127,144,7,120
1,<environment.Job instance at 0x7eff6188a230>,122,12,[5 7],123,134,146,11,124
1,<environment.Job instance at 0x7eff61771d70>,124,18,[5 4],125,144,162,19,133
1,<environment.Job instance at 0x7eff61894410>,128,16,[7 5],129,146,162,17,134
1,<environment.Job instance at 0x7f25a45f3320>,1,22,[11  3],2,2,24,0,2
1,<environment.Job instance at 0x7f259ae7b460>,2,22,[4 8],3,3,25,0,3
1,<environment.Job instance at 0x7f259ae7b6e0>,4,14,[1 6],5,24,38,19,9
1,<environment.Job instance at 0x7f259ae7bb90>,12,13,[10  2],13,25,38,12,13
1,<environment.Job instance at 0x7f259ae7bd70>,14,13,[7 3],15,38,51,23,22
1,<environment.Job instance at 0x7f259ae7b820>,6,20,[6 1],7,38,58,31,29
1,<environment.Job instance at 0x7f259ae7bcd0>,15,18,[2 8],16,38,56,22,29
1,<environment.Job instance at 0x7f259ae7be10>,16,16,[3 5],17,51,67,34,41
1,<environment.Job instance at 0x7f259ae7d140>,25,27,[8 1],26,58,85,32,56
1,<environment.Job instance at 0x7f259ae7d5a0>,27,18,[1 8],28,56,74,28,56
1,<environment.Job instance at 0x7f259ae7d820>,32,20,[5 5],33,67,87,34,58
1,<environment.Job instance at 0x7f259ae7daa0>,34,16,[2 8],35,74,90,39,62
1,<environment.Job instance at 0x7f259ae7dbe0>,36,15,[9 5],37,87,102,50,73
1,<environment.Job instance at 0x7f259ae811e0>,43,20,[4 6],44,90,110,46,84
1,<environment.Job instance at 0x7f259ae812d0>,44,18,[5 5],45,102,120,57,91
1,<environment.Job instance at 0x7f259ae81410>,46,13,[6 5],47,110,123,63,94
1,<environment.Job instance at 0x7f259ae81500>,48,20,[6 5],49,120,140,71,111
1,<environment.Job instance at 0x7f259ae81780>,52,20,[5 3],53,123,143,70,114
1,<environment.Job instance at 0x7f259ae81910>,54,17,[5 7],55,140,157,85,128
1,<environment.Job instance at 0x7f259ae81a00>,57,17,[8 5],58,143,160,85,131
1,<environment.Job instance at 0x7f259ae81cd0>,58,18,[2 8],59,157,175,98,147
1,<environment.Job instance at 0x7f259ae81d20>,59,14,[2 7],60,160,174,100,147
1,<environment.Job instance at 0x7f259ae95e60>,0,3,[1 7],1,1,4,0,1
1,<environment.Job instance at 0x7f259ae81aa0>,1,3,[4 7],2,2,5,0,2
1,<environment.Job instance at 0x7f259ae81d20>,3,3,[5 2],4,4,7,0,4
1,<environment.Job instance at 0x7f259afc84b0>,5,23,[1 7],6,6,29,0,6
1,<environment.Job instance at 0x7f259afc8d70>,2,14,[13  4],3,7,21,4,6
1,<environment.Job instance at 0x7f259afc8aa0>,7,1,[ 2 14],8,29,30,21,8
1,<environment.Job instance at 0x7f259afc8640>,9,17,[3 7],10,30,47,20,18
1,<environment.Job instance at 0x7f259aef50a0>,12,22,[5 3],13,30,52,17,23
1,<environment.Job instance at 0x7f259aef55a0>,13,13,[7 5],14,30,43,16,23
1,<environment.Job instance at 0x7f259aef50f0>,11,18,[1 9],12,47,65,35,36
1,<environment.Job instance at 0x7f259aef5fa0>,18,1,[13  2],19,52,53,33,36
1,<environment.Job instance at 0x7f259aef5af0>,19,14,[11  3],20,53,67,33,40
1,<environment.Job instance at 0x7f259aef5870>,20,2,[9 5],21,67,69,46,40
1,<environment.Job instance at 0x7f259aef5690>,22,16,[6 4],23,67,83,44,54
1,<environment.Job instance at 0x7f259aef5140>,23,18,[6 5],24,69,87,45,58
1,<environment.Job instance at 0x7f259a957af0>,24,19,[6 1],25,83,102,58,74
1,<environment.Job instance at 0x7f259a547a50>,25,16,[ 2 10],26,87,103,61,76
1,<environment.Job instance at 0x7f259a4e1230>,29,14,[2 6],30,103,117,73,88
1,<environment.Job instance at 0x7f259a56eaa0>,31,13,[4 9],32,103,116,71,88
1,<environment.Job instance at 0x7f259aef5c30>,21,22,[2 9],22,116,138,94,109
1,<environment.Job instance at 0x7f259a8db3c0>,39,12,[9 3],40,117,129,77,109
1,<environment.Job instance at 0x7f259afc86e0>,6,17,[7 1],7,129,146,122,117
1,<environment.Job instance at 0x7f259a8dbbe0>,40,18,[10  3],41,146,164,105,135
1,<environment.Job instance at 0x7f259a88bf50>,42,28,[2 8],43,138,166,95,137
1,<environment.Job instance at 0x7f259a952e60>,43,12,[1 7],44,164,176,120,147
1,<environment.Job instance at 0x7f259a9527d0>,44,3,[10  2],45,166,169,121,147
1,<environment.Job instance at 0x7f259a8905f0>,45,3,[5 5],46,169,172,123,147
1,<environment.Job instance at 0x7f259a6bf460>,0,25,[4 5],1,1,26,0,1
1,<environment.Job instance at 0x7f259a8905f0>,2,2,[11  1],3,3,5,0,3
1,<environment.Job instance at 0x7f259a5a96e0>,3,17,[9 4],4,5,22,1,4
1,<environment.Job instance at 0x7f259a5a9c30>,4,13,[12  4],5,26,39,21,11
1,<environment.Job instance at 0x7f259a5a9eb0>,11,1,[5 9],12,22,23,10,12
1,<environment.Job instance at 0x7f259a5a9e60>,12,20,[2 6],13,23,43,10,17
1,<environment.Job instance at 0x7f259a5a9370>,13,15,[5 1],14,39,54,25,25
1,<environment.Job instance at 0x7f259a5a9d20>,14,25,[2 8],15,39,64,24,35
1,<environment.Job instance at 0x7f259a5a9320>,9,16,[11  1],10,54,70,44,41
1,<environment.Job instance at 0x7f259a5a9910>,16,2,[ 5 13],17,70,72,53,43
1,<environment.Job instance at 0x7f259a5a9820>,10,14,[14  2],11,72,86,61,64
1,<environment.Job instance at 0x7f259a5a9be0>,8,22,[3 9],9,86,108,77,79
1,<environment.Job instance at 0x7f259a5a9280>,21,17,[5 5],22,86,103,64,79
1,<environment.Job instance at 0x7f259a5a9410>,22,15,[5 5],23,103,118,80,89
1,<environment.Job instance at 0x7f259a5a94b0>,24,13,[4 8],25,108,121,83,92
1,<environment.Job instance at 0x7f259a6d78c0>,25,2,[6 1],26,92,94,66,92
1,<environment.Job instance at 0x7f259a6d7cd0>,27,17,[ 1 10],28,121,138,93,109
1,<environment.Job instance at 0x7f259a6d7140>,28,3,[5 9],29,138,141,109,112
1,<environment.Job instance at 0x7f259a6d74b0>,37,23,[2 9],38,141,164,103,135
1,<environment.Job instance at 0x7f259a6d7eb0>,38,13,[4 6],39,138,151,99,135
1,<environment.Job instance at 0x7f259a6d71e0>,40,17,[10  3],41,151,168,110,139
1,<environment.Job instance at 0x7f259a6d7460>,41,13,[1 6],42,164,177,122,148
1,<environment.Job instance at 0x7f259a6d7320>,42,3,[3 5],43,164,167,121,148
1,<environment.Job instance at 0x7f259a5c1550>,4,19,[8 2],5,5,24,0,5
1,<environment.Job instance at 0x7f259a566500>,6,17,[7 4],7,7,24,0,7
1,<environment.Job instance at 0x7f259a979b40>,8,12,[8 5],9,24,36,15,9
1,<environment.Job instance at 0x7f259a979690>,12,2,[1 8],13,24,26,11,14
1,<environment.Job instance at 0x7f259ae1e140>,19,19,[7 4],20,26,45,6,20
1,<environment.Job instance at 0x7f259a59da00>,22,17,[8 5],23,36,53,13,24
1,<environment.Job instance at 0x7f259ad5efa0>,24,2,[3 8],25,45,47,20,26
1,<environment.Job instance at 0x7f259a533dc0>,27,13,[1 9],28,47,60,19,31
1,<environment.Job instance at 0x7f259a92f9b0>,13,16,[6 3],14,53,69,39,42
1,<environment.Job instance at 0x7f259a9094b0>,28,19,[6 3],29,53,72,24,43
1,<environment.Job instance at 0x7f259a9a6a50>,32,16,[10  3],33,72,88,39,59
1,<environment.Job instance at 0x7f259a87fc80>,35,13,[6 4],36,88,101,52,72
1,<environment.Job instance at 0x7f259b4c8f50>,29,13,[5 5],30,75,88,45,75
1,<environment.Job instance at 0x7f259ae368c0>,36,14,[10  3],37,101,115,64,86
1,<environment.Job instance at 0x7f259ae36550>,38,19,[1 5],39,88,107,49,86
1,<environment.Job instance at 0x7f259ae36e60>,39,18,[2 9],40,107,125,67,96
1,<environment.Job instance at 0x7f259ae36230>,40,18,[10  4],41,115,133,74,104
1,<environment.Job instance at 0x7f259a88c780>,41,13,[6 5],42,133,146,91,117
1,<environment.Job instance at 0x7f259a8b7fa0>,47,15,[9 5],48,133,148,85,119
1,<environment.Job instance at 0x7f259ab02d70>,56,14,[5 9],57,146,160,89,131
1,<environment.Job instance at 0x7f259ab02280>,58,12,[2 5],59,148,160,89,131
1,<environment.Job instance at 0x7f259a887050>,59,16,[6 5],60,160,176,100,147
1,<environment.Job instance at 0x7f259b5668c0>,1,16,[1 8],2,2,18,0,2
1,<environment.Job instance at 0x7f259b5663c0>,2,13,[3 6],3,3,16,0,3
1,<environment.Job instance at 0x7f259b99ac30>,5,22,[11  4],6,16,38,10,11
1,<environment.Job instance at 0x7f259b556b40>,12,2,[ 1 14],13,38,40,25,13
1,<environment.Job instance at 0x7f259b556550>,14,15,[9 1],15,38,53,23,24
1,<environment.Job instance at 0x7f259b5565a0>,7,23,[ 4 10],8,40,63,32,34
1,<environment.Job instance at 0x7f259b2b7dc0>,18,17,[5 5],19,53,70,34,41
1,<environment.Job instance at 0x7f259b2b7460>,19,14,[3 7],20,63,77,43,48
1,<environment.Job instance at 0x7f259b566280>,0,18,[7 1],1,63,81,62,52
1,<environment.Job instance at 0x7f259b2b71e0>,21,3,[5 5],22,70,73,48,52
1,<environment.Job instance at 0x7f259b2b7a00>,22,13,[1 5],23,73,86,50,57
1,<environment.Job instance at 0x7f259b5560f0>,13,12,[13  2],14,81,93,67,68
1,<environment.Job instance at 0x7f259b2b7370>,20,15,[9 4],21,93,108,72,79
1,<environment.Job instance at 0x7f259b2b7690>,23,20,[5 4],24,93,113,69,84
1,<environment.Job instance at 0x7f259b2b7d20>,26,20,[7 1],27,108,128,81,101
1,<environment.Job instance at 0x7f259b2b7d70>,27,20,[6 2],28,113,133,85,104
1,<environment.Job instance at 0x7f259b53f1e0>,28,16,[4 9],29,128,144,99,115
1,<environment.Job instance at 0x7f259b5564b0>,17,22,[9 4],18,133,155,115,127
1,<environment.Job instance at 0x7f259a4600a0>,1,15,[10  4],2,2,17,0,2
1,<environment.Job instance at 0x7f259b53f140>,2,3,[ 4 11],3,3,6,0,3
1,<environment.Job instance at 0x7f259a460500>,5,2,[ 4 13],6,17,19,11,6
1,<environment.Job instance at 0x7f259a45d370>,6,2,[10  5],7,19,21,12,8
1,<environment.Job instance at 0x7f259a45ddc0>,9,14,[1 7],10,19,33,9,10
1,<environment.Job instance at 0x7f259a45d820>,10,17,[9 4],11,21,38,10,11
1,<environment.Job instance at 0x7f259a45de10>,12,18,[4 8],13,33,51,20,22
1,<environment.Job instance at 0x7f259a45da50>,16,13,[1 5],17,38,51,21,22
1,<environment.Job instance at 0x7f259a45d730>,17,15,[ 5 10],18,51,66,33,37
1,<environment.Job instance at 0x7f259a45d460>,20,14,[9 5],21,51,65,30,43
1,<environment.Job instance at 0x7f259a458e60>,22,13,[5 8],23,66,79,43,50
1,<environment.Job instance at 0x7f259a4582d0>,23,18,[9 4],24,65,83,41,54
1,<environment.Job instance at 0x7f259a458af0>,24,18,[ 4 10],25,79,97,54,68
1,<environment.Job instance at 0x7f259a458190>,27,12,[6 3],28,83,95,55,68
1,<environment.Job instance at 0x7f259a458050>,28,15,[ 5 10],29,97,112,68,83
1,<environment.Job instance at 0x7f259a458140>,29,17,[5 7],30,112,129,82,100
1,<environment.Job instance at 0x7f259a458cd0>,31,19,[4 8],32,112,131,80,102
1,<environment.Job instance at 0x7f259a4585a0>,32,16,[ 4 10],33,131,147,98,118
1,<environment.Job instance at 0x7f259a458870>,33,3,[5 2],34,129,132,95,118
1,<environment.Job instance at 0x7f259a4580a0>,35,14,[11  2],36,132,146,96,118
1,<environment.Job instance at 0x7f259a458d20>,36,1,[4 6],37,147,148,110,121
1,<environment.Job instance at 0x7f259a4d50f0>,37,18,[9 4],38,146,164,108,135
1,<environment.Job instance at 0x7f259a4d5050>,40,16,[2 8],41,148,164,107,135
1,<environment.Job instance at 0x7f259a4d5140>,2,14,[7 2],3,3,17,0,3
1,<environment.Job instance at 0x7f259a4d5410>,4,14,[7 2],5,5,19,0,5
1,<environment.Job instance at 0x7f259a4469b0>,5,12,[6 1],6,17,29,11,6
1,<environment.Job instance at 0x7f259a446d20>,8,20,[5 6],9,19,39,10,10
1,<environment.Job instance at 0x7f259a446dc0>,10,14,[3 8],11,19,33,8,11
1,<environment.Job instance at 0x7f259a446730>,11,16,[6 5],12,33,49,21,20
1,<environment.Job instance at 0x7f259a446280>,17,21,[1 7],18,39,60,21,31
1,<environment.Job instance at 0x7f259a446230>,18,16,[9 2],19,49,65,30,36
1,<environment.Job instance at 0x7f259a47a1e0>,23,12,[5 9],24,60,72,36,43
1,<environment.Job instance at 0x7f259a47afa0>,24,12,[6 4],25,65,77,40,48
1,<environment.Job instance at 0x7f259a47a7d0>,27,17,[9 2],28,72,89,44,60
1,<environment.Job instance at 0x7f259a46c690>,41,18,[ 2 10],42,77,95,35,67
1,<environment.Job instance at 0x7f259a46cfa0>,42,17,[8 3],43,89,106,46,77
1,<environment.Job instance at 0x7f259a46c320>,44,12,[4 8],45,95,107,50,78
1,<environment.Job instance at 0x7f259a46c1e0>,47,18,[5 9],48,107,125,59,96
1,<environment.Job instance at 0x7f259b55a3c0>,49,14,[7 4],50,106,120,56,96
1,<environment.Job instance at 0x7f259b55af00>,52,16,[5 4],53,120,136,67,107
1,<environment.Job instance at 0x7f259ace8050>,58,18,[9 2],59,125,143,66,114
1,<environment.Job instance at 0x7f259ace8960>,59,19,[2 7],60,136,155,76,126
1,<environment.Job instance at 0x7f259b9ca6e0>,61,14,[5 5],62,143,157,81,128
1,<environment.Job instance at 0x7f259b9ca230>,64,16,[6 1],65,143,159,78,130
1,<environment.Job instance at 0x7f259b9c8b90>,67,18,[1 5],68,155,173,87,144
1,<environment.Job instance at 0x7f259b9c8eb0>,69,12,[6 3],70,157,169,87,144
1,<environment.Job instance at 0x7f259b3c3d20>,0,20,[4 9],1,2,22,1,2
1,<environment.Job instance at 0x7f259a65daf0>,1,1,[10  1],2,2,3,0,2
1,<environment.Job instance at 0x7f259b9c8eb0>,2,1,[10  1],3,3,4,0,3
1,<environment.Job instance at 0x7f259b9c8d20>,4,18,[5 4],5,5,23,0,5
1,<environment.Job instance at 0x7f259a58f140>,7,13,[7 2],8,22,35,14,9
1,<environment.Job instance at 0x7f259a58fa00>,8,14,[ 2 12],9,23,37,14,13
1,<environment.Job instance at 0x7f259a566d70>,9,28,[11  4],10,37,65,27,36
1,<environment.Job instance at 0x7f259a58faa0>,6,18,[ 4 10],7,37,55,30,36
1,<environment.Job instance at 0x7f259a5664b0>,11,15,[10  5],12,65,80,53,51
1,<environment.Job instance at 0x7f259a586af0>,14,16,[4 7],15,55,71,40,51
1,<environment.Job instance at 0x7f259a586c30>,15,12,[9 1],16,80,92,64,63
1,<environment.Job instance at 0x7f259a58fcd0>,3,20,[1 8],4,71,91,67,64
1,<environment.Job instance at 0x7f259a5867d0>,17,3,[ 2 11],18,91,94,73,80
1,<environment.Job instance at 0x7f259a586e10>,13,22,[3 8],14,94,116,80,87
1,<environment.Job instance at 0x7f259a593050>,22,13,[5 5],23,94,107,71,87
1,<environment.Job instance at 0x7f259a586d70>,18,19,[6 2],19,92,111,73,87
1,<environment.Job instance at 0x7f259a58ff50>,5,17,[7 2],6,111,128,105,99
1,<environment.Job instance at 0x7f259a593cd0>,24,14,[ 3 10],25,116,130,91,101
1,<environment.Job instance at 0x7f259a559410>,29,21,[5 6],30,130,151,100,122
1,<environment.Job instance at 0x7f259a559050>,27,15,[7 2],28,128,143,100,122
1,<environment.Job instance at 0x7f259b2c76e0>,32,1,[ 5 14],33,151,152,118,123
1,<environment.Job instance at 0x7f259a58f910>,10,22,[ 5 12],11,152,174,141,145
1,<environment.Job instance at 0x7f259ac68190>,6,14,[3 9],7,7,21,0,7
1,<environment.Job instance at 0x7f259ac68320>,7,12,[10  1],8,8,20,0,8
1,<environment.Job instance at 0x7f259ac68140>,8,17,[4 7],9,21,38,12,9
1,<environment.Job instance at 0x7f259ac68910>,10,19,[5 8],11,21,40,10,11
1,<environment.Job instance at 0x7f259ac68230>,14,12,[9 2],15,38,50,23,27
1,<environment.Job instance at 0x7f259ac680a0>,13,1,[9 3],14,50,51,36,27
1,<environment.Job instance at 0x7f259b5a0460>,15,21,[5 8],16,40,61,24,32
1,<environment.Job instance at 0x7f259b5a0230>,17,2,[1 8],18,61,63,43,34
1,<environment.Job instance at 0x7f259b5a0870>,18,17,[ 1 10],19,63,80,44,51
1,<environment.Job instance at 0x7f259b5a0910>,19,16,[7 4],20,51,67,31,51
1,<environment.Job instance at 0x7f259b5a0550>,20,12,[11  2],21,67,79,46,51
1,<environment.Job instance at 0x7f259b5a08c0>,21,18,[ 3 11],22,80,98,58,69
1,<environment.Job instance at 0x7f259b5a0730>,22,15,[3 6],23,98,113,75,84
1,<environment.Job instance at 0x7f259b5a0320>,23,15,[1 7],24,98,113,74,84
1,<environment.Job instance at 0x7f259b5a0af0>,24,24,[2 8],25,113,137,88,108
1,<environment.Job instance at 0x7f259b5a0410>,16,21,[11  3],17,113,134,96,108
1,<environment.Job instance at 0x7f259b5a00f0>,26,13,[14  2],27,137,150,110,121
1,<environment.Job instance at 0x7f259ac686e0>,11,16,[ 1 10],12,137,153,125,124
1,<environment.Job instance at 0x7f259b5a0140>,32,12,[5 2],33,150,162,117,133
1,<environment.Job instance at 0x7f259ac76190>,34,3,[7 5],35,134,137,99,133
1,<environment.Job instance at 0x7f259ac769b0>,35,24,[5 3],36,150,174,114,145
1,<environment.Job instance at 0x7f259ac7dd20>,0,13,[3 9],1,1,14,0,1
1,<environment.Job instance at 0x7f259ac769b0>,2,13,[3 7],3,14,27,11,3
1,<environment.Job instance at 0x7f259ac7de10>,1,1,[2 5],2,3,4,1,3
1,<environment.Job instance at 0x7f259a884460>,3,1,[14  4],4,27,28,23,4
1,<environment.Job instance at 0x7f259a85e2d0>,5,1,[1 5],6,6,7,0,6
1,<environment.Job instance at 0x7f259a750e10>,9,2,[3 7],10,14,16,4,12
1,<environment.Job instance at 0x7f259a750eb0>,8,17,[9 4],9,28,45,19,16
1,<environment.Job instance at 0x7f259a750a00>,12,14,[6 1],13,28,42,15,16
1,<environment.Job instance at 0x7f259a750a50>,13,16,[3 8],14,42,58,28,29
1,<environment.Job instance at 0x7f259a7505f0>,11,14,[9 5],12,45,59,33,38
1,<environment.Job instance at 0x7f259a750f50>,14,18,[ 5 10],15,58,76,43,47
1,<environment.Job instance at 0x7f259a68fc80>,17,21,[1 8],18,76,97,58,68
1,<environment.Job instance at 0x7f259a891aa0>,18,20,[2 9],19,97,117,78,88
1,<environment.Job instance at 0x7f259a868b40>,26,22,[2 5],27,88,110,61,88
1,<environment.Job instance at 0x7f259a8685f0>,27,20,[5 3],28,110,130,82,101
1,<environment.Job instance at 0x7f259b0603c0>,29,13,[5 8],30,117,130,87,101
1,<environment.Job instance at 0x7f259b0606e0>,30,18,[6 2],31,130,148,99,119
1,<environment.Job instance at 0x7f259b0605a0>,32,15,[2 5],33,130,145,97,119
1,<environment.Job instance at 0x7f259b6690a0>,33,13,[2 7],34,130,143,96,119
1,<environment.Job instance at 0x7f259b2b4eb0>,37,20,[5 1],38,120,140,82,120
1,<environment.Job instance at 0x7f259a7220f0>,40,13,[3 7],41,143,156,102,127
1,<environment.Job instance at 0x7f259b54c960>,41,12,[1 8],42,148,160,106,131
1,<environment.Job instance at 0x7f259b551a00>,42,14,[7 4],43,156,170,113,141
1,<environment.Job instance at 0x7f259a889d20>,44,15,[2 7],45,160,175,115,146
1,<environment.Job instance at 0x7f259ae2be60>,3,16,[5 2],4,4,20,0,4
1,<environment.Job instance at 0x7f259ae2b6e0>,6,14,[3 5],7,7,21,0,7
1,<environment.Job instance at 0x7f259ae2bdc0>,7,3,[ 4 10],8,20,23,12,8
1,<environment.Job instance at 0x7f259a889d20>,9,15,[10  1],10,21,36,11,11
1,<environment.Job instance at 0x7f259ae2bd20>,12,14,[2 9],13,23,37,10,14
1,<environment.Job instance at 0x7f259ae2bc30>,11,17,[9 5],12,36,53,24,24
1,<environment.Job instance at 0x7f259ae2b2d0>,15,15,[ 1 10],16,37,52,21,24
1,<environment.Job instance at 0x7f259ae2bd70>,16,15,[7 1],17,53,68,36,39
1,<environment.Job instance at 0x7f259ae2b4b0>,17,16,[8 4],18,53,69,35,40
1,<environment.Job instance at 0x7f259ae2baf0>,18,17,[5 5],19,68,85,49,56
1,<environment.Job instance at 0x7f259b080eb0>,23,18,[2 5],24,68,86,44,57
1,<environment.Job instance at 0x7f259ae2b320>,10,3,[5 1],11,69,72,58,57
1,<environment.Job instance at 0x7f259b080cd0>,24,18,[ 2 10],25,85,103,60,74
1,<environment.Job instance at 0x7f259b080960>,26,15,[7 2],27,86,101,59,74
1,<environment.Job instance at 0x7f259b080d20>,27,19,[10  4],28,101,120,73,91
1,<environment.Job instance at 0x7f259b0804b0>,38,14,[4 5],39,103,117,64,95
1,<environment.Job instance at 0x7f259b080d70>,41,18,[1 7],42,117,135,75,106
1,<environment.Job instance at 0x7f259b9c00f0>,42,19,[4 6],43,120,139,77,110
1,<environment.Job instance at 0x7f259b9c0140>,44,17,[2 8],45,135,152,90,123
1,<environment.Job instance at 0x7f259b9c0b40>,46,13,[5 2],47,139,152,92,123
1,<environment.Job instance at 0x7f259b9c0500>,47,17,[2 8],48,152,169,104,140
1,<environment.Job instance at 0x7f259b9c0780>,48,15,[9 5],49,152,167,103,140
1,<environment.Job instance at 0x7f259a1458c0>,1,25,[2 8],2,2,27,0,2
1,<environment.Job instance at 0x7f259b9c0a50>,2,12,[10  3],3,3,15,0,3
1,<environment.Job instance at 0x7f259a145410>,3,13,[5 1],4,15,28,11,4
1,<environment.Job instance at 0x7f259b9c0780>,5,13,[9 5],6,27,40,21,11
1,<environment.Job instance at 0x7f259a1450f0>,8,18,[5 3],9,28,46,19,17
1,<environment.Job instance at 0x7f259a145690>,9,15,[9 3],10,40,55,30,26
1,<environment.Job instance at 0x7f259a145640>,6,12,[3 5],7,46,58,39,29
1,<environment.Job instance at 0x7f259a1db2d0>,19,18,[7 3],20,55,73,35,44
1,<environment.Job instance at 0x7f259a1db6e0>,22,14,[1 6],23,45,59,22,45
1,<environment.Job instance at 0x7f259a1db3c0>,23,21,[7 4],24,58,79,34,54
1,<environment.Job instance at 0x7f259a1db1e0>,25,15,[5 9],26,73,88,47,59
1,<environment.Job instance at 0x7f259a1dbd20>,26,13,[1 6],27,59,72,32,59
1,<environment.Job instance at 0x7f259a1457d0>,7,13,[9 3],8,79,92,71,63
1,<environment.Job instance at 0x7f259a2abd20>,38,18,[5 6],39,88,106,49,77
1,<environment.Job instance at 0x7f259a2abcd0>,45,16,[9 5],46,92,108,46,82
1,<environment.Job instance at 0x7f259a2d66e0>,52,19,[8 4],53,108,127,55,98
1,<environment.Job instance at 0x7f259a2d6b90>,55,12,[3 8],56,106,118,50,98
1,<environment.Job instance at 0x7f259a2d6780>,61,14,[7 5],62,118,132,56,106
1,<environment.Job instance at 0x7f259a2d6af0>,69,17,[7 5],70,127,144,57,115
1,<environment.Job instance at 0x7f259a2d7820>,72,13,[5 9],73,132,145,59,117
1,<environment.Job instance at 0x7f259ae89690>,81,19,[8 4],82,144,163,62,136
1,<environment.Job instance at 0x7f259a2ab550>,35,25,[1 6],36,145,170,109,141
1,<environment.Job instance at 0x7f259a5fd050>,88,23,[3 5],89,145,168,56,142
1,<environment.Job instance at 0x7f259b06a640>,0,17,[3 6],1,1,18,0,1
1,<environment.Job instance at 0x7f259a2fba50>,2,1,[9 3],3,5,6,2,5
1,<environment.Job instance at 0x7f259a67ec30>,6,19,[8 2],7,7,26,0,7
1,<environment.Job instance at 0x7f259b06a370>,1,17,[ 4 10],2,18,35,16,7
1,<environment.Job instance at 0x7f259a67ed20>,9,14,[7 1],10,26,40,16,12
1,<environment.Job instance at 0x7f259a67e4b0>,17,17,[2 5],18,35,52,17,23
1,<environment.Job instance at 0x7f259a67ea50>,18,18,[1 7],19,35,53,16,24
1,<environment.Job instance at 0x7f259a67e1e0>,20,14,[7 4],21,52,66,31,37
1,<environment.Job instance at 0x7f259a67e640>,10,14,[ 2 11],11,53,67,42,39
1,<environment.Job instance at 0x7f259a67ee60>,22,1,[6 3],23,40,41,17,40
1,<environment.Job instance at 0x7f259ad60820>,23,2,[ 4 11],24,67,69,43,40
1,<environment.Job instance at 0x7f259a67edc0>,21,17,[ 4 10],22,69,86,47,57
1,<environment.Job instance at 0x7f259ad60d70>,25,18,[5 3],26,66,84,40,57
1,<environment.Job instance at 0x7f259a67eb40>,11,16,[5 5],12,84,100,72,71
1,<environment.Job instance at 0x7f259ad60dc0>,27,15,[5 1],28,86,101,58,72
1,<environment.Job instance at 0x7f259ad601e0>,28,2,[10  1],29,100,102,71,73
1,<environment.Job instance at 0x7f259ad603c0>,29,13,[6 1],30,102,115,72,86
1,<environment.Job instance at 0x7f259ad605f0>,30,12,[ 4 10],31,101,113,70,86
1,<environment.Job instance at 0x7f259ad60a00>,31,17,[6 1],32,113,130,81,101
1,<environment.Job instance at 0x7f259ad604b0>,26,22,[8 4],27,115,137,88,108
1,<environment.Job instance at 0x7f259ad60fa0>,33,15,[5 8],34,130,145,96,117
1,<environment.Job instance at 0x7f259ad600a0>,35,14,[4 7],36,137,151,101,122
1,<environment.Job instance at 0x7f259afac320>,37,21,[3 7],38,145,166,107,137
1,<environment.Job instance at 0x7f259a67e3c0>,7,13,[11  3],8,151,164,143,142
1,<environment.Job instance at 0x7f259ac7c640>,2,18,[3 6],3,3,21,0,3
1,<environment.Job instance at 0x7f259b39cc80>,3,12,[5 6],4,4,16,0,4
1,<environment.Job instance at 0x7f259b39c550>,5,19,[9 2],6,16,35,10,6
1,<environment.Job instance at 0x7f259b39c4b0>,9,20,[1 6],10,16,36,6,10
1,<environment.Job instance at 0x7f259b39c6e0>,12,16,[7 1],13,35,51,22,22
1,<environment.Job instance at 0x7f259b080c80>,18,15,[5 4],19,22,37,3,22
1,<environment.Job instance at 0x7f259b080af0>,19,17,[7 5],20,37,54,17,25
1,<environment.Job instance at 0x7f259b0807d0>,21,15,[4 9],22,51,66,29,37
1,<environment.Job instance at 0x7f259b39c780>,13,13,[6 5],14,54,67,40,38
1,<environment.Job instance at 0x7f259b080e10>,22,13,[1 8],23,38,51,15,38
1,<environment.Job instance at 0x7f259b080b40>,25,15,[8 2],26,66,81,40,52
1,<environment.Job instance at 0x7f259b080a50>,26,15,[8 5],27,81,96,54,67
1,<environment.Job instance at 0x7f259b080910>,28,12,[4 8],29,67,79,38,67
1,<environment.Job instance at 0x7f259b080690>,29,17,[7 1],30,79,96,49,67
1,<environment.Job instance at 0x7f259b0808c0>,30,16,[10  3],31,96,112,65,83
1,<environment.Job instance at 0x7f259a496910>,33,12,[9 4],34,112,124,78,95
1,<environment.Job instance at 0x7f259a496820>,36,15,[5 2],37,96,111,59,95
1,<environment.Job instance at 0x7f259a4966e0>,39,15,[5 7],40,111,126,71,97
1,<environment.Job instance at 0x7f259b628c80>,43,14,[4 9],44,126,140,82,111
1,<environment.Job instance at 0x7f259b6286e0>,47,3,[7 3],48,124,127,76,113
1,<environment.Job instance at 0x7f259b6281e0>,48,14,[10  3],49,127,141,78,113
1,<environment.Job instance at 0x7f259b6283c0>,49,18,[8 2],50,141,159,91,130
1,<environment.Job instance at 0x7f259b628960>,51,17,[5 4],52,140,157,88,130
1,<environment.Job instance at 0x7f259b628410>,54,14,[3 7],55,157,171,102,142
1,<environment.Job instance at 0x7f259b628b40>,56,18,[10  1],57,159,177,102,148
1,<environment.Job instance at 0x7f259baa8140>,0,13,[2 8],1,1,14,0,1
1,<environment.Job instance at 0x7f259b628b40>,2,3,[5 5],3,3,6,0,3
1,<environment.Job instance at 0x7f259baa8320>,3,15,[5 1],4,4,19,0,4
1,<environment.Job instance at 0x7f259baa8be0>,4,23,[7 1],5,6,29,1,5
1,<environment.Job instance at 0x7f259baa8820>,6,17,[4 6],7,19,36,12,7
1,<environment.Job instance at 0x7f259b900500>,11,2,[ 2 12],12,14,16,2,12
1,<environment.Job instance at 0x7f259b900cd0>,10,2,[5 1],11,29,31,18,16
1,<environment.Job instance at 0x7f259b9003c0>,14,14,[5 4],15,29,43,14,16
1,<environment.Job instance at 0x7f259b66f6e0>,15,15,[7 5],16,36,51,20,22
1,<environment.Job instance at 0x7f259b66f690>,17,15,[5 5],18,43,58,25,29
1,<environment.Job instance at 0x7f259b66fcd0>,18,17,[9 4],19,51,68,32,39
1,<environment.Job instance at 0x7f259b66f820>,19,12,[3 7],20,58,70,38,41
1,<environment.Job instance at 0x7f259b66ff00>,21,18,[2 9],22,70,88,48,59
1,<environment.Job instance at 0x7f259b66f0f0>,23,16,[2 8],24,88,104,64,75
1,<environment.Job instance at 0x7f259b66f410>,24,12,[3 6],25,75,87,50,75
1,<environment.Job instance at 0x7f259b66ff50>,25,14,[7 2],26,87,101,61,75
1,<environment.Job instance at 0x7f259b66fc30>,27,13,[10  2],28,101,114,73,85
1,<environment.Job instance at 0x7f259b900690>,12,13,[ 3 11],13,104,117,91,88
1,<environment.Job instance at 0x7f25a3f9fa00>,30,20,[7 2],31,114,134,83,105
1,<environment.Job instance at 0x7f25a3f9f730>,32,12,[6 3],33,117,129,84,105
1,<environment.Job instance at 0x7f25a3f9fe10>,33,16,[5 3],34,129,145,95,116
1,<environment.Job instance at 0x7f25a3f9f640>,35,18,[2 8],36,117,135,81,116
1,<environment.Job instance at 0x7f25a3f9f140>,36,13,[10  2],37,135,148,98,119
1,<environment.Job instance at 0x7f25a3f9fc30>,37,13,[10  1],38,148,161,110,132
1,<environment.Job instance at 0x7f259b900a50>,13,17,[ 1 10],14,145,162,131,134
1,<environment.Job instance at 0x7f25a3f9ffa0>,43,2,[6 2],44,161,163,117,134
1,<environment.Job instance at 0x7f25a3f9ff50>,44,14,[7 4],45,162,176,117,147
1,<environment.Job instance at 0x7f25a3f9f7d0>,45,2,[ 1 12],46,176,178,130,149
1,<environment.Job instance at 0x7f259b0fc910>,0,1,[7 5],1,1,2,0,1
1,<environment.Job instance at 0x7f25a3f9f780>,1,2,[3 9],2,3,5,1,3
1,<environment.Job instance at 0x7f25a3f9f7d0>,2,3,[7 4],3,3,6,0,3
1,<environment.Job instance at 0x7f259b0fce60>,4,20,[5 5],5,5,25,0,5
1,<environment.Job instance at 0x7f259b0fc500>,6,16,[ 2 10],7,7,23,0,7
1,<environment.Job instance at 0x7f259a432d20>,10,13,[10  3],11,23,36,12,12
1,<environment.Job instance at 0x7f259a432c30>,12,24,[13  3],13,36,60,23,31
1,<environment.Job instance at 0x7f259a4325f0>,13,16,[ 5 12],14,60,76,46,47
1,<environment.Job instance at 0x7f259a432e60>,14,2,[13  5],15,76,78,61,49
1,<environment.Job instance at 0x7f259b0fc7d0>,9,16,[ 5 10],10,78,94,68,67
1,<environment.Job instance at 0x7f259a4322d0>,18,12,[6 1],19,78,90,59,72
1,<environment.Job instance at 0x7f259a432dc0>,19,12,[1 8],20,94,106,74,77
1,<environment.Job instance at 0x7f259a432cd0>,20,14,[6 4],21,90,104,69,77
1,<environment.Job instance at 0x7f259a4320f0>,21,14,[3 7],22,104,118,82,89
1,<environment.Job instance at 0x7f259a432140>,23,15,[2 8],24,106,121,82,92
1,<environment.Job instance at 0x7f259a44d460>,25,12,[7 5],26,118,130,92,101
1,<environment.Job instance at 0x7f259a44da00>,28,14,[5 5],29,121,135,92,106
1,<environment.Job instance at 0x7f259a44d280>,30,12,[5 9],31,130,142,99,113
1,<environment.Job instance at 0x7f259a44d3c0>,31,12,[ 4 10],32,142,154,110,128
1,<environment.Job instance at 0x7f259a44d690>,34,18,[3 7],35,154,172,119,143
1,<environment.Job instance at 0x7f259a44cfa0>,37,13,[8 4],38,143,156,105,143
1,<environment.Job instance at 0x7f259a44cc30>,2,20,[8 4],3,3,23,0,3
1,<environment.Job instance at 0x7f259ad39780>,0,28,[6 5],1,3,31,2,3
1,<environment.Job instance at 0x7f259a44c050>,3,3,[2 7],4,23,26,19,4
1,<environment.Job instance at 0x7f259ad391e0>,8,2,[1 6],9,13,15,4,13
1,<environment.Job instance at 0x7f259ad39eb0>,13,21,[5 4],14,26,47,12,18
1,<environment.Job instance at 0x7f259ad397d0>,4,17,[7 3],5,31,48,26,21
1,<environment.Job instance at 0x7f259ad390f0>,10,15,[13  3],11,48,63,37,36
1,<environment.Job instance at 0x7f259ad4d410>,17,18,[ 4 10],18,63,81,45,52
1,<environment.Job instance at 0x7f259ad4ddc0>,23,15,[6 5],24,63,78,39,52
1,<environment.Job instance at 0x7f259b5a4cd0>,28,17,[3 5],29,78,95,49,66
1,<environment.Job instance at 0x7f259ad4d780>,18,15,[3 5],19,81,96,62,67
1,<environment.Job instance at 0x7f259b334280>,30,3,[9 1],31,81,84,50,67
1,<environment.Job instance at 0x7f259b5a4500>,29,18,[ 3 10],30,95,113,65,84
1,<environment.Job instance at 0x7f259b334f00>,39,21,[4 5],40,96,117,56,92
1,<environment.Job instance at 0x7f259a25b0f0>,42,23,[1 5],43,113,136,70,107
1,<environment.Job instance at 0x7f259b4f06e0>,44,16,[1 8],45,117,133,72,108
1,<environment.Job instance at 0x7f259ad39140>,9,22,[ 3 13],10,136,158,126,129
1,<environment.Job instance at 0x7f259b4f0e60>,49,19,[2 5],50,158,177,108,148
1,<environment.Job instance at 0x7f259a1bb870>,1,13,[1 7],2,2,15,0,2
1,<environment.Job instance at 0x7f259a19c960>,2,12,[2 5],3,3,15,0,3
1,<environment.Job instance at 0x7f259a19c3c0>,3,17,[5 2],4,4,21,0,4
1,<environment.Job instance at 0x7f259a19c9b0>,5,12,[3 5],6,15,27,9,6
1,<environment.Job instance at 0x7f259a19c5f0>,7,18,[5 5],8,15,33,7,8
1,<environment.Job instance at 0x7f259a1a9140>,14,3,[10  5],15,27,30,12,15
1,<environment.Job instance at 0x7f259a1a9780>,16,1,[2 9],17,30,31,13,17
1,<environment.Job instance at 0x7f259b2a9f00>,21,18,[3 8],22,31,49,9,22
1,<environment.Job instance at 0x7f259b2a92d0>,22,13,[11  2],23,33,46,10,23
1,<environment.Job instance at 0x7f259b2a9870>,23,15,[10  3],24,46,61,22,32
1,<environment.Job instance at 0x7f259b2a90a0>,24,20,[5 6],25,49,69,24,49
1,<environment.Job instance at 0x7f259a65b870>,25,18,[9 5],26,61,79,35,50
1,<environment.Job instance at 0x7f259a65bb40>,28,13,[2 5],29,69,82,40,53
1,<environment.Job instance at 0x7f259a65b910>,29,16,[ 4 10],30,79,95,49,66
1,<environment.Job instance at 0x7f259a68d370>,31,12,[1 7],32,95,107,63,78
1,<environment.Job instance at 0x7f259a68d9b0>,32,16,[8 1],33,82,98,49,78
1,<environment.Job instance at 0x7f259a68d140>,33,14,[9 3],34,98,112,64,83
1,<environment.Job instance at 0x7f25a3fd7d20>,35,12,[8 3],36,112,124,76,95
1,<environment.Job instance at 0x7f25a3fd7910>,36,20,[2 8],37,107,127,70,98
1,<environment.Job instance at 0x7f259a687730>,38,15,[5 2],39,112,127,73,98
1,<environment.Job instance at 0x7f259a687c80>,39,14,[1 5],40,124,138,84,109
1,<environment.Job instance at 0x7f259a6874b0>,41,12,[6 5],42,127,139,85,110
1,<environment.Job instance at 0x7f259a6875f0>,43,16,[ 5 10],44,138,154,94,125
1,<environment.Job instance at 0x7f259a687a50>,44,13,[2 9],45,154,167,109,138
1,<environment.Job instance at 0x7f259ac2caf0>,0,1,[3 8],1,2,3,1,2
1,<environment.Job instance at 0x7f259ac2ca50>,1,2,[ 3 11],2,3,5,1,2
1,<environment.Job instance at 0x7f259ac2cbe0>,3,23,[8 4],4,4,27,0,4
1,<environment.Job instance at 0x7f259b371280>,4,20,[3 9],5,5,25,0,5
1,<environment.Job instance at 0x7f259ac2cc80>,2,3,[ 4 14],3,27,30,24,6
1,<environment.Job instance at 0x7f259b3719b0>,9,2,[1 8],10,25,27,15,10
1,<environment.Job instance at 0x7f259b371d20>,8,3,[10  1],9,27,30,18,11
1,<environment.Job instance at 0x7f259b371eb0>,7,14,[5 6],8,30,44,22,15
1,<environment.Job instance at 0x7f259b371050>,5,18,[10  2],6,30,48,24,20
1,<environment.Job instance at 0x7f259b371140>,16,1,[ 3 10],17,44,45,27,21
1,<environment.Job instance at 0x7f259b371320>,17,12,[13  2],18,48,60,30,31
1,<environment.Job instance at 0x7f259b371870>,15,18,[3 8],16,60,78,44,50
1,<environment.Job instance at 0x7f259b371cd0>,6,27,[6 1],7,60,87,53,58
1,<environment.Job instance at 0x7f259b9dd550>,21,14,[12  2],22,87,101,65,72
1,<environment.Job instance at 0x7f259b9dd0a0>,22,16,[ 2 10],23,78,94,55,72
1,<environment.Job instance at 0x7f259b371b90>,20,18,[3 9],21,94,112,73,85
1,<environment.Job instance at 0x7f259b9dd1e0>,27,15,[3 5],28,101,116,73,87
1,<environment.Job instance at 0x7f259b9ddb40>,33,15,[7 2],34,112,127,78,98
1,<environment.Job instance at 0x7f259b9dda50>,34,17,[7 4],35,116,133,81,104
1,<environment.Job instance at 0x7f259a77ae10>,47,14,[3 5],48,127,141,79,113
1,<environment.Job instance at 0x7f259a77ad20>,48,17,[10  2],49,133,150,84,121
1,<environment.Job instance at 0x7f259a77adc0>,50,20,[3 5],51,141,161,90,132
1,<environment.Job instance at 0x7f259b1295a0>,56,13,[8 5],57,150,163,93,134
1,<environment.Job instance at 0x7f259b129eb0>,58,13,[6 4],59,161,174,102,145
1,<environment.Job instance at 0x7f259a337c30>,0,26,[5 2],1,1,27,0,1
1,<environment.Job instance at 0x7f259a337d70>,1,22,[5 1],2,2,24,0,2
1,<environment.Job instance at 0x7f259b129eb0>,3,13,[5 8],4,4,17,0,4
1,<environment.Job instance at 0x7f259a2c6a50>,4,1,[ 1 13],5,24,25,19,7
1,<environment.Job instance at 0x7f259aadd870>,2,14,[11  2],3,27,41,24,13
1,<environment.Job instance at 0x7f259a2c6aa0>,9,2,[9 3],10,25,27,15,13
1,<environment.Job instance at 0x7f259a2c6c30>,8,20,[2 7],9,27,47,18,19
1,<environment.Job instance at 0x7f259a2c6d20>,12,2,[14  2],13,47,49,34,20
1,<environment.Job instance at 0x7f259a2c6c80>,11,17,[10  4],12,49,66,37,37
1,<environment.Job instance at 0x7f259a2bd2d0>,17,15,[3 5],18,49,64,31,37
1,<environment.Job instance at 0x7f259a2bd4b0>,22,14,[7 5],23,66,80,43,51
1,<environment.Job instance at 0x7f259a2bd820>,24,14,[6 3],25,66,80,41,51
1,<environment.Job instance at 0x7f259a2bd8c0>,25,16,[8 2],26,80,96,54,67
1,<environment.Job instance at 0x7f259a2c6dc0>,10,21,[5 6],11,80,101,69,72
1,<environment.Job instance at 0x7f259a2bdaa0>,28,13,[4 5],29,96,109,67,80
1,<environment.Job instance at 0x7f259a2c6f50>,13,17,[8 3],14,101,118,87,89
1,<environment.Job instance at 0x7f259a2bdbe0>,30,25,[5 5],31,109,134,78,105
1,<environment.Job instance at 0x7f259a2bdc80>,31,15,[3 5],32,118,133,86,105
1,<environment.Job instance at 0x7f259a2bdd20>,32,3,[4 8],33,133,136,100,107
1,<environment.Job instance at 0x7f259a2bddc0>,33,23,[8 1],34,134,157,100,128
1,<environment.Job instance at 0x7f259a2bde60>,34,26,[4 9],35,136,162,101,133
1,<environment.Job instance at 0x7f259a2bdf00>,35,17,[5 5],36,157,174,121,145
1,<environment.Job instance at 0x7f279c449320>,1,22,[11  3],2,2,24,0,2
1,<environment.Job instance at 0x7f2792cd1460>,2,22,[4 8],3,3,25,0,3
1,<environment.Job instance at 0x7f2792cd16e0>,4,14,[1 6],5,24,38,19,9
1,<environment.Job instance at 0x7f2792cd1b90>,12,13,[10  2],13,25,38,12,13
1,<environment.Job instance at 0x7f2792cd1d70>,14,13,[7 3],15,38,51,23,22
1,<environment.Job instance at 0x7f2792cd1820>,6,20,[6 1],7,38,58,31,29
1,<environment.Job instance at 0x7f2792cd1cd0>,15,18,[2 8],16,38,56,22,29
1,<environment.Job instance at 0x7f2792cd1e10>,16,16,[3 5],17,51,67,34,39
1,<environment.Job instance at 0x7f2792cd3550>,25,27,[8 1],26,58,85,32,58
1,<environment.Job instance at 0x7f2792cd3640>,28,25,[5 7],29,67,92,38,63
1,<environment.Job instance at 0x7f2792cd34b0>,27,18,[1 8],28,85,103,57,77
1,<environment.Job instance at 0x7f2792cd3820>,32,20,[5 5],33,92,112,59,83
1,<environment.Job instance at 0x7f2792cd3aa0>,34,16,[2 8],35,103,119,68,95
1,<environment.Job instance at 0x7f2792cd1550>,7,25,[6 2],8,96,121,88,96
1,<environment.Job instance at 0x7f2792cd3be0>,36,15,[9 5],37,119,134,82,105
1,<environment.Job instance at 0x7f2792cd3f50>,41,15,[10  3],42,134,149,92,120
1,<environment.Job instance at 0x7f2792cd7280>,44,18,[5 5],45,121,139,76,120
1,<environment.Job instance at 0x7f2792cd7410>,46,13,[6 5],47,149,162,102,133
1,<environment.Job instance at 0x7f2792cd7550>,48,20,[6 5],49,149,169,100,140
1,<environment.Job instance at 0x7f2792cd7780>,52,20,[5 3],53,162,182,109,153
1,<environment.Job instance at 0x7f2792cd78c0>,54,17,[5 7],55,169,186,114,157
1,<environment.Job instance at 0x7f2792cd3780>,1,18,[1 9],2,2,20,0,2
1,<environment.Job instance at 0x7f2792cd7a50>,2,22,[5 3],3,3,25,0,3
1,<environment.Job instance at 0x7f27932113c0>,3,13,[7 5],4,20,33,16,4
1,<environment.Job instance at 0x7f2792e1e370>,5,3,[10  1],6,33,36,27,8
1,<environment.Job instance at 0x7f2792e1e280>,8,1,[13  2],9,36,37,27,9
1,<environment.Job instance at 0x7f2792e1e4b0>,11,22,[2 9],12,25,47,13,19
1,<environment.Job instance at 0x7f2792e1e460>,13,18,[6 5],14,37,55,23,26
1,<environment.Job instance at 0x7f2792e1e0a0>,14,19,[6 1],15,37,56,22,27
1,<environment.Job instance at 0x7f2792e1e230>,15,16,[ 2 10],16,55,71,39,42
1,<environment.Job instance at 0x7f2792e1e190>,9,14,[11  3],10,56,70,46,45
1,<environment.Job instance at 0x7f2792386140>,19,14,[2 6],20,71,85,51,56
1,<environment.Job instance at 0x7f27923eda00>,21,13,[4 9],22,71,84,49,56
1,<environment.Job instance at 0x7f2792395280>,23,2,[13  3],24,84,86,60,66
1,<environment.Job instance at 0x7f2792e1ec80>,25,2,[5 2],26,86,88,60,66
1,<environment.Job instance at 0x7f2792823f50>,26,1,[5 9],27,86,87,59,66
1,<environment.Job instance at 0x7f27926e8af0>,22,14,[2 9],23,87,101,64,72
1,<environment.Job instance at 0x7f2792772c30>,29,12,[9 3],30,88,100,58,72
1,<environment.Job instance at 0x7f2792772cd0>,30,18,[10  3],31,100,118,69,89
1,<environment.Job instance at 0x7f279273a3c0>,33,12,[1 7],34,101,113,67,89
1,<environment.Job instance at 0x7f2792422dc0>,35,3,[5 5],36,113,116,77,89
1,<environment.Job instance at 0x7f279277d230>,37,20,[5 3],38,116,136,78,107
1,<environment.Job instance at 0x7f279277d190>,38,3,[10  1],39,118,121,79,107
1,<environment.Job instance at 0x7f279277dbe0>,39,21,[6 1],40,121,142,81,113
1,<environment.Job instance at 0x7f279277d5f0>,40,2,[7 5],41,136,138,95,113
1,<environment.Job instance at 0x7f279277db40>,41,14,[2 7],42,121,135,79,113
1,<environment.Job instance at 0x7f27927c7910>,43,3,[7 5],44,138,141,94,113
1,<environment.Job instance at 0x7f27927c7230>,46,22,[6 1],47,141,163,94,134
1,<environment.Job instance at 0x7f27927c7aa0>,47,15,[3 7],48,141,156,93,134
1,<environment.Job instance at 0x7f279278daf0>,49,22,[2 7],50,142,164,92,135
1,<environment.Job instance at 0x7f2792734c30>,54,13,[9 4],55,163,176,108,147
1,<environment.Job instance at 0x7f2792783f50>,56,17,[3 8],57,164,181,107,152
1,<environment.Job instance at 0x7f27923c4230>,0,2,[ 3 10],1,1,3,0,1
1,<environment.Job instance at 0x7f2792783320>,1,17,[5 5],2,2,19,0,2
1,<environment.Job instance at 0x7f279237bd70>,2,15,[5 5],3,3,18,0,3
1,<environment.Job instance at 0x7f2792783f50>,4,13,[4 8],5,18,31,13,5
1,<environment.Job instance at 0x7f279237bf00>,5,2,[6 1],6,18,20,12,6
1,<environment.Job instance at 0x7f279237bc30>,7,17,[ 1 10],8,31,48,23,19
1,<environment.Job instance at 0x7f279237b230>,10,24,[9 1],11,22,46,11,22
1,<environment.Job instance at 0x7f279237b410>,21,13,[1 6],22,48,61,26,32
1,<environment.Job instance at 0x7f279237b140>,22,3,[3 5],23,46,49,23,32
1,<environment.Job instance at 0x7f279237b9b0>,23,14,[1 5],24,49,63,25,34
1,<environment.Job instance at 0x7f2792376e10>,24,12,[ 4 12],25,63,75,38,46
1,<environment.Job instance at 0x7f2792376730>,25,26,[10  2],26,48,74,22,46
1,<environment.Job instance at 0x7f279237bbe0>,20,17,[10  3],21,74,91,53,62
1,<environment.Job instance at 0x7f2792376f00>,28,19,[7 1],29,91,110,62,83
1,<environment.Job instance at 0x7f2792376d70>,29,19,[5 4],30,83,102,53,83
1,<environment.Job instance at 0x7f2792376af0>,30,14,[ 3 10],31,91,105,60,84
1,<environment.Job instance at 0x7f2792376dc0>,26,22,[ 4 13],27,105,127,78,98
1,<environment.Job instance at 0x7f2792376cd0>,35,2,[9 5],36,127,129,91,100
1,<environment.Job instance at 0x7f279237b050>,18,13,[4 6],19,127,140,108,111
1,<environment.Job instance at 0x7f2792376780>,37,16,[3 9],38,129,145,91,116
1,<environment.Job instance at 0x7f27923764b0>,40,17,[7 5],41,140,157,99,128
1,<environment.Job instance at 0x7f2792376550>,41,12,[3 8],42,145,157,103,128
1,<environment.Job instance at 0x7f2792376a50>,38,22,[5 2],39,145,167,106,138
1,<environment.Job instance at 0x7f2792376320>,43,15,[4 6],44,157,172,113,153
1,<environment.Job instance at 0x7f27923763c0>,42,21,[4 8],43,167,188,124,159
1,<environment.Job instance at 0x7f279316e320>,46,15,[5 3],47,172,187,125,159
1,<environment.Job instance at 0x7f279299f280>,0,2,[13  5],1,2,4,1,2
1,<environment.Job instance at 0x7f27926d7140>,1,2,[1 8],2,2,4,0,2
1,<environment.Job instance at 0x7f27928084b0>,5,13,[6 4],6,6,19,0,6
1,<environment.Job instance at 0x7f279244f280>,6,14,[10  3],7,19,33,12,7
1,<environment.Job instance at 0x7f279281d5f0>,8,19,[1 5],9,10,29,1,10
1,<environment.Job instance at 0x7f27923c55a0>,10,18,[10  4],11,33,51,22,22
1,<environment.Job instance at 0x7f2792693c80>,14,3,[2 7],15,22,25,7,22
1,<environment.Job instance at 0x7f2792693960>,17,15,[9 5],18,51,66,33,37
1,<environment.Job instance at 0x7f2792693aa0>,22,3,[8 5],23,66,69,43,40
1,<environment.Job instance at 0x7f279282c410>,25,3,[9 2],26,69,72,43,43
1,<environment.Job instance at 0x7f27928cb050>,26,14,[5 9],27,43,57,16,43
1,<environment.Job instance at 0x7f27929546e0>,28,12,[2 5],29,57,69,28,43
1,<environment.Job instance at 0x7f2792954f00>,29,16,[6 5],30,69,85,39,56
1,<environment.Job instance at 0x7f27929c2a50>,11,13,[6 5],12,72,85,60,57
1,<environment.Job instance at 0x7f27927110f0>,34,3,[13  1],35,85,88,50,59
1,<environment.Job instance at 0x7f279241d230>,35,3,[2 6],36,85,88,49,59
1,<environment.Job instance at 0x7f2792c818c0>,33,22,[10  2],34,88,110,54,81
1,<environment.Job instance at 0x7f2792462fa0>,37,18,[5 9],38,88,106,50,81
1,<environment.Job instance at 0x7f279280fc80>,39,18,[8 4],40,110,128,70,99
1,<environment.Job instance at 0x7f279280fc30>,41,22,[5 3],42,106,128,64,99
1,<environment.Job instance at 0x7f27926e8870>,42,18,[3 9],43,128,146,85,117
1,<environment.Job instance at 0x7f27924eb550>,43,13,[10  4],44,128,141,84,117
1,<environment.Job instance at 0x7f279294ddc0>,44,16,[5 5],45,141,157,96,128
1,<environment.Job instance at 0x7f279294d5f0>,45,22,[1 7],46,146,168,100,139
1,<environment.Job instance at 0x7f279294daa0>,46,20,[5 7],47,157,177,110,148
1,<environment.Job instance at 0x7f279294de60>,49,18,[3 6],50,168,186,118,157
1,<environment.Job instance at 0x7f279310d0a0>,0,15,[4 5],1,1,16,0,1
1,<environment.Job instance at 0x7f279310daf0>,1,27,[5 1],2,2,29,0,2
1,<environment.Job instance at 0x7f2792716dc0>,5,16,[4 5],6,6,22,0,6
1,<environment.Job instance at 0x7f27937e7d70>,8,16,[ 5 10],9,22,38,13,10
1,<environment.Job instance at 0x7f27937e7be0>,10,16,[9 2],11,29,45,18,16
1,<environment.Job instance at 0x7f2792abcc30>,13,12,[4 6],14,38,50,24,21
1,<environment.Job instance at 0x7f2792abcdc0>,14,21,[6 4],15,45,66,30,37
1,<environment.Job instance at 0x7f2793805960>,22,15,[4 9],23,50,65,27,37
1,<environment.Job instance at 0x7f27938056e0>,28,12,[6 2],29,65,77,36,48
1,<environment.Job instance at 0x7f27938053c0>,30,16,[3 7],31,65,81,34,52
1,<environment.Job instance at 0x7f27937f15a0>,31,16,[1 9],32,81,97,49,68
1,<environment.Job instance at 0x7f27937f1960>,32,16,[3 5],33,68,84,35,68
1,<environment.Job instance at 0x7f27937f1280>,35,16,[7 5],36,84,100,48,71
1,<environment.Job instance at 0x7f279380c370>,36,21,[7 3],37,97,118,60,89
1,<environment.Job instance at 0x7f27927265f0>,37,18,[1 7],38,97,115,59,89
1,<environment.Job instance at 0x7f27937ff730>,9,18,[7 3],10,100,118,90,92
1,<environment.Job instance at 0x7f279312fcd0>,38,13,[3 8],39,118,131,79,102
1,<environment.Job instance at 0x7f279312f0a0>,41,14,[3 6],42,118,132,76,103
1,<environment.Job instance at 0x7f2792290f50>,45,16,[5 8],46,131,147,85,118
1,<environment.Job instance at 0x7f27930e5b90>,47,17,[1 7],48,132,149,84,120
1,<environment.Job instance at 0x7f2792290500>,50,14,[6 1],51,147,161,96,132
1,<environment.Job instance at 0x7f2792310460>,51,20,[6 3],52,147,167,95,138
1,<environment.Job instance at 0x7f2792a0efa0>,52,17,[10  4],53,167,184,114,155
1,<environment.Job instance at 0x7f27922fa2d0>,53,14,[3 9],54,155,169,101,155
1,<environment.Job instance at 0x7f2792a18af0>,1,3,[2 7],2,2,5,0,2
1,<environment.Job instance at 0x7f2792a18910>,3,3,[3 8],4,4,7,0,4
1,<environment.Job instance at 0x7f2792a18be0>,4,17,[10  5],5,5,22,0,5
1,<environment.Job instance at 0x7f2792a185a0>,5,17,[3 6],6,7,24,1,6
1,<environment.Job instance at 0x7f2792a18aa0>,8,16,[1 5],9,22,38,13,9
1,<environment.Job instance at 0x7f27922909b0>,11,13,[9 3],12,22,35,10,12
1,<environment.Job instance at 0x7f27922901e0>,16,3,[ 5 13],17,38,41,21,17
1,<environment.Job instance at 0x7f2792a18f00>,14,13,[6 5],15,41,54,26,25
1,<environment.Job instance at 0x7f2792290820>,21,16,[2 8],22,41,57,19,33
1,<environment.Job instance at 0x7f2792290550>,23,17,[8 1],24,54,71,30,48
1,<environment.Job instance at 0x7f27922904b0>,17,20,[ 2 13],18,57,77,39,48
1,<environment.Job instance at 0x7f2792290c30>,26,20,[5 9],27,77,97,50,68
1,<environment.Job instance at 0x7f2792290b90>,25,21,[9 4],26,77,98,51,74
1,<environment.Job instance at 0x7f2792a25690>,28,14,[5 4],29,97,111,68,82
1,<environment.Job instance at 0x7f2792290a50>,15,13,[14  1],16,111,124,95,95
1,<environment.Job instance at 0x7f27922908c0>,27,21,[12  5],28,124,145,96,116
1,<environment.Job instance at 0x7f2792a25a50>,33,12,[ 4 11],34,145,157,111,128
1,<environment.Job instance at 0x7f2792a25910>,34,25,[13  4],35,157,182,122,153
1,<environment.Job instance at 0x7f2792ae0370>,0,24,[4 5],1,1,25,0,1
1,<environment.Job instance at 0x7f2792a25a00>,1,14,[5 5],2,2,16,0,2
1,<environment.Job instance at 0x7f279226fa50>,4,16,[6 1],5,5,21,0,5
1,<environment.Job instance at 0x7f279226fe10>,7,18,[1 5],8,16,34,8,8
1,<environment.Job instance at 0x7f2792ae0be0>,2,12,[13  3],3,25,37,22,8
1,<environment.Job instance at 0x7f279226f780>,9,12,[6 3],10,37,49,27,20
1,<environment.Job instance at 0x7f279226f2d0>,12,12,[1 8],13,34,46,21,20
1,<environment.Job instance at 0x7f279226fc30>,14,13,[9 5],15,46,59,31,30
1,<environment.Job instance at 0x7f279226f5a0>,11,15,[4 8],12,49,64,37,35
1,<environment.Job instance at 0x7f279226fb90>,16,14,[ 4 12],17,64,78,47,49
1,<environment.Job instance at 0x7f279226f320>,17,13,[7 5],18,78,91,60,62
1,<environment.Job instance at 0x7f279226f8c0>,15,18,[6 2],16,72,90,56,72
1,<environment.Job instance at 0x7f279226f0f0>,20,15,[7 3],21,90,105,69,76
1,<environment.Job instance at 0x7f27922c2190>,27,15,[8 5],28,91,106,63,77
1,<environment.Job instance at 0x7f279226f640>,18,25,[ 1 14],19,106,131,87,102
1,<environment.Job instance at 0x7f279226fcd0>,5,14,[11  2],6,131,145,125,116
1,<environment.Job instance at 0x7f27922c2230>,30,13,[3 6],31,131,144,100,116
1,<environment.Job instance at 0x7f27922c2aa0>,31,2,[7 5],32,145,147,113,118
1,<environment.Job instance at 0x7f27922c23c0>,32,1,[14  3],33,147,148,114,119
1,<environment.Job instance at 0x7f2792316870>,33,3,[2 8],34,144,147,110,119
1,<environment.Job instance at 0x7f2792316b40>,34,3,[ 3 10],35,148,151,113,122
1,<environment.Job instance at 0x7f27922c2fa0>,28,22,[6 4],29,148,170,119,141
1,<environment.Job instance at 0x7f27923169b0>,35,22,[2 6],36,151,173,115,147
1,<environment.Job instance at 0x7f2792316640>,36,3,[5 3],37,154,157,117,154
1,<environment.Job instance at 0x7f27923166e0>,37,17,[7 4],38,157,174,119,154
1,<environment.Job instance at 0x7f2792316460>,39,2,[6 2],40,170,172,130,154
1,<environment.Job instance at 0x7f2792316d70>,3,20,[10  3],4,4,24,0,4
1,<environment.Job instance at 0x7f2793893370>,4,12,[3 5],5,5,17,0,5
1,<environment.Job instance at 0x7f2792316c80>,10,18,[11  2],11,24,42,13,13
1,<environment.Job instance at 0x7f2793893910>,12,14,[5 9],13,42,56,29,30
1,<environment.Job instance at 0x7f2793340c30>,25,17,[5 5],26,42,59,16,30
1,<environment.Job instance at 0x7f279387e640>,27,14,[8 5],28,56,70,28,41
1,<environment.Job instance at 0x7f2792aa84b0>,29,15,[7 3],30,59,74,29,45
1,<environment.Job instance at 0x7f2793888b90>,38,18,[5 4],39,70,88,31,59
1,<environment.Job instance at 0x7f2792c01fa0>,39,14,[8 4],40,74,88,34,59
1,<environment.Job instance at 0x7f279389b8c0>,26,14,[9 5],27,88,102,61,73
1,<environment.Job instance at 0x7f2792c01690>,44,16,[ 5 12],45,102,118,57,89
1,<environment.Job instance at 0x7f2792c01d70>,43,18,[9 3],44,102,120,58,91
1,<environment.Job instance at 0x7f2792554730>,56,17,[7 5],57,120,137,63,108
1,<environment.Job instance at 0x7f279256c3c0>,67,16,[5 6],68,118,134,50,108
1,<environment.Job instance at 0x7f27925325a0>,45,21,[5 6],46,134,155,88,126
1,<environment.Job instance at 0x7f279256c460>,69,18,[4 9],70,137,155,67,126
1,<environment.Job instance at 0x7f279256c2d0>,72,19,[2 5],73,155,174,82,145
1,<environment.Job instance at 0x7f279256cc30>,74,14,[5 4],75,155,169,80,145
1,<environment.Job instance at 0x7f27934b8690>,86,14,[3 9],87,169,183,82,154
1,<environment.Job instance at 0x7f27936de320>,0,20,[5 5],1,1,21,0,1
1,<environment.Job instance at 0x7f27934b8cd0>,1,1,[2 7],2,3,4,1,3
1,<environment.Job instance at 0x7f27934b8aa0>,2,3,[ 5 10],3,4,7,1,3
1,<environment.Job instance at 0x7f27936de3c0>,3,12,[5 6],4,7,19,3,4
1,<environment.Job instance at 0x7f27936deb90>,5,12,[6 1],6,19,31,13,6
1,<environment.Job instance at 0x7f27936dea50>,6,2,[1 9],7,19,21,12,7
1,<environment.Job instance at 0x7f27936de050>,7,15,[6 2],8,21,36,13,8
1,<environment.Job instance at 0x7f27936def50>,12,1,[ 3 12],13,21,22,8,14
1,<environment.Job instance at 0x7f27936de230>,14,14,[ 5 12],15,31,45,16,16
1,<environment.Job instance at 0x7f27936de910>,11,16,[8 5],12,45,61,33,32
1,<environment.Job instance at 0x7f2793700a50>,18,18,[5 2],19,36,54,17,35
1,<environment.Job instance at 0x7f27936de500>,15,20,[ 3 14],16,61,81,45,52
1,<environment.Job instance at 0x7f2793700aa0>,22,22,[5 2],23,81,103,58,74
1,<environment.Job instance at 0x7f2793700190>,24,20,[6 2],25,81,101,56,74
1,<environment.Job instance at 0x7f2793700dc0>,26,15,[3 6],27,81,96,54,74
1,<environment.Job instance at 0x7f27937004b0>,29,14,[6 1],30,101,115,71,86
1,<environment.Job instance at 0x7f2793700230>,32,18,[10  4],33,115,133,82,104
1,<environment.Job instance at 0x7f2793700910>,34,15,[7 2],35,133,148,98,119
1,<environment.Job instance at 0x7f2792d374b0>,36,20,[7 4],37,133,153,96,124
1,<environment.Job instance at 0x7f2793700320>,37,22,[1 5],38,124,146,86,124
1,<environment.Job instance at 0x7f27923e7960>,46,15,[6 5],47,148,163,101,134
1,<environment.Job instance at 0x7f2792a852d0>,49,15,[ 2 10],50,153,168,103,139
1,<environment.Job instance at 0x7f2792a85f50>,51,17,[10  3],52,163,180,111,151
1,<environment.Job instance at 0x7f2792546410>,63,15,[4 7],64,168,183,104,155
1,<environment.Job instance at 0x7f2793342aa0>,0,19,[ 3 10],1,1,20,0,1
1,<environment.Job instance at 0x7f2793342960>,1,12,[5 8],2,20,32,18,3
1,<environment.Job instance at 0x7f2792e7c370>,2,20,[10  3],3,4,24,1,4
1,<environment.Job instance at 0x7f279373e320>,20,16,[3 6],21,24,40,3,21
1,<environment.Job instance at 0x7f279373e550>,25,13,[7 5],26,32,45,6,26
1,<environment.Job instance at 0x7f27930949b0>,30,15,[8 4],31,40,55,9,31
1,<environment.Job instance at 0x7f27937459b0>,6,12,[ 2 14],7,55,67,48,38
1,<environment.Job instance at 0x7f2792e21190>,34,2,[5 7],35,45,47,10,38
1,<environment.Job instance at 0x7f27936f38c0>,41,14,[10  4],42,67,81,25,52
1,<environment.Job instance at 0x7f27930b8500>,35,12,[1 6],36,67,79,31,55
1,<environment.Job instance at 0x7f2792e072d0>,43,2,[8 3],44,81,83,37,55
1,<environment.Job instance at 0x7f27937455f0>,7,17,[ 1 12],8,81,98,73,71
1,<environment.Job instance at 0x7f27937456e0>,4,12,[13  2],5,83,95,78,72
1,<environment.Job instance at 0x7f27936ef370>,54,18,[4 7],55,98,116,43,87
1,<environment.Job instance at 0x7f27937326e0>,3,27,[7 2],4,95,122,91,93
1,<environment.Job instance at 0x7f27936ed0f0>,55,17,[ 2 12],56,116,133,60,113
1,<environment.Job instance at 0x7f27936ed3c0>,56,28,[5 9],57,133,161,76,132
1,<environment.Job instance at 0x7f27936ed9b0>,58,14,[2 7],59,161,175,102,146
1,<environment.Job instance at 0x7f27936eff50>,53,19,[9 4],54,146,165,92,146
1,<environment.Job instance at 0x7f2793042f50>,44,13,[7 4],45,165,178,120,149
1,<environment.Job instance at 0x7f27936edc80>,63,16,[5 2],64,165,181,101,152
1,<environment.Job instance at 0x7f27936ed5f0>,2,22,[5 4],3,3,25,0,3
1,<environment.Job instance at 0x7f27925fbdc0>,3,19,[7 5],4,4,23,0,4
1,<environment.Job instance at 0x7f27925fb640>,10,3,[1 6],11,11,14,0,11
1,<environment.Job instance at 0x7f27925fb280>,11,15,[6 2],12,23,38,11,12
1,<environment.Job instance at 0x7f27925fb7d0>,12,3,[10  5],13,38,41,25,13
1,<environment.Job instance at 0x7f27925fb460>,9,15,[4 5],10,23,38,13,14
1,<environment.Job instance at 0x7f27925fba00>,17,15,[5 4],18,25,40,7,24
1,<environment.Job instance at 0x7f27925fb5f0>,13,20,[ 1 14],14,41,61,27,32
1,<environment.Job instance at 0x7f279329dc80>,25,2,[ 5 11],26,61,63,35,34
1,<environment.Job instance at 0x7f279329d320>,29,14,[5 7],30,63,77,33,52
1,<environment.Job instance at 0x7f279329d230>,30,15,[6 2],31,61,76,30,60
1,<environment.Job instance at 0x7f279329de10>,32,16,[3 5],33,63,79,30,60
1,<environment.Job instance at 0x7f279329d0f0>,26,22,[4 9],27,77,99,50,70
1,<environment.Job instance at 0x7f279329d6e0>,35,21,[5 6],36,79,100,43,71
1,<environment.Job instance at 0x7f279329d1e0>,36,28,[ 3 11],37,100,128,63,99
1,<environment.Job instance at 0x7f279c093fa0>,69,18,[7 3],70,99,117,29,99
1,<environment.Job instance at 0x7f279c093af0>,70,13,[13  2],71,128,141,57,112
1,<environment.Job instance at 0x7f279c093d20>,72,14,[1 6],73,128,142,55,113
1,<environment.Job instance at 0x7f2792c74a50>,74,22,[10  1],75,141,163,66,134
1,<environment.Job instance at 0x7f2792c741e0>,75,15,[5 9],76,142,157,66,134
1,<environment.Job instance at 0x7f2792c74460>,76,13,[1 6],77,157,170,80,141
1,<environment.Job instance at 0x7f2792c74fa0>,77,2,[11  4],78,163,165,85,141
1,<environment.Job instance at 0x7f2792c74b40>,88,18,[5 6],89,165,183,76,154
1,<environment.Job instance at 0x7f27921523c0>,0,12,[6 1],1,1,13,0,1
1,<environment.Job instance at 0x7f2792c74820>,2,1,[7 2],3,4,5,1,4
1,<environment.Job instance at 0x7f2792152640>,4,12,[ 4 10],5,5,17,0,5
1,<environment.Job instance at 0x7f2792152870>,5,15,[14  2],6,17,32,11,6
1,<environment.Job instance at 0x7f2792121230>,6,1,[6 2],7,13,14,6,7
1,<environment.Job instance at 0x7f2792121320>,7,2,[ 5 11],8,32,34,24,8
1,<environment.Job instance at 0x7f2792121500>,10,2,[ 4 14],11,34,36,23,11
1,<environment.Job instance at 0x7f2792121e10>,8,12,[12  2],9,36,48,27,19
1,<environment.Job instance at 0x7f2792c74280>,1,24,[1 9],2,36,60,34,31
1,<environment.Job instance at 0x7f2792121190>,11,18,[6 1],12,48,66,36,38
1,<environment.Job instance at 0x7f2792152230>,3,20,[5 2],4,48,68,44,39
1,<environment.Job instance at 0x7f2792121b90>,13,14,[ 2 11],14,60,74,46,45
1,<environment.Job instance at 0x7f2792121550>,16,12,[3 5],17,74,86,57,57
1,<environment.Job instance at 0x7f2792121370>,17,25,[1 7],18,74,99,56,70
1,<environment.Job instance at 0x7f2792121460>,18,12,[3 5],19,86,98,67,70
1,<environment.Job instance at 0x7f2792121050>,28,18,[5 2],29,70,88,41,70
1,<environment.Job instance at 0x7f2791f902d0>,31,13,[9 4],32,98,111,66,82
1,<environment.Job instance at 0x7f2791f90500>,34,18,[5 5],35,99,117,64,88
1,<environment.Job instance at 0x7f2791f90140>,35,14,[10  1],36,111,125,75,96
1,<environment.Job instance at 0x7f2791f900f0>,37,14,[3 7],38,117,131,79,102
1,<environment.Job instance at 0x7f2792121e60>,14,12,[9 4],15,125,137,110,108
1,<environment.Job instance at 0x7f2791fefeb0>,39,17,[4 8],40,131,148,91,119
1,<environment.Job instance at 0x7f2791fefd70>,40,17,[3 6],41,137,154,96,125
1,<environment.Job instance at 0x7f2791fef370>,47,13,[11  3],48,148,161,100,132
1,<environment.Job instance at 0x7f2791fef050>,46,19,[8 2],47,161,180,114,152
1,<environment.Job instance at 0x7f27921211e0>,19,25,[6 4],20,161,186,141,157
1,<environment.Job instance at 0x7f27921213c0>,2,13,[7 3],3,3,16,0,3
1,<environment.Job instance at 0x7f2793381320>,4,13,[5 8],5,5,18,0,5
1,<environment.Job instance at 0x7f279325c050>,7,18,[3 8],8,18,36,10,8
1,<environment.Job instance at 0x7f279325c410>,8,22,[3 6],9,16,38,7,9
1,<environment.Job instance at 0x7f279325c190>,9,2,[8 1],10,18,20,8,10
1,<environment.Job instance at 0x7f279325c0a0>,13,17,[7 2],14,36,53,22,24
1,<environment.Job instance at 0x7f279325c370>,14,18,[1 8],15,38,56,23,27
1,<environment.Job instance at 0x7f2792c06cd0>,21,20,[10  5],22,53,73,31,44
1,<environment.Job instance at 0x7f2792c068c0>,22,18,[1 6],23,56,74,33,45
1,<environment.Job instance at 0x7f2792c067d0>,25,16,[4 6],26,73,89,47,60
1,<environment.Job instance at 0x7f2792c06320>,26,20,[8 2],27,73,93,46,64
1,<environment.Job instance at 0x7f2792c063c0>,17,18,[1 8],18,89,107,71,78
1,<environment.Job instance at 0x7f2792c06910>,15,23,[5 9],16,107,130,91,101
1,<environment.Job instance at 0x7f2792c06e60>,32,18,[3 6],33,101,119,68,101
1,<environment.Job instance at 0x7f2792c06870>,33,12,[5 6],34,119,131,85,102
1,<environment.Job instance at 0x7f2792c06230>,34,25,[5 3],35,130,155,95,126
1,<environment.Job instance at 0x7f2792c06d20>,36,16,[ 3 11],37,131,147,94,126
1,<environment.Job instance at 0x7f27935c6b40>,37,28,[4 9],38,147,175,109,146
1,<environment.Job instance at 0x7f27935c6820>,38,25,[11  1],39,155,180,116,151
1,<environment.Job instance at 0x7f27928b7320>,0,25,[5 1],1,1,26,0,1
1,<environment.Job instance at 0x7f27936ab2d0>,3,1,[ 3 11],4,4,5,0,4
1,<environment.Job instance at 0x7f27928b7820>,1,2,[14  3],2,26,28,24,5
1,<environment.Job instance at 0x7f27936abbe0>,4,2,[6 5],5,5,7,0,5
1,<environment.Job instance at 0x7f2792623320>,5,1,[ 4 10],6,7,8,1,7
1,<environment.Job instance at 0x7f27936abaf0>,11,15,[10  2],12,28,43,16,14
1,<environment.Job instance at 0x7f27936ab3c0>,7,3,[ 1 13],8,14,17,6,14
1,<environment.Job instance at 0x7f27936ab550>,16,15,[3 8],17,28,43,11,17
1,<environment.Job instance at 0x7f27936ab320>,18,17,[3 5],19,43,60,24,31
1,<environment.Job instance at 0x7f27936ab0f0>,19,26,[1 5],20,31,57,11,31
1,<environment.Job instance at 0x7f2792e33af0>,20,13,[2 8],21,57,70,36,41
1,<environment.Job instance at 0x7f2792e336e0>,23,15,[5 1],24,43,58,19,41
1,<environment.Job instance at 0x7f2792e33cd0>,26,17,[4 6],27,60,77,33,48
1,<environment.Job instance at 0x7f2792e335f0>,27,15,[10  5],28,70,85,42,56
1,<environment.Job instance at 0x7f2792e33a00>,33,17,[ 1 10],34,77,94,43,65
1,<environment.Job instance at 0x7f2792e330f0>,34,14,[5 4],35,85,99,50,70
1,<environment.Job instance at 0x7f2792c81870>,35,15,[7 5],36,94,109,58,80
1,<environment.Job instance at 0x7f2792c81730>,37,15,[5 5],38,99,114,61,85
1,<environment.Job instance at 0x7f2792c81140>,38,17,[9 4],39,109,126,70,97
1,<environment.Job instance at 0x7f2792c815a0>,39,12,[3 7],40,114,126,74,97
1,<environment.Job instance at 0x7f2792c81fa0>,41,18,[2 9],42,126,144,84,115
1,<environment.Job instance at 0x7f2792c81aa0>,43,16,[2 8],44,144,160,100,131
1,<environment.Job instance at 0x7f2792c81280>,44,12,[3 6],45,131,143,86,131
1,<environment.Job instance at 0x7f2792c81dc0>,45,14,[7 2],46,143,157,97,131
1,<environment.Job instance at 0x7f2792c81640>,47,13,[10  2],48,157,170,109,141
1,<environment.Job instance at 0x7f2792f09780>,1,1,[1 6],2,3,4,1,3
1,<environment.Job instance at 0x7f2792f098c0>,2,14,[5 6],3,4,18,1,4
1,<environment.Job instance at 0x7f2792f09870>,6,18,[5 6],7,7,25,0,7
1,<environment.Job instance at 0x7f2792f09190>,8,20,[3 9],9,18,38,9,10
1,<environment.Job instance at 0x7f2792f099b0>,14,20,[5 5],15,25,45,10,16
1,<environment.Job instance at 0x7f2792f09730>,16,16,[ 2 10],17,38,54,21,25
1,<environment.Job instance at 0x7f2792f09f00>,18,17,[10  4],19,45,62,26,33
1,<environment.Job instance at 0x7f27920ae190>,19,16,[ 5 10],20,54,70,34,41
1,<environment.Job instance at 0x7f27920aeb90>,21,18,[10  5],22,62,80,40,51
1,<environment.Job instance at 0x7f27920ae5a0>,29,12,[1 8],30,70,82,40,53
1,<environment.Job instance at 0x7f27920aefa0>,30,14,[6 4],31,80,94,49,65
1,<environment.Job instance at 0x7f2793472aa0>,31,14,[3 7],32,82,96,50,67
1,<environment.Job instance at 0x7f2793472050>,33,15,[2 8],34,94,109,60,80
1,<environment.Job instance at 0x7f2793472820>,35,12,[7 5],36,96,108,60,80
1,<environment.Job instance at 0x7f2793472d20>,38,14,[5 5],39,108,122,69,93
1,<environment.Job instance at 0x7f2793472410>,40,12,[5 9],41,109,121,68,93
1,<environment.Job instance at 0x7f2793472280>,44,18,[3 7],45,121,139,76,110
1,<environment.Job instance at 0x7f27931721e0>,47,13,[8 4],48,122,135,74,110
1,<environment.Job instance at 0x7f27931723c0>,51,15,[6 4],52,135,150,83,121
1,<environment.Job instance at 0x7f2792f094b0>,0,22,[4 9],1,139,161,138,132
1,<environment.Job instance at 0x7f2793172730>,55,21,[10  5],56,150,171,94,142
1,<environment.Job instance at 0x7f2793172960>,57,18,[3 8],58,161,179,103,150
1,<environment.Job instance at 0x7f2792d645f0>,1,26,[2 6],2,2,28,0,2
1,<environment.Job instance at 0x7f2792d64cd0>,0,28,[6 5],1,2,30,1,2
1,<environment.Job instance at 0x7f2793172eb0>,3,3,[2 7],4,28,31,24,4
1,<environment.Job instance at 0x7f2792d64f00>,4,17,[7 3],5,5,22,0,5
1,<environment.Job instance at 0x7f2792d64870>,8,2,[1 6],9,30,32,21,10
1,<environment.Job instance at 0x7f2792d54e10>,13,21,[5 4],14,31,52,17,23
1,<environment.Job instance at 0x7f2792d54f50>,14,21,[9 2],15,30,51,15,23
1,<environment.Job instance at 0x7f2792d54e60>,10,15,[13  3],11,52,67,41,38
1,<environment.Job instance at 0x7f2792d54460>,17,18,[ 4 10],18,67,85,49,56
1,<environment.Job instance at 0x7f2792d54b40>,23,15,[6 5],24,67,82,43,56
1,<environment.Job instance at 0x7f2793763140>,28,17,[3 5],29,82,99,53,70
1,<environment.Job instance at 0x7f2792d543c0>,18,15,[3 5],19,85,100,66,74
1,<environment.Job instance at 0x7f27937634b0>,30,3,[9 1],31,85,88,54,74
1,<environment.Job instance at 0x7f2793763050>,29,18,[ 3 10],30,99,117,69,88
1,<environment.Job instance at 0x7f2793763870>,35,23,[5 5],36,100,123,64,97
1,<environment.Job instance at 0x7f2793763a00>,39,21,[4 5],40,117,138,77,109
1,<environment.Job instance at 0x7f2793763d70>,42,23,[1 5],43,117,140,74,111
1,<environment.Job instance at 0x7f2793231dc0>,44,16,[1 8],45,138,154,93,125
1,<environment.Job instance at 0x7f27932315a0>,48,18,[10  3],49,140,158,91,135
1,<environment.Job instance at 0x7f2793231500>,49,19,[2 5],50,154,173,104,144
1,<environment.Job instance at 0x7f27932400a0>,57,21,[1 5],58,154,175,96,146
1,<environment.Job instance at 0x7f279254dc30>,6,1,[2 9],7,7,8,0,7
1,<environment.Job instance at 0x7f279254df50>,7,18,[2 6],8,8,26,0,8
1,<environment.Job instance at 0x7f279254d5f0>,11,18,[3 8],12,12,30,0,12
1,<environment.Job instance at 0x7f27920b4190>,13,15,[10  3],14,26,41,12,14
1,<environment.Job instance at 0x7f279254d0a0>,15,18,[9 5],16,41,59,25,30
1,<environment.Job instance at 0x7f27920b4eb0>,18,13,[2 5],19,30,43,11,30
1,<environment.Job instance at 0x7f27920b40f0>,19,16,[ 4 10],20,43,59,23,30
1,<environment.Job instance at 0x7f27920b4870>,21,12,[1 7],22,59,71,37,42
1,<environment.Job instance at 0x7f27920b48c0>,22,16,[8 1],23,59,75,36,46
1,<environment.Job instance at 0x7f27920b4b40>,23,14,[9 3],24,75,89,51,60
1,<environment.Job instance at 0x7f27920b4410>,25,12,[8 3],26,89,101,63,72
1,<environment.Job instance at 0x7f27920b4aa0>,26,20,[2 8],27,72,92,45,72
1,<environment.Job instance at 0x7f27920b4730>,28,15,[5 2],29,89,104,60,75
1,<environment.Job instance at 0x7f27920b4cd0>,29,14,[1 5],30,92,106,62,77
1,<environment.Job instance at 0x7f27920b41e0>,31,12,[6 5],32,101,113,69,84
1,<environment.Job instance at 0x7f27920b47d0>,33,16,[ 5 10],34,106,122,72,93
1,<environment.Job instance at 0x7f27920b4460>,34,13,[2 9],35,122,135,87,106
1,<environment.Job instance at 0x7f279333dbe0>,44,15,[7 4],45,113,128,68,106
1,<environment.Job instance at 0x7f279333d320>,50,21,[9 2],51,128,149,77,120
1,<environment.Job instance at 0x7f279333d500>,56,16,[5 8],57,135,151,78,122
1,<environment.Job instance at 0x7f27931d5410>,59,13,[8 2],60,149,162,89,133
1,<environment.Job instance at 0x7f27931d5c80>,60,12,[9 1],61,162,174,101,145
1,<environment.Job instance at 0x7f27931d5b90>,62,17,[ 3 10],63,151,168,88,145
1,<environment.Job instance at 0x7f27931d5aa0>,67,16,[1 9],68,168,184,100,155
1,<environment.Job instance at 0x7f2793299be0>,0,18,[3 9],1,1,19,0,1
1,<environment.Job instance at 0x7f2793299e10>,2,16,[ 2 10],3,19,35,16,6
1,<environment.Job instance at 0x7f2793299370>,1,14,[12  2],2,6,20,4,6
1,<environment.Job instance at 0x7f27932a4e60>,6,13,[5 1],7,20,33,13,7
1,<environment.Job instance at 0x7f27932a4640>,4,3,[4 6],5,35,38,30,9
1,<environment.Job instance at 0x7f27932a4a50>,13,15,[7 2],14,20,35,6,14
1,<environment.Job instance at 0x7f27932a4050>,14,17,[7 4],15,35,52,20,23
1,<environment.Job instance at 0x7f27932a41e0>,7,15,[3 5],8,35,50,27,30
1,<environment.Job instance at 0x7f27932a4c80>,16,1,[5 3],17,33,34,16,30
1,<environment.Job instance at 0x7f27932a4a00>,15,12,[9 3],16,52,64,36,35
1,<environment.Job instance at 0x7f27932a4280>,17,12,[11  3],18,64,76,46,47
1,<environment.Job instance at 0x7f2792df9550>,19,1,[ 5 10],20,50,51,30,47
1,<environment.Job instance at 0x7f2792df93c0>,22,12,[9 5],23,76,88,53,59
1,<environment.Job instance at 0x7f2792df95f0>,21,21,[3 9],22,59,80,37,59
1,<environment.Job instance at 0x7f27932c9c80>,24,1,[7 5],25,88,89,63,60
1,<environment.Job instance at 0x7f27932c96e0>,25,3,[5 5],26,80,83,54,60
1,<environment.Job instance at 0x7f27932c9960>,27,14,[3 5],28,83,97,55,68
1,<environment.Job instance at 0x7f27932c9320>,28,17,[10  2],29,89,106,60,77
1,<environment.Job instance at 0x7f27932c9c30>,29,16,[ 5 10],30,97,113,67,84
1,<environment.Job instance at 0x7f27932992d0>,5,1,[ 1 11],6,113,114,107,86
1,<environment.Job instance at 0x7f2792dee910>,30,20,[3 5],31,114,134,83,105
1,<environment.Job instance at 0x7f2792dee050>,32,12,[6 2],33,106,118,73,105
1,<environment.Job instance at 0x7f2792dee370>,36,13,[8 5],37,118,131,81,105
1,<environment.Job instance at 0x7f2792dee2d0>,38,13,[6 4],39,131,144,92,115
1,<environment.Job instance at 0x7f2792dee870>,31,14,[5 1],32,131,145,99,118
1,<environment.Job instance at 0x7f27932a4d20>,11,15,[ 2 10],12,134,149,122,120
1,<environment.Job instance at 0x7f2792dee230>,39,16,[4 8],40,149,165,109,142
1,<environment.Job instance at 0x7f2792dee410>,40,28,[8 2],41,144,172,103,143
1,<environment.Job instance at 0x7f2792dd8cd0>,42,15,[8 3],43,172,187,129,158
1,<environment.Job instance at 0x7f27923494b0>,1,15,[3 5],2,2,17,0,2
1,<environment.Job instance at 0x7f2792349af0>,2,3,[4 8],3,3,6,0,3
1,<environment.Job instance at 0x7f2792349280>,3,23,[8 1],4,4,27,0,4
1,<environment.Job instance at 0x7f279236b0a0>,5,17,[5 5],6,17,34,11,6
1,<environment.Job instance at 0x7f279236b3c0>,11,14,[6 2],12,27,41,15,13
1,<environment.Job instance at 0x7f279236b190>,15,15,[ 3 10],16,34,49,18,20
1,<environment.Job instance at 0x7f279236b870>,18,16,[5 5],19,41,57,22,28
1,<environment.Job instance at 0x7f279225ef50>,19,16,[4 8],20,49,65,29,37
1,<environment.Job instance at 0x7f279225e3c0>,32,18,[7 3],33,57,75,24,46
1,<environment.Job instance at 0x7f279225e2d0>,35,16,[1 7],36,65,81,29,53
1,<environment.Job instance at 0x7f2792a96eb0>,43,13,[5 2],44,65,78,21,58
1,<environment.Job instance at 0x7f2792a96140>,46,13,[9 5],47,75,88,28,59
1,<environment.Job instance at 0x7f27923495f0>,0,25,[5 5],1,81,106,80,77
1,<environment.Job instance at 0x7f2792a962d0>,49,17,[9 2],50,88,105,38,87
1,<environment.Job instance at 0x7f2792d1ed20>,53,18,[5 7],54,105,123,51,94
1,<environment.Job instance at 0x7f2792d1ef50>,55,14,[5 8],56,106,120,50,94
1,<environment.Job instance at 0x7f2792d1ea00>,58,20,[7 5],59,120,140,61,111
1,<environment.Job instance at 0x7f2792a965f0>,50,12,[12  5],51,140,152,89,123
1,<environment.Job instance at 0x7f2792d1eb40>,62,17,[2 7],63,123,140,60,123
1,<environment.Job instance at 0x7f2792d1e640>,64,17,[1 7],65,140,157,75,128
1,<environment.Job instance at 0x7f2792d1e6e0>,66,14,[7 3],67,152,166,85,137
1,<environment.Job instance at 0x7f2792d1e780>,68,14,[5 2],69,152,166,83,137
1,<environment.Job instance at 0x7f2792552d20>,76,18,[5 9],77,166,184,89,155
1,<environment.Job instance at 0x7f2792552910>,85,18,[10  5],86,166,184,80,155
1,<environment.Job instance at 0x7f27921d3870>,1,15,[4 7],2,2,17,0,2
1,<environment.Job instance at 0x7f27926a10f0>,2,21,[2 7],3,3,24,0,3
1,<environment.Job instance at 0x7f2792950280>,7,3,[9 1],8,8,11,0,8
1,<environment.Job instance at 0x7f2792950460>,8,2,[10  1],9,17,19,8,9
1,<environment.Job instance at 0x7f27929501e0>,6,12,[6 3],7,19,31,12,10
1,<environment.Job instance at 0x7f2792950690>,10,3,[14  1],11,31,34,20,11
1,<environment.Job instance at 0x7f27926a12d0>,5,18,[3 8],6,34,52,28,23
1,<environment.Job instance at 0x7f27929506e0>,12,22,[9 5],13,34,56,21,29
1,<environment.Job instance at 0x7f27929509b0>,13,13,[5 6],14,52,65,38,36
1,<environment.Job instance at 0x7f2792950c80>,18,22,[2 9],19,56,78,37,49
1,<environment.Job instance at 0x7f2792950960>,23,17,[ 5 10],24,78,95,54,66
1,<environment.Job instance at 0x7f27929508c0>,24,15,[5 6],25,95,110,70,81
1,<environment.Job instance at 0x7f279293c410>,30,17,[10  3],31,81,98,50,81
1,<environment.Job instance at 0x7f279293c5f0>,32,17,[ 2 10],33,110,127,77,98
1,<environment.Job instance at 0x7f279293c690>,33,12,[2 8],34,98,110,64,98
1,<environment.Job instance at 0x7f279293c960>,36,14,[5 8],37,127,141,90,112
1,<environment.Job instance at 0x7f279293c370>,39,15,[5 2],40,112,127,72,112
1,<environment.Job instance at 0x7f279293cb90>,40,16,[ 1 10],41,141,157,100,128
1,<environment.Job instance at 0x7f279293cb40>,41,1,[3 5],42,130,131,88,130
1,<environment.Job instance at 0x7f279293ce10>,44,16,[6 1],45,130,146,85,130
1,<environment.Job instance at 0x7f279293cf50>,46,17,[5 8],47,157,174,110,145
1,<environment.Job instance at 0x7f27929622d0>,50,15,[6 2],51,145,160,94,145
1,<environment.Job instance at 0x7f2792962500>,54,19,[8 2],55,160,179,105,151
1,<environment.Job instance at 0x7f31527b5460>,2,22,[4 8],3,3,25,0,3
1,<environment.Job instance at 0x7f31527b5500>,3,3,[ 4 14],4,25,28,21,4
1,<environment.Job instance at 0x7f31527b5690>,4,14,[1 6],5,5,19,0,5
1,<environment.Job instance at 0x7f31527b57d0>,5,24,[1 5],6,28,52,22,23
1,<environment.Job instance at 0x7f31527b5960>,9,18,[ 2 13],10,52,70,42,41
1,<environment.Job instance at 0x7f31527b59b0>,10,18,[ 3 11],11,70,88,59,59
1,<environment.Job instance at 0x7f31527b5aa0>,11,1,[8 5],12,88,89,76,60
1,<environment.Job instance at 0x7f31527b5b40>,12,13,[10  2],13,60,73,47,60
1,<environment.Job instance at 0x7f31527b5c80>,14,13,[7 3],15,73,86,58,60
1,<environment.Job instance at 0x7f31527b5d20>,15,18,[2 8],16,88,106,72,77
1,<environment.Job instance at 0x7f31527b5dc0>,16,16,[3 5],17,89,105,72,77
1,<environment.Job instance at 0x7f31527b5f50>,18,3,[ 4 13],19,106,109,87,80
1,<environment.Job instance at 0x7f31527b5fa0>,19,14,[ 3 11],20,109,123,89,94
1,<environment.Job instance at 0x7f31527b7050>,20,1,[13  5],21,105,106,84,94
1,<environment.Job instance at 0x7f31527b70a0>,21,1,[6 5],22,123,124,101,95
1,<environment.Job instance at 0x7f31527b71e0>,22,1,[2 7],23,123,124,100,95
1,<environment.Job instance at 0x7f31527b73c0>,24,18,[ 4 10],25,124,142,99,113
1,<environment.Job instance at 0x7f31527b7500>,25,27,[8 1],26,124,151,98,122
1,<environment.Job instance at 0x7f31527b75a0>,26,26,[5 5],27,142,168,115,139
1,<environment.Job instance at 0x7f31527b7640>,27,18,[1 8],28,142,160,114,139
1,<environment.Job instance at 0x7f31527b76e0>,28,25,[5 7],29,160,185,131,156
1,<environment.Job instance at 0x7f31527b78c0>,31,27,[4 8],32,168,195,136,166
1,<environment.Job instance at 0x7f31527531e0>,0,2,[9 5],1,1,3,0,1
1,<environment.Job instance at 0x7f31527b78c0>,2,16,[6 4],3,3,19,0,3
1,<environment.Job instance at 0x7f31527bbcd0>,3,18,[6 5],4,4,22,0,4
1,<environment.Job instance at 0x7f3152bf6d70>,5,16,[ 2 10],6,19,35,13,7
1,<environment.Job instance at 0x7f3152902f50>,6,24,[11  5],7,22,46,15,20
1,<environment.Job instance at 0x7f3152902c30>,11,13,[4 9],12,35,48,23,20
1,<environment.Job instance at 0x7f3152902410>,12,14,[2 9],13,48,62,35,37
1,<environment.Job instance at 0x7f31528f62d0>,19,12,[9 3],20,46,58,26,37
1,<environment.Job instance at 0x7f3152902aa0>,4,19,[6 1],5,58,77,53,49
1,<environment.Job instance at 0x7f3152241e60>,1,22,[2 9],2,62,84,60,56
1,<environment.Job instance at 0x7f3152902af0>,18,21,[9 4],19,77,98,58,69
1,<environment.Job instance at 0x7f3151e6db90>,46,17,[3 8],47,84,101,37,80
1,<environment.Job instance at 0x7f3152214230>,47,19,[10  5],48,98,117,50,88
1,<environment.Job instance at 0x7f315230b140>,54,16,[3 8],55,101,117,46,93
1,<environment.Job instance at 0x7f31522ba050>,56,16,[9 2],57,117,133,60,104
1,<environment.Job instance at 0x7f31522ba5f0>,58,13,[6 3],59,117,130,58,104
1,<environment.Job instance at 0x7f31522ba140>,59,13,[7 4],60,133,146,73,117
1,<environment.Job instance at 0x7f3152255be0>,69,16,[2 8],70,130,146,60,128
1,<environment.Job instance at 0x7f31528f6190>,20,18,[10  3],21,146,164,125,136
1,<environment.Job instance at 0x7f31522cefa0>,73,24,[14  3],74,164,188,90,159
1,<environment.Job instance at 0x7f31522ced20>,74,3,[7 5],75,188,191,113,162
1,<environment.Job instance at 0x7f3151ea8c80>,1,13,[1 6],2,2,15,0,2
1,<environment.Job instance at 0x7f31522ced70>,2,3,[3 5],3,3,6,0,3
1,<environment.Job instance at 0x7f3151ea80f0>,3,14,[1 5],4,6,20,2,4
1,<environment.Job instance at 0x7f3151e5af50>,8,19,[7 1],9,9,28,0,9
1,<environment.Job instance at 0x7f3151e5a1e0>,9,19,[5 4],10,15,34,5,10
1,<environment.Job instance at 0x7f3151e5a370>,10,14,[ 3 10],11,20,34,9,11
1,<environment.Job instance at 0x7f3151e5a4b0>,19,12,[ 5 10],20,34,46,14,21
1,<environment.Job instance at 0x7f3151e5a820>,14,22,[7 5],15,34,56,19,27
1,<environment.Job instance at 0x7f3151e5a460>,21,12,[3 8],22,46,58,24,30
1,<environment.Job instance at 0x7f3151e5a230>,17,16,[3 9],18,58,74,40,45
1,<environment.Job instance at 0x7f3151e5a410>,23,15,[4 6],24,56,71,32,45
1,<environment.Job instance at 0x7f3151e5a0f0>,20,17,[7 5],21,71,88,50,60
1,<environment.Job instance at 0x7f3151e5a050>,18,22,[5 2],19,74,96,55,67
1,<environment.Job instance at 0x7f3151e6eb90>,24,21,[3 8],25,74,95,49,67
1,<environment.Job instance at 0x7f3151e6e6e0>,27,18,[1 5],28,88,106,60,77
1,<environment.Job instance at 0x7f3151e6e5a0>,29,13,[1 7],30,95,108,65,79
1,<environment.Job instance at 0x7f3151ec9370>,36,13,[5 5],37,106,119,69,90
1,<environment.Job instance at 0x7f3151e6eaf0>,26,15,[5 3],27,96,111,69,92
1,<environment.Job instance at 0x7f3151ec9460>,39,14,[7 5],40,111,125,71,96
1,<environment.Job instance at 0x7f3151ec9d70>,40,3,[1 6],41,108,111,67,96
1,<environment.Job instance at 0x7f3151ec9be0>,42,2,[5 5],43,119,121,76,96
1,<environment.Job instance at 0x7f3151ec9230>,43,1,[7 4],44,121,122,77,96
1,<environment.Job instance at 0x7f3152604f00>,47,14,[7 5],48,122,136,74,107
1,<environment.Job instance at 0x7f3152604320>,49,18,[9 5],50,136,154,86,125
1,<environment.Job instance at 0x7f31526045f0>,53,17,[7 2],54,154,171,100,142
1,<environment.Job instance at 0x7f31525a81e0>,55,20,[3 8],56,149,169,93,149
1,<environment.Job instance at 0x7f3152631d70>,59,17,[4 8],60,169,186,109,157
1,<environment.Job instance at 0x7f3152631230>,60,21,[7 4],61,171,192,110,163
1,<environment.Job instance at 0x7f315239e5f0>,0,1,[2 9],1,4,5,3,4
1,<environment.Job instance at 0x7f3152483b90>,4,3,[13  1],5,5,8,0,5
1,<environment.Job instance at 0x7f3152483190>,5,3,[2 6],6,6,9,0,6
1,<environment.Job instance at 0x7f3152b63730>,3,22,[10  2],4,8,30,4,7
1,<environment.Job instance at 0x7f31524839b0>,7,18,[5 9],8,9,27,1,8
1,<environment.Job instance at 0x7f3152293f50>,11,22,[5 3],12,27,49,15,20
1,<environment.Job instance at 0x7f3151f0b730>,13,13,[10  4],14,30,43,16,20
1,<environment.Job instance at 0x7f3151f0b370>,14,16,[5 5],15,43,59,28,30
1,<environment.Job instance at 0x7f3152307190>,15,22,[1 7],16,43,65,27,37
1,<environment.Job instance at 0x7f3151e70820>,10,20,[ 1 10],11,65,85,54,56
1,<environment.Job instance at 0x7f3152a8f0f0>,19,18,[3 6],20,85,103,65,74
1,<environment.Job instance at 0x7f3152434140>,23,15,[4 6],24,85,100,61,74
1,<environment.Job instance at 0x7f315230b9b0>,25,18,[1 8],26,100,118,74,89
1,<environment.Job instance at 0x7f3151e847d0>,26,3,[5 5],27,103,106,76,89
1,<environment.Job instance at 0x7f3152266aa0>,27,15,[10  1],28,106,121,78,92
1,<environment.Job instance at 0x7f3151e84640>,28,14,[6 4],29,121,135,92,106
1,<environment.Job instance at 0x7f3152307460>,16,20,[5 7],17,118,138,101,110
1,<environment.Job instance at 0x7f3151e7eaa0>,31,13,[ 4 10],32,138,151,106,122
1,<environment.Job instance at 0x7f315243a230>,32,1,[ 4 14],33,151,152,118,123
1,<environment.Job instance at 0x7f315243a550>,33,25,[12  3],34,152,177,118,148
1,<environment.Job instance at 0x7f3152bf60f0>,34,19,[6 3],35,177,196,142,167
1,<environment.Job instance at 0x7f3152bf6e60>,35,21,[7 1],36,177,198,141,169
1,<environment.Job instance at 0x7f3152bb0b90>,0,3,[3 5],1,1,4,0,1
1,<environment.Job instance at 0x7f3152bb0410>,1,14,[3 6],2,2,16,0,2
1,<environment.Job instance at 0x7f3152bf94b0>,2,25,[4 6],3,4,29,1,4
1,<environment.Job instance at 0x7f3152bf9230>,3,1,[6 1],4,4,5,0,4
1,<environment.Job instance at 0x7f3152bf9a50>,5,16,[5 8],6,16,32,10,6
1,<environment.Job instance at 0x7f3152bb9050>,7,17,[1 7],8,29,46,21,17
1,<environment.Job instance at 0x7f3152bb9c30>,11,20,[6 3],12,32,52,20,23
1,<environment.Job instance at 0x7f3152bb9e60>,12,17,[10  4],13,52,69,39,40
1,<environment.Job instance at 0x7f3152bebeb0>,16,18,[10  3],17,69,87,52,58
1,<environment.Job instance at 0x7f3152beb730>,18,18,[3 6],19,60,78,41,60
1,<environment.Job instance at 0x7f3152beb410>,20,20,[5 6],21,78,98,57,69
1,<environment.Job instance at 0x7f3152c02370>,26,12,[6 5],27,87,99,60,70
1,<environment.Job instance at 0x7f3152c02820>,30,15,[5 5],31,98,113,67,84
1,<environment.Job instance at 0x7f3152c02640>,34,13,[7 5],35,99,112,64,84
1,<environment.Job instance at 0x7f3152c22af0>,39,14,[3 6],40,112,126,72,97
1,<environment.Job instance at 0x7f3151d76be0>,40,18,[9 5],41,113,131,72,102
1,<environment.Job instance at 0x7f3151d761e0>,45,17,[6 5],46,126,143,80,114
1,<environment.Job instance at 0x7f315250e410>,50,15,[5 2],51,131,146,80,117
1,<environment.Job instance at 0x7f3151dfceb0>,57,14,[2 6],58,131,145,73,117
1,<environment.Job instance at 0x7f3151da8e10>,60,18,[7 5],61,143,161,82,132
1,<environment.Job instance at 0x7f3151da86e0>,63,17,[4 5],64,146,163,82,134
1,<environment.Job instance at 0x7f3152500cd0>,68,18,[10  5],69,161,179,92,150
1,<environment.Job instance at 0x7f3151db7730>,71,15,[10  4],72,179,194,107,165
1,<environment.Job instance at 0x7f3152c26be0>,1,1,[9 1],2,2,3,0,2
1,<environment.Job instance at 0x7f3152506eb0>,3,3,[8 2],4,4,7,0,4
1,<environment.Job instance at 0x7f31525065f0>,4,3,[11  2],5,7,10,2,5
1,<environment.Job instance at 0x7f3152506af0>,6,12,[5 4],7,10,22,3,7
1,<environment.Job instance at 0x7f3152506410>,7,14,[8 1],8,10,24,2,8
1,<environment.Job instance at 0x7f31525068c0>,8,16,[ 4 10],9,22,38,13,9
1,<environment.Job instance at 0x7f3152506870>,13,2,[11  1],14,24,26,10,14
1,<environment.Job instance at 0x7f3151da5e10>,15,12,[9 4],16,26,38,10,16
1,<environment.Job instance at 0x7f3151df3aa0>,26,24,[5 9],27,38,62,11,33
1,<environment.Job instance at 0x7f3151df35a0>,27,1,[ 3 14],28,62,63,34,34
1,<environment.Job instance at 0x7f3151df3500>,28,17,[2 7],29,63,80,34,51
1,<environment.Job instance at 0x7f3151df3820>,25,17,[9 3],26,77,94,51,77
1,<environment.Job instance at 0x7f3151df3870>,19,15,[4 9],20,80,95,60,77
1,<environment.Job instance at 0x7f3152ea0500>,33,15,[4 7],34,95,110,61,82
1,<environment.Job instance at 0x7f3152ea0aa0>,34,26,[5 7],35,95,121,60,93
1,<environment.Job instance at 0x7f3152ea0be0>,38,20,[9 5],39,110,130,71,101
1,<environment.Job instance at 0x7f3152ea0dc0>,42,15,[7 5],43,130,145,87,116
1,<environment.Job instance at 0x7f3152ea0190>,39,26,[7 3],40,130,156,90,127
1,<environment.Job instance at 0x7f3152ea0f50>,48,1,[8 1],49,145,146,96,127
1,<environment.Job instance at 0x7f3152ea0960>,49,18,[3 7],50,146,164,96,136
1,<environment.Job instance at 0x7f3152ea0550>,47,20,[10  2],48,156,176,108,150
1,<environment.Job instance at 0x7f3152e87d20>,52,14,[7 2],53,176,190,123,161
1,<environment.Job instance at 0x7f3152e87640>,51,25,[4 9],52,164,189,112,161
1,<environment.Job instance at 0x7f3152417f00>,0,1,[8 3],1,1,2,0,1
1,<environment.Job instance at 0x7f3152417870>,1,13,[8 3],2,2,15,0,2
1,<environment.Job instance at 0x7f3152c15b90>,6,14,[9 5],7,15,29,8,7
1,<environment.Job instance at 0x7f3152c15050>,13,3,[ 3 10],14,14,17,0,14
1,<environment.Job instance at 0x7f3152c155f0>,12,17,[4 7],13,17,34,4,15
1,<environment.Job instance at 0x7f3152c15a00>,9,13,[11  2],10,29,42,19,15
1,<environment.Job instance at 0x7f3152c15190>,16,12,[5 1],17,42,54,25,25
1,<environment.Job instance at 0x7f3152c15f00>,14,13,[10  5],15,42,55,27,26
1,<environment.Job instance at 0x7f3152c15550>,18,2,[8 5],19,55,57,36,28
1,<environment.Job instance at 0x7f3152c15cd0>,19,3,[ 3 11],20,34,37,14,28
1,<environment.Job instance at 0x7f3152c15b40>,20,14,[14  1],21,57,71,36,42
1,<environment.Job instance at 0x7f3152c15910>,21,3,[1 6],22,54,57,32,42
1,<environment.Job instance at 0x7f3153015500>,22,15,[8 1],23,71,86,48,57
1,<environment.Job instance at 0x7f31530159b0>,23,14,[5 7],24,71,85,47,57
1,<environment.Job instance at 0x7f3153015c30>,24,20,[ 2 11],25,85,105,60,76
1,<environment.Job instance at 0x7f31530155f0>,25,2,[3 9],26,105,107,79,78
1,<environment.Job instance at 0x7f3153015aa0>,26,15,[ 4 10],27,107,122,80,93
1,<environment.Job instance at 0x7f31530153c0>,27,26,[3 7],28,122,148,94,119
1,<environment.Job instance at 0x7f3153015230>,28,26,[4 6],29,122,148,93,119
1,<environment.Job instance at 0x7f31530151e0>,29,14,[ 3 14],30,148,162,118,133
1,<environment.Job instance at 0x7f3152c15d20>,17,21,[7 1],18,136,157,118,136
1,<environment.Job instance at 0x7f3152c158c0>,11,17,[6 4],12,162,179,150,150
1,<environment.Job instance at 0x7f3153015af0>,34,18,[5 4],35,162,180,127,151
1,<environment.Job instance at 0x7f3152c15c30>,15,14,[2 6],16,162,176,146,155
1,<environment.Job instance at 0x7f3152863960>,1,13,[9 3],2,2,15,0,2
1,<environment.Job instance at 0x7f3152c15690>,2,19,[2 5],3,3,22,0,3
1,<environment.Job instance at 0x7f3151ec3a50>,3,14,[ 3 10],4,15,29,11,4
1,<environment.Job instance at 0x7f3151ec3b90>,4,14,[5 4],5,22,36,17,7
1,<environment.Job instance at 0x7f3151e980f0>,7,3,[6 1],8,22,25,14,17
1,<environment.Job instance at 0x7f3152631190>,17,12,[10  1],18,29,41,11,18
1,<environment.Job instance at 0x7f3151e9d9b0>,16,14,[3 9],17,36,50,19,21
1,<environment.Job instance at 0x7f3151ec8a50>,19,12,[ 1 12],20,50,62,30,38
1,<environment.Job instance at 0x7f3151e93550>,20,19,[5 8],21,62,81,41,52
1,<environment.Job instance at 0x7f3151e93f00>,22,22,[8 3],23,52,74,29,52
1,<environment.Job instance at 0x7f3151e935f0>,24,12,[9 2],25,74,86,49,57
1,<environment.Job instance at 0x7f3151e93050>,25,21,[5 8],26,81,102,55,73
1,<environment.Job instance at 0x7f3151e93690>,28,17,[ 1 10],29,102,119,73,90
1,<environment.Job instance at 0x7f3152f60be0>,29,16,[7 4],30,90,106,60,90
1,<environment.Job instance at 0x7f31526284b0>,32,15,[3 6],33,119,134,86,105
1,<environment.Job instance at 0x7f3151ebafa0>,33,15,[1 7],34,119,134,85,105
1,<environment.Job instance at 0x7f3152e2f050>,41,13,[1 9],42,134,147,92,118
1,<environment.Job instance at 0x7f315277bbe0>,42,12,[5 2],43,118,130,75,118
1,<environment.Job instance at 0x7f3152f798c0>,43,18,[7 1],44,130,148,86,119
1,<environment.Job instance at 0x7f3152f5baf0>,49,13,[1 9],50,147,160,97,131
1,<environment.Job instance at 0x7f3152f5b6e0>,50,20,[4 7],51,160,180,109,151
1,<environment.Job instance at 0x7f3152776640>,0,28,[ 3 10],1,1,29,0,1
1,<environment.Job instance at 0x7f315275a5a0>,1,14,[9 5],2,2,16,0,2
1,<environment.Job instance at 0x7f3152776fa0>,2,14,[6 1],3,16,30,13,3
1,<environment.Job instance at 0x7f3152776870>,5,15,[1 8],6,29,44,23,15
1,<environment.Job instance at 0x7f3152776320>,8,20,[2 9],9,44,64,35,35
1,<environment.Job instance at 0x7f3152776230>,11,12,[9 1],12,38,50,26,38
1,<environment.Job instance at 0x7f315276ed20>,16,22,[2 5],17,38,60,21,38
1,<environment.Job instance at 0x7f315276eaf0>,17,20,[5 3],18,60,80,42,51
1,<environment.Job instance at 0x7f315276e5a0>,19,13,[5 8],20,64,77,44,51
1,<environment.Job instance at 0x7f315276eb90>,20,18,[6 2],21,77,95,56,66
1,<environment.Job instance at 0x7f315276efa0>,22,15,[2 5],23,77,92,54,66
1,<environment.Job instance at 0x7f315276e050>,23,13,[2 7],24,80,93,56,67
1,<environment.Job instance at 0x7f3152776af0>,3,16,[3 8],4,93,109,89,81
1,<environment.Job instance at 0x7f315276e640>,25,1,[14  3],26,109,110,83,81
1,<environment.Job instance at 0x7f315278e280>,26,14,[11  1],27,95,109,68,81
1,<environment.Job instance at 0x7f315278e0f0>,30,13,[3 7],31,110,123,79,94
1,<environment.Job instance at 0x7f315278e5f0>,31,12,[1 8],32,109,121,77,94
1,<environment.Job instance at 0x7f315278e870>,32,14,[7 4],33,121,135,88,106
1,<environment.Job instance at 0x7f315278e6e0>,34,15,[2 7],35,123,138,88,109
1,<environment.Job instance at 0x7f315278ed70>,35,16,[3 5],36,135,151,99,122
1,<environment.Job instance at 0x7f315278e690>,36,17,[2 7],37,138,155,101,126
1,<environment.Job instance at 0x7f315278eaf0>,38,18,[1 8],39,151,169,112,140
1,<environment.Job instance at 0x7f315278e230>,40,15,[7 2],41,155,170,114,141
1,<environment.Job instance at 0x7f315278eb40>,41,16,[10  4],42,170,186,128,157
1,<environment.Job instance at 0x7f315246b8c0>,1,15,[11  2],2,2,17,0,2
1,<environment.Job instance at 0x7f3151fc7b90>,9,13,[ 2 12],10,13,26,3,13
1,<environment.Job instance at 0x7f315278e370>,2,15,[14  1],3,26,41,23,13
1,<environment.Job instance at 0x7f3151f5d230>,15,1,[6 4],16,41,42,25,16
1,<environment.Job instance at 0x7f3151f5d2d0>,16,13,[5 2],17,41,54,24,25
1,<environment.Job instance at 0x7f3151f5d640>,17,17,[2 8],18,41,58,23,29
1,<environment.Job instance at 0x7f3151f59a00>,5,23,[7 1],6,42,65,36,38
1,<environment.Job instance at 0x7f3151f9f140>,12,19,[4 6],13,54,73,41,44
1,<environment.Job instance at 0x7f3151f5dc80>,20,19,[4 5],21,58,77,37,48
1,<environment.Job instance at 0x7f3151f8c960>,22,20,[5 9],23,73,93,50,64
1,<environment.Job instance at 0x7f3151f8c7d0>,24,13,[9 1],25,77,90,52,64
1,<environment.Job instance at 0x7f3151f8ca50>,25,18,[3 9],26,93,111,67,82
1,<environment.Job instance at 0x7f3151f8c5f0>,26,12,[1 7],27,111,123,84,94
1,<environment.Job instance at 0x7f3153003c80>,29,13,[5 6],30,94,107,64,94
1,<environment.Job instance at 0x7f31528ee370>,30,19,[3 5],31,107,126,76,97
1,<environment.Job instance at 0x7f31528ee3c0>,31,18,[8 2],32,111,129,79,100
1,<environment.Job instance at 0x7f3153018b40>,32,15,[8 4],33,129,144,96,115
1,<environment.Job instance at 0x7f3151f76640>,36,19,[2 7],37,123,142,86,115
1,<environment.Job instance at 0x7f3153344690>,39,17,[6 1],40,142,159,102,130
1,<environment.Job instance at 0x7f3151f5d050>,14,17,[2 8],15,144,161,129,132
1,<environment.Job instance at 0x7f315290a780>,41,15,[8 2],42,159,174,117,145
1,<environment.Job instance at 0x7f315290a870>,40,21,[9 1],41,174,195,133,166
1,<environment.Job instance at 0x7f315330a820>,44,18,[6 1],45,166,184,121,166
1,<environment.Job instance at 0x7f3152c56550>,0,28,[4 9],1,1,29,0,1
1,<environment.Job instance at 0x7f315330a820>,2,19,[8 4],3,3,22,0,3
1,<environment.Job instance at 0x7f3152c56690>,3,2,[ 4 10],4,29,31,25,5
1,<environment.Job instance at 0x7f3152c563c0>,5,12,[3 8],6,31,43,25,14
1,<environment.Job instance at 0x7f3153308f00>,11,14,[7 5],12,31,45,19,31
1,<environment.Job instance at 0x7f31533082d0>,19,17,[7 5],20,43,60,23,31
1,<environment.Job instance at 0x7f3153308b40>,20,14,[4 6],21,45,59,24,37
1,<environment.Job instance at 0x7f315330abe0>,1,24,[ 5 13],2,60,84,58,55
1,<environment.Job instance at 0x7f3153308730>,30,13,[ 5 13],31,84,97,53,68
1,<environment.Job instance at 0x7f3152c569b0>,7,3,[7 3],8,97,100,89,71
1,<environment.Job instance at 0x7f3153308a50>,29,17,[1 8],30,97,114,67,86
1,<environment.Job instance at 0x7f3152ec9370>,35,17,[ 2 10],36,114,131,78,103
1,<environment.Job instance at 0x7f3152ec9b40>,36,16,[7 1],37,116,132,79,116
1,<environment.Job instance at 0x7f31533085a0>,10,18,[1 9],11,131,149,120,120
1,<environment.Job instance at 0x7f3152ec98c0>,38,23,[3 5],39,131,154,92,125
1,<environment.Job instance at 0x7f3153308280>,32,15,[2 6],33,149,164,116,135
1,<environment.Job instance at 0x7f3152ec9e10>,40,13,[8 4],41,149,162,108,137
1,<environment.Job instance at 0x7f3152ec9960>,41,23,[5 3],42,154,177,112,148
1,<environment.Job instance at 0x7f3152ec92d0>,37,17,[3 8],38,164,181,126,153
1,<environment.Job instance at 0x7f3152ec95a0>,43,17,[5 1],44,162,179,118,153
1,<environment.Job instance at 0x7f3152ec9e60>,45,15,[9 5],46,179,194,133,165
1,<environment.Job instance at 0x7f3152ec9a50>,48,14,[3 8],49,181,195,132,166
1,<environment.Job instance at 0x7f3152273280>,0,16,[ 3 10],1,1,17,0,1
1,<environment.Job instance at 0x7f3153390690>,1,13,[8 2],2,2,15,0,2
1,<environment.Job instance at 0x7f31522732d0>,2,2,[5 2],3,15,17,12,4
1,<environment.Job instance at 0x7f3152273690>,4,15,[3 5],5,17,32,12,5
1,<environment.Job instance at 0x7f3152273190>,5,13,[6 5],6,17,30,11,6
1,<environment.Job instance at 0x7f3152cd2730>,12,1,[ 1 10],13,30,31,17,16
1,<environment.Job instance at 0x7f3152cd2500>,11,2,[ 1 10],12,31,33,19,16
1,<environment.Job instance at 0x7f3152cd2b90>,10,20,[2 6],11,33,53,22,24
1,<environment.Job instance at 0x7f3152cd22d0>,13,13,[12  2],14,32,45,18,32
1,<environment.Job instance at 0x7f3152cd23c0>,17,1,[ 4 11],18,53,54,35,35
1,<environment.Job instance at 0x7f3152cd2190>,18,3,[12  1],19,45,48,26,37
1,<environment.Job instance at 0x7f3152cd2820>,19,3,[9 1],20,48,51,28,37
1,<environment.Job instance at 0x7f3152cd2690>,16,15,[ 5 10],17,54,69,37,40
1,<environment.Job instance at 0x7f3152cd2280>,21,16,[7 5],22,54,70,32,41
1,<environment.Job instance at 0x7f3152cd2d20>,24,12,[4 7],25,69,81,44,52
1,<environment.Job instance at 0x7f3152cd2910>,20,13,[2 6],21,70,83,49,54
1,<environment.Job instance at 0x7f3152cb85a0>,26,13,[4 6],27,81,94,54,65
1,<environment.Job instance at 0x7f3152cb8af0>,25,18,[10  4],26,83,101,57,72
1,<environment.Job instance at 0x7f3152cb8910>,28,17,[5 8],29,94,111,65,82
1,<environment.Job instance at 0x7f3152cb8d20>,30,17,[5 7],31,101,118,70,89
1,<environment.Job instance at 0x7f3152cd2370>,14,15,[4 7],15,111,126,96,101
1,<environment.Job instance at 0x7f3152cb8410>,31,14,[1 9],32,126,140,94,111
1,<environment.Job instance at 0x7f3152cb8140>,33,15,[9 4],34,118,133,84,111
1,<environment.Job instance at 0x7f3152cd2af0>,6,13,[12  1],7,133,146,126,119
1,<environment.Job instance at 0x7f3152cb80f0>,35,19,[7 3],36,146,165,110,136
1,<environment.Job instance at 0x7f3152cb8fa0>,36,22,[3 5],37,140,162,103,139
1,<environment.Job instance at 0x7f315226faf0>,38,17,[1 6],39,146,163,107,139
1,<environment.Job instance at 0x7f315226f690>,39,12,[10  1],40,165,177,125,148
1,<environment.Job instance at 0x7f315226f3c0>,40,21,[2 8],41,163,184,122,161
1,<environment.Job instance at 0x7f315226fe10>,41,3,[5 6],42,177,180,135,161
1,<environment.Job instance at 0x7f315226ffa0>,42,17,[5 2],43,180,197,137,168
1,<environment.Job instance at 0x7f315317c410>,0,14,[12  5],1,1,15,0,1
1,<environment.Job instance at 0x7f315226f460>,1,2,[2 7],2,2,4,0,2
1,<environment.Job instance at 0x7f315338c820>,2,13,[2 6],3,4,17,1,3
1,<environment.Job instance at 0x7f315338c870>,3,17,[6 4],4,15,32,11,4
1,<environment.Job instance at 0x7f315338cb90>,4,2,[2 5],5,15,17,10,5
1,<environment.Job instance at 0x7f31527b5730>,10,13,[1 5],11,17,30,6,11
1,<environment.Job instance at 0x7f31527b5eb0>,8,12,[1 5],9,17,29,8,14
1,<environment.Job instance at 0x7f31527b5140>,14,16,[8 4],15,29,45,14,16
1,<environment.Job instance at 0x7f31527b5410>,15,12,[6 4],16,32,44,16,16
1,<environment.Job instance at 0x7f31527b5460>,12,15,[3 8],13,44,59,31,30
1,<environment.Job instance at 0x7f31527b5f50>,17,14,[7 4],18,45,59,27,30
1,<environment.Job instance at 0x7f31527b5870>,22,14,[7 5],23,59,73,36,44
1,<environment.Job instance at 0x7f3152feb6e0>,28,13,[5 2],29,45,58,16,44
1,<environment.Job instance at 0x7f3152febc30>,29,17,[1 5],30,59,76,29,47
1,<environment.Job instance at 0x7f3152feb550>,33,15,[5 7],34,73,88,39,59
1,<environment.Job instance at 0x7f3152febaa0>,34,16,[2 8],35,76,92,41,64
1,<environment.Job instance at 0x7f3152feb780>,38,21,[7 4],39,88,109,49,80
1,<environment.Job instance at 0x7f31527b5b90>,16,14,[ 2 10],17,92,106,75,85
1,<environment.Job instance at 0x7f3152292690>,51,15,[10  2],52,109,124,57,95
1,<environment.Job instance at 0x7f31522927d0>,56,15,[3 8],57,106,121,49,95
1,<environment.Job instance at 0x7f3152292aa0>,58,17,[3 5],59,121,138,62,110
1,<environment.Job instance at 0x7f3152292eb0>,63,15,[5 1],64,124,139,60,110
1,<environment.Job instance at 0x7f3152292500>,66,17,[4 6],67,124,141,57,114
1,<environment.Job instance at 0x7f31522923c0>,67,15,[10  5],68,139,154,71,125
1,<environment.Job instance at 0x7f3151e930f0>,74,14,[5 4],75,141,155,66,126
1,<environment.Job instance at 0x7f3151e933c0>,75,15,[7 5],76,154,169,78,140
1,<environment.Job instance at 0x7f3151e93c30>,77,15,[5 5],78,155,170,77,141
1,<environment.Job instance at 0x7f3151e936e0>,78,17,[9 4],79,169,186,90,157
1,<environment.Job instance at 0x7f3151e93e10>,79,12,[3 7],80,170,182,90,157
1,<environment.Job instance at 0x7f3152d1de60>,0,13,[5 4],1,1,14,0,1
1,<environment.Job instance at 0x7f3151e93140>,1,12,[ 2 14],2,14,26,12,2
1,<environment.Job instance at 0x7f31531a3c30>,9,13,[1 5],10,26,39,16,10
1,<environment.Job instance at 0x7f31531a37d0>,8,12,[7 2],9,26,38,17,11
1,<environment.Job instance at 0x7f3152e7a500>,13,19,[2 5],14,26,45,12,24
1,<environment.Job instance at 0x7f3151e93e60>,3,13,[10  2],4,38,51,34,24
1,<environment.Job instance at 0x7f3152e7a230>,15,3,[7 4],16,51,54,35,25
1,<environment.Job instance at 0x7f31531a3870>,6,14,[ 3 12],7,54,68,47,40
1,<environment.Job instance at 0x7f3152e7a5a0>,17,25,[12  1],18,54,79,36,50
1,<environment.Job instance at 0x7f3152e7a820>,14,18,[6 1],15,79,97,64,68
1,<environment.Job instance at 0x7f3152e7ac80>,18,18,[2 5],19,68,86,49,68
1,<environment.Job instance at 0x7f3152e7ac30>,20,3,[9 5],21,86,89,65,68
1,<environment.Job instance at 0x7f3152e7a8c0>,21,15,[10  1],22,97,112,75,83
1,<environment.Job instance at 0x7f3152e7a4b0>,19,18,[2 9],20,95,113,75,95
1,<environment.Job instance at 0x7f3152e7a190>,23,15,[2 5],24,95,110,71,95
1,<environment.Job instance at 0x7f3152e99140>,29,17,[8 3],30,112,129,82,101
1,<environment.Job instance at 0x7f3152e7a140>,16,16,[1 7],17,113,129,96,103
1,<environment.Job instance at 0x7f3152e99550>,31,1,[1 6],32,129,130,97,103
1,<environment.Job instance at 0x7f3152e994b0>,32,14,[5 6],33,129,143,96,114
1,<environment.Job instance at 0x7f3152e99e60>,36,18,[5 6],37,130,148,93,119
1,<environment.Job instance at 0x7f3152e99a50>,44,20,[5 5],45,143,163,98,134
1,<environment.Job instance at 0x7f3152790fa0>,48,17,[10  4],49,148,165,99,136
1,<environment.Job instance at 0x7f3152790500>,51,18,[10  5],52,165,183,113,154
1,<environment.Job instance at 0x7f31527903c0>,59,12,[1 8],60,163,175,103,154
1,<environment.Job instance at 0x7f3152790a50>,60,14,[6 4],61,183,197,122,168
1,<environment.Job instance at 0x7f3152790b90>,61,14,[3 7],62,175,189,113,169
1,<environment.Job instance at 0x7f3151f62dc0>,0,16,[3 7],1,1,17,0,1
1,<environment.Job instance at 0x7f3152790730>,1,13,[9 1],2,3,16,1,3
1,<environment.Job instance at 0x7f315286b640>,3,2,[ 4 11],4,17,19,13,4
1,<environment.Job instance at 0x7f315286b460>,4,13,[2 8],5,19,32,14,5
1,<environment.Job instance at 0x7f315286b780>,6,16,[1 7],7,19,35,12,7
1,<environment.Job instance at 0x7f315286bd70>,10,12,[ 4 14],11,35,47,24,18
1,<environment.Job instance at 0x7f315286b410>,12,18,[3 6],13,47,65,34,36
1,<environment.Job instance at 0x7f315286b050>,13,14,[12  1],14,47,61,33,36
1,<environment.Job instance at 0x7f315286b7d0>,22,20,[8 4],23,61,81,38,53
1,<environment.Job instance at 0x7f3152894690>,24,17,[7 3],25,65,82,40,53
1,<environment.Job instance at 0x7f31528940f0>,25,23,[2 8],26,81,104,55,75
1,<environment.Job instance at 0x7f31528947d0>,33,21,[5 4],34,81,102,47,75
1,<environment.Job instance at 0x7f315286b140>,17,18,[ 4 12],18,104,122,86,94
1,<environment.Job instance at 0x7f3152790d20>,2,18,[10  3],3,102,120,99,94
1,<environment.Job instance at 0x7f31528940a0>,37,18,[ 4 10],38,122,140,84,113
1,<environment.Job instance at 0x7f31528946e0>,38,15,[3 5],39,122,137,83,113
1,<environment.Job instance at 0x7f315286bb40>,5,12,[ 1 14],6,140,152,134,123
1,<environment.Job instance at 0x7f3152894f00>,39,27,[10  2],40,152,179,112,150
1,<environment.Job instance at 0x7f3151f5f1e0>,1,13,[1 7],2,2,15,0,2
1,<environment.Job instance at 0x7f31528949b0>,2,12,[2 5],3,3,15,0,3
1,<environment.Job instance at 0x7f3152072730>,3,17,[5 2],4,4,21,0,4
1,<environment.Job instance at 0x7f3152894f00>,5,12,[3 5],6,15,27,9,8
1,<environment.Job instance at 0x7f3151b2ebe0>,17,18,[2 6],18,18,36,0,18
1,<environment.Job instance at 0x7f3152072be0>,4,24,[6 4],5,22,46,17,22
1,<environment.Job instance at 0x7f3152072e60>,7,18,[5 5],8,27,45,19,25
1,<environment.Job instance at 0x7f3151b2e5f0>,22,13,[11  2],23,46,59,23,31
1,<environment.Job instance at 0x7f3151b2ea00>,21,18,[3 8],22,45,63,23,34
1,<environment.Job instance at 0x7f3151b2ee10>,25,18,[9 5],26,59,77,33,48
1,<environment.Job instance at 0x7f3151b2ec30>,28,13,[2 5],29,63,76,34,48
1,<environment.Job instance at 0x7f3151b2eaf0>,29,16,[ 4 10],30,76,92,46,63
1,<environment.Job instance at 0x7f3151b2efa0>,31,12,[1 7],32,92,104,60,75
1,<environment.Job instance at 0x7f3151b2e0f0>,32,16,[8 1],33,77,93,44,75
1,<environment.Job instance at 0x7f3152084960>,33,14,[9 3],34,93,107,59,78
1,<environment.Job instance at 0x7f3152084af0>,35,12,[8 3],36,107,119,71,90
1,<environment.Job instance at 0x7f31520840a0>,36,20,[2 8],37,104,124,67,96
1,<environment.Job instance at 0x7f3152084820>,38,15,[5 2],39,107,122,68,96
1,<environment.Job instance at 0x7f3152084500>,39,14,[1 5],40,119,133,79,104
1,<environment.Job instance at 0x7f3152084aa0>,41,12,[6 5],42,124,136,82,107
1,<environment.Job instance at 0x7f3152084f50>,43,16,[ 5 10],44,133,149,89,120
1,<environment.Job instance at 0x7f3152084320>,44,13,[2 9],45,149,162,104,133
1,<environment.Job instance at 0x7f315207af00>,54,15,[7 4],55,136,151,81,133
1,<environment.Job instance at 0x7f3152072f00>,23,15,[10  3],24,151,166,127,137
1,<environment.Job instance at 0x7f315207a2d0>,61,22,[ 1 14],62,166,188,104,159
1,<environment.Job instance at 0x7f31520858c0>,62,1,[9 3],63,188,189,125,160
1,<environment.Job instance at 0x7f315336a730>,0,18,[3 9],1,1,19,0,1
1,<environment.Job instance at 0x7f3152085e60>,1,14,[12  2],2,2,16,0,2
1,<environment.Job instance at 0x7f31532e6410>,4,3,[4 6],5,16,19,11,5
1,<environment.Job instance at 0x7f3151daa1e0>,2,16,[ 2 10],3,19,35,16,6
1,<environment.Job instance at 0x7f31532e6a50>,6,13,[5 1],7,19,32,12,7
1,<environment.Job instance at 0x7f31532e6550>,5,1,[ 1 11],6,35,36,29,7
1,<environment.Job instance at 0x7f31527e65a0>,13,15,[7 2],14,19,34,5,14
1,<environment.Job instance at 0x7f31527e6320>,14,17,[7 4],15,34,51,19,22
1,<environment.Job instance at 0x7f31527e6be0>,21,21,[3 9],22,36,57,14,28
1,<environment.Job instance at 0x7f31527e60f0>,22,12,[9 5],23,51,63,28,34
1,<environment.Job instance at 0x7f31527e6e10>,25,3,[5 5],26,57,60,31,34
1,<environment.Job instance at 0x7f31527e60a0>,27,14,[3 5],28,60,74,32,45
1,<environment.Job instance at 0x7f31527e6c80>,28,17,[10  2],29,63,80,34,51
1,<environment.Job instance at 0x7f31527e6fa0>,29,16,[ 5 10],30,74,90,44,61
1,<environment.Job instance at 0x7f31527e6870>,30,20,[3 5],31,80,100,49,71
1,<environment.Job instance at 0x7f3151e022d0>,31,14,[5 1],32,90,104,58,75
1,<environment.Job instance at 0x7f3151e02280>,32,12,[6 2],33,90,102,57,75
1,<environment.Job instance at 0x7f3151e02be0>,36,13,[8 5],37,102,115,65,86
1,<environment.Job instance at 0x7f3151e02e60>,38,13,[6 4],39,104,117,65,88
1,<environment.Job instance at 0x7f3151e02910>,39,16,[4 8],40,115,131,75,102
1,<environment.Job instance at 0x7f31532e6cd0>,7,15,[3 5],8,117,132,109,113
1,<environment.Job instance at 0x7f31527e64b0>,15,12,[9 3],16,131,143,115,118
1,<environment.Job instance at 0x7f31527e69b0>,11,15,[ 2 10],12,132,147,120,124
1,<environment.Job instance at 0x7f3151e02780>,44,15,[13  2],45,143,158,98,129
1,<environment.Job instance at 0x7f3151e02460>,43,18,[14  3],44,158,176,114,149
1,<environment.Job instance at 0x7f3151e02dc0>,46,2,[ 3 13],47,176,178,129,149
1,<environment.Job instance at 0x7f31526aea00>,0,3,[4 8],1,1,4,0,1
1,<environment.Job instance at 0x7f31526ae960>,1,14,[6 2],2,2,16,0,2
1,<environment.Job instance at 0x7f31526ae190>,5,15,[ 3 10],6,6,21,0,6
1,<environment.Job instance at 0x7f3152697c30>,6,13,[3 8],7,21,34,14,7
1,<environment.Job instance at 0x7f3152697fa0>,8,16,[5 5],9,16,32,7,11
1,<environment.Job instance at 0x7f315290cc30>,12,16,[5 1],13,21,37,8,13
1,<environment.Job instance at 0x7f3152124dc0>,22,18,[7 3],23,32,50,9,23
1,<environment.Job instance at 0x7f3153164410>,23,14,[5 3],24,37,51,13,24
1,<environment.Job instance at 0x7f3152ede0a0>,25,16,[1 7],26,34,50,8,26
1,<environment.Job instance at 0x7f3152bdb0a0>,26,15,[7 1],27,50,65,23,36
1,<environment.Job instance at 0x7f31532965f0>,33,13,[5 2],34,51,64,17,36
1,<environment.Job instance at 0x7f3153296eb0>,36,13,[9 5],37,65,78,28,49
1,<environment.Job instance at 0x7f31529165a0>,39,17,[9 2],40,78,95,38,66
1,<environment.Job instance at 0x7f315290c6e0>,9,16,[4 8],10,66,82,56,66
1,<environment.Job instance at 0x7f3152916190>,44,14,[ 1 11],45,82,96,37,67
1,<environment.Job instance at 0x7f3152916910>,45,14,[5 8],46,96,110,50,82
1,<environment.Job instance at 0x7f31529161e0>,46,1,[7 2],47,95,96,48,82
1,<environment.Job instance at 0x7f3152916e60>,43,18,[5 7],44,96,114,52,89
1,<environment.Job instance at 0x7f31526ae5a0>,7,14,[ 2 10],8,114,128,106,100
1,<environment.Job instance at 0x7f3152916410>,49,1,[8 2],50,110,111,60,101
1,<environment.Job instance at 0x7f3152916b40>,48,20,[7 5],49,111,131,62,102
1,<environment.Job instance at 0x7f3152916460>,52,17,[2 7],53,128,145,75,116
1,<environment.Job instance at 0x7f3152916a50>,54,17,[1 7],55,131,148,76,123
1,<environment.Job instance at 0x7f31529167d0>,55,13,[5 1],56,131,144,75,131
1,<environment.Job instance at 0x7f3152916640>,56,14,[7 3],57,145,159,88,131
1,<environment.Job instance at 0x7f3152916c30>,58,14,[5 2],59,145,159,86,131
1,<environment.Job instance at 0x7f3152916be0>,47,12,[ 2 12],48,159,171,111,142
1,<environment.Job instance at 0x7f31529c9a50>,66,18,[5 9],67,171,189,104,160
1,<environment.Job instance at 0x7f3152ea3370>,69,12,[5 5],70,171,183,101,160
1,<environment.Job instance at 0x7f3151f21500>,2,1,[ 3 14],3,3,4,0,3
1,<environment.Job instance at 0x7f3151f210f0>,3,17,[ 5 10],4,4,21,0,4
1,<environment.Job instance at 0x7f3151f3be60>,11,25,[4 6],12,21,46,9,17
1,<environment.Job instance at 0x7f3151f3bc30>,10,17,[10  3],11,17,34,6,17
1,<environment.Job instance at 0x7f3151f3bf50>,13,12,[2 8],14,34,46,20,17
1,<environment.Job instance at 0x7f3152187460>,16,14,[5 8],17,46,60,29,31
1,<environment.Job instance at 0x7f3152187410>,19,15,[5 2],20,46,61,26,32
1,<environment.Job instance at 0x7f3152187b90>,24,16,[6 1],25,60,76,35,47
1,<environment.Job instance at 0x7f3151f3b910>,12,17,[ 2 10],13,60,77,47,48
1,<environment.Job instance at 0x7f3152187e60>,27,2,[12  5],28,76,78,48,49
1,<environment.Job instance at 0x7f3152187c30>,28,1,[7 5],29,78,79,49,50
1,<environment.Job instance at 0x7f31521878c0>,29,14,[ 2 11],30,79,93,49,66
1,<environment.Job instance at 0x7f3152187960>,30,15,[6 2],31,78,93,47,66
1,<environment.Job instance at 0x7f3152187550>,31,1,[3 8],32,77,78,45,66
1,<environment.Job instance at 0x7f31524d44b0>,32,13,[12  1],33,93,106,60,77
1,<environment.Job instance at 0x7f3152187870>,33,28,[13  1],34,106,134,72,105
1,<environment.Job instance at 0x7f31524d4500>,34,19,[8 2],35,134,153,99,124
1,<environment.Job instance at 0x7f3151f21730>,4,15,[5 6],5,134,149,129,129
1,<environment.Job instance at 0x7f31524d4820>,45,15,[7 5],46,149,164,103,135
1,<environment.Job instance at 0x7f31524d4140>,40,16,[6 4],41,153,169,112,144
1,<environment.Job instance at 0x7f3153202460>,52,13,[1 5],53,153,166,100,144
1,<environment.Job instance at 0x7f3153202550>,53,3,[ 5 14],54,169,172,115,144
1,<environment.Job instance at 0x7f3153202b90>,61,16,[7 4],62,172,188,110,159
1,<environment.Job instance at 0x7f31524ea410>,79,18,[6 5],80,172,190,92,161
1,<environment.Job instance at 0x7f3151a25b40>,0,18,[4 9],1,1,19,0,1
1,<environment.Job instance at 0x7f3151a255a0>,1,12,[4 8],2,19,31,17,2
1,<environment.Job instance at 0x7f3152099820>,7,16,[7 5],8,8,24,0,8
1,<environment.Job instance at 0x7f3152099aa0>,8,15,[5 6],9,24,39,15,10
1,<environment.Job instance at 0x7f3152099c80>,10,17,[11  4],11,39,56,28,27
1,<environment.Job instance at 0x7f3152099dc0>,11,16,[ 2 10],12,39,55,27,27
1,<environment.Job instance at 0x7f3152099eb0>,12,17,[5 1],13,56,73,43,44
1,<environment.Job instance at 0x7f3152099f50>,13,21,[4 8],14,55,76,41,47
1,<environment.Job instance at 0x7f3152099fa0>,14,16,[9 1],15,73,89,58,60
1,<environment.Job instance at 0x7f3152099f00>,15,3,[7 5],16,89,92,73,63
1,<environment.Job instance at 0x7f3152099be0>,16,21,[8 5],17,89,110,72,81
1,<environment.Job instance at 0x7f31520b1190>,17,3,[6 4],18,81,84,63,81
1,<environment.Job instance at 0x7f31520b12d0>,19,14,[1 8],20,92,106,72,81
1,<environment.Job instance at 0x7f31520b1410>,21,14,[5 1],22,92,106,70,81
1,<environment.Job instance at 0x7f31520b14b0>,22,3,[2 7],23,84,87,61,81
1,<environment.Job instance at 0x7f31520b15f0>,24,18,[5 8],25,106,124,81,95
1,<environment.Job instance at 0x7f31520b1690>,25,2,[3 5],26,110,112,84,95
1,<environment.Job instance at 0x7f31520b1730>,26,3,[2 8],27,124,127,97,98
1,<environment.Job instance at 0x7f31520b1820>,27,12,[10  4],28,112,124,84,98
1,<environment.Job instance at 0x7f31520b1140>,28,17,[4 7],29,124,141,95,112
1,<environment.Job instance at 0x7f31520b1a50>,30,18,[7 1],31,127,145,96,116
1,<environment.Job instance at 0x7f31520b1af0>,31,25,[1 7],32,127,152,95,123
1,<environment.Job instance at 0x7f31520b1b90>,32,19,[5 8],33,145,164,112,135
1,<environment.Job instance at 0x7f31520b1c30>,33,16,[7 4],34,152,168,118,139
1,<environment.Job instance at 0x7f31520b1eb0>,37,12,[9 2],38,168,180,130,151
1,<environment.Job instance at 0x7f31520ba190>,41,17,[ 3 10],42,164,181,122,152
1,<environment.Job instance at 0x7f31520ba230>,42,13,[8 1],43,180,193,137,164
1,<environment.Job instance at 0x7f50ee1f7320>,1,22,[11  3],2,2,24,0,2
1,<environment.Job instance at 0x7f50e4a7f410>,2,22,[4 8],3,3,25,0,3
1,<environment.Job instance at 0x7f50e4a7f690>,4,14,[1 6],5,24,38,19,9
1,<environment.Job instance at 0x7f50e4a7fc80>,14,13,[7 3],15,25,38,10,15
1,<environment.Job instance at 0x7f50e4a7f500>,7,25,[6 2],8,29,54,21,29
1,<environment.Job instance at 0x7f50e4a7fe60>,15,18,[2 8],16,38,56,22,29
1,<environment.Job instance at 0x7f50e4a7f7d0>,6,20,[6 1],7,38,58,31,29
1,<environment.Job instance at 0x7f50e4a815f0>,27,18,[1 8],28,56,74,28,51
1,<environment.Job instance at 0x7f50e4a81a50>,32,20,[5 5],33,54,74,21,51
1,<environment.Job instance at 0x7f50e4a81b40>,34,16,[2 8],35,74,90,39,61
1,<environment.Job instance at 0x7f50e4a81cd0>,36,15,[9 5],37,74,89,37,61
1,<environment.Job instance at 0x7f50e4a81fa0>,41,15,[10  3],42,89,104,47,75
1,<environment.Job instance at 0x7f50e4a81d70>,43,20,[4 6],44,90,110,46,86
1,<environment.Job instance at 0x7f50e4a85230>,44,18,[5 5],45,104,122,59,93
1,<environment.Job instance at 0x7f50e4a85370>,46,13,[6 5],47,110,123,63,94
1,<environment.Job instance at 0x7f50e4a7ff00>,16,16,[3 5],17,110,126,93,97
1,<environment.Job instance at 0x7f50e4a854b0>,48,20,[6 5],49,122,142,73,113
1,<environment.Job instance at 0x7f50e4a85640>,52,20,[5 3],53,123,143,70,114
1,<environment.Job instance at 0x7f50e4a85730>,54,17,[5 7],55,142,159,87,130
1,<environment.Job instance at 0x7f50e4a859b0>,57,17,[8 5],58,143,160,85,131
1,<environment.Job instance at 0x7f50e4a85a50>,58,18,[2 8],59,159,177,100,148
1,<environment.Job instance at 0x7f50e4a85af0>,59,14,[2 7],60,160,174,100,148
1,<environment.Job instance at 0x7f50e4a870f0>,67,18,[3 8],68,177,195,109,166
1,<environment.Job instance at 0x7f50e4a85550>,49,15,[10  1],50,174,189,124,171
1,<environment.Job instance at 0x7f50e4a21a50>,1,13,[4 9],2,2,15,0,2
1,<environment.Job instance at 0x7f50e4a876e0>,2,14,[2 9],3,15,29,12,3
1,<environment.Job instance at 0x7f50e51789b0>,3,2,[13  3],4,15,17,11,4
1,<environment.Job instance at 0x7f50e51551e0>,5,2,[5 2],6,6,8,0,6
1,<environment.Job instance at 0x7f50e51555f0>,6,1,[5 9],7,29,30,22,7
1,<environment.Job instance at 0x7f50e5155690>,8,21,[9 4],9,17,38,8,9
1,<environment.Job instance at 0x7f50e5155870>,12,28,[2 8],13,30,58,17,29
1,<environment.Job instance at 0x7f50e5155e60>,13,12,[1 7],14,38,50,24,29
1,<environment.Job instance at 0x7f50e5155e10>,14,3,[10  2],15,50,53,35,29
1,<environment.Job instance at 0x7f50e51553c0>,15,3,[5 5],16,53,56,37,29
1,<environment.Job instance at 0x7f50e5155550>,16,3,[ 5 10],17,58,61,41,32
1,<environment.Job instance at 0x7f50e5155230>,17,20,[5 3],18,56,76,38,47
1,<environment.Job instance at 0x7f50e5155320>,18,3,[10  1],19,61,64,42,47
1,<environment.Job instance at 0x7f50e5155c80>,19,21,[6 1],20,64,85,44,56
1,<environment.Job instance at 0x7f50e5155a50>,20,2,[7 5],21,76,78,55,56
1,<environment.Job instance at 0x7f50e51550a0>,21,14,[2 7],22,64,78,42,56
1,<environment.Job instance at 0x7f50e5155910>,9,12,[9 3],10,78,90,68,72
1,<environment.Job instance at 0x7f50e51a8cd0>,23,3,[7 5],24,90,93,66,72
1,<environment.Job instance at 0x7f50e4a87910>,10,18,[10  3],11,93,111,82,82
1,<environment.Job instance at 0x7f50e51a8780>,24,28,[2 7],25,85,113,60,84
1,<environment.Job instance at 0x7f50e51a8230>,28,2,[5 2],29,90,92,61,84
1,<environment.Job instance at 0x7f50e51550f0>,11,17,[12  2],12,111,128,99,99
1,<environment.Job instance at 0x7f50e51a80a0>,27,15,[3 7],28,113,128,85,101
1,<environment.Job instance at 0x7f50e51a8550>,34,13,[9 4],35,128,141,93,112
1,<environment.Job instance at 0x7f50e51a8280>,36,17,[3 8],37,128,145,91,117
1,<environment.Job instance at 0x7f50e51a83c0>,37,19,[10  5],38,141,160,103,132
1,<environment.Job instance at 0x7f50e51a85a0>,29,22,[2 7],30,145,167,115,139
1,<environment.Job instance at 0x7f50e51036e0>,42,14,[6 1],43,160,174,117,145
1,<environment.Job instance at 0x7f50e5103230>,44,16,[3 8],45,167,183,122,167
1,<environment.Job instance at 0x7f50e51035f0>,46,16,[9 2],47,174,190,127,167
1,<environment.Job instance at 0x7f50e5103d20>,48,13,[6 3],49,183,196,134,167
1,<environment.Job instance at 0x7f50e5103960>,49,13,[7 4],50,190,203,140,174
1,<environment.Job instance at 0x7f50e4180910>,1,12,[3 8],2,2,14,0,2
1,<environment.Job instance at 0x7f50e5103550>,3,15,[4 6],4,5,20,1,5
1,<environment.Job instance at 0x7f50e4180780>,6,15,[5 3],7,14,29,7,7
1,<environment.Job instance at 0x7f50e4180870>,7,18,[1 5],8,14,32,6,8
1,<environment.Job instance at 0x7f50e4198190>,9,13,[1 7],10,20,33,10,10
1,<environment.Job instance at 0x7f50e41988c0>,16,13,[5 5],17,32,45,15,17
1,<environment.Job instance at 0x7f50e41983c0>,19,14,[7 5],20,33,47,13,20
1,<environment.Job instance at 0x7f50e41804b0>,25,3,[12  3],26,29,32,3,26
1,<environment.Job instance at 0x7f50e4198b40>,24,16,[10  4],25,47,63,22,34
1,<environment.Job instance at 0x7f50e4198410>,27,14,[7 5],28,63,77,35,48
1,<environment.Job instance at 0x7f50e41b10a0>,29,18,[9 5],30,77,95,47,66
1,<environment.Job instance at 0x7f50e41b1050>,33,17,[7 2],34,95,112,61,83
1,<environment.Job instance at 0x7f50e41b1aa0>,35,20,[3 8],36,83,103,47,83
1,<environment.Job instance at 0x7f50e41b15f0>,39,17,[4 8],40,103,120,63,91
1,<environment.Job instance at 0x7f50e41b1370>,40,21,[7 4],41,112,133,71,104
1,<environment.Job instance at 0x7f50e41b1500>,44,22,[1 7],45,120,142,75,113
1,<environment.Job instance at 0x7f50e41b1dc0>,46,14,[ 2 10],47,142,156,95,127
1,<environment.Job instance at 0x7f50e41b38c0>,50,14,[ 5 10],51,156,170,105,141
1,<environment.Job instance at 0x7f50e41b30a0>,51,16,[5 9],52,170,186,118,157
1,<environment.Job instance at 0x7f50e41b3aa0>,53,17,[5 1],54,157,174,103,157
1,<environment.Job instance at 0x7f50e41b3c80>,54,17,[8 4],55,174,191,119,162
1,<environment.Job instance at 0x7f50e41b30f0>,57,13,[9 4],58,191,204,133,175
1,<environment.Job instance at 0x7f50e41b35f0>,59,20,[5 1],60,186,206,126,177
1,<environment.Job instance at 0x7f50ee108870>,1,13,[ 4 10],2,2,15,0,2
1,<environment.Job instance at 0x7f50e41b3780>,2,1,[ 4 14],3,15,16,12,5
1,<environment.Job instance at 0x7f50e51ab3c0>,4,19,[6 3],5,16,35,11,6
1,<environment.Job instance at 0x7f50e51abf50>,6,14,[8 5],7,16,30,9,7
1,<environment.Job instance at 0x7f50e51ab4b0>,8,2,[ 5 14],9,35,37,26,10
1,<environment.Job instance at 0x7f50e51abbe0>,10,1,[ 5 14],11,37,38,26,11
1,<environment.Job instance at 0x7f50e51ab370>,11,1,[10  5],12,38,39,26,15
1,<environment.Job instance at 0x7f50e51ab320>,7,17,[2 5],8,38,55,30,26
1,<environment.Job instance at 0x7f50e51abe10>,18,12,[3 8],19,39,51,20,26
1,<environment.Job instance at 0x7f50e51ab870>,5,21,[7 1],6,39,60,33,31
1,<environment.Job instance at 0x7f50e51ab1e0>,9,13,[3 9],10,51,64,41,35
1,<environment.Job instance at 0x7f50e4fda5a0>,26,18,[1 7],27,64,82,37,53
1,<environment.Job instance at 0x7f50e4fdafa0>,29,15,[1 6],30,60,75,30,53
1,<environment.Job instance at 0x7f50e4fdacd0>,34,15,[7 4],35,75,90,40,61
1,<environment.Job instance at 0x7f50e4fda780>,36,14,[6 2],37,64,78,27,61
1,<environment.Job instance at 0x7f50e4fda320>,38,17,[7 2],39,78,95,39,66
1,<environment.Job instance at 0x7f50e503ec30>,43,12,[6 5],44,90,102,46,73
1,<environment.Job instance at 0x7f50e503e7d0>,47,19,[5 7],48,95,114,47,85
1,<environment.Job instance at 0x7f50e503e230>,54,20,[3 8],55,102,122,47,93
1,<environment.Job instance at 0x7f50e503e280>,55,17,[2 9],56,122,139,66,110
1,<environment.Job instance at 0x7f50e503e460>,57,13,[6 2],58,114,127,56,110
1,<environment.Job instance at 0x7f50e5028dc0>,59,19,[9 4],60,127,146,67,117
1,<environment.Job instance at 0x7f50e5028cd0>,61,16,[1 8],62,139,155,77,135
1,<environment.Job instance at 0x7f50e5028640>,62,13,[3 6],63,146,159,83,135
1,<environment.Job instance at 0x7f50e51b5280>,78,17,[5 5],79,155,172,76,143
1,<environment.Job instance at 0x7f50e51b58c0>,79,14,[3 7],80,159,173,79,144
1,<environment.Job instance at 0x7f50e51b5d20>,80,15,[9 4],81,172,187,91,158
1,<environment.Job instance at 0x7f50e51b59b0>,83,20,[5 4],84,173,193,89,164
1,<environment.Job instance at 0x7f50e4dbc690>,87,20,[6 2],88,187,207,99,178
1,<environment.Job instance at 0x7f50e4dbcaa0>,88,16,[4 9],89,187,203,98,178
1,<environment.Job instance at 0x7f50e5566fa0>,3,3,[9 1],4,4,7,0,4
1,<environment.Job instance at 0x7f50e5566230>,5,17,[6 5],6,6,23,0,6
1,<environment.Job instance at 0x7f50e5566f00>,8,16,[ 5 10],9,9,25,0,9
1,<environment.Job instance at 0x7f50e5566870>,9,1,[6 1],10,23,24,13,10
1,<environment.Job instance at 0x7f50e5566960>,10,15,[5 2],11,24,39,13,11
1,<environment.Job instance at 0x7f50e5566370>,12,14,[7 1],13,25,39,12,13
1,<environment.Job instance at 0x7f50e5457820>,18,3,[13  4],19,39,42,20,19
1,<environment.Job instance at 0x7f50e5457230>,17,14,[2 6],18,25,39,7,20
1,<environment.Job instance at 0x7f50e5577f50>,20,18,[7 5],21,42,60,21,31
1,<environment.Job instance at 0x7f50e5577960>,22,16,[ 2 10],23,39,55,16,31
1,<environment.Job instance at 0x7f50e55779b0>,23,17,[4 5],24,55,72,31,43
1,<environment.Job instance at 0x7f50e54570f0>,19,16,[2 9],20,60,76,40,48
1,<environment.Job instance at 0x7f50e55773c0>,25,1,[1 6],26,72,73,46,48
1,<environment.Job instance at 0x7f50e5564b90>,29,3,[7 1],30,60,63,30,48
1,<environment.Job instance at 0x7f50e5577870>,28,18,[10  5],29,73,91,44,62
1,<environment.Job instance at 0x7f50e55649b0>,31,15,[10  4],32,91,106,59,77
1,<environment.Job instance at 0x7f50e50fff00>,39,14,[1 7],40,77,91,37,77
1,<environment.Job instance at 0x7f50e5569e60>,40,17,[9 4],41,106,123,65,94
1,<environment.Job instance at 0x7f50e50ff8c0>,42,18,[4 8],43,95,113,52,95
1,<environment.Job instance at 0x7f50e558e910>,46,13,[1 5],47,113,126,66,98
1,<environment.Job instance at 0x7f50e54d9be0>,47,15,[ 5 10],48,123,138,75,109
1,<environment.Job instance at 0x7f50e526caf0>,50,14,[9 5],51,126,140,75,111
1,<environment.Job instance at 0x7f50e526c640>,52,13,[5 8],53,138,151,85,122
1,<environment.Job instance at 0x7f50e526c280>,53,18,[9 4],54,140,158,86,129
1,<environment.Job instance at 0x7f50e526c5a0>,54,18,[ 4 10],55,151,169,96,140
1,<environment.Job instance at 0x7f50e526ca50>,57,12,[6 3],58,158,170,100,141
1,<environment.Job instance at 0x7f50e5557960>,58,15,[ 5 10],59,169,184,110,155
1,<environment.Job instance at 0x7f50e5557550>,59,17,[5 7],60,184,201,124,172
1,<environment.Job instance at 0x7f50e5557f00>,61,19,[4 8],62,184,203,122,174
1,<environment.Job instance at 0x7f50e5557820>,2,14,[7 2],3,3,17,0,3
1,<environment.Job instance at 0x7f50e43e7190>,4,14,[7 2],5,5,19,0,5
1,<environment.Job instance at 0x7f50e44e1a50>,5,12,[6 1],6,17,29,11,6
1,<environment.Job instance at 0x7f50e44e1370>,8,20,[5 6],9,19,39,10,10
1,<environment.Job instance at 0x7f50e44e1690>,10,14,[3 8],11,19,33,8,11
1,<environment.Job instance at 0x7f50e44e1e60>,11,16,[6 5],12,33,49,21,20
1,<environment.Job instance at 0x7f50e44e1230>,15,20,[3 7],16,39,59,23,30
1,<environment.Job instance at 0x7f50e44e1f00>,17,21,[1 7],18,49,70,31,41
1,<environment.Job instance at 0x7f50e44e1140>,18,16,[9 2],19,59,75,40,46
1,<environment.Job instance at 0x7f50e45155f0>,23,12,[5 9],24,70,82,46,53
1,<environment.Job instance at 0x7f50e4515780>,24,12,[6 4],25,75,87,50,58
1,<environment.Job instance at 0x7f50e4515640>,27,17,[9 2],28,82,99,54,70
1,<environment.Job instance at 0x7f50e43df500>,41,18,[ 2 10],42,87,105,45,78
1,<environment.Job instance at 0x7f50e43dfaa0>,42,17,[8 3],43,99,116,56,87
1,<environment.Job instance at 0x7f50e43df910>,44,12,[4 8],45,105,117,60,88
1,<environment.Job instance at 0x7f50e43e78c0>,3,14,[13  3],4,117,131,113,102
1,<environment.Job instance at 0x7f50e44e1b90>,12,14,[5 4],13,131,145,118,119
1,<environment.Job instance at 0x7f50e44e1870>,9,15,[10  1],10,131,146,121,119
1,<environment.Job instance at 0x7f50e43e7f00>,0,17,[ 1 13],1,145,162,144,135
1,<environment.Job instance at 0x7f50e4e78f00>,50,13,[11  1],51,146,159,95,135
1,<environment.Job instance at 0x7f50e4e780a0>,51,3,[ 2 11],52,162,165,110,136
1,<environment.Job instance at 0x7f50e4e78690>,52,16,[5 4],53,162,178,109,149
1,<environment.Job instance at 0x7f50e4e78e10>,49,14,[7 4],50,165,179,115,152
1,<environment.Job instance at 0x7f50e4e78820>,54,3,[6 2],55,159,162,104,152
1,<environment.Job instance at 0x7f50e4e785a0>,55,1,[6 3],56,178,179,122,152
1,<environment.Job instance at 0x7f50e4e78f50>,56,19,[7 1],57,179,198,122,169
1,<environment.Job instance at 0x7f50e4e78370>,57,2,[5 4],58,179,181,121,169
1,<environment.Job instance at 0x7f50e4e789b0>,53,17,[ 2 10],54,179,196,125,170
1,<environment.Job instance at 0x7f50e4ed6cd0>,1,22,[10  5],2,2,24,0,2
1,<environment.Job instance at 0x7f50e4e78780>,2,1,[ 5 14],3,24,25,21,3
1,<environment.Job instance at 0x7f50e3fe3500>,4,12,[ 1 10],5,5,17,0,5
1,<environment.Job instance at 0x7f50e3fe3780>,8,15,[5 1],9,17,32,8,14
1,<environment.Job instance at 0x7f50e3fe3820>,9,13,[5 2],10,25,38,15,14
1,<environment.Job instance at 0x7f50e4e789b0>,6,15,[1 8],7,25,40,18,25
1,<environment.Job instance at 0x7f50e3fe36e0>,7,3,[ 4 11],8,40,43,32,25
1,<environment.Job instance at 0x7f50e3fe38c0>,10,1,[10  2],11,38,39,27,25
1,<environment.Job instance at 0x7f50e3fe3cd0>,15,13,[8 1],16,39,52,23,25
1,<environment.Job instance at 0x7f50e3fe3dc0>,17,18,[1 9],18,43,61,25,38
1,<environment.Job instance at 0x7f50e3fe3f00>,19,14,[6 1],20,43,57,23,38
1,<environment.Job instance at 0x7f50e3fe3a00>,12,26,[7 4],13,52,78,39,49
1,<environment.Job instance at 0x7f50e3fe51e0>,23,3,[10  2],24,78,81,54,52
1,<environment.Job instance at 0x7f50e3fe5280>,24,14,[7 5],25,61,75,36,52
1,<environment.Job instance at 0x7f50e3fe3b90>,22,17,[3 7],23,78,95,55,78
1,<environment.Job instance at 0x7f50e3fe5500>,25,28,[9 1],26,81,109,55,80
1,<environment.Job instance at 0x7f50e3fe55a0>,27,18,[2 9],28,95,113,67,85
1,<environment.Job instance at 0x7f50e3fe56e0>,29,14,[ 1 10],30,113,127,83,98
1,<environment.Job instance at 0x7f50e3fe5640>,28,18,[5 5],29,109,127,80,101
1,<environment.Job instance at 0x7f50e3fe5820>,31,18,[5 2],32,127,145,95,116
1,<environment.Job instance at 0x7f50e3fe58c0>,32,16,[7 5],33,127,143,94,116
1,<environment.Job instance at 0x7f50e3fe5960>,33,1,[5 6],34,143,144,109,116
1,<environment.Job instance at 0x7f50e3fe5a00>,34,12,[8 3],35,144,156,109,127
1,<environment.Job instance at 0x7f50e3fe5aa0>,35,25,[9 4],36,156,181,120,152
1,<environment.Job instance at 0x7f50e3fe5b40>,36,3,[6 3],37,152,155,115,152
1,<environment.Job instance at 0x7f50e3fe5be0>,37,2,[12  3],38,181,183,143,154
1,<environment.Job instance at 0x7f50e3fe5e60>,38,23,[4 8],39,155,178,116,154
1,<environment.Job instance at 0x7f50e3fe5d20>,39,13,[9 1],40,183,196,143,167
1,<environment.Job instance at 0x7f50e48dd780>,1,18,[3 9],2,2,20,0,2
1,<environment.Job instance at 0x7f50e471f2d0>,7,12,[4 8],8,20,32,12,8
1,<environment.Job instance at 0x7f50e44f8f50>,9,2,[5 4],10,10,12,0,10
1,<environment.Job instance at 0x7f50e40f22d0>,0,1,[8 2],1,14,15,13,14
1,<environment.Job instance at 0x7f50e471f640>,10,12,[1 7],11,20,32,9,14
1,<environment.Job instance at 0x7f50e471fa00>,8,14,[1 9],9,32,46,23,17
1,<environment.Job instance at 0x7f50e471fc80>,13,12,[1 6],14,32,44,18,17
1,<environment.Job instance at 0x7f50e471ff00>,14,17,[5 5],15,44,61,29,32
1,<environment.Job instance at 0x7f50e44f8e10>,5,12,[5 1],6,44,56,38,33
1,<environment.Job instance at 0x7f50e44f82d0>,3,23,[6 1],4,56,79,52,50
1,<environment.Job instance at 0x7f50e471f280>,17,19,[6 2],18,61,80,43,51
1,<environment.Job instance at 0x7f50e471f1e0>,15,16,[3 6],16,63,79,47,63
1,<environment.Job instance at 0x7f50e471f730>,18,15,[11  1],19,80,95,61,66
1,<environment.Job instance at 0x7f50e4b97e10>,20,20,[5 5],21,95,115,74,86
1,<environment.Job instance at 0x7f50e471fb90>,11,26,[ 2 10],12,86,112,74,86
1,<environment.Job instance at 0x7f50e4b97910>,22,3,[ 5 10],23,112,115,89,86
1,<environment.Job instance at 0x7f50e4b97fa0>,23,12,[5 6],24,115,127,91,98
1,<environment.Job instance at 0x7f50e4b97eb0>,21,1,[2 7],22,115,116,93,105
1,<environment.Job instance at 0x7f50e4b97780>,25,12,[6 1],26,115,127,89,105
1,<environment.Job instance at 0x7f50e4b97d70>,26,2,[1 9],27,127,129,100,106
1,<environment.Job instance at 0x7f50e4b97f00>,27,15,[6 2],28,127,142,99,113
1,<environment.Job instance at 0x7f50e4b97f50>,24,23,[ 5 10],25,129,152,104,123
1,<environment.Job instance at 0x7f50e4b97be0>,28,24,[10  4],29,142,166,113,137
1,<environment.Job instance at 0x7f50e4b97e60>,30,16,[11  5],31,166,182,135,153
1,<environment.Job instance at 0x7f50e4b97190>,31,16,[8 5],32,182,198,150,169
1,<environment.Job instance at 0x7f50e4b97d20>,32,1,[ 3 12],33,198,199,165,173
1,<environment.Job instance at 0x7f50e3e09b90>,0,19,[ 3 10],1,1,20,0,1
1,<environment.Job instance at 0x7f50e4b97b90>,1,12,[5 8],2,20,32,18,3
1,<environment.Job instance at 0x7f50e4b97d20>,2,20,[10  3],3,4,24,1,4
1,<environment.Job instance at 0x7f50e4c764b0>,12,3,[4 8],13,32,35,19,13
1,<environment.Job instance at 0x7f50e3e26e60>,14,12,[13  2],15,35,47,20,18
1,<environment.Job instance at 0x7f50e4c76730>,13,16,[ 5 10],14,47,63,33,34
1,<environment.Job instance at 0x7f50e3caff00>,20,16,[3 6],21,63,79,42,50
1,<environment.Job instance at 0x7f50e3caf640>,21,15,[1 6],22,63,78,41,50
1,<environment.Job instance at 0x7f50e3cafb90>,25,13,[7 5],26,50,63,24,50
1,<environment.Job instance at 0x7f50e3caf5a0>,26,13,[6 1],27,63,76,36,50
1,<environment.Job instance at 0x7f50e3cafd70>,30,15,[8 4],31,78,93,47,64
1,<environment.Job instance at 0x7f50e427a6e0>,32,13,[5 1],33,64,77,31,64
1,<environment.Job instance at 0x7f50e3e6b140>,16,26,[2 8],17,79,105,62,77
1,<environment.Job instance at 0x7f50e50eb8c0>,34,2,[5 7],35,93,95,58,77
1,<environment.Job instance at 0x7f50e50eb780>,35,12,[1 6],36,95,107,59,78
1,<environment.Job instance at 0x7f50e4bcf730>,36,1,[6 3],37,105,106,68,78
1,<environment.Job instance at 0x7f50e4bcff00>,37,16,[12  2],38,106,122,68,94
1,<environment.Job instance at 0x7f50e4bcf910>,38,2,[ 2 13],39,107,109,68,94
1,<environment.Job instance at 0x7f50e3ca60f0>,5,21,[10  1],6,122,143,116,114
1,<environment.Job instance at 0x7f50e4bcfaa0>,40,21,[5 7],41,122,143,81,114
1,<environment.Job instance at 0x7f50e4bcfa50>,41,14,[10  4],42,143,157,101,129
1,<environment.Job instance at 0x7f50e4bcfdc0>,42,17,[4 9],43,143,160,100,132
1,<environment.Job instance at 0x7f50e4bcf5a0>,43,2,[8 3],44,157,159,113,132
1,<environment.Job instance at 0x7f50e4b1b280>,44,13,[7 4],45,159,172,114,143
1,<environment.Job instance at 0x7f50e4b1bb40>,45,2,[12  1],46,172,174,126,145
1,<environment.Job instance at 0x7f50e3cb9780>,47,13,[10  1],48,174,187,126,158
1,<environment.Job instance at 0x7f50e3cb9500>,48,16,[5 7],49,174,190,125,162
1,<environment.Job instance at 0x7f50e49c7820>,1,12,[8 4],2,2,14,0,2
1,<environment.Job instance at 0x7f50e40813c0>,0,15,[7 1],1,2,17,1,2
1,<environment.Job instance at 0x7f50e3cb9e60>,2,15,[ 4 11],3,14,29,11,3
1,<environment.Job instance at 0x7f50e4ef76e0>,8,15,[6 1],9,17,32,8,9
1,<environment.Job instance at 0x7f50e54ea690>,9,14,[5 7],10,29,43,19,15
1,<environment.Job instance at 0x7f50e4ef7410>,12,16,[3 5],13,29,45,16,18
1,<environment.Job instance at 0x7f50e54ddd20>,10,15,[6 2],11,32,47,21,18
1,<environment.Job instance at 0x7f50e5095a50>,15,21,[5 6],16,43,64,27,35
1,<environment.Job instance at 0x7f50edc562d0>,21,16,[8 1],22,47,63,25,35
1,<environment.Job instance at 0x7f50e4062e10>,25,16,[2 6],26,45,61,19,35
1,<environment.Job instance at 0x7f50e556c4b0>,27,19,[4 7],28,63,82,35,53
1,<environment.Job instance at 0x7f50e4ef7140>,7,25,[5 8],8,64,89,56,62
1,<environment.Job instance at 0x7f50e50815f0>,29,14,[1 9],30,89,103,59,74
1,<environment.Job instance at 0x7f50e54d9730>,32,12,[10  3],33,82,94,49,74
1,<environment.Job instance at 0x7f50e54d9550>,33,13,[5 1],34,94,107,60,78
1,<environment.Job instance at 0x7f50edbe7e60>,35,13,[9 5],36,94,107,58,78
1,<environment.Job instance at 0x7f50e54d9190>,36,12,[3 5],37,107,119,70,90
1,<environment.Job instance at 0x7f50e5581f00>,37,13,[9 3],38,107,120,69,91
1,<environment.Job instance at 0x7f50e496e2d0>,38,18,[5 3],39,119,137,80,108
1,<environment.Job instance at 0x7f50e537a230>,39,15,[9 3],40,120,135,80,108
1,<environment.Job instance at 0x7f50e45bcaa0>,42,22,[6 2],43,135,157,92,128
1,<environment.Job instance at 0x7f50e556cbe0>,30,17,[2 8],31,135,152,104,128
1,<environment.Job instance at 0x7f50e4989af0>,45,15,[ 1 10],46,152,167,106,138
1,<environment.Job instance at 0x7f50e50b4a00>,49,18,[7 3],50,150,168,100,150
1,<environment.Job instance at 0x7f50e45c12d0>,51,13,[4 8],52,167,180,115,151
1,<environment.Job instance at 0x7f50e45c1e10>,52,14,[1 6],53,168,182,115,153
1,<environment.Job instance at 0x7f50e45c11e0>,53,21,[7 4],54,180,201,126,172
1,<environment.Job instance at 0x7f50e50b4410>,46,22,[1 8],47,182,204,135,175
1,<environment.Job instance at 0x7f50e44816e0>,0,17,[3 6],1,1,18,0,1
1,<environment.Job instance at 0x7f50e5085550>,2,1,[9 3],3,4,5,1,4
1,<environment.Job instance at 0x7f50e5688410>,6,19,[8 2],7,7,26,0,7
1,<environment.Job instance at 0x7f50e50852d0>,1,17,[ 4 10],2,18,35,16,7
1,<environment.Job instance at 0x7f50e5688820>,9,14,[7 1],10,26,40,16,12
1,<environment.Job instance at 0x7f50e5688d70>,17,17,[2 5],18,35,52,17,23
1,<environment.Job instance at 0x7f50e5688d20>,18,18,[1 7],19,35,53,16,24
1,<environment.Job instance at 0x7f50e5688eb0>,20,14,[7 4],21,52,66,31,37
1,<environment.Job instance at 0x7f50e5688550>,10,14,[ 2 11],11,53,67,42,38
1,<environment.Job instance at 0x7f50e5688c80>,22,1,[6 3],23,40,41,17,38
1,<environment.Job instance at 0x7f50e4be6870>,23,2,[ 4 11],24,67,69,43,40
1,<environment.Job instance at 0x7f50e5688f50>,21,17,[ 4 10],22,69,86,47,57
1,<environment.Job instance at 0x7f50e4be65a0>,25,18,[5 3],26,66,84,40,57
1,<environment.Job instance at 0x7f50e5688640>,11,16,[5 5],12,84,100,72,71
1,<environment.Job instance at 0x7f50e4be6140>,27,15,[5 1],28,86,101,58,72
1,<environment.Job instance at 0x7f50e4be6c80>,28,2,[10  1],29,100,102,71,73
1,<environment.Job instance at 0x7f50e4be63c0>,29,13,[6 1],30,102,115,72,86
1,<environment.Job instance at 0x7f50e4be6be0>,30,12,[ 4 10],31,101,113,70,89
1,<environment.Job instance at 0x7f50e4be6640>,31,17,[6 1],32,113,130,81,101
1,<environment.Job instance at 0x7f50e4be6f00>,26,22,[8 4],27,115,137,88,111
1,<environment.Job instance at 0x7f50e4be6a50>,33,15,[5 8],34,130,145,96,116
1,<environment.Job instance at 0x7f50e4be6730>,35,14,[4 7],36,137,151,101,122
1,<environment.Job instance at 0x7f50e4be6b90>,37,21,[3 7],38,145,166,107,137
1,<environment.Job instance at 0x7f50e4be6c30>,38,26,[2 5],39,151,177,112,148
1,<environment.Job instance at 0x7f50e4be6fa0>,40,28,[1 5],41,166,194,125,165
1,<environment.Job instance at 0x7f50e495d960>,44,20,[8 1],45,165,185,120,165
1,<environment.Job instance at 0x7f50e495dbe0>,45,19,[4 6],46,177,196,131,167
1,<environment.Job instance at 0x7f50e495d550>,46,22,[7 4],47,185,207,138,178
1,<environment.Job instance at 0x7f50e4082730>,1,24,[5 3],2,2,26,0,2
1,<environment.Job instance at 0x7f50e495d690>,2,1,[5 5],3,3,4,0,3
1,<environment.Job instance at 0x7f50e4082cd0>,3,12,[9 4],4,4,16,0,4
1,<environment.Job instance at 0x7f50e4082320>,0,16,[10  3],1,16,32,15,4
1,<environment.Job instance at 0x7f50e4082500>,7,3,[6 3],8,32,35,24,9
1,<environment.Job instance at 0x7f50e4082f50>,6,15,[5 2],7,26,41,19,12
1,<environment.Job instance at 0x7f50e3e726e0>,13,14,[4 9],14,32,46,18,17
1,<environment.Job instance at 0x7f50e3e728c0>,18,14,[10  3],19,41,55,22,26
1,<environment.Job instance at 0x7f50e3e72e10>,19,18,[8 2],20,55,73,35,44
1,<environment.Job instance at 0x7f50e3e727d0>,21,17,[5 4],22,46,63,24,44
1,<environment.Job instance at 0x7f50e3e72410>,24,14,[3 7],25,63,77,38,49
1,<environment.Job instance at 0x7f50e3d87b40>,27,12,[3 7],28,73,85,45,57
1,<environment.Job instance at 0x7f50e3d875a0>,28,16,[7 1],29,73,89,44,63
1,<environment.Job instance at 0x7f50e3d87f50>,35,12,[5 5],36,77,89,41,67
1,<environment.Job instance at 0x7f50e3d87910>,36,12,[4 6],37,89,101,52,72
1,<environment.Job instance at 0x7f50e3d87d70>,41,17,[5 2],42,89,106,47,77
1,<environment.Job instance at 0x7f50e3d87e60>,42,15,[5 6],43,89,104,46,77
1,<environment.Job instance at 0x7f50e40827d0>,8,28,[4 6],9,101,129,92,100
1,<environment.Job instance at 0x7f50e40826e0>,5,25,[2 6],6,104,129,98,100
1,<environment.Job instance at 0x7f50e3da68c0>,46,14,[5 2],47,110,124,63,110
1,<environment.Job instance at 0x7f50e3da65a0>,47,3,[5 1],48,124,127,76,111
1,<environment.Job instance at 0x7f50e3da6910>,49,18,[7 5],50,129,147,79,118
1,<environment.Job instance at 0x7f50e3da6dc0>,53,16,[8 4],54,129,145,75,118
1,<environment.Job instance at 0x7f50e515c780>,63,17,[6 4],64,145,162,81,133
1,<environment.Job instance at 0x7f50e51769b0>,134,14,[5 4],135,147,161,12,135
1,<environment.Job instance at 0x7f50e420ee60>,138,17,[9 4],139,161,178,22,150
1,<environment.Job instance at 0x7f50e3cddcd0>,0,13,[ 4 14],1,1,14,0,1
1,<environment.Job instance at 0x7f50e3cdddc0>,1,18,[4 7],2,14,32,12,3
1,<environment.Job instance at 0x7f50e3e3b0f0>,5,19,[6 4],6,14,33,8,6
1,<environment.Job instance at 0x7f50e3e3b0a0>,10,18,[5 5],11,32,50,21,21
1,<environment.Job instance at 0x7f50e3e3bb90>,14,14,[6 5],15,33,47,18,21
1,<environment.Job instance at 0x7f50e3e1ef00>,15,17,[2 9],16,47,64,31,35
1,<environment.Job instance at 0x7f50e3e3b640>,11,17,[ 1 10],12,64,81,52,52
1,<environment.Job instance at 0x7f50e3e1e870>,17,2,[8 4],18,52,54,34,52
1,<environment.Job instance at 0x7f50e3e1ee60>,18,15,[ 3 10],19,81,96,62,67
1,<environment.Job instance at 0x7f50e3e1e230>,19,15,[ 2 12],20,96,111,76,82
1,<environment.Job instance at 0x7f50e3e1e410>,20,3,[ 3 10],21,111,114,90,85
1,<environment.Job instance at 0x7f50e3e1edc0>,21,18,[1 8],22,114,132,92,103
1,<environment.Job instance at 0x7f50e3e1e0a0>,22,21,[13  1],23,114,135,91,106
1,<environment.Job instance at 0x7f50e3e3b230>,6,12,[3 9],7,135,147,128,120
1,<environment.Job instance at 0x7f50e3e1ec80>,16,21,[8 4],17,135,156,118,127
1,<environment.Job instance at 0x7f50e3e1eaa0>,27,17,[6 1],28,147,164,119,135
1,<environment.Job instance at 0x7f50e3e1e820>,28,12,[4 5],29,156,168,127,139
1,<environment.Job instance at 0x7f50e3e1eb40>,31,20,[1 5],32,147,167,115,139
1,<environment.Job instance at 0x7f50e3e1e690>,34,13,[4 7],35,167,180,132,151
1,<environment.Job instance at 0x7f50e3cb7d70>,35,16,[11  5],36,168,184,132,156
1,<environment.Job instance at 0x7f50e3cb74b0>,37,13,[3 7],38,180,193,142,164
1,<environment.Job instance at 0x7f50e3cb76e0>,38,15,[7 4],39,184,199,145,170
1,<environment.Job instance at 0x7f50e4349280>,1,1,[2 5],2,2,3,0,2
1,<environment.Job instance at 0x7f50e3cb7f00>,2,15,[ 3 10],3,3,18,0,3
1,<environment.Job instance at 0x7f50e3f94960>,4,1,[13  5],5,18,19,13,5
1,<environment.Job instance at 0x7f50e3f94640>,5,1,[12  1],6,6,7,0,6
1,<environment.Job instance at 0x7f50e3f949b0>,6,2,[7 5],7,7,9,0,7
1,<environment.Job instance at 0x7f50e3f94eb0>,8,1,[3 8],9,19,20,10,9
1,<environment.Job instance at 0x7f50e52c5960>,0,18,[6 4],1,19,37,18,9
1,<environment.Job instance at 0x7f50e3f948c0>,9,2,[4 7],10,20,22,10,10
1,<environment.Job instance at 0x7f50e459c640>,10,14,[4 9],11,22,36,11,11
1,<environment.Job instance at 0x7f50e459c9b0>,15,2,[4 5],16,36,38,20,17
1,<environment.Job instance at 0x7f50e459ccd0>,18,12,[9 2],19,37,49,18,23
1,<environment.Job instance at 0x7f50e459c7d0>,13,17,[7 2],14,49,66,35,37
1,<environment.Job instance at 0x7f50e459ce10>,21,24,[2 5],22,37,61,15,37
1,<environment.Job instance at 0x7f50e459cf00>,22,13,[5 5],23,49,62,26,37
1,<environment.Job instance at 0x7f50e459cf50>,24,12,[ 1 12],25,62,74,37,45
1,<environment.Job instance at 0x7f50e51cb780>,33,12,[5 4],34,74,86,40,57
1,<environment.Job instance at 0x7f50e51cb820>,35,16,[4 8],36,74,90,38,63
1,<environment.Job instance at 0x7f50e51cb960>,36,17,[9 4],37,86,103,49,74
1,<environment.Job instance at 0x7f50e51cbcd0>,40,16,[3 7],41,90,106,49,77
1,<environment.Job instance at 0x7f50e51cbe10>,42,18,[10  3],43,103,121,60,92
1,<environment.Job instance at 0x7f50e51ee550>,52,18,[3 6],53,106,124,53,95
1,<environment.Job instance at 0x7f50e51eef00>,64,17,[7 3],65,121,138,56,109
1,<environment.Job instance at 0x7f50e51e04b0>,73,21,[5 4],74,121,142,47,113
1,<environment.Job instance at 0x7f50e51cb230>,25,22,[12  4],26,142,164,116,135
1,<environment.Job instance at 0x7f50e459caa0>,11,17,[10  4],12,164,181,152,152
1,<environment.Job instance at 0x7f50e51e0640>,78,15,[3 5],79,152,167,73,152
1,<environment.Job instance at 0x7f50e51e0820>,77,18,[ 4 10],78,167,185,89,163
1,<environment.Job instance at 0x7f50e51e0c80>,83,15,[6 5],84,181,196,97,167
1,<environment.Job instance at 0x7f50e51e0fa0>,88,17,[3 5],89,185,202,96,175
1,<environment.Job instance at 0x7f50e4e227d0>,1,19,[1 5],2,2,21,0,2
1,<environment.Job instance at 0x7f50e3f863c0>,2,12,[1 5],3,3,15,0,3
1,<environment.Job instance at 0x7f50e3fb1d20>,4,14,[5 6],5,15,29,10,5
1,<environment.Job instance at 0x7f50e3f6a2d0>,8,16,[3 6],9,21,37,12,9
1,<environment.Job instance at 0x7f50e416f460>,14,2,[10  5],15,29,31,14,17
1,<environment.Job instance at 0x7f50e416fdc0>,15,15,[5 5],16,31,46,15,21
1,<environment.Job instance at 0x7f50e416f230>,13,17,[5 6],14,37,54,23,25
1,<environment.Job instance at 0x7f50e502cdc0>,19,19,[5 2],20,31,50,11,25
1,<environment.Job instance at 0x7f50e502ce10>,21,19,[5 3],22,46,65,24,36
1,<environment.Job instance at 0x7f50e502c280>,17,16,[ 1 10],18,54,70,36,41
1,<environment.Job instance at 0x7f50e416f820>,11,13,[ 1 10],12,70,83,58,54
1,<environment.Job instance at 0x7f50e4139730>,25,18,[5 2],26,56,74,30,56
1,<environment.Job instance at 0x7f50e41393c0>,24,18,[9 1],25,65,83,40,59
1,<environment.Job instance at 0x7f50e4139190>,27,1,[10  2],28,83,84,55,59
1,<environment.Job instance at 0x7f50e4139370>,23,17,[4 8],24,83,100,59,71
1,<environment.Job instance at 0x7f50e4139e60>,31,13,[1 7],32,84,97,52,71
1,<environment.Job instance at 0x7f50e450afa0>,32,12,[2 5],33,97,109,64,80
1,<environment.Job instance at 0x7f50e450ae60>,33,17,[5 2],34,97,114,63,85
1,<environment.Job instance at 0x7f50e3f74f00>,35,12,[3 5],36,100,112,64,85
1,<environment.Job instance at 0x7f50e3f74fa0>,37,18,[5 5],38,109,127,71,98
1,<environment.Job instance at 0x7f50e3f74c30>,47,18,[2 6],48,112,130,64,102
1,<environment.Job instance at 0x7f50e502c960>,16,18,[ 5 10],17,130,148,113,119
1,<environment.Job instance at 0x7f50e3f74960>,51,18,[3 8],52,148,166,96,139
1,<environment.Job instance at 0x7f50e3f74870>,52,13,[11  2],53,148,161,95,139
1,<environment.Job instance at 0x7f50e3ccd780>,53,15,[10  3],54,161,176,107,147
1,<environment.Job instance at 0x7f50e3de20a0>,54,20,[5 6],55,166,186,111,157
1,<environment.Job instance at 0x7f50e3de2d70>,55,18,[9 5],56,176,194,120,165
1,<environment.Job instance at 0x7f50e512f960>,0,1,[3 8],1,2,3,1,2
1,<environment.Job instance at 0x7f50e512ffa0>,1,2,[ 3 11],2,3,5,1,2
1,<environment.Job instance at 0x7f50e512fc30>,2,3,[ 4 14],3,5,8,2,5
1,<environment.Job instance at 0x7f50e512f410>,4,20,[3 9],5,8,28,3,5
1,<environment.Job instance at 0x7f50e512ff50>,7,14,[5 6],8,8,22,0,8
1,<environment.Job instance at 0x7f50e512f8c0>,8,3,[10  1],9,22,25,13,9
1,<environment.Job instance at 0x7f50e512fb90>,9,2,[1 8],10,28,30,18,10
1,<environment.Job instance at 0x7f50e4ecfb90>,12,3,[14  4],13,28,31,15,14
1,<environment.Job instance at 0x7f50e4ecfb40>,16,1,[ 3 10],17,31,32,14,17
1,<environment.Job instance at 0x7f50e4ecf460>,17,12,[13  2],18,32,44,14,18
1,<environment.Job instance at 0x7f50e4ecf780>,13,12,[ 5 14],14,44,56,30,29
1,<environment.Job instance at 0x7f50e4ecfbe0>,19,2,[ 1 13],20,32,34,12,29
1,<environment.Job instance at 0x7f50e4ecf690>,15,18,[3 8],16,56,74,40,45
1,<environment.Job instance at 0x7f50e4ecfe10>,22,16,[ 2 10],23,74,90,51,61
1,<environment.Job instance at 0x7f50e4ecf500>,27,15,[3 5],28,61,76,33,61
1,<environment.Job instance at 0x7f50ee1322d0>,29,21,[4 6],30,90,111,60,82
1,<environment.Job instance at 0x7f50e4cea870>,33,15,[7 2],34,90,105,56,90
1,<environment.Job instance at 0x7f50e4ceaaa0>,34,17,[7 4],35,105,122,70,93
1,<environment.Job instance at 0x7f50e4cea910>,41,21,[3 9],42,114,135,72,114
1,<environment.Job instance at 0x7f50e4cea640>,42,12,[9 5],43,122,134,79,114
1,<environment.Job instance at 0x7f50e4cea140>,47,14,[3 5],48,134,148,86,119
1,<environment.Job instance at 0x7f50e4ecfcd0>,20,18,[3 9],21,135,153,114,124
1,<environment.Job instance at 0x7f50e4cea050>,48,17,[10  2],49,148,165,99,136
1,<environment.Job instance at 0x7f50e4cea2d0>,50,20,[3 5],51,153,173,102,144
1,<environment.Job instance at 0x7f50e4cea500>,51,14,[5 1],52,165,179,113,150
1,<environment.Job instance at 0x7f50e4ceaa00>,52,12,[6 2],53,165,177,112,150
1,<environment.Job instance at 0x7f50edc11640>,56,13,[8 5],57,177,190,120,161
1,<environment.Job instance at 0x7f50edc115a0>,58,13,[6 4],59,179,192,120,163
1,<environment.Job instance at 0x7f50edc11eb0>,59,16,[4 8],60,190,206,130,177
1,<environment.Job instance at 0x7f50e4a69910>,0,25,[5 5],1,1,26,0,1
1,<environment.Job instance at 0x7f50e4a69280>,1,15,[3 5],2,2,17,0,2
1,<environment.Job instance at 0x7f50e40f9820>,2,3,[4 8],3,17,20,14,3
1,<environment.Job instance at 0x7f50e4453550>,5,17,[5 5],6,20,37,14,8
1,<environment.Job instance at 0x7f50e4453690>,8,2,[7 4],9,9,11,0,9
1,<environment.Job instance at 0x7f50e44538c0>,10,3,[4 8],11,26,29,15,12
1,<environment.Job instance at 0x7f50e44536e0>,9,20,[6 2],10,26,46,16,17
1,<environment.Job instance at 0x7f50e44539b0>,14,3,[14  1],15,46,49,31,20
1,<environment.Job instance at 0x7f50e4453b40>,13,25,[14  2],14,49,74,35,45
1,<environment.Job instance at 0x7f50e4453e10>,16,13,[3 8],17,74,87,57,58
1,<environment.Job instance at 0x7f50e4453f00>,17,14,[ 2 10],18,87,101,69,72
1,<environment.Job instance at 0x7f50e4453fa0>,18,16,[5 5],19,74,90,55,72
1,<environment.Job instance at 0x7f50e4453f50>,19,16,[4 8],20,101,117,81,88
1,<environment.Job instance at 0x7f50e4453a50>,11,14,[6 2],12,100,114,88,100
1,<environment.Job instance at 0x7f50e4429320>,20,25,[ 5 14],21,117,142,96,113
1,<environment.Job instance at 0x7f50e44290a0>,22,16,[5 1],23,113,129,90,113
1,<environment.Job instance at 0x7f50e44293c0>,23,12,[ 3 13],24,142,154,118,125
1,<environment.Job instance at 0x7f50e4453be0>,15,15,[ 3 10],16,154,169,138,147
1,<environment.Job instance at 0x7f50e4429500>,25,1,[6 4],26,154,155,128,147
1,<environment.Job instance at 0x7f50e44295a0>,26,3,[9 2],27,147,150,120,147
1,<environment.Job instance at 0x7f50e44296e0>,27,2,[8 3],28,155,157,127,147
1,<environment.Job instance at 0x7f50e44298c0>,32,18,[7 3],33,157,175,124,149
1,<environment.Job instance at 0x7f50e4429a00>,33,14,[5 3],34,169,183,135,154
1,<environment.Job instance at 0x7f50e4429b40>,35,16,[1 7],36,169,185,133,159
1,<environment.Job instance at 0x7f50e4429910>,43,13,[5 2],44,175,188,131,164
1,<environment.Job instance at 0x7f50e44340f0>,46,13,[9 5],47,183,196,136,172
1,<environment.Job instance at 0x7f50e4434460>,2,1,[ 3 14],3,3,4,0,3
1,<environment.Job instance at 0x7f50edc18910>,3,17,[ 5 10],4,4,21,0,4
1,<environment.Job instance at 0x7f50edc35820>,10,17,[10  3],11,12,29,1,12
1,<environment.Job instance at 0x7f50e4ad3af0>,6,25,[13  5],7,29,54,22,25
1,<environment.Job instance at 0x7f50edc35b90>,14,27,[10  1],15,54,81,39,52
1,<environment.Job instance at 0x7f50edc35320>,13,12,[2 8],14,56,68,42,56
1,<environment.Job instance at 0x7f50e4ad3d20>,11,25,[4 6],12,68,93,56,66
1,<environment.Job instance at 0x7f50e4229aa0>,4,15,[5 6],5,81,96,76,68
1,<environment.Job instance at 0x7f50e4583c30>,18,3,[ 3 12],19,96,99,77,70
1,<environment.Job instance at 0x7f50e45837d0>,19,15,[5 2],20,81,96,61,71
1,<environment.Job instance at 0x7f50e45835f0>,20,16,[ 1 10],21,99,115,78,86
1,<environment.Job instance at 0x7f50e4583e60>,21,1,[3 5],22,93,94,71,86
1,<environment.Job instance at 0x7f50e45838c0>,16,14,[5 8],17,115,129,98,100
1,<environment.Job instance at 0x7f50edc35f50>,15,23,[10  1],16,100,123,84,100
1,<environment.Job instance at 0x7f50e4583be0>,24,16,[6 1],25,123,139,98,110
1,<environment.Job instance at 0x7f50e4354960>,26,17,[5 8],27,129,146,102,117
1,<environment.Job instance at 0x7f50e556c910>,30,15,[6 2],31,139,154,108,125
1,<environment.Job instance at 0x7f50edc87b90>,34,19,[8 2],35,146,165,111,136
1,<environment.Job instance at 0x7f50e416f1e0>,35,17,[8 2],36,165,182,129,153
1,<environment.Job instance at 0x7f50e441c7d0>,0,28,[1 8],1,158,186,157,158
1,<environment.Job instance at 0x7f50edc88fa0>,37,18,[9 1],38,182,200,144,171
1,<environment.Job instance at 0x7f50e4438320>,40,16,[6 4],41,186,202,145,173
1,<environment.Job instance at 0x7f50e51aba50>,1,16,[ 2 10],2,2,18,0,2
1,<environment.Job instance at 0x7f50e50745f0>,2,17,[5 1],3,3,20,0,3
1,<environment.Job instance at 0x7f50e40f0320>,4,16,[9 1],5,18,34,13,5
1,<environment.Job instance at 0x7f50edc444b0>,9,14,[1 8],10,18,32,8,10
1,<environment.Job instance at 0x7f50edc44c80>,11,14,[5 1],12,20,34,8,12
1,<environment.Job instance at 0x7f50edc44a50>,12,3,[2 7],13,34,37,21,13
1,<environment.Job instance at 0x7f50e5074f00>,15,2,[3 5],16,34,36,18,16
1,<environment.Job instance at 0x7f50e4500230>,16,3,[2 8],17,36,39,19,17
1,<environment.Job instance at 0x7f50e45005a0>,17,12,[10  4],18,37,49,19,21
1,<environment.Job instance at 0x7f50edc44f50>,14,18,[5 8],15,39,57,24,28
1,<environment.Job instance at 0x7f50e45002d0>,20,18,[7 1],21,49,67,28,38
1,<environment.Job instance at 0x7f50e4500f00>,22,19,[5 8],23,57,76,34,47
1,<environment.Job instance at 0x7f50e3dc2cd0>,23,16,[7 4],24,67,83,43,54
1,<environment.Job instance at 0x7f50e3dc2a00>,27,12,[9 2],28,83,95,55,66
1,<environment.Job instance at 0x7f50e3dc2960>,31,17,[ 3 10],32,76,93,44,66
1,<environment.Job instance at 0x7f50e3dc2aa0>,35,17,[9 3],36,95,112,59,83
1,<environment.Job instance at 0x7f50e47787d0>,42,15,[1 9],43,93,108,50,83
1,<environment.Job instance at 0x7f50e4778320>,43,17,[4 9],44,108,125,64,96
1,<environment.Job instance at 0x7f50e513f050>,56,18,[5 6],57,112,130,55,101
1,<environment.Job instance at 0x7f50e513f1e0>,58,20,[4 5],59,125,145,66,116
1,<environment.Job instance at 0x7f50edc44b40>,18,17,[4 7],19,130,147,111,118
1,<environment.Job instance at 0x7f50e5217a50>,63,14,[14  2],64,147,161,83,132
1,<environment.Job instance at 0x7f50e52171e0>,62,20,[7 5],63,161,181,98,154
1,<environment.Job instance at 0x7f50e5217b40>,65,12,[5 9],66,161,173,95,154
1,<environment.Job instance at 0x7f50e5217f00>,66,16,[7 4],67,173,189,106,160
1,<environment.Job instance at 0x7f50e4f6dbe0>,67,12,[6 3],68,181,193,113,164
1,<environment.Job instance at 0x7f50e4f6daf0>,69,14,[4 7],70,189,203,119,174
1,<environment.Job instance at 0x7f50e3fb31e0>,72,13,[2 5],73,181,194,108,174
1,<environment.Job instance at 0x7f50e3f3a820>,0,13,[11  4],1,1,14,0,1
1,<environment.Job instance at 0x7f50e4c5c0f0>,3,15,[11  2],4,14,29,10,4
1,<environment.Job instance at 0x7f50e4c5c2d0>,4,1,[2 7],5,5,6,0,5
1,<environment.Job instance at 0x7f50e4c5cdc0>,7,14,[7 3],8,29,43,21,14
1,<environment.Job instance at 0x7f50e4a5f500>,12,14,[7 4],13,29,43,16,14
1,<environment.Job instance at 0x7f50e55b0690>,13,13,[14  3],14,43,56,29,27
1,<environment.Job instance at 0x7f50e55b01e0>,14,14,[ 2 10],15,56,70,41,44
1,<environment.Job instance at 0x7f50e55b0870>,15,18,[7 1],16,56,74,40,45
1,<environment.Job instance at 0x7f50e4d6c1e0>,18,12,[4 5],19,70,82,51,53
1,<environment.Job instance at 0x7f50e4d6cc30>,19,15,[4 6],20,70,85,50,56
1,<environment.Job instance at 0x7f50e4d6c780>,20,18,[ 1 10],21,85,103,64,74
1,<environment.Job instance at 0x7f50e4d6cb40>,21,19,[5 3],22,74,93,52,74
1,<environment.Job instance at 0x7f50e4d6ca00>,23,25,[7 3],24,93,118,69,89
1,<environment.Job instance at 0x7f50e4d6c9b0>,17,13,[ 2 10],18,103,116,85,90
1,<environment.Job instance at 0x7f50e47254b0>,26,15,[3 9],27,116,131,89,102
1,<environment.Job instance at 0x7f50e3cef910>,30,3,[5 7],31,131,134,100,105
1,<environment.Job instance at 0x7f50e45a2a50>,31,18,[8 1],32,118,136,86,107
1,<environment.Job instance at 0x7f50e483ecd0>,24,23,[11  3],25,136,159,111,130
1,<environment.Job instance at 0x7f50e3dd34b0>,35,13,[13  1],36,159,172,123,143
1,<environment.Job instance at 0x7f50e3d32910>,36,14,[11  1],37,172,186,135,159
1,<environment.Job instance at 0x7f50e4c2b460>,38,14,[9 2],39,186,200,147,171
1,<environment.Job instance at 0x7f50e4c2b0f0>,39,3,[7 2],40,200,203,160,174
1,<environment.Job instance at 0x7f50e46530a0>,40,14,[4 7],41,174,188,133,174
1,<environment.Job instance at 0x7f6dc74a4320>,1,22,[11  3],2,2,24,0,2
1,<environment.Job instance at 0x7f6dbdd2c410>,2,22,[4 8],3,3,25,0,3
1,<environment.Job instance at 0x7f6dbdd2c690>,4,14,[1 6],5,24,38,19,9
1,<environment.Job instance at 0x7f6dbdd2c500>,7,25,[6 2],8,25,50,17,22
1,<environment.Job instance at 0x7f6dbdd2c7d0>,6,20,[6 1],7,29,49,22,29
1,<environment.Job instance at 0x7f6dbdd2cdc0>,15,18,[2 8],16,38,56,22,29
1,<environment.Job instance at 0x7f6dbdd2ce60>,16,16,[3 5],17,49,65,32,36
1,<environment.Job instance at 0x7f6dbdd2e640>,32,20,[5 5],33,56,76,23,47
1,<environment.Job instance at 0x7f6dbdd2cd20>,14,13,[7 3],15,56,69,41,50
1,<environment.Job instance at 0x7f6dbdd2ca50>,10,18,[ 3 11],11,76,94,65,65
1,<environment.Job instance at 0x7f6dbdd2eaa0>,35,2,[1 8],36,69,71,33,66
1,<environment.Job instance at 0x7f6dbdd2ebe0>,37,13,[ 3 14],38,94,107,56,78
1,<environment.Job instance at 0x7f6dbdd2ec80>,38,28,[ 2 12],39,107,135,68,106
1,<environment.Job instance at 0x7f6dbdd2ea00>,34,16,[2 8],35,135,151,100,123
1,<environment.Job instance at 0x7f6dbdd2eeb0>,41,15,[10  3],42,123,138,81,123
1,<environment.Job instance at 0x7f6dbdd2efa0>,43,20,[4 6],44,138,158,94,129
1,<environment.Job instance at 0x7f6dbdd32050>,44,18,[5 5],45,151,169,106,140
1,<environment.Job instance at 0x7f6dbdd32230>,46,13,[6 5],47,158,171,111,142
1,<environment.Job instance at 0x7f6dbdd2eb90>,39,20,[ 1 10],40,169,189,129,160
1,<environment.Job instance at 0x7f6dbdd32500>,49,15,[10  1],50,171,186,121,160
1,<environment.Job instance at 0x7f6dbdd32370>,48,20,[6 5],49,186,206,137,177
1,<environment.Job instance at 0x7f6dbdd32780>,52,20,[5 3],53,189,209,136,180
1,<environment.Job instance at 0x7f6dbe4678c0>,3,12,[1 7],4,4,16,0,4
1,<environment.Job instance at 0x7f6dbe467d20>,4,3,[10  2],5,5,8,0,5
1,<environment.Job instance at 0x7f6dbe467640>,5,3,[5 5],6,8,11,2,6
1,<environment.Job instance at 0x7f6dbe467dc0>,6,3,[ 5 10],7,16,19,9,7
1,<environment.Job instance at 0x7f6dbe467460>,7,20,[5 3],8,8,28,0,8
1,<environment.Job instance at 0x7f6dbe467190>,8,3,[10  1],9,19,22,10,9
1,<environment.Job instance at 0x7f6dbe467500>,13,3,[7 5],14,22,25,8,14
1,<environment.Job instance at 0x7f6dbe380d70>,16,22,[6 1],17,25,47,8,18
1,<environment.Job instance at 0x7f6dbe380960>,18,2,[5 2],19,28,30,9,19
1,<environment.Job instance at 0x7f6dbe380280>,19,22,[2 7],20,22,44,2,20
1,<environment.Job instance at 0x7f6dbe380460>,23,2,[5 9],24,44,46,20,24
1,<environment.Job instance at 0x7f6dbe4670a0>,11,14,[2 7],12,30,44,18,24
1,<environment.Job instance at 0x7f6dbe380780>,24,13,[9 4],25,46,59,21,30
1,<environment.Job instance at 0x7f6dbe380500>,26,17,[3 8],27,47,64,20,35
1,<environment.Job instance at 0x7f6dbe467cd0>,17,15,[3 7],18,59,74,41,45
1,<environment.Job instance at 0x7f6dbe380d20>,27,19,[10  5],28,64,83,36,54
1,<environment.Job instance at 0x7f6dbe380fa0>,29,14,[ 1 10],30,74,88,44,59
1,<environment.Job instance at 0x7f6dbe380cd0>,32,14,[6 1],33,83,97,50,68
1,<environment.Job instance at 0x7f6dbe380910>,34,16,[3 8],35,88,104,53,75
1,<environment.Job instance at 0x7f6dbe467690>,9,21,[6 1],10,83,104,73,79
1,<environment.Job instance at 0x7f6dbdedc0a0>,35,14,[10  1],36,104,118,68,89
1,<environment.Job instance at 0x7f6dbdedc8c0>,38,13,[6 3],39,118,131,79,102
1,<environment.Job instance at 0x7f6dbdedc9b0>,39,13,[7 4],40,118,131,78,102
1,<environment.Job instance at 0x7f6dbdedcaa0>,41,20,[1 7],42,110,130,68,110
1,<environment.Job instance at 0x7f6dbdedcc30>,48,2,[2 8],49,130,132,81,111
1,<environment.Job instance at 0x7f6dbdedc500>,49,16,[2 8],50,132,148,82,119
1,<environment.Job instance at 0x7f6dbe3807d0>,25,16,[11  1],26,131,147,105,119
1,<environment.Job instance at 0x7f6dbdedc190>,51,3,[10  5],52,147,150,95,121
1,<environment.Job instance at 0x7f6dbdedc280>,54,3,[7 5],55,150,153,95,124
1,<environment.Job instance at 0x7f6dbdea9aa0>,56,16,[7 4],57,150,166,93,137
1,<environment.Job instance at 0x7f6dbdea9230>,58,18,[4 6],59,153,171,94,143
1,<environment.Job instance at 0x7f6dbdea9730>,63,12,[9 1],64,166,178,102,149
1,<environment.Job instance at 0x7f6dbdea9d20>,64,14,[5 5],65,171,185,106,156
1,<environment.Job instance at 0x7f6dbdea9c80>,67,17,[5 2],68,178,195,110,166
1,<environment.Job instance at 0x7f6dbdeb1500>,68,18,[4 5],69,178,196,109,167
1,<environment.Job instance at 0x7f6dbdeb1be0>,73,2,[4 7],74,185,187,111,167
1,<environment.Job instance at 0x7f6dbdedc5a0>,52,20,[9 3],53,195,215,142,186
1,<environment.Job instance at 0x7f6dbdeb1410>,77,13,[5 4],78,196,209,118,186
1,<environment.Job instance at 0x7f6dbd4c7a50>,0,3,[1 6],1,1,4,0,1
1,<environment.Job instance at 0x7f6dbdeb1410>,2,2,[5 5],3,3,5,0,3
1,<environment.Job instance at 0x7f6dbd4c72d0>,3,1,[7 4],4,4,5,0,4
1,<environment.Job instance at 0x7f6dbd4c70a0>,4,16,[10  4],5,5,21,0,5
1,<environment.Job instance at 0x7f6dbd4c7e10>,7,14,[7 5],8,21,35,13,8
1,<environment.Job instance at 0x7f6dbd4c3230>,8,3,[5 5],9,9,12,0,9
1,<environment.Job instance at 0x7f6dbd4c3be0>,12,2,[9 2],13,35,37,22,13
1,<environment.Job instance at 0x7f6dbd4c3c30>,11,1,[7 4],12,21,22,9,19
1,<environment.Job instance at 0x7f6dbd4c3c80>,13,17,[7 2],14,37,54,23,25
1,<environment.Job instance at 0x7f6dbd4c30f0>,17,1,[ 2 14],18,54,55,36,26
1,<environment.Job instance at 0x7f6dbd4c3500>,18,2,[7 5],19,26,28,7,26
1,<environment.Job instance at 0x7f6dbd4c30a0>,19,17,[4 8],20,28,45,8,26
1,<environment.Job instance at 0x7f6dbd4c33c0>,20,21,[7 4],21,55,76,34,47
1,<environment.Job instance at 0x7f6dbd4beaf0>,21,2,[ 2 14],22,76,78,54,49
1,<environment.Job instance at 0x7f6dbd4c3d70>,15,20,[3 8],16,55,75,39,49
1,<environment.Job instance at 0x7f6dbd4be9b0>,24,22,[1 7],25,78,100,53,71
1,<environment.Job instance at 0x7f6dbd4be370>,26,14,[ 2 10],27,100,114,73,85
1,<environment.Job instance at 0x7f6dbd4be460>,30,14,[ 5 10],31,114,128,83,99
1,<environment.Job instance at 0x7f6dbd4be410>,31,16,[5 9],32,128,144,96,115
1,<environment.Job instance at 0x7f6dbd4be690>,32,3,[7 4],33,115,118,82,115
1,<environment.Job instance at 0x7f6dbd4be4b0>,33,17,[5 1],34,118,135,84,115
1,<environment.Job instance at 0x7f6dbd4beb40>,34,17,[8 4],35,135,152,100,123
1,<environment.Job instance at 0x7f6dbd4bbf50>,37,13,[9 4],38,152,165,114,136
1,<environment.Job instance at 0x7f6dbd4bb960>,39,20,[5 1],40,144,164,104,136
1,<environment.Job instance at 0x7f6dbd4bba00>,42,16,[5 5],43,164,180,121,151
1,<environment.Job instance at 0x7f6dbd4bbe60>,43,3,[7 4],44,165,168,121,151
1,<environment.Job instance at 0x7f6dbd4bbc80>,50,16,[3 8],51,168,184,117,155
1,<environment.Job instance at 0x7f6dbd4b66e0>,53,15,[5 8],54,184,199,130,170
1,<environment.Job instance at 0x7f6dbd4b6780>,56,16,[6 3],57,180,196,123,170
1,<environment.Job instance at 0x7f6dbd4b6af0>,57,14,[5 7],58,196,210,138,181
1,<environment.Job instance at 0x7f6dbd4b65f0>,58,18,[4 7],59,199,217,140,189
1,<environment.Job instance at 0x7f6dbd68a140>,1,18,[11  5],2,2,20,0,2
1,<environment.Job instance at 0x7f6dbd4b6640>,2,2,[10  5],3,20,22,17,5
1,<environment.Job instance at 0x7f6dbdf30500>,4,15,[7 4],5,22,37,17,8
1,<environment.Job instance at 0x7f6dbe1bdd70>,8,17,[7 2],9,22,39,13,10
1,<environment.Job instance at 0x7f6dbdf30d70>,0,14,[12  4],1,39,53,38,24
1,<environment.Job instance at 0x7f6dbe1bd5a0>,13,12,[6 5],14,53,65,39,36
1,<environment.Job instance at 0x7f6dbdf304b0>,6,14,[6 2],7,53,67,46,42
1,<environment.Job instance at 0x7f6dbe1bd190>,17,19,[5 7],18,65,84,47,55
1,<environment.Job instance at 0x7f6dbe1bda00>,18,2,[ 4 11],19,84,86,65,57
1,<environment.Job instance at 0x7f6dbde9e2d0>,24,20,[3 8],25,86,106,61,77
1,<environment.Job instance at 0x7f6dbde9e460>,26,14,[ 4 10],27,106,120,79,91
1,<environment.Job instance at 0x7f6dbde9e140>,27,13,[6 2],28,91,104,63,91
1,<environment.Job instance at 0x7f6dbde9e7d0>,29,19,[9 4],30,104,123,74,94
1,<environment.Job instance at 0x7f6dbde9e870>,30,18,[7 1],31,123,141,92,112
1,<environment.Job instance at 0x7f6dbde9e050>,31,16,[1 8],32,120,136,88,112
1,<environment.Job instance at 0x7f6dbde9e5f0>,32,13,[3 6],33,123,136,90,112
1,<environment.Job instance at 0x7f6dbe072690>,44,15,[9 1],45,141,156,96,127
1,<environment.Job instance at 0x7f6dbe0726e0>,47,22,[9 4],48,156,178,108,149
1,<environment.Job instance at 0x7f6dbe072d20>,48,17,[5 5],49,149,166,100,149
1,<environment.Job instance at 0x7f6dbe072dc0>,49,14,[3 7],50,166,180,116,151
1,<environment.Job instance at 0x7f6dbe072320>,50,15,[9 4],51,178,193,127,164
1,<environment.Job instance at 0x7f6dbe0727d0>,52,13,[1 5],53,180,193,127,164
1,<environment.Job instance at 0x7f6dbe072fa0>,53,20,[5 4],54,180,200,126,171
1,<environment.Job instance at 0x7f6dbe072af0>,56,20,[7 1],57,193,213,136,184
1,<environment.Job instance at 0x7f6dbe82dd20>,2,18,[4 8],3,3,21,0,3
1,<environment.Job instance at 0x7f6dbe82dc30>,3,23,[2 7],4,4,27,0,4
1,<environment.Job instance at 0x7f6dbe47a6e0>,6,13,[1 5],7,21,34,14,7
1,<environment.Job instance at 0x7f6dbe442280>,10,14,[9 5],11,27,41,16,17
1,<environment.Job instance at 0x7f6dbe442230>,12,13,[5 8],13,34,47,21,23
1,<environment.Job instance at 0x7f6dbe442a50>,11,25,[ 2 14],12,47,72,35,43
1,<environment.Job instance at 0x7f6dbe4425a0>,14,18,[ 4 10],15,72,90,57,61
1,<environment.Job instance at 0x7f6dbe442320>,15,3,[ 3 14],16,90,93,74,64
1,<environment.Job instance at 0x7f6dbe47a960>,7,15,[ 5 10],8,93,108,85,79
1,<environment.Job instance at 0x7f6dbe4422d0>,17,12,[6 3],18,93,105,75,79
1,<environment.Job instance at 0x7f6dbe4420f0>,18,15,[ 5 10],19,108,123,89,94
1,<environment.Job instance at 0x7f6dbe442730>,13,18,[9 4],14,105,123,91,103
1,<environment.Job instance at 0x7f6dbe47daf0>,19,17,[5 7],20,123,140,103,111
1,<environment.Job instance at 0x7f6dbe47d2d0>,22,16,[ 4 10],23,140,156,117,127
1,<environment.Job instance at 0x7f6dbe490910>,23,3,[5 2],24,127,130,103,127
1,<environment.Job instance at 0x7f6dbe47d190>,24,2,[ 2 14],25,156,158,131,129
1,<environment.Job instance at 0x7f6dbe490230>,25,14,[11  2],26,140,154,114,129
1,<environment.Job instance at 0x7f6dbe490730>,26,1,[4 6],27,129,130,102,129
1,<environment.Job instance at 0x7f6dbe3848c0>,9,14,[14  3],10,158,172,148,145
1,<environment.Job instance at 0x7f6dbe490320>,28,3,[14  5],29,172,175,143,146
1,<environment.Job instance at 0x7f6dbe490190>,29,1,[ 3 12],30,175,176,145,148
1,<environment.Job instance at 0x7f6dbe47d370>,21,19,[4 8],22,176,195,154,166
1,<environment.Job instance at 0x7f6dc6eac1e0>,35,13,[5 1],36,175,188,139,166
1,<environment.Job instance at 0x7f6dbe3a1d20>,37,13,[6 3],38,176,189,138,166
1,<environment.Job instance at 0x7f6dbe46b820>,39,20,[3 8],40,195,215,155,186
1,<environment.Job instance at 0x7f6dbe46bb40>,41,3,[2 7],42,189,192,147,186
1,<environment.Job instance at 0x7f6dbe46bdc0>,43,3,[3 8],44,215,218,171,189
1,<environment.Job instance at 0x7f6dbe46bf50>,44,17,[10  5],45,192,209,147,189
1,<environment.Job instance at 0x7f6dbdca4e60>,0,13,[11  1],1,1,14,0,1
1,<environment.Job instance at 0x7f6dbdca4e10>,1,3,[ 2 11],2,2,5,0,2
1,<environment.Job instance at 0x7f6dbdca4730>,2,16,[5 4],3,14,30,11,3
1,<environment.Job instance at 0x7f6dbdca43c0>,3,17,[ 2 10],4,5,22,1,4
1,<environment.Job instance at 0x7f6dbdca47d0>,4,3,[6 2],5,22,25,17,6
1,<environment.Job instance at 0x7f6dbd6adeb0>,5,1,[6 3],6,25,26,19,6
1,<environment.Job instance at 0x7f6dbdca40f0>,7,2,[5 4],8,26,28,18,8
1,<environment.Job instance at 0x7f6dbdca4af0>,11,14,[5 5],12,26,40,14,12
1,<environment.Job instance at 0x7f6dbdca4cd0>,9,19,[2 7],10,30,49,20,20
1,<environment.Job instance at 0x7f6dbdca4550>,14,16,[6 1],15,30,46,15,20
1,<environment.Job instance at 0x7f6dbdca4a50>,12,12,[13  3],13,46,58,33,29
1,<environment.Job instance at 0x7f6dbdca4050>,17,18,[1 5],18,49,67,31,38
1,<environment.Job instance at 0x7f6dbd694b90>,19,12,[6 3],20,58,70,38,41
1,<environment.Job instance at 0x7f6dbd694730>,20,16,[10  2],21,70,86,49,57
1,<environment.Job instance at 0x7f6dbd694460>,21,15,[4 8],22,67,82,45,57
1,<environment.Job instance at 0x7f6dbd694320>,22,12,[1 8],23,82,94,59,65
1,<environment.Job instance at 0x7f6dbd694370>,24,13,[9 5],25,86,99,61,70
1,<environment.Job instance at 0x7f6dbd694f00>,25,18,[6 2],26,94,112,68,83
1,<environment.Job instance at 0x7f6dbd694140>,27,13,[7 5],28,99,112,71,83
1,<environment.Job instance at 0x7f6dbd697c30>,30,15,[7 3],31,112,127,81,98
1,<environment.Job instance at 0x7f6dbd697a00>,37,15,[8 5],38,112,127,74,98
1,<environment.Job instance at 0x7f6dbd6977d0>,38,22,[6 4],39,127,149,88,120
1,<environment.Job instance at 0x7f6dbd697820>,40,13,[3 6],41,127,140,86,120
1,<environment.Job instance at 0x7f6dbd69ac80>,47,17,[7 4],48,140,157,92,128
1,<environment.Job instance at 0x7f6dbd69a8c0>,54,16,[4 9],55,149,165,94,136
1,<environment.Job instance at 0x7f6dbd69a9b0>,56,15,[7 1],57,157,172,100,143
1,<environment.Job instance at 0x7f6dbd6a0370>,57,14,[3 8],58,165,179,107,150
1,<environment.Job instance at 0x7f6dbd6a0140>,58,12,[5 9],59,179,191,120,162
1,<environment.Job instance at 0x7f6dbd6a0410>,59,18,[5 9],60,191,209,131,180
1,<environment.Job instance at 0x7f6dbd6a01e0>,63,17,[10  3],64,180,197,116,180
1,<environment.Job instance at 0x7f6dbd6a0f00>,64,12,[7 5],65,197,209,132,180
1,<environment.Job instance at 0x7f6dbd703fa0>,0,17,[5 1],1,1,18,0,1
1,<environment.Job instance at 0x7f6dbda14690>,4,18,[ 2 10],5,5,23,0,5
1,<environment.Job instance at 0x7f6dbda2cf50>,5,17,[5 5],6,18,35,12,6
1,<environment.Job instance at 0x7f6dbd330370>,7,14,[8 5],8,23,37,15,10
1,<environment.Job instance at 0x7f6dbd39bfa0>,10,17,[1 5],11,23,40,12,14
1,<environment.Job instance at 0x7f6dbd39b820>,6,14,[9 5],7,37,51,30,23
1,<environment.Job instance at 0x7f6dbd39b500>,15,16,[2 9],16,40,56,24,27
1,<environment.Job instance at 0x7f6dbd39b050>,18,18,[5 4],19,51,69,32,40
1,<environment.Job instance at 0x7f6dbd7030a0>,1,21,[2 6],2,56,77,54,48
1,<environment.Job instance at 0x7f6dbd39b690>,20,2,[ 2 10],21,77,79,56,50
1,<environment.Job instance at 0x7f6dbd39b230>,21,3,[1 6],22,69,72,47,50
1,<environment.Job instance at 0x7f6dbd39b4b0>,19,14,[8 4],20,72,86,52,57
1,<environment.Job instance at 0x7f6dbd39bf50>,9,15,[7 3],10,79,94,69,66
1,<environment.Job instance at 0x7f6dbd39be10>,24,16,[ 5 12],25,86,102,61,75
1,<environment.Job instance at 0x7f6dbde585f0>,79,16,[7 4],80,102,118,22,89
1,<environment.Job instance at 0x7f6dbe8a7b90>,103,16,[9 3],104,118,134,14,105
1,<environment.Job instance at 0x7f6dbd39b5f0>,16,26,[4 9],17,108,134,91,108
1,<environment.Job instance at 0x7f6dbd3f5aa0>,108,14,[3 5],109,134,148,25,122
1,<environment.Job instance at 0x7f6dbd39baa0>,25,21,[5 6],26,134,155,108,126
1,<environment.Job instance at 0x7f6dbdf7b870>,118,13,[13  2],119,155,168,36,139
1,<environment.Job instance at 0x7f6dbda4aaf0>,119,1,[5 5],120,148,149,28,139
1,<environment.Job instance at 0x7f6dbda4abe0>,120,1,[8 2],121,149,150,28,139
1,<environment.Job instance at 0x7f6dbda4a960>,117,15,[6 5],118,168,183,50,154
1,<environment.Job instance at 0x7f6dbda767d0>,121,18,[3 9],122,168,186,46,159
1,<environment.Job instance at 0x7f6dbd9557d0>,133,12,[1 6],134,183,195,49,166
1,<environment.Job instance at 0x7f6dbe17ebe0>,1,17,[10  3],2,2,19,0,2
1,<environment.Job instance at 0x7f6dbe122410>,3,13,[11  3],4,19,32,15,4
1,<environment.Job instance at 0x7f6dbe122be0>,5,2,[7 1],6,32,34,26,6
1,<environment.Job instance at 0x7f6dbe1228c0>,7,23,[2 7],8,8,31,0,8
1,<environment.Job instance at 0x7f6dbd9557d0>,9,3,[2 6],10,31,34,21,10
1,<environment.Job instance at 0x7f6dbdccb320>,11,2,[10  3],12,34,36,22,12
1,<environment.Job instance at 0x7f6dbdccb0f0>,12,1,[5 2],13,32,33,19,13
1,<environment.Job instance at 0x7f6dbdccb640>,15,3,[9 1],16,36,39,20,17
1,<environment.Job instance at 0x7f6dbe122140>,14,22,[3 5],15,33,55,18,26
1,<environment.Job instance at 0x7f6dbdccbf00>,20,13,[3 9],21,36,49,15,26
1,<environment.Job instance at 0x7f6dbdccb690>,22,13,[3 7],23,49,62,26,33
1,<environment.Job instance at 0x7f6dbdccb230>,27,17,[5 9],28,62,79,34,50
1,<environment.Job instance at 0x7f6dbdccb4b0>,28,17,[9 4],29,55,72,26,50
1,<environment.Job instance at 0x7f6dbdccb050>,31,14,[9 5],32,72,86,40,57
1,<environment.Job instance at 0x7f6dbd5bf3c0>,32,14,[6 1],33,79,93,46,64
1,<environment.Job instance at 0x7f6dbd5bf820>,33,16,[3 8],34,86,102,52,73
1,<environment.Job instance at 0x7f6dbd5bffa0>,34,18,[ 5 10],35,102,120,67,91
1,<environment.Job instance at 0x7f6dbd5bf370>,35,15,[1 8],36,120,135,84,106
1,<environment.Job instance at 0x7f6dbdccb410>,17,20,[9 5],18,109,129,91,109
1,<environment.Job instance at 0x7f6dbd5bf9b0>,37,21,[1 8],38,135,156,97,127
1,<environment.Job instance at 0x7f6dbd5bf460>,41,12,[9 1],42,129,141,87,127
1,<environment.Job instance at 0x7f6dbd5bf780>,46,22,[2 5],47,129,151,82,127
1,<environment.Job instance at 0x7f6dbd5bfbe0>,47,20,[5 3],48,151,171,103,142
1,<environment.Job instance at 0x7f6dbd5bfa00>,49,13,[5 8],50,156,169,106,142
1,<environment.Job instance at 0x7f6dbd5bf690>,50,18,[6 2],51,169,187,118,158
1,<environment.Job instance at 0x7f6dbd5bf5f0>,52,15,[2 5],53,169,184,116,158
1,<environment.Job instance at 0x7f6dbe1cf550>,53,13,[2 7],54,171,184,117,158
1,<environment.Job instance at 0x7f6dbe1cfd20>,57,20,[5 1],58,171,191,113,162
1,<environment.Job instance at 0x7f6dbe1cfeb0>,60,13,[3 7],61,184,197,123,168
1,<environment.Job instance at 0x7f6dbe1cfe60>,61,12,[1 8],62,191,203,129,174
1,<environment.Job instance at 0x7f6dbe1cf640>,62,14,[7 4],63,197,211,134,182
1,<environment.Job instance at 0x7f6dbe1cf6e0>,64,15,[2 7],65,203,218,138,189
1,<environment.Job instance at 0x7f6dbe2d5640>,0,20,[ 5 13],1,1,21,0,1
1,<environment.Job instance at 0x7f6dbe32bcd0>,4,18,[ 2 10],5,21,39,16,10
1,<environment.Job instance at 0x7f6dbe32b320>,7,19,[10  4],8,21,40,13,11
1,<environment.Job instance at 0x7f6dbe1cf730>,1,1,[ 5 13],2,40,41,38,13
1,<environment.Job instance at 0x7f6dbe32b500>,6,15,[7 2],7,40,55,33,26
1,<environment.Job instance at 0x7f6dbd436280>,18,14,[4 5],19,41,55,22,27
1,<environment.Job instance at 0x7f6dbd436a50>,21,18,[1 7],22,41,59,19,31
1,<environment.Job instance at 0x7f6dc73aa410>,22,19,[4 6],23,55,74,32,45
1,<environment.Job instance at 0x7f6dbd436960>,24,17,[2 8],25,59,76,34,47
1,<environment.Job instance at 0x7f6dbd17aeb0>,26,13,[5 2],27,74,87,47,58
1,<environment.Job instance at 0x7f6dbe32b0a0>,5,15,[2 5],6,74,89,68,60
1,<environment.Job instance at 0x7f6dbd3e3410>,27,17,[2 8],28,76,93,48,64
1,<environment.Job instance at 0x7f6dbd0c0230>,29,14,[1 7],30,89,103,59,74
1,<environment.Job instance at 0x7f6dbd1170f0>,30,19,[4 5],31,93,112,62,83
1,<environment.Job instance at 0x7f6dbd436eb0>,16,23,[5 3],17,93,116,76,87
1,<environment.Job instance at 0x7f6dbd7a49b0>,33,3,[6 4],34,103,106,69,87
1,<environment.Job instance at 0x7f6dbd7a48c0>,34,13,[9 1],35,112,125,77,96
1,<environment.Job instance at 0x7f6dbdc74190>,35,18,[3 9],36,116,134,80,105
1,<environment.Job instance at 0x7f6dbd7a4eb0>,36,12,[1 7],37,134,146,97,117
1,<environment.Job instance at 0x7f6dbd7822d0>,37,2,[11  1],38,125,127,87,117
1,<environment.Job instance at 0x7f6dbe3a1690>,38,2,[5 3],39,127,129,88,117
1,<environment.Job instance at 0x7f6dbe3a14b0>,39,13,[5 6],40,129,142,89,117
1,<environment.Job instance at 0x7f6dbe3a1870>,40,19,[3 5],41,142,161,101,133
1,<environment.Job instance at 0x7f6dc6ef6410>,41,18,[8 2],42,134,152,92,134
1,<environment.Job instance at 0x7f6dbde2ef00>,42,15,[8 4],43,152,167,109,138
1,<environment.Job instance at 0x7f6dbdb7eaa0>,28,15,[9 5],29,167,182,138,153
1,<environment.Job instance at 0x7f6dbe7b4370>,44,2,[12  3],45,182,184,137,155
1,<environment.Job instance at 0x7f6dbe32b910>,3,18,[2 5],4,171,189,167,171
1,<environment.Job instance at 0x7f6dbe1643c0>,43,25,[ 5 10],44,184,209,140,180
1,<environment.Job instance at 0x7f6dbe25bb90>,1,14,[7 5],2,2,16,0,2
1,<environment.Job instance at 0x7f6dbe6f9500>,0,18,[1 9],1,3,21,2,3
1,<environment.Job instance at 0x7f6dbd387cd0>,3,15,[10  2],4,16,31,12,4
1,<environment.Job instance at 0x7f6dbd694190>,2,1,[2 6],3,21,22,18,4
1,<environment.Job instance at 0x7f6dbd3880f0>,10,14,[4 6],11,22,36,11,11
1,<environment.Job instance at 0x7f6dbd388370>,11,12,[13  1],12,36,48,24,19
1,<environment.Job instance at 0x7f6dbd3882d0>,12,13,[5 9],13,48,61,35,32
1,<environment.Job instance at 0x7f6dbd388230>,9,17,[7 5],10,48,65,38,37
1,<environment.Job instance at 0x7f6dbd3884b0>,13,13,[ 4 13],14,65,78,51,49
1,<environment.Job instance at 0x7f6dbd388b40>,22,15,[2 6],23,78,93,55,64
1,<environment.Job instance at 0x7f6dbe1643c0>,4,14,[8 5],5,78,92,73,64
1,<environment.Job instance at 0x7f6dbd3881e0>,7,13,[5 9],8,92,105,84,76
1,<environment.Job instance at 0x7f6dbd3888c0>,21,19,[8 4],22,93,112,71,83
1,<environment.Job instance at 0x7f6dbd388e60>,27,17,[3 8],28,105,122,77,93
1,<environment.Job instance at 0x7f6dbd388fa0>,29,17,[9 2],30,112,129,82,100
1,<environment.Job instance at 0x7f6dbd388960>,30,13,[8 4],31,129,142,98,113
1,<environment.Job instance at 0x7f6dbd353320>,32,18,[9 5],33,142,160,109,131
1,<environment.Job instance at 0x7f6dbd353280>,33,17,[5 1],34,131,148,97,131
1,<environment.Job instance at 0x7f6dbd353410>,35,15,[9 5],36,160,175,124,146
1,<environment.Job instance at 0x7f6dbd388d20>,25,17,[ 2 10],26,148,165,122,146
1,<environment.Job instance at 0x7f6dbd3535f0>,39,3,[ 2 11],40,175,178,135,149
1,<environment.Job instance at 0x7f6dbd387e10>,5,15,[11  3],6,175,190,169,161
1,<environment.Job instance at 0x7f6dbd353780>,40,13,[6 5],41,190,203,149,174
1,<environment.Job instance at 0x7f6dbd3538c0>,42,24,[5 1],43,190,214,147,185
1,<environment.Job instance at 0x7f6dbdc47c30>,0,17,[5 7],1,1,18,0,1
1,<environment.Job instance at 0x7f6dbdc47f50>,3,15,[9 4],4,4,19,0,4
1,<environment.Job instance at 0x7f6dbe7cc7d0>,4,3,[5 7],5,18,21,13,5
1,<environment.Job instance at 0x7f6dbdb0f410>,6,22,[3 5],7,19,41,12,12
1,<environment.Job instance at 0x7f6dbe7cc550>,10,21,[2 8],11,21,42,10,13
1,<environment.Job instance at 0x7f6dbe7cc5f0>,12,17,[5 2],13,19,36,6,15
1,<environment.Job instance at 0x7f6dbe7ccfa0>,13,19,[10  1],14,36,55,22,26
1,<environment.Job instance at 0x7f6dbe7ccbe0>,15,18,[1 5],16,41,59,25,30
1,<environment.Job instance at 0x7f6dbe7ccdc0>,17,17,[8 2],18,55,72,37,43
1,<environment.Job instance at 0x7f6dbe7ccb90>,19,16,[4 7],20,43,59,23,43
1,<environment.Job instance at 0x7f6dbe1c4b40>,22,13,[7 3],23,59,72,36,43
1,<environment.Job instance at 0x7f6dbe1c4230>,24,13,[5 8],25,72,85,47,56
1,<environment.Job instance at 0x7f6dbe7cce60>,5,19,[7 3],6,72,91,66,62
1,<environment.Job instance at 0x7f6dbe1c4d70>,27,18,[3 8],28,85,103,57,74
1,<environment.Job instance at 0x7f6dbe31c410>,32,20,[2 7],33,91,111,58,82
1,<environment.Job instance at 0x7f6dbe31c0a0>,33,17,[7 2],34,103,120,69,91
1,<environment.Job instance at 0x7f6dbd353910>,1,14,[1 9],2,111,125,109,98
1,<environment.Job instance at 0x7f6dbe31cb40>,34,18,[1 8],35,125,143,90,114
1,<environment.Job instance at 0x7f6dbe1c4b90>,28,22,[3 6],29,120,142,91,118
1,<environment.Job instance at 0x7f6dbded3aa0>,39,1,[ 2 14],40,143,144,103,118
1,<environment.Job instance at 0x7f6dbded3460>,45,16,[4 6],46,144,160,98,131
1,<environment.Job instance at 0x7f6dbe35b820>,52,18,[3 6],53,144,162,91,133
1,<environment.Job instance at 0x7f6dbdf8a410>,68,15,[5 4],69,160,175,91,146
1,<environment.Job instance at 0x7f6dbdf8aaa0>,69,17,[7 5],70,160,177,90,148
1,<environment.Job instance at 0x7f6dbdf8a2d0>,76,15,[8 5],77,175,190,98,161
1,<environment.Job instance at 0x7f6dbe457690>,89,15,[5 7],90,177,192,87,163
1,<environment.Job instance at 0x7f6dbe19f8c0>,101,17,[5 4],102,190,207,88,178
1,<environment.Job instance at 0x7f6dbe57baf0>,107,12,[3 7],108,192,204,84,178
1,<environment.Job instance at 0x7f6dbd4ce500>,0,22,[ 2 12],1,1,23,0,1
1,<environment.Job instance at 0x7f6dbd7c2c30>,6,15,[3 8],7,23,38,16,9
1,<environment.Job instance at 0x7f6dbd7c2780>,8,17,[3 5],9,23,40,14,11
1,<environment.Job instance at 0x7f6dbd7c2e10>,13,15,[5 1],14,14,29,0,14
1,<environment.Job instance at 0x7f6dbd4fac80>,16,17,[4 6],17,38,55,21,26
1,<environment.Job instance at 0x7f6dbd7c2820>,17,15,[10  5],18,40,55,22,26
1,<environment.Job instance at 0x7f6dbd4fadc0>,23,17,[ 1 10],24,55,72,31,43
1,<environment.Job instance at 0x7f6dbd4fae10>,24,14,[5 4],25,55,69,30,43
1,<environment.Job instance at 0x7f6dbd4fad20>,25,15,[7 5],26,69,84,43,55
1,<environment.Job instance at 0x7f6dbd7b50a0>,27,15,[5 5],28,72,87,44,58
1,<environment.Job instance at 0x7f6dbd7b5af0>,28,17,[9 4],29,84,101,55,72
1,<environment.Job instance at 0x7f6dbd7b5460>,29,12,[3 7],30,87,99,57,72
1,<environment.Job instance at 0x7f6dbd7b52d0>,31,18,[2 9],32,99,117,67,88
1,<environment.Job instance at 0x7f6dbd7b5550>,33,16,[2 8],34,117,133,83,104
1,<environment.Job instance at 0x7f6dbdfe3f00>,34,12,[3 6],35,104,116,69,104
1,<environment.Job instance at 0x7f6dbdfe3af0>,35,14,[7 2],36,116,130,80,104
1,<environment.Job instance at 0x7f6dbdfe3c80>,37,13,[10  2],38,130,143,92,114
1,<environment.Job instance at 0x7f6dbd7c2870>,15,12,[ 4 13],16,133,145,117,127
1,<environment.Job instance at 0x7f6dbdfe3370>,40,20,[7 2],41,143,163,102,134
1,<environment.Job instance at 0x7f6dbdfe3cd0>,42,12,[6 3],43,145,157,102,134
1,<environment.Job instance at 0x7f6dbdfe3500>,43,16,[5 3],44,157,173,113,144
1,<environment.Job instance at 0x7f6dbdfe3050>,45,18,[2 8],46,145,163,99,144
1,<environment.Job instance at 0x7f6dbdfe3410>,46,13,[10  2],47,163,176,116,147
1,<environment.Job instance at 0x7f6dbdfe34b0>,52,21,[3 6],53,173,194,120,165
1,<environment.Job instance at 0x7f6dbdfe3a00>,54,14,[7 4],55,176,190,121,165
1,<environment.Job instance at 0x7f6dbdfe3d70>,56,18,[6 5],57,190,208,133,179
1,<environment.Job instance at 0x7f6dbe00c5f0>,60,16,[1 9],61,194,210,133,181
1,<environment.Job instance at 0x7f6dbe2ef640>,0,12,[5 9],1,1,13,0,1
1,<environment.Job instance at 0x7f6dbe00cc80>,1,12,[ 4 10],2,13,25,11,2
1,<environment.Job instance at 0x7f6dbe3df9b0>,2,2,[4 9],3,25,27,22,3
1,<environment.Job instance at 0x7f6dbe3dfbe0>,8,3,[13  5],9,27,30,18,9
1,<environment.Job instance at 0x7f6dbe3df640>,7,13,[8 4],8,10,23,2,10
1,<environment.Job instance at 0x7f6dbd7084b0>,11,15,[6 4],12,30,45,18,16
1,<environment.Job instance at 0x7f6dbe3df2d0>,9,23,[4 6],10,30,53,20,24
1,<environment.Job instance at 0x7f6dbd708910>,16,18,[ 1 13],17,53,71,36,42
1,<environment.Job instance at 0x7f6dbd708be0>,17,18,[3 8],18,71,89,53,60
1,<environment.Job instance at 0x7f6dbe00c870>,4,18,[3 7],5,71,89,66,60
1,<environment.Job instance at 0x7f6dbd708a00>,19,3,[13  1],20,60,63,40,60
1,<environment.Job instance at 0x7f6dbd7087d0>,18,22,[7 4],19,89,111,70,82
1,<environment.Job instance at 0x7f6dbd708550>,21,16,[5 1],22,89,105,67,82
1,<environment.Job instance at 0x7f6dbd708960>,22,17,[14  2],23,111,128,88,99
1,<environment.Job instance at 0x7f6dbe36e230>,23,2,[9 5],24,128,130,104,101
1,<environment.Job instance at 0x7f6dbe36e870>,24,20,[ 3 10],25,128,148,103,119
1,<environment.Job instance at 0x7f6dbe36e780>,25,3,[13  4],26,148,151,122,122
1,<environment.Job instance at 0x7f6dbe36e0f0>,26,14,[11  5],27,130,144,103,122
1,<environment.Job instance at 0x7f6dbd708280>,20,17,[5 8],21,151,168,130,139
1,<environment.Job instance at 0x7f6dbe36ee10>,27,21,[9 3],28,151,172,123,144
1,<environment.Job instance at 0x7f6dbe36ebe0>,29,3,[10  3],30,144,147,114,144
1,<environment.Job instance at 0x7f6dbe36ef00>,30,2,[ 1 14],31,172,174,141,145
1,<environment.Job instance at 0x7f6dbe36ed20>,31,2,[6 2],32,168,170,136,145
1,<environment.Job instance at 0x7f6dbe36e410>,32,1,[3 9],33,170,171,137,145
1,<environment.Job instance at 0x7f6dbe36e960>,33,17,[9 4],34,174,191,140,162
1,<environment.Job instance at 0x7f6dbe36e500>,34,14,[3 9],35,174,188,139,162
1,<environment.Job instance at 0x7f6dbe36e690>,35,23,[11  5],36,191,214,155,185
1,<environment.Job instance at 0x7f6dbd286d70>,3,15,[10  5],4,4,19,0,4
1,<environment.Job instance at 0x7f6dbe0fb140>,5,2,[2 5],6,6,8,0,6
1,<environment.Job instance at 0x7f6dbe0fb1e0>,6,2,[3 9],7,8,10,1,7
1,<environment.Job instance at 0x7f6dbe0f20f0>,11,17,[2 8],12,13,30,1,13
1,<environment.Job instance at 0x7f6dbe111460>,12,18,[5 5],13,19,37,6,16
1,<environment.Job instance at 0x7f6dbe0f21e0>,16,16,[ 1 10],17,30,46,13,17
1,<environment.Job instance at 0x7f6dbe0f2690>,15,18,[8 2],16,37,55,21,26
1,<environment.Job instance at 0x7f6dbde6fa00>,19,14,[5 5],20,46,60,26,31
1,<environment.Job instance at 0x7f6dbde6f0f0>,21,17,[2 5],22,46,63,24,34
1,<environment.Job instance at 0x7f6dbde6fd70>,24,18,[8 4],25,55,73,30,44
1,<environment.Job instance at 0x7f6dbde6f640>,27,17,[7 4],28,63,80,35,51
1,<environment.Job instance at 0x7f6dbde6f280>,31,14,[6 2],32,73,87,41,58
1,<environment.Job instance at 0x7f6dbde6f910>,33,13,[5 3],34,80,93,46,64
1,<environment.Job instance at 0x7f6dbe0f25a0>,17,15,[4 8],18,80,95,62,66
1,<environment.Job instance at 0x7f6dbde6f5a0>,40,15,[11  1],41,93,108,52,79
1,<environment.Job instance at 0x7f6dbd2b1190>,41,19,[ 1 12],42,95,114,53,85
1,<environment.Job instance at 0x7f6dbd2b1230>,42,17,[7 4],43,114,131,71,102
1,<environment.Job instance at 0x7f6dbd2b12d0>,43,13,[ 2 11],44,114,127,70,102
1,<environment.Job instance at 0x7f6dbd2860f0>,0,17,[8 5],1,127,144,126,115
1,<environment.Job instance at 0x7f6dbd2b1410>,45,1,[10  1],46,144,145,98,116
1,<environment.Job instance at 0x7f6dbd2b1500>,47,20,[1 9],48,131,151,83,125
1,<environment.Job instance at 0x7f6dbd2b19b0>,51,19,[1 5],52,144,163,92,134
1,<environment.Job instance at 0x7f6dbd2b1870>,52,12,[1 5],53,151,163,98,134
1,<environment.Job instance at 0x7f6dbd2b1af0>,54,14,[5 6],55,163,177,108,148
1,<environment.Job instance at 0x7f6dbd2b1e10>,58,16,[3 6],59,163,179,104,150
1,<environment.Job instance at 0x7f6dbd2c5140>,63,17,[5 6],64,177,194,113,165
1,<environment.Job instance at 0x7f6dbd2c53c0>,65,15,[5 5],66,179,194,113,165
1,<environment.Job instance at 0x7f6dbd2c5410>,66,18,[ 5 10],67,194,212,127,183
1,<environment.Job instance at 0x7f6dbd2c56e0>,69,19,[5 2],70,183,202,113,183
1,<environment.Job instance at 0x7f6dbd2c5820>,71,19,[5 3],72,194,213,122,184
1,<environment.Job instance at 0x7f6dbd2c5730>,2,12,[3 5],3,3,15,0,3
1,<environment.Job instance at 0x7f6dbd6ecf00>,4,18,[5 4],5,5,23,0,5
1,<environment.Job instance at 0x7f6dbd6ec0f0>,11,13,[3 5],12,12,25,0,12
1,<environment.Job instance at 0x7f6dbd7865a0>,14,12,[7 5],15,15,27,0,15
1,<environment.Job instance at 0x7f6dbd786dc0>,16,18,[3 6],17,25,43,8,18
1,<environment.Job instance at 0x7f6dbd786d20>,19,13,[2 9],20,27,40,7,20
1,<environment.Job instance at 0x7f6dbd786aa0>,21,3,[4 9],22,40,43,18,22
1,<environment.Job instance at 0x7f6dbd786eb0>,26,17,[9 5],27,43,60,16,31
1,<environment.Job instance at 0x7f6dbd786820>,29,20,[3 6],30,43,63,13,34
1,<environment.Job instance at 0x7f6dbe7c6410>,31,15,[1 9],32,60,75,28,46
1,<environment.Job instance at 0x7f6dbd7867d0>,32,21,[5 3],33,63,84,30,55
1,<environment.Job instance at 0x7f6dbd6f6820>,36,20,[8 2],37,66,86,29,66
1,<environment.Job instance at 0x7f6dbd6ecc30>,17,15,[12  1],18,86,101,68,75
1,<environment.Job instance at 0x7f6dbdbcec80>,0,21,[1 7],1,78,99,77,78
1,<environment.Job instance at 0x7f6dbd6f6140>,46,27,[6 1],47,101,128,54,99
1,<environment.Job instance at 0x7f6dbd6f6aa0>,52,3,[14  4],53,128,131,75,102
1,<environment.Job instance at 0x7f6dbd6f6b90>,53,12,[ 5 14],54,102,114,48,102
1,<environment.Job instance at 0x7f6dbd6f6eb0>,50,19,[7 3],51,131,150,80,121
1,<environment.Job instance at 0x7f6dbd6f69b0>,55,18,[3 8],56,131,149,75,127
1,<environment.Job instance at 0x7f6dbd6ecfa0>,10,15,[ 5 13],11,150,165,139,136
1,<environment.Job instance at 0x7f6dbdd7b050>,128,16,[7 5],129,165,181,36,152
1,<environment.Job instance at 0x7f6dbd2b6230>,132,12,[1 6],133,165,177,32,153
1,<environment.Job instance at 0x7f6dbdda59b0>,61,14,[12  2],62,181,195,119,166
1,<environment.Job instance at 0x7f6dbd708d20>,134,1,[ 5 11],135,195,196,60,167
1,<environment.Job instance at 0x7f6dbdb4c0f0>,0,26,[5 2],1,1,27,0,1
1,<environment.Job instance at 0x7f6dbdd35e10>,1,22,[5 1],2,2,24,0,2
1,<environment.Job instance at 0x7f6dbd708d20>,3,13,[5 8],4,4,17,0,4
1,<environment.Job instance at 0x7f6dbdb4caf0>,4,1,[ 1 13],5,24,25,19,6
1,<environment.Job instance at 0x7f6dbdb4c5a0>,5,21,[3 7],6,25,46,19,17
1,<environment.Job instance at 0x7f6dbe007f00>,10,21,[5 6],11,25,46,14,17
1,<environment.Job instance at 0x7f6dbe007140>,11,17,[10  4],12,46,63,34,34
1,<environment.Job instance at 0x7f6dbe007500>,8,20,[2 7],9,46,66,37,37
1,<environment.Job instance at 0x7f6dbe007820>,14,3,[14  1],15,66,69,51,40
1,<environment.Job instance at 0x7f6dbe007550>,13,17,[8 3],14,69,86,55,57
1,<environment.Job instance at 0x7f6dbe007050>,17,15,[3 5],18,69,84,51,57
1,<environment.Job instance at 0x7f6dc754a320>,22,14,[7 5],23,84,98,61,69
1,<environment.Job instance at 0x7f6dc754a140>,24,14,[6 3],25,86,100,61,71
1,<environment.Job instance at 0x7f6dbd6ac280>,25,16,[8 2],26,98,114,72,85
1,<environment.Job instance at 0x7f6dbdb4c550>,2,14,[11  2],3,114,128,111,102
1,<environment.Job instance at 0x7f6dbd6acb90>,28,13,[4 5],29,102,115,73,102
1,<environment.Job instance at 0x7f6dbe977410>,31,15,[3 5],32,115,130,83,104
1,<environment.Job instance at 0x7f6dbe977e60>,35,17,[5 5],36,128,145,92,116
1,<environment.Job instance at 0x7f6dbe977a00>,39,20,[6 2],40,128,148,88,119
1,<environment.Job instance at 0x7f6dbe9777d0>,41,14,[6 2],42,145,159,103,130
1,<environment.Job instance at 0x7f6dc6f59e60>,46,13,[3 8],47,130,143,83,130
1,<environment.Job instance at 0x7f6dbe71ab90>,48,16,[5 5],49,148,164,99,135
1,<environment.Job instance at 0x7f6dbe71a370>,49,16,[4 8],50,148,164,98,135
1,<environment.Job instance at 0x7f6dbd138eb0>,62,18,[7 3],63,164,182,101,153
1,<environment.Job instance at 0x7f6dbd138640>,63,14,[5 3],64,164,178,100,153
1,<environment.Job instance at 0x7f6dbd138c30>,65,16,[1 7],66,164,180,98,153
1,<environment.Job instance at 0x7f6dbd1bb050>,73,13,[5 2],74,178,191,104,162
1,<environment.Job instance at 0x7f6dbd1bbb40>,79,17,[9 2],80,182,199,102,170
1,<environment.Job instance at 0x7f6dc74427d0>,83,18,[5 7],84,191,209,107,180
1,<environment.Job instance at 0x7f6dbdfb28c0>,85,14,[5 8],86,199,213,113,184
1,<environment.Job instance at 0x7f6dbd980c30>,1,15,[4 7],2,2,17,0,2
1,<environment.Job instance at 0x7f6dbd3e3c30>,2,21,[2 7],3,3,24,0,3
1,<environment.Job instance at 0x7f6dbcffc730>,4,18,[2 8],5,17,35,12,6
1,<environment.Job instance at 0x7f6dbe866d20>,6,12,[6 3],7,24,36,17,7
1,<environment.Job instance at 0x7f6dbe86a190>,12,22,[9 5],13,35,57,22,28
1,<environment.Job instance at 0x7f6dbe86a5f0>,18,22,[2 9],19,36,58,17,29
1,<environment.Job instance at 0x7f6dbe86a910>,23,17,[ 5 10],24,58,75,34,46
1,<environment.Job instance at 0x7f6dbe86a9b0>,24,15,[5 6],25,75,90,50,61
1,<environment.Job instance at 0x7f6dbe86a320>,30,17,[10  3],31,61,78,30,61
1,<environment.Job instance at 0x7f6dbe86af00>,32,17,[ 2 10],33,90,107,57,78
1,<environment.Job instance at 0x7f6dbe86afa0>,33,12,[2 8],34,78,90,44,78
1,<environment.Job instance at 0x7f6dbe84b1e0>,36,14,[5 8],37,107,121,70,92
1,<environment.Job instance at 0x7f6dbe84b3c0>,39,15,[5 2],40,92,107,52,92
1,<environment.Job instance at 0x7f6dbe84b460>,40,16,[ 1 10],41,121,137,80,108
1,<environment.Job instance at 0x7f6dbe84b6e0>,44,16,[6 1],45,108,124,63,108
1,<environment.Job instance at 0x7f6dbe84b9b0>,46,17,[5 8],47,137,154,90,125
1,<environment.Job instance at 0x7f6dbe84bb90>,50,15,[6 2],51,125,140,74,125
1,<environment.Job instance at 0x7f6dbe84be10>,54,19,[8 2],55,140,159,85,130
1,<environment.Job instance at 0x7f6dbe84beb0>,55,17,[8 2],56,159,176,103,147
1,<environment.Job instance at 0x7f6dbe84bfa0>,57,18,[9 1],58,176,194,118,165
1,<environment.Job instance at 0x7f6dbe84bf00>,58,16,[ 1 10],59,165,181,106,165
1,<environment.Job instance at 0x7f6dbe85a230>,60,16,[6 4],61,181,197,120,168
1,<environment.Job instance at 0x7f6dbe85a550>,65,15,[7 5],66,194,209,128,180
1,<environment.Job instance at 0x7f6dbdf92e60>,0,18,[4 9],1,1,19,0,1
1,<environment.Job instance at 0x7f6dbd38a460>,3,13,[2 9],4,19,32,15,4
1,<environment.Job instance at 0x7f6dbda7c410>,7,16,[7 5],8,8,24,0,8
1,<environment.Job instance at 0x7f6dbe48b5a0>,8,15,[5 6],9,24,39,15,11
1,<environment.Job instance at 0x7f6dbe48be60>,11,16,[ 2 10],12,39,55,27,26
1,<environment.Job instance at 0x7f6dbe48b0a0>,12,17,[5 1],13,32,49,19,26
1,<environment.Job instance at 0x7f6dbe48b6e0>,9,15,[11  2],10,49,64,39,36
1,<environment.Job instance at 0x7f6dbe48b230>,13,21,[4 8],14,55,76,41,47
1,<environment.Job instance at 0x7f6dbe48beb0>,15,3,[7 5],16,64,67,48,47
1,<environment.Job instance at 0x7f6dbd9b2960>,16,21,[8 5],17,67,88,50,59
1,<environment.Job instance at 0x7f6dbdf92c80>,1,12,[4 8],2,76,88,74,59
1,<environment.Job instance at 0x7f6dbd9b29b0>,19,14,[1 8],20,88,102,68,73
1,<environment.Job instance at 0x7f6dbd9b2280>,21,14,[5 1],22,88,102,66,73
1,<environment.Job instance at 0x7f6dbe48bc30>,14,16,[9 1],15,88,104,73,75
1,<environment.Job instance at 0x7f6dbd9b2be0>,25,2,[3 5],26,102,104,76,75
1,<environment.Job instance at 0x7f6dbe11e820>,26,3,[2 8],27,102,105,75,76
1,<environment.Job instance at 0x7f6dbe484b40>,27,12,[10  4],28,104,116,76,88
1,<environment.Job instance at 0x7f6dbd9b2b90>,24,18,[5 8],25,105,123,80,94
1,<environment.Job instance at 0x7f6dbd917d70>,30,18,[7 1],31,116,134,85,105
1,<environment.Job instance at 0x7f6dbd9b2e10>,32,19,[5 8],33,123,142,90,113
1,<environment.Job instance at 0x7f6dbd4f3140>,33,16,[7 4],34,134,150,100,121
1,<environment.Job instance at 0x7f6dbdb3c2d0>,37,12,[9 2],38,150,162,112,133
1,<environment.Job instance at 0x7f6dbe466c30>,28,17,[4 7],29,142,159,113,133
1,<environment.Job instance at 0x7f6dbdc74370>,42,13,[8 1],43,162,175,119,146
1,<environment.Job instance at 0x7f6dbd178960>,41,17,[ 3 10],42,159,176,117,147
1,<environment.Job instance at 0x7f6dbdd197d0>,45,17,[9 3],46,175,192,129,163
1,<environment.Job instance at 0x7f6dbe48bfa0>,6,17,[2 8],7,176,193,169,164
1,<environment.Job instance at 0x7f6dbdc33460>,47,3,[12  5],48,192,195,144,166
1,<environment.Job instance at 0x7f6dbd455640>,48,23,[ 4 10],49,195,218,146,189
1,<environment.Job instance at 0x7f6dbd7b8730>,0,13,[11  4],1,1,14,0,1
1,<environment.Job instance at 0x7f6dbd7b8280>,3,15,[11  2],4,14,29,10,4
1,<environment.Job instance at 0x7f6dbd281050>,7,14,[7 3],8,29,43,21,14
1,<environment.Job instance at 0x7f6dbd2815f0>,12,14,[7 4],13,29,43,16,14
1,<environment.Job instance at 0x7f6dbd281f00>,13,13,[14  3],14,43,56,29,27
1,<environment.Job instance at 0x7f6dbd281410>,14,14,[ 2 10],15,56,70,41,43
1,<environment.Job instance at 0x7f6dbd281c80>,15,18,[7 1],16,56,74,40,45
1,<environment.Job instance at 0x7f6dbd281eb0>,18,12,[4 5],19,70,82,51,53
1,<environment.Job instance at 0x7f6dbd2815a0>,19,15,[4 6],20,70,85,50,56
1,<environment.Job instance at 0x7f6dbe00f550>,20,18,[ 1 10],21,85,103,64,74
1,<environment.Job instance at 0x7f6dbe00f7d0>,21,19,[5 3],22,77,96,55,77
1,<environment.Job instance at 0x7f6dbe00ff00>,23,25,[7 3],24,96,121,72,92
1,<environment.Job instance at 0x7f6dbd281f50>,17,13,[ 2 10],18,103,116,85,93
1,<environment.Job instance at 0x7f6dbe00f050>,26,15,[3 9],27,116,131,89,102
1,<environment.Job instance at 0x7f6dbe00f4b0>,31,18,[8 1],32,121,139,89,110
1,<environment.Job instance at 0x7f6dbe00f910>,34,21,[9 3],35,139,160,104,133
1,<environment.Job instance at 0x7f6dbe00fa00>,38,14,[9 2],39,160,174,121,145
1,<environment.Job instance at 0x7f6dbdfde0f0>,40,14,[4 7],41,149,163,108,149
1,<environment.Job instance at 0x7f6dbdfde4b0>,42,16,[8 4],43,174,190,131,161
1,<environment.Job instance at 0x7f6dbdfde690>,44,13,[7 1],45,174,187,129,161
1,<environment.Job instance at 0x7f6dbcfee5a0>,45,13,[8 3],46,190,203,144,174
1,<environment.Job instance at 0x7f6dbdcb6190>,46,13,[6 4],47,187,200,140,174
1,<environment.Job instance at 0x7f6dbdfd6410>,4,3,[10  2],5,5,8,0,5
1,<environment.Job instance at 0x7f6dbdfd6280>,0,16,[7 4],1,8,24,7,6
1,<environment.Job instance at 0x7f6dbdfd60a0>,6,18,[4 9],7,7,25,0,7
1,<environment.Job instance at 0x7f6dbdfd6c30>,8,3,[9 4],9,24,27,15,9
1,<environment.Job instance at 0x7f6dbd50baf0>,13,18,[1 5],14,25,43,11,14
1,<environment.Job instance at 0x7f6dbd50b960>,14,2,[1 9],15,27,29,12,15
1,<environment.Job instance at 0x7f6dbd118f50>,15,16,[4 9],16,29,45,13,16
1,<environment.Job instance at 0x7f6dbd118dc0>,16,13,[8 5],17,43,56,26,27
1,<environment.Job instance at 0x7f6dbd118550>,19,3,[2 7],20,45,48,25,27
1,<environment.Job instance at 0x7f6dbd118b40>,21,1,[5 1],22,27,28,5,27
1,<environment.Job instance at 0x7f6dbd118190>,22,19,[9 4],23,56,75,33,46
1,<environment.Job instance at 0x7f6dbcfdc690>,28,19,[3 6],29,48,67,19,46
1,<environment.Job instance at 0x7f6dbcfdc730>,29,12,[7 2],30,75,87,45,58
1,<environment.Job instance at 0x7f6dbdb30aa0>,34,17,[1 8],35,67,84,32,58
1,<environment.Job instance at 0x7f6dbe872050>,35,3,[ 2 10],36,84,87,48,58
1,<environment.Job instance at 0x7f6dbd195500>,36,12,[10  4],37,87,99,50,70
1,<environment.Job instance at 0x7f6dbd2189b0>,38,15,[3 7],39,87,102,48,74
1,<environment.Job instance at 0x7f6dbd10f910>,40,16,[3 5],41,99,115,58,86
1,<environment.Job instance at 0x7f6dbe254730>,43,17,[5 2],44,99,116,55,87
1,<environment.Job instance at 0x7f6dbd515190>,45,22,[5 3],46,102,124,56,95
1,<environment.Job instance at 0x7f6dbd2237d0>,47,15,[7 2],48,116,131,68,102
1,<environment.Job instance at 0x7f6dbe8ec3c0>,50,12,[3 9],51,115,127,64,102
1,<environment.Job instance at 0x7f6dbe8ec550>,53,19,[3 9],54,127,146,73,117
1,<environment.Job instance at 0x7f6dbe8ecaf0>,54,13,[3 9],55,146,159,91,130
1,<environment.Job instance at 0x7f6dbe8ec370>,55,17,[11  4],56,142,159,86,142
1,<environment.Job instance at 0x7f6dbe8ec140>,56,15,[6 4],57,159,174,102,145
1,<environment.Job instance at 0x7f6dbe8ec910>,57,2,[1 8],58,159,161,101,145
1,<environment.Job instance at 0x7f6dbe8ec9b0>,60,14,[2 6],61,161,175,100,146
1,<environment.Job instance at 0x7f6dbe8ec050>,62,3,[3 9],63,174,177,111,148
1,<environment.Job instance at 0x7f6dbd1c58c0>,64,16,[2 9],65,177,193,112,164
1,<environment.Job instance at 0x7f6dbd1245f0>,69,15,[3 7],70,193,208,123,179
1,<environment.Job instance at 0x7f6dbe8d5aa0>,70,2,[9 5],71,179,181,108,179
1,<environment.Job instance at 0x7f6dbd124f00>,71,15,[5 2],72,181,196,109,179
1,<environment.Job instance at 0x7f6dbe8d55f0>,72,3,[9 2],73,196,199,123,179
1,<environment.Job instance at 0x7f6dbe6fdeb0>,76,18,[5 4],77,199,217,122,188
1,<environment.Job instance at 0x7f892f9ecb90>,2,13,[10  1],3,3,16,0,3
1,<environment.Job instance at 0x7f892f9ecc30>,3,17,[ 5 10],4,4,21,0,4
1,<environment.Job instance at 0x7f892f9ecf00>,5,12,[1 7],6,21,33,15,6
1,<environment.Job instance at 0x7f892f9eccd0>,6,19,[9 5],7,16,35,9,7
1,<environment.Job instance at 0x7f892f96a320>,11,21,[5 5],12,33,54,21,25
1,<environment.Job instance at 0x7f892f96a500>,14,18,[1 6],15,35,53,20,25
1,<environment.Job instance at 0x7f892f96a780>,18,12,[1 8],19,53,65,34,36
1,<environment.Job instance at 0x7f892f9747d0>,0,15,[4 7],1,1,16,0,1
1,<environment.Job instance at 0x7f892f96a870>,1,20,[5 4],2,2,22,0,2
1,<environment.Job instance at 0x7f892f96a820>,3,21,[5 4],4,4,25,0,4
1,<environment.Job instance at 0x7f892fa5f550>,7,13,[6 4],8,22,35,14,8
1,<environment.Job instance at 0x7f892fa5f690>,8,17,[5 4],9,25,42,16,13
1,<environment.Job instance at 0x7f892fa5f5f0>,5,18,[8 4],6,35,53,29,25
1,<environment.Job instance at 0x7f892f9e1c80>,10,16,[3 7],11,42,58,31,30
1,<environment.Job instance at 0x7f892f9e1960>,11,20,[2 5],12,53,73,41,44
1,<environment.Job instance at 0x7f892fa5f6e0>,9,23,[8 1],10,53,76,43,47
1,<environment.Job instance at 0x7f892f1109b0>,0,3,[1 7],1,1,4,0,1
1,<environment.Job instance at 0x7f892f110aa0>,1,16,[6 3],2,2,18,0,2
1,<environment.Job instance at 0x7f892f110230>,3,12,[9 2],4,4,16,0,4
1,<environment.Job instance at 0x7f892f123a50>,5,12,[10  3],6,18,30,12,6
1,<environment.Job instance at 0x7f892f1236e0>,6,1,[ 4 10],7,16,17,9,7
1,<environment.Job instance at 0x7f892f123640>,10,17,[5 3],11,17,34,6,11
1,<environment.Job instance at 0x7f892f123870>,11,18,[5 5],12,30,48,18,19
1,<environment.Job instance at 0x7f892f1235a0>,13,22,[5 5],14,30,52,16,23
1,<environment.Job instance at 0x7f892f123820>,14,15,[6 3],15,48,63,33,34
1,<environment.Job instance at 0x7f892f123e10>,15,12,[9 4],16,52,64,36,35
1,<environment.Job instance at 0x7f892f3bcb90>,0,14,[ 4 11],1,1,15,0,1
1,<environment.Job instance at 0x7f892f9a5500>,4,12,[8 2],5,6,18,1,6
1,<environment.Job instance at 0x7f892f9a5410>,6,16,[8 5],7,18,34,11,7
1,<environment.Job instance at 0x7f892f3aff00>,7,17,[8 4],8,34,51,26,22
1,<environment.Job instance at 0x7f892f3af140>,13,16,[9 1],14,51,67,37,38
1,<environment.Job instance at 0x7f892f428be0>,15,15,[4 8],16,39,54,23,39
1,<environment.Job instance at 0x7f892f343230>,18,15,[2 5],19,51,66,32,39
1,<environment.Job instance at 0x7f892f0c2aa0>,1,12,[ 1 11],2,2,14,0,2
1,<environment.Job instance at 0x7f892f428b40>,2,3,[5 3],3,3,6,0,3
1,<environment.Job instance at 0x7f892fded0f0>,4,13,[ 3 11],5,14,27,9,5
1,<environment.Job instance at 0x7f892fded780>,5,2,[14  5],6,27,29,21,6
1,<environment.Job instance at 0x7f892fded2d0>,13,15,[4 5],14,29,44,15,15
1,<environment.Job instance at 0x7f892f6f3f00>,16,12,[8 1],17,29,41,12,17
1,<environment.Job instance at 0x7f892f6f3d70>,18,17,[10  4],19,41,58,22,29
1,<environment.Job instance at 0x7f892fded3c0>,14,1,[7 1],15,58,59,43,31
1,<environment.Job instance at 0x7f892f71ad70>,22,16,[3 7],23,44,60,21,31
1,<environment.Job instance at 0x7f892f71a0a0>,23,2,[ 3 14],24,60,62,36,34
1,<environment.Job instance at 0x7f89302048c0>,0,18,[2 6],1,1,19,0,1
1,<environment.Job instance at 0x7f892f71ad20>,1,14,[11  3],2,2,16,0,2
1,<environment.Job instance at 0x7f8930204c80>,2,1,[5 9],3,16,17,13,4
1,<environment.Job instance at 0x7f892f71a0a0>,3,16,[5 6],4,17,33,13,4
1,<environment.Job instance at 0x7f892f3d6780>,4,13,[3 9],5,19,32,14,5
1,<environment.Job instance at 0x7f893061e280>,10,3,[5 2],11,32,35,21,11
1,<environment.Job instance at 0x7f892f3d6d20>,5,13,[2 7],6,32,45,26,17
1,<environment.Job instance at 0x7f893061ef50>,11,16,[7 2],12,33,49,21,20
1,<environment.Job instance at 0x7f892f3d63c0>,6,15,[5 4],7,35,50,28,21
1,<environment.Job instance at 0x7f893061e460>,14,2,[6 1],15,49,51,34,22
1,<environment.Job instance at 0x7f893061e0a0>,15,3,[ 3 10],16,49,52,33,23
1,<environment.Job instance at 0x7f893061e870>,16,1,[3 7],17,45,46,28,23
1,<environment.Job instance at 0x7f893054e960>,8,17,[8 3],9,51,68,42,39
1,<environment.Job instance at 0x7f893061eaa0>,19,12,[4 6],20,52,64,32,39
1,<environment.Job instance at 0x7f892f986500>,1,15,[5 5],2,2,17,0,2
1,<environment.Job instance at 0x7f893061ea50>,2,12,[3 8],3,3,15,0,3
1,<environment.Job instance at 0x7f892f986b90>,4,13,[1 6],5,15,28,10,5
1,<environment.Job instance at 0x7f892f986e60>,0,15,[7 1],1,5,20,4,5
1,<environment.Job instance at 0x7f892f024a50>,9,14,[5 2],10,17,31,7,10
1,<environment.Job instance at 0x7f892f024910>,10,14,[5 4],11,20,34,9,11
1,<environment.Job instance at 0x7f892f024410>,12,15,[2 9],13,28,43,15,14
1,<environment.Job instance at 0x7f892f024c30>,14,2,[8 4],15,34,36,19,15
1,<environment.Job instance at 0x7f892f024690>,13,14,[12  3],14,36,50,22,21
1,<environment.Job instance at 0x7f892f9860f0>,8,12,[5 5],9,50,62,41,37
1,<environment.Job instance at 0x7f892f4034b0>,18,1,[6 2],19,50,51,31,37
1,<environment.Job instance at 0x7f892f403730>,19,12,[7 4],20,51,63,31,37
1,<environment.Job instance at 0x7f892f700c80>,31,13,[7 4],32,62,75,30,46
1,<environment.Job instance at 0x7f892f700dc0>,34,12,[1 8],35,63,75,28,46
1,<environment.Job instance at 0x7f892f6f37d0>,2,1,[8 3],3,3,4,0,3
1,<environment.Job instance at 0x7f892fa56a00>,0,27,[3 7],1,4,31,3,4
1,<environment.Job instance at 0x7f892f6f3820>,4,14,[6 3],5,5,19,0,5
1,<environment.Job instance at 0x7f892ef43960>,5,1,[8 2],6,19,20,13,6
1,<environment.Job instance at 0x7f892ef43a50>,6,12,[4 6],7,19,31,12,7
1,<environment.Job instance at 0x7f892ef43f00>,13,3,[1 5],14,14,17,0,14
1,<environment.Job instance at 0x7f892ef43c30>,15,1,[14  2],16,31,32,15,16
1,<environment.Job instance at 0x7f892ef460f0>,16,12,[2 8],17,32,44,15,17
1,<environment.Job instance at 0x7f892ef43fa0>,14,20,[10  5],15,32,52,17,23
1,<environment.Job instance at 0x7f892ef463c0>,19,2,[5 3],20,44,46,24,23
1,<environment.Job instance at 0x7f892ef465a0>,22,12,[5 4],23,46,58,23,29
1,<environment.Job instance at 0x7f892ef46870>,24,16,[4 6],25,52,68,27,39
1,<environment.Job instance at 0x7f892ef46b90>,30,18,[8 4],31,58,76,27,47
1,<environment.Job instance at 0x7f892f625dc0>,0,20,[ 2 10],1,1,21,0,1
1,<environment.Job instance at 0x7f892ef46e60>,1,2,[ 4 14],2,21,23,19,5
1,<environment.Job instance at 0x7f892f625aa0>,4,3,[8 2],5,5,8,0,5
1,<environment.Job instance at 0x7f892f625730>,5,12,[ 5 10],6,23,35,17,6
1,<environment.Job instance at 0x7f892f625a50>,6,1,[ 4 11],7,35,36,28,7
1,<environment.Job instance at 0x7f892f625d70>,8,19,[5 3],9,23,42,14,13
1,<environment.Job instance at 0x7f892f788960>,14,12,[2 9],15,36,48,21,20
1,<environment.Job instance at 0x7f892f625c80>,11,19,[6 2],12,36,55,24,26
1,<environment.Job instance at 0x7f892f788320>,15,15,[2 9],16,48,63,32,34
1,<environment.Job instance at 0x7f892f788d70>,18,12,[7 5],19,55,67,36,38
1,<environment.Job instance at 0x7f892fd58dc0>,1,16,[4 6],2,2,18,0,2
1,<environment.Job instance at 0x7f892f78b410>,2,15,[4 8],3,3,18,0,3
1,<environment.Job instance at 0x7f892f953410>,7,20,[4 7],8,18,38,10,9
1,<environment.Job instance at 0x7f892f86cf50>,10,17,[5 3],11,18,35,7,11
1,<environment.Job instance at 0x7f892f86c910>,11,2,[12  4],12,38,40,26,12
1,<environment.Job instance at 0x7f892f2bb6e0>,12,1,[10  5],13,35,36,22,13
1,<environment.Job instance at 0x7f892f9c9410>,13,1,[3 5],14,18,19,4,14
1,<environment.Job instance at 0x7f892f9c9050>,14,3,[7 1],15,15,18,0,15
1,<environment.Job instance at 0x7f892f9c91e0>,15,12,[5 5],16,19,31,3,16
1,<environment.Job instance at 0x7f892f86cc80>,16,3,[5 4],17,31,34,14,17
1,<environment.Job instance at 0x7f89305a9190>,17,21,[5 1],18,40,61,22,32
1,<environment.Job instance at 0x7f8930176af0>,28,2,[10  1],29,36,38,7,32
1,<environment.Job instance at 0x7f892f41ad70>,29,12,[7 3],30,40,52,10,32
1,<environment.Job instance at 0x7f892f41ab40>,30,17,[12  3],31,61,78,30,49
1,<environment.Job instance at 0x7f892f9c9d70>,1,3,[1 6],2,2,5,0,2
1,<environment.Job instance at 0x7f8938b4c140>,2,13,[8 5],3,3,16,0,3
1,<environment.Job instance at 0x7f892f841be0>,6,16,[ 4 11],7,16,32,9,7
1,<environment.Job instance at 0x7f892f841c80>,7,17,[7 3],8,8,25,0,8
1,<environment.Job instance at 0x7f892f865140>,12,13,[6 3],13,25,38,12,13
1,<environment.Job instance at 0x7f892f865370>,15,3,[5 1],16,25,28,9,17
1,<environment.Job instance at 0x7f892f865550>,18,17,[5 7],19,32,49,13,20
1,<environment.Job instance at 0x7f892f8654b0>,19,15,[2 7],20,38,53,18,24
1,<environment.Job instance at 0x7f892f865820>,20,18,[1 8],21,49,67,28,38
1,<environment.Job instance at 0x7f892f8656e0>,21,13,[4 5],22,53,66,31,38
1,<environment.Job instance at 0x7f892f865af0>,35,12,[2 7],36,66,78,30,49
1,<environment.Job instance at 0x7f89303bd370>,3,3,[5 1],4,4,7,0,4
1,<environment.Job instance at 0x7f89303bd820>,4,15,[7 1],5,5,20,0,5
1,<environment.Job instance at 0x7f89303bdaa0>,5,17,[4 7],6,7,24,1,6
1,<environment.Job instance at 0x7f89303bde60>,10,15,[1 8],11,20,35,9,11
1,<environment.Job instance at 0x7f89303bde10>,11,16,[2 6],12,24,40,12,12
1,<environment.Job instance at 0x7f89303bd1e0>,16,13,[1 8],17,35,48,18,19
1,<environment.Job instance at 0x7f89303bd190>,17,16,[10  3],18,40,56,22,28
1,<environment.Job instance at 0x7f892fb027d0>,19,16,[5 9],20,48,64,28,35
1,<environment.Job instance at 0x7f892fb02dc0>,20,17,[9 4],21,56,73,35,44
1,<environment.Job instance at 0x7f89305fc0a0>,0,22,[4 5],1,1,23,0,1
1,<environment.Job instance at 0x7f89305fce10>,1,3,[ 4 12],2,23,26,21,2
1,<environment.Job instance at 0x7f892fcf1a50>,2,3,[2 9],3,3,6,0,3
1,<environment.Job instance at 0x7f893019dc80>,3,12,[5 8],4,6,18,2,4
1,<environment.Job instance at 0x7f893019da50>,5,13,[10  3],6,18,31,12,8
1,<environment.Job instance at 0x7f8930534870>,9,3,[8 1],10,31,34,21,11
1,<environment.Job instance at 0x7f8930534320>,7,15,[3 8],8,26,41,18,13
1,<environment.Job instance at 0x7f892f4192d0>,13,3,[4 5],14,31,34,17,14
1,<environment.Job instance at 0x7f892f419c80>,14,15,[9 5],15,34,49,19,20
1,<environment.Job instance at 0x7f892f3fdcd0>,17,12,[3 8],18,41,53,23,24
1,<environment.Job instance at 0x7f8930534780>,10,18,[1 6],11,49,67,38,38
1,<environment.Job instance at 0x7f893019deb0>,4,14,[3 6],5,53,67,48,39
1,<environment.Job instance at 0x7f892f4190f0>,11,14,[8 1],12,49,63,37,39
1,<environment.Job instance at 0x7f892f687780>,0,12,[ 5 10],1,1,13,0,1
1,<environment.Job instance at 0x7f892ffe8e10>,3,17,[7 2],4,4,21,0,4
1,<environment.Job instance at 0x7f892ffe4cd0>,6,15,[3 7],7,13,28,6,7
1,<environment.Job instance at 0x7f892f48aaf0>,2,22,[2 5],3,13,35,10,7
1,<environment.Job instance at 0x7f892ffe4410>,8,2,[3 5],9,28,30,19,9
1,<environment.Job instance at 0x7f89304420a0>,12,16,[8 4],13,28,44,15,15
1,<environment.Job instance at 0x7f8930442500>,14,13,[2 6],15,30,43,15,15
1,<environment.Job instance at 0x7f8930442e60>,15,18,[5 1],16,35,53,19,24
1,<environment.Job instance at 0x7f8930442c30>,17,17,[5 8],18,44,61,26,36
1,<environment.Job instance at 0x7f8930436af0>,18,16,[9 2],19,53,69,34,42
1,<environment.Job instance at 0x7f8930436cd0>,19,15,[2 6],20,61,76,41,48
1,<environment.Job instance at 0x7f892f973050>,4,3,[5 9],5,5,8,0,5
1,<environment.Job instance at 0x7f892f973b40>,5,14,[4 7],6,8,22,2,6
1,<environment.Job instance at 0x7f892f973280>,7,1,[ 5 10],8,22,23,14,8
1,<environment.Job instance at 0x7f892f973230>,9,2,[1 5],10,10,12,0,10
1,<environment.Job instance at 0x7f8938aee370>,11,17,[2 9],12,23,40,11,12
1,<environment.Job instance at 0x7f892f0d2e60>,16,15,[4 5],17,17,32,0,17
1,<environment.Job instance at 0x7f8938d92eb0>,17,1,[12  5],18,32,33,14,18
1,<environment.Job instance at 0x7f8938d92280>,18,2,[10  2],19,33,35,14,19
1,<environment.Job instance at 0x7f8938d929b0>,20,1,[6 1],21,21,22,0,21
1,<environment.Job instance at 0x7f8938d925f0>,21,1,[7 5],22,35,36,13,22
1,<environment.Job instance at 0x7f8938d927d0>,22,3,[9 4],23,36,39,13,23
1,<environment.Job instance at 0x7f8938d92370>,23,14,[ 1 10],24,40,54,16,25
1,<environment.Job instance at 0x7f8938d923c0>,26,15,[14  1],27,40,55,13,29
1,<environment.Job instance at 0x7f89300f38c0>,29,3,[ 3 11],30,55,58,25,30
1,<environment.Job instance at 0x7f89300f3c30>,30,1,[1 9],31,54,55,23,31
1,<environment.Job instance at 0x7f89300f36e0>,31,14,[3 7],32,58,72,26,43
1,<environment.Job instance at 0x7f8930365dc0>,0,28,[ 4 14],1,1,29,0,1
1,<environment.Job instance at 0x7f89303655a0>,7,15,[14  1],8,29,44,21,15
1,<environment.Job instance at 0x7f8930365be0>,8,12,[3 9],9,44,56,35,27
1,<environment.Job instance at 0x7f89300f36e0>,2,13,[3 6],3,44,57,41,35
1,<environment.Job instance at 0x7f8930365460>,6,17,[6 3],7,56,73,49,44
1,<environment.Job instance at 0x7f892fe130a0>,3,18,[8 5],4,4,22,0,4
1,<environment.Job instance at 0x7f892fe13550>,5,18,[1 6],6,6,24,0,6
1,<environment.Job instance at 0x7f892fe13320>,6,12,[ 2 10],7,24,36,17,7
1,<environment.Job instance at 0x7f892fe13f00>,7,15,[5 5],8,22,37,14,8
1,<environment.Job instance at 0x7f892f2b3d20>,11,12,[8 2],12,36,48,24,19
1,<environment.Job instance at 0x7f892fe0e500>,13,17,[6 1],14,37,54,23,25
1,<environment.Job instance at 0x7f892f2b3230>,14,12,[5 5],15,48,60,33,32
1,<environment.Job instance at 0x7f892fe2bdc0>,19,13,[8 5],20,54,67,34,38
1,<environment.Job instance at 0x7f892f2c16e0>,21,18,[7 2],22,60,78,38,49
1,<environment.Job instance at 0x7f892fdfc5f0>,0,15,[2 8],1,1,16,0,1
1,<environment.Job instance at 0x7f892f2c1b40>,2,14,[8 2],3,3,17,0,3
1,<environment.Job instance at 0x7f892fdfc0a0>,4,20,[5 5],5,5,25,0,5
1,<environment.Job instance at 0x7f892f395870>,5,1,[10  2],6,17,18,11,6
1,<environment.Job instance at 0x7f892f3955a0>,6,14,[2 7],7,18,32,11,7
1,<environment.Job instance at 0x7f892f3950a0>,7,12,[9 3],8,25,37,17,8
1,<environment.Job instance at 0x7f892f395550>,11,1,[6 5],12,32,33,20,16
1,<environment.Job instance at 0x7f892f395b90>,10,18,[ 2 10],11,33,51,22,22
1,<environment.Job instance at 0x7f892f395500>,14,15,[3 5],15,37,52,22,23
1,<environment.Job instance at 0x7f892f395690>,17,17,[10  3],18,51,68,33,39
1,<environment.Job instance at 0x7f892f395f50>,2,2,[8 3],3,3,5,0,3
1,<environment.Job instance at 0x7f892ed9b820>,3,18,[8 5],4,5,23,1,4
1,<environment.Job instance at 0x7f892ed9b0a0>,4,18,[ 4 10],5,5,23,0,5
1,<environment.Job instance at 0x7f892ed9ba00>,5,13,[ 2 10],6,23,36,17,8
1,<environment.Job instance at 0x7f892ed9bbe0>,8,14,[9 5],9,23,37,14,9
1,<environment.Job instance at 0x7f892ed9be60>,9,3,[3 9],10,36,39,26,11
1,<environment.Job instance at 0x7f892ed81eb0>,12,1,[2 8],13,39,40,26,21
1,<environment.Job instance at 0x7f892ed81550>,11,13,[4 7],12,39,52,27,23
1,<environment.Job instance at 0x7f892ed81e10>,14,2,[8 4],15,37,39,22,23
1,<environment.Job instance at 0x7f892ed9bf00>,10,12,[1 7],11,40,52,29,23
1,<environment.Job instance at 0x7f892ed81280>,21,14,[5 7],22,52,66,30,37
1,<environment.Job instance at 0x7f892ed81d20>,22,17,[2 6],23,52,69,29,40
1,<environment.Job instance at 0x7f893054b4b0>,0,16,[4 8],1,1,17,0,1
1,<environment.Job instance at 0x7f892ed81f00>,1,14,[5 6],2,2,16,0,2
1,<environment.Job instance at 0x7f893054b3c0>,2,18,[5 5],3,16,34,13,5
1,<environment.Job instance at 0x7f89301a1050>,6,3,[11  3],7,34,37,27,8
1,<environment.Job instance at 0x7f89301a1c80>,7,12,[5 5],8,17,29,9,10
1,<environment.Job instance at 0x7f892ff92730>,12,16,[5 6],13,37,53,24,24
1,<environment.Job instance at 0x7f892ff92460>,14,12,[6 2],15,37,49,22,24
1,<environment.Job instance at 0x7f8938d920f0>,9,15,[3 7],10,29,44,19,24
1,<environment.Job instance at 0x7f892ff92aa0>,15,16,[4 5],16,44,60,28,31
1,<environment.Job instance at 0x7f89301a1e10>,10,13,[9 5],11,53,66,42,38
1,<environment.Job instance at 0x7f893029f3c0>,27,18,[5 3],28,60,78,32,49
1,<environment.Job instance at 0x7f800e855b40>,2,13,[10  1],3,3,16,0,3
1,<environment.Job instance at 0x7f800e855be0>,3,17,[ 5 10],4,4,21,0,4
1,<environment.Job instance at 0x7f800e855dc0>,4,1,[5 6],5,21,22,16,5
1,<environment.Job instance at 0x7f800e855eb0>,5,12,[1 7],6,21,33,15,6
1,<environment.Job instance at 0x7f800e7d3190>,8,16,[1 8],9,22,38,13,10
1,<environment.Job instance at 0x7f800e7d31e0>,10,12,[5 5],11,33,45,22,16
1,<environment.Job instance at 0x7f800e7d3460>,14,18,[1 6],15,38,56,23,27
1,<environment.Job instance at 0x7f800e7d3820>,18,12,[1 8],19,45,57,26,28
1,<environment.Job instance at 0x7f800e7d3960>,20,14,[4 8],21,57,71,36,42
1,<environment.Job instance at 0x7f800e7d3aa0>,22,21,[5 5],23,56,77,33,49
1,<environment.Job instance at 0x7f800e7d3c80>,25,16,[9 2],26,71,87,45,58
1,<environment.Job instance at 0x7f800e7e1780>,0,16,[3 7],1,1,17,0,1
1,<environment.Job instance at 0x7f800e7d3c80>,2,20,[7 1],3,3,23,0,3
1,<environment.Job instance at 0x7f800e93d320>,4,12,[6 1],5,17,29,12,5
1,<environment.Job instance at 0x7f800e93ddc0>,6,3,[ 1 14],7,23,26,16,12
1,<environment.Job instance at 0x7f800e93dfa0>,9,12,[7 3],10,26,38,16,12
1,<environment.Job instance at 0x7f800e8a2730>,12,16,[5 3],13,29,45,16,16
1,<environment.Job instance at 0x7f800e8a2c30>,17,17,[1 9],18,26,43,8,22
1,<environment.Job instance at 0x7f800dee3a00>,22,12,[9 3],23,38,50,15,23
1,<environment.Job instance at 0x7f800dfc0280>,24,18,[ 2 10],25,45,63,20,34
1,<environment.Job instance at 0x7f800df66730>,26,13,[1 6],27,63,76,36,47
1,<environment.Job instance at 0x7f800df63640>,27,18,[6 5],28,50,68,22,47
1,<environment.Job instance at 0x7f800df633c0>,2,1,[ 1 14],3,3,4,0,3
1,<environment.Job instance at 0x7f800dedb230>,3,15,[2 7],4,4,19,0,4
1,<environment.Job instance at 0x7f800dedb410>,4,13,[5 5],5,5,18,0,5
1,<environment.Job instance at 0x7f800dedb1e0>,5,12,[5 1],6,6,18,0,6
1,<environment.Job instance at 0x7f800dedb050>,6,13,[4 6],7,18,31,11,7
1,<environment.Job instance at 0x7f800dedb6e0>,8,17,[4 5],9,19,36,10,9
1,<environment.Job instance at 0x7f800de99e10>,13,13,[3 7],14,31,44,17,16
1,<environment.Job instance at 0x7f800de99e60>,15,15,[3 5],16,36,51,20,22
1,<environment.Job instance at 0x7f800de99a00>,18,18,[7 1],19,32,50,13,32
1,<environment.Job instance at 0x7f800de99050>,14,12,[14  1],15,51,63,36,34
1,<environment.Job instance at 0x7f800de99af0>,23,20,[6 3],24,63,83,39,54
1,<environment.Job instance at 0x7f800de995a0>,26,19,[8 2],27,63,82,36,55
1,<environment.Job instance at 0x7f800e7d9910>,0,13,[ 2 13],1,1,14,0,1
1,<environment.Job instance at 0x7f800e7d9eb0>,1,13,[4 9],2,14,27,12,2
1,<environment.Job instance at 0x7f800e4c70f0>,2,16,[6 4],3,14,30,11,3
1,<environment.Job instance at 0x7f800e695690>,3,2,[6 1],4,4,6,0,4
1,<environment.Job instance at 0x7f800df667d0>,4,3,[12  3],5,30,33,25,5
1,<environment.Job instance at 0x7f800df66f00>,9,2,[12  2],10,11,13,1,11
1,<environment.Job instance at 0x7f800e216fa0>,10,16,[2 5],11,27,43,16,15
1,<environment.Job instance at 0x7f800e695780>,6,17,[5 7],7,33,50,26,21
1,<environment.Job instance at 0x7f800e216140>,12,19,[5 1],13,33,52,20,25
1,<environment.Job instance at 0x7f800e2168c0>,14,3,[4 5],15,27,30,12,25
1,<environment.Job instance at 0x7f800e216460>,15,3,[3 7],16,43,46,27,25
1,<environment.Job instance at 0x7f800e216050>,16,13,[ 2 10],17,50,63,33,34
1,<environment.Job instance at 0x7f800e216dc0>,13,14,[5 9],14,63,77,49,48
1,<environment.Job instance at 0x7f800e84a910>,32,2,[12  2],33,52,54,19,48
1,<environment.Job instance at 0x7f800e2000a0>,33,15,[4 5],34,54,69,20,49
1,<environment.Job instance at 0x7f800e90f5a0>,34,1,[7 1],35,50,51,15,49
1,<environment.Job instance at 0x7f800df4b0f0>,38,17,[10  4],39,69,86,30,57
1,<environment.Job instance at 0x7f800e8c8140>,0,13,[7 5],1,1,14,0,1
1,<environment.Job instance at 0x7f800e8c86e0>,1,15,[2 8],2,2,17,0,2
1,<environment.Job instance at 0x7f800e1aaf50>,2,2,[11  4],3,14,16,11,5
1,<environment.Job instance at 0x7f800df4bb90>,3,21,[1 9],4,17,38,13,9
1,<environment.Job instance at 0x7f800ddabf50>,7,21,[3 6],8,16,37,8,10
1,<environment.Job instance at 0x7f800ddaf230>,10,18,[2 6],11,37,55,26,26
1,<environment.Job instance at 0x7f800ddaf370>,13,16,[5 6],14,38,54,24,26
1,<environment.Job instance at 0x7f800ddabf00>,8,12,[8 1],9,38,50,29,32
1,<environment.Job instance at 0x7f800ddaf280>,14,13,[3 9],15,54,67,39,38
1,<environment.Job instance at 0x7f800ddaf5a0>,16,15,[5 4],17,55,70,38,41
1,<environment.Job instance at 0x7f800ddaf5f0>,15,13,[2 7],16,67,80,51,52
1,<environment.Job instance at 0x7f800e1b0320>,1,15,[5 5],2,2,17,0,2
1,<environment.Job instance at 0x7f800de42f00>,0,15,[7 1],1,2,17,1,2
1,<environment.Job instance at 0x7f800ddaf5f0>,2,12,[3 8],3,3,15,0,3
1,<environment.Job instance at 0x7f800ddaf640>,4,13,[1 6],5,15,28,10,5
1,<environment.Job instance at 0x7f800de423c0>,6,19,[9 1],7,17,36,10,7
1,<environment.Job instance at 0x7f800de42500>,10,14,[5 4],11,17,31,6,11
1,<environment.Job instance at 0x7f800de42550>,8,12,[5 5],9,31,43,22,14
1,<environment.Job instance at 0x7f800de424b0>,9,14,[5 2],10,36,50,26,21
1,<environment.Job instance at 0x7f800de42b90>,12,15,[2 9],13,43,58,30,29
1,<environment.Job instance at 0x7f800de42fa0>,15,22,[5 2],16,36,58,20,30
1,<environment.Job instance at 0x7f800de426e0>,19,12,[7 4],20,50,62,30,33
1,<environment.Job instance at 0x7f800e1e51e0>,24,14,[10  3],25,62,76,37,47
1,<environment.Job instance at 0x7f800ee017d0>,0,1,[4 8],1,2,3,1,2
1,<environment.Job instance at 0x7f800ee01e60>,3,3,[1 5],4,4,7,0,4
1,<environment.Job instance at 0x7f800ee011e0>,4,20,[10  5],5,5,25,0,5
1,<environment.Job instance at 0x7f800ee01d20>,6,12,[2 8],7,7,19,0,7
1,<environment.Job instance at 0x7f80179fbe10>,8,2,[8 5],9,25,27,16,9
1,<environment.Job instance at 0x7f80179fbaf0>,9,2,[5 3],10,19,21,9,10
1,<environment.Job instance at 0x7f80179fb550>,11,1,[7 2],12,25,26,13,12
1,<environment.Job instance at 0x7f80179fb870>,12,12,[5 4],13,26,38,13,13
1,<environment.Job instance at 0x7f80179fb0f0>,14,16,[4 6],15,27,43,12,15
1,<environment.Job instance at 0x7f80179fb2d0>,15,3,[ 3 11],16,43,46,27,17
1,<environment.Job instance at 0x7f80179fb140>,17,16,[ 1 10],18,46,62,28,33
1,<environment.Job instance at 0x7f800e1b1370>,25,12,[10  4],26,38,50,12,33
1,<environment.Job instance at 0x7f800e1b12d0>,26,3,[4 9],27,62,65,35,36
1,<environment.Job instance at 0x7f800e1b1190>,24,17,[6 2],25,50,67,25,38
1,<environment.Job instance at 0x7f800f3bc550>,0,16,[1 7],1,1,17,0,1
1,<environment.Job instance at 0x7f800e1b17d0>,2,13,[7 2],3,3,16,0,3
1,<environment.Job instance at 0x7f800dda73c0>,5,15,[1 8],6,16,31,10,6
1,<environment.Job instance at 0x7f800dda7820>,9,19,[7 1],10,17,36,7,10
1,<environment.Job instance at 0x7f800dda7640>,10,18,[8 3],11,31,49,20,20
1,<environment.Job instance at 0x7f800e7f3aa0>,11,12,[ 5 13],12,49,61,37,32
1,<environment.Job instance at 0x7f800dda7050>,12,24,[2 8],13,61,85,48,56
1,<environment.Job instance at 0x7f800dda74b0>,13,3,[7 4],14,61,64,47,56
1,<environment.Job instance at 0x7f800e0f6a50>,1,18,[1 8],2,2,20,0,2
1,<environment.Job instance at 0x7f800dda98c0>,2,15,[5 2],3,3,18,0,3
1,<environment.Job instance at 0x7f800e0f6640>,4,15,[1 7],5,18,33,13,5
1,<environment.Job instance at 0x7f800e0f65f0>,5,13,[5 2],6,20,33,14,6
1,<environment.Job instance at 0x7f800e0f6d70>,7,2,[10  5],8,33,35,25,8
1,<environment.Job instance at 0x7f800e0f79b0>,11,15,[5 3],12,20,35,8,12
1,<environment.Job instance at 0x7f800e0f61e0>,9,16,[9 4],10,35,51,25,22
1,<environment.Job instance at 0x7f800e0f6870>,8,18,[1 7],9,35,53,26,24
1,<environment.Job instance at 0x7f800e0f77d0>,10,14,[8 3],11,51,65,40,36
1,<environment.Job instance at 0x7f800e0f7eb0>,17,14,[9 2],18,65,79,47,50
1,<environment.Job instance at 0x7f800e0f7410>,19,1,[10  1],20,79,80,59,51
1,<environment.Job instance at 0x7f800eca9fa0>,1,23,[7 2],2,2,25,0,2
1,<environment.Job instance at 0x7f800e204370>,0,24,[ 2 10],1,3,27,2,3
1,<environment.Job instance at 0x7f800e0f7500>,2,1,[ 1 13],3,27,28,24,3
1,<environment.Job instance at 0x7f800dfb6230>,4,12,[5 2],5,5,17,0,5
1,<environment.Job instance at 0x7f800dfb6640>,5,1,[8 4],6,25,26,19,6
1,<environment.Job instance at 0x7f800dfb6690>,8,13,[5 1],9,17,30,8,10
1,<environment.Job instance at 0x7f800dfb6410>,7,14,[4 5],8,28,42,20,13
1,<environment.Job instance at 0x7f800dfb6820>,13,3,[5 1],14,26,29,12,14
1,<environment.Job instance at 0x7f800dfb6c30>,14,15,[7 1],15,30,45,15,16
1,<environment.Job instance at 0x7f800dfb6be0>,15,17,[4 7],16,29,46,13,19
1,<environment.Job instance at 0x7f800dfb6e10>,17,2,[1 5],18,42,44,24,19
1,<environment.Job instance at 0x7f800dfb6c80>,18,2,[2 7],19,44,46,25,20
1,<environment.Job instance at 0x7f800dfb7280>,20,15,[1 8],21,46,61,25,32
1,<environment.Job instance at 0x7f800dfb72d0>,21,16,[2 6],22,46,62,24,33
1,<environment.Job instance at 0x7f800dfb6500>,9,13,[12  5],10,61,74,51,46
1,<environment.Job instance at 0x7f800eda4550>,0,22,[4 5],1,1,23,0,1
1,<environment.Job instance at 0x7f800dfb6780>,1,3,[ 4 12],2,23,26,21,2
1,<environment.Job instance at 0x7f800eda4e60>,2,3,[2 9],3,3,6,0,3
1,<environment.Job instance at 0x7f800eda4d70>,3,12,[5 8],4,6,18,2,4
1,<environment.Job instance at 0x7f800dfb6500>,5,13,[10  3],6,18,31,12,6
1,<environment.Job instance at 0x7f800eda40a0>,8,14,[10  5],9,31,45,22,16
1,<environment.Job instance at 0x7f800eda42d0>,7,15,[3 8],8,26,41,18,16
1,<environment.Job instance at 0x7f800eda4e10>,4,14,[3 6],5,41,55,36,26
1,<environment.Job instance at 0x7f800eeac0a0>,13,3,[4 5],14,45,48,31,26
1,<environment.Job instance at 0x7f800eeac870>,14,15,[9 5],15,48,63,33,34
1,<environment.Job instance at 0x7f800eda4050>,9,3,[8 1],10,45,48,35,34
1,<environment.Job instance at 0x7f800eeaccd0>,17,12,[3 8],18,55,67,37,38
1,<environment.Job instance at 0x7f800eeac460>,19,19,[7 3],20,63,82,43,53
1,<environment.Job instance at 0x7f800eeacc30>,22,17,[ 3 10],23,67,84,44,55
1,<environment.Job instance at 0x7f800e8c5e60>,2,16,[8 4],3,3,19,0,3
1,<environment.Job instance at 0x7f800e8c50a0>,4,13,[2 6],5,6,19,1,6
1,<environment.Job instance at 0x7f800eaa9190>,5,18,[5 1],6,6,24,0,6
1,<environment.Job instance at 0x7f800e8c5690>,6,3,[2 5],7,19,22,12,7
1,<environment.Job instance at 0x7f800eaa9370>,7,17,[5 8],8,19,36,11,8
1,<environment.Job instance at 0x7f800eaa9280>,11,2,[ 5 13],12,36,38,24,12
1,<environment.Job instance at 0x7f800eaa9e10>,9,15,[2 6],10,38,53,28,24
1,<environment.Job instance at 0x7f800eaa9a00>,10,12,[13  5],11,38,50,27,24
1,<environment.Job instance at 0x7f800eaa9dc0>,15,13,[7 1],16,50,63,34,34
1,<environment.Job instance at 0x7f800eaa9cd0>,14,13,[10  4],15,63,76,48,47
1,<environment.Job instance at 0x7f800eaa92d0>,17,13,[5 6],18,50,63,32,48
1,<environment.Job instance at 0x7f800eaa9a50>,18,15,[3 7],19,53,68,34,48
1,<environment.Job instance at 0x7f800eaa9fa0>,19,14,[1 6],20,68,82,48,53
1,<environment.Job instance at 0x7f800f31e8c0>,0,1,[6 1],1,2,3,1,2
1,<environment.Job instance at 0x7f800f31e960>,1,1,[7 5],2,2,3,0,2
1,<environment.Job instance at 0x7f800f31e280>,2,3,[9 4],3,3,6,0,3
1,<environment.Job instance at 0x7f800f31e3c0>,3,14,[ 1 10],4,4,18,0,4
1,<environment.Job instance at 0x7f800ecbc280>,4,2,[5 8],5,18,20,13,6
1,<environment.Job instance at 0x7f800e147820>,9,3,[ 3 11],10,20,23,10,10
1,<environment.Job instance at 0x7f800e147730>,10,1,[1 9],11,23,24,12,11
1,<environment.Job instance at 0x7f800e147e60>,11,14,[3 7],12,24,38,12,12
1,<environment.Job instance at 0x7f800e1474b0>,12,14,[ 4 14],13,38,52,25,26
1,<environment.Job instance at 0x7f800ecbc2d0>,7,20,[4 9],8,52,72,44,43
1,<environment.Job instance at 0x7f800e147d20>,13,23,[5 5],14,52,75,38,46
1,<environment.Job instance at 0x7f800e147550>,15,12,[4 6],16,72,84,56,55
1,<environment.Job instance at 0x7f800e147690>,16,17,[6 1],17,55,72,38,55
1,<environment.Job instance at 0x7f800e147a50>,17,13,[9 2],18,75,88,57,59
1,<environment.Job instance at 0x7f800e2dd640>,7,14,[10  2],8,8,22,0,8
1,<environment.Job instance at 0x7f800e539280>,9,3,[6 2],10,22,25,12,10
1,<environment.Job instance at 0x7f800e737f50>,13,14,[9 1],14,22,36,8,14
1,<environment.Job instance at 0x7f800e4c0190>,15,17,[6 2],16,25,42,9,19
1,<environment.Job instance at 0x7f800e737550>,14,15,[9 4],15,36,51,21,22
1,<environment.Job instance at 0x7f800e737c80>,17,16,[13  1],18,51,67,33,38
1,<environment.Job instance at 0x7f800e1a7870>,24,13,[ 3 14],25,67,80,42,51
1,<environment.Job instance at 0x7f800e4cc640>,1,15,[ 3 10],2,2,17,0,2
1,<environment.Job instance at 0x7f800e4ccf00>,2,26,[6 2],3,3,29,0,3
1,<environment.Job instance at 0x7f800e63a4b0>,3,2,[ 4 14],4,29,31,25,4
1,<environment.Job instance at 0x7f800e4cc410>,4,21,[5 3],5,5,26,0,5
1,<environment.Job instance at 0x7f800e4ccf50>,5,2,[5 8],6,26,28,20,6
1,<environment.Job instance at 0x7f800ec0f140>,6,1,[ 4 10],7,17,18,10,7
1,<environment.Job instance at 0x7f800ec0fcd0>,10,15,[2 8],11,31,46,20,17
1,<environment.Job instance at 0x7f800ec0f1e0>,14,20,[5 5],15,31,51,16,22
1,<environment.Job instance at 0x7f800ec0ffa0>,16,14,[2 7],17,46,60,29,31
1,<environment.Job instance at 0x7f800ec0f640>,17,12,[9 3],18,51,63,33,34
1,<environment.Job instance at 0x7f800ec0f870>,18,14,[8 2],19,34,48,15,34
1,<environment.Job instance at 0x7f800e4f6370>,22,15,[10  5],23,63,78,40,49
1,<environment.Job instance at 0x7f800dd9ec80>,24,15,[3 5],25,51,66,26,49
1,<environment.Job instance at 0x7f800f19b690>,2,2,[8 3],3,3,5,0,3
1,<environment.Job instance at 0x7f800eba65f0>,3,18,[8 5],4,5,23,1,4
1,<environment.Job instance at 0x7f800eba63c0>,4,18,[ 4 10],5,5,23,0,5
1,<environment.Job instance at 0x7f800eba6be0>,5,13,[ 2 10],6,23,36,17,7
1,<environment.Job instance at 0x7f800eba6c30>,7,13,[7 3],8,23,36,15,8
1,<environment.Job instance at 0x7f800eba6c80>,12,1,[2 8],13,36,37,23,13
1,<environment.Job instance at 0x7f800eba69b0>,11,13,[4 7],12,36,49,24,20
1,<environment.Job instance at 0x7f800eba6aa0>,14,2,[8 4],15,37,39,22,20
1,<environment.Job instance at 0x7f800eba6410>,10,12,[1 7],11,39,51,28,22
1,<environment.Job instance at 0x7f800eb76d20>,21,14,[5 7],22,49,63,27,34
1,<environment.Job instance at 0x7f800eb76910>,22,17,[2 6],23,51,68,28,39
1,<environment.Job instance at 0x7f800eb76a50>,23,16,[7 4],24,63,79,39,50
1,<environment.Job instance at 0x7f800eb76dc0>,24,12,[5 3],25,63,75,38,50
1,<environment.Job instance at 0x7f800f117370>,0,13,[9 5],1,1,14,0,1
1,<environment.Job instance at 0x7f800eb76280>,1,3,[4 7],2,2,5,0,2
1,<environment.Job instance at 0x7f800f117a00>,2,16,[5 6],3,5,21,2,3
1,<environment.Job instance at 0x7f800deef190>,4,12,[6 2],5,14,26,9,5
1,<environment.Job instance at 0x7f800f117320>,5,16,[4 5],6,14,30,8,6
1,<environment.Job instance at 0x7f800dd1e870>,7,3,[9 5],8,26,29,18,8
1,<environment.Job instance at 0x7f800e4ebc30>,8,2,[13  3],9,30,32,21,9
1,<environment.Job instance at 0x7f800e4eb690>,13,3,[4 6],14,21,24,7,14
1,<environment.Job instance at 0x7f800e4ebeb0>,11,13,[6 1],12,32,45,20,16
1,<environment.Job instance at 0x7f800ecfc370>,16,13,[ 4 13],17,32,45,15,17
1,<environment.Job instance at 0x7f800dfb6e10>,18,16,[9 4],19,45,61,26,32
1,<environment.Job instance at 0x7f800dfb6050>,20,19,[5 3],21,45,64,24,36
1,<environment.Job instance at 0x7f800e4ebb90>,12,24,[1 7],13,45,69,32,40
1,<environment.Job instance at 0x7f800dc481e0>,23,3,[4 5],24,61,64,37,40
1,<environment.Job instance at 0x7f800de1cbe0>,22,16,[8 5],23,64,80,41,51
1,<environment.Job instance at 0x7f800ea4d550>,17,18,[5 3],18,64,82,46,53
1,<environment.Job instance at 0x7f800e7f2550>,0,15,[ 1 12],1,6,21,5,6
1,<environment.Job instance at 0x7f800e15f5a0>,6,13,[5 5],7,21,34,14,7
1,<environment.Job instance at 0x7f800e15f780>,7,19,[7 3],8,9,28,1,9
1,<environment.Job instance at 0x7f800e15f960>,11,15,[6 5],12,28,43,16,14
1,<environment.Job instance at 0x7f800e15fc80>,13,14,[7 2],14,34,48,20,19
1,<environment.Job instance at 0x7f800e15ff50>,18,14,[3 9],19,43,57,24,28
1,<environment.Job instance at 0x7f800dc48f50>,4,2,[1 8],5,34,36,29,30
1,<environment.Job instance at 0x7f800e156780>,21,15,[3 8],22,57,72,35,43
1,<environment.Job instance at 0x7f800e15f870>,9,17,[8 3],10,48,65,38,43
1,<environment.Job instance at 0x7f800e156500>,25,12,[ 1 11],26,72,84,46,55
1,<environment.Job instance at 0x7f800e156640>,26,14,[6 2],27,65,79,38,55
1,<environment.Job instance at 0x7f800ebf6870>,3,2,[ 3 12],4,4,6,0,4
1,<environment.Job instance at 0x7f800ebf6c80>,5,3,[7 3],6,6,9,0,6
1,<environment.Job instance at 0x7f800ebf6780>,6,17,[7 3],7,7,24,0,7
1,<environment.Job instance at 0x7f800ebf6370>,7,19,[2 8],8,9,28,1,8
1,<environment.Job instance at 0x7f800ebf6cd0>,8,1,[10  5],9,24,25,15,9
1,<environment.Job instance at 0x7f800ebf60f0>,9,3,[3 6],10,25,28,15,10
1,<environment.Job instance at 0x7f800e156640>,11,3,[3 7],12,28,31,16,13
1,<environment.Job instance at 0x7f800ebf64b0>,17,20,[6 2],18,28,48,10,19
1,<environment.Job instance at 0x7f800ebf6af0>,12,19,[4 6],13,28,47,15,20
1,<environment.Job instance at 0x7f800ebf6410>,19,21,[5 4],20,35,56,15,35
1,<environment.Job instance at 0x7f800ebf6500>,10,17,[10  2],11,48,65,37,40
1,<environment.Job instance at 0x7f800e172e60>,26,1,[9 3],27,65,66,38,40
1,<environment.Job instance at 0x7f800e172c80>,27,1,[7 2],28,66,67,38,40
1,<environment.Job instance at 0x7f800e172f00>,28,2,[6 4],29,65,67,36,40
1,<environment.Job instance at 0x7f800e515910>,29,13,[5 7],30,67,80,37,51
1,<environment.Job instance at 0x7f800f0009b0>,0,16,[5 9],1,1,17,0,1
1,<environment.Job instance at 0x7f800e515910>,2,18,[6 5],3,3,21,0,3
1,<environment.Job instance at 0x7f800f0005f0>,3,17,[5 2],4,17,34,13,5
1,<environment.Job instance at 0x7f800e515230>,1,18,[2 6],2,17,35,15,7
1,<environment.Job instance at 0x7f800f000460>,5,1,[10  5],6,34,35,28,7
1,<environment.Job instance at 0x7f800e3b3780>,11,1,[8 1],12,21,22,9,12
1,<environment.Job instance at 0x7f800f000140>,8,16,[ 5 10],9,35,51,26,22
1,<environment.Job instance at 0x7f800f000050>,9,15,[10  3],10,35,50,25,24
1,<environment.Job instance at 0x7f800e3b39b0>,17,14,[6 2],18,50,64,32,35
1,<environment.Job instance at 0x7f800e3b3320>,22,13,[5 7],23,51,64,28,47
1,<environment.Job instance at 0x7f800e3b3a50>,28,15,[5 7],29,64,79,35,50
1,<environment.Job instance at 0x7f800ef64230>,34,13,[6 4],35,64,77,29,52
1,<environment.Job instance at 0x7fdb4bfae410>,2,13,[10  1],3,3,16,0,3
1,<environment.Job instance at 0x7fdb4bfae4b0>,3,17,[ 5 10],4,4,21,0,4
1,<environment.Job instance at 0x7fdb4bfae690>,4,1,[5 6],5,21,22,16,5
1,<environment.Job instance at 0x7fdb4bfae780>,5,12,[1 7],6,21,33,15,6
1,<environment.Job instance at 0x7fdb4bfaea00>,8,16,[1 8],9,22,38,13,10
1,<environment.Job instance at 0x7fdb4bfaea50>,10,12,[5 5],11,33,45,22,16
1,<environment.Job instance at 0x7fdb4bfaecd0>,14,18,[1 6],15,38,56,23,27
1,<environment.Job instance at 0x7fdb4bfaef00>,18,12,[1 8],19,45,57,26,28
1,<environment.Job instance at 0x7fdb4bfb0230>,20,14,[4 8],21,57,71,36,42
1,<environment.Job instance at 0x7fdb4bfb0370>,22,21,[5 5],23,56,77,33,50
1,<environment.Job instance at 0x7fdb4bfb0550>,25,16,[9 2],26,71,87,45,58
1,<environment.Job instance at 0x7fdb4c46fb90>,0,3,[7 1],1,1,4,0,1
1,<environment.Job instance at 0x7fdb4bfb0550>,2,16,[5 3],3,3,19,0,3
1,<environment.Job instance at 0x7fdb4c467780>,5,18,[ 4 10],6,6,24,0,6
1,<environment.Job instance at 0x7fdb4c467c80>,12,12,[9 3],13,19,31,6,13
1,<environment.Job instance at 0x7fdb4c467460>,11,15,[11  5],12,31,46,19,17
1,<environment.Job instance at 0x7fdb4c4e85a0>,14,18,[ 2 10],15,26,44,11,26
1,<environment.Job instance at 0x7fdb4c4e8be0>,16,13,[1 6],17,44,57,27,28
1,<environment.Job instance at 0x7fdb4c4e87d0>,17,18,[6 5],18,46,64,28,35
1,<environment.Job instance at 0x7fdb4c4e8690>,18,16,[ 5 10],19,57,73,38,44
1,<environment.Job instance at 0x7fdb4c4e8870>,21,20,[5 2],22,64,84,42,55
1,<environment.Job instance at 0x7fdb4c4e80a0>,13,20,[ 4 11],14,73,93,59,64
1,<environment.Job instance at 0x7fdb4b68deb0>,1,12,[11  1],2,2,14,0,2
1,<environment.Job instance at 0x7fdb4c4e86e0>,2,1,[7 3],3,14,15,11,3
1,<environment.Job instance at 0x7fdb4b6ad190>,6,19,[8 2],7,14,33,7,7
1,<environment.Job instance at 0x7fdb4b6adc80>,7,22,[1 7],8,15,37,7,8
1,<environment.Job instance at 0x7fdb4b68daa0>,5,3,[7 1],6,33,36,27,10
1,<environment.Job instance at 0x7fdb4c4e80a0>,4,18,[8 2],5,36,54,31,25
1,<environment.Job instance at 0x7fdb4b6ade60>,12,18,[2 5],13,25,43,12,25
1,<environment.Job instance at 0x7fdb4b6add20>,14,12,[8 2],15,54,66,39,37
1,<environment.Job instance at 0x7fdb4b6ad1e0>,16,16,[8 5],17,66,82,49,53
1,<environment.Job instance at 0x7fdb4b814690>,3,15,[4 5],4,4,19,0,4
1,<environment.Job instance at 0x7fdb4b8144b0>,4,1,[7 1],5,5,6,0,5
1,<environment.Job instance at 0x7fdb4b814a50>,6,12,[8 1],7,7,19,0,7
1,<environment.Job instance at 0x7fdb4b8140f0>,8,17,[10  4],9,19,36,10,9
1,<environment.Job instance at 0x7fdb4b84a140>,14,1,[14  1],15,36,37,21,15
1,<environment.Job instance at 0x7fdb4b84a280>,13,2,[ 3 14],14,37,39,23,16
1,<environment.Job instance at 0x7fdb4b84a910>,12,16,[3 7],13,17,33,4,17
1,<environment.Job instance at 0x7fdb4b84a9b0>,18,16,[7 2],19,39,55,20,26
1,<environment.Job instance at 0x7fdb4b84a500>,15,18,[5 8],16,39,57,23,28
1,<environment.Job instance at 0x7fdb4b7cf730>,25,28,[1 9],26,57,85,31,56
1,<environment.Job instance at 0x7fdb4b7cf370>,26,2,[5 8],27,85,87,58,58
1,<environment.Job instance at 0x7fdb4b7cf4b0>,27,19,[12  1],28,58,77,30,58
1,<environment.Job instance at 0x7fdb4cb62910>,0,1,[ 2 10],1,2,3,1,2
1,<environment.Job instance at 0x7fdb4cb62b40>,1,14,[12  2],2,2,16,0,2
1,<environment.Job instance at 0x7fdb4cb62e10>,5,15,[6 2],6,16,31,10,6
1,<environment.Job instance at 0x7fdb4c6eea00>,10,2,[3 8],11,11,13,0,11
1,<environment.Job instance at 0x7fdb4cb78500>,20,15,[7 1],21,21,36,0,21
1,<environment.Job instance at 0x7fdb4cb78f50>,21,15,[5 5],22,31,46,9,22
1,<environment.Job instance at 0x7fdb4cb78230>,22,12,[3 8],23,31,43,8,23
1,<environment.Job instance at 0x7fdb4cb77500>,24,13,[1 6],25,43,56,18,27
1,<environment.Job instance at 0x7fdb4cb77b40>,28,12,[5 5],29,46,58,17,29
1,<environment.Job instance at 0x7fdb4cb77aa0>,29,14,[5 2],30,36,50,6,31
1,<environment.Job instance at 0x7fdb4cb775a0>,27,23,[8 3],28,50,73,22,44
1,<environment.Job instance at 0x7fdb4c96c4b0>,33,14,[12  3],34,73,87,39,58
1,<environment.Job instance at 0x7fdb4c96c0f0>,34,2,[8 4],35,87,89,52,60
1,<environment.Job instance at 0x7fdb4c69e3c0>,0,27,[3 7],1,3,30,2,3
1,<environment.Job instance at 0x7fdb4c69e820>,2,1,[8 3],3,4,5,1,4
1,<environment.Job instance at 0x7fdb4c69ee60>,4,14,[6 3],5,5,19,0,5
1,<environment.Job instance at 0x7fdb4c69eaf0>,5,1,[8 2],6,19,20,13,6
1,<environment.Job instance at 0x7fdb4c69e190>,6,12,[4 6],7,19,31,12,7
1,<environment.Job instance at 0x7fdb4c69e500>,10,1,[4 8],11,30,31,19,12
1,<environment.Job instance at 0x7fdb4c96c0f0>,8,17,[6 5],9,31,48,22,19
1,<environment.Job instance at 0x7fdb4c69e730>,14,20,[10  5],15,48,68,33,40
1,<environment.Job instance at 0x7fdb4b6cb460>,22,12,[5 4],23,50,62,27,50
1,<environment.Job instance at 0x7fdb4b6cbfa0>,24,16,[4 6],25,62,78,37,50
1,<environment.Job instance at 0x7fdb4b6cbe10>,30,18,[8 4],31,68,86,37,57
1,<environment.Job instance at 0x7fdb4b6cbaa0>,34,17,[6 2],35,78,95,43,66
1,<environment.Job instance at 0x7fdb4b6cde10>,40,17,[1 9],41,78,95,37,67
1,<environment.Job instance at 0x7fdb4c68f7d0>,2,13,[7 2],3,3,16,0,3
1,<environment.Job instance at 0x7fdb4b6a7dc0>,1,17,[14  3],2,16,33,14,6
1,<environment.Job instance at 0x7fdb4c68ff50>,0,16,[1 7],1,6,22,5,6
1,<environment.Job instance at 0x7fdb4b618e10>,5,15,[1 8],6,22,37,16,9
1,<environment.Job instance at 0x7fdb4b61b140>,9,19,[7 1],10,33,52,23,23
1,<environment.Job instance at 0x7fdb4b61b5a0>,14,15,[ 1 10],15,37,52,22,23
1,<environment.Job instance at 0x7fdb4b61b960>,20,16,[2 7],21,52,68,31,39
1,<environment.Job instance at 0x7fdb4b61baa0>,22,15,[5 3],23,39,54,16,39
1,<environment.Job instance at 0x7fdb4b61bdc0>,28,15,[3 7],29,54,69,25,40
1,<environment.Job instance at 0x7fdb4b61bfa0>,31,16,[4 6],32,68,84,36,55
1,<environment.Job instance at 0x7fdb4b626050>,32,15,[4 8],33,69,84,36,55
1,<environment.Job instance at 0x7fdb4b50d7d0>,0,14,[8 3],1,1,15,0,1
1,<environment.Job instance at 0x7fdb4b50d870>,1,15,[5 3],2,2,17,0,2
1,<environment.Job instance at 0x7fdb4b7be190>,5,20,[ 3 10],6,15,35,9,8
1,<environment.Job instance at 0x7fdb4b74e280>,10,17,[7 2],11,15,32,4,11
1,<environment.Job instance at 0x7fdb4b74ef00>,11,3,[1 6],12,12,15,0,12
1,<environment.Job instance at 0x7fdb4b74ebe0>,12,13,[8 5],13,32,45,19,16
1,<environment.Job instance at 0x7fdb4b74e500>,17,17,[7 3],18,35,52,17,23
1,<environment.Job instance at 0x7fdb4b74ed70>,21,17,[7 2],22,45,62,23,33
1,<environment.Job instance at 0x7fdb4b74e2d0>,22,13,[6 3],23,52,65,29,36
1,<environment.Job instance at 0x7fdb4b7bd190>,28,17,[5 7],29,62,79,33,50
1,<environment.Job instance at 0x7fdb4b7bd8c0>,29,15,[2 7],30,65,80,35,51
1,<environment.Job instance at 0x7fdb4b7bdd20>,30,18,[1 8],31,79,97,48,68
1,<environment.Job instance at 0x7fdb4b7bd4b0>,31,13,[4 5],32,80,93,48,68
1,<environment.Job instance at 0x7fdb4b7bd550>,40,13,[9 2],41,80,93,39,68
1,<environment.Job instance at 0x7fdb4b2309b0>,1,16,[2 6],2,2,18,0,2
1,<environment.Job instance at 0x7fdb4b756910>,2,16,[9 5],3,3,19,0,3
1,<environment.Job instance at 0x7fdb4b230230>,0,15,[1 8],1,18,33,17,5
1,<environment.Job instance at 0x7fdb4ba512d0>,9,16,[5 9],10,33,49,23,20
1,<environment.Job instance at 0x7fdb4b2120f0>,10,17,[9 4],11,21,38,10,21
1,<environment.Job instance at 0x7fdb4ba51780>,7,16,[10  3],8,38,54,30,25
1,<environment.Job instance at 0x7fdb4b262cd0>,12,16,[7 2],13,54,70,41,41
1,<environment.Job instance at 0x7fdb4ba51870>,6,13,[1 8],7,49,62,42,41
1,<environment.Job instance at 0x7fdb4ba51f50>,8,23,[8 4],9,62,85,53,58
1,<environment.Job instance at 0x7fdb4cb42b90>,1,17,[4 8],2,2,19,0,2
1,<environment.Job instance at 0x7fdb4c5fab40>,4,17,[9 3],5,5,22,0,5
1,<environment.Job instance at 0x7fdb4ba51f50>,6,14,[ 5 10],7,19,33,12,7
1,<environment.Job instance at 0x7fdb551341e0>,7,3,[2 8],8,33,36,25,8
1,<environment.Job instance at 0x7fdb4c9a71e0>,8,2,[3 7],9,33,35,24,9
1,<environment.Job instance at 0x7fdb4ca87730>,10,3,[5 6],11,35,38,24,11
1,<environment.Job instance at 0x7fdb4ca87c30>,12,14,[2 6],13,36,50,23,21
1,<environment.Job instance at 0x7fdb4c96feb0>,15,14,[5 1],16,35,49,19,21
1,<environment.Job instance at 0x7fdb4c96fe10>,16,21,[4 6],17,38,59,21,30
1,<environment.Job instance at 0x7fdb4c96f190>,18,22,[2 5],19,50,72,31,43
1,<environment.Job instance at 0x7fdb4caa3280>,20,12,[ 5 10],21,59,71,38,43
1,<environment.Job instance at 0x7fdb4b729e60>,22,22,[2 5],23,71,93,48,64
1,<environment.Job instance at 0x7fdb4c97b2d0>,23,17,[7 2],24,71,88,47,64
1,<environment.Job instance at 0x7fdb4cabde60>,26,15,[3 7],27,72,87,45,64
1,<environment.Job instance at 0x7fdb4bea0d70>,4,3,[5 9],5,5,8,0,5
1,<environment.Job instance at 0x7fdb4cabde60>,5,14,[4 7],6,8,22,2,6
1,<environment.Job instance at 0x7fdb4be58780>,7,1,[ 5 10],8,22,23,14,8
1,<environment.Job instance at 0x7fdb4be58eb0>,9,2,[1 5],10,10,12,0,10
1,<environment.Job instance at 0x7fdb4be58c80>,11,17,[2 9],12,23,40,11,12
1,<environment.Job instance at 0x7fdb4c02f910>,16,15,[4 5],17,17,32,0,17
1,<environment.Job instance at 0x7fdb4c66c190>,18,2,[10  2],19,32,34,13,19
1,<environment.Job instance at 0x7fdb4c66c960>,20,1,[6 1],21,21,22,0,21
1,<environment.Job instance at 0x7fdb4c66c280>,21,1,[7 5],22,34,35,12,22
1,<environment.Job instance at 0x7fdb4bea0910>,22,3,[9 4],23,35,38,12,23
1,<environment.Job instance at 0x7fdb4c80e0f0>,23,14,[ 1 10],24,40,54,16,25
1,<environment.Job instance at 0x7fdb4c80e820>,26,15,[14  1],27,40,55,13,29
1,<environment.Job instance at 0x7fdb4bc72190>,29,3,[ 3 11],30,55,58,25,30
1,<environment.Job instance at 0x7fdb4c1111e0>,30,1,[1 9],31,54,55,23,31
1,<environment.Job instance at 0x7fdb4c1115f0>,31,14,[3 7],32,58,72,26,43
1,<environment.Job instance at 0x7fdb4c80ec30>,32,14,[ 4 14],33,72,86,39,57
1,<environment.Job instance at 0x7fdb4b3af550>,1,13,[9 3],2,2,15,0,2
1,<environment.Job instance at 0x7fdb4b3afb40>,2,13,[5 1],3,3,16,0,3
1,<environment.Job instance at 0x7fdb4b3af3c0>,3,2,[10  5],4,15,17,11,4
1,<environment.Job instance at 0x7fdb4b8fed70>,5,14,[4 8],6,16,30,10,6
1,<environment.Job instance at 0x7fdb4b8fe2d0>,6,12,[5 2],7,17,29,10,7
1,<environment.Job instance at 0x7fdb4b8fe280>,12,3,[ 3 14],13,30,33,17,13
1,<environment.Job instance at 0x7fdb4b8fe9b0>,9,12,[1 7],10,33,45,23,16
1,<environment.Job instance at 0x7fdb4b8fe1e0>,14,3,[14  5],15,33,36,18,16
1,<environment.Job instance at 0x7fdb4b8fe780>,17,14,[10  2],18,36,50,18,27
1,<environment.Job instance at 0x7fdb4b8fec80>,19,3,[6 2],20,50,53,30,32
1,<environment.Job instance at 0x7fdb4b3e2230>,23,14,[9 1],24,50,64,26,35
1,<environment.Job instance at 0x7fdb4b3e2f50>,24,15,[9 4],25,64,79,39,50
1,<environment.Job instance at 0x7fdb4b3e2cd0>,25,17,[6 2],26,53,70,27,50
1,<environment.Job instance at 0x7fdb4b3e2d70>,33,18,[8 5],34,79,97,45,68
1,<environment.Job instance at 0x7fdb4b8fe460>,15,26,[5 1],16,70,96,54,68
1,<environment.Job instance at 0x7fdb551ae550>,1,15,[ 3 10],2,2,17,0,2
1,<environment.Job instance at 0x7fdb4b8fe410>,2,26,[6 2],3,3,29,0,3
1,<environment.Job instance at 0x7fdb4bb40f50>,3,2,[ 4 14],4,29,31,25,4
1,<environment.Job instance at 0x7fdb4bb406e0>,4,21,[5 3],5,5,26,0,5
1,<environment.Job instance at 0x7fdb4bb40d70>,5,2,[5 8],6,26,28,20,6
1,<environment.Job instance at 0x7fdb4bb40870>,6,1,[ 4 10],7,17,18,10,7
1,<environment.Job instance at 0x7fdb4bb40b40>,10,15,[2 8],11,31,46,20,17
1,<environment.Job instance at 0x7fdb4cb89b40>,14,20,[5 5],15,31,51,16,22
1,<environment.Job instance at 0x7fdb4cb89050>,16,14,[2 7],17,46,60,29,31
1,<environment.Job instance at 0x7fdb4cb895f0>,17,12,[9 3],18,51,63,33,34
1,<environment.Job instance at 0x7fdb4cb89a00>,18,14,[8 2],19,34,48,15,34
1,<environment.Job instance at 0x7fdb4cb89410>,20,18,[ 2 10],21,60,78,39,49
1,<environment.Job instance at 0x7fdb4cb893c0>,22,15,[10  5],23,63,78,40,49
1,<environment.Job instance at 0x7fdb4cb892d0>,24,15,[3 5],25,78,93,53,64
1,<environment.Job instance at 0x7fdb4cb89cd0>,27,17,[10  3],28,78,95,50,66
1,<environment.Job instance at 0x7fdb4be6deb0>,0,12,[1 7],1,1,13,0,1
1,<environment.Job instance at 0x7fdb4be6dfa0>,1,13,[4 7],2,2,15,0,2
1,<environment.Job instance at 0x7fdb4b7c9eb0>,3,14,[10  5],4,13,27,9,4
1,<environment.Job instance at 0x7fdb4b78b960>,4,2,[8 4],5,27,29,22,5
1,<environment.Job instance at 0x7fdb4c334500>,2,1,[2 8],3,15,16,12,7
1,<environment.Job instance at 0x7fdb4b78c370>,11,14,[5 7],12,16,30,4,12
1,<environment.Job instance at 0x7fdb4b78c5f0>,12,17,[2 6],13,29,46,16,17
1,<environment.Job instance at 0x7fdb4ba070f0>,17,15,[10  2],18,30,45,12,18
1,<environment.Job instance at 0x7fdb4ba07550>,20,17,[5 2],21,45,62,24,33
1,<environment.Job instance at 0x7fdb4ba07730>,21,20,[8 4],22,45,65,23,36
1,<environment.Job instance at 0x7fdb4ba07af0>,27,13,[6 1],28,62,75,34,46
1,<environment.Job instance at 0x7fdb4ba07b90>,28,17,[2 5],29,65,82,36,53
1,<environment.Job instance at 0x7fdb4ba07d70>,31,18,[8 1],32,75,93,43,64
1,<environment.Job instance at 0x7fdb4c9a7f50>,0,19,[5 3],1,1,20,0,1
1,<environment.Job instance at 0x7fdb4ba07d70>,2,16,[8 5],3,3,19,0,3
1,<environment.Job instance at 0x7fdb4b4e6140>,3,3,[4 5],4,19,22,15,5
1,<environment.Job instance at 0x7fdb4c5703c0>,5,2,[6 2],6,19,21,13,6
1,<environment.Job instance at 0x7fdb4b4e6be0>,4,22,[ 3 10],5,21,43,16,14
1,<environment.Job instance at 0x7fdb4c5708c0>,9,14,[11  3],10,22,36,12,14
1,<environment.Job instance at 0x7fdb4c570a00>,10,3,[ 3 11],11,43,46,32,17
1,<environment.Job instance at 0x7fdb4b878dc0>,12,24,[5 4],13,36,60,23,31
1,<environment.Job instance at 0x7fdb4b878f00>,13,18,[7 3],14,46,64,32,35
1,<environment.Job instance at 0x7fdb4c56d960>,16,12,[3 6],17,46,58,29,41
1,<environment.Job instance at 0x7fdb4c56dbe0>,17,17,[10  1],18,64,81,46,52
1,<environment.Job instance at 0x7fdb4c56daf0>,18,17,[5 3],19,60,77,41,52
1,<environment.Job instance at 0x7fdb4c56d050>,19,21,[1 8],20,77,98,57,69
1,<environment.Job instance at 0x7fdb4bdaf550>,1,2,[4 8],2,2,4,0,2
1,<environment.Job instance at 0x7fdb4c56deb0>,2,12,[ 5 10],3,4,16,1,3
1,<environment.Job instance at 0x7fdb4bdaff00>,3,1,[2 8],4,16,17,12,4
1,<environment.Job instance at 0x7fdb4bdaf820>,6,2,[1 8],7,17,19,10,7
1,<environment.Job instance at 0x7fdb550d37d0>,9,12,[11  2],10,16,28,6,10
1,<environment.Job instance at 0x7fdb550d3410>,10,3,[13  3],11,28,31,17,15
1,<environment.Job instance at 0x7fdb4c09fdc0>,16,18,[2 8],17,19,37,2,18
1,<environment.Job instance at 0x7fdb4c09f190>,18,18,[5 1],19,31,49,12,20
1,<environment.Job instance at 0x7fdb4c09f410>,21,13,[5 8],22,37,50,15,22
1,<environment.Job instance at 0x7fdb4c09f780>,22,15,[7 4],23,49,64,26,35
1,<environment.Job instance at 0x7fdb4c960dc0>,28,14,[ 2 10],29,50,64,21,35
1,<environment.Job instance at 0x7fdb4be7e910>,36,17,[7 3],37,64,81,27,52
1,<environment.Job instance at 0x7fdb4c09f640>,17,17,[1 7],18,64,81,46,52
1,<environment.Job instance at 0x7fdb4ca02af0>,38,1,[10  5],39,81,82,42,53
1,<environment.Job instance at 0x7fdb4b6996e0>,39,3,[3 6],40,81,84,41,55
1,<environment.Job instance at 0x7fdb4bae08c0>,1,1,[4 5],2,2,3,0,2
1,<environment.Job instance at 0x7fdb4b699870>,2,13,[13  2],3,7,20,4,7
1,<environment.Job instance at 0x7fdb4bf58eb0>,6,13,[5 8],7,20,33,13,7
1,<environment.Job instance at 0x7fdb4bf587d0>,8,12,[6 1],9,20,32,11,9
1,<environment.Job instance at 0x7fdb4bf58a50>,9,18,[8 4],10,32,50,22,21
1,<environment.Job instance at 0x7fdb4bf8a7d0>,16,13,[2 9],17,33,46,16,21
1,<environment.Job instance at 0x7fdb4bf8a910>,17,14,[2 6],18,46,60,28,31
1,<environment.Job instance at 0x7fdb4bf8ad70>,18,12,[2 9],19,50,62,31,33
1,<environment.Job instance at 0x7fdb4bf8aa50>,20,16,[5 9],21,62,78,41,49
1,<environment.Job instance at 0x7fdb4bf8a5f0>,21,18,[2 6],22,60,78,38,49
1,<environment.Job instance at 0x7fdb4bf8a500>,22,18,[6 5],23,78,96,55,67
1,<environment.Job instance at 0x7fdb4bf69410>,23,17,[5 2],24,78,95,54,67
1,<environment.Job instance at 0x7fdb4c74cc30>,0,12,[ 2 13],1,1,13,0,1
1,<environment.Job instance at 0x7fdb4bb67820>,1,2,[12  5],2,13,15,11,2
1,<environment.Job instance at 0x7fdb4bf85230>,3,2,[12  2],4,4,6,0,4
1,<environment.Job instance at 0x7fdb4b57f140>,4,23,[6 4],5,15,38,10,9
1,<environment.Job instance at 0x7fdb4b57f050>,9,2,[13  3],10,38,40,28,15
1,<environment.Job instance at 0x7fdb4b57f820>,14,14,[5 5],15,15,29,0,15
1,<environment.Job instance at 0x7fdb4b57fe10>,16,3,[ 1 12],17,38,41,21,17
1,<environment.Job instance at 0x7fdb4b57f6e0>,13,18,[7 5],14,41,59,27,30
1,<environment.Job instance at 0x7fdb4c1430f0>,19,16,[5 9],20,41,57,21,30
1,<environment.Job instance at 0x7fdb4b561870>,25,18,[2 5],26,57,75,31,46
1,<environment.Job instance at 0x7fdb4ca50af0>,27,13,[2 6],28,59,72,31,46
1,<environment.Job instance at 0x7fdb4b57f5a0>,10,25,[10  4],11,59,84,48,55
1,<environment.Job instance at 0x7fdb4b5619b0>,28,21,[1 9],29,75,96,46,67
1,<environment.Job instance at 0x7fdb4c33ef00>,3,14,[ 5 10],4,4,18,0,4
1,<environment.Job instance at 0x7fdb4c33e500>,4,14,[8 1],5,5,19,0,5
1,<environment.Job instance at 0x7fdb4c33e4b0>,5,15,[9 4],6,19,34,13,6
1,<environment.Job instance at 0x7fdb4c33e9b0>,6,17,[1 8],7,18,35,11,7
1,<environment.Job instance at 0x7fdb4c351f50>,16,12,[4 8],17,35,47,18,18
1,<environment.Job instance at 0x7fdb4c351dc0>,18,12,[3 5],19,34,46,15,19
1,<environment.Job instance at 0x7fdb4c351460>,19,3,[1 9],20,47,50,27,22
1,<environment.Job instance at 0x7fdb4c3513c0>,24,23,[8 1],25,34,57,9,28
1,<environment.Job instance at 0x7fdb4c351aa0>,25,2,[ 5 14],26,50,52,24,28
1,<environment.Job instance at 0x7fdb4c351190>,23,18,[9 4],24,57,75,33,46
1,<environment.Job instance at 0x7fdb4c3510f0>,29,16,[6 5],30,52,68,22,46
1,<environment.Job instance at 0x7fdb4c3511e0>,30,18,[9 5],31,75,93,44,64
1,<environment.Job instance at 0x7fdb4b47d4b0>,35,21,[5 6],36,68,89,32,64
1,<environment.Job instance at 0x7fdb4c69b500>,1,3,[4 5],2,2,5,0,2
1,<environment.Job instance at 0x7fdb4c807960>,2,20,[5 1],3,3,23,0,3
1,<environment.Job instance at 0x7fdb4c807140>,3,18,[5 2],4,4,22,0,4
1,<environment.Job instance at 0x7fdb4c807be0>,5,1,[2 8],6,8,9,2,8
1,<environment.Job instance at 0x7fdb4b68d460>,8,13,[8 5],9,22,35,13,9
1,<environment.Job instance at 0x7fdb4b9995a0>,9,13,[3 8],10,23,36,13,10
1,<environment.Job instance at 0x7fdb4b999960>,10,16,[ 1 13],11,36,52,25,23
1,<environment.Job instance at 0x7fdb4c807690>,7,16,[5 8],8,52,68,44,39
1,<environment.Job instance at 0x7fdb4bd26e10>,17,18,[4 9],18,68,86,50,57
1,<environment.Job instance at 0x7f0136cf2410>,2,13,[10  1],3,3,16,0,3
1,<environment.Job instance at 0x7f0136cf24b0>,3,17,[ 5 10],4,4,21,0,4
1,<environment.Job instance at 0x7f0136cf2690>,4,1,[5 6],5,21,22,16,5
1,<environment.Job instance at 0x7f0136cf2780>,5,12,[1 7],6,21,33,15,6
1,<environment.Job instance at 0x7f0136cf2a00>,8,16,[1 8],9,22,38,13,10
1,<environment.Job instance at 0x7f0136cf2a50>,10,12,[5 5],11,33,45,22,16
1,<environment.Job instance at 0x7f0136cf2cd0>,14,18,[1 6],15,38,56,23,27
1,<environment.Job instance at 0x7f0136cf2f00>,18,12,[1 8],19,45,57,26,28
1,<environment.Job instance at 0x7f0136cf4230>,20,14,[4 8],21,57,71,36,42
1,<environment.Job instance at 0x7f0136cf4370>,22,21,[5 5],23,56,77,33,48
1,<environment.Job instance at 0x7f0136cf4550>,25,16,[9 2],26,71,87,45,58
1,<environment.Job instance at 0x7f0136cf45f0>,26,16,[9 1],27,87,103,60,74
1,<environment.Job instance at 0x7f0136cf46e0>,29,18,[5 1],30,77,95,47,74
1,<environment.Job instance at 0x7f013742dc80>,1,15,[11  5],2,2,17,0,2
1,<environment.Job instance at 0x7f0136cf4aa0>,2,12,[9 3],3,17,29,14,3
1,<environment.Job instance at 0x7f013742daf0>,4,18,[ 2 10],5,5,23,0,5
1,<environment.Job instance at 0x7f013742ddc0>,5,3,[2 6],6,23,26,17,6
1,<environment.Job instance at 0x7f0136ea1550>,6,13,[1 6],7,23,36,16,7
1,<environment.Job instance at 0x7f0140131d70>,8,16,[ 5 10],9,36,52,27,23
1,<environment.Job instance at 0x7f0136ea1190>,11,20,[5 2],12,26,46,14,23
1,<environment.Job instance at 0x7f0136ea1dc0>,13,19,[9 2],14,46,65,32,36
1,<environment.Job instance at 0x7f0136ea1960>,15,3,[5 7],16,52,55,36,36
1,<environment.Job instance at 0x7f0136ea1e60>,17,12,[10  4],18,65,77,47,48
1,<environment.Job instance at 0x7f0136ea10f0>,20,3,[1 7],21,55,58,34,49
1,<environment.Job instance at 0x7f0136ea12d0>,21,16,[6 3],22,77,93,55,64
1,<environment.Job instance at 0x7f0136ea1780>,9,12,[ 2 10],10,64,76,54,64
1,<environment.Job instance at 0x7f0136ea1be0>,23,12,[9 2],24,77,89,53,64
1,<environment.Job instance at 0x7f0136ea1a50>,25,12,[10  3],26,93,105,67,76
1,<environment.Job instance at 0x7f0136ea13c0>,28,12,[ 1 10],29,89,101,60,76
1,<environment.Job instance at 0x7f01363a3640>,3,16,[9 1],4,4,20,0,4
1,<environment.Job instance at 0x7f01363a3960>,5,15,[4 8],6,6,21,0,6
1,<environment.Job instance at 0x7f01363a3c30>,6,3,[ 1 10],7,21,24,14,7
1,<environment.Job instance at 0x7f01363a30a0>,7,2,[ 3 10],8,24,26,16,8
1,<environment.Job instance at 0x7f01363a3e60>,8,15,[2 5],9,9,24,0,9
1,<environment.Job instance at 0x7f0136ea13c0>,9,18,[7 3],10,24,42,14,13
1,<environment.Job instance at 0x7f01363a3460>,10,15,[3 7],11,26,41,15,14
1,<environment.Job instance at 0x7f01363963c0>,16,17,[1 5],17,26,43,9,17
1,<environment.Job instance at 0x7f01363960a0>,19,12,[5 5],20,41,53,21,24
1,<environment.Job instance at 0x7f0136396050>,12,16,[9 1],13,42,58,29,29
1,<environment.Job instance at 0x7f0136396460>,21,13,[4 9],22,53,66,31,37
1,<environment.Job instance at 0x7f01363969b0>,22,16,[6 4],23,58,74,35,47
1,<environment.Job instance at 0x7f0136396c80>,26,17,[5 7],27,66,83,39,54
1,<environment.Job instance at 0x7f0136396500>,28,18,[1 9],29,83,101,54,72
1,<environment.Job instance at 0x7f01363c70a0>,30,16,[2 5],31,74,90,43,72
1,<environment.Job instance at 0x7f01363c7550>,32,19,[5 1],33,74,93,41,72
1,<environment.Job instance at 0x7f013729ba00>,0,13,[7 5],1,1,14,0,1
1,<environment.Job instance at 0x7f01363c78c0>,1,15,[2 8],2,2,17,0,2
1,<environment.Job instance at 0x7f013729bc30>,2,2,[11  4],3,14,16,11,4
1,<environment.Job instance at 0x7f013729bf50>,8,12,[8 1],9,16,28,7,9
1,<environment.Job instance at 0x7f01363c7550>,3,21,[1 9],4,17,38,13,14
1,<environment.Job instance at 0x7f013729be60>,6,28,[9 1],7,28,56,21,27
1,<environment.Job instance at 0x7f013729bcd0>,11,14,[11  3],12,56,70,44,41
1,<environment.Job instance at 0x7f013729b7d0>,12,1,[5 9],13,41,42,28,41
1,<environment.Job instance at 0x7f0137393d70>,14,13,[3 9],15,51,64,36,51
1,<environment.Job instance at 0x7f0137393640>,15,13,[2 7],16,64,77,48,51
1,<environment.Job instance at 0x7f0136e643c0>,16,15,[5 4],17,70,85,53,56
1,<environment.Job instance at 0x7f0136e64190>,18,17,[8 3],19,70,87,51,58
1,<environment.Job instance at 0x7f0136e64820>,21,16,[7 2],22,85,101,63,72
1,<environment.Job instance at 0x7f013729b550>,10,18,[2 6],11,87,105,76,76
1,<environment.Job instance at 0x7f01377ff3c0>,1,17,[11  2],2,2,19,0,2
1,<environment.Job instance at 0x7f01377ff2d0>,2,13,[11  3],3,19,32,16,3
1,<environment.Job instance at 0x7f01377ff370>,5,2,[7 5],6,32,34,26,7
1,<environment.Job instance at 0x7f0136dfa640>,7,1,[2 5],8,8,9,0,8
1,<environment.Job instance at 0x7f01377ff8c0>,4,14,[10  3],5,34,48,29,20
1,<environment.Job instance at 0x7f0136dfa820>,11,13,[7 4],12,48,61,36,32
1,<environment.Job instance at 0x7f0136dfae60>,14,12,[1 8],15,43,55,28,43
1,<environment.Job instance at 0x7f0137176e10>,19,13,[10  3],20,61,74,41,45
1,<environment.Job instance at 0x7f0137176f50>,20,14,[8 5],21,74,88,53,59
1,<environment.Job instance at 0x7f013719e8c0>,34,14,[6 3],35,74,88,39,71
1,<environment.Job instance at 0x7f013719ebe0>,36,12,[4 6],37,88,100,51,71
1,<environment.Job instance at 0x7f0137177eb0>,38,17,[6 5],39,88,105,49,78
1,<environment.Job instance at 0x7f0136e55af0>,1,2,[ 4 14],2,2,4,0,2
1,<environment.Job instance at 0x7f0136e55460>,0,20,[ 2 10],1,4,24,3,2
1,<environment.Job instance at 0x7f0136e554b0>,6,1,[ 4 11],7,24,25,17,9
1,<environment.Job instance at 0x7f0136e55fa0>,9,26,[3 8],10,25,51,15,22
1,<environment.Job instance at 0x7f0136e55f50>,8,19,[5 3],9,22,41,13,22
1,<environment.Job instance at 0x7f0136e55dc0>,11,19,[6 2],12,25,44,13,22
1,<environment.Job instance at 0x7f0136e55a50>,14,12,[2 9],15,51,63,36,34
1,<environment.Job instance at 0x7f0136e553c0>,15,15,[2 9],16,63,78,47,49
1,<environment.Job instance at 0x7f0136e55b40>,16,23,[5 5],17,49,72,32,49
1,<environment.Job instance at 0x7f0136e55aa0>,17,1,[6 3],18,72,73,54,49
1,<environment.Job instance at 0x7f0136e37d70>,18,12,[7 5],19,73,85,54,56
1,<environment.Job instance at 0x7f0136e37230>,19,17,[5 5],20,78,95,58,66
1,<environment.Job instance at 0x7f0136e555a0>,5,12,[ 5 10],6,85,97,79,69
1,<environment.Job instance at 0x7f0136bbcfa0>,1,18,[1 8],2,2,20,0,2
1,<environment.Job instance at 0x7f0136e55f00>,2,15,[5 2],3,3,18,0,3
1,<environment.Job instance at 0x7f0136358500>,4,15,[1 7],5,18,33,13,5
1,<environment.Job instance at 0x7f0136358410>,5,13,[5 2],6,20,33,14,6
1,<environment.Job instance at 0x7f0136358780>,7,2,[10  5],8,33,35,25,8
1,<environment.Job instance at 0x7f0136358870>,11,15,[5 3],12,20,35,8,13
1,<environment.Job instance at 0x7f0136e555a0>,9,16,[9 4],10,35,51,25,22
1,<environment.Job instance at 0x7f0136358460>,8,18,[1 7],9,35,53,26,27
1,<environment.Job instance at 0x7f01363588c0>,10,14,[8 3],11,51,65,40,36
1,<environment.Job instance at 0x7f0136358d70>,17,14,[9 2],18,65,79,47,50
1,<environment.Job instance at 0x7f0136358f50>,19,1,[10  1],20,79,80,59,51
1,<environment.Job instance at 0x7f0136358d20>,20,17,[7 2],21,80,97,59,69
1,<environment.Job instance at 0x7f0136358eb0>,21,3,[1 6],22,69,72,47,69
1,<environment.Job instance at 0x7f0136353230>,22,13,[8 5],23,80,93,57,69
1,<environment.Job instance at 0x7f0136a265f0>,1,16,[2 6],2,2,18,0,2
1,<environment.Job instance at 0x7f01363531e0>,2,16,[9 5],3,3,19,0,3
1,<environment.Job instance at 0x7f0137101190>,3,16,[14  3],4,19,35,15,7
1,<environment.Job instance at 0x7f0137101e60>,6,13,[1 8],7,18,31,11,12
1,<environment.Job instance at 0x7f01371012d0>,10,17,[9 4],11,35,52,24,23
1,<environment.Job instance at 0x7f013637e5f0>,0,15,[1 8],1,31,46,30,25
1,<environment.Job instance at 0x7f0137101cd0>,9,16,[5 9],10,46,62,36,33
1,<environment.Job instance at 0x7f0137101140>,11,19,[10  4],12,52,71,40,42
1,<environment.Job instance at 0x7f0137101c80>,13,15,[ 5 11],14,62,77,48,48
1,<environment.Job instance at 0x7f0137101c30>,7,16,[10  3],8,71,87,63,58
1,<environment.Job instance at 0x7f01373916e0>,12,16,[7 2],13,87,103,74,74
1,<environment.Job instance at 0x7f0137391c80>,21,28,[5 7],22,77,105,55,76
1,<environment.Job instance at 0x7f0137391730>,22,2,[11  1],23,105,107,82,78
1,<environment.Job instance at 0x7f0135fb30a0>,0,3,[5 6],1,1,4,0,1
1,<environment.Job instance at 0x7f013fef95a0>,1,18,[2 6],2,2,20,0,2
1,<environment.Job instance at 0x7f0135fb3af0>,2,14,[2 6],3,4,18,1,3
1,<environment.Job instance at 0x7f0136053d20>,5,14,[5 1],6,6,20,0,6
1,<environment.Job instance at 0x7f01360539b0>,7,2,[4 7],8,18,20,10,8
1,<environment.Job instance at 0x7f013763ba00>,8,22,[2 5],9,20,42,11,13
1,<environment.Job instance at 0x7f0136504640>,12,22,[2 5],13,20,42,7,13
1,<environment.Job instance at 0x7f0136504960>,13,17,[7 2],14,20,37,6,15
1,<environment.Job instance at 0x7f0136ce4be0>,16,15,[3 7],17,42,57,25,28
1,<environment.Job instance at 0x7f0136ce4fa0>,17,17,[9 3],18,37,54,19,28
1,<environment.Job instance at 0x7f0137115910>,22,16,[8 4],23,54,70,31,41
1,<environment.Job instance at 0x7f0137115500>,24,13,[2 6],25,57,70,32,41
1,<environment.Job instance at 0x7f0137115320>,25,18,[5 1],26,57,75,31,47
1,<environment.Job instance at 0x7f0136c0c0a0>,10,12,[ 5 10],11,70,82,59,53
1,<environment.Job instance at 0x7f01371153c0>,27,17,[5 8],28,82,99,54,70
1,<environment.Job instance at 0x7f013600fa00>,29,15,[2 6],30,82,97,52,70
1,<environment.Job instance at 0x7f0136f02e10>,0,1,[6 1],1,1,2,0,1
1,<environment.Job instance at 0x7f0136f02780>,1,1,[7 5],2,2,3,0,2
1,<environment.Job instance at 0x7f0136e55c80>,2,3,[9 4],3,3,6,0,3
1,<environment.Job instance at 0x7f01363023c0>,3,14,[ 1 10],4,4,18,0,4
1,<environment.Job instance at 0x7f0136302820>,4,2,[5 8],5,18,20,13,6
1,<environment.Job instance at 0x7f01362e2500>,9,3,[ 3 11],10,20,23,10,10
1,<environment.Job instance at 0x7f01362e23c0>,10,1,[1 9],11,23,24,12,11
1,<environment.Job instance at 0x7f01362e28c0>,11,14,[3 7],12,24,38,12,12
1,<environment.Job instance at 0x7f01377b2230>,7,20,[4 9],8,38,58,30,29
1,<environment.Job instance at 0x7f01368a0690>,14,20,[8 5],15,30,50,15,30
1,<environment.Job instance at 0x7f0137746320>,15,12,[4 6],16,50,62,34,33
1,<environment.Job instance at 0x7f0136bcbaa0>,16,17,[6 1],17,58,75,41,46
1,<environment.Job instance at 0x7f01368a0a00>,17,13,[9 2],18,62,75,44,46
1,<environment.Job instance at 0x7f0136d5b640>,20,12,[7 3],21,75,87,54,58
1,<environment.Job instance at 0x7f01376adaf0>,21,13,[8 4],22,75,88,53,59
1,<environment.Job instance at 0x7f01377415f0>,22,21,[5 3],23,87,108,64,79
1,<environment.Job instance at 0x7f01400b9460>,24,18,[8 5],25,88,106,63,79
1,<environment.Job instance at 0x7f0136740d70>,3,18,[8 5],4,4,22,0,4
1,<environment.Job instance at 0x7f0136740910>,5,18,[1 6],6,6,24,0,6
1,<environment.Job instance at 0x7f0136965fa0>,6,12,[ 2 10],7,24,36,17,7
1,<environment.Job instance at 0x7f013600f960>,7,15,[5 5],8,22,37,14,8
1,<environment.Job instance at 0x7f013600f8c0>,9,2,[2 7],10,36,38,26,10
1,<environment.Job instance at 0x7f013693e870>,11,12,[8 2],12,36,48,24,19
1,<environment.Job instance at 0x7f013693ed70>,14,12,[5 5],15,37,49,22,22
1,<environment.Job instance at 0x7f01363f7be0>,19,13,[8 5],20,48,61,28,32
1,<environment.Job instance at 0x7f01363f75f0>,21,18,[7 2],22,49,67,27,38
1,<environment.Job instance at 0x7f01363f72d0>,23,15,[3 6],24,61,76,37,47
1,<environment.Job instance at 0x7f013669bf00>,26,15,[9 3],27,67,82,40,53
1,<environment.Job instance at 0x7f013669b690>,29,17,[3 8],30,76,93,46,64
1,<environment.Job instance at 0x7f0136b1a0f0>,35,13,[6 3],36,82,95,46,68
1,<environment.Job instance at 0x7f01364a3c80>,50,15,[2 8],51,93,108,42,79
1,<environment.Job instance at 0x7f01362c1500>,1,1,[14  5],2,2,3,0,2
1,<environment.Job instance at 0x7f01362c1690>,2,19,[2 5],3,3,22,0,3
1,<environment.Job instance at 0x7f01362c1230>,3,12,[1 7],4,4,16,0,4
1,<environment.Job instance at 0x7f01362c1be0>,4,15,[7 5],5,16,31,11,5
1,<environment.Job instance at 0x7f01362c1870>,5,1,[10  2],6,6,7,0,6
1,<environment.Job instance at 0x7f01362c18c0>,6,14,[3 6],7,22,36,15,7
1,<environment.Job instance at 0x7f01365bbf50>,11,3,[7 4],12,31,34,19,12
1,<environment.Job instance at 0x7f01365bbb90>,15,13,[11  1],16,34,47,18,18
1,<environment.Job instance at 0x7f01365bbaa0>,16,14,[ 3 13],17,36,50,19,22
1,<environment.Job instance at 0x7f01365bba50>,17,3,[ 4 10],18,50,53,32,24
1,<environment.Job instance at 0x7f01365bba00>,18,3,[10  4],19,50,53,31,24
1,<environment.Job instance at 0x7f01365bbd70>,19,2,[5 3],20,25,27,5,25
1,<environment.Job instance at 0x7f01362c1e60>,13,14,[4 7],14,53,67,39,38
1,<environment.Job instance at 0x7f013623fb90>,20,16,[9 2],21,53,69,32,40
1,<environment.Job instance at 0x7f01365bbeb0>,14,12,[ 5 11],15,67,79,52,50
1,<environment.Job instance at 0x7f013623fa50>,23,18,[8 5],24,79,97,55,68
1,<environment.Job instance at 0x7f013623f780>,27,13,[7 3],28,69,82,41,68
1,<environment.Job instance at 0x7f0136d3e140>,0,13,[9 5],1,1,14,0,1
1,<environment.Job instance at 0x7f0136d3e6e0>,1,3,[4 7],2,2,5,0,2
1,<environment.Job instance at 0x7f0136d3ed20>,2,16,[5 6],3,5,21,2,3
1,<environment.Job instance at 0x7f0136d3ecd0>,4,12,[6 2],5,14,26,9,5
1,<environment.Job instance at 0x7f0136d3ee60>,5,16,[4 5],6,14,30,8,6
1,<environment.Job instance at 0x7f013651a640>,7,3,[9 5],8,26,29,18,8
1,<environment.Job instance at 0x7f013651a550>,8,2,[13  3],9,30,32,21,9
1,<environment.Job instance at 0x7f013651abe0>,11,13,[6 1],12,32,45,20,16
1,<environment.Job instance at 0x7f013651a410>,13,3,[4 6],14,21,24,7,16
1,<environment.Job instance at 0x7f0136af6e60>,17,18,[5 3],18,32,50,14,21
1,<environment.Job instance at 0x7f013651a5f0>,12,24,[1 7],13,29,53,16,25
1,<environment.Job instance at 0x7f0136af68c0>,18,16,[9 4],19,45,61,26,32
1,<environment.Job instance at 0x7f0136af6870>,20,19,[5 3],21,50,69,29,40
1,<environment.Job instance at 0x7f0136af62d0>,22,16,[8 5],23,61,77,38,48
1,<environment.Job instance at 0x7f0136af6b90>,26,17,[5 4],27,69,86,42,57
1,<environment.Job instance at 0x7f0136af6d20>,27,20,[ 2 10],28,77,97,49,68
1,<environment.Job instance at 0x7f0136af60f0>,33,18,[7 3],34,86,104,52,75
1,<environment.Job instance at 0x7f0136ee9320>,0,13,[14  1],1,1,14,0,1
1,<environment.Job instance at 0x7f0136ee9910>,1,15,[3 8],2,14,29,12,2
1,<environment.Job instance at 0x7f0136b9ea50>,2,3,[1 5],3,3,6,0,3
1,<environment.Job instance at 0x7f0135f91780>,3,3,[9 1],4,14,17,10,4
1,<environment.Job instance at 0x7f0135f91690>,6,14,[6 2],7,17,31,10,7
1,<environment.Job instance at 0x7f0135f91c30>,11,2,[4 8],12,29,31,17,12
1,<environment.Job instance at 0x7f0135f91d20>,12,12,[ 5 10],13,31,43,18,14
1,<environment.Job instance at 0x7f0135f91dc0>,13,1,[2 8],14,43,44,29,15
1,<environment.Job instance at 0x7f0135f919b0>,7,16,[9 2],8,31,47,23,19
1,<environment.Job instance at 0x7f0135fa3730>,25,12,[10  5],26,47,59,21,32
1,<environment.Job instance at 0x7f0135fa37d0>,26,18,[2 8],27,44,62,17,33
1,<environment.Job instance at 0x7f0135f91eb0>,15,27,[5 2],16,59,86,43,57
1,<environment.Job instance at 0x7f0135fa3910>,28,18,[5 1],29,59,77,30,57
1,<environment.Job instance at 0x7f0135fa39b0>,29,26,[2 7],30,62,88,32,59
1,<environment.Job instance at 0x7f0135fa3a50>,30,3,[ 5 11],31,88,91,57,62
1,<environment.Job instance at 0x7f0135fa3b90>,31,13,[5 8],32,91,104,59,75
1,<environment.Job instance at 0x7f0135fa3cd0>,32,15,[7 4],33,77,92,44,75
1,<environment.Job instance at 0x7f0135fa32d0>,33,1,[9 3],34,92,93,58,75
1,<environment.Job instance at 0x7f0136b419b0>,0,21,[ 3 14],1,2,23,1,2
1,<environment.Job instance at 0x7f0136b41c30>,1,1,[4 5],2,23,24,21,2
1,<environment.Job instance at 0x7f0136b41cd0>,4,3,[5 7],5,23,26,18,5
1,<environment.Job instance at 0x7f0136b41fa0>,6,13,[5 8],7,24,37,17,8
1,<environment.Job instance at 0x7f0136b41c80>,8,12,[6 1],9,9,21,0,9
1,<environment.Job instance at 0x7f0136b41910>,13,1,[8 5],14,26,27,12,14
1,<environment.Job instance at 0x7f0136b41320>,14,3,[ 4 12],15,37,40,22,15
1,<environment.Job instance at 0x7f0136b41b90>,11,16,[9 1],12,27,43,15,18
1,<environment.Job instance at 0x7f0136b41550>,16,13,[2 9],17,40,53,23,24
1,<environment.Job instance at 0x7f013763b960>,17,14,[2 6],18,43,57,25,28
1,<environment.Job instance at 0x7f013763b0f0>,18,12,[2 9],19,53,65,34,37
1,<environment.Job instance at 0x7f0136b41eb0>,12,15,[11  2],13,57,72,44,43
1,<environment.Job instance at 0x7f013763bf00>,19,14,[ 3 10],20,65,79,45,50
1,<environment.Job instance at 0x7f013763bc30>,21,18,[2 6],22,79,97,57,68
1,<environment.Job instance at 0x7f013763b050>,22,18,[6 5],23,72,90,49,68
1,<environment.Job instance at 0x7f013763bb40>,23,17,[5 2],24,79,96,55,68
1,<environment.Job instance at 0x7f01366d8500>,3,18,[7 5],4,4,22,0,4
1,<environment.Job instance at 0x7f01366d8280>,4,14,[5 5],5,5,19,0,5
1,<environment.Job instance at 0x7f01366d8e10>,5,15,[10  3],6,22,37,16,8
1,<environment.Job instance at 0x7f01366d8690>,9,16,[5 9],10,19,35,9,10
1,<environment.Job instance at 0x7f0136f5d0f0>,17,13,[2 6],18,35,48,17,19
1,<environment.Job instance at 0x7f0136f5d5a0>,18,21,[1 9],19,37,58,18,29
1,<environment.Job instance at 0x7f0136f5dc30>,15,18,[2 5],16,48,66,32,38
1,<environment.Job instance at 0x7f01366e2fa0>,22,12,[3 7],23,58,70,35,41
1,<environment.Job instance at 0x7f01366e23c0>,23,14,[4 7],24,66,80,42,51
1,<environment.Job instance at 0x7f01366e2640>,19,20,[9 2],20,70,90,50,63
1,<environment.Job instance at 0x7f01366e2870>,24,13,[1 9],25,80,93,55,65
1,<environment.Job instance at 0x7f01366e2f00>,26,2,[12  2],27,90,92,63,65
1,<environment.Job instance at 0x7f01366e2280>,25,15,[6 4],26,92,107,66,78
1,<environment.Job instance at 0x7f0136b66cd0>,1,19,[ 1 10],2,2,21,0,2
1,<environment.Job instance at 0x7f013734de60>,5,2,[ 5 14],6,21,23,15,6
1,<environment.Job instance at 0x7f01366e2280>,3,18,[9 4],4,23,41,19,13
1,<environment.Job instance at 0x7f013734deb0>,9,16,[6 5],10,23,39,13,13
1,<environment.Job instance at 0x7f013734da50>,6,19,[ 4 12],7,41,60,34,31
1,<environment.Job instance at 0x7f0137025e60>,11,17,[11  3],12,41,58,29,31
1,<environment.Job instance at 0x7f0137025c80>,12,15,[ 5 12],13,60,75,47,46
1,<environment.Job instance at 0x7f01370255f0>,13,18,[ 1 13],14,75,93,61,64
1,<environment.Job instance at 0x7f0137025960>,14,2,[7 3],15,64,66,49,64
1,<environment.Job instance at 0x7f0136e74780>,0,14,[5 6],1,1,15,0,1
1,<environment.Job instance at 0x7f01370255a0>,1,1,[14  5],2,15,16,13,3
1,<environment.Job instance at 0x7f013643b7d0>,3,14,[ 5 13],4,16,30,12,4
1,<environment.Job instance at 0x7f013643b3c0>,4,17,[6 2],5,16,33,11,5
1,<environment.Job instance at 0x7f0137391c30>,15,12,[2 6],16,30,42,14,17
1,<environment.Job instance at 0x7f0137391280>,17,12,[10  3],18,33,45,15,19
1,<environment.Job instance at 0x7f01375e7f50>,24,15,[6 2],25,45,60,20,31
1,<environment.Job instance at 0x7f013643ba50>,7,20,[6 3],8,45,65,37,36
1,<environment.Job instance at 0x7f01375e7690>,27,3,[8 4],28,60,63,32,36
1,<environment.Job instance at 0x7f0137391e60>,26,12,[5 3],27,63,75,36,46
1,<environment.Job instance at 0x7f013643eeb0>,32,18,[7 2],33,65,83,32,59
1,<environment.Job instance at 0x7f01364e6910>,34,17,[2 5],35,66,83,31,66
1,<environment.Job instance at 0x7f01403973c0>,35,16,[5 3],36,75,91,39,67
1,<environment.Job instance at 0x7f0136811be0>,3,2,[8 4],4,4,6,0,4
1,<environment.Job instance at 0x7f0136811460>,6,15,[7 1],7,7,22,0,7
1,<environment.Job instance at 0x7f0136322820>,10,17,[9 4],11,22,39,11,11
1,<environment.Job instance at 0x7f0136322640>,12,2,[2 5],13,13,15,0,13
1,<environment.Job instance at 0x7f0136322b90>,17,15,[3 8],18,18,33,0,18
1,<environment.Job instance at 0x7f01363220f0>,18,16,[3 9],19,33,49,14,23
1,<environment.Job instance at 0x7f0136322910>,19,13,[7 3],20,39,52,19,23
1,<environment.Job instance at 0x7f01363221e0>,20,13,[10  5],21,52,65,31,39
1,<environment.Job instance at 0x7f0136322140>,15,14,[ 4 10],16,49,63,33,43
1,<environment.Job instance at 0x7f0136322e60>,22,12,[10  4],23,65,77,42,53
1,<environment.Job instance at 0x7f0136322320>,16,19,[9 3],17,77,96,60,70
1,<environment.Job instance at 0x7f0136322690>,26,15,[5 7],27,79,94,52,79
1,<environment.Job instance at 0x7f0136024c80>,0,17,[ 2 10],1,2,19,1,2
1,<environment.Job instance at 0x7f013609f280>,1,21,[10  5],2,2,23,0,2
1,<environment.Job instance at 0x7f0136024c30>,3,12,[8 5],4,23,35,19,6
1,<environment.Job instance at 0x7f0137197cd0>,6,2,[8 3],7,35,37,28,9
1,<environment.Job instance at 0x7f0137197460>,5,1,[8 3],6,37,38,31,10
1,<environment.Job instance at 0x7f0137197a50>,7,22,[ 1 10],8,19,41,11,12
1,<environment.Job instance at 0x7f0137197b90>,11,17,[ 1 11],12,41,58,29,29
1,<environment.Job instance at 0x7f0137197640>,12,23,[5 1],13,35,58,22,29
1,<environment.Job instance at 0x7f0137197730>,13,16,[2 7],14,58,74,44,45
1,<environment.Job instance at 0x7f0137197d70>,14,25,[1 8],15,58,83,43,54
1,<environment.Job instance at 0x7f0137197c30>,8,18,[10  1],9,74,92,65,63
1,<environment.Job instance at 0x7f0137197280>,9,17,[3 9],10,83,100,73,71
1,<environment.Job instance at 0x7fa305120410>,2,13,[10  1],3,3,16,0,3
1,<environment.Job instance at 0x7fa305120690>,4,1,[5 6],5,5,6,0,5
1,<environment.Job instance at 0x7fa3051205a0>,5,12,[1 7],6,6,18,0,6
1,<environment.Job instance at 0x7fa305120820>,6,19,[9 5],7,16,35,9,7
1,<environment.Job instance at 0x7fa305120a00>,8,16,[1 8],9,18,34,9,9
1,<environment.Job instance at 0x7fa305120b40>,10,12,[5 5],11,34,46,23,17
1,<environment.Job instance at 0x7fa30e8981e0>,11,21,[5 5],12,35,56,23,27
1,<environment.Job instance at 0x7fa305120cd0>,14,18,[1 6],15,46,64,31,36
1,<environment.Job instance at 0x7fa305120f50>,17,2,[3 5],18,40,42,22,40
1,<environment.Job instance at 0x7fa305120eb0>,18,12,[1 8],19,56,68,37,40
1,<environment.Job instance at 0x7fa305123140>,19,2,[5 5],20,42,44,22,40
1,<environment.Job instance at 0x7fa305120aa0>,13,15,[13  4],14,64,79,50,53
1,<environment.Job instance at 0x7fa3051231e0>,20,14,[4 8],21,79,93,58,64
1,<environment.Job instance at 0x7fa3051233c0>,23,16,[ 1 11],24,93,109,69,80
1,<environment.Job instance at 0x7fa304ba3e10>,0,14,[12  4],1,1,15,0,1
1,<environment.Job instance at 0x7fa3054ce460>,5,3,[5 7],6,15,18,9,6
1,<environment.Job instance at 0x7fa3054cec30>,6,1,[3 8],7,7,8,0,7
1,<environment.Job instance at 0x7fa3056da230>,7,12,[10  4],8,15,27,7,8
1,<environment.Job instance at 0x7fa3056da410>,8,12,[13  2],9,27,39,18,10
1,<environment.Job instance at 0x7fa3054ced70>,9,3,[ 5 12],10,39,42,29,13
1,<environment.Job instance at 0x7fa3056da500>,10,3,[1 7],11,18,21,7,13
1,<environment.Job instance at 0x7fa3056dafa0>,11,16,[6 3],12,39,55,27,26
1,<environment.Job instance at 0x7fa304ba3d20>,3,19,[9 2],4,42,61,38,32
1,<environment.Job instance at 0x7fa3056dae10>,13,12,[9 2],14,61,73,47,44
1,<environment.Job instance at 0x7fa305123410>,1,20,[5 2],2,55,75,53,52
1,<environment.Job instance at 0x7fa305683460>,15,12,[10  3],16,73,85,57,56
1,<environment.Job instance at 0x7fa3056838c0>,16,1,[ 4 10],17,75,76,58,56
1,<environment.Job instance at 0x7fa3056839b0>,20,17,[5 3],21,76,93,55,64
1,<environment.Job instance at 0x7fa305683e60>,21,18,[5 5],22,85,103,63,74
1,<environment.Job instance at 0x7fa3056837d0>,23,22,[5 5],24,85,107,61,78
1,<environment.Job instance at 0x7fa305683140>,24,15,[6 3],25,103,118,78,89
1,<environment.Job instance at 0x7fa30e4e44b0>,0,13,[ 2 13],1,1,14,0,1
1,<environment.Job instance at 0x7fa305683910>,1,13,[4 9],2,14,27,12,2
1,<environment.Job instance at 0x7fa305683140>,3,2,[6 1],4,4,6,0,4
1,<environment.Job instance at 0x7fa30478fe60>,4,3,[12  3],5,27,30,22,5
1,<environment.Job instance at 0x7fa30478f3c0>,6,17,[5 7],7,30,47,23,18
1,<environment.Job instance at 0x7fa30478f820>,10,16,[2 5],11,18,34,7,18
1,<environment.Job instance at 0x7fa30478f7d0>,12,19,[5 1],13,30,49,17,20
1,<environment.Job instance at 0x7fa30478faa0>,13,14,[5 9],14,47,61,33,32
1,<environment.Job instance at 0x7fa30478f0f0>,19,19,[6 1],20,49,68,29,39
1,<environment.Job instance at 0x7fa3047888c0>,31,21,[5 6],32,61,82,29,53
1,<environment.Job instance at 0x7fa304831a00>,33,15,[4 5],34,53,68,19,53
1,<environment.Job instance at 0x7fa304831050>,36,12,[8 1],37,68,80,31,53
1,<environment.Job instance at 0x7fa304831960>,38,17,[10  4],39,80,97,41,68
1,<environment.Job instance at 0x7fa3048315a0>,42,16,[3 7],43,82,98,39,69
1,<environment.Job instance at 0x7fa304831b40>,45,18,[5 8],46,97,115,51,86
1,<environment.Job instance at 0x7fa304831410>,48,16,[7 2],49,98,114,49,86
1,<environment.Job instance at 0x7fa304da7c30>,0,14,[4 9],1,1,15,0,1
1,<environment.Job instance at 0x7fa304f89500>,2,14,[1 9],3,15,29,12,3
1,<environment.Job instance at 0x7fa304b5eaa0>,1,1,[7 4],2,3,4,1,3
1,<environment.Job instance at 0x7fa304c17b40>,3,2,[5 2],4,4,6,0,4
1,<environment.Job instance at 0x7fa304b575a0>,4,3,[6 2],5,5,8,0,5
1,<environment.Job instance at 0x7fa304c17dc0>,6,12,[8 4],7,8,20,1,8
1,<environment.Job instance at 0x7fa304b57f50>,9,16,[5 5],10,20,36,10,10
1,<environment.Job instance at 0x7fa304b57820>,12,16,[8 4],13,29,45,16,16
1,<environment.Job instance at 0x7fa30486d190>,13,3,[ 2 10],14,36,39,22,18
1,<environment.Job instance at 0x7fa3047e0e10>,10,1,[ 2 10],11,39,40,28,20
1,<environment.Job instance at 0x7fa304b57140>,15,15,[6 2],16,40,55,24,26
1,<environment.Job instance at 0x7fa304b57230>,5,14,[4 8],6,45,59,39,30
1,<environment.Job instance at 0x7fa304da08c0>,31,15,[5 5],32,45,60,13,32
1,<environment.Job instance at 0x7fa3047e7f00>,32,12,[3 8],33,59,71,26,42
1,<environment.Job instance at 0x7fa304829820>,34,13,[1 6],35,60,73,25,44
1,<environment.Job instance at 0x7fa304b2e320>,30,15,[7 1],31,59,74,28,45
1,<environment.Job instance at 0x7fa3047e7690>,36,19,[9 1],37,74,93,37,64
1,<environment.Job instance at 0x7fa3047bd7d0>,38,12,[5 5],39,71,83,32,64
1,<environment.Job instance at 0x7fa3047bdcd0>,39,14,[5 2],40,83,97,43,68
1,<environment.Job instance at 0x7fa3047a5410>,40,14,[5 4],41,93,107,52,78
1,<environment.Job instance at 0x7fa3047a5230>,42,15,[2 9],43,93,108,50,79
1,<environment.Job instance at 0x7fa30482bd70>,0,1,[4 8],1,2,3,1,2
1,<environment.Job instance at 0x7fa304da6af0>,1,20,[11  5],2,2,22,0,2
1,<environment.Job instance at 0x7fa3047a5eb0>,3,3,[1 5],4,4,7,0,4
1,<environment.Job instance at 0x7fa30469d1e0>,6,12,[2 8],7,7,19,0,7
1,<environment.Job instance at 0x7fa30469d370>,9,2,[5 3],10,22,24,12,10
1,<environment.Job instance at 0x7fa30469d5a0>,12,12,[5 4],13,22,34,9,13
1,<environment.Job instance at 0x7fa30469d8c0>,14,16,[4 6],15,19,35,4,15
1,<environment.Job instance at 0x7fa30469db90>,19,23,[5 5],20,24,47,4,20
1,<environment.Job instance at 0x7fa30469dc30>,20,18,[8 4],21,35,53,14,24
1,<environment.Job instance at 0x7fa30469dd70>,24,17,[6 2],25,47,64,22,35
1,<environment.Job instance at 0x7fa30469de10>,25,12,[10  4],26,64,76,38,47
1,<environment.Job instance at 0x7fa3046a0140>,26,3,[4 9],27,53,56,26,47
1,<environment.Job instance at 0x7fa30469daa0>,17,16,[ 1 10],18,56,72,38,47
1,<environment.Job instance at 0x7fa3046a03c0>,30,17,[1 9],31,72,89,41,60
1,<environment.Job instance at 0x7fa3046a05a0>,33,12,[1 6],34,76,88,42,60
1,<environment.Job instance at 0x7fa3046a0050>,35,18,[3 6],36,88,106,52,77
1,<environment.Job instance at 0x7fa3046a00f0>,36,17,[2 5],37,89,106,52,77
1,<environment.Job instance at 0x7fa30482cc30>,1,16,[4 6],2,2,18,0,2
1,<environment.Job instance at 0x7fa3046a09b0>,2,15,[4 8],3,3,18,0,3
1,<environment.Job instance at 0x7fa3046f7af0>,7,20,[4 7],8,18,38,10,9
1,<environment.Job instance at 0x7fa3046f7d70>,10,17,[5 3],11,18,35,7,11
1,<environment.Job instance at 0x7fa3046f7460>,11,2,[12  4],12,38,40,26,12
1,<environment.Job instance at 0x7fa3046f7050>,12,1,[10  5],13,35,36,22,13
1,<environment.Job instance at 0x7fa3046f7f00>,13,1,[3 5],14,18,19,4,14
1,<environment.Job instance at 0x7fa3046f7dc0>,14,3,[7 1],15,15,18,0,15
1,<environment.Job instance at 0x7fa3046f7e60>,15,12,[5 5],16,19,31,3,16
1,<environment.Job instance at 0x7fa3046f7910>,16,3,[5 4],17,31,34,14,17
1,<environment.Job instance at 0x7fa30467e820>,29,12,[7 3],30,40,52,10,31
1,<environment.Job instance at 0x7fa3046f79b0>,17,21,[5 1],18,40,61,22,32
1,<environment.Job instance at 0x7fa3046f7b40>,19,15,[6 1],20,52,67,32,38
1,<environment.Job instance at 0x7fa30467e460>,31,18,[1 8],32,38,56,6,38
1,<environment.Job instance at 0x7fa30467e1e0>,34,15,[1 7],35,56,71,21,42
1,<environment.Job instance at 0x7fa30467ecd0>,35,13,[5 2],36,61,74,25,45
1,<environment.Job instance at 0x7fa30467e780>,38,18,[1 7],39,71,89,32,60
1,<environment.Job instance at 0x7fa3046f4f00>,39,16,[9 4],40,67,83,27,60
1,<environment.Job instance at 0x7fa3046f49b0>,40,14,[8 3],41,83,97,42,68
1,<environment.Job instance at 0x7fa3046f4910>,41,15,[5 3],42,74,89,32,68
1,<environment.Job instance at 0x7fa3046f4230>,43,22,[3 9],44,89,111,45,82
1,<environment.Job instance at 0x7fa3057f6eb0>,1,23,[7 2],2,2,25,0,2
1,<environment.Job instance at 0x7fa3046f47d0>,2,1,[ 1 13],3,3,4,0,3
1,<environment.Job instance at 0x7fa3057f6960>,4,12,[5 2],5,5,17,0,5
1,<environment.Job instance at 0x7fa3057f6dc0>,0,24,[ 2 10],1,5,29,4,5
1,<environment.Job instance at 0x7fa3046f4730>,5,1,[8 4],6,25,26,19,6
1,<environment.Job instance at 0x7fa3057f65f0>,6,12,[10  3],7,26,38,19,11
1,<environment.Job instance at 0x7fa3057f6910>,7,14,[4 5],8,29,43,21,14
1,<environment.Job instance at 0x7fa304cfb690>,12,3,[11  1],13,38,41,25,14
1,<environment.Job instance at 0x7fa304cfbaf0>,13,3,[5 1],14,17,20,3,14
1,<environment.Job instance at 0x7fa3057f6730>,8,13,[5 1],9,41,54,32,27
1,<environment.Job instance at 0x7fa304cfbe60>,14,15,[7 1],15,43,58,28,33
1,<environment.Job instance at 0x7fa304cfb9b0>,16,25,[ 3 10],17,43,68,26,39
1,<environment.Job instance at 0x7fa304cfb730>,17,2,[1 5],18,41,43,23,39
1,<environment.Job instance at 0x7fa304cfbb90>,18,2,[2 7],19,68,70,49,41
1,<environment.Job instance at 0x7fa304cfbb40>,19,2,[4 5],20,58,60,38,41
1,<environment.Job instance at 0x7fa3057f6d20>,9,13,[12  5],10,60,73,50,45
1,<environment.Job instance at 0x7fa304cfb370>,21,16,[2 6],22,70,86,48,60
1,<environment.Job instance at 0x7fa304cfbc80>,22,16,[9 5],23,73,89,50,60
1,<environment.Job instance at 0x7fa304cfbd70>,15,17,[4 7],16,86,103,70,75
1,<environment.Job instance at 0x7fa304cfb0f0>,20,15,[1 8],21,89,104,68,75
1,<environment.Job instance at 0x7fa30468e4b0>,1,17,[4 8],2,2,19,0,2
1,<environment.Job instance at 0x7fa304f489b0>,4,17,[9 3],5,5,22,0,5
1,<environment.Job instance at 0x7fa304f487d0>,5,15,[13  4],6,22,37,16,8
1,<environment.Job instance at 0x7fa304f4db90>,8,2,[3 7],9,19,21,10,9
1,<environment.Job instance at 0x7fa304f4d960>,9,1,[14  5],10,37,38,27,10
1,<environment.Job instance at 0x7fa304f57550>,10,3,[5 6],11,38,41,27,12
1,<environment.Job instance at 0x7fa304f4d640>,7,3,[2 8],8,21,24,13,13
1,<environment.Job instance at 0x7fa304aa3640>,6,14,[ 5 10],7,41,55,34,26
1,<environment.Job instance at 0x7fa304f57f00>,15,14,[5 1],16,38,52,22,26
1,<environment.Job instance at 0x7fa304f4dc80>,11,18,[2 6],12,55,73,43,45
1,<environment.Job instance at 0x7fa304f645a0>,17,2,[4 7],18,55,57,37,45
1,<environment.Job instance at 0x7fa304f57730>,13,19,[3 6],14,57,76,43,49
1,<environment.Job instance at 0x7fa304f58140>,19,24,[8 2],20,52,76,32,51
1,<environment.Job instance at 0x7fa304f579b0>,12,14,[2 6],13,73,87,60,58
1,<environment.Job instance at 0x7fa304f585a0>,22,22,[2 5],23,76,98,53,69
1,<environment.Job instance at 0x7fa304f58be0>,23,17,[7 2],24,76,93,52,69
1,<environment.Job instance at 0x7fa304b45c80>,27,17,[9 3],28,93,110,65,81
1,<environment.Job instance at 0x7fa304f64cd0>,18,22,[2 5],19,87,109,68,84
1,<environment.Job instance at 0x7fa304b20dc0>,0,1,[6 1],1,1,2,0,1
1,<environment.Job instance at 0x7fa304f58a00>,1,1,[7 5],2,2,3,0,2
1,<environment.Job instance at 0x7fa304b20a50>,2,3,[9 4],3,3,6,0,3
1,<environment.Job instance at 0x7fa3058d0d70>,3,14,[ 1 10],4,4,18,0,4
1,<environment.Job instance at 0x7fa3058d0f50>,4,2,[5 8],5,18,20,13,7
1,<environment.Job instance at 0x7fa304b8afa0>,9,3,[ 3 11],10,20,23,10,12
1,<environment.Job instance at 0x7fa304b8a2d0>,12,14,[ 4 14],13,23,37,10,13
1,<environment.Job instance at 0x7fa304b8adc0>,15,12,[4 6],16,37,49,21,20
1,<environment.Job instance at 0x7fa304b8a550>,16,17,[6 1],17,20,37,3,20
1,<environment.Job instance at 0x7fa304b8af50>,17,13,[9 2],18,37,50,19,21
1,<environment.Job instance at 0x7fa304b8ae60>,20,12,[7 3],21,50,62,29,33
1,<environment.Job instance at 0x7fa304ec83c0>,21,13,[8 4],22,50,63,28,34
1,<environment.Job instance at 0x7fa304ec8eb0>,22,21,[5 3],23,62,83,39,54
1,<environment.Job instance at 0x7fa304b8a780>,11,14,[3 7],12,63,77,51,54
1,<environment.Job instance at 0x7fa304ec8d70>,24,18,[8 5],25,77,95,52,66
1,<environment.Job instance at 0x7fa3058d0cd0>,5,21,[1 9],6,83,104,77,79
1,<environment.Job instance at 0x7fa304b8a460>,14,20,[8 5],15,95,115,80,86
1,<environment.Job instance at 0x7fa304ec87d0>,29,2,[10  2],30,115,117,85,88
1,<environment.Job instance at 0x7fa304eda6e0>,0,13,[ 1 14],1,1,14,0,1
1,<environment.Job instance at 0x7fa304eda370>,1,12,[8 2],2,14,26,12,2
1,<environment.Job instance at 0x7fa304f6caf0>,2,1,[ 2 14],3,26,27,23,4
1,<environment.Job instance at 0x7fa304ec87d0>,3,17,[6 1],4,4,21,0,4
1,<environment.Job instance at 0x7fa304810a00>,9,13,[8 5],10,27,40,17,11
1,<environment.Job instance at 0x7fa304810b40>,10,2,[8 1],11,40,42,29,13
1,<environment.Job instance at 0x7fa3048105f0>,4,12,[5 5],5,27,39,22,14
1,<environment.Job instance at 0x7fa304810a50>,13,15,[3 6],14,39,54,25,25
1,<environment.Job instance at 0x7fa304810cd0>,11,18,[7 2],12,42,60,30,32
1,<environment.Job instance at 0x7fa304810e60>,15,18,[9 1],16,60,78,44,49
1,<environment.Job instance at 0x7fa3047ff0f0>,19,17,[3 8],20,54,71,34,52
1,<environment.Job instance at 0x7fa3047ff2d0>,21,14,[3 9],22,71,85,49,56
1,<environment.Job instance at 0x7fa3047ff6e0>,25,13,[6 3],26,78,91,52,62
1,<environment.Job instance at 0x7fa3047ff870>,28,14,[2 8],29,85,99,56,70
1,<environment.Job instance at 0x7fa3047ffc80>,34,21,[5 3],35,78,99,43,70
1,<environment.Job instance at 0x7fa3047ffe60>,40,15,[2 8],41,99,114,58,85
1,<environment.Job instance at 0x7fa30481c1e0>,42,14,[8 2],43,91,105,48,85
1,<environment.Job instance at 0x7fa30481c2d0>,2,2,[8 3],3,3,5,0,3
1,<environment.Job instance at 0x7fa305c52cd0>,3,18,[8 5],4,5,23,1,4
1,<environment.Job instance at 0x7fa305c52b90>,4,18,[ 4 10],5,5,23,0,5
1,<environment.Job instance at 0x7fa305c52c30>,5,13,[ 2 10],6,23,36,17,7
1,<environment.Job instance at 0x7fa305c520a0>,7,13,[7 3],8,23,36,15,8
1,<environment.Job instance at 0x7fa305c52230>,12,1,[2 8],13,36,37,23,13
1,<environment.Job instance at 0x7fa305c52eb0>,11,13,[4 7],12,36,49,24,20
1,<environment.Job instance at 0x7fa305c529b0>,10,12,[1 7],11,37,49,26,20
1,<environment.Job instance at 0x7fa30522c500>,20,3,[7 1],21,37,40,16,21
1,<environment.Job instance at 0x7fa30522c960>,21,14,[5 7],22,49,63,27,34
1,<environment.Job instance at 0x7fa30522c320>,22,17,[2 6],23,49,66,26,37
1,<environment.Job instance at 0x7fa30522c140>,23,16,[7 4],24,63,79,39,50
1,<environment.Job instance at 0x7fa30522c730>,24,12,[5 3],25,63,75,38,50
1,<environment.Job instance at 0x7fa30522cdc0>,25,2,[7 1],26,50,52,24,50
1,<environment.Job instance at 0x7fa30522cb90>,27,15,[10  2],28,79,94,51,65
1,<environment.Job instance at 0x7fa30522c910>,30,17,[5 2],31,75,92,44,65
1,<environment.Job instance at 0x7fa30522c690>,31,20,[8 4],32,94,114,62,85
1,<environment.Job instance at 0x7fa30522c5a0>,32,24,[4 6],33,92,116,59,88
1,<environment.Job instance at 0x7fa305734af0>,0,3,[ 3 11],1,1,4,0,1
1,<environment.Job instance at 0x7fa305734fa0>,3,18,[7 3],4,4,22,0,4
1,<environment.Job instance at 0x7fa305734e10>,4,14,[11  2],5,22,36,17,7
1,<environment.Job instance at 0x7fa3057346e0>,6,12,[3 6],7,10,22,3,10
1,<environment.Job instance at 0x7fa305734140>,9,21,[1 8],10,22,43,12,15
1,<environment.Job instance at 0x7fa304986c80>,11,2,[8 2],12,36,38,24,15
1,<environment.Job instance at 0x7fa3049862d0>,12,2,[9 4],13,38,40,25,15
1,<environment.Job instance at 0x7fa304866320>,13,1,[4 8],14,43,44,29,15
1,<environment.Job instance at 0x7fa304986fa0>,10,20,[5 6],11,40,60,29,31
1,<environment.Job instance at 0x7fa3048669b0>,14,21,[5 3],15,44,65,29,36
1,<environment.Job instance at 0x7fa304866910>,16,14,[4 9],17,60,74,43,45
1,<environment.Job instance at 0x7fa305734910>,8,17,[5 3],9,49,66,40,49
1,<environment.Job instance at 0x7fa3055c6370>,18,16,[9 1],19,66,82,47,54
1,<environment.Job instance at 0x7fa304866550>,19,2,[1 8],20,74,76,54,55
1,<environment.Job instance at 0x7fa304866c80>,15,21,[6 2],16,76,97,60,69
1,<environment.Job instance at 0x7fa305183dc0>,22,12,[2 5],23,82,94,59,69
1,<environment.Job instance at 0x7fa304866b40>,17,26,[3 5],18,82,108,64,79
1,<environment.Job instance at 0x7fa305185a50>,23,17,[9 1],24,97,114,73,86
1,<environment.Job instance at 0x7fa305778d20>,26,16,[1 5],27,94,110,67,86
1,<environment.Job instance at 0x7fa305854460>,5,3,[7 3],6,6,9,0,6
1,<environment.Job instance at 0x7fa305854820>,6,17,[7 3],7,7,24,0,7
1,<environment.Job instance at 0x7fa305854dc0>,7,19,[2 8],8,9,28,1,8
1,<environment.Job instance at 0x7fa305854be0>,8,1,[10  5],9,24,25,15,9
1,<environment.Job instance at 0x7fa305854c80>,9,3,[3 6],10,25,28,15,10
1,<environment.Job instance at 0x7fa305854a50>,10,17,[10  2],11,28,45,17,16
1,<environment.Job instance at 0x7fa3058544b0>,16,1,[1 5],17,28,29,11,17
1,<environment.Job instance at 0x7fa3052ce280>,25,17,[9 3],26,45,62,19,33
1,<environment.Job instance at 0x7fa3052cec80>,29,13,[5 7],30,34,47,4,34
1,<environment.Job instance at 0x7fa305854e60>,12,19,[4 6],13,47,66,34,38
1,<environment.Job instance at 0x7fa305854d70>,17,20,[6 2],18,62,82,44,53
1,<environment.Job instance at 0x7fa3052ceaf0>,32,2,[5 3],33,62,64,29,53
1,<environment.Job instance at 0x7fa3052cefa0>,33,12,[4 6],34,64,76,30,53
1,<environment.Job instance at 0x7fa3052ce690>,34,16,[5 6],35,66,82,31,54
1,<environment.Job instance at 0x7fa3052ceaa0>,35,12,[5 9],36,82,94,46,65
1,<environment.Job instance at 0x7fa3052ce2d0>,36,16,[5 5],37,82,98,45,69
1,<environment.Job instance at 0x7fa3052ce870>,37,16,[1 6],38,94,110,56,81
1,<environment.Job instance at 0x7fa3049e4550>,38,3,[9 3],39,94,97,55,81
1,<environment.Job instance at 0x7fa3049e41e0>,39,14,[9 2],40,97,111,57,82
1,<environment.Job instance at 0x7fa3049e4af0>,41,1,[4 5],42,98,99,56,82
1,<environment.Job instance at 0x7fa304cf7320>,0,12,[2 5],1,1,13,0,1
1,<environment.Job instance at 0x7fa3049e43c0>,1,2,[4 6],2,2,4,0,2
1,<environment.Job instance at 0x7fa304cf76e0>,4,13,[6 4],5,5,18,0,5
1,<environment.Job instance at 0x7fa3049e4af0>,3,14,[10  1],4,18,32,14,8
1,<environment.Job instance at 0x7fa305734d20>,9,13,[2 8],10,13,26,3,11
1,<environment.Job instance at 0x7fa305b7fa50>,11,2,[8 3],12,32,34,20,12
1,<environment.Job instance at 0x7fa305132320>,12,15,[ 4 13],13,34,49,21,20
1,<environment.Job instance at 0x7fa304a955a0>,13,14,[14  2],14,49,63,35,34
1,<environment.Job instance at 0x7fa3051321e0>,14,21,[5 1],15,63,84,48,55
1,<environment.Job instance at 0x7fa305132af0>,15,20,[4 8],16,63,83,47,55
1,<environment.Job instance at 0x7fa304f39870>,10,20,[6 4],11,64,84,53,64
1,<environment.Job instance at 0x7fa305132410>,16,14,[9 3],17,84,98,67,69
1,<environment.Job instance at 0x7fa304d346e0>,18,13,[6 1],19,84,97,65,69
1,<environment.Job instance at 0x7fa3046d01e0>,19,3,[5 3],20,97,100,77,71
1,<environment.Job instance at 0x7fa304ca5f00>,20,12,[ 2 13],21,100,112,79,85
1,<environment.Job instance at 0x7fa304ca5af0>,21,2,[12  5],22,112,114,90,85
1,<environment.Job instance at 0x7fa3058be190>,3,14,[ 5 10],4,4,18,0,4
1,<environment.Job instance at 0x7fa3058bed70>,4,14,[8 1],5,5,19,0,5
1,<environment.Job instance at 0x7fa3058be140>,5,15,[9 4],6,19,34,13,6
1,<environment.Job instance at 0x7fa3058be280>,6,17,[1 8],7,18,35,11,7
1,<environment.Job instance at 0x7fa30e93e370>,16,12,[4 8],17,35,47,18,18
1,<environment.Job instance at 0x7fa304ffa230>,18,12,[3 5],19,34,46,15,19
1,<environment.Job instance at 0x7fa304d0b780>,23,18,[9 4],24,46,64,22,35
1,<environment.Job instance at 0x7fa3057ea280>,29,16,[6 5],30,47,63,17,35
1,<environment.Job instance at 0x7fa3055ac0a0>,30,18,[9 5],31,64,82,33,53
1,<environment.Job instance at 0x7fa304631320>,35,21,[5 6],36,63,84,27,55
1,<environment.Job instance at 0x7fa304870640>,37,13,[5 5],38,82,95,44,66
1,<environment.Job instance at 0x7fa304854fa0>,39,17,[6 5],40,84,101,44,72
1,<environment.Job instance at 0x7fa304854280>,41,14,[6 4],42,95,109,53,80
1,<environment.Job instance at 0x7fa30542ffa0>,5,14,[5 8],6,6,20,0,6
1,<environment.Job instance at 0x7fa30542f780>,8,16,[1 6],9,9,25,0,9
1,<environment.Job instance at 0x7fa30542fc30>,9,3,[9 2],10,20,23,10,10
1,<environment.Job instance at 0x7fa30542fb90>,10,14,[5 6],11,20,34,9,11
1,<environment.Job instance at 0x7fa30542f910>,11,1,[14  5],12,34,35,22,12
1,<environment.Job instance at 0x7fa30542ff50>,14,17,[6 2],15,35,52,20,23
1,<environment.Job instance at 0x7fa30542f550>,17,20,[6 3],18,35,55,17,26
1,<environment.Job instance at 0x7fa305438d20>,25,12,[2 6],26,35,47,9,26
1,<environment.Job instance at 0x7fa304fb45f0>,34,15,[6 2],35,52,67,17,38
1,<environment.Job instance at 0x7fa304fb4410>,36,12,[5 3],37,55,67,18,38
1,<environment.Job instance at 0x7fa304f8ddc0>,42,18,[7 2],43,67,85,24,58
1,<environment.Job instance at 0x7fa304d6a140>,44,17,[2 5],45,58,75,13,58
1,<environment.Job instance at 0x7fa304d6ae10>,45,16,[5 3],46,67,83,21,58
1,<environment.Job instance at 0x7fa304d6aaf0>,46,12,[3 7],47,75,87,28,60
1,<environment.Job instance at 0x7fa304d6a370>,51,14,[4 8],52,85,99,33,70
1,<environment.Job instance at 0x7fa304d6aa50>,54,14,[8 4],55,87,101,32,72
1,<environment.Job instance at 0x7fa304d6af00>,55,15,[6 3],56,99,114,43,85
1,<environment.Job instance at 0x7fa304fcd730>,57,16,[2 7],58,101,117,43,89
1,<environment.Job instance at 0x7fa3059fbf00>,3,2,[8 4],4,4,6,0,4
1,<environment.Job instance at 0x7fa304d127d0>,6,15,[7 1],7,7,22,0,7
1,<environment.Job instance at 0x7fa3055ac370>,10,17,[9 4],11,22,39,11,11
1,<environment.Job instance at 0x7fa305ab69b0>,12,2,[2 5],13,13,15,0,13
1,<environment.Job instance at 0x7fa305049e60>,14,12,[4 9],15,15,27,0,15
1,<environment.Job instance at 0x7fa305049500>,15,14,[ 4 10],16,27,41,11,16
1,<environment.Job instance at 0x7fa305049780>,17,15,[3 8],18,41,56,23,27
1,<environment.Job instance at 0x7fa3043c6b40>,20,13,[10  5],21,39,52,18,27
1,<environment.Job instance at 0x7fa304d97b90>,22,12,[10  4],23,52,64,29,35
1,<environment.Job instance at 0x7fa304a20f50>,23,14,[10  3],24,64,78,40,49
1,<environment.Job instance at 0x7fa304f93cd0>,25,15,[8 5],26,78,93,52,64
1,<environment.Job instance at 0x7fa305891b40>,26,15,[5 7],27,64,79,37,64
1,<environment.Job instance at 0x7fa30542e690>,27,13,[3 5],28,79,92,51,64
1,<environment.Job instance at 0x7fa305d17550>,29,16,[8 3],30,93,109,63,80
1,<environment.Job instance at 0x7fa30559b320>,31,18,[5 1],32,92,110,60,81
1,<environment.Job instance at 0x7fa30559e5a0>,0,13,[10  5],1,1,14,0,1
1,<environment.Job instance at 0x7fa3046eb730>,2,23,[5 1],3,3,26,0,3
1,<environment.Job instance at 0x7fa304ea48c0>,3,16,[2 7],4,14,30,10,4
1,<environment.Job instance at 0x7fa304ea4780>,7,2,[13  2],8,26,28,18,8
1,<environment.Job instance at 0x7fa304ea4b90>,8,14,[2 9],9,30,44,21,18
1,<environment.Job instance at 0x7fa30469e050>,5,21,[10  3],6,28,49,22,20
1,<environment.Job instance at 0x7fa304ea4f00>,12,17,[9 4],13,49,66,36,37
1,<environment.Job instance at 0x7fa304ea4cd0>,15,18,[4 8],16,44,62,28,37
1,<environment.Job instance at 0x7fa304ead190>,16,12,[4 8],17,62,74,45,45
1,<environment.Job instance at 0x7fa304ead230>,17,15,[1 7],18,66,81,48,52
1,<environment.Job instance at 0x7fa304ead460>,19,14,[ 3 10],20,81,95,61,66
1,<environment.Job instance at 0x7fa304ead730>,24,16,[4 8],25,95,111,70,82
1,<environment.Job instance at 0x7fa304ead7d0>,25,17,[6 5],26,82,99,56,82
1,<environment.Job instance at 0x7fa30448a5f0>,0,28,[5 5],1,1,29,0,1
1,<environment.Job instance at 0x7fa30448a8c0>,4,2,[ 3 10],5,5,7,0,5
1,<environment.Job instance at 0x7fa30448ab40>,6,17,[4 9],7,7,24,0,7
1,<environment.Job instance at 0x7fa304755780>,11,16,[10  4],12,24,40,12,12
1,<environment.Job instance at 0x7fa304755a50>,13,12,[5 3],14,29,41,15,14
1,<environment.Job instance at 0x7fa304755cd0>,15,16,[3 9],16,40,56,24,27
1,<environment.Job instance at 0x7fa304755140>,17,22,[2 6],18,41,63,23,34
1,<environment.Job instance at 0x7fa3047554b0>,18,13,[3 7],19,56,69,37,40
1,<environment.Job instance at 0x7fa304755be0>,19,13,[5 8],20,63,76,43,47
1,<environment.Job instance at 0x7fa304755820>,22,15,[2 7],23,69,84,46,55
1,<environment.Job instance at 0x7fa304755050>,23,15,[4 6],24,76,91,52,62
1,<environment.Job instance at 0x7fa3047559b0>,27,15,[5 4],28,84,99,56,70
1,<environment.Job instance at 0x7fa304755640>,28,17,[5 2],29,76,93,47,70
1,<environment.Job instance at 0x7fa304e950a0>,35,13,[2 9],36,91,104,55,75
1,<environment.Job instance at 0x7fa304be30a0>,1,16,[2 5],2,2,18,0,2
1,<environment.Job instance at 0x7fa305123be0>,0,21,[5 8],1,3,24,2,3
1,<environment.Job instance at 0x7fa304e958c0>,2,2,[4 7],3,18,20,15,3
1,<environment.Job instance at 0x7fa305123320>,4,14,[9 3],5,20,34,15,5
1,<environment.Job instance at 0x7fa305123370>,8,17,[2 9],9,24,41,15,15
1,<environment.Job instance at 0x7fa305123aa0>,6,17,[10  4],7,34,51,27,22
1,<environment.Job instance at 0x7fa3051236e0>,7,20,[3 7],8,41,61,33,33
1,<environment.Job instance at 0x7fa3055c7a00>,14,3,[ 4 12],15,61,64,46,35
1,<environment.Job instance at 0x7fa3055c7820>,15,13,[5 5],16,64,77,48,48
1,<environment.Job instance at 0x7fa3055c72d0>,18,14,[1 6],19,64,78,45,51
1,<environment.Job instance at 0x7fa305123460>,5,14,[10  5],6,77,91,71,63
1,<environment.Job instance at 0x7fa3055c7d20>,17,19,[2 6],18,78,97,60,69
1,<environment.Job instance at 0x7fa3055c71e0>,22,16,[3 7],23,91,107,68,79
1,<environment.Job instance at 0x7fa3055c7d70>,26,14,[7 5],27,97,111,70,82
1,<environment.Job instance at 0x7f74b85a3460>,2,13,[10  1],3,3,16,0,3
1,<environment.Job instance at 0x7f74b85a3500>,3,17,[ 5 10],4,4,21,0,4
1,<environment.Job instance at 0x7f74b85a36e0>,4,1,[5 6],5,21,22,16,5
1,<environment.Job instance at 0x7f74b85a37d0>,5,12,[1 7],6,21,33,15,6
1,<environment.Job instance at 0x7f74b85a3a50>,8,16,[1 8],9,22,38,13,10
1,<environment.Job instance at 0x7f74b85a3aa0>,10,12,[5 5],11,33,45,22,16
1,<environment.Job instance at 0x7f74b85a3d20>,14,18,[1 6],15,38,56,23,27
1,<environment.Job instance at 0x7f74b85a3fa0>,18,12,[1 8],19,45,57,26,28
1,<environment.Job instance at 0x7f74b85a5280>,20,14,[4 8],21,57,71,36,42
1,<environment.Job instance at 0x7f74b85a53c0>,22,21,[5 5],23,56,77,33,48
1,<environment.Job instance at 0x7f74b85a55a0>,25,16,[9 2],26,71,87,45,58
1,<environment.Job instance at 0x7f74b85a3af0>,9,16,[ 4 11],10,77,93,67,66
1,<environment.Job instance at 0x7f74b85a5140>,27,13,[11  4],28,87,100,59,71
1,<environment.Job instance at 0x7f74b85a5870>,28,2,[ 3 10],29,93,95,64,71
1,<environment.Job instance at 0x7f74b85a5640>,26,16,[9 1],27,100,116,73,87
1,<environment.Job instance at 0x7f74b85a5730>,29,18,[5 1],30,100,118,70,89
1,<environment.Job instance at 0x7f74b89c03c0>,0,3,[1 7],1,1,4,0,1
1,<environment.Job instance at 0x7f74b85a5780>,1,16,[6 3],2,2,18,0,2
1,<environment.Job instance at 0x7f74b85a5730>,3,12,[9 2],4,4,16,0,4
1,<environment.Job instance at 0x7f74b89c0050>,5,12,[10  3],6,18,30,12,6
1,<environment.Job instance at 0x7f74b8a456e0>,6,1,[ 4 10],7,16,17,9,7
1,<environment.Job instance at 0x7f74b89c0be0>,8,12,[ 1 10],9,17,29,8,10
1,<environment.Job instance at 0x7f74b8a45280>,10,17,[5 3],11,29,46,18,17
1,<environment.Job instance at 0x7f74b8a45460>,14,15,[6 3],15,30,45,15,18
1,<environment.Job instance at 0x7f74b8a452d0>,15,12,[9 4],16,45,57,29,28
1,<environment.Job instance at 0x7f74b8a45960>,17,22,[6 2],18,46,68,28,39
1,<environment.Job instance at 0x7f74b8a45b90>,18,12,[8 3],19,57,69,38,40
1,<environment.Job instance at 0x7f74b7ced640>,23,15,[2 7],24,68,83,44,54
1,<environment.Job instance at 0x7f74b7efb870>,24,13,[5 5],25,68,81,43,54
1,<environment.Job instance at 0x7f74b8006050>,25,12,[5 1],26,69,81,43,54
1,<environment.Job instance at 0x7f74b7ced910>,28,17,[4 5],29,81,98,52,69
1,<environment.Job instance at 0x7f74b7ceb370>,32,15,[5 8],33,83,98,50,69
1,<environment.Job instance at 0x7f74b7ced780>,33,13,[3 7],34,98,111,64,82
1,<environment.Job instance at 0x7f74b802a190>,35,15,[3 5],36,98,113,62,84
1,<environment.Job instance at 0x7f74b7fb44b0>,38,18,[7 1],39,98,116,59,87
1,<environment.Job instance at 0x7f74b7cb1b90>,1,12,[ 1 11],2,2,14,0,2
1,<environment.Job instance at 0x7f74b80ae7d0>,2,3,[5 3],3,3,6,0,3
1,<environment.Job instance at 0x7f74b7cb15f0>,4,13,[ 3 11],5,14,27,9,5
1,<environment.Job instance at 0x7f74b7cb1370>,5,2,[14  5],6,27,29,21,6
1,<environment.Job instance at 0x7f74b7c45460>,11,21,[5 6],12,29,50,17,21
1,<environment.Job instance at 0x7f74b7c45230>,16,12,[8 1],17,29,41,12,21
1,<environment.Job instance at 0x7f74b7c458c0>,12,2,[12  2],13,21,23,8,21
1,<environment.Job instance at 0x7f74b7c45b40>,22,16,[3 7],23,41,57,18,28
1,<environment.Job instance at 0x7f74b7c45140>,25,18,[5 8],26,50,68,24,39
1,<environment.Job instance at 0x7f74b7c45f50>,28,16,[7 2],29,57,73,28,44
1,<environment.Job instance at 0x7f74b7c6c7d0>,34,18,[5 9],35,68,86,33,57
1,<environment.Job instance at 0x7f74b7c89870>,40,13,[7 5],41,73,86,32,57
1,<environment.Job instance at 0x7f74b7c898c0>,41,15,[2 8],42,86,101,44,72
1,<environment.Job instance at 0x7f74b841ab40>,45,12,[1 9],46,101,113,55,84
1,<environment.Job instance at 0x7f74b841a730>,47,21,[3 6],48,86,107,38,84
1,<environment.Job instance at 0x7f74b8abb780>,50,18,[2 6],51,107,125,56,96
1,<environment.Job instance at 0x7f74b80a8be0>,0,15,[7 1],1,1,16,0,1
1,<environment.Job instance at 0x7f74b80a8910>,1,15,[5 5],2,2,17,0,2
1,<environment.Job instance at 0x7f74b80a8b90>,2,12,[3 8],3,3,15,0,3
1,<environment.Job instance at 0x7f74b80a8230>,4,13,[1 6],5,15,28,10,5
1,<environment.Job instance at 0x7f74b80785a0>,6,19,[9 1],7,16,35,9,7
1,<environment.Job instance at 0x7f74b7ec9eb0>,8,12,[5 5],9,17,29,8,9
1,<environment.Job instance at 0x7f74b7fbbdc0>,9,14,[5 2],10,29,43,19,14
1,<environment.Job instance at 0x7f74b80b19b0>,12,15,[2 9],13,35,50,22,21
1,<environment.Job instance at 0x7f74b80d3f50>,19,12,[7 4],20,35,47,15,21
1,<environment.Job instance at 0x7f74b8092140>,24,14,[10  3],25,47,61,22,32
1,<environment.Job instance at 0x7f74b7c63190>,31,13,[7 4],32,61,74,29,45
1,<environment.Job instance at 0x7f74b7fbb320>,10,14,[5 4],11,50,64,39,45
1,<environment.Job instance at 0x7f74b7d2ed20>,34,12,[1 8],35,64,76,29,47
1,<environment.Job instance at 0x7f74b7fd9af0>,35,1,[9 1],36,74,75,38,54
1,<environment.Job instance at 0x7f74b7c90500>,39,13,[10  3],40,75,88,35,59
1,<environment.Job instance at 0x7f74b804a7d0>,54,14,[6 3],55,88,102,33,73
1,<environment.Job instance at 0x7f74c1c2c140>,56,12,[4 6],57,76,88,19,73
1,<environment.Job instance at 0x7f74b8220f00>,58,17,[6 5],59,88,105,29,76
1,<environment.Job instance at 0x7f74b7fbb460>,11,18,[ 5 11],12,105,123,93,96
1,<environment.Job instance at 0x7f74b7ce3b90>,65,1,[14  2],66,123,124,57,96
1,<environment.Job instance at 0x7f74b89fbaa0>,1,2,[ 4 14],2,2,4,0,2
1,<environment.Job instance at 0x7f74b89ea730>,2,24,[1 8],3,4,28,1,3
1,<environment.Job instance at 0x7f74b8445b90>,5,12,[ 5 10],6,28,40,22,11
1,<environment.Job instance at 0x7f74b8445dc0>,8,19,[5 3],9,11,30,2,11
1,<environment.Job instance at 0x7f74b844b230>,11,19,[6 2],12,30,49,18,20
1,<environment.Job instance at 0x7f74b84452d0>,10,22,[8 1],11,40,62,29,33
1,<environment.Job instance at 0x7f74b844b460>,14,12,[2 9],15,49,61,34,33
1,<environment.Job instance at 0x7f74b844b960>,18,12,[7 5],19,61,73,42,44
1,<environment.Job instance at 0x7f74b844ba00>,19,17,[5 5],20,62,79,42,50
1,<environment.Job instance at 0x7f74b844bd20>,20,16,[1 7],21,73,89,52,60
1,<environment.Job instance at 0x7f74b844b3c0>,22,13,[7 2],23,73,86,50,60
1,<environment.Job instance at 0x7f74b8468aa0>,25,15,[1 8],26,86,101,60,73
1,<environment.Job instance at 0x7f74b89fb690>,0,20,[ 2 10],1,101,121,100,92
1,<environment.Job instance at 0x7f74b8439c30>,1,3,[1 6],2,2,5,0,2
1,<environment.Job instance at 0x7f74b7fd83c0>,2,13,[8 5],3,3,16,0,3
1,<environment.Job instance at 0x7f74b7fd85a0>,3,24,[7 3],4,5,29,1,4
1,<environment.Job instance at 0x7f74b7fd8d70>,4,2,[ 2 13],5,29,31,24,5
1,<environment.Job instance at 0x7f74b7fd86e0>,10,14,[ 1 11],11,31,45,20,16
1,<environment.Job instance at 0x7f74b7fd8be0>,12,13,[6 3],13,16,29,3,16
1,<environment.Job instance at 0x7f74b7fd8aa0>,7,17,[7 3],8,31,48,23,19
1,<environment.Job instance at 0x7f74b7ba7280>,17,3,[ 1 11],18,45,48,27,19
1,<environment.Job instance at 0x7f74b7ba7640>,15,3,[5 1],16,29,32,13,24
1,<environment.Job instance at 0x7f74b7ba7500>,19,15,[2 7],20,48,63,28,36
1,<environment.Job instance at 0x7f74b7fd8b90>,11,17,[7 2],12,48,65,36,36
1,<environment.Job instance at 0x7f74b7ba7460>,20,18,[1 8],21,63,81,42,52
1,<environment.Job instance at 0x7f74b7ba7f50>,21,13,[4 5],22,52,65,30,52
1,<environment.Job instance at 0x7f74b7ba7690>,23,2,[12  2],24,65,67,41,52
1,<environment.Job instance at 0x7f74b7ba7190>,24,2,[1 8],25,81,83,56,54
1,<environment.Job instance at 0x7f74b7ba70a0>,25,1,[5 4],26,67,68,41,54
1,<environment.Job instance at 0x7f74b7ba7eb0>,28,3,[1 9],29,83,86,54,57
1,<environment.Job instance at 0x7f74b7ba77d0>,29,3,[5 2],30,67,70,37,57
1,<environment.Job instance at 0x7f74b7ba7af0>,26,3,[ 5 10],27,86,89,59,60
1,<environment.Job instance at 0x7f74b7ba7820>,30,13,[9 2],31,68,81,37,60
1,<environment.Job instance at 0x7f74b7ba7b90>,35,12,[2 7],36,89,101,53,72
1,<environment.Job instance at 0x7f74b82e3eb0>,38,15,[10  2],39,81,96,42,72
1,<environment.Job instance at 0x7f74b82e3960>,39,16,[8 3],40,96,112,56,83
1,<environment.Job instance at 0x7f74b8bf0fa0>,0,22,[4 5],1,1,23,0,1
1,<environment.Job instance at 0x7f74b8bf00f0>,1,3,[ 4 12],2,23,26,21,2
1,<environment.Job instance at 0x7f74b8bf0cd0>,2,3,[2 9],3,3,6,0,3
1,<environment.Job instance at 0x7f74b8bf04b0>,3,12,[5 8],4,6,18,2,4
1,<environment.Job instance at 0x7f74b8bf0780>,5,13,[10  3],6,18,31,12,8
1,<environment.Job instance at 0x7f74b8bf0b90>,9,3,[8 1],10,31,34,21,11
1,<environment.Job instance at 0x7f74b8bf0dc0>,7,15,[3 8],8,26,41,18,15
1,<environment.Job instance at 0x7f74b8bf0550>,14,15,[9 5],15,34,49,19,20
1,<environment.Job instance at 0x7f74b8bf0140>,17,12,[3 8],18,41,53,23,25
1,<environment.Job instance at 0x7f74b8bf0af0>,10,18,[1 6],11,49,67,38,38
1,<environment.Job instance at 0x7f74b8bf0370>,8,14,[10  5],9,53,67,44,40
1,<environment.Job instance at 0x7f74b8bf0280>,4,14,[3 6],5,67,81,62,52
1,<environment.Job instance at 0x7f74b8bf0050>,11,14,[8 1],12,67,81,55,62
1,<environment.Job instance at 0x7f74b8830aa0>,19,19,[7 3],20,81,100,61,71
1,<environment.Job instance at 0x7f74b88305f0>,20,27,[6 3],21,81,108,60,79
1,<environment.Job instance at 0x7f74b8830d70>,26,12,[1 8],27,79,91,52,79
1,<environment.Job instance at 0x7f74b902c410>,27,12,[ 1 10],28,100,112,72,83
1,<environment.Job instance at 0x7f74b902c2d0>,29,16,[8 3],30,108,124,78,95
1,<environment.Job instance at 0x7f74b7f28eb0>,4,3,[5 9],5,5,8,0,5
1,<environment.Job instance at 0x7f74b7f28c80>,5,14,[4 7],6,8,22,2,6
1,<environment.Job instance at 0x7f74b7f28960>,7,1,[ 5 10],8,22,23,14,8
1,<environment.Job instance at 0x7f74b7f3f320>,8,14,[12  2],9,23,37,14,9
1,<environment.Job instance at 0x7f74b7f3fa00>,9,2,[1 5],10,10,12,0,10
1,<environment.Job instance at 0x7f74b7f0c7d0>,11,17,[2 9],12,23,40,11,12
1,<environment.Job instance at 0x7f74b7f0cb90>,16,15,[4 5],17,37,52,20,23
1,<environment.Job instance at 0x7f74b8da1aa0>,21,1,[7 5],22,40,41,18,23
1,<environment.Job instance at 0x7f74b8da1320>,22,3,[9 4],23,41,44,18,23
1,<environment.Job instance at 0x7f74b7f08af0>,23,14,[ 1 10],24,44,58,20,29
1,<environment.Job instance at 0x7f74b7f08cd0>,24,2,[5 8],25,58,60,33,31
1,<environment.Job instance at 0x7f74b7f029b0>,25,21,[1 9],26,60,81,34,52
1,<environment.Job instance at 0x7f74b7f08050>,26,15,[14  1],27,60,75,33,52
1,<environment.Job instance at 0x7f74b7f02050>,28,25,[4 7],29,81,106,52,77
1,<environment.Job instance at 0x7f74b8fb8be0>,29,3,[ 3 11],30,106,109,76,80
1,<environment.Job instance at 0x7f74b84b06e0>,30,1,[1 9],31,109,110,78,81
1,<environment.Job instance at 0x7f74b7f741e0>,31,14,[3 7],32,81,95,49,81
1,<environment.Job instance at 0x7f74b7f0c410>,18,2,[10  2],19,95,97,76,85
1,<environment.Job instance at 0x7f74b7f0c730>,17,1,[12  5],18,109,110,91,85
1,<environment.Job instance at 0x7f74b8a0efa0>,35,12,[4 6],36,110,122,74,95
1,<environment.Job instance at 0x7f74b7f78dc0>,36,17,[6 1],37,110,127,73,99
1,<environment.Job instance at 0x7f74b89dfb90>,5,18,[1 6],6,6,24,0,6
1,<environment.Job instance at 0x7f74b89dfaa0>,6,12,[ 2 10],7,24,36,17,7
1,<environment.Job instance at 0x7f74b89dfc80>,2,13,[13  3],3,7,20,4,7
1,<environment.Job instance at 0x7f74b89df2d0>,8,16,[12  1],9,20,36,11,9
1,<environment.Job instance at 0x7f74b89df4b0>,9,2,[2 7],10,20,22,10,10
1,<environment.Job instance at 0x7f74b89df5a0>,10,13,[ 1 14],11,36,49,25,20
1,<environment.Job instance at 0x7f74b89df640>,11,12,[8 2],12,49,61,37,32
1,<environment.Job instance at 0x7f74b8394e10>,12,1,[ 2 14],13,61,62,48,33
1,<environment.Job instance at 0x7f74b83940f0>,13,17,[6 1],14,36,53,22,33
1,<environment.Job instance at 0x7f74b8394140>,14,12,[5 5],15,62,74,47,45
1,<environment.Job instance at 0x7f74b89df910>,7,15,[5 5],8,62,77,54,49
1,<environment.Job instance at 0x7f74b7f78dc0>,3,18,[8 5],4,74,92,70,64
1,<environment.Job instance at 0x7f74b8394be0>,19,13,[8 5],20,92,105,72,76
1,<environment.Job instance at 0x7f74b8394460>,17,22,[5 8],18,77,99,59,76
1,<environment.Job instance at 0x7f74b8394730>,2,2,[8 3],3,3,5,0,3
1,<environment.Job instance at 0x7f74b7d2db90>,3,18,[8 5],4,5,23,1,4
1,<environment.Job instance at 0x7f74b7d2dd20>,4,18,[ 4 10],5,5,23,0,5
1,<environment.Job instance at 0x7f74b7d2df00>,7,13,[7 3],8,23,36,15,8
1,<environment.Job instance at 0x7f74b7d2dcd0>,9,3,[3 9],10,23,26,13,11
1,<environment.Job instance at 0x7f74b7d1a140>,12,1,[2 8],13,26,27,13,13
1,<environment.Job instance at 0x7f74b7d1a370>,11,13,[4 7],12,27,40,15,14
1,<environment.Job instance at 0x7f74b7d1a5f0>,14,2,[8 4],15,36,38,21,15
1,<environment.Job instance at 0x7f74b7d1a230>,10,12,[1 7],11,38,50,27,21
1,<environment.Job instance at 0x7f74b7d1a690>,16,17,[13  3],17,40,57,23,28
1,<environment.Job instance at 0x7f74b7d1a8c0>,20,3,[7 1],21,57,60,36,38
1,<environment.Job instance at 0x7f74b7d1a4b0>,17,13,[ 3 13],18,57,70,39,42
1,<environment.Job instance at 0x7f74b7d1ab90>,21,14,[5 7],22,70,84,48,55
1,<environment.Job instance at 0x7f74b7d1a9b0>,23,16,[7 4],24,70,86,46,57
1,<environment.Job instance at 0x7f74b7d1ac30>,24,12,[5 3],25,84,96,59,67
1,<environment.Job instance at 0x7f74b7d1acd0>,25,2,[7 1],26,67,69,41,67
1,<environment.Job instance at 0x7f74b7d1ad70>,26,1,[5 8],27,86,87,59,67
1,<environment.Job instance at 0x7f74b7d1ae10>,27,15,[10  2],28,87,102,59,73
1,<environment.Job instance at 0x7f74b7d1aa00>,30,17,[5 2],31,96,113,65,84
1,<environment.Job instance at 0x7f74b7d00190>,31,20,[8 4],32,102,122,70,93
1,<environment.Job instance at 0x7f74b7d002d0>,33,23,[1 6],34,102,125,68,96
1,<environment.Job instance at 0x7f74b899fe10>,0,20,[5 6],1,1,21,0,1
1,<environment.Job instance at 0x7f74b7d003c0>,1,2,[8 2],2,5,7,3,5
1,<environment.Job instance at 0x7f74b899fcd0>,4,21,[5 3],5,7,28,2,5
1,<environment.Job instance at 0x7f74b7d00370>,2,2,[9 4],3,21,23,18,5
1,<environment.Job instance at 0x7f74b899fb40>,6,14,[4 9],7,23,37,16,8
1,<environment.Job instance at 0x7f74b899feb0>,12,12,[2 5],13,28,40,15,13
1,<environment.Job instance at 0x7f74b899f960>,13,17,[9 1],14,28,45,14,16
1,<environment.Job instance at 0x7f74b855a8c0>,16,16,[1 5],17,37,53,20,24
1,<environment.Job instance at 0x7f74b899f7d0>,9,2,[1 8],10,40,42,30,30
1,<environment.Job instance at 0x7f74b899f870>,17,16,[ 4 10],18,45,61,27,32
1,<environment.Job instance at 0x7f74b855a500>,25,16,[ 5 10],26,61,77,35,48
1,<environment.Job instance at 0x7f74b855af50>,26,13,[5 5],27,53,66,26,48
1,<environment.Job instance at 0x7f74b855a280>,27,19,[7 3],28,66,85,38,56
1,<environment.Job instance at 0x7f74b855ae10>,29,17,[8 3],30,77,94,47,65
1,<environment.Job instance at 0x7f74b855ac30>,31,15,[6 5],32,85,100,53,71
1,<environment.Job instance at 0x7f74b8a21320>,33,14,[7 2],34,94,108,60,79
1,<environment.Job instance at 0x7f74b8a21500>,35,16,[5 1],36,100,116,64,87
1,<environment.Job instance at 0x7f74b8a21370>,38,14,[3 9],39,100,114,61,87
1,<environment.Job instance at 0x7f74b8a4daf0>,1,12,[ 2 10],2,2,14,0,2
1,<environment.Job instance at 0x7f74b8a212d0>,2,14,[10  1],3,3,17,0,3
1,<environment.Job instance at 0x7f74b8fb45a0>,5,17,[9 3],6,17,34,11,6
1,<environment.Job instance at 0x7f74b8fb43c0>,6,1,[9 3],7,34,35,27,7
1,<environment.Job instance at 0x7f74b8fb44b0>,7,1,[7 2],8,35,36,27,8
1,<environment.Job instance at 0x7f74b8fb47d0>,8,2,[6 4],9,17,19,8,9
1,<environment.Job instance at 0x7f74b8fb4280>,9,13,[5 7],10,19,32,9,10
1,<environment.Job instance at 0x7f74b8fb4a50>,15,12,[5 9],16,32,44,16,19
1,<environment.Job instance at 0x7f74b8fb4cd0>,14,16,[5 6],15,36,52,21,23
1,<environment.Job instance at 0x7f74b8fb45f0>,17,16,[1 6],18,44,60,26,31
1,<environment.Job instance at 0x7f74b8fb4dc0>,19,14,[9 2],20,44,58,24,31
1,<environment.Job instance at 0x7f74b8fb4690>,13,12,[4 6],14,52,64,38,41
1,<environment.Job instance at 0x7f74b8394730>,26,13,[5 8],27,60,73,33,44
1,<environment.Job instance at 0x7f74b8fb4fa0>,16,16,[5 5],17,64,80,47,51
1,<environment.Job instance at 0x7f74b8c5e460>,29,18,[8 4],30,73,91,43,62
1,<environment.Job instance at 0x7f74b8c5e4b0>,31,16,[9 1],32,91,107,59,78
1,<environment.Job instance at 0x7f74b8c5e230>,36,13,[2 9],37,80,93,43,78
1,<environment.Job instance at 0x7f74b8c5e910>,37,14,[2 6],38,93,107,55,78
1,<environment.Job instance at 0x7f74b8c5e500>,38,12,[2 9],39,107,119,68,90
1,<environment.Job instance at 0x7f74b83b9d70>,3,18,[7 5],4,4,22,0,4
1,<environment.Job instance at 0x7f74b7f1ae10>,4,14,[5 5],5,5,19,0,5
1,<environment.Job instance at 0x7f74b8c5e500>,5,15,[10  3],6,22,37,16,8
1,<environment.Job instance at 0x7f74b8466190>,9,16,[5 9],10,19,35,9,10
1,<environment.Job instance at 0x7f74b7fbe9b0>,17,13,[2 6],18,35,48,17,24
1,<environment.Job instance at 0x7f74b7fbe140>,20,22,[7 5],21,37,59,16,30
1,<environment.Job instance at 0x7f74b7fbe730>,15,18,[2 5],16,48,66,32,37
1,<environment.Job instance at 0x7f74b7fbe320>,22,12,[3 7],23,59,71,36,42
1,<environment.Job instance at 0x7f74b7fbed20>,23,14,[4 7],24,66,80,42,51
1,<environment.Job instance at 0x7f74b7d01370>,24,13,[1 9],25,80,93,55,64
1,<environment.Job instance at 0x7f74b7fbe410>,25,15,[6 4],26,71,86,45,64
1,<environment.Job instance at 0x7f74b7d01410>,26,2,[12  2],27,86,88,59,64
1,<environment.Job instance at 0x7f74b7d01f50>,27,14,[14  4],28,88,102,60,73
1,<environment.Job instance at 0x7f74b7d01500>,28,3,[12  4],29,102,105,73,76
1,<environment.Job instance at 0x7f74b7d013c0>,29,16,[2 7],30,102,118,72,89
1,<environment.Job instance at 0x7f74b80f0a00>,0,13,[ 3 14],1,1,14,0,1
1,<environment.Job instance at 0x7f74b7d01460>,1,14,[6 4],2,14,28,12,2
1,<environment.Job instance at 0x7f74b7d013c0>,3,17,[6 1],4,4,21,0,4
1,<environment.Job instance at 0x7f74b7dd6dc0>,4,1,[3 9],5,14,15,9,6
1,<environment.Job instance at 0x7f74b7e5fc80>,7,2,[10  1],8,28,30,20,10
1,<environment.Job instance at 0x7f74b84e9370>,9,3,[5 7],10,21,24,11,10
1,<environment.Job instance at 0x7f74b7dd6280>,5,15,[10  3],6,30,45,24,16
1,<environment.Job instance at 0x7f74b7fa2640>,14,3,[5 1],15,24,27,9,16
1,<environment.Job instance at 0x7f74b7fa25f0>,16,13,[8 3],17,45,58,28,29
1,<environment.Job instance at 0x7f74b7dd6230>,2,24,[5 3],3,31,55,28,31
1,<environment.Job instance at 0x7f74b84e93c0>,10,22,[1 6],11,49,71,38,49
1,<environment.Job instance at 0x7f74b7d4c730>,19,1,[ 1 14],20,71,72,51,49
1,<environment.Job instance at 0x7f74b844b910>,20,2,[ 1 11],21,72,74,51,49
1,<environment.Job instance at 0x7f74b7fa2780>,17,22,[8 5],18,74,96,56,68
1,<environment.Job instance at 0x7f74b7d4cdc0>,21,21,[5 8],22,74,95,52,68
1,<environment.Job instance at 0x7f74b8b2e3c0>,23,16,[7 4],24,95,111,71,84
1,<environment.Job instance at 0x7f74b84e70a0>,24,1,[9 5],25,111,112,86,84
1,<environment.Job instance at 0x7f74b8ef5370>,25,3,[4 9],26,96,99,70,84
1,<environment.Job instance at 0x7f74b8518b40>,8,24,[5 8],9,99,123,90,94
1,<environment.Job instance at 0x7f74c1c15550>,0,19,[ 4 12],1,1,20,0,1
1,<environment.Job instance at 0x7f74c1c155f0>,4,14,[8 4],5,20,34,15,5
1,<environment.Job instance at 0x7f74c1c15e10>,1,14,[4 8],2,20,34,18,5
1,<environment.Job instance at 0x7f74b8973140>,10,1,[1 5],11,34,35,23,11
1,<environment.Job instance at 0x7f74b8973b90>,8,21,[6 2],9,34,55,25,26
1,<environment.Job instance at 0x7f74b8973be0>,7,16,[2 7],8,34,50,26,33
1,<environment.Job instance at 0x7f74c1c151e0>,5,15,[6 3],6,35,50,29,33
1,<environment.Job instance at 0x7f74b89730f0>,13,3,[5 6],14,50,53,36,35
1,<environment.Job instance at 0x7f74b7de8640>,27,2,[3 9],28,53,55,25,35
1,<environment.Job instance at 0x7f74b84d0140>,29,2,[10  1],30,55,57,25,35
1,<environment.Job instance at 0x7f74b86a89b0>,28,17,[5 2],29,53,70,24,41
1,<environment.Job instance at 0x7f74b8973320>,9,12,[10  5],10,57,69,47,41
1,<environment.Job instance at 0x7f74b817d500>,26,13,[5 5],27,69,82,42,53
1,<environment.Job instance at 0x7f74b7d2e780>,46,15,[7 1],47,70,85,23,58
1,<environment.Job instance at 0x7f74b7df2a00>,39,24,[3 6],40,69,93,29,64
1,<environment.Job instance at 0x7f74b8fd0460>,51,3,[ 5 13],52,93,96,41,67
1,<environment.Job instance at 0x7f74b8fd0aa0>,52,2,[2 5],53,82,84,29,67
1,<environment.Job instance at 0x7f74b8fd0500>,53,14,[13  2],54,96,110,42,81
1,<environment.Job instance at 0x7f74b7d37d70>,54,12,[4 9],55,110,122,55,93
1,<environment.Job instance at 0x7f74b8f3c9b0>,50,17,[9 4],51,110,127,59,98
1,<environment.Job instance at 0x7f74b7906870>,0,2,[ 4 14],1,4,6,3,4
1,<environment.Job instance at 0x7f74b7906640>,3,3,[9 5],4,6,9,2,4
1,<environment.Job instance at 0x7f74b7906140>,1,1,[11  4],2,9,10,7,4
1,<environment.Job instance at 0x7f74b7906820>,4,16,[2 7],5,6,22,1,5
1,<environment.Job instance at 0x7f74b8f3c9b0>,6,12,[12  4],7,10,22,3,8
1,<environment.Job instance at 0x7f74b79065f0>,5,15,[4 8],6,22,37,16,8
1,<environment.Job instance at 0x7f74b7912eb0>,10,12,[7 1],11,22,34,11,14
1,<environment.Job instance at 0x7f74b79062d0>,7,14,[1 9],8,37,51,29,22
1,<environment.Job instance at 0x7f74b79120f0>,14,2,[ 4 10],15,51,53,36,24
1,<environment.Job instance at 0x7f74b79124b0>,15,22,[4 5],16,24,46,8,24
1,<environment.Job instance at 0x7f74b7912690>,12,1,[12  1],13,46,47,33,32
1,<environment.Job instance at 0x7f74b7912280>,16,18,[2 9],17,53,71,36,42
1,<environment.Job instance at 0x7f74b7912320>,17,3,[1 6],18,47,50,29,42
1,<environment.Job instance at 0x7f74b7912e60>,20,17,[ 2 10],21,71,88,50,59
1,<environment.Job instance at 0x7f74b8d64fa0>,23,12,[8 5],24,59,71,35,59
1,<environment.Job instance at 0x7f74b8d64690>,26,2,[8 3],27,71,73,44,59
1,<environment.Job instance at 0x7f74b7912190>,21,21,[10  5],22,73,94,51,65
1,<environment.Job instance at 0x7f74b8d646e0>,27,22,[ 1 10],28,88,110,60,81
1,<environment.Job instance at 0x7f74b8d64f50>,29,17,[3 9],30,110,127,80,98
1,<environment.Job instance at 0x7f74b8d640a0>,30,13,[10  5],31,98,111,67,98
1,<environment.Job instance at 0x7f74b84f90f0>,0,12,[2 5],1,1,13,0,1
1,<environment.Job instance at 0x7f74b7fc5eb0>,2,15,[5 6],3,3,18,0,3
1,<environment.Job instance at 0x7f74b84f9410>,3,14,[ 1 10],4,18,32,14,4
1,<environment.Job instance at 0x7f74b84f99b0>,4,17,[7 3],5,5,22,0,5
1,<environment.Job instance at 0x7f74b8f56960>,8,27,[ 3 11],9,32,59,23,30
1,<environment.Job instance at 0x7f74b8f56c30>,9,16,[2 5],10,59,75,49,46
1,<environment.Job instance at 0x7f74b84f9190>,5,23,[1 6],6,59,82,53,53
1,<environment.Job instance at 0x7f74b8f56be0>,10,28,[14  2],11,75,103,64,74
1,<environment.Job instance at 0x7f74b8f56d70>,12,23,[5 4],13,103,126,90,97
1,<environment.Job instance at 0x7f74b8f56870>,13,15,[8 3],14,103,118,89,97
1,<environment.Job instance at 0x7f74b8b613c0>,1,12,[7 1],2,2,14,0,2
1,<environment.Job instance at 0x7f74b8f567d0>,2,21,[7 5],3,3,24,0,3
1,<environment.Job instance at 0x7f74b7931190>,0,18,[2 9],1,14,32,13,4
1,<environment.Job instance at 0x7f74b8f56870>,4,2,[6 5],5,24,26,19,5
1,<environment.Job instance at 0x7f74b7d82140>,5,3,[ 3 13],6,32,35,26,6
1,<environment.Job instance at 0x7f74b7d82500>,11,16,[2 5],12,35,51,23,22
1,<environment.Job instance at 0x7f74b7d824b0>,14,14,[9 3],15,35,49,20,22
1,<environment.Job instance at 0x7f74b7d825a0>,12,2,[4 7],13,35,37,22,26
1,<environment.Job instance at 0x7f74b7d826e0>,15,14,[10  5],16,49,63,33,34
1,<environment.Job instance at 0x7f74b7d82820>,17,20,[3 7],18,51,71,33,42
1,<environment.Job instance at 0x7f74b7d828c0>,18,17,[2 9],19,71,88,52,59
1,<environment.Job instance at 0x7f74b7d82960>,19,17,[9 2],20,63,80,43,59
1,<environment.Job instance at 0x7f74b7d82eb0>,25,13,[5 5],26,80,93,54,64
1,<environment.Job instance at 0x7f74b7d82fa0>,27,19,[2 6],28,88,107,60,78
1,<environment.Job instance at 0x7f74b7d82e10>,28,14,[1 6],29,93,107,64,78
1,<environment.Job instance at 0x7f74b7d9c3c0>,32,16,[3 7],33,107,123,74,94
1,<environment.Job instance at 0x7f74b7d9c050>,34,14,[7 1],35,94,108,59,94
1,<environment.Job instance at 0x7f74b7d9c640>,36,14,[7 5],37,108,122,71,94
1,<environment.Job instance at 0x7f74b827e190>,0,2,[ 1 11],1,1,3,0,1
1,<environment.Job instance at 0x7f74b7d9c190>,2,20,[8 5],3,3,23,0,3
1,<environment.Job instance at 0x7f74b827e370>,3,19,[6 5],4,4,23,0,4
1,<environment.Job instance at 0x7f74b827e410>,5,12,[6 2],6,23,35,17,6
1,<environment.Job instance at 0x7f74b82560a0>,8,2,[5 5],9,23,25,14,9
1,<environment.Job instance at 0x7f74b827e140>,11,1,[9 1],12,25,26,13,13
1,<environment.Job instance at 0x7f74b8256690>,14,15,[1 8],15,26,41,11,18
1,<environment.Job instance at 0x7f74b8256640>,13,15,[11  3],14,35,50,21,21
1,<environment.Job instance at 0x7f74b8256f50>,19,18,[7 2],20,50,68,30,39
1,<environment.Job instance at 0x7f74b8275c30>,24,20,[5 4],25,55,75,30,55
1,<environment.Job instance at 0x7f74b8256500>,12,26,[3 7],13,65,91,52,65
1,<environment.Job instance at 0x7f74b82750f0>,30,18,[3 7],31,75,93,44,66
1,<environment.Job instance at 0x7f74b8275960>,23,22,[11  2],24,91,113,67,84
1,<environment.Job instance at 0x7f74b8275cd0>,33,2,[14  2],34,113,115,79,86
1,<environment.Job instance at 0x7f74b8275550>,32,20,[3 5],33,93,113,60,87
1,<environment.Job instance at 0x7f74b842a5a0>,1,22,[1 5],2,2,24,0,2
1,<environment.Job instance at 0x7f74b8694730>,3,24,[6 2],4,4,28,0,4
1,<environment.Job instance at 0x7f74b8694b40>,4,1,[2 7],5,5,6,0,5
1,<environment.Job instance at 0x7f74b8694e60>,5,2,[3 8],6,6,8,0,6
1,<environment.Job instance at 0x7f74b8694a00>,7,1,[ 4 10],8,24,25,16,8
1,<environment.Job instance at 0x7f74b8694640>,9,12,[7 2],10,10,22,0,10
1,<environment.Job instance at 0x7f74b8694af0>,11,18,[13  1],12,28,46,16,17
1,<environment.Job instance at 0x7f74b86945f0>,8,13,[12  4],9,46,59,37,35
1,<environment.Job instance at 0x7f74b85260f0>,14,13,[7 2],15,59,72,44,43
1,<environment.Job instance at 0x7f74b842afa0>,0,24,[1 5],1,43,67,42,43
1,<environment.Job instance at 0x7f74b8526730>,15,13,[ 5 11],16,67,80,51,51
1,<environment.Job instance at 0x7f74b8526aa0>,17,3,[ 5 12],18,80,83,62,54
1,<environment.Job instance at 0x7f74b85266e0>,13,21,[6 1],14,72,93,58,64
1,<environment.Job instance at 0x7f74b85267d0>,18,13,[5 9],19,83,96,64,67
1,<environment.Job instance at 0x7f74b8526f50>,10,21,[5 9],11,96,117,85,88
1,<environment.Job instance at 0x7f900d235460>,2,13,[10  1],3,3,16,0,3
1,<environment.Job instance at 0x7f900d235500>,3,17,[ 5 10],4,4,21,0,4
1,<environment.Job instance at 0x7f900d2356e0>,4,1,[5 6],5,21,22,16,5
1,<environment.Job instance at 0x7f900d2357d0>,5,12,[1 7],6,21,33,15,6
1,<environment.Job instance at 0x7f900d235a50>,8,16,[1 8],9,22,38,13,10
1,<environment.Job instance at 0x7f900d235aa0>,10,12,[5 5],11,33,45,22,16
1,<environment.Job instance at 0x7f900d235d20>,14,18,[1 6],15,38,56,23,27
1,<environment.Job instance at 0x7f900d235fa0>,18,12,[1 8],19,45,57,26,28
1,<environment.Job instance at 0x7f900d237280>,20,14,[4 8],21,57,71,36,42
1,<environment.Job instance at 0x7f900d2373c0>,22,21,[5 5],23,56,77,33,48
1,<environment.Job instance at 0x7f900d2375a0>,25,16,[9 2],26,71,87,45,58
1,<environment.Job instance at 0x7f900d237640>,26,16,[9 1],27,87,103,60,74
1,<environment.Job instance at 0x7f900d2377d0>,29,18,[5 1],30,77,95,47,74
1,<environment.Job instance at 0x7f900d237b40>,33,14,[5 7],34,95,109,61,80
1,<environment.Job instance at 0x7f900d237d20>,36,18,[10  1],37,103,121,66,93
1,<environment.Job instance at 0x7f900d237dc0>,37,13,[7 1],38,121,134,83,105
1,<environment.Job instance at 0x7f900d237910>,40,13,[ 2 10],41,109,122,68,105
1,<environment.Job instance at 0x7f900c97e550>,0,17,[5 3],1,1,18,0,1
1,<environment.Job instance at 0x7f900d6425f0>,1,18,[5 5],2,2,20,0,2
1,<environment.Job instance at 0x7f900d237780>,3,22,[5 5],4,4,26,0,4
1,<environment.Job instance at 0x7f900d69c780>,5,12,[9 4],6,20,32,14,6
1,<environment.Job instance at 0x7f900d67a410>,9,1,[5 9],10,26,27,16,10
1,<environment.Job instance at 0x7f900d69c410>,4,15,[6 3],5,27,42,22,14
1,<environment.Job instance at 0x7f900d67abe0>,7,22,[6 2],8,32,54,24,25
1,<environment.Job instance at 0x7f900d67a5f0>,13,15,[2 7],14,32,47,18,25
1,<environment.Job instance at 0x7f900d67ac80>,14,13,[5 5],15,42,55,27,26
1,<environment.Job instance at 0x7f900d67aaf0>,16,13,[4 6],17,47,60,30,31
1,<environment.Job instance at 0x7f900d67a190>,18,17,[4 5],19,55,72,36,43
1,<environment.Job instance at 0x7f900d67a780>,22,15,[5 8],23,60,75,37,46
1,<environment.Job instance at 0x7f900cd0d190>,23,13,[3 7],24,72,85,48,56
1,<environment.Job instance at 0x7f900c9580a0>,25,15,[3 5],26,75,90,49,61
1,<environment.Job instance at 0x7f900c89b320>,33,20,[6 3],34,75,95,41,66
1,<environment.Job instance at 0x7f900cce6c80>,34,18,[8 2],35,90,108,55,79
1,<environment.Job instance at 0x7f900cd09d70>,36,19,[8 2],37,108,127,71,98
1,<environment.Job instance at 0x7f900cd25be0>,42,18,[2 5],43,99,117,56,99
1,<environment.Job instance at 0x7f900c921370>,2,16,[3 7],3,3,19,0,3
1,<environment.Job instance at 0x7f900c921190>,3,2,[ 3 14],4,19,21,15,6
1,<environment.Job instance at 0x7f900c9217d0>,5,18,[5 8],6,21,39,15,10
1,<environment.Job instance at 0x7f900c921cd0>,7,3,[2 8],8,15,18,7,15
1,<environment.Job instance at 0x7f900c921d20>,10,2,[10  5],11,21,23,10,15
1,<environment.Job instance at 0x7f900c9211e0>,14,18,[5 9],15,39,57,24,28
1,<environment.Job instance at 0x7f900c921500>,16,2,[5 8],17,57,59,40,30
1,<environment.Job instance at 0x7f900c946780>,20,13,[7 5],21,30,43,9,30
1,<environment.Job instance at 0x7f900c946190>,30,18,[2 6],31,43,61,12,32
1,<environment.Job instance at 0x7f900c946550>,33,16,[5 6],34,59,75,25,46
1,<environment.Job instance at 0x7f900c946280>,34,13,[3 9],35,61,74,26,46
1,<environment.Job instance at 0x7f900c946f50>,35,13,[2 7],36,74,87,38,58
1,<environment.Job instance at 0x7f900c946c30>,36,15,[5 4],37,75,90,38,61
1,<environment.Job instance at 0x7f900c9460a0>,38,17,[8 3],39,75,92,36,63
1,<environment.Job instance at 0x7f900c941b90>,41,16,[7 2],42,90,106,48,77
1,<environment.Job instance at 0x7f900c9215a0>,8,16,[7 2],9,92,108,83,80
1,<environment.Job instance at 0x7f900c941730>,42,20,[9 2],43,108,128,65,99
1,<environment.Job instance at 0x7f900cc3b910>,1,13,[7 4],2,2,15,0,2
1,<environment.Job instance at 0x7f900cd0da00>,4,12,[1 8],5,5,17,0,5
1,<environment.Job instance at 0x7f900d634a00>,5,1,[9 1],6,15,16,9,6
1,<environment.Job instance at 0x7f900cbd3cd0>,9,13,[10  3],10,16,29,6,10
1,<environment.Job instance at 0x7f900ccde4b0>,12,3,[8 5],13,29,32,16,14
1,<environment.Job instance at 0x7f900d634550>,11,3,[1 5],12,17,20,5,15
1,<environment.Job instance at 0x7f900ce33b90>,15,17,[14  2],16,32,49,16,20
1,<environment.Job instance at 0x7f900ce33fa0>,16,2,[7 1],17,29,31,12,20
1,<environment.Job instance at 0x7f900cd4f690>,10,14,[8 5],11,49,63,38,39
1,<environment.Job instance at 0x7f900cf11190>,24,14,[6 3],25,49,63,24,39
1,<environment.Job instance at 0x7f900cc51500>,26,12,[4 6],27,63,75,36,46
1,<environment.Job instance at 0x7f900cf11820>,28,17,[6 5],29,63,80,34,51
1,<environment.Job instance at 0x7f900c9221e0>,18,24,[5 8],19,75,99,56,70
1,<environment.Job instance at 0x7f900d2afd70>,35,1,[14  2],36,99,100,63,71
1,<environment.Job instance at 0x7f900cd3a050>,36,12,[2 8],37,100,112,63,83
1,<environment.Job instance at 0x7f900ceb4280>,42,12,[5 4],43,100,112,57,92
1,<environment.Job instance at 0x7f900ceb4230>,44,16,[4 6],45,112,128,67,99
1,<environment.Job instance at 0x7f900d67aaf0>,50,18,[8 4],51,112,130,61,101
1,<environment.Job instance at 0x7f900d6790a0>,0,16,[2 7],1,2,18,1,2
1,<environment.Job instance at 0x7f900d679550>,2,15,[5 3],3,3,18,0,3
1,<environment.Job instance at 0x7f900cbd4cd0>,5,3,[7 4],6,6,9,0,6
1,<environment.Job instance at 0x7f900cbd4730>,7,1,[2 5],8,9,10,1,8
1,<environment.Job instance at 0x7f900d904dc0>,8,15,[3 7],9,18,33,9,9
1,<environment.Job instance at 0x7f900d928460>,11,16,[4 6],12,18,34,6,12
1,<environment.Job instance at 0x7f900d9286e0>,18,3,[12  4],19,34,37,15,19
1,<environment.Job instance at 0x7f900d9285a0>,15,16,[14  3],16,37,53,21,24
1,<environment.Job instance at 0x7f900d9289b0>,12,15,[4 8],13,53,68,40,40
1,<environment.Job instance at 0x7f900d90ac80>,21,2,[12  4],22,68,70,46,41
1,<environment.Job instance at 0x7f900d90acd0>,22,1,[10  5],23,53,54,30,41
1,<environment.Job instance at 0x7f900d90a280>,23,1,[3 5],24,54,55,30,44
1,<environment.Job instance at 0x7f900d90a460>,24,3,[7 1],25,54,57,29,45
1,<environment.Job instance at 0x7f900d909460>,25,12,[5 5],26,70,82,44,53
1,<environment.Job instance at 0x7f900d909820>,26,3,[5 4],27,57,60,30,53
1,<environment.Job instance at 0x7f900d930dc0>,29,15,[6 1],30,70,85,40,56
1,<environment.Job instance at 0x7f900d927870>,39,12,[7 3],40,82,94,42,65
1,<environment.Job instance at 0x7f900d90ab40>,20,17,[5 3],21,85,102,64,73
1,<environment.Job instance at 0x7f900c88ea00>,42,15,[5 2],43,94,109,51,80
1,<environment.Job instance at 0x7f900cc540f0>,41,18,[1 8],42,81,99,39,81
1,<environment.Job instance at 0x7f900c820fa0>,44,15,[1 7],45,99,114,54,85
1,<environment.Job instance at 0x7f900c820a50>,45,13,[5 2],46,102,115,56,86
1,<environment.Job instance at 0x7f900d0eeaf0>,43,14,[14  5],44,115,129,71,103
1,<environment.Job instance at 0x7f900d92e370>,48,18,[1 7],49,114,132,65,103
1,<environment.Job instance at 0x7f900cbebaa0>,3,3,[5 1],4,4,7,0,4
1,<environment.Job instance at 0x7f900cbebbe0>,4,15,[7 1],5,5,20,0,5
1,<environment.Job instance at 0x7f900d932280>,5,17,[4 7],6,7,24,1,6
1,<environment.Job instance at 0x7f900d932d70>,7,2,[1 5],8,8,10,0,8
1,<environment.Job instance at 0x7f900d932320>,8,2,[2 7],9,10,12,1,9
1,<environment.Job instance at 0x7f900d932050>,9,2,[4 5],10,12,14,2,10
1,<environment.Job instance at 0x7f900d932370>,10,15,[1 8],11,20,35,9,11
1,<environment.Job instance at 0x7f900d932960>,11,16,[2 6],12,24,40,12,12
1,<environment.Job instance at 0x7f900d9324b0>,16,13,[1 8],17,35,48,18,19
1,<environment.Job instance at 0x7f900d932e10>,17,16,[10  3],18,40,56,22,27
1,<environment.Job instance at 0x7f900d932b40>,19,16,[5 9],20,48,64,28,35
1,<environment.Job instance at 0x7f900d932af0>,20,17,[9 4],21,56,73,35,44
1,<environment.Job instance at 0x7f900d932dc0>,21,19,[10  4],22,73,92,51,63
1,<environment.Job instance at 0x7f900d932e60>,22,16,[7 2],23,92,108,69,79
1,<environment.Job instance at 0x7f900d932550>,18,23,[8 4],19,92,115,73,87
1,<environment.Job instance at 0x7f900cf88af0>,29,22,[8 3],30,115,137,85,108
1,<environment.Job instance at 0x7f900cf88230>,2,16,[8 4],3,3,19,0,3
1,<environment.Job instance at 0x7f900cf88af0>,4,13,[2 6],5,5,18,0,5
1,<environment.Job instance at 0x7f900d0d09b0>,5,18,[5 1],6,6,24,0,6
1,<environment.Job instance at 0x7f900cec4b90>,6,3,[2 5],7,18,21,11,7
1,<environment.Job instance at 0x7f900c9459b0>,7,17,[5 8],8,19,36,11,8
1,<environment.Job instance at 0x7f900d0d03c0>,9,15,[2 6],10,21,36,11,10
1,<environment.Job instance at 0x7f900c945140>,12,15,[8 5],13,36,51,23,22
1,<environment.Job instance at 0x7f900c9456e0>,15,13,[7 1],16,24,37,8,22
1,<environment.Job instance at 0x7f900c945230>,16,22,[4 8],17,37,59,20,31
1,<environment.Job instance at 0x7f900c945af0>,17,13,[5 6],18,51,64,33,35
1,<environment.Job instance at 0x7f900c945280>,18,15,[3 7],19,59,74,40,45
1,<environment.Job instance at 0x7f900c945870>,19,14,[1 6],20,64,78,44,49
1,<environment.Job instance at 0x7f900c9450f0>,20,17,[10  5],21,74,91,53,62
1,<environment.Job instance at 0x7f900c9454b0>,21,17,[4 6],22,78,95,56,66
1,<environment.Job instance at 0x7f900c945c80>,23,15,[4 6],24,91,106,67,77
1,<environment.Job instance at 0x7f900c945cd0>,24,3,[5 5],25,95,98,70,77
1,<environment.Job instance at 0x7f900c945d20>,25,17,[8 4],26,98,115,72,86
1,<environment.Job instance at 0x7f900d0e9af0>,27,16,[9 3],28,115,131,87,102
1,<environment.Job instance at 0x7f900cf57280>,1,13,[9 3],2,2,15,0,2
1,<environment.Job instance at 0x7f900d0e9050>,2,13,[5 1],3,3,16,0,3
1,<environment.Job instance at 0x7f900da35d70>,5,14,[4 8],6,15,29,9,6
1,<environment.Job instance at 0x7f900cbc1e10>,6,12,[5 2],7,15,27,8,7
1,<environment.Job instance at 0x7f900da355f0>,7,2,[11  4],8,27,29,19,8
1,<environment.Job instance at 0x7f900da263c0>,12,3,[ 3 14],13,29,32,16,13
1,<environment.Job instance at 0x7f900da26370>,9,12,[1 7],10,32,44,22,15
1,<environment.Job instance at 0x7f900da3ae60>,14,3,[14  5],15,32,35,17,15
1,<environment.Job instance at 0x7f900da3a500>,17,14,[10  2],18,35,49,17,25
1,<environment.Job instance at 0x7f900da3a5a0>,19,3,[6 2],20,49,52,29,31
1,<environment.Job instance at 0x7f900da3a370>,23,14,[9 1],24,49,63,25,34
1,<environment.Job instance at 0x7f900cc12be0>,24,15,[9 4],25,63,78,38,49
1,<environment.Job instance at 0x7f900cc672d0>,25,17,[6 2],26,52,69,26,49
1,<environment.Job instance at 0x7f900da105f0>,33,18,[8 5],34,78,96,44,67
1,<environment.Job instance at 0x7f900da3ac30>,15,26,[5 1],16,69,95,53,67
1,<environment.Job instance at 0x7f900da10e10>,36,12,[ 2 10],37,95,107,58,78
1,<environment.Job instance at 0x7f900da10690>,37,15,[5 5],38,96,111,58,83
1,<environment.Job instance at 0x7f900cc76640>,35,18,[1 6],36,107,125,71,96
1,<environment.Job instance at 0x7f900d5cc7d0>,41,12,[8 2],42,107,119,65,96
1,<environment.Job instance at 0x7f900d5b06e0>,43,17,[6 1],44,111,128,67,99
1,<environment.Job instance at 0x7f900d5b0730>,44,12,[5 5],45,119,131,74,102
1,<environment.Job instance at 0x7f900d5de5f0>,2,19,[2 5],3,3,22,0,3
1,<environment.Job instance at 0x7f900d87fe60>,3,12,[1 7],4,4,16,0,4
1,<environment.Job instance at 0x7f900d87f870>,4,15,[7 5],5,16,31,11,5
1,<environment.Job instance at 0x7f900d87fd20>,5,1,[10  2],6,6,7,0,6
1,<environment.Job instance at 0x7f900d87fc80>,6,14,[3 6],7,22,36,15,7
1,<environment.Job instance at 0x7f900d87f3c0>,14,12,[ 5 11],15,36,48,21,19
1,<environment.Job instance at 0x7f900d87f5a0>,15,13,[11  1],16,48,61,32,32
1,<environment.Job instance at 0x7f900d87f280>,16,14,[ 3 13],17,48,62,31,33
1,<environment.Job instance at 0x7f900d87f0a0>,17,3,[ 4 10],18,62,65,44,36
1,<environment.Job instance at 0x7f900d87fbe0>,18,3,[10  4],19,36,39,17,36
1,<environment.Job instance at 0x7f900d884370>,19,2,[5 3],20,39,41,19,36
1,<environment.Job instance at 0x7f900d87f4b0>,20,16,[9 2],21,61,77,40,50
1,<environment.Job instance at 0x7f900d87faf0>,13,14,[4 7],14,65,79,51,50
1,<environment.Job instance at 0x7f900d8845f0>,23,18,[8 5],24,77,95,53,66
1,<environment.Job instance at 0x7f900d884500>,27,13,[7 3],28,79,92,51,66
1,<environment.Job instance at 0x7f900d8849b0>,28,14,[9 5],29,95,109,66,81
1,<environment.Job instance at 0x7f900d884e10>,30,12,[1 7],31,92,104,61,81
1,<environment.Job instance at 0x7f900d8846e0>,33,14,[10  5],34,109,123,75,95
1,<environment.Job instance at 0x7f900d888370>,41,14,[5 7],42,104,118,62,95
1,<environment.Job instance at 0x7f900d888230>,42,17,[2 6],43,118,135,75,106
1,<environment.Job instance at 0x7f900cc7bc30>,0,3,[ 3 11],1,3,6,2,3
1,<environment.Job instance at 0x7f900cc606e0>,4,14,[11  2],5,5,19,0,5
1,<environment.Job instance at 0x7f900cc8e050>,6,12,[3 6],7,7,19,0,7
1,<environment.Job instance at 0x7f900cc8e4b0>,7,17,[10  1],8,19,36,11,8
1,<environment.Job instance at 0x7f900cc8e960>,8,17,[5 3],9,19,36,10,9
1,<environment.Job instance at 0x7f900cc85550>,12,2,[9 4],13,36,38,23,13
1,<environment.Job instance at 0x7f900cc853c0>,13,1,[4 8],14,36,37,22,14
1,<environment.Job instance at 0x7f900cca06e0>,11,2,[8 2],12,38,40,26,14
1,<environment.Job instance at 0x7f900cc8e820>,10,20,[5 6],11,37,57,26,29
1,<environment.Job instance at 0x7f900cc858c0>,16,14,[4 9],17,40,54,23,29
1,<environment.Job instance at 0x7f900cc8e9b0>,9,21,[1 8],10,54,75,44,46
1,<environment.Job instance at 0x7f900cc70820>,19,2,[1 8],20,75,77,55,48
1,<environment.Job instance at 0x7f900cc70550>,22,12,[2 5],23,57,69,34,48
1,<environment.Job instance at 0x7f900cc85050>,15,21,[6 2],16,57,78,41,49
1,<environment.Job instance at 0x7f900cc85cd0>,14,21,[5 3],15,69,90,54,61
1,<environment.Job instance at 0x7f900cd5f0f0>,25,13,[ 5 14],26,90,103,64,74
1,<environment.Job instance at 0x7f900cc70280>,18,16,[9 1],19,78,94,59,75
1,<environment.Job instance at 0x7f900cc70500>,27,16,[ 4 10],28,103,119,75,90
1,<environment.Job instance at 0x7f900c99bb40>,28,17,[9 4],29,103,120,74,91
1,<environment.Job instance at 0x7f900cd8f230>,35,16,[ 5 10],36,119,135,83,106
1,<environment.Job instance at 0x7f900cc8f140>,36,13,[5 5],37,120,133,83,106
1,<environment.Job instance at 0x7f900dd7a190>,1,12,[ 2 10],2,2,14,0,2
1,<environment.Job instance at 0x7f900cd8f320>,2,14,[10  1],3,3,17,0,3
1,<environment.Job instance at 0x7f900dd7a4b0>,5,17,[9 3],6,17,34,11,6
1,<environment.Job instance at 0x7f900dd7a9b0>,6,1,[9 3],7,34,35,27,7
1,<environment.Job instance at 0x7f900dd7ad70>,7,1,[7 2],8,35,36,27,8
1,<environment.Job instance at 0x7f900dd7a3c0>,8,2,[6 4],9,17,19,8,9
1,<environment.Job instance at 0x7f900dd7aaa0>,9,13,[5 7],10,19,32,9,10
1,<environment.Job instance at 0x7f900ce649b0>,15,12,[5 9],16,32,44,16,16
1,<environment.Job instance at 0x7f900ce64fa0>,14,16,[5 6],15,36,52,21,23
1,<environment.Job instance at 0x7f900ce64be0>,17,16,[1 6],18,44,60,26,31
1,<environment.Job instance at 0x7f900ce64870>,19,14,[9 2],20,44,58,24,31
1,<environment.Job instance at 0x7f900ce643c0>,26,13,[5 8],27,58,71,31,42
1,<environment.Job instance at 0x7f900ce64230>,28,12,[6 1],29,58,70,29,42
1,<environment.Job instance at 0x7f900ce64820>,29,18,[8 4],30,70,88,40,59
1,<environment.Job instance at 0x7f900d6f2500>,36,13,[2 9],37,71,84,34,67
1,<environment.Job instance at 0x7f900d6f2320>,37,14,[2 6],38,84,98,46,69
1,<environment.Job instance at 0x7f900d6f2190>,38,12,[2 9],39,88,100,49,71
1,<environment.Job instance at 0x7f900d6f2a00>,40,16,[5 9],41,100,116,59,87
1,<environment.Job instance at 0x7f900d6f24b0>,41,18,[2 6],42,98,116,56,87
1,<environment.Job instance at 0x7f900d6f2230>,42,18,[6 5],43,116,134,73,105
1,<environment.Job instance at 0x7f900d6f2eb0>,43,17,[5 2],44,116,133,72,105
1,<environment.Job instance at 0x7f900dd7a5f0>,13,12,[4 6],14,116,128,102,105
1,<environment.Job instance at 0x7f900c6360f0>,4,18,[11  2],5,5,23,0,5
1,<environment.Job instance at 0x7f900c636320>,5,18,[2 5],6,6,24,0,6
1,<environment.Job instance at 0x7f900c6368c0>,7,13,[2 6],8,8,21,0,8
1,<environment.Job instance at 0x7f900c636190>,11,25,[ 5 13],12,24,49,12,20
1,<environment.Job instance at 0x7f900c636690>,12,12,[3 7],13,49,61,36,32
1,<environment.Job instance at 0x7f900c636460>,13,14,[4 7],14,49,63,35,34
1,<environment.Job instance at 0x7f900c7114b0>,14,13,[1 9],15,63,76,48,47
1,<environment.Job instance at 0x7f900c711280>,15,15,[6 4],16,61,76,45,47
1,<environment.Job instance at 0x7f900c711be0>,16,2,[12  2],17,76,78,59,49
1,<environment.Job instance at 0x7f900c711230>,17,14,[14  4],18,78,92,60,63
1,<environment.Job instance at 0x7f900c711eb0>,18,3,[12  4],19,92,95,73,66
1,<environment.Job instance at 0x7f900c7115a0>,19,16,[2 7],20,92,108,72,79
1,<environment.Job instance at 0x7f900ce64320>,9,20,[9 2],10,95,115,85,87
1,<environment.Job instance at 0x7f900c711af0>,27,17,[1 9],28,108,125,80,104
1,<environment.Job instance at 0x7f900c711d20>,28,16,[10  5],29,115,131,86,104
1,<environment.Job instance at 0x7f900cbd4960>,0,2,[ 1 11],1,1,3,0,1
1,<environment.Job instance at 0x7f900cbd4d70>,2,22,[8 3],3,3,25,0,3
1,<environment.Job instance at 0x7f900cbd4e10>,1,21,[5 8],2,3,24,1,3
1,<environment.Job instance at 0x7f900cbd4050>,4,1,[9 5],5,25,26,20,5
1,<environment.Job instance at 0x7f900d23da00>,5,3,[4 9],6,24,27,18,6
1,<environment.Job instance at 0x7f900d23d3c0>,11,3,[4 5],12,26,29,14,14
1,<environment.Job instance at 0x7f900d23d820>,13,18,[5 2],14,27,45,13,18
1,<environment.Job instance at 0x7f900d23d8c0>,6,22,[10  5],7,29,51,22,22
1,<environment.Job instance at 0x7f900d23db40>,15,1,[2 8],16,27,28,11,22
1,<environment.Job instance at 0x7f900d23db90>,10,20,[2 8],11,45,65,34,36
1,<environment.Job instance at 0x7f900d23d370>,16,27,[13  4],17,51,78,34,49
1,<environment.Job instance at 0x7f900cec4aa0>,18,13,[8 5],19,78,91,59,63
1,<environment.Job instance at 0x7f900d23dc30>,19,13,[3 8],20,78,91,58,64
1,<environment.Job instance at 0x7f900d23d6e0>,12,20,[5 1],13,91,111,78,82
1,<environment.Job instance at 0x7f900cec4eb0>,21,14,[3 8],22,91,105,69,82
1,<environment.Job instance at 0x7f900d23d5a0>,17,16,[5 8],18,105,121,87,92
1,<environment.Job instance at 0x7f900cf490f0>,1,1,[13  1],2,2,3,0,2
1,<environment.Job instance at 0x7f900cc8f9b0>,0,19,[6 4],1,3,22,2,2
1,<environment.Job instance at 0x7f900cec4500>,3,13,[ 3 10],4,4,17,0,4
1,<environment.Job instance at 0x7f900cc8f870>,4,3,[5 8],5,17,20,12,5
1,<environment.Job instance at 0x7f900cc8f0f0>,6,2,[8 4],7,20,22,13,7
1,<environment.Job instance at 0x7f900cc8fd70>,7,18,[ 4 10],8,22,40,14,14
1,<environment.Job instance at 0x7f901646eaf0>,16,15,[7 1],17,22,37,5,19
1,<environment.Job instance at 0x7f901646e320>,20,17,[9 4],21,37,54,16,25
1,<environment.Job instance at 0x7f900c7f2050>,24,12,[4 9],25,40,52,15,25
1,<environment.Job instance at 0x7f901646e230>,17,25,[8 2],18,54,79,36,50
1,<environment.Job instance at 0x7f900c7f23c0>,27,15,[3 8],28,52,67,24,50
1,<environment.Job instance at 0x7f900c7f2be0>,28,16,[3 9],29,67,83,38,56
1,<environment.Job instance at 0x7f900c7f20a0>,29,13,[7 3],30,79,92,49,63
1,<environment.Job instance at 0x7f900c7f2230>,30,13,[10  5],31,92,105,61,79
1,<environment.Job instance at 0x7f900c7f2e10>,26,19,[9 3],27,105,124,78,95
1,<environment.Job instance at 0x7f900c7f2d20>,32,12,[10  4],33,124,136,91,107
1,<environment.Job instance at 0x7f9016443eb0>,0,3,[ 4 10],1,2,5,1,2
1,<environment.Job instance at 0x7f9016443910>,1,12,[11  4],2,2,14,0,2
1,<environment.Job instance at 0x7f900d4b6b40>,5,18,[4 8],6,6,24,0,6
1,<environment.Job instance at 0x7f900d4b6af0>,6,12,[4 8],7,24,36,17,7
1,<environment.Job instance at 0x7f900d4b6d70>,7,15,[1 7],8,14,29,6,8
1,<environment.Job instance at 0x7f900d4b65f0>,11,28,[7 1],12,31,59,19,31
1,<environment.Job instance at 0x7f900d4c3550>,15,17,[6 5],16,36,53,20,31
1,<environment.Job instance at 0x7f900d4c3050>,14,16,[4 8],15,53,69,38,40
1,<environment.Job instance at 0x7f900d4c3690>,18,14,[5 9],19,69,83,50,54
1,<environment.Job instance at 0x7f900d4c3960>,20,12,[4 5],21,54,66,33,54
1,<environment.Job instance at 0x7f900d4c3b40>,22,14,[5 5],23,66,80,43,54
1,<environment.Job instance at 0x7f900d4c3aa0>,26,14,[ 5 10],27,83,97,56,68
1,<environment.Job instance at 0x7f900d4c38c0>,28,17,[8 2],29,80,97,51,69
1,<environment.Job instance at 0x7f900d353d70>,29,12,[8 4],30,97,109,67,80
1,<environment.Job instance at 0x7f900d353f50>,32,16,[3 8],33,97,113,64,84
1,<environment.Job instance at 0x7f900d353b40>,34,19,[7 5],35,109,128,74,99
1,<environment.Job instance at 0x7f900d3531e0>,35,17,[4 8],36,113,130,77,101
1,<environment.Job instance at 0x7f900d5002d0>,0,2,[2 8],1,1,3,0,1
1,<environment.Job instance at 0x7f900d5008c0>,1,13,[ 3 10],2,3,16,1,2
1,<environment.Job instance at 0x7f900d500d20>,3,3,[8 3],4,4,7,0,4
1,<environment.Job instance at 0x7f900c663e60>,4,14,[11  1],5,7,21,2,5
1,<environment.Job instance at 0x7f900c6634b0>,5,13,[2 9],6,16,29,10,6
1,<environment.Job instance at 0x7f900c663410>,6,3,[5 8],7,29,32,22,7
1,<environment.Job instance at 0x7f900c663280>,9,13,[9 5],10,21,34,11,10
1,<environment.Job instance at 0x7f900c663730>,14,15,[2 7],15,32,47,17,18
1,<environment.Job instance at 0x7f900c674eb0>,18,15,[4 9],19,47,62,28,33
1,<environment.Job instance at 0x7f900c674dc0>,19,13,[ 5 10],20,62,75,42,46
1,<environment.Job instance at 0x7f900c674d70>,21,17,[4 7],22,75,92,53,63
1,<environment.Job instance at 0x7f900c674190>,23,13,[5 5],24,63,76,39,63
1,<environment.Job instance at 0x7f900c674410>,28,12,[10  5],29,76,88,47,63
1,<environment.Job instance at 0x7f900c674780>,30,22,[5 5],31,88,110,57,81
1,<environment.Job instance at 0x7f900c674050>,31,16,[1 5],32,92,108,60,81
1,<environment.Job instance at 0x7f900c666050>,33,12,[3 9],34,108,120,74,91
1,<environment.Job instance at 0x7f900c674140>,34,14,[3 9],35,120,134,85,105
1,<environment.Job instance at 0x7f900c6667d0>,36,12,[3 6],37,110,122,73,105
1,<environment.Job instance at 0x7f9016438c30>,0,18,[3 9],1,1,19,0,1
1,<environment.Job instance at 0x7f9016438a50>,3,17,[10  4],4,4,21,0,4
1,<environment.Job instance at 0x7f9016438f00>,5,2,[8 5],6,21,23,15,6
1,<environment.Job instance at 0x7f90164388c0>,7,16,[2 9],8,19,35,11,8
1,<environment.Job instance at 0x7f900cd89eb0>,9,2,[5 7],10,35,37,25,10
1,<environment.Job instance at 0x7f900d27aaa0>,14,15,[10  3],15,23,38,8,17
1,<environment.Job instance at 0x7f900cd893c0>,10,23,[3 7],11,37,60,26,32
1,<environment.Job instance at 0x7f900d27a640>,18,23,[6 4],19,38,61,19,32
1,<environment.Job instance at 0x7f900d27a280>,19,2,[ 2 12],20,61,63,41,34
1,<environment.Job instance at 0x7f900cd89780>,12,12,[ 4 11],13,63,75,50,47
1,<environment.Job instance at 0x7f900d27a550>,21,13,[11  4],22,63,76,41,47
1,<environment.Job instance at 0x7f900d27a4b0>,23,15,[10  1],24,76,91,52,62
1,<environment.Job instance at 0x7f900d27a5f0>,17,20,[8 1],18,91,111,73,83
1,<environment.Job instance at 0x7f900d27a140>,25,18,[4 6],26,83,101,57,83
1,<environment.Job instance at 0x7f900d27ac80>,26,17,[6 2],27,101,118,74,89
1,<environment.Job instance at 0x7f900d27aa00>,28,13,[9 4],29,111,124,82,95
1,<environment.Job instance at 0x7f90163fa960>,31,15,[1 9],32,118,133,86,104
1,<environment.Job instance at 0x7f90163fa820>,32,13,[6 4],33,124,137,91,108
1,<environment.Job instance at 0x7f900da3ba00>,0,2,[8 5],1,1,3,0,1
1,<environment.Job instance at 0x7f900da3ba50>,2,1,[4 7],3,3,4,0,3
1,<environment.Job instance at 0x7f900dbc0730>,4,21,[10  5],5,5,26,0,5
1,<environment.Job instance at 0x7f900dbc0cd0>,7,16,[1 8],8,8,24,0,8
1,<environment.Job instance at 0x7f900dbc0c30>,8,12,[6 3],9,26,38,17,9
1,<environment.Job instance at 0x7f900dbbc820>,9,15,[5 2],10,24,39,14,10
1,<environment.Job instance at 0x7f900dbbc500>,15,13,[2 6],16,26,39,10,16
1,<environment.Job instance at 0x7f900dbbc690>,16,14,[7 5],17,38,52,21,27
1,<environment.Job instance at 0x7f900dbbc190>,14,18,[ 4 10],15,39,57,24,28
1,<environment.Job instance at 0x7f900dbbc410>,18,22,[5 4],19,52,74,33,45
1,<environment.Job instance at 0x7f900dbbc370>,19,18,[7 4],20,57,75,37,46
1,<environment.Job instance at 0x7f900dbc8dc0>,25,16,[5 1],26,74,90,48,61
1,<environment.Job instance at 0x7f900dbc8be0>,26,15,[2 9],27,74,89,47,61
1,<environment.Job instance at 0x7f900dbc8d20>,27,14,[3 8],28,89,103,61,74
1,<environment.Job instance at 0x7f900dbc81e0>,31,22,[1 5],32,75,97,43,74
1,<environment.Job instance at 0x7f900cb8e4b0>,39,12,[7 2],40,90,102,50,74
1,<environment.Job instance at 0x7f900cb8ef00>,40,21,[5 9],41,103,124,62,95
1,<environment.Job instance at 0x7f900cb8eeb0>,42,15,[9 5],43,102,117,59,95
1,<environment.Job instance at 0x7f900cb8e7d0>,43,21,[6 1],44,117,138,73,109
1,<environment.Job instance at 0x7f900cb8e410>,44,13,[7 2],45,124,137,79,109
1,<environment.Job instance at 0x7f900ce02050>,0,12,[7 4],1,1,13,0,1
1,<environment.Job instance at 0x7f900ce02370>,1,14,[3 9],2,2,16,0,2
1,<environment.Job instance at 0x7f900ce02280>,2,1,[3 6],3,13,14,10,4
1,<environment.Job instance at 0x7f900ce02140>,3,3,[5 3],4,14,17,10,4
1,<environment.Job instance at 0x7f900ce02e10>,4,15,[5 7],5,16,31,11,5
1,<environment.Job instance at 0x7f900ce02aa0>,5,3,[3 5],6,16,19,10,6
1,<environment.Job instance at 0x7f900d26f050>,8,13,[3 6],9,19,32,10,9
1,<environment.Job instance at 0x7f900d26f140>,13,2,[ 5 12],14,32,34,18,14
1,<environment.Job instance at 0x7f900d26fa00>,9,15,[13  4],10,34,49,24,20
1,<environment.Job instance at 0x7f900d26f640>,14,14,[4 8],15,49,63,34,34
1,<environment.Job instance at 0x7f900d26ff00>,17,14,[4 8],18,63,77,45,48
1,<environment.Job instance at 0x7f900d26f190>,18,18,[1 5],19,48,66,29,48
1,<environment.Job instance at 0x7f900cdf85f0>,24,15,[3 8],25,77,92,52,63
1,<environment.Job instance at 0x7f900cdf8d20>,25,14,[5 5],26,66,80,40,63
1,<environment.Job instance at 0x7f900d26f910>,15,17,[6 2],16,69,86,53,69
1,<environment.Job instance at 0x7f900cdf8dc0>,29,1,[13  2],30,92,93,62,72
1,<environment.Job instance at 0x7f900cdf8c80>,28,18,[9 5],29,93,111,64,82
1,<environment.Job instance at 0x7f900ce02500>,6,22,[1 8],7,92,114,85,85
1,<environment.Job instance at 0x7f900cdf80a0>,31,18,[7 1],32,111,129,79,101
1,<environment.Job instance at 0x7f900cdf80f0>,34,12,[2 7],35,114,126,79,101
1,<environment.Job instance at 0x7f900ca6e320>,7,14,[5 4],8,8,22,0,8
1,<environment.Job instance at 0x7f900ca6e3c0>,8,3,[10  3],9,9,12,0,9
1,<environment.Job instance at 0x7f900ca6e5f0>,10,12,[1 9],11,12,24,1,11
1,<environment.Job instance at 0x7f900ca6e460>,11,16,[5 4],12,22,38,10,12
1,<environment.Job instance at 0x7f900ca6e6e0>,14,13,[5 2],15,16,29,1,16
1,<environment.Job instance at 0x7f900ca6e870>,16,20,[6 2],17,29,49,12,20
1,<environment.Job instance at 0x7f900ca6eb40>,18,13,[5 7],19,38,51,19,22
1,<environment.Job instance at 0x7f900ca6edc0>,20,14,[5 5],21,49,63,28,34
1,<environment.Job instance at 0x7f900ca6ee60>,21,14,[8 3],22,51,65,29,36
1,<environment.Job instance at 0x7f900ca6eeb0>,23,14,[5 2],24,63,77,39,48
1,<environment.Job instance at 0x7f900ca6ed20>,24,13,[6 3],25,65,78,40,49
1,<environment.Job instance at 0x7f900ca5e190>,25,12,[4 9],26,65,77,39,49
1,<environment.Job instance at 0x7f900ca5e2d0>,27,16,[3 5],28,77,93,49,64
1,<environment.Job instance at 0x7f900ca5e370>,28,20,[10  5],29,78,98,49,73
1,<environment.Job instance at 0x7f900ca5e410>,29,18,[3 5],30,93,111,63,82
1,<environment.Job instance at 0x7f900ca5e4b0>,30,17,[2 9],31,98,115,67,86
1,<environment.Job instance at 0x7f900ca6e780>,12,17,[13  3],13,111,128,98,99
1,<environment.Job instance at 0x7f900ca5ea50>,38,1,[8 1],39,99,100,60,99
1,<environment.Job instance at 0x7f900ca5eaf0>,39,12,[2 6],40,115,127,75,99
1,<environment.Job instance at 0x7f900ca5eb90>,40,1,[11  3],41,128,129,87,100
1,<environment.Job instance at 0x7f070ce54410>,2,13,[10  1],3,3,16,0,3
1,<environment.Job instance at 0x7f070ce544b0>,3,17,[ 5 10],4,4,21,0,4
1,<environment.Job instance at 0x7f070ce54690>,4,1,[5 6],5,21,22,16,5
1,<environment.Job instance at 0x7f070ce54780>,5,12,[1 7],6,21,33,15,6
1,<environment.Job instance at 0x7f070ce54a00>,8,16,[1 8],9,22,38,13,10
1,<environment.Job instance at 0x7f070ce54a50>,10,12,[5 5],11,33,45,22,16
1,<environment.Job instance at 0x7f070ce54cd0>,14,18,[1 6],15,38,56,23,27
1,<environment.Job instance at 0x7f070ce54d70>,15,16,[11  5],16,45,61,29,32
1,<environment.Job instance at 0x7f070ce54f00>,18,12,[1 8],19,56,68,37,39
1,<environment.Job instance at 0x7f070ce56230>,20,14,[4 8],21,68,82,47,53
1,<environment.Job instance at 0x7f070ce56370>,22,21,[5 5],23,61,82,38,54
1,<environment.Job instance at 0x7f070ce56550>,25,16,[9 2],26,82,98,56,69
1,<environment.Job instance at 0x7f070ce54aa0>,9,16,[ 4 11],10,82,98,72,70
1,<environment.Job instance at 0x7f070ce565f0>,26,16,[9 1],27,98,114,71,85
1,<environment.Job instance at 0x7f070ce56780>,29,18,[5 1],30,98,116,68,97
1,<environment.Job instance at 0x7f070ce56a00>,33,14,[5 7],34,114,128,80,99
1,<environment.Job instance at 0x7f070ce54b40>,11,21,[5 5],12,114,135,102,109
1,<environment.Job instance at 0x7f070ce56c80>,37,13,[7 1],38,128,141,90,112
1,<environment.Job instance at 0x7f070ce56cd0>,2,1,[ 1 14],3,3,4,0,3
1,<environment.Job instance at 0x7f070d5086e0>,3,15,[2 7],4,4,19,0,4
1,<environment.Job instance at 0x7f070d508780>,4,13,[5 5],5,5,18,0,5
1,<environment.Job instance at 0x7f070d5083c0>,5,12,[5 1],6,6,18,0,6
1,<environment.Job instance at 0x7f070d5080f0>,6,13,[4 6],7,18,31,11,7
1,<environment.Job instance at 0x7f070d5089b0>,8,17,[4 5],9,19,36,10,9
1,<environment.Job instance at 0x7f070d508c80>,13,13,[3 7],14,31,44,17,16
1,<environment.Job instance at 0x7f070c9d03c0>,15,15,[3 5],16,36,51,20,22
1,<environment.Job instance at 0x7f070c51cb40>,18,18,[7 1],19,32,50,13,32
1,<environment.Job instance at 0x7f070d508d20>,14,12,[14  1],15,51,63,36,38
1,<environment.Job instance at 0x7f070c5a2d70>,23,20,[6 3],24,63,83,39,54
1,<environment.Job instance at 0x7f070c88daa0>,26,19,[8 2],27,63,82,36,54
1,<environment.Job instance at 0x7f070c863820>,27,22,[1 7],28,55,77,27,55
1,<environment.Job instance at 0x7f070c9a3780>,32,18,[2 5],33,82,100,49,71
1,<environment.Job instance at 0x7f070c9a3370>,34,12,[8 2],35,83,95,48,71
1,<environment.Job instance at 0x7f070c953b90>,36,16,[8 5],37,95,111,58,82
1,<environment.Job instance at 0x7f070c9530a0>,37,17,[8 4],38,111,128,73,99
1,<environment.Job instance at 0x7f070c9535a0>,38,14,[8 4],39,128,142,89,113
1,<environment.Job instance at 0x7f070c9165a0>,45,15,[4 8],46,117,132,71,117
1,<environment.Job instance at 0x7f070c94e500>,48,15,[2 5],49,132,147,83,118
1,<environment.Job instance at 0x7f070c5090f0>,0,13,[7 5],1,1,14,0,1
1,<environment.Job instance at 0x7f070c509b40>,1,15,[2 8],2,2,17,0,2
1,<environment.Job instance at 0x7f070c509c30>,2,2,[11  4],3,14,16,11,3
1,<environment.Job instance at 0x7f070c507a00>,3,21,[1 9],4,17,38,13,9
1,<environment.Job instance at 0x7f070c507280>,7,21,[3 6],8,16,37,8,13
1,<environment.Job instance at 0x7f070c509780>,4,26,[1 9],5,38,64,33,35
1,<environment.Job instance at 0x7f070c507320>,12,1,[5 9],13,64,65,51,36
1,<environment.Job instance at 0x7f070c5073c0>,13,16,[5 6],14,37,53,23,36
1,<environment.Job instance at 0x7f070c507190>,11,14,[11  3],12,65,79,53,50
1,<environment.Job instance at 0x7f070c507cd0>,15,13,[2 7],16,65,78,49,50
1,<environment.Job instance at 0x7f070c507c80>,16,15,[5 4],17,79,94,62,65
1,<environment.Job instance at 0x7f070c507d70>,14,13,[3 9],15,78,91,63,65
1,<environment.Job instance at 0x7f070c507500>,10,18,[2 6],11,91,109,80,80
1,<environment.Job instance at 0x7f070c507d20>,20,3,[5 2],21,80,83,59,80
1,<environment.Job instance at 0x7f070c4f9370>,21,16,[7 2],22,83,99,61,80
1,<environment.Job instance at 0x7f070c507fa0>,17,15,[12  3],18,99,114,81,85
1,<environment.Job instance at 0x7f070c5074b0>,18,17,[8 3],19,114,131,95,102
1,<environment.Job instance at 0x7f070c4f9730>,24,2,[6 1],25,114,116,89,102
1,<environment.Job instance at 0x7f070c4f9c30>,25,3,[ 3 10],26,109,112,83,102
1,<environment.Job instance at 0x7f070c4f9460>,26,1,[3 7],27,112,113,85,102
1,<environment.Job instance at 0x7f070c4f9f50>,28,14,[10  4],29,131,145,102,116
1,<environment.Job instance at 0x7f070c4f9190>,29,12,[4 6],30,116,128,86,116
1,<environment.Job instance at 0x7f070c4f9dc0>,30,14,[4 9],31,128,142,97,116
1,<environment.Job instance at 0x7f070c4f9870>,31,1,[7 4],32,145,146,113,117
1,<environment.Job instance at 0x7f070cadcaf0>,0,1,[4 8],1,2,3,1,2
1,<environment.Job instance at 0x7f070cadc730>,3,3,[1 5],4,4,7,0,4
1,<environment.Job instance at 0x7f070ce594b0>,4,20,[10  5],5,5,25,0,5
1,<environment.Job instance at 0x7f070ce59050>,5,1,[14  2],6,25,26,19,7
1,<environment.Job instance at 0x7f070cab45a0>,8,2,[8 5],9,26,28,17,9
1,<environment.Job instance at 0x7f070cab4cd0>,9,2,[5 3],10,10,12,0,10
1,<environment.Job instance at 0x7f070d262e10>,11,1,[7 2],12,26,27,14,12
1,<environment.Job instance at 0x7f070c9f5e60>,12,12,[5 4],13,13,25,0,13
1,<environment.Job instance at 0x7f070ce59190>,6,12,[2 8],7,27,39,20,13
1,<environment.Job instance at 0x7f070c987640>,14,16,[4 6],15,28,44,13,15
1,<environment.Job instance at 0x7f070c9877d0>,15,3,[ 3 11],16,44,47,28,18
1,<environment.Job instance at 0x7f070c8639b0>,24,17,[6 2],25,39,56,14,27
1,<environment.Job instance at 0x7f070c88d8c0>,26,3,[4 9],27,47,50,20,27
1,<environment.Job instance at 0x7f070c5de730>,30,17,[1 9],31,50,67,19,38
1,<environment.Job instance at 0x7f070c97d7d0>,31,22,[1 6],32,56,78,24,49
1,<environment.Job instance at 0x7f070c8f9410>,33,12,[1 6],34,67,79,33,50
1,<environment.Job instance at 0x7f070caac870>,35,18,[3 6],36,78,96,42,67
1,<environment.Job instance at 0x7f070caac0a0>,36,17,[2 5],37,79,96,42,67
1,<environment.Job instance at 0x7f070c904eb0>,40,20,[ 2 10],41,96,116,55,87
1,<environment.Job instance at 0x7f070c5d02d0>,44,3,[8 2],45,87,90,42,87
1,<environment.Job instance at 0x7f070c5d01e0>,45,12,[ 5 10],46,116,128,70,99
1,<environment.Job instance at 0x7f070c542e60>,48,19,[5 3],49,99,118,50,99
1,<environment.Job instance at 0x7f070c542780>,50,22,[8 1],51,118,140,67,111
1,<environment.Job instance at 0x7f070c542690>,51,19,[6 2],52,128,147,76,118
1,<environment.Job instance at 0x7f070c802910>,1,18,[1 8],2,2,20,0,2
1,<environment.Job instance at 0x7f070c802640>,2,15,[5 2],3,3,18,0,3
1,<environment.Job instance at 0x7f070c824fa0>,4,15,[1 7],5,18,33,13,5
1,<environment.Job instance at 0x7f070c824730>,5,13,[5 2],6,20,33,14,6
1,<environment.Job instance at 0x7f070c8244b0>,7,2,[10  5],8,33,35,25,8
1,<environment.Job instance at 0x7f070c81ebe0>,11,15,[5 3],12,20,35,8,12
1,<environment.Job instance at 0x7f070c8243c0>,9,16,[9 4],10,35,51,25,22
1,<environment.Job instance at 0x7f070c824910>,8,18,[1 7],9,35,53,26,26
1,<environment.Job instance at 0x7f070c81e2d0>,14,13,[13  1],15,51,64,36,35
1,<environment.Job instance at 0x7f070c81ec30>,17,14,[9 2],18,64,78,46,49
1,<environment.Job instance at 0x7f070c81eeb0>,19,1,[10  1],20,78,79,58,50
1,<environment.Job instance at 0x7f070c81ee10>,16,17,[5 8],17,65,82,48,65
1,<environment.Job instance at 0x7f070c7f8140>,22,13,[8 5],23,79,92,56,65
1,<environment.Job instance at 0x7f070c7f8f50>,27,17,[7 3],28,82,99,54,70
1,<environment.Job instance at 0x7f070c830d70>,31,17,[7 2],32,92,109,60,80
1,<environment.Job instance at 0x7f070c81e500>,10,14,[8 3],11,99,113,88,84
1,<environment.Job instance at 0x7f070c81e7d0>,20,17,[7 2],21,109,126,88,98
1,<environment.Job instance at 0x7f070c830f50>,32,13,[6 3],33,113,126,80,102
1,<environment.Job instance at 0x7f070c40eaf0>,38,17,[5 7],39,126,143,87,115
1,<environment.Job instance at 0x7f070c4960a0>,0,22,[4 5],1,1,23,0,1
1,<environment.Job instance at 0x7f070c40e050>,1,3,[ 4 12],2,23,26,21,2
1,<environment.Job instance at 0x7f070c4965a0>,2,3,[2 9],3,3,6,0,3
1,<environment.Job instance at 0x7f070c496aa0>,3,12,[5 8],4,6,18,2,4
1,<environment.Job instance at 0x7f070c4388c0>,9,3,[8 1],10,18,21,8,10
1,<environment.Job instance at 0x7f070c496730>,5,13,[10  3],6,21,34,15,11
1,<environment.Job instance at 0x7f070c438aa0>,7,15,[3 8],8,26,41,18,14
1,<environment.Job instance at 0x7f070c438eb0>,14,15,[9 5],15,34,49,19,20
1,<environment.Job instance at 0x7f070c438190>,17,12,[3 8],18,41,53,23,24
1,<environment.Job instance at 0x7f070c4381e0>,19,19,[7 3],20,49,68,29,39
1,<environment.Job instance at 0x7f070c4340a0>,22,17,[ 3 10],23,53,70,30,41
1,<environment.Job instance at 0x7f070c438f50>,11,14,[8 1],12,68,82,56,56
1,<environment.Job instance at 0x7f070c496b90>,4,14,[3 6],5,70,84,65,59
1,<environment.Job instance at 0x7f070c4380a0>,10,18,[1 6],11,70,88,59,61
1,<environment.Job instance at 0x7f070c4341e0>,27,12,[ 1 10],28,88,100,60,71
1,<environment.Job instance at 0x7f070c4346e0>,26,12,[1 8],27,100,112,73,83
1,<environment.Job instance at 0x7f070c434f00>,30,16,[11  4],31,84,100,53,83
1,<environment.Job instance at 0x7f070c434140>,29,16,[8 3],30,100,116,70,87
1,<environment.Job instance at 0x7f070c4345f0>,32,1,[ 4 14],33,116,117,83,88
1,<environment.Job instance at 0x7f070c434730>,33,1,[2 5],34,112,113,78,88
1,<environment.Job instance at 0x7f070c4343c0>,31,17,[4 8],32,117,134,85,105
1,<environment.Job instance at 0x7f070c4727d0>,41,18,[2 6],42,117,135,75,106
1,<environment.Job instance at 0x7f070d4e61e0>,1,1,[7 5],2,2,3,0,2
1,<environment.Job instance at 0x7f070ce280f0>,2,3,[9 4],3,3,6,0,3
1,<environment.Job instance at 0x7f070ce28280>,0,1,[6 1],1,3,4,2,3
1,<environment.Job instance at 0x7f070ce28f50>,3,14,[ 1 10],4,4,18,0,4
1,<environment.Job instance at 0x7f070c893230>,4,2,[5 8],5,18,20,13,5
1,<environment.Job instance at 0x7f070c8933c0>,6,15,[14  1],7,20,35,13,8
1,<environment.Job instance at 0x7f070c893d20>,10,1,[1 9],11,20,21,9,11
1,<environment.Job instance at 0x7f070c893d70>,11,14,[3 7],12,35,49,23,21
1,<environment.Job instance at 0x7f070c893370>,9,3,[ 3 11],10,49,52,39,28
1,<environment.Job instance at 0x7f070c893b90>,5,21,[1 9],6,52,73,46,44
1,<environment.Job instance at 0x7f070c8934b0>,15,12,[4 6],16,52,64,36,44
1,<environment.Job instance at 0x7f070c893f00>,16,17,[6 1],17,64,81,47,54
1,<environment.Job instance at 0x7f070c893fa0>,17,13,[9 2],18,73,86,55,58
1,<environment.Job instance at 0x7f070c8935f0>,18,1,[ 4 14],19,86,87,67,58
1,<environment.Job instance at 0x7f070c8931e0>,12,14,[ 4 14],13,87,101,74,72
1,<environment.Job instance at 0x7f070ce1f050>,20,12,[7 3],21,101,113,80,84
1,<environment.Job instance at 0x7f070ce1fb40>,21,13,[8 4],22,101,114,79,85
1,<environment.Job instance at 0x7f070ce1faa0>,22,21,[5 3],23,113,134,90,105
1,<environment.Job instance at 0x7f070ce1fc30>,23,24,[7 3],24,114,138,90,110
1,<environment.Job instance at 0x7f070d543140>,1,15,[ 3 10],2,2,17,0,2
1,<environment.Job instance at 0x7f070ce1f7d0>,2,26,[6 2],3,3,29,0,3
1,<environment.Job instance at 0x7f070ca9fe60>,3,2,[ 4 14],4,29,31,25,4
1,<environment.Job instance at 0x7f070ca98c30>,4,21,[5 3],5,5,26,0,5
1,<environment.Job instance at 0x7f070ca98500>,5,2,[5 8],6,26,28,20,6
1,<environment.Job instance at 0x7f070ca98960>,6,1,[ 4 10],7,17,18,10,7
1,<environment.Job instance at 0x7f070ca98320>,10,15,[2 8],11,31,46,20,17
1,<environment.Job instance at 0x7f070ca98780>,14,20,[5 5],15,31,51,16,22
1,<environment.Job instance at 0x7f070cb0c0f0>,16,14,[2 7],17,46,60,29,31
1,<environment.Job instance at 0x7f070d890370>,17,12,[9 3],18,51,63,33,34
1,<environment.Job instance at 0x7f070cafa7d0>,18,14,[8 2],19,34,48,15,34
1,<environment.Job instance at 0x7f070d53f6e0>,22,15,[10  5],23,63,78,40,49
1,<environment.Job instance at 0x7f070d549d70>,24,15,[3 5],25,51,66,26,49
1,<environment.Job instance at 0x7f070caadb90>,27,17,[10  3],28,78,95,50,66
1,<environment.Job instance at 0x7f070d7e5af0>,0,28,[ 1 10],1,66,94,65,66
1,<environment.Job instance at 0x7f070d527fa0>,32,18,[2 9],33,94,112,61,83
1,<environment.Job instance at 0x7f070d5270a0>,33,15,[3 9],34,112,127,78,98
1,<environment.Job instance at 0x7f070d611460>,39,21,[5 2],40,98,119,58,98
1,<environment.Job instance at 0x7f070d465d20>,42,19,[2 5],43,119,138,76,109
1,<environment.Job instance at 0x7f070d5e72d0>,43,12,[1 7],44,127,139,83,110
1,<environment.Job instance at 0x7f070d856cd0>,0,13,[9 5],1,1,14,0,1
1,<environment.Job instance at 0x7f070d874dc0>,1,3,[4 7],2,2,5,0,2
1,<environment.Job instance at 0x7f070d856730>,2,16,[5 6],3,5,21,2,3
1,<environment.Job instance at 0x7f070d5e72d0>,4,12,[6 2],5,14,26,9,5
1,<environment.Job instance at 0x7f070d856a00>,5,16,[4 5],6,14,30,8,6
1,<environment.Job instance at 0x7f070d856be0>,7,3,[9 5],8,26,29,18,8
1,<environment.Job instance at 0x7f070d856410>,8,2,[13  3],9,30,32,21,9
1,<environment.Job instance at 0x7f070d856140>,11,13,[6 1],12,32,45,20,16
1,<environment.Job instance at 0x7f070cebac80>,13,3,[4 6],14,21,24,7,16
1,<environment.Job instance at 0x7f070ceba960>,17,18,[5 3],18,32,50,14,21
1,<environment.Job instance at 0x7f070ceba2d0>,12,24,[1 7],13,29,53,16,24
1,<environment.Job instance at 0x7f070cebad70>,18,16,[9 4],19,45,61,26,32
1,<environment.Job instance at 0x7f070cebaaf0>,20,19,[5 3],21,50,69,29,40
1,<environment.Job instance at 0x7f070cebaf00>,22,16,[8 5],23,61,77,38,48
1,<environment.Job instance at 0x7f070ceba370>,23,3,[4 5],24,69,72,45,48
1,<environment.Job instance at 0x7f070ceba4b0>,25,2,[6 2],26,72,74,46,48
1,<environment.Job instance at 0x7f070cebab40>,26,17,[5 4],27,74,91,47,62
1,<environment.Job instance at 0x7f070ceba3c0>,27,20,[ 2 10],28,77,97,49,68
1,<environment.Job instance at 0x7f070d855640>,33,18,[7 3],34,91,109,57,80
1,<environment.Job instance at 0x7f070d855c30>,36,12,[3 6],37,97,109,60,81
1,<environment.Job instance at 0x7f070d855a50>,37,17,[10  1],38,109,126,71,98
1,<environment.Job instance at 0x7f070d855d20>,38,17,[5 3],39,98,115,59,98
1,<environment.Job instance at 0x7f070d8554b0>,39,21,[1 8],40,115,136,75,107
1,<environment.Job instance at 0x7f070d855190>,40,20,[5 6],41,126,146,85,117
1,<environment.Job instance at 0x7f070d855460>,41,2,[8 2],42,136,138,94,117
1,<environment.Job instance at 0x7f070cebc9b0>,5,3,[7 3],6,6,9,0,6
1,<environment.Job instance at 0x7f070cebc4b0>,6,17,[7 3],7,7,24,0,7
1,<environment.Job instance at 0x7f070d047550>,7,19,[2 8],8,9,28,1,8
1,<environment.Job instance at 0x7f070d047a50>,8,1,[10  5],9,24,25,15,9
1,<environment.Job instance at 0x7f070d48ea50>,9,3,[3 6],10,25,28,15,10
1,<environment.Job instance at 0x7f070cebc690>,11,3,[3 7],12,28,31,16,13
1,<environment.Job instance at 0x7f070d464050>,17,20,[6 2],18,28,48,10,19
1,<environment.Job instance at 0x7f070d464960>,19,21,[5 4],20,28,49,8,20
1,<environment.Job instance at 0x7f070ceae870>,25,17,[9 3],26,48,65,22,36
1,<environment.Job instance at 0x7f070d466230>,29,13,[5 7],30,49,62,19,36
1,<environment.Job instance at 0x7f070d48e7d0>,12,19,[4 6],13,62,81,49,52
1,<environment.Job instance at 0x7f070d48e730>,10,17,[10  2],11,65,82,54,53
1,<environment.Job instance at 0x7f070c94bd70>,32,2,[5 3],33,81,83,48,54
1,<environment.Job instance at 0x7f070d853370>,33,12,[4 6],34,82,94,48,65
1,<environment.Job instance at 0x7f070d035d70>,34,16,[5 6],35,82,98,47,69
1,<environment.Job instance at 0x7f070d0665f0>,35,12,[5 9],36,94,106,58,77
1,<environment.Job instance at 0x7f070d46ecd0>,36,16,[5 5],37,98,114,61,85
1,<environment.Job instance at 0x7f070c9435f0>,37,16,[1 6],38,106,122,68,93
1,<environment.Job instance at 0x7f070d46ef00>,38,3,[9 3],39,106,109,67,93
1,<environment.Job instance at 0x7f070d066870>,39,14,[9 2],40,109,123,69,94
1,<environment.Job instance at 0x7f070d891b40>,41,1,[4 5],42,114,115,72,94
1,<environment.Job instance at 0x7f070d891460>,42,13,[13  2],43,123,136,80,107
1,<environment.Job instance at 0x7f070c7ce460>,3,18,[7 5],4,4,22,0,4
1,<environment.Job instance at 0x7f070c7ce730>,4,14,[5 5],5,5,19,0,5
1,<environment.Job instance at 0x7f070c7cec30>,5,15,[10  3],6,22,37,16,8
1,<environment.Job instance at 0x7f070c7cee10>,9,16,[5 9],10,19,35,9,10
1,<environment.Job instance at 0x7f070c7ce190>,17,13,[2 6],18,35,48,17,21
1,<environment.Job instance at 0x7f070c7ce140>,15,18,[2 5],16,35,53,19,26
1,<environment.Job instance at 0x7f070d58c370>,22,12,[3 7],23,48,60,25,31
1,<environment.Job instance at 0x7f070d58c500>,23,14,[4 7],24,53,67,29,38
1,<environment.Job instance at 0x7f070c7ce1e0>,19,20,[9 2],20,60,80,40,51
1,<environment.Job instance at 0x7f070d58c6e0>,26,2,[12  2],27,80,82,53,53
1,<environment.Job instance at 0x7f070d58c820>,24,13,[1 9],25,67,80,42,58
1,<environment.Job instance at 0x7f070d58ceb0>,28,3,[12  4],29,82,85,53,58
1,<environment.Job instance at 0x7f070d58cbe0>,25,15,[6 4],26,85,100,59,71
1,<environment.Job instance at 0x7f070d58c410>,29,16,[2 7],30,80,96,50,73
1,<environment.Job instance at 0x7f070d58c0f0>,27,14,[14  4],28,100,114,72,86
1,<environment.Job instance at 0x7f070d58c550>,37,17,[1 9],38,96,113,58,95
1,<environment.Job instance at 0x7f070c694f50>,38,16,[10  5],39,114,130,75,101
1,<environment.Job instance at 0x7f070c694aa0>,44,20,[1 7],45,113,133,68,106
1,<environment.Job instance at 0x7f070c694780>,49,17,[8 2],50,130,147,80,118
1,<environment.Job instance at 0x7f070c766dc0>,0,2,[ 1 11],1,1,3,0,1
1,<environment.Job instance at 0x7f070c7665f0>,3,16,[7 4],4,4,20,0,4
1,<environment.Job instance at 0x7f070c766f50>,1,21,[5 8],2,6,27,4,6
1,<environment.Job instance at 0x7f070c766910>,5,3,[4 9],6,27,30,21,6
1,<environment.Job instance at 0x7f070c766eb0>,11,3,[4 5],12,20,23,8,13
1,<environment.Job instance at 0x7f070c766f00>,12,20,[5 1],13,20,40,7,14
1,<environment.Job instance at 0x7f070c766d70>,13,18,[5 2],14,23,41,9,17
1,<environment.Job instance at 0x7f070c766a50>,15,1,[2 8],16,30,31,14,17
1,<environment.Job instance at 0x7f070c766cd0>,10,20,[2 8],11,31,51,20,29
1,<environment.Job instance at 0x7f070c766960>,17,16,[5 8],18,51,67,33,38
1,<environment.Job instance at 0x7f070c766a00>,18,13,[8 5],19,40,53,21,38
1,<environment.Job instance at 0x7f070c2b67d0>,19,13,[3 8],20,67,80,47,52
1,<environment.Job instance at 0x7f070c2b6be0>,21,14,[3 8],22,80,94,58,65
1,<environment.Job instance at 0x7f070c2b6550>,22,16,[8 5],23,65,81,42,65
1,<environment.Job instance at 0x7f070c2b6d70>,27,18,[4 9],28,94,112,66,84
1,<environment.Job instance at 0x7f070c2b6820>,29,16,[5 8],30,112,128,82,99
1,<environment.Job instance at 0x7f070c2b6780>,35,14,[5 8],36,128,142,92,113
1,<environment.Job instance at 0x7f070c2b6410>,40,14,[5 6],41,113,127,72,113
1,<environment.Job instance at 0x7f070c2b5370>,42,17,[9 4],43,127,144,84,115
1,<environment.Job instance at 0x7f070d562500>,3,2,[8 4],4,4,6,0,4
1,<environment.Job instance at 0x7f070d562cd0>,6,15,[7 1],7,7,22,0,7
1,<environment.Job instance at 0x7f070d562d20>,10,17,[9 4],11,22,39,11,11
1,<environment.Job instance at 0x7f070d562aa0>,12,2,[2 5],13,13,15,0,13
1,<environment.Job instance at 0x7f070d562a50>,14,12,[4 9],15,15,27,0,15
1,<environment.Job instance at 0x7f070d562c30>,15,14,[ 4 10],16,27,41,11,16
1,<environment.Job instance at 0x7f070d562780>,19,13,[7 3],20,39,52,19,24
1,<environment.Job instance at 0x7f070c2b5230>,17,15,[3 8],18,41,56,23,27
1,<environment.Job instance at 0x7f070d562a00>,22,12,[10  4],23,52,64,29,35
1,<environment.Job instance at 0x7f070d5625a0>,23,14,[10  3],24,64,78,40,49
1,<environment.Job instance at 0x7f070d562550>,25,15,[8 5],26,78,93,52,64
1,<environment.Job instance at 0x7f070d898a50>,26,15,[5 7],27,64,79,37,64
1,<environment.Job instance at 0x7f070d8986e0>,27,13,[3 5],28,79,92,51,64
1,<environment.Job instance at 0x7f070d8980a0>,29,16,[8 3],30,93,109,63,80
1,<environment.Job instance at 0x7f070d898af0>,31,18,[5 1],32,92,110,60,81
1,<environment.Job instance at 0x7f070d898dc0>,33,15,[8 5],34,109,124,75,95
1,<environment.Job instance at 0x7f070d898be0>,37,13,[1 9],38,95,108,57,95
1,<environment.Job instance at 0x7f070d8980f0>,39,19,[5 9],40,110,129,70,100
1,<environment.Job instance at 0x7f070d8982d0>,42,13,[7 5],43,124,137,81,108
1,<environment.Job instance at 0x7f070d898500>,44,17,[2 6],45,129,146,84,117
1,<environment.Job instance at 0x7f070cf1c690>,0,12,[4 5],1,1,13,0,1
1,<environment.Job instance at 0x7f070d8981e0>,1,2,[12  4],2,13,15,11,2
1,<environment.Job instance at 0x7f070cf1cbe0>,2,14,[5 5],3,15,29,12,3
1,<environment.Job instance at 0x7f070c306320>,3,22,[ 2 10],4,4,26,0,4
1,<environment.Job instance at 0x7f070c96d0f0>,5,2,[ 4 10],6,26,28,20,6
1,<environment.Job instance at 0x7f070c306f00>,6,14,[ 5 10],7,28,42,21,14
1,<environment.Job instance at 0x7f070c306910>,8,17,[8 2],9,29,46,20,17
1,<environment.Job instance at 0x7f070c306960>,12,16,[3 8],13,42,58,29,29
1,<environment.Job instance at 0x7f070d2f58c0>,14,19,[7 5],15,46,65,31,36
1,<environment.Job instance at 0x7f070c3065a0>,9,12,[8 4],10,58,70,48,41
1,<environment.Job instance at 0x7f070d2f5780>,15,17,[4 8],16,65,82,49,53
1,<environment.Job instance at 0x7f070d2f5820>,16,15,[8 3],17,70,85,53,56
1,<environment.Job instance at 0x7f070c45a230>,21,12,[1 6],22,82,94,60,66
1,<environment.Job instance at 0x7f070c45a8c0>,22,2,[10  1],23,85,87,62,66
1,<environment.Job instance at 0x7f070c45a1e0>,24,16,[4 7],25,85,101,60,73
1,<environment.Job instance at 0x7f070c632c30>,31,14,[7 5],32,94,108,62,79
1,<environment.Job instance at 0x7f070c6320a0>,37,15,[7 4],38,101,116,63,87
1,<environment.Job instance at 0x7f070d177f00>,42,15,[5 6],43,108,123,65,95
1,<environment.Job instance at 0x7f070c17a7d0>,44,17,[7 3],45,116,133,71,104
1,<environment.Job instance at 0x7f070c17af00>,46,17,[8 5],47,123,140,76,111
1,<environment.Job instance at 0x7f070d81bf50>,0,22,[5 5],1,1,23,0,1
1,<environment.Job instance at 0x7f070d81b5f0>,1,16,[1 5],2,2,18,0,2
1,<environment.Job instance at 0x7f070d81bf00>,3,12,[3 9],4,18,30,14,4
1,<environment.Job instance at 0x7f070d81b1e0>,8,14,[2 8],9,30,44,21,15
1,<environment.Job instance at 0x7f070d81b280>,9,25,[6 2],10,23,48,13,19
1,<environment.Job instance at 0x7f070d81bfa0>,4,14,[3 9],5,44,58,39,30
1,<environment.Job instance at 0x7f070cc90f50>,10,15,[8 2],11,48,63,37,34
1,<environment.Job instance at 0x7f070cc90960>,11,13,[ 3 11],12,58,71,46,42
1,<environment.Job instance at 0x7f070cc90460>,13,3,[10  2],14,63,66,49,42
1,<environment.Job instance at 0x7f070d81b780>,7,17,[7 3],8,66,83,58,54
1,<environment.Job instance at 0x7f070cc90d20>,17,15,[8 4],18,71,86,53,63
1,<environment.Job instance at 0x7f070cc90690>,18,12,[9 4],19,86,98,67,69
1,<environment.Job instance at 0x7f070d81b460>,6,12,[3 6],7,83,95,76,69
1,<environment.Job instance at 0x7f070cc90640>,19,18,[1 7],20,95,113,75,84
1,<environment.Job instance at 0x7f070cc90410>,21,12,[7 1],22,98,110,76,84
1,<environment.Job instance at 0x7f070c33de60>,22,21,[7 5],23,98,119,75,93
1,<environment.Job instance at 0x7f070c33d9b0>,30,21,[5 8],31,113,134,82,105
1,<environment.Job instance at 0x7f070c33d4b0>,31,16,[2 5],32,119,135,87,106
1,<environment.Job instance at 0x7f070c33d960>,34,14,[9 3],35,134,148,99,119
1,<environment.Job instance at 0x7f070c777b90>,0,2,[ 1 11],1,1,3,0,1
1,<environment.Job instance at 0x7f070c33d960>,2,20,[8 5],3,3,23,0,3
1,<environment.Job instance at 0x7f070c69f780>,3,19,[6 5],4,4,23,0,4
1,<environment.Job instance at 0x7f070c69fe10>,5,12,[6 2],6,23,35,17,6
1,<environment.Job instance at 0x7f070cd99050>,11,1,[9 1],12,23,24,11,12
1,<environment.Job instance at 0x7f070cd99960>,14,15,[1 8],15,24,39,9,15
1,<environment.Job instance at 0x7f070cd99910>,19,18,[7 2],20,24,42,4,21
1,<environment.Job instance at 0x7f070c679690>,22,14,[ 1 10],23,39,53,16,24
1,<environment.Job instance at 0x7f070c6793c0>,24,20,[5 4],25,42,62,17,33
1,<environment.Job instance at 0x7f070c40e5a0>,30,18,[3 7],31,53,71,22,44
1,<environment.Job instance at 0x7f070c40e780>,32,20,[3 5],33,62,82,29,55
1,<environment.Job instance at 0x7f070d29a870>,35,15,[8 4],36,71,86,35,58
1,<environment.Job instance at 0x7f070cd99190>,9,25,[13  4],10,86,111,76,82
1,<environment.Job instance at 0x7f070d29acd0>,37,15,[ 1 14],38,111,126,73,97
1,<environment.Job instance at 0x7f070d29a960>,38,15,[ 5 14],39,126,141,87,113
1,<environment.Job instance at 0x7f070c4e8a50>,0,18,[5 3],1,1,19,0,1
1,<environment.Job instance at 0x7f070ce33820>,3,15,[2 5],4,4,19,0,4
1,<environment.Job instance at 0x7f070ce333c0>,4,3,[2 9],5,19,22,14,5
1,<environment.Job instance at 0x7f070ce52190>,10,12,[1 9],11,22,34,11,11
1,<environment.Job instance at 0x7f070ce52500>,11,18,[11  3],12,19,37,7,12
1,<environment.Job instance at 0x7f070cff9b40>,22,12,[5 5],23,37,49,14,25
1,<environment.Job instance at 0x7f070cff9690>,13,16,[6 3],14,37,53,23,26
1,<environment.Job instance at 0x7f070cff9a50>,21,1,[5 2],22,49,50,27,27
1,<environment.Job instance at 0x7f070cff9dc0>,26,15,[4 7],27,34,49,7,27
1,<environment.Job instance at 0x7f070cff9fa0>,27,3,[8 4],28,50,53,22,29
1,<environment.Job instance at 0x7f070cff9a00>,25,13,[2 7],26,53,66,27,37
1,<environment.Job instance at 0x7f070ce3c280>,29,13,[2 5],30,53,66,23,37
1,<environment.Job instance at 0x7f070ce3c190>,30,18,[1 7],31,66,84,35,55
1,<environment.Job instance at 0x7f070ce3ca00>,40,18,[6 5],41,66,84,25,55
1,<environment.Job instance at 0x7f070ce3c7d0>,41,14,[8 4],42,84,98,42,69
1,<environment.Job instance at 0x7f070ce3c6e0>,42,15,[4 7],43,84,99,41,70
1,<environment.Job instance at 0x7f070ce3caf0>,43,18,[2 9],44,99,117,55,88
1,<environment.Job instance at 0x7f070ce3c370>,32,19,[5 5],33,98,117,65,93
1,<environment.Job instance at 0x7f070ce3cc80>,50,12,[1 8],51,117,129,66,108
1,<environment.Job instance at 0x7f070ce54190>,56,17,[7 3],57,117,134,60,108
1,<environment.Job instance at 0x7f070ce54640>,57,15,[2 5],58,129,144,71,115
1,<environment.Job instance at 0x7f070ce540f0>,59,18,[5 5],60,129,147,69,118
1,<environment.Job instance at 0x7f070ce54820>,60,12,[7 4],61,134,146,73,118
1,<environment.Job instance at 0x7f070c92a190>,0,24,[3 7],1,2,26,1,2
1,<environment.Job instance at 0x7f070ccbb230>,1,2,[3 6],2,2,4,0,2
1,<environment.Job instance at 0x7f070c284190>,4,13,[10  3],5,5,18,0,5
1,<environment.Job instance at 0x7f070c284dc0>,5,17,[7 3],6,18,35,12,6
1,<environment.Job instance at 0x7f070c2847d0>,8,1,[14  2],9,35,36,26,10
1,<environment.Job instance at 0x7f070c280410>,14,13,[7 3],15,36,49,21,20
1,<environment.Job instance at 0x7f070c280050>,19,16,[7 3],20,36,52,16,35
1,<environment.Job instance at 0x7f070c280550>,25,16,[5 4],26,49,65,23,36
1,<environment.Job instance at 0x7f070c296320>,35,13,[9 5],36,52,65,16,37
1,<environment.Job instance at 0x7f070c283460>,46,12,[2 7],47,65,77,18,50
1,<environment.Job instance at 0x7f070c292140>,49,15,[7 4],50,65,80,15,51
1,<environment.Job instance at 0x7f070c288190>,57,14,[5 4],58,65,79,7,60
1,<environment.Job instance at 0x7f070c288e60>,61,16,[5 4],62,79,95,17,66
1,<environment.Job instance at 0x7f070d417500>,71,14,[8 3],72,80,94,8,79
1,<environment.Job instance at 0x7f070d417190>,79,18,[3 5],80,94,112,14,83
1,<environment.Job instance at 0x7f070c717370>,92,18,[5 6],93,98,116,5,98
1,<environment.Job instance at 0x7f070c284f50>,13,27,[13  1],14,116,143,102,114
1,<environment.Job instance at 0x7f070d488230>,0,17,[4 7],1,1,18,0,1
1,<environment.Job instance at 0x7f070d488050>,2,24,[5 6],3,5,29,2,5
1,<environment.Job instance at 0x7f070c8b8be0>,6,1,[ 4 10],7,29,30,22,7
1,<environment.Job instance at 0x7f070c8b8690>,4,19,[2 7],5,30,49,25,20
1,<environment.Job instance at 0x7f070c8b8d70>,10,17,[8 3],11,20,37,9,20
1,<environment.Job instance at 0x7f070c8b8280>,13,12,[9 1],14,37,49,23,20
1,<environment.Job instance at 0x7f070c8b8d20>,17,15,[ 1 10],18,49,64,31,35
1,<environment.Job instance at 0x7f070d6a3370>,25,15,[5 8],26,64,79,38,50
1,<environment.Job instance at 0x7f070d6a3cd0>,26,15,[7 4],27,50,65,23,50
1,<environment.Job instance at 0x7f070c8b82d0>,5,18,[3 6],6,65,83,59,55
1,<environment.Job instance at 0x7f070d6a37d0>,29,16,[4 8],30,79,95,49,66
1,<environment.Job instance at 0x7f070d6a3140>,32,13,[ 5 10],33,95,108,62,79
1,<environment.Job instance at 0x7f070d6a3e10>,34,14,[2 9],35,108,122,73,93
1,<environment.Job instance at 0x7f070c91f910>,35,12,[5 6],36,108,120,72,93
1,<environment.Job instance at 0x7f070d6a3dc0>,30,19,[2 5],31,120,139,89,110
1,<environment.Job instance at 0x7f070c91fa00>,39,2,[8 4],40,122,124,82,110
1,<environment.Job instance at 0x7f070d749500>,0,18,[ 5 10],1,1,19,0,1
1,<environment.Job instance at 0x7f070c7ac550>,3,19,[8 5],4,4,23,0,4
1,<environment.Job instance at 0x7f070c7aca00>,4,15,[2 5],5,19,34,14,5
1,<environment.Job instance at 0x7f070c7ac820>,6,3,[5 7],7,23,26,16,7
1,<environment.Job instance at 0x7f070d694a50>,10,13,[10  1],11,26,39,15,11
1,<environment.Job instance at 0x7f070c22d820>,11,15,[5 1],12,34,49,22,20
1,<environment.Job instance at 0x7f070c22daf0>,13,1,[7 2],14,23,24,9,20
1,<environment.Job instance at 0x7f070c9a7960>,25,13,[4 8],26,39,52,13,26
1,<environment.Job instance at 0x7f070cc484b0>,16,14,[11  5],17,49,63,32,34
1,<environment.Job instance at 0x7f070c22da00>,14,25,[1 5],15,52,77,37,49
1,<environment.Job instance at 0x7f070d5a6500>,28,3,[12  5],29,63,66,34,49
1,<environment.Job instance at 0x7f070cdcd320>,29,25,[12  2],30,66,91,36,62
1,<environment.Job instance at 0x7f070c5429b0>,30,2,[4 7],31,91,93,60,64
1,<environment.Job instance at 0x7f070cd00c80>,26,21,[3 8],27,77,98,50,74
1,<environment.Job instance at 0x7f070c2cfd70>,39,12,[9 2],40,93,105,53,77
1,<environment.Job instance at 0x7f070c824cd0>,31,16,[ 4 10],32,98,114,66,85
1,<environment.Job instance at 0x7f070d495500>,42,16,[ 3 11],43,114,130,71,101
1,<environment.Job instance at 0x7f070d4955a0>,43,15,[2 6],44,130,145,86,116
1,<environment.Job instance at 0x7f070d4952d0>,44,23,[6 1],45,116,139,71,116
1,<environment.Job instance at 0x7f8025194410>,2,13,[10  1],3,3,16,0,3
1,<environment.Job instance at 0x7f80251944b0>,3,17,[ 5 10],4,4,21,0,4
1,<environment.Job instance at 0x7f8025194780>,5,12,[1 7],6,21,33,15,6
1,<environment.Job instance at 0x7f8025194550>,6,19,[9 5],7,16,35,9,7
1,<environment.Job instance at 0x7f8025194b40>,11,21,[5 5],12,33,54,21,25
1,<environment.Job instance at 0x7f8025194d20>,14,18,[1 6],15,35,53,20,25
1,<environment.Job instance at 0x7f8025194fa0>,18,12,[1 8],19,53,65,34,36
1,<environment.Job instance at 0x7f8025196140>,20,14,[4 8],21,65,79,44,50
1,<environment.Job instance at 0x7f8025196280>,22,21,[5 5],23,54,75,31,50
1,<environment.Job instance at 0x7f8025196550>,25,16,[9 2],26,75,91,49,62
1,<environment.Job instance at 0x7f8025194a00>,8,16,[1 8],9,79,95,70,67
1,<environment.Job instance at 0x7f8025196960>,33,14,[5 7],34,91,105,57,76
1,<environment.Job instance at 0x7f802519a320>,46,14,[3 6],47,95,109,48,80
1,<environment.Job instance at 0x7f8025194820>,10,12,[5 5],11,105,117,94,89
1,<environment.Job instance at 0x7f802519a460>,48,16,[1 9],49,109,125,60,96
1,<environment.Job instance at 0x7f802519a0f0>,50,15,[4 7],51,125,140,74,111
1,<environment.Job instance at 0x7f802519a6e0>,51,20,[5 4],52,117,137,65,111
1,<environment.Job instance at 0x7f802519a640>,53,21,[5 4],54,125,146,71,117
1,<environment.Job instance at 0x7f802519a820>,54,17,[10  3],55,140,157,85,128
1,<environment.Job instance at 0x7f80252dd5f0>,0,14,[11  5],1,1,15,0,1
1,<environment.Job instance at 0x7f802519a820>,2,15,[5 8],3,15,30,12,3
1,<environment.Job instance at 0x7f802519a8c0>,1,25,[3 5],2,3,28,1,3
1,<environment.Job instance at 0x7f80252dd0a0>,3,13,[3 7],4,28,41,24,12
1,<environment.Job instance at 0x7f80252182d0>,13,20,[6 3],14,30,50,16,21
1,<environment.Job instance at 0x7f80252188c0>,22,18,[2 5],23,30,48,7,23
1,<environment.Job instance at 0x7f8024c57c80>,26,16,[8 5],27,48,64,21,35
1,<environment.Job instance at 0x7f80248d6910>,27,17,[8 4],28,64,81,36,52
1,<environment.Job instance at 0x7f8024bcd6e0>,39,18,[7 3],40,64,82,24,64
1,<environment.Job instance at 0x7f8024c39960>,52,16,[6 4],53,81,97,28,68
1,<environment.Job instance at 0x7f8024c39b40>,56,17,[5 7],57,82,99,25,71
1,<environment.Job instance at 0x7f80252dd500>,6,13,[12  1],7,99,112,92,84
1,<environment.Job instance at 0x7f8024c3fc80>,64,3,[4 5],65,112,115,47,86
1,<environment.Job instance at 0x7f8024c3fcd0>,65,3,[3 7],66,97,100,31,87
1,<environment.Job instance at 0x7f8024c3fa00>,66,13,[ 2 10],67,100,113,33,97
1,<environment.Job instance at 0x7f80252dda50>,7,17,[ 5 14],8,115,132,107,103
1,<environment.Job instance at 0x7f8024c87460>,97,3,[2 8],98,132,135,34,106
1,<environment.Job instance at 0x7f8024c87910>,98,16,[7 2],99,132,148,33,119
1,<environment.Job instance at 0x7f8024ae45a0>,0,3,[5 2],1,1,4,0,1
1,<environment.Job instance at 0x7f8024ae4a00>,2,20,[9 2],3,3,23,0,3
1,<environment.Job instance at 0x7f8024a5c500>,4,2,[6 1],5,5,7,0,5
1,<environment.Job instance at 0x7f8024a5ceb0>,5,3,[ 3 10],6,7,10,1,6
1,<environment.Job instance at 0x7f8024a5caf0>,6,1,[3 7],7,10,11,3,7
1,<environment.Job instance at 0x7f8024a5c730>,8,14,[10  4],9,23,37,14,9
1,<environment.Job instance at 0x7f8024a5c640>,9,12,[4 6],10,11,23,1,10
1,<environment.Job instance at 0x7f8024a5c280>,10,14,[4 9],11,23,37,12,11
1,<environment.Job instance at 0x7f8024a5c460>,11,1,[7 4],12,37,38,25,13
1,<environment.Job instance at 0x7f8024a5c320>,13,2,[5 2],14,37,39,23,14
1,<environment.Job instance at 0x7f8024a5c230>,14,3,[6 2],15,38,41,23,15
1,<environment.Job instance at 0x7f8024a5caa0>,15,14,[4 8],16,38,52,22,23
1,<environment.Job instance at 0x7f80248bf870>,12,14,[1 9],13,52,66,39,37
1,<environment.Job instance at 0x7f8024a552d0>,19,16,[5 5],20,39,55,19,37
1,<environment.Job instance at 0x7f8024a55870>,22,16,[8 4],23,55,71,32,42
1,<environment.Job instance at 0x7f8024a55820>,25,15,[6 2],26,55,70,29,42
1,<environment.Job instance at 0x7f8024ab8b40>,40,15,[7 1],41,70,85,29,56
1,<environment.Job instance at 0x7f8024ab8050>,41,15,[5 5],42,71,86,29,57
1,<environment.Job instance at 0x7f802562de10>,42,12,[3 8],43,71,83,28,57
1,<environment.Job instance at 0x7f80256ba190>,44,13,[1 6],45,83,96,38,67
1,<environment.Job instance at 0x7f802500f5a0>,46,19,[9 1],47,85,104,38,75
1,<environment.Job instance at 0x7f802500fdc0>,48,12,[5 5],49,86,98,37,75
1,<environment.Job instance at 0x7f802500f0f0>,49,14,[5 2],50,98,112,48,83
1,<environment.Job instance at 0x7f8024fe0190>,50,14,[5 4],51,104,118,53,89
1,<environment.Job instance at 0x7f802e90bc30>,52,15,[2 9],53,104,119,51,90
1,<environment.Job instance at 0x7f802543e460>,55,22,[5 2],56,112,134,56,105
1,<environment.Job instance at 0x7f8024a55a00>,18,25,[8 1],19,118,143,99,114
1,<environment.Job instance at 0x7f8025623690>,58,1,[6 2],59,134,135,75,114
1,<environment.Job instance at 0x7f8025623640>,59,12,[7 4],60,135,147,75,118
1,<environment.Job instance at 0x7f8024b07910>,1,22,[1 6],2,2,24,0,2
1,<environment.Job instance at 0x7f8024bd90f0>,3,12,[1 6],4,4,16,0,4
1,<environment.Job instance at 0x7f8024bd93c0>,4,17,[11  1],5,5,22,0,5
1,<environment.Job instance at 0x7f8024ccfaf0>,5,18,[3 6],6,16,34,10,6
1,<environment.Job instance at 0x7f80248d78c0>,11,2,[ 4 14],12,34,36,22,12
1,<environment.Job instance at 0x7f8024ccf9b0>,8,14,[ 3 11],9,36,50,27,21
1,<environment.Job instance at 0x7f80248d7be0>,10,20,[ 2 10],11,50,70,39,41
1,<environment.Job instance at 0x7f80248d73c0>,14,3,[8 2],15,41,44,26,41
1,<environment.Job instance at 0x7f80248d7820>,15,12,[ 5 10],16,70,82,54,53
1,<environment.Job instance at 0x7f8024e14b40>,18,19,[5 3],19,53,72,34,53
1,<environment.Job instance at 0x7f8024caafa0>,20,22,[8 1],21,72,94,51,68
1,<environment.Job instance at 0x7f8024e14e10>,21,19,[6 2],22,82,101,60,72
1,<environment.Job instance at 0x7f8024e1f550>,0,17,[1 9],1,82,99,81,72
1,<environment.Job instance at 0x7f8024c39640>,23,17,[2 9],24,99,116,75,89
1,<environment.Job instance at 0x7f8024c39c80>,24,12,[2 9],25,116,128,91,99
1,<environment.Job instance at 0x7f8024c39dc0>,25,15,[2 9],26,128,143,102,114
1,<environment.Job instance at 0x7f8024c39a00>,26,23,[5 5],27,114,137,87,114
1,<environment.Job instance at 0x7f802485deb0>,27,1,[6 3],28,137,138,109,114
1,<environment.Job instance at 0x7f8024860050>,28,12,[7 5],29,138,150,109,121
1,<environment.Job instance at 0x7f8024fa8370>,1,13,[4 5],2,2,15,0,2
1,<environment.Job instance at 0x7f8024f76d70>,3,2,[12  2],4,15,17,11,4
1,<environment.Job instance at 0x7f8024f76cd0>,4,2,[1 8],5,5,7,0,5
1,<environment.Job instance at 0x7f8024f8d6e0>,5,1,[5 4],6,7,8,1,6
1,<environment.Job instance at 0x7f8024f8d5a0>,6,3,[ 5 10],7,8,11,1,7
1,<environment.Job instance at 0x7f8024f8d3c0>,8,3,[1 9],9,11,14,2,9
1,<environment.Job instance at 0x7f8024f8d500>,9,3,[5 2],10,17,20,7,10
1,<environment.Job instance at 0x7f8024f8d9b0>,10,13,[9 2],11,17,30,6,11
1,<environment.Job instance at 0x7f8024f90e60>,15,12,[2 7],16,20,32,4,16
1,<environment.Job instance at 0x7f8024f90730>,18,15,[10  2],19,30,45,11,19
1,<environment.Job instance at 0x7f8024f90690>,19,16,[8 3],20,45,61,25,32
1,<environment.Job instance at 0x7f8024f92f50>,24,12,[5 2],25,32,44,7,32
1,<environment.Job instance at 0x7f8024f924b0>,26,12,[10  3],27,61,73,34,44
1,<environment.Job instance at 0x7f8024f920f0>,27,14,[4 5],28,44,58,16,44
1,<environment.Job instance at 0x7f8024f92190>,28,13,[5 1],29,58,71,29,47
1,<environment.Job instance at 0x7f8024f92b90>,30,20,[10  5],31,73,93,42,64
1,<environment.Job instance at 0x7f8024fa8690>,0,18,[1 8],1,71,89,70,64
1,<environment.Job instance at 0x7f80247b6370>,35,17,[4 7],36,89,106,53,77
1,<environment.Job instance at 0x7f8024779a00>,34,15,[7 1],35,93,108,58,82
1,<environment.Job instance at 0x7f8025881e10>,40,15,[1 8],41,106,121,65,92
1,<environment.Job instance at 0x7f80247cf320>,41,16,[2 6],42,93,109,51,92
1,<environment.Job instance at 0x7f8024f90460>,42,16,[9 5],43,109,125,66,96
1,<environment.Job instance at 0x7f80247900f0>,49,16,[5 9],50,121,137,71,108
1,<environment.Job instance at 0x7f8024f95820>,50,17,[9 4],51,125,142,74,113
1,<environment.Job instance at 0x7f80255b46e0>,0,12,[ 5 10],1,1,13,0,1
1,<environment.Job instance at 0x7f8024f95820>,2,22,[2 5],3,3,25,0,3
1,<environment.Job instance at 0x7f80255b4a00>,3,17,[7 2],4,13,30,9,4
1,<environment.Job instance at 0x7f80255b4320>,5,3,[ 2 12],6,25,28,19,6
1,<environment.Job instance at 0x7f80255b4140>,8,2,[3 5],9,17,19,8,17
1,<environment.Job instance at 0x7f80255b4d20>,7,17,[9 3],8,30,47,22,18
1,<environment.Job instance at 0x7f8025591320>,12,16,[8 4],13,47,63,34,34
1,<environment.Job instance at 0x7f8025591f00>,14,13,[2 6],15,34,47,19,34
1,<environment.Job instance at 0x7f8025591cd0>,15,18,[5 1],16,47,65,31,43
1,<environment.Job instance at 0x7f8025591d70>,17,17,[5 8],18,63,80,45,53
1,<environment.Job instance at 0x7f8025591d20>,18,16,[9 2],19,65,81,46,53
1,<environment.Job instance at 0x7f8025591280>,19,15,[2 6],20,80,95,60,66
1,<environment.Job instance at 0x7f80255916e0>,22,15,[8 5],23,81,96,58,67
1,<environment.Job instance at 0x7f8025591910>,24,13,[10  4],25,96,109,71,80
1,<environment.Job instance at 0x7f8025591e10>,25,13,[7 1],26,109,122,83,93
1,<environment.Job instance at 0x7f80255b45f0>,10,24,[11  1],11,122,146,111,117
1,<environment.Job instance at 0x7f8024bd4be0>,7,14,[10  2],8,8,22,0,8
1,<environment.Job instance at 0x7f8024bd4460>,9,3,[6 2],10,22,25,12,10
1,<environment.Job instance at 0x7f8024bd4d70>,13,14,[9 1],14,22,36,8,14
1,<environment.Job instance at 0x7f8025591c30>,15,17,[6 2],16,25,42,9,21
1,<environment.Job instance at 0x7f802e38e7d0>,17,16,[13  1],18,42,58,24,29
1,<environment.Job instance at 0x7f8024f96e60>,24,13,[ 3 14],25,58,71,33,42
1,<environment.Job instance at 0x7f8024f96eb0>,25,18,[1 6],26,71,89,45,60
1,<environment.Job instance at 0x7f8024f964b0>,26,12,[ 2 10],27,89,101,62,72
1,<environment.Job instance at 0x7f8024f96230>,27,15,[5 5],28,72,87,44,72
1,<environment.Job instance at 0x7f8024f960a0>,28,16,[12  1],29,87,103,58,74
1,<environment.Job instance at 0x7f8024f96910>,29,2,[2 7],30,87,89,57,74
1,<environment.Job instance at 0x7f8024f96280>,30,13,[ 1 14],31,101,114,70,85
1,<environment.Job instance at 0x7f802e39b410>,31,12,[8 2],32,114,126,82,97
1,<environment.Job instance at 0x7f802e39b190>,32,1,[ 2 14],33,126,127,93,98
1,<environment.Job instance at 0x7f802e39b050>,33,17,[6 1],34,103,120,69,98
1,<environment.Job instance at 0x7f802e39b500>,34,12,[5 5],35,127,139,92,110
1,<environment.Job instance at 0x7f802e38e140>,16,12,[14  3],17,139,151,122,122
1,<environment.Job instance at 0x7f80251334b0>,0,12,[1 7],1,1,13,0,1
1,<environment.Job instance at 0x7f802545d8c0>,1,13,[4 7],2,2,15,0,2
1,<environment.Job instance at 0x7f802e38e140>,3,14,[10  5],4,13,27,9,4
1,<environment.Job instance at 0x7f8024f96960>,2,1,[2 8],3,15,16,12,4
1,<environment.Job instance at 0x7f8024df8e10>,4,2,[8 4],5,27,29,22,5
1,<environment.Job instance at 0x7f8024e15460>,11,14,[5 7],12,16,30,4,13
1,<environment.Job instance at 0x7f8024e15b40>,13,16,[7 4],14,29,45,15,16
1,<environment.Job instance at 0x7f8024e2a3c0>,17,15,[10  2],18,45,60,27,31
1,<environment.Job instance at 0x7f8024e2a5a0>,20,17,[5 2],21,31,48,10,31
1,<environment.Job instance at 0x7f8024e15730>,14,12,[5 3],15,48,60,33,33
1,<environment.Job instance at 0x7f8024e2ac30>,21,20,[8 4],22,60,80,38,51
1,<environment.Job instance at 0x7f80258b55a0>,27,13,[6 1],28,60,73,32,51
1,<environment.Job instance at 0x7f802589db40>,28,17,[2 5],29,73,90,44,61
1,<environment.Job instance at 0x7f802589d8c0>,32,19,[7 3],33,80,99,47,70
1,<environment.Job instance at 0x7f8025597cd0>,12,17,[2 6],13,74,91,61,74
1,<environment.Job instance at 0x7f802486b5f0>,41,14,[5 6],42,90,104,48,75
1,<environment.Job instance at 0x7f802484c190>,40,16,[4 8],41,99,115,58,87
1,<environment.Job instance at 0x7f80248447d0>,47,12,[5 5],48,104,116,56,87
1,<environment.Job instance at 0x7f8025052690>,68,16,[9 4],69,115,131,46,102
1,<environment.Job instance at 0x7f802504ddc0>,72,16,[8 5],73,131,147,58,118
1,<environment.Job instance at 0x7f802504dfa0>,76,17,[5 4],77,118,135,41,118
1,<environment.Job instance at 0x7f8024f08640>,83,18,[7 3],84,135,153,51,124
1,<environment.Job instance at 0x7f80251e8140>,1,15,[3 8],2,2,17,0,2
1,<environment.Job instance at 0x7f8024f086e0>,2,3,[1 5],3,3,6,0,3
1,<environment.Job instance at 0x7f80251e83c0>,3,3,[9 1],4,4,7,0,4
1,<environment.Job instance at 0x7f80251e80f0>,4,21,[7 1],5,7,28,2,5
1,<environment.Job instance at 0x7f802548b370>,6,14,[6 2],7,17,31,10,7
1,<environment.Job instance at 0x7f802548b870>,11,2,[4 8],12,28,30,16,12
1,<environment.Job instance at 0x7f802548b0a0>,12,12,[ 5 10],13,30,42,17,13
1,<environment.Job instance at 0x7f802548b4b0>,26,18,[2 8],27,42,60,15,31
1,<environment.Job instance at 0x7f8024bb37d0>,27,17,[1 7],28,42,59,14,31
1,<environment.Job instance at 0x7f8024bb39b0>,28,18,[5 1],29,59,77,30,48
1,<environment.Job instance at 0x7f8024bb3aa0>,29,26,[2 7],30,60,86,30,58
1,<environment.Job instance at 0x7f8024bb3dc0>,30,3,[ 5 11],31,86,89,55,60
1,<environment.Job instance at 0x7f8024bb3870>,31,13,[5 8],32,89,102,57,73
1,<environment.Job instance at 0x7f8024bb3460>,32,15,[7 4],33,73,88,40,73
1,<environment.Job instance at 0x7f8024bb3550>,33,1,[9 3],34,88,89,54,73
1,<environment.Job instance at 0x7f8024bb32d0>,34,28,[5 7],35,89,117,54,88
1,<environment.Job instance at 0x7f8024bbf4b0>,47,19,[2 8],48,102,121,54,92
1,<environment.Job instance at 0x7f8024bbfaa0>,48,1,[10  5],49,117,118,68,92
1,<environment.Job instance at 0x7f8024bbfd70>,49,3,[3 6],50,118,121,68,92
1,<environment.Job instance at 0x7f8024bbf140>,50,17,[10  2],51,121,138,70,109
1,<environment.Job instance at 0x7f8024bbf780>,51,3,[3 7],52,121,124,69,109
1,<environment.Job instance at 0x7f8024bbf2d0>,52,19,[4 6],53,124,143,71,114
1,<environment.Job instance at 0x7f8024bbfbe0>,53,2,[12  1],54,143,145,89,116
1,<environment.Job instance at 0x7f8024bbfdc0>,54,2,[8 4],55,138,140,83,116
1,<environment.Job instance at 0x7f8025843640>,0,12,[2 5],1,1,13,0,1
1,<environment.Job instance at 0x7f80258435f0>,1,2,[4 6],2,2,4,0,2
1,<environment.Job instance at 0x7f8024bbfdc0>,3,14,[10  1],4,4,18,0,4
1,<environment.Job instance at 0x7f802547ddc0>,4,13,[6 4],5,18,31,13,5
1,<environment.Job instance at 0x7f802547d0a0>,9,13,[2 8],10,10,23,0,10
1,<environment.Job instance at 0x7f8024b3f0f0>,10,20,[6 4],11,23,43,12,14
1,<environment.Job instance at 0x7f802547d870>,11,2,[8 3],12,31,33,19,21
1,<environment.Job instance at 0x7f8025459960>,14,21,[5 1],15,33,54,18,25
1,<environment.Job instance at 0x7f8025459be0>,16,14,[9 3],17,43,57,26,28
1,<environment.Job instance at 0x7f8025459c80>,18,13,[6 1],19,54,67,35,38
1,<environment.Job instance at 0x7f80254598c0>,19,3,[5 3],20,57,60,37,38
1,<environment.Job instance at 0x7f802586c5a0>,28,17,[ 1 10],29,57,74,28,45
1,<environment.Job instance at 0x7f80254570a0>,33,18,[7 5],34,67,85,33,56
1,<environment.Job instance at 0x7f8025457500>,34,14,[5 5],35,74,88,39,59
1,<environment.Job instance at 0x7f8025457c80>,35,15,[10  3],36,85,100,49,71
1,<environment.Job instance at 0x7f8024ed85f0>,39,16,[5 9],40,88,104,48,75
1,<environment.Job instance at 0x7f8024ebb780>,45,18,[2 5],46,100,118,54,89
1,<environment.Job instance at 0x7f8024ebbc30>,47,13,[2 6],48,104,117,56,89
1,<environment.Job instance at 0x7f8024ebb1e0>,48,21,[1 9],49,117,138,68,109
1,<environment.Job instance at 0x7f8024ebb820>,49,20,[9 2],50,118,138,68,109
1,<environment.Job instance at 0x7f8025491370>,0,13,[ 3 14],1,1,14,0,1
1,<environment.Job instance at 0x7f802545ee60>,1,14,[6 4],2,14,28,12,2
1,<environment.Job instance at 0x7f8024ebb820>,3,17,[6 1],4,4,21,0,4
1,<environment.Job instance at 0x7f8024bbcaf0>,4,1,[3 9],5,14,15,9,5
1,<environment.Job instance at 0x7f8024bbcaa0>,7,2,[10  1],8,28,30,20,9
1,<environment.Job instance at 0x7f8024cc37d0>,9,3,[5 7],10,21,24,11,10
1,<environment.Job instance at 0x7f8024bbc1e0>,6,18,[2 8],7,24,42,17,13
1,<environment.Job instance at 0x7f8024cc3fa0>,10,22,[1 6],11,28,50,17,21
1,<environment.Job instance at 0x7f8024cc3780>,14,3,[5 1],15,24,27,9,21
1,<environment.Job instance at 0x7f8024cc3500>,16,13,[8 3],17,42,55,25,26
1,<environment.Job instance at 0x7f8024bbc5a0>,2,24,[5 3],3,42,66,39,37
1,<environment.Job instance at 0x7f8024bbc780>,5,15,[10  3],6,55,70,49,44
1,<environment.Job instance at 0x7f8024cc3c80>,19,1,[ 1 14],20,70,71,50,65
1,<environment.Job instance at 0x7f8024cc3910>,18,28,[6 1],19,70,98,51,69
1,<environment.Job instance at 0x7f8024cc3e10>,20,2,[ 1 11],21,71,73,50,69
1,<environment.Job instance at 0x7f8024cc3b90>,17,22,[8 5],18,73,95,55,69
1,<environment.Job instance at 0x7f8024cc39b0>,23,16,[7 4],24,95,111,71,82
1,<environment.Job instance at 0x7f8024cc3410>,15,18,[ 2 11],16,98,116,82,87
1,<environment.Job instance at 0x7f8024cc3a00>,27,15,[ 2 13],28,116,131,88,102
1,<environment.Job instance at 0x7f8024cc33c0>,28,13,[14  5],29,131,144,102,115
1,<environment.Job instance at 0x7f8024525460>,1,1,[13  1],2,2,3,0,2
1,<environment.Job instance at 0x7f8024525410>,0,19,[6 4],1,3,22,2,2
1,<environment.Job instance at 0x7f8024cc3370>,3,13,[ 3 10],4,4,17,0,4
1,<environment.Job instance at 0x7f8024525c30>,4,3,[5 8],5,17,20,12,5
1,<environment.Job instance at 0x7f8024525fa0>,6,2,[8 4],7,20,22,13,7
1,<environment.Job instance at 0x7f8024525b40>,7,18,[ 4 10],8,22,40,14,11
1,<environment.Job instance at 0x7f8024cc35a0>,2,26,[6 4],3,22,48,19,19
1,<environment.Job instance at 0x7f8024525370>,20,17,[9 4],21,40,57,19,28
1,<environment.Job instance at 0x7f802454f780>,24,12,[4 9],25,48,60,23,31
1,<environment.Job instance at 0x7f8024525910>,11,14,[13  5],12,60,74,48,47
1,<environment.Job instance at 0x7f802454f5a0>,27,15,[3 8],28,74,89,46,60
1,<environment.Job instance at 0x7f802454f5f0>,26,19,[9 3],27,74,93,47,64
1,<environment.Job instance at 0x7f802454f820>,29,13,[7 3],30,93,106,63,77
1,<environment.Job instance at 0x7f802454fb40>,28,16,[3 9],29,89,105,60,82
1,<environment.Job instance at 0x7f802454f280>,32,12,[10  4],33,106,118,73,89
1,<environment.Job instance at 0x7f802454faf0>,33,14,[10  3],34,118,132,84,103
1,<environment.Job instance at 0x7f802454f960>,35,15,[8 5],36,132,147,96,118
1,<environment.Job instance at 0x7f802454faa0>,36,15,[5 7],37,118,133,81,118
1,<environment.Job instance at 0x7f802454fc30>,37,13,[3 5],38,133,146,95,118
1,<environment.Job instance at 0x7f80250c9690>,0,12,[4 5],1,1,13,0,1
1,<environment.Job instance at 0x7f80250c9f00>,1,2,[12  4],2,13,15,11,2
1,<environment.Job instance at 0x7f80250c9af0>,2,14,[5 5],3,15,29,12,3
1,<environment.Job instance at 0x7f80250c9370>,3,22,[ 2 10],4,4,26,0,4
1,<environment.Job instance at 0x7f802e34fd20>,5,2,[ 4 10],6,26,28,20,7
1,<environment.Job instance at 0x7f80250c9230>,6,14,[ 5 10],7,28,42,21,13
1,<environment.Job instance at 0x7f80250c9c30>,12,16,[3 8],13,42,58,29,29
1,<environment.Job instance at 0x7f80250c90a0>,14,19,[7 5],15,29,48,14,29
1,<environment.Job instance at 0x7f80250c9140>,15,17,[4 8],16,58,75,42,46
1,<environment.Job instance at 0x7f80250c9190>,16,15,[8 3],17,48,63,31,46
1,<environment.Job instance at 0x7f802483ff00>,20,21,[3 8],21,75,96,54,67
1,<environment.Job instance at 0x7f802483f870>,21,12,[1 6],22,67,79,45,67
1,<environment.Job instance at 0x7f802483fdc0>,24,16,[4 7],25,79,95,54,67
1,<environment.Job instance at 0x7f802483f050>,26,18,[ 4 10],27,96,114,69,85
1,<environment.Job instance at 0x7f802483fb90>,28,14,[5 5],29,95,109,66,85
1,<environment.Job instance at 0x7f802483fd20>,29,20,[6 2],30,109,129,79,100
1,<environment.Job instance at 0x7f802483f550>,31,14,[7 5],32,114,128,82,100
1,<environment.Job instance at 0x7f802483f820>,32,20,[6 1],33,128,148,95,119
1,<environment.Job instance at 0x7f802483f7d0>,33,17,[1 5],34,119,136,85,119
1,<environment.Job instance at 0x7f802483f0a0>,34,13,[9 4],35,136,149,101,120
1,<environment.Job instance at 0x7f802483f3c0>,2,21,[7 1],3,3,24,0,3
1,<environment.Job instance at 0x7f8025c839b0>,3,3,[10  2],4,24,27,20,4
1,<environment.Job instance at 0x7f8025c835a0>,4,20,[ 5 10],5,5,25,0,5
1,<environment.Job instance at 0x7f802483f0a0>,7,15,[8 4],8,27,42,19,13
1,<environment.Job instance at 0x7f8025c83640>,6,12,[5 2],7,25,37,18,13
1,<environment.Job instance at 0x7f8025c83b90>,9,18,[1 7],10,27,45,17,16
1,<environment.Job instance at 0x7f8025c83dc0>,8,12,[9 4],9,42,54,33,25
1,<environment.Job instance at 0x7f8025c1b0a0>,11,12,[7 1],12,54,66,42,37
1,<environment.Job instance at 0x7f8025c1b690>,14,2,[6 5],15,45,47,30,37
1,<environment.Job instance at 0x7f8025c1bf50>,15,3,[ 3 13],16,54,57,38,37
1,<environment.Job instance at 0x7f8025c83370>,10,18,[2 9],11,57,75,46,46
1,<environment.Job instance at 0x7f8025c1be60>,16,22,[9 1],17,66,88,49,61
1,<environment.Job instance at 0x7f8025c1baa0>,21,16,[2 5],22,61,77,39,61
1,<environment.Job instance at 0x7f8025c1bfa0>,22,2,[4 7],23,75,77,52,61
1,<environment.Job instance at 0x7f8025c1b280>,23,24,[5 5],24,77,101,53,72
1,<environment.Job instance at 0x7f8025c1bf00>,24,14,[9 3],25,88,102,63,73
1,<environment.Job instance at 0x7f8025c1b4b0>,25,14,[10  5],26,102,116,76,87
1,<environment.Job instance at 0x7f8025c1bb90>,20,21,[5 8],21,101,122,80,94
1,<environment.Job instance at 0x7f8025c1b640>,27,20,[3 7],28,116,136,88,107
1,<environment.Job instance at 0x7f8025c1b460>,12,21,[7 5],13,122,143,109,119
1,<environment.Job instance at 0x7f8025c1bdc0>,28,17,[2 9],29,136,153,107,124
1,<environment.Job instance at 0x7f8025316d20>,35,13,[5 5],36,143,156,107,127
1,<environment.Job instance at 0x7f8025cc15f0>,1,3,[5 9],2,2,5,0,2
1,<environment.Job instance at 0x7f8025cc1d20>,2,14,[ 1 10],3,5,19,2,3
1,<environment.Job instance at 0x7f8025cc1320>,4,20,[5 4],5,5,25,0,5
1,<environment.Job instance at 0x7f8025cc1410>,6,1,[9 2],7,19,20,12,8
1,<environment.Job instance at 0x7f8025cc1640>,9,12,[10  3],10,20,32,10,10
1,<environment.Job instance at 0x7f8025cc12d0>,10,18,[3 7],11,25,43,14,14
1,<environment.Job instance at 0x7f8025cc1e60>,12,20,[3 5],13,32,52,19,23
1,<environment.Job instance at 0x7f80258c60a0>,17,15,[ 1 14],18,52,67,34,38
1,<environment.Job instance at 0x7f80258c6c30>,18,15,[ 5 14],19,67,82,48,53
1,<environment.Job instance at 0x7f80258c6e60>,19,26,[3 8],20,82,108,62,79
1,<environment.Job instance at 0x7f80258c6be0>,20,26,[ 4 10],21,108,134,87,105
1,<environment.Job instance at 0x7f80249fb370>,21,19,[1 5],22,105,124,83,105
1,<environment.Job instance at 0x7f80249fbeb0>,22,16,[ 2 11],23,134,150,111,121
1,<environment.Job instance at 0x7f8024f14230>,2,19,[5 5],3,3,22,0,3
1,<environment.Job instance at 0x7f8024f149b0>,3,23,[7 4],4,4,27,0,4
1,<environment.Job instance at 0x7f8024f148c0>,4,3,[7 4],5,22,25,17,5
1,<environment.Job instance at 0x7f8024f14780>,5,1,[3 7],6,25,26,19,6
1,<environment.Job instance at 0x7f8024f14f00>,6,1,[2 5],7,7,8,0,7
1,<environment.Job instance at 0x7f8024f14870>,8,3,[9 5],9,27,30,18,10
1,<environment.Job instance at 0x7f8024f145a0>,10,18,[6 5],11,26,44,15,15
1,<environment.Job instance at 0x7f8024f14e10>,12,15,[4 7],13,30,45,17,16
1,<environment.Job instance at 0x7f8024f19d70>,13,18,[2 9],14,45,63,31,34
1,<environment.Job instance at 0x7f8024f19870>,15,3,[7 2],16,44,47,28,34
1,<environment.Job instance at 0x7f8024f174b0>,0,18,[1 7],1,63,81,62,52
1,<environment.Job instance at 0x7f8024f19d20>,17,21,[1 5],18,52,73,34,52
1,<environment.Job instance at 0x7f8024f14dc0>,7,24,[2 6],8,73,97,65,68
1,<environment.Job instance at 0x7f8024f19b40>,19,3,[7 4],20,81,84,61,68
1,<environment.Job instance at 0x7f8024f19b90>,20,12,[1 8],21,84,96,63,68
1,<environment.Job instance at 0x7f80247f9cd0>,26,17,[7 3],27,96,113,69,84
1,<environment.Job instance at 0x7f80247f9280>,27,15,[2 5],28,96,111,68,84
1,<environment.Job instance at 0x7f8024f14280>,9,1,[8 2],10,111,112,101,85
1,<environment.Job instance at 0x7f80247f96e0>,29,18,[5 5],30,112,130,82,101
1,<environment.Job instance at 0x7f80247f9500>,31,14,[3 9],32,113,127,81,101
1,<environment.Job instance at 0x7f8024f14730>,11,14,[8 4],12,127,141,115,112
1,<environment.Job instance at 0x7f80247f9c30>,35,3,[3 5],36,130,133,94,112
1,<environment.Job instance at 0x7f80247f9050>,34,15,[5 7],35,133,148,98,120
1,<environment.Job instance at 0x7f80247f9320>,30,12,[7 4],31,141,153,110,126
1,<environment.Job instance at 0x7f80246ece60>,0,13,[14  2],1,1,14,0,1
1,<environment.Job instance at 0x7f80247f9320>,2,2,[3 9],3,14,16,11,4
1,<environment.Job instance at 0x7f80246ece10>,4,1,[ 5 14],5,16,17,11,5
1,<environment.Job instance at 0x7f80246ec280>,3,16,[ 3 10],4,17,33,13,6
1,<environment.Job instance at 0x7f80246eca50>,7,1,[5 4],8,14,15,6,9
1,<environment.Job instance at 0x7f80246ecc30>,9,15,[7 4],10,17,32,7,12
1,<environment.Job instance at 0x7f80246ec5f0>,6,12,[2 7],7,33,45,26,17
1,<environment.Job instance at 0x7f80252f3d20>,17,14,[5 4],18,32,46,14,18
1,<environment.Job instance at 0x7f80252f3050>,20,12,[1 9],21,45,57,24,28
1,<environment.Job instance at 0x7f80246ec910>,10,26,[6 2],11,33,59,22,31
1,<environment.Job instance at 0x7f80252f3b40>,21,16,[5 4],22,46,62,24,33
1,<environment.Job instance at 0x7f80252f30a0>,24,13,[5 2],25,59,72,34,43
1,<environment.Job instance at 0x7f80252f3a00>,26,20,[6 2],27,62,82,35,53
1,<environment.Job instance at 0x7f80252f3370>,28,13,[5 7],29,72,85,43,57
1,<environment.Job instance at 0x7f80252f30f0>,30,14,[5 5],31,82,96,51,67
1,<environment.Job instance at 0x7f80252f3af0>,31,14,[8 3],32,85,99,53,70
1,<environment.Job instance at 0x7f80250dab40>,33,14,[5 2],34,96,110,62,81
1,<environment.Job instance at 0x7f80250da0a0>,34,13,[6 3],35,99,112,64,83
1,<environment.Job instance at 0x7f80250daa00>,35,12,[4 9],36,99,111,63,93
1,<environment.Job instance at 0x7f80250dacd0>,37,16,[3 5],38,111,127,73,98
1,<environment.Job instance at 0x7f80250daf00>,38,20,[10  5],39,112,132,73,108
1,<environment.Job instance at 0x7f80250da7d0>,39,18,[3 5],40,127,145,87,116
1,<environment.Job instance at 0x7f8025310c30>,1,2,[ 5 11],2,2,4,0,2
1,<environment.Job instance at 0x7f80253109b0>,2,12,[11  5],3,4,16,1,3
1,<environment.Job instance at 0x7f8025310960>,3,15,[9 2],4,16,31,12,4
1,<environment.Job instance at 0x7f8025310370>,4,13,[1 7],5,5,18,0,5
1,<environment.Job instance at 0x7f80253107d0>,5,13,[2 8],6,18,31,12,6
1,<environment.Job instance at 0x7f80253103c0>,7,3,[10  3],8,31,34,23,8
1,<environment.Job instance at 0x7f8025310eb0>,8,1,[9 4],9,34,35,25,9
1,<environment.Job instance at 0x7f8025310b40>,9,3,[ 3 14],10,35,38,25,10
1,<environment.Job instance at 0x7f8025310fa0>,10,3,[ 4 11],11,31,34,20,11
1,<environment.Job instance at 0x7f80253125a0>,11,1,[11  3],12,38,39,26,12
1,<environment.Job instance at 0x7f8025312b90>,16,22,[14  2],17,39,61,22,32
1,<environment.Job instance at 0x7f8025312910>,19,1,[10  5],20,61,62,41,34
1,<environment.Job instance at 0x7f8025312d70>,20,15,[5 3],21,61,76,40,48
1,<environment.Job instance at 0x7f8025312500>,21,12,[ 4 14],22,76,88,54,59
1,<environment.Job instance at 0x7f80253122d0>,23,15,[2 5],24,88,103,64,74
1,<environment.Job instance at 0x7f8025312780>,22,16,[7 4],23,88,104,65,75
1,<environment.Job instance at 0x7f80253331e0>,27,15,[3 6],28,88,103,60,75
1,<environment.Job instance at 0x7f8025333320>,28,15,[3 5],29,103,118,74,89
1,<environment.Job instance at 0x7f8025312be0>,13,14,[9 5],14,104,118,90,89
1,<environment.Job instance at 0x7f8025333410>,29,13,[9 1],30,118,131,88,102
1,<environment.Job instance at 0x7f8025333370>,30,16,[2 6],31,118,134,87,105
1,<environment.Job instance at 0x7f8025333870>,32,15,[3 7],33,118,133,85,105
1,<environment.Job instance at 0x7f80251dadc0>,0,21,[ 5 10],1,1,22,0,1
1,<environment.Job instance at 0x7f80249019b0>,1,3,[3 7],2,22,25,20,2
1,<environment.Job instance at 0x7f802449ef00>,8,14,[6 1],9,14,28,5,14
1,<environment.Job instance at 0x7f802449eb40>,6,22,[5 6],7,22,44,15,15
1,<environment.Job instance at 0x7f802449ea00>,11,13,[3 7],12,25,38,13,15
1,<environment.Job instance at 0x7f802449e640>,13,16,[2 5],14,38,54,24,25
1,<environment.Job instance at 0x7f802449e960>,14,17,[3 9],15,44,61,29,32
1,<environment.Job instance at 0x7f802449e050>,16,13,[1 8],17,61,74,44,45
1,<environment.Job instance at 0x7f802449ed70>,19,18,[5 2],20,54,72,34,45
1,<environment.Job instance at 0x7f80244a0a50>,21,14,[8 4],22,61,75,39,46
1,<environment.Job instance at 0x7f80244a0f50>,22,14,[6 4],23,74,88,51,59
1,<environment.Job instance at 0x7f80244a0050>,26,21,[6 2],27,75,96,48,67
1,<environment.Job instance at 0x7f802449ee10>,2,14,[ 2 12],3,88,102,85,73
1,<environment.Job instance at 0x7f8024d18cd0>,59,16,[4 7],60,102,118,42,90
1,<environment.Job instance at 0x7f8024d18dc0>,62,16,[2 7],63,102,118,39,91
1,<environment.Job instance at 0x7f8024d18eb0>,63,13,[8 5],64,118,131,54,102
1,<environment.Job instance at 0x7f8024901e10>,3,17,[4 6],4,118,135,114,107
1,<environment.Job instance at 0x7f8025d84aa0>,69,18,[4 7],70,131,149,61,120
1,<environment.Job instance at 0x7f8025d84a00>,70,12,[8 3],71,135,147,64,120
1,<environment.Job instance at 0x7f8025548eb0>,0,17,[ 5 10],1,1,18,0,1
1,<environment.Job instance at 0x7f8025548140>,3,13,[1 5],4,6,19,2,6
1,<environment.Job instance at 0x7f802448a6e0>,2,16,[1 7],3,18,34,15,6
1,<environment.Job instance at 0x7f802448a500>,1,16,[8 4],2,19,35,17,6
1,<environment.Job instance at 0x7f8024ca6e10>,6,13,[5 5],7,34,47,27,18
1,<environment.Job instance at 0x7f8024c805f0>,18,1,[9 5],19,35,36,16,19
1,<environment.Job instance at 0x7f8024c80870>,19,1,[7 1],20,36,37,16,20
1,<environment.Job instance at 0x7f8024c804b0>,17,17,[5 9],18,37,54,19,25
1,<environment.Job instance at 0x7f8024c808c0>,22,15,[5 5],23,47,62,24,33
1,<environment.Job instance at 0x7f8024c80be0>,26,17,[1 6],27,54,71,27,43
1,<environment.Job instance at 0x7f8024c80dc0>,27,13,[2 9],28,62,75,34,46
1,<environment.Job instance at 0x7f8024c80f00>,29,16,[7 5],30,71,87,41,58
1,<environment.Job instance at 0x7f8024c80fa0>,30,16,[2 7],31,75,91,44,62
1,<environment.Job instance at 0x7f8024c80f50>,32,19,[2 8],33,87,106,54,77
1,<environment.Job instance at 0x7f8024ca2280>,35,19,[3 7],36,91,110,55,81
1,<environment.Job instance at 0x7f8024ca2550>,39,16,[1 8],40,106,122,66,94
1,<environment.Job instance at 0x7f8024ca25f0>,40,14,[10  5],41,110,124,69,95
1,<environment.Job instance at 0x7f8024ca28c0>,43,17,[1 7],44,122,139,78,110
1,<environment.Job instance at 0x7f8024ca2910>,44,13,[6 4],45,124,137,79,110
1,<environment.Job instance at 0x7f8024ca29b0>,45,14,[2 7],46,137,151,91,122
1,<environment.Job instance at 0x7f8024ca2be0>,48,18,[5 6],49,139,157,90,128
1,<environment.Job instance at 0x7f080ef9d460>,2,13,[10  1],3,3,16,0,3
1,<environment.Job instance at 0x7f080ef9d500>,3,17,[ 5 10],4,4,21,0,4
1,<environment.Job instance at 0x7f080ef9d6e0>,4,1,[5 6],5,21,22,16,5
1,<environment.Job instance at 0x7f080ef9d7d0>,5,12,[1 7],6,21,33,15,6
1,<environment.Job instance at 0x7f080ef9da50>,8,16,[1 8],9,22,38,13,10
1,<environment.Job instance at 0x7f080ef9daa0>,10,12,[5 5],11,33,45,22,16
1,<environment.Job instance at 0x7f080ef9dd20>,14,18,[1 6],15,38,56,23,27
1,<environment.Job instance at 0x7f080ef9dfa0>,18,12,[1 8],19,45,57,26,28
1,<environment.Job instance at 0x7f080ef9f280>,20,14,[4 8],21,57,71,36,42
1,<environment.Job instance at 0x7f080ef9f3c0>,22,21,[5 5],23,56,77,33,48
1,<environment.Job instance at 0x7f080ef9f5a0>,25,16,[9 2],26,71,87,45,58
1,<environment.Job instance at 0x7f080ef9daf0>,9,16,[ 4 11],10,77,93,67,69
1,<environment.Job instance at 0x7f080ef9f0f0>,27,13,[11  4],28,87,100,59,71
1,<environment.Job instance at 0x7f080ef9f870>,28,2,[ 3 10],29,93,95,64,71
1,<environment.Job instance at 0x7f080ef9f640>,26,16,[9 1],27,100,116,73,88
1,<environment.Job instance at 0x7f080ef9f730>,29,18,[5 1],30,100,118,70,89
1,<environment.Job instance at 0x7f080ef9fb40>,33,14,[5 7],34,116,130,82,101
1,<environment.Job instance at 0x7f080ef9fd20>,36,18,[10  1],37,118,136,81,107
1,<environment.Job instance at 0x7f080ef9fdc0>,37,13,[7 1],38,136,149,98,120
1,<environment.Job instance at 0x7f080ef9f910>,40,13,[ 2 10],41,130,143,89,123
1,<environment.Job instance at 0x7f080efa31e0>,43,22,[5 3],44,136,158,92,129
1,<environment.Job instance at 0x7f080efa3370>,46,14,[3 6],47,143,157,96,129
1,<environment.Job instance at 0x7f080efb5410>,1,12,[11  1],2,2,14,0,2
1,<environment.Job instance at 0x7f080efa34b0>,2,1,[7 3],3,14,15,11,3
1,<environment.Job instance at 0x7f080f0e5780>,6,19,[8 2],7,14,33,7,7
1,<environment.Job instance at 0x7f080f677320>,7,22,[1 7],8,15,37,7,8
1,<environment.Job instance at 0x7f080f0e5500>,5,3,[7 1],6,33,36,27,16
1,<environment.Job instance at 0x7f080f0e5320>,4,18,[8 2],5,36,54,31,25
1,<environment.Job instance at 0x7f080f677a50>,12,18,[2 5],13,25,43,12,25
1,<environment.Job instance at 0x7f080f677140>,14,12,[8 2],15,54,66,39,37
1,<environment.Job instance at 0x7f080f677410>,16,16,[8 5],17,66,82,49,53
1,<environment.Job instance at 0x7f080f6770f0>,17,17,[8 4],18,82,99,64,70
1,<environment.Job instance at 0x7f080f677c30>,18,14,[8 4],19,99,113,80,84
1,<environment.Job instance at 0x7f080f0e59b0>,3,20,[6 3],4,85,105,81,85
1,<environment.Job instance at 0x7f080e9b4550>,25,15,[4 8],26,105,120,79,95
1,<environment.Job instance at 0x7f080e60a0f0>,26,3,[ 1 10],27,120,123,93,95
1,<environment.Job instance at 0x7f080e6beeb0>,27,2,[ 3 10],28,123,125,95,96
1,<environment.Job instance at 0x7f080ea021e0>,28,15,[2 5],29,113,128,84,100
1,<environment.Job instance at 0x7f080e606320>,23,16,[9 1],24,125,141,101,112
1,<environment.Job instance at 0x7f080ea02280>,30,15,[3 7],31,125,140,94,112
1,<environment.Job instance at 0x7f080eab7f50>,32,16,[9 1],33,141,157,108,128
1,<environment.Job instance at 0x7f080e6c5be0>,2,16,[8 4],3,3,19,0,3
1,<environment.Job instance at 0x7f080e6c5c30>,0,1,[ 2 10],1,3,4,2,3
1,<environment.Job instance at 0x7f080e6c54b0>,5,15,[6 2],6,6,21,0,6
1,<environment.Job instance at 0x7f080e6c50a0>,3,3,[ 2 10],4,19,22,15,7
1,<environment.Job instance at 0x7f080e6c7dc0>,20,15,[7 1],21,21,36,0,21
1,<environment.Job instance at 0x7f080e6c7b40>,21,15,[5 5],22,22,37,0,22
1,<environment.Job instance at 0x7f080e6c7500>,22,12,[3 8],23,23,35,0,23
1,<environment.Job instance at 0x7f080e6c79b0>,24,13,[1 6],25,35,48,10,25
1,<environment.Job instance at 0x7f080e6c7e60>,26,19,[9 1],27,36,55,9,27
1,<environment.Job instance at 0x7f080e6c7be0>,28,12,[5 5],29,37,49,8,29
1,<environment.Job instance at 0x7f080e6c7550>,29,14,[5 2],30,49,63,19,34
1,<environment.Job instance at 0x7f080e6ca820>,32,15,[2 9],33,55,70,22,41
1,<environment.Job instance at 0x7f080e6caaa0>,35,22,[5 2],36,55,77,19,48
1,<environment.Job instance at 0x7f080e6ca410>,39,12,[7 4],40,63,75,23,49
1,<environment.Job instance at 0x7f080f436730>,44,14,[10  3],45,75,89,30,60
1,<environment.Job instance at 0x7f080f4b00a0>,51,13,[7 4],52,89,102,37,73
1,<environment.Job instance at 0x7f080ee17b90>,54,12,[1 8],55,77,89,22,73
1,<environment.Job instance at 0x7f080ed619b0>,59,13,[10  3],60,102,115,42,86
1,<environment.Job instance at 0x7f080ed61a50>,60,14,[8 5],61,115,129,54,100
1,<environment.Job instance at 0x7f080e635c30>,74,14,[6 3],75,115,129,40,107
1,<environment.Job instance at 0x7f080ece5d20>,76,12,[4 6],77,129,141,52,112
1,<environment.Job instance at 0x7f080e654960>,78,17,[6 5],79,129,146,50,117
1,<environment.Job instance at 0x7f080edd6c80>,83,3,[1 5],84,117,120,33,117
1,<environment.Job instance at 0x7f080e93b460>,84,20,[10  5],85,146,166,61,137
1,<environment.Job instance at 0x7f08181a09b0>,86,12,[2 8],87,141,153,54,137
1,<environment.Job instance at 0x7f080e653d70>,92,12,[5 4],93,153,165,60,137
1,<environment.Job instance at 0x7f080ec66730>,2,13,[7 2],3,3,16,0,3
1,<environment.Job instance at 0x7f080ec66d70>,0,16,[1 7],1,5,21,4,5
1,<environment.Job instance at 0x7f080e6e0a50>,6,15,[ 1 10],7,21,36,14,7
1,<environment.Job instance at 0x7f080ea92960>,7,22,[8 4],8,16,38,8,11
1,<environment.Job instance at 0x7f080e645d70>,11,12,[ 5 13],12,38,50,26,21
1,<environment.Job instance at 0x7f080ea92910>,8,17,[3 7],9,50,67,41,38
1,<environment.Job instance at 0x7f080e645960>,12,24,[2 8],13,50,74,37,45
1,<environment.Job instance at 0x7f080eae6cd0>,15,2,[ 4 10],16,74,76,58,47
1,<environment.Job instance at 0x7f080ea92fa0>,9,19,[7 1],10,67,86,57,62
1,<environment.Job instance at 0x7f080f3aedc0>,20,16,[2 7],21,76,92,55,63
1,<environment.Job instance at 0x7f080eb49b40>,22,15,[5 3],23,76,91,53,63
1,<environment.Job instance at 0x7f080eb31280>,25,3,[7 4],26,86,89,60,69
1,<environment.Job instance at 0x7f080e6f0f50>,28,15,[3 7],29,91,106,62,77
1,<environment.Job instance at 0x7f080ea52b90>,31,16,[4 6],32,92,108,60,79
1,<environment.Job instance at 0x7f080eaf7be0>,32,15,[4 8],33,106,121,73,92
1,<environment.Job instance at 0x7f080ea910a0>,37,20,[4 7],38,108,128,70,102
1,<environment.Job instance at 0x7f080ec152d0>,40,17,[5 3],41,121,138,80,109
1,<environment.Job instance at 0x7f080e6ca910>,5,15,[1 8],6,128,143,122,114
1,<environment.Job instance at 0x7f080eab3780>,45,12,[5 5],46,138,150,92,121
1,<environment.Job instance at 0x7f080e61b0f0>,46,3,[5 4],47,121,124,74,121
1,<environment.Job instance at 0x7f080eab3730>,47,21,[5 1],48,124,145,76,121
1,<environment.Job instance at 0x7f080e6ece10>,48,1,[7 3],49,145,146,96,121
1,<environment.Job instance at 0x7f080e6404b0>,49,15,[6 1],50,146,161,96,132
1,<environment.Job instance at 0x7f080e65e140>,58,2,[10  1],59,161,163,102,134
1,<environment.Job instance at 0x7f080f3d4550>,1,16,[2 6],2,2,18,0,2
1,<environment.Job instance at 0x7f080f3d4fa0>,2,16,[9 5],3,3,19,0,3
1,<environment.Job instance at 0x7f080e9e3be0>,6,13,[1 8],7,18,31,11,7
1,<environment.Job instance at 0x7f080e9c2050>,7,16,[10  3],8,19,35,11,8
1,<environment.Job instance at 0x7f080edb3e10>,10,17,[9 4],11,35,52,24,23
1,<environment.Job instance at 0x7f080edb3280>,12,16,[7 2],13,52,68,39,39
1,<environment.Job instance at 0x7f080f3d4f50>,0,15,[1 8],1,39,54,38,39
1,<environment.Job instance at 0x7f080ed8bf50>,18,21,[10  4],19,68,89,49,60
1,<environment.Job instance at 0x7f080edb0dc0>,23,12,[5 5],24,60,72,36,60
1,<environment.Job instance at 0x7f080edb0140>,29,17,[3 5],30,72,89,42,60
1,<environment.Job instance at 0x7f080ed98c30>,32,14,[5 8],33,89,103,56,74
1,<environment.Job instance at 0x7f080ed7a780>,38,15,[4 7],39,89,104,50,75
1,<environment.Job instance at 0x7f080f408cd0>,43,12,[5 8],44,103,115,59,86
1,<environment.Job instance at 0x7f080f408050>,44,14,[3 6],45,104,118,59,89
1,<environment.Job instance at 0x7f080f408460>,47,15,[3 8],48,115,130,67,101
1,<environment.Job instance at 0x7f080e55a190>,48,14,[10  5],49,118,132,69,103
1,<environment.Job instance at 0x7f080e55a820>,50,18,[1 6],51,130,148,79,119
1,<environment.Job instance at 0x7f080e55acd0>,51,14,[8 1],52,132,146,80,119
1,<environment.Job instance at 0x7f080edb3960>,54,15,[9 5],55,146,161,91,132
1,<environment.Job instance at 0x7f080e976cd0>,57,12,[3 8],58,132,144,74,132
1,<environment.Job instance at 0x7f080ed7af00>,4,3,[5 9],5,5,8,0,5
1,<environment.Job instance at 0x7f080ed7ab90>,5,14,[4 7],6,8,22,2,6
1,<environment.Job instance at 0x7f080ed7a820>,7,1,[ 5 10],8,22,23,14,8
1,<environment.Job instance at 0x7f080ed7a910>,9,2,[1 5],10,10,12,0,10
1,<environment.Job instance at 0x7f080ed7af50>,11,17,[2 9],12,23,40,11,12
1,<environment.Job instance at 0x7f080ed7a5f0>,16,15,[4 5],17,17,32,0,17
1,<environment.Job instance at 0x7f080ed7a190>,17,1,[12  5],18,32,33,14,18
1,<environment.Job instance at 0x7f080e9d43c0>,18,2,[10  2],19,33,35,14,19
1,<environment.Job instance at 0x7f080e9d40f0>,20,1,[6 1],21,21,22,0,21
1,<environment.Job instance at 0x7f080e9d4280>,21,1,[7 5],22,35,36,13,22
1,<environment.Job instance at 0x7f080e9d4d20>,22,3,[9 4],23,36,39,13,23
1,<environment.Job instance at 0x7f080e9d4f00>,23,14,[ 1 10],24,40,54,16,25
1,<environment.Job instance at 0x7f080e9d42d0>,26,15,[14  1],27,40,55,13,29
1,<environment.Job instance at 0x7f080e9d4cd0>,29,3,[ 3 11],30,55,58,25,30
1,<environment.Job instance at 0x7f080e9d4230>,30,1,[1 9],31,54,55,23,31
1,<environment.Job instance at 0x7f080e9d4e10>,31,14,[3 7],32,58,72,26,43
1,<environment.Job instance at 0x7f080e9d48c0>,32,14,[ 4 14],33,72,86,39,57
1,<environment.Job instance at 0x7f080e9d4a00>,28,25,[4 7],29,86,111,57,82
1,<environment.Job instance at 0x7f080fad7550>,35,12,[4 6],36,86,98,50,82
1,<environment.Job instance at 0x7f080fad75f0>,36,17,[6 1],37,82,99,45,82
1,<environment.Job instance at 0x7f080fad7a50>,37,13,[9 2],38,99,112,61,83
1,<environment.Job instance at 0x7f080fad7050>,38,1,[ 4 14],39,112,113,73,84
1,<environment.Job instance at 0x7f080e9d4780>,34,20,[8 5],35,113,133,78,104
1,<environment.Job instance at 0x7f080fad7780>,40,12,[7 3],41,113,125,72,104
1,<environment.Job instance at 0x7f080fad7500>,41,13,[8 4],42,133,146,91,117
1,<environment.Job instance at 0x7f080fad71e0>,42,21,[5 3],43,125,146,82,117
1,<environment.Job instance at 0x7f080fad7460>,44,18,[8 5],45,146,164,101,135
1,<environment.Job instance at 0x7f080ea23640>,1,15,[ 3 10],2,2,17,0,2
1,<environment.Job instance at 0x7f080fad7aa0>,2,26,[6 2],3,3,29,0,3
1,<environment.Job instance at 0x7f080ed7b410>,3,2,[ 4 14],4,29,31,25,4
1,<environment.Job instance at 0x7f080ed7b9b0>,4,21,[5 3],5,5,26,0,5
1,<environment.Job instance at 0x7f080ed7b870>,5,2,[5 8],6,26,28,20,6
1,<environment.Job instance at 0x7f080ed7b730>,6,1,[ 4 10],7,17,18,10,7
1,<environment.Job instance at 0x7f080ed855f0>,10,15,[2 8],11,31,46,20,17
1,<environment.Job instance at 0x7f080ed85e60>,14,20,[5 5],15,31,51,16,22
1,<environment.Job instance at 0x7f080ed85280>,16,14,[2 7],17,46,60,29,31
1,<environment.Job instance at 0x7f080ed85550>,17,12,[9 3],18,51,63,33,34
1,<environment.Job instance at 0x7f080f695f50>,18,14,[8 2],19,34,48,15,34
1,<environment.Job instance at 0x7f080ed853c0>,22,15,[10  5],23,63,78,40,49
1,<environment.Job instance at 0x7f080e94f370>,24,15,[3 5],25,51,66,26,49
1,<environment.Job instance at 0x7f080e94f2d0>,27,17,[10  3],28,78,95,50,66
1,<environment.Job instance at 0x7f080e8c70a0>,0,28,[ 1 10],1,66,94,65,66
1,<environment.Job instance at 0x7f080e94f1e0>,32,18,[2 9],33,94,112,61,83
1,<environment.Job instance at 0x7f080f3af820>,33,15,[3 9],34,112,127,78,98
1,<environment.Job instance at 0x7f080e969e60>,39,21,[5 2],40,98,119,58,98
1,<environment.Job instance at 0x7f080e969e10>,42,19,[2 5],43,119,138,76,109
1,<environment.Job instance at 0x7f080e9690a0>,43,12,[1 7],44,127,139,83,110
1,<environment.Job instance at 0x7f080e969780>,44,15,[7 5],45,138,153,93,124
1,<environment.Job instance at 0x7f080e969370>,46,14,[3 6],47,139,153,92,124
1,<environment.Job instance at 0x7f080f408500>,53,14,[4 7],54,153,167,99,138
1,<environment.Job instance at 0x7f080f99d460>,0,19,[5 3],1,1,20,0,1
1,<environment.Job instance at 0x7f080f4087d0>,2,16,[8 5],3,3,19,0,3
1,<environment.Job instance at 0x7f080ef4ac80>,3,3,[4 5],4,19,22,15,5
1,<environment.Job instance at 0x7f080ef4acd0>,5,2,[6 2],6,19,21,13,6
1,<environment.Job instance at 0x7f080ef4a0a0>,4,22,[ 3 10],5,21,43,16,14
1,<environment.Job instance at 0x7f080ef67500>,9,14,[11  3],10,22,36,12,14
1,<environment.Job instance at 0x7f080e6c8460>,10,3,[ 3 11],11,43,46,32,17
1,<environment.Job instance at 0x7f080e6c8370>,12,24,[5 4],13,36,60,23,31
1,<environment.Job instance at 0x7f080e6c8f00>,13,18,[7 3],14,46,64,32,35
1,<environment.Job instance at 0x7f080e6c86e0>,16,12,[3 6],17,46,58,29,43
1,<environment.Job instance at 0x7f080f436cd0>,17,17,[10  1],18,64,81,46,52
1,<environment.Job instance at 0x7f080e6c8e10>,18,17,[5 3],19,60,77,41,52
1,<environment.Job instance at 0x7f080e6a3050>,19,21,[1 8],20,77,98,57,69
1,<environment.Job instance at 0x7f080e6cef50>,20,20,[5 6],21,81,101,60,72
1,<environment.Job instance at 0x7f080f6c5730>,24,21,[5 3],25,98,119,73,90
1,<environment.Job instance at 0x7f080e6d8cd0>,25,21,[6 2],26,101,122,75,93
1,<environment.Job instance at 0x7f080e6d8690>,26,14,[4 9],27,101,115,74,93
1,<environment.Job instance at 0x7f080e6d89b0>,27,26,[3 5],28,115,141,87,112
1,<environment.Job instance at 0x7f080e6d8910>,28,16,[9 1],29,122,138,93,112
1,<environment.Job instance at 0x7f080e6d8b40>,29,2,[1 8],30,119,121,89,112
1,<environment.Job instance at 0x7f080e6d8f50>,32,12,[2 5],33,121,133,88,112
1,<environment.Job instance at 0x7f080f6a6320>,33,17,[9 1],34,138,155,104,126
1,<environment.Job instance at 0x7f080ec69fa0>,36,16,[1 5],37,133,149,96,126
1,<environment.Job instance at 0x7f080ec0faf0>,37,16,[ 4 10],38,149,165,111,136
1,<environment.Job instance at 0x7f080f41c870>,1,1,[4 5],2,2,3,0,2
1,<environment.Job instance at 0x7f080f41c2d0>,2,13,[13  2],3,7,20,4,7
1,<environment.Job instance at 0x7f080f41c370>,6,13,[5 8],7,20,33,13,7
1,<environment.Job instance at 0x7f080f41cd20>,8,12,[6 1],9,20,32,11,9
1,<environment.Job instance at 0x7f080f41cd70>,9,18,[8 4],10,32,50,22,21
1,<environment.Job instance at 0x7f080ec59e10>,16,13,[2 9],17,33,46,16,21
1,<environment.Job instance at 0x7f080ec59a50>,17,14,[2 6],18,46,60,28,31
1,<environment.Job instance at 0x7f080ec59eb0>,18,12,[2 9],19,50,62,31,33
1,<environment.Job instance at 0x7f080ec598c0>,20,16,[5 9],21,62,78,41,49
1,<environment.Job instance at 0x7f080ec59d70>,21,18,[2 6],22,60,78,38,49
1,<environment.Job instance at 0x7f080ec590a0>,22,18,[6 5],23,78,96,55,67
1,<environment.Job instance at 0x7f080ec595f0>,23,17,[5 2],24,78,95,54,67
1,<environment.Job instance at 0x7f080ec59b40>,28,16,[ 5 10],29,95,111,66,82
1,<environment.Job instance at 0x7f080ec59e60>,29,15,[10  3],30,96,111,66,82
1,<environment.Job instance at 0x7f080ec59f00>,32,20,[6 4],33,111,131,78,102
1,<environment.Job instance at 0x7f080f26e550>,37,14,[6 2],38,111,125,73,102
1,<environment.Job instance at 0x7f080f26ee10>,42,13,[5 7],43,125,138,82,109
1,<environment.Job instance at 0x7f080f26e0f0>,48,15,[5 7],49,131,146,82,117
1,<environment.Job instance at 0x7f080ec5baf0>,56,19,[9 5],57,138,157,81,128
1,<environment.Job instance at 0x7f080ec5b550>,59,13,[2 8],60,146,159,86,130
1,<environment.Job instance at 0x7f080f423b40>,3,14,[ 5 10],4,4,18,0,4
1,<environment.Job instance at 0x7f080f423a00>,4,14,[8 1],5,5,19,0,5
1,<environment.Job instance at 0x7f080f41a870>,5,15,[9 4],6,19,34,13,6
1,<environment.Job instance at 0x7f080f41aaf0>,6,17,[1 8],7,18,35,11,7
1,<environment.Job instance at 0x7f080f41a4b0>,16,12,[4 8],17,35,47,18,18
1,<environment.Job instance at 0x7f080eabe280>,18,12,[3 5],19,34,46,15,19
1,<environment.Job instance at 0x7f080eabee60>,19,3,[1 9],20,47,50,27,22
1,<environment.Job instance at 0x7f080eabe5f0>,24,23,[8 1],25,34,57,9,28
1,<environment.Job instance at 0x7f080f4306e0>,25,2,[ 5 14],26,50,52,24,28
1,<environment.Job instance at 0x7f080f430870>,23,18,[9 4],24,57,75,33,46
1,<environment.Job instance at 0x7f080f4f7780>,29,16,[6 5],30,52,68,22,46
1,<environment.Job instance at 0x7f080efe4b90>,30,18,[9 5],31,75,93,44,64
1,<environment.Job instance at 0x7f080f3fc780>,35,21,[5 6],36,68,89,32,64
1,<environment.Job instance at 0x7f080eb54690>,37,13,[5 5],38,89,102,51,73
1,<environment.Job instance at 0x7f080eac1690>,39,17,[6 5],40,93,110,53,81
1,<environment.Job instance at 0x7f080fb947d0>,41,14,[6 4],42,102,116,60,87
1,<environment.Job instance at 0x7f080eabd690>,43,17,[6 1],44,110,127,66,98
1,<environment.Job instance at 0x7f080eaec910>,45,15,[10  3],46,127,142,81,113
1,<environment.Job instance at 0x7f080eabdbe0>,46,18,[2 8],47,113,131,66,113
1,<environment.Job instance at 0x7f080eb684b0>,56,13,[8 3],57,142,155,85,126
1,<environment.Job instance at 0x7f080eb68fa0>,61,21,[5 8],62,131,152,69,126
1,<environment.Job instance at 0x7f080eb686e0>,63,16,[7 4],64,152,168,88,139
1,<environment.Job instance at 0x7f080f1803c0>,0,19,[ 4 12],1,1,20,0,1
1,<environment.Job instance at 0x7f080f180a00>,4,14,[8 4],5,20,34,15,5
1,<environment.Job instance at 0x7f080f180d20>,5,15,[6 3],6,6,21,0,6
1,<environment.Job instance at 0x7f080eb781e0>,1,14,[4 8],2,21,35,19,6
1,<environment.Job instance at 0x7f080f180be0>,10,1,[1 5],11,20,21,9,11
1,<environment.Job instance at 0x7f080f1806e0>,8,21,[6 2],9,34,55,25,26
1,<environment.Job instance at 0x7f080f9ffa50>,23,17,[8 5],24,35,52,11,27
1,<environment.Job instance at 0x7f080f9ff8c0>,26,13,[5 5],27,52,65,25,36
1,<environment.Job instance at 0x7f080f9ffa00>,28,17,[5 2],29,55,72,26,43
1,<environment.Job instance at 0x7f080f9ff3c0>,30,19,[6 4],31,65,84,34,55
1,<environment.Job instance at 0x7f080f180370>,9,12,[10  5],10,84,96,74,67
1,<environment.Job instance at 0x7f080f640730>,50,17,[9 4],51,96,113,45,84
1,<environment.Job instance at 0x7f080f180c30>,7,16,[2 7],8,86,102,78,86
1,<environment.Job instance at 0x7f080e94e5a0>,57,15,[3 8],58,102,117,44,89
1,<environment.Job instance at 0x7f080e94eaa0>,56,19,[9 3],57,113,132,56,109
1,<environment.Job instance at 0x7f080e94ec80>,65,15,[8 5],66,132,147,66,118
1,<environment.Job instance at 0x7f080f640e10>,38,24,[6 3],39,118,142,79,118
1,<environment.Job instance at 0x7f080e94e3c0>,66,15,[5 7],67,142,157,75,128
1,<environment.Job instance at 0x7f080e94e910>,69,16,[8 3],70,147,163,77,134
1,<environment.Job instance at 0x7f080e4770a0>,0,3,[ 4 10],1,1,4,0,1
1,<environment.Job instance at 0x7f080e94e140>,1,12,[11  4],2,2,14,0,2
1,<environment.Job instance at 0x7f080e4772d0>,5,18,[4 8],6,6,24,0,6
1,<environment.Job instance at 0x7f080e477d20>,6,12,[4 8],7,24,36,17,7
1,<environment.Job instance at 0x7f080e477640>,7,15,[1 7],8,14,29,6,8
1,<environment.Job instance at 0x7f080e477aa0>,11,28,[7 1],12,29,57,17,29
1,<environment.Job instance at 0x7f080e41c5f0>,15,17,[6 5],16,36,53,20,29
1,<environment.Job instance at 0x7f080e477b90>,14,16,[4 8],15,53,69,38,40
1,<environment.Job instance at 0x7f080e41cdc0>,18,14,[5 9],19,69,83,50,54
1,<environment.Job instance at 0x7f080e41c0a0>,20,12,[4 5],21,55,67,34,55
1,<environment.Job instance at 0x7f080e41c780>,22,14,[5 5],23,67,81,44,55
1,<environment.Job instance at 0x7f080e41cfa0>,26,14,[ 5 10],27,83,97,56,68
1,<environment.Job instance at 0x7f080e41cc80>,28,17,[8 2],29,81,98,52,75
1,<environment.Job instance at 0x7f080e41c140>,29,12,[8 4],30,98,110,68,81
1,<environment.Job instance at 0x7f080e41c500>,32,16,[3 8],33,97,113,64,84
1,<environment.Job instance at 0x7f080e41c410>,34,19,[7 5],35,110,129,75,100
1,<environment.Job instance at 0x7f080e477eb0>,9,14,[ 3 10],10,113,127,103,101
1,<environment.Job instance at 0x7f080e41c9b0>,35,17,[4 8],36,127,144,91,115
1,<environment.Job instance at 0x7f080e41cc30>,16,17,[ 1 10],17,144,161,127,132
1,<environment.Job instance at 0x7f080e2d2d20>,41,12,[1 6],42,132,144,90,132
1,<environment.Job instance at 0x7f080e2d2eb0>,42,2,[10  1],43,132,134,89,132
1,<environment.Job instance at 0x7f080e2d2d70>,43,24,[13  2],44,144,168,100,139
1,<environment.Job instance at 0x7f080e7be9b0>,0,22,[5 5],1,1,23,0,1
1,<environment.Job instance at 0x7f080e7bebe0>,3,12,[3 9],4,4,16,0,4
1,<environment.Job instance at 0x7f080e7be500>,4,14,[3 9],5,16,30,11,5
1,<environment.Job instance at 0x7f080e7be230>,5,1,[5 2],6,23,24,17,6
1,<environment.Job instance at 0x7f080e7be280>,6,12,[3 6],7,24,36,17,7
1,<environment.Job instance at 0x7f080e7be050>,10,15,[8 2],11,30,45,19,16
1,<environment.Job instance at 0x7f080e7be780>,11,13,[ 3 11],12,36,49,24,20
1,<environment.Job instance at 0x7f080e7be320>,7,17,[7 3],8,45,62,37,33
1,<environment.Job instance at 0x7f080e7befa0>,13,3,[10  2],14,62,65,48,36
1,<environment.Job instance at 0x7f080e7be190>,8,14,[2 8],9,49,63,40,36
1,<environment.Job instance at 0x7f080f5285a0>,16,12,[5 2],17,49,61,32,36
1,<environment.Job instance at 0x7f080f528690>,17,15,[8 4],18,65,80,47,51
1,<environment.Job instance at 0x7f080e7bec30>,1,16,[1 5],2,62,78,60,51
1,<environment.Job instance at 0x7f080f528190>,18,12,[9 4],19,80,92,61,64
1,<environment.Job instance at 0x7f080e7becd0>,9,25,[6 2],10,65,90,55,65
1,<environment.Job instance at 0x7f080f528320>,20,18,[2 9],21,90,108,69,79
1,<environment.Job instance at 0x7f080f528500>,22,21,[7 5],23,92,113,69,84
1,<environment.Job instance at 0x7f080f528870>,19,18,[1 7],20,108,126,88,97
1,<environment.Job instance at 0x7f080ef30960>,27,13,[ 5 14],28,126,139,98,110
1,<environment.Job instance at 0x7f080ef30500>,28,27,[4 9],29,139,166,110,137
1,<environment.Job instance at 0x7f080e9fcaa0>,1,3,[5 9],2,2,5,0,2
1,<environment.Job instance at 0x7f080ef308c0>,2,14,[ 1 10],3,5,19,2,3
1,<environment.Job instance at 0x7f080f65bf00>,3,22,[11  2],4,5,27,1,4
1,<environment.Job instance at 0x7f080eff2640>,6,1,[9 2],7,27,28,20,9
1,<environment.Job instance at 0x7f080eff2b90>,7,3,[5 8],8,27,30,19,9
1,<environment.Job instance at 0x7f080eff2f00>,9,12,[10  3],10,28,40,18,11
1,<environment.Job instance at 0x7f080f2a8690>,12,20,[3 5],13,30,50,17,21
1,<environment.Job instance at 0x7f080f2a8f50>,15,15,[8 4],16,40,55,24,26
1,<environment.Job instance at 0x7f080f2a8410>,16,18,[3 9],17,50,68,33,39
1,<environment.Job instance at 0x7f080e9c4d70>,21,19,[1 5],22,55,74,33,45
1,<environment.Job instance at 0x7f080e9c4960>,23,12,[3 7],24,68,80,44,51
1,<environment.Job instance at 0x7f080e9c4e60>,27,16,[2 9],28,80,96,52,67
1,<environment.Job instance at 0x7f080e9c4780>,29,17,[7 2],30,68,85,38,67
1,<environment.Job instance at 0x7f080e9c4c80>,30,23,[5 4],31,74,97,43,68
1,<environment.Job instance at 0x7f080f63cdc0>,36,15,[7 2],37,85,100,48,71
1,<environment.Job instance at 0x7f080f63cd70>,38,12,[5 5],39,97,109,58,80
1,<environment.Job instance at 0x7f080f63ca50>,44,14,[7 1],45,100,114,55,85
1,<environment.Job instance at 0x7f080f63c960>,46,20,[6 1],47,109,129,62,100
1,<environment.Job instance at 0x7f080f63cfa0>,48,21,[4 6],49,114,135,65,106
1,<environment.Job instance at 0x7f080f6ef5a0>,54,21,[10  5],55,129,150,74,121
1,<environment.Job instance at 0x7f080f6efcd0>,57,16,[1 8],58,135,151,77,122
1,<environment.Job instance at 0x7f080f6ef460>,58,12,[6 3],59,150,162,91,133
1,<environment.Job instance at 0x7f080f6ef190>,59,15,[5 2],60,150,165,90,136
1,<environment.Job instance at 0x7f080f6efeb0>,61,17,[4 9],62,151,168,89,139
1,<environment.Job instance at 0x7f080f196aa0>,0,18,[6 5],1,1,19,0,1
1,<environment.Job instance at 0x7f080f196730>,1,14,[8 4],2,2,16,0,2
1,<environment.Job instance at 0x7f080f196a50>,2,15,[4 7],3,16,31,13,3
1,<environment.Job instance at 0x7f080f196870>,5,3,[7 2],6,19,22,13,6
1,<environment.Job instance at 0x7f080f196500>,7,21,[1 5],8,19,40,11,11
1,<environment.Job instance at 0x7f080f196cd0>,9,3,[7 4],10,31,34,21,14
1,<environment.Job instance at 0x7f080f196910>,10,12,[1 8],11,34,46,23,18
1,<environment.Job instance at 0x7f080e942b90>,16,17,[7 3],17,40,57,23,28
1,<environment.Job instance at 0x7f080e942960>,17,15,[2 5],18,46,61,28,32
1,<environment.Job instance at 0x7f080e942190>,19,18,[5 5],20,46,64,26,35
1,<environment.Job instance at 0x7f080e942a00>,20,12,[7 4],21,57,69,36,40
1,<environment.Job instance at 0x7f080e942460>,21,14,[3 9],22,64,78,42,53
1,<environment.Job instance at 0x7f080e9420a0>,24,15,[5 7],25,78,93,53,64
1,<environment.Job instance at 0x7f080f1969b0>,8,15,[13  3],9,93,108,84,79
1,<environment.Job instance at 0x7f080f196fa0>,3,18,[2 9],4,93,111,89,90
1,<environment.Job instance at 0x7f080e9423c0>,28,13,[3 6],29,108,121,79,92
1,<environment.Job instance at 0x7f080f196b40>,6,22,[8 1],7,111,133,104,104
1,<environment.Job instance at 0x7f080e942dc0>,31,22,[7 4],32,121,143,89,115
1,<environment.Job instance at 0x7f080e942e10>,32,12,[10  5],33,143,155,110,126
1,<environment.Job instance at 0x7f080fa828c0>,33,2,[ 5 12],34,155,157,121,128
1,<environment.Job instance at 0x7f080fa82e60>,34,14,[4 8],35,133,147,98,128
1,<environment.Job instance at 0x7f080f3140f0>,0,12,[1 9],1,1,13,0,1
1,<environment.Job instance at 0x7f080fa82af0>,1,16,[5 4],2,2,18,0,2
1,<environment.Job instance at 0x7f080fa82e60>,3,1,[5 6],4,13,14,9,4
1,<environment.Job instance at 0x7f080f339fa0>,4,13,[5 2],5,5,18,0,5
1,<environment.Job instance at 0x7f080f339910>,6,20,[6 2],7,18,38,11,9
1,<environment.Job instance at 0x7f080f339190>,10,14,[5 5],11,14,28,3,11
1,<environment.Job instance at 0x7f080f339d20>,11,14,[8 3],12,28,42,16,13
1,<environment.Job instance at 0x7f080f339dc0>,14,13,[6 3],15,38,51,23,23
1,<environment.Job instance at 0x7f080f339c30>,15,12,[4 9],16,42,54,26,25
1,<environment.Job instance at 0x7f080f3393c0>,12,1,[4 5],13,25,26,12,25
1,<environment.Job instance at 0x7f080f339af0>,8,13,[5 7],9,54,67,45,38
1,<environment.Job instance at 0x7f080f3396e0>,18,20,[10  5],19,51,71,32,51
1,<environment.Job instance at 0x7f080f339730>,19,18,[3 5],20,67,85,47,56
1,<environment.Job instance at 0x7f080f339690>,17,16,[3 5],18,71,87,53,59
1,<environment.Job instance at 0x7f080f339280>,13,14,[5 2],14,71,85,57,59
1,<environment.Job instance at 0x7f080f339a50>,20,17,[2 9],21,85,102,64,75
1,<environment.Job instance at 0x7f080fb48a50>,23,3,[2 6],24,87,90,63,76
1,<environment.Job instance at 0x7f080fb48320>,27,14,[3 8],28,102,116,74,91
1,<environment.Job instance at 0x7f080fb48460>,29,12,[2 6],30,91,103,61,91
1,<environment.Job instance at 0x7f080fb48190>,32,18,[5 6],33,103,121,70,103
1,<environment.Job instance at 0x7f080fb48500>,33,16,[1 8],34,116,132,82,105
1,<environment.Job instance at 0x7f080f3391e0>,16,25,[5 9],17,132,157,115,128
1,<environment.Job instance at 0x7f080f339140>,22,23,[6 2],23,135,158,112,135
1,<environment.Job instance at 0x7f080fb48f00>,39,2,[ 5 10],40,157,159,117,135
1,<environment.Job instance at 0x7f080e759f50>,0,16,[2 6],1,1,17,0,1
1,<environment.Job instance at 0x7f080fb48fa0>,2,15,[3 7],3,3,18,0,3
1,<environment.Job instance at 0x7f080fb48f50>,1,1,[5 3],2,17,18,15,5
1,<environment.Job instance at 0x7f080e759910>,4,3,[3 9],5,18,21,13,5
1,<environment.Job instance at 0x7f080e7592d0>,7,15,[1 9],8,21,36,13,8
1,<environment.Job instance at 0x7f080e759c80>,5,1,[ 4 14],6,36,37,30,9
1,<environment.Job instance at 0x7f080e759eb0>,8,15,[9 3],9,18,33,9,9
1,<environment.Job instance at 0x7f080f0f6050>,11,12,[1 8],12,37,49,25,20
1,<environment.Job instance at 0x7f080f0f6730>,10,13,[5 4],11,37,50,26,21
1,<environment.Job instance at 0x7f080e752dc0>,15,2,[3 5],16,33,35,17,22
1,<environment.Job instance at 0x7f080e759d20>,9,16,[2 6],10,49,65,39,38
1,<environment.Job instance at 0x7f080e752460>,17,2,[10  2],18,50,52,32,38
1,<environment.Job instance at 0x7f080f0f6eb0>,14,22,[9 5],15,52,74,37,45
1,<environment.Job instance at 0x7f080e752640>,19,17,[ 5 10],20,65,82,45,53
1,<environment.Job instance at 0x7f080e752910>,21,16,[4 8],22,82,98,60,69
1,<environment.Job instance at 0x7f080e752410>,27,14,[3 7],28,82,96,54,69
1,<environment.Job instance at 0x7f080e752e60>,29,16,[8 2],30,96,112,66,83
1,<environment.Job instance at 0x7f080e752b90>,31,19,[4 7],32,98,117,66,88
1,<environment.Job instance at 0x7f080e7520f0>,34,21,[8 5],35,112,133,77,104
1,<environment.Job instance at 0x7f080e7b8320>,38,18,[3 6],39,117,135,78,106
1,<environment.Job instance at 0x7f080e7b8500>,40,18,[ 5 10],41,135,153,94,124
1,<environment.Job instance at 0x7f080e7b80f0>,41,20,[10  5],42,133,153,91,124
1,<environment.Job instance at 0x7f080e3aac80>,0,15,[5 2],1,1,16,0,1
1,<environment.Job instance at 0x7f080e3aa050>,1,12,[8 3],2,3,15,1,3
1,<environment.Job instance at 0x7f080e3aa230>,3,3,[ 5 14],4,16,19,12,5
1,<environment.Job instance at 0x7f080e9f6c80>,5,2,[ 4 11],6,19,21,13,7
1,<environment.Job instance at 0x7f080e38adc0>,8,21,[5 4],9,19,40,10,11
1,<environment.Job instance at 0x7f080f43ea50>,12,3,[5 9],13,21,24,8,13
1,<environment.Job instance at 0x7f080f43edc0>,13,14,[3 7],14,24,38,10,14
1,<environment.Job instance at 0x7f080f43ef50>,14,3,[ 2 12],15,40,43,25,15
1,<environment.Job instance at 0x7f080f43e9b0>,18,12,[ 4 11],19,43,55,24,26
1,<environment.Job instance at 0x7f080f43eaf0>,15,12,[6 5],16,55,67,39,41
1,<environment.Job instance at 0x7f080e2960f0>,28,20,[9 2],29,41,61,12,41
1,<environment.Job instance at 0x7f080e3ad960>,41,22,[7 4],42,61,83,19,54
1,<environment.Job instance at 0x7f080e3adfa0>,42,16,[6 1],43,67,83,24,54
1,<environment.Job instance at 0x7f080f42caa0>,49,14,[2 8],50,67,81,17,54
1,<environment.Job instance at 0x7f080f42ca00>,50,18,[5 5],51,83,101,32,72
1,<environment.Job instance at 0x7f080e9c5e60>,54,18,[4 5],55,83,101,28,72
1,<environment.Job instance at 0x7f080e9c5410>,58,16,[10  4],59,101,117,42,88
1,<environment.Job instance at 0x7f080e9c5d20>,61,15,[6 3],62,117,132,55,103
1,<environment.Job instance at 0x7f080e9c57d0>,62,12,[7 4],63,117,129,54,103
1,<environment.Job instance at 0x7f080e9c5320>,64,14,[5 5],65,103,117,38,103
1,<environment.Job instance at 0x7f080fa98d70>,72,13,[2 7],73,117,130,44,103
1,<environment.Job instance at 0x7f080f9c4dc0>,73,17,[8 5],74,130,147,56,118
1,<environment.Job instance at 0x7f080f9c4370>,74,12,[5 8],75,132,144,57,118
1,<environment.Job instance at 0x7f080e297690>,75,16,[6 1],76,144,160,68,131
1,<environment.Job instance at 0x7f080e297f00>,76,16,[1 8],77,144,160,67,131
1,<environment.Job instance at 0x7f080eb4a050>,81,14,[3 6],82,147,161,65,132
1,<environment.Job instance at 0x7f080e58c5f0>,1,18,[9 4],2,2,20,0,2
1,<environment.Job instance at 0x7f080e6bd050>,2,15,[5 6],3,3,18,0,3
1,<environment.Job instance at 0x7f080e58c6e0>,3,3,[6 5],4,18,21,14,4
1,<environment.Job instance at 0x7f080eb4aeb0>,4,2,[10  4],5,21,23,16,5
1,<environment.Job instance at 0x7f080eb4a960>,6,3,[7 3],7,23,26,16,7
1,<environment.Job instance at 0x7f080eb4af50>,7,13,[6 1],8,23,36,15,8
1,<environment.Job instance at 0x7f080e6cb4b0>,9,12,[2 7],10,20,32,10,10
1,<environment.Job instance at 0x7f080e6cbf50>,13,16,[4 5],14,26,42,12,14
1,<environment.Job instance at 0x7f080e3ce370>,16,17,[5 8],17,32,49,15,22
1,<environment.Job instance at 0x7f080f3ed370>,21,14,[9 4],22,42,56,20,27
1,<environment.Job instance at 0x7f080e876dc0>,23,13,[5 4],24,49,62,25,33
1,<environment.Job instance at 0x7f080f3a66e0>,24,19,[6 3],25,56,75,31,46
1,<environment.Job instance at 0x7f080fa60a50>,29,18,[2 5],30,56,74,26,47
1,<environment.Job instance at 0x7f080e83f2d0>,31,19,[5 3],32,62,81,30,52
1,<environment.Job instance at 0x7f080e83faa0>,32,15,[3 5],33,74,89,41,60
1,<environment.Job instance at 0x7f080f3e3aa0>,35,17,[5 1],36,75,92,39,63
1,<environment.Job instance at 0x7f080e695c30>,37,19,[1 8],38,81,100,43,73
1,<environment.Job instance at 0x7f080e695140>,38,16,[1 9],39,100,116,61,87
1,<environment.Job instance at 0x7f080e6a5780>,40,12,[4 5],41,89,101,48,87
1,<environment.Job instance at 0x7f080f393690>,18,13,[ 3 12],19,116,129,97,102
1,<environment.Job instance at 0x7f080e67dd20>,42,2,[5 6],43,102,104,59,102
1,<environment.Job instance at 0x7f080e67deb0>,43,2,[8 1],44,104,106,60,103
1,<environment.Job instance at 0x7f080ea7c780>,17,13,[ 1 10],18,129,142,111,115
1,<environment.Job instance at 0x7f080e3ce410>,15,14,[14  2],16,129,143,113,115
1,<environment.Job instance at 0x7f080e238780>,46,17,[ 2 12],47,143,160,96,131
1,<environment.Job instance at 0x7f080e8b5fa0>,0,24,[6 1],1,1,25,0,1
1,<environment.Job instance at 0x7f080e6a5b90>,4,12,[3 8],5,5,17,0,5
1,<environment.Job instance at 0x7f080ebb4d20>,19,14,[8 3],20,20,34,0,20
1,<environment.Job instance at 0x7f080eb8b050>,23,13,[5 2],24,25,38,1,24
1,<environment.Job instance at 0x7f080eb8b2d0>,25,16,[9 5],26,34,50,8,26
1,<environment.Job instance at 0x7f080eb8b1e0>,26,13,[2 6],27,38,51,11,27
1,<environment.Job instance at 0x7f080eb8b370>,29,20,[6 3],30,50,70,20,41
1,<environment.Job instance at 0x7f080eb8b730>,33,19,[1 9],34,51,70,17,41
1,<environment.Job instance at 0x7f080eb8b7d0>,34,12,[8 3],35,51,63,16,41
1,<environment.Job instance at 0x7f080eb8b910>,36,15,[5 5],37,70,85,33,56
1,<environment.Job instance at 0x7f080eb8bd70>,42,12,[1 8],43,70,82,27,56
1,<environment.Job instance at 0x7f080eb9f1e0>,46,13,[4 7],47,82,95,35,66
1,<environment.Job instance at 0x7f080eb9f320>,48,16,[10  5],49,85,101,36,72
1,<environment.Job instance at 0x7f080eb9f6e0>,54,14,[5 6],55,95,109,40,80
1,<environment.Job instance at 0x7f080eb9f780>,55,16,[8 5],56,101,117,45,88
1,<environment.Job instance at 0x7f080eb9f690>,57,18,[3 6],58,109,127,51,98
1,<environment.Job instance at 0x7f080eb9faa0>,59,14,[4 7],60,117,131,57,102
1,<environment.Job instance at 0x7f080eb9fbe0>,60,15,[5 1],61,117,132,56,107
1,<environment.Job instance at 0x7f080eb9fc80>,62,12,[7 5],63,131,143,68,114
1,<environment.Job instance at 0x7f080eb9fd20>,63,20,[2 5],64,127,147,63,118
1,<environment.Job instance at 0x7f080eb9fdc0>,64,15,[2 5],65,132,147,67,118
1,<environment.Job instance at 0x7f080eb9ffa0>,67,12,[5 3],68,143,155,75,126
1,<environment.Job instance at 0x7f38f7661460>,2,13,[10  1],3,3,16,0,3
1,<environment.Job instance at 0x7f38f7661500>,3,17,[ 5 10],4,4,21,0,4
1,<environment.Job instance at 0x7f38f76616e0>,4,1,[5 6],5,21,22,16,5
1,<environment.Job instance at 0x7f38f76617d0>,5,12,[1 7],6,21,33,15,6
1,<environment.Job instance at 0x7f38f7661a50>,8,16,[1 8],9,22,38,13,10
1,<environment.Job instance at 0x7f38f7661aa0>,10,12,[5 5],11,33,45,22,16
1,<environment.Job instance at 0x7f38f7661d20>,14,18,[1 6],15,38,56,23,27
1,<environment.Job instance at 0x7f38f7661dc0>,15,16,[11  5],16,45,61,29,32
1,<environment.Job instance at 0x7f38f7661fa0>,18,12,[1 8],19,56,68,37,39
1,<environment.Job instance at 0x7f38f7663280>,20,14,[4 8],21,68,82,47,53
1,<environment.Job instance at 0x7f38f76633c0>,22,21,[5 5],23,61,82,38,53
1,<environment.Job instance at 0x7f38f76635a0>,25,16,[9 2],26,82,98,56,69
1,<environment.Job instance at 0x7f38f7661af0>,9,16,[ 4 11],10,82,98,72,73
1,<environment.Job instance at 0x7f38f7663050>,27,13,[11  4],28,98,111,70,85
1,<environment.Job instance at 0x7f38f76630f0>,28,2,[ 3 10],29,98,100,69,86
1,<environment.Job instance at 0x7f38f7663640>,26,16,[9 1],27,111,127,84,99
1,<environment.Job instance at 0x7f38f76637d0>,29,18,[5 1],30,111,129,81,100
1,<environment.Job instance at 0x7f38f7663a50>,33,14,[5 7],34,127,141,93,112
1,<environment.Job instance at 0x7f38f7663c30>,36,18,[10  1],37,129,147,92,118
1,<environment.Job instance at 0x7f38f7663cd0>,37,13,[7 1],38,147,160,109,131
1,<environment.Job instance at 0x7f38f7663eb0>,40,13,[ 2 10],41,141,154,100,135
1,<environment.Job instance at 0x7f38f7666230>,43,22,[5 3],44,147,169,103,140
1,<environment.Job instance at 0x7f38f7666410>,46,14,[3 6],47,154,168,107,141
1,<environment.Job instance at 0x7f38f767c370>,0,14,[ 4 11],1,1,15,0,1
1,<environment.Job instance at 0x7f38f767c280>,4,12,[8 2],5,6,18,1,6
1,<environment.Job instance at 0x7f38f77c0780>,6,16,[8 5],7,18,34,11,7
1,<environment.Job instance at 0x7f38f77c0a00>,7,17,[8 4],8,34,51,26,22
1,<environment.Job instance at 0x7f38f77c0aa0>,13,16,[9 1],14,51,67,37,38
1,<environment.Job instance at 0x7f38f77c0f00>,15,15,[4 8],16,38,53,22,38
1,<environment.Job instance at 0x7f38f76db190>,18,15,[2 5],19,51,66,32,38
1,<environment.Job instance at 0x7f38f76db1e0>,19,18,[7 3],20,67,85,47,56
1,<environment.Job instance at 0x7f38f76dbeb0>,20,15,[3 7],21,56,71,35,56
1,<environment.Job instance at 0x7f38f77c0050>,8,14,[8 4],9,71,85,62,59
1,<environment.Job instance at 0x7f38f76dbdc0>,22,16,[9 1],23,85,101,62,72
1,<environment.Job instance at 0x7f38f76db460>,26,17,[1 5],27,85,102,58,73
1,<environment.Job instance at 0x7f38f76664b0>,2,18,[2 5],3,85,103,82,79
1,<environment.Job instance at 0x7f38f6d1a0a0>,31,13,[4 9],32,102,115,70,88
1,<environment.Job instance at 0x7f38f76db5f0>,32,16,[6 4],33,103,119,70,96
1,<environment.Job instance at 0x7f38f76db730>,29,12,[5 5],30,115,127,85,103
1,<environment.Job instance at 0x7f38f6fb6640>,36,17,[5 7],37,119,136,82,107
1,<environment.Job instance at 0x7f38f70c1af0>,38,18,[1 9],39,136,154,97,125
1,<environment.Job instance at 0x7f38f713db90>,40,16,[2 5],41,127,143,86,125
1,<environment.Job instance at 0x7f38f71b7dc0>,42,19,[5 1],43,125,144,82,125
1,<environment.Job instance at 0x7f38f6d23fa0>,43,14,[5 9],44,154,168,110,139
1,<environment.Job instance at 0x7f38f6d885f0>,49,19,[6 1],50,143,162,93,139
1,<environment.Job instance at 0x7f38f6d7db40>,1,15,[5 5],2,2,17,0,2
1,<environment.Job instance at 0x7f38f6d7d500>,2,12,[3 8],3,3,15,0,3
1,<environment.Job instance at 0x7f38f6d7deb0>,0,15,[7 1],1,4,19,3,4
1,<environment.Job instance at 0x7f38f7078050>,4,13,[1 6],5,15,28,10,5
1,<environment.Job instance at 0x7f38f6d7d8c0>,9,14,[5 2],10,17,31,7,10
1,<environment.Job instance at 0x7f38f6d7dc30>,10,14,[5 4],11,19,33,8,11
1,<environment.Job instance at 0x7f38f6d18b90>,12,15,[2 9],13,28,43,15,14
1,<environment.Job instance at 0x7f38f6d189b0>,15,22,[5 2],16,31,53,15,24
1,<environment.Job instance at 0x7f38f6d7d4b0>,8,12,[5 5],9,43,55,34,27
1,<environment.Job instance at 0x7f38f6d183c0>,18,1,[6 2],19,33,34,14,27
1,<environment.Job instance at 0x7f38f6d186e0>,19,12,[7 4],20,53,65,33,40
1,<environment.Job instance at 0x7f38f6d7d6e0>,13,14,[12  3],14,65,79,51,50
1,<environment.Job instance at 0x7f38f6d7d460>,5,20,[ 2 11],6,55,75,49,55
1,<environment.Job instance at 0x7f38f6d18280>,21,17,[11  2],22,79,96,57,67
1,<environment.Job instance at 0x7f38f6d18550>,22,13,[11  3],23,96,109,73,80
1,<environment.Job instance at 0x7f38f6d18aa0>,24,14,[10  3],25,109,123,84,94
1,<environment.Job instance at 0x7f38f6d18dc0>,25,2,[7 5],26,123,125,97,96
1,<environment.Job instance at 0x7f38f6d18e10>,23,17,[11  5],24,125,142,101,114
1,<environment.Job instance at 0x7f38f6d184b0>,27,1,[2 5],28,114,115,86,114
1,<environment.Job instance at 0x7f38f6d7d230>,6,19,[9 1],7,142,161,135,132
1,<environment.Job instance at 0x7f38f6d52780>,29,1,[5 5],30,142,143,112,132
1,<environment.Job instance at 0x7f38f6d52870>,31,13,[7 4],32,161,174,129,145
1,<environment.Job instance at 0x7f38f6d52190>,40,14,[8 5],41,161,175,120,146
1,<environment.Job instance at 0x7f38f74ad780>,54,14,[6 3],55,146,160,91,146
1,<environment.Job instance at 0x7f38f709d5f0>,1,16,[4 6],2,2,18,0,2
1,<environment.Job instance at 0x7f38f7244280>,2,15,[4 8],3,3,18,0,3
1,<environment.Job instance at 0x7f38f7244c80>,5,16,[14  3],6,18,34,12,6
1,<environment.Job instance at 0x7f38f72441e0>,11,2,[12  4],12,34,36,22,12
1,<environment.Job instance at 0x7f38f72d9f50>,12,1,[10  5],13,36,37,23,13
1,<environment.Job instance at 0x7f38f7328730>,13,1,[3 5],14,34,35,20,14
1,<environment.Job instance at 0x7f38f73286e0>,14,3,[7 1],15,15,18,0,15
1,<environment.Job instance at 0x7f38f7244910>,10,17,[5 3],11,36,53,25,24
1,<environment.Job instance at 0x7f38f71b4960>,16,3,[5 4],17,37,40,20,24
1,<environment.Job instance at 0x7f38f71a0e60>,15,12,[5 5],16,37,49,21,25
1,<environment.Job instance at 0x7f38f70aaf50>,18,1,[7 3],19,49,50,30,25
1,<environment.Job instance at 0x7f38f71a0aa0>,19,15,[6 1],20,50,65,30,36
1,<environment.Job instance at 0x7f38f7244c30>,7,20,[4 7],8,50,70,42,41
1,<environment.Job instance at 0x7f38f71a0d20>,17,21,[5 1],18,53,74,35,53
1,<environment.Job instance at 0x7f38f6da5730>,29,12,[7 3],30,70,82,40,53
1,<environment.Job instance at 0x7f38f70045f0>,21,26,[6 3],22,74,100,52,71
1,<environment.Job instance at 0x7f38f72ec410>,32,15,[5 2],33,82,97,49,71
1,<environment.Job instance at 0x7f38f77c0c80>,33,14,[14  5],34,100,114,66,85
1,<environment.Job instance at 0x7f38f70755f0>,34,15,[1 7],35,85,100,50,85
1,<environment.Job instance at 0x7f38f7075c30>,35,13,[5 2],36,114,127,78,98
1,<environment.Job instance at 0x7f38f7163aa0>,31,18,[1 8],32,108,126,76,108
1,<environment.Job instance at 0x7f38f711e820>,38,18,[1 7],39,126,144,87,115
1,<environment.Job instance at 0x7f38f70c56e0>,39,16,[9 4],40,115,131,75,115
1,<environment.Job instance at 0x7f38f6da7e10>,40,14,[8 3],41,131,145,90,116
1,<environment.Job instance at 0x7f38f70c5640>,41,15,[5 3],42,127,142,85,116
1,<environment.Job instance at 0x7f38f71501e0>,43,22,[3 9],44,144,166,100,137
1,<environment.Job instance at 0x7f38f7138e10>,36,25,[10  1],37,145,170,108,141
1,<environment.Job instance at 0x7f38f7d4e960>,0,22,[4 5],1,1,23,0,1
1,<environment.Job instance at 0x7f38f7d4e320>,1,3,[ 4 12],2,23,26,21,2
1,<environment.Job instance at 0x7f38f7d4e870>,2,3,[2 9],3,3,6,0,3
1,<environment.Job instance at 0x7f38f7d4e140>,3,12,[5 8],4,6,18,2,4
1,<environment.Job instance at 0x7f38f7d3a500>,5,13,[10  3],6,18,31,12,9
1,<environment.Job instance at 0x7f38f7a801e0>,9,3,[8 1],10,31,34,21,10
1,<environment.Job instance at 0x7f38f7d3a8c0>,7,15,[3 8],8,26,41,18,17
1,<environment.Job instance at 0x7f38f7a80c30>,13,3,[4 5],14,31,34,17,17
1,<environment.Job instance at 0x7f38f7a80d70>,14,15,[9 5],15,34,49,19,20
1,<environment.Job instance at 0x7f38f7d29f50>,17,12,[3 8],18,41,53,23,26
1,<environment.Job instance at 0x7f38f7d3a1e0>,4,14,[3 6],5,49,63,44,34
1,<environment.Job instance at 0x7f38f7a80780>,10,18,[1 6],11,53,71,42,42
1,<environment.Job instance at 0x7f38f7d29280>,23,28,[5 2],24,53,81,29,52
1,<environment.Job instance at 0x7f38f7a808c0>,11,14,[8 1],12,63,77,51,55
1,<environment.Job instance at 0x7f38f7d5b140>,26,12,[1 8],27,71,83,44,55
1,<environment.Job instance at 0x7f38f7a83050>,28,19,[9 5],29,77,96,48,67
1,<environment.Job instance at 0x7f38f7a831e0>,29,16,[8 3],30,96,112,66,83
1,<environment.Job instance at 0x7f38f7a885a0>,31,17,[4 8],32,83,100,51,83
1,<environment.Job instance at 0x7f38f7a83230>,27,12,[ 1 10],28,100,112,72,86
1,<environment.Job instance at 0x7f38f6c1f320>,34,17,[9 3],35,112,129,77,100
1,<environment.Job instance at 0x7f38f6c1fa50>,36,14,[ 5 10],37,112,126,75,100
1,<environment.Job instance at 0x7f38f7a38190>,40,3,[5 6],41,126,129,85,100
1,<environment.Job instance at 0x7f38f7d33dc0>,41,18,[2 6],42,129,147,87,118
1,<environment.Job instance at 0x7f38f7d3a730>,42,14,[2 6],43,129,143,86,118
1,<environment.Job instance at 0x7f38f7d5b6e0>,43,19,[3 6],44,143,162,99,133
1,<environment.Job instance at 0x7f38f6c515f0>,45,14,[5 1],46,133,147,87,133
1,<environment.Job instance at 0x7f38f6c51dc0>,46,21,[4 6],47,147,168,100,139
1,<environment.Job instance at 0x7f38f6c4e7d0>,0,28,[ 4 14],1,1,29,0,1
1,<environment.Job instance at 0x7f38f6c52cd0>,7,15,[14  1],8,29,44,21,15
1,<environment.Job instance at 0x7f38f6c52dc0>,8,12,[3 9],9,44,56,35,27
1,<environment.Job instance at 0x7f38f6c52f00>,6,17,[6 3],7,44,61,37,32
1,<environment.Job instance at 0x7f38f6c51820>,2,13,[3 6],3,56,69,53,41
1,<environment.Job instance at 0x7f38f6c52d20>,11,21,[7 5],12,61,82,49,54
1,<environment.Job instance at 0x7f38f6c52910>,17,20,[3 8],18,69,89,51,64
1,<environment.Job instance at 0x7f38f6c527d0>,18,21,[2 6],19,82,103,63,74
1,<environment.Job instance at 0x7f38f6c52870>,20,16,[8 1],21,82,98,61,74
1,<environment.Job instance at 0x7f38f6c87640>,21,13,[9 3],22,98,111,76,82
1,<environment.Job instance at 0x7f38f6c87af0>,22,13,[5 1],23,103,116,80,89
1,<environment.Job instance at 0x7f38f70975a0>,25,14,[4 8],26,111,125,85,96
1,<environment.Job instance at 0x7f38f7097be0>,26,12,[5 2],27,111,123,84,96
1,<environment.Job instance at 0x7f38f7097b90>,29,12,[1 7],30,123,135,93,106
1,<environment.Job instance at 0x7f38f7097730>,37,14,[10  2],38,125,139,87,110
1,<environment.Job instance at 0x7f38f7097aa0>,43,14,[9 1],44,139,153,95,124
1,<environment.Job instance at 0x7f38f7097f50>,44,15,[9 4],45,153,168,108,139
1,<environment.Job instance at 0x7f38f7097a00>,45,17,[6 2],46,139,156,93,139
1,<environment.Job instance at 0x7f38f6c49a50>,2,2,[8 3],3,3,5,0,3
1,<environment.Job instance at 0x7f39007e14b0>,3,18,[8 5],4,5,23,1,4
1,<environment.Job instance at 0x7f38f7ce1190>,4,18,[ 4 10],5,5,23,0,5
1,<environment.Job instance at 0x7f38f6c1c8c0>,7,13,[7 3],8,23,36,15,8
1,<environment.Job instance at 0x7f38f7ce1eb0>,9,3,[3 9],10,23,26,13,12
1,<environment.Job instance at 0x7f38f6c1c820>,10,12,[1 7],11,26,38,15,13
1,<environment.Job instance at 0x7f38f6c1c410>,14,2,[8 4],15,36,38,21,20
1,<environment.Job instance at 0x7f38f6c1c4b0>,13,14,[10  5],14,38,52,24,23
1,<environment.Job instance at 0x7f38f6c1c0a0>,20,3,[7 1],21,26,29,5,23
1,<environment.Job instance at 0x7f38f6c1c640>,21,14,[5 7],22,38,52,16,23
1,<environment.Job instance at 0x7f38f6c1cf00>,22,17,[2 6],23,52,69,29,40
1,<environment.Job instance at 0x7f38f6c1ce10>,23,16,[7 4],24,52,68,28,40
1,<environment.Job instance at 0x7f38f6c1c0f0>,24,12,[5 3],25,52,64,27,40
1,<environment.Job instance at 0x7f38f7a7f730>,27,15,[10  2],28,68,83,40,54
1,<environment.Job instance at 0x7f38f6c1cbe0>,11,13,[4 7],12,69,82,57,54
1,<environment.Job instance at 0x7f38f7a7f460>,30,17,[5 2],31,82,99,51,70
1,<environment.Job instance at 0x7f38f7a7f370>,31,20,[8 4],32,83,103,51,74
1,<environment.Job instance at 0x7f38f6c1c050>,15,25,[2 8],16,83,108,67,79
1,<environment.Job instance at 0x7f38f7a7fbe0>,36,3,[12  2],37,103,106,66,79
1,<environment.Job instance at 0x7f38f7a7feb0>,37,13,[6 1],38,106,119,68,90
1,<environment.Job instance at 0x7f38f7a7f050>,38,17,[2 5],39,106,123,67,94
1,<environment.Job instance at 0x7f38f7a7fe60>,39,1,[4 8],40,108,109,68,94
1,<environment.Job instance at 0x7f38f7a7fc30>,32,24,[4 6],33,109,133,76,104
1,<environment.Job instance at 0x7f39007e1e10>,0,16,[9 2],1,119,135,118,106
1,<environment.Job instance at 0x7f38f7a7f410>,42,19,[7 3],43,135,154,92,125
1,<environment.Job instance at 0x7f38f7a7f640>,44,28,[2 6],45,125,153,80,125
1,<environment.Job instance at 0x7f38f7a7f320>,45,3,[11  4],46,154,157,108,128
1,<environment.Job instance at 0x7f38f6c2ccd0>,46,1,[7 1],47,153,154,106,128
1,<environment.Job instance at 0x7f38f6c2c230>,47,12,[ 3 12],48,157,169,109,140
1,<environment.Job instance at 0x7f38f79f1870>,1,2,[4 8],2,2,4,0,2
1,<environment.Job instance at 0x7f38f6c2c820>,2,12,[ 5 10],3,4,16,1,3
1,<environment.Job instance at 0x7f38f6d5b500>,3,1,[2 8],4,16,17,12,4
1,<environment.Job instance at 0x7f38f6d5b6e0>,6,2,[1 8],7,17,19,10,7
1,<environment.Job instance at 0x7f38f6d5bc30>,9,12,[11  2],10,16,28,6,10
1,<environment.Job instance at 0x7f38f6d5b910>,10,3,[13  3],11,28,31,17,17
1,<environment.Job instance at 0x7f38f6d6a870>,16,18,[2 8],17,19,37,2,17
1,<environment.Job instance at 0x7f38f6d6af50>,18,18,[5 1],19,31,49,12,20
1,<environment.Job instance at 0x7f38f6d57e60>,21,13,[5 8],22,37,50,15,23
1,<environment.Job instance at 0x7f38f6d6ad70>,22,15,[7 4],23,49,64,26,35
1,<environment.Job instance at 0x7f38f8061640>,28,14,[ 2 10],29,50,64,21,35
1,<environment.Job instance at 0x7f38f7e30eb0>,36,17,[7 3],37,64,81,27,52
1,<environment.Job instance at 0x7f38f6d5b0f0>,12,23,[1 6],13,64,87,51,58
1,<environment.Job instance at 0x7f38f761cd70>,38,1,[10  5],39,81,82,42,59
1,<environment.Job instance at 0x7f38f76381e0>,39,3,[3 6],40,64,67,24,60
1,<environment.Job instance at 0x7f38f7625c30>,40,17,[10  2],41,82,99,41,70
1,<environment.Job instance at 0x7f38f7625f00>,41,3,[3 7],42,82,85,40,70
1,<environment.Job instance at 0x7f38f7602960>,42,19,[4 6],43,85,104,42,76
1,<environment.Job instance at 0x7f38f76024b0>,43,2,[12  1],44,104,106,60,77
1,<environment.Job instance at 0x7f38f7e62190>,44,2,[8 4],45,99,101,54,77
1,<environment.Job instance at 0x7f38f76112d0>,37,19,[2 8],38,101,120,63,91
1,<environment.Job instance at 0x7f38f6d6a190>,19,26,[2 7],20,106,132,86,103
1,<environment.Job instance at 0x7f38f6d6a0a0>,17,17,[1 7],18,120,137,102,109
1,<environment.Job instance at 0x7f38f761be60>,47,20,[6 2],48,132,152,84,123
1,<environment.Job instance at 0x7f38f7e66280>,55,17,[9 3],56,137,154,81,125
1,<environment.Job instance at 0x7f38f7e66be0>,59,13,[5 7],60,152,165,92,136
1,<environment.Job instance at 0x7f38f7e66c30>,60,22,[5 5],61,154,176,93,147
1,<environment.Job instance at 0x7f38f7a6dc80>,3,18,[7 5],4,4,22,0,4
1,<environment.Job instance at 0x7f38f7a6d460>,4,14,[5 5],5,5,19,0,5
1,<environment.Job instance at 0x7f38f7a6d730>,5,15,[10  3],6,22,37,16,8
1,<environment.Job instance at 0x7f38f7ca70a0>,9,16,[5 9],10,19,35,9,10
1,<environment.Job instance at 0x7f38f7ce05a0>,17,13,[2 6],18,35,48,17,19
1,<environment.Job instance at 0x7f38f7ca75a0>,15,18,[2 5],16,35,53,19,24
1,<environment.Job instance at 0x7f38f7ce0d20>,18,21,[1 9],19,48,69,29,40
1,<environment.Job instance at 0x7f38f7ce0410>,16,24,[8 1],17,42,66,25,42
1,<environment.Job instance at 0x7f38f7ce0190>,20,22,[7 5],21,66,88,45,59
1,<environment.Job instance at 0x7f38f7ce03c0>,22,12,[3 7],23,69,81,46,59
1,<environment.Job instance at 0x7f38f7ce0550>,23,14,[4 7],24,81,95,57,66
1,<environment.Job instance at 0x7f38f7cab8c0>,24,13,[1 9],25,95,108,70,79
1,<environment.Job instance at 0x7f38f7ce0370>,25,15,[6 4],26,88,103,62,79
1,<environment.Job instance at 0x7f38f7cabfa0>,26,2,[12  2],27,103,105,76,79
1,<environment.Job instance at 0x7f38f7cab910>,27,14,[14  4],28,105,119,77,90
1,<environment.Job instance at 0x7f38f7cab780>,28,3,[12  4],29,119,122,90,93
1,<environment.Job instance at 0x7f38f7cab870>,29,16,[2 7],30,119,135,89,106
1,<environment.Job instance at 0x7f38f7ce0eb0>,19,20,[9 2],20,122,142,102,113
1,<environment.Job instance at 0x7f38f7ce0f50>,21,25,[ 5 13],22,135,160,113,131
1,<environment.Job instance at 0x7f38f75cc9b0>,5,14,[5 8],6,6,20,0,6
1,<environment.Job instance at 0x7f38f7ce0f50>,7,16,[14  1],8,20,36,12,9
1,<environment.Job instance at 0x7f38f75d6fa0>,9,3,[9 2],10,10,13,0,10
1,<environment.Job instance at 0x7f38f75d6f50>,11,1,[14  5],12,36,37,24,13
1,<environment.Job instance at 0x7f38f75d6410>,10,14,[5 6],11,37,51,26,22
1,<environment.Job instance at 0x7f38f75cce60>,8,16,[1 6],9,25,41,16,25
1,<environment.Job instance at 0x7f38f75d6550>,14,17,[6 2],15,37,54,22,26
1,<environment.Job instance at 0x7f38f75d6960>,15,15,[10  5],16,54,69,38,40
1,<environment.Job instance at 0x7f38f75d6be0>,16,27,[5 3],17,51,78,34,49
1,<environment.Job instance at 0x7f38f6c7bf50>,18,3,[9 5],19,69,72,50,49
1,<environment.Job instance at 0x7f38f75d6870>,12,17,[9 4],13,72,89,59,60
1,<environment.Job instance at 0x7f38f6c7deb0>,21,3,[3 6],22,78,81,56,60
1,<environment.Job instance at 0x7f38f75ecc80>,22,1,[8 3],23,89,90,66,61
1,<environment.Job instance at 0x7f38f6c7d9b0>,20,12,[13  2],21,90,102,69,73
1,<environment.Job instance at 0x7f38f75d6910>,13,14,[ 5 13],14,102,116,88,88
1,<environment.Job instance at 0x7f38f75ecf00>,25,12,[2 6],26,88,100,62,88
1,<environment.Job instance at 0x7f38f75d6230>,17,20,[6 3],18,116,136,98,107
1,<environment.Job instance at 0x7f38f7c79410>,34,15,[6 2],35,115,130,80,115
1,<environment.Job instance at 0x7f38f82465f0>,36,12,[5 3],37,130,142,93,115
1,<environment.Job instance at 0x7f38f824aa00>,42,18,[7 2],43,136,154,93,125
1,<environment.Job instance at 0x7f38f75d0a00>,44,17,[2 5],45,125,142,80,125
1,<environment.Job instance at 0x7f38f75d05a0>,45,16,[5 3],46,142,158,96,130
1,<environment.Job instance at 0x7f38f75d0cd0>,46,12,[3 7],47,142,154,95,131
1,<environment.Job instance at 0x7f38f75ecaf0>,24,15,[14  3],25,158,173,133,144
1,<environment.Job instance at 0x7f38f823aaa0>,49,15,[ 1 11],50,154,169,104,144
1,<environment.Job instance at 0x7f38f7de7f50>,0,2,[ 4 14],1,2,4,1,2
1,<environment.Job instance at 0x7f38f75cbe10>,1,1,[11  4],2,4,5,2,2
1,<environment.Job instance at 0x7f38f823aaa0>,2,26,[ 3 12],3,5,31,2,3
1,<environment.Job instance at 0x7f38f7de75a0>,3,3,[9 5],4,31,34,27,10
1,<environment.Job instance at 0x7f38f7de7af0>,5,15,[4 8],6,31,46,25,17
1,<environment.Job instance at 0x7f38f7de7be0>,9,18,[9 3],10,34,52,24,23
1,<environment.Job instance at 0x7f38f7455a00>,10,12,[7 1],11,52,64,41,35
1,<environment.Job instance at 0x7f38f7de7370>,7,14,[1 9],8,46,60,38,36
1,<environment.Job instance at 0x7f38f74550a0>,12,1,[12  1],13,64,65,51,36
1,<environment.Job instance at 0x7f38f7455af0>,15,22,[4 5],16,65,87,49,58
1,<environment.Job instance at 0x7f38f7455eb0>,16,18,[2 9],17,60,78,43,58
1,<environment.Job instance at 0x7f38f7455870>,20,17,[ 2 10],21,78,95,57,66
1,<environment.Job instance at 0x7f38f7455550>,13,12,[ 3 12],14,95,107,81,78
1,<environment.Job instance at 0x7f38f7de7aa0>,6,12,[12  4],7,107,119,100,90
1,<environment.Job instance at 0x7f39007c60f0>,4,16,[2 7],5,107,123,102,94
1,<environment.Job instance at 0x7f38f7455230>,24,12,[ 2 11],25,123,135,98,109
1,<environment.Job instance at 0x7f38f727e3c0>,28,18,[10  1],29,119,137,90,113
1,<environment.Job instance at 0x7f38f727e050>,33,16,[2 7],34,135,151,101,122
1,<environment.Job instance at 0x7f38f7455960>,23,12,[8 5],24,137,149,113,125
1,<environment.Job instance at 0x7f38f727eeb0>,36,2,[3 8],37,149,151,112,125
1,<environment.Job instance at 0x7f38f727e5a0>,37,2,[13  2],38,151,153,113,125
1,<environment.Job instance at 0x7f38f727ef50>,35,21,[10  3],36,153,174,117,145
1,<environment.Job instance at 0x7f38f6abd370>,0,2,[2 8],1,1,3,0,1
1,<environment.Job instance at 0x7f38f6abde10>,1,13,[ 3 10],2,3,16,1,2
1,<environment.Job instance at 0x7f38f6abdc80>,3,3,[8 3],4,4,7,0,4
1,<environment.Job instance at 0x7f38f6abdd20>,4,14,[11  1],5,7,21,2,5
1,<environment.Job instance at 0x7f38f6abd690>,5,13,[2 9],6,16,29,10,6
1,<environment.Job instance at 0x7f38f6abdaf0>,6,3,[5 8],7,29,32,22,7
1,<environment.Job instance at 0x7f38f6abdbe0>,9,13,[9 5],10,21,34,11,10
1,<environment.Job instance at 0x7f38f6abd550>,14,15,[2 7],15,32,47,17,18
1,<environment.Job instance at 0x7f38f6abda50>,15,13,[ 4 11],16,47,60,31,31
1,<environment.Job instance at 0x7f38f6a43aa0>,19,13,[ 5 10],20,60,73,40,45
1,<environment.Job instance at 0x7f38f6a43b90>,18,15,[4 9],19,73,88,54,59
1,<environment.Job instance at 0x7f38f6a438c0>,21,17,[4 7],22,88,105,66,76
1,<environment.Job instance at 0x7f38f6a43910>,23,13,[5 5],24,76,89,52,76
1,<environment.Job instance at 0x7f38f6a430a0>,28,12,[10  5],29,89,101,60,76
1,<environment.Job instance at 0x7f38f6a43280>,30,22,[5 5],31,101,123,70,94
1,<environment.Job instance at 0x7f38f6a436e0>,31,16,[1 5],32,105,121,73,94
1,<environment.Job instance at 0x7f38f6a43dc0>,33,12,[3 9],34,121,133,87,104
1,<environment.Job instance at 0x7f38f6a43460>,34,14,[3 9],35,133,147,98,118
1,<environment.Job instance at 0x7f38f6a43a50>,36,12,[3 6],37,123,135,86,118
1,<environment.Job instance at 0x7f38f6a43c30>,37,17,[7 3],38,135,152,97,124
1,<environment.Job instance at 0x7f38f6a43550>,38,14,[2 8],39,147,161,108,132
1,<environment.Job instance at 0x7f38f6ab8f00>,40,15,[8 2],41,152,167,111,138
1,<environment.Job instance at 0x7f38f7c3ef00>,0,2,[ 1 11],1,1,3,0,1
1,<environment.Job instance at 0x7f38f6ab87d0>,2,20,[8 5],3,3,23,0,3
1,<environment.Job instance at 0x7f38f7c3e730>,3,19,[6 5],4,4,23,0,4
1,<environment.Job instance at 0x7f38f7c3e320>,5,12,[6 2],6,23,35,17,6
1,<environment.Job instance at 0x7f38f72bc410>,14,15,[1 8],15,23,38,8,15
1,<environment.Job instance at 0x7f38f72bc960>,15,1,[8 3],16,23,24,7,16
1,<environment.Job instance at 0x7f38f72bc870>,16,1,[5 5],17,24,25,7,17
1,<environment.Job instance at 0x7f38f72bcb40>,19,18,[7 2],20,25,43,5,21
1,<environment.Job instance at 0x7f38f72bc370>,22,14,[ 1 10],23,38,52,15,35
1,<environment.Job instance at 0x7f38f72bc550>,24,20,[5 4],25,43,63,18,35
1,<environment.Job instance at 0x7f38f72bcd20>,29,12,[10  3],30,52,64,22,36
1,<environment.Job instance at 0x7f38f751c500>,30,18,[3 7],31,63,81,32,52
1,<environment.Job instance at 0x7f38f751cbe0>,32,20,[3 5],33,64,84,31,63
1,<environment.Job instance at 0x7f38f751ce10>,35,15,[8 4],36,81,96,45,67
1,<environment.Job instance at 0x7f38f751cd20>,36,18,[3 9],37,91,109,54,91
1,<environment.Job instance at 0x7f38f751c640>,41,19,[1 5],42,96,115,54,91
1,<environment.Job instance at 0x7f38f751c050>,43,12,[3 7],44,109,121,65,92
1,<environment.Job instance at 0x7f38f751c370>,47,16,[2 9],48,121,137,73,115
1,<environment.Job instance at 0x7f38f751c190>,49,17,[7 2],50,115,132,65,115
1,<environment.Job instance at 0x7f38f79d7870>,56,15,[7 2],57,132,147,75,118
1,<environment.Job instance at 0x7f38f79d72d0>,58,12,[5 5],59,137,149,78,122
1,<environment.Job instance at 0x7f38f79d7e60>,66,20,[6 1],67,147,167,80,145
1,<environment.Job instance at 0x7f38f79d7140>,2,19,[5 5],3,3,22,0,3
1,<environment.Job instance at 0x7f38f7a8f4b0>,3,23,[7 4],4,4,27,0,4
1,<environment.Job instance at 0x7f38f7a8fe10>,4,3,[7 4],5,22,25,17,5
1,<environment.Job instance at 0x7f38f7a8f050>,5,1,[3 7],6,25,26,19,6
1,<environment.Job instance at 0x7f38f7a8f910>,6,1,[2 5],7,7,8,0,7
1,<environment.Job instance at 0x7f38f79d70a0>,8,3,[9 5],9,27,30,18,9
1,<environment.Job instance at 0x7f38f708b140>,11,14,[8 4],12,30,44,18,15
1,<environment.Job instance at 0x7f38f708b870>,13,18,[2 9],14,26,44,12,15
1,<environment.Job instance at 0x7f38f708b280>,12,15,[4 7],13,44,59,31,30
1,<environment.Job instance at 0x7f38f7a8f5f0>,0,18,[1 7],1,44,62,43,33
1,<environment.Job instance at 0x7f38f708b0f0>,20,12,[1 8],21,59,71,38,42
1,<environment.Job instance at 0x7f38f708b820>,26,17,[7 3],27,62,79,35,52
1,<environment.Job instance at 0x7f38f708b5f0>,27,15,[2 5],28,71,86,43,57
1,<environment.Job instance at 0x7f38f708b640>,29,18,[5 5],30,71,89,41,60
1,<environment.Job instance at 0x7f38f809ed20>,30,12,[7 4],31,79,91,48,62
1,<environment.Job instance at 0x7f38f809e820>,31,14,[3 9],32,89,103,57,74
1,<environment.Job instance at 0x7f38f708bd20>,17,21,[1 5],18,91,112,73,84
1,<environment.Job instance at 0x7f38f809e8c0>,35,3,[3 5],36,86,89,50,84
1,<environment.Job instance at 0x7f38f809ee60>,34,15,[5 7],35,103,118,68,89
1,<environment.Job instance at 0x7f38f809e9b0>,38,13,[3 6],39,112,125,73,96
1,<environment.Job instance at 0x7f38f809eaf0>,36,22,[1 8],37,118,140,81,111
1,<environment.Job instance at 0x7f38f809e690>,42,12,[10  5],43,125,137,82,111
1,<environment.Job instance at 0x7f38f809ef00>,43,2,[ 5 12],44,140,142,96,113
1,<environment.Job instance at 0x7f38f809e910>,44,14,[4 8],45,142,156,97,127
1,<environment.Job instance at 0x7f38f809e870>,45,17,[6 2],46,137,154,91,127
1,<environment.Job instance at 0x7f38f809eaa0>,47,14,[4 8],48,156,170,108,141
1,<environment.Job instance at 0x7f38f809ebe0>,48,18,[1 5],49,142,160,93,141
1,<environment.Job instance at 0x7f38f708bc30>,10,18,[6 5],11,160,178,149,149
1,<environment.Job instance at 0x7f38f7d8ae60>,0,12,[1 9],1,1,13,0,1
1,<environment.Job instance at 0x7f38f7d8a320>,1,16,[5 4],2,2,18,0,2
1,<environment.Job instance at 0x7f38f7d8aaa0>,3,1,[5 6],4,13,14,9,4
1,<environment.Job instance at 0x7f38f6eafb90>,4,13,[5 2],5,5,18,0,5
1,<environment.Job instance at 0x7f38f6eaf3c0>,6,20,[6 2],7,18,38,11,9
1,<environment.Job instance at 0x7f38f6eafc30>,10,14,[5 5],11,14,28,3,11
1,<environment.Job instance at 0x7f38f6eaf7d0>,11,14,[8 3],12,28,42,16,13
1,<environment.Job instance at 0x7f38f6eaf1e0>,14,13,[6 3],15,38,51,23,22
1,<environment.Job instance at 0x7f38f6eaf6e0>,15,12,[4 9],16,42,54,26,25
1,<environment.Job instance at 0x7f38f6eaf190>,12,1,[4 5],13,25,26,12,25
1,<environment.Job instance at 0x7f38f7fc6960>,17,16,[3 5],18,51,67,33,38
1,<environment.Job instance at 0x7f38f6eaf0f0>,8,13,[5 7],9,54,67,45,38
1,<environment.Job instance at 0x7f38f7fc63c0>,19,18,[3 5],20,67,85,47,56
1,<environment.Job instance at 0x7f38f7fc6a00>,20,17,[2 9],21,67,84,46,56
1,<environment.Job instance at 0x7f38f7fc6870>,27,14,[3 8],28,84,98,56,71
1,<environment.Job instance at 0x7f38f7fc6c30>,29,12,[2 6],30,85,97,55,75
1,<environment.Job instance at 0x7f38f7fc6550>,16,25,[5 9],17,98,123,81,94
1,<environment.Job instance at 0x7f38f6fe41e0>,32,18,[5 6],33,106,124,73,106
1,<environment.Job instance at 0x7f38f6fe4640>,33,16,[1 8],34,123,139,89,110
1,<environment.Job instance at 0x7f38f6fe4f00>,37,12,[ 1 12],38,139,151,101,122
1,<environment.Job instance at 0x7f38f6fe4370>,38,14,[ 5 14],39,151,165,112,136
1,<environment.Job instance at 0x7f38f6fe4be0>,39,2,[ 5 10],40,165,167,125,138
1,<environment.Job instance at 0x7f38f70fdb90>,0,13,[5 4],1,1,14,0,1
1,<environment.Job instance at 0x7f38f6fe44b0>,1,12,[1 8],2,2,14,0,2
1,<environment.Job instance at 0x7f38f70fd910>,5,2,[3 5],6,14,16,8,7
1,<environment.Job instance at 0x7f38f6fe4be0>,3,18,[10  3],4,14,32,10,7
1,<environment.Job instance at 0x7f38f70fdc30>,7,2,[10  2],8,32,34,24,8
1,<environment.Job instance at 0x7f38f70fdb40>,2,24,[4 9],3,16,40,13,11
1,<environment.Job instance at 0x7f38f70fd8c0>,11,16,[4 8],12,40,56,28,27
1,<environment.Job instance at 0x7f38f70ced70>,17,14,[3 7],18,40,54,22,27
1,<environment.Job instance at 0x7f38f70cefa0>,19,16,[8 2],20,54,70,34,41
1,<environment.Job instance at 0x7f38f70fdd70>,8,21,[6 2],9,56,77,47,48
1,<environment.Job instance at 0x7f38f70ce0f0>,21,19,[4 7],22,70,89,48,60
1,<environment.Job instance at 0x7f38f77526e0>,28,18,[3 6],29,70,88,41,62
1,<environment.Job instance at 0x7f38f7752730>,34,15,[2 5],35,88,103,53,74
1,<environment.Job instance at 0x7f38f70eedc0>,56,21,[3 8],57,89,110,32,81
1,<environment.Job instance at 0x7f38f77ef460>,73,15,[2 6],74,103,118,29,89
1,<environment.Job instance at 0x7f38f77ef1e0>,76,16,[4 6],77,110,126,33,97
1,<environment.Job instance at 0x7f38f77fee10>,80,21,[9 5],81,118,139,37,110
1,<environment.Job instance at 0x7f38f77fe140>,84,15,[5 9],85,126,141,41,112
1,<environment.Job instance at 0x7f38f77e55a0>,93,17,[4 6],94,139,156,45,127
1,<environment.Job instance at 0x7f38f77e5280>,96,22,[5 6],97,141,163,44,134
1,<environment.Job instance at 0x7f38f77e5960>,97,17,[4 8],98,156,173,58,144
1,<environment.Job instance at 0x7f38f77e5730>,101,13,[3 7],102,163,176,61,147
1,<environment.Job instance at 0x7f38f6aa0e10>,0,17,[ 5 12],1,1,18,0,1
1,<environment.Job instance at 0x7f38f6aa0820>,3,13,[8 5],4,18,31,14,11
1,<environment.Job instance at 0x7f38f6aa0c80>,5,26,[1 9],6,18,44,12,15
1,<environment.Job instance at 0x7f38f6aa0730>,9,18,[4 7],10,44,62,34,33
1,<environment.Job instance at 0x7f38f6aa0640>,10,12,[8 3],11,33,45,22,33
1,<environment.Job instance at 0x7f38f6aa0230>,8,20,[9 2],9,45,65,36,43
1,<environment.Job instance at 0x7f38f6aa0e60>,11,19,[ 3 11],12,62,81,50,53
1,<environment.Job instance at 0x7f38f6aa00a0>,4,14,[12  4],5,65,79,60,54
1,<environment.Job instance at 0x7f38f6ac6eb0>,18,22,[5 8],19,81,103,62,74
1,<environment.Job instance at 0x7f38f77e5500>,2,16,[2 7],3,81,97,78,80
1,<environment.Job instance at 0x7f38f6ac6190>,19,14,[14  3],20,103,117,83,88
1,<environment.Job instance at 0x7f38f6ac6910>,22,16,[6 1],23,117,133,94,104
1,<environment.Job instance at 0x7f38f6ac6af0>,23,2,[ 2 11],24,117,119,93,104
1,<environment.Job instance at 0x7f38f6ac6a50>,24,1,[ 4 13],25,119,120,94,104
1,<environment.Job instance at 0x7f38f6ac62d0>,25,1,[4 9],26,120,121,94,104
1,<environment.Job instance at 0x7f38f6ac6410>,26,3,[14  5],27,133,136,106,107
1,<environment.Job instance at 0x7f38f77e5c30>,1,14,[13  4],2,136,150,134,125
1,<environment.Job instance at 0x7f38f6ac66e0>,27,18,[12  2],28,150,168,122,139
1,<environment.Job instance at 0x7f38f6ac67d0>,29,14,[2 8],30,139,153,109,139
1,<environment.Job instance at 0x7f38f77bd0a0>,0,16,[ 5 11],1,1,17,0,1
1,<environment.Job instance at 0x7f38f77bd550>,1,19,[5 3],2,2,21,0,2
1,<environment.Job instance at 0x7f38f77bd230>,2,15,[3 5],3,17,32,14,4
1,<environment.Job instance at 0x7f38f77bd410>,4,13,[8 2],5,21,34,16,5
1,<environment.Job instance at 0x7f38f77bd370>,6,14,[5 1],7,7,21,0,7
1,<environment.Job instance at 0x7f38f73d4aa0>,8,16,[1 9],9,32,48,23,19
1,<environment.Job instance at 0x7f38f7a4a050>,10,12,[4 5],11,34,46,23,25
1,<environment.Job instance at 0x7f38f7f66c30>,12,2,[5 6],13,46,48,33,26
1,<environment.Job instance at 0x7f38f73e00a0>,13,2,[8 1],14,34,36,20,26
1,<environment.Job instance at 0x7f38f73d4690>,11,19,[3 8],12,48,67,36,38
1,<environment.Job instance at 0x7f38f73e0230>,17,14,[5 9],18,67,81,49,52
1,<environment.Job instance at 0x7f38f73e0410>,21,17,[10  1],22,52,69,30,52
1,<environment.Job instance at 0x7f38f7fd6d20>,23,15,[2 7],24,81,96,57,67
1,<environment.Job instance at 0x7f38f7fd1370>,25,16,[1 6],26,69,85,43,67
1,<environment.Job instance at 0x7f38f73e0320>,14,15,[3 6],15,85,100,70,71
1,<environment.Job instance at 0x7f38f7fd1c30>,26,18,[10  5],27,96,114,69,85
1,<environment.Job instance at 0x7f38f6f1e7d0>,27,18,[2 9],28,106,124,78,106
1,<environment.Job instance at 0x7f38f6f1e1e0>,30,21,[5 1],31,114,135,83,106
1,<environment.Job instance at 0x7f38f73d4640>,5,17,[5 1],6,114,131,108,107
1,<environment.Job instance at 0x7f38f81af960>,32,3,[ 1 10],33,124,127,91,107
1,<environment.Job instance at 0x7f38f81af050>,33,1,[14  5],34,135,136,101,107
1,<environment.Job instance at 0x7f38f6f1e9b0>,29,21,[9 4],30,136,157,106,128
1,<environment.Job instance at 0x7f38f7f5aeb0>,35,20,[4 6],36,136,156,100,128
1,<environment.Job instance at 0x7f38f6f2bd20>,36,13,[6 2],37,156,169,119,140
1,<environment.Job instance at 0x7f38f6f2b4b0>,40,15,[1 7],41,157,172,116,143
1,<environment.Job instance at 0x7f38f700db40>,1,1,[5 5],2,3,4,1,3
1,<environment.Job instance at 0x7f38f7088640>,3,17,[11  5],4,4,21,0,4
1,<environment.Job instance at 0x7f38f700dcd0>,0,25,[4 8],1,4,29,3,4
1,<environment.Job instance at 0x7f38f7088730>,4,3,[5 6],5,21,24,16,7
1,<environment.Job instance at 0x7f38f700daa0>,2,12,[1 8],3,29,41,26,12
1,<environment.Job instance at 0x7f38f7088f00>,14,14,[5 6],15,24,38,9,15
1,<environment.Job instance at 0x7f38f7088b90>,15,16,[8 5],16,38,54,22,25
1,<environment.Job instance at 0x7f38f70885f0>,17,18,[3 6],18,41,59,23,30
1,<environment.Job instance at 0x7f38f7088320>,19,14,[4 7],20,54,68,34,39
1,<environment.Job instance at 0x7f38f7088500>,20,15,[5 1],21,54,69,33,40
1,<environment.Job instance at 0x7f38f70aa190>,22,12,[7 5],23,68,80,45,51
1,<environment.Job instance at 0x7f38f70aadc0>,23,20,[2 5],24,59,79,35,51
1,<environment.Job instance at 0x7f38f70aa690>,24,15,[2 5],25,69,84,44,55
1,<environment.Job instance at 0x7f38f70aaaa0>,27,12,[5 3],28,79,91,51,62
1,<environment.Job instance at 0x7f38f70aa0a0>,28,12,[10  4],29,84,96,55,67
1,<environment.Job instance at 0x7f38f70aa140>,33,17,[2 9],34,91,108,57,79
1,<environment.Job instance at 0x7f38f70aa2d0>,34,19,[6 2],35,96,115,61,86
1,<environment.Job instance at 0x7f38f7088d70>,7,17,[ 2 10],8,108,125,100,96
1,<environment.Job instance at 0x7f38f72a9c80>,35,22,[4 6],36,125,147,89,118
1,<environment.Job instance at 0x7f38f72a92d0>,44,20,[10  4],45,118,138,73,118
1,<environment.Job instance at 0x7f38f72a9190>,49,13,[5 2],50,138,151,88,122
1,<environment.Job instance at 0x7f38f72ba5a0>,50,14,[10  5],51,147,161,96,132
1,<environment.Job instance at 0x7f38f7e05af0>,1,3,[6 5],2,2,5,0,2
1,<environment.Job instance at 0x7f38f7775e60>,4,14,[8 5],5,5,19,0,5
1,<environment.Job instance at 0x7f38f7775870>,6,14,[ 5 10],7,7,21,0,7
1,<environment.Job instance at 0x7f38f72ba640>,7,16,[12  3],8,21,37,13,8
1,<environment.Job instance at 0x7f38f79814b0>,8,14,[3 5],9,19,33,10,9
1,<environment.Job instance at 0x7f38f79818c0>,14,14,[4 9],15,37,51,22,23
1,<environment.Job instance at 0x7f38f7981d70>,15,22,[1 5],16,33,55,17,26
1,<environment.Job instance at 0x7f38f79815a0>,16,14,[9 2],17,51,65,34,36
1,<environment.Job instance at 0x7f38f79812d0>,19,12,[5 4],20,51,63,31,36
1,<environment.Job instance at 0x7f38f7981410>,20,19,[5 3],21,63,82,42,53
1,<environment.Job instance at 0x7f38f7981af0>,13,24,[8 2],14,65,89,51,60
1,<environment.Job instance at 0x7f38f7981640>,22,21,[7 1],23,82,103,59,74
1,<environment.Job instance at 0x7f38f7981230>,25,17,[ 3 10],26,89,106,63,79
1,<environment.Job instance at 0x7f38f7981aa0>,26,20,[10  4],27,103,123,76,94
1,<environment.Job instance at 0x7f38f79817d0>,28,13,[5 2],29,106,119,77,95
1,<environment.Job instance at 0x7f38f79b60a0>,29,21,[10  5],30,123,144,93,117
1,<environment.Job instance at 0x7f38f7981460>,23,26,[1 7],24,119,145,95,117
1,<environment.Job instance at 0x7f38f79b6280>,32,17,[5 1],33,144,161,111,132
1,<environment.Job instance at 0x7f38f79b61e0>,31,16,[5 5],32,144,160,112,132
1,<environment.Job instance at 0x7f38f79b6460>,35,17,[4 6],36,145,162,109,133
1,<environment.Job instance at 0x7f38f7981320>,11,17,[5 9],12,161,178,149,149
1,<environment.Job instance at 0x7f6295438410>,2,13,[10  1],3,3,16,0,3
1,<environment.Job instance at 0x7f62954384b0>,3,17,[ 5 10],4,4,21,0,4
1,<environment.Job instance at 0x7f6295438690>,4,1,[5 6],5,21,22,16,5
1,<environment.Job instance at 0x7f6295438780>,5,12,[1 7],6,21,33,15,6
1,<environment.Job instance at 0x7f6295438a00>,8,16,[1 8],9,22,38,13,10
1,<environment.Job instance at 0x7f6295438a50>,10,12,[5 5],11,33,45,22,16
1,<environment.Job instance at 0x7f6295438cd0>,14,18,[1 6],15,38,56,23,27
1,<environment.Job instance at 0x7f6295438f00>,18,12,[1 8],19,45,57,26,29
1,<environment.Job instance at 0x7f629543a230>,20,14,[4 8],21,57,71,36,42
1,<environment.Job instance at 0x7f629543a370>,22,21,[5 5],23,56,77,33,48
1,<environment.Job instance at 0x7f629543a550>,25,16,[9 2],26,71,87,45,58
1,<environment.Job instance at 0x7f629543a5f0>,26,16,[9 1],27,87,103,60,74
1,<environment.Job instance at 0x7f6295438aa0>,9,16,[ 4 11],10,77,93,67,74
1,<environment.Job instance at 0x7f629543a6e0>,30,3,[13  2],31,103,106,72,77
1,<environment.Job instance at 0x7f629543a8c0>,29,18,[5 1],30,106,124,76,95
1,<environment.Job instance at 0x7f629543aaf0>,33,14,[5 7],34,106,120,72,95
1,<environment.Job instance at 0x7f6295438b40>,11,21,[5 5],12,106,127,94,98
1,<environment.Job instance at 0x7f629543ad70>,37,13,[7 1],38,124,137,86,108
1,<environment.Job instance at 0x7f629543ae10>,38,23,[ 4 11],39,127,150,88,123
1,<environment.Job instance at 0x7f629543acd0>,36,18,[10  1],37,137,155,100,127
1,<environment.Job instance at 0x7f629543af50>,40,13,[ 2 10],41,150,163,109,134
1,<environment.Job instance at 0x7f629543a780>,43,22,[5 3],44,155,177,111,148
1,<environment.Job instance at 0x7f629543e140>,46,14,[3 6],47,163,177,116,148
1,<environment.Job instance at 0x7f62955266e0>,3,16,[9 1],4,4,20,0,4
1,<environment.Job instance at 0x7f62955265f0>,5,15,[4 8],6,6,21,0,6
1,<environment.Job instance at 0x7f62955260f0>,6,3,[ 1 10],7,21,24,14,7
1,<environment.Job instance at 0x7f62955264b0>,7,2,[ 3 10],8,24,26,16,8
1,<environment.Job instance at 0x7f6295526dc0>,8,15,[2 5],9,9,24,0,9
1,<environment.Job instance at 0x7f6295526fa0>,10,15,[3 7],11,26,41,15,13
1,<environment.Job instance at 0x7f62955851e0>,12,16,[9 1],13,24,40,11,14
1,<environment.Job instance at 0x7f6295585c80>,13,18,[9 2],14,40,58,26,29
1,<environment.Job instance at 0x7f6295585a00>,16,17,[1 5],17,29,46,12,29
1,<environment.Job instance at 0x7f6295585050>,19,12,[5 5],20,41,53,21,29
1,<environment.Job instance at 0x7f6295585fa0>,21,13,[4 9],22,53,66,31,37
1,<environment.Job instance at 0x7f6295585820>,22,16,[6 4],23,58,74,35,45
1,<environment.Job instance at 0x7f6294d86910>,26,17,[5 7],27,66,83,39,54
1,<environment.Job instance at 0x7f6294afceb0>,28,18,[1 9],29,83,101,54,72
1,<environment.Job instance at 0x7f6294e4da00>,30,16,[2 5],31,74,90,43,72
1,<environment.Job instance at 0x7f6294eefa00>,32,19,[5 1],33,74,93,41,72
1,<environment.Job instance at 0x7f6294eeffa0>,33,14,[5 9],34,101,115,67,86
1,<environment.Job instance at 0x7f6294f12730>,39,19,[6 1],40,90,109,50,86
1,<environment.Job instance at 0x7f6294ed5c30>,51,21,[5 6],52,109,130,57,101
1,<environment.Job instance at 0x7f6294ed5370>,53,15,[4 5],54,115,130,61,101
1,<environment.Job instance at 0x7f6294fbbaa0>,58,17,[10  4],59,130,147,71,118
1,<environment.Job instance at 0x7f6294f3e5f0>,62,16,[3 7],63,130,146,67,118
1,<environment.Job instance at 0x7f6294f3ec30>,65,18,[5 8],66,146,164,80,135
1,<environment.Job instance at 0x7f6294f3e230>,68,16,[7 2],69,147,163,78,135
1,<environment.Job instance at 0x7f6294ee0280>,74,18,[5 9],75,164,182,89,153
1,<environment.Job instance at 0x7f6294ee45a0>,80,13,[7 5],81,163,176,82,153
1,<environment.Job instance at 0x7f6294ab5c80>,1,17,[11  2],2,3,20,1,3
1,<environment.Job instance at 0x7f6294ab5e60>,4,14,[10  3],5,20,34,15,5
1,<environment.Job instance at 0x7f6294ab5f50>,5,2,[7 5],6,34,36,28,7
1,<environment.Job instance at 0x7f6294ab50a0>,7,1,[2 5],8,10,11,2,10
1,<environment.Job instance at 0x7f6294b00730>,11,13,[7 4],12,34,47,22,18
1,<environment.Job instance at 0x7f6294b00af0>,14,12,[1 8],15,19,31,4,19
1,<environment.Job instance at 0x7f6294b006e0>,19,13,[10  3],20,47,60,27,31
1,<environment.Job instance at 0x7f6294b00dc0>,20,14,[8 5],21,60,74,39,45
1,<environment.Job instance at 0x7f6294b216e0>,34,14,[6 3],35,60,74,25,45
1,<environment.Job instance at 0x7f6294b21d70>,36,12,[4 6],37,45,57,8,45
1,<environment.Job instance at 0x7f6294b21050>,38,17,[6 5],39,74,91,35,62
1,<environment.Job instance at 0x7f6294b13af0>,44,20,[10  5],45,91,111,46,82
1,<environment.Job instance at 0x7f62951ed910>,46,12,[2 8],47,82,94,35,82
1,<environment.Job instance at 0x7f6296041fa0>,52,12,[5 4],53,94,106,41,82
1,<environment.Job instance at 0x7f6295983780>,54,16,[4 6],55,106,122,51,93
1,<environment.Job instance at 0x7f629527c410>,60,18,[8 4],61,111,129,50,101
1,<environment.Job instance at 0x7f629527ce60>,64,17,[6 2],65,122,139,57,110
1,<environment.Job instance at 0x7f629527c140>,65,12,[10  4],66,139,151,73,122
1,<environment.Job instance at 0x7f629509a8c0>,70,17,[1 9],71,122,139,51,122
1,<environment.Job instance at 0x7f62958f5f50>,75,18,[3 6],76,139,157,63,128
1,<environment.Job instance at 0x7f6294f9bd20>,76,17,[2 5],77,139,156,62,128
1,<environment.Job instance at 0x7f6294e44b90>,88,19,[5 3],89,151,170,62,141
1,<environment.Job instance at 0x7f62950845f0>,91,19,[6 2],92,156,175,64,146
1,<environment.Job instance at 0x7f6294af1050>,93,17,[2 9],94,157,174,63,146
1,<environment.Job instance at 0x7f6294d67820>,1,18,[1 8],2,2,20,0,2
1,<environment.Job instance at 0x7f6294f8ab90>,2,15,[5 2],3,3,18,0,3
1,<environment.Job instance at 0x7f6295097640>,4,15,[1 7],5,18,33,13,5
1,<environment.Job instance at 0x7f62950975f0>,5,13,[5 2],6,20,33,14,6
1,<environment.Job instance at 0x7f6295097410>,7,2,[10  5],8,33,35,25,8
1,<environment.Job instance at 0x7f6295097140>,11,15,[5 3],12,20,35,8,12
1,<environment.Job instance at 0x7f6294f8a050>,9,16,[9 4],10,35,51,25,23
1,<environment.Job instance at 0x7f6295097af0>,8,18,[1 7],9,35,53,26,24
1,<environment.Job instance at 0x7f6295097e60>,14,13,[13  1],15,51,64,36,35
1,<environment.Job instance at 0x7f6294e3a460>,27,17,[7 3],28,64,81,36,52
1,<environment.Job instance at 0x7f6294b05cd0>,31,17,[7 2],32,64,81,32,52
1,<environment.Job instance at 0x7f6294abf320>,32,13,[6 3],33,81,94,48,65
1,<environment.Job instance at 0x7f62959f21e0>,38,17,[5 7],39,81,98,42,69
1,<environment.Job instance at 0x7f6294b4b2d0>,39,15,[2 7],40,94,109,54,84
1,<environment.Job instance at 0x7f6294f51dc0>,29,22,[ 2 10],30,109,131,79,102
1,<environment.Job instance at 0x7f6294aef280>,41,13,[4 5],42,102,115,60,102
1,<environment.Job instance at 0x7f6294aefdc0>,42,28,[6 2],43,115,143,72,114
1,<environment.Job instance at 0x7f6294aefe60>,43,2,[12  2],44,143,145,99,116
1,<environment.Job instance at 0x7f6294aef5f0>,44,2,[1 8],45,131,133,86,116
1,<environment.Job instance at 0x7f6294aef730>,45,1,[5 4],46,131,132,85,116
1,<environment.Job instance at 0x7f6294aefd70>,46,3,[ 5 10],47,133,136,86,116
1,<environment.Job instance at 0x7f6294aef410>,47,26,[5 4],48,145,171,97,142
1,<environment.Job instance at 0x7f6294aefd20>,48,3,[1 9],49,142,145,93,142
1,<environment.Job instance at 0x7f6294aef460>,49,3,[5 2],50,145,148,95,142
1,<environment.Job instance at 0x7f6294aefc80>,50,13,[9 2],51,148,161,97,142
1,<environment.Job instance at 0x7f6294b4a280>,54,25,[7 3],55,161,186,106,157
1,<environment.Job instance at 0x7f6294b4a500>,55,12,[2 7],56,161,173,105,157
1,<environment.Job instance at 0x7f6294e6a820>,0,3,[5 6],1,1,4,0,1
1,<environment.Job instance at 0x7f6294e6a7d0>,1,18,[2 6],2,2,20,0,2
1,<environment.Job instance at 0x7f6295b2b5a0>,2,14,[2 6],3,4,18,1,3
1,<environment.Job instance at 0x7f6295b2bc80>,5,14,[5 1],6,6,20,0,6
1,<environment.Job instance at 0x7f6295b2f1e0>,7,2,[4 7],8,18,20,10,8
1,<environment.Job instance at 0x7f6295b35eb0>,8,22,[2 5],9,20,42,11,13
1,<environment.Job instance at 0x7f6295b18eb0>,12,22,[2 5],13,20,42,7,13
1,<environment.Job instance at 0x7f6295b18f00>,13,17,[7 2],14,21,38,7,21
1,<environment.Job instance at 0x7f6295f87410>,16,15,[3 7],17,42,57,25,28
1,<environment.Job instance at 0x7f6295f87b40>,17,17,[9 3],18,38,55,20,29
1,<environment.Job instance at 0x7f629587c0f0>,22,16,[8 4],23,55,71,32,42
1,<environment.Job instance at 0x7f629587c870>,24,13,[2 6],25,57,70,32,42
1,<environment.Job instance at 0x7f629587c910>,25,18,[5 1],26,57,75,31,47
1,<environment.Job instance at 0x7f6295b35be0>,10,12,[ 5 10],11,71,83,60,54
1,<environment.Job instance at 0x7f629587cd70>,27,17,[5 8],28,83,100,55,71
1,<environment.Job instance at 0x7f629587ccd0>,29,15,[2 6],30,83,98,53,71
1,<environment.Job instance at 0x7f629587b320>,32,15,[8 5],33,98,113,65,84
1,<environment.Job instance at 0x7f6295b2b6e0>,3,19,[3 6],4,100,119,96,90
1,<environment.Job instance at 0x7f629587b1e0>,35,13,[7 1],36,113,126,77,97
1,<environment.Job instance at 0x7f6295f85d20>,38,15,[3 7],39,113,128,74,102
1,<environment.Job instance at 0x7f6295f85e60>,40,17,[10  5],41,126,143,85,114
1,<environment.Job instance at 0x7f6295f85fa0>,41,17,[4 6],42,128,145,86,119
1,<environment.Job instance at 0x7f62952cdb90>,43,15,[4 6],44,143,158,99,129
1,<environment.Job instance at 0x7f62951710a0>,45,17,[8 4],46,145,162,99,133
1,<environment.Job instance at 0x7f6294a7f870>,47,16,[9 3],48,162,178,114,149
1,<environment.Job instance at 0x7f6295b2b640>,6,21,[4 6],7,158,179,151,151
1,<environment.Job instance at 0x7f6295f870f0>,53,24,[1 6],54,162,186,108,157
1,<environment.Job instance at 0x7f6294a25a00>,59,1,[ 4 13],60,186,187,126,158
1,<environment.Job instance at 0x7f6294a29e10>,3,18,[8 5],4,4,22,0,4
1,<environment.Job instance at 0x7f6294a291e0>,5,18,[1 6],6,6,24,0,6
1,<environment.Job instance at 0x7f6294a2ad20>,6,12,[ 2 10],7,24,36,17,7
1,<environment.Job instance at 0x7f6294a2a2d0>,7,15,[5 5],8,22,37,14,8
1,<environment.Job instance at 0x7f6294a2a0f0>,9,2,[2 7],10,36,38,26,12
1,<environment.Job instance at 0x7f6294a2a870>,12,1,[ 2 14],13,38,39,25,13
1,<environment.Job instance at 0x7f6294a2a640>,11,12,[8 2],12,39,51,27,22
1,<environment.Job instance at 0x7f6294a2a4b0>,13,17,[6 1],14,36,53,22,24
1,<environment.Job instance at 0x7f6295180410>,18,15,[ 5 11],19,51,66,32,37
1,<environment.Job instance at 0x7f6294a2ab90>,14,12,[5 5],15,66,78,51,49
1,<environment.Job instance at 0x7f6295180b40>,19,13,[8 5],20,66,79,46,50
1,<environment.Job instance at 0x7f6295180b90>,20,2,[8 1],21,53,55,32,50
1,<environment.Job instance at 0x7f6295180af0>,21,18,[7 2],22,78,96,56,67
1,<environment.Job instance at 0x7f6295180f00>,23,15,[3 6],24,79,94,55,67
1,<environment.Job instance at 0x7f6295180a00>,24,3,[7 1],25,94,97,69,68
1,<environment.Job instance at 0x7f6295180aa0>,25,18,[9 1],26,97,115,71,86
1,<environment.Job instance at 0x7f6295180690>,26,15,[9 3],27,115,130,88,101
1,<environment.Job instance at 0x7f62951805a0>,28,23,[4 8],29,111,134,82,111
1,<environment.Job instance at 0x7f6295180e60>,29,17,[3 8],30,134,151,104,123
1,<environment.Job instance at 0x7f62951801e0>,30,27,[3 7],31,130,157,99,128
1,<environment.Job instance at 0x7f6295180730>,31,14,[3 9],32,157,171,125,142
1,<environment.Job instance at 0x7f6295180cd0>,32,13,[7 1],33,151,164,118,142
1,<environment.Job instance at 0x7f6294a20960>,33,2,[7 5],34,164,166,130,142
1,<environment.Job instance at 0x7f6294a20e60>,34,3,[4 9],35,171,174,136,145
1,<environment.Job instance at 0x7f6294a20f00>,35,13,[6 3],36,166,179,130,150
1,<environment.Job instance at 0x7f6294a20fa0>,36,2,[7 1],37,174,176,137,150
1,<environment.Job instance at 0x7f6295f736e0>,0,13,[9 5],1,1,14,0,1
1,<environment.Job instance at 0x7f6295f730a0>,1,3,[4 7],2,2,5,0,2
1,<environment.Job instance at 0x7f6295244af0>,2,16,[5 6],3,5,21,2,3
1,<environment.Job instance at 0x7f629587ce10>,4,12,[6 2],5,14,26,9,5
1,<environment.Job instance at 0x7f6295874be0>,5,16,[4 5],6,14,30,8,6
1,<environment.Job instance at 0x7f6295874d20>,7,3,[9 5],8,26,29,18,8
1,<environment.Job instance at 0x7f6295874910>,8,2,[13  3],9,30,32,21,9
1,<environment.Job instance at 0x7f6295874960>,13,3,[4 6],14,21,24,7,14
1,<environment.Job instance at 0x7f62958748c0>,11,13,[6 1],12,32,45,20,16
1,<environment.Job instance at 0x7f62958740f0>,15,3,[14  3],16,45,48,29,19
1,<environment.Job instance at 0x7f62958741e0>,16,13,[ 4 13],17,32,45,15,19
1,<environment.Job instance at 0x7f6295874e10>,17,18,[5 3],18,48,66,30,37
1,<environment.Job instance at 0x7f6295874d70>,18,16,[9 4],19,48,64,29,37
1,<environment.Job instance at 0x7f62958745a0>,12,24,[1 7],13,49,73,36,49
1,<environment.Job instance at 0x7f629eac1910>,20,19,[5 3],21,64,83,43,54
1,<environment.Job instance at 0x7f629eac1730>,22,16,[8 5],23,66,82,43,54
1,<environment.Job instance at 0x7f629eac1aa0>,23,3,[4 5],24,82,85,58,56
1,<environment.Job instance at 0x7f629eac1af0>,19,24,[ 2 13],20,85,109,65,80
1,<environment.Job instance at 0x7f629eac1410>,25,2,[6 2],26,82,84,56,80
1,<environment.Job instance at 0x7f629eac1b40>,26,17,[5 4],27,109,126,82,97
1,<environment.Job instance at 0x7f629eac1370>,27,20,[ 2 10],28,109,129,81,100
1,<environment.Job instance at 0x7f629eac1d20>,28,14,[13  3],29,126,140,97,111
1,<environment.Job instance at 0x7f629eac1b90>,29,14,[11  3],30,140,154,110,125
1,<environment.Job instance at 0x7f629eac15f0>,30,3,[ 3 11],31,140,143,109,125
1,<environment.Job instance at 0x7f629eac1d70>,33,18,[7 3],34,154,172,120,143
1,<environment.Job instance at 0x7f629603cd70>,1,1,[4 5],2,2,3,0,2
1,<environment.Job instance at 0x7f629587b9b0>,2,13,[13  2],3,7,20,4,7
1,<environment.Job instance at 0x7f62951f78c0>,6,13,[5 8],7,20,33,13,8
1,<environment.Job instance at 0x7f62951f7c80>,8,12,[6 1],9,20,32,11,9
1,<environment.Job instance at 0x7f62951f7640>,9,18,[8 4],10,32,50,22,21
1,<environment.Job instance at 0x7f62951e9230>,16,13,[2 9],17,33,46,16,21
1,<environment.Job instance at 0x7f62951e9870>,17,14,[2 6],18,46,60,28,31
1,<environment.Job instance at 0x7f62951e9eb0>,18,12,[2 9],19,50,62,31,33
1,<environment.Job instance at 0x7f62951e9d70>,20,16,[5 9],21,62,78,41,49
1,<environment.Job instance at 0x7f62951e9b90>,21,18,[2 6],22,60,78,38,49
1,<environment.Job instance at 0x7f62951e9370>,22,18,[6 5],23,78,96,55,67
1,<environment.Job instance at 0x7f62951e9140>,23,17,[5 2],24,78,95,54,67
1,<environment.Job instance at 0x7f6295899730>,29,15,[10  3],30,96,111,66,82
1,<environment.Job instance at 0x7f6295372f00>,30,21,[7 2],31,111,132,80,103
1,<environment.Job instance at 0x7f62955677d0>,32,20,[6 4],33,111,131,78,103
1,<environment.Job instance at 0x7f6295c04af0>,37,14,[6 2],38,131,145,93,116
1,<environment.Job instance at 0x7f6295469460>,42,13,[5 7],43,132,145,89,116
1,<environment.Job instance at 0x7f6295c13640>,48,15,[5 7],49,145,160,96,131
1,<environment.Job instance at 0x7f62954a0e10>,50,12,[2 5],51,131,143,80,131
1,<environment.Job instance at 0x7f6295c32140>,54,13,[6 4],55,145,158,90,131
1,<environment.Job instance at 0x7f6295c32550>,56,19,[9 5],57,158,177,101,148
1,<environment.Job instance at 0x7f6295c32a00>,59,13,[2 8],60,160,173,100,148
1,<environment.Job instance at 0x7f62958abeb0>,1,19,[ 1 10],2,2,21,0,2
1,<environment.Job instance at 0x7f62958ab8c0>,5,2,[ 5 14],6,21,23,15,6
1,<environment.Job instance at 0x7f6295c32a00>,3,18,[9 4],4,23,41,19,12
1,<environment.Job instance at 0x7f62958abaa0>,9,16,[6 5],10,23,39,13,12
1,<environment.Job instance at 0x7f62958ab410>,10,18,[9 5],11,41,59,30,30
1,<environment.Job instance at 0x7f62958abc80>,15,21,[5 6],16,40,61,24,40
1,<environment.Job instance at 0x7f62958ab500>,17,13,[5 5],18,59,72,41,43
1,<environment.Job instance at 0x7f62958ab870>,19,17,[6 5],20,61,78,41,49
1,<environment.Job instance at 0x7f62958ab780>,21,14,[6 4],22,72,86,50,57
1,<environment.Job instance at 0x7f629537f870>,23,17,[6 1],24,78,95,54,66
1,<environment.Job instance at 0x7f629537f320>,25,15,[10  3],26,95,110,69,81
1,<environment.Job instance at 0x7f629537fb40>,26,18,[2 8],27,86,104,59,86
1,<environment.Job instance at 0x7f629537f910>,30,22,[1 6],31,104,126,73,98
1,<environment.Job instance at 0x7f629537fc80>,36,13,[8 3],37,110,123,73,98
1,<environment.Job instance at 0x7f629537f3c0>,41,21,[5 8],42,123,144,81,115
1,<environment.Job instance at 0x7f629537f730>,43,16,[7 4],44,126,142,82,115
1,<environment.Job instance at 0x7f62958abe10>,4,23,[8 1],5,142,165,137,136
1,<environment.Job instance at 0x7f6295372c80>,51,3,[4 5],52,144,147,92,136
1,<environment.Job instance at 0x7f62953728c0>,50,20,[2 8],51,144,164,93,137
1,<environment.Job instance at 0x7f6295372320>,53,18,[5 2],54,147,165,93,137
1,<environment.Job instance at 0x7f62953722d0>,57,16,[5 8],58,165,181,107,152
1,<environment.Job instance at 0x7f6295372d20>,58,13,[8 5],59,165,178,106,152
1,<environment.Job instance at 0x7f6295acb820>,3,2,[8 4],4,4,6,0,4
1,<environment.Job instance at 0x7f6294b9d4b0>,6,15,[7 1],7,7,22,0,7
1,<environment.Job instance at 0x7f6294b9d730>,10,17,[9 4],11,22,39,11,11
1,<environment.Job instance at 0x7f6294bb3550>,12,2,[2 5],13,13,15,0,13
1,<environment.Job instance at 0x7f6294bb3f50>,17,15,[3 8],18,18,33,0,18
1,<environment.Job instance at 0x7f6294b9e280>,18,16,[3 9],19,33,49,14,21
1,<environment.Job instance at 0x7f6294b9e320>,19,13,[7 3],20,39,52,19,23
1,<environment.Job instance at 0x7f6294b9e3c0>,20,13,[10  5],21,52,65,31,40
1,<environment.Job instance at 0x7f62952b7410>,15,14,[ 4 10],16,49,63,33,45
1,<environment.Job instance at 0x7f6294bb3b40>,16,19,[9 3],17,65,84,48,62
1,<environment.Job instance at 0x7f6294ba08c0>,25,15,[8 5],26,84,99,58,70
1,<environment.Job instance at 0x7f6294ba01e0>,26,15,[5 7],27,70,85,43,70
1,<environment.Job instance at 0x7f6294ba0cd0>,27,13,[3 5],28,85,98,57,70
1,<environment.Job instance at 0x7f6294ba0190>,22,12,[10  4],23,99,111,76,85
1,<environment.Job instance at 0x7f6294c00d20>,30,1,[9 3],31,111,112,80,86
1,<environment.Job instance at 0x7f6294c00cd0>,31,18,[5 1],32,98,116,66,88
1,<environment.Job instance at 0x7f62952fdd20>,32,2,[6 1],33,112,114,79,89
1,<environment.Job instance at 0x7f6295488640>,29,16,[8 3],30,114,130,84,101
1,<environment.Job instance at 0x7f6295298320>,39,19,[5 9],40,116,135,76,107
1,<environment.Job instance at 0x7f629529b550>,56,18,[7 3],57,130,148,73,119
1,<environment.Job instance at 0x7f629529b7d0>,59,12,[5 8],60,135,147,75,119
1,<environment.Job instance at 0x7f629529b960>,64,16,[2 7],65,147,163,82,134
1,<environment.Job instance at 0x7f629529be60>,65,15,[4 8],66,148,163,82,134
1,<environment.Job instance at 0x7f62952be190>,69,18,[9 3],70,163,181,93,152
1,<environment.Job instance at 0x7f629590ee10>,76,18,[2 9],77,163,181,86,152
1,<environment.Job instance at 0x7f6294f31230>,0,12,[2 5],1,1,13,0,1
1,<environment.Job instance at 0x7f62959256e0>,2,15,[5 6],3,3,18,0,3
1,<environment.Job instance at 0x7f6294f31190>,3,14,[ 1 10],4,18,32,14,4
1,<environment.Job instance at 0x7f6294f312d0>,4,17,[7 3],5,5,22,0,5
1,<environment.Job instance at 0x7f6294e479b0>,8,27,[ 3 11],9,32,59,23,30
1,<environment.Job instance at 0x7f6294e47140>,9,16,[2 5],10,59,75,49,46
1,<environment.Job instance at 0x7f6294e47a00>,10,28,[14  2],11,75,103,64,74
1,<environment.Job instance at 0x7f6294e47fa0>,11,16,[1 6],12,74,90,62,74
1,<environment.Job instance at 0x7f6294e47550>,5,23,[1 6],6,90,113,84,85
1,<environment.Job instance at 0x7f6294e47f00>,12,23,[5 4],13,103,126,90,97
1,<environment.Job instance at 0x7f6294e47910>,13,15,[8 3],14,103,118,89,98
1,<environment.Job instance at 0x7f6294e47c30>,16,13,[3 6],17,118,131,101,105
1,<environment.Job instance at 0x7f6294e473c0>,14,24,[5 5],15,118,142,103,113
1,<environment.Job instance at 0x7f6294e471e0>,18,18,[5 5],19,131,149,112,120
1,<environment.Job instance at 0x7f6294e47b40>,19,19,[7 1],20,142,161,122,132
1,<environment.Job instance at 0x7f6294e47960>,7,12,[ 4 14],8,149,161,141,132
1,<environment.Job instance at 0x7f6294e47410>,21,15,[ 2 12],22,161,176,139,156
1,<environment.Job instance at 0x7f6294e47be0>,22,19,[11  2],23,161,180,138,156
1,<environment.Job instance at 0x7f629476f8c0>,0,18,[3 9],1,1,19,0,1
1,<environment.Job instance at 0x7f629476f280>,3,17,[10  4],4,4,21,0,4
1,<environment.Job instance at 0x7f629476fa00>,5,2,[8 5],6,21,23,15,6
1,<environment.Job instance at 0x7f629476fe60>,7,16,[2 9],8,19,35,11,8
1,<environment.Job instance at 0x7f629476f780>,9,2,[5 7],10,35,37,25,10
1,<environment.Job instance at 0x7f62947b1be0>,13,13,[14  5],14,37,50,23,21
1,<environment.Job instance at 0x7f62947b11e0>,14,15,[10  3],15,50,65,35,37
1,<environment.Job instance at 0x7f62947b1dc0>,23,15,[10  1],24,65,80,41,51
1,<environment.Job instance at 0x7f62947b1e10>,25,18,[4 6],26,51,69,25,51
1,<environment.Job instance at 0x7f62947b1780>,26,17,[6 2],27,80,97,53,68
1,<environment.Job instance at 0x7f62947b13c0>,28,13,[9 4],29,80,93,51,68
1,<environment.Job instance at 0x7f62947b1f00>,31,15,[1 9],32,93,108,61,79
1,<environment.Job instance at 0x7f62947b1960>,32,13,[6 4],33,93,106,60,79
1,<environment.Job instance at 0x7f629479ebe0>,38,17,[5 5],39,106,123,67,94
1,<environment.Job instance at 0x7f629479ec80>,41,20,[10  2],42,108,128,66,100
1,<environment.Job instance at 0x7f629479e320>,42,20,[8 5],43,128,148,85,120
1,<environment.Job instance at 0x7f629479e9b0>,43,19,[6 5],44,128,147,84,120
1,<environment.Job instance at 0x7f629479edc0>,44,17,[6 4],45,147,164,102,135
1,<environment.Job instance at 0x7f629479eaa0>,45,12,[6 2],46,148,160,102,135
1,<environment.Job instance at 0x7f6294881b40>,54,15,[1 8],55,148,163,93,136
1,<environment.Job instance at 0x7f62948813c0>,59,18,[7 2],60,160,178,100,149
1,<environment.Job instance at 0x7f6294881af0>,62,14,[ 1 10],63,164,178,101,149
1,<environment.Job instance at 0x7f6294e78190>,0,18,[5 3],1,1,19,0,1
1,<environment.Job instance at 0x7f6295b75b90>,3,15,[2 5],4,4,19,0,4
1,<environment.Job instance at 0x7f6295b75fa0>,4,3,[2 9],5,19,22,14,5
1,<environment.Job instance at 0x7f6295b756e0>,7,14,[14  5],8,22,36,14,11
1,<environment.Job instance at 0x7f6295b75aa0>,10,12,[1 9],11,22,34,11,13
1,<environment.Job instance at 0x7f6295b75a50>,13,16,[6 3],14,36,52,22,23
1,<environment.Job instance at 0x7f6295fd5cd0>,20,22,[1 5],21,34,56,13,28
1,<environment.Job instance at 0x7f6295fd5410>,22,12,[5 5],23,36,48,13,28
1,<environment.Job instance at 0x7f6295fd55f0>,25,13,[2 7],26,48,61,22,32
1,<environment.Job instance at 0x7f6295fd5f50>,26,15,[4 7],27,56,71,29,42
1,<environment.Job instance at 0x7f6295fd5500>,29,13,[2 5],30,61,74,31,45
1,<environment.Job instance at 0x7f6295b75dc0>,14,23,[6 1],15,52,75,37,48
1,<environment.Job instance at 0x7f6295fd5640>,30,18,[1 7],31,71,89,40,60
1,<environment.Job instance at 0x7f6295fd5b40>,32,19,[5 5],33,74,93,41,64
1,<environment.Job instance at 0x7f6295757460>,40,18,[6 5],41,89,107,48,78
1,<environment.Job instance at 0x7f6295757cd0>,41,14,[8 4],42,93,107,51,78
1,<environment.Job instance at 0x7f6295757690>,42,15,[4 7],43,107,122,64,93
1,<environment.Job instance at 0x7f6295b75050>,12,25,[11  5],13,109,134,96,109
1,<environment.Job instance at 0x7f6295757050>,44,13,[ 2 14],45,134,147,89,118
1,<environment.Job instance at 0x7f6295757370>,56,17,[7 3],57,147,164,90,135
1,<environment.Job instance at 0x7f6295757b90>,57,15,[2 5],58,147,162,89,135
1,<environment.Job instance at 0x7f6295067640>,59,18,[5 5],60,147,165,87,136
1,<environment.Job instance at 0x7f6295067370>,60,12,[7 4],61,164,176,103,147
1,<environment.Job instance at 0x7f6295757be0>,45,3,[7 2],46,165,168,119,147
1,<environment.Job instance at 0x7f6295067730>,62,1,[3 6],63,162,163,99,147
1,<environment.Job instance at 0x7f6295067e10>,63,3,[5 3],64,168,171,104,147
1,<environment.Job instance at 0x7f6295067c80>,61,14,[3 9],62,171,185,109,156
1,<environment.Job instance at 0x7f6295b2c1e0>,0,13,[14  2],1,1,14,0,1
1,<environment.Job instance at 0x7f6295067dc0>,2,2,[3 9],3,14,16,11,4
1,<environment.Job instance at 0x7f6294bb6a50>,4,1,[ 5 14],5,16,17,11,5
1,<environment.Job instance at 0x7f6294bb6aa0>,3,16,[ 3 10],4,17,33,13,5
1,<environment.Job instance at 0x7f6294bb62d0>,7,1,[5 4],8,14,15,6,8
1,<environment.Job instance at 0x7f6294bb6050>,6,12,[2 7],7,33,45,26,16
1,<environment.Job instance at 0x7f629589f140>,13,3,[5 7],14,33,36,19,16
1,<environment.Job instance at 0x7f629589f4b0>,17,14,[5 4],18,18,32,0,18
1,<environment.Job instance at 0x7f629589f050>,18,3,[10  3],19,36,39,17,19
1,<environment.Job instance at 0x7f629589f7d0>,20,12,[1 9],21,45,57,24,28
1,<environment.Job instance at 0x7f629589fbe0>,21,16,[5 4],22,39,55,17,28
1,<environment.Job instance at 0x7f629589fd70>,24,13,[5 2],25,39,52,14,28
1,<environment.Job instance at 0x7f629589f640>,26,20,[6 2],27,52,72,25,43
1,<environment.Job instance at 0x7f629589f5f0>,28,13,[5 7],29,57,70,28,43
1,<environment.Job instance at 0x7f629575df00>,30,14,[5 5],31,70,84,39,55
1,<environment.Job instance at 0x7f629575d0a0>,31,14,[8 3],32,72,86,40,57
1,<environment.Job instance at 0x7f629575d230>,33,14,[5 2],34,84,98,50,69
1,<environment.Job instance at 0x7f629575dc30>,34,13,[6 3],35,86,99,51,70
1,<environment.Job instance at 0x7f629575df50>,35,12,[4 9],36,86,98,50,70
1,<environment.Job instance at 0x7f629575d190>,37,16,[3 5],38,98,114,60,85
1,<environment.Job instance at 0x7f629575d910>,38,20,[10  5],39,99,119,60,90
1,<environment.Job instance at 0x7f629575daa0>,39,18,[3 5],40,114,132,74,103
1,<environment.Job instance at 0x7f629575db40>,40,17,[2 9],41,119,136,78,107
1,<environment.Job instance at 0x7f6295242910>,47,14,[3 8],48,136,150,88,121
1,<environment.Job instance at 0x7f62952428c0>,49,12,[2 6],50,132,144,82,121
1,<environment.Job instance at 0x7f62952422d0>,52,18,[5 6],53,144,162,91,133
1,<environment.Job instance at 0x7f62952424b0>,53,16,[1 8],54,150,166,96,137
1,<environment.Job instance at 0x7f6295242f00>,56,21,[9 2],57,162,183,105,154
1,<environment.Job instance at 0x7f62952bd140>,0,16,[2 6],1,2,18,1,2
1,<environment.Job instance at 0x7f6294e39c30>,2,15,[3 7],3,3,18,0,3
1,<environment.Job instance at 0x7f62952bdc80>,1,1,[5 3],2,18,19,16,4
1,<environment.Job instance at 0x7f62952bd410>,4,3,[3 9],5,18,21,13,5
1,<environment.Job instance at 0x7f62952bd730>,5,1,[ 4 14],6,21,22,15,6
1,<environment.Job instance at 0x7f6294e39500>,7,15,[1 9],8,22,37,14,10
1,<environment.Job instance at 0x7f62952bd0f0>,10,13,[5 4],11,22,35,11,11
1,<environment.Job instance at 0x7f62952bd2d0>,11,12,[1 8],12,37,49,25,20
1,<environment.Job instance at 0x7f62952bdeb0>,9,16,[2 6],10,35,51,25,22
1,<environment.Job instance at 0x7f62952af050>,13,18,[10  3],14,49,67,35,40
1,<environment.Job instance at 0x7f62952bd8c0>,3,27,[3 7],4,51,78,47,49
1,<environment.Job instance at 0x7f62952afa00>,17,2,[10  2],18,67,69,49,49
1,<environment.Job instance at 0x7f62952af960>,16,18,[8 5],17,69,87,52,60
1,<environment.Job instance at 0x7f62952af6e0>,21,16,[4 8],22,78,94,56,68
1,<environment.Job instance at 0x7f62952afeb0>,27,14,[3 7],28,87,101,59,72
1,<environment.Job instance at 0x7f62952afe60>,29,16,[8 2],30,94,110,64,85
1,<environment.Job instance at 0x7f62952af3c0>,18,21,[6 2],19,101,122,82,93
1,<environment.Job instance at 0x7f62952bda00>,6,24,[5 2],7,110,134,103,105
1,<environment.Job instance at 0x7f629567c550>,33,1,[10  2],34,122,123,88,105
1,<environment.Job instance at 0x7f62952bd460>,8,15,[9 3],9,123,138,114,109
1,<environment.Job instance at 0x7f629567cf50>,35,1,[11  5],36,138,139,102,110
1,<environment.Job instance at 0x7f62952af640>,31,19,[4 7],32,134,153,102,124
1,<environment.Job instance at 0x7f629567ca50>,38,18,[3 6],39,139,157,100,134
1,<environment.Job instance at 0x7f629567c4b0>,36,28,[7 5],37,153,181,116,152
1,<environment.Job instance at 0x7f6295bb65a0>,40,18,[ 5 10],41,159,177,118,159
1,<environment.Job instance at 0x7f6295e5f690>,0,17,[ 5 12],1,1,18,0,1
1,<environment.Job instance at 0x7f6295e60640>,3,13,[8 5],4,18,31,14,8
1,<environment.Job instance at 0x7f6295e600f0>,5,26,[1 9],6,18,44,12,15
1,<environment.Job instance at 0x7f6295e608c0>,9,18,[4 7],10,44,62,34,33
1,<environment.Job instance at 0x7f6295e60c80>,10,12,[8 3],11,33,45,22,33
1,<environment.Job instance at 0x7f6295e5f780>,2,16,[2 7],3,45,61,42,35
1,<environment.Job instance at 0x7f6295e60e60>,13,2,[3 9],14,62,64,48,46
1,<environment.Job instance at 0x7f6295e5db40>,30,18,[5 5],31,61,79,30,50
1,<environment.Job instance at 0x7f6295e4ab40>,38,16,[10  4],39,64,80,25,53
1,<environment.Job instance at 0x7f6295e4a960>,44,14,[5 5],45,79,93,34,64
1,<environment.Job instance at 0x7f6295e4db40>,53,17,[8 5],54,80,97,26,68
1,<environment.Job instance at 0x7f6295e4dc30>,63,18,[5 7],64,93,111,29,82
1,<environment.Job instance at 0x7f6295e390f0>,67,17,[4 6],68,97,114,29,85
1,<environment.Job instance at 0x7f6295e3e730>,90,18,[5 6],91,111,129,20,100
1,<environment.Job instance at 0x7f6295e510a0>,96,17,[1 6],97,114,131,17,109
1,<environment.Job instance at 0x7f6295e51190>,99,16,[7 5],100,129,145,29,116
1,<environment.Job instance at 0x7f6295e51a50>,100,16,[2 7],101,131,147,30,118
1,<environment.Job instance at 0x7f6295e51fa0>,102,19,[2 8],103,145,164,42,135
1,<environment.Job instance at 0x7f6295e60c30>,4,14,[12  4],5,147,161,142,136
1,<environment.Job instance at 0x7f6295e51e60>,106,15,[13  1],107,161,176,54,147
1,<environment.Job instance at 0x7f6295e510f0>,97,13,[2 9],98,164,177,66,156
1,<environment.Job instance at 0x7f6295b67960>,0,12,[4 5],1,1,13,0,1
1,<environment.Job instance at 0x7f6295d2db90>,1,19,[3 8],2,2,21,0,2
1,<environment.Job instance at 0x7f6294ef66e0>,2,2,[5 6],3,13,15,10,4
1,<environment.Job instance at 0x7f6295e510f0>,3,2,[8 1],4,4,6,0,4
1,<environment.Job instance at 0x7f6294818410>,4,15,[3 6],5,15,30,10,5
1,<environment.Job instance at 0x7f6294818f00>,5,1,[11  4],6,21,22,15,6
1,<environment.Job instance at 0x7f6294818a00>,7,14,[5 9],8,22,36,14,8
1,<environment.Job instance at 0x7f62948184b0>,8,2,[ 4 13],9,36,38,27,11
1,<environment.Job instance at 0x7f62950be320>,13,15,[2 7],14,38,53,24,24
1,<environment.Job instance at 0x7f62950be730>,15,16,[1 6],16,38,54,22,25
1,<environment.Job instance at 0x7f6295b537d0>,16,18,[10  5],17,53,71,36,42
1,<environment.Job instance at 0x7f6295b531e0>,17,18,[2 9],18,54,72,36,49
1,<environment.Job instance at 0x7f6294818af0>,11,17,[10  1],12,71,88,59,60
1,<environment.Job instance at 0x7f6295b53f50>,20,21,[5 1],21,72,93,51,64
1,<environment.Job instance at 0x7f6295b53af0>,22,3,[ 1 10],23,88,91,65,64
1,<environment.Job instance at 0x7f6295b53be0>,23,1,[14  5],24,93,94,69,65
1,<environment.Job instance at 0x7f6295b53dc0>,24,16,[7 5],25,94,110,69,81
1,<environment.Job instance at 0x7f6295b53370>,25,20,[4 6],26,94,114,68,85
1,<environment.Job instance at 0x7f6295b53190>,26,13,[6 2],27,110,123,83,94
1,<environment.Job instance at 0x7f6295b533c0>,27,1,[4 8],28,114,115,86,94
1,<environment.Job instance at 0x7f6295b53f00>,28,27,[4 9],29,115,142,86,113
1,<environment.Job instance at 0x7f6295b53c30>,21,16,[2 9],22,142,158,120,129
1,<environment.Job instance at 0x7f629477e460>,30,15,[1 7],31,158,173,127,144
1,<environment.Job instance at 0x7f629477e140>,31,14,[2 9],32,173,187,141,158
1,<environment.Job instance at 0x7f629472daa0>,0,15,[5 1],1,1,16,0,1
1,<environment.Job instance at 0x7f629472dcd0>,1,27,[ 4 12],2,2,29,0,2
1,<environment.Job instance at 0x7f62954ca6e0>,6,3,[7 4],7,29,32,22,7
1,<environment.Job instance at 0x7f62954cafa0>,7,12,[5 3],8,16,28,8,8
1,<environment.Job instance at 0x7f629472dd70>,4,15,[2 5],5,29,44,24,15
1,<environment.Job instance at 0x7f62954ca780>,8,12,[10  4],9,32,44,23,17
1,<environment.Job instance at 0x7f6294748690>,14,19,[6 2],15,44,63,29,34
1,<environment.Job instance at 0x7f629472dbe0>,5,14,[ 5 13],6,44,58,38,34
1,<environment.Job instance at 0x7f6294748550>,13,17,[2 9],14,58,75,44,46
1,<environment.Job instance at 0x7f6294748320>,15,22,[4 6],16,63,85,47,56
1,<environment.Job instance at 0x7f629472d5a0>,2,12,[7 5],3,75,87,72,65
1,<environment.Job instance at 0x7f6295a51370>,26,3,[7 1],27,85,88,58,65
1,<environment.Job instance at 0x7f629472d410>,3,20,[2 5],4,87,107,83,83
1,<environment.Job instance at 0x7f6295a51690>,25,27,[3 6],26,87,114,61,85
1,<environment.Job instance at 0x7f6295a513c0>,29,13,[5 2],30,88,101,58,85
1,<environment.Job instance at 0x7f6295a51230>,30,14,[10  5],31,107,121,76,92
1,<environment.Job instance at 0x7f62947524b0>,31,2,[1 8],32,114,116,82,92
1,<environment.Job instance at 0x7f6295a512d0>,28,16,[12  2],29,121,137,92,108
1,<environment.Job instance at 0x7f6294752460>,33,14,[ 2 11],34,121,135,87,108
1,<environment.Job instance at 0x7f62947523c0>,32,18,[8 4],33,137,155,104,126
1,<environment.Job instance at 0x7f6294752640>,35,16,[10  2],36,155,171,119,142
1,<environment.Job instance at 0x7f6294752370>,36,12,[10  3],37,171,183,134,154
1,<environment.Job instance at 0x7f62946adf50>,0,14,[ 1 10],1,1,15,0,1
1,<environment.Job instance at 0x7f62946ad690>,1,16,[5 5],2,2,18,0,2
1,<environment.Job instance at 0x7f62946ad8c0>,4,19,[5 8],5,15,34,10,5
1,<environment.Job instance at 0x7f62946ad960>,5,17,[4 6],6,18,35,12,6
1,<environment.Job instance at 0x7f62946ada50>,2,17,[5 1],3,15,32,12,8
1,<environment.Job instance at 0x7f62946ad870>,8,1,[ 3 10],9,35,36,26,9
1,<environment.Job instance at 0x7f62946ad9b0>,11,17,[8 5],12,34,51,22,26
1,<environment.Job instance at 0x7f6295dcda50>,13,22,[1 5],14,36,58,22,31
1,<environment.Job instance at 0x7f62946adb90>,12,26,[6 5],13,38,64,25,38
1,<environment.Job instance at 0x7f6295dcdf00>,15,16,[7 4],16,51,67,35,38
1,<environment.Job instance at 0x7f6295dcd690>,18,15,[3 9],19,64,79,45,50
1,<environment.Job instance at 0x7f6295dcd640>,16,16,[12  1],17,67,83,50,54
1,<environment.Job instance at 0x7f62946ad550>,6,17,[5 1],7,83,100,76,71
1,<environment.Job instance at 0x7f6295dcdd70>,22,18,[6 3],23,83,101,60,72
1,<environment.Job instance at 0x7f6295dcdfa0>,21,18,[4 8],22,83,101,61,73
1,<environment.Job instance at 0x7f6295dcdaf0>,27,14,[3 6],28,101,115,73,86
1,<environment.Job instance at 0x7f6295dcdeb0>,29,13,[8 2],30,101,114,71,86
1,<environment.Job instance at 0x7f6295dcde10>,32,15,[9 2],33,114,129,81,100
1,<environment.Job instance at 0x7f6295fe5cd0>,35,20,[7 1],36,129,149,93,120
1,<environment.Job instance at 0x7f62947c8e10>,37,15,[7 3],38,129,144,91,120
1,<environment.Job instance at 0x7f62947c8640>,38,12,[5 2],39,144,156,105,127
1,<environment.Job instance at 0x7f62947c8230>,39,13,[5 8],40,149,162,109,133
1,<environment.Job instance at 0x7f62947c8cd0>,40,15,[1 6],41,133,148,92,133
1,<environment.Job instance at 0x7f62947c86e0>,41,17,[5 4],42,149,166,107,137
1,<environment.Job instance at 0x7f62947c8410>,42,18,[3 7],43,162,180,119,151
1,<environment.Job instance at 0x7f62947c8910>,44,12,[2 6],45,166,178,121,151
1,<environment.Job instance at 0x7f62947c8af0>,46,17,[7 2],47,162,179,115,151
1,<environment.Job instance at 0x7f62959004b0>,0,12,[13  4],1,1,13,0,1
1,<environment.Job instance at 0x7f62959228c0>,1,17,[6 2],2,13,30,11,2
1,<environment.Job instance at 0x7f6294cd45f0>,2,16,[2 7],3,3,19,0,3
1,<environment.Job instance at 0x7f62947c8eb0>,4,3,[ 4 10],5,19,22,14,5
1,<environment.Job instance at 0x7f6294f7c5a0>,9,16,[7 4],10,22,38,12,10
1,<environment.Job instance at 0x7f6294f7c730>,11,14,[6 2],12,30,44,18,15
1,<environment.Job instance at 0x7f6294f7c870>,12,27,[2 5],13,22,49,9,20
1,<environment.Job instance at 0x7f6294f7c780>,13,17,[7 3],14,38,55,24,27
1,<environment.Job instance at 0x7f6294f7cc30>,17,14,[5 2],18,44,58,26,29
1,<environment.Job instance at 0x7f6294f7caa0>,18,13,[8 2],19,55,68,36,39
1,<environment.Job instance at 0x7f6294f7cd70>,21,18,[3 8],22,58,76,36,47
1,<environment.Job instance at 0x7f6294f60370>,27,12,[8 1],28,68,80,40,52
1,<environment.Job instance at 0x7f6294f7c9b0>,14,12,[13  3],15,80,92,65,65
1,<environment.Job instance at 0x7f6294f60230>,28,18,[6 3],29,92,110,63,81
1,<environment.Job instance at 0x7f6294f603c0>,30,13,[8 4],31,92,105,61,81
1,<environment.Job instance at 0x7f6294f60640>,33,12,[7 3],34,105,117,71,88
1,<environment.Job instance at 0x7f6294f60780>,35,18,[5 8],36,110,128,74,99
1,<environment.Job instance at 0x7f6294f60af0>,40,13,[9 3],41,117,130,76,101
1,<environment.Job instance at 0x7f6294f60c30>,41,19,[9 4],42,130,149,88,120
1,<environment.Job instance at 0x7f6294f7c2d0>,7,19,[5 8],8,128,147,120,120
1,<environment.Job instance at 0x7f6294f60eb0>,44,15,[9 4],45,149,164,104,135
1,<environment.Job instance at 0x7f6294f60e10>,43,20,[3 9],44,147,167,103,139
1,<environment.Job instance at 0x7f6294f87050>,48,15,[2 8],49,167,182,118,153
1,<environment.Job instance at 0x7f6294f870a0>,49,17,[4 5],50,164,181,114,153
1,<environment.Job instance at 0x7f6294f87280>,50,15,[7 2],51,167,182,116,153
1,<environment.Job instance at 0x7f7f0ee79460>,2,13,[10  1],3,3,16,0,3
1,<environment.Job instance at 0x7f7f0ee796e0>,4,1,[5 6],5,5,6,0,5
1,<environment.Job instance at 0x7f7f0ee795f0>,5,12,[1 7],6,6,18,0,6
1,<environment.Job instance at 0x7f7f0ee79870>,6,19,[9 5],7,16,35,9,7
1,<environment.Job instance at 0x7f7f0ee79a50>,8,16,[1 8],9,18,34,9,9
1,<environment.Job instance at 0x7f7f0ee79b90>,10,12,[5 5],11,34,46,23,17
1,<environment.Job instance at 0x7f7f185f11e0>,11,21,[5 5],12,35,56,23,27
1,<environment.Job instance at 0x7f7f0ee79cd0>,14,18,[1 6],15,46,64,31,36
1,<environment.Job instance at 0x7f7f0ee79f50>,18,12,[1 8],19,56,68,37,39
1,<environment.Job instance at 0x7f7f0ee7b0a0>,19,2,[5 5],20,39,41,19,39
1,<environment.Job instance at 0x7f7f0ee79f00>,17,2,[3 5],18,41,43,23,41
1,<environment.Job instance at 0x7f7f0ee79af0>,13,15,[13  4],14,64,79,50,50
1,<environment.Job instance at 0x7f7f0ee7b370>,22,21,[5 5],23,79,100,56,71
1,<environment.Job instance at 0x7f7f0ee7b230>,20,14,[4 8],21,79,93,58,71
1,<environment.Job instance at 0x7f7f0ee7b550>,25,16,[9 2],26,93,109,67,80
1,<environment.Job instance at 0x7f7f0ee7b820>,29,18,[5 1],30,100,118,70,89
1,<environment.Job instance at 0x7f7f0ee7bb40>,33,14,[5 7],34,109,123,75,96
1,<environment.Job instance at 0x7f7f0ee7b780>,27,13,[11  4],28,123,136,95,107
1,<environment.Job instance at 0x7f7f0ee7bb90>,37,13,[7 1],38,136,149,98,121
1,<environment.Job instance at 0x7f7f0ee7beb0>,40,13,[ 2 10],41,123,136,82,121
1,<environment.Job instance at 0x7f7f0ee7f370>,43,22,[5 3],44,136,158,92,129
1,<environment.Job instance at 0x7f7f0ee7f5a0>,46,14,[3 6],47,136,150,89,129
1,<environment.Job instance at 0x7f7f0ee7f690>,48,16,[1 9],49,150,166,101,138
1,<environment.Job instance at 0x7f7f0ee7f320>,42,15,[14  4],43,158,173,115,144
1,<environment.Job instance at 0x7f7f0ee7f8c0>,50,15,[4 7],51,173,188,122,159
1,<environment.Job instance at 0x7f7f0ee190f0>,0,15,[3 7],1,1,16,0,1
1,<environment.Job instance at 0x7f7f0ee7f8c0>,2,16,[9 1],3,3,19,0,3
1,<environment.Job instance at 0x7f7f0efc69b0>,9,12,[5 5],10,16,28,6,10
1,<environment.Job instance at 0x7f7f0efc6d70>,11,13,[4 9],12,19,32,7,12
1,<environment.Job instance at 0x7f7f0efc6d20>,12,16,[6 4],13,28,44,15,15
1,<environment.Job instance at 0x7f7f0f3b95a0>,13,2,[6 1],14,19,21,5,18
1,<environment.Job instance at 0x7f7f0f3b9910>,6,17,[1 5],7,32,49,25,20
1,<environment.Job instance at 0x7f7f0efc6fa0>,18,18,[1 9],19,44,62,25,33
1,<environment.Job instance at 0x7f7f0efc6aa0>,20,16,[2 5],21,49,65,28,36
1,<environment.Job instance at 0x7f7f0efc65f0>,22,19,[5 1],23,36,55,13,36
1,<environment.Job instance at 0x7f7f0efc6a00>,23,14,[5 9],24,62,76,38,47
1,<environment.Job instance at 0x7f7f0ead0e60>,26,13,[ 2 10],27,76,89,49,60
1,<environment.Job instance at 0x7f7f0effba00>,29,19,[6 1],30,60,79,30,60
1,<environment.Job instance at 0x7f7f0e5c87d0>,41,21,[5 6],42,89,110,47,81
1,<environment.Job instance at 0x7f7f0e5c84b0>,43,15,[4 5],44,81,96,37,81
1,<environment.Job instance at 0x7f7f0e8905a0>,46,12,[8 1],47,96,108,49,81
1,<environment.Job instance at 0x7f7f0efc62d0>,17,18,[ 3 11],18,110,128,92,99
1,<environment.Job instance at 0x7f7f0e942370>,48,17,[10  4],49,108,125,59,99
1,<environment.Job instance at 0x7f7f0e971640>,49,17,[11  1],50,125,142,75,113
1,<environment.Job instance at 0x7f7f0e971280>,52,16,[3 7],53,128,144,75,115
1,<environment.Job instance at 0x7f7f0efc6460>,16,17,[5 7],17,142,159,125,131
1,<environment.Job instance at 0x7f7f0e971aa0>,50,22,[ 5 14],51,159,181,108,152
1,<environment.Job instance at 0x7f7f0e97eb90>,57,3,[2 8],58,152,155,94,152
1,<environment.Job instance at 0x7f7f0e97ec30>,58,16,[7 2],59,181,197,122,168
1,<environment.Job instance at 0x7f7f0e567910>,0,14,[8 5],1,1,15,0,1
1,<environment.Job instance at 0x7f7f0e51e960>,1,3,[1 5],2,2,5,0,2
1,<environment.Job instance at 0x7f7f0e51e410>,2,3,[8 5],3,15,18,12,3
1,<environment.Job instance at 0x7f7f0e5673c0>,4,14,[10  1],5,18,32,13,5
1,<environment.Job instance at 0x7f7f0e51ef50>,6,2,[7 1],7,7,9,0,7
1,<environment.Job instance at 0x7f7f0e51e8c0>,12,1,[8 3],13,32,33,19,14
1,<environment.Job instance at 0x7f7f0e51e4b0>,14,14,[6 3],15,32,46,17,17
1,<environment.Job instance at 0x7f7f0e51e640>,18,17,[6 5],19,33,50,14,21
1,<environment.Job instance at 0x7f7f0e58d460>,24,20,[10  5],25,50,70,25,41
1,<environment.Job instance at 0x7f7f0e58d3c0>,34,16,[4 6],35,46,62,11,41
1,<environment.Job instance at 0x7f7f0e58d230>,40,18,[8 4],41,70,88,29,59
1,<environment.Job instance at 0x7f7f0e531be0>,44,17,[6 2],45,70,87,25,59
1,<environment.Job instance at 0x7f7f0ecfdeb0>,55,18,[3 6],56,87,105,31,76
1,<environment.Job instance at 0x7f7f0ecffd70>,68,19,[5 3],69,88,107,19,78
1,<environment.Job instance at 0x7f7f0e51e230>,16,12,[4 6],17,88,100,71,78
1,<environment.Job instance at 0x7f7f0f07e780>,78,12,[7 5],79,100,112,21,83
1,<environment.Job instance at 0x7f7f0f07ed20>,79,17,[5 5],80,107,124,27,95
1,<environment.Job instance at 0x7f7f0f396f00>,74,12,[2 9],75,112,124,37,99
1,<environment.Job instance at 0x7f7f0f07e870>,80,16,[1 7],81,124,140,43,111
1,<environment.Job instance at 0x7f7f0e4ee230>,88,17,[3 7],89,124,141,35,112
1,<environment.Job instance at 0x7f7f0e4e9d20>,111,16,[4 6],112,140,156,28,127
1,<environment.Job instance at 0x7f7f0e4e9fa0>,112,15,[4 8],113,141,156,28,127
1,<environment.Job instance at 0x7f7f0e58a730>,120,17,[5 3],121,156,173,35,144
1,<environment.Job instance at 0x7f7f0e5084b0>,125,12,[5 5],126,156,168,30,144
1,<environment.Job instance at 0x7f7f0e5c1820>,142,15,[5 2],143,156,171,13,145
1,<environment.Job instance at 0x7f7f0e5c1d20>,144,15,[1 7],145,168,183,23,154
1,<environment.Job instance at 0x7f7f0ee875f0>,1,17,[7 2],2,2,19,0,2
1,<environment.Job instance at 0x7f7f0ea0cdc0>,2,13,[6 3],3,3,16,0,3
1,<environment.Job instance at 0x7f7f0e88fdc0>,0,14,[ 1 11],1,16,30,15,4
1,<environment.Job instance at 0x7f7f0ea623c0>,5,3,[5 1],6,16,19,10,6
1,<environment.Job instance at 0x7f7f0ea62690>,7,3,[ 1 11],8,30,33,22,8
1,<environment.Job instance at 0x7f7f0ea62140>,9,15,[2 7],10,33,48,23,19
1,<environment.Job instance at 0x7f7f0e5cb9b0>,15,1,[5 4],16,19,20,3,19
1,<environment.Job instance at 0x7f7f0e9b9d70>,18,3,[1 9],19,48,51,29,22
1,<environment.Job instance at 0x7f7f0e9b23c0>,19,3,[5 2],20,22,25,2,22
1,<environment.Job instance at 0x7f7f0e9b9f00>,20,13,[9 2],21,22,35,1,22
1,<environment.Job instance at 0x7f7f0ea62dc0>,11,13,[4 5],12,33,46,21,23
1,<environment.Job instance at 0x7f7f0e92a820>,28,15,[10  2],29,46,61,17,32
1,<environment.Job instance at 0x7f7f0e972b90>,29,16,[8 3],30,61,77,31,48
1,<environment.Job instance at 0x7f7f0e893b40>,25,12,[2 7],26,51,63,25,48
1,<environment.Job instance at 0x7f7f0eaf6190>,32,1,[ 1 13],33,77,78,44,49
1,<environment.Job instance at 0x7f7f0eaf6b90>,34,12,[5 2],35,61,73,26,49
1,<environment.Job instance at 0x7f7f0eb07820>,36,12,[10  3],37,78,90,41,61
1,<environment.Job instance at 0x7f7f0eb07690>,37,14,[4 5],38,78,92,40,63
1,<environment.Job instance at 0x7f7f0f2baa50>,38,13,[5 1],39,90,103,51,74
1,<environment.Job instance at 0x7f7f0f227f50>,40,20,[10  5],41,92,112,51,83
1,<environment.Job instance at 0x7f7f0e925820>,43,3,[5 1],44,103,106,59,83
1,<environment.Job instance at 0x7f7f0e925cd0>,44,15,[7 1],45,112,127,67,98
1,<environment.Job instance at 0x7f7f0e9257d0>,45,17,[4 7],46,106,123,60,98
1,<environment.Job instance at 0x7f7f0eafea50>,50,15,[1 8],51,123,138,72,109
1,<environment.Job instance at 0x7f7f0eb058c0>,51,16,[2 6],52,112,128,60,109
1,<environment.Job instance at 0x7f7f0eb056e0>,52,16,[9 5],53,128,144,75,115
1,<environment.Job instance at 0x7f7f0eb05b40>,56,13,[1 8],57,138,151,81,122
1,<environment.Job instance at 0x7f7f0eb05190>,57,16,[10  3],58,144,160,86,131
1,<environment.Job instance at 0x7f7f0eb054b0>,59,16,[5 9],60,151,167,91,138
1,<environment.Job instance at 0x7f7f0eaa9f50>,60,17,[9 4],61,160,177,99,148
1,<environment.Job instance at 0x7f7f0e5fb460>,61,19,[10  4],62,177,196,115,167
1,<environment.Job instance at 0x7f7f0f2d7e60>,1,17,[4 6],2,2,19,0,2
1,<environment.Job instance at 0x7f7f0f2c7d20>,3,15,[4 6],4,5,20,1,5
1,<environment.Job instance at 0x7f7f0f2c17d0>,5,17,[8 4],6,19,36,13,7
1,<environment.Job instance at 0x7f7f0f2c7d70>,4,3,[5 5],5,20,23,15,14
1,<environment.Job instance at 0x7f7f0f541c30>,8,13,[9 1],9,36,49,27,20
1,<environment.Job instance at 0x7f7f0f5412d0>,11,13,[3 5],12,23,36,11,20
1,<environment.Job instance at 0x7f7f0f541f50>,9,15,[ 2 12],10,36,51,26,22
1,<environment.Job instance at 0x7f7f0f541aa0>,10,21,[13  2],11,49,70,38,42
1,<environment.Job instance at 0x7f7f0f5671e0>,14,1,[5 9],15,70,71,55,43
1,<environment.Job instance at 0x7f7f0f566320>,13,24,[1 6],14,51,75,37,46
1,<environment.Job instance at 0x7f7f0f541fa0>,12,22,[5 4],13,71,93,58,70
1,<environment.Job instance at 0x7f7f0f567230>,15,26,[10  2],16,75,101,59,72
1,<environment.Job instance at 0x7f7f0f567820>,18,14,[4 9],19,93,107,74,78
1,<environment.Job instance at 0x7f7f0f567410>,19,1,[ 4 13],20,107,108,87,79
1,<environment.Job instance at 0x7f7f0f567a00>,17,14,[1 9],18,108,122,90,93
1,<environment.Job instance at 0x7f7f0f275280>,25,14,[4 7],26,122,136,96,107
1,<environment.Job instance at 0x7f7f0f56a6e0>,31,17,[2 9],32,136,153,104,124
1,<environment.Job instance at 0x7f7f0f29a050>,36,15,[4 5],37,124,139,87,124
1,<environment.Job instance at 0x7f7f0f275d20>,20,18,[12  4],21,139,157,118,128
1,<environment.Job instance at 0x7f7f0efa5aa0>,46,15,[14  1],47,157,172,110,143
1,<environment.Job instance at 0x7f7f0e4657d0>,45,21,[1 9],46,153,174,107,146
1,<environment.Job instance at 0x7f7f0e46c370>,51,14,[3 7],52,174,188,122,159
1,<environment.Job instance at 0x7f7f0e46c690>,53,23,[5 5],54,172,195,118,166
1,<environment.Job instance at 0x7f7f0e463280>,0,15,[2 8],1,1,16,0,1
1,<environment.Job instance at 0x7f7f0e46c690>,2,14,[8 2],3,3,17,0,3
1,<environment.Job instance at 0x7f7f0e463f00>,4,20,[5 5],5,5,25,0,5
1,<environment.Job instance at 0x7f7f0e463c80>,5,1,[10  2],6,17,18,11,6
1,<environment.Job instance at 0x7f7f0e463cd0>,6,14,[2 7],7,18,32,11,7
1,<environment.Job instance at 0x7f7f0e463eb0>,7,12,[9 3],8,25,37,17,8
1,<environment.Job instance at 0x7f7f0e45e500>,11,1,[6 5],12,32,33,20,17
1,<environment.Job instance at 0x7f7f0e45e640>,10,18,[ 2 10],11,33,51,22,22
1,<environment.Job instance at 0x7f7f0e45edc0>,14,15,[3 5],15,37,52,22,23
1,<environment.Job instance at 0x7f7f0e45e140>,17,17,[10  3],18,51,68,33,39
1,<environment.Job instance at 0x7f7f0e45e7d0>,12,15,[10  5],13,68,83,55,54
1,<environment.Job instance at 0x7f7f0e45ee60>,13,18,[13  1],14,83,101,69,72
1,<environment.Job instance at 0x7f7f0e45ef50>,22,18,[2 9],23,74,92,51,74
1,<environment.Job instance at 0x7f7f0e49d7d0>,29,21,[5 2],30,101,122,71,93
1,<environment.Job instance at 0x7f7f0e49da00>,32,19,[2 5],33,93,112,60,93
1,<environment.Job instance at 0x7f7f0e49daf0>,33,12,[1 7],34,101,113,67,93
1,<environment.Job instance at 0x7f7f0e49d960>,34,15,[7 5],35,112,127,77,98
1,<environment.Job instance at 0x7f7f0e49dd20>,36,14,[3 6],37,113,127,76,98
1,<environment.Job instance at 0x7f7f0e4c0280>,43,14,[4 7],44,127,141,83,112
1,<environment.Job instance at 0x7f7f0e4c0730>,50,16,[9 2],51,127,143,76,114
1,<environment.Job instance at 0x7f7f0e45caf0>,53,18,[8 5],54,143,161,89,132
1,<environment.Job instance at 0x7f7f0e45efa0>,23,15,[3 9],24,141,156,117,132
1,<environment.Job instance at 0x7f7f0e45cf50>,55,13,[ 2 10],56,156,169,100,140
1,<environment.Job instance at 0x7f7f0e45c730>,57,13,[7 3],58,161,174,103,145
1,<environment.Job instance at 0x7f7f0e45c870>,58,14,[9 5],59,174,188,115,159
1,<environment.Job instance at 0x7f7f0e45c9b0>,61,13,[4 7],62,169,182,107,159
1,<environment.Job instance at 0x7f7f0e45c050>,3,3,[1 9],4,4,7,0,4
1,<environment.Job instance at 0x7f7f0f3e5af0>,0,15,[ 1 12],1,7,22,6,4
1,<environment.Job instance at 0x7f7f0f9adb40>,4,2,[1 8],5,22,24,17,5
1,<environment.Job instance at 0x7f7f0e45c280>,6,13,[5 5],7,22,35,15,7
1,<environment.Job instance at 0x7f7f0f9adf50>,11,15,[6 5],12,24,39,12,12
1,<environment.Job instance at 0x7f7f0f9addc0>,9,17,[8 3],10,35,52,25,23
1,<environment.Job instance at 0x7f7f0f9ad320>,13,14,[7 2],14,39,53,25,24
1,<environment.Job instance at 0x7f7f0f9adfa0>,15,16,[5 1],16,52,68,36,39
1,<environment.Job instance at 0x7f7f0f9ada00>,18,14,[3 9],19,52,66,33,39
1,<environment.Job instance at 0x7f7f0f9adbe0>,21,15,[3 8],22,66,81,44,52
1,<environment.Job instance at 0x7f7f0f5520f0>,24,21,[7 1],25,53,74,28,52
1,<environment.Job instance at 0x7f7f0f552d20>,26,14,[6 2],27,74,88,47,59
1,<environment.Job instance at 0x7f7f0f5526e0>,27,16,[9 2],28,81,97,53,68
1,<environment.Job instance at 0x7f7f0f2a4a00>,32,12,[ 5 10],33,88,100,55,72
1,<environment.Job instance at 0x7f7f0e427d70>,45,12,[10  5],46,97,109,51,80
1,<environment.Job instance at 0x7f7f0e4278c0>,46,18,[2 8],47,100,118,53,89
1,<environment.Job instance at 0x7f7f0e427fa0>,47,17,[1 7],48,109,126,61,97
1,<environment.Job instance at 0x7f7f0e4271e0>,48,18,[5 1],49,118,136,69,107
1,<environment.Job instance at 0x7f7f0f4be3c0>,51,13,[5 8],52,126,139,74,110
1,<environment.Job instance at 0x7f7f0f4be910>,52,15,[7 4],53,136,151,83,122
1,<environment.Job instance at 0x7f7f0f5676e0>,58,14,[ 2 10],59,139,153,80,124
1,<environment.Job instance at 0x7f7f0f541640>,66,17,[7 3],67,151,168,84,139
1,<environment.Job instance at 0x7f7f0f4f9500>,67,19,[2 8],68,153,172,85,143
1,<environment.Job instance at 0x7f7f0f4f9e60>,70,17,[10  2],71,168,185,97,156
1,<environment.Job instance at 0x7f7f0f2c73c0>,72,19,[4 6],73,172,191,99,162
1,<environment.Job instance at 0x7f7f0e4816e0>,0,12,[ 2 13],1,1,13,0,1
1,<environment.Job instance at 0x7f7f0e4813c0>,1,2,[12  5],2,13,15,11,2
1,<environment.Job instance at 0x7f7f0e85bb40>,2,18,[ 2 13],3,15,33,12,4
1,<environment.Job instance at 0x7f7f0eb295f0>,14,14,[5 5],15,33,47,18,18
1,<environment.Job instance at 0x7f7f0eb29960>,15,15,[10  3],16,33,48,17,19
1,<environment.Job instance at 0x7f7f0eb29550>,16,3,[ 1 12],17,47,50,30,21
1,<environment.Job instance at 0x7f7f0eb292d0>,13,18,[7 5],14,50,68,36,39
1,<environment.Job instance at 0x7f7f0eb34870>,19,16,[5 9],20,50,66,30,40
1,<environment.Job instance at 0x7f7f0eb530a0>,25,18,[2 5],26,66,84,40,55
1,<environment.Job instance at 0x7f7f0eca4aa0>,27,13,[2 6],28,68,81,40,55
1,<environment.Job instance at 0x7f7f0eb3d870>,17,21,[ 5 11],18,84,105,66,76
1,<environment.Job instance at 0x7f7f0eb1be60>,4,23,[6 4],5,76,99,71,76
1,<environment.Job instance at 0x7f7f0eb54c30>,30,22,[7 5],31,105,127,74,98
1,<environment.Job instance at 0x7f7f0eb2afa0>,32,12,[3 7],33,105,117,72,98
1,<environment.Job instance at 0x7f7f0e53d7d0>,33,14,[4 7],34,117,131,83,102
1,<environment.Job instance at 0x7f7f0e54d5a0>,34,13,[1 9],35,131,144,96,115
1,<environment.Job instance at 0x7f7f0f60fcd0>,35,15,[6 4],36,127,142,91,115
1,<environment.Job instance at 0x7f7f0f60f370>,36,2,[12  2],37,142,144,105,115
1,<environment.Job instance at 0x7f7f0f60faf0>,37,14,[14  4],38,144,158,106,129
1,<environment.Job instance at 0x7f7f0f62d6e0>,38,3,[12  4],39,158,161,119,132
1,<environment.Job instance at 0x7f7f0eca06e0>,39,16,[2 7],40,158,174,118,145
1,<environment.Job instance at 0x7f7f0e552e60>,40,21,[10  4],41,161,182,120,154
1,<environment.Job instance at 0x7f7f0eca2960>,0,14,[5 6],1,1,15,0,1
1,<environment.Job instance at 0x7f7f0e552230>,1,1,[14  5],2,15,16,13,3
1,<environment.Job instance at 0x7f7f0eca2e60>,3,14,[ 5 13],4,16,30,12,4
1,<environment.Job instance at 0x7f7f0eca2d20>,5,15,[10  5],6,30,45,24,18
1,<environment.Job instance at 0x7f7f0f290140>,15,12,[2 6],16,30,42,14,21
1,<environment.Job instance at 0x7f7f0f290e60>,17,12,[10  3],18,45,57,27,31
1,<environment.Job instance at 0x7f7f0ecada50>,24,15,[6 2],25,57,72,32,44
1,<environment.Job instance at 0x7f7f0ecad690>,26,12,[5 3],27,45,57,18,45
1,<environment.Job instance at 0x7f7f0e552e60>,2,17,[9 4],3,57,74,54,48
1,<environment.Job instance at 0x7f7f0ecad820>,33,1,[4 7],34,72,73,38,48
1,<environment.Job instance at 0x7f7f0ecadc30>,34,17,[2 5],35,73,90,38,62
1,<environment.Job instance at 0x7f7f0eca2f00>,4,17,[6 2],5,74,91,69,62
1,<environment.Job instance at 0x7f7f0ecadaf0>,36,12,[3 7],37,74,86,37,62
1,<environment.Job instance at 0x7f7f0ecad6e0>,35,16,[5 3],36,86,102,50,74
1,<environment.Job instance at 0x7f7f0eca2be0>,7,20,[6 3],8,91,111,83,84
1,<environment.Job instance at 0x7f7f0ecb52d0>,39,15,[ 1 11],40,102,117,62,89
1,<environment.Job instance at 0x7f7f0ecade10>,32,18,[7 2],33,111,129,78,100
1,<environment.Job instance at 0x7f7f0ecb5e60>,41,14,[4 8],42,117,131,75,110
1,<environment.Job instance at 0x7f7f0ecb57d0>,44,14,[8 4],45,129,143,84,114
1,<environment.Job instance at 0x7f7f0ecb5b40>,45,15,[6 3],46,131,146,85,117
1,<environment.Job instance at 0x7f7f0ecb54b0>,47,16,[2 7],48,143,159,95,130
1,<environment.Job instance at 0x7f7f0ecb5fa0>,48,21,[6 2],49,143,164,94,135
1,<environment.Job instance at 0x7f7f0ec98820>,56,15,[1 9],57,159,174,102,145
1,<environment.Job instance at 0x7f7f0ec98640>,63,17,[8 5],64,164,181,100,152
1,<environment.Job instance at 0x7f7f0ec98190>,68,17,[5 2],69,174,191,105,162
1,<environment.Job instance at 0x7f7f0eab7aa0>,0,13,[10  5],1,1,14,0,1
1,<environment.Job instance at 0x7f7f0eab7e10>,1,17,[ 1 11],2,14,31,12,2
1,<environment.Job instance at 0x7f7f0ec985f0>,2,23,[5 1],3,3,26,0,3
1,<environment.Job instance at 0x7f7f0ed554b0>,6,2,[3 8],7,31,33,24,8
1,<environment.Job instance at 0x7f7f0ed55f50>,8,14,[2 9],9,33,47,24,18
1,<environment.Job instance at 0x7f7f0ed553c0>,7,2,[13  2],8,26,28,18,18
1,<environment.Job instance at 0x7f7f0ed24d20>,15,18,[4 8],16,47,65,31,36
1,<environment.Job instance at 0x7f7f0ed24cd0>,16,12,[4 8],17,65,77,48,48
1,<environment.Job instance at 0x7f7f0ed24e60>,17,15,[1 7],18,48,63,30,48
1,<environment.Job instance at 0x7f7f0ed2f140>,24,16,[4 8],25,77,93,52,64
1,<environment.Job instance at 0x7f7f0ed2f640>,25,17,[6 5],26,64,81,38,64
1,<environment.Job instance at 0x7f7f0ed2ff50>,28,14,[5 9],29,93,107,64,78
1,<environment.Job instance at 0x7f7f0f1c1960>,30,12,[4 5],31,81,93,50,78
1,<environment.Job instance at 0x7f7f0f1c10a0>,32,14,[5 5],33,93,107,60,78
1,<environment.Job instance at 0x7f7f0f1b1370>,38,17,[8 2],39,107,124,68,95
1,<environment.Job instance at 0x7f7f0eca1f00>,39,12,[8 4],40,124,136,84,107
1,<environment.Job instance at 0x7f7f0eccf190>,42,16,[3 8],43,107,123,64,107
1,<environment.Job instance at 0x7f7f0f63a730>,44,19,[7 5],45,123,142,78,113
1,<environment.Job instance at 0x7f7f0f63a1e0>,45,17,[4 8],46,136,153,90,124
1,<environment.Job instance at 0x7f7f0f63aaf0>,46,15,[8 3],47,142,157,95,128
1,<environment.Job instance at 0x7f7f0e9268c0>,50,21,[3 8],51,153,174,102,145
1,<environment.Job instance at 0x7f7f0e953280>,51,12,[1 6],52,157,169,105,145
1,<environment.Job instance at 0x7f7f0e933780>,54,16,[4 7],55,169,185,114,156
1,<environment.Job instance at 0x7f7f0faa2690>,0,18,[2 9],1,1,19,0,1
1,<environment.Job instance at 0x7f7f0f60da50>,2,21,[7 5],3,3,24,0,3
1,<environment.Job instance at 0x7f7f0e933c30>,1,12,[7 1],2,19,31,17,3
1,<environment.Job instance at 0x7f7f0faa2140>,4,2,[6 5],5,24,26,19,5
1,<environment.Job instance at 0x7f7f0faa2500>,5,3,[ 3 13],6,26,29,20,6
1,<environment.Job instance at 0x7f7f0e7f1d70>,10,21,[5 8],11,29,50,18,21
1,<environment.Job instance at 0x7f7f0f31bf00>,14,14,[9 3],15,31,45,16,21
1,<environment.Job instance at 0x7f7f0e7f15f0>,12,2,[4 7],13,45,47,32,25
1,<environment.Job instance at 0x7f7f0f31b7d0>,15,14,[10  5],16,47,61,31,32
1,<environment.Job instance at 0x7f7f0f31b0a0>,17,20,[3 7],18,50,70,32,41
1,<environment.Job instance at 0x7f7f0f31b4b0>,18,17,[2 9],19,70,87,51,58
1,<environment.Job instance at 0x7f7f0f31be10>,19,17,[9 2],20,61,78,41,58
1,<environment.Job instance at 0x7f7f0f31b370>,25,13,[5 5],26,78,91,52,62
1,<environment.Job instance at 0x7f7f0f31b960>,27,19,[2 6],28,87,106,59,77
1,<environment.Job instance at 0x7f7f0f31b640>,28,14,[1 6],29,91,105,62,77
1,<environment.Job instance at 0x7f7f0f17f460>,32,16,[3 7],33,105,121,72,92
1,<environment.Job instance at 0x7f7f0f17f320>,34,14,[7 1],35,92,106,57,92
1,<environment.Job instance at 0x7f7f0f17f960>,36,14,[7 5],37,106,120,69,92
1,<environment.Job instance at 0x7f7f0f17f6e0>,37,13,[3 8],38,120,133,82,104
1,<environment.Job instance at 0x7f7f0f17f3c0>,38,18,[1 5],39,121,139,82,110
1,<environment.Job instance at 0x7f7f0f17fa50>,39,18,[10  1],40,121,139,81,110
1,<environment.Job instance at 0x7f7f0f17f730>,40,17,[10  2],41,139,156,98,127
1,<environment.Job instance at 0x7f7f0f17fcd0>,46,15,[4 8],47,133,148,86,127
1,<environment.Job instance at 0x7f7f0f17f050>,51,16,[6 2],52,156,172,104,143
1,<environment.Job instance at 0x7f7f0f17fb90>,52,17,[5 2],53,148,165,95,143
1,<environment.Job instance at 0x7f7f0e7f1f50>,11,16,[2 5],12,156,172,144,144
1,<environment.Job instance at 0x7f7f0f17faa0>,54,13,[3 5],55,165,178,110,149
1,<environment.Job instance at 0x7f7f0f01e5a0>,55,1,[ 2 10],56,172,173,116,149
1,<environment.Job instance at 0x7f7f0f17fa00>,53,20,[4 9],54,173,193,119,164
1,<environment.Job instance at 0x7f7f0e3333c0>,0,2,[8 5],1,1,3,0,1
1,<environment.Job instance at 0x7f7f0f17fa00>,2,1,[4 7],3,3,4,0,3
1,<environment.Job instance at 0x7f7f0e3331e0>,4,21,[10  5],5,5,26,0,5
1,<environment.Job instance at 0x7f7f0e333460>,7,16,[1 8],8,8,24,0,8
1,<environment.Job instance at 0x7f7f0e333820>,8,12,[6 3],9,26,38,17,9
1,<environment.Job instance at 0x7f7f0e333a50>,9,15,[5 2],10,24,39,14,10
1,<environment.Job instance at 0x7f7f0e333910>,15,13,[2 6],16,26,39,10,16
1,<environment.Job instance at 0x7f7f0e2bb8c0>,16,14,[7 5],17,38,52,21,23
1,<environment.Job instance at 0x7f7f0e2bb280>,18,22,[5 4],19,39,61,20,32
1,<environment.Job instance at 0x7f7f0e2bb320>,19,18,[7 4],20,52,70,32,41
1,<environment.Job instance at 0x7f7f0e2bb230>,25,16,[5 1],26,61,77,35,48
1,<environment.Job instance at 0x7f7f0e2bb5f0>,26,15,[2 9],27,61,76,34,48
1,<environment.Job instance at 0x7f7f0e2bbbe0>,27,14,[3 8],28,76,90,48,61
1,<environment.Job instance at 0x7f7f0e2bb640>,31,22,[1 5],32,70,92,38,64
1,<environment.Job instance at 0x7f7f0e2e29b0>,39,12,[7 2],40,77,89,37,64
1,<environment.Job instance at 0x7f7f0e2e20f0>,40,21,[5 9],41,90,111,49,83
1,<environment.Job instance at 0x7f7f0e2e2320>,42,15,[9 5],43,92,107,49,83
1,<environment.Job instance at 0x7f7f0e333aa0>,13,17,[9 5],14,107,124,93,95
1,<environment.Job instance at 0x7f7f0e2e2050>,44,13,[7 2],45,124,137,79,108
1,<environment.Job instance at 0x7f7f0e2e2f50>,45,13,[ 5 11],46,124,137,78,108
1,<environment.Job instance at 0x7f7f0e2e26e0>,48,13,[5 9],49,111,124,62,108
1,<environment.Job instance at 0x7f7f0e2e2b40>,49,17,[5 6],50,137,154,87,125
1,<environment.Job instance at 0x7f7f0e2e2140>,50,18,[5 3],51,137,155,86,126
1,<environment.Job instance at 0x7f7f0e2e2410>,53,15,[2 5],54,137,152,83,126
1,<environment.Job instance at 0x7f7f0e197370>,63,16,[6 3],64,154,170,90,141
1,<environment.Job instance at 0x7f7f0e1975f0>,68,17,[ 1 10],69,155,172,86,143
1,<environment.Job instance at 0x7f7f0e197fa0>,72,12,[5 5],73,170,182,97,153
1,<environment.Job instance at 0x7f7f0e1ad6e0>,75,13,[2 7],76,172,185,96,156
1,<environment.Job instance at 0x7f7f0e1adc80>,76,15,[4 7],77,182,197,105,168
1,<environment.Job instance at 0x7f7f0e1ad0a0>,77,3,[8 4],78,185,188,107,168
1,<environment.Job instance at 0x7f7f0e5b64b0>,1,2,[3 6],2,2,4,0,2
1,<environment.Job instance at 0x7f7f0fa96460>,4,13,[10  3],5,5,18,0,5
1,<environment.Job instance at 0x7f7f0fa96870>,5,17,[7 3],6,18,35,12,6
1,<environment.Job instance at 0x7f7f0f059a50>,0,24,[3 7],1,6,30,5,6
1,<environment.Job instance at 0x7f7f0fa96c80>,8,1,[14  2],9,35,36,26,9
1,<environment.Job instance at 0x7f7f0ee29870>,14,13,[7 3],15,36,49,21,20
1,<environment.Job instance at 0x7f7f0ee29f00>,12,18,[9 2],13,49,67,36,38
1,<environment.Job instance at 0x7f7f0ee29780>,17,14,[1 5],18,38,52,20,38
1,<environment.Job instance at 0x7f7f0ee29640>,19,16,[7 3],20,67,83,47,54
1,<environment.Job instance at 0x7f7f0ee29af0>,22,12,[1 8],23,54,66,31,54
1,<environment.Job instance at 0x7f7f0ee29960>,25,16,[5 4],26,54,70,28,54
1,<environment.Job instance at 0x7f7f0ee29190>,28,13,[9 4],29,83,96,54,67
1,<environment.Job instance at 0x7f7f0ee29f50>,31,14,[2 9],32,70,84,38,67
1,<environment.Job instance at 0x7f7f18651140>,35,13,[9 5],36,96,109,60,80
1,<environment.Job instance at 0x7f7f0ee292d0>,15,28,[6 2],16,84,112,68,83
1,<environment.Job instance at 0x7f7f0f516500>,46,12,[2 7],47,109,121,62,92
1,<environment.Job instance at 0x7f7f0f516140>,47,1,[5 4],48,109,110,61,92
1,<environment.Job instance at 0x7f7f0f516c80>,45,18,[10  2],46,112,130,66,101
1,<environment.Job instance at 0x7f7f0f5161e0>,49,15,[7 4],50,130,145,80,116
1,<environment.Job instance at 0x7f7f0f5162d0>,57,14,[5 4],58,121,135,63,117
1,<environment.Job instance at 0x7f7f0eea9500>,61,16,[5 4],62,135,151,73,123
1,<environment.Job instance at 0x7f7f0eea9550>,66,20,[6 2],67,145,165,78,136
1,<environment.Job instance at 0x7f7f0eea99b0>,68,13,[5 7],69,151,164,82,136
1,<environment.Job instance at 0x7f7f0eea9320>,70,14,[5 5],71,164,178,93,149
1,<environment.Job instance at 0x7f7f0eea9870>,71,14,[8 3],72,165,179,93,150
1,<environment.Job instance at 0x7f7f0eea9730>,73,14,[5 2],74,178,192,104,163
1,<environment.Job instance at 0x7f7f0eea97d0>,74,13,[6 3],75,179,192,104,163
1,<environment.Job instance at 0x7f7f0eea93c0>,77,16,[3 5],78,179,195,101,166
1,<environment.Job instance at 0x7f7f0f5b3460>,1,2,[ 5 11],2,2,4,0,2
1,<environment.Job instance at 0x7f7f0eea9f00>,2,12,[11  5],3,4,16,1,3
1,<environment.Job instance at 0x7f7f0f5b3dc0>,3,15,[9 2],4,16,31,12,4
1,<environment.Job instance at 0x7f7f0f5b3c30>,4,13,[1 7],5,5,18,0,5
1,<environment.Job instance at 0x7f7f0f5b3820>,5,13,[2 8],6,18,31,12,6
1,<environment.Job instance at 0x7f7f0f5b3410>,7,3,[10  3],8,31,34,23,8
1,<environment.Job instance at 0x7f7f0f5b30f0>,8,1,[9 4],9,34,35,25,9
1,<environment.Job instance at 0x7f7f0f5b3cd0>,9,3,[ 3 14],10,35,38,25,10
1,<environment.Job instance at 0x7f7f0f5b3190>,10,3,[ 4 11],11,31,34,20,11
1,<environment.Job instance at 0x7f7f1806ee10>,11,1,[11  3],12,38,39,26,12
1,<environment.Job instance at 0x7f7f1806eaf0>,16,22,[14  2],17,39,61,22,32
1,<environment.Job instance at 0x7f7f1806e910>,19,1,[10  5],20,61,62,41,34
1,<environment.Job instance at 0x7f7f1806ed70>,20,15,[5 3],21,61,76,40,47
1,<environment.Job instance at 0x7f7f1806e6e0>,13,14,[9 5],14,62,76,48,52
1,<environment.Job instance at 0x7f7f1806e730>,21,12,[ 4 14],22,76,88,54,59
1,<environment.Job instance at 0x7f7f1806ebe0>,18,16,[6 2],19,88,104,69,75
1,<environment.Job instance at 0x7f7f1806ecd0>,23,15,[2 5],24,88,103,64,75
1,<environment.Job instance at 0x7f7f1806e280>,27,15,[3 6],28,88,103,60,75
1,<environment.Job instance at 0x7f7f1806e960>,28,15,[3 5],29,103,118,74,89
1,<environment.Job instance at 0x7f7f1806e4b0>,29,13,[9 1],30,104,117,74,89
1,<environment.Job instance at 0x7f7f1806e320>,30,16,[2 6],31,103,119,72,90
1,<environment.Job instance at 0x7f7f0e355640>,31,1,[5 3],32,117,118,85,91
1,<environment.Job instance at 0x7f7f0e355370>,32,15,[3 7],33,118,133,85,104
1,<environment.Job instance at 0x7f7f1806ed20>,22,16,[7 4],23,119,135,96,106
1,<environment.Job instance at 0x7f7f0e355d20>,34,3,[3 9],35,133,136,98,107
1,<environment.Job instance at 0x7f7f0e3557d0>,35,1,[ 4 14],36,136,137,100,108
1,<environment.Job instance at 0x7f7f1806e1e0>,26,17,[5 7],27,137,154,110,126
1,<environment.Job instance at 0x7f7f0e355b90>,38,15,[9 3],39,137,152,98,128
1,<environment.Job instance at 0x7f7f0e355140>,39,16,[2 6],40,152,168,112,139
1,<environment.Job instance at 0x7f7f0e355a00>,40,13,[5 4],41,154,167,113,139
1,<environment.Job instance at 0x7f7f0e3551e0>,36,24,[5 2],37,152,176,115,147
1,<environment.Job instance at 0x7f7f0e355230>,43,18,[10  3],44,168,186,124,157
1,<environment.Job instance at 0x7f7f0ed0df50>,0,15,[5 2],1,1,16,0,1
1,<environment.Job instance at 0x7f7f0ed0d2d0>,1,12,[8 3],2,2,14,0,2
1,<environment.Job instance at 0x7f7f0ed0d8c0>,2,3,[12  4],3,16,19,13,3
1,<environment.Job instance at 0x7f7f0ed0d190>,3,3,[ 5 14],4,19,22,15,7
1,<environment.Job instance at 0x7f7f0fa3bcd0>,13,14,[3 7],14,22,36,8,14
1,<environment.Job instance at 0x7f7f0ed0dbe0>,8,21,[5 4],9,22,43,13,14
1,<environment.Job instance at 0x7f7f0fa3b820>,12,3,[5 9],13,36,39,23,18
1,<environment.Job instance at 0x7f7f0fa3b6e0>,18,12,[ 4 11],19,39,51,20,22
1,<environment.Job instance at 0x7f7f0fa3b910>,22,16,[2 7],23,51,67,28,38
1,<environment.Job instance at 0x7f7f0fa3b960>,23,13,[8 5],24,51,64,27,38
1,<environment.Job instance at 0x7f7f0fa3b690>,17,17,[ 5 10],18,67,84,49,55
1,<environment.Job instance at 0x7f7f0fa3b0f0>,15,12,[6 5],16,64,76,48,57
1,<environment.Job instance at 0x7f7f184e8820>,29,18,[4 7],30,84,102,54,73
1,<environment.Job instance at 0x7f7f184e89b0>,28,20,[9 2],29,88,108,59,88
1,<environment.Job instance at 0x7f7f184e87d0>,31,19,[ 3 11],32,102,121,70,92
1,<environment.Job instance at 0x7f7f0f227b90>,41,22,[7 4],42,108,130,66,106
1,<environment.Job instance at 0x7f7f0fa3be60>,19,16,[4 7],20,121,137,101,108
1,<environment.Job instance at 0x7f7f0f227230>,43,2,[ 2 11],44,137,139,93,110
1,<environment.Job instance at 0x7f7f0f2270f0>,44,1,[ 4 13],45,139,140,94,111
1,<environment.Job instance at 0x7f7f0f227af0>,45,1,[4 9],46,140,141,94,112
1,<environment.Job instance at 0x7f7f0f227690>,46,3,[14  5],47,141,144,94,115
1,<environment.Job instance at 0x7f7f0f227cd0>,42,16,[6 1],43,144,160,101,132
1,<environment.Job instance at 0x7f7f184e85a0>,38,22,[5 8],39,144,166,105,141
1,<environment.Job instance at 0x7f7f0f227a50>,50,18,[5 5],51,160,178,109,149
1,<environment.Job instance at 0x7f7f0f227dc0>,51,2,[2 5],52,149,151,97,149
1,<environment.Job instance at 0x7f7f0f2275a0>,49,14,[2 8],50,166,180,116,160
1,<environment.Job instance at 0x7f7f0f227820>,47,18,[12  2],48,178,196,130,167
1,<environment.Job instance at 0x7f7f0e43f820>,0,16,[ 5 11],1,1,17,0,1
1,<environment.Job instance at 0x7f7f0e43f640>,2,15,[3 5],3,17,32,14,3
1,<environment.Job instance at 0x7f7f0e43fe10>,1,19,[5 3],2,3,22,1,3
1,<environment.Job instance at 0x7f7f0e43fa50>,3,3,[ 4 12],4,32,35,28,6
1,<environment.Job instance at 0x7f7f0e430b40>,5,17,[5 1],6,6,23,0,6
1,<environment.Job instance at 0x7f7f0e43f1e0>,4,13,[8 2],5,23,36,18,7
1,<environment.Job instance at 0x7f7f0e430320>,8,16,[1 9],9,35,51,26,22
1,<environment.Job instance at 0x7f7f0e4303c0>,10,12,[4 5],11,36,48,25,28
1,<environment.Job instance at 0x7f7f0e4300a0>,12,2,[5 6],13,48,50,35,29
1,<environment.Job instance at 0x7f7f0e430730>,13,2,[8 1],14,36,38,22,29
1,<environment.Job instance at 0x7f7f0e430cd0>,11,19,[3 8],12,51,70,39,41
1,<environment.Job instance at 0x7f7f0e430b90>,17,14,[5 9],18,70,84,52,55
1,<environment.Job instance at 0x7f7f0ea82870>,21,17,[10  1],22,55,72,33,55
1,<environment.Job instance at 0x7f7f0ea828c0>,23,15,[2 7],24,84,99,60,70
1,<environment.Job instance at 0x7f7f0ea82e10>,25,16,[1 6],26,72,88,46,70
1,<environment.Job instance at 0x7f7f0e4301e0>,14,15,[3 6],15,88,103,73,77
1,<environment.Job instance at 0x7f7f0ea82f50>,26,18,[10  5],27,99,117,72,88
1,<environment.Job instance at 0x7f7f0e4300f0>,6,14,[5 1],7,103,117,96,88
1,<environment.Job instance at 0x7f7f0ea82410>,29,21,[9 4],30,117,138,87,109
1,<environment.Job instance at 0x7f7f0ea825f0>,31,16,[2 9],32,117,133,85,109
1,<environment.Job instance at 0x7f7f0ea82cd0>,34,16,[7 5],35,138,154,103,125
1,<environment.Job instance at 0x7f7f0ea69780>,35,20,[4 6],36,133,153,97,125
1,<environment.Job instance at 0x7f7f0ea69690>,36,13,[6 2],37,153,166,116,137
1,<environment.Job instance at 0x7f7f0ea69c80>,40,15,[1 7],41,153,168,112,139
1,<environment.Job instance at 0x7f7f0ea698c0>,41,14,[2 9],42,168,182,126,153
1,<environment.Job instance at 0x7f7f0ea69a00>,43,18,[10  5],44,166,184,122,160
1,<environment.Job instance at 0x7f7f0ea69460>,44,3,[6 4],45,160,163,115,160
1,<environment.Job instance at 0x7f7f0e66da00>,0,15,[5 1],1,1,16,0,1
1,<environment.Job instance at 0x7f7f0ea695a0>,1,27,[ 4 12],2,2,29,0,2
1,<environment.Job instance at 0x7f7f0e5f4780>,6,3,[7 4],7,29,32,22,7
1,<environment.Job instance at 0x7f7f0e5f4cd0>,7,12,[5 3],8,16,28,8,8
1,<environment.Job instance at 0x7f7f0e5f4690>,4,15,[2 5],5,29,44,24,15
1,<environment.Job instance at 0x7f7f0e5f44b0>,8,12,[10  4],9,32,44,23,18
1,<environment.Job instance at 0x7f7f0ea69460>,3,20,[2 5],4,29,49,25,25
1,<environment.Job instance at 0x7f7f0f7fd280>,13,17,[2 9],14,44,61,30,32
1,<environment.Job instance at 0x7f7f0f7fd050>,14,19,[6 2],15,49,68,34,39
1,<environment.Job instance at 0x7f7f0e5f42d0>,2,12,[7 5],3,61,73,58,44
1,<environment.Job instance at 0x7f7f0e905b90>,26,3,[7 1],27,44,47,17,44
1,<environment.Job instance at 0x7f7f0f7fd910>,15,22,[4 6],16,68,90,52,65
1,<environment.Job instance at 0x7f7f0e9055a0>,25,27,[3 6],26,73,100,47,72
1,<environment.Job instance at 0x7f7f0e905370>,29,13,[5 2],30,73,86,43,72
1,<environment.Job instance at 0x7f7f0e9050a0>,30,14,[10  5],31,90,104,59,75
1,<environment.Job instance at 0x7f7f0e905aa0>,31,2,[1 8],32,100,102,68,75
1,<environment.Job instance at 0x7f7f0e905e60>,28,16,[12  2],29,104,120,75,91
1,<environment.Job instance at 0x7f7f0e905dc0>,33,14,[ 2 11],34,104,118,70,91
1,<environment.Job instance at 0x7f7f0e905f00>,34,17,[11  5],35,120,137,85,108
1,<environment.Job instance at 0x7f7f0e9055f0>,27,28,[4 9],28,120,148,92,120
1,<environment.Job instance at 0x7f7f0e905780>,35,16,[10  2],36,137,153,101,125
1,<environment.Job instance at 0x7f7f0e905eb0>,36,12,[10  3],37,153,165,116,136
1,<environment.Job instance at 0x7f7f0e9050f0>,38,3,[7 1],39,165,168,126,139
1,<environment.Job instance at 0x7f7f0eaf70a0>,39,16,[5 2],40,148,164,108,144
1,<environment.Job instance at 0x7f7f0eaf7140>,40,12,[9 4],41,168,180,127,151
1,<environment.Job instance at 0x7f7f0e5f4820>,5,14,[ 5 13],6,180,194,174,165
1,<environment.Job instance at 0x7f7f0e3e62d0>,42,1,[4 7],43,167,168,124,167
1,<environment.Job instance at 0x7f7f0e8af9b0>,0,17,[ 4 10],1,1,18,0,1
1,<environment.Job instance at 0x7f7f0e8b00a0>,3,22,[1 5],4,4,26,0,4
1,<environment.Job instance at 0x7f7f0e8b0e10>,5,16,[7 4],6,18,34,12,6
1,<environment.Job instance at 0x7f7f0e5cd3c0>,8,15,[3 9],9,26,41,17,12
1,<environment.Job instance at 0x7f7f0e5cd780>,11,18,[4 8],12,41,59,29,30
1,<environment.Job instance at 0x7f7f0e89fb40>,12,18,[6 3],13,34,52,21,30
1,<environment.Job instance at 0x7f7f0e89f7d0>,13,17,[2 6],14,52,69,38,40
1,<environment.Job instance at 0x7f7f0e89f230>,17,14,[3 6],18,59,73,41,44
1,<environment.Job instance at 0x7f7f0e89f730>,19,13,[8 2],20,59,72,39,44
1,<environment.Job instance at 0x7f7f0f4f04b0>,22,15,[9 2],23,72,87,49,58
1,<environment.Job instance at 0x7f7f0e5cd870>,10,14,[ 4 12],11,73,87,62,58
1,<environment.Job instance at 0x7f7f0e89fb90>,25,20,[7 1],26,87,107,61,81
1,<environment.Job instance at 0x7f7f0f77e1e0>,27,15,[7 3],28,87,102,59,81
1,<environment.Job instance at 0x7f7f0f77e5f0>,28,12,[5 2],29,102,114,73,85
1,<environment.Job instance at 0x7f7f0f77e910>,29,13,[5 8],30,107,120,77,91
1,<environment.Job instance at 0x7f7f0f76bbe0>,30,15,[1 6],31,91,106,60,91
1,<environment.Job instance at 0x7f7f0fa96e10>,31,17,[5 4],32,107,124,75,95
1,<environment.Job instance at 0x7f7f0f918c30>,32,18,[3 7],33,120,138,87,109
1,<environment.Job instance at 0x7f7f0f918410>,34,12,[2 6],35,124,136,89,112
1,<environment.Job instance at 0x7f7f0f9184b0>,36,17,[7 2],37,120,137,83,112
1,<environment.Job instance at 0x7f7f1801c4b0>,38,13,[3 5],39,136,149,97,120
1,<environment.Job instance at 0x7f7f0f93a870>,55,12,[ 5 10],56,138,150,82,121
1,<environment.Job instance at 0x7f7f0f93a0a0>,57,14,[4 9],58,150,164,92,135
1,<environment.Job instance at 0x7f7f0f93a0f0>,59,18,[2 6],60,150,168,90,139
1,<environment.Job instance at 0x7f7f0f93a9b0>,60,19,[9 3],61,164,183,103,154
1,<environment.Job instance at 0x7f7f0e8b0e60>,9,24,[4 9],10,168,192,158,163
1,<environment.Job instance at 0x7f7f0ed91870>,0,27,[ 4 10],1,1,28,0,1
1,<environment.Job instance at 0x7f7f0e5cdc30>,2,1,[8 4],3,3,4,0,3
1,<environment.Job instance at 0x7f7f0f8bb5f0>,4,28,[2 5],5,5,33,0,5
1,<environment.Job instance at 0x7f7f0f8bb6e0>,6,3,[9 4],7,28,31,21,7
1,<environment.Job instance at 0x7f7f0f8bb730>,10,13,[8 4],11,31,44,20,15
1,<environment.Job instance at 0x7f7f0f8bbaf0>,11,3,[3 5],12,28,31,16,15
1,<environment.Job instance at 0x7f7f0f8bb190>,8,18,[6 3],9,33,51,24,25
1,<environment.Job instance at 0x7f7f0f8bb5a0>,7,12,[8 1],8,44,56,36,27
1,<environment.Job instance at 0x7f7f0f8bbaa0>,13,12,[7 3],14,51,63,37,34
1,<environment.Job instance at 0x7f7f0f8bbeb0>,15,18,[5 8],16,56,74,40,45
1,<environment.Job instance at 0x7f7f0f8bbc30>,16,16,[5 1],17,63,79,46,50
1,<environment.Job instance at 0x7f7f0eebd690>,20,13,[9 3],21,74,87,53,58
1,<environment.Job instance at 0x7f7f0eebde10>,21,19,[9 4],22,87,106,65,77
1,<environment.Job instance at 0x7f7f0f8d89b0>,1,18,[3 8],2,79,97,77,77
1,<environment.Job instance at 0x7f7f0eebdf50>,24,15,[9 4],25,106,121,81,92
1,<environment.Job instance at 0x7f7f0eebde60>,28,15,[2 8],29,97,112,68,92
1,<environment.Job instance at 0x7f7f0ee4a460>,29,17,[4 5],30,112,129,82,100
1,<environment.Job instance at 0x7f7f0ee4a730>,30,15,[7 2],31,121,136,90,107
1,<environment.Job instance at 0x7f7f0ee4a640>,33,22,[4 6],34,121,143,87,114
1,<environment.Job instance at 0x7f7f0ee4a8c0>,35,16,[9 3],36,136,152,100,123
1,<environment.Job instance at 0x7f7f0ee4a410>,37,21,[2 9],38,143,164,105,135
1,<environment.Job instance at 0x7f7f0ee4a280>,41,13,[10  4],42,152,165,110,139
1,<environment.Job instance at 0x7f7f0ee4a7d0>,44,17,[4 8],45,164,181,119,152
1,<environment.Job instance at 0x7f7f0ee4a0f0>,47,21,[2 6],48,165,186,117,157
1,<environment.Job instance at 0x7f7f0ee2c2d0>,48,14,[7 5],49,181,195,132,166
1,<environment.Job instance at 0x7f7f0ee2c410>,2,3,[7 3],3,3,6,0,3
1,<environment.Job instance at 0x7f7f0e5824b0>,3,3,[7 5],4,4,7,0,4
1,<environment.Job instance at 0x7f7f0e582550>,6,14,[6 4],7,7,21,0,7
1,<environment.Job instance at 0x7f7f0e582960>,8,17,[4 9],9,9,26,0,9
1,<environment.Job instance at 0x7f7f0e582870>,9,12,[6 4],10,21,33,11,10
1,<environment.Job instance at 0x7f7f0e582b40>,10,15,[11  3],11,33,48,22,19
1,<environment.Job instance at 0x7f7f0e582e60>,17,2,[5 5],18,26,28,8,19
1,<environment.Job instance at 0x7f7f0e582eb0>,15,12,[6 5],16,48,60,32,31
1,<environment.Job instance at 0x7f7f0e582fa0>,19,12,[1 6],20,31,43,11,31
1,<environment.Job instance at 0x7f7f0f4a83c0>,22,17,[2 6],23,33,50,10,31
1,<environment.Job instance at 0x7f7f0e582d20>,16,22,[5 4],17,48,70,31,41
1,<environment.Job instance at 0x7f7f0f4a81e0>,25,13,[10  4],26,60,73,34,44
1,<environment.Job instance at 0x7f7f0f4a8690>,28,17,[2 6],29,70,87,41,58
1,<environment.Job instance at 0x7f7f0f4a8730>,29,16,[10  2],30,73,89,43,60
1,<environment.Job instance at 0x7f7f0f4a8b40>,31,14,[2 8],32,87,101,55,72
1,<environment.Job instance at 0x7f7f0f4a8960>,32,14,[6 3],33,89,103,56,74
1,<environment.Job instance at 0x7f7f0f4a8be0>,33,14,[10  5],34,103,117,69,88
1,<environment.Job instance at 0x7f7f0f4a8cd0>,40,17,[8 4],41,117,134,76,105
1,<environment.Job instance at 0x7f7f0f4b12d0>,43,18,[6 4],44,117,135,73,106
1,<environment.Job instance at 0x7f7f0f4b1690>,48,12,[8 4],49,134,146,85,117
1,<environment.Job instance at 0x7f7f0f4b17d0>,50,14,[ 5 10],51,135,149,84,121
1,<environment.Job instance at 0x7f7f0f4b1870>,51,16,[5 3],52,146,162,94,133
1,<environment.Job instance at 0x7f7f0f4b19b0>,53,18,[2 8],54,149,167,95,139
1,<environment.Job instance at 0x7f7f0e582e10>,14,22,[7 2],15,149,171,134,143
1,<environment.Job instance at 0x7f7f0f4b1a50>,54,18,[1 9],55,167,185,112,156
1,<environment.Job instance at 0x7f6d836c3410>,2,13,[10  1],3,3,16,0,3
1,<environment.Job instance at 0x7f6d836c34b0>,3,17,[ 5 10],4,4,21,0,4
1,<environment.Job instance at 0x7f6d836c3690>,4,1,[5 6],5,21,22,16,5
1,<environment.Job instance at 0x7f6d836c3780>,5,12,[1 7],6,21,33,15,6
1,<environment.Job instance at 0x7f6d836c3a00>,8,16,[1 8],9,22,38,13,10
1,<environment.Job instance at 0x7f6d836c3a50>,10,12,[5 5],11,33,45,22,16
1,<environment.Job instance at 0x7f6d836c3cd0>,14,18,[1 6],15,38,56,23,27
1,<environment.Job instance at 0x7f6d836c3f00>,18,12,[1 8],19,45,57,26,28
1,<environment.Job instance at 0x7f6d836c5230>,20,14,[4 8],21,57,71,36,42
1,<environment.Job instance at 0x7f6d836c5370>,22,21,[5 5],23,56,77,33,48
1,<environment.Job instance at 0x7f6d836c5550>,25,16,[9 2],26,71,87,45,58
1,<environment.Job instance at 0x7f6d836c55f0>,26,16,[9 1],27,87,103,60,74
1,<environment.Job instance at 0x7f6d836c56e0>,29,18,[5 1],30,77,95,47,74
1,<environment.Job instance at 0x7f6d836c5af0>,33,14,[5 7],34,95,109,61,80
1,<environment.Job instance at 0x7f6d836c5cd0>,36,18,[10  1],37,103,121,66,92
1,<environment.Job instance at 0x7f6d836c5d70>,37,13,[7 1],38,121,134,83,105
1,<environment.Job instance at 0x7f6d836c5f50>,40,13,[ 2 10],41,109,122,68,105
1,<environment.Job instance at 0x7f6d836c58c0>,43,22,[5 3],44,121,143,77,114
1,<environment.Job instance at 0x7f6d836c9370>,46,14,[3 6],47,122,136,75,114
1,<environment.Job instance at 0x7f6d836c9640>,48,16,[1 9],49,136,152,87,123
1,<environment.Job instance at 0x7f6d836c90a0>,49,15,[3 9],50,152,167,102,138
1,<environment.Job instance at 0x7f6d836c9280>,50,15,[4 7],51,167,182,116,153
1,<environment.Job instance at 0x7f6d836c9690>,51,20,[5 4],52,153,173,101,153
1,<environment.Job instance at 0x7f6d836c97d0>,53,21,[5 4],54,167,188,113,159
1,<environment.Job instance at 0x7f6d836c9870>,54,17,[10  3],55,182,199,127,170
1,<environment.Job instance at 0x7f6d83c195a0>,0,13,[ 2 13],1,1,14,0,1
1,<environment.Job instance at 0x7f6d836c98c0>,1,13,[4 9],2,14,27,12,2
1,<environment.Job instance at 0x7f6d836c9870>,3,2,[6 1],4,4,6,0,4
1,<environment.Job instance at 0x7f6d83c19190>,2,16,[6 4],3,14,30,11,4
1,<environment.Job instance at 0x7f6d83c19e10>,4,3,[12  3],5,30,33,25,5
1,<environment.Job instance at 0x7f6d83b7c9b0>,9,2,[12  2],10,11,13,1,11
1,<environment.Job instance at 0x7f6d83b7c780>,10,16,[2 5],11,27,43,16,16
1,<environment.Job instance at 0x7f6d83b7ccd0>,12,19,[5 1],13,33,52,20,24
1,<environment.Job instance at 0x7f6d83bfd280>,11,14,[ 5 11],12,43,57,31,28
1,<environment.Job instance at 0x7f6d83bfd2d0>,14,3,[4 5],15,33,36,18,28
1,<environment.Job instance at 0x7f6d83bfd730>,15,3,[3 7],16,36,39,20,28
1,<environment.Job instance at 0x7f6d83bfddc0>,16,13,[ 2 10],17,57,70,40,44
1,<environment.Job instance at 0x7f6d83bfdaa0>,13,14,[5 9],14,70,84,56,55
1,<environment.Job instance at 0x7f6d83bfd0a0>,17,26,[10  2],18,55,81,37,55
1,<environment.Job instance at 0x7f6d83bfd190>,19,19,[6 1],20,81,100,61,71
1,<environment.Job instance at 0x7f6d83c19550>,6,17,[5 7],7,84,101,77,78
1,<environment.Job instance at 0x7f6d83bfd870>,21,12,[ 1 11],22,101,113,79,84
1,<environment.Job instance at 0x7f6d83c822d0>,32,2,[12  2],33,101,103,68,84
1,<environment.Job instance at 0x7f6d83c82be0>,33,15,[4 5],34,85,100,51,85
1,<environment.Job instance at 0x7f6d83c82c80>,34,1,[7 1],35,100,101,65,85
1,<environment.Job instance at 0x7f6d83c82550>,38,17,[10  4],39,103,120,64,101
1,<environment.Job instance at 0x7f6d83bfdd20>,18,25,[5 5],19,113,138,94,110
1,<environment.Job instance at 0x7f6d83bd1140>,45,18,[5 8],46,120,138,74,113
1,<environment.Job instance at 0x7f6d83c0be60>,48,16,[7 2],49,138,154,89,125
1,<environment.Job instance at 0x7f6d83c0b5a0>,54,18,[5 9],55,138,156,83,134
1,<environment.Job instance at 0x7f6d83c0b8c0>,60,13,[7 5],61,154,167,93,138
1,<environment.Job instance at 0x7f6d83c0b820>,61,15,[2 8],62,156,171,94,143
1,<environment.Job instance at 0x7f6d83deceb0>,70,18,[2 6],71,167,185,96,156
1,<environment.Job instance at 0x7f6d83dec6e0>,73,16,[5 6],74,171,187,97,158
1,<environment.Job instance at 0x7f6d83c82410>,35,25,[7 2],36,171,196,135,169
1,<environment.Job instance at 0x7f6d83dec320>,76,15,[5 4],77,187,202,110,173
1,<environment.Job instance at 0x7f6d82e5aa00>,0,1,[4 8],1,2,3,1,2
1,<environment.Job instance at 0x7f6d82e5ae60>,1,20,[11  5],2,2,22,0,2
1,<environment.Job instance at 0x7f6d83dec3c0>,3,3,[1 5],4,4,7,0,4
1,<environment.Job instance at 0x7f6d82e5a0f0>,6,12,[2 8],7,7,19,0,7
1,<environment.Job instance at 0x7f6d82e54c80>,8,2,[8 5],9,22,24,13,9
1,<environment.Job instance at 0x7f6d82e545f0>,9,2,[5 3],10,22,24,12,10
1,<environment.Job instance at 0x7f6d82e54d20>,11,1,[7 2],12,24,25,12,12
1,<environment.Job instance at 0x7f6d82e54aa0>,12,12,[5 4],13,24,36,11,13
1,<environment.Job instance at 0x7f6d82e54a00>,14,16,[4 6],15,25,41,10,15
1,<environment.Job instance at 0x7f6d82e54280>,19,23,[5 5],20,25,48,5,20
1,<environment.Job instance at 0x7f6d82e54f50>,20,18,[8 4],21,41,59,20,30
1,<environment.Job instance at 0x7f6d82ea5f50>,24,17,[6 2],25,48,65,23,36
1,<environment.Job instance at 0x7f6d82ea5050>,25,12,[10  4],26,65,77,39,48
1,<environment.Job instance at 0x7f6d82ea5c30>,30,17,[1 9],31,48,65,17,48
1,<environment.Job instance at 0x7f6d82ea50f0>,31,22,[1 6],32,65,87,33,58
1,<environment.Job instance at 0x7f6d82ea54b0>,33,12,[1 6],34,77,89,43,60
1,<environment.Job instance at 0x7f6d82e513c0>,35,18,[3 6],36,87,105,51,76
1,<environment.Job instance at 0x7f6d82e51e10>,36,17,[2 5],37,89,106,52,77
1,<environment.Job instance at 0x7f6d82e51dc0>,48,19,[5 3],49,78,97,29,78
1,<environment.Job instance at 0x7f6d82e4dd20>,51,19,[6 2],52,97,116,45,87
1,<environment.Job instance at 0x7f6d82e4d3c0>,53,17,[2 9],54,106,123,52,94
1,<environment.Job instance at 0x7f6d82e4d320>,54,12,[2 9],55,123,135,68,106
1,<environment.Job instance at 0x7f6d82e4d190>,55,15,[2 9],56,135,150,79,121
1,<environment.Job instance at 0x7f6d82e4da00>,56,23,[5 5],57,121,144,64,121
1,<environment.Job instance at 0x7f6d82e4d050>,58,12,[7 5],59,144,156,85,127
1,<environment.Job instance at 0x7f6d82e4d460>,59,17,[5 5],60,150,167,90,138
1,<environment.Job instance at 0x7f6d82e4d1e0>,60,16,[1 7],61,156,172,95,143
1,<environment.Job instance at 0x7f6d82e4dcd0>,62,13,[7 2],63,156,169,93,143
1,<environment.Job instance at 0x7f6d82e49fa0>,65,15,[1 8],66,169,184,103,155
1,<environment.Job instance at 0x7f6d82e494b0>,66,15,[ 1 10],67,184,199,117,170
1,<environment.Job instance at 0x7f6d82e49640>,67,22,[8 4],68,172,194,104,170
1,<environment.Job instance at 0x7f6d82f6ee10>,1,23,[7 2],2,2,25,0,2
1,<environment.Job instance at 0x7f6d82e49370>,2,1,[ 1 13],3,3,4,0,3
1,<environment.Job instance at 0x7f6d82f6e280>,0,24,[ 2 10],1,4,28,3,4
1,<environment.Job instance at 0x7f6d82e49640>,4,12,[5 2],5,5,17,0,5
1,<environment.Job instance at 0x7f6d82f6e960>,5,1,[8 4],6,25,26,19,7
1,<environment.Job instance at 0x7f6d82fe8f50>,9,13,[12  5],10,26,39,16,11
1,<environment.Job instance at 0x7f6d82fe81e0>,7,14,[4 5],8,39,53,31,24
1,<environment.Job instance at 0x7f6d82fe8e10>,15,17,[4 7],16,39,56,23,27
1,<environment.Job instance at 0x7f6d82f6e500>,6,12,[10  3],7,53,65,46,38
1,<environment.Job instance at 0x7f6d82fe8280>,21,16,[2 6],22,56,72,34,47
1,<environment.Job instance at 0x7f6d82fe8cd0>,22,16,[9 5],23,65,81,42,58
1,<environment.Job instance at 0x7f6d82fe8550>,16,25,[ 3 10],17,72,97,55,68
1,<environment.Job instance at 0x7f6d82fe85a0>,27,16,[10  3],28,81,97,53,68
1,<environment.Job instance at 0x7f6d833d08c0>,29,16,[5 9],30,97,113,67,84
1,<environment.Job instance at 0x7f6d833d0d20>,30,17,[9 4],31,97,114,66,85
1,<environment.Job instance at 0x7f6d833d03c0>,31,19,[10  4],32,114,133,82,104
1,<environment.Job instance at 0x7f6d833d0b40>,32,16,[7 2],33,133,149,100,120
1,<environment.Job instance at 0x7f6d82fe8d20>,11,26,[8 3],12,133,159,121,131
1,<environment.Job instance at 0x7f6d833d06e0>,38,21,[10  4],39,159,180,120,151
1,<environment.Job instance at 0x7f6d833d00f0>,43,12,[5 5],44,151,163,107,151
1,<environment.Job instance at 0x7f6d83943b40>,49,17,[3 5],50,163,180,113,152
1,<environment.Job instance at 0x7f6d839435f0>,52,14,[5 8],53,180,194,127,165
1,<environment.Job instance at 0x7f6d839439b0>,58,15,[4 7],59,180,195,121,166
1,<environment.Job instance at 0x7f6d83aa5d20>,63,12,[5 8],64,194,206,130,179
1,<environment.Job instance at 0x7f6d83d6f730>,0,1,[6 1],1,1,2,0,1
1,<environment.Job instance at 0x7f6d83d6f780>,1,1,[7 5],2,2,3,0,2
1,<environment.Job instance at 0x7f6d83d6fa00>,2,3,[9 4],3,3,6,0,3
1,<environment.Job instance at 0x7f6d83d6f910>,3,14,[ 1 10],4,4,18,0,4
1,<environment.Job instance at 0x7f6d83e3bd20>,4,2,[5 8],5,18,20,13,6
1,<environment.Job instance at 0x7f6d83e3be10>,9,3,[ 3 11],10,20,23,10,10
1,<environment.Job instance at 0x7f6d840af870>,10,1,[1 9],11,23,24,12,11
1,<environment.Job instance at 0x7f6d840afaa0>,11,14,[3 7],12,24,38,12,12
1,<environment.Job instance at 0x7f6d840af2d0>,12,14,[ 4 14],13,38,52,25,23
1,<environment.Job instance at 0x7f6d83e3b320>,7,20,[4 9],8,52,72,44,46
1,<environment.Job instance at 0x7f6d83e3be60>,13,23,[5 5],14,52,75,38,47
1,<environment.Job instance at 0x7f6d840af690>,15,12,[4 6],16,72,84,56,55
1,<environment.Job instance at 0x7f6d840af7d0>,16,17,[6 1],17,55,72,38,55
1,<environment.Job instance at 0x7f6d840afc30>,17,13,[9 2],18,75,88,57,59
1,<environment.Job instance at 0x7f6d840af370>,18,1,[ 4 14],19,88,89,69,60
1,<environment.Job instance at 0x7f6d83e3b460>,6,15,[14  1],7,89,104,82,75
1,<environment.Job instance at 0x7f6d840af640>,20,12,[7 3],21,104,116,83,88
1,<environment.Job instance at 0x7f6d840af5f0>,21,13,[8 4],22,104,117,82,88
1,<environment.Job instance at 0x7f6d840af0a0>,22,21,[5 3],23,116,137,93,108
1,<environment.Job instance at 0x7f6d83d6fbe0>,5,21,[1 9],6,117,138,111,109
1,<environment.Job instance at 0x7f6d840afdc0>,24,18,[8 5],25,137,155,112,129
1,<environment.Job instance at 0x7f6d840af500>,23,24,[7 3],24,138,162,114,133
1,<environment.Job instance at 0x7f6d840afd70>,14,20,[8 5],15,155,175,140,148
1,<environment.Job instance at 0x7f6d83e159b0>,26,15,[14  2],27,175,190,148,161
1,<environment.Job instance at 0x7f6d83d81e10>,28,16,[11  3],29,190,206,161,178
1,<environment.Job instance at 0x7f6d83d811e0>,29,2,[10  2],30,206,208,176,179
1,<environment.Job instance at 0x7f6d84094be0>,2,2,[8 3],3,3,5,0,3
1,<environment.Job instance at 0x7f6d833090f0>,3,18,[8 5],4,5,23,1,4
1,<environment.Job instance at 0x7f6d833096e0>,4,18,[ 4 10],5,5,23,0,5
1,<environment.Job instance at 0x7f6d82d08550>,5,13,[ 2 10],6,23,36,17,7
1,<environment.Job instance at 0x7f6d82d084b0>,7,13,[7 3],8,23,36,15,8
1,<environment.Job instance at 0x7f6d82d06c30>,12,1,[2 8],13,36,37,23,13
1,<environment.Job instance at 0x7f6d833fbb90>,11,13,[4 7],12,36,49,24,20
1,<environment.Job instance at 0x7f6d82d064b0>,10,12,[1 7],11,37,49,26,20
1,<environment.Job instance at 0x7f6d82d09780>,21,14,[5 7],22,49,63,27,34
1,<environment.Job instance at 0x7f6d832e8c80>,22,17,[2 6],23,49,66,26,37
1,<environment.Job instance at 0x7f6d83d15eb0>,23,16,[7 4],24,63,79,39,50
1,<environment.Job instance at 0x7f6d832e8730>,24,12,[5 3],25,63,75,38,50
1,<environment.Job instance at 0x7f6d82c81050>,27,15,[10  2],28,79,94,51,65
1,<environment.Job instance at 0x7f6d8330deb0>,30,17,[5 2],31,75,92,44,65
1,<environment.Job instance at 0x7f6d830e7230>,31,20,[8 4],32,94,114,62,85
1,<environment.Job instance at 0x7f6d834eeaa0>,33,23,[1 6],34,95,118,61,95
1,<environment.Job instance at 0x7f6d83095370>,35,22,[4 5],36,95,117,59,95
1,<environment.Job instance at 0x7f6d8315f320>,37,13,[6 1],38,114,127,76,98
1,<environment.Job instance at 0x7f6d834e76e0>,38,17,[2 5],39,117,134,78,105
1,<environment.Job instance at 0x7f6d8365d190>,41,18,[8 1],42,127,145,85,116
1,<environment.Job instance at 0x7f6d83add140>,42,19,[7 3],43,134,153,91,124
1,<environment.Job instance at 0x7f6d8350d870>,50,16,[4 8],51,145,161,94,140
1,<environment.Job instance at 0x7f6d8350d190>,51,14,[5 6],52,153,167,101,140
1,<environment.Job instance at 0x7f6d82cbb230>,13,14,[10  5],14,161,175,147,146
1,<environment.Job instance at 0x7f6d8350d2d0>,52,18,[5 5],53,167,185,114,156
1,<environment.Job instance at 0x7f6d834f24b0>,57,12,[5 5],58,175,187,117,158
1,<environment.Job instance at 0x7f6d834f2370>,59,15,[3 7],60,185,200,125,172
1,<environment.Job instance at 0x7f6d834f2460>,53,16,[12  1],54,187,203,133,174
1,<environment.Job instance at 0x7f6d834f23c0>,61,3,[4 7],62,203,206,141,177
1,<environment.Job instance at 0x7f6d82c27500>,5,3,[7 3],6,6,9,0,6
1,<environment.Job instance at 0x7f6d82c275a0>,6,17,[7 3],7,7,24,0,7
1,<environment.Job instance at 0x7f6d82c27780>,7,19,[2 8],8,9,28,1,8
1,<environment.Job instance at 0x7f6d82c27870>,8,1,[10  5],9,24,25,15,9
1,<environment.Job instance at 0x7f6d82c27960>,9,3,[3 6],10,25,28,15,10
1,<environment.Job instance at 0x7f6d82c27a50>,10,17,[10  2],11,28,45,17,16
1,<environment.Job instance at 0x7f6d82c278c0>,16,1,[1 5],17,28,29,11,17
1,<environment.Job instance at 0x7f6d82c2a050>,19,21,[5 4],20,29,50,9,22
1,<environment.Job instance at 0x7f6d82c2a320>,25,17,[9 3],26,45,62,19,33
1,<environment.Job instance at 0x7f6d82c2a730>,29,13,[5 7],30,50,63,20,34
1,<environment.Job instance at 0x7f6d82c2a690>,33,12,[4 6],34,62,74,28,45
1,<environment.Job instance at 0x7f6d82c2aa00>,34,16,[5 6],35,63,79,28,50
1,<environment.Job instance at 0x7f6d82c2abe0>,35,12,[5 9],36,74,86,38,57
1,<environment.Job instance at 0x7f6d82c2ab90>,36,16,[5 5],37,79,95,42,66
1,<environment.Job instance at 0x7f6d82c2ac80>,37,16,[1 6],38,86,102,48,74
1,<environment.Job instance at 0x7f6d82c2ae60>,39,14,[9 2],40,86,100,46,75
1,<environment.Job instance at 0x7f6d82c2c410>,46,13,[5 8],47,100,113,53,84
1,<environment.Job instance at 0x7f6d82c2c500>,49,18,[8 4],50,102,120,52,91
1,<environment.Job instance at 0x7f6d82c2c780>,51,16,[9 1],52,120,136,68,107
1,<environment.Job instance at 0x7f6d82c27eb0>,17,20,[6 2],18,113,133,95,107
1,<environment.Job instance at 0x7f6d82c2ccd0>,58,12,[2 9],59,133,145,74,116
1,<environment.Job instance at 0x7f6d82c2cbe0>,59,14,[ 3 10],60,145,159,85,130
1,<environment.Job instance at 0x7f6d82c27f50>,20,28,[9 1],21,136,164,115,135
1,<environment.Job instance at 0x7f6d82c2cd20>,60,16,[5 9],61,159,175,98,146
1,<environment.Job instance at 0x7f6d82c2cf50>,63,17,[5 2],64,164,181,100,152
1,<environment.Job instance at 0x7f6d82c2d370>,68,16,[ 5 10],69,175,191,106,162
1,<environment.Job instance at 0x7f6d82c2d3c0>,69,15,[10  3],70,181,196,111,170
1,<environment.Job instance at 0x7f6d82d88410>,3,14,[ 5 10],4,4,18,0,4
1,<environment.Job instance at 0x7f6d8371fc30>,4,14,[8 1],5,5,19,0,5
1,<environment.Job instance at 0x7f6d8371fe60>,5,15,[9 4],6,19,34,13,6
1,<environment.Job instance at 0x7f6d8371fa00>,6,17,[1 8],7,18,35,11,7
1,<environment.Job instance at 0x7f6d8371f960>,7,14,[13  1],8,34,48,26,19
1,<environment.Job instance at 0x7f6d832754b0>,19,3,[1 9],20,35,38,15,20
1,<environment.Job instance at 0x7f6d83275e60>,16,12,[4 8],17,48,60,31,31
1,<environment.Job instance at 0x7f6d8371f190>,17,1,[2 6],18,38,39,20,31
1,<environment.Job instance at 0x7f6d83275be0>,18,12,[3 5],19,48,60,29,33
1,<environment.Job instance at 0x7f6d83275eb0>,23,18,[9 4],24,60,78,36,49
1,<environment.Job instance at 0x7f6d8371af50>,29,16,[6 5],30,60,76,30,49
1,<environment.Job instance at 0x7f6d8371aa50>,30,18,[9 5],31,78,96,47,67
1,<environment.Job instance at 0x7f6d83275870>,22,16,[4 9],23,76,92,53,68
1,<environment.Job instance at 0x7f6d8371a690>,36,24,[14  3],37,96,120,59,91
1,<environment.Job instance at 0x7f6d8371a9b0>,37,13,[5 5],38,120,133,82,111
1,<environment.Job instance at 0x7f6d83275c30>,20,20,[9 3],21,120,140,99,112
1,<environment.Job instance at 0x7f6d8371a2d0>,39,17,[6 5],40,133,150,93,121
1,<environment.Job instance at 0x7f6d8371aaf0>,40,13,[ 3 14],41,150,163,109,134
1,<environment.Job instance at 0x7f6d83c7de10>,47,2,[10  1],48,150,152,102,134
1,<environment.Job instance at 0x7f6d832751e0>,24,23,[8 1],25,152,175,127,149
1,<environment.Job instance at 0x7f6d82d885a0>,0,21,[6 5],1,163,184,162,155
1,<environment.Job instance at 0x7f6d833245a0>,56,13,[8 3],57,175,188,118,168
1,<environment.Job instance at 0x7f6d835a3d20>,3,2,[8 4],4,4,6,0,4
1,<environment.Job instance at 0x7f6d8386cc80>,6,15,[7 1],7,7,22,0,7
1,<environment.Job instance at 0x7f6d830c8e10>,10,17,[9 4],11,22,39,11,11
1,<environment.Job instance at 0x7f6d830c8730>,12,2,[2 5],13,13,15,0,13
1,<environment.Job instance at 0x7f6d830c8370>,14,12,[4 9],15,15,27,0,15
1,<environment.Job instance at 0x7f6d830c8140>,15,14,[ 4 10],16,27,41,11,16
1,<environment.Job instance at 0x7f6d8386caf0>,17,15,[3 8],18,41,56,23,27
1,<environment.Job instance at 0x7f6d83b2ad70>,20,13,[10  5],21,39,52,18,27
1,<environment.Job instance at 0x7f6d83aef4b0>,22,12,[10  4],23,52,64,29,35
1,<environment.Job instance at 0x7f6d8cedfbe0>,23,14,[10  3],24,64,78,40,49
1,<environment.Job instance at 0x7f6d83c740f0>,25,15,[8 5],26,78,93,52,64
1,<environment.Job instance at 0x7f6d83c745a0>,26,15,[5 7],27,64,79,37,64
1,<environment.Job instance at 0x7f6d8322d820>,27,13,[3 5],28,79,92,51,64
1,<environment.Job instance at 0x7f6d8322d410>,29,16,[8 3],30,93,109,63,80
1,<environment.Job instance at 0x7f6d8400d640>,31,18,[5 1],32,92,110,60,81
1,<environment.Job instance at 0x7f6d8400d6e0>,33,15,[8 5],34,109,124,75,95
1,<environment.Job instance at 0x7f6d8400df50>,37,13,[1 9],38,95,108,57,95
1,<environment.Job instance at 0x7f6d83b2a870>,19,13,[7 3],20,110,123,90,96
1,<environment.Job instance at 0x7f6d828fe370>,40,16,[13  2],41,124,140,83,111
1,<environment.Job instance at 0x7f6d82d71d70>,41,12,[13  2],42,140,152,98,124
1,<environment.Job instance at 0x7f6d828fe0f0>,39,19,[5 9],40,152,171,112,142
1,<environment.Job instance at 0x7f6d83e65fa0>,44,17,[2 6],45,142,159,97,142
1,<environment.Job instance at 0x7f6d828fea00>,42,13,[7 5],43,159,172,116,145
1,<environment.Job instance at 0x7f6d82a5baf0>,47,1,[ 3 12],48,172,173,124,145
1,<environment.Job instance at 0x7f6d828febe0>,48,12,[13  3],49,173,185,124,156
1,<environment.Job instance at 0x7f6d83e65aa0>,46,21,[9 3],47,185,206,138,177
1,<environment.Job instance at 0x7f6d841a53c0>,52,21,[3 6],53,185,206,132,177
1,<environment.Job instance at 0x7f6d83559eb0>,0,28,[5 5],1,1,29,0,1
1,<environment.Job instance at 0x7f6d82f6caa0>,3,24,[1 8],4,5,29,1,5
1,<environment.Job instance at 0x7f6d82f6cdc0>,4,2,[ 3 10],5,29,31,24,6
1,<environment.Job instance at 0x7f6d8406e9b0>,8,1,[1 5],9,29,30,20,10
1,<environment.Job instance at 0x7f6d83173b40>,6,17,[4 9],7,31,48,24,19
1,<environment.Job instance at 0x7f6d8406e460>,11,16,[10  4],12,30,46,18,19
1,<environment.Job instance at 0x7f6d83a8a870>,13,12,[5 3],14,46,58,32,29
1,<environment.Job instance at 0x7f6d83a8aeb0>,15,16,[3 9],16,48,64,32,35
1,<environment.Job instance at 0x7f6d83a8a4b0>,17,22,[2 6],18,58,80,40,51
1,<environment.Job instance at 0x7f6d831670a0>,18,13,[3 7],19,64,77,45,51
1,<environment.Job instance at 0x7f6d84071410>,19,13,[5 8],20,77,90,57,61
1,<environment.Job instance at 0x7f6d84071820>,22,15,[2 7],23,80,95,57,66
1,<environment.Job instance at 0x7f6d8c7e8410>,23,15,[4 6],24,90,105,66,76
1,<environment.Job instance at 0x7f6d8406aeb0>,27,15,[5 4],28,95,110,67,81
1,<environment.Job instance at 0x7f6d83a882d0>,28,17,[5 2],29,90,107,61,81
1,<environment.Job instance at 0x7f6d8c843af0>,31,13,[ 3 10],32,107,120,75,91
1,<environment.Job instance at 0x7f6d8411dd20>,35,13,[2 9],36,120,133,84,104
1,<environment.Job instance at 0x7f6d83ab4230>,37,20,[5 7],38,133,153,95,124
1,<environment.Job instance at 0x7f6d83ab45f0>,39,13,[9 5],40,124,137,84,124
1,<environment.Job instance at 0x7f6d82ff64b0>,44,15,[2 7],45,137,152,92,124
1,<environment.Job instance at 0x7f6d8301f0a0>,48,15,[4 9],49,153,168,104,139
1,<environment.Job instance at 0x7f6d8301d820>,49,13,[ 5 10],50,168,181,118,152
1,<environment.Job instance at 0x7f6d8301d140>,50,23,[2 6],51,181,204,130,175
1,<environment.Job instance at 0x7f6d83a79dc0>,51,17,[4 7],52,181,198,129,175
1,<environment.Job instance at 0x7f6d8392d6e0>,0,2,[ 1 11],1,2,4,1,2
1,<environment.Job instance at 0x7f6d83210be0>,1,20,[10  2],2,3,23,1,3
1,<environment.Job instance at 0x7f6d830a7050>,6,15,[14  1],7,23,38,16,10
1,<environment.Job instance at 0x7f6d83a79460>,4,17,[6 4],5,38,55,33,26
1,<environment.Job instance at 0x7f6d837be870>,3,19,[6 5],4,38,57,34,28
1,<environment.Job instance at 0x7f6d830a7c80>,11,1,[9 1],12,55,56,43,28
1,<environment.Job instance at 0x7f6d830a7230>,14,15,[1 8],15,56,71,41,48
1,<environment.Job instance at 0x7f6d830a7be0>,12,26,[3 7],13,57,83,44,54
1,<environment.Job instance at 0x7f6d830a7550>,5,12,[6 2],6,71,83,65,54
1,<environment.Job instance at 0x7f6d83b69a00>,21,3,[5 9],22,83,86,61,57
1,<environment.Job instance at 0x7f6d83b69500>,22,14,[ 1 10],23,86,100,63,71
1,<environment.Job instance at 0x7f6d83b690a0>,24,20,[5 4],25,71,91,46,71
1,<environment.Job instance at 0x7f6d83b696e0>,27,3,[5 8],28,100,103,72,74
1,<environment.Job instance at 0x7f6d83b69c30>,29,12,[10  3],30,91,103,61,78
1,<environment.Job instance at 0x7f6d83b69690>,30,18,[3 7],31,103,121,72,93
1,<environment.Job instance at 0x7f6d83b69370>,32,20,[3 5],33,103,123,70,95
1,<environment.Job instance at 0x7f6d8341a2d0>,35,15,[8 4],36,121,136,85,107
1,<environment.Job instance at 0x7f6d8341acd0>,36,18,[3 9],37,123,141,86,118
1,<environment.Job instance at 0x7f6d8341aaf0>,41,19,[1 5],42,136,155,94,126
1,<environment.Job instance at 0x7f6d82df4e10>,43,12,[3 7],44,141,153,97,126
1,<environment.Job instance at 0x7f6d82df49b0>,44,3,[7 2],45,141,144,96,126
1,<environment.Job instance at 0x7f6d83b69320>,20,25,[10  3],21,144,169,123,140
1,<environment.Job instance at 0x7f6d82df4e60>,47,16,[2 9],48,155,171,107,154
1,<environment.Job instance at 0x7f6d830a7460>,7,16,[13  3],8,169,185,161,156
1,<environment.Job instance at 0x7f6d83b69b90>,19,18,[7 2],20,185,203,165,174
1,<environment.Job instance at 0x7f6d82df4460>,51,21,[ 1 10],52,174,195,122,174
1,<environment.Job instance at 0x7f6d82df4730>,53,2,[10  4],54,203,205,149,176
1,<environment.Job instance at 0x7f6d82ac7af0>,0,12,[7 4],1,1,13,0,1
1,<environment.Job instance at 0x7f6d82df42d0>,1,14,[3 9],2,2,16,0,2
1,<environment.Job instance at 0x7f6d82df4730>,3,3,[5 3],4,13,16,9,4
1,<environment.Job instance at 0x7f6d82ac7500>,2,1,[3 6],3,16,17,13,4
1,<environment.Job instance at 0x7f6d82ac7b90>,4,15,[5 7],5,16,31,11,5
1,<environment.Job instance at 0x7f6d82ac7fa0>,5,3,[3 5],6,17,20,11,6
1,<environment.Job instance at 0x7f6d829e3e10>,8,13,[3 6],9,20,33,11,10
1,<environment.Job instance at 0x7f6d829e3910>,12,12,[10  5],13,31,43,18,14
1,<environment.Job instance at 0x7f6d829e38c0>,13,2,[ 5 12],14,43,45,29,16
1,<environment.Job instance at 0x7f6d829e3500>,14,14,[4 8],15,45,59,30,38
1,<environment.Job instance at 0x7f6d82ac76e0>,7,24,[5 5],8,45,69,37,41
1,<environment.Job instance at 0x7f6d829e3730>,11,22,[7 4],12,59,81,47,52
1,<environment.Job instance at 0x7f6d829e3fa0>,17,14,[4 8],18,69,83,51,54
1,<environment.Job instance at 0x7f6d82cb6370>,25,14,[5 5],26,81,95,55,66
1,<environment.Job instance at 0x7f6d82cb63c0>,28,18,[9 5],29,83,101,54,75
1,<environment.Job instance at 0x7f6d82ab0e60>,30,20,[5 3],31,95,115,64,86
1,<environment.Job instance at 0x7f6d82ab0fa0>,31,18,[7 1],32,101,119,69,92
1,<environment.Job instance at 0x7f6d82ac7960>,6,22,[1 8],7,101,123,94,95
1,<environment.Job instance at 0x7f6d82ab04b0>,32,16,[7 4],33,115,131,82,102
1,<environment.Job instance at 0x7f6d82ab0a50>,34,12,[2 7],35,123,135,88,106
1,<environment.Job instance at 0x7f6d82cabc30>,41,18,[1 7],42,131,149,89,120
1,<environment.Job instance at 0x7f6d82cab5f0>,42,12,[10  4],43,135,147,92,120
1,<environment.Job instance at 0x7f6d82cabb40>,47,17,[2 9],48,149,166,101,137
1,<environment.Job instance at 0x7f6d82cabdc0>,48,18,[9 4],49,147,165,98,137
1,<environment.Job instance at 0x7f6d82cabaa0>,50,14,[4 9],51,166,180,115,151
1,<environment.Job instance at 0x7f6d829e3b90>,15,17,[6 2],16,165,182,149,154
1,<environment.Job instance at 0x7f6d841b2d70>,53,2,[1 6],54,180,182,126,154
1,<environment.Job instance at 0x7f6d841b26e0>,52,18,[7 3],53,180,198,127,169
1,<environment.Job instance at 0x7f6d841b2780>,56,15,[2 7],57,182,197,125,169
1,<environment.Job instance at 0x7f6d83c0b5a0>,0,17,[4 7],1,1,18,0,1
1,<environment.Job instance at 0x7f6d83c0b640>,4,19,[2 7],5,5,24,0,5
1,<environment.Job instance at 0x7f6d83c0bb40>,5,18,[3 6],6,18,36,12,7
1,<environment.Job instance at 0x7f6d83040af0>,10,17,[8 3],11,24,41,13,12
1,<environment.Job instance at 0x7f6d830405a0>,11,1,[7 4],12,36,37,24,20
1,<environment.Job instance at 0x7f6d83040e10>,25,15,[5 8],26,37,52,11,26
1,<environment.Job instance at 0x7f6d83040be0>,26,15,[7 4],27,41,56,14,27
1,<environment.Job instance at 0x7f6d83306f50>,29,16,[4 8],30,52,68,22,39
1,<environment.Job instance at 0x7f6d83040550>,30,19,[2 5],31,56,75,25,46
1,<environment.Job instance at 0x7f6d83306500>,34,14,[2 9],35,68,82,33,53
1,<environment.Job instance at 0x7f6d83306870>,35,12,[5 6],36,75,87,39,58
1,<environment.Job instance at 0x7f6d83306910>,41,16,[5 6],42,82,98,40,69
1,<environment.Job instance at 0x7f6d83306cd0>,44,14,[2 5],45,87,101,42,72
1,<environment.Job instance at 0x7f6d83617690>,48,20,[5 3],49,82,102,33,74
1,<environment.Job instance at 0x7f6d83caf410>,63,14,[9 5],64,101,115,37,86
1,<environment.Job instance at 0x7f6d83caf6e0>,68,16,[6 2],69,102,118,33,89
1,<environment.Job instance at 0x7f6d83caf370>,70,15,[5 3],71,115,130,44,101
1,<environment.Job instance at 0x7f6d82e92960>,72,16,[7 4],73,118,134,45,105
1,<environment.Job instance at 0x7f6d82e92550>,73,15,[2 5],74,115,130,41,109
1,<environment.Job instance at 0x7f6d82e92460>,76,17,[5 7],77,130,147,53,118
1,<environment.Job instance at 0x7f6d82e92e60>,77,15,[3 6],78,134,149,56,120
1,<environment.Job instance at 0x7f6d82e92e10>,78,15,[3 5],79,147,162,68,133
1,<environment.Job instance at 0x7f6d82e924b0>,80,16,[2 6],81,149,165,68,136
1,<environment.Job instance at 0x7f6d82e926e0>,82,15,[3 7],83,162,177,79,148
1,<environment.Job instance at 0x7f6d82e92690>,88,15,[9 3],89,165,180,76,151
1,<environment.Job instance at 0x7f6d8cd64690>,89,16,[2 6],90,177,193,87,164
1,<environment.Job instance at 0x7f6d82e929b0>,90,13,[5 4],91,180,193,89,164
1,<environment.Job instance at 0x7f6d82bd95a0>,0,21,[ 5 10],1,1,22,0,1
1,<environment.Job instance at 0x7f6d82bd9500>,1,3,[3 7],2,22,25,20,6
1,<environment.Job instance at 0x7f6d82bec960>,9,26,[6 2],10,10,36,0,10
1,<environment.Job instance at 0x7f6d82becaf0>,10,2,[ 4 14],11,36,38,25,11
1,<environment.Job instance at 0x7f6d82becc30>,11,13,[3 7],12,38,51,26,22
1,<environment.Job instance at 0x7f6d82bec8c0>,8,14,[6 1],9,22,36,13,22
1,<environment.Job instance at 0x7f6d82bec9b0>,7,17,[4 8],8,38,55,30,26
1,<environment.Job instance at 0x7f6d82bece60>,14,17,[3 9],15,55,72,40,43
1,<environment.Job instance at 0x7f6d82becfa0>,16,13,[1 8],17,72,85,55,56
1,<environment.Job instance at 0x7f6d82c1a140>,18,23,[7 2],19,56,79,37,56
1,<environment.Job instance at 0x7f6d82c1a1e0>,19,18,[5 2],20,56,74,36,56
1,<environment.Job instance at 0x7f6d82beccd0>,13,16,[2 5],14,74,90,60,61
1,<environment.Job instance at 0x7f6d82c1a0f0>,22,14,[6 4],23,85,99,62,70
1,<environment.Job instance at 0x7f6d82c1a780>,26,21,[6 2],27,79,100,52,71
1,<environment.Job instance at 0x7f6d82c1a730>,28,17,[7 1],29,99,116,70,87
1,<environment.Job instance at 0x7f6d82c1a320>,21,14,[8 4],22,100,114,78,87
1,<environment.Job instance at 0x7f6d82c1aaf0>,32,17,[3 6],33,114,131,81,102
1,<environment.Job instance at 0x7f6d82c1ac30>,34,21,[7 2],35,116,137,81,109
1,<environment.Job instance at 0x7f6d82c1ab90>,33,17,[12  3],34,137,154,103,125
1,<environment.Job instance at 0x7f6d82c1ad70>,36,24,[2 6],37,127,151,90,127
1,<environment.Job instance at 0x7f6d82c1ae10>,37,15,[10  3],38,154,169,116,140
1,<environment.Job instance at 0x7f6d82c1af50>,39,13,[5 5],40,154,167,114,140
1,<environment.Job instance at 0x7f6d82c1a050>,40,15,[5 2],41,167,182,126,153
1,<environment.Job instance at 0x7f6d82c1a460>,41,12,[8 3],42,169,181,127,153
1,<environment.Job instance at 0x7f6d82becdc0>,12,16,[14  3],13,182,198,169,170
1,<environment.Job instance at 0x7f6d838d3460>,1,18,[9 4],2,2,20,0,2
1,<environment.Job instance at 0x7f6d83f06910>,2,15,[5 6],3,3,18,0,3
1,<environment.Job instance at 0x7f6d83f06550>,3,3,[6 5],4,18,21,14,4
1,<environment.Job instance at 0x7f6d83f061e0>,4,2,[10  4],5,21,23,16,5
1,<environment.Job instance at 0x7f6d83f06a00>,6,3,[7 3],7,23,26,16,7
1,<environment.Job instance at 0x7f6d83f06d20>,7,13,[6 1],8,23,36,15,8
1,<environment.Job instance at 0x7f6d83f06410>,9,12,[2 7],10,20,32,10,10
1,<environment.Job instance at 0x7f6d82c82b40>,13,16,[4 5],14,26,42,12,14
1,<environment.Job instance at 0x7f6d82c820f0>,14,2,[10  3],15,36,38,21,15
1,<environment.Job instance at 0x7f6d82c82f50>,16,17,[5 8],17,38,55,21,26
1,<environment.Job instance at 0x7f6d82c82910>,20,17,[8 1],21,42,59,21,30
1,<environment.Job instance at 0x7f6d82c82af0>,21,14,[9 4],22,59,73,37,44
1,<environment.Job instance at 0x7f6d8ca88870>,22,1,[1 5],23,44,45,21,44
1,<environment.Job instance at 0x7f6d8ca88280>,23,13,[5 4],24,55,68,31,44
1,<environment.Job instance at 0x7f6d82c82c30>,18,13,[ 3 12],19,73,86,54,57
1,<environment.Job instance at 0x7f6d8ca88460>,28,17,[10  1],29,73,90,44,62
1,<environment.Job instance at 0x7f6d8ca881e0>,29,18,[2 5],30,86,104,56,75
1,<environment.Job instance at 0x7f6d8ca88550>,31,19,[5 3],32,90,109,58,80
1,<environment.Job instance at 0x7f6d836627d0>,32,15,[3 5],33,86,101,53,80
1,<environment.Job instance at 0x7f6d83662960>,34,13,[8 2],35,101,114,66,86
1,<environment.Job instance at 0x7f6d836623c0>,35,17,[5 1],36,109,126,73,98
1,<environment.Job instance at 0x7f6d8ca88820>,25,15,[ 5 10],26,114,129,88,102
1,<environment.Job instance at 0x7f6d83662c80>,36,14,[5 1],37,114,128,77,102
1,<environment.Job instance at 0x7f6d83662690>,38,16,[1 9],39,129,145,90,116
1,<environment.Job instance at 0x7f6d83662b90>,39,17,[ 3 10],40,145,162,105,133
1,<environment.Job instance at 0x7f6d83662b40>,40,12,[4 5],41,133,145,92,133
1,<environment.Job instance at 0x7f6d836629b0>,41,19,[3 8],42,162,181,120,152
1,<environment.Job instance at 0x7f6d83662c30>,42,2,[5 6],43,162,164,119,152
1,<environment.Job instance at 0x7f6d836628c0>,43,2,[8 1],44,152,154,108,152
1,<environment.Job instance at 0x7f6d83662780>,44,15,[3 6],45,164,179,119,152
1,<environment.Job instance at 0x7f6d83662a00>,47,14,[5 9],48,181,195,133,166
1,<environment.Job instance at 0x7f6d83e4c730>,51,17,[10  1],52,179,196,127,167
1,<environment.Job instance at 0x7f6d83657960>,1,1,[5 5],2,3,4,1,3
1,<environment.Job instance at 0x7f6d82bf8f00>,3,17,[11  5],4,4,21,0,4
1,<environment.Job instance at 0x7f6d82bf8500>,4,3,[5 6],5,21,24,16,5
1,<environment.Job instance at 0x7f6d82bf8730>,5,28,[2 6],6,6,34,0,6
1,<environment.Job instance at 0x7f6d82bf89b0>,2,12,[1 8],3,24,36,21,9
1,<environment.Job instance at 0x7f6d82bb8910>,14,14,[5 6],15,34,48,19,19
1,<environment.Job instance at 0x7f6d8c8d1500>,6,13,[4 7],7,36,49,29,23
1,<environment.Job instance at 0x7f6d82bb80f0>,16,2,[ 4 10],17,49,51,32,24
1,<environment.Job instance at 0x7f6d8c8d1e60>,15,16,[8 5],16,48,64,32,35
1,<environment.Job instance at 0x7f6d83663640>,19,14,[4 7],20,51,65,31,36
1,<environment.Job instance at 0x7f6d83663aa0>,20,15,[5 1],21,64,79,43,50
1,<environment.Job instance at 0x7f6d83663d70>,22,12,[7 5],23,65,77,42,50
1,<environment.Job instance at 0x7f6d83663460>,23,20,[2 5],24,64,84,40,55
1,<environment.Job instance at 0x7f6d83663e10>,24,15,[2 5],25,77,92,52,63
1,<environment.Job instance at 0x7f6d83663410>,27,12,[5 3],28,77,89,49,63
1,<environment.Job instance at 0x7f6d83663500>,28,12,[10  4],29,89,101,60,72
1,<environment.Job instance at 0x7f6d83a93af0>,33,17,[2 9],34,92,109,58,80
1,<environment.Job instance at 0x7f6d83a93910>,34,19,[6 2],35,101,120,66,91
1,<environment.Job instance at 0x7f6d83a93b90>,35,22,[4 6],36,109,131,73,102
1,<environment.Job instance at 0x7f6d84148780>,44,20,[10  4],45,120,140,75,111
1,<environment.Job instance at 0x7f6d83e9ecd0>,49,13,[5 2],50,131,144,81,115
1,<environment.Job instance at 0x7f6d83358d20>,50,14,[10  5],51,140,154,89,125
1,<environment.Job instance at 0x7f6d83c7dcd0>,52,18,[8 4],53,154,172,101,143
1,<environment.Job instance at 0x7f6d83c7d730>,55,16,[10  2],56,172,188,116,159
1,<environment.Job instance at 0x7f6d83c7d190>,56,12,[10  3],57,188,200,131,171
1,<environment.Job instance at 0x7f6d83c7df00>,59,16,[5 2],60,171,187,111,171
1,<environment.Job instance at 0x7f6d82cf3780>,0,14,[ 1 10],1,1,15,0,1
1,<environment.Job instance at 0x7f6d82cf3640>,1,16,[5 5],2,2,18,0,2
1,<environment.Job instance at 0x7f6d82ccac30>,4,19,[5 8],5,15,34,10,5
1,<environment.Job instance at 0x7f6d82f07d20>,2,17,[5 1],3,15,32,12,5
1,<environment.Job instance at 0x7f6d82cca320>,5,17,[4 6],6,18,35,12,6
1,<environment.Job instance at 0x7f6d82ccad70>,6,17,[5 1],7,32,49,25,20
1,<environment.Job instance at 0x7f6d82acdcd0>,9,15,[10  1],10,35,50,25,21
1,<environment.Job instance at 0x7f6d82acd190>,16,16,[12  1],17,50,66,33,41
1,<environment.Job instance at 0x7f6d82acd2d0>,17,3,[ 5 14],18,66,69,48,41
1,<environment.Job instance at 0x7f6d82acde10>,18,15,[3 9],19,50,65,31,50
1,<environment.Job instance at 0x7f6d82acd460>,15,16,[7 4],16,69,85,53,56
1,<environment.Job instance at 0x7f6d82acdc80>,20,14,[ 4 12],21,85,99,64,70
1,<environment.Job instance at 0x7f6d829252d0>,21,18,[4 8],22,99,117,77,88
1,<environment.Job instance at 0x7f6d82acdd70>,22,18,[6 3],23,88,106,65,88
1,<environment.Job instance at 0x7f6d82925320>,23,17,[2 6],24,106,123,82,94
1,<environment.Job instance at 0x7f6d829255a0>,27,14,[3 6],28,117,131,89,109
1,<environment.Job instance at 0x7f6d829256e0>,29,13,[8 2],30,117,130,87,109
1,<environment.Job instance at 0x7f6d829250f0>,32,15,[9 2],33,130,145,97,116
1,<environment.Job instance at 0x7f6d82925b90>,37,15,[7 3],38,145,160,107,131
1,<environment.Job instance at 0x7f6d82925c30>,38,12,[5 2],39,131,143,92,131
1,<environment.Job instance at 0x7f6d82925cd0>,39,13,[5 8],40,143,156,103,131
1,<environment.Job instance at 0x7f6d82925d70>,40,15,[1 6],41,156,171,115,142
1,<environment.Job instance at 0x7f6d82925f00>,41,17,[5 4],42,156,173,114,144
1,<environment.Job instance at 0x7f6d82925e60>,42,18,[3 7],43,171,189,128,160
1,<environment.Job instance at 0x7f6d82925eb0>,44,12,[2 6],45,173,185,128,160
1,<environment.Job instance at 0x7f6d82947280>,46,17,[7 2],47,160,177,113,160
1,<environment.Job instance at 0x7f6d829473c0>,48,13,[3 5],49,185,198,136,169
1,<environment.Job instance at 0x7f6d82922280>,69,18,[2 6],70,189,207,119,178
1,<environment.Job instance at 0x7f6d8319b6e0>,1,18,[3 8],2,2,20,0,2
1,<environment.Job instance at 0x7f6d829222d0>,2,1,[8 4],3,3,4,0,3
1,<environment.Job instance at 0x7f6d82922280>,4,28,[2 5],5,5,33,0,5
1,<environment.Job instance at 0x7f6d8319bdc0>,7,12,[8 1],8,8,20,0,8
1,<environment.Job instance at 0x7f6d8319be10>,8,18,[6 3],9,20,38,11,9
1,<environment.Job instance at 0x7f6d838c7b40>,13,12,[7 3],14,20,32,6,16
1,<environment.Job instance at 0x7f6d82951d70>,16,16,[5 1],17,32,48,15,19
1,<environment.Job instance at 0x7f6d82951cd0>,15,18,[5 8],16,38,56,22,32
1,<environment.Job instance at 0x7f6d838c7780>,12,18,[13  1],13,56,74,43,45
1,<environment.Job instance at 0x7f6d832a4c30>,24,15,[9 4],25,74,89,49,60
1,<environment.Job instance at 0x7f6d838c7a50>,10,13,[8 4],11,89,102,78,73
1,<environment.Job instance at 0x7f6d832a46e0>,28,15,[2 8],29,73,88,44,73
1,<environment.Job instance at 0x7f6d832a4aa0>,30,15,[7 2],31,89,104,58,75
1,<environment.Job instance at 0x7f6d8cdc1550>,35,16,[9 3],36,104,120,68,91
1,<environment.Job instance at 0x7f6d8407ea00>,37,21,[2 9],38,104,125,66,104
1,<environment.Job instance at 0x7f6d837533c0>,41,13,[10  4],42,120,133,78,104
1,<environment.Job instance at 0x7f6d832a4640>,29,17,[4 5],30,125,142,95,113
1,<environment.Job instance at 0x7f6d834e4410>,45,2,[13  4],46,142,144,96,115
1,<environment.Job instance at 0x7f6d83fce5f0>,67,17,[7 3],68,144,161,76,132
1,<environment.Job instance at 0x7f6d82e690a0>,75,18,[7 2],76,144,162,68,133
1,<environment.Job instance at 0x7f6d84140af0>,118,16,[5 9],119,161,177,42,148
1,<environment.Job instance at 0x7f6d84140280>,119,16,[10  5],120,162,178,42,149
1,<environment.Job instance at 0x7f6d840a29b0>,127,16,[10  5],128,178,194,50,165
1,<environment.Job instance at 0x7f6d84124690>,4,22,[7 2],5,5,27,0,5
1,<environment.Job instance at 0x7f6d84124be0>,5,12,[6 5],6,6,18,0,6
1,<environment.Job instance at 0x7f6d84124af0>,9,12,[1 6],10,11,23,1,11
1,<environment.Job instance at 0x7f6d84124460>,6,22,[5 4],7,18,40,11,12
1,<environment.Job instance at 0x7f6d82f730a0>,12,17,[2 6],13,23,40,10,13
1,<environment.Job instance at 0x7f6d839a94b0>,18,17,[2 6],19,40,57,21,28
1,<environment.Job instance at 0x7f6d839a9cd0>,15,13,[10  4],16,40,53,24,28
1,<environment.Job instance at 0x7f6d839a9230>,19,16,[10  2],20,53,69,33,41
1,<environment.Job instance at 0x7f6d82f719b0>,21,14,[2 8],22,57,71,35,49
1,<environment.Job instance at 0x7f6d8357a140>,22,14,[6 3],23,69,83,46,54
1,<environment.Job instance at 0x7f6d82f71730>,24,13,[12  2],25,83,96,58,67
1,<environment.Job instance at 0x7f6d83d71140>,25,3,[1 7],26,71,74,45,67
1,<environment.Job instance at 0x7f6d84124140>,10,23,[ 3 10],11,80,103,69,80
1,<environment.Job instance at 0x7f6d8424fb40>,23,14,[10  5],24,96,110,72,82
1,<environment.Job instance at 0x7f6d83b7c730>,28,15,[ 4 10],29,103,118,74,96
1,<environment.Job instance at 0x7f6d83663960>,0,15,[11  3],1,110,125,109,96
1,<environment.Job instance at 0x7f6d837ee6e0>,30,17,[8 4],31,125,142,94,113
1,<environment.Job instance at 0x7f6d83d710f0>,29,28,[1 5],30,127,155,97,127
1,<environment.Job instance at 0x7f6d83265b40>,32,1,[6 2],33,127,128,94,127
1,<environment.Job instance at 0x7f6d839a9a00>,20,20,[7 1],21,142,162,121,133
1,<environment.Job instance at 0x7f6d832b4280>,38,12,[8 4],39,155,167,116,138
1,<environment.Job instance at 0x7f6d82bdae10>,40,14,[ 5 10],41,162,176,121,147
1,<environment.Job instance at 0x7f6d82bdaaf0>,41,16,[5 3],42,167,183,125,154
1,<environment.Job instance at 0x7f6d8297b230>,43,18,[2 8],44,176,194,132,165
1,<environment.Job instance at 0x7f6d82ae2e60>,1,15,[14  4],2,3,18,1,3
1,<environment.Job instance at 0x7f6d83c821e0>,3,3,[14  5],4,18,21,14,4
1,<environment.Job instance at 0x7f6d83c82730>,2,19,[5 9],3,21,40,18,11
1,<environment.Job instance at 0x7f6d82934c30>,9,12,[5 4],10,21,33,11,11
1,<environment.Job instance at 0x7f6d829340a0>,10,16,[5 3],11,33,49,22,20
1,<environment.Job instance at 0x7f6d835b1fa0>,11,17,[9 1],12,40,57,28,28
1,<environment.Job instance at 0x7f6d8cd3dd20>,14,20,[3 9],15,49,69,34,40
1,<environment.Job instance at 0x7f6d82970050>,15,14,[5 8],16,69,83,53,54
1,<environment.Job instance at 0x7f6d829700a0>,20,13,[1 5],21,54,67,33,54
1,<environment.Job instance at 0x7f6d836bb0f0>,23,18,[10  5],24,67,85,43,56
1,<environment.Job instance at 0x7f6d8ca8a050>,27,12,[5 8],28,83,95,55,66
1,<environment.Job instance at 0x7f6d8386a690>,31,13,[4 5],32,85,98,53,69
1,<environment.Job instance at 0x7f6d841d34b0>,32,14,[3 9],33,95,109,62,80
1,<environment.Job instance at 0x7f6d8414cdc0>,34,20,[2 8],35,109,129,74,100
1,<environment.Job instance at 0x7f6d8c8a3460>,35,12,[3 6],36,100,112,64,100
1,<environment.Job instance at 0x7f6d8c88c410>,40,14,[8 4],41,112,126,71,100
1,<environment.Job instance at 0x7f6d8c82b780>,49,15,[2 5],50,126,141,76,112
1,<environment.Job instance at 0x7f6d839ce3c0>,53,17,[10  2],54,126,143,72,114
1,<environment.Job instance at 0x7f6d82ecf280>,59,15,[1 8],60,129,144,69,115
1,<environment.Job instance at 0x7f6d82ecf460>,61,17,[5 6],62,143,160,81,131
1,<environment.Job instance at 0x7f6d82ecfc30>,64,17,[5 3],65,144,161,79,132
1,<environment.Job instance at 0x7f6d82ecf730>,70,13,[2 5],71,144,157,73,132
1,<environment.Job instance at 0x7f6d8351b230>,78,16,[3 7],79,160,176,81,147
1,<environment.Job instance at 0x7f6d8351bb90>,80,15,[5 4],81,157,172,76,147
1,<environment.Job instance at 0x7f6d83299eb0>,92,13,[2 9],93,176,189,83,160
1,<environment.Job instance at 0x7f6d82b0beb0>,6,18,[5 3],7,164,182,157,164
1,<environment.Job instance at 0x7f6d83299730>,99,2,[ 2 13],100,189,191,89,164
1,<environment.Job instance at 0x7fa266b33460>,2,13,[10  1],3,3,16,0,3
1,<environment.Job instance at 0x7fa266b33500>,3,17,[ 5 10],4,4,21,0,4
1,<environment.Job instance at 0x7fa266b336e0>,4,1,[5 6],5,21,22,16,5
1,<environment.Job instance at 0x7fa266b337d0>,5,12,[1 7],6,21,33,15,6
1,<environment.Job instance at 0x7fa266b33a50>,8,16,[1 8],9,22,38,13,10
1,<environment.Job instance at 0x7fa266b33a00>,10,12,[5 5],11,33,45,22,16
1,<environment.Job instance at 0x7fa266b33d20>,14,18,[1 6],15,38,56,23,27
1,<environment.Job instance at 0x7fa266b33fa0>,18,12,[1 8],19,45,57,26,28
1,<environment.Job instance at 0x7fa266b35280>,20,14,[4 8],21,57,71,36,42
1,<environment.Job instance at 0x7fa266b353c0>,22,21,[5 5],23,56,77,33,48
1,<environment.Job instance at 0x7fa266b355a0>,25,16,[9 2],26,71,87,45,58
1,<environment.Job instance at 0x7fa266b33af0>,9,16,[ 4 11],10,77,93,67,64
1,<environment.Job instance at 0x7fa266b350f0>,27,13,[11  4],28,87,100,59,74
1,<environment.Job instance at 0x7fa266b35870>,28,2,[ 3 10],29,93,95,64,74
1,<environment.Job instance at 0x7fa266b35640>,26,16,[9 1],27,100,116,73,88
1,<environment.Job instance at 0x7fa266b35730>,29,18,[5 1],30,100,118,70,89
1,<environment.Job instance at 0x7fa266b35b40>,33,14,[5 7],34,116,130,82,101
1,<environment.Job instance at 0x7fa266b33b90>,11,21,[5 5],12,116,137,104,109
1,<environment.Job instance at 0x7fa266b35dc0>,37,13,[7 1],38,130,143,92,114
1,<environment.Job instance at 0x7fa266b35d20>,36,18,[10  1],37,143,161,106,132
1,<environment.Job instance at 0x7fa266b35190>,43,22,[5 3],44,137,159,93,135
1,<environment.Job instance at 0x7fa266b39190>,46,14,[3 6],47,159,173,112,144
1,<environment.Job instance at 0x7fa266b35be0>,34,18,[11  2],35,161,179,126,150
1,<environment.Job instance at 0x7fa266b392d0>,48,16,[1 9],49,173,189,124,160
1,<environment.Job instance at 0x7fa266b39370>,50,15,[4 7],51,189,204,138,175
1,<environment.Job instance at 0x7fa266b396e0>,51,20,[5 4],52,179,199,127,175
1,<environment.Job instance at 0x7fa266b39820>,53,21,[5 4],54,189,210,135,181
1,<environment.Job instance at 0x7fa266ad6370>,0,16,[2 5],1,1,17,0,1
1,<environment.Job instance at 0x7fa266b39870>,1,14,[ 5 11],2,17,31,15,2
1,<environment.Job instance at 0x7fa2671d2870>,2,19,[5 1],3,3,22,0,3
1,<environment.Job instance at 0x7fa266b39820>,4,3,[4 5],5,8,11,3,8
1,<environment.Job instance at 0x7fa2671d2550>,3,14,[5 9],4,31,45,27,16
1,<environment.Job instance at 0x7fa267187190>,11,12,[ 1 11],12,45,57,33,28
1,<environment.Job instance at 0x7fa2671871e0>,12,3,[5 3],13,28,31,15,28
1,<environment.Job instance at 0x7fa2671872d0>,13,23,[ 4 11],14,57,80,43,51
1,<environment.Job instance at 0x7fa267187c30>,14,13,[ 3 11],15,80,93,65,64
1,<environment.Job instance at 0x7fa267187410>,15,2,[14  5],16,93,95,77,66
1,<environment.Job instance at 0x7fa267187a50>,16,16,[ 3 11],17,95,111,78,82
1,<environment.Job instance at 0x7fa2671875f0>,17,12,[ 1 11],18,111,123,93,94
1,<environment.Job instance at 0x7fa2671d2820>,8,25,[5 5],9,123,148,114,119
1,<environment.Job instance at 0x7fa267187aa0>,23,15,[4 5],24,123,138,99,119
1,<environment.Job instance at 0x7fa26ff72d70>,28,17,[10  4],29,138,155,109,126
1,<environment.Job instance at 0x7fa266cb6f50>,32,16,[3 7],33,148,164,115,135
1,<environment.Job instance at 0x7fa266cb6dc0>,35,18,[5 8],36,155,173,119,144
1,<environment.Job instance at 0x7fa266cb6460>,38,16,[7 2],39,164,180,125,151
1,<environment.Job instance at 0x7fa2671d2050>,6,13,[ 2 10],7,173,186,166,157
1,<environment.Job instance at 0x7fa266cb6780>,44,18,[5 9],45,186,204,141,175
1,<environment.Job instance at 0x7fa266c88050>,50,13,[7 5],51,180,193,129,175
1,<environment.Job instance at 0x7fa2661eca00>,4,17,[6 2],5,5,22,0,5
1,<environment.Job instance at 0x7fa2661ec7d0>,5,12,[10  4],6,22,34,16,6
1,<environment.Job instance at 0x7fa2661eceb0>,6,3,[4 9],7,7,10,0,7
1,<environment.Job instance at 0x7fa2661ec0f0>,10,17,[1 9],11,11,28,0,11
1,<environment.Job instance at 0x7fa2661ec5a0>,15,18,[3 6],16,28,46,12,17
1,<environment.Job instance at 0x7fa2661ecd20>,13,12,[1 6],14,34,46,20,21
1,<environment.Job instance at 0x7fa266267640>,21,2,[ 4 14],22,46,48,24,22
1,<environment.Job instance at 0x7fa2661ecaf0>,20,20,[ 2 10],21,48,68,27,39
1,<environment.Job instance at 0x7fa266267e10>,24,3,[8 2],25,39,42,14,39
1,<environment.Job instance at 0x7fa266267370>,25,12,[ 5 10],26,68,80,42,51
1,<environment.Job instance at 0x7fa266267780>,28,19,[5 3],29,51,70,22,51
1,<environment.Job instance at 0x7fa2661ec820>,16,17,[2 5],17,70,87,53,58
1,<environment.Job instance at 0x7fa2661ec870>,11,22,[1 6],12,80,102,68,73
1,<environment.Job instance at 0x7fa266267500>,31,19,[6 2],32,80,99,48,74
1,<environment.Job instance at 0x7fa26624b9b0>,0,18,[8 4],1,87,105,86,78
1,<environment.Job instance at 0x7fa2662670f0>,34,12,[2 9],35,102,114,67,85
1,<environment.Job instance at 0x7fa266267960>,30,22,[8 1],31,105,127,74,98
1,<environment.Job instance at 0x7fa266267460>,36,23,[5 5],37,105,128,68,99
1,<environment.Job instance at 0x7fa266269af0>,38,12,[7 5],39,127,139,88,110
1,<environment.Job instance at 0x7fa2662694b0>,39,17,[5 5],40,128,145,88,116
1,<environment.Job instance at 0x7fa2662698c0>,40,16,[1 7],41,139,155,98,126
1,<environment.Job instance at 0x7fa266269780>,42,13,[7 2],43,139,152,96,126
1,<environment.Job instance at 0x7fa266269550>,45,15,[1 8],46,152,167,106,138
1,<environment.Job instance at 0x7fa266269690>,46,15,[ 1 10],47,167,182,120,153
1,<environment.Job instance at 0x7fa266269050>,47,22,[8 4],48,155,177,107,153
1,<environment.Job instance at 0x7fa266269640>,48,17,[3 7],49,182,199,133,170
1,<environment.Job instance at 0x7fa266269140>,49,19,[7 1],50,177,196,127,170
1,<environment.Job instance at 0x7fa2662690a0>,50,18,[8 3],51,196,214,145,185
1,<environment.Job instance at 0x7fa266267f00>,35,15,[2 9],36,199,214,163,186
1,<environment.Job instance at 0x7fa2665759b0>,1,19,[10  4],2,2,21,0,2
1,<environment.Job instance at 0x7fa266269fa0>,2,16,[7 2],3,21,37,18,8
1,<environment.Job instance at 0x7fa2663e3640>,7,14,[ 5 12],8,21,35,13,11
1,<environment.Job instance at 0x7fa2663e3fa0>,4,15,[11  2],5,37,52,32,24
1,<environment.Job instance at 0x7fa266288690>,0,17,[9 4],1,52,69,51,43
1,<environment.Job instance at 0x7fa2663e3500>,12,2,[11  1],13,69,71,56,43
1,<environment.Job instance at 0x7fa26648b780>,13,12,[5 5],14,52,64,38,43
1,<environment.Job instance at 0x7fa26648b730>,14,3,[ 5 12],15,71,74,56,45
1,<environment.Job instance at 0x7fa26648baa0>,15,12,[ 2 10],16,74,86,58,57
1,<environment.Job instance at 0x7fa26648be10>,16,2,[8 2],17,71,73,54,57
1,<environment.Job instance at 0x7fa266845a50>,19,17,[3 5],20,74,91,54,62
1,<environment.Job instance at 0x7fa266845910>,22,14,[5 8],23,86,100,63,71
1,<environment.Job instance at 0x7fa266e79280>,28,15,[4 7],29,91,106,62,83
1,<environment.Job instance at 0x7fa266e79eb0>,33,12,[5 8],34,100,112,66,84
1,<environment.Job instance at 0x7fa266e79550>,34,14,[3 6],35,106,120,71,92
1,<environment.Job instance at 0x7fa2663e3230>,8,21,[10  4],9,112,133,103,107
1,<environment.Job instance at 0x7fa266fc75f0>,38,14,[10  5],39,133,147,94,118
1,<environment.Job instance at 0x7fa266fc7820>,39,3,[8 1],40,147,150,107,121
1,<environment.Job instance at 0x7fa266fc7a50>,40,18,[1 6],41,121,139,80,121
1,<environment.Job instance at 0x7fa266fc7a00>,41,14,[8 1],42,150,164,108,135
1,<environment.Job instance at 0x7fa2663e3f50>,11,28,[5 7],12,142,170,130,142
1,<environment.Job instance at 0x7fa266fc7050>,43,3,[4 5],44,164,167,120,147
1,<environment.Job instance at 0x7fa266fc7190>,49,19,[7 3],50,167,186,117,157
1,<environment.Job instance at 0x7fa266fc7d20>,42,16,[13  2],43,186,202,143,176
1,<environment.Job instance at 0x7fa266b60140>,1,21,[7 5],2,2,23,0,2
1,<environment.Job instance at 0x7fa266b60c30>,3,3,[1 7],4,4,7,0,4
1,<environment.Job instance at 0x7fa266b78e10>,5,3,[6 1],6,6,9,0,6
1,<environment.Job instance at 0x7fa267434280>,7,20,[3 8],8,9,29,1,8
1,<environment.Job instance at 0x7fa2671e4320>,9,15,[11  2],10,23,38,13,10
1,<environment.Job instance at 0x7fa267596320>,12,13,[5 1],13,38,51,25,22
1,<environment.Job instance at 0x7fa267196410>,13,2,[10  5],14,38,40,24,22
1,<environment.Job instance at 0x7fa267596dc0>,10,16,[8 1],11,40,56,29,27
1,<environment.Job instance at 0x7fa26fcb3640>,15,14,[4 8],16,51,65,35,36
1,<environment.Job instance at 0x7fa26fcb35f0>,16,12,[5 2],17,56,68,39,39
1,<environment.Job instance at 0x7fa2674fa280>,19,12,[1 7],20,65,77,45,48
1,<environment.Job instance at 0x7fa266b755a0>,27,14,[10  2],28,68,82,40,53
1,<environment.Job instance at 0x7fa266b75370>,33,14,[9 1],34,82,96,48,67
1,<environment.Job instance at 0x7fa2671a7d20>,34,15,[9 4],35,96,111,61,82
1,<environment.Job instance at 0x7fa2671a7a50>,35,17,[6 2],36,82,99,46,82
1,<environment.Job instance at 0x7fa2671a75a0>,43,18,[8 5],44,111,129,67,100
1,<environment.Job instance at 0x7fa2671a7be0>,45,18,[1 6],46,100,118,54,100
1,<environment.Job instance at 0x7fa2671a7820>,47,15,[5 5],48,118,133,70,104
1,<environment.Job instance at 0x7fa266b9baf0>,51,12,[8 2],52,129,141,77,112
1,<environment.Job instance at 0x7fa266b9bf00>,53,17,[6 1],54,133,150,79,121
1,<environment.Job instance at 0x7fa266b9bdc0>,54,12,[5 5],55,141,153,86,124
1,<environment.Job instance at 0x7fa267196780>,11,13,[9 3],12,150,163,138,134
1,<environment.Job instance at 0x7fa266b9bd20>,59,13,[8 5],60,163,176,103,147
1,<environment.Job instance at 0x7fa266b9b0a0>,61,18,[7 2],62,163,181,101,152
1,<environment.Job instance at 0x7fa266b9b230>,63,15,[3 6],64,176,191,112,162
1,<environment.Job instance at 0x7fa266b9b910>,65,18,[9 1],66,181,199,115,172
1,<environment.Job instance at 0x7fa266b9b820>,66,15,[9 3],67,199,214,132,185
1,<environment.Job instance at 0x7fa2673304b0>,69,17,[3 8],70,185,202,115,185
1,<environment.Job instance at 0x7fa266389910>,71,14,[3 9],72,202,216,130,187
1,<environment.Job instance at 0x7fa266122910>,0,16,[4 8],1,1,17,0,1
1,<environment.Job instance at 0x7fa266122fa0>,1,14,[5 6],2,2,16,0,2
1,<environment.Job instance at 0x7fa266a8c460>,2,18,[5 5],3,16,34,13,6
1,<environment.Job instance at 0x7fa266a8c550>,7,12,[5 5],8,17,29,9,8
1,<environment.Job instance at 0x7fa266a61c80>,10,13,[9 5],11,29,42,18,13
1,<environment.Job instance at 0x7fa266a616e0>,11,3,[4 7],12,34,37,22,13
1,<environment.Job instance at 0x7fa266a61d20>,6,3,[11  3],7,42,45,35,17
1,<environment.Job instance at 0x7fa266a61500>,9,15,[3 7],10,37,52,27,24
1,<environment.Job instance at 0x7fa266a61af0>,15,16,[4 5],16,45,61,29,32
1,<environment.Job instance at 0x7fa266a619b0>,17,3,[9 5],18,52,55,34,32
1,<environment.Job instance at 0x7fa266a61190>,18,2,[13  3],19,61,63,42,34
1,<environment.Job instance at 0x7fa266a614b0>,12,16,[5 6],13,63,79,50,50
1,<environment.Job instance at 0x7fa266a61fa0>,19,17,[3 6],20,63,80,43,51
1,<environment.Job instance at 0x7fa266a61550>,21,13,[6 1],22,63,76,41,51
1,<environment.Job instance at 0x7fa266a61a50>,22,24,[1 7],23,79,103,56,74
1,<environment.Job instance at 0x7fa266a61d70>,23,3,[4 6],24,80,83,56,74
1,<environment.Job instance at 0x7fa266a56be0>,24,24,[5 9],25,103,127,78,98
1,<environment.Job instance at 0x7fa266a612d0>,25,3,[14  3],26,98,101,72,98
1,<environment.Job instance at 0x7fa266a617d0>,13,19,[9 2],14,104,123,90,104
1,<environment.Job instance at 0x7fa266a56c30>,27,18,[5 3],28,123,141,95,112
1,<environment.Job instance at 0x7fa266a56910>,28,16,[9 4],29,127,143,98,114
1,<environment.Job instance at 0x7fa266a56500>,30,19,[5 3],31,141,160,110,131
1,<environment.Job instance at 0x7fa266a56730>,32,16,[8 5],33,143,159,110,131
1,<environment.Job instance at 0x7fa266a56e60>,36,17,[5 4],37,159,176,122,147
1,<environment.Job instance at 0x7fa266a56cd0>,43,18,[7 3],44,160,178,116,149
1,<environment.Job instance at 0x7fa2676660f0>,46,12,[3 6],47,159,171,112,149
1,<environment.Job instance at 0x7fa267666b40>,47,17,[10  1],48,178,195,130,166
1,<environment.Job instance at 0x7fa26765e7d0>,48,17,[5 3],49,176,193,127,166
1,<environment.Job instance at 0x7fa266a56eb0>,26,13,[ 4 13],27,193,206,166,177
1,<environment.Job instance at 0x7fa26622c5f0>,0,16,[5 9],1,1,17,0,1
1,<environment.Job instance at 0x7fa266a56eb0>,2,18,[6 5],3,3,21,0,3
1,<environment.Job instance at 0x7fa2660a5c30>,3,17,[5 2],4,17,34,13,5
1,<environment.Job instance at 0x7fa2660a5d20>,5,1,[10  5],6,21,22,15,9
1,<environment.Job instance at 0x7fa2660a5f50>,8,16,[ 5 10],9,22,38,13,10
1,<environment.Job instance at 0x7fa2660a5eb0>,11,1,[8 1],12,34,35,22,12
1,<environment.Job instance at 0x7fa2660a8280>,10,21,[7 2],11,35,56,24,27
1,<environment.Job instance at 0x7fa26622c230>,1,18,[2 6],2,38,56,36,27
1,<environment.Job instance at 0x7fa2660a86e0>,17,14,[6 2],18,38,52,20,29
1,<environment.Job instance at 0x7fa2660a85a0>,15,2,[5 8],16,56,58,40,29
1,<environment.Job instance at 0x7fa2660a8a00>,22,13,[5 7],23,52,65,29,36
1,<environment.Job instance at 0x7fa2660a8820>,27,3,[4 8],28,58,61,30,36
1,<environment.Job instance at 0x7fa2660a8d70>,28,15,[5 7],29,61,76,32,47
1,<environment.Job instance at 0x7fa2660a8fa0>,30,12,[2 5],31,65,77,34,48
1,<environment.Job instance at 0x7fa2660ab320>,34,13,[6 4],35,76,89,41,60
1,<environment.Job instance at 0x7fa2660ab550>,36,19,[9 5],37,77,96,40,69
1,<environment.Job instance at 0x7fa2660ab820>,39,13,[2 8],40,89,102,49,73
1,<environment.Job instance at 0x7fa2660ab8c0>,40,20,[6 4],41,96,116,55,87
1,<environment.Job instance at 0x7fa2660abb40>,44,21,[5 1],45,96,117,51,96
1,<environment.Job instance at 0x7fa2660abbe0>,45,20,[4 8],46,102,122,56,98
1,<environment.Job instance at 0x7fa2660abc80>,46,14,[9 3],47,117,131,70,102
1,<environment.Job instance at 0x7fa2660abf00>,48,13,[6 1],49,122,135,73,106
1,<environment.Job instance at 0x7fa2660abdc0>,49,3,[5 3],50,131,134,81,108
1,<environment.Job instance at 0x7fa2660a8050>,9,15,[10  3],10,135,150,125,125
1,<environment.Job instance at 0x7fa2660ad5a0>,59,2,[13  3],60,150,152,90,126
1,<environment.Job instance at 0x7fa2660ad500>,58,17,[ 1 10],59,131,148,72,126
1,<environment.Job instance at 0x7fa2660ad910>,63,18,[7 5],64,152,170,88,141
1,<environment.Job instance at 0x7fa2660ada00>,64,14,[5 5],65,152,166,87,141
1,<environment.Job instance at 0x7fa2660ada50>,65,15,[10  3],66,170,185,104,156
1,<environment.Job instance at 0x7fa2660add70>,69,16,[5 9],70,166,182,96,156
1,<environment.Job instance at 0x7fa266b1a780>,75,18,[2 5],76,182,200,106,171
1,<environment.Job instance at 0x7fa26609d370>,77,13,[2 6],78,182,195,104,171
1,<environment.Job instance at 0x7fa26609d820>,78,21,[1 9],79,195,216,116,187
1,<environment.Job instance at 0x7fa2664ba050>,1,3,[4 5],2,2,5,0,2
1,<environment.Job instance at 0x7fa26609dcd0>,2,20,[5 1],3,3,23,0,3
1,<environment.Job instance at 0x7fa266a34f00>,3,18,[5 2],4,4,22,0,4
1,<environment.Job instance at 0x7fa266a340a0>,5,1,[2 8],6,6,7,0,6
1,<environment.Job instance at 0x7fa266a340f0>,7,16,[5 8],8,8,24,0,8
1,<environment.Job instance at 0x7fa266a34e60>,8,13,[8 5],9,23,36,14,9
1,<environment.Job instance at 0x7fa266a34c80>,9,13,[3 8],10,24,37,14,10
1,<environment.Job instance at 0x7fa26609d820>,12,16,[8 5],13,36,52,23,23
1,<environment.Job instance at 0x7fa26691f2d0>,17,18,[4 9],18,37,55,19,27
1,<environment.Job instance at 0x7fa26691f960>,19,16,[5 8],20,55,71,35,42
1,<environment.Job instance at 0x7fa26691fbe0>,25,14,[5 8],26,71,85,45,57
1,<environment.Job instance at 0x7fa26691f9b0>,28,16,[1 6],29,60,76,31,60
1,<environment.Job instance at 0x7fa26691ff00>,30,14,[5 6],31,76,90,45,70
1,<environment.Job instance at 0x7fa266e1f4b0>,32,17,[9 4],33,85,102,52,73
1,<environment.Job instance at 0x7fa266e1f1e0>,34,17,[6 2],35,90,107,55,78
1,<environment.Job instance at 0x7fa266e1fb90>,35,15,[10  5],36,107,122,71,93
1,<environment.Job instance at 0x7fa26691faf0>,14,28,[5 8],15,104,132,89,104
1,<environment.Job instance at 0x7fa266e1faf0>,38,3,[9 5],39,122,125,83,104
1,<environment.Job instance at 0x7fa266e1f280>,37,20,[6 3],38,125,145,87,116
1,<environment.Job instance at 0x7fa266e1f910>,41,3,[3 6],42,132,135,90,116
1,<environment.Job instance at 0x7fa266b6f460>,45,12,[2 6],46,132,144,86,116
1,<environment.Job instance at 0x7fa266b6f5a0>,47,12,[10  3],48,145,157,97,128
1,<environment.Job instance at 0x7fa266b6f820>,54,15,[6 2],55,157,172,102,143
1,<environment.Job instance at 0x7fa266b6faa0>,56,12,[5 3],57,143,155,86,143
1,<environment.Job instance at 0x7fa266b6f2d0>,57,3,[8 4],58,157,160,99,143
1,<environment.Job instance at 0x7fa266921320>,60,3,[2 7],61,160,163,99,143
1,<environment.Job instance at 0x7fa266921780>,62,18,[7 2],63,160,178,97,149
1,<environment.Job instance at 0x7fa27030b820>,64,17,[2 5],65,163,180,98,151
1,<environment.Job instance at 0x7fa27030b640>,65,16,[5 3],66,172,188,106,159
1,<environment.Job instance at 0x7fa2669222d0>,66,12,[3 7],67,178,190,111,161
1,<environment.Job instance at 0x7fa266a348c0>,11,14,[3 8],12,188,202,176,173
1,<environment.Job instance at 0x7fa266922eb0>,71,14,[4 8],72,202,216,130,187
1,<environment.Job instance at 0x7fa266922410>,74,14,[8 4],75,190,204,115,187
1,<environment.Job instance at 0x7fa266810be0>,0,17,[ 2 10],1,1,18,0,1
1,<environment.Job instance at 0x7fa265db2280>,3,12,[8 5],4,4,16,0,4
1,<environment.Job instance at 0x7fa265db2eb0>,5,1,[8 3],6,16,17,10,6
1,<environment.Job instance at 0x7fa265db2410>,6,2,[8 3],7,17,19,10,7
1,<environment.Job instance at 0x7fa2669d20a0>,8,18,[10  1],9,19,37,10,10
1,<environment.Job instance at 0x7fa265e59f50>,10,13,[10  5],11,37,50,26,21
1,<environment.Job instance at 0x7fa265e590f0>,13,16,[2 7],14,21,37,7,21
1,<environment.Job instance at 0x7fa265e59d20>,15,21,[10  3],16,50,71,34,42
1,<environment.Job instance at 0x7fa265e594b0>,18,14,[2 9],19,42,56,23,42
1,<environment.Job instance at 0x7fa265daa5f0>,22,17,[9 4],23,71,88,48,59
1,<environment.Job instance at 0x7fa265dce3c0>,25,18,[4 8],26,59,77,33,59
1,<environment.Job instance at 0x7fa265dce730>,26,12,[4 8],27,77,89,50,60
1,<environment.Job instance at 0x7fa265d7e140>,27,15,[1 7],28,88,103,60,74
1,<environment.Job instance at 0x7fa265d55050>,34,16,[4 8],35,89,105,54,76
1,<environment.Job instance at 0x7fa265d552d0>,35,17,[6 5],36,103,120,67,91
1,<environment.Job instance at 0x7fa265d559b0>,38,14,[5 9],39,105,119,66,91
1,<environment.Job instance at 0x7fa265ec0d20>,40,12,[4 5],41,119,131,78,102
1,<environment.Job instance at 0x7fa265ec0870>,42,14,[5 5],43,119,133,76,104
1,<environment.Job instance at 0x7fa265d7d780>,48,17,[8 2],49,131,148,82,119
1,<environment.Job instance at 0x7fa265d7d7d0>,49,12,[8 4],50,148,160,98,131
1,<environment.Job instance at 0x7fa265d7ddc0>,52,16,[3 8],53,133,149,80,131
1,<environment.Job instance at 0x7fa265d7d960>,54,19,[7 5],55,149,168,94,139
1,<environment.Job instance at 0x7fa265d7dd70>,55,17,[4 8],56,160,177,104,148
1,<environment.Job instance at 0x7fa265d7d910>,56,15,[8 3],57,168,183,111,154
1,<environment.Job instance at 0x7fa2672f2280>,60,21,[3 8],61,177,198,116,169
1,<environment.Job instance at 0x7fa2662dd780>,61,12,[1 6],62,183,195,121,169
1,<environment.Job instance at 0x7fa26670a9b0>,64,16,[4 7],65,195,211,130,182
1,<environment.Job instance at 0x7fa2664c05a0>,1,16,[2 5],2,2,18,0,2
1,<environment.Job instance at 0x7fa266b2bf00>,0,21,[5 8],1,3,24,2,3
1,<environment.Job instance at 0x7fa266332d70>,2,2,[4 7],3,18,20,15,3
1,<environment.Job instance at 0x7fa2662429b0>,4,14,[9 3],5,20,34,15,5
1,<environment.Job instance at 0x7fa2661a3730>,8,17,[2 9],9,24,41,15,13
1,<environment.Job instance at 0x7fa266227230>,6,17,[10  4],7,34,51,27,22
1,<environment.Job instance at 0x7fa2661ae3c0>,15,13,[5 5],16,41,54,25,25
1,<environment.Job instance at 0x7fa2661a3be0>,17,19,[2 6],18,51,70,33,41
1,<environment.Job instance at 0x7fa266dde050>,18,14,[1 6],19,54,68,35,41
1,<environment.Job instance at 0x7fa2661a3fa0>,9,17,[9 2],10,54,71,44,46
1,<environment.Job instance at 0x7fa26718baf0>,23,1,[ 5 12],24,70,71,46,46
1,<environment.Job instance at 0x7fa2674fac80>,24,14,[7 1],25,71,85,46,56
1,<environment.Job instance at 0x7fa2674c5460>,22,16,[3 7],23,71,87,48,58
1,<environment.Job instance at 0x7fa2674fa410>,26,14,[7 5],27,85,99,58,70
1,<environment.Job instance at 0x7fa2675a5320>,27,13,[3 8],28,87,100,59,71
1,<environment.Job instance at 0x7fa2675a53c0>,30,17,[10  2],31,99,116,68,87
1,<environment.Job instance at 0x7fa2661a3370>,7,20,[3 7],8,100,120,92,91
1,<environment.Job instance at 0x7fa2676357d0>,36,15,[4 8],37,116,131,79,107
1,<environment.Job instance at 0x7fa26637da00>,37,24,[7 3],38,120,144,82,115
1,<environment.Job instance at 0x7fa2676b5690>,42,17,[5 2],43,131,148,88,119
1,<environment.Job instance at 0x7fa266389a50>,41,16,[6 2],42,144,160,102,131
1,<environment.Job instance at 0x7fa266374320>,44,13,[3 5],45,131,144,86,131
1,<environment.Job instance at 0x7fa26635b6e0>,43,20,[4 9],44,144,164,100,135
1,<environment.Job instance at 0x7fa2675047d0>,50,18,[3 9],51,164,182,113,155
1,<environment.Job instance at 0x7fa267504c80>,53,17,[10  4],54,162,179,108,162
1,<environment.Job instance at 0x7fa267504af0>,57,16,[2 9],58,182,198,124,169
1,<environment.Job instance at 0x7fa267506780>,64,15,[10  3],65,179,194,114,169
1,<environment.Job instance at 0x7fa26639f640>,75,18,[4 6],76,194,212,118,183
1,<environment.Job instance at 0x7fa26639f6e0>,76,17,[6 2],77,198,215,121,186
1,<environment.Job instance at 0x7fa2675b7280>,1,22,[1 5],2,2,24,0,2
1,<environment.Job instance at 0x7fa266c0fd20>,3,24,[6 2],4,4,28,0,4
1,<environment.Job instance at 0x7fa266c0fc80>,4,1,[2 7],5,5,6,0,5
1,<environment.Job instance at 0x7fa266c0fb40>,5,2,[3 8],6,6,8,0,6
1,<environment.Job instance at 0x7fa266c0fc30>,6,27,[7 3],7,8,35,1,7
1,<environment.Job instance at 0x7fa266c0fdc0>,7,1,[ 4 10],8,28,29,20,8
1,<environment.Job instance at 0x7fa26639f780>,9,12,[7 2],10,29,41,19,12
1,<environment.Job instance at 0x7fa266c0f2d0>,12,15,[9 5],13,41,56,28,27
1,<environment.Job instance at 0x7fa2663b3820>,0,24,[1 5],1,34,58,33,34
1,<environment.Job instance at 0x7fa266c0f640>,14,13,[7 2],15,56,69,41,40
1,<environment.Job instance at 0x7fa2665083c0>,18,13,[5 9],19,58,71,39,42
1,<environment.Job instance at 0x7fa266508d70>,19,17,[5 6],20,69,86,49,57
1,<environment.Job instance at 0x7fa266508f00>,20,18,[5 3],21,71,89,50,60
1,<environment.Job instance at 0x7fa266508230>,23,15,[2 5],24,71,86,47,60
1,<environment.Job instance at 0x7fa26fc55a00>,33,16,[6 3],34,86,102,52,73
1,<environment.Job instance at 0x7fa266c0feb0>,15,13,[ 5 11],16,89,102,73,73
1,<environment.Job instance at 0x7fa267716f50>,39,2,[ 4 10],40,102,104,62,83
1,<environment.Job instance at 0x7fa267716910>,42,12,[5 5],43,102,114,59,85
1,<environment.Job instance at 0x7fa267716be0>,46,15,[4 7],47,104,119,57,93
1,<environment.Job instance at 0x7fa267716280>,49,13,[2 5],50,114,127,64,99
1,<environment.Job instance at 0x7fa266c0fb90>,8,13,[12  4],9,119,132,110,103
1,<environment.Job instance at 0x7fa267716aa0>,50,18,[1 7],51,127,145,76,116
1,<environment.Job instance at 0x7fa266c0fa50>,11,18,[13  1],12,132,150,120,121
1,<environment.Job instance at 0x7fa267716a00>,54,3,[7 4],55,150,153,95,124
1,<environment.Job instance at 0x7fa267716230>,55,1,[3 7],56,150,151,94,124
1,<environment.Job instance at 0x7fa267716c80>,56,1,[2 5],57,145,146,88,124
1,<environment.Job instance at 0x7fa266fdd0a0>,60,18,[6 5],61,151,169,90,140
1,<environment.Job instance at 0x7fa266fddbe0>,61,14,[8 4],62,153,167,91,140
1,<environment.Job instance at 0x7fa266dc0a00>,62,15,[4 7],63,167,182,104,153
1,<environment.Job instance at 0x7fa266dc0910>,63,18,[2 9],64,182,200,118,171
1,<environment.Job instance at 0x7fa266dc0730>,67,21,[1 5],68,171,192,103,171
1,<environment.Job instance at 0x7fa266dc0b90>,70,12,[1 8],71,200,212,129,184
1,<environment.Job instance at 0x7fa266661190>,76,17,[7 3],77,192,209,115,184
1,<environment.Job instance at 0x7fa265e74500>,7,14,[5 4],8,8,22,0,8
1,<environment.Job instance at 0x7fa265e58410>,8,3,[10  3],9,9,12,0,9
1,<environment.Job instance at 0x7fa265e74640>,0,26,[6 2],1,12,38,11,10
1,<environment.Job instance at 0x7fa265e747d0>,10,12,[1 9],11,12,24,1,11
1,<environment.Job instance at 0x7fa265e58870>,11,16,[5 4],12,22,38,10,12
1,<environment.Job instance at 0x7fa265e58a50>,13,1,[5 6],14,38,39,24,14
1,<environment.Job instance at 0x7fa265e58aa0>,14,13,[5 2],15,38,51,23,23
1,<environment.Job instance at 0x7fa265e58a00>,20,14,[5 5],21,38,52,17,28
1,<environment.Job instance at 0x7fa265e583c0>,18,13,[5 7],19,39,52,20,37
1,<environment.Job instance at 0x7fa265eb9f00>,23,14,[5 2],24,51,65,27,39
1,<environment.Job instance at 0x7fa265eb9230>,24,13,[6 3],25,52,65,27,39
1,<environment.Job instance at 0x7fa265e58d70>,21,14,[8 3],22,65,79,43,50
1,<environment.Job instance at 0x7fa265eb93c0>,26,25,[5 9],27,65,90,38,61
1,<environment.Job instance at 0x7fa265eb9320>,27,16,[3 5],28,79,95,51,70
1,<environment.Job instance at 0x7fa265eb9eb0>,29,18,[3 5],30,90,108,60,79
1,<environment.Job instance at 0x7fa265e58690>,16,20,[6 2],17,90,110,73,82
1,<environment.Job instance at 0x7fa265e8d8c0>,30,17,[2 9],31,108,125,77,96
1,<environment.Job instance at 0x7fa265e585a0>,19,28,[12  2],20,110,138,90,109
1,<environment.Job instance at 0x7fa265e8d230>,33,3,[2 6],34,125,128,91,109
1,<environment.Job instance at 0x7fa265e8d280>,34,12,[14  3],35,138,150,103,121
1,<environment.Job instance at 0x7fa265e8dfa0>,35,16,[11  2],36,150,166,114,139
1,<environment.Job instance at 0x7fa265e8d0f0>,36,2,[ 3 14],37,166,168,129,139
1,<environment.Job instance at 0x7fa265e8d7d0>,37,14,[3 8],38,150,164,112,139
1,<environment.Job instance at 0x7fa265e8db90>,38,1,[8 1],39,166,167,127,139
1,<environment.Job instance at 0x7fa265e8de10>,39,12,[2 6],40,168,180,128,151
1,<environment.Job instance at 0x7fa265e8d370>,40,1,[11  3],41,168,169,127,151
1,<environment.Job instance at 0x7fa265e8dbe0>,41,16,[13  1],42,169,185,127,156
1,<environment.Job instance at 0x7fa265e8d4b0>,42,18,[5 6],43,185,203,142,174
1,<environment.Job instance at 0x7fa265e8da50>,43,16,[1 8],44,180,196,136,174
1,<environment.Job instance at 0x7fa265eb9be0>,28,20,[10  5],29,196,216,167,188
1,<environment.Job instance at 0x7fa265e8dc30>,45,2,[8 4],46,216,218,170,189
1,<environment.Job instance at 0x7fa2674f39b0>,0,18,[ 5 10],1,1,19,0,1
1,<environment.Job instance at 0x7fa266fd0c80>,2,1,[8 3],3,4,5,1,4
1,<environment.Job instance at 0x7fa266db3870>,6,3,[5 7],7,19,22,12,7
1,<environment.Job instance at 0x7fa266db3b40>,5,1,[8 4],6,8,9,2,8
1,<environment.Job instance at 0x7fa266db3b90>,4,15,[2 5],5,9,24,4,8
1,<environment.Job instance at 0x7fa266db3640>,8,15,[11  1],9,22,37,13,9
1,<environment.Job instance at 0x7fa266db3780>,10,13,[10  1],11,37,50,26,21
1,<environment.Job instance at 0x7fa266db3190>,11,15,[5 1],12,37,52,25,35
1,<environment.Job instance at 0x7fa266db3550>,13,1,[7 2],14,50,51,36,38
1,<environment.Job instance at 0x7fa266db3eb0>,3,19,[8 5],4,51,70,47,41
1,<environment.Job instance at 0x7fa266db3140>,12,23,[6 3],13,52,75,39,46
1,<environment.Job instance at 0x7fa266db3be0>,14,25,[1 5],15,50,75,35,47
1,<environment.Job instance at 0x7fa266db3c30>,15,15,[11  5],16,75,90,59,61
1,<environment.Job instance at 0x7fa266db33c0>,22,13,[ 3 10],23,75,88,52,73
1,<environment.Job instance at 0x7fa266339730>,25,13,[4 8],26,88,101,62,75
1,<environment.Job instance at 0x7fa266db3c80>,16,14,[11  5],17,90,104,73,81
1,<environment.Job instance at 0x7fa2663396e0>,26,21,[3 8],27,101,122,74,93
1,<environment.Job instance at 0x7fa266339dc0>,31,16,[ 4 10],32,122,138,90,109
1,<environment.Job instance at 0x7fa266339c30>,32,12,[11  5],33,109,121,76,109
1,<environment.Job instance at 0x7fa26670a1e0>,35,3,[ 3 10],36,138,141,102,112
1,<environment.Job instance at 0x7fa26670adc0>,36,3,[ 4 14],37,141,144,104,115
1,<environment.Job instance at 0x7fa26670a640>,38,15,[ 5 11],39,144,159,105,130
1,<environment.Job instance at 0x7fa26670a410>,39,12,[9 2],40,144,156,104,130
1,<environment.Job instance at 0x7fa26670a050>,40,2,[1 5],41,130,132,89,130
1,<environment.Job instance at 0x7fa26670acd0>,34,12,[ 4 10],35,159,171,124,142
1,<environment.Job instance at 0x7fa26670a5a0>,43,15,[2 6],44,171,186,127,157
1,<environment.Job instance at 0x7fa26670ac80>,44,23,[6 1],45,158,181,113,158
1,<environment.Job instance at 0x7fa26670a230>,46,16,[4 6],47,172,188,125,172
1,<environment.Job instance at 0x7fa266db31e0>,1,20,[10  5],2,186,206,184,177
1,<environment.Job instance at 0x7fa26624b2d0>,0,17,[ 5 10],1,1,18,0,1
1,<environment.Job instance at 0x7fa2674f3f50>,3,13,[1 5],4,5,18,1,5
1,<environment.Job instance at 0x7fa266e03f00>,2,16,[1 7],3,18,34,15,5
1,<environment.Job instance at 0x7fa265d6e7d0>,6,13,[5 5],7,18,31,11,8
1,<environment.Job instance at 0x7fa265f00960>,17,17,[5 9],18,34,51,16,26
1,<environment.Job instance at 0x7fa2664bccd0>,20,18,[5 6],21,35,53,14,35
1,<environment.Job instance at 0x7fa2666a9cd0>,21,12,[7 3],22,51,63,29,35
1,<environment.Job instance at 0x7fa2666a95f0>,22,15,[5 5],23,53,68,30,39
1,<environment.Job instance at 0x7fa26fcf7a50>,26,17,[1 6],27,51,68,24,39
1,<environment.Job instance at 0x7fa26fcf7b90>,29,16,[7 5],30,68,84,38,55
1,<environment.Job instance at 0x7fa26fcf7c30>,30,16,[2 7],31,68,84,37,55
1,<environment.Job instance at 0x7fa26fcf7d70>,32,19,[2 8],33,84,103,51,74
1,<environment.Job instance at 0x7fa26fcf7f50>,35,19,[3 7],36,84,103,48,74
1,<environment.Job instance at 0x7fa26fceb320>,40,14,[10  5],41,103,117,62,89
1,<environment.Job instance at 0x7fa26fceb5f0>,43,17,[1 7],44,103,120,59,95
1,<environment.Job instance at 0x7fa26fceb690>,44,13,[6 4],45,117,130,72,101
1,<environment.Job instance at 0x7fa26fceb730>,45,14,[2 7],46,120,134,74,105
1,<environment.Job instance at 0x7fa26fceb910>,48,18,[5 6],49,130,148,81,119
1,<environment.Job instance at 0x7fa26fceb960>,51,18,[9 4],52,134,152,82,127
1,<environment.Job instance at 0x7fa26fceba50>,52,15,[5 6],53,148,163,95,134
1,<environment.Job instance at 0x7fa26fcebf50>,57,13,[6 1],58,152,165,94,136
1,<environment.Job instance at 0x7fa26fcebf00>,59,12,[2 7],60,152,164,92,136
1,<environment.Job instance at 0x7fa26fcf1370>,63,16,[4 5],64,163,179,99,150
1,<environment.Job instance at 0x7fa26fcf1550>,66,17,[5 8],67,164,181,97,159
1,<environment.Job instance at 0x7fa26fcf14b0>,70,17,[8 1],71,179,196,108,167
1,<environment.Job instance at 0x7fa265df9230>,7,27,[1 9],8,181,208,173,179
1,<environment.Job instance at 0x7fa26fcf1910>,72,1,[1 5],73,181,182,108,181
1,<environment.Job instance at 0x7fa26fcf19b0>,73,13,[5 4],74,182,195,108,181
1,<environment.Job instance at 0x7fa26fcf1b40>,74,19,[6 3],75,195,214,120,185
1,<environment.Job instance at 0x7fa2666a9b40>,1,22,[7 3],2,2,24,0,2
1,<environment.Job instance at 0x7fa2676f3be0>,0,24,[6 1],1,2,26,1,2
1,<environment.Job instance at 0x7fa2676f3140>,4,12,[3 8],5,24,36,19,7
1,<environment.Job instance at 0x7fa26fd6cc80>,19,14,[8 3],20,26,40,6,20
1,<environment.Job instance at 0x7fa26639fc30>,23,13,[5 2],24,36,49,12,24
1,<environment.Job instance at 0x7fa26639f2d0>,25,16,[9 5],26,40,56,14,27
1,<environment.Job instance at 0x7fa2676f3870>,26,13,[2 6],27,49,62,22,33
1,<environment.Job instance at 0x7fa266cd8140>,29,20,[6 3],30,56,76,26,47
1,<environment.Job instance at 0x7fa266cd8aa0>,30,17,[6 5],31,56,73,25,47
1,<environment.Job instance at 0x7fa266cd8c80>,33,19,[1 9],34,73,92,39,63
1,<environment.Job instance at 0x7fa266cd8820>,34,12,[8 3],35,73,85,38,63
1,<environment.Job instance at 0x7fa266cd83c0>,36,15,[5 5],37,85,100,48,71
1,<environment.Job instance at 0x7fa266db8e10>,42,12,[1 8],43,92,104,49,75
1,<environment.Job instance at 0x7fa266db8410>,46,13,[4 7],47,100,113,53,84
1,<environment.Job instance at 0x7fa266db8c80>,47,17,[ 2 10],48,113,130,65,101
1,<environment.Job instance at 0x7fa266db80a0>,48,16,[10  5],49,104,120,55,101
1,<environment.Job instance at 0x7fa266db8cd0>,54,14,[5 6],55,130,144,75,115
1,<environment.Job instance at 0x7fa266db8370>,55,16,[8 5],56,120,136,64,115
1,<environment.Job instance at 0x7fa266bf4d20>,57,18,[3 6],58,136,154,78,125
1,<environment.Job instance at 0x7fa266bf4eb0>,59,14,[4 7],60,144,158,84,129
1,<environment.Job instance at 0x7fa266bf4550>,60,15,[5 1],61,136,151,75,129
1,<environment.Job instance at 0x7fa266bf4320>,62,12,[7 5],63,154,166,91,137
1,<environment.Job instance at 0x7fa266bf4280>,63,20,[2 5],64,158,178,94,149
1,<environment.Job instance at 0x7fa266bf4a00>,64,15,[2 5],65,158,173,93,149
1,<environment.Job instance at 0x7fa26fee1a50>,67,12,[5 3],68,166,178,98,149
1,<environment.Job instance at 0x7fa2661c1af0>,68,12,[10  4],69,178,190,109,161
1,<environment.Job instance at 0x7fa2661c19b0>,73,17,[2 9],74,178,195,104,166
1,<environment.Job instance at 0x7fa2676f3410>,6,2,[9 5],7,190,192,183,169
1,<environment.Job instance at 0x7fa2661c12d0>,74,19,[6 2],75,192,211,117,182
1,<environment.Job instance at 0x7fa26722eb40>,1,3,[6 5],2,2,5,0,2
1,<environment.Job instance at 0x7fa26722e2d0>,4,14,[8 5],5,5,19,0,5
1,<environment.Job instance at 0x7fa26722efa0>,6,14,[ 5 10],7,7,21,0,7
1,<environment.Job instance at 0x7fa26722e460>,7,16,[12  3],8,21,37,13,8
1,<environment.Job instance at 0x7fa26722e500>,8,14,[3 5],9,19,33,10,9
1,<environment.Job instance at 0x7fa26722ef00>,10,3,[7 4],11,37,40,26,11
1,<environment.Job instance at 0x7fa266951af0>,14,14,[4 9],15,37,51,22,25
1,<environment.Job instance at 0x7fa266951910>,15,22,[1 5],16,40,62,24,33
1,<environment.Job instance at 0x7fa2669510f0>,16,14,[9 2],17,51,65,34,38
1,<environment.Job instance at 0x7fa266951820>,19,12,[5 4],20,51,63,31,42
1,<environment.Job instance at 0x7fa2669515f0>,20,19,[5 3],21,63,82,42,53
1,<environment.Job instance at 0x7fa26722ebe0>,11,17,[5 9],12,65,82,53,57
1,<environment.Job instance at 0x7fa26690ef00>,23,26,[1 7],24,82,108,58,79
1,<environment.Job instance at 0x7fa26690efa0>,27,3,[14  5],28,82,85,54,79
1,<environment.Job instance at 0x7fa26690eeb0>,28,13,[5 2],29,85,98,56,79
1,<environment.Job instance at 0x7fa2661c1f50>,13,24,[8 2],14,85,109,71,80
1,<environment.Job instance at 0x7fa26690edc0>,30,14,[ 1 10],31,108,122,77,93
1,<environment.Job instance at 0x7fa26690eb90>,31,16,[5 5],32,109,125,77,97
1,<environment.Job instance at 0x7fa266aacb90>,32,17,[5 1],33,122,139,89,110
1,<environment.Job instance at 0x7fa26690ed70>,26,20,[10  4],27,125,145,98,117
1,<environment.Job instance at 0x7fa266aacd20>,34,19,[5 8],35,139,158,104,129
1,<environment.Job instance at 0x7fa266aac870>,35,17,[4 6],36,145,162,109,133
1,<environment.Job instance at 0x7fa266aac5a0>,36,17,[5 1],37,145,162,108,135
1,<environment.Job instance at 0x7fa2672006e0>,39,15,[10  1],40,162,177,122,148
1,<environment.Job instance at 0x7fa266aacc30>,33,26,[2 9],34,162,188,128,159
1,<environment.Job instance at 0x7fa267200b40>,41,17,[8 5],42,177,194,135,165
1,<environment.Job instance at 0x7fa2672001e0>,42,26,[6 5],43,188,214,145,185
1,<environment.Job instance at 0x7fa267200910>,43,22,[1 5],44,188,210,144,185
1,<environment.Job instance at 0x7fa265ff60f0>,0,12,[13  4],1,1,13,0,1
1,<environment.Job instance at 0x7fa265ff6230>,1,17,[6 2],2,13,30,11,2
1,<environment.Job instance at 0x7fa2671290f0>,2,16,[2 7],3,3,19,0,3
1,<environment.Job instance at 0x7fa267200910>,4,3,[ 4 10],5,19,22,14,5
1,<environment.Job instance at 0x7fa266f96910>,9,16,[7 4],10,22,38,12,10
1,<environment.Job instance at 0x7fa266f96460>,11,14,[6 2],12,30,44,18,15
1,<environment.Job instance at 0x7fa266f96be0>,12,27,[2 5],13,22,49,9,21
1,<environment.Job instance at 0x7fa266f96dc0>,13,17,[7 3],14,38,55,24,26
1,<environment.Job instance at 0x7fa266f963c0>,10,21,[3 7],11,44,65,33,37
1,<environment.Job instance at 0x7fa266f96d20>,16,1,[2 5],17,49,50,32,37
1,<environment.Job instance at 0x7fa265f240a0>,17,14,[5 2],18,50,64,32,37
1,<environment.Job instance at 0x7fa266f96870>,14,12,[13  3],15,65,77,50,48
1,<environment.Job instance at 0x7fa265f24640>,18,13,[8 2],19,77,90,58,61
1,<environment.Job instance at 0x7fa265f24910>,21,18,[3 8],22,77,95,55,66
1,<environment.Job instance at 0x7fa265f247d0>,27,12,[8 1],28,90,102,62,73
1,<environment.Job instance at 0x7fa265f24c80>,28,18,[6 3],29,95,113,66,84
1,<environment.Job instance at 0x7fa265f24dc0>,30,13,[8 4],31,102,115,71,86
1,<environment.Job instance at 0x7fa265f24e60>,31,3,[3 5],32,86,89,54,86
1,<environment.Job instance at 0x7fa265f24fa0>,33,12,[7 3],34,113,125,79,96
1,<environment.Job instance at 0x7fa266e29140>,35,18,[5 8],36,115,133,79,104
1,<environment.Job instance at 0x7fa266e290f0>,36,16,[5 1],37,125,141,88,112
1,<environment.Job instance at 0x7fa266e29550>,40,13,[9 3],41,133,146,92,117
1,<environment.Job instance at 0x7fa266e295f0>,41,19,[9 4],42,146,165,104,136
1,<environment.Job instance at 0x7fa266e29730>,43,20,[3 9],44,141,161,97,136
1,<environment.Job instance at 0x7fa266e297d0>,44,15,[9 4],45,165,180,120,151
1,<environment.Job instance at 0x7fa266e29be0>,48,15,[2 8],49,161,176,112,151
1,<environment.Job instance at 0x7fa266e29b90>,49,17,[4 5],50,176,193,126,164
1,<environment.Job instance at 0x7fa266e29cd0>,50,15,[7 2],51,180,195,129,166
1,<environment.Job instance at 0x7fa26711ff50>,5,17,[4 6],6,180,197,174,169
1,<environment.Job instance at 0x7fa266e29eb0>,53,22,[4 6],54,193,215,139,186
1,<environment.Job instance at 0x7fa266e29c80>,55,16,[9 3],56,197,213,141,186
1,<environment.Job instance at 0x7fa26606bfa0>,1,22,[5 9],2,2,24,0,2
1,<environment.Job instance at 0x7fa2663eb0f0>,2,3,[7 3],3,3,6,0,3
1,<environment.Job instance at 0x7fa265e44870>,3,3,[7 5],4,6,9,2,4
1,<environment.Job instance at 0x7fa265e447d0>,6,14,[6 4],7,9,23,2,7
1,<environment.Job instance at 0x7fa265e44e60>,9,12,[6 4],10,23,35,13,11
1,<environment.Job instance at 0x7fa265e44410>,8,17,[4 9],9,24,41,15,13
1,<environment.Job instance at 0x7fa2663e5410>,15,12,[6 5],16,35,47,19,18
1,<environment.Job instance at 0x7fa2674988c0>,13,1,[1 5],14,41,42,27,18
1,<environment.Job instance at 0x7fa2664f38c0>,17,2,[5 5],18,41,43,23,18
1,<environment.Job instance at 0x7fa2663e5140>,16,22,[5 4],17,43,65,26,36
1,<environment.Job instance at 0x7fa266d46a50>,19,12,[1 6],20,43,55,23,36
1,<environment.Job instance at 0x7fa265e3dd70>,14,22,[7 2],15,47,69,32,44
1,<environment.Job instance at 0x7fa267114730>,22,17,[2 6],23,55,72,32,46
1,<environment.Job instance at 0x7fa267114dc0>,25,13,[10  4],26,69,82,43,53
1,<environment.Job instance at 0x7fa267114a50>,28,17,[2 6],29,72,89,43,60
1,<environment.Job instance at 0x7fa267114af0>,29,16,[10  2],30,82,98,52,69
1,<environment.Job instance at 0x7fa267114050>,30,20,[7 1],31,98,118,67,89
1,<environment.Job instance at 0x7fa2671148c0>,31,14,[2 8],32,89,103,57,89
1,<environment.Job instance at 0x7fa267114eb0>,32,14,[6 3],33,98,112,65,89
1,<environment.Job instance at 0x7fa2671144b0>,33,14,[10  5],34,118,132,84,103
1,<environment.Job instance at 0x7fa2662925f0>,38,15,[ 4 10],39,113,128,74,113
1,<environment.Job instance at 0x7fa266292500>,40,17,[8 4],41,132,149,91,120
1,<environment.Job instance at 0x7fa2662929b0>,43,18,[6 4],44,132,150,88,121
1,<environment.Job instance at 0x7fa266efe780>,48,12,[8 4],49,149,161,100,132
1,<environment.Job instance at 0x7fa266efe0f0>,49,3,[6 2],50,150,153,100,132
1,<environment.Job instance at 0x7fa2660018c0>,50,14,[ 5 10],51,153,167,102,138
1,<environment.Job instance at 0x7fa266001190>,51,16,[5 3],52,161,177,109,148
1,<environment.Job instance at 0x7fa2670dcc30>,53,18,[2 8],54,167,185,113,162
1,<environment.Job instance at 0x7fa265e44460>,10,15,[11  3],11,177,192,166,168
1,<environment.Job instance at 0x7fa2670dca00>,54,18,[1 9],55,185,203,130,174
1,<environment.Job instance at 0x7fa26607aa50>,58,17,[9 1],59,192,209,133,188
1,<environment.Job instance at 0x7fa2662273c0>,1,15,[14  4],2,2,17,0,2
1,<environment.Job instance at 0x7fa266227910>,5,15,[ 5 10],6,17,32,11,8
1,<environment.Job instance at 0x7fa266e65410>,9,12,[5 4],10,17,29,7,10
1,<environment.Job instance at 0x7fa266e65370>,10,16,[5 3],11,29,45,18,16
1,<environment.Job instance at 0x7fa266e65500>,11,17,[9 1],12,32,49,20,20
1,<environment.Job instance at 0x7fa266608550>,14,20,[3 9],15,45,65,30,36
1,<environment.Job instance at 0x7fa266608b40>,15,14,[5 8],16,65,79,49,50
1,<environment.Job instance at 0x7fa266bc4500>,20,13,[1 5],21,50,63,29,50
1,<environment.Job instance at 0x7fa2669eb550>,23,18,[10  5],24,63,81,39,57
1,<environment.Job instance at 0x7fa2669eb0f0>,24,19,[9 1],25,81,100,56,71
1,<environment.Job instance at 0x7fa2669f5780>,27,12,[5 8],28,79,91,51,71
1,<environment.Job instance at 0x7fa2701ad640>,31,13,[4 5],32,91,104,59,75
1,<environment.Job instance at 0x7fa266be8550>,32,14,[3 9],33,100,114,67,85
1,<environment.Job instance at 0x7fa265d8e1e0>,34,20,[2 8],35,114,134,79,105
1,<environment.Job instance at 0x7fa266a2d4b0>,35,12,[3 6],36,105,117,69,105
1,<environment.Job instance at 0x7fa266227500>,6,18,[5 3],7,117,135,110,113
1,<environment.Job instance at 0x7fa26725c0f0>,38,14,[ 2 10],39,134,148,95,119
1,<environment.Job instance at 0x7fa26725c320>,40,14,[8 4],41,119,133,78,119
1,<environment.Job instance at 0x7fa267438eb0>,41,13,[7 2],42,133,146,91,119
1,<environment.Job instance at 0x7fa2674385f0>,44,12,[1 7],45,148,160,103,131
1,<environment.Job instance at 0x7fa267438140>,46,22,[5 5],47,146,168,99,139
1,<environment.Job instance at 0x7fa26647fe60>,49,15,[2 5],50,160,175,110,146
1,<environment.Job instance at 0x7fa26647f190>,53,17,[10  2],54,168,185,114,156
1,<environment.Job instance at 0x7fa26647f320>,59,15,[1 8],60,168,183,108,156
1,<environment.Job instance at 0x7fa26721a550>,61,17,[5 6],62,183,200,121,171
1,<environment.Job instance at 0x7fa266c5bf00>,64,17,[5 3],65,185,202,120,173
1,<environment.Job instance at 0x7fa267009550>,1,2,[9 3],2,2,4,0,2
1,<environment.Job instance at 0x7fa26fd31be0>,0,14,[14  2],1,4,18,3,4
1,<environment.Job instance at 0x7fa266bbf640>,4,18,[1 5],5,7,25,2,7
1,<environment.Job instance at 0x7fa26742cc80>,5,1,[14  1],6,18,19,12,7
1,<environment.Job instance at 0x7fa2662c4460>,8,1,[ 2 12],9,25,26,16,9
1,<environment.Job instance at 0x7fa2662c4b40>,7,13,[8 5],8,26,39,18,15
1,<environment.Job instance at 0x7fa26742c460>,6,21,[7 5],7,26,47,19,18
1,<environment.Job instance at 0x7fa267620b40>,14,15,[5 5],15,39,54,24,25
1,<environment.Job instance at 0x7fa267620a00>,15,15,[1 8],16,47,62,31,33
1,<environment.Job instance at 0x7fa267620050>,16,20,[6 4],17,54,74,37,45
1,<environment.Job instance at 0x7fa267620aa0>,12,21,[1 7],13,62,83,49,55
1,<environment.Job instance at 0x7fa267411280>,20,15,[8 2],21,56,71,35,56
1,<environment.Job instance at 0x7fa26742c280>,10,1,[11  1],11,74,75,63,56
1,<environment.Job instance at 0x7fa266368af0>,28,3,[3 6],29,74,77,45,56
1,<environment.Job instance at 0x7fa266d97af0>,29,12,[3 5],30,77,89,47,60
1,<environment.Job instance at 0x7fa265d93dc0>,32,13,[5 3],33,77,90,44,61
1,<environment.Job instance at 0x7fa2676205a0>,11,12,[12  1],12,90,102,78,74
1,<environment.Job instance at 0x7fa26764f690>,34,1,[13  3],35,102,103,67,74
1,<environment.Job instance at 0x7fa2671f5140>,33,15,[10  4],34,103,118,69,89
1,<environment.Job instance at 0x7fa26764f9b0>,36,17,[2 9],37,89,106,52,89
1,<environment.Job instance at 0x7fa266040d70>,38,18,[4 7],39,106,124,67,95
1,<environment.Job instance at 0x7fa2666b8fa0>,43,20,[5 3],44,118,138,74,109
1,<environment.Job instance at 0x7fa26fccc460>,46,15,[4 6],47,124,139,77,110
1,<environment.Job instance at 0x7fa26fcad500>,49,12,[4 6],50,124,136,74,110
1,<environment.Job instance at 0x7fa26fcad5f0>,51,14,[7 5],52,138,152,86,123
1,<environment.Job instance at 0x7fa267686dc0>,53,14,[8 5],54,139,153,85,124
1,<environment.Job instance at 0x7fa267686d70>,56,12,[1 7],57,152,164,95,135
1,<environment.Job instance at 0x7fa267686c30>,57,16,[1 5],58,153,169,95,140
1,<environment.Job instance at 0x7fa267686460>,58,17,[5 2],59,152,169,93,140
1,<environment.Job instance at 0x7fa267686d20>,59,18,[6 4],60,164,182,104,153
1,<environment.Job instance at 0x7fa267411c30>,23,16,[7 3],24,169,185,145,156
1,<environment.Job instance at 0x7fa266038910>,35,14,[5 8],36,182,196,146,175
1,<environment.Job instance at 0x7fa267686780>,62,12,[3 7],63,185,197,122,178
1,<environment.Job instance at 0x7fa26fd0a3c0>,63,16,[1 8],64,196,212,132,183
1,<environment.Job instance at 0x7f40bc3e04b0>,0,2,[6 2],1,1,3,0,1
1,<environment.Job instance at 0x7f40bc3e0500>,1,15,[4 5],2,2,17,0,2
1,<environment.Job instance at 0x7f40b2c8fc80>,2,18,[ 3 10],3,3,21,0,3
1,<environment.Job instance at 0x7f40b2c8fbe0>,5,18,[7 5],6,17,35,11,6
1,<environment.Job instance at 0x7f40b2c8fdc0>,3,13,[3 8],4,21,34,17,7
1,<environment.Job instance at 0x7f40b2c0d410>,11,1,[8 4],12,34,35,22,12
1,<environment.Job instance at 0x7f40b2c0d370>,10,14,[1 6],11,35,49,24,20
1,<environment.Job instance at 0x7f40b2c0d5a0>,13,15,[4 5],14,35,50,21,21
1,<environment.Job instance at 0x7f40b2c0d690>,15,20,[3 5],16,49,69,33,40
1,<environment.Job instance at 0x7f40b2c0d730>,16,19,[ 3 10],17,50,69,33,40
1,<environment.Job instance at 0x7f40b2d5c690>,0,13,[12  1],1,1,14,0,1
1,<environment.Job instance at 0x7f40b2d5c4b0>,4,2,[5 8],5,14,16,9,5
1,<environment.Job instance at 0x7f40b2d5caf0>,5,14,[ 2 10],6,16,30,10,6
1,<environment.Job instance at 0x7f40b2d5ca00>,6,17,[6 4],7,14,31,7,7
1,<environment.Job instance at 0x7f40b2d5cd70>,7,15,[6 5],8,30,45,22,16
1,<environment.Job instance at 0x7f40b2dd5500>,10,17,[9 3],11,31,48,20,19
1,<environment.Job instance at 0x7f40b2d5c140>,8,2,[1 7],9,45,47,36,19
1,<environment.Job instance at 0x7f40b2dd5140>,11,14,[ 2 10],12,47,61,35,32
1,<environment.Job instance at 0x7f40b2dd5280>,14,20,[9 1],15,48,68,33,39
1,<environment.Job instance at 0x7f40b2dd5f00>,16,12,[6 1],17,61,73,44,44
1,<environment.Job instance at 0x7f40b23c1690>,1,18,[12  3],2,4,22,2,4
1,<environment.Job instance at 0x7f40b23c1320>,7,13,[6 5],8,22,35,14,8
1,<environment.Job instance at 0x7f40b23c1d20>,4,14,[6 5],5,22,36,17,9
1,<environment.Job instance at 0x7f40b23c1a50>,6,16,[7 3],7,35,51,28,22
1,<environment.Job instance at 0x7f40b23c11e0>,12,14,[3 7],13,36,50,23,23
1,<environment.Job instance at 0x7f40b23c1640>,13,12,[6 5],14,50,62,36,33
1,<environment.Job instance at 0x7f40b23c13c0>,15,17,[4 8],16,51,68,35,39
1,<environment.Job instance at 0x7f40b23a2a50>,19,15,[9 2],20,62,77,42,48
1,<environment.Job instance at 0x7f40b2d1adc0>,0,15,[6 2],1,1,16,0,1
1,<environment.Job instance at 0x7f40b27ba690>,3,3,[5 5],4,4,7,0,4
1,<environment.Job instance at 0x7f40b2c6c9b0>,4,13,[2 6],5,5,18,0,5
1,<environment.Job instance at 0x7f40b2857b40>,6,16,[6 2],7,7,23,0,7
1,<environment.Job instance at 0x7f40b28577d0>,7,1,[ 5 12],8,18,19,10,8
1,<environment.Job instance at 0x7f40b24664b0>,9,14,[3 8],10,19,33,9,10
1,<environment.Job instance at 0x7f40b2466190>,10,2,[14  2],11,33,35,22,11
1,<environment.Job instance at 0x7f40b2466550>,14,14,[ 4 10],15,35,49,20,20
1,<environment.Job instance at 0x7f40b3203cd0>,15,2,[ 1 14],16,49,51,33,22
1,<environment.Job instance at 0x7f40b3203190>,16,16,[12  1],17,49,65,32,36
1,<environment.Job instance at 0x7f40b2c6cdc0>,12,16,[3 9],13,51,67,38,38
1,<environment.Job instance at 0x7f40b21e77d0>,6,14,[11  2],7,8,22,1,8
1,<environment.Job instance at 0x7f40b21e7dc0>,15,15,[3 5],16,16,31,0,16
1,<environment.Job instance at 0x7f40b21e9190>,20,16,[7 2],21,22,38,1,21
1,<environment.Job instance at 0x7f40b26be870>,0,23,[5 8],1,26,49,25,26
1,<environment.Job instance at 0x7f40b21e9280>,23,19,[9 2],24,38,57,14,31
1,<environment.Job instance at 0x7f40b21e9730>,27,15,[5 6],28,49,64,21,35
1,<environment.Job instance at 0x7f40b21e9870>,29,17,[3 5],30,57,74,27,45
1,<environment.Job instance at 0x7f40b21e9b40>,37,20,[5 2],38,57,77,19,48
1,<environment.Job instance at 0x7f40b21e9e10>,2,17,[8 5],3,3,20,0,3
1,<environment.Job instance at 0x7f40b222fbe0>,0,17,[2 6],1,3,20,2,3
1,<environment.Job instance at 0x7f40b222f6e0>,6,12,[ 3 10],7,20,32,13,7
1,<environment.Job instance at 0x7f40b21e9b40>,3,2,[ 5 11],4,32,34,28,8
1,<environment.Job instance at 0x7f40b22328c0>,7,3,[8 3],8,20,23,12,9
1,<environment.Job instance at 0x7f40b222f820>,10,12,[6 2],11,23,35,12,13
1,<environment.Job instance at 0x7f40b22327d0>,11,2,[5 1],12,14,16,2,14
1,<environment.Job instance at 0x7f40b2232050>,15,2,[14  3],16,35,37,19,16
1,<environment.Job instance at 0x7f40b2232140>,14,12,[1 8],15,34,46,19,17
1,<environment.Job instance at 0x7f40b2232f00>,12,23,[1 7],13,37,60,24,31
1,<environment.Job instance at 0x7f40b2232820>,19,18,[10  2],20,46,64,26,35
1,<environment.Job instance at 0x7f40b2232410>,9,15,[5 7],10,60,75,50,47
1,<environment.Job instance at 0x7f40b3751aa0>,0,1,[11  3],1,1,2,0,1
1,<environment.Job instance at 0x7f40b22323c0>,1,15,[4 8],2,2,17,0,2
1,<environment.Job instance at 0x7f40b2232410>,3,1,[10  2],4,5,6,1,5
1,<environment.Job instance at 0x7f40b3751370>,2,2,[8 1],3,6,8,3,5
1,<environment.Job instance at 0x7f40b3751190>,6,14,[5 3],7,8,22,1,7
1,<environment.Job instance at 0x7f40b3751820>,7,14,[8 5],8,17,31,9,8
1,<environment.Job instance at 0x7f40b3751550>,13,14,[2 8],14,22,36,8,14
1,<environment.Job instance at 0x7f40b3751d20>,15,2,[7 1],16,31,33,15,17
1,<environment.Job instance at 0x7f40b3751d70>,14,15,[10  3],15,33,48,18,19
1,<environment.Job instance at 0x7f40bc2d2140>,17,16,[8 3],18,48,64,30,35
1,<environment.Job instance at 0x7f40bc2d2fa0>,20,14,[7 1],21,48,62,27,35
1,<environment.Job instance at 0x7f40b22117d0>,1,17,[2 8],2,2,19,0,2
1,<environment.Job instance at 0x7f40b2651a50>,8,16,[2 6],9,9,25,0,9
1,<environment.Job instance at 0x7f40bc2d2410>,2,27,[4 6],3,19,46,16,18
1,<environment.Job instance at 0x7f40b26518c0>,19,3,[2 7],20,25,28,5,21
1,<environment.Job instance at 0x7f40b266e0a0>,17,15,[1 9],18,29,44,11,29
1,<environment.Job instance at 0x7f40b266e320>,20,13,[ 1 10],21,46,59,25,30
1,<environment.Job instance at 0x7f40b266e410>,23,17,[7 1],24,44,61,20,38
1,<environment.Job instance at 0x7f40b266e140>,18,12,[ 2 11],19,59,71,40,42
1,<environment.Job instance at 0x7f40b2173550>,0,13,[14  4],1,1,14,0,1
1,<environment.Job instance at 0x7f40b266e2d0>,1,17,[2 6],2,14,31,12,3
1,<environment.Job instance at 0x7f40b2160370>,3,26,[12  3],4,14,40,10,11
1,<environment.Job instance at 0x7f40b21609b0>,4,12,[ 1 10],5,31,43,26,15
1,<environment.Job instance at 0x7f40b244a820>,10,2,[1 6],11,15,17,4,15
1,<environment.Job instance at 0x7f40b244a4b0>,6,14,[9 5],7,40,54,33,26
1,<environment.Job instance at 0x7f40b244a5a0>,11,15,[5 1],12,43,58,31,29
1,<environment.Job instance at 0x7f40b244a370>,12,16,[3 9],13,54,70,41,41
1,<environment.Job instance at 0x7f40b244a6e0>,14,18,[6 3],15,54,72,39,43
1,<environment.Job instance at 0x7f40b2da9a50>,0,12,[ 2 12],1,1,13,0,1
1,<environment.Job instance at 0x7f40b2468410>,2,1,[ 2 11],3,13,14,10,3
1,<environment.Job instance at 0x7f40b27f7370>,4,12,[3 5],5,14,26,9,5
1,<environment.Job instance at 0x7f40b27f7b90>,5,14,[5 8],6,14,28,8,6
1,<environment.Job instance at 0x7f40b3230820>,8,3,[10  3],9,9,12,0,9
1,<environment.Job instance at 0x7f40b3230fa0>,12,3,[2 8],13,28,31,15,13
1,<environment.Job instance at 0x7f40b27f7d20>,10,22,[5 6],11,26,48,15,19
1,<environment.Job instance at 0x7f40b2da9aa0>,1,16,[1 8],2,31,47,29,19
1,<environment.Job instance at 0x7f40b26c83c0>,15,17,[9 1],16,31,48,15,22
1,<environment.Job instance at 0x7f40b26c8960>,17,17,[7 4],18,48,65,30,36
1,<environment.Job instance at 0x7f40b26c8500>,19,15,[ 5 10],20,48,63,28,36
1,<environment.Job instance at 0x7f40b31cf820>,20,13,[6 5],21,63,76,42,47
1,<environment.Job instance at 0x7f40b2657c30>,1,18,[5 8],2,2,20,0,2
1,<environment.Job instance at 0x7f40b318baf0>,2,19,[2 7],3,3,22,0,3
1,<environment.Job instance at 0x7f40b3055aa0>,5,15,[6 5],6,20,35,14,6
1,<environment.Job instance at 0x7f40b3055cd0>,8,17,[7 3],9,20,37,11,9
1,<environment.Job instance at 0x7f40b3055e60>,11,20,[8 3],12,35,55,23,26
1,<environment.Job instance at 0x7f40b302d0a0>,14,12,[3 8],15,37,49,22,26
1,<environment.Job instance at 0x7f40b302d140>,13,18,[5 7],14,49,67,35,41
1,<environment.Job instance at 0x7f40b2c22870>,0,2,[5 5],1,1,3,0,1
1,<environment.Job instance at 0x7f40b302d190>,1,23,[5 7],2,3,26,1,3
1,<environment.Job instance at 0x7f40b302d140>,2,3,[1 6],3,3,6,0,3
1,<environment.Job instance at 0x7f40b2c225f0>,4,3,[4 9],5,26,29,21,5
1,<environment.Job instance at 0x7f40b2ed29b0>,8,16,[2 6],9,10,26,1,10
1,<environment.Job instance at 0x7f40b2ed2f50>,10,14,[6 4],11,26,40,15,11
1,<environment.Job instance at 0x7f40b2ed2230>,5,12,[ 2 10],6,29,41,23,12
1,<environment.Job instance at 0x7f40b2ed2280>,16,14,[7 5],17,40,54,23,25
1,<environment.Job instance at 0x7f40b2ed2e60>,17,12,[6 1],18,41,53,23,25
1,<environment.Job instance at 0x7f40b2ed2b90>,21,14,[9 5],22,54,68,32,39
1,<environment.Job instance at 0x7f40b2f80910>,28,19,[ 5 10],29,53,72,24,43
1,<environment.Job instance at 0x7f40b37bf1e0>,1,14,[4 9],2,2,16,0,2
1,<environment.Job instance at 0x7f40b32ae7d0>,4,12,[4 8],5,16,28,11,5
1,<environment.Job instance at 0x7f40b2c386e0>,0,17,[2 7],1,16,33,15,7
1,<environment.Job instance at 0x7f40b326d820>,7,1,[5 1],8,8,9,0,8
1,<environment.Job instance at 0x7f40b2965640>,14,16,[5 5],15,28,44,13,16
1,<environment.Job instance at 0x7f40b3402690>,13,1,[ 1 14],14,44,45,30,17
1,<environment.Job instance at 0x7f40b26c9870>,16,17,[4 5],17,45,62,28,33
1,<environment.Job instance at 0x7f40b34bdb40>,18,13,[3 9],19,45,58,26,33
1,<environment.Job instance at 0x7f40b2965dc0>,15,12,[ 3 10],16,58,70,42,45
1,<environment.Job instance at 0x7f40b2b2e410>,21,3,[5 9],22,70,73,48,45
1,<environment.Job instance at 0x7f40b2a31230>,22,2,[6 4],23,62,64,39,45
1,<environment.Job instance at 0x7f40b2b2ea50>,23,2,[3 5],24,64,66,40,45
1,<environment.Job instance at 0x7f40b29217d0>,0,20,[4 5],1,1,21,0,1
1,<environment.Job instance at 0x7f40b2921780>,1,23,[6 5],2,2,25,0,2
1,<environment.Job instance at 0x7f40b3201230>,3,2,[ 5 13],4,25,27,21,4
1,<environment.Job instance at 0x7f40b25f34b0>,5,1,[4 9],6,21,22,15,6
1,<environment.Job instance at 0x7f40b25f33c0>,6,12,[3 5],7,7,19,0,7
1,<environment.Job instance at 0x7f40b22d70a0>,9,17,[4 7],10,27,44,17,15
1,<environment.Job instance at 0x7f40b22d73c0>,12,16,[10  5],13,27,43,14,15
1,<environment.Job instance at 0x7f40b22d7b90>,13,15,[10  1],14,43,58,29,29
1,<environment.Job instance at 0x7f40b22d7c30>,14,13,[7 5],15,58,71,43,42
1,<environment.Job instance at 0x7f40b22d7e60>,15,13,[1 8],16,44,57,28,42
1,<environment.Job instance at 0x7f40b22fffa0>,17,14,[1 7],18,57,71,39,42
1,<environment.Job instance at 0x7f40b26fc870>,0,18,[6 5],1,1,19,0,1
1,<environment.Job instance at 0x7f40b35581e0>,4,15,[11  5],5,19,34,14,6
1,<environment.Job instance at 0x7f40b35585f0>,6,15,[3 7],7,7,22,0,7
1,<environment.Job instance at 0x7f40b26fc5f0>,5,12,[1 7],6,22,34,16,9
1,<environment.Job instance at 0x7f40b3558230>,9,16,[5 1],10,34,50,24,21
1,<environment.Job instance at 0x7f40b3558960>,11,14,[4 5],12,34,48,22,21
1,<environment.Job instance at 0x7f40b3558af0>,12,18,[2 5],13,34,52,21,23
1,<environment.Job instance at 0x7f40b2e18410>,14,14,[1 7],15,48,62,33,33
1,<environment.Job instance at 0x7f40b235faa0>,17,14,[5 7],18,52,66,34,37
1,<environment.Job instance at 0x7f40b235fc30>,18,15,[6 2],19,62,77,43,48
1,<environment.Job instance at 0x7f40b35b0460>,0,14,[ 1 13],1,1,15,0,1
1,<environment.Job instance at 0x7f40b35b0870>,3,12,[5 8],4,15,27,11,4
1,<environment.Job instance at 0x7f40b35b0aa0>,7,12,[2 7],8,15,27,7,8
1,<environment.Job instance at 0x7f40b35b00a0>,5,14,[3 8],6,27,41,21,12
1,<environment.Job instance at 0x7f40b35b0050>,9,18,[4 6],10,27,45,17,17
1,<environment.Job instance at 0x7f40b2969140>,10,20,[9 4],11,41,61,30,32
1,<environment.Job instance at 0x7f40b2969f50>,11,20,[5 1],12,45,65,33,42
1,<environment.Job instance at 0x7f40b2969280>,13,16,[3 8],14,61,77,47,48
1,<environment.Job instance at 0x7f40b2969780>,14,13,[7 4],15,61,74,46,48
1,<environment.Job instance at 0x7f40b2969640>,2,14,[ 2 10],3,3,17,0,3
1,<environment.Job instance at 0x7f40b22cb0a0>,4,16,[ 3 10],5,17,33,12,5
1,<environment.Job instance at 0x7f40b22cb780>,5,18,[5 5],6,6,24,0,6
1,<environment.Job instance at 0x7f40b22cb320>,9,2,[ 3 10],10,33,35,23,10
1,<environment.Job instance at 0x7f40b22cbf00>,10,18,[1 5],11,24,42,13,13
1,<environment.Job instance at 0x7f40b22cb4b0>,8,13,[3 9],9,35,48,26,20
1,<environment.Job instance at 0x7f40b22cbc80>,12,19,[4 5],13,42,61,29,33
1,<environment.Job instance at 0x7f40b3322870>,13,3,[1 9],14,48,51,34,33
1,<environment.Job instance at 0x7f40b3322b90>,14,13,[11  4],15,51,64,36,35
1,<environment.Job instance at 0x7f40b33224b0>,15,12,[2 6],16,61,73,45,44
1,<environment.Job instance at 0x7f40b37fc690>,0,14,[11  2],1,1,15,0,1
1,<environment.Job instance at 0x7f40b37fca50>,4,18,[1 8],5,5,23,0,5
1,<environment.Job instance at 0x7f40b37fc7d0>,5,18,[2 7],6,15,33,9,6
1,<environment.Job instance at 0x7f40b37fcfa0>,6,1,[6 5],7,23,24,16,8
1,<environment.Job instance at 0x7f40b37fcaf0>,7,12,[2 8],8,24,36,16,12
1,<environment.Job instance at 0x7f40b37fc870>,8,14,[ 1 10],9,36,50,27,22
1,<environment.Job instance at 0x7f40b21dffa0>,12,18,[6 4],13,33,51,20,27
1,<environment.Job instance at 0x7f40b21df780>,13,13,[11  2],14,51,64,37,35
1,<environment.Job instance at 0x7f40b20d5820>,0,18,[ 3 14],1,1,19,0,1
1,<environment.Job instance at 0x7f40b22eedc0>,5,2,[3 6],6,19,21,13,6
1,<environment.Job instance at 0x7f40b20d5460>,8,14,[10  2],9,19,33,10,9
1,<environment.Job instance at 0x7f40b22ee0f0>,12,13,[7 4],13,33,46,20,17
1,<environment.Job instance at 0x7f40b22ee280>,7,24,[1 6],8,23,47,15,23
1,<environment.Job instance at 0x7f40b22eea00>,11,22,[7 2],12,33,55,21,26
1,<environment.Job instance at 0x7f40b22ee230>,17,3,[2 7],18,26,29,8,26
1,<environment.Job instance at 0x7f40b22ee3c0>,18,23,[8 4],19,47,70,28,41
1,<environment.Job instance at 0x7f40b253ba50>,19,12,[3 9],20,55,67,35,41
1,<environment.Job instance at 0x7f40b20e4190>,1,18,[2 7],2,2,20,0,2
1,<environment.Job instance at 0x7f40b24d42d0>,2,25,[5 3],3,3,28,0,3
1,<environment.Job instance at 0x7f40b264b7d0>,6,15,[4 8],7,20,35,13,7
1,<environment.Job instance at 0x7f40b24d4d20>,5,14,[ 4 10],6,35,49,29,21
1,<environment.Job instance at 0x7f40b32ee0f0>,13,28,[5 1],14,21,49,7,21
1,<environment.Job instance at 0x7f40b32af050>,11,17,[ 1 10],12,49,66,37,37
1,<environment.Job instance at 0x7f40b32ee460>,14,22,[8 3],15,49,71,34,45
1,<environment.Job instance at 0x7fbaa9a1a460>,0,2,[6 2],1,1,3,0,1
1,<environment.Job instance at 0x7fbaa9a1a4b0>,1,15,[4 5],2,2,17,0,2
1,<environment.Job instance at 0x7fbaa02c5c30>,2,18,[ 3 10],3,3,21,0,3
1,<environment.Job instance at 0x7fbaa02c5d70>,3,13,[3 8],4,21,34,17,5
1,<environment.Job instance at 0x7fbaa02c5b90>,7,12,[7 2],8,17,29,9,10
1,<environment.Job instance at 0x7fbaa0243370>,10,14,[1 6],11,29,43,18,14
1,<environment.Job instance at 0x7fbaa02434b0>,13,15,[4 5],14,34,49,20,20
1,<environment.Job instance at 0x7fbaa02435a0>,15,20,[3 5],16,43,63,27,34
1,<environment.Job instance at 0x7fbaa0243730>,16,19,[ 3 10],17,49,68,32,39
1,<environment.Job instance at 0x7fbaa0243870>,18,18,[3 6],19,68,86,49,57
1,<environment.Job instance at 0x7fbaa02c5f00>,6,19,[1 7],7,68,87,61,58
1,<environment.Job instance at 0x7fbaa0251780>,1,14,[ 2 10],2,2,16,0,2
1,<environment.Job instance at 0x7fbaa06f35f0>,3,2,[9 2],4,4,6,0,4
1,<environment.Job instance at 0x7fbaa06f3cd0>,4,20,[9 1],5,6,26,1,5
1,<environment.Job instance at 0x7fbaa06f37d0>,6,12,[6 1],7,16,28,9,7
1,<environment.Job instance at 0x7fbaa0661190>,7,13,[3 5],8,26,39,18,11
1,<environment.Job instance at 0x7fbaa0661eb0>,11,13,[7 2],12,28,41,16,12
1,<environment.Job instance at 0x7fbaa0661050>,12,18,[5 5],13,26,44,13,15
1,<environment.Job instance at 0x7fbaa0661550>,16,18,[ 2 10],17,41,59,24,30
1,<environment.Job instance at 0x7fbaa06612d0>,14,14,[9 1],15,44,58,29,31
1,<environment.Job instance at 0x7fbaa0661b90>,18,13,[1 5],19,58,71,39,42
1,<environment.Job instance at 0x7fbaa06616e0>,19,15,[4 7],20,59,74,39,46
1,<environment.Job instance at 0x7fbaa0661870>,15,19,[8 3],16,59,78,43,49
1,<environment.Job instance at 0x7fba9f953910>,0,18,[ 3 12],1,1,19,0,1
1,<environment.Job instance at 0x7fba9f975910>,7,1,[1 9],8,19,20,11,8
1,<environment.Job instance at 0x7fba9f975e10>,8,19,[4 7],9,20,39,11,10
1,<environment.Job instance at 0x7fba9f975eb0>,9,3,[14  4],10,39,42,29,13
1,<environment.Job instance at 0x7fbaa0661870>,2,16,[1 8],3,20,36,17,15
1,<environment.Job instance at 0x7fba9f9756e0>,13,3,[1 7],14,36,39,22,17
1,<environment.Job instance at 0x7fba9f975690>,14,19,[9 1],15,42,61,27,32
1,<environment.Job instance at 0x7fba9f975d70>,16,16,[5 3],17,42,58,25,32
1,<environment.Job instance at 0x7fba9f975640>,18,2,[3 6],19,58,60,39,32
1,<environment.Job instance at 0x7fba9f9ef960>,19,21,[3 6],20,58,79,38,50
1,<environment.Job instance at 0x7fba9f9ef410>,21,18,[10  5],22,61,79,39,50
1,<environment.Job instance at 0x7fbaa06d7b90>,0,1,[7 4],1,1,2,0,1
1,<environment.Job instance at 0x7fba9f9ef8c0>,1,13,[ 4 10],2,2,15,0,2
1,<environment.Job instance at 0x7fbaa0262aa0>,2,14,[4 7],3,15,29,12,3
1,<environment.Job instance at 0x7fbaa09798c0>,5,19,[5 1],6,9,28,3,9
1,<environment.Job instance at 0x7fba9f9ef410>,4,12,[ 2 11],5,29,41,24,12
1,<environment.Job instance at 0x7fbaa05ee410>,6,2,[8 2],7,28,30,21,13
1,<environment.Job instance at 0x7fba9ff40550>,14,2,[ 1 11],15,41,43,26,15
1,<environment.Job instance at 0x7fba9ff40f00>,15,3,[8 2],16,30,33,14,16
1,<environment.Job instance at 0x7fba9ff40320>,18,17,[10  5],19,43,60,24,33
1,<environment.Job instance at 0x7fba9fe28500>,19,16,[ 3 10],20,43,59,23,33
1,<environment.Job instance at 0x7fba9fc1f960>,28,17,[10  2],29,60,77,31,49
1,<environment.Job instance at 0x7fba9fc218c0>,35,15,[3 5],36,59,74,23,49
1,<environment.Job instance at 0x7fba9fc3dfa0>,2,16,[7 4],3,3,19,0,3
1,<environment.Job instance at 0x7fba9f81bd20>,5,16,[7 4],6,6,22,0,6
1,<environment.Job instance at 0x7fba9f81be60>,6,3,[3 9],7,19,22,12,8
1,<environment.Job instance at 0x7fba9f81bbe0>,3,16,[9 4],4,22,38,18,9
1,<environment.Job instance at 0x7fba9f81f0f0>,10,17,[2 6],11,22,39,11,11
1,<environment.Job instance at 0x7fba9f81f370>,13,2,[ 5 11],14,39,41,25,14
1,<environment.Job instance at 0x7fba9f81f230>,14,1,[10  4],15,38,39,23,15
1,<environment.Job instance at 0x7fba9f81f460>,12,17,[8 5],13,41,58,28,29
1,<environment.Job instance at 0x7fba9f81f690>,16,12,[ 3 10],17,41,53,24,29
1,<environment.Job instance at 0x7fba9f81f500>,17,3,[8 3],18,58,61,40,32
1,<environment.Job instance at 0x7fba9f81f820>,18,17,[1 7],19,53,70,34,41
1,<environment.Job instance at 0x7fba9f81f8c0>,19,15,[5 7],20,61,76,41,47
1,<environment.Job instance at 0x7fba9f81f960>,20,12,[6 2],21,70,82,49,53
1,<environment.Job instance at 0x7fba9f81fa00>,21,2,[5 1],22,53,55,31,53
1,<environment.Job instance at 0x7fba9f880eb0>,0,1,[11  3],1,1,2,0,1
1,<environment.Job instance at 0x7fba9f81fa50>,1,15,[4 8],2,2,17,0,2
1,<environment.Job instance at 0x7fba9f880550>,3,1,[10  2],4,4,5,0,4
1,<environment.Job instance at 0x7fba9f880c30>,2,2,[8 1],3,5,7,2,5
1,<environment.Job instance at 0x7fba9f842500>,6,14,[5 3],7,7,21,0,7
1,<environment.Job instance at 0x7fba9f842780>,7,14,[8 5],8,17,31,9,8
1,<environment.Job instance at 0x7fba9f842370>,13,14,[2 8],14,21,35,7,15
1,<environment.Job instance at 0x7fba9f842550>,15,2,[7 1],16,31,33,15,16
1,<environment.Job instance at 0x7fba9f842af0>,17,16,[8 3],18,33,49,15,20
1,<environment.Job instance at 0x7fba9f8421e0>,18,2,[4 6],19,31,33,12,20
1,<environment.Job instance at 0x7fba9f84bb90>,20,14,[7 1],21,35,49,14,22
1,<environment.Job instance at 0x7fba9f84b730>,22,17,[4 8],23,49,66,26,37
1,<environment.Job instance at 0x7fba9f84b320>,23,14,[ 3 10],24,66,80,42,51
1,<environment.Job instance at 0x7fba9f84b780>,27,3,[5 8],28,80,83,52,54
1,<environment.Job instance at 0x7fba9f8420f0>,14,15,[10  3],15,55,70,40,55
1,<environment.Job instance at 0x7fbaa0684f50>,0,16,[ 3 12],1,1,17,0,1
1,<environment.Job instance at 0x7fbaa0684e60>,6,3,[5 9],7,17,20,10,8
1,<environment.Job instance at 0x7fbaa0684c80>,1,16,[ 3 12],2,20,36,18,9
1,<environment.Job instance at 0x7fbaa0684320>,9,3,[2 7],10,36,39,26,11
1,<environment.Job instance at 0x7fbaa0e17be0>,11,3,[4 7],12,36,39,24,12
1,<environment.Job instance at 0x7fbaa0e170f0>,13,17,[7 1],14,14,31,0,14
1,<environment.Job instance at 0x7fbaa0e17960>,14,18,[3 8],15,39,57,24,28
1,<environment.Job instance at 0x7fbaa0e17e10>,17,20,[8 5],18,39,59,21,31
1,<environment.Job instance at 0x7fbaa0e17320>,19,15,[4 9],20,57,72,37,43
1,<environment.Job instance at 0x7fbaa0e17460>,21,14,[3 6],22,59,73,37,44
1,<environment.Job instance at 0x7fba9f810be0>,1,20,[7 4],2,2,22,0,2
1,<environment.Job instance at 0x7fbaa07323c0>,0,16,[2 7],1,2,18,1,2
1,<environment.Job instance at 0x7fba9f87d870>,3,16,[11  1],4,22,38,18,12
1,<environment.Job instance at 0x7fbaa03fce60>,14,15,[6 4],15,38,53,23,28
1,<environment.Job instance at 0x7fbaa040c140>,8,25,[6 1],9,38,63,29,34
1,<environment.Job instance at 0x7fbaa03fcc30>,18,13,[7 1],19,53,66,34,37
1,<environment.Job instance at 0x7fbaa03fc4b0>,19,16,[2 6],20,37,53,17,37
1,<environment.Job instance at 0x7fbaa03fcc80>,20,3,[ 2 10],21,53,56,32,37
1,<environment.Job instance at 0x7fbaa03fcdc0>,21,16,[ 5 13],22,63,79,41,50
1,<environment.Job instance at 0x7fbaa03fc500>,22,3,[9 1],23,66,69,43,50
1,<environment.Job instance at 0x7fba9fcb67d0>,0,21,[5 6],1,1,22,0,1
1,<environment.Job instance at 0x7fba9fce4730>,1,12,[5 6],2,2,14,0,2
1,<environment.Job instance at 0x7fba9fcb6960>,2,1,[ 4 10],3,22,23,19,4
1,<environment.Job instance at 0x7fba9f87ab90>,7,16,[4 5],8,14,30,6,8
1,<environment.Job instance at 0x7fba9f82f550>,14,17,[2 5],15,23,40,8,15
1,<environment.Job instance at 0x7fba9f87af50>,16,2,[4 9],17,30,32,13,17
1,<environment.Job instance at 0x7fba9f82fdc0>,15,14,[8 2],16,32,46,16,22
1,<environment.Job instance at 0x7fba9f87aaa0>,4,24,[4 8],5,32,56,27,28
1,<environment.Job instance at 0x7fba9f82fb90>,18,18,[8 2],19,46,64,27,35
1,<environment.Job instance at 0x7fba9f82f690>,19,18,[6 2],20,56,74,36,45
1,<environment.Job instance at 0x7fba9f82feb0>,21,18,[5 8],22,64,82,42,53
1,<environment.Job instance at 0x7fba9fab8820>,0,15,[ 5 14],1,1,16,0,1
1,<environment.Job instance at 0x7fba9f82feb0>,2,14,[8 4],3,16,30,13,3
1,<environment.Job instance at 0x7fba9fc34370>,3,12,[5 9],4,16,28,12,4
1,<environment.Job instance at 0x7fba9fab87d0>,1,1,[9 1],2,4,5,2,4
1,<environment.Job instance at 0x7fba9fcd59b0>,4,3,[11  3],5,30,33,25,5
1,<environment.Job instance at 0x7fba9fc34730>,10,2,[5 5],11,28,30,17,11
1,<environment.Job instance at 0x7fba9fc34780>,8,14,[10  4],9,33,47,24,19
1,<environment.Job instance at 0x7fba9fc34a50>,12,3,[1 6],13,28,31,15,19
1,<environment.Job instance at 0x7fba9fc345a0>,6,12,[4 7],7,31,43,24,26
1,<environment.Job instance at 0x7fba9fc34b90>,14,3,[4 9],15,43,46,28,26
1,<environment.Job instance at 0x7fba9fc34c30>,15,12,[ 2 10],16,46,58,30,29
1,<environment.Job instance at 0x7fba9fc34cd0>,16,2,[10  3],17,47,49,30,29
1,<environment.Job instance at 0x7fba9fc34a00>,13,15,[ 2 14],14,58,73,44,44
1,<environment.Job instance at 0x7fba9f8741e0>,1,14,[4 9],2,2,16,0,2
1,<environment.Job instance at 0x7fba9fa9c0a0>,4,12,[4 8],5,16,28,11,5
1,<environment.Job instance at 0x7fba9fa9cd70>,7,1,[5 1],8,8,9,0,8
1,<environment.Job instance at 0x7fba9fa9c500>,14,16,[5 5],15,15,31,0,15
1,<environment.Job instance at 0x7fbaa0130fa0>,13,1,[ 1 14],14,31,32,17,16
1,<environment.Job instance at 0x7fbaa0130550>,15,12,[ 3 10],16,32,44,16,17
1,<environment.Job instance at 0x7fbaa01305f0>,17,13,[8 5],18,32,45,14,20
1,<environment.Job instance at 0x7fbaa0130e10>,20,16,[6 5],21,44,60,23,31
1,<environment.Job instance at 0x7fbaa0130370>,24,15,[2 5],25,45,60,20,31
1,<environment.Job instance at 0x7fbaa0130a50>,25,14,[4 8],26,60,74,34,45
1,<environment.Job instance at 0x7fbaa0130190>,26,16,[9 2],27,60,76,33,47
1,<environment.Job instance at 0x7fbaa072d5f0>,2,16,[10  5],3,3,19,0,3
1,<environment.Job instance at 0x7fbaa072d870>,4,13,[7 5],5,19,32,14,5
1,<environment.Job instance at 0x7fbaa072dc80>,5,13,[1 8],6,8,21,2,8
1,<environment.Job instance at 0x7fbaa034de10>,7,14,[1 7],8,21,35,13,10
1,<environment.Job instance at 0x7fbaa034d910>,10,16,[11  3],11,32,48,21,19
1,<environment.Job instance at 0x7fbaa06280a0>,15,16,[9 4],16,48,64,32,36
1,<environment.Job instance at 0x7fbaa0e770f0>,17,15,[10  4],18,64,79,46,50
1,<environment.Job instance at 0x7fbaa0e77910>,19,17,[3 9],20,51,68,31,51
1,<environment.Job instance at 0x7fbaa0e77280>,21,14,[1 8],22,68,82,46,54
1,<environment.Job instance at 0x7fbaa04c8550>,1,23,[5 5],2,2,25,0,2
1,<environment.Job instance at 0x7fbaa04c86e0>,2,1,[12  2],3,25,26,22,3
1,<environment.Job instance at 0x7fbaa04c8050>,4,15,[10  3],5,6,21,1,6
1,<environment.Job instance at 0x7fbaa04c8f00>,3,15,[14  2],4,26,41,22,12
1,<environment.Job instance at 0x7fbaa04c8e10>,12,2,[3 7],13,21,23,8,13
1,<environment.Job instance at 0x7fbaa04c8a00>,5,3,[12  1],6,41,44,35,21
1,<environment.Job instance at 0x7fbaa04c8c80>,0,26,[1 6],1,23,49,22,21
1,<environment.Job instance at 0x7fba9fb965a0>,16,12,[9 1],17,44,56,27,27
1,<environment.Job instance at 0x7fbaa0656b40>,18,2,[4 7],19,44,46,25,27
1,<environment.Job instance at 0x7fba9fb96e60>,15,22,[5 5],16,46,68,30,40
1,<environment.Job instance at 0x7fbaa04c8230>,14,18,[10  1],15,56,74,41,47
1,<environment.Job instance at 0x7fbaa0656460>,2,16,[12  1],3,5,21,2,5
1,<environment.Job instance at 0x7fba9fbc7eb0>,6,14,[5 1],7,21,35,14,7
1,<environment.Job instance at 0x7fba9fbc7050>,7,15,[7 3],8,21,36,13,8
1,<environment.Job instance at 0x7fba9fbc7b40>,4,12,[ 5 10],5,35,47,30,18
1,<environment.Job instance at 0x7fbaa060d9b0>,12,17,[8 1],13,36,53,23,24
1,<environment.Job instance at 0x7fbaa072c7d0>,14,12,[6 4],15,47,59,32,30
1,<environment.Job instance at 0x7fbaa072caf0>,15,12,[7 4],16,53,65,37,36
1,<environment.Job instance at 0x7fbaa02f9a00>,19,14,[4 7],20,59,73,39,44
1,<environment.Job instance at 0x7fbaa02f9280>,20,16,[9 4],21,65,81,44,52
1,<environment.Job instance at 0x7fbaa02f9140>,22,14,[ 2 10],23,73,87,50,58
1,<environment.Job instance at 0x7fbaa0ece370>,1,15,[6 2],2,2,17,0,2
1,<environment.Job instance at 0x7fba9f4a5730>,2,17,[7 4],3,3,20,0,3
1,<environment.Job instance at 0x7fba9f4a5230>,5,17,[3 5],6,17,34,11,6
1,<environment.Job instance at 0x7fba9f4a5b40>,6,16,[3 9],7,20,36,13,7
1,<environment.Job instance at 0x7fba9f8228c0>,14,18,[1 8],15,36,54,21,25
1,<environment.Job instance at 0x7fba9f822140>,17,12,[2 8],18,54,66,36,37
1,<environment.Job instance at 0x7fba9f822870>,18,14,[ 1 10],19,66,80,47,51
1,<environment.Job instance at 0x7fba9f822b40>,19,18,[7 4],20,51,69,31,51
1,<environment.Job instance at 0x7fba9f8224b0>,20,19,[1 5],21,69,88,48,59
1,<environment.Job instance at 0x7fba9f62f050>,1,16,[7 2],2,2,18,0,2
1,<environment.Job instance at 0x7fba9f822a00>,2,1,[ 1 14],3,18,19,15,3
1,<environment.Job instance at 0x7fba9f62f910>,5,2,[3 6],6,6,8,0,6
1,<environment.Job instance at 0x7fba9f62fb90>,6,1,[12  4],7,19,20,12,8
1,<environment.Job instance at 0x7fba9f8224b0>,7,24,[1 6],8,19,43,11,14
1,<environment.Job instance at 0x7fba9f62fd70>,11,22,[7 2],12,20,42,8,14
1,<environment.Job instance at 0x7fba9f62fb40>,12,13,[7 4],13,20,33,7,14
1,<environment.Job instance at 0x7fba9f60ad70>,13,14,[10  2],14,42,56,28,27
1,<environment.Job instance at 0x7fba9f62f7d0>,10,20,[1 8],11,43,63,32,34
1,<environment.Job instance at 0x7fba9f60adc0>,14,21,[4 9],15,63,84,48,56
1,<environment.Job instance at 0x7fbaa0635190>,0,2,[ 1 13],1,1,3,0,1
1,<environment.Job instance at 0x7fba9faf7cd0>,4,22,[8 3],5,5,27,0,5
1,<environment.Job instance at 0x7fba9f60af00>,1,17,[ 1 10],2,5,22,3,5
1,<environment.Job instance at 0x7fbaa06358c0>,5,2,[8 2],6,27,29,21,8
1,<environment.Job instance at 0x7fba9faf7f00>,9,16,[1 7],10,22,38,12,12
1,<environment.Job instance at 0x7fbaa0522eb0>,13,14,[5 5],14,22,36,8,14
1,<environment.Job instance at 0x7fbaa05225a0>,18,15,[2 5],19,36,51,17,22
1,<environment.Job instance at 0x7fbaa09b70a0>,11,18,[1 6],12,38,56,26,27
1,<environment.Job instance at 0x7fbaa0522dc0>,20,3,[7 3],21,29,32,8,27
1,<environment.Job instance at 0x7fbaa05224b0>,19,18,[9 5],20,51,69,31,40
1,<environment.Job instance at 0x7fbaa009bc80>,23,16,[1 9],24,56,72,32,43
1,<environment.Job instance at 0x7fba9fd91230>,24,17,[2 6],25,69,86,44,57
1,<environment.Job instance at 0x7fbaa0193b40>,0,15,[5 5],1,1,16,0,1
1,<environment.Job instance at 0x7fbaa0193aa0>,1,16,[ 2 10],2,3,19,1,3
1,<environment.Job instance at 0x7fbaa0eaf6e0>,5,17,[2 5],6,16,33,10,6
1,<environment.Job instance at 0x7fbaa0eaf5a0>,4,18,[5 9],5,19,37,14,8
1,<environment.Job instance at 0x7fbaa0eaf4b0>,8,3,[9 4],9,33,36,24,9
1,<environment.Job instance at 0x7fbaa0eaf9b0>,9,2,[7 5],10,36,38,26,10
1,<environment.Job instance at 0x7fbaa0eafbe0>,11,12,[10  1],12,38,50,26,21
1,<environment.Job instance at 0x7fbaa0eafc30>,13,19,[ 5 14],14,38,57,24,28
1,<environment.Job instance at 0x7fbaa0eaf780>,14,12,[10  1],15,50,62,35,33
1,<environment.Job instance at 0x7fbaa0eaf870>,7,19,[1 9],8,57,76,49,47
1,<environment.Job instance at 0x7fbaa0e7b1e0>,22,17,[2 5],23,57,74,34,49
1,<environment.Job instance at 0x7fbaa038b460>,0,3,[1 9],1,1,4,0,1
1,<environment.Job instance at 0x7fbaa0e7b280>,1,13,[4 6],2,2,15,0,2
1,<environment.Job instance at 0x7fbaa0e7b1e0>,3,12,[7 4],4,4,16,0,4
1,<environment.Job instance at 0x7fbaa038b9b0>,4,1,[4 5],5,5,6,0,5
1,<environment.Job instance at 0x7fbaa038bc80>,5,21,[8 1],6,15,36,9,7
1,<environment.Job instance at 0x7fbaa038b7d0>,8,18,[7 3],9,16,34,7,9
1,<environment.Job instance at 0x7fbaa038b1e0>,10,13,[ 5 11],11,34,47,23,18
1,<environment.Job instance at 0x7fba9fb2c910>,13,12,[8 1],14,36,48,22,19
1,<environment.Job instance at 0x7fba9fb2cd70>,14,14,[10  2],15,48,62,33,37
1,<environment.Job instance at 0x7fbaa038b910>,11,19,[5 5],12,47,66,35,37
1,<environment.Job instance at 0x7fba9fb2cb90>,17,14,[4 9],18,62,76,44,47
1,<environment.Job instance at 0x7fba9fb2c230>,21,20,[3 6],22,66,86,44,57
1,<environment.Job instance at 0x7fbaa0e7e5f0>,1,12,[8 4],2,2,14,0,2
1,<environment.Job instance at 0x7fba9fd430a0>,0,16,[7 3],1,2,18,1,2
1,<environment.Job instance at 0x7fba9fb2c230>,2,16,[1 8],3,14,30,11,3
1,<environment.Job instance at 0x7fba9f6ee820>,7,13,[13  5],8,18,31,10,8
1,<environment.Job instance at 0x7fba9f6ee550>,8,1,[6 2],9,14,15,5,9
1,<environment.Job instance at 0x7fba9f6eee60>,9,2,[2 5],10,30,32,20,10
1,<environment.Job instance at 0x7fba9f6eecd0>,10,17,[5 3],11,31,48,20,19
1,<environment.Job instance at 0x7fba9f6ee320>,11,12,[2 7],12,31,43,19,19
1,<environment.Job instance at 0x7fba9f6eed70>,12,1,[ 1 13],13,48,49,35,20
1,<environment.Job instance at 0x7fba9f6ee140>,13,26,[8 2],14,34,60,20,34
1,<environment.Job instance at 0x7fba9fd436e0>,3,28,[4 6],4,49,77,45,48
1,<environment.Job instance at 0x7fba9f6eee10>,15,13,[4 6],16,60,73,44,48
1,<environment.Job instance at 0x7fa607288230>,0,2,[6 2],1,1,3,0,1
1,<environment.Job instance at 0x7fa6072881e0>,1,15,[4 5],2,2,17,0,2
1,<environment.Job instance at 0x7fa5fdb10500>,2,18,[ 3 10],3,3,21,0,3
1,<environment.Job instance at 0x7fa5fdb10640>,3,13,[3 8],4,21,34,17,5
1,<environment.Job instance at 0x7fa5fdb10960>,7,12,[7 2],8,17,29,9,8
1,<environment.Job instance at 0x7fa5fdb10c30>,11,1,[8 4],12,29,30,17,13
1,<environment.Job instance at 0x7fa5fdb109b0>,10,14,[1 6],11,30,44,19,15
1,<environment.Job instance at 0x7fa5fdb10dc0>,13,15,[4 5],14,34,49,20,20
1,<environment.Job instance at 0x7fa5fdb10e10>,15,20,[3 5],16,44,64,28,35
1,<environment.Job instance at 0x7fa5fdb10780>,9,17,[8 1],10,37,54,27,37
1,<environment.Job instance at 0x7fa5fdb10f00>,16,19,[ 3 10],17,54,73,37,44
1,<environment.Job instance at 0x7fa5fdb10c80>,12,13,[ 2 12],13,73,86,60,62
1,<environment.Job instance at 0x7fa5fe241370>,0,22,[5 6],1,1,23,0,1
1,<environment.Job instance at 0x7fa5fe241230>,1,13,[7 2],2,2,15,0,2
1,<environment.Job instance at 0x7fa5fe2417d0>,2,18,[5 5],3,15,33,12,4
1,<environment.Job instance at 0x7fa5fe241eb0>,8,13,[1 5],9,23,36,14,9
1,<environment.Job instance at 0x7fa5fe241960>,7,19,[8 1],8,23,42,15,13
1,<environment.Job instance at 0x7fa5fe241af0>,6,18,[ 2 10],7,36,54,29,25
1,<environment.Job instance at 0x7fa5fe1b2690>,11,17,[2 7],12,54,71,42,42
1,<environment.Job instance at 0x7fa5fe241690>,10,19,[8 4],11,45,64,34,45
1,<environment.Job instance at 0x7fa5fe1b2af0>,9,15,[4 7],10,64,79,54,63
1,<environment.Job instance at 0x7fa5fe1b2640>,17,17,[7 4],18,71,88,53,63
1,<environment.Job instance at 0x7fa5fd1eebe0>,2,14,[5 1],3,3,17,0,3
1,<environment.Job instance at 0x7fa5fe1b29b0>,3,3,[1 7],4,4,7,0,4
1,<environment.Job instance at 0x7fa5fd1ee140>,1,18,[10  5],2,7,25,5,4
1,<environment.Job instance at 0x7fa5fd1eeaa0>,5,19,[1 5],6,17,36,11,10
1,<environment.Job instance at 0x7fa5fd1ee1e0>,7,2,[7 2],8,25,27,17,10
1,<environment.Job instance at 0x7fa5fd1ee7d0>,9,15,[6 2],10,25,40,15,11
1,<environment.Job instance at 0x7fa5fd1cbcd0>,10,15,[6 2],11,27,42,16,13
1,<environment.Job instance at 0x7fa5fd1cb2d0>,14,13,[2 6],15,27,40,12,16
1,<environment.Job instance at 0x7fa5fd1cbc30>,16,16,[6 2],17,40,56,23,27
1,<environment.Job instance at 0x7fa5fd1cb5a0>,19,14,[3 8],20,40,54,20,27
1,<environment.Job instance at 0x7fa5fd1cba50>,21,17,[3 8],22,54,71,32,42
1,<environment.Job instance at 0x7fa5fd1cb960>,22,16,[3 9],23,71,87,48,58
1,<environment.Job instance at 0x7fa5fd1cbd20>,11,24,[12  2],12,59,83,47,59
1,<environment.Job instance at 0x7fa5fd1cb690>,25,2,[ 1 14],26,87,89,61,60
1,<environment.Job instance at 0x7fa5fd226280>,0,13,[5 1],1,1,14,0,1
1,<environment.Job instance at 0x7fa5fdee4a00>,3,2,[11  2],4,14,16,10,4
1,<environment.Job instance at 0x7fa5fdee4230>,5,15,[3 5],6,6,21,0,6
1,<environment.Job instance at 0x7fa5fdee44b0>,6,17,[11  1],7,16,33,9,7
1,<environment.Job instance at 0x7fa5fe053e10>,11,18,[ 1 10],12,21,39,9,14
1,<environment.Job instance at 0x7fa5fe053780>,14,28,[4 5],15,33,61,18,32
1,<environment.Job instance at 0x7fa5fdee4550>,8,17,[11  4],9,39,56,30,32
1,<environment.Job instance at 0x7fa5fe0538c0>,16,1,[3 8],17,56,57,39,32
1,<environment.Job instance at 0x7fa5fe053690>,17,15,[5 6],18,57,72,39,43
1,<environment.Job instance at 0x7fa5fe053af0>,13,19,[9 2],14,61,80,47,56
1,<environment.Job instance at 0x7fa5fe053eb0>,19,17,[3 5],20,72,89,52,60
1,<environment.Job instance at 0x7fa5fe2d10a0>,0,3,[5 4],1,1,4,0,1
1,<environment.Job instance at 0x7fa5fe2d1460>,1,14,[ 4 13],2,4,18,2,2
1,<environment.Job instance at 0x7fa5fe2d1910>,3,13,[5 7],4,18,31,14,4
1,<environment.Job instance at 0x7fa5fe2d13c0>,2,1,[ 5 14],3,31,32,28,6
1,<environment.Job instance at 0x7fa5fe2d11e0>,5,16,[6 2],6,6,22,0,6
1,<environment.Job instance at 0x7fa5fdb5eb40>,4,2,[10  1],5,22,24,17,6
1,<environment.Job instance at 0x7fa5fdb5e2d0>,8,3,[11  1],9,32,35,23,9
1,<environment.Job instance at 0x7fa5fdb5ea00>,12,12,[2 7],13,32,44,19,16
1,<environment.Job instance at 0x7fa5fdb62780>,15,3,[5 3],16,24,27,8,16
1,<environment.Job instance at 0x7fa5fdb622d0>,16,18,[7 1],17,35,53,18,24
1,<environment.Job instance at 0x7fa5fdb624b0>,21,15,[4 8],22,44,59,22,30
1,<environment.Job instance at 0x7fa5fdb62870>,26,14,[5 3],27,53,67,26,38
1,<environment.Job instance at 0x7fa5fdb62140>,27,14,[8 5],28,59,73,31,44
1,<environment.Job instance at 0x7fa5fdb5e4b0>,13,24,[2 7],14,59,83,45,54
1,<environment.Job instance at 0x7fa5fdb62c80>,28,22,[9 3],29,73,95,44,68
1,<environment.Job instance at 0x7fa606c84dc0>,33,14,[2 8],34,83,97,49,68
1,<environment.Job instance at 0x7fa5fd9a3500>,1,17,[2 8],2,2,19,0,2
1,<environment.Job instance at 0x7fa5fdc1bd20>,8,16,[2 6],9,9,25,0,9
1,<environment.Job instance at 0x7fa5fe27e910>,2,27,[4 6],3,19,46,16,18
1,<environment.Job instance at 0x7fa5fe27eaf0>,19,3,[2 7],20,25,28,5,21
1,<environment.Job instance at 0x7fa5fdc1b4b0>,17,15,[1 9],18,28,43,10,23
1,<environment.Job instance at 0x7fa5fdc1b5f0>,20,13,[ 1 10],21,46,59,25,30
1,<environment.Job instance at 0x7fa5fdc1b230>,18,12,[ 2 11],19,59,71,40,48
1,<environment.Job instance at 0x7fa5fdcb1870>,27,20,[8 5],28,71,91,43,62
1,<environment.Job instance at 0x7fa5fdcb1a50>,29,15,[4 9],30,71,86,41,62
1,<environment.Job instance at 0x7fa5fe200870>,0,16,[2 7],1,1,17,0,1
1,<environment.Job instance at 0x7fa5fe2887d0>,2,23,[2 8],3,3,26,0,3
1,<environment.Job instance at 0x7fa5fd072f00>,3,16,[11  1],4,17,33,13,4
1,<environment.Job instance at 0x7fa5fd980230>,4,2,[2 8],5,26,28,21,5
1,<environment.Job instance at 0x7fa5fd075190>,5,14,[11  5],6,33,47,27,23
1,<environment.Job instance at 0x7fa5fd075730>,14,15,[6 4],15,47,62,32,34
1,<environment.Job instance at 0x7fa5fd0759b0>,18,13,[7 1],19,47,60,28,36
1,<environment.Job instance at 0x7fa5fd075a50>,19,16,[2 6],20,42,58,22,42
1,<environment.Job instance at 0x7fa5fd075af0>,20,3,[ 2 10],21,58,61,37,42
1,<environment.Job instance at 0x7fa5fd075c30>,22,3,[9 1],23,61,64,38,44
1,<environment.Job instance at 0x7fa5fd075910>,17,15,[5 7],18,62,77,44,48
1,<environment.Job instance at 0x7fa5fd075e60>,23,24,[5 6],24,64,88,40,59
1,<environment.Job instance at 0x7fa5fd0ec190>,0,1,[1 6],1,1,2,0,1
1,<environment.Job instance at 0x7fa5fe45a4b0>,4,17,[2 5],5,5,22,0,5
1,<environment.Job instance at 0x7fa5fe45a2d0>,5,14,[8 2],6,6,20,0,6
1,<environment.Job instance at 0x7fa5fe45a5a0>,6,2,[4 9],7,20,22,13,9
1,<environment.Job instance at 0x7fa5fe45af00>,11,18,[5 8],12,22,40,10,12
1,<environment.Job instance at 0x7fa5fe45adc0>,12,19,[2 7],13,22,41,9,13
1,<environment.Job instance at 0x7fa5fe45eeb0>,13,24,[1 9],14,41,65,27,36
1,<environment.Job instance at 0x7fa5fe45aaf0>,8,18,[8 2],9,46,64,37,46
1,<environment.Job instance at 0x7fa5fe45ee60>,15,15,[6 5],16,64,79,48,50
1,<environment.Job instance at 0x7fa5fe45e820>,18,17,[7 3],19,65,82,46,53
1,<environment.Job instance at 0x7fa5fdf83730>,0,14,[6 4],1,1,15,0,1
1,<environment.Job instance at 0x7fa5fcef85a0>,3,3,[1 6],4,4,7,0,4
1,<environment.Job instance at 0x7fa5fcdcc820>,6,14,[7 5],7,7,21,0,7
1,<environment.Job instance at 0x7fa5fcdcc870>,7,12,[6 1],8,15,27,7,8
1,<environment.Job instance at 0x7fa5fcdcce60>,8,2,[ 3 10],9,21,23,12,9
1,<environment.Job instance at 0x7fa5fcdccd20>,9,3,[5 1],10,21,24,11,10
1,<environment.Job instance at 0x7fa5fcef8e60>,10,2,[11  4],11,27,29,16,11
1,<environment.Job instance at 0x7fa5fdf4b6e0>,17,2,[ 4 13],18,23,25,5,18
1,<environment.Job instance at 0x7fa5fd4b1280>,19,12,[8 2],20,29,41,9,20
1,<environment.Job instance at 0x7fa5fd4b1f00>,20,28,[ 1 12],21,29,57,8,28
1,<environment.Job instance at 0x7fa5fd4b1320>,21,15,[13  1],22,41,56,19,28
1,<environment.Job instance at 0x7fa5fd4b1e60>,22,2,[ 5 12],23,57,59,34,30
1,<environment.Job instance at 0x7fa5fd4b1aa0>,23,16,[5 5],24,59,75,35,47
1,<environment.Job instance at 0x7fa5fd4b1910>,24,12,[ 4 13],25,75,87,50,58
1,<environment.Job instance at 0x7fa6072b2910>,0,13,[6 1],1,1,14,0,1
1,<environment.Job instance at 0x7fa5fdf53230>,1,13,[1 8],2,2,15,0,2
1,<environment.Job instance at 0x7fa5fe411780>,4,13,[ 5 10],5,15,28,10,5
1,<environment.Job instance at 0x7fa5fe411aa0>,5,15,[6 1],6,6,21,0,6
1,<environment.Job instance at 0x7fa5fe411f50>,6,3,[7 4],7,21,24,14,7
1,<environment.Job instance at 0x7fa5fe411730>,9,12,[10  3],10,24,36,14,14
1,<environment.Job instance at 0x7fa5fd1615f0>,8,15,[5 9],9,28,43,19,14
1,<environment.Job instance at 0x7fa5fe5cc820>,14,2,[13  3],15,43,45,28,16
1,<environment.Job instance at 0x7fa5fd36fb90>,18,14,[5 4],19,45,59,26,30
1,<environment.Job instance at 0x7fa5fe5cc4b0>,19,15,[10  1],20,45,60,25,31
1,<environment.Job instance at 0x7fa5fd36f730>,20,20,[4 5],21,59,79,38,50
1,<environment.Job instance at 0x7fa606d1f500>,22,17,[2 6],23,60,77,37,50
1,<environment.Job instance at 0x7fa5fd161a00>,10,17,[7 2],11,60,77,49,53
1,<environment.Job instance at 0x7fa606c35320>,26,12,[3 5],27,77,89,50,60
1,<environment.Job instance at 0x7fa5fd4e7730>,29,17,[4 7],30,79,96,49,67
1,<environment.Job instance at 0x7fa5fe23fbe0>,0,18,[6 5],1,2,20,1,2
1,<environment.Job instance at 0x7fa5fd62feb0>,2,2,[ 2 13],3,20,22,17,5
1,<environment.Job instance at 0x7fa5fe0319b0>,5,12,[1 7],6,6,18,0,6
1,<environment.Job instance at 0x7fa5fd7787d0>,4,15,[11  5],5,22,37,17,8
1,<environment.Job instance at 0x7fa5fd892b90>,6,15,[3 7],7,22,37,15,8
1,<environment.Job instance at 0x7fa5fe47c640>,13,3,[14  5],14,37,40,23,14
1,<environment.Job instance at 0x7fa5fd783460>,11,14,[4 5],12,40,54,28,25
1,<environment.Job instance at 0x7fa5fd8239b0>,15,15,[ 1 10],16,37,52,21,25
1,<environment.Job instance at 0x7fa5fd823780>,17,14,[5 7],18,52,66,34,37
1,<environment.Job instance at 0x7fa5fd823fa0>,18,15,[6 2],19,52,67,33,38
1,<environment.Job instance at 0x7fa5fd54deb0>,24,15,[10  3],25,67,82,42,53
1,<environment.Job instance at 0x7fa5fe5f2280>,33,16,[9 4],34,82,98,48,69
1,<environment.Job instance at 0x7fa5fe1fe5a0>,1,16,[ 3 10],2,2,18,0,2
1,<environment.Job instance at 0x7fa5fe1fe4b0>,2,16,[5 7],3,18,34,15,7
1,<environment.Job instance at 0x7fa5fe1fe960>,0,16,[7 2],1,8,24,7,8
1,<environment.Job instance at 0x7fa5fe1fe320>,7,1,[5 1],8,11,12,3,11
1,<environment.Job instance at 0x7fa5fce848c0>,11,17,[ 5 11],12,34,51,22,22
1,<environment.Job instance at 0x7fa5fce84eb0>,10,19,[2 8],11,51,70,40,41
1,<environment.Job instance at 0x7fa5fce84b40>,14,12,[ 5 10],15,70,82,55,53
1,<environment.Job instance at 0x7fa5fce84d20>,16,14,[5 1],17,53,67,36,53
1,<environment.Job instance at 0x7fa5fce84aa0>,17,15,[7 3],18,53,68,35,53
1,<environment.Job instance at 0x7fa5fce84320>,18,15,[10  3],19,68,83,49,54
1,<environment.Job instance at 0x7fa5fce842d0>,20,14,[7 5],21,83,97,62,68
1,<environment.Job instance at 0x7fa5fda27230>,1,15,[6 2],2,2,17,0,2
1,<environment.Job instance at 0x7fa5fda27e60>,2,17,[7 4],3,3,20,0,3
1,<environment.Job instance at 0x7fa5fe3ee6e0>,5,17,[3 5],6,17,34,11,6
1,<environment.Job instance at 0x7fa5fe3eea00>,6,16,[3 9],7,20,36,13,7
1,<environment.Job instance at 0x7fa5fe3eed20>,14,18,[1 8],15,36,54,21,25
1,<environment.Job instance at 0x7fa5fe3ee3c0>,17,12,[2 8],18,54,66,36,37
1,<environment.Job instance at 0x7fa5fe3ee2d0>,18,14,[ 1 10],19,66,80,47,51
1,<environment.Job instance at 0x7fa5fe3ee7d0>,19,18,[7 4],20,51,69,31,51
1,<environment.Job instance at 0x7fa5fe3eea50>,20,19,[1 5],21,69,88,48,59
1,<environment.Job instance at 0x7fa5fe3ee780>,21,14,[1 7],22,80,94,58,65
1,<environment.Job instance at 0x7fa5fe1d7640>,1,22,[7 2],2,2,24,0,2
1,<environment.Job instance at 0x7fa5fe3ee280>,2,13,[7 4],3,3,16,0,3
1,<environment.Job instance at 0x7fa5fe1125f0>,3,14,[10  2],4,24,38,20,15
1,<environment.Job instance at 0x7fa5fe11cd20>,7,3,[2 7],8,16,19,8,15
1,<environment.Job instance at 0x7fa5fe1124b0>,4,21,[4 9],5,22,43,17,22
1,<environment.Job instance at 0x7fa5fe11c1e0>,9,12,[3 9],10,43,55,33,26
1,<environment.Job instance at 0x7fa5fe0f5e60>,10,20,[5 7],11,55,75,44,46
1,<environment.Job instance at 0x7fa5fe0f5780>,11,16,[4 8],12,55,71,43,46
1,<environment.Job instance at 0x7fa5fe0f5190>,12,18,[6 1],13,71,89,58,60
1,<environment.Job instance at 0x7fa5fe0f59b0>,13,15,[2 8],14,75,90,61,62
1,<environment.Job instance at 0x7fa5fe0f5c80>,15,12,[6 1],16,75,87,59,62
1,<environment.Job instance at 0x7fa5fda61370>,0,3,[7 3],1,1,4,0,1
1,<environment.Job instance at 0x7fa5fda61410>,1,26,[ 4 10],2,2,28,0,2
1,<environment.Job instance at 0x7fa5fceb5c30>,2,1,[3 6],3,28,29,25,3
1,<environment.Job instance at 0x7fa5fd8ee050>,3,16,[1 9],4,28,44,24,16
1,<environment.Job instance at 0x7fa5fd8ee3c0>,14,1,[2 5],15,16,17,1,16
1,<environment.Job instance at 0x7fa5fd28b320>,4,17,[2 6],5,29,46,24,17
1,<environment.Job instance at 0x7fa5fdb19780>,19,15,[5 8],20,44,59,24,30
1,<environment.Job instance at 0x7fa5fd79dc80>,16,18,[10  2],17,46,64,29,36
1,<environment.Job instance at 0x7fa5fdb190f0>,21,17,[2 6],22,59,76,37,47
1,<environment.Job instance at 0x7fa5fe36b3c0>,20,18,[5 8],21,64,82,43,63
1,<environment.Job instance at 0x7fa607226640>,26,15,[4 5],27,76,91,49,67
1,<environment.Job instance at 0x7fa5fd9445f0>,1,12,[4 6],2,2,14,0,2
1,<environment.Job instance at 0x7fa5fde2c410>,2,13,[2 6],3,3,16,0,3
1,<environment.Job instance at 0x7fa5fe380460>,3,13,[10  4],4,14,27,10,4
1,<environment.Job instance at 0x7fa5fe380500>,8,3,[6 4],9,27,30,18,12
1,<environment.Job instance at 0x7fa5fe380640>,11,13,[3 9],12,16,29,4,15
1,<environment.Job instance at 0x7fa5fe3800f0>,9,25,[1 8],10,29,54,19,25
1,<environment.Job instance at 0x7fa5fe3805f0>,4,15,[8 4],5,30,45,25,25
1,<environment.Job instance at 0x7fa5fd771b90>,15,26,[5 7],16,45,71,29,42
1,<environment.Job instance at 0x7fa5fd7710f0>,16,2,[5 1],17,42,44,25,42
1,<environment.Job instance at 0x7fa60732ab40>,13,21,[8 3],14,54,75,40,54
1,<environment.Job instance at 0x7fa5fd771f00>,18,18,[9 5],19,75,93,56,64
1,<environment.Job instance at 0x7fa5fe48b230>,0,13,[4 5],1,1,14,0,1
1,<environment.Job instance at 0x7fa5fd804500>,3,15,[5 5],4,4,19,0,4
1,<environment.Job instance at 0x7fa5fe2a45a0>,4,22,[6 5],5,5,27,0,5
1,<environment.Job instance at 0x7fa5fe2d4af0>,13,16,[4 6],14,19,35,5,14
1,<environment.Job instance at 0x7fa5fe2d4cd0>,17,3,[2 9],18,27,30,9,18
1,<environment.Job instance at 0x7fa5fe2a4b90>,16,3,[3 6],17,30,33,13,23
1,<environment.Job instance at 0x7fa5fe2d4910>,18,16,[2 7],19,33,49,14,24
1,<environment.Job instance at 0x7fa5fe2d4690>,20,16,[7 3],21,35,51,14,24
1,<environment.Job instance at 0x7fa5fe2d47d0>,21,12,[8 4],22,49,61,27,32
1,<environment.Job instance at 0x7fa5fe2d4230>,22,16,[1 8],23,51,67,28,39
1,<environment.Job instance at 0x7fa5fe48b2d0>,1,23,[2 6],2,61,84,59,57
1,<environment.Job instance at 0x7fa5fe272320>,23,28,[4 6],24,67,95,43,66
1,<environment.Job instance at 0x7fa5fe263e60>,1,14,[4 8],2,2,16,0,2
1,<environment.Job instance at 0x7fa5fd0651e0>,3,12,[1 6],4,4,16,0,4
1,<environment.Job instance at 0x7fa5fe272320>,5,14,[8 4],6,16,30,10,6
1,<environment.Job instance at 0x7fa5fdf3ec80>,4,19,[ 5 10],5,16,35,11,6
1,<environment.Job instance at 0x7fa5fd05a050>,7,1,[ 1 14],8,35,36,27,9
1,<environment.Job instance at 0x7fa5fe290aa0>,9,2,[3 6],10,36,38,26,10
1,<environment.Job instance at 0x7fa5fe28c730>,18,13,[8 4],19,36,49,17,21
1,<environment.Job instance at 0x7fa5fe28cc80>,24,13,[8 2],25,49,62,24,34
1,<environment.Job instance at 0x7fa5fe263690>,0,27,[6 1],1,38,65,37,36
1,<environment.Job instance at 0x7fa5fe290780>,11,15,[9 2],12,62,77,50,51
1,<environment.Job instance at 0x7fa5fe28c820>,29,20,[8 1],30,77,97,47,68
1,<environment.Job instance at 0x7fa5fe28c0a0>,33,14,[5 1],34,68,82,34,68
1,<environment.Job instance at 0x7fa5fde1ea50>,0,2,[14  3],1,3,5,2,3
1,<environment.Job instance at 0x7fa5fe28ca50>,2,1,[5 9],3,5,6,2,3
1,<environment.Job instance at 0x7fa5fe28c0a0>,3,14,[ 1 10],4,6,20,2,4
1,<environment.Job instance at 0x7fa5fde1ed70>,6,19,[8 3],7,7,26,0,7
1,<environment.Job instance at 0x7fa5fde1e730>,7,12,[14  1],8,26,38,18,13
1,<environment.Job instance at 0x7fa5fde1e410>,11,17,[8 4],12,38,55,26,26
1,<environment.Job instance at 0x7fa5fde1ef50>,13,12,[3 8],14,38,50,24,32
1,<environment.Job instance at 0x7fa5fde1e280>,15,14,[8 5],16,55,69,39,40
1,<environment.Job instance at 0x7fa5fde1ee60>,17,19,[6 4],18,50,69,32,40
1,<environment.Job instance at 0x7fa5fde1ef00>,18,16,[1 6],19,50,66,31,40
1,<environment.Job instance at 0x7fa5fd97af00>,24,16,[5 4],25,69,85,44,56
1,<environment.Job instance at 0x7fa5fd97a460>,35,12,[2 6],36,69,81,33,58
1,<environment.Job instance at 0x7fa5fd97a9b0>,39,18,[2 5],40,69,87,29,58
1,<environment.Job instance at 0x7fa5fe6e73c0>,0,3,[9 4],1,1,4,0,1
1,<environment.Job instance at 0x7fa5fe6e7550>,1,13,[8 2],2,4,17,2,2
1,<environment.Job instance at 0x7fa5fe6e7eb0>,2,13,[ 4 14],3,17,30,14,3
1,<environment.Job instance at 0x7fa5fe63a320>,3,2,[8 2],4,30,32,26,4
1,<environment.Job instance at 0x7fa5fd26a730>,6,3,[2 7],7,8,11,1,8
1,<environment.Job instance at 0x7fa5fe6e7fa0>,5,15,[5 1],6,9,24,3,9
1,<environment.Job instance at 0x7fa5fd26a0a0>,10,15,[10  4],11,32,47,21,18
1,<environment.Job instance at 0x7fa5fd386230>,4,16,[4 6],5,30,46,25,18
1,<environment.Job instance at 0x7fa5fd6578c0>,18,13,[5 4],19,46,59,27,30
1,<environment.Job instance at 0x7fa5fd26aaf0>,7,1,[ 4 12],8,59,60,51,31
1,<environment.Job instance at 0x7fa5fe74a1e0>,20,15,[2 6],21,60,75,39,50
1,<environment.Job instance at 0x7fa5fd657460>,17,20,[4 8],18,60,80,42,51
1,<environment.Job instance at 0x7fa5fe74a4b0>,22,18,[10  2],23,75,93,52,64
1,<environment.Job instance at 0x7f01dbc34230>,0,2,[6 2],1,1,3,0,1
1,<environment.Job instance at 0x7f01dbc341e0>,1,15,[4 5],2,2,17,0,2
1,<environment.Job instance at 0x7f01d24bc500>,2,18,[ 3 10],3,3,21,0,3
1,<environment.Job instance at 0x7f01d24bc640>,3,13,[3 8],4,21,34,17,5
1,<environment.Job instance at 0x7f01d24bc960>,7,12,[7 2],8,17,29,9,8
1,<environment.Job instance at 0x7f01d24bc9b0>,11,1,[8 4],12,29,30,17,12
1,<environment.Job instance at 0x7f01d24bc780>,9,17,[8 1],10,30,47,20,18
1,<environment.Job instance at 0x7f01d24bccd0>,13,15,[4 5],14,30,45,16,18
1,<environment.Job instance at 0x7f01d24bce60>,15,20,[3 5],16,34,54,18,25
1,<environment.Job instance at 0x7f01d24bcf00>,16,19,[ 3 10],17,47,66,30,37
1,<environment.Job instance at 0x7f01d24be050>,18,18,[3 6],19,66,84,47,55
1,<environment.Job instance at 0x7f01d24bcd20>,19,21,[8 5],20,55,76,35,55
1,<environment.Job instance at 0x7f01d24bcbe0>,12,13,[ 2 12],13,84,97,71,68
1,<environment.Job instance at 0x7f01d24be320>,22,3,[4 6],23,76,79,53,68
1,<environment.Job instance at 0x7f01d24c4370>,1,17,[2 7],2,2,19,0,2
1,<environment.Job instance at 0x7f01d24be370>,2,2,[10  3],3,3,5,0,3
1,<environment.Job instance at 0x7f01d2b519b0>,8,3,[9 5],9,9,12,0,9
1,<environment.Job instance at 0x7f01d2b51910>,7,17,[7 4],8,12,29,4,10
1,<environment.Job instance at 0x7f01d2b51550>,12,3,[2 8],13,19,22,6,13
1,<environment.Job instance at 0x7f01d2b517d0>,6,12,[ 3 14],7,29,41,22,15
1,<environment.Job instance at 0x7f01d2b51320>,14,22,[5 8],15,41,63,26,34
1,<environment.Job instance at 0x7f01d2b51870>,19,14,[6 1],20,34,48,14,34
1,<environment.Job instance at 0x7f01d2b51140>,20,22,[2 8],21,63,85,42,56
1,<environment.Job instance at 0x7f01d2b94190>,23,17,[ 2 10],24,85,102,61,73
1,<environment.Job instance at 0x7f01d2b941e0>,24,14,[6 5],25,73,87,48,73
1,<environment.Job instance at 0x7f01d2b943c0>,25,18,[5 3],26,87,105,61,76
1,<environment.Job instance at 0x7f01d1bc30a0>,1,17,[3 8],2,2,19,0,2
1,<environment.Job instance at 0x7f01d2b94730>,2,16,[3 9],3,19,35,16,7
1,<environment.Job instance at 0x7f01d1bc3dc0>,5,2,[ 1 14],6,35,37,29,8
1,<environment.Job instance at 0x7f01d1bc30f0>,9,3,[ 5 11],10,37,40,27,11
1,<environment.Job instance at 0x7f01d1bc36e0>,10,22,[11  3],11,11,33,0,11
1,<environment.Job instance at 0x7f01d1bc3b90>,4,14,[ 4 10],5,40,54,35,26
1,<environment.Job instance at 0x7f01d1bc3f00>,6,16,[12  1],7,54,70,47,42
1,<environment.Job instance at 0x7f01d1bc39b0>,13,16,[3 5],14,42,58,28,42
1,<environment.Job instance at 0x7f01d1bc3a00>,8,13,[1 9],9,58,71,49,46
1,<environment.Job instance at 0x7f01d1bc3460>,0,2,[14  2],1,70,72,69,49
1,<environment.Job instance at 0x7f01d1bc37d0>,12,18,[4 6],13,72,90,59,61
1,<environment.Job instance at 0x7f01d1bcc730>,15,14,[5 3],16,72,86,56,61
1,<environment.Job instance at 0x7f01d1bccc80>,22,14,[4 7],23,86,100,63,71
1,<environment.Job instance at 0x7f01d1bcc1e0>,2,16,[7 4],3,3,19,0,3
1,<environment.Job instance at 0x7f01d2201f00>,5,16,[7 4],6,6,22,0,6
1,<environment.Job instance at 0x7f01d22015a0>,6,3,[3 9],7,19,22,12,8
1,<environment.Job instance at 0x7f01d2201550>,3,16,[9 4],4,22,38,18,9
1,<environment.Job instance at 0x7f01d2201280>,10,17,[2 6],11,22,39,11,11
1,<environment.Job instance at 0x7f01d2201050>,13,2,[ 5 11],14,39,41,25,14
1,<environment.Job instance at 0x7f01d21b7d20>,14,1,[10  4],15,38,39,23,15
1,<environment.Job instance at 0x7f01d21b4dc0>,12,17,[8 5],13,41,58,28,29
1,<environment.Job instance at 0x7f01d21b4460>,16,12,[ 3 10],17,41,53,24,29
1,<environment.Job instance at 0x7f01d21b7550>,17,3,[8 3],18,58,61,40,32
1,<environment.Job instance at 0x7f01d21b7140>,18,17,[1 7],19,53,70,34,41
1,<environment.Job instance at 0x7f01d254d4b0>,19,15,[5 7],20,61,76,41,47
1,<environment.Job instance at 0x7f01d254d230>,20,12,[6 2],21,70,82,49,53
1,<environment.Job instance at 0x7f01d254d910>,21,2,[5 1],22,53,55,31,53
1,<environment.Job instance at 0x7f01d254d8c0>,22,23,[1 7],23,76,99,53,70
1,<environment.Job instance at 0x7f01d263ef50>,24,12,[1 8],25,82,94,57,70
1,<environment.Job instance at 0x7f01d21b7dc0>,15,13,[11  1],16,94,107,78,78
1,<environment.Job instance at 0x7f01db5e0b40>,0,14,[7 1],1,1,15,0,1
1,<environment.Job instance at 0x7f01db5e0f00>,1,25,[5 1],2,2,27,0,2
1,<environment.Job instance at 0x7f01d2b3bbe0>,2,17,[4 8],3,15,32,12,3
1,<environment.Job instance at 0x7f01d2b3be60>,7,3,[5 8],8,32,35,24,10
1,<environment.Job instance at 0x7f01d2b3b3c0>,9,3,[ 2 14],10,35,38,25,13
1,<environment.Job instance at 0x7f01d2b2e640>,13,13,[ 4 10],14,38,51,24,22
1,<environment.Job instance at 0x7f01d2b2e5f0>,12,22,[4 8],13,51,73,38,44
1,<environment.Job instance at 0x7f01d2b2e910>,15,24,[6 1],16,50,74,34,50
1,<environment.Job instance at 0x7f01d2b2e230>,16,13,[2 5],17,51,64,34,50
1,<environment.Job instance at 0x7f01d2b2eaa0>,20,19,[1 8],21,73,92,52,63
1,<environment.Job instance at 0x7f01d2b2ea50>,21,12,[4 7],22,74,86,52,63
1,<environment.Job instance at 0x7f01d2b3b0f0>,14,16,[2 8],15,92,108,77,79
1,<environment.Job instance at 0x7f01d2b2ea00>,23,18,[11  4],24,86,104,62,79
1,<environment.Job instance at 0x7f01d1bc54b0>,0,13,[14  4],1,1,14,0,1
1,<environment.Job instance at 0x7f01d1bc51e0>,1,17,[2 6],2,14,31,12,2
1,<environment.Job instance at 0x7f01d2215f50>,4,12,[ 1 10],5,31,43,26,15
1,<environment.Job instance at 0x7f01d2215140>,6,14,[9 5],7,15,29,8,15
1,<environment.Job instance at 0x7f01d2215910>,11,15,[5 1],12,29,44,17,16
1,<environment.Job instance at 0x7f01d2215410>,12,16,[3 9],13,43,59,30,30
1,<environment.Job instance at 0x7f01d2215230>,14,18,[6 3],15,30,48,15,30
1,<environment.Job instance at 0x7f01d2215460>,15,18,[9 2],16,48,66,32,37
1,<environment.Job instance at 0x7f01d22153c0>,16,12,[4 7],17,59,71,42,42
1,<environment.Job instance at 0x7f01d1bdc6e0>,17,12,[3 9],18,71,83,53,54
1,<environment.Job instance at 0x7f01d1bdcc30>,20,16,[2 7],21,83,99,62,70
1,<environment.Job instance at 0x7f01d1bdc280>,21,20,[7 4],22,70,90,48,70
1,<environment.Job instance at 0x7f01d1bb0be0>,0,21,[5 6],1,1,22,0,1
1,<environment.Job instance at 0x7f01d1bb00a0>,1,12,[5 6],2,2,14,0,2
1,<environment.Job instance at 0x7f01d23215a0>,2,1,[ 4 10],3,22,23,19,4
1,<environment.Job instance at 0x7f01d1b22640>,7,16,[4 5],8,14,30,6,8
1,<environment.Job instance at 0x7f01d1b22780>,9,1,[1 5],10,23,24,13,13
1,<environment.Job instance at 0x7f01d1b229b0>,13,1,[11  1],14,24,25,10,14
1,<environment.Job instance at 0x7f01d1b22910>,11,22,[6 4],12,25,47,13,18
1,<environment.Job instance at 0x7f01d1b22d20>,15,14,[8 2],16,30,44,14,18
1,<environment.Job instance at 0x7f01d1b22af0>,18,18,[8 2],19,44,62,25,33
1,<environment.Job instance at 0x7f01d1b22f00>,19,18,[6 2],20,47,65,27,36
1,<environment.Job instance at 0x7f01d1b22410>,4,24,[4 8],5,62,86,57,57
1,<environment.Job instance at 0x7f01d1b22b90>,14,17,[2 5],15,62,79,47,60
1,<environment.Job instance at 0x7f01d1b22fa0>,20,21,[9 1],21,70,91,49,70
1,<environment.Job instance at 0x7f01d1b1e410>,25,15,[6 5],26,86,101,60,72
1,<environment.Job instance at 0x7f01d1b1e5f0>,28,17,[7 3],29,91,108,62,79
1,<environment.Job instance at 0x7f01d1a97780>,0,14,[6 4],1,1,15,0,1
1,<environment.Job instance at 0x7f01d22fa2d0>,3,3,[1 6],4,4,7,0,4
1,<environment.Job instance at 0x7f01d22fad20>,6,14,[7 5],7,7,21,0,7
1,<environment.Job instance at 0x7f01d22faaa0>,7,12,[6 1],8,15,27,7,8
1,<environment.Job instance at 0x7f01d22fab40>,8,2,[ 3 10],9,21,23,12,9
1,<environment.Job instance at 0x7f01d22fa4b0>,9,3,[5 1],10,21,24,11,10
1,<environment.Job instance at 0x7f01d28cb500>,10,2,[11  4],11,27,29,16,11
1,<environment.Job instance at 0x7f01d28cb190>,19,12,[8 2],20,29,41,9,20
1,<environment.Job instance at 0x7f01d28cb4b0>,20,28,[ 1 12],21,29,57,8,28
1,<environment.Job instance at 0x7f01d28cb0a0>,21,15,[13  1],22,41,56,19,28
1,<environment.Job instance at 0x7f01d28cbf50>,22,2,[ 5 12],23,57,59,34,30
1,<environment.Job instance at 0x7f01d28cb9b0>,23,16,[5 5],24,59,75,35,46
1,<environment.Job instance at 0x7f01d28cbaf0>,24,12,[ 4 13],25,75,87,50,58
1,<environment.Job instance at 0x7f01d28cb3c0>,13,17,[14  3],14,87,104,73,77
1,<environment.Job instance at 0x7f01d16df1e0>,3,2,[2 9],4,4,6,0,4
1,<environment.Job instance at 0x7f01d16df410>,4,2,[13  3],5,5,7,0,5
1,<environment.Job instance at 0x7f01d23f08c0>,5,1,[8 1],6,7,8,1,6
1,<environment.Job instance at 0x7f01d2452be0>,7,12,[10  3],8,8,20,0,8
1,<environment.Job instance at 0x7f01d2aac550>,8,14,[5 4],9,9,23,0,9
1,<environment.Job instance at 0x7f01d23e6c30>,9,15,[10  1],10,20,35,10,10
1,<environment.Job instance at 0x7f01d1c73d70>,13,2,[ 5 13],14,23,25,9,14
1,<environment.Job instance at 0x7f01d241fd70>,16,12,[3 5],17,25,37,8,19
1,<environment.Job instance at 0x7f01d1ed4690>,0,17,[7 2],1,35,52,34,25
1,<environment.Job instance at 0x7f01d23e6870>,12,17,[2 6],13,26,43,13,26
1,<environment.Job instance at 0x7f01d241f3c0>,17,21,[9 2],18,52,73,34,44
1,<environment.Job instance at 0x7f01d241faa0>,18,22,[ 3 12],19,44,66,25,44
1,<environment.Job instance at 0x7f01d1cd1af0>,21,17,[ 2 12],22,66,83,44,54
1,<environment.Job instance at 0x7f01d1cd1870>,24,13,[7 5],25,83,96,58,67
1,<environment.Job instance at 0x7f01d309a870>,25,13,[1 8],26,83,96,57,67
1,<environment.Job instance at 0x7f01d30bc280>,1,23,[5 5],2,2,25,0,2
1,<environment.Job instance at 0x7f01d309acd0>,2,1,[12  2],3,25,26,22,3
1,<environment.Job instance at 0x7f01d309aa00>,4,15,[10  3],5,5,20,0,5
1,<environment.Job instance at 0x7f01d304b0f0>,3,15,[14  2],4,26,41,22,12
1,<environment.Job instance at 0x7f01d304ba00>,12,2,[3 7],13,20,22,7,13
1,<environment.Job instance at 0x7f01d2b46140>,16,12,[9 1],17,41,53,24,24
1,<environment.Job instance at 0x7f01d1a5daa0>,0,26,[1 6],1,24,50,23,24
1,<environment.Job instance at 0x7f01d2a9d9b0>,18,2,[4 7],19,41,43,22,26
1,<environment.Job instance at 0x7f01d303c820>,15,22,[5 5],16,43,65,27,36
1,<environment.Job instance at 0x7f01d2b46dc0>,14,18,[10  1],15,53,71,38,43
1,<environment.Job instance at 0x7f01d2db5eb0>,23,21,[4 7],24,65,86,41,57
1,<environment.Job instance at 0x7f01d2f44b90>,20,20,[3 8],21,71,91,50,62
1,<environment.Job instance at 0x7f01d2eb8b90>,26,1,[ 2 11],27,91,92,64,63
1,<environment.Job instance at 0x7f01d2eb8050>,2,14,[ 2 10],3,3,17,0,3
1,<environment.Job instance at 0x7f01d2e7a640>,4,16,[ 3 10],5,17,33,12,5
1,<environment.Job instance at 0x7f01d2e7a4b0>,5,18,[5 5],6,6,24,0,6
1,<environment.Job instance at 0x7f01d2573a00>,9,2,[ 3 10],10,33,35,23,10
1,<environment.Job instance at 0x7f01d2e7aa50>,6,16,[5 5],7,24,40,17,13
1,<environment.Job instance at 0x7f01d2eb8b90>,7,17,[ 3 10],8,35,52,27,23
1,<environment.Job instance at 0x7f01d1bdce60>,12,19,[4 5],13,40,59,27,30
1,<environment.Job instance at 0x7f01d1c30640>,15,12,[2 6],16,52,64,36,35
1,<environment.Job instance at 0x7f01d1c30320>,18,13,[5 5],19,59,72,40,43
1,<environment.Job instance at 0x7f01d1c30af0>,20,16,[8 3],21,52,68,31,43
1,<environment.Job instance at 0x7f01d1b36730>,10,18,[1 5],11,64,82,53,54
1,<environment.Job instance at 0x7f01d29501e0>,23,21,[8 2],24,68,89,44,60
1,<environment.Job instance at 0x7f01d2950050>,27,18,[5 5],28,72,90,44,61
1,<environment.Job instance at 0x7f01d25c6410>,31,14,[5 1],32,89,103,57,74
1,<environment.Job instance at 0x7f01d1a1a960>,8,13,[3 9],9,89,102,80,75
1,<environment.Job instance at 0x7f01d2af0c30>,35,18,[7 1],36,90,108,54,79
1,<environment.Job instance at 0x7f01d179fe10>,0,13,[4 5],1,1,14,0,1
1,<environment.Job instance at 0x7f01d2af0820>,1,12,[ 4 10],2,2,14,0,2
1,<environment.Job instance at 0x7f01d2af0c30>,3,16,[ 2 10],4,14,30,10,4
1,<environment.Job instance at 0x7f01d179fdc0>,5,14,[5 9],6,30,44,24,15
1,<environment.Job instance at 0x7f01d179f500>,9,25,[6 3],10,16,41,6,16
1,<environment.Job instance at 0x7f01d179faf0>,11,13,[8 2],12,41,54,29,30
1,<environment.Job instance at 0x7f01d179fc80>,8,18,[ 5 10],9,44,62,35,33
1,<environment.Job instance at 0x7f01d1901280>,21,16,[7 2],22,54,70,32,41
1,<environment.Job instance at 0x7f01d1901af0>,28,14,[10  2],29,70,84,41,55
1,<environment.Job instance at 0x7f01d19019b0>,30,20,[1 8],31,62,82,31,55
1,<environment.Job instance at 0x7f01d179fd70>,12,12,[13  4],13,84,96,71,67
1,<environment.Job instance at 0x7f01d2e31f50>,0,2,[ 1 13],1,1,3,0,1
1,<environment.Job instance at 0x7f01d2e315a0>,4,22,[8 3],5,5,27,0,5
1,<environment.Job instance at 0x7f01d2e31550>,5,2,[8 2],6,27,29,21,6
1,<environment.Job instance at 0x7f01d2e31e10>,1,17,[ 1 10],2,16,33,14,16
1,<environment.Job instance at 0x7f01d2e31500>,8,21,[8 2],9,29,50,20,21
1,<environment.Job instance at 0x7f01d2e311e0>,13,14,[5 5],14,33,47,19,21
1,<environment.Job instance at 0x7f01d2e31730>,11,18,[1 6],12,33,51,21,24
1,<environment.Job instance at 0x7f01d1fae0f0>,18,15,[2 5],19,47,62,28,33
1,<environment.Job instance at 0x7f01d1fae5a0>,19,18,[9 5],20,51,69,31,40
1,<environment.Job instance at 0x7f01d249d0a0>,23,16,[1 9],24,62,78,38,49
1,<environment.Job instance at 0x7f01d249d2d0>,24,17,[2 6],25,69,86,44,57
1,<environment.Job instance at 0x7f01d249da50>,27,22,[5 3],28,78,100,50,71
1,<environment.Job instance at 0x7f01d303bcd0>,36,18,[10  2],37,86,104,49,75
1,<environment.Job instance at 0x7f01d220a050>,1,13,[13  4],2,3,16,1,3
1,<environment.Job instance at 0x7f01d22e9730>,2,17,[2 5],3,3,20,0,3
1,<environment.Job instance at 0x7f01d303b280>,3,17,[3 6],4,16,33,12,4
1,<environment.Job instance at 0x7f01d2c44af0>,4,13,[12  4],5,20,33,15,5
1,<environment.Job instance at 0x7f01d303b460>,8,12,[6 3],9,33,45,24,16
1,<environment.Job instance at 0x7f01d2c44b40>,11,12,[4 6],12,33,45,21,16
1,<environment.Job instance at 0x7f01d2c44dc0>,12,13,[2 6],13,33,46,20,17
1,<environment.Job instance at 0x7f01d2215640>,14,15,[8 4],15,45,60,30,31
1,<environment.Job instance at 0x7f01d2215dc0>,21,13,[3 9],22,46,59,24,31
1,<environment.Job instance at 0x7f01d2365280>,28,18,[9 5],29,60,78,31,49
1,<environment.Job instance at 0x7f01d23653c0>,30,20,[9 5],31,78,98,47,69
1,<environment.Job instance at 0x7f01d23892d0>,0,13,[4 5],1,1,14,0,1
1,<environment.Job instance at 0x7f01d27980a0>,3,15,[5 5],4,4,19,0,4
1,<environment.Job instance at 0x7f01d2798cd0>,4,22,[6 5],5,5,27,0,5
1,<environment.Job instance at 0x7f01d21a1b90>,13,16,[4 6],14,19,35,5,15
1,<environment.Job instance at 0x7f01d21a1f00>,15,19,[ 4 10],16,35,54,19,25
1,<environment.Job instance at 0x7f01d2362780>,18,16,[2 7],19,54,70,35,41
1,<environment.Job instance at 0x7f01d23625f0>,20,16,[7 3],21,41,57,20,41
1,<environment.Job instance at 0x7f01d2362c80>,21,12,[8 4],22,57,69,35,41
1,<environment.Job instance at 0x7f01d2362280>,22,16,[1 8],23,69,85,46,56
1,<environment.Job instance at 0x7f01d2362730>,25,20,[9 3],26,70,90,44,61
1,<environment.Job instance at 0x7f01d2db7410>,30,17,[5 3],31,70,87,39,61
1,<environment.Job instance at 0x7f01d2558b40>,31,12,[2 7],32,87,99,55,70
1,<environment.Job instance at 0x7f01d1b6ecd0>,35,13,[4 6],36,90,103,54,74
1,<environment.Job instance at 0x7f01d2e76cd0>,1,15,[9 2],2,2,17,0,2
1,<environment.Job instance at 0x7f01d2e76050>,0,3,[ 2 14],1,17,20,16,3
1,<environment.Job instance at 0x7f01d2e76640>,7,3,[10  4],8,20,23,12,8
1,<environment.Job instance at 0x7f01d2e76230>,8,13,[8 4],9,23,36,14,13
1,<environment.Job instance at 0x7f01d2e76fa0>,13,3,[4 9],14,14,17,0,14
1,<environment.Job instance at 0x7f01d2ba13c0>,14,13,[8 2],15,36,49,21,20
1,<environment.Job instance at 0x7f01d2e76d20>,3,18,[ 5 11],4,36,54,32,36
1,<environment.Job instance at 0x7f01d2ba1b90>,19,20,[8 1],20,49,69,29,40
1,<environment.Job instance at 0x7f01d21980f0>,23,14,[5 1],24,54,68,30,40
1,<environment.Job instance at 0x7f01d2198eb0>,24,17,[9 2],25,69,86,44,57
1,<environment.Job instance at 0x7f01d2198460>,20,19,[ 5 13],21,68,87,47,58
1,<environment.Job instance at 0x7f01d2198280>,30,18,[8 1],31,86,104,55,75
1,<environment.Job instance at 0x7f01d2198dc0>,35,19,[2 6],36,87,106,51,77
1,<environment.Job instance at 0x7f01d2198230>,36,18,[3 5],37,87,105,50,77
1,<environment.Job instance at 0x7f01d2b71d70>,0,1,[7 2],1,1,2,0,1
1,<environment.Job instance at 0x7f01d16e4460>,4,16,[5 4],5,5,21,0,5
1,<environment.Job instance at 0x7f01d16e45a0>,5,22,[6 4],6,6,28,0,6
1,<environment.Job instance at 0x7f01d16e4730>,6,2,[5 7],7,21,23,14,7
1,<environment.Job instance at 0x7f01d16e4af0>,12,14,[7 2],13,23,37,10,14
1,<environment.Job instance at 0x7f01d16e4c80>,15,12,[2 6],16,23,35,7,18
1,<environment.Job instance at 0x7f01d16fa140>,19,18,[2 5],20,28,46,8,20
1,<environment.Job instance at 0x7f01d16fa4b0>,24,18,[3 9],25,37,55,12,26
1,<environment.Job instance at 0x7f01d16fa6e0>,26,16,[1 7],27,55,71,28,42
1,<environment.Job instance at 0x7f01d16fa780>,30,17,[5 7],31,55,72,24,43
1,<environment.Job instance at 0x7f01d16fa820>,31,17,[6 2],32,71,88,39,59
1,<environment.Job instance at 0x7f01d16faa00>,34,15,[8 2],35,72,87,37,60
1,<environment.Job instance at 0x7f01d16fac80>,38,16,[10  3],39,88,104,49,75
1,<environment.Job instance at 0x7f01d16eeaa0>,0,23,[ 5 10],1,1,24,0,1
1,<environment.Job instance at 0x7f01d16fae60>,2,12,[2 9],3,24,36,21,7
1,<environment.Job instance at 0x7f01d2ac2190>,6,1,[ 1 14],7,36,37,29,8
1,<environment.Job instance at 0x7f01d2ac20f0>,5,13,[10  3],6,10,23,4,10
1,<environment.Job instance at 0x7f01d2ac2c80>,9,3,[8 2],10,23,26,13,10
1,<environment.Job instance at 0x7f01d2ac2f50>,4,3,[ 5 13],5,37,40,32,13
1,<environment.Job instance at 0x7f01d2aead20>,10,18,[1 9],11,40,58,29,29
1,<environment.Job instance at 0x7f01d2aea870>,15,18,[10  5],16,40,58,24,29
1,<environment.Job instance at 0x7f01d2aeaa50>,11,16,[13  2],12,58,74,46,45
1,<environment.Job instance at 0x7f01d2ac25f0>,8,14,[1 7],9,58,72,49,45
1,<environment.Job instance at 0x7f01d24a7550>,20,15,[ 4 10],21,74,89,53,60
1,<environment.Job instance at 0x7f01d1a17f00>,21,12,[ 1 10],22,89,101,67,72
1,<environment.Job instance at 0x7f01d2aea0a0>,19,27,[7 3],20,76,103,56,76
1,<environment.Job instance at 0x7f01d1b18500>,0,12,[10  3],1,1,13,0,1
1,<environment.Job instance at 0x7f01d1b18f00>,1,13,[10  4],2,13,26,11,2
1,<environment.Job instance at 0x7f01d1b18690>,2,20,[ 4 10],3,3,23,0,3
1,<environment.Job instance at 0x7f01d1b18fa0>,5,14,[ 4 10],6,23,37,17,8
1,<environment.Job instance at 0x7f01d1b18e10>,3,1,[ 3 10],4,37,38,33,11
1,<environment.Job instance at 0x7f01d1b18b90>,6,2,[ 1 11],7,38,40,31,11
1,<environment.Job instance at 0x7f01d1b188c0>,4,16,[6 1],5,26,42,21,13
1,<environment.Job instance at 0x7f01dbb450f0>,13,12,[3 5],14,40,52,26,23
1,<environment.Job instance at 0x7f01dbb45230>,7,14,[11  4],8,42,56,34,27
1,<environment.Job instance at 0x7f01dbb45640>,18,16,[4 9],19,52,68,33,39
1,<environment.Job instance at 0x7f01dbb45780>,17,20,[9 5],18,56,76,38,50
1,<environment.Job instance at 0x7f01dbb45410>,20,14,[5 4],21,68,82,47,53
1,<environment.Job instance at 0x7f01dbb45fa0>,21,15,[6 4],22,76,91,54,62
1,<environment.Job instance at 0x7f01d2bed1e0>,28,17,[1 6],29,68,85,39,64
1,<environment.Job instance at 0x7f01d2bed550>,29,13,[9 4],30,85,98,55,69
1,<environment.Job instance at 0x7f01d2bed910>,30,13,[4 8],31,91,104,60,76
1,<environment.Job instance at 0x7f01d21b5690>,0,23,[4 5],1,1,24,0,1
1,<environment.Job instance at 0x7f01d2bed320>,2,2,[10  4],3,3,5,0,3
1,<environment.Job instance at 0x7f01d2b26d20>,8,22,[2 7],9,9,31,0,9
1,<environment.Job instance at 0x7f01d21ca960>,9,13,[9 5],10,24,37,14,10
1,<environment.Job instance at 0x7f01d21cafa0>,10,15,[ 4 10],11,31,46,20,17
1,<environment.Job instance at 0x7f01d21cab90>,15,3,[6 5],16,37,40,21,17
1,<environment.Job instance at 0x7f01d21ca320>,13,18,[ 2 10],14,46,64,32,35
1,<environment.Job instance at 0x7f01d1b5e320>,17,3,[9 1],18,40,43,22,35
1,<environment.Job instance at 0x7f01d22697d0>,18,15,[3 9],19,64,79,45,50
1,<environment.Job instance at 0x7f01d1b795f0>,20,12,[5 4],21,50,62,29,50
1,<environment.Job instance at 0x7f01d1b792d0>,22,13,[8 3],23,62,75,39,50
1,<environment.Job instance at 0x7f01d2f035f0>,29,12,[6 5],30,75,87,45,58
1,<environment.Job instance at 0x7f01d22fab40>,30,21,[1 7],31,79,100,48,71
1,<environment.Job instance at 0x7f01d1895af0>,31,3,[7 3],32,79,82,47,71
1,<environment.Job instance at 0x7f01d21ca8c0>,14,18,[13  2],15,87,105,72,77
1,<environment.Job instance at 0x7fb1eac03230>,0,2,[6 2],1,1,3,0,1
1,<environment.Job instance at 0x7fb1eac031e0>,1,15,[4 5],2,2,17,0,2
1,<environment.Job instance at 0x7fb1e148b500>,2,18,[ 3 10],3,3,21,0,3
1,<environment.Job instance at 0x7fb1e148b640>,3,13,[3 8],4,21,34,17,5
1,<environment.Job instance at 0x7fb1e148b960>,7,12,[7 2],8,17,29,9,9
1,<environment.Job instance at 0x7fb1e148b910>,10,14,[1 6],11,29,43,18,15
1,<environment.Job instance at 0x7fb1e148bbe0>,11,1,[8 4],12,34,35,22,15
1,<environment.Job instance at 0x7fb1e148bb40>,9,17,[8 1],10,35,52,25,23
1,<environment.Job instance at 0x7fb1e148bd20>,13,15,[4 5],14,34,49,20,23
1,<environment.Job instance at 0x7fb1e148bf50>,15,20,[3 5],16,43,63,27,34
1,<environment.Job instance at 0x7fb1e148baa0>,16,19,[ 3 10],17,52,71,35,42
1,<environment.Job instance at 0x7fb1e148be60>,18,18,[3 6],19,71,89,52,60
1,<environment.Job instance at 0x7fb1e148d190>,19,21,[8 5],20,63,84,43,60
1,<environment.Job instance at 0x7fb1e148bc80>,12,13,[ 2 12],13,89,102,76,73
1,<environment.Job instance at 0x7fb1e148d370>,22,3,[4 6],23,84,87,61,74
1,<environment.Job instance at 0x7fb1e148d2d0>,21,22,[8 2],22,87,109,65,87
1,<environment.Job instance at 0x7fb1e148d460>,25,16,[5 3],26,102,118,76,89
1,<environment.Job instance at 0x7fb1e0f0e9b0>,0,2,[5 5],1,1,3,0,1
1,<environment.Job instance at 0x7fb1e148d140>,1,14,[12  2],2,3,17,1,2
1,<environment.Job instance at 0x7fb1e15f4be0>,2,3,[2 8],3,3,6,0,3
1,<environment.Job instance at 0x7fb1e15d8280>,5,24,[2 5],6,6,30,0,6
1,<environment.Job instance at 0x7fb1e15d87d0>,7,1,[5 8],8,17,18,9,8
1,<environment.Job instance at 0x7fb1e15d8b40>,8,2,[10  4],9,18,20,9,9
1,<environment.Job instance at 0x7fb1e15d8eb0>,9,14,[6 1],10,20,34,10,10
1,<environment.Job instance at 0x7fb1e15d8640>,10,22,[2 8],11,20,42,9,13
1,<environment.Job instance at 0x7fb1e15d8aa0>,16,16,[7 3],17,30,46,13,17
1,<environment.Job instance at 0x7fb1ea84f7d0>,17,13,[6 5],18,42,55,24,26
1,<environment.Job instance at 0x7fb1e15d86e0>,14,14,[6 5],15,46,60,31,31
1,<environment.Job instance at 0x7fb1e10180f0>,20,13,[1 7],21,55,68,34,40
1,<environment.Job instance at 0x7fb1e0bd4320>,22,14,[3 7],23,60,74,37,45
1,<environment.Job instance at 0x7fb1e0e98c30>,23,12,[6 5],24,68,80,44,51
1,<environment.Job instance at 0x7fb1e15d85a0>,18,15,[9 4],19,74,89,55,62
1,<environment.Job instance at 0x7fb1e0f60b90>,26,3,[1 6],27,80,83,53,62
1,<environment.Job instance at 0x7fb1e0b62e60>,27,12,[6 1],28,62,74,34,62
1,<environment.Job instance at 0x7fb1e0db0690>,28,14,[9 1],29,89,103,60,74
1,<environment.Job instance at 0x7fb1e15d8af0>,15,18,[5 3],16,80,98,64,76
1,<environment.Job instance at 0x7fb1e0f60aa0>,25,17,[4 8],26,98,115,72,86
1,<environment.Job instance at 0x7fb1e0cd8b40>,0,1,[7 4],1,1,2,0,1
1,<environment.Job instance at 0x7fb1e0cd8dc0>,1,13,[ 4 10],2,2,15,0,2
1,<environment.Job instance at 0x7fb1e0cd8a50>,2,14,[4 7],3,15,29,12,3
1,<environment.Job instance at 0x7fb1e0cd8370>,7,22,[1 7],8,15,37,7,8
1,<environment.Job instance at 0x7fb1e0cd8cd0>,5,19,[5 1],6,9,28,3,9
1,<environment.Job instance at 0x7fb1e0cd87d0>,6,2,[8 2],7,29,31,22,13
1,<environment.Job instance at 0x7fb1e0cd84b0>,4,12,[ 2 11],5,37,49,32,20
1,<environment.Job instance at 0x7fb1e0cd8c30>,13,2,[ 1 10],14,49,51,35,22
1,<environment.Job instance at 0x7fb1e0cd8fa0>,15,3,[8 2],16,31,34,15,22
1,<environment.Job instance at 0x7fb1e0cd88c0>,14,2,[ 1 11],15,51,53,36,24
1,<environment.Job instance at 0x7fb1e0de30a0>,16,14,[8 4],17,34,48,17,26
1,<environment.Job instance at 0x7fb1e0de3a00>,18,17,[10  5],19,53,70,34,41
1,<environment.Job instance at 0x7fb1e0cd80f0>,8,28,[4 7],9,53,81,44,52
1,<environment.Job instance at 0x7fb1e0de35f0>,28,17,[10  2],29,70,87,41,58
1,<environment.Job instance at 0x7fb1e0daabe0>,35,15,[3 5],36,81,96,45,67
1,<environment.Job instance at 0x7fb1e0daab40>,40,16,[7 2],41,87,103,46,74
1,<environment.Job instance at 0x7fb1e0b283c0>,0,12,[12  4],1,1,13,0,1
1,<environment.Job instance at 0x7fb1e12fdc30>,2,14,[3 5],3,3,17,0,3
1,<environment.Job instance at 0x7fb1e0fc7050>,3,21,[5 1],4,13,34,9,5
1,<environment.Job instance at 0x7fb1e0fc7f50>,5,20,[5 5],6,13,33,7,6
1,<environment.Job instance at 0x7fb1e14452d0>,6,18,[4 9],7,17,35,10,7
1,<environment.Job instance at 0x7fb1e1021c30>,10,3,[5 4],11,33,36,22,11
1,<environment.Job instance at 0x7fb1e0e8e280>,13,13,[5 7],14,35,48,21,19
1,<environment.Job instance at 0x7fb1e0e8e370>,15,16,[6 2],16,36,52,20,23
1,<environment.Job instance at 0x7fb1e0fb2af0>,20,2,[9 1],21,48,50,27,23
1,<environment.Job instance at 0x7fb1e0f825f0>,19,16,[7 2],20,50,66,30,37
1,<environment.Job instance at 0x7fb1e0fdfd70>,22,12,[2 7],23,50,62,27,37
1,<environment.Job instance at 0x7fb1e13bc050>,14,2,[10  1],15,66,68,51,39
1,<environment.Job instance at 0x7fb1e0fdf280>,21,22,[ 1 10],22,62,84,40,55
1,<environment.Job instance at 0x7fb1e0fdf4b0>,26,18,[7 1],27,68,86,41,59
1,<environment.Job instance at 0x7fb1e0e88e60>,27,26,[7 1],28,68,94,40,65
1,<environment.Job instance at 0x7fb1e0ea6820>,32,2,[8 1],33,86,88,53,65
1,<environment.Job instance at 0x7fb1e0ea6460>,33,1,[10  2],34,94,95,60,66
1,<environment.Job instance at 0x7fb1e0bd1a50>,31,15,[4 8],32,88,103,56,74
1,<environment.Job instance at 0x7fb1e0ea66e0>,36,14,[5 3],37,95,109,58,80
1,<environment.Job instance at 0x7fb1e0c4b5a0>,37,14,[8 5],38,103,117,65,88
1,<environment.Job instance at 0x7fb1e0f2a6e0>,0,16,[ 3 12],1,1,17,0,1
1,<environment.Job instance at 0x7fb1e0f2a050>,1,16,[ 3 12],2,17,33,15,5
1,<environment.Job instance at 0x7fb1e0a085a0>,11,3,[4 7],12,33,36,21,12
1,<environment.Job instance at 0x7fb1e0a08460>,12,18,[ 2 10],13,36,54,23,25
1,<environment.Job instance at 0x7fb1e0a08640>,13,17,[7 1],14,26,43,12,26
1,<environment.Job instance at 0x7fb1e0a08870>,15,2,[6 3],16,36,38,20,27
1,<environment.Job instance at 0x7fb1e0a08320>,7,15,[1 9],8,54,69,46,41
1,<environment.Job instance at 0x7fb1e0a089b0>,17,20,[8 5],18,43,63,25,42
1,<environment.Job instance at 0x7fb1e0c4b5a0>,2,22,[1 6],3,63,85,60,56
1,<environment.Job instance at 0x7fb1e0a08910>,16,24,[3 6],17,69,93,52,64
1,<environment.Job instance at 0x7fb1e0a08af0>,19,15,[4 9],20,85,100,65,73
1,<environment.Job instance at 0x7fb1e0a08c30>,21,14,[3 6],22,93,107,71,78
1,<environment.Job instance at 0x7fb1e0a08cd0>,22,3,[9 2],23,78,81,55,78
1,<environment.Job instance at 0x7fb1e0a62af0>,0,12,[ 2 12],1,1,13,0,1
1,<environment.Job instance at 0x7fb1e0a08cd0>,2,1,[ 2 11],3,13,14,10,3
1,<environment.Job instance at 0x7fb1e0a62320>,4,12,[3 5],5,14,26,9,5
1,<environment.Job instance at 0x7fb1e0a62e60>,5,14,[5 8],6,14,28,8,6
1,<environment.Job instance at 0x7fb1e0a62d70>,6,28,[5 2],7,7,35,0,7
1,<environment.Job instance at 0x7fb1e0a62a00>,8,3,[10  3],9,28,31,19,10
1,<environment.Job instance at 0x7fb1e0a42eb0>,12,3,[2 8],13,31,34,18,18
1,<environment.Job instance at 0x7fb1e0a627d0>,9,19,[6 4],10,31,50,21,21
1,<environment.Job instance at 0x7fb1e0a42370>,15,17,[9 1],16,35,52,19,23
1,<environment.Job instance at 0x7fb1e0a42e60>,17,17,[7 4],18,52,69,34,40
1,<environment.Job instance at 0x7fb1e0a42960>,19,15,[ 5 10],20,50,65,30,40
1,<environment.Job instance at 0x7fb1e0a42aa0>,20,13,[6 5],21,65,78,44,49
1,<environment.Job instance at 0x7fb1e0a08d20>,1,16,[1 8],2,69,85,67,60
1,<environment.Job instance at 0x7fb1e0a42c80>,10,22,[5 6],11,78,100,67,76
1,<environment.Job instance at 0x7fb1e0a42a50>,22,20,[2 8],23,85,105,62,83
1,<environment.Job instance at 0x7fb1e0a429b0>,13,14,[8 1],14,83,97,69,83
1,<environment.Job instance at 0x7fb1e12b1230>,0,15,[ 5 14],1,1,16,0,1
1,<environment.Job instance at 0x7fb1e0a429b0>,2,14,[8 4],3,16,30,13,3
1,<environment.Job instance at 0x7fb1e12b1aa0>,3,12,[5 9],4,16,28,12,4
1,<environment.Job instance at 0x7fb1e0a42500>,1,1,[9 1],2,4,5,2,4
1,<environment.Job instance at 0x7fb1e12b14b0>,4,3,[11  3],5,30,33,25,5
1,<environment.Job instance at 0x7fb1e12b1b90>,10,2,[5 5],11,28,30,17,11
1,<environment.Job instance at 0x7fb1e12b18c0>,8,14,[10  4],9,33,47,24,18
1,<environment.Job instance at 0x7fb1e12b1050>,12,3,[1 6],13,28,31,15,18
1,<environment.Job instance at 0x7fb1e12b1280>,6,12,[4 7],7,31,43,24,20
1,<environment.Job instance at 0x7fb1e1f780a0>,14,3,[4 9],15,43,46,28,22
1,<environment.Job instance at 0x7fb1e12b1910>,9,20,[2 6],10,46,66,36,37
1,<environment.Job instance at 0x7fb1e1f78460>,18,16,[2 6],19,47,63,28,37
1,<environment.Job instance at 0x7fb1e1f78dc0>,13,15,[ 2 14],14,66,81,52,54
1,<environment.Job instance at 0x7fb1e1f78820>,20,14,[6 4],21,81,95,60,66
1,<environment.Job instance at 0x7fb1e1948410>,0,13,[6 1],1,1,14,0,1
1,<environment.Job instance at 0x7fb1e1948cd0>,1,13,[1 8],2,2,15,0,2
1,<environment.Job instance at 0x7fb1e1e9abe0>,4,13,[ 5 10],5,15,28,10,5
1,<environment.Job instance at 0x7fb1e1e9a730>,5,15,[6 1],6,6,21,0,6
1,<environment.Job instance at 0x7fb1e1ea0c80>,6,3,[7 4],7,21,24,14,7
1,<environment.Job instance at 0x7fb1e1ea00a0>,9,12,[10  3],10,24,36,14,13
1,<environment.Job instance at 0x7fb1e1ea0cd0>,8,15,[5 9],9,28,43,19,14
1,<environment.Job instance at 0x7fb1e1c79370>,14,2,[13  3],15,43,45,28,16
1,<environment.Job instance at 0x7fb1e1c6acd0>,17,12,[10  3],18,45,57,27,28
1,<environment.Job instance at 0x7fb1e1ebe5f0>,18,14,[5 4],19,45,59,26,30
1,<environment.Job instance at 0x7fb1e1c79c80>,19,15,[10  1],20,57,72,37,43
1,<environment.Job instance at 0x7fb1e1ebe910>,20,20,[4 5],21,59,79,38,50
1,<environment.Job instance at 0x7fb1e1e8ee60>,22,17,[2 6],23,72,89,49,60
1,<environment.Job instance at 0x7fb1e1e8ed70>,26,12,[3 5],27,79,91,52,62
1,<environment.Job instance at 0x7fb1e1e8ec80>,27,21,[9 2],28,76,97,48,76
1,<environment.Job instance at 0x7fb1e1e8e230>,29,17,[4 7],30,91,108,61,79
1,<environment.Job instance at 0x7fb1e1c79280>,10,17,[7 2],11,97,114,86,87
1,<environment.Job instance at 0x7fb1e0a18dc0>,1,23,[5 5],2,2,25,0,2
1,<environment.Job instance at 0x7fb1e1c796e0>,2,1,[12  2],3,25,26,22,3
1,<environment.Job instance at 0x7fb1e1c79280>,4,15,[10  3],5,5,20,0,5
1,<environment.Job instance at 0x7fb1e0a17b90>,13,16,[9 4],14,26,42,12,15
1,<environment.Job instance at 0x7fb1e0a183c0>,0,26,[1 6],1,21,47,20,21
1,<environment.Job instance at 0x7fb1e0a18870>,3,15,[14  2],4,42,57,38,39
1,<environment.Job instance at 0x7fb1e0a17280>,14,18,[10  1],15,57,75,42,47
1,<environment.Job instance at 0x7fb1e0a17410>,23,21,[4 7],24,57,78,33,51
1,<environment.Job instance at 0x7fb1e0a177d0>,25,15,[4 9],26,78,93,52,64
1,<environment.Job instance at 0x7fb1e0a17fa0>,28,21,[7 5],29,75,96,46,70
1,<environment.Job instance at 0x7fb1e0b7f1e0>,33,12,[5 8],34,93,105,59,76
1,<environment.Job instance at 0x7fb1e0b7f910>,39,18,[4 6],40,96,114,56,85
1,<environment.Job instance at 0x7fb1e1c79e10>,1,18,[9 5],2,2,20,0,2
1,<environment.Job instance at 0x7fb1e1308b40>,0,18,[1 5],1,3,21,2,3
1,<environment.Job instance at 0x7fb1e18e36e0>,3,3,[1 9],4,20,23,16,4
1,<environment.Job instance at 0x7fb1e18e3820>,4,13,[11  4],5,21,34,16,5
1,<environment.Job instance at 0x7fb1e18e31e0>,5,12,[2 6],6,23,35,17,6
1,<environment.Job instance at 0x7fb1e0b7f910>,7,1,[5 8],8,34,35,26,8
1,<environment.Job instance at 0x7fb1e18c2af0>,8,13,[5 5],9,35,48,26,19
1,<environment.Job instance at 0x7fb1e18e3960>,9,2,[9 3],10,35,37,25,19
1,<environment.Job instance at 0x7fb1e18c2e10>,13,21,[8 2],14,37,58,23,29
1,<environment.Job instance at 0x7fb1e18c2d70>,17,18,[5 5],18,48,66,30,37
1,<environment.Job instance at 0x7fb1e18c25a0>,21,14,[5 1],22,58,72,36,43
1,<environment.Job instance at 0x7fb1e18c2280>,24,18,[4 7],25,58,76,33,47
1,<environment.Job instance at 0x7fb1e18c2370>,25,18,[7 1],26,72,90,46,61
1,<environment.Job instance at 0x7fb1e13ad0f0>,26,14,[9 1],27,90,104,63,75
1,<environment.Job instance at 0x7fb1e13ad460>,27,12,[7 1],28,76,88,48,75
1,<environment.Job instance at 0x7fb1ea658140>,0,18,[ 3 14],1,1,19,0,1
1,<environment.Job instance at 0x7fb1e0ef20f0>,5,2,[3 6],6,19,21,13,6
1,<environment.Job instance at 0x7fb1e0ef2b40>,6,1,[12  4],7,19,20,12,7
1,<environment.Job instance at 0x7fb1e0ef2190>,8,14,[10  2],9,20,34,11,9
1,<environment.Job instance at 0x7fb1e0e9f280>,12,13,[7 4],13,34,47,21,18
1,<environment.Job instance at 0x7fb1e0e9f050>,11,22,[7 2],12,34,56,22,27
1,<environment.Job instance at 0x7fb1e0e9f370>,14,21,[4 9],15,47,68,32,39
1,<environment.Job instance at 0x7fb1e0e9f7d0>,17,3,[2 7],18,68,71,50,42
1,<environment.Job instance at 0x7fb1e0c28e60>,1,16,[7 2],2,56,72,54,43
1,<environment.Job instance at 0x7fb1e0e9f410>,19,12,[3 9],20,71,83,51,54
1,<environment.Job instance at 0x7fb1e0e9ff00>,21,16,[4 8],22,83,99,61,70
1,<environment.Job instance at 0x7fb1e0e9f6e0>,22,18,[6 1],23,72,90,49,70
1,<environment.Job instance at 0x7fb1e0e9f500>,23,15,[2 8],24,99,114,75,85
1,<environment.Job instance at 0x7fb1e0e9f4b0>,24,24,[6 2],25,90,114,65,85
1,<environment.Job instance at 0x7fb1e0e9f2d0>,25,12,[6 1],26,99,111,73,85
1,<environment.Job instance at 0x7fb1e1c52500>,3,23,[8 4],4,4,27,0,4
1,<environment.Job instance at 0x7fb1e15f0820>,0,1,[ 1 11],1,4,5,3,4
1,<environment.Job instance at 0x7fb1e15f07d0>,4,1,[2 5],5,5,6,0,5
1,<environment.Job instance at 0x7fb1e1c52dc0>,5,28,[ 4 10],6,6,34,0,6
1,<environment.Job instance at 0x7fb1e1c52b90>,7,3,[5 6],8,34,37,26,8
1,<environment.Job instance at 0x7fb1e19489b0>,10,18,[5 8],11,34,52,23,23
1,<environment.Job instance at 0x7fb1e19484b0>,16,15,[4 5],17,37,52,20,23
1,<environment.Job instance at 0x7fb1e1948cd0>,18,17,[3 5],19,52,69,33,40
1,<environment.Job instance at 0x7fb1ea6943c0>,20,15,[5 8],21,52,67,31,40
1,<environment.Job instance at 0x7fb1ea694320>,23,19,[ 3 10],24,67,86,43,57
1,<environment.Job instance at 0x7fb1ea6940f0>,24,15,[7 4],25,69,84,44,57
1,<environment.Job instance at 0x7fb1ea694550>,27,15,[8 1],28,84,99,56,70
1,<environment.Job instance at 0x7fb1e1948f00>,11,17,[2 6],12,86,103,74,74
1,<environment.Job instance at 0x7fb1ea694730>,28,23,[1 8],29,86,109,57,84
1,<environment.Job instance at 0x7fb1ea694960>,30,15,[5 5],31,103,118,72,89
1,<environment.Job instance at 0x7fb1ea6509b0>,1,13,[4 6],2,2,15,0,2
1,<environment.Job instance at 0x7fb1ea650b90>,0,3,[1 9],1,3,6,2,3
1,<environment.Job instance at 0x7fb1ea650c30>,3,12,[7 4],4,6,18,2,4
1,<environment.Job instance at 0x7fb1ea650690>,2,15,[12  2],3,18,33,15,4
1,<environment.Job instance at 0x7fb1ea650500>,4,1,[4 5],5,6,7,1,6
1,<environment.Job instance at 0x7fb1ea650b40>,6,15,[ 3 13],7,18,33,11,7
1,<environment.Job instance at 0x7fb1ea650050>,10,13,[ 5 11],11,33,46,22,17
1,<environment.Job instance at 0x7fb1ea6507d0>,8,18,[7 3],9,33,51,24,26
1,<environment.Job instance at 0x7fb1e1232dc0>,17,14,[4 9],18,46,60,28,37
1,<environment.Job instance at 0x7fb1e12c7820>,21,20,[3 6],22,51,71,29,42
1,<environment.Job instance at 0x7fb1e12c75f0>,22,15,[3 9],23,60,75,37,46
1,<environment.Job instance at 0x7fb1e12c7320>,23,15,[5 5],24,71,86,47,57
1,<environment.Job instance at 0x7fb1e12c71e0>,27,15,[10  2],28,75,90,47,65
1,<environment.Job instance at 0x7fb1e12c74b0>,33,13,[5 5],34,86,99,52,71
1,<environment.Job instance at 0x7fb1e12c7410>,36,17,[7 1],37,90,107,53,78
1,<environment.Job instance at 0x7fb1e12c7c30>,39,14,[1 7],40,90,104,50,78
1,<environment.Job instance at 0x7fb1e12c7960>,40,13,[4 5],41,99,112,58,83
1,<environment.Job instance at 0x7fb1e0c4fe60>,2,2,[5 7],3,3,5,0,3
1,<environment.Job instance at 0x7fb1e0c4faa0>,5,14,[9 1],6,6,20,0,6
1,<environment.Job instance at 0x7fb1e0c4f050>,6,12,[10  4],7,20,32,13,7
1,<environment.Job instance at 0x7fb1e0c4ffa0>,12,1,[9 3],13,32,33,19,15
1,<environment.Job instance at 0x7fb1e0c4f3c0>,11,17,[5 1],12,18,35,6,18
1,<environment.Job instance at 0x7fb1e0c4fa00>,14,16,[3 8],15,33,49,18,21
1,<environment.Job instance at 0x7fb1e10b4870>,17,12,[4 7],18,35,47,17,21
1,<environment.Job instance at 0x7fb1e10b45a0>,18,17,[9 4],19,47,64,28,35
1,<environment.Job instance at 0x7fb1e185acd0>,54,17,[9 2],55,64,81,9,55
1,<environment.Job instance at 0x7fb1ea605d20>,61,15,[6 1],62,64,79,2,64
1,<environment.Job instance at 0x7fb1e185aaa0>,66,18,[3 5],67,79,97,12,70
1,<environment.Job instance at 0x7fb1e19845a0>,70,16,[9 2],71,81,97,10,71
1,<environment.Job instance at 0x7fb1e0c4f320>,8,15,[13  2],9,97,112,88,84
1,<environment.Job instance at 0x7fb1e0813b40>,0,2,[14  3],1,3,5,2,3
1,<environment.Job instance at 0x7fb1e07f4050>,2,1,[5 9],3,5,6,2,3
1,<environment.Job instance at 0x7fb1e0813640>,3,14,[ 1 10],4,6,20,2,4
1,<environment.Job instance at 0x7fb1e07f4500>,6,19,[8 3],7,8,27,1,8
1,<environment.Job instance at 0x7fb1e07f4690>,8,3,[9 5],9,27,30,18,9
1,<environment.Job instance at 0x7fb1e07f4460>,13,12,[3 8],14,20,32,6,15
1,<environment.Job instance at 0x7fb1e07f45f0>,12,16,[7 2],13,30,46,17,17
1,<environment.Job instance at 0x7fb1e07f4140>,15,14,[8 5],16,32,46,16,17
1,<environment.Job instance at 0x7fb1e07f4d20>,17,19,[6 4],18,46,65,28,36
1,<environment.Job instance at 0x7fb1e07f4eb0>,18,16,[1 6],19,46,62,27,36
1,<environment.Job instance at 0x7fb1e1418280>,24,16,[5 4],25,46,62,21,36
1,<environment.Job instance at 0x7fb1e1418190>,32,14,[7 2],33,62,76,29,47
1,<environment.Job instance at 0x7fb1e1a8ac30>,35,12,[2 6],36,62,74,26,47
1,<environment.Job instance at 0x7fb1e1a8a500>,39,18,[2 5],40,65,83,25,54
1,<environment.Job instance at 0x7fb1e1a8a280>,44,18,[3 9],45,76,94,31,65
1,<environment.Job instance at 0x7fb1e07f4e10>,9,13,[11  4],10,83,96,73,80
1,<environment.Job instance at 0x7fb1e1a8af50>,46,16,[1 7],47,94,110,47,81
1,<environment.Job instance at 0x7fb1e1a8ad70>,50,17,[5 7],51,96,113,45,84
1,<environment.Job instance at 0x7fb1e0cc2140>,0,15,[2 6],1,1,16,0,1
1,<environment.Job instance at 0x7fb1e1a8ad70>,2,18,[10  2],3,5,23,2,5
1,<environment.Job instance at 0x7fb1e0b65a00>,1,18,[ 5 10],2,16,34,14,10
1,<environment.Job instance at 0x7fb1e0cc2e10>,5,22,[8 1],6,23,45,17,16
1,<environment.Job instance at 0x7fb1e0cc2370>,13,1,[ 4 13],14,34,35,20,23
1,<environment.Job instance at 0x7fb1e0d153c0>,16,1,[ 1 14],17,35,36,18,27
1,<environment.Job instance at 0x7fb1e0cc20f0>,14,3,[ 5 13],15,36,39,21,27
1,<environment.Job instance at 0x7fb1e0cc2f00>,12,12,[2 9],13,39,51,26,27
1,<environment.Job instance at 0x7fb1e0d152d0>,17,16,[11  4],18,45,61,27,32
1,<environment.Job instance at 0x7fb1e0d15960>,18,14,[1 7],19,51,65,32,37
1,<environment.Job instance at 0x7fb1e0d15e10>,21,16,[13  2],22,61,77,39,48
1,<environment.Job instance at 0x7fb1e0d15b40>,23,18,[13  1],24,77,95,53,66
1,<environment.Job instance at 0x7fb1e0d15280>,24,21,[ 2 12],25,68,89,43,68
1,<environment.Job instance at 0x7fb1e0d15eb0>,22,14,[ 2 13],23,89,103,66,75
1,<environment.Job instance at 0x7fb1e1b158c0>,0,12,[10  3],1,1,13,0,1
1,<environment.Job instance at 0x7fb1e1b15d70>,1,13,[10  4],2,13,26,11,2
1,<environment.Job instance at 0x7fb1e1a16550>,2,20,[ 4 10],3,3,23,0,3
1,<environment.Job instance at 0x7fb1e1fdc230>,5,14,[ 4 10],6,23,37,17,8
1,<environment.Job instance at 0x7fb1e1fdc550>,3,1,[ 3 10],4,37,38,33,9
1,<environment.Job instance at 0x7fb1e0d15eb0>,4,16,[6 1],5,26,42,21,13
1,<environment.Job instance at 0x7fb1e1fdc280>,10,21,[9 5],11,38,59,27,30
1,<environment.Job instance at 0x7fb1e19ac230>,13,12,[3 5],14,42,54,28,31
1,<environment.Job instance at 0x7fb1e19ac7d0>,17,20,[9 5],18,59,79,41,50
1,<environment.Job instance at 0x7fb1e19acaf0>,11,25,[5 4],12,54,79,42,50
1,<environment.Job instance at 0x7fb1e1fdcd70>,6,2,[ 1 11],7,79,81,72,52
1,<environment.Job instance at 0x7fb1e19aca00>,18,16,[4 9],19,81,97,62,68
1,<environment.Job instance at 0x7fb1e19aceb0>,21,15,[6 4],22,79,94,57,68
1,<environment.Job instance at 0x7fb1e19acd70>,28,17,[1 6],29,94,111,65,82
1,<environment.Job instance at 0x7fb1e19ac640>,29,13,[9 4],30,97,110,67,82
1,<environment.Job instance at 0x7fb1e19ac9b0>,20,14,[5 4],21,97,111,76,86
1,<environment.Job instance at 0x7fb1e19ac320>,31,3,[4 5],32,110,113,78,88
1,<environment.Job instance at 0x7fb1e19acb90>,32,2,[ 1 11],33,113,115,80,88
1,<environment.Job instance at 0x7fb1e1669c80>,0,15,[ 4 10],1,1,16,0,1
1,<environment.Job instance at 0x7fb1e1669f00>,3,18,[ 2 10],4,16,34,12,5
1,<environment.Job instance at 0x7fb1e1669aa0>,1,2,[4 9],2,34,36,32,7
1,<environment.Job instance at 0x7fb1e1669d20>,5,3,[6 5],6,7,10,1,7
1,<environment.Job instance at 0x7fb1e1bcb280>,10,12,[5 4],11,11,23,0,11
1,<environment.Job instance at 0x7fb1e1bcbaf0>,8,15,[3 9],9,36,51,27,24
1,<environment.Job instance at 0x7fb1e1bcb320>,9,27,[8 5],10,24,51,14,24
1,<environment.Job instance at 0x7fb1e1bcb3c0>,13,1,[ 2 13],14,51,52,37,24
1,<environment.Job instance at 0x7fb1e1bcb910>,14,1,[1 8],15,52,53,37,24
1,<environment.Job instance at 0x7fb1e1bcb8c0>,19,12,[6 5],20,52,64,32,35
1,<environment.Job instance at 0x7fb1e1bcb7d0>,12,13,[8 3],13,53,66,40,41
1,<environment.Job instance at 0x7fb1e1bcb2d0>,20,21,[1 7],21,53,74,32,46
1,<environment.Job instance at 0x7fb1e1669a00>,7,3,[9 1],8,66,69,58,54
1,<environment.Job instance at 0x7fb1e1b9a8c0>,22,20,[8 5],23,69,89,46,60
1,<environment.Job instance at 0x7fb1e1bcbaa0>,15,17,[13  3],16,89,106,73,77
1,<environment.Job instance at 0x7fb1e1b9a870>,23,12,[5 3],24,77,89,53,77
1,<environment.Job instance at 0x7fb1e1bcb690>,21,3,[7 3],22,106,109,84,81
1,<environment.Job instance at 0x7fb1e1bc5be0>,31,23,[2 9],32,89,112,57,85
1,<environment.Job instance at 0x7fb1e0ff96e0>,0,17,[4 8],1,1,18,0,1
1,<environment.Job instance at 0x7fb1e0ff9a50>,1,14,[5 6],2,2,16,0,2
1,<environment.Job instance at 0x7fb1e0ff92d0>,9,3,[8 5],10,16,19,6,10
1,<environment.Job instance at 0x7fb1e0ff9d20>,8,13,[10  1],9,19,32,10,11
1,<environment.Job instance at 0x7fb1e0ff9eb0>,11,13,[7 1],12,32,45,20,16
1,<environment.Job instance at 0x7fb1e0ff9c80>,12,20,[4 7],13,18,38,5,16
1,<environment.Job instance at 0x7fb1e103ba50>,13,3,[4 8],14,38,41,24,16
1,<environment.Job instance at 0x7fb1e103baa0>,14,12,[3 8],15,41,53,26,24
1,<environment.Job instance at 0x7fb1e0ff9f50>,10,15,[4 6],11,32,47,21,25
1,<environment.Job instance at 0x7fb1e103bf50>,16,15,[6 2],17,47,62,30,33
1,<environment.Job instance at 0x7fb1e103bb40>,15,18,[7 1],16,53,71,37,42
1,<environment.Job instance at 0x7fb1e103b7d0>,19,16,[3 5],20,62,78,42,49
1,<environment.Job instance at 0x7fb1e103b8c0>,20,14,[6 2],21,71,85,50,56
1,<environment.Job instance at 0x7fb1e103b960>,21,22,[5 8],22,62,84,40,57
1,<environment.Job instance at 0x7fb1e103be60>,23,18,[7 1],24,84,102,60,73
1,<environment.Job instance at 0x7fb1e103b0f0>,24,21,[5 3],25,85,106,60,77
1,<environment.Job instance at 0x7fb1e12a55f0>,0,25,[ 5 12],1,1,26,0,1
1,<environment.Job instance at 0x7fb1e103b410>,2,2,[14  2],3,26,28,23,6
1,<environment.Job instance at 0x7fb1e12a5b40>,1,13,[5 4],2,28,41,26,13
1,<environment.Job instance at 0x7fb1e10ee7d0>,7,13,[ 2 10],8,28,41,20,14
1,<environment.Job instance at 0x7fb1e140b0f0>,3,16,[9 4],4,41,57,37,28
1,<environment.Job instance at 0x7fb1e10ee820>,9,14,[6 2],10,41,55,31,28
1,<environment.Job instance at 0x7fb1e10ee910>,10,13,[6 5],11,55,68,44,39
1,<environment.Job instance at 0x7fb1e10eebe0>,16,21,[7 4],17,57,78,40,49
1,<environment.Job instance at 0x7fb1e10eea50>,17,20,[3 9],18,68,88,50,59
1,<environment.Job instance at 0x7fb1e10eef50>,20,16,[9 5],21,78,94,57,65
1,<environment.Job instance at 0x7fb1e11252d0>,25,13,[9 3],26,94,107,68,78
1,<environment.Job instance at 0x7f76fcd54230>,0,2,[6 2],1,1,3,0,1
1,<environment.Job instance at 0x7f76fcd541e0>,1,15,[4 5],2,2,17,0,2
1,<environment.Job instance at 0x7f76f35dc500>,2,18,[ 3 10],3,3,21,0,3
1,<environment.Job instance at 0x7f76f35dc640>,3,13,[3 8],4,21,34,17,5
1,<environment.Job instance at 0x7f76f35dc960>,7,12,[7 2],8,17,29,9,8
1,<environment.Job instance at 0x7f76f35dc9b0>,11,1,[8 4],12,29,30,17,12
1,<environment.Job instance at 0x7f76f35dc780>,9,17,[8 1],10,30,47,20,18
1,<environment.Job instance at 0x7f76f35dccd0>,13,15,[4 5],14,30,45,16,18
1,<environment.Job instance at 0x7f76f35dce60>,15,20,[3 5],16,34,54,18,25
1,<environment.Job instance at 0x7f76f35dcf00>,16,19,[ 3 10],17,47,66,30,37
1,<environment.Job instance at 0x7f76f35de050>,18,18,[3 6],19,66,84,47,55
1,<environment.Job instance at 0x7f76f35dcbe0>,19,21,[8 5],20,55,76,35,55
1,<environment.Job instance at 0x7f76f35dcd70>,12,13,[ 2 12],13,84,97,71,68
1,<environment.Job instance at 0x7f76f35de320>,22,3,[4 6],23,76,79,53,68
1,<environment.Job instance at 0x7f76f35dc6e0>,5,18,[7 5],6,97,115,91,86
1,<environment.Job instance at 0x7f76f35de460>,24,2,[ 3 12],25,115,117,90,88
1,<environment.Job instance at 0x7f76f35de730>,25,16,[5 3],26,88,104,62,88
1,<environment.Job instance at 0x7f76f35de5a0>,3,17,[ 2 10],4,4,21,0,4
1,<environment.Job instance at 0x7f76f3a72cd0>,4,14,[6 5],5,5,19,0,5
1,<environment.Job instance at 0x7f76f3a723c0>,5,18,[5 3],6,19,37,13,8
1,<environment.Job instance at 0x7f76f37313c0>,8,15,[9 4],9,21,36,12,9
1,<environment.Job instance at 0x7f76f37314b0>,10,13,[1 7],11,21,34,10,11
1,<environment.Job instance at 0x7f76f3731730>,12,14,[3 7],13,36,50,23,21
1,<environment.Job instance at 0x7f76f3a72280>,13,12,[6 5],14,36,48,22,21
1,<environment.Job instance at 0x7f76f3731af0>,15,17,[4 8],16,48,65,32,36
1,<environment.Job instance at 0x7f76f3731f50>,18,14,[9 1],19,50,64,31,37
1,<environment.Job instance at 0x7f76f37317d0>,19,15,[9 2],20,64,79,44,50
1,<environment.Job instance at 0x7f76f2d225a0>,21,21,[2 7],22,65,86,43,57
1,<environment.Job instance at 0x7f76f303e4b0>,22,16,[1 8],23,79,95,56,66
1,<environment.Job instance at 0x7f76f3069460>,28,19,[4 7],29,86,105,57,76
1,<environment.Job instance at 0x7f76f2fe9960>,30,16,[9 4],31,95,111,64,82
1,<environment.Job instance at 0x7f76f2c3d230>,31,15,[8 1],32,111,126,79,97
1,<environment.Job instance at 0x7f76f3a725a0>,0,22,[2 8],1,105,127,104,98
1,<environment.Job instance at 0x7f76f2c67d20>,6,14,[11  2],7,7,21,0,7
1,<environment.Job instance at 0x7f76f2c67050>,10,13,[5 1],11,21,34,10,11
1,<environment.Job instance at 0x7f76f2c676e0>,8,17,[10  2],9,21,38,12,11
1,<environment.Job instance at 0x7f76f2d255f0>,13,2,[11  2],14,38,40,24,16
1,<environment.Job instance at 0x7f76f2d25280>,15,15,[3 5],16,34,49,18,20
1,<environment.Job instance at 0x7f76f2d25370>,20,16,[7 2],21,40,56,19,28
1,<environment.Job instance at 0x7f76f2d25c30>,17,13,[ 4 12],18,49,62,31,33
1,<environment.Job instance at 0x7f76f2d25870>,16,17,[11  1],17,56,73,39,44
1,<environment.Job instance at 0x7f76f2c67320>,0,23,[5 8],1,73,96,72,67
1,<environment.Job instance at 0x7f76f2d25910>,25,23,[8 3],26,73,96,47,69
1,<environment.Job instance at 0x7f76f2d25af0>,26,1,[3 8],27,69,70,42,69
1,<environment.Job instance at 0x7f76f2d25be0>,27,15,[5 6],28,96,111,68,82
1,<environment.Job instance at 0x7f76f2d25dc0>,28,28,[9 1],29,96,124,67,95
1,<environment.Job instance at 0x7f76f2d25d20>,29,17,[3 5],30,111,128,81,99
1,<environment.Job instance at 0x7f76f2effc30>,0,1,[11  3],1,1,2,0,1
1,<environment.Job instance at 0x7f76f2effbe0>,1,15,[4 8],2,2,17,0,2
1,<environment.Job instance at 0x7f76f2d25d20>,3,1,[10  2],4,5,6,1,5
1,<environment.Job instance at 0x7f76f2ff6460>,2,2,[8 1],3,6,8,3,5
1,<environment.Job instance at 0x7f76f2fe65a0>,6,14,[5 3],7,8,22,1,7
1,<environment.Job instance at 0x7f76f2fe6640>,7,14,[8 5],8,17,31,9,8
1,<environment.Job instance at 0x7f76f2fe9640>,13,14,[2 8],14,22,36,8,15
1,<environment.Job instance at 0x7f76f2fe9370>,15,2,[7 1],16,31,33,15,17
1,<environment.Job instance at 0x7f76f2dee9b0>,17,16,[8 3],18,33,49,15,20
1,<environment.Job instance at 0x7f76f2dee8c0>,18,2,[4 6],19,31,33,12,20
1,<environment.Job instance at 0x7f76f3124aa0>,20,14,[7 1],21,36,50,15,21
1,<environment.Job instance at 0x7f76f3240820>,22,17,[4 8],23,49,66,26,37
1,<environment.Job instance at 0x7f76f2fe60f0>,8,22,[9 3],9,50,72,41,47
1,<environment.Job instance at 0x7f76f2fe28c0>,23,14,[ 3 10],24,66,80,42,51
1,<environment.Job instance at 0x7f76f2fe6870>,14,15,[10  3],15,72,87,57,68
1,<environment.Job instance at 0x7f76f2c59690>,33,13,[ 4 10],34,80,93,46,68
1,<environment.Job instance at 0x7f76f2c59d70>,34,16,[2 8],35,93,109,58,81
1,<environment.Job instance at 0x7f76f2d22f00>,25,24,[9 3],26,87,111,61,82
1,<environment.Job instance at 0x7f76f32acfa0>,36,13,[2 5],37,109,122,72,94
1,<environment.Job instance at 0x7f76f3a01f50>,0,13,[14  4],1,1,14,0,1
1,<environment.Job instance at 0x7f76f3a01cd0>,2,16,[ 1 11],3,3,19,0,3
1,<environment.Job instance at 0x7f76f3a01a00>,4,12,[ 1 10],5,19,31,14,5
1,<environment.Job instance at 0x7f76f3a01f00>,6,14,[9 5],7,19,33,12,7
1,<environment.Job instance at 0x7f76f39d51e0>,12,16,[3 9],13,31,47,18,18
1,<environment.Job instance at 0x7f76f39d5fa0>,14,18,[6 3],15,33,51,18,22
1,<environment.Job instance at 0x7f76f39d5690>,15,18,[9 2],16,47,65,31,36
1,<environment.Job instance at 0x7f76f39d5820>,11,15,[5 1],12,51,66,39,37
1,<environment.Job instance at 0x7f76f39d5550>,16,12,[4 7],17,65,77,48,48
1,<environment.Job instance at 0x7f76f39f4c30>,19,3,[3 5],20,65,68,45,48
1,<environment.Job instance at 0x7f76f39f4460>,20,16,[2 7],21,68,84,47,55
1,<environment.Job instance at 0x7f76f39f4eb0>,21,20,[7 4],22,77,97,55,68
1,<environment.Job instance at 0x7f76f39d5aa0>,17,12,[3 9],18,84,96,66,68
1,<environment.Job instance at 0x7f76f39f4e10>,23,16,[11  1],24,97,113,73,84
1,<environment.Job instance at 0x7f76f39f4410>,24,2,[2 8],25,96,98,71,84
1,<environment.Job instance at 0x7f76f39d5280>,9,17,[2 8],10,98,115,88,86
1,<environment.Job instance at 0x7f76f39ddaf0>,34,15,[6 4],35,113,128,78,99
1,<environment.Job instance at 0x7f76f2c38a50>,1,18,[5 8],2,2,20,0,2
1,<environment.Job instance at 0x7f76f2c34f50>,2,19,[2 7],3,3,22,0,3
1,<environment.Job instance at 0x7f76f2c34af0>,5,15,[6 5],6,20,35,14,6
1,<environment.Job instance at 0x7f76f2c34be0>,8,17,[7 3],9,20,37,11,9
1,<environment.Job instance at 0x7f76f2c34370>,13,18,[5 7],14,35,53,21,24
1,<environment.Job instance at 0x7f76f2c34dc0>,11,20,[8 3],12,37,57,25,28
1,<environment.Job instance at 0x7f76f2c343c0>,14,12,[3 8],15,53,65,38,39
1,<environment.Job instance at 0x7f76f2c34960>,9,18,[11  5],10,57,75,47,49
1,<environment.Job instance at 0x7f76f2c340f0>,16,13,[1 9],17,65,78,48,59
1,<environment.Job instance at 0x7f76f2c34140>,12,25,[5 7],13,78,103,65,74
1,<environment.Job instance at 0x7f76f2c31d70>,22,2,[2 5],23,75,77,52,74
1,<environment.Job instance at 0x7f76f2c31410>,23,16,[8 4],24,77,93,53,74
1,<environment.Job instance at 0x7f76f2c314b0>,24,12,[ 2 13],25,103,115,78,86
1,<environment.Job instance at 0x7f76f2c31460>,25,1,[4 9],26,115,116,89,87
1,<environment.Job instance at 0x7f76f2c34280>,1,14,[4 9],2,2,16,0,2
1,<environment.Job instance at 0x7f76fc7eb410>,4,12,[4 8],5,16,28,11,5
1,<environment.Job instance at 0x7f76f3c8daf0>,14,16,[5 5],15,15,31,0,15
1,<environment.Job instance at 0x7f76f3c8da50>,16,17,[4 5],17,28,45,11,17
1,<environment.Job instance at 0x7f76f3c8dbe0>,17,13,[8 5],18,31,44,13,18
1,<environment.Job instance at 0x7f76f3c8d2d0>,18,13,[3 9],19,44,57,25,28
1,<environment.Job instance at 0x7f76f2fb0820>,20,16,[6 5],21,45,61,24,32
1,<environment.Job instance at 0x7f76f2fb0410>,24,15,[2 5],25,57,72,32,43
1,<environment.Job instance at 0x7f76f2fb0fa0>,25,14,[4 8],26,61,75,35,46
1,<environment.Job instance at 0x7f76f2fb07d0>,26,16,[9 2],27,61,77,34,48
1,<environment.Job instance at 0x7f76f39d8af0>,28,15,[9 1],29,77,92,48,63
1,<environment.Job instance at 0x7f76f39d8640>,30,13,[6 1],31,75,88,44,63
1,<environment.Job instance at 0x7f76f39d8690>,31,13,[1 8],32,88,101,56,72
1,<environment.Job instance at 0x7f76f39d85f0>,32,21,[10  4],33,92,113,59,84
1,<environment.Job instance at 0x7f76f39d8a50>,34,13,[ 5 10],35,101,114,66,85
1,<environment.Job instance at 0x7f76f39d81e0>,35,15,[6 1],36,113,128,77,99
1,<environment.Job instance at 0x7f76f39f49b0>,0,18,[6 5],1,1,19,0,1
1,<environment.Job instance at 0x7f76f39d8280>,2,2,[ 2 13],3,19,21,16,6
1,<environment.Job instance at 0x7f76f32d2eb0>,6,15,[3 7],7,21,36,14,7
1,<environment.Job instance at 0x7f76f32d2910>,5,12,[1 7],6,21,33,15,9
1,<environment.Job instance at 0x7f76f32d2c30>,9,16,[5 1],10,10,26,0,10
1,<environment.Job instance at 0x7f76f3c23aa0>,11,14,[4 5],12,33,47,21,18
1,<environment.Job instance at 0x7f76f32e2cd0>,14,14,[1 7],15,36,50,21,21
1,<environment.Job instance at 0x7f76f32c90f0>,17,14,[5 7],18,47,61,29,32
1,<environment.Job instance at 0x7f76f32c9be0>,18,15,[6 2],19,50,65,31,36
1,<environment.Job instance at 0x7f76f32cde10>,24,15,[10  3],25,65,80,40,51
1,<environment.Job instance at 0x7f76f34e9550>,33,16,[9 4],34,80,96,46,67
1,<environment.Job instance at 0x7f76f32f7c30>,34,18,[10  1],35,96,114,61,85
1,<environment.Job instance at 0x7f76f32bdcd0>,35,22,[5 5],36,85,107,49,85
1,<environment.Job instance at 0x7f76f3cc4910>,36,12,[9 1],37,114,126,77,97
1,<environment.Job instance at 0x7f76f3d738c0>,40,20,[3 8],41,107,127,66,98
1,<environment.Job instance at 0x7f76f3d640a0>,2,14,[ 2 10],3,3,17,0,3
1,<environment.Job instance at 0x7f76f3cac3c0>,4,16,[ 3 10],5,17,33,12,5
1,<environment.Job instance at 0x7f76f3cac9b0>,5,18,[5 5],6,6,24,0,6
1,<environment.Job instance at 0x7f76f33f2b90>,9,2,[ 3 10],10,33,35,23,10
1,<environment.Job instance at 0x7f76f3cac910>,6,16,[5 5],7,24,40,17,11
1,<environment.Job instance at 0x7f76f34d3d20>,8,13,[3 9],9,35,48,26,22
1,<environment.Job instance at 0x7f76f3cac780>,7,17,[ 3 10],8,48,65,40,36
1,<environment.Job instance at 0x7f76f33f2be0>,13,3,[1 9],14,65,68,51,39
1,<environment.Job instance at 0x7f76f33f22d0>,15,12,[2 6],16,65,77,49,48
1,<environment.Job instance at 0x7f76f33f25f0>,18,13,[5 5],19,48,61,29,48
1,<environment.Job instance at 0x7f76f33f2870>,20,16,[8 3],21,68,84,47,55
1,<environment.Job instance at 0x7f76f33f2640>,10,18,[1 5],11,68,86,57,57
1,<environment.Job instance at 0x7f76f33f2780>,23,21,[8 2],24,84,105,60,76
1,<environment.Job instance at 0x7f76f3b40820>,27,18,[5 5],28,77,95,49,77
1,<environment.Job instance at 0x7f76f3b40f50>,31,14,[5 1],32,95,109,63,80
1,<environment.Job instance at 0x7f76f3b40aa0>,34,18,[4 7],35,105,123,70,94
1,<environment.Job instance at 0x7f76f3b40dc0>,35,18,[7 1],36,109,127,73,98
1,<environment.Job instance at 0x7f76f32d20a0>,1,16,[7 2],2,2,18,0,2
1,<environment.Job instance at 0x7f76f3b40af0>,2,1,[ 1 14],3,18,19,15,4
1,<environment.Job instance at 0x7f76f2f66e60>,5,2,[3 6],6,8,10,2,8
1,<environment.Job instance at 0x7f76f2f53140>,10,20,[1 8],11,19,39,8,11
1,<environment.Job instance at 0x7f76f2f53320>,11,22,[7 2],12,19,41,7,12
1,<environment.Job instance at 0x7f76f2f53410>,12,13,[7 4],13,19,32,6,13
1,<environment.Job instance at 0x7f76f2f53460>,13,14,[10  2],14,41,55,27,26
1,<environment.Job instance at 0x7f76f2f53870>,19,12,[3 9],20,39,51,19,26
1,<environment.Job instance at 0x7f76f2f53910>,20,20,[5 7],21,51,71,30,42
1,<environment.Job instance at 0x7f76f2f539b0>,21,16,[4 8],22,55,71,33,42
1,<environment.Job instance at 0x7f76f2f53a50>,22,18,[6 1],23,71,89,48,60
1,<environment.Job instance at 0x7f76f2f53af0>,23,15,[2 8],24,71,86,47,60
1,<environment.Job instance at 0x7f76f2f53c30>,25,12,[6 1],26,71,83,45,60
1,<environment.Job instance at 0x7f76f2f53d20>,28,16,[10  5],29,89,105,60,76
1,<environment.Job instance at 0x7f76f2f53f50>,30,16,[1 7],31,86,102,55,76
1,<environment.Job instance at 0x7f76f2f53fa0>,31,3,[2 7],32,86,89,54,76
1,<environment.Job instance at 0x7f76f2f6b050>,32,18,[2 7],33,102,120,69,91
1,<environment.Job instance at 0x7f76f2f6b0a0>,33,15,[4 7],34,105,120,71,91
1,<environment.Job instance at 0x7f76f2d768c0>,0,18,[5 8],1,1,19,0,1
1,<environment.Job instance at 0x7f76f36737d0>,3,2,[1 5],4,4,6,0,4
1,<environment.Job instance at 0x7f76f3673550>,4,1,[11  5],5,19,20,14,6
1,<environment.Job instance at 0x7f76f3673960>,6,15,[4 5],7,7,22,0,7
1,<environment.Job instance at 0x7f76f36739b0>,8,17,[3 5],9,20,37,11,9
1,<environment.Job instance at 0x7f76f2f6b2d0>,1,17,[2 6],2,22,39,20,10
1,<environment.Job instance at 0x7f76f2d94370>,11,1,[4 5],12,20,21,8,14
1,<environment.Job instance at 0x7f76f2d94640>,14,15,[7 4],15,21,36,6,15
1,<environment.Job instance at 0x7f76f2d945f0>,15,24,[5 1],16,36,60,20,31
1,<environment.Job instance at 0x7f76f2d94a00>,18,23,[1 8],19,37,60,18,31
1,<environment.Job instance at 0x7f76f2d940f0>,20,15,[5 5],21,39,54,18,32
1,<environment.Job instance at 0x7f76f2d947d0>,17,15,[8 1],18,54,69,36,44
1,<environment.Job instance at 0x7f76f38a8c30>,25,17,[2 5],26,60,77,34,48
1,<environment.Job instance at 0x7f76f2d94d20>,16,13,[ 5 12],17,77,90,60,61
1,<environment.Job instance at 0x7f76f38a82d0>,24,18,[5 9],25,90,108,65,80
1,<environment.Job instance at 0x7f76f2c8fcd0>,30,14,[11  4],31,108,122,77,93
1,<environment.Job instance at 0x7f76f2c8f230>,31,12,[10  1],32,93,105,61,93
1,<environment.Job instance at 0x7f76f3b325a0>,0,3,[14  4],1,2,5,1,2
1,<environment.Job instance at 0x7f76f3b32d70>,1,20,[3 6],2,5,25,3,2
1,<environment.Job instance at 0x7f76f3b32aa0>,2,15,[3 9],3,5,20,2,3
1,<environment.Job instance at 0x7f76f3b32960>,4,3,[8 5],5,20,23,15,5
1,<environment.Job instance at 0x7f76f341ce60>,5,12,[ 1 10],6,25,37,19,8
1,<environment.Job instance at 0x7f76f341c2d0>,13,13,[5 5],14,23,36,9,14
1,<environment.Job instance at 0x7f76f341caf0>,14,14,[14  4],15,36,50,21,22
1,<environment.Job instance at 0x7f76f341ccd0>,15,3,[4 8],16,50,53,34,24
1,<environment.Job instance at 0x7f76f3b32fa0>,3,15,[5 5],4,50,65,46,36
1,<environment.Job instance at 0x7f76f341c780>,17,1,[2 8],18,53,54,35,36
1,<environment.Job instance at 0x7f76f341c1e0>,19,14,[1 7],20,54,68,34,40
1,<environment.Job instance at 0x7f76f3fe1eb0>,20,13,[4 5],21,65,78,44,49
1,<environment.Job instance at 0x7f76f3fe19b0>,23,15,[5 5],24,68,83,44,54
1,<environment.Job instance at 0x7f76f3a95960>,33,16,[4 6],34,78,94,44,65
1,<environment.Job instance at 0x7f76f3a954b0>,38,16,[2 7],39,83,99,44,70
1,<environment.Job instance at 0x7f76f341caa0>,16,17,[7 1],17,83,100,66,75
1,<environment.Job instance at 0x7f76f394e5f0>,40,16,[7 3],41,99,115,58,86
1,<environment.Job instance at 0x7f76f394e050>,42,16,[1 8],43,99,115,56,97
1,<environment.Job instance at 0x7f76f394eaa0>,41,12,[8 4],42,115,127,73,98
1,<environment.Job instance at 0x7f76f2be20a0>,1,15,[9 2],2,2,17,0,2
1,<environment.Job instance at 0x7f76f3a7e820>,0,3,[ 2 14],1,17,20,16,3
1,<environment.Job instance at 0x7f76f3a7ec30>,7,3,[10  4],8,20,23,12,8
1,<environment.Job instance at 0x7f76f4160190>,8,13,[8 4],9,23,36,14,9
1,<environment.Job instance at 0x7f76f3a7ebe0>,3,18,[ 5 11],4,20,38,16,9
1,<environment.Job instance at 0x7f76fcc4e230>,13,3,[4 9],14,14,17,0,14
1,<environment.Job instance at 0x7f76fcc4e500>,14,13,[8 2],15,36,49,21,25
1,<environment.Job instance at 0x7f76f33bbc80>,35,19,[2 6],36,38,57,2,38
1,<environment.Job instance at 0x7f76f33bbe10>,36,18,[3 5],37,38,56,1,38
1,<environment.Job instance at 0x7f76f31d0b40>,40,16,[9 2],41,49,65,8,41
1,<environment.Job instance at 0x7f76f33bbaa0>,24,17,[9 2],25,65,82,40,54
1,<environment.Job instance at 0x7f76f31d0370>,42,21,[5 1],43,57,78,14,54
1,<environment.Job instance at 0x7f76f31d0280>,43,2,[8 2],44,82,84,38,55
1,<environment.Job instance at 0x7f76f31d0d20>,41,21,[9 4],42,84,105,42,78
1,<environment.Job instance at 0x7f76f31d0f50>,46,12,[1 9],47,79,91,32,79
1,<environment.Job instance at 0x7f76f31d0e60>,49,16,[9 4],50,105,121,55,92
1,<environment.Job instance at 0x7f76f36d6e10>,1,25,[5 4],2,2,27,0,2
1,<environment.Job instance at 0x7f76f31d0820>,2,22,[ 2 10],3,3,25,0,3
1,<environment.Job instance at 0x7f76f419a870>,3,3,[13  4],4,27,30,23,4
1,<environment.Job instance at 0x7f76f36d7d20>,6,16,[1 7],7,25,41,18,12
1,<environment.Job instance at 0x7f76f3489f00>,10,17,[5 7],11,30,47,19,18
1,<environment.Job instance at 0x7f76f3489140>,11,17,[6 2],12,41,58,29,29
1,<environment.Job instance at 0x7f76f3741dc0>,14,15,[8 2],15,47,62,32,33
1,<environment.Job instance at 0x7f76f351dd70>,18,16,[10  3],19,62,78,43,49
1,<environment.Job instance at 0x7f76f31976e0>,22,17,[9 4],23,78,95,55,66
1,<environment.Job instance at 0x7f76f37e0be0>,26,18,[4 5],27,66,84,39,66
1,<environment.Job instance at 0x7f76f2bc7140>,28,15,[1 5],29,66,81,37,66
1,<environment.Job instance at 0x7f76f3fa3910>,29,16,[5 6],30,84,100,54,71
1,<environment.Job instance at 0x7f76f3fa30a0>,31,13,[8 2],32,95,108,63,79
1,<environment.Job instance at 0x7f76f2c31280>,34,16,[4 6],35,100,116,65,87
1,<environment.Job instance at 0x7f76f3f25690>,35,15,[5 1],36,108,123,72,94
1,<environment.Job instance at 0x7f76f28c7320>,0,2,[3 7],1,1,3,0,1
1,<environment.Job instance at 0x7f76f28c7550>,1,15,[3 8],2,2,17,0,2
1,<environment.Job instance at 0x7f76f28c76e0>,3,13,[5 8],4,17,30,13,4
1,<environment.Job instance at 0x7f76f28c7c80>,2,25,[3 6],3,4,29,1,4
1,<environment.Job instance at 0x7f76f3678230>,8,3,[ 4 10],9,30,33,21,9
1,<environment.Job instance at 0x7f76f36780a0>,12,19,[2 5],13,29,48,16,19
1,<environment.Job instance at 0x7f76f3678b90>,14,12,[7 2],15,33,45,18,19
1,<environment.Job instance at 0x7f76f3678050>,11,13,[12  4],12,45,58,33,29
1,<environment.Job instance at 0x7f76f396f8c0>,19,15,[ 3 10],20,48,63,28,34
1,<environment.Job instance at 0x7f76f413a370>,21,13,[6 2],22,58,71,36,42
1,<environment.Job instance at 0x7f76f34ba820>,23,17,[5 4],24,63,80,39,51
1,<environment.Job instance at 0x7f76f3c66f50>,24,19,[5 8],25,71,90,46,61
1,<environment.Job instance at 0x7f76f2e1abe0>,26,19,[8 1],27,80,99,53,70
1,<environment.Job instance at 0x7f76f351bb90>,28,13,[6 5],29,90,103,61,74
1,<environment.Job instance at 0x7f76f3516c80>,29,23,[1 6],30,80,103,50,74
1,<environment.Job instance at 0x7f76f35238c0>,33,17,[5 8],34,103,120,69,91
1,<environment.Job instance at 0x7f76f37b4f00>,36,16,[8 2],37,99,115,62,91
1,<environment.Job instance at 0x7f76f2e96e10>,0,2,[7 2],1,1,3,0,1
1,<environment.Job instance at 0x7f76f2e96820>,1,13,[5 6],2,2,15,0,2
1,<environment.Job instance at 0x7f76f2e96050>,2,22,[3 6],3,3,25,0,3
1,<environment.Job instance at 0x7f76f2e96af0>,3,13,[9 3],4,15,28,11,4
1,<environment.Job instance at 0x7f76f2bae230>,8,3,[5 7],9,25,28,16,9
1,<environment.Job instance at 0x7f76f2bae4b0>,13,13,[9 3],14,28,41,14,14
1,<environment.Job instance at 0x7f76f2baef00>,15,20,[5 1],16,28,48,12,24
1,<environment.Job instance at 0x7f76f2baea50>,17,13,[4 8],18,41,54,23,25
1,<environment.Job instance at 0x7f76f2bae370>,18,12,[2 5],19,41,53,22,25
1,<environment.Job instance at 0x7f76f2e96140>,5,15,[7 3],6,53,68,47,41
1,<environment.Job instance at 0x7f76f2bae1e0>,22,2,[10  4],23,68,70,45,41
1,<environment.Job instance at 0x7f76f2baecd0>,21,17,[8 5],22,70,87,48,58
1,<environment.Job instance at 0x7f76f2d0afa0>,28,22,[2 7],29,58,80,29,58
1,<environment.Job instance at 0x7f76f2d0aeb0>,36,19,[ 5 10],37,80,99,43,70
1,<environment.Job instance at 0x7f76f2d0a320>,38,15,[3 9],39,99,114,60,85
1,<environment.Job instance at 0x7f76f3187b90>,40,12,[5 4],41,87,99,46,85
1,<environment.Job instance at 0x7f76f3b9fa00>,42,13,[8 3],43,99,112,56,85
1,<environment.Job instance at 0x7f76fc7508c0>,49,12,[6 5],50,112,124,62,95
1,<environment.Job instance at 0x7f76f3f78a00>,0,3,[6 5],1,1,4,0,1
1,<environment.Job instance at 0x7f76fc750280>,2,14,[3 7],3,3,17,0,3
1,<environment.Job instance at 0x7f76fc750f50>,1,1,[ 2 13],2,17,18,15,7
1,<environment.Job instance at 0x7f76f2e0ecd0>,6,14,[10  3],7,18,32,11,7
1,<environment.Job instance at 0x7f76f2e0e7d0>,7,19,[3 5],8,18,37,10,8
1,<environment.Job instance at 0x7f76f3660aa0>,12,3,[9 5],13,13,16,0,13
1,<environment.Job instance at 0x7f76f3660b40>,13,13,[3 9],14,32,45,18,16
1,<environment.Job instance at 0x7f76f2e0ee10>,9,12,[4 5],10,37,49,27,20
1,<environment.Job instance at 0x7f76f40b4d20>,10,12,[7 3],11,45,57,34,28
1,<environment.Job instance at 0x7f76f34d78c0>,20,17,[4 8],21,49,66,28,38
1,<environment.Job instance at 0x7f76f364ab90>,21,14,[5 6],22,57,71,35,42
1,<environment.Job instance at 0x7f76f2ad8c30>,22,16,[8 4],23,66,82,43,53
1,<environment.Job instance at 0x7f76f40b44b0>,8,21,[3 9],9,71,92,62,63
1,<environment.Job instance at 0x7f76f2efc280>,26,2,[2 9],27,92,94,65,65
1,<environment.Job instance at 0x7f76f3660550>,15,17,[9 4],16,82,99,66,70
1,<environment.Job instance at 0x7f76f3a9aaf0>,28,13,[10  1],29,99,112,70,83
1,<environment.Job instance at 0x7f76f2efc190>,29,3,[8 5],30,112,115,82,86
1,<environment.Job instance at 0x7f76f414ef50>,30,15,[4 6],31,94,109,63,86
1,<environment.Job instance at 0x7f76f3678410>,31,13,[7 1],32,112,125,80,96
1,<environment.Job instance at 0x7f76f33b2690>,0,14,[5 3],1,1,15,0,1
1,<environment.Job instance at 0x7f76f32c3730>,5,16,[ 5 10],6,6,22,0,6
1,<environment.Job instance at 0x7f76f32c37d0>,6,18,[5 3],7,15,33,8,7
1,<environment.Job instance at 0x7f76f32c3a50>,8,15,[5 7],9,22,37,13,9
1,<environment.Job instance at 0x7f76f32c3c80>,11,13,[5 4],12,22,35,10,14
1,<environment.Job instance at 0x7f76f32c3d20>,12,2,[14  2],13,37,39,24,16
1,<environment.Job instance at 0x7f76f32e3190>,17,13,[ 2 10],18,39,52,21,23
1,<environment.Job instance at 0x7f76f32e3230>,19,14,[6 2],20,39,53,19,24
1,<environment.Job instance at 0x7f76f32e32d0>,20,13,[6 5],21,52,65,31,36
1,<environment.Job instance at 0x7f76f32e31e0>,24,18,[ 1 10],25,53,71,28,42
1,<environment.Job instance at 0x7f76f32c3870>,9,14,[12  5],10,65,79,55,57
1,<environment.Job instance at 0x7f76f32e3500>,26,21,[7 4],27,79,100,52,71
1,<environment.Job instance at 0x7f76f32e39b0>,30,16,[9 5],31,100,116,69,87
1,<environment.Job instance at 0x7f76f3cbea00>,1,2,[8 2],2,2,4,0,2
1,<environment.Job instance at 0x7f76f396d0a0>,3,17,[3 5],4,4,21,0,4
1,<environment.Job instance at 0x7f76f396dfa0>,5,15,[7 1],6,6,21,0,6
1,<environment.Job instance at 0x7f76f396d730>,6,1,[8 1],7,21,22,14,7
1,<environment.Job instance at 0x7f76f396d9b0>,7,12,[8 4],8,22,34,14,8
1,<environment.Job instance at 0x7f76f396de60>,8,2,[4 7],9,9,11,0,9
1,<environment.Job instance at 0x7f76f396ddc0>,9,22,[4 8],10,11,33,1,10
1,<environment.Job instance at 0x7f76f396d7d0>,10,1,[9 5],11,34,35,23,11
1,<environment.Job instance at 0x7f76f396de10>,12,22,[4 7],13,33,55,20,26
1,<environment.Job instance at 0x7f76f39b1870>,16,17,[5 4],17,35,52,18,26
1,<environment.Job instance at 0x7f76f39b15a0>,17,16,[1 6],18,52,68,34,39
1,<environment.Job instance at 0x7f76f39b1410>,18,12,[2 8],19,55,67,36,39
1,<environment.Job instance at 0x7f76f39b1af0>,20,20,[1 7],21,67,87,46,58
1,<environment.Job instance at 0x7f76f39b1320>,21,18,[9 3],22,68,86,46,58
1,<environment.Job instance at 0x7f76f39b1460>,22,16,[3 8],23,86,102,63,73
1,<environment.Job instance at 0x7f76f39b1550>,23,14,[6 2],24,87,101,63,73
1,<environment.Job instance at 0x7f76f39b12d0>,26,14,[4 7],27,101,115,74,86
1,<environment.Job instance at 0x7f76f39b1140>,31,14,[5 6],32,102,116,70,87
1,<environment.Job instance at 0x7f76f416d0a0>,0,24,[5 2],1,1,25,0,1
1,<environment.Job instance at 0x7f76f27fd1e0>,2,1,[ 4 12],3,3,4,0,3
1,<environment.Job instance at 0x7f76f416d230>,3,21,[5 2],4,4,25,0,4
1,<environment.Job instance at 0x7f76f416dcd0>,1,22,[1 5],2,5,27,3,5
1,<environment.Job instance at 0x7f76f416d6e0>,5,3,[8 4],6,25,28,19,6
1,<environment.Job instance at 0x7f76f3162c30>,12,18,[8 4],13,28,46,15,17
1,<environment.Job instance at 0x7f76f416d410>,6,16,[1 7],7,27,43,20,20
1,<environment.Job instance at 0x7f76f3162af0>,19,16,[6 3],20,27,43,7,27
1,<environment.Job instance at 0x7f76f3c074b0>,22,14,[3 7],23,43,57,20,28
1,<environment.Job instance at 0x7f76f3162500>,23,15,[4 7],24,46,61,22,32
1,<environment.Job instance at 0x7f76f3162550>,24,14,[8 2],25,57,71,32,42
1,<environment.Job instance at 0x7f76f3162820>,10,20,[1 7],11,61,81,50,52
1,<environment.Job instance at 0x7f76f30aa640>,26,16,[11  2],27,71,87,44,58
1,<environment.Job instance at 0x7f76f30aae60>,25,18,[4 9],26,81,99,55,70
1,<environment.Job instance at 0x7f76f30aa730>,30,17,[7 1],31,87,104,56,76
1,<environment.Job instance at 0x7f76f30aa690>,31,15,[9 5],32,104,119,72,90
1,<environment.Job instance at 0x7f7737922320>,1,15,[4 5],2,2,17,0,2
1,<environment.Job instance at 0x7f7737922230>,0,2,[6 2],1,2,4,1,2
1,<environment.Job instance at 0x7f77379221e0>,2,18,[ 3 10],3,4,22,1,3
1,<environment.Job instance at 0x7f772e1aa5f0>,5,18,[7 5],6,17,35,11,6
1,<environment.Job instance at 0x7f772e1aa500>,3,13,[3 8],4,22,35,18,6
1,<environment.Job instance at 0x7f772e1aaaf0>,11,1,[8 4],12,35,36,23,12
1,<environment.Job instance at 0x7f772e1aa780>,7,12,[7 2],8,35,47,27,18
1,<environment.Job instance at 0x7f772e1aaa50>,9,17,[8 1],10,36,53,26,24
1,<environment.Job instance at 0x7f772e1aaf00>,15,20,[3 5],16,47,67,31,38
1,<environment.Job instance at 0x7f772e1aa9b0>,10,14,[1 6],11,47,61,36,40
1,<environment.Job instance at 0x7f772e1aabe0>,12,13,[ 2 12],13,67,80,54,51
1,<environment.Job instance at 0x7f772e1ac190>,18,18,[3 6],19,80,98,61,69
1,<environment.Job instance at 0x7f772e1aab40>,13,15,[4 5],14,80,95,66,70
1,<environment.Job instance at 0x7f772e1ac370>,22,3,[4 6],23,95,98,72,70
1,<environment.Job instance at 0x7f772e1ac410>,23,18,[7 4],24,98,116,74,87
1,<environment.Job instance at 0x7f772e1ac550>,24,2,[ 3 12],25,116,118,91,89
1,<environment.Job instance at 0x7f772e1ac0a0>,25,16,[5 3],26,89,105,63,89
1,<environment.Job instance at 0x7f772e1aa7d0>,6,19,[1 7],7,118,137,111,108
1,<environment.Job instance at 0x7f772e6701e0>,0,13,[1 7],1,1,14,0,1
1,<environment.Job instance at 0x7f772e670820>,1,13,[12  3],2,2,15,0,2
1,<environment.Job instance at 0x7f772e3142d0>,2,14,[3 7],3,14,28,11,3
1,<environment.Job instance at 0x7f772e314fa0>,3,12,[6 5],4,15,27,11,4
1,<environment.Job instance at 0x7f772e314730>,8,14,[9 1],9,27,41,18,14
1,<environment.Job instance at 0x7f772e3143c0>,10,18,[ 3 12],11,28,46,17,18
1,<environment.Job instance at 0x7f772e3144b0>,9,15,[9 2],10,41,56,31,29
1,<environment.Job instance at 0x7f772e314050>,7,12,[6 1],8,46,58,38,29
1,<environment.Job instance at 0x7f772e314c80>,12,16,[1 8],13,56,72,43,43
1,<environment.Job instance at 0x7f772e314320>,11,21,[2 7],12,58,79,46,50
1,<environment.Job instance at 0x7f772dc79d70>,19,3,[14  4],20,79,82,59,53
1,<environment.Job instance at 0x7f772e1b5320>,5,17,[4 8],6,82,99,76,70
1,<environment.Job instance at 0x7f772dc5b780>,21,15,[8 1],22,82,97,60,70
1,<environment.Job instance at 0x7f772d8cf0f0>,23,3,[1 7],24,72,75,48,70
1,<environment.Job instance at 0x7f772dd9b910>,18,19,[4 7],19,97,116,78,87
1,<environment.Job instance at 0x7f772daf31e0>,26,16,[5 3],27,99,115,72,87
1,<environment.Job instance at 0x7f772e314960>,20,16,[9 4],21,115,131,94,104
1,<environment.Job instance at 0x7f772d8f5dc0>,32,14,[5 1],33,116,130,83,104
1,<environment.Job instance at 0x7f772d8f53c0>,33,3,[1 7],34,116,119,82,104
1,<environment.Job instance at 0x7f772d8cf190>,1,18,[ 1 10],2,2,20,0,2
1,<environment.Job instance at 0x7f772d8cf870>,3,19,[9 2],4,4,23,0,4
1,<environment.Job instance at 0x7f772d8cf280>,7,15,[5 6],8,20,35,12,8
1,<environment.Job instance at 0x7f772d8cfdc0>,9,17,[3 5],10,23,40,13,11
1,<environment.Job instance at 0x7f772d8cf5f0>,11,1,[7 2],12,23,24,11,12
1,<environment.Job instance at 0x7f772d8cf500>,0,16,[7 2],1,24,40,23,19
1,<environment.Job instance at 0x7f772daac2d0>,17,20,[5 2],18,35,55,17,26
1,<environment.Job instance at 0x7f772daac370>,22,16,[7 4],23,40,56,17,27
1,<environment.Job instance at 0x7f772daacd70>,23,16,[9 4],24,56,72,32,43
1,<environment.Job instance at 0x7f772daac640>,25,16,[7 4],26,72,88,46,59
1,<environment.Job instance at 0x7f772daf06e0>,29,21,[6 4],30,59,80,29,59
1,<environment.Job instance at 0x7f772daf0500>,30,17,[2 6],31,72,89,41,60
1,<environment.Job instance at 0x7f772daac410>,19,20,[6 2],20,80,100,60,72
1,<environment.Job instance at 0x7f772daf0d70>,33,2,[ 5 11],34,89,91,55,72
1,<environment.Job instance at 0x7f772daf0690>,34,1,[10  4],35,100,101,65,72
1,<environment.Job instance at 0x7f772daf0b90>,32,17,[8 5],33,101,118,68,89
1,<environment.Job instance at 0x7f772daf0910>,39,15,[5 7],40,91,106,51,90
1,<environment.Job instance at 0x7f772da84c30>,40,12,[6 2],41,106,118,65,90
1,<environment.Job instance at 0x7f772e6bd730>,44,12,[1 8],45,106,118,61,92
1,<environment.Job instance at 0x7f772daf0af0>,35,13,[11  1],36,118,131,82,102
1,<environment.Job instance at 0x7f772e200be0>,0,16,[ 5 13],1,1,17,0,1
1,<environment.Job instance at 0x7f772dbe8460>,1,2,[1 7],2,17,19,15,4
1,<environment.Job instance at 0x7f772dcf1e60>,3,13,[ 4 10],4,19,32,15,4
1,<environment.Job instance at 0x7f772e2ac370>,10,19,[1 8],11,32,51,21,22
1,<environment.Job instance at 0x7f772dda9410>,13,18,[11  4],14,22,40,8,22
1,<environment.Job instance at 0x7f772e8232d0>,15,20,[7 3],16,40,60,24,31
1,<environment.Job instance at 0x7f772e15bd20>,18,17,[6 3],19,40,57,21,31
1,<environment.Job instance at 0x7f772e15be60>,19,20,[6 2],20,57,77,37,48
1,<environment.Job instance at 0x7f772e15b050>,21,17,[2 8],22,51,68,29,48
1,<environment.Job instance at 0x7f772e5bb320>,24,14,[3 6],25,68,82,43,53
1,<environment.Job instance at 0x7f772de6f500>,28,16,[2 6],29,68,84,39,55
1,<environment.Job instance at 0x7f772db351e0>,4,16,[2 8],5,82,98,77,73
1,<environment.Job instance at 0x7f772d9be550>,33,27,[5 1],34,77,104,43,75
1,<environment.Job instance at 0x7f772db64c30>,32,22,[1 6],33,84,106,51,77
1,<environment.Job instance at 0x7f772dc827d0>,37,15,[1 9],38,104,119,66,90
1,<environment.Job instance at 0x7f772ddae8c0>,42,18,[ 2 10],43,119,137,76,108
1,<environment.Job instance at 0x7f772ddae6e0>,43,17,[7 1],44,108,125,64,108
1,<environment.Job instance at 0x7f772e893f50>,0,3,[ 2 10],1,2,5,1,2
1,<environment.Job instance at 0x7f772e88aa00>,2,3,[9 1],3,3,6,0,3
1,<environment.Job instance at 0x7f772e88a370>,4,2,[3 5],5,5,7,0,5
1,<environment.Job instance at 0x7f772e88adc0>,5,17,[1 8],6,6,23,0,6
1,<environment.Job instance at 0x7f772e88a2d0>,8,17,[9 1],9,9,26,0,9
1,<environment.Job instance at 0x7f772e899690>,9,3,[10  3],10,26,29,16,10
1,<environment.Job instance at 0x7f772e88a8c0>,3,24,[5 6],4,10,34,6,10
1,<environment.Job instance at 0x7f772e87c230>,15,14,[5 8],16,29,43,13,16
1,<environment.Job instance at 0x7f772e87c280>,16,28,[5 2],17,34,62,17,33
1,<environment.Job instance at 0x7f772e87cc30>,14,12,[3 5],15,34,46,19,33
1,<environment.Job instance at 0x7f772e87ca00>,10,12,[ 2 12],11,46,58,35,33
1,<environment.Job instance at 0x7f772e87cdc0>,11,16,[1 8],12,58,74,46,45
1,<environment.Job instance at 0x7f772e88da50>,21,14,[3 5],22,58,72,36,45
1,<environment.Job instance at 0x7f772e88d410>,22,3,[2 8],23,74,77,51,48
1,<environment.Job instance at 0x7f772e88d4b0>,23,14,[8 1],24,62,76,38,48
1,<environment.Job instance at 0x7f772e88db90>,24,1,[ 1 10],25,77,78,52,49
1,<environment.Job instance at 0x7f772e88dcd0>,25,17,[9 1],26,76,93,50,64
1,<environment.Job instance at 0x7f772e88deb0>,26,14,[ 2 10],27,78,92,51,64
1,<environment.Job instance at 0x7f772e88d190>,27,17,[7 4],28,93,110,65,81
1,<environment.Job instance at 0x7f772e88dd70>,28,2,[7 2],29,93,95,64,81
1,<environment.Job instance at 0x7f772e88d690>,29,15,[ 5 10],30,95,110,65,81
1,<environment.Job instance at 0x7f772e88d7d0>,30,13,[6 5],31,110,123,79,94
1,<environment.Job instance at 0x7f772e88d870>,31,25,[7 3],32,110,135,78,106
1,<environment.Job instance at 0x7f772d7a46e0>,0,2,[5 5],1,1,3,0,1
1,<environment.Job instance at 0x7f772d7a4500>,1,23,[5 7],2,3,26,1,3
1,<environment.Job instance at 0x7f772d7a4eb0>,2,3,[1 6],3,5,8,2,5
1,<environment.Job instance at 0x7f772d7a4960>,4,3,[4 9],5,26,29,21,5
1,<environment.Job instance at 0x7f772d7a4f50>,5,12,[ 2 10],6,29,41,23,12
1,<environment.Job instance at 0x7f772d7a4140>,8,16,[2 6],9,12,28,3,12
1,<environment.Job instance at 0x7f772d7a40a0>,10,14,[6 4],11,28,42,17,17
1,<environment.Job instance at 0x7f772d7955a0>,17,12,[6 1],18,29,41,11,19
1,<environment.Job instance at 0x7f772d795280>,18,2,[ 3 10],19,41,43,22,20
1,<environment.Job instance at 0x7f772d795af0>,19,3,[5 1],20,20,23,0,20
1,<environment.Job instance at 0x7f772d795910>,20,2,[11  4],21,42,44,21,21
1,<environment.Job instance at 0x7f772d7950f0>,16,14,[7 5],17,44,58,27,29
1,<environment.Job instance at 0x7f772d7a4050>,9,18,[3 6],10,43,61,33,32
1,<environment.Job instance at 0x7f772d797d20>,29,12,[8 2],30,58,70,28,41
1,<environment.Job instance at 0x7f772d7a4fa0>,7,12,[ 3 13],8,61,73,53,44
1,<environment.Job instance at 0x7f772d797f00>,31,15,[13  1],32,73,88,41,59
1,<environment.Job instance at 0x7f772d797e10>,32,2,[ 5 12],33,88,90,55,61
1,<environment.Job instance at 0x7f772d78df00>,37,18,[1 5],38,90,108,52,79
1,<environment.Job instance at 0x7f772d78d9b0>,39,3,[5 3],40,88,91,48,79
1,<environment.Job instance at 0x7f772d78ddc0>,41,20,[5 3],42,90,110,48,81
1,<environment.Job instance at 0x7f772d78d5f0>,42,12,[4 8],43,108,120,65,91
1,<environment.Job instance at 0x7f772d78db90>,43,12,[8 2],44,91,103,47,91
1,<environment.Job instance at 0x7f772d78d8c0>,44,17,[3 7],45,110,127,65,98
1,<environment.Job instance at 0x7f772d78d1e0>,48,12,[5 5],49,120,132,71,103
1,<environment.Job instance at 0x7f772d7b5f00>,2,16,[10  5],3,3,19,0,3
1,<environment.Job instance at 0x7f772d7b5410>,4,13,[7 5],5,19,32,14,5
1,<environment.Job instance at 0x7f772d7b5a00>,5,13,[1 8],6,9,22,3,9
1,<environment.Job instance at 0x7f772d7b5e60>,7,14,[1 7],8,22,36,14,10
1,<environment.Job instance at 0x7f772d7b5f50>,10,16,[11  3],11,32,48,21,19
1,<environment.Job instance at 0x7f772ecef5a0>,15,16,[9 4],16,48,64,32,35
1,<environment.Job instance at 0x7f772ecef730>,17,15,[10  4],18,64,79,46,50
1,<environment.Job instance at 0x7f772ecef370>,19,17,[3 9],20,57,74,37,57
1,<environment.Job instance at 0x7f772ecefd20>,21,14,[1 8],22,74,88,52,59
1,<environment.Job instance at 0x7f772ecefe10>,22,12,[5 6],23,79,91,56,62
1,<environment.Job instance at 0x7f772e87c550>,28,14,[6 3],29,88,102,59,73
1,<environment.Job instance at 0x7f772e87c870>,29,17,[4 5],30,88,105,58,76
1,<environment.Job instance at 0x7f772e87c9b0>,40,18,[6 5],41,102,120,61,91
1,<environment.Job instance at 0x7f772e824b90>,46,15,[3 7],47,105,120,58,91
1,<environment.Job instance at 0x7f772e066eb0>,51,14,[4 5],52,91,105,39,91
1,<environment.Job instance at 0x7f772e066cd0>,52,18,[2 5],53,120,138,67,109
1,<environment.Job instance at 0x7f772deea2d0>,1,16,[ 3 10],2,2,18,0,2
1,<environment.Job instance at 0x7f772dec9eb0>,3,3,[4 8],4,18,21,14,5
1,<environment.Job instance at 0x7f772db735a0>,10,19,[2 8],11,21,40,10,12
1,<environment.Job instance at 0x7f772e932a50>,4,13,[5 5],5,14,27,9,14
1,<environment.Job instance at 0x7f772dec9190>,0,16,[7 2],1,21,37,20,14
1,<environment.Job instance at 0x7f772db28f50>,16,14,[5 1],17,27,41,10,17
1,<environment.Job instance at 0x7f772df18aa0>,17,15,[7 3],18,37,52,19,23
1,<environment.Job instance at 0x7f772df42f00>,20,14,[7 5],21,41,55,20,26
1,<environment.Job instance at 0x7f772db41280>,22,17,[8 1],23,52,69,29,40
1,<environment.Job instance at 0x7f772db78410>,24,12,[6 4],25,55,67,30,40
1,<environment.Job instance at 0x7f772db78500>,25,12,[7 4],26,67,79,41,50
1,<environment.Job instance at 0x7f772e0cab90>,29,14,[4 7],30,69,83,39,54
1,<environment.Job instance at 0x7f772e0f3640>,30,16,[9 4],31,79,95,48,66
1,<environment.Job instance at 0x7f772df2a410>,14,12,[ 5 10],15,83,95,68,66
1,<environment.Job instance at 0x7f772db83870>,35,18,[5 5],36,95,113,59,84
1,<environment.Job instance at 0x7f772db83e10>,36,16,[5 5],37,95,111,58,84
1,<environment.Job instance at 0x7f772db615f0>,40,18,[1 5],41,95,113,54,86
1,<environment.Job instance at 0x7f772db83280>,41,18,[9 5],42,111,129,69,101
1,<environment.Job instance at 0x7f772e066c30>,2,16,[5 7],3,113,129,110,106
1,<environment.Job instance at 0x7f772db83aa0>,43,3,[1 9],44,129,132,85,106
1,<environment.Job instance at 0x7f772e834640>,0,13,[4 5],1,1,14,0,1
1,<environment.Job instance at 0x7f772e0f9be0>,1,12,[ 4 10],2,2,14,0,2
1,<environment.Job instance at 0x7f772db83aa0>,3,16,[ 2 10],4,14,30,10,4
1,<environment.Job instance at 0x7f772e834af0>,5,14,[5 9],6,30,44,24,15
1,<environment.Job instance at 0x7f772e805eb0>,10,23,[7 4],11,15,38,4,15
1,<environment.Job instance at 0x7f772e8057d0>,11,13,[8 2],12,38,51,26,26
1,<environment.Job instance at 0x7f772e805370>,21,16,[7 2],22,44,60,22,32
1,<environment.Job instance at 0x7f772e0af190>,32,13,[7 4],33,51,64,18,38
1,<environment.Job instance at 0x7f772e805a50>,12,12,[13  4],13,64,76,51,48
1,<environment.Job instance at 0x7f772e834e60>,7,14,[12  4],8,76,90,68,62
1,<environment.Job instance at 0x7f772e0af2d0>,42,18,[6 1],43,90,108,47,80
1,<environment.Job instance at 0x7f772e0afa00>,43,15,[2 8],44,80,95,36,80
1,<environment.Job instance at 0x7f772e0afaf0>,41,16,[4 8],42,95,111,53,83
1,<environment.Job instance at 0x7f772e0af960>,45,12,[6 1],46,108,120,62,91
1,<environment.Job instance at 0x7f772e0afe60>,46,25,[8 3],47,111,136,64,107
1,<environment.Job instance at 0x7f772e12e820>,3,23,[8 4],4,4,27,0,4
1,<environment.Job instance at 0x7f772ddf3aa0>,0,1,[ 1 11],1,4,5,3,4
1,<environment.Job instance at 0x7f772e0afe60>,4,1,[2 5],5,5,6,0,5
1,<environment.Job instance at 0x7f772d8fa0f0>,5,28,[ 4 10],6,6,34,0,6
1,<environment.Job instance at 0x7f772e12e6e0>,7,3,[5 6],8,34,37,26,8
1,<environment.Job instance at 0x7f772d8fa5f0>,10,18,[5 8],11,34,52,23,23
1,<environment.Job instance at 0x7f772d8ea870>,16,15,[4 5],17,37,52,20,23
1,<environment.Job instance at 0x7f772d8ea550>,18,17,[3 5],19,52,69,33,40
1,<environment.Job instance at 0x7f772d8ea370>,20,15,[5 8],21,52,67,31,40
1,<environment.Job instance at 0x7f772d8fb0a0>,11,17,[2 6],12,67,84,55,55
1,<environment.Job instance at 0x7f772e329dc0>,24,15,[7 4],25,67,82,42,55
1,<environment.Job instance at 0x7f772e329910>,25,24,[5 1],26,69,93,43,64
1,<environment.Job instance at 0x7f772e48e230>,26,13,[ 5 12],27,84,97,57,69
1,<environment.Job instance at 0x7f772e293820>,27,15,[8 1],28,93,108,65,79
1,<environment.Job instance at 0x7f772d8ea140>,23,19,[ 3 10],24,97,116,73,87
1,<environment.Job instance at 0x7f772e293960>,30,15,[5 5],31,108,123,77,94
1,<environment.Job instance at 0x7f772e351280>,31,16,[ 2 10],32,116,132,84,103
1,<environment.Job instance at 0x7f772dc7eaf0>,0,3,[14  4],1,2,5,1,2
1,<environment.Job instance at 0x7f772e351e10>,2,15,[3 9],3,5,20,2,3
1,<environment.Job instance at 0x7f772dc7ee60>,1,20,[3 6],2,5,25,3,3
1,<environment.Job instance at 0x7f772dc7e320>,4,3,[8 5],5,20,23,15,5
1,<environment.Job instance at 0x7f772dc7e870>,5,12,[ 1 10],6,25,37,19,8
1,<environment.Job instance at 0x7f772dc7e050>,13,13,[5 5],14,23,36,9,14
1,<environment.Job instance at 0x7f772db3f640>,14,14,[14  4],15,36,50,21,21
1,<environment.Job instance at 0x7f772db3feb0>,15,3,[4 8],16,50,53,34,24
1,<environment.Job instance at 0x7f772dc7e8c0>,8,25,[1 6],9,37,62,28,36
1,<environment.Job instance at 0x7f772db3f050>,17,1,[2 8],18,53,54,35,36
1,<environment.Job instance at 0x7f772db3f1e0>,16,17,[7 1],17,50,67,33,39
1,<environment.Job instance at 0x7f772db3f730>,19,14,[1 7],20,54,68,34,39
1,<environment.Job instance at 0x7f772db3f370>,20,13,[4 5],21,62,75,41,46
1,<environment.Job instance at 0x7f772e351870>,3,15,[5 5],4,68,83,64,54
1,<environment.Job instance at 0x7f772dc7efa0>,7,15,[10  2],8,75,90,67,61
1,<environment.Job instance at 0x7f772db3f960>,23,15,[5 5],24,83,98,59,69
1,<environment.Job instance at 0x7f772dc7e500>,12,22,[5 8],13,90,112,77,83
1,<environment.Job instance at 0x7f772db3fa50>,33,16,[4 6],34,98,114,64,85
1,<environment.Job instance at 0x7f772db78820>,38,16,[2 7],39,112,128,73,99
1,<environment.Job instance at 0x7f772db78230>,40,16,[7 3],41,114,130,73,101
1,<environment.Job instance at 0x7f772ed4a8c0>,3,3,[4 9],4,4,7,0,4
1,<environment.Job instance at 0x7f772ed4a820>,4,13,[8 2],5,5,18,0,5
1,<environment.Job instance at 0x7f772ed4a460>,7,16,[11  4],8,18,34,10,8
1,<environment.Job instance at 0x7f772ed4aeb0>,8,24,[3 5],9,9,33,0,9
1,<environment.Job instance at 0x7f772e64c1e0>,12,2,[1 9],13,33,35,20,22
1,<environment.Job instance at 0x7f772e64c050>,13,14,[5 1],14,34,48,20,22
1,<environment.Job instance at 0x7f772e64cdc0>,21,15,[6 1],22,34,49,12,22
1,<environment.Job instance at 0x7f772e64c5a0>,22,17,[ 3 13],23,35,52,12,27
1,<environment.Job instance at 0x7f772e64c820>,14,17,[9 2],15,49,66,34,44
1,<environment.Job instance at 0x7f772e64cf50>,23,28,[3 7],24,52,80,28,51
1,<environment.Job instance at 0x7f772e64c460>,25,19,[2 6],26,54,73,28,54
1,<environment.Job instance at 0x7f772e6253c0>,26,18,[3 5],27,73,91,46,62
1,<environment.Job instance at 0x7f772e625a00>,27,14,[ 4 10],28,80,94,52,65
1,<environment.Job instance at 0x7f772e6250f0>,28,1,[5 5],29,91,92,62,65
1,<environment.Job instance at 0x7f772e625460>,29,14,[ 5 13],30,94,108,64,79
1,<environment.Job instance at 0x7f772e6255a0>,30,16,[9 2],31,92,108,61,81
1,<environment.Job instance at 0x7f772e625e60>,32,21,[5 1],33,108,129,75,100
1,<environment.Job instance at 0x7f772e625fa0>,33,2,[8 2],34,108,110,74,100
1,<environment.Job instance at 0x7f772e625cd0>,31,21,[9 4],32,110,131,78,102
1,<environment.Job instance at 0x7f772e625aa0>,36,12,[1 9],37,108,120,71,102
1,<environment.Job instance at 0x7f772df78e60>,0,2,[10  2],1,1,3,0,1
1,<environment.Job instance at 0x7f772e625aa0>,2,17,[9 4],3,3,20,0,3
1,<environment.Job instance at 0x7f772eaaff00>,8,15,[1 5],9,10,25,1,10
1,<environment.Job instance at 0x7f772eaafb90>,11,13,[8 2],12,20,33,8,12
1,<environment.Job instance at 0x7f772eaaf5a0>,14,16,[4 6],15,15,31,0,15
1,<environment.Job instance at 0x7f772eaaf6e0>,15,15,[5 1],16,31,46,15,17
1,<environment.Job instance at 0x7f772df782d0>,9,16,[5 6],10,33,49,23,21
1,<environment.Job instance at 0x7f772eaaf690>,20,15,[10  4],21,46,61,25,32
1,<environment.Job instance at 0x7f772eaaf1e0>,21,16,[ 5 10],22,49,65,27,36
1,<environment.Job instance at 0x7f772eaafeb0>,28,13,[5 4],29,61,74,32,45
1,<environment.Job instance at 0x7f77373a4730>,30,15,[2 6],31,65,80,34,51
1,<environment.Job instance at 0x7f77373a4c80>,32,18,[10  2],33,74,92,41,65
1,<environment.Job instance at 0x7f772d97ea00>,48,14,[1 7],49,74,88,25,65
1,<environment.Job instance at 0x7f772df78280>,6,18,[4 5],7,80,98,73,69
1,<environment.Job instance at 0x7f77373a42d0>,29,27,[2 9],30,92,119,62,90
1,<environment.Job instance at 0x7f772d97e550>,56,26,[13  3],57,98,124,41,95
1,<environment.Job instance at 0x7f772dbd6a50>,1,2,[1 7],2,2,4,0,2
1,<environment.Job instance at 0x7f772de1a4b0>,0,24,[ 5 12],1,4,28,3,2
1,<environment.Job instance at 0x7f772d97e550>,2,3,[ 3 12],3,28,31,25,3
1,<environment.Job instance at 0x7f772d95a320>,6,16,[8 2],7,10,26,3,10
1,<environment.Job instance at 0x7f772d95a050>,10,12,[10  3],11,26,38,15,12
1,<environment.Job instance at 0x7f772d95aa00>,8,14,[4 7],9,31,45,22,18
1,<environment.Job instance at 0x7f772d95aaa0>,11,13,[10  4],12,38,51,26,22
1,<environment.Job instance at 0x7f772e2e21e0>,14,16,[6 1],15,51,67,36,38
1,<environment.Job instance at 0x7f772d95ae10>,12,20,[ 4 10],13,45,65,32,40
1,<environment.Job instance at 0x7f772e2e25f0>,21,25,[5 4],22,51,76,29,51
1,<environment.Job instance at 0x7f772e2e2b40>,22,2,[3 5],23,65,67,42,51
1,<environment.Job instance at 0x7f772e2e2d70>,23,12,[3 5],24,67,79,43,51
1,<environment.Job instance at 0x7f772e2e2a50>,24,2,[1 9],25,76,78,51,51
1,<environment.Job instance at 0x7f772e2e29b0>,25,1,[3 7],26,78,79,52,51
1,<environment.Job instance at 0x7f772d95a230>,3,17,[5 8],4,79,96,75,67
1,<environment.Job instance at 0x7f772e2e2f50>,27,20,[9 5],28,79,99,51,71
1,<environment.Job instance at 0x7f772e2e23c0>,28,16,[4 9],29,96,112,67,83
1,<environment.Job instance at 0x7f772e2e2320>,20,21,[9 5],21,99,120,78,97
1,<environment.Job instance at 0x7f772e753c30>,30,14,[5 4],31,112,126,81,97
1,<environment.Job instance at 0x7f772e7539b0>,31,15,[6 4],32,120,135,88,106
1,<environment.Job instance at 0x7f772e7535a0>,38,17,[1 6],39,112,129,73,106
1,<environment.Job instance at 0x7f772d797f00>,0,12,[5 4],1,1,13,0,1
1,<environment.Job instance at 0x7f772e7535a0>,2,13,[8 3],3,3,16,0,3
1,<environment.Job instance at 0x7f772d797690>,3,1,[ 2 13],4,16,17,12,5
1,<environment.Job instance at 0x7f772d7970f0>,9,12,[6 5],10,17,29,7,10
1,<environment.Job instance at 0x7f772e016d70>,10,21,[1 7],11,17,38,6,13
1,<environment.Job instance at 0x7f772e016050>,13,12,[5 3],14,17,29,3,14
1,<environment.Job instance at 0x7f772d797af0>,11,3,[7 3],12,29,32,17,21
1,<environment.Job instance at 0x7f772e016a00>,22,14,[9 2],23,32,46,9,23
1,<environment.Job instance at 0x7f772e016a50>,23,14,[7 2],24,46,60,22,31
1,<environment.Job instance at 0x7f772dbff910>,29,15,[3 8],30,38,53,8,31
1,<environment.Job instance at 0x7f772dbfff50>,30,14,[4 9],31,53,67,22,38
1,<environment.Job instance at 0x7f772e210320>,33,18,[10  4],34,60,78,26,49
1,<environment.Job instance at 0x7f772e210690>,36,20,[4 5],37,67,87,30,58
1,<environment.Job instance at 0x7f772e210730>,37,18,[4 6],38,78,96,40,67
1,<environment.Job instance at 0x7f772e2102d0>,38,14,[2 6],39,87,101,48,72
1,<environment.Job instance at 0x7f772d4ad7d0>,41,15,[2 7],42,96,111,54,82
1,<environment.Job instance at 0x7f772d4ad410>,42,16,[5 3],43,101,117,58,88
1,<environment.Job instance at 0x7f772d4ad4b0>,43,16,[2 7],44,111,127,67,98
1,<environment.Job instance at 0x7f772eb34730>,1,12,[7 2],2,2,14,0,2
1,<environment.Job instance at 0x7f772da8d780>,0,21,[4 8],1,2,23,1,2
1,<environment.Job instance at 0x7f772da8d640>,2,3,[1 7],3,14,17,11,3
1,<environment.Job instance at 0x7f772da8d2d0>,3,16,[3 5],4,17,33,13,4
1,<environment.Job instance at 0x7f772db15690>,4,3,[ 2 11],5,33,36,28,7
1,<environment.Job instance at 0x7f772db15b90>,7,3,[6 3],8,23,26,15,8
1,<environment.Job instance at 0x7f772db15550>,11,1,[ 3 13],12,36,37,24,13
1,<environment.Job instance at 0x7f772db15e10>,12,22,[ 2 11],13,37,59,24,30
1,<environment.Job instance at 0x7f772db15e60>,14,14,[ 4 10],15,59,73,44,44
1,<environment.Job instance at 0x7f772dc1b190>,15,13,[5 8],16,73,86,57,57
1,<environment.Job instance at 0x7f772dc1b5f0>,16,16,[5 2],17,58,74,41,58
1,<environment.Job instance at 0x7f772db15820>,9,15,[1 8],10,86,101,76,72
1,<environment.Job instance at 0x7f772dc1bc80>,17,20,[5 4],18,74,94,56,74
1,<environment.Job instance at 0x7f772dc1b960>,19,12,[7 5],20,94,106,74,77
1,<environment.Job instance at 0x7f772dc1bf50>,20,14,[7 5],21,101,115,80,86
1,<environment.Job instance at 0x7f772dc1ba00>,18,15,[ 3 10],19,106,121,87,92
1,<environment.Job instance at 0x7f772dc1b460>,23,2,[14  4],24,121,123,97,94
1,<environment.Job instance at 0x7f772dc1b870>,24,12,[5 1],25,123,135,98,106
1,<environment.Job instance at 0x7f772e252be0>,1,24,[5 2],2,2,26,0,2
1,<environment.Job instance at 0x7f772e91b5f0>,2,3,[11  2],3,26,29,23,3
1,<environment.Job instance at 0x7f772e91ba50>,3,22,[ 4 10],4,4,26,0,4
1,<environment.Job instance at 0x7f772e91bb90>,9,16,[2 6],10,26,42,16,13
1,<environment.Job instance at 0x7f772eb3dc30>,0,15,[1 5],1,26,41,25,13
1,<environment.Job instance at 0x7f772e91b9b0>,5,14,[7 4],6,29,43,23,15
1,<environment.Job instance at 0x7f772dd83460>,15,2,[3 8],16,42,44,26,16
1,<environment.Job instance at 0x7f772e91b8c0>,14,15,[1 8],15,44,59,29,31
1,<environment.Job instance at 0x7f772dd83500>,17,12,[10  4],18,43,55,25,31
1,<environment.Job instance at 0x7f772e91bd20>,13,12,[6 2],14,55,67,41,40
1,<environment.Job instance at 0x7f772dd835f0>,19,1,[3 6],20,59,60,39,40
1,<environment.Job instance at 0x7f772dd83a50>,20,2,[5 5],21,55,57,34,40
1,<environment.Job instance at 0x7f772dd833c0>,16,15,[9 1],17,60,75,43,47
1,<environment.Job instance at 0x7f772dd83190>,18,15,[10  4],19,75,90,56,61
1,<environment.Job instance at 0x7f772dd83230>,21,13,[ 5 11],22,67,80,45,61
1,<environment.Job instance at 0x7f772e91bd70>,11,17,[5 5],12,80,97,68,68
1,<environment.Job instance at 0x7f772ecd7b90>,25,3,[4 5],26,90,93,64,68
1,<environment.Job instance at 0x7f772ecd7af0>,27,13,[3 7],28,93,106,65,77
1,<environment.Job instance at 0x7f772ecd7780>,32,17,[9 3],33,97,114,64,86
1,<environment.Job instance at 0x7f772ecd7d70>,26,27,[ 3 12],27,106,133,79,104
1,<environment.Job instance at 0x7f772e2ff6e0>,3,15,[9 2],4,4,19,0,4
1,<environment.Job instance at 0x7f772e2ff5f0>,5,18,[1 6],6,6,24,0,6
1,<environment.Job instance at 0x7f772e2fc640>,8,3,[4 6],9,9,12,0,9
1,<environment.Job instance at 0x7f772e2fcf50>,9,21,[5 3],10,12,33,2,10
1,<environment.Job instance at 0x7f772e2fcb40>,13,13,[7 4],14,19,32,5,14
1,<environment.Job instance at 0x7f772e2fca00>,16,21,[1 6],17,24,45,7,17
1,<environment.Job instance at 0x7f772e2fcd70>,17,14,[8 4],18,32,46,14,20
1,<environment.Job instance at 0x7f772e2fc500>,18,3,[6 1],19,33,36,14,20
1,<environment.Job instance at 0x7f772eda48c0>,22,15,[2 8],23,45,60,22,31
1,<environment.Job instance at 0x7f772eda4870>,25,19,[5 4],26,46,65,20,38
1,<environment.Job instance at 0x7f772eda45f0>,19,12,[ 4 14],20,65,77,45,48
1,<environment.Job instance at 0x7f772eda4a00>,27,3,[ 5 13],28,77,80,49,51
1,<environment.Job instance at 0x7f772eda4cd0>,28,12,[5 7],29,80,92,51,63
1,<environment.Job instance at 0x7f772e2fca50>,15,18,[10  4],16,80,98,64,72
1,<environment.Job instance at 0x7f772eda49b0>,30,24,[5 2],31,92,116,61,88
1,<environment.Job instance at 0x7f772e306e60>,31,22,[1 5],32,98,120,66,91
1,<environment.Job instance at 0x7f772e306eb0>,32,1,[ 4 12],33,120,121,87,92
1,<environment.Job instance at 0x7f772e306780>,33,21,[5 2],34,98,119,64,94
1,<environment.Job instance at 0x7f772ddd2cd0>,1,3,[ 4 10],2,2,5,0,2
1,<environment.Job instance at 0x7f772ddd2b40>,2,15,[8 2],3,3,18,0,3
1,<environment.Job instance at 0x7f772ddd2c30>,4,3,[8 3],5,18,21,13,5
1,<environment.Job instance at 0x7f772ddd2f00>,5,1,[ 2 12],6,7,8,1,7
1,<environment.Job instance at 0x7f772ddd2190>,9,2,[9 2],10,21,23,11,10
1,<environment.Job instance at 0x7f772ddd2370>,10,16,[ 1 13],11,21,37,10,11
1,<environment.Job instance at 0x7f772d4987d0>,11,18,[ 3 13],12,37,55,25,26
1,<environment.Job instance at 0x7f772ddd27d0>,12,28,[7 1],13,31,59,18,31
1,<environment.Job instance at 0x7f772d498280>,14,15,[3 7],15,55,70,40,41
1,<environment.Job instance at 0x7f772d4989b0>,15,15,[6 4],16,59,74,43,45
1,<environment.Job instance at 0x7f772d498500>,16,15,[7 2],17,70,85,53,56
1,<environment.Job instance at 0x7f772d498b40>,18,15,[8 2],19,74,89,55,65
1,<environment.Job instance at 0x7f772d498460>,17,24,[12  2],18,89,113,71,84
1,<environment.Job instance at 0x7f772d498fa0>,20,25,[5 4],21,113,138,92,109
1,<environment.Job instance at 0x7f772d498870>,19,19,[8 2],20,113,132,93,109
1,<environment.Job instance at 0x7f772db53eb0>,0,15,[6 1],1,1,16,0,1
1,<environment.Job instance at 0x7f772d92f640>,5,15,[1 8],6,7,22,1,7
1,<environment.Job instance at 0x7f772dcb94b0>,8,12,[4 7],9,16,28,7,9
1,<environment.Job instance at 0x7f772dcb9640>,10,18,[5 6],11,22,40,11,12
1,<environment.Job instance at 0x7f772dcb9370>,6,20,[4 7],7,28,48,21,20
1,<environment.Job instance at 0x7f772dcb9960>,14,16,[13  2],15,48,64,33,35
1,<environment.Job instance at 0x7f772dcb9a00>,15,20,[1 6],16,40,60,24,35
1,<environment.Job instance at 0x7f772dcb9780>,20,3,[6 4],21,64,67,43,38
1,<environment.Job instance at 0x7f772dcb9e60>,22,15,[9 4],23,64,79,41,50
1,<environment.Job instance at 0x7f772dcb9fa0>,25,14,[7 3],26,79,93,53,64
1,<environment.Job instance at 0x7f772dca3050>,26,18,[2 8],27,67,85,40,64
1,<environment.Job instance at 0x7f772db53500>,1,24,[7 2],2,85,109,83,82
1,<environment.Job instance at 0x7f772dca3280>,30,22,[1 5],31,85,107,54,82
1,<environment.Job instance at 0x7f772dca33c0>,31,14,[11  2],32,109,123,77,94
1,<environment.Job instance at 0x7f772dca3460>,32,13,[6 2],33,94,107,61,94
1,<environment.Job instance at 0x7fdb474c5230>,0,2,[6 2],1,1,3,0,1
1,<environment.Job instance at 0x7fdb474c51e0>,1,15,[4 5],2,2,17,0,2
1,<environment.Job instance at 0x7fdb3dd4d500>,2,18,[ 3 10],3,3,21,0,3
1,<environment.Job instance at 0x7fdb3dd4d460>,5,18,[7 5],6,17,35,11,6
1,<environment.Job instance at 0x7fdb3dd4d640>,3,13,[3 8],4,21,34,17,7
1,<environment.Job instance at 0x7fdb3dd4daf0>,11,1,[8 4],12,34,35,22,12
1,<environment.Job instance at 0x7fdb3dd4d6e0>,9,17,[8 1],10,35,52,25,23
1,<environment.Job instance at 0x7fdb3dd4dc80>,13,15,[4 5],14,35,50,21,23
1,<environment.Job instance at 0x7fdb3dd4de10>,15,20,[3 5],16,35,55,19,26
1,<environment.Job instance at 0x7fdb3dd4de60>,16,19,[ 3 10],17,52,71,35,42
1,<environment.Job instance at 0x7fdb3dd4dfa0>,18,18,[3 6],19,71,89,52,60
1,<environment.Job instance at 0x7fdb3dd4f140>,19,21,[8 5],20,60,81,40,60
1,<environment.Job instance at 0x7fdb3dd4d910>,7,12,[7 2],8,81,93,73,66
1,<environment.Job instance at 0x7fdb3dd4f320>,22,3,[4 6],23,81,84,58,66
1,<environment.Job instance at 0x7fdb3dd4dbe0>,12,13,[ 2 12],13,89,102,76,73
1,<environment.Job instance at 0x7fdb3dd4f460>,24,2,[ 3 12],25,102,104,77,75
1,<environment.Job instance at 0x7fdb3dd4f410>,25,16,[5 3],26,93,109,67,82
1,<environment.Job instance at 0x7fdb3dd4f280>,21,22,[8 2],22,104,126,82,97
1,<environment.Job instance at 0x7fdb3dd4d9b0>,10,14,[1 6],11,104,118,93,97
1,<environment.Job instance at 0x7fdb3dd4fa50>,31,13,[4 5],32,109,122,77,98
1,<environment.Job instance at 0x7fdb3dd4faf0>,32,14,[8 3],33,126,140,93,111
1,<environment.Job instance at 0x7fdb3e514b40>,0,18,[ 3 12],1,1,19,0,1
1,<environment.Job instance at 0x7fdb3e4028c0>,7,1,[1 9],8,19,20,11,8
1,<environment.Job instance at 0x7fdb3e402500>,8,19,[4 7],9,20,39,11,10
1,<environment.Job instance at 0x7fdb3e402b40>,9,3,[14  4],10,39,42,29,13
1,<environment.Job instance at 0x7fdb3dd4faf0>,2,16,[1 8],3,20,36,17,14
1,<environment.Job instance at 0x7fdb3e402c80>,10,16,[9 4],11,42,58,31,29
1,<environment.Job instance at 0x7fdb3dd4f960>,1,21,[2 7],2,42,63,40,34
1,<environment.Job instance at 0x7fdb3e4022d0>,16,16,[5 3],17,58,74,41,45
1,<environment.Job instance at 0x7fdb3e4025a0>,11,15,[8 1],12,58,73,46,46
1,<environment.Job instance at 0x7fdb3d6a8960>,18,2,[3 6],19,73,75,54,46
1,<environment.Job instance at 0x7fdb3e402640>,14,19,[9 1],15,74,93,59,64
1,<environment.Job instance at 0x7fdb3d75e500>,21,18,[10  5],22,93,111,71,82
1,<environment.Job instance at 0x7fdb3d678410>,22,14,[5 1],23,82,96,59,82
1,<environment.Job instance at 0x7fdb3d49d8c0>,25,19,[1 5],26,96,115,70,86
1,<environment.Job instance at 0x7fdb3d467fa0>,29,15,[6 2],30,111,126,81,97
1,<environment.Job instance at 0x7fdb3d695c80>,30,15,[6 2],31,111,126,80,97
1,<environment.Job instance at 0x7fdb3d825780>,34,13,[2 6],35,111,124,76,97
1,<environment.Job instance at 0x7fdb3d7eb3c0>,36,16,[6 2],37,126,142,89,113
1,<environment.Job instance at 0x7fdb3d7ebf50>,39,14,[3 8],40,124,138,84,113
1,<environment.Job instance at 0x7fdb3d45c960>,2,16,[7 4],3,3,19,0,3
1,<environment.Job instance at 0x7fdb3d45c5f0>,5,16,[7 4],6,6,22,0,6
1,<environment.Job instance at 0x7fdb3d45c820>,6,3,[3 9],7,19,22,12,7
1,<environment.Job instance at 0x7fdb3d45caf0>,3,16,[9 4],4,22,38,18,9
1,<environment.Job instance at 0x7fdb3d45ccd0>,10,17,[2 6],11,22,39,11,11
1,<environment.Job instance at 0x7fdb3d45cc30>,14,1,[10  4],15,38,39,23,15
1,<environment.Job instance at 0x7fdb3d45ce10>,13,2,[ 5 11],14,39,41,25,17
1,<environment.Job instance at 0x7fdb3d45c2d0>,12,17,[8 5],13,41,58,28,29
1,<environment.Job instance at 0x7fdb3d45c640>,18,17,[1 7],19,41,58,22,30
1,<environment.Job instance at 0x7fdb3d45ce60>,15,13,[11  1],16,58,71,42,43
1,<environment.Job instance at 0x7fdb3d45cbe0>,20,12,[6 2],21,43,55,22,43
1,<environment.Job instance at 0x7fdb3d45c190>,21,2,[5 1],22,55,57,33,43
1,<environment.Job instance at 0x7fdb3d3fcb90>,22,23,[1 7],23,58,81,35,52
1,<environment.Job instance at 0x7fdb3d3fcdc0>,23,12,[12  2],24,71,83,47,55
1,<environment.Job instance at 0x7fdb3d3fc3c0>,24,12,[1 8],25,81,93,56,64
1,<environment.Job instance at 0x7fdb3d3fc280>,25,2,[14  3],26,83,85,57,64
1,<environment.Job instance at 0x7fdb3d45cd20>,19,15,[5 7],20,85,100,65,71
1,<environment.Job instance at 0x7fdb3d3fc960>,28,21,[9 5],29,93,114,64,85
1,<environment.Job instance at 0x7fdb3d3fceb0>,29,18,[10  2],30,114,132,84,103
1,<environment.Job instance at 0x7fdb3d3fc370>,32,14,[3 5],33,103,117,70,103
1,<environment.Job instance at 0x7fdb3d3fcb40>,35,20,[5 5],36,117,137,81,108
1,<environment.Job instance at 0x7fdb3d45c4b0>,16,12,[ 3 10],17,132,144,115,115
1,<environment.Job instance at 0x7fdb3dd0df50>,0,16,[ 3 12],1,1,17,0,1
1,<environment.Job instance at 0x7fdb3dd0d780>,1,16,[ 3 12],2,17,33,15,4
1,<environment.Job instance at 0x7fdb3d4975a0>,6,3,[5 9],7,33,36,26,9
1,<environment.Job instance at 0x7fdb3d497370>,9,3,[2 7],10,36,39,26,10
1,<environment.Job instance at 0x7fdb3dc1f5f0>,11,3,[4 7],12,36,39,24,21
1,<environment.Job instance at 0x7fdb3d497960>,12,18,[ 2 10],13,39,57,26,28
1,<environment.Job instance at 0x7fdb3d4976e0>,13,17,[7 1],14,28,45,14,28
1,<environment.Job instance at 0x7fdb3d497320>,7,15,[1 9],8,57,72,49,44
1,<environment.Job instance at 0x7fdb3e3077d0>,15,2,[6 3],16,44,46,28,44
1,<environment.Job instance at 0x7fdb3d497dc0>,8,12,[ 2 11],9,72,84,63,55
1,<environment.Job instance at 0x7fdb3e307320>,14,18,[3 8],15,84,102,69,73
1,<environment.Job instance at 0x7fdb3d930230>,17,20,[8 5],18,84,104,66,76
1,<environment.Job instance at 0x7fdb3da25370>,19,15,[4 9],20,102,117,82,89
1,<environment.Job instance at 0x7fdb3da25780>,21,14,[3 6],22,104,118,82,96
1,<environment.Job instance at 0x7fdb3e307f50>,16,24,[3 6],17,117,141,100,112
1,<environment.Job instance at 0x7fdb3da254b0>,24,3,[10  4],25,118,121,93,112
1,<environment.Job instance at 0x7fdb3da251e0>,25,20,[6 4],26,121,141,95,114
1,<environment.Job instance at 0x7fdb3e868640>,0,21,[5 6],1,1,22,0,1
1,<environment.Job instance at 0x7fdb3e868c30>,1,12,[5 6],2,2,14,0,2
1,<environment.Job instance at 0x7fdb3e86deb0>,2,1,[ 4 10],3,22,23,19,4
1,<environment.Job instance at 0x7fdb3da8a2d0>,11,22,[6 4],12,14,36,2,12
1,<environment.Job instance at 0x7fdb3da8a690>,14,17,[2 5],15,23,40,8,15
1,<environment.Job instance at 0x7fdb3da8aaa0>,15,14,[8 2],16,36,50,20,21
1,<environment.Job instance at 0x7fdb3da76be0>,16,2,[4 9],17,40,42,23,21
1,<environment.Job instance at 0x7fdb3da81e60>,19,18,[6 2],20,42,60,22,32
1,<environment.Job instance at 0x7fdb3da8acd0>,18,18,[8 2],19,50,68,31,39
1,<environment.Job instance at 0x7fdb3e86d780>,7,16,[4 5],8,60,76,52,48
1,<environment.Job instance at 0x7fdb3da81eb0>,21,18,[5 8],22,68,86,46,57
1,<environment.Job instance at 0x7fdb3da81230>,25,15,[6 5],26,76,91,50,62
1,<environment.Job instance at 0x7fdb3da74b40>,28,17,[7 3],29,86,103,57,74
1,<environment.Job instance at 0x7fdb3da74960>,31,20,[8 3],32,91,111,59,82
1,<environment.Job instance at 0x7fdb3da90410>,33,18,[5 7],34,103,121,69,92
1,<environment.Job instance at 0x7fdb3da905f0>,34,12,[3 8],35,111,123,76,94
1,<environment.Job instance at 0x7fdb3da90230>,37,16,[4 5],38,121,137,83,108
1,<environment.Job instance at 0x7fdb3d307460>,41,17,[10  4],42,123,140,81,111
1,<environment.Job instance at 0x7fdb3d3079b0>,1,14,[4 9],2,2,16,0,2
1,<environment.Job instance at 0x7fdb3d3071e0>,4,12,[4 8],5,16,28,11,5
1,<environment.Job instance at 0x7fdb3d307910>,7,1,[5 1],8,9,10,1,9
1,<environment.Job instance at 0x7fdb3d307050>,14,16,[5 5],15,15,31,0,15
1,<environment.Job instance at 0x7fdb3d3074b0>,13,1,[ 1 14],14,31,32,17,16
1,<environment.Job instance at 0x7fdb3d307a00>,15,12,[ 3 10],16,32,44,16,17
1,<environment.Job instance at 0x7fdb3e4356e0>,17,13,[8 5],18,32,45,14,18
1,<environment.Job instance at 0x7fdb3e4351e0>,18,13,[3 9],19,44,57,25,28
1,<environment.Job instance at 0x7fdb3e435640>,21,3,[5 9],22,28,31,6,28
1,<environment.Job instance at 0x7fdb3e435c30>,24,15,[2 5],25,45,60,20,31
1,<environment.Job instance at 0x7fdb3e435a00>,25,14,[4 8],26,57,71,31,42
1,<environment.Job instance at 0x7fdb3e435280>,26,16,[9 2],27,57,73,30,45
1,<environment.Job instance at 0x7fdb3d3072d0>,0,17,[2 7],1,71,88,70,59
1,<environment.Job instance at 0x7fdb3e435f00>,29,1,[3 6],30,71,72,41,59
1,<environment.Job instance at 0x7fdb3e435370>,30,13,[6 1],31,73,86,42,59
1,<environment.Job instance at 0x7fdb3d315eb0>,31,13,[1 8],32,86,99,54,70
1,<environment.Job instance at 0x7fdb3e435e10>,28,15,[9 1],29,88,103,59,74
1,<environment.Job instance at 0x7fdb3d3151e0>,34,13,[ 5 10],35,99,112,64,83
1,<environment.Job instance at 0x7fdb3d3150f0>,35,15,[6 1],36,103,118,67,89
1,<environment.Job instance at 0x7fdb3d315b90>,36,3,[7 4],37,112,115,75,89
1,<environment.Job instance at 0x7fdb3d315820>,38,15,[5 9],39,115,130,76,101
1,<environment.Job instance at 0x7fdb3d315aa0>,39,12,[10  3],40,118,130,78,101
1,<environment.Job instance at 0x7fdb3d315640>,40,17,[7 2],41,130,147,89,118
1,<environment.Job instance at 0x7fdb3db41c80>,1,23,[5 5],2,2,25,0,2
1,<environment.Job instance at 0x7fdb3da90410>,2,1,[12  2],3,25,26,22,5
1,<environment.Job instance at 0x7fdb3da90f50>,5,3,[12  1],6,26,29,20,6
1,<environment.Job instance at 0x7fdb3da900a0>,4,15,[10  3],5,7,22,2,7
1,<environment.Job instance at 0x7fdb3db7bb40>,6,13,[11  4],7,29,42,22,13
1,<environment.Job instance at 0x7fdb3db7b500>,12,2,[3 7],13,22,24,9,14
1,<environment.Job instance at 0x7fdb3da90780>,8,3,[14  3],9,42,45,33,16
1,<environment.Job instance at 0x7fdb3da90cd0>,0,26,[1 6],1,24,50,23,23
1,<environment.Job instance at 0x7fdb3db7bf00>,16,12,[9 1],17,45,57,28,31
1,<environment.Job instance at 0x7fdb3db7b910>,18,2,[4 7],19,45,47,26,31
1,<environment.Job instance at 0x7fdb3db7b050>,15,22,[5 5],16,47,69,31,40
1,<environment.Job instance at 0x7fdb3db7bf50>,14,18,[10  1],15,57,75,42,47
1,<environment.Job instance at 0x7fdb3db7b190>,23,21,[4 7],24,69,90,45,61
1,<environment.Job instance at 0x7fdb3db7b280>,20,20,[3 8],21,75,95,54,66
1,<environment.Job instance at 0x7fdb3db7b320>,26,1,[ 2 11],27,95,96,68,67
1,<environment.Job instance at 0x7fdb3db7b2d0>,13,16,[9 4],14,90,106,76,78
1,<environment.Job instance at 0x7fdb3db7b7d0>,25,15,[4 9],26,96,111,70,82
1,<environment.Job instance at 0x7fdb3db7be60>,17,26,[3 6],18,106,132,88,103
1,<environment.Job instance at 0x7fdb3e0e2780>,28,21,[7 5],29,111,132,82,104
1,<environment.Job instance at 0x7fdb3e71abe0>,33,12,[5 8],34,132,144,98,115
1,<environment.Job instance at 0x7fdb3d333230>,1,15,[6 2],2,2,17,0,2
1,<environment.Job instance at 0x7fdb3e71a7d0>,2,17,[7 4],3,3,20,0,3
1,<environment.Job instance at 0x7fdb3d49d370>,5,17,[3 5],6,17,34,11,6
1,<environment.Job instance at 0x7fdb3d49d820>,6,16,[3 9],7,20,36,13,7
1,<environment.Job instance at 0x7fdb3d470910>,14,18,[1 8],15,36,54,21,25
1,<environment.Job instance at 0x7fdb3d4707d0>,17,12,[2 8],18,54,66,36,37
1,<environment.Job instance at 0x7fdb3d48ec80>,18,14,[ 1 10],19,66,80,47,51
1,<environment.Job instance at 0x7fdb3d48e960>,19,18,[7 4],20,51,69,31,51
1,<environment.Job instance at 0x7fdb3d48e550>,20,19,[1 5],21,69,88,48,59
1,<environment.Job instance at 0x7fdb3dc79320>,21,14,[1 7],22,80,94,58,65
1,<environment.Job instance at 0x7fdb3dc79f50>,22,18,[6 4],23,88,106,65,77
1,<environment.Job instance at 0x7fdb3d479a50>,25,14,[3 9],26,94,108,68,79
1,<environment.Job instance at 0x7fdb3d479410>,27,14,[5 3],28,80,94,52,79
1,<environment.Job instance at 0x7fdb3dc8a4b0>,31,15,[7 3],32,106,121,74,92
1,<environment.Job instance at 0x7fdb3dc8a550>,32,17,[9 2],33,121,138,88,109
1,<environment.Job instance at 0x7fdb3e524cd0>,0,2,[ 1 13],1,1,3,0,1
1,<environment.Job instance at 0x7fdb3e5242d0>,4,22,[8 3],5,5,27,0,5
1,<environment.Job instance at 0x7fdb3e524190>,5,2,[8 2],6,27,29,21,6
1,<environment.Job instance at 0x7fdb3dc8a050>,1,17,[ 1 10],2,7,24,5,7
1,<environment.Job instance at 0x7fdb3e53d640>,9,16,[1 7],10,24,40,14,11
1,<environment.Job instance at 0x7fdb3e53d4b0>,11,18,[1 6],12,27,45,15,16
1,<environment.Job instance at 0x7fdb3e53ddc0>,13,14,[5 5],14,40,54,26,25
1,<environment.Job instance at 0x7fdb3e53d320>,18,15,[2 5],19,45,60,26,31
1,<environment.Job instance at 0x7fdb3e53db90>,19,18,[9 5],20,54,72,34,44
1,<environment.Job instance at 0x7fdb3e53d780>,23,16,[1 9],24,60,76,36,58
1,<environment.Job instance at 0x7fdb3e53de60>,24,17,[2 6],25,72,89,47,61
1,<environment.Job instance at 0x7fdb3e7861e0>,36,18,[10  2],37,76,94,39,70
1,<environment.Job instance at 0x7fdb3e786140>,39,15,[5 8],40,89,104,49,75
1,<environment.Job instance at 0x7fdb3e786e10>,40,18,[5 8],41,104,122,63,94
1,<environment.Job instance at 0x7fdb3e786780>,41,17,[2 6],42,94,111,52,94
1,<environment.Job instance at 0x7fdb3e75d370>,46,15,[4 5],47,111,126,64,97
1,<environment.Job instance at 0x7fdb3e75d140>,48,17,[3 5],49,122,139,73,110
1,<environment.Job instance at 0x7fdb3e75deb0>,50,15,[5 8],51,126,141,75,112
1,<environment.Job instance at 0x7fdb3e52ca00>,0,3,[1 9],1,1,4,0,1
1,<environment.Job instance at 0x7fdb3e52c550>,1,13,[4 6],2,2,15,0,2
1,<environment.Job instance at 0x7fdb3d3300a0>,3,12,[7 4],4,4,16,0,4
1,<environment.Job instance at 0x7fdb3d465e10>,4,1,[4 5],5,5,6,0,5
1,<environment.Job instance at 0x7fdb3d4654b0>,5,21,[8 1],6,15,36,9,7
1,<environment.Job instance at 0x7fdb3d4655a0>,8,18,[7 3],9,16,34,7,9
1,<environment.Job instance at 0x7fdb3d43ee60>,10,13,[ 5 11],11,34,47,23,18
1,<environment.Job instance at 0x7fdb3e8fa230>,13,12,[8 1],14,36,48,22,19
1,<environment.Job instance at 0x7fdb3e8fa190>,14,14,[10  2],15,48,62,33,37
1,<environment.Job instance at 0x7fdb3e8fa7d0>,11,19,[5 5],12,47,66,35,37
1,<environment.Job instance at 0x7fdb3e8fab90>,17,14,[4 9],18,62,76,44,47
1,<environment.Job instance at 0x7fdb3e8f0910>,21,20,[3 6],22,66,86,44,58
1,<environment.Job instance at 0x7fdb3e8f09b0>,22,15,[3 9],23,76,91,53,62
1,<environment.Job instance at 0x7fdb3e8f0b90>,23,15,[5 5],24,86,101,62,72
1,<environment.Job instance at 0x7fdb3d923140>,33,13,[5 5],34,91,104,57,75
1,<environment.Job instance at 0x7fdb3e88e780>,40,13,[4 5],41,91,104,50,86
1,<environment.Job instance at 0x7fdb3e54a4b0>,43,15,[5 5],44,101,116,57,87
1,<environment.Job instance at 0x7fdb3e1140f0>,53,16,[4 6],54,104,120,50,91
1,<environment.Job instance at 0x7fdb3e140910>,58,16,[2 7],59,116,132,57,103
1,<environment.Job instance at 0x7fdb3e140820>,60,16,[7 3],61,120,136,59,107
1,<environment.Job instance at 0x7fdb3e140f00>,61,12,[8 4],62,132,144,70,115
1,<environment.Job instance at 0x7fdb3d753eb0>,0,3,[ 2 14],1,2,5,1,2
1,<environment.Job instance at 0x7fdb3e4f16e0>,1,15,[9 2],2,5,20,3,2
1,<environment.Job instance at 0x7fdb3de75320>,7,3,[10  4],8,20,23,12,8
1,<environment.Job instance at 0x7fdb3de751e0>,8,13,[8 4],9,23,36,14,9
1,<environment.Job instance at 0x7fdb3de756e0>,13,3,[4 9],14,14,17,0,14
1,<environment.Job instance at 0x7fdb3de75f00>,14,13,[8 2],15,36,49,21,22
1,<environment.Job instance at 0x7fdb3de75550>,20,19,[ 5 13],21,36,55,15,31
1,<environment.Job instance at 0x7fdb3de925a0>,22,2,[1 9],23,31,33,8,31
1,<environment.Job instance at 0x7fdb3de92e10>,23,14,[5 1],24,49,63,25,34
1,<environment.Job instance at 0x7fdb3de92a50>,30,18,[8 1],31,55,73,24,44
1,<environment.Job instance at 0x7fdb3de92230>,31,15,[6 1],32,63,78,31,49
1,<environment.Job instance at 0x7fdb3de92730>,35,19,[2 6],36,73,92,37,63
1,<environment.Job instance at 0x7fdb3de92aa0>,36,18,[3 5],37,73,91,36,63
1,<environment.Job instance at 0x7fdb3de92870>,40,16,[9 2],41,78,94,37,71
1,<environment.Job instance at 0x7fdb3de92320>,41,21,[9 4],42,94,115,52,86
1,<environment.Job instance at 0x7fdb3d7b2a00>,46,12,[1 9],47,92,104,45,86
1,<environment.Job instance at 0x7fdb3de92b40>,21,24,[2 5],22,104,128,82,99
1,<environment.Job instance at 0x7fdb3d7b2aa0>,48,23,[2 6],49,104,127,55,99
1,<environment.Job instance at 0x7fdb3d7b2730>,49,16,[9 4],50,115,131,65,102
1,<environment.Job instance at 0x7fdb3d188f00>,0,2,[10  2],1,1,3,0,1
1,<environment.Job instance at 0x7fdb3d7b2730>,2,17,[9 4],3,3,20,0,3
1,<environment.Job instance at 0x7fdb3d188280>,5,2,[5 3],6,6,8,0,6
1,<environment.Job instance at 0x7fdb3d188550>,6,18,[4 5],7,8,26,1,7
1,<environment.Job instance at 0x7fdb3d188f50>,7,1,[6 1],8,20,21,12,8
1,<environment.Job instance at 0x7fdb3d188870>,8,15,[1 5],9,9,24,0,9
1,<environment.Job instance at 0x7fdb3d188910>,9,16,[5 6],10,24,40,14,11
1,<environment.Job instance at 0x7fdb3d188780>,11,13,[8 2],12,26,39,14,12
1,<environment.Job instance at 0x7fdb3d188410>,13,2,[8 2],14,21,23,7,14
1,<environment.Job instance at 0x7fdb3d3c5820>,17,1,[ 4 12],18,40,41,22,18
1,<environment.Job instance at 0x7fdb3d3c5140>,18,3,[10  5],19,41,44,22,19
1,<environment.Job instance at 0x7fdb3d3c5640>,16,3,[2 7],17,26,29,9,20
1,<environment.Job instance at 0x7fdb3d188820>,15,15,[5 1],16,39,54,23,29
1,<environment.Job instance at 0x7fdb3d3c5be0>,19,16,[13  1],20,54,70,34,41
1,<environment.Job instance at 0x7fdb3d3c5f00>,22,3,[13  2],23,70,73,47,44
1,<environment.Job instance at 0x7fdb3d3c5730>,21,16,[ 5 10],22,73,89,51,62
1,<environment.Job instance at 0x7fdb3d3c5af0>,20,15,[10  4],21,73,88,52,69
1,<environment.Job instance at 0x7fdb3d3c51e0>,23,28,[ 1 14],24,89,117,65,88
1,<environment.Job instance at 0x7fdb3d3c53c0>,28,13,[5 4],29,117,130,88,111
1,<environment.Job instance at 0x7fdb3d3c5550>,29,27,[2 9],30,117,144,87,115
1,<environment.Job instance at 0x7fdb3daaceb0>,0,12,[10  3],1,1,13,0,1
1,<environment.Job instance at 0x7fdb3daac410>,1,13,[10  4],2,13,26,11,2
1,<environment.Job instance at 0x7fdb3d97b280>,2,20,[ 4 10],3,3,23,0,3
1,<environment.Job instance at 0x7fdb471115a0>,3,1,[ 3 10],4,23,24,19,5
1,<environment.Job instance at 0x7fdb47111500>,5,14,[ 4 10],6,24,38,18,11
1,<environment.Job instance at 0x7fdb3d3c5550>,4,16,[6 1],5,26,42,21,15
1,<environment.Job instance at 0x7fdb3e594640>,12,2,[3 5],13,38,40,25,17
1,<environment.Job instance at 0x7fdb3e5945f0>,9,24,[4 8],10,38,62,28,33
1,<environment.Job instance at 0x7fdb3e594280>,14,2,[1 9],15,62,64,47,35
1,<environment.Job instance at 0x7fdb3e594d70>,15,1,[3 7],16,42,43,26,35
1,<environment.Job instance at 0x7fdb3e5945a0>,13,12,[3 5],14,43,55,29,35
1,<environment.Job instance at 0x7fdb3e594e60>,10,21,[9 5],11,55,76,44,49
1,<environment.Job instance at 0x7fdb3e594b90>,18,16,[4 9],19,64,80,45,51
1,<environment.Job instance at 0x7fdb3e594f00>,20,14,[5 4],21,76,90,55,61
1,<environment.Job instance at 0x7fdb3e594550>,21,15,[6 4],22,80,95,58,66
1,<environment.Job instance at 0x7fdb3e5946e0>,28,17,[1 6],29,80,97,51,69
1,<environment.Job instance at 0x7fdb3e594410>,29,13,[9 4],30,95,108,65,79
1,<environment.Job instance at 0x7fdb46f42230>,30,13,[4 8],31,97,110,66,82
1,<environment.Job instance at 0x7fdb46f42640>,37,12,[5 8],38,110,122,72,93
1,<environment.Job instance at 0x7fdb3e594910>,17,20,[9 5],18,108,128,90,104
1,<environment.Job instance at 0x7fdb46f42910>,40,15,[1 6],41,122,137,81,108
1,<environment.Job instance at 0x7fdb46f42140>,39,15,[4 8],40,128,143,88,114
1,<environment.Job instance at 0x7fdb3e51b230>,1,23,[2 9],2,2,25,0,2
1,<environment.Job instance at 0x7fdb46f42b90>,2,14,[9 2],3,3,17,0,3
1,<environment.Job instance at 0x7fdb3e86e1e0>,3,14,[7 2],4,17,31,13,4
1,<environment.Job instance at 0x7fdb3db40780>,9,15,[3 8],10,25,40,15,11
1,<environment.Job instance at 0x7fdb3db405a0>,12,2,[14  1],13,40,42,27,14
1,<environment.Job instance at 0x7fdb3db40140>,10,14,[4 9],11,42,56,31,27
1,<environment.Job instance at 0x7fdb3db401e0>,16,20,[4 5],17,42,62,25,33
1,<environment.Job instance at 0x7fdb46f5fc30>,17,18,[4 6],18,56,74,38,45
1,<environment.Job instance at 0x7fdb46f5f140>,18,14,[2 6],19,62,76,43,47
1,<environment.Job instance at 0x7fdb46f5f690>,21,15,[2 7],22,74,89,52,60
1,<environment.Job instance at 0x7fdb46f5f370>,22,16,[5 3],23,76,92,53,63
1,<environment.Job instance at 0x7fdb46f5f5a0>,23,16,[2 7],24,89,105,65,76
1,<environment.Job instance at 0x7fdb46f5f2d0>,25,12,[5 9],26,105,117,79,88
1,<environment.Job instance at 0x7fdb46f5f6e0>,27,15,[1 7],28,117,132,89,103
1,<environment.Job instance at 0x7fdb46f5fd70>,28,17,[6 2],29,103,120,74,103
1,<environment.Job instance at 0x7fdb46f5f050>,31,18,[2 5],32,117,135,85,106
1,<environment.Job instance at 0x7fdb3d9cf640>,42,14,[3 7],43,132,146,89,117
1,<environment.Job instance at 0x7fdb3d9cfb90>,46,14,[10  3],47,120,134,73,118
1,<environment.Job instance at 0x7fdb3e222dc0>,0,1,[14  4],1,1,2,0,1
1,<environment.Job instance at 0x7fdb3e222820>,9,12,[6 5],10,10,22,0,10
1,<environment.Job instance at 0x7fdb3e2221e0>,11,15,[9 1],12,12,27,0,12
1,<environment.Job instance at 0x7fdb3e222280>,13,16,[8 4],14,27,43,13,14
1,<environment.Job instance at 0x7fdb3d226230>,16,15,[1 8],17,22,37,5,17
1,<environment.Job instance at 0x7fdb3d226910>,20,14,[5 3],21,22,36,1,21
1,<environment.Job instance at 0x7fdb3d9cfaa0>,1,2,[14  4],2,43,45,41,22
1,<environment.Job instance at 0x7fdb3d2260f0>,26,18,[5 3],27,45,63,18,34
1,<environment.Job instance at 0x7fdb3e4399b0>,28,15,[5 7],29,45,60,16,34
1,<environment.Job instance at 0x7fdb3e439dc0>,33,16,[9 4],34,60,76,26,47
1,<environment.Job instance at 0x7fdb3e439f00>,35,17,[5 5],36,63,80,27,51
1,<environment.Job instance at 0x7fdb3d671730>,50,16,[9 5],51,76,92,25,64
1,<environment.Job instance at 0x7fdb3d96eb40>,63,16,[10  4],64,92,108,28,79
1,<environment.Job instance at 0x7fdb3d96e2d0>,71,17,[9 5],72,108,125,36,96
1,<environment.Job instance at 0x7fdb3e2821e0>,79,15,[5 5],80,96,111,16,96
1,<environment.Job instance at 0x7fdb3d435cd0>,85,14,[7 4],86,125,139,39,110
1,<environment.Job instance at 0x7fdb3d435e60>,91,17,[5 5],92,111,128,19,110
1,<environment.Job instance at 0x7fdb3ddb9910>,1,2,[8 2],2,2,4,0,2
1,<environment.Job instance at 0x7fdb3ddb92d0>,3,17,[3 5],4,4,21,0,4
1,<environment.Job instance at 0x7fdb3ddb91e0>,5,15,[7 1],6,7,22,1,7
1,<environment.Job instance at 0x7fdb3ddb96e0>,7,12,[8 4],8,21,33,13,8
1,<environment.Job instance at 0x7fdb3ddb9050>,8,2,[4 7],9,9,11,0,9
1,<environment.Job instance at 0x7fdb3ddd7c80>,11,17,[ 2 10],12,22,39,10,12
1,<environment.Job instance at 0x7fdb3ddd7cd0>,16,17,[5 4],17,33,50,16,22
1,<environment.Job instance at 0x7fdb3ddd78c0>,17,16,[1 6],18,39,55,21,26
1,<environment.Job instance at 0x7fdb3ddd7050>,18,12,[2 8],19,50,62,31,33
1,<environment.Job instance at 0x7fdb3ddd7f50>,20,20,[1 7],21,55,75,34,46
1,<environment.Job instance at 0x7fdb3ddd7af0>,21,18,[9 3],22,62,80,40,51
1,<environment.Job instance at 0x7fdb3ddd79b0>,22,16,[3 8],23,75,91,52,62
1,<environment.Job instance at 0x7fdb3ddd7500>,23,14,[6 2],24,80,94,56,65
1,<environment.Job instance at 0x7fdb3db6d410>,26,14,[4 7],27,91,105,64,76
1,<environment.Job instance at 0x7fdb3db6d050>,31,14,[5 6],32,91,105,59,76
1,<environment.Job instance at 0x7fdb3db6de60>,36,16,[3 6],37,105,121,68,92
1,<environment.Job instance at 0x7fdb3db6da00>,38,13,[1 7],39,105,118,66,92
1,<environment.Job instance at 0x7fdb3db6dc30>,40,18,[8 2],41,105,123,64,94
1,<environment.Job instance at 0x7fdb3ddf2d20>,47,15,[9 4],48,123,138,75,109
1,<environment.Job instance at 0x7fdb3e053cd0>,0,23,[5 5],1,1,24,0,1
1,<environment.Job instance at 0x7fdb3ddf25a0>,1,1,[7 4],2,2,3,0,2
1,<environment.Job instance at 0x7fdb3d55d870>,2,14,[3 7],3,3,17,0,3
1,<environment.Job instance at 0x7fdb3d55d5a0>,3,15,[4 7],4,17,32,13,4
1,<environment.Job instance at 0x7fdb3d55d500>,8,1,[1 5],9,24,25,15,9
1,<environment.Job instance at 0x7fdb3e06d910>,9,1,[14  3],10,32,33,22,10
1,<environment.Job instance at 0x7fdb3d55d460>,11,15,[9 5],12,33,48,21,19
1,<environment.Job instance at 0x7fdb3d55df50>,4,14,[8 2],5,48,62,43,33
1,<environment.Job instance at 0x7fdb3e06d370>,10,17,[7 1],11,48,65,37,36
1,<environment.Job instance at 0x7fdb3cffba00>,16,17,[7 1],17,62,79,45,50
1,<environment.Job instance at 0x7fdb3cffb0f0>,21,16,[8 1],22,65,81,43,53
1,<environment.Job instance at 0x7fdb3cffba50>,23,13,[8 1],24,81,94,57,65
1,<environment.Job instance at 0x7fdb3cffbe10>,27,21,[1 9],28,79,100,51,71
1,<environment.Job instance at 0x7fdb3cffbf00>,28,17,[3 5],29,79,96,50,71
1,<environment.Job instance at 0x7fdb3cffb140>,17,13,[9 3],18,96,109,78,83
1,<environment.Job instance at 0x7fdb3e27c2d0>,29,17,[5 8],30,100,117,70,88
1,<environment.Job instance at 0x7fdb3e27c960>,32,12,[3 9],33,117,129,84,100
1,<environment.Job instance at 0x7fdb46f81b90>,38,16,[5 5],39,109,125,70,100
1,<environment.Job instance at 0x7fdb3e27cdc0>,30,14,[7 5],31,125,139,94,110
1,<environment.Job instance at 0x7fdb46f81eb0>,42,16,[4 6],43,129,145,86,119
1,<environment.Job instance at 0x7fdb3d067500>,2,18,[1 8],3,3,21,0,3
1,<environment.Job instance at 0x7fdb3d067b90>,3,13,[3 7],4,4,17,0,4
1,<environment.Job instance at 0x7fdb3df56640>,6,12,[10  3],7,17,29,10,7
1,<environment.Job instance at 0x7fdb3df565a0>,7,16,[5 7],8,21,37,13,8
1,<environment.Job instance at 0x7fdb3df56780>,11,18,[10  4],12,29,47,17,20
1,<environment.Job instance at 0x7fdb3df56960>,13,12,[1 8],14,37,49,23,21
1,<environment.Job instance at 0x7fdb3df56b90>,17,15,[ 5 10],18,49,64,31,35
1,<environment.Job instance at 0x7fdb3cfd3f50>,19,16,[6 1],20,47,63,27,35
1,<environment.Job instance at 0x7fdb3df56190>,21,17,[8 3],22,63,80,41,51
1,<environment.Job instance at 0x7fdb3df55780>,24,13,[5 6],25,64,77,39,51
1,<environment.Job instance at 0x7fdb3df55370>,25,19,[6 1],26,77,96,51,67
1,<environment.Job instance at 0x7fdb3e461410>,28,17,[1 7],29,77,94,48,67
1,<environment.Job instance at 0x7fdb3de03870>,29,13,[8 2],30,80,93,50,67
1,<environment.Job instance at 0x7fdb3e461320>,31,13,[10  3],32,96,109,64,80
1,<environment.Job instance at 0x7fdb3df56550>,12,14,[ 4 10],13,94,108,81,81
1,<environment.Job instance at 0x7fdb3e6c2d70>,32,17,[3 6],33,108,125,75,96
1,<environment.Job instance at 0x7fdb3e6c2fa0>,34,18,[6 3],35,109,127,74,98
1,<environment.Job instance at 0x7fdb3df56910>,10,15,[1 9],11,125,140,114,111
1,<environment.Job instance at 0x7fdb3e8658c0>,1,12,[5 4],2,2,14,0,2
1,<environment.Job instance at 0x7fdb3e865af0>,3,12,[2 5],4,4,16,0,4
1,<environment.Job instance at 0x7fdb3e865910>,4,16,[4 5],5,5,21,0,5
1,<environment.Job instance at 0x7fdb3e865fa0>,5,16,[3 8],6,16,32,10,6
1,<environment.Job instance at 0x7fdb3e8653c0>,6,16,[4 5],7,21,37,14,8
1,<environment.Job instance at 0x7fdb3e865320>,12,2,[ 5 11],13,37,39,24,15
1,<environment.Job instance at 0x7fdb3e865cd0>,11,12,[3 9],12,39,51,27,22
1,<environment.Job instance at 0x7fdb3e865780>,14,14,[2 5],15,39,53,24,24
1,<environment.Job instance at 0x7fdb3e865b40>,13,13,[ 2 13],14,53,66,39,41
1,<environment.Job instance at 0x7fdb3d35af50>,20,3,[8 2],21,51,54,30,41
1,<environment.Job instance at 0x7fdb3d35afa0>,21,15,[11  3],22,66,81,44,56
1,<environment.Job instance at 0x7fdb3d35af00>,19,20,[9 5],20,81,101,61,72
1,<environment.Job instance at 0x7fdb3d35ab90>,24,14,[5 5],25,81,95,56,72
1,<environment.Job instance at 0x7fdb3d35ac80>,25,18,[8 4],26,101,119,75,90
1,<environment.Job instance at 0x7fdb3d35a9b0>,26,12,[3 5],27,95,107,68,90
1,<environment.Job instance at 0x7fdb3e242e60>,28,16,[1 7],29,107,123,78,99
1,<environment.Job instance at 0x7fdb3e242140>,30,12,[10  5],31,119,131,88,102
1,<environment.Job instance at 0x7fdb3e242550>,37,15,[5 5],38,123,138,85,113
1,<environment.Job instance at 0x7fdb3d6a44b0>,3,13,[6 1],4,4,17,0,4
1,<environment.Job instance at 0x7fdb3e242690>,6,12,[7 4],7,7,19,0,7
1,<environment.Job instance at 0x7fdb3d6a4870>,9,12,[2 9],10,10,22,0,10
1,<environment.Job instance at 0x7fdb3d6a49b0>,10,3,[5 1],11,17,20,6,11
1,<environment.Job instance at 0x7fdb3d6a4be0>,12,15,[2 9],13,22,37,9,13
1,<environment.Job instance at 0x7fdb3d6a4d70>,14,18,[1 9],15,37,55,22,26
1,<environment.Job instance at 0x7fdb3d6a4f00>,16,21,[10  3],17,26,47,9,26
1,<environment.Job instance at 0x7fdb3d6a4cd0>,18,14,[4 9],19,55,69,36,40
1,<environment.Job instance at 0x7fdb3d6a4d20>,19,17,[9 1],20,47,64,27,40
1,<environment.Job instance at 0x7fdb3d69a1e0>,20,21,[2 5],21,47,68,26,40
1,<environment.Job instance at 0x7fdb3d69a320>,22,20,[5 4],23,68,88,45,59
1,<environment.Job instance at 0x7fdb3d69a3c0>,23,20,[5 8],24,69,89,45,61
1,<environment.Job instance at 0x7fdb3d69a460>,24,22,[7 5],25,88,110,63,81
1,<environment.Job instance at 0x7fdb3d69a960>,31,12,[9 3],32,110,122,78,93
1,<environment.Job instance at 0x7fdb3d69aaa0>,33,21,[4 5],34,93,114,59,93
1,<environment.Job instance at 0x7fdb3d69abe0>,35,18,[ 4 10],36,114,132,78,103
1,<environment.Job instance at 0x7fdb3d69ad20>,37,13,[7 3],38,122,135,84,106
1,<environment.Job instance at 0x7fdb3d69af50>,40,12,[3 8],41,132,144,91,115
1,<environment.Job instance at 0x7f664270f230>,0,2,[6 2],1,1,3,0,1
1,<environment.Job instance at 0x7f664270f1e0>,1,15,[4 5],2,2,17,0,2
1,<environment.Job instance at 0x7f6638f97500>,2,18,[ 3 10],3,3,21,0,3
1,<environment.Job instance at 0x7f6638f97640>,3,13,[3 8],4,21,34,17,5
1,<environment.Job instance at 0x7f6638f97960>,7,12,[7 2],8,17,29,9,9
1,<environment.Job instance at 0x7f6638f97b40>,9,17,[8 1],10,29,46,19,17
1,<environment.Job instance at 0x7f6638f97d20>,13,15,[4 5],14,21,36,7,17
1,<environment.Job instance at 0x7f6638f97e10>,15,20,[3 5],16,34,54,18,25
1,<environment.Job instance at 0x7f6638f97eb0>,16,19,[ 3 10],17,46,65,29,36
1,<environment.Job instance at 0x7f6638f97aa0>,18,18,[3 6],19,65,83,46,54
1,<environment.Job instance at 0x7f6638f9b050>,19,21,[8 5],20,54,75,34,54
1,<environment.Job instance at 0x7f6638f97a50>,10,14,[1 6],11,75,89,64,60
1,<environment.Job instance at 0x7f6638f9b2d0>,22,3,[4 6],23,83,86,60,60
1,<environment.Job instance at 0x7f6638f976e0>,5,18,[7 5],6,86,104,80,75
1,<environment.Job instance at 0x7f6638f9b410>,24,2,[ 3 12],25,104,106,79,77
1,<environment.Job instance at 0x7f6638f9b6e0>,25,16,[5 3],26,77,93,51,77
1,<environment.Job instance at 0x7f6638f9b230>,21,22,[8 2],22,93,115,71,89
1,<environment.Job instance at 0x7f6638f9b960>,30,15,[8 2],31,115,130,84,101
1,<environment.Job instance at 0x7f6638f9ba00>,31,13,[4 5],32,106,119,74,101
1,<environment.Job instance at 0x7f6638f9baa0>,32,14,[8 3],33,130,144,97,115
1,<environment.Job instance at 0x7f6638f9b500>,26,20,[4 8],27,123,143,96,123
1,<environment.Job instance at 0x7f6638fa1c30>,1,15,[8 1],2,2,17,0,2
1,<environment.Job instance at 0x7f663945e410>,6,16,[5 3],7,8,24,1,8
1,<environment.Job instance at 0x7f66393b5690>,8,2,[3 6],9,17,19,8,10
1,<environment.Job instance at 0x7f6638f9b500>,5,23,[7 3],6,17,40,11,11
1,<environment.Job instance at 0x7f66393b5410>,11,18,[10  5],12,40,58,28,29
1,<environment.Job instance at 0x7f66393b51e0>,12,14,[5 1],13,29,43,16,29
1,<environment.Job instance at 0x7f66394621e0>,15,19,[1 5],16,43,62,27,33
1,<environment.Job instance at 0x7f6639089910>,19,15,[6 2],20,58,73,38,44
1,<environment.Job instance at 0x7f6639089d20>,20,15,[6 2],21,58,73,37,44
1,<environment.Job instance at 0x7f6639089780>,24,13,[2 6],25,58,71,33,44
1,<environment.Job instance at 0x7f6639089640>,26,16,[6 2],27,73,89,46,60
1,<environment.Job instance at 0x7f66386bda00>,29,14,[3 8],30,71,85,41,60
1,<environment.Job instance at 0x7f66388e8a50>,31,17,[3 8],32,85,102,53,73
1,<environment.Job instance at 0x7f66389cf6e0>,32,16,[3 9],33,102,118,69,89
1,<environment.Job instance at 0x7f66389aa6e0>,34,14,[ 4 10],35,118,132,83,103
1,<environment.Job instance at 0x7f6638b275a0>,38,13,[1 9],39,132,145,93,116
1,<environment.Job instance at 0x7f6638a206e0>,41,18,[11  2],42,116,134,74,116
1,<environment.Job instance at 0x7f6638a34230>,42,18,[4 6],43,134,152,91,123
1,<environment.Job instance at 0x7f66386c1230>,0,12,[6 2],1,1,13,0,1
1,<environment.Job instance at 0x7f66386c1c80>,1,2,[5 1],2,2,4,0,2
1,<environment.Job instance at 0x7f66386bd690>,3,12,[12  2],4,13,25,9,5
1,<environment.Job instance at 0x7f66386c1a00>,5,2,[14  3],6,25,27,19,6
1,<environment.Job instance at 0x7f66386c12d0>,7,2,[14  5],8,27,29,19,8
1,<environment.Job instance at 0x7f66386c10f0>,4,12,[1 8],5,9,21,4,9
1,<environment.Job instance at 0x7f66386c1f00>,9,18,[10  2],10,29,47,19,18
1,<environment.Job instance at 0x7f66386c1780>,12,14,[3 5],13,29,43,16,18
1,<environment.Job instance at 0x7f66386c10a0>,2,23,[1 7],3,24,47,21,24
1,<environment.Job instance at 0x7f66386c1550>,14,1,[8 5],15,47,48,32,24
1,<environment.Job instance at 0x7f66386c1e60>,10,12,[12  4],11,48,60,37,36
1,<environment.Job instance at 0x7f66386c1af0>,16,18,[4 9],17,60,78,43,49
1,<environment.Job instance at 0x7f663877cd70>,23,13,[5 7],24,78,91,54,62
1,<environment.Job instance at 0x7f663877caa0>,25,16,[6 2],26,62,78,36,62
1,<environment.Job instance at 0x7f663877cc80>,29,16,[7 2],30,78,94,48,65
1,<environment.Job instance at 0x7f663877c5a0>,32,12,[2 7],33,91,103,58,74
1,<environment.Job instance at 0x7f66387850a0>,36,18,[7 1],37,94,112,57,83
1,<environment.Job instance at 0x7f6638785a00>,41,15,[4 8],42,103,118,61,89
1,<environment.Job instance at 0x7f66387854b0>,46,14,[5 3],47,112,126,65,97
1,<environment.Job instance at 0x7f6638785fa0>,47,14,[8 5],48,118,132,70,103
1,<environment.Job instance at 0x7f66386c1320>,15,20,[5 5],16,126,146,110,120
1,<environment.Job instance at 0x7f66387853c0>,48,22,[9 3],49,132,154,83,125
1,<environment.Job instance at 0x7f66386da0f0>,0,13,[4 9],1,1,14,0,1
1,<environment.Job instance at 0x7f6638acc640>,1,12,[8 2],2,2,14,0,2
1,<environment.Job instance at 0x7f66386e2a50>,5,22,[7 4],6,14,36,8,8
1,<environment.Job instance at 0x7f6638acc2d0>,4,21,[3 9],5,14,35,9,8
1,<environment.Job instance at 0x7f6638ac5a50>,9,3,[1 6],10,35,38,25,10
1,<environment.Job instance at 0x7f66386e2780>,6,2,[14  3],7,36,38,29,12
1,<environment.Job instance at 0x7f6638ed30f0>,11,17,[2 6],12,38,55,26,26
1,<environment.Job instance at 0x7f6638af00f0>,16,14,[9 5],17,38,52,21,26
1,<environment.Job instance at 0x7f6638ae94b0>,19,17,[2 8],20,52,69,32,40
1,<environment.Job instance at 0x7f6638f55a50>,21,15,[5 1],22,52,67,30,40
1,<environment.Job instance at 0x7f6638f557d0>,22,16,[3 9],23,69,85,46,56
1,<environment.Job instance at 0x7f6638a4b370>,24,18,[6 3],25,56,74,31,56
1,<environment.Job instance at 0x7f6638f558c0>,25,18,[9 2],26,74,92,48,63
1,<environment.Job instance at 0x7f6638936870>,26,12,[4 7],27,85,97,58,68
1,<environment.Job instance at 0x7f6638936500>,27,12,[3 9],28,97,109,69,80
1,<environment.Job instance at 0x7f6638a59af0>,30,16,[2 7],31,109,125,78,96
1,<environment.Job instance at 0x7f6638f55cd0>,31,20,[7 4],32,96,116,64,96
1,<environment.Job instance at 0x7f6638aa8fa0>,44,15,[6 4],45,109,124,64,96
1,<environment.Job instance at 0x7f6638aa8f00>,47,15,[5 7],48,124,139,76,110
1,<environment.Job instance at 0x7f6638aa8af0>,48,13,[7 1],49,116,129,67,110
1,<environment.Job instance at 0x7f6638aa8460>,49,16,[2 6],50,125,141,75,112
1,<environment.Job instance at 0x7f6638ed3960>,10,13,[14  4],11,141,154,130,127
1,<environment.Job instance at 0x7f6638cbc4b0>,1,17,[10  4],2,2,19,0,2
1,<environment.Job instance at 0x7f6639ad1460>,5,1,[4 9],6,6,7,0,6
1,<environment.Job instance at 0x7f6639ad1730>,3,16,[8 4],4,19,35,15,6
1,<environment.Job instance at 0x7f6639ad12d0>,2,2,[2 5],3,7,9,4,6
1,<environment.Job instance at 0x7f6638e289b0>,6,15,[5 7],7,9,24,2,7
1,<environment.Job instance at 0x7f6639ad1280>,4,12,[ 2 13],5,35,47,30,20
1,<environment.Job instance at 0x7f6638e334b0>,19,12,[5 5],20,47,59,27,30
1,<environment.Job instance at 0x7f6638e33730>,22,14,[8 4],23,47,61,24,32
1,<environment.Job instance at 0x7f6638e0f4b0>,23,12,[5 9],24,59,71,35,42
1,<environment.Job instance at 0x7f6638e0fa00>,25,18,[6 1],26,61,79,35,50
1,<environment.Job instance at 0x7f6638e0fd20>,26,12,[4 7],27,71,83,44,54
1,<environment.Job instance at 0x7f6638e0f460>,28,14,[10  4],29,79,93,50,64
1,<environment.Job instance at 0x7f6638e0f5a0>,29,20,[2 6],30,83,103,53,74
1,<environment.Job instance at 0x7f6638e1b5f0>,38,16,[2 6],39,93,109,54,80
1,<environment.Job instance at 0x7f6638e1b370>,39,18,[3 6],40,103,121,63,92
1,<environment.Job instance at 0x7f6638e1b410>,40,14,[6 4],41,109,123,68,94
1,<environment.Job instance at 0x7f6638e05e60>,46,14,[7 5],47,121,135,74,106
1,<environment.Job instance at 0x7f6638579eb0>,51,14,[9 5],52,135,149,83,120
1,<environment.Job instance at 0x7f66385850f0>,59,12,[8 2],60,123,135,63,121
1,<environment.Job instance at 0x7f6638585370>,63,16,[5 5],64,135,151,71,122
1,<environment.Job instance at 0x7f66385a10a0>,67,18,[1 5],68,135,153,67,124
1,<environment.Job instance at 0x7f6639409550>,0,20,[4 5],1,1,21,0,1
1,<environment.Job instance at 0x7f66385a03c0>,2,17,[2 6],3,3,20,0,3
1,<environment.Job instance at 0x7f6639409c30>,5,1,[4 9],6,20,21,14,6
1,<environment.Job instance at 0x7f6639409640>,6,12,[3 5],7,21,33,14,7
1,<environment.Job instance at 0x7f6639409f50>,9,17,[4 7],10,21,38,11,12
1,<environment.Job instance at 0x7f6639409690>,12,16,[10  5],13,33,49,20,20
1,<environment.Job instance at 0x7f66394092d0>,14,13,[7 5],15,49,62,34,33
1,<environment.Job instance at 0x7f66394095a0>,15,13,[1 8],16,38,51,22,34
1,<environment.Job instance at 0x7f6639409eb0>,17,14,[1 7],18,51,65,33,36
1,<environment.Job instance at 0x7f6639ac7c80>,25,16,[9 4],26,62,78,36,49
1,<environment.Job instance at 0x7f6639ac7870>,27,15,[10  4],28,78,93,50,64
1,<environment.Job instance at 0x7f66389dcb40>,29,17,[3 9],30,65,82,35,64
1,<environment.Job instance at 0x7f66389dc9b0>,31,14,[1 8],32,82,96,50,67
1,<environment.Job instance at 0x7f66389dcaf0>,32,12,[5 6],33,93,105,60,76
1,<environment.Job instance at 0x7f66389dc0a0>,38,14,[6 3],39,96,110,57,81
1,<environment.Job instance at 0x7f66389dc190>,39,17,[4 5],40,96,113,56,84
1,<environment.Job instance at 0x7f66389ec5f0>,50,18,[6 5],51,110,128,59,99
1,<environment.Job instance at 0x7f66389ecbe0>,55,12,[1 7],56,113,125,57,99
1,<environment.Job instance at 0x7f66389ecb90>,56,15,[3 7],57,125,140,68,111
1,<environment.Job instance at 0x7f66389ecdc0>,59,16,[5 1],60,111,127,51,111
1,<environment.Job instance at 0x7f66389ec050>,61,14,[4 5],62,128,142,66,113
1,<environment.Job instance at 0x7f66389ec1e0>,62,18,[2 5],63,140,158,77,129
1,<environment.Job instance at 0x7f66389ec280>,64,14,[1 7],65,142,156,77,129
1,<environment.Job instance at 0x7f66390c0aa0>,4,12,[ 5 10],5,5,17,0,5
1,<environment.Job instance at 0x7f66390c0140>,6,14,[5 1],7,7,21,0,7
1,<environment.Job instance at 0x7f66390c0a00>,7,15,[7 3],8,17,32,9,8
1,<environment.Job instance at 0x7f6638639690>,12,17,[8 1],13,21,38,8,14
1,<environment.Job instance at 0x7f6638f3ba50>,14,12,[6 4],15,32,44,17,15
1,<environment.Job instance at 0x7f6638f3b820>,15,12,[7 4],16,38,50,22,23
1,<environment.Job instance at 0x7f6638f3b0a0>,19,14,[4 7],20,44,58,24,29
1,<environment.Job instance at 0x7f6638f3bf00>,20,16,[9 4],21,50,66,29,37
1,<environment.Job instance at 0x7f6638f3b140>,22,14,[ 2 10],23,58,72,35,48
1,<environment.Job instance at 0x7f66390c0730>,10,14,[7 5],11,66,80,55,51
1,<environment.Job instance at 0x7f6638f3baa0>,24,16,[ 3 10],25,72,88,47,59
1,<environment.Job instance at 0x7f6638f3bd70>,26,16,[5 5],27,80,96,53,67
1,<environment.Job instance at 0x7f6638f3be60>,27,17,[ 3 10],28,88,105,60,77
1,<environment.Job instance at 0x7f6638f3b8c0>,28,13,[3 9],29,105,118,76,89
1,<environment.Job instance at 0x7f6638f3b190>,30,18,[1 5],31,96,114,65,89
1,<environment.Job instance at 0x7f664235b0f0>,31,18,[9 5],32,114,132,82,103
1,<environment.Job instance at 0x7f664235baa0>,32,19,[4 5],33,118,137,85,108
1,<environment.Job instance at 0x7f664235be10>,35,12,[2 6],36,132,144,96,115
1,<environment.Job instance at 0x7f66388e1d70>,38,13,[5 5],39,137,150,98,121
1,<environment.Job instance at 0x7f66388e1e60>,40,16,[8 3],41,132,148,91,121
1,<environment.Job instance at 0x7f6638e2db90>,1,22,[7 2],2,2,24,0,2
1,<environment.Job instance at 0x7f66389aec80>,2,13,[7 4],3,3,16,0,3
1,<environment.Job instance at 0x7f66389b6140>,4,21,[4 9],5,16,37,11,11
1,<environment.Job instance at 0x7f6638d31b90>,9,12,[3 9],10,37,49,27,20
1,<environment.Job instance at 0x7f6638e309b0>,3,14,[10  2],4,24,38,20,21
1,<environment.Job instance at 0x7f6638d31f00>,10,20,[5 7],11,49,69,38,40
1,<environment.Job instance at 0x7f6638d31fa0>,12,18,[6 1],13,40,58,27,40
1,<environment.Job instance at 0x7f6638986e10>,13,15,[2 8],14,58,73,44,44
1,<environment.Job instance at 0x7f66389863c0>,15,12,[6 1],16,69,81,53,52
1,<environment.Job instance at 0x7f66388e11e0>,6,21,[ 4 11],7,73,94,66,65
1,<environment.Job instance at 0x7f6638986f00>,19,1,[7 4],20,69,70,49,65
1,<environment.Job instance at 0x7f6638986690>,20,16,[1 7],21,94,110,73,81
1,<environment.Job instance at 0x7f6638982230>,21,3,[2 7],22,94,97,72,81
1,<environment.Job instance at 0x7f6638986f50>,22,18,[2 7],23,97,115,74,86
1,<environment.Job instance at 0x7f66389825a0>,23,15,[4 7],24,110,125,86,96
1,<environment.Job instance at 0x7f6638986a50>,18,16,[10  5],19,115,131,96,102
1,<environment.Job instance at 0x7f6638976230>,26,16,[9 4],27,131,147,104,118
1,<environment.Job instance at 0x7f6638986fa0>,11,16,[4 8],12,125,141,113,119
1,<environment.Job instance at 0x7f663940e7d0>,33,13,[1 8],34,141,154,107,127
1,<environment.Job instance at 0x7f6638ff2280>,1,13,[13  4],2,3,16,1,3
1,<environment.Job instance at 0x7f6638ff2b90>,2,17,[2 5],3,3,20,0,3
1,<environment.Job instance at 0x7f663940e7d0>,3,17,[3 6],4,16,33,12,4
1,<environment.Job instance at 0x7f6639437cd0>,4,13,[12  4],5,20,33,15,6
1,<environment.Job instance at 0x7f6638fc4a00>,8,12,[6 3],9,33,45,24,16
1,<environment.Job instance at 0x7f6638fc4e60>,11,12,[4 6],12,33,45,21,16
1,<environment.Job instance at 0x7f6638fc4320>,12,13,[2 6],13,33,46,20,17
1,<environment.Job instance at 0x7f6638fc44b0>,14,15,[8 4],15,45,60,30,31
1,<environment.Job instance at 0x7f6638fc4820>,21,13,[3 9],22,46,59,24,31
1,<environment.Job instance at 0x7f663961c500>,28,18,[9 5],29,60,78,31,49
1,<environment.Job instance at 0x7f663961c280>,30,20,[9 5],31,78,98,47,69
1,<environment.Job instance at 0x7f663961c0a0>,32,19,[7 5],33,98,117,65,88
1,<environment.Job instance at 0x7f663961caf0>,34,14,[5 8],35,97,111,62,97
1,<environment.Job instance at 0x7f663961c910>,35,13,[7 2],36,111,124,75,97
1,<environment.Job instance at 0x7f663961cbe0>,37,17,[7 2],38,117,134,79,105
1,<environment.Job instance at 0x7f663961cb90>,39,21,[5 5],40,124,145,84,116
1,<environment.Job instance at 0x7f663961c320>,41,13,[4 6],42,134,147,92,118
1,<environment.Job instance at 0x7f663961c230>,43,12,[7 4],44,145,157,101,128
1,<environment.Job instance at 0x7f663869b3c0>,2,2,[5 7],3,3,5,0,3
1,<environment.Job instance at 0x7f66394635f0>,5,14,[9 1],6,6,20,0,6
1,<environment.Job instance at 0x7f6639463fa0>,6,12,[10  4],7,20,32,13,7
1,<environment.Job instance at 0x7f6639463cd0>,10,15,[ 1 10],11,11,26,0,11
1,<environment.Job instance at 0x7f66386aa730>,11,17,[5 1],12,26,43,14,14
1,<environment.Job instance at 0x7f66386aa500>,14,16,[3 8],15,32,48,17,19
1,<environment.Job instance at 0x7f6639451dc0>,17,12,[4 7],18,43,55,25,26
1,<environment.Job instance at 0x7f66394630a0>,13,1,[13  2],14,55,56,41,28
1,<environment.Job instance at 0x7f6639451a00>,16,18,[9 2],17,56,74,39,45
1,<environment.Job instance at 0x7f66394518c0>,20,27,[6 1],21,56,83,35,54
1,<environment.Job instance at 0x7f6639451370>,21,14,[4 8],22,74,88,52,59
1,<environment.Job instance at 0x7f66394510a0>,15,21,[9 4],16,83,104,67,75
1,<environment.Job instance at 0x7f6639451190>,23,12,[1 6],24,88,100,64,75
1,<environment.Job instance at 0x7f663946bd20>,25,14,[8 4],26,104,118,78,89
1,<environment.Job instance at 0x7f6639451e60>,22,17,[ 5 11],23,100,117,77,92
1,<environment.Job instance at 0x7f663944fbe0>,31,15,[9 2],32,118,133,86,104
1,<environment.Job instance at 0x7f66393d2320>,38,13,[8 4],39,133,146,94,117
1,<environment.Job instance at 0x7f66388fcc30>,1,25,[5 4],2,2,27,0,2
1,<environment.Job instance at 0x7f66394ff8c0>,2,22,[ 2 10],3,3,25,0,3
1,<environment.Job instance at 0x7f66388fcf00>,3,3,[13  4],4,27,30,23,4
1,<environment.Job instance at 0x7f66388fcd70>,6,16,[1 7],7,25,41,18,12
1,<environment.Job instance at 0x7f66393941e0>,10,17,[5 7],11,30,47,19,18
1,<environment.Job instance at 0x7f6639394cd0>,11,17,[6 2],12,41,58,29,29
1,<environment.Job instance at 0x7f6639394f50>,14,15,[8 2],15,47,62,32,33
1,<environment.Job instance at 0x7f6639394a50>,18,16,[10  3],19,62,78,43,49
1,<environment.Job instance at 0x7f6639394e60>,22,17,[9 4],23,78,95,55,67
1,<environment.Job instance at 0x7f6639394aa0>,26,18,[4 5],27,67,85,40,67
1,<environment.Job instance at 0x7f6639394460>,28,15,[1 5],29,67,82,38,67
1,<environment.Job instance at 0x7f6639394af0>,29,16,[5 6],30,85,101,55,72
1,<environment.Job instance at 0x7f6638e3d6e0>,31,13,[8 2],32,95,108,63,79
1,<environment.Job instance at 0x7f6638e3d910>,34,16,[4 6],35,101,117,66,88
1,<environment.Job instance at 0x7f6638e3d640>,35,15,[5 1],36,108,123,72,94
1,<environment.Job instance at 0x7f6638e3dfa0>,40,15,[10  4],41,117,132,76,103
1,<environment.Job instance at 0x7f6638e3d0f0>,41,16,[ 5 10],42,123,139,81,110
1,<environment.Job instance at 0x7f66383ccb40>,0,24,[ 5 12],1,1,25,0,1
1,<environment.Job instance at 0x7f6638e3d500>,1,2,[1 7],2,25,27,23,2
1,<environment.Job instance at 0x7f66383cc0f0>,6,16,[8 2],7,7,23,0,7
1,<environment.Job instance at 0x7f66383cc050>,8,14,[4 7],9,25,39,16,10
1,<environment.Job instance at 0x7f6638490280>,10,12,[10  3],11,27,39,16,11
1,<environment.Job instance at 0x7f66384909b0>,11,13,[10  4],12,39,52,27,23
1,<environment.Job instance at 0x7f6638490af0>,14,16,[6 1],15,52,68,37,39
1,<environment.Job instance at 0x7f6638490b90>,15,14,[ 4 10],16,39,53,23,39
1,<environment.Job instance at 0x7f66383cc3c0>,2,3,[ 3 12],3,53,56,50,46
1,<environment.Job instance at 0x7f66383cca50>,9,2,[11  4],10,68,70,58,46
1,<environment.Job instance at 0x7f6638490820>,22,2,[3 5],23,56,58,33,46
1,<environment.Job instance at 0x7f66383cc4b0>,12,20,[ 4 10],13,58,78,45,54
1,<environment.Job instance at 0x7f6638642230>,24,2,[1 9],25,56,58,31,54
1,<environment.Job instance at 0x7f66386424b0>,25,1,[3 7],26,78,79,52,54
1,<environment.Job instance at 0x7f6638490cd0>,23,12,[3 5],24,70,82,46,62
1,<environment.Job instance at 0x7f6638490870>,21,25,[5 4],22,79,104,57,76
1,<environment.Job instance at 0x7f6638642870>,28,16,[4 9],29,82,98,53,76
1,<environment.Job instance at 0x7f6638490370>,20,21,[9 5],21,98,119,77,90
1,<environment.Job instance at 0x7f6638642820>,30,14,[5 4],31,104,118,73,90
1,<environment.Job instance at 0x7f6638642320>,31,15,[6 4],32,118,133,86,104
1,<environment.Job instance at 0x7f6638642aa0>,38,17,[1 6],39,119,136,80,107
1,<environment.Job instance at 0x7f6638642dc0>,39,13,[9 4],40,133,146,93,117
1,<environment.Job instance at 0x7f6638642910>,40,13,[4 8],41,136,149,95,120
1,<environment.Job instance at 0x7f6638731550>,2,14,[9 2],3,3,17,0,3
1,<environment.Job instance at 0x7f66383efb40>,3,14,[7 2],4,17,31,13,4
1,<environment.Job instance at 0x7f6638731c30>,1,23,[2 9],2,4,27,2,4
1,<environment.Job instance at 0x7f6639aec8c0>,9,15,[3 8],10,27,42,17,13
1,<environment.Job instance at 0x7f6639aec0a0>,10,14,[4 9],11,42,56,31,27
1,<environment.Job instance at 0x7f6639aecb90>,13,18,[10  4],14,31,49,17,27
1,<environment.Job instance at 0x7f6639aec320>,17,18,[4 6],18,49,67,31,38
1,<environment.Job instance at 0x7f6639aecdc0>,18,14,[2 6],19,56,70,37,42
1,<environment.Job instance at 0x7f6639aecd20>,22,16,[5 3],23,56,72,33,46
1,<environment.Job instance at 0x7f6639aec370>,23,16,[2 7],24,70,86,46,57
1,<environment.Job instance at 0x7f6639b1f690>,27,15,[1 7],28,72,87,44,58
1,<environment.Job instance at 0x7f6639aecb40>,14,22,[ 2 10],15,87,109,72,80
1,<environment.Job instance at 0x7f66397d77d0>,54,18,[9 3],55,93,111,38,93
1,<environment.Job instance at 0x7f66383efb90>,4,15,[ 3 11],5,109,124,104,95
1,<environment.Job instance at 0x7f66397d7410>,61,14,[5 6],62,124,138,62,109
1,<environment.Job instance at 0x7f6638bdec80>,62,16,[8 4],63,111,127,48,109
1,<environment.Job instance at 0x7f66397d75a0>,60,17,[4 8],61,127,144,66,119
1,<environment.Job instance at 0x7f6638bdef00>,67,17,[8 4],68,138,155,70,126
1,<environment.Job instance at 0x7f66398dd550>,1,15,[9 1],2,2,17,0,2
1,<environment.Job instance at 0x7f66398dd460>,0,2,[ 3 14],1,4,6,3,4
1,<environment.Job instance at 0x7f66391977d0>,3,16,[8 4],4,17,33,13,4
1,<environment.Job instance at 0x7f6638bdef00>,4,2,[7 4],5,17,19,12,5
1,<environment.Job instance at 0x7f6639197410>,5,2,[2 6],6,6,8,0,6
1,<environment.Job instance at 0x7f6638a85820>,6,15,[1 8],7,19,34,12,9
1,<environment.Job instance at 0x7f6638a85370>,10,14,[5 3],11,19,33,8,11
1,<environment.Job instance at 0x7f6638a855a0>,16,18,[5 3],17,33,51,16,22
1,<environment.Job instance at 0x7f6638a85cd0>,18,15,[5 7],19,34,49,15,22
1,<environment.Job instance at 0x7f6638a85a50>,21,13,[5 4],22,33,46,11,22
1,<environment.Job instance at 0x7f66392e9410>,23,16,[9 4],24,49,65,25,36
1,<environment.Job instance at 0x7f66392e9140>,25,17,[5 5],26,51,68,25,39
1,<environment.Job instance at 0x7f66392e9280>,29,14,[6 2],30,65,79,35,50
1,<environment.Job instance at 0x7f66392e9870>,30,13,[6 5],31,68,81,37,52
1,<environment.Job instance at 0x7f66392e90f0>,36,21,[7 4],37,79,100,42,71
1,<environment.Job instance at 0x7f66392e9eb0>,37,20,[3 9],38,81,101,43,72
1,<environment.Job instance at 0x7f66382d55a0>,40,16,[9 5],41,100,116,59,87
1,<environment.Job instance at 0x7f66382d53c0>,45,13,[9 3],46,116,129,70,100
1,<environment.Job instance at 0x7f66382d5050>,47,20,[7 3],48,129,149,81,120
1,<environment.Job instance at 0x7f6638417910>,1,18,[9 3],2,2,20,0,2
1,<environment.Job instance at 0x7f66382d57d0>,2,16,[3 8],3,3,19,0,3
1,<environment.Job instance at 0x7f6638417d70>,3,14,[6 2],4,19,33,15,4
1,<environment.Job instance at 0x7f6638efae10>,4,3,[14  3],5,33,36,28,12
1,<environment.Job instance at 0x7f6638efa820>,13,1,[3 9],14,20,21,6,14
1,<environment.Job instance at 0x7f6638efaa00>,15,3,[8 2],16,21,24,5,16
1,<environment.Job instance at 0x7f6638efa1e0>,11,14,[5 6],12,36,50,24,21
1,<environment.Job instance at 0x7f664218c0f0>,18,13,[1 7],19,21,34,2,21
1,<environment.Job instance at 0x7f664218ce60>,20,18,[8 2],21,36,54,15,26
1,<environment.Job instance at 0x7f664218cb40>,27,15,[9 4],28,54,69,26,40
1,<environment.Job instance at 0x7f66384170a0>,0,20,[1 7],1,40,60,39,40
1,<environment.Job instance at 0x7f664218c910>,30,15,[7 4],31,69,84,38,55
1,<environment.Job instance at 0x7f6638efa190>,6,14,[4 7],7,60,74,53,55
1,<environment.Job instance at 0x7f664218c410>,37,27,[1 7],38,74,101,36,72
1,<environment.Job instance at 0x7f664218caf0>,38,19,[6 4],39,74,93,35,72
1,<environment.Job instance at 0x7f66384726e0>,44,18,[8 1],45,84,102,39,84
1,<environment.Job instance at 0x7f6638472690>,47,21,[7 2],48,101,122,53,94
1,<environment.Job instance at 0x7f6638472e60>,39,22,[3 7],40,102,124,62,95
1,<environment.Job instance at 0x7f66384721e0>,49,3,[ 1 12],50,124,127,74,98
1,<environment.Job instance at 0x7f6638472a00>,50,16,[13  4],51,127,143,76,114
1,<environment.Job instance at 0x7f66383d9460>,0,14,[7 5],1,1,15,0,1
1,<environment.Job instance at 0x7f6638472a00>,2,12,[3 9],3,3,15,0,3
1,<environment.Job instance at 0x7f66388c7e10>,4,1,[6 1],5,15,16,10,5
1,<environment.Job instance at 0x7f66388c76e0>,5,17,[11  1],6,16,33,10,6
1,<environment.Job instance at 0x7f66388c7fa0>,9,1,[9 3],10,15,16,5,12
1,<environment.Job instance at 0x7f66388c7820>,6,13,[12  1],7,33,46,26,17
1,<environment.Job instance at 0x7f66388c7870>,12,16,[4 6],13,17,33,4,17
1,<environment.Job instance at 0x7f66388c7500>,8,16,[5 5],9,46,62,37,33
1,<environment.Job instance at 0x7f66388c7be0>,14,15,[2 8],15,34,49,19,34
1,<environment.Job instance at 0x7f6639abaa00>,19,13,[9 4],20,49,62,29,34
1,<environment.Job instance at 0x7f6639aba2d0>,23,16,[1 6],24,49,65,25,37
1,<environment.Job instance at 0x7f6639aba960>,27,14,[5 5],28,62,76,34,47
1,<environment.Job instance at 0x7f6639aba910>,32,15,[8 2],33,62,77,29,48
1,<environment.Job instance at 0x7f66388c7550>,13,19,[ 1 11],14,76,95,62,66
1,<environment.Job instance at 0x7f6638967a50>,36,20,[8 3],37,77,97,40,68
1,<environment.Job instance at 0x7f66389674b0>,44,15,[3 7],45,95,110,50,87
1,<environment.Job instance at 0x7f6638967690>,45,15,[6 4],46,97,112,51,87
1,<environment.Job instance at 0x7f66389676e0>,46,15,[7 2],47,110,125,63,96
1,<environment.Job instance at 0x7f66389672d0>,48,15,[8 2],49,112,127,63,98
1,<environment.Job instance at 0x7f66388c79b0>,10,22,[8 2],11,127,149,116,120
1,<environment.Job instance at 0x7f6638472b90>,1,27,[ 4 13],2,125,152,123,123
1,<environment.Job instance at 0x7f66397da5f0>,0,13,[1 6],1,1,14,0,1
1,<environment.Job instance at 0x7f66397dac80>,3,23,[10  1],4,4,27,0,4
1,<environment.Job instance at 0x7f664215c410>,7,16,[2 5],8,8,24,0,8
1,<environment.Job instance at 0x7f66397dadc0>,9,2,[1 7],10,14,16,4,10
1,<environment.Job instance at 0x7f664215c780>,10,15,[6 1],11,27,42,16,13
1,<environment.Job instance at 0x7f664215ce60>,11,24,[7 2],12,27,51,15,22
1,<environment.Job instance at 0x7f664215c0f0>,8,17,[9 4],9,51,68,42,39
1,<environment.Job instance at 0x7f664215c870>,15,15,[1 8],16,48,63,32,48
1,<environment.Job instance at 0x7f664215c910>,16,20,[4 7],17,63,83,46,54
1,<environment.Job instance at 0x7f664215c6e0>,18,12,[4 7],19,68,80,49,54
1,<environment.Job instance at 0x7f664215cc80>,20,18,[5 6],21,80,98,59,69
1,<environment.Job instance at 0x7f66394e56e0>,25,20,[1 6],26,83,103,57,74
1,<environment.Job instance at 0x7f66394e5a50>,26,18,[3 8],27,98,116,71,87
1,<environment.Job instance at 0x7f66394e5e10>,32,15,[9 4],33,103,118,70,89
1,<environment.Job instance at 0x7f66394e5960>,35,14,[7 3],36,118,132,82,103
1,<environment.Job instance at 0x7f66394e5410>,36,18,[2 8],37,116,134,79,105
1,<environment.Job instance at 0x7f664215cdc0>,12,18,[ 1 13],13,134,152,121,123
1,<environment.Job instance at 0x7f6638d501e0>,0,26,[4 5],1,1,27,0,1
1,<environment.Job instance at 0x7f664215cdc0>,2,21,[11  3],3,3,24,0,3
1,<environment.Job instance at 0x7f6638d50410>,4,14,[2 9],5,24,38,19,9
1,<environment.Job instance at 0x7f6638d41c30>,8,3,[10  5],9,27,30,18,9
1,<environment.Job instance at 0x7f6638d41d70>,15,13,[9 1],16,30,43,14,16
1,<environment.Job instance at 0x7f6638d41a50>,18,15,[3 5],19,30,45,11,19
1,<environment.Job instance at 0x7f66386ece10>,24,18,[5 3],25,43,61,18,32
1,<environment.Job instance at 0x7f66386ecaf0>,26,14,[9 2],27,45,59,18,32
1,<environment.Job instance at 0x7f6638d41550>,17,17,[5 6],18,59,76,41,50
1,<environment.Job instance at 0x7f66386ec7d0>,28,13,[7 2],29,61,74,32,50
1,<environment.Job instance at 0x7f66386ecf00>,29,21,[5 1],30,74,95,44,66
1,<environment.Job instance at 0x7f66386ec1e0>,30,27,[2 7],31,66,93,35,66
1,<environment.Job instance at 0x7f6638395b90>,31,12,[6 4],32,76,88,44,66
1,<environment.Job instance at 0x7f6638395f50>,32,12,[ 2 14],33,93,105,60,76
1,<environment.Job instance at 0x7f6638d6b870>,33,1,[12  2],34,105,106,71,77
1,<environment.Job instance at 0x7f6638d6b190>,34,17,[8 1],35,106,123,71,94
1,<environment.Job instance at 0x7f6638d6b820>,35,14,[3 8],36,105,119,69,94
1,<environment.Job instance at 0x7f6638d6b2d0>,36,15,[3 7],37,119,134,82,105
1,<environment.Job instance at 0x7f66386eceb0>,27,20,[4 7],28,119,139,91,112
1,<environment.Job instance at 0x7f663990c5f0>,42,13,[6 3],43,134,147,91,118
1,<environment.Job instance at 0x7f6638dd1280>,2,3,[5 1],3,3,6,0,3
1,<environment.Job instance at 0x7f6638dd10f0>,3,14,[4 6],4,4,18,0,4
1,<environment.Job instance at 0x7f6638dd1a00>,5,20,[1 5],6,6,26,0,6
1,<environment.Job instance at 0x7f6638dd1b40>,6,3,[7 2],7,7,10,0,7
1,<environment.Job instance at 0x7f6638db9dc0>,9,16,[6 3],10,10,26,0,10
1,<environment.Job instance at 0x7f6638db9b40>,11,19,[3 7],12,18,37,6,12
1,<environment.Job instance at 0x7f6638db96e0>,13,12,[10  2],14,26,38,12,14
1,<environment.Job instance at 0x7f6638db9140>,17,3,[3 7],18,37,40,19,21
1,<environment.Job instance at 0x7f6638db90f0>,14,15,[8 2],15,38,53,23,26
1,<environment.Job instance at 0x7f6638db9230>,18,13,[1 9],19,40,53,21,26
1,<environment.Job instance at 0x7f6638db97d0>,19,16,[7 4],20,53,69,33,40
1,<environment.Job instance at 0x7f6638db9be0>,16,16,[6 1],17,41,57,24,41
1,<environment.Job instance at 0x7f6638db9640>,23,2,[2 8],24,53,55,29,41
1,<environment.Job instance at 0x7f6638dd16e0>,15,18,[ 1 10],16,55,73,39,44
1,<environment.Job instance at 0x7f663847cf00>,25,18,[2 9],26,73,91,47,62
1,<environment.Job instance at 0x7f663847c500>,27,13,[1 7],28,91,104,63,75
1,<environment.Job instance at 0x7f663847c0f0>,28,18,[5 5],29,75,93,46,75
1,<environment.Job instance at 0x7f663847c780>,30,12,[5 8],31,93,105,62,76
1,<environment.Job instance at 0x7f663847cc80>,31,14,[6 1],32,76,90,44,76
1,<environment.Job instance at 0x7f663847c460>,32,15,[ 2 10],33,105,120,72,91
1,<environment.Job instance at 0x7f663847c640>,35,14,[6 5],36,104,118,68,91
1,<environment.Job instance at 0x7f663847ce10>,37,17,[10  2],38,118,135,80,106
1,<environment.Job instance at 0x7f6638db9820>,24,17,[ 2 10],25,120,137,95,111
1,<environment.Job instance at 0x7f663847cc30>,39,16,[6 1],40,135,151,95,122
1,<environment.Job instance at 0x7f663847cd20>,38,18,[6 5],39,137,155,98,129
1,<environment.Job instance at 0x7f66392c6190>,2,3,[10  4],3,3,6,0,3
1,<environment.Job instance at 0x7f6638cf1af0>,4,1,[4 7],5,5,6,0,5
1,<environment.Job instance at 0x7f6638cf17d0>,7,2,[5 7],8,8,10,0,8
1,<environment.Job instance at 0x7f6638cd1280>,13,13,[11  4],14,14,27,0,14
1,<environment.Job instance at 0x7f6638cd1320>,14,16,[6 3],15,27,43,12,15
1,<environment.Job instance at 0x7f6638cd1500>,15,16,[6 5],16,27,43,11,16
1,<environment.Job instance at 0x7f6638cd17d0>,19,14,[1 6],20,22,36,2,22
1,<environment.Job instance at 0x7f6638cd1780>,20,17,[6 1],21,43,60,22,31
1,<environment.Job instance at 0x7f6638cd1aa0>,24,16,[7 3],25,43,59,18,32
1,<environment.Job instance at 0x7f6638cc80a0>,34,14,[3 7],35,59,73,24,44
1,<environment.Job instance at 0x7f6638cc8140>,35,15,[2 9],36,73,88,37,59
1,<environment.Job instance at 0x7f6638cd13c0>,21,28,[3 6],22,63,91,41,63
1,<environment.Job instance at 0x7f6638cc84b0>,39,16,[5 7],40,88,104,48,75
1,<environment.Job instance at 0x7f6638cd1910>,22,17,[ 4 10],23,104,121,81,94
1,<environment.Job instance at 0x7f6638cd1690>,17,18,[7 3],18,94,112,76,94
1,<environment.Job instance at 0x7f6638cc8960>,44,3,[12  2],45,121,124,76,95
1,<environment.Job instance at 0x7f6638cc8a50>,45,22,[ 1 11],46,121,143,75,114
1,<environment.Job instance at 0x7f6638cc8af0>,46,14,[5 5],47,143,157,96,128
1,<environment.Job instance at 0x7f6638cc8b90>,47,12,[1 8],48,143,155,95,128
1,<environment.Job instance at 0x7f6638cc89b0>,48,13,[14  4],49,128,141,79,128
1,<environment.Job instance at 0x7f6638cc8c30>,49,12,[7 2],50,141,153,91,128
1,<environment.Job instance at 0x7fdfb943b230>,0,2,[6 2],1,1,3,0,1
1,<environment.Job instance at 0x7fdfb943b1e0>,1,15,[4 5],2,2,17,0,2
1,<environment.Job instance at 0x7fdfafcc3500>,2,18,[ 3 10],3,3,21,0,3
1,<environment.Job instance at 0x7fdfafcc3640>,3,13,[3 8],4,21,34,17,5
1,<environment.Job instance at 0x7fdfafcc3960>,7,12,[7 2],8,17,29,9,9
1,<environment.Job instance at 0x7fdfafcc3b40>,9,17,[8 1],10,29,46,19,17
1,<environment.Job instance at 0x7fdfafcc3d20>,13,15,[4 5],14,21,36,7,17
1,<environment.Job instance at 0x7fdfafcc3e10>,15,20,[3 5],16,34,54,18,25
1,<environment.Job instance at 0x7fdfafcc3910>,10,14,[1 6],11,36,50,25,30
1,<environment.Job instance at 0x7fdfafcc3eb0>,16,19,[ 3 10],17,50,69,33,40
1,<environment.Job instance at 0x7fdfafcc3cd0>,18,18,[3 6],19,69,87,50,58
1,<environment.Job instance at 0x7fdfafcc7050>,19,21,[8 5],20,58,79,38,58
1,<environment.Job instance at 0x7fdfafcc7230>,21,22,[8 2],22,79,101,57,72
1,<environment.Job instance at 0x7fdfafcc7370>,23,18,[7 4],24,87,105,63,76
1,<environment.Job instance at 0x7fdfafcc76e0>,25,16,[5 3],26,101,117,75,88
1,<environment.Job instance at 0x7fdfafcc7500>,26,20,[4 8],27,105,125,78,96
1,<environment.Job instance at 0x7fdfafcc7a50>,30,15,[8 2],31,117,132,86,103
1,<environment.Job instance at 0x7fdfafcc77d0>,31,13,[4 5],32,125,138,93,109
1,<environment.Job instance at 0x7fdfafcc79b0>,32,14,[8 3],33,132,146,99,117
1,<environment.Job instance at 0x7fdfafcc7b90>,33,16,[9 3],34,146,162,112,133
1,<environment.Job instance at 0x7fdfafcc7c30>,34,20,[5 3],35,138,158,103,133
1,<environment.Job instance at 0x7fdfafe2afa0>,2,14,[5 1],3,3,17,0,3
1,<environment.Job instance at 0x7fdfafcc7b40>,3,3,[1 7],4,4,7,0,4
1,<environment.Job instance at 0x7fdfafcc9c80>,1,18,[10  5],2,7,25,5,5
1,<environment.Job instance at 0x7fdfb032f1e0>,7,2,[7 2],8,25,27,17,11
1,<environment.Job instance at 0x7fdfb032f3c0>,10,15,[6 2],11,25,40,14,11
1,<environment.Job instance at 0x7fdfafcc7cd0>,5,19,[1 5],6,17,36,11,11
1,<environment.Job instance at 0x7fdfb032f7d0>,14,13,[2 6],15,27,40,12,15
1,<environment.Job instance at 0x7fdfb032fe10>,16,16,[6 2],17,27,43,10,17
1,<environment.Job instance at 0x7fdfaf74da50>,19,14,[3 8],20,40,54,20,25
1,<environment.Job instance at 0x7fdfaf74d410>,20,2,[14  2],21,54,56,33,30
1,<environment.Job instance at 0x7fdfaf416190>,21,17,[3 8],22,56,73,34,44
1,<environment.Job instance at 0x7fdfaf411f00>,24,14,[ 4 10],25,73,87,48,58
1,<environment.Job instance at 0x7fdfaf79f140>,32,18,[4 6],33,87,105,54,76
1,<environment.Job instance at 0x7fdfaf79f370>,33,16,[3 5],34,76,92,42,76
1,<environment.Job instance at 0x7fdfaf79fd70>,34,21,[9 1],35,92,113,57,84
1,<environment.Job instance at 0x7fdfaf79f1e0>,35,14,[5 3],36,105,119,69,90
1,<environment.Job instance at 0x7fdfaf79fd20>,37,18,[10  1],38,113,131,75,102
1,<environment.Job instance at 0x7fdfaf384fa0>,42,14,[4 7],43,119,133,76,104
1,<environment.Job instance at 0x7fdfaf7685a0>,45,19,[5 1],46,131,150,85,121
1,<environment.Job instance at 0x7fdfaf768cd0>,47,22,[1 7],48,121,143,73,121
1,<environment.Job instance at 0x7fdfaf817780>,52,15,[3 9],53,143,158,90,129
1,<environment.Job instance at 0x7fdfaf7c62d0>,56,14,[8 4],57,150,164,93,135
1,<environment.Job instance at 0x7fdfaf330d20>,0,3,[5 4],1,1,4,0,1
1,<environment.Job instance at 0x7fdfaf330dc0>,1,14,[ 4 13],2,4,18,2,2
1,<environment.Job instance at 0x7fdfaf330410>,3,13,[5 7],4,18,31,14,4
1,<environment.Job instance at 0x7fdfaf3305a0>,2,1,[ 5 14],3,31,32,28,6
1,<environment.Job instance at 0x7fdfaf3301e0>,5,16,[6 2],6,6,22,0,6
1,<environment.Job instance at 0x7fdfaf37bf50>,4,2,[10  1],5,22,24,17,6
1,<environment.Job instance at 0x7fdfaf37b5f0>,8,3,[11  1],9,32,35,23,9
1,<environment.Job instance at 0x7fdfaf37b870>,12,12,[2 7],13,32,44,19,15
1,<environment.Job instance at 0x7fdfaf37beb0>,16,18,[7 1],17,35,53,18,24
1,<environment.Job instance at 0x7fdfaf37b550>,13,24,[2 7],14,32,56,18,29
1,<environment.Job instance at 0x7fdfaf3da4b0>,22,2,[8 1],23,29,31,6,29
1,<environment.Job instance at 0x7fdfaf3daa00>,23,1,[10  2],24,53,54,29,29
1,<environment.Job instance at 0x7fdfaf37b5a0>,21,15,[4 8],22,54,69,32,40
1,<environment.Job instance at 0x7fdfaf3da050>,26,14,[5 3],27,56,70,29,41
1,<environment.Job instance at 0x7fdfaf3da820>,27,14,[8 5],28,69,83,41,54
1,<environment.Job instance at 0x7fdfaf3dabe0>,24,16,[ 2 11],25,83,99,58,71
1,<environment.Job instance at 0x7fdfaf3daaf0>,29,16,[ 4 13],30,99,115,69,86
1,<environment.Job instance at 0x7fdfaf3da640>,30,26,[4 7],31,115,141,84,112
1,<environment.Job instance at 0x7fdfaf37ba50>,9,16,[7 2],10,112,128,102,112
1,<environment.Job instance at 0x7fdfaf3dab40>,32,1,[8 5],33,128,129,95,112
1,<environment.Job instance at 0x7fdfaf3da690>,33,14,[2 8],34,129,143,95,117
1,<environment.Job instance at 0x7fdfaf3dad70>,34,15,[10  3],35,141,156,106,129
1,<environment.Job instance at 0x7fdfaf3da410>,35,2,[7 1],36,156,158,120,129
1,<environment.Job instance at 0x7fdfaf3da2d0>,36,20,[ 3 11],37,143,163,106,134
1,<environment.Job instance at 0x7fdfaf6dddc0>,1,20,[7 4],2,2,22,0,2
1,<environment.Job instance at 0x7fdfaf5e59b0>,0,16,[2 7],1,2,18,1,2
1,<environment.Job instance at 0x7fdfaf81d4b0>,3,16,[11  1],4,22,38,18,9
1,<environment.Job instance at 0x7fdfafc64d20>,14,15,[6 4],15,38,53,23,24
1,<environment.Job instance at 0x7fdfaf80dd20>,17,15,[5 7],18,38,53,20,33
1,<environment.Job instance at 0x7fdfafc64c30>,12,12,[10  3],13,53,65,40,38
1,<environment.Job instance at 0x7fdfafc68eb0>,29,3,[10  3],30,65,68,35,41
1,<environment.Job instance at 0x7fdfaf4dacd0>,30,12,[ 2 12],31,53,65,22,41
1,<environment.Job instance at 0x7fdfaf926500>,35,14,[5 8],36,65,79,29,50
1,<environment.Job instance at 0x7fdfaf76daa0>,39,19,[6 4],40,68,87,28,58
1,<environment.Job instance at 0x7fdfaf98eb90>,41,14,[3 5],42,79,93,37,64
1,<environment.Job instance at 0x7fdfafe0c780>,47,17,[7 4],48,87,104,39,75
1,<environment.Job instance at 0x7fdfb016d050>,50,13,[6 5],51,93,106,42,77
1,<environment.Job instance at 0x7fdfaf38bfa0>,61,12,[5 6],62,104,116,42,87
1,<environment.Job instance at 0x7fdfaf93c730>,67,16,[4 5],68,106,122,38,93
1,<environment.Job instance at 0x7fdfaf8a89b0>,71,22,[6 4],72,106,128,34,99
1,<environment.Job instance at 0x7fdfaf93c550>,74,17,[2 5],75,116,133,41,104
1,<environment.Job instance at 0x7fdfaf7f5870>,78,18,[8 2],79,128,146,49,117
1,<environment.Job instance at 0x7fdfaf701550>,79,18,[6 2],80,133,151,53,122
1,<environment.Job instance at 0x7fdfaf33cfa0>,81,18,[5 8],82,146,164,64,135
1,<environment.Job instance at 0x7fdfaf33c410>,85,15,[6 5],86,151,166,65,137
1,<environment.Job instance at 0x7fdfaf6f1d70>,0,14,[6 4],1,1,15,0,1
1,<environment.Job instance at 0x7fdfb011b2d0>,3,3,[1 6],4,4,7,0,4
1,<environment.Job instance at 0x7fdfb07f9eb0>,6,14,[7 5],7,7,21,0,7
1,<environment.Job instance at 0x7fdfb07f9370>,7,12,[6 1],8,15,27,7,8
1,<environment.Job instance at 0x7fdfb07f9a00>,8,2,[ 3 10],9,21,23,12,9
1,<environment.Job instance at 0x7fdfb07d9aa0>,9,3,[5 1],10,21,24,11,10
1,<environment.Job instance at 0x7fdfb07d9d20>,11,14,[9 5],12,24,38,12,12
1,<environment.Job instance at 0x7fdfb07d9cd0>,10,2,[11  4],11,38,40,27,12
1,<environment.Job instance at 0x7fdfb07d91e0>,12,1,[5 1],13,27,28,14,13
1,<environment.Job instance at 0x7fdfb07f0320>,19,12,[8 2],20,40,52,20,23
1,<environment.Job instance at 0x7fdfb07fa960>,21,15,[13  1],22,52,67,30,38
1,<environment.Job instance at 0x7fdfb07faa50>,22,2,[ 5 12],23,40,42,17,38
1,<environment.Job instance at 0x7fdfb07f70f0>,27,18,[1 5],28,42,60,14,38
1,<environment.Job instance at 0x7fdfb07f7c30>,31,20,[5 3],32,67,87,35,58
1,<environment.Job instance at 0x7fdfb07f75f0>,32,12,[4 8],33,67,79,34,58
1,<environment.Job instance at 0x7fdfb07e23c0>,34,17,[3 7],35,79,96,44,67
1,<environment.Job instance at 0x7fdfb0102690>,38,12,[5 5],39,79,91,40,67
1,<environment.Job instance at 0x7fdfaf2d6eb0>,40,17,[2 7],41,91,108,50,79
1,<environment.Job instance at 0x7fdfaf71dc30>,44,12,[4 8],45,96,108,51,79
1,<environment.Job instance at 0x7fdfaf2a3460>,54,16,[5 5],55,108,124,53,95
1,<environment.Job instance at 0x7fdfaf2e6320>,56,17,[4 5],57,108,125,51,96
1,<environment.Job instance at 0x7fdfafa1c910>,60,16,[6 5],61,108,124,47,96
1,<environment.Job instance at 0x7fdfb07f9780>,65,14,[4 8],66,124,138,58,109
1,<environment.Job instance at 0x7fdfafb54a50>,66,16,[9 2],67,125,141,58,113
1,<environment.Job instance at 0x7fdfaf2cf140>,71,13,[1 8],72,138,151,66,122
1,<environment.Job instance at 0x7fdfaf2cf5a0>,72,21,[10  4],73,141,162,68,137
1,<environment.Job instance at 0x7fdfaf2e7140>,0,18,[6 5],1,1,19,0,1
1,<environment.Job instance at 0x7fdfaf2cf0a0>,2,2,[ 2 13],3,19,21,16,5
1,<environment.Job instance at 0x7fdfaf2e7b40>,5,12,[1 7],6,6,18,0,6
1,<environment.Job instance at 0x7fdfaf2e73c0>,6,15,[3 7],7,21,36,14,7
1,<environment.Job instance at 0x7fdfaf2e7960>,8,12,[1 8],9,21,33,12,9
1,<environment.Job instance at 0x7fdfafa1c3c0>,11,14,[4 5],12,33,47,21,18
1,<environment.Job instance at 0x7fdfafa1c370>,14,14,[1 7],15,36,50,21,21
1,<environment.Job instance at 0x7fdfafa1ca00>,13,3,[14  5],14,47,50,33,21
1,<environment.Job instance at 0x7fdfafa1c190>,16,1,[8 1],17,33,34,16,25
1,<environment.Job instance at 0x7fdfafa1ca50>,17,14,[5 7],18,50,64,32,35
1,<environment.Job instance at 0x7fdfafa1cf00>,24,15,[10  3],25,50,65,25,37
1,<environment.Job instance at 0x7fdfaf2a9b40>,33,16,[9 4],34,65,81,31,52
1,<environment.Job instance at 0x7fdfafa1caa0>,18,15,[6 2],19,65,80,46,53
1,<environment.Job instance at 0x7fdfaf2a9b90>,34,18,[10  1],35,81,99,46,70
1,<environment.Job instance at 0x7fdfaf2e78c0>,9,16,[5 1],10,80,96,70,73
1,<environment.Job instance at 0x7fdfaf2a9aa0>,36,12,[9 1],37,99,111,62,83
1,<environment.Job instance at 0x7fdfaf2a6b40>,40,20,[3 8],41,96,116,55,87
1,<environment.Job instance at 0x7fdfaf2a6870>,43,21,[4 7],44,111,132,67,103
1,<environment.Job instance at 0x7fdfaf2a60a0>,45,15,[4 9],46,132,147,86,118
1,<environment.Job instance at 0x7fdfaf2a62d0>,48,21,[7 5],49,118,139,69,118
1,<environment.Job instance at 0x7fdfaf2e4820>,53,12,[5 8],54,147,159,93,130
1,<environment.Job instance at 0x7fdfafa1c1e0>,12,18,[2 5],13,139,157,126,134
1,<environment.Job instance at 0x7fdfb0370460>,1,15,[6 2],2,2,17,0,2
1,<environment.Job instance at 0x7fdfaf26fd20>,2,17,[7 4],3,3,20,0,3
1,<environment.Job instance at 0x7fdfaf26f3c0>,5,17,[3 5],6,17,34,11,6
1,<environment.Job instance at 0x7fdfaf26f460>,6,16,[3 9],7,20,36,13,7
1,<environment.Job instance at 0x7fdfaff0ba00>,14,18,[1 8],15,36,54,21,25
1,<environment.Job instance at 0x7fdfb00e8190>,17,12,[2 8],18,54,66,36,37
1,<environment.Job instance at 0x7fdfb00e80f0>,18,14,[ 1 10],19,66,80,47,51
1,<environment.Job instance at 0x7fdfb00e8960>,19,18,[7 4],20,51,69,31,51
1,<environment.Job instance at 0x7fdfb07fa960>,20,19,[1 5],21,69,88,48,59
1,<environment.Job instance at 0x7fdfb07fa690>,21,14,[1 7],22,80,94,58,65
1,<environment.Job instance at 0x7fdfb07fafa0>,22,18,[6 4],23,88,106,65,77
1,<environment.Job instance at 0x7fdfb07fa3c0>,25,14,[3 9],26,94,108,68,79
1,<environment.Job instance at 0x7fdfaf27f8c0>,27,14,[5 3],28,80,94,52,79
1,<environment.Job instance at 0x7fdfaf27ffa0>,31,15,[7 3],32,106,121,74,92
1,<environment.Job instance at 0x7fdfaf27ff50>,32,17,[9 2],33,121,138,88,109
1,<environment.Job instance at 0x7fdfaf27f410>,33,14,[10  1],34,138,152,104,123
1,<environment.Job instance at 0x7fdfaf27fdc0>,34,3,[1 9],35,123,126,88,123
1,<environment.Job instance at 0x7fdfaf27f7d0>,36,22,[5 2],37,123,145,86,123
1,<environment.Job instance at 0x7fdfaf27f4b0>,38,17,[3 6],39,145,162,106,133
1,<environment.Job instance at 0x7fdfaf27faf0>,39,13,[8 2],40,152,165,112,136
1,<environment.Job instance at 0x7fdfaf27f870>,40,13,[4 5],41,152,165,111,136
1,<environment.Job instance at 0x7fdfafaf2b90>,0,3,[7 3],1,1,4,0,1
1,<environment.Job instance at 0x7fdfafcc3820>,1,26,[ 4 10],2,2,28,0,2
1,<environment.Job instance at 0x7fdfb001d9b0>,2,1,[3 6],3,28,29,25,3
1,<environment.Job instance at 0x7fdfafc09d70>,3,16,[1 9],4,28,44,24,15
1,<environment.Job instance at 0x7fdfafbfdbe0>,14,1,[2 5],15,15,16,0,15
1,<environment.Job instance at 0x7fdfafc09b90>,4,17,[2 6],5,29,46,24,17
1,<environment.Job instance at 0x7fdfafbe5a50>,19,15,[5 8],20,44,59,24,30
1,<environment.Job instance at 0x7fdfafbfdd70>,16,18,[10  2],17,46,64,29,36
1,<environment.Job instance at 0x7fdfafc06730>,20,18,[5 8],21,59,77,38,49
1,<environment.Job instance at 0x7fdfafbf72d0>,26,15,[4 5],27,64,79,37,50
1,<environment.Job instance at 0x7fdfafbe59b0>,21,17,[2 6],22,77,94,55,65
1,<environment.Job instance at 0x7fdfafbf7870>,29,2,[ 5 13],30,94,96,64,67
1,<environment.Job instance at 0x7fdfafbf70f0>,30,15,[5 8],31,79,94,48,67
1,<environment.Job instance at 0x7fdfb044c1e0>,31,1,[4 5],32,96,97,64,68
1,<environment.Job instance at 0x7fdfaf3f4230>,32,13,[ 5 13],33,97,110,64,81
1,<environment.Job instance at 0x7fdfaf393280>,35,24,[5 1],36,83,107,47,83
1,<environment.Job instance at 0x7fdfaf3676e0>,36,13,[ 5 12],37,110,123,73,95
1,<environment.Job instance at 0x7fdfb044a730>,37,15,[8 1],38,107,122,69,95
1,<environment.Job instance at 0x7fdfaf419a00>,34,15,[7 4],35,123,138,88,109
1,<environment.Job instance at 0x7fdfaf4140a0>,40,15,[5 5],41,123,138,82,109
1,<environment.Job instance at 0x7fdfafbf0eb0>,44,18,[5 9],45,138,156,93,127
1,<environment.Job instance at 0x7fdfafbf0c80>,45,17,[2 5],46,127,144,81,127
1,<environment.Job instance at 0x7fdfaf8f8690>,0,13,[4 5],1,1,14,0,1
1,<environment.Job instance at 0x7fdfaf8f8550>,1,23,[2 6],2,3,26,1,3
1,<environment.Job instance at 0x7fdfaf8f8370>,3,15,[5 5],4,14,29,10,4
1,<environment.Job instance at 0x7fdfaf8f8870>,6,13,[11  4],7,29,42,22,13
1,<environment.Job instance at 0x7fdfaf8f83c0>,13,16,[4 6],14,26,42,12,14
1,<environment.Job instance at 0x7fdfaf8f85f0>,16,3,[3 6],17,42,45,25,17
1,<environment.Job instance at 0x7fdfaf8f8c30>,17,3,[2 9],18,42,45,24,18
1,<environment.Job instance at 0x7fdfb06e3aa0>,21,12,[8 4],22,45,57,23,30
1,<environment.Job instance at 0x7fdfb06e3be0>,20,16,[7 3],21,45,61,24,32
1,<environment.Job instance at 0x7fdfb06e3050>,22,16,[1 8],23,57,73,34,49
1,<environment.Job instance at 0x7fdfb06e3a00>,23,28,[4 6],24,61,89,37,60
1,<environment.Job instance at 0x7fdfb06e36e0>,26,15,[14  4],27,89,104,62,75
1,<environment.Job instance at 0x7fdfb06e33c0>,27,13,[13  5],28,104,117,76,88
1,<environment.Job instance at 0x7fdfb06e3f00>,28,1,[6 2],29,88,89,59,88
1,<environment.Job instance at 0x7fdfb06e3f50>,29,2,[2 5],30,104,106,74,88
1,<environment.Job instance at 0x7fdfb06e3cd0>,30,17,[5 3],31,117,134,86,105
1,<environment.Job instance at 0x7fdfb06e3550>,31,12,[2 7],32,106,118,74,105
1,<environment.Job instance at 0x7fdfb06e3dc0>,32,1,[ 1 13],33,134,135,101,106
1,<environment.Job instance at 0x7fdfb06e35a0>,33,26,[8 2],34,117,143,83,114
1,<environment.Job instance at 0x7fdfb06e3140>,34,26,[5 7],35,135,161,100,132
1,<environment.Job instance at 0x7fdfb06e31e0>,35,13,[4 6],36,143,156,107,132
1,<environment.Job instance at 0x7fdfb06e39b0>,2,1,[5 9],3,4,5,1,4
1,<environment.Job instance at 0x7fdfaf39ea00>,4,16,[1 8],5,5,21,0,5
1,<environment.Job instance at 0x7fdfb06e31e0>,3,14,[ 1 10],4,21,35,17,6
1,<environment.Job instance at 0x7fdfb041b1e0>,0,2,[14  3],1,6,8,5,6
1,<environment.Job instance at 0x7fdfaf6aa910>,8,3,[9 5],9,9,12,0,9
1,<environment.Job instance at 0x7fdfaf6aaaa0>,9,13,[11  4],10,12,25,2,10
1,<environment.Job instance at 0x7fdfaf6c37d0>,10,3,[8 5],11,25,28,14,11
1,<environment.Job instance at 0x7fdfaf6c3b90>,12,16,[7 2],13,28,44,15,15
1,<environment.Job instance at 0x7fdfaf6c1910>,15,14,[8 5],16,35,49,19,20
1,<environment.Job instance at 0x7fdfaf6c1be0>,17,19,[6 4],18,44,63,26,34
1,<environment.Job instance at 0x7fdfaf6c1c30>,18,16,[1 6],19,44,60,25,34
1,<environment.Job instance at 0x7fdfaf6c15f0>,19,14,[1 8],20,60,74,40,45
1,<environment.Job instance at 0x7fdfaf6c1a50>,21,15,[10  1],22,63,78,41,49
1,<environment.Job instance at 0x7fdfaf33a820>,24,16,[5 4],25,74,90,49,61
1,<environment.Job instance at 0x7fdfb03609b0>,25,22,[6 4],26,78,100,52,71
1,<environment.Job instance at 0x7fdfaf6d9190>,27,17,[ 4 10],28,90,107,62,78
1,<environment.Job instance at 0x7fdfb0002050>,32,14,[7 2],33,100,114,67,85
1,<environment.Job instance at 0x7fdfb001c690>,35,12,[2 6],36,107,119,71,90
1,<environment.Job instance at 0x7fdfb02ff2d0>,39,18,[2 5],40,107,125,67,96
1,<environment.Job instance at 0x7fdfaf6bfbe0>,44,18,[3 9],45,119,137,74,108
1,<environment.Job instance at 0x7fdfb037e9b0>,46,16,[1 7],47,137,153,90,124
1,<environment.Job instance at 0x7fdfb0383640>,50,17,[5 7],51,137,154,86,125
1,<environment.Job instance at 0x7fdfaf8f8140>,1,15,[3 8],2,2,17,0,2
1,<environment.Job instance at 0x7fdfaf2b43c0>,3,13,[5 8],4,17,30,13,4
1,<environment.Job instance at 0x7fdfaf2b4cd0>,0,2,[3 7],1,4,6,3,4
1,<environment.Job instance at 0x7fdfb041bbe0>,12,19,[2 5],13,13,32,0,13
1,<environment.Job instance at 0x7fdfaf2b48c0>,7,12,[11  4],8,30,42,22,20
1,<environment.Job instance at 0x7fdfb041bc80>,13,23,[2 5],14,30,53,16,24
1,<environment.Job instance at 0x7fdfaf2b4c30>,14,12,[7 2],15,42,54,27,25
1,<environment.Job instance at 0x7fdfb041b230>,15,20,[6 1],16,42,62,26,33
1,<environment.Job instance at 0x7fdfb041b410>,19,15,[ 3 10],20,54,69,34,40
1,<environment.Job instance at 0x7fdfb041bcd0>,21,13,[6 2],22,54,67,32,40
1,<environment.Job instance at 0x7fdfb041b320>,23,17,[5 4],24,67,84,43,55
1,<environment.Job instance at 0x7fdfb041b960>,24,19,[5 8],25,69,88,44,59
1,<environment.Job instance at 0x7fdfb041b9b0>,26,19,[8 1],27,84,103,57,74
1,<environment.Job instance at 0x7fdfb041b780>,28,13,[6 5],29,88,101,59,74
1,<environment.Job instance at 0x7fdfb041b550>,29,23,[1 6],30,84,107,54,78
1,<environment.Job instance at 0x7fdfb0345e60>,33,17,[5 8],34,101,118,67,89
1,<environment.Job instance at 0x7fdfb0345fa0>,36,16,[8 2],37,107,123,70,94
1,<environment.Job instance at 0x7fdfb0345550>,38,14,[4 7],39,118,132,79,103
1,<environment.Job instance at 0x7fdfb0345230>,40,12,[10  3],41,123,135,82,106
1,<environment.Job instance at 0x7fdfb03452d0>,41,13,[10  4],42,135,148,93,119
1,<environment.Job instance at 0x7fdfb0345280>,44,16,[6 1],45,148,164,103,135
1,<environment.Job instance at 0x7fdfb0345730>,45,14,[ 4 10],46,135,149,89,135
1,<environment.Job instance at 0x7fdfaf144b40>,0,12,[5 4],1,1,13,0,1
1,<environment.Job instance at 0x7fdfaf41ef50>,2,13,[8 3],3,3,16,0,3
1,<environment.Job instance at 0x7fdfaf144a50>,3,1,[ 2 13],4,16,17,12,4
1,<environment.Job instance at 0x7fdfaf144050>,4,1,[1 8],5,5,6,0,5
1,<environment.Job instance at 0x7fdfaefedd70>,9,12,[6 5],10,17,29,7,10
1,<environment.Job instance at 0x7fdfaefed820>,10,21,[1 7],11,17,38,6,13
1,<environment.Job instance at 0x7fdfaefed690>,13,12,[5 3],14,17,29,3,14
1,<environment.Job instance at 0x7fdfaefed780>,11,3,[7 3],12,29,32,17,19
1,<environment.Job instance at 0x7fdfaefeddc0>,19,3,[ 2 13],20,38,41,18,20
1,<environment.Job instance at 0x7fdfaefed7d0>,22,14,[9 2],23,32,46,9,23
1,<environment.Job instance at 0x7fdfaefedc80>,23,14,[7 2],24,46,60,22,31
1,<environment.Job instance at 0x7fdfaef895a0>,29,15,[3 8],30,41,56,11,31
1,<environment.Job instance at 0x7fdfaef89780>,33,18,[10  4],34,60,78,26,49
1,<environment.Job instance at 0x7fdfaef89500>,36,20,[4 5],37,49,69,12,49
1,<environment.Job instance at 0x7fdfaef89a50>,37,18,[4 6],38,69,87,31,58
1,<environment.Job instance at 0x7fdfaef89b90>,38,14,[2 6],39,78,92,39,63
1,<environment.Job instance at 0x7fdfaef89910>,41,15,[2 7],42,87,102,45,73
1,<environment.Job instance at 0x7fdfaef89f00>,42,16,[5 3],43,92,108,49,79
1,<environment.Job instance at 0x7fdfaef89460>,48,17,[6 2],49,79,96,30,79
1,<environment.Job instance at 0x7fdfaf0fec30>,51,18,[2 5],52,96,114,44,85
1,<environment.Job instance at 0x7fdfaf0fe6e0>,62,14,[3 7],63,102,116,39,87
1,<environment.Job instance at 0x7fdfaf0fe2d0>,67,19,[3 5],68,114,133,46,104
1,<environment.Job instance at 0x7fdfaf0fe690>,69,12,[4 5],70,116,128,46,104
1,<environment.Job instance at 0x7fdfaf0fe050>,70,12,[7 3],71,108,120,37,104
1,<environment.Job instance at 0x7fdfaf848280>,74,18,[9 3],75,128,146,53,117
1,<environment.Job instance at 0x7fdfafb448c0>,75,17,[9 4],76,146,163,70,134
1,<environment.Job instance at 0x7fdfafb445f0>,80,17,[4 8],81,134,151,53,134
1,<environment.Job instance at 0x7fdfafb44eb0>,81,14,[5 6],82,151,165,69,136
1,<environment.Job instance at 0x7fdfb8f06cd0>,0,1,[14  4],1,3,4,2,3
1,<environment.Job instance at 0x7fdfb8f063c0>,1,2,[14  4],2,4,6,2,3
1,<environment.Job instance at 0x7fdfafb44eb0>,3,12,[ 2 12],4,6,18,2,5
1,<environment.Job instance at 0x7fdfb8f067d0>,6,1,[1 9],7,18,19,11,7
1,<environment.Job instance at 0x7fdfb8f06d20>,9,12,[6 5],10,18,30,8,10
1,<environment.Job instance at 0x7fdfb0655fa0>,11,15,[9 1],12,19,34,7,12
1,<environment.Job instance at 0x7fdfb0655550>,13,16,[8 4],14,34,50,20,21
1,<environment.Job instance at 0x7fdfb8f06b90>,14,2,[7 4],15,34,36,19,22
1,<environment.Job instance at 0x7fdfb06559b0>,15,2,[2 6],16,30,32,14,22
1,<environment.Job instance at 0x7fdfb0655d20>,17,24,[6 3],18,36,60,18,31
1,<environment.Job instance at 0x7fdfb06557d0>,19,13,[12  3],20,60,73,40,44
1,<environment.Job instance at 0x7fdfb0655b90>,20,14,[5 3],21,73,87,52,58
1,<environment.Job instance at 0x7fdfb0655c80>,21,20,[8 1],22,73,93,51,64
1,<environment.Job instance at 0x7fdfb0655e60>,28,15,[5 7],29,87,102,58,73
1,<environment.Job instance at 0x7fdfafd66e60>,33,16,[9 4],34,93,109,59,80
1,<environment.Job instance at 0x7fdfafd66cd0>,35,17,[5 5],36,102,119,66,90
1,<environment.Job instance at 0x7fdfafd660f0>,39,14,[6 2],40,109,123,69,94
1,<environment.Job instance at 0x7fdfafd66780>,40,13,[6 5],41,119,132,78,103
1,<environment.Job instance at 0x7fdfb06553c0>,26,18,[5 3],27,123,141,96,112
1,<environment.Job instance at 0x7fdfafd660a0>,48,25,[4 5],49,123,148,74,119
1,<environment.Job instance at 0x7fdfafd66690>,49,25,[10  3],50,141,166,91,137
1,<environment.Job instance at 0x7fdfb0876140>,1,18,[9 3],2,2,20,0,2
1,<environment.Job instance at 0x7fdfafd66aa0>,2,16,[3 8],3,3,19,0,3
1,<environment.Job instance at 0x7fdfafea0b40>,3,14,[6 2],4,19,33,15,4
1,<environment.Job instance at 0x7fdfafea00a0>,4,3,[14  3],5,33,36,28,12
1,<environment.Job instance at 0x7fdfafea05a0>,13,1,[3 9],14,20,21,6,14
1,<environment.Job instance at 0x7fdfafea03c0>,15,3,[8 2],16,21,24,5,16
1,<environment.Job instance at 0x7fdfafea0370>,11,14,[5 6],12,36,50,24,21
1,<environment.Job instance at 0x7fdfb00e7690>,18,13,[1 7],19,21,34,2,21
1,<environment.Job instance at 0x7fdfb00e7280>,20,18,[8 2],21,36,54,15,25
1,<environment.Job instance at 0x7fdfb00e76e0>,27,15,[9 4],28,54,69,26,40
1,<environment.Job instance at 0x7fdfb93357d0>,0,20,[1 7],1,40,60,39,40
1,<environment.Job instance at 0x7fdfb00e7dc0>,30,15,[7 4],31,69,84,38,55
1,<environment.Job instance at 0x7fdfafea0050>,6,14,[4 7],7,60,74,53,55
1,<environment.Job instance at 0x7fdfb00e7780>,36,16,[ 3 10],37,74,90,37,64
1,<environment.Job instance at 0x7fdfafa64dc0>,38,19,[6 4],39,84,103,45,74
1,<environment.Job instance at 0x7fdfafea0190>,16,16,[3 6],17,90,106,73,80
1,<environment.Job instance at 0x7fdfafa642d0>,45,2,[5 6],46,103,105,57,82
1,<environment.Job instance at 0x7fdfafa64e10>,46,1,[2 7],47,105,106,58,82
1,<environment.Job instance at 0x7fdfafa64500>,44,18,[8 1],45,105,123,60,94
1,<environment.Job instance at 0x7fdfafa643c0>,48,13,[4 9],49,106,119,57,94
1,<environment.Job instance at 0x7fdfafa64320>,53,15,[9 2],54,123,138,69,110
1,<environment.Job instance at 0x7fdfafa646e0>,55,18,[1 6],56,119,137,63,110
1,<environment.Job instance at 0x7fdfb04fc870>,59,21,[5 3],60,119,140,59,115
1,<environment.Job instance at 0x7fdfb04fcd70>,63,13,[7 4],64,138,151,74,122
1,<environment.Job instance at 0x7fdfaf6c6fa0>,2,16,[4 6],3,3,19,0,3
1,<environment.Job instance at 0x7fdfaf6c64b0>,4,15,[2 8],5,5,20,0,5
1,<environment.Job instance at 0x7fdfaf6c68c0>,9,13,[9 4],10,19,32,9,10
1,<environment.Job instance at 0x7fdfaf6c6410>,11,3,[2 9],12,20,23,8,12
1,<environment.Job instance at 0x7fdfb0773230>,13,16,[1 6],14,23,39,9,14
1,<environment.Job instance at 0x7fdfb0773b90>,17,14,[5 5],18,23,37,5,18
1,<environment.Job instance at 0x7fdfb0773320>,22,15,[8 2],23,32,47,9,28
1,<environment.Job instance at 0x7fdfb07733c0>,14,16,[10  1],15,47,63,32,34
1,<environment.Job instance at 0x7fdfaf6c3b40>,29,2,[9 2],30,63,65,33,36
1,<environment.Job instance at 0x7fdfaf6c35a0>,26,20,[8 3],27,65,85,38,58
1,<environment.Job instance at 0x7fdfaf6c32d0>,32,28,[7 1],33,65,93,32,64
1,<environment.Job instance at 0x7fdfaf6c3c30>,35,15,[6 4],36,85,100,49,73
1,<environment.Job instance at 0x7fdfaf6c3b90>,36,15,[7 2],37,93,108,56,81
1,<environment.Job instance at 0x7fdfaf6c36e0>,38,15,[8 2],39,100,115,61,86
1,<environment.Job instance at 0x7fdfaf6c3690>,39,19,[8 2],40,115,134,75,105
1,<environment.Job instance at 0x7fdfaf69c640>,52,12,[ 5 10],53,118,130,65,118
1,<environment.Job instance at 0x7fdfaf69c410>,51,18,[1 9],52,130,148,78,124
1,<environment.Job instance at 0x7fdfaf6c3cd0>,28,22,[9 1],29,134,156,105,127
1,<environment.Job instance at 0x7fdfaf69cb40>,54,20,[1 5],55,134,154,79,128
1,<environment.Job instance at 0x7fdfaf69c730>,58,3,[4 6],59,148,151,89,128
1,<environment.Job instance at 0x7fdfaf35e730>,0,18,[5 6],1,1,19,0,1
1,<environment.Job instance at 0x7fdfaf35efa0>,2,2,[8 4],3,3,5,0,3
1,<environment.Job instance at 0x7fdfaf35ea00>,3,14,[ 4 10],4,19,33,15,4
1,<environment.Job instance at 0x7fdfaf35eb40>,6,18,[3 8],7,33,51,26,22
1,<environment.Job instance at 0x7fdfaf35ed20>,1,28,[7 3],2,22,50,20,22
1,<environment.Job instance at 0x7fdfaf35e370>,10,3,[6 4],11,50,53,39,24
1,<environment.Job instance at 0x7fdfaf35e280>,13,1,[8 2],14,51,52,37,24
1,<environment.Job instance at 0x7fdfaf35e4b0>,14,3,[14  3],15,53,56,38,27
1,<environment.Job instance at 0x7fdfaf35e9b0>,12,15,[9 4],13,56,71,43,42
1,<environment.Job instance at 0x7fdfaf35e140>,16,18,[2 8],17,56,74,39,45
1,<environment.Job instance at 0x7fdfaf35ef50>,15,14,[7 3],16,71,85,55,56
1,<environment.Job instance at 0x7fdfaf35edc0>,7,22,[ 1 10],8,74,96,66,67
1,<environment.Job instance at 0x7fdfaf35e960>,20,22,[1 5],21,85,107,64,78
1,<environment.Job instance at 0x7fdfaf8d4280>,21,14,[11  2],22,96,110,74,81
1,<environment.Job instance at 0x7fdfaf8d4500>,22,13,[6 2],23,110,123,87,94
1,<environment.Job instance at 0x7fdfaf35e1e0>,5,20,[1 6],6,111,131,105,111
1,<environment.Job instance at 0x7fdfaf8d4730>,23,23,[10  2],24,123,146,99,117
1,<environment.Job instance at 0x7fdfaf8d4460>,27,1,[4 7],28,117,118,89,117
1,<environment.Job instance at 0x7fdfaf8d4af0>,26,2,[ 1 10],27,131,133,104,117
1,<environment.Job instance at 0x7fdfaf8d4c30>,28,3,[13  3],29,146,149,117,121
1,<environment.Job instance at 0x7fdfaf8d47d0>,30,18,[7 3],31,149,167,118,138
1,<environment.Job instance at 0x7fdfaf8d4f50>,25,18,[ 2 10],26,138,156,112,138
1,<environment.Job instance at 0x7fdfaef94460>,1,12,[6 4],2,2,14,0,2
1,<environment.Job instance at 0x7fdfafd09c30>,0,27,[2 7],1,2,29,1,2
1,<environment.Job instance at 0x7fdfaf8d4a00>,3,1,[12  2],4,14,15,10,5
1,<environment.Job instance at 0x7fdfafd09820>,4,17,[8 1],5,15,32,10,5
1,<environment.Job instance at 0x7fdfafd09640>,6,15,[3 7],7,15,30,8,9
1,<environment.Job instance at 0x7fdfafd09370>,12,13,[6 3],13,30,43,17,14
1,<environment.Job instance at 0x7fdfafd096e0>,7,13,[13  1],8,43,56,35,27
1,<environment.Job instance at 0x7fdfafd097d0>,17,16,[8 2],18,56,72,38,43
1,<environment.Job instance at 0x7fdfafd094b0>,18,18,[2 5],19,43,61,24,43
1,<environment.Job instance at 0x7fdfafd09be0>,5,14,[3 8],6,56,70,50,46
1,<environment.Job instance at 0x7fdfafd092d0>,19,20,[3 9],20,70,90,50,61
1,<environment.Job instance at 0x7fdfafd09460>,22,13,[10  2],23,72,85,49,61
1,<environment.Job instance at 0x7fdfaf559e10>,23,17,[7 3],24,85,102,61,73
1,<environment.Job instance at 0x7fdfafd09af0>,21,18,[2 5],22,90,108,68,80
1,<environment.Job instance at 0x7fdfaf5597d0>,29,18,[4 6],30,90,108,60,80
1,<environment.Job instance at 0x7fdfb02ff9b0>,37,14,[5 4],38,102,116,64,87
1,<environment.Job instance at 0x7fdfb02ff550>,38,16,[5 9],39,108,124,69,95
1,<environment.Job instance at 0x7fdfaf28e230>,62,20,[5 4],63,116,136,53,107
1,<environment.Job instance at 0x7fdfb00d2a50>,77,13,[7 3],78,124,137,46,109
1,<environment.Job instance at 0x7fdfb00d2aa0>,80,12,[3 8],81,124,136,43,109
1,<environment.Job instance at 0x7fdfaefa2050>,92,16,[8 3],93,136,152,43,123
1,<environment.Job instance at 0x7fdfaefa2410>,96,15,[10  3],97,152,167,55,138
1,<environment.Job instance at 0x7fdfafd09050>,16,22,[5 8],17,139,161,122,139
1,<environment.Job instance at 0x7fdfaf890cd0>,0,14,[10  5],1,1,15,0,1
1,<environment.Job instance at 0x7fdfaf88ff50>,2,13,[1 6],3,3,16,0,3
1,<environment.Job instance at 0x7fdfaf890b90>,3,1,[1 6],4,15,16,11,4
1,<environment.Job instance at 0x7fdfaf890370>,5,2,[ 4 10],6,16,18,10,6
1,<environment.Job instance at 0x7fdfaf890910>,7,16,[6 1],8,15,31,7,8
1,<environment.Job instance at 0x7fdfaf8900f0>,10,16,[ 3 10],11,18,34,7,11
1,<environment.Job instance at 0x7fdfaf890140>,11,18,[7 2],12,31,49,19,20
1,<environment.Job instance at 0x7fdfaf890500>,12,13,[1 8],13,34,47,21,30
1,<environment.Job instance at 0x7fdfaf894050>,14,12,[14  1],15,49,61,34,32
1,<environment.Job instance at 0x7fdfaf890690>,13,3,[ 2 14],14,61,64,47,35
1,<environment.Job instance at 0x7fdfaf894d70>,21,16,[10  2],22,64,80,42,51
1,<environment.Job instance at 0x7fdfb052f230>,25,22,[6 3],26,80,102,54,73
1,<environment.Job instance at 0x7fdfb052f5f0>,26,14,[8 2],27,80,94,53,73
1,<environment.Job instance at 0x7fdfb05354b0>,27,18,[4 5],28,94,112,66,83
1,<environment.Job instance at 0x7fdfafa005a0>,29,13,[7 4],30,102,115,72,86
1,<environment.Job instance at 0x7fdfafa00410>,31,16,[7 2],32,112,128,80,99
1,<environment.Job instance at 0x7fdfafa00c30>,33,13,[8 5],34,115,128,81,99
1,<environment.Job instance at 0x7fdfafa00b40>,38,18,[5 4],39,128,146,89,117
1,<environment.Job instance at 0x7fdfaf86b550>,39,21,[6 5],40,128,149,88,120
1,<environment.Job instance at 0x7fdfaf86b4b0>,40,12,[6 1],41,146,158,105,129
1,<environment.Job instance at 0x7fdfb02a4410>,43,17,[ 3 10],44,149,166,105,137
1,<environment.Job instance at 0x7fdfaf86baa0>,44,12,[3 6],45,137,149,92,137
1,<environment.Job instance at 0x7fdfafc766e0>,0,28,[ 3 14],1,1,29,0,1
1,<environment.Job instance at 0x7fdfafc76be0>,1,3,[ 1 14],2,29,32,27,4
1,<environment.Job instance at 0x7fdfafc76230>,5,2,[7 1],6,6,8,0,6
1,<environment.Job instance at 0x7fdfafc67050>,9,2,[ 5 11],10,32,34,22,14
1,<environment.Job instance at 0x7fdfafc67e60>,11,12,[2 9],12,34,46,22,17
1,<environment.Job instance at 0x7fdfafc672d0>,12,13,[2 8],13,46,59,33,30
1,<environment.Job instance at 0x7fdfafc67be0>,6,21,[2 5],7,34,55,27,30
1,<environment.Job instance at 0x7fdfafc67d70>,14,12,[7 5],15,55,67,40,38
1,<environment.Job instance at 0x7fdfafc67500>,17,3,[ 2 11],18,67,70,49,41
1,<environment.Job instance at 0x7fdfafc670f0>,8,1,[5 9],9,59,60,50,43
1,<environment.Job instance at 0x7fdfb06ff2d0>,19,1,[ 5 12],20,70,71,50,45
1,<environment.Job instance at 0x7fdfafc67190>,13,26,[6 3],14,60,86,46,57
1,<environment.Job instance at 0x7fdfafc67c80>,15,17,[10  5],16,86,103,70,74
1,<environment.Job instance at 0x7fdfb06ff820>,24,17,[4 9],25,74,91,49,74
1,<environment.Job instance at 0x7fdfb06ff500>,27,14,[5 5],28,91,105,63,76
1,<environment.Job instance at 0x7fdfb06ff5f0>,29,17,[5 5],30,103,120,73,91
1,<environment.Job instance at 0x7fdfb06ff7d0>,33,14,[10  4],34,105,119,71,92
1,<environment.Job instance at 0x7fdfb06ff230>,35,13,[6 4],36,119,132,83,103
1,<environment.Job instance at 0x7fdfb06fff00>,37,22,[1 8],38,120,142,82,113
1,<environment.Job instance at 0x7fdfafcb1d20>,42,14,[2 7],43,132,146,89,117
1,<environment.Job instance at 0x7fdfafcb1140>,46,19,[5 5],47,142,161,95,132
1,<environment.Job instance at 0x7fdfafcb1b40>,47,17,[4 5],48,146,163,98,134
1,<environment.Job instance at 0x7fdfaf4a7280>,0,18,[5 2],1,1,19,0,1
1,<environment.Job instance at 0x7fdfb02c5be0>,3,3,[6 4],4,4,7,0,4
1,<environment.Job instance at 0x7fdfafcb1b40>,2,18,[5 4],3,7,25,4,4
1,<environment.Job instance at 0x7fdfafb0f4b0>,4,15,[6 1],5,19,34,14,5
1,<environment.Job instance at 0x7fdfafb0f5f0>,14,3,[ 4 14],15,25,28,10,15
1,<environment.Job instance at 0x7fdfafb0f910>,13,15,[5 9],14,28,43,14,15
1,<environment.Job instance at 0x7fdfafb0faf0>,15,16,[5 2],16,34,50,18,21
1,<environment.Job instance at 0x7fdfafb0fa50>,17,18,[7 5],18,43,61,25,32
1,<environment.Job instance at 0x7fdfafaee280>,25,17,[7 4],26,50,67,24,38
1,<environment.Job instance at 0x7fdfafaee5a0>,30,15,[5 2],31,61,76,30,47
1,<environment.Job instance at 0x7fdfafaee8c0>,35,15,[7 4],36,67,82,31,53
1,<environment.Job instance at 0x7fdfafaee960>,36,15,[2 8],37,61,76,24,53
1,<environment.Job instance at 0x7fdfafaeea00>,37,16,[3 8],38,76,92,38,63
1,<environment.Job instance at 0x7fdfafaeeeb0>,43,18,[8 4],44,82,100,38,71
1,<environment.Job instance at 0x7fdfafaeef00>,46,16,[5 5],47,92,108,45,79
1,<environment.Job instance at 0x7fdfafb16410>,50,14,[8 3],51,100,114,49,85
1,<environment.Job instance at 0x7fdfafb164b0>,51,14,[4 7],52,108,122,56,93
1,<environment.Job instance at 0x7fdfafb166e0>,53,18,[8 5],54,114,132,60,103
1,<environment.Job instance at 0x7fdfafb16780>,54,14,[5 3],55,122,136,67,107
1,<environment.Job instance at 0x7fdfafb169b0>,59,19,[7 5],60,132,151,72,122
1,<environment.Job instance at 0x7fdfafb16a50>,60,17,[6 4],61,136,153,75,124
1,<environment.Job instance at 0x7fdfafafa050>,71,16,[7 3],72,151,167,79,138
1,<environment.Job instance at 0x7eff0fdab230>,0,2,[6 2],1,1,3,0,1
1,<environment.Job instance at 0x7eff0fdab1e0>,1,15,[4 5],2,2,17,0,2
1,<environment.Job instance at 0x7eff06633550>,2,18,[ 3 10],3,3,21,0,3
1,<environment.Job instance at 0x7eff066334b0>,5,18,[7 5],6,17,35,11,6
1,<environment.Job instance at 0x7eff066338c0>,7,12,[7 2],8,21,33,13,8
1,<environment.Job instance at 0x7eff06633be0>,11,1,[8 4],12,33,34,21,12
1,<environment.Job instance at 0x7eff06633af0>,9,17,[8 1],10,34,51,24,22
1,<environment.Job instance at 0x7eff06633d20>,13,15,[4 5],14,35,50,21,22
1,<environment.Job instance at 0x7eff06633eb0>,15,20,[3 5],16,35,55,19,26
1,<environment.Job instance at 0x7eff06633f50>,16,19,[ 3 10],17,51,70,34,41
1,<environment.Job instance at 0x7eff06633d70>,18,18,[3 6],19,70,88,51,59
1,<environment.Job instance at 0x7eff06635190>,19,21,[8 5],20,59,80,39,59
1,<environment.Job instance at 0x7eff06633690>,3,13,[3 8],4,80,93,76,64
1,<environment.Job instance at 0x7eff06635500>,22,3,[4 6],23,88,91,65,64
1,<environment.Job instance at 0x7eff06633820>,12,13,[ 2 12],13,93,106,80,77
1,<environment.Job instance at 0x7eff066353c0>,24,2,[ 3 12],25,106,108,81,79
1,<environment.Job instance at 0x7eff06635140>,25,16,[5 3],26,91,107,65,80
1,<environment.Job instance at 0x7eff06635820>,26,20,[4 8],27,108,128,81,100
1,<environment.Job instance at 0x7eff066337d0>,6,19,[1 7],7,108,127,101,100
1,<environment.Job instance at 0x7eff066358c0>,28,2,[5 8],29,128,130,99,101
1,<environment.Job instance at 0x7eff06635410>,23,18,[7 4],24,127,145,103,116
1,<environment.Job instance at 0x7eff06635a00>,30,15,[8 2],31,130,145,99,116
1,<environment.Job instance at 0x7eff06635aa0>,31,13,[4 5],32,145,158,113,129
1,<environment.Job instance at 0x7eff06635b40>,32,14,[8 3],33,145,159,112,130
1,<environment.Job instance at 0x7eff06635be0>,33,16,[9 3],34,159,175,125,146
1,<environment.Job instance at 0x7eff06635c80>,34,20,[5 3],35,158,178,123,149
1,<environment.Job instance at 0x7eff06635d20>,35,3,[9 5],36,175,178,139,149
1,<environment.Job instance at 0x7eff06780fa0>,0,15,[6 2],1,1,16,0,1
1,<environment.Job instance at 0x7eff06780190>,3,3,[5 5],4,4,7,0,4
1,<environment.Job instance at 0x7eff06780af0>,4,13,[2 6],5,5,18,0,5
1,<environment.Job instance at 0x7eff06780dc0>,6,16,[6 2],7,7,23,0,7
1,<environment.Job instance at 0x7eff067806e0>,7,1,[ 5 12],8,18,19,10,9
1,<environment.Job instance at 0x7eff06780870>,9,14,[3 8],10,19,33,9,10
1,<environment.Job instance at 0x7eff0670faf0>,10,2,[14  2],11,33,35,22,11
1,<environment.Job instance at 0x7eff0670fc80>,14,14,[ 4 10],15,35,49,20,21
1,<environment.Job instance at 0x7eff0670f870>,15,2,[ 1 14],16,49,51,33,22
1,<environment.Job instance at 0x7eff06780c80>,12,16,[3 9],13,51,67,38,38
1,<environment.Job instance at 0x7eff0670ff00>,16,16,[12  1],17,49,65,32,43
1,<environment.Job instance at 0x7eff0670f730>,19,3,[ 5 11],20,67,70,47,43
1,<environment.Job instance at 0x7eff0670f140>,18,13,[1 9],19,70,83,51,54
1,<environment.Job instance at 0x7eff0670f320>,22,18,[4 6],23,70,88,47,60
1,<environment.Job instance at 0x7eff05d02370>,23,16,[3 5],24,83,99,59,70
1,<environment.Job instance at 0x7eff0670fd20>,20,22,[11  3],21,88,110,67,81
1,<environment.Job instance at 0x7eff0610fa00>,25,14,[5 3],26,110,124,84,95
1,<environment.Job instance at 0x7eff05f125a0>,27,18,[10  1],28,110,128,82,100
1,<environment.Job instance at 0x7eff05d7f0a0>,32,14,[4 7],33,124,138,91,109
1,<environment.Job instance at 0x7eff05d5ad70>,42,15,[3 9],43,138,153,95,124
1,<environment.Job instance at 0x7eff0610acd0>,46,14,[8 4],47,128,142,81,124
1,<environment.Job instance at 0x7eff06131be0>,48,17,[10  5],49,142,159,93,131
1,<environment.Job instance at 0x7eff0610f8c0>,26,19,[ 5 14],27,159,178,132,149
1,<environment.Job instance at 0x7eff05f8ad20>,0,1,[11  3],1,1,2,0,1
1,<environment.Job instance at 0x7eff05f8aa50>,1,15,[4 8],2,2,17,0,2
1,<environment.Job instance at 0x7eff05d61550>,3,1,[10  2],4,5,6,1,5
1,<environment.Job instance at 0x7eff05f8ad70>,2,2,[8 1],3,6,8,3,5
1,<environment.Job instance at 0x7eff05f8adc0>,6,14,[5 3],7,8,22,1,7
1,<environment.Job instance at 0x7eff05f8a4b0>,7,14,[8 5],8,17,31,9,8
1,<environment.Job instance at 0x7eff05e1b640>,13,14,[2 8],14,22,36,8,15
1,<environment.Job instance at 0x7eff05e1b690>,15,2,[7 1],16,31,33,15,16
1,<environment.Job instance at 0x7eff05e1b820>,17,16,[8 3],18,33,49,15,20
1,<environment.Job instance at 0x7eff05e1be60>,18,2,[4 6],19,31,33,12,20
1,<environment.Job instance at 0x7eff05e1bf50>,20,14,[7 1],21,36,50,15,21
1,<environment.Job instance at 0x7eff05e1ba00>,22,17,[4 8],23,49,66,26,37
1,<environment.Job instance at 0x7eff05e1b910>,23,14,[ 3 10],24,66,80,42,51
1,<environment.Job instance at 0x7eff05f34780>,27,3,[5 8],28,80,83,52,54
1,<environment.Job instance at 0x7eff05f34cd0>,31,2,[1 7],32,54,56,22,54
1,<environment.Job instance at 0x7eff05f8a910>,11,25,[10  5],12,56,81,44,54
1,<environment.Job instance at 0x7eff05f34140>,33,13,[ 4 10],34,83,96,49,67
1,<environment.Job instance at 0x7eff05f34820>,32,22,[4 8],33,96,118,63,89
1,<environment.Job instance at 0x7eff05f341e0>,35,24,[6 1],36,89,113,53,89
1,<environment.Job instance at 0x7eff05f342d0>,36,13,[2 5],37,96,109,59,89
1,<environment.Job instance at 0x7eff05e93b40>,40,19,[1 8],41,118,137,77,108
1,<environment.Job instance at 0x7eff05e93be0>,41,12,[4 7],42,113,125,71,108
1,<environment.Job instance at 0x7eff05e936e0>,43,18,[11  4],44,125,143,81,119
1,<environment.Job instance at 0x7eff05e93500>,45,20,[7 3],46,143,163,97,134
1,<environment.Job instance at 0x7eff05e93640>,48,17,[6 3],49,143,160,94,134
1,<environment.Job instance at 0x7eff05d789b0>,0,12,[ 2 12],1,1,13,0,1
1,<environment.Job instance at 0x7eff05d78910>,2,1,[ 2 11],3,13,14,10,3
1,<environment.Job instance at 0x7eff06a5ab40>,4,12,[3 5],5,14,26,9,5
1,<environment.Job instance at 0x7eff06151af0>,5,14,[5 8],6,14,28,8,6
1,<environment.Job instance at 0x7eff05cf97d0>,8,3,[10  3],9,9,12,0,9
1,<environment.Job instance at 0x7eff05cf95a0>,12,3,[2 8],13,28,31,15,14
1,<environment.Job instance at 0x7eff05cf96e0>,13,14,[8 1],14,26,40,12,17
1,<environment.Job instance at 0x7eff05cf9190>,14,1,[ 1 10],15,31,32,16,17
1,<environment.Job instance at 0x7eff05cf9f00>,9,19,[6 4],10,31,50,21,21
1,<environment.Job instance at 0x7eff065dc3c0>,16,14,[ 2 10],17,40,54,23,25
1,<environment.Job instance at 0x7eff062ad230>,20,13,[6 5],21,50,63,29,34
1,<environment.Job instance at 0x7eff05cf9870>,11,14,[3 5],12,54,68,42,42
1,<environment.Job instance at 0x7eff065dcd70>,17,17,[7 4],18,63,80,45,51
1,<environment.Job instance at 0x7eff062aea00>,24,13,[14  5],25,80,93,55,64
1,<environment.Job instance at 0x7eff0615e960>,25,12,[ 4 13],26,93,105,67,76
1,<environment.Job instance at 0x7eff05d7fa00>,26,21,[5 4],27,105,126,78,97
1,<environment.Job instance at 0x7eff0698d640>,27,14,[ 3 12],28,126,140,98,111
1,<environment.Job instance at 0x7eff0698d5f0>,28,23,[7 3],29,111,134,82,111
1,<environment.Job instance at 0x7eff0698da00>,29,27,[5 8],30,140,167,110,138
1,<environment.Job instance at 0x7eff06093500>,30,21,[5 6],31,140,161,109,138
1,<environment.Job instance at 0x7eff062fa6e0>,31,12,[5 6],32,161,173,129,144
1,<environment.Job instance at 0x7eff06792410>,32,1,[ 4 10],33,173,174,140,145
1,<environment.Job instance at 0x7eff06a71be0>,1,14,[4 9],2,2,16,0,2
1,<environment.Job instance at 0x7eff06a71140>,4,12,[4 8],5,16,28,11,5
1,<environment.Job instance at 0x7eff07154eb0>,16,17,[4 5],17,17,34,0,17
1,<environment.Job instance at 0x7eff06d31a00>,17,13,[8 5],18,28,41,10,18
1,<environment.Job instance at 0x7eff06d31cd0>,18,13,[3 9],19,34,47,15,19
1,<environment.Job instance at 0x7eff06d31140>,20,16,[6 5],21,41,57,20,28
1,<environment.Job instance at 0x7eff06d31820>,21,3,[5 9],22,47,50,25,33
1,<environment.Job instance at 0x7eff06d31280>,24,15,[2 5],25,50,65,25,36
1,<environment.Job instance at 0x7eff06d28500>,26,16,[9 2],27,57,73,30,44
1,<environment.Job instance at 0x7eff06d28fa0>,28,15,[9 1],29,73,88,44,59
1,<environment.Job instance at 0x7eff06d28140>,30,13,[6 1],31,65,78,34,59
1,<environment.Job instance at 0x7eff06d28370>,31,13,[1 8],32,78,91,46,62
1,<environment.Job instance at 0x7eff06d283c0>,32,21,[10  4],33,88,109,55,80
1,<environment.Job instance at 0x7eff06d28d20>,34,13,[ 5 10],35,91,104,56,80
1,<environment.Job instance at 0x7eff06d28d70>,35,15,[6 1],36,109,124,73,95
1,<environment.Job instance at 0x7eff06d24230>,38,15,[5 9],39,104,119,65,95
1,<environment.Job instance at 0x7eff05c3bb90>,39,12,[10  3],40,124,136,84,107
1,<environment.Job instance at 0x7eff061f0690>,40,17,[7 2],41,136,153,95,124
1,<environment.Job instance at 0x7eff05c24c80>,47,12,[10  3],48,153,165,105,136
1,<environment.Job instance at 0x7eff05c24d70>,48,14,[5 4],49,136,150,87,136
1,<environment.Job instance at 0x7eff05bf30a0>,0,14,[ 1 13],1,1,15,0,1
1,<environment.Job instance at 0x7eff05bf3320>,3,12,[5 8],4,15,27,11,4
1,<environment.Job instance at 0x7eff05bf39b0>,7,12,[2 7],8,15,27,7,8
1,<environment.Job instance at 0x7eff05bf3050>,5,14,[3 8],6,27,41,21,12
1,<environment.Job instance at 0x7eff05bf3370>,9,18,[4 6],10,27,45,17,16
1,<environment.Job instance at 0x7eff05bf3a50>,8,14,[ 4 10],9,45,59,36,30
1,<environment.Job instance at 0x7eff05bf3960>,11,20,[5 1],12,31,51,19,31
1,<environment.Job instance at 0x7eff05bf3690>,12,12,[11  5],13,51,63,38,34
1,<environment.Job instance at 0x7eff05bf3aa0>,13,16,[3 8],14,59,75,45,51
1,<environment.Job instance at 0x7eff05c20820>,14,13,[7 4],15,63,76,48,51
1,<environment.Job instance at 0x7eff05bf3e60>,10,20,[9 4],11,76,96,65,68
1,<environment.Job instance at 0x7eff05bf3730>,4,23,[8 4],5,96,119,91,90
1,<environment.Job instance at 0x7eff05c20d20>,17,16,[6 2],18,90,106,72,90
1,<environment.Job instance at 0x7eff05c20320>,18,19,[ 4 11],19,106,125,87,96
1,<environment.Job instance at 0x7eff05c20870>,20,16,[7 2],21,119,135,98,106
1,<environment.Job instance at 0x7eff05c20b40>,21,16,[ 3 10],22,125,141,103,112
1,<environment.Job instance at 0x7eff05c20f50>,22,16,[5 7],23,141,157,118,128
1,<environment.Job instance at 0x7eff05c20550>,23,3,[4 8],24,141,144,117,128
1,<environment.Job instance at 0x7eff05c207d0>,24,13,[5 5],25,144,157,119,128
1,<environment.Job instance at 0x7eff05c20960>,25,2,[1 6],26,157,159,131,130
1,<environment.Job instance at 0x7eff05c24500>,27,1,[5 1],28,144,145,116,143
1,<environment.Job instance at 0x7eff05c24dc0>,29,3,[2 6],30,157,160,127,143
1,<environment.Job instance at 0x7eff05c24e60>,30,19,[2 8],31,159,178,128,149
1,<environment.Job instance at 0x7eff07032d20>,1,16,[7 2],2,2,18,0,2
1,<environment.Job instance at 0x7eff05c24fa0>,2,1,[ 1 14],3,18,19,15,4
1,<environment.Job instance at 0x7eff05c71870>,7,24,[1 6],8,19,43,11,14
1,<environment.Job instance at 0x7eff05c719b0>,8,14,[10  2],9,19,33,10,14
1,<environment.Job instance at 0x7eff05c03aa0>,10,20,[1 8],11,33,53,22,24
1,<environment.Job instance at 0x7eff05c03320>,11,22,[7 2],12,43,65,31,36
1,<environment.Job instance at 0x7eff05c03d20>,12,13,[7 4],13,43,56,30,36
1,<environment.Job instance at 0x7eff05c032d0>,13,14,[10  2],14,65,79,51,50
1,<environment.Job instance at 0x7eff05c03780>,14,21,[4 9],15,56,77,41,50
1,<environment.Job instance at 0x7eff05c71960>,6,1,[12  4],7,79,80,72,51
1,<environment.Job instance at 0x7eff05c037d0>,20,20,[5 7],21,80,100,59,71
1,<environment.Job instance at 0x7eff05c03e10>,21,16,[4 8],22,80,96,58,71
1,<environment.Job instance at 0x7eff05c03a00>,22,18,[6 1],23,96,114,73,85
1,<environment.Job instance at 0x7eff05c035f0>,23,15,[2 8],24,100,115,76,86
1,<environment.Job instance at 0x7eff05c03e60>,25,12,[6 1],26,100,112,74,88
1,<environment.Job instance at 0x7eff05c23cd0>,28,16,[10  5],29,114,130,85,101
1,<environment.Job instance at 0x7eff05c23dc0>,30,16,[1 7],31,115,131,84,102
1,<environment.Job instance at 0x7eff05c23780>,32,18,[2 7],33,130,148,97,119
1,<environment.Job instance at 0x7eff05c23af0>,33,15,[4 7],34,131,146,97,119
1,<environment.Job instance at 0x7eff05c23410>,36,16,[9 4],37,146,162,109,133
1,<environment.Job instance at 0x7eff05c23f00>,37,13,[8 2],38,162,175,124,146
1,<environment.Job instance at 0x7eff05c23d70>,39,25,[6 1],40,148,173,108,146
1,<environment.Job instance at 0x7eff06708af0>,1,12,[4 6],2,2,14,0,2
1,<environment.Job instance at 0x7eff05c23b90>,2,13,[2 6],3,3,16,0,3
1,<environment.Job instance at 0x7eff05d2aaf0>,3,13,[10  4],4,14,27,10,4
1,<environment.Job instance at 0x7eff05d4c640>,8,3,[6 4],9,27,30,18,10
1,<environment.Job instance at 0x7eff05d4c5a0>,11,13,[3 9],12,16,29,4,13
1,<environment.Job instance at 0x7eff05d4c780>,12,2,[12  4],13,30,32,17,13
1,<environment.Job instance at 0x7eff05d4c910>,13,21,[8 3],14,32,53,18,24
1,<environment.Job instance at 0x7eff05d2a780>,9,25,[1 8],10,29,54,19,25
1,<environment.Job instance at 0x7eff05d4c960>,17,16,[11  2],18,53,69,35,40
1,<environment.Job instance at 0x7eff05d4ca00>,19,13,[13  2],20,69,82,49,53
1,<environment.Job instance at 0x7eff06353960>,18,18,[9 5],19,82,100,63,71
1,<environment.Job instance at 0x7eff05d195f0>,22,19,[7 5],23,100,119,77,90
1,<environment.Job instance at 0x7eff063752d0>,23,17,[10  1],24,119,136,95,107
1,<environment.Job instance at 0x7eff05d47be0>,24,14,[5 8],25,107,121,82,107
1,<environment.Job instance at 0x7eff05d30050>,25,13,[7 2],26,136,149,110,121
1,<environment.Job instance at 0x7eff05d30e10>,27,17,[7 2],28,136,153,108,124
1,<environment.Job instance at 0x7eff05d30aa0>,29,21,[5 5],30,149,170,119,142
1,<environment.Job instance at 0x7eff06384730>,31,13,[4 6],32,153,166,121,142
1,<environment.Job instance at 0x7eff06dda5a0>,33,12,[7 4],34,166,178,132,149
1,<environment.Job instance at 0x7eff069de0f0>,1,15,[9 2],2,2,17,0,2
1,<environment.Job instance at 0x7eff065ce780>,0,3,[ 2 14],1,17,20,16,3
1,<environment.Job instance at 0x7eff0653b0a0>,7,3,[10  4],8,20,23,12,8
1,<environment.Job instance at 0x7eff0653b820>,14,13,[8 2],15,23,36,8,15
1,<environment.Job instance at 0x7eff065ceaf0>,3,18,[ 5 11],4,21,39,17,21
1,<environment.Job instance at 0x7eff0652d280>,19,20,[8 1],20,36,56,16,27
1,<environment.Job instance at 0x7eff0652dfa0>,23,14,[5 1],24,39,53,15,27
1,<environment.Job instance at 0x7eff0652d8c0>,24,17,[9 2],25,56,73,31,44
1,<environment.Job instance at 0x7eff0652d410>,21,24,[2 5],22,50,74,28,50
1,<environment.Job instance at 0x7eff06d1e0a0>,31,15,[6 1],32,73,88,41,59
1,<environment.Job instance at 0x7eff06d1e7d0>,30,18,[8 1],31,74,92,43,63
1,<environment.Job instance at 0x7eff06d1e9b0>,35,19,[2 6],36,88,107,52,78
1,<environment.Job instance at 0x7eff06d1e8c0>,36,18,[3 5],37,88,106,51,78
1,<environment.Job instance at 0x7eff06d1ea50>,40,16,[9 2],41,92,108,51,85
1,<environment.Job instance at 0x7eff06d1e5a0>,41,21,[9 4],42,108,129,66,100
1,<environment.Job instance at 0x7eff06d03be0>,49,16,[9 4],50,129,145,79,116
1,<environment.Job instance at 0x7eff06d030a0>,52,16,[6 5],53,123,139,70,123
1,<environment.Job instance at 0x7eff06d03af0>,54,17,[10  4],55,145,162,90,133
1,<environment.Job instance at 0x7eff069ddb40>,0,15,[2 6],1,1,16,0,1
1,<environment.Job instance at 0x7eff06d036e0>,2,18,[10  2],3,3,21,0,3
1,<environment.Job instance at 0x7eff069dd550>,1,18,[ 5 10],2,16,34,14,5
1,<environment.Job instance at 0x7eff066c8910>,12,12,[2 9],13,34,46,21,17
1,<environment.Job instance at 0x7eff066c8cd0>,16,1,[ 1 14],17,46,47,29,19
1,<environment.Job instance at 0x7eff06256c30>,19,3,[8 2],20,21,24,1,20
1,<environment.Job instance at 0x7eff066d0a00>,20,18,[1 9],21,47,65,26,36
1,<environment.Job instance at 0x7eff05ca3be0>,21,16,[13  2],22,47,63,25,36
1,<environment.Job instance at 0x7eff05ca32d0>,18,14,[1 7],19,65,79,46,50
1,<environment.Job instance at 0x7eff066d0c80>,25,18,[10  5],26,63,81,37,52
1,<environment.Job instance at 0x7eff05cc9aa0>,28,18,[5 6],29,79,97,50,68
1,<environment.Job instance at 0x7eff066c8e60>,14,3,[ 5 13],15,97,100,82,72
1,<environment.Job instance at 0x7eff05e92c80>,30,15,[ 4 10],31,100,115,69,86
1,<environment.Job instance at 0x7eff05ea20a0>,32,22,[7 1],33,86,108,53,86
1,<environment.Job instance at 0x7eff05ea2690>,34,20,[3 8],35,115,135,80,106
1,<environment.Job instance at 0x7eff068ee730>,36,13,[3 9],37,135,148,98,119
1,<environment.Job instance at 0x7eff05ea2190>,37,15,[2 7],38,119,134,81,119
1,<environment.Job instance at 0x7eff066b1dc0>,40,21,[1 8],41,148,169,107,140
1,<environment.Job instance at 0x7eff0690ae10>,0,2,[7 2],1,1,3,0,1
1,<environment.Job instance at 0x7eff066afdc0>,1,13,[5 6],2,2,15,0,2
1,<environment.Job instance at 0x7eff0690a550>,2,22,[3 6],3,3,25,0,3
1,<environment.Job instance at 0x7eff0690a410>,3,13,[9 3],4,15,28,11,4
1,<environment.Job instance at 0x7eff065e08c0>,8,3,[5 7],9,25,28,16,9
1,<environment.Job instance at 0x7eff065e0b40>,9,19,[7 3],10,28,47,18,18
1,<environment.Job instance at 0x7eff065e06e0>,13,13,[9 3],14,47,60,33,31
1,<environment.Job instance at 0x7eff065e0f50>,15,20,[5 1],16,36,56,20,36
1,<environment.Job instance at 0x7eff065e0aa0>,17,13,[4 8],18,56,69,38,40
1,<environment.Job instance at 0x7eff065e0cd0>,18,12,[2 5],19,60,72,41,43
1,<environment.Job instance at 0x7eff065e09b0>,21,17,[8 5],22,69,86,47,57
1,<environment.Job instance at 0x7eff065e0eb0>,28,22,[2 7],29,72,94,43,68
1,<environment.Job instance at 0x7eff065e0c30>,29,13,[9 5],30,86,99,56,70
1,<environment.Job instance at 0x7eff065e0460>,30,15,[ 4 10],31,94,109,63,80
1,<environment.Job instance at 0x7eff0690a640>,7,16,[12  3],8,109,125,101,96
1,<environment.Job instance at 0x7eff065ffb90>,33,18,[ 2 10],34,109,127,75,98
1,<environment.Job instance at 0x7eff065ff9b0>,34,18,[13  2],35,125,143,90,114
1,<environment.Job instance at 0x7eff065ffcd0>,37,3,[9 1],38,143,146,105,117
1,<environment.Job instance at 0x7eff065ff1e0>,38,15,[3 9],39,143,158,104,129
1,<environment.Job instance at 0x7eff065ff370>,39,27,[8 5],40,146,173,106,144
1,<environment.Job instance at 0x7eff065ff8c0>,40,12,[5 4],41,158,170,117,144
1,<environment.Job instance at 0x7eff05a834b0>,1,12,[7 2],2,2,14,0,2
1,<environment.Job instance at 0x7eff05a83f50>,0,21,[4 8],1,2,23,1,2
1,<environment.Job instance at 0x7eff05a83a50>,2,3,[1 7],3,14,17,11,3
1,<environment.Job instance at 0x7eff05a83c30>,3,16,[3 5],4,17,33,13,4
1,<environment.Job instance at 0x7eff05a837d0>,4,3,[ 2 11],5,33,36,28,7
1,<environment.Job instance at 0x7eff05a83d20>,7,3,[6 3],8,23,26,15,8
1,<environment.Job instance at 0x7eff05a832d0>,11,1,[ 3 13],12,36,37,24,13
1,<environment.Job instance at 0x7eff05a83d70>,10,20,[4 9],11,37,57,26,29
1,<environment.Job instance at 0x7eff05a83b40>,14,14,[ 4 10],15,57,71,42,42
1,<environment.Job instance at 0x7eff05a835f0>,15,13,[5 8],16,71,84,55,55
1,<environment.Job instance at 0x7eff05a83960>,16,16,[5 2],17,55,71,38,55
1,<environment.Job instance at 0x7eff05a83410>,17,20,[5 4],18,71,91,53,63
1,<environment.Job instance at 0x7eff05a76320>,18,15,[ 3 10],19,84,99,65,70
1,<environment.Job instance at 0x7eff05a76c80>,19,12,[7 5],20,91,103,71,74
1,<environment.Job instance at 0x7eff05a76780>,20,14,[7 5],21,99,113,78,84
1,<environment.Job instance at 0x7eff05a760f0>,24,12,[5 1],25,103,115,78,89
1,<environment.Job instance at 0x7eff05a76370>,27,17,[1 7],28,103,120,75,93
1,<environment.Job instance at 0x7eff05a76e10>,39,12,[6 5],40,113,125,73,96
1,<environment.Job instance at 0x7eff05a76eb0>,41,15,[9 1],42,120,135,78,111
1,<environment.Job instance at 0x7eff05a51460>,43,16,[8 4],44,135,151,91,122
1,<environment.Job instance at 0x7eff05a513c0>,46,15,[1 8],47,125,140,78,122
1,<environment.Job instance at 0x7eff05a835a0>,12,22,[ 2 11],13,140,162,127,133
1,<environment.Job instance at 0x7eff05a51550>,50,14,[5 3],51,151,165,100,145
1,<environment.Job instance at 0x7eff05e5f0f0>,1,2,[8 2],2,2,4,0,2
1,<environment.Job instance at 0x7eff05e5fcd0>,3,17,[3 5],4,4,21,0,4
1,<environment.Job instance at 0x7eff05e5fd70>,5,15,[7 1],6,6,21,0,6
1,<environment.Job instance at 0x7eff05e5f370>,7,12,[8 4],8,21,33,13,8
1,<environment.Job instance at 0x7eff05e5fd20>,6,1,[8 1],7,33,34,26,8
1,<environment.Job instance at 0x7eff05e5f870>,8,2,[4 7],9,9,11,0,9
1,<environment.Job instance at 0x7eff05e5fc30>,9,22,[4 8],10,11,33,1,10
1,<environment.Job instance at 0x7eff05e5f280>,10,1,[9 5],11,34,35,23,11
1,<environment.Job instance at 0x7eff05e5f4b0>,11,17,[ 2 10],12,33,50,21,23
1,<environment.Job instance at 0x7eff06b44280>,15,1,[3 9],16,50,51,34,23
1,<environment.Job instance at 0x7eff06b44780>,17,16,[1 6],18,50,66,32,37
1,<environment.Job instance at 0x7eff06b44b40>,18,12,[2 8],19,51,63,32,37
1,<environment.Job instance at 0x7eff06b442d0>,20,20,[1 7],21,63,83,42,54
1,<environment.Job instance at 0x7eff06b44050>,21,18,[9 3],22,66,84,44,55
1,<environment.Job instance at 0x7eff06b44550>,22,16,[3 8],23,83,99,60,70
1,<environment.Job instance at 0x7eff06b44d70>,23,14,[6 2],24,84,98,60,70
1,<environment.Job instance at 0x7eff06b44230>,26,14,[4 7],27,98,112,71,83
1,<environment.Job instance at 0x7eff06d6a910>,31,14,[5 6],32,99,113,67,84
1,<environment.Job instance at 0x7eff06d6a0a0>,36,16,[3 6],37,112,128,75,99
1,<environment.Job instance at 0x7eff06d6a820>,38,13,[1 7],39,113,126,74,99
1,<environment.Job instance at 0x7eff06d6a280>,40,18,[8 2],41,113,131,72,102
1,<environment.Job instance at 0x7eff06d6ae60>,47,15,[9 4],48,131,146,83,117
1,<environment.Job instance at 0x7eff06b448c0>,16,17,[5 4],17,128,145,111,118
1,<environment.Job instance at 0x7eff0653b0f0>,50,15,[7 4],51,146,161,95,133
1,<environment.Job instance at 0x7eff0653bdc0>,56,16,[ 3 10],57,145,161,88,133
1,<environment.Job instance at 0x7eff07278e60>,0,14,[7 5],1,1,15,0,1
1,<environment.Job instance at 0x7eff0653bcd0>,2,12,[3 9],3,3,15,0,3
1,<environment.Job instance at 0x7eff0594cf00>,4,1,[6 1],5,15,16,10,5
1,<environment.Job instance at 0x7eff0594cd70>,5,17,[11  1],6,16,33,10,7
1,<environment.Job instance at 0x7eff05ea5be0>,7,3,[6 1],8,33,36,25,9
1,<environment.Job instance at 0x7eff05ea5e10>,9,1,[9 3],10,15,16,5,10
1,<environment.Job instance at 0x7eff05ea5500>,8,16,[5 5],9,33,49,24,20
1,<environment.Job instance at 0x7eff05ea5410>,14,15,[2 8],15,20,35,5,20
1,<environment.Job instance at 0x7eff05ea56e0>,19,13,[9 4],20,36,49,16,20
1,<environment.Job instance at 0x7eff06211b40>,23,16,[1 6],24,35,51,11,24
1,<environment.Job instance at 0x7eff06211280>,24,16,[10  1],25,49,65,24,36
1,<environment.Job instance at 0x7eff06211780>,27,14,[5 5],28,51,65,23,36
1,<environment.Job instance at 0x7eff06211fa0>,32,15,[8 2],33,65,80,32,51
1,<environment.Job instance at 0x7eff05ea5460>,12,16,[4 6],13,65,81,52,59
1,<environment.Job instance at 0x7eff06211690>,36,20,[8 3],37,80,100,43,71
1,<environment.Job instance at 0x7eff064dd960>,44,15,[3 7],45,81,96,36,75
1,<environment.Job instance at 0x7eff064dd190>,45,15,[6 4],46,96,111,50,82
1,<environment.Job instance at 0x7eff064ddb40>,46,15,[7 2],47,100,115,53,86
1,<environment.Job instance at 0x7eff064dd320>,48,15,[8 2],49,111,126,62,97
1,<environment.Job instance at 0x7eff064dd460>,49,19,[8 2],50,126,145,76,116
1,<environment.Job instance at 0x7eff05ea5780>,11,27,[4 9],12,124,151,112,124
1,<environment.Job instance at 0x7eff064dd730>,55,1,[ 1 11],56,151,152,95,124
1,<environment.Job instance at 0x7eff06059fa0>,61,18,[1 9],62,152,170,90,144
1,<environment.Job instance at 0x7eff06059140>,64,20,[1 5],65,152,172,87,144
1,<environment.Job instance at 0x7eff06a5c410>,0,18,[5 6],1,1,19,0,1
1,<environment.Job instance at 0x7eff06a5c9b0>,2,2,[8 4],3,3,5,0,3
1,<environment.Job instance at 0x7eff06a5c820>,3,14,[ 4 10],4,19,33,15,4
1,<environment.Job instance at 0x7eff06a5ceb0>,5,20,[1 6],6,33,53,27,24
1,<environment.Job instance at 0x7eff06278190>,12,15,[9 4],13,24,39,11,24
1,<environment.Job instance at 0x7eff06278be0>,15,14,[7 3],16,39,53,23,24
1,<environment.Job instance at 0x7eff062780f0>,16,18,[2 8],17,53,71,36,42
1,<environment.Job instance at 0x7eff06278690>,18,22,[4 7],19,53,75,34,47
1,<environment.Job instance at 0x7eff06278640>,19,22,[10  4],20,71,93,51,64
1,<environment.Job instance at 0x7eff06278910>,20,22,[1 5],21,75,97,54,68
1,<environment.Job instance at 0x7eff06278a50>,22,13,[6 2],23,93,106,70,77
1,<environment.Job instance at 0x7eff066c6d20>,29,15,[8 4],30,93,108,63,79
1,<environment.Job instance at 0x7eff066c60f0>,30,18,[7 3],31,106,124,75,95
1,<environment.Job instance at 0x7eff066c6e10>,31,17,[1 7],32,108,125,76,96
1,<environment.Job instance at 0x7eff066c6af0>,32,14,[7 2],33,108,122,75,96
1,<environment.Job instance at 0x7eff066c6370>,33,21,[1 7],34,124,145,90,116
1,<environment.Job instance at 0x7eff066c6be0>,34,18,[4 5],35,125,143,90,116
1,<environment.Job instance at 0x7eff066c6140>,36,15,[ 3 10],37,145,160,108,131
1,<environment.Job instance at 0x7eff066c6960>,38,12,[4 6],39,160,172,121,143
1,<environment.Job instance at 0x7eff066c6280>,40,16,[1 9],41,160,176,119,147
1,<environment.Job instance at 0x7eff06b63500>,0,1,[7 3],1,1,2,0,1
1,<environment.Job instance at 0x7eff06b63140>,1,12,[13  1],2,2,14,0,2
1,<environment.Job instance at 0x7eff06b633c0>,2,13,[6 3],3,14,27,11,3
1,<environment.Job instance at 0x7eff06b63230>,3,3,[13  4],4,27,30,23,4
1,<environment.Job instance at 0x7eff06278730>,5,18,[ 2 10],6,6,24,0,6
1,<environment.Job instance at 0x7eff06b63280>,7,16,[8 2],8,30,46,22,17
1,<environment.Job instance at 0x7eff06b2eaa0>,11,18,[2 5],12,24,42,12,17
1,<environment.Job instance at 0x7eff06b2e140>,12,13,[10  2],13,46,59,33,30
1,<environment.Job instance at 0x7eff06b2e550>,13,17,[7 3],14,59,76,45,47
1,<environment.Job instance at 0x7eff06b2e8c0>,15,21,[3 7],16,47,68,31,47
1,<environment.Job instance at 0x7eff06b2e780>,18,12,[5 9],19,68,80,49,51
1,<environment.Job instance at 0x7eff06b2e730>,19,18,[4 6],20,76,94,56,65
1,<environment.Job instance at 0x7eff06b4d460>,21,13,[5 1],22,80,93,58,65
1,<environment.Job instance at 0x7eff06b4dd20>,24,16,[ 3 10],25,94,110,69,81
1,<environment.Job instance at 0x7eff06b4d5f0>,27,14,[5 4],28,81,95,53,81
1,<environment.Job instance at 0x7eff06b4d320>,28,16,[5 9],29,110,126,81,97
1,<environment.Job instance at 0x7eff06b4d500>,33,13,[6 1],34,97,110,63,97
1,<environment.Job instance at 0x7eff0721c190>,36,12,[7 4],37,110,122,73,97
1,<environment.Job instance at 0x7eff0721c2d0>,38,22,[6 5],39,122,144,83,115
1,<environment.Job instance at 0x7eff0721c0f0>,39,12,[2 9],40,126,138,86,115
1,<environment.Job instance at 0x7eff0721c5a0>,42,15,[2 9],43,138,153,95,124
1,<environment.Job instance at 0x7eff0721c9b0>,44,18,[1 9],45,153,171,108,142
1,<environment.Job instance at 0x7eff0721cdc0>,45,14,[10  5],46,144,158,98,142
1,<environment.Job instance at 0x7eff06cd4550>,0,19,[ 4 14],1,1,20,0,1
1,<environment.Job instance at 0x7eff06cd45f0>,6,14,[8 2],7,20,34,13,7
1,<environment.Job instance at 0x7eff06cd4f50>,9,13,[7 4],10,20,33,10,10
1,<environment.Job instance at 0x7eff06cd4b90>,10,1,[14  3],11,34,35,23,11
1,<environment.Job instance at 0x7eff06cd4af0>,11,16,[7 2],12,35,51,23,23
1,<environment.Job instance at 0x7eff06cd4e60>,7,18,[4 5],8,35,53,27,24
1,<environment.Job instance at 0x7eff06cd4690>,13,13,[8 5],14,51,64,37,35
1,<environment.Job instance at 0x7eff06cd44b0>,18,18,[5 4],19,53,71,34,42
1,<environment.Job instance at 0x7eff06cd4190>,19,21,[6 5],20,64,85,44,56
1,<environment.Job instance at 0x7eff06cd40a0>,20,12,[6 1],21,71,83,50,56
1,<environment.Job instance at 0x7eff0599b230>,23,17,[ 3 10],24,83,100,59,71
1,<environment.Job instance at 0x7eff0599bbe0>,24,12,[3 6],25,71,83,46,71
1,<environment.Job instance at 0x7eff0599b870>,26,17,[4 5],27,85,102,58,73
1,<environment.Job instance at 0x7eff0599b460>,27,13,[3 7],28,100,113,72,84
1,<environment.Job instance at 0x7eff0599b320>,30,21,[2 5],31,102,123,71,94
1,<environment.Job instance at 0x7eff0599bd70>,33,13,[ 3 10],34,113,126,79,97
1,<environment.Job instance at 0x7eff0599bd20>,35,16,[5 5],36,123,139,87,110
1,<environment.Job instance at 0x7eff0599beb0>,36,18,[7 5],37,126,144,89,115
1,<environment.Job instance at 0x7eff0599be10>,40,12,[5 4],41,139,151,98,122
1,<environment.Job instance at 0x7eff0599bf00>,41,13,[1 8],42,144,157,102,128
1,<environment.Job instance at 0x7eff06dd5dc0>,42,18,[ 4 10],43,157,175,114,146
1,<environment.Job instance at 0x7eff0670ec30>,2,1,[9 3],3,3,4,0,3
1,<environment.Job instance at 0x7eff0670e5f0>,3,14,[10  4],4,4,18,0,4
1,<environment.Job instance at 0x7eff06706b40>,4,1,[ 3 10],5,5,6,0,5
1,<environment.Job instance at 0x7eff067065a0>,5,13,[6 4],6,18,31,12,6
1,<environment.Job instance at 0x7eff06706f00>,6,1,[5 4],7,7,8,0,7
1,<environment.Job instance at 0x7eff06706c30>,7,22,[1 8],8,8,30,0,8
1,<environment.Job instance at 0x7eff067b5460>,8,2,[7 5],9,30,32,21,9
1,<environment.Job instance at 0x7eff066df0a0>,12,14,[2 7],13,31,45,18,16
1,<environment.Job instance at 0x7eff066df280>,18,12,[5 8],19,32,44,13,19
1,<environment.Job instance at 0x7eff06dc4aa0>,20,15,[8 2],21,44,59,23,30
1,<environment.Job instance at 0x7eff06fa3460>,27,14,[ 3 10],28,45,59,17,30
1,<environment.Job instance at 0x7eff06dc99b0>,32,18,[6 1],33,59,77,26,48
1,<environment.Job instance at 0x7eff06dc9280>,37,12,[1 8],38,59,71,21,48
1,<environment.Job instance at 0x7eff06dee960>,39,17,[7 2],40,59,76,19,48
1,<environment.Job instance at 0x7eff06dee140>,41,21,[5 5],42,76,97,34,68
1,<environment.Job instance at 0x7eff06deee60>,44,17,[2 8],45,71,88,26,68
1,<environment.Job instance at 0x7eff06deea00>,46,12,[8 3],47,88,100,41,71
1,<environment.Job instance at 0x7eff06deedc0>,50,17,[7 4],51,97,114,46,85
1,<environment.Job instance at 0x7eff06deeaf0>,53,21,[7 2],54,100,121,46,92
1,<environment.Job instance at 0x7eff066df410>,21,15,[ 2 12],22,114,129,92,100
1,<environment.Job instance at 0x7eff06cc4be0>,57,14,[7 2],58,121,135,63,106
1,<environment.Job instance at 0x7eff06cc4550>,56,20,[8 2],57,129,149,72,120
1,<environment.Job instance at 0x7eff0671b050>,59,16,[3 9],60,135,151,75,122
1,<environment.Job instance at 0x7eff0671ba00>,60,1,[8 1],61,149,150,88,122
1,<environment.Job instance at 0x7eff06cc4cd0>,58,18,[10  3],59,150,168,91,139
1,<environment.Job instance at 0x7eff0671beb0>,62,13,[3 7],63,151,164,88,139
1,<environment.Job instance at 0x7eff0671bfa0>,63,12,[3 6],64,164,176,100,147
1,<environment.Job instance at 0x7eff06661dc0>,0,16,[ 4 11],1,1,17,0,1
1,<environment.Job instance at 0x7eff066614b0>,1,1,[6 3],2,3,4,1,3
1,<environment.Job instance at 0x7eff06661690>,2,3,[ 2 10],3,17,20,14,3
1,<environment.Job instance at 0x7eff05cce9b0>,6,16,[5 5],7,17,33,10,7
1,<environment.Job instance at 0x7eff05cce140>,7,18,[1 5],8,20,38,12,9
1,<environment.Job instance at 0x7eff05ccee10>,10,14,[8 3],11,20,34,9,11
1,<environment.Job instance at 0x7eff05cce500>,14,14,[5 3],15,33,47,18,18
1,<environment.Job instance at 0x7eff05cce910>,12,22,[5 1],13,34,56,21,27
1,<environment.Job instance at 0x7eff05cce4b0>,17,15,[ 5 10],18,38,53,20,27
1,<environment.Job instance at 0x7eff05cce2d0>,15,24,[2 9],16,53,77,37,48
1,<environment.Job instance at 0x7eff059c63c0>,20,17,[6 4],21,53,70,32,48
1,<environment.Job instance at 0x7eff059c6c80>,21,18,[14  2],22,77,95,55,66
1,<environment.Job instance at 0x7eff05ccef50>,19,19,[7 5],20,95,114,75,85
1,<environment.Job instance at 0x7eff05ccefa0>,11,14,[4 7],12,95,109,83,85
1,<environment.Job instance at 0x7eff059c6e10>,23,17,[10  1],24,114,131,90,102
1,<environment.Job instance at 0x7eff059c6a50>,25,17,[8 1],26,131,148,105,119
1,<environment.Job instance at 0x7eff059c6280>,27,13,[7 4],28,131,144,103,119
1,<environment.Job instance at 0x7eff059c6cd0>,28,28,[1 5],29,144,172,115,143
1,<environment.Job instance at 0x7eff059c6230>,31,16,[7 3],32,148,164,116,143
1,<environment.Job instance at 0x7eff059c6aa0>,32,20,[5 3],33,144,164,111,143
1,<environment.Job instance at 0x7eff05dca500>,1,2,[8 3],2,2,4,0,2
1,<environment.Job instance at 0x7eff059c6b90>,2,1,[3 9],3,3,4,0,3
1,<environment.Job instance at 0x7eff063e8c30>,4,16,[2 8],5,5,21,0,5
1,<environment.Job instance at 0x7eff063e8e10>,9,1,[8 3],10,10,11,0,10
1,<environment.Job instance at 0x7eff063e8f50>,10,2,[5 6],11,11,13,0,11
1,<environment.Job instance at 0x7eff063d80a0>,11,12,[ 3 10],12,21,33,9,12
1,<environment.Job instance at 0x7eff063d8230>,12,2,[8 4],13,13,15,0,13
1,<environment.Job instance at 0x7eff063d8320>,13,12,[11  3],14,15,27,1,14
1,<environment.Job instance at 0x7eff063d8410>,14,13,[6 4],15,27,40,12,15
1,<environment.Job instance at 0x7eff063d8640>,15,3,[8 3],16,33,36,17,16
1,<environment.Job instance at 0x7eff063d8690>,16,14,[2 7],17,36,50,19,22
1,<environment.Job instance at 0x7eff063d8910>,20,2,[2 7],21,40,42,19,22
1,<environment.Job instance at 0x7eff063d8500>,17,17,[10  2],18,42,59,24,30
1,<environment.Job instance at 0x7eff063d8be0>,23,12,[9 3],24,59,71,35,42
1,<environment.Job instance at 0x7eff063d89b0>,21,17,[2 9],22,50,67,28,45
1,<environment.Job instance at 0x7eff063d8fa0>,29,16,[5 6],30,67,83,37,59
1,<environment.Job instance at 0x7eff06404050>,31,15,[7 3],32,71,86,39,59
1,<environment.Job instance at 0x7eff064040f0>,32,15,[5 7],33,83,98,50,69
1,<environment.Job instance at 0x7eff06404460>,36,14,[9 2],37,86,100,49,71
1,<environment.Job instance at 0x7eff064045a0>,38,12,[5 5],39,98,110,59,81
1,<environment.Job instance at 0x7eff06404870>,43,19,[6 4],44,100,119,56,91
1,<environment.Job instance at 0x7eff06404cd0>,45,20,[8 5],46,110,130,64,101
1,<environment.Job instance at 0x7eff06404e10>,48,17,[7 5],49,119,136,70,108
1,<environment.Job instance at 0x7eff06404be0>,52,12,[5 3],53,130,142,77,113
1,<environment.Job instance at 0x7eff063f4190>,53,13,[6 2],54,136,149,82,120
1,<environment.Job instance at 0x7eff063f4370>,56,16,[2 9],57,136,152,79,123
1,<environment.Job instance at 0x7eff05b0fe10>,0,26,[6 1],1,142,168,141,141
1,<environment.Job instance at 0x7eff063d8eb0>,27,27,[6 5],28,149,176,121,147
1,<environment.Job instance at 0x7f19eb24f320>,1,15,[4 5],2,2,17,0,2
1,<environment.Job instance at 0x7f19e1ad7410>,2,18,[ 3 10],3,3,21,0,3
1,<environment.Job instance at 0x7f19e1ad75f0>,3,13,[3 8],4,21,34,17,5
1,<environment.Job instance at 0x7f19eb24f230>,0,2,[6 2],1,17,19,16,5
1,<environment.Job instance at 0x7f19e1ad7960>,7,12,[7 2],8,19,31,11,8
1,<environment.Job instance at 0x7f19e1ad7b90>,10,14,[1 6],11,31,45,20,16
1,<environment.Job instance at 0x7f19e1ad7c30>,11,1,[8 4],12,34,35,22,20
1,<environment.Job instance at 0x7f19e1ad7d20>,13,15,[4 5],14,34,49,20,20
1,<environment.Job instance at 0x7f19e1ad7a00>,9,17,[8 1],10,35,52,25,23
1,<environment.Job instance at 0x7f19e1ad7e60>,15,20,[3 5],16,45,65,29,36
1,<environment.Job instance at 0x7f19e1ad7be0>,18,18,[3 6],19,49,67,30,38
1,<environment.Job instance at 0x7f19e1ad91e0>,19,21,[8 5],20,65,86,45,57
1,<environment.Job instance at 0x7f19e1ad9370>,21,22,[8 2],22,86,108,64,79
1,<environment.Job instance at 0x7f19e1ad9460>,23,18,[7 4],24,79,97,55,79
1,<environment.Job instance at 0x7f19e1ad95f0>,25,16,[5 3],26,97,113,71,84
1,<environment.Job instance at 0x7f19e1ad94b0>,26,20,[4 8],27,108,128,81,99
1,<environment.Job instance at 0x7f19e1ad9870>,30,15,[8 2],31,113,128,82,99
1,<environment.Job instance at 0x7f19e1ad9910>,31,13,[4 5],32,128,141,96,112
1,<environment.Job instance at 0x7f19e1ad99b0>,32,14,[8 3],33,128,142,95,113
1,<environment.Job instance at 0x7f19e1ad9a50>,33,16,[9 3],34,142,158,108,129
1,<environment.Job instance at 0x7f19e1ad9af0>,34,20,[5 3],35,141,161,106,132
1,<environment.Job instance at 0x7f19e1ad9e60>,36,16,[8 1],37,158,174,121,145
1,<environment.Job instance at 0x7f19e1ad9f50>,38,14,[5 5],39,161,175,122,146
1,<environment.Job instance at 0x7f19e1ad9dc0>,39,12,[3 6],40,174,186,134,157
1,<environment.Job instance at 0x7f19e1ae2870>,1,17,[3 8],2,2,19,0,2
1,<environment.Job instance at 0x7f19e1add280>,2,16,[3 9],3,19,35,16,6
1,<environment.Job instance at 0x7f19e1225f50>,5,2,[ 1 14],6,35,37,29,9
1,<environment.Job instance at 0x7f19e1a74dc0>,0,2,[14  2],1,37,39,36,11
1,<environment.Job instance at 0x7f19e1f9e3c0>,12,18,[4 6],13,13,31,0,13
1,<environment.Job instance at 0x7f19e1f9e960>,13,16,[3 5],14,39,55,25,26
1,<environment.Job instance at 0x7f19e1f9efa0>,14,21,[9 1],15,39,60,24,31
1,<environment.Job instance at 0x7f19e2007050>,15,14,[5 3],16,55,69,39,40
1,<environment.Job instance at 0x7f19e2007aa0>,17,18,[10  1],18,60,78,42,49
1,<environment.Job instance at 0x7f19e1b51820>,22,14,[4 7],23,69,83,46,54
1,<environment.Job instance at 0x7f19e1b51d20>,25,19,[5 1],26,78,97,52,68
1,<environment.Job instance at 0x7f19e1b51960>,27,22,[1 7],28,69,91,41,68
1,<environment.Job instance at 0x7f19e1b51910>,32,15,[3 9],33,91,106,58,77
1,<environment.Job instance at 0x7f19e158eaa0>,36,14,[8 4],37,97,111,60,82
1,<environment.Job instance at 0x7f19e15400f0>,38,17,[10  5],39,111,128,72,99
1,<environment.Job instance at 0x7f19e12290a0>,39,16,[ 3 10],40,106,122,66,99
1,<environment.Job instance at 0x7f19e1583690>,48,17,[10  2],49,128,145,79,116
1,<environment.Job instance at 0x7f19e15ddcd0>,55,15,[3 5],56,122,137,66,116
1,<environment.Job instance at 0x7f19e15ecb90>,60,16,[7 2],61,145,161,84,132
1,<environment.Job instance at 0x7f19e15ec3c0>,61,18,[ 1 10],62,137,155,75,132
1,<environment.Job instance at 0x7f19e15ec050>,63,19,[9 2],64,161,180,97,151
1,<environment.Job instance at 0x7f19e157fb90>,67,15,[5 6],68,155,170,87,151
1,<environment.Job instance at 0x7f19e157f320>,69,17,[3 5],70,170,187,100,158
1,<environment.Job instance at 0x7f19e118f140>,0,14,[7 1],1,1,15,0,1
1,<environment.Job instance at 0x7f19e118f050>,1,25,[5 1],2,2,27,0,2
1,<environment.Job instance at 0x7f19e118f1e0>,2,17,[4 8],3,15,32,12,3
1,<environment.Job instance at 0x7f19e1186960>,7,3,[5 8],8,32,35,24,9
1,<environment.Job instance at 0x7f19e118f820>,3,14,[ 3 10],4,35,49,31,20
1,<environment.Job instance at 0x7f19e11868c0>,13,13,[ 4 10],14,49,62,35,33
1,<environment.Job instance at 0x7f19e1186500>,16,13,[2 5],17,33,46,16,33
1,<environment.Job instance at 0x7f19e1186690>,5,24,[9 3],6,46,70,40,44
1,<environment.Job instance at 0x7f19e1186c30>,21,12,[4 7],22,62,74,40,45
1,<environment.Job instance at 0x7f19e1186c80>,20,19,[1 8],21,70,89,49,60
1,<environment.Job instance at 0x7f19e11860a0>,23,18,[11  4],24,74,92,50,69
1,<environment.Job instance at 0x7f19e1186d70>,25,20,[7 3],26,92,112,66,83
1,<environment.Job instance at 0x7f19e11e99b0>,28,17,[6 3],29,92,109,63,83
1,<environment.Job instance at 0x7f19e11862d0>,14,16,[2 8],15,89,105,74,83
1,<environment.Job instance at 0x7f19e11e96e0>,29,20,[6 2],30,109,129,79,100
1,<environment.Job instance at 0x7f19e11e97d0>,31,17,[2 8],32,105,122,73,100
1,<environment.Job instance at 0x7f19e11e9f00>,34,14,[3 6],35,122,136,87,107
1,<environment.Job instance at 0x7f19e11e9d70>,38,16,[2 6],39,122,138,83,109
1,<environment.Job instance at 0x7f19e11e9550>,42,22,[1 6],43,136,158,93,129
1,<environment.Job instance at 0x7f19e1953fa0>,47,15,[1 9],48,138,153,90,129
1,<environment.Job instance at 0x7f19e1ff4e10>,52,18,[ 2 10],53,158,176,105,147
1,<environment.Job instance at 0x7f19e1ff4f50>,53,17,[7 1],54,153,170,99,147
1,<environment.Job instance at 0x7f19e11865a0>,22,26,[5 3],23,153,179,130,151
1,<environment.Job instance at 0x7f19e1ff4e60>,55,2,[6 3],56,176,178,120,151
1,<environment.Job instance at 0x7f19e14ec9b0>,0,21,[5 6],1,1,22,0,1
1,<environment.Job instance at 0x7f19e14ecf50>,1,12,[5 6],2,2,14,0,2
1,<environment.Job instance at 0x7f19e1706f00>,2,1,[ 4 10],3,22,23,19,4
1,<environment.Job instance at 0x7f19e1222a00>,7,16,[4 5],8,14,30,6,8
1,<environment.Job instance at 0x7f19e1222af0>,9,1,[1 5],10,23,24,13,13
1,<environment.Job instance at 0x7f19e1ae4fa0>,13,1,[11  1],14,24,25,10,14
1,<environment.Job instance at 0x7f19e125e640>,11,22,[6 4],12,25,47,13,18
1,<environment.Job instance at 0x7f19e117ccd0>,15,14,[8 2],16,30,44,14,19
1,<environment.Job instance at 0x7f19e15b5230>,18,18,[8 2],19,44,62,25,33
1,<environment.Job instance at 0x7f19e15b5730>,19,18,[6 2],20,47,65,27,36
1,<environment.Job instance at 0x7f19e117c4b0>,14,17,[2 5],15,62,79,47,52
1,<environment.Job instance at 0x7f19e15b55f0>,21,18,[5 8],22,62,80,40,55
1,<environment.Job instance at 0x7f19e1ff4e60>,3,23,[10  3],4,79,102,75,73
1,<environment.Job instance at 0x7f19e1222460>,4,24,[4 8],5,80,104,75,75
1,<environment.Job instance at 0x7f19e19be910>,24,25,[ 3 10],25,104,129,79,100
1,<environment.Job instance at 0x7f19e15b59b0>,25,15,[6 5],26,102,117,76,100
1,<environment.Job instance at 0x7f19e15b5550>,26,1,[2 5],27,117,118,90,100
1,<environment.Job instance at 0x7f19e1629f50>,27,2,[13  5],28,129,131,101,102
1,<environment.Job instance at 0x7f19e16298c0>,28,17,[7 3],29,131,148,102,119
1,<environment.Job instance at 0x7f19e175cdc0>,29,18,[11  5],30,148,166,118,137
1,<environment.Job instance at 0x7f19e1f19730>,3,2,[2 9],4,4,6,0,4
1,<environment.Job instance at 0x7f19e1f19be0>,4,2,[13  3],5,5,7,0,5
1,<environment.Job instance at 0x7f19e2609780>,5,1,[8 1],6,7,8,1,6
1,<environment.Job instance at 0x7f19e1efbaf0>,7,12,[10  3],8,8,20,0,8
1,<environment.Job instance at 0x7f19e1efbd70>,8,14,[5 4],9,9,23,0,9
1,<environment.Job instance at 0x7f19e1efbc30>,9,15,[10  1],10,20,35,10,10
1,<environment.Job instance at 0x7f19e1eea9b0>,13,2,[ 5 13],14,23,25,9,15
1,<environment.Job instance at 0x7f19e1eeab90>,16,12,[3 5],17,25,37,8,18
1,<environment.Job instance at 0x7f19e1f195f0>,0,17,[7 2],1,35,52,34,26
1,<environment.Job instance at 0x7f19e1eeacd0>,17,21,[9 2],18,52,73,34,44
1,<environment.Job instance at 0x7f19e1ed50a0>,19,17,[4 7],20,44,61,24,44
1,<environment.Job instance at 0x7f19e1eeac30>,18,22,[ 3 12],19,61,83,42,54
1,<environment.Job instance at 0x7f19e1ed57d0>,21,17,[ 2 12],22,83,100,61,71
1,<environment.Job instance at 0x7f19e1ed5190>,22,16,[10  5],23,100,116,77,87
1,<environment.Job instance at 0x7f19e1ed5910>,23,15,[10  1],24,116,131,92,102
1,<environment.Job instance at 0x7f19e1ed50f0>,24,13,[7 5],25,131,144,106,115
1,<environment.Job instance at 0x7f19e1ed52d0>,25,13,[1 8],26,115,128,89,115
1,<environment.Job instance at 0x7f19e1ed5410>,26,22,[8 4],27,131,153,104,124
1,<environment.Job instance at 0x7f19e1ef8960>,27,14,[1 7],28,144,158,116,129
1,<environment.Job instance at 0x7f19e1ef84b0>,28,2,[ 2 10],29,129,131,100,129
1,<environment.Job instance at 0x7f19e1ef8690>,29,22,[7 5],30,153,175,123,146
1,<environment.Job instance at 0x7f19e10855a0>,2,14,[ 2 10],3,3,17,0,3
1,<environment.Job instance at 0x7f19e1085320>,4,16,[ 3 10],5,17,33,12,5
1,<environment.Job instance at 0x7f19e1085050>,5,18,[5 5],6,6,24,0,6
1,<environment.Job instance at 0x7f19e1085410>,9,2,[ 3 10],10,33,35,23,10
1,<environment.Job instance at 0x7f19e1085a00>,10,18,[1 5],11,24,42,13,18
1,<environment.Job instance at 0x7f19e1085460>,8,13,[3 9],9,35,48,26,19
1,<environment.Job instance at 0x7f19e10856e0>,12,19,[4 5],13,42,61,29,34
1,<environment.Job instance at 0x7f19e182f0a0>,13,3,[1 9],14,48,51,34,34
1,<environment.Job instance at 0x7f19e182f460>,14,13,[11  4],15,51,64,36,35
1,<environment.Job instance at 0x7f19e182fb90>,15,12,[2 6],16,61,73,45,44
1,<environment.Job instance at 0x7f19e1085eb0>,6,16,[5 5],7,64,80,57,53
1,<environment.Job instance at 0x7f19e182f050>,17,1,[5 8],18,73,74,55,53
1,<environment.Job instance at 0x7f19e182f8c0>,18,13,[5 5],19,74,87,55,58
1,<environment.Job instance at 0x7f19e182f780>,19,2,[9 3],20,80,82,60,58
1,<environment.Job instance at 0x7f19e182f320>,20,16,[8 3],21,82,98,61,69
1,<environment.Job instance at 0x7f19e182f370>,21,1,[5 4],22,69,70,47,69
1,<environment.Job instance at 0x7f19e10858c0>,7,17,[ 3 10],8,87,104,79,77
1,<environment.Job instance at 0x7f19e182feb0>,23,21,[8 2],24,98,119,74,91
1,<environment.Job instance at 0x7f19e181be10>,27,18,[5 5],28,104,122,76,93
1,<environment.Job instance at 0x7f19e181b5a0>,31,14,[5 1],32,119,133,87,104
1,<environment.Job instance at 0x7f19e181b9b0>,34,18,[4 7],35,119,137,84,108
1,<environment.Job instance at 0x7f19e181b960>,35,18,[7 1],36,133,151,97,122
1,<environment.Job instance at 0x7f19e181b460>,36,14,[9 1],37,151,165,114,136
1,<environment.Job instance at 0x7f19e181b820>,37,12,[7 1],38,137,149,99,136
1,<environment.Job instance at 0x7f19e181be60>,38,18,[8 3],39,165,183,126,154
1,<environment.Job instance at 0x7f19e1f29aa0>,41,15,[6 2],42,154,169,112,154
1,<environment.Job instance at 0x7f19e1f29280>,42,17,[7 4],43,169,186,126,157
1,<environment.Job instance at 0x7f19e2514320>,0,2,[ 1 13],1,1,3,0,1
1,<environment.Job instance at 0x7f19e1098f50>,4,22,[8 3],5,5,27,0,5
1,<environment.Job instance at 0x7f19e10983c0>,5,2,[8 2],6,27,29,21,6
1,<environment.Job instance at 0x7f19e1ef85f0>,1,17,[ 1 10],2,18,35,16,18
1,<environment.Job instance at 0x7f19e265b9b0>,8,21,[8 2],9,29,50,20,21
1,<environment.Job instance at 0x7f19e10980a0>,13,14,[5 5],14,35,49,21,21
1,<environment.Job instance at 0x7f19e1098d70>,15,17,[11  4],16,50,67,34,38
1,<environment.Job instance at 0x7f19e1098910>,18,15,[2 5],19,38,53,19,38
1,<environment.Job instance at 0x7f19e10987d0>,19,18,[9 5],20,67,85,47,56
1,<environment.Job instance at 0x7f19e149bd20>,23,16,[1 9],24,56,72,32,56
1,<environment.Job instance at 0x7f19e149bb90>,24,17,[2 6],25,72,89,47,60
1,<environment.Job instance at 0x7f19e149bdc0>,27,22,[5 3],28,85,107,57,78
1,<environment.Job instance at 0x7f19eace6aa0>,36,18,[10  2],37,89,107,52,78
1,<environment.Job instance at 0x7f19eace6960>,37,3,[5 6],38,85,88,47,78
1,<environment.Job instance at 0x7f19eace61e0>,39,15,[5 8],40,107,122,67,93
1,<environment.Job instance at 0x7f19eace62d0>,40,18,[5 8],41,122,140,81,111
1,<environment.Job instance at 0x7f19eace6dc0>,41,17,[2 6],42,111,128,69,111
1,<environment.Job instance at 0x7f19eac4d820>,46,15,[4 5],47,128,143,81,114
1,<environment.Job instance at 0x7f19eac4d320>,48,17,[3 5],49,140,157,91,128
1,<environment.Job instance at 0x7f19eac4d4b0>,50,15,[5 8],51,143,158,92,129
1,<environment.Job instance at 0x7f19eac4d690>,53,19,[ 3 10],54,158,177,104,148
1,<environment.Job instance at 0x7f19eac4d8c0>,54,15,[7 4],55,157,172,102,148
1,<environment.Job instance at 0x7f19e1eeaaa0>,57,15,[8 1],58,172,187,114,158
1,<environment.Job instance at 0x7f19eabfbb90>,0,13,[4 5],1,1,14,0,1
1,<environment.Job instance at 0x7f19e185fb40>,3,15,[5 5],4,4,19,0,4
1,<environment.Job instance at 0x7f19e185fe60>,4,22,[6 5],5,5,27,0,5
1,<environment.Job instance at 0x7f19e185f4b0>,8,2,[7 4],9,19,21,10,9
1,<environment.Job instance at 0x7f19e185f640>,9,2,[4 6],10,21,23,11,10
1,<environment.Job instance at 0x7f19e185f500>,10,2,[12  2],11,27,29,16,14
1,<environment.Job instance at 0x7f19e1867280>,14,15,[ 5 12],15,29,44,14,15
1,<environment.Job instance at 0x7f19e1867d70>,17,3,[2 9],18,23,26,5,19
1,<environment.Job instance at 0x7f19e1867050>,13,16,[4 6],14,44,60,30,31
1,<environment.Job instance at 0x7f19e1867320>,20,16,[7 3],21,31,47,10,31
1,<environment.Job instance at 0x7f19e1867b40>,21,12,[8 4],22,47,59,25,31
1,<environment.Job instance at 0x7f19e1861370>,22,16,[1 8],23,59,75,36,46
1,<environment.Job instance at 0x7f19e1dfe5f0>,25,20,[9 3],26,60,80,34,51
1,<environment.Job instance at 0x7f19e1861af0>,30,17,[5 3],31,60,77,29,51
1,<environment.Job instance at 0x7f19e152d550>,31,12,[2 7],32,77,89,45,60
1,<environment.Job instance at 0x7f19e22b9190>,35,13,[4 6],36,80,93,44,64
1,<environment.Job instance at 0x7f19e1dde730>,37,12,[1 7],38,89,101,51,72
1,<environment.Job instance at 0x7f19e1dded20>,38,15,[2 6],39,93,108,54,79
1,<environment.Job instance at 0x7f19e1dde5a0>,39,13,[10  1],40,89,102,49,79
1,<environment.Job instance at 0x7f19e1531af0>,40,18,[1 7],41,101,119,60,90
1,<environment.Job instance at 0x7f19e22c18c0>,41,16,[9 3],42,108,124,66,95
1,<environment.Job instance at 0x7f19e22bc690>,44,24,[1 5],45,108,132,63,103
1,<environment.Job instance at 0x7f19e14f7e10>,48,18,[7 4],49,124,142,75,113
1,<environment.Job instance at 0x7f19eabfbcd0>,1,23,[2 6],2,119,142,117,113
1,<environment.Job instance at 0x7f19e22a0a00>,56,12,[10  4],57,142,154,85,125
1,<environment.Job instance at 0x7f19e22a0960>,55,14,[9 1],56,154,168,98,139
1,<environment.Job instance at 0x7f19e22a0550>,60,15,[ 1 10],61,142,157,81,139
1,<environment.Job instance at 0x7f19e22a05a0>,61,17,[5 1],62,154,171,92,142
1,<environment.Job instance at 0x7f19e22d9500>,64,16,[3 8],65,168,184,103,155
1,<environment.Job instance at 0x7f19e15140f0>,0,1,[7 2],1,1,2,0,1
1,<environment.Job instance at 0x7f19e15142d0>,2,2,[8 5],3,3,5,0,3
1,<environment.Job instance at 0x7f19e195cb90>,4,16,[5 4],5,5,21,0,5
1,<environment.Job instance at 0x7f19e195c690>,5,22,[6 4],6,6,28,0,6
1,<environment.Job instance at 0x7f19e195ca00>,12,14,[7 2],13,21,35,8,14
1,<environment.Job instance at 0x7f19e195c370>,15,12,[2 6],16,17,29,1,17
1,<environment.Job instance at 0x7f19e195c550>,19,18,[2 5],20,28,46,8,20
1,<environment.Job instance at 0x7f19e195caa0>,24,18,[3 9],25,35,53,10,27
1,<environment.Job instance at 0x7f19e195c230>,26,16,[1 7],27,53,69,26,40
1,<environment.Job instance at 0x7f19e194c910>,30,17,[5 7],31,53,70,22,41
1,<environment.Job instance at 0x7f19e194c690>,31,17,[6 2],32,69,86,37,57
1,<environment.Job instance at 0x7f19e194c050>,34,15,[8 2],35,70,85,35,57
1,<environment.Job instance at 0x7f19e194c7d0>,38,16,[10  3],39,86,102,47,73
1,<environment.Job instance at 0x7f19e194caa0>,42,17,[9 4],43,102,119,59,90
1,<environment.Job instance at 0x7f19e194c640>,46,18,[4 5],47,90,108,43,90
1,<environment.Job instance at 0x7f19e1de8230>,48,15,[1 5],49,90,105,41,90
1,<environment.Job instance at 0x7f19e1de8460>,49,16,[5 6],50,108,124,58,95
1,<environment.Job instance at 0x7f19e1de8c30>,51,13,[8 2],52,119,132,67,103
1,<environment.Job instance at 0x7f19e1de85f0>,54,16,[4 6],55,124,140,69,111
1,<environment.Job instance at 0x7f19e1de81e0>,55,15,[5 1],56,132,147,76,118
1,<environment.Job instance at 0x7f19e1de8730>,60,15,[10  4],61,140,155,79,126
1,<environment.Job instance at 0x7f19e1de8b40>,61,16,[ 5 10],62,147,163,85,134
1,<environment.Job instance at 0x7f19e195c4b0>,13,16,[11  4],14,163,179,149,150
1,<environment.Job instance at 0x7f19e150df00>,0,12,[10  3],1,1,13,0,1
1,<environment.Job instance at 0x7f19e150d0f0>,1,13,[10  4],2,13,26,11,2
1,<environment.Job instance at 0x7f19eac8e6e0>,2,20,[ 4 10],3,3,23,0,3
1,<environment.Job instance at 0x7f19e11ecd20>,5,14,[ 4 10],6,23,37,17,8
1,<environment.Job instance at 0x7f19e155d0f0>,3,1,[ 3 10],4,37,38,33,9
1,<environment.Job instance at 0x7f19e195c4b0>,4,16,[6 1],5,26,42,21,13
1,<environment.Job instance at 0x7f19e11ec280>,10,21,[9 5],11,38,59,27,30
1,<environment.Job instance at 0x7f19eaca14b0>,13,12,[3 5],14,42,54,28,33
1,<environment.Job instance at 0x7f19e11ecdc0>,9,24,[4 8],10,54,78,44,49
1,<environment.Job instance at 0x7f19e11e0b40>,17,20,[9 5],18,59,79,41,53
1,<environment.Job instance at 0x7f19e11c1cd0>,20,14,[5 4],21,78,92,57,63
1,<environment.Job instance at 0x7f19e11c1190>,21,15,[6 4],22,79,94,57,65
1,<environment.Job instance at 0x7f19e11c15a0>,24,23,[6 2],25,92,115,67,87
1,<environment.Job instance at 0x7f19e11e0140>,18,16,[4 9],19,94,110,75,87
1,<environment.Job instance at 0x7f19e1ae9c80>,28,17,[1 6],29,110,127,81,98
1,<environment.Job instance at 0x7f19e1ae9fa0>,29,13,[9 4],30,115,128,85,99
1,<environment.Job instance at 0x7f19eaca1230>,11,25,[5 4],12,102,127,90,102
1,<environment.Job instance at 0x7f19e11ec140>,6,2,[ 1 11],7,127,129,120,102
1,<environment.Job instance at 0x7f19e19b6500>,32,2,[ 1 11],33,129,131,96,104
1,<environment.Job instance at 0x7f19e19b6140>,33,1,[3 6],34,131,132,97,104
1,<environment.Job instance at 0x7f19eac9e190>,30,13,[4 8],31,131,144,100,115
1,<environment.Job instance at 0x7f19e151d3c0>,37,12,[5 8],38,144,156,106,127
1,<environment.Job instance at 0x7f19e1529eb0>,39,15,[4 8],40,156,171,116,142
1,<environment.Job instance at 0x7f19e1d8d230>,40,15,[1 6],41,142,157,101,142
1,<environment.Job instance at 0x7f19e1c50500>,42,21,[5 4],43,157,178,114,149
1,<environment.Job instance at 0x7f19e1c507d0>,44,13,[3 5],45,171,184,126,155
1,<environment.Job instance at 0x7f19e11b6640>,46,17,[1 6],47,171,188,124,159
1,<environment.Job instance at 0x7f19e2216050>,0,3,[6 5],1,1,4,0,1
1,<environment.Job instance at 0x7f19e11b6640>,2,14,[3 7],3,3,17,0,3
1,<environment.Job instance at 0x7f19e11b6f00>,1,1,[ 2 13],2,17,18,15,4
1,<environment.Job instance at 0x7f19e2216eb0>,4,3,[5 2],5,7,10,2,7
1,<environment.Job instance at 0x7f19e11b4140>,6,14,[10  3],7,18,32,11,7
1,<environment.Job instance at 0x7f19e11b4690>,7,19,[3 5],8,18,37,10,8
1,<environment.Job instance at 0x7f19e11b4e60>,12,3,[9 5],13,14,17,1,14
1,<environment.Job instance at 0x7f19e11b4910>,10,12,[7 3],11,32,44,21,15
1,<environment.Job instance at 0x7f19e11b4640>,9,12,[4 5],10,32,44,22,15
1,<environment.Job instance at 0x7f19e11b4fa0>,13,13,[3 9],14,44,57,30,29
1,<environment.Job instance at 0x7f19e11b45a0>,16,2,[8 5],17,44,46,27,29
1,<environment.Job instance at 0x7f19e11b4410>,14,18,[9 3],15,46,64,31,41
1,<environment.Job instance at 0x7f19e11b4190>,20,17,[4 8],21,57,74,36,45
1,<environment.Job instance at 0x7f19e11b48c0>,21,14,[5 6],22,64,78,42,49
1,<environment.Job instance at 0x7f19e11b4500>,22,16,[8 4],23,74,90,51,61
1,<environment.Job instance at 0x7f19e11b44b0>,8,21,[3 9],9,78,99,69,73
1,<environment.Job instance at 0x7f19eb49b780>,26,2,[2 9],27,99,101,72,73
1,<environment.Job instance at 0x7f19e11b4be0>,17,14,[14  1],18,101,115,83,86
1,<environment.Job instance at 0x7f19eb49b370>,28,13,[10  1],29,115,128,86,99
1,<environment.Job instance at 0x7f19eb13d050>,29,3,[8 5],30,128,131,98,102
1,<environment.Job instance at 0x7f19eb13db40>,30,15,[4 6],31,115,130,84,102
1,<environment.Job instance at 0x7f19eb13d550>,31,13,[7 1],32,130,143,98,114
1,<environment.Job instance at 0x7f19eb13d870>,32,20,[4 7],33,131,151,98,122
1,<environment.Job instance at 0x7f19eb13dfa0>,33,3,[4 8],34,143,146,109,122
1,<environment.Job instance at 0x7f19eb13db90>,34,12,[3 8],35,146,158,111,129
1,<environment.Job instance at 0x7f19e11b49b0>,15,17,[9 4],16,151,168,135,139
1,<environment.Job instance at 0x7f19eb13d370>,36,15,[6 2],37,158,173,121,144
1,<environment.Job instance at 0x7f19eb13daf0>,37,15,[ 2 12],38,168,183,130,154
1,<environment.Job instance at 0x7f19eb13d820>,38,2,[10  2],39,173,175,134,154
1,<environment.Job instance at 0x7f19e1e51eb0>,1,24,[5 2],2,2,26,0,2
1,<environment.Job instance at 0x7f19eb1ed460>,2,3,[11  2],3,26,29,23,3
1,<environment.Job instance at 0x7f19e1e51b40>,3,22,[ 4 10],4,4,26,0,4
1,<environment.Job instance at 0x7f19e0df5e60>,11,17,[5 5],12,29,46,17,17
1,<environment.Job instance at 0x7f19e0df5690>,13,12,[6 2],14,29,41,15,17
1,<environment.Job instance at 0x7f19e0df5d70>,14,15,[1 8],15,26,41,11,17
1,<environment.Job instance at 0x7f19e0df5280>,16,15,[9 1],17,41,56,24,27
1,<environment.Job instance at 0x7f19e1e51af0>,0,15,[1 5],1,41,56,40,27
1,<environment.Job instance at 0x7f19e1e51870>,9,16,[2 6],10,46,62,36,33
1,<environment.Job instance at 0x7f19e0df50f0>,19,1,[3 6],20,56,57,36,33
1,<environment.Job instance at 0x7f19e0df5cd0>,20,2,[5 5],21,57,59,36,33
1,<environment.Job instance at 0x7f19e0df5eb0>,21,13,[ 5 11],22,62,75,40,46
1,<environment.Job instance at 0x7f19e0df5a50>,23,14,[9 2],24,59,73,35,46
1,<environment.Job instance at 0x7f19e1e51d70>,5,14,[7 4],6,73,87,67,65
1,<environment.Job instance at 0x7f19e0df5960>,25,3,[4 5],26,75,78,49,65
1,<environment.Job instance at 0x7f19e0f3fa00>,27,13,[3 7],28,78,91,50,66
1,<environment.Job instance at 0x7f19e0f3f640>,28,1,[7 2],29,87,88,58,67
1,<environment.Job instance at 0x7f19e0df55f0>,18,15,[10  4],19,88,103,69,74
1,<environment.Job instance at 0x7f19e0df5be0>,22,21,[2 8],23,91,112,68,87
1,<environment.Job instance at 0x7f19e0f3fc30>,32,17,[9 3],33,103,120,70,91
1,<environment.Job instance at 0x7f19e0df5230>,12,24,[4 7],13,112,136,99,107
1,<environment.Job instance at 0x7f19e0f3f960>,35,14,[1 9],36,136,150,100,121
1,<environment.Job instance at 0x7f19e0f3f8c0>,36,12,[5 1],37,121,133,84,121
1,<environment.Job instance at 0x7f19e0f3f2d0>,34,20,[10  2],35,133,153,98,124
1,<environment.Job instance at 0x7f19e0f3fdc0>,38,13,[5 5],39,150,163,111,134
1,<environment.Job instance at 0x7f19e0f3f320>,43,17,[3 5],44,153,170,109,141
1,<environment.Job instance at 0x7f19e0f3f910>,45,15,[7 1],46,153,168,107,145
1,<environment.Job instance at 0x7f19e0efa6e0>,47,12,[8 4],48,168,180,120,151
1,<environment.Job instance at 0x7f19e19f8aa0>,0,23,[5 5],1,1,24,0,1
1,<environment.Job instance at 0x7f19e0efa050>,1,1,[7 4],2,2,3,0,2
1,<environment.Job instance at 0x7f19e19f8c80>,2,14,[3 7],3,3,17,0,3
1,<environment.Job instance at 0x7f19e19f8460>,3,15,[4 7],4,17,32,13,4
1,<environment.Job instance at 0x7f19e19f8dc0>,8,1,[1 5],9,24,25,15,9
1,<environment.Job instance at 0x7f19e19f86e0>,10,17,[7 1],11,24,41,13,12
1,<environment.Job instance at 0x7f19e19f8a00>,13,12,[10  1],14,41,53,27,24
1,<environment.Job instance at 0x7f19e19f88c0>,16,17,[7 1],17,53,70,36,41
1,<environment.Job instance at 0x7f19e19f8230>,4,14,[8 2],5,53,67,48,51
1,<environment.Job instance at 0x7f19e19f8780>,17,13,[9 3],18,70,83,52,54
1,<environment.Job instance at 0x7f19e19f8140>,20,3,[5 2],21,67,70,46,54
1,<environment.Job instance at 0x7f19e19f8690>,18,3,[ 5 13],19,83,86,64,58
1,<environment.Job instance at 0x7f19e19f8f50>,21,16,[8 1],22,83,99,61,70
1,<environment.Job instance at 0x7f19e19f8d70>,23,13,[8 1],24,99,112,75,83
1,<environment.Job instance at 0x7f19e21725f0>,27,21,[1 9],28,86,107,58,83
1,<environment.Job instance at 0x7f19e21725a0>,28,17,[3 5],29,86,103,57,83
1,<environment.Job instance at 0x7f19e2172d70>,29,17,[5 8],30,107,124,77,95
1,<environment.Job instance at 0x7f19e2172c80>,30,14,[7 5],31,112,126,81,97
1,<environment.Job instance at 0x7f19e21729b0>,32,12,[3 9],33,124,136,91,107
1,<environment.Job instance at 0x7f19e21727d0>,37,3,[6 1],38,126,129,88,107
1,<environment.Job instance at 0x7f19e2172dc0>,38,16,[5 5],39,126,142,87,113
1,<environment.Job instance at 0x7f19e2172c30>,40,22,[8 2],41,136,158,95,129
1,<environment.Job instance at 0x7f19e2172690>,42,16,[4 6],43,142,158,99,129
1,<environment.Job instance at 0x7f19e2172230>,44,15,[2 8],45,158,173,113,144
1,<environment.Job instance at 0x7f19e197b230>,49,13,[9 4],50,158,171,108,144
1,<environment.Job instance at 0x7f19e197b500>,53,16,[1 6],54,171,187,117,158
1,<environment.Job instance at 0x7f19e197b4b0>,54,16,[10  1],55,171,187,116,158
1,<environment.Job instance at 0x7f19e11b6730>,0,13,[1 6],1,1,14,0,1
1,<environment.Job instance at 0x7f19e197b6e0>,1,18,[7 1],2,3,21,1,3
1,<environment.Job instance at 0x7f19e1b94280>,4,21,[7 1],5,5,26,0,5
1,<environment.Job instance at 0x7f19e1b948c0>,5,1,[6 2],6,21,22,15,6
1,<environment.Job instance at 0x7f19e1b94500>,7,16,[2 5],8,21,37,13,8
1,<environment.Job instance at 0x7f19e1b946e0>,10,15,[6 1],11,22,37,11,13
1,<environment.Job instance at 0x7f19e1b94550>,15,15,[1 8],16,26,41,10,16
1,<environment.Job instance at 0x7f19e1b94aa0>,16,20,[4 7],17,37,57,20,28
1,<environment.Job instance at 0x7f19e1b943c0>,18,12,[4 7],19,41,53,22,28
1,<environment.Job instance at 0x7f19e1b94640>,20,18,[5 6],21,53,71,32,42
1,<environment.Job instance at 0x7f19e1d22aa0>,25,20,[1 6],26,57,77,31,48
1,<environment.Job instance at 0x7f19e1d224b0>,26,18,[3 8],27,71,89,44,60
1,<environment.Job instance at 0x7f19e1d22370>,30,3,[6 4],31,77,80,46,60
1,<environment.Job instance at 0x7f19e1d22d70>,32,15,[9 4],33,80,95,47,66
1,<environment.Job instance at 0x7f19e1d22f50>,35,14,[7 3],36,95,109,59,80
1,<environment.Job instance at 0x7f19e1d22e10>,36,18,[2 8],37,89,107,52,80
1,<environment.Job instance at 0x7f19e1b94820>,12,18,[ 1 13],13,109,127,96,98
1,<environment.Job instance at 0x7f19e19b6550>,40,22,[1 5],41,127,149,86,120
1,<environment.Job instance at 0x7f19e19b6fa0>,41,14,[11  2],42,120,134,78,120
1,<environment.Job instance at 0x7f19e19b6d70>,42,13,[6 2],43,134,147,91,120
1,<environment.Job instance at 0x7f19e19b6af0>,43,23,[10  2],44,147,170,103,141
1,<environment.Job instance at 0x7f19e19b6140>,44,27,[ 1 11],45,149,176,104,147
1,<environment.Job instance at 0x7f19e211c6e0>,1,12,[6 4],2,2,14,0,2
1,<environment.Job instance at 0x7f19e1b595a0>,0,27,[2 7],1,2,29,1,2
1,<environment.Job instance at 0x7f19e1b59410>,3,1,[12  2],4,14,15,10,5
1,<environment.Job instance at 0x7f19e0ed54b0>,4,17,[8 1],5,15,32,10,6
1,<environment.Job instance at 0x7f19e0ed58c0>,6,15,[3 7],7,15,30,8,8
1,<environment.Job instance at 0x7f19e0ed5460>,13,3,[13  4],14,32,35,18,14
1,<environment.Job instance at 0x7f19e0ed5640>,12,13,[6 3],13,35,48,22,19
1,<environment.Job instance at 0x7f19e0ed5690>,7,13,[13  1],8,48,61,40,32
1,<environment.Job instance at 0x7f19e0ed57d0>,15,18,[ 2 10],16,32,50,16,32
1,<environment.Job instance at 0x7f19e195b230>,17,16,[8 2],18,61,77,43,48
1,<environment.Job instance at 0x7f19e195b820>,18,18,[2 5],19,50,68,31,48
1,<environment.Job instance at 0x7f19e195b2d0>,19,20,[3 9],20,68,88,48,59
1,<environment.Job instance at 0x7f19e195b320>,21,18,[2 5],22,77,95,55,66
1,<environment.Job instance at 0x7f19e195b050>,22,13,[10  2],23,88,101,65,72
1,<environment.Job instance at 0x7f19e195bb40>,23,17,[7 3],24,101,118,77,89
1,<environment.Job instance at 0x7f19e19e2910>,25,21,[3 7],26,89,110,63,89
1,<environment.Job instance at 0x7f19e19e20a0>,28,12,[5 9],29,110,122,81,93
1,<environment.Job instance at 0x7f19e19e2e10>,29,18,[4 6],30,118,136,88,107
1,<environment.Job instance at 0x7f19e19e21e0>,31,13,[5 1],32,122,135,90,107
1,<environment.Job instance at 0x7f19e19e2c30>,33,19,[ 5 10],34,136,155,102,126
1,<environment.Job instance at 0x7f19e19e2960>,34,16,[ 3 10],35,155,171,120,142
1,<environment.Job instance at 0x7f19e19e2410>,37,14,[5 4],38,142,156,104,142
1,<environment.Job instance at 0x7f19e19e2f00>,38,16,[5 9],39,171,187,132,158
1,<environment.Job instance at 0x7f19e19e2050>,43,13,[6 1],44,158,171,114,158
1,<environment.Job instance at 0x7f19e19e2be0>,46,12,[7 4],47,171,183,124,158
1,<environment.Job instance at 0x7f19e1a66aa0>,0,19,[ 4 14],1,1,20,0,1
1,<environment.Job instance at 0x7f19e1a66b40>,6,14,[8 2],7,20,34,13,7
1,<environment.Job instance at 0x7f19e1a66780>,9,13,[7 4],10,20,33,10,10
1,<environment.Job instance at 0x7f19e15cd3c0>,10,1,[14  3],11,34,35,23,11
1,<environment.Job instance at 0x7f19e15cdb90>,11,16,[7 2],12,35,51,23,23
1,<environment.Job instance at 0x7f19e1a66820>,7,18,[4 5],8,35,53,27,24
1,<environment.Job instance at 0x7f19e15cd550>,13,13,[8 5],14,51,64,37,35
1,<environment.Job instance at 0x7f19e15cd410>,18,18,[5 4],19,53,71,34,42
1,<environment.Job instance at 0x7f19e15cd9b0>,19,21,[6 5],20,64,85,44,56
1,<environment.Job instance at 0x7f19e15cdfa0>,20,12,[6 1],21,71,83,50,56
1,<environment.Job instance at 0x7f19e1622aa0>,23,17,[ 3 10],24,83,100,59,71
1,<environment.Job instance at 0x7f19e1622dc0>,24,12,[3 6],25,71,83,46,71
1,<environment.Job instance at 0x7f19e16220f0>,26,17,[4 5],27,85,102,58,73
1,<environment.Job instance at 0x7f19e1622550>,27,13,[3 7],28,100,113,72,84
1,<environment.Job instance at 0x7f19e1622690>,30,21,[2 5],31,102,123,71,94
1,<environment.Job instance at 0x7f19e1622370>,33,13,[ 3 10],34,113,126,79,97
1,<environment.Job instance at 0x7f19e16221e0>,35,16,[5 5],36,123,139,87,110
1,<environment.Job instance at 0x7f19e1622320>,36,18,[7 5],37,126,144,89,115
1,<environment.Job instance at 0x7f19e15fac80>,40,12,[5 4],41,139,151,98,122
1,<environment.Job instance at 0x7f19e15facd0>,41,13,[1 8],42,144,157,102,128
1,<environment.Job instance at 0x7f19e15fa1e0>,42,18,[ 4 10],43,157,175,114,146
1,<environment.Job instance at 0x7f19e23d84b0>,2,14,[2 7],3,3,17,0,3
1,<environment.Job instance at 0x7f19e23d87d0>,6,19,[5 5],7,7,26,0,7
1,<environment.Job instance at 0x7f19e23d81e0>,7,17,[4 5],8,17,34,9,8
1,<environment.Job instance at 0x7f19e23d8730>,8,12,[5 8],9,26,38,17,9
1,<environment.Job instance at 0x7f19e1e15b90>,17,14,[ 3 10],18,38,52,20,23
1,<environment.Job instance at 0x7f19e1e15320>,22,18,[6 1],23,23,41,0,23
1,<environment.Job instance at 0x7f19e1e15690>,27,12,[1 8],28,52,64,24,35
1,<environment.Job instance at 0x7f19e1e15f00>,29,17,[7 2],30,41,58,11,35
1,<environment.Job instance at 0x7f19e1e15870>,31,21,[5 5],32,52,73,20,44
1,<environment.Job instance at 0x7f19e1e15c80>,34,17,[2 8],35,64,81,29,52
1,<environment.Job instance at 0x7f19e1e158c0>,36,12,[8 3],37,73,85,36,56
1,<environment.Job instance at 0x7f19e25c10f0>,40,17,[7 4],41,81,98,40,69
1,<environment.Job instance at 0x7f19e1e15a00>,18,13,[ 4 11],19,85,98,66,69
1,<environment.Job instance at 0x7f19e25c15a0>,44,14,[ 4 14],45,98,112,53,90
1,<environment.Job instance at 0x7f19e25c1500>,43,21,[7 2],44,112,133,68,104
1,<environment.Job instance at 0x7f19e0f67550>,0,17,[ 1 13],1,112,129,111,104
1,<environment.Job instance at 0x7f19e23d89b0>,10,15,[8 2],11,129,144,118,119
1,<environment.Job instance at 0x7f19e25c1a00>,46,20,[8 2],47,144,164,97,135
1,<environment.Job instance at 0x7f19e25c1fa0>,49,16,[3 9],50,143,159,93,143
1,<environment.Job instance at 0x7f19e25c1190>,52,13,[3 7],53,159,172,106,143
1,<environment.Job instance at 0x7f19e25c1870>,53,12,[3 6],54,159,171,105,143
1,<environment.Job instance at 0x7f19e124bf00>,0,17,[6 4],1,1,18,0,1
1,<environment.Job instance at 0x7f19e21510f0>,5,17,[8 1],6,7,24,1,7
1,<environment.Job instance at 0x7f19e2151500>,7,13,[7 4],8,18,31,10,8
1,<environment.Job instance at 0x7f19e2151c80>,4,17,[10  1],5,31,48,26,19
1,<environment.Job instance at 0x7f19e2151780>,11,16,[7 3],12,48,64,36,35
1,<environment.Job instance at 0x7f19e21516e0>,8,28,[1 5],9,35,63,26,35
1,<environment.Job instance at 0x7f19e2151370>,13,28,[7 1],14,48,76,34,47
1,<environment.Job instance at 0x7f19e2151230>,12,20,[5 3],13,64,84,51,55
1,<environment.Job instance at 0x7f19e18e7f00>,23,14,[5 2],24,76,90,52,61
1,<environment.Job instance at 0x7f19e21513c0>,14,17,[4 6],15,76,93,61,64
1,<environment.Job instance at 0x7f19e0ded960>,26,23,[13  1],27,93,116,66,87
1,<environment.Job instance at 0x7f19e0dedd20>,27,15,[5 6],28,116,131,88,104
1,<environment.Job instance at 0x7f19e0dedcd0>,28,13,[ 3 13],29,131,144,102,115
1,<environment.Job instance at 0x7f19e18e7190>,25,18,[8 1],26,120,138,94,120
1,<environment.Job instance at 0x7f19e0dedeb0>,29,15,[11  2],30,138,153,108,124
1,<environment.Job instance at 0x7f19e2128aa0>,34,2,[4 8],35,144,146,109,124
1,<environment.Job instance at 0x7f19e2128e60>,36,13,[6 4],37,153,166,116,137
1,<environment.Job instance at 0x7f19e21415f0>,39,16,[8 1],40,153,169,113,140
1,<environment.Job instance at 0x7f19e2340640>,43,12,[8 5],44,169,181,125,152
1,<environment.Job instance at 0x7f19e1f548c0>,1,15,[7 3],2,2,17,0,2
1,<environment.Job instance at 0x7f19e1f54190>,2,15,[5 7],3,3,18,0,3
1,<environment.Job instance at 0x7f19e1e77c80>,3,14,[13  5],4,18,32,14,5
1,<environment.Job instance at 0x7f19e1e77e10>,5,12,[3 9],6,32,44,26,15
1,<environment.Job instance at 0x7f19e1e77820>,8,12,[5 5],9,32,44,23,15
1,<environment.Job instance at 0x7f19e1e77be0>,9,2,[5 4],10,44,46,34,17
1,<environment.Job instance at 0x7f19e1e777d0>,10,2,[ 1 13],11,46,48,35,21
1,<environment.Job instance at 0x7f19e1e77190>,11,2,[ 5 10],12,44,46,32,24
1,<environment.Job instance at 0x7f19e1e774b0>,13,19,[6 4],14,48,67,34,38
1,<environment.Job instance at 0x7f19e1f545a0>,0,27,[6 2],1,46,73,45,44
1,<environment.Job instance at 0x7f19e0f83b90>,16,25,[3 5],17,48,73,31,44
1,<environment.Job instance at 0x7f19e1e77050>,12,24,[10  4],13,73,97,60,70
1,<environment.Job instance at 0x7f19e0f83190>,18,17,[7 5],19,97,114,78,86
1,<environment.Job instance at 0x7f19e0f83550>,17,28,[5 8],18,86,114,68,86
1,<environment.Job instance at 0x7f19e0f83870>,20,14,[ 4 10],21,114,128,93,99
1,<environment.Job instance at 0x7f19e0f83690>,21,1,[9 1],22,114,115,92,99
1,<environment.Job instance at 0x7f19e0f83be0>,22,12,[5 3],23,115,127,92,99
1,<environment.Job instance at 0x7f19e0f83cd0>,23,13,[6 2],24,115,128,91,99
1,<environment.Job instance at 0x7f19e0f83dc0>,19,13,[13  1],20,128,141,108,118
1,<environment.Job instance at 0x7f19e0f83fa0>,25,24,[1 6],26,128,152,102,123
1,<environment.Job instance at 0x7f19e1e77960>,7,28,[12  1],8,141,169,133,140
1,<environment.Job instance at 0x7f19e0f83e60>,27,16,[1 8],28,140,156,112,140
1,<environment.Job instance at 0x7f19e0f83f50>,26,16,[2 9],27,156,172,129,144
1,<environment.Job instance at 0x7f19e0f83320>,28,15,[9 3],29,169,184,140,156
1,<environment.Job instance at 0x7f19e0f834b0>,30,1,[7 2],31,184,185,153,156
1,<environment.Job instance at 0x7f19e0f830a0>,29,15,[4 8],30,172,187,142,158
1,<environment.Job instance at 0x7f19e1c286e0>,0,15,[6 5],1,1,16,0,1
1,<environment.Job instance at 0x7f19e1e687d0>,1,12,[2 6],2,2,14,0,2
1,<environment.Job instance at 0x7f19e0f830a0>,3,1,[ 1 12],4,16,17,12,5
1,<environment.Job instance at 0x7f19e1e1be60>,4,15,[5 6],5,17,32,12,6
1,<environment.Job instance at 0x7f19e1e48050>,5,17,[5 5],6,17,34,11,6
1,<environment.Job instance at 0x7f19e1e48230>,9,14,[5 8],10,32,46,22,17
1,<environment.Job instance at 0x7f19e1e48820>,15,14,[5 4],16,17,31,1,17
1,<environment.Job instance at 0x7f19e1e485f0>,17,12,[3 7],18,34,46,16,19
1,<environment.Job instance at 0x7f19e1e48be0>,20,13,[9 2],21,46,59,25,30
1,<environment.Job instance at 0x7f19e1e48f50>,25,16,[10  2],26,59,75,33,46
1,<environment.Job instance at 0x7f19e1e482d0>,10,14,[1 5],11,47,61,36,47
1,<environment.Job instance at 0x7f19e1e48b90>,26,19,[9 5],27,75,94,48,65
1,<environment.Job instance at 0x7f19e1e44050>,31,13,[ 5 10],32,65,78,33,65
1,<environment.Job instance at 0x7f19e1e444b0>,34,17,[8 5],35,94,111,59,82
1,<environment.Job instance at 0x7f19e1e44910>,41,14,[5 1],42,82,96,40,82
1,<environment.Job instance at 0x7f19e1e44b90>,45,16,[1 8],46,82,98,36,82
1,<environment.Job instance at 0x7f19e1e48af0>,27,16,[1 7],28,98,114,70,85
1,<environment.Job instance at 0x7f19e1e44f50>,47,2,[ 3 12],48,114,116,66,87
1,<environment.Job instance at 0x7f19e1e44eb0>,48,3,[5 3],49,98,101,49,87
1,<environment.Job instance at 0x7f19e1e44fa0>,49,1,[5 5],50,111,112,61,87
1,<environment.Job instance at 0x7f19e1e44c80>,50,13,[ 1 10],51,116,129,65,100
1,<environment.Job instance at 0x7f19e1e39230>,51,18,[7 4],52,116,134,64,105
1,<environment.Job instance at 0x7f19e1e39280>,52,2,[2 5],53,112,114,59,105
1,<environment.Job instance at 0x7f19e1e39690>,58,13,[7 2],59,129,142,70,113
1,<environment.Job instance at 0x7f19e1e39730>,59,17,[5 3],60,134,151,74,122
1,<environment.Job instance at 0x7f19e1e39870>,61,13,[2 9],62,134,147,72,128
1,<environment.Job instance at 0x7f19e1e399b0>,63,17,[8 4],64,147,164,83,135
1,<environment.Job instance at 0x7f19e1e39a50>,64,15,[4 8],65,151,166,86,140
1,<environment.Job instance at 0x7f19e1e39960>,65,16,[3 6],66,164,180,98,151
1,<environment.Job instance at 0x7f19e1e39eb0>,70,16,[6 2],71,166,182,95,153
1,<environment.Job instance at 0x7f19e1e39f50>,71,20,[6 3],72,166,186,94,157
1,<environment.Job instance at 0x7fbc391ae230>,0,2,[6 2],1,1,3,0,1
1,<environment.Job instance at 0x7fbc391ae1e0>,1,15,[4 5],2,2,17,0,2
1,<environment.Job instance at 0x7fbc2fa36500>,2,18,[ 3 10],3,3,21,0,3
1,<environment.Job instance at 0x7fbc2fa36640>,3,13,[3 8],4,21,34,17,5
1,<environment.Job instance at 0x7fbc2fa36960>,7,12,[7 2],8,17,29,9,9
1,<environment.Job instance at 0x7fbc2fa36910>,10,14,[1 6],11,29,43,18,15
1,<environment.Job instance at 0x7fbc2fa36a50>,11,1,[8 4],12,34,35,22,15
1,<environment.Job instance at 0x7fbc2fa36b40>,9,17,[8 1],10,35,52,25,23
1,<environment.Job instance at 0x7fbc2fa36cd0>,13,15,[4 5],14,34,49,20,23
1,<environment.Job instance at 0x7fbc2fa36f50>,15,20,[3 5],16,43,63,27,34
1,<environment.Job instance at 0x7fbc2fa36af0>,16,19,[ 3 10],17,52,71,35,42
1,<environment.Job instance at 0x7fbc2fa36e60>,18,18,[3 6],19,71,89,52,60
1,<environment.Job instance at 0x7fbc2fa38190>,19,21,[8 5],20,63,84,43,60
1,<environment.Job instance at 0x7fbc2fa36c30>,12,13,[ 2 12],13,89,102,76,73
1,<environment.Job instance at 0x7fbc2fa38370>,22,3,[4 6],23,84,87,61,73
1,<environment.Job instance at 0x7fbc2fa380a0>,23,18,[7 4],24,102,120,78,92
1,<environment.Job instance at 0x7fbc2fa384b0>,24,2,[ 3 12],25,120,122,95,93
1,<environment.Job instance at 0x7fbc2fa38460>,25,16,[5 3],26,96,112,70,96
1,<environment.Job instance at 0x7fbc2fa382d0>,21,22,[8 2],22,112,134,90,105
1,<environment.Job instance at 0x7fbc2fa38870>,30,15,[8 2],31,134,149,103,120
1,<environment.Job instance at 0x7fbc2fa38910>,31,13,[4 5],32,122,135,90,120
1,<environment.Job instance at 0x7fbc2fa389b0>,32,14,[8 3],33,149,163,116,134
1,<environment.Job instance at 0x7fbc2fa38a50>,33,16,[9 3],34,163,179,129,150
1,<environment.Job instance at 0x7fbc2fa38cd0>,34,20,[5 3],35,150,170,115,150
1,<environment.Job instance at 0x7fbc2fa38e10>,36,16,[8 1],37,179,195,142,166
1,<environment.Job instance at 0x7fbc2fa38f50>,38,14,[5 5],39,170,184,131,166
1,<environment.Job instance at 0x7fbc2fa38e60>,39,12,[3 6],40,184,196,144,167
1,<environment.Job instance at 0x7fbc2fa3c320>,2,18,[4 6],3,3,21,0,3
1,<environment.Job instance at 0x7fbc2f4c2e60>,3,16,[3 5],4,4,20,0,4
1,<environment.Job instance at 0x7fbc2fb24dc0>,5,14,[5 3],6,6,20,0,6
1,<environment.Job instance at 0x7fbc2fb120f0>,7,18,[10  1],8,20,38,12,9
1,<environment.Job instance at 0x7fbc2fb12410>,10,1,[7 4],11,38,39,27,11
1,<environment.Job instance at 0x7fbc2fb12cd0>,11,13,[ 4 10],12,21,34,9,12
1,<environment.Job instance at 0x7fbc2fb12640>,15,19,[5 1],16,34,53,18,24
1,<environment.Job instance at 0x7fbc2fb12c80>,16,2,[8 2],17,39,41,22,24
1,<environment.Job instance at 0x7fbc2fbbeaf0>,23,2,[ 1 10],24,38,40,14,24
1,<environment.Job instance at 0x7fbc2fbbe0a0>,24,2,[ 1 11],25,40,42,15,25
1,<environment.Job instance at 0x7fbc301fd140>,25,3,[8 2],26,41,44,15,26
1,<environment.Job instance at 0x7fbc301fdfa0>,26,14,[8 4],27,44,58,17,29
1,<environment.Job instance at 0x7fbc301fd870>,27,3,[5 4],28,53,56,25,30
1,<environment.Job instance at 0x7fbc2fbbe730>,17,22,[1 7],18,42,64,24,35
1,<environment.Job instance at 0x7fbc2fbbe5f0>,22,15,[3 9],23,64,79,41,50
1,<environment.Job instance at 0x7fbc2f187820>,38,17,[10  2],39,59,76,20,59
1,<environment.Job instance at 0x7fbc2f318910>,40,13,[5 1],41,76,89,35,60
1,<environment.Job instance at 0x7fbc2f495230>,45,15,[3 5],46,76,91,30,62
1,<environment.Job instance at 0x7fbc2f58c5f0>,50,16,[7 2],51,79,95,28,70
1,<environment.Job instance at 0x7fbc2fbbe9b0>,29,16,[ 3 10],30,91,107,61,78
1,<environment.Job instance at 0x7fbc2f1030f0>,54,28,[4 5],55,95,123,40,94
1,<environment.Job instance at 0x7fbc2fb12e60>,12,14,[4 7],13,107,121,94,95
1,<environment.Job instance at 0x7fbc2f594820>,56,1,[3 8],57,121,122,64,96
1,<environment.Job instance at 0x7fbc2f53b9b0>,53,19,[9 2],54,122,141,68,116
1,<environment.Job instance at 0x7fbc2f508b90>,59,17,[3 5],60,123,140,63,116
1,<environment.Job instance at 0x7fbc2f4d6280>,60,15,[ 5 10],61,140,155,79,127
1,<environment.Job instance at 0x7fbc2f4ed410>,67,20,[5 2],68,141,161,73,132
1,<environment.Job instance at 0x7fbc2f53b410>,57,15,[5 6],58,155,170,97,144
1,<environment.Job instance at 0x7fbc2f4ed730>,68,20,[7 4],69,161,181,92,152
1,<environment.Job instance at 0x7fbc2f4ede60>,69,20,[6 2],70,170,190,100,162
1,<environment.Job instance at 0x7fbc2f129e10>,1,12,[4 7],2,2,14,0,2
1,<environment.Job instance at 0x7fbc2f4edc30>,2,26,[5 3],3,3,29,0,3
1,<environment.Job instance at 0x7fbc2f183eb0>,5,20,[7 3],6,14,34,8,6
1,<environment.Job instance at 0x7fbc2f1293c0>,0,19,[1 8],1,14,33,13,6
1,<environment.Job instance at 0x7fbc2f183640>,8,17,[6 3],9,29,46,20,17
1,<environment.Job instance at 0x7fbc2f1832d0>,9,20,[6 2],10,34,54,24,25
1,<environment.Job instance at 0x7fbc2f183d70>,11,17,[2 8],12,33,50,21,27
1,<environment.Job instance at 0x7fbc2f1839b0>,14,14,[3 6],15,50,64,35,35
1,<environment.Job instance at 0x7fbc2f183550>,18,16,[2 6],19,50,66,31,37
1,<environment.Job instance at 0x7fbc2f18c0f0>,27,15,[1 9],28,64,79,36,52
1,<environment.Job instance at 0x7fbc2f183b90>,12,27,[4 6],13,66,93,53,65
1,<environment.Job instance at 0x7fbc2f18ce60>,33,17,[7 1],34,79,96,45,67
1,<environment.Job instance at 0x7fbc2f18c640>,34,18,[3 8],35,79,97,44,71
1,<environment.Job instance at 0x7fbc2f18ca50>,35,2,[6 3],36,96,98,60,71
1,<environment.Job instance at 0x7fbc2f18c5a0>,32,18,[ 2 10],33,97,115,64,86
1,<environment.Job instance at 0x7fbc2f18c500>,37,20,[8 5],38,98,118,60,89
1,<environment.Job instance at 0x7fbc2f0f0730>,39,15,[4 9],40,115,130,75,101
1,<environment.Job instance at 0x7fbc2f0f0050>,41,14,[3 6],42,118,132,76,103
1,<environment.Job instance at 0x7fbc2f0f07d0>,43,18,[4 8],44,130,148,86,119
1,<environment.Job instance at 0x7fbc2f0f0af0>,45,20,[6 4],46,132,152,86,123
1,<environment.Job instance at 0x7fbc2f0f0280>,48,18,[ 3 10],49,148,166,99,139
1,<environment.Job instance at 0x7fbc2f0f0c80>,49,21,[6 1],50,148,169,98,140
1,<environment.Job instance at 0x7fbc2f0f0eb0>,50,13,[4 9],51,166,179,115,150
1,<environment.Job instance at 0x7fbc2f0efe10>,51,12,[8 2],52,169,181,117,152
1,<environment.Job instance at 0x7fbc2f3dc140>,1,20,[8 3],2,2,22,0,2
1,<environment.Job instance at 0x7fbc2f583f00>,3,18,[5 7],4,4,22,0,4
1,<environment.Job instance at 0x7fbc2f5836e0>,4,12,[3 8],5,22,34,17,5
1,<environment.Job instance at 0x7fbc2f888e10>,7,16,[4 5],8,22,38,14,15
1,<environment.Job instance at 0x7fbc2f631cd0>,11,17,[10  4],12,34,51,22,23
1,<environment.Job instance at 0x7fbc2f631460>,13,16,[8 4],14,51,67,37,38
1,<environment.Job instance at 0x7fbc2f6315f0>,8,17,[13  2],9,67,84,58,55
1,<environment.Job instance at 0x7fbc2f68ddc0>,6,13,[1 9],7,55,68,48,55
1,<environment.Job instance at 0x7fbc2f56bb90>,18,14,[ 5 14],19,84,98,65,69
1,<environment.Job instance at 0x7fbc2f56baa0>,19,1,[10  1],20,84,85,64,73
1,<environment.Job instance at 0x7fbc2f7e81e0>,20,12,[8 1],21,85,97,64,80
1,<environment.Job instance at 0x7fbc2f631d20>,16,15,[5 7],17,98,113,81,86
1,<environment.Job instance at 0x7fbc2f56b1e0>,17,24,[10  2],18,98,122,80,93
1,<environment.Job instance at 0x7fbc2f5510a0>,25,22,[8 5],26,122,144,96,115
1,<environment.Job instance at 0x7fbc2fa47690>,26,13,[10  5],27,144,157,117,128
1,<environment.Job instance at 0x7fbc2f475be0>,27,23,[9 5],28,157,180,129,151
1,<environment.Job instance at 0x7fbc2fe2d0a0>,0,2,[9 1],1,1,3,0,1
1,<environment.Job instance at 0x7fbc2fe2d050>,1,14,[1 8],2,2,16,0,2
1,<environment.Job instance at 0x7fbc2fe487d0>,2,12,[5 6],3,3,15,0,3
1,<environment.Job instance at 0x7fbc2fe48e60>,4,12,[5 1],5,5,17,0,5
1,<environment.Job instance at 0x7fbc2fe48370>,8,14,[6 3],9,15,29,6,9
1,<environment.Job instance at 0x7fbc2fe48820>,3,3,[ 1 14],4,29,32,25,10
1,<environment.Job instance at 0x7fbc2fe5eb40>,10,3,[1 9],11,16,19,5,11
1,<environment.Job instance at 0x7fbc2fe332d0>,17,1,[8 4],18,19,20,1,18
1,<environment.Job instance at 0x7fbc2fe46190>,16,25,[3 6],17,32,57,15,28
1,<environment.Job instance at 0x7fbc2fe33820>,11,24,[9 3],12,32,56,20,28
1,<environment.Job instance at 0x7fbc2fe46910>,24,15,[11  5],25,56,71,31,42
1,<environment.Job instance at 0x7fbc2fe46e10>,25,12,[1 7],26,57,69,31,42
1,<environment.Job instance at 0x7fbc2fe46f50>,26,15,[3 7],27,69,84,42,55
1,<environment.Job instance at 0x7fbc2fe65140>,28,12,[1 8],29,71,83,42,56
1,<environment.Job instance at 0x7fbc2fe65780>,29,16,[5 1],30,83,99,53,70
1,<environment.Job instance at 0x7fbc2fe652d0>,31,14,[4 5],32,83,97,51,70
1,<environment.Job instance at 0x7fbc2fe65a50>,32,18,[2 5],33,84,102,51,73
1,<environment.Job instance at 0x7fbc2fe65b40>,34,14,[1 7],35,97,111,62,82
1,<environment.Job instance at 0x7fbc2fe65be0>,35,15,[ 1 10],36,111,126,75,97
1,<environment.Job instance at 0x7fbc2fe50af0>,36,1,[8 1],37,99,100,62,97
1,<environment.Job instance at 0x7fbc2fe50b90>,37,14,[5 7],38,126,140,88,111
1,<environment.Job instance at 0x7fbc2fe50870>,38,15,[6 2],39,111,126,72,111
1,<environment.Job instance at 0x7fbc2fe50f50>,39,2,[10  4],40,126,128,86,111
1,<environment.Job instance at 0x7fbc2fe50730>,40,26,[1 6],41,128,154,87,125
1,<environment.Job instance at 0x7fbc2fe503c0>,41,23,[5 5],42,140,163,98,134
1,<environment.Job instance at 0x7fbc2eff6b40>,44,15,[10  3],45,154,169,109,140
1,<environment.Job instance at 0x7fbc2eff68c0>,45,3,[12  1],46,169,172,123,143
1,<environment.Job instance at 0x7fbc2eff65f0>,46,13,[11  4],47,172,185,125,156
1,<environment.Job instance at 0x7fbc2f478f00>,51,1,[7 2],52,185,186,133,157
1,<environment.Job instance at 0x7fbc2f478230>,52,2,[3 7],53,163,165,110,157
1,<environment.Job instance at 0x7fbc2f778b40>,0,14,[11  2],1,1,15,0,1
1,<environment.Job instance at 0x7fbc2f778c30>,4,18,[1 8],5,5,23,0,5
1,<environment.Job instance at 0x7fbc2f778aa0>,5,18,[2 7],6,15,33,9,6
1,<environment.Job instance at 0x7fbc2f778320>,6,1,[6 5],7,23,24,16,8
1,<environment.Job instance at 0x7fbc2f778cd0>,7,12,[2 8],8,24,36,16,11
1,<environment.Job instance at 0x7fbc2fe9a6e0>,11,14,[1 7],12,33,47,21,21
1,<environment.Job instance at 0x7fbc2fe9afa0>,10,19,[1 5],11,36,55,25,26
1,<environment.Job instance at 0x7fbc2fe9a7d0>,13,13,[11  2],14,36,49,22,26
1,<environment.Job instance at 0x7fbc2fe9abe0>,14,13,[12  3],15,49,62,34,33
1,<environment.Job instance at 0x7fbc2fe9a690>,15,14,[3 9],16,55,69,39,40
1,<environment.Job instance at 0x7fbc2fe9ae10>,16,1,[10  5],17,62,63,45,40
1,<environment.Job instance at 0x7fbc2fe9aa50>,17,14,[5 3],18,63,77,45,48
1,<environment.Job instance at 0x7fbc2fe9a320>,8,14,[ 1 10],9,69,83,60,54
1,<environment.Job instance at 0x7fbc2fe9ae60>,12,18,[6 4],13,77,95,64,66
1,<environment.Job instance at 0x7fbc2f478500>,1,23,[ 5 10],2,83,106,81,78
1,<environment.Job instance at 0x7fbc2fe9a0a0>,21,15,[7 3],22,95,110,73,90
1,<environment.Job instance at 0x7fbc2fe9a8c0>,23,14,[10  1],24,110,124,86,95
1,<environment.Job instance at 0x7fbc2fe9a410>,27,18,[ 5 12],28,106,124,78,95
1,<environment.Job instance at 0x7fbc30556230>,28,17,[3 6],29,124,141,95,114
1,<environment.Job instance at 0x7fbc30556a00>,29,13,[8 2],30,124,137,94,114
1,<environment.Job instance at 0x7fbc30556be0>,30,13,[4 5],31,124,137,93,114
1,<environment.Job instance at 0x7fbc30556d20>,31,12,[ 4 10],32,141,153,109,125
1,<environment.Job instance at 0x7fbc2fe9aaa0>,9,18,[7 4],10,137,155,127,126
1,<environment.Job instance at 0x7fbc2fe9ab40>,26,22,[5 2],27,153,175,126,146
1,<environment.Job instance at 0x7fbc30556370>,35,14,[5 9],36,155,169,119,146
1,<environment.Job instance at 0x7fbc305568c0>,33,16,[ 2 10],34,169,185,135,158
1,<environment.Job instance at 0x7fbc30556870>,39,25,[6 3],40,169,194,129,165
1,<environment.Job instance at 0x7fbc2fe33190>,0,15,[5 5],1,1,16,0,1
1,<environment.Job instance at 0x7fbc30556050>,1,16,[ 2 10],2,2,18,0,2
1,<environment.Job instance at 0x7fbc2f021b40>,4,18,[5 9],5,18,36,13,7
1,<environment.Job instance at 0x7fbc2f0219b0>,5,17,[2 5],6,16,33,10,10
1,<environment.Job instance at 0x7fbc2f021c30>,8,3,[9 4],9,33,36,24,10
1,<environment.Job instance at 0x7fbc2f021a50>,9,2,[7 5],10,36,38,26,10
1,<environment.Job instance at 0x7fbc2f021c80>,7,19,[1 9],8,36,55,28,26
1,<environment.Job instance at 0x7fbc2f021370>,11,12,[10  1],12,38,50,26,26
1,<environment.Job instance at 0x7fbc2f0210f0>,15,17,[1 9],16,55,72,39,43
1,<environment.Job instance at 0x7fbc2f021280>,22,17,[2 5],23,43,60,20,43
1,<environment.Job instance at 0x7fbc2f0439b0>,23,17,[3 6],24,60,77,36,48
1,<environment.Job instance at 0x7fbc2f043410>,28,12,[6 3],29,72,84,43,55
1,<environment.Job instance at 0x7fbc2f043fa0>,31,12,[4 6],32,72,84,40,55
1,<environment.Job instance at 0x7fbc2f0435f0>,32,13,[2 6],33,77,90,44,61
1,<environment.Job instance at 0x7fbc2f043f00>,33,13,[10  4],34,84,97,50,68
1,<environment.Job instance at 0x7fbc2f043dc0>,34,15,[8 4],35,97,112,62,83
1,<environment.Job instance at 0x7fbc2f043230>,41,13,[3 9],42,90,103,48,83
1,<environment.Job instance at 0x7fbc2f0430f0>,43,21,[8 3],44,112,133,68,104
1,<environment.Job instance at 0x7fbc2f028b40>,48,18,[9 5],49,133,151,84,122
1,<environment.Job instance at 0x7fbc2f021500>,10,14,[11  4],11,151,165,140,142
1,<environment.Job instance at 0x7fbc2f0284b0>,50,20,[9 5],51,165,185,114,156
1,<environment.Job instance at 0x7fbc2f68cbe0>,1,14,[4 8],2,2,16,0,2
1,<environment.Job instance at 0x7fbc2f18d050>,3,12,[1 6],4,4,16,0,4
1,<environment.Job instance at 0x7fbc2f0284b0>,5,14,[8 4],6,16,30,10,6
1,<environment.Job instance at 0x7fbc2f18d550>,4,19,[ 5 10],5,16,35,11,6
1,<environment.Job instance at 0x7fbc2f1814b0>,11,15,[9 2],12,30,45,18,16
1,<environment.Job instance at 0x7fbc2f181230>,10,3,[ 2 14],11,45,48,34,19
1,<environment.Job instance at 0x7fbc2f181410>,18,13,[8 4],19,48,61,29,32
1,<environment.Job instance at 0x7fbc2f181690>,14,21,[12  1],15,61,82,46,53
1,<environment.Job instance at 0x7fbc2f168910>,22,13,[ 3 12],23,61,74,38,53
1,<environment.Job instance at 0x7fbc2f168c30>,23,3,[4 9],24,53,56,29,53
1,<environment.Job instance at 0x7fbc2f16dbe0>,24,13,[8 2],25,82,95,57,66
1,<environment.Job instance at 0x7fbc2f16db40>,25,13,[12  1],26,95,108,69,79
1,<environment.Job instance at 0x7fbc3057ec30>,33,14,[5 1],34,108,122,74,99
1,<environment.Job instance at 0x7fbc30579320>,34,17,[9 2],35,108,125,73,99
1,<environment.Job instance at 0x7fbc301daeb0>,40,18,[8 1],41,125,143,84,114
1,<environment.Job instance at 0x7fbc2fb32640>,41,15,[6 1],42,122,137,80,114
1,<environment.Job instance at 0x7fbc301c9780>,45,19,[2 6],46,137,156,91,127
1,<environment.Job instance at 0x7fbc301c9370>,46,18,[3 5],47,137,155,90,127
1,<environment.Job instance at 0x7fbc2f7ff6e0>,47,14,[ 4 10],48,156,170,108,141
1,<environment.Job instance at 0x7fbc2fb5bb40>,50,16,[9 2],51,143,159,92,141
1,<environment.Job instance at 0x7fbc2fb5bd70>,51,21,[9 4],52,159,180,107,154
1,<environment.Job instance at 0x7fbc301c5c30>,56,12,[1 9],57,170,182,113,164
1,<environment.Job instance at 0x7fbc301c5b90>,59,16,[9 4],60,180,196,120,167
1,<environment.Job instance at 0x7fbc2fb31460>,0,23,[ 5 10],1,1,24,0,1
1,<environment.Job instance at 0x7fbc301c5b90>,2,12,[2 9],3,24,36,21,7
1,<environment.Job instance at 0x7fbc2fb31e10>,6,1,[ 1 14],7,36,37,29,10
1,<environment.Job instance at 0x7fbc2fb31280>,4,3,[ 5 13],5,37,40,32,11
1,<environment.Job instance at 0x7fbc2f69f500>,9,3,[8 2],10,13,16,3,13
1,<environment.Job instance at 0x7fbc2fb31870>,7,16,[11  4],8,40,56,32,27
1,<environment.Job instance at 0x7fbc2f69fbe0>,15,18,[10  5],16,56,74,40,45
1,<environment.Job instance at 0x7fbc2f69fb90>,18,18,[5 6],19,56,74,37,45
1,<environment.Job instance at 0x7fbc2f69f410>,20,15,[ 4 10],21,74,89,53,60
1,<environment.Job instance at 0x7fbc2f69f370>,21,12,[ 1 10],22,89,101,67,72
1,<environment.Job instance at 0x7fbc2f69fa00>,22,22,[7 1],23,74,96,51,73
1,<environment.Job instance at 0x7fbc2f69ffa0>,24,20,[3 8],25,101,121,76,92
1,<environment.Job instance at 0x7fbc2f69f460>,26,13,[3 9],27,121,134,94,105
1,<environment.Job instance at 0x7fbc2f69faf0>,27,15,[2 7],28,105,120,77,105
1,<environment.Job instance at 0x7fbc2f69fb40>,28,3,[6 4],29,120,123,91,105
1,<environment.Job instance at 0x7fbc2f6aa8c0>,30,21,[1 8],31,134,155,103,126
1,<environment.Job instance at 0x7fbc2f6aaaa0>,31,3,[3 6],32,126,129,94,126
1,<environment.Job instance at 0x7fbc2f6aad20>,32,12,[5 8],33,155,167,122,138
1,<environment.Job instance at 0x7fbc2f6aa780>,33,12,[4 6],34,138,150,104,138
1,<environment.Job instance at 0x7fbc2f6aaa50>,34,22,[6 1],35,138,160,103,138
1,<environment.Job instance at 0x7fbc2f6aa5a0>,35,18,[1 9],36,167,185,131,156
1,<environment.Job instance at 0x7fbc2f6aa190>,37,18,[7 1],38,160,178,122,156
1,<environment.Job instance at 0x7fbc2f6aa460>,39,21,[5 5],40,167,188,127,159
1,<environment.Job instance at 0x7fbc2f6aa3c0>,40,2,[3 7],41,185,187,144,159
1,<environment.Job instance at 0x7fbc2fea4550>,0,15,[ 4 10],1,1,16,0,1
1,<environment.Job instance at 0x7fbc2f68f6e0>,3,18,[ 2 10],4,16,34,12,5
1,<environment.Job instance at 0x7fbc2f68f690>,5,3,[6 5],6,7,10,1,7
1,<environment.Job instance at 0x7fbc2f679dc0>,7,3,[9 1],8,10,13,2,8
1,<environment.Job instance at 0x7fbc38c082d0>,10,12,[5 4],11,13,25,2,11
1,<environment.Job instance at 0x7fbc38c08690>,12,13,[8 3],13,26,39,13,26
1,<environment.Job instance at 0x7fbc38bf8fa0>,19,12,[6 5],20,34,46,14,26
1,<environment.Job instance at 0x7fbc38bdbf00>,20,21,[1 7],21,34,55,13,26
1,<environment.Job instance at 0x7fbc2fea4690>,1,2,[4 9],2,55,57,53,42
1,<environment.Job instance at 0x7fbc38c08230>,11,25,[ 1 12],12,57,82,45,53
1,<environment.Job instance at 0x7fbc38c029b0>,23,12,[5 3],24,53,65,29,53
1,<environment.Job instance at 0x7fbc38c08aa0>,8,15,[3 9],9,82,97,73,71
1,<environment.Job instance at 0x7fbc38beda50>,25,25,[5 5],26,82,107,56,78
1,<environment.Job instance at 0x7fbc38bed730>,27,3,[4 5],28,97,100,69,78
1,<environment.Job instance at 0x7fbc38bed7d0>,28,20,[ 1 10],29,100,120,71,91
1,<environment.Job instance at 0x7fbc38bedd70>,29,3,[ 2 13],30,120,123,90,94
1,<environment.Job instance at 0x7fbc2fe3b370>,30,22,[4 9],31,123,145,92,116
1,<environment.Job instance at 0x7fbc2fe3baa0>,31,23,[2 9],32,145,168,113,139
1,<environment.Job instance at 0x7fbc2f681aa0>,32,14,[9 2],33,139,153,106,139
1,<environment.Job instance at 0x7fbc3019a960>,33,14,[7 2],34,153,167,119,139
1,<environment.Job instance at 0x7fbc2f681d70>,34,15,[ 3 11],35,168,183,133,154
1,<environment.Job instance at 0x7fbc2ff6db40>,0,14,[5 3],1,1,15,0,1
1,<environment.Job instance at 0x7fbc2ff6d5a0>,5,16,[ 5 10],6,6,22,0,6
1,<environment.Job instance at 0x7fbc2ff6d3c0>,6,18,[5 3],7,15,33,8,7
1,<environment.Job instance at 0x7fbc2f3fac80>,8,15,[5 7],9,22,37,13,9
1,<environment.Job instance at 0x7fbc2f3facd0>,11,13,[5 4],12,22,35,10,12
1,<environment.Job instance at 0x7fbc2f3fae60>,14,23,[6 4],15,35,58,20,29
1,<environment.Job instance at 0x7fbc2f3fa550>,17,13,[ 2 10],18,37,50,19,29
1,<environment.Job instance at 0x7fbc2f3fa0f0>,19,14,[6 2],20,50,64,30,35
1,<environment.Job instance at 0x7fbc2f3fa870>,20,13,[6 5],21,58,71,37,42
1,<environment.Job instance at 0x7fbc2f3fa690>,22,3,[9 4],23,64,67,41,42
1,<environment.Job instance at 0x7fbc2f3fadc0>,24,18,[ 1 10],25,67,85,42,56
1,<environment.Job instance at 0x7fbc2f0e6230>,26,21,[7 4],27,71,92,44,63
1,<environment.Job instance at 0x7fbc2f0e6500>,27,20,[3 9],28,85,105,57,76
1,<environment.Job instance at 0x7fbc2f0e6190>,30,16,[9 5],31,92,108,61,79
1,<environment.Job instance at 0x7fbc2f0e60f0>,35,13,[9 3],36,108,121,72,92
1,<environment.Job instance at 0x7fbc2f0e6050>,37,20,[7 3],38,121,141,83,112
1,<environment.Job instance at 0x7fbc2f0e6820>,38,12,[ 3 10],39,112,124,73,112
1,<environment.Job instance at 0x7fbc2f0e6690>,42,3,[4 8],43,124,127,81,112
1,<environment.Job instance at 0x7fbc2f0e67d0>,43,16,[10  4],44,141,157,97,128
1,<environment.Job instance at 0x7fbc304610a0>,46,17,[7 1],47,157,174,110,145
1,<environment.Job instance at 0x7fbc304614b0>,47,15,[2 8],48,145,160,97,145
1,<environment.Job instance at 0x7fbc304619b0>,51,17,[9 5],52,174,191,122,162
1,<environment.Job instance at 0x7fbc2ed9b500>,3,15,[9 2],4,4,19,0,4
1,<environment.Job instance at 0x7fbc2ed9b410>,5,18,[1 6],6,6,24,0,6
1,<environment.Job instance at 0x7fbc2ed9b9b0>,8,3,[4 6],9,9,12,0,9
1,<environment.Job instance at 0x7fbc2ed9b050>,9,21,[5 3],10,12,33,2,10
1,<environment.Job instance at 0x7fbc2ed9be10>,13,13,[7 4],14,19,32,5,14
1,<environment.Job instance at 0x7fbc2ed9b460>,14,1,[7 1],15,32,33,17,15
1,<environment.Job instance at 0x7fbc2ed9be60>,16,21,[1 6],17,24,45,7,17
1,<environment.Job instance at 0x7fbc2ee07230>,17,14,[8 4],18,33,47,15,18
1,<environment.Job instance at 0x7fbc2ee07910>,18,3,[6 1],19,33,36,14,19
1,<environment.Job instance at 0x7fbc2ee07b90>,23,3,[ 1 12],24,47,50,23,24
1,<environment.Job instance at 0x7fbc2ee07c80>,21,18,[5 1],22,36,54,14,25
1,<environment.Job instance at 0x7fbc2ee07cd0>,22,15,[2 8],23,50,65,27,36
1,<environment.Job instance at 0x7fbc2ee07d20>,24,28,[5 4],25,50,78,25,49
1,<environment.Job instance at 0x7fbc2ee075f0>,27,3,[ 5 13],28,78,81,50,52
1,<environment.Job instance at 0x7fbc2ee07050>,28,12,[5 7],29,65,77,36,52
1,<environment.Job instance at 0x7fbc2ee07aa0>,29,25,[6 2],30,77,102,47,73
1,<environment.Job instance at 0x7fbc2ee07af0>,30,24,[5 2],31,81,105,50,76
1,<environment.Job instance at 0x7fbc2eda27d0>,31,22,[1 5],32,81,103,49,76
1,<environment.Job instance at 0x7fbc2eda21e0>,32,1,[ 4 12],33,103,104,70,76
1,<environment.Job instance at 0x7fbc2eda2f50>,33,21,[5 2],34,104,125,70,96
1,<environment.Job instance at 0x7fbc2eda2e10>,34,19,[3 5],35,104,123,69,96
1,<environment.Job instance at 0x7fbc2eda2c30>,35,3,[8 4],36,123,126,87,97
1,<environment.Job instance at 0x7fbc2eda2370>,36,16,[1 7],37,105,121,68,97
1,<environment.Job instance at 0x7fbc2eda2780>,37,3,[7 1],38,125,128,87,99
1,<environment.Job instance at 0x7fbc2eda22d0>,38,21,[14  2],39,128,149,89,120
1,<environment.Job instance at 0x7fbc2eda2960>,39,23,[6 3],40,149,172,109,143
1,<environment.Job instance at 0x7fbc2eda2500>,40,20,[1 7],41,143,163,102,143
1,<environment.Job instance at 0x7fbc2eda2050>,41,1,[10  3],42,172,173,130,144
1,<environment.Job instance at 0x7fbc2eda2640>,42,18,[8 4],43,149,167,106,146
1,<environment.Job instance at 0x7fbc2ee07eb0>,25,19,[5 4],26,167,186,141,157
1,<environment.Job instance at 0x7fbc390b09b0>,2,18,[1 8],3,3,21,0,3
1,<environment.Job instance at 0x7fbc30211a50>,3,13,[3 7],4,4,17,0,4
1,<environment.Job instance at 0x7fbc30211410>,6,12,[10  3],7,17,29,10,7
1,<environment.Job instance at 0x7fbc30211460>,7,16,[5 7],8,21,37,13,8
1,<environment.Job instance at 0x7fbc30211c30>,8,13,[3 8],9,29,42,20,14
1,<environment.Job instance at 0x7fbc30211eb0>,12,14,[ 4 10],13,42,56,29,27
1,<environment.Job instance at 0x7fbc30211fa0>,14,2,[14  1],15,56,58,41,29
1,<environment.Job instance at 0x7fbc302110a0>,15,18,[ 1 11],16,56,74,40,45
1,<environment.Job instance at 0x7fbc2f1b6820>,16,2,[14  5],17,74,76,57,48
1,<environment.Job instance at 0x7fbc2f1b6910>,17,15,[ 5 10],18,76,91,58,62
1,<environment.Job instance at 0x7fbc2f1b6550>,18,2,[12  5],19,91,93,72,64
1,<environment.Job instance at 0x7fbc30211910>,13,12,[1 8],14,91,103,77,74
1,<environment.Job instance at 0x7fbc2f1b6280>,21,17,[8 3],22,93,110,71,81
1,<environment.Job instance at 0x7fbc2f1b65f0>,24,13,[5 6],25,103,116,78,87
1,<environment.Job instance at 0x7fbc2f1b68c0>,25,19,[6 1],26,110,129,84,100
1,<environment.Job instance at 0x7fbc2f1b63c0>,28,17,[1 7],29,110,127,81,100
1,<environment.Job instance at 0x7fbc2f1b6140>,29,13,[8 2],30,116,129,86,100
1,<environment.Job instance at 0x7fbc2f1b6320>,31,13,[10  3],32,129,142,97,113
1,<environment.Job instance at 0x7fbc2f1b6e60>,32,17,[3 6],33,129,146,96,117
1,<environment.Job instance at 0x7fbc2f1b6eb0>,34,18,[6 3],35,142,160,107,131
1,<environment.Job instance at 0x7fbc2f1b62d0>,19,16,[6 1],20,142,158,122,132
1,<environment.Job instance at 0x7fbc2f1b6370>,38,20,[9 1],39,158,178,119,149
1,<environment.Job instance at 0x7fbc2f362280>,40,13,[1 6],41,160,173,119,149
1,<environment.Job instance at 0x7fbc2f362b40>,41,18,[7 1],42,178,196,136,167
1,<environment.Job instance at 0x7fbc2f38d5a0>,0,26,[4 5],1,2,28,1,2
1,<environment.Job instance at 0x7fbc2f38d640>,5,2,[5 1],6,7,9,1,7
1,<environment.Job instance at 0x7fbc2f38ddc0>,4,14,[2 9],5,7,21,2,7
1,<environment.Job instance at 0x7fbc2f362c80>,2,21,[11  3],3,21,42,18,14
1,<environment.Job instance at 0x7fbc2f38d780>,14,2,[4 5],15,28,30,13,15
1,<environment.Job instance at 0x7fbc3909acd0>,17,17,[5 6],18,42,59,24,30
1,<environment.Job instance at 0x7fbc2f5c0d20>,24,18,[5 3],25,42,60,17,31
1,<environment.Job instance at 0x7fbc2f5c0500>,25,17,[7 5],26,59,76,33,47
1,<environment.Job instance at 0x7fbc2f38d820>,15,13,[9 1],16,76,89,60,60
1,<environment.Job instance at 0x7fbc2f5c02d0>,27,20,[4 7],28,60,80,32,60
1,<environment.Job instance at 0x7fbc2f5c0be0>,26,14,[9 2],27,89,103,62,74
1,<environment.Job instance at 0x7fbc2f5c0f00>,31,12,[6 4],32,80,92,48,80
1,<environment.Job instance at 0x7fbc2f5c01e0>,35,14,[3 8],36,92,106,56,87
1,<environment.Job instance at 0x7fbc2f5c0190>,36,15,[3 7],37,103,118,66,89
1,<environment.Job instance at 0x7fbc2f5c0e60>,28,13,[7 2],29,106,119,77,90
1,<environment.Job instance at 0x7fbc2f417aa0>,47,16,[8 2],48,118,134,70,105
1,<environment.Job instance at 0x7fbc2f4171e0>,48,18,[2 5],49,119,137,70,108
1,<environment.Job instance at 0x7fbc2f417e10>,51,18,[2 5],52,119,137,67,108
1,<environment.Job instance at 0x7fbc2f4174b0>,43,3,[13  4],44,137,140,93,111
1,<environment.Job instance at 0x7fbc2f417230>,53,17,[7 3],54,140,157,86,128
1,<environment.Job instance at 0x7fbc2f417410>,55,21,[3 7],56,140,161,84,132
1,<environment.Job instance at 0x7fbc38dfa460>,58,12,[5 9],59,161,173,102,144
1,<environment.Job instance at 0x7fbc38dfa550>,59,18,[4 6],60,157,175,97,146
1,<environment.Job instance at 0x7fbc38dfac30>,67,14,[5 4],68,173,187,105,158
1,<environment.Job instance at 0x7fbc38dfa0f0>,68,16,[5 9],69,175,191,106,162
1,<environment.Job instance at 0x7fbc2ee1bf50>,0,14,[10  5],1,1,15,0,1
1,<environment.Job instance at 0x7fbc2f405780>,2,13,[1 6],3,3,16,0,3
1,<environment.Job instance at 0x7fbc2ee1b4b0>,3,1,[1 6],4,15,16,11,4
1,<environment.Job instance at 0x7fbc2ee1b780>,5,2,[ 4 10],6,16,18,10,6
1,<environment.Job instance at 0x7fbc2ee1b7d0>,7,16,[6 1],8,15,31,7,8
1,<environment.Job instance at 0x7fbc2ee1bcd0>,10,16,[ 3 10],11,18,34,7,11
1,<environment.Job instance at 0x7fbc30553230>,11,18,[7 2],12,31,49,19,20
1,<environment.Job instance at 0x7fbc2ee1b690>,12,13,[1 8],13,34,47,21,33
1,<environment.Job instance at 0x7fbc30553500>,14,12,[14  1],15,49,61,34,33
1,<environment.Job instance at 0x7fbc30553640>,13,3,[ 2 14],14,61,64,47,37
1,<environment.Job instance at 0x7fbc30553370>,21,16,[10  2],22,64,80,42,51
1,<environment.Job instance at 0x7fbc30553690>,17,18,[5 5],18,64,82,46,55
1,<environment.Job instance at 0x7fbc3028fb40>,26,14,[8 2],27,80,94,53,69
1,<environment.Job instance at 0x7fbc3028f460>,27,18,[4 5],28,82,100,54,72
1,<environment.Job instance at 0x7fbc3028f190>,25,22,[6 3],26,94,116,68,87
1,<environment.Job instance at 0x7fbc3028f0f0>,29,13,[7 4],30,100,113,70,87
1,<environment.Job instance at 0x7fbc3028fdc0>,31,16,[7 2],32,113,129,81,100
1,<environment.Job instance at 0x7fbc3028f230>,33,13,[8 5],34,116,129,82,100
1,<environment.Job instance at 0x7fbc3028faa0>,38,18,[5 4],39,129,147,90,118
1,<environment.Job instance at 0x7fbc3028f4b0>,39,21,[6 5],40,129,150,89,121
1,<environment.Job instance at 0x7fbc3028f6e0>,40,12,[6 1],41,147,159,106,130
1,<environment.Job instance at 0x7fbc3028f820>,43,17,[ 3 10],44,150,167,106,139
1,<environment.Job instance at 0x7fbc2fa16c80>,44,12,[3 6],45,167,179,122,150
1,<environment.Job instance at 0x7fbc2fa167d0>,46,17,[4 5],47,159,176,112,150
1,<environment.Job instance at 0x7fbc2fa16e10>,47,13,[3 7],48,176,189,128,160
1,<environment.Job instance at 0x7fbc2f43d3c0>,2,1,[9 3],3,3,4,0,3
1,<environment.Job instance at 0x7fbc2f43d6e0>,3,14,[10  4],4,4,18,0,4
1,<environment.Job instance at 0x7fbc2f43d7d0>,4,1,[ 3 10],5,5,6,0,5
1,<environment.Job instance at 0x7fbc2f44bd20>,5,13,[6 4],6,18,31,12,6
1,<environment.Job instance at 0x7fbc2f44bb40>,6,1,[5 4],7,7,8,0,7
1,<environment.Job instance at 0x7fbc2f44ba00>,7,22,[1 8],8,8,30,0,8
1,<environment.Job instance at 0x7fbc2f44b870>,8,2,[7 5],9,30,32,21,9
1,<environment.Job instance at 0x7fbc2f44b140>,12,14,[2 7],13,31,45,18,16
1,<environment.Job instance at 0x7fbc2f43c7d0>,18,12,[5 8],19,32,44,13,19
1,<environment.Job instance at 0x7fbc2f43cd20>,20,15,[8 2],21,44,59,23,30
1,<environment.Job instance at 0x7fbc2f43c050>,27,14,[ 3 10],28,45,59,17,30
1,<environment.Job instance at 0x7fbc2f452460>,32,18,[6 1],33,59,77,26,48
1,<environment.Job instance at 0x7fbc2f452820>,37,12,[1 8],38,59,71,21,48
1,<environment.Job instance at 0x7fbc2f452f00>,39,17,[7 2],40,59,76,19,48
1,<environment.Job instance at 0x7fbc2f4520a0>,41,21,[5 5],42,76,97,34,68
1,<environment.Job instance at 0x7fbc2f4528c0>,44,17,[2 8],45,71,88,26,68
1,<environment.Job instance at 0x7fbc2f43e820>,46,12,[8 3],47,88,100,41,71
1,<environment.Job instance at 0x7fbc2f43e910>,50,17,[7 4],51,97,114,46,85
1,<environment.Job instance at 0x7fbc2f43ef50>,53,21,[7 2],54,100,121,46,92
1,<environment.Job instance at 0x7fbc2f43ec80>,56,20,[8 2],57,114,134,57,105
1,<environment.Job instance at 0x7fbc2f43e230>,57,14,[7 2],58,121,135,63,106
1,<environment.Job instance at 0x7fbc2f43e7d0>,58,18,[10  3],59,135,153,76,124
1,<environment.Job instance at 0x7fbc2f43e1e0>,59,16,[3 9],60,134,150,74,124
1,<environment.Job instance at 0x7fbc2f811640>,62,13,[3 7],63,150,163,87,134
1,<environment.Job instance at 0x7fbc2f811870>,63,12,[3 6],64,153,165,89,136
1,<environment.Job instance at 0x7fbc2f811af0>,64,17,[1 9],65,163,180,98,151
1,<environment.Job instance at 0x7fbc2f811fa0>,66,17,[10  1],67,165,182,98,153
1,<environment.Job instance at 0x7fbc2f811cd0>,68,16,[9 3],69,182,198,113,169
1,<environment.Job instance at 0x7fbc2edf4e60>,0,17,[6 4],1,1,18,0,1
1,<environment.Job instance at 0x7fbc2fd38640>,5,17,[8 1],6,7,24,1,7
1,<environment.Job instance at 0x7fbc2f3ac870>,7,13,[7 4],8,18,31,10,8
1,<environment.Job instance at 0x7fbc2fd38cd0>,4,17,[10  1],5,31,48,26,19
1,<environment.Job instance at 0x7fbc2f3ac730>,11,16,[7 3],12,48,64,36,35
1,<environment.Job instance at 0x7fbc2f3ac370>,8,28,[1 5],9,35,63,26,35
1,<environment.Job instance at 0x7fbc2f3ac640>,13,28,[7 1],14,48,76,34,47
1,<environment.Job instance at 0x7fbc2f3ac4b0>,12,20,[5 3],13,64,84,51,55
1,<environment.Job instance at 0x7fbc30388be0>,23,14,[5 2],24,76,90,52,61
1,<environment.Job instance at 0x7fbc30388c30>,27,15,[5 6],28,76,91,48,64
1,<environment.Job instance at 0x7fbc2ef3bc30>,36,13,[6 4],37,90,103,53,74
1,<environment.Job instance at 0x7fbc2ef3b370>,39,16,[8 1],40,91,107,51,78
1,<environment.Job instance at 0x7fbc2ef3beb0>,43,12,[8 5],44,107,119,63,90
1,<environment.Job instance at 0x7fbc2f3acfa0>,14,17,[4 6],15,103,120,88,91
1,<environment.Job instance at 0x7fbc2ef3b5f0>,47,18,[9 1],48,119,137,71,108
1,<environment.Job instance at 0x7fbc2fd38190>,6,25,[5 5],7,120,145,113,116
1,<environment.Job instance at 0x7fbc2ef3b230>,49,16,[10  1],50,137,153,87,124
1,<environment.Job instance at 0x7fbc2fb6d500>,51,3,[4 7],52,145,148,93,124
1,<environment.Job instance at 0x7fbc2fb6d230>,59,18,[10  5],60,153,171,93,142
1,<environment.Job instance at 0x7fbc2fb6d820>,60,18,[6 3],61,171,189,110,160
1,<environment.Job instance at 0x7fbc2fb6db90>,65,13,[1 6],66,160,173,94,160
1,<environment.Job instance at 0x7fbc2fb6d190>,50,18,[7 3],51,171,189,120,160
1,<environment.Job instance at 0x7fbc2fb6d320>,67,20,[2 8],68,173,193,105,166
1,<environment.Job instance at 0x7fbc2ed8ea50>,0,2,[ 1 13],1,2,4,1,2
1,<environment.Job instance at 0x7fbc2ed8e500>,1,2,[ 5 10],2,4,6,2,2
1,<environment.Job instance at 0x7fbc2ed8e8c0>,3,19,[6 4],4,4,23,0,4
1,<environment.Job instance at 0x7fbc2ed68c30>,5,20,[8 5],6,6,26,0,6
1,<environment.Job instance at 0x7fbc2ed68460>,8,17,[7 5],9,23,40,14,11
1,<environment.Job instance at 0x7fbc2ee381e0>,11,1,[9 1],12,40,41,28,12
1,<environment.Job instance at 0x7fbc2ed880a0>,12,12,[5 3],13,26,38,13,13
1,<environment.Job instance at 0x7fbc2ed88d20>,13,13,[6 2],14,38,51,24,32
1,<environment.Job instance at 0x7fbc2ed88320>,16,16,[2 9],17,41,57,24,33
1,<environment.Job instance at 0x7fbc2ed88dc0>,18,15,[9 3],19,51,66,32,42
1,<environment.Job instance at 0x7fbc2f80df50>,17,16,[1 8],18,57,73,39,53
1,<environment.Job instance at 0x7fbc30653870>,20,1,[7 2],21,66,67,45,54
1,<environment.Job instance at 0x7fbc30653190>,19,15,[4 8],20,73,88,53,59
1,<environment.Job instance at 0x7fbc301f6fa0>,21,25,[9 5],22,67,92,45,63
1,<environment.Job instance at 0x7fbc30279d20>,25,1,[2 5],26,66,67,40,63
1,<environment.Job instance at 0x7fbc301f6550>,24,15,[2 9],25,88,103,63,75
1,<environment.Job instance at 0x7fbc30314af0>,28,13,[5 6],29,92,105,63,76
1,<environment.Job instance at 0x7fbc2ef41aa0>,57,14,[8 5],58,103,117,45,88
1,<environment.Job instance at 0x7fbc2ed88f50>,15,24,[1 6],16,105,129,89,101
1,<environment.Job instance at 0x7fbc2ed61e60>,62,3,[11  2],63,117,120,54,101
1,<environment.Job instance at 0x7fbc2f316230>,63,13,[6 5],64,120,133,56,104
1,<environment.Job instance at 0x7fbc2ee46730>,64,1,[ 5 14],65,133,134,68,105
1,<environment.Job instance at 0x7fbc2fc23be0>,65,15,[2 9],66,134,149,68,120
1,<environment.Job instance at 0x7fbc2ed61280>,61,18,[10  3],62,134,152,72,125
1,<environment.Job instance at 0x7fbc2ed79cd0>,69,19,[6 2],70,152,171,82,142
1,<environment.Job instance at 0x7fbc2ed79af0>,73,12,[3 8],74,149,161,75,142
1,<environment.Job instance at 0x7fbc2ed79d70>,74,16,[8 2],75,161,177,86,148
1,<environment.Job instance at 0x7fbc2f235730>,75,20,[1 5],76,152,172,76,148
1,<environment.Job instance at 0x7fbc2ee225a0>,79,18,[4 6],80,171,189,91,160
1,<environment.Job instance at 0x7fbc2f1f7af0>,86,19,[7 4],87,177,196,90,167
1,<environment.Job instance at 0x7fbc2f3aadc0>,0,13,[9 2],1,1,14,0,1
1,<environment.Job instance at 0x7fbc2f3aaeb0>,3,1,[6 1],4,4,5,0,4
1,<environment.Job instance at 0x7fbc2f3aaf50>,6,19,[9 5],7,14,33,7,7
1,<environment.Job instance at 0x7fbc303de280>,7,16,[1 7],8,8,24,0,8
1,<environment.Job instance at 0x7fbc303de4b0>,11,13,[ 5 10],12,24,37,12,12
1,<environment.Job instance at 0x7fbc2fb38550>,21,14,[5 1],22,33,47,11,22
1,<environment.Job instance at 0x7fbc2fb38460>,25,16,[1 8],26,37,53,11,27
1,<environment.Job instance at 0x7fbc303de460>,26,16,[ 5 10],27,53,69,26,40
1,<environment.Job instance at 0x7fbc2fb38eb0>,31,18,[7 4],32,41,59,9,41
1,<environment.Job instance at 0x7fbc2fb380a0>,34,14,[10  2],35,59,73,24,44
1,<environment.Job instance at 0x7fbc2fb38a00>,38,13,[7 2],39,73,86,34,57
1,<environment.Job instance at 0x7fbc2fb384b0>,39,17,[5 3],40,69,86,29,57
1,<environment.Job instance at 0x7fbc301321e0>,40,21,[3 5],41,73,94,32,66
1,<environment.Job instance at 0x7fbc30132280>,41,13,[2 9],42,86,99,44,70
1,<environment.Job instance at 0x7fbc30132230>,43,17,[8 4],44,94,111,50,82
1,<environment.Job instance at 0x7fbc30132f50>,44,15,[4 8],45,99,114,54,85
1,<environment.Job instance at 0x7fbc30132050>,45,16,[3 6],46,111,127,65,98
1,<environment.Job instance at 0x7fbc303dd9b0>,49,13,[5 1],50,111,124,61,98
1,<environment.Job instance at 0x7fbc303dd960>,50,16,[6 2],51,114,130,63,101
1,<environment.Job instance at 0x7fbc303ddaf0>,51,20,[6 3],52,124,144,72,115
1,<environment.Job instance at 0x7fbc303dd140>,54,15,[2 7],55,127,142,72,115
1,<environment.Job instance at 0x7fbc303dda50>,57,18,[5 3],58,130,148,72,119
1,<environment.Job instance at 0x7fbc303dd0f0>,58,21,[6 4],59,144,165,85,136
1,<environment.Job instance at 0x7fbc303dd730>,61,13,[9 3],62,148,161,86,137
1,<environment.Job instance at 0x7fbc303dd640>,62,15,[7 4],63,161,176,98,147
1,<environment.Job instance at 0x7fbc303ddbe0>,63,12,[3 5],64,165,177,101,148
1,<environment.Job instance at 0x7fbc303dd780>,64,15,[2 7],65,176,191,111,162
1,<environment.Job instance at 0x7fbc303dd190>,65,12,[5 8],66,177,189,111,162
1,<environment.Job instance at 0x7fbc2f71f4b0>,0,13,[2 8],1,1,14,0,1
1,<environment.Job instance at 0x7fbc303b7640>,2,22,[8 3],3,3,25,0,3
1,<environment.Job instance at 0x7fbc2fd691e0>,1,1,[13  2],2,25,26,23,3
1,<environment.Job instance at 0x7fbc2f590690>,7,13,[14  5],8,26,39,18,10
1,<environment.Job instance at 0x7fbc2f590780>,5,13,[6 5],6,39,52,33,23
1,<environment.Job instance at 0x7fbc2f590500>,9,15,[5 5],10,39,54,29,25
1,<environment.Job instance at 0x7fbc2f590b90>,11,12,[4 5],12,39,51,27,25
1,<environment.Job instance at 0x7fbc2f590aa0>,12,13,[5 6],13,52,65,39,36
1,<environment.Job instance at 0x7fbc2f590960>,8,15,[2 8],9,54,69,45,40
1,<environment.Job instance at 0x7fbc2f590c80>,13,14,[9 5],14,65,79,51,50
1,<environment.Job instance at 0x7fbc2f590d20>,14,14,[ 1 10],15,69,83,54,54
1,<environment.Job instance at 0x7fbc2f590910>,19,12,[12  1],20,79,91,59,62
1,<environment.Job instance at 0x7fbc2f5841e0>,20,16,[ 2 10],21,83,99,62,76
1,<environment.Job instance at 0x7fbc2f584140>,21,12,[5 4],22,91,103,69,76
1,<environment.Job instance at 0x7fbc2f584280>,22,13,[1 5],23,99,112,76,83
1,<environment.Job instance at 0x7fbc2f5840f0>,23,16,[3 8],24,103,119,79,90
1,<environment.Job instance at 0x7fbc2f584370>,24,15,[7 3],25,112,127,87,99
1,<environment.Job instance at 0x7fbc2f590fa0>,18,16,[10  5],19,127,143,108,114
1,<environment.Job instance at 0x7fbc2f590820>,6,3,[5 5],7,119,122,112,116
1,<environment.Job instance at 0x7fbc2f584730>,27,15,[6 1],28,143,158,115,129
1,<environment.Job instance at 0x7fbc2f584870>,29,13,[3 5],30,129,142,99,129
1,<environment.Job instance at 0x7fbc2f584a50>,32,16,[4 6],33,142,158,109,129
1,<environment.Job instance at 0x7fbc2f584af0>,34,14,[4 7],35,143,157,108,129
1,<environment.Job instance at 0x7fbc2f584c80>,37,17,[5 4],38,157,174,119,145
1,<environment.Job instance at 0x7fbc2f584f00>,39,18,[6 5],40,158,176,118,147
1,<environment.Job instance at 0x7fbc2f584f50>,40,14,[10  5],41,176,190,135,162
1,<environment.Job instance at 0x7fbc2f5661e0>,43,13,[1 7],44,174,187,130,162
1,<environment.Job instance at 0x7f3f2af34230>,0,2,[6 2],1,2,4,1,2
1,<environment.Job instance at 0x7f3f2af34320>,1,15,[4 5],2,2,17,0,2
1,<environment.Job instance at 0x7f3f2af341e0>,2,18,[ 3 10],3,4,22,1,3
1,<environment.Job instance at 0x7f3f217bc5a0>,5,18,[7 5],6,17,35,11,6
1,<environment.Job instance at 0x7f3f217bc4b0>,3,13,[3 8],4,22,35,18,7
1,<environment.Job instance at 0x7f3f217bcaa0>,11,1,[8 4],12,35,36,23,12
1,<environment.Job instance at 0x7f3f217bcaf0>,9,17,[8 1],10,36,53,26,24
1,<environment.Job instance at 0x7f3f217bcc30>,13,15,[4 5],14,35,50,21,24
1,<environment.Job instance at 0x7f3f217bce60>,15,20,[3 5],16,35,55,19,26
1,<environment.Job instance at 0x7f3f217bcf00>,16,19,[ 3 10],17,53,72,36,43
1,<environment.Job instance at 0x7f3f217bcd20>,18,18,[3 6],19,72,90,53,61
1,<environment.Job instance at 0x7f3f217be140>,19,21,[8 5],20,61,82,41,61
1,<environment.Job instance at 0x7f3f217bc690>,7,12,[7 2],8,82,94,74,65
1,<environment.Job instance at 0x7f3f217be320>,22,3,[4 6],23,82,85,59,65
1,<environment.Job instance at 0x7f3f217bcbe0>,12,13,[ 2 12],13,90,103,77,75
1,<environment.Job instance at 0x7f3f217be050>,24,2,[ 3 12],25,103,105,78,76
1,<environment.Job instance at 0x7f3f217be0f0>,25,16,[5 3],26,94,110,68,81
1,<environment.Job instance at 0x7f3f217be280>,21,22,[8 2],22,105,127,83,98
1,<environment.Job instance at 0x7f3f217bc9b0>,10,14,[1 6],11,105,119,94,102
1,<environment.Job instance at 0x7f3f217bea50>,31,13,[4 5],32,110,123,78,105
1,<environment.Job instance at 0x7f3f217be9b0>,30,15,[8 2],31,127,142,96,113
1,<environment.Job instance at 0x7f3f217beb90>,33,16,[9 3],34,142,158,108,129
1,<environment.Job instance at 0x7f3f217be500>,34,20,[5 3],35,129,149,94,129
1,<environment.Job instance at 0x7f3f217bed70>,36,16,[8 1],37,158,174,121,145
1,<environment.Job instance at 0x7f3f217beeb0>,38,14,[5 5],39,149,163,110,146
1,<environment.Job instance at 0x7f3f217bef50>,39,12,[3 6],40,163,175,123,149
1,<environment.Job instance at 0x7f3f217c21e0>,43,14,[10  1],44,174,188,130,159
1,<environment.Job instance at 0x7f3f217c20a0>,44,14,[8 4],45,188,202,143,173
1,<environment.Job instance at 0x7f3f217c2500>,47,16,[6 2],48,188,204,140,175
1,<environment.Job instance at 0x7f3f21e3c8c0>,0,1,[7 4],1,1,2,0,1
1,<environment.Job instance at 0x7f3f21e3cf00>,1,13,[ 4 10],2,2,15,0,2
1,<environment.Job instance at 0x7f3f2175d690>,2,14,[4 7],3,15,29,12,3
1,<environment.Job instance at 0x7f3f217c25a0>,4,12,[ 2 11],5,29,41,24,12
1,<environment.Job instance at 0x7f3f21ef7eb0>,5,19,[5 1],6,12,31,6,12
1,<environment.Job instance at 0x7f3f21ef7e60>,12,15,[3 9],13,41,56,28,27
1,<environment.Job instance at 0x7f3f21ef7690>,16,14,[8 4],17,31,45,14,27
1,<environment.Job instance at 0x7f3f21ef7a00>,18,17,[10  5],19,45,62,26,33
1,<environment.Job instance at 0x7f3f21939f50>,28,17,[10  2],29,62,79,33,50
1,<environment.Job instance at 0x7f3f21939d20>,30,13,[5 1],31,56,69,25,50
1,<environment.Job instance at 0x7f3f21941960>,35,15,[3 5],36,69,84,33,55
1,<environment.Job instance at 0x7f3f21941b90>,40,16,[7 2],41,79,95,38,66
1,<environment.Job instance at 0x7f3f21941410>,41,18,[ 1 10],42,84,102,42,73
1,<environment.Job instance at 0x7f3f219418c0>,43,19,[9 2],44,95,114,51,85
1,<environment.Job instance at 0x7f3f21941d20>,47,15,[5 6],48,102,117,54,88
1,<environment.Job instance at 0x7f3f219412d0>,49,17,[3 5],50,114,131,64,102
1,<environment.Job instance at 0x7f3f21941780>,50,15,[ 5 10],51,117,132,66,103
1,<environment.Job instance at 0x7f3f21853550>,57,20,[5 2],58,131,151,73,122
1,<environment.Job instance at 0x7f3f2184efa0>,58,20,[7 4],59,132,152,73,123
1,<environment.Job instance at 0x7f3f218538c0>,59,20,[6 2],60,151,171,91,142
1,<environment.Job instance at 0x7f3f21ef7be0>,6,2,[8 2],7,152,154,145,143
1,<environment.Job instance at 0x7f3f21853500>,63,16,[9 4],64,154,170,90,143
1,<environment.Job instance at 0x7f3f21853190>,65,16,[7 4],66,170,186,104,157
1,<environment.Job instance at 0x7f3f21a98b40>,69,21,[6 4],70,171,192,101,163
1,<environment.Job instance at 0x7f3f21a98910>,70,17,[2 6],71,170,187,99,163
1,<environment.Job instance at 0x7f3f21a981e0>,72,17,[8 5],73,187,204,114,175
1,<environment.Job instance at 0x7f3f212cce10>,0,16,[ 3 12],1,1,17,0,1
1,<environment.Job instance at 0x7f3f212cc1e0>,7,15,[1 9],8,17,32,9,8
1,<environment.Job instance at 0x7f3f212cc410>,11,3,[4 7],12,32,35,20,12
1,<environment.Job instance at 0x7f3f212ccb40>,13,17,[7 1],14,14,31,0,14
1,<environment.Job instance at 0x7f3f212ccbe0>,12,18,[ 2 10],13,35,53,22,25
1,<environment.Job instance at 0x7f3f20e6faf0>,17,20,[8 5],18,31,51,13,25
1,<environment.Job instance at 0x7f3f20e6f0a0>,19,15,[4 9],20,53,68,33,39
1,<environment.Job instance at 0x7f3f20e6f730>,21,14,[3 6],22,53,67,31,39
1,<environment.Job instance at 0x7f3f20e6fbe0>,14,18,[3 8],15,68,86,53,57
1,<environment.Job instance at 0x7f3f20e6f550>,24,3,[10  4],25,67,70,42,57
1,<environment.Job instance at 0x7f3f20e6f410>,25,20,[6 4],26,70,90,44,65
1,<environment.Job instance at 0x7f3f20e6f960>,23,18,[4 8],24,86,104,62,76
1,<environment.Job instance at 0x7f3f212cc870>,4,25,[10  4],5,90,115,85,86
1,<environment.Job instance at 0x7f3f20e6f5f0>,27,20,[1 9],28,104,124,76,95
1,<environment.Job instance at 0x7f3f20e6f230>,29,21,[6 1],30,115,136,85,107
1,<environment.Job instance at 0x7f3f20e6f9b0>,30,13,[4 9],31,124,137,93,108
1,<environment.Job instance at 0x7f3f20e6f690>,31,12,[8 2],32,136,148,104,119
1,<environment.Job instance at 0x7f3f20e6f2d0>,34,21,[3 9],35,137,158,102,129
1,<environment.Job instance at 0x7f3f20ed5dc0>,35,22,[7 4],36,148,170,112,141
1,<environment.Job instance at 0x7f3f20ed5a50>,37,17,[8 5],38,158,175,120,146
1,<environment.Job instance at 0x7f3f20ed5f00>,41,17,[2 6],42,170,187,128,158
1,<environment.Job instance at 0x7f3f20ed52d0>,46,14,[9 5],47,175,189,128,169
1,<environment.Job instance at 0x7f3f20ed5500>,49,17,[2 8],50,187,204,137,175
1,<environment.Job instance at 0x7f3f20ed5780>,51,15,[5 1],52,189,204,137,175
1,<environment.Job instance at 0x7f3f210d05a0>,0,15,[ 5 14],1,1,16,0,1
1,<environment.Job instance at 0x7f3f20ed5780>,2,14,[8 4],3,16,30,13,3
1,<environment.Job instance at 0x7f3f20ed5910>,1,1,[9 1],2,3,4,1,3
1,<environment.Job instance at 0x7f3f210d08c0>,3,12,[5 9],4,16,28,12,4
1,<environment.Job instance at 0x7f3f210d0af0>,4,3,[11  3],5,30,33,25,5
1,<environment.Job instance at 0x7f3f210d0dc0>,10,2,[5 5],11,28,30,17,11
1,<environment.Job instance at 0x7f3f210d04b0>,8,14,[10  4],9,33,47,24,19
1,<environment.Job instance at 0x7f3f210d0960>,12,3,[1 6],13,28,31,15,19
1,<environment.Job instance at 0x7f3f210d0c80>,6,12,[4 7],7,31,43,24,19
1,<environment.Job instance at 0x7f3f21053780>,14,3,[4 9],15,43,46,28,19
1,<environment.Job instance at 0x7f3f21053c80>,13,15,[ 2 14],14,47,62,33,36
1,<environment.Job instance at 0x7f3f210531e0>,16,2,[10  3],17,62,64,45,36
1,<environment.Job instance at 0x7f3f21053460>,15,12,[ 2 10],16,62,74,46,45
1,<environment.Job instance at 0x7f3f21053550>,17,12,[ 3 13],18,74,86,56,57
1,<environment.Job instance at 0x7f3f210d0b90>,9,20,[2 6],10,86,106,76,77
1,<environment.Job instance at 0x7f3f21053e60>,20,14,[6 4],21,86,100,65,77
1,<environment.Job instance at 0x7f3f210534b0>,23,3,[1 6],24,100,103,76,77
1,<environment.Job instance at 0x7f3f20fdb5a0>,26,14,[7 5],27,86,100,59,77
1,<environment.Job instance at 0x7f3f20fdb6e0>,27,12,[6 1],28,100,112,72,83
1,<environment.Job instance at 0x7f3f20fdb9b0>,31,14,[9 5],32,106,120,74,91
1,<environment.Job instance at 0x7f3f213af7d0>,38,19,[ 5 10],39,112,131,73,102
1,<environment.Job instance at 0x7f3f21415c30>,39,12,[8 2],40,120,132,80,103
1,<environment.Job instance at 0x7f3f214157d0>,43,16,[5 5],44,131,147,87,118
1,<environment.Job instance at 0x7f3f21415af0>,47,18,[1 5],48,131,149,83,120
1,<environment.Job instance at 0x7f3f21415410>,51,20,[5 3],52,132,152,80,123
1,<environment.Job instance at 0x7f3f214153c0>,52,12,[4 8],53,149,161,96,132
1,<environment.Job instance at 0x7f3f21415a50>,53,12,[8 2],54,152,164,98,135
1,<environment.Job instance at 0x7f3f21415050>,54,17,[3 7],55,161,178,106,149
1,<environment.Job instance at 0x7f3f213734b0>,56,3,[9 1],57,164,167,107,149
1,<environment.Job instance at 0x7f3f21373460>,58,12,[5 5],59,167,179,108,150
1,<environment.Job instance at 0x7f3f214cd820>,60,17,[2 7],61,178,195,117,166
1,<environment.Job instance at 0x7f3f21053960>,19,18,[3 6],20,179,197,159,174
1,<environment.Job instance at 0x7f3f21f4d960>,1,23,[5 5],2,2,25,0,2
1,<environment.Job instance at 0x7f3f21f4d5a0>,2,1,[12  2],3,25,26,22,3
1,<environment.Job instance at 0x7f3f21f4d870>,4,15,[10  3],5,5,20,0,5
1,<environment.Job instance at 0x7f3f222f6410>,5,3,[12  1],6,26,29,20,8
1,<environment.Job instance at 0x7f3f22310730>,8,3,[14  3],9,29,32,20,9
1,<environment.Job instance at 0x7f3f22310fa0>,9,1,[14  5],10,32,33,22,10
1,<environment.Job instance at 0x7f3f22310050>,12,2,[3 7],13,20,22,7,13
1,<environment.Job instance at 0x7f3f21f4d9b0>,0,26,[1 6],1,22,48,21,19
1,<environment.Job instance at 0x7f3f22310f00>,15,22,[5 5],16,33,55,17,26
1,<environment.Job instance at 0x7f3f22310870>,16,12,[9 1],17,33,45,16,26
1,<environment.Job instance at 0x7f3f223104b0>,20,20,[3 8],21,48,68,27,39
1,<environment.Job instance at 0x7f3f22310a00>,23,21,[4 7],24,55,76,31,48
1,<environment.Job instance at 0x7f3f222ff0a0>,25,15,[4 9],26,76,91,50,63
1,<environment.Job instance at 0x7f3f21f2ae60>,28,21,[7 5],29,68,89,39,63
1,<environment.Job instance at 0x7f3f21f670a0>,33,12,[5 8],34,91,103,57,74
1,<environment.Job instance at 0x7f3f21f672d0>,35,14,[3 8],36,103,117,67,88
1,<environment.Job instance at 0x7f3f21f670f0>,37,12,[2 7],38,91,103,53,88
1,<environment.Job instance at 0x7f3f21e36d20>,38,14,[ 4 10],39,117,131,78,102
1,<environment.Job instance at 0x7f3f221aae60>,39,18,[4 6],40,131,149,91,120
1,<environment.Job instance at 0x7f3f222a4be0>,40,20,[9 4],41,120,140,79,120
1,<environment.Job instance at 0x7f3f2a9325a0>,41,20,[5 1],42,140,160,98,131
1,<environment.Job instance at 0x7f3f22216d70>,43,16,[3 8],44,140,156,96,132
1,<environment.Job instance at 0x7f3f22216e60>,44,13,[7 4],45,149,162,104,133
1,<environment.Job instance at 0x7f3f22216be0>,46,17,[1 8],47,156,173,109,145
1,<environment.Job instance at 0x7f3f22216870>,47,16,[6 2],48,160,176,112,147
1,<environment.Job instance at 0x7f3f222b20a0>,50,16,[7 2],51,162,178,111,149
1,<environment.Job instance at 0x7f3f222b5a50>,51,16,[ 3 10],52,176,192,124,163
1,<environment.Job instance at 0x7f3f222b5d70>,52,16,[5 7],53,192,208,139,179
1,<environment.Job instance at 0x7f3f222b5dc0>,54,13,[5 5],55,179,192,124,179
1,<environment.Job instance at 0x7f3f213dbc30>,0,18,[ 3 14],1,1,19,0,1
1,<environment.Job instance at 0x7f3f213dbc80>,5,2,[3 6],6,19,21,13,6
1,<environment.Job instance at 0x7f3f213db7d0>,8,14,[10  2],9,19,33,10,9
1,<environment.Job instance at 0x7f3f2160d7d0>,13,14,[10  2],14,33,47,19,18
1,<environment.Job instance at 0x7f3f2160dd20>,14,21,[4 9],15,27,48,12,27
1,<environment.Job instance at 0x7f3f2160d820>,12,13,[7 4],13,47,60,34,31
1,<environment.Job instance at 0x7f3f213dbb40>,11,22,[7 2],12,48,70,36,41
1,<environment.Job instance at 0x7f3f2160de60>,19,12,[3 9],20,60,72,40,43
1,<environment.Job instance at 0x7f3f2160deb0>,20,20,[5 7],21,72,92,51,63
1,<environment.Job instance at 0x7f3f2160d870>,21,16,[4 8],22,72,88,50,63
1,<environment.Job instance at 0x7f3f2160d730>,22,18,[6 1],23,88,106,65,77
1,<environment.Job instance at 0x7f3f2160d4b0>,23,15,[2 8],24,92,107,68,78
1,<environment.Job instance at 0x7f3f2160d230>,25,12,[6 1],26,92,104,66,78
1,<environment.Job instance at 0x7f3f2160d690>,28,16,[10  5],29,106,122,77,93
1,<environment.Job instance at 0x7f3f2117e960>,30,16,[1 7],31,107,123,76,94
1,<environment.Job instance at 0x7f3f2117eb90>,32,18,[2 7],33,122,140,89,111
1,<environment.Job instance at 0x7f3f2117ef50>,33,15,[4 7],34,123,138,89,111
1,<environment.Job instance at 0x7f3f2117ea00>,36,16,[9 4],37,138,154,101,125
1,<environment.Job instance at 0x7f3f2117ed70>,37,13,[8 2],38,154,167,116,138
1,<environment.Job instance at 0x7f3f215e25a0>,43,13,[1 8],44,140,153,96,138
1,<environment.Job instance at 0x7f3f215e2050>,45,21,[10  3],46,167,188,121,159
1,<environment.Job instance at 0x7f3f215e2960>,48,19,[2 9],49,159,178,110,159
1,<environment.Job instance at 0x7f3f215e22d0>,50,20,[ 1 10],51,178,198,127,169
1,<environment.Job instance at 0x7f3f21651780>,0,3,[1 9],1,1,4,0,1
1,<environment.Job instance at 0x7f3f216516e0>,1,13,[4 6],2,2,15,0,2
1,<environment.Job instance at 0x7f3f215e22d0>,3,12,[7 4],4,4,16,0,4
1,<environment.Job instance at 0x7f3f20d20370>,4,1,[4 5],5,5,6,0,5
1,<environment.Job instance at 0x7f3f20d20550>,5,21,[8 1],6,15,36,9,7
1,<environment.Job instance at 0x7f3f20d20820>,8,18,[7 3],9,16,34,7,9
1,<environment.Job instance at 0x7f3f20d20730>,10,13,[ 5 11],11,34,47,23,18
1,<environment.Job instance at 0x7f3f20d20b40>,13,12,[8 1],14,36,48,22,19
1,<environment.Job instance at 0x7f3f20d20be0>,14,14,[10  2],15,48,62,33,37
1,<environment.Job instance at 0x7f3f20d207d0>,11,19,[5 5],12,47,66,35,37
1,<environment.Job instance at 0x7f3f20d20e60>,17,14,[4 9],18,62,76,44,47
1,<environment.Job instance at 0x7f3f20d21190>,21,20,[3 6],22,66,86,44,57
1,<environment.Job instance at 0x7f3f20d21230>,22,15,[3 9],23,76,91,53,62
1,<environment.Job instance at 0x7f3f20d212d0>,23,15,[5 5],24,86,101,62,72
1,<environment.Job instance at 0x7f3f20d20c80>,15,22,[5 5],16,91,113,75,84
1,<environment.Job instance at 0x7f3f20d21960>,33,13,[5 5],34,91,104,57,84
1,<environment.Job instance at 0x7f3f20d21140>,37,1,[2 8],38,104,105,66,84
1,<environment.Job instance at 0x7f3f20d21b40>,36,17,[7 1],37,104,121,67,92
1,<environment.Job instance at 0x7f3f20d21dc0>,39,14,[1 7],40,105,119,65,92
1,<environment.Job instance at 0x7f3f20d21e60>,40,13,[4 5],41,113,126,72,97
1,<environment.Job instance at 0x7f3f20d21be0>,43,15,[5 5],44,121,136,77,107
1,<environment.Job instance at 0x7f3f20d256e0>,53,16,[4 6],54,126,142,72,114
1,<environment.Job instance at 0x7f3f20d25870>,58,16,[2 7],59,136,152,77,123
1,<environment.Job instance at 0x7f3f20d25cd0>,60,16,[7 3],61,142,158,81,129
1,<environment.Job instance at 0x7f3f20d25d70>,61,12,[8 4],62,152,164,90,135
1,<environment.Job instance at 0x7f3f20d25dc0>,62,16,[1 8],63,158,174,95,145
1,<environment.Job instance at 0x7f3f2114f0a0>,2,15,[12  2],3,164,179,161,153
1,<environment.Job instance at 0x7f3f20d25c80>,65,20,[9 3],66,179,199,113,170
1,<environment.Job instance at 0x7f3f20d28410>,70,17,[5 3],71,179,196,108,170
1,<environment.Job instance at 0x7f3f20d284b0>,71,12,[2 7],72,196,208,124,179
1,<environment.Job instance at 0x7f3f20e2fbe0>,0,2,[14  3],1,3,5,2,3
1,<environment.Job instance at 0x7f3f20d28730>,2,1,[5 9],3,5,6,2,3
1,<environment.Job instance at 0x7f3f20d286e0>,3,14,[ 1 10],4,6,20,2,4
1,<environment.Job instance at 0x7f3f2165b1e0>,6,19,[8 3],7,7,26,0,7
1,<environment.Job instance at 0x7f3f21ac10a0>,4,16,[1 8],5,20,36,15,14
1,<environment.Job instance at 0x7f3f2165b5f0>,12,16,[7 2],13,26,42,13,16
1,<environment.Job instance at 0x7f3f217140a0>,13,12,[3 8],14,36,48,22,20
1,<environment.Job instance at 0x7f3f21714eb0>,15,14,[8 5],16,42,56,26,27
1,<environment.Job instance at 0x7f3f217149b0>,16,13,[11  4],17,56,69,39,40
1,<environment.Job instance at 0x7f3f21714280>,24,16,[5 4],25,69,85,44,56
1,<environment.Job instance at 0x7f3f21cc0500>,58,16,[10  3],59,69,85,10,59
1,<environment.Job instance at 0x7f3f216131e0>,62,17,[9 4],63,85,102,22,73
1,<environment.Job instance at 0x7f3f21613af0>,69,16,[5 6],70,85,101,15,73
1,<environment.Job instance at 0x7f3f21655be0>,74,16,[4 6],75,101,117,26,88
1,<environment.Job instance at 0x7f3f22107960>,88,13,[5 4],89,102,115,13,89
1,<environment.Job instance at 0x7f3f20f1a7d0>,102,12,[2 9],103,115,127,12,103
1,<environment.Job instance at 0x7f3f2165b3c0>,9,13,[11  4],10,117,130,107,112
1,<environment.Job instance at 0x7f3f214b24b0>,110,18,[1 9],111,127,145,16,116
1,<environment.Job instance at 0x7f3f214b2500>,115,18,[10  5],116,130,148,14,120
1,<environment.Job instance at 0x7f3f214b2190>,118,18,[5 6],119,145,163,26,134
1,<environment.Job instance at 0x7f3f2129d910>,127,15,[2 7],128,148,163,20,134
1,<environment.Job instance at 0x7f3f20fc1190>,137,18,[7 1],138,148,166,10,140
1,<environment.Job instance at 0x7f3f20fc1280>,139,21,[5 5],140,163,184,23,155
1,<environment.Job instance at 0x7f3f21c231e0>,141,15,[3 8],142,163,178,21,155
1,<environment.Job instance at 0x7f3f20c32690>,0,12,[10  3],1,1,13,0,1
1,<environment.Job instance at 0x7f3f21a881e0>,1,13,[10  4],2,13,26,11,2
1,<environment.Job instance at 0x7f3f21104410>,2,20,[ 4 10],3,3,23,0,3
1,<environment.Job instance at 0x7f3f21272690>,5,14,[ 4 10],6,23,37,17,8
1,<environment.Job instance at 0x7f3f20a20550>,3,1,[ 3 10],4,37,38,33,9
1,<environment.Job instance at 0x7f3f209f9410>,6,2,[ 1 11],7,38,40,31,11
1,<environment.Job instance at 0x7f3f211c7aa0>,4,16,[6 1],5,26,42,21,13
1,<environment.Job instance at 0x7f3f21bd2370>,12,2,[3 5],13,40,42,27,13
1,<environment.Job instance at 0x7f3f20a4bb40>,13,12,[3 5],14,40,52,26,24
1,<environment.Job instance at 0x7f3f218ecaf0>,14,2,[1 9],15,42,44,27,24
1,<environment.Job instance at 0x7f3f20a2a5f0>,15,1,[3 7],16,44,45,28,24
1,<environment.Job instance at 0x7f3f21bd25f0>,7,14,[11  4],8,45,59,37,30
1,<environment.Job instance at 0x7f3f21bd24b0>,9,24,[4 8],10,52,76,42,47
1,<environment.Job instance at 0x7f3f20a2a0f0>,18,16,[4 9],19,76,92,57,63
1,<environment.Job instance at 0x7f3f21bd2640>,10,21,[9 5],11,63,84,52,63
1,<environment.Job instance at 0x7f3f20a2ae60>,20,14,[5 4],21,84,98,63,69
1,<environment.Job instance at 0x7f3f20a78a00>,21,15,[6 4],22,92,107,70,78
1,<environment.Job instance at 0x7f3f20b34e10>,28,17,[1 6],29,92,109,63,80
1,<environment.Job instance at 0x7f3f20a782d0>,29,13,[9 4],30,107,120,77,91
1,<environment.Job instance at 0x7f3f20af5960>,30,13,[4 8],31,109,122,78,93
1,<environment.Job instance at 0x7f3f20af5550>,37,12,[5 8],38,122,134,84,105
1,<environment.Job instance at 0x7f3f20af5cd0>,39,15,[4 8],40,134,149,94,120
1,<environment.Job instance at 0x7f3f20af5050>,40,15,[1 6],41,120,135,79,120
1,<environment.Job instance at 0x7f3f20a86870>,42,21,[5 4],43,135,156,92,127
1,<environment.Job instance at 0x7f3f20a86aa0>,44,13,[3 5],45,149,162,104,133
1,<environment.Job instance at 0x7f3f20a860f0>,46,17,[1 6],47,149,166,102,138
1,<environment.Job instance at 0x7f3f221817d0>,47,14,[3 8],48,162,176,114,147
1,<environment.Job instance at 0x7f3f20a86690>,48,17,[4 6],49,166,183,117,154
1,<environment.Job instance at 0x7f3f20a6aaa0>,53,16,[4 5],54,176,192,122,163
1,<environment.Job instance at 0x7f3f221a82d0>,58,13,[1 5],59,183,196,124,167
1,<environment.Job instance at 0x7f3f221a8a50>,61,13,[5 6],62,192,205,130,176
1,<environment.Job instance at 0x7f3f21873a00>,63,13,[9 3],64,183,196,119,176
1,<environment.Job instance at 0x7f3f213f2410>,0,17,[4 8],1,1,18,0,1
1,<environment.Job instance at 0x7f3f213f2fa0>,1,14,[5 6],2,2,16,0,2
1,<environment.Job instance at 0x7f3f2172d7d0>,9,3,[8 5],10,16,19,6,10
1,<environment.Job instance at 0x7f3f2172d050>,8,13,[10  1],9,19,32,10,11
1,<environment.Job instance at 0x7f3f2172d500>,11,13,[7 1],12,32,45,20,16
1,<environment.Job instance at 0x7f3f2172dd70>,12,20,[4 7],13,18,38,5,16
1,<environment.Job instance at 0x7f3f2127d870>,14,12,[3 8],15,38,50,23,21
1,<environment.Job instance at 0x7f3f221aaf50>,10,15,[4 6],11,32,47,21,29
1,<environment.Job instance at 0x7f3f2127d320>,16,15,[6 2],17,47,62,30,33
1,<environment.Job instance at 0x7f3f222a41e0>,17,15,[ 2 12],18,50,65,32,39
1,<environment.Job instance at 0x7f3f2225cc30>,18,2,[10  2],19,62,64,43,39
1,<environment.Job instance at 0x7f3f2127de60>,15,18,[7 1],16,64,82,48,53
1,<environment.Job instance at 0x7f3f2225cf00>,20,14,[6 2],21,64,78,43,53
1,<environment.Job instance at 0x7f3f2127dc80>,19,16,[3 5],20,78,94,58,65
1,<environment.Job instance at 0x7f3f21c3e640>,22,2,[6 5],23,82,84,59,65
1,<environment.Job instance at 0x7f3f21c3e3c0>,23,18,[7 1],24,84,102,60,76
1,<environment.Job instance at 0x7f3f21c3e7d0>,21,22,[5 8],22,84,106,62,84
1,<environment.Job instance at 0x7f3f2a8e12d0>,28,18,[6 3],29,102,120,73,91
1,<environment.Job instance at 0x7f3f2a8e03c0>,29,17,[8 3],30,106,123,76,94
1,<environment.Job instance at 0x7f3f20f34b90>,7,17,[8 4],8,123,140,115,111
1,<environment.Job instance at 0x7f3f2a8e0d70>,31,12,[7 2],32,120,132,88,111
1,<environment.Job instance at 0x7f3f2a8e0f50>,32,3,[1 7],33,111,114,78,111
1,<environment.Job instance at 0x7f3f21965c30>,33,16,[3 5],34,132,148,98,121
1,<environment.Job instance at 0x7f3f21965f50>,34,3,[ 2 11],35,148,151,113,122
1,<environment.Job instance at 0x7f3f21c338c0>,5,21,[9 3],6,140,161,134,135
1,<environment.Job instance at 0x7f3f21d18a50>,30,21,[4 8],31,151,172,120,143
1,<environment.Job instance at 0x7f3f2216a500>,39,15,[1 8],40,172,187,132,158
1,<environment.Job instance at 0x7f3f216935f0>,36,28,[9 3],37,161,189,124,161
1,<environment.Job instance at 0x7f3f2167d730>,41,1,[ 3 13],42,189,190,147,161
1,<environment.Job instance at 0x7f3f216084b0>,1,2,[8 2],2,2,4,0,2
1,<environment.Job instance at 0x7f3f216de9b0>,3,17,[3 5],4,4,21,0,4
1,<environment.Job instance at 0x7f3f216de370>,5,15,[7 1],6,6,21,0,6
1,<environment.Job instance at 0x7f3f216de230>,6,1,[8 1],7,21,22,14,7
1,<environment.Job instance at 0x7f3f20ee2190>,7,12,[8 4],8,22,34,14,8
1,<environment.Job instance at 0x7f3f20ee22d0>,8,2,[4 7],9,9,11,0,9
1,<environment.Job instance at 0x7f3f20ee21e0>,9,22,[4 8],10,11,33,1,10
1,<environment.Job instance at 0x7f3f20ee29b0>,10,1,[9 5],11,34,35,23,11
1,<environment.Job instance at 0x7f3f2167d730>,12,22,[4 7],13,33,55,20,26
1,<environment.Job instance at 0x7f3f20ee2c80>,16,17,[5 4],17,35,52,18,26
1,<environment.Job instance at 0x7f3f20ee2be0>,17,16,[1 6],18,52,68,34,39
1,<environment.Job instance at 0x7f3f20ee2870>,18,12,[2 8],19,55,67,36,39
1,<environment.Job instance at 0x7f3f21f656e0>,20,20,[1 7],21,67,87,46,58
1,<environment.Job instance at 0x7f3f21f65370>,21,18,[9 3],22,68,86,46,58
1,<environment.Job instance at 0x7f3f21f65820>,22,16,[3 8],23,86,102,63,73
1,<environment.Job instance at 0x7f3f21f65e10>,23,14,[6 2],24,87,101,63,73
1,<environment.Job instance at 0x7f3f21f65410>,26,14,[4 7],27,101,115,74,86
1,<environment.Job instance at 0x7f3f21f65b40>,31,14,[5 6],32,102,116,70,87
1,<environment.Job instance at 0x7f3f21f65c80>,36,16,[3 6],37,115,131,78,102
1,<environment.Job instance at 0x7f3f21f653c0>,38,13,[1 7],39,116,129,77,102
1,<environment.Job instance at 0x7f3f21f65f00>,40,18,[8 2],41,116,134,75,105
1,<environment.Job instance at 0x7f3f21d470f0>,47,15,[9 4],48,134,149,86,120
1,<environment.Job instance at 0x7f3f20ee2960>,11,17,[ 2 10],12,131,148,119,124
1,<environment.Job instance at 0x7f3f21d475f0>,48,20,[9 1],49,149,169,100,140
1,<environment.Job instance at 0x7f3f21512f00>,50,15,[7 4],51,169,184,118,155
1,<environment.Job instance at 0x7f3f21512690>,56,16,[ 3 10],57,155,171,98,155
1,<environment.Job instance at 0x7f3f211d8a00>,58,19,[6 4],59,171,190,112,161
1,<environment.Job instance at 0x7f3f211d8230>,64,18,[8 1],65,184,202,119,173
1,<environment.Job instance at 0x7f3f222f87d0>,1,3,[ 4 10],2,2,5,0,2
1,<environment.Job instance at 0x7f3f211d8140>,2,15,[8 2],3,3,18,0,3
1,<environment.Job instance at 0x7f3f222f8870>,3,2,[14  3],4,18,20,14,4
1,<environment.Job instance at 0x7f3f222f8cd0>,4,3,[8 3],5,20,23,15,5
1,<environment.Job instance at 0x7f3f222f8320>,5,1,[ 2 12],6,6,7,0,6
1,<environment.Job instance at 0x7f3f222f88c0>,9,2,[9 2],10,23,25,13,10
1,<environment.Job instance at 0x7f3f222f8500>,14,15,[3 7],15,20,35,5,15
1,<environment.Job instance at 0x7f3f222f8780>,15,15,[6 4],16,25,40,9,16
1,<environment.Job instance at 0x7f3f222f83c0>,16,15,[7 2],17,35,50,18,21
1,<environment.Job instance at 0x7f3f222f8dc0>,18,15,[8 2],19,40,55,21,26
1,<environment.Job instance at 0x7f3f222f8230>,10,16,[ 1 13],11,50,66,39,37
1,<environment.Job instance at 0x7f3f222f8820>,8,22,[9 1],9,59,81,50,59
1,<environment.Job instance at 0x7f3f222f8370>,20,25,[5 4],21,66,91,45,64
1,<environment.Job instance at 0x7f3f222f8be0>,19,19,[8 2],20,81,100,61,72
1,<environment.Job instance at 0x7f3f20d0af00>,22,15,[12  2],23,100,115,77,88
1,<environment.Job instance at 0x7f3f20d0a3c0>,25,1,[ 1 11],26,91,92,65,88
1,<environment.Job instance at 0x7f3f20d05dc0>,31,18,[1 9],32,100,118,68,100
1,<environment.Job instance at 0x7f3f20d05a00>,34,20,[1 5],35,115,135,80,106
1,<environment.Job instance at 0x7f3f20d052d0>,36,20,[6 5],37,118,138,81,109
1,<environment.Job instance at 0x7f3f20d05190>,45,12,[2 6],46,135,147,89,118
1,<environment.Job instance at 0x7f3f20d05a50>,46,13,[7 2],47,118,131,71,118
1,<environment.Job instance at 0x7f3f20b08d70>,52,17,[9 5],53,138,155,85,126
1,<environment.Job instance at 0x7f3f20b08c30>,55,18,[3 7],56,147,165,91,136
1,<environment.Job instance at 0x7f3f20b08960>,58,12,[9 4],59,155,167,96,138
1,<environment.Job instance at 0x7f3f20b089b0>,62,18,[1 8],63,165,183,102,154
1,<environment.Job instance at 0x7f3f20b08690>,63,13,[3 7],64,167,180,103,154
1,<environment.Job instance at 0x7f3f20b6bf00>,67,16,[5 7],68,180,196,112,167
1,<environment.Job instance at 0x7f3f20b6b6e0>,68,13,[3 8],69,183,196,114,167
1,<environment.Job instance at 0x7f3f210c2d20>,1,12,[5 4],2,2,14,0,2
1,<environment.Job instance at 0x7f3f209e8050>,3,12,[2 5],4,4,16,0,4
1,<environment.Job instance at 0x7f3f209e8cd0>,4,16,[4 5],5,5,21,0,5
1,<environment.Job instance at 0x7f3f209e8c80>,5,16,[3 8],6,16,32,10,6
1,<environment.Job instance at 0x7f3f209e89b0>,6,16,[4 5],7,21,37,14,8
1,<environment.Job instance at 0x7f3f209e8780>,12,2,[ 5 11],13,37,39,24,13
1,<environment.Job instance at 0x7f3f209e8a50>,11,12,[3 9],12,39,51,27,22
1,<environment.Job instance at 0x7f3f209e8820>,14,14,[2 5],15,39,53,24,24
1,<environment.Job instance at 0x7f3f209e81e0>,17,20,[5 2],18,51,71,33,42
1,<environment.Job instance at 0x7f3f209e8370>,13,13,[ 2 13],14,53,66,39,43
1,<environment.Job instance at 0x7f3f209e8b90>,20,3,[8 2],21,66,69,45,43
1,<environment.Job instance at 0x7f3f209e8410>,19,20,[9 5],20,69,89,49,60
1,<environment.Job instance at 0x7f3f209e8960>,22,17,[4 9],23,71,88,48,60
1,<environment.Job instance at 0x7f3f209e8aa0>,24,14,[5 5],25,88,102,63,73
1,<environment.Job instance at 0x7f3f20a93eb0>,25,18,[8 4],26,89,107,63,78
1,<environment.Job instance at 0x7f3f20a93d20>,26,12,[3 5],27,102,114,75,85
1,<environment.Job instance at 0x7f3f209e8e60>,10,21,[6 4],11,107,128,96,100
1,<environment.Job instance at 0x7f3f20a93960>,27,22,[1 9],28,114,136,86,107
1,<environment.Job instance at 0x7f3f20a93fa0>,30,12,[10  5],31,128,140,97,111
1,<environment.Job instance at 0x7f3f20a93a50>,31,16,[10  1],32,140,156,108,127
1,<environment.Job instance at 0x7f3f20a93820>,37,15,[5 5],38,136,151,98,127
1,<environment.Job instance at 0x7f3f20a93af0>,39,19,[5 4],40,151,170,111,141
1,<environment.Job instance at 0x7f3f20a93280>,40,12,[9 4],41,156,168,115,141
1,<environment.Job instance at 0x7f3f20a93b90>,41,12,[4 7],42,168,180,126,151
1,<environment.Job instance at 0x7f3f20a936e0>,42,3,[3 7],43,170,173,127,151
1,<environment.Job instance at 0x7f3f20a93190>,43,18,[4 8],44,173,191,129,162
1,<environment.Job instance at 0x7f3f20a93aa0>,45,2,[4 5],46,180,182,134,162
1,<environment.Job instance at 0x7f3f21a271e0>,54,14,[2 9],55,191,205,136,176
1,<environment.Job instance at 0x7f3f21a27050>,55,2,[5 1],56,180,182,124,176
1,<environment.Job instance at 0x7f3f21a27af0>,58,3,[10  5],59,182,185,123,176
1,<environment.Job instance at 0x7f3f211c4c80>,63,2,[7 1],64,185,187,121,176
1,<environment.Job instance at 0x7f3f211c4be0>,64,2,[4 5],65,185,187,120,176
1,<environment.Job instance at 0x7f3f211c4fa0>,65,13,[9 1],66,187,200,121,176
1,<environment.Job instance at 0x7f3f211c4690>,2,3,[5 1],3,3,6,0,3
1,<environment.Job instance at 0x7f3f21b42190>,3,14,[4 6],4,4,18,0,4
1,<environment.Job instance at 0x7f3f21b42050>,5,20,[1 5],6,6,26,0,6
1,<environment.Job instance at 0x7f3f21b42500>,6,3,[7 2],7,7,10,0,7
1,<environment.Job instance at 0x7f3f21b42aa0>,9,16,[6 3],10,10,26,0,10
1,<environment.Job instance at 0x7f3f21b42d70>,11,19,[3 7],12,18,37,6,12
1,<environment.Job instance at 0x7f3f2167f8c0>,13,12,[10  2],14,26,38,12,14
1,<environment.Job instance at 0x7f3f2167f7d0>,14,15,[8 2],15,38,53,23,24
1,<environment.Job instance at 0x7f3f2167fc30>,18,13,[1 9],19,37,50,18,24
1,<environment.Job instance at 0x7f3f2167fb90>,17,3,[3 7],18,50,53,32,24
1,<environment.Job instance at 0x7f3f2167fcd0>,19,16,[7 4],20,53,69,33,40
1,<environment.Job instance at 0x7f3f2167f960>,16,16,[6 1],17,53,69,36,41
1,<environment.Job instance at 0x7f3f2167ff50>,23,2,[2 8],24,53,55,29,41
1,<environment.Job instance at 0x7f3f2167ff00>,24,17,[ 2 10],25,55,72,30,43
1,<environment.Job instance at 0x7f3f21756140>,25,18,[2 9],26,72,90,46,61
1,<environment.Job instance at 0x7f3f217561e0>,26,12,[14  3],27,90,102,63,73
1,<environment.Job instance at 0x7f3f21756230>,27,13,[1 7],28,90,103,62,74
1,<environment.Job instance at 0x7f3f217563c0>,28,18,[5 5],29,102,120,73,91
1,<environment.Job instance at 0x7f3f2167feb0>,22,14,[10  4],23,103,117,80,91
1,<environment.Job instance at 0x7f3f21756320>,30,12,[5 8],31,117,129,86,100
1,<environment.Job instance at 0x7f3f217564b0>,31,14,[6 1],32,120,134,88,105
1,<environment.Job instance at 0x7f3f21756550>,32,15,[ 2 10],33,129,144,96,115
1,<environment.Job instance at 0x7f3f21756690>,34,28,[2 6],35,144,172,109,143
1,<environment.Job instance at 0x7f3f21756820>,35,14,[6 5],36,143,157,107,143
1,<environment.Job instance at 0x7f3f217567d0>,36,3,[6 3],37,144,147,107,143
1,<environment.Job instance at 0x7f3f21756780>,37,17,[10  2],38,157,174,119,145
1,<environment.Job instance at 0x7f3f21b42cd0>,15,18,[ 1 10],16,172,190,156,163
1,<environment.Job instance at 0x7f3f217569b0>,39,16,[6 1],40,174,190,134,163
1,<environment.Job instance at 0x7f3f2167fd70>,20,18,[13  3],21,190,208,169,179
1,<environment.Job instance at 0x7f3f2231aaf0>,0,28,[ 3 14],1,1,29,0,1
1,<environment.Job instance at 0x7f3f2231a870>,1,3,[ 1 14],2,29,32,27,3
1,<environment.Job instance at 0x7f3f2167fd70>,2,1,[ 2 13],3,32,33,29,4
1,<environment.Job instance at 0x7f3f21714140>,11,12,[2 9],12,33,45,21,16
1,<environment.Job instance at 0x7f3f20e2a410>,14,12,[7 5],15,33,45,18,16
1,<environment.Job instance at 0x7f3f20e2ab40>,15,17,[10  5],16,45,62,29,33
1,<environment.Job instance at 0x7f3f20e2afa0>,18,17,[10  5],19,62,79,43,50
1,<environment.Job instance at 0x7f3f2225c280>,24,17,[4 9],25,50,67,25,50
1,<environment.Job instance at 0x7f3f2103e870>,27,14,[5 5],28,67,81,39,52
1,<environment.Job instance at 0x7f3f2173ddc0>,29,17,[5 5],30,79,96,49,67
1,<environment.Job instance at 0x7f3f2173dcd0>,33,14,[10  4],34,81,95,47,67
1,<environment.Job instance at 0x7f3f2172bd20>,35,13,[6 4],36,95,108,59,79
1,<environment.Job instance at 0x7f3f2172b870>,37,22,[1 8],38,96,118,58,89
1,<environment.Job instance at 0x7f3f21031be0>,42,14,[2 7],43,108,122,65,93
1,<environment.Job instance at 0x7f3f20c14730>,46,19,[5 5],47,118,137,71,108
1,<environment.Job instance at 0x7f3f20c145a0>,47,17,[4 5],48,122,139,74,110
1,<environment.Job instance at 0x7f3f21306690>,48,12,[5 8],49,137,149,88,120
1,<environment.Job instance at 0x7f3f20bffc80>,50,15,[8 2],51,139,154,88,125
1,<environment.Job instance at 0x7f3f21156050>,57,14,[ 3 10],58,149,163,91,134
1,<environment.Job instance at 0x7f3f20a6aaf0>,62,18,[6 1],63,154,172,91,143
1,<environment.Job instance at 0x7f3f2149e320>,67,12,[1 8],68,163,175,95,146
1,<environment.Job instance at 0x7f3f220a3c80>,69,17,[7 2],70,163,180,93,151
1,<environment.Job instance at 0x7f3f20a4b550>,71,21,[5 5],72,172,193,100,164
1,<environment.Job instance at 0x7f3f20a4b5f0>,74,17,[2 8],75,175,192,100,164
1,<environment.Job instance at 0x7f3f20a4be10>,76,12,[8 3],77,192,204,115,175
1,<environment.Job instance at 0x7f3f22316e10>,0,16,[ 4 11],1,1,17,0,1
1,<environment.Job instance at 0x7f3f20a4bcd0>,2,3,[ 2 10],3,17,20,14,3
1,<environment.Job instance at 0x7f3f223161e0>,3,18,[8 4],4,4,22,0,4
1,<environment.Job instance at 0x7f3f210e98c0>,6,16,[5 5],7,20,36,13,7
1,<environment.Job instance at 0x7f3f219b3730>,7,18,[1 5],8,20,38,12,9
1,<environment.Job instance at 0x7f3f219b34b0>,10,14,[8 3],11,22,36,11,11
1,<environment.Job instance at 0x7f3f20a4b460>,1,1,[6 3],2,36,37,34,11
1,<environment.Job instance at 0x7f3f219b3a50>,12,22,[5 1],13,36,58,23,29
1,<environment.Job instance at 0x7f3f219b3780>,14,14,[5 3],15,37,51,22,29
1,<environment.Job instance at 0x7f3f219b32d0>,17,15,[ 5 10],18,38,53,20,29
1,<environment.Job instance at 0x7f3f219b3fa0>,19,19,[7 5],20,53,72,33,43
1,<environment.Job instance at 0x7f3f2af34190>,20,17,[6 4],21,58,75,37,46
1,<environment.Job instance at 0x7f3f2af34410>,23,17,[10  1],24,75,92,51,63
1,<environment.Job instance at 0x7f3f219b3e60>,11,14,[4 7],12,72,86,60,63
1,<environment.Job instance at 0x7f3f2af34460>,24,17,[10  1],25,92,109,67,80
1,<environment.Job instance at 0x7f3f223c5af0>,27,13,[7 4],28,109,122,81,93
1,<environment.Job instance at 0x7f3f223c5d70>,31,16,[7 3],32,109,125,77,96
1,<environment.Job instance at 0x7f3f223c5b40>,32,20,[5 3],33,122,142,89,113
1,<environment.Job instance at 0x7f3f223c5820>,34,17,[4 6],35,125,142,90,113
1,<environment.Job instance at 0x7f3f223c5a00>,43,14,[5 2],44,125,139,81,113
1,<environment.Job instance at 0x7f3f223c51e0>,45,18,[8 1],46,142,160,96,131
1,<environment.Job instance at 0x7f3f2102f870>,47,15,[5 6],48,139,154,91,131
1,<environment.Job instance at 0x7f3f2102f410>,53,12,[10  4],54,160,172,106,143
1,<environment.Job instance at 0x7f3f2102fd20>,56,13,[6 4],57,172,185,115,156
1,<environment.Job instance at 0x7f3f2102f8c0>,59,16,[8 1],60,172,188,112,159
1,<environment.Job instance at 0x7f3f217ef9b0>,63,12,[8 5],64,188,200,124,171
1,<environment.Job instance at 0x7f3f222377d0>,1,15,[7 3],2,2,17,0,2
1,<environment.Job instance at 0x7f3f217efeb0>,2,15,[5 7],3,3,18,0,3
1,<environment.Job instance at 0x7f3f20feb410>,3,14,[13  5],4,18,32,14,5
1,<environment.Job instance at 0x7f3f20feb550>,5,12,[3 9],6,32,44,26,15
1,<environment.Job instance at 0x7f3f20feb5f0>,8,12,[5 5],9,32,44,23,15
1,<environment.Job instance at 0x7f3f20feb820>,9,2,[5 4],10,44,46,34,17
1,<environment.Job instance at 0x7f3f20febc30>,13,19,[6 4],14,44,63,30,34
1,<environment.Job instance at 0x7f3f20febeb0>,18,17,[7 5],19,46,63,27,34
1,<environment.Job instance at 0x7f3f20fd9320>,22,12,[5 3],23,63,75,40,46
1,<environment.Job instance at 0x7f3f20fd93c0>,23,13,[6 2],24,63,76,39,47
1,<environment.Job instance at 0x7f3f20feb690>,6,14,[9 2],7,75,89,68,73
1,<environment.Job instance at 0x7f3f215124b0>,0,27,[6 2],1,76,103,75,75
1,<environment.Job instance at 0x7f3f20fd95a0>,26,16,[2 9],27,89,105,62,77
1,<environment.Job instance at 0x7f3f20fd9640>,27,16,[1 8],28,105,121,77,92
1,<environment.Job instance at 0x7f3f20fd9460>,24,21,[8 1],25,103,124,78,95
1,<environment.Job instance at 0x7f3f20fd9780>,29,15,[4 8],30,121,136,91,107
1,<environment.Job instance at 0x7f3f20fd94b0>,34,15,[2 9],35,136,151,101,122
1,<environment.Job instance at 0x7f3f20fd96e0>,28,15,[9 3],29,124,139,95,122
1,<environment.Job instance at 0x7f3f20fd9d70>,38,13,[5 6],39,139,152,100,124
1,<environment.Job instance at 0x7f3f20fd9cd0>,40,20,[6 3],41,151,171,110,142
1,<environment.Job instance at 0x7f3f20fd9e60>,41,12,[5 6],42,152,164,110,142
1,<environment.Job instance at 0x7f3f20fe3050>,44,14,[1 8],45,164,178,119,149
1,<environment.Job instance at 0x7f3f20fe30a0>,45,14,[9 1],46,171,185,125,156
1,<environment.Job instance at 0x7f3f20fe3410>,46,13,[8 3],47,185,198,138,169
1,<environment.Job instance at 0x7f3f20fe3550>,48,20,[6 5],49,178,198,129,169
1,<environment.Job instance at 0x7f3f222e97d0>,0,13,[9 2],1,1,14,0,1
1,<environment.Job instance at 0x7f3f21eb3640>,3,1,[6 1],4,4,5,0,4
1,<environment.Job instance at 0x7f3f21eb33c0>,4,14,[ 5 11],5,5,19,0,5
1,<environment.Job instance at 0x7f3f21eb3dc0>,5,16,[10  2],6,14,30,8,6
1,<environment.Job instance at 0x7f3f222e9280>,7,16,[1 7],8,19,35,11,8
1,<environment.Job instance at 0x7f3f20eb0140>,11,13,[ 5 10],12,35,48,23,19
1,<environment.Job instance at 0x7f3f20eb0870>,14,17,[8 5],15,30,47,15,19
1,<environment.Job instance at 0x7f3f20eb0f50>,21,14,[5 1],22,47,61,25,32
1,<environment.Job instance at 0x7f3f20eb07d0>,25,16,[1 8],26,48,64,22,35
1,<environment.Job instance at 0x7f3f2ab70870>,26,16,[ 5 10],27,64,80,37,51
1,<environment.Job instance at 0x7f3f21c79dc0>,30,13,[ 1 10],31,80,93,49,64
1,<environment.Job instance at 0x7f3f217703c0>,31,18,[7 4],32,64,82,32,64
1,<environment.Job instance at 0x7f3f2ae451e0>,34,14,[10  2],35,82,96,47,67
1,<environment.Job instance at 0x7f3f2ae452d0>,38,13,[7 2],39,96,109,57,80
1,<environment.Job instance at 0x7f3f21bc1f00>,39,17,[5 3],40,93,110,53,81
1,<environment.Job instance at 0x7f3f21bc18c0>,40,21,[3 5],41,96,117,55,88
1,<environment.Job instance at 0x7f3f21202af0>,41,13,[2 9],42,110,123,68,94
1,<environment.Job instance at 0x7f3f212020a0>,43,17,[8 4],44,117,134,73,105
1,<environment.Job instance at 0x7f3f21202780>,44,15,[4 8],45,123,138,78,109
1,<environment.Job instance at 0x7f3f20b11a00>,45,16,[3 6],46,134,150,88,121
1,<environment.Job instance at 0x7f3f215d9cd0>,49,13,[5 1],50,134,147,84,121
1,<environment.Job instance at 0x7f3f215d9730>,50,16,[6 2],51,138,154,87,125
1,<environment.Job instance at 0x7f3f215d9230>,51,20,[6 3],52,147,167,95,138
1,<environment.Job instance at 0x7f3f215d97d0>,54,15,[2 7],55,150,165,95,138
1,<environment.Job instance at 0x7f3f215d9140>,57,18,[5 3],58,154,172,96,143
1,<environment.Job instance at 0x7f3f20fdebe0>,58,21,[6 4],59,167,188,108,159
1,<environment.Job instance at 0x7f3f21ae3a00>,61,13,[9 3],62,172,185,110,159
1,<environment.Job instance at 0x7f3f21ae3af0>,62,15,[7 4],63,185,200,122,171
1,<environment.Job instance at 0x7f3f21ae3190>,63,12,[3 5],64,188,200,124,171
1,<environment.Job instance at 0x7f3f20b01550>,1,12,[4 5],2,2,14,0,2
1,<environment.Job instance at 0x7f3f20b01320>,0,28,[5 9],1,2,30,1,2
1,<environment.Job instance at 0x7f3f21ae3190>,2,13,[5 6],3,14,27,11,3
1,<environment.Job instance at 0x7f3f20b015a0>,9,12,[12  1],10,30,42,20,13
1,<environment.Job instance at 0x7f3f218a9910>,10,16,[ 2 10],11,30,46,19,17
1,<environment.Job instance at 0x7f3f218a97d0>,11,12,[5 4],12,42,54,30,25
1,<environment.Job instance at 0x7f3f218a94b0>,12,13,[1 5],13,46,59,33,30
1,<environment.Job instance at 0x7f3f218a9230>,13,16,[3 8],14,54,70,40,41
1,<environment.Job instance at 0x7f3f218a9eb0>,14,15,[7 3],15,59,74,44,46
1,<environment.Job instance at 0x7f3f20b01c80>,8,16,[10  5],9,74,90,65,61
1,<environment.Job instance at 0x7f3f20b011e0>,3,14,[9 5],4,90,104,86,75
1,<environment.Job instance at 0x7f3f218a9e60>,17,15,[6 1],18,90,105,72,78
1,<environment.Job instance at 0x7f3f218a9a00>,19,13,[3 5],20,104,117,84,88
1,<environment.Job instance at 0x7f3f218a9e10>,22,16,[4 6],23,104,120,81,91
1,<environment.Job instance at 0x7f3f21d18550>,24,14,[4 7],25,117,131,92,102
1,<environment.Job instance at 0x7f3f21d18690>,27,17,[5 4],28,120,137,92,108
1,<environment.Job instance at 0x7f3f21d184b0>,29,18,[6 5],30,131,149,101,120
1,<environment.Job instance at 0x7f3f21d18af0>,30,14,[10  5],31,149,163,118,134
1,<environment.Job instance at 0x7f3f21d18320>,33,13,[1 7],34,137,150,103,134
1,<environment.Job instance at 0x7f3f21ae3230>,4,14,[ 1 10],5,150,164,145,142
1,<environment.Job instance at 0x7f3f21b9f190>,34,21,[6 5],35,163,184,128,155
1,<environment.Job instance at 0x7f3f218a9cd0>,18,24,[8 1],19,164,188,145,159
1,<environment.Job instance at 0x7f3f21b9feb0>,38,12,[1 7],39,164,176,125,159
1,<environment.Job instance at 0x7f3f21b9f0f0>,39,13,[2 5],40,184,197,144,168
1,<environment.Job instance at 0x7f3f21b9f410>,40,1,[4 6],41,184,185,143,168
1,<environment.Job instance at 0x7f3f21b9fcd0>,41,14,[ 5 10],42,188,202,146,173
1,<environment.Job instance at 0x7f3f20fe7f00>,1,12,[9 4],2,2,14,0,2
1,<environment.Job instance at 0x7f3f20fe7eb0>,0,2,[13  5],1,14,16,13,2
1,<environment.Job instance at 0x7f3f21438050>,4,1,[2 7],5,5,6,0,5
1,<environment.Job instance at 0x7f3f214389b0>,5,2,[3 6],6,6,8,0,6
1,<environment.Job instance at 0x7f3f221aa7d0>,7,14,[7 5],8,16,30,8,8
1,<environment.Job instance at 0x7f3f221aa690>,13,15,[5 5],14,16,31,2,14
1,<environment.Job instance at 0x7f3f22375d20>,15,15,[3 5],16,16,31,0,16
1,<environment.Job instance at 0x7f3f218a9280>,17,18,[3 5],18,30,48,12,20
1,<environment.Job instance at 0x7f3f21424d20>,20,15,[2 9],21,31,46,10,26
1,<environment.Job instance at 0x7f3f221aad70>,10,24,[13  4],11,48,72,37,43
1,<environment.Job instance at 0x7f3f21509500>,22,1,[ 4 10],23,46,47,23,43
1,<environment.Job instance at 0x7f3f21509050>,23,18,[14  3],24,72,90,48,61
1,<environment.Job instance at 0x7f3f218a9140>,21,17,[1 9],22,72,89,50,72
1,<environment.Job instance at 0x7f3f21448280>,27,18,[1 9],28,89,107,61,78
1,<environment.Job instance at 0x7f3f2146cbe0>,29,15,[6 4],30,90,105,60,78
1,<environment.Job instance at 0x7f3f219686e0>,31,13,[3 9],32,107,120,75,91
1,<environment.Job instance at 0x7f3f218e0c80>,32,14,[6 2],33,91,105,58,91
1,<environment.Job instance at 0x7f3f21f5f9b0>,34,16,[6 1],35,105,121,70,92
1,<environment.Job instance at 0x7f3f21bd5a00>,36,18,[1 6],37,120,138,83,109
1,<environment.Job instance at 0x7f3f21eb3460>,42,17,[5 4],43,109,126,66,109
1,<environment.Job instance at 0x7f3f21eb3550>,43,16,[8 3],44,121,137,77,109
1,<environment.Job instance at 0x7f3f21eb3aa0>,45,14,[5 1],46,126,140,80,111
1,<environment.Job instance at 0x7f3f21eb3870>,46,15,[8 1],47,137,152,90,123
1,<environment.Job instance at 0x7f3f21eb3cd0>,49,15,[5 2],50,140,155,90,126
1,<environment.Job instance at 0x7f3f215d9b40>,50,15,[3 7],51,152,167,101,138
1,<environment.Job instance at 0x7f3f215d9cd0>,51,12,[6 3],52,152,164,100,138
1,<environment.Job instance at 0x7f3f215d9f00>,52,15,[5 4],53,155,170,102,141
1,<environment.Job instance at 0x7f3f21039af0>,55,15,[8 2],56,167,182,111,153
1,<environment.Job instance at 0x7f3f21448820>,24,16,[4 9],25,170,186,145,158
1,<environment.Job instance at 0x7f3f210391e0>,60,12,[5 3],61,182,194,121,165
1,<environment.Job instance at 0x7f3f21039640>,61,12,[5 9],62,186,198,124,169
1,<environment.Job instance at 0x7f9142c32230>,0,2,[6 2],1,2,4,1,2
1,<environment.Job instance at 0x7f9142c32320>,1,15,[4 5],2,2,17,0,2
1,<environment.Job instance at 0x7f9142c321e0>,2,18,[ 3 10],3,4,22,1,3
1,<environment.Job instance at 0x7f91394ba4b0>,3,13,[3 8],4,22,35,18,6
1,<environment.Job instance at 0x7f91394ba500>,5,18,[7 5],6,17,35,11,6
1,<environment.Job instance at 0x7f91394baa50>,11,1,[8 4],12,35,36,23,12
1,<environment.Job instance at 0x7f91394baaf0>,10,14,[1 6],11,35,49,24,20
1,<environment.Job instance at 0x7f91394ba910>,7,12,[7 2],8,36,48,28,20
1,<environment.Job instance at 0x7f91394bab90>,13,15,[4 5],14,35,50,21,21
1,<environment.Job instance at 0x7f91394bacd0>,18,18,[3 6],19,49,67,30,38
1,<environment.Job instance at 0x7f91394ba870>,6,19,[1 7],7,50,69,43,40
1,<environment.Job instance at 0x7f91394bc500>,23,18,[7 4],24,67,85,43,56
1,<environment.Job instance at 0x7f91394bc640>,25,16,[5 3],26,67,83,41,56
1,<environment.Job instance at 0x7f91394bcaa0>,32,14,[8 3],33,83,97,50,68
1,<environment.Job instance at 0x7f91394bac30>,12,13,[ 2 12],13,85,98,72,72
1,<environment.Job instance at 0x7f91394bcb40>,33,16,[9 3],34,97,113,63,84
1,<environment.Job instance at 0x7f91394bcf00>,38,14,[5 5],39,98,112,59,84
1,<environment.Job instance at 0x7f91394c01e0>,56,17,[6 4],57,112,129,55,100
1,<environment.Job instance at 0x7f91394c0cd0>,57,15,[6 5],58,113,128,55,101
1,<environment.Job instance at 0x7f91394c0d70>,59,16,[8 1],60,128,144,68,115
1,<environment.Job instance at 0x7f91394c0f50>,62,24,[ 3 10],63,129,153,66,124
1,<environment.Job instance at 0x7f91394c30f0>,63,2,[9 2],64,144,146,80,124
1,<environment.Job instance at 0x7f91394c31e0>,64,20,[9 1],65,146,166,81,137
1,<environment.Job instance at 0x7f91394c0eb0>,65,15,[ 1 11],66,153,168,87,139
1,<environment.Job instance at 0x7f91394c3320>,66,12,[6 1],67,166,178,99,149
1,<environment.Job instance at 0x7f91394c33c0>,67,13,[3 5],68,168,181,100,152
1,<environment.Job instance at 0x7f91394c3190>,68,25,[ 2 12],69,181,206,112,177
1,<environment.Job instance at 0x7f913995c5f0>,0,12,[11  1],1,1,13,0,1
1,<environment.Job instance at 0x7f91394c3500>,1,12,[ 5 11],2,13,25,11,2
1,<environment.Job instance at 0x7f91394c3190>,3,2,[ 1 10],4,9,11,5,9
1,<environment.Job instance at 0x7f913995c730>,8,17,[10  5],9,25,42,16,13
1,<environment.Job instance at 0x7f913995c0f0>,10,23,[5 8],11,25,48,14,19
1,<environment.Job instance at 0x7f91398fbf50>,18,17,[10  2],19,42,59,23,30
1,<environment.Job instance at 0x7f913995c6e0>,20,13,[5 1],21,48,61,27,32
1,<environment.Job instance at 0x7f91398fb820>,25,15,[3 5],26,59,74,33,45
1,<environment.Job instance at 0x7f91398fb870>,30,16,[7 2],31,59,75,28,46
1,<environment.Job instance at 0x7f913995cb40>,2,15,[3 9],3,74,89,71,60
1,<environment.Job instance at 0x7f91398fb6e0>,33,19,[9 2],34,75,94,41,66
1,<environment.Job instance at 0x7f91398fb5a0>,37,15,[5 6],38,89,104,51,75
1,<environment.Job instance at 0x7f91398fb0f0>,39,17,[3 5],40,94,111,54,82
1,<environment.Job instance at 0x7f9139960aa0>,47,20,[5 2],48,94,114,46,85
1,<environment.Job instance at 0x7f9139960fa0>,48,20,[7 4],49,104,124,55,95
1,<environment.Job instance at 0x7f9139960c30>,49,20,[6 2],50,114,134,64,105
1,<environment.Job instance at 0x7f913995c320>,9,16,[ 3 10],10,124,140,114,111
1,<environment.Job instance at 0x7f9139960f50>,53,16,[9 4],54,134,150,80,121
1,<environment.Job instance at 0x7f9139960a50>,55,16,[7 4],56,150,166,94,137
1,<environment.Job instance at 0x7f9139960730>,59,21,[6 4],60,140,161,80,137
1,<environment.Job instance at 0x7f9139960cd0>,60,17,[2 6],61,150,167,89,138
1,<environment.Job instance at 0x7f91399b44b0>,62,17,[8 5],63,166,183,103,154
1,<environment.Job instance at 0x7f91399b4c80>,68,17,[1 7],69,167,184,98,156
1,<environment.Job instance at 0x7f91399b4140>,69,15,[5 7],70,183,198,113,169
1,<environment.Job instance at 0x7f91399b4690>,70,12,[6 2],71,169,181,98,169
1,<environment.Job instance at 0x7f913995cbe0>,6,14,[8 4],7,184,198,177,169
1,<environment.Job instance at 0x7f91399b4190>,75,2,[14  3],76,198,200,122,172
1,<environment.Job instance at 0x7f91399b46e0>,74,12,[1 8],75,198,210,123,181
1,<environment.Job instance at 0x7f9138bd4410>,1,14,[3 6],2,2,16,0,2
1,<environment.Job instance at 0x7f9138bee280>,2,3,[9 2],3,3,6,0,3
1,<environment.Job instance at 0x7f9138beeb90>,3,18,[4 8],4,6,24,2,4
1,<environment.Job instance at 0x7f9138bee1e0>,4,3,[10  4],5,16,19,11,5
1,<environment.Job instance at 0x7f9138bee230>,5,20,[6 4],6,19,39,13,10
1,<environment.Job instance at 0x7f9138beed70>,10,13,[4 9],11,24,37,13,11
1,<environment.Job instance at 0x7f9138beea00>,11,12,[8 2],12,37,49,25,20
1,<environment.Job instance at 0x7f9138bee690>,17,17,[8 5],18,49,66,31,37
1,<environment.Job instance at 0x7f9138bee0a0>,21,17,[2 6],22,39,56,17,37
1,<environment.Job instance at 0x7f9138bef3c0>,26,14,[9 5],27,66,80,39,51
1,<environment.Job instance at 0x7f9138bef9b0>,29,17,[2 8],30,56,73,26,52
1,<environment.Job instance at 0x7f9138bef410>,31,15,[5 1],32,73,88,41,59
1,<environment.Job instance at 0x7f9138bef730>,32,16,[3 9],33,80,96,47,67
1,<environment.Job instance at 0x7f9138bef6e0>,34,18,[6 3],35,80,98,45,69
1,<environment.Job instance at 0x7f9138bef780>,35,18,[9 2],36,96,114,60,85
1,<environment.Job instance at 0x7f9138bef7d0>,36,12,[4 7],37,98,110,61,85
1,<environment.Job instance at 0x7f9138bef050>,40,16,[2 7],41,110,126,69,97
1,<environment.Job instance at 0x7f9138bef460>,41,20,[7 4],42,114,134,72,105
1,<environment.Job instance at 0x7f9138bf1dc0>,54,15,[6 4],55,114,129,59,105
1,<environment.Job instance at 0x7f9138bf1fa0>,57,15,[5 7],58,129,144,71,115
1,<environment.Job instance at 0x7f9138bf1aa0>,59,16,[2 6],60,134,150,74,121
1,<environment.Job instance at 0x7f9138bed140>,65,17,[1 8],66,144,161,78,132
1,<environment.Job instance at 0x7f9138bed1e0>,68,17,[9 1],69,144,161,75,132
1,<environment.Job instance at 0x7f9138bedb40>,71,16,[1 8],72,161,177,89,148
1,<environment.Job instance at 0x7f9138bedd20>,74,12,[3 5],75,150,162,75,148
1,<environment.Job instance at 0x7f9138beef50>,9,21,[6 1],10,161,182,151,153
1,<environment.Job instance at 0x7f9138beedc0>,15,22,[7 4],16,162,184,146,160
1,<environment.Job instance at 0x7f9138bed7d0>,78,3,[10  3],79,184,187,105,160
1,<environment.Job instance at 0x7f9138bedaa0>,75,14,[5 8],76,182,196,106,167
1,<environment.Job instance at 0x7f9138bedfa0>,81,14,[3 5],82,187,201,105,172
1,<environment.Job instance at 0x7f9138be8b40>,85,17,[9 1],86,196,213,110,186
1,<environment.Job instance at 0x7f9138bb3af0>,0,2,[11  4],1,1,3,0,1
1,<environment.Job instance at 0x7f9138be8a50>,1,14,[9 5],2,3,17,1,2
1,<environment.Job instance at 0x7f91399be1e0>,2,1,[5 1],3,4,5,1,4
1,<environment.Job instance at 0x7f91399be190>,4,28,[5 5],5,5,33,0,5
1,<environment.Job instance at 0x7f9139a67730>,9,12,[8 2],10,17,29,7,10
1,<environment.Job instance at 0x7f9139a67230>,8,19,[ 5 10],9,29,48,20,19
1,<environment.Job instance at 0x7f9139a67af0>,13,16,[5 5],14,33,49,19,20
1,<environment.Job instance at 0x7f9139a674b0>,11,15,[13  1],12,49,64,37,37
1,<environment.Job instance at 0x7f9139a67910>,16,1,[5 7],17,48,49,31,37
1,<environment.Job instance at 0x7f91399be780>,5,19,[ 1 12],6,49,68,43,40
1,<environment.Job instance at 0x7f9139a67820>,20,12,[13  4],21,68,80,47,51
1,<environment.Job instance at 0x7f9139a67690>,21,20,[5 3],22,80,100,58,71
1,<environment.Job instance at 0x7f9139a675a0>,22,12,[4 8],23,80,92,57,71
1,<environment.Job instance at 0x7f9139a67320>,23,12,[8 2],24,92,104,68,75
1,<environment.Job instance at 0x7f9139a67870>,24,17,[3 7],25,100,117,75,88
1,<environment.Job instance at 0x7f9139a2e460>,28,12,[5 5],29,104,116,75,92
1,<environment.Job instance at 0x7f9139a2ea50>,30,17,[2 7],31,116,133,85,104
1,<environment.Job instance at 0x7f9139a67dc0>,17,18,[1 5],18,117,135,99,106
1,<environment.Job instance at 0x7f9139a675f0>,6,24,[10  2],7,117,141,110,112
1,<environment.Job instance at 0x7f9139a2ed20>,33,24,[9 2],34,141,165,107,136
1,<environment.Job instance at 0x7f9139a2e050>,34,12,[4 8],35,136,148,101,136
1,<environment.Job instance at 0x7f9139a2eaf0>,35,15,[ 5 11],36,148,163,112,136
1,<environment.Job instance at 0x7f9139a2e780>,31,14,[4 9],32,163,177,131,151
1,<environment.Job instance at 0x7f9139a2e230>,43,1,[ 1 14],44,177,178,133,157
1,<environment.Job instance at 0x7f9139a2ecd0>,44,16,[5 5],45,178,194,133,165
1,<environment.Job instance at 0x7f9139a2e550>,45,12,[ 3 10],46,178,190,132,165
1,<environment.Job instance at 0x7f9139a67280>,25,15,[13  4],26,194,209,168,180
1,<environment.Job instance at 0x7f9139c5c4b0>,1,20,[5 1],2,2,22,0,2
1,<environment.Job instance at 0x7f9139c5c2d0>,2,12,[11  5],3,22,34,19,6
1,<environment.Job instance at 0x7f9139c5c280>,4,13,[7 4],5,6,19,1,6
1,<environment.Job instance at 0x7f9139c5ce10>,6,17,[1 8],7,7,24,0,7
1,<environment.Job instance at 0x7f9139a2e5f0>,3,16,[3 8],4,24,40,20,12
1,<environment.Job instance at 0x7f9139c5c550>,10,16,[7 2],11,34,50,23,22
1,<environment.Job instance at 0x7f9139c5ca50>,7,16,[6 2],8,40,56,32,27
1,<environment.Job instance at 0x7f9139aff780>,12,16,[5 7],13,50,66,37,37
1,<environment.Job instance at 0x7f9139c4eeb0>,13,3,[4 8],14,56,59,42,37
1,<environment.Job instance at 0x7f9139c4ec80>,14,13,[5 5],15,59,72,44,43
1,<environment.Job instance at 0x7f9139ea8780>,15,2,[1 6],16,43,45,27,43
1,<environment.Job instance at 0x7f913a04a7d0>,17,1,[5 1],18,59,60,41,43
1,<environment.Job instance at 0x7f91394c2190>,19,3,[2 6],20,45,48,25,43
1,<environment.Job instance at 0x7f9139c5ca00>,11,16,[ 3 10],12,66,82,54,53
1,<environment.Job instance at 0x7f91394c2a00>,24,12,[ 5 10],25,82,94,57,65
1,<environment.Job instance at 0x7f9139fa7820>,26,14,[5 1],27,72,86,45,65
1,<environment.Job instance at 0x7f9139fa70f0>,27,15,[7 3],28,86,101,58,72
1,<environment.Job instance at 0x7f9139f1d960>,28,15,[10  3],29,101,116,72,87
1,<environment.Job instance at 0x7f9139cb31e0>,30,14,[7 5],31,116,130,85,101
1,<environment.Job instance at 0x7f9139cb3460>,31,25,[1 6],32,101,126,69,101
1,<environment.Job instance at 0x7f9139cb3410>,32,17,[8 1],33,126,143,93,114
1,<environment.Job instance at 0x7f9139cb35f0>,34,12,[6 4],35,130,142,95,114
1,<environment.Job instance at 0x7f9139cb3870>,35,12,[7 4],36,142,154,106,125
1,<environment.Job instance at 0x7f9139fc8500>,39,14,[4 7],40,143,157,103,128
1,<environment.Job instance at 0x7f9139fc8fa0>,40,16,[9 4],41,154,170,113,141
1,<environment.Job instance at 0x7f9139fc8d20>,42,14,[ 2 10],43,157,171,114,142
1,<environment.Job instance at 0x7f91394cd190>,44,16,[ 3 10],45,171,187,126,158
1,<environment.Job instance at 0x7f91394cd4b0>,45,18,[5 5],46,170,188,124,159
1,<environment.Job instance at 0x7f91394cd870>,46,16,[5 5],47,187,203,140,174
1,<environment.Job instance at 0x7f91394cd690>,47,17,[ 3 10],48,188,205,140,176
1,<environment.Job instance at 0x7f91394cd7d0>,48,13,[3 9],49,205,218,156,189
1,<environment.Job instance at 0x7f9138aa95f0>,1,18,[2 7],2,2,20,0,2
1,<environment.Job instance at 0x7f91398e31e0>,2,25,[5 3],3,3,28,0,3
1,<environment.Job instance at 0x7f91398bf1e0>,6,15,[4 8],7,20,35,13,7
1,<environment.Job instance at 0x7f91398bfbe0>,5,14,[ 4 10],6,35,49,29,20
1,<environment.Job instance at 0x7f91398bfc30>,13,28,[5 1],14,20,48,6,20
1,<environment.Job instance at 0x7f91398bf2d0>,17,21,[9 1],18,48,69,30,45
1,<environment.Job instance at 0x7f91398bf820>,12,28,[ 2 14],13,49,77,36,48
1,<environment.Job instance at 0x7f91398bf460>,19,16,[1 7],20,77,93,57,64
1,<environment.Job instance at 0x7f91398e3140>,3,18,[3 8],4,77,95,73,66
1,<environment.Job instance at 0x7f91398bbb40>,21,18,[1 6],22,93,111,71,82
1,<environment.Job instance at 0x7f9138aa9d70>,0,20,[ 1 10],1,111,131,110,102
1,<environment.Job instance at 0x7f91398bbc80>,23,14,[5 5],24,102,116,78,102
1,<environment.Job instance at 0x7f91398bbbe0>,24,1,[ 2 13],25,131,132,106,103
1,<environment.Job instance at 0x7f91398bb1e0>,28,15,[2 5],29,116,131,87,110
1,<environment.Job instance at 0x7f91398bb870>,22,26,[2 9],23,132,158,109,129
1,<environment.Job instance at 0x7f91398bb8c0>,30,3,[7 3],31,132,135,101,129
1,<environment.Job instance at 0x7f91398bba00>,25,17,[11  4],26,148,165,122,148
1,<environment.Job instance at 0x7f91398bbaa0>,32,1,[3 6],33,158,159,125,148
1,<environment.Job instance at 0x7f91398bb780>,33,16,[1 9],34,159,175,125,148
1,<environment.Job instance at 0x7f91398bbf50>,34,17,[2 6],35,165,182,130,153
1,<environment.Job instance at 0x7f91398c5410>,35,25,[5 5],36,175,200,139,171
1,<environment.Job instance at 0x7f91398c5e10>,36,26,[2 9],37,182,208,145,179
1,<environment.Job instance at 0x7f9138afe780>,1,12,[8 4],2,2,14,0,2
1,<environment.Job instance at 0x7f91390dc910>,0,16,[7 3],1,2,18,1,2
1,<environment.Job instance at 0x7f9138a1ecd0>,8,1,[6 2],9,14,15,5,9
1,<environment.Job instance at 0x7f9138a1ed70>,9,2,[2 5],10,14,16,4,10
1,<environment.Job instance at 0x7f9138a1ea00>,5,20,[9 3],6,18,38,12,10
1,<environment.Job instance at 0x7f9138a1efa0>,10,17,[5 3],11,15,32,4,11
1,<environment.Job instance at 0x7f9138a1edc0>,11,12,[2 7],12,32,44,20,16
1,<environment.Job instance at 0x7f9138a21320>,15,13,[4 6],16,38,51,22,22
1,<environment.Job instance at 0x7f9138a21410>,18,15,[2 6],19,44,59,25,30
1,<environment.Job instance at 0x7f9138a21690>,20,18,[1 7],21,51,69,30,40
1,<environment.Job instance at 0x7f9138a21500>,17,12,[1 7],18,59,71,41,44
1,<environment.Job instance at 0x7f9138a21730>,21,16,[9 3],22,69,85,47,56
1,<environment.Job instance at 0x7f91398c5e10>,2,16,[1 8],3,71,87,68,70
1,<environment.Job instance at 0x7f9138a21d20>,29,14,[ 2 10],30,87,101,57,72
1,<environment.Job instance at 0x7f9138a21c80>,28,18,[7 4],29,85,103,56,74
1,<environment.Job instance at 0x7f9138a239b0>,48,17,[9 4],49,103,120,54,91
1,<environment.Job instance at 0x7f9138a23b90>,51,14,[4 8],52,101,115,49,91
1,<environment.Job instance at 0x7f9138a23e10>,55,14,[8 4],56,120,134,64,105
1,<environment.Job instance at 0x7f9138a26820>,68,13,[8 4],69,134,147,65,118
1,<environment.Job instance at 0x7f9138b2b9b0>,84,17,[9 2],85,147,164,62,135
1,<environment.Job instance at 0x7f91391feeb0>,95,19,[2 6],96,135,154,39,135
1,<environment.Job instance at 0x7f91391febe0>,96,18,[3 5],97,135,153,38,135
1,<environment.Job instance at 0x7f9138a21870>,22,18,[ 1 12],23,154,172,131,151
1,<environment.Job instance at 0x7f91391e5f50>,102,21,[5 1],103,154,175,51,151
1,<environment.Job instance at 0x7f91391f2dc0>,103,2,[8 2],104,164,166,60,151
1,<environment.Job instance at 0x7f91391e5f00>,101,21,[9 4],102,172,193,70,164
1,<environment.Job instance at 0x7f9138cf2960>,109,16,[9 4],110,193,209,83,180
1,<environment.Job instance at 0x7f91390f6370>,0,3,[9 4],1,1,4,0,1
1,<environment.Job instance at 0x7f91390f6690>,1,13,[8 2],2,4,17,2,2
1,<environment.Job instance at 0x7f9138abe4b0>,2,13,[ 4 14],3,17,30,14,3
1,<environment.Job instance at 0x7f91395da780>,3,2,[8 2],4,30,32,26,4
1,<environment.Job instance at 0x7f9138cf2960>,5,15,[5 1],6,8,23,2,8
1,<environment.Job instance at 0x7f91395dacd0>,8,3,[10  5],9,32,35,23,9
1,<environment.Job instance at 0x7f91395daf50>,4,16,[4 6],5,30,46,25,21
1,<environment.Job instance at 0x7f91395da320>,10,15,[10  4],11,35,50,24,21
1,<environment.Job instance at 0x7f91395dae60>,7,1,[ 4 12],8,50,51,42,23
1,<environment.Job instance at 0x7f91395da190>,12,3,[13  2],13,51,54,38,27
1,<environment.Job instance at 0x7f91395dae10>,21,18,[ 5 10],22,54,72,32,43
1,<environment.Job instance at 0x7f91395da730>,22,18,[10  2],23,54,72,31,47
1,<environment.Job instance at 0x7f91390aff50>,40,18,[1 9],41,72,90,31,61
1,<environment.Job instance at 0x7f91390af2d0>,45,18,[10  5],46,72,90,26,61
1,<environment.Job instance at 0x7f91390af640>,48,18,[5 6],49,90,108,41,79
1,<environment.Job instance at 0x7f91392d7af0>,62,12,[5 8],63,90,102,27,80
1,<environment.Job instance at 0x7f91392d7e60>,67,18,[7 1],68,102,120,34,91
1,<environment.Job instance at 0x7f91392d7d20>,69,21,[5 5],70,108,129,38,100
1,<environment.Job instance at 0x7f9139b783c0>,71,15,[3 8],72,102,117,30,100
1,<environment.Job instance at 0x7f9139b78f00>,73,13,[5 8],74,120,133,46,104
1,<environment.Job instance at 0x7f91394f60f0>,93,17,[5 4],94,129,146,35,117
1,<environment.Job instance at 0x7f91395da370>,18,13,[5 4],19,133,146,114,119
1,<environment.Job instance at 0x7f91394f6cd0>,94,19,[5 8],95,146,165,51,136
1,<environment.Job instance at 0x7f91394f62d0>,98,13,[6 5],99,146,159,47,141
1,<environment.Job instance at 0x7f91394f6870>,103,17,[5 8],104,165,182,61,153
1,<environment.Job instance at 0x7f9139081be0>,127,20,[9 5],128,159,179,31,155
1,<environment.Job instance at 0x7f9139081960>,128,16,[4 9],129,182,198,53,169
1,<environment.Job instance at 0x7f91390815f0>,130,14,[5 4],131,179,193,48,169
1,<environment.Job instance at 0x7f9138953730>,0,23,[4 5],1,1,24,0,1
1,<environment.Job instance at 0x7f91389903c0>,2,2,[10  4],3,3,5,0,3
1,<environment.Job instance at 0x7f9138f03910>,6,1,[4 9],7,7,8,0,7
1,<environment.Job instance at 0x7f913877c0a0>,8,22,[2 7],9,9,31,0,9
1,<environment.Job instance at 0x7f913877ceb0>,9,13,[9 5],10,24,37,14,10
1,<environment.Job instance at 0x7f913877c690>,10,15,[ 4 10],11,31,46,20,17
1,<environment.Job instance at 0x7f9138781d20>,15,3,[6 5],16,37,40,21,17
1,<environment.Job instance at 0x7f913877c370>,13,18,[ 2 10],14,46,64,32,35
1,<environment.Job instance at 0x7f91387813c0>,18,15,[3 9],19,64,79,45,50
1,<environment.Job instance at 0x7f913944ca00>,20,12,[5 4],21,50,62,29,50
1,<environment.Job instance at 0x7f913872bb40>,22,13,[8 3],23,62,75,39,50
1,<environment.Job instance at 0x7f913872b550>,29,12,[6 5],30,75,87,45,58
1,<environment.Job instance at 0x7f913872bb90>,30,21,[1 7],31,79,100,48,71
1,<environment.Job instance at 0x7f9139fdef00>,31,3,[7 3],32,79,82,47,71
1,<environment.Job instance at 0x7f913877c6e0>,14,18,[13  2],15,87,105,72,76
1,<environment.Job instance at 0x7f9139fde820>,33,12,[5 3],34,105,117,71,88
1,<environment.Job instance at 0x7f91389536e0>,1,17,[8 5],2,105,122,103,93
1,<environment.Job instance at 0x7f91388525f0>,35,25,[5 5],36,117,142,81,113
1,<environment.Job instance at 0x7f9138852280>,36,26,[8 5],37,122,148,85,119
1,<environment.Job instance at 0x7f9138852410>,37,3,[4 5],38,142,145,104,119
1,<environment.Job instance at 0x7f9138852550>,38,20,[ 1 10],39,145,165,106,136
1,<environment.Job instance at 0x7f9138852320>,39,3,[ 2 13],40,165,168,125,139
1,<environment.Job instance at 0x7f91388526e0>,40,22,[4 9],41,168,190,127,161
1,<environment.Job instance at 0x7f9139367500>,32,20,[8 5],33,176,196,143,176
1,<environment.Job instance at 0x7f9138852640>,41,23,[2 9],42,190,213,148,184
1,<environment.Job instance at 0x7f91388525a0>,43,14,[7 2],44,196,210,152,184
1,<environment.Job instance at 0x7f91390cc9b0>,0,25,[ 5 12],1,1,26,0,1
1,<environment.Job instance at 0x7f913976a820>,2,2,[14  2],3,26,28,23,4
1,<environment.Job instance at 0x7f91399096e0>,3,16,[9 4],4,28,44,24,15
1,<environment.Job instance at 0x7f9139f2ffa0>,7,13,[ 2 10],8,28,41,20,15
1,<environment.Job instance at 0x7f9139f2f8c0>,9,14,[6 2],10,41,55,31,26
1,<environment.Job instance at 0x7f9139d8d4b0>,10,13,[6 5],11,44,57,33,28
1,<environment.Job instance at 0x7f91390cc410>,1,13,[5 4],2,55,68,53,39
1,<environment.Job instance at 0x7f9139f24b40>,16,21,[7 4],17,57,78,40,49
1,<environment.Job instance at 0x7f9138c14aa0>,20,16,[9 5],21,78,94,57,65
1,<environment.Job instance at 0x7f9139e87730>,25,13,[9 3],26,94,107,68,78
1,<environment.Job instance at 0x7f9139faa1e0>,27,20,[7 3],28,107,127,79,98
1,<environment.Job instance at 0x7f9138f6c280>,28,12,[ 3 10],29,98,110,69,98
1,<environment.Job instance at 0x7f91393fa6e0>,33,16,[10  4],34,127,143,93,114
1,<environment.Job instance at 0x7f9139ea8af0>,36,17,[7 1],37,143,160,106,131
1,<environment.Job instance at 0x7f9139ea8910>,37,15,[2 8],38,131,146,93,131
1,<environment.Job instance at 0x7f91398d0a00>,41,17,[9 5],42,160,177,118,148
1,<environment.Job instance at 0x7f9139f429b0>,43,18,[7 3],44,177,195,133,166
1,<environment.Job instance at 0x7f9142630280>,45,18,[1 5],46,166,184,120,166
1,<environment.Job instance at 0x7f9142630050>,47,16,[ 2 10],48,184,200,136,171
1,<environment.Job instance at 0x7f91393e2c30>,48,18,[3 9],49,200,218,151,189
1,<environment.Job instance at 0x7f91393e2a50>,49,15,[5 5],50,195,210,145,189
1,<environment.Job instance at 0x7f9138fc3c30>,0,24,[5 2],1,1,25,0,1
1,<environment.Job instance at 0x7f91393e2a50>,2,1,[ 4 12],3,3,4,0,3
1,<environment.Job instance at 0x7f9138c3a730>,3,21,[5 2],4,4,25,0,4
1,<environment.Job instance at 0x7f9138c3a460>,4,19,[3 5],5,5,24,0,5
1,<environment.Job instance at 0x7f9138c3a410>,5,3,[8 4],6,25,28,19,6
1,<environment.Job instance at 0x7f9138fc3cd0>,1,22,[1 5],2,8,30,6,8
1,<environment.Job instance at 0x7f9138c3ad20>,11,1,[10  3],12,28,29,16,12
1,<environment.Job instance at 0x7f9138c3a550>,6,16,[1 7],7,28,44,21,15
1,<environment.Job instance at 0x7f9138bd2d20>,19,16,[6 3],20,29,45,9,20
1,<environment.Job instance at 0x7f9138bd2e10>,22,14,[3 7],23,44,58,21,30
1,<environment.Job instance at 0x7f9138bd2c80>,23,15,[4 7],24,45,60,21,33
1,<environment.Job instance at 0x7f9138bd2a00>,24,14,[8 2],25,58,72,33,43
1,<environment.Job instance at 0x7f9138bd2af0>,25,18,[4 9],26,60,78,34,50
1,<environment.Job instance at 0x7f9139a05550>,31,15,[9 5],32,72,87,40,58
1,<environment.Job instance at 0x7f9138c91230>,48,17,[3 5],49,78,95,29,66
1,<environment.Job instance at 0x7f9138c91820>,49,17,[5 8],50,87,104,37,76
1,<environment.Job instance at 0x7f9138c91190>,50,14,[7 5],51,95,109,44,80
1,<environment.Job instance at 0x7f9138c91640>,58,16,[5 5],59,104,120,45,91
1,<environment.Job instance at 0x7f9138c913c0>,62,16,[4 6],63,109,125,46,96
1,<environment.Job instance at 0x7f913940ceb0>,64,15,[2 8],65,120,135,55,107
1,<environment.Job instance at 0x7f913940c870>,69,13,[9 4],70,125,138,55,109
1,<environment.Job instance at 0x7f9142b43e10>,73,16,[1 6],74,135,151,61,122
1,<environment.Job instance at 0x7f9142648690>,77,14,[5 5],78,135,149,57,122
1,<environment.Job instance at 0x7f9139450a00>,82,15,[8 2],83,138,153,55,124
1,<environment.Job instance at 0x7f9138c3a140>,12,18,[8 4],13,153,171,140,143
1,<environment.Job instance at 0x7f9139450960>,94,15,[3 7],95,149,164,54,143
1,<environment.Job instance at 0x7f9139450910>,95,15,[6 4],96,164,179,68,150
1,<environment.Job instance at 0x7f913939aa00>,96,15,[7 2],97,171,186,74,157
1,<environment.Job instance at 0x7f9139450d20>,98,15,[8 2],99,179,194,80,165
1,<environment.Job instance at 0x7f9139450870>,99,19,[8 2],100,194,213,94,184
1,<environment.Job instance at 0x7f9138c3a640>,13,25,[5 8],14,186,211,172,184
1,<environment.Job instance at 0x7f91399772d0>,108,2,[8 4],109,213,215,104,186
1,<environment.Job instance at 0x7f91390994b0>,110,3,[6 3],111,211,214,100,186
1,<environment.Job instance at 0x7f9139044870>,0,15,[6 1],1,1,16,0,1
1,<environment.Job instance at 0x7f91399bddc0>,5,15,[1 8],6,7,22,1,7
1,<environment.Job instance at 0x7f91399bd3c0>,8,12,[4 7],9,16,28,7,9
1,<environment.Job instance at 0x7f91399bdaa0>,10,18,[5 6],11,22,40,11,12
1,<environment.Job instance at 0x7f91399bdd20>,6,20,[4 7],7,28,48,21,19
1,<environment.Job instance at 0x7f91399bd280>,14,16,[13  2],15,48,64,33,35
1,<environment.Job instance at 0x7f91399bd410>,15,20,[1 6],16,40,60,24,35
1,<environment.Job instance at 0x7f91399bdeb0>,13,14,[ 4 10],14,64,78,50,49
1,<environment.Job instance at 0x7f91399bdf00>,22,15,[9 4],23,64,79,41,50
1,<environment.Job instance at 0x7f913882ddc0>,25,14,[7 3],26,79,93,53,64
1,<environment.Job instance at 0x7f913882df50>,26,18,[2 8],27,78,96,51,67
1,<environment.Job instance at 0x7f913882db40>,29,22,[10  4],30,93,115,63,86
1,<environment.Job instance at 0x7f913882d6e0>,30,22,[1 5],31,96,118,65,89
1,<environment.Job instance at 0x7f913882dc80>,32,13,[6 2],33,115,128,82,99
1,<environment.Job instance at 0x7f91399bd8c0>,16,18,[3 8],17,115,133,98,104
1,<environment.Job instance at 0x7f913882d0f0>,36,2,[ 1 10],37,133,135,96,106
1,<environment.Job instance at 0x7f913882d230>,37,1,[4 7],38,128,129,90,106
1,<environment.Job instance at 0x7f913882dfa0>,38,3,[13  3],39,133,136,94,107
1,<environment.Job instance at 0x7f913882d9b0>,39,15,[8 4],40,136,151,96,122
1,<environment.Job instance at 0x7f913882d460>,40,18,[7 3],41,136,154,95,125
1,<environment.Job instance at 0x7f913882dd20>,35,18,[ 2 10],36,151,169,115,140
1,<environment.Job instance at 0x7f913882de60>,42,14,[7 2],43,154,168,111,140
1,<environment.Job instance at 0x7f913882d0a0>,43,21,[1 7],44,169,190,125,161
1,<environment.Job instance at 0x7f913882dc30>,44,18,[4 5],45,168,186,123,161
1,<environment.Job instance at 0x7f913882d280>,46,15,[ 3 10],47,190,205,143,176
1,<environment.Job instance at 0x7f913882d960>,47,12,[10  1],48,176,188,128,176
1,<environment.Job instance at 0x7f913882daf0>,48,12,[4 6],49,205,217,156,188
1,<environment.Job instance at 0x7f91389ea690>,2,23,[3 7],3,3,26,0,3
1,<environment.Job instance at 0x7f91389eaa50>,3,13,[6 1],4,4,17,0,4
1,<environment.Job instance at 0x7f91389ea5a0>,6,12,[7 4],7,17,29,10,7
1,<environment.Job instance at 0x7f91389ea460>,9,12,[2 9],10,26,38,16,12
1,<environment.Job instance at 0x7f913885ed70>,12,15,[2 9],13,38,53,25,24
1,<environment.Job instance at 0x7f913885e0f0>,10,3,[5 1],11,32,35,21,32
1,<environment.Job instance at 0x7f913885eeb0>,14,18,[1 9],15,53,71,38,42
1,<environment.Job instance at 0x7f913885ee60>,16,21,[10  3],17,42,63,25,42
1,<environment.Job instance at 0x7f913885ef50>,18,14,[4 9],19,71,85,52,56
1,<environment.Job instance at 0x7f913885e870>,19,17,[9 1],20,63,80,43,56
1,<environment.Job instance at 0x7f913885ebe0>,20,21,[2 5],21,63,84,42,56
1,<environment.Job instance at 0x7f913885e0a0>,22,20,[5 4],23,84,104,61,75
1,<environment.Job instance at 0x7f9138cd5a50>,23,20,[5 8],24,85,105,61,77
1,<environment.Job instance at 0x7f9138cd5370>,33,21,[4 5],34,104,125,70,96
1,<environment.Job instance at 0x7f9138cd5910>,37,13,[7 3],38,105,118,67,96
1,<environment.Job instance at 0x7f9138cd5f50>,40,12,[3 8],41,118,130,77,101
1,<environment.Job instance at 0x7f9138bb4c30>,42,21,[5 8],43,130,151,87,122
1,<environment.Job instance at 0x7f9138bb4910>,44,19,[2 5],45,125,144,80,122
1,<environment.Job instance at 0x7f9138bb4320>,46,12,[3 7],47,144,156,97,127
1,<environment.Job instance at 0x7f9138bb4280>,47,17,[1 7],48,151,168,103,139
1,<environment.Job instance at 0x7f9138bb4820>,49,20,[8 2],50,156,176,106,148
1,<environment.Job instance at 0x7f9138bb4460>,52,16,[8 3],53,176,192,123,163
1,<environment.Job instance at 0x7f913976c500>,55,13,[ 4 10],56,168,181,112,163
1,<environment.Job instance at 0x7f913976cb90>,56,15,[10  3],57,192,207,135,178
1,<environment.Job instance at 0x7f913976c730>,59,19,[3 9],60,181,200,121,178
1,<environment.Job instance at 0x7f913976c0f0>,2,3,[10  4],3,3,6,0,3
1,<environment.Job instance at 0x7f9139cbde10>,4,1,[4 7],5,5,6,0,5
1,<environment.Job instance at 0x7f9139cbdfa0>,7,2,[5 7],8,8,10,0,8
1,<environment.Job instance at 0x7f9139bd20f0>,10,2,[ 3 14],11,11,13,0,11
1,<environment.Job instance at 0x7f9139bd2280>,11,1,[ 5 14],12,13,14,1,12
1,<environment.Job instance at 0x7f9139bd2550>,13,13,[11  4],14,14,27,0,14
1,<environment.Job instance at 0x7f9139bd2370>,14,16,[6 3],15,27,43,12,15
1,<environment.Job instance at 0x7f9139bd26e0>,15,16,[6 5],16,27,43,11,16
1,<environment.Job instance at 0x7f9139bd25a0>,21,28,[3 6],22,22,50,0,22
1,<environment.Job instance at 0x7f9139bd2a50>,20,17,[6 1],21,43,60,22,31
1,<environment.Job instance at 0x7f9139bd2b90>,24,16,[7 3],25,50,66,25,37
1,<environment.Job instance at 0x7f9139bd2f50>,28,21,[5 2],29,60,81,31,52
1,<environment.Job instance at 0x7f9139bbf370>,34,14,[3 7],35,60,74,25,52
1,<environment.Job instance at 0x7f9139bbf410>,35,15,[2 9],36,74,89,38,60
1,<environment.Job instance at 0x7f9139bbf4b0>,36,3,[4 8],37,89,92,52,63
1,<environment.Job instance at 0x7f9139bbf7d0>,39,16,[5 7],40,89,105,49,76
1,<environment.Job instance at 0x7f9139bd29b0>,19,14,[1 6],20,92,106,72,77
1,<environment.Job instance at 0x7f9139bbfc30>,46,14,[5 5],47,105,119,58,92
1,<environment.Job instance at 0x7f9139bd2af0>,22,17,[ 4 10],23,106,123,83,94
1,<environment.Job instance at 0x7f9139bd2870>,17,18,[7 3],18,119,137,101,108
1,<environment.Job instance at 0x7f9139bbfe10>,49,12,[7 2],50,123,135,73,108
1,<environment.Job instance at 0x7f9139bbffa0>,51,3,[ 1 14],52,137,140,85,111
1,<environment.Job instance at 0x7f9139bbff50>,52,1,[ 2 13],53,140,141,87,112
1,<environment.Job instance at 0x7f9139bbd2d0>,53,27,[9 4],54,141,168,87,139
1,<environment.Job instance at 0x7f9139bbfcd0>,47,12,[1 8],48,155,167,107,155
1,<environment.Job instance at 0x7f9139bbd370>,54,20,[14  4],55,168,188,113,159
1,<environment.Job instance at 0x7f9139bbd550>,57,1,[13  4],58,188,189,130,160
1,<environment.Job instance at 0x7f9139bbd5f0>,58,1,[5 9],59,167,168,108,160
1,<environment.Job instance at 0x7f9139bbd690>,59,2,[ 5 11],60,189,191,129,162
1,<environment.Job instance at 0x7f9139bbd7d0>,60,25,[9 4],61,189,214,128,185
1,<environment.Job instance at 0x7f9139bbd870>,61,12,[2 9],62,191,203,129,185
1,<environment.Job instance at 0x7f9139bbd910>,62,13,[2 8],63,203,216,140,187
1,<environment.Job instance at 0x7f9139697370>,0,18,[5 2],1,1,19,0,1
1,<environment.Job instance at 0x7f9139bbd910>,2,18,[5 4],3,3,21,0,3
1,<environment.Job instance at 0x7f9139697be0>,3,3,[6 4],4,19,22,15,4
1,<environment.Job instance at 0x7f9139697690>,4,15,[6 1],5,21,36,16,7
1,<environment.Job instance at 0x7f9139697960>,8,14,[5 5],9,22,36,13,9
1,<environment.Job instance at 0x7f91396974b0>,14,3,[ 4 14],15,36,39,21,16
1,<environment.Job instance at 0x7f9139697c80>,7,12,[10  3],8,39,51,31,25
1,<environment.Job instance at 0x7f9139697550>,13,15,[5 9],14,39,54,25,25
1,<environment.Job instance at 0x7f9139665f00>,24,3,[5 4],25,51,54,26,25
1,<environment.Job instance at 0x7f9139665140>,25,17,[7 4],26,54,71,28,42
1,<environment.Job instance at 0x7f9139665500>,29,19,[1 7],30,54,73,24,44
1,<environment.Job instance at 0x7f9139665c80>,30,15,[5 2],31,51,66,20,44
1,<environment.Job instance at 0x7f9139665050>,33,13,[5 2],34,66,79,32,50
1,<environment.Job instance at 0x7f9139339e10>,35,15,[7 4],36,71,86,35,57
1,<environment.Job instance at 0x7f91393393c0>,36,15,[2 8],37,73,88,36,59
1,<environment.Job instance at 0x7f9139339500>,37,16,[3 8],38,88,104,50,75
1,<environment.Job instance at 0x7f9139fa6b90>,43,18,[8 4],44,86,104,42,75
1,<environment.Job instance at 0x7f9138e2a910>,46,16,[5 5],47,104,120,57,91
1,<environment.Job instance at 0x7f9138e2a050>,47,18,[1 5],48,104,122,56,93
1,<environment.Job instance at 0x7f9138721190>,50,14,[8 3],51,104,118,53,93
1,<environment.Job instance at 0x7f9138721640>,51,14,[4 7],52,120,134,68,105
1,<environment.Job instance at 0x7f91396973c0>,15,16,[5 2],16,118,134,102,106
1,<environment.Job instance at 0x7f9138721af0>,52,22,[5 1],53,120,142,67,114
1,<environment.Job instance at 0x7f9138721460>,54,14,[5 3],55,134,148,79,119
1,<environment.Job instance at 0x7f9138721820>,57,15,[ 5 10],58,134,149,76,120
1,<environment.Job instance at 0x7f9138721b40>,59,19,[7 5],60,148,167,88,138
1,<environment.Job instance at 0x7f9138721960>,60,17,[6 4],61,149,166,88,138
1,<environment.Job instance at 0x7f9138721140>,63,17,[10  1],64,167,184,103,155
1,<environment.Job instance at 0x7f91396650f0>,16,17,[ 1 14],17,167,184,150,157
1,<environment.Job instance at 0x7f9138721d20>,64,17,[10  1],65,184,201,119,172
1,<environment.Job instance at 0x7f9138721b90>,67,13,[7 4],68,201,214,133,185
1,<environment.Job instance at 0x7f913879efa0>,71,16,[7 3],72,201,217,129,188
1,<environment.Job instance at 0x7f913a03bdc0>,1,2,[8 3],2,2,4,0,2
1,<environment.Job instance at 0x7f913a03b320>,2,1,[3 9],3,3,4,0,3
1,<environment.Job instance at 0x7f913a03b500>,0,26,[6 1],1,4,30,3,4
1,<environment.Job instance at 0x7f913a03bf00>,4,16,[2 8],5,5,21,0,5
1,<environment.Job instance at 0x7f913a03b410>,7,13,[13  1],8,30,43,22,14
1,<environment.Job instance at 0x7f91397a4a50>,13,12,[11  3],14,43,55,29,26
1,<environment.Job instance at 0x7f913a03b910>,12,2,[8 4],13,28,30,15,28
1,<environment.Job instance at 0x7f91397a4780>,15,3,[8 3],16,55,58,39,29
1,<environment.Job instance at 0x7f913a03b5f0>,9,1,[8 3],10,58,59,48,30
1,<environment.Job instance at 0x7f91397a4c80>,16,14,[2 7],17,30,44,13,30
1,<environment.Job instance at 0x7f91397a4280>,14,13,[6 4],15,55,68,40,39
1,<environment.Job instance at 0x7f9139ca0b40>,20,2,[2 7],21,44,46,23,39
1,<environment.Job instance at 0x7f9139ca0c30>,18,13,[1 5],19,43,56,24,39
1,<environment.Job instance at 0x7f9139ca02d0>,23,12,[9 3],24,59,71,35,47
1,<environment.Job instance at 0x7f9139ca0500>,19,18,[8 1],20,71,89,51,60
1,<environment.Job instance at 0x7f9139ca0910>,21,17,[2 9],22,68,85,46,60
1,<environment.Job instance at 0x7f9138e5baf0>,29,16,[5 6],30,85,101,55,72
1,<environment.Job instance at 0x7f9138e5bdc0>,36,14,[9 2],37,89,103,52,74
1,<environment.Job instance at 0x7f9138e5b050>,38,12,[5 5],39,101,113,62,84
1,<environment.Job instance at 0x7f9138c558c0>,43,19,[6 4],44,103,122,59,93
1,<environment.Job instance at 0x7f9138e5b960>,35,12,[3 9],36,113,125,77,98
1,<environment.Job instance at 0x7f9138c551e0>,45,20,[8 5],46,122,142,76,113
1,<environment.Job instance at 0x7f91391cac80>,48,17,[7 5],49,125,142,76,113
1,<environment.Job instance at 0x7f91391ca0a0>,52,12,[5 3],53,142,154,89,125
1,<environment.Job instance at 0x7f91391cafa0>,53,13,[6 2],54,142,155,88,126
1,<environment.Job instance at 0x7f91391ca460>,56,16,[2 9],57,142,158,85,129
1,<environment.Job instance at 0x7f91391ca0f0>,57,16,[1 8],58,158,174,100,145
1,<environment.Job instance at 0x7f91391ca3c0>,58,15,[9 3],59,155,170,96,145
1,<environment.Job instance at 0x7f91391ca730>,59,15,[4 8],60,174,189,114,160
1,<environment.Job instance at 0x7f91396a50f0>,64,15,[2 9],65,189,204,124,175
1,<environment.Job instance at 0x7f91396a5a00>,68,13,[5 6],69,175,188,106,175
1,<environment.Job instance at 0x7f91396a5b40>,70,20,[6 3],71,188,208,117,179
1,<environment.Job instance at 0x7f91396a54b0>,71,12,[5 6],72,204,216,132,187
1,<environment.Job instance at 0x7f9139a05c30>,0,15,[6 5],1,1,16,0,1
1,<environment.Job instance at 0x7f913915cd70>,1,12,[2 6],2,2,14,0,2
1,<environment.Job instance at 0x7f9138b85280>,3,1,[ 1 12],4,16,17,12,5
1,<environment.Job instance at 0x7f91391240a0>,5,17,[5 5],6,17,34,11,6
1,<environment.Job instance at 0x7f9139124fa0>,4,15,[5 6],5,17,32,12,11
1,<environment.Job instance at 0x7f9139176e10>,9,14,[5 8],10,32,46,22,19
1,<environment.Job instance at 0x7f9139176500>,10,14,[1 5],11,34,48,23,22
1,<environment.Job instance at 0x7f9139176dc0>,15,14,[5 4],16,46,60,30,31
1,<environment.Job instance at 0x7f9139124d70>,6,26,[3 5],7,46,72,39,43
1,<environment.Job instance at 0x7f9138ccc4b0>,18,3,[1 6],19,48,51,29,44
1,<environment.Job instance at 0x7f9138ccc6e0>,19,3,[2 8],20,60,63,40,45
1,<environment.Job instance at 0x7f9138ccc730>,20,13,[9 2],21,60,73,39,47
1,<environment.Job instance at 0x7f9138ccc960>,23,1,[6 1],24,51,52,27,48
1,<environment.Job instance at 0x7f9138ccca00>,24,14,[ 5 11],25,72,86,47,57
1,<environment.Job instance at 0x7f9139124f00>,7,13,[ 1 11],8,86,99,78,70
1,<environment.Job instance at 0x7f9138ccc410>,17,12,[3 7],18,99,111,81,82
1,<environment.Job instance at 0x7f9138cccbe0>,27,16,[1 7],28,99,115,71,87
1,<environment.Job instance at 0x7f9138ccc640>,34,17,[8 5],35,111,128,76,99
1,<environment.Job instance at 0x7f9138eda550>,41,14,[5 1],42,100,114,58,100
1,<environment.Job instance at 0x7f9138eda960>,45,16,[1 8],46,115,131,69,102
1,<environment.Job instance at 0x7f9138edae60>,51,18,[7 4],52,128,146,76,117
1,<environment.Job instance at 0x7f9138edaa00>,54,14,[10  2],55,146,160,91,131
1,<environment.Job instance at 0x7f9138ef6370>,58,13,[7 2],59,132,145,73,132
1,<environment.Job instance at 0x7f9138ef6410>,59,17,[5 3],60,145,162,85,133
1,<environment.Job instance at 0x7f9138ef64b0>,60,21,[3 5],61,160,181,99,152
1,<environment.Job instance at 0x7f9138ef6550>,61,13,[2 9],62,162,175,100,152
1,<environment.Job instance at 0x7f9138ef6690>,63,17,[8 4],64,175,192,111,163
1,<environment.Job instance at 0x7f9138ef6730>,64,15,[4 8],65,181,196,116,167
1,<environment.Job instance at 0x7f9138ef67d0>,65,16,[3 6],66,192,208,126,179
1,<environment.Job instance at 0x7f9138ef6a50>,69,13,[5 1],70,192,205,122,180
1,<environment.Job instance at 0x7f9138ef6190>,70,16,[6 2],71,196,212,125,183
1,<environment.Job instance at 0x7f91398a2a00>,0,13,[2 8],1,1,14,0,1
1,<environment.Job instance at 0x7f9138ef6be0>,1,1,[13  2],2,3,4,1,3
1,<environment.Job instance at 0x7f91398a2780>,3,23,[3 6],4,4,27,0,4
1,<environment.Job instance at 0x7f91398a2190>,4,14,[3 8],5,14,28,9,5
1,<environment.Job instance at 0x7f91398a2640>,8,15,[2 8],9,28,43,19,14
1,<environment.Job instance at 0x7f91398a2eb0>,11,12,[4 5],12,27,39,15,14
1,<environment.Job instance at 0x7f91398a2f50>,12,13,[5 6],13,39,52,26,23
1,<environment.Job instance at 0x7f91398a2d20>,13,14,[9 5],14,43,57,29,28
1,<environment.Job instance at 0x7f91389b9500>,18,16,[10  5],19,57,73,38,44
1,<environment.Job instance at 0x7f91389b9190>,20,16,[ 2 10],21,52,68,31,52
1,<environment.Job instance at 0x7f91389b9140>,21,12,[5 4],22,68,80,46,52
1,<environment.Job instance at 0x7f91389b91e0>,23,16,[3 8],24,73,89,49,60
1,<environment.Job instance at 0x7f91389b9af0>,24,15,[7 3],25,73,88,48,60
1,<environment.Job instance at 0x7f91398a2a50>,5,13,[6 5],6,88,101,82,74
1,<environment.Job instance at 0x7f91389b96e0>,27,15,[6 1],28,88,103,60,74
1,<environment.Job instance at 0x7f91389b9370>,29,13,[3 5],30,89,102,59,74
1,<environment.Job instance at 0x7f9138b72a50>,32,16,[4 6],33,101,117,68,88
1,<environment.Job instance at 0x7f91389b93c0>,34,14,[4 7],35,102,116,67,88
1,<environment.Job instance at 0x7f9138ee3820>,37,17,[5 4],38,116,133,78,104
1,<environment.Job instance at 0x7f9138ed7be0>,39,18,[6 5],40,116,134,76,105
1,<environment.Job instance at 0x7f9138ed73c0>,40,14,[10  5],41,134,148,93,119
1,<environment.Job instance at 0x7f9138efdf50>,43,13,[1 7],44,133,146,89,119
1,<environment.Job instance at 0x7f91398a25f0>,9,15,[5 5],10,146,161,136,140
1,<environment.Job instance at 0x7f9138efda00>,44,21,[6 5],45,148,169,103,140
1,<environment.Job instance at 0x7f91398990a0>,46,16,[1 7],47,161,177,114,149
1,<environment.Job instance at 0x7f9139899d20>,48,12,[1 7],49,169,181,120,152
1,<environment.Job instance at 0x7f9139883870>,49,13,[2 5],50,177,190,127,161
1,<environment.Job instance at 0x7f9139883d20>,51,14,[ 5 10],52,181,195,129,166
1,<environment.Job instance at 0x7f9139883960>,55,18,[10  4],56,190,208,134,179
1,<environment.Job instance at 0x7f9139883dc0>,59,20,[5 5],60,195,215,135,186
1,<environment.Job instance at 0x7f9139b8dbe0>,1,12,[9 4],2,2,14,0,2
1,<environment.Job instance at 0x7f9139b8dd20>,0,2,[13  5],1,14,16,13,3
1,<environment.Job instance at 0x7f9139b8d050>,3,3,[12  1],4,16,19,12,4
1,<environment.Job instance at 0x7f9139b8d910>,4,1,[2 7],5,5,6,0,5
1,<environment.Job instance at 0x7f9139b8d690>,5,2,[3 6],6,6,8,0,6
1,<environment.Job instance at 0x7f9139b8d190>,7,14,[7 5],8,19,33,11,10
1,<environment.Job instance at 0x7f91389f0aa0>,13,15,[5 5],14,19,34,5,14
1,<environment.Job instance at 0x7f91389f03c0>,14,14,[ 1 10],15,33,47,18,18
1,<environment.Job instance at 0x7f91389f0b40>,15,15,[3 5],16,18,33,2,18
1,<environment.Job instance at 0x7f91389f0190>,17,18,[3 5],18,34,52,16,23
1,<environment.Job instance at 0x7f91389f0d20>,20,15,[2 9],21,47,62,26,33
1,<environment.Job instance at 0x7f9139b8d2d0>,9,15,[11  5],10,52,67,42,38
1,<environment.Job instance at 0x7f91389f0c80>,22,1,[ 4 10],23,62,63,39,38
1,<environment.Job instance at 0x7f91389f05a0>,21,17,[1 9],22,63,80,41,54
1,<environment.Job instance at 0x7f91389f0910>,23,18,[14  3],24,67,85,43,58
1,<environment.Job instance at 0x7f91389f06e0>,25,12,[ 5 13],26,85,97,59,68
1,<environment.Job instance at 0x7f91389f0320>,26,26,[5 2],27,85,111,58,82
1,<environment.Job instance at 0x7f91389f0230>,27,18,[1 9],28,97,115,69,86
1,<environment.Job instance at 0x7f9139b8de10>,8,23,[10  2],9,111,134,102,106
1,<environment.Job instance at 0x7f91389f04b0>,24,16,[4 9],25,115,131,90,107
1,<environment.Job instance at 0x7f9138c061e0>,31,13,[3 9],32,131,144,99,115
1,<environment.Job instance at 0x7f9138c06fa0>,32,14,[6 2],33,134,148,101,119
1,<environment.Job instance at 0x7f91389f0b90>,29,15,[6 4],30,134,149,104,122
1,<environment.Job instance at 0x7f9138c06cd0>,34,16,[6 1],35,148,164,113,135
1,<environment.Job instance at 0x7f9138c062d0>,36,18,[1 6],37,144,162,107,135
1,<environment.Job instance at 0x7f9138c06460>,41,17,[11  4],42,164,181,122,152
1,<environment.Job instance at 0x7f9138c06780>,42,17,[5 4],43,181,198,138,169
1,<environment.Job instance at 0x7f9138c06050>,43,16,[8 3],44,181,197,137,169
1,<environment.Job instance at 0x7f9138c060f0>,45,14,[5 1],46,197,211,151,182
1,<environment.Job instance at 0x7f9138c06410>,46,15,[8 1],47,198,213,151,184
1,<environment.Job instance at 0x7f9138c063c0>,47,3,[8 4],48,213,216,165,188
1,<environment.Job instance at 0x7f9139f1d910>,0,12,[ 3 10],1,1,13,0,1
1,<environment.Job instance at 0x7f9139f1dd70>,7,13,[3 7],8,13,26,5,8
1,<environment.Job instance at 0x7f9139b92eb0>,8,13,[8 1],9,9,22,0,9
1,<environment.Job instance at 0x7f9139360b90>,9,12,[8 1],10,22,34,12,10
1,<environment.Job instance at 0x7f9139360e10>,10,13,[7 2],11,26,39,15,11
1,<environment.Job instance at 0x7f9139360cd0>,11,3,[9 2],12,39,42,27,13
1,<environment.Job instance at 0x7f9139b92af0>,12,15,[10  3],13,42,57,29,28
1,<environment.Job instance at 0x7f9139360640>,13,16,[5 3],14,34,50,20,28
1,<environment.Job instance at 0x7f9139f1d780>,1,16,[7 3],2,57,73,55,46
1,<environment.Job instance at 0x7f9139360f00>,15,16,[7 3],16,57,73,41,46
1,<environment.Job instance at 0x7f9139f2a9b0>,24,14,[3 9],25,73,87,48,58
1,<environment.Job instance at 0x7f9139360230>,14,15,[4 9],15,87,102,72,74
1,<environment.Job instance at 0x7f913a031820>,26,15,[9 2],27,74,89,47,74
1,<environment.Job instance at 0x7f91396c5410>,27,27,[9 5],28,89,116,61,87
1,<environment.Job instance at 0x7f913991af50>,28,3,[9 2],29,116,119,87,90
1,<environment.Job instance at 0x7f914263a4b0>,29,25,[1 7],30,102,127,72,98
1,<environment.Job instance at 0x7f914263a690>,30,13,[7 5],31,119,132,88,103
1,<environment.Job instance at 0x7f914263a730>,31,3,[11  5],32,132,135,100,106
1,<environment.Job instance at 0x7f9139f1fe60>,32,3,[3 6],33,116,119,83,106
1,<environment.Job instance at 0x7f9138726050>,25,18,[1 9],26,127,145,101,116
1,<environment.Job instance at 0x7f913963cd70>,34,15,[5 6],35,135,150,100,121
1,<environment.Job instance at 0x7f9139a63640>,41,12,[2 8],42,145,157,103,128
1,<environment.Job instance at 0x7f9139a63550>,42,18,[8 2],43,150,168,107,139
1,<environment.Job instance at 0x7f9139a63aa0>,43,15,[1 6],44,157,172,113,143
1,<environment.Job instance at 0x7f91426af0f0>,45,17,[1 7],46,157,174,111,145
1,<environment.Job instance at 0x7f9139729e60>,55,16,[7 4],56,172,188,116,159
1,<environment.Job instance at 0x7f913a033be0>,56,13,[5 9],57,174,187,117,159
1,<environment.Job instance at 0x7f913a033500>,57,15,[2 6],58,187,202,129,173
1,<environment.Job instance at 0x7f913a033e60>,58,13,[3 5],59,187,200,128,173
