iteration,job object,job ID,job Length,job ressource requirement,job enter time,job start time,job finish time,job waiting time,current time
1,<environment.Job instance at 0x146fce6f09b0>,1,13,[2 8],2,4,17,2,4
1,<environment.Job instance at 0x146fcdeab1e0>,0,1,[2 5],1,1,2,0,1
1,<environment.Job instance at 0x146fcdeab190>,1,17,[6 1],3,3,20,0,3
1,<environment.Job instance at 0x146fcc5fad20>,4,2,[2 7],6,10,12,4,10
1,<environment.Job instance at 0x146fcc5f5f00>,2,1,[2 7],3,3,4,0,3
1,<environment.Job instance at 0x146fcc5fae60>,4,2,[1 8],5,5,7,0,5
1,<environment.Job instance at 0x146fcd277be0>,5,3,[10  2],8,8,11,0,8
1,<environment.Job instance at 0x146f96f9a730>,6,18,[8 1],7,7,25,0,7
1,<environment.Job instance at 0x146f96f9ceb0>,2,3,[1 8],3,10,13,7,10
1,<environment.Job instance at 0x146f96302190>,0,1,[2 5],1,1,2,0,1
1,<environment.Job instance at 0x146f96302140>,1,17,[6 1],3,3,20,0,3
1,<environment.Job instance at 0x146f9652bbe0>,3,1,[2 7],5,7,8,2,7
1,<environment.Job instance at 0x146f96579eb0>,4,2,[2 7],6,10,12,4,10
1,<environment.Job instance at 0x146f965278c0>,1,3,[2 9],2,3,6,1,3
1,<environment.Job instance at 0x146fcdcea190>,4,2,[1 8],5,6,8,1,5
1,<environment.Job instance at 0x146f954db4b0>,6,18,[8 1],7,7,25,0,7
1,<environment.Job instance at 0x146f9602b0a0>,5,2,[ 1 10],8,10,12,2,10
1,<environment.Job instance at 0x146f954dbd20>,1,17,[6 1],3,4,21,1,4
1,<environment.Job instance at 0x146f95f01f00>,5,3,[6 1],9,21,24,12,15
1,<environment.Job instance at 0x146f96252780>,2,2,[2 8],4,5,7,1,5
1,<environment.Job instance at 0x146fcc216be0>,4,2,[2 7],6,7,9,1,6
1,<environment.Job instance at 0x146fcc216c30>,3,1,[2 7],5,9,10,4,8
1,<environment.Job instance at 0x146f954c90a0>,1,12,[ 1 10],2,10,22,8,8
1,<environment.Job instance at 0x146fcc464c30>,1,3,[2 9],2,2,5,0,2
1,<environment.Job instance at 0x146fcdbdfa00>,4,2,[1 8],5,9,11,4,9
1,<environment.Job instance at 0x146fcf453a00>,6,18,[8 1],7,7,25,0,7
1,<environment.Job instance at 0x146f9708cb90>,5,2,[ 1 10],8,13,15,5,13
1,<environment.Job instance at 0x146f96f02460>,0,1,[2 5],1,1,2,0,1
1,<environment.Job instance at 0x146f96f02e60>,1,17,[6 1],3,3,20,0,3
1,<environment.Job instance at 0x146f961032d0>,3,1,[2 7],5,6,7,1,6
1,<environment.Job instance at 0x146fcf4ba370>,5,2,[2 7],7,9,11,2,9
1,<environment.Job instance at 0x146fcdbb5500>,1,3,[2 9],2,2,5,0,2
1,<environment.Job instance at 0x146fcec7c190>,0,3,[9 2],1,5,8,4,3
1,<environment.Job instance at 0x146fcc794690>,4,2,[1 8],5,11,13,6,11
1,<environment.Job instance at 0x146f95255190>,6,18,[8 1],7,7,25,0,7
1,<environment.Job instance at 0x146fcd319a00>,0,1,[2 5],1,1,2,0,1
1,<environment.Job instance at 0x146fcc887e10>,1,17,[6 1],3,3,20,0,3
1,<environment.Job instance at 0x146fcecee370>,3,1,[2 7],5,6,7,1,6
1,<environment.Job instance at 0x146fcecee0f0>,5,2,[2 7],7,10,12,3,10
1,<environment.Job instance at 0x146fcecee0a0>,6,16,[10  2],9,14,30,5,14
1,<environment.Job instance at 0x146fce9d2780>,0,3,[9 2],1,3,6,2,3
1,<environment.Job instance at 0x146fce9d2c80>,4,2,[1 8],5,11,13,6,11
1,<environment.Job instance at 0x146f95a685a0>,0,12,[2 5],1,1,13,0,1
1,<environment.Job instance at 0x146f96e06870>,6,18,[8 1],7,7,25,0,7
1,<environment.Job instance at 0x146f97286b40>,0,1,[2 5],1,1,2,0,1
1,<environment.Job instance at 0x146f97286640>,1,17,[6 1],3,3,20,0,3
1,<environment.Job instance at 0x146f94d5a460>,5,3,[6 1],9,20,23,11,14
1,<environment.Job instance at 0x146f94d5a8c0>,4,2,[2 7],6,6,8,0,6
1,<environment.Job instance at 0x146fcc8850a0>,5,2,[2 7],7,8,10,1,8
1,<environment.Job instance at 0x146fcc8858c0>,6,16,[10  2],9,10,26,1,9
1,<environment.Job instance at 0x146fcd04f780>,0,3,[9 2],1,3,6,2,3
1,<environment.Job instance at 0x146fcd04f500>,2,1,[2 7],3,6,7,3,4
1,<environment.Job instance at 0x146fcd04f1e0>,5,3,[10  2],8,9,12,1,9
1,<environment.Job instance at 0x146fcd8fe050>,0,12,[2 5],1,1,13,0,1
1,<environment.Job instance at 0x146f95f48730>,4,2,[7 2],5,7,9,2,7
1,<environment.Job instance at 0x146f95f48410>,6,18,[8 1],7,9,27,2,7
1,<environment.Job instance at 0x146f95f48af0>,7,1,[2 6],8,13,14,5,8
1,<environment.Job instance at 0x146f971b2eb0>,0,2,[6 1],1,2,4,1,2
1,<environment.Job instance at 0x146fcdae0370>,2,3,[1 8],3,3,6,0,3
1,<environment.Job instance at 0x146f95f95c80>,4,2,[8 1],7,8,10,1,8
1,<environment.Job instance at 0x146fcc2f2a00>,0,1,[2 5],1,4,5,3,4
1,<environment.Job instance at 0x146f959a1730>,5,3,[6 1],9,16,19,7,16
1,<environment.Job instance at 0x146fceb70190>,0,2,[8 1],1,3,5,2,3
1,<environment.Job instance at 0x146f94e3d280>,1,12,[ 1 10],2,5,17,3,4
1,<environment.Job instance at 0x146fce31baf0>,2,2,[2 8],4,17,19,13,6
1,<environment.Job instance at 0x146f949aa7d0>,4,2,[2 7],6,19,21,13,7
1,<environment.Job instance at 0x146f94a2b870>,3,1,[2 7],5,21,22,16,8
1,<environment.Job instance at 0x146f959a1730>,5,2,[2 7],7,22,24,15,8
1,<environment.Job instance at 0x146f95679b40>,0,3,[9 2],1,2,5,1,2
1,<environment.Job instance at 0x146f96a68f00>,4,2,[1 8],5,9,11,4,9
1,<environment.Job instance at 0x146fceb35460>,0,12,[2 5],1,1,13,0,1
1,<environment.Job instance at 0x146f95f5f7d0>,2,1,[2 5],3,3,4,0,3
1,<environment.Job instance at 0x146f94c435a0>,6,18,[8 1],7,7,25,0,7
1,<environment.Job instance at 0x146f952070a0>,0,2,[6 1],1,3,5,2,3
1,<environment.Job instance at 0x146fcc4b6dc0>,3,3,[1 8],4,4,7,0,4
1,<environment.Job instance at 0x146fcc7c5460>,0,1,[2 5],1,1,2,0,1
1,<environment.Job instance at 0x146fcc7c5910>,1,17,[6 1],3,3,20,0,3
1,<environment.Job instance at 0x146f953e3aa0>,3,1,[2 7],5,6,7,1,6
1,<environment.Job instance at 0x146f953e3be0>,5,2,[2 7],7,8,10,1,8
1,<environment.Job instance at 0x146f953e3870>,6,16,[10  2],9,10,26,1,9
1,<environment.Job instance at 0x146f963d0b40>,2,1,[2 7],3,3,4,0,3
1,<environment.Job instance at 0x146f963d05a0>,1,3,[2 9],2,4,7,2,4
1,<environment.Job instance at 0x146f9643af50>,0,12,[2 5],1,1,13,0,1
1,<environment.Job instance at 0x146f94971f50>,2,1,[2 5],3,3,4,0,3
1,<environment.Job instance at 0x146f940edeb0>,6,18,[8 1],7,7,25,0,7
1,<environment.Job instance at 0x146f94cb79b0>,0,2,[6 1],1,4,6,3,4
1,<environment.Job instance at 0x146f96103dc0>,5,2,[ 1 10],8,9,11,1,9
1,<environment.Job instance at 0x146f9579dbe0>,0,1,[2 5],1,1,2,0,1
1,<environment.Job instance at 0x146f9579dd20>,1,17,[6 1],3,3,20,0,3
1,<environment.Job instance at 0x146f94d72eb0>,3,1,[2 7],5,10,11,5,10
1,<environment.Job instance at 0x146fcd4c4fa0>,0,3,[9 2],1,2,5,1,2
1,<environment.Job instance at 0x146fcd4c4050>,2,1,[2 7],3,5,6,2,3
1,<environment.Job instance at 0x146f95f6e6e0>,0,12,[2 5],1,1,13,0,1
1,<environment.Job instance at 0x146f96736230>,2,1,[2 5],3,3,4,0,3
1,<environment.Job instance at 0x146fcd17e230>,6,18,[8 1],7,7,25,0,7
1,<environment.Job instance at 0x146fcd5c5370>,2,3,[1 8],3,3,6,0,3
1,<environment.Job instance at 0x146f94e335a0>,5,2,[ 1 10],8,9,11,1,9
1,<environment.Job instance at 0x146fce56a230>,0,1,[2 5],1,1,2,0,1
1,<environment.Job instance at 0x146fce56ad70>,1,17,[6 1],3,3,20,0,3
1,<environment.Job instance at 0x146fce458780>,0,2,[8 1],1,2,4,1,2
1,<environment.Job instance at 0x146fccf00550>,6,16,[10  2],9,9,25,0,9
1,<environment.Job instance at 0x146fce26ff00>,0,3,[9 2],1,2,5,1,2
1,<environment.Job instance at 0x146fcd42a870>,2,1,[2 7],3,5,6,2,3
1,<environment.Job instance at 0x146fce4d2fa0>,1,3,[2 9],2,10,13,8,10
1,<environment.Job instance at 0x146f94f96d20>,0,12,[2 5],1,1,13,0,1
1,<environment.Job instance at 0x146f839273c0>,6,18,[8 1],7,7,25,0,7
1,<environment.Job instance at 0x146f8391a9b0>,0,2,[6 1],1,2,4,1,2
1,<environment.Job instance at 0x146f8391a960>,2,3,[1 8],3,3,6,0,3
1,<environment.Job instance at 0x146f83927910>,4,2,[8 1],7,7,9,0,7
1,<environment.Job instance at 0x146f958d76e0>,5,2,[ 1 10],8,9,11,1,8
1,<environment.Job instance at 0x146f83927d20>,1,17,[6 1],3,4,21,1,4
1,<environment.Job instance at 0x146f958d7be0>,3,3,[6 2],6,21,24,15,10
1,<environment.Job instance at 0x146f958d7dc0>,1,12,[ 1 10],2,4,16,2,4
1,<environment.Job instance at 0x146f940a3a00>,2,2,[2 8],4,16,18,12,6
1,<environment.Job instance at 0x146f940a35a0>,3,1,[2 7],5,18,19,13,7
1,<environment.Job instance at 0x146f954fbf50>,6,16,[10  2],9,19,35,10,9
1,<environment.Job instance at 0x146f95400b40>,0,3,[9 2],1,1,4,0,1
1,<environment.Job instance at 0x146f944d3320>,5,3,[10  2],8,9,12,1,9
1,<environment.Job instance at 0x146f97096cd0>,0,12,[2 5],1,1,13,0,1
1,<environment.Job instance at 0x146f970969b0>,2,1,[2 5],3,3,4,0,3
1,<environment.Job instance at 0x146f9455c550>,6,18,[8 1],7,7,25,0,7
1,<environment.Job instance at 0x146fccb02f50>,0,2,[6 1],1,2,4,1,2
1,<environment.Job instance at 0x146fccb02190>,2,3,[1 8],3,3,6,0,3
1,<environment.Job instance at 0x146f96ded820>,4,2,[8 1],7,7,9,0,7
1,<environment.Job instance at 0x146f9591a870>,5,2,[ 1 10],8,9,11,1,8
1,<environment.Job instance at 0x146f96439cd0>,0,1,[2 5],1,3,4,2,3
1,<environment.Job instance at 0x146fcc4c0640>,5,3,[6 1],9,13,16,4,13
1,<environment.Job instance at 0x146f839cf550>,0,2,[8 1],1,2,4,1,2
1,<environment.Job instance at 0x146f839cfb90>,1,12,[ 1 10],2,4,16,2,2
1,<environment.Job instance at 0x146f836bee60>,5,2,[2 7],7,16,18,9,7
1,<environment.Job instance at 0x146f836be320>,3,1,[2 7],5,18,19,13,9
1,<environment.Job instance at 0x146f83c623c0>,0,3,[9 2],1,2,5,1,2
1,<environment.Job instance at 0x146fcd9cd550>,2,1,[2 7],3,5,6,2,4
1,<environment.Job instance at 0x146fcc3b9550>,5,3,[10  2],8,8,11,0,8
1,<environment.Job instance at 0x146f971a3af0>,0,12,[2 5],1,1,13,0,1
1,<environment.Job instance at 0x146f948b7690>,6,18,[8 1],7,7,25,0,7
1,<environment.Job instance at 0x146f951588c0>,7,1,[2 6],8,13,14,5,8
1,<environment.Job instance at 0x146fce803500>,0,1,[2 5],1,1,2,0,1
1,<environment.Job instance at 0x146fce8035f0>,1,17,[6 1],3,3,20,0,3
1,<environment.Job instance at 0x146f95e73be0>,5,3,[6 1],9,20,23,11,14
1,<environment.Job instance at 0x146fcc92fa00>,0,2,[8 1],1,2,4,1,2
1,<environment.Job instance at 0x146f963d2fa0>,5,2,[2 7],7,8,10,1,8
1,<environment.Job instance at 0x146f973b4a00>,6,16,[10  2],9,10,26,1,9
1,<environment.Job instance at 0x146fc8128410>,0,3,[9 2],1,3,6,2,3
1,<environment.Job instance at 0x146f83a6cd20>,2,1,[2 7],3,6,7,3,4
1,<environment.Job instance at 0x146fce844a00>,5,3,[10  2],8,9,12,1,9
1,<environment.Job instance at 0x146f955d0d20>,0,12,[2 5],1,1,13,0,1
1,<environment.Job instance at 0x146f96b8e9b0>,6,18,[8 1],7,7,25,0,7
1,<environment.Job instance at 0x146f837b05f0>,2,3,[1 8],3,3,6,0,3
1,<environment.Job instance at 0x146f94f5e2d0>,5,2,[ 1 10],8,9,11,1,9
1,<environment.Job instance at 0x146f966c6280>,0,1,[2 5],1,1,2,0,1
1,<environment.Job instance at 0x146f966c6910>,1,17,[6 1],3,3,20,0,3
1,<environment.Job instance at 0x146f943d1640>,5,3,[6 1],9,20,23,11,14
1,<environment.Job instance at 0x146f944f8f00>,0,2,[8 1],1,2,4,1,2
1,<environment.Job instance at 0x146f9666cc30>,5,2,[2 7],7,8,10,1,8
1,<environment.Job instance at 0x146fd0ebb5f0>,6,16,[10  2],9,10,26,1,9
1,<environment.Job instance at 0x146f96f0a320>,0,3,[9 2],1,3,6,2,3
1,<environment.Job instance at 0x146f96f0a870>,2,1,[2 7],3,6,7,3,4
1,<environment.Job instance at 0x146f96f0a960>,5,3,[10  2],8,9,12,1,9
1,<environment.Job instance at 0x146f838cf320>,0,12,[2 5],1,1,13,0,1
1,<environment.Job instance at 0x146fce4d7cd0>,6,18,[8 1],7,8,26,1,8
1,<environment.Job instance at 0x146f956f7f50>,7,1,[2 6],8,14,15,6,14
1,<environment.Job instance at 0x146f968ca500>,2,3,[1 8],3,3,6,0,3
1,<environment.Job instance at 0x146fcef07280>,5,2,[ 1 10],8,9,11,1,9
1,<environment.Job instance at 0x146fced30050>,0,1,[2 5],1,1,2,0,1
1,<environment.Job instance at 0x146fcd6aaaf0>,1,17,[6 1],3,3,20,0,3
1,<environment.Job instance at 0x146f952577d0>,5,3,[6 1],9,20,23,11,14
1,<environment.Job instance at 0x146f83174820>,0,2,[8 1],1,2,4,1,2
1,<environment.Job instance at 0x146f83174b90>,1,12,[ 1 10],2,4,16,2,2
1,<environment.Job instance at 0x146f831733c0>,3,1,[2 7],5,16,17,11,7
1,<environment.Job instance at 0x146f833c9640>,0,3,[9 2],1,3,6,2,3
1,<environment.Job instance at 0x146f833c9140>,2,1,[2 7],3,6,7,3,4
1,<environment.Job instance at 0x146f957db640>,0,12,[2 5],1,1,13,0,1
1,<environment.Job instance at 0x146fcedcf5f0>,4,2,[7 2],5,7,9,2,7
1,<environment.Job instance at 0x146fce25f690>,0,2,[6 1],1,2,4,1,2
1,<environment.Job instance at 0x146f941fc9b0>,2,3,[1 8],3,3,6,0,3
1,<environment.Job instance at 0x146f956cec30>,4,2,[8 1],7,7,9,0,7
1,<environment.Job instance at 0x146fcd4a59b0>,5,2,[ 1 10],8,9,11,1,8
1,<environment.Job instance at 0x146f9662ca50>,0,1,[2 5],1,4,5,3,4
1,<environment.Job instance at 0x146f9662c3c0>,2,2,[10  1],5,8,10,3,8
1,<environment.Job instance at 0x146fcdaec050>,0,2,[8 1],1,3,5,2,3
1,<environment.Job instance at 0x146fcf22f730>,2,2,[2 8],4,4,6,0,4
1,<environment.Job instance at 0x146f959b05f0>,4,2,[2 7],6,6,8,0,6
1,<environment.Job instance at 0x146fcf22f320>,5,2,[2 7],7,8,10,1,7
1,<environment.Job instance at 0x146fcdaecd20>,6,16,[10  2],9,10,26,1,9
1,<environment.Job instance at 0x146f9662c050>,1,12,[ 1 10],2,26,38,24,18
1,<environment.Job instance at 0x146fcdaec640>,1,3,[2 9],2,3,6,1,3
1,<environment.Job instance at 0x146f952183c0>,0,3,[9 2],1,6,9,5,3
1,<environment.Job instance at 0x146f95218b40>,2,1,[2 7],3,26,27,23,26
1,<environment.Job instance at 0x146f95ee9550>,0,12,[2 5],1,1,13,0,1
1,<environment.Job instance at 0x146fcc887a50>,6,18,[8 1],7,8,26,1,8
1,<environment.Job instance at 0x146f83530730>,0,2,[6 1],1,3,5,2,3
1,<environment.Job instance at 0x146fcf5ccb90>,3,3,[1 8],4,4,7,0,4
1,<environment.Job instance at 0x146f8362a410>,5,2,[ 1 10],8,9,11,1,9
1,<environment.Job instance at 0x146f9403ac80>,0,1,[2 5],1,1,2,0,1
1,<environment.Job instance at 0x146f83530500>,1,17,[6 1],3,3,20,0,3
1,<environment.Job instance at 0x146f969cc500>,5,3,[6 1],9,20,23,11,14
1,<environment.Job instance at 0x146f961030f0>,0,2,[8 1],1,2,4,1,2
1,<environment.Job instance at 0x146fcda85a50>,2,2,[2 8],4,4,6,0,4
1,<environment.Job instance at 0x146fcd9b73c0>,1,12,[ 1 10],2,6,18,4,5
1,<environment.Job instance at 0x146f96434c30>,4,2,[2 7],6,18,20,12,6
1,<environment.Job instance at 0x146fcc936f50>,1,3,[2 9],2,3,6,1,3
1,<environment.Job instance at 0x146f94741550>,4,2,[1 8],5,10,12,5,10
1,<environment.Job instance at 0x146f955ad5f0>,0,12,[2 5],1,1,13,0,1
1,<environment.Job instance at 0x146f944f6690>,6,18,[8 1],7,8,26,1,8
1,<environment.Job instance at 0x146f96603eb0>,0,2,[6 1],1,3,5,2,3
1,<environment.Job instance at 0x146fce4d61e0>,3,3,[1 8],4,4,7,0,4
1,<environment.Job instance at 0x146fccfd1c80>,2,3,[1 8],3,8,11,5,8
1,<environment.Job instance at 0x146f83ddf8c0>,4,2,[8 1],7,8,10,1,8
1,<environment.Job instance at 0x146fcdbdc960>,0,1,[2 5],1,1,2,0,1
1,<environment.Job instance at 0x146fce3dbf50>,1,17,[6 1],3,3,20,0,3
1,<environment.Job instance at 0x146fcdc05d20>,5,3,[6 1],9,20,23,11,14
1,<environment.Job instance at 0x146f95df5410>,0,2,[8 1],1,2,4,1,2
1,<environment.Job instance at 0x146fccefc730>,2,2,[2 8],4,4,6,0,4
1,<environment.Job instance at 0x146fcdeab050>,1,12,[ 1 10],2,6,18,4,5
1,<environment.Job instance at 0x146f94a26a50>,4,2,[2 7],6,18,20,12,7
1,<environment.Job instance at 0x146f95df55a0>,3,1,[2 7],5,20,21,15,9
1,<environment.Job instance at 0x146fce4f7b90>,0,3,[9 2],1,2,5,1,2
1,<environment.Job instance at 0x146fce0da7d0>,0,12,[2 5],1,1,13,0,1
1,<environment.Job instance at 0x146fccca7550>,2,1,[2 5],3,3,4,0,3
1,<environment.Job instance at 0x146f82e190f0>,6,18,[8 1],7,7,25,0,7
1,<environment.Job instance at 0x146f82e19f50>,7,1,[2 6],8,13,14,5,8
1,<environment.Job instance at 0x146fd045e780>,0,2,[6 1],1,2,4,1,2
1,<environment.Job instance at 0x146fcd80edc0>,2,3,[1 8],3,3,6,0,3
1,<environment.Job instance at 0x146fcedfe050>,1,13,[2 8],2,6,19,4,4
1,<environment.Job instance at 0x146f95f0c9b0>,4,2,[8 1],7,8,10,1,8
1,<environment.Job instance at 0x146f82e246e0>,1,17,[6 1],3,4,21,1,4
1,<environment.Job instance at 0x146fcd2b2a50>,2,2,[10  1],5,21,23,16,7
1,<environment.Job instance at 0x146fcd568b90>,0,2,[8 1],1,2,4,1,2
1,<environment.Job instance at 0x146fcdca7e60>,2,2,[2 8],4,4,6,0,4
1,<environment.Job instance at 0x146f94735c80>,3,1,[2 7],5,6,7,1,6
1,<environment.Job instance at 0x146fcec7f780>,5,2,[2 7],7,7,9,0,7
1,<environment.Job instance at 0x146fcec7f4b0>,6,16,[10  2],9,9,25,0,9
1,<environment.Job instance at 0x146f83abe0a0>,4,2,[2 7],6,25,27,19,14
1,<environment.Job instance at 0x146f953f0280>,1,12,[ 1 10],2,41,53,39,41
1,<environment.Job instance at 0x146f94a92be0>,1,3,[2 9],2,2,5,0,2
1,<environment.Job instance at 0x146f96222f00>,0,3,[9 2],1,5,8,4,3
1,<environment.Job instance at 0x146fcc35c870>,5,3,[10  2],8,14,17,6,14
1,<environment.Job instance at 0x146f971e3910>,0,12,[2 5],1,1,13,0,1
1,<environment.Job instance at 0x146f95df6690>,2,1,[2 5],3,3,4,0,3
1,<environment.Job instance at 0x146f835725f0>,6,18,[8 1],7,7,25,0,7
1,<environment.Job instance at 0x146f82fd2dc0>,1,13,[2 8],2,2,15,0,2
1,<environment.Job instance at 0x146f953ef820>,2,3,[1 8],3,15,18,12,3
1,<environment.Job instance at 0x146f96675f00>,0,1,[2 5],1,1,2,0,1
1,<environment.Job instance at 0x146f9538fb40>,1,17,[6 1],3,3,20,0,3
1,<environment.Job instance at 0x146f966750f0>,2,2,[10  1],5,20,22,15,11
1,<environment.Job instance at 0x146fce709960>,0,2,[8 1],1,2,4,1,2
1,<environment.Job instance at 0x146fce709f00>,2,2,[2 8],4,4,6,0,4
1,<environment.Job instance at 0x146fce709320>,3,1,[2 7],5,6,7,1,5
1,<environment.Job instance at 0x146f83885500>,4,2,[2 7],6,7,9,1,6
1,<environment.Job instance at 0x146f838858c0>,5,2,[2 7],7,9,11,2,8
1,<environment.Job instance at 0x146f83885cd0>,6,16,[10  2],9,11,27,2,9
1,<environment.Job instance at 0x146fcc2b5550>,0,3,[9 2],1,3,6,2,3
1,<environment.Job instance at 0x146fcec8cb40>,4,2,[1 8],5,40,42,35,40
1,<environment.Job instance at 0x146f835ea7d0>,0,12,[2 5],1,1,13,0,1
1,<environment.Job instance at 0x146f82e20fa0>,2,1,[2 5],3,3,4,0,3
1,<environment.Job instance at 0x146f82752280>,6,18,[8 1],7,7,25,0,7
1,<environment.Job instance at 0x146f82754960>,0,2,[6 1],1,3,5,2,3
1,<environment.Job instance at 0x146fce861640>,3,3,[1 8],4,4,7,0,4
1,<environment.Job instance at 0x146f82752140>,2,3,[1 8],3,8,11,5,8
1,<environment.Job instance at 0x146f82752550>,4,2,[8 1],7,8,10,1,8
1,<environment.Job instance at 0x146f961582d0>,0,1,[2 5],1,1,2,0,1
1,<environment.Job instance at 0x146fcc352280>,1,17,[6 1],3,3,20,0,3
1,<environment.Job instance at 0x146fcc99d640>,5,3,[6 1],9,20,23,11,14
1,<environment.Job instance at 0x146fce367460>,0,2,[8 1],1,2,4,1,2
1,<environment.Job instance at 0x146fcd580230>,2,2,[2 8],4,4,6,0,4
1,<environment.Job instance at 0x146fcd405e60>,3,1,[2 7],5,6,7,1,5
1,<environment.Job instance at 0x146f83bcf690>,4,2,[2 7],6,7,9,1,6
1,<environment.Job instance at 0x146f83bcf190>,5,2,[2 7],7,9,11,2,8
1,<environment.Job instance at 0x146f83d7a550>,6,16,[10  2],9,11,27,2,9
1,<environment.Job instance at 0x146f96909550>,0,3,[9 2],1,3,6,2,3
1,<environment.Job instance at 0x146fccdf3a00>,4,2,[1 8],5,14,16,9,14
1,<environment.Job instance at 0x146f9727ec80>,0,12,[2 5],1,1,13,0,1
1,<environment.Job instance at 0x146f958f1320>,2,1,[2 5],3,3,4,0,3
1,<environment.Job instance at 0x146f96bb5460>,6,18,[8 1],7,7,25,0,7
1,<environment.Job instance at 0x146f96cfc8c0>,0,2,[6 1],1,2,4,1,2
1,<environment.Job instance at 0x146f96cfcfa0>,2,3,[1 8],3,3,6,0,3
1,<environment.Job instance at 0x146f96cfc460>,3,3,[1 8],4,6,9,2,4
1,<environment.Job instance at 0x146f826f43c0>,4,2,[8 1],7,7,9,0,7
1,<environment.Job instance at 0x146f82678960>,5,2,[ 1 10],8,9,11,1,8
1,<environment.Job instance at 0x146fcd582140>,2,2,[10  1],5,6,8,1,6
1,<environment.Job instance at 0x146f820ae460>,3,3,[6 2],6,8,11,2,6
1,<environment.Job instance at 0x146f83b8b6e0>,0,2,[8 1],1,2,4,1,2
1,<environment.Job instance at 0x146f839e7dc0>,2,2,[2 8],4,4,6,0,4
1,<environment.Job instance at 0x146f83b8bbe0>,3,1,[2 7],5,6,7,1,5
1,<environment.Job instance at 0x146f83b8be10>,4,2,[2 7],6,7,9,1,6
1,<environment.Job instance at 0x146f94476690>,5,2,[2 7],7,9,11,2,7
1,<environment.Job instance at 0x146f947b9e60>,6,16,[10  2],9,11,27,2,9
1,<environment.Job instance at 0x146f8260d7d0>,1,12,[ 1 10],2,27,39,25,15
1,<environment.Job instance at 0x146f81867730>,0,12,[2 5],1,1,13,0,1
1,<environment.Job instance at 0x146f82d505f0>,2,1,[2 5],3,3,4,0,3
1,<environment.Job instance at 0x146fcff093c0>,4,2,[7 2],5,7,9,2,7
1,<environment.Job instance at 0x146f83d65af0>,7,1,[2 6],8,13,14,5,8
1,<environment.Job instance at 0x146f83a2f960>,0,2,[6 1],1,4,6,3,4
1,<environment.Job instance at 0x146fcdde0cd0>,3,3,[1 8],4,5,8,1,5
1,<environment.Job instance at 0x146fcdde0c80>,2,3,[1 8],3,8,11,5,7
1,<environment.Job instance at 0x146f95440cd0>,0,1,[2 5],1,2,3,1,2
1,<environment.Job instance at 0x146f95440e10>,3,3,[6 2],6,6,9,0,6
1,<environment.Job instance at 0x146f83c17370>,1,17,[6 1],3,11,28,8,11
1,<environment.Job instance at 0x146f83c597d0>,0,2,[8 1],1,2,4,1,2
1,<environment.Job instance at 0x146f83c59370>,2,2,[2 8],4,5,7,1,5
1,<environment.Job instance at 0x146f838127d0>,4,2,[2 7],6,7,9,1,7
1,<environment.Job instance at 0x146f838128c0>,3,1,[2 7],5,9,10,4,7
1,<environment.Job instance at 0x146f83812cd0>,6,16,[10  2],9,10,26,1,9
1,<environment.Job instance at 0x146f81b538c0>,0,3,[9 2],1,1,4,0,1
1,<environment.Job instance at 0x146f81b53dc0>,1,3,[2 9],2,4,7,2,2
1,<environment.Job instance at 0x146f948ef050>,4,2,[1 8],5,23,25,18,23
1,<environment.Job instance at 0x146fcd25d140>,0,12,[2 5],1,1,13,0,1
1,<environment.Job instance at 0x146fcd25d0a0>,2,1,[2 5],3,3,4,0,3
1,<environment.Job instance at 0x146fcf2cbd70>,4,2,[7 2],5,7,9,2,7
1,<environment.Job instance at 0x146f8398aa00>,7,1,[2 6],8,13,14,5,8
1,<environment.Job instance at 0x146f83cab9b0>,0,2,[6 1],1,4,6,3,4
1,<environment.Job instance at 0x146fcd25da00>,3,3,[1 8],4,5,8,1,5
1,<environment.Job instance at 0x146f970efaf0>,2,3,[1 8],3,8,11,5,7
1,<environment.Job instance at 0x146f8369b0a0>,0,1,[2 5],1,2,3,1,2
1,<environment.Job instance at 0x146f94481050>,3,3,[6 2],6,6,9,0,6
1,<environment.Job instance at 0x146f82bd50f0>,5,3,[6 1],9,14,17,5,14
1,<environment.Job instance at 0x146f8266da50>,0,2,[8 1],1,2,4,1,2
1,<environment.Job instance at 0x146f822b0460>,2,2,[2 8],4,4,6,0,4
1,<environment.Job instance at 0x146f822b00f0>,3,1,[2 7],5,6,7,1,5
1,<environment.Job instance at 0x146f826c8aa0>,4,2,[2 7],6,7,9,1,7
1,<environment.Job instance at 0x146f826c8eb0>,6,16,[10  2],9,9,25,0,9
1,<environment.Job instance at 0x146f822b0cd0>,5,2,[2 7],7,25,27,18,21
1,<environment.Job instance at 0x146fcc87bd70>,0,3,[9 2],1,1,4,0,1
1,<environment.Job instance at 0x146f81482b90>,1,3,[2 9],2,4,7,2,3
1,<environment.Job instance at 0x146f826c8690>,4,2,[1 8],5,8,10,3,8
1,<environment.Job instance at 0x146f81451be0>,5,3,[10  2],8,15,18,7,15
1,<environment.Job instance at 0x146f826fb5f0>,0,12,[2 5],1,1,13,0,1
1,<environment.Job instance at 0x146fcf453460>,2,1,[2 5],3,3,4,0,3
1,<environment.Job instance at 0x146f826fb050>,1,3,[1 9],2,13,16,11,8
1,<environment.Job instance at 0x146f96b7b0f0>,8,13,[6 1],9,9,22,0,9
1,<environment.Job instance at 0x146fce26f0f0>,1,13,[2 8],2,2,15,0,2
1,<environment.Job instance at 0x146fcedb8140>,2,3,[1 8],3,15,18,12,3
1,<environment.Job instance at 0x146fcce93820>,0,1,[2 5],1,1,2,0,1
1,<environment.Job instance at 0x146fcce939b0>,1,17,[6 1],3,3,20,0,3
1,<environment.Job instance at 0x146fce4b1f00>,0,2,[8 1],1,2,4,1,2
1,<environment.Job instance at 0x146fce4b10a0>,2,2,[2 8],4,4,6,0,4
1,<environment.Job instance at 0x146f835f7820>,1,12,[ 1 10],2,6,18,4,5
1,<environment.Job instance at 0x146f97207410>,6,16,[10  2],9,18,34,9,9
1,<environment.Job instance at 0x146f972073c0>,1,3,[2 9],2,3,6,1,3
1,<environment.Job instance at 0x146f97207870>,4,2,[1 8],5,89,91,84,89
1,<environment.Job instance at 0x146f950757d0>,0,12,[2 5],1,1,13,0,1
1,<environment.Job instance at 0x146f95075dc0>,2,1,[2 5],3,3,4,0,3
1,<environment.Job instance at 0x146f94edaa50>,1,3,[1 9],2,13,16,11,8
1,<environment.Job instance at 0x146fcda0c9b0>,7,1,[2 6],8,16,17,8,14
1,<environment.Job instance at 0x146fcda0c4b0>,1,13,[2 8],2,2,15,0,2
1,<environment.Job instance at 0x146f957a27d0>,2,3,[1 8],3,15,18,12,3
1,<environment.Job instance at 0x146f812e21e0>,0,1,[2 5],1,1,2,0,1
1,<environment.Job instance at 0x146f812e2730>,1,17,[6 1],3,3,20,0,3
1,<environment.Job instance at 0x146f8317a320>,1,12,[ 1 10],2,3,15,1,3
1,<environment.Job instance at 0x146fceb36c30>,2,2,[2 8],4,15,17,11,5
1,<environment.Job instance at 0x146f95dd1af0>,5,2,[2 7],7,17,19,10,7
1,<environment.Job instance at 0x146fcdf49e10>,6,16,[10  2],9,19,35,10,9
1,<environment.Job instance at 0x146f94ee3960>,0,3,[9 2],1,1,4,0,1
1,<environment.Job instance at 0x146f944b5460>,1,3,[2 9],2,4,7,2,2
1,<environment.Job instance at 0x146f957db5f0>,2,1,[2 7],3,7,8,4,4
1,<environment.Job instance at 0x146fcdb8ffa0>,4,2,[1 8],5,8,10,3,6
1,<environment.Job instance at 0x146f8236b5a0>,0,12,[2 5],1,1,13,0,1
1,<environment.Job instance at 0x146f8236b690>,2,1,[2 5],3,3,4,0,3
1,<environment.Job instance at 0x146f820aa370>,1,3,[1 9],2,13,16,11,8
1,<environment.Job instance at 0x146fcc53ab40>,2,3,[1 8],3,3,6,0,3
1,<environment.Job instance at 0x146fcc53aa50>,3,3,[1 8],4,6,9,2,4
1,<environment.Job instance at 0x146fcce073c0>,4,2,[8 1],7,7,9,0,7
1,<environment.Job instance at 0x146f82c2e460>,5,2,[ 1 10],8,9,11,1,8
1,<environment.Job instance at 0x146f8359e5a0>,0,2,[8 1],1,4,6,3,4
1,<environment.Job instance at 0x146f8359ecd0>,3,1,[2 7],5,6,7,1,6
1,<environment.Job instance at 0x146fcc4a05a0>,5,2,[2 7],7,10,12,3,10
1,<environment.Job instance at 0x146f8256c410>,1,3,[2 9],2,2,5,0,2
1,<environment.Job instance at 0x146f969c0af0>,4,2,[1 8],5,5,7,0,5
1,<environment.Job instance at 0x146f969c0550>,5,3,[10  2],8,10,13,2,10
1,<environment.Job instance at 0x146f825d8640>,0,12,[2 5],1,1,13,0,1
1,<environment.Job instance at 0x146f825d87d0>,2,1,[2 5],3,3,4,0,3
1,<environment.Job instance at 0x146f819450f0>,1,3,[1 9],2,13,16,11,8
1,<environment.Job instance at 0x146f837bf050>,8,13,[6 1],9,9,22,0,9
1,<environment.Job instance at 0x146f81945c80>,7,1,[2 6],8,20,21,12,20
1,<environment.Job instance at 0x146f820ca8c0>,0,2,[6 1],1,2,4,1,2
1,<environment.Job instance at 0x146f82297780>,2,3,[1 8],3,3,6,0,3
1,<environment.Job instance at 0x146f820ca1e0>,3,3,[1 8],4,6,9,2,4
1,<environment.Job instance at 0x146f81a5f6e0>,4,2,[8 1],7,7,9,0,7
1,<environment.Job instance at 0x146f95ec0370>,5,2,[ 1 10],8,9,11,1,8
1,<environment.Job instance at 0x146f836098c0>,3,3,[6 2],6,6,9,0,6
1,<environment.Job instance at 0x146f96c5ba00>,2,2,[10  1],5,9,11,4,6
1,<environment.Job instance at 0x146f82297640>,5,3,[6 1],9,11,14,2,9
1,<environment.Job instance at 0x146fccf8d500>,0,2,[8 1],1,1,3,0,1
1,<environment.Job instance at 0x146f825d8280>,1,12,[ 1 10],2,6,18,4,6
1,<environment.Job instance at 0x146fcea73af0>,5,2,[2 7],7,18,20,11,9
1,<environment.Job instance at 0x146f942cfe60>,4,2,[1 8],5,8,10,3,8
1,<environment.Job instance at 0x146f819dfb90>,0,12,[2 5],1,1,13,0,1
1,<environment.Job instance at 0x146f81dee370>,2,1,[2 5],3,3,4,0,3
1,<environment.Job instance at 0x146f819df730>,1,3,[1 9],2,13,16,11,7
1,<environment.Job instance at 0x146fcc79bb90>,7,1,[2 6],8,16,17,8,8
1,<environment.Job instance at 0x146fcc79beb0>,8,13,[6 1],9,14,27,5,14
1,<environment.Job instance at 0x146f961a00f0>,0,2,[6 1],1,2,4,1,2
1,<environment.Job instance at 0x146f961a0be0>,2,3,[1 8],3,3,6,0,3
1,<environment.Job instance at 0x146fce840820>,3,3,[1 8],4,6,9,2,4
1,<environment.Job instance at 0x146f961a0d70>,4,2,[8 1],7,7,9,0,7
1,<environment.Job instance at 0x146fce8406e0>,5,2,[ 1 10],8,9,11,1,8
1,<environment.Job instance at 0x146f826ba280>,3,3,[6 2],6,6,9,0,6
1,<environment.Job instance at 0x146f826bad70>,2,2,[10  1],5,9,11,4,6
1,<environment.Job instance at 0x146f96497a00>,5,3,[6 1],9,11,14,2,9
1,<environment.Job instance at 0x146f81630190>,0,2,[8 1],1,2,4,1,2
1,<environment.Job instance at 0x146f816308c0>,2,2,[2 8],4,4,6,0,4
1,<environment.Job instance at 0x146f94f63870>,3,1,[2 7],5,6,7,1,5
1,<environment.Job instance at 0x146fcc707aa0>,4,2,[2 7],6,7,9,1,6
1,<environment.Job instance at 0x146fcc7073c0>,5,2,[2 7],7,9,11,2,7
1,<environment.Job instance at 0x146f81630730>,6,16,[10  2],9,11,27,2,9
1,<environment.Job instance at 0x146fcddc2af0>,0,3,[9 2],1,3,6,2,3
1,<environment.Job instance at 0x146fcddc2f00>,4,2,[1 8],5,7,9,2,7
1,<environment.Job instance at 0x146f9710daf0>,0,12,[2 5],1,1,13,0,1
1,<environment.Job instance at 0x146f9710d190>,2,1,[2 5],3,3,4,0,3
1,<environment.Job instance at 0x146f9710de10>,1,3,[1 9],2,13,16,11,7
1,<environment.Job instance at 0x146f9710d910>,5,3,[9 2],6,16,19,10,14
1,<environment.Job instance at 0x146f81c17c30>,1,13,[2 8],2,2,15,0,2
1,<environment.Job instance at 0x146fce53d370>,2,3,[1 8],3,15,18,12,3
1,<environment.Job instance at 0x146f950c29b0>,0,1,[2 5],1,1,2,0,1
1,<environment.Job instance at 0x146f81c17f00>,1,17,[6 1],3,3,20,0,3
1,<environment.Job instance at 0x146fd0452f50>,0,2,[8 1],1,2,4,1,2
1,<environment.Job instance at 0x146fcf8d4780>,2,2,[2 8],4,4,6,0,4
1,<environment.Job instance at 0x146f94ed7dc0>,3,1,[2 7],5,6,7,1,5
1,<environment.Job instance at 0x146f94ed7d70>,4,2,[2 7],6,7,9,1,6
1,<environment.Job instance at 0x146f96af1870>,5,2,[2 7],7,9,11,2,7
1,<environment.Job instance at 0x146fd0a90500>,6,16,[10  2],9,11,27,2,9
1,<environment.Job instance at 0x146f8259cbe0>,5,3,[10  2],8,8,11,0,8
1,<environment.Job instance at 0x146f82512190>,0,12,[2 5],1,1,13,0,1
1,<environment.Job instance at 0x146fcc4adc30>,2,1,[2 5],3,3,4,0,3
1,<environment.Job instance at 0x146f812d3a00>,1,3,[1 9],2,13,16,11,7
1,<environment.Job instance at 0x146f833ddf50>,5,3,[9 2],6,16,19,10,13
1,<environment.Job instance at 0x146fcc20b9b0>,1,13,[2 8],2,2,15,0,2
1,<environment.Job instance at 0x146fcdaec1e0>,2,3,[1 8],3,15,18,12,3
1,<environment.Job instance at 0x146fcd8ed2d0>,0,1,[2 5],1,1,2,0,1
1,<environment.Job instance at 0x146f94d4b690>,1,17,[6 1],3,3,20,0,3
1,<environment.Job instance at 0x146f969ccb90>,0,2,[8 1],1,2,4,1,2
1,<environment.Job instance at 0x146fcd8ed690>,2,2,[2 8],4,4,6,0,4
1,<environment.Job instance at 0x146f969ccc80>,3,1,[2 7],5,6,7,1,5
1,<environment.Job instance at 0x146f82189af0>,4,2,[2 7],6,7,9,1,6
1,<environment.Job instance at 0x146f82189820>,5,2,[2 7],7,9,11,2,7
1,<environment.Job instance at 0x146f941c5820>,6,16,[10  2],9,11,27,2,9
1,<environment.Job instance at 0x146f825f5320>,2,1,[2 7],3,5,6,2,5
1,<environment.Job instance at 0x146f956a8500>,5,3,[10  2],8,8,11,0,8
1,<environment.Job instance at 0x146f82d34280>,0,12,[2 5],1,1,13,0,1
1,<environment.Job instance at 0x146f82d34500>,2,1,[2 5],3,3,4,0,3
1,<environment.Job instance at 0x146fcd1d4410>,1,3,[1 9],2,13,16,11,7
1,<environment.Job instance at 0x146f96e5d0a0>,0,2,[6 1],1,2,4,1,2
1,<environment.Job instance at 0x146f96e5da50>,2,3,[1 8],3,3,6,0,3
1,<environment.Job instance at 0x146f80b56960>,3,3,[1 8],4,6,9,2,4
1,<environment.Job instance at 0x146f80b56a00>,4,2,[8 1],7,8,10,1,8
1,<environment.Job instance at 0x146f80b56d20>,2,2,[10  1],5,6,8,1,6
1,<environment.Job instance at 0x146f82f6f0f0>,5,3,[6 1],9,15,18,6,15
1,<environment.Job instance at 0x146fcd954190>,0,2,[8 1],1,2,4,1,2
1,<environment.Job instance at 0x146f80da1c30>,2,2,[2 8],4,4,6,0,4
1,<environment.Job instance at 0x146fcd954b90>,3,1,[2 7],5,6,7,1,5
1,<environment.Job instance at 0x146f80daaf50>,4,2,[2 7],6,7,9,1,6
1,<environment.Job instance at 0x146f80ddfe60>,5,2,[2 7],7,9,11,2,7
1,<environment.Job instance at 0x146f80ddf5f0>,6,16,[10  2],9,11,27,2,9
1,<environment.Job instance at 0x146f81404b90>,1,3,[2 9],2,2,5,0,2
1,<environment.Job instance at 0x146f813af370>,2,1,[2 7],3,5,6,2,5
1,<environment.Job instance at 0x146f94793280>,5,3,[10  2],8,8,11,0,8
1,<environment.Job instance at 0x146f81404c80>,4,2,[1 8],5,11,13,6,8
1,<environment.Job instance at 0x146f81cb22d0>,0,12,[2 5],1,1,13,0,1
1,<environment.Job instance at 0x146f82d34b90>,4,2,[7 2],5,7,9,2,7
1,<environment.Job instance at 0x146f8396ecd0>,0,2,[6 1],1,2,4,1,2
1,<environment.Job instance at 0x146f80e8c550>,2,3,[1 8],3,3,6,0,3
1,<environment.Job instance at 0x146fcc2d0550>,3,3,[1 8],4,6,9,2,4
1,<environment.Job instance at 0x146fcead1690>,4,2,[8 1],7,7,9,0,7
1,<environment.Job instance at 0x146f82d375a0>,5,2,[ 1 10],8,9,11,1,8
1,<environment.Job instance at 0x146f81b02230>,3,3,[6 2],6,6,9,0,6
1,<environment.Job instance at 0x146f81b02d70>,5,3,[6 1],9,13,16,4,13
1,<environment.Job instance at 0x146fccf5ebe0>,0,2,[8 1],1,2,4,1,2
1,<environment.Job instance at 0x146fccf5e190>,2,2,[2 8],4,4,6,0,4
1,<environment.Job instance at 0x146f83a05050>,3,1,[2 7],5,6,7,1,5
1,<environment.Job instance at 0x146fccf5e460>,5,2,[2 7],7,9,11,2,9
1,<environment.Job instance at 0x146f81adccd0>,0,3,[9 2],1,1,4,0,1
1,<environment.Job instance at 0x146f81adcaa0>,2,1,[2 7],3,4,5,1,4
1,<environment.Job instance at 0x146fcd469050>,0,12,[2 5],1,1,13,0,1
1,<environment.Job instance at 0x146f81f6d230>,4,2,[7 2],5,7,9,2,7
1,<environment.Job instance at 0x146f8246e5f0>,0,2,[6 1],1,2,4,1,2
1,<environment.Job instance at 0x146f8386ed20>,2,3,[1 8],3,3,6,0,3
1,<environment.Job instance at 0x146fce3dff50>,3,3,[1 8],4,6,9,2,4
1,<environment.Job instance at 0x146f82671410>,4,2,[8 1],7,7,9,0,7
1,<environment.Job instance at 0x146fcc5b3a00>,5,2,[ 1 10],8,9,11,1,8
1,<environment.Job instance at 0x146f83343dc0>,3,3,[6 2],6,6,9,0,6
1,<environment.Job instance at 0x146f835d5f50>,5,3,[6 1],9,13,16,4,13
1,<environment.Job instance at 0x146fccdba2d0>,0,2,[8 1],1,2,4,1,2
1,<environment.Job instance at 0x146f81a40b40>,2,2,[2 8],4,4,6,0,4
1,<environment.Job instance at 0x146f81a40280>,3,1,[2 7],5,6,7,1,5
1,<environment.Job instance at 0x146f8366b1e0>,5,2,[2 7],7,9,11,2,9
1,<environment.Job instance at 0x146fcdbef500>,0,3,[9 2],1,1,4,0,1
1,<environment.Job instance at 0x146fcdbef870>,2,1,[2 7],3,4,5,1,4
1,<environment.Job instance at 0x146f96503960>,0,12,[2 5],1,1,13,0,1
1,<environment.Job instance at 0x146f834b8dc0>,8,13,[6 1],9,22,35,13,22
1,<environment.Job instance at 0x146f95692cd0>,0,2,[6 1],1,2,4,1,2
1,<environment.Job instance at 0x146fcef8d820>,2,3,[1 8],3,3,6,0,3
1,<environment.Job instance at 0x146f834b8dc0>,3,3,[1 8],4,6,9,2,4
1,<environment.Job instance at 0x146f81099cd0>,4,2,[8 1],7,7,9,0,7
1,<environment.Job instance at 0x146f809bb230>,5,2,[ 1 10],8,9,11,1,9
1,<environment.Job instance at 0x146f809bbaa0>,2,2,[10  1],5,7,9,2,7
1,<environment.Job instance at 0x146f945ff730>,5,3,[6 1],9,11,14,2,11
1,<environment.Job instance at 0x146f94a92b90>,0,2,[8 1],1,2,4,1,2
1,<environment.Job instance at 0x146f94a920f0>,2,2,[2 8],4,4,6,0,4
1,<environment.Job instance at 0x146f94a927d0>,3,1,[2 7],5,6,7,1,6
1,<environment.Job instance at 0x146f948a4c30>,5,2,[2 7],7,7,9,0,7
1,<environment.Job instance at 0x146f948a42d0>,6,16,[10  2],9,9,25,0,9
1,<environment.Job instance at 0x146f948a4f00>,4,2,[2 7],6,25,27,19,14
1,<environment.Job instance at 0x146f951dc370>,0,3,[9 2],1,2,5,1,2
1,<environment.Job instance at 0x146f803281e0>,0,12,[2 5],1,1,13,0,1
1,<environment.Job instance at 0x146f94799dc0>,5,3,[9 2],6,13,16,7,7
1,<environment.Job instance at 0x146fce587690>,8,13,[6 1],9,22,35,13,22
1,<environment.Job instance at 0x146f96b8e0f0>,0,2,[6 1],1,2,4,1,2
1,<environment.Job instance at 0x146f96b8eeb0>,2,3,[1 8],3,3,6,0,3
1,<environment.Job instance at 0x146f958d3eb0>,3,3,[1 8],4,6,9,2,4
1,<environment.Job instance at 0x146f96b8e0a0>,4,2,[8 1],7,7,9,0,7
1,<environment.Job instance at 0x146f958d3be0>,5,2,[ 1 10],8,9,11,1,8
1,<environment.Job instance at 0x146f958d3820>,3,3,[6 2],6,7,10,1,7
1,<environment.Job instance at 0x146fccd797d0>,0,2,[8 1],1,2,4,1,2
1,<environment.Job instance at 0x146fcd96b460>,2,2,[2 8],4,4,6,0,4
1,<environment.Job instance at 0x146fccd795a0>,3,1,[2 7],5,6,7,1,5
1,<environment.Job instance at 0x146f95ae0fa0>,2,1,[2 7],3,4,5,1,4
1,<environment.Job instance at 0x146f95ae0500>,0,3,[9 2],1,5,8,4,4
1,<environment.Job instance at 0x146fcc8510f0>,4,2,[1 8],5,7,9,2,7
1,<environment.Job instance at 0x146f82e2e410>,5,3,[10  2],8,9,12,1,8
1,<environment.Job instance at 0x146fcdeafbe0>,0,12,[2 5],1,1,13,0,1
1,<environment.Job instance at 0x146fcdeaf5f0>,1,3,[1 9],2,13,16,11,7
1,<environment.Job instance at 0x146fcc92a7d0>,8,13,[6 1],9,22,35,13,22
1,<environment.Job instance at 0x146fcc980be0>,0,2,[6 1],1,2,4,1,2
1,<environment.Job instance at 0x146f81473c80>,2,3,[1 8],3,3,6,0,3
1,<environment.Job instance at 0x146f81ced640>,3,3,[1 8],4,6,9,2,4
1,<environment.Job instance at 0x146f83ac7a00>,4,2,[8 1],7,7,9,0,7
1,<environment.Job instance at 0x146f82188b90>,5,2,[ 1 10],8,9,11,1,8
1,<environment.Job instance at 0x146f959e6b90>,3,3,[6 2],6,7,10,1,7
1,<environment.Job instance at 0x146f96a843c0>,0,2,[8 1],1,2,4,1,2
1,<environment.Job instance at 0x146f8045d280>,2,2,[2 8],4,4,6,0,4
1,<environment.Job instance at 0x146f8056cfa0>,3,1,[2 7],5,6,7,1,5
1,<environment.Job instance at 0x146fcc5faa00>,4,2,[2 7],6,7,9,1,6
1,<environment.Job instance at 0x146f95aa4a00>,5,2,[2 7],7,9,11,2,7
1,<environment.Job instance at 0x146f804530f0>,6,16,[10  2],9,11,27,2,9
1,<environment.Job instance at 0x146f80499e10>,2,1,[2 7],3,4,5,1,4
1,<environment.Job instance at 0x146f80499aa0>,0,3,[9 2],1,5,8,4,4
1,<environment.Job instance at 0x146f83decaf0>,5,3,[10  2],8,8,11,0,8
1,<environment.Job instance at 0x146f9415ab40>,0,12,[2 5],1,1,13,0,1
1,<environment.Job instance at 0x146f9415a230>,1,3,[1 9],2,13,16,11,7
1,<environment.Job instance at 0x146f971715a0>,7,1,[2 6],8,16,17,8,9
1,<environment.Job instance at 0x146f8331c0f0>,0,2,[6 1],1,2,4,1,2
1,<environment.Job instance at 0x146f8331ca50>,2,3,[1 8],3,3,6,0,3
1,<environment.Job instance at 0x146fcd285d70>,4,2,[8 1],7,7,9,0,7
1,<environment.Job instance at 0x146f94963c80>,5,2,[ 1 10],8,9,11,1,8
1,<environment.Job instance at 0x146fce24abe0>,1,17,[6 1],3,71,88,68,71
1,<environment.Job instance at 0x146f8164cd20>,5,3,[6 1],9,88,91,79,79
1,<environment.Job instance at 0x146f8331cbe0>,1,12,[ 1 10],2,2,14,0,2
1,<environment.Job instance at 0x146fce867eb0>,2,2,[2 8],4,14,16,10,5
1,<environment.Job instance at 0x146f95d72a00>,6,16,[10  2],9,16,32,7,9
1,<environment.Job instance at 0x146fcf16f500>,2,1,[2 7],3,4,5,1,4
1,<environment.Job instance at 0x146fcd4f98c0>,5,3,[10  2],8,8,11,0,8
1,<environment.Job instance at 0x146f96ad2eb0>,0,12,[2 5],1,1,13,0,1
1,<environment.Job instance at 0x146f81c020f0>,4,2,[7 2],5,9,11,4,9
1,<environment.Job instance at 0x146f80b4cf00>,0,2,[6 1],1,2,4,1,2
1,<environment.Job instance at 0x146f80b4ce10>,2,3,[1 8],3,3,6,0,3
1,<environment.Job instance at 0x146f83cd1d70>,4,2,[8 1],7,7,9,0,7
1,<environment.Job instance at 0x146fce1a01e0>,5,2,[ 1 10],8,9,11,1,8
1,<environment.Job instance at 0x146f96c19e60>,2,2,[10  1],5,7,9,2,7
1,<environment.Job instance at 0x146f958d10a0>,5,3,[6 1],9,10,13,1,10
1,<environment.Job instance at 0x146fcc8d0690>,0,2,[8 1],1,2,4,1,2
1,<environment.Job instance at 0x146f803efdc0>,2,2,[2 8],4,4,6,0,4
1,<environment.Job instance at 0x146fcddbd690>,4,2,[2 7],6,6,8,0,6
1,<environment.Job instance at 0x146f81cc50f0>,5,2,[2 7],7,8,10,1,7
1,<environment.Job instance at 0x146f8382d410>,6,16,[10  2],9,10,26,1,9
1,<environment.Job instance at 0x146fce54bb90>,0,3,[9 2],1,2,5,1,2
1,<environment.Job instance at 0x146f95aa7870>,5,3,[10  2],8,8,11,0,8
1,<environment.Job instance at 0x146f8062f8c0>,0,12,[2 5],1,1,13,0,1
1,<environment.Job instance at 0x146f814f0d70>,1,3,[1 9],2,13,16,11,3
1,<environment.Job instance at 0x146f83298410>,4,2,[7 2],5,7,9,2,7
1,<environment.Job instance at 0x146f83298c80>,7,1,[2 6],8,16,17,8,9
1,<environment.Job instance at 0x146f82f21a00>,0,2,[6 1],1,2,4,1,2
1,<environment.Job instance at 0x146f82f21190>,2,3,[1 8],3,3,6,0,3
1,<environment.Job instance at 0x146f94655190>,3,3,[1 8],4,6,9,2,4
1,<environment.Job instance at 0x146f80d67690>,4,2,[8 1],7,7,9,0,7
1,<environment.Job instance at 0x146f80d673c0>,5,2,[ 1 10],8,9,11,1,8
1,<environment.Job instance at 0x146f801dfdc0>,2,2,[10  1],5,6,8,1,6
1,<environment.Job instance at 0x146f7be10730>,3,3,[6 2],6,13,16,7,13
1,<environment.Job instance at 0x146f7be0da00>,0,2,[8 1],1,1,3,0,1
1,<environment.Job instance at 0x146f96bfddc0>,4,2,[2 7],6,6,8,0,6
1,<environment.Job instance at 0x146f96bfdd20>,6,16,[10  2],9,9,25,0,9
1,<environment.Job instance at 0x146fcc20b230>,5,3,[10  2],8,41,44,33,41
1,<environment.Job instance at 0x146f8275d7d0>,0,12,[2 5],1,1,13,0,1
1,<environment.Job instance at 0x146f94db1eb0>,1,3,[1 9],2,13,16,11,3
1,<environment.Job instance at 0x146f819ddd20>,4,2,[7 2],5,7,9,2,7
1,<environment.Job instance at 0x146f819dd230>,7,1,[2 6],8,16,17,8,9
1,<environment.Job instance at 0x146f80486280>,5,3,[9 2],6,29,32,23,29
1,<environment.Job instance at 0x146fcd259370>,0,2,[6 1],1,2,4,1,2
1,<environment.Job instance at 0x146f81b53960>,2,3,[1 8],3,3,6,0,3
1,<environment.Job instance at 0x146fcc2c7eb0>,3,3,[1 8],4,6,9,2,4
1,<environment.Job instance at 0x146fcc4c0af0>,4,2,[8 1],7,7,9,0,7
1,<environment.Job instance at 0x146f809d9aa0>,5,2,[ 1 10],8,9,11,1,8
1,<environment.Job instance at 0x146fcd82be60>,2,2,[10  1],5,6,8,1,6
1,<environment.Job instance at 0x146f943bbb40>,3,3,[6 2],6,15,18,9,15
1,<environment.Job instance at 0x146f97135d20>,0,2,[8 1],1,1,3,0,1
1,<environment.Job instance at 0x146fcd82ba50>,1,12,[ 1 10],2,3,15,1,3
1,<environment.Job instance at 0x146f7bbc7be0>,4,2,[2 7],6,15,17,9,6
1,<environment.Job instance at 0x146f95e68dc0>,6,16,[10  2],9,17,33,8,9
1,<environment.Job instance at 0x146f97135cd0>,1,3,[2 9],2,5,8,3,5
1,<environment.Job instance at 0x146f96a2d960>,5,3,[10  2],8,8,11,0,8
1,<environment.Job instance at 0x146f95b33be0>,0,12,[2 5],1,1,13,0,1
1,<environment.Job instance at 0x146f8107a9b0>,1,3,[1 9],2,13,16,11,3
1,<environment.Job instance at 0x146f81408690>,4,2,[7 2],5,7,9,2,7
1,<environment.Job instance at 0x146f81408d20>,7,1,[2 6],8,16,17,8,9
1,<environment.Job instance at 0x146fce4c9e10>,0,2,[6 1],1,2,4,1,2
1,<environment.Job instance at 0x146f811ee8c0>,2,3,[1 8],3,3,6,0,3
1,<environment.Job instance at 0x146fce4c9a00>,3,3,[1 8],4,6,9,2,4
1,<environment.Job instance at 0x146f811ee820>,4,2,[8 1],7,7,9,0,7
1,<environment.Job instance at 0x146fcc3e80f0>,5,2,[ 1 10],8,9,11,1,8
1,<environment.Job instance at 0x146f95710820>,2,2,[10  1],5,6,8,1,6
1,<environment.Job instance at 0x146fce83f2d0>,5,3,[6 1],9,13,16,4,13
1,<environment.Job instance at 0x146f96b71d20>,0,2,[8 1],1,1,3,0,1
1,<environment.Job instance at 0x146f96b71a50>,1,12,[ 1 10],2,3,15,1,2
1,<environment.Job instance at 0x146f82a04960>,4,2,[2 7],6,15,17,9,6
1,<environment.Job instance at 0x146f96dd74b0>,6,16,[10  2],9,17,33,8,9
1,<environment.Job instance at 0x146f94d5ae10>,1,3,[2 9],2,5,8,3,5
1,<environment.Job instance at 0x146f824c6cd0>,5,3,[10  2],8,8,11,0,8
1,<environment.Job instance at 0x146f80d98280>,0,12,[2 5],1,1,13,0,1
1,<environment.Job instance at 0x146f80c7be10>,1,3,[1 9],2,13,16,11,3
1,<environment.Job instance at 0x146f802adbe0>,4,2,[7 2],5,7,9,2,7
1,<environment.Job instance at 0x146f802ad730>,7,1,[2 6],8,16,17,8,9
1,<environment.Job instance at 0x146f829ea0a0>,0,2,[6 1],1,2,4,1,2
1,<environment.Job instance at 0x146f81df5be0>,2,3,[1 8],3,3,6,0,3
1,<environment.Job instance at 0x146f829ea500>,3,3,[1 8],4,6,9,2,4
1,<environment.Job instance at 0x146f81df5640>,4,2,[8 1],7,7,9,0,7
1,<environment.Job instance at 0x146f95cd9730>,5,2,[ 1 10],8,9,11,1,8
1,<environment.Job instance at 0x146f95ec75a0>,2,2,[10  1],5,6,8,1,6
1,<environment.Job instance at 0x146fced81820>,5,3,[6 1],9,13,16,4,13
1,<environment.Job instance at 0x146f94b8a730>,0,2,[8 1],1,1,3,0,1
1,<environment.Job instance at 0x146f7bc7c9b0>,1,12,[ 1 10],2,3,15,1,2
1,<environment.Job instance at 0x146f829ae230>,5,2,[2 7],7,15,17,8,9
1,<environment.Job instance at 0x146f83722dc0>,0,3,[9 2],1,1,4,0,1
1,<environment.Job instance at 0x146f7bc7ce10>,1,3,[2 9],2,4,7,2,2
1,<environment.Job instance at 0x146f83722d70>,2,1,[2 7],3,7,8,4,4
1,<environment.Job instance at 0x146f94fe4dc0>,4,2,[1 8],5,8,10,3,5
1,<environment.Job instance at 0x146f94fe4190>,5,3,[10  2],8,10,13,2,8
1,<environment.Job instance at 0x146f82781280>,0,12,[2 5],1,1,13,0,1
1,<environment.Job instance at 0x146f7baad8c0>,1,3,[1 9],2,13,16,11,3
1,<environment.Job instance at 0x146f7baa1a50>,4,2,[7 2],5,7,9,2,7
1,<environment.Job instance at 0x146f7baa1550>,8,13,[6 1],9,23,36,14,23
1,<environment.Job instance at 0x146f81239370>,0,2,[6 1],1,2,4,1,2
1,<environment.Job instance at 0x146f812350a0>,2,3,[1 8],3,3,6,0,3
1,<environment.Job instance at 0x146f81235b90>,3,3,[1 8],4,6,9,2,4
1,<environment.Job instance at 0x146f812351e0>,4,2,[8 1],7,7,9,0,7
1,<environment.Job instance at 0x146f812357d0>,5,2,[ 1 10],8,9,11,1,8
1,<environment.Job instance at 0x146fcd4feeb0>,2,2,[10  1],5,6,8,1,6
1,<environment.Job instance at 0x146f955f2550>,5,3,[6 1],9,13,16,4,13
1,<environment.Job instance at 0x146fcfa667d0>,0,2,[8 1],1,1,3,0,1
1,<environment.Job instance at 0x146fcc3a2c80>,4,2,[2 7],6,6,8,0,6
1,<environment.Job instance at 0x146fcc3a22d0>,5,2,[2 7],7,9,11,2,9
1,<environment.Job instance at 0x146fcc3a2b90>,6,16,[10  2],9,24,40,15,24
1,<environment.Job instance at 0x146f83b9a550>,0,3,[9 2],1,1,4,0,1
1,<environment.Job instance at 0x146f7b6d2190>,5,3,[10  2],8,60,63,52,60
1,<environment.Job instance at 0x146f953d69b0>,0,12,[2 5],1,1,13,0,1
1,<environment.Job instance at 0x146fcc783e60>,1,3,[1 9],2,13,16,11,3
1,<environment.Job instance at 0x146f96574410>,4,2,[7 2],5,7,9,2,7
1,<environment.Job instance at 0x146fcd0269b0>,7,1,[2 6],8,16,17,8,9
1,<environment.Job instance at 0x146fcd305e60>,0,2,[6 1],1,2,4,1,2
1,<environment.Job instance at 0x146fcd305730>,2,3,[1 8],3,3,6,0,3
1,<environment.Job instance at 0x146fceafc6e0>,3,3,[1 8],4,6,9,2,4
1,<environment.Job instance at 0x146fceafc280>,4,2,[8 1],7,7,9,0,7
1,<environment.Job instance at 0x146fcf8416e0>,5,2,[ 1 10],8,9,11,1,8
1,<environment.Job instance at 0x146fcdda0a00>,2,2,[10  1],5,6,8,1,6
1,<environment.Job instance at 0x146f828d0a50>,5,3,[6 1],9,13,16,4,13
1,<environment.Job instance at 0x146f7ba63b90>,0,2,[8 1],1,1,3,0,1
1,<environment.Job instance at 0x146f8357d280>,1,12,[ 1 10],2,3,15,1,2
1,<environment.Job instance at 0x146f7bd78e60>,3,1,[2 7],5,15,16,10,5
1,<environment.Job instance at 0x146f94de5640>,4,2,[2 7],6,16,18,10,6
1,<environment.Job instance at 0x146f94de5cd0>,5,2,[2 7],7,18,20,11,8
1,<environment.Job instance at 0x146f94de5910>,6,16,[10  2],9,20,36,11,9
1,<environment.Job instance at 0x146f9629cbe0>,0,3,[9 2],1,1,4,0,1
1,<environment.Job instance at 0x146f7b8b8190>,1,3,[2 9],2,4,7,2,2
1,<environment.Job instance at 0x146f9517c9b0>,4,2,[1 8],5,7,9,2,5
1,<environment.Job instance at 0x146f9517cd70>,5,3,[10  2],8,9,12,1,8
1,<environment.Job instance at 0x146f774fa820>,0,12,[2 5],1,1,13,0,1
1,<environment.Job instance at 0x146f82bd06e0>,1,3,[1 9],2,13,16,11,3
1,<environment.Job instance at 0x146f801f0cd0>,4,2,[7 2],5,7,9,2,7
1,<environment.Job instance at 0x146f801f0280>,8,13,[6 1],9,23,36,14,23
1,<environment.Job instance at 0x146f944fac80>,0,2,[6 1],1,2,4,1,2
1,<environment.Job instance at 0x146f941c4820>,2,3,[1 8],3,3,6,0,3
1,<environment.Job instance at 0x146f941c4910>,3,3,[1 8],4,6,9,2,4
1,<environment.Job instance at 0x146f944faf00>,4,2,[8 1],7,7,9,0,7
1,<environment.Job instance at 0x146f941c4eb0>,5,2,[ 1 10],8,9,11,1,8
1,<environment.Job instance at 0x146f813950f0>,2,2,[10  1],5,6,8,1,6
1,<environment.Job instance at 0x146f81395140>,5,3,[6 1],9,10,13,1,10
1,<environment.Job instance at 0x146f807a5cd0>,0,2,[8 1],1,1,3,0,1
1,<environment.Job instance at 0x146fcdf8dcd0>,1,12,[ 1 10],2,3,15,1,2
1,<environment.Job instance at 0x146f9625dfa0>,4,2,[2 7],6,15,17,9,6
1,<environment.Job instance at 0x146fce474190>,6,16,[10  2],9,17,33,8,9
1,<environment.Job instance at 0x146f7bf90e60>,0,3,[9 2],1,2,5,1,2
1,<environment.Job instance at 0x146f9413e230>,4,2,[1 8],5,132,134,127,132
1,<environment.Job instance at 0x146fcc28d500>,0,12,[2 5],1,1,13,0,1
1,<environment.Job instance at 0x146f953f0550>,1,3,[1 9],2,13,16,11,3
1,<environment.Job instance at 0x146f839f9690>,4,2,[7 2],5,7,9,2,7
1,<environment.Job instance at 0x146f830f6820>,8,13,[6 1],9,23,36,14,23
1,<environment.Job instance at 0x146f944243c0>,5,3,[9 2],6,36,39,30,25
1,<environment.Job instance at 0x146f82ff0dc0>,0,2,[6 1],1,2,4,1,2
1,<environment.Job instance at 0x146f82ff05f0>,2,3,[1 8],3,3,6,0,3
1,<environment.Job instance at 0x146f82ff0140>,3,3,[1 8],4,6,9,2,4
1,<environment.Job instance at 0x146f82ff0640>,4,2,[8 1],7,7,9,0,7
1,<environment.Job instance at 0x146f82ff0320>,5,2,[ 1 10],8,9,11,1,8
1,<environment.Job instance at 0x146f9496c0f0>,2,2,[10  1],5,5,7,0,5
1,<environment.Job instance at 0x146f82ff0e60>,3,3,[6 2],6,7,10,1,6
1,<environment.Job instance at 0x146f82ff02d0>,5,3,[6 1],9,12,15,3,12
1,<environment.Job instance at 0x146f964bd640>,0,2,[8 1],1,1,3,0,1
1,<environment.Job instance at 0x146f9496c550>,1,12,[ 1 10],2,3,15,1,2
1,<environment.Job instance at 0x146f964bd0a0>,2,2,[2 8],4,15,17,11,5
1,<environment.Job instance at 0x146f80fe07d0>,4,2,[2 7],6,17,19,11,7
1,<environment.Job instance at 0x146f80fe0f50>,3,1,[2 7],5,19,20,14,7
1,<environment.Job instance at 0x146f80fe0c30>,6,16,[10  2],9,20,36,11,9
1,<environment.Job instance at 0x146f964bd320>,5,2,[2 7],7,37,39,30,37
1,<environment.Job instance at 0x146f95158140>,0,3,[9 2],1,3,6,2,3
1,<environment.Job instance at 0x146fcef8d8c0>,5,3,[10  2],8,113,116,105,113
1,<environment.Job instance at 0x146fcef8deb0>,4,2,[1 8],5,363,365,358,363
1,<environment.Job instance at 0x146f8275a6e0>,0,12,[2 5],1,1,13,0,1
1,<environment.Job instance at 0x146f7be8c4b0>,1,3,[1 9],2,13,16,11,3
1,<environment.Job instance at 0x146f7aad0370>,4,2,[7 2],5,7,9,2,7
1,<environment.Job instance at 0x146f7aad0730>,7,1,[2 6],8,16,17,8,9
1,<environment.Job instance at 0x146f7ab700a0>,0,2,[6 1],1,2,4,1,2
1,<environment.Job instance at 0x146f7ab706e0>,2,3,[1 8],3,3,6,0,3
1,<environment.Job instance at 0x146f949c7c30>,3,3,[1 8],4,6,9,2,4
1,<environment.Job instance at 0x146f7ab0a280>,4,2,[8 1],7,7,9,0,7
1,<environment.Job instance at 0x146f949c71e0>,5,2,[ 1 10],8,9,11,1,8
1,<environment.Job instance at 0x146f949c70f0>,1,17,[6 1],3,72,89,69,72
1,<environment.Job instance at 0x146f7b3006e0>,0,2,[8 1],1,2,4,1,2
1,<environment.Job instance at 0x146f83211550>,2,2,[2 8],4,4,6,0,4
1,<environment.Job instance at 0x146f7b300230>,3,1,[2 7],5,6,7,1,5
1,<environment.Job instance at 0x146f80954f00>,4,2,[2 7],6,7,9,1,6
1,<environment.Job instance at 0x146fcd1b4af0>,5,2,[2 7],7,9,11,2,7
1,<environment.Job instance at 0x146f95bc9640>,6,16,[10  2],9,11,27,2,9
1,<environment.Job instance at 0x146f7becb5f0>,1,3,[2 9],2,3,6,1,3
1,<environment.Job instance at 0x146f96195190>,5,3,[10  2],8,227,230,219,227
1,<environment.Job instance at 0x146f7ad03f50>,0,12,[2 5],1,1,13,0,1
1,<environment.Job instance at 0x146f9524da50>,6,18,[8 1],7,8,26,1,8
1,<environment.Job instance at 0x146f9524d910>,8,13,[6 1],9,26,39,17,22
1,<environment.Job instance at 0x146fcc941fa0>,0,2,[6 1],1,2,4,1,2
1,<environment.Job instance at 0x146f9524dc80>,2,3,[1 8],3,3,6,0,3
1,<environment.Job instance at 0x146f94a3a3c0>,3,3,[1 8],4,6,9,2,4
1,<environment.Job instance at 0x146f9524d910>,4,2,[8 1],7,7,9,0,7
1,<environment.Job instance at 0x146f95285c30>,1,17,[6 1],3,72,89,69,72
1,<environment.Job instance at 0x146f8140db40>,0,2,[8 1],1,2,4,1,2
1,<environment.Job instance at 0x146f8140d500>,3,1,[2 7],5,5,6,0,5
1,<environment.Job instance at 0x146f962de3c0>,4,2,[2 7],6,6,8,0,6
1,<environment.Job instance at 0x146f962de0f0>,5,2,[2 7],7,8,10,1,7
1,<environment.Job instance at 0x146f962deb40>,6,16,[10  2],9,10,26,1,9
1,<environment.Job instance at 0x146f83c88af0>,1,3,[2 9],2,3,6,1,3
1,<environment.Job instance at 0x146fcea18c80>,5,3,[10  2],8,215,218,207,215
1,<environment.Job instance at 0x146f964f0500>,0,12,[2 5],1,1,13,0,1
1,<environment.Job instance at 0x146f94494f50>,6,18,[8 1],7,8,26,1,8
1,<environment.Job instance at 0x146f94494050>,8,13,[6 1],9,26,39,17,22
1,<environment.Job instance at 0x146f94b094b0>,0,2,[6 1],1,2,4,1,2
1,<environment.Job instance at 0x146f83c448c0>,2,3,[1 8],3,3,6,0,3
1,<environment.Job instance at 0x146f94b09b90>,3,3,[1 8],4,6,9,2,4
1,<environment.Job instance at 0x146f94494050>,4,2,[8 1],7,7,9,0,7
1,<environment.Job instance at 0x146f83c44550>,1,17,[6 1],3,72,89,69,72
1,<environment.Job instance at 0x146fcc17ef00>,0,2,[8 1],1,2,4,1,2
1,<environment.Job instance at 0x146fcc17e690>,3,1,[2 7],5,5,6,0,5
1,<environment.Job instance at 0x146f808fe230>,4,2,[2 7],6,6,8,0,6
1,<environment.Job instance at 0x146f808feaa0>,5,2,[2 7],7,8,10,1,7
1,<environment.Job instance at 0x146fcc17eaf0>,6,16,[10  2],9,10,26,1,9
1,<environment.Job instance at 0x146fcc17ebe0>,1,3,[2 9],2,3,6,1,3
1,<environment.Job instance at 0x146f7b285c30>,5,3,[10  2],8,18,21,10,18
1,<environment.Job instance at 0x146f7beca960>,0,12,[2 5],1,1,13,0,1
1,<environment.Job instance at 0x146f95a4af50>,6,18,[8 1],7,8,26,1,8
1,<environment.Job instance at 0x146f95a4a7d0>,8,13,[6 1],9,26,39,17,22
1,<environment.Job instance at 0x146f95f4fdc0>,0,2,[6 1],1,2,4,1,2
1,<environment.Job instance at 0x146f95f4f730>,2,3,[1 8],3,3,6,0,3
1,<environment.Job instance at 0x146f95f4f0f0>,3,3,[1 8],4,6,9,2,4
1,<environment.Job instance at 0x146fcf18ffa0>,4,2,[8 1],7,7,9,0,7
1,<environment.Job instance at 0x146f7b7d2910>,1,17,[6 1],3,72,89,69,72
1,<environment.Job instance at 0x146f9652b320>,0,2,[8 1],1,2,4,1,2
1,<environment.Job instance at 0x146f9652b5a0>,3,1,[2 7],5,5,6,0,5
1,<environment.Job instance at 0x146f81abff50>,4,2,[2 7],6,6,8,0,6
1,<environment.Job instance at 0x146f81abfd70>,5,2,[2 7],7,8,10,1,7
1,<environment.Job instance at 0x146fcc403be0>,6,16,[10  2],9,10,26,1,9
1,<environment.Job instance at 0x146f8291b690>,1,3,[2 9],2,3,6,1,3
1,<environment.Job instance at 0x146f948b97d0>,5,3,[10  2],8,57,60,49,57
1,<environment.Job instance at 0x146f7b7f0b90>,0,12,[2 5],1,1,13,0,1
1,<environment.Job instance at 0x146f9468f460>,8,13,[6 1],9,9,22,0,9
1,<environment.Job instance at 0x146f9542a190>,3,3,[1 8],4,4,7,0,4
1,<environment.Job instance at 0x146f9542a690>,4,2,[8 1],7,7,9,0,7
1,<environment.Job instance at 0x146f80c98c30>,0,1,[2 5],1,1,2,0,1
1,<environment.Job instance at 0x146f7777fcd0>,0,2,[8 1],1,1,3,0,1
1,<environment.Job instance at 0x146f7bdab8c0>,1,12,[ 1 10],2,3,15,1,2
1,<environment.Job instance at 0x146f82eaf960>,6,16,[10  2],9,15,31,6,9
1,<environment.Job instance at 0x146fce91c640>,0,3,[9 2],1,2,5,1,2
1,<environment.Job instance at 0x146fce91cbe0>,4,2,[1 8],5,9,11,4,9
1,<environment.Job instance at 0x146f834035a0>,5,3,[10  2],8,236,239,228,236
1,<environment.Job instance at 0x146f7b7f7730>,0,12,[2 5],1,1,13,0,1
1,<environment.Job instance at 0x146f80b4cdc0>,1,3,[1 9],2,13,16,11,3
1,<environment.Job instance at 0x146f94cb52d0>,8,13,[6 1],9,9,22,0,9
1,<environment.Job instance at 0x146f950c2820>,5,3,[9 2],6,29,32,23,29
1,<environment.Job instance at 0x146fcc3b9190>,0,2,[6 1],1,2,4,1,2
1,<environment.Job instance at 0x146fcc3b90f0>,2,3,[1 8],3,3,6,0,3
1,<environment.Job instance at 0x146f795406e0>,3,3,[1 8],4,6,9,2,4
1,<environment.Job instance at 0x146fcc3b9be0>,4,2,[8 1],7,7,9,0,7
1,<environment.Job instance at 0x146f79540320>,5,2,[ 1 10],8,9,11,1,8
1,<environment.Job instance at 0x146fcdc29730>,3,3,[6 2],6,6,9,0,6
1,<environment.Job instance at 0x146fcdc29690>,5,3,[6 1],9,9,12,0,9
1,<environment.Job instance at 0x146f82ea4640>,0,2,[8 1],1,2,4,1,2
1,<environment.Job instance at 0x146f947d1190>,2,2,[2 8],4,4,6,0,4
1,<environment.Job instance at 0x146f82ea4960>,3,1,[2 7],5,6,7,1,5
1,<environment.Job instance at 0x146f79d67460>,4,2,[2 7],6,7,9,1,6
1,<environment.Job instance at 0x146f79d67be0>,5,2,[2 7],7,9,11,2,7
1,<environment.Job instance at 0x146f79d675a0>,6,16,[10  2],9,11,27,2,9
1,<environment.Job instance at 0x146f79e1ff50>,0,3,[9 2],1,1,4,0,1
1,<environment.Job instance at 0x146f80635e60>,1,3,[2 9],2,4,7,2,2
1,<environment.Job instance at 0x146f9684d050>,5,3,[10  2],8,8,11,0,8
1,<environment.Job instance at 0x146f81633f50>,0,12,[2 5],1,1,13,0,1
1,<environment.Job instance at 0x146f9560dcd0>,1,3,[1 9],2,13,16,11,3
1,<environment.Job instance at 0x146f830bce60>,8,13,[6 1],9,9,22,0,9
1,<environment.Job instance at 0x146f8004c140>,2,3,[1 8],3,3,6,0,3
1,<environment.Job instance at 0x146f81395a50>,3,3,[1 8],4,6,9,2,4
1,<environment.Job instance at 0x146f8004cfa0>,4,2,[8 1],7,7,9,0,7
1,<environment.Job instance at 0x146f813950a0>,5,2,[ 1 10],8,9,11,1,8
1,<environment.Job instance at 0x146f7b70d5a0>,1,17,[6 1],3,72,89,69,72
1,<environment.Job instance at 0x146f798c3d70>,0,2,[8 1],1,2,4,1,2
1,<environment.Job instance at 0x146f798c31e0>,3,1,[2 7],5,5,6,0,5
1,<environment.Job instance at 0x146f7be66640>,4,2,[2 7],6,6,8,0,6
1,<environment.Job instance at 0x146f7be66dc0>,5,2,[2 7],7,8,10,1,7
1,<environment.Job instance at 0x146f7be66f50>,6,16,[10  2],9,10,26,1,9
1,<environment.Job instance at 0x146f808c5230>,1,3,[2 9],2,3,6,1,3
1,<environment.Job instance at 0x146f808df2d0>,5,3,[10  2],8,142,145,134,142
1,<environment.Job instance at 0x146f81cd8780>,0,12,[2 5],1,1,13,0,1
1,<environment.Job instance at 0x146f7ad707d0>,8,13,[6 1],9,9,22,0,9
1,<environment.Job instance at 0x146f81634b40>,0,2,[6 1],1,2,4,1,2
1,<environment.Job instance at 0x146f80b569b0>,2,3,[1 8],3,3,6,0,3
1,<environment.Job instance at 0x146f816342d0>,3,3,[1 8],4,6,9,2,4
1,<environment.Job instance at 0x146fcd39ebe0>,4,2,[8 1],7,7,9,0,7
1,<environment.Job instance at 0x146f828df0a0>,5,2,[ 1 10],8,9,11,1,9
1,<environment.Job instance at 0x146f7b2e6f50>,5,3,[6 1],9,10,13,1,10
1,<environment.Job instance at 0x146f803b2aa0>,0,2,[8 1],1,2,4,1,2
1,<environment.Job instance at 0x146f803b2c30>,2,2,[2 8],4,6,8,2,6
1,<environment.Job instance at 0x146f96f3b0a0>,6,16,[10  2],9,9,25,0,9
1,<environment.Job instance at 0x146fce5faeb0>,0,3,[9 2],1,3,6,2,3
1,<environment.Job instance at 0x146fce5fa050>,2,1,[2 7],3,98,99,95,98
1,<environment.Job instance at 0x146f82f217d0>,0,12,[2 5],1,1,13,0,1
1,<environment.Job instance at 0x146fcd4a5050>,8,13,[6 1],9,9,22,0,9
1,<environment.Job instance at 0x146f7a205e60>,2,3,[1 8],3,3,6,0,3
1,<environment.Job instance at 0x146f7bd43c30>,3,3,[1 8],4,6,9,2,4
1,<environment.Job instance at 0x146f7a2053c0>,4,2,[8 1],7,7,9,0,7
1,<environment.Job instance at 0x146f83856960>,5,3,[6 1],9,10,13,1,10
1,<environment.Job instance at 0x146f837b0f00>,2,2,[2 8],4,6,8,2,6
1,<environment.Job instance at 0x146f9467cc80>,6,16,[10  2],9,9,25,0,9
1,<environment.Job instance at 0x146f958f39b0>,1,3,[2 9],2,2,5,0,2
1,<environment.Job instance at 0x146f82f21780>,0,12,[2 5],1,1,13,0,1
1,<environment.Job instance at 0x146f837c2be0>,8,13,[6 1],9,9,22,0,9
1,<environment.Job instance at 0x146f800820a0>,0,2,[6 1],1,2,4,1,2
1,<environment.Job instance at 0x146f80082460>,2,3,[1 8],3,3,6,0,3
1,<environment.Job instance at 0x146f800825f0>,3,3,[1 8],4,6,9,2,4
1,<environment.Job instance at 0x146f80997320>,4,2,[8 1],7,7,9,0,7
1,<environment.Job instance at 0x146f7ab04550>,1,17,[6 1],3,8,25,5,8
1,<environment.Job instance at 0x146f835e24b0>,0,2,[8 1],1,1,3,0,1
1,<environment.Job instance at 0x146f805a7780>,1,12,[ 1 10],2,3,15,1,2
1,<environment.Job instance at 0x146f9666c320>,5,2,[2 7],7,15,17,8,9
1,<environment.Job instance at 0x146f822ff5f0>,0,3,[9 2],1,1,4,0,1
1,<environment.Job instance at 0x146f96e5db90>,1,3,[2 9],2,4,7,2,2
1,<environment.Job instance at 0x146f9710d640>,2,1,[2 7],3,7,8,4,4
1,<environment.Job instance at 0x146f7baa3500>,4,2,[1 8],5,8,10,3,5
1,<environment.Job instance at 0x146f7baa3550>,5,3,[10  2],8,10,13,2,8
1,<environment.Job instance at 0x146fce32a870>,0,12,[2 5],1,1,13,0,1
1,<environment.Job instance at 0x146fced55640>,8,13,[6 1],9,9,22,0,9
1,<environment.Job instance at 0x146f80c98aa0>,0,2,[6 1],1,2,4,1,2
1,<environment.Job instance at 0x146f80c98050>,2,3,[1 8],3,3,6,0,3
1,<environment.Job instance at 0x146f813e0eb0>,3,3,[1 8],4,6,9,2,4
1,<environment.Job instance at 0x146f80c98140>,4,2,[8 1],7,7,9,0,7
1,<environment.Job instance at 0x146f813e08c0>,5,2,[ 1 10],8,9,11,1,8
1,<environment.Job instance at 0x146f81f8fe60>,1,17,[6 1],3,5,22,2,5
1,<environment.Job instance at 0x146f81f8f500>,3,3,[6 2],6,22,25,16,7
1,<environment.Job instance at 0x146f81017960>,0,2,[8 1],1,2,4,1,2
1,<environment.Job instance at 0x146f810175a0>,2,2,[2 8],4,4,6,0,4
1,<environment.Job instance at 0x146f8006bc80>,3,1,[2 7],5,6,7,1,5
1,<environment.Job instance at 0x146f81f8f870>,4,2,[2 7],6,7,9,1,6
1,<environment.Job instance at 0x146f79b31cd0>,5,2,[2 7],7,9,11,2,7
1,<environment.Job instance at 0x146f79b31eb0>,6,16,[10  2],9,11,27,2,9
1,<environment.Job instance at 0x146f819755f0>,0,3,[9 2],1,2,5,1,2
1,<environment.Job instance at 0x146f80d1f0a0>,5,3,[10  2],8,8,11,0,8
1,<environment.Job instance at 0x146f794d0b40>,0,12,[2 5],1,1,13,0,1
1,<environment.Job instance at 0x146f794d0910>,1,3,[1 9],2,13,16,11,3
1,<environment.Job instance at 0x146fccefbe10>,8,13,[6 1],9,9,22,0,9
1,<environment.Job instance at 0x146fce51a730>,0,2,[6 1],1,2,4,1,2
1,<environment.Job instance at 0x146f83c86c30>,2,3,[1 8],3,3,6,0,3
1,<environment.Job instance at 0x146f82423500>,3,3,[1 8],4,6,9,2,4
1,<environment.Job instance at 0x146f7a4ce960>,4,2,[8 1],7,7,9,0,7
1,<environment.Job instance at 0x146f79880640>,5,2,[ 1 10],8,9,11,1,8
1,<environment.Job instance at 0x146f80ca8370>,3,3,[6 2],6,7,10,1,7
1,<environment.Job instance at 0x146f80ca8a00>,5,3,[6 1],9,10,13,1,10
1,<environment.Job instance at 0x146f96dbb820>,0,2,[8 1],1,2,4,1,2
1,<environment.Job instance at 0x146f80d6e820>,2,2,[2 8],4,4,6,0,4
1,<environment.Job instance at 0x146f774f6f00>,3,1,[2 7],5,6,7,1,5
1,<environment.Job instance at 0x146f969826e0>,4,2,[2 7],6,7,9,1,6
1,<environment.Job instance at 0x146f800af140>,5,2,[2 7],7,9,11,2,9
1,<environment.Job instance at 0x146f774f65a0>,1,3,[2 9],2,2,5,0,2
1,<environment.Job instance at 0x146f83b9c780>,2,1,[2 7],3,5,6,2,4
1,<environment.Job instance at 0x146f793a68c0>,4,2,[1 8],5,6,8,1,5
1,<environment.Job instance at 0x146f793a6aa0>,5,3,[10  2],8,8,11,0,8
1,<environment.Job instance at 0x146f7a3e6460>,0,12,[2 5],1,1,13,0,1
1,<environment.Job instance at 0x146f7bdedc80>,8,13,[6 1],9,9,22,0,9
1,<environment.Job instance at 0x146f83aae4b0>,0,2,[6 1],1,2,4,1,2
1,<environment.Job instance at 0x146fcc573b90>,2,3,[1 8],3,3,6,0,3
1,<environment.Job instance at 0x146f83aaeb40>,3,3,[1 8],4,6,9,2,4
1,<environment.Job instance at 0x146f83aae140>,4,2,[8 1],7,7,9,0,7
1,<environment.Job instance at 0x146fce484910>,5,2,[ 1 10],8,9,11,1,8
1,<environment.Job instance at 0x146f81d0b050>,1,17,[6 1],3,5,22,2,5
1,<environment.Job instance at 0x146f7a3d57d0>,3,3,[6 2],6,22,25,16,7
1,<environment.Job instance at 0x146f96d6a230>,0,2,[8 1],1,1,3,0,1
1,<environment.Job instance at 0x146fcd9ed140>,1,12,[ 1 10],2,3,15,1,2
1,<environment.Job instance at 0x146f7b92be10>,6,16,[10  2],9,15,31,6,9
1,<environment.Job instance at 0x146f7b966f50>,0,3,[9 2],1,1,4,0,1
1,<environment.Job instance at 0x146f7a920690>,2,1,[2 7],3,4,5,1,4
1,<environment.Job instance at 0x146fce6f54b0>,4,2,[1 8],5,5,7,0,5
1,<environment.Job instance at 0x146fce6f5cd0>,5,3,[10  2],8,8,11,0,8
1,<environment.Job instance at 0x146fcee7ff50>,0,12,[2 5],1,1,13,0,1
1,<environment.Job instance at 0x146f7b903050>,8,13,[6 1],9,23,36,14,23
1,<environment.Job instance at 0x146f7a2e0e60>,0,2,[6 1],1,2,4,1,2
1,<environment.Job instance at 0x146f801b6cd0>,2,3,[1 8],3,3,6,0,3
1,<environment.Job instance at 0x146f802ad690>,3,3,[1 8],4,6,9,2,4
1,<environment.Job instance at 0x146f957fa3c0>,4,2,[8 1],7,7,9,0,7
1,<environment.Job instance at 0x146f802adeb0>,5,2,[ 1 10],8,9,11,1,8
1,<environment.Job instance at 0x146f82524050>,1,17,[6 1],3,72,89,69,72
1,<environment.Job instance at 0x146f956f9e60>,1,12,[ 1 10],2,2,14,0,2
1,<environment.Job instance at 0x146f956f9f50>,2,2,[2 8],4,14,16,10,5
1,<environment.Job instance at 0x146f8391a9b0>,6,16,[10  2],9,16,32,7,9
1,<environment.Job instance at 0x146f8200c4b0>,2,1,[2 7],3,4,5,1,4
1,<environment.Job instance at 0x146f971265a0>,4,2,[1 8],5,5,7,0,5
1,<environment.Job instance at 0x146f7b5c5af0>,5,3,[10  2],8,8,11,0,8
1,<environment.Job instance at 0x146f82a945f0>,0,12,[2 5],1,1,13,0,1
1,<environment.Job instance at 0x146f82a94320>,1,3,[1 9],2,13,16,11,3
1,<environment.Job instance at 0x146f79a38190>,6,18,[8 1],7,7,25,0,7
1,<environment.Job instance at 0x146f77757aa0>,5,3,[9 2],6,25,28,19,8
1,<environment.Job instance at 0x146f95f97aa0>,8,13,[6 1],9,28,41,19,22
1,<environment.Job instance at 0x146fce9cd8c0>,0,2,[6 1],1,2,4,1,2
1,<environment.Job instance at 0x146f7b945460>,2,3,[1 8],3,3,6,0,3
1,<environment.Job instance at 0x146f7a920b40>,3,3,[1 8],4,6,9,2,4
1,<environment.Job instance at 0x146f7b945af0>,4,2,[8 1],7,7,9,0,7
1,<environment.Job instance at 0x146f7a9207d0>,5,2,[ 1 10],8,9,11,1,8
1,<environment.Job instance at 0x146f80cb2230>,0,1,[2 5],1,2,3,1,2
1,<environment.Job instance at 0x146fcdb48640>,1,17,[6 1],3,12,29,9,12
1,<environment.Job instance at 0x146f950e4fa0>,0,2,[8 1],1,1,3,0,1
1,<environment.Job instance at 0x146f83834910>,1,12,[ 1 10],2,3,15,1,2
1,<environment.Job instance at 0x146f82e009b0>,6,16,[10  2],9,15,31,6,9
1,<environment.Job instance at 0x146f790d0690>,0,3,[9 2],1,1,4,0,1
1,<environment.Job instance at 0x146f8214a3c0>,1,3,[2 9],2,4,7,2,2
1,<environment.Job instance at 0x146fcf2d7460>,2,1,[2 7],3,7,8,4,4
1,<environment.Job instance at 0x146f8095acd0>,5,3,[10  2],8,8,11,0,8
1,<environment.Job instance at 0x146f816da0f0>,0,12,[2 5],1,1,13,0,1
1,<environment.Job instance at 0x146f816da2d0>,1,3,[1 9],2,13,16,11,3
1,<environment.Job instance at 0x146f793ac370>,6,18,[8 1],7,7,25,0,7
1,<environment.Job instance at 0x146fcdacae10>,5,3,[9 2],6,25,28,19,8
1,<environment.Job instance at 0x146fcd37e910>,8,13,[6 1],9,28,41,19,22
1,<environment.Job instance at 0x146f8350b460>,2,3,[1 8],3,3,6,0,3
1,<environment.Job instance at 0x146f83afdd20>,3,3,[1 8],4,6,9,2,4
1,<environment.Job instance at 0x146f7adfd2d0>,4,2,[8 1],7,7,9,0,7
1,<environment.Job instance at 0x146f83802d20>,5,2,[ 1 10],8,9,11,1,8
1,<environment.Job instance at 0x146f7bdc0c80>,0,1,[2 5],1,2,3,1,2
1,<environment.Job instance at 0x146f777cdaf0>,0,2,[8 1],1,2,4,1,2
1,<environment.Job instance at 0x146f7abbf550>,2,2,[2 8],4,4,6,0,4
1,<environment.Job instance at 0x146f78736550>,4,2,[2 7],6,6,8,0,6
1,<environment.Job instance at 0x146f78736190>,5,2,[2 7],7,8,10,1,7
1,<environment.Job instance at 0x146f787368c0>,6,16,[10  2],9,10,26,1,9
1,<environment.Job instance at 0x146f78736aa0>,0,3,[9 2],1,2,5,1,2
1,<environment.Job instance at 0x146f78736460>,2,1,[2 7],3,5,6,2,3
1,<environment.Job instance at 0x146f79b54fa0>,0,12,[2 5],1,1,13,0,1
1,<environment.Job instance at 0x146f79b54190>,1,3,[1 9],2,13,16,11,3
1,<environment.Job instance at 0x146f94749dc0>,6,18,[8 1],7,7,25,0,7
1,<environment.Job instance at 0x146f79b54b90>,5,3,[9 2],6,25,28,19,8
1,<environment.Job instance at 0x146f94749b90>,8,13,[6 1],9,28,41,19,22
1,<environment.Job instance at 0x146f7a71eb40>,0,2,[6 1],1,2,4,1,2
1,<environment.Job instance at 0x146f83a871e0>,2,3,[1 8],3,3,6,0,3
1,<environment.Job instance at 0x146fcc2e7e60>,3,3,[1 8],4,6,9,2,4
1,<environment.Job instance at 0x146f83794c80>,4,2,[8 1],7,7,9,0,7
1,<environment.Job instance at 0x146f7a71ea50>,5,2,[ 1 10],8,9,11,1,8
1,<environment.Job instance at 0x146fce896550>,0,1,[2 5],1,2,3,1,2
1,<environment.Job instance at 0x146f7a71ee60>,1,17,[6 1],3,96,113,93,96
1,<environment.Job instance at 0x146fcd8e8500>,0,2,[8 1],1,3,5,2,3
1,<environment.Job instance at 0x146f7bd2e140>,4,2,[2 7],6,6,8,0,6
1,<environment.Job instance at 0x146f82a3d550>,5,2,[2 7],7,8,10,1,7
1,<environment.Job instance at 0x146f82605910>,6,16,[10  2],9,10,26,1,9
1,<environment.Job instance at 0x146f94b27500>,0,3,[9 2],1,1,4,0,1
1,<environment.Job instance at 0x146fcd2b4d70>,1,3,[2 9],2,4,7,2,2
1,<environment.Job instance at 0x146f7b6d9460>,2,1,[2 7],3,7,8,4,4
1,<environment.Job instance at 0x146f8362aa50>,4,2,[1 8],5,8,10,3,5
1,<environment.Job instance at 0x146f7b6d91e0>,5,3,[10  2],8,10,13,2,8
1,<environment.Job instance at 0x146f833ff1e0>,0,12,[2 5],1,1,13,0,1
1,<environment.Job instance at 0x146f833ff870>,1,3,[1 9],2,13,16,11,3
1,<environment.Job instance at 0x146f79ef9dc0>,6,18,[8 1],7,7,25,0,7
1,<environment.Job instance at 0x146f79ef9820>,8,13,[6 1],9,25,38,16,23
1,<environment.Job instance at 0x146f837fd780>,0,2,[6 1],1,2,4,1,2
1,<environment.Job instance at 0x146f80cefc80>,2,3,[1 8],3,3,6,0,3
1,<environment.Job instance at 0x146f96883b40>,3,3,[1 8],4,6,9,2,4
1,<environment.Job instance at 0x146f79c974b0>,4,2,[8 1],7,7,9,0,7
1,<environment.Job instance at 0x146f8038f820>,5,2,[ 1 10],8,9,11,1,8
1,<environment.Job instance at 0x146f7a0fda00>,1,17,[6 1],3,43,60,40,43
1,<environment.Job instance at 0x146f7ae06aa0>,0,2,[8 1],1,2,4,1,2
1,<environment.Job instance at 0x146f79eb3be0>,2,2,[2 8],4,4,6,0,4
1,<environment.Job instance at 0x146f95320640>,3,1,[2 7],5,6,7,1,6
1,<environment.Job instance at 0x146f95320f00>,5,2,[2 7],7,7,9,0,7
1,<environment.Job instance at 0x146f953209b0>,6,16,[10  2],9,9,25,0,9
1,<environment.Job instance at 0x146f79a7b6e0>,0,3,[9 2],1,1,4,0,1
1,<environment.Job instance at 0x146f813217d0>,1,3,[2 9],2,4,7,2,3
1,<environment.Job instance at 0x146f780cf230>,0,12,[2 5],1,1,13,0,1
1,<environment.Job instance at 0x146f79b54730>,1,3,[1 9],2,13,16,11,3
1,<environment.Job instance at 0x146f9646ed70>,8,13,[6 1],9,9,22,0,9
1,<environment.Job instance at 0x146f9646e410>,1,13,[2 8],2,2,15,0,2
1,<environment.Job instance at 0x146f79c11690>,2,3,[1 8],3,15,18,12,3
1,<environment.Job instance at 0x146f81cab500>,3,3,[1 8],4,18,21,14,4
1,<environment.Job instance at 0x146f81cabe60>,0,1,[2 5],1,2,3,1,2
1,<environment.Job instance at 0x146f965247d0>,1,17,[6 1],3,94,111,91,94
1,<environment.Job instance at 0x146f79cdedc0>,0,2,[8 1],1,2,4,1,2
1,<environment.Job instance at 0x146f832b7dc0>,4,2,[2 7],6,6,8,0,6
1,<environment.Job instance at 0x146f832b70a0>,5,2,[2 7],7,8,10,1,7
1,<environment.Job instance at 0x146f832b7690>,6,16,[10  2],9,10,26,1,9
1,<environment.Job instance at 0x146f807522d0>,0,3,[9 2],1,1,4,0,1
1,<environment.Job instance at 0x146f96524550>,1,3,[2 9],2,4,7,2,2
1,<environment.Job instance at 0x146f807529b0>,4,2,[1 8],5,7,9,2,5
1,<environment.Job instance at 0x146f7bb2e640>,5,3,[10  2],8,9,12,1,8
1,<environment.Job instance at 0x146f82d5a8c0>,0,12,[2 5],1,1,13,0,1
1,<environment.Job instance at 0x146f82fa5eb0>,1,3,[1 9],2,13,16,11,3
1,<environment.Job instance at 0x146f8068f370>,8,13,[6 1],9,9,22,0,9
1,<environment.Job instance at 0x146f802e96e0>,0,2,[6 1],1,2,4,1,2
1,<environment.Job instance at 0x146f80acd6e0>,2,3,[1 8],3,3,6,0,3
1,<environment.Job instance at 0x146f831a9460>,3,3,[1 8],4,6,9,2,4
1,<environment.Job instance at 0x146f7af492d0>,4,2,[8 1],7,7,9,0,7
1,<environment.Job instance at 0x146f831a9be0>,5,2,[ 1 10],8,9,11,1,9
1,<environment.Job instance at 0x146f821b2b40>,1,17,[6 1],3,8,25,5,8
1,<environment.Job instance at 0x146f79e250a0>,5,3,[6 1],9,25,28,16,11
1,<environment.Job instance at 0x146fce12a8c0>,1,12,[ 1 10],2,2,14,0,2
1,<environment.Job instance at 0x146f796253c0>,2,2,[2 8],4,14,16,10,6
1,<environment.Job instance at 0x146f7a9ab320>,6,16,[10  2],9,16,32,7,9
1,<environment.Job instance at 0x146f7a9ab550>,4,2,[2 7],6,34,36,28,34
1,<environment.Job instance at 0x146fc808bbe0>,0,12,[2 5],1,1,13,0,1
1,<environment.Job instance at 0x146f77d71eb0>,5,3,[9 2],6,13,16,7,7
1,<environment.Job instance at 0x146f77d6f0f0>,8,13,[6 1],9,16,29,7,9
1,<environment.Job instance at 0x146f77d6f2d0>,2,3,[1 8],3,3,6,0,3
1,<environment.Job instance at 0x146f79e57d70>,3,3,[1 8],4,6,9,2,4
1,<environment.Job instance at 0x146f77d6f140>,4,2,[8 1],7,7,9,0,7
1,<environment.Job instance at 0x146f79e57500>,5,2,[ 1 10],8,9,11,1,8
1,<environment.Job instance at 0x146f77d6f960>,1,17,[6 1],3,71,88,68,71
1,<environment.Job instance at 0x146f8035fdc0>,0,2,[8 1],1,1,3,0,1
1,<environment.Job instance at 0x146f952c4370>,1,12,[ 1 10],2,3,15,1,2
1,<environment.Job instance at 0x146fcdeab8c0>,5,2,[2 7],7,15,17,8,7
1,<environment.Job instance at 0x146fcdeab280>,6,16,[10  2],9,17,33,8,9
1,<environment.Job instance at 0x146f95694f50>,0,3,[9 2],1,1,4,0,1
1,<environment.Job instance at 0x146f79e0ea00>,2,1,[2 7],3,4,5,1,3
1,<environment.Job instance at 0x146f79ded050>,0,12,[2 5],1,1,13,0,1
1,<environment.Job instance at 0x146f7a737eb0>,5,3,[9 2],6,13,16,7,7
1,<environment.Job instance at 0x146f7a7370a0>,8,13,[6 1],9,16,29,7,9
1,<environment.Job instance at 0x146f8087caa0>,0,2,[6 1],1,2,4,1,2
1,<environment.Job instance at 0x146f8087c1e0>,2,3,[1 8],3,3,6,0,3
1,<environment.Job instance at 0x146f8087c230>,3,3,[1 8],4,6,9,2,4
1,<environment.Job instance at 0x146f8087cfa0>,4,2,[8 1],7,7,9,0,7
1,<environment.Job instance at 0x146f789863c0>,0,1,[2 5],1,1,2,0,1
1,<environment.Job instance at 0x146fce519690>,2,2,[10  1],5,5,7,0,5
1,<environment.Job instance at 0x146fcf7fc500>,3,3,[6 2],6,9,12,3,9
1,<environment.Job instance at 0x146f800b2870>,0,2,[8 1],1,2,4,1,2
1,<environment.Job instance at 0x146f800b2280>,2,2,[2 8],4,4,6,0,4
1,<environment.Job instance at 0x146fce5207d0>,4,2,[2 7],6,6,8,0,6
1,<environment.Job instance at 0x146f81f090f0>,5,2,[2 7],7,8,10,1,7
1,<environment.Job instance at 0x146fce5204b0>,6,16,[10  2],9,10,26,1,9
1,<environment.Job instance at 0x146f7baec4b0>,0,12,[2 5],1,1,13,0,1
1,<environment.Job instance at 0x146f78dab9b0>,5,3,[9 2],6,13,16,7,7
1,<environment.Job instance at 0x146f78dabbe0>,8,13,[6 1],9,16,29,7,9
1,<environment.Job instance at 0x146f78e72a00>,2,3,[1 8],3,3,6,0,3
1,<environment.Job instance at 0x146f7a7a2460>,3,3,[1 8],4,6,9,2,4
1,<environment.Job instance at 0x146f78e72820>,4,2,[8 1],7,7,9,0,7
1,<environment.Job instance at 0x146f7a7a2410>,5,2,[ 1 10],8,9,11,1,8
1,<environment.Job instance at 0x146f7b3ea2d0>,1,17,[6 1],3,71,88,68,71
1,<environment.Job instance at 0x146f95ecc5a0>,0,2,[8 1],1,1,3,0,1
1,<environment.Job instance at 0x146f95ecc910>,1,12,[ 1 10],2,3,15,1,2
1,<environment.Job instance at 0x146f77627dc0>,5,2,[2 7],7,15,17,8,7
1,<environment.Job instance at 0x146f776279b0>,6,16,[10  2],9,17,33,8,9
1,<environment.Job instance at 0x146f7b200960>,0,3,[9 2],1,1,4,0,1
1,<environment.Job instance at 0x146f81a0f960>,2,1,[2 7],3,4,5,1,3
1,<environment.Job instance at 0x146f7b606a50>,5,3,[10  2],8,362,365,354,362
1,<environment.Job instance at 0x146f7b921af0>,0,12,[2 5],1,1,13,0,1
1,<environment.Job instance at 0x146f95f67f50>,5,3,[9 2],6,13,16,7,7
1,<environment.Job instance at 0x146f7780e280>,8,13,[6 1],9,16,29,7,9
1,<environment.Job instance at 0x146f7a397690>,0,2,[6 1],1,3,5,2,3
1,<environment.Job instance at 0x146fce4d7fa0>,3,3,[1 8],4,4,7,0,4
1,<environment.Job instance at 0x146f807d23c0>,4,2,[8 1],7,7,9,0,7
1,<environment.Job instance at 0x146f79b265a0>,0,1,[2 5],1,1,2,0,1
1,<environment.Job instance at 0x146f9710a2d0>,1,17,[6 1],3,3,20,0,3
1,<environment.Job instance at 0x146f76f391e0>,0,2,[8 1],1,1,3,0,1
1,<environment.Job instance at 0x146f76f392d0>,1,12,[ 1 10],2,3,15,1,2
1,<environment.Job instance at 0x146f82920aa0>,6,16,[10  2],9,15,31,6,9
1,<environment.Job instance at 0x146f94eaad70>,0,3,[9 2],1,2,5,1,2
1,<environment.Job instance at 0x146f78b4c5f0>,5,3,[10  2],8,8,11,0,8
1,<environment.Job instance at 0x146fcfef5af0>,0,12,[2 5],1,1,13,0,1
1,<environment.Job instance at 0x146f78e291e0>,5,3,[9 2],6,13,16,7,7
1,<environment.Job instance at 0x146f804b4c80>,8,13,[6 1],9,16,29,7,9
1,<environment.Job instance at 0x146f80a59d70>,0,2,[6 1],1,2,4,1,2
1,<environment.Job instance at 0x146f77ce0fa0>,2,3,[1 8],3,3,6,0,3
1,<environment.Job instance at 0x146f80a59be0>,3,3,[1 8],4,6,9,2,4
1,<environment.Job instance at 0x146f79c61af0>,4,2,[8 1],7,7,9,0,7
1,<environment.Job instance at 0x146f79c0faa0>,0,1,[2 5],1,1,2,0,1
1,<environment.Job instance at 0x146fced105a0>,1,17,[6 1],3,3,20,0,3
1,<environment.Job instance at 0x146fce715be0>,0,2,[8 1],1,1,3,0,1
1,<environment.Job instance at 0x146fcd3af5f0>,1,12,[ 1 10],2,3,15,1,2
1,<environment.Job instance at 0x146fcf2dacd0>,6,16,[10  2],9,15,31,6,9
1,<environment.Job instance at 0x146f7b564550>,0,3,[9 2],1,2,5,1,2
1,<environment.Job instance at 0x146f776cd5a0>,0,12,[2 5],1,1,13,0,1
1,<environment.Job instance at 0x146f77111550>,5,3,[9 2],6,13,16,7,7
1,<environment.Job instance at 0x146f77111fa0>,8,13,[6 1],9,16,29,7,9
1,<environment.Job instance at 0x146f7709b460>,0,2,[6 1],1,2,4,1,2
1,<environment.Job instance at 0x146f7709b190>,2,3,[1 8],3,3,6,0,3
1,<environment.Job instance at 0x146f786b1e60>,3,3,[1 8],4,6,9,2,4
1,<environment.Job instance at 0x146f7709baa0>,4,2,[8 1],7,7,9,0,7
1,<environment.Job instance at 0x146f786b14b0>,5,2,[ 1 10],8,9,11,1,8
1,<environment.Job instance at 0x146f796ad3c0>,0,1,[2 5],1,1,2,0,1
1,<environment.Job instance at 0x146f94b8ab40>,1,17,[6 1],3,3,20,0,3
1,<environment.Job instance at 0x146f79d67870>,0,2,[8 1],1,1,3,0,1
1,<environment.Job instance at 0x146f7709b9b0>,1,12,[ 1 10],2,3,15,1,2
1,<environment.Job instance at 0x146f783e6f50>,6,16,[10  2],9,15,31,6,9
1,<environment.Job instance at 0x146fce310960>,0,3,[9 2],1,1,4,0,1
1,<environment.Job instance at 0x146fce212b90>,0,12,[2 5],1,1,13,0,1
1,<environment.Job instance at 0x146f796c61e0>,5,3,[9 2],6,13,16,7,7
1,<environment.Job instance at 0x146f796c6280>,8,13,[6 1],9,16,29,7,9
1,<environment.Job instance at 0x146f96213e60>,0,2,[6 1],1,2,4,1,2
1,<environment.Job instance at 0x146fce212190>,2,3,[1 8],3,3,6,0,3
1,<environment.Job instance at 0x146f80feb280>,3,3,[1 8],4,6,9,2,4
1,<environment.Job instance at 0x146f779425a0>,4,2,[8 1],7,7,9,0,7
1,<environment.Job instance at 0x146f7798af00>,5,2,[ 1 10],8,9,11,1,8
1,<environment.Job instance at 0x146f7798aeb0>,0,1,[2 5],1,1,2,0,1
1,<environment.Job instance at 0x146f7798ae10>,1,17,[6 1],3,3,20,0,3
1,<environment.Job instance at 0x146fce73faa0>,0,2,[8 1],1,1,3,0,1
1,<environment.Job instance at 0x146f82e3bf50>,1,12,[ 1 10],2,3,15,1,2
1,<environment.Job instance at 0x146f73596960>,6,16,[10  2],9,15,31,6,9
1,<environment.Job instance at 0x146f961587d0>,0,3,[9 2],1,2,5,1,2
1,<environment.Job instance at 0x146f7a32b460>,5,3,[10  2],8,10,13,2,10
1,<environment.Job instance at 0x146f81c803c0>,0,12,[2 5],1,1,13,0,1
1,<environment.Job instance at 0x146f808039b0>,5,3,[9 2],6,13,16,7,7
1,<environment.Job instance at 0x146f799c9f00>,8,13,[6 1],9,16,29,7,9
1,<environment.Job instance at 0x146f79ce2500>,0,2,[6 1],1,2,4,1,2
1,<environment.Job instance at 0x146f79ce2370>,2,3,[1 8],3,3,6,0,3
1,<environment.Job instance at 0x146f9492c5f0>,3,3,[1 8],4,6,9,2,4
1,<environment.Job instance at 0x146f79329d20>,4,2,[8 1],7,7,9,0,7
1,<environment.Job instance at 0x146f82394280>,5,2,[ 1 10],8,9,11,1,8
1,<environment.Job instance at 0x146f79d85870>,0,1,[2 5],1,1,2,0,1
1,<environment.Job instance at 0x146f7b988640>,1,17,[6 1],3,3,20,0,3
1,<environment.Job instance at 0x146f7b233550>,5,3,[6 1],9,20,23,11,14
1,<environment.Job instance at 0x146f7b233870>,0,2,[8 1],1,1,3,0,1
1,<environment.Job instance at 0x146f799c9190>,1,12,[ 1 10],2,3,15,1,2
1,<environment.Job instance at 0x146f7b233780>,6,16,[10  2],9,15,31,6,9
1,<environment.Job instance at 0x146f76f0b190>,0,3,[9 2],1,2,5,1,2
1,<environment.Job instance at 0x146f77d115a0>,5,3,[10  2],8,10,13,2,10
1,<environment.Job instance at 0x146f834f8230>,0,12,[2 5],1,1,13,0,1
1,<environment.Job instance at 0x146f788499b0>,5,3,[9 2],6,13,16,7,7
1,<environment.Job instance at 0x146f788495f0>,8,13,[6 1],9,16,29,7,9
1,<environment.Job instance at 0x146f94cd8280>,0,2,[6 1],1,2,4,1,2
1,<environment.Job instance at 0x146f7a2e4320>,2,3,[1 8],3,3,6,0,3
1,<environment.Job instance at 0x146f78e595a0>,3,3,[1 8],4,6,9,2,4
1,<environment.Job instance at 0x146f7a2e40a0>,4,2,[8 1],7,7,9,0,7
1,<environment.Job instance at 0x146f802f0320>,5,2,[ 1 10],8,9,11,1,8
1,<environment.Job instance at 0x146f829e7aa0>,0,1,[2 5],1,1,2,0,1
1,<environment.Job instance at 0x146f829e7f00>,1,17,[6 1],3,3,20,0,3
1,<environment.Job instance at 0x146f9583c910>,3,3,[6 2],6,20,23,14,9
1,<environment.Job instance at 0x146f787ec1e0>,0,2,[8 1],1,1,3,0,1
1,<environment.Job instance at 0x146f7aa59aa0>,1,12,[ 1 10],2,3,15,1,2
1,<environment.Job instance at 0x146f7aa59dc0>,6,16,[10  2],9,15,31,6,9
1,<environment.Job instance at 0x146f771c4c80>,0,3,[9 2],1,2,5,1,2
1,<environment.Job instance at 0x146f8327b5f0>,5,3,[10  2],8,10,13,2,10
1,<environment.Job instance at 0x146f94936910>,0,12,[2 5],1,1,13,0,1
1,<environment.Job instance at 0x146f81404820>,5,3,[9 2],6,13,16,7,7
1,<environment.Job instance at 0x146f7a2f45f0>,8,13,[6 1],9,16,29,7,9
1,<environment.Job instance at 0x146f81e67c30>,0,2,[6 1],1,2,4,1,2
1,<environment.Job instance at 0x146f81e67f00>,2,3,[1 8],3,3,6,0,3
1,<environment.Job instance at 0x146fcc83ffa0>,3,3,[1 8],4,6,9,2,4
1,<environment.Job instance at 0x146f95f49f50>,4,2,[8 1],7,7,9,0,7
1,<environment.Job instance at 0x146f83b9c230>,5,2,[ 1 10],8,9,11,1,8
1,<environment.Job instance at 0x146fcece1410>,0,1,[2 5],1,1,2,0,1
1,<environment.Job instance at 0x146f83b9c640>,1,17,[6 1],3,3,20,0,3
1,<environment.Job instance at 0x146f82411780>,3,3,[6 2],6,20,23,14,9
1,<environment.Job instance at 0x146f79fb6b90>,0,2,[8 1],1,2,4,1,2
1,<environment.Job instance at 0x146f78477500>,2,2,[2 8],4,4,6,0,4
1,<environment.Job instance at 0x146fcc5b3550>,3,1,[2 7],5,6,7,1,5
1,<environment.Job instance at 0x146f827119b0>,4,2,[2 7],6,7,9,1,6
1,<environment.Job instance at 0x146f82711d20>,5,2,[2 7],7,9,11,2,7
1,<environment.Job instance at 0x146f7a655fa0>,6,16,[10  2],9,11,27,2,9
1,<environment.Job instance at 0x146f82278b40>,1,3,[2 9],2,2,5,0,2
1,<environment.Job instance at 0x146f81871f00>,2,1,[2 7],3,5,6,2,4
1,<environment.Job instance at 0x146f82612910>,4,2,[1 8],5,6,8,1,5
1,<environment.Job instance at 0x146f82612870>,5,3,[10  2],8,8,11,0,8
1,<environment.Job instance at 0x146f77dea280>,0,12,[2 5],1,1,13,0,1
1,<environment.Job instance at 0x146f736a7690>,5,3,[9 2],6,13,16,7,7
1,<environment.Job instance at 0x146f736a7730>,8,13,[6 1],9,16,29,7,9
1,<environment.Job instance at 0x146f7380d5a0>,1,13,[2 8],2,2,15,0,2
1,<environment.Job instance at 0x146f7909f7d0>,5,2,[ 1 10],8,16,18,8,16
1,<environment.Job instance at 0x146f79bb22d0>,0,1,[2 5],1,1,2,0,1
1,<environment.Job instance at 0x146f8398c500>,1,17,[6 1],3,3,20,0,3
1,<environment.Job instance at 0x146f83c2a7d0>,3,3,[6 2],6,20,23,14,9
1,<environment.Job instance at 0x146f76d7a780>,5,3,[6 1],9,23,26,14,14
1,<environment.Job instance at 0x146f964b8dc0>,0,2,[8 1],1,1,3,0,1
1,<environment.Job instance at 0x146f78b5a370>,1,12,[ 1 10],2,3,15,1,2
1,<environment.Job instance at 0x146f8334ffa0>,6,16,[10  2],9,15,31,6,9
1,<environment.Job instance at 0x146f7a884190>,0,3,[9 2],1,1,4,0,1
1,<environment.Job instance at 0x146f780c3cd0>,1,3,[2 9],2,4,7,2,2
1,<environment.Job instance at 0x146f7a845500>,0,12,[2 5],1,1,13,0,1
1,<environment.Job instance at 0x146f7366f9b0>,5,3,[9 2],6,13,16,7,7
1,<environment.Job instance at 0x146f7366f0a0>,8,13,[6 1],9,16,29,7,9
1,<environment.Job instance at 0x146f80672140>,1,13,[2 8],2,2,15,0,2
1,<environment.Job instance at 0x146f7a77ca00>,0,1,[2 5],1,1,2,0,1
1,<environment.Job instance at 0x146f787b1410>,1,17,[6 1],3,3,20,0,3
1,<environment.Job instance at 0x146f77b80b90>,0,2,[8 1],1,1,3,0,1
1,<environment.Job instance at 0x146f77b808c0>,1,12,[ 1 10],2,3,15,1,2
1,<environment.Job instance at 0x146f77b80460>,6,16,[10  2],9,15,31,6,9
1,<environment.Job instance at 0x146fcef61d70>,0,3,[9 2],1,2,5,1,2
1,<environment.Job instance at 0x146f79389b40>,2,1,[2 7],3,5,6,2,4
1,<environment.Job instance at 0x146f76b6e410>,4,2,[1 8],5,6,8,1,5
1,<environment.Job instance at 0x146f76b6eaf0>,5,3,[10  2],8,8,11,0,8
1,<environment.Job instance at 0x146f816d3c30>,0,12,[2 5],1,1,13,0,1
1,<environment.Job instance at 0x146f962597d0>,6,18,[8 1],7,9,27,2,9
1,<environment.Job instance at 0x146f7aa4cb90>,0,2,[6 1],1,2,4,1,2
1,<environment.Job instance at 0x146f7aa4c410>,2,3,[1 8],3,3,6,0,3
1,<environment.Job instance at 0x146f94aa05f0>,3,3,[1 8],4,6,9,2,4
1,<environment.Job instance at 0x146f790bd0a0>,2,2,[10  1],5,5,7,0,5
1,<environment.Job instance at 0x146fcefea280>,3,3,[6 2],6,7,10,1,7
1,<environment.Job instance at 0x146f832d4550>,5,3,[6 1],9,10,13,1,10
1,<environment.Job instance at 0x146f792d9fa0>,0,2,[8 1],1,2,4,1,2
1,<environment.Job instance at 0x146f80acdeb0>,3,1,[2 7],5,5,6,0,5
1,<environment.Job instance at 0x146f79646af0>,4,2,[2 7],6,6,8,0,6
1,<environment.Job instance at 0x146f800f03c0>,5,2,[2 7],7,8,10,1,7
1,<environment.Job instance at 0x146f78467370>,6,16,[10  2],9,10,26,1,9
1,<environment.Job instance at 0x146f7abbf230>,0,3,[9 2],1,2,5,1,2
1,<environment.Job instance at 0x146f79af2550>,5,3,[10  2],8,518,521,510,518
1,<environment.Job instance at 0x146f807446e0>,0,12,[2 5],1,1,13,0,1
1,<environment.Job instance at 0x146f81cd97d0>,6,18,[8 1],7,9,27,2,9
1,<environment.Job instance at 0x146f76f1d730>,0,2,[6 1],1,2,4,1,2
1,<environment.Job instance at 0x146fce252c30>,2,3,[1 8],3,3,6,0,3
1,<environment.Job instance at 0x146f78b1ddc0>,3,3,[1 8],4,6,9,2,4
1,<environment.Job instance at 0x146f7bd54aa0>,2,2,[10  1],5,5,7,0,5
1,<environment.Job instance at 0x146f77d1a690>,3,3,[6 2],6,7,10,1,7
1,<environment.Job instance at 0x146f83ba81e0>,0,2,[8 1],1,2,4,1,2
1,<environment.Job instance at 0x146f96474e10>,3,1,[2 7],5,5,6,0,5
1,<environment.Job instance at 0x146f942e0b90>,4,2,[2 7],6,6,8,0,6
1,<environment.Job instance at 0x146f79646190>,5,2,[2 7],7,8,10,1,7
1,<environment.Job instance at 0x146f79646410>,6,16,[10  2],9,10,26,1,9
1,<environment.Job instance at 0x146f7a64a7d0>,0,3,[9 2],1,2,5,1,2
1,<environment.Job instance at 0x146f7a64a960>,5,3,[10  2],8,8,11,0,8
1,<environment.Job instance at 0x146f7be5e780>,0,12,[2 5],1,1,13,0,1
1,<environment.Job instance at 0x146f81e09be0>,5,3,[9 2],6,13,16,7,7
1,<environment.Job instance at 0x146f95e68b90>,8,13,[6 1],9,16,29,7,9
1,<environment.Job instance at 0x146f781c7230>,1,13,[2 8],2,2,15,0,2
1,<environment.Job instance at 0x146f83b4bb40>,0,1,[2 5],1,1,2,0,1
1,<environment.Job instance at 0x146f83b4baf0>,1,17,[6 1],3,3,20,0,3
1,<environment.Job instance at 0x146f82251d70>,0,2,[8 1],1,1,3,0,1
1,<environment.Job instance at 0x146f7be5ec80>,1,12,[ 1 10],2,3,15,1,2
1,<environment.Job instance at 0x146f79c11be0>,6,16,[10  2],9,15,31,6,9
1,<environment.Job instance at 0x146f784d25a0>,0,3,[9 2],1,2,5,1,2
1,<environment.Job instance at 0x146f808663c0>,5,3,[10  2],8,10,13,2,10
1,<environment.Job instance at 0x146f7a56abe0>,0,12,[2 5],1,1,13,0,1
1,<environment.Job instance at 0x146f75b40780>,5,3,[9 2],6,13,16,7,7
1,<environment.Job instance at 0x146f75b406e0>,8,13,[6 1],9,16,29,7,9
1,<environment.Job instance at 0x146f7aa50cd0>,1,13,[2 8],2,2,15,0,2
1,<environment.Job instance at 0x146f80b59b90>,0,1,[2 5],1,1,2,0,1
1,<environment.Job instance at 0x146f80b59be0>,1,17,[6 1],3,3,20,0,3
1,<environment.Job instance at 0x146f82fd2aa0>,0,2,[8 1],1,1,3,0,1
1,<environment.Job instance at 0x146f80b59aa0>,1,12,[ 1 10],2,3,15,1,2
1,<environment.Job instance at 0x146f81634690>,6,16,[10  2],9,15,31,6,9
1,<environment.Job instance at 0x146f961786e0>,0,3,[9 2],1,2,5,1,2
1,<environment.Job instance at 0x146f7acd9b90>,4,2,[1 8],5,10,12,5,10
1,<environment.Job instance at 0x146f80a15d70>,0,12,[2 5],1,1,13,0,1
1,<environment.Job instance at 0x146fcd93b2d0>,5,3,[9 2],6,13,16,7,7
1,<environment.Job instance at 0x146f7a8e8820>,8,13,[6 1],9,16,29,7,9
1,<environment.Job instance at 0x146f77ebe0f0>,1,13,[2 8],2,2,15,0,2
1,<environment.Job instance at 0x146f763b4140>,0,1,[2 5],1,1,2,0,1
1,<environment.Job instance at 0x146f763b40f0>,1,17,[6 1],3,3,20,0,3
1,<environment.Job instance at 0x146f948a9d70>,0,2,[8 1],1,1,3,0,1
1,<environment.Job instance at 0x146f79807190>,1,12,[ 1 10],2,3,15,1,2
1,<environment.Job instance at 0x146f80beb3c0>,6,16,[10  2],9,15,31,6,9
1,<environment.Job instance at 0x146f765505f0>,0,3,[9 2],1,2,5,1,2
1,<environment.Job instance at 0x146f795549b0>,5,3,[10  2],8,1071,1074,1063,1071
1,<environment.Job instance at 0x146f77ec5dc0>,0,12,[2 5],1,1,13,0,1
1,<environment.Job instance at 0x146f764fbdc0>,6,18,[8 1],7,8,26,1,8
1,<environment.Job instance at 0x146f79031820>,8,13,[6 1],9,26,39,17,22
1,<environment.Job instance at 0x146f77e7d870>,0,2,[6 1],1,2,4,1,2
1,<environment.Job instance at 0x146f77e7d140>,2,3,[1 8],3,3,6,0,3
1,<environment.Job instance at 0x146f8251c730>,3,3,[1 8],4,6,9,2,4
1,<environment.Job instance at 0x146f77e7d2d0>,4,2,[8 1],7,7,9,0,7
1,<environment.Job instance at 0x146f8251c3c0>,5,2,[ 1 10],8,9,11,1,8
1,<environment.Job instance at 0x146f8251cd20>,1,17,[6 1],3,4,21,1,4
1,<environment.Job instance at 0x146f756a5280>,0,2,[8 1],1,1,3,0,1
1,<environment.Job instance at 0x146f8251cbe0>,1,12,[ 1 10],2,3,15,1,2
1,<environment.Job instance at 0x146f791aa5f0>,6,16,[10  2],9,15,31,6,9
1,<environment.Job instance at 0x146f7a0d30f0>,0,3,[9 2],1,2,5,1,2
1,<environment.Job instance at 0x146f8163deb0>,0,12,[2 5],1,1,13,0,1
1,<environment.Job instance at 0x146f7a6b0460>,6,18,[8 1],7,8,26,1,8
1,<environment.Job instance at 0x146f83ba54b0>,8,13,[6 1],9,26,39,17,22
1,<environment.Job instance at 0x146f81dac410>,0,2,[6 1],1,2,4,1,2
1,<environment.Job instance at 0x146f777e57d0>,2,3,[1 8],3,3,6,0,3
1,<environment.Job instance at 0x146f777e5550>,3,3,[1 8],4,6,9,2,4
1,<environment.Job instance at 0x146f76de4d20>,4,2,[8 1],7,7,9,0,7
1,<environment.Job instance at 0x146f76de47d0>,5,2,[ 1 10],8,9,11,1,8
1,<environment.Job instance at 0x146f764a0d70>,0,1,[2 5],1,1,2,0,1
1,<environment.Job instance at 0x146f764a0e60>,1,17,[6 1],3,3,20,0,3
1,<environment.Job instance at 0x146f797c6780>,0,2,[8 1],1,1,3,0,1
1,<environment.Job instance at 0x146f777e5d20>,1,12,[ 1 10],2,3,15,1,2
1,<environment.Job instance at 0x146f79b98230>,6,16,[10  2],9,15,31,6,9
1,<environment.Job instance at 0x146f95fb9e60>,0,3,[9 2],1,2,5,1,2
1,<environment.Job instance at 0x146fce867050>,4,2,[1 8],5,5,7,0,5
1,<environment.Job instance at 0x146fce867460>,5,3,[10  2],8,8,11,0,8
1,<environment.Job instance at 0x146f82504870>,0,12,[2 5],1,1,13,0,1
1,<environment.Job instance at 0x146fced81410>,5,3,[9 2],6,13,16,7,7
1,<environment.Job instance at 0x146fced81d70>,8,13,[6 1],9,16,29,7,9
1,<environment.Job instance at 0x146f804fd230>,1,13,[2 8],2,2,15,0,2
1,<environment.Job instance at 0x146f755eb550>,0,1,[2 5],1,1,2,0,1
1,<environment.Job instance at 0x146f77b3f8c0>,1,17,[6 1],3,3,20,0,3
1,<environment.Job instance at 0x146f954585a0>,0,2,[8 1],1,1,3,0,1
1,<environment.Job instance at 0x146f78629dc0>,1,12,[ 1 10],2,3,15,1,2
1,<environment.Job instance at 0x146f95458b90>,6,16,[10  2],9,15,31,6,9
1,<environment.Job instance at 0x146fce0ffb40>,0,3,[9 2],1,2,5,1,2
1,<environment.Job instance at 0x146f7a8c17d0>,4,2,[1 8],5,5,7,0,5
1,<environment.Job instance at 0x146f7a8c1c80>,5,3,[10  2],8,8,11,0,8
1,<environment.Job instance at 0x146f76e1b5f0>,0,12,[2 5],1,1,13,0,1
1,<environment.Job instance at 0x146f76e1bd20>,1,3,[1 9],2,13,16,11,3
1,<environment.Job instance at 0x146f82df7640>,5,3,[9 2],6,16,19,10,7
1,<environment.Job instance at 0x146f77f07eb0>,8,13,[6 1],9,19,32,10,9
1,<environment.Job instance at 0x146f82df7d70>,1,13,[2 8],2,2,15,0,2
1,<environment.Job instance at 0x146f78d8c320>,0,1,[2 5],1,1,2,0,1
1,<environment.Job instance at 0x146f801b8550>,1,17,[6 1],3,3,20,0,3
1,<environment.Job instance at 0x146f7640d1e0>,0,2,[8 1],1,1,3,0,1
1,<environment.Job instance at 0x146f82df7dc0>,1,12,[ 1 10],2,3,15,1,2
1,<environment.Job instance at 0x146f816bd690>,6,16,[10  2],9,15,31,6,9
1,<environment.Job instance at 0x146f94858820>,0,3,[9 2],1,2,5,1,2
1,<environment.Job instance at 0x146f76994af0>,2,1,[2 7],3,5,6,2,4
1,<environment.Job instance at 0x146f79185780>,4,2,[1 8],5,6,8,1,5
1,<environment.Job instance at 0x146f791856e0>,5,3,[10  2],8,8,11,0,8
1,<environment.Job instance at 0x146f7a8d2820>,0,12,[2 5],1,1,13,0,1
1,<environment.Job instance at 0x146f751f1f50>,1,3,[1 9],2,13,16,11,3
1,<environment.Job instance at 0x146f795b6d20>,5,3,[9 2],6,16,19,10,7
1,<environment.Job instance at 0x146f79052320>,8,13,[6 1],9,22,35,13,22
1,<environment.Job instance at 0x146f79b34a00>,1,13,[2 8],2,2,15,0,2
1,<environment.Job instance at 0x146f7467efa0>,2,3,[1 8],3,15,18,12,3
1,<environment.Job instance at 0x146f746820a0>,1,17,[6 1],3,50,67,47,50
1,<environment.Job instance at 0x146f765c0370>,0,2,[8 1],1,2,4,1,2
1,<environment.Job instance at 0x146f765c0690>,2,2,[2 8],4,4,6,0,4
1,<environment.Job instance at 0x146f769a2a00>,3,1,[2 7],5,6,7,1,5
1,<environment.Job instance at 0x146f769a2460>,4,2,[2 7],6,7,9,1,7
1,<environment.Job instance at 0x146f769a2140>,6,16,[10  2],9,9,25,0,9
1,<environment.Job instance at 0x146f97344780>,0,12,[2 5],1,1,13,0,1
1,<environment.Job instance at 0x146f77c83e60>,6,18,[8 1],7,8,26,1,8
1,<environment.Job instance at 0x146f77c83a50>,8,13,[6 1],9,26,39,17,22
1,<environment.Job instance at 0x146f94a1f410>,0,2,[6 1],1,2,4,1,2
1,<environment.Job instance at 0x146f78febd70>,2,3,[1 8],3,3,6,0,3
1,<environment.Job instance at 0x146fcc4c0af0>,3,3,[1 8],4,6,9,2,4
1,<environment.Job instance at 0x146f959df550>,4,2,[8 1],7,7,9,0,7
1,<environment.Job instance at 0x146fcc4c04b0>,5,2,[ 1 10],8,9,11,1,8
1,<environment.Job instance at 0x146fcc4c02d0>,0,1,[2 5],1,1,2,0,1
1,<environment.Job instance at 0x146fcc4c01e0>,1,17,[6 1],3,82,99,79,82
1,<environment.Job instance at 0x146fcd9c6e60>,0,2,[8 1],1,2,4,1,2
1,<environment.Job instance at 0x146fcd9c6690>,2,2,[2 8],4,4,6,0,4
1,<environment.Job instance at 0x146fcd9c6e10>,3,1,[2 7],5,6,7,1,5
1,<environment.Job instance at 0x146fcd9c60f0>,6,16,[10  2],9,9,25,0,9
1,<environment.Job instance at 0x146f7b4733c0>,1,3,[2 9],2,2,5,0,2
1,<environment.Job instance at 0x146f831f32d0>,2,1,[2 7],3,5,6,2,3
1,<environment.Job instance at 0x146f73447500>,0,12,[2 5],1,1,13,0,1
1,<environment.Job instance at 0x146f783862d0>,5,3,[9 2],6,13,16,7,7
1,<environment.Job instance at 0x146f78386500>,8,13,[6 1],9,16,29,7,14
1,<environment.Job instance at 0x146f7a92e410>,0,2,[6 1],1,2,4,1,2
1,<environment.Job instance at 0x146f76f4d7d0>,2,3,[1 8],3,3,6,0,3
1,<environment.Job instance at 0x146f7a92ee10>,3,3,[1 8],4,6,9,2,4
1,<environment.Job instance at 0x146f78386dc0>,4,2,[8 1],7,7,9,0,7
1,<environment.Job instance at 0x146f769f78c0>,5,2,[ 1 10],8,9,11,1,8
1,<environment.Job instance at 0x146f7a598e10>,2,2,[10  1],5,5,7,0,5
1,<environment.Job instance at 0x146f79bbdb90>,3,3,[6 2],6,7,10,1,7
1,<environment.Job instance at 0x146f764f6d70>,0,2,[8 1],1,2,4,1,2
1,<environment.Job instance at 0x146f764f61e0>,2,2,[2 8],4,4,6,0,4
1,<environment.Job instance at 0x146f805501e0>,3,1,[2 7],5,6,7,1,5
1,<environment.Job instance at 0x146fcd5ab0a0>,4,2,[2 7],6,7,9,1,6
1,<environment.Job instance at 0x146f972bd550>,5,2,[2 7],7,9,11,2,7
1,<environment.Job instance at 0x146f82277b90>,6,16,[10  2],9,11,27,2,9
1,<environment.Job instance at 0x146f77217820>,0,3,[9 2],1,2,5,1,2
1,<environment.Job instance at 0x146f7b9487d0>,0,12,[2 5],1,1,13,0,1
1,<environment.Job instance at 0x146f757db690>,5,3,[9 2],6,13,16,7,7
1,<environment.Job instance at 0x146f7b948be0>,1,13,[2 8],2,2,15,0,2
1,<environment.Job instance at 0x146f750e5f50>,0,1,[2 5],1,1,2,0,1
1,<environment.Job instance at 0x146f750e5b40>,1,17,[6 1],3,110,127,107,110
1,<environment.Job instance at 0x146f798804b0>,1,12,[ 1 10],2,2,14,0,2
1,<environment.Job instance at 0x146f81f0ff00>,6,16,[10  2],9,14,30,5,9
1,<environment.Job instance at 0x146f79cdd8c0>,0,3,[9 2],1,1,4,0,1
1,<environment.Job instance at 0x146f9492caf0>,1,3,[2 9],2,4,7,2,2
1,<environment.Job instance at 0x146f81da7870>,4,2,[1 8],5,7,9,2,5
1,<environment.Job instance at 0x146f806a6690>,5,3,[10  2],8,9,12,1,8
1,<environment.Job instance at 0x146f792d1e10>,0,12,[2 5],1,1,13,0,1
1,<environment.Job instance at 0x146f94a8c820>,5,3,[9 2],6,13,16,7,7
1,<environment.Job instance at 0x146fcef4bcd0>,1,13,[2 8],2,2,15,0,2
1,<environment.Job instance at 0x146f94793910>,0,1,[2 5],1,2,3,1,2
1,<environment.Job instance at 0x146f77f42aa0>,5,3,[6 1],9,281,284,272,281
1,<environment.Job instance at 0x146f75e58780>,0,2,[8 1],1,2,4,1,2
1,<environment.Job instance at 0x146f75e58dc0>,2,2,[2 8],4,4,6,0,4
1,<environment.Job instance at 0x146f767a44b0>,6,16,[10  2],9,9,25,0,9
1,<environment.Job instance at 0x146f7b8dbd70>,1,3,[2 9],2,2,5,0,2
1,<environment.Job instance at 0x146f7a2876e0>,2,1,[2 7],3,5,6,2,3
1,<environment.Job instance at 0x146f79352a00>,5,3,[10  2],8,225,228,217,225
1,<environment.Job instance at 0x146f76746aa0>,0,12,[2 5],1,1,13,0,1
1,<environment.Job instance at 0x146f7aff4960>,5,3,[9 2],6,13,16,7,7
1,<environment.Job instance at 0x146f7aff4d70>,8,13,[6 1],9,16,29,7,9
1,<environment.Job instance at 0x146f7854e230>,1,13,[2 8],2,2,15,0,2
1,<environment.Job instance at 0x146f73dbd2d0>,0,1,[2 5],1,1,2,0,1
1,<environment.Job instance at 0x146f73db7be0>,1,17,[6 1],3,3,20,0,3
1,<environment.Job instance at 0x146f777e7c30>,0,2,[8 1],1,1,3,0,1
1,<environment.Job instance at 0x146f8176ceb0>,1,12,[ 1 10],2,3,15,1,2
1,<environment.Job instance at 0x146f7ba44f00>,6,16,[10  2],9,15,31,6,9
1,<environment.Job instance at 0x146f73702690>,0,3,[9 2],1,2,5,1,2
1,<environment.Job instance at 0x146f789e20a0>,0,12,[2 5],1,1,13,0,1
1,<environment.Job instance at 0x146f7ab712d0>,5,3,[9 2],6,13,16,7,7
1,<environment.Job instance at 0x146f7ab71190>,8,13,[6 1],9,16,29,7,9
1,<environment.Job instance at 0x146f9472f550>,1,13,[2 8],2,2,15,0,2
1,<environment.Job instance at 0x146f7b94c8c0>,0,1,[2 5],1,1,2,0,1
1,<environment.Job instance at 0x146f962711e0>,1,17,[6 1],3,3,20,0,3
1,<environment.Job instance at 0x146f800cb500>,0,2,[8 1],1,1,3,0,1
1,<environment.Job instance at 0x146f800cb460>,1,12,[ 1 10],2,3,15,1,2
1,<environment.Job instance at 0x146f754b6aa0>,6,16,[10  2],9,15,31,6,9
1,<environment.Job instance at 0x146fcd87ba00>,0,3,[9 2],1,2,5,1,2
1,<environment.Job instance at 0x146f82d3b230>,4,2,[1 8],5,5,7,0,5
1,<environment.Job instance at 0x146f78f3bb90>,5,3,[10  2],8,8,11,0,8
1,<environment.Job instance at 0x146fcccfcf00>,0,12,[2 5],1,1,13,0,1
1,<environment.Job instance at 0x146f792f75f0>,5,3,[9 2],6,13,16,7,7
1,<environment.Job instance at 0x146f805a98c0>,8,13,[6 1],9,16,29,7,9
1,<environment.Job instance at 0x146fcccfc280>,1,13,[2 8],2,2,15,0,2
1,<environment.Job instance at 0x146f952f3e60>,0,1,[2 5],1,1,2,0,1
1,<environment.Job instance at 0x146f952f3370>,1,17,[6 1],3,3,20,0,3
1,<environment.Job instance at 0x146f785edaa0>,3,3,[6 2],6,20,23,14,9
1,<environment.Job instance at 0x146f82565280>,0,2,[8 1],1,1,3,0,1
1,<environment.Job instance at 0x146f821e1410>,1,12,[ 1 10],2,3,15,1,2
1,<environment.Job instance at 0x146f74e87f50>,4,2,[2 7],6,15,17,9,6
1,<environment.Job instance at 0x146f74e87af0>,5,2,[2 7],7,17,19,10,7
1,<environment.Job instance at 0x146f74e87be0>,6,16,[10  2],9,19,35,10,9
1,<environment.Job instance at 0x146f78c09b90>,0,3,[9 2],1,1,4,0,1
1,<environment.Job instance at 0x146f741cd780>,1,3,[2 9],2,4,7,2,2
1,<environment.Job instance at 0x146f7415a5f0>,0,12,[2 5],1,1,13,0,1
1,<environment.Job instance at 0x146f81ac65a0>,5,3,[9 2],6,13,16,7,7
1,<environment.Job instance at 0x146f81ac6eb0>,8,13,[6 1],9,16,29,7,9
1,<environment.Job instance at 0x146f7a6c4960>,1,13,[2 8],2,2,15,0,2
1,<environment.Job instance at 0x146f7b0d28c0>,0,1,[2 5],1,1,2,0,1
1,<environment.Job instance at 0x146f7b0d2870>,1,17,[6 1],3,3,20,0,3
1,<environment.Job instance at 0x146f75ef1230>,5,3,[6 1],9,20,23,11,11
1,<environment.Job instance at 0x146f7b989a00>,0,2,[8 1],1,1,3,0,1
1,<environment.Job instance at 0x146f96b07780>,1,12,[ 1 10],2,3,15,1,2
1,<environment.Job instance at 0x146f81d05aa0>,6,16,[10  2],9,15,31,6,9
1,<environment.Job instance at 0x146fcd778af0>,0,3,[9 2],1,2,5,1,2
1,<environment.Job instance at 0x146f7450caa0>,0,12,[2 5],1,1,13,0,1
1,<environment.Job instance at 0x146f73bceeb0>,5,3,[9 2],6,13,16,7,7
1,<environment.Job instance at 0x146f73bcec30>,8,13,[6 1],9,16,29,7,9
1,<environment.Job instance at 0x146f73bb7140>,1,13,[2 8],2,2,15,0,2
1,<environment.Job instance at 0x146f7b7fcd20>,0,1,[2 5],1,1,2,0,1
1,<environment.Job instance at 0x146f734429b0>,1,17,[6 1],3,3,20,0,3
1,<environment.Job instance at 0x146f798a30a0>,0,2,[8 1],1,1,3,0,1
1,<environment.Job instance at 0x146fce632280>,1,12,[ 1 10],2,3,15,1,2
1,<environment.Job instance at 0x146f962459b0>,6,16,[10  2],9,15,31,6,9
1,<environment.Job instance at 0x146f82b62500>,0,3,[9 2],1,2,5,1,2
1,<environment.Job instance at 0x146f777ae140>,4,2,[1 8],5,5,7,0,5
1,<environment.Job instance at 0x146f777ae230>,5,3,[10  2],8,8,11,0,8
1,<environment.Job instance at 0x146f744257d0>,0,12,[2 5],1,1,13,0,1
1,<environment.Job instance at 0x146f7450e960>,5,3,[9 2],6,13,16,7,7
1,<environment.Job instance at 0x146f77e39f50>,8,13,[6 1],9,16,29,7,9
1,<environment.Job instance at 0x146f75da41e0>,0,2,[6 1],1,2,4,1,2
1,<environment.Job instance at 0x146fcc4fcfa0>,2,3,[1 8],3,3,6,0,3
1,<environment.Job instance at 0x146f744e2f00>,3,3,[1 8],4,6,9,2,4
1,<environment.Job instance at 0x146f744e2780>,4,2,[8 1],7,7,9,0,7
1,<environment.Job instance at 0x146f74481050>,5,2,[ 1 10],8,9,11,1,8
1,<environment.Job instance at 0x146f74585b40>,0,1,[2 5],1,2,3,1,2
1,<environment.Job instance at 0x146f77e39a00>,1,17,[6 1],3,70,87,67,70
1,<environment.Job instance at 0x146f82d03d20>,0,2,[8 1],1,1,3,0,1
1,<environment.Job instance at 0x146f82d03eb0>,1,12,[ 1 10],2,3,15,1,2
1,<environment.Job instance at 0x146f76f39fa0>,5,2,[2 7],7,15,17,8,7
1,<environment.Job instance at 0x146f76f39690>,6,16,[10  2],9,17,33,8,9
1,<environment.Job instance at 0x146f737b34b0>,0,3,[9 2],1,1,4,0,1
1,<environment.Job instance at 0x146f834fad20>,1,3,[2 9],2,4,7,2,3
1,<environment.Job instance at 0x146f750e3fa0>,0,12,[2 5],1,1,13,0,1
1,<environment.Job instance at 0x146f7adbdbe0>,5,3,[9 2],6,13,16,7,7
1,<environment.Job instance at 0x146f7630daf0>,8,13,[6 1],9,16,29,7,9
1,<environment.Job instance at 0x146f7630d5f0>,1,13,[2 8],2,2,15,0,2
1,<environment.Job instance at 0x146f80a5e870>,0,1,[2 5],1,2,3,1,2
1,<environment.Job instance at 0x146f7630de10>,1,17,[6 1],3,70,87,67,70
1,<environment.Job instance at 0x146f743e1d20>,0,2,[8 1],1,1,3,0,1
1,<environment.Job instance at 0x146f80a5e1e0>,1,12,[ 1 10],2,3,15,1,2
1,<environment.Job instance at 0x146f7b737cd0>,5,2,[2 7],7,15,17,8,7
1,<environment.Job instance at 0x146f7b7373c0>,6,16,[10  2],9,17,33,8,9
1,<environment.Job instance at 0x146fcdefa320>,0,3,[9 2],1,1,4,0,1
1,<environment.Job instance at 0x146f814b28c0>,0,12,[2 5],1,1,13,0,1
1,<environment.Job instance at 0x146f8356a640>,6,18,[8 1],7,8,26,1,8
1,<environment.Job instance at 0x146f76519500>,8,13,[6 1],9,26,39,17,22
1,<environment.Job instance at 0x146f784cbfa0>,0,2,[6 1],1,2,4,1,2
1,<environment.Job instance at 0x146f784cb7d0>,2,3,[1 8],3,3,6,0,3
1,<environment.Job instance at 0x146f7aa5bb40>,3,3,[1 8],4,6,9,2,4
1,<environment.Job instance at 0x146f96651cd0>,4,2,[8 1],7,7,9,0,7
1,<environment.Job instance at 0x146f7aa5b230>,5,2,[ 1 10],8,9,11,1,8
1,<environment.Job instance at 0x146f7a920dc0>,0,1,[2 5],1,1,2,0,1
1,<environment.Job instance at 0x146f7a920780>,1,17,[6 1],3,3,20,0,3
1,<environment.Job instance at 0x146f79b4da50>,5,3,[6 1],9,20,23,11,11
1,<environment.Job instance at 0x146f78fa9230>,0,2,[8 1],1,1,3,0,1
1,<environment.Job instance at 0x146f73de8870>,1,12,[ 1 10],2,3,15,1,2
1,<environment.Job instance at 0x146f75e94320>,6,16,[10  2],9,15,31,6,9
1,<environment.Job instance at 0x146f75997820>,0,3,[9 2],1,2,5,1,2
1,<environment.Job instance at 0x146f770f70f0>,0,12,[2 5],1,1,13,0,1
1,<environment.Job instance at 0x146f73323b40>,5,3,[9 2],6,13,16,7,7
1,<environment.Job instance at 0x146f95a4e0f0>,8,13,[6 1],9,16,29,7,9
1,<environment.Job instance at 0x146f74de68c0>,0,2,[6 1],1,2,4,1,2
1,<environment.Job instance at 0x146f74de66e0>,2,3,[1 8],3,3,6,0,3
1,<environment.Job instance at 0x146f7830f5f0>,3,3,[1 8],4,6,9,2,4
1,<environment.Job instance at 0x146f7bedcdc0>,4,2,[8 1],7,7,9,0,7
1,<environment.Job instance at 0x146fcc2bd910>,5,2,[ 1 10],8,9,11,1,8
1,<environment.Job instance at 0x146f945255a0>,0,1,[2 5],1,2,3,1,2
1,<environment.Job instance at 0x146f7830faa0>,1,17,[6 1],3,70,87,67,70
1,<environment.Job instance at 0x146f7bd550f0>,0,2,[8 1],1,1,3,0,1
1,<environment.Job instance at 0x146f95a4edc0>,1,12,[ 1 10],2,3,15,1,2
1,<environment.Job instance at 0x146f6f0c9eb0>,5,2,[2 7],7,15,17,8,7
1,<environment.Job instance at 0x146f6f0c9f00>,6,16,[10  2],9,17,33,8,9
1,<environment.Job instance at 0x146f6ef258c0>,0,3,[9 2],1,1,4,0,1
1,<environment.Job instance at 0x146f9524e2d0>,0,12,[2 5],1,1,13,0,1
1,<environment.Job instance at 0x146f77c50550>,5,3,[9 2],6,13,16,7,7
1,<environment.Job instance at 0x146f75a636e0>,8,13,[6 1],9,16,29,7,9
1,<environment.Job instance at 0x146f943d80f0>,1,13,[2 8],2,2,15,0,2
1,<environment.Job instance at 0x146f813a4780>,0,1,[2 5],1,2,3,1,2
1,<environment.Job instance at 0x146f752d10f0>,1,17,[6 1],3,70,87,67,70
1,<environment.Job instance at 0x146f6f1c4be0>,0,2,[8 1],1,1,3,0,1
1,<environment.Job instance at 0x146f6f1c4280>,1,12,[ 1 10],2,3,15,1,2
1,<environment.Job instance at 0x146f969dab90>,5,2,[2 7],7,15,17,8,7
1,<environment.Job instance at 0x146f969da500>,6,16,[10  2],9,17,33,8,9
1,<environment.Job instance at 0x146f795b8a50>,0,3,[9 2],1,1,4,0,1
1,<environment.Job instance at 0x146f7b164e10>,0,12,[2 5],1,1,13,0,1
1,<environment.Job instance at 0x146f7b164230>,6,18,[8 1],7,8,26,1,8
1,<environment.Job instance at 0x146f77701be0>,8,13,[6 1],9,26,39,17,20
1,<environment.Job instance at 0x146f7a33e3c0>,0,2,[6 1],1,2,4,1,2
1,<environment.Job instance at 0x146f7a33eb90>,2,3,[1 8],3,3,6,0,3
1,<environment.Job instance at 0x146f7a33e5f0>,3,3,[1 8],4,6,9,2,4
1,<environment.Job instance at 0x146f82198140>,5,2,[ 1 10],8,9,11,1,8
1,<environment.Job instance at 0x146f79b57410>,0,1,[2 5],1,1,2,0,1
1,<environment.Job instance at 0x146f7acd0820>,1,17,[6 1],3,3,20,0,3
1,<environment.Job instance at 0x146f96368190>,0,2,[8 1],1,1,3,0,1
1,<environment.Job instance at 0x146f963682d0>,1,12,[ 1 10],2,3,15,1,2
1,<environment.Job instance at 0x146f75e69730>,6,16,[10  2],9,15,31,6,9
1,<environment.Job instance at 0x146f74d21f00>,0,3,[9 2],1,2,5,1,2
1,<environment.Job instance at 0x146fced817d0>,0,12,[2 5],1,1,13,0,1
1,<environment.Job instance at 0x146fcc80e9b0>,6,18,[8 1],7,7,25,0,7
1,<environment.Job instance at 0x146f8164adc0>,0,2,[6 1],1,2,4,1,2
1,<environment.Job instance at 0x146f75356190>,2,3,[1 8],3,3,6,0,3
1,<environment.Job instance at 0x146f94b0b0f0>,3,3,[1 8],4,6,9,2,4
1,<environment.Job instance at 0x146f94b0b9b0>,5,2,[ 1 10],8,9,11,1,8
1,<environment.Job instance at 0x146f81ad0550>,1,17,[6 1],3,3,20,0,3
1,<environment.Job instance at 0x146f7a6f65f0>,0,2,[8 1],1,2,4,1,2
1,<environment.Job instance at 0x146f80172910>,2,2,[2 8],4,4,6,0,4
1,<environment.Job instance at 0x146f80dc83c0>,3,1,[2 7],5,6,7,1,5
1,<environment.Job instance at 0x146f80dc8910>,4,2,[2 7],6,7,9,1,6
1,<environment.Job instance at 0x146f801721e0>,5,2,[2 7],7,9,11,2,7
1,<environment.Job instance at 0x146f80dc8c30>,6,16,[10  2],9,11,27,2,9
1,<environment.Job instance at 0x146f750ca190>,1,3,[2 9],2,2,5,0,2
1,<environment.Job instance at 0x146f73352320>,0,12,[2 5],1,1,13,0,1
1,<environment.Job instance at 0x146f7a623b90>,6,18,[8 1],7,8,26,1,8
1,<environment.Job instance at 0x146f7440aaf0>,0,2,[6 1],1,2,4,1,2
1,<environment.Job instance at 0x146f7440af00>,2,3,[1 8],3,3,6,0,3
1,<environment.Job instance at 0x146f7440a190>,3,3,[1 8],4,6,9,2,4
1,<environment.Job instance at 0x146f7440a500>,5,2,[ 1 10],8,9,11,1,8
1,<environment.Job instance at 0x146f73a44eb0>,1,17,[6 1],3,28,45,25,28
1,<environment.Job instance at 0x146f74585af0>,0,2,[8 1],1,1,3,0,1
1,<environment.Job instance at 0x146f7bc45a00>,1,12,[ 1 10],2,3,15,1,2
1,<environment.Job instance at 0x146f761c6c30>,6,16,[10  2],9,15,31,6,9
1,<environment.Job instance at 0x146f6f37a370>,0,3,[9 2],1,1,4,0,1
1,<environment.Job instance at 0x146fced27410>,1,3,[2 9],2,4,7,2,2
1,<environment.Job instance at 0x146f76811b90>,0,12,[2 5],1,1,13,0,1
1,<environment.Job instance at 0x146f73b1d870>,6,18,[8 1],7,7,25,0,7
1,<environment.Job instance at 0x146f7694fd20>,0,2,[6 1],1,2,4,1,2
1,<environment.Job instance at 0x146f74279eb0>,2,3,[1 8],3,3,6,0,3
1,<environment.Job instance at 0x146f74279f50>,3,3,[1 8],4,6,9,2,4
1,<environment.Job instance at 0x146f82513190>,4,2,[8 1],7,8,10,1,8
1,<environment.Job instance at 0x146f6f3488c0>,1,17,[6 1],3,3,20,0,3
1,<environment.Job instance at 0x146f79f67280>,2,2,[2 8],4,4,6,0,4
1,<environment.Job instance at 0x146f6ef94a00>,3,1,[2 7],5,6,7,1,5
1,<environment.Job instance at 0x146f6ef94c30>,4,2,[2 7],6,7,9,1,6
1,<environment.Job instance at 0x146f6ef94690>,5,2,[2 7],7,9,11,2,7
1,<environment.Job instance at 0x146f81e3ee10>,6,16,[10  2],9,11,27,2,9
1,<environment.Job instance at 0x146f6ef949b0>,1,3,[2 9],2,2,5,0,2
1,<environment.Job instance at 0x146f74d0c960>,0,12,[2 5],1,1,13,0,1
1,<environment.Job instance at 0x146f7300a320>,6,18,[8 1],7,8,26,1,8
1,<environment.Job instance at 0x146f7300aa50>,8,13,[6 1],9,26,39,17,20
1,<environment.Job instance at 0x146fcdcf49b0>,0,2,[6 1],1,2,4,1,2
1,<environment.Job instance at 0x146f8146fe10>,2,3,[1 8],3,3,6,0,3
1,<environment.Job instance at 0x146fcdcf4780>,3,3,[1 8],4,6,9,2,4
1,<environment.Job instance at 0x146f733373c0>,5,2,[ 1 10],8,9,11,1,8
1,<environment.Job instance at 0x146f73337b90>,0,1,[2 5],1,1,2,0,1
1,<environment.Job instance at 0x146f73009aa0>,1,17,[6 1],3,3,20,0,3
1,<environment.Job instance at 0x146f831c5f50>,0,2,[8 1],1,1,3,0,1
1,<environment.Job instance at 0x146f742c2eb0>,1,12,[ 1 10],2,3,15,1,2
1,<environment.Job instance at 0x146f83c5cf50>,6,16,[10  2],9,15,31,6,9
1,<environment.Job instance at 0x146f839d2550>,0,3,[9 2],1,2,5,1,2
1,<environment.Job instance at 0x146fcef895f0>,0,12,[2 5],1,1,13,0,1
1,<environment.Job instance at 0x146f722d56e0>,5,3,[9 2],6,13,16,7,7
1,<environment.Job instance at 0x146f732bf500>,8,13,[6 1],9,16,29,7,9
1,<environment.Job instance at 0x146fcd45f550>,0,2,[6 1],1,2,4,1,2
1,<environment.Job instance at 0x146f732bfb40>,2,3,[1 8],3,3,6,0,3
1,<environment.Job instance at 0x146fcd72cbe0>,3,3,[1 8],4,6,9,2,4
1,<environment.Job instance at 0x146f6eba5050>,5,2,[ 1 10],8,9,11,1,8
1,<environment.Job instance at 0x146f782b5d70>,1,17,[6 1],3,31,48,28,31
1,<environment.Job instance at 0x146f782b5690>,0,2,[8 1],1,1,3,0,1
1,<environment.Job instance at 0x146f754d4820>,1,12,[ 1 10],2,3,15,1,2
1,<environment.Job instance at 0x146f7770d1e0>,6,16,[10  2],9,15,31,6,9
1,<environment.Job instance at 0x146f79d89eb0>,0,3,[9 2],1,1,4,0,1
1,<environment.Job instance at 0x146f821986e0>,1,3,[2 9],2,4,7,2,2
1,<environment.Job instance at 0x146f79f1f690>,0,12,[2 5],1,1,13,0,1
1,<environment.Job instance at 0x146f72b89fa0>,5,3,[9 2],6,13,16,7,7
1,<environment.Job instance at 0x146f72b89190>,8,13,[6 1],9,16,29,7,11
1,<environment.Job instance at 0x146f78f007d0>,0,2,[6 1],1,2,4,1,2
1,<environment.Job instance at 0x146f79887140>,2,3,[1 8],3,3,6,0,3
1,<environment.Job instance at 0x146f79887190>,3,3,[1 8],4,6,9,2,4
1,<environment.Job instance at 0x146fc81a0190>,5,2,[ 1 10],8,9,11,1,8
1,<environment.Job instance at 0x146fc81a0b40>,1,17,[6 1],3,31,48,28,31
1,<environment.Job instance at 0x146f806a8780>,0,2,[8 1],1,1,3,0,1
1,<environment.Job instance at 0x146f754e8e10>,1,12,[ 1 10],2,3,15,1,2
1,<environment.Job instance at 0x146f7459f370>,6,16,[10  2],9,15,31,6,9
1,<environment.Job instance at 0x146f8396e230>,0,3,[9 2],1,1,4,0,1
1,<environment.Job instance at 0x146f7af35e60>,1,3,[2 9],2,4,7,2,2
1,<environment.Job instance at 0x146f73c465a0>,0,12,[2 5],1,1,13,0,1
1,<environment.Job instance at 0x146f7b698460>,6,18,[8 1],7,8,26,1,8
1,<environment.Job instance at 0x146f7b6987d0>,8,13,[6 1],9,26,39,17,20
1,<environment.Job instance at 0x146f7a39f780>,0,2,[6 1],1,2,4,1,2
1,<environment.Job instance at 0x146f7b698f00>,2,3,[1 8],3,3,6,0,3
1,<environment.Job instance at 0x146f72c965f0>,3,3,[1 8],4,6,9,2,4
1,<environment.Job instance at 0x146f72c964b0>,0,1,[2 5],1,1,2,0,1
1,<environment.Job instance at 0x146f76e69a50>,1,17,[6 1],3,3,20,0,3
1,<environment.Job instance at 0x146f7b0c9b90>,0,2,[8 1],1,1,3,0,1
1,<environment.Job instance at 0x146fcd45f0f0>,1,12,[ 1 10],2,3,15,1,2
1,<environment.Job instance at 0x146f814bd550>,6,16,[10  2],9,15,31,6,9
1,<environment.Job instance at 0x146f71ff62d0>,0,3,[9 2],1,2,5,1,2
1,<environment.Job instance at 0x146f77367550>,0,12,[2 5],1,1,13,0,1
1,<environment.Job instance at 0x146fcf782690>,8,13,[6 1],9,9,22,0,9
1,<environment.Job instance at 0x146f730d6320>,0,2,[6 1],1,2,4,1,2
1,<environment.Job instance at 0x146f72b704b0>,2,3,[1 8],3,3,6,0,3
1,<environment.Job instance at 0x146f730d6b90>,3,3,[1 8],4,6,9,2,4
1,<environment.Job instance at 0x146f7be18e10>,5,2,[ 1 10],8,9,11,1,8
1,<environment.Job instance at 0x146f801267d0>,1,17,[6 1],3,11,28,8,11
1,<environment.Job instance at 0x146f7410b050>,1,12,[ 1 10],2,2,14,0,2
1,<environment.Job instance at 0x146f78c1bc80>,5,2,[2 7],7,14,16,7,7
1,<environment.Job instance at 0x146f78c1b3c0>,6,16,[10  2],9,16,32,7,9
1,<environment.Job instance at 0x146f744ab4b0>,1,3,[2 9],2,2,5,0,2
1,<environment.Job instance at 0x146fcd082f50>,0,12,[2 5],1,1,13,0,1
1,<environment.Job instance at 0x146f79bdfbe0>,5,3,[9 2],6,13,16,7,7
1,<environment.Job instance at 0x146f79bdf230>,8,13,[6 1],9,16,29,7,9
1,<environment.Job instance at 0x146f79bdfb40>,1,13,[2 8],2,2,15,0,2
1,<environment.Job instance at 0x146fce27daf0>,0,1,[2 5],1,1,2,0,1
1,<environment.Job instance at 0x146f74bcaeb0>,1,17,[6 1],3,3,20,0,3
1,<environment.Job instance at 0x146f752f6050>,3,3,[6 2],6,20,23,14,9
1,<environment.Job instance at 0x146f6f28ae60>,0,2,[8 1],1,1,3,0,1
1,<environment.Job instance at 0x146f816ccfa0>,1,12,[ 1 10],2,3,15,1,2
1,<environment.Job instance at 0x146f7838b960>,6,16,[10  2],9,15,31,6,9
1,<environment.Job instance at 0x146f752f6f50>,1,3,[2 9],2,2,5,0,2
1,<environment.Job instance at 0x146fcc6bc5f0>,0,12,[2 5],1,1,13,0,1
1,<environment.Job instance at 0x146f799c9690>,5,3,[9 2],6,13,16,7,7
1,<environment.Job instance at 0x146f799c9320>,8,13,[6 1],9,16,29,7,9
1,<environment.Job instance at 0x146f7ab4f780>,0,2,[6 1],1,1,3,0,1
1,<environment.Job instance at 0x146f7419ed70>,1,13,[2 8],2,2,15,0,2
1,<environment.Job instance at 0x146f7ab4f5a0>,2,3,[1 8],3,15,18,12,3
1,<environment.Job instance at 0x146f6f1ea7d0>,3,3,[1 8],4,18,21,14,4
1,<environment.Job instance at 0x146f6f1eadc0>,4,2,[8 1],7,8,10,1,8
1,<environment.Job instance at 0x146f782538c0>,0,1,[2 5],1,1,2,0,1
1,<environment.Job instance at 0x146f97046e10>,1,17,[6 1],3,3,20,0,3
1,<environment.Job instance at 0x146f73eb51e0>,0,2,[8 1],1,2,4,1,2
1,<environment.Job instance at 0x146f7a5554b0>,2,2,[2 8],4,4,6,0,4
1,<environment.Job instance at 0x146f6f1e3280>,4,2,[2 7],6,6,8,0,6
1,<environment.Job instance at 0x146f6f1e3aa0>,5,2,[2 7],7,8,10,1,7
1,<environment.Job instance at 0x146f6f1e30a0>,6,16,[10  2],9,10,26,1,9
1,<environment.Job instance at 0x146f94c84280>,0,3,[9 2],1,1,4,0,1
1,<environment.Job instance at 0x146f7a555dc0>,1,3,[2 9],2,4,7,2,2
1,<environment.Job instance at 0x146f94c84e60>,2,1,[2 7],3,7,8,4,3
1,<environment.Job instance at 0x146f798374b0>,0,12,[2 5],1,1,13,0,1
1,<environment.Job instance at 0x146f7821bcd0>,5,3,[9 2],6,13,16,7,7
1,<environment.Job instance at 0x146f7821baf0>,8,13,[6 1],9,16,29,7,12
1,<environment.Job instance at 0x146f78b9a140>,0,2,[6 1],1,2,4,1,2
1,<environment.Job instance at 0x146f78878960>,2,3,[1 8],3,3,6,0,3
1,<environment.Job instance at 0x146f8103f2d0>,3,3,[1 8],4,6,9,2,4
1,<environment.Job instance at 0x146f74126f00>,5,2,[ 1 10],8,9,11,1,8
1,<environment.Job instance at 0x146f767688c0>,1,17,[6 1],3,53,70,50,53
1,<environment.Job instance at 0x146f6ede0870>,0,2,[8 1],1,2,4,1,2
1,<environment.Job instance at 0x146f6ede07d0>,2,2,[2 8],4,4,6,0,4
1,<environment.Job instance at 0x146f769c1190>,5,2,[2 7],7,7,9,0,7
1,<environment.Job instance at 0x146f769c1690>,6,16,[10  2],9,9,25,0,9
1,<environment.Job instance at 0x146f72813190>,0,12,[2 5],1,1,13,0,1
1,<environment.Job instance at 0x146f763b4e60>,5,3,[9 2],6,13,16,7,7
1,<environment.Job instance at 0x146f72bbed70>,8,13,[6 1],9,16,29,7,11
1,<environment.Job instance at 0x146f76360230>,0,2,[6 1],1,2,4,1,2
1,<environment.Job instance at 0x146fcdf20f00>,2,3,[1 8],3,3,6,0,3
1,<environment.Job instance at 0x146fcc1f7eb0>,3,3,[1 8],4,6,9,2,4
1,<environment.Job instance at 0x146fcdf20460>,4,2,[8 1],7,8,10,1,8
1,<environment.Job instance at 0x146f72e75780>,1,17,[6 1],3,31,48,28,31
1,<environment.Job instance at 0x146f71ff60f0>,1,12,[ 1 10],2,2,14,0,2
1,<environment.Job instance at 0x146f773549b0>,6,16,[10  2],9,14,30,5,9
1,<environment.Job instance at 0x146f6f2a7730>,0,3,[9 2],1,1,4,0,1
1,<environment.Job instance at 0x146f756a15a0>,1,3,[2 9],2,4,7,2,2
1,<environment.Job instance at 0x146f73f51f00>,0,12,[2 5],1,1,13,0,1
1,<environment.Job instance at 0x146f7168b3c0>,5,3,[9 2],6,13,16,7,7
1,<environment.Job instance at 0x146f7168c7d0>,8,13,[6 1],9,16,29,7,11
1,<environment.Job instance at 0x146f7175f320>,0,2,[6 1],1,2,4,1,2
1,<environment.Job instance at 0x146f7168b780>,2,3,[1 8],3,3,6,0,3
1,<environment.Job instance at 0x146f71837320>,3,3,[1 8],4,6,9,2,4
1,<environment.Job instance at 0x146f83722f00>,5,2,[ 1 10],8,9,11,1,8
1,<environment.Job instance at 0x146fce4c9730>,1,17,[6 1],3,53,70,50,53
1,<environment.Job instance at 0x146f83722f00>,5,3,[6 1],9,70,73,61,69
1,<environment.Job instance at 0x146f81b2b230>,0,2,[8 1],1,2,4,1,2
1,<environment.Job instance at 0x146f81b2b960>,2,2,[2 8],4,4,6,0,4
1,<environment.Job instance at 0x146f753a5be0>,3,1,[2 7],5,6,7,1,5
1,<environment.Job instance at 0x146f753a5cd0>,4,2,[2 7],6,7,9,1,6
1,<environment.Job instance at 0x146f753a5af0>,5,2,[2 7],7,9,11,2,7
1,<environment.Job instance at 0x146f753a5d20>,6,16,[10  2],9,11,27,2,9
1,<environment.Job instance at 0x146f96f517d0>,0,12,[2 5],1,1,13,0,1
1,<environment.Job instance at 0x146f76a34230>,5,3,[9 2],6,13,16,7,7
1,<environment.Job instance at 0x146f7989aeb0>,8,13,[6 1],9,16,29,7,11
1,<environment.Job instance at 0x146f6f34e690>,0,2,[6 1],1,2,4,1,2
1,<environment.Job instance at 0x146f76b4f2d0>,2,3,[1 8],3,3,6,0,3
1,<environment.Job instance at 0x146f7565ec80>,3,3,[1 8],4,6,9,2,4
1,<environment.Job instance at 0x146f6f34e320>,4,2,[8 1],7,8,10,1,8
1,<environment.Job instance at 0x146f7565e0a0>,1,17,[6 1],3,31,48,28,31
1,<environment.Job instance at 0x146f6eba1eb0>,5,3,[6 1],9,53,56,44,53
1,<environment.Job instance at 0x146f80fddc30>,0,2,[8 1],1,1,3,0,1
1,<environment.Job instance at 0x146f756c8550>,1,12,[ 1 10],2,3,15,1,2
1,<environment.Job instance at 0x146f780ac0f0>,0,3,[9 2],1,1,4,0,1
1,<environment.Job instance at 0x146fce165050>,1,3,[2 9],2,4,7,2,2
1,<environment.Job instance at 0x146f71c68b90>,0,12,[2 5],1,1,13,0,1
1,<environment.Job instance at 0x146f96758960>,5,3,[9 2],6,13,16,7,7
1,<environment.Job instance at 0x146f75699dc0>,8,13,[6 1],9,16,29,7,9
1,<environment.Job instance at 0x146f73348870>,0,2,[6 1],1,2,4,1,2
1,<environment.Job instance at 0x146f74e7b960>,2,3,[1 8],3,3,6,0,3
1,<environment.Job instance at 0x146f73780230>,3,3,[1 8],4,6,9,2,4
1,<environment.Job instance at 0x146f82c6daf0>,5,2,[ 1 10],8,9,11,1,8
1,<environment.Job instance at 0x146f82c6d9b0>,1,17,[6 1],3,25,42,22,25
1,<environment.Job instance at 0x146f95e5c690>,0,2,[8 1],1,1,3,0,1
1,<environment.Job instance at 0x146f76ec5910>,1,12,[ 1 10],2,3,15,1,2
1,<environment.Job instance at 0x146f82d162d0>,6,16,[10  2],9,15,31,6,9
1,<environment.Job instance at 0x146f75468be0>,0,3,[9 2],1,1,4,0,1
1,<environment.Job instance at 0x146f6f6f8960>,1,3,[2 9],2,4,7,2,2
1,<environment.Job instance at 0x146f76598460>,0,12,[2 5],1,1,13,0,1
1,<environment.Job instance at 0x146f716c7cd0>,5,3,[9 2],6,13,16,7,7
1,<environment.Job instance at 0x146f716c7f50>,8,13,[6 1],9,16,29,7,11
1,<environment.Job instance at 0x146f716993c0>,0,2,[6 1],1,2,4,1,2
1,<environment.Job instance at 0x146f71699280>,2,3,[1 8],3,3,6,0,3
1,<environment.Job instance at 0x146f75fca370>,3,3,[1 8],4,6,9,2,4
1,<environment.Job instance at 0x146f716ac2d0>,4,2,[8 1],7,8,10,1,8
1,<environment.Job instance at 0x146f6e991a00>,1,17,[6 1],3,25,42,22,25
1,<environment.Job instance at 0x146f831c7c30>,5,3,[6 1],9,42,45,33,40
1,<environment.Job instance at 0x146f76aa4320>,0,2,[8 1],1,1,3,0,1
1,<environment.Job instance at 0x146f831c7140>,1,12,[ 1 10],2,3,15,1,2
1,<environment.Job instance at 0x146f7330bc30>,6,16,[10  2],9,15,31,6,9
1,<environment.Job instance at 0x146f730ba190>,0,3,[9 2],1,1,4,0,1
1,<environment.Job instance at 0x146f75fca1e0>,1,3,[2 9],2,4,7,2,2
1,<environment.Job instance at 0x146f7b76d500>,0,12,[2 5],1,1,13,0,1
1,<environment.Job instance at 0x146f7b76d280>,8,13,[6 1],9,11,24,2,11
1,<environment.Job instance at 0x146f79f4e910>,0,2,[6 1],1,2,4,1,2
1,<environment.Job instance at 0x146f737f5e10>,2,3,[1 8],3,3,6,0,3
1,<environment.Job instance at 0x146f7687c640>,3,3,[1 8],4,6,9,2,4
1,<environment.Job instance at 0x146f7687c6e0>,5,2,[ 1 10],8,9,11,1,8
1,<environment.Job instance at 0x146f9492f690>,0,1,[2 5],1,2,3,1,2
1,<environment.Job instance at 0x146fcc39bfa0>,1,17,[6 1],3,25,42,22,25
1,<environment.Job instance at 0x146fcd10aaf0>,0,2,[8 1],1,1,3,0,1
1,<environment.Job instance at 0x146f73699fa0>,1,12,[ 1 10],2,3,15,1,2
1,<environment.Job instance at 0x146f953823c0>,6,16,[10  2],9,15,31,6,9
1,<environment.Job instance at 0x146f9445ef50>,0,3,[9 2],1,1,4,0,1
1,<environment.Job instance at 0x146f94b7ee10>,1,3,[2 9],2,4,7,2,2
1,<environment.Job instance at 0x146f8135d730>,0,12,[2 5],1,1,13,0,1
1,<environment.Job instance at 0x146f961b8f50>,8,13,[6 1],9,11,24,2,11
1,<environment.Job instance at 0x146f732fe5a0>,0,2,[6 1],1,2,4,1,2
1,<environment.Job instance at 0x146f732fecd0>,2,3,[1 8],3,3,6,0,3
1,<environment.Job instance at 0x146f745a66e0>,3,3,[1 8],4,6,9,2,4
1,<environment.Job instance at 0x146f745a6be0>,5,2,[ 1 10],8,9,11,1,8
1,<environment.Job instance at 0x146f745a6500>,0,1,[2 5],1,2,3,1,2
1,<environment.Job instance at 0x146f72b1ff00>,1,17,[6 1],3,25,42,22,25
1,<environment.Job instance at 0x146f746cbbe0>,0,2,[8 1],1,1,3,0,1
1,<environment.Job instance at 0x146f730ebcd0>,1,12,[ 1 10],2,3,15,1,2
1,<environment.Job instance at 0x146f72b1f550>,6,16,[10  2],9,15,31,6,9
1,<environment.Job instance at 0x146f72e77050>,0,3,[9 2],1,1,4,0,1
1,<environment.Job instance at 0x146f71f81a50>,1,3,[2 9],2,4,7,2,2
1,<environment.Job instance at 0x146f76f89410>,0,12,[2 5],1,1,13,0,1
1,<environment.Job instance at 0x146f798945f0>,6,18,[8 1],7,7,25,0,7
1,<environment.Job instance at 0x146f79894c80>,8,13,[6 1],9,25,38,16,13
1,<environment.Job instance at 0x146f74da0be0>,1,13,[2 8],2,2,15,0,2
1,<environment.Job instance at 0x146f7a392cd0>,0,1,[2 5],1,1,2,0,1
1,<environment.Job instance at 0x146f71179cd0>,1,17,[6 1],3,30,47,27,30
1,<environment.Job instance at 0x146f945c0b40>,1,12,[ 1 10],2,2,14,0,2
1,<environment.Job instance at 0x146f945c0f50>,2,2,[2 8],4,14,16,10,4
1,<environment.Job instance at 0x146fcc26d730>,6,16,[10  2],9,16,32,7,9
1,<environment.Job instance at 0x146f763d6280>,0,3,[9 2],1,1,4,0,1
1,<environment.Job instance at 0x146f95489460>,0,12,[2 5],1,1,13,0,1
1,<environment.Job instance at 0x146f95075aa0>,6,18,[8 1],7,7,25,0,7
1,<environment.Job instance at 0x146f95075f50>,7,1,[2 6],8,13,14,5,8
1,<environment.Job instance at 0x146f812eeaf0>,8,13,[6 1],9,25,38,16,11
1,<environment.Job instance at 0x146f787312d0>,1,13,[2 8],2,2,15,0,2
1,<environment.Job instance at 0x146f79b5be60>,0,1,[2 5],1,1,2,0,1
1,<environment.Job instance at 0x146f79b5bfa0>,1,17,[6 1],3,3,20,0,3
1,<environment.Job instance at 0x146f6ffedaf0>,1,12,[ 1 10],2,2,14,0,2
1,<environment.Job instance at 0x146f6ffab230>,2,2,[2 8],4,14,16,10,4
1,<environment.Job instance at 0x146f9517c820>,4,2,[2 7],6,16,18,10,6
1,<environment.Job instance at 0x146f9517c0a0>,6,16,[10  2],9,18,34,9,9
1,<environment.Job instance at 0x146f80c64870>,0,3,[9 2],1,1,4,0,1
1,<environment.Job instance at 0x146f79a9c820>,1,3,[2 9],2,4,7,2,2
1,<environment.Job instance at 0x146f782d8a50>,0,12,[2 5],1,1,13,0,1
1,<environment.Job instance at 0x146f7955ecd0>,6,18,[8 1],7,7,25,0,7
1,<environment.Job instance at 0x146f7955e320>,7,1,[2 6],8,13,14,5,8
1,<environment.Job instance at 0x146f7aa5baa0>,8,13,[6 1],9,25,38,16,11
1,<environment.Job instance at 0x146f7aa5bbe0>,1,13,[2 8],2,2,15,0,2
1,<environment.Job instance at 0x146f76d7fa50>,0,1,[2 5],1,1,2,0,1
1,<environment.Job instance at 0x146f76d7f5f0>,1,17,[6 1],3,3,20,0,3
1,<environment.Job instance at 0x146f72fd1230>,1,12,[ 1 10],2,2,14,0,2
1,<environment.Job instance at 0x146f72fd1280>,2,2,[2 8],4,14,16,10,4
1,<environment.Job instance at 0x146f73ec7eb0>,6,16,[10  2],9,16,32,7,9
1,<environment.Job instance at 0x146f76bc0910>,0,3,[9 2],1,1,4,0,1
1,<environment.Job instance at 0x146f76d7f3c0>,1,3,[2 9],2,4,7,2,2
1,<environment.Job instance at 0x146f7a051190>,0,12,[2 5],1,1,13,0,1
1,<environment.Job instance at 0x146f7257b500>,6,18,[8 1],7,7,25,0,7
1,<environment.Job instance at 0x146f7257bd70>,8,13,[6 1],9,25,38,16,12
1,<environment.Job instance at 0x146f7257b3c0>,1,13,[2 8],2,2,15,0,2
1,<environment.Job instance at 0x146f817265f0>,0,1,[2 5],1,1,2,0,1
1,<environment.Job instance at 0x146f73ea4dc0>,1,17,[6 1],3,3,20,0,3
1,<environment.Job instance at 0x146f70fce1e0>,1,12,[ 1 10],2,2,14,0,2
1,<environment.Job instance at 0x146f71838d20>,2,2,[2 8],4,14,16,10,4
1,<environment.Job instance at 0x146f79958e60>,6,16,[10  2],9,16,32,7,9
1,<environment.Job instance at 0x146f6ecdbd70>,0,3,[9 2],1,1,4,0,1
1,<environment.Job instance at 0x146f6ecdb5a0>,1,3,[2 9],2,4,7,2,2
1,<environment.Job instance at 0x146f80c7bcd0>,0,12,[2 5],1,1,13,0,1
1,<environment.Job instance at 0x146f73d30b90>,6,18,[8 1],7,7,25,0,7
1,<environment.Job instance at 0x146f73d30820>,8,13,[6 1],9,25,38,16,13
1,<environment.Job instance at 0x146f7af918c0>,1,13,[2 8],2,2,15,0,2
1,<environment.Job instance at 0x146f707faa00>,0,1,[2 5],1,1,2,0,1
1,<environment.Job instance at 0x146f707fae60>,1,17,[6 1],3,3,20,0,3
1,<environment.Job instance at 0x146f7215b050>,1,12,[ 1 10],2,2,14,0,2
1,<environment.Job instance at 0x146f7215bd20>,2,2,[2 8],4,14,16,10,4
1,<environment.Job instance at 0x146f7215b960>,6,16,[10  2],9,16,32,7,9
1,<environment.Job instance at 0x146f7511b960>,0,3,[9 2],1,1,4,0,1
1,<environment.Job instance at 0x146f7892e0a0>,1,3,[2 9],2,4,7,2,2
1,<environment.Job instance at 0x146f77773e10>,0,12,[2 5],1,1,13,0,1
1,<environment.Job instance at 0x146f70e175f0>,6,18,[8 1],7,7,25,0,7
1,<environment.Job instance at 0x146f70e17140>,8,13,[6 1],9,25,38,16,13
1,<environment.Job instance at 0x146f70e17230>,1,13,[2 8],2,2,15,0,2
1,<environment.Job instance at 0x146f6f412280>,0,1,[2 5],1,1,2,0,1
1,<environment.Job instance at 0x146f6f4129b0>,1,17,[6 1],3,3,20,0,3
1,<environment.Job instance at 0x146f7a507b90>,1,12,[ 1 10],2,2,14,0,2
1,<environment.Job instance at 0x146f7356ecd0>,2,2,[2 8],4,14,16,10,4
1,<environment.Job instance at 0x146f79d3a460>,6,16,[10  2],9,16,32,7,9
1,<environment.Job instance at 0x146f6fda40f0>,0,3,[9 2],1,1,4,0,1
1,<environment.Job instance at 0x146f7623b320>,1,3,[2 9],2,4,7,2,2
1,<environment.Job instance at 0x146f76838370>,0,12,[2 5],1,1,13,0,1
1,<environment.Job instance at 0x146f6f1d6230>,6,18,[8 1],7,7,25,0,7
1,<environment.Job instance at 0x146f7802c960>,8,13,[6 1],9,25,38,16,12
1,<environment.Job instance at 0x146f710831e0>,1,13,[2 8],2,2,15,0,2
1,<environment.Job instance at 0x146f71083640>,0,1,[2 5],1,1,2,0,1
1,<environment.Job instance at 0x146f71083460>,1,17,[6 1],3,3,20,0,3
1,<environment.Job instance at 0x146f80fa6050>,1,12,[ 1 10],2,2,14,0,2
1,<environment.Job instance at 0x146f7839fe10>,2,2,[2 8],4,14,16,10,4
1,<environment.Job instance at 0x146f6f2390a0>,6,16,[10  2],9,16,32,7,9
1,<environment.Job instance at 0x146f6eddb780>,0,3,[9 2],1,1,4,0,1
1,<environment.Job instance at 0x146f7b053230>,1,3,[2 9],2,4,7,2,2
1,<environment.Job instance at 0x146f748cd780>,0,12,[2 5],1,1,13,0,1
1,<environment.Job instance at 0x146fcd805230>,6,18,[8 1],7,7,25,0,7
1,<environment.Job instance at 0x146fcd805550>,8,13,[6 1],9,25,38,16,13
1,<environment.Job instance at 0x146fcd805dc0>,1,13,[2 8],2,2,15,0,2
1,<environment.Job instance at 0x146f7aa461e0>,0,1,[2 5],1,1,2,0,1
1,<environment.Job instance at 0x146f77d3b3c0>,1,17,[6 1],3,3,20,0,3
1,<environment.Job instance at 0x146f76831e60>,1,12,[ 1 10],2,2,14,0,2
1,<environment.Job instance at 0x146f76831870>,2,2,[2 8],4,14,16,10,4
1,<environment.Job instance at 0x146f95273be0>,6,16,[10  2],9,16,32,7,9
1,<environment.Job instance at 0x146f76eeafa0>,0,3,[9 2],1,1,4,0,1
1,<environment.Job instance at 0x146f833f4be0>,1,3,[2 9],2,4,7,2,2
1,<environment.Job instance at 0x146f721e5aa0>,0,12,[2 5],1,1,13,0,1
1,<environment.Job instance at 0x146f70ece320>,6,18,[8 1],7,7,25,0,7
1,<environment.Job instance at 0x146f70ece4b0>,7,1,[2 6],8,13,14,5,8
1,<environment.Job instance at 0x146f70ecef00>,8,13,[6 1],9,25,38,16,13
1,<environment.Job instance at 0x146f70ece0f0>,1,13,[2 8],2,2,15,0,2
1,<environment.Job instance at 0x146f6f669d70>,0,1,[2 5],1,1,2,0,1
1,<environment.Job instance at 0x146f6f6695f0>,1,17,[6 1],3,3,20,0,3
1,<environment.Job instance at 0x146f70eeaaf0>,1,12,[ 1 10],2,2,14,0,2
1,<environment.Job instance at 0x146f714f0b40>,2,2,[2 8],4,14,16,10,4
1,<environment.Job instance at 0x146f70699cd0>,4,2,[2 7],6,16,18,10,6
1,<environment.Job instance at 0x146f706992d0>,6,16,[10  2],9,18,34,9,9
1,<environment.Job instance at 0x146f706a8640>,0,3,[9 2],1,1,4,0,1
1,<environment.Job instance at 0x146f8366b460>,1,3,[2 9],2,4,7,2,2
1,<environment.Job instance at 0x146f72c7a320>,0,12,[2 5],1,1,13,0,1
1,<environment.Job instance at 0x146f6f6a7410>,6,18,[8 1],7,7,25,0,7
1,<environment.Job instance at 0x146f7a95fdc0>,7,1,[2 6],8,13,14,5,8
1,<environment.Job instance at 0x146f72b04320>,8,13,[6 1],9,25,38,16,13
1,<environment.Job instance at 0x146f73e77f50>,1,13,[2 8],2,2,15,0,2
1,<environment.Job instance at 0x146f766f45a0>,0,1,[2 5],1,1,2,0,1
1,<environment.Job instance at 0x146fcd2e3640>,1,17,[6 1],3,3,20,0,3
1,<environment.Job instance at 0x146f72a90640>,1,12,[ 1 10],2,2,14,0,2
1,<environment.Job instance at 0x146f9553caa0>,4,2,[2 7],6,14,16,8,6
1,<environment.Job instance at 0x146f80baea00>,6,16,[10  2],9,16,32,7,9
1,<environment.Job instance at 0x146fcdbdc820>,0,3,[9 2],1,1,4,0,1
1,<environment.Job instance at 0x146f6b7095a0>,1,3,[2 9],2,4,7,2,2
1,<environment.Job instance at 0x146fcd09d4b0>,0,12,[2 5],1,1,13,0,1
1,<environment.Job instance at 0x146f6fed0870>,6,18,[8 1],7,7,25,0,7
1,<environment.Job instance at 0x146f6eae53c0>,1,13,[2 8],2,2,15,0,2
1,<environment.Job instance at 0x146f79dada50>,2,3,[1 8],3,15,18,12,3
1,<environment.Job instance at 0x146f837a76e0>,3,3,[1 8],4,18,21,14,4
1,<environment.Job instance at 0x146f96b7ff00>,0,1,[2 5],1,1,2,0,1
1,<environment.Job instance at 0x146f96b7fd20>,1,17,[6 1],3,30,47,27,30
1,<environment.Job instance at 0x146f83aecb90>,1,12,[ 1 10],2,2,14,0,2
1,<environment.Job instance at 0x146f83aec870>,2,2,[2 8],4,14,16,10,4
1,<environment.Job instance at 0x146f782aed20>,6,16,[10  2],9,16,32,7,9
1,<environment.Job instance at 0x146f6e6072d0>,1,3,[2 9],2,2,5,0,2
1,<environment.Job instance at 0x146f6fdc8280>,0,12,[2 5],1,1,13,0,1
1,<environment.Job instance at 0x146fcd814f00>,6,18,[8 1],7,7,25,0,7
1,<environment.Job instance at 0x146f819f9fa0>,7,1,[2 6],8,13,14,5,8
1,<environment.Job instance at 0x146f7a9245a0>,8,13,[6 1],9,25,38,16,11
1,<environment.Job instance at 0x146f73baf2d0>,1,13,[2 8],2,2,15,0,2
1,<environment.Job instance at 0x146f80862dc0>,0,1,[2 5],1,1,2,0,1
1,<environment.Job instance at 0x146f80862be0>,1,17,[6 1],3,3,20,0,3
1,<environment.Job instance at 0x146f6fde1140>,1,12,[ 1 10],2,2,14,0,2
1,<environment.Job instance at 0x146f6f7ee690>,4,2,[2 7],6,14,16,8,6
1,<environment.Job instance at 0x146f6f7eef50>,5,2,[2 7],7,16,18,9,7
1,<environment.Job instance at 0x146f6f7ee2d0>,6,16,[10  2],9,18,34,9,9
1,<environment.Job instance at 0x146f753a2d70>,0,3,[9 2],1,1,4,0,1
1,<environment.Job instance at 0x146f77d460a0>,1,3,[2 9],2,4,7,2,2
1,<environment.Job instance at 0x146f80d4cd20>,0,12,[2 5],1,1,13,0,1
1,<environment.Job instance at 0x146f95b2f230>,6,18,[8 1],7,7,25,0,7
1,<environment.Job instance at 0x146f83238910>,7,1,[2 6],8,13,14,5,8
1,<environment.Job instance at 0x146f83238730>,8,13,[6 1],9,25,38,16,13
1,<environment.Job instance at 0x146f719e0a00>,1,13,[2 8],2,2,15,0,2
1,<environment.Job instance at 0x146f970efb40>,0,1,[2 5],1,1,2,0,1
1,<environment.Job instance at 0x146f970efdc0>,1,17,[6 1],3,3,20,0,3
1,<environment.Job instance at 0x146f77c96b40>,1,12,[ 1 10],2,2,14,0,2
1,<environment.Job instance at 0x146f7988ed20>,2,2,[2 8],4,14,16,10,4
1,<environment.Job instance at 0x146f8168aeb0>,6,16,[10  2],9,16,32,7,9
1,<environment.Job instance at 0x146f6f3a0870>,0,3,[9 2],1,1,4,0,1
1,<environment.Job instance at 0x146f82b623c0>,1,3,[2 9],2,4,7,2,2
1,<environment.Job instance at 0x146f79f815f0>,0,12,[2 5],1,1,13,0,1
1,<environment.Job instance at 0x146f72a57320>,6,18,[8 1],7,7,25,0,7
1,<environment.Job instance at 0x146f7aab33c0>,7,1,[2 6],8,13,14,5,8
1,<environment.Job instance at 0x146f72a57780>,8,13,[6 1],9,25,38,16,13
1,<environment.Job instance at 0x146f816cc500>,1,13,[2 8],2,2,15,0,2
1,<environment.Job instance at 0x146f751c4550>,0,1,[2 5],1,1,2,0,1
1,<environment.Job instance at 0x146f75ef1fa0>,1,17,[6 1],3,3,20,0,3
1,<environment.Job instance at 0x146f6ded6dc0>,0,2,[8 1],1,2,4,1,2
1,<environment.Job instance at 0x146f71790dc0>,2,2,[2 8],4,4,6,0,4
1,<environment.Job instance at 0x146f71790460>,3,1,[2 7],5,6,7,1,5
1,<environment.Job instance at 0x146f77cd0c80>,4,2,[2 7],6,7,9,1,6
1,<environment.Job instance at 0x146f6de6fb90>,6,16,[10  2],9,9,25,0,9
1,<environment.Job instance at 0x146f8071d780>,1,3,[2 9],2,2,5,0,2
1,<environment.Job instance at 0x146f732744b0>,0,12,[2 5],1,1,13,0,1
1,<environment.Job instance at 0x146f73274a00>,6,18,[8 1],7,7,25,0,7
1,<environment.Job instance at 0x146f76a530f0>,8,13,[6 1],9,25,38,16,14
1,<environment.Job instance at 0x146f814a1640>,1,13,[2 8],2,2,15,0,2
1,<environment.Job instance at 0x146fcdd46be0>,0,1,[2 5],1,1,2,0,1
1,<environment.Job instance at 0x146f755b3c30>,1,17,[6 1],3,18,35,15,18
1,<environment.Job instance at 0x146f787a7640>,5,3,[6 1],9,38,41,29,38
1,<environment.Job instance at 0x146f713e7f00>,1,12,[ 1 10],2,2,14,0,2
1,<environment.Job instance at 0x146f72aef690>,6,16,[10  2],9,14,30,5,9
1,<environment.Job instance at 0x146f6eb57500>,0,12,[2 5],1,1,13,0,1
1,<environment.Job instance at 0x146f718372d0>,6,18,[8 1],7,7,25,0,7
1,<environment.Job instance at 0x146f754f8230>,8,13,[6 1],9,25,38,16,14
1,<environment.Job instance at 0x146f7b5c5190>,1,13,[2 8],2,2,15,0,2
1,<environment.Job instance at 0x146f83941280>,0,1,[2 5],1,1,2,0,1
1,<environment.Job instance at 0x146f839416e0>,1,17,[6 1],3,30,47,27,30
1,<environment.Job instance at 0x146f714fae60>,1,12,[ 1 10],2,2,14,0,2
1,<environment.Job instance at 0x146f714fa4b0>,2,2,[2 8],4,14,16,10,4
1,<environment.Job instance at 0x146f7206caf0>,6,16,[10  2],9,16,32,7,9
1,<environment.Job instance at 0x146f71a63910>,0,12,[2 5],1,1,13,0,1
1,<environment.Job instance at 0x146f9666c2d0>,6,18,[8 1],7,7,25,0,7
1,<environment.Job instance at 0x146f7791a190>,8,13,[6 1],9,25,38,16,12
1,<environment.Job instance at 0x146f954a0f50>,1,13,[2 8],2,2,15,0,2
1,<environment.Job instance at 0x146f75393e60>,0,1,[2 5],1,1,2,0,1
1,<environment.Job instance at 0x146f75393a50>,1,17,[6 1],3,3,20,0,3
1,<environment.Job instance at 0x146f94dc4280>,1,12,[ 1 10],2,2,14,0,2
1,<environment.Job instance at 0x146f7bedcc30>,6,16,[10  2],9,14,30,5,9
1,<environment.Job instance at 0x146f7322f280>,1,3,[2 9],2,2,5,0,2
1,<environment.Job instance at 0x146f6da71c80>,0,12,[2 5],1,1,13,0,1
1,<environment.Job instance at 0x146f714f9140>,6,18,[8 1],7,7,25,0,7
1,<environment.Job instance at 0x146f714f9d20>,8,13,[6 1],9,25,38,16,12
1,<environment.Job instance at 0x146f71c54a50>,1,13,[2 8],2,2,15,0,2
1,<environment.Job instance at 0x146f711cd3c0>,0,1,[2 5],1,1,2,0,1
1,<environment.Job instance at 0x146f6d9f4a50>,1,17,[6 1],3,3,20,0,3
1,<environment.Job instance at 0x146f714f9230>,1,12,[ 1 10],2,2,14,0,2
1,<environment.Job instance at 0x146f800ae0a0>,4,2,[2 7],6,14,16,8,6
1,<environment.Job instance at 0x146f7377edc0>,6,16,[10  2],9,16,32,7,9
1,<environment.Job instance at 0x146f779f9d70>,0,3,[9 2],1,1,4,0,1
1,<environment.Job instance at 0x146f7085a960>,0,12,[2 5],1,1,13,0,1
1,<environment.Job instance at 0x146f71ecc140>,6,18,[8 1],7,7,25,0,7
1,<environment.Job instance at 0x146f71eccd20>,8,13,[6 1],9,25,38,16,13
1,<environment.Job instance at 0x146f803fc910>,1,13,[2 8],2,2,15,0,2
1,<environment.Job instance at 0x146f833703c0>,0,1,[2 5],1,1,2,0,1
1,<environment.Job instance at 0x146f83370500>,1,17,[6 1],3,3,20,0,3
1,<environment.Job instance at 0x146f7065a640>,1,12,[ 1 10],2,2,14,0,2
1,<environment.Job instance at 0x146f83ddffa0>,4,2,[2 7],6,14,16,8,6
1,<environment.Job instance at 0x146f95b878c0>,6,16,[10  2],9,16,32,7,9
1,<environment.Job instance at 0x146f745b2690>,0,3,[9 2],1,1,4,0,1
1,<environment.Job instance at 0x146f74c23140>,0,12,[2 5],1,1,13,0,1
1,<environment.Job instance at 0x146f6e649050>,6,18,[8 1],7,7,25,0,7
1,<environment.Job instance at 0x146f6e49eb40>,8,13,[6 1],9,25,38,16,13
1,<environment.Job instance at 0x146f6eff7870>,1,13,[2 8],2,2,15,0,2
1,<environment.Job instance at 0x146f73c316e0>,0,1,[2 5],1,1,2,0,1
1,<environment.Job instance at 0x146f70dcb690>,1,17,[6 1],3,3,20,0,3
1,<environment.Job instance at 0x146f796cf4b0>,1,12,[ 1 10],2,2,14,0,2
1,<environment.Job instance at 0x146f6ca5f870>,4,2,[2 7],6,14,16,8,6
1,<environment.Job instance at 0x146f6ca5f2d0>,6,16,[10  2],9,16,32,7,9
1,<environment.Job instance at 0x146f6cb4d370>,0,3,[9 2],1,1,4,0,1
1,<environment.Job instance at 0x146f82849d70>,0,12,[2 5],1,1,13,0,1
1,<environment.Job instance at 0x146f7a950d20>,6,18,[8 1],7,7,25,0,7
1,<environment.Job instance at 0x146f7a950640>,7,1,[2 6],8,13,14,5,8
1,<environment.Job instance at 0x146f7a950870>,8,13,[6 1],9,25,38,16,13
1,<environment.Job instance at 0x146f7840d410>,1,13,[2 8],2,2,15,0,2
1,<environment.Job instance at 0x146f7a6e5550>,0,1,[2 5],1,1,2,0,1
1,<environment.Job instance at 0x146f7a3e2c80>,1,17,[6 1],3,3,20,0,3
1,<environment.Job instance at 0x146f82c2d320>,1,12,[ 1 10],2,2,14,0,2
1,<environment.Job instance at 0x146f703b53c0>,6,16,[10  2],9,14,30,5,9
1,<environment.Job instance at 0x146f6ebc0140>,0,12,[2 5],1,1,13,0,1
1,<environment.Job instance at 0x146fcd7611e0>,6,18,[8 1],7,7,25,0,7
1,<environment.Job instance at 0x146fcd761be0>,8,13,[6 1],9,25,38,16,14
1,<environment.Job instance at 0x146f6e1c2be0>,1,13,[2 8],2,2,15,0,2
1,<environment.Job instance at 0x146f7aa69f50>,0,1,[2 5],1,1,2,0,1
1,<environment.Job instance at 0x146f8099b6e0>,1,17,[6 1],3,30,47,27,30
1,<environment.Job instance at 0x146fcc36eb90>,1,12,[ 1 10],2,2,14,0,2
1,<environment.Job instance at 0x146f970cd0a0>,2,2,[2 8],4,14,16,10,4
1,<environment.Job instance at 0x146f73eb82d0>,6,16,[10  2],9,16,32,7,9
1,<environment.Job instance at 0x146f74675b90>,0,12,[2 5],1,1,13,0,1
1,<environment.Job instance at 0x146f76387230>,6,18,[8 1],7,7,25,0,7
1,<environment.Job instance at 0x146f71b9d9b0>,7,1,[2 6],8,13,14,5,8
1,<environment.Job instance at 0x146f71b9db40>,8,13,[6 1],9,25,38,16,12
1,<environment.Job instance at 0x146f6d5ec2d0>,1,13,[2 8],2,2,15,0,2
1,<environment.Job instance at 0x146f82bdc910>,0,1,[2 5],1,1,2,0,1
1,<environment.Job instance at 0x146f6e7f88c0>,1,17,[6 1],3,3,20,0,3
1,<environment.Job instance at 0x146f752cff50>,1,12,[ 1 10],2,2,14,0,2
1,<environment.Job instance at 0x146f82144d70>,6,16,[10  2],9,14,30,5,9
1,<environment.Job instance at 0x146f82e367d0>,1,3,[2 9],2,2,5,0,2
1,<environment.Job instance at 0x146f6e1960f0>,0,12,[2 5],1,1,13,0,1
1,<environment.Job instance at 0x146f771f1190>,6,18,[8 1],7,7,25,0,7
1,<environment.Job instance at 0x146f771f1d70>,8,13,[6 1],9,25,38,16,13
1,<environment.Job instance at 0x146f6e196c80>,1,13,[2 8],2,2,15,0,2
1,<environment.Job instance at 0x146f7280f3c0>,0,1,[2 5],1,1,2,0,1
1,<environment.Job instance at 0x146f7280f140>,1,17,[6 1],3,3,20,0,3
1,<environment.Job instance at 0x146f763bd0f0>,0,2,[8 1],1,2,4,1,2
1,<environment.Job instance at 0x146f763bd640>,2,2,[2 8],4,4,6,0,4
1,<environment.Job instance at 0x146f750ea820>,3,1,[2 7],5,6,7,1,5
1,<environment.Job instance at 0x146f72b86910>,4,2,[2 7],6,7,9,1,6
1,<environment.Job instance at 0x146f72b86320>,5,2,[2 7],7,9,11,2,7
1,<environment.Job instance at 0x146f72b86d70>,6,16,[10  2],9,11,27,2,9
1,<environment.Job instance at 0x146f7729bdc0>,0,12,[2 5],1,1,13,0,1
1,<environment.Job instance at 0x146f6feb0370>,6,18,[8 1],7,7,25,0,7
1,<environment.Job instance at 0x146f7b961eb0>,8,13,[6 1],9,25,38,16,14
1,<environment.Job instance at 0x146f6feb0140>,1,13,[2 8],2,2,15,0,2
1,<environment.Job instance at 0x146f81b5bcd0>,0,1,[2 5],1,1,2,0,1
1,<environment.Job instance at 0x146f81b5bb40>,1,17,[6 1],3,3,20,0,3
1,<environment.Job instance at 0x146f6fa1f280>,1,12,[ 1 10],2,2,14,0,2
1,<environment.Job instance at 0x146f814082d0>,6,16,[10  2],9,14,30,5,9
1,<environment.Job instance at 0x146f728378c0>,0,12,[2 5],1,1,13,0,1
1,<environment.Job instance at 0x146f71f50d70>,6,18,[8 1],7,7,25,0,7
1,<environment.Job instance at 0x146f7b5acfa0>,8,13,[6 1],9,25,38,16,13
1,<environment.Job instance at 0x146f773f4c80>,1,13,[2 8],2,2,15,0,2
1,<environment.Job instance at 0x146f76c96910>,0,1,[2 5],1,1,2,0,1
1,<environment.Job instance at 0x146fcc4a2aa0>,1,17,[6 1],3,3,20,0,3
1,<environment.Job instance at 0x146f72cdd550>,1,12,[ 1 10],2,2,14,0,2
1,<environment.Job instance at 0x146f70d2f2d0>,6,16,[10  2],9,14,30,5,9
1,<environment.Job instance at 0x146f6d86ad20>,1,3,[2 9],2,2,5,0,2
1,<environment.Job instance at 0x146f6dc0ff50>,0,12,[2 5],1,1,13,0,1
1,<environment.Job instance at 0x146f6c201e10>,6,18,[8 1],7,7,25,0,7
1,<environment.Job instance at 0x146f6c1517d0>,8,13,[6 1],9,25,38,16,13
1,<environment.Job instance at 0x146f6c01c0a0>,1,13,[2 8],2,2,15,0,2
1,<environment.Job instance at 0x146f6c02fe10>,0,1,[2 5],1,1,2,0,1
1,<environment.Job instance at 0x146f6c0565f0>,1,17,[6 1],3,3,20,0,3
1,<environment.Job instance at 0x146f6c056820>,1,12,[ 1 10],2,2,14,0,2
1,<environment.Job instance at 0x146f814bdaf0>,6,16,[10  2],9,14,30,5,9
1,<environment.Job instance at 0x146fcd9c6eb0>,1,3,[2 9],2,2,5,0,2
1,<environment.Job instance at 0x146f5de0ab90>,0,12,[2 5],1,1,13,0,1
1,<environment.Job instance at 0x146f5de0a960>,6,18,[8 1],7,7,25,0,7
1,<environment.Job instance at 0x146f6c36aa50>,8,13,[6 1],9,25,38,16,12
1,<environment.Job instance at 0x146f6c36a0a0>,1,13,[2 8],2,2,15,0,2
1,<environment.Job instance at 0x146f70e09f00>,0,1,[2 5],1,1,2,0,1
1,<environment.Job instance at 0x146f70e09aa0>,1,17,[6 1],3,3,20,0,3
1,<environment.Job instance at 0x146f6c4060a0>,1,12,[ 1 10],2,2,14,0,2
1,<environment.Job instance at 0x146f6fb5d280>,6,16,[10  2],9,14,30,5,9
1,<environment.Job instance at 0x146f6fbf8690>,1,3,[2 9],2,2,5,0,2
1,<environment.Job instance at 0x146fd20adf00>,0,12,[2 5],1,1,13,0,1
1,<environment.Job instance at 0x146fcd34c960>,6,18,[8 1],7,7,25,0,7
1,<environment.Job instance at 0x146fcd34cf00>,8,13,[6 1],9,25,38,16,13
1,<environment.Job instance at 0x146f6f50fd20>,1,13,[2 8],2,2,15,0,2
1,<environment.Job instance at 0x146f76aa35a0>,0,1,[2 5],1,1,2,0,1
1,<environment.Job instance at 0x146f76aa3370>,1,17,[6 1],3,3,20,0,3
1,<environment.Job instance at 0x146f7bdab870>,1,12,[ 1 10],2,2,14,0,2
1,<environment.Job instance at 0x146fcc213eb0>,6,16,[10  2],9,14,30,5,9
1,<environment.Job instance at 0x146f6fb82fa0>,1,3,[2 9],2,2,5,0,2
1,<environment.Job instance at 0x146f6bf3bfa0>,0,12,[2 5],1,1,13,0,1
1,<environment.Job instance at 0x146f7155bf00>,6,18,[8 1],7,7,25,0,7
1,<environment.Job instance at 0x146f7155bd20>,8,13,[6 1],9,25,38,16,13
1,<environment.Job instance at 0x146fcdb8faf0>,1,13,[2 8],2,2,15,0,2
1,<environment.Job instance at 0x146f751ffbe0>,0,1,[2 5],1,1,2,0,1
1,<environment.Job instance at 0x146f751ff6e0>,1,17,[6 1],3,3,20,0,3
1,<environment.Job instance at 0x146f7a88bf00>,1,12,[ 1 10],2,2,14,0,2
1,<environment.Job instance at 0x146f80af52d0>,4,2,[2 7],6,14,16,8,6
1,<environment.Job instance at 0x146f941fbaf0>,6,16,[10  2],9,16,32,7,9
1,<environment.Job instance at 0x146f789da410>,1,3,[2 9],2,2,5,0,2
1,<environment.Job instance at 0x146f79bdf5f0>,0,12,[2 5],1,1,13,0,1
1,<environment.Job instance at 0x146f6807f500>,6,18,[8 1],7,7,25,0,7
1,<environment.Job instance at 0x146f726f7550>,8,13,[6 1],9,25,38,16,13
1,<environment.Job instance at 0x146fcf5be7d0>,1,13,[2 8],2,2,15,0,2
1,<environment.Job instance at 0x146f6d94cd70>,0,1,[2 5],1,1,2,0,1
1,<environment.Job instance at 0x146f6f949780>,1,17,[6 1],3,3,20,0,3
1,<environment.Job instance at 0x146f71cf0960>,1,12,[ 1 10],2,2,14,0,2
1,<environment.Job instance at 0x146f83053a50>,5,2,[2 7],7,14,16,7,7
1,<environment.Job instance at 0x146f83053e60>,6,16,[10  2],9,16,32,7,9
1,<environment.Job instance at 0x146f7957f230>,1,3,[2 9],2,2,5,0,2
1,<environment.Job instance at 0x146f79a1f370>,0,12,[2 5],1,1,13,0,1
1,<environment.Job instance at 0x146f730bdc80>,6,18,[8 1],7,7,25,0,7
1,<environment.Job instance at 0x146f8212e550>,8,13,[6 1],9,25,38,16,14
1,<environment.Job instance at 0x146f94566640>,1,13,[2 8],2,2,15,0,2
1,<environment.Job instance at 0x146f6ed03c30>,0,1,[2 5],1,1,2,0,1
1,<environment.Job instance at 0x146f6ed03aa0>,1,17,[6 1],3,3,20,0,3
1,<environment.Job instance at 0x146f8063aa00>,1,12,[ 1 10],2,2,14,0,2
1,<environment.Job instance at 0x146f82513c30>,6,16,[10  2],9,14,30,5,9
1,<environment.Job instance at 0x146fced49a00>,1,3,[2 9],2,2,5,0,2
1,<environment.Job instance at 0x146f7adb3370>,0,12,[2 5],1,1,13,0,1
1,<environment.Job instance at 0x146f6f825410>,6,18,[8 1],7,7,25,0,7
1,<environment.Job instance at 0x146f712340f0>,8,13,[6 1],9,25,38,16,14
1,<environment.Job instance at 0x146f712348c0>,1,13,[2 8],2,2,15,0,2
1,<environment.Job instance at 0x146f682eef50>,0,1,[2 5],1,1,2,0,1
1,<environment.Job instance at 0x146f682eefa0>,1,17,[6 1],3,3,20,0,3
1,<environment.Job instance at 0x146f7af410f0>,1,12,[ 1 10],2,2,14,0,2
1,<environment.Job instance at 0x146f6e166b40>,4,2,[2 7],6,14,16,8,6
1,<environment.Job instance at 0x146f6e166af0>,6,16,[10  2],9,16,32,7,9
1,<environment.Job instance at 0x146f6f0dc2d0>,0,3,[9 2],1,1,4,0,1
1,<environment.Job instance at 0x146f6acc3f50>,0,12,[2 5],1,1,13,0,1
1,<environment.Job instance at 0x146f6df8ddc0>,6,18,[8 1],7,7,25,0,7
1,<environment.Job instance at 0x146f77ccbf50>,8,13,[6 1],9,25,38,16,12
1,<environment.Job instance at 0x146f6c6e6230>,1,13,[2 8],2,2,15,0,2
1,<environment.Job instance at 0x146f683d85a0>,0,1,[2 5],1,1,2,0,1
1,<environment.Job instance at 0x146f683d81e0>,1,17,[6 1],3,3,20,0,3
1,<environment.Job instance at 0x146f830f6dc0>,1,12,[ 1 10],2,2,14,0,2
1,<environment.Job instance at 0x146f740f9dc0>,4,2,[2 7],6,14,16,8,6
1,<environment.Job instance at 0x146f740f98c0>,6,16,[10  2],9,16,32,7,9
1,<environment.Job instance at 0x146f94a38b90>,0,3,[9 2],1,1,4,0,1
1,<environment.Job instance at 0x146f6cde7410>,0,12,[2 5],1,1,13,0,1
1,<environment.Job instance at 0x146f6d0c80a0>,6,18,[8 1],7,7,25,0,7
1,<environment.Job instance at 0x146f7039d460>,8,13,[6 1],9,25,38,16,12
1,<environment.Job instance at 0x146f6d0c8870>,1,13,[2 8],2,2,15,0,2
1,<environment.Job instance at 0x146f75b8e870>,0,1,[2 5],1,1,2,0,1
1,<environment.Job instance at 0x146f75b8ec80>,1,17,[6 1],3,3,20,0,3
1,<environment.Job instance at 0x146fcd1b4be0>,1,12,[ 1 10],2,2,14,0,2
1,<environment.Job instance at 0x146f70d7b280>,6,16,[10  2],9,14,30,5,9
1,<environment.Job instance at 0x146f749ef960>,0,3,[9 2],1,1,4,0,1
1,<environment.Job instance at 0x146f6cb7d870>,0,12,[2 5],1,1,13,0,1
1,<environment.Job instance at 0x146f7830d140>,6,18,[8 1],7,7,25,0,7
1,<environment.Job instance at 0x146f7830d5a0>,8,13,[6 1],9,25,38,16,11
1,<environment.Job instance at 0x146f6f02b050>,1,13,[2 8],2,2,15,0,2
1,<environment.Job instance at 0x146f810989b0>,0,1,[2 5],1,1,2,0,1
1,<environment.Job instance at 0x146f81fb7780>,1,17,[6 1],3,3,20,0,3
1,<environment.Job instance at 0x146f6cac7050>,1,12,[ 1 10],2,2,14,0,2
1,<environment.Job instance at 0x146f6c9b2230>,6,16,[10  2],9,14,30,5,9
1,<environment.Job instance at 0x146f6d44da00>,0,3,[9 2],1,1,4,0,1
1,<environment.Job instance at 0x146f71e9f500>,0,12,[2 5],1,1,13,0,1
1,<environment.Job instance at 0x146f7095ca50>,6,18,[8 1],7,7,25,0,7
1,<environment.Job instance at 0x146f7095c7d0>,8,13,[6 1],9,25,38,16,12
1,<environment.Job instance at 0x146f6b31e5a0>,1,13,[2 8],2,2,15,0,2
1,<environment.Job instance at 0x146f6a6e0460>,0,1,[2 5],1,1,2,0,1
1,<environment.Job instance at 0x146f72e97eb0>,1,17,[6 1],3,3,20,0,3
1,<environment.Job instance at 0x146f7b9f4960>,1,12,[ 1 10],2,2,14,0,2
1,<environment.Job instance at 0x146f70b79320>,6,16,[10  2],9,14,30,5,9
1,<environment.Job instance at 0x146f7a864fa0>,0,3,[9 2],1,1,4,0,1
1,<environment.Job instance at 0x146f72cf9c30>,0,12,[2 5],1,1,13,0,1
1,<environment.Job instance at 0x146f75359320>,6,18,[8 1],7,7,25,0,7
1,<environment.Job instance at 0x146f753599b0>,8,13,[6 1],9,25,38,16,11
1,<environment.Job instance at 0x146f6fa03820>,1,13,[2 8],2,2,15,0,2
1,<environment.Job instance at 0x146f7a51b0f0>,0,1,[2 5],1,1,2,0,1
1,<environment.Job instance at 0x146f742b4b40>,1,17,[6 1],3,3,20,0,3
1,<environment.Job instance at 0x146f73531fa0>,1,12,[ 1 10],2,2,14,0,2
1,<environment.Job instance at 0x146f83318be0>,6,16,[10  2],9,14,30,5,9
1,<environment.Job instance at 0x146f781a75f0>,1,3,[2 9],2,2,5,0,2
1,<environment.Job instance at 0x146f73dd48c0>,0,12,[2 5],1,1,13,0,1
1,<environment.Job instance at 0x146f7969d5a0>,6,18,[8 1],7,7,25,0,7
1,<environment.Job instance at 0x146f7969dbe0>,8,13,[6 1],9,25,38,16,13
1,<environment.Job instance at 0x146fcd30a500>,1,13,[2 8],2,2,15,0,2
1,<environment.Job instance at 0x146f6c940dc0>,0,1,[2 5],1,1,2,0,1
1,<environment.Job instance at 0x146f6b3c1aa0>,1,17,[6 1],3,3,20,0,3
1,<environment.Job instance at 0x146f6c940af0>,1,12,[ 1 10],2,2,14,0,2
1,<environment.Job instance at 0x146f6b3e3f50>,2,2,[2 8],4,14,16,10,4
1,<environment.Job instance at 0x146f6f876af0>,6,16,[10  2],9,16,32,7,9
1,<environment.Job instance at 0x146f682e7aa0>,0,3,[9 2],1,1,4,0,1
1,<environment.Job instance at 0x146f7806ba50>,1,3,[2 9],2,4,7,2,2
1,<environment.Job instance at 0x146f81ed13c0>,0,12,[2 5],1,1,13,0,1
1,<environment.Job instance at 0x146f81ed1dc0>,6,18,[8 1],7,7,25,0,7
1,<environment.Job instance at 0x146f79912f00>,8,13,[6 1],9,25,38,16,13
1,<environment.Job instance at 0x146f82d91910>,1,13,[2 8],2,2,15,0,2
1,<environment.Job instance at 0x146f6e1fc2d0>,0,1,[2 5],1,1,2,0,1
1,<environment.Job instance at 0x146f6e1fc7d0>,1,17,[6 1],3,3,20,0,3
1,<environment.Job instance at 0x146f82d91b40>,1,12,[ 1 10],2,2,14,0,2
1,<environment.Job instance at 0x146f69fd9550>,6,16,[10  2],9,14,30,5,9
1,<environment.Job instance at 0x146fcd7fdf50>,1,3,[2 9],2,2,5,0,2
1,<environment.Job instance at 0x146f742fb690>,0,12,[2 5],1,1,13,0,1
1,<environment.Job instance at 0x146f7257d960>,6,18,[8 1],7,7,25,0,7
1,<environment.Job instance at 0x146f7990ab40>,8,13,[6 1],9,25,38,16,13
1,<environment.Job instance at 0x146f6d6d5cd0>,1,13,[2 8],2,2,15,0,2
1,<environment.Job instance at 0x146f743590f0>,0,1,[2 5],1,1,2,0,1
1,<environment.Job instance at 0x146f7b76d870>,1,17,[6 1],3,3,20,0,3
1,<environment.Job instance at 0x146f7b76d960>,1,12,[ 1 10],2,2,14,0,2
1,<environment.Job instance at 0x146f762f58c0>,6,16,[10  2],9,14,30,5,9
1,<environment.Job instance at 0x146f6d077500>,1,3,[2 9],2,2,5,0,2
1,<environment.Job instance at 0x146f6e8a2410>,0,12,[2 5],1,1,13,0,1
1,<environment.Job instance at 0x146f72f04280>,6,18,[8 1],7,7,25,0,7
1,<environment.Job instance at 0x146f782756e0>,8,13,[6 1],9,25,38,16,13
1,<environment.Job instance at 0x146f78275370>,1,13,[2 8],2,2,15,0,2
1,<environment.Job instance at 0x146f73db4aa0>,0,1,[2 5],1,1,2,0,1
1,<environment.Job instance at 0x146f73531550>,1,17,[6 1],3,3,20,0,3
1,<environment.Job instance at 0x146f750ca5f0>,1,12,[ 1 10],2,2,14,0,2
1,<environment.Job instance at 0x146f75b9cfa0>,6,16,[10  2],9,14,30,5,9
1,<environment.Job instance at 0x146f6a71c320>,1,3,[2 9],2,2,5,0,2
1,<environment.Job instance at 0x146f6f10a0a0>,0,12,[2 5],1,1,13,0,1
1,<environment.Job instance at 0x146f6a3d8c80>,6,18,[8 1],7,7,25,0,7
1,<environment.Job instance at 0x146f6a3d8550>,8,13,[6 1],9,25,38,16,13
1,<environment.Job instance at 0x146f750462d0>,1,13,[2 8],2,2,15,0,2
1,<environment.Job instance at 0x146f72dba280>,0,1,[2 5],1,1,2,0,1
1,<environment.Job instance at 0x146f71d0cfa0>,1,17,[6 1],3,3,20,0,3
1,<environment.Job instance at 0x146f6a344410>,1,12,[ 1 10],2,2,14,0,2
1,<environment.Job instance at 0x146f7b2da730>,6,16,[10  2],9,14,30,5,9
1,<environment.Job instance at 0x146f7b2da5f0>,1,3,[2 9],2,2,5,0,2
1,<environment.Job instance at 0x146f6ecbcfa0>,0,12,[2 5],1,1,13,0,1
1,<environment.Job instance at 0x146f750284b0>,6,18,[8 1],7,7,25,0,7
1,<environment.Job instance at 0x146f75028140>,8,13,[6 1],9,25,38,16,13
1,<environment.Job instance at 0x146f75028af0>,1,13,[2 8],2,2,15,0,2
1,<environment.Job instance at 0x146f7544ff00>,0,1,[2 5],1,1,2,0,1
1,<environment.Job instance at 0x146f81429c30>,1,17,[6 1],3,3,20,0,3
1,<environment.Job instance at 0x146f790b0370>,1,12,[ 1 10],2,2,14,0,2
1,<environment.Job instance at 0x146f6d3c92d0>,6,16,[10  2],9,14,30,5,9
1,<environment.Job instance at 0x146f71dce870>,1,3,[2 9],2,2,5,0,2
1,<environment.Job instance at 0x146f69d7b190>,0,12,[2 5],1,1,13,0,1
1,<environment.Job instance at 0x146f6fcab820>,6,18,[8 1],7,7,25,0,7
1,<environment.Job instance at 0x146f6fcabbe0>,8,13,[6 1],9,25,38,16,13
1,<environment.Job instance at 0x146f6b98eaf0>,1,13,[2 8],2,2,15,0,2
1,<environment.Job instance at 0x146f6cf403c0>,0,1,[2 5],1,1,2,0,1
1,<environment.Job instance at 0x146f6c39c780>,1,17,[6 1],3,3,20,0,3
1,<environment.Job instance at 0x146f6ec45fa0>,1,12,[ 1 10],2,2,14,0,2
1,<environment.Job instance at 0x146f6ad95690>,6,16,[10  2],9,14,30,5,9
1,<environment.Job instance at 0x146f6aba0780>,1,3,[2 9],2,2,5,0,2
1,<environment.Job instance at 0x146f6958f140>,0,12,[2 5],1,1,13,0,1
1,<environment.Job instance at 0x146f725e8c80>,6,18,[8 1],7,7,25,0,7
1,<environment.Job instance at 0x146f725e8500>,8,13,[6 1],9,25,38,16,13
1,<environment.Job instance at 0x146f6d0f4d70>,1,13,[2 8],2,2,15,0,2
1,<environment.Job instance at 0x146f8058bf00>,1,17,[6 1],3,3,20,0,3
1,<environment.Job instance at 0x146f696434b0>,1,12,[ 1 10],2,2,14,0,2
1,<environment.Job instance at 0x146f71d324b0>,6,16,[10  2],9,14,30,5,9
1,<environment.Job instance at 0x146f82977b40>,1,3,[2 9],2,2,5,0,2
1,<environment.Job instance at 0x146f6bc24f50>,0,12,[2 5],1,1,13,0,1
1,<environment.Job instance at 0x146f73d301e0>,6,18,[8 1],7,7,25,0,7
1,<environment.Job instance at 0x146f6ab24dc0>,8,13,[6 1],9,25,38,16,12
1,<environment.Job instance at 0x146f6a3dc460>,1,13,[2 8],2,2,15,0,2
1,<environment.Job instance at 0x146f8327b0f0>,0,1,[2 5],1,1,2,0,1
1,<environment.Job instance at 0x146f6bbb7eb0>,1,17,[6 1],3,3,20,0,3
1,<environment.Job instance at 0x146f7a2325f0>,1,12,[ 1 10],2,2,14,0,2
1,<environment.Job instance at 0x146f81f070f0>,6,16,[10  2],9,14,30,5,9
1,<environment.Job instance at 0x146f70ff3460>,1,3,[2 9],2,2,5,0,2
1,<environment.Job instance at 0x146f6b9704b0>,0,12,[2 5],1,1,13,0,1
1,<environment.Job instance at 0x146f76aad3c0>,6,18,[8 1],7,7,25,0,7
1,<environment.Job instance at 0x146f76aad140>,8,13,[6 1],9,25,38,16,13
1,<environment.Job instance at 0x146f73a636e0>,1,13,[2 8],2,2,15,0,2
1,<environment.Job instance at 0x146f6bb3e0a0>,1,17,[6 1],3,3,20,0,3
1,<environment.Job instance at 0x146f96d7edc0>,1,12,[ 1 10],2,2,14,0,2
1,<environment.Job instance at 0x146f77f01910>,6,16,[10  2],9,14,30,5,9
1,<environment.Job instance at 0x146f6b60ccd0>,1,3,[2 9],2,2,5,0,2
1,<environment.Job instance at 0x146f6f21c500>,0,12,[2 5],1,1,13,0,1
1,<environment.Job instance at 0x146f79f4e320>,6,18,[8 1],7,7,25,0,7
1,<environment.Job instance at 0x146f79f4e550>,8,13,[6 1],9,25,38,16,12
1,<environment.Job instance at 0x146f6f58d500>,1,13,[2 8],2,2,15,0,2
1,<environment.Job instance at 0x146f692c40f0>,0,1,[2 5],1,1,2,0,1
1,<environment.Job instance at 0x146f692c40a0>,1,17,[6 1],3,3,20,0,3
1,<environment.Job instance at 0x146f6e4d4960>,1,12,[ 1 10],2,2,14,0,2
1,<environment.Job instance at 0x146f69a5feb0>,2,2,[2 8],4,14,16,10,4
1,<environment.Job instance at 0x146f7905cc30>,6,16,[10  2],9,16,32,7,9
1,<environment.Job instance at 0x146f96de3e60>,1,3,[2 9],2,2,5,0,2
1,<environment.Job instance at 0x146f701e0e10>,0,12,[2 5],1,1,13,0,1
1,<environment.Job instance at 0x146f831985a0>,6,18,[8 1],7,7,25,0,7
1,<environment.Job instance at 0x146f71c684b0>,8,13,[6 1],9,25,38,16,13
1,<environment.Job instance at 0x146f781c4cd0>,1,13,[2 8],2,2,15,0,2
1,<environment.Job instance at 0x146f752464b0>,0,1,[2 5],1,1,2,0,1
1,<environment.Job instance at 0x146f6b0cd320>,1,17,[6 1],3,3,20,0,3
1,<environment.Job instance at 0x146f79d6f230>,1,12,[ 1 10],2,2,14,0,2
1,<environment.Job instance at 0x146f6aafb8c0>,6,16,[10  2],9,14,30,5,9
1,<environment.Job instance at 0x146f790d1820>,1,3,[2 9],2,2,5,0,2
1,<environment.Job instance at 0x146f705b5c30>,0,12,[2 5],1,1,13,0,1
1,<environment.Job instance at 0x146f6b52e500>,6,18,[8 1],7,7,25,0,7
1,<environment.Job instance at 0x146f76792d20>,8,13,[6 1],9,25,38,16,13
1,<environment.Job instance at 0x146f6b571aa0>,1,13,[2 8],2,2,15,0,2
1,<environment.Job instance at 0x146f70452550>,0,1,[2 5],1,1,2,0,1
1,<environment.Job instance at 0x146fccdded20>,1,17,[6 1],3,3,20,0,3
1,<environment.Job instance at 0x146f94bb84b0>,1,12,[ 1 10],2,2,14,0,2
1,<environment.Job instance at 0x146f710d3aa0>,2,2,[2 8],4,14,16,10,4
1,<environment.Job instance at 0x146f771c88c0>,6,16,[10  2],9,16,32,7,9
1,<environment.Job instance at 0x146fcf102690>,1,3,[2 9],2,2,5,0,2
1,<environment.Job instance at 0x146f689f8eb0>,0,12,[2 5],1,1,13,0,1
1,<environment.Job instance at 0x146f689f8f50>,6,18,[8 1],7,7,25,0,7
1,<environment.Job instance at 0x146f749cc870>,8,13,[6 1],9,25,38,16,13
1,<environment.Job instance at 0x146f6b390c30>,0,2,[6 1],1,2,4,1,2
1,<environment.Job instance at 0x146f6be2c190>,2,3,[1 8],3,3,6,0,3
1,<environment.Job instance at 0x146f78fde2d0>,5,2,[ 1 10],8,8,10,0,8
1,<environment.Job instance at 0x146f6998b370>,1,17,[6 1],3,3,20,0,3
1,<environment.Job instance at 0x146f67efc1e0>,1,12,[ 1 10],2,2,14,0,2
1,<environment.Job instance at 0x146f6f2db0a0>,6,16,[10  2],9,14,30,5,9
1,<environment.Job instance at 0x146f7a5e4cd0>,0,12,[2 5],1,1,13,0,1
1,<environment.Job instance at 0x146f6d003460>,6,18,[8 1],7,7,25,0,7
1,<environment.Job instance at 0x146f6d003690>,8,13,[6 1],9,25,38,16,13
1,<environment.Job instance at 0x146f943abf00>,0,2,[6 1],1,2,4,1,2
1,<environment.Job instance at 0x146f943ab910>,2,3,[1 8],3,3,6,0,3
1,<environment.Job instance at 0x146f69322780>,5,2,[ 1 10],8,8,10,0,8
1,<environment.Job instance at 0x146f693223c0>,1,17,[6 1],3,3,20,0,3
1,<environment.Job instance at 0x146f73099410>,1,12,[ 1 10],2,2,14,0,2
1,<environment.Job instance at 0x146f73099690>,6,16,[10  2],9,14,30,5,9
1,<environment.Job instance at 0x146f728a5820>,0,12,[2 5],1,1,13,0,1
1,<environment.Job instance at 0x146f680763c0>,6,18,[8 1],7,7,25,0,7
1,<environment.Job instance at 0x146f68076690>,8,13,[6 1],9,25,38,16,13
1,<environment.Job instance at 0x146f77e63aa0>,0,2,[6 1],1,2,4,1,2
1,<environment.Job instance at 0x146f6a80e5f0>,2,3,[1 8],3,3,6,0,3
1,<environment.Job instance at 0x146f6af660f0>,5,2,[ 1 10],8,8,10,0,8
1,<environment.Job instance at 0x146f76dd6280>,1,17,[6 1],3,3,20,0,3
1,<environment.Job instance at 0x146f6a80e5a0>,1,12,[ 1 10],2,2,14,0,2
1,<environment.Job instance at 0x146f705eecd0>,6,16,[10  2],9,14,30,5,9
1,<environment.Job instance at 0x146f6b651be0>,0,12,[2 5],1,1,13,0,1
1,<environment.Job instance at 0x146f68e905f0>,6,18,[8 1],7,7,25,0,7
1,<environment.Job instance at 0x146f68e90960>,8,13,[6 1],9,25,38,16,13
1,<environment.Job instance at 0x146f68ec58c0>,0,2,[6 1],1,2,4,1,2
1,<environment.Job instance at 0x146f6c68a280>,2,3,[1 8],3,3,6,0,3
1,<environment.Job instance at 0x146f6c7c4e10>,5,2,[ 1 10],8,8,10,0,8
1,<environment.Job instance at 0x146f68b9df50>,1,17,[6 1],3,3,20,0,3
1,<environment.Job instance at 0x146f5dcfc780>,1,12,[ 1 10],2,2,14,0,2
1,<environment.Job instance at 0x146f7198ed20>,6,16,[10  2],9,14,30,5,9
1,<environment.Job instance at 0x146f95a51730>,1,3,[2 9],2,2,5,0,2
1,<environment.Job instance at 0x146f68098d70>,0,12,[2 5],1,1,13,0,1
1,<environment.Job instance at 0x146f74edd3c0>,6,18,[8 1],7,7,25,0,7
1,<environment.Job instance at 0x146f6e3ea8c0>,8,13,[6 1],9,25,38,16,13
1,<environment.Job instance at 0x146f82933870>,0,2,[6 1],1,2,4,1,2
1,<environment.Job instance at 0x146f67ee38c0>,2,3,[1 8],3,3,6,0,3
1,<environment.Job instance at 0x146f70a710a0>,1,17,[6 1],3,3,20,0,3
1,<environment.Job instance at 0x146f76c0c500>,1,12,[ 1 10],2,2,14,0,2
1,<environment.Job instance at 0x146f960b7cd0>,6,16,[10  2],9,14,30,5,9
1,<environment.Job instance at 0x146f670fc960>,1,3,[2 9],2,2,5,0,2
1,<environment.Job instance at 0x146f7bedcb90>,0,12,[2 5],1,1,13,0,1
1,<environment.Job instance at 0x146f67f49e60>,6,18,[8 1],7,7,25,0,7
1,<environment.Job instance at 0x146f67f493c0>,8,13,[6 1],9,25,38,16,13
1,<environment.Job instance at 0x146f69e4ef50>,0,2,[6 1],1,2,4,1,2
1,<environment.Job instance at 0x146f6c1a3d20>,2,3,[1 8],3,3,6,0,3
1,<environment.Job instance at 0x146f753205f0>,1,17,[6 1],3,3,20,0,3
1,<environment.Job instance at 0x146f744ab500>,1,12,[ 1 10],2,2,14,0,2
1,<environment.Job instance at 0x146f7858b0f0>,6,16,[10  2],9,14,30,5,9
1,<environment.Job instance at 0x146f6c99cd70>,1,3,[2 9],2,2,5,0,2
1,<environment.Job instance at 0x146f690e57d0>,0,12,[2 5],1,1,13,0,1
1,<environment.Job instance at 0x146f6961a7d0>,6,18,[8 1],7,7,25,0,7
1,<environment.Job instance at 0x146f6f665690>,8,13,[6 1],9,25,38,16,13
1,<environment.Job instance at 0x146f6a537730>,0,2,[6 1],1,2,4,1,2
1,<environment.Job instance at 0x146f6a537640>,2,3,[1 8],3,3,6,0,3
1,<environment.Job instance at 0x146f74c80870>,1,17,[6 1],3,3,20,0,3
1,<environment.Job instance at 0x146f95067fa0>,1,12,[ 1 10],2,2,14,0,2
1,<environment.Job instance at 0x146f7b737320>,6,16,[10  2],9,14,30,5,9
1,<environment.Job instance at 0x146f66b50c30>,1,3,[2 9],2,2,5,0,2
1,<environment.Job instance at 0x146f6a213820>,0,12,[2 5],1,1,13,0,1
1,<environment.Job instance at 0x146f7addf6e0>,6,18,[8 1],7,7,25,0,7
1,<environment.Job instance at 0x146f80e79e60>,8,13,[6 1],9,25,38,16,12
1,<environment.Job instance at 0x146f6b497f50>,0,2,[6 1],1,2,4,1,2
1,<environment.Job instance at 0x146f704eb8c0>,2,3,[1 8],3,3,6,0,3
1,<environment.Job instance at 0x146f6a3d2050>,1,17,[6 1],3,3,20,0,3
1,<environment.Job instance at 0x146f6fcc0c30>,1,12,[ 1 10],2,2,14,0,2
1,<environment.Job instance at 0x146f75c2f230>,6,16,[10  2],9,14,30,5,9
1,<environment.Job instance at 0x146f6a3d2fa0>,1,3,[2 9],2,2,5,0,2
1,<environment.Job instance at 0x146f6d151e60>,0,12,[2 5],1,1,13,0,1
1,<environment.Job instance at 0x146f685658c0>,6,18,[8 1],7,7,25,0,7
1,<environment.Job instance at 0x146f685655a0>,8,13,[6 1],9,25,38,16,13
1,<environment.Job instance at 0x146f687086e0>,0,2,[6 1],1,2,4,1,2
1,<environment.Job instance at 0x146f69cb6960>,2,3,[1 8],3,3,6,0,3
1,<environment.Job instance at 0x146f69f70dc0>,1,17,[6 1],3,3,20,0,3
1,<environment.Job instance at 0x146f69cb6140>,1,12,[ 1 10],2,2,14,0,2
1,<environment.Job instance at 0x146f6da55870>,6,16,[10  2],9,14,30,5,9
1,<environment.Job instance at 0x146f67f8f730>,0,12,[2 5],1,1,13,0,1
1,<environment.Job instance at 0x146f6929aaa0>,6,18,[8 1],7,7,25,0,7
1,<environment.Job instance at 0x146f6929a910>,8,13,[6 1],9,25,38,16,13
1,<environment.Job instance at 0x146f6f414af0>,0,2,[6 1],1,2,4,1,2
1,<environment.Job instance at 0x146f6f414a00>,2,3,[1 8],3,3,6,0,3
1,<environment.Job instance at 0x146f6bc9c2d0>,5,2,[ 1 10],8,8,10,0,8
1,<environment.Job instance at 0x146f6bc9cc80>,1,17,[6 1],3,3,20,0,3
1,<environment.Job instance at 0x146f7a281460>,1,12,[ 1 10],2,2,14,0,2
1,<environment.Job instance at 0x146f79b5a5f0>,6,16,[10  2],9,14,30,5,9
1,<environment.Job instance at 0x146f6a9b3320>,0,12,[2 5],1,1,13,0,1
1,<environment.Job instance at 0x146f67c15320>,6,18,[8 1],7,7,25,0,7
1,<environment.Job instance at 0x146f67c15690>,8,13,[6 1],9,25,38,16,13
1,<environment.Job instance at 0x146f68ad55a0>,0,2,[6 1],1,2,4,1,2
1,<environment.Job instance at 0x146f67c158c0>,2,3,[1 8],3,3,6,0,3
1,<environment.Job instance at 0x146f784621e0>,1,17,[6 1],3,3,20,0,3
1,<environment.Job instance at 0x146f6f6b9230>,1,12,[ 1 10],2,2,14,0,2
1,<environment.Job instance at 0x146f675e4e10>,6,16,[10  2],9,14,30,5,9
1,<environment.Job instance at 0x146f760f4190>,2,1,[2 7],3,3,4,0,3
1,<environment.Job instance at 0x146f68f73550>,0,12,[2 5],1,1,13,0,1
1,<environment.Job instance at 0x146f7013f730>,6,18,[8 1],7,7,25,0,7
1,<environment.Job instance at 0x146f7013f2d0>,8,13,[6 1],9,25,38,16,13
1,<environment.Job instance at 0x146f71e325a0>,0,2,[6 1],1,2,4,1,2
1,<environment.Job instance at 0x146f6ae023c0>,2,3,[1 8],3,3,6,0,3
1,<environment.Job instance at 0x146f704ef410>,1,17,[6 1],3,3,20,0,3
1,<environment.Job instance at 0x146f6a1d7280>,1,12,[ 1 10],2,2,14,0,2
1,<environment.Job instance at 0x146f6f7a3690>,6,16,[10  2],9,14,30,5,9
1,<environment.Job instance at 0x146f79150be0>,2,1,[2 7],3,3,4,0,3
1,<environment.Job instance at 0x146f676cf3c0>,0,12,[2 5],1,1,13,0,1
1,<environment.Job instance at 0x146f7a277e60>,6,18,[8 1],7,7,25,0,7
1,<environment.Job instance at 0x146f69ee8b40>,8,13,[6 1],9,25,38,16,13
1,<environment.Job instance at 0x146f69ee8730>,1,13,[2 8],2,2,15,0,2
1,<environment.Job instance at 0x146f6fc96f50>,0,1,[2 5],1,1,2,0,1
1,<environment.Job instance at 0x146f69590780>,1,17,[6 1],3,3,20,0,3
1,<environment.Job instance at 0x146f6b53bcd0>,1,12,[ 1 10],2,2,14,0,2
1,<environment.Job instance at 0x146f67e2cdc0>,5,2,[2 7],7,14,16,7,7
1,<environment.Job instance at 0x146f7b8a2a50>,6,16,[10  2],9,16,32,7,9
1,<environment.Job instance at 0x146f67e0bb90>,1,3,[2 9],2,2,5,0,2
1,<environment.Job instance at 0x146f6d8baaa0>,0,12,[2 5],1,1,13,0,1
1,<environment.Job instance at 0x146f68d4e230>,6,18,[8 1],7,7,25,0,7
1,<environment.Job instance at 0x146f68d4e640>,8,13,[6 1],9,25,38,16,13
1,<environment.Job instance at 0x146f66abcb40>,0,2,[6 1],1,2,4,1,2
1,<environment.Job instance at 0x146f66abc9b0>,2,3,[1 8],3,3,6,0,3
1,<environment.Job instance at 0x146f66caeb40>,1,17,[6 1],3,3,20,0,3
1,<environment.Job instance at 0x146f66cae7d0>,1,12,[ 1 10],2,2,14,0,2
1,<environment.Job instance at 0x146f6829edc0>,6,16,[10  2],9,14,30,5,9
1,<environment.Job instance at 0x146f6f875f50>,1,3,[2 9],2,2,5,0,2
1,<environment.Job instance at 0x146f6d00f5f0>,0,12,[2 5],1,1,13,0,1
1,<environment.Job instance at 0x146f7a95fd20>,6,18,[8 1],7,7,25,0,7
1,<environment.Job instance at 0x146f70a787d0>,8,13,[6 1],9,25,38,16,13
1,<environment.Job instance at 0x146f728d65a0>,0,2,[6 1],1,2,4,1,2
1,<environment.Job instance at 0x146f94df89b0>,2,3,[1 8],3,3,6,0,3
1,<environment.Job instance at 0x146f6e44fe60>,1,17,[6 1],3,3,20,0,3
1,<environment.Job instance at 0x146f71cce3c0>,1,12,[ 1 10],2,2,14,0,2
1,<environment.Job instance at 0x146f667d1410>,6,16,[10  2],9,14,30,5,9
1,<environment.Job instance at 0x146f66831d20>,1,3,[2 9],2,2,5,0,2
1,<environment.Job instance at 0x146f6bd04230>,0,12,[2 5],1,1,13,0,1
1,<environment.Job instance at 0x146f67e37f50>,6,18,[8 1],7,7,25,0,7
1,<environment.Job instance at 0x146f67e37a00>,8,13,[6 1],9,25,38,16,13
1,<environment.Job instance at 0x146f675edb40>,1,13,[2 8],2,2,15,0,2
1,<environment.Job instance at 0x146f66f02960>,1,17,[6 1],3,3,20,0,3
1,<environment.Job instance at 0x146f672dc190>,1,12,[ 1 10],2,2,14,0,2
1,<environment.Job instance at 0x146f6d0b70f0>,6,16,[10  2],9,14,30,5,9
1,<environment.Job instance at 0x146f75532cd0>,1,3,[2 9],2,2,5,0,2
1,<environment.Job instance at 0x146f72c8beb0>,0,12,[2 5],1,1,13,0,1
1,<environment.Job instance at 0x146f67e8b050>,6,18,[8 1],7,7,25,0,7
1,<environment.Job instance at 0x146f67e8b0a0>,8,13,[6 1],9,25,38,16,12
1,<environment.Job instance at 0x146f67e8b280>,1,13,[2 8],2,2,15,0,2
1,<environment.Job instance at 0x146f68b09870>,1,17,[6 1],3,3,20,0,3
1,<environment.Job instance at 0x146f661c5af0>,1,12,[ 1 10],2,2,14,0,2
1,<environment.Job instance at 0x146fcd0b68c0>,6,16,[10  2],9,14,30,5,9
1,<environment.Job instance at 0x146f66f445a0>,0,12,[2 5],1,1,13,0,1
1,<environment.Job instance at 0x146f8260d820>,6,18,[8 1],7,7,25,0,7
1,<environment.Job instance at 0x146f7765da00>,8,13,[6 1],9,25,38,16,12
1,<environment.Job instance at 0x146f7765d370>,1,13,[2 8],2,2,15,0,2
1,<environment.Job instance at 0x146f6e0485f0>,1,17,[6 1],3,3,20,0,3
1,<environment.Job instance at 0x146f782a8280>,1,12,[ 1 10],2,2,14,0,2
1,<environment.Job instance at 0x146f65ab3b90>,6,16,[10  2],9,14,30,5,9
1,<environment.Job instance at 0x146f65a0baf0>,1,3,[2 9],2,2,5,0,2
1,<environment.Job instance at 0x146f82983960>,0,12,[2 5],1,1,13,0,1
1,<environment.Job instance at 0x146f6cba1320>,6,18,[8 1],7,7,25,0,7
1,<environment.Job instance at 0x146f6cba1690>,8,13,[6 1],9,25,38,16,12
1,<environment.Job instance at 0x146f6cba1730>,1,13,[2 8],2,2,15,0,2
1,<environment.Job instance at 0x146f711cfaa0>,1,17,[6 1],3,3,20,0,3
1,<environment.Job instance at 0x146f672a94b0>,1,12,[ 1 10],2,2,14,0,2
1,<environment.Job instance at 0x146f6688cdc0>,6,16,[10  2],9,14,30,5,9
1,<environment.Job instance at 0x146f64a9e0a0>,1,3,[2 9],2,2,5,0,2
1,<environment.Job instance at 0x146f79f4eaf0>,0,12,[2 5],1,1,13,0,1
1,<environment.Job instance at 0x146f6f4e9f50>,6,18,[8 1],7,7,25,0,7
1,<environment.Job instance at 0x146f70378be0>,8,13,[6 1],9,25,38,16,12
1,<environment.Job instance at 0x146f963e2410>,1,13,[2 8],2,2,15,0,2
1,<environment.Job instance at 0x146f6e027690>,1,17,[6 1],3,3,20,0,3
1,<environment.Job instance at 0x146f6ebc0d70>,1,12,[ 1 10],2,2,14,0,2
1,<environment.Job instance at 0x146f82bd2b90>,6,16,[10  2],9,14,30,5,9
1,<environment.Job instance at 0x146f83d2d190>,0,12,[2 5],1,1,13,0,1
1,<environment.Job instance at 0x146f7410b1e0>,6,18,[8 1],7,7,25,0,7
1,<environment.Job instance at 0x146f6d0d88c0>,8,13,[6 1],9,25,38,16,12
1,<environment.Job instance at 0x146f6e0d3500>,1,13,[2 8],2,2,15,0,2
1,<environment.Job instance at 0x146f65832b90>,1,17,[6 1],3,3,20,0,3
1,<environment.Job instance at 0x146f6ca24d70>,1,12,[ 1 10],2,2,14,0,2
1,<environment.Job instance at 0x146f795e5aa0>,6,16,[10  2],9,14,30,5,9
1,<environment.Job instance at 0x146f72ac5af0>,0,12,[2 5],1,1,13,0,1
1,<environment.Job instance at 0x146f775db230>,6,18,[8 1],7,7,25,0,7
1,<environment.Job instance at 0x146f70d3d140>,8,13,[6 1],9,25,38,16,12
1,<environment.Job instance at 0x146f6e354a00>,1,13,[2 8],2,2,15,0,2
1,<environment.Job instance at 0x146f6fe65a50>,1,17,[6 1],3,3,20,0,3
1,<environment.Job instance at 0x146f6531e820>,1,12,[ 1 10],2,2,14,0,2
1,<environment.Job instance at 0x146fcc8d0d70>,6,16,[10  2],9,14,30,5,9
1,<environment.Job instance at 0x146f7357f140>,1,3,[2 9],2,2,5,0,2
1,<environment.Job instance at 0x146f7014ea50>,0,12,[2 5],1,1,13,0,1
1,<environment.Job instance at 0x146f676d4f00>,6,18,[8 1],7,7,25,0,7
1,<environment.Job instance at 0x146f6d5bfe60>,8,13,[6 1],9,25,38,16,12
1,<environment.Job instance at 0x146f95886690>,1,13,[2 8],2,2,15,0,2
1,<environment.Job instance at 0x146f657a6e10>,1,17,[6 1],3,3,20,0,3
1,<environment.Job instance at 0x146f7b9e8eb0>,1,12,[ 1 10],2,2,14,0,2
1,<environment.Job instance at 0x146f7510c280>,6,16,[10  2],9,14,30,5,9
1,<environment.Job instance at 0x146f783ffbe0>,0,12,[2 5],1,1,13,0,1
1,<environment.Job instance at 0x146fcdb21320>,6,18,[8 1],7,7,25,0,7
1,<environment.Job instance at 0x146fcdb215f0>,8,13,[6 1],9,25,38,16,12
1,<environment.Job instance at 0x146f67c49870>,1,13,[2 8],2,2,15,0,2
1,<environment.Job instance at 0x146f658f0140>,1,17,[6 1],3,3,20,0,3
1,<environment.Job instance at 0x146f65794820>,1,12,[ 1 10],2,2,14,0,2
1,<environment.Job instance at 0x146f6b1b1960>,6,16,[10  2],9,14,30,5,9
1,<environment.Job instance at 0x146f75681050>,0,12,[2 5],1,1,13,0,1
1,<environment.Job instance at 0x146f6e328640>,6,18,[8 1],7,7,25,0,7
1,<environment.Job instance at 0x146f75fc4c80>,8,13,[6 1],9,25,38,16,12
1,<environment.Job instance at 0x146f75681640>,1,13,[2 8],2,2,15,0,2
1,<environment.Job instance at 0x146f6b0a8050>,1,17,[6 1],3,3,20,0,3
1,<environment.Job instance at 0x146f76d10d20>,1,12,[ 1 10],2,2,14,0,2
1,<environment.Job instance at 0x146f740f9af0>,6,16,[10  2],9,14,30,5,9
1,<environment.Job instance at 0x146f6ec031e0>,0,12,[2 5],1,1,13,0,1
1,<environment.Job instance at 0x146f74817960>,6,18,[8 1],7,7,25,0,7
1,<environment.Job instance at 0x146f748173c0>,8,13,[6 1],9,25,38,16,12
1,<environment.Job instance at 0x146f6aa6e6e0>,0,2,[6 1],1,2,4,1,2
1,<environment.Job instance at 0x146f74817050>,2,3,[1 8],3,3,6,0,3
1,<environment.Job instance at 0x146f789b08c0>,1,17,[6 1],3,3,20,0,3
1,<environment.Job instance at 0x146f6aaefa50>,5,3,[6 1],9,25,28,16,25
1,<environment.Job instance at 0x146f65a206e0>,1,12,[ 1 10],2,2,14,0,2
1,<environment.Job instance at 0x146fcc832370>,6,16,[10  2],9,14,30,5,9
1,<environment.Job instance at 0x146f68c0cfa0>,1,3,[2 9],2,2,5,0,2
1,<environment.Job instance at 0x146f70e53820>,0,12,[2 5],1,1,13,0,1
1,<environment.Job instance at 0x146f70f91af0>,6,18,[8 1],7,7,25,0,7
1,<environment.Job instance at 0x146f70f91370>,8,13,[6 1],9,25,38,16,12
1,<environment.Job instance at 0x146f70f91820>,1,13,[2 8],2,2,15,0,2
1,<environment.Job instance at 0x146f6a6c41e0>,1,17,[6 1],3,3,20,0,3
1,<environment.Job instance at 0x146f68117730>,1,12,[ 1 10],2,2,14,0,2
1,<environment.Job instance at 0x146f79490050>,6,16,[10  2],9,14,30,5,9
1,<environment.Job instance at 0x146f6f53dd20>,1,3,[2 9],2,2,5,0,2
1,<environment.Job instance at 0x146f6923b640>,0,12,[2 5],1,1,13,0,1
1,<environment.Job instance at 0x146f79894820>,6,18,[8 1],7,7,25,0,7
1,<environment.Job instance at 0x146f79894550>,8,13,[6 1],9,25,38,16,12
1,<environment.Job instance at 0x146f6937e780>,1,13,[2 8],2,2,15,0,2
1,<environment.Job instance at 0x146f6fe8c410>,1,17,[6 1],3,3,20,0,3
1,<environment.Job instance at 0x146f72706aa0>,1,12,[ 1 10],2,2,14,0,2
1,<environment.Job instance at 0x146f7679bc30>,6,16,[10  2],9,14,30,5,9
1,<environment.Job instance at 0x146f6bf1f5a0>,1,3,[2 9],2,2,5,0,2
1,<environment.Job instance at 0x146f74026050>,0,12,[2 5],1,1,13,0,1
1,<environment.Job instance at 0x146f720575f0>,6,18,[8 1],7,7,25,0,7
1,<environment.Job instance at 0x146f720570f0>,8,13,[6 1],9,25,38,16,12
1,<environment.Job instance at 0x146f65a63910>,1,13,[2 8],2,2,15,0,2
1,<environment.Job instance at 0x146f6c1415f0>,1,17,[6 1],3,3,20,0,3
1,<environment.Job instance at 0x146f736b5960>,1,12,[ 1 10],2,2,14,0,2
1,<environment.Job instance at 0x146f755ebf50>,6,16,[10  2],9,14,30,5,9
1,<environment.Job instance at 0x146f80894640>,1,3,[2 9],2,2,5,0,2
1,<environment.Job instance at 0x146f7a6b8460>,0,12,[2 5],1,1,13,0,1
1,<environment.Job instance at 0x146f6c06afa0>,6,18,[8 1],7,7,25,0,7
1,<environment.Job instance at 0x146f6c1d2eb0>,8,13,[6 1],9,25,38,16,12
1,<environment.Job instance at 0x146f7a1d3d20>,1,13,[2 8],2,2,15,0,2
1,<environment.Job instance at 0x146f6777d0a0>,1,17,[6 1],3,3,20,0,3
1,<environment.Job instance at 0x146f741f3460>,1,12,[ 1 10],2,2,14,0,2
1,<environment.Job instance at 0x146f7b984a50>,6,16,[10  2],9,14,30,5,9
1,<environment.Job instance at 0x146f727975a0>,1,3,[2 9],2,2,5,0,2
1,<environment.Job instance at 0x146f9535cd70>,0,12,[2 5],1,1,13,0,1
1,<environment.Job instance at 0x146f6fd0b7d0>,6,18,[8 1],7,7,25,0,7
1,<environment.Job instance at 0x146f71df2d20>,8,13,[6 1],9,25,38,16,12
1,<environment.Job instance at 0x146f66394960>,1,13,[2 8],2,2,15,0,2
1,<environment.Job instance at 0x146f66f2fbe0>,1,17,[6 1],3,3,20,0,3
1,<environment.Job instance at 0x146f78a72aa0>,1,12,[ 1 10],2,2,14,0,2
1,<environment.Job instance at 0x146f67748140>,6,16,[10  2],9,14,30,5,9
1,<environment.Job instance at 0x146f75e6a050>,0,12,[2 5],1,1,13,0,1
1,<environment.Job instance at 0x146f68021280>,6,18,[8 1],7,7,25,0,7
1,<environment.Job instance at 0x146f6bcfb910>,8,13,[6 1],9,25,38,16,13
1,<environment.Job instance at 0x146f6f947e10>,1,13,[2 8],2,2,15,0,2
1,<environment.Job instance at 0x146f70d29910>,1,17,[6 1],3,3,20,0,3
1,<environment.Job instance at 0x146f73f51dc0>,1,12,[ 1 10],2,2,14,0,2
1,<environment.Job instance at 0x146f69d37b40>,6,16,[10  2],9,14,30,5,9
1,<environment.Job instance at 0x146f6c37c820>,0,12,[2 5],1,1,13,0,1
1,<environment.Job instance at 0x146f661b75a0>,6,18,[8 1],7,7,25,0,7
1,<environment.Job instance at 0x146f6633d780>,8,13,[6 1],9,25,38,16,12
1,<environment.Job instance at 0x146f661b7190>,1,13,[2 8],2,2,15,0,2
1,<environment.Job instance at 0x146f660ba7d0>,1,17,[6 1],3,3,20,0,3
1,<environment.Job instance at 0x146f6b3b6780>,1,12,[ 1 10],2,2,14,0,2
1,<environment.Job instance at 0x146f609bd280>,6,16,[10  2],9,14,30,5,9
1,<environment.Job instance at 0x146f79e485f0>,0,12,[2 5],1,1,13,0,1
1,<environment.Job instance at 0x146f6a449eb0>,6,18,[8 1],7,7,25,0,7
1,<environment.Job instance at 0x146f6a449190>,8,13,[6 1],9,25,38,16,12
1,<environment.Job instance at 0x146f681be1e0>,1,13,[2 8],2,2,15,0,2
1,<environment.Job instance at 0x146f76c2a640>,1,17,[6 1],3,3,20,0,3
1,<environment.Job instance at 0x146f74526c30>,1,12,[ 1 10],2,2,14,0,2
1,<environment.Job instance at 0x146f74cc4550>,6,16,[10  2],9,14,30,5,9
1,<environment.Job instance at 0x146f671299b0>,0,12,[2 5],1,1,13,0,1
1,<environment.Job instance at 0x146f64a8e050>,6,18,[8 1],7,7,25,0,7
1,<environment.Job instance at 0x146f6a57ad20>,8,13,[6 1],9,25,38,16,11
1,<environment.Job instance at 0x146f6a57af50>,1,13,[2 8],2,2,15,0,2
1,<environment.Job instance at 0x146f679af870>,1,17,[6 1],3,3,20,0,3
1,<environment.Job instance at 0x146f748522d0>,1,12,[ 1 10],2,2,14,0,2
1,<environment.Job instance at 0x146f60cd7690>,6,16,[10  2],9,14,30,5,9
1,<environment.Job instance at 0x146f66009cd0>,0,12,[2 5],1,1,13,0,1
1,<environment.Job instance at 0x146f70ca7910>,6,18,[8 1],7,7,25,0,7
1,<environment.Job instance at 0x146f71b2ef00>,8,13,[6 1],9,25,38,16,12
1,<environment.Job instance at 0x146f7a69bdc0>,1,13,[2 8],2,2,15,0,2
1,<environment.Job instance at 0x146f786cf730>,1,17,[6 1],3,3,20,0,3
1,<environment.Job instance at 0x146f6682d3c0>,1,12,[ 1 10],2,2,14,0,2
1,<environment.Job instance at 0x146f73acb0f0>,6,16,[10  2],9,14,30,5,9
1,<environment.Job instance at 0x146f65724230>,0,12,[2 5],1,1,13,0,1
1,<environment.Job instance at 0x146f682f1280>,6,18,[8 1],7,7,25,0,7
1,<environment.Job instance at 0x146f682f1960>,8,13,[6 1],9,25,38,16,12
1,<environment.Job instance at 0x146f682f18c0>,1,13,[2 8],2,2,15,0,2
1,<environment.Job instance at 0x146f64d6b5f0>,1,17,[6 1],3,3,20,0,3
1,<environment.Job instance at 0x146f7af80140>,1,12,[ 1 10],2,2,14,0,2
1,<environment.Job instance at 0x146f6d7af460>,6,16,[10  2],9,14,30,5,9
1,<environment.Job instance at 0x146f6a895690>,0,12,[2 5],1,1,13,0,1
1,<environment.Job instance at 0x146f666b40f0>,6,18,[8 1],7,7,25,0,7
1,<environment.Job instance at 0x146f666b4a00>,8,13,[6 1],9,25,38,16,12
1,<environment.Job instance at 0x146f658e2230>,1,13,[2 8],2,2,15,0,2
1,<environment.Job instance at 0x146f621d9230>,1,17,[6 1],3,3,20,0,3
1,<environment.Job instance at 0x146f83bc1280>,1,12,[ 1 10],2,2,14,0,2
1,<environment.Job instance at 0x146f771d2e60>,6,16,[10  2],9,14,30,5,9
1,<environment.Job instance at 0x146f645f5af0>,0,12,[2 5],1,1,13,0,1
1,<environment.Job instance at 0x146f6093f230>,6,18,[8 1],7,7,25,0,7
1,<environment.Job instance at 0x146f7385a0a0>,8,13,[6 1],9,25,38,16,12
1,<environment.Job instance at 0x146f6ef3b2d0>,1,13,[2 8],2,2,15,0,2
1,<environment.Job instance at 0x146f64962780>,1,17,[6 1],3,3,20,0,3
1,<environment.Job instance at 0x146f60884370>,1,12,[ 1 10],2,2,14,0,2
1,<environment.Job instance at 0x146f6a5aa8c0>,6,16,[10  2],9,14,30,5,9
1,<environment.Job instance at 0x146f6df4deb0>,1,3,[2 9],2,2,5,0,2
1,<environment.Job instance at 0x146f6391ee10>,0,12,[2 5],1,1,13,0,1
1,<environment.Job instance at 0x146f6ab37b90>,6,18,[8 1],7,7,25,0,7
1,<environment.Job instance at 0x146f6ab37730>,8,13,[6 1],9,25,38,16,12
1,<environment.Job instance at 0x146f6a3920f0>,1,13,[2 8],2,2,15,0,2
1,<environment.Job instance at 0x146f957d3230>,1,17,[6 1],3,3,20,0,3
1,<environment.Job instance at 0x146fcc60b410>,1,12,[ 1 10],2,2,14,0,2
1,<environment.Job instance at 0x146f744a1320>,6,16,[10  2],9,14,30,5,9
1,<environment.Job instance at 0x146f6b333e10>,0,12,[2 5],1,1,13,0,1
1,<environment.Job instance at 0x146f66c3faf0>,6,18,[8 1],7,7,25,0,7
1,<environment.Job instance at 0x146f66c3f870>,8,13,[6 1],9,25,38,16,12
1,<environment.Job instance at 0x146f62124640>,1,13,[2 8],2,2,15,0,2
1,<environment.Job instance at 0x146f6721b910>,1,17,[6 1],3,3,20,0,3
1,<environment.Job instance at 0x146f685f7eb0>,1,12,[ 1 10],2,2,14,0,2
1,<environment.Job instance at 0x146f73442690>,6,16,[10  2],9,14,30,5,9
1,<environment.Job instance at 0x146f7a9c2730>,0,12,[2 5],1,1,13,0,1
1,<environment.Job instance at 0x146f649b9690>,6,18,[8 1],7,7,25,0,7
1,<environment.Job instance at 0x146f649b9f50>,8,13,[6 1],9,25,38,16,12
1,<environment.Job instance at 0x146f6a71c320>,1,13,[2 8],2,2,15,0,2
1,<environment.Job instance at 0x146f63ec87d0>,1,17,[6 1],3,3,20,0,3
1,<environment.Job instance at 0x146f72aa1f50>,1,12,[ 1 10],2,2,14,0,2
1,<environment.Job instance at 0x146f72aa1280>,6,16,[10  2],9,14,30,5,9
1,<environment.Job instance at 0x146fcea1faf0>,0,12,[2 5],1,1,13,0,1
1,<environment.Job instance at 0x146f6573ef00>,6,18,[8 1],7,7,25,0,7
1,<environment.Job instance at 0x146f6573eeb0>,8,13,[6 1],9,25,38,16,12
1,<environment.Job instance at 0x146f6573eb40>,1,13,[2 8],2,2,15,0,2
1,<environment.Job instance at 0x146f6a3a3a50>,1,17,[6 1],3,3,20,0,3
1,<environment.Job instance at 0x146f6c35ff50>,1,12,[ 1 10],2,2,14,0,2
1,<environment.Job instance at 0x146f6d762c80>,6,16,[10  2],9,14,30,5,9
1,<environment.Job instance at 0x146f67aaf3c0>,0,12,[2 5],1,1,13,0,1
1,<environment.Job instance at 0x146f6d4637d0>,6,18,[8 1],7,7,25,0,7
1,<environment.Job instance at 0x146f686b9b40>,8,13,[6 1],9,25,38,16,12
1,<environment.Job instance at 0x146f686b9140>,1,13,[2 8],2,2,15,0,2
1,<environment.Job instance at 0x146fcd13b820>,1,17,[6 1],3,3,20,0,3
1,<environment.Job instance at 0x146f77185280>,1,12,[ 1 10],2,2,14,0,2
1,<environment.Job instance at 0x146f61809af0>,6,16,[10  2],9,14,30,5,9
1,<environment.Job instance at 0x146f74673460>,0,12,[2 5],1,1,13,0,1
1,<environment.Job instance at 0x146f6af74e10>,6,18,[8 1],7,7,25,0,7
1,<environment.Job instance at 0x146f73099690>,8,13,[6 1],9,25,38,16,12
1,<environment.Job instance at 0x146f74673f50>,1,13,[2 8],2,2,15,0,2
1,<environment.Job instance at 0x146f67895d20>,1,17,[6 1],3,3,20,0,3
1,<environment.Job instance at 0x146f6c803190>,1,12,[ 1 10],2,2,14,0,2
1,<environment.Job instance at 0x146f6a80dc30>,6,16,[10  2],9,14,30,5,9
1,<environment.Job instance at 0x146f64887140>,0,12,[2 5],1,1,13,0,1
1,<environment.Job instance at 0x146f7a558b40>,6,18,[8 1],7,7,25,0,7
1,<environment.Job instance at 0x146f7a558be0>,8,13,[6 1],9,25,38,16,12
1,<environment.Job instance at 0x146f63999eb0>,1,13,[2 8],2,2,15,0,2
1,<environment.Job instance at 0x146f6907b2d0>,1,17,[6 1],3,3,20,0,3
1,<environment.Job instance at 0x146f60c738c0>,1,12,[ 1 10],2,2,14,0,2
1,<environment.Job instance at 0x146f616280a0>,6,16,[10  2],9,14,30,5,9
1,<environment.Job instance at 0x146f752b1a50>,0,12,[2 5],1,1,13,0,1
1,<environment.Job instance at 0x146f701f32d0>,6,18,[8 1],7,7,25,0,7
1,<environment.Job instance at 0x146f6f255370>,8,13,[6 1],9,25,38,16,12
1,<environment.Job instance at 0x146f64380230>,1,13,[2 8],2,2,15,0,2
1,<environment.Job instance at 0x146f61fd1eb0>,1,17,[6 1],3,3,20,0,3
1,<environment.Job instance at 0x146f61f0dfa0>,1,12,[ 1 10],2,2,14,0,2
1,<environment.Job instance at 0x146f6bdb5870>,6,16,[10  2],9,14,30,5,9
1,<environment.Job instance at 0x146f6d3e5d20>,0,12,[2 5],1,1,13,0,1
1,<environment.Job instance at 0x146f61eaa140>,6,18,[8 1],7,7,25,0,7
1,<environment.Job instance at 0x146f61eaaa50>,8,13,[6 1],9,25,38,16,12
1,<environment.Job instance at 0x146f61eaa9b0>,1,13,[2 8],2,2,15,0,2
1,<environment.Job instance at 0x146f6c78b8c0>,1,17,[6 1],3,3,20,0,3
1,<environment.Job instance at 0x146f67dbe1e0>,1,12,[ 1 10],2,2,14,0,2
1,<environment.Job instance at 0x146f6451e7d0>,6,16,[10  2],9,14,30,5,9
1,<environment.Job instance at 0x146f7298da00>,0,12,[2 5],1,1,13,0,1
1,<environment.Job instance at 0x146f71cf60a0>,6,18,[8 1],7,7,25,0,7
1,<environment.Job instance at 0x146f6abfd730>,8,13,[6 1],9,25,38,16,12
1,<environment.Job instance at 0x146f7298d0f0>,1,13,[2 8],2,2,15,0,2
1,<environment.Job instance at 0x146f70855820>,1,17,[6 1],3,3,20,0,3
1,<environment.Job instance at 0x146f72591780>,1,12,[ 1 10],2,2,14,0,2
1,<environment.Job instance at 0x146f62a410a0>,6,16,[10  2],9,14,30,5,9
1,<environment.Job instance at 0x146f6a0432d0>,0,12,[2 5],1,1,13,0,1
1,<environment.Job instance at 0x146f63f43b90>,6,18,[8 1],7,7,25,0,7
1,<environment.Job instance at 0x146f63f43d70>,8,13,[6 1],9,25,38,16,12
1,<environment.Job instance at 0x146f6242d0a0>,1,13,[2 8],2,2,15,0,2
1,<environment.Job instance at 0x146f6766ab90>,1,17,[6 1],3,3,20,0,3
1,<environment.Job instance at 0x146f61a307d0>,1,12,[ 1 10],2,2,14,0,2
1,<environment.Job instance at 0x146f72cb0e60>,6,16,[10  2],9,14,30,5,9
1,<environment.Job instance at 0x146f61b20b40>,1,3,[2 9],2,2,5,0,2
1,<environment.Job instance at 0x146f82605a00>,0,12,[2 5],1,1,13,0,1
1,<environment.Job instance at 0x146f61baae10>,6,18,[8 1],7,7,25,0,7
1,<environment.Job instance at 0x146f62f355a0>,8,13,[6 1],9,25,38,16,12
1,<environment.Job instance at 0x146f62f35190>,1,13,[2 8],2,2,15,0,2
1,<environment.Job instance at 0x146f65365dc0>,1,17,[6 1],3,3,20,0,3
1,<environment.Job instance at 0x146f6a953050>,1,12,[ 1 10],2,2,14,0,2
1,<environment.Job instance at 0x146f6b8506e0>,6,16,[10  2],9,14,30,5,9
1,<environment.Job instance at 0x146f720a90a0>,1,3,[2 9],2,2,5,0,2
1,<environment.Job instance at 0x146f72f47c80>,0,12,[2 5],1,1,13,0,1
1,<environment.Job instance at 0x146f65de6eb0>,6,18,[8 1],7,7,25,0,7
1,<environment.Job instance at 0x146f65de6410>,8,13,[6 1],9,25,38,16,12
1,<environment.Job instance at 0x146fc804dc30>,1,13,[2 8],2,2,15,0,2
1,<environment.Job instance at 0x146f60b501e0>,1,17,[6 1],3,3,20,0,3
1,<environment.Job instance at 0x146f75fa09b0>,1,12,[ 1 10],2,2,14,0,2
1,<environment.Job instance at 0x146f656a59b0>,6,16,[10  2],9,14,30,5,9
1,<environment.Job instance at 0x146f6a465c80>,1,3,[2 9],2,2,5,0,2
1,<environment.Job instance at 0x146f633272d0>,0,12,[2 5],1,1,13,0,1
1,<environment.Job instance at 0x146f7303da50>,6,18,[8 1],7,7,25,0,7
1,<environment.Job instance at 0x146f96efd7d0>,8,13,[6 1],9,25,38,16,13
1,<environment.Job instance at 0x146f6cefccd0>,1,13,[2 8],2,2,15,0,2
1,<environment.Job instance at 0x146f75b0be60>,1,17,[6 1],3,3,20,0,3
1,<environment.Job instance at 0x146f691fe9b0>,1,12,[ 1 10],2,2,14,0,2
1,<environment.Job instance at 0x146f61ea2f00>,6,16,[10  2],9,14,30,5,9
1,<environment.Job instance at 0x146f7383e2d0>,0,12,[2 5],1,1,13,0,1
1,<environment.Job instance at 0x146f676c2f00>,6,18,[8 1],7,7,25,0,7
1,<environment.Job instance at 0x146f676c2e60>,8,13,[6 1],9,25,38,16,12
1,<environment.Job instance at 0x146f6c2aa410>,1,13,[2 8],2,2,15,0,2
1,<environment.Job instance at 0x146f72161f50>,1,17,[6 1],3,3,20,0,3
1,<environment.Job instance at 0x146f664430f0>,1,12,[ 1 10],2,2,14,0,2
1,<environment.Job instance at 0x146f7066aa00>,6,16,[10  2],9,14,30,5,9
1,<environment.Job instance at 0x146f6b706870>,1,3,[2 9],2,2,5,0,2
1,<environment.Job instance at 0x146f76b9e140>,0,12,[2 5],1,1,13,0,1
1,<environment.Job instance at 0x146f653c84b0>,6,18,[8 1],7,7,25,0,7
1,<environment.Job instance at 0x146f6da56140>,8,13,[6 1],9,25,38,16,12
1,<environment.Job instance at 0x146f8103e500>,1,13,[2 8],2,2,15,0,2
1,<environment.Job instance at 0x146f76507870>,1,17,[6 1],3,3,20,0,3
1,<environment.Job instance at 0x146f6c5c1be0>,1,12,[ 1 10],2,2,14,0,2
1,<environment.Job instance at 0x146f67b7f960>,6,16,[10  2],9,14,30,5,9
1,<environment.Job instance at 0x146f636f3640>,1,3,[2 9],2,2,5,0,2
1,<environment.Job instance at 0x146f663c79b0>,0,12,[2 5],1,1,13,0,1
1,<environment.Job instance at 0x146f61593550>,6,18,[8 1],7,7,25,0,7
1,<environment.Job instance at 0x146f614e6190>,8,13,[6 1],9,25,38,16,12
1,<environment.Job instance at 0x146f612563c0>,1,13,[2 8],2,2,15,0,2
1,<environment.Job instance at 0x146f61fd1500>,1,17,[6 1],3,3,20,0,3
1,<environment.Job instance at 0x146f61fd6d70>,1,12,[ 1 10],2,2,14,0,2
1,<environment.Job instance at 0x146f7519c690>,6,16,[10  2],9,14,30,5,9
1,<environment.Job instance at 0x146f632a8410>,1,3,[2 9],2,2,5,0,2
1,<environment.Job instance at 0x146f63ac43c0>,0,12,[2 5],1,1,13,0,1
1,<environment.Job instance at 0x146f6f327550>,6,18,[8 1],7,7,25,0,7
1,<environment.Job instance at 0x146f61bd85f0>,8,13,[6 1],9,25,38,16,12
1,<environment.Job instance at 0x146f61bd8690>,1,13,[2 8],2,2,15,0,2
1,<environment.Job instance at 0x146f6eca8550>,1,17,[6 1],3,3,20,0,3
1,<environment.Job instance at 0x146f70ff84b0>,1,12,[ 1 10],2,2,14,0,2
1,<environment.Job instance at 0x146f7246d3c0>,6,16,[10  2],9,14,30,5,9
1,<environment.Job instance at 0x146f658a9f00>,1,3,[2 9],2,2,5,0,2
1,<environment.Job instance at 0x146f739f0fa0>,0,12,[2 5],1,1,13,0,1
1,<environment.Job instance at 0x146f959ec870>,6,18,[8 1],7,7,25,0,7
1,<environment.Job instance at 0x146f959ecf00>,8,13,[6 1],9,25,38,16,12
1,<environment.Job instance at 0x146f66736fa0>,1,13,[2 8],2,2,15,0,2
1,<environment.Job instance at 0x146f832b75f0>,1,17,[6 1],3,3,20,0,3
1,<environment.Job instance at 0x146f7751c140>,1,12,[ 1 10],2,2,14,0,2
1,<environment.Job instance at 0x146f60499be0>,6,16,[10  2],9,14,30,5,9
1,<environment.Job instance at 0x146f63b94780>,1,3,[2 9],2,2,5,0,2
1,<environment.Job instance at 0x146f761e6c80>,0,12,[2 5],1,1,13,0,1
1,<environment.Job instance at 0x146f6d3a9500>,6,18,[8 1],7,7,25,0,7
1,<environment.Job instance at 0x146f6d3a9be0>,8,13,[6 1],9,25,38,16,12
1,<environment.Job instance at 0x146f6d3a9140>,1,13,[2 8],2,2,15,0,2
1,<environment.Job instance at 0x146f7459ad70>,1,17,[6 1],3,3,20,0,3
1,<environment.Job instance at 0x146f9408a7d0>,1,12,[ 1 10],2,2,14,0,2
1,<environment.Job instance at 0x146f6b95c5a0>,6,16,[10  2],9,14,30,5,9
1,<environment.Job instance at 0x146fcd7fb050>,1,3,[2 9],2,2,5,0,2
1,<environment.Job instance at 0x146f710c95a0>,0,12,[2 5],1,1,13,0,1
1,<environment.Job instance at 0x146f614793c0>,6,18,[8 1],7,7,25,0,7
1,<environment.Job instance at 0x146f6851fcd0>,1,13,[2 8],2,2,15,0,2
1,<environment.Job instance at 0x146f6f7ee280>,1,17,[6 1],3,3,20,0,3
1,<environment.Job instance at 0x146f60e551e0>,1,12,[ 1 10],2,2,14,0,2
1,<environment.Job instance at 0x146f6b43eb40>,6,16,[10  2],9,14,30,5,9
1,<environment.Job instance at 0x146f6f7eeb40>,1,3,[2 9],2,2,5,0,2
1,<environment.Job instance at 0x146f610dfd20>,0,12,[2 5],1,1,13,0,1
1,<environment.Job instance at 0x146f6b4916e0>,6,18,[8 1],7,7,25,0,7
1,<environment.Job instance at 0x146f6b4915f0>,8,13,[6 1],9,25,38,16,12
1,<environment.Job instance at 0x146f6b491190>,1,13,[2 8],2,2,15,0,2
1,<environment.Job instance at 0x146f67d9a820>,1,17,[6 1],3,3,20,0,3
1,<environment.Job instance at 0x146f6b4910f0>,1,12,[ 1 10],2,2,14,0,2
1,<environment.Job instance at 0x146f64edd6e0>,6,16,[10  2],9,14,30,5,9
1,<environment.Job instance at 0x146f783340f0>,1,3,[2 9],2,2,5,0,2
1,<environment.Job instance at 0x146f60ccb870>,0,12,[2 5],1,1,13,0,1
1,<environment.Job instance at 0x146f6038ebe0>,6,18,[8 1],7,7,25,0,7
1,<environment.Job instance at 0x146f603a5640>,8,13,[6 1],9,25,38,16,12
1,<environment.Job instance at 0x146f60388af0>,1,13,[2 8],2,2,15,0,2
1,<environment.Job instance at 0x146f72808aa0>,1,17,[6 1],3,3,20,0,3
1,<environment.Job instance at 0x146f677f2c80>,1,12,[ 1 10],2,2,14,0,2
1,<environment.Job instance at 0x146f745b47d0>,6,16,[10  2],9,14,30,5,9
1,<environment.Job instance at 0x146f60385690>,1,3,[2 9],2,2,5,0,2
1,<environment.Job instance at 0x146f64a441e0>,0,12,[2 5],1,1,13,0,1
1,<environment.Job instance at 0x146f947d8230>,6,18,[8 1],7,7,25,0,7
1,<environment.Job instance at 0x146f947d8690>,8,13,[6 1],9,25,38,16,12
1,<environment.Job instance at 0x146f805d1050>,1,13,[2 8],2,2,15,0,2
1,<environment.Job instance at 0x146f649d9500>,1,17,[6 1],3,3,20,0,3
1,<environment.Job instance at 0x146f60ccb370>,1,12,[ 1 10],2,2,14,0,2
1,<environment.Job instance at 0x146f70785dc0>,6,16,[10  2],9,14,30,5,9
1,<environment.Job instance at 0x146f649d90f0>,1,3,[2 9],2,2,5,0,2
1,<environment.Job instance at 0x146f766865f0>,0,12,[2 5],1,1,13,0,1
1,<environment.Job instance at 0x146f72a8e5f0>,6,18,[8 1],7,7,25,0,7
1,<environment.Job instance at 0x146f6393d2d0>,8,13,[6 1],9,25,38,16,12
1,<environment.Job instance at 0x146f6393d5a0>,1,13,[2 8],2,2,15,0,2
1,<environment.Job instance at 0x146f60ed10f0>,1,17,[6 1],3,3,20,0,3
1,<environment.Job instance at 0x146fcf1030f0>,1,12,[ 1 10],2,2,14,0,2
1,<environment.Job instance at 0x146f68f7f410>,6,16,[10  2],9,14,30,5,9
1,<environment.Job instance at 0x146f951dc0f0>,1,3,[2 9],2,2,5,0,2
1,<environment.Job instance at 0x146f71f82370>,0,12,[2 5],1,1,13,0,1
1,<environment.Job instance at 0x146f5ff33320>,6,18,[8 1],7,7,25,0,7
1,<environment.Job instance at 0x146f5ff331e0>,8,13,[6 1],9,25,38,16,11
1,<environment.Job instance at 0x146f5ff33550>,1,13,[2 8],2,2,15,0,2
1,<environment.Job instance at 0x146f6112e5a0>,1,17,[6 1],3,3,20,0,3
1,<environment.Job instance at 0x146f5ff333c0>,1,12,[ 1 10],2,2,14,0,2
1,<environment.Job instance at 0x146f64b6e4b0>,6,16,[10  2],9,14,30,5,9
1,<environment.Job instance at 0x146f6e5355a0>,1,3,[2 9],2,2,5,0,2
1,<environment.Job instance at 0x146f6185b3c0>,0,12,[2 5],1,1,13,0,1
1,<environment.Job instance at 0x146f7845a5a0>,6,18,[8 1],7,7,25,0,7
1,<environment.Job instance at 0x146f79e81e60>,8,13,[6 1],9,25,38,16,11
1,<environment.Job instance at 0x146f66bbf910>,1,13,[2 8],2,2,15,0,2
1,<environment.Job instance at 0x146f83c5ce10>,1,17,[6 1],3,3,20,0,3
1,<environment.Job instance at 0x146f6068ba00>,1,12,[ 1 10],2,2,14,0,2
1,<environment.Job instance at 0x146f606d6e60>,6,16,[10  2],9,14,30,5,9
1,<environment.Job instance at 0x146f7a011280>,1,3,[2 9],2,2,5,0,2
1,<environment.Job instance at 0x146f60118640>,0,12,[2 5],1,1,13,0,1
1,<environment.Job instance at 0x146f651da050>,6,18,[8 1],7,7,25,0,7
1,<environment.Job instance at 0x146f651da140>,8,13,[6 1],9,25,38,16,9
1,<environment.Job instance at 0x146f651da190>,1,13,[2 8],2,2,15,0,2
1,<environment.Job instance at 0x146f607f2320>,1,17,[6 1],3,3,20,0,3
1,<environment.Job instance at 0x146f651da280>,1,12,[ 1 10],2,2,14,0,2
1,<environment.Job instance at 0x146f6601b4b0>,6,16,[10  2],9,14,30,5,9
1,<environment.Job instance at 0x146f60bf3190>,1,3,[2 9],2,2,5,0,2
1,<environment.Job instance at 0x146f674d95f0>,0,12,[2 5],1,1,13,0,1
1,<environment.Job instance at 0x146f5f0f5500>,6,18,[8 1],7,7,25,0,7
1,<environment.Job instance at 0x146f5f0f54b0>,8,13,[6 1],9,25,38,16,9
1,<environment.Job instance at 0x146f5fc44e60>,1,13,[2 8],2,2,15,0,2
1,<environment.Job instance at 0x146f7b397aa0>,1,17,[6 1],3,3,20,0,3
1,<environment.Job instance at 0x146f79458460>,1,12,[ 1 10],2,2,14,0,2
1,<environment.Job instance at 0x146f75035aa0>,6,16,[10  2],9,14,30,5,9
1,<environment.Job instance at 0x146f72732aa0>,1,3,[2 9],2,2,5,0,2
1,<environment.Job instance at 0x146f5f4a7550>,0,12,[2 5],1,1,13,0,1
1,<environment.Job instance at 0x146f950f1d20>,6,18,[8 1],7,7,25,0,7
1,<environment.Job instance at 0x146f60f28b40>,8,13,[6 1],9,25,38,16,11
1,<environment.Job instance at 0x146f785956e0>,1,13,[2 8],2,2,15,0,2
1,<environment.Job instance at 0x146f60ffc1e0>,1,17,[6 1],3,3,20,0,3
1,<environment.Job instance at 0x146f698740f0>,1,12,[ 1 10],2,2,14,0,2
1,<environment.Job instance at 0x146f75478140>,6,16,[10  2],9,14,30,5,9
1,<environment.Job instance at 0x146f60ffce10>,1,3,[2 9],2,2,5,0,2
1,<environment.Job instance at 0x146f637775a0>,0,12,[2 5],1,1,13,0,1
1,<environment.Job instance at 0x146f744c9e60>,6,18,[8 1],7,7,25,0,7
1,<environment.Job instance at 0x146f6281b0a0>,8,13,[6 1],9,25,38,16,9
1,<environment.Job instance at 0x146f6281bcd0>,1,13,[2 8],2,2,15,0,2
1,<environment.Job instance at 0x146f67f94190>,1,17,[6 1],3,3,20,0,3
1,<environment.Job instance at 0x146f5e073730>,1,12,[ 1 10],2,2,14,0,2
1,<environment.Job instance at 0x146f5f59e0f0>,6,16,[10  2],9,14,30,5,9
1,<environment.Job instance at 0x146f5fcf21e0>,1,3,[2 9],2,2,5,0,2
1,<environment.Job instance at 0x146f783735f0>,0,12,[2 5],1,1,13,0,1
1,<environment.Job instance at 0x146f67debf50>,6,18,[8 1],7,7,25,0,7
1,<environment.Job instance at 0x146f64fbd410>,8,13,[6 1],9,25,38,16,9
1,<environment.Job instance at 0x146f6d3f90a0>,1,13,[2 8],2,2,15,0,2
1,<environment.Job instance at 0x146f5ed33460>,1,17,[6 1],3,3,20,0,3
1,<environment.Job instance at 0x146f5f31b4b0>,1,12,[ 1 10],2,2,14,0,2
1,<environment.Job instance at 0x146f64c30050>,6,16,[10  2],9,14,30,5,9
1,<environment.Job instance at 0x146f728d6960>,1,3,[2 9],2,2,5,0,2
1,<environment.Job instance at 0x146f601e3550>,0,12,[2 5],1,1,13,0,1
1,<environment.Job instance at 0x146f604ac960>,6,18,[8 1],7,7,25,0,7
1,<environment.Job instance at 0x146f81d5ad20>,8,13,[6 1],9,25,38,16,9
1,<environment.Job instance at 0x146f6ed38a50>,1,13,[2 8],2,2,15,0,2
1,<environment.Job instance at 0x146f6a3eb320>,1,17,[6 1],3,3,20,0,3
1,<environment.Job instance at 0x146f7316e280>,1,12,[ 1 10],2,2,14,0,2
1,<environment.Job instance at 0x146f60493a50>,6,16,[10  2],9,14,30,5,9
1,<environment.Job instance at 0x146f69874d20>,1,3,[2 9],2,2,5,0,2
1,<environment.Job instance at 0x146f5d2eaeb0>,0,12,[2 5],1,1,13,0,1
1,<environment.Job instance at 0x146f633c4e60>,6,18,[8 1],7,7,25,0,7
1,<environment.Job instance at 0x146f633c40a0>,8,13,[6 1],9,25,38,16,9
1,<environment.Job instance at 0x146f5d2eaa00>,1,13,[2 8],2,2,15,0,2
1,<environment.Job instance at 0x146f692f4230>,1,17,[6 1],3,3,20,0,3
1,<environment.Job instance at 0x146f68d358c0>,1,12,[ 1 10],2,2,14,0,2
1,<environment.Job instance at 0x146f5d718c30>,6,16,[10  2],9,14,30,5,9
1,<environment.Job instance at 0x146f766c0c80>,1,3,[2 9],2,2,5,0,2
1,<environment.Job instance at 0x146f742f2410>,0,12,[2 5],1,1,13,0,1
1,<environment.Job instance at 0x146f69154140>,6,18,[8 1],7,7,25,0,7
1,<environment.Job instance at 0x146f691544b0>,8,13,[6 1],9,25,38,16,9
1,<environment.Job instance at 0x146f691547d0>,1,13,[2 8],2,2,15,0,2
1,<environment.Job instance at 0x146f706ed910>,1,17,[6 1],3,3,20,0,3
1,<environment.Job instance at 0x146f6f23b7d0>,1,12,[ 1 10],2,2,14,0,2
1,<environment.Job instance at 0x146f7ab58a00>,6,16,[10  2],9,14,30,5,9
1,<environment.Job instance at 0x146f620ad280>,1,3,[2 9],2,2,5,0,2
1,<environment.Job instance at 0x146f61ff1eb0>,0,12,[2 5],1,1,13,0,1
1,<environment.Job instance at 0x146f75465820>,6,18,[8 1],7,7,25,0,7
1,<environment.Job instance at 0x146f75465d20>,8,13,[6 1],9,25,38,16,9
1,<environment.Job instance at 0x146f82f5be10>,1,13,[2 8],2,2,15,0,2
1,<environment.Job instance at 0x146f63f14e10>,1,17,[6 1],3,3,20,0,3
1,<environment.Job instance at 0x146f82f5b8c0>,1,12,[ 1 10],2,2,14,0,2
1,<environment.Job instance at 0x146f610aa500>,6,16,[10  2],9,14,30,5,9
1,<environment.Job instance at 0x146f6f7a3a00>,1,3,[2 9],2,2,5,0,2
1,<environment.Job instance at 0x146f60bfcb90>,0,12,[2 5],1,1,13,0,1
1,<environment.Job instance at 0x146f5eb3d780>,6,18,[8 1],7,7,25,0,7
1,<environment.Job instance at 0x146f5eb85eb0>,8,13,[6 1],9,25,38,16,9
1,<environment.Job instance at 0x146f74682230>,1,13,[2 8],2,2,15,0,2
1,<environment.Job instance at 0x146f5f360320>,1,17,[6 1],3,3,20,0,3
1,<environment.Job instance at 0x146f71f38e10>,1,12,[ 1 10],2,2,14,0,2
1,<environment.Job instance at 0x146f65df4460>,6,16,[10  2],9,14,30,5,9
1,<environment.Job instance at 0x146f5f360140>,1,3,[2 9],2,2,5,0,2
1,<environment.Job instance at 0x146f657ff0a0>,0,12,[2 5],1,1,13,0,1
1,<environment.Job instance at 0x146f5fd5f320>,6,18,[8 1],7,7,25,0,7
1,<environment.Job instance at 0x146f5fd5f5f0>,8,13,[6 1],9,25,38,16,9
1,<environment.Job instance at 0x146f6456acd0>,1,13,[2 8],2,2,15,0,2
1,<environment.Job instance at 0x146f75426690>,1,17,[6 1],3,3,20,0,3
1,<environment.Job instance at 0x146f79e1b550>,1,12,[ 1 10],2,2,14,0,2
1,<environment.Job instance at 0x146f66bd75a0>,6,16,[10  2],9,14,30,5,9
1,<environment.Job instance at 0x146f6038c230>,1,3,[2 9],2,2,5,0,2
1,<environment.Job instance at 0x146f73cb81e0>,0,12,[2 5],1,1,13,0,1
1,<environment.Job instance at 0x146f668be6e0>,6,18,[8 1],7,7,25,0,7
1,<environment.Job instance at 0x146f668becd0>,8,13,[6 1],9,25,38,16,9
1,<environment.Job instance at 0x146f6b2faa50>,1,13,[2 8],2,2,15,0,2
1,<environment.Job instance at 0x146f61f48eb0>,1,17,[6 1],3,3,20,0,3
1,<environment.Job instance at 0x146f6183a320>,1,12,[ 1 10],2,2,14,0,2
1,<environment.Job instance at 0x146f6bd35dc0>,6,16,[10  2],9,14,30,5,9
1,<environment.Job instance at 0x146f60acc460>,1,3,[2 9],2,2,5,0,2
1,<environment.Job instance at 0x146f63771b40>,0,12,[2 5],1,1,13,0,1
1,<environment.Job instance at 0x146f68826460>,6,18,[8 1],7,7,25,0,7
1,<environment.Job instance at 0x146f688266e0>,8,13,[6 1],9,25,38,16,9
1,<environment.Job instance at 0x146f6949c280>,1,13,[2 8],2,2,15,0,2
1,<environment.Job instance at 0x146f680cf5f0>,1,17,[6 1],3,3,20,0,3
1,<environment.Job instance at 0x146f5c3c9050>,1,12,[ 1 10],2,2,14,0,2
1,<environment.Job instance at 0x146f5c3860a0>,6,16,[10  2],9,14,30,5,9
1,<environment.Job instance at 0x146f5c3dba50>,1,3,[2 9],2,2,5,0,2
1,<environment.Job instance at 0x146f74f5a550>,0,12,[2 5],1,1,13,0,1
1,<environment.Job instance at 0x146f6a23cb90>,6,18,[8 1],7,7,25,0,7
1,<environment.Job instance at 0x146f664535a0>,8,13,[6 1],9,25,38,16,9
1,<environment.Job instance at 0x146f62c552d0>,1,13,[2 8],2,2,15,0,2
1,<environment.Job instance at 0x146f5ef78140>,1,17,[6 1],3,3,20,0,3
1,<environment.Job instance at 0x146f5e588280>,1,12,[ 1 10],2,2,14,0,2
1,<environment.Job instance at 0x146f62687370>,6,16,[10  2],9,14,30,5,9
1,<environment.Job instance at 0x146f77197be0>,1,3,[2 9],2,2,5,0,2
1,<environment.Job instance at 0x146f74735c80>,0,12,[2 5],1,1,13,0,1
1,<environment.Job instance at 0x146f63687a50>,6,18,[8 1],7,7,25,0,7
1,<environment.Job instance at 0x146f63687af0>,8,13,[6 1],9,25,38,16,9
1,<environment.Job instance at 0x146f604d2cd0>,1,13,[2 8],2,2,15,0,2
1,<environment.Job instance at 0x146f79e1ec30>,1,17,[6 1],3,3,20,0,3
1,<environment.Job instance at 0x146f7459f820>,1,12,[ 1 10],2,2,14,0,2
1,<environment.Job instance at 0x146f61321910>,6,16,[10  2],9,14,30,5,9
1,<environment.Job instance at 0x146f66c43aa0>,1,3,[2 9],2,2,5,0,2
1,<environment.Job instance at 0x146f6783b9b0>,0,12,[2 5],1,1,13,0,1
1,<environment.Job instance at 0x146f711516e0>,6,18,[8 1],7,7,25,0,7
1,<environment.Job instance at 0x146f711512d0>,8,13,[6 1],9,25,38,16,9
1,<environment.Job instance at 0x146f5d9e6370>,1,13,[2 8],2,2,15,0,2
1,<environment.Job instance at 0x146f804ea6e0>,1,17,[6 1],3,3,20,0,3
1,<environment.Job instance at 0x146f5d89c7d0>,1,12,[ 1 10],2,2,14,0,2
1,<environment.Job instance at 0x146f6bbfe370>,6,16,[10  2],9,14,30,5,9
1,<environment.Job instance at 0x146f68a2daf0>,1,3,[2 9],2,2,5,0,2
1,<environment.Job instance at 0x146f638b70f0>,0,12,[2 5],1,1,13,0,1
1,<environment.Job instance at 0x146f62cb0d70>,6,18,[8 1],7,7,25,0,7
1,<environment.Job instance at 0x146f5f6182d0>,8,13,[6 1],9,25,38,16,9
1,<environment.Job instance at 0x146f67254500>,1,13,[2 8],2,2,15,0,2
1,<environment.Job instance at 0x146f65c71820>,1,17,[6 1],3,3,20,0,3
1,<environment.Job instance at 0x146f5fae5780>,1,12,[ 1 10],2,2,14,0,2
1,<environment.Job instance at 0x146f5e5a8d20>,6,16,[10  2],9,14,30,5,9
1,<environment.Job instance at 0x146f76a05a50>,1,3,[2 9],2,2,5,0,2
1,<environment.Job instance at 0x146f65b33e60>,0,12,[2 5],1,1,13,0,1
1,<environment.Job instance at 0x146f5c8835f0>,6,18,[8 1],7,7,25,0,7
1,<environment.Job instance at 0x146f5c8837d0>,8,13,[6 1],9,25,38,16,9
1,<environment.Job instance at 0x146f74feb5a0>,1,13,[2 8],2,2,15,0,2
1,<environment.Job instance at 0x146f6db1e0a0>,1,17,[6 1],3,3,20,0,3
1,<environment.Job instance at 0x146f72273140>,1,12,[ 1 10],2,2,14,0,2
1,<environment.Job instance at 0x146f694eb7d0>,6,16,[10  2],9,14,30,5,9
1,<environment.Job instance at 0x146f6757bd70>,1,3,[2 9],2,2,5,0,2
1,<environment.Job instance at 0x146f61a39b90>,0,12,[2 5],1,1,13,0,1
1,<environment.Job instance at 0x146f5ffa28c0>,6,18,[8 1],7,7,25,0,7
1,<environment.Job instance at 0x146f791cb0a0>,8,13,[6 1],9,25,38,16,9
1,<environment.Job instance at 0x146f6c382780>,1,13,[2 8],2,2,15,0,2
1,<environment.Job instance at 0x146f69a1c9b0>,1,17,[6 1],3,3,20,0,3
1,<environment.Job instance at 0x146f65fc7c80>,1,12,[ 1 10],2,2,14,0,2
1,<environment.Job instance at 0x146f6e6b6690>,6,16,[10  2],9,14,30,5,9
1,<environment.Job instance at 0x146f8345bfa0>,1,3,[2 9],2,2,5,0,2
1,<environment.Job instance at 0x146f5e5da320>,0,12,[2 5],1,1,13,0,1
1,<environment.Job instance at 0x146f61316c80>,6,18,[8 1],7,7,25,0,7
1,<environment.Job instance at 0x146f61316460>,8,13,[6 1],9,25,38,16,9
1,<environment.Job instance at 0x146f61316730>,1,13,[2 8],2,2,15,0,2
1,<environment.Job instance at 0x146f5ffc0910>,1,17,[6 1],3,3,20,0,3
1,<environment.Job instance at 0x146f6043de10>,1,12,[ 1 10],2,2,14,0,2
1,<environment.Job instance at 0x146f5e9b9dc0>,6,16,[10  2],9,14,30,5,9
1,<environment.Job instance at 0x146f5e9b9820>,1,3,[2 9],2,2,5,0,2
1,<environment.Job instance at 0x146f74852230>,0,12,[2 5],1,1,13,0,1
1,<environment.Job instance at 0x146f7209d2d0>,6,18,[8 1],7,7,25,0,7
1,<environment.Job instance at 0x146f65da7500>,8,13,[6 1],9,25,38,16,9
1,<environment.Job instance at 0x146f63f12cd0>,1,13,[2 8],2,2,15,0,2
1,<environment.Job instance at 0x146f6f4dde10>,1,17,[6 1],3,3,20,0,3
1,<environment.Job instance at 0x146f65da7320>,1,12,[ 1 10],2,2,14,0,2
1,<environment.Job instance at 0x146f61c947d0>,6,16,[10  2],9,14,30,5,9
1,<environment.Job instance at 0x146f70e65230>,1,3,[2 9],2,2,5,0,2
1,<environment.Job instance at 0x146f619e0460>,0,12,[2 5],1,1,13,0,1
1,<environment.Job instance at 0x146f5c7b9be0>,6,18,[8 1],7,7,25,0,7
1,<environment.Job instance at 0x146f5c7b9730>,8,13,[6 1],9,25,38,16,9
1,<environment.Job instance at 0x146f6f7167d0>,1,13,[2 8],2,2,15,0,2
1,<environment.Job instance at 0x146f78307320>,1,17,[6 1],3,3,20,0,3
1,<environment.Job instance at 0x146f6636baf0>,1,12,[ 1 10],2,2,14,0,2
1,<environment.Job instance at 0x146f6de876e0>,6,16,[10  2],9,14,30,5,9
1,<environment.Job instance at 0x146f6544a410>,1,3,[2 9],2,2,5,0,2
1,<environment.Job instance at 0x146f5c0e4cd0>,0,12,[2 5],1,1,13,0,1
1,<environment.Job instance at 0x146f6fabbfa0>,6,18,[8 1],7,7,25,0,7
1,<environment.Job instance at 0x146f6fabbb90>,8,13,[6 1],9,25,38,16,9
1,<environment.Job instance at 0x146f6805f1e0>,1,13,[2 8],2,2,15,0,2
1,<environment.Job instance at 0x146f5c531500>,1,17,[6 1],3,3,20,0,3
1,<environment.Job instance at 0x146f6b494550>,1,12,[ 1 10],2,2,14,0,2
1,<environment.Job instance at 0x146f5e060370>,6,16,[10  2],9,14,30,5,9
1,<environment.Job instance at 0x146f61a8c460>,1,3,[2 9],2,2,5,0,2
1,<environment.Job instance at 0x146f657cd820>,0,12,[2 5],1,1,13,0,1
1,<environment.Job instance at 0x146f5d637a00>,6,18,[8 1],7,7,25,0,7
1,<environment.Job instance at 0x146f5d637b90>,8,13,[6 1],9,25,38,16,9
1,<environment.Job instance at 0x146f762f66e0>,1,13,[2 8],2,2,15,0,2
1,<environment.Job instance at 0x146f5d03a0a0>,1,17,[6 1],3,3,20,0,3
1,<environment.Job instance at 0x146f71c8bfa0>,1,12,[ 1 10],2,2,14,0,2
1,<environment.Job instance at 0x146f67bc4b90>,6,16,[10  2],9,14,30,5,9
1,<environment.Job instance at 0x146f78595f50>,1,3,[2 9],2,2,5,0,2
1,<environment.Job instance at 0x146f6c147cd0>,0,12,[2 5],1,1,13,0,1
1,<environment.Job instance at 0x146f5b309960>,6,18,[8 1],7,7,25,0,7
1,<environment.Job instance at 0x146f5b309b40>,8,13,[6 1],9,25,38,16,9
1,<environment.Job instance at 0x146f5b30fe10>,1,13,[2 8],2,2,15,0,2
1,<environment.Job instance at 0x146f5a536aa0>,1,17,[6 1],3,3,20,0,3
1,<environment.Job instance at 0x146f667a84b0>,1,12,[ 1 10],2,2,14,0,2
1,<environment.Job instance at 0x146f5d5eab40>,6,16,[10  2],9,14,30,5,9
1,<environment.Job instance at 0x146f656bf4b0>,1,3,[2 9],2,2,5,0,2
1,<environment.Job instance at 0x146f71353190>,0,12,[2 5],1,1,13,0,1
1,<environment.Job instance at 0x146f778390a0>,6,18,[8 1],7,7,25,0,7
1,<environment.Job instance at 0x146f64367780>,8,13,[6 1],9,25,38,16,9
1,<environment.Job instance at 0x146f63c8a2d0>,1,13,[2 8],2,2,15,0,2
1,<environment.Job instance at 0x146f7481f690>,1,17,[6 1],3,3,20,0,3
1,<environment.Job instance at 0x146f6a341780>,1,12,[ 1 10],2,2,14,0,2
1,<environment.Job instance at 0x146f60677820>,6,16,[10  2],9,14,30,5,9
1,<environment.Job instance at 0x146f61daa870>,1,3,[2 9],2,2,5,0,2
1,<environment.Job instance at 0x146f715acfa0>,0,12,[2 5],1,1,13,0,1
1,<environment.Job instance at 0x146f628ee820>,6,18,[8 1],7,7,25,0,7
1,<environment.Job instance at 0x146f6704d870>,8,13,[6 1],9,25,38,16,9
1,<environment.Job instance at 0x146f7a819b90>,1,13,[2 8],2,2,15,0,2
1,<environment.Job instance at 0x146f71df1e10>,1,17,[6 1],3,3,20,0,3
1,<environment.Job instance at 0x146f5a206960>,1,12,[ 1 10],2,2,14,0,2
1,<environment.Job instance at 0x146f5a172c30>,6,16,[10  2],9,14,30,5,9
1,<environment.Job instance at 0x146f5a1726e0>,1,3,[2 9],2,2,5,0,2
1,<environment.Job instance at 0x146f765fe730>,0,12,[2 5],1,1,13,0,1
1,<environment.Job instance at 0x146f5be04320>,6,18,[8 1],7,7,25,0,7
1,<environment.Job instance at 0x146f5a5afa50>,8,13,[6 1],9,25,38,16,9
1,<environment.Job instance at 0x146f5a762cd0>,1,13,[2 8],2,2,15,0,2
1,<environment.Job instance at 0x146f6179c5a0>,1,17,[6 1],3,3,20,0,3
1,<environment.Job instance at 0x146f6f2dcc30>,1,12,[ 1 10],2,2,14,0,2
1,<environment.Job instance at 0x146f826ce320>,6,16,[10  2],9,14,30,5,9
1,<environment.Job instance at 0x146f5d8fec30>,1,3,[2 9],2,2,5,0,2
1,<environment.Job instance at 0x146f5e854cd0>,0,12,[2 5],1,1,13,0,1
1,<environment.Job instance at 0x146f69878aa0>,6,18,[8 1],7,7,25,0,7
1,<environment.Job instance at 0x146f5e8bfa00>,8,13,[6 1],9,25,38,16,9
1,<environment.Job instance at 0x146f698780a0>,1,13,[2 8],2,2,15,0,2
1,<environment.Job instance at 0x146f5f1fa050>,1,17,[6 1],3,3,20,0,3
1,<environment.Job instance at 0x146f6f973730>,1,12,[ 1 10],2,2,14,0,2
1,<environment.Job instance at 0x146f700cce10>,6,16,[10  2],9,14,30,5,9
1,<environment.Job instance at 0x146f7a674370>,1,3,[2 9],2,2,5,0,2
1,<environment.Job instance at 0x146f5a949e60>,0,12,[2 5],1,1,13,0,1
1,<environment.Job instance at 0x146f5a932af0>,6,18,[8 1],7,7,25,0,7
1,<environment.Job instance at 0x146f5a932aa0>,8,13,[6 1],9,25,38,16,9
1,<environment.Job instance at 0x146f5a932780>,1,13,[2 8],2,2,15,0,2
1,<environment.Job instance at 0x146f6d446a50>,1,17,[6 1],3,3,20,0,3
1,<environment.Job instance at 0x146f7b302190>,1,12,[ 1 10],2,2,14,0,2
1,<environment.Job instance at 0x146f62a9c140>,6,16,[10  2],9,14,30,5,9
1,<environment.Job instance at 0x146f5a93cb90>,1,3,[2 9],2,2,5,0,2
1,<environment.Job instance at 0x146f6071f0f0>,0,12,[2 5],1,1,13,0,1
1,<environment.Job instance at 0x146f63606cd0>,6,18,[8 1],7,7,25,0,7
1,<environment.Job instance at 0x146f63606460>,8,13,[6 1],9,25,38,16,9
1,<environment.Job instance at 0x146f63606870>,1,13,[2 8],2,2,15,0,2
1,<environment.Job instance at 0x146f5f8d4870>,1,17,[6 1],3,3,20,0,3
1,<environment.Job instance at 0x146f68452870>,1,12,[ 1 10],2,2,14,0,2
1,<environment.Job instance at 0x146f5ba5ff50>,6,16,[10  2],9,14,30,5,9
1,<environment.Job instance at 0x146f83812410>,1,3,[2 9],2,2,5,0,2
1,<environment.Job instance at 0x146f713c3550>,0,12,[2 5],1,1,13,0,1
1,<environment.Job instance at 0x146f7349c4b0>,6,18,[8 1],7,7,25,0,7
1,<environment.Job instance at 0x146f6319c3c0>,8,13,[6 1],9,25,38,16,9
1,<environment.Job instance at 0x146f60e39be0>,1,13,[2 8],2,2,15,0,2
1,<environment.Job instance at 0x146f5f6965a0>,1,17,[6 1],3,3,20,0,3
1,<environment.Job instance at 0x146f6e81ccd0>,1,12,[ 1 10],2,2,14,0,2
1,<environment.Job instance at 0x146f59773dc0>,6,16,[10  2],9,14,30,5,9
1,<environment.Job instance at 0x146f62a44550>,1,3,[2 9],2,2,5,0,2
1,<environment.Job instance at 0x146f6732ec30>,0,12,[2 5],1,1,13,0,1
1,<environment.Job instance at 0x146f5c2f3af0>,6,18,[8 1],7,7,25,0,7
1,<environment.Job instance at 0x146f5c2f3f00>,8,13,[6 1],9,25,38,16,9
1,<environment.Job instance at 0x146f6ce3e870>,1,13,[2 8],2,2,15,0,2
1,<environment.Job instance at 0x146f654d4460>,1,17,[6 1],3,3,20,0,3
1,<environment.Job instance at 0x146f5ed58aa0>,1,12,[ 1 10],2,2,14,0,2
1,<environment.Job instance at 0x146f661ff870>,6,16,[10  2],9,14,30,5,9
1,<environment.Job instance at 0x146f63fa3f00>,1,3,[2 9],2,2,5,0,2
1,<environment.Job instance at 0x146f7a7b4d70>,0,12,[2 5],1,1,13,0,1
1,<environment.Job instance at 0x146f61848c30>,6,18,[8 1],7,7,25,0,7
1,<environment.Job instance at 0x146f69ac2140>,8,13,[6 1],9,25,38,16,9
1,<environment.Job instance at 0x146f6b12f5a0>,1,13,[2 8],2,2,15,0,2
1,<environment.Job instance at 0x146f5ba24a50>,1,17,[6 1],3,3,20,0,3
1,<environment.Job instance at 0x146f62d3be60>,1,12,[ 1 10],2,2,14,0,2
1,<environment.Job instance at 0x146f620fcaa0>,6,16,[10  2],9,14,30,5,9
1,<environment.Job instance at 0x146f59f68f50>,1,3,[2 9],2,2,5,0,2
1,<environment.Job instance at 0x146f66c31370>,0,12,[2 5],1,1,13,0,1
1,<environment.Job instance at 0x146f8200cc80>,6,18,[8 1],7,7,25,0,7
1,<environment.Job instance at 0x146f8200c6e0>,8,13,[6 1],9,25,38,16,9
1,<environment.Job instance at 0x146f78c28e10>,1,13,[2 8],2,2,15,0,2
1,<environment.Job instance at 0x146f76926640>,1,17,[6 1],3,3,20,0,3
1,<environment.Job instance at 0x146f726e7a00>,1,12,[ 1 10],2,2,14,0,2
1,<environment.Job instance at 0x146f700475a0>,6,16,[10  2],9,14,30,5,9
1,<environment.Job instance at 0x146f74367eb0>,1,3,[2 9],2,2,5,0,2
1,<environment.Job instance at 0x146f6385bc80>,0,12,[2 5],1,1,13,0,1
1,<environment.Job instance at 0x146f5b3165a0>,6,18,[8 1],7,7,25,0,7
1,<environment.Job instance at 0x146f5b3164b0>,8,13,[6 1],9,25,38,16,9
1,<environment.Job instance at 0x146f655ac730>,1,13,[2 8],2,2,15,0,2
1,<environment.Job instance at 0x146f5eb05d70>,1,17,[6 1],3,3,20,0,3
1,<environment.Job instance at 0x146f838e2a00>,1,12,[ 1 10],2,2,14,0,2
1,<environment.Job instance at 0x146f5e4f9550>,6,16,[10  2],9,14,30,5,9
1,<environment.Job instance at 0x146f5bcddf50>,1,3,[2 9],2,2,5,0,2
1,<environment.Job instance at 0x146f618aaaf0>,0,12,[2 5],1,1,13,0,1
1,<environment.Job instance at 0x146f653cbc30>,6,18,[8 1],7,7,25,0,7
1,<environment.Job instance at 0x146f653cb050>,8,13,[6 1],9,25,38,16,9
1,<environment.Job instance at 0x146f68686230>,1,13,[2 8],2,2,15,0,2
1,<environment.Job instance at 0x146f56070d20>,1,17,[6 1],3,3,20,0,3
1,<environment.Job instance at 0x146f5f3be730>,1,12,[ 1 10],2,2,14,0,2
1,<environment.Job instance at 0x146f7090d550>,6,16,[10  2],9,14,30,5,9
1,<environment.Job instance at 0x146fcd97bc30>,1,3,[2 9],2,2,5,0,2
1,<environment.Job instance at 0x146f6beda230>,0,12,[2 5],1,1,13,0,1
1,<environment.Job instance at 0x146f6a168640>,6,18,[8 1],7,7,25,0,7
1,<environment.Job instance at 0x146f5c5ff280>,8,13,[6 1],9,25,38,16,9
1,<environment.Job instance at 0x146f5c5ff140>,1,13,[2 8],2,2,15,0,2
1,<environment.Job instance at 0x146f6608a7d0>,1,17,[6 1],3,3,20,0,3
1,<environment.Job instance at 0x146f5bbc4d70>,1,12,[ 1 10],2,2,14,0,2
1,<environment.Job instance at 0x146f6f4f2d20>,6,16,[10  2],9,14,30,5,9
1,<environment.Job instance at 0x146f6608abe0>,1,3,[2 9],2,2,5,0,2
1,<environment.Job instance at 0x146f7067e280>,0,12,[2 5],1,1,13,0,1
1,<environment.Job instance at 0x146f62491af0>,6,18,[8 1],7,7,25,0,7
1,<environment.Job instance at 0x146f62491b40>,8,13,[6 1],9,25,38,16,9
1,<environment.Job instance at 0x146f624911e0>,1,13,[2 8],2,2,15,0,2
1,<environment.Job instance at 0x146f81d9b690>,1,17,[6 1],3,3,20,0,3
1,<environment.Job instance at 0x146f596bb550>,1,12,[ 1 10],2,2,14,0,2
1,<environment.Job instance at 0x146f60c2e320>,6,16,[10  2],9,14,30,5,9
1,<environment.Job instance at 0x146f8039e230>,1,3,[2 9],2,2,5,0,2
1,<environment.Job instance at 0x146f96a1efa0>,0,12,[2 5],1,1,13,0,1
1,<environment.Job instance at 0x146f5c4f4780>,6,18,[8 1],7,7,25,0,7
1,<environment.Job instance at 0x146f67d949b0>,8,13,[6 1],9,25,38,16,9
1,<environment.Job instance at 0x146f96a1e4b0>,1,13,[2 8],2,2,15,0,2
1,<environment.Job instance at 0x146f6666ba00>,1,17,[6 1],3,3,20,0,3
1,<environment.Job instance at 0x146f5ae60190>,1,12,[ 1 10],2,2,14,0,2
1,<environment.Job instance at 0x146f76344fa0>,6,16,[10  2],9,14,30,5,9
1,<environment.Job instance at 0x146f5fc03960>,1,3,[2 9],2,2,5,0,2
1,<environment.Job instance at 0x146f5b18b550>,0,12,[2 5],1,1,13,0,1
1,<environment.Job instance at 0x146f62377140>,6,18,[8 1],7,7,25,0,7
1,<environment.Job instance at 0x146f62377f00>,8,13,[6 1],9,25,38,16,9
1,<environment.Job instance at 0x146f600c9d20>,1,13,[2 8],2,2,15,0,2
1,<environment.Job instance at 0x146f5efada50>,1,17,[6 1],3,3,20,0,3
1,<environment.Job instance at 0x146f60fd2b40>,1,12,[ 1 10],2,2,14,0,2
1,<environment.Job instance at 0x146f6c4bf7d0>,6,16,[10  2],9,14,30,5,9
1,<environment.Job instance at 0x146f60fd28c0>,1,3,[2 9],2,2,5,0,2
1,<environment.Job instance at 0x146f5c4f0fa0>,0,12,[2 5],1,1,13,0,1
1,<environment.Job instance at 0x146f79d961e0>,6,18,[8 1],7,7,25,0,7
1,<environment.Job instance at 0x146f79d96eb0>,8,13,[6 1],9,25,38,16,9
1,<environment.Job instance at 0x146f79d96500>,1,13,[2 8],2,2,15,0,2
1,<environment.Job instance at 0x146f59a1c0a0>,1,17,[6 1],3,3,20,0,3
1,<environment.Job instance at 0x146f59a1c320>,1,12,[ 1 10],2,2,14,0,2
1,<environment.Job instance at 0x146f79bd3a50>,6,16,[10  2],9,14,30,5,9
1,<environment.Job instance at 0x146f5a4b2640>,1,3,[2 9],2,2,5,0,2
1,<environment.Job instance at 0x146f5d30bd20>,0,12,[2 5],1,1,13,0,1
1,<environment.Job instance at 0x146f6b4412d0>,6,18,[8 1],7,7,25,0,7
1,<environment.Job instance at 0x146f6b441eb0>,8,13,[6 1],9,25,38,16,9
1,<environment.Job instance at 0x146f596d5140>,1,13,[2 8],2,2,15,0,2
1,<environment.Job instance at 0x146f596d3550>,1,17,[6 1],3,3,20,0,3
1,<environment.Job instance at 0x146f5ffb5780>,1,12,[ 1 10],2,2,14,0,2
1,<environment.Job instance at 0x146f6b741690>,6,16,[10  2],9,14,30,5,9
1,<environment.Job instance at 0x146f81a01b40>,1,3,[2 9],2,2,5,0,2
1,<environment.Job instance at 0x146f5a6e0910>,0,12,[2 5],1,1,13,0,1
1,<environment.Job instance at 0x146f5fdaaa50>,6,18,[8 1],7,7,25,0,7
1,<environment.Job instance at 0x146f5fdaaeb0>,8,13,[6 1],9,25,38,16,9
1,<environment.Job instance at 0x146f623687d0>,1,13,[2 8],2,2,15,0,2
1,<environment.Job instance at 0x146f617e9780>,1,17,[6 1],3,3,20,0,3
1,<environment.Job instance at 0x146f628e4aa0>,1,12,[ 1 10],2,2,14,0,2
1,<environment.Job instance at 0x146f77801dc0>,6,16,[10  2],9,14,30,5,9
1,<environment.Job instance at 0x146f692f4870>,1,3,[2 9],2,2,5,0,2
1,<environment.Job instance at 0x146f79146460>,0,12,[2 5],1,1,13,0,1
1,<environment.Job instance at 0x146f70af2500>,6,18,[8 1],7,7,25,0,7
1,<environment.Job instance at 0x146f70af2aa0>,8,13,[6 1],9,25,38,16,9
1,<environment.Job instance at 0x146f949a7c30>,1,13,[2 8],2,2,15,0,2
1,<environment.Job instance at 0x146f73a7f5a0>,1,17,[6 1],3,3,20,0,3
1,<environment.Job instance at 0x146f5bc03d20>,1,12,[ 1 10],2,2,14,0,2
1,<environment.Job instance at 0x146f58962b90>,6,16,[10  2],9,14,30,5,9
1,<environment.Job instance at 0x146f73e99050>,1,3,[2 9],2,2,5,0,2
1,<environment.Job instance at 0x146f6359d9b0>,0,12,[2 5],1,1,13,0,1
1,<environment.Job instance at 0x146f5ad2baa0>,6,18,[8 1],7,7,25,0,7
1,<environment.Job instance at 0x146f5ad2baf0>,8,13,[6 1],9,25,38,16,9
1,<environment.Job instance at 0x146f5a8b3c30>,1,13,[2 8],2,2,15,0,2
1,<environment.Job instance at 0x146f613b5e60>,1,17,[6 1],3,3,20,0,3
1,<environment.Job instance at 0x146f653d9b90>,1,12,[ 1 10],2,2,14,0,2
1,<environment.Job instance at 0x146f5abaa230>,6,16,[10  2],9,14,30,5,9
1,<environment.Job instance at 0x146f67340550>,1,3,[2 9],2,2,5,0,2
1,<environment.Job instance at 0x146f61eb42d0>,0,12,[2 5],1,1,13,0,1
1,<environment.Job instance at 0x146f589d7c80>,6,18,[8 1],7,7,25,0,7
1,<environment.Job instance at 0x146f589d50f0>,8,13,[6 1],9,25,38,16,9
1,<environment.Job instance at 0x146f77f99410>,1,13,[2 8],2,2,15,0,2
1,<environment.Job instance at 0x146f637612d0>,1,17,[6 1],3,3,20,0,3
1,<environment.Job instance at 0x146f781c4960>,1,12,[ 1 10],2,2,14,0,2
1,<environment.Job instance at 0x146f5d4a29b0>,6,16,[10  2],9,14,30,5,9
1,<environment.Job instance at 0x146f6ab5e4b0>,1,3,[2 9],2,2,5,0,2
1,<environment.Job instance at 0x146f76a5df00>,0,12,[2 5],1,1,13,0,1
1,<environment.Job instance at 0x146f6d058aa0>,6,18,[8 1],7,7,25,0,7
1,<environment.Job instance at 0x146f76e731e0>,8,13,[6 1],9,25,38,16,9
1,<environment.Job instance at 0x146f59bc75f0>,1,13,[2 8],2,2,15,0,2
1,<environment.Job instance at 0x146f5e583cd0>,1,17,[6 1],3,3,20,0,3
1,<environment.Job instance at 0x146f79ef7410>,1,12,[ 1 10],2,2,14,0,2
1,<environment.Job instance at 0x146f76825230>,6,16,[10  2],9,14,30,5,9
1,<environment.Job instance at 0x146f961e1410>,1,3,[2 9],2,2,5,0,2
1,<environment.Job instance at 0x146f74be2550>,0,12,[2 5],1,1,13,0,1
1,<environment.Job instance at 0x146fcf2fcfa0>,6,18,[8 1],7,7,25,0,7
1,<environment.Job instance at 0x146f75236b90>,8,13,[6 1],9,25,38,16,9
1,<environment.Job instance at 0x146f5b0dfeb0>,1,13,[2 8],2,2,15,0,2
1,<environment.Job instance at 0x146f824c3960>,1,17,[6 1],3,3,20,0,3
1,<environment.Job instance at 0x146f59e996e0>,1,12,[ 1 10],2,2,14,0,2
1,<environment.Job instance at 0x146f577f4be0>,6,16,[10  2],9,14,30,5,9
1,<environment.Job instance at 0x146f577e25a0>,1,3,[2 9],2,2,5,0,2
1,<environment.Job instance at 0x146f5b7a7a50>,0,12,[2 5],1,1,13,0,1
1,<environment.Job instance at 0x146f63ad1a50>,6,18,[8 1],7,7,25,0,7
1,<environment.Job instance at 0x146f63ad1a00>,8,13,[6 1],9,25,38,16,9
1,<environment.Job instance at 0x146f5d9f3960>,1,13,[2 8],2,2,15,0,2
1,<environment.Job instance at 0x146f5df95e10>,1,17,[6 1],3,3,20,0,3
1,<environment.Job instance at 0x146f7aa469b0>,1,12,[ 1 10],2,2,14,0,2
1,<environment.Job instance at 0x146f5e416f00>,6,16,[10  2],9,14,30,5,9
1,<environment.Job instance at 0x146f5fa54050>,1,3,[2 9],2,2,5,0,2
1,<environment.Job instance at 0x146f5cdd7690>,0,12,[2 5],1,1,13,0,1
1,<environment.Job instance at 0x146f58327550>,6,18,[8 1],7,7,25,0,7
1,<environment.Job instance at 0x146f583273c0>,8,13,[6 1],9,25,38,16,9
1,<environment.Job instance at 0x146f583279b0>,1,13,[2 8],2,2,15,0,2
1,<environment.Job instance at 0x146f671e1af0>,1,17,[6 1],3,3,20,0,3
1,<environment.Job instance at 0x146f652632d0>,1,12,[ 1 10],2,2,14,0,2
1,<environment.Job instance at 0x146f599f9eb0>,6,16,[10  2],9,14,30,5,9
1,<environment.Job instance at 0x146f5c03a870>,1,3,[2 9],2,2,5,0,2
1,<environment.Job instance at 0x146f5fbcf050>,0,12,[2 5],1,1,13,0,1
1,<environment.Job instance at 0x146f586a3f50>,6,18,[8 1],7,7,25,0,7
1,<environment.Job instance at 0x146f586a3cd0>,8,13,[6 1],9,25,38,16,9
1,<environment.Job instance at 0x146f76ffa0f0>,1,13,[2 8],2,2,15,0,2
1,<environment.Job instance at 0x146f56696280>,1,17,[6 1],3,3,20,0,3
1,<environment.Job instance at 0x146f6b510af0>,1,12,[ 1 10],2,2,14,0,2
1,<environment.Job instance at 0x146f5e854dc0>,6,16,[10  2],9,14,30,5,9
1,<environment.Job instance at 0x146f56832410>,1,3,[2 9],2,2,5,0,2
1,<environment.Job instance at 0x146f76170c30>,0,12,[2 5],1,1,13,0,1
1,<environment.Job instance at 0x146f61391eb0>,6,18,[8 1],7,7,25,0,7
1,<environment.Job instance at 0x146f61391b90>,8,13,[6 1],9,25,38,16,9
1,<environment.Job instance at 0x146f5d32f5a0>,1,13,[2 8],2,2,15,0,2
1,<environment.Job instance at 0x146f766a52d0>,1,17,[6 1],3,3,20,0,3
1,<environment.Job instance at 0x146f6c065d70>,1,12,[ 1 10],2,2,14,0,2
1,<environment.Job instance at 0x146f5ad84fa0>,6,16,[10  2],9,14,30,5,9
1,<environment.Job instance at 0x146f5a091870>,1,3,[2 9],2,2,5,0,2
1,<environment.Job instance at 0x146f6b00c230>,0,12,[2 5],1,1,13,0,1
1,<environment.Job instance at 0x146f55d001e0>,6,18,[8 1],7,7,25,0,7
1,<environment.Job instance at 0x146f65475fa0>,8,13,[6 1],9,25,38,16,9
1,<environment.Job instance at 0x146f55d00cd0>,1,13,[2 8],2,2,15,0,2
1,<environment.Job instance at 0x146f5c09bb40>,1,17,[6 1],3,3,20,0,3
1,<environment.Job instance at 0x146f583650a0>,1,12,[ 1 10],2,2,14,0,2
1,<environment.Job instance at 0x146f5f5b10f0>,6,16,[10  2],9,14,30,5,9
1,<environment.Job instance at 0x146f745a0500>,1,3,[2 9],2,2,5,0,2
1,<environment.Job instance at 0x146f750d3e60>,0,12,[2 5],1,1,13,0,1
1,<environment.Job instance at 0x146f5e6c4320>,6,18,[8 1],7,7,25,0,7
1,<environment.Job instance at 0x146f796ce280>,8,13,[6 1],9,25,38,16,9
1,<environment.Job instance at 0x146f7a558910>,1,13,[2 8],2,2,15,0,2
1,<environment.Job instance at 0x146f672271e0>,1,17,[6 1],3,3,20,0,3
1,<environment.Job instance at 0x146f5a5e5dc0>,1,12,[ 1 10],2,2,14,0,2
1,<environment.Job instance at 0x146f5eb598c0>,6,16,[10  2],9,14,30,5,9
1,<environment.Job instance at 0x146f594efd70>,1,3,[2 9],2,2,5,0,2
1,<environment.Job instance at 0x146f63ea5640>,0,12,[2 5],1,1,13,0,1
1,<environment.Job instance at 0x146f66ed9140>,6,18,[8 1],7,7,25,0,7
1,<environment.Job instance at 0x146f66ed9640>,8,13,[6 1],9,25,38,16,9
1,<environment.Job instance at 0x146f6a907230>,1,13,[2 8],2,2,15,0,2
1,<environment.Job instance at 0x146f5e975d20>,1,17,[6 1],3,3,20,0,3
1,<environment.Job instance at 0x146f696a99b0>,1,12,[ 1 10],2,2,14,0,2
1,<environment.Job instance at 0x146f67895960>,6,16,[10  2],9,14,30,5,9
1,<environment.Job instance at 0x146f75b57dc0>,1,3,[2 9],2,2,5,0,2
1,<environment.Job instance at 0x146f6ae27960>,0,12,[2 5],1,1,13,0,1
1,<environment.Job instance at 0x146f576fa230>,6,18,[8 1],7,7,25,0,7
1,<environment.Job instance at 0x146f6384b0a0>,8,13,[6 1],9,25,38,16,9
1,<environment.Job instance at 0x146f576fa8c0>,1,13,[2 8],2,2,15,0,2
1,<environment.Job instance at 0x146f706b7b40>,1,17,[6 1],3,3,20,0,3
1,<environment.Job instance at 0x146f784cb460>,1,12,[ 1 10],2,2,14,0,2
1,<environment.Job instance at 0x146f6394a730>,6,16,[10  2],9,14,30,5,9
1,<environment.Job instance at 0x146f661995f0>,1,3,[2 9],2,2,5,0,2
1,<environment.Job instance at 0x146f566cf140>,0,12,[2 5],1,1,13,0,1
1,<environment.Job instance at 0x146f66b293c0>,6,18,[8 1],7,7,25,0,7
1,<environment.Job instance at 0x146f66b29f00>,8,13,[6 1],9,25,38,16,9
1,<environment.Job instance at 0x146f58e9b230>,1,13,[2 8],2,2,15,0,2
1,<environment.Job instance at 0x146f593d1e60>,1,17,[6 1],3,3,20,0,3
1,<environment.Job instance at 0x146f589d5550>,1,12,[ 1 10],2,2,14,0,2
1,<environment.Job instance at 0x146f6edf6be0>,6,16,[10  2],9,14,30,5,9
1,<environment.Job instance at 0x146f5e195230>,1,3,[2 9],2,2,5,0,2
1,<environment.Job instance at 0x146f6973cf50>,0,12,[2 5],1,1,13,0,1
1,<environment.Job instance at 0x146f72652f00>,6,18,[8 1],7,7,25,0,7
1,<environment.Job instance at 0x146f72652230>,8,13,[6 1],9,25,38,16,9
1,<environment.Job instance at 0x146f5d64aaf0>,1,13,[2 8],2,2,15,0,2
1,<environment.Job instance at 0x146f60bd8780>,1,17,[6 1],3,3,20,0,3
1,<environment.Job instance at 0x146f5d57cf00>,1,12,[ 1 10],2,2,14,0,2
1,<environment.Job instance at 0x146f58fcd4b0>,6,16,[10  2],9,14,30,5,9
1,<environment.Job instance at 0x146f5d64acd0>,1,3,[2 9],2,2,5,0,2
1,<environment.Job instance at 0x146f5b9ea050>,0,12,[2 5],1,1,13,0,1
1,<environment.Job instance at 0x146f6fe99c30>,6,18,[8 1],7,7,25,0,7
1,<environment.Job instance at 0x146fcef89f00>,8,13,[6 1],9,25,38,16,9
1,<environment.Job instance at 0x146f83987410>,1,13,[2 8],2,2,15,0,2
1,<environment.Job instance at 0x146f5ae3cf50>,1,17,[6 1],3,3,20,0,3
1,<environment.Job instance at 0x146f5bbefc30>,1,12,[ 1 10],2,2,14,0,2
1,<environment.Job instance at 0x146f61b20a50>,6,16,[10  2],9,14,30,5,9
1,<environment.Job instance at 0x146f71bd9960>,1,3,[2 9],2,2,5,0,2
1,<environment.Job instance at 0x146f69088aa0>,0,12,[2 5],1,1,13,0,1
1,<environment.Job instance at 0x146f690880f0>,6,18,[8 1],7,7,25,0,7
1,<environment.Job instance at 0x146f57625b90>,8,13,[6 1],9,25,38,16,9
1,<environment.Job instance at 0x146f5bc07c30>,1,13,[2 8],2,2,15,0,2
1,<environment.Job instance at 0x146f5c7176e0>,1,17,[6 1],3,3,20,0,3
1,<environment.Job instance at 0x146f70a0fc30>,1,12,[ 1 10],2,2,14,0,2
1,<environment.Job instance at 0x146f65db3640>,6,16,[10  2],9,14,30,5,9
1,<environment.Job instance at 0x146f5c717910>,1,3,[2 9],2,2,5,0,2
