iteration,job object,job ID,job Length,job ressource requirement,job enter time,job start time,job finish time,job waiting time,current time
1,<environment.Job instance at 0x146fcf454140>,5,3,[9 2],6,7,10,1,7
1,<environment.Job instance at 0x146fce7e0e10>,8,13,[6 1],9,10,23,1,9
1,<environment.Job instance at 0x146fcf39e4b0>,2,3,[1 8],3,6,9,3,6
1,<environment.Job instance at 0x146fce7e0a50>,5,2,[ 1 10],8,14,16,6,14
1,<environment.Job instance at 0x146fcd27caf0>,3,3,[6 2],6,8,11,2,8
1,<environment.Job instance at 0x146fcd27c910>,4,2,[ 1 13],7,10,12,3,10
1,<environment.Job instance at 0x146fcd232640>,2,2,[2 8],4,5,7,1,5
1,<environment.Job instance at 0x146fcc5fae60>,6,16,[10  2],9,12,28,3,12
1,<environment.Job instance at 0x146fcc5f5af0>,1,3,[2 9],2,2,5,0,2
1,<environment.Job instance at 0x146fcd277910>,3,15,[11  1],4,20,35,16,20
1,<environment.Job instance at 0x146f96f9a780>,5,3,[9 2],6,6,9,0,6
1,<environment.Job instance at 0x146f96f9a7d0>,4,2,[7 2],5,9,11,4,7
1,<environment.Job instance at 0x146f96f9ac30>,8,13,[6 1],9,9,22,0,9
1,<environment.Job instance at 0x146f96f9ce10>,3,3,[1 8],4,7,10,3,7
1,<environment.Job instance at 0x146f9652b0a0>,3,3,[6 2],6,8,11,2,8
1,<environment.Job instance at 0x146f9652bc30>,4,2,[ 1 13],7,10,12,3,10
1,<environment.Job instance at 0x146fcdbdb960>,2,2,[2 8],4,5,7,1,5
1,<environment.Job instance at 0x146fcdc5e230>,6,16,[10  2],9,12,28,3,12
1,<environment.Job instance at 0x146fcdcea320>,0,3,[9 2],1,2,5,1,2
1,<environment.Job instance at 0x146fcdea4c80>,3,15,[11  1],4,16,31,12,16
1,<environment.Job instance at 0x146fcdea49b0>,5,3,[10  2],8,31,34,23,20
1,<environment.Job instance at 0x146fcee2e910>,2,1,[2 5],3,4,5,1,4
1,<environment.Job instance at 0x146f954db1e0>,8,13,[6 1],9,9,22,0,9
1,<environment.Job instance at 0x146f954db190>,5,3,[9 2],6,16,19,10,16
1,<environment.Job instance at 0x146f954c98c0>,1,13,[2 8],2,2,15,0,2
1,<environment.Job instance at 0x146f95f01780>,3,3,[6 2],6,11,14,5,11
1,<environment.Job instance at 0x146f9682c410>,4,2,[ 1 13],7,11,13,4,11
1,<environment.Job instance at 0x146fcdbdf230>,3,15,[11  1],4,8,23,4,8
1,<environment.Job instance at 0x146fcf453320>,2,1,[2 5],3,4,5,1,4
1,<environment.Job instance at 0x146fcef8b3c0>,5,3,[9 2],6,16,19,10,16
1,<environment.Job instance at 0x146fcd0ec960>,3,3,[1 8],4,5,8,1,5
1,<environment.Job instance at 0x146f96103c30>,3,3,[6 2],6,8,11,2,8
1,<environment.Job instance at 0x146f96103960>,4,2,[ 1 13],7,10,12,3,10
1,<environment.Job instance at 0x146fcc915640>,4,2,[2 7],6,6,8,0,6
1,<environment.Job instance at 0x146fcec7c280>,5,3,[10  2],8,11,14,3,11
1,<environment.Job instance at 0x146fcc794320>,3,15,[11  1],4,54,69,50,54
1,<environment.Job instance at 0x146fce7d6e10>,2,1,[2 5],3,4,5,1,4
1,<environment.Job instance at 0x146f952550a0>,5,3,[9 2],6,16,19,10,16
1,<environment.Job instance at 0x146fcc887be0>,2,3,[1 8],3,5,8,2,5
1,<environment.Job instance at 0x146fce802190>,3,3,[6 2],6,8,11,2,8
1,<environment.Job instance at 0x146fce802050>,4,2,[ 1 13],7,10,12,3,10
1,<environment.Job instance at 0x146fceceeb40>,4,2,[2 7],6,6,8,0,6
1,<environment.Job instance at 0x146fcd5c30f0>,5,3,[10  2],8,9,12,1,9
1,<environment.Job instance at 0x146fce9d2500>,3,15,[11  1],4,15,30,11,15
1,<environment.Job instance at 0x146f96bcf910>,5,3,[9 2],6,6,9,0,6
1,<environment.Job instance at 0x146fcedbe780>,2,1,[2 5],3,10,11,7,10
1,<environment.Job instance at 0x146f96bbde60>,1,13,[2 8],2,5,18,3,5
1,<environment.Job instance at 0x146f94f7caf0>,2,3,[1 8],3,18,21,15,6
1,<environment.Job instance at 0x146f94f7c0f0>,3,3,[1 8],4,21,24,17,6
1,<environment.Job instance at 0x146f94d5abe0>,4,2,[ 1 13],7,10,12,3,10
1,<environment.Job instance at 0x146fcd04f960>,4,2,[1 8],5,9,11,4,9
1,<environment.Job instance at 0x146fcd04f230>,3,15,[11  1],4,56,71,52,56
1,<environment.Job instance at 0x146fcedbb550>,1,3,[1 9],2,4,7,2,4
1,<environment.Job instance at 0x146f95f48820>,5,3,[9 2],6,7,10,1,7
1,<environment.Job instance at 0x146f95fe6a00>,3,3,[1 8],4,6,9,2,6
1,<environment.Job instance at 0x146fcde3ab90>,1,17,[6 1],3,7,24,4,7
1,<environment.Job instance at 0x146fcecab820>,4,2,[ 1 13],7,7,9,0,7
1,<environment.Job instance at 0x146fcecab690>,3,3,[6 2],6,9,12,3,9
1,<environment.Job instance at 0x146f969f0370>,3,15,[11  1],4,5,20,1,5
1,<environment.Job instance at 0x146f96a68730>,5,3,[10  2],8,20,23,12,8
1,<environment.Job instance at 0x146fcf28ff00>,1,3,[2 9],2,20,23,18,20
1,<environment.Job instance at 0x146fc8045910>,1,3,[1 9],2,3,6,1,3
1,<environment.Job instance at 0x146f95207410>,2,3,[1 8],3,6,9,3,6
1,<environment.Job instance at 0x146f95e65e10>,3,3,[6 2],6,8,11,2,8
1,<environment.Job instance at 0x146f95e65b90>,4,2,[ 1 13],7,10,12,3,10
1,<environment.Job instance at 0x146f95b7c550>,4,2,[2 7],6,6,8,0,6
1,<environment.Job instance at 0x146f963d0500>,0,3,[9 2],1,2,5,1,2
1,<environment.Job instance at 0x146f963648c0>,4,2,[1 8],5,9,11,4,9
1,<environment.Job instance at 0x146f964e3c30>,3,15,[11  1],4,54,69,50,54
1,<environment.Job instance at 0x146f9643aa00>,1,3,[1 9],2,3,6,1,3
1,<environment.Job instance at 0x146f94efbf00>,2,3,[1 8],3,6,9,3,6
1,<environment.Job instance at 0x146fceb5aeb0>,3,3,[6 2],6,8,11,2,8
1,<environment.Job instance at 0x146fceb5a690>,4,2,[ 1 13],7,10,12,3,10
1,<environment.Job instance at 0x146f940c9d20>,4,2,[1 8],5,6,8,1,6
1,<environment.Job instance at 0x146f95055230>,5,3,[10  2],8,14,17,6,14
1,<environment.Job instance at 0x146f95055be0>,3,15,[11  1],4,53,68,49,53
1,<environment.Job instance at 0x146f95f6e3c0>,1,3,[1 9],2,4,7,2,4
1,<environment.Job instance at 0x146f972b7aa0>,5,3,[9 2],6,16,19,10,16
1,<environment.Job instance at 0x146fce56a640>,3,3,[6 2],6,8,11,2,8
1,<environment.Job instance at 0x146fc80b0550>,4,2,[ 1 13],7,24,26,17,24
1,<environment.Job instance at 0x146fcec59460>,4,2,[2 7],6,7,9,1,7
1,<environment.Job instance at 0x146fcd7de230>,5,3,[10  2],8,15,18,7,15
1,<environment.Job instance at 0x146fce26f7d0>,3,15,[11  1],4,36,51,32,36
1,<environment.Job instance at 0x146f971465f0>,1,3,[1 9],2,2,5,0,2
1,<environment.Job instance at 0x146fcc98bcd0>,3,1,[6 2],4,4,5,0,4
1,<environment.Job instance at 0x146f96cfc2d0>,2,1,[2 5],3,5,6,2,4
1,<environment.Job instance at 0x146f83927640>,8,13,[6 1],9,15,28,6,15
1,<environment.Job instance at 0x146fcdb28500>,0,1,[2 5],1,4,5,3,4
1,<environment.Job instance at 0x146fcd2f2280>,4,2,[ 1 13],7,22,24,15,22
1,<environment.Job instance at 0x146f954fbb90>,4,2,[2 7],6,13,15,7,13
1,<environment.Job instance at 0x146f954fb230>,3,15,[11  1],4,5,20,1,5
1,<environment.Job instance at 0x146f954fbe60>,2,1,[2 7],3,7,8,4,7
1,<environment.Job instance at 0x146f94d92820>,3,1,[6 2],4,4,5,0,4
1,<environment.Job instance at 0x146fcdbba460>,4,2,[ 1 13],7,9,11,2,9
1,<environment.Job instance at 0x146f836bee10>,3,15,[11  1],4,4,19,0,4
1,<environment.Job instance at 0x146f83c62e10>,1,3,[2 9],2,4,7,2,4
1,<environment.Job instance at 0x146f94ef2780>,1,3,[1 9],2,2,5,0,2
1,<environment.Job instance at 0x146fceceeaa0>,2,1,[2 5],3,5,6,2,5
1,<environment.Job instance at 0x146fce803aa0>,4,2,[ 1 13],7,8,10,1,8
1,<environment.Job instance at 0x146f83d08eb0>,1,3,[2 9],2,2,5,0,2
1,<environment.Job instance at 0x146fc8128140>,3,15,[11  1],4,22,37,18,22
1,<environment.Job instance at 0x146f955d08c0>,1,3,[1 9],2,2,5,0,2
1,<environment.Job instance at 0x146f9631a780>,2,1,[2 5],3,5,6,2,5
1,<environment.Job instance at 0x146f9631ab40>,3,1,[6 2],4,9,10,5,9
1,<environment.Job instance at 0x146f944e6410>,4,2,[ 1 13],7,8,10,1,8
1,<environment.Job instance at 0x146f943d17d0>,1,3,[2 9],2,2,5,0,2
1,<environment.Job instance at 0x146fce556190>,3,15,[11  1],4,58,73,54,58
1,<environment.Job instance at 0x146f956f7500>,1,3,[1 9],2,2,5,0,2
1,<environment.Job instance at 0x146f956f7370>,2,1,[2 5],3,5,6,2,5
1,<environment.Job instance at 0x146fcded8aa0>,4,2,[7 2],5,10,12,5,10
1,<environment.Job instance at 0x146f9552cd20>,4,2,[ 1 13],7,8,10,1,8
1,<environment.Job instance at 0x146f831e75f0>,2,2,[2 8],4,9,11,5,9
1,<environment.Job instance at 0x146f833c6050>,6,16,[10  2],9,10,26,1,10
1,<environment.Job instance at 0x146f834150a0>,1,3,[2 9],2,2,5,0,2
1,<environment.Job instance at 0x146f833c99b0>,3,15,[11  1],4,58,73,54,58
1,<environment.Job instance at 0x146f83a6b1e0>,1,3,[1 9],2,2,5,0,2
1,<environment.Job instance at 0x146f972a48c0>,3,1,[6 2],4,4,5,0,4
1,<environment.Job instance at 0x146f972a4690>,2,1,[2 5],3,5,6,2,4
1,<environment.Job instance at 0x146fce3b6fa0>,6,18,[8 1],7,9,27,2,9
1,<environment.Job instance at 0x146f9662c910>,1,17,[6 1],3,4,21,1,4
1,<environment.Job instance at 0x146fcf22f320>,4,2,[ 1 13],7,21,23,14,21
1,<environment.Job instance at 0x146f95218cd0>,4,2,[1 8],5,12,14,7,12
1,<environment.Job instance at 0x146fcd38c190>,5,3,[10  2],8,17,20,9,17
1,<environment.Job instance at 0x146f95218460>,3,15,[11  1],4,38,53,34,38
1,<environment.Job instance at 0x146f95ee9730>,1,3,[1 9],2,2,5,0,2
1,<environment.Job instance at 0x146f960f9820>,2,1,[2 5],3,5,6,2,5
1,<environment.Job instance at 0x146fcc887190>,4,2,[7 2],5,10,12,5,10
1,<environment.Job instance at 0x146f9403a0f0>,4,2,[ 1 13],7,8,10,1,8
1,<environment.Job instance at 0x146fcda85f50>,3,1,[2 7],5,6,7,1,6
1,<environment.Job instance at 0x146f964344b0>,5,2,[2 7],7,9,11,2,9
1,<environment.Job instance at 0x146fcedbedc0>,5,3,[10  2],8,14,17,6,14
1,<environment.Job instance at 0x146fcedbeaf0>,3,15,[11  1],4,54,69,50,54
1,<environment.Job instance at 0x146fcce18dc0>,1,3,[1 9],2,2,5,0,2
1,<environment.Job instance at 0x146f951ce5a0>,2,1,[2 5],3,5,6,2,5
1,<environment.Job instance at 0x146f83ddf7d0>,4,2,[7 2],5,10,12,5,10
1,<environment.Job instance at 0x146fcdc059b0>,4,2,[ 1 13],7,8,10,1,8
1,<environment.Job instance at 0x146f94a266e0>,5,2,[2 7],7,9,11,2,9
1,<environment.Job instance at 0x146fce4f73c0>,2,1,[2 7],3,4,5,1,4
1,<environment.Job instance at 0x146fce4f7b40>,1,3,[2 9],2,6,9,4,6
1,<environment.Job instance at 0x146f95f95a50>,5,3,[10  2],8,8,11,0,8
1,<environment.Job instance at 0x146fce4f7a00>,3,15,[11  1],4,11,26,7,9
1,<environment.Job instance at 0x146fce0da050>,3,1,[6 2],4,4,5,0,4
1,<environment.Job instance at 0x146f95f0c500>,3,3,[1 8],4,6,9,2,6
1,<environment.Job instance at 0x146f965964b0>,4,2,[ 1 13],7,15,17,8,15
1,<environment.Job instance at 0x146fcc35cf50>,4,2,[1 8],5,5,7,0,5
1,<environment.Job instance at 0x146f96222be0>,3,15,[11  1],4,36,51,32,36
1,<environment.Job instance at 0x146f971e35a0>,1,3,[1 9],2,4,7,2,4
1,<environment.Job instance at 0x146f95df6140>,5,3,[9 2],6,7,10,1,7
1,<environment.Job instance at 0x146f82fd2eb0>,3,1,[6 2],4,10,11,6,10
1,<environment.Job instance at 0x146f96158500>,4,2,[8 1],7,7,9,0,7
1,<environment.Job instance at 0x146f96675c30>,4,2,[ 1 13],7,8,10,1,8
1,<environment.Job instance at 0x146f966755a0>,5,3,[6 1],9,10,13,1,10
1,<environment.Job instance at 0x146f83341aa0>,3,15,[11  1],4,203,218,199,203
1,<environment.Job instance at 0x146f835eacd0>,1,3,[1 9],2,3,6,1,3
1,<environment.Job instance at 0x146f82e20370>,3,1,[6 2],4,4,5,0,4
1,<environment.Job instance at 0x146f96f9abe0>,4,2,[ 1 13],7,8,10,1,8
1,<environment.Job instance at 0x146fccdf3690>,3,15,[11  1],4,38,53,34,38
1,<environment.Job instance at 0x146f9727e190>,1,3,[1 9],2,3,6,1,3
1,<environment.Job instance at 0x146f9727e500>,3,1,[6 2],4,4,5,0,4
1,<environment.Job instance at 0x146fcd8d6500>,1,17,[6 1],3,4,21,1,4
1,<environment.Job instance at 0x146f826f40a0>,0,1,[2 5],1,6,7,5,6
1,<environment.Job instance at 0x146f94094e10>,4,2,[ 1 13],7,28,30,21,28
1,<environment.Job instance at 0x146f819ce320>,3,15,[11  1],4,55,70,51,55
1,<environment.Job instance at 0x146f817557d0>,1,3,[1 9],2,3,6,1,3
1,<environment.Job instance at 0x146f9581dd70>,3,1,[6 2],4,4,5,0,4
1,<environment.Job instance at 0x146f94666230>,4,2,[ 1 13],7,10,12,3,10
1,<environment.Job instance at 0x146fce89ceb0>,5,3,[6 1],9,15,18,6,15
1,<environment.Job instance at 0x146f83c59f50>,5,2,[2 7],7,9,11,2,9
1,<environment.Job instance at 0x146f948ef190>,2,1,[2 7],3,6,7,3,6
1,<environment.Job instance at 0x146f81b53eb0>,3,15,[11  1],4,34,49,30,34
1,<environment.Job instance at 0x146f835b1be0>,1,3,[1 9],2,3,6,1,3
1,<environment.Job instance at 0x146fcd25df50>,3,1,[6 2],4,4,5,0,4
1,<environment.Job instance at 0x146f828e58c0>,1,17,[6 1],3,9,26,6,9
1,<environment.Job instance at 0x146f82bd5b90>,4,2,[ 1 13],7,33,35,26,33
1,<environment.Job instance at 0x146f814d2d20>,3,15,[11  1],4,20,35,16,20
1,<environment.Job instance at 0x146f94f86aa0>,5,3,[9 2],6,17,20,11,17
1,<environment.Job instance at 0x146f835f7d70>,5,3,[6 1],9,11,14,2,11
1,<environment.Job instance at 0x146f835f7780>,4,2,[ 1 13],7,20,22,13,20
1,<environment.Job instance at 0x146fcce93370>,3,15,[11  1],4,772,787,768,772
1,<environment.Job instance at 0x146fcda0c960>,6,18,[8 1],7,8,26,1,8
1,<environment.Job instance at 0x146fcfd49730>,5,3,[6 1],9,11,14,2,11
1,<environment.Job instance at 0x146f833dd280>,4,2,[ 1 13],7,50,52,43,50
1,<environment.Job instance at 0x146f94ee3280>,3,15,[11  1],4,192,207,188,192
1,<environment.Job instance at 0x146f81cc7550>,4,2,[ 1 13],7,8,10,1,8
1,<environment.Job instance at 0x146f83138820>,3,15,[11  1],4,11,26,7,11
1,<environment.Job instance at 0x146f829c7050>,6,18,[8 1],7,9,27,2,9
1,<environment.Job instance at 0x146fce2f3b90>,1,17,[6 1],3,4,21,1,4
1,<environment.Job instance at 0x146f82297eb0>,0,1,[2 5],1,6,7,5,6
1,<environment.Job instance at 0x146f839f25a0>,4,2,[ 1 13],7,34,36,27,34
1,<environment.Job instance at 0x146fce53d3c0>,2,1,[2 7],3,8,9,5,8
1,<environment.Job instance at 0x146fce53daf0>,5,3,[10  2],8,9,12,1,9
1,<environment.Job instance at 0x146fce53d550>,3,15,[11  1],4,156,171,152,156
1,<environment.Job instance at 0x146f81deeaf0>,5,3,[9 2],6,7,10,1,7
1,<environment.Job instance at 0x146fcc79b5a0>,6,18,[8 1],7,10,28,3,8
1,<environment.Job instance at 0x146f8238c0a0>,1,17,[6 1],3,4,21,1,4
1,<environment.Job instance at 0x146f826ba5f0>,0,1,[2 5],1,6,7,5,6
1,<environment.Job instance at 0x146f964973c0>,4,2,[ 1 13],7,85,87,78,85
1,<environment.Job instance at 0x146f82ffe730>,3,15,[11  1],4,620,635,616,620
1,<environment.Job instance at 0x146f819df640>,6,18,[8 1],7,7,25,0,7
1,<environment.Job instance at 0x146f83585cd0>,4,2,[ 1 13],7,7,9,0,7
1,<environment.Job instance at 0x146f96d11820>,2,1,[2 7],3,7,8,4,7
1,<environment.Job instance at 0x146f8259c460>,4,2,[1 8],5,8,10,3,8
1,<environment.Job instance at 0x146f96d11e60>,3,15,[11  1],4,31,46,27,31
1,<environment.Job instance at 0x146fcc20be60>,6,18,[8 1],7,7,25,0,7
1,<environment.Job instance at 0x146fcd8ed8c0>,4,2,[ 1 13],7,7,9,0,7
1,<environment.Job instance at 0x146f956a8140>,4,2,[1 8],5,8,10,3,8
1,<environment.Job instance at 0x146f825f5fa0>,3,15,[11  1],4,15,30,11,15
1,<environment.Job instance at 0x146f831fb410>,6,18,[8 1],7,7,25,0,7
1,<environment.Job instance at 0x146f96310fa0>,1,17,[6 1],3,3,20,0,3
1,<environment.Job instance at 0x146f82f6f730>,4,2,[ 1 13],7,39,41,32,39
1,<environment.Job instance at 0x146f81404140>,3,15,[11  1],4,10,25,6,10
1,<environment.Job instance at 0x146f81cb21e0>,1,3,[1 9],2,4,7,2,4
1,<environment.Job instance at 0x146f81cb2be0>,2,1,[2 5],3,4,5,1,4
1,<environment.Job instance at 0x146f81cb24b0>,3,1,[6 2],4,7,8,3,7
1,<environment.Job instance at 0x146f82d341e0>,7,1,[2 6],8,8,9,0,8
1,<environment.Job instance at 0x146f82d34320>,6,18,[8 1],7,9,27,2,9
1,<environment.Job instance at 0x146f83161a00>,1,17,[6 1],3,4,21,1,4
1,<environment.Job instance at 0x146f81b02a00>,0,1,[2 5],1,6,7,5,6
1,<environment.Job instance at 0x146f8396eeb0>,4,2,[ 1 13],7,16,18,9,16
1,<environment.Job instance at 0x146f81adc820>,3,15,[11  1],4,9,24,5,9
1,<environment.Job instance at 0x146f81cb09b0>,1,3,[1 9],2,4,7,2,4
1,<environment.Job instance at 0x146fcd469d70>,2,1,[2 5],3,4,5,1,4
1,<environment.Job instance at 0x146fcc97a1e0>,3,1,[6 2],4,7,8,3,7
1,<environment.Job instance at 0x146f940ea2d0>,7,1,[2 6],8,8,9,0,8
1,<environment.Job instance at 0x146f83318f00>,6,18,[8 1],7,9,27,2,9
1,<environment.Job instance at 0x146f8386e230>,1,17,[6 1],3,4,21,1,4
1,<environment.Job instance at 0x146fcc5b3780>,0,1,[2 5],1,6,7,5,6
1,<environment.Job instance at 0x146f835d5500>,4,2,[ 1 13],7,16,18,9,16
1,<environment.Job instance at 0x146f95a33870>,3,15,[11  1],4,9,24,5,9
1,<environment.Job instance at 0x146f82885c30>,1,3,[1 9],2,4,7,2,4
1,<environment.Job instance at 0x146fce2256e0>,2,1,[2 5],3,4,5,1,4
1,<environment.Job instance at 0x146fcc5d3690>,3,1,[6 2],4,7,8,3,7
1,<environment.Job instance at 0x146fcc5d3410>,4,2,[7 2],5,8,10,3,8
1,<environment.Job instance at 0x146f834b8b40>,6,18,[8 1],7,9,27,2,9
1,<environment.Job instance at 0x146f809bbc80>,0,1,[2 5],1,3,4,2,3
1,<environment.Job instance at 0x146f945ff3c0>,4,2,[ 1 13],7,21,23,14,21
1,<environment.Job instance at 0x146fc81990f0>,2,1,[2 7],3,4,5,1,4
1,<environment.Job instance at 0x146f81aada00>,4,2,[1 8],5,6,8,1,6
1,<environment.Job instance at 0x146f951dc690>,3,15,[11  1],4,17,32,13,17
1,<environment.Job instance at 0x146f8086ea00>,1,3,[1 9],2,4,7,2,4
1,<environment.Job instance at 0x146f94799c80>,4,2,[7 2],5,5,7,0,5
1,<environment.Job instance at 0x146f80323690>,3,1,[6 2],4,7,8,3,7
1,<environment.Job instance at 0x146f829f7e60>,7,1,[2 6],8,8,9,0,8
1,<environment.Job instance at 0x146f94799f00>,6,18,[8 1],7,9,27,2,9
1,<environment.Job instance at 0x146f807f3fa0>,1,17,[6 1],3,4,21,1,4
1,<environment.Job instance at 0x146f94783320>,0,1,[2 5],1,6,7,5,6
1,<environment.Job instance at 0x146f80f42b90>,4,2,[ 1 13],7,28,30,21,28
1,<environment.Job instance at 0x146fcd96b2d0>,4,2,[2 7],6,13,15,7,13
1,<environment.Job instance at 0x146f963113c0>,6,16,[10  2],9,13,29,4,13
1,<environment.Job instance at 0x146f95ae0410>,3,15,[11  1],4,42,57,38,42
1,<environment.Job instance at 0x146f825cf410>,3,1,[6 2],4,7,8,3,7
1,<environment.Job instance at 0x146f96455870>,7,1,[2 6],8,8,9,0,8
1,<environment.Job instance at 0x146fccd9dd70>,6,18,[8 1],7,9,27,2,9
1,<environment.Job instance at 0x146f8127ba50>,1,17,[6 1],3,4,21,1,4
1,<environment.Job instance at 0x146fce359f00>,0,1,[2 5],1,6,7,5,6
1,<environment.Job instance at 0x146f80e79910>,4,2,[ 1 13],7,28,30,21,28
1,<environment.Job instance at 0x146fceeb2320>,3,15,[11  1],4,42,57,38,42
1,<environment.Job instance at 0x146f97171910>,6,18,[8 1],7,7,25,0,7
1,<environment.Job instance at 0x146f97171780>,8,13,[6 1],9,9,22,0,9
1,<environment.Job instance at 0x146f9415abe0>,3,1,[6 2],4,22,23,18,15
1,<environment.Job instance at 0x146f8164cc80>,4,2,[ 1 13],7,50,52,43,50
1,<environment.Job instance at 0x146f95ccfa00>,4,2,[2 7],6,6,8,0,6
1,<environment.Job instance at 0x146f95d72730>,3,15,[11  1],4,111,126,107,111
1,<environment.Job instance at 0x146f96ad2af0>,3,1,[6 2],4,4,5,0,4
1,<environment.Job instance at 0x146f823930f0>,6,18,[8 1],7,7,25,0,7
1,<environment.Job instance at 0x146f96c192d0>,0,1,[2 5],1,3,4,2,3
1,<environment.Job instance at 0x146f96ad2d70>,4,2,[ 1 13],7,21,23,14,21
1,<environment.Job instance at 0x146f94614d20>,2,1,[2 7],3,4,5,1,4
1,<environment.Job instance at 0x146f82f8ceb0>,4,2,[1 8],5,6,8,1,6
1,<environment.Job instance at 0x146f96222370>,3,15,[11  1],4,6,21,2,6
1,<environment.Job instance at 0x146f824c2910>,3,1,[6 2],4,4,5,0,4
1,<environment.Job instance at 0x146f832985f0>,6,18,[8 1],7,7,25,0,7
1,<environment.Job instance at 0x146f816e3be0>,0,1,[2 5],1,4,5,3,4
1,<environment.Job instance at 0x146f7bfb12d0>,1,17,[6 1],3,6,23,3,6
1,<environment.Job instance at 0x146f801dfa00>,4,2,[ 1 13],7,34,36,27,34
1,<environment.Job instance at 0x146f80c2cc80>,3,1,[6 2],4,4,5,0,4
1,<environment.Job instance at 0x146f96fd4f50>,6,18,[8 1],7,7,25,0,7
1,<environment.Job instance at 0x146fcd82bd20>,0,1,[2 5],1,4,5,3,4
1,<environment.Job instance at 0x146f82f99b90>,1,17,[6 1],3,6,23,3,6
1,<environment.Job instance at 0x146fcd82b410>,4,2,[ 1 13],7,35,37,28,35
1,<environment.Job instance at 0x146f97135d70>,2,2,[2 8],4,4,6,0,4
1,<environment.Job instance at 0x146f81d680a0>,3,1,[2 7],5,5,6,0,5
1,<environment.Job instance at 0x146f829fefa0>,5,2,[2 7],7,8,10,1,8
1,<environment.Job instance at 0x146f83992cd0>,4,2,[1 8],5,8,10,3,8
1,<environment.Job instance at 0x146f826528c0>,3,15,[11  1],4,442,457,438,442
1,<environment.Job instance at 0x146f81408e60>,3,1,[6 2],4,4,5,0,4
1,<environment.Job instance at 0x146f814086e0>,6,18,[8 1],7,7,25,0,7
1,<environment.Job instance at 0x146fce83fcd0>,0,1,[2 5],1,4,5,3,4
1,<environment.Job instance at 0x146f80fc56e0>,1,17,[6 1],3,5,22,2,5
1,<environment.Job instance at 0x146f95710af0>,4,2,[ 1 13],7,35,37,28,35
1,<environment.Job instance at 0x146f96b71460>,2,2,[2 8],4,4,6,0,4
1,<environment.Job instance at 0x146f95710af0>,3,1,[2 7],5,5,6,0,5
1,<environment.Job instance at 0x146f82a04d70>,5,2,[2 7],7,8,10,1,8
1,<environment.Job instance at 0x146f948cbfa0>,4,2,[1 8],5,12,14,7,12
1,<environment.Job instance at 0x146f824c6640>,3,15,[11  1],4,170,185,166,170
1,<environment.Job instance at 0x146f81cea550>,3,1,[6 2],4,4,5,0,4
1,<environment.Job instance at 0x146f80cef140>,6,18,[8 1],7,7,25,0,7
1,<environment.Job instance at 0x146fced81d70>,0,1,[2 5],1,4,5,3,4
1,<environment.Job instance at 0x146fced81050>,1,17,[6 1],3,5,22,2,5
1,<environment.Job instance at 0x146f95ec7460>,4,2,[ 1 13],7,34,36,27,34
1,<environment.Job instance at 0x146f94b8af50>,2,2,[2 8],4,6,8,2,6
1,<environment.Job instance at 0x146f83722af0>,3,15,[11  1],4,243,258,239,243
1,<environment.Job instance at 0x146f827814b0>,3,1,[6 2],4,4,5,0,4
1,<environment.Job instance at 0x146f7baa1fa0>,6,18,[8 1],7,7,25,0,7
1,<environment.Job instance at 0x146f82781190>,5,3,[9 2],6,26,29,20,26
1,<environment.Job instance at 0x146f7775a460>,0,1,[2 5],1,4,5,3,4
1,<environment.Job instance at 0x146f948ac410>,1,17,[6 1],3,5,22,2,5
1,<environment.Job instance at 0x146f81235140>,4,2,[ 1 13],7,34,36,27,34
1,<environment.Job instance at 0x146f8300ce60>,3,1,[6 2],4,4,5,0,4
1,<environment.Job instance at 0x146fcd5a3eb0>,6,18,[8 1],7,7,25,0,7
1,<environment.Job instance at 0x146fcdda0b40>,0,1,[2 5],1,4,5,3,4
1,<environment.Job instance at 0x146f8279acd0>,1,17,[6 1],3,5,22,2,5
1,<environment.Job instance at 0x146fceafcf50>,4,2,[ 1 13],7,85,87,78,85
1,<environment.Job instance at 0x146f9629caa0>,3,15,[11  1],4,80,95,76,80
1,<environment.Job instance at 0x146f801f0eb0>,3,1,[6 2],4,4,5,0,4
1,<environment.Job instance at 0x146f801f0140>,6,18,[8 1],7,7,25,0,7
1,<environment.Job instance at 0x146f959175f0>,5,3,[9 2],6,26,29,20,26
1,<environment.Job instance at 0x146f775e5230>,0,1,[2 5],1,4,5,3,4
1,<environment.Job instance at 0x146f944faa50>,1,17,[6 1],3,5,22,2,5
1,<environment.Job instance at 0x146f946b16e0>,4,2,[ 1 13],7,34,36,27,34
1,<environment.Job instance at 0x146f81b36500>,2,2,[2 8],4,4,6,0,4
1,<environment.Job instance at 0x146f7bd2d140>,3,1,[2 7],5,5,6,0,5
1,<environment.Job instance at 0x146f94be4cd0>,5,2,[2 7],7,8,10,1,8
1,<environment.Job instance at 0x146f7bf90960>,2,1,[2 7],3,3,4,0,3
1,<environment.Job instance at 0x146fcf287820>,5,3,[10  2],8,199,202,191,199
1,<environment.Job instance at 0x146f82882eb0>,3,1,[6 2],4,4,5,0,4
1,<environment.Job instance at 0x146f82841230>,6,18,[8 1],7,7,25,0,7
1,<environment.Job instance at 0x146f9496caf0>,0,1,[2 5],1,3,4,2,3
1,<environment.Job instance at 0x146fcd314820>,4,2,[ 1 13],7,7,9,0,7
1,<environment.Job instance at 0x146f7aad0640>,3,1,[6 2],4,4,5,0,4
1,<environment.Job instance at 0x146f96178730>,6,18,[8 1],7,7,25,0,7
1,<environment.Job instance at 0x146f81479500>,8,13,[6 1],9,16,29,7,16
1,<environment.Job instance at 0x146f7af1a4b0>,5,3,[9 2],6,31,34,25,31
1,<environment.Job instance at 0x146f7b31fd70>,4,2,[ 1 13],7,73,75,66,73
1,<environment.Job instance at 0x146f7b31f6e0>,5,3,[6 1],9,73,76,64,73
1,<environment.Job instance at 0x146fccb7d500>,3,1,[6 2],4,6,7,2,6
1,<environment.Job instance at 0x146f820ae910>,4,2,[ 1 13],7,73,75,66,73
1,<environment.Job instance at 0x146f820ae640>,5,3,[6 1],9,73,76,64,73
1,<environment.Job instance at 0x146f964f0d20>,3,1,[6 2],4,6,7,2,6
1,<environment.Job instance at 0x146fcc17e960>,4,2,[ 1 13],7,73,75,66,73
1,<environment.Job instance at 0x146fcc17e230>,5,3,[6 1],9,73,76,64,73
1,<environment.Job instance at 0x146f7beca230>,3,1,[6 2],4,6,7,2,6
1,<environment.Job instance at 0x146f7bbf4d20>,4,2,[ 1 13],7,73,75,66,73
1,<environment.Job instance at 0x146f968d3190>,5,3,[6 1],9,73,76,64,73
1,<environment.Job instance at 0x146f9468ffa0>,3,1,[6 2],4,4,5,0,4
1,<environment.Job instance at 0x146f9468ff00>,4,2,[7 2],5,7,9,2,7
1,<environment.Job instance at 0x146f9468ff50>,7,1,[2 6],8,8,9,0,8
1,<environment.Job instance at 0x146f9468f820>,6,18,[8 1],7,16,34,9,16
1,<environment.Job instance at 0x146f8398c4b0>,5,3,[6 1],9,19,22,10,19
1,<environment.Job instance at 0x146fcc92f0a0>,4,2,[ 1 13],7,20,22,13,20
1,<environment.Job instance at 0x146f9623c870>,5,2,[2 7],7,7,9,0,7
1,<environment.Job instance at 0x146f9492cf00>,2,1,[2 7],3,3,4,0,3
1,<environment.Job instance at 0x146f94cb5e10>,3,1,[6 2],4,4,5,0,4
1,<environment.Job instance at 0x146f94cb5370>,4,2,[7 2],5,7,9,2,7
1,<environment.Job instance at 0x146f94cb5870>,7,1,[2 6],8,8,9,0,8
1,<environment.Job instance at 0x146f94cb5b40>,6,18,[8 1],7,17,35,10,17
1,<environment.Job instance at 0x146f79540410>,0,1,[2 5],1,3,4,2,3
1,<environment.Job instance at 0x146f795407d0>,2,2,[10  1],5,5,7,0,5
1,<environment.Job instance at 0x146fcdc29b90>,4,2,[ 1 13],7,11,13,4,11
1,<environment.Job instance at 0x146f79540a00>,1,17,[6 1],3,31,48,28,31
1,<environment.Job instance at 0x146f79e1f870>,2,1,[2 7],3,4,5,1,4
1,<environment.Job instance at 0x146f9684df50>,4,2,[1 8],5,5,7,0,5
1,<environment.Job instance at 0x146f79e1f190>,3,15,[11  1],4,383,398,379,383
1,<environment.Job instance at 0x146fcc7c9230>,3,1,[6 2],4,4,5,0,4
1,<environment.Job instance at 0x146fcc7c9e10>,4,2,[7 2],5,7,9,2,7
1,<environment.Job instance at 0x146fcc7c90f0>,7,1,[2 6],8,8,9,0,8
1,<environment.Job instance at 0x146fcc7c97d0>,6,18,[8 1],7,16,34,9,16
1,<environment.Job instance at 0x146f7981e5a0>,4,2,[ 1 13],7,73,75,66,73
1,<environment.Job instance at 0x146f7981ed70>,5,3,[6 1],9,73,76,64,73
1,<environment.Job instance at 0x146f806a0e10>,3,1,[6 2],4,4,5,0,4
1,<environment.Job instance at 0x146f806a0f50>,4,2,[7 2],5,7,9,2,7
1,<environment.Job instance at 0x146f7ad70aa0>,7,1,[2 6],8,8,9,0,8
1,<environment.Job instance at 0x146f7ad700a0>,6,18,[8 1],7,16,34,9,16
1,<environment.Job instance at 0x146f7bee6460>,5,3,[9 2],6,34,37,28,31
1,<environment.Job instance at 0x146f80d67c30>,0,1,[2 5],1,2,3,1,2
1,<environment.Job instance at 0x146f7b2e60f0>,4,2,[ 1 13],7,17,19,10,17
1,<environment.Job instance at 0x146fce5fa4b0>,4,2,[1 8],5,111,113,106,111
1,<environment.Job instance at 0x146f7b654a00>,3,1,[6 2],4,4,5,0,4
1,<environment.Job instance at 0x146f815efb40>,4,2,[7 2],5,7,9,2,7
1,<environment.Job instance at 0x146fcd4a5be0>,7,1,[2 6],8,8,9,0,8
1,<environment.Job instance at 0x146fcd4a5140>,6,18,[8 1],7,16,34,9,16
1,<environment.Job instance at 0x146f77773820>,5,3,[9 2],6,34,37,28,31
1,<environment.Job instance at 0x146f838565f0>,0,1,[2 5],1,2,3,1,2
1,<environment.Job instance at 0x146f838565a0>,4,2,[ 1 13],7,17,19,10,17
1,<environment.Job instance at 0x146f7a400410>,4,2,[2 7],6,18,20,12,18
1,<environment.Job instance at 0x146f94b0ba50>,5,3,[10  2],8,111,114,103,111
1,<environment.Job instance at 0x146f81420c30>,3,1,[6 2],4,4,5,0,4
1,<environment.Job instance at 0x146f837c2b90>,4,2,[7 2],5,7,9,2,7
1,<environment.Job instance at 0x146f837c2690>,7,1,[2 6],8,8,9,0,8
1,<environment.Job instance at 0x146f837c2c30>,6,18,[8 1],7,16,34,9,16
1,<environment.Job instance at 0x146f80b46410>,5,3,[9 2],6,34,37,28,31
1,<environment.Job instance at 0x146f805a7190>,0,1,[2 5],1,2,3,1,2
1,<environment.Job instance at 0x146f7bc29910>,4,2,[ 1 13],7,47,49,40,47
1,<environment.Job instance at 0x146fccc5afa0>,3,1,[2 7],5,5,6,0,5
1,<environment.Job instance at 0x146f9666ce10>,4,2,[2 7],6,6,8,0,6
1,<environment.Job instance at 0x146f9710dc30>,3,15,[11  1],4,142,157,138,142
1,<environment.Job instance at 0x146f94a37fa0>,3,1,[6 2],4,4,5,0,4
1,<environment.Job instance at 0x146f796a4190>,4,2,[7 2],5,7,9,2,7
1,<environment.Job instance at 0x146f7a662910>,7,1,[2 6],8,8,9,0,8
1,<environment.Job instance at 0x146f803ef0f0>,6,18,[8 1],7,16,34,9,16
1,<environment.Job instance at 0x146f796a4b90>,5,3,[9 2],6,34,37,28,27
1,<environment.Job instance at 0x146f8006b8c0>,5,3,[6 1],9,11,14,2,11
1,<environment.Job instance at 0x146f81f8f870>,4,2,[ 1 13],7,36,38,29,36
1,<environment.Job instance at 0x146f79b5aeb0>,4,2,[1 8],5,5,7,0,5
1,<environment.Job instance at 0x146f79b5a8c0>,2,1,[2 7],3,6,7,3,6
1,<environment.Job instance at 0x146f80d1f1e0>,3,15,[11  1],4,497,512,493,497
1,<environment.Job instance at 0x146fccefb500>,3,1,[6 2],4,4,5,0,4
1,<environment.Job instance at 0x146fccefb230>,4,2,[7 2],5,7,9,2,7
1,<environment.Job instance at 0x146fccefb8c0>,7,1,[2 6],8,8,9,0,8
1,<environment.Job instance at 0x146fccefb140>,6,18,[8 1],7,16,34,9,16
1,<environment.Job instance at 0x146f794d0370>,5,3,[9 2],6,34,37,28,23
1,<environment.Job instance at 0x146f7a8ce4b0>,1,17,[6 1],3,4,21,1,4
1,<environment.Job instance at 0x146f82423d20>,4,2,[ 1 13],7,23,25,16,23
1,<environment.Job instance at 0x146f83bbd460>,3,15,[11  1],4,698,713,694,698
1,<environment.Job instance at 0x146f7bded820>,3,1,[6 2],4,4,5,0,4
1,<environment.Job instance at 0x146f7bdedd70>,4,2,[7 2],5,7,9,2,7
1,<environment.Job instance at 0x146f7bdedfa0>,7,1,[2 6],8,8,9,0,8
1,<environment.Job instance at 0x146f7bded280>,6,18,[8 1],7,16,34,9,16
1,<environment.Job instance at 0x146f80f98fa0>,5,3,[9 2],6,34,37,28,27
1,<environment.Job instance at 0x146f7a3d5690>,5,3,[6 1],9,11,14,2,11
1,<environment.Job instance at 0x146f94d51cd0>,4,2,[ 1 13],7,18,20,11,18
1,<environment.Job instance at 0x146fced55eb0>,2,2,[2 8],4,4,6,0,4
1,<environment.Job instance at 0x146fccd52c30>,3,1,[2 7],5,5,6,0,5
1,<environment.Job instance at 0x146f96ee6fa0>,4,2,[2 7],6,6,8,0,6
1,<environment.Job instance at 0x146f96d6aeb0>,5,2,[2 7],7,7,9,0,7
1,<environment.Job instance at 0x146f7b92be10>,3,15,[11  1],4,445,460,441,445
1,<environment.Job instance at 0x146fccd7f7d0>,3,1,[6 2],4,4,5,0,4
1,<environment.Job instance at 0x146fccd7fe10>,4,2,[7 2],5,6,8,1,6
1,<environment.Job instance at 0x146fccd7f0f0>,7,1,[2 6],8,8,9,0,8
1,<environment.Job instance at 0x146fcee7ffa0>,5,3,[9 2],6,36,39,30,36
1,<environment.Job instance at 0x146f816e2f50>,4,2,[ 1 13],7,73,75,66,73
1,<environment.Job instance at 0x146f816e25f0>,5,3,[6 1],9,73,76,64,73
1,<environment.Job instance at 0x146f94f880f0>,4,2,[2 7],6,6,8,0,6
1,<environment.Job instance at 0x146f81849780>,5,2,[2 7],7,7,9,0,7
1,<environment.Job instance at 0x146f77745cd0>,3,15,[11  1],4,99,114,95,99
1,<environment.Job instance at 0x146fcdb48140>,3,1,[6 2],4,4,5,0,4
1,<environment.Job instance at 0x146fcdb48b40>,4,2,[7 2],5,6,8,1,6
1,<environment.Job instance at 0x146fcdb488c0>,7,1,[2 6],8,8,9,0,8
1,<environment.Job instance at 0x146f83343a50>,5,3,[6 1],9,28,31,19,28
1,<environment.Job instance at 0x146f83343dc0>,4,2,[ 1 13],7,29,31,22,29
1,<environment.Job instance at 0x146f8214ac30>,4,2,[2 7],6,6,8,0,6
1,<environment.Job instance at 0x146f8095a280>,4,2,[1 8],5,5,7,0,5
1,<environment.Job instance at 0x146f790d0050>,3,15,[11  1],4,67,82,63,67
1,<environment.Job instance at 0x146f7b9342d0>,3,1,[6 2],4,4,5,0,4
1,<environment.Job instance at 0x146f8350b5a0>,4,2,[7 2],5,6,8,1,6
1,<environment.Job instance at 0x146f78f3bbe0>,7,1,[2 6],8,8,9,0,8
1,<environment.Job instance at 0x146f8053f190>,5,3,[6 1],9,33,36,24,33
1,<environment.Job instance at 0x146f83bde3c0>,4,2,[ 1 13],7,44,46,37,44
1,<environment.Job instance at 0x146f8130e280>,3,1,[2 7],5,5,6,0,5
1,<environment.Job instance at 0x146f787368c0>,4,2,[1 8],5,72,74,67,72
1,<environment.Job instance at 0x146f94749f00>,3,1,[6 2],4,4,5,0,4
1,<environment.Job instance at 0x146f94749730>,4,2,[7 2],5,6,8,1,6
1,<environment.Job instance at 0x146f94749050>,7,1,[2 6],8,8,9,0,8
1,<environment.Job instance at 0x146f7a71e6e0>,4,2,[ 1 13],7,33,35,26,33
1,<environment.Job instance at 0x146f7a71e320>,5,3,[6 1],9,43,46,34,43
1,<environment.Job instance at 0x146f7bd2e640>,3,1,[2 7],5,5,6,0,5
1,<environment.Job instance at 0x146f95fbc5a0>,3,15,[11  1],4,1526,1541,1522,1526
1,<environment.Job instance at 0x146f833ff820>,3,1,[6 2],4,4,5,0,4
1,<environment.Job instance at 0x146f79594d70>,4,2,[7 2],5,6,8,1,6
1,<environment.Job instance at 0x146fccd6a500>,7,1,[2 6],8,8,9,0,8
1,<environment.Job instance at 0x146f833ff960>,5,3,[9 2],6,36,39,30,36
1,<environment.Job instance at 0x146f81b20550>,4,2,[ 1 13],7,43,45,36,43
1,<environment.Job instance at 0x146f81b20690>,5,3,[6 1],9,53,56,44,53
1,<environment.Job instance at 0x146f79598d20>,4,2,[1 8],5,43,45,38,43
1,<environment.Job instance at 0x146f78a55230>,5,3,[10  2],8,376,379,368,376
1,<environment.Job instance at 0x146f94c72c30>,3,1,[6 2],4,4,5,0,4
1,<environment.Job instance at 0x146f94c72a00>,4,2,[7 2],5,7,9,2,7
1,<environment.Job instance at 0x146f94c72eb0>,7,1,[2 6],8,8,9,0,8
1,<environment.Job instance at 0x146f94c72d70>,6,18,[8 1],7,24,42,17,24
1,<environment.Job instance at 0x146f780cfb40>,5,3,[9 2],6,42,45,36,26
1,<environment.Job instance at 0x146f79c11a50>,0,2,[6 1],1,1,3,0,1
1,<environment.Job instance at 0x146f79c11b90>,4,2,[8 1],7,8,10,1,8
1,<environment.Job instance at 0x146f95ac6690>,4,2,[ 1 13],7,33,35,26,33
1,<environment.Job instance at 0x146f8378c960>,5,3,[6 1],9,43,46,34,43
1,<environment.Job instance at 0x146f832b7410>,3,1,[2 7],5,5,6,0,5
1,<environment.Job instance at 0x146f80752730>,2,1,[2 7],3,4,5,1,4
1,<environment.Job instance at 0x146f7bb2ec30>,3,15,[11  1],4,158,173,154,158
1,<environment.Job instance at 0x146f808c6f00>,3,1,[6 2],4,4,5,0,4
1,<environment.Job instance at 0x146f80ab0550>,4,2,[7 2],5,7,9,2,7
1,<environment.Job instance at 0x146fcdda3780>,7,1,[2 6],8,8,9,0,8
1,<environment.Job instance at 0x146f808c6af0>,6,18,[8 1],7,17,35,10,17
1,<environment.Job instance at 0x146f954c92d0>,5,3,[9 2],6,35,38,29,27
1,<environment.Job instance at 0x146f97080a50>,0,1,[2 5],1,2,3,1,2
1,<environment.Job instance at 0x146f79e25960>,4,2,[ 1 13],7,34,36,27,34
1,<environment.Job instance at 0x146f949361e0>,2,1,[2 7],3,3,4,0,3
1,<environment.Job instance at 0x146f78d680a0>,2,1,[2 5],3,3,4,0,3
1,<environment.Job instance at 0x146f77d71d20>,3,1,[6 2],4,4,5,0,4
1,<environment.Job instance at 0x146f77d6f190>,7,1,[2 6],8,8,9,0,8
1,<environment.Job instance at 0x146fccd7f870>,6,18,[8 1],7,16,34,9,16
1,<environment.Job instance at 0x146fced90500>,4,2,[ 1 13],7,50,52,43,50
1,<environment.Job instance at 0x146fced90e10>,5,3,[6 1],9,73,76,64,73
1,<environment.Job instance at 0x146f82b699b0>,3,1,[2 7],5,6,7,1,6
1,<environment.Job instance at 0x146f9712b550>,5,3,[10  2],8,328,331,320,328
1,<environment.Job instance at 0x146f835d54b0>,2,1,[2 5],3,3,4,0,3
1,<environment.Job instance at 0x146f7a737780>,3,1,[6 2],4,4,5,0,4
1,<environment.Job instance at 0x146f7a7376e0>,7,1,[2 6],8,8,9,0,8
1,<environment.Job instance at 0x146f7bce8460>,6,18,[8 1],7,15,33,8,15
1,<environment.Job instance at 0x146f8371fcd0>,5,3,[6 1],9,10,13,1,10
1,<environment.Job instance at 0x146fcf7fc1e0>,4,2,[ 1 13],7,19,21,12,19
1,<environment.Job instance at 0x146f78076050>,2,1,[2 7],3,3,4,0,3
1,<environment.Job instance at 0x146f78076500>,5,3,[10  2],8,1190,1193,1182,1190
1,<environment.Job instance at 0x146f78cfe230>,2,1,[2 5],3,3,4,0,3
1,<environment.Job instance at 0x146f94f96690>,3,1,[6 2],4,4,5,0,4
1,<environment.Job instance at 0x146f78dabaf0>,7,1,[2 6],8,8,9,0,8
1,<environment.Job instance at 0x146f839788c0>,6,18,[8 1],7,16,34,9,16
1,<environment.Job instance at 0x146f7b3eac80>,0,1,[2 5],1,1,2,0,1
1,<environment.Job instance at 0x146f807beb90>,5,3,[6 1],9,35,38,26,35
1,<environment.Job instance at 0x146f807be870>,4,2,[ 1 13],7,71,73,64,71
1,<environment.Job instance at 0x146f7aa43910>,3,1,[2 7],5,5,6,0,5
1,<environment.Job instance at 0x146f7b1b6320>,2,1,[2 5],3,3,4,0,3
1,<environment.Job instance at 0x146f7780e960>,3,1,[6 2],4,4,5,0,4
1,<environment.Job instance at 0x146f7b1b68c0>,7,1,[2 6],8,8,9,0,8
1,<environment.Job instance at 0x146f7780ea00>,6,18,[8 1],7,16,34,9,16
1,<environment.Job instance at 0x146f807d2fa0>,5,2,[ 1 10],8,8,10,0,8
1,<environment.Job instance at 0x146f76f51820>,4,2,[ 1 13],7,17,19,10,17
1,<environment.Job instance at 0x146f76f51050>,5,3,[6 1],9,20,23,11,20
1,<environment.Job instance at 0x146f76f51dc0>,2,2,[2 8],4,4,6,0,4
1,<environment.Job instance at 0x146fcc703320>,3,1,[2 7],5,5,6,0,5
1,<environment.Job instance at 0x146fcc703eb0>,4,2,[2 7],6,7,9,1,7
1,<environment.Job instance at 0x146f82dca960>,2,1,[2 7],3,4,5,1,4
1,<environment.Job instance at 0x146fcc573500>,4,2,[1 8],5,5,7,0,5
1,<environment.Job instance at 0x146f82dcaeb0>,1,3,[2 9],2,7,10,5,6
1,<environment.Job instance at 0x146fcef03550>,3,15,[11  1],4,7,22,3,7
1,<environment.Job instance at 0x146f77844a00>,2,1,[2 5],3,3,4,0,3
1,<environment.Job instance at 0x146fcfef5a50>,3,1,[6 2],4,4,5,0,4
1,<environment.Job instance at 0x146f8095aeb0>,7,1,[2 6],8,8,9,0,8
1,<environment.Job instance at 0x146f78e29fa0>,6,18,[8 1],7,16,34,9,16
1,<environment.Job instance at 0x146f7a46baf0>,5,2,[ 1 10],8,9,11,1,9
1,<environment.Job instance at 0x146f733f4550>,5,3,[6 1],9,17,20,8,17
1,<environment.Job instance at 0x146fcd93b500>,4,2,[ 1 13],7,19,21,12,19
1,<environment.Job instance at 0x146fcf2e7d70>,2,2,[2 8],4,5,7,1,5
1,<environment.Job instance at 0x146fccd7fb90>,4,2,[2 7],6,6,8,0,6
1,<environment.Job instance at 0x146fccd7f9b0>,2,1,[2 7],3,4,5,1,4
1,<environment.Job instance at 0x146f770d7410>,4,2,[1 8],5,5,7,0,5
1,<environment.Job instance at 0x146f7b5640a0>,3,15,[11  1],4,5,20,1,5
1,<environment.Job instance at 0x146f776cd5f0>,2,1,[2 5],3,3,4,0,3
1,<environment.Job instance at 0x146f79149190>,3,1,[6 2],4,4,5,0,4
1,<environment.Job instance at 0x146f77111050>,7,1,[2 6],8,8,9,0,8
1,<environment.Job instance at 0x146f770bf500>,6,18,[8 1],7,15,33,8,15
1,<environment.Job instance at 0x146f83b0b8c0>,5,3,[6 1],9,17,20,8,17
1,<environment.Job instance at 0x146f79b70e10>,4,2,[ 1 13],7,28,30,21,28
1,<environment.Job instance at 0x146f8319ab90>,3,1,[2 7],5,5,6,0,5
1,<environment.Job instance at 0x146f783e6b40>,4,2,[2 7],6,6,8,0,6
1,<environment.Job instance at 0x146f783e60a0>,5,2,[2 7],7,7,9,0,7
1,<environment.Job instance at 0x146fce310190>,4,2,[1 8],5,247,249,242,247
1,<environment.Job instance at 0x146fce310f50>,5,3,[10  2],8,746,749,738,746
1,<environment.Job instance at 0x146f7ae40820>,2,1,[2 5],3,3,4,0,3
1,<environment.Job instance at 0x146f796c6820>,3,1,[6 2],4,4,5,0,4
1,<environment.Job instance at 0x146f79d246e0>,7,1,[2 6],8,8,9,0,8
1,<environment.Job instance at 0x146fce212730>,6,18,[8 1],7,15,33,8,15
1,<environment.Job instance at 0x146fcd20f3c0>,4,2,[ 1 13],7,10,12,3,10
1,<environment.Job instance at 0x146fcd20f410>,5,3,[6 1],9,20,23,11,20
1,<environment.Job instance at 0x146fce73fd20>,3,1,[2 7],5,5,6,0,5
1,<environment.Job instance at 0x146f961583c0>,2,1,[2 7],3,4,5,1,4
1,<environment.Job instance at 0x146f7a32b050>,4,2,[1 8],5,5,7,0,5
1,<environment.Job instance at 0x146f7798aa50>,1,3,[2 9],2,7,10,5,5
1,<environment.Job instance at 0x146f96158af0>,3,15,[11  1],4,5,20,1,5
1,<environment.Job instance at 0x146f81c80320>,2,1,[2 5],3,3,4,0,3
1,<environment.Job instance at 0x146f81c80370>,3,1,[6 2],4,4,5,0,4
1,<environment.Job instance at 0x146fce2129b0>,7,1,[2 6],8,8,9,0,8
1,<environment.Job instance at 0x146f79329d20>,6,18,[8 1],7,15,33,8,15
1,<environment.Job instance at 0x146f7bfa4b40>,4,2,[ 1 13],7,10,12,3,10
1,<environment.Job instance at 0x146f7b233b90>,2,2,[2 8],4,5,7,1,5
1,<environment.Job instance at 0x146f76f29f50>,4,2,[2 7],6,6,8,0,6
1,<environment.Job instance at 0x146f76f29460>,5,2,[2 7],7,7,9,0,7
1,<environment.Job instance at 0x146f76f0bbe0>,2,1,[2 7],3,4,5,1,4
1,<environment.Job instance at 0x146f77d11b40>,4,2,[1 8],5,5,7,0,5
1,<environment.Job instance at 0x146f76f0ba00>,3,15,[11  1],4,5,20,1,5
1,<environment.Job instance at 0x146f9553cf50>,2,1,[2 5],3,3,4,0,3
1,<environment.Job instance at 0x146f834f8460>,3,1,[6 2],4,4,5,0,4
1,<environment.Job instance at 0x146f78849cd0>,7,1,[2 6],8,8,9,0,8
1,<environment.Job instance at 0x146f7912ef50>,6,18,[8 1],7,15,33,8,15
1,<environment.Job instance at 0x146f9583c050>,5,3,[6 1],9,10,13,1,10
1,<environment.Job instance at 0x146f9583c640>,4,2,[ 1 13],7,19,21,12,19
1,<environment.Job instance at 0x146f787ec4b0>,2,2,[2 8],4,5,7,1,5
1,<environment.Job instance at 0x146fcea59960>,4,2,[2 7],6,6,8,0,6
1,<environment.Job instance at 0x146fcea59640>,5,2,[2 7],7,7,9,0,7
1,<environment.Job instance at 0x146f780eaa50>,2,1,[2 7],3,4,5,1,4
1,<environment.Job instance at 0x146f8327b5a0>,4,2,[1 8],5,5,7,0,5
1,<environment.Job instance at 0x146f82c9f3c0>,3,15,[11  1],4,5,20,1,5
1,<environment.Job instance at 0x146f814041e0>,2,1,[2 5],3,3,4,0,3
1,<environment.Job instance at 0x146f7a73b8c0>,3,1,[6 2],4,4,5,0,4
1,<environment.Job instance at 0x146f7a2f47d0>,7,1,[2 6],8,8,9,0,8
1,<environment.Job instance at 0x146f7a73be10>,6,18,[8 1],7,15,33,8,15
1,<environment.Job instance at 0x146f7784dd20>,5,3,[6 1],9,10,13,1,10
1,<environment.Job instance at 0x146f81eb7fa0>,4,2,[ 1 13],7,27,29,20,27
1,<environment.Job instance at 0x146f818713c0>,3,15,[11  1],4,364,379,360,364
1,<environment.Job instance at 0x146f80bae280>,2,1,[2 5],3,3,4,0,3
1,<environment.Job instance at 0x146f736a7aa0>,3,1,[6 2],4,4,5,0,4
1,<environment.Job instance at 0x146f736a72d0>,7,1,[2 6],8,8,9,0,8
1,<environment.Job instance at 0x146f7b16df00>,6,18,[8 1],7,15,33,8,15
1,<environment.Job instance at 0x146f7380d820>,0,2,[6 1],1,1,3,0,1
1,<environment.Job instance at 0x146f784690f0>,4,2,[8 1],7,8,10,1,8
1,<environment.Job instance at 0x146f779e0aa0>,4,2,[ 1 13],7,10,12,3,10
1,<environment.Job instance at 0x146f773cc730>,3,1,[2 7],5,5,6,0,5
1,<environment.Job instance at 0x146f7a3f40a0>,4,2,[2 7],6,6,8,0,6
1,<environment.Job instance at 0x146f770cf9b0>,5,3,[10  2],8,1038,1041,1030,1038
1,<environment.Job instance at 0x146f78e45e10>,2,1,[2 5],3,3,4,0,3
1,<environment.Job instance at 0x146f76c7e460>,3,1,[6 2],4,4,5,0,4
1,<environment.Job instance at 0x146f7366f550>,7,1,[2 6],8,8,9,0,8
1,<environment.Job instance at 0x146f78e45320>,6,18,[8 1],7,15,33,8,15
1,<environment.Job instance at 0x146f77a23320>,0,2,[6 1],1,1,3,0,1
1,<environment.Job instance at 0x146f77a235f0>,4,2,[8 1],7,7,9,0,7
1,<environment.Job instance at 0x146f7a0d3c30>,5,2,[ 1 10],8,8,10,0,8
1,<environment.Job instance at 0x146fcf26bbe0>,5,3,[6 1],9,10,13,1,10
1,<environment.Job instance at 0x146fcf26bf00>,4,2,[ 1 13],7,19,21,12,19
1,<environment.Job instance at 0x146f77b80fa0>,2,2,[2 8],4,4,6,0,4
1,<environment.Job instance at 0x146f7a0d3f00>,3,1,[2 7],5,5,6,0,5
1,<environment.Job instance at 0x146f82d52730>,5,2,[2 7],7,7,9,0,7
1,<environment.Job instance at 0x146f82d52410>,3,15,[11  1],4,1242,1257,1238,1242
1,<environment.Job instance at 0x146f77aa7d70>,3,1,[6 2],4,4,5,0,4
1,<environment.Job instance at 0x146f77aa77d0>,4,2,[7 2],5,6,8,1,6
1,<environment.Job instance at 0x146f81647320>,8,13,[6 1],9,16,29,7,16
1,<environment.Job instance at 0x146f77aa70f0>,5,3,[9 2],6,23,26,17,23
1,<environment.Job instance at 0x146f7789bf00>,5,2,[ 1 10],8,9,11,1,9
1,<environment.Job instance at 0x146f7a2e0280>,0,1,[2 5],1,3,4,2,3
1,<environment.Job instance at 0x146f7b25d320>,1,17,[6 1],3,5,22,2,5
1,<environment.Job instance at 0x146f7a2e0aa0>,4,2,[ 1 13],7,14,16,7,14
1,<environment.Job instance at 0x146f81cd90a0>,3,1,[6 2],4,4,5,0,4
1,<environment.Job instance at 0x146f81cd9230>,4,2,[7 2],5,6,8,1,6
1,<environment.Job instance at 0x146f787a73c0>,8,13,[6 1],9,16,29,7,16
1,<environment.Job instance at 0x146f80744b90>,5,3,[9 2],6,23,26,17,23
1,<environment.Job instance at 0x146f76f1de60>,5,2,[ 1 10],8,9,11,1,9
1,<environment.Job instance at 0x146f77d1abe0>,0,1,[2 5],1,3,4,2,3
1,<environment.Job instance at 0x146f76d10d70>,1,17,[6 1],3,5,22,2,5
1,<environment.Job instance at 0x146f828c5960>,4,2,[ 1 13],7,14,16,7,14
1,<environment.Job instance at 0x146f7a64ae10>,2,1,[2 7],3,4,5,1,4
1,<environment.Job instance at 0x146f7a8a6460>,4,2,[1 8],5,5,7,0,5
1,<environment.Job instance at 0x146f78679230>,3,15,[11  1],4,268,283,264,268
1,<environment.Job instance at 0x146f76d54b90>,3,1,[6 2],4,5,6,1,5
1,<environment.Job instance at 0x146fcf0a9c80>,7,1,[2 6],8,8,9,0,8
1,<environment.Job instance at 0x146f95e68eb0>,6,18,[8 1],7,15,33,8,15
1,<environment.Job instance at 0x146f80cbde10>,0,2,[6 1],1,1,3,0,1
1,<environment.Job instance at 0x146f81666fa0>,4,2,[8 1],7,7,9,0,7
1,<environment.Job instance at 0x146f83b4b460>,5,2,[ 1 10],8,8,10,0,8
1,<environment.Job instance at 0x146f80d4cd20>,4,2,[ 1 13],7,10,12,3,10
1,<environment.Job instance at 0x146f795ad140>,5,3,[6 1],9,20,23,11,20
1,<environment.Job instance at 0x146f76e6a550>,2,2,[2 8],4,4,6,0,4
1,<environment.Job instance at 0x146fcedd0d20>,3,1,[2 7],5,5,6,0,5
1,<environment.Job instance at 0x146f82251e60>,5,2,[2 7],7,7,9,0,7
1,<environment.Job instance at 0x146f9644c6e0>,2,1,[2 7],3,4,5,1,4
1,<environment.Job instance at 0x146f7b39f2d0>,4,2,[1 8],5,5,7,0,5
1,<environment.Job instance at 0x146f784d2af0>,3,15,[11  1],4,5,20,1,5
1,<environment.Job instance at 0x146f7837f2d0>,2,1,[2 5],3,3,4,0,3
1,<environment.Job instance at 0x146f75b40460>,3,1,[6 2],4,4,5,0,4
1,<environment.Job instance at 0x146f75b40910>,7,1,[2 6],8,8,9,0,8
1,<environment.Job instance at 0x146f7837f8c0>,6,18,[8 1],7,15,33,8,15
1,<environment.Job instance at 0x146f75b3caf0>,0,2,[6 1],1,1,3,0,1
1,<environment.Job instance at 0x146f75b40820>,4,2,[8 1],7,8,10,1,8
1,<environment.Job instance at 0x146f7b0dc550>,5,3,[6 1],9,10,13,1,10
1,<environment.Job instance at 0x146f7703faa0>,4,2,[ 1 13],7,19,21,12,19
1,<environment.Job instance at 0x146f82fd2460>,2,2,[2 8],4,5,7,1,5
1,<environment.Job instance at 0x146f82fd2410>,4,2,[2 7],6,6,8,0,6
1,<environment.Job instance at 0x146f81634b40>,5,2,[2 7],7,7,9,0,7
1,<environment.Job instance at 0x146f94afc0a0>,2,1,[2 7],3,4,5,1,4
1,<environment.Job instance at 0x146f94afc4b0>,1,3,[2 9],2,5,8,3,4
1,<environment.Job instance at 0x146f75b40230>,3,15,[11  1],4,4,19,0,4
1,<environment.Job instance at 0x146f77c73780>,2,1,[2 5],3,3,4,0,3
1,<environment.Job instance at 0x146f96986b40>,3,1,[6 2],4,4,5,0,4
1,<environment.Job instance at 0x146f7a8e8690>,7,1,[2 6],8,8,9,0,8
1,<environment.Job instance at 0x146f969861e0>,6,18,[8 1],7,15,33,8,15
1,<environment.Job instance at 0x146f78655370>,0,2,[6 1],1,1,3,0,1
1,<environment.Job instance at 0x146f76f8a0f0>,4,2,[8 1],7,7,9,0,7
1,<environment.Job instance at 0x146f763a0b90>,5,2,[ 1 10],8,8,10,0,8
1,<environment.Job instance at 0x146f784235f0>,4,2,[ 1 13],7,10,12,3,10
1,<environment.Job instance at 0x146f7a924aa0>,5,3,[6 1],9,20,23,11,20
1,<environment.Job instance at 0x146f96986b90>,2,2,[2 8],4,4,6,0,4
1,<environment.Job instance at 0x146f77278280>,3,1,[2 7],5,5,6,0,5
1,<environment.Job instance at 0x146f79807cd0>,5,2,[2 7],7,7,9,0,7
1,<environment.Job instance at 0x146f772cc7d0>,2,1,[2 5],3,3,4,0,3
1,<environment.Job instance at 0x146f764fb280>,3,1,[6 2],4,4,5,0,4
1,<environment.Job instance at 0x146f764fbf50>,4,2,[7 2],5,6,8,1,6
1,<environment.Job instance at 0x146f7a129550>,4,2,[ 1 13],7,7,9,0,7
1,<environment.Job instance at 0x146f756921e0>,2,2,[2 8],4,4,6,0,4
1,<environment.Job instance at 0x146f791aa780>,3,1,[2 7],5,5,6,0,5
1,<environment.Job instance at 0x146f7a5af0a0>,5,2,[2 7],7,7,9,0,7
1,<environment.Job instance at 0x146f733a51e0>,5,3,[10  2],8,1129,1132,1121,1129
1,<environment.Job instance at 0x146f7a6b0b90>,2,1,[2 5],3,3,4,0,3
1,<environment.Job instance at 0x146fcc48f960>,3,1,[6 2],4,4,5,0,4
1,<environment.Job instance at 0x146fcc48fd20>,4,2,[7 2],5,6,8,1,6
1,<environment.Job instance at 0x146f7b426c30>,4,2,[ 1 13],7,10,12,3,10
1,<environment.Job instance at 0x146f797c60a0>,2,2,[2 8],4,4,6,0,4
1,<environment.Job instance at 0x146f797c6820>,3,1,[2 7],5,5,6,0,5
1,<environment.Job instance at 0x146f79b98460>,5,2,[2 7],7,7,9,0,7
1,<environment.Job instance at 0x146f95fb9910>,2,1,[2 7],3,4,5,1,4
1,<environment.Job instance at 0x146f95fb9aa0>,3,15,[11  1],4,310,325,306,310
1,<environment.Job instance at 0x146f78469640>,2,1,[2 5],3,3,4,0,3
1,<environment.Job instance at 0x146f804fdaf0>,3,1,[6 2],4,4,5,0,4
1,<environment.Job instance at 0x146f804fda50>,4,2,[7 2],5,5,7,0,5
1,<environment.Job instance at 0x146fced81730>,7,1,[2 6],8,8,9,0,8
1,<environment.Job instance at 0x146f784695f0>,6,18,[8 1],7,15,33,8,15
1,<environment.Job instance at 0x146f7acd6870>,0,2,[6 1],1,1,3,0,1
1,<environment.Job instance at 0x146f7953b6e0>,4,2,[8 1],7,7,9,0,7
1,<environment.Job instance at 0x146f75ad6fa0>,5,2,[ 1 10],8,8,10,0,8
1,<environment.Job instance at 0x146f773dc190>,4,2,[ 1 13],7,10,12,3,10
1,<environment.Job instance at 0x146f773dc5f0>,5,3,[6 1],9,20,23,11,20
1,<environment.Job instance at 0x146f95458c80>,2,2,[2 8],4,4,6,0,4
1,<environment.Job instance at 0x146f76f3a140>,3,1,[2 7],5,5,6,0,5
1,<environment.Job instance at 0x146f76f3a0a0>,4,2,[2 7],6,6,8,0,6
1,<environment.Job instance at 0x146f7af6b690>,5,2,[2 7],7,7,9,0,7
1,<environment.Job instance at 0x146f79b4d140>,2,1,[2 7],3,4,5,1,4
1,<environment.Job instance at 0x146f79b4d3c0>,3,15,[11  1],4,1435,1450,1431,1435
1,<environment.Job instance at 0x146f82df7c30>,3,1,[6 2],4,4,5,0,4
1,<environment.Job instance at 0x146f82df7be0>,4,2,[7 2],5,5,7,0,5
1,<environment.Job instance at 0x146f82df7e60>,7,1,[2 6],8,8,9,0,8
1,<environment.Job instance at 0x146f82df75a0>,6,18,[8 1],7,15,33,8,15
1,<environment.Job instance at 0x146f80e6a960>,0,2,[6 1],1,1,3,0,1
1,<environment.Job instance at 0x146f733db5a0>,3,3,[1 8],4,5,8,1,5
1,<environment.Job instance at 0x146f96344370>,4,2,[8 1],7,7,9,0,7
1,<environment.Job instance at 0x146f963440f0>,5,2,[ 1 10],8,8,10,0,8
1,<environment.Job instance at 0x146f778d0dc0>,4,2,[ 1 13],7,10,12,3,10
1,<environment.Job instance at 0x146f778d0b40>,5,3,[6 1],9,20,23,11,20
1,<environment.Job instance at 0x146f778d0550>,2,2,[2 8],4,4,6,0,4
1,<environment.Job instance at 0x146f778d0460>,3,1,[2 7],5,5,6,0,5
1,<environment.Job instance at 0x146f816bd5a0>,4,2,[2 7],6,6,8,0,6
1,<environment.Job instance at 0x146f816bdc80>,5,2,[2 7],7,7,9,0,7
1,<environment.Job instance at 0x146f7bfb1d70>,3,15,[11  1],4,163,178,159,163
1,<environment.Job instance at 0x146f795b6e60>,3,1,[6 2],4,4,5,0,4
1,<environment.Job instance at 0x146f795b67d0>,4,2,[7 2],5,5,7,0,5
1,<environment.Job instance at 0x146f790525a0>,7,1,[2 6],8,8,9,0,8
1,<environment.Job instance at 0x146f7b14c690>,0,2,[6 1],1,1,3,0,1
1,<environment.Job instance at 0x146f74682140>,3,3,[1 8],4,4,7,0,4
1,<environment.Job instance at 0x146f76892be0>,4,2,[8 1],7,7,9,0,7
1,<environment.Job instance at 0x146f74682230>,5,2,[ 1 10],8,8,10,0,8
1,<environment.Job instance at 0x146f74682410>,0,1,[2 5],1,2,3,1,2
1,<environment.Job instance at 0x146f76c96640>,4,2,[ 1 13],7,52,54,45,52
1,<environment.Job instance at 0x146f76c96a00>,5,3,[6 1],9,53,56,44,53
1,<environment.Job instance at 0x146f769a2230>,2,1,[2 7],3,3,4,0,3
1,<environment.Job instance at 0x146f79ba8690>,2,1,[2 5],3,3,4,0,3
1,<environment.Job instance at 0x146f73447140>,3,1,[6 2],4,4,5,0,4
1,<environment.Job instance at 0x146f79ba8820>,4,2,[7 2],5,6,8,1,6
1,<environment.Job instance at 0x146f782330f0>,4,2,[ 1 13],7,73,75,66,73
1,<environment.Job instance at 0x146fcc4c0b40>,5,3,[6 1],9,90,93,81,90
1,<environment.Job instance at 0x146fcd9c6d20>,4,2,[2 7],6,7,9,1,7
1,<environment.Job instance at 0x146f7a4d6460>,2,1,[2 5],3,3,4,0,3
1,<environment.Job instance at 0x146f78386870>,3,1,[6 2],4,4,5,0,4
1,<environment.Job instance at 0x146f78386640>,4,2,[7 2],5,5,7,0,5
1,<environment.Job instance at 0x146f78386820>,7,1,[2 6],8,8,9,0,8
1,<environment.Job instance at 0x146f8194a820>,0,1,[2 5],1,3,4,2,3
1,<environment.Job instance at 0x146f8194a9b0>,1,17,[6 1],3,5,22,2,5
1,<environment.Job instance at 0x146f8194a780>,4,2,[ 1 13],7,17,19,10,17
1,<environment.Job instance at 0x146f7b948cd0>,2,1,[2 5],3,3,4,0,3
1,<environment.Job instance at 0x146f7b9488c0>,3,1,[6 2],4,4,5,0,4
1,<environment.Job instance at 0x146f757dbd70>,4,2,[7 2],5,5,7,0,5
1,<environment.Job instance at 0x146f7571d1e0>,7,1,[2 6],8,8,9,0,8
1,<environment.Job instance at 0x146f755ac780>,6,18,[8 1],7,15,33,8,15
1,<environment.Job instance at 0x146f75e95500>,0,2,[6 1],1,1,3,0,1
1,<environment.Job instance at 0x146fcd6e3050>,4,2,[8 1],7,7,9,0,7
1,<environment.Job instance at 0x146f750e52d0>,5,2,[ 1 10],8,8,10,0,8
1,<environment.Job instance at 0x146f75be3230>,4,2,[ 1 13],7,116,118,109,116
1,<environment.Job instance at 0x146f835c0730>,5,3,[6 1],9,118,121,109,118
1,<environment.Job instance at 0x146f74ca26e0>,2,2,[2 8],4,4,6,0,4
1,<environment.Job instance at 0x146f74ca2e60>,3,1,[2 7],5,5,6,0,5
1,<environment.Job instance at 0x146f765917d0>,4,2,[2 7],6,6,8,0,6
1,<environment.Job instance at 0x146f7637a050>,5,2,[2 7],7,8,10,1,8
1,<environment.Job instance at 0x146f74a4e140>,2,1,[2 7],3,4,5,1,4
1,<environment.Job instance at 0x146f77e92f50>,3,15,[11  1],4,1309,1324,1305,1309
1,<environment.Job instance at 0x146fce7ba320>,2,1,[2 5],3,3,4,0,3
1,<environment.Job instance at 0x146f94a8cfa0>,3,1,[6 2],4,4,5,0,4
1,<environment.Job instance at 0x146f94a8c640>,4,2,[7 2],5,5,7,0,5
1,<environment.Job instance at 0x146f94a8ce10>,7,1,[2 6],8,8,9,0,8
1,<environment.Job instance at 0x146fcef4b230>,0,2,[6 1],1,1,3,0,1
1,<environment.Job instance at 0x146f94a8ca50>,4,2,[8 1],7,7,9,0,7
1,<environment.Job instance at 0x146fcce76140>,5,2,[ 1 10],8,8,10,0,8
1,<environment.Job instance at 0x146f77f42e60>,4,2,[ 1 13],7,284,286,277,284
1,<environment.Job instance at 0x146f767a4b40>,4,2,[2 7],6,7,9,1,7
1,<environment.Job instance at 0x146f8239a280>,2,1,[2 5],3,3,4,0,3
1,<environment.Job instance at 0x146fce46f370>,3,1,[6 2],4,4,5,0,4
1,<environment.Job instance at 0x146f7aff43c0>,4,2,[7 2],5,5,7,0,5
1,<environment.Job instance at 0x146f7aff4320>,7,1,[2 6],8,8,9,0,8
1,<environment.Job instance at 0x146fce46fb90>,6,18,[8 1],7,15,33,8,15
1,<environment.Job instance at 0x146f796d5c80>,0,2,[6 1],1,1,3,0,1
1,<environment.Job instance at 0x146f7aff4eb0>,2,3,[1 8],3,3,6,0,3
1,<environment.Job instance at 0x146f796d50f0>,4,2,[8 1],7,7,9,0,7
1,<environment.Job instance at 0x146f73db7be0>,5,2,[ 1 10],8,8,10,0,8
1,<environment.Job instance at 0x146f80b77e60>,4,2,[ 1 13],7,10,12,3,10
1,<environment.Job instance at 0x146f80b77910>,5,3,[6 1],9,20,23,11,20
1,<environment.Job instance at 0x146f74fe3870>,2,2,[2 8],4,4,6,0,4
1,<environment.Job instance at 0x146f74fe3410>,3,1,[2 7],5,5,6,0,5
1,<environment.Job instance at 0x146f7ba44a50>,4,2,[2 7],6,6,8,0,6
1,<environment.Job instance at 0x146f7ba44640>,5,2,[2 7],7,7,9,0,7
1,<environment.Job instance at 0x146f73702b90>,2,1,[2 7],3,3,4,0,3
1,<environment.Job instance at 0x146f7579baa0>,5,3,[10  2],8,2271,2274,2263,2271
1,<environment.Job instance at 0x146f763cdcd0>,2,1,[2 5],3,3,4,0,3
1,<environment.Job instance at 0x146f7ab71640>,3,1,[6 2],4,4,5,0,4
1,<environment.Job instance at 0x146f7ab71500>,4,2,[7 2],5,5,7,0,5
1,<environment.Job instance at 0x146f7ab71820>,7,1,[2 6],8,8,9,0,8
1,<environment.Job instance at 0x146f763cd6e0>,6,18,[8 1],7,15,33,8,15
1,<environment.Job instance at 0x146f75bd9a00>,0,2,[6 1],1,1,3,0,1
1,<environment.Job instance at 0x146f7bf52e10>,4,2,[8 1],7,7,9,0,7
1,<environment.Job instance at 0x146f7aff44b0>,5,2,[ 1 10],8,8,10,0,8
1,<environment.Job instance at 0x146f760e6d70>,4,2,[ 1 13],7,10,12,3,10
1,<environment.Job instance at 0x146f7a3ae5f0>,5,3,[6 1],9,20,23,11,20
1,<environment.Job instance at 0x146f94059a50>,2,2,[2 8],4,4,6,0,4
1,<environment.Job instance at 0x146f754b67d0>,3,1,[2 7],5,5,6,0,5
1,<environment.Job instance at 0x146f754b63c0>,4,2,[2 7],6,6,8,0,6
1,<environment.Job instance at 0x146f754b6640>,5,2,[2 7],7,7,9,0,7
1,<environment.Job instance at 0x146f9425ed20>,2,1,[2 7],3,4,5,1,4
1,<environment.Job instance at 0x146f748760f0>,2,1,[2 5],3,3,4,0,3
1,<environment.Job instance at 0x146f7a4b0dc0>,3,1,[6 2],4,4,5,0,4
1,<environment.Job instance at 0x146f7a4b02d0>,4,2,[7 2],5,5,7,0,5
1,<environment.Job instance at 0x146fcd8b2f00>,7,1,[2 6],8,8,9,0,8
1,<environment.Job instance at 0x146f807711e0>,6,18,[8 1],7,15,33,8,15
1,<environment.Job instance at 0x146f76bb7cd0>,0,2,[6 1],1,1,3,0,1
1,<environment.Job instance at 0x146f76bb7f50>,4,2,[8 1],7,7,9,0,7
1,<environment.Job instance at 0x146fcc8d0640>,5,2,[ 1 10],8,8,10,0,8
1,<environment.Job instance at 0x146f952f3b40>,4,2,[ 1 13],7,10,12,3,10
1,<environment.Job instance at 0x146f745ad0f0>,5,3,[6 1],9,24,27,15,24
1,<environment.Job instance at 0x146f77ccb7d0>,3,1,[2 7],5,5,6,0,5
1,<environment.Job instance at 0x146f78c09b40>,2,1,[2 7],3,3,4,0,3
1,<environment.Job instance at 0x146f741c9190>,2,1,[2 5],3,3,4,0,3
1,<environment.Job instance at 0x146f76c30910>,3,1,[6 2],4,4,5,0,4
1,<environment.Job instance at 0x146f76830f00>,4,2,[7 2],5,5,7,0,5
1,<environment.Job instance at 0x146f81ac6320>,7,1,[2 6],8,8,9,0,8
1,<environment.Job instance at 0x146f7415ac80>,6,18,[8 1],7,16,34,9,16
1,<environment.Job instance at 0x146f7a6c45a0>,0,2,[6 1],1,1,3,0,1
1,<environment.Job instance at 0x146f940a38c0>,3,3,[1 8],4,4,7,0,4
1,<environment.Job instance at 0x146f823a2500>,4,2,[8 1],7,7,9,0,7
1,<environment.Job instance at 0x146f940a3be0>,5,2,[ 1 10],8,8,10,0,8
1,<environment.Job instance at 0x146f75ef1550>,4,2,[ 1 13],7,10,12,3,10
1,<environment.Job instance at 0x146f82548870>,2,2,[2 8],4,4,6,0,4
1,<environment.Job instance at 0x146fc804d550>,3,1,[2 7],5,5,6,0,5
1,<environment.Job instance at 0x146fc804da50>,4,2,[2 7],6,6,8,0,6
1,<environment.Job instance at 0x146f82548c30>,5,2,[2 7],7,7,9,0,7
1,<environment.Job instance at 0x146f77037dc0>,2,1,[2 7],3,3,4,0,3
1,<environment.Job instance at 0x146f766f4dc0>,5,3,[10  2],8,1339,1342,1331,1339
1,<environment.Job instance at 0x146f7450c960>,2,1,[2 5],3,3,4,0,3
1,<environment.Job instance at 0x146f73bceb90>,3,1,[6 2],4,4,5,0,4
1,<environment.Job instance at 0x146f73bceb40>,4,2,[7 2],5,5,7,0,5
1,<environment.Job instance at 0x146f73bcefa0>,7,1,[2 6],8,8,9,0,8
1,<environment.Job instance at 0x146f7450cd20>,6,18,[8 1],7,16,34,9,16
1,<environment.Job instance at 0x146f73bba320>,0,2,[6 1],1,1,3,0,1
1,<environment.Job instance at 0x146fc80d7dc0>,4,2,[8 1],7,7,9,0,7
1,<environment.Job instance at 0x146fce632190>,5,2,[ 1 10],8,8,10,0,8
1,<environment.Job instance at 0x146f73442140>,4,2,[ 1 13],7,10,12,3,10
1,<environment.Job instance at 0x146f7afe16e0>,2,2,[2 8],4,4,6,0,4
1,<environment.Job instance at 0x146f7afe1370>,3,1,[2 7],5,5,6,0,5
1,<environment.Job instance at 0x146f96245960>,5,2,[2 7],7,7,9,0,7
1,<environment.Job instance at 0x146f82b62460>,2,1,[2 7],3,4,5,1,4
1,<environment.Job instance at 0x146f82b62c80>,3,15,[11  1],4,1634,1649,1630,1634
1,<environment.Job instance at 0x146f7450e690>,2,1,[2 5],3,3,4,0,3
1,<environment.Job instance at 0x146f792475f0>,3,1,[6 2],4,4,5,0,4
1,<environment.Job instance at 0x146f79247f50>,4,2,[7 2],5,5,7,0,5
1,<environment.Job instance at 0x146f77e39690>,7,1,[2 6],8,8,9,0,8
1,<environment.Job instance at 0x146f79247190>,6,18,[8 1],7,23,41,16,23
1,<environment.Job instance at 0x146f73678190>,4,2,[ 1 13],7,58,60,51,58
1,<environment.Job instance at 0x146f736785a0>,5,3,[6 1],9,80,83,71,80
1,<environment.Job instance at 0x146f76f390a0>,3,1,[2 7],5,5,6,0,5
1,<environment.Job instance at 0x146f76f39aa0>,4,2,[2 7],6,6,8,0,6
1,<environment.Job instance at 0x146f834fa550>,4,2,[1 8],5,1979,1981,1974,1979
1,<environment.Job instance at 0x146f782b9820>,2,1,[2 5],3,3,4,0,3
1,<environment.Job instance at 0x146f74e90aa0>,3,1,[6 2],4,4,5,0,4
1,<environment.Job instance at 0x146f7b08d730>,4,2,[7 2],5,5,7,0,5
1,<environment.Job instance at 0x146f7adbd910>,7,1,[2 6],8,8,9,0,8
1,<environment.Job instance at 0x146f96d7e870>,6,18,[8 1],7,23,41,16,23
1,<environment.Job instance at 0x146f748f33c0>,0,2,[6 1],1,1,3,0,1
1,<environment.Job instance at 0x146f79e8f140>,4,2,[8 1],7,7,9,0,7
1,<environment.Job instance at 0x146f80a5e140>,5,2,[ 1 10],8,8,10,0,8
1,<environment.Job instance at 0x146f78471af0>,4,2,[ 1 13],7,58,60,51,58
1,<environment.Job instance at 0x146f78471690>,5,3,[6 1],9,80,83,71,80
1,<environment.Job instance at 0x146f827f0be0>,3,1,[2 7],5,5,6,0,5
1,<environment.Job instance at 0x146f7b737190>,4,2,[2 7],6,6,8,0,6
1,<environment.Job instance at 0x146f95e47f00>,2,1,[2 7],3,3,4,0,3
1,<environment.Job instance at 0x146fcf96d370>,5,3,[10  2],8,2188,2191,2180,2188
1,<environment.Job instance at 0x146f97190b90>,2,1,[2 5],3,3,4,0,3
1,<environment.Job instance at 0x146f814b26e0>,3,1,[6 2],4,4,5,0,4
1,<environment.Job instance at 0x146f7b899230>,4,2,[7 2],5,6,8,1,6
1,<environment.Job instance at 0x146f79b4dcd0>,4,2,[ 1 13],7,10,12,3,10
1,<environment.Job instance at 0x146f78fa9460>,3,1,[2 7],5,5,6,0,5
1,<environment.Job instance at 0x146f75e945a0>,5,2,[2 7],7,7,9,0,7
1,<environment.Job instance at 0x146f75997eb0>,2,1,[2 7],3,3,4,0,3
1,<environment.Job instance at 0x146f75bd9500>,5,3,[10  2],8,1339,1342,1331,1339
1,<environment.Job instance at 0x146f797c6550>,2,1,[2 5],3,3,4,0,3
1,<environment.Job instance at 0x146f73323280>,3,1,[6 2],4,4,5,0,4
1,<environment.Job instance at 0x146f73323370>,7,1,[2 6],8,8,9,0,8
1,<environment.Job instance at 0x146f770d2050>,6,18,[8 1],7,23,41,16,23
1,<environment.Job instance at 0x146f94094fa0>,4,2,[ 1 13],7,58,60,51,58
1,<environment.Job instance at 0x146f940940f0>,5,3,[6 1],9,80,83,71,80
1,<environment.Job instance at 0x146f7bd55dc0>,3,1,[2 7],5,5,6,0,5
1,<environment.Job instance at 0x146f6f0c9c80>,4,2,[2 7],6,6,8,0,6
1,<environment.Job instance at 0x146f6ef257d0>,2,1,[2 7],3,3,4,0,3
1,<environment.Job instance at 0x146fcc9301e0>,5,3,[10  2],8,2188,2191,2180,2188
1,<environment.Job instance at 0x146f783faeb0>,2,1,[2 5],3,3,4,0,3
1,<environment.Job instance at 0x146f77c50640>,3,1,[6 2],4,4,5,0,4
1,<environment.Job instance at 0x146f75a634b0>,7,1,[2 6],8,8,9,0,8
1,<environment.Job instance at 0x146f76f127d0>,6,18,[8 1],7,23,41,16,23
1,<environment.Job instance at 0x146f9532d280>,0,2,[6 1],1,1,3,0,1
1,<environment.Job instance at 0x146f78816280>,4,2,[8 1],7,7,9,0,7
1,<environment.Job instance at 0x146f796cad20>,5,2,[ 1 10],8,8,10,0,8
1,<environment.Job instance at 0x146f6f1bceb0>,4,2,[ 1 13],7,58,60,51,58
1,<environment.Job instance at 0x146f813a4af0>,5,3,[6 1],9,80,83,71,80
1,<environment.Job instance at 0x146f969dacd0>,3,1,[2 7],5,5,6,0,5
1,<environment.Job instance at 0x146f969dadc0>,4,2,[2 7],6,6,8,0,6
1,<environment.Job instance at 0x146f76940eb0>,2,1,[2 7],3,3,4,0,3
1,<environment.Job instance at 0x146f77ab4460>,5,3,[10  2],8,2188,2191,2180,2188
1,<environment.Job instance at 0x146f82a94690>,2,1,[2 5],3,3,4,0,3
1,<environment.Job instance at 0x146f77701eb0>,3,1,[6 2],4,4,5,0,4
1,<environment.Job instance at 0x146f748d7320>,4,2,[ 1 13],7,9,11,2,9
1,<environment.Job instance at 0x146f96368e60>,3,1,[2 7],5,5,6,0,5
1,<environment.Job instance at 0x146f75d9f460>,5,2,[2 7],7,7,9,0,7
1,<environment.Job instance at 0x146f79bb2e10>,2,1,[2 7],3,3,4,0,3
1,<environment.Job instance at 0x146f76d963c0>,5,3,[10  2],8,1339,1342,1331,1339
1,<environment.Job instance at 0x146fcdeb3410>,2,1,[2 5],3,3,4,0,3
1,<environment.Job instance at 0x146fced811e0>,3,1,[6 2],4,4,5,0,4
1,<environment.Job instance at 0x146f74696320>,7,1,[2 6],8,9,10,1,9
1,<environment.Job instance at 0x146f737fc3c0>,8,13,[6 1],9,15,28,6,15
1,<environment.Job instance at 0x146f81ad0a50>,0,1,[2 5],1,1,2,0,1
1,<environment.Job instance at 0x146f78158550>,4,2,[ 1 13],7,19,21,12,19
1,<environment.Job instance at 0x146f83b9c460>,2,1,[2 5],3,3,4,0,3
1,<environment.Job instance at 0x146f94d9a050>,3,1,[6 2],4,4,5,0,4
1,<environment.Job instance at 0x146f7508e0f0>,0,1,[2 5],1,1,2,0,1
1,<environment.Job instance at 0x146f7659c870>,4,2,[ 1 13],7,35,37,28,35
1,<environment.Job instance at 0x146f7659ce10>,5,3,[6 1],9,44,47,35,44
1,<environment.Job instance at 0x146f7988e190>,3,1,[2 7],5,5,6,0,5
1,<environment.Job instance at 0x146f761c6be0>,4,2,[2 7],6,6,8,0,6
1,<environment.Job instance at 0x146f746e49b0>,2,1,[2 7],3,3,4,0,3
1,<environment.Job instance at 0x146f74e4fdc0>,2,1,[2 5],3,3,4,0,3
1,<environment.Job instance at 0x146f73b1de60>,3,1,[6 2],4,4,5,0,4
1,<environment.Job instance at 0x146f73b1d3c0>,7,1,[2 6],8,9,10,1,9
1,<environment.Job instance at 0x146f74e4f0a0>,8,13,[6 1],9,15,28,6,15
1,<environment.Job instance at 0x146f7694fd70>,0,1,[2 5],1,1,2,0,1
1,<environment.Job instance at 0x146f7322f050>,4,2,[ 1 13],7,19,21,12,19
1,<environment.Job instance at 0x146f6f087640>,2,1,[2 7],3,3,4,0,3
1,<environment.Job instance at 0x146f741e1cd0>,2,1,[2 5],3,3,4,0,3
1,<environment.Job instance at 0x146f7300ad20>,3,1,[6 2],4,4,5,0,4
1,<environment.Job instance at 0x146f73cb1eb0>,4,2,[8 1],7,7,9,0,7
1,<environment.Job instance at 0x146f81d45dc0>,4,2,[ 1 13],7,19,21,12,19
1,<environment.Job instance at 0x146f95694fa0>,3,1,[2 7],5,5,6,0,5
1,<environment.Job instance at 0x146f801265a0>,5,2,[2 7],7,7,9,0,7
1,<environment.Job instance at 0x146f7622c460>,2,1,[2 7],3,3,4,0,3
1,<environment.Job instance at 0x146fcd830e10>,2,1,[2 5],3,3,4,0,3
1,<environment.Job instance at 0x146fcef89550>,3,1,[6 2],4,4,5,0,4
1,<environment.Job instance at 0x146fce4a87d0>,7,1,[2 6],8,8,9,0,8
1,<environment.Job instance at 0x146f7b72eaf0>,0,1,[2 5],1,1,2,0,1
1,<environment.Job instance at 0x146f73d26be0>,5,3,[6 1],9,42,45,33,42
1,<environment.Job instance at 0x146f73d26d20>,4,2,[ 1 13],7,44,46,37,44
1,<environment.Job instance at 0x146f77f017d0>,3,1,[2 7],5,5,6,0,5
1,<environment.Job instance at 0x146f75fd1820>,4,2,[2 7],6,6,8,0,6
1,<environment.Job instance at 0x146f6f32b5a0>,2,1,[2 7],3,3,4,0,3
1,<environment.Job instance at 0x146f7aabb190>,2,1,[2 5],3,3,4,0,3
1,<environment.Job instance at 0x146f72b897d0>,3,1,[6 2],4,4,5,0,4
1,<environment.Job instance at 0x146f72b89230>,7,1,[2 6],8,8,9,0,8
1,<environment.Job instance at 0x146f822b0780>,0,1,[2 5],1,1,2,0,1
1,<environment.Job instance at 0x146f794471e0>,5,3,[6 1],9,42,45,33,42
1,<environment.Job instance at 0x146f822b02d0>,4,2,[ 1 13],7,44,46,37,44
1,<environment.Job instance at 0x146fcef40c80>,3,1,[2 7],5,5,6,0,5
1,<environment.Job instance at 0x146f79b96870>,4,2,[2 7],6,6,8,0,6
1,<environment.Job instance at 0x146f74ab8690>,2,1,[2 7],3,3,4,0,3
1,<environment.Job instance at 0x146f72f131e0>,2,1,[2 5],3,3,4,0,3
1,<environment.Job instance at 0x146f73c46500>,3,1,[6 2],4,4,5,0,4
1,<environment.Job instance at 0x146f7a5375f0>,4,2,[8 1],7,8,10,1,8
1,<environment.Job instance at 0x146f7405c820>,4,2,[ 1 13],7,10,12,3,10
1,<environment.Job instance at 0x146f79988190>,5,3,[6 1],9,20,23,11,20
1,<environment.Job instance at 0x146f970bc910>,2,2,[2 8],4,4,6,0,4
1,<environment.Job instance at 0x146f7243f0a0>,3,1,[2 7],5,5,6,0,5
1,<environment.Job instance at 0x146f7243faf0>,5,2,[2 7],7,7,9,0,7
1,<environment.Job instance at 0x146f71ff1280>,2,1,[2 7],3,3,4,0,3
1,<environment.Job instance at 0x146f77367820>,2,1,[2 5],3,3,4,0,3
1,<environment.Job instance at 0x146fce91cd70>,3,1,[6 2],4,4,5,0,4
1,<environment.Job instance at 0x146fce91c0f0>,4,2,[7 2],5,5,7,0,5
1,<environment.Job instance at 0x146fcf782aa0>,5,3,[9 2],6,7,10,1,7
1,<environment.Job instance at 0x146fcf782320>,7,1,[2 6],8,8,9,0,8
1,<environment.Job instance at 0x146f7a8075f0>,4,2,[ 1 13],7,25,27,18,25
1,<environment.Job instance at 0x146f815a4460>,5,3,[6 1],9,25,28,16,25
1,<environment.Job instance at 0x146fceb75d20>,3,1,[2 7],5,5,6,0,5
1,<environment.Job instance at 0x146fceb75eb0>,4,2,[2 7],6,6,8,0,6
1,<environment.Job instance at 0x146f80b6db40>,0,3,[9 2],1,1,4,0,1
1,<environment.Job instance at 0x146f80b6d410>,2,1,[2 7],3,3,4,0,3
1,<environment.Job instance at 0x146f816cc7d0>,2,1,[2 5],3,3,4,0,3
1,<environment.Job instance at 0x146f816ccaf0>,3,1,[6 2],4,4,5,0,4
1,<environment.Job instance at 0x146fcd082230>,4,2,[7 2],5,5,7,0,5
1,<environment.Job instance at 0x146f79bdfa00>,7,1,[2 6],8,8,9,0,8
1,<environment.Job instance at 0x146f816cc500>,6,18,[8 1],7,15,33,8,15
1,<environment.Job instance at 0x146f6f124f00>,0,2,[6 1],1,1,3,0,1
1,<environment.Job instance at 0x146f74bcabe0>,4,2,[8 1],7,7,9,0,7
1,<environment.Job instance at 0x146f82c5a730>,5,2,[ 1 10],8,8,10,0,8
1,<environment.Job instance at 0x146f752f6460>,4,2,[ 1 13],7,10,12,3,10
1,<environment.Job instance at 0x146f752f61e0>,5,3,[6 1],9,20,23,11,20
1,<environment.Job instance at 0x146f6f28aaf0>,2,2,[2 8],4,4,6,0,4
1,<environment.Job instance at 0x146f6f28ab90>,3,1,[2 7],5,5,6,0,5
1,<environment.Job instance at 0x146f7838b500>,4,2,[2 7],6,6,8,0,6
1,<environment.Job instance at 0x146f7838ba00>,5,2,[2 7],7,7,9,0,7
1,<environment.Job instance at 0x146f73aa0280>,2,1,[2 7],3,3,4,0,3
1,<environment.Job instance at 0x146f745b26e0>,2,1,[2 5],3,3,4,0,3
1,<environment.Job instance at 0x146f799c99b0>,3,1,[6 2],4,4,5,0,4
1,<environment.Job instance at 0x146f799c9050>,4,2,[7 2],5,5,7,0,5
1,<environment.Job instance at 0x146f799c9eb0>,7,1,[2 6],8,8,9,0,8
1,<environment.Job instance at 0x146f78253af0>,4,2,[ 1 13],7,33,35,26,33
1,<environment.Job instance at 0x146f7375e690>,2,1,[2 5],3,3,4,0,3
1,<environment.Job instance at 0x146f79837910>,3,1,[6 2],4,4,5,0,4
1,<environment.Job instance at 0x146f7821ba00>,7,1,[2 6],8,8,9,0,8
1,<environment.Job instance at 0x146f78629640>,4,2,[ 1 13],7,69,71,62,69
1,<environment.Job instance at 0x146f78629500>,5,3,[6 1],9,73,76,64,73
1,<environment.Job instance at 0x146f732ddeb0>,2,1,[2 7],3,3,4,0,3
1,<environment.Job instance at 0x146f72813b90>,2,1,[2 5],3,3,4,0,3
1,<environment.Job instance at 0x146f8158a280>,3,1,[6 2],4,4,5,0,4
1,<environment.Job instance at 0x146f803746e0>,4,2,[7 2],5,5,7,0,5
1,<environment.Job instance at 0x146f959c8730>,7,1,[2 6],8,8,9,0,8
1,<environment.Job instance at 0x146fcf1d8780>,0,1,[2 5],1,1,2,0,1
1,<environment.Job instance at 0x146f73f17960>,4,2,[ 1 13],7,42,44,35,42
1,<environment.Job instance at 0x146f73f17aa0>,5,3,[6 1],9,56,59,47,56
1,<environment.Job instance at 0x146fce7729b0>,2,2,[2 8],4,4,6,0,4
1,<environment.Job instance at 0x146fce772870>,3,1,[2 7],5,5,6,0,5
1,<environment.Job instance at 0x146f75242d70>,4,2,[2 7],6,6,8,0,6
1,<environment.Job instance at 0x146f75751320>,2,1,[2 7],3,3,4,0,3
1,<environment.Job instance at 0x146f7ad080f0>,2,1,[2 5],3,3,4,0,3
1,<environment.Job instance at 0x146f71693960>,3,1,[6 2],4,4,5,0,4
1,<environment.Job instance at 0x146f73f51460>,4,2,[7 2],5,5,7,0,5
1,<environment.Job instance at 0x146f7168cbe0>,7,1,[2 6],8,8,9,0,8
1,<environment.Job instance at 0x146f813d85f0>,4,2,[ 1 13],7,69,71,62,69
1,<environment.Job instance at 0x146f95886370>,2,1,[2 7],3,3,4,0,3
1,<environment.Job instance at 0x146f7b233690>,2,1,[2 5],3,3,4,0,3
1,<environment.Job instance at 0x146f7b2334b0>,3,1,[6 2],4,4,5,0,4
1,<environment.Job instance at 0x146f756c8a50>,4,2,[7 2],5,5,7,0,5
1,<environment.Job instance at 0x146f78128dc0>,7,1,[2 6],8,8,9,0,8
1,<environment.Job instance at 0x146f7565e870>,0,1,[2 5],1,1,2,0,1
1,<environment.Job instance at 0x146f7aa8f370>,4,2,[ 1 13],7,42,44,35,42
1,<environment.Job instance at 0x146f730c3550>,3,1,[2 7],5,5,6,0,5
1,<environment.Job instance at 0x146f730c3eb0>,4,2,[2 7],6,6,8,0,6
1,<environment.Job instance at 0x146f771e6500>,5,2,[2 7],7,9,11,2,9
1,<environment.Job instance at 0x146f780ac410>,2,1,[2 7],3,3,4,0,3
1,<environment.Job instance at 0x146f71c52050>,2,1,[2 5],3,3,4,0,3
1,<environment.Job instance at 0x146f96758c80>,3,1,[6 2],4,4,5,0,4
1,<environment.Job instance at 0x146f76ec5280>,4,2,[7 2],5,5,7,0,5
1,<environment.Job instance at 0x146f75699d70>,7,1,[2 6],8,8,9,0,8
1,<environment.Job instance at 0x146f73b1d820>,4,2,[ 1 13],7,40,42,33,40
1,<environment.Job instance at 0x146f73b1d410>,5,3,[6 1],9,42,45,33,42
1,<environment.Job instance at 0x146f82d166e0>,3,1,[2 7],5,5,6,0,5
1,<environment.Job instance at 0x146f73d2fe10>,4,2,[2 7],6,6,8,0,6
1,<environment.Job instance at 0x146f73d2fa50>,5,2,[2 7],7,7,9,0,7
1,<environment.Job instance at 0x146f779610a0>,2,1,[2 5],3,3,4,0,3
1,<environment.Job instance at 0x146f716c7c30>,3,1,[6 2],4,4,5,0,4
1,<environment.Job instance at 0x146f716c7be0>,4,2,[7 2],5,5,7,0,5
1,<environment.Job instance at 0x146f716c7dc0>,7,1,[2 6],8,8,9,0,8
1,<environment.Job instance at 0x146f75fca3c0>,5,2,[ 1 10],8,9,11,1,9
1,<environment.Job instance at 0x146f716ac870>,4,2,[ 1 13],7,40,42,33,40
1,<environment.Job instance at 0x146f7bf53a50>,3,1,[2 7],5,5,6,0,5
1,<environment.Job instance at 0x146f7330b690>,4,2,[2 7],6,6,8,0,6
1,<environment.Job instance at 0x146f7330bc80>,5,2,[2 7],7,7,9,0,7
1,<environment.Job instance at 0x146f730baaf0>,2,1,[2 7],3,3,4,0,3
1,<environment.Job instance at 0x146f95d5f5f0>,2,1,[2 5],3,3,4,0,3
1,<environment.Job instance at 0x146f753fb7d0>,3,1,[6 2],4,4,5,0,4
1,<environment.Job instance at 0x146f753fb8c0>,4,2,[7 2],5,5,7,0,5
1,<environment.Job instance at 0x146f7813b690>,7,1,[2 6],8,8,9,0,8
1,<environment.Job instance at 0x146f79f4eaa0>,4,2,[8 1],7,7,9,0,7
1,<environment.Job instance at 0x146f757893c0>,4,2,[ 1 13],7,40,42,33,40
1,<environment.Job instance at 0x146f75789e10>,5,3,[6 1],9,42,45,33,42
1,<environment.Job instance at 0x146f76565d70>,3,1,[2 7],5,5,6,0,5
1,<environment.Job instance at 0x146f757896e0>,4,2,[2 7],6,6,8,0,6
1,<environment.Job instance at 0x146f95382370>,5,2,[2 7],7,7,9,0,7
1,<environment.Job instance at 0x146fcfef6af0>,2,1,[2 7],3,3,4,0,3
1,<environment.Job instance at 0x146f8135deb0>,2,1,[2 5],3,3,4,0,3
1,<environment.Job instance at 0x146f961b8730>,3,1,[6 2],4,4,5,0,4
1,<environment.Job instance at 0x146f961b8960>,4,2,[7 2],5,5,7,0,5
1,<environment.Job instance at 0x146f961b83c0>,7,1,[2 6],8,8,9,0,8
1,<environment.Job instance at 0x146f732fe780>,4,2,[8 1],7,7,9,0,7
1,<environment.Job instance at 0x146f753dddc0>,4,2,[ 1 13],7,40,42,33,40
1,<environment.Job instance at 0x146f745a6c80>,5,3,[6 1],9,42,45,33,42
1,<environment.Job instance at 0x146f72b1ffa0>,3,1,[2 7],5,5,6,0,5
1,<environment.Job instance at 0x146f72e777d0>,4,2,[2 7],6,6,8,0,6
1,<environment.Job instance at 0x146f72e77af0>,5,2,[2 7],7,7,9,0,7
1,<environment.Job instance at 0x146f72e77e60>,2,1,[2 7],3,3,4,0,3
1,<environment.Job instance at 0x146f8268bd20>,2,1,[2 5],3,3,4,0,3
1,<environment.Job instance at 0x146f73a09640>,3,1,[6 2],4,4,5,0,4
1,<environment.Job instance at 0x146f76f89550>,4,2,[7 2],5,5,7,0,5
1,<environment.Job instance at 0x146f74da0280>,0,2,[6 1],1,1,3,0,1
1,<environment.Job instance at 0x146f74da00a0>,3,3,[1 8],4,4,7,0,4
1,<environment.Job instance at 0x146f74da0050>,4,2,[8 1],7,7,9,0,7
1,<environment.Job instance at 0x146f79d84690>,5,2,[ 1 10],8,8,10,0,8
1,<environment.Job instance at 0x146f7a392e60>,4,2,[ 1 13],7,44,46,37,44
1,<environment.Job instance at 0x146f70fb0e10>,5,3,[6 1],9,45,48,36,45
1,<environment.Job instance at 0x146fcc26d190>,5,2,[2 7],7,7,9,0,7
1,<environment.Job instance at 0x146f763d6fa0>,2,1,[2 7],3,3,4,0,3
1,<environment.Job instance at 0x146f76b5d780>,2,1,[2 5],3,3,4,0,3
1,<environment.Job instance at 0x146f779794b0>,3,1,[6 2],4,4,5,0,4
1,<environment.Job instance at 0x146f950752d0>,4,2,[7 2],5,5,7,0,5
1,<environment.Job instance at 0x146f732fee10>,0,2,[6 1],1,1,3,0,1
1,<environment.Job instance at 0x146f78731dc0>,4,2,[8 1],7,7,9,0,7
1,<environment.Job instance at 0x146f79b5bcd0>,5,2,[ 1 10],8,8,10,0,8
1,<environment.Job instance at 0x146f79b5ba50>,4,2,[ 1 13],7,55,57,48,55
1,<environment.Job instance at 0x146f6ffedbe0>,0,2,[8 1],1,1,3,0,1
1,<environment.Job instance at 0x146f79b5b690>,2,1,[2 7],3,3,4,0,3
1,<environment.Job instance at 0x146fcc6b0190>,2,1,[2 5],3,3,4,0,3
1,<environment.Job instance at 0x146f96e43e60>,3,1,[6 2],4,4,5,0,4
1,<environment.Job instance at 0x146f96e43500>,4,2,[7 2],5,5,7,0,5
1,<environment.Job instance at 0x146f8154a190>,0,2,[6 1],1,1,3,0,1
1,<environment.Job instance at 0x146f8154a280>,4,2,[8 1],7,7,9,0,7
1,<environment.Job instance at 0x146f760db730>,5,2,[ 1 10],8,8,10,0,8
1,<environment.Job instance at 0x146f7b75ecd0>,4,2,[ 1 13],7,190,192,183,190
1,<environment.Job instance at 0x146f732610a0>,3,1,[2 7],5,6,7,1,6
1,<environment.Job instance at 0x146f76bc0370>,2,1,[2 7],3,3,4,0,3
1,<environment.Job instance at 0x146f7732d550>,2,1,[2 5],3,3,4,0,3
1,<environment.Job instance at 0x146f83c8a870>,3,1,[6 2],4,4,5,0,4
1,<environment.Job instance at 0x146fcd373cd0>,0,2,[6 1],1,1,3,0,1
1,<environment.Job instance at 0x146f7257bd70>,4,2,[8 1],7,7,9,0,7
1,<environment.Job instance at 0x146f717904b0>,5,2,[ 1 10],8,8,10,0,8
1,<environment.Job instance at 0x146f82ba8e10>,4,2,[ 1 13],7,190,192,183,190
1,<environment.Job instance at 0x146f70b3a820>,2,1,[2 7],3,3,4,0,3
1,<environment.Job instance at 0x146f7777fcd0>,2,1,[2 5],3,3,4,0,3
1,<environment.Job instance at 0x146f73d300f0>,3,1,[6 2],4,4,5,0,4
1,<environment.Job instance at 0x146fc80e5eb0>,0,2,[6 1],1,1,3,0,1
1,<environment.Job instance at 0x146f97370b90>,4,2,[8 1],7,7,9,0,7
1,<environment.Job instance at 0x146f707ead20>,5,2,[ 1 10],8,8,10,0,8
1,<environment.Job instance at 0x146f6fb2ae60>,4,2,[ 1 13],7,190,192,183,190
1,<environment.Job instance at 0x146f7511bc30>,2,1,[2 7],3,3,4,0,3
1,<environment.Job instance at 0x146f73c20aa0>,2,1,[2 5],3,3,4,0,3
1,<environment.Job instance at 0x146f70dee910>,3,1,[6 2],4,4,5,0,4
1,<environment.Job instance at 0x146f7b26adc0>,0,2,[6 1],1,1,3,0,1
1,<environment.Job instance at 0x146f6f04f690>,4,2,[8 1],7,7,9,0,7
1,<environment.Job instance at 0x146f7ae59e60>,5,2,[ 1 10],8,8,10,0,8
1,<environment.Job instance at 0x146f7356e320>,4,2,[ 1 13],7,190,192,183,190
1,<environment.Job instance at 0x146f6fda40a0>,2,1,[2 7],3,3,4,0,3
1,<environment.Job instance at 0x146f7a578730>,2,1,[2 5],3,3,4,0,3
1,<environment.Job instance at 0x146fceec84b0>,3,1,[6 2],4,4,5,0,4
1,<environment.Job instance at 0x146fce78acd0>,0,2,[6 1],1,1,3,0,1
1,<environment.Job instance at 0x146f7802cd70>,4,2,[8 1],7,7,9,0,7
1,<environment.Job instance at 0x146f77ce4460>,5,2,[ 1 10],8,8,10,0,8
1,<environment.Job instance at 0x146f83437370>,4,2,[ 1 13],7,190,192,183,190
1,<environment.Job instance at 0x146f6eddb870>,2,1,[2 7],3,3,4,0,3
1,<environment.Job instance at 0x146f81a2b780>,2,1,[2 5],3,3,4,0,3
1,<environment.Job instance at 0x146fcd805aa0>,3,1,[6 2],4,4,5,0,4
1,<environment.Job instance at 0x146f75c8ca50>,0,2,[6 1],1,1,3,0,1
1,<environment.Job instance at 0x146f75c8ceb0>,4,2,[8 1],7,7,9,0,7
1,<environment.Job instance at 0x146f6f0edaa0>,5,2,[ 1 10],8,8,10,0,8
1,<environment.Job instance at 0x146f76831870>,4,2,[ 1 13],7,190,192,183,190
1,<environment.Job instance at 0x146f76eea1e0>,2,1,[2 7],3,3,4,0,3
1,<environment.Job instance at 0x146f942f4370>,2,1,[2 5],3,3,4,0,3
1,<environment.Job instance at 0x146f70ece230>,3,1,[6 2],4,4,5,0,4
1,<environment.Job instance at 0x146f70ece870>,4,2,[7 2],5,5,7,0,5
1,<environment.Job instance at 0x146f70eea190>,0,2,[6 1],1,1,3,0,1
1,<environment.Job instance at 0x146f80c5fa00>,4,2,[8 1],7,7,9,0,7
1,<environment.Job instance at 0x146f972077d0>,5,2,[ 1 10],8,8,10,0,8
1,<environment.Job instance at 0x146f8366b690>,4,2,[ 1 13],7,190,192,183,190
1,<environment.Job instance at 0x146f706a8f00>,2,1,[2 7],3,3,4,0,3
1,<environment.Job instance at 0x146f72c7adc0>,2,1,[2 5],3,3,4,0,3
1,<environment.Job instance at 0x146f7a95f370>,3,1,[6 2],4,4,5,0,4
1,<environment.Job instance at 0x146f7a95f5f0>,4,2,[7 2],5,5,7,0,5
1,<environment.Job instance at 0x146f73e773c0>,0,2,[6 1],1,1,3,0,1
1,<environment.Job instance at 0x146f72b04320>,4,2,[8 1],7,7,9,0,7
1,<environment.Job instance at 0x146f79f6a780>,5,2,[ 1 10],8,8,10,0,8
1,<environment.Job instance at 0x146fcd2e3320>,2,2,[10  1],5,5,7,0,5
1,<environment.Job instance at 0x146f6b709640>,4,2,[ 1 13],7,175,177,168,175
1,<environment.Job instance at 0x146f96b9a500>,2,2,[2 8],4,4,6,0,4
1,<environment.Job instance at 0x146f6b709d20>,3,1,[2 7],5,5,6,0,5
1,<environment.Job instance at 0x146f9553e3c0>,2,1,[2 7],3,3,4,0,3
1,<environment.Job instance at 0x146f7490ee60>,2,1,[2 5],3,3,4,0,3
1,<environment.Job instance at 0x146f94aca320>,3,1,[6 2],4,4,5,0,4
1,<environment.Job instance at 0x146f6fed0050>,7,1,[2 6],8,9,10,1,9
1,<environment.Job instance at 0x146f80d574b0>,4,2,[8 1],7,7,9,0,7
1,<environment.Job instance at 0x146f6e5235a0>,4,2,[ 1 13],7,44,46,37,44
1,<environment.Job instance at 0x146f6e5230a0>,5,3,[6 1],9,45,48,36,45
1,<environment.Job instance at 0x146f74baec80>,2,1,[2 7],3,3,4,0,3
1,<environment.Job instance at 0x146fcec7fc80>,2,1,[2 5],3,3,4,0,3
1,<environment.Job instance at 0x146f73baff50>,3,1,[6 2],4,4,5,0,4
1,<environment.Job instance at 0x146f771902d0>,0,2,[6 1],1,1,3,0,1
1,<environment.Job instance at 0x146f77190be0>,4,2,[8 1],7,7,9,0,7
1,<environment.Job instance at 0x146f808628c0>,5,2,[ 1 10],8,8,10,0,8
1,<environment.Job instance at 0x146f738bea50>,4,2,[ 1 13],7,175,177,168,175
1,<environment.Job instance at 0x146f6f7eea00>,3,1,[2 7],5,5,6,0,5
1,<environment.Job instance at 0x146f6fbb8b40>,2,1,[2 7],3,3,4,0,3
1,<environment.Job instance at 0x146f725b0c80>,2,1,[2 5],3,3,4,0,3
1,<environment.Job instance at 0x146f801b8320>,3,1,[6 2],4,4,5,0,4
1,<environment.Job instance at 0x146f6ea9a0f0>,0,2,[6 1],1,1,3,0,1
1,<environment.Job instance at 0x146f6e84ac30>,4,2,[8 1],7,7,9,0,7
1,<environment.Job instance at 0x146f970ef320>,5,2,[ 1 10],8,8,10,0,8
1,<environment.Job instance at 0x146f82b625a0>,4,2,[ 1 13],7,190,192,183,190
1,<environment.Job instance at 0x146f8168a910>,3,1,[2 7],5,6,7,1,6
1,<environment.Job instance at 0x146f6f3a0eb0>,2,1,[2 7],3,3,4,0,3
1,<environment.Job instance at 0x146f749f6c80>,2,1,[2 5],3,3,4,0,3
1,<environment.Job instance at 0x146f72a57730>,3,1,[6 2],4,4,5,0,4
1,<environment.Job instance at 0x146f816ccaa0>,0,2,[6 1],1,1,3,0,1
1,<environment.Job instance at 0x146f712f67d0>,4,2,[8 1],7,7,9,0,7
1,<environment.Job instance at 0x146f719f03c0>,5,2,[ 1 10],8,8,10,0,8
1,<environment.Job instance at 0x146f6de6fb90>,4,2,[ 1 13],7,468,470,461,468
1,<environment.Job instance at 0x146f71790500>,2,1,[2 7],3,3,4,0,3
1,<environment.Job instance at 0x146f73274140>,2,1,[2 5],3,3,4,0,3
1,<environment.Job instance at 0x146f779b0f50>,3,1,[6 2],4,4,5,0,4
1,<environment.Job instance at 0x146f814a1730>,0,2,[6 1],1,1,3,0,1
1,<environment.Job instance at 0x146f814a1a00>,4,2,[8 1],7,7,9,0,7
1,<environment.Job instance at 0x146f6ed3c5a0>,5,2,[ 1 10],8,8,10,0,8
1,<environment.Job instance at 0x146f755b3aa0>,4,2,[ 1 13],7,35,37,28,35
1,<environment.Job instance at 0x146f741b40f0>,2,2,[2 8],4,4,6,0,4
1,<environment.Job instance at 0x146f7be10230>,3,1,[2 7],5,5,6,0,5
1,<environment.Job instance at 0x146f74c536e0>,4,2,[2 7],6,6,8,0,6
1,<environment.Job instance at 0x146f77701f00>,2,1,[2 7],3,3,4,0,3
1,<environment.Job instance at 0x146f6eb574b0>,2,1,[2 5],3,3,4,0,3
1,<environment.Job instance at 0x146f6eb575f0>,3,1,[6 2],4,4,5,0,4
1,<environment.Job instance at 0x146f8160feb0>,0,2,[6 1],1,1,3,0,1
1,<environment.Job instance at 0x146f73c4bfa0>,4,2,[8 1],7,7,9,0,7
1,<environment.Job instance at 0x146fcdb7cd70>,5,2,[ 1 10],8,8,10,0,8
1,<environment.Job instance at 0x146f96693c80>,4,2,[ 1 13],7,44,46,37,44
1,<environment.Job instance at 0x146f96693b40>,5,3,[6 1],9,50,53,41,50
1,<environment.Job instance at 0x146f6e40da50>,2,1,[2 7],3,3,4,0,3
1,<environment.Job instance at 0x146f80299370>,2,1,[2 5],3,3,4,0,3
1,<environment.Job instance at 0x146f746e74b0>,3,1,[6 2],4,4,5,0,4
1,<environment.Job instance at 0x146f6f841eb0>,0,2,[6 1],1,1,3,0,1
1,<environment.Job instance at 0x146f6f841050>,4,2,[8 1],7,7,9,0,7
1,<environment.Job instance at 0x146f75393f50>,5,2,[ 1 10],8,8,10,0,8
1,<environment.Job instance at 0x146f8353deb0>,4,2,[ 1 13],7,56,58,49,56
1,<environment.Job instance at 0x146f8353d5f0>,5,3,[6 1],9,65,68,56,65
1,<environment.Job instance at 0x146f94dc43c0>,0,2,[8 1],1,1,3,0,1
1,<environment.Job instance at 0x146f94dc4a00>,2,2,[2 8],4,4,6,0,4
1,<environment.Job instance at 0x146f7bedcdc0>,3,1,[2 7],5,5,6,0,5
1,<environment.Job instance at 0x146f7965baf0>,2,1,[2 7],3,3,4,0,3
1,<environment.Job instance at 0x146f6da71370>,2,1,[2 5],3,3,4,0,3
1,<environment.Job instance at 0x146f6da71e60>,3,1,[6 2],4,4,5,0,4
1,<environment.Job instance at 0x146f71c54280>,0,2,[6 1],1,1,3,0,1
1,<environment.Job instance at 0x146f709fef00>,4,2,[8 1],7,7,9,0,7
1,<environment.Job instance at 0x146f943caf50>,5,2,[ 1 10],8,8,10,0,8
1,<environment.Job instance at 0x146f75e580a0>,4,2,[ 1 13],7,175,177,168,175
1,<environment.Job instance at 0x146f729e3690>,3,1,[2 7],5,5,6,0,5
1,<environment.Job instance at 0x146f779f9820>,2,1,[2 7],3,3,4,0,3
1,<environment.Job instance at 0x146f6d904cd0>,2,1,[2 5],3,3,4,0,3
1,<environment.Job instance at 0x146f71ecc0a0>,3,1,[6 2],4,4,5,0,4
1,<environment.Job instance at 0x146f82418460>,0,2,[6 1],1,1,3,0,1
1,<environment.Job instance at 0x146f95e614b0>,4,2,[8 1],7,7,9,0,7
1,<environment.Job instance at 0x146fcc643960>,5,2,[ 1 10],8,8,10,0,8
1,<environment.Job instance at 0x146f767f3960>,4,2,[ 1 13],7,175,177,168,175
1,<environment.Job instance at 0x146f70b277d0>,3,1,[2 7],5,5,6,0,5
1,<environment.Job instance at 0x146f745b2af0>,2,1,[2 7],3,3,4,0,3
1,<environment.Job instance at 0x146f80071a50>,2,1,[2 5],3,3,4,0,3
1,<environment.Job instance at 0x146f6e649e60>,3,1,[6 2],4,4,5,0,4
1,<environment.Job instance at 0x146f6eff7e10>,0,2,[6 1],1,1,3,0,1
1,<environment.Job instance at 0x146f8103ec30>,4,2,[8 1],7,7,9,0,7
1,<environment.Job instance at 0x146f744d0c80>,5,2,[ 1 10],8,8,10,0,8
1,<environment.Job instance at 0x146f6ff50cd0>,4,2,[ 1 13],7,175,177,168,175
1,<environment.Job instance at 0x146f6ca5f230>,3,1,[2 7],5,5,6,0,5
1,<environment.Job instance at 0x146fced34f00>,2,1,[2 7],3,3,4,0,3
1,<environment.Job instance at 0x146f6ebc0190>,2,1,[2 5],3,3,4,0,3
1,<environment.Job instance at 0x146f6f6cdfa0>,3,1,[6 2],4,4,5,0,4
1,<environment.Job instance at 0x146f7840d050>,0,2,[6 1],1,1,3,0,1
1,<environment.Job instance at 0x146f79a6cc30>,4,2,[8 1],7,7,9,0,7
1,<environment.Job instance at 0x146f79a6ce60>,5,2,[ 1 10],8,8,10,0,8
1,<environment.Job instance at 0x146f76043af0>,4,2,[ 1 13],7,645,647,638,645
1,<environment.Job instance at 0x146f82c2da50>,0,2,[8 1],1,1,3,0,1
1,<environment.Job instance at 0x146f7aa5b910>,4,2,[2 7],6,6,8,0,6
1,<environment.Job instance at 0x146f7029c230>,2,1,[2 7],3,3,4,0,3
1,<environment.Job instance at 0x146f772c9aa0>,2,1,[2 5],3,3,4,0,3
1,<environment.Job instance at 0x146f6e1c2af0>,3,1,[6 2],4,4,5,0,4
1,<environment.Job instance at 0x146f94fbb780>,0,2,[6 1],1,1,3,0,1
1,<environment.Job instance at 0x146f6fa87aa0>,4,2,[8 1],7,7,9,0,7
1,<environment.Job instance at 0x146f75e95410>,5,2,[ 1 10],8,8,10,0,8
1,<environment.Job instance at 0x146f7b8b8190>,4,2,[ 1 13],7,44,46,37,44
1,<environment.Job instance at 0x146f94908460>,5,3,[6 1],9,50,53,41,50
1,<environment.Job instance at 0x146f6dba5aa0>,2,1,[2 7],3,3,4,0,3
1,<environment.Job instance at 0x146f7a3dd5f0>,3,1,[6 2],4,4,5,0,4
1,<environment.Job instance at 0x146f6d6f6460>,0,2,[6 1],1,1,3,0,1
1,<environment.Job instance at 0x146f6d6f6f50>,4,2,[8 1],7,7,9,0,7
1,<environment.Job instance at 0x146f713a3d70>,4,2,[ 1 13],7,779,781,772,779
1,<environment.Job instance at 0x146f752cf2d0>,0,2,[8 1],1,1,3,0,1
1,<environment.Job instance at 0x146f7311cc80>,3,1,[2 7],5,5,6,0,5
1,<environment.Job instance at 0x146f82144910>,2,1,[2 7],3,3,4,0,3
1,<environment.Job instance at 0x146f7a429a50>,2,1,[2 5],3,3,4,0,3
1,<environment.Job instance at 0x146f6e1968c0>,3,1,[6 2],4,4,5,0,4
1,<environment.Job instance at 0x146f6e78c3c0>,0,2,[6 1],1,1,3,0,1
1,<environment.Job instance at 0x146f6e78c690>,4,2,[8 1],7,7,9,0,7
1,<environment.Job instance at 0x146f72133230>,4,2,[ 1 13],7,645,647,638,645
1,<environment.Job instance at 0x146f7274e5a0>,2,1,[2 7],3,3,4,0,3
1,<environment.Job instance at 0x146f6e729b90>,2,1,[2 5],3,3,4,0,3
1,<environment.Job instance at 0x146f6feb0be0>,3,1,[6 2],4,4,5,0,4
1,<environment.Job instance at 0x146fcd2b0cd0>,0,2,[6 1],1,1,3,0,1
1,<environment.Job instance at 0x146f83c2f730>,4,2,[8 1],7,7,9,0,7
1,<environment.Job instance at 0x146f7a891190>,5,2,[ 1 10],8,8,10,0,8
1,<environment.Job instance at 0x146f77197460>,4,2,[ 1 13],7,468,470,461,468
1,<environment.Job instance at 0x146f6ef00280>,3,1,[2 7],5,5,6,0,5
1,<environment.Job instance at 0x146f6fa1ff00>,4,2,[2 7],6,6,8,0,6
1,<environment.Job instance at 0x146f778eb870>,5,2,[2 7],7,7,9,0,7
1,<environment.Job instance at 0x146f706b3a00>,2,1,[2 7],3,3,4,0,3
1,<environment.Job instance at 0x146f72837500>,2,1,[2 5],3,3,4,0,3
1,<environment.Job instance at 0x146f6cedbc30>,3,1,[6 2],4,4,5,0,4
1,<environment.Job instance at 0x146f773f4a00>,0,2,[6 1],1,1,3,0,1
1,<environment.Job instance at 0x146f773f48c0>,4,2,[8 1],7,7,9,0,7
1,<environment.Job instance at 0x146f76c965a0>,5,2,[ 1 10],8,8,10,0,8
1,<environment.Job instance at 0x146f6d86a640>,4,2,[ 1 13],7,56,58,49,56
1,<environment.Job instance at 0x146f75b9e870>,0,2,[8 1],1,1,3,0,1
1,<environment.Job instance at 0x146f831dd730>,3,1,[2 7],5,5,6,0,5
1,<environment.Job instance at 0x146f730bdf50>,2,1,[2 7],3,3,4,0,3
1,<environment.Job instance at 0x146f6b79c410>,2,1,[2 5],3,3,4,0,3
1,<environment.Job instance at 0x146f6c2015f0>,3,1,[6 2],4,4,5,0,4
1,<environment.Job instance at 0x146f6c01c0f0>,0,2,[6 1],1,1,3,0,1
1,<environment.Job instance at 0x146f6c01caa0>,4,2,[8 1],7,7,9,0,7
1,<environment.Job instance at 0x146f6c056140>,5,2,[ 1 10],8,8,10,0,8
1,<environment.Job instance at 0x146f6c02f3c0>,2,2,[10  1],5,5,7,0,5
1,<environment.Job instance at 0x146f75c807d0>,4,2,[ 1 13],7,13,15,6,13
1,<environment.Job instance at 0x146f70530050>,0,2,[8 1],1,1,3,0,1
1,<environment.Job instance at 0x146f70530af0>,2,2,[2 8],4,4,6,0,4
1,<environment.Job instance at 0x146f814bdd70>,3,1,[2 7],5,5,6,0,5
1,<environment.Job instance at 0x146f814bd370>,4,2,[2 7],6,6,8,0,6
1,<environment.Job instance at 0x146f6c033c80>,2,1,[2 7],3,3,4,0,3
1,<environment.Job instance at 0x146f6b83a280>,2,1,[2 5],3,3,4,0,3
1,<environment.Job instance at 0x146f6c2d8730>,3,1,[6 2],4,4,5,0,4
1,<environment.Job instance at 0x146f6c406730>,0,2,[6 1],1,1,3,0,1
1,<environment.Job instance at 0x146f6c406870>,4,2,[8 1],7,7,9,0,7
1,<environment.Job instance at 0x146f7512c5f0>,5,2,[ 1 10],8,8,10,0,8
1,<environment.Job instance at 0x146f7336d8c0>,4,2,[ 1 13],7,56,58,49,56
1,<environment.Job instance at 0x146f7039a960>,0,2,[8 1],1,1,3,0,1
1,<environment.Job instance at 0x146f7336dbe0>,2,2,[2 8],4,4,6,0,4
1,<environment.Job instance at 0x146f6fb5d320>,3,1,[2 7],5,5,6,0,5
1,<environment.Job instance at 0x146f824fe960>,2,1,[2 7],3,3,4,0,3
1,<environment.Job instance at 0x146f81f46b40>,2,1,[2 5],3,3,4,0,3
1,<environment.Job instance at 0x146f734a1190>,3,1,[6 2],4,4,5,0,4
1,<environment.Job instance at 0x146f76e70370>,0,2,[6 1],1,1,3,0,1
1,<environment.Job instance at 0x146f76e70280>,4,2,[8 1],7,7,9,0,7
1,<environment.Job instance at 0x146f94a37640>,5,2,[ 1 10],8,8,10,0,8
1,<environment.Job instance at 0x146f76aa3230>,2,2,[10  1],5,5,7,0,5
1,<environment.Job instance at 0x146f6c4060a0>,4,2,[ 1 13],7,56,58,49,56
1,<environment.Job instance at 0x146f6f7303c0>,0,2,[8 1],1,1,3,0,1
1,<environment.Job instance at 0x146fcc213550>,3,1,[2 7],5,5,6,0,5
1,<environment.Job instance at 0x146fcda5df00>,2,1,[2 7],3,3,4,0,3
1,<environment.Job instance at 0x146f72103c80>,2,1,[2 5],3,3,4,0,3
1,<environment.Job instance at 0x146f77c47410>,3,1,[6 2],4,4,5,0,4
1,<environment.Job instance at 0x146f79311b40>,0,2,[6 1],1,1,3,0,1
1,<environment.Job instance at 0x146f7aa9ae60>,4,2,[8 1],7,7,9,0,7
1,<environment.Job instance at 0x146fccefc730>,5,2,[ 1 10],8,8,10,0,8
1,<environment.Job instance at 0x146f751ffa00>,2,2,[10  1],5,5,7,0,5
1,<environment.Job instance at 0x146f6c26e780>,4,2,[ 1 13],7,1169,1171,1162,1169
1,<environment.Job instance at 0x146f80211a00>,0,2,[8 1],1,1,3,0,1
1,<environment.Job instance at 0x146f74a4ee10>,3,1,[2 7],5,5,6,0,5
1,<environment.Job instance at 0x146f82157e10>,2,1,[2 7],3,3,4,0,3
1,<environment.Job instance at 0x146f81f10f00>,2,1,[2 5],3,3,4,0,3
1,<environment.Job instance at 0x146f79e08aa0>,3,1,[6 2],4,4,5,0,4
1,<environment.Job instance at 0x146f67f2ac80>,0,2,[6 1],1,1,3,0,1
1,<environment.Job instance at 0x146f94605870>,4,2,[8 1],7,7,9,0,7
1,<environment.Job instance at 0x146f966c4500>,5,2,[ 1 10],8,8,10,0,8
1,<environment.Job instance at 0x146f6f9498c0>,2,2,[10  1],5,5,7,0,5
1,<environment.Job instance at 0x146f6c9695a0>,4,2,[ 1 13],7,1027,1029,1020,1027
1,<environment.Job instance at 0x146f83053780>,3,1,[2 7],5,5,6,0,5
1,<environment.Job instance at 0x146f80bfae10>,2,1,[2 7],3,3,4,0,3
1,<environment.Job instance at 0x146f7af085a0>,2,1,[2 5],3,3,4,0,3
1,<environment.Job instance at 0x146f6f3314b0>,3,1,[6 2],4,4,5,0,4
1,<environment.Job instance at 0x146f945663c0>,0,2,[6 1],1,1,3,0,1
1,<environment.Job instance at 0x146f94566dc0>,4,2,[8 1],7,7,9,0,7
1,<environment.Job instance at 0x146f94566d20>,5,2,[ 1 10],8,8,10,0,8
1,<environment.Job instance at 0x146f94566d20>,2,2,[10  1],5,5,7,0,5
1,<environment.Job instance at 0x146fce334190>,4,2,[ 1 13],7,13,15,6,13
1,<environment.Job instance at 0x146f78fa8f00>,0,2,[8 1],1,1,3,0,1
1,<environment.Job instance at 0x146f70702690>,2,2,[2 8],4,4,6,0,4
1,<environment.Job instance at 0x146f82513be0>,3,1,[2 7],5,5,6,0,5
1,<environment.Job instance at 0x146f82513f50>,4,2,[2 7],6,6,8,0,6
1,<environment.Job instance at 0x146fcd249730>,2,1,[2 7],3,3,4,0,3
1,<environment.Job instance at 0x146f6f8258c0>,2,1,[2 5],3,3,4,0,3
1,<environment.Job instance at 0x146f77448f50>,3,1,[6 2],4,4,5,0,4
1,<environment.Job instance at 0x146f763b4cd0>,0,2,[6 1],1,1,3,0,1
1,<environment.Job instance at 0x146f763b4280>,4,2,[8 1],7,7,9,0,7
1,<environment.Job instance at 0x146f682ee640>,5,2,[ 1 10],8,8,10,0,8
1,<environment.Job instance at 0x146f76bab2d0>,4,2,[ 1 13],7,175,177,168,175
1,<environment.Job instance at 0x146f6e166820>,3,1,[2 7],5,5,6,0,5
1,<environment.Job instance at 0x146f6f0dc910>,2,1,[2 7],3,3,4,0,3
1,<environment.Job instance at 0x146f7a6388c0>,2,1,[2 5],3,3,4,0,3
1,<environment.Job instance at 0x146f6df8d960>,3,1,[6 2],4,4,5,0,4
1,<environment.Job instance at 0x146f6c6e6320>,0,2,[6 1],1,1,3,0,1
1,<environment.Job instance at 0x146f77b28550>,4,2,[8 1],7,7,9,0,7
1,<environment.Job instance at 0x146f81fbdaa0>,4,2,[ 1 13],7,175,177,168,175
1,<environment.Job instance at 0x146f740f9c30>,3,1,[2 7],5,5,6,0,5
1,<environment.Job instance at 0x146f740f9690>,2,1,[2 7],3,3,4,0,3
1,<environment.Job instance at 0x146f6bda4140>,2,1,[2 5],3,3,4,0,3
1,<environment.Job instance at 0x146f6d0c8dc0>,3,1,[6 2],4,4,5,0,4
1,<environment.Job instance at 0x146f72813cd0>,0,2,[6 1],1,1,3,0,1
1,<environment.Job instance at 0x146f72813d20>,4,2,[8 1],7,7,9,0,7
1,<environment.Job instance at 0x146f6f143aa0>,4,2,[ 1 13],7,175,177,168,175
1,<environment.Job instance at 0x146f6fc26960>,3,1,[2 7],5,5,6,0,5
1,<environment.Job instance at 0x146fcc9368c0>,2,1,[2 5],3,3,4,0,3
1,<environment.Job instance at 0x146f6f02bf00>,3,1,[6 2],4,4,5,0,4
1,<environment.Job instance at 0x146f7129e190>,0,2,[6 1],1,1,3,0,1
1,<environment.Job instance at 0x146f7129e140>,4,2,[8 1],7,7,9,0,7
1,<environment.Job instance at 0x146f741b0d20>,4,2,[ 1 13],7,175,177,168,175
1,<environment.Job instance at 0x146f6c9b2910>,3,1,[2 7],5,5,6,0,5
1,<environment.Job instance at 0x146f6be0c050>,2,1,[2 5],3,3,4,0,3
1,<environment.Job instance at 0x146f74925dc0>,3,1,[6 2],4,4,5,0,4
1,<environment.Job instance at 0x146f6b305460>,0,2,[6 1],1,1,3,0,1
1,<environment.Job instance at 0x146f6a6ddfa0>,4,2,[8 1],7,7,9,0,7
1,<environment.Job instance at 0x146f6c2c7f50>,4,2,[ 1 13],7,175,177,168,175
1,<environment.Job instance at 0x146f70b79f50>,3,1,[2 7],5,5,6,0,5
1,<environment.Job instance at 0x146f721cb780>,2,1,[2 5],3,3,4,0,3
1,<environment.Job instance at 0x146f75359690>,3,1,[6 2],4,4,5,0,4
1,<environment.Job instance at 0x146f6fa03e60>,0,2,[6 1],1,1,3,0,1
1,<environment.Job instance at 0x146f6fa03f00>,4,2,[8 1],7,7,9,0,7
1,<environment.Job instance at 0x146f74ea7460>,5,2,[ 1 10],8,8,10,0,8
1,<environment.Job instance at 0x146fcd402f50>,4,2,[ 1 13],7,56,58,49,56
1,<environment.Job instance at 0x146f83318e60>,0,2,[8 1],1,1,3,0,1
1,<environment.Job instance at 0x146f73531050>,3,1,[2 7],5,5,6,0,5
1,<environment.Job instance at 0x146f7132da00>,2,1,[2 7],3,3,4,0,3
1,<environment.Job instance at 0x146f73dd4e10>,2,1,[2 5],3,3,4,0,3
1,<environment.Job instance at 0x146f75df6e60>,3,1,[6 2],4,4,5,0,4
1,<environment.Job instance at 0x146fcd30aaf0>,0,2,[6 1],1,1,3,0,1
1,<environment.Job instance at 0x146f95b48690>,4,2,[8 1],7,7,9,0,7
1,<environment.Job instance at 0x146f6c9409b0>,5,2,[ 1 10],8,8,10,0,8
1,<environment.Job instance at 0x146f7806bb90>,4,2,[ 1 13],7,56,58,49,56
1,<environment.Job instance at 0x146fcdec5b40>,0,2,[8 1],1,1,3,0,1
1,<environment.Job instance at 0x146f682e75a0>,2,1,[2 7],3,3,4,0,3
1,<environment.Job instance at 0x146f76d4b6e0>,2,1,[2 5],3,3,4,0,3
1,<environment.Job instance at 0x146f7b818fa0>,3,1,[6 2],4,4,5,0,4
1,<environment.Job instance at 0x146f6caf6c30>,0,2,[6 1],1,1,3,0,1
1,<environment.Job instance at 0x146f72d6ce10>,4,2,[8 1],7,7,9,0,7
1,<environment.Job instance at 0x146f6e1fcf50>,5,2,[ 1 10],8,8,10,0,8
1,<environment.Job instance at 0x146f6d03a0f0>,4,2,[ 1 13],7,56,58,49,56
1,<environment.Job instance at 0x146f6b3802d0>,0,2,[8 1],1,1,3,0,1
1,<environment.Job instance at 0x146f69fd95a0>,3,1,[2 7],5,5,6,0,5
1,<environment.Job instance at 0x146f6bcca3c0>,2,1,[2 7],3,3,4,0,3
1,<environment.Job instance at 0x146f6d6d55f0>,2,1,[2 5],3,3,4,0,3
1,<environment.Job instance at 0x146f742fbfa0>,3,1,[6 2],4,4,5,0,4
1,<environment.Job instance at 0x146f7905ce60>,0,2,[6 1],1,1,3,0,1
1,<environment.Job instance at 0x146f7905ce10>,4,2,[8 1],7,7,9,0,7
1,<environment.Job instance at 0x146f7905c780>,5,2,[ 1 10],8,8,10,0,8
1,<environment.Job instance at 0x146f75255370>,4,2,[ 1 13],7,56,58,49,56
1,<environment.Job instance at 0x146f6eef72d0>,0,2,[8 1],1,1,3,0,1
1,<environment.Job instance at 0x146f6bc93230>,2,2,[2 8],4,4,6,0,4
1,<environment.Job instance at 0x146f78397a50>,3,1,[2 7],5,5,6,0,5
1,<environment.Job instance at 0x146f81f460a0>,2,1,[2 7],3,3,4,0,3
1,<environment.Job instance at 0x146f75638690>,2,1,[2 5],3,3,4,0,3
1,<environment.Job instance at 0x146f6bfae780>,3,1,[6 2],4,4,5,0,4
1,<environment.Job instance at 0x146f6dfa18c0>,0,2,[6 1],1,1,3,0,1
1,<environment.Job instance at 0x146f75aecb90>,4,2,[8 1],7,7,9,0,7
1,<environment.Job instance at 0x146f75aec640>,5,2,[ 1 10],8,8,10,0,8
1,<environment.Job instance at 0x146fcc748c80>,4,2,[ 1 13],7,56,58,49,56
1,<environment.Job instance at 0x146f95692a50>,5,3,[6 1],9,65,68,56,65
1,<environment.Job instance at 0x146fce4a4c80>,0,2,[8 1],1,1,3,0,1
1,<environment.Job instance at 0x146f8196e960>,2,2,[2 8],4,4,6,0,4
1,<environment.Job instance at 0x146f94cc9280>,3,1,[2 7],5,5,6,0,5
1,<environment.Job instance at 0x146fcc415c80>,2,1,[2 7],3,3,4,0,3
1,<environment.Job instance at 0x146f6805c3c0>,2,1,[2 5],3,3,4,0,3
1,<environment.Job instance at 0x146f6a3d8410>,3,1,[6 2],4,4,5,0,4
1,<environment.Job instance at 0x146f6a392640>,0,2,[6 1],1,1,3,0,1
1,<environment.Job instance at 0x146f6bcfbd20>,4,2,[8 1],7,7,9,0,7
1,<environment.Job instance at 0x146f80cb74b0>,5,2,[ 1 10],8,8,10,0,8
1,<environment.Job instance at 0x146f6d0de9b0>,4,2,[ 1 13],7,56,58,49,56
1,<environment.Job instance at 0x146f6d0de960>,5,3,[6 1],9,65,68,56,65
1,<environment.Job instance at 0x146f6d0de6e0>,0,2,[8 1],1,1,3,0,1
1,<environment.Job instance at 0x146f6d0dedc0>,2,2,[2 8],4,4,6,0,4
1,<environment.Job instance at 0x146f6f13b9b0>,3,1,[2 7],5,5,6,0,5
1,<environment.Job instance at 0x146f6c155050>,2,1,[2 7],3,3,4,0,3
1,<environment.Job instance at 0x146f74a153c0>,2,1,[2 5],3,3,4,0,3
1,<environment.Job instance at 0x146f75028fa0>,3,1,[6 2],4,4,5,0,4
1,<environment.Job instance at 0x146f6f08b4b0>,0,2,[6 1],1,1,3,0,1
1,<environment.Job instance at 0x146f6b0344b0>,4,2,[8 1],7,7,9,0,7
1,<environment.Job instance at 0x146f70423140>,5,2,[ 1 10],8,8,10,0,8
1,<environment.Job instance at 0x146f71208eb0>,4,2,[ 1 13],7,56,58,49,56
1,<environment.Job instance at 0x146f745c8c80>,0,2,[8 1],1,1,3,0,1
1,<environment.Job instance at 0x146f74c64910>,2,2,[2 8],4,4,6,0,4
1,<environment.Job instance at 0x146f6d3c9b90>,3,1,[2 7],5,5,6,0,5
1,<environment.Job instance at 0x146f6be296e0>,2,1,[2 7],3,3,4,0,3
1,<environment.Job instance at 0x146f69d7b910>,2,1,[2 5],3,3,4,0,3
1,<environment.Job instance at 0x146f7a9427d0>,3,1,[6 2],4,4,5,0,4
1,<environment.Job instance at 0x146f94126730>,0,2,[6 1],1,1,3,0,1
1,<environment.Job instance at 0x146f6e01d370>,4,2,[8 1],7,7,9,0,7
1,<environment.Job instance at 0x146f6cf409b0>,5,2,[ 1 10],8,8,10,0,8
1,<environment.Job instance at 0x146f6aba0fa0>,4,2,[ 1 13],7,175,177,168,175
1,<environment.Job instance at 0x146f6ae2af50>,2,2,[2 8],4,4,6,0,4
1,<environment.Job instance at 0x146fcee67500>,3,1,[2 7],5,5,6,0,5
1,<environment.Job instance at 0x146f6dca6af0>,2,1,[2 7],3,3,4,0,3
1,<environment.Job instance at 0x146f6c40ebe0>,2,1,[2 5],3,3,4,0,3
1,<environment.Job instance at 0x146f69ddcd70>,3,1,[6 2],4,4,5,0,4
1,<environment.Job instance at 0x146f78f752d0>,0,2,[6 1],1,1,3,0,1
1,<environment.Job instance at 0x146f73f664b0>,4,2,[8 1],7,7,9,0,7
1,<environment.Job instance at 0x146f839ab4b0>,5,2,[ 1 10],8,8,10,0,8
1,<environment.Job instance at 0x146f82977a50>,4,2,[ 1 13],7,175,177,168,175
1,<environment.Job instance at 0x146f71d329b0>,3,1,[2 7],5,5,6,0,5
1,<environment.Job instance at 0x146f6d27eeb0>,2,1,[2 5],3,3,4,0,3
1,<environment.Job instance at 0x146f6bc24eb0>,3,1,[6 2],4,4,5,0,4
1,<environment.Job instance at 0x146f6b180230>,0,2,[6 1],1,1,3,0,1
1,<environment.Job instance at 0x146f6af18190>,4,2,[8 1],7,7,9,0,7
1,<environment.Job instance at 0x146f75e5f690>,5,2,[ 1 10],8,8,10,0,8
1,<environment.Job instance at 0x146f75676050>,4,2,[ 1 13],7,56,58,49,56
1,<environment.Job instance at 0x146f6b456230>,5,3,[6 1],9,65,68,56,65
1,<environment.Job instance at 0x146f743d05f0>,0,2,[8 1],1,1,3,0,1
1,<environment.Job instance at 0x146f743d0230>,3,1,[2 7],5,5,6,0,5
1,<environment.Job instance at 0x146f81f070f0>,2,1,[2 7],3,3,4,0,3
1,<environment.Job instance at 0x146f6b970be0>,2,1,[2 5],3,3,4,0,3
1,<environment.Job instance at 0x146f76aad5a0>,3,1,[6 2],4,4,5,0,4
1,<environment.Job instance at 0x146f74c90960>,0,2,[6 1],1,1,3,0,1
1,<environment.Job instance at 0x146f73a63e60>,4,2,[8 1],7,7,9,0,7
1,<environment.Job instance at 0x146f706ce230>,5,2,[ 1 10],8,8,10,0,8
1,<environment.Job instance at 0x146f758bd320>,4,2,[ 1 13],7,175,177,168,175
1,<environment.Job instance at 0x146f96d7e9b0>,2,2,[2 8],4,4,6,0,4
1,<environment.Job instance at 0x146f77f01b40>,3,1,[2 7],5,5,6,0,5
1,<environment.Job instance at 0x146f6b970eb0>,2,1,[2 5],3,3,4,0,3
1,<environment.Job instance at 0x146f6f58d690>,3,1,[6 2],4,4,5,0,4
1,<environment.Job instance at 0x146f6a6cc410>,0,2,[6 1],1,1,3,0,1
1,<environment.Job instance at 0x146f6a6cc140>,4,2,[8 1],7,7,9,0,7
1,<environment.Job instance at 0x146f692c0be0>,5,2,[ 1 10],8,8,10,0,8
1,<environment.Job instance at 0x146f79a4b190>,4,2,[ 1 13],7,56,58,49,56
1,<environment.Job instance at 0x146f69a5feb0>,5,3,[6 1],9,59,62,50,59
1,<environment.Job instance at 0x146f6e1e9e10>,0,2,[8 1],1,1,3,0,1
1,<environment.Job instance at 0x146f6b287820>,2,1,[2 7],3,3,4,0,3
1,<environment.Job instance at 0x146f701e00f0>,2,1,[2 5],3,3,4,0,3
1,<environment.Job instance at 0x146f7497cb90>,3,1,[6 2],4,4,5,0,4
1,<environment.Job instance at 0x146f9697d500>,0,2,[6 1],1,1,3,0,1
1,<environment.Job instance at 0x146f781c4d20>,4,2,[8 1],7,7,9,0,7
1,<environment.Job instance at 0x146f6feb8d70>,5,2,[ 1 10],8,8,10,0,8
1,<environment.Job instance at 0x146f811c7d70>,4,2,[ 1 13],7,56,58,49,56
1,<environment.Job instance at 0x146f6e581640>,0,2,[8 1],1,1,3,0,1
1,<environment.Job instance at 0x146f95c942d0>,2,2,[2 8],4,4,6,0,4
1,<environment.Job instance at 0x146f71282cd0>,3,1,[2 7],5,5,6,0,5
1,<environment.Job instance at 0x146f6c72b780>,2,1,[2 7],3,3,4,0,3
1,<environment.Job instance at 0x146f6fbea0a0>,2,1,[2 5],3,3,4,0,3
1,<environment.Job instance at 0x146fce32e140>,3,1,[6 2],4,4,5,0,4
1,<environment.Job instance at 0x146f794b7190>,0,2,[6 1],1,1,3,0,1
1,<environment.Job instance at 0x146f6a410730>,4,2,[8 1],7,7,9,0,7
1,<environment.Job instance at 0x146f6b5715f0>,5,2,[ 1 10],8,8,10,0,8
1,<environment.Job instance at 0x146f957548c0>,4,2,[ 1 13],7,56,58,49,56
1,<environment.Job instance at 0x146fccca4f00>,0,2,[8 1],1,1,3,0,1
1,<environment.Job instance at 0x146f6e94de10>,2,1,[2 7],3,3,4,0,3
1,<environment.Job instance at 0x146f689f8780>,2,1,[2 5],3,3,4,0,3
1,<environment.Job instance at 0x146f750c9460>,3,1,[6 2],4,4,5,0,4
1,<environment.Job instance at 0x146fd095d410>,4,2,[8 1],7,7,9,0,7
1,<environment.Job instance at 0x146f6c766d70>,4,2,[ 1 13],7,139,141,132,139
1,<environment.Job instance at 0x146f6e43d2d0>,0,2,[8 1],1,1,3,0,1
1,<environment.Job instance at 0x146f6f2dbc30>,3,1,[2 7],5,5,6,0,5
1,<environment.Job instance at 0x146f7467ef00>,5,2,[2 7],7,7,9,0,7
1,<environment.Job instance at 0x146f6d92e9b0>,2,1,[2 7],3,3,4,0,3
1,<environment.Job instance at 0x146fccf3de10>,2,1,[2 5],3,3,4,0,3
1,<environment.Job instance at 0x146fccf3d500>,3,1,[6 2],4,4,5,0,4
1,<environment.Job instance at 0x146f943abbe0>,4,2,[8 1],7,7,9,0,7
1,<environment.Job instance at 0x146f6a3ae3c0>,4,2,[ 1 13],7,139,141,132,139
1,<environment.Job instance at 0x146f6c0f47d0>,0,2,[8 1],1,1,3,0,1
1,<environment.Job instance at 0x146f73099190>,3,1,[2 7],5,5,6,0,5
1,<environment.Job instance at 0x146f7a1b59b0>,5,2,[2 7],7,7,9,0,7
1,<environment.Job instance at 0x146f7a1b57d0>,2,1,[2 7],3,3,4,0,3
1,<environment.Job instance at 0x146f75ee4960>,2,1,[2 5],3,3,4,0,3
1,<environment.Job instance at 0x146f70a3ec30>,3,1,[6 2],4,4,5,0,4
1,<environment.Job instance at 0x146f815ae8c0>,4,2,[8 1],7,7,9,0,7
1,<environment.Job instance at 0x146f81afe550>,4,2,[ 1 13],7,139,141,132,139
1,<environment.Job instance at 0x146f81afe640>,5,3,[6 1],9,142,145,133,142
1,<environment.Job instance at 0x146f6c5ca140>,0,2,[8 1],1,1,3,0,1
1,<environment.Job instance at 0x146f705eea00>,3,1,[2 7],5,5,6,0,5
1,<environment.Job instance at 0x146f705ee2d0>,5,2,[2 7],7,7,9,0,7
1,<environment.Job instance at 0x146f82549f00>,2,1,[2 7],3,3,4,0,3
1,<environment.Job instance at 0x146f6b6515a0>,2,1,[2 5],3,3,4,0,3
1,<environment.Job instance at 0x146f68e901e0>,3,1,[6 2],4,4,5,0,4
1,<environment.Job instance at 0x146f6c68a5f0>,4,2,[8 1],7,7,9,0,7
1,<environment.Job instance at 0x146f6e7d90f0>,4,2,[ 1 13],7,28,30,21,28
1,<environment.Job instance at 0x146f6e8690f0>,3,1,[2 7],5,5,6,0,5
1,<environment.Job instance at 0x146f6907cf00>,2,1,[2 5],3,3,4,0,3
1,<environment.Job instance at 0x146f70ada820>,3,1,[6 2],4,4,5,0,4
1,<environment.Job instance at 0x146f67ee3e10>,4,2,[8 1],7,7,9,0,7
1,<environment.Job instance at 0x146f67a22640>,4,2,[ 1 13],7,28,30,21,28
1,<environment.Job instance at 0x146f6f8497d0>,3,1,[2 7],5,5,6,0,5
1,<environment.Job instance at 0x146f725493c0>,2,1,[2 5],3,3,4,0,3
1,<environment.Job instance at 0x146f725499b0>,3,1,[6 2],4,4,5,0,4
1,<environment.Job instance at 0x146f814b33c0>,4,2,[8 1],7,7,9,0,7
1,<environment.Job instance at 0x146f6c99c780>,4,2,[ 1 13],7,28,30,21,28
1,<environment.Job instance at 0x146f7858b870>,3,1,[2 7],5,5,6,0,5
1,<environment.Job instance at 0x146f6f665c80>,2,1,[2 5],3,3,4,0,3
1,<environment.Job instance at 0x146f6961a0f0>,3,1,[6 2],4,4,5,0,4
1,<environment.Job instance at 0x146f6a537c30>,4,2,[8 1],7,7,9,0,7
1,<environment.Job instance at 0x146f74c800a0>,2,2,[10  1],5,5,7,0,5
1,<environment.Job instance at 0x146f66c50af0>,4,2,[ 1 13],7,28,30,21,28
1,<environment.Job instance at 0x146f69827550>,3,1,[2 7],5,5,6,0,5
1,<environment.Job instance at 0x146f6f5d0dc0>,2,1,[2 7],3,3,4,0,3
1,<environment.Job instance at 0x146f81f80550>,2,1,[2 5],3,3,4,0,3
1,<environment.Job instance at 0x146f80a709b0>,3,1,[6 2],4,4,5,0,4
1,<environment.Job instance at 0x146f69ce3960>,4,2,[8 1],7,7,9,0,7
1,<environment.Job instance at 0x146f6a3d2460>,2,2,[10  1],5,5,7,0,5
1,<environment.Job instance at 0x146f72ef93c0>,4,2,[ 1 13],7,28,30,21,28
1,<environment.Job instance at 0x146f75c2fc80>,3,1,[2 7],5,5,6,0,5
1,<environment.Job instance at 0x146f741568c0>,2,1,[2 7],3,3,4,0,3
1,<environment.Job instance at 0x146f794c60f0>,2,1,[2 5],3,3,4,0,3
1,<environment.Job instance at 0x146f68650050>,3,1,[6 2],4,4,5,0,4
1,<environment.Job instance at 0x146f69cb63c0>,4,2,[8 1],7,7,9,0,7
1,<environment.Job instance at 0x146fcc4f15f0>,2,2,[10  1],5,5,7,0,5
1,<environment.Job instance at 0x146f72779a50>,4,2,[ 1 13],7,122,124,115,122
1,<environment.Job instance at 0x146f6a65a370>,2,2,[2 8],4,4,6,0,4
1,<environment.Job instance at 0x146f6da55190>,3,1,[2 7],5,5,6,0,5
1,<environment.Job instance at 0x146f6da558c0>,4,2,[2 7],6,6,8,0,6
1,<environment.Job instance at 0x146f78eb1e60>,2,1,[2 7],3,3,4,0,3
1,<environment.Job instance at 0x146f67f8f0a0>,2,1,[2 5],3,3,4,0,3
1,<environment.Job instance at 0x146f6929aaf0>,3,1,[6 2],4,4,5,0,4
1,<environment.Job instance at 0x146f6f414e10>,4,2,[8 1],7,7,9,0,7
1,<environment.Job instance at 0x146f6bc9c9b0>,2,2,[10  1],5,5,7,0,5
1,<environment.Job instance at 0x146f72177d70>,4,2,[ 1 13],7,122,124,115,122
1,<environment.Job instance at 0x146f72177b90>,2,2,[2 8],4,4,6,0,4
1,<environment.Job instance at 0x146f79b5a960>,3,1,[2 7],5,5,6,0,5
1,<environment.Job instance at 0x146f79b5abe0>,4,2,[2 7],6,6,8,0,6
1,<environment.Job instance at 0x146f79065280>,2,1,[2 5],3,3,4,0,3
1,<environment.Job instance at 0x146f67c15dc0>,3,1,[6 2],4,4,5,0,4
1,<environment.Job instance at 0x146f66bbbf00>,4,2,[8 1],7,7,9,0,7
1,<environment.Job instance at 0x146f78462d20>,2,2,[10  1],5,5,7,0,5
1,<environment.Job instance at 0x146f66cfcbe0>,4,2,[ 1 13],7,122,124,115,122
1,<environment.Job instance at 0x146f6b7ff280>,2,2,[2 8],4,4,6,0,4
1,<environment.Job instance at 0x146f675e4b90>,3,1,[2 7],5,5,6,0,5
1,<environment.Job instance at 0x146f675e4410>,4,2,[2 7],6,6,8,0,6
1,<environment.Job instance at 0x146f7b7882d0>,2,1,[2 5],3,3,4,0,3
1,<environment.Job instance at 0x146f7013f0a0>,3,1,[6 2],4,4,5,0,4
1,<environment.Job instance at 0x146f71e32d20>,4,2,[8 1],7,7,9,0,7
1,<environment.Job instance at 0x146f6e63f6e0>,4,2,[ 1 13],7,122,124,115,122
1,<environment.Job instance at 0x146f6f7a3d20>,3,1,[2 7],5,5,6,0,5
1,<environment.Job instance at 0x146f6f7a3280>,4,2,[2 7],6,6,8,0,6
1,<environment.Job instance at 0x146f71fcf7d0>,2,1,[2 5],3,3,4,0,3
1,<environment.Job instance at 0x146f71fcf050>,3,1,[6 2],4,4,5,0,4
1,<environment.Job instance at 0x146f95aa41e0>,4,2,[8 1],7,7,9,0,7
1,<environment.Job instance at 0x146f6c96f2d0>,5,2,[ 1 10],8,8,10,0,8
1,<environment.Job instance at 0x146f6ae4a5f0>,2,2,[10  1],5,5,7,0,5
1,<environment.Job instance at 0x146f6b53b0a0>,4,2,[ 1 13],7,56,58,49,56
1,<environment.Job instance at 0x146f6d92ed20>,0,2,[8 1],1,1,3,0,1
1,<environment.Job instance at 0x146f963c4820>,2,1,[2 7],3,3,4,0,3
1,<environment.Job instance at 0x146f6bc224b0>,2,1,[2 5],3,3,4,0,3
1,<environment.Job instance at 0x146f7b5675f0>,3,1,[6 2],4,4,5,0,4
1,<environment.Job instance at 0x146f66abc730>,4,2,[8 1],7,7,9,0,7
1,<environment.Job instance at 0x146f74d81c80>,4,2,[ 1 13],7,28,30,21,28
1,<environment.Job instance at 0x146f6829ebe0>,3,1,[2 7],5,5,6,0,5
1,<environment.Job instance at 0x146f6d00fc30>,2,1,[2 5],3,3,4,0,3
1,<environment.Job instance at 0x146f6d00f5a0>,3,1,[6 2],4,4,5,0,4
1,<environment.Job instance at 0x146f728d61e0>,4,2,[8 1],7,7,9,0,7
1,<environment.Job instance at 0x146f6e44f0f0>,2,2,[10  1],5,5,7,0,5
1,<environment.Job instance at 0x146f81b1c370>,4,2,[ 1 13],7,28,30,21,28
1,<environment.Job instance at 0x146f667d1780>,3,1,[2 7],5,5,6,0,5
1,<environment.Job instance at 0x146f682de460>,2,1,[2 5],3,3,4,0,3
1,<environment.Job instance at 0x146f675edaf0>,3,1,[6 2],4,4,5,0,4
1,<environment.Job instance at 0x146f675d2a50>,0,2,[6 1],1,1,3,0,1
1,<environment.Job instance at 0x146f67dfb6e0>,3,3,[1 8],4,4,7,0,4
1,<environment.Job instance at 0x146f675d2640>,4,2,[8 1],7,7,9,0,7
1,<environment.Job instance at 0x146f67dfb320>,5,2,[ 1 10],8,8,10,0,8
1,<environment.Job instance at 0x146f66f02af0>,2,2,[10  1],5,5,7,0,5
1,<environment.Job instance at 0x146f76224780>,4,2,[ 1 13],7,9,11,2,9
1,<environment.Job instance at 0x146f672dcaa0>,2,2,[2 8],4,4,6,0,4
1,<environment.Job instance at 0x146f78a5d0f0>,3,1,[2 7],5,5,6,0,5
1,<environment.Job instance at 0x146f6d0b7190>,4,2,[2 7],6,6,8,0,6
1,<environment.Job instance at 0x146fcc9ad0a0>,2,1,[2 7],3,3,4,0,3
1,<environment.Job instance at 0x146f7483bdc0>,2,1,[2 5],3,3,4,0,3
1,<environment.Job instance at 0x146f7483b870>,3,1,[6 2],4,4,5,0,4
1,<environment.Job instance at 0x146f74cc60a0>,4,2,[8 1],7,7,9,0,7
1,<environment.Job instance at 0x146f75614280>,5,2,[ 1 10],8,8,10,0,8
1,<environment.Job instance at 0x146f6e1020a0>,2,2,[10  1],5,5,7,0,5
1,<environment.Job instance at 0x146f662cb730>,4,2,[ 1 13],7,13,15,6,13
1,<environment.Job instance at 0x146f662cb190>,5,3,[6 1],9,20,23,11,20
1,<environment.Job instance at 0x146f7571de10>,3,1,[2 7],5,5,6,0,5
1,<environment.Job instance at 0x146f6b377d70>,2,1,[2 5],3,3,4,0,3
1,<environment.Job instance at 0x146f97141410>,3,1,[6 2],4,4,5,0,4
1,<environment.Job instance at 0x146f74ea7dc0>,4,2,[8 1],7,7,9,0,7
1,<environment.Job instance at 0x146f68385a50>,5,2,[ 1 10],8,8,10,0,8
1,<environment.Job instance at 0x146f6e0485a0>,2,2,[10  1],5,5,7,0,5
1,<environment.Job instance at 0x146f682a8820>,4,2,[ 1 13],7,9,11,2,9
1,<environment.Job instance at 0x146f72c59f00>,2,2,[2 8],4,4,6,0,4
1,<environment.Job instance at 0x146f659ba320>,3,1,[2 7],5,5,6,0,5
1,<environment.Job instance at 0x146f65a0e780>,4,2,[2 7],6,6,8,0,6
1,<environment.Job instance at 0x146f7b7d63c0>,2,1,[2 7],3,3,4,0,3
1,<environment.Job instance at 0x146f64d4d410>,2,1,[2 5],3,3,4,0,3
1,<environment.Job instance at 0x146f64d787d0>,3,1,[6 2],4,4,5,0,4
1,<environment.Job instance at 0x146f78ff7b90>,4,2,[8 1],7,7,9,0,7
1,<environment.Job instance at 0x146f733ba9b0>,5,2,[ 1 10],8,8,10,0,8
1,<environment.Job instance at 0x146f711cfdc0>,2,2,[10  1],5,5,7,0,5
1,<environment.Job instance at 0x146f67eb0e10>,4,2,[ 1 13],7,9,11,2,9
1,<environment.Job instance at 0x146f672a9050>,2,2,[2 8],4,4,6,0,4
1,<environment.Job instance at 0x146f6688c5a0>,3,1,[2 7],5,5,6,0,5
1,<environment.Job instance at 0x146f64e826e0>,4,2,[2 7],6,6,8,0,6
1,<environment.Job instance at 0x146f813e2b40>,2,1,[2 7],3,3,4,0,3
1,<environment.Job instance at 0x146f6e9a06e0>,2,1,[2 5],3,3,4,0,3
1,<environment.Job instance at 0x146f79d6d780>,3,1,[6 2],4,4,5,0,4
1,<environment.Job instance at 0x146f81ff3500>,4,2,[8 1],7,7,9,0,7
1,<environment.Job instance at 0x146f6e027a00>,5,2,[ 1 10],8,8,10,0,8
1,<environment.Job instance at 0x146f6e027fa0>,2,2,[10  1],5,5,7,0,5
1,<environment.Job instance at 0x146f67841370>,4,2,[ 1 13],7,7,9,0,7
1,<environment.Job instance at 0x146f969f9460>,2,2,[2 8],4,4,6,0,4
1,<environment.Job instance at 0x146f82bd2230>,3,1,[2 7],5,5,6,0,5
1,<environment.Job instance at 0x146f69cbeeb0>,4,2,[2 7],6,6,8,0,6
1,<environment.Job instance at 0x146f76da7dc0>,2,1,[2 7],3,3,4,0,3
1,<environment.Job instance at 0x146f69f51aa0>,2,1,[2 5],3,3,4,0,3
1,<environment.Job instance at 0x146f7410ba50>,3,1,[6 2],4,4,5,0,4
1,<environment.Job instance at 0x146f66458b40>,4,2,[8 1],7,7,9,0,7
1,<environment.Job instance at 0x146f658326e0>,5,2,[ 1 10],8,8,10,0,8
1,<environment.Job instance at 0x146f65832a50>,2,2,[10  1],5,5,7,0,5
1,<environment.Job instance at 0x146f6e25a820>,4,2,[ 1 13],7,10,12,3,10
1,<environment.Job instance at 0x146f743bbf50>,2,2,[2 8],4,4,6,0,4
1,<environment.Job instance at 0x146f743bb960>,3,1,[2 7],5,5,6,0,5
1,<environment.Job instance at 0x146f80d72780>,4,2,[2 7],6,6,8,0,6
1,<environment.Job instance at 0x146f6ffb0d70>,2,1,[2 7],3,3,4,0,3
1,<environment.Job instance at 0x146fcc627be0>,2,1,[2 5],3,3,4,0,3
1,<environment.Job instance at 0x146f81540690>,3,1,[6 2],4,4,5,0,4
1,<environment.Job instance at 0x146f7aa253c0>,3,3,[1 8],4,4,7,0,4
1,<environment.Job instance at 0x146f6e354d20>,4,2,[8 1],7,7,9,0,7
1,<environment.Job instance at 0x146f6bf115a0>,5,2,[ 1 10],8,8,10,0,8
1,<environment.Job instance at 0x146f65319f50>,2,2,[10  1],5,5,7,0,5
1,<environment.Job instance at 0x146f6531e050>,4,2,[ 1 13],7,7,9,0,7
1,<environment.Job instance at 0x146f6531e0a0>,2,2,[2 8],4,4,6,0,4
1,<environment.Job instance at 0x146f6c9cfaf0>,3,1,[2 7],5,5,6,0,5
1,<environment.Job instance at 0x146f6c9cfdc0>,4,2,[2 7],6,6,8,0,6
1,<environment.Job instance at 0x146fcd3d8dc0>,2,1,[2 7],3,3,4,0,3
1,<environment.Job instance at 0x146f6b736460>,2,1,[2 5],3,3,4,0,3
1,<environment.Job instance at 0x146f680a9c80>,3,1,[6 2],4,4,5,0,4
1,<environment.Job instance at 0x146f6d878410>,4,2,[8 1],7,7,9,0,7
1,<environment.Job instance at 0x146f657a65f0>,5,2,[ 1 10],8,8,10,0,8
1,<environment.Job instance at 0x146f6e855d70>,2,2,[10  1],5,5,7,0,5
1,<environment.Job instance at 0x146f7b3976e0>,4,2,[ 1 13],7,10,12,3,10
1,<environment.Job instance at 0x146f671c7320>,2,2,[2 8],4,4,6,0,4
1,<environment.Job instance at 0x146f64d42410>,3,1,[2 7],5,5,6,0,5
1,<environment.Job instance at 0x146f67f775a0>,4,2,[2 7],6,6,8,0,6
1,<environment.Job instance at 0x146f667f2050>,2,1,[2 7],3,3,4,0,3
1,<environment.Job instance at 0x146f6a0e49b0>,2,1,[2 5],3,3,4,0,3
1,<environment.Job instance at 0x146f836a8370>,3,1,[6 2],4,4,5,0,4
1,<environment.Job instance at 0x146f68ec1280>,4,2,[8 1],7,7,9,0,7
1,<environment.Job instance at 0x146f732e4eb0>,5,2,[ 1 10],8,8,10,0,8
1,<environment.Job instance at 0x146f658f0b90>,2,2,[10  1],5,5,7,0,5
1,<environment.Job instance at 0x146f656460a0>,4,2,[ 1 13],7,7,9,0,7
1,<environment.Job instance at 0x146f65646370>,2,2,[2 8],4,4,6,0,4
1,<environment.Job instance at 0x146f6b1b1b40>,3,1,[2 7],5,5,6,0,5
1,<environment.Job instance at 0x146f6b1b15a0>,4,2,[2 7],6,6,8,0,6
1,<environment.Job instance at 0x146f74bfa870>,2,1,[2 7],3,3,4,0,3
1,<environment.Job instance at 0x146f77e87fa0>,2,1,[2 5],3,3,4,0,3
1,<environment.Job instance at 0x146f6f668640>,3,1,[6 2],4,4,5,0,4
1,<environment.Job instance at 0x146f6befedc0>,4,2,[8 1],7,7,9,0,7
1,<environment.Job instance at 0x146f6a0ea190>,5,2,[ 1 10],8,8,10,0,8
1,<environment.Job instance at 0x146f68d2c280>,2,2,[10  1],5,5,7,0,5
1,<environment.Job instance at 0x146f67486870>,4,2,[ 1 13],7,7,9,0,7
1,<environment.Job instance at 0x146f68f10fa0>,2,2,[2 8],4,4,6,0,4
1,<environment.Job instance at 0x146f68f10640>,3,1,[2 7],5,5,6,0,5
1,<environment.Job instance at 0x146f6b86e190>,4,2,[2 7],6,6,8,0,6
1,<environment.Job instance at 0x146f6ceaaf00>,2,1,[2 7],3,3,4,0,3
1,<environment.Job instance at 0x146f75681910>,2,1,[2 5],3,3,4,0,3
1,<environment.Job instance at 0x146f748179b0>,3,1,[6 2],4,4,5,0,4
1,<environment.Job instance at 0x146f6b567230>,4,2,[8 1],7,7,9,0,7
1,<environment.Job instance at 0x146f6aaef690>,4,2,[ 1 13],7,22,24,15,22
1,<environment.Job instance at 0x146f65886d70>,3,1,[2 7],5,5,6,0,5
1,<environment.Job instance at 0x146f75dff410>,2,1,[2 5],3,3,4,0,3
1,<environment.Job instance at 0x146f70f91e60>,3,1,[6 2],4,4,5,0,4
1,<environment.Job instance at 0x146f6a442320>,4,2,[8 1],7,7,9,0,7
1,<environment.Job instance at 0x146f66f861e0>,5,2,[ 1 10],8,8,10,0,8
1,<environment.Job instance at 0x146f6973cbe0>,2,2,[10  1],5,5,7,0,5
1,<environment.Job instance at 0x146f721462d0>,4,2,[ 1 13],7,7,9,0,7
1,<environment.Job instance at 0x146f699ba0f0>,2,2,[2 8],4,4,6,0,4
1,<environment.Job instance at 0x146f79490a50>,3,1,[2 7],5,5,6,0,5
1,<environment.Job instance at 0x146f79490460>,4,2,[2 7],6,6,8,0,6
1,<environment.Job instance at 0x146f6f53dbe0>,2,1,[2 7],3,3,4,0,3
1,<environment.Job instance at 0x146f67e2f820>,2,1,[2 5],3,3,4,0,3
1,<environment.Job instance at 0x146f66c1f2d0>,3,1,[6 2],4,4,5,0,4
1,<environment.Job instance at 0x146f6920b190>,4,2,[8 1],7,7,9,0,7
1,<environment.Job instance at 0x146f6d4a3fa0>,5,2,[ 1 10],8,8,10,0,8
1,<environment.Job instance at 0x146f83912c80>,2,2,[10  1],5,5,7,0,5
1,<environment.Job instance at 0x146f83912910>,4,2,[ 1 13],7,7,9,0,7
1,<environment.Job instance at 0x146f64d805f0>,2,2,[2 8],4,4,6,0,4
1,<environment.Job instance at 0x146f746e4dc0>,3,1,[2 7],5,5,6,0,5
1,<environment.Job instance at 0x146f69808c30>,4,2,[2 7],6,6,8,0,6
1,<environment.Job instance at 0x146f694c2140>,2,1,[2 7],3,3,4,0,3
1,<environment.Job instance at 0x146f76508c30>,2,1,[2 5],3,3,4,0,3
1,<environment.Job instance at 0x146f81a6ae10>,3,1,[6 2],4,4,5,0,4
1,<environment.Job instance at 0x146f65a63690>,4,2,[8 1],7,7,9,0,7
1,<environment.Job instance at 0x146f6b106f50>,5,2,[ 1 10],8,8,10,0,8
1,<environment.Job instance at 0x146f6c502e10>,2,2,[10  1],5,5,7,0,5
1,<environment.Job instance at 0x146f68667320>,4,2,[ 1 13],7,7,9,0,7
1,<environment.Job instance at 0x146f74712640>,2,2,[2 8],4,4,6,0,4
1,<environment.Job instance at 0x146f69fdb230>,3,1,[2 7],5,5,6,0,5
1,<environment.Job instance at 0x146f83758af0>,4,2,[2 7],6,6,8,0,6
1,<environment.Job instance at 0x146f6b1f6cd0>,2,1,[2 7],3,3,4,0,3
1,<environment.Job instance at 0x146f7a1d3e60>,2,1,[2 5],3,3,4,0,3
1,<environment.Job instance at 0x146f666026e0>,3,1,[6 2],4,4,5,0,4
1,<environment.Job instance at 0x146f648872d0>,4,2,[8 1],7,7,9,0,7
1,<environment.Job instance at 0x146f64887c30>,5,2,[ 1 10],8,8,10,0,8
1,<environment.Job instance at 0x146f72797690>,2,2,[10  1],5,5,7,0,5
1,<environment.Job instance at 0x146f6dc67e60>,4,2,[ 1 13],7,7,9,0,7
1,<environment.Job instance at 0x146f708096e0>,2,2,[2 8],4,4,6,0,4
1,<environment.Job instance at 0x146f75bc0cd0>,3,1,[2 7],5,5,6,0,5
1,<environment.Job instance at 0x146f75bc01e0>,4,2,[2 7],6,6,8,0,6
1,<environment.Job instance at 0x146f715c4050>,2,1,[2 7],3,3,4,0,3
1,<environment.Job instance at 0x146f6be08d20>,2,1,[2 5],3,3,4,0,3
1,<environment.Job instance at 0x146f6fd0b410>,3,1,[6 2],4,4,5,0,4
1,<environment.Job instance at 0x146f73cd0af0>,4,2,[8 1],7,7,9,0,7
1,<environment.Job instance at 0x146f6c37bd70>,5,2,[ 1 10],8,8,10,0,8
1,<environment.Job instance at 0x146fcc75f460>,2,2,[10  1],5,5,7,0,5
1,<environment.Job instance at 0x146fcdd87550>,4,2,[ 1 13],7,7,9,0,7
1,<environment.Job instance at 0x146f73a5bd70>,2,2,[2 8],4,4,6,0,4
1,<environment.Job instance at 0x146f67748780>,3,1,[2 7],5,5,6,0,5
1,<environment.Job instance at 0x146f67748a50>,4,2,[2 7],6,6,8,0,6
1,<environment.Job instance at 0x146f759f67d0>,2,1,[2 7],3,3,4,0,3
1,<environment.Job instance at 0x146f71bab0a0>,2,1,[2 5],3,3,4,0,3
1,<environment.Job instance at 0x146f68021be0>,3,1,[6 2],4,4,5,0,4
1,<environment.Job instance at 0x146f69758c30>,4,2,[8 1],7,7,9,0,7
1,<environment.Job instance at 0x146f69758b90>,5,2,[ 1 10],8,8,10,0,8
1,<environment.Job instance at 0x146f6f7b5aa0>,2,2,[10  1],5,5,7,0,5
1,<environment.Job instance at 0x146f66c2e190>,4,2,[ 1 13],7,7,9,0,7
1,<environment.Job instance at 0x146f6b6ebd20>,2,2,[2 8],4,4,6,0,4
1,<environment.Job instance at 0x146f69d37c30>,3,1,[2 7],5,5,6,0,5
1,<environment.Job instance at 0x146f69d37820>,4,2,[2 7],6,6,8,0,6
1,<environment.Job instance at 0x146f664f7960>,2,1,[2 7],3,3,4,0,3
1,<environment.Job instance at 0x146f6633de10>,2,1,[2 5],3,3,4,0,3
1,<environment.Job instance at 0x146f661b7050>,3,1,[6 2],4,4,5,0,4
1,<environment.Job instance at 0x146f74f61960>,4,2,[8 1],7,7,9,0,7
1,<environment.Job instance at 0x146f6b3b6730>,5,2,[ 1 10],8,8,10,0,8
1,<environment.Job instance at 0x146f660baa50>,2,2,[10  1],5,5,7,0,5
1,<environment.Job instance at 0x146f6632e140>,4,2,[ 1 13],7,7,9,0,7
1,<environment.Job instance at 0x146f6ceeb1e0>,2,2,[2 8],4,4,6,0,4
1,<environment.Job instance at 0x146f609bdf50>,3,1,[2 7],5,5,6,0,5
1,<environment.Job instance at 0x146f6099b2d0>,4,2,[2 7],6,6,8,0,6
1,<environment.Job instance at 0x146f609d7460>,2,1,[2 7],3,3,4,0,3
1,<environment.Job instance at 0x146f7ae155f0>,2,1,[2 5],3,3,4,0,3
1,<environment.Job instance at 0x146f7115b1e0>,3,1,[6 2],4,4,5,0,4
1,<environment.Job instance at 0x146f634e6a00>,4,2,[8 1],7,7,9,0,7
1,<environment.Job instance at 0x146f634c1f00>,5,2,[ 1 10],8,8,10,0,8
1,<environment.Job instance at 0x146f76831a50>,2,2,[10  1],5,5,7,0,5
1,<environment.Job instance at 0x146f74a524b0>,4,2,[ 1 13],7,7,9,0,7
1,<environment.Job instance at 0x146f6ec57370>,2,2,[2 8],4,4,6,0,4
1,<environment.Job instance at 0x146f6f67edc0>,3,1,[2 7],5,5,6,0,5
1,<environment.Job instance at 0x146f791b3410>,4,2,[2 7],6,6,8,0,6
1,<environment.Job instance at 0x146f6a025c30>,2,1,[2 7],3,3,4,0,3
1,<environment.Job instance at 0x146f67129910>,2,1,[2 5],3,3,4,0,3
1,<environment.Job instance at 0x146f64a8e9b0>,3,1,[6 2],4,4,5,0,4
1,<environment.Job instance at 0x146f679afbe0>,4,2,[8 1],7,7,9,0,7
1,<environment.Job instance at 0x146f683d8690>,5,2,[ 1 10],8,8,10,0,8
1,<environment.Job instance at 0x146f6a57ae60>,2,2,[10  1],5,5,7,0,5
1,<environment.Job instance at 0x146f60cd2e60>,4,2,[ 1 13],7,7,9,0,7
1,<environment.Job instance at 0x146f828c2050>,2,2,[2 8],4,4,6,0,4
1,<environment.Job instance at 0x146f60cd7a00>,3,1,[2 7],5,5,6,0,5
1,<environment.Job instance at 0x146f6bcbc0f0>,4,2,[2 7],6,6,8,0,6
1,<environment.Job instance at 0x146f7138c550>,2,1,[2 7],3,3,4,0,3
1,<environment.Job instance at 0x146f66ba1be0>,2,1,[2 5],3,3,4,0,3
1,<environment.Job instance at 0x146f70ca7820>,3,1,[6 2],4,4,5,0,4
1,<environment.Job instance at 0x146f71194280>,4,2,[8 1],7,7,9,0,7
1,<environment.Job instance at 0x146f66d25280>,5,2,[ 1 10],8,8,10,0,8
1,<environment.Job instance at 0x146f725465f0>,2,2,[10  1],5,5,7,0,5
1,<environment.Job instance at 0x146f72546a00>,4,2,[ 1 13],7,7,9,0,7
1,<environment.Job instance at 0x146f72546190>,2,2,[2 8],4,4,6,0,4
1,<environment.Job instance at 0x146f966c47d0>,3,1,[2 7],5,5,6,0,5
1,<environment.Job instance at 0x146f6682d690>,4,2,[2 7],6,6,8,0,6
1,<environment.Job instance at 0x146f707760f0>,2,1,[2 7],3,3,4,0,3
1,<environment.Job instance at 0x146f65724370>,2,1,[2 5],3,3,4,0,3
1,<environment.Job instance at 0x146f65724cd0>,3,1,[6 2],4,4,5,0,4
1,<environment.Job instance at 0x146f738a7d70>,4,2,[8 1],7,7,9,0,7
1,<environment.Job instance at 0x146f740b69b0>,5,2,[ 1 10],8,8,10,0,8
1,<environment.Job instance at 0x146f64d6b6e0>,2,2,[10  1],5,5,7,0,5
1,<environment.Job instance at 0x146f63d67870>,4,2,[ 1 13],7,7,9,0,7
1,<environment.Job instance at 0x146f63e53af0>,2,2,[2 8],4,4,6,0,4
1,<environment.Job instance at 0x146f8008ae10>,3,1,[2 7],5,5,6,0,5
1,<environment.Job instance at 0x146f8008af00>,4,2,[2 7],6,6,8,0,6
1,<environment.Job instance at 0x146f6edaa0f0>,2,1,[2 7],3,3,4,0,3
1,<environment.Job instance at 0x146f660ddaa0>,2,1,[2 5],3,3,4,0,3
1,<environment.Job instance at 0x146f658e2190>,3,1,[6 2],4,4,5,0,4
1,<environment.Job instance at 0x146f63d89c80>,4,2,[8 1],7,7,9,0,7
1,<environment.Job instance at 0x146f739d6e60>,5,2,[ 1 10],8,8,10,0,8
1,<environment.Job instance at 0x146f658da320>,2,2,[10  1],5,5,7,0,5
1,<environment.Job instance at 0x146f621cd960>,4,2,[ 1 13],7,7,9,0,7
1,<environment.Job instance at 0x146f621e5460>,2,2,[2 8],4,4,6,0,4
1,<environment.Job instance at 0x146f621cd0f0>,3,1,[2 7],5,5,6,0,5
1,<environment.Job instance at 0x146f727f4dc0>,4,2,[2 7],6,6,8,0,6
1,<environment.Job instance at 0x146f63d43c30>,2,1,[2 7],3,3,4,0,3
1,<environment.Job instance at 0x146fcc2b50f0>,2,1,[2 5],3,3,4,0,3
1,<environment.Job instance at 0x146f7385acd0>,3,1,[6 2],4,4,5,0,4
1,<environment.Job instance at 0x146f68632af0>,4,2,[8 1],7,7,9,0,7
1,<environment.Job instance at 0x146f649620f0>,5,2,[ 1 10],8,8,10,0,8
1,<environment.Job instance at 0x146f64962690>,2,2,[10  1],5,5,7,0,5
1,<environment.Job instance at 0x146f7640fe10>,4,2,[ 1 13],7,7,9,0,7
1,<environment.Job instance at 0x146f6aa84280>,2,2,[2 8],4,4,6,0,4
1,<environment.Job instance at 0x146f68561aa0>,3,1,[2 7],5,5,6,0,5
1,<environment.Job instance at 0x146f6da79280>,4,2,[2 7],6,6,8,0,6
1,<environment.Job instance at 0x146f73acb640>,2,1,[2 7],3,3,4,0,3
1,<environment.Job instance at 0x146f62ac0550>,2,1,[2 5],3,3,4,0,3
1,<environment.Job instance at 0x146f6ab37a50>,3,1,[6 2],4,4,5,0,4
1,<environment.Job instance at 0x146f6da0feb0>,4,2,[8 1],7,7,9,0,7
1,<environment.Job instance at 0x146f769c9f00>,5,2,[ 1 10],8,8,10,0,8
1,<environment.Job instance at 0x146f7b766cd0>,2,2,[10  1],5,5,7,0,5
1,<environment.Job instance at 0x146f7350fc80>,4,2,[ 1 13],7,7,9,0,7
1,<environment.Job instance at 0x146fcc60b960>,2,2,[2 8],4,4,6,0,4
1,<environment.Job instance at 0x146f744a1a00>,3,1,[2 7],5,5,6,0,5
1,<environment.Job instance at 0x146f744a1190>,4,2,[2 7],6,6,8,0,6
1,<environment.Job instance at 0x146fccfd41e0>,2,1,[2 7],3,3,4,0,3
1,<environment.Job instance at 0x146f6b333730>,2,1,[2 5],3,3,4,0,3
1,<environment.Job instance at 0x146f66c3f0f0>,3,1,[6 2],4,4,5,0,4
1,<environment.Job instance at 0x146f706ef8c0>,4,2,[8 1],7,7,9,0,7
1,<environment.Job instance at 0x146f661bec80>,5,2,[ 1 10],8,8,10,0,8
1,<environment.Job instance at 0x146f671cfcd0>,2,2,[10  1],5,5,7,0,5
1,<environment.Job instance at 0x146f744012d0>,4,2,[ 1 13],7,7,9,0,7
1,<environment.Job instance at 0x146f6e2b8b90>,2,2,[2 8],4,4,6,0,4
1,<environment.Job instance at 0x146f73442640>,3,1,[2 7],5,5,6,0,5
1,<environment.Job instance at 0x146f6f0ca640>,4,2,[2 7],6,6,8,0,6
1,<environment.Job instance at 0x146f6411ac30>,2,1,[2 7],3,3,4,0,3
1,<environment.Job instance at 0x146f766fbbe0>,2,1,[2 5],3,3,4,0,3
1,<environment.Job instance at 0x146f649b98c0>,3,1,[6 2],4,4,5,0,4
1,<environment.Job instance at 0x146f77227370>,4,2,[8 1],7,7,9,0,7
1,<environment.Job instance at 0x146f7315d690>,5,2,[ 1 10],8,8,10,0,8
1,<environment.Job instance at 0x146f633fed70>,2,2,[10  1],5,5,7,0,5
1,<environment.Job instance at 0x146f63632550>,4,2,[ 1 13],7,7,9,0,7
1,<environment.Job instance at 0x146f72aa1730>,2,2,[2 8],4,4,6,0,4
1,<environment.Job instance at 0x146f72aa10a0>,3,1,[2 7],5,5,6,0,5
1,<environment.Job instance at 0x146f72aa1870>,4,2,[2 7],6,6,8,0,6
1,<environment.Job instance at 0x146f7a40b550>,2,1,[2 7],3,3,4,0,3
1,<environment.Job instance at 0x146f9734be60>,2,1,[2 5],3,3,4,0,3
1,<environment.Job instance at 0x146f6573edc0>,3,1,[6 2],4,4,5,0,4
1,<environment.Job instance at 0x146f75ecd500>,4,2,[8 1],7,7,9,0,7
1,<environment.Job instance at 0x146f74e22190>,5,2,[ 1 10],8,8,10,0,8
1,<environment.Job instance at 0x146f75ecd280>,2,2,[10  1],5,5,7,0,5
1,<environment.Job instance at 0x146f6bb850a0>,4,2,[ 1 13],7,7,9,0,7
1,<environment.Job instance at 0x146f6c35fb90>,2,2,[2 8],4,4,6,0,4
1,<environment.Job instance at 0x146f74130d70>,3,1,[2 7],5,5,6,0,5
1,<environment.Job instance at 0x146f6d7622d0>,4,2,[2 7],6,6,8,0,6
1,<environment.Job instance at 0x146f65110140>,2,1,[2 7],3,3,4,0,3
1,<environment.Job instance at 0x146f65af4d70>,2,1,[2 5],3,3,4,0,3
1,<environment.Job instance at 0x146f6aaf37d0>,3,1,[6 2],4,4,5,0,4
1,<environment.Job instance at 0x146f6d190370>,4,2,[8 1],7,7,9,0,7
1,<environment.Job instance at 0x146f75523f50>,5,2,[ 1 10],8,8,10,0,8
1,<environment.Job instance at 0x146f97063e60>,2,2,[10  1],5,5,7,0,5
1,<environment.Job instance at 0x146f6954ec80>,4,2,[ 1 13],7,7,9,0,7
1,<environment.Job instance at 0x146f7bd16aa0>,2,2,[2 8],4,4,6,0,4
1,<environment.Job instance at 0x146f61809be0>,3,1,[2 7],5,5,6,0,5
1,<environment.Job instance at 0x146f61809b40>,4,2,[2 7],6,6,8,0,6
1,<environment.Job instance at 0x146f61809fa0>,2,1,[2 7],3,3,4,0,3
1,<environment.Job instance at 0x146f67c49820>,2,1,[2 5],3,3,4,0,3
1,<environment.Job instance at 0x146f6af74460>,3,1,[6 2],4,4,5,0,4
1,<environment.Job instance at 0x146f63f01a00>,4,2,[8 1],7,7,9,0,7
1,<environment.Job instance at 0x146f67895690>,5,2,[ 1 10],8,8,10,0,8
1,<environment.Job instance at 0x146f67895e60>,2,2,[10  1],5,5,7,0,5
1,<environment.Job instance at 0x146f72268690>,4,2,[ 1 13],7,7,9,0,7
1,<environment.Job instance at 0x146f73dad230>,2,2,[2 8],4,4,6,0,4
1,<environment.Job instance at 0x146f6a80d500>,3,1,[2 7],5,5,6,0,5
1,<environment.Job instance at 0x146f6a80d370>,4,2,[2 7],6,6,8,0,6
1,<environment.Job instance at 0x146f6a80d870>,2,1,[2 7],3,3,4,0,3
1,<environment.Job instance at 0x146f6f738d20>,2,1,[2 5],3,3,4,0,3
1,<environment.Job instance at 0x146f6b9128c0>,3,1,[6 2],4,4,5,0,4
1,<environment.Job instance at 0x146f63999780>,4,2,[8 1],7,7,9,0,7
1,<environment.Job instance at 0x146f6810d870>,5,2,[ 1 10],8,8,10,0,8
1,<environment.Job instance at 0x146f75a9a280>,2,2,[10  1],5,5,7,0,5
1,<environment.Job instance at 0x146f8317e2d0>,4,2,[ 1 13],7,7,9,0,7
1,<environment.Job instance at 0x146f668610a0>,2,2,[2 8],4,4,6,0,4
1,<environment.Job instance at 0x146f61628a00>,3,1,[2 7],5,5,6,0,5
1,<environment.Job instance at 0x146f61628aa0>,4,2,[2 7],6,6,8,0,6
1,<environment.Job instance at 0x146f61638550>,2,1,[2 7],3,3,4,0,3
1,<environment.Job instance at 0x146f7adfff00>,2,1,[2 5],3,3,4,0,3
1,<environment.Job instance at 0x146f61cfee60>,3,1,[6 2],4,4,5,0,4
1,<environment.Job instance at 0x146f68dfd410>,3,3,[1 8],4,4,7,0,4
1,<environment.Job instance at 0x146f67042f50>,4,2,[8 1],7,7,9,0,7
1,<environment.Job instance at 0x146f76802910>,5,2,[ 1 10],8,8,10,0,8
1,<environment.Job instance at 0x146f83b2f690>,2,2,[10  1],5,5,7,0,5
1,<environment.Job instance at 0x146f74a4c910>,4,2,[ 1 13],7,7,9,0,7
1,<environment.Job instance at 0x146f7b2da410>,2,2,[2 8],4,4,6,0,4
1,<environment.Job instance at 0x146f67213aa0>,3,1,[2 7],5,5,6,0,5
1,<environment.Job instance at 0x146f62011f50>,4,2,[2 7],6,6,8,0,6
1,<environment.Job instance at 0x146f94ec5410>,2,1,[2 7],3,3,4,0,3
1,<environment.Job instance at 0x146f69908410>,2,1,[2 5],3,3,4,0,3
1,<environment.Job instance at 0x146f61eaad70>,3,1,[6 2],4,4,5,0,4
1,<environment.Job instance at 0x146f74cbbaa0>,4,2,[8 1],7,7,9,0,7
1,<environment.Job instance at 0x146f72a91500>,5,2,[ 1 10],8,8,10,0,8
1,<environment.Job instance at 0x146fcd5b5cd0>,2,2,[10  1],5,5,7,0,5
1,<environment.Job instance at 0x146f6df2a410>,4,2,[ 1 13],7,7,9,0,7
1,<environment.Job instance at 0x146f6902dcd0>,2,2,[2 8],4,4,6,0,4
1,<environment.Job instance at 0x146f6902ddc0>,3,1,[2 7],5,5,6,0,5
1,<environment.Job instance at 0x146f971ef640>,4,2,[2 7],6,6,8,0,6
1,<environment.Job instance at 0x146f625ed0a0>,2,1,[2 7],3,3,4,0,3
1,<environment.Job instance at 0x146f81479c80>,2,1,[2 5],3,3,4,0,3
1,<environment.Job instance at 0x146f95ed3910>,3,1,[6 2],4,4,5,0,4
1,<environment.Job instance at 0x146f70855730>,3,3,[1 8],4,4,7,0,4
1,<environment.Job instance at 0x146f80167640>,4,2,[8 1],7,7,9,0,7
1,<environment.Job instance at 0x146f947bed70>,5,2,[ 1 10],8,8,10,0,8
1,<environment.Job instance at 0x146f971218c0>,2,2,[10  1],5,5,7,0,5
1,<environment.Job instance at 0x146f71aaca50>,4,2,[ 1 13],7,7,9,0,7
1,<environment.Job instance at 0x146f683819b0>,2,2,[2 8],4,4,6,0,4
1,<environment.Job instance at 0x146f62a41a00>,3,1,[2 7],5,5,6,0,5
1,<environment.Job instance at 0x146f62a41e10>,4,2,[2 7],6,6,8,0,6
1,<environment.Job instance at 0x146f71aac2d0>,2,1,[2 7],3,3,4,0,3
1,<environment.Job instance at 0x146f81479eb0>,2,1,[2 5],3,3,4,0,3
1,<environment.Job instance at 0x146f63f43eb0>,3,1,[6 2],4,4,5,0,4
1,<environment.Job instance at 0x146f66e8cdc0>,4,2,[8 1],7,7,9,0,7
1,<environment.Job instance at 0x146f764fba50>,5,2,[ 1 10],8,8,10,0,8
1,<environment.Job instance at 0x146f6766acd0>,2,2,[10  1],5,5,7,0,5
1,<environment.Job instance at 0x146f61a51f50>,4,2,[ 1 13],7,7,9,0,7
1,<environment.Job instance at 0x146f764fb050>,2,2,[2 8],4,4,6,0,4
1,<environment.Job instance at 0x146f72cb0870>,3,1,[2 7],5,5,6,0,5
1,<environment.Job instance at 0x146f72cb03c0>,4,2,[2 7],6,6,8,0,6
1,<environment.Job instance at 0x146f67e86640>,2,1,[2 7],3,3,4,0,3
1,<environment.Job instance at 0x146f800b7aa0>,2,1,[2 5],3,3,4,0,3
1,<environment.Job instance at 0x146f6a416500>,3,1,[6 2],4,4,5,0,4
1,<environment.Job instance at 0x146f62f355a0>,4,2,[8 1],7,7,9,0,7
1,<environment.Job instance at 0x146f65365460>,5,2,[ 1 10],8,8,10,0,8
1,<environment.Job instance at 0x146f653651e0>,2,2,[10  1],5,5,7,0,5
1,<environment.Job instance at 0x146fcda0c0a0>,4,2,[ 1 13],7,7,9,0,7
1,<environment.Job instance at 0x146f6967cdc0>,2,2,[2 8],4,4,6,0,4
1,<environment.Job instance at 0x146f6b850230>,3,1,[2 7],5,5,6,0,5
1,<environment.Job instance at 0x146f6b850aa0>,4,2,[2 7],6,6,8,0,6
1,<environment.Job instance at 0x146f661eb690>,2,1,[2 7],3,3,4,0,3
1,<environment.Job instance at 0x146f6fb80320>,2,1,[2 5],3,3,4,0,3
1,<environment.Job instance at 0x146f65de6730>,3,1,[6 2],4,4,5,0,4
1,<environment.Job instance at 0x146f6aae0730>,4,2,[8 1],7,7,9,0,7
1,<environment.Job instance at 0x146f60b505a0>,5,2,[ 1 10],8,8,10,0,8
1,<environment.Job instance at 0x146f6a39b9b0>,2,2,[10  1],5,5,7,0,5
1,<environment.Job instance at 0x146f69988a50>,4,2,[ 1 13],7,7,9,0,7
1,<environment.Job instance at 0x146f6a465910>,2,2,[2 8],4,4,6,0,4
1,<environment.Job instance at 0x146f656a5be0>,3,1,[2 7],5,5,6,0,5
1,<environment.Job instance at 0x146f656a5730>,4,2,[2 7],6,6,8,0,6
1,<environment.Job instance at 0x146f6fc238c0>,2,1,[2 7],3,3,4,0,3
1,<environment.Job instance at 0x146f6fb803c0>,2,1,[2 5],3,3,4,0,3
1,<environment.Job instance at 0x146f73adef00>,3,1,[6 2],4,4,5,0,4
1,<environment.Job instance at 0x146f6cefca00>,4,2,[8 1],7,7,9,0,7
1,<environment.Job instance at 0x146f691fe2d0>,5,2,[ 1 10],8,8,10,0,8
1,<environment.Job instance at 0x146f75b0b9b0>,2,2,[10  1],5,5,7,0,5
1,<environment.Job instance at 0x146f63a69aa0>,4,2,[ 1 13],7,7,9,0,7
1,<environment.Job instance at 0x146f72c59730>,2,2,[2 8],4,4,6,0,4
1,<environment.Job instance at 0x146f61ea2960>,3,1,[2 7],5,5,6,0,5
1,<environment.Job instance at 0x146f61ea2640>,4,2,[2 7],6,6,8,0,6
1,<environment.Job instance at 0x146f637e5e60>,2,1,[2 7],3,3,4,0,3
1,<environment.Job instance at 0x146f60d973c0>,2,1,[2 5],3,3,4,0,3
1,<environment.Job instance at 0x146f77197870>,3,1,[6 2],4,4,5,0,4
1,<environment.Job instance at 0x146f66e6b1e0>,4,2,[8 1],7,7,9,0,7
1,<environment.Job instance at 0x146f650dd780>,5,2,[ 1 10],8,8,10,0,8
1,<environment.Job instance at 0x146f747aa190>,2,2,[10  1],5,5,7,0,5
1,<environment.Job instance at 0x146f65044fa0>,4,2,[ 1 13],7,7,9,0,7
1,<environment.Job instance at 0x146f667757d0>,2,2,[2 8],4,4,6,0,4
1,<environment.Job instance at 0x146f747a8190>,3,1,[2 7],5,5,6,0,5
1,<environment.Job instance at 0x146f627b5fa0>,4,2,[2 7],6,6,8,0,6
1,<environment.Job instance at 0x146f663c7280>,2,1,[2 7],3,3,4,0,3
1,<environment.Job instance at 0x146f699a1690>,2,1,[2 5],3,3,4,0,3
1,<environment.Job instance at 0x146f653c8140>,3,1,[6 2],4,4,5,0,4
1,<environment.Job instance at 0x146f8103e820>,4,2,[8 1],7,7,9,0,7
1,<environment.Job instance at 0x146f6c5c1c30>,5,2,[ 1 10],8,8,10,0,8
1,<environment.Job instance at 0x146f6c5c1640>,2,2,[10  1],5,5,7,0,5
1,<environment.Job instance at 0x146f64426a00>,4,2,[ 1 13],7,7,9,0,7
1,<environment.Job instance at 0x146f62012690>,2,2,[2 8],4,4,6,0,4
1,<environment.Job instance at 0x146f6579b5f0>,3,1,[2 7],5,5,6,0,5
1,<environment.Job instance at 0x146f6579bdc0>,4,2,[2 7],6,6,8,0,6
1,<environment.Job instance at 0x146f636f3a00>,2,1,[2 7],3,3,4,0,3
1,<environment.Job instance at 0x146f68bee9b0>,2,1,[2 5],3,3,4,0,3
1,<environment.Job instance at 0x146f6164a730>,3,1,[6 2],4,4,5,0,4
1,<environment.Job instance at 0x146f61112410>,4,2,[8 1],7,7,9,0,7
1,<environment.Job instance at 0x146f61fd1640>,5,2,[ 1 10],8,8,10,0,8
1,<environment.Job instance at 0x146f61fd1460>,2,2,[10  1],5,5,7,0,5
1,<environment.Job instance at 0x146f61fd65a0>,4,2,[ 1 13],7,7,9,0,7
1,<environment.Job instance at 0x146f96297cd0>,2,2,[2 8],4,4,6,0,4
1,<environment.Job instance at 0x146f80aab140>,3,1,[2 7],5,5,6,0,5
1,<environment.Job instance at 0x146f7519c1e0>,4,2,[2 7],6,6,8,0,6
1,<environment.Job instance at 0x146f788a5140>,2,1,[2 7],3,3,4,0,3
1,<environment.Job instance at 0x146f63ff5a50>,2,1,[2 5],3,3,4,0,3
1,<environment.Job instance at 0x146f61be1c80>,3,1,[6 2],4,4,5,0,4
1,<environment.Job instance at 0x146f619792d0>,4,2,[8 1],7,7,9,0,7
1,<environment.Job instance at 0x146f606476e0>,5,2,[ 1 10],8,8,10,0,8
1,<environment.Job instance at 0x146f734d9410>,2,2,[10  1],5,5,7,0,5
1,<environment.Job instance at 0x146f80a28cd0>,4,2,[ 1 13],7,7,9,0,7
1,<environment.Job instance at 0x146f5f551fa0>,2,2,[2 8],4,4,6,0,4
1,<environment.Job instance at 0x146f7b273500>,3,1,[2 7],5,5,6,0,5
1,<environment.Job instance at 0x146fcc224820>,4,2,[2 7],6,6,8,0,6
1,<environment.Job instance at 0x146f658a9960>,2,1,[2 7],3,3,4,0,3
1,<environment.Job instance at 0x146f739f0b40>,2,1,[2 5],3,3,4,0,3
1,<environment.Job instance at 0x146f959ecdc0>,3,1,[6 2],4,4,5,0,4
1,<environment.Job instance at 0x146f63bb2190>,4,2,[8 1],7,7,9,0,7
1,<environment.Job instance at 0x146f7a2dde10>,5,2,[ 1 10],8,8,10,0,8
1,<environment.Job instance at 0x146f61685b40>,2,2,[10  1],5,5,7,0,5
1,<environment.Job instance at 0x146f7751c0f0>,4,2,[ 1 13],7,7,9,0,7
1,<environment.Job instance at 0x146f67b7eb90>,2,2,[2 8],4,4,6,0,4
1,<environment.Job instance at 0x146f60371eb0>,3,1,[2 7],5,5,6,0,5
1,<environment.Job instance at 0x146f60371910>,4,2,[2 7],6,6,8,0,6
1,<environment.Job instance at 0x146f602e3be0>,2,1,[2 7],3,3,4,0,3
1,<environment.Job instance at 0x146f66ecca00>,2,1,[2 5],3,3,4,0,3
1,<environment.Job instance at 0x146f6d3a9460>,3,1,[6 2],4,4,5,0,4
1,<environment.Job instance at 0x146f66192140>,4,2,[8 1],7,7,9,0,7
1,<environment.Job instance at 0x146f6510faa0>,5,2,[ 1 10],8,8,10,0,8
1,<environment.Job instance at 0x146f6510f690>,2,2,[10  1],5,5,7,0,5
1,<environment.Job instance at 0x146f61eaa3c0>,4,2,[ 1 13],7,7,9,0,7
1,<environment.Job instance at 0x146fce5facd0>,2,2,[2 8],4,4,6,0,4
1,<environment.Job instance at 0x146f7a1477d0>,3,1,[2 7],5,5,6,0,5
1,<environment.Job instance at 0x146f72effa50>,4,2,[2 7],6,6,8,0,6
1,<environment.Job instance at 0x146f6642c8c0>,2,1,[2 7],3,3,4,0,3
1,<environment.Job instance at 0x146f6f352730>,2,1,[2 5],3,3,4,0,3
1,<environment.Job instance at 0x146f61479370>,3,1,[6 2],4,4,5,0,4
1,<environment.Job instance at 0x146f6f7ee780>,2,2,[10  1],5,5,7,0,5
1,<environment.Job instance at 0x146f5fc0d4b0>,4,2,[ 1 13],7,7,9,0,7
1,<environment.Job instance at 0x146f5fb490a0>,2,2,[2 8],4,4,6,0,4
1,<environment.Job instance at 0x146f6b43eaa0>,3,1,[2 7],5,5,6,0,5
1,<environment.Job instance at 0x146f6b43ed70>,4,2,[2 7],6,6,8,0,6
1,<environment.Job instance at 0x146f61fbaaa0>,2,1,[2 7],3,3,4,0,3
1,<environment.Job instance at 0x146f6100e730>,2,1,[2 5],3,3,4,0,3
1,<environment.Job instance at 0x146f8320a370>,3,1,[6 2],4,4,5,0,4
1,<environment.Job instance at 0x146f6e2bbc30>,4,2,[8 1],7,7,9,0,7
1,<environment.Job instance at 0x146f65c96550>,5,2,[ 1 10],8,8,10,0,8
1,<environment.Job instance at 0x146f67d9ab40>,2,2,[10  1],5,5,7,0,5
1,<environment.Job instance at 0x146f6b402a00>,4,2,[ 1 13],7,7,9,0,7
1,<environment.Job instance at 0x146f620a5a50>,2,2,[2 8],4,4,6,0,4
1,<environment.Job instance at 0x146f6ef3b910>,3,1,[2 7],5,5,6,0,5
1,<environment.Job instance at 0x146f7ab13280>,4,2,[2 7],6,6,8,0,6
1,<environment.Job instance at 0x146f79f56820>,2,1,[2 7],3,3,4,0,3
1,<environment.Job instance at 0x146f60ccb320>,2,1,[2 5],3,3,4,0,3
1,<environment.Job instance at 0x146f6038e320>,3,1,[6 2],4,4,5,0,4
1,<environment.Job instance at 0x146f60b41870>,4,2,[8 1],7,7,9,0,7
1,<environment.Job instance at 0x146f72808140>,5,2,[ 1 10],8,8,10,0,8
1,<environment.Job instance at 0x146f72808a00>,2,2,[10  1],5,5,7,0,5
1,<environment.Job instance at 0x146f606c5af0>,4,2,[ 1 13],7,7,9,0,7
1,<environment.Job instance at 0x146f606c59b0>,2,2,[2 8],4,4,6,0,4
1,<environment.Job instance at 0x146f745b4dc0>,3,1,[2 7],5,5,6,0,5
1,<environment.Job instance at 0x146f745b4460>,4,2,[2 7],6,6,8,0,6
1,<environment.Job instance at 0x146f76224320>,2,1,[2 7],3,3,4,0,3
1,<environment.Job instance at 0x146f67e2b320>,2,1,[2 5],3,3,4,0,3
1,<environment.Job instance at 0x146f821cd320>,3,1,[6 2],4,4,5,0,4
1,<environment.Job instance at 0x146f649d95f0>,3,3,[1 8],4,4,7,0,4
1,<environment.Job instance at 0x146f646502d0>,4,2,[8 1],7,7,9,0,7
1,<environment.Job instance at 0x146f649d9230>,5,2,[ 1 10],8,8,10,0,8
1,<environment.Job instance at 0x146f649d9730>,2,2,[10  1],5,5,7,0,5
1,<environment.Job instance at 0x146f648800a0>,4,2,[ 1 13],7,7,9,0,7
1,<environment.Job instance at 0x146f620a9a50>,2,2,[2 8],4,4,6,0,4
1,<environment.Job instance at 0x146f70785cd0>,3,1,[2 7],5,5,6,0,5
1,<environment.Job instance at 0x146f70785230>,4,2,[2 7],6,6,8,0,6
1,<environment.Job instance at 0x146f63ba88c0>,2,1,[2 7],3,3,4,0,3
1,<environment.Job instance at 0x146f7a9c1f00>,2,1,[2 5],3,3,4,0,3
1,<environment.Job instance at 0x146f7a9c1a50>,3,1,[6 2],4,4,5,0,4
1,<environment.Job instance at 0x146f6393d2d0>,4,2,[8 1],7,7,9,0,7
1,<environment.Job instance at 0x146f60ed1f50>,5,2,[ 1 10],8,8,10,0,8
1,<environment.Job instance at 0x146f60ed1780>,2,2,[10  1],5,5,7,0,5
1,<environment.Job instance at 0x146f677a3e10>,4,2,[ 1 13],7,7,9,0,7
1,<environment.Job instance at 0x146f77d2caf0>,2,2,[2 8],4,4,6,0,4
1,<environment.Job instance at 0x146f68f7faf0>,3,1,[2 7],5,5,6,0,5
1,<environment.Job instance at 0x146fce418c30>,4,2,[2 7],6,6,8,0,6
1,<environment.Job instance at 0x146f694a2140>,2,1,[2 7],3,3,4,0,3
1,<environment.Job instance at 0x146f70bdd1e0>,2,1,[2 5],3,3,4,0,3
1,<environment.Job instance at 0x146f6cb13820>,3,1,[6 2],4,4,5,0,4
1,<environment.Job instance at 0x146f5ff39910>,4,2,[8 1],7,7,9,0,7
1,<environment.Job instance at 0x146f700f93c0>,5,2,[ 1 10],8,8,10,0,8
1,<environment.Job instance at 0x146f674b5dc0>,2,2,[10  1],5,5,7,0,5
1,<environment.Job instance at 0x146f5ddca820>,4,2,[ 1 13],7,7,9,0,7
1,<environment.Job instance at 0x146f7076df00>,2,2,[2 8],4,4,6,0,4
1,<environment.Job instance at 0x146f64b6ec80>,3,1,[2 7],5,5,6,0,5
1,<environment.Job instance at 0x146f64b6e410>,4,2,[2 7],6,6,8,0,6
1,<environment.Job instance at 0x146f671c70a0>,2,1,[2 7],3,3,4,0,3
1,<environment.Job instance at 0x146f68611230>,2,1,[2 5],3,3,4,0,3
1,<environment.Job instance at 0x146f7845af50>,3,1,[6 2],4,4,5,0,4
1,<environment.Job instance at 0x146f791a4640>,4,2,[8 1],7,7,9,0,7
1,<environment.Job instance at 0x146f66bbfb90>,5,2,[ 1 10],8,8,10,0,8
1,<environment.Job instance at 0x146f73b22aa0>,2,2,[10  1],5,5,7,0,5
1,<environment.Job instance at 0x146f6f200c80>,4,2,[ 1 13],7,7,9,0,7
1,<environment.Job instance at 0x146f6268fa00>,2,2,[2 8],4,4,6,0,4
1,<environment.Job instance at 0x146f805ac4b0>,3,1,[2 7],5,5,6,0,5
1,<environment.Job instance at 0x146f606d6140>,4,2,[2 7],6,6,8,0,6
1,<environment.Job instance at 0x146f64ade320>,2,1,[2 7],3,3,4,0,3
1,<environment.Job instance at 0x146f65e1fdc0>,2,1,[2 5],3,3,4,0,3
1,<environment.Job instance at 0x146f6ddca0a0>,3,1,[6 2],4,4,5,0,4
1,<environment.Job instance at 0x146f96070870>,3,3,[1 8],4,4,7,0,4
1,<environment.Job instance at 0x146f613d4410>,4,2,[8 1],7,7,9,0,7
1,<environment.Job instance at 0x146f61af0a00>,5,2,[ 1 10],8,8,10,0,8
1,<environment.Job instance at 0x146f65e1f690>,2,2,[10  1],5,5,7,0,5
1,<environment.Job instance at 0x146f953700f0>,4,2,[ 1 13],7,7,9,0,7
1,<environment.Job instance at 0x146f7bd4d8c0>,2,2,[2 8],4,4,6,0,4
1,<environment.Job instance at 0x146f6601b730>,3,1,[2 7],5,5,6,0,5
1,<environment.Job instance at 0x146f633e7fa0>,4,2,[2 7],6,6,8,0,6
1,<environment.Job instance at 0x146f64e64d20>,2,1,[2 7],3,3,4,0,3
1,<environment.Job instance at 0x146f608d4e10>,2,1,[2 5],3,3,4,0,3
1,<environment.Job instance at 0x146f608d4f50>,3,1,[6 2],4,4,5,0,4
1,<environment.Job instance at 0x146f5fc44280>,4,2,[8 1],7,7,9,0,7
1,<environment.Job instance at 0x146f6066d690>,5,2,[ 1 10],8,8,10,0,8
1,<environment.Job instance at 0x146f6066dc30>,2,2,[10  1],5,5,7,0,5
1,<environment.Job instance at 0x146fcebafb40>,4,2,[ 1 13],7,7,9,0,7
1,<environment.Job instance at 0x146f626fe780>,2,2,[2 8],4,4,6,0,4
1,<environment.Job instance at 0x146f68e7e7d0>,3,1,[2 7],5,5,6,0,5
1,<environment.Job instance at 0x146f68e7eeb0>,4,2,[2 7],6,6,8,0,6
1,<environment.Job instance at 0x146f6592ca00>,2,1,[2 7],3,3,4,0,3
1,<environment.Job instance at 0x146f60f28730>,2,1,[2 5],3,3,4,0,3
1,<environment.Job instance at 0x146f950f1be0>,3,1,[6 2],4,4,5,0,4
1,<environment.Job instance at 0x146f5f583b40>,4,2,[8 1],7,7,9,0,7
1,<environment.Job instance at 0x146f61040870>,5,2,[ 1 10],8,8,10,0,8
1,<environment.Job instance at 0x146f60ffc050>,2,2,[10  1],5,5,7,0,5
1,<environment.Job instance at 0x146f6110f500>,4,2,[ 1 13],7,7,9,0,7
1,<environment.Job instance at 0x146f698748c0>,2,2,[2 8],4,4,6,0,4
1,<environment.Job instance at 0x146f66424870>,3,1,[2 7],5,5,6,0,5
1,<environment.Job instance at 0x146f75478230>,4,2,[2 7],6,6,8,0,6
1,<environment.Job instance at 0x146f6bd59eb0>,2,1,[2 7],3,3,4,0,3
1,<environment.Job instance at 0x146f7b566410>,2,1,[2 5],3,3,4,0,3
1,<environment.Job instance at 0x146f744c9230>,3,1,[6 2],4,4,5,0,4
1,<environment.Job instance at 0x146f5f753f50>,4,2,[8 1],7,7,9,0,7
1,<environment.Job instance at 0x146f67f94910>,5,2,[ 1 10],8,8,10,0,8
1,<environment.Job instance at 0x146f67f94780>,2,2,[10  1],5,5,7,0,5
1,<environment.Job instance at 0x146f5e073460>,4,2,[ 1 13],7,7,9,0,7
1,<environment.Job instance at 0x146f5e026960>,2,2,[2 8],4,4,6,0,4
1,<environment.Job instance at 0x146f5f59eeb0>,3,1,[2 7],5,5,6,0,5
1,<environment.Job instance at 0x146f5f59e460>,4,2,[2 7],6,6,8,0,6
1,<environment.Job instance at 0x146f5f59e0f0>,2,1,[2 7],3,3,4,0,3
1,<environment.Job instance at 0x146f63e1e0f0>,2,1,[2 5],3,3,4,0,3
1,<environment.Job instance at 0x146f78373d70>,3,1,[6 2],4,4,5,0,4
1,<environment.Job instance at 0x146f6d3f9640>,4,2,[8 1],7,7,9,0,7
1,<environment.Job instance at 0x146f6d5cbe60>,5,2,[ 1 10],8,8,10,0,8
1,<environment.Job instance at 0x146f5ef78410>,2,2,[10  1],5,5,7,0,5
1,<environment.Job instance at 0x146f5ee4e9b0>,4,2,[ 1 13],7,7,9,0,7
1,<environment.Job instance at 0x146f5f31bcd0>,2,2,[2 8],4,4,6,0,4
1,<environment.Job instance at 0x146f6e99c7d0>,3,1,[2 7],5,5,6,0,5
1,<environment.Job instance at 0x146f70a08140>,4,2,[2 7],6,6,8,0,6
1,<environment.Job instance at 0x146f65198a50>,2,1,[2 7],3,3,4,0,3
1,<environment.Job instance at 0x146f63987960>,2,1,[2 5],3,3,4,0,3
1,<environment.Job instance at 0x146f604ac820>,3,1,[6 2],4,4,5,0,4
1,<environment.Job instance at 0x146f68b033c0>,4,2,[8 1],7,7,9,0,7
1,<environment.Job instance at 0x146fcd20adc0>,5,2,[ 1 10],8,8,10,0,8
1,<environment.Job instance at 0x146f67cff640>,2,2,[10  1],5,5,7,0,5
1,<environment.Job instance at 0x146f648c5690>,4,2,[ 1 13],7,7,9,0,7
1,<environment.Job instance at 0x146f6799f1e0>,2,2,[2 8],4,4,6,0,4
1,<environment.Job instance at 0x146f697420a0>,3,1,[2 7],5,5,6,0,5
1,<environment.Job instance at 0x146f75fed730>,4,2,[2 7],6,6,8,0,6
1,<environment.Job instance at 0x146f64c65730>,2,1,[2 7],3,3,4,0,3
1,<environment.Job instance at 0x146f81bc8780>,2,1,[2 5],3,3,4,0,3
1,<environment.Job instance at 0x146f633c44b0>,3,1,[6 2],4,4,5,0,4
1,<environment.Job instance at 0x146f66ca2eb0>,4,2,[8 1],7,7,9,0,7
1,<environment.Job instance at 0x146f726f1eb0>,5,2,[ 1 10],8,8,10,0,8
1,<environment.Job instance at 0x146f6f89f190>,2,2,[10  1],5,5,7,0,5
1,<environment.Job instance at 0x146f6da10640>,4,2,[ 1 13],7,7,9,0,7
1,<environment.Job instance at 0x146f62edc730>,2,2,[2 8],4,4,6,0,4
1,<environment.Job instance at 0x146f5d702a50>,3,1,[2 7],5,5,6,0,5
1,<environment.Job instance at 0x146f5d7120f0>,4,2,[2 7],6,6,8,0,6
1,<environment.Job instance at 0x146f64b9b410>,2,1,[2 7],3,3,4,0,3
1,<environment.Job instance at 0x146f6169d550>,2,1,[2 5],3,3,4,0,3
1,<environment.Job instance at 0x146f69154f50>,3,1,[6 2],4,4,5,0,4
1,<environment.Job instance at 0x146f95157500>,4,2,[8 1],7,7,9,0,7
1,<environment.Job instance at 0x146f620dc500>,5,2,[ 1 10],8,8,10,0,8
1,<environment.Job instance at 0x146f6f52a140>,2,2,[10  1],5,5,7,0,5
1,<environment.Job instance at 0x146f60097640>,4,2,[ 1 13],7,7,9,0,7
1,<environment.Job instance at 0x146f666cec80>,2,2,[2 8],4,4,6,0,4
1,<environment.Job instance at 0x146f6f2d3eb0>,3,1,[2 7],5,5,6,0,5
1,<environment.Job instance at 0x146f70aacaa0>,4,2,[2 7],6,6,8,0,6
1,<environment.Job instance at 0x146f79c79e10>,2,1,[2 7],3,3,4,0,3
1,<environment.Job instance at 0x146f5cae9d20>,2,1,[2 5],3,3,4,0,3
1,<environment.Job instance at 0x146f96bea8c0>,3,1,[6 2],4,4,5,0,4
1,<environment.Job instance at 0x146f6a3a0870>,4,2,[8 1],7,7,9,0,7
1,<environment.Job instance at 0x146f79f48320>,5,2,[ 1 10],8,8,10,0,8
1,<environment.Job instance at 0x146f63f14500>,2,2,[10  1],5,5,7,0,5
1,<environment.Job instance at 0x146f5cef6910>,4,2,[ 1 13],7,7,9,0,7
1,<environment.Job instance at 0x146f5cef6f50>,2,2,[2 8],4,4,6,0,4
1,<environment.Job instance at 0x146f610aacd0>,3,1,[2 7],5,5,6,0,5
1,<environment.Job instance at 0x146f610aadc0>,4,2,[2 7],6,6,8,0,6
1,<environment.Job instance at 0x146f653c3500>,2,1,[2 7],3,3,4,0,3
1,<environment.Job instance at 0x146f609ac3c0>,2,1,[2 5],3,3,4,0,3
1,<environment.Job instance at 0x146f64035f00>,3,1,[6 2],4,4,5,0,4
1,<environment.Job instance at 0x146f60f489b0>,4,2,[8 1],7,7,9,0,7
1,<environment.Job instance at 0x146f5f33c5f0>,5,2,[ 1 10],8,8,10,0,8
1,<environment.Job instance at 0x146f5f360550>,2,2,[10  1],5,5,7,0,5
1,<environment.Job instance at 0x146f5ef6daf0>,4,2,[ 1 13],7,7,9,0,7
1,<environment.Job instance at 0x146f5e139730>,2,2,[2 8],4,4,6,0,4
1,<environment.Job instance at 0x146f5eddd2d0>,3,1,[2 7],5,5,6,0,5
1,<environment.Job instance at 0x146f82f0e140>,4,2,[2 7],6,6,8,0,6
1,<environment.Job instance at 0x146f66c9a320>,2,1,[2 7],3,3,4,0,3
1,<environment.Job instance at 0x146f65187690>,2,1,[2 5],3,3,4,0,3
1,<environment.Job instance at 0x146f822b55a0>,3,1,[6 2],4,4,5,0,4
1,<environment.Job instance at 0x146f757520f0>,4,2,[8 1],7,7,9,0,7
1,<environment.Job instance at 0x146f5e556280>,5,2,[ 1 10],8,8,10,0,8
1,<environment.Job instance at 0x146f6c029d20>,2,2,[10  1],5,5,7,0,5
1,<environment.Job instance at 0x146f6038c410>,4,2,[ 1 13],7,7,9,0,7
1,<environment.Job instance at 0x146f6c3595a0>,2,2,[2 8],4,4,6,0,4
1,<environment.Job instance at 0x146f6c3593c0>,3,1,[2 7],5,5,6,0,5
1,<environment.Job instance at 0x146f66bd7820>,4,2,[2 7],6,6,8,0,6
1,<environment.Job instance at 0x146f73a8d050>,2,1,[2 7],3,3,4,0,3
1,<environment.Job instance at 0x146f66c2e780>,2,1,[2 5],3,3,4,0,3
1,<environment.Job instance at 0x146f66c2e6e0>,3,1,[6 2],4,4,5,0,4
1,<environment.Job instance at 0x146f7243f0f0>,4,2,[8 1],7,7,9,0,7
1,<environment.Job instance at 0x146f79a41280>,5,2,[ 1 10],8,8,10,0,8
1,<environment.Job instance at 0x146f642f1910>,2,2,[10  1],5,5,7,0,5
1,<environment.Job instance at 0x146f70771690>,4,2,[ 1 13],7,7,9,0,7
1,<environment.Job instance at 0x146f618c95a0>,2,2,[2 8],4,4,6,0,4
1,<environment.Job instance at 0x146f72627dc0>,3,1,[2 7],5,5,6,0,5
1,<environment.Job instance at 0x146f6b404910>,4,2,[2 7],6,6,8,0,6
1,<environment.Job instance at 0x146f6ff933c0>,2,1,[2 7],3,3,4,0,3
1,<environment.Job instance at 0x146f804b4d20>,2,1,[2 5],3,3,4,0,3
1,<environment.Job instance at 0x146f6a3fb140>,3,1,[6 2],4,4,5,0,4
1,<environment.Job instance at 0x146f60325410>,4,2,[8 1],7,7,9,0,7
1,<environment.Job instance at 0x146f61469550>,5,2,[ 1 10],8,8,10,0,8
1,<environment.Job instance at 0x146f6bd04370>,2,2,[10  1],5,5,7,0,5
1,<environment.Job instance at 0x146f6305bcd0>,4,2,[ 1 13],7,7,9,0,7
1,<environment.Job instance at 0x146f5c368500>,2,2,[2 8],4,4,6,0,4
1,<environment.Job instance at 0x146f612fafa0>,3,1,[2 7],5,5,6,0,5
1,<environment.Job instance at 0x146f5c407b90>,4,2,[2 7],6,6,8,0,6
1,<environment.Job instance at 0x146f5c366460>,2,1,[2 7],3,3,4,0,3
1,<environment.Job instance at 0x146f77906190>,2,1,[2 5],3,3,4,0,3
1,<environment.Job instance at 0x146f74f5a0a0>,3,1,[6 2],4,4,5,0,4
1,<environment.Job instance at 0x146f684e6960>,4,2,[8 1],7,7,9,0,7
1,<environment.Job instance at 0x146f81de6050>,5,2,[ 1 10],8,8,10,0,8
1,<environment.Job instance at 0x146f6dbab230>,2,2,[10  1],5,5,7,0,5
1,<environment.Job instance at 0x146f6ee4e2d0>,4,2,[ 1 13],7,7,9,0,7
1,<environment.Job instance at 0x146f63f7c500>,2,2,[2 8],4,4,6,0,4
1,<environment.Job instance at 0x146f5fa2bf00>,3,1,[2 7],5,5,6,0,5
1,<environment.Job instance at 0x146f78e0c870>,4,2,[2 7],6,6,8,0,6
1,<environment.Job instance at 0x146f6d06f1e0>,2,1,[2 7],3,3,4,0,3
1,<environment.Job instance at 0x146f77b2c320>,2,1,[2 5],3,3,4,0,3
1,<environment.Job instance at 0x146f63687c80>,3,1,[6 2],4,4,5,0,4
1,<environment.Job instance at 0x146f79dfe0f0>,4,2,[8 1],7,7,9,0,7
1,<environment.Job instance at 0x146f72df1320>,5,2,[ 1 10],8,8,10,0,8
1,<environment.Job instance at 0x146f95e61280>,2,2,[10  1],5,5,7,0,5
1,<environment.Job instance at 0x146f653659b0>,4,2,[ 1 13],7,7,9,0,7
1,<environment.Job instance at 0x146f76d5ba00>,2,2,[2 8],4,4,6,0,4
1,<environment.Job instance at 0x146f61321410>,3,1,[2 7],5,5,6,0,5
1,<environment.Job instance at 0x146f63fc6410>,4,2,[2 7],6,6,8,0,6
1,<environment.Job instance at 0x146f75e58dc0>,2,1,[2 7],3,3,4,0,3
1,<environment.Job instance at 0x146f79db3eb0>,2,1,[2 5],3,3,4,0,3
1,<environment.Job instance at 0x146f79db3f00>,3,1,[6 2],4,4,5,0,4
1,<environment.Job instance at 0x146f7855d640>,4,2,[8 1],7,7,9,0,7
1,<environment.Job instance at 0x146f5eb52910>,5,2,[ 1 10],8,8,10,0,8
1,<environment.Job instance at 0x146f5e03ab40>,2,2,[10  1],5,5,7,0,5
1,<environment.Job instance at 0x146f601b5d70>,4,2,[ 1 13],7,7,9,0,7
1,<environment.Job instance at 0x146f6812de60>,2,2,[2 8],4,4,6,0,4
1,<environment.Job instance at 0x146f603645f0>,3,1,[2 7],5,5,6,0,5
1,<environment.Job instance at 0x146f656dac30>,4,2,[2 7],6,6,8,0,6
1,<environment.Job instance at 0x146fcd2a5460>,2,1,[2 7],3,3,4,0,3
1,<environment.Job instance at 0x146f62cb0f00>,2,1,[2 5],3,3,4,0,3
1,<environment.Job instance at 0x146f60f85690>,3,1,[6 2],4,4,5,0,4
1,<environment.Job instance at 0x146f5df1d960>,4,2,[8 1],7,7,9,0,7
1,<environment.Job instance at 0x146f69cefa00>,5,2,[ 1 10],8,8,10,0,8
1,<environment.Job instance at 0x146f67153cd0>,2,2,[10  1],5,5,7,0,5
1,<environment.Job instance at 0x146f80dc8c30>,4,2,[ 1 13],7,7,9,0,7
1,<environment.Job instance at 0x146f5fae5500>,2,2,[2 8],4,4,6,0,4
1,<environment.Job instance at 0x146f5dc9fc30>,3,1,[2 7],5,5,6,0,5
1,<environment.Job instance at 0x146f5dc9ff00>,4,2,[2 7],6,6,8,0,6
1,<environment.Job instance at 0x146f5f0a76e0>,2,1,[2 7],3,3,4,0,3
1,<environment.Job instance at 0x146f62cb0050>,2,1,[2 5],3,3,4,0,3
1,<environment.Job instance at 0x146f5c883460>,3,1,[6 2],4,4,5,0,4
1,<environment.Job instance at 0x146f619b50f0>,4,2,[8 1],7,7,9,0,7
1,<environment.Job instance at 0x146f738bc3c0>,5,2,[ 1 10],8,8,10,0,8
1,<environment.Job instance at 0x146f5d322190>,2,2,[10  1],5,5,7,0,5
1,<environment.Job instance at 0x146f6a86feb0>,4,2,[ 1 13],7,7,9,0,7
1,<environment.Job instance at 0x146f6c0d64b0>,2,2,[2 8],4,4,6,0,4
1,<environment.Job instance at 0x146f694eb960>,3,1,[2 7],5,5,6,0,5
1,<environment.Job instance at 0x146f70ac5370>,4,2,[2 7],6,6,8,0,6
1,<environment.Job instance at 0x146f95d8d230>,2,1,[2 7],3,3,4,0,3
1,<environment.Job instance at 0x146f5dc9c230>,2,1,[2 5],3,3,4,0,3
1,<environment.Job instance at 0x146f76ee68c0>,3,1,[6 2],4,4,5,0,4
1,<environment.Job instance at 0x146f83025eb0>,4,2,[8 1],7,7,9,0,7
1,<environment.Job instance at 0x146f69a1c5a0>,5,2,[ 1 10],8,8,10,0,8
1,<environment.Job instance at 0x146f69a1c6e0>,2,2,[10  1],5,5,7,0,5
1,<environment.Job instance at 0x146f6434b500>,4,2,[ 1 13],7,7,9,0,7
1,<environment.Job instance at 0x146f6426c780>,2,2,[2 8],4,4,6,0,4
1,<environment.Job instance at 0x146f6e6b6550>,3,1,[2 7],5,5,6,0,5
1,<environment.Job instance at 0x146f6e6b64b0>,4,2,[2 7],6,6,8,0,6
1,<environment.Job instance at 0x146f618876e0>,2,1,[2 7],3,3,4,0,3
1,<environment.Job instance at 0x146f65cc3690>,2,1,[2 5],3,3,4,0,3
1,<environment.Job instance at 0x146f61316230>,3,1,[6 2],4,4,5,0,4
1,<environment.Job instance at 0x146f624f2f50>,4,2,[8 1],7,7,9,0,7
1,<environment.Job instance at 0x146f5f878c30>,5,2,[ 1 10],8,8,10,0,8
1,<environment.Job instance at 0x146f5b967b90>,2,2,[10  1],5,5,7,0,5
1,<environment.Job instance at 0x146f5ba00960>,4,2,[ 1 13],7,7,9,0,7
1,<environment.Job instance at 0x146f5b990c80>,2,2,[2 8],4,4,6,0,4
1,<environment.Job instance at 0x146f5e9b96e0>,3,1,[2 7],5,5,6,0,5
1,<environment.Job instance at 0x146f5e9b9b90>,4,2,[2 7],6,6,8,0,6
1,<environment.Job instance at 0x146f616f9b90>,2,1,[2 7],3,3,4,0,3
1,<environment.Job instance at 0x146f7209d500>,2,1,[2 5],3,3,4,0,3
1,<environment.Job instance at 0x146f63f125a0>,3,1,[6 2],4,4,5,0,4
1,<environment.Job instance at 0x146f73a17a50>,4,2,[8 1],7,7,9,0,7
1,<environment.Job instance at 0x146f620c2d70>,5,2,[ 1 10],8,8,10,0,8
1,<environment.Job instance at 0x146f620c21e0>,2,2,[10  1],5,5,7,0,5
1,<environment.Job instance at 0x146f5c0aa2d0>,4,2,[ 1 13],7,7,9,0,7
1,<environment.Job instance at 0x146f5c119be0>,2,2,[2 8],4,4,6,0,4
1,<environment.Job instance at 0x146f61c94910>,3,1,[2 7],5,5,6,0,5
1,<environment.Job instance at 0x146f61c946e0>,4,2,[2 7],6,6,8,0,6
1,<environment.Job instance at 0x146f6478a730>,2,1,[2 7],3,3,4,0,3
1,<environment.Job instance at 0x146f6929e140>,2,1,[2 5],3,3,4,0,3
1,<environment.Job instance at 0x146f69418780>,3,1,[6 2],4,4,5,0,4
1,<environment.Job instance at 0x146f6ed92820>,4,2,[8 1],7,7,9,0,7
1,<environment.Job instance at 0x146f6b4974b0>,5,2,[ 1 10],8,8,10,0,8
1,<environment.Job instance at 0x146f78307aa0>,2,2,[10  1],5,5,7,0,5
1,<environment.Job instance at 0x146f637a8640>,4,2,[ 1 13],7,7,9,0,7
1,<environment.Job instance at 0x146f60339cd0>,2,2,[2 8],4,4,6,0,4
1,<environment.Job instance at 0x146f6de87d20>,3,1,[2 7],5,5,6,0,5
1,<environment.Job instance at 0x146f629a7050>,2,1,[2 7],3,3,4,0,3
1,<environment.Job instance at 0x146f6fabbf00>,2,1,[2 5],3,3,4,0,3
1,<environment.Job instance at 0x146f6fabb8c0>,3,1,[6 2],4,4,5,0,4
1,<environment.Job instance at 0x146f72750910>,4,2,[8 1],7,7,9,0,7
1,<environment.Job instance at 0x146f5e9c6050>,5,2,[ 1 10],8,8,10,0,8
1,<environment.Job instance at 0x146f5c531820>,2,2,[10  1],5,5,7,0,5
1,<environment.Job instance at 0x146f677f6230>,4,2,[ 1 13],7,7,9,0,7
1,<environment.Job instance at 0x146f6e8e4cd0>,2,2,[2 8],4,4,6,0,4
1,<environment.Job instance at 0x146f5e060050>,3,1,[2 7],5,5,6,0,5
1,<environment.Job instance at 0x146f5e060460>,4,2,[2 7],6,6,8,0,6
1,<environment.Job instance at 0x146f73f9e6e0>,2,1,[2 7],3,3,4,0,3
1,<environment.Job instance at 0x146f6c8e1960>,2,1,[2 5],3,3,4,0,3
1,<environment.Job instance at 0x146f5d637a50>,3,1,[6 2],4,4,5,0,4
1,<environment.Job instance at 0x146f6468e4b0>,4,2,[8 1],7,7,9,0,7
1,<environment.Job instance at 0x146f5fa38550>,2,2,[10  1],5,5,7,0,5
1,<environment.Job instance at 0x146f791db640>,4,2,[ 1 13],7,7,9,0,7
1,<environment.Job instance at 0x146f66427190>,2,2,[2 8],4,4,6,0,4
1,<environment.Job instance at 0x146f75124780>,3,1,[2 7],5,5,6,0,5
1,<environment.Job instance at 0x146f610738c0>,2,1,[2 7],3,3,4,0,3
1,<environment.Job instance at 0x146f763f6370>,2,1,[2 5],3,3,4,0,3
1,<environment.Job instance at 0x146f5b3097d0>,3,1,[6 2],4,4,5,0,4
1,<environment.Job instance at 0x146f5a52b690>,4,2,[8 1],7,7,9,0,7
1,<environment.Job instance at 0x146f5a6cdc80>,2,2,[10  1],5,5,7,0,5
1,<environment.Job instance at 0x146f615e4cd0>,4,2,[ 1 13],7,7,9,0,7
1,<environment.Job instance at 0x146f5d5ea050>,3,1,[2 7],5,5,6,0,5
1,<environment.Job instance at 0x146f601d51e0>,2,1,[2 7],3,3,4,0,3
1,<environment.Job instance at 0x146f77839870>,2,1,[2 5],3,3,4,0,3
1,<environment.Job instance at 0x146f6b174280>,3,1,[6 2],4,4,5,0,4
1,<environment.Job instance at 0x146f7481f3c0>,4,2,[8 1],7,7,9,0,7
1,<environment.Job instance at 0x146f77839050>,2,2,[10  1],5,5,7,0,5
1,<environment.Job instance at 0x146f696d6a50>,4,2,[ 1 13],7,7,9,0,7
1,<environment.Job instance at 0x146f61e4d690>,2,2,[2 8],4,4,6,0,4
1,<environment.Job instance at 0x146f5f4071e0>,3,1,[2 7],5,5,6,0,5
1,<environment.Job instance at 0x146f6eeab370>,2,1,[2 7],3,3,4,0,3
1,<environment.Job instance at 0x146f64b03d20>,2,1,[2 5],3,3,4,0,3
1,<environment.Job instance at 0x146f6873a5a0>,3,1,[6 2],4,4,5,0,4
1,<environment.Job instance at 0x146f7452ab40>,4,2,[8 1],7,7,9,0,7
1,<environment.Job instance at 0x146f79a6d280>,5,2,[ 1 10],8,8,10,0,8
1,<environment.Job instance at 0x146f71df1820>,2,2,[10  1],5,5,7,0,5
1,<environment.Job instance at 0x146f7400c2d0>,4,2,[ 1 13],7,7,9,0,7
1,<environment.Job instance at 0x146f5a206780>,2,2,[2 8],4,4,6,0,4
1,<environment.Job instance at 0x146f5a195dc0>,3,1,[2 7],5,5,6,0,5
1,<environment.Job instance at 0x146f5a195370>,4,2,[2 7],6,6,8,0,6
1,<environment.Job instance at 0x146f694a0370>,2,1,[2 7],3,3,4,0,3
1,<environment.Job instance at 0x146f8397d500>,2,1,[2 5],3,3,4,0,3
1,<environment.Job instance at 0x146f5ab2bfa0>,3,1,[6 2],4,4,5,0,4
1,<environment.Job instance at 0x146f5a73d550>,4,2,[8 1],7,7,9,0,7
1,<environment.Job instance at 0x146f6179cd20>,5,2,[ 1 10],8,8,10,0,8
1,<environment.Job instance at 0x146f6179c2d0>,2,2,[10  1],5,5,7,0,5
1,<environment.Job instance at 0x146f5d8fe640>,4,2,[ 1 13],7,7,9,0,7
1,<environment.Job instance at 0x146f5befb2d0>,2,2,[2 8],4,4,6,0,4
1,<environment.Job instance at 0x146f826ce3c0>,3,1,[2 7],5,5,6,0,5
1,<environment.Job instance at 0x146f63a4f6e0>,4,2,[2 7],6,6,8,0,6
1,<environment.Job instance at 0x146f65bf7c80>,2,1,[2 7],3,3,4,0,3
1,<environment.Job instance at 0x146f5e8bf690>,2,1,[2 5],3,3,4,0,3
1,<environment.Job instance at 0x146f7a1b5460>,3,1,[6 2],4,4,5,0,4
1,<environment.Job instance at 0x146fc8164c80>,4,2,[8 1],7,7,9,0,7
1,<environment.Job instance at 0x146f6de0ffa0>,5,2,[ 1 10],8,8,10,0,8
1,<environment.Job instance at 0x146f6f82e7d0>,2,2,[10  1],5,5,7,0,5
1,<environment.Job instance at 0x146f79a4d0f0>,4,2,[ 1 13],7,7,9,0,7
1,<environment.Job instance at 0x146f5e073690>,2,2,[2 8],4,4,6,0,4
1,<environment.Job instance at 0x146f813e9e60>,3,1,[2 7],5,5,6,0,5
1,<environment.Job instance at 0x146f6cb4c7d0>,4,2,[2 7],6,6,8,0,6
1,<environment.Job instance at 0x146f61973af0>,2,1,[2 7],3,3,4,0,3
1,<environment.Job instance at 0x146f5a949f00>,2,1,[2 5],3,3,4,0,3
1,<environment.Job instance at 0x146f5afd2af0>,3,1,[6 2],4,4,5,0,4
1,<environment.Job instance at 0x146f5a932aa0>,4,2,[8 1],7,7,9,0,7
1,<environment.Job instance at 0x146f7b302be0>,5,2,[ 1 10],8,8,10,0,8
1,<environment.Job instance at 0x146f6d446140>,2,2,[10  1],5,5,7,0,5
1,<environment.Job instance at 0x146f769ef4b0>,4,2,[ 1 13],7,7,9,0,7
1,<environment.Job instance at 0x146f6a064320>,5,3,[6 1],9,9,12,0,9
1,<environment.Job instance at 0x146f6f0a7280>,2,2,[2 8],4,4,6,0,4
1,<environment.Job instance at 0x146f62a9c8c0>,3,1,[2 7],5,5,6,0,5
1,<environment.Job instance at 0x146f62a9c0f0>,4,2,[2 7],6,6,8,0,6
1,<environment.Job instance at 0x146f94eb2c80>,2,1,[2 7],3,3,4,0,3
1,<environment.Job instance at 0x146f6071f0a0>,2,1,[2 5],3,3,4,0,3
1,<environment.Job instance at 0x146f63606eb0>,3,1,[6 2],4,4,5,0,4
1,<environment.Job instance at 0x146f6bf17730>,4,2,[8 1],7,7,9,0,7
1,<environment.Job instance at 0x146f81ff39b0>,5,2,[ 1 10],8,8,10,0,8
1,<environment.Job instance at 0x146f5f8d47d0>,2,2,[10  1],5,5,7,0,5
1,<environment.Job instance at 0x146f5ccec410>,4,2,[ 1 13],7,7,9,0,7
1,<environment.Job instance at 0x146f76127b40>,5,3,[6 1],9,9,12,0,9
1,<environment.Job instance at 0x146f81ff3cd0>,2,2,[2 8],4,4,6,0,4
1,<environment.Job instance at 0x146f5ba5fb40>,3,1,[2 7],5,5,6,0,5
1,<environment.Job instance at 0x146f5ba5f820>,4,2,[2 7],6,6,8,0,6
1,<environment.Job instance at 0x146f80609a50>,2,1,[2 7],3,3,4,0,3
1,<environment.Job instance at 0x146f650a86e0>,2,1,[2 5],3,3,4,0,3
1,<environment.Job instance at 0x146f7349c730>,3,1,[6 2],4,4,5,0,4
1,<environment.Job instance at 0x146f695eac80>,4,2,[8 1],7,7,9,0,7
1,<environment.Job instance at 0x146f695ea0f0>,5,2,[ 1 10],8,8,10,0,8
1,<environment.Job instance at 0x146f5f696730>,2,2,[10  1],5,5,7,0,5
1,<environment.Job instance at 0x146f59773fa0>,4,2,[ 1 13],7,7,9,0,7
1,<environment.Job instance at 0x146f59773f00>,5,3,[6 1],9,9,12,0,9
1,<environment.Job instance at 0x146f59774960>,2,2,[2 8],4,4,6,0,4
1,<environment.Job instance at 0x146f59773f00>,3,1,[2 7],5,5,6,0,5
1,<environment.Job instance at 0x146f76205aa0>,2,1,[2 7],3,3,4,0,3
1,<environment.Job instance at 0x146f6732e1e0>,2,1,[2 5],3,3,4,0,3
1,<environment.Job instance at 0x146f5c2f36e0>,3,1,[6 2],4,4,5,0,4
1,<environment.Job instance at 0x146f77e01c80>,4,2,[8 1],7,7,9,0,7
1,<environment.Job instance at 0x146f5e5bef00>,2,2,[10  1],5,5,7,0,5
1,<environment.Job instance at 0x146f5e946690>,4,2,[ 1 13],7,7,9,0,7
1,<environment.Job instance at 0x146f5f940410>,3,1,[2 7],5,5,6,0,5
1,<environment.Job instance at 0x146f5a7f0690>,2,1,[2 7],3,3,4,0,3
1,<environment.Job instance at 0x146f61848f00>,2,1,[2 5],3,3,4,0,3
1,<environment.Job instance at 0x146f5bfd33c0>,3,1,[6 2],4,4,5,0,4
1,<environment.Job instance at 0x146f5f227640>,4,2,[8 1],7,7,9,0,7
1,<environment.Job instance at 0x146f67e31be0>,2,2,[10  1],5,5,7,0,5
1,<environment.Job instance at 0x146f6d94e5a0>,4,2,[ 1 13],7,7,9,0,7
1,<environment.Job instance at 0x146f5f1f40a0>,2,2,[2 8],4,4,6,0,4
1,<environment.Job instance at 0x146f62d3b410>,3,1,[2 7],5,5,6,0,5
1,<environment.Job instance at 0x146f5d595f00>,2,1,[2 7],3,3,4,0,3
1,<environment.Job instance at 0x146f5926bdc0>,2,1,[2 5],3,3,4,0,3
1,<environment.Job instance at 0x146f5dd9b780>,3,1,[6 2],4,4,5,0,4
1,<environment.Job instance at 0x146f6d328c30>,4,2,[8 1],7,7,9,0,7
1,<environment.Job instance at 0x146f677dde10>,5,2,[ 1 10],8,8,10,0,8
1,<environment.Job instance at 0x146f5d0b5190>,2,2,[10  1],5,5,7,0,5
1,<environment.Job instance at 0x146f82c892d0>,4,2,[ 1 13],7,7,9,0,7
1,<environment.Job instance at 0x146f6b43e370>,2,2,[2 8],4,4,6,0,4
1,<environment.Job instance at 0x146f666d2460>,3,1,[2 7],5,5,6,0,5
1,<environment.Job instance at 0x146f5a5e5a50>,2,1,[2 7],3,3,4,0,3
1,<environment.Job instance at 0x146f5f926190>,2,1,[2 5],3,3,4,0,3
1,<environment.Job instance at 0x146f5f926eb0>,3,1,[6 2],4,4,5,0,4
1,<environment.Job instance at 0x146f5a0e0e60>,4,2,[8 1],7,7,9,0,7
1,<environment.Job instance at 0x146f5a224a50>,5,2,[ 1 10],8,8,10,0,8
1,<environment.Job instance at 0x146f5a0d7820>,2,2,[10  1],5,5,7,0,5
1,<environment.Job instance at 0x146f78984870>,4,2,[ 1 13],7,7,9,0,7
1,<environment.Job instance at 0x146f62d0e460>,2,2,[2 8],4,4,6,0,4
1,<environment.Job instance at 0x146f5c08a730>,3,1,[2 7],5,5,6,0,5
1,<environment.Job instance at 0x146f79807dc0>,2,1,[2 7],3,3,4,0,3
1,<environment.Job instance at 0x146f5c69d0a0>,2,1,[2 5],3,3,4,0,3
1,<environment.Job instance at 0x146f653cb190>,3,1,[6 2],4,4,5,0,4
1,<environment.Job instance at 0x146f6aa4f230>,4,2,[8 1],7,7,9,0,7
1,<environment.Job instance at 0x146f56070be0>,2,2,[10  1],5,5,7,0,5
1,<environment.Job instance at 0x146f627535a0>,4,2,[ 1 13],7,7,9,0,7
1,<environment.Job instance at 0x146f6871ed70>,2,2,[2 8],4,4,6,0,4
1,<environment.Job instance at 0x146f7090d190>,3,1,[2 7],5,5,6,0,5
1,<environment.Job instance at 0x146f5e74e410>,2,1,[2 7],3,3,4,0,3
1,<environment.Job instance at 0x146f5e3bc690>,2,1,[2 5],3,3,4,0,3
1,<environment.Job instance at 0x146f6a1689b0>,3,1,[6 2],4,4,5,0,4
1,<environment.Job instance at 0x146f6608a460>,4,2,[8 1],7,7,9,0,7
1,<environment.Job instance at 0x146f6035e280>,5,2,[ 1 10],8,8,10,0,8
1,<environment.Job instance at 0x146f6608a4b0>,2,2,[10  1],5,5,7,0,5
1,<environment.Job instance at 0x146f6f8b5460>,4,2,[ 1 13],7,7,9,0,7
1,<environment.Job instance at 0x146f67e959b0>,2,2,[2 8],4,4,6,0,4
1,<environment.Job instance at 0x146f6f4f2140>,3,1,[2 7],5,5,6,0,5
1,<environment.Job instance at 0x146f62e7a910>,2,1,[2 7],3,3,4,0,3
1,<environment.Job instance at 0x146f67e0b1e0>,2,1,[2 5],3,3,4,0,3
1,<environment.Job instance at 0x146f62491f00>,3,1,[6 2],4,4,5,0,4
1,<environment.Job instance at 0x146f8363a780>,4,2,[8 1],7,7,9,0,7
1,<environment.Job instance at 0x146f5e2c7960>,2,2,[10  1],5,5,7,0,5
1,<environment.Job instance at 0x146f7241fa00>,4,2,[ 1 13],7,7,9,0,7
1,<environment.Job instance at 0x146f60c2e960>,3,1,[2 7],5,5,6,0,5
1,<environment.Job instance at 0x146f743fec80>,2,1,[2 7],3,3,4,0,3
1,<environment.Job instance at 0x146f822b05a0>,2,1,[2 5],3,3,4,0,3
1,<environment.Job instance at 0x146f5f4d4aa0>,3,1,[6 2],4,4,5,0,4
1,<environment.Job instance at 0x146f5d5e6050>,4,2,[8 1],7,7,9,0,7
1,<environment.Job instance at 0x146f6666b0a0>,2,2,[10  1],5,5,7,0,5
1,<environment.Job instance at 0x146f5adaa280>,4,2,[ 1 13],7,7,9,0,7
1,<environment.Job instance at 0x146f59f890a0>,3,1,[2 7],5,5,6,0,5
1,<environment.Job instance at 0x146f7a38e050>,2,1,[2 7],3,3,4,0,3
1,<environment.Job instance at 0x146f730e3690>,2,1,[2 5],3,3,4,0,3
1,<environment.Job instance at 0x146f62377cd0>,3,1,[6 2],4,4,5,0,4
1,<environment.Job instance at 0x146f6b324eb0>,4,2,[8 1],7,7,9,0,7
1,<environment.Job instance at 0x146f5cfba870>,2,2,[10  1],5,5,7,0,5
1,<environment.Job instance at 0x146f7b7e3c80>,4,2,[ 1 13],7,7,9,0,7
1,<environment.Job instance at 0x146f72e6ab40>,3,1,[2 7],5,5,6,0,5
1,<environment.Job instance at 0x146f6dcfbe10>,2,1,[2 7],3,3,4,0,3
1,<environment.Job instance at 0x146f6245ec30>,2,1,[2 5],3,3,4,0,3
1,<environment.Job instance at 0x146f79d965f0>,3,1,[6 2],4,4,5,0,4
1,<environment.Job instance at 0x146f5c62cc30>,4,2,[8 1],7,7,9,0,7
1,<environment.Job instance at 0x146f62a98820>,2,2,[10  1],5,5,7,0,5
1,<environment.Job instance at 0x146f71694730>,4,2,[ 1 13],7,7,9,0,7
1,<environment.Job instance at 0x146f5a4b2b40>,3,1,[2 7],5,5,6,0,5
1,<environment.Job instance at 0x146f5a200b40>,2,1,[2 7],3,3,4,0,3
1,<environment.Job instance at 0x146f65741aa0>,2,1,[2 5],3,3,4,0,3
1,<environment.Job instance at 0x146f65741870>,3,1,[6 2],4,4,5,0,4
1,<environment.Job instance at 0x146f59775280>,4,2,[8 1],7,7,9,0,7
1,<environment.Job instance at 0x146f70ef7eb0>,2,2,[10  1],5,5,7,0,5
1,<environment.Job instance at 0x146f5b088730>,4,2,[ 1 13],7,7,9,0,7
1,<environment.Job instance at 0x146f6656a690>,2,2,[2 8],4,4,6,0,4
1,<environment.Job instance at 0x146fc80038c0>,3,1,[2 7],5,5,6,0,5
1,<environment.Job instance at 0x146f5e49d3c0>,2,1,[2 7],3,3,4,0,3
1,<environment.Job instance at 0x146f750e6cd0>,2,1,[2 5],3,3,4,0,3
1,<environment.Job instance at 0x146f67486e10>,3,1,[6 2],4,4,5,0,4
1,<environment.Job instance at 0x146f72d57960>,4,2,[8 1],7,7,9,0,7
1,<environment.Job instance at 0x146f5d48b7d0>,2,2,[10  1],5,5,7,0,5
1,<environment.Job instance at 0x146f5c1048c0>,4,2,[ 1 13],7,7,9,0,7
1,<environment.Job instance at 0x146f6373c7d0>,2,2,[2 8],4,4,6,0,4
1,<environment.Job instance at 0x146f63390f50>,3,1,[2 7],5,5,6,0,5
1,<environment.Job instance at 0x146f692f4a50>,2,1,[2 7],3,3,4,0,3
1,<environment.Job instance at 0x146f5c6cfaf0>,2,1,[2 5],3,3,4,0,3
1,<environment.Job instance at 0x146f6ba1c320>,3,1,[6 2],4,4,5,0,4
1,<environment.Job instance at 0x146f5f45fd20>,4,2,[8 1],7,7,9,0,7
1,<environment.Job instance at 0x146f5ba1fc30>,2,2,[10  1],5,5,7,0,5
1,<environment.Job instance at 0x146f5c5e6aa0>,4,2,[ 1 13],7,7,9,0,7
1,<environment.Job instance at 0x146f5bc03230>,2,2,[2 8],4,4,6,0,4
1,<environment.Job instance at 0x146f587f80f0>,3,1,[2 7],5,5,6,0,5
1,<environment.Job instance at 0x146f5893e4b0>,2,1,[2 7],3,3,4,0,3
1,<environment.Job instance at 0x146f71566b40>,2,1,[2 5],3,3,4,0,3
1,<environment.Job instance at 0x146f6fec2b40>,3,1,[6 2],4,4,5,0,4
1,<environment.Job instance at 0x146f59e6d6e0>,4,2,[8 1],7,7,9,0,7
1,<environment.Job instance at 0x146f5c9596e0>,2,2,[10  1],5,5,7,0,5
1,<environment.Job instance at 0x146f5d0a21e0>,4,2,[ 1 13],7,7,9,0,7
1,<environment.Job instance at 0x146f5de6a4b0>,2,2,[2 8],4,4,6,0,4
1,<environment.Job instance at 0x146f653d9370>,3,1,[2 7],5,5,6,0,5
1,<environment.Job instance at 0x146f5c52b0f0>,2,1,[2 7],3,3,4,0,3
1,<environment.Job instance at 0x146f62a0af00>,2,1,[2 5],3,3,4,0,3
1,<environment.Job instance at 0x146f589d7d20>,3,1,[6 2],4,4,5,0,4
1,<environment.Job instance at 0x146f7a7b7cd0>,4,2,[8 1],7,7,9,0,7
1,<environment.Job instance at 0x146f72ef4e10>,2,2,[10  1],5,5,7,0,5
1,<environment.Job instance at 0x146f6694a550>,4,2,[ 1 13],7,7,9,0,7
1,<environment.Job instance at 0x146f5d4a2f00>,3,1,[2 7],5,5,6,0,5
1,<environment.Job instance at 0x146f642ef370>,2,1,[2 7],3,3,4,0,3
1,<environment.Job instance at 0x146f79ef7dc0>,2,1,[2 5],3,3,4,0,3
1,<environment.Job instance at 0x146fccb02960>,3,1,[6 2],4,4,5,0,4
1,<environment.Job instance at 0x146f5b34ea50>,4,2,[8 1],7,7,9,0,7
1,<environment.Job instance at 0x146f5e583410>,2,2,[10  1],5,5,7,0,5
1,<environment.Job instance at 0x146f6bcc9690>,4,2,[ 1 13],7,7,9,0,7
1,<environment.Job instance at 0x146f73f920f0>,3,1,[2 7],5,5,6,0,5
1,<environment.Job instance at 0x146f708bd960>,2,1,[2 7],3,3,4,0,3
1,<environment.Job instance at 0x146f5d967320>,2,1,[2 5],3,3,4,0,3
1,<environment.Job instance at 0x146f5a9b5140>,3,1,[6 2],4,4,5,0,4
1,<environment.Job instance at 0x146f6ae7bd20>,4,2,[8 1],7,7,9,0,7
1,<environment.Job instance at 0x146f824c3b90>,2,2,[10  1],5,5,7,0,5
1,<environment.Job instance at 0x146f66897af0>,4,2,[ 1 13],7,7,9,0,7
1,<environment.Job instance at 0x146f577f4af0>,3,1,[2 7],5,5,6,0,5
1,<environment.Job instance at 0x146f577f4eb0>,2,1,[2 7],3,3,4,0,3
1,<environment.Job instance at 0x146f5b7a70f0>,2,1,[2 5],3,3,4,0,3
1,<environment.Job instance at 0x146f5b7a70a0>,3,1,[6 2],4,4,5,0,4
1,<environment.Job instance at 0x146f6b7360a0>,4,2,[8 1],7,7,9,0,7
1,<environment.Job instance at 0x146f78bbd3c0>,2,2,[10  1],5,5,7,0,5
1,<environment.Job instance at 0x146f5dcbe7d0>,4,2,[ 1 13],7,7,9,0,7
1,<environment.Job instance at 0x146f67175960>,3,1,[2 7],5,5,6,0,5
1,<environment.Job instance at 0x146f801214b0>,2,1,[2 7],3,3,4,0,3
1,<environment.Job instance at 0x146f7578a3c0>,2,1,[2 5],3,3,4,0,3
1,<environment.Job instance at 0x146f58327f00>,3,1,[6 2],4,4,5,0,4
1,<environment.Job instance at 0x146f649ec820>,4,2,[8 1],7,7,9,0,7
1,<environment.Job instance at 0x146f6042c370>,2,2,[10  1],5,5,7,0,5
1,<environment.Job instance at 0x146f6e505140>,4,2,[ 1 13],7,7,9,0,7
1,<environment.Job instance at 0x146f6275fdc0>,3,1,[2 7],5,5,6,0,5
1,<environment.Job instance at 0x146f77ddea00>,2,1,[2 7],3,3,4,0,3
1,<environment.Job instance at 0x146f608a2280>,2,1,[2 5],3,3,4,0,3
1,<environment.Job instance at 0x146f586a3b40>,3,1,[6 2],4,4,5,0,4
1,<environment.Job instance at 0x146f6f53c280>,4,2,[8 1],7,7,9,0,7
1,<environment.Job instance at 0x146f568325a0>,2,2,[10  1],5,5,7,0,5
1,<environment.Job instance at 0x146f63695be0>,4,2,[ 1 13],7,7,9,0,7
1,<environment.Job instance at 0x146f772a9cd0>,3,1,[2 7],5,5,6,0,5
1,<environment.Job instance at 0x146f757ea230>,2,1,[2 7],3,3,4,0,3
1,<environment.Job instance at 0x146f761701e0>,2,1,[2 5],3,3,4,0,3
1,<environment.Job instance at 0x146f5d32f6e0>,3,1,[6 2],4,4,5,0,4
1,<environment.Job instance at 0x146f766a5050>,4,2,[8 1],7,7,9,0,7
1,<environment.Job instance at 0x146f78c9c230>,2,2,[10  1],5,5,7,0,5
1,<environment.Job instance at 0x146f5fb801e0>,4,2,[ 1 13],7,7,9,0,7
1,<environment.Job instance at 0x146f5ad84730>,3,1,[2 7],5,5,6,0,5
1,<environment.Job instance at 0x146fce076a50>,2,1,[2 7],3,3,4,0,3
1,<environment.Job instance at 0x146f581b4e10>,2,1,[2 5],3,3,4,0,3
1,<environment.Job instance at 0x146f55d002d0>,3,1,[6 2],4,4,5,0,4
1,<environment.Job instance at 0x146f65172aa0>,4,2,[8 1],7,7,9,0,7
1,<environment.Job instance at 0x146f5c09b910>,2,2,[10  1],5,5,7,0,5
1,<environment.Job instance at 0x146f648eb910>,4,2,[ 1 13],7,7,9,0,7
1,<environment.Job instance at 0x146f5f5b13c0>,3,1,[2 7],5,5,6,0,5
1,<environment.Job instance at 0x146f745a07d0>,2,1,[2 7],3,3,4,0,3
1,<environment.Job instance at 0x146f6fa8b9b0>,2,1,[2 5],3,3,4,0,3
1,<environment.Job instance at 0x146f60625050>,3,1,[6 2],4,4,5,0,4
1,<environment.Job instance at 0x146f67227370>,2,2,[10  1],5,5,7,0,5
1,<environment.Job instance at 0x146f626ad190>,4,2,[ 1 13],7,7,9,0,7
1,<environment.Job instance at 0x146f5eb59910>,3,1,[2 7],5,5,6,0,5
1,<environment.Job instance at 0x146f6096f9b0>,2,1,[2 7],3,3,4,0,3
1,<environment.Job instance at 0x146f6a907b90>,2,1,[2 5],3,3,4,0,3
1,<environment.Job instance at 0x146f79cafaa0>,3,1,[6 2],4,4,5,0,4
1,<environment.Job instance at 0x146f75572550>,4,2,[8 1],7,7,9,0,7
1,<environment.Job instance at 0x146f76278d70>,2,2,[10  1],5,5,7,0,5
1,<environment.Job instance at 0x146f58cf2730>,4,2,[ 1 13],7,7,9,0,7
1,<environment.Job instance at 0x146f678950f0>,3,1,[2 7],5,5,6,0,5
1,<environment.Job instance at 0x146f6da34690>,2,1,[2 7],3,3,4,0,3
1,<environment.Job instance at 0x146f6384baa0>,2,1,[2 5],3,3,4,0,3
1,<environment.Job instance at 0x146f576fa690>,3,1,[6 2],4,4,5,0,4
1,<environment.Job instance at 0x146f57645640>,4,2,[8 1],7,7,9,0,7
1,<environment.Job instance at 0x146f706b7af0>,2,2,[10  1],5,5,7,0,5
1,<environment.Job instance at 0x146f942ce0a0>,4,2,[ 1 13],7,7,9,0,7
1,<environment.Job instance at 0x146f6ca3e7d0>,3,1,[2 7],5,5,6,0,5
1,<environment.Job instance at 0x146f57688690>,2,1,[2 7],3,3,4,0,3
1,<environment.Job instance at 0x146f566cfaf0>,2,1,[2 5],3,3,4,0,3
1,<environment.Job instance at 0x146f6a85a870>,3,1,[6 2],4,4,5,0,4
1,<environment.Job instance at 0x146f5d704eb0>,4,2,[8 1],7,7,9,0,7
1,<environment.Job instance at 0x146f6812d3c0>,2,2,[10  1],5,5,7,0,5
1,<environment.Job instance at 0x146f6812d4b0>,4,2,[ 1 13],7,7,9,0,7
1,<environment.Job instance at 0x146f659a4e60>,3,1,[2 7],5,5,6,0,5
1,<environment.Job instance at 0x146f6b8a4b40>,2,1,[2 7],3,3,4,0,3
1,<environment.Job instance at 0x146f566cf9b0>,2,1,[2 5],3,3,4,0,3
1,<environment.Job instance at 0x146f5d64a0a0>,3,1,[6 2],4,4,5,0,4
1,<environment.Job instance at 0x146fce282a00>,4,2,[8 1],7,7,9,0,7
1,<environment.Job instance at 0x146f781a75a0>,2,2,[10  1],5,5,7,0,5
1,<environment.Job instance at 0x146f586d9d70>,4,2,[ 1 13],7,7,9,0,7
1,<environment.Job instance at 0x146f7525c1e0>,3,1,[2 7],5,5,6,0,5
1,<environment.Job instance at 0x146f5f4a7c30>,2,1,[2 7],3,3,4,0,3
1,<environment.Job instance at 0x146f78d668c0>,2,1,[2 5],3,3,4,0,3
1,<environment.Job instance at 0x146f6d6833c0>,3,1,[6 2],4,4,5,0,4
1,<environment.Job instance at 0x146f6050afa0>,4,2,[8 1],7,7,9,0,7
1,<environment.Job instance at 0x146f5ae3c690>,5,2,[ 1 10],8,8,10,0,8
1,<environment.Job instance at 0x146f5ae3c9b0>,2,2,[10  1],5,5,7,0,5
1,<environment.Job instance at 0x146f585307d0>,4,2,[ 1 13],7,7,9,0,7
1,<environment.Job instance at 0x146f57f5a780>,2,2,[2 8],4,4,6,0,4
1,<environment.Job instance at 0x146f58a636e0>,3,1,[2 7],5,5,6,0,5
1,<environment.Job instance at 0x146f5c6659b0>,2,1,[2 7],3,3,4,0,3
1,<environment.Job instance at 0x146f690887d0>,2,1,[2 5],3,3,4,0,3
1,<environment.Job instance at 0x146f65158d20>,3,1,[6 2],4,4,5,0,4
1,<environment.Job instance at 0x146f575c7280>,4,2,[8 1],7,7,9,0,7
1,<environment.Job instance at 0x146f5c717640>,2,2,[10  1],5,5,7,0,5
1,<environment.Job instance at 0x146f57c8a320>,4,2,[ 1 13],7,7,9,0,7
1,<environment.Job instance at 0x146f65db32d0>,3,1,[2 7],5,5,6,0,5
1,<environment.Job instance at 0x146f5827c2d0>,2,1,[2 7],3,3,4,0,3
